Date,Open,High,Low,Close,Volume,Dividends,Stock Splits
2008-08-20 00:00:00+08:00,17.96093856405351,18.024181365966797,17.51823895066051,18.024181365966797,31806,0.0,0.0
2008-08-21 00:00:00+08:00,18.024181995126266,18.024181995126266,17.834453582763672,17.834453582763672,27534,0.0,0.0
2008-08-22 00:00:00+08:00,16.822566825010068,17.64472198486328,16.6328384469006,17.64472198486328,298603,0.0,0.0
2008-08-25 00:00:00+08:00,17.26526664707525,17.26526664707525,16.443111419677734,16.443111419677734,53169,0.0,0.0
2008-08-26 00:00:00+08:00,15.810684034554216,16.759326038669343,15.810684034554216,16.25338363647461,329460,0.0,0.0
2008-08-27 00:00:00+08:00,16.506355915656215,16.569598720061155,16.316627502441406,16.316627502441406,125802,0.0,0.0
2008-08-28 00:00:00+08:00,16.696080083857552,16.696080083857552,16.3166233539056,16.632837295532227,5221,0.0,0.0
2008-08-29 00:00:00+08:00,16.63283981337437,16.63283981337437,16.443111419677734,16.443111419677734,1898,0.0,0.0
2008-09-01 00:00:00+08:00,16.126896974396335,16.253382566619287,16.126896974396335,16.190139770507812,133398,0.0,0.0
2008-09-02 00:00:00+08:00,15.810684204101564,16.822569019342072,15.810684204101564,15.810684204101562,3797,0.0,0.0
2008-09-03 00:00:00+08:00,14.92528613885402,16.190139770507812,14.92528613885402,16.190139770507812,55543,0.0,0.0
2008-09-04 00:00:00+08:00,15.30474177023501,16.190139770507812,15.178256178012058,16.190139770507812,155235,0.0,0.0
2008-09-05 00:00:00+08:00,15.11501513873744,15.367986352586504,15.11501513873744,15.178257942199707,297179,0.0,0.0
2008-09-08 00:00:00+08:00,15.304741859436035,15.810683085988769,15.05177067351573,15.304741859436035,181345,0.0,0.0
2008-09-09 00:00:00+08:00,14.672314165534566,15.178255361936008,14.419342994689941,14.419342994689941,145741,0.0,0.0
2008-09-10 00:00:00+08:00,15.05177153327588,15.115014333368398,13.47070382153883,14.292859077453613,98268,0.0,0.0
2008-09-11 00:00:00+08:00,14.292859251106831,14.292859251106831,13.66043124249788,13.850159645080566,142892,0.0,0.0
2008-09-12 00:00:00+08:00,13.850159645080565,13.850159645080565,13.850159645080565,13.850159645080566,949,0.0,0.0
2008-09-15 00:00:00+08:00,13.407461345351399,13.407461345351399,12.901518932388415,12.964761734008789,36079,0.0,0.0
2008-09-16 00:00:00+08:00,12.066712379455566,12.522059303312485,12.066712379455566,12.066712379455566,104439,0.0,0.0
2008-09-17 00:00:00+08:00,11.44693429852029,11.44693429852029,11.231908798217773,11.231908798217773,189416,0.0,0.0
2008-09-18 00:00:00+08:00,10.447698593139648,10.447698593139648,10.447698593139648,10.447698593139648,2373,0.0,0.0
2008-09-19 00:00:00+08:00,9.865866326761463,11.16866683959961,9.726733314385434,11.16866683959961,216950,0.0,0.0
2008-09-22 00:00:00+08:00,11.876987563304903,11.940230369567871,11.876987563304903,11.940230369567871,43200,0.0,0.0
2008-09-23 00:00:00+08:00,12.382927637275646,12.775032997131348,11.940229182726503,12.775032997131348,176598,0.0,0.0
2008-09-24 00:00:00+08:00,12.775031079381575,13.660429000854494,12.775031079381575,13.660429000854492,8070,0.0,0.0
2008-09-25 00:00:00+08:00,14.609068870544434,14.609068870544434,14.609068870544434,14.609068870544434,1898,0.0,0.0
2008-09-26 00:00:00+08:00,15.620954513549803,15.620954513549803,15.051769393628271,15.620954513549805,148114,0.0,0.0
2008-09-29 00:00:00+08:00,15.620954513549803,15.620954513549803,15.620954513549803,15.620954513549805,0,0.0,0.0
2008-09-30 00:00:00+08:00,14.545827064809133,15.620954513549803,14.545827064809133,15.620954513549805,43674,0.0,0.0
2008-10-01 00:00:00+08:00,16.190140671790726,16.696083068847656,14.6723157711958,16.696083068847656,46997,0.0,0.0
2008-10-02 00:00:00+08:00,16.696084049895354,17.771210561526917,16.443112836502515,17.70796775817871,112510,0.0,0.0
2008-10-03 00:00:00+08:00,16.69608203168448,17.581480026245117,16.506353644574087,17.581480026245117,21362,0.0,0.0
2008-10-06 00:00:00+08:00,17.39175081405066,17.64472198486328,16.379867276087978,17.64472198486328,11868,0.0,0.0
2008-10-07 00:00:00+08:00,16.56959380013737,18.087419509887695,16.506351014510784,18.087419509887695,136721,0.0,0.0
2008-10-08 00:00:00+08:00,16.822568426935078,17.518238067626953,16.822568426935078,17.518238067626953,16615,0.0,0.0
2008-10-09 00:00:00+08:00,16.632839883788996,17.9609375,16.316625892955923,17.9609375,65037,0.0,0.0
2008-10-13 00:00:00+08:00,17.51823934813408,18.340395791660807,17.39175374143766,17.70796775817871,158084,0.0,0.0
2008-10-14 00:00:00+08:00,17.70796775817871,17.771210561526917,17.20202647668103,17.70796775817871,115833,0.0,0.0
2008-10-15 00:00:00+08:00,17.454993606753817,18.909576693638584,17.328508021347506,17.64472198486328,185143,0.0,0.0
2008-10-16 00:00:00+08:00,18.277150676917397,18.277150676917397,17.075538635253906,17.075538635253906,248756,0.0,0.0
2008-10-17 00:00:00+08:00,16.50635528564453,16.949054899582208,16.50635528564453,16.50635528564453,108237,0.0,0.0
2008-10-20 00:00:00+08:00,15.937167167663572,15.937167167663572,15.937167167663572,15.937167167663574,29907,0.0,0.0
2008-10-21 00:00:00+08:00,15.43122673034668,15.43122673034668,15.43122673034668,15.43122673034668,2848,0.0,0.0
2008-10-22 00:00:00+08:00,14.925283432006836,14.925283432006836,14.925283432006836,14.925283432006836,2373,0.0,0.0
2008-10-23 00:00:00+08:00,14.419342994689941,14.419342994689941,14.419342994689941,14.419342994689941,9969,0.0,0.0
2008-10-24 00:00:00+08:00,14.419342994689941,14.419342994689941,14.419342994689941,14.419342994689941,0,0.0,0.0
2008-10-27 00:00:00+08:00,13.470702249310404,14.419342994689941,13.470702249310404,14.419342994689941,3323,0.0,0.0
2008-10-28 00:00:00+08:00,13.47070382153883,14.292859077453615,13.47070382153883,14.292859077453613,3323,0.0,0.0
2008-10-29 00:00:00+08:00,14.292855585589091,14.925283432006836,14.292855585589091,14.925283432006836,1898,0.0,0.0
2008-10-30 00:00:00+08:00,15.494471344626861,15.810684204101564,15.494471344626861,15.810684204101562,2848,0.0,0.0
2008-10-31 00:00:00+08:00,15.810684204101564,15.810684204101564,15.810684204101564,15.810684204101562,474,0.0,0.0
2008-11-03 00:00:00+08:00,16.443111419677734,16.443111419677734,16.443111419677734,16.443111419677734,949,0.0,0.0
2008-11-04 00:00:00+08:00,15.36798465591611,15.36798465591611,15.304741859436035,15.304741859436035,1898,0.0,0.0
2008-11-05 00:00:00+08:00,14.356101693557017,15.684199333190918,14.292858894275026,15.684199333190918,1898,0.0,0.0
2008-11-06 00:00:00+08:00,15.810679435665833,15.937166144710982,14.609068870544434,14.609068870544434,2373,0.0,0.0
2008-11-07 00:00:00+08:00,15.178257942199707,15.178257942199707,15.178257942199707,15.178257942199707,2373,0.0,0.0
2008-11-10 00:00:00+08:00,14.166376113891602,14.166376113891602,14.166376113891602,14.166376113891602,1424,0.0,0.0
2008-11-11 00:00:00+08:00,14.419342994689941,14.419342994689941,14.419342994689941,14.419342994689941,949,0.0,0.0
2008-11-12 00:00:00+08:00,14.9252838827175,14.9252838827175,14.67231273651123,14.67231273651123,949,0.0,0.0
2008-11-13 00:00:00+08:00,14.925283432006836,14.925283432006836,14.925283432006836,14.925283432006836,474,0.0,0.0
2008-11-14 00:00:00+08:00,13.913401935495994,15.304742358103175,13.913401935495994,15.05177116394043,5221,0.0,0.0
2008-11-17 00:00:00+08:00,14.039884870995559,14.67231273651123,14.039884870995559,14.67231273651123,9019,0.0,0.0
2008-11-18 00:00:00+08:00,14.67231273651123,14.67231273651123,14.67231273651123,14.67231273651123,1898,0.0,0.0
2008-11-19 00:00:00+08:00,13.9134001528372,14.54582691192627,13.9134001528372,14.54582691192627,2373,0.0,0.0
2008-11-20 00:00:00+08:00,14.54582691192627,14.54582691192627,14.54582691192627,14.54582691192627,0,0.0,0.0
2008-11-21 00:00:00+08:00,13.660431076528441,14.292859077453615,13.660431076528441,14.292859077453613,1424,0.0,0.0
2008-11-24 00:00:00+08:00,14.292856895463302,15.115012025865422,14.292856895463302,14.54582691192627,10443,0.0,0.0
2008-11-25 00:00:00+08:00,15.11501545985375,15.557715093494698,15.11501545985375,15.367986679077148,14716,0.0,0.0
2008-11-26 00:00:00+08:00,14.545827434824446,14.545827434824446,14.419342994689941,14.419342994689941,2848,0.0,0.0
2008-11-27 00:00:00+08:00,15.304741859436035,15.304741859436035,15.304741859436035,15.304741859436035,474,0.0,0.0
2008-11-28 00:00:00+08:00,15.304740947358322,15.304740947358322,14.419342994689941,14.419342994689941,24685,0.0,0.0
2008-12-01 00:00:00+08:00,13.660429000854494,13.660429000854494,13.660429000854494,13.660429000854492,474,0.0,0.0
2008-12-02 00:00:00+08:00,14.609068870544434,14.609068870544434,14.609068870544434,14.609068870544434,474,0.0,0.0
2008-12-03 00:00:00+08:00,15.30473899456982,15.30473899456982,14.925283432006836,14.925283432006836,1898,0.0,0.0
2008-12-04 00:00:00+08:00,13.913398877738445,14.925283432006836,13.913398877738445,14.925283432006836,949,0.0,0.0
2008-12-05 00:00:00+08:00,14.925283432006836,14.925283432006836,14.925283432006836,14.925283432006836,0,0.0,0.0
2008-12-08 00:00:00+08:00,14.925283432006836,14.925283432006836,14.925283432006836,14.925283432006836,0,0.0,0.0
2008-12-09 00:00:00+08:00,14.166373129658737,15.051771163940431,13.913401935495994,15.05177116394043,3323,0.0,0.0
2008-12-10 00:00:00+08:00,15.051771163940431,15.051771163940431,15.051771163940431,15.05177116394043,0,0.0,0.0
2008-12-11 00:00:00+08:00,14.039888381958006,14.482587998525108,14.039888381958006,14.039888381958008,3323,0.0,0.0
2008-12-12 00:00:00+08:00,13.15448748643909,13.15448748643909,13.0912446975708,13.0912446975708,2373,0.0,0.0
2008-12-15 00:00:00+08:00,13.0912446975708,13.0912446975708,13.0912446975708,13.0912446975708,0,0.0,0.0
2008-12-16 00:00:00+08:00,12.180549964919983,13.40746021270752,12.180549964919983,13.40746021270752,1898,0.0,0.0
2008-12-17 00:00:00+08:00,12.496764677233754,13.028004197038253,12.496764677233754,12.775032997131348,11393,0.0,0.0
2008-12-18 00:00:00+08:00,12.016119980025655,12.079362777040942,12.016119980025655,12.028768539428711,8070,0.0,0.0
2008-12-19 00:00:00+08:00,11.320449940314743,11.383692741394041,11.257208284523404,11.383692741394043,7120,0.0,0.0
2008-12-22 00:00:00+08:00,11.383692741394041,11.383692741394041,11.383692741394041,11.383692741394043,0,0.0,0.0
2008-12-23 00:00:00+08:00,11.383692741394041,11.383692741394041,11.383692741394041,11.383692741394043,474,0.0,0.0
2008-12-24 00:00:00+08:00,11.636662483215332,11.636662483215332,11.636662483215332,11.636662483215332,949,0.0,0.0
2008-12-25 00:00:00+08:00,12.307036845078468,12.44616985321045,12.307036845078468,12.44616985321045,2848,0.0,0.0
2008-12-26 00:00:00+08:00,12.964760189298024,12.964760189298024,12.648546218872069,12.64854621887207,12342,0.0,0.0
2008-12-29 00:00:00+08:00,13.217732429504395,13.217732429504395,13.217732429504395,13.217732429504395,474,0.0,0.0
2008-12-30 00:00:00+08:00,13.217732429504395,13.217732429504395,13.217732429504395,13.217732429504395,474,0.0,0.0
2008-12-31 00:00:00+08:00,12.29438591003418,12.29438591003418,12.29438591003418,12.29438591003418,474,0.0,0.0
2009-01-02 00:00:00+08:00,12.29438591003418,12.29438591003418,12.29438591003418,12.29438591003418,0,0.0,0.0
2009-01-05 00:00:00+08:00,12.648546218872069,12.648546218872069,12.648546218872069,12.64854621887207,474,0.0,0.0
2009-01-06 00:00:00+08:00,12.648546218872069,12.648546218872069,12.648546218872069,12.64854621887207,0,0.0,0.0
2009-01-07 00:00:00+08:00,11.889636125119495,12.509415626525879,11.763150512587579,12.509415626525879,15665,0.0,0.0
2009-01-08 00:00:00+08:00,12.256441855898572,12.256441855898572,11.636662483215332,11.636662483215332,2848,0.0,0.0
2009-01-09 00:00:00+08:00,12.142605781555176,12.142605781555176,12.142605781555176,12.142605781555176,6171,0.0,0.0
2009-01-12 00:00:00+08:00,10.523591973214423,10.561537654515407,10.510943412780762,10.510943412780762,14241,0.0,0.0
2009-01-13 00:00:00+08:00,9.777327697353272,10.295917510986328,9.777327697353272,10.295917510986328,5221,0.0,0.0
2009-01-14 00:00:00+08:00,9.612895851452526,11.004236221313477,9.612895851452526,11.004236221313477,132923,0.0,0.0
2009-01-15 00:00:00+08:00,10.877749141882976,10.877749141882976,10.24532234561492,10.308565139770508,17090,0.0,0.0
2009-01-16 00:00:00+08:00,10.371808375310446,10.548888206481934,10.308565578463487,10.548888206481934,13292,0.0,0.0
2009-01-19 00:00:00+08:00,10.548888206481934,10.548888206481934,10.548888206481934,10.548888206481934,1424,0.0,0.0
2009-01-20 00:00:00+08:00,10.548888206481934,10.548888206481934,10.548888206481934,10.548888206481934,0,0.0,0.0
2009-01-21 00:00:00+08:00,10.49829443969802,10.814508438110352,10.49829443969802,10.814508438110352,21362,0.0,0.0
2009-02-02 00:00:00+08:00,10.814508438110352,10.814508438110352,10.814508438110352,10.814508438110352,14241,0.0,0.0
2009-02-03 00:00:00+08:00,11.244556218024213,11.244556218024213,10.688020830668894,10.751263618469238,7120,0.0,0.0
2009-02-04 00:00:00+08:00,11.06747817993164,11.06747817993164,11.06747817993164,11.06747817993164,949,0.0,0.0
2009-02-05 00:00:00+08:00,11.004236487262338,11.193964880277052,10.574185463095652,10.62477970123291,131499,0.0,0.0
2009-02-06 00:00:00+08:00,11.130720138549805,11.130720138549805,11.130720138549805,11.130720138549805,81178,0.0,0.0
2009-02-09 00:00:00+08:00,11.130720138549805,11.130720138549805,11.130720138549805,11.130720138549805,50321,0.0,0.0
2009-02-10 00:00:00+08:00,11.510176945103273,11.510176945103273,10.371807809272045,11.257206916809082,85450,0.0,0.0
2009-02-11 00:00:00+08:00,11.257207084831997,11.257207084831997,10.472996435022788,11.24455738067627,66936,0.0,0.0
2009-02-12 00:00:00+08:00,11.383692741394041,11.383692741394041,11.383692741394041,11.383692741394043,87824,0.0,0.0
2009-02-13 00:00:00+08:00,10.586832705332789,11.32044792175293,10.586832705332789,11.32044792175293,163306,0.0,0.0
2009-02-16 00:00:00+08:00,11.320448517949146,11.320448517949146,11.130720138549805,11.130720138549805,24211,0.0,0.0
2009-02-17 00:00:00+08:00,11.130720138549805,11.130720138549805,11.130720138549805,11.130720138549805,0,0.0,0.0
2009-02-18 00:00:00+08:00,11.383692741394041,11.383692741394041,11.383692741394041,11.383692741394043,41301,0.0,0.0
2009-02-19 00:00:00+08:00,11.383692741394041,11.383692741394041,11.383692741394041,11.383692741394043,0,0.0,0.0
2009-02-20 00:00:00+08:00,11.383692741394041,11.383692741394041,11.383692741394041,11.383692741394043,0,0.0,0.0
2009-02-23 00:00:00+08:00,11.32044792175293,11.32044792175293,11.32044792175293,11.32044792175293,474,0.0,0.0
2009-02-24 00:00:00+08:00,10.700671195983887,10.700671195983887,10.700671195983887,10.700671195983887,474,0.0,0.0
2009-02-25 00:00:00+08:00,11.345744678504767,11.345744678504767,10.700669388228963,10.751263618469238,47947,0.0,0.0
2009-02-26 00:00:00+08:00,10.751264783889642,10.86510181427002,10.004999806951602,10.86510181427002,16140,0.0,0.0
2009-02-27 00:00:00+08:00,10.371809116662382,10.827157286507683,10.371809116662382,10.435051918029785,1898,0.0,0.0
2009-03-02 00:00:00+08:00,10.01764825678642,10.801858901977539,10.01764825678642,10.801858901977539,1424,0.0,0.0
2009-03-03 00:00:00+08:00,10.801858901977539,10.801858901977539,10.801858901977539,10.801858901977539,0,0.0,0.0
2009-03-04 00:00:00+08:00,10.561536788940428,10.561536788940428,10.561536788940428,10.56153678894043,2373,0.0,0.0
2009-03-05 00:00:00+08:00,10.738617523061528,10.738617523061528,10.118838060514985,10.523591995239258,20887,0.0,0.0
2009-03-06 00:00:00+08:00,10.523591995239258,10.523591995239258,10.523591995239258,10.523591995239258,2848,0.0,0.0
2009-03-09 00:00:00+08:00,10.498293641814861,10.498293641814861,10.371808052062988,10.371808052062988,4747,0.0,0.0
2009-03-10 00:00:00+08:00,10.371808052062988,10.371808052062988,10.371808052062988,10.371808052062988,0,0.0,0.0
2009-03-11 00:00:00+08:00,10.498294874318992,10.991588732264198,10.498294874318992,10.523591995239258,13292,0.0,0.0
2009-03-12 00:00:00+08:00,10.510941954742151,11.257206916809082,10.359159250592946,11.257206916809082,5696,0.0,0.0
2009-03-13 00:00:00+08:00,11.51017823833595,11.864337921142578,10.903048498812534,11.864337921142578,46048,0.0,0.0
2009-03-16 00:00:00+08:00,11.51017585050102,12.066712379455566,11.51017585050102,12.066712379455566,3323,0.0,0.0
2009-03-17 00:00:00+08:00,12.05406466829505,12.05406466829505,11.231908374615886,11.510176658630371,44624,0.0,0.0
2009-03-18 00:00:00+08:00,11.510178909544685,12.269092559814453,11.25720883807611,12.269092559814453,7120,0.0,0.0
2009-03-19 00:00:00+08:00,12.129955998991184,12.129955998991184,11.573420524597168,11.573420524597168,42725,0.0,0.0
2009-03-20 00:00:00+08:00,11.573421257073997,12.205849274011356,11.38369285199279,11.446935653686523,80228,0.0,0.0
2009-03-23 00:00:00+08:00,12.079364671251476,12.079364671251476,12.016121864318848,12.016121864318848,43200,0.0,0.0
2009-03-24 00:00:00+08:00,11.826390556336905,11.97817325592041,11.459582365676768,11.97817325592041,78804,0.0,0.0
2009-03-25 00:00:00+08:00,11.826390388117382,11.889633178710938,11.826390388117382,11.889633178710938,48896,0.0,0.0
2009-03-26 00:00:00+08:00,11.522826286444268,11.978174429820378,11.522826286444268,11.573420524597168,81653,0.0,0.0
2009-03-27 00:00:00+08:00,11.699907302856447,12.142606931451883,11.57342169468632,11.699907302856445,57916,0.0,0.0
2009-03-30 00:00:00+08:00,11.889634015135401,12.332332435145942,11.69990563000752,11.826391220092773,165679,0.0,0.0
2009-03-31 00:00:00+08:00,12.104659518280332,12.104659518280332,11.826391220092773,11.826391220092773,37028,0.0,0.0
2009-04-02 00:00:00+08:00,12.395575828651317,12.395575828651317,12.142605781555176,12.142605781555176,48422,0.0,0.0
2009-04-03 00:00:00+08:00,12.155255404618753,12.205849647521973,11.510178807602687,12.205849647521973,12342,0.0,0.0
2009-04-06 00:00:00+08:00,12.205849647521973,12.37028093695744,12.205849647521973,12.205849647521973,34180,0.0,0.0
2009-04-07 00:00:00+08:00,12.19319911260352,12.19319911260352,11.661959648132324,11.661959648132324,2373,0.0,0.0
2009-04-08 00:00:00+08:00,11.510177772396656,11.763148964160957,11.510177772396656,11.59871768951416,35604,0.0,0.0
2009-04-09 00:00:00+08:00,11.699905437810557,12.129955291748047,11.573419849803111,12.129955291748047,33230,0.0,0.0
2009-04-10 00:00:00+08:00,12.12995528467865,12.648546195206945,11.914930930479137,12.635897636413574,44624,0.0,0.0
2009-04-13 00:00:00+08:00,12.635897636413572,12.635897636413572,12.193199223933345,12.635897636413574,13767,0.0,0.0
2009-04-14 00:00:00+08:00,12.218497276306152,12.218497276306152,12.218497276306152,12.218497276306152,949,0.0,0.0
2009-04-15 00:00:00+08:00,12.218496227499209,12.522060490419523,12.167901992797853,12.167901992797852,12342,0.0,0.0
2009-04-16 00:00:00+08:00,12.395577088233361,12.395577088233361,12.218498380858502,12.307038307189941,11868,0.0,0.0
2009-04-17 00:00:00+08:00,12.395574499068744,13.154487994817785,12.269090061731685,12.458818435668945,74532,0.0,0.0
2009-04-20 00:00:00+08:00,13.280974526574202,13.280974526574202,11.64931153939392,12.838274955749512,26109,0.0,0.0
2009-04-21 00:00:00+08:00,12.484114478044061,12.711788528066123,12.269090131644345,12.395574569702148,9019,0.0,0.0
2009-04-22 00:00:00+08:00,11.775796805784264,12.648546218872069,11.775796805784264,12.64854621887207,2373,0.0,0.0
2009-04-23 00:00:00+08:00,12.218498208247778,12.57265676328232,12.205849647521973,12.205849647521973,5221,0.0,0.0
2009-04-24 00:00:00+08:00,12.269090599648754,13.028002983383216,12.269090599648754,12.64854621887207,16615,0.0,0.0
2009-04-27 00:00:00+08:00,12.39557613531951,12.39557613531951,11.775797843933105,11.775797843933105,9494,0.0,0.0
2009-04-28 00:00:00+08:00,11.510176897348485,11.510176897348485,10.953641463064903,11.130720138549805,12342,0.0,0.0
2009-04-29 00:00:00+08:00,11.130720138549805,11.130720138549805,11.130720138549805,11.130720138549805,474,0.0,0.0
2009-04-30 00:00:00+08:00,10.650075835146115,11.73785070918768,10.650075835146115,11.510176658630371,7120,0.0,0.0
2009-05-04 00:00:00+08:00,11.510176896953446,11.636662483215332,11.510176896953446,11.636662483215332,17090,0.0,0.0
2009-05-05 00:00:00+08:00,11.636663483974425,12.19320011138916,11.535475006262654,12.19320011138916,21362,0.0,0.0
2009-05-06 00:00:00+08:00,11.636662016336713,12.269089922272277,11.636662016336713,11.889633178710938,7120,0.0,0.0
2009-05-07 00:00:00+08:00,12.142606951436159,12.269092559814453,11.408990422842049,12.269092559814453,26109,0.0,0.0
2009-05-08 00:00:00+08:00,12.142605872533276,12.269091469672988,11.763149081114138,12.19320011138916,10443,0.0,0.0
2009-05-11 00:00:00+08:00,12.19320136527682,12.370281219482422,11.636664680630645,12.370281219482422,23261,0.0,0.0
2009-05-12 00:00:00+08:00,11.82639344352096,12.218498846503259,11.510179408857816,12.016121864318848,10443,0.0,0.0
2009-05-13 00:00:00+08:00,12.016120185363153,12.142605781555176,11.889634589171129,12.142605781555176,38927,0.0,0.0
2009-05-14 00:00:00+08:00,12.016119194355584,12.117307662963867,12.016119194355584,12.117307662963867,9494,0.0,0.0
2009-05-15 00:00:00+08:00,12.193201723730208,12.193201723730208,11.88963625045359,12.016121864318848,53644,0.0,0.0
2009-05-18 00:00:00+08:00,12.079364671251476,12.079364671251476,12.016121864318848,12.016121864318848,18989,0.0,0.0
2009-05-19 00:00:00+08:00,12.20584814271639,12.838274955749512,12.20584814271639,12.838274955749512,55068,0.0,0.0
2009-05-20 00:00:00+08:00,12.838274111411712,12.901516903084508,12.395574569702148,12.395574569702148,36553,0.0,0.0
2009-05-21 00:00:00+08:00,12.648546218872069,12.648546218872069,12.648546218872069,12.64854621887207,42725,0.0,0.0
2009-05-22 00:00:00+08:00,12.028770425705373,12.028770425705373,11.902284811840115,12.016121864318848,33230,0.0,0.0
2009-05-25 00:00:00+08:00,12.838274111411712,12.838274111411712,12.395574569702148,12.395574569702148,46997,0.0,0.0
2009-05-26 00:00:00+08:00,13.217731488550852,13.217731488550852,12.420872275667428,12.71178913116455,8545,0.0,0.0
2009-05-27 00:00:00+08:00,12.648547159382355,13.597187995910646,12.648547159382355,13.597187995910645,74057,0.0,0.0
2009-06-01 00:00:00+08:00,13.597188604924549,13.597188604924549,12.964761734008787,12.964761734008789,37978,0.0,0.0
2009-06-02 00:00:00+08:00,12.9647596799217,13.786914825439453,12.64854572191957,13.786914825439453,45099,0.0,0.0
2009-06-03 00:00:00+08:00,13.850158543775224,14.356100910432014,12.838274955749512,12.838274955749512,27534,0.0,0.0
2009-06-04 00:00:00+08:00,13.280975147259827,13.660430794698392,13.280975147259827,13.597187995910645,86875,0.0,0.0
2009-06-05 00:00:00+08:00,13.407461021446313,14.41934467763865,13.407461021446313,14.292859077453613,40826,0.0,0.0
2009-06-08 00:00:00+08:00,14.039887877083546,14.292859077453615,14.039887877083546,14.292859077453613,20413,0.0,0.0
2009-06-09 00:00:00+08:00,13.407461021446313,14.292859077453615,13.344217076065854,14.292859077453613,16140,0.0,0.0
2009-06-10 00:00:00+08:00,13.344217076065854,14.292859077453615,13.344217076065854,14.292859077453613,104914,0.0,0.0
2009-06-11 00:00:00+08:00,13.344215393066408,13.344215393066408,13.344215393066408,13.344215393066406,132923,0.0,0.0
2009-06-12 00:00:00+08:00,12.420870930307983,13.533942850708263,12.420870930307983,12.4967622756958,47947,0.0,0.0
2009-06-15 00:00:00+08:00,12.484113718131164,12.4967622756958,11.775795639799247,12.4967622756958,123903,0.0,0.0
2009-06-17 00:00:00+08:00,12.37028024336622,12.37028024336622,11.624015202386168,12.35763168334961,5221,0.0,0.0
2009-06-18 00:00:00+08:00,11.497529678235713,11.889635041343052,11.497529678235713,11.864337921142578,31331,0.0,0.0
2009-06-19 00:00:00+08:00,11.067478843524109,11.699906860461468,11.042182868134583,11.446935653686523,16615,0.0,0.0
2009-06-22 00:00:00+08:00,11.358395441824317,11.358395441824317,10.751265706326313,11.282504081726074,8070,0.0,0.0
2009-06-23 00:00:00+08:00,11.193967097989937,11.219263076782227,11.118074580460572,11.219263076782227,1898,0.0,0.0
2009-06-24 00:00:00+08:00,11.484878665336971,11.548121452331543,11.484878665336971,11.548121452331543,9969,0.0,0.0
2009-06-25 00:00:00+08:00,11.624014739704414,11.624014739704414,11.560771942138672,11.560771942138672,8545,0.0,0.0
2009-06-26 00:00:00+08:00,11.636662217887547,11.636662217887547,10.877748717620237,11.497528076171875,26109,0.0,0.0
2009-06-29 00:00:00+08:00,11.446935653686525,11.446935653686525,11.446935653686525,11.446935653686523,9494,0.0,0.0
2009-06-30 00:00:00+08:00,11.446935653686525,11.446935653686525,11.446935653686525,11.446935653686523,0,0.0,0.0
2009-07-01 00:00:00+08:00,11.358396530151367,11.358396530151367,11.358396530151367,11.358396530151367,14241,0.0,0.0
2009-07-02 00:00:00+08:00,10.586832370188342,11.219259102904076,10.586832370188342,10.751263618469238,6646,0.0,0.0
2009-07-03 00:00:00+08:00,10.751263618469238,10.751263618469238,10.751263618469238,10.751263618469238,0,0.0,0.0
2009-07-06 00:00:00+08:00,11.143369746592631,11.143369746592631,10.30856488441775,11.08012580871582,1898,0.0,0.0
2009-07-07 00:00:00+08:00,10.751265875889022,11.421638422041621,10.751265875889022,11.383692741394043,2848,0.0,0.0
2009-07-08 00:00:00+08:00,11.459582881430409,11.459582881430409,11.24455738067627,11.24455738067627,3323,0.0,0.0
2009-07-09 00:00:00+08:00,11.23190953404578,11.23190953404578,10.624779815175588,10.68802261352539,15665,0.0,0.0
2009-07-10 00:00:00+08:00,10.688022397273638,11.10542485793699,10.688022397273638,11.09277629852295,8070,0.0,0.0
2009-07-13 00:00:00+08:00,11.38369365260801,11.38369365260801,11.19396637947125,11.358396530151367,12817,0.0,0.0
2009-07-14 00:00:00+08:00,11.383693282431134,11.889635715111634,11.282504795895033,11.699907302856445,19938,0.0,0.0
2009-07-15 00:00:00+08:00,11.383691504313667,11.383691504313667,10.991587325520443,11.231908798217773,19463,0.0,0.0
2009-07-16 00:00:00+08:00,11.383691358312268,11.383691358312268,11.130720184730258,11.257206916809082,10443,0.0,0.0
2009-07-17 00:00:00+08:00,11.257207429622598,11.573420265717125,11.016884803771973,11.016884803771973,20413,0.0,0.0
2009-07-20 00:00:00+08:00,11.775797843933105,11.775797843933105,11.775797843933105,11.775797843933105,15191,0.0,0.0
2009-07-21 00:00:00+08:00,12.585303330315993,12.597951889038086,12.395574949484605,12.597951889038086,153811,0.0,0.0
2009-07-22 00:00:00+08:00,12.901516903084508,12.901516903084508,12.319684364982582,12.395574569702148,15665,0.0,0.0
2009-07-23 00:00:00+08:00,12.838274601127642,12.838274601127642,12.471466395433534,12.64854621887207,137670,0.0,0.0
2009-07-24 00:00:00+08:00,12.648545736393327,12.648545736393327,12.395574569702148,12.395574569702148,4272,0.0,0.0
2009-07-27 00:00:00+08:00,12.522061638574312,13.217732429504395,12.522061638574312,13.217732429504395,162831,0.0,0.0
2009-07-28 00:00:00+08:00,13.028002983383216,13.028002983383216,12.585303424786877,12.64854621887207,13767,0.0,0.0
2009-07-29 00:00:00+08:00,12.648547944587587,13.53394603729248,12.509414923905265,13.53394603729248,153336,0.0,0.0
2009-07-30 00:00:00+08:00,13.028004760870251,13.53394603729248,12.901519155442696,13.53394603729248,8070,0.0,0.0
2009-07-31 00:00:00+08:00,13.53394365903775,13.913400408640307,13.407459221124684,13.786914825439453,157134,0.0,0.0
2009-08-03 00:00:00+08:00,12.838274096720848,14.292857158242862,12.838274096720848,13.786914825439453,19463,0.0,0.0
2009-08-04 00:00:00+08:00,13.280972958010425,14.2296136381638,12.838273439471243,13.913399696350098,160457,0.0,0.0
2009-08-05 00:00:00+08:00,13.786917009785666,13.786917009785666,12.964761734008787,12.964761734008789,10443,0.0,0.0
2009-08-06 00:00:00+08:00,12.71178901295726,13.154488571553598,12.648546218872069,12.64854621887207,14716,0.0,0.0
2009-08-07 00:00:00+08:00,12.648546218872069,12.648546218872069,12.648546218872069,12.64854621887207,0,0.0,0.0
2009-08-10 00:00:00+08:00,13.280976295471191,13.280976295471191,12.711791057172361,13.280976295471191,16140,0.0,0.0
2009-08-11 00:00:00+08:00,13.280974620152103,13.40746021270752,12.964760638763563,13.40746021270752,147640,0.0,0.0
2009-08-12 00:00:00+08:00,13.407461577152915,13.53394603729248,13.407461577152915,13.53394603729248,9019,0.0,0.0
2009-08-13 00:00:00+08:00,13.53394365903775,13.786914825439453,13.53394365903775,13.786914825439453,203183,0.0,0.0
2009-08-14 00:00:00+08:00,13.913400408640307,13.913400408640307,13.660429242238601,13.786914825439453,6171,0.0,0.0
2009-08-17 00:00:00+08:00,13.280976295471191,13.280976295471191,13.280976295471191,13.280976295471191,2373,0.0,0.0
2009-08-18 00:00:00+08:00,14.16637364938504,14.16637364938504,13.850159645080565,13.850159645080566,51745,0.0,0.0
2009-08-19 00:00:00+08:00,13.850159645080565,13.850159645080565,13.850159645080565,13.850159645080566,0,0.0,0.0
2009-08-20 00:00:00+08:00,13.85015761703988,13.85015761703988,13.786914825439453,13.786914825439453,1424,0.0,0.0
2009-08-21 00:00:00+08:00,13.53394603729248,13.53394603729248,13.53394603729248,13.53394603729248,474,0.0,0.0
2009-08-24 00:00:00+08:00,12.648547574011515,13.913402445941461,12.648547574011515,13.850159645080566,3797,0.0,0.0
2009-08-25 00:00:00+08:00,13.028001821533463,14.798797607421877,12.901516244643187,14.798797607421875,190840,0.0,0.0
2009-08-26 00:00:00+08:00,14.735556699445846,14.735556699445846,13.786914825439453,13.786914825439453,73582,0.0,0.0
2009-08-27 00:00:00+08:00,12.83827307180348,14.735555523062798,12.83827307180348,14.67231273651123,85450,0.0,0.0
2009-08-28 00:00:00+08:00,13.660429000854494,13.786914581820305,13.660429000854494,13.660429000854492,31331,0.0,0.0
2009-08-31 00:00:00+08:00,13.028004197038253,13.028004197038253,12.775032997131348,12.775032997131348,7595,0.0,0.0
2009-09-01 00:00:00+08:00,12.648544814370458,12.648544814370458,12.395573666119754,12.420870780944824,19463,0.0,0.0
2009-09-02 00:00:00+08:00,12.395576275601789,12.648547477107282,12.18055075432212,12.281739234924316,10443,0.0,0.0
2009-09-03 00:00:00+08:00,12.623248059945459,13.0912446975708,12.610600647459538,13.0912446975708,113934,0.0,0.0
2009-09-04 00:00:00+08:00,13.217730150085748,13.217730150085748,13.02800178527832,13.02800178527832,2848,0.0,0.0
2009-09-07 00:00:00+08:00,12.142606964161548,13.280976295471191,12.142606964161548,13.280976295471191,108237,0.0,0.0
2009-09-08 00:00:00+08:00,12.522064150737409,14.166376113891602,12.522064150737409,14.166376113891602,55543,0.0,0.0
2009-09-09 00:00:00+08:00,15.115015983581541,15.115015983581541,15.115015983581541,15.115015983581543,223596,0.0,0.0
2009-09-10 00:00:00+08:00,15.747442548436988,16.063655407911693,15.051771737959138,15.810684204101562,182295,0.0,0.0
2009-09-11 00:00:00+08:00,15.431228157612122,15.431228157612122,14.73555850982666,14.73555850982666,84976,0.0,0.0
2009-09-14 00:00:00+08:00,14.672314165534566,14.735556958245722,13.723673420155029,14.419342994689941,24685,0.0,0.0
2009-09-15 00:00:00+08:00,13.786914119624617,14.039885273075578,13.660428542899137,13.913399696350098,50321,0.0,0.0
2009-09-16 00:00:00+08:00,14.292856426526539,14.292856426526539,13.913399696350098,13.913399696350098,14716,0.0,0.0
2009-09-17 00:00:00+08:00,13.91340277722455,14.292859591424921,13.91340277722455,14.039888381958008,21837,0.0,0.0
2009-09-18 00:00:00+08:00,13.597185754536397,13.976642484712839,13.597185754536397,13.913399696350098,18514,0.0,0.0
2009-09-21 00:00:00+08:00,13.91340227689851,14.292859077453615,13.7236750219089,14.292859077453613,39877,0.0,0.0
2009-09-22 00:00:00+08:00,14.292860637906248,15.241501597575905,14.292860637906248,15.115015983581543,87349,0.0,0.0
2009-09-23 00:00:00+08:00,14.798801208039102,14.798801208039102,14.103131511170636,14.22961711883545,28958,0.0,0.0
2009-09-24 00:00:00+08:00,14.22961711883545,14.356102726500263,14.039888707338228,14.22961711883545,26584,0.0,0.0
2009-09-25 00:00:00+08:00,14.735558316524912,15.178256761021803,14.735558316524912,15.05177116394043,88299,0.0,0.0
2009-09-28 00:00:00+08:00,14.545827739716215,14.988527297973633,14.356100502893725,14.988527297973633,15665,0.0,0.0
2009-09-29 00:00:00+08:00,14.419343296930498,14.988527297973633,14.419343296930498,14.988527297973633,9969,0.0,0.0
2009-09-30 00:00:00+08:00,14.988528213127967,15.494470596313477,14.988528213127967,15.494470596313477,28008,0.0,0.0
2009-10-01 00:00:00+08:00,15.431226856231051,15.431226856231051,14.92528564922469,14.988527297973633,28483,0.0,0.0
2009-10-02 00:00:00+08:00,14.925284329599883,15.178254338092707,14.798797607421877,14.798797607421875,26109,0.0,0.0
2009-10-05 00:00:00+08:00,14.79879891586331,14.988527297973633,14.79879891586331,14.988527297973633,6171,0.0,0.0
2009-10-06 00:00:00+08:00,15.178256266475882,15.431227452396188,14.988527877035654,15.304741859436035,37028,0.0,0.0
2009-10-07 00:00:00+08:00,15.178257942199707,15.178257942199707,14.672316659789585,15.178257942199707,37978,0.0,0.0
2009-10-08 00:00:00+08:00,15.178254464575101,15.178254464575101,14.798797730742207,14.862040519714355,35604,0.0,0.0
2009-10-09 00:00:00+08:00,15.304743549124238,15.304743549124238,14.98852953181291,15.178257942199707,36553,0.0,0.0
2009-10-12 00:00:00+08:00,15.178257942199707,15.178257942199707,15.051772335275176,15.178257942199707,51270,0.0,0.0
2009-10-13 00:00:00+08:00,15.431229156048769,15.431229156048769,15.178257942199707,15.178257942199707,26109,0.0,0.0
2009-10-14 00:00:00+08:00,15.431227362457962,16.190139770507812,15.241498974123534,16.190139770507812,60290,0.0,0.0
2009-10-15 00:00:00+08:00,16.443112037297634,17.26526729557613,16.190140836200268,16.25338363647461,119156,0.0,0.0
2009-10-16 00:00:00+08:00,16.190139107309108,16.25338190082996,15.241498349784118,15.43122673034668,85450,0.0,0.0
2009-10-19 00:00:00+08:00,15.241498474120728,15.241498474120728,14.988527297973633,14.988527297973633,39402,0.0,0.0
2009-10-20 00:00:00+08:00,14.545828966427807,14.73555850982666,14.545828966427807,14.73555850982666,7595,0.0,0.0
2009-10-21 00:00:00+08:00,15.178256938934984,15.74744213247291,14.925286887094943,15.684199333190918,25160,0.0,0.0
2009-10-22 00:00:00+08:00,15.684195702420467,15.747438487062242,14.735555078081513,14.925283432006836,19463,0.0,0.0
2009-10-23 00:00:00+08:00,14.925283432006836,14.925283432006836,14.925283432006836,14.925283432006836,7595,0.0,0.0
2009-10-26 00:00:00+08:00,15.557712317388388,15.620955110909241,15.051769969221557,15.43122673034668,29433,0.0,0.0
2009-10-27 00:00:00+08:00,15.431227362457962,16.190139770507812,15.431227362457962,16.190139770507812,50321,0.0,0.0
2009-10-28 00:00:00+08:00,16.569597815531946,16.569597815531946,15.178257339864203,15.810684204101562,43674,0.0,0.0
2009-10-29 00:00:00+08:00,15.937168237252223,16.88580894470215,15.178254755062074,16.88580894470215,76905,0.0,0.0
2009-10-30 00:00:00+08:00,18.024181365966797,18.024181365966797,18.024181365966797,18.024181365966797,131499,0.0,0.0
2009-11-02 00:00:00+08:00,17.83445053373532,17.83445053373532,16.822566986083984,16.822566986083984,195587,0.0,0.0
2009-11-03 00:00:00+08:00,15.684199333190918,16.31662618072291,15.684199333190918,15.684199333190918,46048,0.0,0.0
2009-11-04 00:00:00+08:00,14.609068870544434,15.873923362832214,14.609068870544434,14.609068870544434,124378,0.0,0.0
2009-11-05 00:00:00+08:00,14.672314928435686,15.304741743143081,14.672314928435686,15.241498947143555,67885,0.0,0.0
2009-11-06 00:00:00+08:00,15.367986442530764,15.367986442530764,14.22961711883545,14.22961711883545,90672,0.0,0.0
2009-11-09 00:00:00+08:00,14.166370868258223,15.05176876120243,14.166370868258223,14.798797607421875,21362,0.0,0.0
2009-11-10 00:00:00+08:00,14.798798605669072,14.925285336379192,14.356100201978785,14.419342994689941,17564,0.0,0.0
2009-11-11 00:00:00+08:00,14.41934467763865,15.05177153327588,14.16637347726858,14.292859077453613,47947,0.0,0.0
2009-11-12 00:00:00+08:00,14.356100502893725,15.051770092010408,14.356100502893725,14.988527297973633,41775,0.0,0.0
2009-11-13 00:00:00+08:00,14.925284329599883,15.05176876120243,14.545826453641324,14.798797607421875,56967,0.0,0.0
2009-11-16 00:00:00+08:00,14.67231317581933,14.798797607421877,14.419342022038776,14.798797607421875,24211,0.0,0.0
2009-11-17 00:00:00+08:00,14.798800332905811,15.178257133460916,14.229616277361098,14.292859077453613,61714,0.0,0.0
2009-11-18 00:00:00+08:00,14.6090730779162,14.6090730779162,14.16637347726858,14.292859077453613,35129,0.0,0.0
2009-11-19 00:00:00+08:00,14.292854961150585,14.609068870544434,14.292854961150585,14.609068870544434,6171,0.0,0.0
2009-11-20 00:00:00+08:00,14.419340524908124,14.609068870544434,14.039883833635507,14.609068870544434,10443,0.0,0.0
2009-11-23 00:00:00+08:00,14.356104549481103,14.356104549481103,14.103133302028434,14.166376113891602,8070,0.0,0.0
2009-11-24 00:00:00+08:00,14.29285740926763,14.419342994689941,14.039886238423003,14.419342994689941,10443,0.0,0.0
2009-11-25 00:00:00+08:00,14.16637347726858,14.41934467763865,14.16637347726858,14.292859077453613,12342,0.0,0.0
2009-11-26 00:00:00+08:00,14.16637347726858,14.292859077453615,14.103130677176063,14.292859077453613,3797,0.0,0.0
2009-11-27 00:00:00+08:00,14.292859077453615,14.292859077453615,14.292859077453615,14.292859077453613,0,0.0,0.0
2009-11-30 00:00:00+08:00,14.292859077453615,14.292859077453615,13.786916676713476,14.292859077453613,13292,0.0,0.0
2009-12-01 00:00:00+08:00,13.913402445941461,13.976645246802356,13.850159645080565,13.850159645080566,7595,0.0,0.0
2009-12-02 00:00:00+08:00,13.850156907987358,14.292856426526539,13.850156907987358,13.913399696350098,9019,0.0,0.0
2009-12-03 00:00:00+08:00,14.229614366642437,14.229614366642437,13.660429242238601,13.786914825439453,16615,0.0,0.0
2009-12-04 00:00:00+08:00,13.786916392273888,13.786916392273888,13.597187995910646,13.597187995910645,5221,0.0,0.0
2009-12-07 00:00:00+08:00,12.901516651122028,14.54582691192627,12.901516651122028,14.54582691192627,60290,0.0,0.0
2009-12-08 00:00:00+08:00,14.735557371895268,15.55771255493164,14.67231457740879,15.55771255493164,116782,0.0,0.0
2009-12-09 00:00:00+08:00,16.63283944022976,16.63283944022976,15.178256266475882,15.304741859436035,123903,0.0,0.0
2009-12-10 00:00:00+08:00,14.735556428527087,15.747439930242258,14.292856895463302,14.54582691192627,63138,0.0,0.0
2009-12-11 00:00:00+08:00,14.545826574853612,14.925284453974244,14.545826574853612,14.862040519714355,31806,0.0,0.0
2009-12-14 00:00:00+08:00,14.925284329599883,15.115011549647567,14.798797607421877,14.798797607421875,22786,0.0,0.0
2009-12-15 00:00:00+08:00,15.051771163940431,15.55771355226592,14.988528365399745,15.05177116394043,44149,0.0,0.0
2009-12-16 00:00:00+08:00,15.684197904430096,15.684197904430096,15.178255556263265,15.43122673034668,40826,0.0,0.0
2009-12-17 00:00:00+08:00,16.50635528564453,16.50635528564453,16.50635528564453,16.50635528564453,151437,0.0,0.0
2009-12-18 00:00:00+08:00,17.075537014030957,17.075537014030957,15.55771226519786,16.822566986083984,137670,0.0,0.0
2009-12-21 00:00:00+08:00,16.82256986211785,17.9609391910054,16.44311303739266,17.834453582763672,107763,0.0,0.0
2009-12-22 00:00:00+08:00,18.909579876506694,18.909579876506694,17.70796775817871,17.70796775817871,93995,0.0,0.0
2009-12-23 00:00:00+08:00,17.70796775817871,18.024181774919757,17.20202647668103,17.70796775817871,41301,0.0,0.0
2009-12-24 00:00:00+08:00,18.024180222036918,18.150665817835904,17.328509445142497,17.391752243041992,68835,0.0,0.0
2009-12-25 00:00:00+08:00,17.391747605925655,17.70796151111183,17.328504824888423,17.45499038696289,11868,0.0,0.0
2009-12-28 00:00:00+08:00,17.77120841335551,17.77120841335551,17.32850884343126,17.581480026245117,60290,0.0,0.0
2009-12-29 00:00:00+08:00,17.771210561526917,17.834453364875127,17.58148215148229,17.70796775817871,35129,0.0,0.0
2009-12-30 00:00:00+08:00,17.771211086256535,18.53012360355542,17.581482670609805,18.466880798339844,206506,0.0,0.0
2009-12-31 00:00:00+08:00,18.466877222289902,18.846333980102813,18.466877222289902,18.59336280822754,187042,0.0,0.0
2010-01-04 00:00:00+08:00,19.099307447248446,19.85822105407715,18.97282184611033,19.85822105407715,196062,0.0,0.0
2010-01-05 00:00:00+08:00,21.186315536499023,21.186315536499023,21.186315536499023,21.186315536499023,88299,0.0,0.0
2010-01-06 00:00:00+08:00,22.64089584350586,22.64089584350586,22.51441255447656,22.64089584350586,566824,0.0,0.0
2010-01-07 00:00:00+08:00,24.221965789794925,24.221965789794925,24.221965789794925,24.221965789794922,202708,0.0,0.0
2010-01-08 00:00:00+08:00,25.86627960205078,25.86627960205078,25.803036803032725,25.86627960205078,249231,0.0,0.0
2010-01-11 00:00:00+08:00,27.637075424194336,27.637075424194336,27.637075424194336,27.637075424194336,119156,0.0,0.0
2010-01-12 00:00:00+08:00,29.53435897827148,29.53435897827148,29.53435897827148,29.534358978271484,127226,0.0,0.0
2010-01-13 00:00:00+08:00,31.55812454223633,31.55812454223633,31.55812454223633,31.558124542236328,262998,0.0,0.0
2010-01-14 00:00:00+08:00,33.708377838134766,33.708377838134766,33.708377838134766,33.708377838134766,335157,0.0,0.0
2010-01-15 00:00:00+08:00,36.048362731933594,36.048362731933594,32.38028251153897,36.048362731933594,998825,0.0,0.0
2010-01-18 00:00:00+08:00,38.51482971597578,38.51482971597578,36.048362731933594,36.048362731933594,627589,0.0,0.0
2010-01-19 00:00:00+08:00,34.15107522779878,34.783500850109455,33.58189010620117,33.58189010620117,453364,0.0,0.0
2010-01-20 00:00:00+08:00,31.368394609304392,31.62136577371396,31.241909027099606,31.24190902709961,416810,0.0,0.0
2010-01-21 00:00:00+08:00,30.98894204225076,33.39216613769531,30.41975684556171,33.39216613769531,290058,0.0,0.0
2010-01-22 00:00:00+08:00,33.6451397242357,35.668907165527344,33.6451397242357,35.668907165527344,556380,0.0,0.0
2010-01-25 00:00:00+08:00,36.6807858938516,38.00888226759011,33.20243453979492,33.20243453979492,523149,0.0,0.0
2010-01-26 00:00:00+08:00,33.20243304296026,34.783500519576044,30.925694868780294,32.1273078918457,292906,0.0,0.0
2010-01-27 00:00:00+08:00,32.57001347285443,33.01271312098344,30.86245997779008,32.25379943847656,110611,0.0,0.0
2010-01-28 00:00:00+08:00,33.518653044726435,34.46729278564453,32.253797002734366,34.46729278564453,111560,0.0,0.0
2010-01-29 00:00:00+08:00,34.467291108934766,36.048361084511484,33.13919462002617,34.277565002441406,287209,0.0,0.0
2010-02-01 00:00:00+08:00,33.58189265618083,34.27756341318017,31.93758224839447,32.06406784057617,148114,0.0,0.0
2010-02-02 00:00:00+08:00,32.253796947395905,34.1510810071288,32.06407083199856,33.01271057128906,135297,0.0,0.0
2010-02-03 00:00:00+08:00,31.368397222717622,33.01270763779765,30.98894044448937,31.621368408203125,126752,0.0,0.0
2010-02-04 00:00:00+08:00,33.51865426655193,33.6451398753618,31.747858033789736,32.63325500488281,84026,0.0,0.0
2010-02-05 00:00:00+08:00,32.63324448237539,32.88621561842523,30.356506548502114,30.925691604614258,272493,0.0,0.0
2010-02-08 00:00:00+08:00,30.735970001369413,32.88622283935547,30.735970001369413,32.88622283935547,121530,0.0,0.0
2010-02-09 00:00:00+08:00,34.78350401935691,34.78350401935691,33.64513596301653,34.21432113647461,120105,0.0,0.0
2010-02-10 00:00:00+08:00,34.2775654521998,34.78350556044698,34.024594252788276,34.53053665161133,159982,0.0,0.0
2010-02-22 00:00:00+08:00,36.93376159667969,36.93376159667969,36.93376159667969,36.93376159667969,317117,0.0,0.0
2010-02-23 00:00:00+08:00,39.336986016350934,39.336986016350934,36.93375955125205,37.94564437866211,323289,0.0,0.0
2010-02-24 00:00:00+08:00,39.08401228901874,39.08401228901874,36.680788269476736,36.807273864746094,173750,0.0,0.0
2010-02-25 00:00:00+08:00,36.80727172071404,37.313211781744556,35.41593025379707,36.6807861328125,113459,0.0,0.0
2010-02-26 00:00:00+08:00,36.04835919233873,36.04835919233873,34.214320407513995,35.162960052490234,101591,0.0,0.0
2010-03-01 00:00:00+08:00,35.16296112624445,37.56618514578645,35.16296112624445,36.807273864746094,114409,0.0,0.0
2010-03-02 00:00:00+08:00,36.68079203146118,37.18673217385207,35.415935949043885,35.668907165527344,86400,0.0,0.0
2010-03-03 00:00:00+08:00,36.048362731933594,37.31321647962336,35.668905920453874,36.048362731933594,38452,0.0,0.0
2010-03-04 00:00:00+08:00,36.04835796733109,36.04835796733109,35.41593003178783,35.542415618896484,78329,0.0,0.0
2010-03-05 00:00:00+08:00,36.048362731933594,37.31321647962336,35.9851199300203,36.048362731933594,81178,0.0,0.0
2010-03-08 00:00:00+08:00,36.048362731933594,36.680790751066446,36.048362731933594,36.048362731933594,84026,0.0,0.0
2010-03-09 00:00:00+08:00,36.048363549839515,36.048363549839515,35.16296430296458,35.41593551635742,64562,0.0,0.0
2010-03-10 00:00:00+08:00,35.415932769184415,35.98511795516727,35.415932769184415,35.47917556762695,58866,0.0,0.0
2010-03-11 00:00:00+08:00,35.41593551635742,36.048363549839515,35.41593551635742,35.41593551635742,54593,0.0,0.0
2010-03-12 00:00:00+08:00,35.415935949043885,35.79539277376907,34.78350790783524,35.668907165527344,18514,0.0,0.0
2010-03-15 00:00:00+08:00,35.41592302222366,35.54240858429813,34.40404081620309,34.90998077392578,41301,0.0,0.0
2010-03-16 00:00:00+08:00,34.40405105190557,34.78350556044698,34.151079852494036,34.53053665161133,52694,0.0,0.0
2010-03-17 00:00:00+08:00,34.78350555221287,35.41593355059198,34.27756544408546,34.84674835205078,54118,0.0,0.0
2010-03-18 00:00:00+08:00,34.84673799288855,34.90998077392578,34.467281306665136,34.90998077392578,55543,0.0,0.0
2010-03-19 00:00:00+08:00,34.783504486083984,35.41593246507891,34.783504486083984,34.783504486083984,87824,0.0,0.0
2010-03-22 00:00:00+08:00,34.783504486083984,34.783504486083984,34.783504486083984,34.783504486083984,0,0.0,0.0
2010-03-23 00:00:00+08:00,38.831037500425644,38.831037500425644,37.31321049783405,37.81915283203125,297179,0.0,0.0
2010-03-24 00:00:00+08:00,37.81915877523585,37.94564437866211,36.7440334366886,37.94564437866211,113459,0.0,0.0
2010-03-25 00:00:00+08:00,37.94564530618398,40.60183846190998,37.186731667075975,39.58995819091797,349399,0.0,0.0
2010-03-26 00:00:00+08:00,39.84292221069336,40.60183113163558,39.589951043328895,39.84292221069336,204607,0.0,0.0
2010-03-29 00:00:00+08:00,40.475352976769,42.62560346949775,40.22238179160662,41.9931755065918,421557,0.0,0.0
2010-03-30 00:00:00+08:00,42.37263551990493,44.902347564697266,42.37263551990493,44.902347564697266,369812,0.0,0.0
2010-03-31 00:00:00+08:00,48.00123977661133,48.00123977661133,48.00123977661133,48.00123977661133,272493,0.0,0.0
2010-04-01 00:00:00+08:00,51.35309982299805,51.35309982299805,51.35309982299805,51.35309982299805,260150,0.0,0.0
2010-04-02 00:00:00+08:00,54.89470364350732,54.89470364350732,47.93799976385316,49.07637023925781,793268,0.0,0.0
2010-04-06 00:00:00+08:00,49.076372368197454,49.076372368197454,47.4320593879491,48.06448745727539,278190,0.0,0.0
2010-04-07 00:00:00+08:00,48.06447565155262,51.41633901453621,48.06447565155262,50.46769714355469,401144,0.0,0.0
2010-04-08 00:00:00+08:00,50.08825383145925,50.46770606578442,48.25421255665321,49.45582580566406,238312,0.0,0.0
2010-04-09 00:00:00+08:00,49.329329279274624,50.59418046968226,48.254201873449844,49.70878601074219,150488,0.0,0.0
2010-04-12 00:00:00+08:00,50.467704325373504,50.467704325373504,49.32933849935138,50.2147331237793,86875,0.0,0.0
2010-04-13 00:00:00+08:00,50.341211127909645,50.46769211695851,49.329326566313334,49.77202606201172,68360,0.0,0.0
2010-04-14 00:00:00+08:00,49.8985165339882,49.8985165339882,49.07636024692674,49.83527374267578,66936,0.0,0.0
2010-04-15 00:00:00+08:00,49.708788160050936,53.25037989239534,49.708788160050936,49.83527374267578,138620,0.0,0.0
2010-04-16 00:00:00+08:00,49.835273810718135,50.59418272635222,49.45581706232552,50.46769714355469,50321,0.0,0.0
2010-04-19 00:00:00+08:00,50.97364360001879,50.97364360001879,48.823393099593,48.94987869262695,158084,0.0,0.0
2010-04-20 00:00:00+08:00,49.329338866851344,49.70879567206957,48.6969108581543,48.6969108581543,81178,0.0,0.0
2010-04-21 00:00:00+08:00,49.32933044433594,49.96175834505191,49.26608765426434,49.32933044433594,72158,0.0,0.0
2010-04-22 00:00:00+08:00,49.961759807998845,50.0882453918457,49.329331888764536,50.0882453918457,54118,0.0,0.0
2010-04-23 00:00:00+08:00,50.97364379445473,51.859042949069746,50.3412204080241,50.720672607421875,84026,0.0,0.0
2010-04-26 00:00:00+08:00,52.617959084928586,54.262271881103516,51.10013188845942,54.262271881103516,253978,0.0,0.0
2010-04-27 00:00:00+08:00,56.22279310275823,58.056834266111174,55.02118450792003,57.5508918762207,278190,0.0,0.0
2010-04-28 00:00:00+08:00,55.02118017070118,58.18331527709962,55.02118017070118,58.18331527709961,152387,0.0,0.0
2010-04-29 00:00:00+08:00,58.81575349022206,58.81575349022206,54.3887617353706,54.5152473449707,255403,0.0,0.0
2010-04-30 00:00:00+08:00,54.515240412914785,55.653606173411134,50.72067260742187,50.720672607421875,199385,0.0,0.0
2010-05-03 00:00:00+08:00,50.72068107660977,52.554722488840774,49.32934389675923,51.22662353515625,158558,0.0,0.0
2010-05-04 00:00:00+08:00,51.22662353515625,52.36499406688584,50.214738618063286,51.22662353515625,105864,0.0,0.0
2010-05-05 00:00:00+08:00,49.64553992333686,50.40444875469339,49.32932600145888,49.961753845214844,69784,0.0,0.0
2010-05-06 00:00:00+08:00,49.961759807998845,52.49146690378492,49.961759807998845,50.0882453918457,85925,0.0,0.0
2010-05-07 00:00:00+08:00,49.329331888764536,50.59418314608198,48.06447605029591,50.0882453918457,95420,0.0,0.0
2010-05-10 00:00:00+08:00,51.85904418903432,52.1120153821158,50.46770262708621,51.92228698730469,59340,0.0,0.0
2010-05-11 00:00:00+08:00,52.74444105171906,53.123897824700244,52.23849868774415,52.23849868774414,67411,0.0,0.0
2010-05-12 00:00:00+08:00,52.23850500740238,53.37687546406259,51.22662015703774,51.479591369628906,45573,0.0,0.0
2010-05-13 00:00:00+08:00,51.732561332794404,53.12390296844261,51.732561332794404,51.859046936035156,34180,0.0,0.0
2010-05-14 00:00:00+08:00,50.59418600482567,52.23849868774415,50.59418600482567,52.23849868774414,35604,0.0,0.0
2010-05-17 00:00:00+08:00,51.79580015231153,51.79580015231153,50.59418701390544,50.720672607421875,63613,0.0,0.0
2010-05-18 00:00:00+08:00,50.847148245322565,51.22660495157614,49.961753845214844,49.961753845214844,74532,0.0,0.0
2010-05-19 00:00:00+08:00,50.59419313490811,50.59419313490811,49.96176967196543,50.40446472167969,49371,0.0,0.0
2010-05-20 00:00:00+08:00,49.961768226300215,50.34122504177732,49.32934020050503,49.45582580566406,76905,0.0,0.0
2010-05-21 00:00:00+08:00,48.06448028705829,49.32933623702076,46.799624337095814,48.31745147705078,89248,0.0,0.0
2010-05-24 00:00:00+08:00,49.32934020050503,50.08825383145925,49.01312618760743,49.45582580566406,25635,0.0,0.0
2010-05-25 00:00:00+08:00,49.70880043752374,49.70880043752374,47.81151622954487,48.06448745727539,72633,0.0,0.0
2010-05-26 00:00:00+08:00,48.06448745727539,48.69691552660168,47.4320593879491,48.06448745727539,48896,0.0,0.0
2010-05-27 00:00:00+08:00,48.19096022304718,49.96175834505191,48.19096022304718,49.32933044433594,25160,0.0,0.0
2010-05-28 00:00:00+08:00,49.58231104505444,50.594191297710154,49.58231104505444,50.341224670410156,29433,0.0,0.0
2010-05-31 00:00:00+08:00,51.8590407571921,51.8590407571921,49.96176151578769,50.59418487548828,20413,0.0,0.0
2010-06-01 00:00:00+08:00,50.594189588711586,51.226617588478845,50.594189588711586,51.10013198852539,24211,0.0,0.0
2010-06-02 00:00:00+08:00,50.97364055872711,50.97364055872711,50.341217212441734,50.530941009521484,45573,0.0,0.0
2010-06-03 00:00:00+08:00,50.657427669573465,50.72067046365866,49.96176151578769,50.59418487548828,37028,0.0,0.0
2010-06-04 00:00:00+08:00,50.59418534596505,50.973642114004775,50.59418534596505,50.8471565246582,44624,0.0,0.0
2010-06-07 00:00:00+08:00,48.06447769323196,50.594184875488274,48.06447769323196,50.59418487548828,36553,0.0,0.0
2010-06-08 00:00:00+08:00,51.85905160833936,51.85905160833936,50.59419546197315,51.22662353515625,74532,0.0,0.0
2010-06-09 00:00:00+08:00,50.720668729928846,51.22661106531629,50.0882453918457,50.0882453918457,55068,0.0,0.0
2010-06-10 00:00:00+08:00,50.97363947474483,50.97363947474483,50.46769714355469,50.46769714355469,22312,0.0,0.0
2010-06-11 00:00:00+08:00,51.2266179301561,51.2266179301561,50.214733123779304,50.2147331237793,52694,0.0,0.0
2010-06-14 00:00:00+08:00,50.8471565246582,50.8471565246582,50.15149036440341,50.8471565246582,24685,0.0,0.0
2010-06-15 00:00:00+08:00,50.214733123779304,50.7206755269677,50.088252104133986,50.2147331237793,18039,0.0,0.0
2010-06-17 00:00:00+08:00,49.96175834505191,50.594181664616855,49.32933044433594,49.32933044433594,29907,0.0,0.0
2010-06-18 00:00:00+08:00,49.58230043358633,49.70878601074219,49.329329279274624,49.70878601074219,20413,0.0,0.0
2010-06-21 00:00:00+08:00,49.96176650333688,51.100132329359006,49.96176650333688,50.2147331237793,18989,0.0,0.0
2010-06-22 00:00:00+08:00,50.84715723826897,50.84715723826897,49.582305908203125,49.582305908203125,12817,0.0,0.0
2010-06-23 00:00:00+08:00,50.34121655953943,50.59418314608198,49.961759807998845,50.0882453918457,21362,0.0,0.0
2010-06-24 00:00:00+08:00,50.59418272635222,50.59418272635222,49.582302645123065,50.46769714355469,17090,0.0,0.0
2010-06-25 00:00:00+08:00,50.594191297710154,50.594191297710154,49.455825440828484,50.341224670410156,18514,0.0,0.0
2010-06-28 00:00:00+08:00,50.341224670410156,50.341224670410156,50.341224670410156,50.341224670410156,0,0.0,0.0
2010-06-29 00:00:00+08:00,50.59417710782018,50.59417710782018,49.961753845214844,49.961753845214844,9019,0.0,0.0
2010-06-30 00:00:00+08:00,50.59418720287757,53.44011306762695,50.341220596051386,53.44011306762695,110611,0.0,0.0
2010-07-01 00:00:00+08:00,57.17143630981446,57.17143630981446,57.17143630981446,57.17143630981445,173750,0.0,0.0
2010-07-02 00:00:00+08:00,61.15571890965582,61.15571890965582,57.4243988481879,59.131954193115234,313794,0.0,0.0
2010-07-05 00:00:00+08:00,60.713035162314895,60.713035162314895,58.309813077574255,60.46006393432617,144791,0.0,0.0
2010-07-06 00:00:00+08:00,60.46005984834131,60.46005984834131,57.930352320567884,57.993595123291016,147640,0.0,0.0
2010-07-07 00:00:00+08:00,57.99360005985126,58.246571292277345,55.65361615991,55.78010177612305,126752,0.0,0.0
2010-07-08 00:00:00+08:00,55.78009885981962,56.28604129822002,54.3887617353706,54.5152473449707,74532,0.0,0.0
2010-07-09 00:00:00+08:00,53.75633649786673,56.28604424097521,53.50336526544064,55.78010177612305,100167,0.0,0.0
2010-07-12 00:00:00+08:00,56.53899892483841,56.53899892483841,54.64171981811524,54.641719818115234,77855,0.0,0.0
2010-07-13 00:00:00+08:00,54.641730822365986,55.653611078529565,54.38875961303711,54.38875961303711,49846,0.0,0.0
2010-07-14 00:00:00+08:00,54.64172450011474,54.76821009014432,53.25038300978932,53.56659698486328,69310,0.0,0.0
2010-07-15 00:00:00+08:00,53.56658498144533,54.00928444734698,53.37685663891605,53.75631332397461,55068,0.0,0.0
2010-07-16 00:00:00+08:00,53.75632369514409,53.75632369514409,53.37686693687721,53.69308090209961,31331,0.0,0.0
2010-07-19 00:00:00+08:00,53.2503924907171,54.13579177856446,52.68120723424379,54.13579177856445,35604,0.0,0.0
2010-07-20 00:00:00+08:00,53.75632018967171,55.46387090937131,53.75632018967171,54.83144760131836,29907,0.0,0.0
2010-07-21 00:00:00+08:00,55.40064051698362,58.62602347364022,54.894702673562016,55.969825744628906,123429,0.0,0.0
2010-07-22 00:00:00+08:00,56.28602955056549,57.17142863297145,55.14765930175781,55.14765930175781,29907,0.0,0.0
2010-07-23 00:00:00+08:00,55.147661879055235,55.78008982461569,54.641724103758236,54.89469528198242,38927,0.0,0.0
2010-07-26 00:00:00+08:00,54.26227526180324,54.89470329973419,53.75633283145848,54.00930404663086,47472,0.0,0.0
2010-07-27 00:00:00+08:00,54.13578174730987,56.91846012662451,54.009296158197785,54.89469528198242,43200,0.0,0.0
2010-07-28 00:00:00+08:00,54.3887475992965,55.65359878540039,54.3887475992965,55.65359878540039,10918,0.0,0.0
2010-07-29 00:00:00+08:00,55.653611078529565,55.653611078529565,54.26227400837267,54.38875961303711,32281,0.0,0.0
2010-07-30 00:00:00+08:00,55.02117615180903,55.02117615180903,53.88280594744069,53.946048736572266,37503,0.0,0.0
2010-08-02 00:00:00+08:00,55.0211876363593,55.0211876363593,54.26227400837267,54.38875961303711,24211,0.0,0.0
2010-08-03 00:00:00+08:00,55.02118087109451,55.02118087109451,54.072538952753824,54.89469528198242,37503,0.0,0.0
2010-08-04 00:00:00+08:00,55.08442534717919,55.52712034143403,53.88281221393342,54.768211364746094,33705,0.0,0.0
2010-08-05 00:00:00+08:00,54.38875292553406,54.894695281982415,54.13578174730987,54.89469528198242,65037,0.0,0.0
2010-08-06 00:00:00+08:00,54.89469695771933,54.89469695771933,54.388754585826376,54.768211364746094,21837,0.0,0.0
2010-08-09 00:00:00+08:00,54.76820539730685,55.021176555690076,54.64171981811524,54.641719818115234,50321,0.0,0.0
2010-08-10 00:00:00+08:00,54.6417221934431,54.6417221934431,53.756323100612676,53.882808685302734,37503,0.0,0.0
2010-08-11 00:00:00+08:00,53.88279888566079,54.388741132405535,53.75631332397461,53.75631332397461,89248,0.0,0.0
2010-08-12 00:00:00+08:00,53.50335086391879,54.26226435691994,53.50335086391879,53.81956481933594,31331,0.0,0.0
2010-08-13 00:00:00+08:00,53.88281929697019,54.641732954570806,53.88281929697019,54.5152473449707,42725,0.0,0.0
2010-08-16 00:00:00+08:00,54.51523552125366,54.57847831233709,53.756322028252505,53.81956481933594,45099,0.0,0.0
2010-08-17 00:00:00+08:00,53.81957439204714,54.768216427030424,53.81957439204714,54.38875961303711,20887,0.0,0.0
2010-08-18 00:00:00+08:00,54.38875748080928,54.38875748080928,53.88281508198623,54.262271881103516,22786,0.0,0.0
2010-08-19 00:00:00+08:00,54.26226543937292,54.26226543937292,53.882808685302734,53.882808685302734,28958,0.0,0.0
2010-08-20 00:00:00+08:00,53.756334940915586,54.32552019738889,53.50336371581634,54.13579177856445,36553,0.0,0.0
2010-08-23 00:00:00+08:00,54.135787794368575,54.135787794368575,50.40446249876658,51.859046936035156,80703,0.0,0.0
2010-08-24 00:00:00+08:00,50.59417710782018,51.60606165782972,49.32932600145888,49.961753845214844,99217,0.0,0.0
2010-08-25 00:00:00+08:00,49.582305908203125,53.12389787846008,49.32933472595967,49.582305908203125,83551,0.0,0.0
2010-08-26 00:00:00+08:00,52.49146869804401,52.49146869804401,49.32933357493578,50.59418487548828,38927,0.0,0.0
2010-08-27 00:00:00+08:00,50.59419167094345,50.59419167094345,49.32934020050503,49.45582580566406,34655,0.0,0.0
2010-08-30 00:00:00+08:00,49.45582446859075,49.45582446859075,48.6969108581543,48.6969108581543,36079,0.0,0.0
2010-08-31 00:00:00+08:00,49.329338866851344,49.70879567206957,48.6969108581543,48.6969108581543,94470,0.0,0.0
2010-09-01 00:00:00+08:00,48.69690826203953,48.69690826203953,48.31745147705078,48.31745147705078,14716,0.0,0.0
2010-09-02 00:00:00+08:00,48.823393857035775,50.08824980699825,48.31745147705078,48.31745147705078,16615,0.0,0.0
2010-09-03 00:00:00+08:00,48.570412588951726,49.961753845214844,48.570412588951726,49.961753845214844,9969,0.0,0.0
2010-09-06 00:00:00+08:00,50.594184875488274,51.226612816340186,50.46769928731789,50.59418487548828,24211,0.0,0.0
2010-09-07 00:00:00+08:00,50.59419167094345,51.100134091579605,49.32934020050503,49.45582580566406,24211,0.0,0.0
2010-09-08 00:00:00+08:00,49.4558270643927,49.4558270643927,49.07637023925781,49.07637023925781,15191,0.0,0.0
2010-09-09 00:00:00+08:00,49.32933670337284,49.32933670337284,48.5704231262207,48.5704231262207,6171,0.0,0.0
2010-09-10 00:00:00+08:00,48.57042038296617,49.329333917254914,48.57042038296617,48.633663177490234,10918,0.0,0.0
2010-09-13 00:00:00+08:00,45.534773129724535,47.24232884002122,45.534773129724535,46.79962921142578,19463,0.0,0.0
2010-09-14 00:00:00+08:00,45.5980159338096,48.064485293127035,45.5980159338096,46.79962921142578,32281,0.0,0.0
2010-09-15 00:00:00+08:00,45.59800544590931,47.81150307976461,45.59800544590931,46.16719055175781,61239,0.0,0.0
2010-09-16 00:00:00+08:00,46.16719915884723,47.8115119934082,46.16719915884723,47.8115119934082,23736,0.0,0.0
2010-09-17 00:00:00+08:00,49.329329859573356,49.96175775279237,49.329329859573356,49.51905822753906,26109,0.0,0.0
2010-09-20 00:00:00+08:00,48.69691157923498,48.69691157923498,46.86287032685594,46.92611312866211,108712,0.0,0.0
2010-09-21 00:00:00+08:00,48.064476725729016,48.064476725729016,46.79962086948582,47.43204879760742,97319,0.0,0.0
2010-09-23 00:00:00+08:00,47.05259204073446,47.43204879760742,46.48340690542502,47.43204879760742,66936,0.0,0.0
2010-09-24 00:00:00+08:00,46.673135519123214,47.05259227790887,46.040707587813785,46.54664993286133,66936,0.0,0.0
2010-09-27 00:00:00+08:00,46.67313903677168,46.67313903677168,43.38451812725802,43.637489318847656,101116,0.0,0.0
2010-09-28 00:00:00+08:00,44.26991271972656,44.649369467870166,43.13154247529577,44.26991271972656,45099,0.0,0.0
2010-09-29 00:00:00+08:00,42.37263568579317,43.89046291861084,41.23426526117992,41.74020767211914,38927,0.0,0.0
2010-09-30 00:00:00+08:00,41.74020137782629,42.94181442260742,38.831037534770495,42.94181442260742,173275,0.0,0.0
2010-10-01 00:00:00+08:00,41.74019871787005,43.00505447387695,40.85479968866522,43.00505447387695,58391,0.0,0.0
2010-10-04 00:00:00+08:00,43.00505996308332,43.00505996308332,41.61371845388358,42.87857437133789,35129,0.0,0.0
2010-10-05 00:00:00+08:00,41.74020767211914,41.993178877588754,41.74020767211914,41.74020767211914,6646,0.0,0.0
2010-10-06 00:00:00+08:00,42.119660820865306,42.87857437133789,42.119660820865306,42.87857437133789,9494,0.0,0.0
2010-10-07 00:00:00+08:00,41.99317657465946,42.37263336205425,41.99317657465946,42.056419372558594,5696,0.0,0.0
2010-10-08 00:00:00+08:00,41.92993377676033,42.056419372558594,41.92993377676033,42.056419372558594,1898,0.0,0.0
2010-10-11 00:00:00+08:00,42.05641534398123,42.05641534398123,39.27373708412332,39.84292221069336,15665,0.0,0.0
2010-10-12 00:00:00+08:00,39.84292340672459,39.84292340672459,39.21049546932879,39.46346664428711,18039,0.0,0.0
2010-10-13 00:00:00+08:00,39.46346664428711,39.46346664428711,36.74402880406085,39.46346664428711,45573,0.0,0.0
2010-10-14 00:00:00+08:00,39.020766138147195,39.21049451474699,37.94563867074839,38.957523345947266,23261,0.0,0.0
2010-10-15 00:00:00+08:00,38.578062956413675,38.578062956413675,37.945635094026464,38.072120666503906,5696,0.0,0.0
2010-10-18 00:00:00+08:00,38.704557545027946,38.704557545027946,36.68079020453235,37.69267272949219,36553,0.0,0.0
2010-10-19 00:00:00+08:00,37.69267059232887,37.69267059232887,36.68078812474247,37.566184997558594,7120,0.0,0.0
2010-10-20 00:00:00+08:00,37.4397040384043,37.4397040384043,36.807278276824604,36.93376159667969,8545,0.0,0.0
2010-10-21 00:00:00+08:00,36.93375015671903,36.93375015671903,36.17483901977539,36.17483901977539,16140,0.0,0.0
2010-10-22 00:00:00+08:00,36.68078450307767,37.88239524417885,36.68078450307767,37.12348175048828,9494,0.0,0.0
2010-10-25 00:00:00+08:00,37.06024667523571,39.0840139974311,36.93375878386161,38.57807159423828,14716,0.0,0.0
2010-10-26 00:00:00+08:00,39.84292509844966,40.03265348772424,39.33698272705078,39.33698272705078,7120,0.0,0.0
2010-10-27 00:00:00+08:00,40.348868410433624,42.056419372558594,40.348868410433624,42.056419372558594,17564,0.0,0.0
2010-10-28 00:00:00+08:00,44.14343511786904,44.965591554154244,43.131550273210316,43.384521484375,49371,0.0,0.0
2010-10-29 00:00:00+08:00,44.649370281120135,44.649370281120135,40.47535055666547,41.171016693115234,16140,0.0,0.0
2010-11-01 00:00:00+08:00,41.6137170502815,41.6137170502815,39.46346664428711,39.46346664428711,949,0.0,0.0
2010-11-02 00:00:00+08:00,38.89428333757056,41.1077766418457,38.89428333757056,41.1077766418457,3797,0.0,0.0
2010-11-03 00:00:00+08:00,39.906171013616316,41.74020767211914,39.906171013616316,41.74020767211914,2373,0.0,0.0
2010-11-04 00:00:00+08:00,43.00506054363998,43.00506054363998,40.475353255732465,41.1077766418457,4747,0.0,0.0
2010-11-05 00:00:00+08:00,39.969410867339555,40.4753532409668,39.969410867339555,40.4753532409668,6171,0.0,0.0
2010-11-08 00:00:00+08:00,40.4753532409668,41.10777662684932,40.4753532409668,40.4753532409668,17,0.0,0.0
2010-11-09 00:00:00+08:00,40.4753532409668,40.4753532409668,40.4753532409668,40.4753532409668,474,0.0,0.0
2010-11-10 00:00:00+08:00,39.96940899420375,39.96940899420375,39.46346664428711,39.46346664428711,949,0.0,0.0
2010-11-11 00:00:00+08:00,39.46346735337337,41.48723220825195,39.21049617386962,41.48723220825195,29433,0.0,0.0
2010-11-12 00:00:00+08:00,39.46346664428711,39.46346664428711,39.400223850547526,39.46346664428711,6171,0.0,0.0
2010-11-15 00:00:00+08:00,39.2104973068987,40.4753532409668,38.19861255964423,40.4753532409668,3797,0.0,0.0
2010-11-16 00:00:00+08:00,39.21049880981445,39.21049880981445,39.21049880981445,39.21049880981445,949,0.0,0.0
2010-11-17 00:00:00+08:00,39.21050041292468,39.21050041292468,37.94564437866211,37.94564437866211,7120,0.0,0.0
2010-11-18 00:00:00+08:00,37.94564359024726,38.57807159423828,37.94564359024726,38.57807159423828,1898,0.0,0.0
2010-11-19 00:00:00+08:00,38.57807159423828,38.57807159423828,38.57807159423828,38.57807159423828,115358,0.0,0.0
2010-11-22 00:00:00+08:00,39.21049407948982,41.23425882627153,39.21049407948982,40.72832107543945,132448,0.0,0.0
2010-11-23 00:00:00+08:00,38.57807081853981,39.21049880981445,38.008885626392626,39.21049880981445,40351,0.0,0.0
2010-11-24 00:00:00+08:00,36.49106301372985,38.5780732245199,36.49106301372985,37.31321716308594,256352,0.0,0.0
2010-11-25 00:00:00+08:00,37.566184997558594,37.94564178186942,36.68078812474247,37.566184997558594,17564,0.0,0.0
2010-11-26 00:00:00+08:00,37.56618295754764,37.94563972125227,36.6807861328125,36.6807861328125,270594,0.0,0.0
2010-11-29 00:00:00+08:00,37.4396973696461,37.50294016359687,36.6807861328125,36.6807861328125,196062,0.0,0.0
2010-11-30 00:00:00+08:00,37.31320899657785,38.57806478118076,36.680783394851886,36.74402618408203,130549,0.0,0.0
2010-12-01 00:00:00+08:00,37.31320687047853,37.31320687047853,36.04835344852222,36.17483901977539,23261,0.0,0.0
2010-12-02 00:00:00+08:00,36.6807861328125,37.06024289651713,36.36457216305865,36.6807861328125,21837,0.0,0.0
2010-12-03 00:00:00+08:00,37.56618514578645,37.56618514578645,36.807273864746094,36.807273864746094,16615,0.0,0.0
2010-12-06 00:00:00+08:00,36.680787132810124,39.336982260580484,36.680787132810124,39.08401107788086,37503,0.0,0.0
2010-12-07 00:00:00+08:00,37.566183981683096,39.336982260580484,37.566183981683096,39.08401107788086,20413,0.0,0.0
2010-12-08 00:00:00+08:00,38.07212696623742,40.4753532409668,37.31321340579657,40.4753532409668,68360,0.0,0.0
2010-12-09 00:00:00+08:00,41.423990610366346,41.423990610366346,39.2104973068987,40.4753532409668,17090,0.0,0.0
2010-12-10 00:00:00+08:00,39.96941501047197,39.96941501047197,38.261859322478976,39.58995819091797,36553,0.0,0.0
2010-12-13 00:00:00+08:00,40.22238440461495,40.22238440461495,38.135371991444565,38.57807159423828,33705,0.0,0.0
2010-12-14 00:00:00+08:00,38.578067660759984,38.578067660759984,36.6807861328125,36.6807861328125,26584,0.0,0.0
2010-12-15 00:00:00+08:00,36.680787396597395,38.57806898991304,36.680787396597395,38.198612213134766,38452,0.0,0.0
2010-12-16 00:00:00+08:00,36.68078487066313,38.19860958267915,36.68078487066313,37.81915283203125,43200,0.0,0.0
2010-12-17 00:00:00+08:00,38.5780732245199,38.5780732245199,37.31321716308594,37.31321716308594,54118,0.0,0.0
2010-12-20 00:00:00+08:00,38.325096993861195,38.325096993861195,36.68078661988263,37.249969482421875,24685,0.0,0.0
2010-12-21 00:00:00+08:00,37.249966207347704,37.629422942728574,36.680783394851886,36.74402618408203,23261,0.0,0.0
2010-12-22 00:00:00+08:00,36.74403137616599,36.807274174332605,35.732146605500155,35.921875,82,0.0,0.0
2010-12-23 00:00:00+08:00,36.680781304788056,36.680781304788056,36.17483901977539,36.17483901977539,8070,0.0,0.0
2010-12-24 00:00:00+08:00,36.30132459102855,36.680781304788056,35.92186787726905,36.17483901977539,27059,0.0,0.0
2010-12-27 00:00:00+08:00,37.123483399892244,37.4396973696461,36.238086575157105,36.6807861328125,6171,0.0,0.0
2010-12-28 00:00:00+08:00,36.30133393958673,36.55430514723987,36.048362731933594,36.048362731933594,15191,0.0,0.0
2010-12-29 00:00:00+08:00,36.17484588283119,36.491059870955915,35.22620391845703,35.22620391845703,12342,0.0,0.0
2010-12-30 00:00:00+08:00,35.28944910897416,36.048362731933594,33.898109757457824,36.048362731933594,13292,0.0,0.0
2010-12-31 00:00:00+08:00,36.42782081497772,36.42782081497772,35.352693144923016,35.668907165527344,9019,0.0,0.0
2011-01-03 00:00:00+08:00,36.30132962321413,37.629426014901235,35.795387268066406,35.795387268066406,16140,0.0,0.0
2011-01-04 00:00:00+08:00,35.79538800952487,36.55430155796644,35.0364744610833,35.162960052490234,12817,0.0,0.0
2011-01-05 00:00:00+08:00,34.78349521185131,34.90998077392578,34.15106969205416,34.90998077392578,22786,0.0,0.0
2011-01-06 00:00:00+08:00,34.90998077392578,35.35268024118643,34.78349521185131,34.90998077392578,9019,0.0,0.0
2011-01-07 00:00:00+08:00,34.909988996568735,34.909988996568735,34.404048919677734,34.404048919677734,4747,0.0,0.0
2011-01-10 00:00:00+08:00,34.404046285116586,34.404046285116586,32.886219298947125,34.02458953857422,19463,0.0,0.0
2011-01-11 00:00:00+08:00,34.02459320153528,34.151078797333035,32.88622283935547,32.88622283935547,35604,0.0,0.0
2011-01-12 00:00:00+08:00,32.88621950785953,33.45540463128887,32.88621950785953,33.139190673828125,45099,0.0,0.0
2011-01-13 00:00:00+08:00,33.392165222546495,33.392165222546495,32.88622283935547,32.88622283935547,35604,0.0,0.0
2011-01-14 00:00:00+08:00,33.01270615917861,33.83486247518262,33.01270615917861,33.20243453979492,9494,0.0,0.0
2011-01-17 00:00:00+08:00,33.202438075966974,33.202438075966974,32.44352447267487,32.50676727294922,27534,0.0,0.0
2011-01-18 00:00:00+08:00,32.50676248762705,32.63324806955578,31.874336868558927,32.00082015991211,41775,0.0,0.0
2011-01-19 00:00:00+08:00,32.00081983226866,32.12730770347788,30.35650957460609,30.54623794555664,23261,0.0,0.0
2011-01-20 00:00:00+08:00,29.40787245335439,30.356512096335543,28.522473315367975,29.02841567993164,75481,0.0,0.0
2011-01-21 00:00:00+08:00,28.4592272763276,28.4592272763276,27.700313815974717,27.826799392700195,53169,0.0,0.0
2011-01-24 00:00:00+08:00,27.826808079955,28.459236161020208,27.826808079955,27.890050888061523,12342,0.0,0.0
2011-01-25 00:00:00+08:00,27.890048356815825,28.77544758995003,27.890048356815825,28.079776763916016,19463,0.0,0.0
2011-01-26 00:00:00+08:00,28.585715057021602,28.585715057021602,27.826801538156225,27.95328712463379,22312,0.0,0.0
2011-01-27 00:00:00+08:00,27.953283370784792,27.953283370784792,27.4473433833929,27.510583877563477,16615,0.0,0.0
2011-01-28 00:00:00+08:00,27.63707714734891,28.395990775749656,27.320863135515268,28.079776763916016,13292,0.0,0.0
2011-02-08 00:00:00+08:00,28.33274264943548,28.459228230401294,27.320858001708988,27.320858001708984,19938,0.0,0.0
2011-02-09 00:00:00+08:00,26.688436341581586,27.320862049534533,26.561950741875823,27.131135940551758,24211,0.0,0.0
2011-02-10 00:00:00+08:00,27.194381501831852,27.194381501831852,27.00465308300742,27.067895889282227,9019,0.0,0.0
2011-02-11 00:00:00+08:00,26.308980052055514,26.308980052055514,25.423580836965442,25.803037643432617,35129,0.0,0.0
2011-02-14 00:00:00+08:00,25.297092437744137,25.803034790425667,25.297092437744137,25.29709243774414,12817,0.0,0.0
2011-02-15 00:00:00+08:00,24.664670100252515,25.23385303289221,24.664670100252515,24.72791290283203,7595,0.0,0.0
2011-02-16 00:00:00+08:00,24.664668772671703,26.43546485900879,24.664668772671703,26.43546485900879,31331,0.0,0.0
2011-02-17 00:00:00+08:00,27.320862532554376,28.269504547119144,27.194379221188317,28.26950454711914,31331,0.0,0.0
2011-02-18 00:00:00+08:00,30.230031967163082,30.230031967163082,30.230031967163082,30.230031967163086,59340,0.0,0.0
2011-02-21 00:00:00+08:00,32.31704330444336,32.31704330444336,32.31704330444336,32.31704330444336,95894,0.0,0.0
2011-02-22 00:00:00+08:00,34.53053665161133,34.53053665161133,34.53053665161133,34.53053665161133,49371,0.0,0.0
2011-02-23 00:00:00+08:00,36.93376159667969,36.93376159667969,36.93376159667969,36.93376159667969,33230,0.0,0.0
2011-02-24 00:00:00+08:00,39.463472269841255,39.463472269841255,34.46729314278022,37.755916595458984,297653,0.0,0.0
2011-02-25 00:00:00+08:00,35.47917403100755,35.921873600931804,35.162960052490234,35.162960052490234,111086,0.0,0.0
2011-03-01 00:00:00+08:00,35.16295884892113,35.16295884892113,33.01270615917861,33.20243453979492,72158,0.0,0.0
2011-03-02 00:00:00+08:00,33.20243547556524,34.40404858666786,32.38027913638976,33.708377838134766,60765,0.0,0.0
2011-03-03 00:00:00+08:00,34.21432081597487,34.21432081597487,32.38027971867908,33.51865005493164,32756,0.0,0.0
2011-03-04 00:00:00+08:00,33.51865144418868,33.51865144418868,32.696495056152344,32.696495056152344,12817,0.0,0.0
2011-03-07 00:00:00+08:00,32.380282405322404,32.380282405322404,30.419757843017575,30.419757843017578,66936,0.0,0.0
2011-03-08 00:00:00+08:00,30.356516520752855,30.356516520752855,28.332749058112803,28.71220588684082,82127,0.0,0.0
2011-03-09 00:00:00+08:00,28.83868871354374,30.672727584838867,28.775445914858533,30.672727584838867,52694,0.0,0.0
2011-03-10 00:00:00+08:00,32.12731320130158,32.75973892211914,30.98894278079333,32.75973892211914,261099,0.0,0.0
2011-03-11 00:00:00+08:00,32.12730933111044,32.12730933111044,30.482996699568236,30.86245346069336,138145,0.0,0.0
2011-03-14 00:00:00+08:00,28.712203139374047,30.48299921341485,28.712203139374047,28.77544593811035,42725,0.0,0.0
2011-03-15 00:00:00+08:00,28.585709454175618,29.97704834214847,26.878156661987305,26.878156661987305,84501,0.0,0.0
2011-03-16 00:00:00+08:00,26.941408142044995,28.71220428685556,26.87816534078119,27.257619857788086,49846,0.0,0.0
2011-03-17 00:00:00+08:00,26.751675177938367,28.648956601850013,26.68843238745546,27.320858001708984,35129,0.0,0.0
2011-03-18 00:00:00+08:00,27.32086248499576,28.33274729877008,27.32086248499576,27.700319290161133,25635,0.0,0.0
2011-03-21 00:00:00+08:00,27.953290589504007,28.143018992737595,25.803037643432617,25.803037643432617,223596,0.0,0.0
2011-03-22 00:00:00+08:00,24.664669514607017,26.94140806283413,24.095484304906257,25.803037643432617,370287,0.0,0.0
2011-03-23 00:00:00+08:00,25.297091960138925,25.486820338812457,24.664666321802777,25.04412078857422,227868,0.0,0.0
2011-03-24 00:00:00+08:00,25.044121261403372,25.92952037859605,25.044121261403372,25.29709243774414,165204,0.0,0.0
2011-03-25 00:00:00+08:00,25.67655330445753,25.67655330445753,24.411699511250614,24.538185119628906,174224,0.0,0.0
2011-03-28 00:00:00+08:00,24.538184151410185,24.538184151410185,22.89387130737305,22.893871307373047,169952,0.0,0.0
2011-03-29 00:00:00+08:00,22.893870096870216,22.893870096870216,21.31280242870098,21.37604522705078,356519,0.0,0.0
2011-03-30 00:00:00+08:00,21.502528446290615,22.640896400145852,21.312800072218813,22.13495635986328,486595,0.0,0.0
2011-03-31 00:00:00+08:00,22.640896258685878,22.640896258685878,21.50252831194315,21.565771102905273,246383,0.0,0.0
2011-04-01 00:00:00+08:00,21.565774471798978,21.881988476006928,21.312803268432617,21.312803268432617,131974,0.0,0.0
2011-04-06 00:00:00+08:00,21.312803176589593,21.37604597715865,19.85822105407715,19.85822105407715,385953,0.0,0.0
2011-04-07 00:00:00+08:00,19.984707016741112,19.984707016741112,18.530122577339153,18.972822189331055,602428,0.0,0.0
2011-04-08 00:00:00+08:00,19.794971020596545,20.30091094970703,19.352271578371692,20.30091094970703,299552,0.0,0.0
2011-04-11 00:00:00+08:00,20.806859740374417,20.996588132674322,20.23767685405048,20.680374145507812,457636,0.0,0.0
2011-04-12 00:00:00+08:00,20.237676291364405,20.49064518348831,19.478762743265523,19.54200553894043,204132,0.0,0.0
2011-04-13 00:00:00+08:00,19.605247014048715,19.731732596878736,19.28903305697366,19.352275848388672,103965,0.0,0.0
2011-04-14 00:00:00+08:00,19.289033765966497,19.858218909622714,19.289033765966497,19.731733322143555,195587,0.0,0.0
2011-04-15 00:00:00+08:00,19.731736292199987,20.80686165702699,19.731736292199987,19.794979095458984,202708,0.0,0.0
2011-04-18 00:00:00+08:00,19.794975500860723,19.92146108441002,18.783090832466325,18.909576416015625,214576,0.0,0.0
2011-04-19 00:00:00+08:00,18.53012360355542,18.656609213986574,18.08742511233442,18.466880798339844,84026,0.0,0.0
2011-04-20 00:00:00+08:00,18.466877447351965,19.731733322143555,18.27714906613323,19.731733322143555,550683,0.0,0.0
2011-04-21 00:00:00+08:00,19.4787632700158,19.4787632700158,18.40363685975637,18.783092498779297,288634,0.0,0.0
2011-04-22 00:00:00+08:00,18.783090832466325,19.162547583114225,18.466876873593076,18.909576416015625,84026,0.0,0.0
2011-04-25 00:00:00+08:00,18.972819207790273,19.352275958438174,18.846333624240977,18.909576416015625,121530,0.0,0.0
2011-04-26 00:00:00+08:00,18.90957677307163,18.90957677307163,18.53012001525872,18.59336280822754,65512,0.0,0.0
2011-04-27 00:00:00+08:00,18.213905572101112,18.909575087457792,18.213905572101112,18.719846725463867,172325,0.0,0.0
2011-04-28 00:00:00+08:00,18.71985201920215,18.846337629633304,18.403639138412302,18.466880798339844,67885,0.0,0.0
2011-04-29 00:00:00+08:00,18.593364500671445,18.593364500671445,17.20202521928769,17.518238067626953,253504,0.0,0.0
2011-05-03 00:00:00+08:00,17.265267764249714,17.265267764249714,16.37986968166234,16.50635528564453,132448,0.0,0.0
2011-05-04 00:00:00+08:00,16.506351956099742,16.506351956099742,15.684196841342787,15.87392520904541,110611,0.0,0.0
2011-05-05 00:00:00+08:00,16.443108606683055,16.949050903320312,16.443108606683055,16.949050903320312,41775,0.0,0.0
2011-05-06 00:00:00+08:00,18.087419509887695,18.087419509887695,18.087419509887695,18.087419509887695,32281,0.0,0.0
2011-05-09 00:00:00+08:00,19.352278176452263,19.352278176452263,17.012295757886644,17.138782501220703,475201,0.0,0.0
2011-05-10 00:00:00+08:00,16.506355063338265,16.949054671313696,16.000412654223485,16.37986946105957,164730,0.0,0.0
2011-05-11 00:00:00+08:00,16.50635171888158,17.20202239046015,16.50635171888158,16.632837295532227,109187,0.0,0.0
2011-05-12 00:00:00+08:00,17.202023745936167,17.707964947117926,16.822566986083984,16.822566986083984,80703,0.0,0.0
2011-05-13 00:00:00+08:00,16.88580929437481,17.138780460343405,15.937168567280356,16.569595336914062,63613,0.0,0.0
2011-05-16 00:00:00+08:00,16.443111870319193,17.012295921720305,16.443111870319193,16.696083068847656,42250,0.0,0.0
2011-05-17 00:00:00+08:00,16.696084328871027,17.075540010012627,16.190141893631534,16.316627502441406,64562,0.0,0.0
2011-05-18 00:00:00+08:00,16.316626659920225,16.44311226219892,16.063655455362834,16.37986946105957,59340,0.0,0.0
2011-05-19 00:00:00+08:00,16.822567488282825,16.822567488282825,15.873926705620711,16.06365394592285,39402,0.0,0.0
2011-05-20 00:00:00+08:00,16.063651594252107,16.253379952066435,15.937167167663572,15.937167167663574,42725,0.0,0.0
2011-05-23 00:00:00+08:00,15.937170951294584,15.937170951294584,15.684199747484456,15.810684204101562,18514,0.0,0.0
2011-05-24 00:00:00+08:00,15.431227335142134,15.620955723140714,15.051770559144977,15.241498947143555,65037,0.0,0.0
2011-05-25 00:00:00+08:00,15.17825615114403,15.620955723140714,15.115013355144503,15.241498947143555,38927,0.0,0.0
2011-05-26 00:00:00+08:00,15.620955723140714,15.620955723140714,15.241498947143556,15.241498947143555,9969,0.0,0.0
2011-05-27 00:00:00+08:00,15.620955841836416,15.620955841836416,15.241499062955958,15.304741859436035,18989,0.0,0.0
2011-05-30 00:00:00+08:00,15.557715632561813,15.557715632561813,15.115015983581541,15.115015983581543,20887,0.0,0.0
2011-05-31 00:00:00+08:00,15.178258761392748,16.12689971923828,15.178258761392748,16.12689971923828,101591,0.0,0.0
2011-06-01 00:00:00+08:00,16.126896974396335,16.822567731622577,16.126896974396335,16.190139770507812,100167,0.0,0.0
2011-06-02 00:00:00+08:00,16.190141009816756,16.253383810769286,15.747442548436988,15.810684204101562,55068,0.0,0.0
2011-06-03 00:00:00+08:00,16.190140671790726,16.82256866811189,16.12689787215861,16.696083068847656,122004,0.0,0.0
2011-06-07 00:00:00+08:00,16.31662643674895,16.696083238395,16.190140836200268,16.25338363647461,37503,0.0,0.0
2011-06-08 00:00:00+08:00,16.696084328871027,16.696084328871027,16.06365628482166,16.316627502441406,45573,0.0,0.0
2011-06-09 00:00:00+08:00,16.31662403477789,16.443109616706625,16.000410079956055,16.000410079956055,34180,0.0,0.0
2011-06-10 00:00:00+08:00,16.000411834385588,17.012295455479737,15.810683440688953,16.443111419677734,110611,0.0,0.0
2011-06-13 00:00:00+08:00,16.190137458364426,17.58147762882918,16.063651884205107,16.949050903320312,169477,0.0,0.0
2011-06-14 00:00:00+08:00,16.94905380286876,16.94905380286876,16.443111419677734,16.443111419677734,63613,0.0,0.0
2011-06-15 00:00:00+08:00,16.44311189728981,16.44311189728981,15.620956646011699,15.747442245483398,45573,0.0,0.0
2011-06-16 00:00:00+08:00,14.925287873638647,15.684200369897832,14.925287873638647,15.178257942199707,85450,0.0,0.0
2011-06-17 00:00:00+08:00,15.431229156048769,15.5577147629733,14.609073856327319,15.178257942199707,38927,0.0,0.0
2011-06-20 00:00:00+08:00,15.05176923542774,15.304740397178474,14.54582691192627,14.54582691192627,32756,0.0,0.0
2011-06-21 00:00:00+08:00,14.86204087474194,14.86204087474194,13.533943419888681,13.660429000854492,117732,0.0,0.0
2011-06-22 00:00:00+08:00,13.786912706120429,14.609068870544434,13.786912706120429,14.609068870544434,57441,0.0,0.0
2011-06-23 00:00:00+08:00,14.672314473077595,15.620955238341374,14.672314473077595,14.988527297973633,75481,0.0,0.0
2011-06-24 00:00:00+08:00,14.039885291367947,14.798797607421877,14.039885291367947,14.798797607421875,26109,0.0,0.0
2011-06-27 00:00:00+08:00,14.672315878008718,14.672315878008718,14.16637347726858,14.292859077453613,39402,0.0,0.0
2011-06-28 00:00:00+08:00,14.356100201978785,14.862041398380228,14.29285740926763,14.419342994689941,50795,0.0,0.0
2011-06-29 00:00:00+08:00,15.178254487777442,15.178254487777442,14.419342164239279,14.482584953308105,39877,0.0,0.0
2011-06-30 00:00:00+08:00,14.735559549494704,14.735559549494704,14.166374315003042,14.22961711883545,15665,0.0,0.0
2011-07-01 00:00:00+08:00,14.292856895463302,14.862040864114688,14.292856895463302,14.54582691192627,32756,0.0,0.0
2011-07-04 00:00:00+08:00,15.431227955184548,15.494470753725233,14.735558316524912,15.05177116394043,66461,0.0,0.0
2011-07-05 00:00:00+08:00,15.051768886630802,15.431225620463696,14.862040519714355,14.862040519714355,55543,0.0,0.0
2011-07-06 00:00:00+08:00,14.8620388527719,14.8620388527719,14.545824943378053,14.609068870544434,46997,0.0,0.0
2011-07-07 00:00:00+08:00,14.419342164239279,14.545826597089189,14.356099375170453,14.482584953308105,38927,0.0,0.0
2011-07-08 00:00:00+08:00,14.545824943378053,14.79879607089313,14.545824943378053,14.609068870544434,67885,0.0,0.0
2011-07-11 00:00:00+08:00,14.6090730779162,14.6090730779162,14.16637347726858,14.292859077453613,54118,0.0,0.0
2011-07-12 00:00:00+08:00,13.533943410211098,15.05176923542774,13.533943410211098,14.54582691192627,42250,0.0,0.0
2011-07-13 00:00:00+08:00,14.609075796933771,14.609075796933771,14.039890490165266,14.166376113891602,54593,0.0,0.0
2011-07-14 00:00:00+08:00,14.166374315003042,14.609073941829891,14.166374315003042,14.22961711883545,33705,0.0,0.0
2011-07-15 00:00:00+08:00,14.166371823845315,14.482585787401097,14.10312903113416,14.419342994689941,53644,0.0,0.0
2011-07-18 00:00:00+08:00,14.545828966427807,15.241499759501197,14.482587312345427,14.73555850982666,43674,0.0,0.0
2011-07-19 00:00:00+08:00,14.73555977214843,14.92528818651244,14.292860138632408,14.35610294342041,75956,0.0,0.0
2011-07-20 00:00:00+08:00,14.672314165534566,14.862041398380228,14.356100201978785,14.419342994689941,39877,0.0,0.0
2011-07-21 00:00:00+08:00,14.41934736134427,14.609075796933771,14.166376113891602,14.166376113891602,66936,0.0,0.0
2011-07-22 00:00:00+08:00,14.292859922667855,14.545829992709475,14.22961711883545,14.22961711883545,39877,0.0,0.0
2011-07-25 00:00:00+08:00,14.545829992709475,14.545829992709475,14.103131511170636,14.22961711883545,52219,0.0,0.0
2011-07-26 00:00:00+08:00,14.229614735272019,14.292857528510801,13.976643562316893,13.976643562316895,46048,0.0,0.0
2011-07-27 00:00:00+08:00,13.976642484712839,14.292856426526539,13.913399696350098,13.913399696350098,54118,0.0,0.0
2011-07-28 00:00:00+08:00,13.850156907987358,14.166370849801059,13.660428542899137,13.913399696350098,44624,0.0,0.0
2011-07-29 00:00:00+08:00,13.850156907987358,14.039885273075578,13.786914119624617,13.913399696350098,61714,0.0,0.0
2011-08-01 00:00:00+08:00,13.913400769078113,14.356100321749581,13.660429596122986,13.976643562316895,25635,0.0,0.0
2011-08-02 00:00:00+08:00,13.9134010588759,14.16637223710008,13.723673820495604,13.723673820495605,35129,0.0,0.0
2011-08-03 00:00:00+08:00,13.85015969259628,13.85015969259628,12.775033219560584,12.901518821716309,121530,0.0,0.0
2011-08-04 00:00:00+08:00,12.901515962621163,12.964758749683838,12.395573666119754,12.420870780944824,37028,0.0,0.0
2011-08-05 00:00:00+08:00,11.560771942138672,11.573420501651821,11.560771942138672,11.560771942138672,78329,0.0,0.0
2011-08-08 00:00:00+08:00,11.56077018376761,11.56077018376761,10.763912200927734,10.763912200927734,47947,0.0,0.0
2011-08-09 00:00:00+08:00,10.017648735887494,10.751265180990714,10.017648735887494,10.144135475158691,65512,0.0,0.0
2011-08-10 00:00:00+08:00,10.498294505059075,10.85245418548584,10.232674744739,10.85245418548584,56492,0.0,0.0
2011-08-11 00:00:00+08:00,10.751263618469238,10.85245207894979,10.18207852826613,10.751263618469238,41775,0.0,0.0
2011-08-12 00:00:00+08:00,11.130719848613644,11.130719848613644,10.751264244986945,10.978937149047852,32281,0.0,0.0
2011-08-15 00:00:00+08:00,11.737852096557617,11.737852096557617,11.737852096557617,11.737852096557617,23736,0.0,0.0
2011-08-16 00:00:00+08:00,12.547359466552736,12.547359466552736,12.269092279760226,12.547359466552734,136246,0.0,0.0
2011-08-17 00:00:00+08:00,12.648546804890637,13.280974775043507,11.763148791964507,12.028768539428711,77380,0.0,0.0
2011-08-18 00:00:00+08:00,11.510177449730673,12.016119819076138,11.408988975861579,11.421637535095215,13767,0.0,0.0
2011-08-19 00:00:00+08:00,10.75126499652889,11.371043251125572,10.624779404715719,10.8777494430542,54118,0.0,0.0
2011-08-22 00:00:00+08:00,10.877749749994777,11.573420524597168,10.321214275600761,11.573420524597168,51745,0.0,0.0
2011-08-23 00:00:00+08:00,11.573420455610169,12.016120036809205,11.067478077096986,11.53547477722168,31806,0.0,0.0
2011-08-24 00:00:00+08:00,11.510175536430792,12.332330604665083,11.510175536430792,11.902280807495117,35129,0.0,0.0
2011-08-25 00:00:00+08:00,11.902282785973409,12.092011174477959,11.396340416627941,11.421637535095215,19463,0.0,0.0
2011-08-26 00:00:00+08:00,11.421636986570126,11.636662483215332,10.966290021315153,11.636662483215332,20413,0.0,0.0
2011-08-29 00:00:00+08:00,11.459584232732054,12.003472328186035,11.383692870575684,12.003472328186035,12342,0.0,0.0
2011-08-30 00:00:00+08:00,12.129955078361812,12.775031565851817,12.129955078361812,12.52206039428711,42250,0.0,0.0
2011-08-31 00:00:00+08:00,11.649311065673826,11.763148093542414,11.649311065673826,11.649311065673828,1617394,0.0,0.0
2011-09-01 00:00:00+08:00,11.004237080206213,11.636663945711234,11.004237080206213,11.383692741394043,60765,0.0,0.0
2011-09-02 00:00:00+08:00,11.383692741394041,11.383692741394041,11.13072153707685,11.383692741394043,57441,0.0,0.0
2011-09-05 00:00:00+08:00,11.38369386303926,11.484882354736326,11.193966586395332,11.484882354736328,38927,0.0,0.0
2011-09-06 00:00:00+08:00,10.890398171974027,11.38369079056895,10.877748468637991,10.966289520263672,8070,0.0,0.0
2011-09-07 00:00:00+08:00,11.383691358312268,11.636662531894277,11.130720184730258,11.257206916809082,24211,0.0,0.0
2011-09-08 00:00:00+08:00,11.889634247099526,11.889634247099526,10.877749506675846,11.016884803771973,21362,0.0,0.0
2011-09-09 00:00:00+08:00,10.890397776821004,11.130719225730495,10.763912200927734,10.763912200927734,28958,0.0,0.0
2011-09-13 00:00:00+08:00,10.04294782202327,10.801860302754973,10.04294782202327,10.510943412780762,24685,0.0,0.0
2011-09-14 00:00:00+08:00,10.624778763659586,11.13071995509797,10.131484985351562,10.131484985351562,46048,0.0,0.0
2011-09-15 00:00:00+08:00,10.18208011753191,10.751265296576053,10.18208011753191,10.62477970123291,17564,0.0,0.0
2011-09-16 00:00:00+08:00,10.903048057925224,10.940993736691523,10.30856575725322,10.650076866149902,17564,0.0,0.0
2011-09-19 00:00:00+08:00,10.650075157988686,10.940991981870274,10.650075157988686,10.751263618469238,40826,0.0,0.0
2011-09-20 00:00:00+08:00,10.77656229869017,10.77656229869017,10.561536788940428,10.56153678894043,15191,0.0,0.0
2011-09-21 00:00:00+08:00,10.561537456789408,11.118072960163444,10.561537456789408,10.940994262695312,19463,0.0,0.0
2011-09-22 00:00:00+08:00,10.877750382313641,10.877750382313641,10.435051918029785,10.435051918029785,14241,0.0,0.0
2011-09-23 00:00:00+08:00,9.891163956293717,10.371808052062988,9.739381248591469,10.371808052062988,16140,0.0,0.0
2011-09-26 00:00:00+08:00,10.48564605032544,10.48564605032544,9.929109404066878,9.94175910949707,10443,0.0,0.0
2011-09-27 00:00:00+08:00,10.371808548171346,10.61213118019511,10.118837356567383,10.118837356567383,16615,0.0,0.0
2011-09-28 00:00:00+08:00,10.1188353221119,10.1188353221119,9.865864181369378,10.05559253692627,18514,0.0,0.0
2011-09-29 00:00:00+08:00,9.967055408360773,10.05559533223345,9.941759432542284,10.01764965057373,7595,0.0,0.0
2011-09-30 00:00:00+08:00,10.624779945822727,10.624779945822727,9.625544864896712,9.802624702453613,10918,0.0,0.0
2011-10-03 00:00:00+08:00,9.119603943548324,9.739382863452462,9.119603943548324,9.246088981628418,13767,0.0,0.0
2011-10-04 00:00:00+08:00,9.24608617106728,9.600245773439818,9.24608617106728,9.271383285522461,20413,0.0,0.0
2011-10-05 00:00:00+08:00,9.423168700039701,9.726734161376953,9.423168700039701,9.726734161376953,7120,0.0,0.0
2011-10-06 00:00:00+08:00,10.144134731550604,10.144134731550604,9.739380860474174,9.752029418945312,8070,0.0,0.0
2011-10-07 00:00:00+08:00,9.992352250524778,10.055593898989024,9.764677047729492,9.764677047729492,3797,0.0,0.0
2011-10-11 00:00:00+08:00,9.764677688321836,10.182080154468373,9.764677688321836,10.118837356567383,9969,0.0,0.0
2011-10-12 00:00:00+08:00,10.131484437817715,10.827155113220215,10.118835880083124,10.827155113220215,54593,0.0,0.0
2011-10-13 00:00:00+08:00,11.10542496697073,11.573420524597168,11.004236490664928,11.573420524597168,30382,0.0,0.0
2011-10-14 00:00:00+08:00,12.382926322205789,12.382926322205789,11.636662507021763,11.649311065673828,232141,0.0,0.0
2011-10-17 00:00:00+08:00,11.978174161886598,11.978174161886598,10.890399211219014,11.016884803771973,83551,0.0,0.0
2011-10-18 00:00:00+08:00,11.130719552345715,11.484879175239183,11.130719552345715,11.32044792175293,81178,0.0,0.0
2011-10-19 00:00:00+08:00,11.193962643618574,11.307799656681704,10.991585731506348,10.991585731506348,21837,0.0,0.0
2011-10-20 00:00:00+08:00,11.118071278643201,11.383691002604456,10.498293068021395,10.57418441772461,43200,0.0,0.0
2011-10-21 00:00:00+08:00,9.929109271749528,10.561537270433666,9.929109271749528,10.295917510986328,31331,0.0,0.0
2011-10-24 00:00:00+08:00,10.435051918029785,10.435051918029785,10.435051918029785,10.435051918029785,1898,0.0,0.0
2011-10-25 00:00:00+08:00,10.422401878307204,10.422401878307204,10.118836474834463,10.156782150268555,17564,0.0,0.0
2011-10-26 00:00:00+08:00,10.118836426933408,10.333861920042034,9.92910805066109,10.131484985351562,22786,0.0,0.0
2011-10-27 00:00:00+08:00,10.839805213316252,10.839805213316252,10.498294105889768,10.62477970123291,36553,0.0,0.0
2011-10-28 00:00:00+08:00,10.561536672938544,10.62477946922914,10.384456843324879,10.49829387664795,18039,0.0,0.0
2011-10-31 00:00:00+08:00,10.270619556978893,10.485645059069634,9.992352405443427,10.359159469604492,42250,0.0,0.0
2011-11-01 00:00:00+08:00,10.118836474834463,10.37180764439508,10.118836474834463,10.156782150268555,16615,0.0,0.0
2011-11-02 00:00:00+08:00,10.118835845493036,10.321212768554688,9.739380260040168,10.321212768554688,15191,0.0,0.0
2011-11-03 00:00:00+08:00,10.321215671995638,10.409755600742105,10.068244447005734,10.346512794494629,28483,0.0,0.0
2011-11-04 00:00:00+08:00,10.371807933926096,10.371807933926096,10.194729255578281,10.308565139770508,30857,0.0,0.0
2011-11-07 00:00:00+08:00,10.295919062086908,10.675375918463317,10.194731712341309,10.194731712341309,11868,0.0,0.0
2011-11-08 00:00:00+08:00,10.220024573822103,10.245321689865202,9.954406000657325,9.967053413391113,35604,0.0,0.0
2011-11-09 00:00:00+08:00,9.967055084493598,10.11883780620048,9.929109404066878,9.94175910949707,18039,0.0,0.0
2011-11-10 00:00:00+08:00,10.055594446704328,10.055594446704328,9.549653214417608,9.638193130493164,51745,0.0,0.0
2011-11-11 00:00:00+08:00,10.118837243901153,10.118837243901153,9.638193130493164,9.638193130493164,14716,0.0,0.0
2011-11-14 00:00:00+08:00,10.06824252197927,10.308565139770508,10.06824252197927,10.308565139770508,26109,0.0,0.0
2011-11-15 00:00:00+08:00,11.02953073950304,11.02953073950304,10.751263618469238,10.751263618469238,122954,0.0,0.0
2011-11-16 00:00:00+08:00,10.624780273730426,11.383692741394041,10.257972027470498,11.383692741394043,70259,0.0,0.0
2011-11-17 00:00:00+08:00,11.763148923672103,11.763148923672103,11.143370651270752,11.15601921081543,27059,0.0,0.0
2011-11-18 00:00:00+08:00,11.156019802796528,11.383692741394041,11.016885640422073,11.383692741394043,64562,0.0,0.0
2011-11-21 00:00:00+08:00,11.143370569751964,11.143370569751964,10.586833953857422,10.586833953857422,38927,0.0,0.0
2011-11-22 00:00:00+08:00,10.055594116186626,10.46034800494244,9.85321831709657,9.878514289855957,55068,0.0,0.0
2011-11-23 00:00:00+08:00,10.106189154852679,10.106189154852679,9.321979578399022,9.891164779663086,11393,0.0,0.0
2011-11-24 00:00:00+08:00,9.233440183656189,9.853219660302834,9.233440183656189,9.663491249084473,33705,0.0,0.0
2011-11-25 00:00:00+08:00,9.853219228975743,9.853219228975743,9.258736899848488,9.423168182373047,14716,0.0,0.0
2011-11-28 00:00:00+08:00,9.423167181483176,9.486409975736773,9.397870063781738,9.397870063781738,2373,0.0,0.0
2011-11-29 00:00:00+08:00,9.39786952379466,9.789974825637191,9.39786952379466,9.612895011901855,21837,0.0,0.0
2011-11-30 00:00:00+08:00,9.612896585286002,9.612896585286002,9.170197551133088,9.423168182373047,12817,0.0,0.0
2011-12-01 00:00:00+08:00,9.435815198166518,10.068241959076381,9.435815198166518,9.612895011901855,30382,0.0,0.0
2011-12-02 00:00:00+08:00,9.612895672813819,9.97970273833963,9.511707200865223,9.865865707397461,15665,0.0,0.0
2011-12-05 00:00:00+08:00,9.35992482282713,9.86586605511385,9.35992482282713,9.638193130493164,3323,0.0,0.0
2011-12-06 00:00:00+08:00,9.372571920198196,9.372571920198196,9.309329132866887,9.359923362731934,14241,0.0,0.0
2011-12-07 00:00:00+08:00,9.334627033660043,9.58759763163843,9.334627033660043,9.473760604858398,18039,0.0,0.0
2011-12-08 00:00:00+08:00,9.46111281273276,9.46111281273276,9.10695316660844,9.170196533203125,10443,0.0,0.0
2011-12-09 00:00:00+08:00,8.841334594033446,9.233439370022506,8.828686034400125,8.98046875,16140,0.0,0.0
2011-12-12 00:00:00+08:00,9.005763849345803,9.473759907925201,9.005763849345803,9.410517692565918,12342,0.0,0.0
2011-12-13 00:00:00+08:00,8.752795017056515,9.309331089926284,8.752795017056515,8.853982925415039,38927,0.0,0.0
2011-12-14 00:00:00+08:00,8.853982811536296,8.917226183993405,8.474526585301415,8.575715065002441,71683,0.0,0.0
2011-12-15 00:00:00+08:00,8.512472240823366,8.537769360676212,8.183610255380326,8.348041534423828,24685,0.0,0.0
2011-12-16 00:00:00+08:00,7.905340788461128,8.474525329811481,7.905340788461128,8.411282539367676,18039,0.0,0.0
2011-12-19 00:00:00+08:00,8.53776939323687,8.53776939323687,7.829450607299805,7.829450607299805,25160,0.0,0.0
2011-12-20 00:00:00+08:00,8.031825797126054,8.031825797126054,7.58912629555929,7.968583583831787,13767,0.0,0.0
2011-12-21 00:00:00+08:00,8.348041470204718,8.525120735168457,8.158313072767896,8.525120735168457,31331,0.0,0.0
2011-12-22 00:00:00+08:00,8.575715649129165,8.917226791381836,8.158313714575465,8.917226791381836,20413,0.0,0.0
2011-12-23 00:00:00+08:00,9.195492768540003,9.208141326904297,8.853981692704043,9.208141326904297,8545,0.0,0.0
2011-12-26 00:00:00+08:00,9.106952041563781,9.359923186115596,8.879278584110994,9.271383285522461,9494,0.0,0.0
2011-12-27 00:00:00+08:00,9.271383285522461,9.271383285522461,9.271383285522461,9.271383285522461,10443,0.0,0.0
2011-12-28 00:00:00+08:00,9.34727744855796,9.34727744855796,9.233440399169922,9.233440399169922,949,0.0,0.0
2011-12-29 00:00:00+08:00,9.347275614461525,9.347275614461525,9.10695300179777,9.284032821655273,3797,0.0,0.0
2011-12-30 00:00:00+08:00,9.47376070028916,9.47376070028916,8.980468057894482,9.321978569030762,3797,0.0,0.0
2012-01-02 00:00:00+08:00,9.359924197082588,9.397869872863879,8.993115997863443,9.29668140411377,13292,0.0,0.0
2012-01-03 00:00:00+08:00,9.233440589561058,9.397871886512087,8.955172240874699,9.347277641296387,16140,0.0,0.0
2012-01-04 00:00:00+08:00,9.359923829167952,9.359923829167952,9.031061891300725,9.106952667236328,15665,0.0,0.0
2012-01-05 00:00:00+08:00,9.258736744196622,9.258736744196622,9.10695402441793,9.119603157043457,9494,0.0,0.0
2012-01-06 00:00:00+08:00,9.296681155880087,9.296681155880087,8.967819213867188,8.967819213867188,3323,0.0,0.0
2012-01-09 00:00:00+08:00,8.891930052252977,9.157549858093262,8.891930052252977,9.157549858093262,7595,0.0,0.0
2012-01-10 00:00:00+08:00,9.157548874397115,9.157548874397115,8.891929097089482,8.917226791381836,11868,0.0,0.0
2012-01-11 00:00:00+08:00,8.91722577964884,9.094305038452148,8.91722577964884,9.094305038452148,2848,0.0,0.0
2012-01-12 00:00:00+08:00,9.106954315508569,9.106954315508569,8.651606714261938,8.74014663696289,4272,0.0,0.0
2012-01-13 00:00:00+08:00,8.853983817897275,8.853983817897275,8.588364601135254,8.588364601135254,11868,0.0,0.0
2012-01-16 00:00:00+08:00,8.967820539186826,8.967820539186826,8.853982925415039,8.853982925415039,5221,0.0,0.0
2012-01-17 00:00:00+08:00,9.106952268586802,9.106952268586802,8.853981117728788,8.90457534790039,2848,0.0,0.0
2012-01-18 00:00:00+08:00,9.043711513579316,9.043711513579316,8.72749807657704,8.74014663696289,8545,0.0,0.0
2012-01-30 00:00:00+08:00,9.043709754943848,9.321978029320643,8.75279349528471,9.043709754943848,18039,0.0,0.0
2012-01-31 00:00:00+08:00,8.626307916022531,9.043709754943848,8.626307916022531,9.043709754943848,15191,0.0,0.0
2012-02-01 00:00:00+08:00,9.10695288378668,9.284032701349522,8.91722508047039,9.220789909362793,26109,0.0,0.0
2012-02-02 00:00:00+08:00,9.473760951240575,9.865865707397461,9.461112964890924,9.865865707397461,41301,0.0,0.0
2012-02-03 00:00:00+08:00,10.548888206481934,10.548888206481934,10.548888206481934,10.548888206481934,30857,0.0,0.0
2012-02-06 00:00:00+08:00,12.00346918941187,12.00346918941187,10.51094060257093,10.536237716674805,199860,0.0,0.0
2012-02-07 00:00:00+08:00,10.156782433797094,10.637427669379571,10.156782433797094,10.308565139770508,50795,0.0,0.0
2012-02-08 00:00:00+08:00,10.308565578463487,10.574185325220716,10.118837187922606,10.548888206481934,77380,0.0,0.0
2012-02-09 00:00:00+08:00,10.435051640015553,11.130721291234751,10.435051640015553,10.814508438110352,76905,0.0,0.0
2012-02-10 00:00:00+08:00,10.814507858100924,10.814507858100924,10.37180828406676,10.49829387664795,44624,0.0,0.0
2012-02-13 00:00:00+08:00,10.498294218475984,10.92834410196673,10.498294218475984,10.68802261352539,39877,0.0,0.0
2012-02-14 00:00:00+08:00,10.688022025067239,11.320448828457373,10.586833553278764,11.295151710510254,82127,0.0,0.0
2012-02-15 00:00:00+08:00,11.244555958292093,11.244555958292093,10.763911927399333,11.105422973632812,29907,0.0,0.0
2012-02-16 00:00:00+08:00,11.092776444380252,11.421637848181582,10.814508133612442,11.06747817993164,98743,0.0,0.0
2012-02-17 00:00:00+08:00,11.067477897975433,11.067477897975433,10.397105402582996,10.49829387664795,46048,0.0,0.0
2012-02-20 00:00:00+08:00,10.498294719397189,10.498294719397189,10.409754797482824,10.435051918029785,15191,0.0,0.0
2012-02-21 00:00:00+08:00,11.130720946438174,11.15601921081543,11.004236496279287,11.15601921081543,197486,0.0,0.0
2012-02-22 00:00:00+08:00,11.130722694642255,11.914933509581378,11.029534202392046,11.522828102111816,116782,0.0,0.0
2012-02-23 00:00:00+08:00,11.75050098765397,12.016120752187021,11.383692741394041,11.383692741394043,100167,0.0,0.0
2012-02-24 00:00:00+08:00,11.383692741394041,11.510178343552639,11.383692741394041,11.383692741394043,28958,0.0,0.0
2012-02-29 00:00:00+08:00,11.636664391075541,11.636664391075541,11.193965911865234,11.193965911865234,49371,0.0,0.0
2012-03-01 00:00:00+08:00,11.193963883473389,11.320448322265408,11.01688406576165,11.029531478881836,43674,0.0,0.0
2012-03-02 00:00:00+08:00,11.307801600506851,11.320449014400303,10.8777494430542,10.8777494430542,37503,0.0,0.0
2012-03-05 00:00:00+08:00,10.877750092504884,10.877750092504884,10.776562758300873,10.814508438110352,11868,0.0,0.0
2012-03-06 00:00:00+08:00,10.751265335577289,10.751265335577289,10.06824311824659,10.118837356567383,37503,0.0,0.0
2012-03-07 00:00:00+08:00,9.865865730832338,10.068242675210245,9.865865730832338,9.878514289855957,16615,0.0,0.0
2012-03-08 00:00:00+08:00,9.903813210148813,10.245323181152344,9.903813210148813,10.245323181152344,9019,0.0,0.0
2012-03-09 00:00:00+08:00,10.270621426997659,10.346512794494629,10.270621426997659,10.346512794494629,2848,0.0,0.0
2012-03-12 00:00:00+08:00,10.371807933926096,10.384456492757215,10.308565139770508,10.308565139770508,18039,0.0,0.0
2012-03-13 00:00:00+08:00,10.725967581197395,10.725967581197395,10.24532234561492,10.308565139770508,15191,0.0,0.0
2012-03-14 00:00:00+08:00,10.40975361041945,10.40975361041945,10.118836757303741,10.308565139770508,20887,0.0,0.0
2012-03-15 00:00:00+08:00,10.308565750270354,10.308565750270354,10.118837356567383,10.118837356567383,20413,0.0,0.0
2012-03-16 00:00:00+08:00,9.992352762378715,10.498293993024086,9.992352762378715,10.144135475158691,12342,0.0,0.0
2012-03-19 00:00:00+08:00,10.548889533381994,10.548889533381994,10.16943270456997,10.207378387451172,7120,0.0,0.0
2012-03-20 00:00:00+08:00,10.599483777223597,10.599483777223597,10.005001412084761,10.207378387451172,10443,0.0,0.0
2012-03-21 00:00:00+08:00,10.321214309850554,10.359159988591147,10.118837356567383,10.118837356567383,9494,0.0,0.0
2012-03-22 00:00:00+08:00,10.245322952369364,10.245322952369364,10.118837356567383,10.118837356567383,6171,0.0,0.0
2012-03-23 00:00:00+08:00,10.118837582525877,10.245323181152344,10.118837582525877,10.245323181152344,7120,0.0,0.0
2012-03-26 00:00:00+08:00,10.245322011114952,10.308564803205725,10.131484985351562,10.131484985351562,8545,0.0,0.0
2012-03-27 00:00:00+08:00,10.182080154468373,10.359159988591147,10.118837356567383,10.118837356567383,19463,0.0,0.0
2012-03-28 00:00:00+08:00,10.144134879716164,10.283267879643066,10.118836617116578,10.232673645019531,6171,0.0,0.0
2012-03-29 00:00:00+08:00,10.308565272172567,10.308565272172567,9.739381262749564,9.865865707397461,25160,0.0,0.0
2012-03-30 00:00:00+08:00,9.865865749888385,9.992352485656738,9.865865749888385,9.992352485656738,4747,0.0,0.0
2012-04-02 00:00:00+08:00,9.992353191646393,9.992353191646393,9.321979514735833,9.853219032287598,19463,0.0,0.0
2012-04-03 00:00:00+08:00,9.499059655008152,9.80262510323117,9.473761961678916,9.486411094665527,22312,0.0,0.0
2012-04-05 00:00:00+08:00,8.828684880259743,9.17019594571502,8.828684880259743,8.866630554199219,22786,0.0,0.0
2012-04-06 00:00:00+08:00,8.92987320881272,9.246086580873907,8.917224651024519,8.993115425109863,10918,0.0,0.0
2012-04-09 00:00:00+08:00,8.853981158138259,9.57494836873023,8.853981158138259,9.410517692565918,6646,0.0,0.0
2012-04-10 00:00:00+08:00,9.473761783082841,9.473761783082841,9.01841476462033,9.385222434997559,4747,0.0,0.0
2012-04-11 00:00:00+08:00,9.233438148849078,9.233438148849078,9.056358337402344,9.056358337402344,1898,0.0,0.0
2012-04-12 00:00:00+08:00,9.005766486090401,9.347277641296387,9.005766486090401,9.347277641296387,4747,0.0,0.0
2012-04-13 00:00:00+08:00,9.119604110469758,9.486411815639565,9.005766486090401,9.347277641296387,27534,0.0,0.0
2012-04-16 00:00:00+08:00,9.056358312870067,9.056358312870067,9.043709754943848,9.043709754943848,949,0.0,0.0
2012-04-17 00:00:00+08:00,8.942522566355361,9.018414497375488,8.664254824953362,9.018414497375488,10443,0.0,0.0
2012-04-18 00:00:00+08:00,9.435816643746348,9.435816643746348,8.61366081237793,8.61366081237793,5221,0.0,0.0
2012-04-19 00:00:00+08:00,8.613660343494688,9.043710789539778,8.613660343494688,8.879280090332031,20413,0.0,0.0
2012-04-20 00:00:00+08:00,8.499824387194245,9.043711327294725,8.499824387194245,8.853982925415039,7120,0.0,0.0
2012-04-23 00:00:00+08:00,8.828685073050853,9.06900767991543,8.601011597086195,8.967819213867188,12817,0.0,0.0
2012-04-24 00:00:00+08:00,9.157547835397596,9.157547835397596,9.031062814150644,9.094305038452148,2848,0.0,0.0
2012-04-25 00:00:00+08:00,9.018414428899968,9.144899452589245,8.98046875,8.98046875,11393,0.0,0.0
2012-04-26 00:00:00+08:00,8.980468930566827,9.081657409667969,8.853982759046435,9.081657409667969,20413,0.0,0.0
2012-04-27 00:00:00+08:00,8.891926857354887,8.891926857354887,8.49982271585832,8.550416946411133,25160,0.0,0.0
2012-04-30 00:00:00+08:00,8.853982268364936,8.853982268364936,8.601012229919434,8.601012229919434,4747,0.0,0.0
2012-05-02 00:00:00+08:00,8.601012229919434,9.043710656164961,8.398635282932739,8.601012229919434,59815,0.0,0.0
2012-05-03 00:00:00+08:00,8.601012824960172,8.85398288090681,8.601012824960172,8.61366081237793,43674,0.0,0.0
2012-05-04 00:00:00+08:00,8.664255574898377,8.967821034678527,8.63895845325003,8.917226791381836,18039,0.0,0.0
2012-05-07 00:00:00+08:00,8.601012387851023,8.626308934044923,8.360689186247583,8.373337745666504,9969,0.0,0.0
2012-05-08 00:00:00+08:00,8.664253701142892,8.664253701142892,8.221554168036265,8.411282539367676,21362,0.0,0.0
2012-05-09 00:00:00+08:00,8.41128236696476,8.4745251561123,8.322742462158203,8.322742462158203,9019,0.0,0.0
2012-05-10 00:00:00+08:00,8.47452754853266,8.588364601135254,8.34804250717381,8.588364601135254,2373,0.0,0.0
2012-05-11 00:00:00+08:00,8.246851220038083,8.563064575195312,8.1330142060297,8.563064575195312,8545,0.0,0.0
2012-05-14 00:00:00+08:00,8.107717804846848,8.284797619988904,8.031826455500251,8.259500503540039,12817,0.0,0.0
2012-05-15 00:00:00+08:00,8.158312013770695,8.246851921081543,7.905340850025421,8.246851921081543,13767,0.0,0.0
2012-05-16 00:00:00+08:00,7.968583583831786,8.208905597752759,7.968583583831786,7.968583583831787,1898,0.0,0.0
2012-05-17 00:00:00+08:00,8.449229371831287,8.449229371831287,8.006529808044434,8.006529808044434,17564,0.0,0.0
2012-05-18 00:00:00+08:00,7.968584107596665,7.968584107596665,7.601775925045798,7.943286418914795,21837,0.0,0.0
2012-05-21 00:00:00+08:00,7.9053430122713735,7.9053430122713735,7.589128971099854,7.5891289710998535,10443,0.0,0.0
2012-05-22 00:00:00+08:00,7.627073454244145,7.71561336517334,7.5891272054877215,7.71561336517334,16615,0.0,0.0
2012-05-23 00:00:00+08:00,7.71561336517334,7.71561336517334,7.209671017006508,7.71561336517334,9494,0.0,0.0
2012-05-24 00:00:00+08:00,7.71561336517334,7.71561336517334,7.71561336517334,7.71561336517334,0,0.0,0.0
2012-05-25 00:00:00+08:00,7.272913693243767,7.702964682250537,7.184374356386275,7.197022914886475,18989,0.0,0.0
2012-05-28 00:00:00+08:00,6.956700081393058,7.08318566235887,6.729026035654597,6.830214500427246,24211,0.0,0.0
2012-05-29 00:00:00+08:00,7.045240141622436,7.298210736423754,6.868160324410788,7.108482360839844,49371,0.0,0.0
2012-05-30 00:00:00+08:00,7.12113184604583,7.209671766175354,7.12113184604583,7.146429538726807,22312,0.0,0.0
2012-05-31 00:00:00+08:00,7.133780020801346,7.133780020801346,6.893457412719727,6.893457412719727,3323,0.0,0.0
2012-06-01 00:00:00+08:00,6.969349519677887,7.083186556924073,6.779621124267578,6.779621124267578,23736,0.0,0.0
2012-06-04 00:00:00+08:00,6.450759144866998,6.779621124267578,6.450759144866998,6.779621124267578,19463,0.0,0.0
2012-06-05 00:00:00+08:00,6.779621700164531,6.779621700164531,6.6151909828186035,6.6151909828186035,1898,0.0,0.0
2012-06-06 00:00:00+08:00,6.615190487155433,6.817566871643066,6.577244235049298,6.817566871643066,8070,0.0,0.0
2012-06-07 00:00:00+08:00,6.665784428587135,7.057888620221053,6.3495704471985945,6.70373010635376,35129,0.0,0.0
2012-06-08 00:00:00+08:00,6.4507585544771695,6.79226906231586,6.4507585544771695,6.754323959350586,8545,0.0,0.0
2012-06-11 00:00:00+08:00,6.514000914157212,6.855511399294848,6.476054668426515,6.476054668426514,7120,0.0,0.0
2012-06-12 00:00:00+08:00,6.4887035170387595,6.804918046250168,6.4887035170387595,6.627837657928467,4747,0.0,0.0
2012-06-13 00:00:00+08:00,6.577243424877665,6.640486216191168,6.577243424877665,6.627837657928467,18039,0.0,0.0
2012-06-14 00:00:00+08:00,6.57724380493164,6.57724380493164,6.57724380493164,6.577243804931641,3323,0.0,0.0
2012-06-15 00:00:00+08:00,6.450758274011132,6.602540969848634,6.450758274011132,6.602540969848633,3797,0.0,0.0
2012-06-18 00:00:00+08:00,6.640485838296591,6.678431510925293,6.425460932711137,6.678431510925293,39402,0.0,0.0
2012-06-19 00:00:00+08:00,6.703730567331816,6.703730567331816,6.450759364825569,6.640487194061279,19463,0.0,0.0
2012-06-20 00:00:00+08:00,6.476055025391246,6.627837726104949,6.463407039642334,6.463407039642334,2848,0.0,0.0
2012-06-21 00:00:00+08:00,6.653135731537011,6.653135731537011,6.57724380493164,6.577243804931641,4272,0.0,0.0
2012-06-22 00:00:00+08:00,6.577244393434718,6.640487194061279,6.577244393434718,6.640487194061279,3797,0.0,0.0
2012-06-25 00:00:00+08:00,6.577243941154408,6.70373010635376,6.577243941154408,6.70373010635376,11393,0.0,0.0
2012-06-26 00:00:00+08:00,6.766971651028714,6.766971651028714,6.602540969848634,6.602540969848633,5696,0.0,0.0
2012-06-27 00:00:00+08:00,7.057888507843018,7.057888507843018,7.057888507843018,7.057888507843018,11868,0.0,0.0
2012-06-28 00:00:00+08:00,7.551181793212891,7.551181793212891,7.551181793212891,7.551181793212891,14716,0.0,0.0
2012-06-29 00:00:00+08:00,8.06977367401123,8.06977367401123,8.06977367401123,8.06977367401123,17090,0.0,0.0
2012-07-02 00:00:00+08:00,8.626308775648837,8.626308775648837,8.095069862452698,8.601012229919434,256352,0.0,0.0
2012-07-03 00:00:00+08:00,8.297447554071178,8.752795153011235,8.246853312784063,8.714849472045898,74057,0.0,0.0
2012-07-04 00:00:00+08:00,8.714849989231158,9.321980348062887,8.714849989231158,9.246088981628418,172325,0.0,0.0
2012-07-05 00:00:00+08:00,8.879281936313614,9.246089661751123,8.62631069625736,8.841336250305176,56967,0.0,0.0
2012-07-06 00:00:00+08:00,8.702198521235957,8.714847078083187,8.47452449798584,8.47452449798584,18989,0.0,0.0
2012-07-09 00:00:00+08:00,8.34804045994918,8.34804045994918,7.981232269294716,8.284797668457031,30857,0.0,0.0
2012-07-10 00:00:00+08:00,7.9812327368040945,8.044475532000758,7.9812327368040945,8.031826972961426,9019,0.0,0.0
2012-07-11 00:00:00+08:00,7.791505130181628,7.791505130181628,7.665020099786693,7.728262901306152,25160,0.0,0.0
2012-07-12 00:00:00+08:00,7.728261630757759,8.259500503540039,7.728261630757759,8.259500503540039,36553,0.0,0.0
2012-07-13 00:00:00+08:00,8.702199228077573,8.82868480682373,8.474525186334487,8.82868480682373,126752,0.0,0.0
2012-07-16 00:00:00+08:00,9.397869184481095,9.43581485748291,9.29668072314292,9.43581485748291,171376,0.0,0.0
2012-07-17 00:00:00+08:00,9.612894822406037,9.612894822406037,8.778090575325267,8.82868480682373,88773,0.0,0.0
2012-07-18 00:00:00+08:00,8.22155538604885,8.588363624965071,8.22155538604885,8.575715065002441,50321,0.0,0.0
2012-07-19 00:00:00+08:00,8.221554623941556,9.170196533203125,8.221554623941556,9.170196533203125,114883,0.0,0.0
2012-07-20 00:00:00+08:00,9.359924870658126,9.359924870658126,8.917225860662013,8.929874420166016,123429,0.0,0.0
2012-07-23 00:00:00+08:00,8.853982490498058,9.208142156610107,8.714848908597986,8.929874420166016,22312,0.0,0.0
2012-07-24 00:00:00+08:00,8.980469099312138,8.980469099312138,8.702200776555266,8.853982925415039,25635,0.0,0.0
2012-07-25 00:00:00+08:00,8.373338213297146,9.094305567795974,8.373338213297146,8.853982925415039,33705,0.0,0.0
2012-07-26 00:00:00+08:00,8.85398173555855,9.069007801436214,8.638956814968685,9.031062126159668,17564,0.0,0.0
2012-07-27 00:00:00+08:00,8.866632240821396,9.043711513579316,8.72749807657704,8.74014663696289,23261,0.0,0.0
2012-07-30 00:00:00+08:00,8.411283719000487,8.853982741549153,8.31009581274328,8.537769317626953,65512,0.0,0.0
2012-07-31 00:00:00+08:00,8.34803950215738,8.537767282221983,8.133014035754492,8.47452449798584,43674,0.0,0.0
2012-08-01 00:00:00+08:00,8.537767282221983,8.664252850694272,8.44922795693521,8.47452449798584,15665,0.0,0.0
2012-08-02 00:00:00+08:00,8.47452449798584,8.47452449798584,8.47452449798584,8.47452449798584,0,0.0,0.0
2012-08-03 00:00:00+08:00,8.310095521215842,8.385986877729367,8.310095521215842,8.373337745666504,4272,0.0,0.0
2012-08-06 00:00:00+08:00,8.373338081632708,8.385987214203098,8.22155536251563,8.348041534423828,30382,0.0,0.0
2012-08-07 00:00:00+08:00,8.234204827566023,8.234204827566023,7.943287937511672,7.993882179260254,18989,0.0,0.0
2012-08-08 00:00:00+08:00,8.006530027044512,8.019179158999762,7.880044433931406,7.917990684509277,11868,0.0,0.0
2012-08-09 00:00:00+08:00,8.082419783902795,8.461875915527344,8.044474113475959,8.461875915527344,16140,0.0,0.0
2012-08-10 00:00:00+08:00,8.980467117983345,8.980467117983345,8.638956069946289,8.638956069946289,31331,0.0,0.0
2012-08-13 00:00:00+08:00,8.22155488167545,8.601012229919434,8.22155488167545,8.601012229919434,27059,0.0,0.0
2012-08-14 00:00:00+08:00,8.575714538902163,8.638957334835506,8.322743355168797,8.601012229919434,60290,0.0,0.0
2012-08-15 00:00:00+08:00,8.47452449798584,8.47452449798584,8.47452449798584,8.47452449798584,949,0.0,0.0
2012-08-16 00:00:00+08:00,8.601010639101954,8.664252850694272,8.47452449798584,8.47452449798584,11393,0.0,0.0
2012-08-17 00:00:00+08:00,8.601012824960172,8.626309372439659,8.601012824960172,8.61366081237793,10918,0.0,0.0
2012-08-20 00:00:00+08:00,8.651604834872893,8.651604834872893,8.537767816129067,8.550416946411133,7595,0.0,0.0
2012-08-21 00:00:00+08:00,8.601010970586021,8.980467117983345,8.601010970586021,8.638956069946289,16140,0.0,0.0
2012-08-22 00:00:00+08:00,8.638957932501388,8.727497852933492,8.46187809163718,8.61366081237793,16140,0.0,0.0
2012-08-23 00:00:00+08:00,8.613660879273537,8.790740721512986,8.613660879273537,8.651606559753418,23261,0.0,0.0
2012-08-24 00:00:00+08:00,8.550417962093325,8.790740013122559,8.512471712027315,8.790740013122559,10443,0.0,0.0
2012-08-27 00:00:00+08:00,8.841334046994008,9.397870063781738,8.841334046994008,9.397870063781738,86400,0.0,0.0
2012-08-28 00:00:00+08:00,9.347275043179526,9.347275043179526,8.993115425109863,8.993115425109863,50321,0.0,0.0
2012-08-29 00:00:00+08:00,8.99311613749705,9.334627224831216,8.980468151350811,9.170196533203125,15665,0.0,0.0
2012-08-30 00:00:00+08:00,9.182844015815816,9.233438248202141,9.106952667236328,9.106952667236328,10443,0.0,0.0
2012-08-31 00:00:00+08:00,9.119604110469758,9.66349167389452,9.119604110469758,9.347277641296387,32281,0.0,0.0
2012-09-03 00:00:00+08:00,9.372572610130943,9.372572610130943,9.208141350965446,9.220789909362793,13292,0.0,0.0
2012-09-04 00:00:00+08:00,9.170196248417307,9.220789909362793,9.144898558978717,9.220789909362793,9494,0.0,0.0
2012-09-05 00:00:00+08:00,9.22078969010556,9.22078969010556,8.967819100817819,9.106952667236328,15191,0.0,0.0
2012-09-06 00:00:00+08:00,8.993115644367098,9.170196030363119,8.993115644367098,9.106952667236328,19938,0.0,0.0
2012-09-07 00:00:00+08:00,9.04371018744441,9.612895321344562,8.967819408901626,9.473760604858398,24685,0.0,0.0
2012-09-10 00:00:00+08:00,9.473762486345096,9.676140035678959,9.094306227695654,9.233440399169922,83077,0.0,0.0
2012-09-11 00:00:00+08:00,9.069009934346209,9.309332028307654,8.588364601135254,8.588364601135254,105864,0.0,0.0
2012-09-12 00:00:00+08:00,8.221555321060789,8.828686194467823,8.221555321060789,8.537769317626953,87824,0.0,0.0
2012-09-13 00:00:00+08:00,8.487175011341842,8.72749705798075,8.411283085240186,8.499823570251465,45573,0.0,0.0
2012-09-14 00:00:00+08:00,8.60101137281397,9.09430398664872,8.60101137281397,9.043709754943848,163306,0.0,0.0
2012-09-17 00:00:00+08:00,9.005765625029522,9.094305545691505,8.626309394836426,8.626309394836426,93521,0.0,0.0
2012-09-18 00:00:00+08:00,8.980467872457119,9.220789909362793,8.980467872457119,9.220789909362793,52219,0.0,0.0
2012-09-19 00:00:00+08:00,9.865865707397461,9.865865707397461,9.865865707397461,9.865865707397461,64088,0.0,0.0
2012-09-20 00:00:00+08:00,10.548888206481934,10.548888206481934,10.371808375310446,10.548888206481934,465707,0.0,0.0
2012-09-21 00:00:00+08:00,10.915695963664163,10.915695963664163,10.118836757303741,10.308565139770508,205556,0.0,0.0
2012-09-24 00:00:00+08:00,10.308565316570139,10.308565316570139,9.992352485656738,9.992352485656738,73582,0.0,0.0
2012-09-25 00:00:00+08:00,10.220025403233787,10.46034802514674,9.929108545128635,9.992352485656738,122479,0.0,0.0
2012-09-26 00:00:00+08:00,9.878514724543619,10.118837356567383,9.865866164963421,10.118837356567383,28483,0.0,0.0
2012-09-27 00:00:00+08:00,9.764676974751836,10.245322203675416,9.764676974751836,10.232673645019531,31806,0.0,0.0
2012-09-28 00:00:00+08:00,10.207376015800554,10.207376015800554,9.967053413391115,9.967053413391113,30382,0.0,0.0
2012-10-01 00:00:00+08:00,9.96705461904168,10.118837333660451,9.739381692401418,10.106188774108887,54593,0.0,0.0
2012-10-02 00:00:00+08:00,9.979702701209069,10.359159469604492,9.903812492817828,10.359159469604492,34655,0.0,0.0
2012-10-03 00:00:00+08:00,10.371806374476686,10.48564338684082,10.042945039601289,10.48564338684082,67885,0.0,0.0
2012-10-04 00:00:00+08:00,10.371806474999618,10.536237716674805,10.270618018584118,10.536237716674805,49846,0.0,0.0
2012-10-05 00:00:00+08:00,10.523591247637254,10.637428283691406,10.435051330706246,10.637428283691406,50795,0.0,0.0
2012-10-08 00:00:00+08:00,10.751264953164384,11.37104320526123,10.751264953164384,11.37104320526123,222646,0.0,0.0
2012-10-09 00:00:00+08:00,11.067477872168736,11.244557701369494,10.751265036740964,11.004236221313477,111086,0.0,0.0
2012-10-11 00:00:00+08:00,10.498293852168452,11.004236221313477,10.498293852168452,11.004236221313477,85450,0.0,0.0
2012-10-12 00:00:00+08:00,11.371043904329479,11.76314926147461,11.231909745342497,11.76314926147461,198435,0.0,0.0
2012-10-15 00:00:00+08:00,11.573420962102672,12.167903282872244,11.004236906653789,11.282504081726074,146215,0.0,0.0
2012-10-16 00:00:00+08:00,11.383692741394041,11.383692741394041,10.751265875889022,11.383692741394043,179446,0.0,0.0
2012-10-17 00:00:00+08:00,11.396340668467744,11.560771942138672,11.282503632849407,11.560771942138672,197486,0.0,0.0
2012-10-18 00:00:00+08:00,11.383691654794383,11.826391220092773,11.383691654794383,11.826391220092773,142892,0.0,0.0
2012-10-19 00:00:00+08:00,11.826391220092773,11.826391220092773,11.826391220092773,11.826391220092773,0,0.0,0.55
2012-10-22 00:00:00+08:00,11.826391220092773,11.826391220092773,11.826391220092773,11.826391220092773,0,0.0,0.0
2012-10-23 00:00:00+08:00,11.826391220092773,11.826391220092773,11.826391220092773,11.826391220092773,0,0.0,0.0
2012-10-24 00:00:00+08:00,11.826391220092773,11.826391220092773,11.826391220092773,11.826391220092773,0,0.0,0.0
2012-10-25 00:00:00+08:00,11.826391220092773,11.826391220092773,11.826391220092773,11.826391220092773,0,0.0,0.0
2012-10-26 00:00:00+08:00,11.826391220092773,11.826391220092773,11.826391220092773,11.826391220092773,0,0.0,0.0
2012-10-29 00:00:00+08:00,11.826391220092773,11.826391220092773,11.826391220092773,11.826391220092773,0,0.0,0.0
2012-10-30 00:00:00+08:00,11.826391220092773,11.826391220092773,11.826391220092773,11.826391220092773,0,0.0,0.0
2012-10-31 00:00:00+08:00,11.826391220092773,11.826391220092773,11.826391220092773,11.826391220092773,0,0.0,0.0
2012-11-01 00:00:00+08:00,11.687260097255278,11.687260097255278,11.026373863220215,11.026373863220215,37115,0.0,0.0
2012-11-02 00:00:00+08:00,10.261133193969727,11.026371014425077,10.261133193969727,10.261133193969727,244268,0.0,0.0
2012-11-05 00:00:00+08:00,10.087215851842739,10.469834775131604,9.913298159438709,10.191566467285156,50062,0.0,0.0
2012-11-06 00:00:00+08:00,10.121997769513934,10.33069896697998,10.121997769513934,10.33069896697998,19852,0.0,0.0
2012-11-07 00:00:00+08:00,10.400270030177175,11.026373863220215,10.400270030177175,11.026373863220215,137239,0.0,0.0
2012-11-08 00:00:00+08:00,10.956803209004377,11.791606903076172,10.71331846419117,11.791606903076172,318498,0.0,0.0
2012-11-09 00:00:00+08:00,11.652472856203026,12.348142415934996,11.408988109446113,11.965524673461914,240816,0.0,0.0
2012-11-12 00:00:00+08:00,11.617690340197704,11.8959586466187,11.617690340197704,11.756824493408203,29346,0.0,0.0
2012-11-13 00:00:00+08:00,11.548122927853084,11.722040614309885,11.339421704104922,11.443772315979004,86314,0.0,0.0
2012-11-14 00:00:00+08:00,11.165504531491548,11.47855638152063,11.130720992599429,11.339422225952148,41430,0.0,0.0
2012-11-15 00:00:00+08:00,11.061152649820936,11.408987998962402,11.061152649820936,11.408987998962402,38841,0.0,0.0
2012-11-16 00:00:00+08:00,11.304637394219963,11.408987998962402,11.200286789477524,11.408987998962402,40567,0.0,0.0
2012-11-19 00:00:00+08:00,11.37420576484427,11.47855638152063,11.304638687060029,11.339422225952148,25031,0.0,0.0
2012-11-20 00:00:00+08:00,11.40898831551787,11.478555387276382,10.922019958496094,10.922019958496094,16399,0.0,0.0
2012-11-21 00:00:00+08:00,11.13072128738542,11.13072128738542,10.574185795660116,10.678536415100098,65598,0.0,0.0
2012-11-22 00:00:00+08:00,10.435050276602048,10.57418441772461,10.087214923795646,10.57418441772461,16399,0.0,0.0
2012-11-23 00:00:00+08:00,10.295917800250113,10.574186127489082,9.878515309391661,10.052433013916016,38841,0.0,0.0
2012-11-26 00:00:00+08:00,10.122000095725758,10.22635071844037,10.017649473011145,10.052433013916016,37115,0.0,0.0
2012-11-27 00:00:00+08:00,9.739380776695652,10.748102160804082,9.600246634709968,9.982864379882812,104439,0.0,0.0
2012-11-28 00:00:00+08:00,9.982865065431769,10.226349830627441,9.982865065431769,10.226349830627441,15536,0.0,0.0
2012-11-29 00:00:00+08:00,10.40026690097065,10.40026690097065,10.156782150268555,10.156782150268555,21578,0.0,0.0
2012-11-30 00:00:00+08:00,10.156782576255267,10.748102709903831,10.156782576255267,10.643752098083496,32799,0.0,0.0
2012-12-03 00:00:00+08:00,10.469835458781857,10.469835458781857,10.435051918029785,10.435051918029785,9494,0.0,0.0
2012-12-04 00:00:00+08:00,10.121999611356111,10.713319778442383,10.121999611356111,10.713319778442383,36251,0.0,0.0
2012-12-05 00:00:00+08:00,10.469835877444996,10.782887756731819,10.435052335302016,10.539402961730957,47472,0.0,0.0
2012-12-06 00:00:00+08:00,10.713319348272345,11.23507127064015,10.539401659053787,10.608968734741211,56967,0.0,0.0
2012-12-07 00:00:00+08:00,10.469834327697754,10.64375201266932,10.469834327697754,10.469834327697754,30209,0.0,0.0
2012-12-10 00:00:00+08:00,10.74810349472675,10.74810349472675,10.50461871603346,10.678536415100098,11220,0.0,0.0
2012-12-11 00:00:00+08:00,10.435049565713005,10.435049565713005,10.295915434068974,10.33069896697998,38841,0.0,0.0
2012-12-12 00:00:00+08:00,10.330701050913955,10.330701050913955,10.295917510986328,10.295917510986328,3452,0.0,0.0
2012-12-13 00:00:00+08:00,10.295916894147807,10.608968734741211,10.226349818460383,10.608968734741211,37115,0.0,0.0
2012-12-14 00:00:00+08:00,10.608969335473443,10.678536415100096,10.435051636406806,10.678536415100098,19852,0.0,0.0
2012-12-17 00:00:00+08:00,10.643752098083496,10.643752098083496,10.643752098083496,10.643752098083496,3452,0.0,0.0
2012-12-18 00:00:00+08:00,10.435051045522652,10.608968734741211,10.435051045522652,10.608968734741211,4315,0.0,0.0
2012-12-19 00:00:00+08:00,10.435051636406806,10.678536415100096,10.435051636406806,10.678536415100098,30209,0.0,0.0
2012-12-20 00:00:00+08:00,10.435050618201426,10.643751836717263,10.435050618201426,10.504617691040039,13810,0.0,0.0
2012-12-21 00:00:00+08:00,10.08721651050907,10.678536703294286,10.08721651050907,10.435051918029785,24167,0.0,0.0
2012-12-24 00:00:00+08:00,10.539401659053787,10.678535810428633,10.539401659053787,10.608968734741211,54377,0.0,0.0
2012-12-25 00:00:00+08:00,10.608966882044168,11.130718713295837,10.46983275496701,10.991585731506348,51788,0.0,0.0
2012-12-26 00:00:00+08:00,10.887235023941889,11.09593506711808,10.782884429709965,10.817667961120605,27620,0.0,0.0
2012-12-27 00:00:00+08:00,10.087213801497134,10.817667961120605,10.087213801497134,10.817667961120605,55240,0.0,0.0
2012-12-28 00:00:00+08:00,10.782885551452637,10.817669086481807,10.574184341277618,10.782885551452637,32799,0.0,0.0
2013-01-02 00:00:00+08:00,11.095937526879872,11.51333999633789,11.095937526879872,11.51333999633789,131197,0.0,0.0
2013-01-03 00:00:00+08:00,12.313359260559082,12.313359260559082,11.895957969957914,12.313359260559082,204564,0.0,0.0
2013-01-04 00:00:00+08:00,12.522060478503574,12.869895841744396,12.069875651578325,12.313359260559082,247721,0.0,0.0
2013-01-07 00:00:00+08:00,12.035092034312857,12.591627466467404,12.035092034312857,12.52206039428711,103576,0.0,0.0
2013-01-08 00:00:00+08:00,12.313361174706678,13.078599092794931,12.313361174706678,12.869897842407227,164859,0.0,0.0
2013-01-09 00:00:00+08:00,12.869895631059872,13.739482879638674,12.869895631059872,13.739482879638672,229595,0.0,0.0
2013-01-10 00:00:00+08:00,14.60907355916163,14.678639496267067,13.739485029243928,13.878619194030762,491989,0.0,0.0
2013-01-11 00:00:00+08:00,13.009030600773817,13.739483752752653,13.009030600773817,13.565566062927246,451422,0.0,0.0
2013-01-14 00:00:00+08:00,13.356866694010154,13.356866694010154,12.730762977189338,13.009031295776367,147596,0.0,0.0
2013-01-15 00:00:00+08:00,12.869897136482852,13.287299614363397,12.869897136482852,13.009031295776367,75093,0.0,0.0
2013-01-16 00:00:00+08:00,13.009030169448607,13.043813706260412,12.591627727706957,12.661194801330566,63009,0.0,0.0
2013-01-17 00:00:00+08:00,12.869897378817369,12.869897378817369,12.104660633581899,12.174227714538574,80272,0.0,0.0
2013-01-18 00:00:00+08:00,12.000308747194119,12.661194801330565,12.000308747194119,12.661194801330566,39704,0.0,0.0
2013-01-21 00:00:00+08:00,12.243791507580287,12.452492713928223,12.243791507580287,12.452492713928223,24167,0.0,0.0
2013-01-22 00:00:00+08:00,12.452494893077318,12.452494893077318,12.104660633581899,12.174227714538574,38841,0.0,0.0
2013-01-23 00:00:00+08:00,12.452494658602308,13.009031295776367,12.243793419662035,13.009031295776367,84587,0.0,0.0
2013-01-24 00:00:00+08:00,13.18294753157469,13.913400641496782,13.18294753157469,13.530781745910645,405675,0.0,0.0
2013-01-25 00:00:00+08:00,13.252515280677756,13.356865893897002,12.83511282780077,12.974246978759766,96671,0.0,0.0
2013-01-28 00:00:00+08:00,12.904680676306231,13.009031295776367,12.626412357719202,13.009031295776367,50925,0.0,0.0
2013-01-29 00:00:00+08:00,12.869897034039354,13.356866587690412,12.869897034039354,13.217732429504395,96671,0.0,0.0
2013-01-30 00:00:00+08:00,13.07859844612784,13.18294906616211,12.939464286082147,13.18294906616211,50062,0.0,0.0
2013-01-31 00:00:00+08:00,13.113380965435779,13.426431655883789,12.869896204307889,13.426431655883789,114797,0.0,0.0
2013-02-01 00:00:00+08:00,13.287298202514648,13.426431201736582,13.113380521877469,13.287298202514648,70777,0.0,0.0
2013-02-04 00:00:00+08:00,13.21773082316028,14.191668666812301,13.21773082316028,13.774266242980957,166586,0.0,0.0
2013-02-05 00:00:00+08:00,13.565566062927246,13.878617904612979,13.42643191106692,13.565566062927246,52651,0.0,0.0
2013-02-06 00:00:00+08:00,13.843833218151072,14.087317963706928,13.600348472595215,13.600348472595215,75956,0.0,0.0
2013-02-18 00:00:00+08:00,13.91340144257806,13.91340144257806,12.765545835018248,13.565566062927246,84587,0.0,0.0
2013-02-19 00:00:00+08:00,13.426430225956999,13.913399696350098,13.39164783764522,13.913399696350098,109618,0.0,0.0
2013-02-20 00:00:00+08:00,13.91340038425807,14.122101596173744,13.774266242980955,13.774266242980957,86314,0.0,0.0
2013-02-21 00:00:00+08:00,13.982969284057617,14.122103443535357,13.913402204318748,13.982969284057617,64735,0.0,0.0
2013-02-22 00:00:00+08:00,14.261235833345207,14.261235833345207,13.774266335600862,13.9481840133667,25031,0.0,0.0
2013-02-25 00:00:00+08:00,13.913402798992024,14.122104047128742,13.913402798992024,14.052536964416504,69051,0.0,0.0
2013-02-26 00:00:00+08:00,13.913400477813532,14.052534620026202,13.913400477813532,13.9481840133667,19852,0.0,0.0
2013-02-27 00:00:00+08:00,13.913402204318748,13.982969284057617,13.913402204318748,13.982969284057617,12947,0.0,0.0
2013-03-01 00:00:00+08:00,14.191670523274226,14.191670523274226,13.843835124579877,13.982969284057617,37115,0.0,0.0
2013-03-04 00:00:00+08:00,13.843833313619513,13.878616848938792,13.774266242980955,13.774266242980957,29346,0.0,0.0
2013-03-05 00:00:00+08:00,13.77426556195207,14.052533830748127,13.77426556195207,13.913399696350098,18125,0.0,0.0
2013-03-06 00:00:00+08:00,13.843833661065425,13.878617197257684,13.704699516296388,13.704699516296387,44883,0.0,0.0
2013-03-07 00:00:00+08:00,13.669915199279787,13.704698733485213,13.217730399896984,13.669915199279785,83724,0.0,0.0
2013-03-08 00:00:00+08:00,13.739482961684901,13.739482961684901,13.426431138023517,13.530781745910645,14673,0.0,0.0
2013-03-11 00:00:00+08:00,13.461215543257994,13.461215543257994,12.904680077208921,12.93946361541748,56967,0.0,0.0
2013-03-12 00:00:00+08:00,13.495998712702377,13.495998712702377,13.39164924621582,13.39164924621582,18298,0.0,0.0
2013-03-13 00:00:00+08:00,13.078598271318379,13.217732429504395,13.078598271318379,13.217732429504395,1726,0.0,0.0
2013-03-14 00:00:00+08:00,13.078598375423125,13.078598375423125,13.009031295776367,13.009031295776367,9969,0.0,0.0
2013-03-15 00:00:00+08:00,13.148165455069881,13.148165455069881,12.869897136482852,13.009031295776367,47386,0.0,0.0
2013-03-18 00:00:00+08:00,13.391650233833532,13.391650233833532,13.009031295776367,13.009031295776367,60419,0.0,0.0
2013-03-19 00:00:00+08:00,13.217732534716639,13.322083154186775,13.009031295776367,13.009031295776367,44020,0.0,0.0
2013-03-20 00:00:00+08:00,13.252514750528013,13.252514750528013,12.939462923393508,13.078597068786621,19852,0.0,0.0
2013-03-21 00:00:00+08:00,13.07859844612784,13.18294906616211,12.8698972060593,13.18294906616211,21578,0.0,0.0
2013-03-22 00:00:00+08:00,12.730764140473108,13.14816665649414,12.730764140473108,13.14816665649414,9796,0.0,0.0
2013-03-25 00:00:00+08:00,12.800330517514215,12.800330517514215,12.73076343536377,12.73076343536377,44883,0.0,0.0
2013-03-26 00:00:00+08:00,12.661194538647699,12.730761610827994,12.313359177746225,12.52206039428711,32195,0.0,0.0
2013-03-27 00:00:00+08:00,12.522059782710869,12.869895126624096,12.313358576362933,12.452492713928223,42380,0.0,0.0
2013-03-28 00:00:00+08:00,12.452494016980241,12.452494016980241,12.174226858019024,12.382926940917969,10357,0.0,0.0
2013-03-29 00:00:00+08:00,12.000309920664467,12.41771125793457,11.965526380451296,12.41771125793457,29519,0.0,0.0
2013-04-01 00:00:00+08:00,12.452493021687959,12.452493021687959,11.756823461955989,11.965524673461914,27619,0.0,0.0
2013-04-02 00:00:00+08:00,12.17422597936836,12.17422597936836,11.89595769520273,12.139442443847656,12947,0.0,0.0
2013-04-03 00:00:00+08:00,12.035092799829197,12.104659876434445,11.687257416802954,11.756824493408203,20715,0.0,0.0
2013-04-08 00:00:00+08:00,11.82639157001345,11.965525723223948,11.235071418868836,11.756824493408203,45530,0.0,0.0
2013-04-09 00:00:00+08:00,11.756823461955989,11.965524673461916,11.756823461955989,11.965524673461914,6041,0.0,0.0
2013-04-10 00:00:00+08:00,11.82639157001345,11.82639157001345,11.687257416802954,11.756824493408203,13810,0.0,0.0
2013-04-11 00:00:00+08:00,11.617689996452103,11.965525369186553,11.617689996452103,11.826391220092773,31936,0.0,0.0
2013-04-12 00:00:00+08:00,11.930740526570805,11.930740526570805,11.895956993103027,11.895956993103027,6041,0.0,0.0
2013-04-15 00:00:00+08:00,11.895959002787968,11.895959002787968,11.687257766723633,11.687257766723633,12083,0.0,0.0
2013-04-16 00:00:00+08:00,12.139443737628888,12.48727798461914,12.139443737628888,12.48727798461914,91706,0.0,0.0
2013-04-17 00:00:00+08:00,12.83511169228883,13.217730573576084,12.591626949651488,12.626410484313965,69266,0.0,0.0
2013-04-18 00:00:00+08:00,12.626412595469006,12.661196135947344,12.035093552625224,12.174227714538574,21578,0.0,0.0
2013-04-19 00:00:00+08:00,12.17422597936836,12.522060189287604,11.89595769520273,12.139442443847656,24167,0.0,0.0
2013-04-22 00:00:00+08:00,11.895958294639664,11.930741831913108,11.826391220092773,11.826391220092773,11220,0.0,0.0
2013-04-23 00:00:00+08:00,11.82638992616747,11.895956993103027,11.82638992616747,11.895956993103027,5394,0.0,0.0
2013-04-24 00:00:00+08:00,11.826391220092773,11.826391220092773,11.722040608272438,11.826391220092773,8717,0.0,0.0
2013-04-25 00:00:00+08:00,11.826391220092773,12.104659518280332,11.826391220092773,11.826391220092773,12083,0.0,0.0
2013-04-26 00:00:00+08:00,12.139442964861546,12.139442964861546,12.0350923538208,12.0350923538208,11220,0.0,0.0
2013-04-29 00:00:00+08:00,12.174228250541042,12.174228250541042,11.756825746423747,12.069877624511719,15536,0.0,0.0
2013-04-30 00:00:00+08:00,12.069875981006888,12.069875981006888,11.826391220092773,11.826391220092773,56665,0.0,0.0
2013-05-02 00:00:00+08:00,12.48727718970952,12.48727718970952,11.79160759472573,12.0350923538208,67022,0.0,0.0
2013-05-03 00:00:00+08:00,12.00030969534971,12.00030969534971,11.65247429974887,11.861175537109375,26757,0.0,0.0
2013-05-06 00:00:00+08:00,11.756824493408201,11.756824493408201,11.687257416802954,11.756824493408203,11220,0.0,0.0
2013-05-07 00:00:00+08:00,11.756823461955989,11.965524673461916,11.756823461955989,11.965524673461914,14553,0.0,0.0
2013-05-08 00:00:00+08:00,11.965525723223948,12.035092799829197,11.722040955105578,11.756824493408203,18989,0.0,0.0
2013-05-09 00:00:00+08:00,12.278577337816904,12.556845664978027,12.174227860419451,12.556845664978027,319491,0.0,0.0
2013-05-10 00:00:00+08:00,13.426431655883789,13.426431655883789,13.148164502739764,13.426431655883789,698668,0.0,0.0
2013-05-13 00:00:00+08:00,13.42643137678924,13.565565523113003,13.217731302591421,13.252514839172363,234602,0.0,0.0
2013-05-14 00:00:00+08:00,13.252514267088912,13.669915542754032,13.148163661850688,13.600348472595215,182121,0.0,0.0
2013-05-15 00:00:00+08:00,13.878616622874523,14.539503783175844,13.600348344852915,14.400369644165039,590862,0.0,0.0
2013-05-16 00:00:00+08:00,14.46993964444616,14.609073811637527,13.982970059276376,14.017753601074219,168312,0.0,0.0
2013-05-17 00:00:00+08:00,13.948183692379926,14.991689734960957,13.565564810100215,14.400369644165039,270939,0.0,0.0
2013-05-20 00:00:00+08:00,14.609073626114416,14.609073626114416,13.843835716279786,14.052536964416504,103878,0.0,0.0
2013-05-21 00:00:00+08:00,14.574285340511109,15.026470085656701,14.36558416031117,14.609068870544434,378322,0.0,0.0
2013-05-22 00:00:00+08:00,14.609071463516228,14.678637390642557,14.087318420410156,14.087318420410156,141217,0.0,0.0
2013-05-23 00:00:00+08:00,14.261236101445514,14.400370246273798,13.982967811788942,14.087318420410156,73927,0.0,0.0
2013-05-24 00:00:00+08:00,14.08731975687704,14.08731975687704,13.217732414490142,13.635133743286133,176555,0.0,0.0
2013-05-27 00:00:00+08:00,13.148165335476156,13.774267901314104,13.148165335476156,13.635133743286133,97534,0.0,0.0
2013-05-28 00:00:00+08:00,13.53078082675552,14.052533830748127,13.53078082675552,13.913399696350098,108841,0.0,0.0
2013-05-29 00:00:00+08:00,14.052536610142667,14.226454312538683,13.948185988705058,14.122103691101074,41862,0.0,0.0
2013-05-30 00:00:00+08:00,14.052533830748127,14.12210089794714,13.77426556195207,13.913399696350098,69914,0.0,0.0
2013-05-31 00:00:00+08:00,13.878616942260363,14.156885226685706,13.878616942260363,13.9481840133667,59556,0.0,0.0
2013-06-03 00:00:00+08:00,14.261235965310117,14.922122001647951,14.122101821809983,14.92212200164795,232314,0.0,0.0
2013-06-04 00:00:00+08:00,15.96562721486691,15.96562721486691,15.443875312805176,15.443875312805176,802159,0.0,0.0
2013-06-05 00:00:00+08:00,15.443876831071771,15.861278164697751,14.469938858893899,14.956907272338867,348572,0.0,0.0
2013-06-06 00:00:00+08:00,14.956905456937847,15.826492703840701,14.956905456937847,15.130823135375977,349614,0.0,0.0
2013-06-07 00:00:00+08:00,15.443874157232646,15.791709496105918,15.096038818359375,15.096038818359375,321523,0.0,0.0
2013-06-10 00:00:00+08:00,15.304742404741495,16.13954734802246,15.096041168921252,16.13954734802246,747480,0.0,0.0
2013-06-11 00:00:00+08:00,16.974351612880284,17.25261878967285,16.904784532360154,17.25261878967285,367783,0.0,0.0
2013-06-13 00:00:00+08:00,18.435256958007812,18.435256958007812,18.435256958007812,18.435256958007812,297015,0.0,0.0
2013-06-14 00:00:00+08:00,19.722244262695312,19.722244262695312,19.722244262695312,19.722244262695312,165416,0.0,0.0
2013-06-17 00:00:00+08:00,21.078803704186434,21.078803704186434,19.896165686414808,20.383132934570312,1656013,0.0,0.0
2013-06-18 00:00:00+08:00,20.383131750401827,21.809255599975586,19.89616453053693,21.809255599975586,1001207,0.0,0.0
2013-06-19 00:00:00+08:00,21.809261757191102,22.644066867915157,21.56577807851807,22.05274772644043,754039,0.0,0.0
2013-06-20 00:00:00+08:00,20.87010383605957,22.017959535589966,20.522268428538855,20.87010383605957,695620,0.0,0.0
2013-06-21 00:00:00+08:00,20.870100831380245,20.870100831380245,19.443977011153066,19.5135440826416,448415,0.0,0.0
2013-06-24 00:00:00+08:00,19.583110809326172,20.52226511259771,19.47876134921847,19.583110809326172,263128,0.0,0.0
2013-06-25 00:00:00+08:00,19.58311128301005,19.58311128301005,18.226554525343673,18.29612159729004,425187,0.0,0.0
2013-06-26 00:00:00+08:00,18.50482499159916,19.47876290793851,18.435257915768645,18.852659225463867,236802,0.0,0.0
2013-06-27 00:00:00+08:00,18.922226301294383,19.374411148904866,18.852659225463867,18.852659225463867,73884,0.0,0.0
2013-06-28 00:00:00+08:00,19.3396291157685,19.3396291157685,18.783092498779297,18.783092498779297,77680,0.0,0.0
2013-07-01 00:00:00+08:00,19.33962655285135,19.33962655285135,19.026574747281032,19.096141815185547,31556,0.0,0.0
2013-07-02 00:00:00+08:00,19.096144345835725,19.096144345835725,18.609174805970174,18.783092498779297,56971,0.0,0.0
2013-07-03 00:00:00+08:00,18.783089006492432,18.783089006492432,18.087419509887695,18.087419509887695,80487,0.0,0.0
2013-07-04 00:00:00+08:00,18.08742229564062,18.296122375063828,17.39175154660376,17.530885696411133,146733,0.0,0.0
2013-07-05 00:00:00+08:00,17.49610215895929,18.191771762708296,17.49610215895929,17.530885696411133,489924,0.0,0.0
2013-07-08 00:00:00+08:00,17.635236206317536,17.948288041565498,17.322185516357422,17.322185516357422,238880,0.0,0.0
2013-07-09 00:00:00+08:00,17.391752738444687,18.504826013181564,17.391752738444687,17.670021057128906,714550,0.0,0.0
2013-07-10 00:00:00+08:00,17.73958813679996,17.87872229614207,17.670021057128906,17.670021057128906,386125,0.0,0.0
2013-07-11 00:00:00+08:00,17.878721237182617,18.296122545198266,17.67002001053086,17.878721237182617,656547,0.0,0.0
2013-07-12 00:00:00+08:00,19.06135828123329,19.096141815185547,18.991791213328774,19.096141815185547,432433,0.0,0.0
2013-07-15 00:00:00+08:00,20.417918360982547,20.417918360982547,19.409196853637695,19.409196853637695,436921,0.0,0.0
2013-07-16 00:00:00+08:00,19.130926646414757,19.130926646414757,18.330905311263017,18.643957138061523,150402,0.0,0.0
2013-07-17 00:00:00+08:00,18.504824311212165,19.061359752105677,18.330905482742665,18.991792678833008,130561,0.0,0.0
2013-07-18 00:00:00+08:00,19.2700620855578,19.617897472022857,17.169137954711914,17.169137954711914,267894,0.0,0.0
2013-07-19 00:00:00+08:00,17.3971767346394,18.83433481271831,17.3971767346394,18.229215621948242,190040,0.220126,0.0
2013-07-22 00:00:00+08:00,17.775378810705515,18.04011849512028,17.624098991039936,17.926658630371094,97602,0.0,0.0
2013-07-23 00:00:00+08:00,17.548458059210525,18.15357730263158,17.472818153782892,17.9644775390625,50400,0.0,0.0
2013-07-24 00:00:00+08:00,17.851019280588524,17.96447914889735,17.661919500073815,17.699739456176758,39440,0.0,0.0
2013-07-25 00:00:00+08:00,17.851017538570026,17.88883749098225,17.62409782409668,17.62409782409668,51200,0.0,0.0
2013-07-26 00:00:00+08:00,17.624096912552556,18.834335327148438,17.624096912552556,18.834335327148438,215253,0.0,0.0
2013-07-29 00:00:00+08:00,19.061255904142268,20.00675470891123,18.683056382234682,18.872156143188477,312800,0.0,0.0
2013-07-30 00:00:00+08:00,18.834335504039643,19.28817491377554,18.758695602416992,18.758695602416992,106400,0.0,0.0
2013-07-31 00:00:00+08:00,18.645236876247804,18.79651668863115,17.888837814331055,17.888837814331055,129852,0.0,0.0
2013-08-01 00:00:00+08:00,17.88883749098225,18.229217062692275,17.62409782409668,17.62409782409668,81668,0.0,0.0
2013-08-02 00:00:00+08:00,17.624096975452574,17.964476530772473,17.170257568359375,17.170257568359375,111080,0.0,0.0
2013-08-05 00:00:00+08:00,17.245896772904832,17.245896772904832,16.489497791637074,16.640777587890625,102400,0.0,0.0
2013-08-06 00:00:00+08:00,16.640778475029524,16.640778475029524,16.186939062074174,16.2625789642334,45607,0.0,0.0
2013-08-07 00:00:00+08:00,16.073478996753693,16.073478996753693,15.12798023223877,15.12798023223877,122949,0.0,0.0
2013-08-08 00:00:00+08:00,15.127979371605848,15.543998804325009,14.522860196741615,15.506178855895996,125724,0.0,0.0
2013-08-09 00:00:00+08:00,15.506177954937344,15.506177954937344,15.05233860015869,15.052338600158691,100008,0.0,0.0
2013-08-12 00:00:00+08:00,15.052340331077575,15.279260034561156,14.787600677013398,15.12798023223877,137153,0.0,0.0
2013-08-13 00:00:00+08:00,15.127980827104928,15.279260635375978,15.014520970901641,15.279260635375977,110720,0.0,0.0
2013-08-14 00:00:00+08:00,15.279260635375978,15.279260635375978,15.014520970901641,15.279260635375977,104000,0.0,0.0
2013-08-15 00:00:00+08:00,15.27926200685047,16.300400804338,15.127982185000466,15.884381294250488,334476,0.0,0.0
2013-08-16 00:00:00+08:00,15.581817296835093,15.884376855996939,15.581817296835093,15.733097076416016,64149,0.0,0.0
2013-08-19 00:00:00+08:00,15.733097325803005,15.733097325803005,15.27925797986638,15.619637489318848,49600,0.0,0.0
2013-08-20 00:00:00+08:00,15.61963887541902,15.61963887541902,15.354899233462763,15.43053913116455,70720,0.0,0.0
2013-08-22 00:00:00+08:00,15.203620731240452,15.392720491579265,14.749781306427305,15.279260635375977,113280,0.0,0.0
2013-08-23 00:00:00+08:00,15.279258277548017,15.279258277548017,15.014518653927135,15.052338600158691,55662,0.0,0.0
2013-08-26 00:00:00+08:00,15.052339902384027,15.052339902384027,14.787600255859685,14.901060104370117,56000,0.0,0.0
2013-08-27 00:00:00+08:00,14.901060019930204,14.901060019930204,14.522860527038574,14.522860527038574,60880,0.0,0.0
2013-08-28 00:00:00+08:00,13.539541244506834,13.615181139727543,13.539541244506834,13.539541244506836,571377,0.0,0.0
2013-08-29 00:00:00+08:00,12.972243633270264,13.388263108389719,12.934423680986677,13.236983299255371,490254,0.0,0.0
2013-08-30 00:00:00+08:00,13.236983031794303,13.766462353066075,13.236983031794303,13.350442886352539,394186,0.0,0.0
2013-09-02 00:00:00+08:00,13.236982172185725,13.426081917502664,13.199162223122338,13.3126220703125,123218,0.0,0.0
2013-09-03 00:00:00+08:00,13.3126220703125,13.426081917502664,13.3126220703125,13.3126220703125,112000,0.0,0.0
2013-09-04 00:00:00+08:00,13.388262837871952,13.463902740910777,13.35044288635254,13.350442886352539,104252,0.0,0.0
2013-09-05 00:00:00+08:00,13.463900566101072,13.463900566101072,13.38826067528028,13.463900566101074,112800,0.0,0.0
2013-09-06 00:00:00+08:00,13.463903336297898,13.577363195873442,13.463903336297898,13.501723289489746,128111,0.0,0.0
2013-09-09 00:00:00+08:00,13.539540456921866,13.615180347742658,13.426080620690676,13.463900566101074,100214,0.0,0.0
2013-09-10 00:00:00+08:00,13.463902651253393,13.539542553788523,13.31262284618313,13.388262748718262,90400,0.0,0.0
2013-09-11 00:00:00+08:00,13.463902740910777,13.463902740910777,13.236983031794303,13.350442886352539,106400,0.0,0.0
2013-09-12 00:00:00+08:00,13.3126220703125,13.350442019375889,13.199162223122338,13.3126220703125,175349,0.0,0.0
2013-09-13 00:00:00+08:00,13.463901245731048,13.463901245731048,13.161341667175295,13.161341667175293,136012,0.0,0.0
2013-09-16 00:00:00+08:00,13.350443476722354,13.577363195873442,13.350443476722354,13.501723289489746,103200,0.0,0.0
2013-09-17 00:00:00+08:00,13.539543828145288,13.766463557108617,13.539543828145288,13.653003692626953,168800,0.0,0.0
2013-09-18 00:00:00+08:00,13.653003314616148,14.598502159118652,13.653003314616148,14.598502159118652,513620,0.0,0.0
2013-09-23 00:00:00+08:00,14.787598688435034,15.619637489318848,14.787598688435034,15.619637489318848,1030129,0.0,0.0
2013-09-24 00:00:00+08:00,15.69527841268335,16.186937736454155,15.014519349000699,15.165799140930176,803280,0.0,0.0
2013-09-25 00:00:00+08:00,15.279259335760978,15.657458824269913,15.241439386910084,15.43053913116455,306000,0.0,0.0
2013-09-26 00:00:00+08:00,15.430542165582832,15.506182078159219,14.976702690124513,14.976702690124512,181200,0.0,0.0
2013-09-27 00:00:00+08:00,15.1279784926218,15.430538062474236,14.901058815232473,15.052338600158691,140480,0.0,0.0
2013-09-30 00:00:00+08:00,14.59850076641268,14.976700268133216,14.59850076641268,14.78760051727295,120313,0.0,0.0
2013-10-01 00:00:00+08:00,14.749780479742558,14.825420379638674,14.485040830106152,14.825420379638672,105224,0.0,0.0
2013-10-02 00:00:00+08:00,14.976701325636643,15.052341231321677,14.636321750053993,14.749781608581543,123200,0.0,0.0
2013-10-03 00:00:00+08:00,15.506178498563932,15.506178498563932,14.787599494971944,15.241438865661621,156016,0.0,0.0
2013-10-04 00:00:00+08:00,15.203619700397937,15.506179296425756,14.901060104370117,14.901060104370117,95680,0.0,0.0
2013-10-07 00:00:00+08:00,14.901060104370117,15.01451995288055,14.749780306356207,14.901060104370117,80096,0.0,0.0
2013-10-08 00:00:00+08:00,14.976701325636643,14.976701325636643,14.67414170289651,14.749781608581543,97377,0.0,0.0
2013-10-09 00:00:00+08:00,14.674141018889673,14.711960969969285,14.598501116730446,14.636321067810059,49600,0.0,0.0
2013-10-11 00:00:00+08:00,14.636323832973993,14.825423624097688,14.636323832973993,14.67414379119873,63200,0.0,0.0
2013-10-14 00:00:00+08:00,14.749779340181277,14.749779340181277,14.295939975868007,14.485039710998535,153873,0.0,0.0
2013-10-15 00:00:00+08:00,14.485043811798095,14.598503684997558,14.333763980865479,14.371583938598633,99680,0.0,0.0
2013-10-16 00:00:00+08:00,14.37158194113904,14.522861751045767,14.258122083708995,14.409401893615723,92440,0.0,0.0
2013-10-17 00:00:00+08:00,14.44722137643348,15.354900206366475,14.44722137643348,15.014520645141602,100998,0.0,0.0
2013-10-18 00:00:00+08:00,15.1279832898956,15.1279832898956,14.409404083625558,14.67414379119873,58408,0.0,0.0
2013-10-21 00:00:00+08:00,14.711960006267468,14.711960006267468,14.220300674438478,14.220300674438477,235272,0.0,0.0
2013-10-22 00:00:00+08:00,14.220301987022482,14.447221699581352,13.917742370277322,14.069022178649902,185600,0.0,0.0
2013-10-23 00:00:00+08:00,14.069020186927938,14.333759814101313,14.069020186927938,14.106840133666992,31209,0.0,0.0
2013-10-24 00:00:00+08:00,14.10684135024612,14.14466130024678,13.99338150024414,13.99338150024414,26040,0.0,0.0
2013-10-25 00:00:00+08:00,13.99338194442122,13.99338194442122,13.76646223721439,13.804282188415527,44800,0.0,0.0
2013-10-28 00:00:00+08:00,13.99338194442122,13.99338194442122,13.76646223721439,13.804282188415527,19270,0.0,0.0
2013-10-29 00:00:00+08:00,13.72864055633545,13.766460502771634,13.72864055633545,13.72864055633545,37600,0.0,0.0
2013-10-30 00:00:00+08:00,13.690822781456841,13.76646268632677,13.236983352237278,13.615182876586914,85298,0.0,0.0
2013-10-31 00:00:00+08:00,13.615182876586914,13.690822781456841,13.615182876586914,13.615182876586914,14400,0.0,0.0
2013-11-01 00:00:00+08:00,13.842100020205036,13.842100020205036,13.38826067528028,13.463900566101074,68800,0.0,0.0
2013-11-04 00:00:00+08:00,14.371580910489888,14.371580910489888,14.031201362609865,14.031201362609863,473280,0.0,0.0
2013-11-05 00:00:00+08:00,13.388263161977132,13.804282638761734,13.388263161977132,13.615182876586914,106635,0.0,0.0
2013-11-06 00:00:00+08:00,13.615181139727543,13.653001087337898,13.463901349286127,13.539541244506836,58840,0.0,0.0
2013-11-07 00:00:00+08:00,13.615183923237836,13.804283699949472,13.577363967895508,13.577363967895508,26990,0.0,0.0
2013-11-08 00:00:00+08:00,13.539541244506834,13.615181139727543,13.539541244506834,13.539541244506836,47200,0.0,0.0
2013-11-11 00:00:00+08:00,13.463903918490844,13.653003692626953,13.463903918490844,13.653003692626953,31200,0.0,0.0
2013-11-12 00:00:00+08:00,13.690822358858787,13.690822358858787,13.388262748718262,13.388262748718262,60480,0.0,0.0
2013-11-13 00:00:00+08:00,13.31262155884471,13.57736119211719,13.31262155884471,13.539541244506836,9600,0.0,0.0
2013-11-14 00:00:00+08:00,13.539541244506834,13.57736119211719,13.539541244506834,13.539541244506836,38400,0.0,0.0
2013-11-15 00:00:00+08:00,13.388263429914202,13.61518314906529,13.388263429914202,13.501723289489746,28800,0.0,0.0
2013-11-18 00:00:00+08:00,13.501724057210854,13.615183923237836,13.501724057210854,13.577363967895508,14400,0.0,0.0
2013-11-19 00:00:00+08:00,13.31262284618313,13.615182456323655,13.31262284618313,13.388262748718262,28000,0.0,0.0
2013-11-20 00:00:00+08:00,13.388261038409777,14.220299860005865,13.388261038409777,13.72864055633545,48800,0.0,0.0
2013-11-21 00:00:00+08:00,13.653001186640365,13.955560769723808,13.539541342984075,13.917740821838379,29600,0.0,0.0
2013-11-22 00:00:00+08:00,13.993382726768056,13.993382726768056,13.615183193612163,13.879922866821289,29600,0.0,0.0
2013-11-25 00:00:00+08:00,13.917743565976455,13.917743565976455,13.501724057210854,13.577363967895508,69600,0.0,0.0
2013-11-26 00:00:00+08:00,13.57736292415195,13.842102591196698,13.539542971716987,13.615182876586914,38400,0.0,0.0
2013-11-27 00:00:00+08:00,13.615181139727543,13.76646093016896,13.539541244506834,13.539541244506836,24568,0.0,0.0
2013-11-28 00:00:00+08:00,13.463902740910777,13.615182546988427,13.35044288635254,13.350442886352539,86400,0.0,0.0
2013-11-29 00:00:00+08:00,13.463900566101072,13.69082023856345,13.426080620690676,13.463900566101074,10400,0.0,0.0
2013-12-02 00:00:00+08:00,13.955559856436224,13.955559856436224,13.463900566101072,13.463900566101074,43200,0.0,0.0
2013-12-03 00:00:00+08:00,13.842100020205036,13.842100020205036,13.463900566101072,13.463900566101074,20080,0.0,0.0
2013-12-04 00:00:00+08:00,13.501723289489746,13.690823055448986,13.501723289489746,13.501723289489746,42480,0.0,0.0
2013-12-05 00:00:00+08:00,13.501722602520958,13.57736250505609,13.388262748718262,13.388262748718262,29600,0.0,0.0
2013-12-06 00:00:00+08:00,13.312622908707503,14.031201986166147,13.312622908707503,13.766462326049805,224560,0.0,0.0
2013-12-09 00:00:00+08:00,13.842101097106932,14.220300580634444,13.653001355343177,13.842101097106934,108800,0.0,0.0
2013-12-10 00:00:00+08:00,13.690822781456841,13.728642733891807,13.615182876586914,13.615182876586914,36907,0.0,0.0
2013-12-11 00:00:00+08:00,13.653003692626953,13.917743376417503,13.653003692626953,13.653003692626953,13600,0.0,0.0
2013-12-12 00:00:00+08:00,13.653003692626953,13.87992342159028,13.653003692626953,13.653003692626953,17073,0.0,0.0
2013-12-13 00:00:00+08:00,13.615181139727543,13.76646093016896,13.539541244506834,13.539541244506836,12000,0.0,0.0
2013-12-16 00:00:00+08:00,13.539540540668327,13.842100105822926,13.388260758091027,13.426080703735352,33600,0.0,0.0
2013-12-17 00:00:00+08:00,13.38826067528028,13.615180347742658,13.38826067528028,13.463900566101074,28800,0.0,0.0
2013-12-18 00:00:00+08:00,13.388262748718262,13.501722602520958,13.388262748718262,13.388262748718262,36919,0.0,0.0
2013-12-19 00:00:00+08:00,13.615180431956976,13.615180431956976,13.388260758091027,13.426080703735352,19747,0.0,0.0
2013-12-20 00:00:00+08:00,13.388263108389719,13.426083060673305,13.236983299255371,13.236983299255371,60573,0.0,0.0
2013-12-23 00:00:00+08:00,13.236982172185725,13.3126220703125,13.16134227405895,13.3126220703125,51644,0.0,0.0
2013-12-24 00:00:00+08:00,13.388262837871952,13.539542643949602,13.312622934833128,13.350442886352539,31212,0.0,0.0
2013-12-25 00:00:00+08:00,13.463903889017567,13.463903889017567,13.236984160550978,13.27480411529541,29600,0.0,0.0
2013-12-26 00:00:00+08:00,13.426080703735352,13.463900649379676,13.388260758091027,13.426080703735352,32337,0.0,0.0
2013-12-27 00:00:00+08:00,13.388260758091027,13.426080703735352,13.350440812446703,13.426080703735352,12000,0.0,0.0
2013-12-30 00:00:00+08:00,13.388261968439277,13.388261968439277,13.236982172185725,13.3126220703125,43400,0.0,0.0
2013-12-31 00:00:00+08:00,13.388262748718262,13.388262748718262,13.236982943647998,13.388262748718262,110417,0.0,0.0
2014-01-02 00:00:00+08:00,13.388262536790636,14.295941352844238,13.388262536790636,14.295941352844238,501448,0.0,0.0
2014-01-03 00:00:00+08:00,14.371580910489888,14.825420307663252,13.879921563552076,14.031201362609863,520240,0.0,0.0
2014-01-06 00:00:00+08:00,14.031200563441441,14.295940196713921,13.539541244506834,13.539541244506836,209600,0.0,0.0
2014-01-07 00:00:00+08:00,13.539542971716987,13.993382400936552,13.539542971716987,13.615182876586914,172032,0.0,0.0
2014-01-08 00:00:00+08:00,13.653001087337898,13.690821034948252,13.539541244506834,13.539541244506836,116869,0.0,0.0
2014-01-09 00:00:00+08:00,13.501724057210854,13.804283699949472,13.463904101868527,13.577363967895508,43200,0.0,0.0
2014-01-10 00:00:00+08:00,13.690823407096659,14.220302765382165,13.690823407096659,14.144662857055664,178040,0.0,0.0
2014-01-13 00:00:00+08:00,14.371579760840367,14.447219654318474,13.917740399971724,14.106840133666992,121400,0.0,0.0
2014-01-14 00:00:00+08:00,14.031202497198008,14.031202497198008,13.842102733084825,13.955562591552734,41600,0.0,0.0
2014-01-15 00:00:00+08:00,13.955562448501588,13.955562448501588,13.615182876586914,13.615182876586914,90000,0.0,0.0
2014-01-16 00:00:00+08:00,13.653002829021878,13.690822781456841,13.615182876586914,13.615182876586914,32520,0.0,0.0
2014-01-17 00:00:00+08:00,13.653003878580163,13.804283699949472,13.577363967895508,13.577363967895508,56734,0.0,0.0
2014-01-20 00:00:00+08:00,13.61518373779973,13.766463557108617,13.61518373779973,13.653003692626953,52000,0.0,0.0
2014-01-21 00:00:00+08:00,13.690822781456841,13.993382400936552,13.615182876586914,13.615182876586914,114480,0.0,0.0
2014-01-22 00:00:00+08:00,13.65300161188299,14.560680389404299,13.463901866566053,14.560680389404297,1021891,0.0,0.0
2014-01-23 00:00:00+08:00,15.543997764587402,15.543997764587402,15.506177818688162,15.543997764587402,3214043,0.0,0.0
2014-01-24 00:00:00+08:00,15.430538386651182,15.430538386651182,14.485039710998537,14.485039710998535,1608504,0.0,0.0
2014-01-27 00:00:00+08:00,14.333760248578113,14.333760248578113,13.842100926067516,13.917740821838379,287200,0.0,0.0
2014-02-05 00:00:00+08:00,13.46390271448827,14.031201986166147,13.46390271448827,13.766462326049805,164880,0.0,0.0
2014-02-06 00:00:00+08:00,13.804282277494996,13.955562083275764,13.539542617378654,13.766462326049805,191200,0.0,0.0
2014-02-07 00:00:00+08:00,14.069020074261122,14.069020074261122,13.615180717026892,13.72864055633545,298645,0.0,0.0
2014-02-10 00:00:00+08:00,13.728642374604613,13.917742131830572,13.65300247171423,13.766462326049805,142147,0.0,0.0
2014-02-11 00:00:00+08:00,13.804282638761734,13.804282638761734,13.615182876586914,13.615182876586914,258080,0.0,0.0
2014-02-12 00:00:00+08:00,13.76646268632677,13.76646268632677,13.539542971716987,13.615182876586914,111632,0.0,0.0
2014-02-13 00:00:00+08:00,13.61518373779973,13.84210346676306,13.57736378297251,13.653003692626953,65600,0.0,0.0
2014-02-14 00:00:00+08:00,13.653001087337898,13.728640982558606,13.539541244506834,13.539541244506836,133600,0.0,0.0
2014-02-17 00:00:00+08:00,13.539544012553181,13.615183923237836,13.388264191183872,13.577363967895508,150400,0.0,0.0
2014-02-18 00:00:00+08:00,13.615180347742658,13.615180347742658,13.312620784459488,13.463900566101074,154040,0.0,0.0
2014-02-19 00:00:00+08:00,13.388263429914202,13.577363195873442,13.388263429914202,13.501723289489746,79200,0.0,0.0
2014-02-20 00:00:00+08:00,13.463903336297898,13.577363195873442,13.42608338310605,13.501723289489746,61600,0.0,0.0
2014-02-21 00:00:00+08:00,13.61518314906529,13.61518314906529,13.463903336297898,13.501723289489746,52800,0.0,0.0
2014-02-24 00:00:00+08:00,13.615183923237836,13.766463744607146,13.539544012553181,13.577363967895508,74420,0.0,0.0
2014-02-25 00:00:00+08:00,13.690821134525796,14.22030040492182,13.615181238754936,13.917740821838379,237599,0.0,0.0
2014-02-26 00:00:00+08:00,14.069022948729163,14.522862398688169,13.993383040402662,14.144662857055664,353578,0.0,0.0
2014-02-27 00:00:00+08:00,14.144661840501723,14.220301743392106,13.728642374604613,13.766462326049805,193621,0.0,0.0
2014-03-03 00:00:00+08:00,13.993380890517937,13.993380890517937,13.76646120040143,13.842101097106934,42000,0.0,0.0
2014-03-04 00:00:00+08:00,13.842104337492042,13.842104337492042,13.65300455146073,13.690824508666992,124087,0.0,0.0
2014-03-05 00:00:00+08:00,13.84210346676306,13.84210346676306,13.653003692626953,13.653003692626953,57840,0.0,0.0
2014-03-06 00:00:00+08:00,13.653002383610973,13.99338194442122,13.653002383610973,13.804282188415527,73520,0.0,0.0
2014-03-07 00:00:00+08:00,13.766463557108617,13.84210346676306,13.653003692626953,13.653003692626953,139440,0.0,0.0
2014-03-10 00:00:00+08:00,13.653000663463077,13.766460502771634,13.653000663463077,13.72864055633545,44000,0.0,0.0
2014-03-11 00:00:00+08:00,13.728642374604613,13.917742131830572,13.65300247171423,13.766462326049805,95244,0.0,0.0
2014-03-12 00:00:00+08:00,13.76646223721439,13.804282188415527,13.312622822800726,13.804282188415527,207200,0.0,0.0
2014-03-13 00:00:00+08:00,13.804280978182087,14.295940300692681,13.766461030296655,13.917740821838379,343296,0.0,0.0
2014-03-14 00:00:00+08:00,13.842102591196698,13.842102591196698,13.615182876586914,13.615182876586914,153600,0.0,0.0
2014-03-17 00:00:00+08:00,13.766463744607146,13.766463744607146,13.501724057210854,13.577363967895508,109519,0.0,0.0
2014-03-18 00:00:00+08:00,13.61518373779973,13.84210346676306,13.57736378297251,13.653003692626953,119097,0.0,0.0
2014-03-19 00:00:00+08:00,13.653003692626953,13.766463557108617,13.501723873318067,13.653003692626953,107260,0.0,0.0
2014-03-20 00:00:00+08:00,13.615180347742658,13.615180347742658,13.426080620690676,13.463900566101074,74400,0.0,0.0
2014-03-21 00:00:00+08:00,13.539542553788523,13.539542553788523,13.350442797450695,13.388262748718262,136000,0.0,0.0
2014-03-24 00:00:00+08:00,13.3126220703125,13.350442019375889,12.858782681551848,13.3126220703125,157600,0.0,0.0
2014-03-25 00:00:00+08:00,13.312620784459488,13.463900566101072,13.312620784459488,13.463900566101074,50400,0.0,0.0
2014-03-26 00:00:00+08:00,13.463900566101072,13.615180347742658,13.38826067528028,13.463900566101074,85600,0.0,0.0
2014-03-27 00:00:00+08:00,13.539540540668327,13.577360486312651,13.388260758091027,13.426080703735352,50840,0.0,0.0
2014-03-28 00:00:00+08:00,13.539542553788523,13.615182456323655,13.388262748718262,13.388262748718262,37600,0.0,0.0
2014-03-31 00:00:00+08:00,13.539540456921866,13.539540456921866,13.236980893638696,13.463900566101074,42400,0.0,0.0
2014-04-01 00:00:00+08:00,13.463902651253393,13.463902651253393,13.31262284618313,13.388262748718262,16800,0.0,0.0
2014-04-02 00:00:00+08:00,13.31262284618313,13.539542553788523,13.31262284618313,13.388262748718262,80320,0.0,0.0
2014-04-03 00:00:00+08:00,13.388261968439277,13.388261968439277,13.16134227405895,13.3126220703125,107280,0.0,0.0
2014-04-07 00:00:00+08:00,13.236983299255371,13.274803251538959,13.199163346971785,13.236983299255371,26400,0.0,0.0
2014-04-08 00:00:00+08:00,13.161343394688197,13.388263108389719,13.161343394688197,13.236983299255371,71200,0.0,0.0
2014-04-09 00:00:00+08:00,13.236984160550978,13.350444024784272,13.236984160550978,13.27480411529541,25800,0.0,0.0
2014-04-10 00:00:00+08:00,13.312623203822545,13.312623203822545,13.161343394688197,13.236983299255371,80000,0.0,0.0
2014-04-11 00:00:00+08:00,13.236983389430879,13.236983389430879,12.93442376910103,13.199163436889648,80048,0.0,0.0
2014-04-14 00:00:00+08:00,13.161341046178064,13.161341046178064,13.010061264038086,13.010061264038086,70400,0.0,0.0
2014-04-15 00:00:00+08:00,12.93442318128503,13.236982787864797,12.93442318128503,13.047883033752441,82400,0.0,0.0
2014-04-16 00:00:00+08:00,13.085702464159798,13.085702464159798,12.858782768249512,12.858782768249512,113600,0.0,0.0
2014-04-17 00:00:00+08:00,12.89660254417107,13.010062390600728,12.89660254417107,12.934422492980957,50080,0.0,0.0
2014-04-18 00:00:00+08:00,12.934422492980957,12.934422492980957,12.707502800121642,12.934422492980957,80159,0.0,0.0
2014-04-21 00:00:00+08:00,12.858783632429464,12.934423536149637,12.858783632429464,12.89660358428955,22400,0.0,0.0
2014-04-22 00:00:00+08:00,12.858782768249512,12.896602717567893,12.858782768249512,12.858782768249512,48568,0.0,0.0
2014-04-23 00:00:00+08:00,12.858783632429464,13.161343247310157,12.858783632429464,12.89660358428955,96020,0.0,0.0
2014-04-24 00:00:00+08:00,12.89660334085917,12.89660334085917,12.556223780543238,12.594043731689453,93680,0.0,0.0
2014-04-25 00:00:00+08:00,12.594044801889892,12.631864756249922,11.724185851609208,11.762005805969238,305600,0.0,0.0
2014-04-28 00:00:00+08:00,11.572904324371542,11.572904324371542,10.967785144012247,11.270344734191895,240000,0.0,0.0
2014-04-29 00:00:00+08:00,11.345986600192088,12.026745796203613,11.345986600192088,12.026745796203613,109051,0.0,0.0
2014-04-30 00:00:00+08:00,12.17802415304626,12.215844103832119,11.421625137329102,11.421625137329102,109937,0.0,0.0
2014-05-02 00:00:00+08:00,11.45944577201468,11.762005396358303,11.45944577201468,11.535085678100586,52042,0.0,0.0
2014-05-05 00:00:00+08:00,11.535085232027116,11.724184989929201,11.383805425705448,11.7241849899292,85240,0.0,0.0
2014-05-06 00:00:00+08:00,11.799825882911684,12.102385520935059,11.799825882911684,12.102385520935059,52636,0.0,0.0
2014-05-07 00:00:00+08:00,12.102384366788662,12.82096343856674,12.102384366788662,12.594043731689453,121600,0.0,0.0
2014-05-08 00:00:00+08:00,12.59404641371507,12.59404641371507,12.215846821711613,12.291486740112305,24000,0.0,0.0
2014-05-09 00:00:00+08:00,12.178024115385833,12.291483967392532,11.951104411372432,12.253664016723633,27200,0.0,0.0
2014-05-12 00:00:00+08:00,12.442765401364877,12.442765401364877,11.913286022583392,11.98892593383789,36800,0.0,0.0
2014-05-13 00:00:00+08:00,12.064564976511123,12.291484693937663,11.951105117797852,11.951105117797852,15200,0.0,0.0
2014-05-14 00:00:00+08:00,12.102385706871562,12.102385706871562,11.724186153531825,12.026745796203613,13600,0.0,0.0
2014-05-15 00:00:00+08:00,11.799824893090033,11.875464796250867,11.724184989929201,11.7241849899292,9600,0.0,0.0
2014-05-16 00:00:00+08:00,11.57290576521758,11.913285346547509,11.57290576521758,11.875465393066406,12577,0.0,0.0
2014-05-19 00:00:00+08:00,12.329304834839643,12.329304834839643,11.875465393066406,11.875465393066406,31200,0.0,0.0
2014-05-20 00:00:00+08:00,11.837645209692662,11.837645209692662,11.572905540466309,11.572905540466309,16800,0.0,0.0
2014-05-21 00:00:00+08:00,11.497266690693204,11.913286209106445,11.497266690693204,11.913286209106445,43512,0.0,0.0
2014-05-22 00:00:00+08:00,11.572902124910689,11.875461657588094,11.572902124910689,11.837641716003418,12320,0.0,0.0
2014-05-23 00:00:00+08:00,11.875464886909166,11.875464886909166,11.686365127563478,11.686365127563477,4801,0.0,0.0
2014-05-26 00:00:00+08:00,11.686365447466887,11.988925070702276,11.686365447466887,11.951105117797852,30400,0.0,0.0
2014-05-27 00:00:00+08:00,11.951105117797852,12.102384929415546,11.951105117797852,11.951105117797852,20160,0.0,0.0
2014-05-28 00:00:00+08:00,11.951105117797852,11.988925070702276,11.913285164893429,11.951105117797852,18400,0.0,0.0
2014-05-29 00:00:00+08:00,11.951104518694754,12.02674442071181,11.799824714660643,11.799824714660645,7200,0.0,0.0
2014-05-30 00:00:00+08:00,11.799826155701647,11.98892593383789,11.724186244447148,11.98892593383789,36800,0.0,0.0
2014-06-03 00:00:00+08:00,11.988925253509715,11.988925253509715,11.648545672179786,11.875465393066406,7200,0.0,0.0
2014-06-04 00:00:00+08:00,11.724184989929201,11.724184989929201,11.572905183607533,11.7241849899292,42400,0.0,0.0
2014-06-05 00:00:00+08:00,11.72418544331535,11.72418544331535,11.345985912885823,11.535085678100586,93347,0.0,0.0
2014-06-06 00:00:00+08:00,11.57290563114354,11.57290563114354,11.45944577201468,11.535085678100586,19800,0.0,0.0
2014-06-09 00:00:00+08:00,11.572905540466309,11.648545445959552,11.535085587719687,11.572905540466309,55200,0.0,0.0
2014-06-10 00:00:00+08:00,11.572906682365819,11.572906682365819,11.345986943495902,11.49726676940918,46000,0.0,0.0
2014-06-11 00:00:00+08:00,11.5350867258875,11.5350867258875,11.345986943495902,11.49726676940918,62400,0.0,0.0
2014-06-12 00:00:00+08:00,11.497265725057634,11.57290563114354,11.45944577201468,11.535085678100586,44800,0.0,0.0
2014-06-13 00:00:00+08:00,11.383805776733197,11.572905540466309,11.383805776733197,11.572905540466309,16000,0.0,0.0
2014-06-16 00:00:00+08:00,11.497266863832378,11.497266863832378,11.34598703667669,11.459446907043457,40800,0.0,0.0
2014-06-17 00:00:00+08:00,11.497267054560968,11.572906969393605,11.383807182312012,11.383807182312012,29100,0.0,0.0
2014-06-18 00:00:00+08:00,11.497266863832378,11.497266863832378,11.270347123098844,11.459446907043457,29400,0.0,0.0
2014-06-19 00:00:00+08:00,11.497264515269887,11.648544311523438,11.345984719016336,11.648544311523438,67596,0.0,0.0
2014-06-20 00:00:00+08:00,11.648545355284252,11.648545355284252,11.497265545475365,11.610725402832031,32800,0.0,0.0
2014-06-23 00:00:00+08:00,11.497265218098958,11.497265218098958,11.194705607096353,11.345985412597656,58400,0.0,0.0
2014-06-24 00:00:00+08:00,11.3081636428833,11.49726336935292,11.232523752295451,11.3081636428833,40800,0.0,0.0
2014-06-25 00:00:00+08:00,11.308165730049314,11.345985682323725,11.156885920951664,11.232525825500488,24800,0.0,0.0
2014-06-26 00:00:00+08:00,11.3081636428833,11.3081636428833,11.232523752295451,11.3081636428833,42430,0.0,0.0
2014-06-27 00:00:00+08:00,11.194705873226077,11.270345777774901,11.119065968677251,11.232525825500488,42400,0.0,0.0
2014-06-30 00:00:00+08:00,11.232524256657415,11.232524256657415,11.081244468688965,11.081244468688965,44000,0.0,0.0
2014-07-01 00:00:00+08:00,11.194705607096353,11.64854502360026,11.119065704345703,11.345985412597656,74400,0.0,0.0
2014-07-02 00:00:00+08:00,11.345984984417353,11.345984984417353,11.119065284729004,11.119065284729004,59200,0.0,0.0
2014-07-03 00:00:00+08:00,11.232525383399812,11.497265038900817,11.156885481828096,11.421625137329102,86464,0.0,0.0
2014-07-04 00:00:00+08:00,11.345985412597656,11.345985412597656,11.194705607096353,11.345985412597656,25936,0.0,0.0
2014-07-07 00:00:00+08:00,11.345985412597656,11.459445266723632,11.194705607096353,11.345985412597656,44800,0.0,0.0
2014-07-08 00:00:00+08:00,11.232524958816734,11.27034490817302,11.119065110747878,11.19470500946045,78400,0.0,0.0
2014-07-09 00:00:00+08:00,11.119065531042239,11.421625137329102,11.119065531042239,11.421625137329102,58147,0.0,0.0
2014-07-10 00:00:00+08:00,11.421625315348306,11.421625315348306,11.194705607096353,11.345985412597656,71824,0.0,0.0
2014-07-11 00:00:00+08:00,11.19470518462512,11.19470518462512,11.081245334780947,11.119065284729004,53600,0.0,0.0
2014-07-14 00:00:00+08:00,11.194705607096353,11.345985412597656,11.194705607096353,11.345985412597656,7200,0.0,0.0
2014-07-15 00:00:00+08:00,11.270345084521235,11.270345084521235,11.081245334780947,11.119065284729004,33600,0.0,0.0
2014-07-16 00:00:00+08:00,11.081245161391593,11.345984806885589,11.005605262679023,11.19470500946045,65600,0.0,0.0
2014-07-17 00:00:00+08:00,11.34805807339943,11.34805807339943,11.194705937272412,11.309720039367676,38512,0.25,0.0
2014-07-18 00:00:00+08:00,11.194704687229196,11.30971877648155,11.194704687229196,11.23304271697998,40800,0.0,0.0
2014-07-21 00:00:00+08:00,11.23304271697998,11.23304271697998,11.07969059797684,11.23304271697998,77617,0.0,0.0
2014-07-22 00:00:00+08:00,11.19470500946045,11.19470500946045,11.118028947751815,11.19470500946045,63200,0.0,0.0
2014-07-23 00:00:00+08:00,11.19470500946045,11.19470500946045,11.19470500946045,11.19470500946045,0,0.0,0.0
2014-07-24 00:00:00+08:00,10.96467682433455,11.271381071169083,10.96467682433455,11.19470500946045,42400,0.0,0.0
2014-07-25 00:00:00+08:00,11.041350994851479,11.156365067714516,10.772984824837728,10.849660873413086,80000,0.0,0.0
2014-07-28 00:00:00+08:00,10.888000574327053,10.888000574327053,10.121239970501204,10.197916030883789,270682,0.0,0.0
2014-07-29 00:00:00+08:00,10.197914759318035,10.427942911783855,9.967886606852215,10.351266860961914,57960,0.0,0.0
2014-07-30 00:00:00+08:00,10.274594268235774,10.389608383178711,10.006228000035586,10.389608383178711,64800,0.0,0.0
2014-07-31 00:00:00+08:00,10.274593027107777,10.351269094474253,10.121240892374825,10.312931060791016,27216,0.0,0.0
2014-08-01 00:00:00+08:00,10.044565143869885,10.274593353271486,9.967889074069351,10.274593353271484,36800,0.0,0.0
2014-08-04 00:00:00+08:00,10.27459374789534,10.27459374789534,10.006227493286133,10.006227493286133,50400,0.0,0.0
2014-08-05 00:00:00+08:00,10.006226561790289,10.082902627397878,9.73786033216373,9.891212463378906,48000,0.0,0.0
2014-08-06 00:00:00+08:00,9.814535497649898,9.814535497649898,9.201127029046779,9.43115520477295,202400,0.0,0.0
2014-08-07 00:00:00+08:00,9.431155958550466,9.431155958550466,8.779409408569336,8.779409408569336,355496,0.0,0.0
2014-08-08 00:00:00+08:00,8.549380824030662,9.392817497253418,8.549380824030662,9.392817497253418,229200,0.0,0.0
2014-08-11 00:00:00+08:00,9.81453699010019,10.044565200805664,9.584508779394717,10.044565200805664,439593,0.0,0.0
2014-08-12 00:00:00+08:00,10.044564900031457,10.159579001940214,9.622846526366013,9.967888832092285,176000,0.0,0.0
2014-08-13 00:00:00+08:00,10.082901886041217,10.65797233581543,10.082901886041217,10.65797233581543,167200,0.0,0.0
2014-08-14 00:00:00+08:00,11.348057481977676,11.386395514011385,10.888001097573175,11.041353225708008,551576,0.0,0.0
2014-08-15 00:00:00+08:00,10.888000846339477,10.888000846339477,10.389606441401401,10.619634628295898,164800,0.0,0.0
2014-08-18 00:00:00+08:00,9.967889130570507,10.197917341275978,9.929551095452927,10.044565200805664,186560,0.0,0.0
2014-08-19 00:00:00+08:00,10.121241271040821,10.121241271040821,9.737860919865033,10.044565200805664,64000,0.0,0.0
2014-08-20 00:00:00+08:00,10.121240942197154,10.121240942197154,9.852874705093441,10.082902908325195,30400,0.0,0.0
2014-08-21 00:00:00+08:00,9.967888806709318,10.082902908325195,9.8912127389654,10.082902908325195,16000,0.0,0.0
2014-08-22 00:00:00+08:00,10.121240942197154,10.121240942197154,9.92955077283736,10.082902908325195,43200,0.0,0.0
2014-08-25 00:00:00+08:00,9.929551095452927,10.082903235923244,9.929551095452927,10.044565200805664,12520,0.0,0.0
2014-08-26 00:00:00+08:00,9.967889130570507,10.082903235923244,9.929551095452927,10.044565200805664,58400,0.0,0.0
2014-08-27 00:00:00+08:00,10.12123934187979,10.159577369689941,10.04456328625949,10.159577369689941,16080,0.0,0.0
2014-08-28 00:00:00+08:00,10.159576436234868,10.849660873413086,10.159576436234868,10.849660873413086,329760,0.0,0.0
2014-08-29 00:00:00+08:00,10.84966415712685,10.84966415712685,10.466283798217773,10.466283798217773,132144,0.0,0.0
2014-09-01 00:00:00+08:00,10.696312689693212,10.696312689693212,10.351270344864398,10.389608383178711,48804,0.0,0.0
2014-09-02 00:00:00+08:00,10.312931979403777,10.427946090698242,10.236255905207466,10.427946090698242,56800,0.0,0.0
2014-09-03 00:00:00+08:00,10.427942911783855,10.427942911783855,10.274590810139975,10.351266860961914,28803,0.0,0.0
2014-09-04 00:00:00+08:00,10.312932306550087,10.389608383178711,10.312932306550087,10.389608383178711,12000,0.0,0.0
2014-09-05 00:00:00+08:00,10.351266860961914,10.351266860961914,10.236252784729004,10.351266860961914,30840,0.0,0.0
2014-09-09 00:00:00+08:00,10.427946090698242,10.427946090698242,10.312931979403777,10.427946090698242,32800,0.0,0.0
2014-09-10 00:00:00+08:00,10.42794448963917,10.504620552062988,10.274592364791536,10.504620552062988,20027,0.0,0.0
2014-09-11 00:00:00+08:00,10.42794448963917,10.504620552062988,10.351268427215352,10.504620552062988,16000,0.0,0.0
2014-09-12 00:00:00+08:00,10.35126969054505,10.504621834108681,10.274593618763236,10.466283798217773,18400,0.0,0.0
2014-09-15 00:00:00+08:00,10.466282887405224,10.466282887405224,10.236254692077637,10.236254692077637,14400,0.0,0.0
2014-09-16 00:00:00+08:00,10.274592724632235,10.389606822296027,10.236254692077637,10.236254692077637,20800,0.0,0.0
2014-09-17 00:00:00+08:00,10.274592724632235,10.35126878974143,10.197916659523038,10.236254692077637,16520,0.0,0.0
2014-09-18 00:00:00+08:00,10.159579831011156,10.427946090698242,10.159579831011156,10.427946090698242,4000,0.0,0.0
2014-09-19 00:00:00+08:00,10.351270016501932,10.427946090698242,10.351270016501932,10.427946090698242,2400,0.0,0.0
2014-09-22 00:00:00+08:00,10.197916030883789,10.35126815164896,10.082901940309913,10.197916030883789,52000,0.0,0.0
2014-09-23 00:00:00+08:00,10.274593353271486,10.312931388171751,10.274593353271486,10.274593353271484,16000,0.0,0.0
2014-09-24 00:00:00+08:00,10.504620552062988,10.504620552062988,10.504620552062988,10.504620552062988,1600,0.0,0.0
2014-09-25 00:00:00+08:00,10.159576733907064,10.351266860961914,10.159576733907064,10.351266860961914,15200,0.0,0.0
2014-09-26 00:00:00+08:00,10.197916030883789,10.236254061075082,10.04456391011862,10.197916030883789,25960,0.0,0.0
2014-09-29 00:00:00+08:00,10.466282887405224,10.504620919959821,10.197916659523038,10.236254692077637,23200,0.0,0.0
2014-09-30 00:00:00+08:00,10.389607457972286,10.427945492872553,10.274593353271486,10.274593353271484,16000,0.0,0.0
2014-10-01 00:00:00+08:00,10.504618962605795,10.581295013427734,10.197914759318035,10.351266860961914,49600,0.0,0.0
2014-10-02 00:00:00+08:00,10.197914759318035,10.427942911783855,10.197914759318035,10.351266860961914,28800,0.0,0.0
2014-10-03 00:00:00+08:00,10.389604886372885,10.427942911783855,10.236252784729004,10.351266860961914,20800,0.0,0.0
2014-10-06 00:00:00+08:00,10.351269094474253,10.351269094474253,10.23625499342454,10.312931060791016,31200,0.0,0.0
2014-10-07 00:00:00+08:00,10.19791597599606,10.811324455755221,10.19791597599606,10.65797233581543,84000,0.0,0.0
2014-10-08 00:00:00+08:00,10.696311777288264,11.386396408081055,10.696311777288264,11.386396408081055,250616,0.0,0.0
2014-10-09 00:00:00+08:00,12.114820149418684,12.153158187866211,11.731439764943408,12.153158187866211,1477920,0.0,0.0
2014-10-13 00:00:00+08:00,11.884790496572704,11.884790496572704,11.309719988674024,11.539748191833496,712320,0.0,0.0
2014-10-14 00:00:00+08:00,11.386395473869479,11.884789888550635,11.271381378173828,11.271381378173828,192002,0.0,0.0
2014-10-15 00:00:00+08:00,11.348056720320587,12.038141250610352,11.348056720320587,12.038141250610352,661600,0.0,0.0
2014-10-16 00:00:00+08:00,11.99980314169357,12.843239784240723,11.654760878833372,12.843239784240723,1475600,0.0,0.0
2014-10-17 00:00:00+08:00,13.418310311189883,13.571662429032052,12.038141250610352,12.038141250610352,1404000,0.0,0.0
2014-10-20 00:00:00+08:00,12.114818019048608,12.114818019048608,11.309719353225757,11.616423606872559,392440,0.0,0.0
2014-10-21 00:00:00+08:00,11.693100443592778,12.421523094177246,11.693100443592778,12.421523094177246,527372,0.0,0.0
2014-10-22 00:00:00+08:00,12.996593553369696,12.996593553369696,12.459861076239383,12.651551246643066,688000,0.0,0.0
2014-10-23 00:00:00+08:00,12.421521545215777,12.45985957467632,11.808113073847098,12.038141250610352,316000,0.0,0.0
2014-10-24 00:00:00+08:00,12.191492726627631,12.76656313826101,11.923126534532054,11.999802589416504,387200,0.0,0.0
2014-10-27 00:00:00+08:00,11.999803657401097,11.999803657401097,11.19470500946045,11.19470500946045,384000,0.0,0.0
2014-10-28 00:00:00+08:00,11.04135295322963,11.42473326410566,10.427944455827985,10.734648704528809,344000,0.0,0.0
2014-10-29 00:00:00+08:00,10.696310673441205,10.88800082887922,10.427944455827985,10.734648704528809,212160,0.0,0.0
2014-10-30 00:00:00+08:00,10.734648704528809,10.964676891054426,10.734648704528809,10.734648704528809,127200,0.0,0.0
2014-10-31 00:00:00+08:00,10.888001097573175,11.27138141791026,10.734648969438341,11.041353225708008,158531,0.0,0.0
2014-11-03 00:00:00+08:00,10.926336921988442,11.118027043426837,10.811322849125407,10.849660873413086,122438,0.0,0.0
2014-11-04 00:00:00+08:00,10.926339211671248,10.926339211671248,10.542958888454713,10.581296920776367,115200,0.0,0.0
2014-11-05 00:00:00+08:00,10.6963103797219,10.734648409756748,10.351268109408291,10.54295825958252,125840,0.0,0.0
2014-11-06 00:00:00+08:00,10.54295934163607,10.581297375605656,9.814536696213942,9.967888832092285,282400,0.0,0.0
2014-11-07 00:00:00+08:00,9.967887849736035,10.236254061075082,9.967887849736035,10.197916030883789,115440,0.0,0.0
2014-11-10 00:00:00+08:00,10.351268109408291,10.888000529896129,10.351268109408291,10.54295825958252,93600,0.0,0.0
2014-11-11 00:00:00+08:00,10.542958583274897,10.657972676910623,10.42794448963917,10.504620552062988,77600,0.0,0.0
2014-11-12 00:00:00+08:00,10.466282887405224,10.504620919959821,10.197916659523038,10.236254692077637,107200,0.0,0.0
2014-11-13 00:00:00+08:00,10.236255582872328,10.466283798217773,10.19791754698142,10.466283798217773,24000,0.0,0.0
2014-11-14 00:00:00+08:00,10.312928835550945,10.389604886372885,10.312928835550945,10.351266860961914,36800,0.0,0.0
2014-11-17 00:00:00+08:00,10.427945492872553,10.427945492872553,10.044565143869885,10.274593353271484,32000,0.0,0.0
2014-11-18 00:00:00+08:00,10.236253425310242,10.389605536550846,9.967887230639187,10.159577369689941,70400,0.0,0.0
2014-11-19 00:00:00+08:00,10.197915397500092,10.197915397500092,9.967887230639187,10.159577369689941,17600,0.0,0.0
2014-11-20 00:00:00+08:00,10.006227165688085,10.197917341275978,10.006227165688085,10.044565200805664,31200,0.0,0.0
2014-11-21 00:00:00+08:00,10.006226517937401,10.27459274638783,9.967888485301625,10.121240615844727,77600,0.0,0.0
2014-11-24 00:00:00+08:00,10.121240532916525,10.581296920776367,10.121240532916525,10.581296920776367,63747,0.0,0.0
2014-11-25 00:00:00+08:00,10.581297905890496,10.581297905890496,10.35126969054505,10.466283798217773,37600,0.0,0.0
2014-11-26 00:00:00+08:00,10.42794448963917,10.504620552062988,10.197916302367718,10.504620552062988,102920,0.0,0.0
2014-11-27 00:00:00+08:00,10.466282909566706,10.466282909566706,9.814536354758523,10.121240615844727,102680,0.0,0.0
2014-11-28 00:00:00+08:00,10.121240615844727,10.121240615844727,10.082902583208952,10.121240615844727,36800,0.0,0.0
2014-12-01 00:00:00+08:00,9.622846191579645,10.35126881165938,9.622846191579645,10.121240615844727,114400,0.0,0.0
2014-12-02 00:00:00+08:00,10.312931060791016,10.312931060791016,10.312931060791016,10.312931060791016,281600,0.0,0.0
2014-12-03 00:00:00+08:00,10.389608383178711,10.389608383178711,10.389608383178711,10.389608383178711,275200,0.0,0.0
2014-12-04 00:00:00+08:00,10.427946090698242,10.427946090698242,10.427946090698242,10.427946090698242,392000,0.0,0.0
2014-12-05 00:00:00+08:00,10.504620552062988,10.581296614486805,10.312930396003445,10.504620552062988,75200,0.0,0.0
2014-12-08 00:00:00+08:00,10.351269094474253,10.427945161840729,10.312931060791016,10.312931060791016,79200,0.0,0.0
2014-12-09 00:00:00+08:00,10.236255318371219,10.351269423072019,10.197917283470952,10.274593353271484,104804,0.0,0.0
2014-12-10 00:00:00+08:00,10.159578648480503,10.159578648480503,10.044564550573176,10.121240615844727,45600,0.0,0.0
2014-12-11 00:00:00+08:00,10.12123934187979,10.274591453120394,10.12123934187979,10.159577369689941,51200,0.0,0.0
2014-12-12 00:00:00+08:00,10.274592091266374,10.274592091266374,10.04456391011862,10.197916030883789,75200,0.0,0.0
2014-12-15 00:00:00+08:00,10.197914759318035,10.351266860961914,10.197914759318035,10.351266860961914,24040,0.0,0.0
2014-12-16 00:00:00+08:00,10.351269094474253,10.351269094474253,10.23625499342454,10.312931060791016,45632,0.0,0.0
2014-12-17 00:00:00+08:00,10.274590810139975,10.427942911783855,10.159576733907064,10.351266860961914,56800,0.0,0.0
2014-12-18 00:00:00+08:00,10.35126815164896,10.35126815164896,10.197916030883789,10.197916030883789,48800,0.0,0.0
2014-12-19 00:00:00+08:00,10.351269423072019,10.351269423072019,10.082903178770152,10.274593353271484,80800,0.0,0.0
2014-12-22 00:00:00+08:00,10.351269423072019,10.351269423072019,10.159579248570685,10.274593353271484,38062,0.0,0.0
2014-12-23 00:00:00+08:00,10.274592364791536,10.581296614486805,10.274592364791536,10.504620552062988,308600,0.0,0.0
2014-12-24 00:00:00+08:00,10.504622164894553,10.619636276189018,10.351270016501932,10.427946090698242,150774,0.0,0.0
2014-12-25 00:00:00+08:00,10.312931979403777,10.581298239090863,10.197917868109311,10.427946090698242,224880,0.0,0.0
2014-12-26 00:00:00+08:00,10.581296822459427,11.156367301940918,10.581296822459427,11.156367301940918,247032,0.0,0.0
2014-12-29 00:00:00+08:00,11.578085575166709,11.999803923931058,11.309719353225757,11.616423606872559,282800,0.0,0.0
2014-12-30 00:00:00+08:00,11.501410183490522,11.731438387160333,11.34805804771065,11.424734115600586,163551,0.0,0.0
2014-12-31 00:00:00+08:00,11.501410484313965,11.539748519261677,11.34805834452311,11.501410484313965,47200,0.0,0.0
2015-01-05 00:00:00+08:00,11.654762624104817,11.731438694000243,11.34805834452311,11.501410484313965,32000,0.0,0.0
2015-01-06 00:00:00+08:00,11.194705911930775,11.57808625138046,11.194705911930775,11.424734115600586,62400,0.0,0.0
2015-01-07 00:00:00+08:00,11.424733194586349,11.424733194586349,11.19470500946045,11.19470500946045,72800,0.0,0.0
2015-01-08 00:00:00+08:00,11.34805804771065,11.501410183490522,11.233043945875744,11.424734115600586,44000,0.0,0.0
2015-01-09 00:00:00+08:00,11.539748217435491,11.539748217435491,11.156367877985808,11.424734115600586,75200,0.0,0.0
2015-01-12 00:00:00+08:00,11.309720337992967,11.386396408081055,11.194706232860835,11.386396408081055,41240,0.0,0.0
2015-01-13 00:00:00+08:00,11.194704687229196,11.23304271697998,11.118028627727625,11.23304271697998,22017,0.0,0.0
2015-01-14 00:00:00+08:00,11.233043648101187,11.424733812744552,11.156367582243842,11.348057746887207,122400,0.0,0.0
2015-01-15 00:00:00+08:00,11.539748548257231,11.654762653389362,10.964678022596571,11.386396408081055,132800,0.0,0.0
2015-01-16 00:00:00+08:00,11.271381397837215,11.386395493733515,11.156367301940918,11.156367301940918,53600,0.0,0.0
2015-01-19 00:00:00+08:00,11.194705660589811,11.348057792926657,11.003015495168752,11.118029594421387,49600,0.0,0.0
2015-01-20 00:00:00+08:00,11.118029594421387,11.194705660589811,10.964677462084541,11.118029594421387,51200,0.0,0.0
2015-01-21 00:00:00+08:00,11.118028627727625,11.23304271697998,10.964676508724486,11.23304271697998,54400,0.0,0.0
2015-01-22 00:00:00+08:00,11.309719102023399,11.309719102023399,10.96467682433455,11.19470500946045,33444,0.0,0.0
2015-01-23 00:00:00+08:00,11.041352886043182,11.348057132877715,11.041352886043182,11.19470500946045,20000,0.0,0.0
2015-01-26 00:00:00+08:00,11.233043693674022,11.233043693674022,11.118029594421387,11.118029594421387,64112,0.0,0.0
2015-01-27 00:00:00+08:00,11.156367627505599,11.194705660589811,11.079691561337176,11.118029594421387,92800,0.0,0.0
2015-01-28 00:00:00+08:00,11.079691238010053,11.156367301940918,11.003015174079188,11.156367301940918,26400,0.0,0.0
2015-01-29 00:00:00+08:00,11.118029594421387,11.271381726758234,11.003015495168752,11.118029594421387,29600,0.0,0.0
2015-01-30 00:00:00+08:00,11.118029594421387,11.118029594421387,11.118029594421387,11.118029594421387,24800,0.0,0.0
2015-02-02 00:00:00+08:00,11.118029617681735,11.808114214641291,10.964677485024056,11.003015518188477,320800,0.0,0.0
2015-02-03 00:00:00+08:00,10.888001097573175,11.118029289775425,10.811325033505758,11.041353225708008,102400,0.0,0.0
2015-02-04 00:00:00+08:00,10.926339429000329,11.118029594421387,10.888001395916117,11.118029594421387,71200,0.0,0.0
2015-02-05 00:00:00+08:00,11.118029594421387,11.118029594421387,11.041353528252964,11.118029594421387,32828,0.0,0.0
2015-02-06 00:00:00+08:00,11.041353225708008,11.079691257741716,11.041353225708008,11.041353225708008,11200,0.0,0.0
2015-02-09 00:00:00+08:00,10.926339674315997,11.654762319270397,10.926339674315997,11.424734115600586,175423,0.0,0.0
2015-02-10 00:00:00+08:00,11.501408925235475,11.501408925235475,11.23304271697998,11.23304271697998,71199,0.0,0.0
2015-02-11 00:00:00+08:00,11.23304271697998,11.348056806232336,11.118028627727625,11.23304271697998,47320,0.0,0.0
2015-02-12 00:00:00+08:00,11.271381979820712,11.693100353215366,11.233043945875744,11.424734115600586,129600,0.0,0.0
2015-02-13 00:00:00+08:00,11.424734115600586,11.424734115600586,11.156367877985808,11.424734115600586,116800,0.0,0.0
2015-02-24 00:00:00+08:00,11.424734443125098,11.424734443125098,11.194706232860835,11.386396408081055,74400,0.0,0.0
2015-02-25 00:00:00+08:00,11.34805744197093,11.34805744197093,10.888001059188325,11.271381378173828,97345,0.0,0.0
2015-02-26 00:00:00+08:00,11.156366978606131,11.271381071169083,11.118028947751815,11.19470500946045,23204,0.0,0.0
2015-03-02 00:00:00+08:00,11.309721103081337,11.961467742919922,11.23304502780621,11.961467742919922,712080,0.0,0.0
2015-03-03 00:00:00+08:00,11.961466487761466,12.191494689449186,11.693100252459125,11.884790420532227,581680,0.0,0.0
2015-03-04 00:00:00+08:00,11.961466057900271,12.57487457369003,11.808113928952832,12.498198509216309,594482,0.0,0.0
2015-03-05 00:00:00+08:00,12.421521832483895,12.881578196649965,12.344845771789549,12.34484577178955,376760,0.0,0.0
2015-03-06 00:00:00+08:00,12.344846823907668,12.344846823907668,11.884790420532227,11.884790420532227,260084,0.0,0.0
2015-03-09 00:00:00+08:00,11.961466564292527,11.961466564292527,11.386396056393849,11.539748191833496,192800,0.0,0.0
2015-03-10 00:00:00+08:00,11.654762653389362,11.654762653389362,11.348058373037011,11.386396408081055,89219,0.0,0.0
2015-03-11 00:00:00+08:00,11.118030162772747,11.501410513213187,11.118030162772747,11.386396408081055,161600,0.0,0.0
2015-03-12 00:00:00+08:00,11.348057384931607,11.654761638578409,11.348057384931607,11.616423606872559,146272,0.0,0.0
2015-03-13 00:00:00+08:00,11.424734115600586,11.693100353215366,11.424734115600586,11.424734115600586,44800,0.0,0.0
2015-03-16 00:00:00+08:00,11.424734115600586,11.424734115600586,11.424734115600586,11.424734115600586,0,0.0,0.0
2015-03-17 00:00:00+08:00,11.118028947751815,11.348057132877715,11.118028947751815,11.19470500946045,58511,0.0,0.0
2015-03-18 00:00:00+08:00,11.23304502780621,11.961467742919922,11.23304502780621,11.961467742919922,227757,0.0,0.0
2015-03-19 00:00:00+08:00,12.268171776389455,12.268171776389455,11.53974907716633,11.769777297973633,490957,0.0,0.0
2015-03-20 00:00:00+08:00,11.654761601420281,11.923127822505618,11.616423569836662,11.846451759338379,85480,0.0,0.0
2015-03-23 00:00:00+08:00,11.884789144877836,12.038141262876259,11.808113085878624,11.923127174377441,80000,0.0,0.0
2015-03-24 00:00:00+08:00,11.961467742919922,11.999805780557486,11.693101479456976,11.961467742919922,48000,0.0,0.0
2015-03-25 00:00:00+08:00,11.8847901170904,11.8847901170904,11.731437986547297,11.808114051818848,24000,0.0,0.0
2015-03-26 00:00:00+08:00,11.731438286073747,11.961466487761466,11.731438286073747,11.884790420532227,43640,0.0,0.0
2015-03-27 00:00:00+08:00,11.884788507089828,12.68988708337656,11.846450479647602,11.999802589416504,532000,0.0,0.0
2015-03-30 00:00:00+08:00,11.693100327273145,12.229832801311911,11.271381954814112,11.539748191833496,249600,0.0,0.0
2015-03-31 00:00:00+08:00,11.539748519261677,11.80811476389567,11.501410484313965,11.501410484313965,136000,0.0,0.0
2015-04-01 00:00:00+08:00,11.578086583301275,11.578086583301275,11.386396408081055,11.386396408081055,75200,0.0,0.0
2015-04-02 00:00:00+08:00,11.616423977387917,11.616423977387917,11.27138168102986,11.348057746887207,78472,0.0,0.0
2015-04-07 00:00:00+08:00,11.501410183490522,11.501410183490522,11.271381979820712,11.424734115600586,38472,0.0,0.0
2015-04-08 00:00:00+08:00,11.424733790266872,11.463071823120117,11.271381658853894,11.463071823120117,23200,0.0,0.0
2015-04-09 00:00:00+08:00,11.27138168102986,11.65476201031659,11.27138168102986,11.348057746887207,75200,0.0,0.0
2015-04-10 00:00:00+08:00,11.348057724560384,11.65476198738634,11.271381658853894,11.463071823120117,42399,0.0,0.0
2015-04-13 00:00:00+08:00,11.501409475085804,12.191494043590954,11.463071443502185,11.846451759338379,241019,0.0,0.0
2015-04-14 00:00:00+08:00,11.73143951709454,12.076481855832615,11.73143951709454,11.961467742919922,193019,0.0,0.0
2015-04-15 00:00:00+08:00,12.076481855832615,12.114819893470179,11.73143951709454,11.961467742919922,182400,0.0,0.0
2015-04-16 00:00:00+08:00,11.96146751704969,12.114819664704171,11.654763221740723,11.654763221740723,201720,0.0,0.0
2015-04-17 00:00:00+08:00,11.769777297973633,11.808115334774849,11.654763187569982,11.769777297973633,27494,0.0,0.0
2015-04-20 00:00:00+08:00,11.769775044386554,12.114817309531437,11.769775044386554,12.038141250610352,96000,0.0,0.0
2015-04-21 00:00:00+08:00,12.038142632012352,12.268170835171823,11.501410157973584,11.539748191833496,180800,0.0,0.0
2015-04-22 00:00:00+08:00,11.654763221740723,11.846453406308825,11.463073037172618,11.654763221740723,83200,0.0,0.0
2015-04-23 00:00:00+08:00,11.769776394992968,11.846452462712792,11.539748191833496,11.539748191833496,72800,0.0,0.0
2015-04-24 00:00:00+08:00,11.693100960838873,11.693100960838873,11.501410781152991,11.578086853027344,48000,0.0,0.0
2015-04-27 00:00:00+08:00,11.731438694000243,11.731438694000243,11.501410484313965,11.501410484313965,17600,0.0,0.0
2015-04-28 00:00:00+08:00,11.501410484313965,11.57808655420939,11.386396379470824,11.501410484313965,73600,0.0,0.0
2015-04-29 00:00:00+08:00,11.348058373037011,11.424734443125098,11.194706232860835,11.386396408081055,39200,0.0,0.0
2015-04-30 00:00:00+08:00,11.27138168102986,11.348057746887207,11.27138168102986,11.348057746887207,34480,0.0,0.0
2015-05-04 00:00:00+08:00,11.34805804771065,11.501410183490522,11.233043945875744,11.424734115600586,68000,0.0,0.0
2015-05-05 00:00:00+08:00,11.386396081655617,11.424734115600586,11.118029844040839,11.424734115600586,54400,0.0,0.0
2015-05-06 00:00:00+08:00,11.271382302948924,11.424734443125098,11.194706232860835,11.386396408081055,40273,0.0,0.0
2015-05-07 00:00:00+08:00,11.38639577981588,11.463071845673225,11.194705615172515,11.348057746887207,50400,0.0,0.0
2015-05-08 00:00:00+08:00,11.42473414146294,11.501410209526451,11.041353801145393,11.309720039367676,114400,0.0,0.0
2015-05-11 00:00:00+08:00,11.271382005335921,11.42473414146294,11.041353801145393,11.309720039367676,74400,0.0,0.0
2015-05-12 00:00:00+08:00,11.118028947751815,11.19470500946045,11.003014855188866,11.19470500946045,84000,0.0,0.0
2015-05-13 00:00:00+08:00,11.194704687229196,11.23304271697998,11.07969059797684,11.23304271697998,27200,0.0,0.0
2015-05-14 00:00:00+08:00,11.348056806232336,11.38639483598312,11.041352568226056,11.23304271697998,112000,0.0,0.0
2015-05-15 00:00:00+08:00,11.118028947751815,11.19470500946045,10.96467682433455,11.19470500946045,42780,0.0,0.0
2015-05-18 00:00:00+08:00,11.15636891559746,11.15636891559746,10.811326578001662,11.079692840576172,67200,0.0,0.0
2015-05-19 00:00:00+08:00,10.964677161640592,11.118029289775425,10.888001097573175,11.041353225708008,70400,0.0,0.0
2015-05-20 00:00:00+08:00,10.964676508724486,11.271380746730765,10.964676508724486,11.23304271697998,32080,0.0,0.0
2015-05-21 00:00:00+08:00,11.118029594421387,11.118029594421387,10.888001395916117,11.118029594421387,21600,0.0,0.0
2015-05-22 00:00:00+08:00,11.118030878086815,11.271383028129392,10.88800265302295,11.079692840576172,70400,0.0,0.0
2015-05-25 00:00:00+08:00,11.003015193674301,11.041353225708008,10.811325033505758,11.041353225708008,40800,0.0,0.0
2015-05-26 00:00:00+08:00,11.003014620000666,11.003014620000666,10.427944169477982,10.54295825958252,108800,0.0,0.0
2015-05-27 00:00:00+08:00,10.54295792801833,10.734648072164118,10.54295792801833,10.696310043334961,40000,0.0,0.0
2015-05-28 00:00:00+08:00,10.657973219708698,11.003015518188477,10.504621087051019,11.003015518188477,84042,0.0,0.0
2015-05-29 00:00:00+08:00,10.849662458392935,11.003014577946193,10.61963427906305,10.88800048828125,44000,0.0,0.0
2015-06-01 00:00:00+08:00,11.271379470825195,11.501407623291016,10.772985140482586,10.926337242126465,53600,0.0,0.0
2015-06-02 00:00:00+08:00,10.888001418695216,11.003015518188477,10.888001418695216,11.003015518188477,19832,0.0,0.0
2015-06-03 00:00:00+08:00,11.003016801980825,11.04135483961839,10.811326613793007,10.964678764343262,12800,0.0,0.0
2015-06-04 00:00:00+08:00,10.964676891054426,11.003014922142029,10.542958549090793,10.734648704528809,90400,0.0,0.0
2015-06-05 00:00:00+08:00,10.811324766704013,10.88800082887922,10.466282486915588,10.734648704528809,88000,0.0,0.0
2015-06-08 00:00:00+08:00,10.926338859966823,10.926338859966823,10.389606424740382,10.734648704528809,23200,0.0,0.0
2015-06-09 00:00:00+08:00,10.772986425770274,10.772986425770274,10.04456385605627,10.65797233581543,87200,0.0,0.0
2015-06-10 00:00:00+08:00,10.121239929199218,10.96467658996582,10.121239929199218,10.54295825958252,10400,0.0,0.0
2015-06-11 00:00:00+08:00,10.696310043334961,10.696310043334961,10.351267783872542,10.696310043334961,24000,0.0,0.0
2015-06-12 00:00:00+08:00,10.696310365800379,10.696310365800379,10.466282185890693,10.65797233581543,4000,0.0,0.0
2015-06-15 00:00:00+08:00,10.657972985419674,10.657972985419674,10.466282823811406,10.581296920776367,8160,0.0,0.0
2015-06-16 00:00:00+08:00,10.657972322239996,10.888000501856686,10.54295823243165,10.77298641204834,64000,0.0,0.0
2015-06-17 00:00:00+08:00,10.811324784041311,10.888000846339477,10.581296597146816,10.619634628295898,28800,0.0,0.0
2015-06-18 00:00:00+08:00,10.888001137591424,11.501409652385307,10.81132507324219,10.811325073242188,63200,0.0,0.0
2015-06-22 00:00:00+08:00,10.772986100993275,11.00301427396822,10.657972014505804,10.696310043334961,22400,0.0,0.0
2015-06-23 00:00:00+08:00,10.849662158651592,10.849662158651592,10.696310043334961,10.696310043334961,35281,0.0,0.0
2015-06-24 00:00:00+08:00,10.657972659444981,10.811324784041311,10.619634628295898,10.619634628295898,19200,0.0,0.0
2015-06-25 00:00:00+08:00,10.772986752892228,10.772986752892228,10.619634628295898,10.619634628295898,23200,0.0,0.0
2015-06-26 00:00:00+08:00,10.696310043334961,10.696310043334961,10.504619899189173,10.696310043334961,6400,0.0,0.0
2015-06-29 00:00:00+08:00,9.737861731835398,10.657974651378899,9.737861731835398,10.389608383178711,48000,0.0,0.0
2015-06-30 00:00:00+08:00,10.389608053600087,10.427946090698242,10.197917868109311,10.427946090698242,5600,0.0,0.0
2015-07-01 00:00:00+08:00,10.504620552062988,10.504620552062988,10.312930396003445,10.504620552062988,18400,0.0,0.0
2015-07-02 00:00:00+08:00,10.504622164894553,10.734650387483484,10.159579831011156,10.427946090698242,26400,0.0,0.0
2015-07-03 00:00:00+08:00,10.696310708122532,10.696310708122532,10.389606458427261,10.504620552062988,14400,0.0,0.0
2015-07-06 00:00:00+08:00,10.619633985676646,10.696310043334961,10.389605812701701,10.696310043334961,32800,0.0,0.0
2015-07-07 00:00:00+08:00,10.657972676910623,10.657972676910623,10.274592364791536,10.504620552062988,24000,0.0,0.0
2015-07-08 00:00:00+08:00,10.466282503699567,10.619634628295898,9.967888098761494,10.619634628295898,66400,0.0,0.0
2015-07-09 00:00:00+08:00,10.351267783872542,10.696310043334961,10.274591726214227,10.696310043334961,24000,0.0,0.0
2015-07-10 00:00:00+08:00,10.696310043334961,10.696310043334961,10.696310043334961,10.696310043334961,0,0.0,0.0
2015-07-13 00:00:00+08:00,10.811324801758257,10.811324801758257,10.42794448963917,10.504620552062988,28800,0.0,0.0
2015-07-14 00:00:00+08:00,10.657972985419674,10.657972985419674,10.427944791489754,10.581296920776367,54400,0.0,0.0
2015-07-15 00:00:00+08:00,10.427944791489754,10.581296920776367,10.427944791489754,10.581296920776367,16000,0.0,0.0
2015-07-16 00:00:00+08:00,10.772987082384635,10.926339211671248,10.50462085613306,10.581296920776367,38689,0.0,0.0
2015-07-17 00:00:00+08:00,10.50462085613306,10.657972985419674,10.466282823811406,10.581296920776367,9873,0.0,0.0
2015-07-20 00:00:00+08:00,10.65797233581543,10.65797233581543,10.65797233581543,10.65797233581543,800,0.0,0.0
2015-07-21 00:00:00+08:00,10.504620552062988,10.504620552062988,10.121240239943901,10.504620552062988,71200,0.0,0.0
2015-07-22 00:00:00+08:00,10.887999216715496,10.887999216715496,10.312928835550945,10.351266860961914,20320,0.0,0.0
2015-07-23 00:00:00+08:00,10.586524991428151,10.782571750528673,10.233640825047214,10.66494369506836,20000,0.375,0.0
2015-07-24 00:00:00+08:00,10.743361402440954,10.743361402440954,10.58652400970459,10.58652400970459,3200,0.0,0.0
2015-07-27 00:00:00+08:00,11.096246233024445,11.096246233024445,9.841547012329102,9.841547012329102,148098,0.0,0.0
2015-07-28 00:00:00+08:00,9.802337706558347,10.116012513168215,9.763128355732114,9.959175109863281,83200,0.0,0.0
2015-07-29 00:00:00+08:00,9.802337821203334,10.272850036621094,9.802337821203334,10.272850036621094,9600,0.0,0.0
2015-07-30 00:00:00+08:00,10.468897808763318,10.50810716385232,10.076804257873306,10.429688453674316,18400,0.0,0.0
2015-07-31 00:00:00+08:00,10.468896822495894,10.468896822495894,10.116012659939852,10.351268768310547,19200,0.0,0.0
2015-08-03 00:00:00+08:00,10.429687514287256,10.782571678304494,10.2336407564999,10.468896865844727,17600,0.0,0.0
2015-08-04 00:00:00+08:00,10.19443129020308,10.19443129020308,9.959175183506085,10.155221939086914,45600,0.0,0.0
2015-08-05 00:00:00+08:00,10.037593118320167,10.978617473162682,10.037593118320167,10.547314643859863,38400,0.0,0.0
2015-08-06 00:00:00+08:00,10.312059313406742,10.54731541941602,10.076803207397461,10.076803207397461,28000,0.0,0.0
2015-08-07 00:00:00+08:00,9.645500388512245,10.19443130493164,9.645500388512245,10.19443130493164,24800,0.0,0.0
2015-08-10 00:00:00+08:00,10.625734228076357,10.78257163365682,10.272850065520315,10.351268768310547,20000,0.0,0.0
2015-08-11 00:00:00+08:00,10.625733076357374,10.625733076357374,9.998383522033691,9.998383522033691,19200,0.0,0.0
2015-08-12 00:00:00+08:00,9.998384534622252,10.155221939086914,9.880756481273755,10.155221939086914,28800,0.0,0.0
2015-08-13 00:00:00+08:00,10.116012659939852,10.351268768310547,9.998384605754506,10.351268768310547,28480,0.0,0.0
2015-08-14 00:00:00+08:00,10.351267903267672,10.586523991978302,10.19443051079392,10.547314643859863,32832,0.0,0.0
2015-08-17 00:00:00+08:00,10.508105313336408,10.58652400970459,10.468895965152317,10.58652400970459,10400,0.0,0.0
2015-08-18 00:00:00+08:00,10.312058555149234,10.547314643859863,10.19443051079392,10.547314643859863,24800,0.0,0.0
2015-08-19 00:00:00+08:00,10.312058555149234,10.547314643859863,10.233639858912358,10.547314643859863,48800,0.0,0.0
2015-08-20 00:00:00+08:00,10.272850108057371,10.468896865844727,10.19443140494243,10.468896865844727,32800,0.0,0.0
2015-08-21 00:00:00+08:00,10.390476513934392,10.939407348632812,10.390476513934392,10.939407348632812,108800,0.0,0.0
2015-08-24 00:00:00+08:00,10.664943067994836,11.449130058288572,10.116012174789219,11.449130058288574,239200,0.0,0.0
2015-08-25 00:00:00+08:00,11.292292458670481,11.370711156300137,10.821780272892545,10.978617668151855,220001,0.0,0.0
2015-08-26 00:00:00+08:00,11.253083109855652,11.253083109855652,10.939408319337028,10.978617668151855,114400,0.0,0.0
2015-08-27 00:00:00+08:00,11.017827100921096,11.174664497375488,11.017827100921096,11.174664497375488,26200,0.0,0.0
2015-08-28 00:00:00+08:00,11.370711242943479,11.370711242943479,10.978617751807498,11.174664497375488,61600,0.0,0.0
2015-08-31 00:00:00+08:00,11.135455114681394,11.135455114681394,11.096245765686035,11.096245765686035,4000,0.0,0.0
2015-09-01 00:00:00+08:00,11.174665340878043,11.174665340878043,10.821781172218737,10.860990524291992,54400,0.0,0.0
2015-09-02 00:00:00+08:00,10.939409228438505,10.939409228438505,10.821781172218737,10.860990524291992,8800,0.0,0.0
2015-09-03 00:00:00+08:00,11.096245765686035,11.096245765686035,10.90019902070925,11.096245765686035,19240,0.0,0.0
2015-09-04 00:00:00+08:00,11.135455063411168,11.135455063411168,10.900198970522199,10.978617668151855,6400,0.0,0.0
2015-09-07 00:00:00+08:00,10.821779312626008,10.939407348632812,10.821779312626008,10.939407348632812,2400,0.0,0.0
2015-09-08 00:00:00+08:00,10.900198936462402,10.900198936462402,10.82178023907778,10.900198936462402,12800,0.0,0.0
2015-09-09 00:00:00+08:00,11.057035384639617,11.13545407531082,10.821779312626008,10.939407348632812,34929,0.0,0.0
2015-09-10 00:00:00+08:00,10.821781172218737,10.860990524291994,10.743362468072224,10.860990524291992,13600,0.0,0.0
2015-09-11 00:00:00+08:00,10.821781172218737,11.2138746929513,10.664943763925711,10.860990524291992,66400,0.0,0.0
2015-09-14 00:00:00+08:00,10.900198003297211,10.939407348632812,10.900198003297211,10.939407348632812,18400,0.0,0.0
2015-09-15 00:00:00+08:00,10.743362468072224,10.860990524291994,10.664943763925711,10.860990524291992,13600,0.0,0.0
2015-09-16 00:00:00+08:00,10.782571778680285,10.782571778680285,10.586525019067917,10.743362426757812,21600,0.0,0.0
2015-09-17 00:00:00+08:00,10.821781116527516,10.821781116527516,10.704153060913086,10.704153060913086,14400,0.0,0.0
2015-09-18 00:00:00+08:00,10.704153102377186,10.821781158447266,10.704153102377186,10.821781158447266,18400,0.0,0.0
2015-09-21 00:00:00+08:00,10.664943680991987,10.743362384528693,10.625734329223633,10.625734329223633,16475,0.0,0.0
2015-09-22 00:00:00+08:00,10.625734398330467,10.821781158447266,10.625734398330467,10.821781158447266,6400,0.0,0.0
2015-09-23 00:00:00+08:00,10.743362468072224,10.860990524291994,10.390478299412917,10.860990524291992,27200,0.0,0.0
2015-09-24 00:00:00+08:00,10.704153102377186,10.821781158447266,10.664943750353826,10.821781158447266,16800,0.0,0.0
2015-09-25 00:00:00+08:00,10.625733444907448,10.782570838928223,10.625733444907448,10.782570838928223,14400,0.0,0.0
2015-09-29 00:00:00+08:00,10.782570838928223,10.782570838928223,10.782570838928223,10.782570838928223,0,0.0,0.0
2015-09-30 00:00:00+08:00,10.743361402440954,10.743361402440954,10.429686616968226,10.58652400970459,43655,0.0,0.0
2015-10-01 00:00:00+08:00,10.586523991978302,10.586523991978302,10.508105295741425,10.547314643859863,11328,0.0,0.0
2015-10-02 00:00:00+08:00,10.586525019067917,10.743362426757812,10.586525019067917,10.743362426757812,3200,0.0,0.0
2015-10-05 00:00:00+08:00,10.704153074835338,10.743362426757812,10.704153074835338,10.743362426757812,1647,0.0,0.0
2015-10-06 00:00:00+08:00,10.58652497745528,10.664943680991987,10.58652497745528,10.625734329223633,5600,0.0,0.0
2015-10-07 00:00:00+08:00,10.625734343248256,10.66494369506836,10.508106287787943,10.66494369506836,23720,0.0,0.0
2015-10-08 00:00:00+08:00,10.58652400970459,10.58652400970459,10.58652400970459,10.58652400970459,3412,0.0,0.0
2015-10-12 00:00:00+08:00,10.704152036333616,10.704152036333616,10.547314643859863,10.547314643859863,16800,0.0,0.0
2015-10-13 00:00:00+08:00,10.508106231689453,10.547315583300234,10.508106231689453,10.508106231689453,12800,0.0,0.0
2015-10-14 00:00:00+08:00,10.508106287787943,10.66494369506836,10.429687584147734,10.66494369506836,15200,0.0,0.0
2015-10-15 00:00:00+08:00,10.664943680991987,10.664943680991987,10.625734329223633,10.625734329223633,4000,0.0,0.0
2015-10-16 00:00:00+08:00,10.429688453674316,10.429688453674316,10.429688453674316,10.429688453674316,2400,0.0,0.0
2015-10-19 00:00:00+08:00,10.42968752846789,10.508106231689453,10.351268825246326,10.508106231689453,15200,0.0,0.0
2015-10-20 00:00:00+08:00,10.42968752846789,10.508106231689453,10.390478176857108,10.508106231689453,27200,0.0,0.0
2015-10-21 00:00:00+08:00,10.468897808763318,10.468897808763318,10.390479098585315,10.429688453674316,28000,0.0,0.0
2015-10-22 00:00:00+08:00,10.46889688007867,10.508106231689453,10.1944314188032,10.508106231689453,32800,0.0,0.0
2015-10-23 00:00:00+08:00,10.508106231689453,10.508106231689453,10.351268825246326,10.508106231689453,37153,0.0,0.0
2015-10-26 00:00:00+08:00,10.586524920517139,10.66494362363208,10.468896865844727,10.468896865844727,20800,0.0,0.0
2015-10-27 00:00:00+08:00,10.429688453674316,10.468897808763318,10.429688453674316,10.429688453674316,8800,0.0,0.0
2015-10-28 00:00:00+08:00,10.429688453674316,10.429688453674316,10.390479098585315,10.429688453674316,13240,0.0,0.0
2015-10-29 00:00:00+08:00,10.39047807569248,10.429687426921507,10.233640670776367,10.233640670776367,38473,0.0,0.0
2015-10-30 00:00:00+08:00,10.233640656104456,10.390478060795711,9.919965846721942,10.19443130493164,46400,0.0,0.0
2015-11-02 00:00:00+08:00,10.19443130493164,10.312059358450083,10.116012602586013,10.19443130493164,16800,0.0,0.0
2015-11-03 00:00:00+08:00,10.272850122024764,10.508106231689453,10.272850122024764,10.508106231689453,17600,0.0,0.0
2015-11-04 00:00:00+08:00,10.468896793045161,10.508106144329973,10.272850036621094,10.272850036621094,14728,0.0,0.0
2015-11-05 00:00:00+08:00,10.312060388407312,10.429688453674316,10.272851033318311,10.429688453674316,14400,0.0,0.0
2015-11-06 00:00:00+08:00,10.272850122024764,10.508106231689453,10.272850122024764,10.508106231689453,9818,0.0,0.0
2015-11-09 00:00:00+08:00,10.390478060795711,10.390478060795711,10.19443130493164,10.19443130493164,25600,0.0,0.0
2015-11-10 00:00:00+08:00,10.194431334051467,10.272850036621094,10.155221982766655,10.272850036621094,28800,0.0,0.0
2015-11-11 00:00:00+08:00,10.194431362730084,10.351268768310547,10.194431362730084,10.351268768310547,6400,0.0,0.0
2015-11-12 00:00:00+08:00,10.35126971110645,10.35126971110645,10.1944322912412,10.312060356140137,19200,0.0,0.0
2015-11-13 00:00:00+08:00,10.1944322912412,10.312060356140137,10.037594871375951,10.312060356140137,16000,0.0,0.0
2015-11-16 00:00:00+08:00,10.429687411968525,10.429687411968525,9.41024428147536,10.19443130493164,48059,0.0,0.0
2015-11-17 00:00:00+08:00,10.194431319547338,10.233640670776367,10.15522196831831,10.233640670776367,16000,0.0,0.0
2015-11-18 00:00:00+08:00,10.194431319547338,10.233640670776367,10.037593914631225,10.233640670776367,13760,0.0,0.0
2015-11-19 00:00:00+08:00,10.155221953758828,10.19443130493164,10.0768032514132,10.19443130493164,9180,0.0,0.0
2015-11-20 00:00:00+08:00,10.46889676314134,10.46889676314134,10.19443130493164,10.19443130493164,12612,0.0,0.0
2015-11-23 00:00:00+08:00,10.19443130493164,10.19443130493164,10.155221953758828,10.19443130493164,16000,0.0,0.0
2015-11-24 00:00:00+08:00,10.272849962405195,10.272849962405195,10.076803207397461,10.076803207397461,3200,0.0,0.0
2015-11-25 00:00:00+08:00,10.272849916473149,10.272849916473149,9.959175109863281,9.959175109863281,13600,0.0,0.0
2015-11-26 00:00:00+08:00,10.037593856395915,10.076803207397461,9.802337750386636,10.076803207397461,37669,0.0,0.0
2015-11-27 00:00:00+08:00,10.19443137690706,10.390478134155273,10.19443137690706,10.390478134155273,7200,0.0,0.0
2015-11-30 00:00:00+08:00,10.50810617389101,10.50810617389101,10.194431362730084,10.351268768310547,5320,0.0,0.0
2015-12-01 00:00:00+08:00,10.508106114314153,10.508106114314153,10.19443130493164,10.19443130493164,6400,0.0,0.0
2015-12-02 00:00:00+08:00,10.1944322912412,10.312060356140137,10.1944322912412,10.312060356140137,4800,0.0,0.0
2015-12-03 00:00:00+08:00,10.351268825246326,10.821781044575705,10.351268825246326,10.508106231689453,160000,0.0,0.0
2015-12-04 00:00:00+08:00,10.508106217402197,11.213874545436672,10.468896865844727,10.468896865844727,63200,0.0,0.0
2015-12-07 00:00:00+08:00,10.547315495614788,10.547315495614788,10.194431334051467,10.272850036621094,40000,0.0,0.0
2015-12-08 00:00:00+08:00,10.194431362730084,10.429687471100777,10.194431362730084,10.351268768310547,78400,0.0,0.0
2015-12-09 00:00:00+08:00,10.272850007277269,10.390478060795711,9.841547144376314,10.19443130493164,38400,0.0,0.0
2015-12-10 00:00:00+08:00,10.312060356140137,10.312060356140137,10.312060356140137,10.312060356140137,800,0.0,0.0
2015-12-11 00:00:00+08:00,10.19443130493164,10.19443130493164,10.19443130493164,10.19443130493164,800,0.0,0.0
2015-12-14 00:00:00+08:00,10.19443130493164,10.19443130493164,10.19443130493164,10.19443130493164,800,0.0,0.0
2015-12-15 00:00:00+08:00,10.037593900240385,10.19443130493164,9.959175197894757,10.19443130493164,9600,0.0,0.0
2015-12-16 00:00:00+08:00,10.312059416915432,10.351268768310547,10.272850065520315,10.351268768310547,25600,0.0,0.0
2015-12-17 00:00:00+08:00,10.547316485938012,10.547316485938012,10.233641646207513,10.312060356140137,12800,0.0,0.0
2015-12-18 00:00:00+08:00,10.312060356140137,10.312060356140137,10.312060356140137,10.312060356140137,800,0.0,0.0
2015-12-21 00:00:00+08:00,10.116012602586013,10.272850007277269,10.116012602586013,10.19443130493164,20525,0.0,0.0
2015-12-22 00:00:00+08:00,10.194431334051467,10.272850036621094,10.155221982766655,10.272850036621094,16000,0.0,0.0
2015-12-23 00:00:00+08:00,10.272850122024764,10.508106231689453,10.272850122024764,10.508106231689453,4800,0.0,0.0
2015-12-24 00:00:00+08:00,10.272850036621094,10.272850036621094,10.194431334051467,10.272850036621094,24800,0.0,0.0
2015-12-25 00:00:00+08:00,10.390478045783908,10.390478045783908,10.037593885738417,10.155221939086914,8000,0.0,0.0
2015-12-28 00:00:00+08:00,10.155221939086914,10.155221939086914,10.155221939086914,10.155221939086914,4800,0.0,0.0
2015-12-29 00:00:00+08:00,10.116012513168215,10.116012513168215,9.959175109863281,9.959175109863281,13600,0.0,0.0
2015-12-30 00:00:00+08:00,9.959175154392822,10.116012558399008,9.959175154392822,10.076803207397461,13600,0.0,0.0
2015-12-31 00:00:00+08:00,10.037592924842539,10.194430314293204,10.037592924842539,10.116011619567871,7480,0.0,0.0
2016-01-04 00:00:00+08:00,10.116011619567871,10.116011619567871,10.116011619567871,10.116011619567871,0,0.0,0.0
2016-01-05 00:00:00+08:00,10.155220910614611,10.155220910614611,9.998383522033691,9.998383522033691,20800,0.0,0.0
2016-01-06 00:00:00+08:00,10.037593885738417,10.19443129020308,10.037593885738417,10.155221939086914,31200,0.0,0.0
2016-01-07 00:00:00+08:00,10.11601263148184,10.272850036621094,9.959175226342587,10.272850036621094,28000,0.0,0.0
2016-01-08 00:00:00+08:00,10.155221162675481,11.174664213754873,10.116011814557044,10.547314643859863,377600,0.0,0.0
2016-01-11 00:00:00+08:00,10.978618436091848,10.978618436091848,10.351268811172314,10.468896865844727,248000,0.0,0.0
2016-01-12 00:00:00+08:00,10.5865248468996,10.5865248468996,10.272850036621094,10.272850036621094,65600,0.0,0.0
2016-01-13 00:00:00+08:00,10.272849992435411,10.429687396900073,10.155221939086914,10.155221939086914,43200,0.0,0.0
2016-01-14 00:00:00+08:00,10.116012602586013,10.272850007277269,10.116012602586013,10.19443130493164,17776,0.0,0.0
2016-01-15 00:00:00+08:00,10.194430314293204,10.351267703743869,10.037592924842539,10.116011619567871,46400,0.0,0.0
2016-01-18 00:00:00+08:00,9.880756408210814,10.194431214820682,9.880756408210814,9.959175109863281,53137,0.0,0.0
2016-01-19 00:00:00+08:00,10.155221909400556,10.155221909400556,10.076803207397461,10.076803207397461,16800,0.0,0.0
2016-01-20 00:00:00+08:00,10.116011619567871,10.312058356381202,10.116011619567871,10.116011619567871,38400,0.0,0.0
2016-01-21 00:00:00+08:00,10.116012558399008,10.155221909400556,10.037593856395915,10.076803207397461,32000,0.0,0.0
2016-01-22 00:00:00+08:00,10.155221909400556,10.155221909400556,10.076803207397461,10.076803207397461,2400,0.0,0.0
2016-01-25 00:00:00+08:00,10.194431245326996,10.194431245326996,9.880756437778473,10.037593841552734,39200,0.0,0.0
2016-01-26 00:00:00+08:00,9.998384490609169,10.037593841552734,9.880756437778473,10.037593841552734,17600,0.0,0.0
2016-01-27 00:00:00+08:00,9.959174230117206,10.116011619567871,9.959174230117206,10.116011619567871,4958,0.0,0.0
2016-01-28 00:00:00+08:00,9.959175154392822,10.076803207397461,9.684709697381997,10.076803207397461,20000,0.0,0.0
2016-01-29 00:00:00+08:00,10.037593811515748,10.037593811515748,9.802337706558347,9.959175109863281,48000,0.0,0.0
2016-02-01 00:00:00+08:00,10.116012558399008,10.155221909400556,10.076803207397461,10.076803207397461,8000,0.0,0.0
2016-02-02 00:00:00+08:00,9.959175183506085,10.155221939086914,9.880756481273755,10.155221939086914,18400,0.0,0.0
2016-02-03 00:00:00+08:00,10.155220910614611,10.155220910614611,9.91996482774323,9.998383522033691,17600,0.0,0.0
2016-02-15 00:00:00+08:00,10.155220910614611,10.155220910614611,9.91996482774323,9.998383522033691,28000,0.0,0.0
2016-02-16 00:00:00+08:00,10.037593811515748,10.116012513168215,9.959175109863281,9.959175109863281,28800,0.0,0.0
2016-02-17 00:00:00+08:00,9.959174118344745,9.998383465267363,9.880755424499512,9.880755424499512,23440,0.0,0.0
2016-02-18 00:00:00+08:00,10.116012497852914,10.116012497852914,9.80233769171794,9.919965744018555,60800,0.0,0.0
2016-02-19 00:00:00+08:00,9.919965759037048,9.959175109863281,9.841547057384581,9.959175109863281,12800,0.0,0.0
2016-02-22 00:00:00+08:00,9.959174118344745,9.959174118344745,9.723918036809042,9.880755424499512,20160,0.0,0.0
2016-02-23 00:00:00+08:00,9.919964771422128,9.919964771422128,9.802336730654277,9.880755424499512,13980,0.0,0.0
2016-02-24 00:00:00+08:00,9.880755424499512,9.880755424499512,9.802336730654277,9.880755424499512,12000,0.0,0.0
2016-02-25 00:00:00+08:00,9.880755424499512,9.880755424499512,9.763127383731659,9.880755424499512,24000,0.0,0.0
2016-02-26 00:00:00+08:00,9.88075636297583,9.91996571362256,9.80233766168237,9.841547012329102,16000,0.0,0.0
2016-03-01 00:00:00+08:00,9.802338600158691,9.802338600158691,9.763129245758057,9.802338600158691,22400,0.0,0.0
2016-03-02 00:00:00+08:00,9.80233766168237,9.841547012329102,9.80233766168237,9.841547012329102,68000,0.0,0.0
2016-03-03 00:00:00+08:00,9.99838441491602,9.99838441491602,9.723918960388913,9.841547012329102,16000,0.0,0.0
2016-03-04 00:00:00+08:00,9.802337706558347,9.959175109863281,9.802337706558347,9.959175109863281,76800,0.0,0.0
2016-03-07 00:00:00+08:00,9.998384460689515,9.998384460689515,9.841547057384581,9.959175109863281,53909,0.0,0.0
2016-03-08 00:00:00+08:00,10.743360621954805,10.939407348632812,10.508104549941196,10.939407348632812,945670,0.0,0.0
2016-03-09 00:00:00+08:00,10.90020004798626,11.762805807179419,10.90020004798626,11.370712280273438,1358677,0.0,0.0
2016-03-10 00:00:00+08:00,11.527548853983015,12.03727040194825,11.370711454609097,11.684386253356934,790338,0.0,0.0
2016-03-11 00:00:00+08:00,11.919642269407928,11.919642269407928,11.449130074562879,11.4883394241333,393661,0.0,0.0
2016-03-14 00:00:00+08:00,11.48833858528265,11.880432052357142,11.48833858528265,11.723594665527344,400634,0.0,0.0
2016-03-15 00:00:00+08:00,11.841222043997183,12.546990245295028,11.684384665930995,12.2725248336792,1213904,0.0,0.0
2016-03-16 00:00:00+08:00,12.272526771303207,12.507782875545441,11.919642614939857,12.350945472717285,560000,0.0,0.0
2016-03-17 00:00:00+08:00,12.507783853555027,12.703830622419527,12.15489966959893,12.390155792236328,540740,0.0,0.0
2016-03-18 00:00:00+08:00,12.468573383256501,12.546992083780125,11.958851829852932,11.998061180114746,465655,0.0,0.0
2016-03-21 00:00:00+08:00,12.311737108530487,12.546993231623427,12.076480985437549,12.468574523925781,485240,0.0,0.0
2016-03-22 00:00:00+08:00,13.566435190587262,13.6840632413727,11.605967677496617,11.998061180114746,3423396,0.0,0.0
2016-03-23 00:00:00+08:00,11.68438618848113,12.03727033511311,11.331502041849149,11.527548789978027,752000,0.0,0.0
2016-03-24 00:00:00+08:00,11.527547931990098,11.723594665527346,11.331501198452852,11.723594665527344,215200,0.0,0.0
2016-03-25 00:00:00+08:00,11.998060951494189,12.037270301008876,11.409920708773887,11.449130058288574,328800,0.0,0.0
2016-03-28 00:00:00+08:00,11.449129923968249,11.449129923968249,10.97861773531202,11.135455131530762,469349,0.0,0.0
2016-03-29 00:00:00+08:00,11.174664480585447,11.213873829640134,10.743361640983904,11.135455131530762,348373,0.0,0.0
2016-03-30 00:00:00+08:00,11.135455131530762,11.527548622077619,10.939408386257332,11.135455131530762,318400,0.0,0.0
2016-03-31 00:00:00+08:00,11.605967372136664,11.605967372136664,11.174664530604558,11.253083229064941,187200,0.0,0.0
2016-04-01 00:00:00+08:00,11.292292578295132,11.292292578295132,11.017827133683793,11.253083229064941,140800,0.0,0.0
2016-04-06 00:00:00+08:00,11.253085126409998,11.292294482251148,11.096247703045398,11.213875770568848,81600,0.0,0.0
2016-04-07 00:00:00+08:00,11.213874869511045,11.370712280273438,11.09624681143925,11.370712280273438,130400,0.0,0.0
2016-04-08 00:00:00+08:00,11.370712253782484,11.566759016778734,11.174665490786234,11.292293548583984,228000,0.0,0.0
2016-04-11 00:00:00+08:00,11.370713193933447,11.409922549774597,11.135457058886548,11.213875770568848,137600,0.0,0.0
2016-04-12 00:00:00+08:00,11.21387387983475,11.331501927525323,10.9786177844536,11.253083229064941,188800,0.0,0.0
2016-04-13 00:00:00+08:00,11.292293548583984,11.292293548583984,11.057037432988484,11.292293548583984,140000,0.0,0.0
2016-04-14 00:00:00+08:00,11.370713193933447,11.488341261456897,11.213875770568848,11.213875770568848,92161,0.0,0.0
2016-04-15 00:00:00+08:00,11.096245765686035,11.213873812672107,11.096245765686035,11.096245765686035,59208,0.0,0.0
2016-04-18 00:00:00+08:00,11.213873761040825,11.213873761040825,10.978617668151855,10.978617668151855,77468,0.0,0.0
2016-04-19 00:00:00+08:00,11.13545508062288,11.13545508062288,10.978617685121149,11.017827033996582,69742,0.0,0.0
2016-04-20 00:00:00+08:00,10.978618538292654,11.017827890215129,10.743362426757812,10.743362426757812,119200,0.0,0.0
2016-04-21 00:00:00+08:00,10.782571887293605,11.057037353515625,10.782571887293605,11.057037353515625,88000,0.0,0.0
2016-04-22 00:00:00+08:00,10.86098958777009,10.900198936462402,10.743361541693158,10.900198936462402,84800,0.0,0.0
2016-04-25 00:00:00+08:00,11.605967320186991,11.919642112624478,11.096245782476077,11.135455131530762,776340,0.0,0.0
2016-04-26 00:00:00+08:00,11.135456176967555,11.409921646118164,11.096246824231754,11.409921646118164,224000,0.0,0.0
2016-04-27 00:00:00+08:00,11.488340311580234,11.527549664179483,11.213874843385485,11.292293548583984,164000,0.0,0.0
2016-04-28 00:00:00+08:00,11.409920574913562,11.409920574913562,11.135455131530762,11.135455131530762,149600,0.0,0.0
2016-04-29 00:00:00+08:00,11.253083127249178,11.253083127249178,10.978617685121149,11.017827033996582,95200,0.0,0.0
2016-05-03 00:00:00+08:00,11.213873726000887,11.213873726000887,10.900198936462402,10.900198936462402,126400,0.0,0.0
2016-05-04 00:00:00+08:00,11.057037270587424,11.057037270587424,10.704153102377186,10.821781158447266,96000,0.0,0.0
2016-05-05 00:00:00+08:00,10.860990510470625,10.860990510470625,10.704153102377186,10.821781158447266,47200,0.0,0.0
2016-05-06 00:00:00+08:00,10.821781116527516,10.821781116527516,10.664943709041609,10.704153060913086,71200,0.0,0.0
2016-05-09 00:00:00+08:00,10.978617668151855,10.978617668151855,10.704152226448059,10.978617668151855,37840,0.0,0.0
2016-05-10 00:00:00+08:00,10.900198003297211,10.939407348632812,10.821779312626008,10.939407348632812,63200,0.0,0.0
2016-05-11 00:00:00+08:00,10.939408285154713,11.057036331231645,10.743361541693158,10.900198936462402,117280,0.0,0.0
2016-05-12 00:00:00+08:00,10.664944584208323,10.704153939297324,10.312060388407312,10.429688453674316,160820,0.0,0.0
2016-05-13 00:00:00+08:00,10.50810716385232,10.50810716385232,10.037594902784305,10.429688453674316,61680,0.0,0.0
2016-05-16 00:00:00+08:00,10.194431486583891,10.704153060913086,10.194431486583891,10.704153060913086,48833,0.0,0.0
2016-05-17 00:00:00+08:00,10.429688453674316,10.54731651894132,10.429688453674316,10.429688453674316,80009,0.0,0.0
2016-05-18 00:00:00+08:00,10.312059431255989,10.468896837054558,10.116012674007775,10.390478134155273,164848,0.0,0.0
2016-05-19 00:00:00+08:00,10.351268768310547,10.547315525286125,10.194431362730084,10.351268768310547,83200,0.0,0.0
2016-05-20 00:00:00+08:00,10.351268866845164,10.70415303276034,10.351268866845164,10.625734329223633,76080,0.0,0.0
2016-05-23 00:00:00+08:00,10.547315667145444,10.743362426757812,10.547315667145444,10.743362426757812,48800,0.0,0.0
2016-05-24 00:00:00+08:00,10.743362426757812,10.82178113060276,10.586525019067917,10.743362426757812,84800,0.0,0.0
2016-05-25 00:00:00+08:00,10.821781116527516,10.821781116527516,10.54731565342718,10.704153060913086,36000,0.0,0.0
2016-05-26 00:00:00+08:00,10.664942793412642,10.782570838928223,10.625733444907448,10.782570838928223,46400,0.0,0.0
2016-05-27 00:00:00+08:00,10.821780187433417,10.821780187433417,10.586524096402256,10.782570838928223,47200,0.0,0.0
2016-05-30 00:00:00+08:00,10.782571806423906,10.821781158447266,10.664943750353826,10.821781158447266,33600,0.0,0.0
2016-05-31 00:00:00+08:00,10.743360621954805,10.939407348632812,10.586523240612399,10.939407348632812,92760,0.0,0.0
2016-06-01 00:00:00+08:00,10.93940915780909,10.93940915780909,10.66494369506836,10.66494369506836,93920,0.0,0.0
2016-06-02 00:00:00+08:00,10.664943680991987,10.70415303276034,10.625734329223633,10.625734329223633,54400,0.0,0.0
2016-06-03 00:00:00+08:00,10.625734343248256,10.821781102348778,10.429687584147734,10.66494369506836,84000,0.0,0.0
2016-06-06 00:00:00+08:00,10.74336350047505,11.292294482251148,10.66494478879275,11.213875770568848,345400,0.0,0.0
2016-06-07 00:00:00+08:00,11.213875770568848,11.213875770568848,11.213875770568848,11.213875770568848,0,0.0,0.0
2016-06-08 00:00:00+08:00,11.253083109855652,11.292292458670481,10.939408319337028,10.978617668151855,176000,0.0,0.0
2016-06-13 00:00:00+08:00,10.939409186370181,10.939409186370181,10.547315667145444,10.743362426757812,96000,0.0,0.0
2016-06-14 00:00:00+08:00,10.743362412784563,10.782571764656039,10.704153060913086,10.704153060913086,29600,0.0,0.0
2016-06-15 00:00:00+08:00,10.625733340096739,10.743361384452054,10.39047725138611,10.547314643859863,184800,0.0,0.0
2016-06-16 00:00:00+08:00,10.704153060913086,10.704153060913086,10.468896949684227,10.704153060913086,206190,0.0,0.0
2016-06-17 00:00:00+08:00,10.704153074835338,10.782571778680285,10.704153074835338,10.743362426757812,56800,0.0,0.0
2016-06-20 00:00:00+08:00,10.743362454400547,10.821781158447266,10.743362454400547,10.821781158447266,75080,0.0,0.0
2016-06-21 00:00:00+08:00,10.82178113060276,10.82178113060276,10.547315667145444,10.743362426757812,141680,0.0,0.0
2016-06-22 00:00:00+08:00,10.625734329223633,10.664943680991987,10.508106273918575,10.625734329223633,56800,0.0,0.0
2016-06-23 00:00:00+08:00,10.508107130971698,10.70415390580326,10.468897776005386,10.312060356140137,94452,0.0,0.0
2016-06-24 00:00:00+08:00,10.760409599126772,10.88268698093503,10.515854835510254,10.515854835510254,145600,0.625,0.0
2016-06-27 00:00:00+08:00,10.475095708240834,10.515854835510254,10.434336580971415,10.515854835510254,66400,0.0,0.0
2016-06-28 00:00:00+08:00,10.597374095990963,10.597374095990963,10.434337571437256,10.475096702575684,33600,0.0,0.0
2016-06-29 00:00:00+08:00,10.475095667894282,10.55661392211914,10.434336540781853,10.55661392211914,50680,0.0,0.0
2016-06-30 00:00:00+08:00,10.556613962779673,10.556613962779673,10.434336580971415,10.515854835510254,21600,0.0,0.0
2016-07-01 00:00:00+08:00,10.638132217318512,10.638132217318512,10.393577453701996,10.515854835510254,15292,0.0,0.0
2016-07-04 00:00:00+08:00,10.515854795006712,10.55661392211914,10.475095667894282,10.55661392211914,11200,0.0,0.0
2016-07-05 00:00:00+08:00,10.515854795006712,10.55661392211914,10.475095667894282,10.55661392211914,71200,0.0,0.0
2016-07-06 00:00:00+08:00,10.475095708240834,10.515854835510254,10.312059199163157,10.515854835510254,91200,0.0,0.0
2016-07-07 00:00:00+08:00,10.434336580971415,10.515854835510254,10.434336580971415,10.515854835510254,15200,0.0,0.0
2016-07-08 00:00:00+08:00,10.515854835510254,10.515854835510254,10.515854835510254,10.515854835510254,0,0.0,0.0
2016-07-11 00:00:00+08:00,10.597372018514465,10.760408511106995,10.434335525921934,10.638131141662598,88000,0.0,0.0
2016-07-12 00:00:00+08:00,10.597373875042864,10.678892135620117,10.597373875042864,10.678892135620117,70400,0.0,0.0
2016-07-13 00:00:00+08:00,10.678892135620117,10.678892135620117,10.515855614465611,10.678892135620117,61600,0.0,0.0
2016-07-14 00:00:00+08:00,10.67889126264132,10.719650389597966,10.597373008728027,10.597373008728027,110400,0.0,0.0
2016-07-15 00:00:00+08:00,10.597374095990963,10.597374095990963,10.475096702575684,10.475096702575684,84000,0.0,0.0
2016-07-18 00:00:00+08:00,10.475095667894282,10.638132176344,10.475095667894282,10.55661392211914,87200,0.0,0.0
2016-07-19 00:00:00+08:00,10.475095667894282,10.55661392211914,10.434336540781853,10.55661392211914,42400,0.0,0.0
2016-07-20 00:00:00+08:00,10.638132176344,10.638132176344,10.515854795006712,10.55661392211914,15280,0.0,0.0
2016-07-21 00:00:00+08:00,10.556613881771382,10.638132135684675,10.556613881771382,10.597373008728027,86500,0.0,0.0
2016-07-22 00:00:00+08:00,10.63813300533149,10.760410396197368,10.63813300533149,10.678892135620117,152419,0.0,0.0
2016-07-25 00:00:00+08:00,10.719649387958862,10.719649387958862,10.515853772218199,10.638131141662598,59200,0.0,0.0
2016-07-26 00:00:00+08:00,10.597372018514465,10.638131141662598,10.556612895366332,10.638131141662598,79200,0.0,0.0
2016-07-27 00:00:00+08:00,10.638131976127625,10.841927607854206,10.638131976127625,10.760409355163574,352880,0.0,0.0
2016-07-28 00:00:00+08:00,10.719650389597966,10.760409516554613,10.597373008728027,10.597373008728027,67200,0.0,0.0
2016-07-29 00:00:00+08:00,10.597373090049093,10.597373090049093,10.434336580971415,10.515854835510254,75200,0.0,0.0
2016-08-01 00:00:00+08:00,10.515853772218199,10.719649387958862,10.515853772218199,10.638131141662598,146400,0.0,0.0
2016-08-02 00:00:00+08:00,10.719649387958862,10.719649387958862,10.515853772218199,10.638131141662598,43200,0.0,0.0
2016-08-03 00:00:00+08:00,10.59737304923157,10.678891303456428,10.55661392211914,10.55661392211914,44000,0.0,0.0
2016-08-04 00:00:00+08:00,10.556613881771382,10.67889126264132,10.556613881771382,10.597373008728027,8835,0.0,0.0
2016-08-05 00:00:00+08:00,10.597373008728027,10.67889126264132,10.434336500901443,10.597373008728027,72960,0.0,0.0
2016-08-08 00:00:00+08:00,10.597374095990963,10.597374095990963,10.352819309160402,10.475096702575684,143200,0.0,0.0
2016-08-09 00:00:00+08:00,10.352819309160402,10.475096702575684,10.312060178021975,10.475096702575684,39200,0.0,0.0
2016-08-10 00:00:00+08:00,10.393577575683594,10.434336703431372,10.352818447935814,10.393577575683594,23240,0.0,0.0
2016-08-11 00:00:00+08:00,10.39357761698445,10.39357761698445,10.230541105345479,10.352818489074707,125240,0.0,0.0
2016-08-12 00:00:00+08:00,10.43433775166749,10.43433775166749,10.271301224297686,10.312060356140137,28080,0.0,0.0
2016-08-15 00:00:00+08:00,10.434336703431372,10.434336703431372,10.1897819369447,10.393577575683594,23200,0.0,0.0
2016-08-16 00:00:00+08:00,10.271301224297686,10.43433775166749,10.271301224297686,10.312060356140137,30079,0.0,0.0
2016-08-17 00:00:00+08:00,10.312060356140137,10.312060356140137,10.230542092455234,10.312060356140137,20800,0.0,0.0
2016-08-18 00:00:00+08:00,10.312060356140137,10.312060356140137,10.189782960612783,10.312060356140137,45600,0.0,0.0
2016-08-19 00:00:00+08:00,10.189782960612783,10.312060356140137,10.149023828770332,10.312060356140137,35200,0.0,0.0
2016-08-22 00:00:00+08:00,10.189781113276405,10.271299362182617,10.189781113276405,10.271299362182617,8800,0.0,0.0
2016-08-23 00:00:00+08:00,10.189783096313477,10.23054222869873,10.149023963928224,10.189783096313477,20880,0.0,0.0
2016-08-24 00:00:00+08:00,10.515853956341743,10.515853956341743,10.393576584756374,10.434335708618164,28592,0.0,0.0
2016-08-25 00:00:00+08:00,10.475095872803935,10.475095872803935,10.352818489074707,10.352818489074707,6400,0.0,0.0
2016-08-26 00:00:00+08:00,10.352819487982588,10.352819487982588,10.312060356140137,10.312060356140137,1640,0.0,0.0
2016-08-29 00:00:00+08:00,10.312059361164964,10.434336744894193,10.312059361164964,10.352818489074707,24800,0.0,0.0
2016-08-30 00:00:00+08:00,10.352818489074707,10.352818489074707,10.271300233255221,10.352818489074707,23200,0.0,0.0
2016-08-31 00:00:00+08:00,10.434336744894193,10.434336744894193,10.271300233255221,10.352818489074707,4800,0.0,0.0
2016-09-01 00:00:00+08:00,10.271300233255221,10.352818489074707,10.230541105345479,10.352818489074707,29600,0.0,0.0
2016-09-02 00:00:00+08:00,10.39357761698445,10.39357761698445,10.230541105345479,10.352818489074707,80800,0.0,0.0
2016-09-05 00:00:00+08:00,10.271301361083985,10.352819625854492,10.189783096313477,10.189783096313477,64000,0.0,0.0
2016-09-06 00:00:00+08:00,10.23054222869873,10.23054222869873,10.10826483154297,10.189783096313477,16000,0.0,0.0
2016-09-07 00:00:00+08:00,10.189782184769351,10.189782184769351,10.02674566981304,10.149023056030273,112080,0.0,0.0
2016-09-08 00:00:00+08:00,10.1897819369447,10.51585495892693,9.86370891496247,10.393577575683594,235640,0.0,0.0
2016-09-09 00:00:00+08:00,10.393577453701996,10.801168726396192,10.393577453701996,10.515854835510254,366400,0.0,0.0
2016-09-12 00:00:00+08:00,10.47509697613963,10.47509697613963,10.230542182922363,10.230542182922363,76000,0.0,0.0
2016-09-13 00:00:00+08:00,10.271300192440256,10.393577575683594,10.108263681449142,10.393577575683594,20800,0.0,0.0
2016-09-14 00:00:00+08:00,10.230542182922363,10.393578711733875,10.189783050719486,10.230542182922363,25600,0.0,0.0
2016-09-19 00:00:00+08:00,10.189781304795732,10.271299555234098,10.067503929138184,10.067503929138184,128200,0.0,0.0
2016-09-20 00:00:00+08:00,10.108263969421387,10.108263969421387,10.06750484051243,10.108263969421387,26795,0.0,0.0
2016-09-21 00:00:00+08:00,10.189783050719486,10.312060447328118,10.149023918516606,10.230542182922363,92932,0.0,0.0
2016-09-22 00:00:00+08:00,10.271301361083985,10.31206049346924,10.067505699157715,10.189783096313477,100000,0.0,0.0
2016-09-23 00:00:00+08:00,10.189782960612783,10.352819487982588,10.189782960612783,10.312060356140137,82480,0.0,0.0
2016-09-26 00:00:00+08:00,10.312058486635722,10.312058486635722,10.189781113276405,10.271299362182617,77000,0.0,0.0
2016-09-27 00:00:00+08:00,10.271299362182617,10.271299362182617,10.271299362182617,10.271299362182617,0,0.0,0.0
2016-09-28 00:00:00+08:00,10.271299362182617,10.271299362182617,10.271299362182617,10.271299362182617,0,0.0,0.0
2016-09-29 00:00:00+08:00,10.312059361164964,10.434336744894193,10.230541105345479,10.352818489074707,61840,0.0,0.0
2016-09-30 00:00:00+08:00,10.312058337032795,10.434335708618164,10.230540089309216,10.434335708618164,76042,0.0,0.0
2016-10-03 00:00:00+08:00,10.434337311371198,10.841928612596636,10.434337311371198,10.719651222229004,655640,0.0,0.0
2016-10-04 00:00:00+08:00,10.882687399748066,11.249519559290135,10.80116914207205,11.045723915100098,675640,0.0,0.0
2016-10-05 00:00:00+08:00,11.168002389294054,11.779389381408691,11.168002389294054,11.779389381408691,929377,0.0,0.0
2016-10-06 00:00:00+08:00,11.779389381408691,11.779389381408691,11.779389381408691,11.779389381408691,0,0.0,0.0
2016-10-07 00:00:00+08:00,11.779389381408691,11.779389381408691,11.779389381408691,11.779389381408691,0,0.0,0.0
2016-10-11 00:00:00+08:00,11.779389381408691,11.779389381408691,11.779389381408691,11.779389381408691,0,0.0,0.0
2016-10-12 00:00:00+08:00,11.779389381408691,11.779389381408691,11.779389381408691,11.779389381408691,0,0.0,0.0
2016-10-13 00:00:00+08:00,11.779389381408691,11.779389381408691,11.779389381408691,11.779389381408691,0,0.0,0.0
2016-10-14 00:00:00+08:00,11.779389381408691,11.779389381408691,11.779389381408691,11.779389381408691,0,0.0,0.0
2016-10-17 00:00:00+08:00,11.779389381408691,11.779389381408691,11.779389381408691,11.779389381408691,0,0.0,0.0
2016-10-18 00:00:00+08:00,11.779389381408691,11.779389381408691,11.779389381408691,11.779389381408691,0,0.0,0.0
2016-10-19 00:00:00+08:00,11.779389381408691,11.779389381408691,11.779389381408691,11.779389381408691,0,0.0,0.0
2016-10-20 00:00:00+08:00,12.513052601284452,12.879884762234157,12.227738698323568,12.839125633239746,500632,0.0,0.0
2016-10-21 00:00:00+08:00,13.042921931106852,13.49127237248865,13.042921931106852,13.12444019317627,462209,0.0,0.0
2016-10-24 00:00:00+08:00,13.124440464792372,13.28747699230532,12.87988567352295,12.87988567352295,133800,0.0,0.0
2016-10-25 00:00:00+08:00,12.879884762234157,12.879884762234157,12.553811730278863,12.839125633239746,138998,0.0,0.0
2016-10-26 00:00:00+08:00,12.635330330665413,12.716848590863254,12.227739029676206,12.513052940368652,99129,0.0,0.0
2016-10-27 00:00:00+08:00,12.47229266166687,12.879883925120035,12.390774408976236,12.71684741973877,107973,0.0,0.0
2016-10-28 00:00:00+08:00,12.716847459602969,12.716847459602969,12.513051827237536,12.676088333129883,84800,0.0,0.0
2016-10-31 00:00:00+08:00,12.676088453887344,12.757606707610092,12.472292819580474,12.553811073303223,79560,0.0,0.0
2016-11-01 00:00:00+08:00,12.757606546084086,13.16519780953725,12.71684741973877,12.71684741973877,250229,0.0,0.0
2016-11-02 00:00:00+08:00,12.716847662832222,12.716847662832222,12.390774645836524,12.47229290008545,182740,0.0,0.0
2016-11-03 00:00:00+08:00,12.472292940733864,12.553811195248464,12.268497304447363,12.431533813476562,159999,0.0,0.0
2016-11-04 00:00:00+08:00,12.350017642658019,12.635331581597313,12.227740240255464,12.268499374389648,154400,0.0,0.0
2016-11-07 00:00:00+08:00,12.26849742598881,12.59457044727755,12.26849742598881,12.309256553649902,73184,0.0,0.0
2016-11-08 00:00:00+08:00,12.553811061813171,13.53203010559082,12.553811061813171,13.53203010559082,317723,0.0,0.0
2016-11-09 00:00:00+08:00,13.81734717925849,14.714048176142523,13.532033225704481,14.1026611328125,1550720,0.0,0.0
2016-11-10 00:00:00+08:00,14.51025017776058,14.836323215463066,14.184177140058097,14.428731918334961,1025440,0.0,0.0
2016-11-11 00:00:00+08:00,14.714046573638916,15.651506604646382,14.26569612402665,15.488470077514648,1400852,0.0,0.0
2016-11-14 00:00:00+08:00,15.896059646606446,15.896059646606446,15.080877100626628,15.284672737121582,576672,0.0,0.0
2016-11-15 00:00:00+08:00,15.488469562015018,15.488469562015018,14.917841736046043,15.080878257751465,330400,0.0,0.0
2016-11-16 00:00:00+08:00,15.1216364733895,15.284672985231975,14.917840833586407,15.040118217468262,268407,0.0,0.0
2016-11-17 00:00:00+08:00,15.040118598937989,15.040118598937989,14.632527308993868,14.673286437988281,234800,0.0,0.0
2016-11-18 00:00:00+08:00,14.673285673035794,15.773782098513479,14.673285673035794,15.447709083557129,573833,0.0,0.0
2016-11-21 00:00:00+08:00,15.325432155443275,15.40695041158925,14.79556349049444,14.999359130859375,311360,0.0,0.0
2016-11-22 00:00:00+08:00,14.999359130859375,15.040118258932363,14.836322618567426,14.999359130859375,121600,0.0,0.0
2016-11-23 00:00:00+08:00,14.999359469943576,14.999359469943576,14.673286437988281,14.673286437988281,156960,0.0,0.0
2016-11-24 00:00:00+08:00,14.67328627030928,14.917841041481102,14.67328627030928,14.836322784423828,89037,0.0,0.0
2016-11-25 00:00:00+08:00,14.795563824971516,14.795563824971516,14.102658632066515,14.673286437988281,140800,0.0,0.0
2016-11-28 00:00:00+08:00,14.632529258728027,14.673288393153454,14.38797445217547,14.632529258728027,68000,0.0,0.0
2016-11-29 00:00:00+08:00,14.591768264770508,14.632527394001709,14.551009135539305,14.591768264770508,47569,0.0,0.0
2016-11-30 00:00:00+08:00,14.591768179999457,14.83632295396593,14.591768179999457,14.673286437988281,74600,0.0,0.0
2016-12-01 00:00:00+08:00,14.510249922010633,14.795563824971516,14.510249922010633,14.673286437988281,66214,0.0,0.0
2016-12-02 00:00:00+08:00,14.67328449365505,14.795561864435507,14.591766246468076,14.714043617248535,93824,0.0,0.0
2016-12-05 00:00:00+08:00,14.754803083159707,14.754803083159707,14.021138841455633,14.347211837768555,127200,0.0,0.0
2016-12-06 00:00:00+08:00,14.347213876281565,14.510250397602945,13.572790400005003,14.224936485290527,280524,0.0,0.0
2016-12-07 00:00:00+08:00,14.34721365890934,14.51025017776058,14.224936269770907,14.428731918334961,140800,0.0,0.0
2016-12-08 00:00:00+08:00,14.510248146805107,14.591766394820867,14.34721165077359,14.551007270812988,64000,0.0,0.0
2016-12-09 00:00:00+08:00,14.632529903698519,14.754807312364523,14.1026611328125,14.1026611328125,237532,0.0,0.0
2016-12-12 00:00:00+08:00,14.102659403929236,14.34721419128061,13.93962287902832,13.93962287902832,40800,0.0,0.0
2016-12-13 00:00:00+08:00,14.184176569399627,14.347213081691576,13.98038092903469,14.061899185180664,60800,0.0,0.0
2016-12-14 00:00:00+08:00,14.061900272704007,14.265695928830151,13.93962287902832,13.93962287902832,40800,0.0,0.0
2016-12-15 00:00:00+08:00,13.93962188364813,14.224935781851453,13.93962188364813,13.98038101196289,54200,0.0,0.0
2016-12-16 00:00:00+08:00,14.021138374081053,14.021138374081053,13.61354714227637,13.817342758178711,111800,0.0,0.0
2016-12-19 00:00:00+08:00,13.858103879481465,13.858103879481465,13.613549105137675,13.73582649230957,50244,0.0,0.0
2016-12-20 00:00:00+08:00,13.858101202281942,13.858101202281942,13.368991748083754,13.4912691116333,166200,0.0,0.0
2016-12-21 00:00:00+08:00,13.450512465308693,14.30645416764652,13.450512465308693,13.85810375213623,148800,0.0,0.0
2016-12-22 00:00:00+08:00,13.613548857130045,13.98038101196289,13.613548857130045,13.98038101196289,38872,0.0,0.0
2016-12-23 00:00:00+08:00,13.980381138184491,14.061899395549998,13.858103752136229,13.85810375213623,39849,0.0,0.0
2016-12-26 00:00:00+08:00,13.939622572978111,14.224936485290527,13.85810431231742,14.224936485290527,34000,0.0,0.0
2016-12-27 00:00:00+08:00,14.224933659893342,14.224933659893342,13.939619804250782,14.184174537658691,40000,0.0,0.0
2016-12-28 00:00:00+08:00,14.347213081691576,14.999359130859375,14.184176569399627,14.999359130859375,226429,0.0,0.0
2016-12-29 00:00:00+08:00,15.16239488586899,16.344409540950174,14.836321877570732,15.773781776428223,950727,0.0,0.0
2016-12-30 00:00:00+08:00,15.977576668806902,15.977576668806902,15.284671558169867,15.529226303100586,555996,0.0,0.0
2017-01-03 00:00:00+08:00,15.406949869791665,16.5074462890625,15.284672489872683,16.5074462890625,601874,0.0,0.0
2017-01-04 00:00:00+08:00,16.67048592567444,18.13781476020813,15.814544105529786,16.303653717041016,6603704,0.0,0.0
2017-01-05 00:00:00+08:00,16.5889677967099,17.200354816244662,16.385172123531643,16.996559143066406,2043920,0.0,0.0
2017-01-06 00:00:00+08:00,17.200354341600764,17.68946394373159,16.711244739469937,17.404150009155273,1803901,0.0,0.0
2017-01-09 00:00:00+08:00,17.893257224041484,18.42312588899032,17.48566594331161,17.811738967895508,1481400,0.0,0.0
2017-01-10 00:00:00+08:00,17.44490681523862,17.44490681523862,16.874279022216797,16.874279022216797,805637,0.0,0.0
2017-01-11 00:00:00+08:00,16.874277415533957,16.95579566391818,16.54820442199707,16.54820442199707,213000,0.0,0.0
2017-01-12 00:00:00+08:00,16.46668758118552,17.20035187935715,16.46668758118552,17.037315368652344,446120,0.0,0.0
2017-01-13 00:00:00+08:00,17.037314299449783,17.444905550632793,16.87427779897658,17.159591674804688,456800,0.0,0.0
2017-01-16 00:00:00+08:00,17.118834802659894,17.118834802659894,16.466688714939515,16.833520889282227,354400,0.0,0.0
2017-01-17 00:00:00+08:00,16.792761671686748,17.36338949548193,16.62972515060241,16.9150390625,191803,0.0,0.0
2017-01-18 00:00:00+08:00,16.955799287962684,17.037317553770194,16.711244490540142,16.792762756347656,208000,0.0,0.0
2017-01-19 00:00:00+08:00,16.792760162690353,18.463884353637695,16.792760162690353,18.463884353637695,2229876,0.0,0.0
2017-01-20 00:00:00+08:00,18.912236899517954,20.053492574488864,18.667682112024185,19.15679168701172,3103660,0.0,0.0
2017-01-23 00:00:00+08:00,19.564383544921878,20.705639251708984,19.40134701538086,20.379566192626953,2028336,0.0,0.0
2017-01-24 00:00:00+08:00,20.542601665467703,22.17296687701276,20.420324274601825,21.357784271240234,2326375,0.0,0.0
2017-02-02 00:00:00+08:00,21.68385556609152,22.8251111222016,21.35778255006007,22.132205963134766,1651422,0.0,0.0
2017-02-03 00:00:00+08:00,22.21372591678634,22.702835478256866,21.194747663722747,21.439302444458008,1231734,0.0,0.0
2017-02-06 00:00:00+08:00,21.64309524536133,21.806131744384768,20.787153625488283,21.398540496826172,741000,0.0,0.0
2017-02-07 00:00:00+08:00,21.520819458236836,22.33600201347308,21.480060330475023,21.7246150970459,974169,0.0,0.0
2017-02-08 00:00:00+08:00,21.84689000739905,22.091444746287845,21.23550316017706,21.276262283325195,996909,0.0,0.0
2017-02-09 00:00:00+08:00,22.13220425695181,22.254481628537178,20.50183930248022,20.868671417236328,1634200,0.0,0.0
2017-02-10 00:00:00+08:00,20.787154747889595,21.969169429632334,20.37956347832313,21.194746017456055,1103309,0.0,0.0
2017-02-13 00:00:00+08:00,21.317023479800426,21.52081911536257,20.62411831888913,21.11322784423828,945086,0.0,0.0
2017-02-14 00:00:00+08:00,21.194745621591245,21.602336883544922,20.90943173822367,21.602336883544922,750614,0.0,0.0
2017-02-15 00:00:00+08:00,21.683857899541444,23.558777943486756,21.35778484842052,23.436500549316406,4003504,0.0,0.0
2017-02-16 00:00:00+08:00,24.21092140856128,24.781549185867437,23.88484839295776,24.08864402770996,3631309,0.0,0.0
2017-02-17 00:00:00+08:00,24.210924045728603,25.02610667353091,23.395741417926292,23.436500549316406,2409344,0.0,0.0
2017-02-20 00:00:00+08:00,23.395738762303402,23.96636653699373,23.110424874958237,23.232702255249023,959209,0.0,0.0
2017-02-21 00:00:00+08:00,23.354980824178433,23.39573995301644,22.091447830200195,22.091447830200195,824040,0.0,0.0
2017-02-22 00:00:00+08:00,22.091447415559188,22.743593464726988,21.846892647121265,22.499038696289062,940080,0.0,0.0
2017-02-23 00:00:00+08:00,22.66207424799601,22.78435162703196,21.35778220494588,21.52081871032715,811376,0.0,0.0
2017-02-24 00:00:00+08:00,21.52081847458743,21.76537322998047,20.909431586104834,21.76537322998047,924113,0.0,0.0
2017-03-01 00:00:00+08:00,21.520819033109227,21.724614667892457,21.194746017456055,21.194746017456055,404668,0.0,0.0
2017-03-02 00:00:00+08:00,21.439300090945952,21.48005921659414,20.868672331871345,20.90943145751953,469064,0.0,0.0
2017-03-03 00:00:00+08:00,20.70563455925134,21.643094391658387,20.461079820362542,21.276262283325195,618120,0.0,0.0
2017-03-06 00:00:00+08:00,21.276264434637024,21.276264434637024,20.86867316194283,21.031709671020508,229176,0.0,0.0
2017-03-07 00:00:00+08:00,20.868672612028302,21.68385513593566,20.827913485832934,21.602336883544922,460200,0.0,0.0
2017-03-08 00:00:00+08:00,21.602335268510256,21.928408253695316,21.276262283325195,21.276262283325195,358826,0.0,0.0
2017-03-09 00:00:00+08:00,21.19474557729868,21.19474557729868,20.66487693786621,20.66487693786621,428400,0.0,0.0
2017-03-10 00:00:00+08:00,20.7056381098957,20.78715637017088,19.15679116466728,19.64590072631836,997904,0.0,0.0
2017-03-13 00:00:00+08:00,19.5643831834261,19.5643831834261,18.586164024254796,18.993755340576172,824974,0.0,0.0
2017-03-14 00:00:00+08:00,18.993752352139246,20.21652610871473,18.993752352139246,20.135007858276367,839022,0.0,0.0
2017-03-15 00:00:00+08:00,20.17576613882651,20.257284385852074,19.849693150724267,20.01272964477539,288720,0.0,0.0
2017-03-16 00:00:00+08:00,20.216527602251837,21.602337962083617,20.0942502175608,21.480060577392578,1827263,0.0,0.0
2017-03-17 00:00:00+08:00,21.520818320348805,22.29524170687651,21.520818320348805,21.928409576416016,1223992,0.0,0.0
2017-03-20 00:00:00+08:00,22.254485439944578,22.336003701629355,21.276266299727233,21.96917152404785,849604,0.0,0.0
2017-03-21 00:00:00+08:00,21.9691699538735,23.55877594311481,21.9691699538735,23.518016815185547,2794400,0.0,0.0
2017-03-22 00:00:00+08:00,23.47725693495957,24.047884707684283,22.662074402495698,23.314220428466797,1901881,0.0,0.0
2017-03-23 00:00:00+08:00,23.314221507845108,24.047885821029045,23.191944122314453,23.191944122314453,1272380,0.0,0.0
2017-03-24 00:00:00+08:00,23.232701417630313,23.76257004645346,22.988146665865784,23.110424041748047,900880,0.0,0.0
2017-03-27 00:00:00+08:00,23.39574299302212,24.985349224255334,23.39574299302212,24.536998748779297,4388862,0.0,0.0
2017-03-28 00:00:00+08:00,24.04788685516572,24.04788685516572,22.09144860254207,23.151185989379883,3448571,0.0,0.0
2017-03-29 00:00:00+08:00,22.947387852267845,23.19194260735418,22.41751921624745,22.784351348876953,940400,0.0,0.0
2017-03-30 00:00:00+08:00,23.028908293242914,23.069667422965466,22.539798736572266,22.539798736572266,502658,0.0,0.0
2017-03-31 00:00:00+08:00,22.53979698903791,22.743592621850187,22.050687470288445,22.376760482788086,258200,0.0,0.0
2017-04-05 00:00:00+08:00,22.376763120024645,22.6620770395878,22.00993093772916,22.58055877685547,437800,0.0,0.0
2017-04-06 00:00:00+08:00,22.662073971333786,22.90662872642012,22.62131484548606,22.784351348876953,216800,0.0,0.0
2017-04-07 00:00:00+08:00,22.90663265454277,23.35498311575268,22.66207785751918,22.702836990356445,401633,0.0,0.0
2017-04-10 00:00:00+08:00,23.151181948139293,23.191941071287424,21.276262283325195,21.276262283325195,589440,0.0,0.0
2017-04-11 00:00:00+08:00,21.765374142655702,22.82511146046291,21.724615015047732,21.806133270263672,739296,0.0,0.0
2017-04-12 00:00:00+08:00,21.84689156094888,22.091446317228158,21.64309593071615,21.683855056762695,219316,0.0,0.0
2017-04-13 00:00:00+08:00,21.520817399024963,21.88764951378107,20.82791229337454,20.868671417236328,438529,0.0,0.0
2017-04-14 00:00:00+08:00,20.461082627016857,21.19474694432025,20.175768725843312,20.298046112060547,409000,0.0,0.0
2017-04-17 00:00:00+08:00,20.29804636792439,20.338805497177248,19.808936816890064,20.053491592407227,139684,0.0,0.0
2017-04-18 00:00:00+08:00,20.25728617487727,21.11322784423828,20.25728617487727,21.11322784423828,219360,0.0,0.0
2017-04-19 00:00:00+08:00,21.235505556592752,21.235505556592752,20.705636895871628,20.787155151367188,129680,0.0,0.0
2017-04-20 00:00:00+08:00,20.70563739945132,20.86867391440763,20.298046112060547,20.298046112060547,133680,0.0,0.0
2017-04-21 00:00:00+08:00,20.461084365844727,20.78715742346775,20.37956610143897,20.461084365844727,90968,0.0,0.0
2017-04-24 00:00:00+08:00,20.46108288493583,20.62411940194727,19.890455075395785,20.053491592407227,113920,0.0,0.0
2017-04-25 00:00:00+08:00,20.216527938842773,20.379564454478604,20.175768809933817,20.216527938842773,26800,0.0,0.0
2017-04-26 00:00:00+08:00,20.379564454478604,20.379564454478604,19.97197316538903,20.216527938842773,83000,0.0,0.0
2017-04-27 00:00:00+08:00,20.216528548244618,20.216528548244618,19.56438246604318,19.64590072631836,291600,0.0,0.0
2017-04-28 00:00:00+08:00,19.605139772097267,20.053490161895752,19.482862393061318,19.564380645751953,352840,0.0,0.0
2017-05-02 00:00:00+08:00,19.564381641236626,19.7274181549136,19.523622512817383,19.523622512817383,46000,0.0,0.0
2017-05-03 00:00:00+08:00,19.482864737003407,19.482864737003407,19.116032555762757,19.15679168701172,157680,0.0,0.0
2017-05-04 00:00:00+08:00,19.15679306890856,19.15679306890856,18.74920172701689,18.789960861206055,306498,0.0,0.0
2017-05-05 00:00:00+08:00,18.83071863702003,19.890456049493018,18.83071863702003,19.15679168701172,551360,0.0,0.0
2017-05-08 00:00:00+08:00,19.401344807942706,21.03170991785386,19.31982655244715,20.787155151367188,996564,0.0,0.0
2017-05-09 00:00:00+08:00,21.19474767154678,21.561579842785086,19.44210507563041,19.64590072631836,892581,0.0,0.0
2017-05-10 00:00:00+08:00,20.012731035550434,20.012731035550434,19.319825887680054,19.564380645751953,333400,0.0,0.0
2017-05-11 00:00:00+08:00,19.931212977560346,20.501840751969027,19.808935597329913,20.338804244995117,740000,0.0,0.0
2017-05-12 00:00:00+08:00,20.33880593865739,20.33880593865739,19.56438246604318,19.64590072631836,308410,0.0,0.0
2017-05-15 00:00:00+08:00,19.72741823976145,19.72741823976145,19.034513053654127,19.44210433959961,514400,0.0,0.0
2017-05-16 00:00:00+08:00,19.442105788529688,19.442105788529688,18.66768228751907,18.993755340576172,508329,0.0,0.0
2017-05-17 00:00:00+08:00,18.83071765778171,19.279068078205086,18.586162883005326,19.19754981994629,318000,0.0,0.0
2017-05-18 00:00:00+08:00,18.83071962043421,19.197551820832278,18.58616482016883,19.11603355407715,152800,0.0,0.0
2017-05-19 00:00:00+08:00,19.116028970685498,19.116028970685498,18.830715105451386,18.912233352661133,87200,0.0,0.0
2017-05-22 00:00:00+08:00,19.075271854152927,19.075271854152927,18.749198831005014,18.830717086791992,84000,0.0,0.0
2017-05-23 00:00:00+08:00,18.830717086791992,19.03451272625944,18.830717086791992,18.830717086791992,78903,0.0,0.0
2017-05-24 00:00:00+08:00,18.912234746330885,19.034512126156297,18.463884353637695,18.463884353637695,360800,0.0,0.0
2017-05-25 00:00:00+08:00,18.463884935750592,19.116030982046418,18.4231258078571,18.830717086791992,182400,0.0,0.0
2017-05-26 00:00:00+08:00,18.830715105451386,18.99375159987088,18.830715105451386,18.912233352661133,55389,0.0,0.0
2017-05-31 00:00:00+08:00,18.912233205942005,19.11602882238535,18.21932811003465,19.07526969909668,318000,0.0,0.0
2017-06-01 00:00:00+08:00,19.319822775799295,19.319822775799295,18.586158619756283,18.749195098876953,151596,0.0,0.0
2017-06-02 00:00:00+08:00,18.95299301147461,18.95299301147461,18.260087890625,18.34160614013672,437600,0.0,0.0
2017-06-05 00:00:00+08:00,18.749201098202608,18.749201098202608,18.219332371514273,18.50464630126953,330400,0.0,0.0
2017-06-06 00:00:00+08:00,18.74919883492067,20.053490927784715,18.667680579116666,19.768177032470703,1750277,0.0,0.0
2017-06-07 00:00:00+08:00,19.768178564007,19.849696826126614,19.238309860229492,19.238309860229492,594400,0.0,0.0
2017-06-08 00:00:00+08:00,19.156789382298786,19.645898898442585,19.156789382298786,19.564380645751953,371800,0.0,0.0
2017-06-09 00:00:00+08:00,19.645901261999253,19.645901261999253,19.116032555762757,19.15679168701172,364440,0.0,0.0
2017-06-12 00:00:00+08:00,19.319828861638122,19.319828861638122,18.586164474487305,18.586164474487305,336240,0.0,0.0
2017-06-13 00:00:00+08:00,18.626923982586177,18.708442249468394,18.26009178161621,18.26009178161621,208380,0.0,0.0
2017-06-14 00:00:00+08:00,18.463885278546893,18.586162664497536,17.526425319591976,17.567184448242188,362480,0.0,0.0
2017-06-15 00:00:00+08:00,18.219329207813765,19.31982560291661,17.893256201857366,18.871475219726562,908000,0.0,0.0
2017-06-16 00:00:00+08:00,18.871476637578645,18.952994895192376,18.38236709189626,18.423126220703125,245600,0.0,0.0
2017-06-19 00:00:00+08:00,18.423126220703125,18.504644478316855,18.341607963089395,18.423126220703125,95219,0.0,0.0
2017-06-20 00:00:00+08:00,18.58616484914507,18.58616484914507,18.26009178161621,18.26009178161621,75969,0.0,0.0
2017-06-21 00:00:00+08:00,18.341607380128607,18.341607380128607,17.93401610501464,18.056293487548828,198556,0.0,0.0
2017-06-22 00:00:00+08:00,18.097055435180664,18.3823693722218,18.056296301317644,18.097055435180664,138443,0.0,0.0
2017-06-23 00:00:00+08:00,18.178573702906704,18.34161023835878,18.097055435180664,18.097055435180664,80215,0.0,0.0
2017-06-26 00:00:00+08:00,18.21932837387611,18.341605745512865,17.526423267934515,17.7302188873291,525781,0.0,0.0
2017-06-27 00:00:00+08:00,17.89325538284477,17.89325538284477,17.567182391813432,17.7302188873291,131000,0.0,0.0
2017-06-28 00:00:00+08:00,17.689459763450184,17.89325538284477,17.60794151569235,17.7302188873291,104800,0.0,0.0
2017-06-29 00:00:00+08:00,17.648703619285868,17.689462750046342,17.60794448852539,17.60794448852539,77236,0.0,0.0
2017-06-30 00:00:00+08:00,17.607944313539278,17.770980834960938,17.607944313539278,17.770980834960938,67000,0.0,0.0
2017-07-03 00:00:00+08:00,17.689461583676547,17.974775480187457,17.64870245560356,17.811738967895508,137200,0.0,0.0
2017-07-04 00:00:00+08:00,17.934016352114472,17.934016352114472,17.77097983982252,17.811738967895508,125600,0.0,0.0
2017-07-05 00:00:00+08:00,17.852498921481047,18.015535441311922,17.852498921481047,17.934017181396484,157600,0.0,0.0
2017-07-06 00:00:00+08:00,18.423127218783563,18.545404611828587,18.015535908633485,18.382368087768555,425820,0.0,0.0
2017-07-07 00:00:00+08:00,18.586162994795316,18.586162994795316,18.178571701049805,18.178571701049805,142560,0.0,0.0
2017-07-10 00:00:00+08:00,18.1785719611428,18.382367610931396,17.934017181396484,17.934017181396484,159461,0.0,0.0
2017-07-11 00:00:00+08:00,18.015535796130145,18.34160884221395,17.934017534609197,17.60794448852539,124028,0.0,0.0
2017-07-12 00:00:00+08:00,18.02519118617958,18.108641145374854,17.607941390203198,17.77484130859375,270883,0.625,0.0
2017-07-13 00:00:00+08:00,17.77484286506221,17.81656784831353,17.441042999051653,17.69139289855957,235216,0.0,0.0
2017-07-14 00:00:00+08:00,17.774842510856157,17.774842510856157,17.524492616337056,17.607942581176758,79208,0.0,0.0
2017-07-17 00:00:00+08:00,17.77484286506221,17.77484286506221,17.52449296555429,17.69139289855957,74200,0.0,0.0
2017-07-18 00:00:00+08:00,17.73311681154242,17.73311681154242,17.357591984945053,17.441041946411133,107280,0.0,0.0
2017-07-19 00:00:00+08:00,17.56621652841568,17.607941508293152,17.35759162902832,17.35759162902832,80080,0.0,0.0
2017-07-20 00:00:00+08:00,17.441042651497355,17.816567493276008,17.441042651497355,17.607942581176758,125600,0.0,0.0
2017-07-21 00:00:00+08:00,17.524492263793945,17.60794222695487,17.441042300633022,17.524492263793945,53600,0.0,0.0
2017-07-24 00:00:00+08:00,17.733117312919802,17.733117312919802,17.107242584228516,17.107242584228516,109600,0.0,0.0
2017-07-25 00:00:00+08:00,17.315867672291407,17.315867672291407,16.94034283120557,17.148967742919922,262400,0.0,0.0
2017-07-26 00:00:00+08:00,17.10724308716124,17.10724308716124,16.7734432220459,16.7734432220459,216000,0.0,0.0
2017-07-27 00:00:00+08:00,16.773442691430116,16.85689265506907,16.523092800513247,16.64826774597168,146400,0.0,0.0
2017-07-28 00:00:00+08:00,16.648268619386275,16.85689353942871,16.523093667360815,16.85689353942871,174408,0.0,0.0
2017-07-31 00:00:00+08:00,16.940343507445682,16.940343507445682,16.68999360339476,16.85689353942871,60000,0.0,0.0
2017-08-01 00:00:00+08:00,16.68999360339476,16.85689353942871,16.648268619386275,16.85689353942871,83129,0.0,0.0
2017-08-02 00:00:00+08:00,16.481368055840804,17.85829247569586,16.481368055840804,17.607942581176758,221440,0.0,0.0
2017-08-03 00:00:00+08:00,17.52449296555429,17.77484286506221,17.357593032549012,17.69139289855957,110763,0.0,0.0
2017-08-04 00:00:00+08:00,17.858294042526865,18.6510687780596,17.524494153881502,18.44244384765625,452000,0.0,0.0
2017-08-07 00:00:00+08:00,18.442443674654104,18.776243560168208,18.275543731897056,18.400718688964844,592000,0.0,0.0
2017-08-08 00:00:00+08:00,18.400717134669456,18.692792009822938,18.150367241680755,18.484167098999023,321101,0.0,0.0
2017-08-09 00:00:00+08:00,18.275541973777823,18.35899193712841,17.98346710205078,17.98346710205078,127310,0.0,0.0
2017-08-10 00:00:00+08:00,17.9834663271904,18.108641266822815,17.35759162902832,17.35759162902832,133600,0.0,0.0
2017-08-11 00:00:00+08:00,17.357593361728163,17.39931834577078,16.98206850534462,17.315868377685547,98400,0.0,0.0
2017-08-14 00:00:00+08:00,17.441041711515982,17.441041711515982,16.94034194946289,16.94034194946289,91200,0.0,0.0
2017-08-15 00:00:00+08:00,17.107245206241277,17.107245206241277,16.564820358238503,16.815170288085938,118800,0.0,0.0
2017-08-16 00:00:00+08:00,16.856895952904253,17.31587084271105,16.856895952904253,16.982070922851562,36400,0.0,0.0
2017-08-17 00:00:00+08:00,16.98206781354844,17.274142689948533,16.98206781354844,17.148967742919922,27400,0.0,0.0
2017-08-18 00:00:00+08:00,17.232417707605663,17.232417707605663,17.148967742919922,17.148967742919922,29680,0.0,0.0
2017-08-21 00:00:00+08:00,17.274142721817956,17.691392546016456,17.274142721817956,17.607942581176758,33992,0.0,0.0
2017-08-22 00:00:00+08:00,17.691392055777616,18.066916887150256,17.691392055777616,17.941741943359375,115200,0.0,0.0
2017-08-23 00:00:00+08:00,17.94174176551801,18.192091650618263,17.858291803817927,17.90001678466797,92000,0.0,0.0
2017-08-24 00:00:00+08:00,17.941743336856096,18.776243026942424,17.941743336856096,18.275543212890625,418693,0.0,0.0
2017-08-25 00:00:00+08:00,18.44244350086559,18.525893471457742,18.108643618496984,18.358993530273438,161680,0.0,0.0
2017-08-28 00:00:00+08:00,18.651069125613652,18.651069125613652,18.400719204464476,18.525894165039062,166128,0.0,0.0
2017-08-29 00:00:00+08:00,18.52589381981759,18.69279376414027,18.275543903333567,18.44244384765625,136730,0.0,0.0
2017-08-30 00:00:00+08:00,18.442443674654104,18.567618631721892,18.275543731897056,18.400718688964844,92000,0.0,0.0
2017-08-31 00:00:00+08:00,18.609343442049894,18.609343442049894,18.275543559681285,18.358993530273438,88000,0.0,0.0
2017-09-01 00:00:00+08:00,18.35899387549491,18.44244384765625,18.35899387549491,18.44244384765625,99340,0.0,0.0
2017-09-04 00:00:00+08:00,18.442442441316242,18.442442441316242,17.983467629428283,18.108642578125,127200,0.0,0.0
2017-09-05 00:00:00+08:00,18.192094418040494,19.110044136381987,18.192094418040494,19.026594161987305,575600,0.0,0.0
2017-09-06 00:00:00+08:00,18.776241302490234,19.44384099324544,18.60934137980143,18.776241302490234,553600,0.0,0.0
2017-09-07 00:00:00+08:00,18.859694059904633,18.859694059904633,18.35899421760628,18.525894165039062,234960,0.0,0.0
2017-09-08 00:00:00+08:00,18.525894846235,18.692794799804688,18.48416985784258,18.692794799804688,101040,0.0,0.0
2017-09-11 00:00:00+08:00,18.69279236525632,18.73451734821448,18.484167450465513,18.567617416381836,76200,0.0,0.0
2017-09-12 00:00:00+08:00,18.56761880589826,18.56761880589826,18.35899387549491,18.44244384765625,107249,0.0,0.0
2017-09-13 00:00:00+08:00,18.44244419132267,18.525894165039062,18.35899421760628,18.525894165039062,78446,0.0,0.0
2017-09-14 00:00:00+08:00,18.609342575073242,18.692792541777607,18.40071765831233,18.609342575073242,88603,0.0,0.0
2017-09-15 00:00:00+08:00,18.609343442049894,18.692793412642047,18.358993530273438,18.358993530273438,73400,0.0,0.0
2017-09-18 00:00:00+08:00,18.692793584502905,19.27694338401862,18.65106859882321,18.85969352722168,283600,0.0,0.0
2017-09-19 00:00:00+08:00,18.85969108462599,19.026591005728875,18.609341202971663,18.734516143798828,79200,0.0,0.0
2017-09-20 00:00:00+08:00,18.81796976498195,18.81796976498195,18.525894846235,18.692794799804688,95200,0.0,0.0
2017-09-21 00:00:00+08:00,18.85969335382635,18.85969335382635,18.692793412642047,18.817968368530273,80800,0.0,0.0
2017-09-22 00:00:00+08:00,18.85969475337437,18.984869718551636,18.525894846235,18.692794799804688,76932,0.0,0.0
2017-09-25 00:00:00+08:00,18.817968545857468,18.859693531546732,18.35899370327558,18.400718688964844,198800,0.0,0.0
2017-09-26 00:00:00+08:00,18.56761634757144,18.56761634757144,18.150366542008037,18.3172664642334,96160,0.0,0.0
2017-09-27 00:00:00+08:00,18.358992830328987,18.484167781444867,18.10864292809723,18.192092895507812,72800,0.0,0.0
2017-09-28 00:00:00+08:00,18.192093243881992,18.358993181899258,18.192093243881992,18.275543212890625,64200,0.0,0.0
2017-09-29 00:00:00+08:00,18.358993530273438,18.400718515569515,18.23381857438521,18.358993530273438,78643,0.0,0.0
2017-10-02 00:00:00+08:00,18.776238844698707,18.85968879511959,18.60933894385694,18.651063919067383,66400,0.0,0.0
2017-10-03 00:00:00+08:00,18.69279236525632,18.817967314130804,18.525892433423675,18.567617416381836,56800,0.0,0.0
2017-10-05 00:00:00+08:00,18.651067558425424,18.692792541777607,18.525892608368878,18.609342575073242,79204,0.0,0.0
2017-10-06 00:00:00+08:00,18.609342575073242,18.692792541777607,18.484167625016696,18.609342575073242,38933,0.0,0.0
2017-10-11 00:00:00+08:00,18.77624250848197,18.77624250848197,18.56761759172106,18.609342575073242,76840,0.0,0.0
2017-10-12 00:00:00+08:00,18.692792541777607,18.692792541777607,18.484167625016696,18.609342575073242,95910,0.0,0.0
2017-10-13 00:00:00+08:00,18.609342575073242,18.692792541777607,18.442442641664513,18.609342575073242,87000,0.0,0.0
2017-10-16 00:00:00+08:00,18.692794112471848,18.692794112471848,18.400719204464476,18.525894165039062,117599,0.0,0.0
2017-10-17 00:00:00+08:00,18.609342045493374,18.651067027658158,18.358992152504673,18.484167098999023,86859,0.0,0.0
2017-10-18 00:00:00+08:00,18.484168486161668,18.56761845675382,18.275543559681285,18.358993530273438,104000,0.0,0.0
2017-10-19 00:00:00+08:00,18.275542188175105,18.609342045493374,18.233817206010322,18.484167098999023,199000,0.0,0.0
2017-10-20 00:00:00+08:00,18.60934379197893,18.60934379197893,18.35899387549491,18.44244384765625,89200,0.0,0.0
2017-10-23 00:00:00+08:00,18.48416883373692,18.48416883373692,18.275543903333567,18.44244384765625,97599,0.0,0.0
2017-10-24 00:00:00+08:00,18.48416883373692,18.56761880589826,18.233818917252897,18.44244384765625,149000,0.0,0.0
2017-10-25 00:00:00+08:00,18.52589381981759,18.52589381981759,18.275543903333567,18.44244384765625,120300,0.0,0.0
2017-10-26 00:00:00+08:00,18.44244486945016,19.610744544437953,18.44244486945016,18.692794799804688,439216,0.0,0.0
2017-10-27 00:00:00+08:00,19.026593627929685,20.528693124871502,19.026593627929685,19.819368362426758,2147753,0.0,0.0
2017-10-30 00:00:00+08:00,20.3617901802063,20.528690099716187,18.776240944862366,20.027990341186523,1186760,0.0,0.0
2017-10-31 00:00:00+08:00,19.98626691427191,19.98626691427191,19.569017083076254,19.944541931152344,415027,0.0,0.0
2017-11-01 00:00:00+08:00,20.445240139961243,21.321464717388153,20.027990341186523,20.027990341186523,984512,0.0,0.0
2017-11-02 00:00:00+08:00,20.320067480617773,20.36179246517756,19.61074274310134,19.652467727661133,302467,0.0,0.0
2017-11-03 00:00:00+08:00,19.610739576405493,19.944539398982606,19.276939753828376,19.360389709472656,201970,0.0,0.0
2017-11-06 00:00:00+08:00,19.569017758541552,19.652467727661133,19.235217882063232,19.652467727661133,285972,0.0,0.0
2017-11-07 00:00:00+08:00,19.652467727661133,19.652467727661133,19.652467727661133,19.652467727661133,0,0.0,0.0
2017-11-08 00:00:00+08:00,19.652467727661133,19.652467727661133,19.652467727661133,19.652467727661133,0,0.0,0.0
2017-11-09 00:00:00+08:00,19.652467727661133,19.652467727661133,19.652467727661133,19.652467727661133,0,0.0,0.0
2017-11-10 00:00:00+08:00,19.652467727661133,19.652467727661133,19.652467727661133,19.652467727661133,0,0.0,0.0
2017-11-13 00:00:00+08:00,19.652467727661133,19.652467727661133,19.652467727661133,19.652467727661133,0,0.0,0.0
2017-11-14 00:00:00+08:00,22.030792732997572,23.282542320099704,22.030792732997572,23.073917388916016,406300,0.0,0.0
2017-11-15 00:00:00+08:00,22.78184028706941,23.741514877916657,22.78184028706941,23.449440002441406,279979,0.0,0.0
2017-11-16 00:00:00+08:00,23.44944173639471,23.532891706986863,22.948741912841797,22.948741912841797,162940,0.0,0.0
2017-11-17 00:00:00+08:00,22.990464452851626,23.115639395426136,22.197689816546397,22.823564529418945,142680,0.0,0.0
2017-11-20 00:00:00+08:00,22.823566262101952,22.948741214179297,22.61494134197305,22.781841278076172,50999,0.0,0.0
2017-11-21 00:00:00+08:00,22.781840751184284,22.781840751184284,22.406315903637292,22.656665802001953,109616,0.0,0.0
2017-11-22 00:00:00+08:00,22.531491882208403,22.65666683710956,21.86389212273556,21.98906707763672,275880,0.0,0.0
2017-11-23 00:00:00+08:00,22.030791888218868,22.322866780676314,21.863891949671753,21.947341918945312,82800,0.0,0.0
2017-11-24 00:00:00+08:00,22.197690255714186,22.197690255714186,21.8638904022448,22.030790328979492,54360,0.0,0.0
2017-11-27 00:00:00+08:00,22.030791888218868,22.114241857492424,21.780441980398198,21.947341918945312,129600,0.0,0.0
2017-11-28 00:00:00+08:00,21.94734331207567,21.94734331207567,21.613543413793153,21.822168350219727,135580,0.0,0.0
2017-11-29 00:00:00+08:00,21.822166965034977,21.98906690358209,21.822166965034977,21.947341918945312,63437,0.0,0.0
2017-11-30 00:00:00+08:00,21.98906690358209,21.98906690358209,21.863891949671753,21.947341918945312,54800,0.0,0.0
2017-12-01 00:00:00+08:00,21.94734077868254,23.86668997225554,21.94734077868254,23.032190322875977,344244,0.0,0.0
2017-12-04 00:00:00+08:00,22.865289510277115,23.199089357142476,22.781839548560775,22.823564529418945,89300,0.0,0.0
2017-12-05 00:00:00+08:00,22.78184162613249,23.032191534111966,22.78184162613249,22.865291595458984,70718,0.0,0.0
2017-12-06 00:00:00+08:00,23.240818534578594,23.532893453325542,22.865293639046804,23.36599349975586,210280,0.0,0.0
2017-12-07 00:00:00+08:00,23.532891181207475,23.61634114993516,23.0739163532052,23.282541275024414,108299,0.0,0.0
2017-12-08 00:00:00+08:00,23.282541294755607,24.909815686324546,23.1990913259572,24.200490951538086,408359,0.0,0.0
2017-12-11 00:00:00+08:00,24.24221546610848,26.53708956358863,24.24221546610848,25.452239990234375,936624,0.0,0.0
2017-12-12 00:00:00+08:00,25.53569028175483,26.245015011803577,24.617740631103516,24.617740631103516,365423,0.0,0.0
2017-12-13 00:00:00+08:00,24.450840857933304,25.160165592719768,24.200490951538086,24.200490951538086,229600,0.0,0.0
2017-12-14 00:00:00+08:00,24.200492157034407,24.868091940676738,24.200492157034407,24.49256706237793,154649,0.0,0.0
2017-12-15 00:00:00+08:00,24.951538750766296,25.076713694332014,24.450838976503427,24.65946388244629,103480,0.0,0.0
2017-12-18 00:00:00+08:00,24.492567049619748,25.4522417381057,24.24221713088428,24.951541900634766,148094,0.0,0.0
2017-12-19 00:00:00+08:00,24.951542072582722,26.119841701399306,24.951542072582722,24.993267059326172,423295,0.0,0.0
2017-12-20 00:00:00+08:00,25.24361345251966,26.49536287991733,25.24361345251966,26.41191291809082,640908,0.0,0.0
2017-12-21 00:00:00+08:00,26.370189139119013,26.870888932899753,25.952939310968393,26.245014190673828,371640,0.0,0.0
2017-12-22 00:00:00+08:00,26.16156298401271,26.578812792370172,25.70258819481951,25.952938079833984,185800,0.0,0.0
2017-12-25 00:00:00+08:00,26.203287784987985,26.203287784987985,25.660863037846514,25.911212921142578,176000,0.0,0.0
2017-12-26 00:00:00+08:00,25.869491057805536,26.286740913576594,25.32706624530316,25.74431610107422,127640,0.0,0.0
2017-12-27 00:00:00+08:00,25.70259193752123,27.121241492514283,25.70259193752123,26.870891571044922,634786,0.0,0.0
2017-12-28 00:00:00+08:00,27.07951275364415,28.706787017730623,27.07951275364415,27.788837432861328,1155220,0.0,0.0
2017-12-29 00:00:00+08:00,28.122640089555222,28.623339913108133,27.496765310114082,27.997465133666992,550542,0.0,0.0
2018-01-02 00:00:00+08:00,28.456437572534533,29.29093720809273,28.456437572534533,28.790237426757812,458000,0.0,0.0
2018-01-03 00:00:00+08:00,28.790234697276148,29.624734253718934,28.66505976380973,29.040584564208984,457000,0.0,0.0
2018-01-04 00:00:00+08:00,29.040589076450892,29.875088762555805,28.87368913922991,29.207489013671875,479100,0.0,0.0
2018-01-05 00:00:00+08:00,29.207487283181532,29.541287137846464,28.831962446683484,29.24921226501465,247529,0.0,0.0
2018-01-08 00:00:00+08:00,29.290943371767252,29.41611834344147,28.498168551163864,28.873693466186523,217304,0.0,0.0
2018-01-09 00:00:00+08:00,28.87369017017831,28.998865127563477,28.665065241203035,28.998865127563477,161260,0.0,0.0
2018-01-10 00:00:00+08:00,28.998860595195232,29.624735284300165,28.831960678100586,28.831960678100586,236664,0.0,0.0
2018-01-11 00:00:00+08:00,29.290935756779522,30.125435350989765,28.748511020542864,29.791635513305664,849049,0.0,0.0
2018-01-12 00:00:00+08:00,30.04198685837312,30.79303652983245,29.87508693138216,30.58441162109375,606920,0.0,0.0
2018-01-15 00:00:00+08:00,30.959937545776366,31.46063734436035,30.584412696838378,31.293737411499023,572216,0.0,0.0
2018-01-16 00:00:00+08:00,31.710987421231327,32.00306230537425,31.293737586741443,31.33546257019043,579952,0.0,0.0
2018-01-17 00:00:00+08:00,31.41891203567445,31.71098691515615,31.001662207843445,31.669261932373047,286856,0.0,0.0
2018-01-18 00:00:00+08:00,31.71098830207946,31.961338209727455,31.418913409823464,31.54408836364746,271720,0.0,0.0
2018-01-19 00:00:00+08:00,31.544088883833453,31.66926383972168,30.876489119096238,31.210289001464844,298208,0.0,0.0
2018-01-22 00:00:00+08:00,31.21028917212235,31.710988998413086,30.12543954849243,31.710988998413086,703744,0.0,0.0
2018-01-23 00:00:00+08:00,31.71098933645547,32.33686412599078,31.335464462734286,32.253414154052734,592935,0.0,0.0
2018-01-24 00:00:00+08:00,32.25341104632639,32.587210901915796,31.87788620878831,32.420310974121094,494012,0.0,0.0
2018-01-25 00:00:00+08:00,32.54548905583588,32.71238899971196,32.12823919614567,32.253414154052734,274279,0.0,0.0
2018-01-26 00:00:00+08:00,32.33685952198656,32.96273422241211,32.21168458190145,32.96273422241211,538368,0.0,0.0
2018-01-29 00:00:00+08:00,32.96273685242078,34.29793631986061,32.921011869063285,33.5886116027832,995003,0.0,0.0
2018-01-30 00:00:00+08:00,33.9641353062221,33.9641353062221,32.420310974121094,32.420310974121094,534400,0.0,0.0
2018-01-31 00:00:00+08:00,32.04479098226018,32.795840770906906,30.87649131103195,31.752716064453125,609034,0.0,0.0
2018-02-01 00:00:00+08:00,32.29513535904981,32.29513535904981,30.91821098327637,30.918210983276367,252516,0.0,0.0
2018-02-02 00:00:00+08:00,30.54268780051397,31.085112583856432,29.416113250495012,29.499563217163086,523372,0.0,0.0
2018-02-05 00:00:00+08:00,28.62333735161803,31.00166130065918,28.53988738849378,31.00166130065918,433479,0.0,0.0
2018-02-06 00:00:00+08:00,30.292336993747288,30.6261368504277,27.91401301489936,29.290937423706055,572404,0.0,0.0
2018-02-07 00:00:00+08:00,30.87648659609677,31.16856146930309,29.666462121384868,29.708187103271484,301160,0.0,0.0
2018-02-08 00:00:00+08:00,29.74991798400879,30.04199291512809,29.249218102089987,29.74991798400879,175294,0.0,0.0
2018-02-09 00:00:00+08:00,29.74991798400879,29.74991798400879,29.74991798400879,29.74991798400879,0,0.0,0.0
2018-02-12 00:00:00+08:00,29.791635513305668,30.04198539156874,29.332660736490034,29.791635513305664,133776,0.0,0.0
2018-02-21 00:00:00+08:00,31.460634701726153,31.460634701726153,29.708185553884643,29.791635513305664,235228,0.0,0.0
2018-02-22 00:00:00+08:00,29.833362755162756,30.125437635283234,29.62473784079099,29.87508773803711,84896,0.0,0.0
2018-02-23 00:00:00+08:00,30.33406784624739,30.33406784624739,29.54129303320929,29.74991798400879,163532,0.0,0.0
2018-02-26 00:00:00+08:00,30.00026301717151,30.00026301717151,29.499563217163086,29.499563217163086,90780,0.0,0.0
2018-02-27 00:00:00+08:00,29.499564429943796,29.708189355190925,28.915414639251843,29.332664489746094,140456,0.0,0.0
2018-03-01 00:00:00+08:00,29.207490576714022,29.416115509404836,28.91541567094688,29.124040603637695,64940,0.0,0.0
2018-03-02 00:00:00+08:00,29.124035095394888,29.124035095394888,27.621935864113777,28.289535522460938,327584,0.0,0.0
2018-03-05 00:00:00+08:00,28.289535522460938,28.623335351634516,27.914010714640657,28.289535522460938,146894,0.0,0.0
2018-03-06 00:00:00+08:00,28.581612555684785,29.33266222868088,28.581612555684785,29.24921226501465,327396,0.0,0.0
2018-03-07 00:00:00+08:00,29.207482880852677,30.459232147174937,29.207482880852677,30.41750717163086,317200,0.0,0.0
2018-03-08 00:00:00+08:00,30.87648963928223,31.21028952727447,30.542689751289988,30.876489639282227,304660,0.0,0.0
2018-03-09 00:00:00+08:00,31.043388540792783,31.54408835596686,31.043388540792783,31.085113525390625,221792,0.0,0.0
2018-03-12 00:00:00+08:00,31.04338748916399,31.54408728737631,30.709587623689107,30.834762573242188,264080,0.0,0.0
2018-03-13 00:00:00+08:00,31.29373512831815,33.88068389892578,31.29373512831815,33.88068389892578,1897171,0.0,0.0
2018-03-14 00:00:00+08:00,35.04898443454649,37.260408452440494,34.798634545728305,35.925209045410156,6928044,0.0,0.0
2018-03-15 00:00:00+08:00,35.883487512091016,39.5135612487793,35.71658757017431,39.5135612487793,5264238,0.0,0.0
2018-03-16 00:00:00+08:00,40.05598061529162,40.38978045375239,35.591407775878906,35.591407775878906,5521884,0.0,0.0
2018-03-19 00:00:00+08:00,35.215884734363094,35.215884734363094,33.713785385504,34.21448516845703,1872755,0.0,0.0
2018-03-20 00:00:00+08:00,34.79863419252283,35.674858794492835,34.00585955264521,34.047584533691406,1340127,0.0,0.0
2018-03-21 00:00:00+08:00,34.631736405229795,34.715186372471315,33.797236732814625,34.54828643798828,542377,0.0,0.0
2018-03-22 00:00:00+08:00,34.75691209209564,37.63593602289348,34.63173713858269,36.55108642578125,2794226,0.0,0.0
2018-03-23 00:00:00+08:00,35.257610599646405,37.38558473051264,35.257610599646405,37.13523483276367,1371719,0.0,0.0
2018-03-26 00:00:00+08:00,37.385585219933986,37.385585219933986,36.175560698306654,36.34246063232422,605800,0.0,0.0
2018-03-27 00:00:00+08:00,36.80143633280715,36.88488630181578,36.34246150325967,36.55108642578125,358649,0.0,0.0
2018-03-28 00:00:00+08:00,36.384187862344454,38.63733711070065,36.384187862344454,36.8848876953125,1123937,0.0,0.0
2018-03-29 00:00:00+08:00,37.13523430378085,37.969733951056824,37.01005935668945,37.01005935668945,534640,0.0,0.0
2018-03-30 00:00:00+08:00,37.55248242676325,38.59560693861778,37.05178266107307,37.51075744628906,793944,0.0,0.0
2018-04-02 00:00:00+08:00,37.928007431030274,38.80423202514648,37.51075762430827,37.55248260498047,575500,0.0,0.0
2018-04-03 00:00:00+08:00,37.46903264363607,37.55248260498047,36.92660789489746,37.55248260498047,532943,0.0,0.0
2018-04-09 00:00:00+08:00,38.38698468400759,38.38698468400759,37.218685150146484,37.218685150146484,280880,0.0,0.0
2018-04-10 00:00:00+08:00,37.05178035669933,37.05178035669933,35.46623119729103,36.092105865478516,432136,0.0,0.0
2018-04-11 00:00:00+08:00,37.969733769952846,37.969733769952846,36.21728451903194,36.96833419799805,369700,0.0,0.0
2018-04-12 00:00:00+08:00,36.96833277291752,36.96833277291752,36.13383316179071,36.6345329284668,160040,0.0,0.0
2018-04-13 00:00:00+08:00,36.926610724766306,36.926610724766306,35.257611369974605,35.50796127319336,337566,0.0,0.0
2018-04-16 00:00:00+08:00,34.798637559053205,35.507962305460765,33.79723791706606,33.92241287231445,418840,0.0,0.0
2018-04-17 00:00:00+08:00,33.922414455413815,34.42311429977417,32.96273975372314,33.37998962402344,299610,0.0,0.0
2018-04-18 00:00:00+08:00,34.13103602921235,34.13103602921235,33.379986336638,33.50516128540039,105280,0.0,0.0
2018-04-19 00:00:00+08:00,33.79723676793716,35.84176096747903,33.79723676793716,35.46623611450195,326949,0.0,0.0
2018-04-20 00:00:00+08:00,35.71658495139172,36.092109793170366,34.96553526783441,35.215885162353516,131149,0.0,0.0
2018-04-23 00:00:00+08:00,35.21588793916179,35.21588793916179,34.46483819638346,34.965538024902344,127999,0.0,0.0
2018-04-24 00:00:00+08:00,35.758312753390584,35.758312753390584,33.25481361079615,34.965538024902344,133600,0.0,0.0
2018-04-25 00:00:00+08:00,34.965538024902344,35.04898799632216,34.214488282124016,34.965538024902344,63739,0.0,0.0
2018-04-26 00:00:00+08:00,35.04898941632614,35.13243939112691,33.37998992031061,34.38138961791992,135000,0.0,0.0
2018-04-27 00:00:00+08:00,34.63173317614897,34.63173317614897,33.37998378423997,33.79723358154297,142560,0.0,0.0
2018-04-30 00:00:00+08:00,33.797240529403496,34.131040435866744,33.58861558786397,33.630340576171875,44880,0.0,0.0
2018-05-02 00:00:00+08:00,33.755514507293704,33.83896448135376,33.33826463699341,33.37998962402344,68080,0.0,0.0
2018-05-03 00:00:00+08:00,33.129638671875,33.3382636005392,32.37858892868388,33.129638671875,214780,0.0,0.0
2018-05-04 00:00:00+08:00,32.58720975451999,33.129634500754,32.58720975451999,33.04618453979492,130800,0.0,0.0
2018-05-07 00:00:00+08:00,33.79723707451878,34.88208665962679,33.42171221813524,34.631736755371094,140240,0.0,0.0
2018-05-08 00:00:00+08:00,35.0489891232468,37.38558839812992,35.0489891232468,37.09351348876953,698504,0.0,0.0
2018-05-09 00:00:00+08:00,37.51076106938053,38.63733565099708,36.00866162722514,36.55108642578125,805200,0.0,0.0
2018-05-10 00:00:00+08:00,36.25901205086735,37.469036618732886,36.25901205086735,36.67626190185547,202200,0.0,0.0
2018-05-11 00:00:00+08:00,36.467635449807204,38.22008475059886,36.300735516398476,37.218685150146484,306160,0.0,0.0
2018-05-14 00:00:00+08:00,38.38697814941406,40.932201700625214,37.719378529424255,38.38697814941406,3387400,0.0,0.0
2018-05-15 00:00:00+08:00,39.13803973580648,39.63873960449484,38.13663999842977,38.47043991088867,729568,0.0,0.0
2018-05-16 00:00:00+08:00,39.09630771332117,39.1380326948722,38.13663313764732,38.637332916259766,410993,0.0,0.0
2018-05-17 00:00:00+08:00,39.138032976365245,39.138032976365245,37.802833557128906,37.802833557128906,334210,0.0,0.0
2018-05-18 00:00:00+08:00,38.303536501797765,38.303536501797765,36.384187178178266,36.717987060546875,303627,0.0,0.0
2018-05-21 00:00:00+08:00,37.13523191313504,37.96973150668863,37.093506933457356,37.34385681152344,210560,0.0,0.0
2018-05-22 00:00:00+08:00,37.55248729666929,37.55248729666929,36.634537607195156,36.843162536621094,148570,0.0,0.0
2018-05-23 00:00:00+08:00,36.843160341292034,38.72078459424576,36.843160341292034,38.136634826660156,327908,0.0,0.0
2018-05-24 00:00:00+08:00,38.47043181421496,38.63733173531785,37.42730730732193,37.469032287597656,293420,0.0,0.0
2018-05-25 00:00:00+08:00,37.55248366602209,38.3869833030448,37.55248366602209,37.802833557128906,192665,0.0,0.0
2018-05-28 00:00:00+08:00,38.13663798839123,38.13663798839123,36.80143840892895,37.051788330078125,220287,0.0,0.0
2018-05-29 00:00:00+08:00,37.51076213464715,37.51076213464715,36.759712392240424,36.80143737792969,113720,0.0,0.0
2018-05-30 00:00:00+08:00,36.717986363798516,37.010061255328736,36.50936144127694,36.55108642578125,156864,0.0,0.0
2018-05-31 00:00:00+08:00,36.71798899203917,36.84316395451202,35.925214229711045,36.25901412963867,227200,0.0,0.0
2018-06-01 00:00:00+08:00,36.384184020854484,36.467633984205065,35.925209222426275,35.96693420410156,89060,0.0,0.0
2018-06-04 00:00:00+08:00,35.92520835876465,38.01145739237467,35.88348337809245,37.55248260498047,302072,0.0,0.0
2018-06-05 00:00:00+08:00,37.802836856560596,37.96973679853217,36.71798723374539,36.75971221923828,289672,0.0,0.0
2018-06-06 00:00:00+08:00,36.96833766747384,37.46903750044188,36.75971273707049,36.8848876953125,119760,0.0,0.0
2018-06-07 00:00:00+08:00,36.92660789489746,37.844557469685874,36.84315793355306,37.55248260498047,143200,0.0,0.0
2018-06-08 00:00:00+08:00,37.802834560094254,37.802834560094254,37.09350984980551,37.13523483276367,165680,0.0,0.0
2018-06-11 00:00:00+08:00,36.551087806667134,37.13523761179652,36.050387973699095,36.8848876953125,344016,0.0,0.0
2018-06-12 00:00:00+08:00,37.13523269514288,37.55248250070628,36.259008103459735,36.6345329284668,176000,0.0,0.0
2018-06-13 00:00:00+08:00,37.46903536735325,37.46903536735325,36.384185791015625,36.384185791015625,168056,0.0,0.0
2018-06-14 00:00:00+08:00,37.13523379404111,37.13523379404111,34.88208477732401,35.0907096862793,483292,0.0,0.0
2018-06-15 00:00:00+08:00,35.132436245189,35.96693591847139,35.048986277860756,35.46623611450195,80080,0.0,0.0
2018-06-19 00:00:00+08:00,35.46623344192962,35.46623344192962,34.67345881205119,34.84035873413086,72333,0.0,0.0
2018-06-20 00:00:00+08:00,35.04898426144622,35.04898426144622,33.79723482353743,34.08930969238281,157184,0.0,0.0
2018-06-21 00:00:00+08:00,34.21448776789404,34.54828764855642,33.83896290214886,33.92241287231445,70240,0.0,0.0
2018-06-22 00:00:00+08:00,33.79723949432373,33.880689468383785,33.33826463699341,33.37998962402344,83294,0.0,0.0
2018-06-25 00:00:00+08:00,33.37998492162932,33.42170990278136,33.004460091260995,33.17136001586914,59268,0.0,0.0
2018-06-26 00:00:00+08:00,33.421706795385994,33.421706795385994,31.627532772662402,32.462032318115234,167749,0.0,0.0
2018-06-27 00:00:00+08:00,32.50376251453662,32.96273733823354,32.50376251453662,32.79583740234375,43200,0.0,0.0
2018-06-28 00:00:00+08:00,32.21168658916767,32.921011293851414,32.21168658916767,32.54548645019531,39200,0.0,0.0
2018-06-29 00:00:00+08:00,32.87928577555653,32.87928577555653,32.29513602827507,32.420310974121094,65000,0.0,0.0
2018-07-02 00:00:00+08:00,32.62893588386447,32.96273573945388,32.420310974121094,32.420310974121094,477092,0.0,0.0
2018-07-03 00:00:00+08:00,32.42031357505105,32.83756342801181,31.544088883833453,30.292339324951172,108400,0.0,0.0
2018-07-04 00:00:00+08:00,31.598042122093407,32.20737075805664,31.598042122093407,32.20737075805664,58480,1.875,0.0
2018-07-05 00:00:00+08:00,32.20736663613543,32.81669519411638,30.771092178037502,32.424983978271484,112000,0.0,0.0
2018-07-06 00:00:00+08:00,32.33794599763412,32.33794599763412,31.55452334897004,32.076805114746094,39353,0.0,0.0
2018-07-09 00:00:00+08:00,32.07679940574636,32.07679940574636,31.510994260190447,31.815658569335938,28000,0.0,0.0
2018-07-10 00:00:00+08:00,32.1638475299981,33.03431701660156,31.423948466385152,33.03431701660156,113249,0.0,0.0
2018-07-11 00:00:00+08:00,33.03431826650237,33.33898259834099,32.33794265087123,33.208412170410156,70400,0.0,0.0
2018-07-12 00:00:00+08:00,33.16488394455309,33.86125946044922,33.07783700506607,33.86125946044922,36800,0.0,0.0
2018-07-13 00:00:00+08:00,33.948312176323924,34.340023470666125,32.90374872474473,33.60012435913086,82932,0.0,0.0
2018-07-16 00:00:00+08:00,33.861258821389114,33.9047822903112,33.03431291186933,33.77421188354492,34400,0.0,0.0
2018-07-17 00:00:00+08:00,33.643638962965746,33.94830322265625,33.42602163461538,33.94830322265625,20801,0.0,0.0
2018-07-18 00:00:00+08:00,34.165923434046796,34.165923434046796,33.55659486324851,34.07887649536133,15200,0.0,0.0
2018-07-19 00:00:00+08:00,34.078882528811086,34.122406005859375,32.77317821736238,34.122406005859375,86600,0.0,0.0
2018-07-20 00:00:00+08:00,34.07887713195412,34.165924072265625,33.68716590055235,34.165924072265625,48000,0.0,0.0
2018-07-23 00:00:00+08:00,34.29649448273288,34.29649448273288,33.51307201992934,34.165924072265625,36802,0.0,0.0
2018-07-24 00:00:00+08:00,34.07887934910432,34.209449768066406,33.774215038192786,34.209449768066406,61600,0.0,0.0
2018-07-25 00:00:00+08:00,34.209449768066406,34.209449768066406,33.94830893014223,34.209449768066406,20800,0.0,0.0
2018-07-26 00:00:00+08:00,34.25297164916992,34.25297164916992,33.861260410488185,34.25297164916992,46480,0.0,0.0
2018-07-27 00:00:00+08:00,34.03535492368827,34.34001922607422,33.90478450838,34.34001922607422,29600,0.0,0.0
2018-07-30 00:00:00+08:00,34.34002018702849,34.34002018702849,34.03535587611696,34.209449768066406,29600,0.0,0.0
2018-07-31 00:00:00+08:00,34.20945039739463,34.51411471391087,34.12240344981857,34.2964973449707,61600,0.0,0.0
2018-08-01 00:00:00+08:00,34.2964957543048,34.34001922607422,34.12240186722711,34.34001922607422,27200,0.0,0.0
2018-08-02 00:00:00+08:00,34.209444016676684,34.209444016676684,33.687162428635816,33.94830322265625,142400,0.0,0.0
2018-08-03 00:00:00+08:00,33.77420935997596,33.94830322265625,33.77420935997596,33.94830322265625,12600,0.0,0.0
2018-08-06 00:00:00+08:00,34.2529722972266,34.2529722972266,33.8177375793457,33.8177375793457,21688,0.0,0.0
2018-08-07 00:00:00+08:00,34.12239708533654,34.12239708533654,33.251927771935094,33.94830322265625,57767,0.0,0.0
2018-08-08 00:00:00+08:00,33.8612562913161,33.94830322265625,33.51306856595553,33.94830322265625,47200,0.0,0.0
2018-08-09 00:00:00+08:00,33.469552052550156,33.774216375525256,33.295458153707244,33.33898162841797,93600,0.0,0.0
2018-08-10 00:00:00+08:00,33.25193438825243,33.25193438825243,32.33794142731879,33.03431701660156,144400,0.0,0.0
2018-08-13 00:00:00+08:00,33.03431511685193,33.03431511685193,32.033275264826116,32.77317428588867,56000,0.0,0.0
2018-08-14 00:00:00+08:00,32.86022155680121,32.86022155680121,32.46851030645524,32.55555725097656,18400,0.0,0.0
2018-08-15 00:00:00+08:00,32.55556037117749,32.99079513549805,31.859184748264607,32.99079513549805,104040,0.0,0.0
2018-08-16 00:00:00+08:00,33.16488359443634,33.16488359443634,32.120320331619446,32.51203155517578,28000,0.0,0.0
2018-08-17 00:00:00+08:00,32.68612543231193,32.68612543231193,32.207367270187525,32.51203155517578,51200,0.0,0.0
2018-08-20 00:00:00+08:00,32.64260196302789,32.64260196302789,32.120320331619446,32.51203155517578,35200,0.0,0.0
2018-08-21 00:00:00+08:00,33.034315445843866,33.034315445843866,32.29441641741258,32.55555725097656,17131,0.0,0.0
2018-08-22 00:00:00+08:00,32.81669808454055,32.81669808454055,32.163846000630585,32.55555725097656,120100,0.0,0.0
2018-08-23 00:00:00+08:00,32.555557881673174,32.81669872029622,32.33794051615397,32.64260482788086,39200,0.0,0.0
2018-08-24 00:00:00+08:00,32.64260545690009,32.947269774497826,32.07680029564715,32.729652404785156,134783,0.0,0.0
2018-08-27 00:00:00+08:00,32.77317587872769,32.77317587872769,32.29441766535982,32.729652404785156,37600,0.0,0.0
2018-08-28 00:00:00+08:00,32.99079166057139,32.99079166057139,32.250892639160156,32.250892639160156,108880,0.0,0.0
2018-08-29 00:00:00+08:00,32.20736661028894,32.20736661028894,31.859178863150685,31.90270233154297,82480,0.0,0.0
2018-08-30 00:00:00+08:00,31.90270581542638,32.16384665429754,31.90270581542638,32.120323181152344,29876,0.0,0.0
2018-08-31 00:00:00+08:00,32.4249858882011,32.46850935919198,31.72861035234712,32.16384506225586,105749,0.0,0.0
2018-09-03 00:00:00+08:00,32.64260455130226,32.64260455130226,31.598041205660586,31.815658569335938,84880,0.0,0.0
2018-09-04 00:00:00+08:00,32.55555694209419,32.55555694209419,31.85918139253068,32.250892639160156,26648,0.0,0.0
2018-09-05 00:00:00+08:00,32.38146145967139,32.38146145967139,32.20736758085595,32.29441452026367,6452,0.0,0.0
2018-09-06 00:00:00+08:00,32.03327968592278,32.381467508595854,32.03327968592278,32.33794403076172,19200,0.0,0.0
2018-09-07 00:00:00+08:00,31.946229914072397,32.20737075805664,31.815659492080275,32.20737075805664,25600,0.0,0.0
2018-09-10 00:00:00+08:00,32.33794059488508,32.33794059488508,30.90166597896152,31.33690071105957,70428,0.0,0.0
2018-09-11 00:00:00+08:00,30.945185071197002,31.510990142822266,30.945185071197002,31.510990142822266,16800,0.0,0.0
2018-09-12 00:00:00+08:00,31.94622675229425,31.94622675229425,31.380421646327186,31.772132873535156,11369,0.0,0.0
2018-09-13 00:00:00+08:00,31.7721360180829,32.20737075805664,31.685089070088154,32.20737075805664,26400,0.0,0.0
2018-09-14 00:00:00+08:00,32.250891060664735,32.81669616699219,32.250891060664735,32.81669616699219,77049,0.0,0.0
2018-09-17 00:00:00+08:00,32.816701770446464,33.77421826772739,32.816701770446464,33.60012435913086,96880,0.0,0.0
2018-09-18 00:00:00+08:00,33.600118007856544,33.861258821389114,33.51307107001236,33.77421188354492,77280,0.0,0.0
2018-09-19 00:00:00+08:00,33.94830798014942,34.383542697843644,33.94830798014942,34.34001922607422,74602,0.0,0.0
2018-09-20 00:00:00+08:00,34.470588363355894,34.77525265444616,33.774212840863854,34.165924072265625,125847,0.0,0.0
2018-09-21 00:00:00+08:00,34.12240282209168,34.209449768066406,33.86126198416751,34.209449768066406,40800,0.0,0.0
2018-09-25 00:00:00+08:00,34.209449768066406,34.209449768066406,33.730691565205426,34.209449768066406,44200,0.0,0.0
2018-09-26 00:00:00+08:00,33.94830925974436,34.20945010020394,33.94830925974436,33.9918327331543,61504,0.0,0.0
2018-09-27 00:00:00+08:00,34.03535554984728,34.427066802978516,33.86126165956673,34.427066802978516,112919,0.0,0.0
2018-09-28 00:00:00+08:00,34.078877449035645,34.47058868408203,33.861260096232094,34.47058868408203,185400,0.0,0.0
2018-10-01 00:00:00+08:00,34.90582490905107,36.95142811444434,34.90582490905107,36.51619338989258,495934,0.0,0.0
2018-10-02 00:00:00+08:00,36.559716862347756,36.559716862347756,35.68924741324424,36.51619338989258,360056,0.0,0.0
2018-10-03 00:00:00+08:00,36.51619338989258,36.51619338989258,36.51619338989258,36.51619338989258,0,0.0,0.8
2018-10-04 00:00:00+08:00,36.51619338989258,36.51619338989258,36.51619338989258,36.51619338989258,0,0.0,0.0
2018-10-05 00:00:00+08:00,36.51619338989258,36.51619338989258,36.51619338989258,36.51619338989258,0,0.0,0.0
2018-10-08 00:00:00+08:00,36.51619338989258,36.51619338989258,36.51619338989258,36.51619338989258,0,0.0,0.0
2018-10-09 00:00:00+08:00,36.51619338989258,36.51619338989258,36.51619338989258,36.51619338989258,0,0.0,0.0
2018-10-11 00:00:00+08:00,31.685086568196613,34.57504607601246,31.302080558554735,33.426025390625,250232,0.0,0.0
2018-10-12 00:00:00+08:00,33.42602705942809,34.749141693115234,33.35639056563906,34.749141693115234,159456,0.0,0.0
2018-10-15 00:00:00+08:00,34.74914354850053,34.74914354850053,33.913492296103925,34.67950439453125,56801,0.0,0.0
2018-10-16 00:00:00+08:00,33.98312400307863,34.01794224692396,33.600118007856544,33.77421188354492,52600,0.0,0.0
2018-10-17 00:00:00+08:00,33.77421188354492,34.366129998300714,32.86892426125771,33.77421188354492,112791,0.0,0.0
2018-10-18 00:00:00+08:00,33.07783762613932,33.426025390625,32.207368214925125,33.426025390625,111342,0.0,0.0
2018-10-19 00:00:00+08:00,33.008204652112354,33.63494110107422,32.451102044418995,33.63494110107422,63400,0.0,0.0
2018-10-22 00:00:00+08:00,33.39120633635353,33.39120633635353,33.217112458329225,33.356388092041016,20400,0.0,0.0
2018-10-23 00:00:00+08:00,33.4260268954053,33.4260268954053,32.59037569172778,33.39120864868164,45615,0.0,0.0
2018-10-24 00:00:00+08:00,33.356388900312595,33.426025390625,33.04301938098312,33.426025390625,46100,0.0,0.0
2018-10-25 00:00:00+08:00,30.81461854420176,33.39120864868164,30.81461854420176,33.39120864868164,80599,0.0,0.0
2018-10-26 00:00:00+08:00,33.18229501806975,33.426025390625,32.03327433268229,33.426025390625,118334,0.0,0.0
2018-10-29 00:00:00+08:00,33.35639527811381,33.35639527811381,32.381468288561436,33.25193786621094,75400,0.0,0.0
2018-10-30 00:00:00+08:00,33.217114077472125,33.217114077472125,32.590375023450015,32.97338104248047,33800,0.0,0.0
2018-10-31 00:00:00+08:00,33.21711538079791,33.21711538079791,32.62519454956055,32.62519454956055,88800,0.0,0.0
2018-11-01 00:00:00+08:00,32.79928844290177,32.868927594115455,32.62519454956055,32.62519454956055,58000,0.0,0.0
2018-11-02 00:00:00+08:00,32.41628240884348,32.62519454956055,32.172552020750565,32.62519454956055,65740,0.0,0.0
2018-11-05 00:00:00+08:00,32.38146461324489,32.729652404785156,32.34664636538327,32.729652404785156,38800,0.0,0.0
2018-11-06 00:00:00+08:00,32.72965009354743,32.72965009354743,32.485919719265326,32.69483184814453,26800,0.0,0.0
2018-11-07 00:00:00+08:00,32.66001510620117,32.66001510620117,32.3814638172316,32.66001510620117,30341,0.0,0.0
2018-11-08 00:00:00+08:00,32.625194202733496,32.66001510620117,32.48592121471068,32.66001510620117,26600,0.0,0.0
2018-11-09 00:00:00+08:00,32.69483370077423,32.69483370077423,32.31182766671594,32.62519454956055,26000,0.0,0.0
2018-11-12 00:00:00+08:00,32.62518759951453,32.62518759951453,32.10290603075094,32.52073287963867,40400,0.0,0.0
2018-11-13 00:00:00+08:00,32.13773195231269,32.69483184814453,32.13773195231269,32.69483184814453,28850,0.0,0.0
2018-11-14 00:00:00+08:00,32.24218726314946,32.62519328233101,32.24218726314946,32.45109939575195,18000,0.0,0.0
2018-11-15 00:00:00+08:00,32.20737306429858,32.242191314697266,32.102915656640285,32.242191314697266,22000,0.0,0.0
2018-11-16 00:00:00+08:00,31.545806222028727,32.52073287963867,31.545806222028727,32.52073287963867,54500,0.0,0.0
2018-11-19 00:00:00+08:00,32.48592029823728,32.48592029823728,32.24218726314946,32.45109939575195,8000,0.0,0.0
2018-11-20 00:00:00+08:00,32.45109939575195,32.45109939575195,32.03327513054697,32.45109939575195,15600,0.0,0.0
2018-11-21 00:00:00+08:00,32.451101347521856,32.451101347521856,31.92881965637207,31.92881965637207,18623,0.0,0.0
2018-11-22 00:00:00+08:00,32.242194338137935,32.34665175559149,32.17255783081055,32.17255783081055,10999,0.0,0.0
2018-11-23 00:00:00+08:00,32.03327686206714,32.20737075805664,31.685089070088154,32.20737075805664,32119,0.0,0.0
2018-11-26 00:00:00+08:00,32.311832427978516,32.93856894248156,32.20737501399682,32.311832427978516,68000,0.0,0.0
2018-11-27 00:00:00+08:00,32.277005509172895,32.45109939575195,32.03327513054697,32.45109939575195,43562,0.0,0.0
2018-11-28 00:00:00+08:00,32.03327686206714,32.20737075805664,31.859182966077647,32.20737075805664,33538,0.0,0.0
2018-11-29 00:00:00+08:00,32.34664640614064,32.381464654046134,31.928819461888633,32.20737075805664,55000,0.0,0.0
2018-11-30 00:00:00+08:00,32.277006637600515,32.277006637600515,31.859182357788086,31.859182357788086,32001,0.0,0.0
2018-12-03 00:00:00+08:00,32.033277110480185,32.868928349002516,31.963640614129183,31.998458862304688,47941,0.0,0.0
2018-12-04 00:00:00+08:00,32.03327178955078,32.03327178955078,31.75472053749178,32.03327178955078,29084,0.0,0.0
2018-12-05 00:00:00+08:00,31.75472053749178,32.03327178955078,31.75472053749178,32.03327178955078,27600,0.0,0.0
2018-12-06 00:00:00+08:00,31.963640614129183,31.998458862304684,31.197625871957857,31.998458862304688,102951,0.0,0.0
2018-12-07 00:00:00+08:00,31.92881549827054,31.96363639831543,31.650266893143375,31.96363639831543,29000,0.0,0.0
2018-12-10 00:00:00+08:00,31.963638247388086,31.963638247388086,31.685086969685234,31.893999099731445,19600,0.0,0.0
2018-12-11 00:00:00+08:00,31.894001461316122,31.998458862304684,31.85918321314062,31.998458862304688,19800,0.0,0.0
2018-12-12 00:00:00+08:00,31.998461386641306,31.998461386641306,31.754728317260746,31.754728317260742,4200,0.0,0.0
2018-12-13 00:00:00+08:00,31.9636405609517,31.9636405609517,31.54581361415464,31.92881965637207,28200,0.0,0.0
2018-12-14 00:00:00+08:00,31.78954666390177,31.92881965637207,31.78954666390177,31.92881965637207,10000,0.0,0.0
2018-12-17 00:00:00+08:00,31.92881965637207,31.92881965637207,31.75472575932214,31.92881965637207,11000,0.0,0.0
2018-12-18 00:00:00+08:00,31.89400397741217,31.89400397741217,31.719910066338453,31.754728317260742,17600,0.0,0.0
2018-12-19 00:00:00+08:00,31.893996163521283,32.03327178955078,31.580626669070313,32.03327178955078,38600,0.0,0.0
2018-12-20 00:00:00+08:00,31.789544362939267,31.893999099731445,31.719905215282623,31.893999099731445,16200,0.0,0.0
2018-12-21 00:00:00+08:00,31.82436260853666,31.893999099731445,31.754723460880015,31.893999099731445,27400,0.0,0.0
2018-12-24 00:00:00+08:00,32.102909088134766,32.72964809292438,32.102909088134766,32.102909088134766,50800,0.0,0.0
2018-12-25 00:00:00+08:00,32.10291105044795,32.69483184814453,31.75472328349532,32.69483184814453,21551,0.0,0.0
2018-12-26 00:00:00+08:00,32.590378063875164,32.590378063875164,32.24219025837124,32.381465911865234,37000,0.0,0.0
2018-12-27 00:00:00+08:00,32.38146461324489,32.729652404785156,32.20737071747475,32.729652404785156,57539,0.0,0.0
2018-12-28 00:00:00+08:00,32.27700641975252,32.66001510620117,32.24218817274681,32.66001510620117,18800,0.0,0.0
2019-01-02 00:00:00+08:00,32.24218817274681,32.66001510620117,32.24218817274681,32.66001510620117,10010,0.0,0.0
2019-01-03 00:00:00+08:00,32.66001545339839,32.66001545339839,32.34664591409179,32.62519454956055,16800,0.0,0.0
2019-01-04 00:00:00+08:00,32.59037780761719,32.59037780761719,32.068096103467994,32.59037780761719,19001,0.0,0.0
2019-01-07 00:00:00+08:00,32.69483521103187,32.69483521103187,32.346647408265746,32.59037780761719,25200,0.0,0.0
2019-01-08 00:00:00+08:00,32.55555725097656,32.55555725097656,32.3814633619339,32.55555725097656,8929,0.0,0.0
2019-01-09 00:00:00+08:00,32.55555679028415,32.55555679028415,32.277005509172895,32.45109939575195,5308,0.0,0.0
2019-01-10 00:00:00+08:00,32.5555598146172,32.660017218853234,32.381465911865234,32.381465911865234,17010,0.0,0.0
2019-01-11 00:00:00+08:00,32.520739245557934,32.520739245557934,32.03327582133223,32.34664535522461,40639,0.0,0.0
2019-01-14 00:00:00+08:00,32.45110009554744,32.45110009554744,32.068094068106504,32.34664535522461,11450,0.0,0.0
2019-01-15 00:00:00+08:00,32.34664361835253,32.34664361835253,32.068092346191406,32.068092346191406,30000,0.0,0.0
2019-01-16 00:00:00+08:00,32.34664361835253,32.34664361835253,31.85918022030146,32.068092346191406,21200,0.0,0.0
2019-01-17 00:00:00+08:00,31.859179011104175,31.96363639831543,31.824360767520993,31.96363639831543,12000,0.0,0.0
2019-01-18 00:00:00+08:00,32.033277110480185,32.033277110480185,31.998458862304684,31.998458862304688,10000,0.0,0.0
2019-01-21 00:00:00+08:00,31.99845464189861,31.99845464189861,31.96363639831543,31.96363639831543,5400,0.0,0.0
2019-01-22 00:00:00+08:00,31.78954666390177,31.92881965637207,31.75472575932214,31.92881965637207,6001,0.0,0.0
2019-01-23 00:00:00+08:00,32.24219012222755,32.24219012222755,31.54581451416016,31.545814514160156,4400,0.0,0.0
2019-01-24 00:00:00+08:00,31.371718927032266,31.859182357788086,31.371718927032266,31.859182357788086,10928,0.0,0.0
2019-01-25 00:00:00+08:00,32.10290827433472,32.10290827433472,31.859177921129312,32.03327178955078,15999,0.0,0.0
2019-01-28 00:00:00+08:00,32.13773131649747,32.13773131649747,31.719904410543528,31.82436180114746,15649,0.0,0.0
2019-01-29 00:00:00+08:00,31.998460582022044,31.998460582022044,31.685091018676758,31.685091018676758,6300,0.0,0.0
2019-01-30 00:00:00+08:00,31.68508616582948,31.85918004586151,31.650267921115432,31.82436180114746,9600,0.0,0.0
2019-02-11 00:00:00+08:00,31.824362430762953,32.69483184814453,31.685086792689532,32.69483184814453,26199,0.0,0.0
2019-02-12 00:00:00+08:00,32.520737964668214,32.69483184814453,32.17255019771559,32.69483184814453,41600,0.0,0.0
2019-02-13 00:00:00+08:00,32.69483521103187,32.69483521103187,32.59037780761719,32.59037780761719,5400,0.0,0.0
2019-02-14 00:00:00+08:00,32.59037780761719,32.59037780761719,32.520741309648805,32.59037780761719,31800,0.0,0.0
2019-02-15 00:00:00+08:00,32.660013837118235,32.660013837118235,32.137732182941264,32.48591995239258,21200,0.0,0.0
2019-02-18 00:00:00+08:00,32.485921560057164,32.62519454956055,32.34664591409179,32.62519454956055,50922,0.0,0.0
2019-02-19 00:00:00+08:00,32.48592306066462,32.59037780761719,32.451102155218315,32.59037780761719,40347,0.0,0.0
2019-02-20 00:00:00+08:00,32.485921560057164,32.69483370077423,32.485921560057164,32.62519454956055,18400,0.0,0.0
2019-02-21 00:00:00+08:00,32.66001545339839,32.868927594115455,32.52073980743301,32.62519454956055,123200,0.0,0.0
2019-02-22 00:00:00+08:00,32.6948267358932,32.6948267358932,32.52073287963867,32.52073287963867,23601,0.0,0.0
2019-02-25 00:00:00+08:00,32.66001510620117,32.66001510620117,32.52073946171638,32.66001510620117,40801,0.0,0.0
2019-02-26 00:00:00+08:00,32.69483287333983,34.4705900091874,32.660014626845154,33.07783889770508,128448,0.0,0.0
2019-02-27 00:00:00+08:00,33.07784255670041,34.122406005859375,32.72965474031409,34.122406005859375,357723,0.0,0.0
2019-03-04 00:00:00+08:00,34.122402117802544,36.21152877807617,33.49566305713569,36.21152877807617,537980,0.0,0.0
2019-03-05 00:00:00+08:00,35.863341239422425,36.42044115456766,35.515153460398906,36.00261688232422,494506,0.0,0.0
2019-03-06 00:00:00+08:00,36.211528329017725,36.35080396926786,35.58478927612305,35.58478927612305,242900,0.0,0.0
2019-03-07 00:00:00+08:00,35.30624242887541,35.44551807613461,34.81877899169922,34.81877899169922,151505,0.0,0.0
2019-03-08 00:00:00+08:00,34.88841339941656,35.16696467726678,34.78395866256912,35.097328186035156,70548,0.0,0.0
2019-03-11 00:00:00+08:00,35.09732772274098,35.51515197753906,34.88841293888011,35.51515197753906,49052,0.0,0.0
2019-03-12 00:00:00+08:00,35.51515498987119,35.72406713498979,35.2366036920717,35.445518493652344,33927,0.0,0.0
2019-03-13 00:00:00+08:00,35.23660116849841,35.23660116849841,34.95805254711004,35.097328186035156,32411,0.0,0.0
2019-03-14 00:00:00+08:00,34.958054638958416,34.958054638958416,34.609866849041424,34.81877899169922,86901,0.0,0.0
2019-03-15 00:00:00+08:00,34.8187800460077,34.8187800460077,34.67950439453125,34.67950439453125,29000,0.0,0.0
2019-03-18 00:00:00+08:00,34.50541100436743,34.67950490717096,34.122404949492086,34.261680603027344,40349,0.0,0.0
2019-03-19 00:00:00+08:00,34.679501861946584,34.71432010815746,34.33131408691406,34.33131408691406,28712,0.0,0.0
2019-03-20 00:00:00+08:00,34.261680603027344,34.261680603027344,33.843853642421585,34.261680603027344,32900,0.0,0.0
2019-03-21 00:00:00+08:00,34.33131609358901,34.43577349478909,33.8786735534668,33.8786735534668,59100,0.0,0.0
2019-03-22 00:00:00+08:00,34.08758520208055,35.23660331620743,33.87867305919039,34.2964973449707,80002,0.0,0.0
2019-03-25 00:00:00+08:00,34.2964943394838,34.47058821937966,34.157218704274754,34.36613082885742,37520,0.0,0.0
2019-03-26 00:00:00+08:00,34.36613082885742,34.78395773448455,34.2964943394838,34.36613082885742,55900,0.0,0.0
2019-03-27 00:00:00+08:00,34.40095369546256,34.679502325333395,34.157220655805894,34.43577194213867,33500,0.0,0.0
2019-03-28 00:00:00+08:00,34.609866075442056,34.609866075442056,34.22686004638672,34.22686004638672,20350,0.0,0.0
2019-03-29 00:00:00+08:00,34.4705878741743,34.4705878741743,34.226857507345656,34.40095138549805,19651,0.0,0.0
2019-04-01 00:00:00+08:00,34.400953251894954,34.400953251894954,33.80903244018555,33.80903244018555,61000,0.0,0.0
2019-04-02 00:00:00+08:00,33.809030937449336,33.843849182128906,33.53048232355099,33.843849182128906,33268,0.0,0.0
2019-04-03 00:00:00+08:00,33.84385068641271,33.84385068641271,33.63493855258782,33.80903244018555,22400,0.0,0.0
2019-04-08 00:00:00+08:00,33.84385114554917,33.913490295410156,33.774214652150135,33.913490295410156,16803,0.0,0.0
2019-04-09 00:00:00+08:00,33.983124817308976,33.983124817308976,33.774212692769765,33.843849182128906,17847,0.0,0.0
2019-04-10 00:00:00+08:00,33.98312632778327,33.98312632778327,33.80903244018555,33.80903244018555,23540,0.0,0.0
2019-04-11 00:00:00+08:00,33.809032922289425,33.809032922289425,33.00820262179751,33.39120864868164,63233,0.0,0.0
2019-04-12 00:00:00+08:00,33.07783889770508,33.217114540145694,33.07783889770508,33.07783889770508,28949,0.0,0.0
2019-04-15 00:00:00+08:00,33.21711280138409,33.32156753540039,33.077837166233905,33.32156753540039,9200,0.0,0.0
2019-04-16 00:00:00+08:00,33.28674929072829,33.39120668120638,33.1474736555781,33.32156753540039,16795,0.0,0.0
2019-04-17 00:00:00+08:00,33.077837166233905,33.32156753540039,33.077837166233905,33.32156753540039,19480,0.0,0.0
2019-04-18 00:00:00+08:00,33.426026675575656,33.426026675575656,33.07783889770508,33.07783889770508,36320,0.0,0.0
2019-04-19 00:00:00+08:00,33.0778380904109,33.1126563360558,32.86892596007962,33.008201599121094,22600,0.0,0.0
2019-04-22 00:00:00+08:00,33.008201135826916,33.008201135826916,32.764468106809844,32.903743743896484,21103,0.0,0.0
2019-04-23 00:00:00+08:00,32.868928857259036,32.868928857259036,32.79928970336914,32.79928970336914,18107,0.0,0.0
2019-04-24 00:00:00+08:00,32.79928970336914,32.79928970336914,32.72965320594134,32.79928970336914,121000,0.0,0.0
2019-04-25 00:00:00+08:00,32.79928865367672,32.93856430053711,32.79928865367672,32.93856430053711,6300,0.0,0.0
2019-04-26 00:00:00+08:00,32.93856828696465,33.25193786621094,32.93856828696465,33.25193786621094,8969,0.0,0.0
2019-04-29 00:00:00+08:00,32.729649068568825,33.356388092041016,32.729649068568825,33.356388092041016,15247,0.0,0.0
2019-04-30 00:00:00+08:00,33.356388092041016,33.356388092041016,33.356388092041016,33.356388092041016,2800,0.0,0.0
2019-05-02 00:00:00+08:00,33.286746978759766,33.286746978759766,33.286746978759766,33.286746978759766,3000,0.0,0.0
2019-05-03 00:00:00+08:00,32.90374397335822,33.21711349487305,32.90374397335822,33.21711349487305,10849,0.0,0.0
2019-05-06 00:00:00+08:00,33.07784100600454,33.07784100600454,32.79928970336914,32.79928970336914,7000,0.0,0.0
2019-05-07 00:00:00+08:00,33.07783843697145,33.11265668298115,32.7296506639507,32.97338104248047,29000,0.0,0.0
2019-05-08 00:00:00+08:00,32.97338070445493,33.18229549129521,32.48591995239258,32.48591995239258,18800,0.0,0.0
2019-05-09 00:00:00+08:00,32.485920285420924,32.97338104248047,31.754723836907836,32.97338104248047,26249,0.0,0.0
2019-05-10 00:00:00+08:00,32.97338046782953,32.97338046782953,32.485919719265326,32.69483184814453,47000,0.0,0.0
2019-05-13 00:00:00+08:00,32.93856454841691,32.93856454841691,32.20737071747475,32.729652404785156,114010,0.0,0.0
2019-05-14 00:00:00+08:00,32.7992889005084,32.7992889005084,32.729652404785156,32.729652404785156,2500,0.0,0.0
2019-05-15 00:00:00+08:00,32.590378063875164,32.590378063875164,31.650272051599416,32.381465911865234,44500,0.0,0.0
2019-05-16 00:00:00+08:00,32.38146360199889,32.38146360199889,31.89400017777318,32.34664535522461,13000,0.0,0.0
2019-05-17 00:00:00+08:00,32.41628184877316,32.41628184877316,32.03327582133223,32.34664535522461,15151,0.0,0.0
2019-05-20 00:00:00+08:00,32.34664535522461,32.34664535522461,32.34664535522461,32.34664535522461,7400,0.0,0.0
2019-05-21 00:00:00+08:00,32.31183047195687,32.31183047195687,32.03327915584291,32.242191314697266,15200,0.0,0.0
2019-05-22 00:00:00+08:00,32.17255783081055,32.17255783081055,32.17255783081055,32.17255783081055,1618000,0.0,0.0
2019-05-23 00:00:00+08:00,32.17254823114566,32.17254823114566,31.336897110246742,32.102909088134766,76240,0.0,0.0
2019-05-24 00:00:00+08:00,31.267259831080953,32.03327178955078,31.267259831080953,32.03327178955078,11000,0.0,0.0
2019-05-27 00:00:00+08:00,32.03327288548179,32.03327288548179,31.96363639831543,31.96363639831543,2394,0.0,0.0
2019-05-28 00:00:00+08:00,31.824364912019345,31.92881965637207,31.650271014969416,31.92881965637207,5010,0.0,0.0
2019-05-29 00:00:00+08:00,31.82436667532602,31.82436667532602,31.336903205284706,31.685091018676758,29000,0.0,0.0
2019-05-30 00:00:00+08:00,31.685091018676758,31.685091018676758,31.685091018676758,31.685091018676758,1894,0.0,0.0
2019-05-31 00:00:00+08:00,31.65027024946256,31.68508849673801,31.33690071105957,31.33690071105957,32000,0.0,0.0
2019-06-03 00:00:00+08:00,31.05834545202952,31.09316635131836,30.744978610123134,31.09316635131836,22010,0.0,0.0
2019-06-04 00:00:00+08:00,30.779803963799914,30.98871612548828,30.6753465547246,30.98871612548828,6500,0.0,0.0
2019-06-05 00:00:00+08:00,30.08342112366647,30.98870871205207,29.595957758701413,30.779796600341797,1329901,0.0,0.0
2019-06-06 00:00:00+08:00,30.779801062989154,30.779801062989154,30.361974122527826,30.6057071685791,138100,0.0,0.0
2019-06-10 00:00:00+08:00,30.60570502958338,33.426025390625,30.570886784427177,33.426025390625,569280,0.0,0.0
2019-06-11 00:00:00+08:00,33.28674975353836,33.600119272867836,33.11265587129552,33.426025390625,114205,0.0,0.0
2019-06-12 00:00:00+08:00,33.391207606838584,33.774213621772496,33.356389361201295,33.53048324584961,525049,0.0,0.0
2019-06-13 00:00:00+08:00,33.42602458066604,33.704575848089625,33.356388092041016,33.356388092041016,469250,0.0,0.0
2019-06-14 00:00:00+08:00,33.14747135328313,33.35638611972889,33.07783486877561,33.286746978759766,119000,0.0,0.0
2019-06-17 00:00:00+08:00,32.48592169874499,34.400954533674046,32.48592169874499,33.98312759399414,408800,0.0,0.0
2019-06-18 00:00:00+08:00,33.217113263225954,33.91348879219731,33.217113263225954,33.426025390625,18510,0.0,0.0
2019-06-19 00:00:00+08:00,33.426025390625,33.426025390625,33.217113263225954,33.426025390625,19642,0.0,0.0
2019-06-20 00:00:00+08:00,33.42602458066604,33.42602458066604,33.28674894695424,33.356388092041016,109200,0.0,0.0
2019-06-21 00:00:00+08:00,33.35639544877523,33.5653076171875,33.0778441199173,33.5653076171875,259849,0.0,0.0
2019-06-24 00:00:00+08:00,33.56530566029186,33.80903606648602,33.42603000398283,33.49566650390625,53672,0.0,0.0
2019-06-25 00:00:00+08:00,33.63493600699012,33.63493600699012,33.46084213256836,33.46084213256836,65641,0.0,0.0
2019-06-26 00:00:00+08:00,33.49566141522267,33.49566141522267,33.1474736555781,33.32156753540039,112232,0.0,0.0
2019-06-27 00:00:00+08:00,31.10531455395558,32.27176384972891,30.716498122031137,31.805185317993164,321508,5.0,0.0
2019-06-28 00:00:00+08:00,31.805185526831664,31.805185526831664,31.144195808359555,31.183076858520508,50402,0.0,0.0
2019-07-01 00:00:00+08:00,31.105315379607372,31.105315379607372,30.327682495117188,30.327682495117188,153250,0.0,0.0
2019-07-02 00:00:00+08:00,30.32768396722199,30.716500428340222,30.094394683837887,30.09439468383789,52350,0.0,0.0
2019-07-03 00:00:00+08:00,30.094394683837887,30.133275736662874,29.93886750610376,30.09439468383789,25000,0.0,0.0
2019-07-04 00:00:00+08:00,30.32768415364993,30.32768415364993,30.016629796269584,30.288803100585938,19000,0.0,0.0
2019-07-05 00:00:00+08:00,30.67761816387735,31.105315660928305,30.638737112588004,31.02755355834961,46000,0.0,0.0
2019-07-08 00:00:00+08:00,31.066437015158044,31.45525349102627,31.02755596085808,31.105318069458008,74000,0.0,0.0
2019-07-09 00:00:00+08:00,31.416368685274556,31.416368685274556,30.794260025024414,30.794260025024414,18000,0.0,0.0
2019-07-10 00:00:00+08:00,31.494134294337837,31.494134294337837,30.794263456778843,31.066436767578125,42000,0.0,0.0
2019-07-11 00:00:00+08:00,31.41637000411121,31.41637000411121,30.794261317745395,31.02755355834961,8000,0.0,0.0
2019-07-12 00:00:00+08:00,31.183080247342254,31.183080247342254,30.83314779143079,30.949790954589844,23898,0.0,0.0
2019-07-15 00:00:00+08:00,30.94978848933685,31.14419671221765,30.48320994099655,31.02755355834961,79046,0.0,0.0
2019-07-16 00:00:00+08:00,31.02755602979685,31.02755602979685,30.48321236908502,30.949790954589844,81849,0.0,0.0
2019-07-17 00:00:00+08:00,30.949787190086948,31.494130784588855,30.794260025024414,30.794260025024414,144200,0.0,0.0
2019-07-18 00:00:00+08:00,31.22196087511544,31.22196087511544,30.716498323721122,31.183076858520508,40200,0.0,0.0
2019-07-19 00:00:00+08:00,31.221962225135393,31.26084327697754,30.638737548200865,31.26084327697754,64011,0.0,0.0
2019-07-22 00:00:00+08:00,31.066434470756803,31.066434470756803,30.6776180267334,30.6776180267334,177651,0.0,0.0
2019-07-23 00:00:00+08:00,30.910907745361328,30.94978879703723,30.910907745361328,30.910907745361328,119449,0.0,0.0
2019-07-24 00:00:00+08:00,31.299726057953034,31.299726057953034,30.755382402788737,31.066436767578125,11070,0.0,0.0
2019-07-25 00:00:00+08:00,30.94979088582386,31.105318069458008,30.94979088582386,31.105318069458008,45200,0.0,0.0
2019-07-26 00:00:00+08:00,31.105317754293978,31.22196388244629,31.105317754293978,31.22196388244629,100448,0.0,0.0
2019-07-29 00:00:00+08:00,31.299726486206055,31.299726486206055,31.183080356205473,31.299726486206055,60400,0.0,0.0
2019-07-30 00:00:00+08:00,30.75538271622378,31.260845322549258,30.366566239491664,30.949790954589844,27079,0.0,0.0
2019-07-31 00:00:00+08:00,31.06643370803765,31.183076858520508,31.06643370803765,31.183076858520508,47100,0.0,0.0
2019-08-01 00:00:00+08:00,31.183080178057935,31.183080178057935,30.94979088582386,31.105318069458008,29000,0.0,0.0
2019-08-02 00:00:00+08:00,31.02755602979685,31.02755602979685,30.949790954589844,30.949790954589844,113140,0.0,0.0
2019-08-05 00:00:00+08:00,30.522091295734143,30.910907745361328,30.016628724645162,30.910907745361328,87170,0.0,0.0
2019-08-06 00:00:00+08:00,30.09439203320273,30.638735624110733,30.09439203320273,30.599851608276367,73800,0.0,0.0
2019-08-07 00:00:00+08:00,30.560969799505397,30.560969799505397,30.016626222123094,30.48320770263672,78400,0.0,0.0
2019-08-08 00:00:00+08:00,29.550049027586297,30.327681896733303,29.550049027586297,29.744457244873047,30000,0.0,0.0
2019-08-12 00:00:00+08:00,29.74445958503811,29.97774887084961,29.74445958503811,29.97774887084961,20061,0.0,0.0
2019-08-13 00:00:00+08:00,29.78334039090902,29.938867568969727,29.744459338002393,29.938867568969727,16800,0.0,0.0
2019-08-14 00:00:00+08:00,29.861107685564832,29.938869797165523,29.666699440128692,29.822223663330078,28449,0.0,0.0
2019-08-15 00:00:00+08:00,29.89998770978263,29.89998770978263,29.161235809326172,29.161235809326172,51500,0.0,0.0
2019-08-16 00:00:00+08:00,29.27787996500844,29.316761016845703,29.161233843062547,29.316761016845703,23345,0.0,0.0
2019-08-19 00:00:00+08:00,28.966823419111158,29.2001126788642,28.61688804626465,28.61688804626465,29400,0.0,0.0
2019-08-20 00:00:00+08:00,28.38360151779312,28.38360151779312,27.139390035093662,27.29491424560547,72542,0.0,0.0
2019-08-21 00:00:00+08:00,27.139388237893755,27.29491243810658,26.36175537109375,26.36175537109375,164600,0.0,0.0
2019-08-22 00:00:00+08:00,26.43951802991874,26.43951802991874,26.28399085998535,26.28399085998535,69544,0.0,0.0
2019-08-23 00:00:00+08:00,25.817414608776097,26.517282485961914,24.41767440475302,26.517282485961914,314600,0.0,0.0
2019-08-26 00:00:00+08:00,27.178270516390963,27.178270516390963,26.283991492576412,26.711688995361328,37800,0.0,0.0
2019-08-27 00:00:00+08:00,26.71168843803693,26.78945350646973,26.050701671745365,26.789453506469727,17894,0.0,0.0
2019-08-28 00:00:00+08:00,26.400638698407032,26.750574111938473,26.322873625158806,26.750574111938477,11600,0.0,0.0
2019-08-29 00:00:00+08:00,26.71168843803693,26.78945350646973,26.439518114607235,26.789453506469727,14400,0.0,0.0
2019-08-30 00:00:00+08:00,26.828335307935387,26.906097412109375,26.828335307935387,26.906097412109375,27600,0.0,0.0
2019-09-02 00:00:00+08:00,27.022741723567883,27.917020693799095,27.022741723567883,27.411558151245117,63600,0.0,0.0
2019-09-03 00:00:00+08:00,27.52820692135278,28.694656316894267,27.52820692135278,28.189193725585938,84149,0.0,0.0
2019-09-04 00:00:00+08:00,28.228074247038315,29.39452362060547,28.228074247038315,29.39452362060547,82100,0.0,0.0
2019-09-05 00:00:00+08:00,29.550048924847605,30.1721546247155,29.550048924847605,30.055511474609375,43100,0.0,0.0
2019-09-06 00:00:00+08:00,29.588932159941685,30.055513694123803,29.394523928974348,29.938867568969727,169000,0.0,0.0
2019-09-10 00:00:00+08:00,30.055509986782592,30.483207448867496,30.055509986782592,30.444326400756836,32800,0.0,0.0
2019-09-11 00:00:00+08:00,30.52209440620173,30.63874053955078,29.938869672325264,30.63874053955078,34000,0.0,0.0
2019-09-12 00:00:00+08:00,30.44433034375693,30.5998545563423,30.133275985717773,30.133275985717773,20089,0.0,0.0
2019-09-16 00:00:00+08:00,30.01662929735482,30.01662929735482,29.550050735473636,29.550050735473633,16120,0.0,0.0
2019-09-17 00:00:00+08:00,28.461364611139288,29.511170867145,28.34472144920594,28.772418975830078,21600,0.0,0.0
2019-09-18 00:00:00+08:00,29.511167002824184,29.511167002824184,28.61688804626465,28.61688804626465,9300,0.0,0.0
2019-09-19 00:00:00+08:00,29.238997051222334,29.238997051222334,28.616891299024154,28.694656372070312,158000,0.0,0.0
2019-09-20 00:00:00+08:00,28.694656372070312,28.694656372070312,28.694656372070312,28.694656372070312,0,0.0,0.0
2019-09-23 00:00:00+08:00,28.4224817871886,28.61689001140526,28.0725463903118,28.461362838745117,277393,0.0,0.0
2019-09-24 00:00:00+08:00,28.344719129440936,28.539127349853516,27.839256569794617,28.539127349853516,24700,0.0,0.0
2019-09-25 00:00:00+08:00,29.666698375995757,29.666698375995757,28.111432468293422,28.655773162841797,248226,0.0,0.0
2019-09-26 00:00:00+08:00,28.072545449416722,28.655770102519014,28.072545449416722,28.150310516357422,34000,0.0,0.0
2019-09-27 00:00:00+08:00,27.761495529515503,27.917022705078125,26.98386261813655,27.917022705078125,35741,0.0,0.0
2019-10-01 00:00:00+08:00,27.489320847944327,27.994783401489258,26.828334093093872,27.994783401489258,38600,0.0,0.0
2019-10-02 00:00:00+08:00,28.305839350977298,28.305839350977298,27.683730644546372,28.111431121826172,13200,0.0,0.0
2019-10-03 00:00:00+08:00,29.122353124428674,29.122353124428674,27.917022705078125,27.917022705078125,21000,0.0,0.0
2019-10-04 00:00:00+08:00,28.07254550214202,28.07254550214202,27.683729066010223,27.994783401489258,11000,0.0,0.0
2019-10-07 00:00:00+08:00,27.489320847944327,27.994783401489258,27.489320847944327,27.994783401489258,29600,0.0,0.0
2019-10-08 00:00:00+08:00,28.033664199562416,28.033664199562416,27.6837288169058,27.955902099609375,10700,0.0,0.0
2019-10-09 00:00:00+08:00,27.722613082770597,27.994783401489258,26.828334093093872,27.994783401489258,79000,0.0,0.0
2019-10-14 00:00:00+08:00,28.616889215320402,28.616889215320402,27.68372917175293,27.68372917175293,15449,0.0,0.0
2019-10-15 00:00:00+08:00,27.95590148550327,27.95590148550327,27.372676849365234,27.372676849365234,34000,0.0,0.0
2019-10-16 00:00:00+08:00,27.217152263510496,27.64484977722168,27.217152263510496,27.64484977722168,14600,0.0,0.0
2019-10-17 00:00:00+08:00,27.683730704753323,27.683730704753323,27.29491424560547,27.29491424560547,8200,0.0,0.0
2019-10-18 00:00:00+08:00,27.2171499374065,27.800374578922355,27.2171499374065,27.411558151245117,5000,0.0,0.0
2019-10-21 00:00:00+08:00,27.41156206934393,27.761497497558594,27.37268101430549,27.761497497558594,21600,0.0,0.0
2019-10-22 00:00:00+08:00,28.072547664038424,28.072547664038424,27.528206984680857,28.033666610717773,6032,0.0,0.0
2019-10-23 00:00:00+08:00,27.917022705078125,27.917022705078125,27.489322230672386,27.917022705078125,29000,0.0,0.0
2019-10-24 00:00:00+08:00,27.683729066010223,27.994783401489258,27.683729066010223,27.994783401489258,5800,0.0,0.0
2019-10-25 00:00:00+08:00,27.994783401489258,27.994783401489258,27.994783401489258,27.994783401489258,3000,0.0,0.0
2019-10-28 00:00:00+08:00,27.994783401489258,27.994783401489258,27.683729066010223,27.994783401489258,11000,0.0,0.0
2019-10-29 00:00:00+08:00,27.99478562251712,27.99478562251712,27.683731262359906,27.87813949584961,12000,0.0,0.0
2019-10-30 00:00:00+08:00,27.83925634008651,27.83925634008651,27.450439902469565,27.68372917175293,17800,0.0,0.0
2019-10-31 00:00:00+08:00,27.52820599004044,27.52820599004044,26.94498131200089,27.217151641845703,20123,0.0,0.0
2019-11-01 00:00:00+08:00,27.372677101764182,27.41155815124512,27.372677101764182,27.411558151245117,2298,0.0,0.0
2019-11-04 00:00:00+08:00,27.41155885199467,27.68372917175293,27.333796751044883,27.68372917175293,9000,0.0,0.0
2019-11-05 00:00:00+08:00,27.022743789243027,27.605968475341797,26.90609766544961,27.605968475341797,9000,0.0,0.0
2019-11-06 00:00:00+08:00,27.605968475341797,27.605968475341797,27.56708742288871,27.605968475341797,9000,0.0,0.0
2019-11-07 00:00:00+08:00,27.061624841696116,27.605968475341797,27.061624841696116,27.605968475341797,15000,0.0,0.0
2019-11-08 00:00:00+08:00,27.333797764027256,27.333797764027256,27.217151641845703,27.217151641845703,12375,0.0,0.0
2019-11-11 00:00:00+08:00,26.906098823952643,26.906098823952643,26.828336715698242,26.828336715698242,6000,0.0,0.0
2019-11-12 00:00:00+08:00,27.13938903808594,27.13938903808594,27.13938903808594,27.139389038085938,1000,0.0,0.0
2019-11-13 00:00:00+08:00,27.13938903808594,27.13938903808594,27.13938903808594,27.139389038085938,1000,0.0,0.0
2019-11-14 00:00:00+08:00,26.906097412109375,26.906097412109375,26.906097412109375,26.906097412109375,9000,0.0,0.0
2019-11-15 00:00:00+08:00,26.906097412109375,27.139389657499592,26.011821348372006,26.906097412109375,22600,0.0,0.0
2019-11-18 00:00:00+08:00,26.98386211574065,27.17827033996582,26.98386211574065,27.17827033996582,6000,0.0,0.0
2019-11-19 00:00:00+08:00,27.17827033996582,27.17827033996582,27.17827033996582,27.17827033996582,2000,0.0,0.0
2019-11-20 00:00:00+08:00,26.98386432484354,27.061626434326172,26.51728276864479,27.061626434326172,24000,0.0,0.0
2019-11-21 00:00:00+08:00,26.59504674832909,26.59504674832909,26.32287344349006,26.55616569519043,9000,0.0,0.0
2019-11-22 00:00:00+08:00,26.55616358779375,26.55616358779375,26.12846313790657,26.36175537109375,13600,0.0,0.0
2019-11-25 00:00:00+08:00,26.011821932340634,26.20623016357422,25.972940879380754,26.20623016357422,12000,0.0,0.0
2019-11-26 00:00:00+08:00,26.011821932340634,26.20623016357422,25.972940879380754,26.20623016357422,12000,0.0,0.0
2019-11-27 00:00:00+08:00,26.517282305962667,26.517282305962667,26.128465832465068,26.322874069213867,10000,0.0,0.0
2019-11-28 00:00:00+08:00,26.322871605691475,26.439517723397714,26.12846338713708,26.400636672973633,9000,0.0,0.0
2019-11-29 00:00:00+08:00,26.322871605691475,26.439517723397714,26.12846338713708,26.400636672973633,9200,0.0,0.0
2019-12-02 00:00:00+08:00,26.55616358779375,26.55616358779375,26.089582087853366,26.36175537109375,10000,0.0,0.0
2019-12-03 00:00:00+08:00,26.439517974853516,26.439517974853516,26.361755873265793,26.439517974853516,11000,0.0,0.0
2019-12-04 00:00:00+08:00,26.517282485961914,26.517282485961914,26.517282485961914,26.517282485961914,1000,0.0,0.0
2019-12-05 00:00:00+08:00,26.517282485961914,26.517282485961914,26.517282485961914,26.517282485961914,1000,0.0,0.0
2019-12-06 00:00:00+08:00,26.595046373052863,26.595046373052863,26.167348861694336,26.167348861694336,16000,0.0,0.0
2019-12-09 00:00:00+08:00,26.167349852962246,26.322874069213867,25.70076830490456,26.322874069213867,21000,0.0,0.0
2019-12-10 00:00:00+08:00,27.8392569476876,28.927944183349613,27.72261379371714,28.92794418334961,157000,0.0,0.0
2019-12-11 00:00:00+08:00,31.805188300446762,31.805188300446762,29.938868065626234,30.016630172729492,852000,0.0,0.0
2019-12-12 00:00:00+08:00,31.10531781170819,31.10531781170819,28.616891793484683,28.772418975830078,144000,0.0,0.0
2019-12-13 00:00:00+08:00,29.89998562544989,29.89998562544989,27.52820587158203,27.52820587158203,109211,0.0,0.0
2019-12-16 00:00:00+08:00,27.061623117979572,27.955902099609375,27.061623117979572,27.955902099609375,23000,0.0,0.0
2019-12-17 00:00:00+08:00,27.52820599004044,27.52820599004044,27.100505519664146,27.217151641845703,67000,0.0,0.0
2019-12-18 00:00:00+08:00,27.022745379584855,27.294915729208384,26.98386432484354,27.061626434326172,24000,0.0,0.0
2019-12-19 00:00:00+08:00,27.29491111392552,27.29491111392552,26.750570506720745,26.944978713989258,64000,0.0,0.0
2019-12-20 00:00:00+08:00,27.333799750384024,27.333799750384024,26.906099248926587,27.061626434326172,18292,0.0,0.0
2019-12-23 00:00:00+08:00,26.944979723017017,27.139387937565672,26.944979723017017,27.10050392150879,8000,0.0,0.0
2019-12-24 00:00:00+08:00,27.33379826466759,27.33379826466759,27.06162496340359,27.29491424560547,6000,0.0,0.0
2019-12-25 00:00:00+08:00,27.294916325315473,27.48932456970215,26.867218780951664,27.48932456970215,15000,0.0,0.0
2019-12-26 00:00:00+08:00,27.25603098688744,27.41155815124512,27.25603098688744,27.411558151245117,14000,0.0,0.0
2019-12-27 00:00:00+08:00,27.372681402930777,27.48932456970215,27.256035269725015,27.48932456970215,10000,0.0,0.0
2019-12-30 00:00:00+08:00,27.489321522736446,27.605967643012942,26.90609685422209,26.983861923217773,40000,0.0,0.0
2019-12-31 00:00:00+08:00,26.828333851686484,27.955902099609375,26.828333851686484,27.955902099609375,48000,0.0,0.0
2020-01-02 00:00:00+08:00,28.03366445181564,28.07254550214202,27.60596696535746,27.994783401489258,34000,0.0,0.0
2020-01-03 00:00:00+08:00,28.26695442199707,28.26695442199707,27.76149482233699,28.26695442199707,74019,0.0,0.0
2020-01-06 00:00:00+08:00,27.994784997761833,28.18919322691296,27.839257821154103,28.111431121826172,13000,0.0,0.0
2020-01-07 00:00:00+08:00,28.111431121826172,28.38360145606408,28.111431121826172,28.111431121826172,13000,0.0,0.0
2020-01-08 00:00:00+08:00,28.53912771390702,28.53912771390702,27.839256924920363,28.26695442199707,10000,0.0,0.0
2020-01-09 00:00:00+08:00,28.266955331999743,28.266955331999743,27.994784997761833,28.111431121826172,5000,0.0,0.0
2020-01-10 00:00:00+08:00,28.111432925773258,28.18919503585014,27.761497497558594,27.761497497558594,50000,0.0,0.0
2020-01-13 00:00:00+08:00,29.0445870854148,29.0445870854148,28.033664927601613,28.889062881469727,23000,0.0,0.0
2020-01-14 00:00:00+08:00,28.305838078645227,28.578008400649225,28.189191959824065,28.539127349853516,19000,0.0,0.0
2020-01-15 00:00:00+08:00,28.38359958221903,28.81129706482869,27.955902099609375,27.955902099609375,115000,0.0,0.0
2020-01-16 00:00:00+08:00,28.344719491014512,28.3836005423062,28.033665147812872,28.26695442199707,14000,0.0,0.0
2020-01-17 00:00:00+08:00,29.161234021713135,29.161234021713135,28.266954991806948,28.85017967224121,76600,0.0,0.0
2020-01-20 00:00:00+08:00,28.42248294673959,28.42248294673959,27.761496144010334,28.3447208404541,33000,0.0,0.0
2020-01-30 00:00:00+08:00,27.761495192852426,28.072546573771408,25.545239642438403,26.711688995361328,98000,0.0,0.0
2020-01-31 00:00:00+08:00,24.923134091331413,26.906097412109375,24.923134091331413,26.906097412109375,115004,0.0,0.0
2020-02-03 00:00:00+08:00,24.962012946935747,26.672805786132812,24.962012946935747,26.672805786132812,39000,0.0,0.0
2020-02-04 00:00:00+08:00,25.000898804215897,25.623004528008824,25.000898804215897,25.234188079833984,208000,0.0,0.0
2020-02-05 00:00:00+08:00,25.895175111669232,25.895175111669232,25.15642325953231,25.273069381713867,138000,0.0,0.0
2020-02-06 00:00:00+08:00,25.89517699369902,25.89517699369902,25.311952273271412,25.428598403930664,25000,0.0,0.0
2020-02-07 00:00:00+08:00,25.545240152929395,25.545240152929395,25.117542641597456,25.506359100341797,11000,0.0,0.0
2020-02-10 00:00:00+08:00,25.467478047754195,25.506359100341797,25.311950870969625,25.506359100341797,59600,0.0,0.0
2020-02-11 00:00:00+08:00,25.506359100341797,25.506359100341797,25.428596995166593,25.506359100341797,8000,0.0,0.0
2020-02-12 00:00:00+08:00,25.623003258257416,25.661884307861328,25.623003258257416,25.661884307861328,81000,0.0,0.0
2020-02-13 00:00:00+08:00,25.778530423107,25.778530423107,25.117540714104756,25.661884307861328,32000,0.0,0.0
2020-02-14 00:00:00+08:00,26.28399246373332,26.28399246373332,25.584124605980886,25.739648818969727,11300,0.0,0.0
2020-02-17 00:00:00+08:00,25.50635663999343,25.584121704101562,25.350829478211043,25.584121704101562,6000,0.0,0.0
2020-02-18 00:00:00+08:00,25.467475591156305,25.584121704101562,25.234186331699664,25.584121704101562,16000,0.0,0.0
2020-02-19 00:00:00+08:00,25.42859705727293,25.42859705727293,25.311950932791067,25.350831985473633,13000,0.0,0.0
2020-02-20 00:00:00+08:00,25.350831985473633,25.350831985473633,25.273069880108505,25.350831985473633,8000,0.0,0.0
2020-02-21 00:00:00+08:00,25.234188389302318,25.27306944130982,25.117542266845703,25.117542266845703,16800,0.0,0.0
2020-02-24 00:00:00+08:00,25.117544276871318,25.467479705810547,25.117544276871318,25.467479705810547,7000,0.0,0.0
2020-02-25 00:00:00+08:00,25.389717595572655,25.467479705810547,25.195309353543568,25.467479705810547,7000,0.0,0.0
2020-02-26 00:00:00+08:00,25.46747766778143,25.50635871978893,25.117542266845703,25.117542266845703,58000,0.0,0.0
2020-02-27 00:00:00+08:00,25.039781206081248,25.156424366963535,24.650964736938477,24.650964736938477,46000,0.0,0.0
2020-03-02 00:00:00+08:00,24.96201273754832,24.96201273754832,24.84536959252955,24.88425064086914,4000,0.0,0.0
2020-03-03 00:00:00+08:00,24.884252409395497,24.884252409395497,24.534317016601562,24.534317016601562,22000,0.0,0.0
2020-03-04 00:00:00+08:00,24.84537292003478,24.84537292003478,24.106621036907228,24.1455020904541,9000,0.0,0.0
2020-03-05 00:00:00+08:00,24.57320009475224,24.57320009475224,24.223264694213867,24.223264694213867,20000,0.0,0.0
2020-03-06 00:00:00+08:00,24.37879279542272,24.37879279542272,24.106620971679686,24.301029205322266,28000,0.0,0.0
2020-03-09 00:00:00+08:00,24.262147418678108,24.417673110961914,24.184383830927672,24.417673110961914,68000,0.0,0.0
2020-03-10 00:00:00+08:00,24.417672920464728,24.417672920464728,23.75668465456839,24.223264694213867,10000,0.0,0.0
2020-03-11 00:00:00+08:00,24.106620283501197,24.106620283501197,23.328987371130193,23.367868423461914,16000,0.0,0.0
2020-03-12 00:00:00+08:00,22.16253859348199,22.16253859348199,21.38490566037736,22.00701141357422,184000,0.0,0.0
2020-03-13 00:00:00+08:00,22.00701141357422,22.00701141357422,22.00701141357422,22.00701141357422,0,0.0,0.0
2020-03-16 00:00:00+08:00,24.184384128144977,24.184384128144977,22.823526517047622,24.067739486694336,79000,0.0,0.0
2020-03-17 00:00:00+08:00,24.06773960726673,25.234188994050893,22.862407684326172,22.862407684326172,40000,0.0,0.0
2020-03-18 00:00:00+08:00,22.862407684326172,22.862407684326172,22.862407684326172,22.862407684326172,0,0.0,0.0
2020-03-19 00:00:00+08:00,22.823527835232152,22.823527835232152,20.72391823498823,22.084775924682617,92000,0.0,0.0
2020-03-20 00:00:00+08:00,20.801680517978355,23.717803955078125,20.801680517978355,23.717803955078125,37000,0.0,0.0
2020-03-23 00:00:00+08:00,23.32898867332329,23.32898867332329,22.55135571754585,22.94017219543457,6000,0.0,0.0
2020-03-24 00:00:00+08:00,22.51247292399546,23.29010581970215,22.20141857913915,23.29010581970215,26000,0.0,0.0
2020-03-25 00:00:00+08:00,23.367868724336645,23.367868724336645,22.35694651852496,23.017934799194336,42000,0.0,0.0
2020-03-26 00:00:00+08:00,22.51247322315327,23.173460006713867,22.51247322315327,23.173460006713867,8000,0.0,0.0
2020-03-27 00:00:00+08:00,22.784643060694723,23.173459505301917,22.784643060694723,23.0956974029541,10000,0.0,0.0
2020-03-30 00:00:00+08:00,21.579311616766812,22.823524475097656,21.579311616766812,22.823524475097656,16000,0.0,0.0
2020-03-31 00:00:00+08:00,22.629117039007696,23.09569706229778,22.551353454589844,22.551353454589844,20000,0.0,0.0
2020-04-01 00:00:00+08:00,22.201420572870127,22.47359240745244,22.084775924682617,22.084775924682617,11000,0.0,0.0
2020-04-06 00:00:00+08:00,21.65707555620343,22.16253662109375,21.65707555620343,22.16253662109375,6000,0.0,0.0
2020-04-07 00:00:00+08:00,23.79556662031122,23.79556662031122,22.279181898555382,22.590234756469727,28000,0.0,0.0
2020-04-08 00:00:00+08:00,22.318065891616076,22.551355179496433,22.318065891616076,22.35694694519043,4000,0.0,0.0
2020-04-09 00:00:00+08:00,22.395825835599744,22.395825835599744,22.318063735961914,22.318063735961914,7000,0.0,0.0
2020-04-10 00:00:00+08:00,22.318063735961914,22.318063735961914,22.318063735961914,22.318063735961914,1000,0.0,0.0
2020-04-13 00:00:00+08:00,21.812601189014156,22.318063735961914,21.812601189014156,22.318063735961914,11000,0.0,0.0
2020-04-14 00:00:00+08:00,22.551352846938954,22.551352846938954,21.968128204345703,21.968128204345703,58000,0.0,0.0
2020-04-15 00:00:00+08:00,21.89036507052757,22.201417922973633,21.851484020178187,22.201417922973633,20000,0.0,0.0
2020-04-16 00:00:00+08:00,22.123655965117184,22.551353454589844,22.123655965117184,22.551353454589844,18000,0.0,0.0
2020-04-17 00:00:00+08:00,22.279181402060356,22.51247215270996,22.279181402060356,22.51247215270996,14000,0.0,0.0
2020-04-20 00:00:00+08:00,22.55135443864122,22.55135443864122,22.31806515842486,22.473590850830078,16000,0.0,0.0
2020-04-21 00:00:00+08:00,22.51247195149044,22.51247195149044,22.318063735961914,22.318063735961914,8000,0.0,0.0
2020-04-22 00:00:00+08:00,21.773719230415516,22.31806280446267,21.346021767390546,22.240299224853516,10000,0.0,0.0
2020-04-23 00:00:00+08:00,22.007009455027355,22.16253662109375,22.007009455027355,22.16253662109375,2000,0.0,0.0
2020-04-24 00:00:00+08:00,21.929249122384412,21.929249122384412,21.773721943784825,21.812602996826172,12000,0.0,0.0
2020-04-27 00:00:00+08:00,21.92924813509383,21.968129186384687,21.81260201478719,21.890365600585938,42000,0.0,0.0
2020-04-28 00:00:00+08:00,21.929249306837445,22.084775003528105,21.890366770251948,22.00701141357422,27000,0.0,0.0
2020-04-29 00:00:00+08:00,22.00700970479272,22.201417922973633,21.929247604093952,22.201417922973633,19000,0.0,0.0
2020-04-30 00:00:00+08:00,22.240300351893914,22.5513532028764,22.240300351893914,22.51247215270996,48000,0.0,0.0
2020-05-04 00:00:00+08:00,22.51247412592208,22.51247412592208,22.35694694519043,22.35694694519043,9000,0.0,0.0
2020-05-05 00:00:00+08:00,22.35694478578083,22.35694478578083,22.318063735961914,22.318063735961914,13000,0.0,0.0
2020-05-06 00:00:00+08:00,22.5513552952765,22.901290712110747,22.5513552952765,22.70688247680664,34000,0.0,0.0
2020-05-07 00:00:00+08:00,22.745763956490208,22.94017219543457,22.706882901988198,22.94017219543457,14000,0.0,0.0
2020-05-08 00:00:00+08:00,23.173459698772515,23.32898687120067,22.940170423347322,23.29010581970215,46000,0.0,0.0
2020-05-11 00:00:00+08:00,23.44563201134243,23.44563201134243,23.173460195369163,23.367868423461914,48000,0.0,0.0
2020-05-12 00:00:00+08:00,23.484514236450195,23.484514236450195,23.328987062745075,23.484514236450195,34000,0.0,0.0
2020-05-13 00:00:00+08:00,23.484514236450195,23.484514236450195,23.21234242407476,23.484514236450195,32000,0.0,0.0
2020-05-14 00:00:00+08:00,22.551352728964446,23.445630212952402,22.551352728964446,22.667997360229492,18000,0.0,0.0
2020-05-15 00:00:00+08:00,22.784644095230476,22.862407684326172,22.590235864099782,22.862407684326172,6000,0.0,0.0
2020-05-18 00:00:00+08:00,22.551355429526314,22.551355429526314,22.240302547831448,22.395828247070312,13000,0.0,0.0
2020-05-19 00:00:00+08:00,22.629116786426266,22.667997836592708,22.318063935443785,22.51247215270996,26000,0.0,0.0
2020-05-20 00:00:00+08:00,22.51247215270996,22.51247215270996,22.356944985610223,22.51247215270996,18000,0.0,0.0
2020-05-21 00:00:00+08:00,22.51247424150253,22.70688247680664,22.51247424150253,22.70688247680664,9000,0.0,0.0
2020-05-22 00:00:00+08:00,22.590234505190267,22.590234505190267,22.318064184553304,22.551353454589844,14000,0.0,0.0
2020-05-25 00:00:00+08:00,22.551353454589844,22.629117039007696,22.551353454589844,22.551353454589844,26000,0.0,0.0
2020-05-26 00:00:00+08:00,22.551355541261852,22.745763778686523,22.473591949648554,22.745763778686523,80000,0.0,0.0
2020-05-27 00:00:00+08:00,22.823524475097656,22.901288056846514,22.78464194261475,22.823524475097656,25000,0.0,0.0
2020-05-28 00:00:00+08:00,22.862407140941162,23.173460006713867,22.784643553693723,23.173460006713867,31000,0.0,0.0
2020-05-29 00:00:00+08:00,23.017932374687007,23.3289852142334,23.017932374687007,23.3289852142334,16000,0.0,0.0
2020-06-01 00:00:00+08:00,23.367868114562828,23.834448152461142,23.367868114562828,23.484514236450195,27000,0.0,0.0
2020-06-02 00:00:00+08:00,23.640038515069566,23.640038515069566,23.484512833870056,23.562274932861328,13000,0.0,0.0
2020-06-03 00:00:00+08:00,23.56227653036887,23.678922653198242,23.328987251144255,23.678922653198242,21000,0.0,0.0
2020-06-04 00:00:00+08:00,23.989973893398158,23.989973893398158,23.29010461995794,23.562274932861328,41000,0.0,0.0
2020-06-05 00:00:00+08:00,23.56227447308896,23.56227447308896,23.3289852142334,23.3289852142334,58000,0.0,0.0
2020-06-08 00:00:00+08:00,23.40674879492423,23.445629843661177,23.3289852142334,23.3289852142334,28000,0.0,0.0
2020-06-09 00:00:00+08:00,23.32898718120875,23.32898718120875,23.173460006713867,23.173460006713867,19000,0.0,0.0
2020-06-10 00:00:00+08:00,23.173461666983453,23.173461666983453,22.823527724124435,23.134580612182617,20000,0.0,0.0
2020-06-11 00:00:00+08:00,22.862407684326172,22.90129022048257,22.551354811160483,22.862407684326172,64000,0.0,0.0
2020-06-12 00:00:00+08:00,22.395827202891148,22.629117965698242,22.31806509850585,22.629117965698242,23000,0.0,0.0
2020-06-15 00:00:00+08:00,22.279183954411046,22.784645080566406,22.279183954411046,22.784645080566406,30000,0.0,0.0
2020-06-16 00:00:00+08:00,22.823524475097656,22.823524475097656,22.78464194261475,22.823524475097656,13000,0.0,0.0
2020-06-17 00:00:00+08:00,22.784642867240663,22.940170037049842,22.745761816396875,22.901288986206055,66000,0.0,0.0
2020-06-18 00:00:00+08:00,22.823526568598467,23.017934799194336,22.823526568598467,23.017934799194336,23000,0.0,0.0
2020-06-19 00:00:00+08:00,23.134580612182617,23.328988852621126,23.09569955738178,23.134580612182617,26000,0.0,0.0
2020-06-22 00:00:00+08:00,23.056815852026673,23.056815852026673,23.017934799194336,23.017934799194336,6000,0.0,0.0
2020-06-23 00:00:00+08:00,22.823527618404302,22.823527618404302,22.74576402594567,22.784645080566406,11000,0.0,0.0
2020-06-24 00:00:00+08:00,22.78464501099222,23.134580434378933,22.78464501099222,22.94017219543457,106000,0.0,0.0
2020-06-29 00:00:00+08:00,23.017935607724493,23.09569919933779,22.62911913287515,22.745763778686523,72000,0.0,0.0
2020-06-30 00:00:00+08:00,22.784644095230476,22.90129022048257,22.784644095230476,22.862407684326172,17000,0.0,0.0
2020-07-01 00:00:00+08:00,23.173460493740777,23.173460493740777,22.94017121031257,23.017934799194336,35000,0.0,0.0
2020-07-02 00:00:00+08:00,23.32898672182418,23.989974975585938,23.13457849914231,23.989974975585938,160000,0.0,0.0
2020-07-03 00:00:00+08:00,24.19786203363369,24.19786203363369,23.6989367325819,23.94839859008789,77000,2.0,0.0
2020-07-06 00:00:00+08:00,24.07312939173599,24.07312939173599,23.74051149067874,24.031551361083984,60000,0.0,0.0
2020-07-07 00:00:00+08:00,24.03155101100909,24.03155101100909,23.782089174889833,23.823665618896484,22000,0.0,0.0
2020-07-08 00:00:00+08:00,23.698936400911197,23.78209088092937,23.698936400911197,23.74051284790039,55000,0.0,0.0
2020-07-09 00:00:00+08:00,23.740510702066,23.740510702066,23.449472427368164,23.449472427368164,79000,0.0,0.0
2020-07-10 00:00:00+08:00,23.44947447195085,23.57420539855957,23.44947447195085,23.57420539855957,16000,0.0,0.0
2020-07-13 00:00:00+08:00,23.57420539855957,23.57420539855957,23.491050918807165,23.57420539855957,22000,0.0,0.0
2020-07-14 00:00:00+08:00,23.532627365663476,23.57420539855957,23.407896439054756,23.57420539855957,20000,0.0,0.0
2020-07-15 00:00:00+08:00,23.44947399465911,23.44947399465911,23.241588592529297,23.241588592529297,71000,0.0,0.0
2020-07-16 00:00:00+08:00,23.20000921311294,23.24158724274806,22.742661989404198,24.69678497314453,121000,0.0,0.0
2020-07-17 00:00:00+08:00,22.825817048988853,23.075278889049184,22.825817048988853,22.867393493652344,23000,0.0,0.0
2020-07-20 00:00:00+08:00,22.8673937781737,23.11685562133789,22.8673937781737,23.11685562133789,9000,0.0,0.0
2020-07-21 00:00:00+08:00,23.116855478305457,23.158433509268708,22.992124557495117,22.992124557495117,17000,0.0,0.0
2020-07-22 00:00:00+08:00,22.867393636684778,22.992124557495117,22.867393636684778,22.992124557495117,14000,0.0,0.0
2020-07-23 00:00:00+08:00,22.90897008160832,22.992124557495117,22.867393636684778,22.992124557495117,12000,0.0,0.0
2020-07-24 00:00:00+08:00,22.867393636684778,23.075279033381914,22.825817191761235,22.992124557495117,15000,0.0,0.0
2020-07-27 00:00:00+08:00,22.992124617028267,23.283164490365785,22.95054817199707,22.95054817199707,11000,0.0,0.0
2020-07-28 00:00:00+08:00,22.99212606020275,22.99212606020275,22.36846982935074,22.61793327331543,28000,0.0,0.0
2020-07-29 00:00:00+08:00,22.576354843399276,22.659509323261403,22.451623916625977,22.451623916625977,18000,0.0,0.0
2020-07-30 00:00:00+08:00,22.45162424909959,22.659509658813477,22.45162424909959,22.659509658813477,11000,0.0,0.0
2020-07-31 00:00:00+08:00,22.493200696626445,22.659509658813477,22.493200696626445,22.659509658813477,7000,0.0,0.0
2020-08-03 00:00:00+08:00,22.659509855343476,22.742664337158203,22.61793340745602,22.742664337158203,11000,0.0,0.0
2020-08-04 00:00:00+08:00,22.534778533305154,22.57635498046875,22.451624052938165,22.57635498046875,24000,0.0,0.0
2020-08-05 00:00:00+08:00,22.534778533305154,22.57635498046875,22.49320050010176,22.57635498046875,26000,0.0,0.0
2020-08-06 00:00:00+08:00,22.534778533305154,22.57635498046875,22.368469572571176,22.57635498046875,24000,0.0,0.0
2020-08-07 00:00:00+08:00,22.576352717997118,22.576352717997118,22.368467330932617,22.368467330932617,33000,0.0,0.0
2020-08-10 00:00:00+08:00,22.451623916625977,22.451623916625977,22.36846943676385,22.451623916625977,31000,0.0,0.0
2020-08-11 00:00:00+08:00,22.451624052938165,22.617933013672143,22.410047605774565,22.57635498046875,9000,0.0,0.0
2020-08-12 00:00:00+08:00,22.493198745283596,22.70108413696289,22.493198745283596,22.70108413696289,15000,0.0,0.0
2020-08-13 00:00:00+08:00,22.82581901550293,22.82581901550293,22.70108649868698,22.82581901550293,30000,0.0,0.0
2020-08-14 00:00:00+08:00,22.86739513124031,22.86739513124031,22.451624310672305,22.61793327331543,29000,0.0,0.0
2020-08-17 00:00:00+08:00,22.617931795064102,22.992124557495117,22.617931795064102,22.992124557495117,16000,0.0,0.0
2020-08-18 00:00:00+08:00,23.200010299682617,23.283164776807734,22.950548454346997,23.200010299682617,53000,0.0,0.0
2020-08-19 00:00:00+08:00,23.20001240072023,23.324743334683912,23.20001240072023,23.283166885375977,17000,0.0,0.0
2020-08-20 00:00:00+08:00,23.283166885375977,23.283166885375977,22.28531624158677,23.283166885375977,25000,0.0,0.0
2020-08-21 00:00:00+08:00,23.241588808854065,23.69893606338059,23.241588808854065,23.53262710571289,52000,0.0,0.0
2020-08-24 00:00:00+08:00,23.53262710571289,23.65735961698355,23.491050659315846,23.53262710571289,40000,0.0,0.0
2020-08-25 00:00:00+08:00,23.61578184541588,23.61578184541588,23.57420539855957,23.57420539855957,5000,0.0,0.0
2020-08-26 00:00:00+08:00,23.57420539855957,23.61578184541588,23.491050918807165,23.57420539855957,62000,0.0,0.0
2020-08-27 00:00:00+08:00,23.44947585468747,23.44947585468747,22.617934180209755,23.283166885375977,51000,0.0,0.0
2020-08-28 00:00:00+08:00,23.283164224314177,23.283164224314177,22.86739343459428,22.90896987915039,33000,0.0,0.0
2020-08-31 00:00:00+08:00,22.950547558601844,22.950547558601844,22.70108413696289,22.70108413696289,31000,0.0,0.0
2020-09-01 00:00:00+08:00,22.70108649868698,22.867395463748355,22.70108649868698,22.82581901550293,16000,0.0,0.0
2020-09-02 00:00:00+08:00,22.82581901550293,23.491051703668766,22.70108649868698,22.82581901550293,40000,0.0,0.0
2020-09-03 00:00:00+08:00,23.283164224314177,23.283164224314177,22.784238959442362,22.90896987915039,82000,0.0,0.0
2020-09-04 00:00:00+08:00,22.825818421569718,22.825818421569718,22.285315092204186,22.57635498046875,276000,0.0,0.0
2020-09-07 00:00:00+08:00,22.659507317657816,23.449472427368164,22.659507317657816,23.449472427368164,219000,0.0,0.0
2020-09-08 00:00:00+08:00,23.615782043659173,23.698936524109623,23.44947466879807,23.657360076904297,67000,0.0,0.0
2020-09-09 00:00:00+08:00,23.407895699475542,23.449473731057967,23.200010299682617,23.200010299682617,44000,0.0,0.0
2020-09-10 00:00:00+08:00,23.449474955270748,25.403596546510133,23.449474955270748,25.195711135864258,552000,0.0,0.0
2020-09-11 00:00:00+08:00,25.403598148536894,25.48675263524718,24.77994187726964,24.98782730102539,174000,0.0,0.0
2020-09-14 00:00:00+08:00,25.02940227868094,26.775639942038165,24.32259160707924,26.484600067138672,640000,0.0,0.0
2020-09-15 00:00:00+08:00,27.14983443841129,27.939796418698734,26.609331130981445,26.609331130981445,1035000,0.0,0.0
2020-09-16 00:00:00+08:00,26.567755521707447,26.567755521707447,25.61148138525793,26.027252197265625,291000,0.0,0.0
2020-09-17 00:00:00+08:00,26.27671429536845,27.440872192382812,26.151983375338286,27.440872192382812,258000,0.0,0.0
2020-09-18 00:00:00+08:00,27.440872137844835,29.852343988487196,27.23298674286116,29.769187927246094,530000,0.0,0.0
2020-09-21 00:00:00+08:00,29.89392136638089,29.89392136638089,27.02510219162343,27.77349090576172,1491000,0.0,0.0
2020-09-22 00:00:00+08:00,27.108254699030642,27.773490511979166,26.318291136253578,26.69248390197754,438000,0.0,0.0
2020-09-23 00:00:00+08:00,26.235139067145095,26.484602519893212,25.694637298583984,25.694637298583984,195000,0.0,0.0
2020-09-24 00:00:00+08:00,25.694635590857352,26.15198443081247,25.40359570834769,25.777790069580078,84000,0.0,0.0
2020-09-25 00:00:00+08:00,26.19356131505968,26.19356131505968,24.61363253707356,24.821517944335938,248000,0.0,0.0
2020-09-28 00:00:00+08:00,24.863093514432695,25.195709837112915,24.779939037252703,26.5677547454834,84000,0.0,0.0
2020-09-29 00:00:00+08:00,24.779937294546688,24.779937294546688,24.364166523926514,24.405744552612305,34000,0.0,0.0
2020-09-30 00:00:00+08:00,24.28101547624836,24.65520824650207,24.156282966790716,24.447322845458984,44000,0.0,0.0
2020-10-05 00:00:00+08:00,24.114706658809204,24.572053909301758,24.073130212778885,24.572053909301758,54000,0.0,0.0
2020-10-06 00:00:00+08:00,24.40574732407174,24.946249070048157,24.364169290664446,24.904672622680664,75000,0.0,0.0
2020-10-07 00:00:00+08:00,24.572052902551864,25.07097816467285,24.572052902551864,25.07097816467285,16000,0.0,0.0
2020-10-08 00:00:00+08:00,25.070981787735676,25.195712724781142,24.98782730102539,24.98782730102539,10000,0.0,0.0
2020-10-12 00:00:00+08:00,25.0294028075975,25.0294028075975,24.53047752380371,24.53047752380371,48000,0.0,0.0
2020-10-13 00:00:00+08:00,24.32259362575788,24.44732455791277,24.19786269360299,24.36417007446289,54000,0.0,0.0
2020-10-14 00:00:00+08:00,24.863092941647718,24.863092941647718,23.989974916471677,24.031551361083984,66000,0.0,0.0
2020-10-15 00:00:00+08:00,24.031552240009923,24.65520844824222,23.6573594666944,24.53047752380371,64000,0.0,0.0
2020-10-16 00:00:00+08:00,24.36416856719253,24.53047752380371,23.94839776170433,24.53047752380371,30000,0.0,0.0
2020-10-19 00:00:00+08:00,24.48890355284352,25.777792545713215,24.073132705332014,24.98782730102539,160000,0.0,0.0
2020-10-20 00:00:00+08:00,26.110405737727024,26.941948917872956,26.110405737727024,26.69248390197754,927000,0.0,0.0
2020-10-21 00:00:00+08:00,27.025103126806467,27.025103126806467,26.193561492135498,26.235137939453125,236000,0.0,0.0
2020-10-22 00:00:00+08:00,26.193561871167066,26.193561871167066,25.112558364868164,25.112558364868164,148000,0.0,0.0
2020-10-23 00:00:00+08:00,25.029403351598315,25.112557831711225,24.655208984110118,24.821517944335938,101000,0.0,0.0
2020-10-26 00:00:00+08:00,24.82151720175244,24.82151720175244,24.447322845458984,24.447322845458984,32000,0.0,0.0
2020-10-27 00:00:00+08:00,24.32259087717467,24.32259087717467,23.61578022678388,23.823665618896484,362000,0.0,0.0
2020-10-28 00:00:00+08:00,23.823665618896484,24.197859959115043,23.823665618896484,23.823665618896484,237000,0.0,0.0
2020-10-29 00:00:00+08:00,23.57420539855957,23.61578184541588,23.32474195930235,23.57420539855957,234000,0.0,0.0
2020-10-30 00:00:00+08:00,23.366319734084954,23.53262710571289,23.324741701648147,23.53262710571289,46000,0.0,0.0
2020-11-02 00:00:00+08:00,23.69893425883478,24.48889936854513,23.20000900986191,23.449472427368164,49000,0.0,0.0
2020-11-03 00:00:00+08:00,23.283164451862206,24.156282484391152,23.283164451862206,24.11470603942871,945000,0.0,0.0
2020-11-04 00:00:00+08:00,23.948397228699296,24.904671328870737,23.698935385374398,24.239437103271484,421000,0.0,0.0
2020-11-05 00:00:00+08:00,24.15628288707215,24.488900796475203,23.948397486715113,24.281015396118164,32000,0.0,0.0
2020-11-06 00:00:00+08:00,24.11470586603338,25.362018238414418,23.782089550606376,25.154132843017578,965000,0.0,0.0
2020-11-09 00:00:00+08:00,25.8193649570148,26.9835244167645,25.777788513183594,25.985673904418945,901000,0.0,0.0
2020-11-10 00:00:00+08:00,25.944099145158095,27.815067787759695,25.944099145158095,27.025102615356445,646000,0.0,0.0
2020-11-11 00:00:00+08:00,27.440872667068568,27.524025557833966,26.609331071096793,26.650907516479492,299000,0.0,0.0
2020-11-12 00:00:00+08:00,26.65090827385752,26.65090827385752,25.860944686858613,25.90252113342285,158000,0.0,0.0
2020-11-13 00:00:00+08:00,25.944098683672756,25.944098683672756,25.486749849770344,25.569904327392578,103000,0.0,0.0
2020-11-16 00:00:00+08:00,25.569902831220173,26.56775333222023,25.569902831220173,25.7362117767334,179000,0.0,0.0
2020-11-17 00:00:00+08:00,25.7362153337286,25.944100751332098,25.694637298583984,25.694637298583984,83000,0.0,0.0
2020-11-18 00:00:00+08:00,25.445173464075904,25.77778978931067,25.445173464075904,25.52832794189453,100000,0.0,0.0
2020-11-19 00:00:00+08:00,25.528328219451662,26.068829952089743,25.528328219451662,25.777790069580078,59000,0.0,0.0
2020-11-20 00:00:00+08:00,25.777790008834618,26.110406336901953,25.611481051781073,25.819366455078125,139000,0.0,0.0
2020-11-23 00:00:00+08:00,25.944098886672492,26.027251778905615,25.486750049191553,25.653059005737305,131000,0.0,0.0
2020-11-24 00:00:00+08:00,25.736213222050207,25.736213222050207,25.528327821503886,25.611480712890625,57000,0.0,0.0
2020-11-25 00:00:00+08:00,25.777790008834618,26.068829890658446,25.777790008834618,25.819366455078125,159000,0.0,0.0
2020-11-26 00:00:00+08:00,25.985674595269632,27.066678024016966,25.90252011935683,26.401445388793945,166000,0.0,0.0
2020-11-27 00:00:00+08:00,26.77564341241957,26.85879631370565,26.193563587177433,26.318294525146484,81000,0.0,0.0
2020-11-30 00:00:00+08:00,26.567753634293798,26.567753634293798,25.777788513183594,25.985673904418945,114000,0.0,0.0
2020-12-01 00:00:00+08:00,25.736213079949888,26.35986927814538,25.3620187266167,25.48674964904785,104000,0.0,0.0
2020-12-02 00:00:00+08:00,25.52832794189453,25.77778978931067,25.362018986257272,25.52832794189453,51000,0.0,0.0
2020-12-03 00:00:00+08:00,25.362018585205078,25.694634905180152,25.362018585205078,25.362018585205078,60000,0.0,0.0
2020-12-04 00:00:00+08:00,25.653060254271118,25.653060254271118,25.237289428710938,25.237289428710938,69000,0.0,0.0
2020-12-07 00:00:00+08:00,25.278864168337233,25.362018645037104,24.946247847577478,25.32044219970703,60000,0.0,0.0
2020-12-08 00:00:00+08:00,25.237288062549204,25.6530588656026,25.154133584730573,25.52832794189453,58000,0.0,0.0
2020-12-09 00:00:00+08:00,25.69463643862232,25.777790920088634,25.195711135864258,25.195711135864258,85000,0.0,0.0
2020-12-10 00:00:00+08:00,25.029401779174805,25.40359453711528,24.779938354508133,25.029401779174805,116000,0.0,0.0
2020-12-11 00:00:00+08:00,24.69678557715879,24.779938466383406,23.948396885819673,24.031551361083984,200000,0.0,0.0
2020-12-14 00:00:00+08:00,24.031551964065873,24.447322764779955,24.031551964065873,24.281015396118164,41000,0.0,0.0
2020-12-15 00:00:00+08:00,24.779940358731842,24.779940358731842,23.865245819091797,23.865245819091797,92000,0.0,0.0
2020-12-16 00:00:00+08:00,24.530478297007125,24.530478297007125,23.78209114074707,23.78209114074707,14000,0.0,0.0
2020-12-17 00:00:00+08:00,23.865244397172923,24.197860717773438,23.865244397172923,24.197860717773438,75000,0.0,0.0
2020-12-18 00:00:00+08:00,24.03155176445332,24.197860717773438,24.03155176445332,24.197860717773438,15000,0.0,0.0
2020-12-21 00:00:00+08:00,24.239438743136247,24.239438743136247,23.98997688293457,23.98997688293457,16000,0.0,0.0
2020-12-22 00:00:00+08:00,24.364169335153864,24.364169335153864,23.78209114074707,23.78209114074707,24000,0.0,0.0
2020-12-23 00:00:00+08:00,23.74051208635807,24.36416828742919,23.74051208635807,24.281015396118164,28000,0.0,0.0
2020-12-24 00:00:00+08:00,24.114706241113378,24.197860717773438,23.865244397172923,24.197860717773438,39000,0.0,0.0
2020-12-25 00:00:00+08:00,23.989976780045435,26.443023681640625,23.90682229832157,26.443023681640625,345000,0.0,0.0
2020-12-28 00:00:00+08:00,26.484599515443342,27.025101222689187,26.06882872740197,26.193559646606445,444000,0.0,0.0
2020-12-29 00:00:00+08:00,26.027251575255246,26.526176854948904,25.569904327392578,25.569904327392578,83000,0.0,0.0
2020-12-30 00:00:00+08:00,25.44517470634169,26.31829280096466,24.946249401111494,25.112558364868164,107000,0.0,0.0
2020-12-31 00:00:00+08:00,25.736213222050207,26.151984023142845,25.237287943531094,25.611480712890625,196000,0.0,0.0
2021-01-04 00:00:00+08:00,25.77778972842829,25.77778972842829,25.1957099711124,25.569904327392578,52000,0.0,0.0
2021-01-05 00:00:00+08:00,25.52832932381103,25.52832932381103,25.19571139453102,25.237289428710938,45000,0.0,0.0
2021-01-06 00:00:00+08:00,25.237286551744482,25.237286551744482,24.779937744140625,24.779937744140625,58000,0.0,0.0
2021-01-07 00:00:00+08:00,25.23728780418555,26.06882940177954,25.112556881754394,25.48674964904785,55000,0.0,0.0
2021-01-08 00:00:00+08:00,25.278864508438645,25.73621334342123,25.029402661022505,25.52832794189453,92000,0.0,0.0
2021-01-11 00:00:00+08:00,25.694635250806055,25.736213282637046,25.1957099711124,25.569904327392578,75000,0.0,0.0
2021-01-12 00:00:00+08:00,25.237287943531094,25.611480712890625,24.77993911070535,25.611480712890625,96000,0.0,0.0
2021-01-13 00:00:00+08:00,25.611480712890625,25.611480712890625,25.070978988678142,25.611480712890625,104000,0.0,0.0
2021-01-14 00:00:00+08:00,25.403595312344304,25.777789667743576,25.403595312344304,25.611480712890625,162000,0.0,0.0
2021-01-15 00:00:00+08:00,25.860944548302808,25.860944548302808,25.40359570834769,25.777790069580078,169000,0.0,0.0
2021-01-18 00:00:00+08:00,25.403593885706943,25.7362117767334,25.362017442348463,25.7362117767334,135000,0.0,0.0
2021-01-19 00:00:00+08:00,25.73621334342123,25.98567519083737,25.52832794189453,25.52832794189453,238000,0.0,0.0
2021-01-20 00:00:00+08:00,25.52832788160133,25.736213282637046,24.36416836696955,25.569904327392578,138000,0.0,0.0
2021-01-21 00:00:00+08:00,25.694637298583984,25.7362153337286,25.237290014272244,25.694637298583984,110000,0.0,0.0
2021-01-22 00:00:00+08:00,25.69463504844635,25.736213079949888,25.23728780418555,25.48674964904785,185000,0.0,0.0
2021-01-25 00:00:00+08:00,25.48674915844458,25.569903633811254,25.154132843017578,25.154132843017578,69000,0.0,0.0
2021-01-26 00:00:00+08:00,25.19571126070668,25.19571126070668,24.863094919233156,25.112558364868164,32000,0.0,0.0
2021-01-27 00:00:00+08:00,25.195709691637365,25.362018645037104,25.195709691637365,25.32044219970703,13000,0.0,0.0
2021-01-28 00:00:00+08:00,24.94624758954108,25.27886390686035,24.94624758954108,25.27886390686035,22000,0.0,0.0
2021-01-29 00:00:00+08:00,25.278865003334325,25.278865003334325,24.73836326599121,24.73836326599121,21000,0.0,0.0
2021-02-01 00:00:00+08:00,24.7383620522239,25.528327189147767,24.53047665682706,25.154132843017578,222000,0.0,0.0
2021-02-02 00:00:00+08:00,25.362018986257272,25.6530588656026,24.696786335787735,25.52832794189453,195000,0.0,0.0
2021-02-03 00:00:00+08:00,25.61148195715601,25.61148195715601,25.195711135864258,25.195711135864258,109000,0.0,0.0
2021-02-04 00:00:00+08:00,25.070978510280842,25.32044193780008,25.070978510280842,25.27886390686035,52000,0.0,0.0
2021-02-05 00:00:00+08:00,25.070980206684695,25.195711135864258,25.070980206684695,25.195711135864258,24000,0.0,0.0
2021-02-17 00:00:00+08:00,25.195709431020607,25.27886390686035,25.195709431020607,25.27886390686035,28000,0.0,0.0
2021-02-18 00:00:00+08:00,25.36202022446335,25.36202022446335,25.02940388298983,25.112558364868164,40000,0.0,0.0
2021-02-19 00:00:00+08:00,25.112556398354087,25.23728731838425,24.94624744762074,25.154132843017578,33000,0.0,0.0
2021-02-22 00:00:00+08:00,25.112556254063694,25.154132698488297,24.904670859861312,25.029401779174805,57000,0.0,0.0
2021-02-23 00:00:00+08:00,25.029404015930847,25.40359680731111,25.029404015930847,25.237289428710938,45000,0.0,0.0
2021-02-24 00:00:00+08:00,25.36201953246923,26.027252197265625,25.32044308568437,26.027252197265625,127000,0.0,0.0
2021-02-25 00:00:00+08:00,26.193561417750775,26.77564119478338,26.027252456872947,26.068830490112305,166000,0.0,0.0
2021-02-26 00:00:00+08:00,26.027251370276,26.027251370276,25.445173203584044,25.48674964904785,70000,0.0,0.0
2021-03-02 00:00:00+08:00,25.77778958616332,25.77778958616332,25.3204423408247,25.445173263549805,41000,0.0,0.0
2021-03-03 00:00:00+08:00,25.445176002963986,25.944101333618164,25.362021516848305,25.944101333618164,69000,0.0,0.0
2021-03-04 00:00:00+08:00,25.9440980091497,26.40144524512176,25.86094353368941,26.276714324951172,115000,0.0,0.0
2021-03-05 00:00:00+08:00,26.318290912881142,26.609330785556104,26.110405516118984,26.401445388793945,101000,0.0,0.0
2021-03-08 00:00:00+08:00,26.443025078232438,26.443025078232438,25.902523297540373,25.944101333618164,37000,0.0,0.0
2021-03-09 00:00:00+08:00,26.276715293955498,26.359869772482273,25.52832815929406,25.819366455078125,70000,0.0,0.0
2021-03-10 00:00:00+08:00,25.819366515921562,26.068829952089743,25.611481112134626,25.777790069580078,49000,0.0,0.0
2021-03-11 00:00:00+08:00,25.777789525413695,25.777789525413695,25.445173203584044,25.48674964904785,54000,0.0,0.0
2021-03-12 00:00:00+08:00,25.52832638786169,25.944097165605108,25.52832638786169,25.7362117767334,28000,0.0,0.0
2021-03-15 00:00:00+08:00,25.777789667743576,26.06882954571637,25.528327821503886,25.611480712890625,43000,0.0,0.0
2021-03-16 00:00:00+08:00,25.611480712890625,25.777789667743576,25.611480712890625,25.611480712890625,48000,0.0,0.0
2021-03-17 00:00:00+08:00,25.736213222050207,25.902520590863418,25.48674978977078,25.611480712890625,73000,0.0,0.0
2021-03-18 00:00:00+08:00,25.902520590863418,25.944098622596524,25.48674978977078,25.611480712890625,82000,0.0,0.0
2021-03-19 00:00:00+08:00,25.611480712890625,25.736213222050207,25.611480712890625,25.611480712890625,28000,0.0,0.0
2021-03-22 00:00:00+08:00,25.653057303976784,25.777788220091878,25.653057303976784,25.7362117767334,44000,0.0,0.0
2021-03-23 00:00:00+08:00,25.777790344476923,26.40144656248846,25.777790344476923,26.027252197265625,159000,0.0,0.0
2021-03-24 00:00:00+08:00,26.567753783166044,26.567753783166044,25.944097605965336,26.11040496826172,101000,0.0,0.0
2021-03-25 00:00:00+08:00,26.193561719811484,28.688186645507812,25.944099861657776,28.688186645507812,741000,0.0,0.0
2021-03-26 00:00:00+08:00,30.10180594548902,30.268114896540663,28.56345211336057,28.771337509155273,1910000,0.0,0.0
2021-03-29 00:00:00+08:00,28.7713392681816,28.937648229401063,28.272415556602798,28.438724517822266,298000,0.0,0.0
2021-03-30 00:00:00+08:00,28.106105175763858,28.355567018953117,27.316140028931677,27.648757934570312,294000,0.0,0.0
2021-03-31 00:00:00+08:00,27.648757116994506,27.648757116994506,27.274562777235857,27.316139221191406,138000,0.0,0.0
2021-04-01 00:00:00+08:00,27.274562777235857,27.399295281181853,27.108253829334306,27.316139221191406,117000,0.0,0.0
2021-04-07 00:00:00+08:00,26.734063116865315,27.89821942783998,26.734063116865315,27.440872192382812,232000,0.0,0.0
2021-04-08 00:00:00+08:00,27.274565075852447,28.68818649403228,27.274565075852447,27.482450485229492,207000,0.0,0.0
2021-04-09 00:00:00+08:00,27.773491811303963,27.81506825853845,27.10825596723377,27.14983558654785,68000,0.0,0.0
2021-04-12 00:00:00+08:00,28.521876733144207,28.521876733144207,27.648758672634802,28.022953033447266,153000,0.0,0.0
2021-04-13 00:00:00+08:00,27.856645045798395,27.856645045798395,27.35772132873535,27.35772132873535,76000,0.0,0.0
2021-04-14 00:00:00+08:00,27.191411292845668,27.191411292845668,26.40144612859771,26.7756404876709,99000,0.0,0.0
2021-04-15 00:00:00+08:00,26.318291803546177,27.10825538635254,26.318291803546177,27.10825538635254,30000,0.0,0.0
2021-04-16 00:00:00+08:00,26.900369825975627,26.94194944415671,26.7756404876709,26.7756404876709,26000,0.0,0.0
2021-04-19 00:00:00+08:00,26.775641807006053,26.775641807006053,26.52617835998535,26.52617835998535,50000,0.0,0.0
2021-04-20 00:00:00+08:00,26.193560214345588,26.69248390197754,26.193560214345588,26.69248390197754,47000,0.0,0.0
2021-04-21 00:00:00+08:00,26.609331191053528,26.692484082193783,26.40144579112342,26.5677547454834,23000,0.0,0.0
2021-04-22 00:00:00+08:00,26.60933443776755,26.77564341241957,26.235140037820475,26.318294525146484,79000,0.0,0.0
2021-04-23 00:00:00+08:00,26.193560051095282,27.14983414718926,26.193560051095282,26.3598690032959,83000,0.0,0.0
2021-04-26 00:00:00+08:00,26.359870453485613,26.359870453485613,26.193561492135498,26.235137939453125,33000,0.0,0.0
2021-04-27 00:00:00+08:00,26.276714809052123,26.609331130981445,26.19356033205986,26.609331130981445,45000,0.0,0.0
2021-04-28 00:00:00+08:00,26.609332842325585,26.775641807006053,26.48460191183515,26.52617835998535,62000,0.0,0.0
2021-04-29 00:00:00+08:00,26.526176369456802,26.60933084555711,26.3598690032959,26.3598690032959,46000,0.0,0.0
2021-05-03 00:00:00+08:00,26.858792273056764,26.983524778300925,26.193559646606445,26.193559646606445,30000,0.0,0.0
2021-05-04 00:00:00+08:00,25.694637661904622,25.694637661904622,24.156285232678577,24.61363410949707,81000,0.0,0.0
2021-05-05 00:00:00+08:00,24.65520694350941,24.69678497314453,24.65520694350941,24.69678497314453,23000,0.0,0.0
2021-05-06 00:00:00+08:00,24.696784709489098,24.696784709489098,24.239435904623218,24.65520668029785,33000,0.0,0.0
2021-05-07 00:00:00+08:00,24.65520703168524,24.86309242248535,24.530476114413105,24.86309242248535,28000,0.0,0.0
2021-05-10 00:00:00+08:00,24.94624623721061,24.94624623721061,24.405744552612305,24.405744552612305,36000,0.0,0.0
2021-05-11 00:00:00+08:00,24.364168367833802,24.82151720175244,23.94839756574763,24.447322845458984,53000,0.0,0.0
2021-05-12 00:00:00+08:00,24.114706166074086,24.197860642475387,23.11685562133789,23.11685562133789,50000,0.0,0.0
2021-05-13 00:00:00+08:00,22.16058312209829,24.82151685241587,22.16058312209829,24.239437103271484,43000,0.0,0.0
2021-05-14 00:00:00+08:00,24.8215169136643,24.8215169136643,23.574204521882574,24.197860717773438,22000,0.0,0.0
2021-05-17 00:00:00+08:00,24.031552392676225,24.031552392676225,22.077429277259697,23.53262710571289,94000,0.0,0.0
2021-05-18 00:00:00+08:00,24.821518045091196,24.821518045091196,23.532627563208727,23.657360076904297,18000,0.0,0.0
2021-05-19 00:00:00+08:00,23.366320066878295,23.74051284790039,23.28316558686012,23.74051284790039,20000,0.0,0.0
2021-05-20 00:00:00+08:00,23.615781920893024,23.86524536094754,23.449474546896468,23.74051284790039,22000,0.0,0.0
2021-05-21 00:00:00+08:00,23.615780828015534,24.073129653930664,23.574204382950395,24.073129653930664,13000,0.0,0.0
2021-05-24 00:00:00+08:00,24.073130425113032,24.073130425113032,23.366319734084954,23.53262710571289,34000,0.0,0.0
2021-05-25 00:00:00+08:00,23.532625313830607,23.532625313830607,23.449472427368164,23.449472427368164,20000,0.0,0.0
2021-05-26 00:00:00+08:00,23.78209054221444,23.78209054221444,23.53262710571289,23.53262710571289,14000,0.0,0.0
2021-05-27 00:00:00+08:00,23.65735947689445,23.65735947689445,23.366319595719276,23.407896041870117,5000,0.0,0.0
2021-05-28 00:00:00+08:00,23.449472427368164,23.449472427368164,23.407894398097298,23.449472427368164,13000,0.0,0.0
2021-05-31 00:00:00+08:00,23.491050520211562,23.491050520211562,23.324741563528676,23.407896041870117,15000,0.0,0.0
2021-06-01 00:00:00+08:00,23.366320515444617,23.865245819091797,23.366320515444617,23.865245819091797,17000,0.0,0.0
2021-06-02 00:00:00+08:00,23.782088822349614,23.782088822349614,23.615779876708984,23.615779876708984,8000,0.0,0.0
2021-06-03 00:00:00+08:00,23.989976685987685,23.989976685987685,23.61578231271731,23.906822204589844,7000,0.0,0.0
2021-06-04 00:00:00+08:00,23.44947466879807,23.698936524109623,23.44947466879807,23.657360076904297,11000,0.0,0.0
2021-06-07 00:00:00+08:00,23.449472864717603,23.823665618896484,23.366318390664624,23.823665618896484,30000,0.0,0.0
2021-06-08 00:00:00+08:00,23.948396090301394,23.948396090301394,23.449472427368164,23.449472427368164,18000,0.0,0.0
2021-06-09 00:00:00+08:00,23.61577978633269,23.782088731336863,23.449472427368164,23.449472427368164,30000,0.0,0.0
2021-06-10 00:00:00+08:00,23.657360076904297,23.657360076904297,23.657360076904297,23.657360076904297,1000,0.0,0.0
2021-06-11 00:00:00+08:00,23.90681973856026,23.90681973856026,23.615779876708984,23.615779876708984,6000,0.0,0.0
2021-06-15 00:00:00+08:00,23.407896041870117,23.407896041870117,23.366319595719276,23.407896041870117,13000,0.0,0.0
2021-06-16 00:00:00+08:00,23.407896102630836,23.61578150600418,23.36631965637207,23.36631965637207,24000,0.0,0.0
2021-06-17 00:00:00+08:00,23.283166885375977,23.366321370031724,23.283166885375977,23.283166885375977,37000,0.0,0.0
2021-06-18 00:00:00+08:00,23.283165255251106,23.98997594627918,23.283165255251106,23.53262710571289,20000,0.0,0.0
2021-06-21 00:00:00+08:00,23.11685588249434,23.366319314516495,23.11685588249434,23.15843391418457,12000,0.0,0.0
2021-06-22 00:00:00+08:00,23.283166885375977,23.283166885375977,23.283166885375977,23.283166885375977,1000,0.0,0.0
2021-06-23 00:00:00+08:00,23.241588592529297,23.491050440669174,23.15843411446942,23.241588592529297,16000,0.0,0.0
2021-06-24 00:00:00+08:00,23.657359538302707,23.657359538302707,23.36631965637207,23.36631965637207,11000,0.0,0.0
2021-06-25 00:00:00+08:00,23.407896102630836,23.407896102630836,23.36631965637207,23.36631965637207,18000,0.0,0.0
2021-06-28 00:00:00+08:00,23.324743334683912,23.324743334683912,23.283166885375977,23.283166885375977,15000,0.0,0.0
2021-06-29 00:00:00+08:00,23.407895841153806,23.449473872987888,23.32474136352539,23.32474136352539,20000,0.0,0.0
2021-06-30 00:00:00+08:00,23.61578144470385,23.61578144470385,23.28316511737783,23.407896041870117,56000,0.0,0.0
2021-07-01 00:00:00+08:00,23.407895841153806,23.407895841153806,23.200010440102638,23.32474136352539,36000,0.0,0.0
2021-07-02 00:00:00+08:00,23.28316517781478,23.36631965637207,23.116856220700196,23.36631965637207,27000,0.0,0.0
2021-07-05 00:00:00+08:00,23.44947466879807,23.948398379421175,23.44947466879807,23.657360076904297,109000,0.0,0.0
2021-07-06 00:00:00+08:00,24.07313143598956,24.696787674372295,24.07313143598956,24.15628433227539,101000,0.0,0.0
2021-07-07 00:00:00+08:00,24.156284658858123,24.655209973517536,24.0731317614481,24.36417007446289,26000,0.0,0.0
2021-07-08 00:00:00+08:00,24.281014991357896,24.281014991357896,24.11470603942871,24.11470603942871,18000,0.0,0.0
2021-07-09 00:00:00+08:00,23.865244197574643,24.11470603942871,23.823666166572494,24.11470603942871,24000,0.0,0.0
2021-07-12 00:00:00+08:00,24.36416788128278,24.36416788128278,23.782089721610053,24.11470603942871,22000,0.0,0.0
2021-07-13 00:00:00+08:00,23.94839859008789,24.031553071269823,23.615782251399963,23.94839859008789,53000,0.0,0.0
2021-07-14 00:00:00+08:00,23.657360285010835,23.94839859008789,23.657360285010835,23.94839859008789,4000,0.0,0.0
2021-07-15 00:00:00+08:00,24.031551361083984,24.031551361083984,23.948396885819673,24.031551361083984,30000,0.0,0.0
2021-07-16 00:00:00+08:00,23.782089721610053,24.11470603942871,23.782089721610053,24.11470603942871,65000,0.0,0.0
2021-07-19 00:00:00+08:00,23.989974916471677,24.07312939173599,23.865243996595055,24.031551361083984,26000,0.0,0.0
2021-07-20 00:00:00+08:00,23.94839859008789,23.94839859008789,23.6989367325819,23.94839859008789,67000,0.0,0.0
2021-07-21 00:00:00+08:00,23.948398714666478,23.948398714666478,23.532627892633798,23.865245819091797,85000,0.0,0.0
2021-07-22 00:00:00+08:00,23.906820441207365,24.19786031161261,23.865243996595055,24.031551361083984,56000,0.0,0.0
2021-07-23 00:00:00+08:00,24.07313143598956,24.15628433227539,23.948398919481146,24.15628433227539,99000,0.0,0.0
2021-07-26 00:00:00+08:00,24.197860858918435,24.364168227168893,24.15628282732602,24.32259178161621,67000,0.0,0.0
2021-07-27 00:00:00+08:00,24.447322845458984,24.48890087729145,24.2394374444159,24.447322845458984,69000,0.0,0.0
2021-07-28 00:00:00+08:00,24.402593412351393,24.621647210179955,24.183539614522832,24.44640350341797,64000,1.498949,0.0
2021-07-29 00:00:00+08:00,24.709268897847455,24.709268897847455,24.534025192260742,24.534025192260742,9000,0.0,0.0
2021-07-30 00:00:00+08:00,24.534024992591597,24.75307878716831,24.534024992591597,24.577835083007812,65000,0.0,0.0
2021-08-02 00:00:00+08:00,24.70926856994629,24.70926856994629,24.57783495687651,24.70926856994629,32000,0.0,0.0
2021-08-03 00:00:00+08:00,24.70926856994629,24.75307866013767,24.534024866685126,24.70926856994629,47000,0.0,0.0
2021-08-04 00:00:00+08:00,24.62164649719079,25.541671752929688,24.62164649719079,25.541671752929688,18000,0.0,0.0
2021-08-05 00:00:00+08:00,25.41024134275264,25.673105239868164,24.8845118772737,25.673105239868164,28000,0.0,0.0
2021-08-06 00:00:00+08:00,25.760727095989306,25.760727095989306,25.41024134275264,25.673105239868164,54000,0.0,0.0
2021-08-09 00:00:00+08:00,25.673105239868164,25.848348952110445,25.673105239868164,25.673105239868164,52000,0.0,0.0
2021-08-10 00:00:00+08:00,25.935968044087385,26.286453759970783,25.497860481421206,26.067399978637695,88000,0.0,0.0
2021-08-11 00:00:00+08:00,26.242645427472567,26.242645427472567,25.410240334231375,26.1550235748291,54000,0.0,0.0
2021-08-12 00:00:00+08:00,26.155023940417667,26.155023940417667,25.366430598099356,26.023591995239258,38000,0.0,0.0
2021-08-13 00:00:00+08:00,26.023591995239258,26.155023940417667,25.84834828750281,26.023591995239258,30000,0.0,0.0
2021-08-16 00:00:00+08:00,25.935968360501896,26.023590208353646,25.848346512650142,25.89215660095215,52000,0.0,0.0
2021-08-17 00:00:00+08:00,25.89215660095215,25.89215660095215,25.89215660095215,25.89215660095215,0,0.0,0.0
2021-08-18 00:00:00+08:00,24.88450937647096,25.979778289794922,24.88450937647096,25.979778289794922,17000,0.0,0.0
2021-08-19 00:00:00+08:00,26.111208854746696,26.111208854746696,25.191183684339443,25.804534912109375,14000,0.0,0.0
2021-08-20 00:00:00+08:00,25.80453553608049,25.80453553608049,25.147374206685377,25.45404815673828,6000,0.0,0.0
2021-08-23 00:00:00+08:00,25.497862226136437,25.497862226136437,24.972132780713945,25.366430282592773,25000,0.0,0.0
2021-08-24 00:00:00+08:00,25.541670001573834,25.541670001573834,25.147374206685377,25.45404815673828,43000,0.0,0.0
2021-08-25 00:00:00+08:00,25.410240173339844,25.497862025428514,25.410240173339844,25.410240173339844,5000,0.0,0.0
2021-08-26 00:00:00+08:00,25.410240173339844,25.454050263760266,25.23499646916251,25.410240173339844,17000,0.0,0.0
2021-08-27 00:00:00+08:00,25.23499646916251,25.541672115848936,25.23499646916251,25.410240173339844,34000,0.0,0.0
2021-08-30 00:00:00+08:00,25.673103693571274,25.673103693571274,25.541671752929688,25.541671752929688,9000,0.0,0.0
2021-08-31 00:00:00+08:00,25.673103693571274,25.673103693571274,25.541671752929688,25.541671752929688,6000,0.0,0.0
2021-09-01 00:00:00+08:00,25.673103730748128,25.84834743268921,25.58548355102539,25.58548355102539,33000,0.0,0.0
2021-09-02 00:00:00+08:00,25.629295147431545,25.673105239868164,25.585485054994923,25.673105239868164,17000,0.0,0.0
2021-09-03 00:00:00+08:00,25.892156798841917,25.892156798841917,25.322617290324235,25.848346710205078,43000,0.0,0.0
2021-09-06 00:00:00+08:00,25.32261848449707,25.760726076516907,25.32261848449707,25.32261848449707,13000,0.0,0.0
2021-09-07 00:00:00+08:00,25.716916189235278,25.716916189235278,25.27880859375,25.27880859375,6000,0.0,0.0
2021-09-08 00:00:00+08:00,26.02359184032454,26.02359184032454,25.05975479600736,25.27880859375,67000,0.0,0.0
2021-09-09 00:00:00+08:00,25.760727095989306,25.848348952110445,25.322619486631503,25.673105239868164,48000,0.0,0.0
2021-09-10 00:00:00+08:00,25.497861341889802,25.716915130615234,25.454049581396053,25.716915130615234,9000,0.0,0.0
2021-09-13 00:00:00+08:00,25.7169154918573,25.7169154918573,25.45404993894568,25.58548355102539,32000,0.0,0.0
2021-09-14 00:00:00+08:00,25.935968201761057,26.41788585512451,25.673102659814667,25.979778289794922,79000,0.0,0.0
2021-09-15 00:00:00+08:00,25.979779869542167,25.979779869542167,25.979779869542167,26.1550235748291,1000,0.0,0.0
2021-09-16 00:00:00+08:00,26.155021825420473,26.155021825420473,25.804536109537075,26.067399978637695,9000,0.0,0.0
2021-09-17 00:00:00+08:00,25.892156798841917,25.892156798841917,25.716914773046806,25.848346710205078,25000,0.0,0.0
2021-09-22 00:00:00+08:00,25.80453714235207,25.80453714235207,25.01594216099161,25.62929344177246,8000,0.0,0.0
2021-09-23 00:00:00+08:00,25.673105239868164,25.673105239868164,25.41024134275264,25.673105239868164,12000,0.0,0.0
2021-09-24 00:00:00+08:00,26.06740258751957,26.06740258751957,25.5854848888545,25.760726928710938,18000,0.0,0.0
2021-09-27 00:00:00+08:00,25.89215887641524,25.935970639815267,25.760726928710938,25.760726928710938,8000,0.0,0.0
2021-09-28 00:00:00+08:00,25.935970639815267,26.11121267967171,25.760726928710938,25.760726928710938,5000,0.0,0.0
2021-09-29 00:00:00+08:00,25.760726928710938,25.760726928710938,25.760726928710938,25.760726928710938,5000,0.0,0.0
2021-09-30 00:00:00+08:00,26.198831330968947,26.198831330968947,25.45404815673828,25.45404815673828,6000,0.0,0.0
2021-10-01 00:00:00+08:00,25.41024134275264,25.673105239868164,25.14737744563712,25.673105239868164,23000,0.0,0.0
2021-10-04 00:00:00+08:00,25.322617998113767,25.673103730748128,25.322617998113767,25.58548355102539,5000,0.0,0.0
2021-10-05 00:00:00+08:00,25.58548175961545,25.58548175961545,25.45404815673828,25.45404815673828,6000,0.0,0.0
2021-10-06 00:00:00+08:00,25.935968919340667,26.06740085832637,24.621646186988077,25.716915130615234,13000,0.0,0.0
2021-10-07 00:00:00+08:00,25.979780731967406,25.979780731967406,25.41024117775017,25.760726928710938,7000,0.0,0.0
2021-10-08 00:00:00+08:00,25.541669383958986,25.804534912109375,25.27880552705624,25.804534912109375,5000,0.0,0.0
2021-10-12 00:00:00+08:00,25.14737744563712,25.673105239868164,25.14737744563712,25.673105239868164,8000,0.0,0.0
2021-10-13 00:00:00+08:00,25.278808230830755,25.58548387751718,25.278808230830755,25.410240173339844,15000,0.0,0.0
2021-10-14 00:00:00+08:00,25.716915130615234,25.716915130615234,25.716915130615234,25.716915130615234,1000,0.0,0.0
2021-10-15 00:00:00+08:00,25.45405126990231,25.760726928710938,25.45405126990231,25.760726928710938,5000,0.0,0.0
2021-10-18 00:00:00+08:00,25.716916836558802,25.760726928710938,25.716916836558802,25.760726928710938,3000,0.0,0.0
2021-10-19 00:00:00+08:00,25.760726928710938,25.804538692110967,25.103565518941537,25.760726928710938,23000,0.0,0.0
2021-10-20 00:00:00+08:00,25.45405126990231,25.760726928710938,25.41024117775017,25.760726928710938,12000,0.0,0.0
2021-10-21 00:00:00+08:00,25.541673291310403,25.673105239868164,25.322619486631503,25.673105239868164,11000,0.0,0.0
2021-10-22 00:00:00+08:00,25.935970639815267,25.935970639815267,25.45405126990231,25.760726928710938,6000,0.0,0.0
2021-10-25 00:00:00+08:00,25.760726928710938,25.804538692110967,25.41024117775017,25.760726928710938,20000,0.0,0.0
2021-10-26 00:00:00+08:00,25.848346710205078,25.848346710205078,25.848346710205078,25.848346710205078,1000,0.0,0.0
2021-10-27 00:00:00+08:00,25.76072607355741,26.1550235748291,25.54167227757266,26.1550235748291,59000,0.0,0.0
2021-10-28 00:00:00+08:00,26.155023375212714,26.374077169525638,25.67310402497559,26.198833465576172,32000,0.0,0.0
2021-10-29 00:00:00+08:00,25.848347890414754,26.1112117767334,25.848347890414754,26.1112117767334,10000,0.0,0.0
2021-11-01 00:00:00+08:00,26.242645427472567,26.242645427472567,25.58548403951831,26.1550235748291,21000,0.0,0.0
2021-11-02 00:00:00+08:00,26.1550235748291,26.19883366552692,25.629294130216127,26.1550235748291,6000,0.0,0.0
2021-11-03 00:00:00+08:00,25.760724350521823,26.198831913188002,25.760724350521823,26.067399978637695,10000,0.0,0.0
2021-11-04 00:00:00+08:00,25.848346197304604,26.067399978637695,25.848346197304604,26.067399978637695,5000,0.0,0.0
2021-11-05 00:00:00+08:00,26.242643356323242,26.242643356323242,26.242643356323242,26.242643356323242,1000,0.0,0.0
2021-11-08 00:00:00+08:00,26.24264539114055,26.24264539114055,26.1112117767334,26.1112117767334,3000,0.0,0.0
2021-11-09 00:00:00+08:00,26.242645427472567,26.242645427472567,25.93596977884435,26.1550235748291,17000,0.0,0.0
2021-11-10 00:00:00+08:00,26.15502218337892,26.15502218337892,25.848346551065877,25.93596839904785,39000,0.0,0.0
2021-11-11 00:00:00+08:00,26.15502218337892,26.15502218337892,25.848346551065877,25.93596839904785,28000,0.0,0.0
2021-11-12 00:00:00+08:00,25.673102659814667,25.979778289794922,25.673102659814667,25.979778289794922,6000,0.0,0.0
2021-11-15 00:00:00+08:00,25.497861341889802,25.892157158846913,25.454049581396053,25.716915130615234,26000,0.0,0.0
2021-11-16 00:00:00+08:00,26.19883243304305,26.19883243304305,25.629292924525373,25.848346710205078,25000,0.0,0.0
2021-11-17 00:00:00+08:00,26.24264325238933,27.907451629638672,25.892155870865093,27.907451629638672,153000,0.0,0.0
2021-11-18 00:00:00+08:00,28.389371264106114,29.35320656043568,26.724561196814577,27.732208251953125,185000,0.0,0.0
2021-11-19 00:00:00+08:00,27.16266910613529,27.60077667236328,27.16266910613529,27.60077667236328,34000,0.0,0.0
2021-11-22 00:00:00+08:00,27.600777353262586,27.863641230985024,27.206479865431152,27.29410171508789,15000,0.0,0.0
2021-11-23 00:00:00+08:00,26.987426595315405,27.25029214933501,26.505508919817842,27.075048446655273,36000,0.0,0.0
2021-11-24 00:00:00+08:00,26.768370956218043,27.118858337402344,26.768370956218043,27.118858337402344,14000,0.0,0.0
2021-11-25 00:00:00+08:00,26.943615323021298,27.60077667236328,26.899805234897592,27.60077667236328,17000,0.0,0.0
2021-11-26 00:00:00+08:00,27.03123736412754,27.6445869584912,26.812183579444575,27.55696678161621,63000,0.0,0.0
2021-11-29 00:00:00+08:00,27.469343185424805,27.556965027971543,27.33791125722852,27.469343185424805,14000,0.0,0.0
2021-11-30 00:00:00+08:00,26.81218420733083,27.64458760587063,26.81218420733083,27.206480026245117,16000,0.0,0.0
2021-12-01 00:00:00+08:00,27.38172356474463,27.42553365394911,27.206479865431152,27.29410171508789,14000,0.0,0.0
2021-12-02 00:00:00+08:00,28.038884968907162,28.038884968907162,27.29410175267101,27.337913513183594,26000,0.0,0.0
2021-12-03 00:00:00+08:00,27.294101041754143,27.60077667236328,26.63693969241216,27.60077667236328,39000,0.0,0.0
2021-12-06 00:00:00+08:00,27.73220704181738,27.73220704181738,27.25028941468178,27.469343185424805,15000,0.0,0.0
2021-12-07 00:00:00+08:00,27.688398519858424,27.688398519858424,27.60077667236328,27.60077667236328,5000,0.0,0.0
2021-12-08 00:00:00+08:00,27.995073791063863,27.995073791063863,27.688398164391856,27.732208251953125,16000,0.0,0.0
2021-12-09 00:00:00+08:00,27.469344736744432,27.73220860798213,27.381722889249286,27.60077667236328,13000,0.0,0.0
2021-12-10 00:00:00+08:00,27.556966743144585,27.556966743144585,27.513154983520508,27.513154983520508,9000,0.0,0.0
2021-12-13 00:00:00+08:00,27.86364086597449,27.86364086597449,27.425533294677734,27.425533294677734,16000,0.0,0.0
2021-12-14 00:00:00+08:00,27.644587808112604,27.644587808112604,27.162670135498047,27.162670135498047,11000,0.0,0.0
2021-12-15 00:00:00+08:00,27.075048968599425,27.688400268554688,27.075048968599425,27.688400268554688,12000,0.0,0.0
2021-12-16 00:00:00+08:00,27.863641067340737,27.907452827535685,27.381723403930664,27.381723403930664,16000,0.0,0.0
2021-12-17 00:00:00+08:00,27.6007775542725,27.732209494090906,27.25029182434082,27.25029182434082,10000,0.0,0.0
2021-12-20 00:00:00+08:00,27.644587280109292,27.644587280109292,27.33791331498348,27.381723403930664,13000,0.0,0.0
2021-12-21 00:00:00+08:00,27.381721342878066,27.469343185424805,27.381721342878066,27.469343185424805,11000,0.0,0.0
2021-12-22 00:00:00+08:00,27.907453700026046,28.03888564222441,27.732209996263016,27.81983184814453,46000,0.0,0.0
2021-12-23 00:00:00+08:00,27.99507664600709,30.579912185668945,27.99507664600709,30.579912185668945,639000,0.0,0.0
2021-12-24 00:00:00+08:00,31.237072304354335,31.41231266523781,29.397018432617188,29.397018432617188,1268000,0.0,0.0
2021-12-27 00:00:00+08:00,30.01036876542549,32.332340240478516,28.958909921203446,32.332340240478516,1885000,0.0,0.0
2021-12-28 00:00:00+08:00,34.43525322207408,34.56668682583015,31.71898771274204,31.98185157775879,1605000,0.0,0.0
2021-12-29 00:00:00+08:00,32.1132881492649,33.12093361536657,32.02566462449799,32.37615203857422,612000,0.0,0.0
2021-12-30 00:00:00+08:00,32.85806759820658,33.99714660644531,32.33233985363347,33.99714660644531,680000,0.0,0.0
2022-01-03 00:00:00+08:00,35.22385090298765,35.57433496947522,33.734284428552435,34.040958404541016,531000,0.0,0.0
2022-01-04 00:00:00+08:00,34.04095627235665,34.04095627235665,31.981852065417023,32.5075798034668,549000,0.0,0.0
2022-01-05 00:00:00+08:00,32.50758211731017,32.50758211731017,31.543746748116007,31.587556838989258,239000,0.0,0.0
2022-01-06 00:00:00+08:00,31.675182055579516,31.675182055579516,30.755153385607443,31.018020629882812,174000,0.0,0.0
2022-01-07 00:00:00+08:00,30.798963711462278,31.412311639517778,28.958909899809218,29.922748565673828,220000,0.0,0.0
2022-01-10 00:00:00+08:00,29.090343468094527,31.061827543368313,29.090343468094527,30.667530059814453,110000,0.0,0.0
2022-01-11 00:00:00+08:00,30.667529862114744,30.755150039008303,30.49228616583213,30.711339950561523,46000,0.0,0.0
2022-01-12 00:00:00+08:00,31.368501506968254,31.368501506968254,30.667530059814453,30.667530059814453,83000,0.0,0.0
2022-01-13 00:00:00+08:00,30.842774080628597,30.842774080628597,30.492286682128906,30.492286682128906,36000,0.0,0.0
2022-01-14 00:00:00+08:00,30.492285880901125,31.06182705287374,29.791314444816305,30.141801834106445,64000,0.0,0.0
2022-01-17 00:00:00+08:00,30.755149470707096,30.755149470707096,29.966557865750374,30.09798812866211,52000,0.0,0.0
2022-01-18 00:00:00+08:00,30.57990868383009,30.57990868383009,30.36085490627399,30.404664993286133,26000,0.0,0.0
2022-01-19 00:00:00+08:00,30.404666826245457,30.404666826245457,30.054179424028245,30.31704330444336,31000,0.0,0.0
2022-01-20 00:00:00+08:00,30.317043703408793,30.317043703408793,29.7913159356601,30.22942352294922,56000,0.0,0.0
2022-01-21 00:00:00+08:00,30.18561271531334,30.492286682128906,29.397017739936807,30.492286682128906,72000,0.0,0.0
2022-01-24 00:00:00+08:00,29.440827829125382,30.492286682128906,29.353207650748235,30.492286682128906,42000,0.0,0.0
2022-01-25 00:00:00+08:00,29.791314172705956,30.09798812866211,29.791314172705956,30.09798812866211,14000,0.0,0.0
2022-01-26 00:00:00+08:00,29.484641573544756,30.31704330444336,29.484641573544756,30.31704330444336,26000,0.0,0.0
2022-02-07 00:00:00+08:00,31.19325901372238,31.850420397515652,30.66753124368602,31.762800216674805,68000,0.0,0.0
2022-02-08 00:00:00+08:00,31.806607381689364,33.12093002839136,31.806607381689364,32.94568634033203,378000,0.0,0.0
2022-02-09 00:00:00+08:00,32.85806594051206,33.296173486385555,32.59520208148703,33.208553314208984,172000,0.0,0.0
2022-02-10 00:00:00+08:00,33.208553314208984,33.64666086008248,32.72663233975189,33.208553314208984,67000,0.0,0.0
2022-02-11 00:00:00+08:00,32.945689500661075,33.29617691040039,32.50758190973475,33.29617691040039,58000,0.0,0.0
2022-02-14 00:00:00+08:00,32.5075812624006,33.03331236654052,32.24471738157843,32.81425857543945,86000,0.0,0.0
2022-02-15 00:00:00+08:00,33.2523636300597,33.690471178960365,32.77044599476803,32.94568634033203,84000,0.0,0.0
2022-02-16 00:00:00+08:00,32.945689500661075,33.60285088705055,32.85806931947407,33.29617691040039,87000,0.0,0.0
2022-02-17 00:00:00+08:00,33.296176477754884,36.62579345703125,33.296176477754884,36.62579345703125,899000,0.0,0.0
2022-02-18 00:00:00+08:00,36.62579172622649,36.844845508491595,34.26001020926426,35.00479507446289,1017000,0.0,0.0
2022-02-21 00:00:00+08:00,35.04861001647358,38.465850830078125,35.04861001647358,38.465850830078125,1557000,0.0,0.0
2022-02-22 00:00:00+08:00,38.290605033648355,38.3344151252924,36.97628222935261,37.67725372314453,696000,0.0,0.0
2022-02-23 00:00:00+08:00,37.85249463678954,38.46584590199705,36.80103580250459,37.23914337158203,429000,0.0,0.0
2022-02-24 00:00:00+08:00,37.15152251002256,38.202977982432564,35.22384857311183,36.757225036621094,424000,0.0,0.0
2022-02-25 00:00:00+08:00,37.23914126317706,37.23914126317706,35.048603541813705,36.538169860839844,364000,0.0,0.0
2022-03-01 00:00:00+08:00,37.23914126317706,37.41438494938519,36.494359774911636,36.538169860839844,132000,0.0,0.0
2022-03-02 00:00:00+08:00,36.5381750790633,36.5381750790633,35.267662350724386,35.92482376098633,181000,0.0,0.0
2022-03-03 00:00:00+08:00,36.31912224747208,36.45055252754382,35.57433729041541,36.23149871826172,96000,0.0,0.0
2022-03-04 00:00:00+08:00,36.31911948436596,37.67725233009106,35.881011899132346,36.62579345703125,400000,0.0,0.0
2022-03-07 00:00:00+08:00,36.056253430935335,36.056253430935335,33.690471944608056,34.260009765625,284000,0.0,0.0
2022-03-08 00:00:00+08:00,33.73428679868767,34.78574575701607,32.945691744317394,34.65431213378906,189000,0.0,0.0
2022-03-09 00:00:00+08:00,34.69812018038971,35.61814880371094,34.39144620094642,35.61814880371094,47000,0.0,0.0
2022-03-10 00:00:00+08:00,35.57433155977451,36.62579034344912,35.48671138717468,36.3629264831543,262000,0.0,0.0
2022-03-11 00:00:00+08:00,35.924819925317614,36.93246865046493,35.13622498020272,36.66960144042969,173000,0.0,0.0
2022-03-14 00:00:00+08:00,36.9762783554522,36.9762783554522,35.837199379566464,36.0124397277832,300000,0.0,0.0
2022-03-15 00:00:00+08:00,36.0562556571429,36.36292963027954,35.048606872558594,35.048606872558594,111000,0.0,0.0
2022-03-16 00:00:00+08:00,35.4867137310078,36.23149527478382,35.048606154081774,35.31147003173828,129000,0.0,0.0
2022-03-17 00:00:00+08:00,36.01244181592433,36.01244181592433,35.004796385269344,35.136226654052734,189000,0.0,0.0
2022-03-18 00:00:00+08:00,35.180037359462375,35.180037359462375,34.43525252409981,34.78573989868164,79000,0.0,0.0
2022-03-21 00:00:00+08:00,35.13622845493374,35.13622845493374,34.17239306447256,34.43525695800781,105000,0.0,0.0
2022-03-22 00:00:00+08:00,34.30382148041704,34.30382148041704,33.778090430576306,34.2161979675293,115000,0.0,0.0
2022-03-23 00:00:00+08:00,34.26001194574788,34.30382537841797,34.040958152379936,34.30382537841797,45000,0.0,0.0
2022-03-24 00:00:00+08:00,34.12858096004254,34.566688537597656,33.82190365025663,34.566688537597656,40000,0.0,0.0
2022-03-25 00:00:00+08:00,34.17239306447256,34.43525695800781,34.04095944645706,34.43525695800781,36000,0.0,0.0
2022-03-28 00:00:00+08:00,34.08476771194054,34.2161979675293,33.64666017498756,34.2161979675293,97000,0.0,0.0
2022-03-29 00:00:00+08:00,34.21620046782955,34.21620046782955,33.90952650655079,34.08477020263672,30000,0.0,0.0
2022-03-30 00:00:00+08:00,34.08476985744854,35.00479507446289,33.865716075183435,35.00479507446289,25000,0.0,0.0
2022-03-31 00:00:00+08:00,34.61049935213484,34.61049935213484,34.30382537841797,34.30382537841797,31000,0.0,0.0
2022-04-01 00:00:00+08:00,34.522881226070844,34.522881226070844,33.90952989964399,34.172393798828125,29000,0.0,0.0
2022-04-06 00:00:00+08:00,34.17239008029518,36.27530772992691,33.95333629772918,35.83720016479492,132000,0.0,0.0
2022-04-07 00:00:00+08:00,35.83720187278854,36.53817334190879,35.618148079782486,35.881011962890625,155000,0.0,0.0
2022-04-08 00:00:00+08:00,36.40673998893096,36.625793783500335,35.92482230937746,36.4505500793457,126000,0.0,0.0
2022-04-11 00:00:00+08:00,35.66195816988457,36.012442233196886,35.31147076407664,35.881011962890625,153000,0.0,0.0
2022-04-12 00:00:00+08:00,35.83719695241329,36.538168325291565,35.2238457477091,35.48670959472656,95000,0.0,0.0
2022-04-13 00:00:00+08:00,35.48670959472656,35.53051967881361,35.44289951063951,35.48670959472656,36000,0.0,0.0
2022-04-14 00:00:00+08:00,35.92482130793382,35.92482130793382,35.2238498533513,35.31147003173828,50000,0.0,0.0
2022-04-15 00:00:00+08:00,35.31147075560366,35.31147075560366,34.52287910646846,35.048606872558594,55000,0.0,0.0
2022-04-18 00:00:00+08:00,35.0486090244391,35.0486090244391,33.90952989964399,34.172393798828125,92000,0.0,0.0
2022-04-19 00:00:00+08:00,35.048603758370355,35.048603758370355,34.0847684920133,34.78573989868164,14000,0.0,0.0
2022-04-20 00:00:00+08:00,34.4352549273329,34.566688537597656,34.084770870786144,34.566688537597656,28000,0.0,0.0
2022-04-21 00:00:00+08:00,35.48671445846558,35.48671445846558,34.30382531351497,35.048606872558594,31000,0.0,0.0
2022-04-22 00:00:00+08:00,34.610497597886614,35.00479507446289,34.610497597886614,35.00479507446289,13000,0.0,0.0
2022-04-25 00:00:00+08:00,34.17239070030053,34.17239070030053,33.73428312721976,33.90952682495117,52000,0.0,0.0
2022-04-26 00:00:00+08:00,34.698119789512816,34.698119789512816,33.47142054306285,34.040958404541016,18000,0.0,0.0
2022-04-27 00:00:00+08:00,33.73428474712506,34.6981201171875,33.29617715300655,34.6981201171875,36000,0.0,0.0
2022-04-28 00:00:00+08:00,34.698118483937115,34.7419319152832,34.04095712369213,34.7419319152832,18000,0.0,0.0
2022-04-29 00:00:00+08:00,34.74193566343903,34.78574575701607,34.610502040212026,34.65431213378906,36000,0.0,0.0
2022-05-03 00:00:00+08:00,34.610502040212026,34.65431213378906,33.95334060906876,34.65431213378906,26000,0.0,0.0
2022-05-04 00:00:00+08:00,34.654311504415,34.87336531081774,34.084773613265355,34.172393798828125,123000,0.0,0.0
2022-05-05 00:00:00+08:00,33.90952331214567,34.26000732880512,33.73427963256836,33.73427963256836,80000,0.0,0.0
2022-05-06 00:00:00+08:00,33.559038358895734,33.734282051036566,33.3837946667549,33.515228271484375,76000,0.0,0.0
2022-05-09 00:00:00+08:00,33.515230378251196,33.515230378251196,32.81425890812023,33.47142028808594,58000,0.0,0.0
2022-05-10 00:00:00+08:00,33.4714202145281,33.4714202145281,32.85806892607557,33.38379669189453,48000,0.0,0.0
2022-05-11 00:00:00+08:00,33.47141849976796,33.47141849976796,33.12093111218058,33.33998489379883,9000,0.0,0.0
2022-05-12 00:00:00+08:00,32.77044921511511,33.120933283180456,31.718990325927734,31.718990325927734,78000,0.0,0.0
2022-05-13 00:00:00+08:00,31.71898858188856,32.72663398247961,31.71898858188856,32.419960021972656,35000,0.0,0.0
2022-05-16 00:00:00+08:00,32.59520371761755,32.59520371761755,32.06947263068287,32.419960021972656,28000,0.0,0.0
2022-05-17 00:00:00+08:00,33.29617838747653,33.29617838747653,31.806611843748158,32.770450592041016,30000,0.0,0.0
2022-05-18 00:00:00+08:00,33.2085535436687,33.2085535436687,32.332338445867364,32.94568634033203,51000,0.0,0.0
2022-05-19 00:00:00+08:00,31.98185114808725,33.03330993652344,31.89423097509063,33.03330993652344,55000,0.0,0.0
2022-05-20 00:00:00+08:00,33.38379397100527,33.38379397100527,32.68282255954626,33.03330993652344,11000,0.0,0.0
2022-05-23 00:00:00+08:00,33.339988480013524,33.38379857255052,32.63901697193423,32.770450592041016,12000,0.0,0.0
2022-05-24 00:00:00+08:00,32.770450592041016,32.770450592041016,32.11328917649872,32.770450592041016,16000,0.0,0.0
2022-05-25 00:00:00+08:00,32.77044946200893,33.120933532714844,32.55139566438186,33.120933532714844,9000,0.0,0.0
2022-05-26 00:00:00+08:00,33.12093320553073,33.42761052467655,32.68282561460441,33.29617691040039,25000,0.0,0.0
2022-05-27 00:00:00+08:00,33.29617691040039,33.29617691040039,33.29617691040039,33.29617691040039,12000,0.0,0.0
2022-05-30 00:00:00+08:00,33.55904006958008,33.55904006958008,32.98950221920924,33.55904006958008,22000,0.0,0.0
2022-05-31 00:00:00+08:00,33.55904285533387,33.55904285533387,33.16474533081055,33.16474533081055,36000,0.0,0.0
2022-06-01 00:00:00+08:00,33.12093320553073,33.471420615270056,33.12093320553073,33.29617691040039,25000,0.0,0.0
2022-06-02 00:00:00+08:00,33.42760877357369,33.42760877357369,33.077121382194626,33.99714660644531,15000,0.0,0.0
2022-06-06 00:00:00+08:00,33.3837967652598,33.47142028808594,33.3837967652598,33.47142028808594,15000,0.0,0.0
2022-06-07 00:00:00+08:00,33.47141818407302,33.602848446307085,33.29617449193219,33.515228271484375,45000,0.0,0.0
2022-06-08 00:00:00+08:00,33.47142028808594,33.515230378251196,33.29617658492929,33.47142028808594,17000,0.0,0.0
2022-06-09 00:00:00+08:00,33.47142028808594,33.47142028808594,33.29617658492929,33.47142028808594,34000,0.0,0.0
2022-06-10 00:00:00+08:00,33.47142028808594,33.734284171573094,33.29617658492929,33.47142028808594,51000,0.0,0.0
2022-06-13 00:00:00+08:00,33.29617618921695,33.90952747172796,33.29617618921695,33.55904006958008,66000,0.0,0.0
2022-06-14 00:00:00+08:00,33.2961754792436,33.821903228759766,33.20855530182274,33.821903228759766,76000,0.0,0.0
2022-06-15 00:00:00+08:00,33.8219039499432,33.865717382083375,33.42760980064631,33.55904006958008,21000,0.0,0.0
2022-06-16 00:00:00+08:00,33.77809182317482,33.77809182317482,33.29617418115714,33.69047164916992,121000,0.0,0.0
2022-06-17 00:00:00+08:00,33.29618003780921,33.7780977645941,33.120936316479444,33.64666748046875,147000,0.0,0.0
2022-06-20 00:00:00+08:00,33.64666359136484,33.8219039499432,33.12093248814301,33.55904006958008,52000,0.0,0.0
2022-06-21 00:00:00+08:00,33.64666359136484,33.64666359136484,33.339986278861545,33.55904006958008,287000,0.0,0.0
2022-06-22 00:00:00+08:00,33.559035952991046,33.73427963256836,33.29617210487267,33.73427963256836,21000,0.0,0.0
2022-06-23 00:00:00+08:00,33.47141578444998,33.73427963256836,33.252362020602135,33.73427963256836,113000,0.0,0.0
2022-06-24 00:00:00+08:00,33.69047164916992,33.69047164916992,33.42760778465986,33.69047164916992,41000,0.0,0.0
2022-06-27 00:00:00+08:00,33.60285055858171,33.77809426173835,33.47142028808594,33.47142028808594,137000,0.0,0.0
2022-06-28 00:00:00+08:00,33.55904394855588,33.6904775751772,33.20855984839231,33.64666748046875,88000,0.0,0.0
2022-06-29 00:00:00+08:00,33.29617691040039,33.64666432013971,33.29617691040039,33.29617691040039,50000,0.0,0.0
2022-06-30 00:00:00+08:00,33.20855779451784,33.20855779451784,32.68282666304381,32.858070373535156,118000,0.0,0.0
2022-07-01 00:00:00+08:00,32.85806687297395,33.20855425661717,32.682823181152344,32.682823181152344,33000,0.0,0.0
2022-07-04 00:00:00+08:00,32.72663811378224,33.296179360901284,32.72663811378224,33.077125549316406,301000,0.0,0.0
2022-07-05 00:00:00+08:00,33.42761052467655,33.42761052467655,32.85806931947407,33.29617691040039,125000,0.0,0.0
2022-07-06 00:00:00+08:00,33.64666432013971,33.64666432013971,32.98950293375023,33.29617691040039,33000,0.0,0.0
2022-07-07 00:00:00+08:00,33.51523070586355,33.51523070586355,32.98950293375023,33.29617691040039,80000,0.0,0.0
2022-07-08 00:00:00+08:00,33.64666748046875,33.64666748046875,33.29618003780921,33.64666748046875,18000,0.0,0.0
2022-07-11 00:00:00+08:00,33.47142028808594,33.47142028808594,33.03331270144213,33.47142028808594,31000,0.0,0.0
2022-07-12 00:00:00+08:00,34.74020019719157,34.74020019719157,33.16109954397289,33.25398635864258,63000,2.165919,0.0
2022-07-13 00:00:00+08:00,33.57909312416729,33.57909312416729,33.43975937607189,33.53264617919922,72000,0.0,0.0
2022-07-14 00:00:00+08:00,33.532649118364354,33.904203450249526,33.532649118364354,33.764869689941406,42000,0.0,0.0
2022-07-15 00:00:00+08:00,33.579095202636076,33.99708938598633,33.579095202636076,33.99708938598633,32000,0.0,0.0
2022-07-18 00:00:00+08:00,35.25108038429,35.25108038429,33.486202777635555,33.53264617919922,69000,0.0,0.0
2022-07-19 00:00:00+08:00,33.53264617919922,33.53264617919922,33.53264617919922,33.53264617919922,26000,0.0,0.0
2022-07-20 00:00:00+08:00,33.57909739482917,33.85776138305664,33.53265044395388,33.85776138305664,54000,0.0,0.0
2022-07-21 00:00:00+08:00,33.81131886518625,33.81131886518625,33.57909827831932,33.62554168701172,74000,0.0,0.0
2022-07-22 00:00:00+08:00,33.625540273482706,33.857760850587695,33.43976310311776,33.811317443847656,104000,0.0,0.0
2022-07-25 00:00:00+08:00,33.811317443847656,33.857760850587695,33.625540273482706,33.811317443847656,205000,0.0,0.0
2022-07-26 00:00:00+08:00,33.718428231675226,35.065308333290545,33.718428231675226,34.50798034667969,124000,0.0,0.0
2022-07-27 00:00:00+08:00,34.87952750990633,34.925970913367344,34.36864298502604,34.83308410644531,208000,0.0,0.0
2022-07-28 00:00:00+08:00,34.83308278597318,36.59796039782426,34.83308278597318,36.22640609741211,185000,0.0,0.0
2022-07-29 00:00:00+08:00,36.923070201167356,39.84905076654625,36.923070201167356,37.61973190307617,723000,0.0,0.0
2022-08-01 00:00:00+08:00,38.4092816183788,39.01305652965199,37.619733082164416,38.3163948059082,393000,0.0,0.0
2022-08-02 00:00:00+08:00,38.31639461689342,38.641502002341525,37.619732896586264,37.99128723144531,129000,0.0,0.0
2022-08-03 00:00:00+08:00,37.294624526213916,37.75906566081979,37.108847363690636,37.61973190307617,207000,0.0,0.0
2022-08-04 00:00:00+08:00,37.71261703327408,39.66327183779794,37.15528911392697,39.291717529296875,506000,0.0,0.0
2022-08-05 00:00:00+08:00,39.24527640650218,39.61683073658834,38.68794845477763,38.873722076416016,372000,0.0,0.0
2022-08-08 00:00:00+08:00,39.338163147676674,39.61683066645029,38.409280867510475,39.15238952636719,486000,0.0,0.0
2022-08-09 00:00:00+08:00,38.45572803245792,39.01305598632931,38.03773029535202,38.26995086669922,215000,0.0,0.0
2022-08-10 00:00:00+08:00,37.80551043386685,38.641502380371094,37.71262007754097,38.641502380371094,75000,0.0,0.0
2022-08-11 00:00:00+08:00,38.641498887398356,38.82727603985214,37.80550701646305,38.36283493041992,148000,0.0,0.0
2022-08-12 00:00:00+08:00,38.17706004605131,38.17706004605131,37.759065857453,37.94483947753906,126000,0.0,0.0
2022-08-15 00:00:00+08:00,37.94483907813832,38.50217056274414,37.94483907813832,38.50217056274414,132000,0.0,0.0
2022-08-16 00:00:00+08:00,38.92016760407254,41.753257751464844,38.595056691267295,41.753257751464844,396000,0.0,0.0
2022-08-17 00:00:00+08:00,42.58925292328045,42.914363861083984,40.87082204990763,42.914363861083984,437000,0.0,0.0
2022-08-18 00:00:00+08:00,42.91436220699934,43.0072490179888,41.8925895690918,41.8925895690918,260000,0.0,0.0
2022-08-19 00:00:00+08:00,42.682141237483876,42.682141237483876,41.14948406663942,41.242374420166016,179000,0.0,0.0
2022-08-22 00:00:00+08:00,41.14948325270991,41.28881700854148,39.89549362384427,39.988380432128906,80000,0.0,0.0
2022-08-23 00:00:00+08:00,40.267045262943135,41.42814810839599,39.941937883578206,40.963706970214844,104000,0.0,0.0
2022-08-24 00:00:00+08:00,41.05660033840104,42.68214444138769,41.05660033840104,41.799705505371094,173000,0.0,0.0
2022-08-25 00:00:00+08:00,41.799701890020636,42.91436131576877,41.521037919434754,42.12480926513672,183000,0.0,0.0
2022-08-26 00:00:00+08:00,42.12480798371715,42.54280569858296,41.4281463067423,41.70681381225586,81000,0.0,0.0
2022-08-29 00:00:00+08:00,40.77793502807617,41.10304242082244,40.127716699178805,40.77793502807617,78000,0.0,0.0
2022-08-30 00:00:00+08:00,40.7779315762894,41.70681381225586,40.7779315762894,41.70681381225586,33000,0.0,0.0
2022-08-31 00:00:00+08:00,41.70681295408739,41.985476910462566,41.47459239987399,41.93903350830078,55000,0.0,0.0
2022-09-01 00:00:00+08:00,42.217700169346735,42.217700169346735,40.963706970214844,40.963706970214844,76000,0.0,0.0
2022-09-02 00:00:00+08:00,40.49926355001086,40.96370466202202,39.98837903547949,40.174156188964844,68000,0.0,0.0
2022-09-05 00:00:00+08:00,39.013055098684205,40.824376222661186,39.013055098684205,39.709716796875,104000,0.0,0.0
2022-09-06 00:00:00+08:00,39.802605133444516,40.73148743334665,39.01305659588961,40.127716064453125,122000,0.0,0.0
2022-09-07 00:00:00+08:00,40.127712786444626,40.174156188964844,39.245273964942534,40.174156188964844,58000,0.0,0.0
2022-09-08 00:00:00+08:00,40.87081873694132,40.87081873694132,39.10594105593884,39.94193649291992,104000,0.0,0.0
2022-09-12 00:00:00+08:00,39.98837765168765,40.35993194580078,39.47749315483536,40.35993194580078,119000,0.0,0.0
2022-09-13 00:00:00+08:00,40.406380684876304,40.91726524922251,40.35993727782752,40.77793502807617,54000,0.0,0.0
2022-09-14 00:00:00+08:00,40.08126922593476,41.05659484863281,39.94193547551884,41.05659484863281,79000,0.0,0.0
2022-09-15 00:00:00+08:00,40.45282310562345,40.917264251597096,40.40637969970703,40.40637969970703,75000,0.0,0.0
2022-09-16 00:00:00+08:00,40.40637743594889,40.82437515258789,40.40637743594889,40.82437515258789,11000,0.0,0.0
2022-09-19 00:00:00+08:00,40.77793502807617,40.870821842173726,40.17416010622759,40.77793502807617,52000,0.0,0.0
2022-09-20 00:00:00+08:00,40.77793261715919,40.77793261715919,40.40637829592675,40.59215545654297,24000,0.0,0.0
2022-09-21 00:00:00+08:00,40.77793126682649,40.77793126682649,40.12771299790356,40.499263763427734,65000,0.0,0.0
2022-09-22 00:00:00+08:00,39.94193649291992,40.313490807890304,39.849049685879606,39.94193649291992,35000,0.0,0.0
2022-09-23 00:00:00+08:00,40.08127308435066,40.12771649115868,39.38461135201598,39.57038497924805,32000,0.0,0.0
2022-09-26 00:00:00+08:00,39.38460712061621,39.38460712061621,37.61972950428785,38.920166015625,81000,0.0,0.0
2022-09-27 00:00:00+08:00,39.47749905015385,39.47749905015385,39.105944700555156,39.338165283203125,39000,0.0,0.0
2022-09-28 00:00:00+08:00,39.43105403878053,39.43105403878053,37.71261967102545,39.19883346557617,50000,0.0,0.0
2022-09-29 00:00:00+08:00,37.89839907378533,39.01305859959768,37.89839907378533,38.78083801269531,44000,0.0,0.0
2022-09-30 00:00:00+08:00,38.68794860380512,38.68794860380512,38.22350746111072,38.26995086669922,57000,0.0,0.0
2022-10-03 00:00:00+08:00,38.13061590010514,39.33816212422378,37.15529023998642,37.57328796386719,87000,0.0,0.0
2022-10-04 00:00:00+08:00,38.084173236008276,38.17706004605131,37.6661755040053,37.94483947753906,122000,0.0,0.0
2022-10-05 00:00:00+08:00,37.99128602683093,37.99128602683093,37.1552905716079,37.29462432861328,171000,0.0,0.0
2022-10-06 00:00:00+08:00,37.34106949733904,37.666176887838574,36.78373798639082,36.83018493652344,47000,0.0,0.0
2022-10-07 00:00:00+08:00,37.01595681460252,37.66617510828658,37.01595681460252,37.29462432861328,48000,0.0,0.0
2022-10-11 00:00:00+08:00,37.34106828648164,37.43395509692524,36.133522033691406,36.133522033691406,115000,0.0,0.0
2022-10-12 00:00:00+08:00,35.94774506117957,36.4586296081543,35.20463994345227,36.4586296081543,99000,0.0,0.0
2022-10-13 00:00:00+08:00,36.365743019923215,36.365743019923215,35.29752697055761,35.57619094848633,48000,0.0,0.0
2022-10-14 00:00:00+08:00,36.133521165800346,36.36574172973633,35.71552344203466,36.36574172973633,51000,0.0,0.0
2022-10-17 00:00:00+08:00,36.22640884413501,36.22640884413501,35.297526566080265,36.133522033691406,100000,0.0,0.0
2022-10-18 00:00:00+08:00,36.2264079740129,36.36574172973633,35.761966846140936,36.36574172973633,13000,0.0,0.0
2022-10-19 00:00:00+08:00,36.36574172973633,36.50507194205515,35.85485365435349,36.36574172973633,41000,0.0,0.0
2022-10-20 00:00:00+08:00,35.76196770510764,36.133522033691406,35.43686032515035,36.133522033691406,34000,0.0,0.0
2022-10-21 00:00:00+08:00,36.13352328173397,36.92307182798943,36.13352328173397,36.551517486572266,49000,0.0,0.0
2022-10-24 00:00:00+08:00,37.01595840071773,37.99128765473851,37.01595840071773,37.433956146240234,53000,0.0,0.0
2022-10-25 00:00:00+08:00,37.52684321661322,37.619730021526806,36.96951175691829,37.48039627075195,37000,0.0,0.0
2022-10-26 00:00:00+08:00,37.24817571506352,37.48039627075195,37.155288910149935,37.48039627075195,18000,0.0,0.0
2022-10-27 00:00:00+08:00,37.52684783935547,37.52684783935547,37.48040088777264,37.52684783935547,24000,0.0,0.0
2022-10-28 00:00:00+08:00,37.387514071416796,37.52684783935547,37.10885007894436,37.52684783935547,24000,0.0,0.0
2022-10-31 00:00:00+08:00,37.526846502692344,38.08417446778583,37.15529216369349,37.433956146240234,15000,0.0,0.0
2022-11-01 00:00:00+08:00,37.433952868295165,37.48039627075195,37.433952868295165,37.48039627075195,39000,0.0,0.0
2022-11-02 00:00:00+08:00,37.526846502692344,37.526846502692344,37.24817897674081,37.433956146240234,14000,0.0,0.0
2022-11-03 00:00:00+08:00,37.38751032869754,37.38751032869754,36.96951261013057,37.24817657470703,31000,0.0,0.0
2022-11-04 00:00:00+08:00,36.96951261013057,37.24817657470703,35.901300155353375,37.24817657470703,21000,0.0,0.0
2022-11-07 00:00:00+08:00,37.341067733146865,37.341067733146865,37.01595681460252,37.29462432861328,11000,0.0,0.0
2022-11-08 00:00:00+08:00,37.341070663238874,37.66617806388923,37.15529348712228,37.52684783935547,52000,0.0,0.0
2022-11-09 00:00:00+08:00,37.94483894269696,38.269949860074384,37.89839553833008,37.89839553833008,117000,0.0,0.0
2022-11-10 00:00:00+08:00,37.85195434957115,37.85195434957115,37.61973377073942,37.75906753540039,5000,0.0,0.0
2022-11-11 00:00:00+08:00,38.0841740434577,38.0841740434577,37.24817856172722,37.99128723144531,14000,0.0,0.0
2022-11-14 00:00:00+08:00,38.08417510986328,38.17706192447662,37.898397937231756,38.08417510986328,74000,0.0,0.0
2022-11-15 00:00:00+08:00,37.71261970859866,38.50217178432295,37.619732896586264,37.99128723144531,222000,0.0,0.0
2022-11-16 00:00:00+08:00,38.084173236008276,38.26995039949901,37.61973209898379,37.94483947753906,119000,0.0,0.0
2022-11-17 00:00:00+08:00,38.26995019314466,39.105942109238214,38.084173030655656,38.82727813720703,396000,0.0,0.0
2022-11-18 00:00:00+08:00,39.849052208774076,39.849052208774076,38.641502380371094,38.641502380371094,230000,0.0,0.0
2022-11-21 00:00:00+08:00,38.64150063841407,38.82727779928623,37.71261837745792,37.89839553833008,102000,0.0,0.0
2022-11-22 00:00:00+08:00,37.80550872959631,37.89839553833008,36.83018306427328,37.89839553833008,86000,0.0,0.0
2022-11-23 00:00:00+08:00,37.20173194634743,38.50216846276138,37.20173194634743,38.03772735595703,130000,0.0,0.0
2022-11-24 00:00:00+08:00,38.03773063745151,38.362838022899616,37.71261970859866,37.99128723144531,62000,0.0,0.0
2022-11-25 00:00:00+08:00,37.89839819474356,37.89839819474356,37.15529304257307,37.20173645019531,101000,0.0,0.0
2022-11-28 00:00:00+08:00,37.108847167074316,37.341067733146865,36.969513410068934,37.29462432861328,35000,0.0,0.0
2022-11-29 00:00:00+08:00,37.29462266092479,37.48039627075195,36.83018154954791,37.48039627075195,22000,0.0,0.0
2022-11-30 00:00:00+08:00,37.4803990978211,39.19883346557617,37.4803990978211,39.19883346557617,241000,0.0,0.0
2022-12-01 00:00:00+08:00,40.26704459876209,40.26704459876209,38.59505723756936,39.10594177246094,277000,0.0,0.0
2022-12-02 00:00:00+08:00,39.10594123698713,39.15238818412688,38.73439046370114,39.05949783325195,64000,0.0,0.0
2022-12-05 00:00:00+08:00,39.05949917230775,39.245276337021934,38.73439179161146,39.15238952636719,46000,0.0,0.0
2022-12-06 00:00:00+08:00,39.198832124607804,39.24527552897892,38.92016815497645,39.10594177246094,127000,0.0,0.0
2022-12-07 00:00:00+08:00,39.198831380493,39.24527478398248,38.50216969793709,38.73439025878906,50000,0.0,0.0
2022-12-08 00:00:00+08:00,39.013052819261475,39.013052819261475,38.73438886494763,38.920166015625,28000,0.0,0.0
2022-12-09 00:00:00+08:00,39.01305717653664,39.01305717653664,38.734393191099485,38.96661376953125,21000,0.0,0.0
2022-12-12 00:00:00+08:00,38.96660941744324,38.96660941744324,38.45572491063379,38.920166015625,27000,0.0,0.0
2022-12-13 00:00:00+08:00,38.966612235354035,38.966612235354035,38.548614501953125,38.548614501953125,18000,0.0,0.0
2022-12-14 00:00:00+08:00,38.548612082873696,38.548612082873696,38.31639152815759,38.36283493041992,63000,0.0,0.0
2022-12-15 00:00:00+08:00,38.4092816183788,38.4092816183788,38.3163948059082,38.3163948059082,39000,0.0,0.0
2022-12-16 00:00:00+08:00,38.08417197972264,38.73439025878906,38.08417197972264,38.73439025878906,16000,0.0,0.0
2022-12-19 00:00:00+08:00,38.455725060761836,38.64149866876002,37.991283953957485,38.03772735595703,74000,0.0,0.0
2022-12-20 00:00:00+08:00,38.31639469095595,38.31639469095595,37.71261978149414,37.71261978149414,65000,0.0,0.0
2022-12-21 00:00:00+08:00,38.26994775995642,38.920166015625,38.084170609279056,38.920166015625,63000,0.0,0.0
2022-12-22 00:00:00+08:00,39.105943990547416,39.198834347963015,38.734393191099485,38.96661376953125,68000,0.0,0.0
2022-12-23 00:00:00+08:00,39.013052819261475,39.013052819261475,38.8272756685841,38.920166015625,23000,0.0,0.0
2022-12-26 00:00:00+08:00,38.78083226676587,38.920166015625,38.73438886494763,38.920166015625,74000,0.0,0.0
2022-12-27 00:00:00+08:00,38.96660941744324,38.96660941744324,38.73438886494763,38.920166015625,17000,0.0,0.0
2022-12-28 00:00:00+08:00,39.10594177246094,39.33816233772117,38.78083439845847,39.10594177246094,57000,0.0,0.0
2022-12-29 00:00:00+08:00,39.29171803937974,41.61392363914691,39.15238782943643,40.82437515258789,95000,0.0,0.0
2022-12-30 00:00:00+08:00,40.82437762983999,41.05659820390802,40.034825551965845,40.73148727416992,195000,0.0,0.0
2023-01-03 00:00:00+08:00,39.98838162188488,40.777933689413906,39.98838162188488,40.68504333496094,171000,0.0,0.0
2023-01-04 00:00:00+08:00,40.731489666854664,41.14948743341245,40.40638226142359,40.917266845703125,105000,0.0,0.0
2023-01-05 00:00:00+08:00,41.14948251919348,41.14948251919348,40.731484802554476,40.82437515258789,66000,0.0,0.0
2023-01-06 00:00:00+08:00,40.82437843512495,40.82437843512495,40.73148807762257,40.77793502807617,23000,0.0,0.0
2023-01-09 00:00:00+08:00,40.82437515258789,40.870818555902325,40.777931749273456,40.82437515258789,74000,0.0,0.0
2023-01-10 00:00:00+08:00,39.941936315995456,40.82437515258789,39.941936315995456,40.82437515258789,107000,0.0,0.0
2023-01-11 00:00:00+08:00,40.59215740190685,40.59215740190685,40.313493419329966,40.452823638916016,58000,0.0,0.0
2023-01-12 00:00:00+08:00,40.499263763427734,40.499263763427734,40.0812695951386,40.499263763427734,15000,0.0,0.0
2023-01-13 00:00:00+08:00,40.499266169459716,40.777933689413906,40.127715381861975,40.68504333496094,48000,0.0,0.0
2023-01-16 00:00:00+08:00,40.870820500462166,40.870820500462166,40.499266169459716,40.68504333496094,29000,0.0,0.0
2023-01-17 00:00:00+08:00,40.777934223707334,40.777934223707334,40.68504386803727,40.73148727416992,24000,0.0,0.0
2023-01-30 00:00:00+08:00,40.59215944027204,41.01015720682983,40.59215944027204,40.917266845703125,111000,0.0,0.0
2023-01-31 00:00:00+08:00,40.77793294586793,42.72858428955078,40.77793294586793,42.72858428955078,164000,0.0,0.0
2023-02-01 00:00:00+08:00,44.58634875131467,47.00144122464902,43.843243647473685,45.42234420776367,799000,0.0,0.0
2023-02-02 00:00:00+08:00,44.67923423923944,45.88678398360094,44.67923423923944,45.32945251464844,176000,0.0,0.0
2023-02-03 00:00:00+08:00,45.32945251464844,45.840337036968165,45.32945251464844,45.32945251464844,215000,0.0,0.0
2023-02-06 00:00:00+08:00,45.32945299098546,45.654563903808594,45.05078902528317,45.654563903808594,162000,0.0,0.0
2023-02-07 00:00:00+08:00,45.747451580891834,46.90855441289416,45.0972332862896,46.62989044189453,167000,0.0,0.0
2023-02-08 00:00:00+08:00,46.815667268614945,47.465882015158655,46.0725586267285,46.90855407714844,402000,0.0,0.0
2023-02-09 00:00:00+08:00,46.53699910176549,47.46588134765625,46.444112294538236,47.46588134765625,92000,0.0,0.0
2023-02-10 00:00:00+08:00,47.7445508352943,49.69520221516312,47.46588331525186,49.41653823852539,524000,0.0,0.0
2023-02-13 00:00:00+08:00,49.416538654694136,50.902748904881506,46.62989177803926,48.85920715332031,488000,0.0,0.0
2023-02-14 00:00:00+08:00,48.39476428032015,49.23075973084733,46.90855408316585,48.1161003112793,242000,0.0,0.0
2023-02-15 00:00:00+08:00,48.58054042194058,50.80985921432136,47.8374353389485,50.43830490112305,189000,0.0,0.0
2023-02-16 00:00:00+08:00,50.71697061771605,51.0885249437598,49.41653756337223,49.9738655090332,164000,0.0,0.0
2023-02-17 00:00:00+08:00,49.88097628621967,49.97386309153486,48.859203710730185,49.7880859375,150000,0.0,0.0
2023-02-20 00:00:00+08:00,49.78808662472828,50.624082057722205,49.509422661531815,50.43830490112305,154000,0.0,0.0
2023-02-21 00:00:00+08:00,50.43830696907265,51.0885252721261,49.60231504520794,50.902748107910156,116000,0.0,0.0
2023-02-22 00:00:00+08:00,50.90274839874,53.59650843675007,50.3454204463126,53.03917694091797,512000,0.0,0.0
2023-02-23 00:00:00+08:00,53.78228309580458,53.78228309580458,52.48184654286729,53.13206481933594,153000,0.0,0.0
2023-02-24 00:00:00+08:00,53.132065835470705,54.71116638183594,52.76051151512432,54.71116638183594,69000,0.0,0.0
2023-03-01 00:00:00+08:00,54.52538928377949,54.52538928377949,53.13206589600014,54.432498931884766,129000,0.0,0.0
2023-03-02 00:00:00+08:00,54.15383562562267,55.82582300273499,53.6893944906801,55.08271789550781,170000,0.0,0.0
2023-03-03 00:00:00+08:00,55.17560858785478,55.17560858785478,54.1538359586547,54.804054260253906,127000,0.0,0.0
2023-03-06 00:00:00+08:00,54.15383832978336,57.49781679439353,54.15383832978336,54.98983383178711,398000,0.0,0.0
2023-03-07 00:00:00+08:00,55.64004796820873,56.19737589860163,55.26849365234375,55.26849365234375,311000,0.0,0.0
2023-03-08 00:00:00+08:00,54.89693933647877,55.73293477547269,54.89693933647877,55.26849365234375,45000,0.0,0.0
2023-03-09 00:00:00+08:00,55.2684957186381,56.19737799962361,54.6182774132673,55.73293685913086,147000,0.0,0.0
2023-03-10 00:00:00+08:00,56.19737942414784,56.19737942414784,55.36138393270769,55.54716110229492,173000,0.0,0.0
2023-03-13 00:00:00+08:00,54.98983003218944,56.568930569417056,54.98983003218944,56.1973762512207,158000,0.0,0.0
2023-03-14 00:00:00+08:00,56.661818795804436,57.03337312330273,56.011600494384766,56.011600494384766,94000,0.0,0.0
2023-03-15 00:00:00+08:00,56.19737767365019,56.29026448384807,53.317844036659736,54.804054260253906,328000,0.0,0.0
2023-03-16 00:00:00+08:00,55.268495696828516,56.94048309326172,54.804054556519034,56.94048309326172,153000,0.0,0.0
2023-03-17 00:00:00+08:00,57.86936739269724,62.60666931516114,57.86936739269724,62.5137825012207,1815000,0.0,0.0
2023-03-20 00:00:00+08:00,62.420888310737055,62.97822336541207,60.65601759363153,61.58489990234375,716000,0.0,0.0
2023-03-21 00:00:00+08:00,61.30623237500624,61.86356034287165,59.2626905871584,61.58489990234375,377000,0.0,0.0
2023-03-22 00:00:00+08:00,61.58489783431677,65.02175942641797,60.65601555679651,61.12045669555664,612000,0.0,0.0
2023-03-23 00:00:00+08:00,61.120455753564876,61.120455753564876,60.37734710827775,60.47023391723633,143000,0.0,0.0
2023-03-24 00:00:00+08:00,60.93467465904324,62.60666555683901,60.563120338776486,62.235111236572266,181000,0.0,0.0
2023-03-27 00:00:00+08:00,62.42088377844908,63.44265991329055,61.584895430755644,62.1422233581543,165000,0.0,0.0
2023-03-28 00:00:00+08:00,61.77067010794113,62.6995523652034,61.49200259603876,62.235111236572266,130000,0.0,0.0
2023-03-29 00:00:00+08:00,62.23511298617026,62.23511298617026,61.30623070279458,61.77067184448242,76000,0.0,0.0
2023-03-30 00:00:00+08:00,62.23511497258973,62.60666931516114,61.95644744395875,62.5137825012207,85000,0.0,0.0
2023-03-31 00:00:00+08:00,62.60666763191628,62.79244125480246,62.1422264878914,62.699554443359375,126000,0.0,0.0
2023-04-06 00:00:00+08:00,62.42088248203019,63.628432205321914,62.32799567719442,63.25687789916992,128000,0.0,0.0
2023-04-07 00:00:00+08:00,63.999989288868484,63.999989288868484,62.88532632203971,63.16399383544922,52000,0.0,0.0
2023-04-10 00:00:00+08:00,63.535547814101285,63.535547814101285,61.77067010794113,62.235111236572266,70000,0.0,0.0
2023-04-11 00:00:00+08:00,62.235116114043414,62.42088974533158,61.492007415271225,62.3280029296875,84000,0.0,0.0
2023-04-12 00:00:00+08:00,62.32799979714594,62.32799979714594,61.49200432474595,61.77067184448242,63000,0.0,0.0
2023-04-13 00:00:00+08:00,61.77067260673971,61.77067260673971,60.93467712402344,60.93467712402344,81000,0.0,0.0
2023-04-14 00:00:00+08:00,60.93467395527903,65.02175725739116,60.748900340695855,63.07110595703125,250000,0.0,0.0
2023-04-17 00:00:00+08:00,62.235111635965396,64.18576297137261,62.235111635965396,62.88532638549805,32000,0.0,0.0
2023-04-18 00:00:00+08:00,62.792442022303725,62.97822273427011,61.86355972290039,61.86355972290039,51000,0.0,0.0
2023-04-19 00:00:00+08:00,61.86355896675269,62.97822196449808,61.58489853242343,62.699554443359375,20000,0.0,0.0
2023-04-20 00:00:00+08:00,62.699554443359375,62.699554443359375,61.49200463417089,62.699554443359375,58000,0.0,0.0
2023-04-21 00:00:00+08:00,62.2351084466338,63.1639906622552,62.14222164243344,62.60666275024414,113000,0.0,0.0
2023-04-24 00:00:00+08:00,62.513780820473194,62.88532806624555,62.42088692222066,62.699554443359375,20000,0.0,0.0
2023-04-25 00:00:00+08:00,63.16399558738426,63.256882398827344,61.02756349014601,62.699554443359375,101000,0.0,0.0
2023-04-26 00:00:00+08:00,62.606664478788026,62.606664478788026,61.3991147304167,62.1422233581543,44000,0.0,0.0
2023-04-27 00:00:00+08:00,62.142224428207875,62.235111236572266,62.04933761984349,62.235111236572266,29000,0.0,0.0
2023-04-28 00:00:00+08:00,62.42088485330103,62.88532598193217,62.235111236572266,62.235111236572266,40000,0.0,0.0
2023-05-02 00:00:00+08:00,62.513780820473194,62.699554443359375,62.32800011077757,62.699554443359375,15000,0.0,0.0
2023-05-03 00:00:00+08:00,61.86355620181319,63.07110595703125,61.4920018858377,63.07110595703125,52000,0.0,0.0
2023-05-04 00:00:00+08:00,62.978224812815604,62.978224812815604,62.32800292968749,62.3280029296875,10000,0.0,0.0
2023-05-05 00:00:00+08:00,61.95644577819578,62.699554443359375,61.3991178227278,62.699554443359375,43000,0.0,0.0
2023-05-08 00:00:00+08:00,62.6995523652034,62.6995523652034,62.235111236572266,62.235111236572266,14000,0.0,0.0
2023-05-09 00:00:00+08:00,62.32799697168415,62.32799697168415,62.1422233581543,62.1422233581543,6000,0.0,0.0
2023-05-10 00:00:00+08:00,62.14222610530481,62.14222610530481,61.5848981532681,62.049339294433594,27000,0.0,0.0
2023-05-11 00:00:00+08:00,62.14222902632927,62.14222902632927,61.39912033081055,61.39912033081055,23000,0.0,0.0
2023-05-12 00:00:00+08:00,60.748903798340194,62.23511406002363,60.56312308637381,61.86355972290039,44000,0.0,0.0
2023-05-15 00:00:00+08:00,61.677786097743535,62.04934043486678,61.49200538577715,61.86355972290039,13000,0.0,0.0
2023-05-16 00:00:00+08:00,62.049335955221046,62.42088317871094,61.58489483904966,62.42088317871094,31000,0.0,0.0
2023-05-17 00:00:00+08:00,62.792440868212736,62.792440868212736,61.95644539675297,62.049339294433594,41000,0.0,0.0
2023-05-18 00:00:00+08:00,62.42088768518048,63.16399635942697,61.77067291032196,61.86355972290039,16000,0.0,0.0
2023-05-19 00:00:00+08:00,61.86355865545811,61.86355865545811,61.67778503350674,61.77067184448242,14000,0.0,0.0
2023-05-22 00:00:00+08:00,61.86355885076464,67.71552008923011,61.86355885076464,67.52973937988281,300000,0.0,0.0
2023-05-23 00:00:00+08:00,69.4803985601041,69.4803985601041,65.6719754779017,66.972412109375,144000,0.0,0.0
2023-05-24 00:00:00+08:00,66.13641174676879,67.71551578521003,66.04352494140377,67.15818786621094,68000,0.0,0.0
2023-05-25 00:00:00+08:00,67.25107467157596,67.25107467157596,66.04352494140377,67.15818786621094,36000,0.0,0.0
2023-05-26 00:00:00+08:00,66.87952423095703,67.15819174997644,66.22930946899092,66.87952423095703,57000,0.0,0.0
2023-05-29 00:00:00+08:00,66.13641142721524,66.87952004016286,65.67197031582522,65.95063781738281,48000,0.0,0.0
2023-05-30 00:00:00+08:00,66.32219212385662,66.60085253860527,65.95063781738281,65.95063781738281,26000,0.0,0.0
2023-05-31 00:00:00+08:00,65.48619777043548,66.32219320188797,65.48619777043548,66.04352569580078,10000,0.0,0.0
2023-06-01 00:00:00+08:00,65.95064527989771,68.36573791503906,65.2075365828651,68.36573791503906,62000,0.0,0.0
2023-06-02 00:00:00+08:00,68.36573297525896,71.0594929488518,66.87952277538993,70.96660614013672,292000,0.0,0.0
2023-06-05 00:00:00+08:00,72.35993087782641,72.35993087782641,70.59505313216053,72.26704406738281,161000,0.0,0.0
2023-06-06 00:00:00+08:00,71.98837737416355,72.91725966286243,70.87372146244867,71.15238189697266,115000,0.0,0.0
2023-06-07 00:00:00+08:00,71.05949740947372,72.54570770263672,70.59505624993467,72.54570770263672,135000,0.0,0.0
2023-06-08 00:00:00+08:00,72.54570144852667,73.84613800048828,71.98837352248857,73.84613800048828,122000,0.0,0.0
2023-06-09 00:00:00+08:00,73.56747633702908,74.31058502197266,73.10303518064174,74.31058502197266,93000,0.0,0.0
2023-06-12 00:00:00+08:00,74.31057953529945,74.77502065739507,73.28881048405091,74.49635314941406,73000,0.0,0.0
2023-06-13 00:00:00+08:00,74.31058047997284,75.14657592773438,73.19592460749692,75.14657592773438,152000,0.0,0.0
2023-06-14 00:00:00+08:00,76.16834432215778,76.16834432215778,73.3816975786642,75.70390319824219,219000,0.0,0.0
2023-06-15 00:00:00+08:00,75.05368569430627,76.07545471191406,74.12480348069758,76.07545471191406,134000,0.0,0.0
2023-06-16 00:00:00+08:00,76.07546392203031,76.07546392203031,74.40347290039062,74.40347290039062,41000,0.0,0.0
2023-06-19 00:00:00+08:00,73.66036189946149,74.31057661007613,72.45281219482422,72.45281219482422,70000,0.0,0.0
2023-06-20 00:00:00+08:00,72.45281175254391,72.45281175254391,71.33815594492059,71.80259704589844,28000,0.0,0.0
2023-06-21 00:00:00+08:00,71.89549242612047,74.31058502197266,71.89549242612047,74.31058502197266,62000,0.0,0.0
2023-06-26 00:00:00+08:00,73.19592332955446,76.26123046875,72.9172558228962,76.26123046875,118000,0.0,0.0
2023-06-27 00:00:00+08:00,75.23945972801855,76.91145055669809,75.23945972801855,76.72566986083984,116000,0.0,0.0
2023-06-28 00:00:00+08:00,75.79679814757066,78.02611719919535,75.42524379116489,77.56167602539062,136000,0.0,0.0
2023-06-29 00:00:00+08:00,77.56167425428119,78.21188904803628,77.28300672163772,78.02611541748047,67000,0.0,0.0
2023-06-30 00:00:00+08:00,79.88387648638556,79.88387648638556,78.02611191693474,78.95499420166016,140000,0.0,0.0
2023-07-03 00:00:00+08:00,79.23365824974852,80.62698161578061,79.23365824974852,79.88387298583984,307000,0.0,0.0
2023-07-04 00:00:00+08:00,79.41943462897527,82.11319464778776,79.41943462897527,81.92741394042969,277000,0.0,0.0
2023-07-05 00:00:00+08:00,82.02030808893007,83.41363150774444,82.02030808893007,83.13496398925781,142000,0.0,0.0
2023-07-06 00:00:00+08:00,83.13496669773336,85.17850494384766,83.13496669773336,85.17850494384766,87000,0.0,0.0
2023-07-07 00:00:00+08:00,85.17850446769096,86.9433822631836,85.17850446769096,86.9433822631836,77000,0.0,0.0
2023-07-10 00:00:00+08:00,88.24381148787421,88.24381148787421,87.12915565117201,88.15092468261719,90000,0.0,0.0
2023-07-11 00:00:00+08:00,91.05054744152203,91.62620801743789,88.26817945135377,91.53026580810547,72000,3.022206,0.0
2023-07-12 00:00:00+08:00,92.20186637638508,94.69640035865433,86.3493039087746,92.48970031738281,239000,0.0,0.0
2023-07-13 00:00:00+08:00,94.88829001640468,94.88829001640468,86.34930201939174,87.3087387084961,269000,0.0,0.0
2023-07-14 00:00:00+08:00,87.3087379150643,87.59657184714828,83.47099119352302,85.58174896240234,158000,0.0,0.0
2023-07-17 00:00:00+08:00,85.5817543274316,86.82902501809097,83.95071479649681,85.67770385742188,76000,0.0,0.0
2023-07-18 00:00:00+08:00,85.10203340348075,85.77364349365234,83.95071227735973,85.77364349365234,82000,0.0,0.0
2023-07-19 00:00:00+08:00,84.23854805910693,85.86958757672991,83.95071411132812,83.95071411132812,64000,0.0,0.0
2023-07-20 00:00:00+08:00,83.56693362666154,85.86958312988281,83.47099142234418,85.86958312988281,94000,0.0,0.0
2023-07-21 00:00:00+08:00,83.56693875763138,86.25336456298828,83.56693875763138,86.25336456298828,30000,0.0,0.0
2023-07-24 00:00:00+08:00,86.25336373379453,86.34930594308035,83.95071411132812,83.95071411132812,62000,0.0,0.0
2023-07-25 00:00:00+08:00,83.95071411132812,84.43043247767856,83.95071411132812,83.95071411132812,22000,0.0,0.0
2023-07-26 00:00:00+08:00,83.9507116223553,83.9507116223553,82.9912749180998,83.75882720947266,57000,0.0,0.0
2023-07-27 00:00:00+08:00,84.04665125270436,85.29392185797519,83.85476684570312,83.85476684570312,49000,0.0,0.0
2023-07-28 00:00:00+08:00,83.56693539589453,86.15741888683313,83.56693539589453,84.0466537475586,17000,0.0,0.0
2023-07-31 00:00:00+08:00,83.47099318954595,84.2385454801769,83.47099318954595,84.0466537475586,19000,0.0,0.0
2023-08-01 00:00:00+08:00,83.95071411132812,83.95071411132812,81.55212227957588,83.95071411132812,122000,0.0,0.0
2023-08-02 00:00:00+08:00,84.2385495146763,84.33449172561991,79.53730797922427,80.68862915039062,265000,0.0,0.0
2023-08-04 00:00:00+08:00,80.78456720466558,84.81420573625081,80.78456720466558,82.89533233642578,189000,0.0,0.0
2023-08-07 00:00:00+08:00,82.9912777207443,84.814208984375,82.9912777207443,84.814208984375,63000,0.0,0.0
2023-08-08 00:00:00+08:00,84.4304277136814,85.00608825683594,82.99127269583455,85.00608825683594,113000,0.0,0.0
2023-08-09 00:00:00+08:00,85.86958929959778,89.13167572021484,84.43043417167155,89.13167572021484,114000,0.0,0.0
2023-08-10 00:00:00+08:00,90.85865153021379,90.85865153021379,86.34930201939174,87.3087387084961,91000,0.0,0.0
2023-08-11 00:00:00+08:00,88.46006227082412,90.1870512872723,86.54118883918002,86.63713836669922,81000,0.0,0.0
2023-08-14 00:00:00+08:00,86.541191067963,86.541191067963,83.2791120060934,85.67770385742188,46000,0.0,0.0
2023-08-15 00:00:00+08:00,87.2128018879796,90.09111213299595,86.82902572465979,88.26818084716797,135000,0.0,0.0
2023-08-16 00:00:00+08:00,88.26817876486786,89.80327606201172,86.34930531345768,89.80327606201172,77000,0.0,0.0
2023-08-17 00:00:00+08:00,88.74789518353678,91.05054473876953,88.74789518353678,91.05054473876953,59000,0.0,0.0
2023-08-18 00:00:00+08:00,90.66677115503074,90.95460510253906,89.03573163894053,90.95460510253906,45000,0.0,0.0
2023-08-21 00:00:00+08:00,90.9546042495877,90.9546042495877,88.6519546508789,88.6519546508789,26000,0.0,0.0
2023-08-22 00:00:00+08:00,88.65195734423943,89.13167572021484,87.88440501471018,89.13167572021484,24000,0.0,0.0
2023-08-23 00:00:00+08:00,89.61139114786639,89.61139114786639,88.26817827534428,88.36412048339844,21000,0.0,0.0
2023-08-24 00:00:00+08:00,88.26817836160836,88.46006277790421,88.0762939453125,88.0762939453125,19000,0.0,0.0
2023-08-25 00:00:00+08:00,87.3087387084961,87.8843992579745,86.34930201939174,87.3087387084961,63000,0.0,0.0
2023-08-28 00:00:00+08:00,87.50062806089537,87.50062806089537,86.3493068969052,86.82902526855469,16000,0.0,0.0
2023-08-29 00:00:00+08:00,86.82902526855469,86.82902526855469,86.44524910725082,86.82902526855469,6000,0.0,0.0
2023-08-30 00:00:00+08:00,86.44524910725082,86.82902526855469,86.2533646865596,86.82902526855469,9000,0.0,0.0
2023-08-31 00:00:00+08:00,86.63713814118462,86.9249647632293,86.34930419921875,86.34930419921875,8000,0.0,0.0
2023-09-01 00:00:00+08:00,86.82901957487165,86.82901957487165,85.58174896240234,85.58174896240234,28000,0.0,0.0
2023-09-04 00:00:00+08:00,85.58174943004967,86.44524391109908,85.58174943004967,86.15741729736328,4000,0.0,0.0
2023-09-05 00:00:00+08:00,86.44524399307711,87.69251461354473,86.34930178840753,87.02090454101562,49000,0.0,0.0
2023-09-06 00:00:00+08:00,87.30874376363985,88.07629608733274,86.54119143994696,87.4046859741211,21000,0.0,0.0
2023-09-07 00:00:00+08:00,87.4046859741211,87.4046859741211,86.82902539131216,87.4046859741211,12000,0.0,0.0
2023-09-08 00:00:00+08:00,87.40468384843446,88.0762939453125,86.82902327962562,88.0762939453125,10000,0.0,0.0
2023-09-11 00:00:00+08:00,89.70733019129004,89.70733019129004,86.82902013167646,87.02090454101562,22000,0.0,0.0
2023-09-12 00:00:00+08:00,87.21279907226562,88.26817799738049,87.21279907226562,87.21279907226562,16000,0.0,0.0
2023-09-13 00:00:00+08:00,87.30873847494539,87.78845681821431,87.02090454101562,87.02090454101562,8000,0.0,0.0
2023-09-14 00:00:00+08:00,87.21280164661921,87.21280164661921,87.11685943603516,87.11685943603516,14000,0.0,0.0
2023-09-15 00:00:00+08:00,86.92496241243681,86.92496241243681,86.73307800292969,86.73307800292969,18000,0.0,0.0
2023-09-18 00:00:00+08:00,87.50062272473224,87.50062272473224,86.44524383544922,86.44524383544922,2000,0.0,0.0
2023-09-19 00:00:00+08:00,88.74789334292554,90.09110616561347,86.44524383544922,86.44524383544922,17000,0.0,0.0
2023-09-20 00:00:00+08:00,87.78845963869908,87.78845963869908,86.63713850583217,87.21279907226562,16000,0.0,0.0
2023-09-21 00:00:00+08:00,87.98034405420314,87.98034405420314,86.5411889781589,87.21279907226562,24000,0.0,0.0
2023-09-22 00:00:00+08:00,86.34930701898446,87.4046859741211,86.25336480850322,87.4046859741211,38000,0.0,0.0
2023-09-25 00:00:00+08:00,86.54119131759643,87.78846201185362,86.54119131759643,86.82902526855469,13000,0.0,0.0
2023-09-26 00:00:00+08:00,86.34930677319643,86.34930677319643,85.86958840223424,86.25336456298828,16000,0.0,0.0
2023-09-27 00:00:00+08:00,86.25335965924083,86.73307800292969,86.25335965924083,86.73307800292969,25000,0.0,0.0
2023-09-28 00:00:00+08:00,86.25335950194187,89.6113879016399,86.06146777286368,86.15741729736328,46000,0.0,0.0
2023-10-02 00:00:00+08:00,86.82902305894862,87.78845977783203,86.82902305894862,87.78845977783203,29000,0.0,0.0
2023-10-03 00:00:00+08:00,87.50062365564644,88.74789428710938,87.50062365564644,88.74789428710938,35000,0.0,0.0
2023-10-04 00:00:00+08:00,87.78845977783203,87.78845977783203,87.40468362629441,87.78845977783203,26000,0.0,0.0
2023-10-05 00:00:00+08:00,87.78845720896587,88.36411775946668,87.78845720896587,87.8843994140625,22000,0.0,0.0
2023-10-06 00:00:00+08:00,87.30874155496011,88.36412048339844,86.92496540282218,88.36412048339844,43000,0.0,0.0
2023-10-11 00:00:00+08:00,88.36412006322617,88.93978062873515,86.54118883918002,86.63713836669922,27000,0.0,0.0
2023-10-12 00:00:00+08:00,86.6371406311012,87.11685900155045,86.06147273062498,86.54119110107422,23000,0.0,0.0
2023-10-13 00:00:00+08:00,85.58174896240234,85.58174896240234,85.58174896240234,85.58174896240234,11000,0.0,0.0
2023-10-16 00:00:00+08:00,84.9101515370282,86.25336443775643,84.52637537683135,85.67770385742188,19000,0.0,0.0
2023-10-17 00:00:00+08:00,85.67770398181793,86.25336456298828,85.19798561085572,86.25336456298828,16000,0.0,0.0
2023-10-18 00:00:00+08:00,85.10203053457215,85.19798005844865,82.99127276786648,84.71826171875,87000,0.0,0.0
2023-10-19 00:00:00+08:00,84.71826226892126,86.15741729736328,84.71826226892126,86.15741729736328,12000,0.0,0.0
2023-10-20 00:00:00+08:00,85.38986502089247,86.15741729736328,85.10203108723567,86.15741729736328,13000,0.0,0.0
2023-10-23 00:00:00+08:00,83.66288038174957,84.2385482788086,80.59268575706791,84.2385482788086,89000,0.0,0.0
2023-10-24 00:00:00+08:00,82.7034388360789,84.91014612666108,82.60749663212336,84.71826171875,34000,0.0,0.0
2023-10-25 00:00:00+08:00,85.19798561085572,86.25336456298828,83.27911212700691,86.25336456298828,29000,0.0,0.0
2023-10-26 00:00:00+08:00,84.62231274442166,86.15741729736328,84.14259440160767,86.15741729736328,19000,0.0,0.0
2023-10-27 00:00:00+08:00,86.06147294594695,86.82902526855469,84.81420957161119,86.82902526855469,21000,0.0,0.0
2023-10-30 00:00:00+08:00,84.91015156951538,86.54119110107422,84.91015156951538,86.54119110107422,16000,0.0,0.0
2023-10-31 00:00:00+08:00,85.58175190059053,86.34930419921875,84.91014912923177,86.34930419921875,27000,0.0,0.0
2023-11-01 00:00:00+08:00,85.48581224148019,86.25336456298828,85.38987003127204,86.25336456298828,10000,0.0,0.0
2023-11-02 00:00:00+08:00,86.63714084786348,86.82902526855469,86.44524910725082,86.82902526855469,17000,0.0,0.0
2023-11-03 00:00:00+08:00,86.82902036394391,87.3087387084961,86.82902036394391,87.3087387084961,12000,0.0,0.0
2023-11-06 00:00:00+08:00,86.73307800292969,86.82902020768326,86.63713579817612,86.73307800292969,20000,0.0,0.0
2023-11-07 00:00:00+08:00,86.34930405671285,86.92496461977338,85.77364349365234,85.77364349365234,14000,0.0,0.0
2023-11-08 00:00:00+08:00,86.63714072374233,86.73308293395048,86.25336456298828,86.25336456298828,3000,0.0,0.0
2023-11-09 00:00:00+08:00,86.34930419921875,86.34930419921875,85.86958584255642,86.34930419921875,9000,0.0,0.0
2023-11-10 00:00:00+08:00,85.86958598239362,86.92496490478516,85.19798320994114,86.92496490478516,13000,0.0,0.0
2023-11-13 00:00:00+08:00,85.29392274167155,86.54118603994385,84.81420439927736,86.44524383544922,49000,0.0,0.0
2023-11-14 00:00:00+08:00,86.44524475513529,88.74789428710938,85.9655264076374,88.74789428710938,63000,0.0,0.0
2023-11-15 00:00:00+08:00,87.78846291934742,89.70733642578125,87.0209105888053,89.70733642578125,78000,0.0,0.0
2023-11-16 00:00:00+08:00,89.70732959031353,91.43431854248047,89.70732959031353,91.43431854248047,125000,0.0,0.0
2023-11-17 00:00:00+08:00,92.58564439400163,92.68158660296452,90.6667709350586,90.6667709350586,40000,0.0,0.0
2023-11-20 00:00:00+08:00,91.43431909227466,92.87347412109375,90.95460074933496,92.87347412109375,44000,0.0,0.0
2023-11-21 00:00:00+08:00,93.16130104804843,94.02479553222656,92.4896982936438,94.02479553222656,45000,0.0,0.0
2023-11-22 00:00:00+08:00,93.54508015762008,95.84772974856114,93.54508015762008,95.65583801269531,78000,0.0,0.0
2023-11-23 00:00:00+08:00,95.94367195653342,95.94367195653342,94.6004590851577,95.65583801269531,20000,0.0,0.0
2023-11-24 00:00:00+08:00,95.84772997197986,95.94367218017578,94.3126326810813,95.94367218017578,19000,0.0,0.0
2023-11-27 00:00:00+08:00,95.94367181747039,95.94367181747039,94.1207405889542,95.0801773071289,20000,0.0,0.0
2023-11-28 00:00:00+08:00,95.0801798813292,95.36801383254293,94.31263487796167,94.98423767089844,20000,0.0,0.0
2023-11-29 00:00:00+08:00,95.08017716763852,95.08017716763852,94.02479824317894,94.5045166015625,26000,0.0,0.0
2023-11-30 00:00:00+08:00,94.50451908299468,94.69640350341797,93.83291629159172,94.69640350341797,40000,0.0,0.0
2023-12-01 00:00:00+08:00,94.12073879577173,96.90310668945312,93.83291217775573,96.90310668945312,39000,0.0,0.0
2023-12-04 00:00:00+08:00,97.38282824025572,98.82198333740234,95.84773093395023,98.82198333740234,83000,0.0,0.0
2023-12-05 00:00:00+08:00,96.42339054107666,98.34226398468017,95.94367218017578,95.94367218017578,50000,0.0,0.0
2023-12-06 00:00:00+08:00,95.75178557754687,96.90310668945312,94.98423328966197,96.90310668945312,23000,0.0,0.0
2023-12-07 00:00:00+08:00,95.94367314310908,98.82198333740234,95.94367314310908,98.82198333740234,19000,0.0,0.0
2023-12-08 00:00:00+08:00,95.94366784189262,97.86254119873047,95.94366784189262,97.86254119873047,27000,0.0,0.0
2023-12-11 00:00:00+08:00,95.94367330918932,107.45691410629205,95.94367330918932,106.9771957397461,621000,0.0,0.0
2023-12-12 00:00:00+08:00,107.93663379757903,111.29466240461483,98.82198472133902,103.13945007324219,838000,0.0,0.0
2023-12-13 00:00:00+08:00,103.139449263041,109.37578805569,103.139449263041,108.41635131835938,560000,0.0,0.0
2023-12-14 00:00:00+08:00,109.85550699001405,118.49043767045184,106.97719676320145,118.0107192993164,1389000,0.0,0.0
2023-12-15 00:00:00+08:00,118.97014944893972,119.4498677934919,111.2946559361049,114.17296600341797,1619000,0.0,0.0
2023-12-18 00:00:00+08:00,112.25409545898437,113.21353217230903,107.93663024902344,107.93663024902344,285000,0.0,0.0
2023-12-19 00:00:00+08:00,107.45691260221962,107.93663096205096,101.22057392441224,102.65972900390625,290000,0.0,0.0
2023-12-20 00:00:00+08:00,102.65972733171019,105.05831909179688,100.74085392364084,105.05831909179688,138000,0.0,0.0
2023-12-21 00:00:00+08:00,101.70029495594113,107.93663379757903,101.70029495594113,103.13945007324219,182000,0.0,0.0
2023-12-22 00:00:00+08:00,104.09888132301295,104.09888132301295,102.18000793457031,102.18000793457031,75000,0.0,0.0
2023-12-25 00:00:00+08:00,102.18000962184026,105.05831975203294,99.78141784667969,99.78141784667969,91000,0.0,0.0
2023-12-26 00:00:00+08:00,100.74085123398726,100.74085123398726,97.38282285952101,97.86254119873047,120000,0.0,0.0
2023-12-27 00:00:00+08:00,98.3422632804979,101.22057342529297,98.3422632804979,101.22057342529297,55000,0.0,0.0
2023-12-28 00:00:00+08:00,102.18001064407491,105.05832080306293,101.70029228424357,102.65972900390625,147000,0.0,0.0
2023-12-29 00:00:00+08:00,102.18001377910649,104.57860565185547,101.7002954045567,104.57860565185547,104000,0.0,0.0
2024-01-02 00:00:00+08:00,106.0177569999514,106.97719371488309,101.22057342529297,101.22057342529297,63000,0.0,0.0
2024-01-03 00:00:00+08:00,101.70029178275881,101.70029178275881,100.26113671036128,101.22057342529297,53000,0.0,0.0
2024-01-04 00:00:00+08:00,100.26113938385586,101.7002944946289,98.34226590282513,101.7002944946289,48000,0.0,0.0
2024-01-05 00:00:00+08:00,101.70029353169562,102.18001189741116,98.82198333740234,98.82198333740234,75000,0.0,0.0
2024-01-08 00:00:00+08:00,98.82198333740234,99.3017017031179,97.38282824025572,98.82198333740234,73000,0.0,0.0
2024-01-09 00:00:00+08:00,98.82198333740234,98.82198333740234,97.38282824025572,98.82198333740234,47000,0.0,0.0
2024-01-10 00:00:00+08:00,97.86254391553926,98.3422622680664,97.3828255630121,98.3422622680664,30000,0.0,0.0
2024-01-11 00:00:00+08:00,97.86254119873047,98.8219778771494,96.90310452031154,97.86254119873047,45000,0.0,0.0
2024-01-12 00:00:00+08:00,96.90310452031154,97.86254119873047,96.42338618110209,97.86254119873047,49000,0.0,0.0
2024-01-15 00:00:00+08:00,97.86254391553926,99.30169897312072,97.86254391553926,98.3422622680664,26003,0.0,0.0
2024-01-16 00:00:00+08:00,98.3422622680664,98.82198062059356,97.3828255630121,98.3422622680664,33000,0.0,0.0
2024-01-17 00:00:00+08:00,98.34225953793994,98.34225953793994,97.38282285952101,97.86254119873047,36000,0.0,0.0
2024-01-18 00:00:00+08:00,97.86254119873047,98.8219778771494,97.38282285952101,97.86254119873047,30000,0.0,0.0
2024-01-19 00:00:00+08:00,97.86254119873047,99.30169621635886,97.86254119873047,97.86254119873047,23000,0.0,0.0
2024-01-22 00:00:00+08:00,97.86254391553926,98.3422622680664,96.90310721048495,98.3422622680664,43000,0.0,0.0
2024-01-23 00:00:00+08:00,99.3017017031179,102.65973026312672,98.82198333740234,98.82198333740234,69000,0.0,0.0
2024-01-24 00:00:00+08:00,98.82198062059356,98.82198062059356,97.86254391553926,98.3422622680664,30000,0.0,0.0
2024-01-25 00:00:00+08:00,99.78142006883344,100.26113843454898,95.94367314310908,98.82198333740234,67000,0.0,0.0
2024-01-26 00:00:00+08:00,98.82197843542421,99.78141511926329,97.86254175158516,99.30169677734375,23000,0.0,0.0
2024-01-29 00:00:00+08:00,97.86254175158516,99.30169677734375,97.86254175158516,99.30169677734375,10000,0.0,0.0
2024-01-30 00:00:00+08:00,99.30170121216422,99.30170121216422,97.38282775878906,97.38282775878906,47000,0.0,0.0
2024-01-31 00:00:00+08:00,98.34226063319615,100.74085235595703,96.90310559953961,100.74085235595703,76000,0.0,0.0
2024-02-01 00:00:00+08:00,100.74085728403485,100.74085728403485,97.38282870790034,100.26113891601562,42000,0.0,0.0
2024-02-02 00:00:00+08:00,98.82198333740234,99.78142006883344,98.3422649716868,98.82198333740234,18000,0.0,0.0
2024-02-05 00:00:00+08:00,100.26113983864008,103.13945007324219,98.34226634890534,103.13945007324219,106000,0.0,0.0
2024-02-15 00:00:00+08:00,105.53804240095505,105.53804240095505,100.7408586554571,104.57860565185547,106000,0.0,0.0
2024-02-16 00:00:00+08:00,103.61916670365767,105.53804016113281,103.61916670365767,105.53804016113281,68000,0.0,0.0
2024-02-19 00:00:00+08:00,105.53803691157589,105.53803691157589,103.6191635131836,103.6191635131836,37000,0.0,0.0
2024-02-20 00:00:00+08:00,104.57860519054324,104.57860519054324,102.18001332837481,103.13945007324219,45000,0.0,0.0
2024-02-21 00:00:00+08:00,103.61916572356893,104.57860244323159,102.18001064407491,102.65972900390625,31000,0.0,0.0
2024-02-22 00:00:00+08:00,102.18001064407491,102.65972900390625,101.22057392441224,102.65972900390625,40000,0.0,0.0
2024-02-23 00:00:00+08:00,103.61916297590228,103.61916297590228,101.70028958745965,102.18000793457031,40000,0.0,0.0
2024-02-26 00:00:00+08:00,101.7002944946289,101.7002944946289,100.74085775411355,101.7002944946289,19000,0.0,0.0
2024-02-27 00:00:00+08:00,101.220571240349,102.18000793457031,99.78141619901702,102.18000793457031,45000,0.0,0.0
2024-02-29 00:00:00+08:00,102.18001286488659,102.18001286488659,100.26113938385586,101.7002944946289,37000,0.0,0.0
2024-03-01 00:00:00+08:00,100.74085455674393,100.74085455674393,99.78141784667969,99.78141784667969,30000,0.0,0.0
2024-03-04 00:00:00+08:00,100.2611362017118,100.2611362017118,98.34226278158336,99.78141784667969,73000,0.0,0.0
2024-03-05 00:00:00+08:00,99.30169949164758,99.78141784667969,99.30169949164758,99.78141784667969,21000,0.0,0.0
2024-03-06 00:00:00+08:00,99.3017017031179,99.78142006883344,98.82198333740234,98.82198333740234,23000,0.0,0.0
2024-03-07 00:00:00+08:00,99.78141511926329,99.78141511926329,97.86254175158516,99.30169677734375,39000,0.0,0.0
2024-03-08 00:00:00+08:00,97.86254442655124,99.78141784667969,96.90310771648701,99.78141784667969,81000,0.0,0.0
2024-03-11 00:00:00+08:00,97.86254228864397,102.18000738961355,97.86254228864397,100.74085235595703,74000,0.0,0.0
2024-03-12 00:00:00+08:00,100.74085728403485,100.74085728403485,99.78142054799642,100.26113891601562,17000,0.0,0.0
2024-03-13 00:00:00+08:00,99.3017017031179,100.26113843454898,97.86254660597126,98.82198333740234,41000,0.0,0.0
2024-03-14 00:00:00+08:00,98.82198062059356,98.82198062059356,97.86254391553926,98.3422622680664,25000,0.0,0.0
2024-03-15 00:00:00+08:00,97.86254391553926,98.3422622680664,97.3828255630121,98.3422622680664,31000,0.0,0.0
2024-03-18 00:00:00+08:00,98.3422622680664,98.3422622680664,98.3422622680664,98.3422622680664,0,0.0,0.0
2024-03-19 00:00:00+08:00,98.34225953793994,98.34225953793994,97.86254119873047,97.86254119873047,13000,0.0,0.0
2024-03-20 00:00:00+08:00,97.86254391553926,98.3422622680664,97.86254391553926,98.3422622680664,21000,0.0,0.0
2024-03-21 00:00:00+08:00,98.34225953793994,98.34225953793994,97.38282285952101,97.86254119873047,32000,0.0,0.0
2024-03-22 00:00:00+08:00,97.86254707591957,100.26113891601562,97.38282870790034,100.26113891601562,22000,0.0,0.0
2024-03-25 00:00:00+08:00,100.26113891601562,100.26113891601562,100.26113891601562,100.26113891601562,0,0.0,0.0
2024-03-26 00:00:00+08:00,98.34226009350469,99.30169677734375,97.38282340966562,99.30169677734375,21000,0.0,0.0
2024-03-27 00:00:00+08:00,99.78142006883344,99.78142006883344,97.86254660597126,98.82198333740234,31000,0.0,0.0
2024-03-28 00:00:00+08:00,98.3422649716868,98.82198333740234,97.86254660597126,98.82198333740234,21000,0.0,0.0
2024-03-29 00:00:00+08:00,97.86254119873047,98.34225953793994,97.86254119873047,97.86254119873047,17000,0.0,0.0
2024-04-01 00:00:00+08:00,98.82198333740234,98.82198333740234,98.3422649716868,98.82198333740234,11000,0.0,0.0
2024-04-02 00:00:00+08:00,98.82198100047069,106.49747467041016,98.34226264609947,106.49747467041016,190000,0.0,0.0
2024-04-03 00:00:00+08:00,105.0583196072965,106.49747467041016,102.65972783544042,106.49747467041016,132000,0.0,0.0
2024-04-08 00:00:00+08:00,106.49747467041016,106.49747467041016,104.57860125292528,106.49747467041016,46000,0.0,0.0
2024-04-09 00:00:00+08:00,105.05832179676403,105.53804016113281,103.61916670365767,105.53804016113281,39000,0.0,0.0
2024-04-10 00:00:00+08:00,103.61916622038811,104.09888458251953,102.65972949612525,104.09888458251953,43000,0.0,0.0
2024-04-11 00:00:00+08:00,102.18000897969284,105.05831909179688,102.18000897969284,105.05831909179688,14000,0.0,0.0
2024-04-12 00:00:00+08:00,105.0583169169016,106.01775360107422,103.13944354855637,106.01775360107422,21000,0.0,0.0
2024-04-15 00:00:00+08:00,104.57860073977953,105.05831909179688,103.61916403574486,105.05831909179688,35000,0.0,0.0
2024-04-16 00:00:00+08:00,101.7002944946289,101.7002944946289,99.30170264334049,101.7002944946289,53000,0.0,0.0
2024-04-17 00:00:00+08:00,101.7002901147913,103.6191635131836,100.26113506599708,103.6191635131836,35000,0.0,0.0
2024-04-18 00:00:00+08:00,103.61916670365767,105.53804016113281,102.18001161055132,105.53804016113281,56000,0.0,0.0
2024-04-19 00:00:00+08:00,103.13944516358552,103.6191635131836,100.26113506599708,103.6191635131836,54000,0.0,0.0
2024-04-22 00:00:00+08:00,103.61916890275587,104.57860565185547,102.18001377910649,104.57860565185547,46000,0.0,0.0
2024-04-23 00:00:00+08:00,104.57860021237974,105.05831856197781,103.6191635131836,103.6191635131836,47000,0.0,0.0
2024-04-24 00:00:00+08:00,103.61916622038811,105.05832130678239,103.61916622038811,104.09888458251953,22000,0.0,0.0
2024-04-25 00:00:00+08:00,103.13944736373759,103.13944736373759,102.65972900390625,102.65972900390625,18000,0.0,0.0
2024-04-26 00:00:00+08:00,102.65972628168097,102.65972628168097,102.18000793457031,102.18000793457031,24000,0.0,0.0
2024-04-29 00:00:00+08:00,102.18001286488659,102.18001286488659,100.74085775411355,101.7002944946289,68000,0.0,0.0
2024-04-30 00:00:00+08:00,102.18001286488659,102.65973123514428,100.74085775411355,101.7002944946289,27000,0.0,0.0
2024-05-02 00:00:00+08:00,102.18001286488659,102.65973123514428,100.74085775411355,101.7002944946289,18000,0.0,0.0
2024-05-03 00:00:00+08:00,101.70028904506138,101.70028904506138,100.74085235595703,100.74085235595703,37000,0.0,0.0
2024-05-06 00:00:00+08:00,100.7408555645809,102.65972900390625,98.3422637654242,102.65972900390625,63000,0.0,0.0
2024-05-07 00:00:00+08:00,102.65972681398745,103.6191635131836,102.18000846438937,103.6191635131836,15000,0.0,0.0
2024-05-08 00:00:00+08:00,102.65972900390625,102.65972900390625,101.22057392441224,102.65972900390625,21000,0.0,0.0
2024-05-09 00:00:00+08:00,101.70029402007327,101.70029402007327,100.26113891601562,100.26113891601562,43000,0.0,0.0
2024-05-10 00:00:00+08:00,101.2205707005092,101.2205707005092,100.26113401140485,100.74085235595703,10000,0.0,0.0
2024-05-13 00:00:00+08:00,101.70029126680815,101.70029126680815,99.30169949164758,99.78141784667969,22000,0.0,0.0
2024-05-14 00:00:00+08:00,99.78142006883344,99.78142006883344,98.82198333740234,98.82198333740234,10000,0.0,0.0
2024-05-15 00:00:00+08:00,98.82198333740234,98.82198333740234,97.38282824025572,98.82198333740234,43000,0.0,0.0
2024-05-16 00:00:00+08:00,97.86254660597126,98.82198333740234,97.86254660597126,98.82198333740234,16000,0.0,0.0
2024-05-17 00:00:00+08:00,97.86254119873047,98.34225953793994,97.86254119873047,97.86254119873047,15000,0.0,0.0
2024-05-20 00:00:00+08:00,97.38282775878906,97.38282775878906,97.38282775878906,97.38282775878906,16000,0.0,0.0
2024-05-21 00:00:00+08:00,97.38282775878906,97.38282775878906,97.38282775878906,97.38282775878906,3000,0.0,0.0
2024-05-22 00:00:00+08:00,96.90310668945312,97.38282503940091,96.90310668945312,96.90310668945312,25000,0.0,0.0
2024-05-23 00:00:00+08:00,96.90310668945312,97.38282503940091,96.90310668945312,96.90310668945312,19000,0.0,0.0
2024-05-24 00:00:00+08:00,96.42338725498745,100.74085235595703,96.42338725498745,100.74085235595703,29000,0.0,0.0
2024-05-27 00:00:00+08:00,100.74085180310236,100.74085180310236,98.82197843542421,99.30169677734375,18000,0.0,0.0
2024-05-28 00:00:00+08:00,98.82197843542421,100.26113346118282,98.34226009350469,99.30169677734375,17000,0.0,0.0
2024-05-29 00:00:00+08:00,98.8219778771494,98.8219778771494,97.86254119873047,97.86254119873047,24000,0.0,0.0
2024-05-30 00:00:00+08:00,97.8625456237793,97.8625456237793,95.94367218017578,95.94367218017578,63000,0.0,0.0
2024-05-31 00:00:00+08:00,95.94367218017578,96.90310890197753,95.94367218017578,95.94367218017578,19000,0.0,0.0
2024-06-03 00:00:00+08:00,96.42338833950534,96.90310668945312,95.94366998955755,96.90310668945312,21000,0.0,0.0
2024-06-04 00:00:00+08:00,97.3828255630121,98.3422622680664,97.3828255630121,98.3422622680664,6000,0.0,0.0
2024-06-05 00:00:00+08:00,97.86254707591957,100.26113891601562,97.86254707591957,100.26113891601562,11000,0.0,0.0
2024-06-06 00:00:00+08:00,99.3017017031179,99.3017017031179,97.86254660597126,98.82198333740234,22000,0.0,0.0
2024-06-07 00:00:00+08:00,98.3422649716868,98.82198333740234,97.86254660597126,98.82198333740234,18000,0.0,0.0
2024-06-11 00:00:00+08:00,97.3828239440918,97.3828239440918,94.02479553222656,94.02479553222656,109000,0.0,0.0
2024-06-12 00:00:00+08:00,94.02479773452602,94.02479773452602,91.24242980696907,93.06536102294922,91000,0.0,0.0
2024-06-13 00:00:00+08:00,93.06536397005567,94.69640350341797,92.68158780928765,94.69640350341797,37000,0.0,0.0
2024-06-14 00:00:00+08:00,94.5045192988232,94.98423767089844,94.21668534760947,94.98423767089844,17000,0.0,0.0
2024-06-17 00:00:00+08:00,94.9842378865118,95.2720718383789,93.83291671888631,95.2720718383789,34000,0.0,0.0
2024-06-18 00:00:00+08:00,95.17611987476586,95.94367218017578,94.98423545837402,95.94367218017578,18000,0.0,0.0
2024-06-19 00:00:00+08:00,95.94366968973134,95.94366968973134,95.17611740424505,95.75178527832031,17000,0.0,0.0
2024-06-20 00:00:00+08:00,95.17611987476586,95.94367218017578,94.02479873657227,95.94367218017578,39000,0.0,0.0
2024-06-21 00:00:00+08:00,94.40857453237511,95.0801773071289,94.1207405889542,95.0801773071289,31000,0.0,0.0
2024-06-24 00:00:00+08:00,93.83291135397081,94.31262969970703,93.83291135397081,94.31262969970703,9000,0.0,0.0
2024-06-25 00:00:00+08:00,93.73696430018029,95.2720689029447,93.73696430018029,94.5045166015625,14000,0.0,0.0
2024-06-26 00:00:00+08:00,95.94366968973134,95.94366968973134,94.50451464438537,95.75178527832031,12000,0.0,0.0
2024-06-27 00:00:00+08:00,94.50451441625854,95.65583552178768,94.50451441625854,95.46395111083984,5000,0.0,0.0
2024-06-28 00:00:00+08:00,94.50451282426424,97.86254119873047,94.02479448505477,97.86254119873047,58000,0.0,0.0
2024-07-01 00:00:00+08:00,97.86254119873047,97.86254119873047,95.65583391039857,97.86254119873047,49000,0.0,0.0
2024-07-02 00:00:00+08:00,97.8625433893487,98.34226173929649,96.42338833950534,96.90310668945312,35000,0.0,0.0
2024-07-03 00:00:00+08:00,97.38282775878906,97.38282775878906,96.42339103210148,97.38282775878906,55000,0.0,0.0
2024-07-04 00:00:00+08:00,97.38282775878906,97.38282775878906,96.42339103210148,97.38282775878906,38000,0.0,0.0
2024-07-05 00:00:00+08:00,97.38282916230976,101.7002944946289,96.90311079205208,101.7002944946289,107000,0.0,0.0
2024-07-08 00:00:00+08:00,102.0,102.5,100.5,102.5,54000,4.299707,0.0
2024-07-09 00:00:00+08:00,101.5,101.5,97.80000305175781,101.5,108000,0.0,0.0
2024-07-10 00:00:00+08:00,101.0,101.0,99.80000305175781,101.0,20000,0.0,0.0
2024-07-11 00:00:00+08:00,100.0,101.0,98.80000305175781,101.0,68000,0.0,0.0
2024-07-12 00:00:00+08:00,99.0999984741211,100.5,99.0,99.19999694824219,32000,0.0,0.0
2024-07-15 00:00:00+08:00,98.4000015258789,99.9000015258789,98.0,99.9000015258789,49000,0.0,0.0
2024-07-16 00:00:00+08:00,98.5999984741211,99.9000015258789,98.5999984741211,99.9000015258789,39000,0.0,0.0
2024-07-17 00:00:00+08:00,100.0,100.0,99.0999984741211,99.80000305175781,22000,0.0,0.0
2024-07-18 00:00:00+08:00,98.69999694824219,99.80000305175781,98.69999694824219,99.5999984741211,28000,0.0,0.0
2024-07-19 00:00:00+08:00,99.0,99.0,98.0,99.0,59000,0.0,0.0
2024-07-22 00:00:00+08:00,98.5,99.4000015258789,97.5,99.0999984741211,41000,0.0,0.0
2024-07-23 00:00:00+08:00,98.30000305175781,99.5,98.30000305175781,99.5,23000,0.0,0.0
2024-07-26 00:00:00+08:00,97.4000015258789,99.4000015258789,97.30000305175781,98.5,32000,0.0,0.0
2024-07-29 00:00:00+08:00,97.9000015258789,98.0,92.5,92.5,23000,0.0,0.0
2024-07-30 00:00:00+08:00,93.0999984741211,98.5,93.0999984741211,97.4000015258789,93000,0.0,0.0
2024-07-31 00:00:00+08:00,96.30000305175781,98.19999694824219,96.19999694824219,98.19999694824219,30000,0.0,0.0
2024-08-01 00:00:00+08:00,98.19999694824219,98.30000305175781,97.5999984741211,97.80000305175781,69000,0.0,0.0
2024-08-02 00:00:00+08:00,96.0,97.0,96.0,96.5,65000,0.0,0.0
2024-08-05 00:00:00+08:00,93.80000305175781,93.80000305175781,89.0,92.9000015258789,48000,0.0,0.0
2024-08-06 00:00:00+08:00,92.9000015258789,92.9000015258789,88.0999984741211,92.5,77000,0.0,0.0
2024-08-07 00:00:00+08:00,92.5,95.0,91.80000305175781,94.80000305175781,24000,0.0,0.0
2024-08-08 00:00:00+08:00,94.80000305175781,94.80000305175781,94.80000305175781,94.80000305175781,2000,0.0,0.0
2024-08-09 00:00:00+08:00,93.5,95.5,93.5,94.30000305175781,40000,0.0,0.0
2024-08-12 00:00:00+08:00,94.30000305175781,94.80000305175781,93.5,93.5,21000,0.0,0.0
2024-08-13 00:00:00+08:00,92.80000305175781,93.9000015258789,92.5,93.0,30000,0.0,0.0
2024-08-14 00:00:00+08:00,92.0999984741211,92.30000305175781,88.69999694824219,90.0,152000,0.0,0.0
2024-08-15 00:00:00+08:00,90.0999984741211,90.4000015258789,89.9000015258789,89.9000015258789,29000,0.0,0.0
2024-08-16 00:00:00+08:00,89.5,89.9000015258789,89.19999694824219,89.9000015258789,29000,0.0,0.0
2024-08-19 00:00:00+08:00,89.19999694824219,89.5,87.0,87.0,91000,0.0,0.0
2024-08-20 00:00:00+08:00,86.9000015258789,86.9000015258789,81.0,81.0,149000,0.0,0.0
2024-08-21 00:00:00+08:00,81.0,84.9000015258789,80.0,84.5,147000,0.0,0.0
2024-08-22 00:00:00+08:00,86.5,90.69999694824219,86.5,87.0,129000,0.0,0.0
2024-08-23 00:00:00+08:00,84.0999984741211,88.5,84.0,88.5,14000,0.0,0.0
2024-08-26 00:00:00+08:00,89.0,89.0,84.0,84.0999984741211,49000,0.0,0.0
2024-08-27 00:00:00+08:00,84.0,84.4000015258789,81.5,82.0,57000,0.0,0.0
2024-08-28 00:00:00+08:00,82.0,83.0999984741211,82.0,82.5999984741211,11000,0.0,0.0
2024-08-29 00:00:00+08:00,82.80000305175781,84.69999694824219,82.80000305175781,84.69999694824219,8000,0.0,0.0
2024-08-30 00:00:00+08:00,83.0,85.80000305175781,82.5,85.5,5000,0.0,0.0
2024-09-02 00:00:00+08:00,85.0,86.30000305175781,84.5999984741211,86.30000305175781,5000,0.0,0.0
2024-09-03 00:00:00+08:00,86.30000305175781,87.0,86.0999984741211,87.0,10000,0.0,0.0
2024-09-04 00:00:00+08:00,85.0,86.69999694824219,85.0,86.69999694824219,22000,0.0,0.0
2024-09-05 00:00:00+08:00,86.9000015258789,87.0,85.5999984741211,86.69999694824219,7000,0.0,0.0
2024-09-06 00:00:00+08:00,86.5999984741211,86.69999694824219,86.5999984741211,86.69999694824219,5000,0.0,0.0
2024-09-09 00:00:00+08:00,86.0,87.80000305175781,85.5,87.80000305175781,8000,0.0,0.0
2024-09-10 00:00:00+08:00,88.5,88.5,85.30000305175781,85.30000305175781,23000,0.0,0.0
2024-09-11 00:00:00+08:00,85.9000015258789,87.9000015258789,85.0,87.9000015258789,50000,0.0,0.0
2024-09-12 00:00:00+08:00,88.0,89.5,87.19999694824219,87.19999694824219,49000,0.0,0.0
2024-09-13 00:00:00+08:00,86.5,93.0,86.5,93.0,22000,0.0,0.0
2024-09-16 00:00:00+08:00,91.9000015258789,91.9000015258789,87.0999984741211,87.0999984741211,49000,0.0,0.0
2024-09-18 00:00:00+08:00,87.19999694824219,87.19999694824219,87.19999694824219,87.19999694824219,1000,0.0,0.0
2024-09-19 00:00:00+08:00,87.19999694824219,88.19999694824219,87.19999694824219,88.19999694824219,3000,0.0,0.0
2024-09-20 00:00:00+08:00,87.0,87.5,86.5,87.5,21000,0.0,0.0
2024-09-23 00:00:00+08:00,88.0999984741211,88.0999984741211,88.0999984741211,88.0999984741211,2000,0.0,0.0
2024-09-24 00:00:00+08:00,88.30000305175781,88.30000305175781,85.5,87.5999984741211,6000,0.0,0.0
2024-09-25 00:00:00+08:00,87.0,87.5999984741211,87.0,87.19999694824219,13000,0.0,0.0
2024-09-26 00:00:00+08:00,87.5,87.5,87.19999694824219,87.19999694824219,7000,0.0,0.0
2024-09-27 00:00:00+08:00,86.5,87.19999694824219,85.0,86.5,49000,0.0,0.0
2024-09-30 00:00:00+08:00,86.5,86.5,86.5,86.5,1000,0.0,0.0
2024-10-01 00:00:00+08:00,86.5,86.5,84.5,86.0,17000,0.0,0.0
2024-10-04 00:00:00+08:00,85.0,85.80000305175781,84.80000305175781,85.80000305175781,13000,0.0,0.0
2024-10-07 00:00:00+08:00,85.5,87.0,85.0,86.19999694824219,50000,0.0,0.0
2024-10-08 00:00:00+08:00,85.5,85.5,83.0,84.30000305175781,79000,0.0,0.0
2024-10-09 00:00:00+08:00,85.30000305175781,85.4000015258789,85.30000305175781,85.4000015258789,4000,0.0,0.0
2024-10-11 00:00:00+08:00,85.4000015258789,85.4000015258789,84.0,84.9000015258789,9000,0.0,0.0
2024-10-14 00:00:00+08:00,84.0,85.4000015258789,83.5,85.4000015258789,19000,0.0,0.0
2024-10-15 00:00:00+08:00,84.4000015258789,84.9000015258789,83.69999694824219,84.69999694824219,20000,0.0,0.0
2024-10-16 00:00:00+08:00,83.0999984741211,84.4000015258789,83.0999984741211,84.4000015258789,13000,0.0,0.0
2024-10-17 00:00:00+08:00,83.0999984741211,83.0999984741211,82.0999984741211,82.5,25000,0.0,0.0
2024-10-18 00:00:00+08:00,82.5,83.4000015258789,82.5,83.4000015258789,9000,0.0,0.0
2024-10-21 00:00:00+08:00,82.0999984741211,83.4000015258789,82.0999984741211,83.30000305175781,19000,0.0,0.0
2024-10-22 00:00:00+08:00,83.19999694824219,83.19999694824219,83.0999984741211,83.0999984741211,3000,0.0,0.0
2024-10-23 00:00:00+08:00,82.0,82.9000015258789,81.5999984741211,82.80000305175781,42000,0.0,0.0
2024-10-24 00:00:00+08:00,82.0999984741211,82.5999984741211,82.0999984741211,82.5999984741211,4000,0.0,0.0
2024-10-25 00:00:00+08:00,82.0,83.80000305175781,81.80000305175781,83.80000305175781,19000,0.0,0.0
2024-10-28 00:00:00+08:00,82.19999694824219,84.0,82.19999694824219,84.0,11000,0.0,0.0
2024-10-29 00:00:00+08:00,84.0,84.0,84.0,84.0,3000,0.0,0.0
2024-10-30 00:00:00+08:00,84.0,84.0,84.0,84.0,2000,0.0,0.0
2024-11-01 00:00:00+08:00,81.5999984741211,83.9000015258789,81.5999984741211,83.9000015258789,18000,0.0,0.0
2024-11-04 00:00:00+08:00,85.0,85.0,83.0999984741211,83.9000015258789,12000,0.0,0.0
2024-11-05 00:00:00+08:00,83.9000015258789,84.0,83.9000015258789,84.0,6000,0.0,0.0
2024-11-06 00:00:00+08:00,83.19999694824219,83.19999694824219,83.0999984741211,83.19999694824219,7000,0.0,0.0
2024-11-07 00:00:00+08:00,82.5,85.4000015258789,82.5,85.4000015258789,12000,0.0,0.0
2024-11-08 00:00:00+08:00,85.0,86.0,83.9000015258789,86.0,26000,0.0,0.0
2024-11-11 00:00:00+08:00,84.30000305175781,85.9000015258789,84.0999984741211,85.9000015258789,19000,0.0,0.0
2024-11-12 00:00:00+08:00,85.80000305175781,85.80000305175781,85.0,85.69999694824219,21000,0.0,0.0
2024-11-13 00:00:00+08:00,85.69999694824219,87.4000015258789,85.30000305175781,87.4000015258789,17000,0.0,0.0
2024-11-14 00:00:00+08:00,88.5,90.0,86.80000305175781,87.5999984741211,17000,0.0,0.0
2024-11-15 00:00:00+08:00,89.80000305175781,92.0,86.30000305175781,86.30000305175781,53000,0.0,0.0
2024-11-18 00:00:00+08:00,86.30000305175781,88.0,85.5999984741211,87.80000305175781,24000,0.0,0.0
2024-11-19 00:00:00+08:00,87.80000305175781,87.80000305175781,85.4000015258789,85.4000015258789,29000,0.0,0.0
2024-11-20 00:00:00+08:00,86.0,86.0,85.4000015258789,85.4000015258789,9000,0.0,0.0
2024-11-21 00:00:00+08:00,85.4000015258789,86.5,85.4000015258789,86.0999984741211,4000,0.0,0.0
2024-11-22 00:00:00+08:00,85.5,85.80000305175781,85.0999984741211,85.80000305175781,4000,0.0,0.0
2024-11-25 00:00:00+08:00,85.19999694824219,87.5,83.5,86.0,72000,0.0,0.0
2024-11-26 00:00:00+08:00,85.0,87.0,85.0,87.0,114000,0.0,0.0
2024-11-27 00:00:00+08:00,85.5999984741211,86.9000015258789,85.0,86.9000015258789,30000,0.0,0.0
2024-11-28 00:00:00+08:00,85.30000305175781,86.30000305175781,83.0999984741211,83.0999984741211,37000,0.0,0.0
2024-11-29 00:00:00+08:00,83.80000305175781,84.5999984741211,83.0999984741211,83.0999984741211,48000,0.0,0.0
2024-12-02 00:00:00+08:00,83.0999984741211,84.19999694824219,82.69999694824219,83.0999984741211,19000,0.0,0.0
2024-12-03 00:00:00+08:00,82.5999984741211,83.9000015258789,82.5999984741211,83.5,18000,0.0,0.0
2024-12-04 00:00:00+08:00,84.5999984741211,85.5999984741211,84.5999984741211,85.5,7000,0.0,0.0
2024-12-05 00:00:00+08:00,85.5,87.0,85.5,87.0,17000,0.0,0.0
2024-12-06 00:00:00+08:00,86.0,88.5,86.0,88.5,18000,0.0,0.0
2024-12-09 00:00:00+08:00,88.19999694824219,90.0,88.0,90.0,31000,0.0,0.0
2024-12-10 00:00:00+08:00,90.0,90.0,87.5,90.0,20000,0.0,0.0
2024-12-11 00:00:00+08:00,90.0,90.9000015258789,90.0,90.9000015258789,13000,0.0,0.0
2024-12-12 00:00:00+08:00,90.9000015258789,90.9000015258789,88.5999984741211,90.80000305175781,31000,0.0,0.0
2024-12-13 00:00:00+08:00,89.30000305175781,91.5,89.19999694824219,91.5,23000,0.0,0.0
2024-12-16 00:00:00+08:00,89.4000015258789,91.30000305175781,89.4000015258789,91.30000305175781,20000,0.0,0.0
2024-12-17 00:00:00+08:00,91.19999694824219,91.9000015258789,91.19999694824219,91.9000015258789,10000,0.0,0.0
2024-12-18 00:00:00+08:00,91.80000305175781,92.5,91.80000305175781,92.5,12000,0.0,0.0
2024-12-19 00:00:00+08:00,91.0,92.5,90.5,92.5,19000,0.0,0.0
2024-12-20 00:00:00+08:00,91.19999694824219,92.0,91.19999694824219,92.0,23000,0.0,0.0
2024-12-23 00:00:00+08:00,92.0,92.5,91.80000305175781,92.5,13000,0.0,0.0
2024-12-24 00:00:00+08:00,92.4000015258789,93.0,92.4000015258789,93.0,10000,0.0,0.0
2024-12-25 00:00:00+08:00,93.0,94.5,93.0,94.5,15000,0.0,0.0
2024-12-26 00:00:00+08:00,94.5,94.9000015258789,93.9000015258789,94.9000015258789,16000,0.0,0.0
2024-12-27 00:00:00+08:00,94.0999984741211,94.9000015258789,94.0999984741211,94.9000015258789,9000,0.0,0.0
2024-12-30 00:00:00+08:00,95.0,95.0,94.80000305175781,95.0,8000,0.0,0.0
2024-12-31 00:00:00+08:00,95.0,95.30000305175781,92.0,95.30000305175781,27000,0.0,0.0
2025-01-02 00:00:00+08:00,96.0,96.5,93.0,96.0999984741211,33000,0.0,0.0
2025-01-03 00:00:00+08:00,95.80000305175781,96.5,93.0999984741211,96.30000305175781,48000,0.0,0.0
2025-01-06 00:00:00+08:00,96.30000305175781,96.30000305175781,94.5,96.19999694824219,19000,0.0,0.0
2025-01-07 00:00:00+08:00,95.5,96.80000305175781,95.30000305175781,96.19999694824219,17000,0.0,0.0
2025-01-08 00:00:00+08:00,96.0999984741211,96.4000015258789,96.0999984741211,96.4000015258789,5000,0.0,0.0
2025-01-09 00:00:00+08:00,95.4000015258789,96.4000015258789,95.4000015258789,96.4000015258789,12000,0.0,0.0
2025-01-10 00:00:00+08:00,94.5999984741211,96.0,94.4000015258789,96.0,33000,0.0,0.0
