Date,Open,High,Low,Close,Volume,Dividends,Stock Splits
2011-01-11 00:00:00+08:00,110.95136001181574,115.86692867589575,102.524673692038,112.35580444335938,1207,0.0,0.0
2011-01-12 00:00:00+08:00,111.65357867469649,117.27136937578649,107.4402389372982,109.54690551757812,554,0.0,0.0
2011-01-13 00:00:00+08:00,112.35580452730744,112.35580452730744,108.49357576083808,110.24913787841797,245,0.0,0.0
2011-01-14 00:00:00+08:00,111.65357869063652,111.65357869063652,106.73801675910983,107.44023895263672,211,0.0,0.0
2011-01-17 00:00:00+08:00,105.33357238769531,105.33357238769531,98.31133685925117,105.33357238769531,482,0.0,0.0
2011-01-18 00:00:00+08:00,101.82245759659548,105.33357546333897,101.47134646760504,102.17356872558594,177,0.0,0.0
2011-01-19 00:00:00+08:00,102.52467946671163,105.68468619250994,102.52467946671163,103.92913055419922,281,0.0,0.0
2011-01-20 00:00:00+08:00,105.33356919210082,105.33356919210082,100.76911163330078,100.76911163330078,164,0.0,0.0
2011-01-21 00:00:00+08:00,101.4713460837252,107.44024840765968,101.4713460837252,103.92913055419922,379,0.0,0.0
2011-01-24 00:00:00+08:00,103.92912791274202,108.14246791444074,103.22689909842653,105.33357238769531,669,0.0,0.0
2011-01-25 00:00:00+08:00,106.03578585848,106.3868969481896,103.22689056396484,103.22689056396484,135,0.0,0.0
2011-01-26 00:00:00+08:00,103.22689693903017,104.28023685004923,102.87578582763672,102.87578582763672,90,0.0,0.0
2011-01-27 00:00:00+08:00,102.87578973404086,103.9291296850574,101.82245635986328,101.82245635986328,115,0.0,0.0
2011-01-28 00:00:00+08:00,101.12022527071356,103.22689183490877,101.12022527071356,101.4713363647461,77,0.0,0.0
2011-02-08 00:00:00+08:00,103.2268939400223,103.2268939400223,94.4490966796875,94.4490966796875,208,0.0,0.0
2011-02-09 00:00:00+08:00,92.34244398776994,92.69355514187224,88.12909698486328,88.12909698486328,255,0.0,0.0
2011-02-10 00:00:00+08:00,89.53353348295941,94.09798431396484,89.53353348295941,94.09798431396484,865,0.0,0.0
2011-02-11 00:00:00+08:00,93.39578303755235,98.31135264274138,92.69356068733674,95.50245666503906,842,0.0,0.0
2011-02-14 00:00:00+08:00,97.60910185554711,98.31133062533432,93.39576212101608,94.09798431396484,304,0.0,0.0
2011-02-15 00:00:00+08:00,94.80020627885058,96.55576833383755,93.04465080070204,95.85354614257812,233,0.0,0.0
2011-02-16 00:00:00+08:00,94.80020584761277,102.5246696468437,94.80020584761277,101.4713363647461,473,0.0,0.0
2011-02-17 00:00:00+08:00,101.82245219645675,106.7380208953046,101.82245219645675,104.63134765625,570,0.0,0.0
2011-02-18 00:00:00+08:00,105.33356728627881,109.19579598218738,103.57800520077208,106.0357894897461,524,0.0,0.0
2011-02-21 00:00:00+08:00,105.33357506484779,108.14247066298397,102.87579059437377,103.92913055419922,289,0.0,0.0
2011-02-22 00:00:00+08:00,104.28024080978327,104.28024080978327,99.71578303466916,101.82245635986328,459,0.0,0.0
2011-02-23 00:00:00+08:00,102.17356995808278,103.57801449098606,99.71578544866293,102.5246810913086,271,0.0,0.0
2011-02-24 00:00:00+08:00,102.52467946671163,104.6313528095235,101.12023495606306,103.92913055419922,284,0.0,0.0
2011-02-25 00:00:00+08:00,104.63135015021867,106.73802343948745,102.52467686094988,105.33357238769531,314,0.0,0.0
2011-03-01 00:00:00+08:00,106.7380182700519,106.7380182700519,104.63134508281154,106.0357894897461,305,0.0,0.0
2011-03-02 00:00:00+08:00,106.03579462517196,106.03579462517196,102.17356574221157,105.33357238769531,217,0.0,0.0
2011-03-03 00:00:00+08:00,105.33356987698863,105.33356987698863,102.52467441719538,104.63134765625,217,0.0,0.0
2011-03-04 00:00:00+08:00,103.9291309473772,105.33357546333897,101.82245759659548,102.17356872558594,293,0.0,0.0
2011-03-07 00:00:00+08:00,102.17356136286192,103.5780057776181,100.41799926757812,100.41799926757812,198,0.0,0.0
2011-03-08 00:00:00+08:00,102.87578973404086,102.87578973404086,100.76911640884674,101.82245635986328,173,0.0,0.0
2011-03-09 00:00:00+08:00,104.63134765625,104.98245876661932,102.17356330682607,104.63134765625,545,0.0,0.0
2011-03-10 00:00:00+08:00,103.9291296850574,103.9291296850574,100.41800528412088,101.82245635986328,225,0.0,0.0
2011-03-11 00:00:00+08:00,99.01356870224346,101.1202421958851,97.96023524384239,100.06690216064453,250,0.0,0.0
2011-03-14 00:00:00+08:00,98.31134446925901,99.3646779070096,95.85355987100164,97.60911560058594,249,0.0,0.0
2011-03-15 00:00:00+08:00,97.96021952885992,97.96021952885992,90.93797786885695,94.09798431396484,239,0.0,0.0
2011-03-16 00:00:00+08:00,92.34242883159291,94.80020650691361,90.23575567590818,94.09798431396484,182,0.0,0.0
2011-03-17 00:00:00+08:00,91.28908874571509,97.9602192931948,90.93797765008537,95.85354614257812,189,0.0,0.0
2011-03-18 00:00:00+08:00,94.8002109262954,101.12023068797534,94.8002109262954,99.01355743408203,254,0.0,0.0
2011-03-21 00:00:00+08:00,100.41800188545174,100.41800188545174,97.60910640587358,99.01355743408203,92,0.0,0.0
2011-03-22 00:00:00+08:00,99.3646779070096,99.71578905292645,96.90689330875222,97.60911560058594,157,0.0,0.0
2011-03-23 00:00:00+08:00,96.90688294960177,98.66244506835938,96.20466073283418,98.66244506835938,255,0.0,0.0
2011-03-24 00:00:00+08:00,99.36467392061405,104.28024291992188,98.66245165695267,104.28024291992188,433,0.0,0.0
2011-03-25 00:00:00+08:00,104.28023040993196,104.63134149964158,102.52466838454563,103.22689056396484,396,0.0,0.0
2011-03-28 00:00:00+08:00,102.5246810913086,103.22690335776024,100.76911884834038,102.5246810913086,177,0.0,0.0
2011-03-29 00:00:00+08:00,102.17356995808278,102.87579222453442,101.12023655840532,102.5246810913086,159,0.0,0.0
2011-03-30 00:00:00+08:00,101.82245882485697,102.87579222453442,101.47134769163114,102.5246810913086,100,0.0,0.0
2011-03-31 00:00:00+08:00,103.22690085876673,103.22690085876673,100.41800528412088,101.82245635986328,163,0.0,0.0
2011-04-01 00:00:00+08:00,102.52467441719538,104.98245876661932,102.17356330682607,104.63134765625,950,0.0,0.0
2011-04-06 00:00:00+08:00,102.52467471624325,103.57800805042362,101.82245249345635,102.87578582763672,510,0.0,0.0
2011-04-07 00:00:00+08:00,103.57801449098606,103.929132201051,102.17356995808278,102.5246810913086,259,0.0,0.0
2011-04-08 00:00:00+08:00,103.22689943918468,103.92912825581827,101.82245495959523,103.57801055908203,283,0.0,0.0
2011-04-11 00:00:00+08:00,103.92912573865578,103.92912573865578,101.82245249345635,102.87578582763672,200,0.0,0.0
2011-04-12 00:00:00+08:00,102.17356748458914,102.87578973404086,99.71578303466916,101.82245635986328,265,0.0,0.0
2011-04-13 00:00:00+08:00,99.71577453613281,101.47133658697874,99.36466344133132,99.71577453613281,218,0.0,0.0
2011-04-14 00:00:00+08:00,100.06688816388908,101.12022805179478,99.71577706020004,100.41799926757812,193,0.0,0.0
2011-04-15 00:00:00+08:00,99.71577306371732,101.12022399902344,97.60909994917729,101.12022399902344,398,0.0,0.0
2011-04-18 00:00:00+08:00,99.71578485659558,100.41800711887774,97.96022920089017,98.31134033203125,152,0.0,0.0
2011-04-19 00:00:00+08:00,98.3113287052495,101.12022399902344,96.55576668032643,101.12022399902344,298,0.0,0.0
2011-04-20 00:00:00+08:00,101.82244745877863,102.17355855281116,99.71577431774503,101.4713363647461,301,0.0,0.0
2011-04-21 00:00:00+08:00,101.1202421958851,101.82246450148581,99.71579100784417,100.06690216064453,146,0.0,0.0
2011-04-22 00:00:00+08:00,101.47134523513742,102.524678609315,100.41800528412088,101.82245635986328,281,0.0,0.0
2011-04-25 00:00:00+08:00,101.82245025917287,102.17356136286192,100.41799926757812,100.41799926757812,163,0.0,0.0
2011-04-26 00:00:00+08:00,102.87578299730481,106.7380182700519,101.12022748863662,106.0357894897461,923,0.0,0.0
2011-04-27 00:00:00+08:00,106.73801675910983,107.44023895263672,104.63134360169072,107.44023895263672,568,0.0,0.0
2011-04-28 00:00:00+08:00,102.87577928143081,107.44023659277694,102.87577928143081,104.98245239257812,331,0.0,0.0
2011-04-29 00:00:00+08:00,104.982461268957,105.68468350643363,102.52467686094988,105.33357238769531,456,0.0,0.0
2011-05-03 00:00:00+08:00,105.33357631541394,105.68468744724463,102.52468068392933,104.28024291992188,179,0.0,0.0
2011-05-04 00:00:00+08:00,103.57800975293758,110.24914070958283,103.57800975293758,109.19580078125,673,0.0,0.0
2011-05-05 00:00:00+08:00,109.5469055332174,109.89802320681929,107.44023895263672,107.44023895263672,626,0.0,0.0
2011-05-06 00:00:00+08:00,108.14247376942592,108.84469604492188,107.44025149392998,108.84469604492188,278,0.0,0.0
2011-05-09 00:00:00+08:00,108.84469479452757,115.86693719933398,108.84469479452757,114.11138153076172,500,0.0,0.0
2011-05-10 00:00:00+08:00,114.4624987498502,115.866943359375,113.05804098664645,115.866943359375,516,0.0,0.0
2011-05-11 00:00:00+08:00,123.9425048828125,123.9425048828125,123.9425048828125,123.9425048828125,612,0.0,0.0
2011-05-12 00:00:00+08:00,127.80472897642137,132.3691864013672,126.40028458526172,132.3691864013672,1561,0.0,0.0
2011-05-13 00:00:00+08:00,132.36916483831263,136.93360836602963,129.20915231929533,132.72027587890625,758,0.0,0.0
2011-05-16 00:00:00+08:00,132.72029940133595,141.84920122838824,129.91139742508184,140.79586791992188,969792,0.0,0.0
2011-05-17 00:00:00+08:00,140.44475300413026,143.25365490412477,136.93362891755632,137.6358642578125,655530,0.0,0.0
2011-05-18 00:00:00+08:00,136.93361414868073,145.3603057861328,136.93361414868073,145.3603057861328,548730,0.0,0.0
2011-05-19 00:00:00+08:00,148.8714340491826,155.1914601059012,148.8714340491826,153.78700256347656,715682,0.0,0.0
2011-05-20 00:00:00+08:00,152.38255821177205,153.7870026008612,143.25365652901567,149.57366943359375,1005392,0.0,0.0
2011-05-23 00:00:00+08:00,153.08476649687307,159.75588989257812,150.62698903928333,159.75588989257812,881406,0.0,0.0
2011-05-24 00:00:00+08:00,161.16038214995848,170.64039611816406,160.8092710086797,170.64039611816406,932964,0.0,0.0
2011-05-25 00:00:00+08:00,176.9603950885202,182.57818603515625,172.04482636600395,182.57818603515625,894909,0.0,0.0
2011-05-26 00:00:00+08:00,184.68488366998736,195.21823120117188,184.68488366998736,195.21823120117188,1354026,0.0,0.0
2011-05-27 00:00:00+08:00,195.21820581872214,202.94267633190776,186.08930405815323,192.40931701660156,1187074,0.0,0.0
2011-05-30 00:00:00+08:00,192.40931701660156,199.7826632758451,192.40931701660156,192.40931701660156,680082,0.0,0.0
2011-05-31 00:00:00+08:00,193.81375435937335,196.62265621287665,179.0670623779297,179.0670623779297,1317198,0.0,0.0
2011-06-01 00:00:00+08:00,179.06708046640537,189.60042730845922,175.55595608326885,185.7382049560547,972247,0.0,0.0
2011-06-02 00:00:00+08:00,182.5781779582602,191.00487058227287,182.5781779582602,183.98263549804688,531544,0.0,0.0
2011-06-03 00:00:00+08:00,186.79153253355267,188.19597698179234,175.5559506402805,182.57818603515625,615020,0.0,0.0
2011-06-07 00:00:00+08:00,181.8759694499723,188.89820506256748,181.8759694499723,185.7382049560547,531544,0.0,0.0
2011-06-08 00:00:00+08:00,185.38709105986348,193.11154880279855,185.38709105986348,189.2493133544922,556095,0.0,0.0
2011-06-09 00:00:00+08:00,193.11155784461923,194.867113515285,185.3870997400115,189.60043334960938,698495,0.0,0.0
2011-06-10 00:00:00+08:00,189.60042080133954,192.40932284218232,176.60928339084487,186.0893096923828,1194440,0.0,0.0
2011-06-13 00:00:00+08:00,182.22708685067292,185.38710021972656,177.66262894145243,185.38710021972656,451751,0.0,0.0
2011-06-14 00:00:00+08:00,185.38707120059982,188.19595984125073,179.4181696855404,180.12039184570312,495944,0.0,0.0
2011-06-15 00:00:00+08:00,180.12040792229308,182.22707459081113,169.23593716092833,172.3959503173828,551185,0.0,0.0
2011-06-16 00:00:00+08:00,166.42704496581234,168.182600488061,160.4581298828125,160.4581298828125,673944,0.0,0.0
2011-06-17 00:00:00+08:00,159.40478120954793,164.3203493518674,154.48921306722846,163.96923828125,662895,0.0,0.0
2011-06-20 00:00:00+08:00,163.61816003454894,163.61816003454894,152.7336883544922,152.7336883544922,552413,0.0,0.0
2011-06-21 00:00:00+08:00,152.73369374077802,157.2981518891389,143.95590175117235,155.89370727539062,633433,0.0,0.0
2011-06-22 00:00:00+08:00,155.89372152557198,157.64927745323195,151.6803741455078,151.6803741455078,363365,0.0,0.0
2011-06-23 00:00:00+08:00,144.6581262977849,157.29815432458255,144.6581262977849,156.59593200683594,605199,0.0,0.0
2011-06-24 00:00:00+08:00,156.59590449464895,157.2981266890228,152.38255817472884,153.78700256347656,288482,0.0,0.0
2011-06-27 00:00:00+08:00,153.78699927840998,164.3203582763672,152.3825549196628,164.3203582763672,472620,0.0,0.0
2011-06-28 00:00:00+08:00,167.8315192867863,169.93818628883753,161.51150512695312,161.51150512695312,545047,0.0,0.0
2011-06-29 00:00:00+08:00,166.42707461875216,166.42707461875216,160.10704730523946,161.51150512695312,308123,0.0,0.0
2011-06-30 00:00:00+08:00,161.51149627961115,164.320385461813,160.8092739840607,161.16038513183594,223420,0.0,0.0
2011-07-01 00:00:00+08:00,161.51147955601806,172.3959503173828,161.51147955601806,172.3959503173828,460344,0.0,0.0
2011-07-04 00:00:00+08:00,179.418171223108,180.1203933892886,173.44926965689663,174.8537139892578,570827,0.0,0.0
2011-07-05 00:00:00+08:00,174.85373958186918,177.66262865771688,172.3959616405024,173.4492950439453,470165,0.0,0.0
2011-07-06 00:00:00+08:00,173.44929612858363,182.57819883585316,173.44929612858363,181.8759765625,481213,0.0,0.0
2011-07-07 00:00:00+08:00,182.57818603515625,186.08931030943285,177.66261731264,182.57818603515625,410013,0.0,0.0
2011-07-08 00:00:00+08:00,183.98263547023706,191.70709274635038,183.98263547023706,188.1959686279297,513130,0.0,0.0
2011-07-11 00:00:00+08:00,185.38708221927988,185.38708221927988,175.204833984375,175.204833984375,880178,0.0,0.0
2011-07-12 00:00:00+08:00,168.53372600753352,177.66262865771688,168.53372600753352,173.4492950439453,301985,0.0,0.0
2011-07-13 00:00:00+08:00,175.55595934830745,175.55595934830745,168.53372360511077,172.7470703125,421061,0.0,0.0
2011-07-14 00:00:00+08:00,174.15151441330278,179.76930562514087,172.7470698987628,176.9604034423828,472620,0.0,0.0
2011-07-15 00:00:00+08:00,182.57817793066266,189.24930191735282,181.8759557377139,188.1959686279297,602744,0.0,0.0
2011-07-18 00:00:00+08:00,200.1337654644192,200.1337654644192,188.19596227962725,188.5470733642578,510675,0.0,0.0
2011-07-19 00:00:00+08:00,188.5470874686525,188.5470874686525,182.5781854297487,186.0893096923828,265158,0.0,0.0
2011-07-20 00:00:00+08:00,188.1959802886745,188.8982025251334,183.982646869921,185.03598022460938,295847,0.0,0.0
2011-07-21 00:00:00+08:00,185.7382325497813,191.35602450518593,185.7382325497813,191.00491333007812,374413,0.0,0.0
2011-07-22 00:00:00+08:00,190.30264182306934,191.70708616072062,181.87594948980887,184.333740234375,389144,0.0,0.0
2011-07-25 00:00:00+08:00,183.98263075630308,183.98263075630308,179.0670623779297,179.0670623779297,193958,0.0,0.0
2011-07-26 00:00:00+08:00,179.76929403548664,182.57818288347872,173.80039207982625,175.9070587158203,315489,0.0,0.0
2011-07-27 00:00:00+08:00,175.90707790211718,187.49377197120702,175.90707790211718,186.7915496826172,380551,0.0,0.0
2011-07-28 00:00:00+08:00,183.28041467186173,185.38709457160684,180.47152567710546,182.22708129882812,260248,0.0,0.0
2011-07-29 00:00:00+08:00,182.22707041251348,182.5781815158825,176.96039070830102,177.66261291503906,190275,0.0,0.0
2011-08-01 00:00:00+08:00,179.76928455288638,183.28039542766984,179.0670623779297,179.0670623779297,111710,0.0,0.0
2011-08-02 00:00:00+08:00,175.5559539794922,179.76930055802976,175.5559539794922,175.5559539794922,163268,0.0,0.0
2011-08-03 00:00:00+08:00,173.4492854346721,173.4492854346721,163.26703679147485,171.3426055908203,570827,0.0,0.0
2011-08-04 00:00:00+08:00,172.74707670645105,175.55596584622495,166.42706298828125,166.42706298828125,228330,0.0,0.0
2011-08-05 00:00:00+08:00,154.84034657855534,164.6714842880019,154.84034657855534,158.35147094726562,446840,0.0,0.0
2011-08-08 00:00:00+08:00,156.24479544322767,162.2136973272353,154.48922678062988,158.00035095214844,255337,0.0,0.0
2011-08-09 00:00:00+08:00,148.87143892008274,168.88482472926026,147.11588337670833,164.67147827148438,615020,0.0,0.0
2011-08-10 00:00:00+08:00,172.0448020302012,172.0448020302012,167.12924715666952,168.53369140625,190275,0.0,0.0
2011-08-11 00:00:00+08:00,172.04483273558589,179.41819266918145,168.53372148499557,178.0137481689453,853171,0.0,0.0
2011-08-12 00:00:00+08:00,179.06709773120508,182.57820929918847,175.90708416634092,180.47154235839844,682537,0.0,0.0
2011-08-15 00:00:00+08:00,181.87597054459468,183.9826504486268,176.96040164009028,178.0137481689453,241834,0.0,0.0
2011-08-16 00:00:00+08:00,179.76931866442862,181.17376328083782,176.25819396972656,176.25819396972656,132579,0.0,0.0
2011-08-17 00:00:00+08:00,175.9070668694752,181.173746857259,175.20484462492772,179.76930236816406,754964,0.0,0.0
2011-08-18 00:00:00+08:00,177.6626116910252,178.01373594565226,167.83148771074738,175.204833984375,510675,0.0,0.0
2011-08-19 00:00:00+08:00,165.37369410292922,171.3425958735904,165.0225830078125,165.0225830078125,159586,0.0,0.0
2011-08-22 00:00:00+08:00,164.32039446302142,169.93818628883753,160.10704730523946,161.51150512695312,241834,0.0,0.0
2011-08-23 00:00:00+08:00,164.67149412224398,167.8315075581682,161.5114938399984,166.42706298828125,112937,0.0,0.0
2011-08-24 00:00:00+08:00,169.93816206256727,169.93816206256727,163.61814880371094,163.61814880371094,158358,0.0,0.0
2011-08-25 00:00:00+08:00,163.6181373543031,166.42703924705884,162.56480407714844,162.56480407714844,117848,0.0,0.0
2011-08-26 00:00:00+08:00,161.51149232126906,165.37371485214078,161.51149232126906,162.21371459960938,82248,0.0,0.0
2011-08-29 00:00:00+08:00,162.56479019185736,169.93813565583048,162.56479019185736,168.53369140625,380551,0.0,0.0
2011-08-30 00:00:00+08:00,168.5337194339549,171.69371952102927,167.8314971923828,167.8314971923828,344951,0.0,0.0
2011-08-31 00:00:00+08:00,167.12927464039103,172.04483032226562,166.42705240012324,172.04483032226562,768468,0.0,0.0
2011-09-01 00:00:00+08:00,175.20484943485803,181.1737518310547,172.74707151146808,181.1737518310547,452978,0.0,0.0
2011-09-02 00:00:00+08:00,181.1737518310547,186.0893208315128,179.76930730340328,181.1737518310547,606426,0.0,0.0
2011-09-05 00:00:00+08:00,182.86298665848145,193.84321912764867,181.5960377723727,193.4208984375,532976,0.488765,1.2
2011-09-06 00:00:00+08:00,192.57628726399219,196.79945527489724,190.8870306071016,191.73165893554688,327355,0.0,0.0
2011-09-07 00:00:00+08:00,195.95481285446743,204.82345581054688,195.11018458676313,204.82345581054688,310988,0.0,0.0
2011-09-08 00:00:00+08:00,210.31356283906723,217.9152564518162,207.3573442615523,210.73587036132812,482850,0.0,0.0
2011-09-09 00:00:00+08:00,210.73590283620135,213.69212186927624,197.64410394188346,209.04664611816406,494102,0.0,0.0
2011-09-13 00:00:00+08:00,200.17799880261578,206.9350519286543,199.3333572736063,206.09042358398438,250631,0.0,0.0
2011-09-14 00:00:00+08:00,206.93502623220476,209.89124484796622,198.48870428132082,203.97882080078125,247562,0.0,0.0
2011-09-15 00:00:00+08:00,205.6681133306522,206.93506250457742,200.17800903320312,200.17800903320312,117643,0.0,0.0
2011-09-16 00:00:00+08:00,202.28956101095798,206.09040805203207,199.3333422508986,204.40113830566406,217896,0.0,0.0
2011-09-19 00:00:00+08:00,206.09040631316657,206.09040631316657,201.02261030116009,201.44493103027344,57287,0.0,0.0
2011-09-20 00:00:00+08:00,201.44493892257654,202.7118879752153,194.26555216806437,195.53250122070312,131965,0.0,0.0
2011-09-21 00:00:00+08:00,196.79944024368834,198.48870995589465,194.265542267548,195.1101837158203,81838,0.0,0.0
2011-09-22 00:00:00+08:00,194.26556562233563,194.26556562233563,185.81924241455576,187.5084991455078,181068,0.0,0.0
2011-09-23 00:00:00+08:00,181.5960764251432,181.5960764251432,174.4167022705078,174.4167022705078,278252,0.0,0.0
2011-09-26 00:00:00+08:00,177.3728787726765,177.3728787726765,162.59181213378906,162.59181213378906,135034,0.0,0.0
2011-09-27 00:00:00+08:00,158.7909696948606,173.57203674316406,158.7909696948606,173.57203674316406,265976,0.0,0.0
2011-09-28 00:00:00+08:00,177.37288183910132,185.3968963623047,177.37288183910132,185.3968963623047,96160,0.0,0.0
2011-09-29 00:00:00+08:00,193.420927263661,198.0664028102779,190.0423876076313,196.79945373535156,291551,0.0,0.0
2011-09-30 00:00:00+08:00,200.1780020257501,201.86725874228924,191.73166570569526,194.26556396484375,117643,0.0,0.0
2011-10-03 00:00:00+08:00,190.04239742627576,190.88703897609167,182.44070258397193,187.5084991455078,81838,0.0,0.0
2011-10-04 00:00:00+08:00,181.59607614392823,185.81924438476562,178.21754946186232,185.81924438476562,60356,0.0,0.0
2011-10-05 00:00:00+08:00,185.81923217540796,196.7994530589156,183.7076416015625,183.7076416015625,61379,0.0,0.0
2011-10-06 00:00:00+08:00,188.35311501492447,189.62006398257037,183.7076266773308,185.3968963623047,35804,0.0,0.0
2011-10-07 00:00:00+08:00,189.19777106683154,190.04239944126303,185.39692360537987,185.81924438476562,47057,0.0,0.0
2011-10-11 00:00:00+08:00,189.19776215819465,189.19776215819465,182.44069592788858,184.97459411621094,54218,0.0,0.0
2011-10-12 00:00:00+08:00,179.90679946606483,185.8192374184494,179.90679946606483,181.5960693359375,28643,0.0,0.0
2011-10-13 00:00:00+08:00,181.5960645951206,187.086181640625,181.5960645951206,187.086181640625,57287,0.0,0.0
2011-10-14 00:00:00+08:00,183.28533920581015,184.9745958913433,180.75144099317092,181.5960693359375,119689,0.0,0.0
2011-10-17 00:00:00+08:00,182.86300659179688,186.66385366444138,182.86300659179688,182.86300659179688,99229,0.0,0.0
2011-10-18 00:00:00+08:00,179.0621540297382,181.59605200048748,175.6836277968519,176.95057678222656,98206,0.0,0.0
2011-10-19 00:00:00+08:00,177.37290302014495,181.59607114472163,177.37290302014495,178.21754455566406,80816,0.0,0.0
2011-10-20 00:00:00+08:00,176.10594177246094,182.4406869308704,176.10594177246094,176.10594177246094,48080,0.0,0.0
2011-10-21 00:00:00+08:00,176.1059554861333,177.3729046164747,171.46047973632812,171.46047973632812,88999,0.0,0.0
2011-10-24 00:00:00+08:00,174.83900465070533,178.63985200466243,173.57205553271965,176.5282745361328,65471,0.0,0.0
2011-10-25 00:00:00+08:00,179.0621657809149,179.0621657809149,173.99436950683594,173.99436950683594,42965,0.0,0.0
2011-10-26 00:00:00+08:00,173.572048755883,175.68363932630865,173.572048755883,173.99436950683594,32735,0.0,0.0
2011-10-27 00:00:00+08:00,173.99435637056794,182.4406784615707,173.1497281167691,178.63983154296875,98206,0.0,0.0
2011-10-28 00:00:00+08:00,184.12994521296142,185.81921487791968,177.79520044979031,180.7514190673828,91045,0.0,0.0
2011-10-31 00:00:00+08:00,180.75140768091634,184.12993361366412,175.26129150390625,175.26129150390625,55241,0.0,0.0
2011-11-01 00:00:00+08:00,173.994391351781,177.79523903453554,173.994391351781,174.83901977539062,77747,0.0,0.0
2011-11-02 00:00:00+08:00,170.61582142247568,173.14971923828125,168.92655181715946,173.14971923828125,56264,0.0,0.0
2011-11-03 00:00:00+08:00,171.46045737851398,175.683624990413,168.0819311995976,168.9265594482422,98206,0.0,0.0
2011-11-04 00:00:00+08:00,175.68362952114467,179.9067840576172,173.57203906857,179.9067840576172,128896,0.0,0.0
2011-11-07 00:00:00+08:00,180.75142902102382,184.1299553526515,177.3728895050575,181.17373657226562,126850,0.0,0.0
2011-11-08 00:00:00+08:00,183.2853459911989,186.66387267168082,181.59607605878793,184.12997436523438,109459,0.0,0.0
2011-11-09 00:00:00+08:00,184.12995177842814,185.81922150362018,179.9067840576172,179.9067840576172,55241,0.0,0.0
2011-11-10 00:00:00+08:00,175.68363912232735,178.2175372564248,171.46047117071856,172.3050994873047,75701,0.0,0.0
2011-11-11 00:00:00+08:00,178.21755983851077,178.21755983851077,173.14976292817136,174.83901977539062,52172,0.0,0.0
2011-11-14 00:00:00+08:00,184.1299434771584,184.1299434771584,178.21751948204812,182.440673828125,78770,0.0,0.0
2011-11-15 00:00:00+08:00,182.44067554800316,184.12994521296142,180.7514190673828,180.7514190673828,75701,0.0,0.0
2011-11-16 00:00:00+08:00,182.0183917755174,182.0183917755174,176.5282745361328,176.5282745361328,71609,0.0,0.0
2011-11-17 00:00:00+08:00,174.83901128381072,179.0621795654297,174.83901128381072,179.0621795654297,36827,0.0,0.0
2011-11-18 00:00:00+08:00,181.17375344358794,190.88703897609167,180.75144585301987,187.5084991455078,283367,0.0,0.0
2011-11-21 00:00:00+08:00,185.39688248648667,187.5084595464119,175.26129150390625,175.26129150390625,165723,0.0,0.0
2011-11-22 00:00:00+08:00,178.21753921227992,178.63984678303805,169.77120321636772,170.6158447265625,142195,0.0,0.0
2011-11-23 00:00:00+08:00,170.6158447265625,175.68364105037412,168.9265748905122,170.6158447265625,80816,0.0,0.0
2011-11-24 00:00:00+08:00,169.77120971679688,174.83900623465112,167.23731145786974,169.77120971679688,85930,0.0,0.0
2011-11-25 00:00:00+08:00,167.23728976661496,172.30508562715858,167.23728976661496,168.9265594482422,79793,0.0,0.0
2011-11-28 00:00:00+08:00,168.9265594482422,172.30508562715858,166.39266151797037,168.9265594482422,70586,0.0,0.0
2011-11-29 00:00:00+08:00,170.61584285413247,175.26131837186475,170.61584285413247,172.3050994873047,78770,0.0,0.0
2011-11-30 00:00:00+08:00,172.30508562715858,172.72740634364987,168.9265594482422,168.9265594482422,73655,0.0,0.0
2011-12-01 00:00:00+08:00,173.14972920577765,175.2613064457244,173.14972920577765,173.57203674316406,65471,0.0,0.0
2011-12-02 00:00:00+08:00,173.14971923828125,173.14971923828125,169.3488725145729,173.14971923828125,59333,0.0,0.0
2011-12-05 00:00:00+08:00,171.88277774771504,172.30508527901503,167.23728942871094,167.23728942871094,82861,0.0,0.0
2011-12-06 00:00:00+08:00,167.23729822158072,168.92656798861182,163.8587718718572,168.08193969726562,53195,0.0,0.0
2011-12-07 00:00:00+08:00,168.08193969726562,170.61583775564296,157.10170598807142,168.08193969726562,122758,0.0,0.0
2011-12-08 00:00:00+08:00,163.85878845148198,165.54804520509742,161.32489013671875,161.32489013671875,57287,0.0,0.0
2011-12-09 00:00:00+08:00,160.48023315404066,163.01413122530607,158.79097656275624,159.63560485839844,60356,0.0,0.0
2011-12-12 00:00:00+08:00,168.08194271564463,168.08194271564463,164.7034031209113,165.97035217285156,68540,0.0,0.0
2011-12-13 00:00:00+08:00,163.0141468903342,163.85878845148198,159.63562019876323,161.32489013671875,65471,0.0,0.0
2011-12-14 00:00:00+08:00,158.79097656275624,160.90255389403114,157.94633508277525,159.63560485839844,50126,0.0,0.0
2011-12-15 00:00:00+08:00,157.10172564379326,157.10172564379326,149.50003051757812,149.50003051757812,156517,0.0,0.0
2011-12-16 00:00:00+08:00,149.50000948652735,150.76695849600065,141.8983154296875,141.8983154296875,134011,0.0,0.0
2011-12-19 00:00:00+08:00,140.20904269281718,140.20904269281718,132.18502807617188,132.18502807617188,179022,0.0,0.0
2011-12-20 00:00:00+08:00,132.1850576064869,135.14127695395598,125.85031127929688,125.85031127929688,138103,0.0,0.0
2011-12-21 00:00:00+08:00,133.45200449999032,134.29664611816406,131.76274763232476,134.29664611816406,79793,0.0,0.0
2011-12-22 00:00:00+08:00,141.0537109375,141.0537109375,132.60737399380548,141.0537109375,139126,0.0,0.0
2011-12-23 00:00:00+08:00,137.67516699924826,148.65540207917365,137.67516699924826,147.81076049804688,170838,0.0,0.0
2011-12-26 00:00:00+08:00,149.0776753364446,156.25706120011992,149.0776753364446,154.9901123046875,131965,0.0,0.0
2011-12-27 00:00:00+08:00,154.56781852007606,159.21329421727805,152.03392028808594,152.03392028808594,136057,0.0,0.0
2011-12-28 00:00:00+08:00,153.7231633255881,153.7231633255881,146.5437774658203,146.5437774658203,100252,0.0,0.0
2011-12-29 00:00:00+08:00,142.74295416198046,149.07769967328585,142.74295416198046,147.38844299316406,80816,0.0,0.0
2011-12-30 00:00:00+08:00,147.81072636056317,150.3446241500489,146.1214699571309,146.5437774658203,66494,0.0,0.0
2012-01-02 00:00:00+08:00,147.81073974578342,147.81073974578342,140.20904568894358,141.8983154296875,83884,0.0,0.0
2012-01-03 00:00:00+08:00,141.89831890384337,145.27684528371057,141.89831890384337,143.16526794433594,28643,0.0,0.0
2012-01-04 00:00:00+08:00,144.4322048204938,146.5437819820277,142.74293518066406,142.74293518066406,63425,0.0,0.0
2012-01-05 00:00:00+08:00,142.74295895861482,143.16527973500638,139.36443230050213,140.2090606689453,79793,0.0,0.0
2012-01-06 00:00:00+08:00,140.2090625931509,141.05370415752574,136.83053588867188,136.83053588867188,87976,0.0,0.0
2012-01-09 00:00:00+08:00,137.6751642687066,140.2090625931509,136.83053588867188,136.83053588867188,51149,0.0,0.0
2012-01-10 00:00:00+08:00,138.94207712012727,139.78670527942882,136.40817945788595,137.2528076171875,42965,0.0,0.0
2012-01-11 00:00:00+08:00,136.4082216631658,146.1215078299804,136.4082216631658,141.0537109375,145264,0.0,0.0
2012-01-12 00:00:00+08:00,141.05370415752574,141.05370415752574,136.83053588867188,136.83053588867188,64448,0.0,0.0
2012-01-13 00:00:00+08:00,136.83050119396785,139.36439887591774,132.60733399593911,133.87428283691406,76724,0.0,0.0
2012-01-16 00:00:00+08:00,136.83050119396785,137.252808684735,133.45196216181014,133.87428283691406,54218,0.0,0.0
2012-01-17 00:00:00+08:00,134.2966259855628,138.51978070596843,134.2966259855628,138.09747314453125,74678,0.0,0.0
2012-01-18 00:00:00+08:00,139.36440149793492,141.47597854450837,138.51976013183594,138.51976013183594,103321,0.0,0.0
2012-01-30 00:00:00+08:00,141.8983238280979,141.8983238280979,139.3644256591797,139.3644256591797,67517,0.0,0.0
2012-01-31 00:00:00+08:00,139.36441595559828,146.121481663683,138.51977450187619,145.27684020996094,175953,0.0,0.0
2012-02-01 00:00:00+08:00,146.12147038274213,149.4999963837847,144.43220079005215,148.23304748535156,156517,0.0,0.0
2012-02-02 00:00:00+08:00,150.3446502685547,154.56781837947656,149.0777011537121,150.3446502685547,128896,0.0,0.0
2012-02-03 00:00:00+08:00,150.3446356156347,157.10170129768323,150.3446356156347,153.72317504882812,266999,0.0,0.0
2012-02-06 00:00:00+08:00,154.145485555899,155.83475530500183,151.18927997539228,151.61158752441406,132988,0.0,0.0
2012-02-07 00:00:00+08:00,152.8785453663718,155.4124435441476,152.03391703522635,152.45623779296875,141172,0.0,0.0
2012-02-08 00:00:00+08:00,153.72319693102241,156.67940287545386,153.72319693102241,154.5678253173828,179022,0.0,0.0
2012-02-09 00:00:00+08:00,154.5678187138972,165.125732421875,153.72319036362123,165.125732421875,439884,0.0,0.0
2012-02-10 00:00:00+08:00,166.81499151654296,170.61583862344108,159.63560485839844,159.63560485839844,466482,0.0,0.0
2012-02-13 00:00:00+08:00,151.18927825161833,155.41243279971755,148.65538024902344,148.65538024902344,358045,0.0,0.0
2012-02-14 00:00:00+08:00,148.6553935716576,151.18929180134282,147.81075203886948,150.3446502685547,141172,0.0,0.0
2012-02-15 00:00:00+08:00,150.344640868979,160.48023315404066,150.344640868979,159.63560485839844,330424,0.0,0.0
2012-02-16 00:00:00+08:00,156.25707425680812,158.79097225940302,148.65538024902344,148.65538024902344,404080,0.0,0.0
2012-02-17 00:00:00+08:00,150.34464194958466,156.25707961459224,148.65538534615865,152.8785400390625,212781,0.0,0.0
2012-02-20 00:00:00+08:00,152.8785215930866,156.25706076096944,152.8785215930866,153.30084228515625,109459,0.0,0.0
2012-02-21 00:00:00+08:00,153.72317800687725,153.72317800687725,150.76695924203193,151.61158752441406,109459,0.0,0.0
2012-02-22 00:00:00+08:00,151.6115793992338,156.25706766422053,151.18927187284436,154.14547729492188,136057,0.0,0.0
2012-02-23 00:00:00+08:00,154.14547048495834,155.83474006889975,152.4562140853542,153.30084228515625,148333,0.0,0.0
2012-02-24 00:00:00+08:00,154.56782537917775,156.25709533691406,153.30087620696054,156.25709533691406,109459,0.0,0.0
2012-02-29 00:00:00+08:00,159.21329941818937,164.2810960477158,157.10172188400003,161.32489013671875,332470,0.0,0.0
2012-03-01 00:00:00+08:00,161.3248833150383,161.3248833150383,158.79098510742188,158.79098510742188,139126,0.0,0.0
2012-03-02 00:00:00+08:00,159.63560163182675,163.85876939335623,159.63560163182675,160.05792236328125,176976,0.0,0.0
2012-03-05 00:00:00+08:00,160.48023315404066,163.01413122530607,158.79097656275624,159.63560485839844,164700,0.0,0.0
2012-03-06 00:00:00+08:00,159.63559928040914,160.48022754653834,152.0339053322314,153.72317504882812,165723,0.0,0.0
2012-03-07 00:00:00+08:00,151.18929858760106,155.8347744890935,149.07770784518982,154.5678253173828,123781,0.0,0.0
2012-03-08 00:00:00+08:00,155.83476443773372,163.4364589776876,155.83476443773372,162.1695098876953,330424,0.0,0.0
2012-03-09 00:00:00+08:00,163.4364676709081,165.54804520509742,161.32489013671875,161.32489013671875,362137,0.0,0.0
2012-03-12 00:00:00+08:00,163.85877973579818,165.97035715767225,161.74718912958474,162.1695098876953,183114,0.0,0.0
2012-03-13 00:00:00+08:00,165.97033330394046,173.14971923828125,165.97033330394046,173.14971923828125,461367,0.0,0.0
2012-03-14 00:00:00+08:00,172.72741025016916,177.3728854992866,167.23729354896605,171.88278198242188,304850,0.0,0.0
2012-03-15 00:00:00+08:00,171.88278252771633,183.70763105104552,171.88278252771633,179.9067840576172,239379,0.0,0.0
2012-03-16 00:00:00+08:00,181.17373840223047,185.81922698752177,179.48448181152344,179.48448181152344,227103,0.0,0.0
2012-03-19 00:00:00+08:00,179.48449353954598,181.1737502406338,175.6836461855889,176.5282745361328,155494,0.0,0.0
2012-03-20 00:00:00+08:00,177.7951997389559,184.55226518743592,175.6836225544537,177.3728790283203,233241,0.0,0.0
2012-03-21 00:00:00+08:00,179.0621533882314,179.48447410995604,173.14972920577765,173.57203674316406,143218,0.0,0.0
2012-03-22 00:00:00+08:00,174.83899782440272,179.0621657809149,173.99436950683594,173.99436950683594,108436,0.0,0.0
2012-03-23 00:00:00+08:00,173.1497496382299,173.1497496382299,169.77120983442634,171.46047973632812,120712,0.0,0.0
2012-03-26 00:00:00+08:00,171.46047117071856,173.1497409882299,169.77120135320723,172.3050994873047,84907,0.0,0.0
2012-03-27 00:00:00+08:00,172.3050994873047,175.26131837186475,169.77120135320723,172.3050994873047,95137,0.0,0.0
2012-03-28 00:00:00+08:00,173.1497428884683,173.57205045922643,169.3488956456096,170.6158447265625,65471,0.0,0.0
2012-03-29 00:00:00+08:00,169.7711881041031,169.7711881041031,158.79096810803395,160.480224609375,256769,0.0,0.0
2012-03-30 00:00:00+08:00,160.48024003959242,164.2810873095694,159.63561170771067,162.1695098876953,110482,0.0,0.0
2012-04-02 00:00:00+08:00,160.48024003959242,162.1695098876953,158.79098337582892,162.1695098876953,54218,0.0,0.0
2012-04-03 00:00:00+08:00,163.01412552926425,163.01412552926425,151.18927706610222,153.72317504882812,204597,0.0,0.0
2012-04-05 00:00:00+08:00,149.92234119768622,149.92234119768622,143.16527492418064,147.38844299316406,150379,0.0,0.0
2012-04-06 00:00:00+08:00,150.3446488127146,157.10171508789062,149.5000204724449,157.10171508789062,94114,0.0,0.0
2012-04-09 00:00:00+08:00,153.7231796383479,168.08193969726562,149.9223325507819,168.08193969726562,300758,0.0,0.0
2012-04-10 00:00:00+08:00,176.52826300127794,179.48448181152344,173.9943649308786,179.48448181152344,583102,0.0,0.0
2012-04-11 00:00:00+08:00,179.06214868652478,179.06214868652478,169.77118534290696,177.3728790283203,506378,0.0,0.0
2012-04-12 00:00:00+08:00,177.37288183910132,189.62006398257037,175.68362533846553,185.3968963623047,413286,0.0,0.0
2012-04-13 00:00:00+08:00,194.26552694708892,194.26552694708892,185.3968847300099,186.66383361816406,441930,0.0,0.0
2012-04-16 00:00:00+08:00,190.04238244256032,193.8432427483768,186.66385606269313,190.88702392578125,454206,0.0,0.0
2012-04-17 00:00:00+08:00,190.88702174129696,193.42091979328447,184.12995587455063,184.55227661132812,481827,0.0,0.0
2012-04-18 00:00:00+08:00,185.8192264715813,188.35312453494507,172.30509467741524,176.10594177246094,396919,0.0,0.0
2012-04-19 00:00:00+08:00,176.10596900297548,179.0621882621204,171.0381720926361,174.83901977539062,332470,0.0,0.0
2012-04-20 00:00:00+08:00,172.30510137827352,176.95059013132703,170.6158447265625,170.6158447265625,195390,0.0,0.0
2012-04-23 00:00:00+08:00,172.30508298970506,174.8389808811908,162.59181213378906,162.59181213378906,285413,0.0,0.0
2012-04-24 00:00:00+08:00,162.16950544252305,169.34889221191406,157.1017092214654,169.34889221191406,227103,0.0,0.0
2012-04-25 00:00:00+08:00,172.30509007076057,180.7514255123824,172.30509007076057,179.9067840576172,432723,0.0,0.0
2012-04-26 00:00:00+08:00,179.90679026323292,180.75143174713278,171.03814697265625,171.03814697265625,463413,0.0,0.0
2012-04-27 00:00:00+08:00,173.14973097621194,179.90678348686677,171.46046125637906,171.88278198242188,354976,0.0,0.0
2012-04-30 00:00:00+08:00,170.61584305222968,173.99436950683594,163.0141354567721,173.99436950683594,208689,0.0,0.0
2012-05-02 00:00:00+08:00,182.4407045183597,185.81924438476562,177.3729079030908,185.81924438476562,528884,0.0,0.0
2012-05-03 00:00:00+08:00,184.12996425376713,194.26555692295844,182.44069441412216,190.04238891601562,639367,0.0,0.0
2012-05-04 00:00:00+08:00,187.5084650231085,192.15395314870008,185.8192085995638,186.24151611328125,297689,0.0,0.0
2012-05-07 00:00:00+08:00,181.59604559577718,185.81921312619184,181.59604559577718,182.440673828125,187206,0.0,0.0
2012-05-08 00:00:00+08:00,185.81924241455576,189.6200898357077,184.12997249926386,187.5084991455078,299735,0.0,0.0
2012-05-09 00:00:00+08:00,184.97459604238122,186.66386591363326,181.59606948421674,183.28533935546875,243471,0.0,0.0
2012-05-10 00:00:00+08:00,181.5960867172901,184.12998517245978,173.994391351781,174.83901977539062,390781,0.0,0.0
2012-05-11 00:00:00+08:00,175.68366138334105,182.44071514089973,174.83901977539062,174.83901977539062,434769,0.0,0.0
2012-05-14 00:00:00+08:00,175.68363912232735,176.95058818937608,166.81499565298628,172.3050994873047,301781,0.0,0.0
2012-05-15 00:00:00+08:00,168.08192886904035,177.7951997389559,168.08192886904035,177.3728790283203,221988,0.0,0.0
2012-05-16 00:00:00+08:00,177.37288148770216,177.37288148770216,168.50423873175086,168.9265594482422,308942,0.0,0.0
2012-05-17 00:00:00+08:00,171.46047973632812,174.8390063557919,168.50426070408494,171.46047973632812,232218,0.0,0.0
2012-05-18 00:00:00+08:00,166.3926540047649,170.1935007285512,164.70338439941406,164.70338439941406,225057,0.0,0.0
2012-05-21 00:00:00+08:00,164.7034215258601,168.92658989902947,164.7034215258601,165.5480499267578,97183,0.0,0.0
2012-05-22 00:00:00+08:00,168.92657991097025,168.92657991097025,166.39268167375758,166.81500244140625,113551,0.0,0.0
2012-05-23 00:00:00+08:00,168.5042500488563,168.5042500488563,163.85877459280397,164.2810821533203,96160,0.0,0.0
2012-05-24 00:00:00+08:00,165.12572531124832,167.2373026881795,160.480236623925,160.90255737304688,100252,0.0,0.0
2012-05-25 00:00:00+08:00,163.01413453764442,163.01413453764442,155.8347609179586,159.21328735351562,145264,0.0,0.0
2012-05-28 00:00:00+08:00,158.79096055719234,164.70338439941406,157.94631916234817,164.70338439941406,108436,0.0,0.0
2012-05-29 00:00:00+08:00,165.54802382913317,173.14973097621194,165.54802382913317,171.88278198242188,239379,0.0,0.0
2012-05-30 00:00:00+08:00,172.30510809510912,174.41669876857128,170.19353060598672,171.46047973632812,194367,0.0,0.0
2012-05-31 00:00:00+08:00,168.5042526736871,177.3728961634244,167.2373036037246,175.6836395263672,179022,0.0,0.0
2012-06-01 00:00:00+08:00,174.83897566284418,174.83897566284418,163.8587561889074,164.70338439941406,300758,0.0,0.0
2012-06-04 00:00:00+08:00,164.7034017651015,172.30509601416722,160.4802338986187,171.03814697265625,383620,0.0,0.0
2012-06-05 00:00:00+08:00,174.83898751170648,179.0621552191195,170.6158329886318,171.88278198242188,488988,0.0,0.0
2012-06-06 00:00:00+08:00,173.1497461951383,173.1497461951383,168.08194977454613,170.1935272216797,269045,0.0,0.0
2012-06-07 00:00:00+08:00,171.46046604698915,173.14973581402026,168.08193969726562,168.08193969726562,206643,0.0,0.0
2012-06-08 00:00:00+08:00,169.77120321636772,172.30510137827352,168.0819465646567,170.6158447265625,251654,0.0,0.0
2012-06-11 00:00:00+08:00,168.0819514243503,168.92657977462628,162.1695134193997,165.125732421875,325310,0.0,0.0
2012-06-12 00:00:00+08:00,163.01415153972428,166.81501230461498,162.59184393144565,165.5480499267578,118666,0.0,0.0
2012-06-13 00:00:00+08:00,165.5480197504969,169.348879822563,165.5480197504969,167.23728942871094,118666,0.0,0.0
2012-06-14 00:00:00+08:00,167.2372822152716,168.92655182062242,164.70338439941406,164.70338439941406,103321,0.0,0.0
2012-06-15 00:00:00+08:00,164.7033999132667,168.08193944220204,164.7033999132667,166.39266967773438,101275,0.0,0.0
2012-06-18 00:00:00+08:00,169.3488919919879,170.19352029962099,167.2373014463968,167.6596221923828,225057,0.0,0.0
2012-06-19 00:00:00+08:00,168.08193969726562,168.92656798861182,167.23729822158072,168.08193969726562,100252,0.0,0.0
2012-06-20 00:00:00+08:00,168.9265594482422,170.6158291298694,168.0819311995976,168.9265594482422,112528,0.0,0.0
2012-06-21 00:00:00+08:00,168.92653207383586,171.03810894543705,168.08190396206257,168.50421142578125,138103,0.0,0.0
2012-06-22 00:00:00+08:00,167.23730341328428,173.99436950683594,165.54803359381157,173.99436950683594,278252,0.0,0.0
2012-06-25 00:00:00+08:00,175.26129150390625,177.37286856383147,173.57202194536382,175.26129150390625,344746,0.0,0.0
2012-06-26 00:00:00+08:00,173.99435530878577,174.83898355743037,168.9265594482422,168.9265594482422,297689,0.0,0.0
2012-06-27 00:00:00+08:00,168.92658147564532,172.7274288666695,168.92658147564532,171.46047973632812,124804,0.0,0.0
2012-06-28 00:00:00+08:00,172.72740848405303,175.2613064457244,172.72740848405303,173.57203674316406,346792,0.0,0.0
2012-06-29 00:00:00+08:00,173.57206211775906,179.0621795654297,172.72743373517133,179.0621795654297,699723,0.0,0.0
2012-07-02 00:00:00+08:00,179.46785712636742,181.6945033152348,177.2412109375,177.2412109375,696242,9.726657,1.005
2012-07-03 00:00:00+08:00,177.24118833764047,187.03843585286845,177.24118833764047,182.58514404296875,586309,0.0,0.0
2012-07-04 00:00:00+08:00,182.58513435183158,183.03045244228792,179.91315664098897,180.3584747314453,251420,0.0,0.0
2012-07-05 00:00:00+08:00,181.24916032794374,187.48378034588438,180.35849637291722,184.36647033691406,549664,0.0,0.0
2012-07-06 00:00:00+08:00,187.66626451280382,189.93276529194398,183.13326295452353,183.58656311035156,429000,0.0,0.0
2012-07-09 00:00:00+08:00,184.0398599745352,185.85306056541734,178.14695805416832,179.05355834960938,243000,0.0,0.0
2012-07-10 00:00:00+08:00,180.4134345541195,181.3200347277583,177.2403339463837,177.69363403320312,147000,0.0,0.0
2012-07-11 00:00:00+08:00,177.69364129185982,179.50684171320532,177.24034118652344,177.24034118652344,104000,0.0,0.0
2012-07-12 00:00:00+08:00,177.69364129185982,180.41344192387808,177.24034118652344,177.24034118652344,90000,0.0,0.0
2012-07-13 00:00:00+08:00,178.60025754351045,180.86675827375805,177.69365725141142,178.14695739746094,149000,0.0,0.0
2012-07-16 00:00:00+08:00,178.60025758485537,178.60025758485537,165.90785349253062,167.72105407714844,401000,0.0,0.0
2012-07-17 00:00:00+08:00,166.814454437584,171.34745591686618,165.00125384587113,168.62765502929688,196000,0.0,0.0
2012-07-18 00:00:00+08:00,172.25405687954336,172.25405687954336,169.5342559814453,169.5342559814453,148000,0.0,0.0
2012-07-19 00:00:00+08:00,170.44083287952412,171.3474330544152,167.72103235485088,169.0809326171875,180000,0.0,0.0
2012-07-20 00:00:00+08:00,169.0809545156118,169.53425466176625,167.267753930994,167.72105407714844,266000,0.0,0.0
2012-07-23 00:00:00+08:00,169.53425399116847,169.53425399116847,165.00125254755434,166.814453125,184000,0.0,0.0
2012-07-24 00:00:00+08:00,166.81443062965786,167.7210307961234,165.0012302967268,167.26773071289062,222000,0.0,0.0
2012-07-25 00:00:00+08:00,178.60024883563702,178.60024883563702,174.06724759615383,176.78704833984375,709000,0.0,0.0
2012-07-26 00:00:00+08:00,180.4134384079359,185.85303956596414,178.60023802192651,182.2266387939453,625000,0.0,0.0
2012-07-27 00:00:00+08:00,182.22663490139706,184.49313533549406,177.2403339463837,177.69363403320312,487000,0.0,0.0
2012-07-30 00:00:00+08:00,177.6936499890942,179.05355037166382,173.61394884138542,178.60025024414062,254000,0.0,0.0
2012-07-31 00:00:00+08:00,178.14693989125334,179.50684019576673,175.42713928222656,175.42713928222656,171000,0.0,0.0
2012-08-01 00:00:00+08:00,175.4271458387375,176.3337460756302,174.06724548339844,174.06724548339844,196000,0.0,0.0
2012-08-02 00:00:00+08:00,174.06724548339844,174.06724548339844,174.06724548339844,174.06724548339844,0,0.0,0.0
2012-08-03 00:00:00+08:00,167.72105473344044,170.44085562100975,165.45455399379935,168.62765502929688,928000,0.0,0.0
2012-08-06 00:00:00+08:00,170.44083636373446,170.44083636373446,162.28143462291737,164.09463500976562,713000,0.0,0.0
2012-08-07 00:00:00+08:00,164.54795107998692,167.72105206500044,163.18805065783826,165.00125122070312,312000,0.0,0.0
2012-08-08 00:00:00+08:00,167.7210453875383,167.7210453875383,165.4545447741932,166.36114501953125,204000,0.0,0.0
2012-08-09 00:00:00+08:00,167.7210410097812,171.34744189647918,166.36114067726947,170.4408416748047,561000,0.0,0.0
2012-08-10 00:00:00+08:00,171.80074697641226,179.05354895958533,170.4408466045673,176.78704833984375,719000,0.0,0.0
2012-08-13 00:00:00+08:00,179.50683785986712,179.50683785986712,172.70733642578125,172.70733642578125,421000,0.0,0.0
2012-08-14 00:00:00+08:00,172.2540400278233,177.69364129185982,169.53423939580503,177.24034118652344,647000,0.0,0.0
2012-08-15 00:00:00+08:00,176.78705078125,176.78705078125,169.987548828125,169.987548828125,659000,0.0,0.0
2012-08-16 00:00:00+08:00,169.98754156396745,173.16064233982817,169.5342414531302,170.4408416748047,316000,0.0,0.0
2012-08-17 00:00:00+08:00,169.0809545156118,170.44085495407518,167.267753930994,167.72105407714844,314000,0.0,0.0
2012-08-20 00:00:00+08:00,168.6276426616468,173.6139439231471,168.17434254696494,172.25404357910156,439000,0.0,0.0
2012-08-21 00:00:00+08:00,173.16064973958333,173.16064973958333,169.987548828125,169.987548828125,286000,0.0,0.0
2012-08-22 00:00:00+08:00,172.25404357910156,174.06724403782894,171.34744334973786,172.25404357910156,342000,0.0,0.0
2012-08-23 00:00:00+08:00,172.25405621272262,172.25405621272262,168.17435488136866,168.62765502929688,409000,0.0,0.0
2012-08-24 00:00:00+08:00,167.7210467973488,169.53424730326608,167.7210467973488,168.17434692382812,199000,0.0,0.0
2012-08-27 00:00:00+08:00,169.98755547308153,171.34745591686618,168.62765502929688,168.62765502929688,617000,0.0,0.0
2012-08-28 00:00:00+08:00,168.6276502555975,168.6276502555975,162.2814483642578,162.2814483642578,881000,0.0,0.0
2012-08-29 00:00:00+08:00,163.18804132573118,165.00124178490597,162.7347412109375,162.7347412109375,376000,0.0,0.0
2012-08-30 00:00:00+08:00,162.2814483642578,164.0946489046406,161.8281482291621,162.2814483642578,442000,0.0,0.0
2012-08-31 00:00:00+08:00,163.1880519701087,169.53425399116847,163.1880519701087,166.814453125,417000,0.0,0.0
2012-09-03 00:00:00+08:00,166.36114212928706,166.81444224408077,162.7347412109375,162.7347412109375,594000,0.0,0.0
2012-09-04 00:00:00+08:00,163.18805512927827,172.25405819201595,163.18805512927827,171.3474578857422,959000,0.0,0.0
2012-09-05 00:00:00+08:00,171.3474463688905,171.3474463688905,166.36114501953125,166.36114501953125,526000,0.0,0.0
2012-09-06 00:00:00+08:00,166.81444901027035,168.6276495429907,159.56164687938903,161.37484741210938,1052000,0.0,0.0
2012-09-07 00:00:00+08:00,163.18805960721747,163.64135977279307,155.48195679243221,155.9352569580078,1237000,0.0,0.0
2012-09-10 00:00:00+08:00,155.93523335901105,157.74843374690653,145.05603103163818,145.96263122558594,950000,0.0,0.0
2012-09-11 00:00:00+08:00,137.34992095947266,140.52302144368488,135.99002075195312,135.99002075195312,540000,0.0,0.0
2012-09-12 00:00:00+08:00,131.45703616895173,139.16313828920062,131.45703616895173,137.80323791503906,1006000,0.0,0.0
2012-09-13 00:00:00+08:00,136.89663330496174,136.89663330496174,132.36363220214844,132.36363220214844,645000,0.0,0.0
2012-09-14 00:00:00+08:00,134.17683717977033,134.63013730537764,123.29763416519435,128.283935546875,1784000,0.0,0.0
2012-09-17 00:00:00+08:00,127.3773343926234,136.89663696289062,123.75093341347397,136.89663696289062,1228000,0.0,0.0
2012-09-18 00:00:00+08:00,135.53673445211874,139.61643548913904,132.81693376077186,134.1768341064453,757000,0.0,0.0
2012-09-19 00:00:00+08:00,134.1768204752604,138.256521097819,134.1768204752604,135.99002075195312,517000,0.0,0.0
2012-09-20 00:00:00+08:00,136.44332573275517,137.34992590373693,132.81692504882812,132.81692504882812,735000,0.0,0.0
2012-09-21 00:00:00+08:00,133.2702309290568,134.17683113945856,130.0971301926507,130.55043029785156,499000,0.0,0.0
2012-09-24 00:00:00+08:00,130.5504317610231,135.0834328638364,130.0971316507418,132.36363220214844,782000,0.0,0.0
2012-09-25 00:00:00+08:00,132.3636511799255,133.72355170574667,126.47074890136719,126.47074890136719,987000,0.0,0.0
2012-09-26 00:00:00+08:00,126.01743911910843,126.47073925982465,123.75093841552734,123.75093841552734,759000,0.0,0.0
2012-09-27 00:00:00+08:00,124.6575435002645,125.56414381663005,117.8580411275228,119.6712417602539,691000,0.0,0.0
2012-09-28 00:00:00+08:00,120.57783588936658,121.03113602428901,111.51183319091797,111.51183319091797,1686000,0.0,0.0
2012-10-01 00:00:00+08:00,108.79202565839213,114.68492704822171,107.8854254445722,112.41842651367188,759000,0.0,0.0
2012-10-02 00:00:00+08:00,112.41843612550751,116.04483729084646,112.41843612550751,115.13823699951172,520000,0.0,0.0
2012-10-03 00:00:00+08:00,116.95143516633192,116.95143516633192,111.51183353068858,111.96513366699219,484000,0.0,0.0
2012-10-04 00:00:00+08:00,112.871732191606,112.871732191606,109.6986312866211,109.6986312866211,410000,0.0,0.0
2012-10-05 00:00:00+08:00,109.69863265122825,112.87173359568526,109.69863265122825,111.51183319091797,310000,0.0,0.0
2012-10-08 00:00:00+08:00,111.51183109283448,112.41843134562176,108.79203033447266,108.79203033447266,255000,0.0,0.0
2012-10-09 00:00:00+08:00,109.24531170417522,110.60521184987034,104.7123112185248,105.16561126708984,508000,0.0,0.0
2012-10-11 00:00:00+08:00,97.9128189086914,97.9128189086914,97.9128189086914,97.9128189086914,199000,0.0,0.0
2012-10-12 00:00:00+08:00,91.11331939697266,91.11331939697266,91.11331939697266,91.11331939697266,234000,0.0,0.0
2012-10-15 00:00:00+08:00,87.12428138202631,90.11606493049658,87.03362274169922,87.03362274169922,958000,0.0,0.0
2012-10-16 00:00:00+08:00,87.12428312659675,90.6600255046399,87.03362448445431,89.30012512207031,710000,0.0,0.0
2012-10-17 00:00:00+08:00,90.2973855765425,90.56936842447149,87.66824340820312,87.66824340820312,357000,0.0,0.0
2012-10-18 00:00:00+08:00,88.03087739811988,88.12153603410019,82.04731750488281,82.04731750488281,909000,0.0,0.0
2012-10-19 00:00:00+08:00,84.31382240656431,87.03362312935671,83.044580685899,85.7643814086914,900000,0.0,0.0
2012-10-22 00:00:00+08:00,85.03911561671163,90.02541754288357,84.31383256981647,89.8440933227539,621000,0.0,0.0
2012-10-23 00:00:00+08:00,89.84407877345224,92.01992064497132,89.02813720703125,89.02813720703125,644000,0.0,0.0
2012-10-24 00:00:00+08:00,88.39351838205815,89.75341866485904,88.12153555877377,88.9374771118164,327000,0.0,0.0
2012-10-25 00:00:00+08:00,90.20672390780064,90.56936538727457,88.75616490671577,89.20946502685547,405000,0.0,0.0
2012-10-26 00:00:00+08:00,89.30012964140596,89.5721124984089,83.04458618164062,83.04458618164062,675000,0.0,0.0
2012-10-29 00:00:00+08:00,83.04458044372343,83.04458044372343,77.24233753532471,77.51432037353516,683000,0.0,0.0
2012-10-30 00:00:00+08:00,78.420926058174,81.1407269619257,77.96762590754871,78.23960876464844,464000,0.0,0.0
2012-10-31 00:00:00+08:00,80.68742322043758,83.67920684814453,79.87148160226195,83.67920684814453,261000,0.0,0.0
2012-11-01 00:00:00+08:00,87.12427852776894,89.48143768310547,86.1270196832201,89.48143768310547,1364000,0.0,0.0
2012-11-02 00:00:00+08:00,90.66002822503812,95.19302963629002,90.66002822503812,92.92652893066406,812000,0.0,0.0
2012-11-05 00:00:00+08:00,93.37982849335312,93.37982849335312,89.93474467541755,90.2973861694336,420000,0.0,0.0
2012-11-06 00:00:00+08:00,90.66001892089844,92.01991920471191,88.93747717803926,90.66001892089844,393000,0.0,0.0
2012-11-07 00:00:00+08:00,90.66002391209112,97.0062255859375,90.47870663099131,97.0062255859375,878000,0.0,0.0
2012-11-08 00:00:00+08:00,95.19302267777292,103.35242462158203,94.28642246179413,103.35242462158203,1535000,0.0,0.0
2012-11-09 00:00:00+08:00,102.89913309600962,109.2453351371732,102.89913309600962,104.71233367919922,1633000,0.0,0.0
2012-11-12 00:00:00+08:00,100.17932350730055,107.88542531555444,100.17932350730055,102.89912414550781,992000,0.0,0.0
2012-11-13 00:00:00+08:00,96.09961700439453,102.44581812732625,96.09961700439453,96.09961700439453,872000,0.0,0.0
2012-11-14 00:00:00+08:00,96.0996253468166,98.36612594461887,93.37982462945386,97.0062255859375,635000,0.0,0.0
2012-11-15 00:00:00+08:00,97.0062231097305,103.35242462158203,96.09962289375171,103.35242462158203,877000,0.0,0.0
2012-11-16 00:00:00+08:00,105.618925161529,106.97882548549718,102.44582440560323,103.35242462158203,1005000,0.0,0.0
2012-11-19 00:00:00+08:00,103.80572360568577,105.16562391493056,101.53922309027779,101.99252319335938,501000,0.0,0.0
2012-11-20 00:00:00+08:00,103.80571112139471,106.52551141278497,103.80571112139471,105.16561126708984,617000,0.0,0.0
2012-11-21 00:00:00+08:00,105.61893654667684,108.79203764464566,105.16563638982414,108.33873748779297,928000,0.0,0.0
2012-11-22 00:00:00+08:00,111.05853305599554,112.41843346076283,109.69863265122825,111.51183319091797,1199000,0.0,0.0
2012-11-23 00:00:00+08:00,111.96512491194927,113.32502521452356,109.69862440765881,110.605224609375,995000,0.0,0.0
2012-11-26 00:00:00+08:00,111.05853305599554,112.87173359568526,110.15193278615068,111.51183319091797,496000,0.0,0.0
2012-11-27 00:00:00+08:00,111.51184234011221,116.04484406125498,111.51184234011221,113.7783432006836,682000,0.0,0.0
2012-11-28 00:00:00+08:00,114.68493619040837,115.13823633345346,112.871735618228,114.23163604736328,299000,0.0,0.0
2012-11-29 00:00:00+08:00,114.68492704822171,115.59152726204165,112.41842651367188,112.41842651367188,406000,0.0,0.0
2012-11-30 00:00:00+08:00,112.41843346076283,113.32503373060769,107.88543211153852,111.51183319091797,673000,0.0,0.0
2012-12-03 00:00:00+08:00,112.41843173531072,119.21793365478516,111.96513160734575,119.21793365478516,1244000,0.0,0.0
2012-12-04 00:00:00+08:00,119.21792526537432,122.39102593783674,117.40472488111007,118.31132507324219,943000,0.0,0.0
2012-12-05 00:00:00+08:00,118.76463455544379,122.39103561057185,116.49813389598876,120.57783508300781,689000,0.0,0.0
2012-12-06 00:00:00+08:00,125.11083951083096,128.28394051291724,122.84433879505504,124.65753936767578,1532000,0.0,0.0
2012-12-07 00:00:00+08:00,126.01743702406293,126.9240372904231,120.57783542590194,121.03113555908203,925000,0.0,0.0
2012-12-10 00:00:00+08:00,121.93773850874467,124.65753936767577,120.57783807927912,124.65753936767578,542000,0.0,0.0
2012-12-11 00:00:00+08:00,127.83063142439897,127.83063142439897,121.93772997575647,123.2976303100586,789000,0.0,0.0
2012-12-12 00:00:00+08:00,123.29762994407288,125.5641304945154,122.39102972389587,122.84432983398438,392000,0.0,0.0
2012-12-13 00:00:00+08:00,122.84433019862455,125.11083075579474,121.03112975288839,123.2976303100586,596000,0.0,0.0
2012-12-14 00:00:00+08:00,123.2976365729944,124.20423684191348,121.48443603515625,121.48443603515625,271000,0.0,0.0
2012-12-17 00:00:00+08:00,121.48443429460997,122.39103455053989,115.59153263106545,119.21793365478516,578000,0.0,0.0
2012-12-18 00:00:00+08:00,119.21793224084331,120.12453248602083,117.40473175048828,117.40473175048828,244000,0.0,0.0
2012-12-19 00:00:00+08:00,118.31132873309934,125.11083038442689,118.31132873309934,122.84432983398438,699000,0.0,0.0
2012-12-20 00:00:00+08:00,122.84432758835126,124.20422789375736,118.76462667213295,120.12452697753906,384000,0.0,0.0
2012-12-21 00:00:00+08:00,120.12454191843669,120.57784207661948,116.95144081115723,119.6712417602539,322000,0.0,0.0
2012-12-24 00:00:00+08:00,124.20423016424989,126.0174306046039,122.39102972389587,122.84432983398438,440000,0.0,0.0
2012-12-25 00:00:00+08:00,124.20424527768736,124.20424527768736,121.93774445145219,122.39104461669922,206000,0.0,0.0
2012-12-26 00:00:00+08:00,122.39103561057185,123.29763587435386,120.57783508300781,120.57783508300781,276000,0.0,0.0
2012-12-27 00:00:00+08:00,120.57783610404202,122.84433678268944,119.21793569685359,121.93773651123047,283000,0.0,0.0
2012-12-28 00:00:00+08:00,122.39103630407533,123.75093670745395,121.03113590069671,121.48443603515625,349000,0.0,0.0
2013-01-02 00:00:00+08:00,122.39104270935059,122.39104270935059,119.6712417602539,119.6712417602539,424000,0.0,0.0
2013-01-03 00:00:00+08:00,119.67123378275011,121.48443429460997,119.21793365478516,119.21793365478516,398000,0.0,0.0
2013-01-04 00:00:00+08:00,119.21794160207114,121.93774255116782,118.31134128570557,119.6712417602539,427000,0.0,0.0
2013-01-07 00:00:00+08:00,121.48443603515625,122.39103630407533,120.57783576623717,121.48443603515625,230000,0.0,0.0
2013-01-08 00:00:00+08:00,122.39104461669922,125.56414577342846,121.93774445145219,122.39104461669922,970000,0.0,0.0
2013-01-09 00:00:00+08:00,122.84433609180236,123.75093635816252,121.03113555908203,121.03113555908203,510000,0.0,0.0
2013-01-10 00:00:00+08:00,121.4844372607618,122.39103753882719,112.87173461914062,112.87173461914062,809000,0.0,0.0
2013-01-11 00:00:00+08:00,112.87172662058184,114.23162694131175,108.33872555148217,112.41842651367188,1150000,0.0,0.0
2013-01-14 00:00:00+08:00,111.51182481109119,111.96512491194927,108.79202420594262,110.605224609375,391000,0.0,0.0
2013-01-15 00:00:00+08:00,110.60523660773904,112.41843720786592,106.07223510742188,106.07223510742188,817000,0.0,0.0
2013-01-16 00:00:00+08:00,106.0722252695184,106.0722252695184,103.35242462158203,103.35242462158203,552000,0.0,0.0
2013-01-17 00:00:00+08:00,104.25902013425474,106.52552057195592,97.00621873361092,97.9128189086914,738000,0.0,0.0
2013-01-18 00:00:00+08:00,100.63263236702262,104.71233367919922,98.36613163803563,104.71233367919922,652000,0.0,0.0
2013-01-21 00:00:00+08:00,104.71232919692994,110.60523084004721,104.2590290705363,108.79203033447266,825000,0.0,0.0
2013-01-22 00:00:00+08:00,109.69863795835104,109.69863795835104,107.43213717408759,108.33873748779297,256000,0.0,0.0
2013-01-23 00:00:00+08:00,108.33871160704514,108.79201165561018,105.16561126708984,105.16561126708984,312000,0.0,0.0
2013-01-24 00:00:00+08:00,105.16563480735844,107.88543570754875,105.16563480735844,106.07223510742188,257000,0.0,0.0
2013-01-25 00:00:00+08:00,106.07222489008294,106.97882510281869,101.99252393277206,102.89912414550781,384000,0.0,0.0
2013-01-28 00:00:00+08:00,104.25902332578387,104.25902332578387,101.08592261586871,101.53922271728516,304000,0.0,0.0
2013-01-29 00:00:00+08:00,102.44583295021222,106.07223411659142,102.44583295021222,104.71233367919922,270000,0.0,0.0
2013-01-30 00:00:00+08:00,105.61893495739015,108.33873585758046,105.61893495739015,106.07223510742188,370000,0.0,0.0
2013-01-31 00:00:00+08:00,106.97881800222605,106.97881800222605,103.80571746826172,103.80571746826172,276000,0.0,0.0
2013-02-01 00:00:00+08:00,105.16562579611073,106.072226018491,103.3524253513502,104.25902557373047,365000,0.0,0.0
2013-02-04 00:00:00+08:00,105.61893226826085,106.07223240675124,102.44583129882812,102.44583129882812,293000,0.0,0.0
2013-02-05 00:00:00+08:00,101.53922271728516,103.35242312295097,101.53922271728516,101.53922271728516,189000,0.0,0.0
2013-02-06 00:00:00+08:00,102.44582921808416,103.35242947665128,99.27272831309925,99.72602844238281,401000,0.0,0.0
2013-02-18 00:00:00+08:00,99.72603140525447,101.08593183350794,93.37982940673828,93.37982940673828,547000,0.0,0.0
2013-02-19 00:00:00+08:00,93.37981652313808,96.09961700439453,92.92651644292867,96.09961700439453,224000,0.0,0.0
2013-02-20 00:00:00+08:00,97.00623157263942,97.00623157263942,93.83313053988954,94.73973083496094,335000,0.0,0.0
2013-02-21 00:00:00+08:00,94.73972133561676,94.73972133561676,92.47322082519531,92.47322082519531,239000,0.0,0.0
2013-02-22 00:00:00+08:00,92.47322977506198,95.1930306507991,91.11332933719342,94.28643035888672,405000,0.0,0.0
2013-02-25 00:00:00+08:00,93.37982973845108,94.2864300271739,93.37982973845108,93.8331298828125,157000,0.0,0.0
2013-02-26 00:00:00+08:00,93.37982026657255,93.83312036495397,90.66001967628404,91.56661987304688,350000,0.0,0.0
2013-02-27 00:00:00+08:00,91.56662784069043,93.83312852981642,91.11332770286522,92.01992797851562,340000,0.0,0.0
2013-03-01 00:00:00+08:00,93.83312954948944,95.19302997774291,93.37982940673828,93.37982940673828,330000,0.0,0.0
2013-03-04 00:00:00+08:00,93.83311997598676,94.28642007248912,91.11331939697266,91.11331939697266,331000,0.0,0.0
2013-03-05 00:00:00+08:00,92.47321748955305,97.45951843261719,92.01991740381995,97.45951843261719,549000,0.0,0.0
2013-03-06 00:00:00+08:00,100.1793264228607,101.53922678154206,97.0062255859375,97.0062255859375,1040000,0.0,0.0
2013-03-07 00:00:00+08:00,97.45952321771989,103.35242462158203,97.45952321771989,103.35242462158203,607000,0.0,0.0
2013-03-08 00:00:00+08:00,105.61892590730086,107.88542646325153,102.89912524016007,104.25902557373047,1685000,0.0,0.0
2013-03-11 00:00:00+08:00,104.71233058620143,105.61893085101704,100.63262939453125,100.63262939453125,730000,0.0,0.0
2013-03-12 00:00:00+08:00,100.6326190327489,102.44581937568132,96.55291826115098,97.45951843261719,712221,0.0,0.0
2013-03-13 00:00:00+08:00,97.91281732523215,98.81941748565097,95.19301684397571,96.09961700439453,277000,0.0,0.0
2013-03-14 00:00:00+08:00,96.55293142510372,96.55293142510372,94.28643068742524,94.73973083496094,236950,0.0,0.0
2013-03-15 00:00:00+08:00,94.73973083496094,96.09963127756802,94.28643068742524,94.73973083496094,234408,0.0,0.0
2013-03-18 00:00:00+08:00,94.73973083496094,94.73973083496094,93.37983039235384,94.73973083496094,171060,0.0,0.0
2013-03-19 00:00:00+08:00,95.64631731633288,97.91281772667253,93.83311698806118,96.55291748046875,392883,0.0,0.0
2013-03-20 00:00:00+08:00,96.55291708460393,98.81941748565097,96.09961700439453,96.09961700439453,269870,0.0,0.0
2013-03-21 00:00:00+08:00,96.55292438669792,96.55292438669792,95.64632415771484,95.64632415771484,164000,0.0,0.0
2013-03-22 00:00:00+08:00,94.28643035888672,96.09963094271147,94.28643035888672,94.28643035888672,175035,0.0,0.0
2013-03-25 00:00:00+08:00,97.45952846767666,100.63262939453125,96.09962807045326,100.63262939453125,452340,0.0,0.0
2013-03-26 00:00:00+08:00,101.53922895951705,102.89912934736772,99.27272831309925,99.72602844238281,774580,0.0,0.0
2013-03-27 00:00:00+08:00,101.53922382640418,106.07222489008294,101.53922382640418,102.89912414550781,1066599,0.0,0.0
2013-03-28 00:00:00+08:00,103.80573032138584,104.71233058620143,100.17932926212345,100.63262939453125,603542,0.0,0.0
2013-03-29 00:00:00+08:00,100.63261943393283,100.63261943393283,97.00621873361092,97.9128189086914,510949,0.0,0.0
2013-04-01 00:00:00+08:00,98.81942495915563,98.81942495915563,95.64632415771484,95.64632415771484,253120,0.0,0.0
2013-04-02 00:00:00+08:00,95.64632379441035,96.55292401994978,94.28642345610119,95.19302368164062,271917,0.0,0.0
2013-04-03 00:00:00+08:00,96.55291708460393,98.36611740544157,95.19301684397571,96.09961700439453,445000,0.0,0.0
2013-04-08 00:00:00+08:00,94.73972133561676,94.73972133561676,91.56662062102673,92.47322082519531,424262,0.0,0.0
2013-04-09 00:00:00+08:00,92.47322811634082,93.83312852981642,91.56662784069043,92.01992797851562,404016,0.0,0.0
2013-04-10 00:00:00+08:00,91.56663093365059,91.56663093365059,85.583070295606,85.6737289428711,946076,0.0,0.0
2013-04-11 00:00:00+08:00,85.67372843769404,86.67098738535255,82.86326888817958,83.04458618164062,576247,0.0,0.0
2013-04-12 00:00:00+08:00,83.4072265625,84.04184399788146,83.22590927147995,83.4072265625,188300,0.0,0.0
2013-04-15 00:00:00+08:00,83.40722342354911,83.40722342354911,78.51158066532642,79.32752227783203,372231,0.0,0.0
2013-04-16 00:00:00+08:00,77.42366692817151,77.42366692817151,74.97584197046191,76.06376647949219,565280,0.0,0.0
2013-04-17 00:00:00+08:00,76.15442561999815,79.32752668749808,76.15442561999815,78.69290924072266,529249,0.0,0.0
2013-04-18 00:00:00+08:00,78.23960009126861,79.96213493924114,77.96761726432,79.50883483886719,221620,0.0,0.0
2013-04-19 00:00:00+08:00,79.96213968933029,81.14072278703962,79.32752227783203,79.32752227783203,209125,0.0,0.0
2013-04-22 00:00:00+08:00,79.5995070153769,80.68742458006908,78.14894104003906,78.14894104003906,180250,0.0,0.0
2013-04-23 00:00:00+08:00,78.14893406858856,78.78355835538858,76.15441640564123,76.42639923095703,301356,0.0,0.0
2013-04-24 00:00:00+08:00,76.60772673288982,77.42366840098111,75.24782625834148,76.15442657470703,256585,0.0,0.0
2013-04-25 00:00:00+08:00,76.15441564243805,76.4263984650281,75.42913272673825,75.5197982788086,176740,0.0,0.0
2013-04-26 00:00:00+08:00,75.70112958279371,78.05828912057223,75.70112958279371,76.78904724121094,466362,0.0,0.0
2013-04-29 00:00:00+08:00,77.15168178398503,79.32752382071546,76.78904029172809,77.69564056396484,301705,0.0,0.0
2013-04-30 00:00:00+08:00,78.33026490461725,78.87422368459707,77.24234042784647,77.69564056396484,169161,0.0,0.0
2013-05-02 00:00:00+08:00,77.69563729459803,77.96762013154871,76.60771978041704,77.06101989746094,206550,0.0,0.0
2013-05-03 00:00:00+08:00,77.15167928337978,77.42366212295988,76.15442039960429,76.24507904052734,234505,0.0,0.0
2013-05-06 00:00:00+08:00,77.33300495532778,77.42366359797799,76.24508049309198,76.33573913574219,242000,0.0,0.0
2013-05-07 00:00:00+08:00,76.33573367797806,76.97035796477807,76.33573367797806,76.42639923095703,138207,0.0,0.0
2013-05-08 00:00:00+08:00,76.69838021346831,77.87696331205892,76.69838021346831,77.60498046875,247306,0.0,0.0
2013-05-09 00:00:00+08:00,78.60224335169956,78.60224335169956,77.24234289982371,78.23960876464844,341630,0.0,0.0
2013-05-10 00:00:00+08:00,78.1489457785095,78.4209286445795,77.5143283134283,77.9676284790039,191276,0.0,0.0
2013-05-13 00:00:00+08:00,77.8769685591639,77.96762720743816,75.51980911997575,76.15442657470703,289484,0.0,0.0
2013-05-14 00:00:00+08:00,76.33573981964398,78.33026455987329,75.61046375513332,77.24234008789062,310367,0.0,0.0
2013-05-15 00:00:00+08:00,77.96761976614506,78.14893704538851,76.60771942138672,76.60771942138672,151148,0.0,0.0
2013-05-16 00:00:00+08:00,77.24233365703061,81.59401734903679,77.06101638520141,80.32477569580078,869568,0.0,0.0
2013-05-17 00:00:00+08:00,81.59402423092324,84.13250775149864,81.140724096307,82.86326599121094,712879,0.0,0.0
2013-05-20 00:00:00+08:00,83.22590871452694,83.76986750075817,80.68742515636619,80.77808380126953,429315,0.0,0.0
2013-05-21 00:00:00+08:00,81.05006665279076,81.50336679411866,80.41544230484496,80.77808380126953,189332,0.0,0.0
2013-05-22 00:00:00+08:00,82.22864139214252,82.22864139214252,80.68742370605469,80.68742370605469,150315,0.0,0.0
2013-05-23 00:00:00+08:00,80.1434694958934,80.68742830334013,78.14894464617336,78.33026885986328,306020,0.0,0.0
2013-05-24 00:00:00+08:00,78.42092750830248,79.14621052943913,77.96762734929496,78.33026885986328,144052,0.0,0.0
2013-05-27 00:00:00+08:00,78.33026343969976,78.42092208186573,77.42366318441807,77.60498046875,89791,0.0,0.0
2013-05-28 00:00:00+08:00,77.69563797611652,80.14346277971148,77.69563797611652,79.6901626586914,189500,0.0,0.0
2013-05-29 00:00:00+08:00,80.23411961819264,85.22042083740234,80.23411961819264,85.22042083740234,785308,0.0,0.0
2013-05-30 00:00:00+08:00,87.03362276656769,88.3935231222953,85.1297636519112,85.31108093261719,1481543,0.0,0.0
2013-05-31 00:00:00+08:00,86.12702742866847,86.94296907188128,83.4072265625,83.4072265625,472572,0.0,0.0
2013-06-03 00:00:00+08:00,81.86600765018406,86.58032631639414,81.86600765018406,85.4924087524414,624214,0.0,0.0
2013-06-04 00:00:00+08:00,85.67373277651909,85.76439142784089,84.13251495361328,84.13251495361328,250161,0.0,0.0
2013-06-05 00:00:00+08:00,83.86052783583808,85.94571129469699,83.04458618164062,83.04458618164062,200679,0.0,0.0
2013-06-06 00:00:00+08:00,82.04732723398213,85.31108693396057,82.04732723398213,83.04458618164062,236915,0.0,0.0
2013-06-07 00:00:00+08:00,84.3138262869894,84.3138262869894,80.77808380126953,80.77808380126953,201211,0.0,0.0
2013-06-10 00:00:00+08:00,83.4072185142929,83.4072185142929,80.9594007376629,81.23137664794922,126350,0.0,0.0
2013-06-11 00:00:00+08:00,79.0555379849351,80.23412106103054,79.0555379849351,79.23686218261719,309150,0.0,0.0
2013-06-13 00:00:00+08:00,79.23686184263377,79.78082059972427,77.06101989746094,77.06101989746094,290501,0.0,0.0
2013-06-14 00:00:00+08:00,77.96762720743816,77.96762720743816,75.70112641652426,76.15442657470703,253015,0.0,0.0
2013-06-17 00:00:00+08:00,76.1544214436615,78.2396047975338,76.1544214436615,77.60498046875,143708,0.0,0.0
2013-06-18 00:00:00+08:00,78.6022404066973,80.14346501116479,77.69564013941446,78.96488189697266,230351,0.0,0.0
2013-06-19 00:00:00+08:00,79.6901567860263,79.78081542018715,78.0582737038892,78.5115737915039,195507,0.0,0.0
2013-06-20 00:00:00+08:00,78.23960626075582,78.23960626075582,77.42366463238051,77.69564056396484,130000,0.0,0.0
2013-06-21 00:00:00+08:00,75.06650179738493,76.69837806100844,75.06650179738493,76.60771942138672,206120,0.0,0.0
2013-06-24 00:00:00+08:00,76.60771337961185,79.59949666885336,76.60771337961185,78.42091369628906,261320,0.0,0.0
2013-06-25 00:00:00+08:00,79.32751747967998,79.32751747967998,76.69837551699133,76.87969970703125,109050,0.0,0.0
2013-06-26 00:00:00+08:00,77.69563729459803,78.4209202485926,76.87970261736773,77.06101989746094,127979,0.0,0.0
2013-06-27 00:00:00+08:00,77.15168075321628,77.96762237069036,76.24508049309198,76.33573913574219,101013,0.0,0.0
2013-06-28 00:00:00+08:00,76.60771688037667,77.51431708014445,76.1544167804928,76.87969970703125,126316,0.0,0.0
2013-07-01 00:00:00+08:00,76.87970261736773,77.60497865455143,76.78903706051025,77.06101989746094,139726,0.0,0.0
2013-07-02 00:00:00+08:00,77.06101953630616,77.60497829084734,76.60771942138672,76.60771942138672,101100,0.0,0.0
2013-07-03 00:00:00+08:00,76.24507684826553,76.426401041709,75.15715935484769,75.24781799316406,169250,0.0,0.0
2013-07-04 00:00:00+08:00,75.24781986186925,75.24781986186925,71.07746014445313,71.44010162353516,445276,0.0,0.0
2013-07-05 00:00:00+08:00,71.4400971414313,72.52801459361126,67.99501368151056,68.62963104248047,463166,0.0,0.0
2013-07-08 00:00:00+08:00,68.62963883409846,68.62963883409846,65.81917933288275,66.00050354003906,295042,0.0,0.0
2013-07-09 00:00:00+08:00,65.27522054503638,66.63512097305797,65.27522054503638,66.00050354003906,221408,0.0,0.0
2013-07-10 00:00:00+08:00,66.18182395869066,70.53350830078125,66.18182395869066,70.53350830078125,512100,0.0,0.0
2013-07-11 00:00:00+08:00,71.62141340206831,72.25603075409667,70.71481323242188,70.71481323242188,488310,0.0,0.0
2013-07-12 00:00:00+08:00,70.89613773020666,72.16537948052161,69.89887882524887,71.98406219482422,336000,0.0,0.0
2013-07-15 00:00:00+08:00,72.43736524155867,73.34396554015937,72.0747237387561,72.1653823852539,172005,0.0,0.0
2013-07-16 00:00:00+08:00,72.1653736101783,72.1653736101783,70.35217323345618,70.80547332763672,171471,0.0,0.0
2013-07-17 00:00:00+08:00,70.89613892667063,70.89613892667063,69.80822136050413,69.89888000488281,110100,0.0,0.0
2013-07-18 00:00:00+08:00,69.98953796476907,70.4428380990404,68.99227905273438,68.99227905273438,115050,0.0,0.0
2013-07-19 00:00:00+08:00,69.62689935113549,70.26151673557119,68.90161641165692,69.17359924316406,145200,0.0,0.0
2013-07-22 00:00:00+08:00,69.62690848508556,70.26152595277306,69.26426696777344,69.26426696777344,65005,0.0,0.0
2013-07-23 00:00:00+08:00,69.89888564953795,71.34944482716963,69.89888564953795,71.07746887207031,282165,0.0,0.0
2013-07-24 00:00:00+08:00,73.07197399427015,75.97309875488281,71.62141507236909,75.97309875488281,504227,0.0,0.0
2013-07-25 00:00:00+08:00,80.14345917318269,81.23137664794922,78.87421750808133,81.23137664794922,1146661,0.0,0.0
2013-07-26 00:00:00+08:00,81.50336567356769,83.86052499270306,81.050065538472,81.1407241821289,1985114,0.0,0.0
2013-07-29 00:00:00+08:00,82.59128262703672,86.76164245605469,82.50062398404285,86.76164245605469,2271415,0.0,0.0
2013-07-30 00:00:00+08:00,88.8468320791673,92.47323338852107,88.8468320791673,90.56937408447266,2391708,0.0,0.0
2013-07-31 00:00:00+08:00,90.66002776568683,92.47322832100058,88.12154422152312,88.57484436035156,1409056,0.0,0.0
2013-08-01 00:00:00+08:00,88.84682136537772,91.5666220194199,85.67372060232852,88.21220397949219,1459678,0.0,0.0
2013-08-02 00:00:00+08:00,91.56662948314961,94.28643035888672,90.47871189957928,94.28643035888672,2033094,0.0,0.0
2013-08-05 00:00:00+08:00,97.00622833526886,100.63262939453125,96.55292820286107,100.63262939453125,1627300,0.0,0.0
2013-08-06 00:00:00+08:00,103.80571836795447,103.80571836795447,93.83311660334749,96.09961700439453,2665545,0.0,0.0
2013-08-07 00:00:00+08:00,102.44583129882812,102.44583129882812,102.44583129882812,102.44583129882812,966411,0.0,0.0
2013-08-08 00:00:00+08:00,106.97882510281869,108.7920255282902,101.0859237200363,102.89912414550781,4819414,0.0,0.0
2013-08-09 00:00:00+08:00,102.44581097569959,108.33871160704514,101.5392108785695,105.16561126708984,2811382,0.0,0.0
2013-08-12 00:00:00+08:00,105.1656250535396,106.52552537750779,101.08592408163506,103.35242462158203,1698002,0.0,0.0
2013-08-13 00:00:00+08:00,104.25902370876736,105.61892401801215,101.53922309027779,101.99252319335938,1303071,0.0,0.0
2013-08-14 00:00:00+08:00,99.7260251881387,101.53922564610487,95.1930240432233,95.64632415771484,1642539,0.0,0.0
2013-08-15 00:00:00+08:00,94.2864182083695,100.63261943393283,93.37981803328903,97.9128189086914,1770596,0.0,0.0
2013-08-16 00:00:00+08:00,98.3661186040834,101.53921920421512,97.45951843261719,97.45951843261719,977489,0.0,0.0
2013-08-19 00:00:00+08:00,98.81942423944888,104.25902557373047,97.91282401706862,104.25902557373047,1978250,0.0,0.0
2013-08-20 00:00:00+08:00,104.25902095409708,106.07222131851617,98.81941986083984,98.81941986083984,1575305,0.0,0.0
2013-08-22 00:00:00+08:00,101.53923265861742,105.16563382499662,100.63263236702262,104.71233367919922,1379495,0.0,0.0
2013-08-23 00:00:00+08:00,106.52553254524163,106.52553254524163,101.99253116033773,102.44583129882812,860430,0.0,0.0
2013-08-26 00:00:00+08:00,104.25902973521839,104.25902973521839,98.81942818381569,99.72602844238281,815543,0.0,0.0
2013-08-27 00:00:00+08:00,99.72603245785362,103.3524336381392,98.81943216278222,94.73973083496094,876929,0.0,0.0
2013-08-28 00:00:00+08:00,99.50051312285345,102.35698718379662,97.12011807206748,98.54835510253906,1231740,5.0,0.0
2013-08-29 00:00:00+08:00,99.97660270104042,100.9287608220027,97.59620739863469,99.02444458007812,888520,0.0,0.0
2013-08-30 00:00:00+08:00,99.02443411269626,100.45267114316785,98.07227609238187,98.54835510253906,531460,0.0,0.0
2013-09-02 00:00:00+08:00,99.97659284869876,99.97659284869876,93.02583634489068,94.8349380493164,888691,0.0,0.0
2013-09-03 00:00:00+08:00,93.31149642944337,96.64404987335206,93.31149642944337,95.21581268310547,769874,0.0,0.0
2013-09-04 00:00:00+08:00,95.69187927246094,97.59619527788304,94.64450692235658,95.69187927246094,706327,0.0,0.0
2013-09-05 00:00:00+08:00,98.54836758363594,99.97660479499298,98.0722885131836,98.0722885131836,952830,0.0,0.0
2013-09-06 00:00:00+08:00,99.02444519042969,99.02444519042969,95.21581268310547,95.21581268310547,526886,0.0,0.0
2013-09-09 00:00:00+08:00,95.21580332333279,96.16796135656612,92.35932922363281,92.35932922363281,399650,0.0,0.0
2013-09-10 00:00:00+08:00,92.35934219329957,94.26365852718203,89.02678860900525,89.31243896484375,558726,0.0,0.0
2013-09-11 00:00:00+08:00,88.55070602434635,94.45408352021343,86.17031070111123,93.9780044555664,1132219,0.0,0.0
2013-09-12 00:00:00+08:00,93.97800145012995,94.73973083496094,92.0736852524423,94.73973083496094,589915,0.0,0.0
2013-09-13 00:00:00+08:00,96.16796135656612,96.64404037318279,92.35932922363281,92.35932922363281,449030,0.0,0.0
2013-09-16 00:00:00+08:00,96.1679700667483,96.1679700667483,93.40671006739932,93.7875747680664,461175,0.0,0.0
2013-09-17 00:00:00+08:00,93.31149619006138,96.16797056322652,93.31149619006138,93.8827896118164,348150,0.0,0.0
2013-09-18 00:00:00+08:00,94.5493041694006,96.1679700667483,92.93063100766294,93.7875747680664,468301,0.0,0.0
2013-09-23 00:00:00+08:00,94.73971941043169,94.73971941043169,92.83540344238281,92.83540344238281,345452,0.0,0.0
2013-09-24 00:00:00+08:00,93.31148725686614,94.07321658920851,91.88325020701615,92.35932922363281,344100,0.0,0.0
2013-09-25 00:00:00+08:00,92.35932718423105,97.59619625137817,92.168898487545,94.5492935180664,1249510,0.0,0.0
2013-09-26 00:00:00+08:00,95.21579840244391,95.69187739445613,92.83540344238281,92.83540344238281,606210,0.0,0.0
2013-09-27 00:00:00+08:00,92.83540344238281,94.73971941043169,92.83540344238281,92.83540344238281,288030,0.0,0.0
2013-09-30 00:00:00+08:00,92.83540824024948,93.50191595775709,92.26411487318734,92.35932922363281,206803,0.0,0.0
2013-10-01 00:00:00+08:00,92.45454484780704,92.54975919956426,88.5506983106457,88.74112701416016,719072,0.0,0.0
2013-10-02 00:00:00+08:00,88.74113006100882,89.50285942999871,86.17030615334983,86.6463851928711,669127,0.0,0.0
2013-10-03 00:00:00+08:00,86.64637466642178,88.45547624969734,86.64637466642178,87.4081039428711,358369,0.0,0.0
2013-10-04 00:00:00+08:00,88.36027363549913,88.36027363549913,85.78944243451285,86.8368148803711,358871,0.0,0.0
2013-10-07 00:00:00+08:00,86.83681434235835,87.21767902878065,82.36167425396799,82.83775329589844,560737,0.0,0.0
2013-10-08 00:00:00+08:00,82.36167345548931,83.59948185826407,80.36214295164437,81.40951538085938,495650,0.0,0.0
2013-10-09 00:00:00+08:00,80.93343682928062,82.9329673451261,80.64778649942141,81.50473022460938,339153,0.0,0.0
2013-10-11 00:00:00+08:00,82.74253576744759,82.83775011930454,81.02864837646484,81.02864837646484,248335,0.0,0.0
2013-10-14 00:00:00+08:00,81.79037945417181,81.79037945417181,77.41045379638672,77.41045379638672,312550,0.0,0.0
2013-10-15 00:00:00+08:00,78.07696784201218,79.98128413084174,78.07696784201218,79.79085540771484,275490,0.0,0.0
2013-10-16 00:00:00+08:00,80.07649804339356,80.07649804339356,77.12480926513672,77.12480926513672,382585,0.0,0.0
2013-10-17 00:00:00+08:00,77.22001909955095,79.40998559680604,77.22001909955095,78.93390655517578,341768,0.0,0.0
2013-10-18 00:00:00+08:00,79.21954827180022,79.21954827180022,77.69609681741744,78.74346923828125,227993,0.0,0.0
2013-10-21 00:00:00+08:00,78.74346441143037,79.02911471978764,77.88652801513672,77.88652801513672,200181,0.0,0.0
2013-10-22 00:00:00+08:00,77.88652900423963,79.02911572340058,77.31522838026996,78.07695770263672,191282,0.0,0.0
2013-10-23 00:00:00+08:00,79.02912454043118,83.50426483154297,79.02912454043118,83.50426483154297,644118,0.0,0.0
2013-10-24 00:00:00+08:00,83.40904385143706,83.40904385143706,80.93343437062524,82.3616714477539,700500,0.0,0.0
2013-10-25 00:00:00+08:00,81.695170201768,85.50380270974058,81.695170201768,83.50426483154297,866605,0.0,0.0
2013-10-28 00:00:00+08:00,83.69470166547569,85.69423229958807,83.5994873046875,83.5994873046875,449250,0.0,0.0
2013-10-29 00:00:00+08:00,83.78991655483753,84.45642434894951,81.12387084960938,81.12387084960938,273460,0.0,0.0
2013-10-30 00:00:00+08:00,81.69517549439801,81.98081859236737,79.12434402633095,80.45736694335938,468346,0.0,0.0
2013-10-31 00:00:00+08:00,79.9812736380707,80.74300295942705,79.12432996764211,79.31476593017578,194100,0.0,0.0
2013-11-01 00:00:00+08:00,79.50519945982414,79.50519945982414,78.17217669863778,78.83869171142578,222015,0.0,0.0
2013-11-04 00:00:00+08:00,78.83869189306654,79.79084997262343,76.64872540432982,77.60088348388672,189492,0.0,0.0
2013-11-05 00:00:00+08:00,76.64872838692659,78.07696556183828,76.64872838692659,76.83915710449219,262013,0.0,0.0
2013-11-06 00:00:00+08:00,76.839144712323,77.88652428318824,76.839144712323,77.31522369384766,155050,0.0,0.0
2013-11-07 00:00:00+08:00,77.88652428318824,77.88652428318824,77.31522369384766,77.31522369384766,125293,0.0,0.0
2013-11-08 00:00:00+08:00,77.12480539390339,77.12480539390339,73.31617302877235,73.88746643066406,407196,0.0,0.0
2013-11-11 00:00:00+08:00,78.93390704288936,79.02912139892578,78.26739202185495,79.02912139892578,822498,0.0,0.0
2013-11-12 00:00:00+08:00,80.45736234776076,82.83775768349332,78.36261735807213,79.69563293457031,1263633,0.0,0.0
2013-11-13 00:00:00+08:00,79.8860632773605,81.79037941143636,78.64825488445537,78.74346923828125,639100,0.0,0.0
2013-11-14 00:00:00+08:00,78.07695569973673,80.93342968875149,77.88652700622468,80.26692199707031,609160,0.0,0.0
2013-11-15 00:00:00+08:00,79.60041430770228,80.83822272169684,78.55304186899363,78.93390655517578,351170,0.0,0.0
2013-11-18 00:00:00+08:00,78.74346923828125,80.64778537235712,78.64825488445537,78.74346923828125,548862,0.0,0.0
2013-11-19 00:00:00+08:00,78.7434791972811,79.69563738474226,75.50614717142557,76.45830535888672,497155,0.0,0.0
2013-11-20 00:00:00+08:00,76.45828723281902,77.22000924357121,75.98220825195312,75.98220825195312,244100,0.0,0.0
2013-11-21 00:00:00+08:00,75.60135769549352,79.02912554328825,74.26833484790943,77.12480926513672,866336,0.0,0.0
2013-11-22 00:00:00+08:00,77.60088165319996,82.4568862915039,77.60088165319996,82.4568862915039,2210219,0.0,0.0
2013-11-25 00:00:00+08:00,84.64685591360622,88.16983795166016,84.26599122355964,88.16983795166016,2324085,0.0,0.0
2013-11-26 00:00:00+08:00,90.45501891657477,92.9306285077294,88.74113144187325,90.74066925048828,3338621,0.0,0.0
2013-11-27 00:00:00+08:00,91.40717433990642,91.88325337292676,88.74112884923666,89.02677917480469,1250660,0.0,0.0
2013-11-28 00:00:00+08:00,90.1693663775928,95.02537834903136,89.50285863394689,94.2636489868164,2258738,0.0,0.0
2013-11-29 00:00:00+08:00,94.73973712031706,95.21581620132368,91.78804827095408,91.88326263427734,1158784,0.0,0.0
2013-12-02 00:00:00+08:00,91.50238951905875,94.5492997165083,89.97893805252878,90.45501708984375,1409562,0.0,0.0
2013-12-03 00:00:00+08:00,90.45501882754989,91.69282725410385,87.40811583595675,88.16983795166016,1690950,0.0,0.0
2013-12-04 00:00:00+08:00,88.16984413909267,89.02678793573719,87.59855069612642,87.88420104980469,695930,0.0,0.0
2013-12-05 00:00:00+08:00,88.83635233326684,93.7875714749178,88.07462295867914,93.21627807617188,1995301,0.0,0.0
2013-12-06 00:00:00+08:00,93.31149131373355,93.31149131373355,90.45501708984375,90.45501708984375,1237930,0.0,0.0
2013-12-09 00:00:00+08:00,90.45502119166876,93.21628118618716,88.55070495605469,88.55070495605469,1101288,0.0,0.0
2013-12-10 00:00:00+08:00,89.50284855652359,89.50284855652359,86.64637466642178,87.4081039428711,595300,0.0,0.0
2013-12-11 00:00:00+08:00,86.64638100234451,89.40764075090149,83.78990690336613,84.6468505859375,1036500,0.0,0.0
2013-12-12 00:00:00+08:00,83.98034592483442,86.93204200136732,83.88513156271179,85.12294006347656,700750,0.0,0.0
2013-12-13 00:00:00+08:00,86.26551248264582,87.12245612693609,84.93248984312638,85.3133544921875,451849,0.0,0.0
2013-12-16 00:00:00+08:00,85.69422933909142,86.4559587278615,84.26599218343989,84.4564208984375,271090,0.0,0.0
2013-12-17 00:00:00+08:00,85.69423020185074,85.88465891876557,84.55164337158203,84.55164337158203,227260,0.0,0.0
2013-12-18 00:00:00+08:00,85.78944270650588,86.1703073964954,84.07556249813761,84.2659912109375,277010,0.0,0.0
2013-12-19 00:00:00+08:00,86.64638255801022,90.07415008544922,86.55116820587929,90.07415008544922,961050,0.0,0.0
2013-12-20 00:00:00+08:00,91.6928313874549,92.07368883028012,90.16937255859375,90.16937255859375,1998451,0.0,0.0
2013-12-23 00:00:00+08:00,90.83588489480685,92.74020110952235,87.88419621487581,88.36027526855469,787822,0.0,0.0
2013-12-24 00:00:00+08:00,89.31243337591243,89.69329080734364,88.16983928844923,88.36027526855469,597008,0.0,0.0
2013-12-25 00:00:00+08:00,89.02678052153989,94.4540786743164,89.02678052153989,94.4540786743164,1763557,0.0,0.0
2013-12-26 00:00:00+08:00,95.0253648444012,95.69187249332566,92.07366943359375,92.07366943359375,2589822,0.0,0.0
2013-12-27 00:00:00+08:00,92.6449737996154,94.07321076098015,91.40716552734375,91.40716552734375,1135061,0.0,0.0
2013-12-30 00:00:00+08:00,91.97847041387072,93.02584286423732,90.64544762959062,90.74066925048828,901001,0.0,0.0
2013-12-31 00:00:00+08:00,91.69282162830645,92.83540836395322,90.74066359380436,91.12152099609375,708703,0.0,0.0
2014-01-02 00:00:00+08:00,91.88324893839122,91.88324893839122,89.21720357639207,89.59806823730469,555700,0.0,0.0
2014-01-03 00:00:00+08:00,90.26459321453575,91.78804476264982,89.69329252765174,89.97894287109375,522821,0.0,0.0
2014-01-06 00:00:00+08:00,91.40717930947581,91.40717930947581,87.78897555605307,88.55070495605469,603611,0.0,0.0
2014-01-07 00:00:00+08:00,88.55068919547173,89.88371177602323,88.3602605115595,88.45547485351562,398335,0.0,0.0
2014-01-08 00:00:00+08:00,89.40764871495901,89.50286307386172,88.55070495605469,88.55070495605469,338769,0.0,0.0
2014-01-09 00:00:00+08:00,88.64591266240294,90.45501440334776,88.64591266240294,88.74112701416016,453103,0.0,0.0
2014-01-10 00:00:00+08:00,89.78851265403763,89.78851265403763,85.78944423450463,87.12246704101562,557644,0.0,0.0
2014-01-13 00:00:00+08:00,88.07462295867914,93.21627807617188,87.88419424722707,93.21627807617188,2215196,0.0,0.0
2014-01-14 00:00:00+08:00,93.97800583172504,97.12013061016283,91.50239611218716,91.59761047363281,3485735,0.0,0.0
2014-01-15 00:00:00+08:00,91.88325887904607,93.31149606369445,90.55023605382958,91.21675109863281,974813,0.0,0.0
2014-01-16 00:00:00+08:00,91.21673832527733,92.07367470455499,89.12198638916016,89.12198638916016,693730,0.0,0.0
2014-01-17 00:00:00+08:00,89.50286380828372,91.3119656998398,89.50286380828372,89.97894287109375,521843,0.0,0.0
2014-01-20 00:00:00+08:00,90.83586847639282,93.78755662281172,89.97892488178384,92.07366943359375,1148185,0.0,0.0
2014-01-21 00:00:00+08:00,93.31149131373355,93.31149131373355,90.45501708984375,90.45501708984375,443480,0.0,0.0
2014-01-22 00:00:00+08:00,93.31149606369445,94.26365418679337,91.12152947481094,91.21675109863281,1039416,0.0,0.0
2014-01-23 00:00:00+08:00,91.88325337292676,91.88325337292676,89.02677917480469,89.02677917480469,622178,0.0,0.0
2014-01-24 00:00:00+08:00,89.02678303794917,89.8837267874491,87.78897459262815,88.36027526855469,348212,0.0,0.0
2014-01-27 00:00:00+08:00,87.21768645584466,87.97941589355469,86.64639300975728,87.97941589355469,378300,0.0,0.0
2014-02-05 00:00:00+08:00,86.7415904944577,88.8363424083505,86.7415904944577,87.6937484741211,243400,0.0,0.0
2014-02-06 00:00:00+08:00,87.69376094228552,89.02678375621919,87.21768188476562,87.21768188476562,287425,0.0,0.0
2014-02-07 00:00:00+08:00,88.07461311886424,88.55069210869593,87.31288382937797,87.6937484741211,279512,0.0,0.0
2014-02-10 00:00:00+08:00,87.78896083765751,88.55069010995021,85.69421623543569,86.07508087158203,370434,0.0,0.0
2014-02-11 00:00:00+08:00,85.12293592970877,85.12293592970877,81.12386753525061,84.4564208984375,702009,0.0,0.0
2014-02-12 00:00:00+08:00,85.31336030739959,85.31336030739959,83.69469451904297,83.69469451904297,341505,0.0,0.0
2014-02-13 00:00:00+08:00,83.69469500957679,84.55163871730143,83.69469500957679,83.78990936279297,190105,0.0,0.0
2014-02-14 00:00:00+08:00,86.64638624139845,87.69375868814181,85.50379943847656,85.50379943847656,528622,0.0,0.0
2014-02-17 00:00:00+08:00,87.31289128251824,87.31289128251824,83.59948065636061,83.78990936279297,359446,0.0,0.0
2014-02-18 00:00:00+08:00,83.78990272954141,84.9324894064614,83.78990272954141,83.98033142089844,128331,0.0,0.0
2014-02-19 00:00:00+08:00,84.36120663417508,85.12293602378702,83.12340545654297,83.12340545654297,307685,0.0,0.0
2014-02-20 00:00:00+08:00,84.07555848661313,84.07555848661313,80.07649032911651,81.02864837646484,514105,0.0,0.0
2014-02-21 00:00:00+08:00,81.50472580716679,85.31335792212215,81.50472580716679,83.31382751464844,639406,0.0,0.0
2014-02-24 00:00:00+08:00,84.07556356136298,85.21815038139106,83.12340545654297,83.12340545654297,374360,0.0,0.0
2014-02-25 00:00:00+08:00,84.17078073380674,85.21815323125702,83.5994873046875,83.5994873046875,505346,0.0,0.0
2014-02-26 00:00:00+08:00,84.36120323979735,84.74206791927875,83.78990985277,83.88512420654297,224245,0.0,0.0
2014-02-27 00:00:00+08:00,84.26599091777939,85.31336336331452,82.93296813964844,82.93296813964844,318000,0.0,0.0
2014-03-03 00:00:00+08:00,81.9808112815195,86.17030839097525,81.9808112815195,84.4564208984375,649500,0.0,0.0
2014-03-04 00:00:00+08:00,84.45642381617131,85.50380357801168,83.50426567950923,83.5994873046875,278218,0.0,0.0
2014-03-05 00:00:00+08:00,84.55163871730143,85.02771774777185,83.50425903875492,83.78990936279297,264005,0.0,0.0
2014-03-06 00:00:00+08:00,84.26598172232289,84.74206071510439,83.98033142089844,83.98033142089844,283586,0.0,0.0
2014-03-07 00:00:00+08:00,84.26598641041959,85.9798737855398,82.83774935261587,84.7420654296875,957650,0.0,0.0
2014-03-10 00:00:00+08:00,85.50379000931034,87.50332032611479,83.88511707521992,83.98033142089844,787520,0.0,0.0
2014-03-11 00:00:00+08:00,83.12340362681259,84.55164075260393,81.98080956754569,82.83775329589844,475000,0.0,0.0
2014-03-12 00:00:00+08:00,83.31382949917302,83.69469417261857,82.3616714477539,82.3616714477539,290040,0.0,0.0
2014-03-13 00:00:00+08:00,82.36167473884652,84.55164125037521,82.36167473884652,82.93296813964844,414012,0.0,0.0
2014-03-14 00:00:00+08:00,83.40904852935508,86.45595882341301,83.12340545654297,83.12340545654297,529999,0.0,0.0
2014-03-17 00:00:00+08:00,83.59948065636061,85.02771774777185,83.31383033232255,83.78990936279297,306030,0.0,0.0
2014-03-18 00:00:00+08:00,84.74206493635893,86.5511666519231,84.45641462070537,84.6468505859375,641008,0.0,0.0
2014-03-19 00:00:00+08:00,85.21814357212611,85.21814357212611,83.31382751464844,83.31382751464844,391182,0.0,0.0
2014-03-20 00:00:00+08:00,83.31382863661823,83.31382863661823,80.55256886321243,80.93343353271484,434100,0.0,0.0
2014-03-21 00:00:00+08:00,81.02865691115782,81.8856006969105,78.07696810635653,78.55304718017578,452201,0.0,0.0
2014-03-24 00:00:00+08:00,78.07696740421248,78.55304647375036,75.4109217090443,77.12480926513672,300100,0.0,0.0
2014-03-25 00:00:00+08:00,78.07697207428687,82.17125522296301,76.74394914696973,81.88560485839844,441860,0.0,0.0
2014-03-26 00:00:00+08:00,83.78991530223098,84.45642308637909,82.17124938964844,82.17124938964844,486615,0.0,0.0
2014-03-27 00:00:00+08:00,82.17125147535646,82.45689456250311,80.36214953253356,81.2190933227539,255665,0.0,0.0
2014-03-28 00:00:00+08:00,80.93343569822432,81.40951473174329,78.55304053062949,78.74346923828125,243061,0.0,0.0
2014-03-31 00:00:00+08:00,78.74347990575019,81.88560485839844,78.74347990575019,81.88560485839844,282069,0.0,0.0
2014-04-01 00:00:00+08:00,82.3616671926188,82.3616671926188,80.26692249347545,80.36213684082031,189011,0.0,0.0
2014-04-02 00:00:00+08:00,80.9334363435444,82.64732378363414,80.9334363435444,81.40951538085938,415346,0.0,0.0
2014-04-03 00:00:00+08:00,81.88559698049605,87.02725219726562,81.88559698049605,87.02725219726562,1066671,0.0,0.0
2014-04-07 00:00:00+08:00,87.78897404330006,89.02678248087565,85.69422912597656,85.69422912597656,1786821,0.0,0.0
2014-04-08 00:00:00+08:00,85.69422933909142,86.6463874428591,83.3138340796722,84.4564208984375,550022,0.0,0.0
2014-04-09 00:00:00+08:00,84.5516394751717,90.35980224609375,84.26598914857325,90.35980224609375,2617075,0.0,0.0
2014-04-10 00:00:00+08:00,90.45501891657477,91.02631232001204,87.59854463499873,90.74066925048828,1876046,0.0,0.0
2014-04-11 00:00:00+08:00,90.45501864686305,94.83494441267531,89.59807491206745,93.31149291992188,1899703,0.0,0.0
2014-04-14 00:00:00+08:00,95.21581194727554,96.64404912648467,91.5976081875231,93.7875747680664,1261886,0.0,0.0
2014-04-15 00:00:00+08:00,95.21581218753428,95.21581218753428,90.64545029677666,92.54976654052734,417504,0.0,0.0
2014-04-16 00:00:00+08:00,93.31149803721527,94.07322745756083,91.40718175074149,91.59761047363281,351434,0.0,0.0
2014-04-17 00:00:00+08:00,91.59761208610868,92.54977024610727,90.16937484611078,90.55023956298828,369224,0.0,0.0
2014-04-18 00:00:00+08:00,91.40717156453844,91.59760026620883,86.6463813788854,87.3128890991211,852241,0.0,0.0
2014-04-21 00:00:00+08:00,86.83680483954626,89.50285008835932,86.83680483954626,87.6937484741211,288200,0.0,0.0
2014-04-22 00:00:00+08:00,89.02677306168779,89.02677306168779,86.45594936566205,86.74159240722656,416288,0.0,0.0
2014-04-23 00:00:00+08:00,87.12246324740966,87.50332792759865,85.69422614499311,86.4559555053711,321472,0.0,0.0
2014-04-24 00:00:00+08:00,86.45594894305475,87.122456634503,84.74206164448925,85.4085693359375,202224,0.0,0.0
2014-04-25 00:00:00+08:00,85.69423373422983,85.69423373422983,80.64779261968022,81.2190933227539,710035,0.0,0.0
2014-04-28 00:00:00+08:00,79.31476449124864,81.21908049570226,78.07695618259817,80.36213684082031,293788,0.0,0.0
2014-04-29 00:00:00+08:00,80.36214420384495,83.21861847224426,80.36214420384495,82.93296813964844,522234,0.0,0.0
2014-04-30 00:00:00+08:00,82.8377624150564,82.8377624150564,80.45736694335938,80.45736694335938,346102,0.0,0.0
2014-05-02 00:00:00+08:00,80.552578257298,81.69517239905518,80.552578257298,81.2190933227539,164664,0.0,0.0
2014-05-05 00:00:00+08:00,81.02864641901284,81.98080444335938,81.02864641901284,81.98080444335938,103500,0.0,0.0
2014-05-06 00:00:00+08:00,81.98080642381316,82.36167109563038,80.45735500093373,81.02864837646484,217329,0.0,0.0
2014-05-07 00:00:00+08:00,80.93344161627762,86.07509700713092,79.60041877207267,83.5994873046875,774600,0.0,0.0
2014-05-08 00:00:00+08:00,83.78990265490614,84.26598164726357,82.45688002342759,82.6473159790039,254101,0.0,0.0
2014-05-09 00:00:00+08:00,82.6473159790039,83.98033134609355,82.07601537666386,82.6473159790039,173050,0.0,0.0
2014-05-12 00:00:00+08:00,82.45688781007438,82.64732378363414,80.9334363435444,81.40951538085938,112100,0.0,0.0
2014-05-13 00:00:00+08:00,83.12340129010373,87.0272478713132,82.2664575858408,82.4568862915039,705410,0.0,0.0
2014-05-14 00:00:00+08:00,83.40904349483566,83.59947946293897,79.98127597725956,81.02864837646484,407000,0.0,0.0
2014-05-15 00:00:00+08:00,81.02864260808984,82.8377442221408,81.02864260808984,81.31429290771484,100200,0.0,0.0
2014-05-16 00:00:00+08:00,80.45735305728276,81.98080444335938,80.45735305728276,81.98080444335938,159200,0.0,0.0
2014-05-19 00:00:00+08:00,81.69517239905518,81.98081548620183,81.12387169598149,81.2190933227539,87371,0.0,0.0
2014-05-20 00:00:00+08:00,81.98081922512311,83.40905651916495,81.88560485839844,81.88560485839844,234451,0.0,0.0
2014-05-21 00:00:00+08:00,82.07601493273339,83.40903755700192,81.31429290771484,81.31429290771484,248120,0.0,0.0
2014-05-22 00:00:00+08:00,81.50473434111032,83.21862187804832,81.50473434111032,82.17124938964844,154325,0.0,0.0
2014-05-23 00:00:00+08:00,82.36167606693103,84.26599227657105,82.36167606693103,83.12340545654297,668341,0.0,0.0
2014-05-26 00:00:00+08:00,83.5042562146405,84.26598554338727,83.02817720027107,83.31382751464844,296010,0.0,0.0
2014-05-27 00:00:00+08:00,83.78990852488259,84.0755588460641,81.98080677430838,82.3616714477539,225000,0.0,0.0
2014-05-28 00:00:00+08:00,82.36167425396799,83.98034009077566,82.36167425396799,82.83775329589844,179300,0.0,0.0
2014-05-29 00:00:00+08:00,83.2186131646524,84.3611998933833,83.2186131646524,83.31382751464844,212405,0.0,0.0
2014-05-30 00:00:00+08:00,83.50425670895811,84.64685070884205,83.40904235839844,83.40904235839844,225206,0.0,0.0
2014-06-03 00:00:00+08:00,84.26599177028186,88.5507032162284,83.88512707776421,86.93203735351562,1256978,0.0,0.0
2014-06-04 00:00:00+08:00,88.55070868690869,91.0263184446324,87.40812180315629,89.21721649169922,1421421,0.0,0.0
2014-06-05 00:00:00+08:00,91.40716448325813,91.40716448325813,87.1224536481054,87.4081039428711,993675,0.0,0.0
2014-06-06 00:00:00+08:00,87.40811786640754,89.50286281373909,87.02725316751363,87.21768188476562,501300,0.0,0.0
2014-06-09 00:00:00+08:00,88.55069311262356,88.55069311262356,84.07555346322506,85.3133544921875,428062,0.0,0.0
2014-06-10 00:00:00+08:00,85.69422815083364,86.64638624139845,84.74207006026882,85.50379943847656,221850,0.0,0.0
2014-06-11 00:00:00+08:00,87.59854141449148,89.02677850277122,85.88465400279998,86.36073303222656,538325,0.0,0.0
2014-06-12 00:00:00+08:00,85.97987663970255,87.31289212639162,85.1229329236956,85.21814727783203,285359,0.0,0.0
2014-06-13 00:00:00+08:00,85.21814629641179,86.17030435558958,84.55163856074314,85.02771759033203,203010,0.0,0.0
2014-06-16 00:00:00+08:00,86.07508429177474,87.02724228778025,84.74206164448925,85.4085693359375,306412,0.0,0.0
2014-06-17 00:00:00+08:00,86.26551670972742,87.59853941456608,85.69422334033638,85.97987365722656,320400,0.0,0.0
2014-06-18 00:00:00+08:00,86.1702986384975,87.122456634503,84.93249033793475,85.4085693359375,263175,0.0,0.0
2014-06-19 00:00:00+08:00,86.64639542432771,86.64639542432771,85.69423723285158,85.7894515991211,240042,0.0,0.0
2014-06-20 00:00:00+08:00,87.12245747334248,88.83634478840976,85.88464916086177,88.07461547851562,869745,0.0,0.0
2014-06-23 00:00:00+08:00,89.02677647171191,90.74066384430274,86.8368100805558,87.3128890991211,1006000,0.0,0.0
2014-06-24 00:00:00+08:00,87.40811357364879,88.3602716419265,86.36073388703167,86.4559555053711,249130,0.0,0.0
2014-06-25 00:00:00+08:00,86.45595648281844,88.45548699592985,86.45595648281844,86.6463851928711,291512,0.0,0.0
2014-06-26 00:00:00+08:00,87.12246521305502,88.45548799159721,86.64638616817494,86.8368148803711,237450,0.0,0.0
2014-06-27 00:00:00+08:00,87.59854632116843,87.59854632116843,85.88465881347656,85.88465881347656,180545,0.0,0.0
2014-06-30 00:00:00+08:00,87.21766751563236,87.21766751563236,85.78943057837509,86.07508087158203,246000,0.0,0.0
2014-07-01 00:00:00+08:00,86.83681594190033,86.83681594190033,85.69422912597656,85.69422912597656,247001,0.0,0.0
2014-07-02 00:00:00+08:00,85.69422835010593,86.26552175289535,83.98034087734791,84.2659912109375,311253,0.0,0.0
2014-07-03 00:00:00+08:00,84.26599042168979,84.64685510811209,82.07602392305385,82.83775329589844,458231,0.0,0.0
2014-07-04 00:00:00+08:00,82.83774850027902,84.83727890775273,82.83774850027902,83.31382751464844,165331,0.0,0.0
2014-07-07 00:00:00+08:00,84.17078000648277,84.17078000648277,81.79038468539666,82.17124938964844,153522,0.0,0.0
2014-07-08 00:00:00+08:00,82.17125147535646,82.17125147535646,80.93344297121706,81.2190933227539,187211,0.0,0.0
2014-07-09 00:00:00+08:00,80.93343060070009,82.07601730342492,80.93343060070009,81.69515991210938,157549,0.0,0.0
2014-07-10 00:00:00+08:00,81.98080642381316,82.26645674377343,81.02864837646484,81.02864837646484,154561,0.0,0.0
2014-07-11 00:00:00+08:00,81.88558978569218,81.98080413489072,77.79130739065188,78.07695770263672,446015,0.0,0.0
2014-07-14 00:00:00+08:00,78.26739024565697,79.69562734696012,77.2200178242459,77.41045379638672,261015,0.0,0.0
2014-07-15 00:00:00+08:00,78.36260791067494,79.50519462832028,77.69609293839085,79.31476593017578,187569,0.0,0.0
2014-07-16 00:00:00+08:00,78.74347009217776,80.74300786615211,78.74347009217776,78.83869171142578,260270,0.0,0.0
2014-07-17 00:00:00+08:00,79.0291209106239,79.88606463843631,78.55304186899363,78.93390655517578,92323,0.0,0.0
2014-07-18 00:00:00+08:00,78.93391189210921,78.93391189210921,78.26739683012816,78.55304718017578,93006,0.0,0.0
2014-07-21 00:00:00+08:00,78.55304004129849,79.50519810240513,78.55304004129849,78.64825439453125,91100,0.0,0.0
2014-07-22 00:00:00+08:00,78.74346579748968,79.40998077392578,78.64825144782431,79.40998077392578,96200,0.0,0.0
2014-07-23 00:00:00+08:00,79.40998077392578,79.40998077392578,79.40998077392578,79.40998077392578,0,0.0,0.0
2014-07-24 00:00:00+08:00,80.45735118816518,80.93343018927858,79.88605783970691,80.36213684082031,139011,0.0,0.0
2014-07-25 00:00:00+08:00,80.45735803551469,80.45735803551469,78.74347057988987,78.93390655517578,139007,0.0,0.0
2014-07-28 00:00:00+08:00,79.02912110027839,79.02912110027839,77.6008839719601,77.69609832763672,110054,0.0,0.0
2014-07-29 00:00:00+08:00,77.79130256773254,78.07695286200759,75.69655795767808,75.98220825195312,215606,0.0,0.0
2014-07-30 00:00:00+08:00,75.98222542647396,77.12481233305942,75.98222542647396,76.36308288574219,81270,0.0,0.0
2014-07-31 00:00:00+08:00,77.02959490410716,78.45783211272081,76.17265112606096,77.12480926513672,91308,0.0,0.0
2014-08-01 00:00:00+08:00,77.12480695785649,77.12480695785649,76.64872790256108,76.74394226074219,64401,0.0,0.0
2014-08-04 00:00:00+08:00,78.36259985099802,78.36259985099802,77.31522032575985,77.98173522949219,90101,0.0,0.0
2014-08-05 00:00:00+08:00,78.0769690354488,78.26739776148648,75.79178800104542,76.07743835449219,116402,0.0,0.0
2014-08-06 00:00:00+08:00,76.17263898764939,76.6487179813222,71.03098440310526,72.55443572998047,289206,0.0,0.0
2014-08-07 00:00:00+08:00,71.50707196224248,72.55444442090423,70.9357785542806,71.41185760498047,193012,0.0,0.0
2014-08-08 00:00:00+08:00,69.50753784179688,70.65012459919392,68.93624446309835,69.50753784179688,215050,0.0,0.0
2014-08-11 00:00:00+08:00,70.45969950358072,71.60228631950449,70.07883481014287,71.41185760498047,104205,0.0,0.0
2014-08-12 00:00:00+08:00,71.50707304247067,72.3640167995539,70.26927185058594,70.26927185058594,117192,0.0,0.0
2014-08-13 00:00:00+08:00,70.3644843792272,70.3644843792272,69.0314615989218,69.9836196899414,114241,0.0,0.0
2014-08-14 00:00:00+08:00,69.60275317556952,70.4596968878948,69.50753882184216,69.69796752929688,88797,0.0,0.0
2014-08-15 00:00:00+08:00,69.50754268251616,69.6979714005479,69.03146362304688,69.03146362304688,79381,0.0,0.0
2014-08-18 00:00:00+08:00,68.74581609561832,68.74581609561832,64.27067565917969,64.27067565917969,344685,0.0,0.0
2014-08-19 00:00:00+08:00,59.98595793985,61.890274064924604,59.89074358647417,61.2237663269043,459067,0.0,0.0
2014-08-20 00:00:00+08:00,61.22376722492272,62.46156836574333,57.12948459020237,57.51034927368164,544393,0.0,0.0
2014-08-21 00:00:00+08:00,55.41560234581461,56.177328102116185,53.511286138963214,54.558658599853516,867105,0.0,0.0
2014-08-22 00:00:00+08:00,54.7490904622797,58.36729049682617,54.27301141478162,58.36729049682617,479705,0.0,0.0
2014-08-25 00:00:00+08:00,59.50987759876245,60.74768232637778,59.50987759876245,60.3668212890625,581118,0.0,0.0
2014-08-26 00:00:00+08:00,60.462042132968634,61.69985062569885,59.9859630610555,60.176395416259766,166220,0.0,0.0
2014-08-27 00:00:00+08:00,61.223766989152985,61.223766989152985,59.89074423430374,60.081172943115234,128445,0.0,0.0
2014-08-28 00:00:00+08:00,59.033799704856364,60.557251147587664,58.65293502807617,58.65293502807617,156005,0.0,0.0
2014-08-29 00:00:00+08:00,58.65293583386025,60.93811666154615,58.36728913844821,60.081172943115234,251491,0.0,0.0
2014-09-01 00:00:00+08:00,64.27067565917969,64.27067565917969,64.27067565917969,64.27067565917969,208614,0.0,0.0
2014-09-02 00:00:00+08:00,68.65059661865234,68.74581097447278,66.93671642071537,68.65059661865234,1404090,0.0,0.0
2014-09-03 00:00:00+08:00,68.55538196074369,68.55538196074369,67.12714483656153,67.31757354736328,495250,0.0,0.0
2014-09-04 00:00:00+08:00,71.88793797986261,71.88793797986261,68.55538456357759,69.03146362304688,1017434,0.0,0.0
2014-09-05 00:00:00+08:00,70.4596968878948,71.22142624649273,69.22188849627057,69.69796752929688,449300,0.0,0.0
2014-09-09 00:00:00+08:00,69.98362385142933,70.45970292524858,68.07930755615234,68.07930755615234,260580,0.0,0.0
2014-09-10 00:00:00+08:00,69.22189951534351,69.22189951534351,67.60323345114284,68.9362564086914,175505,0.0,0.0
2014-09-11 00:00:00+08:00,69.50754405430385,69.60275841519885,66.65106964111328,66.65106964111328,234010,0.0,0.0
2014-09-12 00:00:00+08:00,67.12714638385874,67.98409013099874,65.88933794194655,66.27020263671875,185000,0.0,0.0
2014-09-15 00:00:00+08:00,69.50753509896676,70.84055777292066,66.46063235654853,67.79364776611328,571143,0.0,0.0
2014-09-16 00:00:00+08:00,67.79365258875734,69.41232568813092,66.74628015056835,67.31757354736328,255505,0.0,0.0
2014-09-17 00:00:00+08:00,67.60322896015933,69.12668055427079,67.60322896015933,68.17452239990234,200333,0.0,0.0
2014-09-18 00:00:00+08:00,68.84103308328832,69.50754084315169,68.36495403641743,68.74581146240234,127015,0.0,0.0
2014-09-19 00:00:00+08:00,69.50754084315169,69.50754084315169,68.07930370253898,68.74581146240234,194205,0.0,0.0
2014-09-22 00:00:00+08:00,68.36495175576007,68.36495175576007,66.17498530745539,67.03192901611328,189060,0.0,0.0
2014-09-23 00:00:00+08:00,67.12714201781627,68.17451441202489,66.46063429360788,66.84149169921875,115100,0.0,0.0
2014-09-24 00:00:00+08:00,67.60322240042204,67.60322240042204,66.5558499851244,67.03192901611328,72401,0.0,0.0
2014-09-25 00:00:00+08:00,67.22235152868961,67.5080018267181,64.46109195050667,64.74674224853516,161555,0.0,0.0
2014-09-26 00:00:00+08:00,61.985485485302945,64.27066618014136,61.985485485302945,63.985015869140625,110637,0.0,0.0
2014-09-29 00:00:00+08:00,64.74674606864056,65.69890409906175,64.74674606864056,65.41325378417969,70200,0.0,0.0
2014-09-30 00:00:00+08:00,64.46110051505443,65.31804425860786,63.6041640358908,64.93717956542969,83025,0.0,0.0
2014-10-01 00:00:00+08:00,64.17546177568046,64.84196958544305,64.17546177568046,64.36589050292969,87040,0.0,0.0
2014-10-02 00:00:00+08:00,62.93764350278652,64.17545183127083,62.93764350278652,63.985015869140625,53030,0.0,0.0
2014-10-03 00:00:00+08:00,64.74674606864056,65.69890409906175,64.55631736831204,65.41325378417969,103345,0.0,0.0
2014-10-06 00:00:00+08:00,66.07976876410808,66.07976876410808,65.31803943401542,65.41325378417969,74166,0.0,0.0
2014-10-07 00:00:00+08:00,64.74674805598472,64.74674805598472,63.79458999633789,63.79458999633789,121020,0.0,0.0
2014-10-08 00:00:00+08:00,63.79459050662051,64.55631986618673,63.223297119140625,63.223297119140625,99015,0.0,0.0
2014-10-09 00:00:00+08:00,63.889802497114005,64.27066716280851,61.890272082704485,62.842430114746094,104045,0.0,0.0
2014-10-13 00:00:00+08:00,61.41419966614064,61.41419966614064,59.414669036865234,59.414669036865234,107050,0.0,0.0
2014-10-14 00:00:00+08:00,59.033797241210934,60.65246660168306,59.033797241210934,59.5098762512207,52070,0.0,0.0
2014-10-15 00:00:00+08:00,60.55725417126452,62.08070569006309,59.70031405401342,59.795528411865234,162327,0.0,0.0
2014-10-16 00:00:00+08:00,59.033799210215,59.50987823610383,55.796460381293066,58.55772018432617,233000,0.0,0.0
2014-10-17 00:00:00+08:00,61.223761417847946,61.223761417847946,57.12947917147033,57.891204833984375,128100,0.0,0.0
2014-10-20 00:00:00+08:00,59.5098833974231,59.5098833974231,58.272078549195705,59.414669036865234,73210,0.0,0.0
2014-10-21 00:00:00+08:00,58.84337186159193,59.12901857490065,58.55772514828321,58.7481575012207,47003,0.0,0.0
2014-10-22 00:00:00+08:00,59.41466190209658,59.70030858166353,58.748150561643996,59.5098762512207,66000,0.0,0.0
2014-10-23 00:00:00+08:00,59.50988043978472,60.271606182975,58.27207565307617,58.27207565307617,69004,0.0,0.0
2014-10-24 00:00:00+08:00,58.84337044031381,58.93858843058021,57.12948656966291,57.224700927734375,65007,0.0,0.0
2014-10-27 00:00:00+08:00,56.65340595020638,57.415131690324806,54.36822509765625,54.36822509765625,192121,0.0,0.0
2014-10-28 00:00:00+08:00,54.368225392366114,55.70124816894531,54.368225392366114,55.70124816894531,81310,0.0,0.0
2014-10-29 00:00:00+08:00,56.17732318115234,59.5098762512207,56.17732318115234,59.5098762512207,369131,0.0,0.0
2014-10-30 00:00:00+08:00,59.50988036417164,62.36635462165189,59.033801321258274,60.84290313720703,372918,0.0,0.0
2014-10-31 00:00:00+08:00,62.36635172104743,62.65200203926599,61.033329010009766,61.033329010009766,222150,0.0,0.0
2014-11-03 00:00:00+08:00,61.890272200107574,61.890272200107574,60.46203514933586,60.938114166259766,161003,0.0,0.0
2014-11-04 00:00:00+08:00,61.03333160170374,64.74674957428321,61.03333160170374,63.413726806640625,412102,0.0,0.0
2014-11-05 00:00:00+08:00,63.41372782180206,64.27067156217569,62.93764877319336,62.93764877319336,163500,0.0,0.0
2014-11-06 00:00:00+08:00,63.318514224067954,64.17545797471527,61.03333331047174,61.12854766845703,143001,0.0,0.0
2014-11-07 00:00:00+08:00,61.12854188837132,61.89027120900708,61.12854188837132,61.41419219970703,60199,0.0,0.0
2014-11-10 00:00:00+08:00,61.509410891529875,61.89027557873851,60.271606106394074,60.84290313720703,41201,0.0,0.0
2014-11-11 00:00:00+08:00,61.89027251600697,61.89027251600697,59.60509177023039,59.70030975341797,109150,0.0,0.0
2014-11-12 00:00:00+08:00,59.509879252949695,59.60509360687651,57.89120981083051,58.081642150878906,92050,0.0,0.0
2014-11-13 00:00:00+08:00,58.17686055644281,59.5098833974231,58.17686055644281,59.414669036865234,48102,0.0,0.0
2014-11-14 00:00:00+08:00,58.08164164510062,59.795525426222014,58.08164164510062,58.65293502807617,95075,0.0,0.0
2014-11-17 00:00:00+08:00,59.98596234702183,59.98596234702183,58.65293950865445,58.7481575012207,105105,0.0,0.0
2014-11-18 00:00:00+08:00,59.03379954805343,59.03379954805343,57.12948343360009,57.319915771484375,94000,0.0,0.0
2014-11-19 00:00:00+08:00,57.89120930671052,58.93858535175869,57.31991592373497,58.65293502807617,122408,0.0,0.0
2014-11-20 00:00:00+08:00,59.98595841956385,62.36635359494337,59.50987938448795,61.3189811706543,290254,0.0,0.0
2014-11-21 00:00:00+08:00,61.318979330642705,62.36635172350305,59.700309933517424,60.3668212890625,132197,0.0,0.0
2014-11-24 00:00:00+08:00,61.03333331047174,61.414198006802756,60.36682554018487,61.12854766845703,118021,0.0,0.0
2014-11-25 00:00:00+08:00,61.12854286727361,61.50940753369059,60.46203514933586,60.938114166259766,132000,0.0,0.0
2014-11-26 00:00:00+08:00,61.60462677304535,61.60462677304535,60.462039947509766,60.462039947509766,91200,0.0,0.0
2014-11-27 00:00:00+08:00,61.22377155378571,61.22377155378571,60.176395416259766,60.176395416259766,28102,0.0,0.0
2014-11-28 00:00:00+08:00,60.747684320539854,60.747684320539854,59.22423285687912,60.081172943115234,96412,0.0,0.0
2014-12-01 00:00:00+08:00,57.60556276761568,62.36635307898888,57.60556276761568,61.89027404785156,340928,0.0,0.0
2014-12-02 00:00:00+08:00,61.41419219970703,61.41419219970703,61.41419219970703,61.41419219970703,412412,0.0,0.0
2014-12-03 00:00:00+08:00,63.79458999633789,63.79458999633789,63.79458999633789,63.79458999633789,688980,0.0,0.0
2014-12-04 00:00:00+08:00,67.60322570800781,67.60322570800781,67.60322570800781,67.60322570800781,1743326,0.0,0.0
2014-12-05 00:00:00+08:00,67.60322777884348,67.60322777884348,64.7467533656529,66.65106964111328,409001,0.0,0.0
2014-12-08 00:00:00+08:00,67.1271449001408,68.65059638116678,65.88933648558802,65.98455810546875,820101,0.0,0.0
2014-12-09 00:00:00+08:00,65.69891338684518,65.69891338684518,64.27067613930507,64.36589050292969,235250,0.0,0.0
2014-12-10 00:00:00+08:00,64.55631736831204,66.2701974644366,64.55631736831204,65.41325378417969,278005,0.0,0.0
2014-12-11 00:00:00+08:00,65.69891357421875,66.93672209803987,65.50848484642643,65.69891357421875,233101,0.0,0.0
2014-12-12 00:00:00+08:00,67.60321903597249,67.60321903597249,65.98455331692317,66.46063232421875,208402,0.0,0.0
2014-12-15 00:00:00+08:00,67.3175707206217,67.3175707206217,66.27019832641308,66.84149169921875,251231,0.0,0.0
2014-12-16 00:00:00+08:00,66.8414897185439,69.03145605785923,66.46063232421875,66.46063232421875,534331,0.0,0.0
2014-12-17 00:00:00+08:00,67.50800229101182,67.98408128140768,65.88932936503254,66.07976531982422,231100,0.0,0.0
2014-12-18 00:00:00+08:00,66.65106300304932,67.12714202449966,65.50847625732422,65.50847625732422,125910,0.0,0.0
2014-12-19 00:00:00+08:00,66.65106263087551,69.50753674362733,62.461565812628336,64.17545318603516,628139,0.0,0.0
2014-12-22 00:00:00+08:00,64.74675314203719,65.31804656982422,64.46110279594865,65.31804656982422,137152,0.0,0.0
2014-12-23 00:00:00+08:00,66.27020562276117,68.36495790619995,66.27020562276117,68.07930755615234,504995,0.0,0.0
2014-12-24 00:00:00+08:00,68.17450904202465,68.17450904202465,67.03192238641309,67.22235107421875,202090,0.0,0.0
2014-12-25 00:00:00+08:00,67.79365699106536,67.79365699106536,66.65107012327948,66.74628448486328,115307,0.0,0.0
2014-12-26 00:00:00+08:00,66.84149836290328,67.41279905705348,66.27020493314319,66.65106964111328,169018,0.0,0.0
2014-12-29 00:00:00+08:00,68.07930143141094,68.84103078674896,67.03192901611328,67.03192901611328,237097,0.0,0.0
2014-12-30 00:00:00+08:00,69.50755056728042,71.69751739501953,69.12668582362265,71.69751739501953,840790,0.0,0.0
2014-12-31 00:00:00+08:00,74.1731030320581,76.64871215820312,73.50658813291895,76.64871215820312,3011021,0.0,0.0
2015-01-05 00:00:00+08:00,77.02958891698343,81.8855935959589,76.6487242380778,79.98127746582031,3547167,0.0,0.0
2015-01-06 00:00:00+08:00,79.21955539077638,82.64733055165773,79.02912666601195,81.2190933227539,1976688,0.0,0.0
2015-01-07 00:00:00+08:00,81.88559954920031,83.78991581778635,79.12433950687252,79.69563293457031,1753828,0.0,0.0
2015-01-08 00:00:00+08:00,79.98128328061425,81.50473484260507,78.5530460791747,79.69563293457031,1391155,0.0,0.0
2015-01-09 00:00:00+08:00,81.2190858561662,81.8855935959589,79.79084875856228,79.98127746582031,686412,0.0,0.0
2015-01-12 00:00:00+08:00,79.98127374416444,80.74300306653122,77.4104499938577,78.07695770263672,570349,0.0,0.0
2015-01-13 00:00:00+08:00,78.26740020364193,80.55258130934916,78.26740020364193,80.45736694335938,918397,0.0,0.0
2015-01-14 00:00:00+08:00,80.93343857374333,81.02865293095212,79.12433672921699,79.21955108642578,449080,0.0,0.0
2015-01-15 00:00:00+08:00,79.3147664242604,81.40951117445562,79.21954481020579,79.40998077392578,730011,0.0,0.0
2015-01-16 00:00:00+08:00,79.79084692812071,80.36214030117863,78.36260986328125,78.36260986328125,430000,0.0,0.0
2015-01-19 00:00:00+08:00,83.40904468553875,83.78990936279297,83.40904468553875,83.78990936279297,644878,0.0,0.0
2015-01-20 00:00:00+08:00,86.17030160086496,86.83680931522643,83.12339881465637,83.31382751464844,1989504,0.0,0.0
2015-01-21 00:00:00+08:00,82.93296246770592,83.69469179293884,81.98080444335938,81.98080444335938,540355,0.0,0.0
2015-01-22 00:00:00+08:00,82.74253710643896,84.64685323195245,82.5521011352539,82.5521011352539,655005,0.0,0.0
2015-01-23 00:00:00+08:00,82.83776305442632,83.50427088588962,81.88560485839844,81.88560485839844,410452,0.0,0.0
2015-01-26 00:00:00+08:00,82.64731704719942,83.50425343300734,81.21908005166756,81.59993743896484,751264,0.0,0.0
2015-01-27 00:00:00+08:00,81.98081548620183,82.45689456250311,80.93344297121706,81.2190933227539,254311,0.0,0.0
2015-01-28 00:00:00+08:00,81.21908918924963,82.55210472353953,80.55257415771484,80.55257415771484,301521,0.0,0.0
2015-01-29 00:00:00+08:00,80.45735666470536,80.45735666470536,78.74346923828125,78.74346923828125,439340,0.0,0.0
2015-01-30 00:00:00+08:00,78.74347333770775,79.69563145431553,76.36307804618829,76.83915710449219,461198,0.0,0.0
2015-02-02 00:00:00+08:00,77.12479786933223,77.69609121548652,75.2204818725586,75.2204818725586,250270,0.0,0.0
2015-02-03 00:00:00+08:00,75.31568962431322,77.1247911157075,75.31568962431322,76.64871215820312,257088,0.0,0.0
2015-02-04 00:00:00+08:00,77.12481087647991,77.60088995596435,75.69657363802658,76.07743835449219,248112,0.0,0.0
2015-02-05 00:00:00+08:00,77.1248085453825,77.1248085453825,75.31570664514368,75.69657135009766,111100,0.0,0.0
2015-02-06 00:00:00+08:00,75.69656903902903,76.26786244682299,75.2204899884691,75.31570434570312,174203,0.0,0.0
2015-02-09 00:00:00+08:00,75.31570069238717,75.31570069238717,73.41138458251953,73.41138458251953,155102,0.0,0.0
2015-02-10 00:00:00+08:00,73.31617157194933,74.26832964431232,72.84009253576784,73.60182189941406,137100,0.0,0.0
2015-02-11 00:00:00+08:00,73.41138592630772,74.7444086804938,73.22095721759095,73.60182189941406,219203,0.0,0.0
2015-02-12 00:00:00+08:00,73.7922531389116,74.26833219142071,72.45923033900813,72.74488067626953,133054,0.0,0.0
2015-02-13 00:00:00+08:00,72.84009552001953,73.69703927313303,72.84009552001953,72.84009552001953,158244,0.0,0.0
2015-02-24 00:00:00+08:00,73.79225905173541,74.26833814239177,72.36402177976635,72.45923614501953,143314,0.0,0.0
2015-02-25 00:00:00+08:00,72.45922704425826,72.84009172182544,71.88793366010223,72.173583984375,153156,0.0,0.0
2015-02-26 00:00:00+08:00,72.36400937638662,73.31616739449697,71.98314471626465,72.935302734375,147003,0.0,0.0
2015-03-02 00:00:00+08:00,73.31616973876953,73.88746311502493,72.64966201053649,73.31616973876953,132001,0.0,0.0
2015-03-03 00:00:00+08:00,73.31616739449697,73.79224640355214,72.8400883854418,72.935302734375,79017,0.0,0.0
2015-03-04 00:00:00+08:00,72.55445003051673,73.31617947628624,72.36402130126953,72.36402130126953,97310,0.0,0.0
2015-03-05 00:00:00+08:00,72.36401345332779,75.69656670446787,71.50706973587099,74.9348373413086,425888,0.0,0.0
2015-03-06 00:00:00+08:00,75.60134849095125,75.60134849095125,74.26832580566406,74.26832580566406,170246,0.0,0.0
2015-03-09 00:00:00+08:00,74.26833453701597,74.26833453701597,73.12574768066406,73.12574768066406,109663,0.0,0.0
2015-03-10 00:00:00+08:00,73.3161692463577,73.88746261877613,73.12574054368136,73.22095489501953,130007,0.0,0.0
2015-03-11 00:00:00+08:00,74.26833379771783,78.26739501953125,74.26833379771783,78.26739501953125,1340072,0.0,0.0
2015-03-12 00:00:00+08:00,78.07696667557242,78.07696667557242,75.69657135009766,75.69657135009766,792164,0.0,0.0
2015-03-13 00:00:00+08:00,75.69656087175201,77.02958352237135,75.2204818725586,75.2204818725586,293169,0.0,0.0
2015-03-16 00:00:00+08:00,75.2204818725586,75.2204818725586,75.2204818725586,75.2204818725586,0,0.0,0.0
2015-03-17 00:00:00+08:00,75.98221503643413,76.4582940598093,74.45875635012204,74.5539779663086,157060,0.0,0.0
2015-03-18 00:00:00+08:00,74.6492030342793,75.22049649146295,73.7922592163086,73.7922592163086,162233,0.0,0.0
2015-03-19 00:00:00+08:00,74.26832778732498,74.55397810764738,73.31616973876953,73.31616973876953,232519,0.0,0.0
2015-03-20 00:00:00+08:00,73.792255469471,73.88746983010198,72.93531169501203,73.12574768066406,156824,0.0,0.0
2015-03-23 00:00:00+08:00,73.1257390836403,75.8869915392626,73.1257390836403,74.26832580566406,207163,0.0,0.0
2015-03-24 00:00:00+08:00,75.41092522239403,75.41092522239403,73.7922592163086,73.7922592163086,92206,0.0,0.0
2015-03-25 00:00:00+08:00,73.79225905173541,74.0779094118854,72.07837141961636,72.45923614501953,163059,0.0,0.0
2015-03-26 00:00:00+08:00,71.50706481933594,72.45922282562374,71.41185047158497,71.50706481933594,149100,0.0,0.0
2015-03-27 00:00:00+08:00,71.41185814226178,71.60228685821853,66.55585324146595,67.60322570800781,654027,0.0,0.0
2015-03-30 00:00:00+08:00,67.6032191367045,67.6032191367045,64.84195943739789,65.22282409667969,416053,0.0,0.0
2015-03-31 00:00:00+08:00,60.747681833051274,62.175922516017636,60.747681833051274,60.938114166259766,888328,0.0,0.0
2015-04-01 00:00:00+08:00,61.12854435792461,61.699845003676195,59.98595759520039,60.5572509765625,406244,0.0,0.0
2015-04-02 00:00:00+08:00,60.557252093585895,63.79459100020559,60.557252093585895,63.318511962890625,400341,0.0,0.0
2015-04-07 00:00:00+08:00,63.31851769172397,67.41280068882463,63.31851769172397,65.60369873046875,442495,0.0,0.0
2015-04-08 00:00:00+08:00,65.88933852895887,65.88933852895887,63.98502230252203,65.03240203857422,141262,0.0,0.0
2015-04-09 00:00:00+08:00,65.60368537167628,65.79411405929899,64.46109145277366,64.65152740478516,128206,0.0,0.0
2015-04-10 00:00:00+08:00,65.41325279412601,65.69890310468465,64.65153073995157,65.22282409667969,83000,0.0,0.0
2015-04-13 00:00:00+08:00,69.50754034981568,69.69796906145656,67.69843853166857,68.65059661865234,380244,0.0,0.0
2015-04-14 00:00:00+08:00,68.55538330078124,72.3640157063802,68.2697329646054,71.41185760498047,488542,0.0,0.0
2015-04-15 00:00:00+08:00,71.41184853261488,73.12573580315319,69.60274691691086,69.88839721679688,336011,0.0,0.0
2015-04-16 00:00:00+08:00,70.17404557288025,70.9357749207379,69.12667316786805,69.50753784179688,272033,0.0,0.0
2015-04-17 00:00:00+08:00,69.69796703860389,69.88840300910742,68.46016592008365,69.60275268554688,200016,0.0,0.0
2015-04-20 00:00:00+08:00,70.55491914363424,71.41186295193553,69.41233224215941,71.03099822998047,275468,0.0,0.0
2015-04-21 00:00:00+08:00,71.98314580113208,71.98314580113208,67.88887062018573,70.5549087524414,139112,0.0,0.0
2015-04-22 00:00:00+08:00,70.45969980919128,70.45969980919128,68.65059795580704,68.84103393554688,87034,0.0,0.0
2015-04-23 00:00:00+08:00,68.93623966786066,71.41184897960932,68.93623966786066,71.22142028808594,190076,0.0,0.0
2015-04-24 00:00:00+08:00,70.93577886195608,70.93577886195608,68.65059795580704,68.84103393554688,288148,0.0,0.0
2015-04-27 00:00:00+08:00,68.07930124346609,69.98361736216444,68.07930124346609,69.60275268554688,194400,0.0,0.0
2015-04-28 00:00:00+08:00,70.26926972515858,70.26926972515858,68.65059661865234,68.65059661865234,125206,0.0,0.0
2015-04-29 00:00:00+08:00,68.07930291934963,68.65059631614456,66.93671612575977,67.31757354736328,194063,0.0,0.0
2015-04-30 00:00:00+08:00,67.31757515518763,69.98362075642648,67.31757515518763,68.84103393554688,153205,0.0,0.0
2015-05-04 00:00:00+08:00,68.8410244435363,69.69796080884407,68.26972384747933,68.55537414550781,108030,0.0,0.0
2015-05-05 00:00:00+08:00,68.07930525079409,68.46016994983036,67.69844055175781,67.69844055175781,87024,0.0,0.0
2015-05-06 00:00:00+08:00,67.22236377039967,68.07930755615234,66.93672068474221,68.07930755615234,110416,0.0,0.0
2015-05-07 00:00:00+08:00,69.50753886156262,69.50753886156262,67.98408740788574,68.36495208740234,84150,0.0,0.0
2015-05-08 00:00:00+08:00,69.12666649509433,69.12666649509433,66.65105725011081,67.12713623046875,128004,0.0,0.0
2015-05-11 00:00:00+08:00,68.55537817875364,69.03145719388388,62.93764434733904,64.08023834228516,364123,0.0,0.0
2015-05-12 00:00:00+08:00,64.74674969091596,66.27020117194193,63.6041628962439,65.98455810546875,139103,0.0,0.0
2015-05-13 00:00:00+08:00,65.98455804297167,68.55538196074369,65.98455804297167,67.31757354736328,151105,0.0,0.0
2015-05-14 00:00:00+08:00,66.7462802137869,66.84149456927796,63.79459160722602,65.98455810546875,124011,0.0,0.0
2015-05-15 00:00:00+08:00,65.98456162256747,65.98456162256747,65.1276178486919,65.31804656982422,85007,0.0,0.0
2015-05-18 00:00:00+08:00,63.88980286900424,64.74674655570765,63.12808079757069,64.17545318603516,143665,0.0,0.0
2015-05-19 00:00:00+08:00,63.98502578404093,65.41326303158104,63.98502578404093,64.36589050292969,66532,0.0,0.0
2015-05-20 00:00:00+08:00,64.36588336422061,65.50847739416373,63.98501868757289,64.46109771728516,87201,0.0,0.0
2015-05-21 00:00:00+08:00,63.79458378170539,65.41324941966478,63.79458378170539,64.65152740478516,92009,0.0,0.0
2015-05-22 00:00:00+08:00,64.65153073995157,65.69890310468465,64.65153073995157,65.22282409667969,70000,0.0,0.0
2015-05-25 00:00:00+08:00,65.22283290635207,67.41279954473016,65.12761854476827,66.74628448486328,113025,0.0,0.0
2015-05-26 00:00:00+08:00,66.74628400200828,67.88887812591857,66.55585528021828,66.65106964111328,68001,0.0,0.0
2015-05-27 00:00:00+08:00,66.65107012327948,67.60322826789776,66.46064140011188,66.74628448486328,55000,0.0,0.0
2015-05-28 00:00:00+08:00,66.84149631540107,68.55538381657131,66.84149631540107,67.60322570800781,190100,0.0,0.0
2015-05-29 00:00:00+08:00,68.55538079496587,69.41232450778087,67.88887305410397,68.36495208740234,183100,0.0,0.0
2015-06-01 00:00:00+08:00,71.88793556727512,71.88793556727512,66.65106608886435,68.65059661865234,184100,0.0,0.0
2015-06-02 00:00:00+08:00,68.65059143254001,68.93624174281197,67.60321906885807,67.79364776611328,91000,0.0,0.0
2015-06-03 00:00:00+08:00,68.55537708391242,69.03145609143958,67.1271400613309,67.79364776611328,76500,0.0,0.0
2015-06-04 00:00:00+08:00,67.60322777884348,68.65060027746867,66.46064091932328,66.65106964111328,179001,0.0,0.0
2015-06-05 00:00:00+08:00,66.65107012327948,67.31757791875621,64.84196819562672,66.74628448486328,109000,0.0,0.0
2015-06-08 00:00:00+08:00,66.84149604668214,66.84149604668214,65.22283017438758,66.27020263671875,122016,0.0,0.0
2015-06-09 00:00:00+08:00,66.17498514545498,66.17498514545498,63.79458999633789,63.79458999633789,220500,0.0,0.0
2015-06-10 00:00:00+08:00,63.79459235435562,68.55538282856126,63.79459235435562,67.41279602050781,121950,0.0,0.0
2015-06-11 00:00:00+08:00,67.50801086425781,68.7458120378495,67.41279650696457,67.50801086425781,178000,0.0,0.0
2015-06-12 00:00:00+08:00,68.07930525079409,68.07930525079409,67.22236149405995,67.69844055175781,119000,0.0,0.0
2015-06-15 00:00:00+08:00,69.03146336618981,69.03146336618981,67.69844055175781,67.69844055175781,151206,0.0,0.0
2015-06-16 00:00:00+08:00,67.69844397394584,67.69844397394584,66.74628581041809,66.93672180175781,57000,0.0,0.0
2015-06-17 00:00:00+08:00,67.60322522155104,67.9840899151138,66.93671745610858,67.50801086425781,34100,0.0,0.0
2015-06-18 00:00:00+08:00,67.03193277673678,67.9840908921325,67.03193277673678,67.69844055175781,69100,0.0,0.0
2015-06-22 00:00:00+08:00,68.93625134190502,68.93625134190502,67.79365720610473,68.07930755615234,86260,0.0,0.0
2015-06-23 00:00:00+08:00,67.69844213973848,68.36495719478366,66.55585528021828,66.65106964111328,125769,0.0,0.0
2015-06-24 00:00:00+08:00,66.65106151725843,67.03192617880632,65.22282448474574,66.55584716796875,90811,0.0,0.0
2015-06-25 00:00:00+08:00,66.46062996501868,66.55584431022008,65.60368632942834,66.07976531982422,54000,0.0,0.0
2015-06-26 00:00:00+08:00,67.22236469803491,67.31757906123464,65.60369873046875,65.60369873046875,60000,0.0,0.0
2015-06-29 00:00:00+08:00,65.60369873046875,66.27020653725711,64.93718365929013,65.60369873046875,71104,0.0,0.0
2015-06-30 00:00:00+08:00,64.84195943739789,65.79411745340781,64.74674508867473,65.22282409667969,80201,0.0,0.0
2015-07-01 00:00:00+08:00,66.46063579220093,66.46063579220093,65.50847772792523,65.79412078857422,38345,0.0,0.0
2015-07-02 00:00:00+08:00,64.9371820874429,67.03193434908337,64.9371820874429,66.65106964111328,118000,0.0,0.0
2015-07-03 00:00:00+08:00,66.65107174196106,67.1271508258322,65.41326321813993,65.69891357421875,71010,0.0,0.0
2015-07-06 00:00:00+08:00,66.36541671655547,66.36541671655547,64.93717956542969,64.93717956542969,50000,0.0,0.0
2015-07-07 00:00:00+08:00,65.03239204441937,66.27019304274455,64.5563130609738,64.65152740478516,67110,0.0,0.0
2015-07-08 00:00:00+08:00,65.41325682132063,65.41325682132063,62.84243292557566,63.318511962890625,155000,0.0,0.0
2015-07-09 00:00:00+08:00,60.93811873807252,63.31851400127847,58.08164442222537,62.366355895996094,127165,0.0,0.0
2015-07-10 00:00:00+08:00,62.366355895996094,62.366355895996094,62.366355895996094,62.366355895996094,0,0.0,0.0
2015-07-13 00:00:00+08:00,63.032862120972794,66.17498669724534,63.032862120972794,63.413726806640625,61051,0.0,0.0
2015-07-14 00:00:00+08:00,63.79459429528214,64.27067335718723,63.50894395238309,63.889808654785156,48000,0.0,0.0
2015-07-15 00:00:00+08:00,65.5084860043975,65.5084860043975,63.50894800528126,64.55632781982422,69000,0.0,0.0
2015-07-16 00:00:00+08:00,67.60322921187789,67.60322921187789,64.27067565917969,64.27067565917969,206002,0.0,0.0
2015-07-17 00:00:00+08:00,65.31804297059013,65.31804297059013,63.413726806640625,63.413726806640625,78002,0.0,0.0
2015-07-20 00:00:00+08:00,63.604161465701715,63.604161465701715,61.89027404785156,61.89027404785156,62061,0.0,0.0
2015-07-21 00:00:00+08:00,60.74768511634519,61.89027554515627,60.5572527728442,61.5094108581543,80100,0.0,0.0
2015-07-22 00:00:00+08:00,60.5572514855289,61.03333051806355,59.985958099365234,59.985958099365234,50300,0.0,0.0
2015-07-23 00:00:00+08:00,59.98595776461212,60.84290147127019,57.98642729200294,58.65293502807617,175104,0.0,0.0
2015-07-24 00:00:00+08:00,57.22469708344231,58.55771980006142,52.8447715268847,53.987361907958984,680123,0.0,0.0
2015-07-27 00:00:00+08:00,53.98736900180315,54.558662451309885,48.65528106689453,48.65528106689453,629153,0.0,0.0
2015-07-28 00:00:00+08:00,47.03661114924673,48.655276998224174,44.084918887769014,46.65574645996094,383094,0.0,0.0
2015-07-29 00:00:00+08:00,46.94139316082785,47.89355125184746,44.98946980067662,46.65574645996094,270000,0.0,0.0
2015-07-30 00:00:00+08:00,47.56029340796465,49.13135194785747,47.22703592457315,48.56005859375,178301,0.0,0.0
2015-07-31 00:00:00+08:00,48.6552788281889,49.131357891604424,47.607906341552734,47.607906341552734,79010,0.0,0.0
2015-08-03 00:00:00+08:00,47.60790384265161,48.56006191950464,45.846412853351424,48.464847564697266,179400,0.0,0.0
2015-08-04 00:00:00+08:00,47.56029153988493,48.9409213289764,44.799031961701985,45.703582763671875,200005,0.0,0.0
2015-08-05 00:00:00+08:00,45.703585658914065,49.03613877987655,44.846641974931565,48.750492095947266,218500,0.0,0.0
2015-08-06 00:00:00+08:00,49.321787394973036,53.60649871826172,49.321787394973036,53.60649871826172,508735,0.0,0.0
2015-08-07 00:00:00+08:00,53.32085119819434,54.27300925530495,51.03567040825097,52.178260803222656,347005,0.0,0.0
2015-08-10 00:00:00+08:00,52.368694793332715,53.416067236321425,51.60696905005048,52.46390914916992,128210,0.0,0.0
2015-08-11 00:00:00+08:00,53.225641905869864,54.74909348921342,52.36869812011719,52.36869812011719,228240,0.0,0.0
2015-08-12 00:00:00+08:00,51.4165384008774,51.4165384008774,47.70312028571382,48.84571075439453,309206,0.0,0.0
2015-08-13 00:00:00+08:00,48.84570858918511,50.46437804538159,48.84570858918511,49.13135528564453,119020,0.0,0.0
2015-08-14 00:00:00+08:00,49.03614222208659,50.55959373144821,49.03614222208659,49.98830032348633,113200,0.0,0.0
2015-08-17 00:00:00+08:00,49.89308398738383,49.89308398738383,48.17919656708393,48.36962890625,95201,0.0,0.0
2015-08-18 00:00:00+08:00,48.27441289292108,49.22657092381816,47.89354822768439,48.083980560302734,56010,0.0,0.0
2015-08-19 00:00:00+08:00,48.083979959164346,48.083979959164346,45.275113076695035,45.417938232421875,159355,0.0,0.0
2015-08-20 00:00:00+08:00,45.70358540847946,47.03660810243797,44.84664172919262,45.513153076171875,87037,0.0,0.0
2015-08-21 00:00:00+08:00,44.27534813211418,44.27534813211418,40.99040222167969,40.99040222167969,545418,0.0,0.0
2015-08-24 00:00:00+08:00,37.705462611197014,38.371974066041425,36.8961296081543,36.8961296081543,553052,0.0,0.0
2015-08-25 00:00:00+08:00,34.08726224057835,37.13416915401336,34.08726224057835,36.8961296081543,271566,0.0,0.0
2015-08-26 00:00:00+08:00,36.65808835441683,39.03848370210624,36.65808835441683,38.56240463256836,206001,0.0,0.0
2015-08-27 00:00:00+08:00,40.27628406915638,42.41863964339017,39.086086527915384,42.32342529296875,323355,0.0,0.0
2015-08-28 00:00:00+08:00,42.32342795046352,44.370565670621346,41.99017043867396,42.13299560546875,233093,0.0,0.0
2015-08-31 00:00:00+08:00,43.22797767237516,43.22797767237516,41.466483070017105,41.942562103271484,83010,0.0,0.0
2015-09-01 00:00:00+08:00,42.18060331708754,42.27582130688649,41.561702728271484,41.561702728271484,65004,0.0,0.0
2015-09-02 00:00:00+08:00,40.2762839459299,41.51408865859451,40.2762839459299,41.03800964355469,59004,0.0,0.0
2015-09-03 00:00:00+08:00,41.1332300963278,42.56146722722672,41.1332300963278,42.08538818359375,49130,0.0,0.0
2015-09-04 00:00:00+08:00,42.3234263642885,42.847112569251514,41.22844314575195,41.22844314575195,66017,0.0,0.0
2015-09-07 00:00:00+08:00,39.41934252955723,41.228440544580884,39.41934252955723,40.79996871948242,41000,0.0,0.0
2015-09-08 00:00:00+08:00,40.799973704336516,43.13276180849255,40.56193417599804,42.275821685791016,151050,0.0,0.0
2015-09-09 00:00:00+08:00,43.51361941487677,44.03730556543223,43.037540435791016,43.037540435791016,117872,0.0,0.0
2015-09-10 00:00:00+08:00,42.94232388554006,44.89425067031464,42.84710953944132,44.56099319458008,113000,0.0,0.0
2015-09-11 00:00:00+08:00,45.60836884264973,48.940921783447266,45.32271854196867,48.940921783447266,495500,0.0,0.0
2015-09-14 00:00:00+08:00,49.70265494702006,49.89308729882527,47.41747398974753,47.607906341552734,419144,0.0,0.0
2015-09-15 00:00:00+08:00,47.79833399475199,48.27441301136866,46.179664611816406,46.179664611816406,180283,0.0,0.0
2015-09-16 00:00:00+08:00,47.08421756060972,48.36962950967579,46.17966666243239,47.1794319152832,262101,0.0,0.0
2015-09-17 00:00:00+08:00,47.60790061042838,47.98876526818963,46.94138927544347,47.2746467590332,144522,0.0,0.0
2015-09-18 00:00:00+08:00,48.08398253219455,50.845242387911355,47.79833583765017,49.70265197753906,352283,0.0,0.0
2015-09-21 00:00:00+08:00,49.03613688501401,49.03613688501401,47.703114235262035,47.79833221435547,130035,0.0,0.0
2015-09-22 00:00:00+08:00,48.75049190836962,49.22657092381816,47.79833387747254,48.083980560302734,111130,0.0,0.0
2015-09-23 00:00:00+08:00,47.8935526830406,47.8935526830406,46.655747854165014,46.8937873840332,148102,0.0,0.0
2015-09-24 00:00:00+08:00,47.13182245249445,47.13182245249445,44.56099504682855,45.513153076171875,179285,0.0,0.0
2015-09-25 00:00:00+08:00,45.655982555157614,46.94139456356785,45.037078324622335,46.8937873840332,70002,0.0,0.0
2015-09-29 00:00:00+08:00,46.8937873840332,46.8937873840332,46.8937873840332,46.8937873840332,0,0.0,0.0
2015-09-30 00:00:00+08:00,47.13182473794646,47.32225707948824,46.22727383976913,47.1794319152832,55005,0.0,0.0
2015-10-01 00:00:00+08:00,47.893548409015914,48.27441307569461,45.560760498046875,45.560760498046875,122255,0.0,0.0
2015-10-02 00:00:00+08:00,46.084450507261145,46.79856903599642,45.94162534863622,46.227272033691406,82100,0.0,0.0
2015-10-05 00:00:00+08:00,47.036607993122786,49.131352747054116,47.036607993122786,47.4174690246582,286053,0.0,0.0
2015-10-06 00:00:00+08:00,47.89355305316305,48.845711179994105,47.41747398974753,47.607906341552734,221030,0.0,0.0
2015-10-07 00:00:00+08:00,48.369631992490774,48.464849984246605,46.9413948059082,46.9413948059082,140154,0.0,0.0
2015-10-08 00:00:00+08:00,47.322257602615764,47.988768989282576,46.560531860222916,46.60813903808594,129020,0.0,0.0
2015-10-12 00:00:00+08:00,47.131825505470744,47.60790455098055,46.27488177067515,46.65574645996094,171510,0.0,0.0
2015-10-13 00:00:00+08:00,46.22726939794762,47.131820209209735,46.22726939794762,46.417701721191406,97000,0.0,0.0
2015-10-14 00:00:00+08:00,47.0366082378509,47.4650764465332,46.22727173126231,47.4650764465332,189001,0.0,0.0
2015-10-15 00:00:00+08:00,52.178260803222656,52.178260803222656,52.178260803222656,52.178260803222656,209837,0.0,0.0
2015-10-16 00:00:00+08:00,57.319915771484375,57.319915771484375,57.319915771484375,57.319915771484375,306800,0.0,0.0
2015-10-19 00:00:00+08:00,63.03286361694336,63.03286361694336,63.03286361694336,63.03286361694336,1126648,0.0,0.0
2015-10-20 00:00:00+08:00,65.69890388578618,69.22188568115234,65.22282487212107,69.22188568115234,3155856,0.0,0.0
2015-10-21 00:00:00+08:00,68.5553866299716,68.93625134190502,66.27020562276117,68.07930755615234,1504912,0.0,0.0
2015-10-22 00:00:00+08:00,67.98409040023927,74.83962587572984,67.60322570395871,74.0779037475586,2714745,0.0,0.0
2015-10-23 00:00:00+08:00,70.45969769620874,74.0779012944726,70.45969769620874,71.12620544433594,1385213,0.0,0.0
2015-10-26 00:00:00+08:00,74.26833190917968,74.26833190917968,71.12620726880462,71.41185760498047,909093,0.0,0.0
2015-10-27 00:00:00+08:00,71.88793774166209,71.88793774166209,69.50754245220308,70.26927185058594,580805,0.0,0.0
2015-10-28 00:00:00+08:00,71.88793347595605,76.64872377237697,71.12620412277289,74.7444076538086,1716677,0.0,0.0
2015-10-29 00:00:00+08:00,73.41138440469113,73.98267778338966,68.65059414155436,69.50753784179688,1673250,0.0,0.0
2015-10-30 00:00:00+08:00,70.36448237140375,71.88793382068609,69.50753866106072,70.93577575683594,708389,0.0,0.0
2015-11-02 00:00:00+08:00,72.26879319621418,72.26879319621418,69.50753356078467,70.07882690429688,445398,0.0,0.0
2015-11-03 00:00:00+08:00,72.26880134911819,74.26833190917968,71.12620726880462,71.41185760498047,805879,0.0,0.0
2015-11-04 00:00:00+08:00,72.93530939151724,75.03006158119122,71.60228659161378,72.74488067626953,964302,0.0,0.0
2015-11-05 00:00:00+08:00,73.50660202087712,73.88746671171691,70.4596990229384,71.31664276123047,665300,0.0,0.0
2015-11-06 00:00:00+08:00,71.79272010904648,77.12480386140125,71.316641072865,73.60182189941406,1725159,0.0,0.0
2015-11-09 00:00:00+08:00,75.22048919054927,75.22048919054927,69.9836196899414,69.9836196899414,1082980,0.0,0.0
2015-11-10 00:00:00+08:00,70.45969440207323,71.8879314507639,69.50753636961278,70.5549087524414,449627,0.0,0.0
2015-11-11 00:00:00+08:00,72.36400501440603,73.3161629751219,66.93670754408107,67.12713623046875,1162555,0.0,0.0
2015-11-12 00:00:00+08:00,67.60322921187789,68.36495864396501,61.89028026439525,64.27067565917969,1007622,0.0,0.0
2015-11-13 00:00:00+08:00,63.604155585198896,66.1749792098999,63.128076598077314,64.74674224853516,396000,0.0,0.0
2015-11-16 00:00:00+08:00,63.22329612643161,64.17545417874418,62.17592372176569,63.69937515258789,350631,0.0,0.0
2015-11-17 00:00:00+08:00,65.50847759025099,65.69890629695011,61.89027404785156,61.89027404785156,469050,0.0,0.0
2015-11-18 00:00:00+08:00,62.080704587944886,63.69937770024884,62.080704587944886,62.175926208496094,374842,0.0,0.0
2015-11-19 00:00:00+08:00,63.60416433861913,63.6993786962694,62.27114153834582,62.366355895996094,299932,0.0,0.0
2015-11-20 00:00:00+08:00,63.604165576276095,65.50848182389646,63.50894395238309,63.889808654785156,625103,0.0,0.0
2015-11-23 00:00:00+08:00,64.74675241909232,65.22283148099741,62.84243617147196,63.889808654785156,245561,0.0,0.0
2015-11-24 00:00:00+08:00,64.27066716280851,64.27066716280851,62.36635109872529,62.842430114746094,234105,0.0,0.0
2015-11-25 00:00:00+08:00,63.31851427573858,63.31851427573858,60.36682558944678,60.462039947509766,311171,0.0,0.0
2015-11-26 00:00:00+08:00,60.74768660432095,62.84243516975166,59.98596084385385,61.12854766845703,331141,0.0,0.0
2015-11-27 00:00:00+08:00,62.271140725536014,62.84243412837052,61.22376827627445,61.6046257019043,187080,0.0,0.0
2015-11-30 00:00:00+08:00,62.74721569031655,62.74721569031655,60.271602630615234,60.271602630615234,184078,0.0,0.0
2015-12-01 00:00:00+08:00,61.128547418268624,66.27020263671875,60.74768635569134,66.27020263671875,1260057,0.0,0.0
2015-12-02 00:00:00+08:00,66.65106211823272,67.50800579834498,63.8898023775995,64.08023834228516,999009,0.0,0.0
2015-12-03 00:00:00+08:00,64.74674755725381,65.03239787870336,63.41372483113835,63.69937515258789,365005,0.0,0.0
2015-12-04 00:00:00+08:00,64.27067335718723,64.6515380595893,63.223300873874024,63.889808654785156,207011,0.0,0.0
2015-12-07 00:00:00+08:00,63.889808654785156,64.84196677859534,63.31851523337705,63.889808654785156,270005,0.0,0.0
2015-12-08 00:00:00+08:00,63.60415981636265,64.93717525746871,63.5089382010928,64.17545318603516,237015,0.0,0.0
2015-12-09 00:00:00+08:00,64.17545538110971,64.27066973524698,61.223766816517035,61.3189811706543,274000,0.0,0.0
2015-12-10 00:00:00+08:00,60.938115652267065,61.699845003676195,59.98595759520039,60.5572509765625,158004,0.0,0.0
2015-12-11 00:00:00+08:00,62.46156743233844,66.5558500058752,61.89027404785156,61.89027404785156,1327305,0.0,0.0
2015-12-14 00:00:00+08:00,61.89027717178609,61.89027717178609,56.177328509775066,56.55819320678711,833065,0.0,0.0
2015-12-15 00:00:00+08:00,59.0338002189261,59.0338002189261,57.41513077680691,58.081642150878906,242231,0.0,0.0
2015-12-16 00:00:00+08:00,58.0816401820029,59.70030956925175,57.60556116411763,59.03379821777344,254002,0.0,0.0
2015-12-17 00:00:00+08:00,59.98595759520039,61.223765975142854,59.60509291949583,60.5572509765625,279050,0.0,0.0
2015-12-18 00:00:00+08:00,59.890741668294964,65.2228251948501,59.890741668294964,62.842430114746094,1062560,0.0,0.0
2015-12-21 00:00:00+08:00,62.556783079985415,65.60369330093843,61.985489683678495,63.413726806640625,483121,0.0,0.0
2015-12-22 00:00:00+08:00,63.79459017240084,64.55631952797636,61.128544692276044,61.89027404785156,306206,0.0,0.0
2015-12-23 00:00:00+08:00,62.652005702661995,65.50847999431426,61.98549067597594,62.93764877319336,650005,0.0,0.0
2015-12-24 00:00:00+08:00,64.08024150923022,64.46109892864555,60.65247025156998,62.08070373535156,402023,0.0,0.0
2015-12-25 00:00:00+08:00,63.03286081682532,63.699375819051276,61.41419501671424,61.89027404785156,234084,0.0,0.0
2015-12-28 00:00:00+08:00,62.36635584949854,63.69937864877801,62.27114149191926,63.03286361694336,215088,0.0,0.0
2015-12-29 00:00:00+08:00,62.93764848477798,62.93764848477798,61.128546655477244,61.6046257019043,158100,0.0,0.0
2015-12-30 00:00:00+08:00,62.17592591024241,62.46156897735662,60.74768514930744,60.84290313720703,144005,0.0,0.0
2015-12-31 00:00:00+08:00,60.74768514930744,61.79506122303378,60.46203844999839,60.84290313720703,106160,0.0,0.0
2016-01-04 00:00:00+08:00,61.41419673137718,61.50941108738509,59.509880553660054,59.60509490966797,173075,0.0,0.0
2016-01-05 00:00:00+08:00,59.0338002189261,59.22423255897449,57.224698436758516,58.081642150878906,243151,0.0,0.0
2016-01-06 00:00:00+08:00,58.08164454516811,59.985960759763785,58.08164454516811,59.795528411865234,235095,0.0,0.0
2016-01-07 00:00:00+08:00,59.605097211119336,59.605097211119336,54.273013160508754,55.41560363769531,439307,0.0,0.0
2016-01-08 00:00:00+08:00,53.79693632125854,57.89121570422503,53.32085723876953,57.12948989868164,266000,0.0,0.0
2016-01-11 00:00:00+08:00,57.41513662173602,59.033806228637694,57.034275535061894,57.12948989868164,272050,0.0,0.0
2016-01-12 00:00:00+08:00,58.93858712224059,58.93858712224059,55.51081582483473,55.70124816894531,187307,0.0,0.0
2016-01-13 00:00:00+08:00,55.89168051305589,56.46297391319277,55.22516912476629,55.70124816894531,160261,0.0,0.0
2016-01-14 00:00:00+08:00,55.129953136128535,55.129953136128535,52.3686933087873,52.84477233886719,206007,0.0,0.0
2016-01-15 00:00:00+08:00,54.368222766035615,54.4634407495887,52.939985702491484,53.32085037231445,122100,0.0,0.0
2016-01-18 00:00:00+08:00,52.74955954791333,55.70124816894531,51.511751127291994,55.70124816894531,163000,0.0,0.0
2016-01-19 00:00:00+08:00,55.79646133468773,58.748153524950894,55.12995359281051,58.081642150878906,226000,0.0,0.0
2016-01-20 00:00:00+08:00,58.0816456630006,58.0816456630006,55.22517128613172,55.41560363769531,189000,0.0,0.0
2016-01-21 00:00:00+08:00,54.65387733132071,57.41513368941634,54.27301263190305,55.98689651489258,266100,0.0,0.0
2016-01-22 00:00:00+08:00,57.7007810209174,57.89121337268246,55.22517134455665,56.74862289428711,187015,0.0,0.0
2016-01-25 00:00:00+08:00,58.081648063659664,58.2720804230943,56.939057539247,57.12948989868164,168001,0.0,0.0
2016-01-26 00:00:00+08:00,57.51034976185102,59.03380124431011,57.41513177407555,57.60556411743164,252103,0.0,0.0
2016-01-27 00:00:00+08:00,58.08163902852622,59.985955062248394,57.79599234990681,58.84336471557617,962319,0.0,0.0
2016-01-28 00:00:00+08:00,59.5098797814608,61.033331250988276,57.51034927368164,57.51034927368164,502032,0.0,0.0
2016-01-29 00:00:00+08:00,58.176854161330596,58.367286493708015,57.12948178154676,57.700775146484375,207262,0.0,0.0
2016-02-01 00:00:00+08:00,58.8433663787688,59.41466338434976,57.70077599980156,58.46250534057617,218114,0.0,0.0
2016-02-02 00:00:00+08:00,59.31944641181783,59.31944641181783,57.986427307128906,57.986427307128906,139001,0.0,0.0
2016-02-03 00:00:00+08:00,57.89121081636837,58.74815454537339,57.60556411743164,57.60556411743164,155076,0.0,0.0
2016-02-15 00:00:00+08:00,57.60556567527782,58.081644730445404,56.177328509775066,56.55819320678711,88512,0.0,0.0
2016-02-16 00:00:00+08:00,57.31991410797628,58.176854155293775,56.93904944326097,57.03426742553711,173682,0.0,0.0
2016-02-17 00:00:00+08:00,57.319919949582285,57.89121337268246,56.653408534502084,56.74862289428711,114000,0.0,0.0
2016-02-18 00:00:00+08:00,57.98643032108583,58.17685903722876,57.224700927734375,57.224700927734375,164155,0.0,0.0
2016-02-19 00:00:00+08:00,57.03426956840415,59.03380005279845,57.03426956840415,57.415130615234375,272000,0.0,0.0
2016-02-22 00:00:00+08:00,57.415128830524594,60.366820920730056,57.415128830524594,59.03379821777344,396364,0.0,0.0
2016-02-23 00:00:00+08:00,59.03380139626645,59.985959483303,58.27207565307617,58.27207565307617,207003,0.0,0.0
2016-02-24 00:00:00+08:00,58.272073828711044,58.367288181555814,57.319915771484375,57.319915771484375,123030,0.0,0.0
2016-02-25 00:00:00+08:00,57.319916422880105,58.36728884485411,57.319916422880105,58.081642150878906,154000,0.0,0.0
2016-02-26 00:00:00+08:00,59.0337979168619,63.508937756416685,58.272072218567125,60.271602630615234,794430,0.0,0.0
2016-03-01 00:00:00+08:00,61.033333224913434,61.033333224913434,59.31944935821632,59.795528411865234,289041,0.0,0.0
2016-03-02 00:00:00+08:00,60.366822941157174,61.60462407045346,59.79552592125722,60.652469635009766,305444,0.0,0.0
2016-03-03 00:00:00+08:00,60.8428988414248,62.747214878625016,60.8428988414248,61.41419219970703,417620,0.0,0.0
2016-03-04 00:00:00+08:00,60.84290242173071,64.17545568293548,60.74768443495084,63.318511962890625,711669,0.0,0.0
2016-03-07 00:00:00+08:00,63.794588146787696,64.74674617882931,62.55677979937789,62.842430114746094,482167,0.0,0.0
2016-03-08 00:00:00+08:00,63.22329760830555,64.08024132835041,62.652004216405516,63.318511962890625,315408,0.0,0.0
2016-03-09 00:00:00+08:00,63.794598366409424,68.26973892814763,63.794598366409424,64.55632781982422,911269,0.0,0.0
2016-03-10 00:00:00+08:00,65.12760638823072,66.07976435512185,64.1754484213396,64.65152740478516,426480,0.0,0.0
2016-03-11 00:00:00+08:00,65.22282073204208,65.41324941966478,64.27066276515095,64.65152740478516,385100,0.0,0.0
2016-03-14 00:00:00+08:00,65.31804425860786,66.46063833814236,64.8419652082326,64.93717956542969,426344,0.0,0.0
2016-03-15 00:00:00+08:00,65.50847247775422,70.9357701033997,65.22282217560912,66.17498016357422,1624400,0.0,0.0
2016-03-16 00:00:00+08:00,66.84149774253632,70.84056624252116,66.46064030249111,70.45970153808594,1901613,0.0,0.0
2016-03-17 00:00:00+08:00,70.7453532752962,72.84009829434481,67.6984428442189,68.07930755615234,838420,0.0,0.0
2016-03-18 00:00:00+08:00,68.55538381657131,69.79319226345979,67.41279699205107,67.60322570800781,325573,0.0,0.0
2016-03-21 00:00:00+08:00,67.8888778914509,68.46017131923793,63.889809368161636,65.31804656982422,476333,0.0,0.0
2016-03-22 00:00:00+08:00,65.60369853313702,65.69891289605035,63.60416785439614,64.27067565917969,286131,0.0,0.0
2016-03-23 00:00:00+08:00,64.08024334348497,64.6515367533505,63.03286361694336,63.03286361694336,245140,0.0,0.0
2016-03-24 00:00:00+08:00,62.46157020707783,63.508942669229604,62.46157020707783,63.03286361694336,168068,0.0,0.0
2016-03-25 00:00:00+08:00,63.03285743635766,63.508936441962746,61.9854850769043,61.9854850769043,178038,0.0,0.0
2016-03-28 00:00:00+08:00,61.890275025643895,62.93764745781533,61.890275025643895,62.08070373535156,159075,0.0,0.0
2016-03-29 00:00:00+08:00,62.36635307898888,63.604161465701715,61.89027404785156,61.89027404785156,248024,0.0,0.0
2016-03-30 00:00:00+08:00,62.36635611543536,62.46157047342064,61.03333331047174,61.12854766845703,223631,0.0,0.0
2016-03-31 00:00:00+08:00,61.22377155378571,61.31898591529031,59.9859630610555,60.176395416259766,209150,0.0,0.0
2016-04-01 00:00:00+08:00,61.41419832052226,61.79506301879883,60.36682584855413,61.79506301879883,92019,0.0,0.0
2016-04-06 00:00:00+08:00,61.79505784960065,61.890272200107574,60.938114166259766,60.938114166259766,75079,0.0,0.0
2016-04-07 00:00:00+08:00,60.65246729585994,61.69984330918556,60.271602630615234,60.271602630615234,86010,0.0,0.0
2016-04-08 00:00:00+08:00,60.65247108454848,64.08024238928446,60.65247108454848,62.175926208496094,508050,0.0,0.0
2016-04-11 00:00:00+08:00,61.89027554515627,62.84243363046637,61.5094108581543,61.5094108581543,148373,0.0,0.0
2016-04-12 00:00:00+08:00,61.985486550614496,62.36635121703148,60.46203514933586,60.938114166259766,174027,0.0,0.0
2016-04-13 00:00:00+08:00,61.31898214684815,62.271140232158245,61.31898214684815,61.5094108581543,63044,0.0,0.0
2016-04-14 00:00:00+08:00,62.46156544905159,62.842430114746094,61.50940741700998,62.842430114746094,99071,0.0,0.0
2016-04-15 00:00:00+08:00,63.79459017240084,63.79459017240084,61.89027404785156,61.89027404785156,57043,0.0,0.0
2016-04-18 00:00:00+08:00,61.89027370933374,61.98548806216251,60.46203662373373,60.5572509765625,98000,0.0,0.0
2016-04-19 00:00:00+08:00,60.652470870667564,61.7950613015504,57.795996609557896,58.27207565307617,168000,0.0,0.0
2016-04-20 00:00:00+08:00,58.272070728590656,58.462503056343785,55.70124338440976,56.17732238769531,245000,0.0,0.0
2016-04-21 00:00:00+08:00,56.36775471544844,57.98642405305823,55.70124338440976,56.17732238769531,92303,0.0,0.0
2016-04-22 00:00:00+08:00,57.1294860605162,57.1294860605162,52.36869555547318,53.892147064208984,204120,0.0,0.0
2016-04-25 00:00:00+08:00,53.70171686200621,55.32038268312125,52.93998749654642,54.27301025390625,66190,0.0,0.0
2016-04-26 00:00:00+08:00,54.84430165191739,55.891677675249376,54.84430165191739,55.22516632080078,73117,0.0,0.0
2016-04-27 00:00:00+08:00,55.22516882541125,55.22516882541125,54.36822509765625,54.36822509765625,25101,0.0,0.0
2016-04-28 00:00:00+08:00,54.36822444929631,54.36822444929631,53.60649871826172,53.60649871826172,36000,0.0,0.0
2016-04-29 00:00:00+08:00,53.606497888888576,53.606497888888576,51.89261411252842,52.178260803222656,141150,0.0,0.0
2016-05-03 00:00:00+08:00,52.17825864127222,52.368690971242934,51.606965283554686,51.79739761352539,68007,0.0,0.0
2016-05-04 00:00:00+08:00,52.36869196821756,53.98736135549231,51.98782730102539,51.98782730102539,84200,0.0,0.0
2016-05-05 00:00:00+08:00,52.74955663540973,52.74955663540973,51.70218061672859,51.98782730102539,29250,0.0,0.0
2016-05-06 00:00:00+08:00,51.79739829520695,52.55912399291992,51.51174798039428,52.55912399291992,24251,0.0,0.0
2016-05-09 00:00:00+08:00,53.13042107128715,53.13042107128715,51.70218392618699,51.892616271972656,32002,0.0,0.0
2016-05-10 00:00:00+08:00,50.75002258094281,52.178259634621476,49.51221786086024,51.98782730102539,68151,0.0,0.0
2016-05-11 00:00:00+08:00,53.13041602887874,53.13041602887874,49.607430678879346,49.7978630065918,92000,0.0,0.0
2016-05-12 00:00:00+08:00,48.84570950106943,53.98736466210617,48.84570950106943,51.226104736328125,413788,0.0,0.0
2016-05-13 00:00:00+08:00,51.321323118323924,52.178263230266744,49.1313565793486,49.98830032348633,194100,0.0,0.0
2016-05-16 00:00:00+08:00,50.083514540387846,50.369164875763154,48.0839839859301,49.3217887878418,93303,0.0,0.0
2016-05-17 00:00:00+08:00,49.60743233347616,50.273943686603154,49.41700363160674,50.08351135253906,83000,0.0,0.0
2016-05-18 00:00:00+08:00,50.845240265017075,54.558654403440805,50.36916124992214,52.55912399291992,273166,0.0,0.0
2016-05-19 00:00:00+08:00,53.32085051359954,53.32085051359954,51.22610208841204,51.416534423828125,112150,0.0,0.0
2016-05-20 00:00:00+08:00,56.558189169225706,56.558189169225706,53.13041803740297,53.32085037231445,380292,0.0,0.0
2016-05-23 00:00:00+08:00,53.60650049642782,54.74909094697764,53.4160681493037,54.558658599853516,147200,0.0,0.0
2016-05-24 00:00:00+08:00,54.55865409922739,54.55865409922739,53.60649607434665,53.79692840576172,53100,0.0,0.0
2016-05-25 00:00:00+08:00,54.65387645077179,54.65387645077179,53.892147064208984,53.892147064208984,51001,0.0,0.0
2016-05-26 00:00:00+08:00,54.08257508678702,54.46343974961716,53.60649607434665,53.79692840576172,68032,0.0,0.0
2016-05-27 00:00:00+08:00,54.177795740683756,55.034735826024615,53.51128436395545,53.60649871826172,74001,0.0,0.0
2016-05-30 00:00:00+08:00,53.606497058584345,53.70171504213743,53.13041803740297,53.32085037231445,66001,0.0,0.0
2016-05-31 00:00:00+08:00,52.939985702491484,53.70171504213743,52.939985702491484,53.32085037231445,25200,0.0,0.0
2016-06-01 00:00:00+08:00,54.36822752019305,56.08211505207038,54.36822752019305,55.41560363769531,274000,0.0,0.0
2016-06-02 00:00:00+08:00,55.415603389178315,55.415603389178315,53.796933856439374,54.08258056640625,102005,0.0,0.0
2016-06-03 00:00:00+08:00,53.51128436395545,54.463442435797376,53.41606637745438,53.60649871826172,56234,0.0,0.0
2016-06-06 00:00:00+08:00,54.368221767812315,54.368221767812315,52.93998473049121,53.79692840576172,74000,0.0,0.0
2016-06-07 00:00:00+08:00,53.79692840576172,53.79692840576172,53.79692840576172,53.79692840576172,0,0.0,0.0
2016-06-08 00:00:00+08:00,53.41606704582635,54.27301077408457,53.41606704582635,53.701717376708984,54075,0.0,0.0
2016-06-13 00:00:00+08:00,52.654337447392365,53.035202105867526,51.13088607788086,51.13088607788086,148102,0.0,0.0
2016-06-14 00:00:00+08:00,51.416534423828125,51.89261344627098,51.416534423828125,51.416534423828125,65001,0.0,0.0
2016-06-15 00:00:00+08:00,51.511754228895846,51.98783330174034,51.035675156051354,51.702186584472656,70002,0.0,0.0
2016-06-16 00:00:00+08:00,52.27348081915888,52.74955986621062,51.13089037979573,51.226104736328125,126220,0.0,0.0
2016-06-17 00:00:00+08:00,51.511751580401324,53.79693246543954,51.511751580401324,51.892616271972656,320001,0.0,0.0
2016-06-20 00:00:00+08:00,53.1304222509538,53.1304222509538,52.08304977416992,52.08304977416992,87000,0.0,0.0
2016-06-21 00:00:00+08:00,52.65434483796972,53.892149703460746,52.27348375823137,52.36869812011719,177808,0.0,0.0
2016-06-22 00:00:00+08:00,52.36869166044302,53.60649637325093,52.36869166044302,52.55912399291992,138005,0.0,0.0
2016-06-23 00:00:00+08:00,53.32085019048998,53.32085019048998,52.273477800340366,52.65433883666992,68161,0.0,0.0
2016-06-24 00:00:00+08:00,52.6543417675547,53.22563880214099,48.56006269789652,49.89308547973633,272000,0.0,0.0
2016-06-27 00:00:00+08:00,49.51221653200545,50.8452391992065,49.51221653200545,50.46437454223633,76519,0.0,0.0
2016-06-28 00:00:00+08:00,50.46437454223633,51.03566789549703,50.369160194091066,50.46437454223633,98010,0.0,0.0
2016-06-29 00:00:00+08:00,50.75002405126759,51.41653542206666,50.75002405126759,50.94045639038086,80505,0.0,0.0
2016-06-30 00:00:00+08:00,51.4165325524672,52.844769567813515,50.46437454223633,50.46437454223633,161304,0.0,0.0
2016-07-01 00:00:00+08:00,51.41653525347471,51.41653525347471,50.27394485473633,50.27394485473633,80101,0.0,0.0
2016-07-04 00:00:00+08:00,50.369160194091066,51.03566789549703,50.17872786560598,50.46437454223633,68225,0.0,0.0
2016-07-05 00:00:00+08:00,51.70218647584912,51.79740446953502,50.84524632584647,51.035675048828125,112001,0.0,0.0
2016-07-06 00:00:00+08:00,51.60696928054511,52.273480670967,50.559593200683594,50.559593200683594,296002,0.0,0.0
2016-07-07 00:00:00+08:00,51.22610308295339,51.3213210686074,50.8452420369216,50.94045639038086,80301,0.0,0.0
2016-07-08 00:00:00+08:00,50.94045639038086,50.94045639038086,50.94045639038086,50.94045639038086,0,0.0,0.0
2016-07-11 00:00:00+08:00,51.41654148795133,52.08305293738233,50.654815673828125,50.654815673828125,79005,0.0,0.0
2016-07-12 00:00:00+08:00,51.511749940067226,53.03520502564494,51.41653558630383,51.60696792602539,257001,0.0,0.0
2016-07-13 00:00:00+08:00,53.32085000400333,53.32085000400333,51.892612950324676,51.98782730102539,78387,0.0,0.0
2016-07-14 00:00:00+08:00,52.08304861775832,52.36869532033938,51.892616271972656,51.892616271972656,63206,0.0,0.0
2016-07-15 00:00:00+08:00,52.463909677134765,53.22563906027743,51.892616271972656,51.892616271972656,147095,0.0,0.0
2016-07-18 00:00:00+08:00,53.32084965724405,57.03426742553711,53.32084965724405,57.03426742553711,676702,0.0,0.0
2016-07-19 00:00:00+08:00,58.08164496316158,58.65293837877371,55.03473827144198,55.32038497924805,689374,0.0,0.0
2016-07-20 00:00:00+08:00,55.12995050315541,57.89120656642597,55.12995050315541,55.60602951049805,472030,0.0,0.0
2016-07-21 00:00:00+08:00,56.65340187377402,56.65340187377402,55.510811529712775,55.60602951049805,195201,0.0,0.0
2016-07-22 00:00:00+08:00,56.17732436081459,56.36775669525628,55.22516632080078,55.22516632080078,117119,0.0,0.0
2016-07-25 00:00:00+08:00,54.749087300793875,56.9390500663867,54.749087300793875,55.22516632080078,160015,0.0,0.0
2016-07-26 00:00:00+08:00,56.272543093398234,56.272543093398234,55.32038497924805,55.32038497924805,56072,0.0,0.0
2016-07-27 00:00:00+08:00,49.7978630065918,49.7978630065918,49.7978630065918,49.7978630065918,231141,0.0,0.0
2016-07-28 00:00:00+08:00,49.32178993940761,50.46438041100135,48.94092887033968,49.51222229003906,862030,0.0,0.0
2016-07-29 00:00:00+08:00,49.89307980529754,50.84523778912234,49.60742950439453,49.60742950439453,220490,0.0,0.0
2016-08-01 00:00:00+08:00,49.22656948358561,49.417001810632435,45.79879849332637,46.56052780151367,498450,0.0,0.0
2016-08-02 00:00:00+08:00,46.75095834480099,47.98876670344843,46.75095834480099,47.51268768310547,211015,0.0,0.0
2016-08-03 00:00:00+08:00,47.322257904585186,51.70218367543908,46.75096086999889,49.89308547973633,772608,0.0,0.0
2016-08-04 00:00:00+08:00,49.89308582639751,50.083514540387846,48.75049538148098,49.3217887878418,323534,0.0,0.0
2016-08-05 00:00:00+08:00,49.60743233347616,51.60696639285714,49.60743233347616,50.08351135253906,540506,0.0,0.0
2016-08-08 00:00:00+08:00,50.7500214194057,52.178258440395695,50.7500214194057,51.13088607788086,457384,0.0,0.0
2016-08-09 00:00:00+08:00,51.7974021690238,52.36869557698567,48.94092786482457,49.98830032348633,336350,0.0,0.0
2016-08-10 00:00:00+08:00,50.083510083171454,51.22610042640237,49.607431076174784,51.13088607788086,228968,0.0,0.0
2016-08-11 00:00:00+08:00,52.939988725501486,56.17732770727315,51.6069695693916,51.892616271972656,1477191,0.0,0.0
2016-08-12 00:00:00+08:00,52.36869331372424,52.36869331372424,50.27394485473633,50.27394485473633,266295,0.0,0.0
2016-08-15 00:00:00+08:00,49.3217887878418,50.083514540387846,49.226574430846625,49.3217887878418,173206,0.0,0.0
2016-08-16 00:00:00+08:00,49.22656972168631,49.22656972168631,47.512686034364194,47.89354705810547,306003,0.0,0.0
2016-08-17 00:00:00+08:00,47.60790061042838,47.98876526818963,47.131821604324095,47.2746467590332,154064,0.0,0.0
2016-08-18 00:00:00+08:00,47.51269246376064,48.464850600251275,47.51269246376064,47.703121185302734,74411,0.0,0.0
2016-08-19 00:00:00+08:00,47.98876938780735,48.36963044606923,47.32225799560547,47.32225799560547,61277,0.0,0.0
2016-08-22 00:00:00+08:00,47.22704256239734,47.22704256239734,46.17967005525917,46.46531677246094,122032,0.0,0.0
2016-08-23 00:00:00+08:00,47.036612797664034,47.703120578979906,46.84618044634736,46.9413948059082,89996,0.0,0.0
2016-08-24 00:00:00+08:00,47.03661408281397,47.36986798257718,46.41770983217362,46.51292419433594,68229,0.0,0.0
2016-08-25 00:00:00+08:00,46.46531056258425,47.03660755283162,46.46531056258425,46.70335006713867,48050,0.0,0.0
2016-08-26 00:00:00+08:00,47.60790646470234,48.08398552934936,46.9890022277832,46.9890022277832,74029,0.0,0.0
2016-08-29 00:00:00+08:00,46.98900302603002,46.98900302603002,46.46531677246094,46.46531677246094,43228,0.0,0.0
2016-08-30 00:00:00+08:00,46.46531677246094,47.27465337542686,46.46531677246094,46.46531677246094,49067,0.0,0.0
2016-08-31 00:00:00+08:00,46.465307017086054,47.08421113458041,46.17966035985571,46.750953674316406,87239,0.0,0.0
2016-09-01 00:00:00+08:00,46.750953674316406,47.13181830541974,46.465307017086054,46.750953674316406,67016,0.0,0.0
2016-09-02 00:00:00+08:00,46.46531135462197,46.65574368795049,44.275348601830565,44.89425277709961,278023,0.0,0.0
2016-09-05 00:00:00+08:00,45.4655414085204,46.98899265205385,44.94185527056792,46.036834716796875,111058,0.0,0.0
2016-09-06 00:00:00+08:00,45.989234924316406,45.989234924316406,45.22750918034949,45.989234924316406,75055,0.0,0.0
2016-09-07 00:00:00+08:00,45.22750845848683,46.75095992210531,45.22750845848683,45.846412658691406,48004,0.0,0.0
2016-09-08 00:00:00+08:00,45.56075808269163,47.512684855697294,45.56075808269163,46.417701721191406,148005,0.0,0.0
2016-09-09 00:00:00+08:00,45.70359177663536,46.22727803930362,45.70359177663536,45.94163131713867,39009,0.0,0.0
2016-09-12 00:00:00+08:00,46.4653163027085,46.4653163027085,45.084686279296875,45.084686279296875,63004,0.0,0.0
2016-09-13 00:00:00+08:00,45.22750595413039,46.08444962508649,44.751426944086916,44.799034118652344,88000,0.0,0.0
2016-09-14 00:00:00+08:00,44.4181767329146,45.17990248501859,44.08491921923512,44.13252639770508,104000,0.0,0.0
2016-09-19 00:00:00+08:00,44.608602705772476,45.27511405998207,44.608602705772476,44.94186019897461,76001,0.0,0.0
2016-09-20 00:00:00+08:00,45.60837086655319,45.60837086655319,44.75142719087142,44.846641540527344,34100,0.0,0.0
2016-09-21 00:00:00+08:00,45.275115231501516,45.275115231501516,44.79903619934652,45.132293701171875,29000,0.0,0.0
2016-09-22 00:00:00+08:00,45.60837298074976,45.60837298074976,45.037075959747646,45.179901123046875,22118,0.0,0.0
2016-09-23 00:00:00+08:00,45.465549603385654,46.84617958479656,45.465549603385654,46.13206100463867,165005,0.0,0.0
2016-09-26 00:00:00+08:00,47.512689487844234,49.79786669297462,47.1318248042251,48.464847564697266,544134,0.0,0.0
2016-09-27 00:00:00+08:00,48.464847564697266,48.464847564697266,48.464847564697266,48.464847564697266,0,0.0,0.0
2016-09-28 00:00:00+08:00,48.464847564697266,48.464847564697266,48.464847564697266,48.464847564697266,0,0.0,0.0
2016-09-29 00:00:00+08:00,49.03614198484445,49.131356341645805,47.798337185452404,47.98876953125,122100,0.0,0.0
2016-09-30 00:00:00+08:00,48.08398281346053,48.27441515500231,47.1794319152832,47.1794319152832,54200,0.0,0.0
2016-10-03 00:00:00+08:00,48.2744112132391,49.41700153699872,47.79833221435547,47.79833221435547,144101,0.0,0.0
2016-10-04 00:00:00+08:00,45.89401647294705,46.79856730227357,45.70358414590023,46.56052780151367,153324,0.0,0.0
2016-10-05 00:00:00+08:00,47.274645359691185,47.274645359691185,45.89401555641685,46.417701721191406,57180,0.0,0.0
2016-10-06 00:00:00+08:00,46.13206061542247,47.893551645405594,46.13206061542247,47.36986541748047,104084,0.0,0.0
2016-10-07 00:00:00+08:00,47.79833387747254,49.988296622096904,47.56029436974826,48.083980560302734,472400,0.0,0.0
2016-10-11 00:00:00+08:00,49.60743428140512,49.60743428140512,46.51292053598439,47.1794319152832,244099,0.0,0.0
2016-10-12 00:00:00+08:00,47.322257324519526,47.607904022213845,46.941392639463885,47.2270393371582,49203,0.0,0.0
2016-10-13 00:00:00+08:00,47.98877104516316,47.98877104516316,47.036612918332104,47.607906341552734,81010,0.0,0.0
2016-10-14 00:00:00+08:00,47.32225497813533,47.79833399475199,45.1322922281376,46.179664611816406,112097,0.0,0.0
2016-10-17 00:00:00+08:00,45.03707849614006,46.17966897029777,45.03707849614006,45.608375549316406,104023,0.0,0.0
2016-10-18 00:00:00+08:00,46.6081418378848,46.65574901860764,45.560765701007185,45.798805236816406,53000,0.0,0.0
2016-10-19 00:00:00+08:00,46.17967085764198,47.08422183799359,45.94163131713867,45.94163131713867,80019,0.0,0.0
2016-10-20 00:00:00+08:00,46.370097006690436,46.51291853254896,45.5131533227607,45.560760498046875,55000,0.0,0.0
2016-10-21 00:00:00+08:00,45.98922942950594,46.65574073791504,45.703582763671875,45.703582763671875,89065,0.0,0.0
2016-10-24 00:00:00+08:00,46.56053476632491,47.4174749179302,46.37010241079204,46.46531677246094,62046,0.0,0.0
2016-10-25 00:00:00+08:00,46.941396088456564,46.941396088456564,46.46531701325478,46.51292419433594,36050,0.0,0.0
2016-10-26 00:00:00+08:00,46.46531677246094,46.893788664361125,46.46531677246094,46.46531677246094,42150,0.0,0.0
2016-10-27 00:00:00+08:00,46.465310797966076,47.13182214053376,45.9416246117324,46.084449768066406,38001,0.0,0.0
2016-10-28 00:00:00+08:00,46.56052927798759,46.56052927798759,45.75119277042248,46.179664611816406,34010,0.0,0.0
2016-10-31 00:00:00+08:00,45.84641339043221,46.13206009039545,45.370334346428535,45.989234924316406,26180,0.0,0.0
2016-11-01 00:00:00+08:00,46.17966392117764,46.17966392117764,45.32272025120579,45.417938232421875,40004,0.0,0.0
2016-11-02 00:00:00+08:00,44.941862712337446,45.417941758798236,43.79927227439258,44.08491897583008,133100,0.0,0.0
2016-11-03 00:00:00+08:00,42.51386043875577,44.275351463456175,42.51386043875577,42.79950714111328,118000,0.0,0.0
2016-11-04 00:00:00+08:00,42.89472579956055,43.60884444316764,42.89472579956055,42.89472579956055,71000,0.0,0.0
2016-11-07 00:00:00+08:00,42.98994379802531,43.37080489529861,42.89472579956055,42.89472579956055,26206,0.0,0.0
2016-11-08 00:00:00+08:00,42.70428839217997,43.32319259643555,42.70428839217997,43.32319259643555,47000,0.0,0.0
2016-11-09 00:00:00+08:00,43.608837051208646,43.6564442262737,41.03800964355469,41.03800964355469,153010,0.0,0.0
2016-11-10 00:00:00+08:00,42.37103252970086,42.46624688026053,41.70452117919922,41.70452117919922,69075,0.0,0.0
2016-11-11 00:00:00+08:00,40.08584879149778,40.18106676711933,38.65761184692383,38.65761184692383,286000,0.0,0.0
2016-11-14 00:00:00+08:00,37.1341640679853,38.3719688104792,36.18200601496004,37.3245964050293,244000,0.0,0.0
2016-11-15 00:00:00+08:00,37.6102409362793,37.99110558851183,37.6102409362793,37.6102409362793,45000,0.0,0.0
2016-11-16 00:00:00+08:00,38.08632707805403,38.89566007558461,38.08632707805403,38.181541442871094,58000,0.0,0.0
2016-11-17 00:00:00+08:00,38.56240063695861,38.56240063695861,37.4674174375992,37.89588928222656,62000,0.0,0.0
2016-11-18 00:00:00+08:00,37.56263805795411,38.13393146943378,37.419812888986726,37.70545959472656,55000,0.0,0.0
2016-11-21 00:00:00+08:00,37.753067572023255,37.753067572023255,36.991338237634075,37.22937774658203,82000,0.0,0.0
2016-11-22 00:00:00+08:00,36.94373506970055,39.18130887584562,36.94373506970055,38.56240463256836,180000,0.0,0.0
2016-11-23 00:00:00+08:00,39.18130400731078,39.18130400731078,38.18153517975305,39.03847885131836,101001,0.0,0.0
2016-11-24 00:00:00+08:00,39.18131086690451,39.18131086690451,38.18154186431411,38.22915267944336,54000,0.0,0.0
2016-11-25 00:00:00+08:00,38.276757014071904,38.84805043115859,38.276757014071904,38.419578552246094,33160,0.0,0.0
2016-11-28 00:00:00+08:00,38.70522044259212,38.848041949584534,38.27674865722656,38.27674865722656,27300,0.0,0.0
2016-11-29 00:00:00+08:00,38.27675986237737,38.514799409242656,38.18154186431411,38.22915267944336,26002,0.0,0.0
2016-11-30 00:00:00+08:00,38.46718912074714,38.51479629983769,38.229149593099436,38.371971130371094,21077,0.0,0.0
2016-12-01 00:00:00+08:00,38.32436589849773,38.41958026151657,38.038719177246094,38.038719177246094,27793,0.0,0.0
2016-12-02 00:00:00+08:00,37.610246493492596,38.56240463256836,37.610246493492596,38.56240463256836,52001,0.0,0.0
2016-12-05 00:00:00+08:00,38.56240427269125,38.56240427269125,37.61024614250135,37.84828567504883,53000,0.0,0.0
2016-12-06 00:00:00+08:00,38.038713945479316,38.27675345248207,37.80067443847656,37.80067443847656,19347,0.0,0.0
2016-12-07 00:00:00+08:00,37.8006760899796,38.276755124784906,37.37220423221588,38.08632278442383,41412,0.0,0.0
2016-12-08 00:00:00+08:00,38.27675791728464,39.133698063135796,38.27675791728464,38.56240463256836,77001,0.0,0.0
2016-12-09 00:00:00+08:00,38.70522044259212,38.70522044259212,38.08631634904251,38.27674865722656,36012,0.0,0.0
2016-12-12 00:00:00+08:00,38.086318469271994,38.514790278490175,37.99110412597656,37.99110412597656,46013,0.0,0.0
2016-12-13 00:00:00+08:00,37.99110412597656,38.37196513135266,37.99110412597656,37.99110412597656,29024,0.0,0.0
2016-12-14 00:00:00+08:00,38.08632112044094,38.37196780240532,37.70545645635868,37.80067443847656,28211,0.0,0.0
2016-12-15 00:00:00+08:00,37.80067137608997,38.27675035152639,37.80067137608997,37.9434928894043,31101,0.0,0.0
2016-12-16 00:00:00+08:00,38.038714199732176,41.70452117919922,38.038714199732176,41.70452117919922,466889,0.0,0.0
2016-12-19 00:00:00+08:00,44.18013603127347,45.846412658691406,42.656680935460194,45.846412658691406,1093095,0.0,0.0
2016-12-20 00:00:00+08:00,46.465309705757505,46.465309705757505,42.84711002968931,43.37079620361328,604424,0.0,0.0
2016-12-21 00:00:00+08:00,43.84687945259969,45.94162798346613,43.3708004061389,44.08491897583008,583003,0.0,0.0
2016-12-22 00:00:00+08:00,44.46578199634172,44.560996349180954,43.18036643984353,43.79927062988281,155069,0.0,0.0
2016-12-23 00:00:00+08:00,44.370564011307735,45.13229336280062,43.79927062988281,43.79927062988281,199356,0.0,0.0
2016-12-26 00:00:00+08:00,43.98969839396252,43.98969839396252,42.56146145670526,43.037540435791016,89162,0.0,0.0
2016-12-27 00:00:00+08:00,43.03754498660215,43.98970304545532,42.98993781009844,43.18036651611328,56001,0.0,0.0
2016-12-28 00:00:00+08:00,43.799273160584214,43.799273160584214,42.94232940673828,42.94232940673828,66002,0.0,0.0
2016-12-29 00:00:00+08:00,42.98993983798883,43.32319372142955,42.18060327046935,42.22821044921875,92060,0.0,0.0
2016-12-30 00:00:00+08:00,42.37103604424843,42.46625040270583,42.22821087436736,42.275821685791016,50006,0.0,0.0
2017-01-03 00:00:00+08:00,42.371033206513175,43.180366095782176,42.03777934203646,42.46624755859375,67107,0.0,0.0
2017-01-04 00:00:00+08:00,42.466248065083086,42.466248065083086,41.894954681396484,41.894954681396484,62000,0.0,0.0
2017-01-05 00:00:00+08:00,42.371030575395146,43.03754189515487,41.99016592633403,42.65667724609375,79005,0.0,0.0
2017-01-06 00:00:00+08:00,42.84711173411166,42.89471890959951,42.37103271484375,42.37103271484375,38008,0.0,0.0
2017-01-09 00:00:00+08:00,43.037540435791016,44.08491273690193,42.847108117717845,43.037540435791016,151006,0.0,0.0
2017-01-10 00:00:00+08:00,42.942327016040224,43.03754500127485,42.513858795166016,42.513858795166016,44009,0.0,0.0
2017-01-11 00:00:00+08:00,42.989939092935366,43.41840732644916,42.08538818359375,42.08538818359375,65182,0.0,0.0
2017-01-12 00:00:00+08:00,42.46624798645133,43.03754500127485,41.65691508902811,42.513858795166016,106241,0.0,0.0
2017-01-13 00:00:00+08:00,42.989937320440355,43.989702544409845,42.656679824320726,43.08515167236328,197008,0.0,0.0
2017-01-16 00:00:00+08:00,43.08515359805802,43.466018287161894,42.70428890895415,42.75189971923828,39209,0.0,0.0
2017-01-17 00:00:00+08:00,42.751902388178635,43.18037064992558,42.56147003173828,42.56147003173828,54105,0.0,0.0
2017-01-18 00:00:00+08:00,43.27558590603844,44.75143021872772,43.27558590603844,43.41840744018555,291214,0.0,0.0
2017-01-19 00:00:00+08:00,43.79927122659523,43.79927122659523,42.46624847551659,42.609073638916016,112008,0.0,0.0
2017-01-20 00:00:00+08:00,42.751897134254435,43.03754381771335,42.32342529296875,42.32342529296875,96350,0.0,0.0
2017-01-23 00:00:00+08:00,42.37103488333456,42.37103488333456,41.75213067373376,42.08538818359375,75412,0.0,0.0
2017-01-24 00:00:00+08:00,42.27582126016306,42.27582126016306,41.894956565778024,42.22821044921875,64005,0.0,0.0
2017-02-02 00:00:00+08:00,42.656679535509596,42.75189751898254,40.46671676635742,40.46671676635742,82122,0.0,0.0
2017-02-03 00:00:00+08:00,40.89519027723429,41.27605133005519,40.609543579569916,40.75236511230469,96020,0.0,0.0
2017-02-06 00:00:00+08:00,41.32365798950195,42.132990823631786,40.89518616994138,41.32365798950195,65040,0.0,0.0
2017-02-07 00:00:00+08:00,41.60931118371612,41.60931118371612,40.89519258319077,41.13323211669922,29025,0.0,0.0
2017-02-08 00:00:00+08:00,41.41887963821108,41.41887963821108,40.46672148560853,40.60954666137695,60007,0.0,0.0
2017-02-09 00:00:00+08:00,40.6571556968299,41.13323479484385,40.6571556968299,40.94280242919922,46027,0.0,0.0
2017-02-10 00:00:00+08:00,41.51409085014131,41.51409085014131,40.75236511230469,40.75236511230469,39000,0.0,0.0
2017-02-13 00:00:00+08:00,40.75236777977742,40.89519295405574,40.27628870844312,40.56193542480469,41000,0.0,0.0
2017-02-14 00:00:00+08:00,40.228681844341985,40.32389620648014,39.65738840712286,39.94303512573242,74195,0.0,0.0
2017-02-15 00:00:00+08:00,39.27651921440573,40.46671676635742,39.27651921440573,40.46671676635742,71158,0.0,0.0
2017-02-16 00:00:00+08:00,40.46671582878577,40.46671582878577,39.65738296508789,39.65738296508789,41138,0.0,0.0
2017-02-17 00:00:00+08:00,39.46695414321288,40.46671942612523,39.419346964444664,40.27628707885742,46015,0.0,0.0
2017-02-20 00:00:00+08:00,41.70452411486961,44.18013735782588,41.6093097576076,42.84711456298828,265025,0.0,0.0
2017-02-21 00:00:00+08:00,43.03754627085969,43.46601813656834,41.942563017625915,42.08538818359375,94013,0.0,0.0
2017-02-22 00:00:00+08:00,42.22820971736673,42.56146722722672,41.99017019555024,42.08538818359375,80211,0.0,0.0
2017-02-23 00:00:00+08:00,42.56146722722672,42.84711392696753,41.89495583970159,42.08538818359375,61016,0.0,0.0
2017-02-24 00:00:00+08:00,42.70428979776919,42.70428979776919,41.609310150146484,41.609310150146484,55025,0.0,0.0
2017-03-01 00:00:00+08:00,41.89495476129674,42.323426615976224,41.27605056762695,41.27605056762695,36069,0.0,0.0
2017-03-02 00:00:00+08:00,41.84735047113277,41.84735047113277,41.08562469482422,41.08562469482422,10013,0.0,0.0
2017-03-03 00:00:00+08:00,41.085620450814375,41.085620450814375,40.79997013603477,41.03800964355469,44007,0.0,0.0
2017-03-06 00:00:00+08:00,41.1808347429548,42.46624662887438,41.1808347429548,41.65691375732422,64139,0.0,0.0
2017-03-07 00:00:00+08:00,41.799740328180306,42.275819358650715,41.514090004142254,41.894954681396484,52018,0.0,0.0
2017-03-08 00:00:00+08:00,41.89495661208052,41.89495661208052,41.561702728271484,41.561702728271484,30023,0.0,0.0
2017-03-09 00:00:00+08:00,41.51409008331614,41.51409008331614,41.228443390928064,41.27605056762695,34024,0.0,0.0
2017-03-10 00:00:00+08:00,41.03801156367224,41.03801156367224,40.60954333584461,40.70475769042969,28500,0.0,0.0
2017-03-13 00:00:00+08:00,41.1808335963094,41.1808335963094,40.181068420410156,40.181068420410156,28079,0.0,0.0
2017-03-14 00:00:00+08:00,40.32388994142746,40.60954024785113,40.08585044087076,40.181068420410156,73029,0.0,0.0
2017-03-15 00:00:00+08:00,40.75236974901399,40.84758774719901,40.22868347167969,40.22868347167969,27030,0.0,0.0
2017-03-16 00:00:00+08:00,40.799971635341144,40.94279679797945,39.990638732910156,39.990638732910156,20036,0.0,0.0
2017-03-17 00:00:00+08:00,39.990638732910156,40.08585308653918,39.84781357027186,39.990638732910156,41372,0.0,0.0
2017-03-20 00:00:00+08:00,40.27628208562193,40.27628208562193,39.9906354162306,40.08584976196289,41152,0.0,0.0
2017-03-21 00:00:00+08:00,39.99064206542087,39.99064206542087,39.51456299321348,39.89542770385742,28118,0.0,0.0
2017-03-22 00:00:00+08:00,39.89542296641816,39.89542296641816,39.51455830100054,39.75259780883789,25017,0.0,0.0
2017-03-23 00:00:00+08:00,40.27628878230629,40.27628878230629,39.89542770385742,39.89542770385742,42100,0.0,0.0
2017-03-24 00:00:00+08:00,39.89542174618102,40.847579748407824,39.89542174618102,40.181068420410156,69009,0.0,0.0
2017-03-27 00:00:00+08:00,40.27628276775503,40.46671509463929,40.08585044087076,40.181068420410156,14039,0.0,0.0
2017-03-28 00:00:00+08:00,40.752358316773616,40.752358316773616,38.276749173568305,38.990867614746094,51071,0.0,0.0
2017-03-29 00:00:00+08:00,39.13369841506408,39.41934876511169,38.65761934124483,39.27652359008789,27335,0.0,0.0
2017-03-30 00:00:00+08:00,39.41934437351781,40.942795787138095,39.41934437351781,40.46671676635742,111246,0.0,0.0
2017-03-31 00:00:00+08:00,40.466717765444805,40.466717765444805,39.60977405400453,39.990638732910156,48157,0.0,0.0
2017-04-05 00:00:00+08:00,39.99064037405317,40.94279847819729,39.99064037405317,40.27628707885742,74235,0.0,0.0
2017-04-06 00:00:00+08:00,40.276284848589846,41.22844290000897,40.18107049632582,41.18083572387695,66343,0.0,0.0
2017-04-07 00:00:00+08:00,40.94279874643987,41.609310150146484,40.65715203976416,41.609310150146484,101046,0.0,0.0
2017-04-10 00:00:00+08:00,41.84734851212559,42.37103473181012,41.41887664794922,41.41887664794922,114430,0.0,0.0
2017-04-11 00:00:00+08:00,44.08492055334369,44.08492055334369,41.70452523586083,41.752132415771484,247203,0.0,0.0
2017-04-12 00:00:00+08:00,42.466248065083086,42.466248065083086,41.894954681396484,41.894954681396484,127236,0.0,0.0
2017-04-13 00:00:00+08:00,41.847347584597856,41.89495476129674,41.27605056762695,41.27605056762695,74518,0.0,0.0
2017-04-14 00:00:00+08:00,41.22844518300155,41.22844518300155,40.08585473158961,40.27628707885742,59399,0.0,0.0
2017-04-17 00:00:00+08:00,40.085856562702574,40.085856562702574,38.08632590553977,39.27652359008789,110116,0.0,0.0
2017-04-18 00:00:00+08:00,39.27651854907946,39.752597561795575,39.27651854907946,39.70499038696289,22109,0.0,0.0
2017-04-19 00:00:00+08:00,39.41934351250175,39.70499019229199,38.94326450211982,39.03847885131836,31050,0.0,0.0
2017-04-20 00:00:00+08:00,39.6097783060012,39.99064302579157,38.752838134765625,38.752838134765625,59011,0.0,0.0
2017-04-21 00:00:00+08:00,39.03848315008245,39.514562212888336,38.895657978362685,39.133697509765625,41009,0.0,0.0
2017-04-24 00:00:00+08:00,39.13369082844848,39.70498778559469,38.65761184692383,38.65761184692383,34002,0.0,0.0
2017-04-25 00:00:00+08:00,38.705227873145354,39.13369610857323,38.705227873145354,38.89565658569336,26107,0.0,0.0
2017-04-26 00:00:00+08:00,39.08608552955245,39.70498968806716,38.84804602738441,38.94326400756836,26206,0.0,0.0
2017-04-27 00:00:00+08:00,39.03848315008245,39.41934785320515,39.03848315008245,39.133697509765625,26001,0.0,0.0
2017-04-28 00:00:00+08:00,39.32413052951393,40.75236774219987,39.22891616821289,39.22891616821289,35209,0.0,0.0
2017-05-02 00:00:00+08:00,39.51456323172053,40.752368100492035,39.41934886958237,39.94303512573242,70807,0.0,0.0
2017-05-03 00:00:00+08:00,40.561928755013255,41.4188723953817,40.08584976196289,40.08584976196289,150419,0.0,0.0
2017-05-04 00:00:00+08:00,41.03800774806362,41.03800774806362,40.08584976196289,40.08584976196289,55005,0.0,0.0
2017-05-05 00:00:00+08:00,40.13346540444598,40.13346540444598,39.60977554321289,39.60977554321289,35007,0.0,0.0
2017-05-08 00:00:00+08:00,40.6571553830242,41.180841660358496,39.99064392450999,40.22868347167969,102063,0.0,0.0
2017-05-09 00:00:00+08:00,40.08585394858857,40.32389346997495,38.70522763030344,38.84804916381836,75001,0.0,0.0
2017-05-10 00:00:00+08:00,38.84804602738441,39.56216453388852,38.84804602738441,38.94326400756836,39751,0.0,0.0
2017-05-11 00:00:00+08:00,39.89542601651672,41.418877530269356,39.514561321981105,40.27628707885742,216007,0.0,0.0
2017-05-12 00:00:00+08:00,40.27628374934438,40.84758074392049,39.70499038696289,39.70499038696289,78000,0.0,0.0
2017-05-15 00:00:00+08:00,39.466950880604834,40.13346222484631,39.466950880604834,39.70499038696289,35320,0.0,0.0
2017-05-16 00:00:00+08:00,39.609774565429674,39.70499255248288,39.08608834931889,39.41934585571289,67211,0.0,0.0
2017-05-17 00:00:00+08:00,39.70499548296423,39.70499548296423,39.038484053178266,39.27652359008789,51001,0.0,0.0
2017-05-18 00:00:00+08:00,39.228913513801295,39.943032071823666,38.94326681703131,39.41934585571289,40001,0.0,0.0
2017-05-19 00:00:00+08:00,40.37150492966287,40.466719286871665,39.60977554321289,39.60977554321289,86001,0.0,0.0
2017-05-22 00:00:00+08:00,40.085853169419075,40.085853169419075,39.371734619140625,39.371734619140625,19259,0.0,0.0
2017-05-23 00:00:00+08:00,39.46695764717569,41.894960301867606,39.46695764717569,40.22868347167969,403113,0.0,0.0
2017-05-24 00:00:00+08:00,40.84757899714453,42.22820516922548,40.84757899714453,41.32365798950195,396165,0.0,0.0
2017-05-25 00:00:00+08:00,42.03777799143439,45.417938232421875,41.75212767998071,45.417938232421875,1285469,0.0,0.0
2017-05-26 00:00:00+08:00,46.60813933549847,49.89308547973633,46.08445311127386,49.89308547973633,8352881,0.0,0.0
2017-05-31 00:00:00+08:00,51.41653112653945,52.6543357790728,49.60742950439453,49.60742950439453,3339256,0.0,0.0
2017-06-01 00:00:00+08:00,48.36962773862183,49.131353444703535,47.32225534678382,48.179195404052734,1149100,0.0,0.0
2017-06-02 00:00:00+08:00,48.75049240776002,51.22610186057424,47.89354871829643,48.179195404052734,1542603,0.0,0.0
2017-06-05 00:00:00+08:00,48.08398105463915,48.08398105463915,47.22703736514395,47.51268768310547,262172,0.0,0.0
2017-06-06 00:00:00+08:00,48.0839837443241,49.41700652872787,47.274650817347094,47.32225799560547,461100,0.0,0.0
2017-06-07 00:00:00+08:00,47.60790493656445,51.035672639119134,47.369865411881634,49.3217887878418,1576216,0.0,0.0
2017-06-08 00:00:00+08:00,48.845711179994105,49.22657588360453,47.607906341552734,47.607906341552734,467013,0.0,0.0
2017-06-09 00:00:00+08:00,47.89355353903987,48.36963260728518,47.41747447079455,47.703121185302734,270300,0.0,0.0
2017-06-12 00:00:00+08:00,47.7031173863669,48.08398206351023,46.98899884086922,47.0366096496582,402000,0.0,0.0
2017-06-13 00:00:00+08:00,47.51269246376064,49.98830216575827,47.179434936671896,47.703121185302734,822588,0.0,0.0
2017-06-14 00:00:00+08:00,47.703121523290186,48.46485094363575,45.51315852028436,45.798805236816406,497101,0.0,0.0
2017-06-15 00:00:00+08:00,45.75118806265864,46.41769934377737,45.70358089233464,46.036834716796875,227000,0.0,0.0
2017-06-16 00:00:00+08:00,46.65574594176957,48.464847747491625,46.274881256713925,47.2270393371582,571011,0.0,0.0
2017-06-19 00:00:00+08:00,47.98877067430486,48.27441738370769,46.7509622132343,46.8937873840332,252010,0.0,0.0
2017-06-20 00:00:00+08:00,47.89355353903987,50.27394888026645,47.51269246376064,47.703121185302734,1151529,0.0,0.0
2017-06-21 00:00:00+08:00,48.08398552934936,48.17919988940076,46.9890022277832,46.9890022277832,288000,0.0,0.0
2017-06-22 00:00:00+08:00,46.98900326953772,47.51269315801575,46.51292419433594,46.51292419433594,242003,0.0,0.0
2017-06-23 00:00:00+08:00,46.51292384424408,47.32226044531247,45.798805236816406,45.798805236816406,265000,0.0,0.0
2017-06-26 00:00:00+08:00,45.94163131713867,46.370103216483656,45.89402413547704,45.94163131713867,121005,0.0,0.0
2017-06-27 00:00:00+08:00,46.32249282273412,46.32249282273412,42.84711431949697,44.75143051147461,582115,0.0,0.0
2017-06-28 00:00:00+08:00,44.27534965846849,44.75142868705418,43.18036643984353,43.79927062988281,343000,0.0,0.0
2017-06-29 00:00:00+08:00,44.51339124043783,44.51339124043783,42.84711456298828,42.84711456298828,181205,0.0,0.0
2017-06-30 00:00:00+08:00,42.75189522445627,42.98993472207085,41.99016592633403,42.65667724609375,119005,0.0,0.0
2017-07-03 00:00:00+08:00,42.51385878067185,43.79927070724574,42.51385878067185,43.18036651611328,192096,0.0,0.0
2017-07-04 00:00:00+08:00,43.5136244467299,43.989703480868755,43.180366943515835,43.22797775268555,126009,0.0,0.0
2017-07-05 00:00:00+08:00,43.085154088338214,43.32319361368815,42.84711456298828,42.84711456298828,138005,0.0,0.0
2017-07-06 00:00:00+08:00,43.180366095782176,43.180366095782176,42.46624755859375,42.46624755859375,93000,0.0,0.0
2017-07-07 00:00:00+08:00,42.704287407809446,42.704287407809446,41.22844314575195,41.22844314575195,155200,0.0,0.0
2017-07-10 00:00:00+08:00,41.276052361769764,41.799742224804966,40.133465542552756,40.27628707885742,243003,0.0,0.0
2017-07-11 00:00:00+08:00,40.65714910110863,40.99040296277723,40.276284431606214,40.46671676635742,112001,0.0,0.0
2017-07-12 00:00:00+08:00,40.79997013603477,41.799738973374104,40.2762839459299,41.03800964355469,168001,0.0,0.0
2017-07-13 00:00:00+08:00,41.514093567473296,41.514093567473296,39.99064199208155,40.56193542480469,108001,0.0,0.0
2017-07-14 00:00:00+08:00,40.41911430441742,41.41887963821108,40.41911430441742,40.60954666137695,56001,0.0,0.0
2017-07-17 00:00:00+08:00,41.27605304546864,41.27605304546864,40.37150573730469,40.37150573730469,42000,0.0,0.0
2017-07-18 00:00:00+08:00,40.84758412066085,40.84758412066085,40.18107272132097,40.27628707885742,39311,0.0,0.0
2017-07-19 00:00:00+08:00,40.32389160724535,40.799970628026024,40.32389160724535,40.46671676635742,68100,0.0,0.0
2017-07-20 00:00:00+08:00,40.7047583108925,40.75236548891071,39.51456069946289,39.51456069946289,197106,0.0,0.0
2017-07-21 00:00:00+08:00,39.56216547612908,39.99063731667525,39.51455830100054,39.75259780883789,138000,0.0,0.0
2017-07-24 00:00:00+08:00,39.60977657257151,39.704994564449684,39.133697509765625,39.133697509765625,72241,0.0,0.0
2017-07-25 00:00:00+08:00,39.60977748888333,39.60977748888333,39.08609123412117,39.27652359008789,86261,0.0,0.0
2017-07-26 00:00:00+08:00,39.75259997612708,39.990639496942215,39.46695327758789,39.46695327758789,88001,0.0,0.0
2017-07-27 00:00:00+08:00,39.99064023643788,39.99064023643788,39.562168364608496,39.60977554321289,116100,0.0,0.0
2017-07-28 00:00:00+08:00,39.752599051202566,39.752599051202566,39.324127197265625,39.324127197265625,75000,0.0,0.0
2017-07-31 00:00:00+08:00,39.752599051202566,39.752599051202566,39.324127197265625,39.324127197265625,39000,0.0,0.0
2017-08-01 00:00:00+08:00,39.56216939272992,39.704994564449684,39.133697509765625,39.133697509765625,62105,0.0,0.0
2017-08-02 00:00:00+08:00,39.32413052951393,39.51456288431107,39.13369817471679,39.22891616821289,44000,0.0,0.0
2017-08-03 00:00:00+08:00,39.22890880407004,39.276515975783624,38.65761184692383,38.65761184692383,91006,0.0,0.0
2017-08-04 00:00:00+08:00,39.41934112311877,39.41934112311877,38.65761184692383,38.65761184692383,66005,0.0,0.0
2017-08-07 00:00:00+08:00,38.752838134765625,38.89565968054064,38.65762013872045,38.752838134765625,45000,0.0,0.0
2017-08-08 00:00:00+08:00,38.84805134785208,38.84805134785208,38.08632556303048,38.56240463256836,138003,0.0,0.0
2017-08-09 00:00:00+08:00,38.32436589849773,38.467191075221116,37.705461642289904,38.038719177246094,95005,0.0,0.0
2017-08-10 00:00:00+08:00,38.181537138506975,41.32366167397777,38.08632278442383,38.08632278442383,448010,0.0,0.0
2017-08-11 00:00:00+08:00,38.37197308000715,38.6576198012588,37.705461642289904,38.038719177246094,133005,0.0,0.0
2017-08-14 00:00:00+08:00,38.1815386982311,38.276756688398706,36.89612670462535,37.0389518737793,112000,0.0,0.0
2017-08-15 00:00:00+08:00,37.80068060885777,37.80068060885777,36.84852242542153,36.8961296081543,88025,0.0,0.0
2017-08-16 00:00:00+08:00,36.658084556121146,38.32436112685393,36.658084556121146,37.89588928222656,145000,0.0,0.0
2017-08-17 00:00:00+08:00,38.08631993547271,38.51479176118568,37.6102409362793,37.6102409362793,82000,0.0,0.0
2017-08-18 00:00:00+08:00,37.61024166376035,37.61024166376035,36.94373032555859,37.08655548095703,62000,0.0,0.0
2017-08-21 00:00:00+08:00,37.08655548095703,37.27698781075676,37.08655548095703,37.08655548095703,25000,0.0,0.0
2017-08-22 00:00:00+08:00,36.89612364230233,37.37220265704171,36.89612364230233,37.18177032470703,52000,0.0,0.0
2017-08-23 00:00:00+08:00,37.32459591085319,38.41957547801793,37.134163576330515,37.89588928222656,114000,0.0,0.0
2017-08-24 00:00:00+08:00,37.419811327703655,39.46695262578275,37.419811327703655,38.70522689819336,286000,0.0,0.0
2017-08-25 00:00:00+08:00,39.03848568590725,39.22891804983852,38.086327498446096,38.22915267944336,72000,0.0,0.0
2017-08-28 00:00:00+08:00,38.324362218301275,39.70499214266661,38.324362218301275,38.70522689819336,135005,0.0,0.0
2017-08-29 00:00:00+08:00,38.7528341595902,38.7528341595902,37.99110843034068,38.08632278442383,72002,0.0,0.0
2017-08-30 00:00:00+08:00,38.467181219230554,38.51478838854215,38.03870943103778,38.32435607910156,59989,0.0,0.0
2017-08-31 00:00:00+08:00,38.70523134595049,38.70523134595049,38.181541442871094,38.181541442871094,40001,0.0,0.0
2017-09-01 00:00:00+08:00,38.18153878181394,38.46718912074714,38.08632442363284,38.371971130371094,64100,0.0,0.0
2017-09-04 00:00:00+08:00,38.562400750665645,40.46671683711827,38.08632172905249,39.181304931640625,290154,0.0,0.0
2017-09-05 00:00:00+08:00,39.18130425518889,40.18106945687698,39.08608627319336,39.08608627319336,168005,0.0,0.0
2017-09-06 00:00:00+08:00,39.22891804983852,39.22891804983852,38.18154186431411,38.22915267944336,87000,0.0,0.0
2017-09-07 00:00:00+08:00,38.371969478868046,38.80044133663177,38.08632278442383,38.08632278442383,90206,0.0,0.0
2017-09-08 00:00:00+08:00,38.32436589849773,38.467191075221116,38.038719177246094,38.038719177246094,47104,0.0,0.0
2017-09-11 00:00:00+08:00,38.038711297624275,38.610004621785606,37.99110412597656,37.99110412597656,77000,0.0,0.0
2017-09-12 00:00:00+08:00,38.562400134446456,38.562400134446456,37.80067443847656,37.80067443847656,60084,0.0,0.0
2017-09-13 00:00:00+08:00,37.89589285511932,38.0863252075963,37.70546050264233,37.84828567504883,31296,0.0,0.0
2017-09-14 00:00:00+08:00,37.99110412597656,38.181532812567426,37.84827897883904,37.99110412597656,57100,0.0,0.0
2017-09-15 00:00:00+08:00,37.943499121542246,37.943499121542246,37.70545959472656,37.70545959472656,43000,0.0,0.0
2017-09-18 00:00:00+08:00,37.705458863102756,37.705458863102756,37.515030151101165,37.56263732910156,40090,0.0,0.0
2017-09-19 00:00:00+08:00,37.8006773408975,37.8006773408975,37.4198126475716,37.65785217285156,42050,0.0,0.0
2017-09-20 00:00:00+08:00,37.7054562097567,38.419574726094474,37.7054562097567,37.75306701660156,90343,0.0,0.0
2017-09-21 00:00:00+08:00,38.27675478292621,39.60977388915867,38.27675478292621,39.324127197265625,295201,0.0,0.0
2017-09-22 00:00:00+08:00,39.65737835131819,39.99063216649464,38.27674865722656,38.27674865722656,150021,0.0,0.0
2017-09-25 00:00:00+08:00,40.46671588246416,41.60930623381971,39.03847885131836,39.03847885131836,475101,0.0,0.0
2017-09-26 00:00:00+08:00,39.13368885398131,39.89541809174365,38.32435607910156,38.32435607910156,122320,0.0,0.0
2017-09-27 00:00:00+08:00,38.84805110440345,39.228915810525024,38.51479721069336,38.51479721069336,96000,0.0,0.0
2017-09-28 00:00:00+08:00,39.228913194395496,39.228913194395496,38.08632278442383,38.08632278442383,78000,0.0,0.0
2017-09-29 00:00:00+08:00,38.51479616521685,38.51479616521685,37.70545959472656,37.70545959472656,50002,0.0,0.0
2017-10-02 00:00:00+08:00,39.03847885131836,39.46695068710102,38.46718549173788,39.03847885131836,103001,0.0,0.0
2017-10-03 00:00:00+08:00,38.99087118156306,39.03847835555775,38.51479217722699,38.94326400756836,39000,0.0,0.0
2017-10-05 00:00:00+08:00,39.32413041738996,39.32413041738996,38.56240463256836,38.56240463256836,55000,0.0,0.0
2017-10-06 00:00:00+08:00,38.895656488641556,40.89519065516021,38.895656488641556,39.51456069946289,306201,0.0,0.0
2017-10-11 00:00:00+08:00,39.51455835721768,39.51455835721768,38.419575166730176,38.467185974121094,80000,0.0,0.0
2017-10-12 00:00:00+08:00,38.562403478928246,38.562403478928246,38.371971130371094,38.371971130371094,48002,0.0,0.0
2017-10-13 00:00:00+08:00,38.37196513135266,38.37196513135266,37.99110412597656,37.99110412597656,56130,0.0,0.0
2017-10-16 00:00:00+08:00,37.99110226172618,38.37196324841316,37.99110226172618,38.32435607910156,36261,0.0,0.0
2017-10-17 00:00:00+08:00,38.37196780240532,38.37196780240532,37.80067443847656,37.80067443847656,39001,0.0,0.0
2017-10-18 00:00:00+08:00,37.80067443847656,37.80067443847656,37.61024210643543,37.80067443847656,40161,0.0,0.0
2017-10-19 00:00:00+08:00,37.61024210643543,37.943495963361435,37.61024210643543,37.80067443847656,34010,0.0,0.0
2017-10-20 00:00:00+08:00,37.4674184256167,37.65785076516109,37.324596895104484,37.4198112487793,56005,0.0,0.0
2017-10-23 00:00:00+08:00,38.03871711158548,38.03871711158548,37.61024523687826,37.70545959472656,34001,0.0,0.0
2017-10-24 00:00:00+08:00,37.848281365902096,37.848281365902096,37.61024186045617,37.75306701660156,26000,0.0,0.0
2017-10-25 00:00:00+08:00,38.18153428243358,38.18153428243358,37.6102409362793,37.6102409362793,30007,0.0,0.0
2017-10-26 00:00:00+08:00,37.6102409362793,37.80067326239556,37.6102409362793,37.6102409362793,43000,0.0,0.0
2017-10-27 00:00:00+08:00,37.80067592786808,37.94349745838029,37.4198112487793,37.4198112487793,36009,0.0,0.0
2017-10-30 00:00:00+08:00,37.89588760935644,38.61000610814656,37.6102409362793,37.6102409362793,42004,0.0,0.0
2017-10-31 00:00:00+08:00,38.08632429050963,38.13393146943378,37.61024523687826,37.70545959472656,55402,0.0,0.0
2017-11-01 00:00:00+08:00,37.7054562097567,38.37196755144421,37.7054562097567,37.75306701660156,41016,0.0,0.0
2017-11-02 00:00:00+08:00,37.753062533866064,38.99086708877111,37.753062533866064,38.27674865722656,140100,0.0,0.0
2017-11-03 00:00:00+08:00,38.27674865722656,38.752827611589595,38.27674865722656,38.27674865722656,45000,0.0,0.0
2017-11-06 00:00:00+08:00,38.08632429050963,38.08632429050963,37.61024523687826,37.70545959472656,81001,0.0,0.0
2017-11-07 00:00:00+08:00,37.56264090445566,37.80068044931001,37.51503372192383,37.51503372192383,48000,0.0,0.0
2017-11-08 00:00:00+08:00,37.89588897518188,38.657614674906185,37.89588897518188,38.467185974121094,207020,0.0,0.0
2017-11-09 00:00:00+08:00,39.0384853561136,39.89542917046734,37.51503372192383,37.51503372192383,293004,0.0,0.0
2017-11-10 00:00:00+08:00,37.515029395535386,38.324362301826476,37.515029395535386,38.08632278442383,108005,0.0,0.0
2017-11-13 00:00:00+08:00,37.99110652204749,39.51455790402357,37.7054562097567,37.75306701660156,112000,0.0,0.0
2017-11-14 00:00:00+08:00,37.848280435876006,37.848280435876006,37.467415783643474,37.6102409362793,77206,0.0,0.0
2017-11-15 00:00:00+08:00,37.610243341725344,37.657850518250605,37.3722038269043,37.3722038269043,60000,0.0,0.0
2017-11-16 00:00:00+08:00,37.324596895104484,37.4674184256167,37.22937890923491,37.4198112487793,38003,0.0,0.0
2017-11-17 00:00:00+08:00,37.61024358832369,37.705457941998496,37.4198112487793,37.4198112487793,29001,0.0,0.0
2017-11-20 00:00:00+08:00,37.3245954820067,37.41980983207672,37.08655597463701,37.18177032470703,46000,0.0,0.0
2017-11-21 00:00:00+08:00,37.610242846639046,38.03871469411564,37.22937817506102,37.2769889831543,43000,0.0,0.0
2017-11-22 00:00:00+08:00,37.324598150668876,37.37220532910774,36.99134063720703,36.99134063720703,62001,0.0,0.0
2017-11-23 00:00:00+08:00,37.038948306555746,37.32459498515804,37.038948306555746,37.08655548095703,37000,0.0,0.0
2017-11-24 00:00:00+08:00,37.08655476360545,37.753066088915126,37.08655476360545,37.6102409362793,60000,0.0,0.0
2017-11-27 00:00:00+08:00,38.086321616749245,38.56240063695861,37.84828210664456,37.89588928222656,68005,0.0,0.0
2017-11-28 00:00:00+08:00,38.467186285794604,38.467186285794604,37.70545694770388,37.89588928222656,83000,0.0,0.0
2017-11-29 00:00:00+08:00,37.895888540552356,38.038713696697755,37.7054562097567,37.75306701660156,29200,0.0,0.0
2017-11-30 00:00:00+08:00,37.13416382326387,37.753068006529475,37.13416382326387,37.2769889831543,59025,0.0,0.0
2017-12-01 00:00:00+08:00,37.32459498515804,37.32459498515804,36.94373032555859,37.08655548095703,50412,0.0,0.0
2017-12-04 00:00:00+08:00,36.8009111940867,37.22937942373949,36.8009111940867,36.84851837158203,27010,0.0,0.0
2017-12-05 00:00:00+08:00,36.84852242542153,37.80068060885777,36.84852242542153,36.8961296081543,77005,0.0,0.0
2017-12-06 00:00:00+08:00,36.89612462868547,37.22937849503442,36.705692291259766,36.705692291259766,63005,0.0,0.0
2017-12-07 00:00:00+08:00,37.0389547059427,37.0389547059427,36.229618072509766,36.229618072509766,45000,0.0,0.0
2017-12-08 00:00:00+08:00,36.229616676286476,36.277223857078376,33.37314224243164,33.37314224243164,289400,0.0,0.0
2017-12-11 00:00:00+08:00,33.75400556746373,34.706163672993334,33.75400556746373,34.42051696777344,79001,0.0,0.0
2017-12-12 00:00:00+08:00,34.42051512928642,34.51572948187577,34.134864807128906,34.134864807128906,43101,0.0,0.0
2017-12-13 00:00:00+08:00,34.27769137470494,34.468123719892276,34.182477018208715,34.37290573120117,24001,0.0,0.0
2017-12-14 00:00:00+08:00,34.84898376464844,35.182241267083725,34.75376941092108,34.84898376464844,65000,0.0,0.0
2017-12-15 00:00:00+08:00,35.32506179878252,35.32506179878252,34.65855407714844,34.65855407714844,47003,0.0,0.0
2017-12-18 00:00:00+08:00,34.80137560370088,35.61071211627675,34.32529658413672,34.65855407714844,36015,0.0,0.0
2017-12-19 00:00:00+08:00,34.65855635519427,34.65855635519427,33.61118026399414,33.754005432128906,49202,0.0,0.0
2017-12-20 00:00:00+08:00,33.89682050317059,34.182470784960074,33.8016061640369,33.94443130493164,34000,0.0,0.0
2017-12-21 00:00:00+08:00,34.27769355726388,34.27769355726388,33.99204683739237,34.08726119995117,13001,0.0,0.0
2017-12-22 00:00:00+08:00,34.277695834382286,35.32506842088805,34.277695834382286,34.4681282043457,76281,0.0,0.0
2017-12-25 00:00:00+08:00,34.46812106952628,34.801374923832995,34.3729030881568,34.56333541870117,20004,0.0,0.0
2017-12-26 00:00:00+08:00,34.65855778126297,34.65855778126297,33.70639964037328,33.99204635620117,40296,0.0,0.0
2017-12-27 00:00:00+08:00,34.75376943078131,34.801376607672196,34.13486523461552,34.18247604370117,41010,0.0,0.0
2017-12-28 00:00:00+08:00,34.27768996820766,34.65855464295453,34.134864807128906,34.134864807128906,47110,0.0,0.0
2017-12-29 00:00:00+08:00,34.27768996820766,34.37290432079701,34.134864807128906,34.134864807128906,45012,0.0,0.0
2018-01-02 00:00:00+08:00,34.753773548735275,37.51503372192383,34.753773548735275,37.51503372192383,381000,0.0,0.0
2018-01-03 00:00:00+08:00,40.7523625622544,40.7523625622544,39.03847885131836,39.03847885131836,1055426,0.0,0.0
2018-01-04 00:00:00+08:00,39.03848076895285,39.03848076895285,37.99110834754178,38.70522689819336,211050,0.0,0.0
2018-01-05 00:00:00+08:00,38.41958059690027,39.51456394215119,38.08632669123006,38.752838134765625,196000,0.0,0.0
2018-01-08 00:00:00+08:00,38.80044198598005,39.609774905815804,38.75283480814174,38.84804916381836,164361,0.0,0.0
2018-01-09 00:00:00+08:00,39.038485255005384,39.133699619822444,38.181541442871094,38.181541442871094,130001,0.0,0.0
2018-01-10 00:00:00+08:00,38.75283308574985,39.800205480420914,38.75283308574985,39.181304931640625,400361,0.0,0.0
2018-01-11 00:00:00+08:00,39.70499019229199,39.70499019229199,38.75283217152812,39.03847885131836,75001,0.0,0.0
2018-01-12 00:00:00+08:00,39.46694829483236,39.46694829483236,38.65761184692383,38.65761184692383,53012,0.0,0.0
2018-01-15 00:00:00+08:00,38.75283456440448,39.27652078172181,38.6576165771319,38.80044174194336,96004,0.0,0.0
2018-01-16 00:00:00+08:00,38.99086708877111,38.99086708877111,38.22914148822909,38.27674865722656,100008,0.0,0.0
2018-01-17 00:00:00+08:00,38.27675943988334,38.27675943988334,37.99111271323698,38.181541442871094,89007,0.0,0.0
2018-01-18 00:00:00+08:00,39.0384764850213,39.847809300735456,38.65761184692383,38.65761184692383,415003,0.0,0.0
2018-01-19 00:00:00+08:00,38.18153878181394,38.7528358274854,38.18153878181394,38.371971130371094,76674,0.0,0.0
2018-01-22 00:00:00+08:00,38.99086931330771,39.276515975783624,38.51479033178306,38.65761184692383,94011,0.0,0.0
2018-01-23 00:00:00+08:00,39.03848008911434,39.03848008911434,38.37196872700759,38.610008239746094,44003,0.0,0.0
2018-01-24 00:00:00+08:00,38.94326690675482,39.51456030161103,38.7052273868656,38.80044174194336,106027,0.0,0.0
2018-01-25 00:00:00+08:00,38.80044133663177,38.80044133663177,38.08632278442383,38.08632278442383,78011,0.0,0.0
2018-01-26 00:00:00+08:00,38.56240206681349,38.65761642150795,38.0863230289516,38.13393020629883,42005,0.0,0.0
2018-01-29 00:00:00+08:00,38.562400134446456,38.75283246648758,37.753067263514936,37.80067443847656,71110,0.0,0.0
2018-01-30 00:00:00+08:00,37.6102419144068,37.89588859491274,37.13416290283203,37.13416290283203,65002,0.0,0.0
2018-01-31 00:00:00+08:00,36.80091094970703,37.13416482215616,36.753300140333046,36.80091094970703,56327,0.0,0.0
2018-02-01 00:00:00+08:00,36.80091094970703,37.08655764497696,36.80091094970703,36.80091094970703,35004,0.0,0.0
2018-02-02 00:00:00+08:00,36.800910276069985,36.800910276069985,36.22961326379286,36.705692291259766,28354,0.0,0.0
2018-02-05 00:00:00+08:00,35.705928802490234,35.705928802490234,35.42028209850929,35.705928802490234,42004,0.0,0.0
2018-02-06 00:00:00+08:00,35.229852829211175,35.229852829211175,32.13533872934803,32.27816390991211,139003,0.0,0.0
2018-02-07 00:00:00+08:00,32.325763951994304,33.801608085632324,32.325763951994304,32.37337112426758,218002,0.0,0.0
2018-02-08 00:00:00+08:00,32.84945305014642,32.84945305014642,31.944902167254167,32.23054885864258,107005,0.0,0.0
2018-02-09 00:00:00+08:00,32.23054885864258,32.23054885864258,32.23054885864258,32.23054885864258,0,0.0,0.0
2018-02-12 00:00:00+08:00,32.13533537921575,32.13533537921575,30.421451552096553,30.75470542907715,53011,0.0,0.0
2018-02-21 00:00:00+08:00,32.37337555546489,32.37337555546489,31.421217450892396,31.51643180847168,107120,0.0,0.0
2018-02-22 00:00:00+08:00,31.754471976191546,31.944904327392578,31.516432445239,31.944904327392578,21009,0.0,0.0
2018-02-23 00:00:00+08:00,32.84945575169154,33.37314200100414,32.84945575169154,33.32553482055664,97515,0.0,0.0
2018-02-26 00:00:00+08:00,34.182476657346804,34.182476657346804,32.992279052734375,32.992279052734375,71030,0.0,0.0
2018-02-27 00:00:00+08:00,33.03988914709687,33.37314305292861,32.849456787109375,32.849456787109375,42427,0.0,0.0
2018-03-01 00:00:00+08:00,32.70662944478938,33.515966013131575,32.65902226599158,33.135101318359375,41121,0.0,0.0
2018-03-02 00:00:00+08:00,33.1351033643271,33.468360900878906,33.1351033643271,33.468360900878906,41015,0.0,0.0
2018-03-05 00:00:00+08:00,33.51596587285736,33.70639821944644,32.468589782714844,32.468589782714844,57019,0.0,0.0
2018-03-06 00:00:00+08:00,32.65902212930393,32.706629307902475,32.23055025752721,32.468589782714844,42014,0.0,0.0
2018-03-07 00:00:00+08:00,32.278161068320664,32.51620059350829,31.65925684995486,32.468589782714844,31009,0.0,0.0
2018-03-08 00:00:00+08:00,32.46859197453384,32.754242329797975,31.992512892020464,32.182945251464844,42004,0.0,0.0
2018-03-09 00:00:00+08:00,32.325763951994304,32.65901779010164,32.13533163070679,32.37337112426758,30005,0.0,0.0
2018-03-12 00:00:00+08:00,33.08749400108064,33.13510117967919,32.37337542551775,32.468589782714844,58014,0.0,0.0
2018-03-13 00:00:00+08:00,32.42097947227112,32.84945130265774,32.182939970077946,32.563804626464844,32392,0.0,0.0
2018-03-14 00:00:00+08:00,32.75424218363451,32.801849365234375,32.4209846480452,32.801849365234375,26025,0.0,0.0
2018-03-15 00:00:00+08:00,32.611412048339844,32.611412048339844,32.51619769961668,32.611412048339844,12027,0.0,0.0
2018-03-16 00:00:00+08:00,32.75423576684261,32.75423576684261,32.230545975253335,32.37337112426758,61020,0.0,0.0
2018-03-19 00:00:00+08:00,32.37337327785382,32.56380561180954,31.94490143450212,32.08772659301758,94105,0.0,0.0
2018-03-20 00:00:00+08:00,32.0877268414669,32.0877268414669,31.7068621706065,31.802080154418945,79027,0.0,0.0
2018-03-21 00:00:00+08:00,31.802080154418945,31.8972945060367,31.7068621706065,31.802080154418945,41235,0.0,0.0
2018-03-22 00:00:00+08:00,32.135334770126,32.46858864079014,31.611648559570312,31.611648559570312,44295,0.0,0.0
2018-03-23 00:00:00+08:00,31.421216832282628,31.421216832282628,30.135803053197037,30.421451568603516,159025,0.0,0.0
2018-03-26 00:00:00+08:00,30.4690591311893,31.278392061483558,30.421451952735797,31.135570526123047,50219,0.0,0.0
2018-03-27 00:00:00+08:00,31.61164904800077,31.754470580980087,31.230784362332937,31.706863403320312,39031,0.0,0.0
2018-03-28 00:00:00+08:00,31.992507837385205,33.32553051069066,31.992507837385205,33.230316162109375,178034,0.0,0.0
2018-03-29 00:00:00+08:00,34.18247519301316,34.18247519301316,32.65902014505523,32.75423812866211,136014,0.0,0.0
2018-03-30 00:00:00+08:00,33.13510117967919,33.13510117967919,31.992510732339582,32.468589782714844,41009,0.0,0.0
2018-04-02 00:00:00+08:00,32.51619861469951,33.420745849609375,32.51619861469951,33.420745849609375,96215,0.0,0.0
2018-04-03 00:00:00+08:00,34.27769020664394,36.753299713134766,33.42074649859994,36.753299713134766,436467,0.0,0.0
2018-04-09 00:00:00+08:00,36.943732051832846,37.94349728975435,36.277220682486934,36.753299713134766,891514,0.0,0.0
2018-04-10 00:00:00+08:00,36.5628730434668,36.5628730434668,35.563104117655676,35.801143646240234,213029,0.0,0.0
2018-04-11 00:00:00+08:00,35.801144426504045,38.08632540359794,35.801144426504045,36.56287384033203,446122,0.0,0.0
2018-04-12 00:00:00+08:00,35.03941511348296,35.61071211627675,33.896824740090054,34.65855407714844,270535,0.0,0.0
2018-04-13 00:00:00+08:00,34.65855407714844,34.65855407714844,34.277689408619246,34.65855407714844,41010,0.0,0.0
2018-04-16 00:00:00+08:00,34.65855320085577,34.65855320085577,33.89682388305664,33.89682388305664,62039,0.0,0.0
2018-04-17 00:00:00+08:00,33.896821962573014,33.896821962573014,32.944664001464844,32.944664001464844,60011,0.0,0.0
2018-04-18 00:00:00+08:00,32.84945461337768,33.61118037072717,32.84945461337768,33.135101318359375,61036,0.0,0.0
2018-04-19 00:00:00+08:00,32.659024427121885,33.03988914709687,32.516202881277636,32.849456787109375,103219,0.0,0.0
2018-04-20 00:00:00+08:00,32.80184772681365,32.80184772681365,32.51620101928711,32.51620101928711,31005,0.0,0.0
2018-04-23 00:00:00+08:00,32.51619745246512,33.32553030704408,32.46858664627084,32.563804626464844,41015,0.0,0.0
2018-04-24 00:00:00+08:00,32.80184809169974,32.80184809169974,31.611650436937012,31.944904327392578,75011,0.0,0.0
2018-04-25 00:00:00+08:00,32.23055243327715,32.2781632472846,31.611651805326858,32.182945251464844,57041,0.0,0.0
2018-04-26 00:00:00+08:00,32.04012370602792,32.563809970353596,31.51643380950709,32.182945251464844,47120,0.0,0.0
2018-04-27 00:00:00+08:00,31.802081390834687,32.08772808898815,31.706863403320312,31.706863403320312,28003,0.0,0.0
2018-04-30 00:00:00+08:00,31.706864028553404,32.65902212930393,31.611649671356314,32.468589782714844,53003,0.0,0.0
2018-05-02 00:00:00+08:00,32.468589782714844,32.75424011869592,32.37337542551775,32.468589782714844,33005,0.0,0.0
2018-05-03 00:00:00+08:00,32.373371346919,33.03988265991211,32.08772467912037,33.03988265991211,32201,0.0,0.0
2018-05-04 00:00:00+08:00,33.42074788346537,33.42074788346537,32.468589782714844,32.468589782714844,19000,0.0,0.0
2018-05-07 00:00:00+08:00,32.944671733357225,32.944671733357225,32.27816390991211,32.27816390991211,19001,0.0,0.0
2018-05-08 00:00:00+08:00,32.13533376845784,32.13533376845784,31.706861925106136,32.08772659301758,41004,0.0,0.0
2018-05-09 00:00:00+08:00,31.802081085622316,31.802081085622316,29.992979294354743,30.040586471557617,275100,0.0,0.0
2018-05-10 00:00:00+08:00,30.70709750835712,31.278390892844,30.18341130054502,30.94513702392578,92000,0.0,0.0
2018-05-11 00:00:00+08:00,30.516665002547917,30.94513685466687,30.27862548828125,30.27862548828125,45206,0.0,0.0
2018-05-14 00:00:00+08:00,30.94513702392578,31.89729508620042,30.7547046850319,30.94513702392578,609473,0.0,0.0
2018-05-15 00:00:00+08:00,31.23078371616922,31.23078371616922,30.65949033168234,30.94513702392578,28207,0.0,0.0
2018-05-16 00:00:00+08:00,30.945137789369255,31.23078448867831,30.183412047146827,30.421451568603516,58001,0.0,0.0
2018-05-17 00:00:00+08:00,30.421450194087587,33.420745849609375,30.421450194087587,33.420745849609375,436329,0.0,0.0
2018-05-18 00:00:00+08:00,34.46812639871032,35.94397083227185,32.849456787109375,32.849456787109375,790339,0.0,0.0
2018-05-21 00:00:00+08:00,33.51596263523753,33.99204163962388,32.46858664627084,32.563804626464844,146016,0.0,0.0
2018-05-22 00:00:00+08:00,32.56380487397826,33.89682391707541,32.2781581956142,32.611412048339844,138001,0.0,0.0
2018-05-23 00:00:00+08:00,32.80184845795638,33.039887991566815,32.56380892434595,32.65902328491211,38000,0.0,0.0
2018-05-24 00:00:00+08:00,32.84945388730295,33.32553292914792,32.84945388730295,32.992279052734375,81000,0.0,0.0
2018-05-25 00:00:00+08:00,33.325533665745475,34.75377082284886,33.135101318359375,33.135101318359375,206002,0.0,0.0
2018-05-28 00:00:00+08:00,33.61118153543669,33.89682825031674,33.32553482055664,33.32553482055664,61000,0.0,0.0
2018-05-29 00:00:00+08:00,33.706396171562815,33.706396171562815,32.75423812866211,32.75423812866211,49211,0.0,0.0
2018-05-30 00:00:00+08:00,32.56380718863494,33.27792575140239,32.37337484545798,32.992279052734375,46000,0.0,0.0
2018-05-31 00:00:00+08:00,33.18271069294112,33.32553587098053,32.75424242321321,32.849456787109375,41005,0.0,0.0
2018-06-01 00:00:00+08:00,32.849452480074305,32.99227763938728,32.70662732076133,32.75423812866211,25000,0.0,0.0
2018-06-04 00:00:00+08:00,33.32553470546032,33.32553470546032,32.56380892434595,32.65902328491211,53000,0.0,0.0
2018-06-05 00:00:00+08:00,32.563804626464844,33.13509797885064,32.42097947227112,32.563804626464844,50001,0.0,0.0
2018-06-06 00:00:00+08:00,32.56380579364303,32.9446668314865,32.51619861793693,32.75423812866211,64004,0.0,0.0
2018-06-07 00:00:00+08:00,32.84945130265774,33.08749080485091,32.51619745246512,32.563804626464844,48000,0.0,0.0
2018-06-08 00:00:00+08:00,32.56380536134691,32.56380536134691,31.42121499859542,32.04011917114258,53001,0.0,0.0
2018-06-11 00:00:00+08:00,32.08772872173157,32.706629307902475,32.08772872173157,32.468589782714844,51010,0.0,0.0
2018-06-12 00:00:00+08:00,33.13510235213297,33.13510235213297,32.42098375130168,32.65902328491211,53000,0.0,0.0
2018-06-13 00:00:00+08:00,33.08749265372769,34.03965071570547,32.4209812839043,33.51596450805664,168001,0.0,0.0
2018-06-14 00:00:00+08:00,33.42074541490573,33.99204241247522,32.611412541925574,32.706626892089844,118002,0.0,0.0
2018-06-15 00:00:00+08:00,32.75424011869592,32.89706165449156,32.468589782714844,32.468589782714844,64000,0.0,0.0
2018-06-19 00:00:00+08:00,31.8972945060367,32.42098070432374,31.7068621706065,31.802080154418945,56002,0.0,0.0
2018-06-20 00:00:00+08:00,31.65925697703552,31.754471334614802,31.421217450892396,31.51643180847168,59000,0.0,0.0
2018-06-21 00:00:00+08:00,31.468822232536198,31.564040215057144,30.945136041352242,31.421215057373047,65066,0.0,0.0
2018-06-22 00:00:00+08:00,31.326003603508028,31.897297022678,31.230785612183045,31.278392791748047,52001,0.0,0.0
2018-06-25 00:00:00+08:00,31.326003603508028,31.516432321768033,31.278392791748047,31.278392791748047,38002,0.0,0.0
2018-06-26 00:00:00+08:00,31.278390892844,31.278390892844,30.94513702392578,30.94513702392578,37001,0.0,0.0
2018-06-27 00:00:00+08:00,31.087963184564277,31.37360988598153,30.80231285095215,30.80231285095215,21006,0.0,0.0
2018-06-28 00:00:00+08:00,30.8975301028651,30.945137279933736,30.65949058532715,30.65949058532715,33094,0.0,0.0
2018-06-29 00:00:00+08:00,30.75470542907715,30.802312606903683,30.75470542907715,30.75470542907715,11001,0.0,0.0
2018-07-02 00:00:00+08:00,31.230784719175468,31.230784719175468,30.80231285095215,30.80231285095215,12001,0.0,0.0
2018-07-03 00:00:00+08:00,30.945136100053787,31.13556843326228,30.469057083129883,30.469057083129883,42005,0.0,0.0
2018-07-04 00:00:00+08:00,30.469059501107285,30.945138555812086,30.13580379959443,30.231019973754883,44001,0.0,0.0
2018-07-05 00:00:00+08:00,29.80254662800723,30.183411305862084,29.65972328186035,29.65972328186035,17033,0.0,0.0
2018-07-06 00:00:00+08:00,28.945604823959115,29.183644340301043,28.374309621519007,28.707565307617188,89085,0.0,0.0
2018-07-09 00:00:00+08:00,29.516903114318847,29.516903114318847,28.56474494934082,28.56474494934082,47003,0.0,0.0
2018-07-10 00:00:00+08:00,28.61234675860583,29.32646524824921,28.61234675860583,28.945602416992188,42011,0.0,0.0
2018-07-11 00:00:00+08:00,28.755171909412294,29.136034740669317,28.61234675860583,28.945602416992188,23001,0.0,0.0
2018-07-12 00:00:00+08:00,28.94560572466404,29.27886142113219,28.65995902260417,29.183645248413086,16001,0.0,0.0
2018-07-13 00:00:00+08:00,29.51689757192634,29.51689757192634,28.850386255153623,28.945602416992188,33001,0.0,0.0
2018-07-16 00:00:00+08:00,29.040820993715364,29.37407667981354,28.707565307617188,28.707565307617188,34204,0.0,0.0
2018-07-17 00:00:00+08:00,28.945606165409714,29.27886186695224,28.612350463867188,28.612350463867188,32001,0.0,0.0
2018-07-18 00:00:00+08:00,28.755174300544002,29.040820993715364,28.707565307617188,28.707565307617188,11035,0.0,0.0
2018-07-19 00:00:00+08:00,28.850388654202867,28.850388654202867,28.659958130787754,28.707565307617188,28000,0.0,0.0
2018-07-20 00:00:00+08:00,28.75517405468433,28.802781231106714,28.612348893222432,28.659957885742188,24001,0.0,0.0
2018-07-23 00:00:00+08:00,28.897997985096847,29.469293194218352,28.564742295101183,28.75517463684082,44002,0.0,0.0
2018-07-24 00:00:00+08:00,28.75517463684082,29.13603750422269,28.75517463684082,28.75517463684082,13038,0.0,0.0
2018-07-25 00:00:00+08:00,28.75517405468433,28.94560457647124,28.469525547857906,28.659957885742188,47211,0.0,0.0
2018-07-26 00:00:00+08:00,28.850388654202867,29.136037163471613,28.707565307617188,28.707565307617188,33000,0.0,0.0
2018-07-27 00:00:00+08:00,28.945603739430894,29.040819905619603,28.755173223150795,28.850387573242188,11052,0.0,0.0
2018-07-30 00:00:00+08:00,28.850391672395197,29.040824031829832,28.517137767530947,28.56474494934082,36008,0.0,0.0
2018-07-31 00:00:00+08:00,28.564742295101183,28.75517463684082,28.564742295101183,28.75517463684082,17005,0.0,0.0
2018-08-01 00:00:00+08:00,28.659957885742188,28.659957885742188,28.612348893222432,28.659957885742188,8410,0.0,0.0
2018-08-02 00:00:00+08:00,28.564743310055118,28.897999011891923,28.231487608218316,28.279096603393555,53114,0.0,0.0
2018-08-03 00:00:00+08:00,28.279093037496622,28.659955870385694,28.279093037496622,28.32670021057129,14001,0.0,0.0
2018-08-06 00:00:00+08:00,29.04082074541338,29.04082074541338,28.374309378915765,28.659957885742188,21002,0.0,0.0
2018-08-07 00:00:00+08:00,28.70756514590479,29.04082083012571,28.70756514590479,28.993213653564453,48200,0.0,0.0
2018-08-08 00:00:00+08:00,29.040820993715364,29.040820993715364,28.469525791275256,28.707565307617188,30000,0.0,0.0
2018-08-09 00:00:00+08:00,28.56474494934082,28.850391672395197,28.374312589906182,28.56474494934082,25099,0.0,0.0
2018-08-10 00:00:00+08:00,28.850386255153623,29.136034740669317,28.61234675860583,28.945602416992188,87003,0.0,0.0
2018-08-13 00:00:00+08:00,28.850388934848045,28.850388934848045,27.136505126953125,27.136505126953125,73001,0.0,0.0
2018-08-14 00:00:00+08:00,27.612582721541415,27.612582721541415,26.75564086236821,26.89846420288086,36006,0.0,0.0
2018-08-15 00:00:00+08:00,27.04128811153458,27.04128811153458,25.708267211914062,25.708267211914062,45134,0.0,0.0
2018-08-16 00:00:00+08:00,25.517834695324716,25.517834695324716,24.04199046266911,24.7085018157959,120005,0.0,0.0
2018-08-17 00:00:00+08:00,25.613050862356733,25.613050862356733,24.7085018157959,24.7085018157959,52002,0.0,0.0
2018-08-20 00:00:00+08:00,24.66089191550588,24.708500905316217,22.947008236473525,23.280263900756836,125242,0.0,0.0
2018-08-21 00:00:00+08:00,23.23265838623047,23.61352128119867,23.137442208464037,23.23265838623047,52206,0.0,0.0
2018-08-22 00:00:00+08:00,23.518301981870533,23.756341468261542,23.232653508543027,23.375476837158203,39245,0.0,0.0
2018-08-23 00:00:00+08:00,23.423088164093194,23.803951017148094,23.375479172400496,23.756343841552734,77005,0.0,0.0
2018-08-24 00:00:00+08:00,23.61351993084738,23.89916844781172,23.32787322998047,23.32787322998047,36005,0.0,0.0
2018-08-27 00:00:00+08:00,23.61351632354921,23.61351632354921,22.851790693536845,23.375476837158203,21008,0.0,0.0
2018-08-28 00:00:00+08:00,23.51830615575331,23.565913335041678,23.28026662711653,23.4230899810791,25222,0.0,0.0
2018-08-29 00:00:00+08:00,23.565912490995853,23.756344833523674,23.280265793301535,23.6135196685791,28005,0.0,0.0
2018-08-30 00:00:00+08:00,23.661128170709162,23.708735347303392,23.5183048248291,23.5183048248291,26198,0.0,0.0
2018-08-31 00:00:00+08:00,23.518304331381252,23.803951017148094,23.089832486633654,23.756343841552734,28250,0.0,0.0
2018-09-03 00:00:00+08:00,23.708734849860036,23.994383351724213,23.423088164093194,23.756343841552734,34001,0.0,0.0
2018-09-04 00:00:00+08:00,23.803949944181557,24.13720560661955,23.66112660773592,23.899166107177734,50000,0.0,0.0
2018-09-05 00:00:00+08:00,23.803953230156935,24.137208938598633,23.613520877876677,24.137208938598633,20000,0.0,0.0
2018-09-06 00:00:00+08:00,23.994384353634743,23.994384353634743,23.6135196685791,23.6135196685791,13000,0.0,0.0
2018-09-07 00:00:00+08:00,23.803953170776367,25.136974185120344,23.613520818971157,23.803953170776367,79054,0.0,0.0
2018-09-10 00:00:00+08:00,23.803949744134066,23.803949744134066,22.28049659729004,22.28049659729004,53001,0.0,0.0
2018-09-11 00:00:00+08:00,22.470930597962216,22.708970113160763,22.232891082763672,22.232891082763672,22001,0.0,0.0
2018-09-12 00:00:00+08:00,22.280498937168357,22.280498937168357,21.423557019603695,21.709203720092773,54052,0.0,0.0
2018-09-13 00:00:00+08:00,21.661595800648566,22.090067652814625,21.566379631711953,21.899635314941406,47156,0.0,0.0
2018-09-14 00:00:00+08:00,21.947242110562062,24.089597702026367,21.899634934968457,24.089597702026367,177201,0.0,0.0
2018-09-17 00:00:00+08:00,23.803950864017743,25.898699266490233,23.708734697342205,24.375246047973633,438207,0.0,0.0
2018-09-18 00:00:00+08:00,24.089596245611848,25.136970390224803,24.089596245611848,24.470460891723633,89019,0.0,0.0
2018-09-19 00:00:00+08:00,24.75611108190393,24.851327256976905,24.137208668075832,24.422855377197266,80002,0.0,0.0
2018-09-20 00:00:00+08:00,25.660660883477338,25.660660883477338,24.422854294592554,24.565677642822266,61000,0.0,0.0
2018-09-21 00:00:00+08:00,24.613287727343213,25.517836850292753,24.184815847563573,24.422855377197266,158002,0.0,0.0
2018-09-25 00:00:00+08:00,24.089599122426353,24.089599122426353,23.803952419827404,23.994384765625,43002,0.0,0.0
2018-09-26 00:00:00+08:00,23.803952011106922,23.994384353634743,23.6135196685791,23.6135196685791,27000,0.0,0.0
2018-09-27 00:00:00+08:00,24.089599120917136,25.946308135986328,24.089599120917136,25.946308135986328,138289,0.0,0.0
2018-09-28 00:00:00+08:00,26.279562739472397,27.517367487277248,26.089130401611328,26.089130401611328,452309,0.0,0.0
2018-10-01 00:00:00+08:00,26.08912966398306,26.27956199645996,25.422620132508538,26.27956199645996,108012,0.0,0.0
2018-10-02 00:00:00+08:00,27.041287338295074,27.041287338295074,25.898698806762695,25.898698806762695,74000,0.0,0.0
2018-10-03 00:00:00+08:00,25.898699794764337,25.898699794764337,24.851325572164058,25.755874633789062,51103,0.0,0.0
2018-10-04 00:00:00+08:00,25.755873450306233,26.374777609834123,25.232187271118164,25.232187271118164,42200,0.0,0.0
2018-10-05 00:00:00+08:00,25.041759161428274,25.041759161428274,23.32787518071289,24.327640533447266,76002,0.0,0.0
2018-10-08 00:00:00+08:00,24.518069198609457,25.041755387092287,23.661127337411504,23.7087345123291,39004,0.0,0.0
2018-10-09 00:00:00+08:00,23.708734606117925,24.280029787875637,23.327871756978553,24.041990280151367,59110,0.0,0.0
2018-10-11 00:00:00+08:00,21.661596298217773,21.899635817978407,21.661596298217773,21.661596298217773,120001,0.0,0.0
2018-10-12 00:00:00+08:00,20.185751167493095,23.13743963759956,19.70967214765691,22.470930099487305,66014,0.0,0.0
2018-10-15 00:00:00+08:00,22.70897147291739,22.70897147291739,22.090069059562314,22.137676239013672,395012,0.0,0.0
2018-10-16 00:00:00+08:00,22.185283174996474,22.185283174996474,22.042459822112306,22.090068817138672,12001,0.0,0.0
2018-10-17 00:00:00+08:00,22.613755049746445,22.613755049746445,22.090068817138672,22.090068817138672,11003,0.0,0.0
2018-10-18 00:00:00+08:00,21.518772949580875,21.994851989102145,21.518772949580875,21.661596298217773,20016,0.0,0.0
2018-10-19 00:00:00+08:00,21.661593548401797,21.661593548401797,21.28073072835263,21.518770217895508,14000,0.0,0.0
2018-10-22 00:00:00+08:00,21.47116452833062,21.804420228098643,21.09030164978036,21.756813049316406,30048,0.0,0.0
2018-10-23 00:00:00+08:00,21.328338623046875,21.518770947577433,21.280731449962854,21.328338623046875,17001,0.0,0.0
2018-10-24 00:00:00+08:00,21.328341108134676,21.61398962821307,21.328341108134676,21.42355728149414,12001,0.0,0.0
2018-10-25 00:00:00+08:00,21.375949194560565,21.375949194560565,20.899870164090153,20.947477340698242,33200,0.0,0.0
2018-10-26 00:00:00+08:00,20.233359643435833,20.85226204578026,19.519241067785156,19.804887771606445,81250,0.0,0.0
2018-10-29 00:00:00+08:00,19.900103944912694,20.233359643435833,19.804887771606445,19.804887771606445,13250,0.0,0.0
2018-10-30 00:00:00+08:00,19.18598619386165,19.614458084106445,19.18598619386165,19.614458084106445,19000,0.0,0.0
2018-10-31 00:00:00+08:00,19.61445650364684,20.28096605953691,19.61445650364684,19.995319366455078,35001,0.0,0.0
2018-11-01 00:00:00+08:00,20.566614638017825,21.80441940033988,20.566614638017825,21.613988876342773,67001,0.0,0.0
2018-11-02 00:00:00+08:00,21.7092007198715,21.7092007198715,21.423554058858922,21.518770217895508,33135,0.0,0.0
2018-11-05 00:00:00+08:00,22.280498174590477,22.280498174590477,21.328340117419113,21.899635314941406,37001,0.0,0.0
2018-11-06 00:00:00+08:00,21.70920373843888,21.70920373843888,21.37594985961914,21.37594985961914,5000,0.0,0.0
2018-11-07 00:00:00+08:00,21.375950102863133,21.471164460125145,21.375950102863133,21.42355728149414,22005,0.0,0.0
2018-11-08 00:00:00+08:00,21.566380877807298,22.85179469247872,21.375950345028457,21.47116470336914,30030,0.0,0.0
2018-11-09 00:00:00+08:00,21.899635817978407,21.899635817978407,21.375949600943976,21.661596298217773,29002,0.0,0.0
2018-11-12 00:00:00+08:00,21.56638063348461,21.661596806844074,21.328341108134676,21.42355728149414,23103,0.0,0.0
2018-11-13 00:00:00+08:00,21.328342196930457,21.328342196930457,20.995086481208606,21.28073501586914,17001,0.0,0.0
2018-11-14 00:00:00+08:00,21.23312235161535,21.471161848006094,20.99508285522461,20.99508285522461,23205,0.0,0.0
2018-11-15 00:00:00+08:00,20.947475682385353,21.185515178776097,20.42378951676461,20.99508285522461,35000,0.0,0.0
2018-11-16 00:00:00+08:00,20.852262319230853,21.566380904246277,20.852262319230853,21.137910842895508,42005,0.0,0.0
2018-11-19 00:00:00+08:00,21.328340607333402,21.756812469341508,21.328340607333402,21.661596298217773,18000,0.0,0.0
2018-11-20 00:00:00+08:00,21.66159656034961,21.66159656034961,21.280733687343172,21.37594985961914,23000,0.0,0.0
2018-11-21 00:00:00+08:00,21.328342196930457,21.328342196930457,21.18551883764896,21.28073501586914,11005,0.0,0.0
2018-11-22 00:00:00+08:00,21.137911656587644,21.518774553370815,21.137911656587644,21.28073501586914,33002,0.0,0.0
2018-11-23 00:00:00+08:00,21.328342196930457,21.328342196930457,21.137911656587644,21.28073501586914,12500,0.0,0.0
2018-11-26 00:00:00+08:00,22.851790693536845,23.375476837158203,22.37571172075483,23.375476837158203,355104,0.0,0.0
2018-11-27 00:00:00+08:00,23.803951607749983,23.803951607749983,22.375714511284986,22.566146850585938,202006,0.0,0.0
2018-11-28 00:00:00+08:00,22.5661461140688,23.51830414730213,22.5661461140688,23.089832305908203,97009,0.0,0.0
2018-11-29 00:00:00+08:00,23.185046771212516,23.32787010249817,21.852025985717773,21.852025985717773,150013,0.0,0.0
2018-11-30 00:00:00+08:00,21.85202659155397,22.28049659729004,21.756810429357987,22.28049659729004,51003,0.0,0.0
2018-12-03 00:00:00+08:00,22.661361204139034,23.089833059517485,22.28049834163451,22.566146850585938,100004,0.0,0.0
2018-12-04 00:00:00+08:00,22.61375360083694,22.661360776715554,22.18528175354004,22.18528175354004,31000,0.0,0.0
2018-12-05 00:00:00+08:00,21.613988624228945,21.899635314941406,21.566379631711953,21.899635314941406,33005,0.0,0.0
2018-12-06 00:00:00+08:00,21.899636082990817,21.899636082990817,21.37594985961914,21.37594985961914,35089,0.0,0.0
2018-12-07 00:00:00+08:00,21.37594984155466,21.99485223667928,21.37594984155466,21.709203720092773,16000,0.0,0.0
2018-12-10 00:00:00+08:00,20.995085409425275,21.661596806844074,20.995085409425275,21.42355728149414,20005,0.0,0.0
2018-12-11 00:00:00+08:00,21.518773523210314,21.89963640176057,21.518773523210314,21.756813049316406,18030,0.0,0.0
2018-12-12 00:00:00+08:00,21.756811969585176,21.994851483878016,21.613988624228945,21.899635314941406,16013,0.0,0.0
2018-12-13 00:00:00+08:00,22.090067652814625,22.32810716710747,21.899635314941406,21.899635314941406,18001,0.0,0.0
2018-12-14 00:00:00+08:00,21.94724388901327,22.137676239013672,21.94724388901327,22.137676239013672,10005,0.0,0.0
2018-12-17 00:00:00+08:00,21.94724382522788,22.137676174674827,21.804420471191406,21.804420471191406,13001,0.0,0.0
2018-12-18 00:00:00+08:00,21.613986376932093,21.7092007198715,21.518770217895508,21.518770217895508,22039,0.0,0.0
2018-12-19 00:00:00+08:00,21.947243759462445,21.947243759462445,21.47116470336914,21.47116470336914,13025,0.0,0.0
2018-12-20 00:00:00+08:00,21.471163291693017,21.613988452008584,21.233123779296875,21.233123779296875,10011,0.0,0.0
2018-12-21 00:00:00+08:00,21.042694091796875,21.18551744166728,20.614222226088227,21.042694091796875,22412,0.0,0.0
2018-12-24 00:00:00+08:00,23.61352059517559,23.80395294517599,21.80442053456171,22.137676239013672,823011,0.0,0.0
2018-12-25 00:00:00+08:00,21.994849452361507,21.994849452361507,21.233121987321642,21.566377639770508,110018,0.0,0.0
2018-12-26 00:00:00+08:00,21.994849568236532,23.708733195435343,21.994849568236532,22.851791381835938,769001,0.0,0.0
2018-12-27 00:00:00+08:00,23.327872870034888,24.946542326231373,23.04222617357546,24.565677642822266,932859,0.0,0.0
2018-12-28 00:00:00+08:00,25.232189036605355,25.422621378414924,24.08959861794275,24.232423782348633,467498,0.0,0.0
2019-01-02 00:00:00+08:00,24.28003095975232,25.13697286570057,24.08959861794275,24.232423782348633,436600,0.0,0.0
2019-01-03 00:00:00+08:00,24.660892138312406,24.660892138312406,24.18481313249133,24.280029296875,164002,0.0,0.0
2019-01-04 00:00:00+08:00,24.089600297454318,24.089600297454318,22.37571636606693,22.899402618408203,193004,0.0,0.0
2019-01-07 00:00:00+08:00,23.327872970884783,23.708735839843012,23.042226273190465,23.6135196685791,159226,0.0,0.0
2019-01-08 00:00:00+08:00,23.613520696069507,23.613520696069507,23.042227275822295,23.137441635131836,57009,0.0,0.0
2019-01-09 00:00:00+08:00,23.280263900756836,23.375478248182983,22.9946154101866,23.280263900756836,74022,0.0,0.0
2019-01-10 00:00:00+08:00,23.327873156180264,23.327873156180264,22.947010284196807,22.994617462158203,46002,0.0,0.0
2019-01-11 00:00:00+08:00,22.994615893222765,23.470694904743308,22.947008718509633,23.042224884033203,56001,0.0,0.0
2019-01-14 00:00:00+08:00,23.280265730762945,23.280265730762945,22.947010040283203,22.947010040283203,30056,0.0,0.0
2019-01-15 00:00:00+08:00,22.947007654930907,23.280263310768564,22.947007654930907,23.185047149658203,45003,0.0,0.0
2019-01-16 00:00:00+08:00,23.75634440756049,25.47022819519043,23.423088722160955,25.47022819519043,408002,0.0,0.0
2019-01-17 00:00:00+08:00,27.993449177352222,27.993449177352222,26.089132882075234,26.184349060058594,799120,0.0,0.0
2019-01-18 00:00:00+08:00,26.56520871578614,28.469524778797297,26.2795620327734,27.56497573852539,967407,0.0,0.0
2019-01-21 00:00:00+08:00,28.08866259248526,28.08866259248526,25.613051288911155,25.755874633789062,426419,0.0,0.0
2019-01-22 00:00:00+08:00,25.898699712011787,26.279562569168387,24.898932668866188,25.089365005493164,243102,0.0,0.0
2019-01-23 00:00:00+08:00,25.42261959960325,25.42261959960325,24.994147768560445,25.232187271118164,126402,0.0,0.0
2019-01-24 00:00:00+08:00,25.51783554807221,25.80348405871398,24.85132598876953,24.85132598876953,162100,0.0,0.0
2019-01-25 00:00:00+08:00,25.041757022579777,25.136973194730892,24.6132869720459,24.6132869720459,129250,0.0,0.0
2019-01-28 00:00:00+08:00,24.994149517392096,24.994149517392096,24.184814788847536,24.232423782348633,154151,0.0,0.0
2019-01-29 00:00:00+08:00,24.232423782348633,24.47046330156189,24.184814788847536,24.232423782348633,78480,0.0,0.0
2019-01-30 00:00:00+08:00,24.184815295325155,24.232424289823275,23.994384765625,23.994384765625,34221,0.0,0.0
2019-02-11 00:00:00+08:00,23.994383855160887,24.041991031755114,23.5183048248291,23.5183048248291,73105,0.0,0.0
2019-02-12 00:00:00+08:00,23.423088163229206,24.184813869310915,23.423088163229206,24.089597702026367,159003,0.0,0.0
2019-02-13 00:00:00+08:00,24.565676723257898,24.565676723257898,23.756343841552734,23.756343841552734,110107,0.0,0.0
2019-02-14 00:00:00+08:00,23.661128997802734,23.994384693903676,23.61352000344692,23.661128997802734,136006,0.0,0.0
2019-02-15 00:00:00+08:00,23.851559526933674,23.994384693903676,23.61352000344692,23.661128997802734,158005,0.0,0.0
2019-02-18 00:00:00+08:00,24.280032234191896,24.280032234191896,23.708736994873764,23.803953170776367,99019,0.0,0.0
2019-02-19 00:00:00+08:00,23.994384765625,24.422854819523426,23.708736246928606,23.994384765625,239007,0.0,0.0
2019-02-20 00:00:00+08:00,24.04199194402568,24.184815295325155,23.851559598228082,23.994384765625,112009,0.0,0.0
2019-02-21 00:00:00+08:00,24.23242344596521,24.280030622708036,24.13720727638217,24.184814453125,92012,0.0,0.0
2019-02-22 00:00:00+08:00,24.565677977921624,25.041757022579777,24.47046362186794,24.6132869720459,227017,0.0,0.0
2019-02-25 00:00:00+08:00,25.041757022579777,25.041757022579777,24.32763845559255,24.6132869720459,86147,0.0,0.0
2019-02-26 00:00:00+08:00,24.708503902416187,24.75611108190393,24.422855377197266,24.422855377197266,111100,0.0,0.0
2019-02-27 00:00:00+08:00,24.470461625642344,24.565675973928734,24.232422122731805,24.280029296875,81112,0.0,0.0
2019-03-04 00:00:00+08:00,24.375246929202834,26.660425931544296,24.232423582074752,26.469993591308594,694121,0.0,0.0
2019-03-05 00:00:00+08:00,26.422384888314973,26.422384888314973,25.232187370823308,25.56544303894043,318069,0.0,0.0
2019-03-06 00:00:00+08:00,25.327405666371995,25.755875719060096,25.327405666371995,25.613052368164062,82046,0.0,0.0
2019-03-07 00:00:00+08:00,25.61305000807167,25.898698499640346,24.803715339439673,24.8989315032959,162114,0.0,0.0
2019-03-08 00:00:00+08:00,25.327405023741758,25.708267888500057,24.85132598876953,24.85132598876953,165020,0.0,0.0
2019-03-11 00:00:00+08:00,25.51783469533243,26.231953223926777,24.994148500802176,25.04175567626953,254322,0.0,0.0
2019-03-12 00:00:00+08:00,25.422621785925973,25.422621785925973,24.946542739868164,24.946542739868164,136013,0.0,0.0
2019-03-13 00:00:00+08:00,24.94654166107161,25.51783503875783,24.94654166107161,25.089365005493164,134115,0.0,0.0
2019-03-14 00:00:00+08:00,25.4226206865417,25.4226206865417,24.94654166107161,25.089365005493164,106016,0.0,0.0
2019-03-15 00:00:00+08:00,25.279795526022788,26.08913023254141,25.089365005493164,25.089365005493164,175034,0.0,0.0
2019-03-18 00:00:00+08:00,25.375012281528086,25.470228452044932,25.136972763284678,25.184581756591797,95016,0.0,0.0
2019-03-19 00:00:00+08:00,25.279795526022788,25.279795526022788,25.041756013287742,25.089365005493164,41009,0.0,0.0
2019-03-20 00:00:00+08:00,25.27979518580098,25.327404177365672,25.04175567626953,25.04175567626953,107014,0.0,0.0
2019-03-21 00:00:00+08:00,25.041756258123737,25.803483795981787,25.041756258123737,25.136972427368164,156000,0.0,0.0
2019-03-22 00:00:00+08:00,25.51783469533243,25.56544368689712,25.04175567626953,25.04175567626953,86155,0.0,0.0
2019-03-25 00:00:00+08:00,24.898933867919975,24.898933867919975,23.94677577112688,23.994384765625,147024,0.0,0.0
2019-03-26 00:00:00+08:00,24.37524546125867,24.470461625642344,24.04198979396446,24.280029296875,79000,0.0,0.0
2019-03-27 00:00:00+08:00,24.5656800761076,24.99415197933524,24.280033351354234,24.327640533447266,102001,0.0,0.0
2019-03-28 00:00:00+08:00,24.13720669371731,24.280030036595463,24.089597702026367,24.089597702026367,46030,0.0,0.0
2019-03-29 00:00:00+08:00,23.423090283263445,23.899169346678974,23.32787410736084,23.803953170776367,91100,0.0,0.0
2019-04-01 00:00:00+08:00,23.80395067826161,23.899166844194117,23.613518346396592,23.7087345123291,39064,0.0,0.0
2019-04-02 00:00:00+08:00,23.803950075989704,24.0419895767496,22.9946154101866,23.280263900756836,68301,0.0,0.0
2019-04-03 00:00:00+08:00,23.08983338874669,23.18504955975482,22.75657769826695,22.947010040283203,202000,0.0,0.0
2019-04-08 00:00:00+08:00,23.327874047515344,23.61352075839286,23.327874047515344,23.4706974029541,70000,0.0,0.0
2019-04-09 00:00:00+08:00,23.70873617606111,23.70873617606111,23.51830564693017,23.661128997802734,46050,0.0,0.0
2019-04-10 00:00:00+08:00,24.56567593751764,25.898698604718685,24.28002926088729,25.232187271118164,574118,0.0,0.0
2019-04-11 00:00:00+08:00,25.27979434262352,25.708266171927896,24.85132432941642,24.8989315032959,148010,0.0,0.0
2019-04-12 00:00:00+08:00,24.994147055981497,25.18457937903739,24.280028568667742,24.470460891723633,126013,0.0,0.0
2019-04-15 00:00:00+08:00,24.756107560210246,24.756107560210246,24.375244730195686,24.470460891723633,68181,0.0,0.0
2019-04-16 00:00:00+08:00,24.518070051425443,25.66066045016383,24.28003053636306,25.136972427368164,86135,0.0,0.0
2019-04-17 00:00:00+08:00,25.18457999486457,25.232187168744048,24.756108165560196,24.8989315032959,104007,0.0,0.0
2019-04-18 00:00:00+08:00,24.756108898578454,24.756108898578454,24.375246047973633,24.375246047973633,50020,0.0,0.0
2019-04-19 00:00:00+08:00,24.37524819770952,24.803718261391676,24.327639202124292,24.422855377197266,65015,0.0,0.0
2019-04-22 00:00:00+08:00,24.47046212049398,24.660892637015007,24.041990280151367,24.041990280151367,46001,0.0,0.0
2019-04-23 00:00:00+08:00,24.089599942479815,24.518071827061643,24.089599942479815,24.137208938598633,31202,0.0,0.0
2019-04-24 00:00:00+08:00,24.089599122426353,24.089599122426353,23.994384765625,23.994384765625,23002,0.0,0.0
2019-04-25 00:00:00+08:00,23.99438251909335,23.99438251909335,23.946773529052734,23.946773529052734,15002,0.0,0.0
2019-04-26 00:00:00+08:00,23.803951516589223,23.803951516589223,23.5183048248291,23.5183048248291,48001,0.0,0.0
2019-04-29 00:00:00+08:00,24.470464585997107,24.470464585997107,23.613520818971157,23.803953170776367,30001,0.0,0.0
2019-04-30 00:00:00+08:00,23.708736246928606,23.994384765625,23.56591289562913,23.994384765625,20001,0.0,0.0
2019-05-02 00:00:00+08:00,23.756343840676458,24.089597702026367,23.66112767339191,24.089597702026367,24008,0.0,0.0
2019-05-03 00:00:00+08:00,24.422854819523426,24.518070992422224,23.803952419827404,23.994384765625,52003,0.0,0.0
2019-05-06 00:00:00+08:00,23.994383855160887,24.137207201040948,23.470695832137498,23.5183048248291,55002,0.0,0.0
2019-05-07 00:00:00+08:00,23.6135196685791,23.899168182370833,23.518305313412604,23.6135196685791,30005,0.0,0.0
2019-05-08 00:00:00+08:00,23.51830625424773,25.089366786610597,23.327873904101782,24.422855377197266,252311,0.0,0.0
2019-05-09 00:00:00+08:00,24.613287941802266,24.70850411770487,23.756345990873815,23.803953170776367,128300,0.0,0.0
2019-05-10 00:00:00+08:00,23.99438462013317,24.089598976357184,22.99461753490412,23.32787322998047,111200,0.0,0.0
2019-05-13 00:00:00+08:00,23.32786966631886,23.61351632354921,23.137437350767193,23.375476837158203,68401,0.0,0.0
2019-05-14 00:00:00+08:00,23.232656558783756,23.994384104901314,23.232656558783756,23.5659122467041,20056,0.0,0.0
2019-05-15 00:00:00+08:00,23.661128662259763,23.994384353634743,23.6135196685791,23.6135196685791,41102,0.0,0.0
2019-05-16 00:00:00+08:00,23.946774862469283,23.994383855160887,23.5183048248291,23.5183048248291,107005,0.0,0.0
2019-05-17 00:00:00+08:00,23.661128517773346,23.803951865748356,22.5661470951684,22.613754272460938,109001,0.0,0.0
2019-05-20 00:00:00+08:00,22.851794037756207,22.851794037756207,22.518538344819447,22.661361694335938,25001,0.0,0.0
2019-05-21 00:00:00+08:00,22.66135906054842,22.851791381835938,22.66135906054842,22.851791381835938,16002,0.0,0.0
2019-05-22 00:00:00+08:00,22.851794037756207,22.94701020946634,22.661361694335938,22.661361694335938,20006,0.0,0.0
2019-05-23 00:00:00+08:00,22.375712759486024,22.375712759486024,22.28049659729004,22.28049659729004,25003,0.0,0.0
2019-05-24 00:00:00+08:00,22.280499082918936,22.470931428555676,22.280499082918936,22.375715255737305,35001,0.0,0.0
2019-05-27 00:00:00+08:00,22.375712394714355,22.947007542479696,22.375712394714355,22.851791381835938,63044,0.0,0.0
2019-05-28 00:00:00+08:00,22.851794925008228,23.232657810538868,22.851794925008228,23.137441635131836,34000,0.0,0.0
2019-05-29 00:00:00+08:00,22.566144716001872,23.56590986251831,22.566144716001872,22.851791381835938,36001,0.0,0.0
2019-05-30 00:00:00+08:00,23.23265838623047,23.23265838623047,22.994618849863155,23.23265838623047,13001,0.0,0.0
2019-05-31 00:00:00+08:00,23.375478989439273,23.375478989439273,22.899399972822607,23.089832305908203,63002,0.0,0.0
2019-06-03 00:00:00+08:00,23.28026530966321,23.756344339994993,23.232656316971607,23.5183048248291,67000,0.0,0.0
2019-06-04 00:00:00+08:00,23.899168521289486,24.470463740877182,23.61352000344692,23.661128997802734,62045,0.0,0.0
2019-06-05 00:00:00+08:00,23.75634623188032,24.18481630364259,23.75634623188032,23.851560592651367,42002,0.0,0.0
2019-06-06 00:00:00+08:00,23.99438227017391,24.089596617072832,23.851557117631017,23.899166107177734,28000,0.0,0.0
2019-06-10 00:00:00+08:00,23.470694281743565,24.13720560661955,23.470694281743565,23.899166107177734,41002,0.0,0.0
2019-06-11 00:00:00+08:00,23.946776526581527,24.565678945802212,23.803953170776367,23.803953170776367,71000,0.0,0.0
2019-06-12 00:00:00+08:00,23.899167184436156,23.899167184436156,23.518304331381252,23.756343841552734,18025,0.0,0.0
2019-06-13 00:00:00+08:00,23.851558941437315,23.946775111714185,23.5659122467041,23.5659122467041,106068,0.0,0.0
2019-06-14 00:00:00+08:00,23.56591200142333,23.708735347303392,23.470695832137498,23.5183048248291,18023,0.0,0.0
2019-06-17 00:00:00+08:00,23.851560289489953,23.851560289489953,23.4706974029541,23.4706974029541,15006,0.0,0.0
2019-06-18 00:00:00+08:00,23.708732481325047,23.708732481325047,23.32786966631886,23.375476837158203,28002,0.0,0.0
2019-06-19 00:00:00+08:00,23.708735347303392,23.708735347303392,23.470695832137498,23.5183048248291,9001,0.0,0.0
2019-06-20 00:00:00+08:00,23.470696580413925,23.565912752735372,23.32787322998047,23.32787322998047,32000,0.0,0.0
2019-06-21 00:00:00+08:00,23.470697922597786,23.470697922597786,23.23265838623047,23.23265838623047,33001,0.0,0.0
2019-06-24 00:00:00+08:00,23.51830615575331,23.80395286367846,23.18505045244232,23.4230899810791,37000,0.0,0.0
2019-06-25 00:00:00+08:00,23.327874563996904,23.327874563996904,23.23265838623047,23.23265838623047,12000,0.0,0.0
2019-06-26 00:00:00+08:00,23.32787322998047,23.42308940230192,23.280266051868463,23.32787322998047,17001,0.0,0.0
2019-06-27 00:00:00+08:00,23.423090741763335,23.423090741763335,23.18505120539602,23.23265838623047,28005,0.0,0.0
2019-06-28 00:00:00+08:00,23.18505120539602,23.280267383162457,23.18505120539602,23.23265838623047,11002,0.0,0.0
2019-07-01 00:00:00+08:00,23.32787380640489,23.51830615575331,23.28026662711653,23.4230899810791,42001,0.0,0.0
2019-07-02 00:00:00+08:00,23.518303996561393,23.7087345123291,23.423087830628887,23.7087345123291,73203,0.0,0.0
2019-07-03 00:00:00+08:00,23.708734027141478,24.280029194947947,23.708734027141478,23.946773529052734,224000,0.0,0.0
2019-07-04 00:00:00+08:00,23.994383197368816,24.756108898578454,23.994383197368816,24.375246047973633,247000,0.0,0.0
2019-07-05 00:00:00+08:00,24.184814453125,24.518070138616938,24.041991106799134,24.184814453125,76000,0.0,0.0
2019-07-08 00:00:00+08:00,24.375245106061367,24.375245106061367,23.899166107177734,23.899166107177734,44000,0.0,0.0
2019-07-09 00:00:00+08:00,24.089597702914936,24.137206694607634,23.708734849860036,23.756343841552734,35000,0.0,0.0
2019-07-10 00:00:00+08:00,24.137207702481902,24.137207702481902,23.6135196685791,23.6135196685791,67000,0.0,0.0
2019-07-11 00:00:00+08:00,23.70873559407071,23.70873559407071,23.5659122467041,23.5659122467041,15031,0.0,0.0
2019-07-12 00:00:00+08:00,23.6135196685791,23.803952011106922,23.6135196685791,23.6135196685791,18299,0.0,0.0
2019-07-15 00:00:00+08:00,23.708734849860036,23.803951017148094,23.708734849860036,23.756343841552734,36001,0.0,0.0
2019-07-16 00:00:00+08:00,23.803952011106922,23.85155918869017,23.6135196685791,23.6135196685791,59200,0.0,0.0
2019-07-17 00:00:00+08:00,23.899167685875053,23.899167685875053,23.5183048248291,23.5183048248291,33020,0.0,0.0
2019-07-18 00:00:00+08:00,23.708735839843012,23.899168182370833,23.565912490995853,23.6135196685791,83052,0.0,0.0
2019-07-19 00:00:00+08:00,23.803951764347577,23.803951764347577,23.5659122467041,23.5659122467041,25001,0.0,0.0
2019-07-22 00:00:00+08:00,23.756343116910728,24.660892138312406,23.56591078814338,24.280029296875,351191,0.0,0.0
2019-07-23 00:00:00+08:00,24.565677315359768,24.613286308199978,24.184814453125,24.184814453125,145076,0.0,0.0
2019-07-24 00:00:00+08:00,24.2800298812981,24.422853223262738,24.137206539333455,24.375246047973633,128000,0.0,0.0
2019-07-25 00:00:00+08:00,24.42285331470723,25.470227519865073,24.42285331470723,25.04175567626953,539337,0.0,0.0
2019-07-26 00:00:00+08:00,25.041754841031597,25.041754841031597,24.613284827824497,24.8989315032959,114000,0.0,0.0
2019-07-29 00:00:00+08:00,25.18457939860497,25.18457939860497,24.613284245090643,24.803714752197266,150002,0.0,0.0
2019-07-30 00:00:00+08:00,24.756112436674904,24.89893579905159,24.18481717107058,24.327640533447266,89001,0.0,0.0
2019-07-31 00:00:00+08:00,24.37524532623257,24.8989315032959,24.37524532623257,24.8989315032959,103490,0.0,0.0
2019-08-01 00:00:00+08:00,25.66066148724722,25.66066148724722,24.56567822082828,24.6608943939209,273061,0.0,0.0
2019-08-02 00:00:00+08:00,24.660892034786496,24.660892034786496,23.899166355109394,23.946773529052734,121000,0.0,0.0
2019-08-05 00:00:00+08:00,23.94677391626385,23.99438290707429,23.042224884033203,23.042224884033203,119201,0.0,0.0
2019-08-06 00:00:00+08:00,22.137672901153564,22.947007542479696,21.566377753388224,22.851791381835938,70200,0.0,0.0
2019-08-07 00:00:00+08:00,22.613751207145835,23.61351632354921,22.613751207145835,23.375476837158203,52001,0.0,0.0
2019-08-08 00:00:00+08:00,23.28026692745829,23.803953170776367,23.28026692745829,23.803953170776367,33031,0.0,0.0
2019-08-12 00:00:00+08:00,23.803951017148094,24.089597702914936,23.565911506976615,23.756343841552734,21002,0.0,0.0
2019-08-13 00:00:00+08:00,23.8039523486753,23.8039523486753,23.661128997802734,23.661128997802734,5200,0.0,0.0
2019-08-14 00:00:00+08:00,23.75634350334401,23.994383010126626,23.613518346396592,23.7087345123291,45000,0.0,0.0
2019-08-15 00:00:00+08:00,22.851792552986062,23.327871564506605,22.851792552986062,23.042224884033203,26065,0.0,0.0
2019-08-16 00:00:00+08:00,23.23265698416004,23.661128850202324,22.994617462158203,22.994617462158203,60393,0.0,0.0
2019-08-19 00:00:00+08:00,23.327871814216536,23.42308798075933,23.042225130685466,23.089832305908203,46001,0.0,0.0
2019-08-20 00:00:00+08:00,23.089832305908203,23.232655647673738,23.042225130685466,23.089832305908203,53000,0.0,0.0
2019-08-21 00:00:00+08:00,23.613517962286576,24.756108302696077,23.518303614000185,24.280029296875,323009,0.0,0.0
2019-08-22 00:00:00+08:00,24.756111359363214,24.85132753550334,23.899169406297062,24.137208938598633,231001,0.0,0.0
2019-08-23 00:00:00+08:00,24.089596617072832,24.28002894306519,23.851557117631017,23.899166107177734,61000,0.0,0.0
2019-08-26 00:00:00+08:00,23.80394863910088,23.80394863910088,23.375476837158203,23.375476837158203,53101,0.0,0.0
2019-08-27 00:00:00+08:00,23.423090283263445,24.137208878386737,23.423090283263445,23.803953170776367,89002,0.0,0.0
2019-08-28 00:00:00+08:00,24.08960040881489,26.184349060058594,24.08960040881489,26.184349060058594,1229021,0.0,0.0
2019-08-29 00:00:00+08:00,27.231721582368987,28.80278205871582,27.13650541069094,28.80278205871582,2022132,0.0,0.0
2019-08-30 00:00:00+08:00,29.70733124976061,31.230782644232587,28.42191754658973,28.517133712768555,4565206,0.0,0.0
2019-09-02 00:00:00+08:00,28.564742041415855,29.992979143486647,28.421918694428253,29.040821075439453,1603001,0.0,0.0
2019-09-03 00:00:00+08:00,29.421683939438854,30.326234830522644,28.897997728451852,29.040821075439453,799101,0.0,0.0
2019-09-04 00:00:00+08:00,29.802548548819672,31.944904327392578,29.326469486914583,31.944904327392578,2455641,0.0,0.0
2019-09-05 00:00:00+08:00,32.51620174406287,34.848986267689064,31.183178902966443,32.65902328491211,3892013,0.0,0.0
2019-09-06 00:00:00+08:00,32.42098196480138,32.51619995231575,31.516431060486397,31.706863403320312,1062003,0.0,0.0
2019-09-10 00:00:00+08:00,31.4212160550631,32.37337411733774,30.94513702392578,30.94513702392578,455338,0.0,0.0
2019-09-11 00:00:00+08:00,31.421218746267165,31.516433107771764,29.80254917532348,30.088197708129883,475290,0.0,0.0
2019-09-12 00:00:00+08:00,30.183409758518458,30.516663610411225,29.08842658996582,29.08842658996582,293250,0.0,0.0
2019-09-16 00:00:00+08:00,28.65995805699735,28.850388579922164,27.898230517005956,28.04105567932129,555140,0.0,0.0
2019-09-17 00:00:00+08:00,28.27909373125792,29.08842658996582,28.088661402092953,29.08842658996582,358505,0.0,0.0
2019-09-18 00:00:00+08:00,29.612117117600338,29.612117117600338,28.94560572466404,29.183645248413086,271134,0.0,0.0
2019-09-19 00:00:00+08:00,28.612348893222432,29.136036914355522,28.469525547857906,28.659957885742188,188150,0.0,0.0
2019-09-20 00:00:00+08:00,28.659959310851647,31.51643180847168,28.612350315964544,31.51643180847168,906455,0.0,0.0
2019-09-23 00:00:00+08:00,33.13509632012535,34.13486145285005,32.51619582472166,32.944664001464844,2048943,0.0,0.0
2019-09-24 00:00:00+08:00,33.135096777223225,35.70592403411865,31.659252643585205,34.277687072753906,2892549,0.0,0.0
2019-09-25 00:00:00+08:00,34.46811939404142,35.46788454055786,33.801608085632324,34.277687072753906,1683100,0.0,0.0
2019-09-26 00:00:00+08:00,34.27768636974855,35.84874844790643,34.27768636974855,35.4202766418457,1584004,0.0,0.0
2019-09-27 00:00:00+08:00,35.75353304282628,37.9434957696313,34.80137501967674,37.13416290283203,3907448,0.0,0.0
2019-10-01 00:00:00+08:00,37.610245399225775,38.27675680362572,36.18200823216657,36.420047760009766,1575641,0.0,0.0
2019-10-02 00:00:00+08:00,35.80114314922885,38.03871686617747,35.80114314922885,37.65785217285156,2021209,0.0,0.0
2019-10-03 00:00:00+08:00,37.848283352233935,38.32436238811109,37.134164798418205,37.4674186706543,1971060,0.0,0.0
2019-10-04 00:00:00+08:00,37.22937585233585,37.8006728240599,36.13439634620507,36.277217864990234,880939,0.0,0.0
2019-10-07 00:00:00+08:00,36.2772181178879,36.2772181178879,35.03941345214844,35.03941345214844,620024,0.0,0.0
2019-10-08 00:00:00+08:00,35.22985076904297,36.03918372572406,34.23008546014427,35.22985076904297,554001,0.0,0.0
2019-10-09 00:00:00+08:00,35.372674919878285,37.89589170927065,35.372674919878285,35.705928802490234,1450030,0.0,0.0
2019-10-14 00:00:00+08:00,36.27722492670518,36.37244292329153,35.515499114990234,35.515499114990234,450230,0.0,0.0
2019-10-15 00:00:00+08:00,36.277222105571504,37.610244896555216,36.277222105571504,36.324832916259766,778530,0.0,0.0
2019-10-16 00:00:00+08:00,36.562877367721555,36.89613129427556,35.848758697509766,35.848758697509766,308180,0.0,0.0
2019-10-17 00:00:00+08:00,36.08679398629768,36.5628730434668,35.801143646240234,35.801143646240234,235160,0.0,0.0
2019-10-18 00:00:00+08:00,36.277220682486934,37.895890113128516,35.991573990537184,36.753299713134766,1813185,0.0,0.0
2019-10-21 00:00:00+08:00,37.13416339466893,40.41910934448242,37.038949043970725,40.41910934448242,2901102,0.0,0.0
2019-10-22 00:00:00+08:00,41.03800768833193,44.27534628924018,40.2286748542021,41.32365798950195,6013311,0.0,0.0
2019-10-23 00:00:00+08:00,41.03800920089194,42.65667856100623,40.085851181082894,40.323890686035156,1680500,0.0,0.0
2019-10-24 00:00:00+08:00,40.466719691248706,41.609310150146484,40.37150533308845,41.609310150146484,767300,0.0,0.0
2019-10-25 00:00:00+08:00,41.7045252989896,42.371036715332714,41.08562469482422,41.08562469482422,676375,0.0,0.0
2019-10-28 00:00:00+08:00,41.8949531786558,41.8949531786558,38.943264748491984,39.08608627319336,1113851,0.0,0.0
2019-10-29 00:00:00+08:00,39.990642676693284,39.990642676693284,37.56264009776165,38.038719177246094,713667,0.0,0.0
2019-10-30 00:00:00+08:00,38.46718912074714,39.466954410428514,38.18153878181394,38.371971130371094,672001,0.0,0.0
2019-10-31 00:00:00+08:00,38.75283480814174,39.37173538442943,38.56240246459367,38.84804916381836,313129,0.0,0.0
2019-11-01 00:00:00+08:00,38.75283116386264,42.70428466796875,38.514791664861264,42.70428466796875,3486699,0.0,0.0
2019-11-04 00:00:00+08:00,42.89471648496477,43.03754163554978,40.99040051553508,41.32365798950195,1964000,0.0,0.0
2019-11-05 00:00:00+08:00,41.75212617686806,42.22820516922548,41.32365798950195,41.32365798950195,598000,0.0,0.0
2019-11-06 00:00:00+08:00,41.84734415465623,42.513855470395505,41.32365798950195,41.32365798950195,874000,0.0,0.0
2019-11-07 00:00:00+08:00,41.37126830719402,43.37079877421453,41.22844314575195,41.22844314575195,2951000,0.0,0.0
2019-11-08 00:00:00+08:00,41.22844007172266,41.75212623763917,39.75259591970542,40.08584976196289,956233,0.0,0.0
2019-11-11 00:00:00+08:00,40.79997398551078,41.466485395890786,39.99064103646041,40.37150573730469,825000,0.0,0.0
2019-11-12 00:00:00+08:00,41.228443390928064,41.70452242230644,40.70475718285081,41.27605056762695,704000,0.0,0.0
2019-11-13 00:00:00+08:00,41.27605377142357,42.132997547297464,41.27605377142357,41.79974365234375,597000,0.0,0.0
2019-11-14 00:00:00+08:00,41.70452272250513,41.70452272250513,38.08632278442383,38.08632278442383,1315000,0.0,0.0
2019-11-15 00:00:00+08:00,37.99110417854482,38.99086931330771,37.94349337463685,38.65761184692383,522201,0.0,0.0
2019-11-18 00:00:00+08:00,38.84804366917235,38.89565084027712,37.9434928894043,37.9434928894043,384000,0.0,0.0
2019-11-19 00:00:00+08:00,37.943495963361435,38.51479295948483,36.705691253386036,37.80067443847656,789000,0.0,0.0
2019-11-20 00:00:00+08:00,37.80067443847656,38.705225291525956,37.5626349314738,37.80067443847656,312000,0.0,0.0
2019-11-21 00:00:00+08:00,37.61024560600746,38.84805043115859,37.61024560600746,38.419578552246094,384000,0.0,0.0
2019-11-22 00:00:00+08:00,38.70522698254863,38.89565569071492,38.03871560738225,38.08632278442383,305550,0.0,0.0
2019-11-25 00:00:00+08:00,38.75282976892313,38.75282976892313,37.99110412597656,37.99110412597656,157000,0.0,0.0
2019-11-26 00:00:00+08:00,38.46718148432122,39.84780756484291,38.46718148432122,38.990867614746094,704000,0.0,0.0
2019-11-27 00:00:00+08:00,40.08585635347038,41.22844685111173,39.800209637108814,40.56193542480469,1005000,0.0,0.0
2019-11-28 00:00:00+08:00,40.942798085545256,40.990405263856914,39.18130706264975,39.56216812133789,446000,0.0,0.0
2019-11-29 00:00:00+08:00,38.94326499047312,39.56216553241396,38.229146465945085,38.467185974121094,353125,0.0,0.0
2019-12-02 00:00:00+08:00,38.89565569071492,38.89565569071492,37.13416471481323,38.08632278442383,294000,0.0,0.0
2019-12-03 00:00:00+08:00,37.61023905947654,38.562397010349365,37.61023905947654,37.9434928894043,159000,0.0,0.0
2019-12-04 00:00:00+08:00,37.75307131490784,38.276757560073285,37.75307131490784,37.84828567504883,80000,0.0,0.0
2019-12-05 00:00:00+08:00,38.562397450137894,38.562397450137894,37.99110412597656,37.99110412597656,119000,0.0,0.0
2019-12-06 00:00:00+08:00,38.18153992406003,39.60977713267368,38.18153992406003,38.56240463256836,368760,0.0,0.0
2019-12-09 00:00:00+08:00,39.46695465983163,39.46695465983163,38.419578552246094,38.419578552246094,120000,0.0,0.0
2019-12-10 00:00:00+08:00,38.752838956107944,38.94327132003922,38.18154186431411,38.22915267944336,161000,0.0,0.0
2019-12-11 00:00:00+08:00,38.22914361640951,38.610004621785606,37.84827897883904,37.99110412597656,177000,0.0,0.0
2019-12-12 00:00:00+08:00,38.56240616652971,38.56240616652971,37.895894716224724,38.181541442871094,186000,0.0,0.0
2019-12-13 00:00:00+08:00,38.51479301885516,38.56240019389017,37.13416314967202,37.18177032470703,185160,0.0,0.0
2019-12-16 00:00:00+08:00,37.70545810370167,38.99087367699285,37.562636572576956,38.08632278442383,263000,0.0,0.0
2019-12-17 00:00:00+08:00,38.46719003047692,38.8956582846199,38.08632532435536,38.51479721069336,259000,0.0,0.0
2019-12-18 00:00:00+08:00,38.84804851367335,38.84804851367335,38.03871560738225,38.08632278442383,159000,0.0,0.0
2019-12-19 00:00:00+08:00,38.086322870172516,38.086322870172516,37.229379152715715,37.4674186706543,274000,0.0,0.0
2019-12-20 00:00:00+08:00,37.80067449674608,37.80067449674608,37.13416314967202,37.18177032470703,145004,0.0,0.0
2019-12-23 00:00:00+08:00,37.46741817995482,37.75306850349587,37.13416431208325,37.3722038269043,111000,0.0,0.0
2019-12-24 00:00:00+08:00,37.61024499423455,38.324363570074446,37.562637815617535,37.65785217285156,164000,0.0,0.0
2019-12-25 00:00:00+08:00,38.03871685609835,40.27628694025917,37.800677330881456,39.60977554321289,1544000,0.0,0.0
2019-12-26 00:00:00+08:00,39.22891424096141,40.46671903803892,39.22891424096141,39.56216812133789,596000,0.0,0.0
2019-12-27 00:00:00+08:00,39.99064220081676,40.18107455678347,39.22891640914498,39.27652359008789,195004,0.0,0.0
2019-12-30 00:00:00+08:00,39.46695018589912,39.65738251407247,38.56239935122168,38.94326400756836,226000,0.0,0.0
2019-12-31 00:00:00+08:00,39.41934612471926,42.56146707502127,39.22891378150811,41.41887664794922,2816169,0.0,0.0
2020-01-02 00:00:00+08:00,41.89495233290619,42.466245684568,41.418873329123166,41.51408767700195,1985000,0.0,0.0
2020-01-03 00:00:00+08:00,41.51409389418257,41.56170470744674,38.84805180016816,39.94303512573242,550989,0.0,0.0
2020-01-06 00:00:00+08:00,39.60977143975736,40.942794095752696,39.60977143975736,40.181068420410156,429000,0.0,0.0
2020-01-07 00:00:00+08:00,40.18107442074284,40.41911395684654,39.60977735477693,39.89542770385742,495000,0.0,0.0
2020-01-08 00:00:00+08:00,39.41934578784283,39.704992484121,38.0863230289516,38.13393020629883,353000,0.0,0.0
2020-01-09 00:00:00+08:00,38.5624048487987,39.99064206542087,38.5624048487987,39.89542770385742,502000,0.0,0.0
2020-01-10 00:00:00+08:00,39.94303098347104,42.27581893588683,39.46695195776148,41.18083572387695,2433000,0.0,0.0
2020-01-13 00:00:00+08:00,41.18083697489867,41.18083697489867,40.46671841464031,40.75236511230469,543000,0.0,0.0
2020-01-14 00:00:00+08:00,40.79997032010375,41.70452117919922,40.514323636230095,41.70452117919922,599000,0.0,0.0
2020-01-15 00:00:00+08:00,41.51409177938736,42.13299599834267,40.75236602450037,40.89519119262695,709000,0.0,0.0
2020-01-16 00:00:00+08:00,41.13323447736361,41.276056026348286,40.08585829049977,40.22868347167969,276000,0.0,0.0
2020-01-17 00:00:00+08:00,41.18083435674114,41.18083435674114,40.22867633693209,40.323890686035156,301109,0.0,0.0
2020-01-20 00:00:00+08:00,40.32389588913754,41.18083967041731,40.27628870844312,40.56193542480469,314002,0.0,0.0
2020-01-30 00:00:00+08:00,38.657616285059,40.13346420297746,36.5152606222423,36.80091094970703,892000,0.0,0.0
2020-01-31 00:00:00+08:00,36.89612413371898,37.70545701667752,35.420279894809156,36.610477447509766,526021,0.0,0.0
2020-02-03 00:00:00+08:00,35.51549576155742,35.89636044755059,33.03988619918627,33.65878677368164,444000,0.0,0.0
2020-02-04 00:00:00+08:00,34.468123621348894,35.51549606859252,34.03965175395109,34.9918098449707,225000,0.0,0.0
2020-02-05 00:00:00+08:00,35.75353701349515,35.75353701349515,34.94420405681405,35.22985076904297,175000,0.0,0.0
2020-02-06 00:00:00+08:00,35.42028020215741,36.420045428662135,35.42028020215741,36.039180755615234,146000,0.0,0.0
2020-02-07 00:00:00+08:00,36.039180755615234,36.039180755615234,36.039180755615234,36.039180755615234,0,0.0,0.0
2020-02-10 00:00:00+08:00,37.13416284956432,38.08632087134802,36.80090899481787,37.75306701660156,341141,0.0,0.0
2020-02-11 00:00:00+08:00,39.038481895519894,40.3715046814156,38.086323800507216,39.56216812133789,928000,0.0,0.0
2020-02-12 00:00:00+08:00,40.08585172396225,40.08585172396225,38.32436081633763,38.467185974121094,411000,0.0,0.0
2020-02-13 00:00:00+08:00,38.46719003047692,39.27652299074146,38.46719003047692,38.51479721069336,199000,0.0,0.0
2020-02-14 00:00:00+08:00,39.99063781550512,40.37150248567351,38.99087259655642,39.181304931640625,736254,0.0,0.0
2020-02-17 00:00:00+08:00,39.70499228284908,40.657150353746204,39.22891324740052,40.038246154785156,980000,0.0,0.0
2020-02-18 00:00:00+08:00,39.704994564449684,40.228680807097156,38.99087597024086,39.133697509765625,387000,0.0,0.0
2020-02-19 00:00:00+08:00,39.1336957691298,40.18107184003328,39.1336957691298,39.46695327758789,194000,0.0,0.0
2020-02-20 00:00:00+08:00,39.609774565429674,39.943032071823666,39.181306336372096,39.41934585571289,166000,0.0,0.0
2020-02-21 00:00:00+08:00,39.086085974070635,40.03824399357147,39.086085974070635,39.65738296508789,266231,0.0,0.0
2020-02-24 00:00:00+08:00,39.65738649048069,40.27628707885742,39.56216850074933,40.27628707885742,340000,0.0,0.0
2020-02-25 00:00:00+08:00,40.56193211907382,42.08538720250155,39.800206393457344,39.990638732910156,1133000,0.0,0.0
2020-02-26 00:00:00+08:00,40.79997496047184,41.79974391602993,40.133467166359864,40.56193542480469,1066000,0.0,0.0
2020-02-27 00:00:00+08:00,40.56192545885261,40.99039724421817,37.4674122554929,38.27674865722656,408000,0.0,0.0
2020-03-02 00:00:00+08:00,37.13416284956432,38.08632087134802,36.84851616946813,37.75306701660156,179000,0.0,0.0
2020-03-03 00:00:00+08:00,39.80020536306402,39.80020536306402,37.75306775548056,37.89588928222656,204000,0.0,0.0
2020-03-04 00:00:00+08:00,37.80068044931001,37.80068044931001,37.229383362342446,37.51503372192383,147000,0.0,0.0
2020-03-05 00:00:00+08:00,37.657849281397056,38.562400134446456,37.657849281397056,37.80067443847656,142000,0.0,0.0
2020-03-06 00:00:00+08:00,37.943496960178884,37.943496960178884,37.22937842040994,37.3245964050293,79000,0.0,0.0
2020-03-09 00:00:00+08:00,36.70569692045492,37.562640730848024,36.182010650634766,36.182010650634766,158000,0.0,0.0
2020-03-10 00:00:00+08:00,35.7059272255941,35.80114157865112,32.897060224075084,34.80137634277344,374000,0.0,0.0
2020-03-11 00:00:00+08:00,35.18224391556952,35.61071580398711,33.182709647019095,33.32553482055664,214000,0.0,0.0
2020-03-12 00:00:00+08:00,33.32553503391972,33.32553503391972,29.99298153052775,30.088197708129883,542000,0.0,0.0
2020-03-13 00:00:00+08:00,27.13650625328041,27.993448192796084,27.08889907401189,27.660192489624023,372000,0.0,0.0
2020-03-16 00:00:00+08:00,27.707801548980527,29.040822548649878,27.707801548980527,27.99344825744629,241000,0.0,0.0
2020-03-17 00:00:00+08:00,25.803482440476145,27.422149968210263,25.232187271118164,25.232187271118164,228000,0.0,0.0
2020-03-18 00:00:00+08:00,25.232187271118164,25.232187271118164,25.232187271118164,25.232187271118164,0,0.0,0.0
2020-03-19 00:00:00+08:00,23.565912799809052,23.946775673758196,22.04245948791504,22.04245948791504,384000,0.0,0.0
2020-03-20 00:00:00+08:00,22.185282910100565,23.99438474535728,22.185282910100565,22.375715255737305,447000,0.0,0.0
2020-03-23 00:00:00+08:00,21.8520313252791,23.327875802683273,20.13814548277032,20.47140121459961,720000,0.0,0.0
2020-03-24 00:00:00+08:00,21.09030044623027,22.518537521362305,21.09030044623027,22.518537521362305,312000,0.0,0.0
2020-03-25 00:00:00+08:00,24.75611114501953,24.75611114501953,24.565678794388077,24.75611114501953,149000,0.0,0.0
2020-03-26 00:00:00+08:00,27.231718063354492,27.231718063354492,27.231718063354492,27.231718063354492,157000,0.0,0.0
2020-03-27 00:00:00+08:00,29.945369720458984,29.945369720458984,29.945369720458984,29.945369720458984,157000,0.0,0.0
2020-03-30 00:00:00+08:00,31.421213150024414,32.37337112426758,30.46905517578125,32.37337112426758,836000,0.0,0.0
2020-03-31 00:00:00+08:00,34.039647579193115,34.08725475146639,32.18293880298006,32.37337112426758,518000,0.0,0.0
2020-04-01 00:00:00+08:00,32.37337411733774,32.37337411733774,29.8977627922042,30.94513702392578,302000,0.0,0.0
2020-04-06 00:00:00+08:00,31.70686558992284,34.03965377807617,31.70686558992284,34.03965377807617,291000,0.0,0.0
2020-04-07 00:00:00+08:00,35.61071719850282,36.229617832946566,35.61071719850282,36.182010650634766,597000,0.0,0.0
2020-04-08 00:00:00+08:00,37.32460126293199,39.419349978664,37.32460126293199,38.181541442871094,481000,0.0,0.0
2020-04-09 00:00:00+08:00,38.61000716953711,38.61000716953711,34.51572839036082,36.5152587890625,528000,0.0,0.0
2020-04-10 00:00:00+08:00,37.6102421644114,38.18153552922081,35.991572787858566,37.18177032470703,360000,0.0,0.0
2020-04-13 00:00:00+08:00,37.895894974323305,37.895894974323305,36.65809006229524,36.8961296081543,174000,0.0,0.0
2020-04-14 00:00:00+08:00,37.134164798418205,37.70545818859287,36.99133963477714,37.4674186706543,186000,0.0,0.0
2020-04-15 00:00:00+08:00,37.46741666418015,39.13369320051691,37.46741666418015,39.03847885131836,524000,0.0,0.0
2020-04-16 00:00:00+08:00,37.37220509214011,39.13369610857323,37.37220509214011,38.89565658569336,244000,0.0,0.0
2020-04-17 00:00:00+08:00,38.75283297148129,39.419344326213334,37.37220308643519,37.89588928222656,497000,0.0,0.0
2020-04-20 00:00:00+08:00,37.6578517837941,37.895891306614786,36.32483263531516,36.94373321533203,350000,0.0,0.0
2020-04-21 00:00:00+08:00,36.94373137766031,37.32459604810622,35.182240449286034,35.991573333740234,253000,0.0,0.0
2020-04-22 00:00:00+08:00,36.324833159322836,36.7533014008251,35.0394175382313,36.372440338134766,183000,0.0,0.0
2020-04-23 00:00:00+08:00,36.65808389125726,37.13416290283203,36.42004438546988,37.13416290283203,52000,0.0,0.0
2020-04-24 00:00:00+08:00,37.610245368337424,40.133465814281074,37.08655913395146,38.371971130371094,877000,0.0,0.0
2020-04-27 00:00:00+08:00,38.371970996249466,38.99087521884822,37.56263805795411,37.70545959472656,389000,0.0,0.0
2020-04-28 00:00:00+08:00,38.51479371749082,38.51479371749082,37.2769889831543,37.2769889831543,206000,0.0,0.0
2020-04-29 00:00:00+08:00,37.943496960178884,38.038714944798244,37.3245964050293,37.3245964050293,228000,0.0,0.0
2020-04-30 00:00:00+08:00,37.84828260775425,38.133929297222885,37.3245964050293,37.3245964050293,248000,0.0,0.0
2020-05-04 00:00:00+08:00,37.657849363210886,41.03800964355469,36.8961236655861,41.03800964355469,1615000,0.0,0.0
2020-05-05 00:00:00+08:00,42.371034966893944,44.084918800913606,39.51456069946289,39.51456069946289,1833000,0.0,0.0
2020-05-06 00:00:00+08:00,39.89542587922909,41.038012694514244,38.56240308513653,39.60977554321289,810000,0.0,0.0
2020-05-07 00:00:00+08:00,40.133465542552756,41.32366317273291,40.133465542552756,40.27628707885742,549000,0.0,0.0
2020-05-08 00:00:00+08:00,40.942790627526534,40.942790627526534,38.65761016287993,38.990867614746094,478000,0.0,0.0
2020-05-11 00:00:00+08:00,39.60977221089884,40.08585122128077,38.37196751034474,39.03847885131836,317000,0.0,0.0
2020-05-12 00:00:00+08:00,39.51455978207422,39.51455978207422,38.80044123179577,39.371734619140625,117000,0.0,0.0
2020-05-13 00:00:00+08:00,39.60977277713463,41.94256068779305,39.51455842657496,41.70452117919922,972000,0.0,0.0
2020-05-14 00:00:00+08:00,41.41887390322802,45.60837064746685,38.84804652072667,39.03847885131836,5300000,0.0,0.0
2020-05-15 00:00:00+08:00,39.99063814006835,40.466717165545354,37.13416398720632,38.610008239746094,1084000,0.0,0.0
2020-05-18 00:00:00+08:00,38.13393074376558,40.46671878860658,38.13393074376558,39.51456069946289,967000,0.0,0.0
2020-05-19 00:00:00+08:00,39.99064195520638,40.89519291634649,38.657619103821474,39.22891616821289,436000,0.0,0.0
2020-05-20 00:00:00+08:00,39.7049952391082,40.0382491358569,39.18130898756237,39.22891616821289,244000,0.0,0.0
2020-05-21 00:00:00+08:00,39.84781020743838,41.41887233509565,39.466949192869116,41.32365798950195,950000,0.0,0.0
2020-05-22 00:00:00+08:00,42.08538559669562,44.08491600416933,41.46648142513752,41.65691375732422,1533000,0.0,0.0
2020-05-25 00:00:00+08:00,42.56146972912802,45.798805236816406,42.56146972912802,45.798805236816406,1474000,0.0,0.0
2020-05-26 00:00:00+08:00,50.369163513183594,50.369163513183594,50.369163513183594,50.369163513183594,665000,0.0,0.0
2020-05-27 00:00:00+08:00,55.32038497924805,55.32038497924805,53.035207684604565,55.32038497924805,4540000,0.0,0.0
2020-05-28 00:00:00+08:00,56.177330710671164,56.65340978449041,49.89308838913513,52.36869812011719,3276000,0.0,0.0
2020-05-29 00:00:00+08:00,53.41606018969486,56.653398711819435,53.320845846418294,54.463436126708984,3403000,0.0,0.0
2020-06-01 00:00:00+08:00,55.60603420065421,58.843369544324254,54.939522807717914,58.36729049682617,2874000,0.0,0.0
2020-06-02 00:00:00+08:00,58.08164338984041,58.08164338984041,53.89214634818709,55.70124816894531,1881000,0.0,0.0
2020-06-03 00:00:00+08:00,56.55819119717827,58.36728936321779,55.320382791968036,57.51034927368164,1450000,0.0,0.0
2020-06-04 00:00:00+08:00,58.27207807621257,59.509882914392946,55.98689711942188,56.74862289428711,2191000,0.0,0.0
2020-06-05 00:00:00+08:00,56.653403604528485,58.46250534057617,56.17732458264169,58.46250534057617,1078000,0.0,0.0
2020-06-08 00:00:00+08:00,61.31898682252504,64.27067565917969,59.98596394856771,64.27067565917969,814000,0.0,0.0
2020-06-09 00:00:00+08:00,67.3175710269591,69.69796614480617,60.366821641479326,61.69984436035156,4382000,0.0,0.0
2020-06-10 00:00:00+08:00,61.890272845283214,63.60416022983142,58.08164067018886,58.46250534057617,1789000,0.0,0.0
2020-06-11 00:00:00+08:00,57.034265836266016,58.93858184238916,55.12994983014287,55.51081085205078,1535000,0.0,0.0
2020-06-12 00:00:00+08:00,52.939984992528736,57.12948177561862,52.84477064244722,57.03426742553711,1209000,0.0,0.0
2020-06-15 00:00:00+08:00,58.55772243401943,58.74815477813001,55.70124816894531,55.70124816894531,1051000,0.0,0.0
2020-06-16 00:00:00+08:00,57.89121066386446,57.89121066386446,56.36775918541863,56.93905258178711,533000,0.0,0.0
2020-06-17 00:00:00+08:00,57.70077417311651,59.03379684507671,56.74861615948623,58.17685317993164,913000,0.0,0.0
2020-06-18 00:00:00+08:00,59.79552146193824,62.93764212437903,58.74814911852281,59.89073944091797,3105000,0.0,0.0
2020-06-19 00:00:00+08:00,60.366823554813664,63.508940851327964,60.366823554813664,62.08070373535156,2534000,0.0,0.0
2020-06-22 00:00:00+08:00,62.08070276548673,62.175924383242574,59.12901422479328,59.3194465637207,1041000,0.0,0.0
2020-06-23 00:00:00+08:00,60.93811863532381,60.93811863532381,57.60556527245454,57.795997619628906,836000,0.0,0.0
2020-06-24 00:00:00+08:00,58.081644673985764,61.6998483954982,57.79599796760187,60.462039947509766,2349000,0.0,0.0
2020-06-29 00:00:00+08:00,60.462036965090505,60.747683657384265,58.55772084020576,59.3194465637207,553000,0.0,0.0
2020-06-30 00:00:00+08:00,61.12854487169257,61.12854487169257,59.50987906683059,59.985958099365234,644000,0.0,0.0
2020-07-01 00:00:00+08:00,60.8429018108055,61.60462390422722,59.985958099365234,59.985958099365234,587000,0.0,0.0
2020-07-02 00:00:00+08:00,60.557251307789166,63.22329678791396,60.17639026219616,61.89027404785156,1549000,0.0,0.0
2020-07-03 00:00:00+08:00,63.413730925952066,63.413730925952066,59.9859630610555,60.176395416259766,1068000,0.0,0.0
2020-07-06 00:00:00+08:00,60.46203713189988,62.36635326203846,59.700311406283404,59.985958099365234,1005000,0.0,0.0
2020-07-07 00:00:00+08:00,60.08117525621752,60.55725431096471,56.36776080850639,57.224700927734375,1108000,0.0,0.0
2020-07-08 00:00:00+08:00,57.54727015107345,58.787923687356304,57.35639953613281,57.35639953613281,401000,0.138,0.0
2020-07-09 00:00:00+08:00,58.21531321986201,58.88335852590566,57.45183443033528,57.54726791381836,454000,0.0,0.0
2020-07-10 00:00:00+08:00,58.69248698957548,58.69248698957548,55.54313475727003,56.02030944824219,550000,0.0,0.0
2020-07-13 00:00:00+08:00,56.30661209491121,58.59705200923084,56.020308015759724,56.78378677368164,555000,0.0,0.0
2020-07-14 00:00:00+08:00,57.07009335951188,57.833572150967925,55.82943986832654,55.92487335205078,307000,0.0,0.0
2020-07-15 00:00:00+08:00,56.30661325193519,56.40204673342875,53.7298692055155,54.111610412597656,397000,0.0,0.0
2020-07-16 00:00:00+08:00,54.39791565200794,55.065960958301304,53.72987034571458,54.970523834228516,224000,0.0,0.0
2020-07-17 00:00:00+08:00,54.97052661621445,56.21118380807045,54.302484916666415,55.06596374511719,380000,0.0,0.0
2020-07-20 00:00:00+08:00,55.44769406542915,56.02030584206759,53.72986601662129,55.35226058959961,166000,0.0,0.0
2020-07-21 00:00:00+08:00,55.829435249854775,57.26095923062028,55.35226058959961,55.35226058959961,339000,0.0,0.0
2020-07-22 00:00:00+08:00,54.7796560962855,56.020309567339915,54.39791488647461,54.39791488647461,258000,0.0,0.0
2020-07-23 00:00:00+08:00,54.97052371168236,54.97052371168236,53.348132652156195,54.01617431640625,331000,0.0,0.0
2020-07-24 00:00:00+08:00,54.20704370778617,54.20704370778617,50.58051681518555,50.58051681518555,574000,0.0,0.0
2020-07-27 00:00:00+08:00,50.580523795281245,50.580523795281245,47.192583778613866,47.28801727294922,718000,0.0,0.0
2020-07-28 00:00:00+08:00,49.24442208467928,50.77138313849676,48.00376873133321,48.67181396484375,560000,0.0,0.0
2020-07-29 00:00:00+08:00,48.95812450408625,52.39378459945009,48.95812450408625,52.29834747314453,410000,0.0,0.0
2020-07-30 00:00:00+08:00,53.34813555356825,53.34813555356825,51.53487014770508,51.53487014770508,261000,0.0,0.0
2020-07-31 00:00:00+08:00,51.53487130769405,52.01204604202455,50.389651217189986,50.48508834838867,141000,0.0,0.0
2020-08-03 00:00:00+08:00,51.15312274135657,51.3439933358762,50.58051459835146,50.771385192871094,108000,0.0,0.0
2020-08-04 00:00:00+08:00,51.15312473786923,52.012040626454265,51.15312473786923,51.24856185913086,130000,0.0,0.0
2020-08-05 00:00:00+08:00,52.202913075377914,53.44356657124237,52.01204246665552,53.3481330871582,284000,0.0,0.0
2020-08-06 00:00:00+08:00,53.92074103217071,53.92074103217071,51.43943405151367,51.43943405151367,260000,0.0,0.0
2020-08-07 00:00:00+08:00,51.53486697452793,52.489216362945115,51.15312576293945,51.15312576293945,157000,0.0,0.0
2020-08-10 00:00:00+08:00,51.82117651442595,52.68009251057925,51.34400177001953,51.34400177001953,143000,0.0,0.0
2020-08-11 00:00:00+08:00,51.34399668054117,51.34399668054117,48.767252588055634,49.53073501586914,170000,0.0,0.0
2020-08-12 00:00:00+08:00,49.24442208467928,49.24442208467928,45.808766084558826,48.67181396484375,634000,0.0,0.0
2020-08-13 00:00:00+08:00,48.76725322689332,50.10334385251536,48.67181974244349,49.14899444580078,163000,0.0,0.0
2020-08-14 00:00:00+08:00,49.05355712330199,51.43943045341291,49.05355712330199,50.771385192871094,281000,0.0,0.0
2020-08-17 00:00:00+08:00,52.58464958573523,52.68008670843778,51.7257373247362,51.821170806884766,259000,0.0,0.0
2020-08-18 00:00:00+08:00,52.01204087599268,52.107474357158246,50.58051681518555,50.58051681518555,210000,0.0,0.0
2020-08-19 00:00:00+08:00,50.58051894464852,51.34399774777768,48.86269072746939,49.435298919677734,228000,0.0,0.0
2020-08-20 00:00:00+08:00,49.24443024719532,49.339867376689526,44.854424225980615,46.23823165893555,490000,0.0,0.0
2020-08-21 00:00:00+08:00,47.38344796758421,49.14899285670041,47.00170676101933,48.95812225341797,303000,0.0,0.0
2020-08-24 00:00:00+08:00,47.90834105142275,50.485085183377045,47.90834105142275,50.10334396362305,142000,0.0,0.0
2020-08-25 00:00:00+08:00,51.53486618905697,54.87508899760696,50.103342128249835,50.58051681518555,1319000,0.0,0.0
2020-08-26 00:00:00+08:00,50.86682287116086,52.39378411288234,50.77138938629569,51.05769348144531,257000,0.0,0.0
2020-08-27 00:00:00+08:00,51.63030101883034,52.20291284244245,50.580518136372525,51.43943405151367,147000,0.0,0.0
2020-08-28 00:00:00+08:00,50.675950938095696,51.1531256310742,48.86268928910977,50.19877624511719,152000,0.0,0.0
2020-08-31 00:00:00+08:00,50.38964631720536,50.5805169204878,48.76725165013553,48.95812225341797,151000,0.0,0.0
2020-09-01 00:00:00+08:00,49.05356356296966,49.626171781145786,48.767255813327324,49.24443054199219,85000,0.0,0.0
2020-09-02 00:00:00+08:00,49.33986428336358,49.81703897925577,48.29007776806834,48.576385498046875,123000,0.0,0.0
2020-09-03 00:00:00+08:00,49.3398591983543,49.3398591983543,48.38550990492599,48.67181396484375,94000,0.0,0.0
2020-09-04 00:00:00+08:00,48.1946455811109,48.38551619271127,47.38345003250197,47.812904357910156,141000,0.0,0.0
2020-09-07 00:00:00+08:00,48.099213230775256,48.099213230775256,46.76312255859375,46.76312255859375,167000,0.0,0.0
2020-09-08 00:00:00+08:00,47.288008955471355,48.003770958754636,46.47681347463849,46.858551025390625,125000,0.0,0.0
2020-09-09 00:00:00+08:00,46.858554467699555,48.19464509486802,46.858554467699555,47.38344955444336,131000,0.0,0.0
2020-09-10 00:00:00+08:00,48.00377458897441,48.00377458897441,46.858554569004696,47.5265998840332,103000,0.0,0.0
2020-09-11 00:00:00+08:00,47.71747360047327,48.67182307248274,46.76312412846381,46.95399475097656,92000,0.0,0.0
2020-09-14 00:00:00+08:00,47.001708984375,47.574317180754875,46.810838372063664,47.001708984375,55000,0.0,0.0
2020-09-15 00:00:00+08:00,47.62203952590362,48.19464774587046,47.04942766538249,47.478885650634766,113000,0.0,0.0
2020-09-16 00:00:00+08:00,47.812902380641034,48.385514191762184,47.24029421007385,47.33572769165039,118000,0.0,0.0
2020-09-17 00:00:00+08:00,47.71746625803937,47.71746625803937,47.04942100231607,47.240291595458984,36000,0.0,0.0
2020-09-18 00:00:00+08:00,47.28801402246713,47.66975525467733,46.76312255859375,46.76312255859375,106000,0.0,0.0
2020-09-21 00:00:00+08:00,46.76312031042721,47.097141142137225,45.713337433149434,46.142791748046875,115000,0.0,0.0
2020-09-22 00:00:00+08:00,46.09507610836921,46.09507610836921,44.472681371521,45.09300994873047,154000,0.0,0.0
2020-09-23 00:00:00+08:00,45.14072338637099,45.14072338637099,44.472678115339775,44.568115234375,93000,0.0,0.0
2020-09-24 00:00:00+08:00,43.2797398740912,43.66148105538711,42.46854441452953,42.75484848022461,134000,0.0,0.0
2020-09-25 00:00:00+08:00,42.94571992827625,42.94571992827625,38.50799407946619,39.12832260131836,301000,0.0,0.0
2020-09-28 00:00:00+08:00,39.60550030589809,40.655283195134004,39.60550030589809,40.32126235961914,145000,0.0,0.0
2020-09-29 00:00:00+08:00,40.36897871808246,41.22789463060605,40.03495788574219,40.03495788574219,74000,0.0,0.0
2020-09-30 00:00:00+08:00,40.03495927920719,41.41876667952517,40.03495927920719,41.037025451660156,94000,0.0,0.0
2020-10-05 00:00:00+08:00,41.99137393311958,41.99137393311958,41.227895135173675,41.275611877441406,52000,0.0,0.0
2020-10-06 00:00:00+08:00,40.750718753701804,41.32332691844872,40.750718753701804,40.94158935546875,68000,0.0,0.0
2020-10-07 00:00:00+08:00,40.94159215324784,41.03702564037588,40.082676206878766,40.225830078125,87000,0.0,0.0
2020-10-08 00:00:00+08:00,40.84615155442161,40.84615155442161,40.32126013871479,40.51213073730469,46000,0.0,0.0
2020-10-12 00:00:00+08:00,40.559847587615806,41.46648020297917,40.559847587615806,40.65528106689453,64000,0.0,0.0
2020-10-13 00:00:00+08:00,40.55984906500119,40.94159027712868,40.55984906500119,40.7030029296875,71000,0.0,0.0
2020-10-14 00:00:00+08:00,41.084737563873006,41.084737563873006,40.368975572723464,40.464412689208984,83000,0.0,0.0
2020-10-15 00:00:00+08:00,40.750718753701804,41.27561017814547,40.46441467132834,40.94158935546875,64000,0.0,0.0
2020-10-16 00:00:00+08:00,41.8482173506692,41.8482173506692,40.36897659301758,40.36897659301758,86000,0.0,0.0
2020-10-19 00:00:00+08:00,40.46441516574719,40.51213190663348,39.605499267578125,39.605499267578125,98000,0.0,0.0
2020-10-20 00:00:00+08:00,39.70093260772517,39.93951995185947,38.60343300903979,38.65114974975586,123000,0.0,0.0
2020-10-21 00:00:00+08:00,39.31919712035181,40.08267593383789,38.79430566361476,40.08267593383789,143000,0.0,0.0
2020-10-22 00:00:00+08:00,39.987243960688936,40.082677450778604,39.223761477754486,39.31919860839844,44000,0.0,0.0
2020-10-23 00:00:00+08:00,39.74865417286392,40.512132968722234,39.700933790172606,40.32126235961914,83000,0.0,0.0
2020-10-26 00:00:00+08:00,40.60756392943087,41.514196535912134,40.0826725174324,40.36897659301758,132000,0.0,0.0
2020-10-27 00:00:00+08:00,40.178107189789614,40.84615247971057,40.08267370860975,40.27354431152344,26000,0.0,0.0
2020-10-28 00:00:00+08:00,40.846155913239535,40.89387265784054,39.032894134521484,39.032894134521484,127000,0.0,0.0
2020-10-29 00:00:00+08:00,38.65114935782609,38.65114935782609,37.7445167311984,38.364845275878906,85000,0.0,0.0
2020-10-30 00:00:00+08:00,38.36484788511535,39.223760189372506,38.36484788511535,38.46028137207031,105000,0.0,0.0
2020-11-02 00:00:00+08:00,39.271478300726606,39.271478300726606,38.507995887053696,38.65114974975586,69000,0.0,0.0
2020-11-03 00:00:00+08:00,39.366908813855666,39.366908813855666,38.364842772159164,38.412559509277344,78000,0.0,0.0
2020-11-04 00:00:00+08:00,39.128321487711084,39.128321487711084,38.412559509277344,38.412559509277344,114000,0.0,0.0
2020-11-05 00:00:00+08:00,38.74658072077877,39.08060516525756,38.460276654478186,38.6988639831543,138000,0.0,0.0
2020-11-06 00:00:00+08:00,39.223759626244735,39.844088204208546,38.985172271728516,38.985172271728516,158000,0.0,0.0
2020-11-09 00:00:00+08:00,39.41462866347901,39.93952009433611,39.03289109583473,39.605499267578125,165000,0.0,0.0
2020-11-10 00:00:00+08:00,39.03289042920003,39.89180267214594,39.03289042920003,39.17604064941406,118000,0.0,0.0
2020-11-11 00:00:00+08:00,39.74865527602669,39.93952224987293,39.176043432825445,39.271480560302734,157000,0.0,0.0
2020-11-12 00:00:00+08:00,40.32126301050722,41.51419978596601,39.319196847232654,40.7507209777832,500000,0.0,0.0
2020-11-13 00:00:00+08:00,40.89386697145571,41.70506607909078,40.368975572723464,40.464412689208984,281000,0.0,0.0
2020-11-16 00:00:00+08:00,40.84615313067914,40.89386987202955,39.65321639414906,39.89180374145508,215000,0.0,0.0
2020-11-17 00:00:00+08:00,39.65321946426654,39.89180683004499,39.31919860839844,39.31919860839844,101000,0.0,0.0
2020-11-18 00:00:00+08:00,39.128327685942814,40.22583101628243,39.128327685942814,39.98724365234375,110000,0.0,0.0
2020-11-19 00:00:00+08:00,40.17810757590444,41.41876468648929,40.08267409380745,40.55984878540039,242000,0.0,0.0
2020-11-20 00:00:00+08:00,41.41876079101006,44.61582946777344,41.084736353977966,44.61582946777344,676000,0.0,0.0
2020-11-23 00:00:00+08:00,49.05356216430664,49.05356216430664,47.431167404994554,49.05356216430664,2177000,0.0,0.0
2020-11-24 00:00:00+08:00,49.62616810473208,50.19877628048816,46.38137873397031,46.667686462402344,2578000,0.0,0.0
2020-11-25 00:00:00+08:00,46.85855379361464,47.478882355994976,45.85648765793057,46.142791748046875,509000,0.0,0.0
2020-11-26 00:00:00+08:00,47.192583778613866,48.4809541549134,46.524538396603035,47.28801727294922,716000,0.0,0.0
2020-11-27 00:00:00+08:00,47.71747199856505,47.71747199856505,46.476818454713204,46.76312255859375,251000,0.0,0.0
2020-11-30 00:00:00+08:00,46.8585566181538,47.47888521792629,46.19051491446557,46.23823165893555,344000,0.0,0.0
2020-12-01 00:00:00+08:00,46.76311858495077,46.81083532478382,45.42702802630205,45.80876922607422,214000,0.0,0.0
2020-12-02 00:00:00+08:00,45.99964627055371,46.52453776336282,45.85649239044468,45.90420913696289,177000,0.0,0.0
2020-12-03 00:00:00+08:00,46.906276430811126,47.4311678946845,46.19051435083265,46.76312255859375,424000,0.0,0.0
2020-12-04 00:00:00+08:00,47.71746879064687,48.29007695991305,46.23822798624761,47.19257736206055,615000,0.0,0.0
2020-12-07 00:00:00+08:00,48.48094796392925,51.821170806884766,47.52659858022768,51.821170806884766,3194000,0.0,0.0
2020-12-08 00:00:00+08:00,51.43943367340003,51.43943367340003,48.38551489157919,48.576385498046875,1671000,0.0,0.0
2020-12-09 00:00:00+08:00,48.576388030013185,49.435300343056156,47.52660145999951,47.717472076416016,559000,0.0,0.0
2020-12-10 00:00:00+08:00,48.671819243536426,49.14899394200247,47.71746984660434,47.90834045410156,511000,0.0,0.0
2020-12-11 00:00:00+08:00,48.099210252796105,48.385514338950635,45.9996408867396,46.524532318115234,420000,0.0,0.0
2020-12-14 00:00:00+08:00,46.953995431466176,47.19258280292632,46.52453743472705,46.5722541809082,149000,0.0,0.0
2020-12-15 00:00:00+08:00,46.906276267986655,46.906276267986655,44.85442352294922,44.85442352294922,277000,0.0,0.0
2020-12-16 00:00:00+08:00,45.71333797325772,47.19257882346436,44.99757591923315,45.61790084838867,291000,0.0,0.0
2020-12-17 00:00:00+08:00,45.617900309407986,47.622036221330134,45.617900309407986,46.142791748046875,270000,0.0,0.0
2020-12-18 00:00:00+08:00,46.47681450539858,46.95398918483686,45.80876922607422,45.80876922607422,137000,0.0,0.0
2020-12-21 00:00:00+08:00,46.429096363786776,46.429096363786776,44.8544185129613,44.949851989746094,210000,0.0,0.0
2020-12-22 00:00:00+08:00,45.57018387174288,45.57018387174288,43.61376832892022,43.70920181274414,205000,0.0,0.0
2020-12-23 00:00:00+08:00,44.090943789091725,45.66561814265143,44.090943789091725,45.09300994873047,196000,0.0,0.0
2020-12-24 00:00:00+08:00,45.33159653538821,45.33159653538821,44.28181365079031,44.52040100097656,267000,0.0,0.0
2020-12-25 00:00:00+08:00,44.568115234375,45.42702746236899,44.18637403934178,44.568115234375,193000,0.0,0.0
2020-12-28 00:00:00+08:00,44.99757806328576,45.04529480771687,44.28181597515643,44.47268295288086,172000,0.0,0.0
2020-12-29 00:00:00+08:00,44.85442205220661,45.76105471541521,44.186376740339526,45.61790084838867,369000,0.0,0.0
2020-12-30 00:00:00+08:00,47.33572922179176,50.10334396362305,46.76312103271484,50.10334396362305,2844000,0.0,0.0
2020-12-31 00:00:00+08:00,50.58051255170037,51.34399125833229,47.908335258211835,48.67181396484375,2176000,0.0,0.0
2021-01-04 00:00:00+08:00,49.339861446602995,49.72159899703661,47.908337441230884,48.4809455871582,579000,0.0,0.0
2021-01-05 00:00:00+08:00,48.09921330924903,49.053562750777346,47.62203858848487,47.717472076416016,535000,0.0,0.0
2021-01-06 00:00:00+08:00,48.19464196623993,49.14899131210606,45.761051862392044,46.19050979614258,625000,0.0,0.0
2021-01-07 00:00:00+08:00,47.14486312866211,47.19257987187966,46.04735983188769,47.14486312866211,231000,0.0,0.0
2021-01-08 00:00:00+08:00,47.52659804907775,48.95812210863162,46.57224867604183,48.0037727355957,573000,0.0,0.0
2021-01-11 00:00:00+08:00,48.57638898621788,48.67182247602759,47.288015030461054,47.478885650634766,268000,0.0,0.0
2021-01-12 00:00:00+08:00,47.47888060410818,47.47888060410818,45.80876922607422,45.80876922607422,278000,0.0,0.0
2021-01-13 00:00:00+08:00,45.99964207600916,46.61996700528945,45.99964207600916,46.429100036621094,106000,0.0,0.0
2021-01-14 00:00:00+08:00,46.7631184592777,47.04942253806046,46.19051030171217,46.619964599609375,113000,0.0,0.0
2021-01-15 00:00:00+08:00,46.95399271276823,47.24029681383214,45.3315979526672,45.52246856689453,177000,0.0,0.0
2021-01-18 00:00:00+08:00,45.570188891031684,48.194650031352886,45.570188891031684,47.28801727294922,631000,0.0,0.0
2021-01-19 00:00:00+08:00,48.19464373466296,48.29007721652981,46.42909883624838,46.524532318115234,225000,0.0,0.0
2021-01-20 00:00:00+08:00,46.7631192331753,46.95398983570721,45.379311915511366,45.42702865600586,214000,0.0,0.0
2021-01-21 00:00:00+08:00,45.09300720691681,46.1905104258464,44.75898638753158,45.80876922607422,264000,0.0,0.0
2021-01-22 00:00:00+08:00,45.808768601574585,47.24029262037379,45.808768601574585,46.19050979614258,216000,0.0,0.0
2021-01-25 00:00:00+08:00,46.42910326948222,47.04942824195578,46.09507876994631,46.95399475097656,166000,0.0,0.0
2021-01-26 00:00:00+08:00,47.62203650833431,48.19464469201786,46.285945892333984,46.285945892333984,262000,0.0,0.0
2021-01-27 00:00:00+08:00,46.52453576630968,46.66768964027387,45.85649042206721,46.23823165893555,98000,0.0,0.0
2021-01-28 00:00:00+08:00,45.80877107319078,45.99964168077322,45.33159637451172,45.33159637451172,129000,0.0,0.0
2021-01-29 00:00:00+08:00,45.90420482630774,45.90420482630774,44.663551330566406,44.663551330566406,107000,0.0,0.0
2021-02-01 00:00:00+08:00,44.663552058979164,45.14072676824295,43.279744674003375,43.32746505737305,186000,0.0,0.0
2021-02-02 00:00:00+08:00,43.51832922549012,44.186374503539454,43.232025146484375,43.232025146484375,127000,0.0,0.0
2021-02-03 00:00:00+08:00,43.37518273521099,43.85235745476105,43.0888786315918,43.0888786315918,132000,0.0,0.0
2021-02-04 00:00:00+08:00,43.13659539516397,43.13659539516397,42.277679443359375,42.277679443359375,174000,0.0,0.0
2021-02-05 00:00:00+08:00,42.277677215086726,42.707135168354164,42.277677215086726,42.46854782104492,99000,0.0,0.0
2021-02-17 00:00:00+08:00,42.85028888336593,43.327463576318536,42.46854767278224,43.27974319458008,152000,0.0,0.0
2021-02-18 00:00:00+08:00,43.42290001317953,44.520403337866206,43.04115877662219,44.47268295288086,135000,0.0,0.0
2021-02-19 00:00:00+08:00,44.85442296706115,45.37931442260742,44.28181476838415,45.37931442260742,136000,0.0,0.0
2021-02-22 00:00:00+08:00,45.66561842079702,45.99964290308052,44.99757673733827,45.23616409301758,140000,0.0,0.0
2021-02-23 00:00:00+08:00,44.997573961883326,45.57018212397347,44.90213684116569,45.140724182128906,102000,0.0,0.0
2021-02-24 00:00:00+08:00,45.14072564439266,45.37931299308454,44.329530115061885,44.37724685668945,91000,0.0,0.0
2021-02-25 00:00:00+08:00,44.949859326868385,46.5722541809082,44.09094697394451,46.5722541809082,441000,0.0,0.0
2021-02-26 00:00:00+08:00,45.42702879872422,46.5722487769597,45.04529123301503,46.381378173828125,520000,0.0,0.0
2021-03-02 00:00:00+08:00,48.67181990400291,50.96225994394233,47.3357292739459,47.5265998840332,4472000,0.0,0.0
2021-03-03 00:00:00+08:00,47.33572754893203,48.67181813029907,45.85648674563177,46.381378173828125,916000,0.0,0.0
2021-03-04 00:00:00+08:00,46.381378173828125,47.62203527390636,45.99964060811893,46.381378173828125,561000,0.0,0.0
2021-03-05 00:00:00+08:00,46.9539875260215,48.95811965263765,46.76311693287859,47.240291595458984,643000,0.0,0.0
2021-03-08 00:00:00+08:00,47.81290778439005,48.38551966022701,46.5722541809082,46.5722541809082,369000,0.0,0.0
2021-03-09 00:00:00+08:00,46.3813783153855,46.763119522813724,44.75898728520044,45.57018280029297,258000,0.0,0.0
2021-03-10 00:00:00+08:00,45.57018503568447,46.28594710430778,45.09301032326892,45.37931442260742,215000,0.0,0.0
2021-03-11 00:00:00+08:00,45.808774343703355,46.095078455240646,45.52247023216607,45.85649108886719,154000,0.0,0.0
2021-03-12 00:00:00+08:00,46.476813176673005,46.6676837711023,45.761051177978516,45.761051177978516,150000,0.0,0.0
2021-03-15 00:00:00+08:00,45.90420168767958,47.14485873914698,45.04528946807193,46.858551025390625,290000,0.0,0.0
2021-03-16 00:00:00+08:00,47.52659966868042,48.29007846501605,46.38137965389994,46.429100036621094,574000,0.0,0.0
2021-03-17 00:00:00+08:00,46.47681427001953,47.33572650432618,46.38137715028288,46.47681427001953,275000,0.0,0.0
2021-03-18 00:00:00+08:00,47.04942468409672,47.04942468409672,46.14279202613607,46.285945892333984,223000,0.0,0.0
2021-03-19 00:00:00+08:00,46.23822887178832,47.049424400543515,46.09507500645316,46.142791748046875,239000,0.0,0.0
2021-03-22 00:00:00+08:00,46.238223842179565,49.24442192222957,46.190507105776284,46.90626907348633,764000,0.0,0.0
2021-03-23 00:00:00+08:00,47.00170821428033,47.00170821428033,45.37931349704715,45.61790084838867,455000,0.0,0.0
2021-03-24 00:00:00+08:00,46.04735777272018,46.190511636525365,45.14072512991334,45.71333694458008,123000,0.0,0.0
2021-03-25 00:00:00+08:00,46.09507330562641,46.09507330562641,45.09300720691681,45.80876922607422,126000,0.0,0.0
2021-03-26 00:00:00+08:00,45.99964496491298,46.1905155861226,45.52247023216607,45.85649108886719,120000,0.0,0.0
2021-03-29 00:00:00+08:00,46.285949076450265,46.9539944304068,45.808774343703355,45.85649108886719,282000,0.0,0.0
2021-03-30 00:00:00+08:00,46.28594327450765,46.81083468662326,45.904202079939665,46.19050979614258,280000,0.0,0.0
2021-03-31 00:00:00+08:00,46.23823331708576,47.14486605674516,46.23823331708576,46.5722541809082,309000,0.0,0.0
2021-04-01 00:00:00+08:00,46.810839302481476,47.33573076635485,46.715405814706024,46.76312255859375,214000,0.0,0.0
2021-04-07 00:00:00+08:00,47.6220334080025,47.6697501467773,46.667684070291465,46.858551025390625,215000,0.0,0.0
2021-04-08 00:00:00+08:00,46.57225173622494,49.435300043458696,46.52453499254855,48.38551712036133,961000,0.0,0.0
2021-04-09 00:00:00+08:00,48.95812512282507,53.15726407893207,48.38551691997146,50.007911682128906,2895000,0.0,0.0
2021-04-12 00:00:00+08:00,51.439433976278245,54.970523834228516,51.15312624461392,54.970523834228516,3482000,0.0,0.0
2021-04-13 00:00:00+08:00,59.36053358045882,60.410316467285156,59.07422948773837,60.410316467285156,2081000,0.0,0.0
2021-04-14 00:00:00+08:00,60.21944522631753,60.21944522631753,54.397915386762776,58.21531295776367,4192000,0.0,0.0
2021-04-15 00:00:00+08:00,60.12401131970223,64.0368423461914,59.64683662668872,64.0368423461914,2055000,0.0,0.0
2021-04-16 00:00:00+08:00,70.43099273257621,70.43099273257621,65.37293770567884,69.09490203857422,6655000,0.0,0.0
2021-04-19 00:00:00+08:00,70.33555407247884,75.2981757589405,67.75881337760495,68.9040298461914,4427000,0.0,0.0
2021-04-20 00:00:00+08:00,67.94967159459348,70.7172861978713,64.7048895918965,69.6675033569336,1120000,0.0,0.0
2021-04-21 00:00:00+08:00,69.57207335999534,69.57207335999534,66.80445861816406,66.80445861816406,930000,0.0,0.0
2021-04-22 00:00:00+08:00,68.33141343332845,68.33141343332845,60.2194437886193,61.55553436279297,1380000,0.0,0.0
2021-04-23 00:00:00+08:00,61.55553666283103,65.08662655120133,60.98292847567748,64.89575958251953,821000,0.0,0.0
2021-04-26 00:00:00+08:00,65.85010975257973,67.2816338776358,65.75467626713096,67.09076690673828,732000,0.0,0.0
2021-04-27 00:00:00+08:00,67.28163366888518,67.28163366888518,63.08249479219411,65.18206787109375,488000,0.0,0.0
2021-04-28 00:00:00+08:00,65.37293880626625,68.99946971088214,64.41858933464192,68.04512023925781,583000,0.0,0.0
2021-04-29 00:00:00+08:00,69.09489778777694,71.09903006492917,66.80445777912809,69.762939453125,854000,0.0,0.0
2021-05-03 00:00:00+08:00,70.43098518181341,70.62185214001902,68.71315343353201,69.38119506835938,762000,0.0,0.0
2021-05-04 00:00:00+08:00,70.14467628783039,70.24010976533381,62.700748544842085,66.89988708496094,945000,0.0,0.0
2021-05-05 00:00:00+08:00,66.8998858382187,73.58033107446808,65.65923609157973,70.90815734863281,3275000,0.0,0.0
2021-05-06 00:00:00+08:00,70.90816753039634,73.29404117164644,64.99119653143099,67.47250366210938,3212000,0.0,0.0
2021-05-07 00:00:00+08:00,69.76294062891455,74.15294647216797,68.5222907607713,74.15294647216797,5250000,0.0,0.0
2021-05-10 00:00:00+08:00,78.73382718028036,81.5014419555664,75.58447118062584,81.5014419555664,4630000,0.0,0.0
2021-05-11 00:00:00+08:00,78.63839764255492,84.84166918637975,73.38947556701083,73.48490905761719,7072000,0.0,0.0
2021-05-12 00:00:00+08:00,73.77121398797689,80.45166001034086,66.51815248166649,76.92056274414062,6053000,0.0,0.0
2021-05-13 00:00:00+08:00,76.34795174757495,78.44751750819003,69.762939453125,69.762939453125,4091000,0.0,0.0
2021-05-14 00:00:00+08:00,71.86251867729254,73.67577686240843,62.98706561062468,63.84598159790039,2905000,0.0,0.0
2021-05-17 00:00:00+08:00,62.98705618722098,70.1446762084961,60.12400817871094,70.1446762084961,4364000,0.0,0.0
2021-05-18 00:00:00+08:00,71.57621002197266,74.15295067032022,69.19033635457356,71.57621002197266,4888000,0.0,0.0
2021-05-19 00:00:00+08:00,72.0533775672369,73.86664282978629,70.2401123046875,70.2401123046875,2404000,0.0,0.0
2021-05-20 00:00:00+08:00,70.62185848590036,76.72969635171343,69.95381679104466,75.58447265625,4817000,0.0,0.0
2021-05-21 00:00:00+08:00,77.1114357486747,83.12383270263672,77.1114357486747,83.12383270263672,8837000,0.0,0.0
2021-05-24 00:00:00+08:00,82.36035388989603,90.47232356901944,77.58860701982344,80.54708862304688,9607000,0.0,0.0
2021-05-25 00:00:00+08:00,80.1653528758869,83.98275063188152,74.43925624189498,75.58447265625,4983000,0.0,0.0
2021-05-26 00:00:00+08:00,77.30230394727987,81.5014429018723,76.63426225770968,78.54296112060547,4610000,0.0,0.0
2021-05-27 00:00:00+08:00,78.54295207458615,84.6507819075096,78.54295207458615,80.92882537841797,4762000,0.0,0.0
2021-05-28 00:00:00+08:00,80.8333937330361,84.17361673491541,79.49731035717102,82.07405090332031,3546000,0.0,0.0
2021-05-31 00:00:00+08:00,83.12382343718681,85.41426323719912,80.64251668763492,81.97860717773438,3867000,0.0,0.0
2021-06-01 00:00:00+08:00,82.55122543516613,83.41014137568432,79.21100244067964,80.16535186767578,2223000,0.0,0.0
2021-06-02 00:00:00+08:00,81.11970053551441,81.11970053551441,76.82512815422247,77.97034454345703,1432000,0.0,0.0
2021-06-03 00:00:00+08:00,77.58860358286212,80.06991038916324,77.58860358286212,78.25664520263672,942000,0.0,0.0
2021-06-04 00:00:00+08:00,78.82925624640647,79.210997449372,76.63425707129339,76.72969055175781,666000,0.0,0.0
2021-06-07 00:00:00+08:00,76.92055985260053,80.54709046942992,73.96207818155976,80.06991577148438,1698000,0.0,0.0
2021-06-08 00:00:00+08:00,80.26078847448977,81.02427095821227,77.01599884033203,77.01599884033203,1226000,0.0,0.0
2021-06-09 00:00:00+08:00,77.39773139948748,78.44751423600674,75.96620736393183,76.1570816040039,749000,0.0,0.0
2021-06-10 00:00:00+08:00,77.58860423945485,78.16121238712272,75.01185665328804,75.29816436767578,641000,0.0,0.0
2021-06-11 00:00:00+08:00,76.25251878840447,77.01599394246485,74.91642816741368,75.2027359008789,585000,0.0,0.0
2021-06-15 00:00:00+08:00,76.44338712170838,82.64665835462405,76.34795363588518,79.87904357910156,4401000,0.0,0.0
2021-06-16 00:00:00+08:00,79.97447165779886,87.80013275146484,79.97447165779886,87.80013275146484,7499000,0.0,0.0
2021-06-17 00:00:00+08:00,90.47233362146653,96.38929748535156,90.37689284857427,96.38929748535156,6101000,0.0,0.0
2021-06-18 00:00:00+08:00,105.93279228588142,105.93279228588142,96.38929748535156,96.38929748535156,13206000,0.0,0.0
2021-06-21 00:00:00+08:00,97.82081500903979,105.93278503417969,97.82081500903979,105.93278503417969,7128000,0.0,0.0
2021-06-22 00:00:00+08:00,109.75018016627577,116.43062591552734,109.75018016627577,116.43062591552734,7809000,0.0,0.0
2021-06-23 00:00:00+08:00,127.88281745241399,127.88281745241399,105.45560692904289,108.79582977294922,14103000,0.0,0.0
2021-06-24 00:00:00+08:00,111.65887918779927,119.2936743459394,111.65887918779927,118.33932495117188,3465000,0.0,0.0
2021-06-25 00:00:00+08:00,118.81649807413577,125.01976905792598,118.81649807413577,120.7251968383789,2572000,0.0,0.0
2021-06-28 00:00:00+08:00,122.1567150297619,125.49693770635695,117.38496834891183,120.24801635742188,2068000,0.0,0.0
2021-06-29 00:00:00+08:00,123.5882508886142,123.5882508886142,117.86215432234637,121.20237731933594,1241000,0.0,0.0
2021-06-30 00:00:00+08:00,123.58825016363546,133.13174438476562,123.11107545257896,133.13174438476562,2057000,0.0,0.0
2021-07-01 00:00:00+08:00,138.85784381588562,146.01546463113746,137.42631965283525,144.1067657470703,2479000,0.0,0.0
2021-07-02 00:00:00+08:00,145.0611110377956,145.0611110377956,135.99479159793339,141.24371337890625,1557000,0.0,0.0
2021-07-05 00:00:00+08:00,141.24369738814576,141.24369738814576,127.40563244133418,129.3143310546875,1682000,0.0,0.0
2021-07-06 00:00:00+08:00,131.32530040472327,137.5560628326846,131.32530040472327,136.11819458007812,1218000,0.597846,0.0
2021-07-07 00:00:00+08:00,139.4732159725769,143.30753118831782,130.36671733519213,135.63890075683594,1919000,0.0,0.0
2021-07-08 00:00:00+08:00,139.95250255878153,139.95250255878153,122.21879504277156,124.61524200439453,4588000,0.0,0.0
2021-07-09 00:00:00+08:00,122.6980813880522,131.8045796160717,118.3844769642535,119.34305572509766,3006000,0.0,0.0
2021-07-12 00:00:00+08:00,122.21879858719676,130.36671849300987,119.34306214985095,127.49098205566406,3374000,0.0,0.0
2021-07-13 00:00:00+08:00,127.49098679327196,129.40814448941137,115.02946176836568,118.86377716064453,3185000,0.0,0.0
2021-07-14 00:00:00+08:00,117.42590287152458,121.73950746680508,107.36082548253677,114.07087707519531,2459000,0.0,0.0
2021-07-15 00:00:00+08:00,119.34306867949817,121.73951584173709,115.5087532199159,117.42591094970703,1417000,0.0,0.0
2021-07-16 00:00:00+08:00,117.90520038215482,126.05312073376714,116.94662151725926,117.42591094970703,2949000,0.0,0.0
2021-07-19 00:00:00+08:00,115.9880300621431,122.6980813880522,114.07087254045479,119.34305572509766,1468000,0.0,0.0
2021-07-20 00:00:00+08:00,117.90518826343974,120.78092456254802,114.55016258114674,116.94660949707031,1032000,0.0,0.0
2021-07-21 00:00:00+08:00,119.34306345400603,120.30164227692977,109.27798581330673,110.23656463623047,1506000,0.0,0.0
2021-07-22 00:00:00+08:00,112.15372467041016,115.02946120042067,109.27798814039964,112.15372467041016,1125000,0.0,0.0
2021-07-23 00:00:00+08:00,114.07088235708383,118.38448715209961,112.15372467041016,112.15372467041016,1026000,0.0,0.0
2021-07-26 00:00:00+08:00,114.55016808760794,120.30164096229954,113.11229986893504,118.38448333740234,1386000,0.0,0.0
2021-07-27 00:00:00+08:00,120.78092261781084,123.65665887061586,111.67442448392828,112.63300323486328,1630000,0.0,0.0
2021-07-28 00:00:00+08:00,110.71585326724583,113.11230030766241,102.08864392174615,103.5265121459961,1423000,0.0,0.0
2021-07-29 00:00:00+08:00,107.36083045372597,112.15372467041016,104.48509392371545,112.15372467041016,930000,0.0,0.0
2021-07-30 00:00:00+08:00,110.71585326724583,112.15372149149577,103.5265121459961,103.5265121459961,1204000,0.0,0.0
2021-08-02 00:00:00+08:00,104.96438392432961,107.36083104588964,99.21291083258552,106.40225219726562,762000,0.0,0.0
2021-08-03 00:00:00+08:00,105.92296159917659,112.15372404618697,104.00580392317339,105.44367218017578,1107000,0.0,0.0
2021-08-04 00:00:00+08:00,105.92295759758063,109.27798340383883,104.96437879579257,108.31940460205078,551000,0.0,0.0
2021-08-05 00:00:00+08:00,107.3608208052609,108.31939956245073,103.52650577650158,104.4850845336914,581000,0.0,0.0
2021-08-06 00:00:00+08:00,106.4022401145141,109.2779763338253,104.48508263497331,105.9229507446289,665000,0.0,0.0
2021-08-09 00:00:00+08:00,105.92295918641267,108.79869563491256,103.5265121459961,103.5265121459961,523000,0.0,0.0
2021-08-10 00:00:00+08:00,105.92295266947615,108.79868894104564,103.52650577650158,104.4850845336914,675000,0.0,0.0
2021-08-11 00:00:00+08:00,105.92295877557052,105.92295877557052,96.8164600573088,100.1714859008789,728000,0.0,0.0
2021-08-12 00:00:00+08:00,100.17148392155485,102.08864150857025,97.29574754103174,101.6093521118164,602000,0.0,0.0
2021-08-13 00:00:00+08:00,100.65077362060546,101.60935241699218,95.85787963867188,95.85787963867188,697000,0.0,0.0
2021-08-16 00:00:00+08:00,95.85788751598871,96.8164663911486,88.28511293955032,93.55729675292969,1261000,0.0,0.0
2021-08-17 00:00:00+08:00,92.9821422247033,96.33716797507918,92.02356343888161,93.74900817871094,522000,0.0,0.0
2021-08-18 00:00:00+08:00,87.70996027407439,99.69219528419384,87.70996027407439,99.21290588378906,774000,0.0,0.0
2021-08-19 00:00:00+08:00,98.73361833777554,98.73361833777554,89.81883239746094,89.81883239746094,655000,0.0,0.0
2021-08-20 00:00:00+08:00,89.91470185104174,96.33717742038337,89.81883811236008,95.76203155517578,886000,0.0,0.0
2021-08-23 00:00:00+08:00,96.33716903686523,98.25432662963867,95.37859024047852,95.85787963867188,464000,0.0,0.0
2021-08-24 00:00:00+08:00,97.77504316057478,104.96438456944057,96.81646430605934,100.6507797241211,1270000,0.0,0.0
2021-08-25 00:00:00+08:00,100.17148392155485,103.5265096988318,98.7336157312933,101.6093521118164,707000,0.0,0.0
2021-08-26 00:00:00+08:00,102.08863639831543,102.56792577107747,96.81645329793294,97.77503204345703,502000,0.0,0.0
2021-08-27 00:00:00+08:00,99.69219425746373,107.36082458496094,98.73361546652659,107.36082458496094,1905000,0.0,0.0
2021-08-30 00:00:00+08:00,108.79869277136667,111.67442914417812,104.48508821214949,107.36082458496094,3925000,0.0,0.0
2021-08-31 00:00:00+08:00,105.92295918641267,106.8815380025793,103.04722273791279,103.5265121459961,694000,0.0,0.0
2021-09-01 00:00:00+08:00,105.92296127534249,108.7986977805554,101.60935651752311,102.0886459350586,1061000,0.0,0.0
2021-09-02 00:00:00+08:00,103.52651724466463,103.52651724466463,97.77504406440549,98.25433349609375,609000,0.0,0.0
2021-09-03 00:00:00+08:00,98.25432786847105,99.69219608118038,95.85788084728884,96.81645965576172,453000,0.0,0.0
2021-09-06 00:00:00+08:00,95.47444637069195,103.5265096988318,95.47444637069195,101.6093521118164,1018000,0.0,0.0
2021-09-07 00:00:00+08:00,100.1714866535546,107.36082780093889,97.7750396044265,106.88153839111328,1599000,0.0,0.0
2021-09-08 00:00:00+08:00,106.88153608306115,116.94661347204898,104.4850890856831,114.07087707519531,6413000,0.0,0.0
2021-09-09 00:00:00+08:00,114.07088396626133,122.69809367799539,103.04722711237893,104.00580596923828,8543000,0.0,0.0
2021-09-10 00:00:00+08:00,103.04722508517179,111.67443462718617,103.04722508517179,105.44367218017578,4237000,0.0,0.0
2021-09-13 00:00:00+08:00,105.44366700308665,109.75727156230381,103.52650942121234,107.36082458496094,1704000,0.0,0.0
2021-09-14 00:00:00+08:00,105.44366329088123,107.84011018385581,102.56792701931175,104.4850845336914,1158000,0.0,0.0
2021-09-15 00:00:00+08:00,102.56793212890625,104.96437914126388,100.65077451902015,102.56793212890625,602000,0.0,0.0
2021-09-16 00:00:00+08:00,103.5265150803786,104.00580450204703,99.21291028536284,99.69219970703125,574000,0.0,0.0
2021-09-17 00:00:00+08:00,100.65077408500339,101.13006348540817,98.2543270829795,99.21290588378906,459000,0.0,0.0
2021-09-22 00:00:00+08:00,96.81646202605904,105.44367151352965,95.85788319411786,98.7336196899414,1855000,0.0,0.0
2021-09-23 00:00:00+08:00,99.69220086960566,101.60935857863653,98.73362201509022,100.6507797241211,721000,0.0,0.0
2021-09-24 00:00:00+08:00,102.08864681537335,102.08864681537335,98.73362086369441,99.69219970703125,420000,0.0,0.0
2021-09-27 00:00:00+08:00,100.65077408500339,102.08864228621773,97.77503768257473,99.21290588378906,351000,0.0,0.0
2021-09-28 00:00:00+08:00,99.21290212602757,99.21290212602757,95.8578764502682,96.33716583251953,314000,0.0,0.0
2021-09-29 00:00:00+08:00,94.1324400784013,98.73362148051359,93.46143780922402,93.94072723388672,642000,0.0,0.0
2021-09-30 00:00:00+08:00,95.85788104963953,96.81645986013592,94.51586925226938,95.66616821289062,346000,0.0,0.0
2021-10-01 00:00:00+08:00,95.85787528127922,97.29574341049842,91.3525580684093,91.92770385742188,446000,0.0,0.0
2021-10-04 00:00:00+08:00,92.88629011827418,94.89930419921875,86.1762383062082,86.2720947265625,640000,0.0,0.0
2021-10-05 00:00:00+08:00,84.25907010665595,87.90166481814312,80.80818821189833,86.75137329101562,590000,0.0,0.0
2021-10-06 00:00:00+08:00,87.99753727740121,87.99753727740121,82.62949011546426,83.20464324951172,411000,0.0,0.0
2021-10-07 00:00:00+08:00,84.35493729204961,85.79280554134591,83.20464561796301,85.1218032836914,401000,0.0,0.0
2021-10-08 00:00:00+08:00,87.03896583400434,87.61411170332455,84.64251861735639,85.50523376464844,290000,0.0,0.0
2021-10-12 00:00:00+08:00,85.50522527267746,86.65552421045219,81.67091010684662,82.24606323242188,311000,0.0,0.0
2021-10-13 00:00:00+08:00,83.77978988500153,85.40937094498244,80.71233328929353,80.80819702148438,303000,0.0,0.0
2021-10-14 00:00:00+08:00,82.341918775979,85.12179870441177,79.5620388475462,83.4922103881836,408000,0.0,0.0
2021-10-15 00:00:00+08:00,84.25908017167869,85.40937183621227,82.34192252187201,85.21765899658203,357000,0.0,0.0
2021-10-18 00:00:00+08:00,86.2720942413005,88.09339547129204,84.25908017167869,85.21765899658203,433000,0.0,0.0
2021-10-19 00:00:00+08:00,86.27208832462368,86.84723411744606,84.83422018587996,84.9300765991211,273000,0.0,0.0
2021-10-20 00:00:00+08:00,85.79280763107221,85.79280763107221,83.6839370727539,83.6839370727539,248000,0.0,0.0
2021-10-21 00:00:00+08:00,83.68392982281385,91.54427283743154,83.68392982281385,88.18924713134766,752000,0.0,0.0
2021-10-22 00:00:00+08:00,91.06499251498971,93.749016272361,88.47683249517739,89.14783477783203,817000,0.0,0.0
2021-10-25 00:00:00+08:00,87.99754011058835,89.53126478621792,87.13481769511667,88.4768295288086,196000,0.0,0.0
2021-10-26 00:00:00+08:00,90.10641156554853,92.02356925843254,88.4768304519476,90.58570098876953,513000,0.0,0.0
2021-10-27 00:00:00+08:00,91.06499271689302,93.46143989365335,91.06499271689302,92.50286102294922,549000,0.0,0.0
2021-10-28 00:00:00+08:00,93.2697166755605,94.80344123549932,91.7359848022461,91.7359848022461,405000,0.0,0.0
2021-10-29 00:00:00+08:00,92.79043187356002,94.32415650920235,92.0235658990509,93.3655776977539,324000,0.0,0.0
2021-11-01 00:00:00+08:00,94.32415502712828,96.81645843505859,91.92770803616149,95.85787963867188,581000,0.0,0.0
2021-11-02 00:00:00+08:00,100.6507779901678,105.44367218017578,99.2129097331654,105.44367218017578,3281000,0.0,0.0
2021-11-03 00:00:00+08:00,107.36082458496094,110.71585035324097,103.52650942121234,107.36082458496094,6717000,0.0,0.0
2021-11-04 00:00:00+08:00,106.8815294843993,111.19513381336608,104.9643720048585,105.9229507446289,1450000,0.0,0.0
2021-11-05 00:00:00+08:00,106.88154227847144,107.8401211329869,100.17149029686338,100.6507797241211,1004000,0.0,0.0
2021-11-08 00:00:00+08:00,100.65077488965328,101.60935369812617,95.37859144305239,96.81645965576172,749000,0.0,0.0
2021-11-09 00:00:00+08:00,97.77504202035757,101.13006797203651,96.81646317702074,99.69219970703125,600000,0.0,0.0
2021-11-10 00:00:00+08:00,99.69219649465461,109.27798461914062,99.69219649465461,109.27798461914062,2189000,0.0,0.0
2021-11-11 00:00:00+08:00,109.27797831964055,116.46731899856428,103.52650577650158,104.4850845336914,5022000,0.0,0.0
2021-11-12 00:00:00+08:00,104.48509334217418,108.79869811318137,103.04722508517179,105.44367218017578,1436000,0.0,0.0
2021-11-15 00:00:00+08:00,106.40224818179482,109.75727402536492,103.52651174444901,109.27798461914062,1124000,0.0,0.0
2021-11-16 00:00:00+08:00,109.27798874313767,111.67443586469771,106.40225219726562,106.40225219726562,1132000,0.0,0.0
2021-11-17 00:00:00+08:00,108.31940580669203,109.75727402536492,106.40224818179482,109.27798461914062,801000,0.0,0.0
2021-11-18 00:00:00+08:00,110.23656637018378,111.67443462718617,104.00580392317339,105.44367218017578,1537000,0.0,0.0
2021-11-19 00:00:00+08:00,107.36083196824596,107.36083196824596,103.52651654080861,104.00580596923828,452000,0.0,0.0
2021-11-22 00:00:00+08:00,105.92295918641267,105.92295918641267,102.08864392174615,103.5265121459961,365000,0.0,0.0
2021-11-23 00:00:00+08:00,104.48509180150326,104.48509180150326,101.13006591796875,101.13006591796875,273000,0.0,0.0
2021-11-24 00:00:00+08:00,101.13006271506255,102.5679309053241,100.65077331830871,101.6093521118164,169000,0.0,0.0
2021-11-25 00:00:00+08:00,102.0886459350586,106.88154011041347,102.0886459350586,102.0886459350586,609000,0.0,0.0
2021-11-26 00:00:00+08:00,101.13007008622333,101.13007008622333,97.77504406440549,98.25433349609375,305000,0.0,0.0
2021-11-29 00:00:00+08:00,98.25432141621907,99.6921895345052,95.76201814053152,97.77503204345703,310000,0.0,0.0
2021-11-30 00:00:00+08:00,99.6921957140771,104.96437914126388,99.21290631160558,102.56793212890625,452000,0.0,0.0
2021-12-01 00:00:00+08:00,104.00580308702257,108.3194078233507,103.52651367187501,107.84011840820312,1014000,0.0,0.0
2021-12-02 00:00:00+08:00,107.84012047020165,108.79869931882567,105.44367334864161,106.40225219726562,514000,0.0,0.0
2021-12-03 00:00:00+08:00,108.31940989451365,111.1951464403857,106.40225219726562,106.40225219726562,915000,0.0,0.0
2021-12-06 00:00:00+08:00,110.23656975733091,110.23656975733091,104.4850965526006,104.96438598632812,423000,0.0,0.0
2021-12-07 00:00:00+08:00,105.92295794620692,105.92295794620692,102.56793212890625,102.56793212890625,283000,0.0,0.0
2021-12-08 00:00:00+08:00,103.5265121459961,104.48509096216273,103.04722273791279,103.5265121459961,175000,0.0,0.0
2021-12-09 00:00:00+08:00,104.48509203431978,113.59159088134766,104.48509203431978,113.59159088134766,2435000,0.0,0.0
2021-12-10 00:00:00+08:00,115.02945415790263,124.61524200439453,115.02945415790263,124.61524200439453,9127000,0.0,0.0
2021-12-13 00:00:00+08:00,135.15960938780458,137.07676696777344,126.5324002779447,137.07676696777344,11802000,0.0,0.0
2021-12-14 00:00:00+08:00,138.51464613529674,145.70398763020833,132.28388350637337,136.5974884033203,24371000,0.0,0.0
2021-12-15 00:00:00+08:00,140.9110941049009,150.01759338378906,139.952515233439,150.01759338378906,7257000,0.0,0.0
2021-12-16 00:00:00+08:00,164.8755645751953,164.8755645751953,164.8755645751953,164.8755645751953,1375000,0.0,0.0
2021-12-17 00:00:00+08:00,181.17140197753906,181.17140197753906,173.50277120600302,181.17140197753906,13965000,0.0,0.0
2021-12-20 00:00:00+08:00,186.44356219951922,189.79858774038462,182.12995793269232,186.9228515625,3934000,0.0,0.0
2021-12-21 00:00:00+08:00,186.4435769820649,186.4435769820649,177.33707836340363,183.56784057617188,2311000,0.0,0.0
2021-12-22 00:00:00+08:00,182.60926377145867,184.0471319901316,179.25423792788857,182.12997436523438,1955000,0.0,0.0
2021-12-23 00:00:00+08:00,182.12998082398107,182.12998082398107,177.33708659177105,181.17140197753906,978000,0.0,0.0
2021-12-24 00:00:00+08:00,183.0885507299545,183.0885507299545,177.33707793215487,180.2128143310547,853000,0.0,0.0
2021-12-27 00:00:00+08:00,185.96430111174064,188.36074829101562,184.04714336832063,188.36074829101562,1049000,0.0,0.0
2021-12-28 00:00:00+08:00,190.7571836772718,190.7571836772718,179.25423792788857,182.12997436523438,868000,0.0,0.0
2021-12-29 00:00:00+08:00,180.21282543561847,184.04714087041884,179.25424657691835,183.08856201171875,256000,0.0,0.0
2021-12-30 00:00:00+08:00,183.08855822599386,189.79861009815073,183.08855822599386,189.31932067871094,584000,0.0,0.0
2022-01-03 00:00:00+08:00,189.79861216642416,189.79861216642416,181.1714025224958,187.88145446777344,466000,0.0,0.0
2022-01-04 00:00:00+08:00,187.4021484602743,192.67433166503906,184.04712278451493,192.67433166503906,654000,0.0,0.0
2022-01-05 00:00:00+08:00,189.7986163994191,189.7986163994191,182.6092748691381,185.00572204589844,765000,0.0,0.0
2022-01-06 00:00:00+08:00,179.73351111778845,186.9228515625,179.73351111778845,186.9228515625,539000,0.0,0.0
2022-01-07 00:00:00+08:00,196.508659238304,205.6151580810547,196.508659238304,205.6151580810547,1357000,0.0,0.0
2022-01-10 00:00:00+08:00,225.26602046623137,225.74530987147867,196.02936674614602,196.98794555664062,15160000,0.0,0.0
2022-01-11 00:00:00+08:00,195.550079510663,200.82226302688187,177.3370819091797,177.3370819091797,8533000,0.0,0.0
2022-01-12 00:00:00+08:00,167.75129217850534,173.98205445942125,159.60337227269224,163.91697692871094,10661000,0.0,0.0
2022-01-13 00:00:00+08:00,167.27198568204554,169.66843246832127,155.76904110792208,157.2069091796875,6631000,0.0,0.0
2022-01-14 00:00:00+08:00,152.89331645350302,155.76905281313006,145.7039755544355,148.5797119140625,6183000,0.0,0.0
2022-01-17 00:00:00+08:00,150.4968831940164,158.1655141847943,145.7039888247802,156.72764587402344,12013000,0.0,0.0
2022-01-18 00:00:00+08:00,152.89331645350302,154.33118463331652,146.18326494770665,148.5797119140625,4620000,0.0,0.0
2022-01-19 00:00:00+08:00,151.4554482736895,161.99981492565524,148.5797119140625,148.5797119140625,13177000,0.0,0.0
2022-01-20 00:00:00+08:00,148.5797201067009,150.9761672051961,140.91108939151636,142.8282470703125,7229000,0.0,0.0
2022-01-21 00:00:00+08:00,141.86966342268317,148.57971507105333,138.5146375984981,138.99392700195312,11628000,0.0,0.0
2022-01-24 00:00:00+08:00,139.4732139427345,141.86966091769557,134.20103059782014,137.07676696777344,4956000,0.0,0.0
2022-01-25 00:00:00+08:00,134.2010431463068,137.07677978515625,130.3667276278409,131.80459594726562,4745000,0.0,0.0
2022-01-26 00:00:00+08:00,130.36670187245244,137.5560420492421,127.49096580173659,132.2838592529297,5535000,0.0,0.0
2022-02-07 00:00:00+08:00,132.28387301785128,137.07676696777344,126.0531108829525,137.07676696777344,3149000,0.0,0.0
2022-02-08 00:00:00+08:00,134.20102437337238,138.03533935546875,132.28386688232422,138.03533935546875,2044000,0.0,0.0
2022-02-09 00:00:00+08:00,145.70397176621836,151.4554443359375,145.70397176621836,151.4554443359375,1092000,0.0,0.0
2022-02-10 00:00:00+08:00,157.20692198953512,162.47910534894024,151.45544923382042,155.28976440429688,9498000,0.0,0.0
2022-02-11 00:00:00+08:00,152.89332834879556,158.6448015155214,151.9347494876746,158.16551208496094,3872000,0.0,0.0
2022-02-14 00:00:00+08:00,158.16548789419778,164.8755388957698,156.24833046517722,157.2069091796875,7168000,0.0,0.0
2022-02-15 00:00:00+08:00,159.1240885915932,162.47911455587376,155.7690626273126,156.24835205078125,3754000,0.0,0.0
2022-02-16 00:00:00+08:00,159.1240885915932,159.60337801506185,152.89332608650068,156.24835205078125,2242000,0.0,0.0
2022-02-17 00:00:00+08:00,160.08266329478067,166.3134256385895,156.72763741734516,159.12408447265625,7708000,0.0,0.0
2022-02-18 00:00:00+08:00,157.68619853694264,158.16548789419778,153.8518836789015,157.2069091796875,1436000,0.0,0.0
2022-02-21 00:00:00+08:00,157.6862162394696,159.12408447265625,151.934743306723,159.12408447265625,1509000,0.0,0.0
2022-02-22 00:00:00+08:00,159.12407365861955,172.06488687784466,156.24833738768066,159.60336303710938,12249000,0.0,0.0
2022-02-23 00:00:00+08:00,161.0412488988316,165.83414321129683,159.60338060509204,161.52053833007812,4930000,0.0,0.0
2022-02-24 00:00:00+08:00,159.12408370491843,161.52053074866723,152.41403198242188,152.41403198242188,2410000,0.0,0.0
2022-02-25 00:00:00+08:00,155.76905928595218,166.31342637607816,153.37261222001445,165.83413696289062,4895000,0.0,0.0
2022-03-01 00:00:00+08:00,169.66844980340255,182.12997436523438,166.79271336605674,182.12997436523438,11997000,0.0,0.0
2022-03-02 00:00:00+08:00,183.08855760629407,199.3843978120899,181.17139993502397,182.60926818847656,13407000,0.0,0.0
2022-03-03 00:00:00+08:00,185.00570234818892,187.8814386541193,181.17138727361507,184.5264129638672,4420000,0.0,0.0
2022-03-04 00:00:00+08:00,184.04711586796248,188.84000951035733,178.77493286132812,178.77493286132812,4095000,0.0,0.0
2022-03-07 00:00:00+08:00,178.2956667108051,178.2956667108051,163.91698391154662,169.66845703125,3497000,0.0,0.0
2022-03-08 00:00:00+08:00,169.66844728007118,174.46134127103366,161.04123809633876,161.99981689453125,4125000,0.0,0.0
2022-03-09 00:00:00+08:00,170.62701416015625,172.0648822570115,163.91696304149843,170.62701416015625,2994000,0.0,0.0
2022-03-10 00:00:00+08:00,174.4613540813487,186.44358993858418,173.98206464705927,178.29566955566406,5299000,0.0,0.0
2022-03-11 00:00:00+08:00,177.33708030299138,185.48500020880448,176.37850149054276,182.12997436523438,6057000,0.0,0.0
2022-03-14 00:00:00+08:00,184.0471244480299,187.40215015411377,174.46133671636167,176.3784942626953,4788000,0.0,0.0
2022-03-15 00:00:00+08:00,177.81637671975528,178.77495556999656,161.99982569077437,162.95840454101562,3640000,0.0,0.0
2022-03-16 00:00:00+08:00,167.7512784974765,168.70985723174778,161.52051672471308,162.47909545898438,3609000,0.0,0.0
2022-03-17 00:00:00+08:00,170.1477286202567,171.10630737304686,165.3548348563058,167.75128173828125,2882000,0.0,0.0
2022-03-18 00:00:00+08:00,166.31342148639746,167.7512896836862,161.99981689453125,161.99981689453125,1891000,0.0,0.0
2022-03-21 00:00:00+08:00,162.47910534894024,163.43768414155937,153.85189621536819,155.28976440429688,2845000,0.0,0.0
2022-03-22 00:00:00+08:00,155.7690585952207,159.12408447265625,150.97616448459854,159.12408447265625,2933000,0.0,0.0
2022-03-23 00:00:00+08:00,161.04124450683594,164.8755598522368,160.0826656704857,161.04124450683594,2324000,0.0,0.0
2022-03-24 00:00:00+08:00,159.1240911738455,164.87556434880378,158.644801742599,161.52053833007812,1338000,0.0,0.0
2022-03-25 00:00:00+08:00,162.9583952290054,165.35484221766723,158.64479064941406,158.64479064941406,1276000,0.0,0.0
2022-03-28 00:00:00+08:00,158.64479887672354,158.64479887672354,152.41403638307577,152.89332580566406,1149000,0.0,0.0
2022-03-29 00:00:00+08:00,154.3311899977464,156.24834763746995,152.41403235802284,155.76905822753906,1007000,0.0,0.0
2022-03-30 00:00:00+08:00,155.2897729186055,158.16550945413525,152.41403638307577,152.89332580566406,1201000,0.0,0.0
2022-03-31 00:00:00+08:00,153.85190020867114,156.2483472524199,147.62113789492435,152.41403198242188,1887000,0.0,0.0
2022-04-01 00:00:00+08:00,146.66255584716797,150.9761604309082,143.7868194580078,143.7868194580078,2369000,0.0,0.0
2022-04-06 00:00:00+08:00,141.390372467041,144.74539825439453,139.95250427246094,143.7868194580078,1239000,0.0,0.0
2022-04-07 00:00:00+08:00,143.78682744036365,144.26611686516486,134.68032836914062,134.68032836914062,1272000,0.0,0.0
2022-04-08 00:00:00+08:00,136.5974843133356,143.78682559298485,136.5974843133356,139.4732208251953,1176000,0.0,0.0
2022-04-11 00:00:00+08:00,142.34894926407756,142.34894926407756,130.36671447753906,130.36671447753906,754000,0.0,0.0
2022-04-12 00:00:00+08:00,131.32529326046213,135.15960839215447,130.36671447753906,130.36671447753906,965000,0.0,0.0
2022-04-13 00:00:00+08:00,134.20102735028217,143.30752563476562,133.72173796688833,143.30752563476562,592000,0.0,0.0
2022-04-14 00:00:00+08:00,154.3311909520349,156.24834860361295,142.82824504256644,144.26611328125,3003000,0.0,0.0
2022-04-15 00:00:00+08:00,141.86966091769557,141.86966091769557,137.07676696777344,137.07676696777344,723000,0.0,0.0
2022-04-18 00:00:00+08:00,134.68032395499094,136.11819218226842,133.24245572771343,134.20103454589844,636000,0.0,0.0
2022-04-19 00:00:00+08:00,136.5974775727812,140.91108212771115,135.15960938780458,137.07676696777344,656000,0.0,0.0
2022-04-20 00:00:00+08:00,139.47319926499506,142.82822467686782,138.03533123133533,140.43177795410156,999000,0.0,0.0
2022-04-21 00:00:00+08:00,140.91109330026728,141.8696721662555,136.5974884033203,136.5974884033203,460000,0.0,0.0
2022-04-22 00:00:00+08:00,134.6803288863877,147.62114340572035,131.32530289989407,141.390380859375,2649000,0.0,0.0
2022-04-25 00:00:00+08:00,140.43180635813118,149.53830574654245,138.03535915065456,141.8696746826172,3804000,0.0,0.0
2022-04-26 00:00:00+08:00,144.2661218900938,146.66256909757047,139.95251691663586,141.8696746826172,1486000,0.0,0.0
2022-04-27 00:00:00+08:00,140.91108212771115,141.39037152270336,134.20103059782014,137.07676696777344,1238000,0.0,0.0
2022-04-28 00:00:00+08:00,138.51463716864166,139.4732159725769,132.76316434503022,135.63890075683594,616000,0.0,0.0
2022-04-29 00:00:00+08:00,137.5560649179479,138.99393319235153,134.68032836914062,134.68032836914062,565000,0.0,0.0
2022-05-03 00:00:00+08:00,135.63888466876486,135.63888466876486,132.2838592529297,132.2838592529297,361000,0.0,0.0
2022-05-04 00:00:00+08:00,132.7631727259794,134.20104102265063,132.28388329375562,133.24246215820312,379000,0.0,0.0
2022-05-05 00:00:00+08:00,135.63890075683594,139.9525053745445,135.15961135486833,135.63890075683594,602000,0.0,0.0
2022-05-06 00:00:00+08:00,133.2424493884364,135.15960693359375,129.40813429812167,135.15960693359375,598000,0.0,0.0
2022-05-09 00:00:00+08:00,135.63889778361602,135.63889778361602,130.36671447753906,130.36671447753906,282000,0.0,0.0
2022-05-10 00:00:00+08:00,126.53240324321547,129.40813968056128,124.61524561831826,127.49098205566406,429000,0.0,0.0
2022-05-11 00:00:00+08:00,126.53240525858483,131.32529939716758,126.05311584472656,126.05311584472656,423000,0.0,0.0
2022-05-12 00:00:00+08:00,126.53239643142884,129.4081327139613,118.86376634467557,119.34305572509766,755000,0.0,0.0
2022-05-13 00:00:00+08:00,121.2602113087972,121.73950068155924,118.38447507222493,120.78092193603516,727000,0.0,0.0
2022-05-16 00:00:00+08:00,123.17737780593512,124.13595662154552,119.34306254349356,121.73950958251953,467000,0.0,0.0
2022-05-17 00:00:00+08:00,123.6566600580325,127.01168571852176,122.69808129789271,125.09452819824219,410000,0.0,0.0
2022-05-18 00:00:00+08:00,128.44954868532577,129.40812740685806,125.57381252072892,127.01168060302734,467000,0.0,0.0
2022-05-19 00:00:00+08:00,123.65667285251247,124.13596228217337,119.34306798556436,123.17738342285156,722000,0.0,0.0
2022-05-20 00:00:00+08:00,124.61524724960327,125.57382607460022,122.69808959960938,122.69808959960938,347000,0.0,0.0
2022-05-23 00:00:00+08:00,124.13596228217337,124.61525171183428,123.17738342285156,123.17738342285156,231000,0.0,0.0
2022-05-24 00:00:00+08:00,124.6152490135131,124.6152490135131,116.94661830498922,117.90519714355469,490000,0.0,0.0
2022-05-25 00:00:00+08:00,118.86376444498697,127.01168378194173,116.9466069539388,120.78092193603516,1285000,0.0,0.0
2022-05-26 00:00:00+08:00,122.69808517156862,126.53240033318014,121.2602169859643,122.21879577636719,1961000,0.0,0.0
2022-05-27 00:00:00+08:00,123.17737986652024,124.13595869816632,120.30164337158203,120.30164337158203,528000,0.0,0.0
2022-05-30 00:00:00+08:00,121.2602169859643,122.69808517156862,120.30163819556142,122.21879577636719,326000,0.0,0.0
2022-05-31 00:00:00+08:00,122.21879899032473,124.6152460293507,121.26022017471433,121.73950958251953,638000,0.0,0.0
2022-06-01 00:00:00+08:00,121.73950958251953,123.17737780593512,121.26022017471433,121.73950958251953,245000,0.0,0.0
2022-06-02 00:00:00+08:00,121.73951489257813,122.21880432128906,119.82235717773438,119.82235717773438,205000,0.0,0.0
2022-06-06 00:00:00+08:00,119.82235600871424,121.26022428081882,118.86377716064453,118.86377716064453,211000,0.0,0.0
2022-06-07 00:00:00+08:00,119.82235512714612,121.26022338867188,118.86377628612895,121.26022338867188,324000,0.0,0.0
2022-06-08 00:00:00+08:00,122.21879005432129,122.21879005432129,120.78092193603516,120.78092193603516,316000,0.0,0.0
2022-06-09 00:00:00+08:00,121.73951175841184,132.76316833496094,121.26022234204014,132.76316833496094,3157000,0.0,0.0
2022-06-10 00:00:00+08:00,135.15960378048604,137.07676128091848,128.92884190408066,129.88742065429688,6089000,0.0,0.0
2022-06-13 00:00:00+08:00,125.57382607460022,127.49098372459412,121.73951077461243,122.69808959960938,911000,0.0,0.0
2022-06-14 00:00:00+08:00,122.21880366784015,133.7217498954016,122.21880366784015,125.5738296508789,4681000,0.0,0.0
2022-06-15 00:00:00+08:00,127.49096996379349,129.8874167676242,125.57381252072892,127.01168060302734,1700000,0.0,0.0
2022-06-16 00:00:00+08:00,128.92885632324217,129.88743518066406,119.82235717773438,119.82235717773438,946000,0.0,0.0
2022-06-17 00:00:00+08:00,119.34305381774902,126.05310503641763,116.9466069539388,120.78092193603516,2165000,0.0,0.0
2022-06-20 00:00:00+08:00,123.6566698401543,124.1359592581394,114.5501708984375,114.5501708984375,1140000,0.0,0.0
2022-06-21 00:00:00+08:00,117.42590978802967,117.42590978802967,114.5501732217922,116.46733093261719,326000,0.0,0.0
2022-06-22 00:00:00+08:00,117.42590321903735,117.42590321903735,107.36082580026272,108.31940460205078,877000,0.0,0.0
2022-06-23 00:00:00+08:00,109.27797831964055,109.75726769823547,104.0057951550965,104.4850845336914,538000,0.0,0.0
2022-06-24 00:00:00+08:00,106.88154301498875,114.07088447339606,105.44367472330728,110.71585845947266,929000,0.0,0.0
2022-06-27 00:00:00+08:00,111.67443776033363,117.90520038215482,111.67443776033363,117.42591094970703,706000,0.0,0.0
2022-06-28 00:00:00+08:00,116.9466201006356,116.9466201006356,111.67443640757416,113.1123046875,423000,0.0,0.0
2022-06-29 00:00:00+08:00,112.15372066497802,115.02945709228516,109.75727364222207,115.02945709228516,442000,0.0,0.0
2022-06-30 00:00:00+08:00,115.50874430792673,115.9880337033953,107.36082458496094,107.36082458496094,562000,0.0,0.0
2022-07-01 00:00:00+08:00,111.19514520818538,116.46732881719416,105.44367218017578,105.44367218017578,2310000,0.0,0.0
2022-07-04 00:00:00+08:00,107.36082569067028,108.31940449147984,98.73361648338428,99.21290588378906,926000,0.0,0.0
2022-07-05 00:00:00+08:00,101.60935288581295,103.04722108702728,95.85788008095561,99.21290588378906,788000,0.0,0.0
2022-07-06 00:00:00+08:00,100.17149151221875,100.17149151221875,91.44842529296875,91.44842529296875,915000,0.0,0.0
2022-07-07 00:00:00+08:00,94.89930223914313,96.81645986013592,91.83185297090505,95.66616821289062,892000,0.0,0.0
2022-07-08 00:00:00+08:00,96.81646202605904,100.17148793785317,96.33717261008846,98.7336196899414,549000,0.0,0.0
2022-07-11 00:00:00+08:00,102.56793250659905,102.56793250659905,96.81645965576172,96.81645965576172,420000,0.0,0.0
2022-07-12 00:00:00+08:00,94.51587473928423,96.81646548070903,90.777415698641,91.44842529296875,520000,0.0,0.0
2022-07-13 00:00:00+08:00,93.68123690956517,96.59360696892989,92.22505187988281,92.22505187988281,454000,1.2,0.0
2022-07-14 00:00:00+08:00,92.32212601660018,95.62281344420559,91.44841354950759,95.33157348632812,344000,0.0,0.0
2022-07-15 00:00:00+08:00,95.428665542436,95.6228205911725,92.61337289651473,93.29292297363281,270000,0.0,0.0
2022-07-18 00:00:00+08:00,94.26370598501045,96.10820843630815,94.16662846789788,95.33157348632812,311000,0.0,0.0
2022-07-19 00:00:00+08:00,96.39944708720776,98.53518206088697,96.10820713327892,97.56439208984375,354000,0.0,0.0
2022-07-20 00:00:00+08:00,99.02058242797851,100.96216247558594,97.0790023803711,97.0790023803711,335000,0.0,0.0
2022-07-21 00:00:00+08:00,99.99137115478516,102.41834618281392,99.5059761491794,99.99137115478516,631000,0.0,0.0
2022-07-22 00:00:00+08:00,101.93295117720817,104.35992620523693,99.5059761491794,99.99137115478516,610000,0.0,0.0
2022-07-25 00:00:00+08:00,99.99137082213338,99.99137082213338,95.13742078222398,95.81697082519531,414000,0.0,0.0
2022-07-26 00:00:00+08:00,96.01113123048583,97.07899873526578,92.4192038333571,92.51628875732422,411000,0.0,0.0
2022-07-27 00:00:00+08:00,93.68123639051764,94.65202640492714,91.25426135449386,94.36078643798828,314000,0.0,0.0
2022-07-28 00:00:00+08:00,95.6228192446803,96.10821426622691,92.03089904785156,92.03089904785156,263000,0.0,0.0
2022-07-29 00:00:00+08:00,92.80751783758093,93.58415276102426,92.03089032067713,92.12796783447266,250000,0.0,0.0
2022-08-01 00:00:00+08:00,93.09876515489239,93.09876515489239,90.96302264963478,91.44841766357422,200000,0.0,0.0
2022-08-02 00:00:00+08:00,91.44841325793256,91.44841325793256,85.52659585447039,87.66233825683594,454000,0.0,0.0
2022-08-03 00:00:00+08:00,87.37110349902456,88.3418935379026,83.48794334351236,83.68209838867188,442000,0.0,0.0
2022-08-04 00:00:00+08:00,84.45872892916812,86.3032313870901,81.93467644247795,86.2061538696289,539000,0.0,0.0
2022-08-05 00:00:00+08:00,86.20615752623615,88.14773758397536,86.20615752623615,87.95357513427734,195000,0.0,0.0
2022-08-08 00:00:00+08:00,87.1769435536752,89.3126785565418,86.4003086036111,89.02143859863281,216000,0.0,0.0
2022-08-09 00:00:00+08:00,89.02143552821033,91.64257283936666,88.34188552524732,89.31267547607422,231000,0.0,0.0
2022-08-10 00:00:00+08:00,89.70099700396976,89.89515204032061,88.05064956882802,88.24481201171875,127000,0.0,0.0
2022-08-11 00:00:00+08:00,88.53604288303444,89.89515033127122,88.53604288303444,89.7980728149414,222000,0.0,0.0
2022-08-12 00:00:00+08:00,90.28346780313028,90.28346780313028,89.31267782675253,89.7980728149414,124000,0.0,0.0
2022-08-15 00:00:00+08:00,90.28346542690112,91.15717786395322,89.31267547607422,89.31267547607422,254000,0.0,0.0
2022-08-16 00:00:00+08:00,89.50683105517112,92.51628584651058,89.40975354079814,90.67178344726562,331000,0.0,0.0
2022-08-17 00:00:00+08:00,91.54549887326046,99.50597381591797,90.38054644319898,99.50597381591797,1887000,0.0,0.0
2022-08-18 00:00:00+08:00,102.4183475112915,106.30150760650635,97.0790023803711,97.0790023803711,4632000,0.0,0.0
2022-08-19 00:00:00+08:00,97.56439759093416,99.02058262960483,93.87539253035246,94.26371002197266,886000,0.0,0.0
2022-08-22 00:00:00+08:00,94.74909917011611,97.56439155192741,93.19583670631873,96.20528411865234,471000,0.0,0.0
2022-08-23 00:00:00+08:00,94.06955251252924,94.9432649941272,92.90460006821864,93.09876251220703,289000,0.0,0.0
2022-08-24 00:00:00+08:00,93.97247373835322,94.45786873202954,92.51628875732422,92.51628875732422,244000,0.0,0.0
2022-08-25 00:00:00+08:00,93.19583725844582,95.42865715537863,92.9045973043973,94.74909973144531,310000,0.0,0.0
2022-08-26 00:00:00+08:00,95.71989268650948,97.56439517105127,93.58415764538104,93.77831268310547,375000,0.0,0.0
2022-08-29 00:00:00+08:00,91.73965515628937,91.73965515628937,90.0893151160938,90.2834701538086,227000,0.0,0.0
2022-08-30 00:00:00+08:00,91.15718202523779,94.65202452644469,90.47762458471374,91.73965454101562,311000,0.0,0.0
2022-08-31 00:00:00+08:00,91.73965053861052,93.68123044418958,91.73965053861052,92.8075180053711,200000,0.0,0.0
2022-09-01 00:00:00+08:00,93.001688758848,93.8753938692798,91.15718620224935,91.3513412475586,221000,0.0,0.0
2022-09-02 00:00:00+08:00,92.41920616385976,96.9819236633976,92.32212864398448,93.0016860961914,769000,0.0,0.0
2022-09-05 00:00:00+08:00,93.77831216427249,93.97247460746264,88.92436218261719,88.92436218261719,311000,0.0,0.0
2022-09-06 00:00:00+08:00,89.89515099530526,90.1863909529858,85.33244103524211,85.52659606933594,259000,0.0,0.0
2022-09-07 00:00:00+08:00,84.45873521049509,84.45873521049509,81.54636503082284,82.12883758544922,306000,0.0,0.0
2022-09-08 00:00:00+08:00,82.71130834979382,85.13828344698895,82.71130834979382,83.68209838867188,168000,0.0,0.0
2022-09-12 00:00:00+08:00,85.1382827758789,85.62367779149176,84.65288776026605,85.1382827758789,143000,0.0,0.0
2022-09-13 00:00:00+08:00,86.40031153507537,86.40031153507537,84.5558090209961,84.5558090209961,102000,0.0,0.0
2022-09-14 00:00:00+08:00,82.51714780149122,83.39086025952084,81.44928031125045,82.80838775634766,153000,0.0,0.0
2022-09-15 00:00:00+08:00,83.00253988988565,85.62366976589783,83.00253988988565,83.7791748046875,166000,0.0,0.0
2022-09-16 00:00:00+08:00,83.3908628810336,83.3908628810336,81.15804290771484,81.15804290771484,209000,0.0,0.0
2022-09-19 00:00:00+08:00,81.15804847999792,81.15804847999792,77.17781066894531,77.17781066894531,293000,0.0,0.0
2022-09-20 00:00:00+08:00,77.85735233399845,78.53690975432662,77.27487983553121,77.95443725585938,130000,0.0,0.0
2022-09-21 00:00:00+08:00,78.24566760048073,78.24566760048073,76.78948269201072,78.14859008789062,104000,0.0,0.0
2022-09-22 00:00:00+08:00,77.66319918345256,83.00254412731492,76.78948671133075,80.57556915283203,629000,0.0,0.0
2022-09-23 00:00:00+08:00,80.86681230828695,80.86681230828695,76.78948974609375,76.78948974609375,238000,0.0,0.0
2022-09-26 00:00:00+08:00,76.01286199690182,76.01286199690182,69.12024688720703,69.12024688720703,463000,0.0,0.0
2022-09-27 00:00:00+08:00,69.79980579478477,70.18812329452663,68.343620725658,69.70272827148438,323000,0.0,0.0
2022-09-28 00:00:00+08:00,69.9939589882847,70.09103650901496,64.26629638671875,64.26629638671875,368000,0.0,0.0
2022-09-29 00:00:00+08:00,66.30495828168077,70.67351317093102,66.30495828168077,68.05237579345703,832000,0.0,0.0
2022-09-30 00:00:00+08:00,65.91664855341325,69.41149139404297,64.65461847454169,69.41149139404297,246000,0.0,0.0
2022-10-03 00:00:00+08:00,67.955295957368,71.45013826815331,67.2757459604101,70.38227081298828,253000,0.0,0.0
2022-10-04 00:00:00+08:00,73.48879442454113,73.48879442454113,71.3530595502778,72.6150894165039,191000,0.0,0.0
2022-10-05 00:00:00+08:00,73.68296124351467,75.23622373611356,72.51800881916064,72.90632629394531,202000,0.0,0.0
2022-10-06 00:00:00+08:00,73.39172695845953,73.58588941412917,71.93554187036891,73.10049438476562,98000,0.0,0.0
2022-10-07 00:00:00+08:00,72.226776720501,73.29464422794453,70.38227425862223,70.77059173583984,107000,0.0,0.0
2022-10-11 00:00:00+08:00,68.82901199088033,69.21732946942143,67.8582219977975,68.63484954833984,129000,0.0,0.0
2022-10-12 00:00:00+08:00,68.63484470469429,70.57642455384025,68.05237223125836,69.79979705810547,195000,0.0,0.0
2022-10-13 00:00:00+08:00,71.35306552050075,71.83846052404157,64.26629550618877,64.3633804321289,311000,0.0,0.0
2022-10-14 00:00:00+08:00,66.49911439078195,68.92608936854771,66.49911439078195,67.9552993774414,263000,0.0,0.0
2022-10-17 00:00:00+08:00,67.95529771421843,69.70272261805705,66.49911276319946,69.50856018066406,345000,0.0,0.0
2022-10-18 00:00:00+08:00,71.54722309785099,72.518013139377,68.92609294834685,69.0231704711914,257000,0.0,0.0
2022-10-19 00:00:00+08:00,69.89687926373519,70.86766925350929,69.41148426884814,70.77059173583984,206000,0.0,0.0
2022-10-20 00:00:00+08:00,70.6735154486651,71.35306549072266,69.02316799339107,71.35306549072266,189000,0.0,0.0
2022-10-21 00:00:00+08:00,72.61508941777997,72.61508941777997,67.56697735932623,67.66405487060547,268000,0.0,0.0
2022-10-24 00:00:00+08:00,69.60564422607422,70.77059674010204,69.21733412793864,69.60564422607422,161000,0.0,0.0
2022-10-25 00:00:00+08:00,69.89687620260632,70.5764262030714,67.95529630808949,68.24653625488281,131000,0.0,0.0
2022-10-26 00:00:00+08:00,68.34361448083423,68.44069199526427,64.65460968017578,64.65460968017578,297000,0.0,0.0
2022-10-27 00:00:00+08:00,65.52832770286196,68.34362030029297,64.84877763744836,68.34362030029297,273000,0.0,0.0
2022-10-28 00:00:00+08:00,67.85822060916703,69.41148308500608,67.27574810654485,67.3728256225586,145000,0.0,0.0
2022-10-31 00:00:00+08:00,67.76114615030102,71.45014377103607,67.76114615030102,70.57643127441406,313000,0.0,0.0
2022-11-01 00:00:00+08:00,70.67351591572843,73.48880102846381,70.5764309891872,72.71217346191406,291000,0.0,0.0
2022-11-02 00:00:00+08:00,72.8092538156817,76.4982589716257,72.8092538156817,75.2362289428711,460000,0.0,0.0
2022-11-03 00:00:00+08:00,73.48879713550194,75.72161700994964,73.48879713550194,74.45958709716797,284000,0.0,0.0
2022-11-04 00:00:00+08:00,74.75082397460938,77.08072126811285,73.9741890745951,74.75082397460938,366000,0.0,0.0
2022-11-07 00:00:00+08:00,75.72161575510532,76.6924057006836,74.9449808360269,76.6924057006836,194000,0.0,0.0
2022-11-08 00:00:00+08:00,77.66319876580239,79.41062370064887,76.40116882324219,76.40116882324219,370000,0.0,0.0
2022-11-09 00:00:00+08:00,77.46904172951231,78.9252266687397,76.40116684884723,76.59532928466797,232000,0.0,0.0
2022-11-10 00:00:00+08:00,76.59532984738638,77.2748798614024,73.10048744887325,75.13914489746094,270000,0.0,0.0
2022-11-11 00:00:00+08:00,77.46904434101435,77.46904434101435,74.94498443603516,74.94498443603516,303000,0.0,0.0
2022-11-14 00:00:00+08:00,75.62454106527491,78.92522848477911,75.04206855748942,78.53691101074219,357000,0.0,0.0
2022-11-15 00:00:00+08:00,79.60478198794799,79.60478198794799,77.85735698169407,78.92523193359375,174000,0.0,0.0
2022-11-16 00:00:00+08:00,79.02230722532133,79.02230722532133,75.33330227465561,75.62454223632812,382000,0.0,0.0
2022-11-17 00:00:00+08:00,75.91577255309352,79.02230489535837,75.8186950375783,78.63398742675781,433000,0.0,0.0
2022-11-18 00:00:00+08:00,78.63399283579152,86.49739063806264,77.85735784516763,85.81784057617188,1727000,0.0,0.0
2022-11-21 00:00:00+08:00,86.59446782271748,92.71044798205553,84.45873271663697,85.1382827758789,3246000,0.0,0.0
2022-11-22 00:00:00+08:00,84.16748993100188,84.16748993100188,79.50770238081549,79.79893493652344,1033000,0.0,0.0
2022-11-23 00:00:00+08:00,80.96388737897497,81.93467737774796,79.41062486224617,79.79893493652344,434000,0.0,0.0
2022-11-24 00:00:00+08:00,80.76972404597738,81.54635899906056,79.60477902289244,79.8960189819336,400000,0.0,0.0
2022-11-25 00:00:00+08:00,80.38141176499511,82.42006920258811,79.89601678430442,80.09017181396484,640000,0.0,0.0
2022-11-28 00:00:00+08:00,79.21646228402945,80.09017476274923,78.14859476850076,79.119384765625,246000,0.0,0.0
2022-11-29 00:00:00+08:00,79.1193853855133,79.1193853855133,77.27488289521789,77.66320037841797,293000,0.0,0.0
2022-11-30 00:00:00+08:00,78.14859537459735,82.03175539321087,78.14859537459735,81.15804290771484,594000,0.0,0.0
2022-12-01 00:00:00+08:00,82.32299276928006,83.19669782076996,81.35220279514488,82.80838775634766,530000,0.0,0.0
2022-12-02 00:00:00+08:00,83.29378289468234,83.9733329151952,82.03175296339877,83.4879379272461,367000,0.0,0.0
2022-12-05 00:00:00+08:00,83.48794086340808,87.3711009035666,83.48794086340808,86.01199340820312,841000,0.0,0.0
2022-12-06 00:00:00+08:00,86.8857069462532,93.77831461934068,86.69155190452005,89.40975952148438,3546000,0.0,0.0
2022-12-07 00:00:00+08:00,89.40975336228203,91.64257322110043,84.36164855957031,84.36164855957031,1914000,0.0,0.0
2022-12-08 00:00:00+08:00,84.45872965725985,86.20615461278463,83.97333465922962,85.42951965332031,430000,0.0,0.0
2022-12-09 00:00:00+08:00,85.9149115603727,88.82728144377516,85.42951657980562,85.72075653076172,657000,0.0,0.0
2022-12-12 00:00:00+08:00,86.40030964938077,87.56525468203736,84.45872965725985,85.42951965332031,393000,0.0,0.0
2022-12-13 00:00:00+08:00,85.91491339720784,87.66233832722459,84.8470458984375,84.8470458984375,323000,0.0,0.0
2022-12-14 00:00:00+08:00,85.4295189168597,87.37109889224288,85.1382789579363,86.2061538696289,472000,0.0,0.0
2022-12-15 00:00:00+08:00,86.98278389195589,90.96302147348696,86.78862885150657,87.37110137939453,1352000,0.0,0.0
2022-12-16 00:00:00+08:00,86.40031322475502,88.73021079302275,86.0119957289537,86.49739074707031,553000,0.0,0.0
2022-12-19 00:00:00+08:00,88.05064953848826,88.05064953848826,84.26457448517212,84.74996948242188,363000,0.0,0.0
2022-12-20 00:00:00+08:00,85.42951951595558,89.5068345302375,83.77917948792238,84.74996948242188,994000,0.0,0.0
2022-12-21 00:00:00+08:00,85.62367992530297,86.40031493225396,83.585022290232,84.26457977294922,330000,0.0,0.0
2022-12-22 00:00:00+08:00,85.23535971503637,86.10906473601412,83.7791748046875,83.7791748046875,276000,0.0,0.0
2022-12-23 00:00:00+08:00,83.77918570690434,89.11853107299456,82.71131070845396,88.3418960571289,1582000,0.0,0.0
2022-12-26 00:00:00+08:00,89.31268254005029,90.18639504620663,86.78862994957429,87.2740249633789,922000,0.0,0.0
2022-12-27 00:00:00+08:00,87.85649650957292,89.1185264938734,86.88570649289255,88.05065155029297,393000,0.0,0.0
2022-12-28 00:00:00+08:00,89.21560312206469,92.2250506623709,87.95357315038468,88.14773559570312,2345000,0.0,0.0
2022-12-29 00:00:00+08:00,89.3126823388237,95.13742249135568,89.3126823388237,90.08931732177734,8332000,0.0,0.0
2022-12-30 00:00:00+08:00,90.08931451188843,91.73965454101562,89.31267955315806,91.73965454101562,1777000,0.0,0.0
2023-01-03 00:00:00+08:00,91.54549950460297,94.16662952887317,90.28346954830108,91.73965454101562,1456000,0.0,0.0
2023-01-04 00:00:00+08:00,92.22504843173598,92.71044342348196,90.8659409735393,91.83673095703125,1170000,0.0,0.0
2023-01-05 00:00:00+08:00,95.13742206178614,98.04979212490204,92.41920704026194,92.90460205078125,2423000,0.0,0.0
2023-01-06 00:00:00+08:00,93.48707693699386,94.16662695238489,90.57470703125,90.57470703125,1027000,0.0,0.0
2023-01-09 00:00:00+08:00,91.25425554801852,91.54549549642589,89.5068306706534,89.99222564697266,615000,0.0,0.0
2023-01-10 00:00:00+08:00,91.93380892805948,92.12797136964055,89.70099639892578,89.70099639892578,692000,0.0,0.0
2023-01-11 00:00:00+08:00,90.47762268345168,90.76886263849055,89.11852264404297,89.11852264404297,495000,0.0,0.0
2023-01-12 00:00:00+08:00,89.60391387721968,94.16662360473,88.92435647944747,93.68122863769531,3109000,0.0,0.0
2023-01-13 00:00:00+08:00,94.65202400628773,94.94326396584609,89.79807405724733,90.38054656982422,2184000,0.0,0.0
2023-01-16 00:00:00+08:00,90.3805500007039,91.15718498464766,89.50683749540221,90.76886749267578,365000,0.0,0.0
2023-01-17 00:00:00+08:00,90.28346559538002,92.03089047274514,89.99222564697266,89.99222564697266,540000,0.0,0.0
2023-01-30 00:00:00+08:00,90.08931621774846,91.0601062312736,89.40975876435685,90.18639373779297,478000,0.0,0.0
2023-01-31 00:00:00+08:00,91.06010511774765,92.12797263825891,90.2834701538086,90.2834701538086,468000,0.0,0.0
2023-02-01 00:00:00+08:00,91.06010910626794,92.90460426496898,89.89515660933331,92.71044921875,722000,0.0,0.0
2023-02-02 00:00:00+08:00,93.9724757537157,94.846180835839,92.03089573737067,92.32212829589844,968000,0.0,0.0
2023-02-03 00:00:00+08:00,92.51629012022843,92.51629012022843,90.18639263495119,90.2834701538086,430000,0.0,0.0
2023-02-06 00:00:00+08:00,90.18638662665995,90.67178159514947,88.53603928987194,88.7302017211914,294000,0.0,0.0
2023-02-07 00:00:00+08:00,89.2156054727932,89.40976051668744,88.3418929621888,88.63313293457031,248000,0.0,0.0
2023-02-08 00:00:00+08:00,89.31268077079065,89.79807577497972,88.82728576660156,88.82728576660156,313000,0.0,0.0
2023-02-09 00:00:00+08:00,89.50683458957072,92.03089450217448,89.21560203495174,91.73965454101562,940000,0.0,0.0
2023-02-10 00:00:00+08:00,91.44841635162703,91.64257879834138,86.59446628186892,86.6915512084961,942000,0.0,0.0
2023-02-13 00:00:00+08:00,86.78862601056521,87.3710985193865,85.42951855228903,85.52659606933594,206000,0.0,0.0
2023-02-14 00:00:00+08:00,86.20615239322255,87.17694236428794,85.52659496955296,85.62367248535156,146000,0.0,0.0
2023-02-15 00:00:00+08:00,85.42951745375436,86.20615239322255,85.42951745375436,85.62367248535156,133000,0.0,0.0
2023-02-16 00:00:00+08:00,86.30322681862195,86.59445935558912,85.91490936279297,85.91490936279297,125000,0.0,0.0
2023-02-17 00:00:00+08:00,85.91491418960857,88.73020664436133,85.91491418960857,87.56525421142578,295000,0.0,0.0
2023-02-20 00:00:00+08:00,87.3710979286449,88.43896542202039,86.59446298444105,86.98278045654297,162000,0.0,0.0
2023-02-21 00:00:00+08:00,87.17694933260162,87.56525942683481,86.40031433105469,86.40031433105469,105000,0.0,0.0
2023-02-22 00:00:00+08:00,86.40030800931578,86.40030800931578,83.19669812051177,84.16748809814453,322000,0.0,0.0
2023-02-23 00:00:00+08:00,84.8470458984375,85.04120093219946,84.4587284243738,84.8470458984375,112000,0.0,0.0
2023-02-24 00:00:00+08:00,84.26456977480379,85.23535971503637,83.48793486000194,83.7791748046875,199000,0.0,0.0
2023-03-01 00:00:00+08:00,83.5850123727173,84.26456977480379,83.48793486000194,83.7791748046875,61000,0.0,0.0
2023-03-02 00:00:00+08:00,83.58501544352796,84.26457287058055,83.4879379272461,83.4879379272461,107000,0.0,0.0
2023-03-03 00:00:00+08:00,83.9733329151952,84.45872790314431,83.4879379272461,83.4879379272461,136000,0.0,0.0
2023-03-06 00:00:00+08:00,84.0704121775277,85.81783713305248,83.97333465922962,85.42951965332031,186000,0.0,0.0
2023-03-07 00:00:00+08:00,85.91491339720784,85.91491339720784,84.65288345813576,84.8470458984375,127000,0.0,0.0
2023-03-08 00:00:00+08:00,84.45872965725985,85.42951965332031,84.16748969582576,85.42951965332031,190000,0.0,0.0
2023-03-09 00:00:00+08:00,85.91492000034877,87.56526013378453,84.94412994384766,84.94412994384766,310000,0.0,0.0
2023-03-10 00:00:00+08:00,84.94412899017334,84.94412899017334,81.35220878406211,81.5463638305664,286000,0.0,0.0
2023-03-13 00:00:00+08:00,81.54636150063155,81.54636150063155,77.66320142917291,81.06096649169922,254000,0.0,0.0
2023-03-14 00:00:00+08:00,80.57556976131134,80.57556976131134,79.119384765625,79.119384765625,99000,0.0,0.0
2023-03-15 00:00:00+08:00,79.21646385719292,81.5463613778686,78.5369138083267,80.38141632080078,215000,0.0,0.0
2023-03-16 00:00:00+08:00,84.4587321496898,87.85649723617156,81.64343959672544,83.09962463378906,1393000,0.0,0.0
2023-03-17 00:00:00+08:00,83.29378289468234,84.26457287058055,82.51714795134788,83.4879379272461,341000,0.0,0.0
2023-03-20 00:00:00+08:00,83.4879377756264,83.4879377756264,82.51714780149122,82.80838775634766,71000,0.0,0.0
2023-03-21 00:00:00+08:00,83.77918321049734,83.97333825540821,82.61423072141149,83.00254821777344,95000,0.0,0.0
2023-03-22 00:00:00+08:00,83.48793807641749,84.74996800995598,83.19669812051177,84.16748809814453,150000,0.0,0.0
2023-03-23 00:00:00+08:00,83.68209420468497,84.84704663701677,83.68209420468497,84.0704116821289,88000,0.0,0.0
2023-03-24 00:00:00+08:00,84.07041741168858,85.4295249720982,83.2937898104119,84.94412994384766,178000,0.0,0.0
2023-03-27 00:00:00+08:00,86.10907031026551,87.07986031334195,83.97333526611328,83.97333526611328,251000,0.0,0.0
2023-03-28 00:00:00+08:00,84.36165023365602,84.4587277497616,82.51714780149122,82.80838775634766,129000,0.0,0.0
2023-03-29 00:00:00+08:00,82.80838627133754,83.58501379279453,81.74051139370735,82.22590637207031,114000,0.0,0.0
2023-03-30 00:00:00+08:00,82.3229936423968,83.48793866109853,82.22590871872181,82.7113037109375,68000,0.0,0.0
2023-03-31 00:00:00+08:00,83.68209716730648,83.68209716730648,82.51715210027163,83.09962463378906,81000,0.0,0.0
2023-04-06 00:00:00+08:00,83.09961881443157,83.09961881443157,81.8375963146116,82.22590637207031,54000,0.0,0.0
2023-04-07 00:00:00+08:00,84.16748779490516,84.16748779490516,82.51714780149122,82.80838775634766,48000,0.0,0.0
2023-04-10 00:00:00+08:00,83.19670517002098,83.19670517002098,82.12883758544922,82.12883758544922,52000,0.0,0.0
2023-04-11 00:00:00+08:00,83.7791748046875,85.4295147404671,82.80838486445492,83.7791748046875,272000,0.0,0.0
2023-04-12 00:00:00+08:00,84.84704425793264,84.84704425793264,83.48793682825772,83.58501434326172,83000,0.0,0.0
2023-04-13 00:00:00+08:00,85.42951965332031,87.17694460884509,85.42951965332031,85.42951965332031,697000,0.0,0.0
2023-04-14 00:00:00+08:00,86.7886302728867,86.7886302728867,84.94412773224983,85.1382827758789,124000,0.0,0.0
2023-04-17 00:00:00+08:00,85.13828189394006,85.9149168734916,84.84704933151329,85.23536682128906,130000,0.0,0.0
2023-04-18 00:00:00+08:00,85.42951803168302,86.59446304222644,84.0704105816892,84.16748809814453,265000,0.0,0.0
2023-04-19 00:00:00+08:00,84.45873491559709,85.81784247600673,84.26457986691301,84.94412994384766,148000,0.0,0.0
2023-04-20 00:00:00+08:00,85.72075481632736,85.72075481632736,81.25511515919234,81.6434326171875,186000,0.0,0.0
2023-04-21 00:00:00+08:00,82.51714481330066,82.51714481330066,78.14859008789062,78.14859008789062,298000,0.0,0.0
2023-04-24 00:00:00+08:00,78.24567215171325,79.02230711068674,77.76027715398979,78.43983459472656,76000,0.0,0.0
2023-04-25 00:00:00+08:00,78.63398875037493,78.63398875037493,74.9449838463834,76.40116882324219,149000,0.0,0.0
2023-04-26 00:00:00+08:00,76.40117028043458,77.17780524552121,76.10993772343205,76.98365020751953,90000,0.0,0.0
2023-04-27 00:00:00+08:00,76.40116882324219,77.46904373150382,75.33330132152037,76.40116882324219,46000,0.0,0.0
2023-04-28 00:00:00+08:00,77.66320323552837,80.38141831138796,77.66320323552837,80.187255859375,313000,0.0,0.0
2023-05-02 00:00:00+08:00,81.06096870592835,81.06096870592835,79.79893868561516,80.86681365966797,104000,0.0,0.0
2023-05-03 00:00:00+08:00,80.76971973777265,87.07985432374049,80.47848720080549,85.91490936279297,1284000,0.0,0.0
2023-05-04 00:00:00+08:00,85.91491339720784,87.75941584410556,84.4587284243738,84.8470458984375,1081000,0.0,0.0
2023-05-05 00:00:00+08:00,85.04119873288839,90.28346598082484,85.04119873288839,87.85649108886719,2701000,0.0,0.0
2023-05-08 00:00:00+08:00,90.18639276617786,92.03089525331204,89.40975780110875,90.96302032470703,1966000,0.0,0.0
2023-05-09 00:00:00+08:00,91.7396550207779,92.41920505831585,87.66233998247041,89.60391998291016,942000,0.0,0.0
2023-05-10 00:00:00+08:00,88.3418906344816,90.86594317130165,86.98278314341235,88.14773559570312,514000,0.0,0.0
2023-05-11 00:00:00+08:00,88.53604582176283,88.82728578695901,85.33244323730469,85.33244323730469,372000,0.0,0.0
2023-05-12 00:00:00+08:00,85.5265964343209,87.75941636862748,85.5265964343209,86.2061538696289,352000,0.0,0.0
2023-05-15 00:00:00+08:00,85.04120355355842,86.20615601165868,83.00254601005798,83.19670104980469,230000,0.0,0.0
2023-05-16 00:00:00+08:00,83.5850123727173,84.55580231294988,83.5850123727173,83.7791748046875,105000,0.0,0.0
2023-05-17 00:00:00+08:00,84.26457767300789,85.42952274786268,84.26457767300789,85.1382827758789,120000,0.0,0.0
2023-05-18 00:00:00+08:00,86.10906789955537,86.10906789955537,83.4879379272461,83.4879379272461,223000,0.0,0.0
2023-05-19 00:00:00+08:00,83.4879391222115,83.77917908176539,79.9930966402641,80.57556915283203,300000,0.0,0.0
2023-05-22 00:00:00+08:00,80.38141569474462,82.51715075158131,79.31354075978628,81.83760070800781,147000,0.0,0.0
2023-05-23 00:00:00+08:00,82.32299291878414,83.68209295980984,81.06096298750056,83.4879379272461,154000,0.0,0.0
2023-05-24 00:00:00+08:00,84.65288831913648,84.65288831913648,82.51715319895605,83.00254821777344,106000,0.0,0.0
2023-05-25 00:00:00+08:00,83.00254889896938,83.68209896827466,81.5463638305664,81.5463638305664,131000,0.0,0.0
2023-05-26 00:00:00+08:00,81.83760134540557,81.83760134540557,79.9930988329315,80.38141632080078,198000,0.0,0.0
2023-05-29 00:00:00+08:00,80.09017019174637,82.12882758804656,79.99309267888245,81.6434326171875,124000,0.0,0.0
2023-05-30 00:00:00+08:00,81.64343427086715,81.64343427086715,79.60477683327414,80.09017181396484,134000,0.0,0.0
2023-05-31 00:00:00+08:00,80.38141873846013,81.93468133011525,79.89602371565914,81.5463638305664,132000,0.0,0.0
2023-06-01 00:00:00+08:00,82.031749617582,89.1185191152078,81.7405096740754,85.91490936279297,1339000,0.0,0.0
2023-06-02 00:00:00+08:00,85.91491225057092,88.82728215736994,85.91491225057092,87.75941467285156,1251000,0.0,0.0
2023-06-05 00:00:00+08:00,87.95357546786015,90.67179052162048,87.95357546786015,88.63313293457031,938000,0.0,0.0
2023-06-06 00:00:00+08:00,89.89515038749781,89.89515038749781,86.59446298444105,86.98278045654297,390000,0.0,0.0
2023-06-07 00:00:00+08:00,86.69154914489893,88.24481164893982,86.0119917073849,87.56525421142578,284000,0.0,0.0
2023-06-08 00:00:00+08:00,88.34189442838176,89.79807950137706,86.40031433105469,86.40031433105469,352000,0.0,0.0
2023-06-09 00:00:00+08:00,87.6623408691945,87.85649590858642,85.91491588850717,86.01199340820312,186000,0.0,0.0
2023-06-12 00:00:00+08:00,86.01199166280874,87.75941660803653,83.97333416440289,84.0704116821289,251000,0.0,0.0
2023-06-13 00:00:00+08:00,84.55581012666667,84.65288764835287,83.39086505335196,84.45873260498047,248000,0.0,0.0
2023-06-14 00:00:00+08:00,85.13828489759366,85.42952487683539,84.07041731794129,84.26457977294922,144000,0.0,0.0
2023-06-15 00:00:00+08:00,84.2645730211396,84.8470455264113,83.97333306523387,84.16748809814453,111000,0.0,0.0
2023-06-16 00:00:00+08:00,84.16748809814453,85.42951803168302,83.77917803232322,84.16748809814453,177000,0.0,0.0
2023-06-19 00:00:00+08:00,85.23536385217929,92.51628875732422,84.74996885850295,92.51628875732422,2195000,0.0,0.0
2023-06-20 00:00:00+08:00,95.52573080761994,101.44754791259766,94.1666234212629,101.44754791259766,6305000,0.0,0.0
2023-06-21 00:00:00+08:00,104.84532464998905,110.67006490832178,102.41834954235041,103.8745346069336,9482000,0.0,0.0
2023-06-26 00:00:00+08:00,106.78690029712433,114.06782531738281,103.87453028902095,114.06782531738281,6349000,0.0,0.0
2023-06-27 00:00:00+08:00,115.03861417268452,125.23190909937807,110.67005920410156,110.67005920410156,19031000,0.0,0.0
2023-06-28 00:00:00+08:00,114.06782594220391,114.55322094621329,108.24308589409137,112.61164093017578,9870000,0.0,0.0
2023-06-29 00:00:00+08:00,112.61163981119792,114.06782480875651,104.35992482503255,109.21387481689453,5110000,0.0,0.0
2023-06-30 00:00:00+08:00,107.27229542775197,111.1554554432362,105.33071542000985,107.7576904296875,2672000,0.0,0.0
2023-07-03 00:00:00+08:00,109.21388082374814,109.69927584963146,105.81611564256487,107.27230072021484,1901000,0.0,0.0
2023-07-04 00:00:00+08:00,107.75768571333452,108.24308069402521,104.35992084849964,106.78689575195312,1288000,0.0,0.0
2023-07-05 00:00:00+08:00,107.27229630651553,117.46559143066406,106.7869013006037,117.46559143066406,5974000,0.0,0.0
2023-07-06 00:00:00+08:00,116.49479853642451,127.6588833961652,112.1262435913086,112.1262435913086,8777000,0.0,0.0
2023-07-07 00:00:00+08:00,112.12624471327837,118.9217746959013,111.64084971451959,115.52400970458984,4817000,0.0,0.0
2023-07-10 00:00:00+08:00,116.00941003727007,118.4363851426523,113.09703991081142,115.03861999511719,1633000,0.0,0.0
2023-07-11 00:00:00+08:00,114.55321856081744,114.55321856081744,109.21387362789798,112.1262435913086,1412000,0.0,0.0
2023-07-12 00:00:00+08:00,113.09703481038412,114.55321980794271,109.21387481689453,109.21387481689453,1085000,0.0,0.0
2023-07-13 00:00:00+08:00,114.55322497404075,117.95099012157586,113.58243493188786,115.03861999511719,3112000,0.0,0.0
2023-07-14 00:00:00+08:00,117.9509864365759,118.92177644839957,114.55322139519306,117.46559143066406,1901000,0.0,0.0
2023-07-17 00:00:00+08:00,116.49480228930449,116.49480228930449,109.69927215576172,109.69927215576172,1104000,0.0,0.0
2023-07-18 00:00:00+08:00,110.670058644146,112.12624362630581,105.81610870361328,105.81610870361328,722000,0.0,0.0
2023-07-19 00:00:00+08:00,106.78689869171983,108.24308367387964,103.87452872740019,105.81610870361328,495000,0.0,0.0
2023-07-20 00:00:00+08:00,106.30827865224754,108.76911843586437,99.91009521484375,99.91009521484375,862000,1.5,0.0
2023-07-21 00:00:00+08:00,100.4022612451908,107.29261250711566,97.94142150878906,97.94142150878906,983000,0.0,0.0
2023-07-24 00:00:00+08:00,98.03985509419788,98.43359096001534,92.52757550241442,93.90564727783203,1141000,0.0,0.0
2023-07-25 00:00:00+08:00,94.98841721764751,96.76022489509216,94.10251337892518,94.29938507080078,627000,0.0,0.0
2023-07-26 00:00:00+08:00,94.98841523568625,94.98841523568625,89.77143191308754,90.75576782226562,622000,0.0,0.0
2023-07-27 00:00:00+08:00,91.83854094158845,93.31504476695234,91.05106923077298,92.23226928710938,344000,0.0,0.0
2023-07-28 00:00:00+08:00,92.92131088753483,92.92131088753483,90.65733530321158,91.05107116699219,241000,0.0,0.0
2023-07-31 00:00:00+08:00,91.44480508482725,93.11817308292683,89.86986917310644,90.65733337402344,517000,0.0,0.0
2023-08-01 00:00:00+08:00,91.54323859108501,92.52757448991389,89.67299888133277,89.77143096923828,224000,0.0,0.0
2023-08-02 00:00:00+08:00,92.13383720072915,95.6774448796251,91.64166925894118,92.23226928710938,1362000,0.0,0.0
2023-08-04 00:00:00+08:00,92.92130903125286,97.15394883015006,92.92130903125286,93.80721282958984,954000,0.0,0.0
2023-08-07 00:00:00+08:00,95.18528237982851,95.18528237982851,92.03541037625386,92.13384246826172,286000,0.0,0.0
2023-08-08 00:00:00+08:00,92.52757361160398,92.82287738240427,90.3620376586914,90.3620376586914,216000,0.0,0.0
2023-08-09 00:00:00+08:00,91.14950272957608,91.24793481748159,89.77143096923828,89.77143096923828,128000,0.0,0.0
2023-08-10 00:00:00+08:00,90.26360200475115,90.26360200475115,86.12939409227674,86.42469787597656,387000,0.0,0.0
2023-08-11 00:00:00+08:00,86.12938785655018,87.90119541069672,85.53878784179688,85.53878784179688,244000,0.0,0.0
2023-08-14 00:00:00+08:00,84.65288683832595,84.65288683832595,82.78264713875765,83.76698303222656,213000,0.0,0.0
2023-08-15 00:00:00+08:00,84.45602223431679,86.12939024075385,83.17638257535657,84.06228637695312,208000,0.0,0.0
2023-08-16 00:00:00+08:00,83.17638162124989,84.65288543701172,81.60144571974794,84.65288543701172,138000,0.0,0.0
2023-08-17 00:00:00+08:00,83.37325047736901,86.81842624106008,83.17638629482725,86.42469787597656,207000,0.0,0.0
2023-08-18 00:00:00+08:00,86.32625728341546,86.91686484403233,83.86541748046875,83.86541748046875,119000,0.0,0.0
2023-08-21 00:00:00+08:00,83.96385659630917,85.73565673828125,83.66855281770363,85.73565673828125,118000,0.0,0.0
2023-08-22 00:00:00+08:00,86.71999166201527,86.91686334879647,85.53879158087594,86.32625579833984,140000,0.0,0.0
2023-08-23 00:00:00+08:00,86.42469638506516,87.70432856928603,85.63722464870843,85.73565673828125,154000,0.0,0.0
2023-08-24 00:00:00+08:00,85.83409083226715,87.01529846438602,84.55445861816406,84.55445861816406,141000,0.0,0.0
2023-08-25 00:00:00+08:00,83.66855378784885,85.6372256416806,83.66855378784885,85.14505767822266,124000,0.0,0.0
2023-08-28 00:00:00+08:00,85.2434868874547,85.2434868874547,82.19204711914062,82.19204711914062,200000,0.0,0.0
2023-08-29 00:00:00+08:00,82.38890950590032,84.94818878173828,82.38890950590032,84.94818878173828,165000,0.0,0.0
2023-08-30 00:00:00+08:00,84.94819484613703,86.22782706552144,84.7513231516944,85.83409118652344,153000,0.0,0.0
2023-08-31 00:00:00+08:00,86.3262544079582,86.3262544079582,85.04662225898169,85.63722229003906,46000,0.0,0.0
2023-09-01 00:00:00+08:00,85.63722608304215,85.63722608304215,84.8497543334961,84.8497543334961,69000,0.0,0.0
2023-09-04 00:00:00+08:00,84.84975340164743,84.84975340164743,83.66855330018785,83.86541748046875,91000,0.0,0.0
2023-09-05 00:00:00+08:00,84.16072318105115,84.35758736582385,83.66855520923214,84.2591552734375,51000,0.0,0.0
2023-09-06 00:00:00+08:00,84.84975489377837,85.53879455665285,84.35758692453398,84.55445861816406,82000,0.0,0.0
2023-09-07 00:00:00+08:00,84.55445475095644,84.65288683832595,83.76698303222656,83.76698303222656,49000,0.0,0.0
2023-09-08 00:00:00+08:00,83.27481649346345,83.3732485824972,82.78264853840764,82.8810806274414,89000,0.0,0.0
2023-09-11 00:00:00+08:00,82.8810812340133,82.8810812340133,80.71554521987395,81.01084899902344,120000,0.0,0.0
2023-09-12 00:00:00+08:00,81.20771361560357,81.60144948662634,80.42024187355803,80.71554565429688,80000,0.0,0.0
2023-09-13 00:00:00+08:00,80.51867580783947,81.79830791126022,80.22337204788037,81.1092758178711,57000,0.0,0.0
2023-09-14 00:00:00+08:00,82.4873508911881,82.68421506596182,81.60144708493256,82.19204711914062,106000,0.0,0.0
2023-09-15 00:00:00+08:00,82.29047963590283,82.38891172380329,81.2077116492239,81.89674377441406,47000,0.0,0.0
2023-09-18 00:00:00+08:00,81.79831317480406,82.88108118118357,81.79831317480406,82.58578491210938,58000,0.0,0.0
2023-09-19 00:00:00+08:00,82.58578590720249,82.68421799807992,81.60144997865392,81.99518585205078,64000,0.0,0.0
2023-09-20 00:00:00+08:00,81.89674531669776,81.89674531669776,81.01084899902344,81.01084899902344,61000,0.0,0.0
2023-09-21 00:00:00+08:00,81.10928152531964,81.10928152531964,80.3218097832741,80.71554565429688,70000,0.0,0.0
2023-09-22 00:00:00+08:00,80.71554521987395,81.40457735804,80.51868104036566,81.01084899902344,42000,0.0,0.0
2023-09-25 00:00:00+08:00,81.6998772631244,83.47168483423118,81.6998772631244,83.37324523925781,103000,0.0,0.0
2023-09-26 00:00:00+08:00,83.47168722036915,83.96385516975839,81.60144751071267,81.89674377441406,84000,0.0,0.0
2023-09-27 00:00:00+08:00,82.09361406190278,82.09361406190278,80.81397441133052,81.20771026611328,43000,0.0,0.0
2023-09-28 00:00:00+08:00,80.8139782318602,82.38891421556049,80.8139782318602,81.99518585205078,93000,0.0,0.0
2023-10-02 00:00:00+08:00,83.17638539905431,83.17638539905431,81.89674569665247,82.29048156738281,51000,0.0,0.0
2023-10-03 00:00:00+08:00,82.19204909584725,82.2904811856014,81.01084899902344,81.01084899902344,53000,0.0,0.0
2023-10-04 00:00:00+08:00,81.01084899902344,81.01084899902344,79.53434512305013,81.01084899902344,50000,0.0,0.0
2023-10-05 00:00:00+08:00,81.99518197567879,82.19204614812678,81.20771026611328,81.20771026611328,39000,0.0,0.0
2023-10-06 00:00:00+08:00,80.71554424225067,81.89674432476784,80.4202404666779,81.60144805908203,59000,0.0,0.0
2023-10-11 00:00:00+08:00,81.69988201986033,82.68421794781045,80.22337812793515,80.42024230957031,73000,0.0,0.0
2023-10-12 00:00:00+08:00,80.0265088253317,81.20770885933095,80.0265088253317,80.5186767578125,55000,0.0,0.0
2023-10-13 00:00:00+08:00,80.4202375831511,81.89674138829992,79.9280696481015,80.22337341308594,83000,0.0,0.0
2023-10-16 00:00:00+08:00,79.73120686516786,80.22337480878001,79.33747100830078,79.33747100830078,72000,0.0,0.0
2023-10-17 00:00:00+08:00,80.22337769299018,82.09361744793303,80.22337769299018,80.71554565429688,170000,0.0,0.0
2023-10-18 00:00:00+08:00,80.71554177253391,80.71554177253391,79.82963798280925,79.92807006835938,81000,0.0,0.0
2023-10-19 00:00:00+08:00,78.35313415527344,79.82963796791007,78.35313415527344,78.35313415527344,113000,0.0,0.0
2023-10-20 00:00:00+08:00,77.86097098244426,77.86097098244426,76.58133877245055,76.97506713867188,118000,0.0,0.0
2023-10-23 00:00:00+08:00,76.77819920793364,78.45156721235695,76.77819920793364,77.76253509521484,58000,0.0,0.0
2023-10-24 00:00:00+08:00,78.64844129548874,81.30614526828586,78.64844129548874,81.01084899902344,172000,0.0,0.0
2023-10-25 00:00:00+08:00,82.0936120930268,82.48734793836648,80.81397247314453,80.81397247314453,76000,0.0,0.0
2023-10-26 00:00:00+08:00,80.8139768015316,80.8139768015316,78.84530497927803,79.73120880126953,62000,0.0,0.0
2023-10-27 00:00:00+08:00,79.92807341478645,82.09361693699,78.94373749829948,79.43590545654297,151000,0.0,0.0
2023-10-30 00:00:00+08:00,79.43590213072197,80.51867760143365,79.33747004517184,79.92807006835938,43000,0.0,0.0
2023-10-31 00:00:00+08:00,80.22337868574027,82.093618463827,79.6327786268411,80.12494659423828,113000,0.0,0.0
2023-11-01 00:00:00+08:00,80.32180689106232,81.01084651801315,79.53434268725874,80.91240692138672,46000,0.0,0.0
2023-11-02 00:00:00+08:00,81.89674333265826,84.55445475095644,80.71554326445033,83.76698303222656,568000,0.0,0.0
2023-11-03 00:00:00+08:00,84.45602706488543,84.45602706488543,82.19205138796852,82.68421936035156,133000,0.0,0.0
2023-11-06 00:00:00+08:00,82.68421601966993,83.47168774762157,82.68421601966993,83.17638397216797,89000,0.0,0.0
2023-11-07 00:00:00+08:00,83.27481508549211,84.65288683832595,83.27481508549211,83.76698303222656,144000,0.0,0.0
2023-11-08 00:00:00+08:00,84.65288736815121,85.73565535576645,83.37324769467787,85.04662322998047,249000,0.0,0.0
2023-11-09 00:00:00+08:00,84.94819160511568,85.0466236936379,82.68421601966993,83.17638397216797,133000,0.0,0.0
2023-11-10 00:00:00+08:00,83.865415571971,85.34191942013871,81.69987959861314,81.89674377441406,173000,0.0,0.0
2023-11-13 00:00:00+08:00,82.97952026832358,82.97952026832358,80.91240884813432,81.30614471435547,53000,0.0,0.0
2023-11-14 00:00:00+08:00,81.20770984381672,81.89674195368833,81.20770984381672,81.50301361083984,51000,0.0,0.0
2023-11-15 00:00:00+08:00,82.29047823816963,83.66854997502983,81.99518197948396,82.78264617919922,89000,0.0,0.0
2023-11-16 00:00:00+08:00,82.97951979512354,83.17638397216797,81.99518389012746,83.17638397216797,54000,0.0,0.0
2023-11-17 00:00:00+08:00,83.17638680230232,84.65289071003549,82.78265092492936,84.55445861816406,162000,0.0,0.0
2023-11-20 00:00:00+08:00,84.55445377463786,84.94818962945648,83.86541415123358,84.35758209228516,97000,0.0,0.0
2023-11-21 00:00:00+08:00,84.65288447942376,85.53878826083692,84.65288447942376,85.24348449707031,105000,0.0,0.0
2023-11-22 00:00:00+08:00,85.24348873196719,87.31059265136719,85.14505664245044,87.31059265136719,237000,0.0,0.0
2023-11-23 00:00:00+08:00,87.80275921833527,89.57456684112549,86.22782328134781,86.6215591430664,241000,0.0,0.0
2023-11-24 00:00:00+08:00,87.21215918070084,87.60589504241943,86.6215591430664,86.6215591430664,81000,0.0,0.0
2023-11-27 00:00:00+08:00,87.60589460998416,87.90119838228718,86.62155871548995,86.91686248779297,121000,0.0,0.0
2023-11-28 00:00:00+08:00,87.01529167069643,91.24793136980395,86.91685958651006,87.11372375488281,639000,0.0,0.0
2023-11-29 00:00:00+08:00,87.60589591685053,91.4448074646225,87.11372796226148,90.75576782226562,655000,0.0,0.0
2023-11-30 00:00:00+08:00,91.1495001550365,99.41792297363281,88.59022839234608,99.41792297363281,1843000,0.0,0.0
2023-12-01 00:00:00+08:00,104.33960442070489,109.26128387451172,103.35526852994352,109.26128387451172,4936000,0.0,0.0
2023-12-04 00:00:00+08:00,111.22995612565862,114.67513175786928,105.32394075615461,105.81610870361328,7602000,0.0,0.0
2023-12-05 00:00:00+08:00,103.84743365535029,106.30827331542969,101.87876192728677,106.30827331542969,1428000,0.0,0.0
2023-12-06 00:00:00+08:00,105.32394123077393,107.29261302947998,101.87876558303833,102.37093353271484,1141000,0.0,0.0
2023-12-07 00:00:00+08:00,103.84744078410421,110.73779230532439,101.386600955097,101.87876892089844,2751000,0.0,0.0
2023-12-08 00:00:00+08:00,102.37093595179115,104.8317757583246,99.91009614525773,100.8944320678711,780000,0.0,0.0
2023-12-11 00:00:00+08:00,101.87876652308873,105.81611015683129,100.89443061465309,103.35527038574219,864000,0.0,0.0
2023-12-12 00:00:00+08:00,104.33960779701792,105.81611168093798,100.4022641065644,100.8944320678711,806000,0.0,0.0
2023-12-13 00:00:00+08:00,102.37093353271484,104.83177328109741,101.38659763336182,102.37093353271484,825000,0.0,0.0
2023-12-14 00:00:00+08:00,103.84743540894752,103.84743540894752,99.91009188633339,100.40225982666016,493000,0.0,0.0
2023-12-15 00:00:00+08:00,101.87876953125,103.3552734375,98.43359375,98.43359375,478000,0.0,0.0
2023-12-18 00:00:00+08:00,99.41792780039262,99.41792780039262,96.46492004394531,96.46492004394531,449000,0.0,0.0
2023-12-19 00:00:00+08:00,97.74455828767543,99.41792632080347,92.62600708007812,92.62600708007812,726000,0.0,0.0
2023-12-20 00:00:00+08:00,92.92130754650414,96.4649151733435,92.62600378181473,94.69310760498047,517000,0.0,0.0
2023-12-21 00:00:00+08:00,93.5119140625,101.3866015625,93.21661027729512,98.43359375,923000,0.0,0.0
2023-12-22 00:00:00+08:00,98.43358792382976,99.41792380306805,95.67744445800781,95.67744445800781,450000,0.0,0.0
2023-12-25 00:00:00+08:00,94.98841621295507,95.18528039286129,91.64167258533986,91.74010467529297,377000,0.0,0.0
2023-12-26 00:00:00+08:00,91.74010283934506,93.90564632441091,91.74010283934506,92.92131042480469,179000,0.0,0.0
2023-12-27 00:00:00+08:00,94.20094497859104,95.18528090317355,92.82288069208522,93.01974487304688,168000,0.0,0.0
2023-12-28 00:00:00+08:00,93.01974487304688,93.61034492581895,92.82288069208522,93.01974487304688,124000,0.0,0.0
2023-12-29 00:00:00+08:00,92.82287599204004,95.57901193538306,92.72443639665653,94.39781188964844,291000,0.0,0.0
2024-01-02 00:00:00+08:00,94.59468170567779,97.25239323201248,94.59468170567779,95.57901763916016,293000,0.0,0.0
2024-01-03 00:00:00+08:00,95.28371858327202,98.92575842687378,95.18527898488794,95.77588653564453,550000,0.0,0.0
2024-01-04 00:00:00+08:00,96.66178046425982,101.38659569476678,96.16961252399396,97.25238800048828,1560000,0.0,0.0
2024-01-05 00:00:00+08:00,97.35082292034635,98.33515882953107,95.48058319091797,95.48058319091797,441000,0.0,0.0
2024-01-08 00:00:00+08:00,95.6774488654648,96.46492060908565,93.01974487304688,93.01974487304688,310000,0.0,0.0
2024-01-09 00:00:00+08:00,93.6103460148655,94.00408189125658,90.55890611513723,90.85420989990234,322000,0.0,0.0
2024-01-10 00:00:00+08:00,90.95263864979411,92.62600667561517,90.85420656178468,91.34637451171875,157000,0.0,0.0
2024-01-11 00:00:00+08:00,92.23226982479989,93.7087736587714,92.13383773784582,93.51190948486328,271000,0.0,0.0
2024-01-12 00:00:00+08:00,94.29938464523387,94.29938464523387,91.44480895996094,91.44480895996094,116000,0.0,0.0
2024-01-15 00:00:00+08:00,91.64167021201328,93.21660614013672,91.54323812460936,93.21660614013672,98001,0.0,0.0
2024-01-16 00:00:00+08:00,94.00407545028195,94.59467546945821,91.444803693927,91.5432357788086,144000,0.0,0.0
2024-01-17 00:00:00+08:00,91.2479377805414,92.03540952913053,89.57456970214844,89.57456970214844,148000,0.0,0.0
2024-01-18 00:00:00+08:00,89.77143096923828,90.36203851644514,89.08239884401284,89.77143096923828,83000,0.0,0.0
2024-01-19 00:00:00+08:00,90.06673716259948,91.74010523161095,89.08240123732517,91.44480895996094,116000,0.0,0.0
2024-01-22 00:00:00+08:00,91.54323728919634,97.153948828773,91.54323728919634,96.95708465576172,530000,0.0,0.0
2024-01-23 00:00:00+08:00,99.91009570370862,100.89443162197176,98.03985595703125,98.03985595703125,1421000,0.0,0.0
2024-01-24 00:00:00+08:00,98.92575467488412,107.78477748159015,98.43358674117823,102.86309814453125,3910000,0.0,0.0
2024-01-25 00:00:00+08:00,104.33960436927308,106.3082761498254,98.23672485351562,98.23672485351562,3072000,0.0,0.0
2024-01-26 00:00:00+08:00,98.43358949173329,105.81610870361328,97.64611777184466,105.81610870361328,2831000,0.0,0.0
2024-01-29 00:00:00+08:00,109.75345228328261,110.73778817819995,101.38659717648528,105.81610870361328,3596000,0.0,0.0
2024-01-30 00:00:00+08:00,105.81610918045044,107.7847809791565,102.37093353271484,102.37093353271484,1433000,0.0,0.0
2024-01-31 00:00:00+08:00,102.37093688669988,104.8317767157071,101.386600955097,101.87876892089844,710000,0.0,0.0
2024-02-01 00:00:00+08:00,102.37093158796722,102.86309952829399,98.92575600567986,100.40225982666016,499000,0.0,0.0
2024-02-02 00:00:00+08:00,100.89442678017191,101.38659471568495,98.92575503811977,99.41792297363281,478000,0.0,0.0
2024-02-05 00:00:00+08:00,99.91009429823495,100.89443020265107,97.05551867345085,97.35082244873047,385000,0.0,0.0
2024-02-15 00:00:00+08:00,98.92575503811977,103.35526645773709,96.16961159529211,99.41792297363281,839000,0.0,0.0
2024-02-16 00:00:00+08:00,99.41792631386524,101.38659812206059,98.9257583618164,98.9257583618164,326000,0.0,0.0
2024-02-19 00:00:00+08:00,98.92576123503746,99.9100971677244,97.05552146095484,97.1539535522461,297000,0.0,0.0
2024-02-20 00:00:00+08:00,97.54768709822848,97.94142296387977,95.48058319091797,95.48058319091797,317000,0.0,0.0
2024-02-21 00:00:00+08:00,96.0711836704556,96.46491953789379,95.1852798461914,95.1852798461914,178000,0.0,0.0
2024-02-22 00:00:00+08:00,95.77588745015422,95.77588745015422,93.51191184366849,93.61034393310547,324000,0.0,0.0
2024-02-23 00:00:00+08:00,94.00407984932475,94.20094402830047,92.03540802001953,92.03540802001953,311000,0.0,0.0
2024-02-26 00:00:00+08:00,92.33070992930179,97.8429894377929,92.33070992930179,96.36648559570312,639000,0.0,0.0
2024-02-27 00:00:00+08:00,99.91009284454643,103.3552684598756,99.4179248994994,101.3865966796875,3190000,0.0,0.0
2024-02-29 00:00:00+08:00,102.37093021082535,103.84743401194302,99.9100905422959,102.86309814453125,1089000,0.0,0.0
2024-03-01 00:00:00+08:00,102.37093688669988,105.81611264730998,100.40226502349411,101.87876892089844,985000,0.0,0.0
2024-03-04 00:00:00+08:00,105.8161053834138,111.22995263558846,104.83176951938205,106.30827331542969,1962000,0.0,0.0
2024-03-05 00:00:00+08:00,105.32393745139792,107.78477711147731,104.33960158736618,106.30827331542969,727000,0.0,0.0
2024-03-06 00:00:00+08:00,105.81610918045044,106.80044507980347,102.37093353271484,102.37093353271484,604000,0.0,0.0
2024-03-07 00:00:00+08:00,103.84743738174438,104.3396053314209,100.8944296836853,102.37093353271484,624000,0.0,0.0
2024-03-08 00:00:00+08:00,103.84743439325011,106.30827407081529,97.44925123158067,99.41792297363281,965000,0.0,0.0
2024-03-11 00:00:00+08:00,99.41792725812039,101.87876704173722,98.92575930139701,99.91009521484375,267000,0.0,0.0
2024-03-12 00:00:00+08:00,100.89443112829048,101.38659908501386,98.92575930139701,99.91009521484375,246000,0.0,0.0
2024-03-13 00:00:00+08:00,100.89442819508199,100.89442819508199,96.56334879985232,96.95708465576172,393000,0.0,0.0
2024-03-14 00:00:00+08:00,97.7445563675805,98.43358848300682,95.18527705911286,96.95708465576172,229000,0.0,0.0
2024-03-15 00:00:00+08:00,97.3508205116711,98.23672430999554,96.07118085743728,96.95708465576172,197000,0.0,0.0
2024-03-18 00:00:00+08:00,96.76022426108857,97.74456018435544,95.97275251852022,96.16961669921875,205000,0.0,0.0
2024-03-19 00:00:00+08:00,97.25239125249237,103.84743886863069,96.6617836965147,99.91009521484375,1033000,0.0,0.0
2024-03-20 00:00:00+08:00,99.91009521484375,99.91009521484375,99.91009521484375,99.91009521484375,0,0.0,0.0
2024-03-21 00:00:00+08:00,100.89442776698692,101.87876364764045,99.41792394600662,100.40225982666016,260000,0.0,0.0
2024-03-22 00:00:00+08:00,100.40226221796291,100.89443017001176,98.23672623290283,98.9257583618164,185000,0.0,0.0
2024-03-25 00:00:00+08:00,98.9257583618164,98.9257583618164,98.9257583618164,98.9257583618164,0,0.0,0.0
2024-03-26 00:00:00+08:00,103.84743833996001,106.3082781110491,101.38659856887091,103.35527038574219,1326000,0.0,0.0
2024-03-27 00:00:00+08:00,103.84743833996001,104.33960629417783,101.87876652308873,103.35527038574219,326000,0.0,0.0
2024-03-28 00:00:00+08:00,103.84743983571123,105.32394371963129,100.4022641065644,100.8944320678711,450000,0.0,0.0
2024-03-29 00:00:00+08:00,101.87876704173722,101.87876704173722,98.92575930139701,99.91009521484375,126000,0.0,0.0
2024-04-01 00:00:00+08:00,99.41792297363281,100.40225884465887,98.92575503811977,99.41792297363281,80000,0.0,0.0
2024-04-02 00:00:00+08:00,99.41792631386524,100.89443017001176,98.43359040976758,98.9257583618164,141000,0.0,0.0
2024-04-03 00:00:00+08:00,99.41792338039923,99.41792338039923,97.44925163029232,97.54768371582031,183000,0.0,0.0
2024-04-08 00:00:00+08:00,97.5476852243902,98.43358902761611,97.05551727925211,98.23672485351562,87000,0.0,0.0
2024-04-09 00:00:00+08:00,98.92575930139701,100.40226317156711,98.13828756668481,99.91009521484375,240000,0.0,0.0
2024-04-10 00:00:00+08:00,99.91009426591408,100.89443017001176,98.43359040976758,98.9257583618164,160000,0.0,0.0
2024-04-11 00:00:00+08:00,97.74455831247431,98.43359044161079,97.05551867345085,97.35082244873047,212000,0.0,0.0
2024-04-12 00:00:00+08:00,97.35082532338329,97.64612159749568,95.57901763916016,95.57901763916016,242000,0.0,0.0
2024-04-15 00:00:00+08:00,95.57901581079153,95.57901581079153,91.64167215218107,92.03540802001953,350000,0.0,0.0
2024-04-16 00:00:00+08:00,92.03540467466767,92.03540467466767,88.59022909861059,89.37770080566406,237000,0.0,0.0
2024-04-17 00:00:00+08:00,90.0667361907143,92.03540802001953,89.37770405441229,92.03540802001953,111000,0.0,0.0
2024-04-18 00:00:00+08:00,92.0354051129867,92.0354051129867,90.65733337402344,90.65733337402344,95000,0.0,0.0
2024-04-19 00:00:00+08:00,90.65733237498942,90.65733237498942,86.129388862482,88.09806060791016,232000,0.0,0.0
2024-04-22 00:00:00+08:00,87.8027582341393,88.19649409144444,87.11372611627043,87.212158203125,81000,0.0,0.0
2024-04-23 00:00:00+08:00,87.99963323270691,88.59023328596928,87.40903317944453,88.29492950439453,54000,0.0,0.0
2024-04-24 00:00:00+08:00,89.08239555009102,90.85420310642317,89.08239555009102,90.26359558105469,250000,0.0,0.0
2024-04-25 00:00:00+08:00,90.55889892578125,91.64166686748175,90.26359516445993,90.55889892578125,83000,0.0,0.0
2024-04-26 00:00:00+08:00,90.55890278786946,91.64167077574703,90.55890278786946,91.34637451171875,78000,0.0,0.0
2024-04-29 00:00:00+08:00,92.52757263183594,93.9056443645002,91.6416688387027,92.52757263183594,130000,0.0,0.0
2024-04-30 00:00:00+08:00,92.52757262312369,92.52757262312369,90.95263671875,90.95263671875,60000,0.0,0.0
2024-05-02 00:00:00+08:00,91.54324006269322,93.01974393467215,89.67300032287584,92.03540802001953,105000,0.0,0.0
2024-05-03 00:00:00+08:00,92.62600373227953,93.41347543110568,90.95263575963233,91.5432357788086,174000,0.0,0.0
2024-05-06 00:00:00+08:00,92.52757678708616,96.56335257050291,89.6730011076348,96.16961669921875,953000,0.0,0.0
2024-05-07 00:00:00+08:00,96.95708409643906,97.05551618237686,92.13383678661855,94.10250854492188,1037000,0.0,0.0
2024-05-08 00:00:00+08:00,95.48058518250579,97.44925704193889,94.10251337892518,94.29938507080078,796000,0.0,0.0
2024-05-09 00:00:00+08:00,94.59467549518003,96.56334723289402,92.82287543716946,93.11817169189453,306000,0.0,0.0
2024-05-10 00:00:00+08:00,94.00407932714089,96.07118323445141,92.72443964124595,95.48058319091797,429000,0.0,0.0
2024-05-13 00:00:00+08:00,96.07118129510323,96.07118129510323,93.51190948486328,93.51190948486328,217000,0.0,0.0
2024-05-14 00:00:00+08:00,94.00408128793096,95.67744936449424,94.00408128793096,94.29938507080078,210000,0.0,0.0
2024-05-15 00:00:00+08:00,96.36648363913064,96.66177989562091,94.29937980415168,94.39781188964844,237000,0.0,0.0
2024-05-16 00:00:00+08:00,95.28371944546623,95.28371944546623,93.70877597571344,95.1852798461914,137000,0.0,0.0
2024-05-17 00:00:00+08:00,95.97275333128114,103.35527281830277,94.69311361624251,101.87876892089844,1797000,0.0,0.0
2024-05-20 00:00:00+08:00,107.29261654471429,108.76912044211862,101.87876892089844,101.87876892089844,2355000,0.0,0.0
2024-05-21 00:00:00+08:00,101.87876364764045,101.87876364764045,98.92575600567986,100.40225982666016,419000,0.0,0.0
2024-05-22 00:00:00+08:00,100.40226173400879,105.32394123077393,100.40226173400879,102.37093353271484,921000,0.0,0.0
2024-05-23 00:00:00+08:00,101.87876799048448,103.35527187440454,100.4022641065644,100.8944320678711,482000,0.0,0.0
2024-05-24 00:00:00+08:00,100.89443017001176,100.89443017001176,98.9257583618164,98.9257583618164,194000,0.0,0.0
2024-05-27 00:00:00+08:00,98.92575600567986,100.89442776698692,98.92575600567986,100.40225982666016,186000,0.0,0.0
2024-05-28 00:00:00+08:00,100.89442776698692,101.87876364764045,100.40225982666016,100.40225982666016,196000,0.0,0.0
2024-05-29 00:00:00+08:00,101.38659434341358,104.33960194564892,99.9100905422959,102.86309814453125,549000,0.0,0.0
2024-05-30 00:00:00+08:00,103.35527169758379,110.24562314408936,100.89443189526037,108.76911926269531,2418000,0.0,0.0
2024-05-31 00:00:00+08:00,115.65946530073117,119.59680880033054,111.7221218011318,115.16729736328125,7337000,0.0,0.0
2024-06-03 00:00:00+08:00,114.6751288180881,115.16729675292969,108.27694566514757,110.73778533935547,1936000,0.0,0.0
2024-06-04 00:00:00+08:00,110.73779204501164,114.67513576216761,108.76912018643365,109.75345611572266,1185000,0.0,0.0
2024-06-05 00:00:00+08:00,109.26128531601023,110.73778917163199,106.3082776047667,106.80044555664062,659000,0.0,0.0
2024-06-06 00:00:00+08:00,108.27694745130943,108.27694745130943,103.84743596466494,104.83177185058594,504000,0.0,0.0
2024-06-07 00:00:00+08:00,104.83177087431271,107.78477850457504,103.35526705918154,103.8474349975586,539000,0.0,0.0
2024-06-11 00:00:00+08:00,105.3239427388008,106.30827865224754,99.41792725812039,99.91009521484375,586000,0.0,0.0
2024-06-12 00:00:00+08:00,100.40226502349411,101.87876892089844,100.40226502349411,101.87876892089844,249000,0.0,0.0
2024-06-13 00:00:00+08:00,101.87876558303833,110.73778867721558,101.38659763336182,110.24562072753906,1272000,0.0,0.0
2024-06-14 00:00:00+08:00,110.24562219071062,111.22995810312767,107.29261445345944,107.78478240966797,1024000,0.0,0.0
2024-06-17 00:00:00+08:00,109.26128387451172,113.69079538293786,107.78478003836968,109.26128387451172,745000,0.0,0.0
2024-06-18 00:00:00+08:00,109.75345326788414,110.73778917163199,106.3082776047667,106.80044555664062,415000,0.0,0.0
2024-06-19 00:00:00+08:00,107.29261499081018,108.27695090815706,104.33960723876953,104.33960723876953,299000,0.0,0.0
2024-06-20 00:00:00+08:00,105.8161053834138,106.30827331542969,104.83176951938205,106.30827331542969,196000,0.0,0.0
2024-06-21 00:00:00+08:00,106.30827468944388,106.30827468944388,103.8474349975586,103.8474349975586,211000,0.0,0.0
2024-06-24 00:00:00+08:00,103.84744020265954,105.32394409179688,102.37093631352221,105.32394409179688,199000,0.0,0.0
2024-06-25 00:00:00+08:00,104.8317761287511,105.81611205484266,103.35527223961375,105.32394409179688,173000,0.0,0.0
2024-06-26 00:00:00+08:00,105.32393745139792,111.22995263558846,105.32393745139792,106.30827331542969,506000,0.0,0.0
2024-06-27 00:00:00+08:00,106.80044649725092,109.75345423450209,105.81611058483385,107.78478240966797,638000,0.0,0.0
2024-06-28 00:00:00+08:00,110.24561778777236,110.24561778777236,106.80044223190448,107.29261016845703,329000,0.0,0.0
2024-07-01 00:00:00+08:00,108.2769464429521,108.76911438132915,103.8474349975586,103.8474349975586,326000,0.0,0.0
2024-07-02 00:00:00+08:00,103.35526943206787,104.83177328109741,101.38659763336182,102.37093353271484,255000,0.0,0.0
2024-07-03 00:00:00+08:00,103.35527038574219,104.33960629417783,102.86310243152437,103.35527038574219,154000,0.0,0.0
2024-07-04 00:00:00+08:00,103.35526802170445,109.26128333723042,103.35526802170445,104.83177185058594,622000,0.0,0.0
2024-07-05 00:00:00+08:00,106.30828001788844,108.27695187007156,104.8317761287511,105.32394409179688,277000,0.0,0.0
2024-07-08 00:00:00+08:00,105.32394123077393,107.7847809791565,102.37093353271484,102.37093353271484,865000,0.0,0.0
2024-07-09 00:00:00+08:00,102.86309852222405,102.86309852222405,99.41792297363281,99.41792297363281,348000,0.0,0.0
2024-07-10 00:00:00+08:00,100.40225982666016,100.89442776698692,98.92575600567986,100.40225982666016,233000,0.0,0.0
2024-07-11 00:00:00+08:00,100.40225982666016,101.38659570731369,99.91009188633339,100.40225982666016,151000,0.0,0.0
2024-07-12 00:00:00+08:00,100.40226221796291,100.89443017001176,98.43359040976758,98.9257583618164,201000,0.0,0.0
2024-07-15 00:00:00+08:00,98.92575444097264,99.41792237351478,96.46491477826187,96.56334686279297,283000,0.0,0.0
2024-07-16 00:00:00+08:00,97.7445606794032,97.7445606794032,96.85865684199874,97.44925689697266,78000,0.0,0.0
2024-07-17 00:00:00+08:00,98.3351583213352,99.41792631386524,97.54768659410227,98.9257583618164,138000,0.0,0.0
2024-07-18 00:00:00+08:00,98.4000015258789,99.80000305175781,98.0,98.19999694824219,156000,1.574241,0.0
2024-07-19 00:00:00+08:00,98.0,98.0,95.0,95.0,217000,0.0,0.0
2024-07-22 00:00:00+08:00,95.0999984741211,95.0999984741211,91.5,92.30000305175781,212000,0.0,0.0
2024-07-23 00:00:00+08:00,94.0,96.0,93.5,94.4000015258789,102000,0.0,0.0
2024-07-26 00:00:00+08:00,92.0999984741211,93.9000015258789,92.0999984741211,92.0999984741211,85000,0.0,0.0
2024-07-29 00:00:00+08:00,93.0,93.9000015258789,90.0,90.0,128000,0.0,0.0
2024-07-30 00:00:00+08:00,91.4000015258789,91.5,89.0999984741211,91.4000015258789,129000,0.0,0.0
2024-07-31 00:00:00+08:00,91.4000015258789,92.0,90.5999984741211,90.9000015258789,48000,0.0,0.0
2024-08-01 00:00:00+08:00,91.30000305175781,93.0,91.30000305175781,92.69999694824219,81000,0.0,0.0
2024-08-02 00:00:00+08:00,92.30000305175781,92.30000305175781,89.30000305175781,89.4000015258789,92000,0.0,0.0
2024-08-05 00:00:00+08:00,89.0,89.0,80.5,80.5,281000,0.0,0.0
2024-08-06 00:00:00+08:00,83.9000015258789,83.9000015258789,73.30000305175781,78.5,294000,0.0,0.0
2024-08-07 00:00:00+08:00,79.69999694824219,85.0999984741211,79.30000305175781,84.80000305175781,252000,0.0,0.0
2024-08-08 00:00:00+08:00,84.0,84.69999694824219,82.30000305175781,83.30000305175781,97000,0.0,0.0
2024-08-09 00:00:00+08:00,84.9000015258789,85.9000015258789,84.0999984741211,84.5,88000,0.0,0.0
2024-08-12 00:00:00+08:00,84.5999984741211,86.5,84.5,86.19999694824219,89000,0.0,0.0
2024-08-13 00:00:00+08:00,86.4000015258789,86.5,85.5,86.19999694824219,71000,0.0,0.0
2024-08-14 00:00:00+08:00,86.5999984741211,87.4000015258789,86.19999694824219,86.4000015258789,56000,0.0,0.0
2024-08-15 00:00:00+08:00,86.4000015258789,87.69999694824219,86.4000015258789,87.19999694824219,75000,0.0,0.0
2024-08-16 00:00:00+08:00,88.5,90.0,88.0,89.80000305175781,92000,0.0,0.0
2024-08-19 00:00:00+08:00,89.5999984741211,90.4000015258789,89.0,90.30000305175781,56000,0.0,0.0
2024-08-20 00:00:00+08:00,90.5999984741211,91.5,89.0999984741211,90.0,90000,0.0,0.0
2024-08-21 00:00:00+08:00,90.0,96.69999694824219,88.80000305175781,95.5,580000,0.0,0.0
2024-08-22 00:00:00+08:00,96.0,96.0,92.69999694824219,93.80000305175781,475000,0.0,0.0
2024-08-23 00:00:00+08:00,93.69999694824219,96.69999694824219,93.30000305175781,96.4000015258789,458000,0.0,0.0
2024-08-26 00:00:00+08:00,97.9000015258789,101.0,93.4000015258789,93.4000015258789,1383000,0.0,0.0
2024-08-27 00:00:00+08:00,94.4000015258789,95.5999984741211,93.19999694824219,93.80000305175781,141000,0.0,0.0
2024-08-28 00:00:00+08:00,94.9000015258789,95.5999984741211,93.5,94.5,141000,0.0,0.0
2024-08-29 00:00:00+08:00,94.4000015258789,95.0999984741211,94.0999984741211,94.5999984741211,65000,0.0,0.0
2024-08-30 00:00:00+08:00,94.69999694824219,95.5,93.80000305175781,94.30000305175781,67000,0.0,0.0
2024-09-02 00:00:00+08:00,94.19999694824219,94.19999694824219,92.19999694824219,92.19999694824219,108000,0.0,0.0
2024-09-03 00:00:00+08:00,92.4000015258789,93.0999984741211,91.0999984741211,91.19999694824219,72000,0.0,0.0
2024-09-04 00:00:00+08:00,89.80000305175781,89.80000305175781,86.5999984741211,88.0999984741211,131000,0.0,0.0
2024-09-05 00:00:00+08:00,88.80000305175781,89.30000305175781,87.0,87.0999984741211,59000,0.0,0.0
2024-09-06 00:00:00+08:00,88.69999694824219,90.0999984741211,88.5,89.5,69000,0.0,0.0
2024-09-09 00:00:00+08:00,89.19999694824219,89.19999694824219,87.30000305175781,89.19999694824219,64000,0.0,0.0
2024-09-10 00:00:00+08:00,90.0999984741211,94.19999694824219,88.80000305175781,89.19999694824219,269000,0.0,0.0
2024-09-11 00:00:00+08:00,89.30000305175781,94.5,88.0,94.0999984741211,510000,0.0,0.0
2024-09-12 00:00:00+08:00,96.0,96.0,94.30000305175781,94.69999694824219,728000,0.0,0.0
2024-09-13 00:00:00+08:00,95.0,96.4000015258789,94.4000015258789,94.9000015258789,173000,0.0,0.0
2024-09-16 00:00:00+08:00,95.0,102.0,94.0,99.4000015258789,845000,0.0,0.0
2024-09-18 00:00:00+08:00,100.0,101.0,97.69999694824219,97.69999694824219,810000,0.0,0.0
2024-09-19 00:00:00+08:00,98.19999694824219,100.0,98.19999694824219,98.9000015258789,327000,0.0,0.0
2024-09-20 00:00:00+08:00,99.4000015258789,101.5,98.30000305175781,100.0,624000,0.0,0.0
2024-09-23 00:00:00+08:00,101.5,102.5,100.5,100.5,713000,0.0,0.0
2024-09-24 00:00:00+08:00,100.5,100.5,98.80000305175781,99.0999984741211,298000,0.0,0.0
2024-09-25 00:00:00+08:00,99.5,100.0,97.5999984741211,97.5999984741211,236000,0.0,0.0
2024-09-26 00:00:00+08:00,97.5999984741211,99.4000015258789,95.80000305175781,96.0,224000,0.0,0.0
2024-09-27 00:00:00+08:00,96.0999984741211,97.5,95.80000305175781,96.19999694824219,94000,0.0,0.0
2024-09-30 00:00:00+08:00,95.80000305175781,96.4000015258789,94.30000305175781,95.0,113000,0.0,0.0
2024-10-01 00:00:00+08:00,96.0,96.0,93.80000305175781,94.0999984741211,91000,0.0,0.0
2024-10-04 00:00:00+08:00,95.30000305175781,95.30000305175781,92.80000305175781,94.0,44000,0.0,0.0
2024-10-07 00:00:00+08:00,94.80000305175781,94.80000305175781,93.30000305175781,93.9000015258789,81000,0.0,0.0
2024-10-08 00:00:00+08:00,93.9000015258789,93.9000015258789,92.5999984741211,93.0,70000,0.0,0.0
2024-10-09 00:00:00+08:00,93.5,95.0,93.19999694824219,93.69999694824219,80000,0.0,0.0
2024-10-11 00:00:00+08:00,93.5999984741211,94.69999694824219,93.5999984741211,94.0,54000,0.0,0.0
2024-10-14 00:00:00+08:00,94.30000305175781,98.0,93.5,96.19999694824219,212000,0.0,0.0
2024-10-15 00:00:00+08:00,96.5999984741211,99.30000305175781,96.5999984741211,96.80000305175781,238000,0.0,0.0
2024-10-16 00:00:00+08:00,97.30000305175781,100.5,97.30000305175781,99.9000015258789,526000,0.0,0.0
2024-10-17 00:00:00+08:00,100.0,101.5,100.0,101.5,440000,0.0,0.0
2024-10-18 00:00:00+08:00,103.0,103.5,99.0999984741211,99.0999984741211,362000,0.0,0.0
2024-10-21 00:00:00+08:00,101.0,107.0,101.0,106.0,991000,0.0,0.0
2024-10-22 00:00:00+08:00,107.0,107.0,103.5,106.5,582000,0.0,0.0
2024-10-23 00:00:00+08:00,106.5,107.5,104.0,104.0,348000,0.0,0.0
2024-10-24 00:00:00+08:00,105.5,114.0,103.5,104.0,3423000,0.0,0.0
2024-10-25 00:00:00+08:00,104.5,105.0,101.5,103.5,713000,0.0,0.0
2024-10-28 00:00:00+08:00,110.0,113.5,106.0,113.5,4038000,0.0,0.0
2024-10-29 00:00:00+08:00,117.0,124.5,115.0,124.5,13919000,0.0,0.0
2024-10-30 00:00:00+08:00,127.0,128.5,112.5,112.5,9750000,0.0,0.0
2024-11-01 00:00:00+08:00,111.0,118.0,111.0,113.0,5974000,0.0,0.0
2024-11-04 00:00:00+08:00,112.0,112.5,107.5,109.5,1258000,0.0,0.0
2024-11-05 00:00:00+08:00,109.5,110.0,106.0,106.5,592000,0.0,0.0
2024-11-06 00:00:00+08:00,107.5,111.0,107.0,108.0,909000,0.0,0.0
2024-11-07 00:00:00+08:00,108.0,109.5,107.5,109.0,367000,0.0,0.0
2024-11-08 00:00:00+08:00,109.5,110.5,106.5,106.5,512000,0.0,0.0
2024-11-11 00:00:00+08:00,106.5,114.0,106.5,109.0,1144000,0.0,0.0
2024-11-12 00:00:00+08:00,108.5,110.0,103.0,103.0,746000,0.0,0.0
2024-11-13 00:00:00+08:00,102.5,105.0,102.5,103.0,247000,0.0,0.0
2024-11-14 00:00:00+08:00,104.5,104.5,101.0,101.0,312000,0.0,0.0
2024-11-15 00:00:00+08:00,101.5,102.5,100.0,100.0,256000,0.0,0.0
2024-11-18 00:00:00+08:00,100.0,100.0,97.0,97.0,377000,0.0,0.0
2024-11-19 00:00:00+08:00,97.0,98.9000015258789,97.0,98.80000305175781,172000,0.0,0.0
2024-11-20 00:00:00+08:00,98.80000305175781,98.9000015258789,95.30000305175781,95.69999694824219,283472,0.0,0.0
2024-11-21 00:00:00+08:00,96.0,96.4000015258789,94.80000305175781,95.5999984741211,151000,0.0,0.0
2024-11-22 00:00:00+08:00,96.80000305175781,99.69999694824219,96.0999984741211,98.19999694824219,230000,0.0,0.0
2024-11-25 00:00:00+08:00,98.5999984741211,98.5999984741211,97.69999694824219,97.80000305175781,157000,0.0,0.0
2024-11-26 00:00:00+08:00,98.0,98.0,96.4000015258789,96.69999694824219,102000,0.0,0.0
2024-11-27 00:00:00+08:00,97.69999694824219,97.9000015258789,94.5,94.5,147000,0.0,0.0
2024-11-28 00:00:00+08:00,94.5,96.0,92.80000305175781,95.80000305175781,205000,0.0,0.0
2024-11-29 00:00:00+08:00,96.80000305175781,98.0,96.19999694824219,97.30000305175781,110000,0.0,0.0
2024-12-02 00:00:00+08:00,97.0,97.80000305175781,96.5,96.5,71000,0.0,0.0
2024-12-03 00:00:00+08:00,96.5,97.80000305175781,96.5,97.0999984741211,91000,0.0,0.0
2024-12-04 00:00:00+08:00,98.0,98.69999694824219,97.30000305175781,97.9000015258789,123000,0.0,0.0
2024-12-05 00:00:00+08:00,98.0999984741211,101.0,98.0999984741211,100.0,271000,0.0,0.0
2024-12-06 00:00:00+08:00,100.5,101.0,98.30000305175781,98.5999984741211,208000,0.0,0.0
2024-12-09 00:00:00+08:00,98.80000305175781,99.5,98.19999694824219,98.4000015258789,81000,0.0,0.0
2024-12-10 00:00:00+08:00,98.0,98.4000015258789,96.19999694824219,96.19999694824219,107000,0.0,0.0
2024-12-11 00:00:00+08:00,96.0,96.5,94.5,94.69999694824219,123000,0.0,0.0
2024-12-12 00:00:00+08:00,95.0,96.4000015258789,93.69999694824219,93.69999694824219,78000,0.0,0.0
2024-12-13 00:00:00+08:00,93.30000305175781,93.9000015258789,90.69999694824219,92.0,185000,0.0,0.0
2024-12-16 00:00:00+08:00,91.30000305175781,93.0,86.0,88.5,475000,0.0,0.0
2024-12-17 00:00:00+08:00,88.4000015258789,90.30000305175781,88.4000015258789,89.80000305175781,101000,0.0,0.0
2024-12-18 00:00:00+08:00,89.80000305175781,90.0,88.69999694824219,89.5,82000,0.0,0.0
2024-12-19 00:00:00+08:00,88.19999694824219,90.0,88.0,89.0999984741211,70000,0.0,0.0
2024-12-20 00:00:00+08:00,88.5999984741211,91.5,88.5999984741211,89.0999984741211,89000,0.0,0.0
2024-12-23 00:00:00+08:00,90.69999694824219,91.0,90.19999694824219,90.19999694824219,69000,0.0,0.0
2024-12-24 00:00:00+08:00,90.30000305175781,91.80000305175781,90.30000305175781,90.69999694824219,60000,0.0,0.0
2024-12-25 00:00:00+08:00,92.0,92.0,90.80000305175781,90.80000305175781,71000,0.0,0.0
2024-12-26 00:00:00+08:00,91.0,92.30000305175781,90.9000015258789,91.5,66000,0.0,0.0
2024-12-27 00:00:00+08:00,92.9000015258789,94.0,91.30000305175781,91.5,115000,0.0,0.0
2024-12-30 00:00:00+08:00,91.0999984741211,91.9000015258789,90.0999984741211,90.0999984741211,56000,0.0,0.0
2024-12-31 00:00:00+08:00,89.9000015258789,90.9000015258789,89.5,90.5999984741211,55000,0.0,0.0
2025-01-02 00:00:00+08:00,91.0999984741211,92.19999694824219,90.80000305175781,90.80000305175781,69000,0.0,0.0
2025-01-03 00:00:00+08:00,92.19999694824219,92.19999694824219,90.0,90.4000015258789,92000,0.0,0.0
2025-01-06 00:00:00+08:00,91.0999984741211,92.80000305175781,90.80000305175781,91.0,109000,0.0,0.0
2025-01-07 00:00:00+08:00,91.30000305175781,91.5,90.0999984741211,90.4000015258789,106000,0.0,0.0
2025-01-08 00:00:00+08:00,89.69999694824219,90.69999694824219,89.5999984741211,90.0,97000,0.0,0.0
2025-01-09 00:00:00+08:00,89.5999984741211,92.5,87.0,87.0,249000,0.0,0.0
2025-01-10 00:00:00+08:00,87.0999984741211,90.5,87.0999984741211,87.69999694824219,139000,0.0,0.0
