Date,Open,High,Low,Close,Volume,Dividends,Stock Splits
2017-06-14 00:00:00-04:00,5.786173734671048,5.987940967328707,5.730850341062694,5.893566131591797,3368100,0.0,0.0
2017-06-15 00:00:00-04:00,5.939126491546631,5.945635272288947,5.890311877402245,5.939126491546631,531000,0.0,0.0
2017-06-16 00:00:00-04:00,5.922855704548378,5.964510415418528,5.922855704548378,5.948890209197998,182800,0.0,0.0
2017-06-19 00:00:00-04:00,5.948889446102092,5.965160776654061,5.909837383781302,5.955397605895996,201200,0.0,0.0
2017-06-20 00:00:00-04:00,5.909838443132308,5.9911963518986795,5.792682855881026,5.971670627593994,343600,0.0,0.0
2017-06-21 00:00:00-04:00,5.955398715556557,5.9846876125766375,5.909838484952693,5.959954738616943,187200,0.0,0.0
2017-06-22 00:00:00-04:00,5.955398673413769,5.978179409266084,5.926109776600949,5.971670627593994,348600,0.0,0.0
2017-06-23 00:00:00-04:00,5.97167221584291,5.987943553639138,5.939128919538703,5.9456377029418945,222300,0.0,0.0
2017-06-26 00:00:00-04:00,5.9846881511255265,6.02048583308511,5.971671207229451,6.01397705078125,385600,0.0,0.0
2017-06-27 00:00:00-04:00,6.020484424264899,6.020484424264899,5.987941141072519,6.017230033874512,176900,0.0,0.0
2017-06-28 00:00:00-04:00,6.043798119913287,6.077005293789782,6.014907473273542,6.040477275848389,153500,0.37,0.0
2017-06-29 00:00:00-04:00,6.02387083897316,6.0902864290602725,5.950814196586143,5.987342834472656,159700,0.0,0.0
2017-06-30 00:00:00-04:00,5.980703830718994,6.040477761924669,5.980703830718994,5.980703830718994,110300,0.0,0.0
2017-07-03 00:00:00-04:00,6.023872377784259,6.093608828528653,5.996642472933692,6.083646297454834,69200,0.0,0.0
2017-07-05 00:00:00-04:00,6.020552543191109,6.077005628632451,6.0105906438337575,6.047118663787842,109500,0.0,0.0
2017-07-06 00:00:00-04:00,6.043797553544153,6.077004724308778,6.007268905639648,6.007268905639648,25900,0.0,0.0
2017-07-07 00:00:00-04:00,6.007267504936359,6.057078882855052,5.993984133018823,6.017230033874512,30200,0.0,0.0
2017-07-10 00:00:00-04:00,6.043797704322274,6.060401290118805,5.980702938200299,6.003948211669922,84300,0.0,0.0
2017-07-11 00:00:00-04:00,6.013910356230378,6.053759212932563,6.003947825361753,6.037155628204346,99300,0.0,0.0
2017-07-12 00:00:00-04:00,6.053759212932563,6.0763406962136495,6.02719309733572,6.037155628204346,96000,0.0,0.0
2017-07-13 00:00:00-04:00,6.043798452926242,6.060402040779346,6.03715676443049,6.047118663787842,89400,0.0,0.0
2017-07-14 00:00:00-04:00,6.05043888092041,6.0604014126314425,6.033835294788233,6.05043888092041,47500,0.0,0.0
2017-07-17 00:00:00-04:00,6.060400900178313,6.113533131371997,6.037155628204346,6.037155628204346,85500,0.0,0.0
2017-07-18 00:00:00-04:00,6.000626981738878,6.09028785939803,6.000626981738878,6.037155628204346,120900,0.0,0.0
2017-07-19 00:00:00-04:00,6.0603997258344355,6.083313099021962,6.010588347915744,6.017230033874512,103300,0.0,0.0
2017-07-20 00:00:00-04:00,6.027193093779211,6.083646168562458,5.977381706237793,5.977381706237793,231900,0.0,0.0
2017-07-21 00:00:00-04:00,5.960778770416143,6.0833149364524015,5.960778770416143,6.043797969818115,90600,0.0,0.0
2017-07-24 00:00:00-04:00,6.043796705416008,6.113532514299086,6.043796705416008,6.103569984436035,137000,0.0,0.0
2017-07-25 00:00:00-04:00,6.047119004510509,6.143421592966219,6.047119004510509,6.120176315307617,82000,0.0,0.0
2017-07-26 00:00:00-04:00,6.116855470872629,6.143421592966219,6.103572093132677,6.120176315307617,44400,0.0,0.0
2017-07-27 00:00:00-04:00,6.106892494184574,6.143421146931012,6.103571649990692,6.133458614349365,79400,0.0,0.0
2017-07-28 00:00:00-04:00,6.140097945990665,6.160022370120124,6.133456260152171,6.143418788909912,70300,0.0,0.0
2017-07-31 00:00:00-04:00,6.1467413630456,6.160024105077621,6.133457987627378,6.136778831481934,49200,0.0,0.0
2017-08-01 00:00:00-04:00,6.1434201322394175,6.1932315201479105,6.12681654739864,6.169986248016357,72700,0.0,0.0
2017-08-02 00:00:00-04:00,6.169985048552398,6.176626734552009,6.13677725194038,6.1400980949401855,70100,0.0,0.0
2017-08-03 00:00:00-04:00,6.126817669436557,6.189911810095217,6.126817669436557,6.176629066467285,133100,0.0,0.0
2017-08-04 00:00:00-04:00,6.176626951177071,6.176626951177071,6.1500608396329435,6.160022735595703,84300,0.0,0.0
2017-08-07 00:00:00-04:00,6.146741776423545,6.176628739738288,6.093609537949833,6.1733078956604,147000,0.0,0.0
2017-08-08 00:00:00-04:00,6.1733081637885086,6.1733081637885086,6.126817611451327,6.153383731842041,38100,0.0,0.0
2017-08-09 00:00:00-04:00,6.126815701007065,6.153381813114018,6.093607902526855,6.0936079025268555,165900,0.0,0.0
2017-08-10 00:00:00-04:00,6.106891632080078,6.156703654570126,6.093608890565928,6.106891632080078,68900,0.0,0.0
2017-08-11 00:00:00-04:00,6.1567039501569525,6.1567039501569525,6.093609183123539,6.096930027008057,86400,0.0,0.0
2017-08-14 00:00:00-04:00,6.103570965392476,6.143088563496853,6.093609067314457,6.1135334968566895,58200,0.0,0.0
2017-08-15 00:00:00-04:00,6.133458042965332,6.136778886849848,6.01058998616923,6.096930027008057,129900,0.0,0.0
2017-08-16 00:00:00-04:00,6.120174856980878,6.120174856980878,6.04745009132668,6.110212326049805,36600,0.0,0.0
2017-08-17 00:00:00-04:00,6.110210789154605,6.120173317579813,6.043795833144556,6.07368278503418,54800,0.0,0.0
2017-08-18 00:00:00-04:00,6.043797737738714,6.12017524624297,6.043797737738714,6.077004909515381,18300,0.0,0.0
2017-08-21 00:00:00-04:00,6.090288284935008,6.090288284935008,6.047117948207419,6.077004909515381,18500,0.0,0.0
2017-08-22 00:00:00-04:00,6.077005971039087,6.120176315307617,6.071028704410634,6.120176315307617,27800,0.0,0.0
2017-08-23 00:00:00-04:00,6.096928931246761,6.136777783926778,6.063721131756017,6.103569984436035,28300,0.0,0.0
2017-08-24 00:00:00-04:00,6.09958600642169,6.139767391108341,6.086967053930128,6.110212326049805,22700,0.0,0.0
2017-08-25 00:00:00-04:00,6.140097945990665,6.146739631829159,6.106890150184218,6.143418788909912,11800,0.0,0.0
2017-08-28 00:00:00-04:00,6.146742043397794,6.176629008010631,6.113534234562834,6.153383731842041,61800,0.0,0.0
2017-08-29 00:00:00-04:00,6.17662820111821,6.17662820111821,6.120175123489485,6.150062084197998,58400,0.0,0.0
2017-08-30 00:00:00-04:00,6.169987142567181,6.169987142567181,6.100251316061929,6.14674186706543,49500,0.0,0.0
2017-08-31 00:00:00-04:00,6.146739631829159,6.163343213039371,6.10356930726497,6.143418788909912,36500,0.0,0.0
2017-09-01 00:00:00-04:00,6.173305741797113,6.173305741797113,6.1135318360227116,6.143418788909912,28000,0.0,0.0
2017-09-05 00:00:00-04:00,6.120174672014445,6.143419943431593,6.100250244140625,6.100250244140625,45200,0.0,0.0
2017-09-06 00:00:00-04:00,6.120175006980404,6.166665552359194,6.103570788354997,6.106891632080078,27100,0.0,0.0
2017-09-07 00:00:00-04:00,6.143418937939991,6.166996099836761,6.110211141327973,6.1400980949401855,19600,0.0,0.0
2017-09-08 00:00:00-04:00,6.176628657134355,6.176628657134355,6.043798062726504,6.080326080322266,46500,0.0,0.0
2017-09-11 00:00:00-04:00,6.1035696693911765,6.209834748953744,6.102905880799558,6.160022735595703,138900,0.0,0.0
2017-09-12 00:00:00-04:00,6.1400980949401855,6.1400980949401855,6.090286716715177,6.1400980949401855,75800,0.0,0.0
2017-09-13 00:00:00-04:00,6.116853713989258,6.1367781414901765,6.1102120270269085,6.116853713989258,111700,0.0,0.0
2017-09-14 00:00:00-04:00,6.110210993103465,6.150060474748406,6.090618463250123,6.143418788909912,107800,0.0,0.0
2017-09-15 00:00:00-04:00,6.110212653035284,6.392478043992722,6.10257528229363,6.1135334968566895,628800,0.0,0.0
2017-09-18 00:00:00-04:00,6.110213628450084,6.2294295971408395,6.09028919572718,6.186591148376465,57300,0.0,0.0
2017-09-19 00:00:00-04:00,6.193230165926572,6.209834380522807,6.116852678941958,6.143418788909912,103100,0.0,0.0
2017-09-20 00:00:00-04:00,6.29285472966658,6.29285472966658,6.130136563136752,6.272929668426514,122100,0.0,0.0
2017-09-21 00:00:00-04:00,6.236402067914702,6.31942126173653,6.130469495524619,6.189910888671875,233200,0.0,0.0
2017-09-22 00:00:00-04:00,6.176628682389161,6.302817589246018,6.173307838342107,6.213156700134277,73900,0.0,0.0
2017-09-25 00:00:00-04:00,6.216474930691739,6.294513149523595,6.183267770954412,6.243041038513184,59800,0.0,0.0
2017-09-26 00:00:00-04:00,6.262967229976268,6.309457768746643,6.232083957770482,6.249683856964111,54000,0.0,0.0
2017-09-27 00:00:00-04:00,6.289533306052795,6.289533306052795,6.195887807051374,6.236401081085205,136700,0.0,0.0
2017-09-28 00:00:00-04:00,6.3007658007791685,6.361741055817941,6.3007658007791685,6.3380279541015625,133800,0.37,0.0
2017-09-29 00:00:00-04:00,6.331251176899066,6.3990009336489635,6.205235996150846,6.375288486480713,315800,0.0,0.0
2017-10-02 00:00:00-04:00,6.409165904140536,6.4359273806767305,6.300765738964401,6.351578235626221,62400,0.0,0.0
2017-10-03 00:00:00-04:00,6.368516011147239,6.432878856486464,6.321091096747811,6.395616054534912,111100,0.0,0.0
2017-10-04 00:00:00-04:00,6.368515429496001,6.399003056287128,6.334640862942252,6.382065773010254,120300,0.0,0.0
2017-10-05 00:00:00-04:00,6.395613370821028,6.395613370821028,6.3177008595394515,6.358351230621338,126200,0.0,0.0
2017-10-06 00:00:00-04:00,6.36174192535087,6.3922295570373535,6.30686405909199,6.3922295570373535,93400,0.0,0.0
2017-10-09 00:00:00-04:00,6.39561442510812,6.39561442510812,6.2770521693159536,6.287214279174805,66500,0.0,0.0
2017-10-10 00:00:00-04:00,6.314314976731803,6.365128115809254,6.273665240808926,6.310927391052246,91800,0.0,0.0
2017-10-11 00:00:00-04:00,6.317702427831515,6.3786776765328375,6.280440278381954,6.314314842224121,84200,0.0,0.0
2017-10-12 00:00:00-04:00,6.317702635686182,6.385453057831306,6.290602596051314,6.321090221405029,63500,0.0,0.0
2017-10-13 00:00:00-04:00,6.334639792967715,6.351577073383738,6.283826659487979,6.344801902770996,42400,0.0,0.0
2017-10-16 00:00:00-04:00,6.309232508568279,6.392226723844407,6.309232508568279,6.334639072418213,63300,0.0,0.0
2017-10-17 00:00:00-04:00,6.3515763509076635,6.388839138923364,6.3007638693235535,6.334639072418213,48000,0.0,0.0
2017-10-18 00:00:00-04:00,6.35835294445014,6.378677812411579,6.2702776551293695,6.310927391052246,63100,0.0,0.0
2017-10-19 00:00:00-04:00,6.317702843095754,6.39222843912524,6.290602802571194,6.3278656005859375,89000,0.0,0.0
2017-10-20 00:00:00-04:00,6.341415297790252,6.378678095804995,6.300765560061379,6.3278656005859375,78000,0.0,0.0
2017-10-23 00:00:00-04:00,6.321089486307924,6.351577108116149,6.270276998666162,6.287214279174805,49700,0.0,0.0
2017-10-24 00:00:00-04:00,6.327864892025685,6.341076023002461,6.273664817045599,6.277052402496338,79000,0.0,0.0
2017-10-25 00:00:00-04:00,6.307539741018612,6.321089436094723,6.104627710645351,6.2601141929626465,102700,0.0,0.0
2017-10-26 00:00:00-04:00,6.2838271617067285,6.2838271617067285,6.1889773500110365,6.202527046203613,49000,0.0,0.0
2017-10-27 00:00:00-04:00,6.185588497181865,6.300425234090504,6.185588497181865,6.283825874328613,74700,0.0,0.0
2017-10-30 00:00:00-04:00,6.293990702522195,6.314315572401007,6.239790618768055,6.263503074645996,64900,0.0,0.0
2017-10-31 00:00:00-04:00,6.287214378308986,6.314314415219617,6.2414829448755755,6.280439853668213,120200,0.0,0.0
2017-11-01 00:00:00-04:00,6.300765874520454,6.300765874520454,6.244871674708767,6.263503074645996,40100,0.0,0.0
2017-11-02 00:00:00-04:00,6.249950465094696,6.270275325504744,6.233012542989936,6.236400127410889,55900,0.0,0.0
2017-11-03 00:00:00-04:00,6.2397894967586085,6.2397894967586085,6.19913911819458,6.19913911819458,29800,0.0,0.0
2017-11-06 00:00:00-05:00,6.20252643529487,6.222851946755631,6.100901462454351,6.20591402053833,56200,0.0,0.0
2017-11-07 00:00:00-05:00,6.233014226151855,6.233014226151855,6.131389250543163,6.144938945770264,75500,0.0,0.0
2017-11-08 00:00:00-05:00,6.121227516898045,6.192365528598208,6.121227516898045,6.155102729797363,95800,0.0,0.0
2017-11-09 00:00:00-05:00,6.20930187436455,6.224545685561579,6.18220183736048,6.19913911819458,55200,0.0,0.0
2017-11-10 00:00:00-05:00,6.233014304487724,6.300086944300224,6.2025266821987834,6.280439853668213,36500,0.0,0.0
2017-11-13 00:00:00-05:00,6.270276096046611,6.313636277401313,6.182200828625454,6.212688446044922,28700,0.0,0.0
2017-11-14 00:00:00-05:00,6.216076240274472,6.283826000954346,6.19913831551768,6.21946382522583,30300,0.0,0.0
2017-11-15 00:00:00-05:00,6.219464630534518,6.290601985376758,6.19913911819458,6.19913911819458,18700,0.0,0.0
2017-11-16 00:00:00-05:00,6.202528320191844,6.246566295623779,6.199140733918924,6.246566295623779,25600,0.0,0.0
2017-11-17 00:00:00-05:00,6.270277217835417,6.270277217835417,6.216077142974267,6.2533392906188965,29200,0.0,0.0
2017-11-20 00:00:00-05:00,6.263500846076128,6.300763632692389,6.229625644253684,6.243175983428955,20200,0.0,0.0
2017-11-21 00:00:00-05:00,6.273664693656666,6.293989559845488,6.2397894859313965,6.2397894859313965,17600,0.0,0.0
2017-11-22 00:00:00-05:00,6.266889646144124,6.283826927281954,6.236402023203343,6.277052402496338,30400,0.0,0.0
2017-11-24 00:00:00-05:00,6.300763740705162,6.307538910408943,6.260113368598221,6.2973761558532715,29800,0.0,0.0
2017-11-27 00:00:00-05:00,6.30754029559082,6.30754029559082,6.256727157769272,6.270277500152588,16700,0.0,0.0
2017-11-28 00:00:00-05:00,6.287213459211708,6.287213459211708,6.226238223547502,6.283825874328613,50700,0.0,0.0
2017-11-29 00:00:00-05:00,6.297376739537666,6.304151909869416,6.217770103429109,6.2499518394470215,12700,0.0,0.0
2017-11-30 00:00:00-05:00,6.25333825649651,6.307199757740943,6.25333825649651,6.283825874328613,23600,0.0,0.0
2017-12-01 00:00:00-05:00,6.307538802280025,6.307538802280025,6.239788398635137,6.243175983428955,24100,0.0,0.0
2017-12-04 00:00:00-05:00,6.300765124399161,6.300765124399161,6.253339572173442,6.270277500152588,17800,0.0,0.0
2017-12-05 00:00:00-05:00,6.29737664018699,6.300764225299422,6.236401400394822,6.256726264953613,35400,0.0,0.0
2017-12-06 00:00:00-05:00,6.300764730613711,6.300764730613711,6.236401900547285,6.2397894859313965,23000,0.0,0.0
2017-12-07 00:00:00-05:00,6.290602332860959,6.290602332860959,6.202527046203613,6.202527046203613,28200,0.0,0.0
2017-12-08 00:00:00-05:00,6.233015950532102,6.297378797485538,6.182542013462831,6.246566295623779,29400,0.0,0.0
2017-12-11 00:00:00-05:00,6.2567257791273265,6.266888533675496,6.155100818108616,6.195751190185547,128900,0.0,0.0
2017-12-12 00:00:00-05:00,6.226238732234513,6.226238732234513,6.107676482218347,6.1246137619018555,137600,0.0,0.0
2017-12-13 00:00:00-05:00,6.107676344282795,6.107676344282795,5.826513243522029,5.860387802124023,603800,0.0,0.0
2017-12-14 00:00:00-05:00,5.860387744823939,5.860387744823939,5.748600022629311,5.772313117980957,667000,0.0,0.0
2017-12-15 00:00:00-05:00,5.826514203997212,5.950158172400867,5.792638993695249,5.884101867675781,198800,0.0,0.0
2017-12-18 00:00:00-05:00,5.938301879622732,6.026377166981251,5.938301879622732,5.958626747131348,285500,0.0,0.0
2017-12-19 00:00:00-05:00,5.995890051011771,6.070415002272426,5.962014838214767,6.0263776779174805,248600,0.0,0.0
2017-12-20 00:00:00-05:00,6.0602512507244075,6.199139018910345,5.953545220170032,6.144938945770264,280900,0.0,0.0
2017-12-21 00:00:00-05:00,6.185587595408072,6.204218986491018,6.097512339635021,6.168649673461914,114000,0.0,0.0
2017-12-22 00:00:00-05:00,6.19913810669594,6.216076030882167,6.122919709263014,6.212688446044922,151900,0.0,0.0
2017-12-26 00:00:00-05:00,6.2160772272787055,6.399002320887011,6.193719679942364,6.348189830780029,385800,0.0,0.0
2017-12-27 00:00:00-05:00,6.3990015162882825,6.490464374649996,6.343107978033315,6.4294891357421875,439900,0.0,0.0
2017-12-28 00:00:00-05:00,6.519899920064938,6.742445625100162,6.488604347389545,6.6485595703125,337800,0.49,0.0
2017-12-29 00:00:00-05:00,6.669421950607945,7.058876869383623,6.634649024193372,6.968468189239502,1566700,0.0,0.0
2018-01-02 00:00:00-05:00,6.9649933171441125,6.982379454939964,6.391241484540016,6.426014423370361,300300,0.0,0.0
2018-01-03 00:00:00-05:00,6.436443020007102,6.509465555109662,6.318563026783503,6.474693298339844,84700,0.0,0.0
2018-01-04 00:00:00-05:00,6.460784745157225,6.5407620078039095,6.415580407255561,6.450352668762207,120300,0.0,0.0
2018-01-05 00:00:00-05:00,6.467739327078752,6.467739327078752,6.365159566013887,6.4155802726745605,105500,0.0,0.0
2018-01-08 00:00:00-05:00,6.4294917835772605,6.4294917835772605,6.374202883793261,6.426014423370361,88100,0.0,0.0
2018-01-09 00:00:00-05:00,6.432967038859482,6.4433991160667095,6.27509838596326,6.339080333709717,176100,0.0,0.0
2018-01-10 00:00:00-05:00,6.328649560605293,6.432967690287532,6.297353989052923,6.349513053894043,177300,0.0,0.0
2018-01-11 00:00:00-05:00,6.373852939361334,6.429489355180743,6.3390800136646055,6.405148506164551,47200,0.0,0.0
2018-01-12 00:00:00-05:00,6.398193617423967,6.432966542191597,6.370375410257538,6.422534465789795,79700,0.0,0.0
2018-01-16 00:00:00-05:00,6.419057541548573,6.4291420817245335,6.373853200557259,6.401671409606934,205300,0.0,0.0
2018-01-17 00:00:00-05:00,6.401673973071166,6.4329695536887455,6.286923731886264,6.3842878341674805,111500,0.0,0.0
2018-01-18 00:00:00-05:00,6.4225377565678965,6.426015117150226,6.339083092308133,6.352992534637451,159400,0.0,0.0
2018-01-19 00:00:00-05:00,6.352990676466916,6.4743474080729255,6.279967452073809,6.346035957336426,99700,0.0,0.0
2018-01-22 00:00:00-05:00,6.346035322331415,6.478171656396136,6.279966823679828,6.3077850341796875,145200,0.0,0.0
2018-01-23 00:00:00-05:00,6.321695278388421,6.432620597603868,6.293877064335915,6.328649997711182,116200,0.0,0.0
2018-01-24 00:00:00-05:00,6.363421357575012,6.363421357575012,6.30430757826471,6.321694374084473,70000,0.0,0.0
2018-01-25 00:00:00-05:00,6.349513492440926,6.3630747308533335,6.279967625690393,6.328649997711182,75900,0.0,0.0
2018-01-26 00:00:00-05:00,6.332126226063641,6.332126226063641,6.269535746501092,6.300831317901611,91500,0.0,0.0
2018-01-29 00:00:00-05:00,6.2869226809481,6.332127032484416,6.259104465409158,6.262581825256348,100000,0.0,0.0
2018-01-30 00:00:00-05:00,6.259102993634025,6.325171488718031,6.213898652727128,6.2417168617248535,93300,0.0,0.0
2018-01-31 00:00:00-05:00,6.269535070722579,6.314739411629477,6.227807425606781,6.2417168617248535,121700,0.0,0.0
2018-02-01 00:00:00-05:00,6.227808524828552,6.328301764536749,6.20346767056413,6.220853805541992,67300,0.0,0.0
2018-02-02 00:00:00-05:00,6.182603157604849,6.2243301399742705,6.106102584530198,6.1234893798828125,104200,0.0,0.0
2018-02-05 00:00:00-05:00,6.106103921987806,6.41558231466704,5.827921767798287,6.050467491149902,294900,0.0,0.0
2018-02-06 00:00:00-05:00,5.99830591564908,6.158260421712008,5.963532995084615,6.126965522766113,173200,0.0,0.0
2018-02-07 00:00:00-05:00,6.123489149507399,6.290398399182546,6.067852732949016,6.203466415405273,225200,0.0,0.0
2018-02-08 00:00:00-05:00,6.2208538110002065,6.234763249585529,6.064376606346546,6.088717460632324,79500,0.0,0.0
2018-02-09 00:00:00-05:00,6.113056830845512,6.286920791521707,5.9843972081202415,6.095670700073242,155500,0.0,0.0
2018-02-12 00:00:00-05:00,6.144353363984989,6.32517207072741,6.0852395815206775,6.227807998657227,92800,0.0,0.0
2018-02-13 00:00:00-05:00,6.196512097135966,6.335603147501837,6.189557378808061,6.321694374084473,110100,0.0,0.0
2018-02-14 00:00:00-05:00,6.286921987494983,6.311262840501918,6.19651263115601,6.259103775024414,124700,0.0,0.0
2018-02-15 00:00:00-05:00,6.286921957147145,6.294919950198746,6.127662475969395,6.210422039031982,170900,0.0,0.0
2018-02-16 00:00:00-05:00,6.179125035239061,6.3251707819681435,6.179125035239061,6.293875217437744,104500,0.0,0.0
2018-02-20 00:00:00-05:00,6.259104503596699,6.328650374487649,6.168695136733895,6.179127216339111,100800,0.0,0.0
2018-02-21 00:00:00-05:00,6.175649478564013,6.324824427330239,6.15478598386886,6.165217399597168,87600,0.0,0.0
2018-02-22 00:00:00-05:00,6.203466431542706,6.241716716740497,6.095670957085225,6.120011806488037,223300,0.0,0.0
2018-02-23 00:00:00-05:00,6.168694831452847,6.214942455260602,6.0017855454609945,6.102626323699951,115800,0.0,0.0
2018-02-26 00:00:00-05:00,6.144353976817188,6.210422484570084,6.081762828760606,6.102626323699951,53600,0.0,0.0
2018-02-27 00:00:00-05:00,6.10262524471722,6.172171099870284,6.0122165615520355,6.040034770965576,101100,0.0,0.0
2018-02-28 00:00:00-05:00,6.179126364909798,6.38428592620648,5.9948302967101625,6.00526237487793,305500,0.0,0.0
2018-03-01 00:00:00-05:00,6.015693060355099,6.1735617086443115,5.914852303248399,5.9531025886535645,124900,0.0,0.0
2018-03-02 00:00:00-05:00,5.956579074258915,6.080022991919605,5.893988604765316,5.921806812286377,344700,0.0,0.0
2018-03-05 00:00:00-05:00,5.987874835396633,6.057420688080642,5.8870340785670665,6.036557197570801,270800,0.0,0.0
2018-03-06 00:00:00-05:00,6.0574193009959085,6.158260034734018,5.9878734642371585,6.085237503051758,166900,0.0,0.0
2018-03-07 00:00:00-05:00,6.081763317516238,6.154786550530213,5.98439922791047,6.074808597564697,100500,0.0,0.0
2018-03-08 00:00:00-05:00,6.095672717048397,6.161740566434673,6.071331197379217,6.158263206481934,59400,0.0,0.0
2018-03-09 00:00:00-05:00,6.196511697525875,6.234761982624164,6.168693489246684,6.203466415405273,70200,0.0,0.0
2018-03-12 00:00:00-04:00,6.217378236126461,6.245196458044123,6.1026279878112675,6.1860833168029785,48400,0.0,0.0
2018-03-13 00:00:00-04:00,6.217374496916127,6.217374496916127,6.102624317613192,6.172170162200928,102900,0.0,0.0
2018-03-14 00:00:00-04:00,6.18260193037394,6.21737418770011,6.102624014104181,6.126965522766113,65400,0.0,0.0
2018-03-15 00:00:00-04:00,6.158261255983057,6.172170691388499,5.963533802975577,6.137397766113281,131900,0.0,0.0
2018-03-16 00:00:00-04:00,6.172170879643657,6.325171357578197,6.139136964405757,6.279966354370117,480800,0.0,0.0
2018-03-19 00:00:00-04:00,6.259103560974353,6.300831209872446,6.139485185117791,6.255626201629639,94700,0.0,0.0
2018-03-20 00:00:00-04:00,6.255626210214639,6.283444421772051,6.175648934891888,6.227807998657227,107000,0.0,0.0
2018-03-21 00:00:00-04:00,6.248670916545471,6.286921202631751,6.172171007611331,6.2417168617248535,61500,0.0,0.0
2018-03-22 00:00:00-04:00,6.1895570111923615,6.326214631589264,6.0939319611976766,6.279966354370117,137200,0.0,0.0
2018-03-23 00:00:00-04:00,6.293877772991754,6.293877772991754,6.133922526750865,6.1408772468566895,125400,0.0,0.0
2018-03-26 00:00:00-04:00,6.21737396996849,6.293874525178933,6.1826017138600395,6.234760761260986,52700,0.0,0.0
2018-03-27 00:00:00-04:00,6.255624838209957,6.255624838209957,5.998306271930245,6.026124477386475,203300,0.0,0.0
2018-03-28 00:00:00-04:00,6.182464013410462,6.285505407859373,6.111401613725308,6.200230121612549,287800,0.37,0.0
2018-03-29 00:00:00-04:00,6.235759329194238,6.377885446295374,6.175355932738521,6.360119342803955,331500,0.0,0.0
2018-04-02 00:00:00-04:00,6.338801830139233,6.3618974299553965,6.24286688724841,6.328142166137695,51900,0.0,0.0
2018-04-03 00:00:00-04:00,6.356566811683275,6.413416993607971,6.296163408674833,6.338801383972168,61300,0.0,0.0
2018-04-04 00:00:00-04:00,6.278398438522969,6.406311696029452,6.278398438522969,6.374333381652832,33800,0.0,0.0
2018-04-05 00:00:00-04:00,6.395652722790357,6.431184262347409,6.310377434478082,6.420524597167969,97300,0.0,0.0
2018-04-06 00:00:00-04:00,6.392098357272596,6.445751114721838,6.26418510883889,6.303269863128662,56400,0.0,0.0
2018-04-09 00:00:00-04:00,6.3210358737917565,6.38143859830451,6.267738235938546,6.285504341125488,48200,0.0,0.0
2018-04-10 00:00:00-04:00,6.3494615099616105,6.409864917372152,6.328142181905413,6.374333381652832,68600,0.0,0.0
2018-04-11 00:00:00-04:00,6.2926109832340105,6.328142520856488,6.253526901786225,6.299717426300049,71300,0.0,0.0
2018-04-12 00:00:00-04:00,6.313930839382781,6.359766248880967,6.26063386735484,6.274846076965332,46100,0.0,0.0
2018-04-13 00:00:00-04:00,6.2819522602096365,6.344842860799533,6.232208512073359,6.2535271644592285,42700,0.0,0.0
2018-04-16 00:00:00-04:00,6.29261150840539,6.324589827163709,6.232208770426086,6.274846076965332,37800,0.0,0.0
2018-04-17 00:00:00-04:00,6.3032695558769625,6.306822776794434,6.235759713860191,6.306822776794434,62800,0.0,0.0
2018-04-18 00:00:00-04:00,6.324588806537896,6.360120341391905,6.267738621854545,6.3352484703063965,113800,0.0,0.0
2018-04-19 00:00:00-04:00,6.345908272806926,6.345908272806926,6.274845201545351,6.328142166137695,68300,0.0,0.0
2018-04-20 00:00:00-04:00,6.349462389451666,6.363674599083381,6.296164739636373,6.321037292480469,51100,0.0,0.0
2018-04-23 00:00:00-04:00,6.3636724340556645,6.3636724340556645,6.312151751539887,6.33169412612915,32600,0.0,0.0
2018-04-24 00:00:00-04:00,6.360122035526607,6.374334924337137,6.31286546787649,6.356568813323975,122800,0.0,0.0
2018-04-25 00:00:00-04:00,6.345908733566901,6.363674163818359,6.296164308988916,6.363674163818359,34400,0.0,0.0
2018-04-26 00:00:00-04:00,6.360120942226524,6.377887050185705,6.306823973764425,6.363674163818359,47700,0.0,0.0
2018-04-27 00:00:00-04:00,6.377887479042883,6.395652910488912,6.32814305112002,6.388546466827393,24400,0.0,0.0
2018-04-30 00:00:00-04:00,6.395653579845092,6.416972235353048,6.335605276723931,6.356568813323975,73300,0.0,0.0
2018-05-01 00:00:00-04:00,6.367228789158988,6.37397943727635,6.328144020739702,6.353015899658203,30500,0.0,0.0
2018-05-02 00:00:00-04:00,6.363673527554377,6.370779970027521,6.242866716341554,6.257079601287842,60700,0.0,0.0
2018-05-03 00:00:00-04:00,6.253526029496609,6.328141638158916,6.2251009389051175,6.285504341125488,60800,0.0,0.0
2018-05-04 00:00:00-04:00,6.232208512073359,6.297230503506424,6.1416030534448645,6.2535271644592285,63100,0.0,0.0
2018-05-07 00:00:00-04:00,6.264185992370113,6.3814395940698185,6.221548688683523,6.363674163818359,60500,0.0,0.0
2018-05-08 00:00:00-04:00,6.342355314057719,6.356567522273839,6.2712922398540085,6.281951904296875,78200,0.0,0.0
2018-05-09 00:00:00-04:00,6.310377104118275,6.377886957971634,6.281952009502289,6.3459086418151855,80000,0.0,0.0
2018-05-10 00:00:00-04:00,6.3636734238394235,6.381438852025087,6.317482903932111,6.342354774475098,37400,0.0,0.0
2018-05-11 00:00:00-04:00,6.370780872662109,6.370780872662109,6.271292697065228,6.317483901977539,43100,0.0,0.0
2018-05-14 00:00:00-04:00,6.335247866426612,6.335247866426612,6.271291245327313,6.306822776794434,65200,0.0,0.0
2018-05-15 00:00:00-04:00,6.292611517801501,6.321037292480469,6.253527433033461,6.321037292480469,94300,0.0,0.0
2018-05-16 00:00:00-04:00,6.313929431716979,6.313929431716979,6.267738235938546,6.285504341125488,38000,0.0,0.0
2018-05-17 00:00:00-04:00,6.260633957457735,6.338802805709869,6.246421069934922,6.292611598968506,41900,0.0,0.0
2018-05-18 00:00:00-04:00,6.324588370333072,6.413416862487793,6.31748260601848,6.413416862487793,57100,0.0,0.0
2018-05-21 00:00:00-04:00,6.434738012325397,6.438291234343574,6.3743345934319935,6.395653247833252,80400,0.0,0.0
2018-05-22 00:00:00-04:00,6.4382908947502555,6.4382908947502555,6.32103728516627,6.388546466827393,49900,0.0,0.0
2018-05-23 00:00:00-04:00,6.38499358177872,6.427631568289042,6.342356272976202,6.395653247833252,93900,0.0,0.0
2018-05-24 00:00:00-04:00,6.395653579845092,6.395653579845092,6.335250157816019,6.356568813323975,29000,0.0,0.0
2018-05-25 00:00:00-04:00,6.345907727653032,6.424076557159424,6.324588401481421,6.424076557159424,46100,0.0,0.0
2018-05-29 00:00:00-04:00,6.409864022081317,6.43438009381864,6.374332491324824,6.381438255310059,47500,0.0,0.0
2018-05-30 00:00:00-04:00,6.395651160804566,6.427629470825195,6.381438277369805,6.427629470825195,43400,0.0,0.0
2018-05-31 00:00:00-04:00,6.420523798418919,6.4667149974089675,6.395651927135507,6.459608554840088,73800,0.0,0.0
2018-06-01 00:00:00-04:00,6.466714872616337,6.49158674341978,6.409864688577712,6.431183338165283,56900,0.0,0.0
2018-06-04 00:00:00-04:00,6.49513996463565,6.49513996463565,6.409153773251477,6.431183338165283,102600,0.0,0.0
2018-06-05 00:00:00-04:00,6.452502896295294,6.463162561443836,6.399205925968078,6.456056118011475,33100,0.0,0.0
2018-06-06 00:00:00-04:00,6.463162495245529,6.530671674038264,6.42407773447561,6.5164594650268555,142400,0.0,0.0
2018-06-07 00:00:00-04:00,6.512905026217634,6.539553844982046,6.441841961317612,6.4951395988464355,98200,0.0,0.0
2018-06-08 00:00:00-04:00,6.512904134090807,6.523563795677951,6.473819385978797,6.502244472503662,68800,0.0,0.0
2018-06-11 00:00:00-04:00,6.52711790172023,6.534223666034822,6.388544993117689,6.413416862487793,297800,0.0,0.0
2018-06-12 00:00:00-04:00,6.374333990825394,6.395652643211265,6.203782738615211,6.2535271644592285,451100,0.0,0.0
2018-06-13 00:00:00-04:00,6.292609335802679,6.292609335802679,6.200228310960769,6.21799373626709,885700,0.0,0.0
2018-06-14 00:00:00-04:00,6.217994508592611,6.249972820281982,6.161144327302088,6.249972820281982,482300,0.0,0.0
2018-06-15 00:00:00-04:00,6.27129222580399,6.2929666734769505,6.2179952591244625,6.235760688781738,340200,0.0,0.0
2018-06-18 00:00:00-04:00,6.257079601287842,6.28195147223619,6.217994845393206,6.257079601287842,203200,0.0,0.0
2018-06-19 00:00:00-04:00,6.281951131971353,6.317482664704835,6.217994508592611,6.249972820281982,115700,0.0,0.0
2018-06-20 00:00:00-04:00,6.253527164459229,6.2926112475487015,6.2108891819797485,6.2535271644592285,291600,0.0,0.0
2018-06-21 00:00:00-04:00,6.281951890222975,6.281951890222975,6.221548480597458,6.235760688781738,47300,0.0,0.0
2018-06-22 00:00:00-04:00,6.264185782857999,6.395652266528019,6.2286549235434485,6.235760688781738,111600,0.0,0.0
2018-06-25 00:00:00-04:00,6.239312382176181,6.271290689893586,6.200228310960769,6.21799373626709,266600,0.0,0.0
2018-06-26 00:00:00-04:00,6.217994721116373,6.274844904349968,6.215507534071248,6.228654384613037,240300,0.0,0.0
2018-06-27 00:00:00-04:00,6.232207744177721,6.249973172692372,6.214441637955413,6.221548080444336,198400,0.0,0.0
2018-06-28 00:00:00-04:00,6.334074705838557,6.334074705838557,6.072725633011334,6.185251235961914,416300,0.37,0.0
2018-06-29 00:00:00-04:00,6.203400652828641,6.203400652828641,6.134433454087433,6.17799186706543,179300,0.0,0.0
2018-07-02 00:00:00-04:00,6.207030094585038,6.2433286538485335,6.13806290121814,6.185251235961914,122400,0.0,0.0
2018-07-03 00:00:00-04:00,6.214289195807829,6.225178277638057,6.188879722750147,6.199769496917725,85600,0.0,0.0
2018-07-05 00:00:00-04:00,6.225178722797452,6.246957580352654,6.20702979022435,6.217918872833252,77600,0.0,0.0
2018-07-06 00:00:00-04:00,6.207028625961223,6.2469564086002025,6.188879004455078,6.210658550262451,134500,0.0,0.0
2018-07-09 00:00:00-04:00,6.2578466337425604,6.2578466337425604,6.185250219483431,6.221548080444336,206700,0.0,0.0
2018-07-10 00:00:00-04:00,6.236068926895734,6.279626645003679,6.217919300736218,6.257847785949707,107600,0.0,0.0
2018-07-11 00:00:00-04:00,6.2723663319967775,6.283255413350121,6.214288923654546,6.221548080444336,91100,0.0,0.0
2018-07-12 00:00:00-04:00,6.2142875220890845,6.246955451118537,6.185248824467334,6.203397750854492,140600,0.0,0.0
2018-07-13 00:00:00-04:00,6.19976874740854,6.236067297908207,6.185249742611033,6.22880744934082,145000,0.0,0.0
2018-07-16 00:00:00-04:00,6.217918428193005,6.232438127083109,6.188879722750147,6.199769496917725,69400,0.0,0.0
2018-07-17 00:00:00-04:00,6.243328227330719,6.348593280432416,6.2324384525943834,6.308664798736572,203900,0.0,0.0
2018-07-18 00:00:00-04:00,6.32318339959132,6.450227980088868,6.29487026713184,6.439338207244873,125900,0.0,0.0
2018-07-19 00:00:00-04:00,6.461115595720948,6.5264528332970215,6.424817745811668,6.479265213012695,151400,0.0,0.0
2018-07-20 00:00:00-04:00,6.4974143497997705,6.530082969652889,6.424817955277275,6.501044273376465,123400,0.0,0.0
2018-07-23 00:00:00-04:00,6.508307498043932,6.5300863584692,6.403041736703069,6.482898712158203,164800,0.0,0.0
2018-07-24 00:00:00-04:00,6.522825107718254,6.522825107718254,6.406670287260893,6.450228691101074,65700,0.0,0.0
2018-07-25 00:00:00-04:00,6.446599955358944,6.511937227000626,6.388522534419109,6.453859806060791,51800,0.0,0.0
2018-07-26 00:00:00-04:00,6.453858900980443,6.453858900980443,6.358756670200677,6.406670570373535,171800,0.0,0.0
2018-07-27 00:00:00-04:00,6.435710373509717,6.4901578707416325,6.3776329508173415,6.482898712158203,78600,0.0,0.0
2018-07-30 00:00:00-04:00,6.515563755259081,6.515563755259081,6.406305343875219,6.479265213012695,120200,0.0,0.0
2018-07-31 00:00:00-04:00,6.515565950692675,6.515565950692675,6.359482651076593,6.450228691101074,205000,0.0,0.0
2018-08-01 00:00:00-04:00,6.461115835644528,6.493784455645664,6.387793179139625,6.4683756828308105,86800,0.0,0.0
2018-08-02 00:00:00-04:00,6.464748344404882,6.511936677648571,6.421190628543302,6.490157127380371,95100,0.0,0.0
2018-08-03 00:00:00-04:00,6.461117463418943,6.533714568897168,6.461117463418943,6.50467586517334,121100,0.0,0.0
2018-08-06 00:00:00-04:00,6.533715773272639,6.533715773272639,6.461118654412413,6.4937872886657715,70800,0.0,0.0
2018-08-07 00:00:00-04:00,6.5264561200495805,6.5264561200495805,6.468378700142155,6.522826194763184,60500,0.0,0.0
2018-08-08 00:00:00-04:00,6.533715843022321,6.533715843022321,6.421190930691421,6.457489490509033,138700,0.0,0.0
2018-08-09 00:00:00-04:00,6.228806705267013,6.366741042221087,6.228806705267013,6.250585556030273,340000,0.0,0.0
2018-08-10 00:00:00-04:00,6.27962592921679,6.3050354029437985,6.2433280657100845,6.254217147827148,126400,0.0,0.0
2018-08-13 00:00:00-04:00,6.257845222353129,6.279624072485151,6.1925079796199,6.203397750854492,183800,0.0,0.0
2018-08-14 00:00:00-04:00,6.228807479431327,6.243327176636242,6.199768777358765,6.210658550262451,135300,0.0,0.0
2018-08-15 00:00:00-04:00,6.207029346362776,6.232438127083109,6.188879722750147,6.199769496917725,81200,0.0,0.0
2018-08-16 00:00:00-04:00,6.236066372221107,6.239696295965971,6.1779889769776055,6.203397750854492,89700,0.0,0.0
2018-08-17 00:00:00-04:00,6.1925079796199,6.228806524731379,6.156209434508421,6.203397750854492,214500,0.0,0.0
2018-08-20 00:00:00-04:00,6.1888797549848675,6.238246177598466,6.127172419055223,6.1816205978393555,119200,0.0,0.0
2018-08-21 00:00:00-04:00,6.19976803648329,6.279624284555656,6.17798918561577,6.225176811218262,52700,0.0,0.0
2018-08-22 00:00:00-04:00,6.2360686826613705,6.301405949601814,6.192510273921934,6.268737316131592,109400,0.0,0.0
2018-08-23 00:00:00-04:00,6.265105069842858,6.265105069842858,6.185248824467334,6.203397750854492,106100,0.0,0.0
2018-08-24 00:00:00-04:00,6.225179028048069,6.226994336796833,6.170731535321543,6.185251235961914,67600,0.0,0.0
2018-08-27 00:00:00-04:00,6.185251210765123,6.192510368718304,6.1707315101839,6.188880443572998,91600,0.0,0.0
2018-08-28 00:00:00-04:00,6.203398020478123,6.207027944380758,6.138060774905084,6.174359321594238,158100,0.0,0.0
2018-08-29 00:00:00-04:00,6.170731535321543,6.217919177727884,6.145322751538325,6.185251235961914,89900,0.0,0.0
2018-08-30 00:00:00-04:00,6.170732016179516,6.203400652828641,6.170732016179516,6.17799186706543,77400,0.0,0.0
2018-08-31 00:00:00-04:00,6.170730354000094,6.170730354000094,6.141691650615938,6.167100429534912,135300,0.0,0.0
2018-09-04 00:00:00-04:00,6.177991882576927,6.188880966595651,6.141693320393707,6.156212329864502,53500,0.0,0.0
2018-09-05 00:00:00-04:00,6.177990440029295,6.177990440029295,6.14169188632171,6.1707305908203125,105400,0.0,0.0
2018-09-06 00:00:00-04:00,6.152582222539641,6.188880087227869,6.090874883297308,6.0981340408325195,177600,0.0,0.0
2018-09-07 00:00:00-04:00,6.0836150334247066,6.119913590450324,6.079985108488406,6.0981340408325195,111200,0.0,0.0
2018-09-10 00:00:00-04:00,6.116283337168278,6.221548385320406,6.1017636382025495,6.1816205978393555,181100,0.0,0.0
2018-09-11 00:00:00-04:00,6.210660019745131,6.210660019745131,6.123543892915201,6.185251235961914,102700,0.0,0.0
2018-09-12 00:00:00-04:00,6.207029661587516,6.225178593784492,6.134432548124843,6.145322322845459,97700,0.0,0.0
2018-09-13 00:00:00-04:00,6.1816189591265776,6.207027733243527,6.138423350790595,6.152580261230469,99400,0.0,0.0
2018-09-14 00:00:00-04:00,6.228808647779553,6.228808647779553,6.170731232740749,6.217918872833252,269200,0.0,0.0
2018-09-17 00:00:00-04:00,6.217916933716792,6.268735175280643,6.207027854503753,6.250585556030273,94500,0.0,0.0
2018-09-18 00:00:00-04:00,6.261476792721638,6.279625723881545,6.221548313365028,6.232438087463379,150600,0.0,0.0
2018-09-19 00:00:00-04:00,6.27236724122133,6.275997166311068,6.243328532840846,6.268737316131592,93400,0.0,0.0
2018-09-20 00:00:00-04:00,6.2868862879900504,6.2868862879900504,6.22880887087114,6.24332857131958,86800,0.0,0.0
2018-09-21 00:00:00-04:00,6.265107429654815,6.27962643776583,6.225178945759031,6.24332857131958,165300,0.0,0.0
2018-09-24 00:00:00-04:00,6.210660467831737,6.261478039064556,6.1925108407218135,6.196140766143799,60700,0.0,0.0
2018-09-25 00:00:00-04:00,6.243326219710835,6.243326219710835,6.188878055875035,6.203397750854492,104800,0.0,0.0
2018-09-26 00:00:00-04:00,6.207030094585038,6.232438878368256,6.174361460481635,6.185251235961914,152900,0.0,0.0
2018-09-27 00:00:00-04:00,6.233483092746341,6.266876810304591,6.214931341971282,6.237193584442139,231800,0.37,0.0
2018-09-28 00:00:00-04:00,6.22977673534612,6.259459977535377,6.185251518210076,6.196382999420166,204200,0.0,0.0
2018-10-01 00:00:00-04:00,6.248325059529532,6.278008285391984,6.17040614932564,6.237193584442139,178800,0.0,0.0
2018-10-02 00:00:00-04:00,6.211222770561901,6.300272475680218,6.155566793325971,6.181539535522461,190700,0.0,0.0
2018-10-03 00:00:00-04:00,6.196381436548689,6.233484949148654,6.122172995940482,6.16298770904541,196500,0.0,0.0
2018-10-04 00:00:00-04:00,6.148145862250058,6.157421740587748,5.932942229376573,5.9514946937561035,424600,0.0,0.0
2018-10-05 00:00:00-04:00,5.955203227537585,6.018280177765076,5.93665147476056,5.996017932891846,302300,0.0,0.0
2018-10-08 00:00:00-04:00,5.977469237908948,5.992310506181867,5.877288023175371,5.888419151306152,252100,0.0,0.0
2018-10-09 00:00:00-04:00,5.665792815614181,5.843521027318137,5.665792815614181,5.814208984375,439200,0.0,0.0
2018-10-10 00:00:00-04:00,5.784526760268215,5.825341125338264,5.732580915209145,5.736291408538818,315700,0.0,0.0
2018-10-11 00:00:00-04:00,5.721449789072245,5.773395634131314,5.721449789072245,5.736291408538818,158600,0.0,0.0
2018-10-12 00:00:00-04:00,5.7882365474746695,5.877286253410691,5.706607473440611,5.740001201629639,169800,0.0,0.0
2018-10-15 00:00:00-04:00,5.788237100378521,5.832761957599635,5.7548433689996585,5.821630477905273,93800,0.0,0.0
2018-10-16 00:00:00-04:00,5.843892186597932,5.843892186597932,5.762263117293861,5.806787967681885,153300,0.0,0.0
2018-10-17 00:00:00-04:00,5.825341163014414,5.9589157390774945,5.788237291034065,5.903259754180908,229500,0.0,0.0
2018-10-18 00:00:00-04:00,5.884707388490719,5.925522105923692,5.851314011298433,5.8995490074157715,150600,0.0,0.0
2018-10-19 00:00:00-04:00,5.895837886651257,5.951494213744718,5.848344572455994,5.921810626983643,141300,0.0,0.0
2018-10-22 00:00:00-04:00,5.940363718941108,5.942218611684302,5.858734638008449,5.866155624389648,100500,0.0,0.0
2018-10-23 00:00:00-04:00,5.821630698161861,5.910680769825334,5.821630698161861,5.847603797912598,217200,0.0,0.0
2018-10-24 00:00:00-04:00,5.851313203491234,5.958914660453784,5.80678799901093,5.814208984375,225400,0.0,0.0
2018-10-25 00:00:00-04:00,5.873574956175038,5.932941418669094,5.840181232559125,5.869864463806152,171100,0.0,0.0
2018-10-26 00:00:00-04:00,5.836471773363993,5.85873437766621,5.777105300360869,5.799367904663086,104500,0.0,0.0
2018-10-29 00:00:00-04:00,5.821631237054761,5.910681316961363,5.806789616045687,5.832762718200684,70100,0.0,0.0
2018-10-30 00:00:00-04:00,5.858733835003246,5.866154820367316,5.740000899994591,5.814208984375,154000,0.0,0.0
2018-10-31 00:00:00-04:00,5.843891054391861,5.988596701654387,5.843891054391861,5.936651229858398,254200,0.0,0.0
2018-11-01 00:00:00-04:00,5.932941974068544,6.010860905701238,5.899548247326549,5.918100357055664,121200,0.0,0.0
2018-11-02 00:00:00-04:00,5.940361862426725,5.962624106908591,5.829049578461405,5.884705543518066,259900,0.0,0.0
2018-11-05 00:00:00-05:00,5.884706661358993,5.973756717758123,5.869865044267815,5.925521373748779,127600,0.0,0.0
2018-11-06 00:00:00-05:00,5.918100611725024,5.962625464679669,5.888417376421928,5.9514946937561035,144700,0.0,0.0
2018-11-07 00:00:00-05:00,5.973756943307388,6.0294129210376735,5.89954850119757,5.9514946937561035,263800,0.0,0.0
2018-11-08 00:00:00-05:00,5.947782672778324,6.018279896195964,5.8995469854883895,5.929230213165283,215300,0.0,0.0
2018-11-09 00:00:00-05:00,5.925521373748779,6.0219917079154035,5.899548278450171,5.925521373748779,202000,0.0,0.0
2018-11-12 00:00:00-05:00,5.91810040596981,5.936652515852261,5.825340210409618,5.840181827545166,196200,0.0,0.0
2018-11-13 00:00:00-05:00,5.803078594022899,5.9329426696478675,5.803078594022899,5.880997180938721,267700,0.0,0.0
2018-11-14 00:00:00-05:00,5.892128784599917,5.932943151018889,5.817920684814453,5.817920684814453,179900,0.0,0.0
2018-11-15 00:00:00-05:00,5.814209584932198,5.8587344401594725,5.765974236639625,5.784526348114014,126700,0.0,0.0
2018-11-16 00:00:00-05:00,5.751133028005393,5.791947393075442,5.725160282401918,5.736291408538818,149500,0.0,0.0
2018-11-19 00:00:00-05:00,5.75113192274309,5.821629513197942,5.75113192274309,5.788236141204834,135000,0.0,0.0
2018-11-20 00:00:00-05:00,5.788235777917385,5.816063763091098,5.70660671473607,5.7288689613342285,343700,0.0,0.0
2018-11-21 00:00:00-05:00,5.743711331082893,5.743711331082893,5.580453537138915,5.676924228668213,445200,0.0,0.0
2018-11-23 00:00:00-05:00,5.6583720574422784,5.721449020161276,5.606426219364259,5.691765785217285,74000,0.0,0.0
2018-11-26 00:00:00-05:00,5.702895895920725,5.788235446600939,5.695475265430103,5.706606388092041,147300,0.0,0.0
2018-11-27 00:00:00-05:00,5.721448029028272,5.743710274453714,5.662081569424411,5.6843438148498535,154600,0.0,0.0
2018-11-28 00:00:00-05:00,5.7103176535580245,5.751132011413574,5.691765544041118,5.751132011413574,196200,0.0,0.0
2018-11-29 00:00:00-05:00,5.728870645136566,5.754843745604346,5.624979304821847,5.73258113861084,318400,0.0,0.0
2018-11-30 00:00:00-05:00,5.728869409222875,5.7696841209304806,5.669502941850419,5.751132011413574,201600,0.0,0.0
2018-12-03 00:00:00-05:00,5.817921226441332,5.817921226441332,5.73629213215189,5.803079605102539,278800,0.0,0.0
2018-12-04 00:00:00-05:00,5.769685169513088,5.769685169513088,5.64724171984151,5.680635452270508,176000,0.0,0.0
2018-12-06 00:00:00-05:00,5.617557738781931,5.639819988226071,5.517376554727076,5.550770282745361,305200,0.0,0.0
2018-12-07 00:00:00-05:00,5.580453083949069,5.589728961520789,5.450588674832712,5.472851276397705,525200,0.0,0.0
2018-12-10 00:00:00-05:00,5.509956216968671,5.532218467601107,5.313304331220299,5.350408554077148,728500,0.0,0.0
2018-12-11 00:00:00-05:00,5.350408126419172,5.424616212349328,5.2687790549699685,5.272489547729492,529400,0.0,0.0
2018-12-12 00:00:00-05:00,5.298462033905402,5.383801593999946,5.257647677074476,5.2687788009643555,376400,0.0,0.0
2018-12-13 00:00:00-05:00,5.279910612996414,5.305883710593995,5.164888158821746,5.168598651885986,566300,0.0,0.0
2018-12-14 00:00:00-05:00,5.157467521044773,5.235386111396195,5.1166531561376924,5.135205268859863,371800,0.0,0.0
2018-12-17 00:00:00-05:00,5.098100935938521,5.150788807571969,4.897738901237727,4.92000150680542,634500,0.0,0.0
2018-12-18 00:00:00-05:00,4.953394746342545,5.0832588120598095,4.953394746342545,5.038733959197998,392200,0.0,0.0
2018-12-19 00:00:00-05:00,5.038734594846064,5.049865721002715,4.945974384552356,4.986788749694824,710000,0.0,0.0
2018-12-20 00:00:00-05:00,4.979367841836964,5.046155302792079,4.704797719458092,4.760453701019287,430000,0.0,0.0
2018-12-21 00:00:00-05:00,4.782715645818465,4.849502743703159,4.689955453451675,4.804977893829346,564000,0.0,0.0
2018-12-24 00:00:00-05:00,4.808688579921811,4.864344556040334,4.7307700010446405,4.823530197143555,291900,0.0,0.0
2018-12-26 00:00:00-05:00,4.864343666035354,4.957103845162396,4.838370929112423,4.927420616149902,527800,0.0,0.0
2018-12-27 00:00:00-05:00,4.946804365265251,5.0204635139156775,4.888652055542372,5.012710094451904,777900,0.57,0.0
2018-12-28 00:00:00-05:00,4.997205397576582,5.0553573668076925,4.911915522279243,4.939053058624268,762600,0.0,0.0
2018-12-31 00:00:00-05:00,4.865392812421646,4.942928877736026,4.7258275251346396,4.8072404861450195,1138100,0.0,0.0
2019-01-02 00:00:00-05:00,4.783979371942597,5.055355758205111,4.749088053617787,4.966189384460449,380700,0.0,0.0
2019-01-03 00:00:00-05:00,4.973942890516571,5.222058648624762,4.973942890516571,5.105754375457764,590300,0.0,0.0
2019-01-04 00:00:00-05:00,5.156152552009354,5.365500081442705,5.156152552009354,5.291840553283691,338500,0.0,0.0
2019-01-07 00:00:00-05:00,5.299594854095598,5.578725043473607,5.299594854095598,5.528326511383057,324800,0.0,0.0
2019-01-08 00:00:00-05:00,5.547712064585873,5.609740929560835,5.501190046133452,5.559342384338379,570500,0.0,0.0
2019-01-09 00:00:00-05:00,5.586478194259382,5.590355089552759,5.446913291187612,5.524449348449707,334800,0.0,0.0
2019-01-10 00:00:00-05:00,5.512819565695062,5.574848417506469,5.501188878689582,5.532203674316406,141900,0.0,0.0
2019-01-11 00:00:00-05:00,5.512819590209211,5.609739764025795,5.497312377187402,5.578725337982178,204400,0.0,0.0
2019-01-14 00:00:00-05:00,5.586478034464184,5.667890984690925,5.536079506255147,5.605862140655518,204300,0.0,0.0
2019-01-15 00:00:00-05:00,5.605863101883909,5.679522274375907,5.605863101883909,5.621370315551758,249000,0.0,0.0
2019-01-16 00:00:00-05:00,5.679521099725254,5.679521099725254,5.617492257882795,5.625246047973633,277100,0.0,0.0
2019-01-17 00:00:00-05:00,5.698904463190885,5.698904463190885,5.609738107082749,5.636875629425049,177100,0.0,0.0
2019-01-18 00:00:00-05:00,5.656260463797641,5.729919620988916,5.632224158202978,5.695028305053711,279600,0.0,0.0
2019-01-22 00:00:00-05:00,5.67952317608665,5.698907288679269,5.574849559640424,5.598110198974609,192400,0.0,0.0
2019-01-23 00:00:00-05:00,5.605863507962857,5.648508256208268,5.5593418635893626,5.582602500915527,148200,0.0,0.0
2019-01-24 00:00:00-05:00,5.5903536049744496,5.706657844842296,5.570969503376311,5.6601362228393555,222300,0.0,0.0
2019-01-25 00:00:00-05:00,5.664015376778585,5.737674923102164,5.656261954372563,5.733798027038574,264300,0.0,0.0
2019-01-28 00:00:00-05:00,5.726044112418421,5.737674429888284,5.664014889896523,5.702783107757568,200400,0.0,0.0
2019-01-29 00:00:00-05:00,5.7144138962798685,5.733798006808269,5.648508142316002,5.687276363372803,167800,0.0,0.0
2019-01-30 00:00:00-05:00,5.722166291466854,5.757057607955967,5.664013974077976,5.749303817749023,315900,0.0,0.0
2019-01-31 00:00:00-05:00,5.733797789334488,5.795826644895787,5.704721809505271,5.79194974899292,373400,0.0,0.0
2019-02-01 00:00:00-05:00,5.795825460413235,5.815209566244931,5.718289406807516,5.764811038970947,419900,0.0,0.0
2019-02-04 00:00:00-05:00,5.7764419353255505,5.853978366447588,5.753181301765823,5.850101470947266,258700,0.0,0.0
2019-02-05 00:00:00-05:00,5.842347914155578,5.892746448516846,5.817148831835504,5.892746448516846,362500,0.0,0.0
2019-02-06 00:00:00-05:00,5.877239675494275,5.892746889556747,5.795826709236008,5.815210819244385,374700,0.0,0.0
2019-02-07 00:00:00-05:00,5.7958254709421855,5.830716787558411,5.745426943576645,5.780318260192871,207100,0.0,0.0
2019-02-08 00:00:00-05:00,5.757058851833591,5.822964603948028,5.714413735923575,5.799703598022461,283300,0.0,0.0
2019-02-11 00:00:00-05:00,5.803580501127818,5.84622524736933,5.78419639111944,5.815210819244385,406900,0.0,0.0
2019-02-12 00:00:00-05:00,5.830718145371987,5.877239788453541,5.660138787406292,5.710536956787109,870500,0.0,0.0
2019-02-13 00:00:00-05:00,5.722167032119516,5.788072778524827,5.722167032119516,5.753181457519531,195200,0.0,0.0
2019-02-14 00:00:00-05:00,5.733797774740362,5.819087635780634,5.726044352675506,5.760935306549072,308800,0.0,0.0
2019-02-15 00:00:00-05:00,5.764811791600973,5.846224750946185,5.764811791600973,5.784195899963379,136100,0.0,0.0
2019-02-19 00:00:00-05:00,5.788072039913197,5.803579250634341,5.7454269331392505,5.764811038970947,170500,0.0,0.0
2019-02-20 00:00:00-05:00,5.753181962994495,5.822964611136195,5.753181962994495,5.815210819244385,251900,0.0,0.0
2019-02-21 00:00:00-05:00,5.830718294349806,5.830718294349806,5.7841966500796005,5.8035807609558105,189000,0.0,0.0
2019-02-22 00:00:00-05:00,5.8074563863054935,5.91213034696377,5.768688540289215,5.896623134613037,410500,0.0,0.0
2019-02-25 00:00:00-05:00,5.912130311007448,5.912130311007448,5.7997029297181175,5.834594249725342,193500,0.0,0.0
2019-02-26 00:00:00-05:00,5.834594703282391,5.850101916744278,5.776442375509464,5.7880730628967285,251100,0.0,0.0
2019-02-27 00:00:00-05:00,5.985790347481111,5.985790347481111,5.788073454882352,5.836533546447754,640200,0.0,0.0
2019-02-28 00:00:00-05:00,5.834593693218667,5.842347113746801,5.7570576393319906,5.795825481414795,507200,0.0,0.0
2019-03-01 00:00:00-05:00,5.82684233982636,5.82684233982636,5.698907704979245,5.741552829742432,380800,0.0,0.0
2019-03-04 00:00:00-05:00,5.745427199882109,5.822963626808678,5.737673779022104,5.768688201904297,227700,0.0,0.0
2019-03-05 00:00:00-05:00,5.780319173758533,5.788072965219193,5.543834080025309,5.702783107757568,822300,0.0,0.0
2019-03-06 00:00:00-05:00,5.718290102264028,5.753181423060338,5.6795218858856575,5.691152572631836,243400,0.0,0.0
2019-03-07 00:00:00-05:00,5.695029510814487,5.745428047866791,5.656261661350425,5.667891979217529,336800,0.0,0.0
2019-03-08 00:00:00-05:00,5.652384109014531,5.755119619118717,5.652384109014531,5.718289852142334,396800,0.0,0.0
2019-03-11 00:00:00-04:00,5.737673533430055,5.81133269219213,5.72604321777732,5.795825481414795,448900,0.0,0.0
2019-03-12 00:00:00-04:00,5.8268423478193725,5.8268423478193725,5.760936581932425,5.772567272186279,298700,0.0,0.0
2019-03-13 00:00:00-04:00,5.807457020183553,5.81908770800691,5.772566065876921,5.799703598022461,524900,0.0,0.0
2019-03-14 00:00:00-04:00,5.842347889211886,5.877239210522343,5.803580041983357,5.846224784851074,695200,0.0,0.0
2019-03-15 00:00:00-04:00,5.846224050566809,5.865608156606992,5.8345937348311265,5.85785436630249,434300,0.0,0.0
2019-03-18 00:00:00-04:00,5.87336211346055,5.882279047069106,5.84622458435913,5.8656086921691895,198000,0.0,0.0
2019-03-19 00:00:00-04:00,5.896622828289143,5.900499723605702,5.815209875246844,5.830717086791992,347900,0.0,0.0
2019-03-20 00:00:00-04:00,5.822963377565933,5.852039351558303,5.7841951657620605,5.795825481414795,312300,0.0,0.0
2019-03-21 00:00:00-04:00,5.7841966500796005,5.826841398230331,5.768689435322866,5.8035807609558105,230300,0.0,0.0
2019-03-22 00:00:00-04:00,5.803581706754111,5.830719244570657,5.766751927059352,5.772567272186279,204000,0.0,0.0
2019-03-25 00:00:00-04:00,5.780319423668942,5.815210747308174,5.74542810002971,5.776442527770996,282500,0.0,0.0
2019-03-26 00:00:00-04:00,5.78419759271891,5.830719244570657,5.772567272186279,5.772567272186279,325700,0.0,0.0
2019-03-27 00:00:00-04:00,5.791950053084272,5.803192903904406,5.733798090372721,5.757059097290039,405800,0.0,0.0
2019-03-28 00:00:00-04:00,5.8325996016322925,5.8325996016322925,5.763021821301184,5.784889221191406,342700,0.37,0.0
2019-03-29 00:00:00-04:00,5.7928405455663725,5.8365753437151975,5.749106126585932,5.7570576667785645,301100,0.0,0.0
2019-04-01 00:00:00-04:00,5.768986179633924,5.848503486138399,5.768986179633924,5.836575984954834,240100,0.0,0.0
2019-04-02 00:00:00-04:00,5.844527743420894,5.892238129098269,5.828624281528435,5.8763346672058105,335700,0.0,0.0
2019-04-03 00:00:00-04:00,5.888261578737935,5.9081406184549,5.844526781356505,5.8604302406311035,335400,0.0,0.0
2019-04-04 00:00:00-04:00,5.860430072171332,5.912116408120133,5.856454112674878,5.8842854499816895,242600,0.0,0.0
2019-04-05 00:00:00-04:00,5.884285079250305,5.933983432319702,5.884285079250305,5.896212577819824,486600,0.0,0.0
2019-04-08 00:00:00-04:00,5.888262455836892,5.901382821172018,5.864407073787374,5.880310535430908,157000,0.0,0.0
2019-04-09 00:00:00-04:00,5.8683814379151,5.87633297699,5.776936273959602,5.804767608642578,197000,0.0,0.0
2019-04-10 00:00:00-04:00,5.808743415736452,5.886273104966289,5.808743415736452,5.844526290893555,234700,0.0,0.0
2019-04-11 00:00:00-04:00,5.848503589630127,5.872358971587813,5.828624167860126,5.848503589630127,141800,0.0,0.0
2019-04-12 00:00:00-04:00,5.86440570811065,5.908140122653582,5.828622832953547,5.844526290893555,266600,0.0,0.0
2019-04-15 00:00:00-04:00,5.836574538903673,5.869573938030095,5.820671081542969,5.820671081542969,209900,0.0,0.0
2019-04-16 00:00:00-04:00,5.832600450952005,5.920069684081413,5.832600450952005,5.904166221618652,384600,0.0,0.0
2019-04-17 00:00:00-04:00,5.931996973413636,5.931996973413636,5.848503703686118,5.8763346672058105,216300,0.0,0.0
2019-04-18 00:00:00-04:00,5.89223803687145,5.912117458717975,5.868383033990367,5.880310535430908,231700,0.0,0.0
2019-04-22 00:00:00-04:00,5.872357950660694,5.912116408120133,5.872357950660694,5.8842854499816895,119700,0.0,0.0
2019-04-23 00:00:00-04:00,5.884286146901494,5.947899989705552,5.884286146901494,5.924044609069824,253200,0.0,0.0
2019-04-24 00:00:00-04:00,5.9280195236206055,5.9638023986796185,5.908140106458005,5.9280195236206055,320600,0.0,0.0
2019-04-25 00:00:00-04:00,5.935972305364394,5.971755185626968,5.9001894251018205,5.9319963455200195,288300,0.0,0.0
2019-04-26 00:00:00-04:00,5.939947254727799,5.9757301311872775,5.928019755630759,5.971754550933838,196500,0.0,0.0
2019-04-29 00:00:00-04:00,5.939948294725957,5.979707137568428,5.939948294725957,5.967779636383057,138800,0.0,0.0
2019-04-30 00:00:00-04:00,5.959827318810585,5.975730779053618,5.928020398324518,5.94789981842041,191500,0.0,0.0
2019-05-01 00:00:00-04:00,5.947900679891103,5.995611067530389,5.939948759033661,5.951876640319824,212400,0.0,0.0
2019-05-02 00:00:00-04:00,5.9797078003948085,5.991635302902295,5.943924913703881,5.9598283767700195,167300,0.0,0.0
2019-05-03 00:00:00-04:00,5.920068320411348,5.987658115101084,5.920068320411348,5.983682155609131,128300,0.0,0.0
2019-05-06 00:00:00-04:00,5.935971779210793,5.998392750727318,5.924043900734934,5.983682155609131,162000,0.0,0.0
2019-05-07 00:00:00-04:00,5.951874900049396,5.987657775108409,5.9041645263601605,5.9280195236206055,143600,0.0,0.0
2019-05-08 00:00:00-04:00,5.963803235837967,6.150669176728042,5.888261895018115,6.130789756774902,731200,0.0,0.0
2019-05-09 00:00:00-04:00,6.118862755285385,6.166573139561273,6.0751279519895,6.162597179412842,257200,0.0,0.0
2019-05-10 00:00:00-04:00,6.142715973422246,6.162595389221139,6.087054064187328,6.091029644012451,211100,0.0,0.0
2019-05-13 00:00:00-04:00,6.0433204467269235,6.087055245807962,6.0075375671763975,6.019465446472168,251000,0.0,0.0
2019-05-14 00:00:00-04:00,5.9797078003948085,6.0671770368428,5.947900874262533,5.9598283767700195,791700,0.0,0.0
2019-05-15 00:00:00-04:00,5.904164152557771,5.9439226051974545,5.828622447956225,5.840549945831299,1089400,0.0,0.0
2019-05-16 00:00:00-04:00,5.832598746557931,5.904164496311733,5.8007918309269835,5.896212577819824,940400,0.0,0.0
2019-05-17 00:00:00-04:00,5.876333205498545,6.027416245480002,5.870369645752553,5.943922996520996,498500,0.0,0.0
2019-05-20 00:00:00-04:00,5.943924486145362,5.963803908340185,5.88826255900199,5.892238140106201,239700,0.0,0.0
2019-05-21 00:00:00-04:00,5.931997646728877,5.959828613407541,5.852480328240919,5.872359752655029,278900,0.0,0.0
2019-05-22 00:00:00-04:00,5.8644065476422895,5.8763340480127155,5.8127202071459125,5.8166961669921875,503400,0.0,0.0
2019-05-23 00:00:00-04:00,5.808744247299638,5.844527127579314,5.792840787082937,5.8166961669921875,395500,0.0,0.0
2019-05-24 00:00:00-04:00,5.832600521824647,5.888262830704894,5.824648600912415,5.868383407592773,219100,0.0,0.0
2019-05-28 00:00:00-04:00,5.880311294919583,5.904166680050212,5.804769937148144,5.872359752655029,605500,0.0,0.0
2019-05-29 00:00:00-04:00,5.908141935541184,5.995611170634948,5.864407507578532,5.963804244995117,738400,0.0,0.0
2019-05-30 00:00:00-04:00,5.975730938801286,6.039344781473991,5.892237675501257,5.908141136169434,485000,0.0,0.0
2019-05-31 00:00:00-04:00,5.872357412757343,5.888260870118048,5.81271916327845,5.820671081542969,490600,0.0,0.0
2019-06-03 00:00:00-04:00,5.808743032052223,5.848501863860228,5.808743032052223,5.840549945831299,294400,0.0,0.0
2019-06-04 00:00:00-04:00,5.892238797900656,5.898202738975434,5.816697440129217,5.872359752655029,375800,0.0,0.0
2019-06-05 00:00:00-04:00,5.868383011400127,5.887466937797843,5.82464820767244,5.848503589630127,300800,0.0,0.0
2019-06-06 00:00:00-04:00,5.852479663951343,5.912117551255952,5.852479663951343,5.8763346672058105,213200,0.0,0.0
2019-06-07 00:00:00-04:00,5.888262759155892,5.916093723673609,5.852479873822568,5.904166221618652,177200,0.0,0.0
2019-06-10 00:00:00-04:00,5.920069016046875,5.955851518173962,5.892237675501257,5.908141136169434,449600,0.0,0.0
2019-06-11 00:00:00-04:00,5.916093555376072,5.951876439691466,5.896214133071027,5.939948558807373,260900,0.0,0.0
2019-06-12 00:00:00-04:00,5.935973279852382,5.979707707815033,5.928021358858193,5.963804244995117,268900,0.0,0.0
2019-06-13 00:00:00-04:00,5.983682864786806,6.059224208245136,5.959827484176148,6.039344787597656,606400,0.0,0.0
2019-06-14 00:00:00-04:00,6.043320059647328,6.063199478031926,6.011513141899319,6.015489101409912,303300,0.0,0.0
2019-06-17 00:00:00-04:00,6.0115144688541,6.043321393623027,5.971756002477166,6.003562927246094,397300,0.0,0.0
2019-06-18 00:00:00-04:00,6.0393440511561165,6.083078847081206,6.015489052622764,6.067175388336182,273000,0.0,0.0
2019-06-19 00:00:00-04:00,6.083079582702725,6.162596886043802,6.063200162075353,6.154644966125488,320100,0.0,0.0
2019-06-20 00:00:00-04:00,6.162597121287363,6.162597121287363,6.011514049587849,6.083079814910889,877700,0.0,0.0
2019-06-21 00:00:00-04:00,6.083080676136467,6.118863563864028,6.047297788408906,6.087056636810303,421900,0.0,0.0
2019-06-24 00:00:00-04:00,6.1188631372211555,6.186055199582644,6.1188631372211555,6.166573524475098,509400,0.0,0.0
2019-06-25 00:00:00-04:00,6.186451186343488,6.186451186343488,6.106933517719488,6.126812934875488,417600,0.0,0.0
2019-06-26 00:00:00-04:00,6.134766170541004,6.158621172915203,6.083079826505672,6.098983287811279,492900,0.0,0.0
2019-06-27 00:00:00-04:00,6.131750885811761,6.172710910462908,6.111680055761306,6.1358466148376465,447800,0.45,0.0
2019-06-28 00:00:00-04:00,6.139943715495002,6.258728470028755,6.139943715495002,6.242344379425049,396600,0.0,0.0
2019-07-01 00:00:00-04:00,6.266919325138383,6.299687499101326,6.197286857810266,6.22186279296875,291100,0.0,0.0
2019-07-02 00:00:00-04:00,6.2341513260580275,6.258727261905925,6.213671119099808,6.217767238616943,206000,0.0,0.0
2019-07-03 00:00:00-04:00,6.2341534556030505,6.299689827754172,6.21776936256527,6.279209613800049,126200,0.0,0.0
2019-07-05 00:00:00-04:00,6.262824535369873,6.303784956833408,6.225960234178196,6.262824535369873,360300,0.0,0.0
2019-07-08 00:00:00-04:00,6.266920655641732,6.2996888365615495,6.250536565181823,6.262824535369873,415500,0.0,0.0
2019-07-09 00:00:00-04:00,6.238248027131443,6.311976627420094,6.238248027131443,6.271016597747803,306800,0.0,0.0
2019-07-10 00:00:00-04:00,6.266921109614188,6.328361355632661,6.24971787197922,6.299689292907715,241600,0.0,0.0
2019-07-11 00:00:00-04:00,6.29149659601783,6.29559271628969,6.239067740922641,6.262824535369873,366600,0.0,0.0
2019-07-12 00:00:00-04:00,6.266920655641732,6.297640776425619,6.246440444909964,6.262824535369873,176700,0.0,0.0
2019-07-15 00:00:00-04:00,6.283303260803223,6.332455520563937,6.262823054912733,6.283303260803223,229100,0.0,0.0
2019-07-16 00:00:00-04:00,6.295592502436591,6.307880472207234,6.230056142823142,6.254632472991943,269700,0.0,0.0
2019-07-17 00:00:00-04:00,6.27511143854856,6.287399797274647,6.176806912504644,6.2136712074279785,295000,0.0,0.0
2019-07-18 00:00:00-04:00,6.21367209160129,6.225960061448428,6.172711671274138,6.180903911590576,271500,0.0,0.0
2019-07-19 00:00:00-04:00,6.164519821585219,6.21367209160129,6.160423701427,6.180903911590576,199000,0.0,0.0
2019-07-22 00:00:00-04:00,6.16861695097682,6.209576987377831,6.139944495805771,6.160424709320068,292800,0.0,0.0
2019-07-23 00:00:00-04:00,6.160423542745734,6.180903752381777,6.1317514836317795,6.152231693267822,366300,0.0,0.0
2019-07-24 00:00:00-04:00,6.156327581268781,6.205479851284852,6.144039611421643,6.180903911590576,299600,0.0,0.0
2019-07-25 00:00:00-04:00,6.185001373291016,6.234153653968339,6.17680913119766,6.185001373291016,505100,0.0,0.0
2019-07-26 00:00:00-04:00,6.189096249842176,6.25872873551856,6.144040096427625,6.234152793884277,400500,0.0,0.0
2019-07-29 00:00:00-04:00,6.242343778133258,6.250536017959763,6.217767839908735,6.230055809020996,230500,0.0,0.0
2019-07-30 00:00:00-04:00,6.221863306228723,6.266919842115203,6.221863306228723,6.238247394561768,225300,0.0,0.0
2019-07-31 00:00:00-04:00,6.234151466321167,6.2464394345215855,6.172710844064148,6.193191051483154,196000,0.0,0.0
2019-08-01 00:00:00-04:00,6.185000441527341,6.197288412188602,6.139943898056813,6.148136138916016,232400,0.0,0.0
2019-08-02 00:00:00-04:00,6.164517103350922,6.164517103350922,6.086692417171513,6.119460582733154,358700,0.0,0.0
2019-08-05 00:00:00-04:00,6.103079920884818,6.103079920884818,5.947431242535625,5.97610330581665,407600,0.0,0.0
2019-08-06 00:00:00-04:00,5.988389989238893,6.066214702303668,5.988389989238893,6.041638374328613,225700,0.0,0.0
2019-08-07 00:00:00-04:00,6.0457328951667435,6.0457328951667435,5.6770904168015255,5.742627143859863,1081200,0.0,0.0
2019-08-08 00:00:00-04:00,5.738532634801011,5.918757610538206,5.734436514968294,5.824549198150635,762800,0.0,0.0
2019-08-09 00:00:00-04:00,5.820453488445176,5.861413908403573,5.664804439481794,5.701668739318848,889700,0.0,0.0
2019-08-12 00:00:00-04:00,5.672996022225828,5.68241678491104,5.554211286866616,5.619747638702393,524100,0.0,0.0
2019-08-13 00:00:00-04:00,5.619747638702393,5.705764198143716,5.611555399409186,5.619747638702393,312900,0.0,0.0
2019-08-14 00:00:00-04:00,5.582883209242274,5.582883209242274,5.492770532315541,5.5173468589782715,470100,0.0,0.0
2019-08-15 00:00:00-04:00,5.513250514859163,5.595170949352308,5.513250514859163,5.541922569274902,241000,0.0,0.0
2019-08-16 00:00:00-04:00,5.566499204193539,5.648419643237922,5.533731028575785,5.640227794647217,234500,0.0,0.0
2019-08-19 00:00:00-04:00,5.640229027052842,5.720510801418902,5.623844545036445,5.681189060211182,292700,0.0,0.0
2019-08-20 00:00:00-04:00,5.689380697296302,5.795877084705522,5.685284577227002,5.7590131759643555,333600,0.0,0.0
2019-08-21 00:00:00-04:00,5.771301406987109,5.902374130122266,5.771301406987109,5.8368377685546875,428400,0.0,0.0
2019-08-22 00:00:00-04:00,5.853220550949619,5.902372811141433,5.828644225539991,5.849124431610107,273100,0.0,0.0
2019-08-23 00:00:00-04:00,5.836837094355415,5.865509151572507,5.763108500794342,5.791780948638916,394600,0.0,0.0
2019-08-26 00:00:00-04:00,5.808164372232278,5.84912439347804,5.808164372232278,5.832740306854248,146200,0.0,0.0
2019-08-27 00:00:00-04:00,5.832741599359978,5.873702020309798,5.754917268308349,5.767205238342285,141800,0.0,0.0
2019-08-28 00:00:00-04:00,5.7753975272419655,5.849125738691726,5.750821196340359,5.8368377685546875,222900,0.0,0.0
2019-08-29 00:00:00-04:00,5.865510850772381,5.881894944018152,5.820454692003409,5.869606971740723,172900,0.0,0.0
2019-08-30 00:00:00-04:00,5.8941828043745135,5.9187587468339835,5.865510350668383,5.906470775604248,183800,0.0,0.0
2019-09-03 00:00:00-04:00,5.898279037263923,5.898279037263923,5.8368387852491805,5.869606971740723,168800,0.0,0.0
2019-09-04 00:00:00-04:00,5.881892605071317,5.898276691801922,5.832740344879502,5.849124431610107,257100,0.0,0.0
2019-09-05 00:00:00-04:00,5.898276793144258,5.939237205988259,5.881892706132146,5.935141086578369,265000,0.0,0.0
2019-09-06 00:00:00-04:00,5.828644752502441,5.869605168345868,5.76310839965494,5.828644752502441,476400,0.0,0.0
2019-09-09 00:00:00-04:00,5.8696047136533025,6.049830060650139,5.8696047136533025,6.008869647979736,849100,0.0,0.0
2019-09-10 00:00:00-04:00,6.037542819976807,6.078503240228678,6.012966880327697,6.037542819976807,378000,0.0,0.0
2019-09-11 00:00:00-04:00,6.041639217758456,6.103079460332104,6.021159006691395,6.082599639892578,301400,0.0,0.0
2019-09-12 00:00:00-04:00,6.090790748596191,6.121101488536343,6.066214810809032,6.090790748596191,267900,0.0,0.0
2019-09-13 00:00:00-04:00,6.103079230004876,6.144039650593172,6.088743199987228,6.107175350189209,271500,0.0,0.0
2019-09-16 00:00:00-04:00,6.12355980696595,6.1809043210977395,6.094887745213828,6.148136138916016,333300,0.0,0.0
2019-09-17 00:00:00-04:00,6.144037811310412,6.160421896515477,6.08259758944827,6.139941692352295,178800,0.0,0.0
2019-09-18 00:00:00-04:00,6.139942998157152,6.152231357644915,6.1133190005219715,6.127655029296875,197300,0.0,0.0
2019-09-19 00:00:00-04:00,6.144039916745323,6.168616248288421,6.090791523924892,6.0989837646484375,243000,0.0,0.0
2019-09-20 00:00:00-04:00,6.1235590511557465,6.15223149999647,6.090790873018488,6.103078842163086,397100,0.0,0.0
2019-09-23 00:00:00-04:00,6.090791117692252,6.13994338687264,6.0825992681426095,6.131751537322998,301200,0.0,0.0
2019-09-24 00:00:00-04:00,6.13584632566879,6.13584632566879,6.0703099768135615,6.094886302947998,263700,0.0,0.0
2019-09-25 00:00:00-04:00,6.09898373062072,6.119054173402875,6.0457353380973755,6.082599639892578,196500,0.0,0.0
2019-09-26 00:00:00-04:00,6.086694997603675,6.1563274765994365,6.066215178415813,6.131751537322998,414800,0.0,0.0
2019-09-27 00:00:00-04:00,6.169549534059034,6.177949385549949,6.045654928783745,6.068753719329834,411000,0.37,0.0
2019-09-30 00:00:00-04:00,6.043554286136435,6.089752262559262,6.026754985571141,6.047753810882568,237500,0.0,0.0
2019-10-01 00:00:00-04:00,6.056153682864496,6.077152908777169,5.938558578491211,5.938558578491211,291800,0.0,0.0
2019-10-02 00:00:00-04:00,5.925959473470462,5.934359324997197,5.762166373968778,5.799964904785156,644800,0.0,0.0
2019-10-03 00:00:00-04:00,5.837762978743224,5.858762206830465,5.7453670160025005,5.795764923095703,291400,0.0,0.0
2019-10-04 00:00:00-04:00,5.799965142442738,5.844063163184148,5.78736536463635,5.829363822937012,172600,0.0,0.0
2019-10-07 00:00:00-04:00,5.8293624807516435,5.9343582018015075,5.791563957089391,5.888160228729248,451300,0.0,0.0
2019-10-08 00:00:00-04:00,5.850362596898522,5.925959255220123,5.850362596898522,5.883961200714111,146900,0.0,0.0
2019-10-09 00:00:00-04:00,5.900760571962754,5.930159250515126,5.837762888673014,5.841962814331055,126700,0.0,0.0
2019-10-10 00:00:00-04:00,5.871360956947989,5.888160658046681,5.829362905782017,5.837762355804443,149500,0.0,0.0
2019-10-11 00:00:00-04:00,5.888161218123937,5.95283831118749,5.888161218123937,5.8965606689453125,203600,0.0,0.0
2019-10-14 00:00:00-04:00,5.871361423888052,5.900760502621906,5.846162671289836,5.883961200714111,75600,0.0,0.0
2019-10-15 00:00:00-04:00,5.888160508491597,5.955357709071928,5.879760658155602,5.925958633422852,156300,0.0,0.0
2019-10-16 00:00:00-04:00,5.946957588195801,5.96795681255358,5.913358989434109,5.946957588195801,224300,0.0,0.0
2019-10-17 00:00:00-04:00,6.005757206546446,6.039355815771088,5.930160135527494,5.9427595138549805,260200,0.0,0.0
2019-10-18 00:00:00-04:00,5.92595966241986,6.014156103627899,5.92595966241986,5.984757423400879,176800,0.0,0.0
2019-10-21 00:00:00-04:00,5.976356712018678,6.030954539249533,5.976356712018678,5.997355937957764,159000,0.0,0.0
2019-10-22 00:00:00-04:00,5.976358336783248,6.035156105292379,5.9595590315702145,6.018356800079346,160600,0.0,0.0
2019-10-23 00:00:00-04:00,6.014157206471124,6.02675698647345,5.993158374188018,6.00155782699585,108400,0.0,0.0
2019-10-24 00:00:00-04:00,5.9931570371172995,6.014155864715576,5.951158580866821,6.014155864715576,219800,0.0,0.0
2019-10-25 00:00:00-04:00,6.009956006759773,6.01835545722864,5.959557701838808,5.9721574783325195,210300,0.0,0.0
2019-10-28 00:00:00-04:00,5.9595593613755335,6.009957680330734,5.9595593613755335,6.00155782699585,224600,0.0,0.0
2019-10-29 00:00:00-04:00,6.005757387126481,6.026756618655037,5.9805582291868085,6.009957313537598,268600,0.0,0.0
2019-10-30 00:00:00-04:00,5.993156413191484,6.001555863250966,5.963757336665995,5.997355937957764,168100,0.0,0.0
2019-10-31 00:00:00-04:00,5.9889584475205755,6.012057243137403,5.955359835235143,6.00155782699585,248300,0.0,0.0
2019-11-01 00:00:00-04:00,6.022556158639992,6.064554217449011,6.001556928971986,6.005756855010986,243100,0.0,0.0
2019-11-04 00:00:00-05:00,6.039356275881539,6.11495335265988,6.039356275881539,6.102353572845459,237500,0.0,0.0
2019-11-05 00:00:00-05:00,6.12755138558459,6.12755138558459,6.039354948897641,6.056154251098633,273200,0.0,0.0
2019-11-06 00:00:00-05:00,5.879761599472333,6.026755799669931,5.715968096440179,5.766366004943848,1435100,0.0,0.0
2019-11-07 00:00:00-05:00,5.7747658566246125,5.8713617477915685,5.7243679481209435,5.766366004943848,608100,0.0,0.0
2019-11-08 00:00:00-05:00,5.749565450606089,5.799963748666575,5.732766151428223,5.732766151428223,175100,0.0,0.0
2019-11-11 00:00:00-05:00,5.711770145442526,5.799966609764981,5.711770145442526,5.724369525909424,223700,0.0,0.0
2019-11-12 00:00:00-05:00,5.736967198675262,5.755866464013479,5.711768445242282,5.745367050170898,253600,0.0,0.0
2019-11-13 00:00:00-05:00,5.720167761967094,5.728567613265598,5.669769855756933,5.682369232177734,241000,0.0,0.0
2019-11-14 00:00:00-05:00,5.678169466326104,5.686568916741554,5.636171012668042,5.652970314025879,316500,0.0,0.0
2019-11-15 00:00:00-05:00,5.648770388554685,5.686568916741554,5.611392013125712,5.652970314025879,480000,0.0,0.0
2019-11-18 00:00:00-05:00,5.6613696717529765,5.669769522557841,5.598372392824217,5.640370845794678,300700,0.0,0.0
2019-11-19 00:00:00-05:00,5.682369542306109,5.682369542306109,5.602572953250012,5.6109724044799805,241500,0.0,0.0
2019-11-20 00:00:00-05:00,5.6067715064843355,5.636170179382337,5.581572357909706,5.615170955657959,151400,0.0,0.0
2019-11-21 00:00:00-05:00,5.627771261338776,5.631971186884309,5.5479746786083615,5.560574054718018,289800,0.0,0.0
2019-11-22 00:00:00-05:00,5.577373000211836,5.577373000211836,5.518575648436841,5.522775173187256,259700,0.0,0.0
2019-11-25 00:00:00-05:00,5.5353751138954586,5.644570370670179,5.5353751138954586,5.640370845794678,348200,0.0,0.0
2019-11-26 00:00:00-05:00,5.526975395560775,5.640370980982718,5.526975395560775,5.5563740730285645,469900,0.0,0.0
2019-11-27 00:00:00-05:00,5.556375328303142,5.66557101289105,5.556375328303142,5.644571781158447,280200,0.0,0.0
2019-11-29 00:00:00-05:00,5.648770321825424,5.6949687004089355,5.644570396403845,5.6949687004089355,221200,0.0,0.0
2019-12-02 00:00:00-05:00,5.724367264022358,5.766365315826225,5.678169286880026,5.686568737030029,506800,0.0,0.0
2019-12-03 00:00:00-05:00,5.661370444545942,5.707568829225044,5.619372386369561,5.6739702224731445,666400,0.0,0.0
2019-12-04 00:00:00-05:00,5.690767977051992,5.71428691527202,5.652969454611589,5.665568828582764,367300,0.0,0.0
2019-12-05 00:00:00-05:00,5.66557022375939,5.703368755507882,5.644570994951676,5.65717077255249,286200,0.0,0.0
2019-12-06 00:00:00-05:00,5.665569510864633,5.720167338683893,5.652970135376164,5.686568737030029,388000,0.0,0.0
2019-12-09 00:00:00-05:00,5.694969560286638,5.762166775070222,5.678170256590742,5.7411675453186035,410400,0.0,0.0
2019-12-10 00:00:00-05:00,5.753766627949674,5.812564388134108,5.728567873961326,5.766366004943848,338200,0.0,0.0
2019-12-11 00:00:00-05:00,5.74536741832573,5.78316595142424,5.644571196554041,5.678170204162598,758400,0.0,0.0
2019-12-12 00:00:00-05:00,5.690769581686437,5.753766869832627,5.661370500094824,5.678170204162598,387000,0.0,0.0
2019-12-13 00:00:00-05:00,5.678170256590742,5.774766152710395,5.678170256590742,5.7411675453186035,444500,0.0,0.0
2019-12-16 00:00:00-05:00,5.7453674851215295,6.00995681936023,5.7453674851215295,5.955358982086182,955500,0.0,0.0
2019-12-17 00:00:00-05:00,5.963757751683335,6.02465547109186,5.921759697409444,5.934359073638916,549700,0.0,0.0
2019-12-18 00:00:00-05:00,5.951157622166769,5.9763563714361005,5.84616189898179,5.8503618240356445,570900,0.0,0.0
2019-12-19 00:00:00-05:00,5.841962933830117,5.921759920857333,5.820963705637325,5.856662273406982,526700,0.0,0.0
2019-12-20 00:00:00-05:00,5.909159511069231,5.980556638965716,5.8545616838232775,5.892360210418701,1588200,0.0,0.0
2019-12-23 00:00:00-05:00,5.900760853479783,5.9343594592931375,5.867162247666428,5.921760082244873,465500,0.0,0.0
2019-12-24 00:00:00-05:00,5.95116023325394,5.9637596134166175,5.909161765342252,5.930160999298096,245400,0.0,0.0
2019-12-26 00:00:00-05:00,5.938559988097162,5.961658781609719,5.892361600018018,5.9427595138549805,418400,0.0,0.0
2019-12-27 00:00:00-05:00,5.9427595138549805,5.9574592558519,5.900761452587687,5.9427595138549805,440600,0.0,0.0
2019-12-30 00:00:00-05:00,5.986455769854059,5.997380209402051,5.850996053257027,5.885953426361084,819400,0.55,0.0
2019-12-31 00:00:00-05:00,5.83788673009346,5.899062341432937,5.776711535478742,5.846626281738281,672700,0.0,0.0
2020-01-02 00:00:00-05:00,5.85099569615735,5.9471282579639375,5.84662592060485,5.912170886993408,379900,0.0,0.0
2020-01-03 00:00:00-05:00,5.859735002883705,5.995195131922197,5.859735002883705,5.977716445922852,394300,0.0,0.0
2020-01-06 00:00:00-05:00,5.977716149544963,5.986455283748974,5.916540543217994,5.9252800941467285,264300,0.0,0.0
2020-01-07 00:00:00-05:00,5.916540364525649,5.958052396733937,5.890322129256016,5.938388824462891,261800,0.0,0.0
2020-01-08 00:00:00-05:00,5.951497993446351,5.982085588658441,5.9121708471881025,5.916540622711182,246900,0.0,0.0
2020-01-09 00:00:00-05:00,5.916540364525649,5.986455102945053,5.916540364525649,5.938388824462891,257600,0.0,0.0
2020-01-10 00:00:00-05:00,5.951498543393003,6.003934604341096,5.9340198564103055,5.986455917358398,279500,0.0,0.0
2020-01-13 00:00:00-05:00,5.968978588721612,6.0017510821815305,5.929651429879764,5.955869674682617,303000,0.0,0.0
2020-01-14 00:00:00-05:00,5.9602375808403885,6.019227883862775,5.907801524417859,5.990825176239014,237300,0.0,0.0
2020-01-15 00:00:00-05:00,5.995194732827275,6.04326101194456,5.9777160479914695,6.008303642272949,309800,0.0,0.0
2020-01-16 00:00:00-05:00,6.030151156854939,6.100065885234184,6.017042249464994,6.086956977844238,353700,0.0,0.0
2020-01-17 00:00:00-05:00,6.130653381347656,6.1699805196431825,6.086956885138463,6.130653381347656,406600,0.0,0.0
2020-01-21 00:00:00-05:00,6.082588195115447,6.163426956715755,6.0804033074066925,6.121915340423584,388200,0.0,0.0
2020-01-22 00:00:00-05:00,6.165612952386175,6.244267257136641,6.165612952386175,6.183091640472412,497400,0.0,0.0
2020-01-23 00:00:00-05:00,6.1612426015428925,6.25300580341182,6.1437639162690365,6.226787567138672,337000,0.0,0.0
2020-01-24 00:00:00-05:00,6.222417573254536,6.2704842686142195,6.152502834612867,6.165611743927002,293000,0.0,0.0
2020-01-27 00:00:00-05:00,6.139394499832234,6.183091007210103,6.1000673514848245,6.161242961883545,433500,0.0,0.0
2020-01-28 00:00:00-05:00,6.165612065529693,6.196200077824451,6.091327547667008,6.104436874389648,350100,0.0,0.0
2020-01-29 00:00:00-05:00,6.09569828383133,6.100068060094153,6.043262218851843,6.065110683441162,231400,0.0,0.0
2020-01-30 00:00:00-05:00,6.056370176522773,6.104436874389648,6.030152356526964,6.104436874389648,220300,0.0,0.0
2020-01-31 00:00:00-05:00,6.086957412461997,6.095696545771063,6.034521362433552,6.052000045776367,286200,0.0,0.0
2020-02-03 00:00:00-05:00,6.065109949945588,6.113176232849263,6.008304115573198,6.04763126373291,268800,0.0,0.0
2020-02-04 00:00:00-05:00,6.069480022782749,6.106185140608672,6.017043961577955,6.0607404708862305,250200,0.0,0.0
2020-02-05 00:00:00-05:00,6.078218889433513,6.183091007210103,6.073849113678301,6.161242961883545,213000,0.0,0.0
2020-02-06 00:00:00-05:00,6.183090349676462,6.235526819713213,6.143763622235961,6.213678359985352,197700,0.0,0.0
2020-02-07 00:00:00-05:00,6.213678136595962,6.279223096698416,6.0694788909908075,6.113175392150879,793900,0.0,0.0
2020-02-10 00:00:00-05:00,6.008303464973408,6.1699813991148185,6.008303464973408,6.100066661834717,406300,0.0,0.0
2020-02-11 00:00:00-05:00,5.968978588721612,6.0699181019440855,5.9340212068010505,5.955869674682617,704200,0.0,0.0
2020-02-12 00:00:00-05:00,5.95586780529066,6.021412771637639,5.9340193442667575,5.990825176239014,408500,0.0,0.0
2020-02-13 00:00:00-05:00,5.990825256019306,5.995195031627227,5.920910513191541,5.982085704803467,487300,0.0,0.0
2020-02-14 00:00:00-05:00,5.982084971082935,6.003933429718018,5.96023692917254,6.003933429718018,169500,0.0,0.0
2020-02-18 00:00:00-05:00,5.929649710056166,5.986455543382447,5.9034318895823406,5.942759037017822,361900,0.0,0.0
2020-02-19 00:00:00-05:00,5.9340212068010505,5.977718142564185,5.912172738919483,5.955869674682617,242000,0.0,0.0
2020-02-20 00:00:00-05:00,5.96897769749787,6.052001779706586,5.96897769749787,6.025783538818359,244000,0.0,0.0
2020-02-21 00:00:00-05:00,6.025782728239867,6.047631189920237,5.938389298243136,5.977716445922852,287500,0.0,0.0
2020-02-24 00:00:00-05:00,5.907803166327425,5.920912079895132,5.794191470807702,5.820409297943115,379200,0.0,0.0
2020-02-25 00:00:00-05:00,5.82040817454142,5.851870061101251,5.532009631366812,5.60629415512085,391000,0.0,0.0
2020-02-26 00:00:00-05:00,5.6805786736279975,5.789820571197766,5.62814261280148,5.645621299743652,549900,0.0,0.0
2020-02-27 00:00:00-05:00,5.575705968544208,5.5975544291169355,5.261089219781207,5.462094306945801,732000,0.0,0.0
2020-02-28 00:00:00-05:00,5.331004504111182,5.379071205619965,5.145730339663972,5.304786682128906,891100,0.0,0.0
2020-03-02 00:00:00-05:00,5.313525778051196,5.549488257776339,5.309156002178102,5.4577250480651855,771000,0.0,0.0
2020-03-03 00:00:00-05:00,5.483942206900615,5.59493182518708,5.379070106942159,5.431506156921387,674400,0.0,0.0
2020-03-04 00:00:00-05:00,5.505789591956376,5.623770577229581,5.466462457957108,5.558225631713867,385500,0.0,0.0
2020-03-05 00:00:00-05:00,5.501422250840692,5.658730439683892,5.501422250840692,5.588815689086914,431000,0.0,0.0
2020-03-06 00:00:00-05:00,5.475203875931479,5.514531026353277,5.3790713045946115,5.448986053466797,456900,0.0,0.0
2020-03-09 00:00:00-04:00,5.147478222470849,5.199914284577496,5.025127410888672,5.025127410888672,529800,0.0,0.0
2020-03-10 00:00:00-04:00,5.1562183158447565,5.226133072660308,4.981431007081056,5.134369850158691,546300,0.0,0.0
2020-03-11 00:00:00-04:00,5.020757264927527,5.077563098872042,4.867818865899754,4.942103385925293,434500,0.0,0.0
2020-03-12 00:00:00-04:00,4.5226138263934805,4.679921977579676,4.256063382644349,4.264802932739258,891100,0.0,0.0
2020-03-13 00:00:00-04:00,4.4614391249733085,4.643217803022515,4.020101757634451,4.081277370452881,885700,0.0,0.0
2020-03-16 00:00:00-04:00,3.27725672447181,3.7273331979496778,2.8970949944400495,3.3165838718414307,980500,0.0,0.0
2020-03-17 00:00:00-04:00,3.364650204805618,3.3681461087208366,2.853398323059082,2.853398323059082,1272400,0.0,0.0
2020-03-18 00:00:00-04:00,2.800962187156866,2.814071306545361,1.9226574389992237,2.079965829849243,1287500,0.0,0.0
2020-03-19 00:00:00-04:00,2.079965742932371,3.150536211089554,1.9008088967088639,3.023815631866455,1771500,0.0,0.0
2020-03-20 00:00:00-04:00,3.0281850047543224,3.168014693837605,2.4994542598724365,2.4994542598724365,1113600,0.0,0.0
2020-03-23 00:00:00-04:00,2.4863457349327986,2.4863457349327986,2.0056814038597164,2.014420747756958,638500,0.0,0.0
2020-03-24 00:00:00-04:00,2.1760987692118325,2.490715365851992,2.1760987692118325,2.2940800189971924,884000,0.0,0.0
2020-03-25 00:00:00-04:00,2.3465157124582854,2.9495309863390053,2.22853448133922,2.398951768875122,1082100,0.0,0.0
2020-03-26 00:00:00-04:00,2.4557578487542595,3.2728872063422165,2.4557578487542595,2.704829454421997,1069800,0.0,0.0
2020-03-27 00:00:00-04:00,2.639284003378774,2.7703743526201325,2.543151233400846,2.6698718070983887,1018900,0.0,0.0
2020-03-30 00:00:00-04:00,2.7303396425279063,2.7628991395290914,2.4559104201792237,2.4931211471557617,790700,0.37,0.0
2020-03-31 00:00:00-04:00,2.5070745313096627,2.6326608193249754,2.400093602867479,2.428001642227173,463800,0.0,0.0
2020-04-01 00:00:00-04:00,2.381487767384802,2.4140472510278768,2.190782758973468,2.302414894104004,572000,0.0,0.0
2020-04-02 00:00:00-04:00,2.3117180520542293,2.33497486259898,2.176829083198794,2.251250743865967,511700,0.0,0.0
2020-04-03 00:00:00-04:00,2.2465989697966964,2.29311236240042,2.000077878100284,2.0838019847869873,575200,0.0,0.0
2020-04-06 00:00:00-04:00,2.1721776200912375,2.3907906841218645,2.0140318577328955,2.0372886657714844,719100,0.0,0.0
2020-04-07 00:00:00-04:00,2.223343150226117,2.4745157785964476,2.172178289841516,2.4419562816619873,678300,0.0,0.0
2020-04-08 00:00:00-04:00,2.4559097371172753,2.721036203982224,2.395442211701514,2.595449924468994,635800,0.0,0.0
2020-04-09 00:00:00-04:00,2.7070836016211106,3.092214881874159,2.7070836016211106,2.8698806762695312,1118800,0.0,0.0
2020-04-13 00:00:00-04:00,2.897788485282157,2.93825514466105,2.5814970460332445,2.9210453033447266,880900,0.0,0.0
2020-04-14 00:00:00-04:00,2.953603924647819,3.0512821838859945,2.860577116703559,2.9117419719696045,432400,0.0,0.0
2020-04-15 00:00:00-04:00,2.883833968577228,2.883833968577228,2.5628913412500753,2.6326613426208496,862600,0.0,0.0
2020-04-16 00:00:00-04:00,2.6838256043913304,2.7349904528815068,2.6047527172137976,2.7024309635162354,293400,0.0,0.0
2020-04-17 00:00:00-04:00,2.832669705217798,3.0652369986696777,2.790807521422554,2.9210453033447266,727600,0.0,0.0
2020-04-20 00:00:00-04:00,2.8326685226700725,2.9396494418685926,2.6838254371524126,2.781503677368164,469000,0.0,0.0
2020-04-21 00:00:00-04:00,2.721036417522373,2.8001093074571397,2.6187069387672173,2.758247137069702,450100,0.0,0.0
2020-04-22 00:00:00-04:00,2.823366403919531,2.860577127234219,2.6140557525843016,2.683825969696045,280900,0.0,0.0
2020-04-23 00:00:00-04:00,2.725687755097501,2.7303389839509453,2.5721934324464772,2.6001014709472656,430400,0.0,0.0
2020-04-24 00:00:00-04:00,2.790806647490386,3.330362528364644,2.748944476804147,3.2652437686920166,1576200,0.0,0.0
2020-04-27 00:00:00-04:00,3.325711187686528,3.532695865148682,3.2094275812764637,3.423389434814453,759200,0.0,0.0
2020-04-28 00:00:00-04:00,3.511764778294325,3.62804837728694,3.255940771793226,3.260592222213745,638200,0.0,0.0
2020-04-29 00:00:00-04:00,3.335014447773204,3.5908382933244125,3.335014447773204,3.5699074268341064,532500,0.0,0.0
2020-04-30 00:00:00-04:00,3.6420028661488013,3.7722403935994158,3.4326924432778996,3.6699109077453613,899200,0.0,0.0
2020-05-01 00:00:00-04:00,3.604792927077637,3.646655109462764,3.437344419330575,3.558279514312744,565700,0.0,0.0
2020-05-04 00:00:00-04:00,3.4885088475593578,3.511765661927121,3.2559415910554006,3.381527900695801,646800,0.0,0.0
2020-05-05 00:00:00-04:00,3.4419955551489574,3.693168182787476,3.3768767832631927,3.451298236846924,611000,0.0,0.0
2020-05-06 00:00:00-04:00,3.628048989468524,3.91643231040038,3.4275759227431197,3.8234055042266846,991900,0.0,0.0
2020-05-07 00:00:00-04:00,3.921084821709965,4.065276299366089,3.679214616679545,3.776892900466919,985100,0.0,0.0
2020-05-08 00:00:00-04:00,3.8234056687470583,3.898291995876815,3.721075955759366,3.781543493270874,255500,0.0,0.0
2020-05-11 00:00:00-04:00,3.781542887637712,3.786194338298295,3.68386464169922,3.7117726802825928,333100,0.0,0.0
2020-05-12 00:00:00-04:00,3.6978191423185054,3.800148855306198,3.6745625506710557,3.781543493270874,414600,0.0,0.0
2020-05-13 00:00:00-04:00,3.7396812975383398,3.7396812975383398,3.4047845609230984,3.5768842697143555,446900,0.0,0.0
2020-05-14 00:00:00-04:00,3.4978110707835484,3.6931675761448552,3.339665286101845,3.6745622158050537,344600,0.0,0.0
2020-05-15 00:00:00-04:00,3.6652604207659083,3.744333332202229,3.581536057224654,3.683865785598755,216000,0.0,0.0
2020-05-18 00:00:00-04:00,3.795496940612793,3.8931751902720975,3.697818690953489,3.795496940612793,310100,0.0,0.0
2020-05-19 00:00:00-04:00,3.7443321709349573,3.823405057847611,3.711772681678754,3.74898362159729,279700,0.0,0.0
2020-05-20 00:00:00-04:00,3.800148138566173,3.8466617566750325,3.730378154989621,3.832707405090332,351900,0.0,0.0
2020-05-21 00:00:00-04:00,3.828055581591223,3.9024774520317562,3.8001477683143805,3.8885231018066406,357200,0.0,0.0
2020-05-22 00:00:00-04:00,3.9024786857505798,3.967597233040739,3.83084784014457,3.953643321990967,270700,0.0,0.0
2020-05-26 00:00:00-04:00,4.014110521945571,4.232723846647687,4.014110521945571,4.151325225830078,463700,0.0,0.0
2020-05-27 00:00:00-04:00,4.274585374947109,4.274585374947109,4.0606235114737546,4.255980014801025,337500,0.0,0.0
2020-05-28 00:00:00-04:00,4.265282363407049,4.286678325185673,4.079228786079682,4.125741958618164,433800,0.0,0.0
2020-05-29 00:00:00-04:00,4.107137421629821,4.162953505981965,3.954573280299238,4.14434814453125,326700,0.0,0.0
2020-06-01 00:00:00-04:00,4.135046428701407,4.255981078070607,4.106207958014904,4.209467887878418,386900,0.0,0.0
2020-06-02 00:00:00-04:00,4.269934305033372,4.353658202670557,4.204815323682878,4.251328945159912,331300,0.0,0.0
2020-06-03 00:00:00-04:00,4.32109949801999,4.369938851306794,4.2606319596389515,4.358310222625732,248700,0.0,0.0
2020-06-04 00:00:00-04:00,4.367612519959197,4.4652907694019515,4.325750349685621,4.376914978027344,217600,0.0,0.0
2020-06-05 00:00:00-04:00,4.493198362814801,4.628087324967678,4.45133619463171,4.465290546417236,345200,0.0,0.0
2020-06-08 00:00:00-04:00,4.539712081720433,4.7234399484147005,4.539712081720433,4.697857856750488,727000,0.0,0.0
2020-06-09 00:00:00-04:00,4.744371595720516,4.744371595720516,4.516455807536785,4.525758266448975,429200,0.0,0.0
2020-06-10 00:00:00-04:00,4.469942457534828,4.5280842709742934,4.255980566334123,4.386218547821045,451900,0.0,0.0
2020-06-11 00:00:00-04:00,4.1164393313093255,4.204814665988373,3.962945025465342,4.042017459869385,460900,0.0,0.0
2020-06-12 00:00:00-04:00,4.3397047114972285,4.3397047114972285,4.114114645862937,4.274585723876953,433200,0.0,0.0
2020-06-15 00:00:00-04:00,4.242026168153532,4.330401962840963,4.144347915049247,4.283888339996338,371100,0.0,0.0
2020-06-16 00:00:00-04:00,4.432731380735354,4.4606396441503104,4.335053124163201,4.367612838745117,295500,0.0,0.0
2020-06-17 00:00:00-04:00,4.400172345659418,4.410870329047567,4.255980456860292,4.279237270355225,288300,0.0,0.0
2020-06-18 00:00:00-04:00,4.246677143941181,4.344355386115018,4.214117877745479,4.232723236083984,227600,0.0,0.0
2020-06-19 00:00:00-04:00,4.302494275879579,4.309471453315512,4.1666750822853516,4.276911735534668,531300,0.0,0.0
2020-06-22 00:00:00-04:00,4.279237322141322,4.3122619178581525,4.1210915207661305,4.153651237487793,274900,0.0,0.0
2020-06-23 00:00:00-04:00,4.162953438448597,4.242026334228079,4.158301987264675,4.190861701965332,371200,0.0,0.0
2020-06-24 00:00:00-04:00,4.186209582613127,4.219699049901096,4.009458458116832,4.181558132171631,434200,0.0,0.0
2020-06-25 00:00:00-04:00,4.167605080161354,4.232724068952889,4.107137542766391,4.176907539367676,464000,0.0,0.0
2020-06-26 00:00:00-04:00,4.162953505981965,4.19086176995144,4.102021091396587,4.14434814453125,381300,0.0,0.0
2020-06-29 00:00:00-04:00,4.120084666553605,4.178319024834988,4.003615949990837,4.144349098205566,382400,0.37,0.0
2020-06-30 00:00:00-04:00,4.120083564670299,4.192876840158206,4.061849221963223,4.15890645980835,233000,0.0,0.0
2020-07-01 00:00:00-04:00,4.158906681663892,4.241405453934474,4.052143945741737,4.0764079093933105,223100,0.0,0.0
2020-07-02 00:00:00-04:00,4.129789204521652,4.1807440769475805,4.056995934591977,4.066701889038086,218600,0.0,0.0
2020-07-06 00:00:00-04:00,4.076407262044984,4.139980058522876,3.891998760989479,4.047290325164795,415700,0.0,0.0
2020-07-07 00:00:00-04:00,4.032732344626152,4.032732344626152,3.9138367057637593,3.9696450233459473,345800,0.0,0.0
2020-07-08 00:00:00-04:00,3.950233478069229,4.003614842695217,3.8919991358939483,3.9550859928131104,238000,0.0,0.0
2020-07-09 00:00:00-04:00,3.945380550813915,3.9793504684811762,3.84298508352614,3.843470335006714,186100,0.0,0.0
2020-07-10 00:00:00-04:00,3.8240601281300206,3.8725887629737445,3.785237220255041,3.853177309036255,255300,0.0,0.0
2020-07-13 00:00:00-04:00,3.8968521408278143,3.9647924466479787,3.8580292411607116,3.8774406909942627,196400,0.0,0.0
2020-07-14 00:00:00-04:00,3.833764733681719,3.8725876302005875,3.7706774111371995,3.824059009552002,175100,0.0,0.0
2020-07-15 00:00:00-04:00,3.853175809465723,3.9744972336580355,3.809499939402659,3.9599387645721436,334800,0.0,0.0
2020-07-16 00:00:00-04:00,3.906558036804199,3.925969486337909,3.867734906334048,3.906558036804199,170800,0.0,0.0
2020-07-17 00:00:00-04:00,3.964791947911696,4.042437737478738,3.925969053128176,3.9550859928131104,263400,0.0,0.0
2020-07-20 00:00:00-04:00,3.9550855822401547,4.008467404130048,3.9356741368634744,3.9647915363311768,110100,0.0,0.0
2020-07-21 00:00:00-04:00,3.9793508815109018,4.105525535664545,3.9793508815109018,4.0715556144714355,219200,0.0,0.0
2020-07-22 00:00:00-04:00,4.076407369688637,4.243831380989586,4.071554855284045,4.221993446350098,190100,0.0,0.0
2020-07-23 00:00:00-04:00,4.2365531252557815,4.2656705340269925,4.17831877051887,4.18317174911499,147900,0.0,0.0
2020-07-24 00:00:00-04:00,4.188023961236612,4.209861898116956,4.018173443901813,4.073981761932373,180400,0.0,0.0
2020-07-27 00:00:00-04:00,4.08611318418204,4.095818675464243,3.9696445119634243,4.00361442565918,186100,0.0,0.0
2020-07-28 00:00:00-04:00,4.027878848072732,4.027878848072732,3.9453800895498716,4.00361442565918,175600,0.0,0.0
2020-07-29 00:00:00-04:00,4.003615173142684,4.023026622136613,3.9356748702612103,4.008468151092529,124000,0.0,0.0
2020-07-30 00:00:00-04:00,3.964792045676988,4.0133208967557366,3.9211161722671983,3.9696450233459473,120300,0.0,0.0
2020-07-31 00:00:00-04:00,3.964791211354795,4.003614098926015,3.8968509267024967,3.950232744216919,102500,0.0,0.0
2020-08-03 00:00:00-04:00,3.9405275497477246,4.032732272589204,3.9017046547003904,3.9987618923187256,149000,0.0,0.0
2020-08-04 00:00:00-04:00,4.02302548143959,4.071554321567168,3.96964412754351,4.056995391845703,152700,0.0,0.0
2020-08-05 00:00:00-04:00,4.221993909229538,4.5277245648958555,4.202582461066855,4.377285957336426,800500,0.0,0.0
2020-08-06 00:00:00-04:00,4.474342763669849,4.527724125232283,4.386991024017334,4.386991024017334,376200,0.0,0.0
2020-08-07 00:00:00-04:00,4.3675791369487795,4.450077891004461,4.356902680591642,4.430666446685791,180700,0.0,0.0
2020-08-10 00:00:00-04:00,4.430667031644909,4.571400137236898,4.418534588090616,4.527724266052246,305900,0.0,0.0
2020-08-11 00:00:00-04:00,4.561693391762211,4.585472791885025,4.445224730659717,4.479194641113281,312100,0.0,0.0
2020-08-12 00:00:00-04:00,4.493755643291505,4.566548474349932,4.4112568545956705,4.4646382331848145,310800,0.0,0.0
2020-08-13 00:00:00-04:00,4.513165442187291,4.598090689176814,4.469489574432373,4.469489574432373,182000,0.0,0.0
2020-08-14 00:00:00-04:00,4.464638031338459,4.484049482930149,4.372433751979306,4.408830165863037,273300,0.0,0.0
2020-08-17 00:00:00-04:00,4.416108879488728,4.420961394453705,4.343315601348877,4.343315601348877,188200,0.0,0.0
2020-08-18 00:00:00-04:00,4.333610722369549,4.357874689047165,4.270523390835652,4.28508186340332,165800,0.0,0.0
2020-08-19 00:00:00-04:00,4.275375426075882,4.290418915487185,4.202582153685921,4.207435131072998,261000,0.0,0.0
2020-08-20 00:00:00-04:00,4.168611968570275,4.263242707484395,4.147259054567284,4.202581882476807,194400,0.0,0.0
2020-08-21 00:00:00-04:00,4.183170860665073,4.20258230812131,4.1297894958617745,4.192876815795898,237500,0.0,0.0
2020-08-24 00:00:00-04:00,4.202581328828667,4.3821372916597765,4.1540529528989465,4.3044915199279785,365900,0.0,0.0
2020-08-25 00:00:00-04:00,4.348169194937218,4.411256526471115,4.188024608276362,4.28508186340332,241900,0.0,0.0
2020-08-26 00:00:00-04:00,4.30934576436587,4.30934576436587,4.188024094635317,4.197729587554932,173700,0.0,0.0
2020-08-27 00:00:00-04:00,4.183170350953072,4.304491998473076,4.1686118828361725,4.226846218109131,204700,0.0,0.0
2020-08-28 00:00:00-04:00,4.2559643155086615,4.367580027395494,4.202582485645017,4.343315601348877,205400,0.0,0.0
2020-08-31 00:00:00-04:00,4.328756728305131,4.382138090399325,4.24140498778246,4.2753753662109375,306000,0.0,0.0
2020-09-01 00:00:00-04:00,4.270522361966912,4.605369927183681,4.255963892906719,4.585958480834961,817700,0.0,0.0
2020-09-02 00:00:00-04:00,4.585957184787413,4.585957184787413,4.406401241105109,4.493752956390381,182700,0.0,0.0
2020-09-03 00:00:00-04:00,4.493755348078847,4.523842796606075,4.372433662414551,4.372433662414551,235900,0.0,0.0
2020-09-04 00:00:00-04:00,4.430666893843592,4.484048255406026,4.289933792628642,4.386991024017334,185800,0.0,0.0
2020-09-08 00:00:00-04:00,4.372432165683907,4.508312277529152,4.333609276585266,4.440371990203857,148400,0.0,0.0
2020-09-09 00:00:00-04:00,4.469489402765403,4.556355652112617,4.4355194903964765,4.5180182456970215,142800,0.0,0.0
2020-09-10 00:00:00-04:00,4.537429953150238,4.581105358952284,4.435519747334719,4.445225238800049,139500,0.0,0.0
2020-09-11 00:00:00-04:00,4.440373058531862,4.4840489349773325,4.406403138098922,4.459784507751465,116300,0.0,0.0
2020-09-14 00:00:00-04:00,4.532577002427005,4.657295646138987,4.48259263349666,4.56654691696167,150000,0.0,0.0
2020-09-15 00:00:00-04:00,4.610222821814023,4.678163114219114,4.5277240606097635,4.532577037811279,134100,0.0,0.0
2020-09-16 00:00:00-04:00,4.5762516957586366,4.5762516957586366,4.488899980473365,4.493752956390381,148500,0.0,0.0
2020-09-17 00:00:00-04:00,4.4646365973917455,4.513165442187291,4.425813706677454,4.469489574432373,178900,0.0,0.0
2020-09-18 00:00:00-04:00,4.479196135580423,4.508313541973621,4.4500791919927,4.4889020919799805,324300,0.0,0.0
2020-09-21 00:00:00-04:00,4.4403708726717825,4.624779780881817,4.39669548053184,4.600515365600586,526500,0.0,0.0
2020-09-22 00:00:00-04:00,4.624781327262532,4.624781327262532,4.493754181420915,4.498607158660889,212700,0.0,0.0
2020-09-23 00:00:00-04:00,4.508313235381242,4.581106052205676,4.39184454333997,4.396697521209717,221700,0.0,0.0
2020-09-24 00:00:00-04:00,4.420961692424748,4.451535084194619,4.319051466404594,4.391844749450684,373600,0.0,0.0
2020-09-25 00:00:00-04:00,4.396697689486283,4.581106227540183,4.396697689486283,4.547136306762695,382900,0.0,0.0
2020-09-28 00:00:00-04:00,4.518019144166201,4.799485378410128,4.518019144166201,4.629634857177734,453500,0.0,0.0
2020-09-29 00:00:00-04:00,4.584196457340829,4.685169852143223,4.503417741498914,4.599342346191406,320800,0.37,0.0
2020-09-30 00:00:00-04:00,4.619537297834134,4.634683669057898,4.457979856613883,4.498369216918945,332100,0.0,0.0
2020-10-01 00:00:00-04:00,4.508466357997181,4.523612246264522,4.442833533533226,4.493319988250732,226200,0.0,0.0
2020-10-02 00:00:00-04:00,4.442833774238861,4.604391208454376,4.442833774238861,4.589245319366455,138700,0.0,0.0
2020-10-05 00:00:00-04:00,4.589245546370648,4.6498295871982185,4.518563924665571,4.558953285217285,177300,0.0,0.0
2020-10-06 00:00:00-04:00,4.584197059860898,4.584197059860898,4.493320751854929,4.518564224243164,162200,0.0,0.0
2020-10-07 00:00:00-04:00,4.543807696631398,4.553905278178368,4.442834288557649,4.518564224243164,194700,0.0,0.0
2020-10-08 00:00:00-04:00,4.488271638099222,4.594293817943427,4.488271638099222,4.564001560211182,84900,0.0,0.0
2020-10-09 00:00:00-04:00,4.574098403352831,4.639730735158493,4.5286602648112,4.533708572387695,148800,0.0,0.0
2020-10-12 00:00:00-04:00,4.528662131895547,4.604392073034315,4.377201768138787,4.412542343139648,354200,0.0,0.0
2020-10-13 00:00:00-04:00,4.432735736527954,4.473125090914794,4.367102915279568,4.392346382141113,128800,0.0,0.0
2020-10-14 00:00:00-04:00,4.362055726057943,4.518564394085245,4.357006935094686,4.432736873626709,145200,0.0,0.0
2020-10-15 00:00:00-04:00,4.397396111419317,4.508467100455674,4.377201429910814,4.457980155944824,94200,0.0,0.0
2020-10-16 00:00:00-04:00,4.5337102854958085,4.5337102854958085,4.397396299842327,4.432736873626709,213300,0.0,0.0
2020-10-19 00:00:00-04:00,4.442834141783553,4.483223503678745,4.341860737045576,4.346909046173096,191300,0.0,0.0
2020-10-20 00:00:00-04:00,4.382250286122691,4.402444967932875,4.291373977237265,4.321666240692139,268000,0.0,0.0
2020-10-21 00:00:00-04:00,4.326714670794353,4.488272611264119,4.311063707695782,4.432736873626709,178900,0.0,0.0
2020-10-22 00:00:00-04:00,4.422639460835958,4.442834141783553,4.311568474884597,4.346909046173096,186500,0.0,0.0
2020-10-23 00:00:00-04:00,4.377200456952512,4.402443923596852,4.341859892537882,4.397395133972168,61900,0.0,0.0
2020-10-26 00:00:00-04:00,4.392347425963532,4.392347425963532,4.170205924044939,4.316617488861084,190000,0.0,0.0
2020-10-27 00:00:00-04:00,4.291374301733403,4.351958351745073,4.1954496762514,4.215644359588623,190700,0.0,0.0
2020-10-28 00:00:00-04:00,4.18535223837126,4.208071318095072,4.043989450129174,4.071756839752197,243200,0.0,0.0
2020-10-29 00:00:00-04:00,4.064183330078846,4.240886660051486,4.028842519640572,4.180302619934082,185300,0.0,0.0
2020-10-30 00:00:00-04:00,4.144962271972411,4.180302843561672,4.038940075725451,4.15001106262207,80300,0.0,0.0
2020-11-02 00:00:00-05:00,4.155058635625944,4.2863242803852195,4.099523392756601,4.250983715057373,135000,0.0,0.0
2020-11-03 00:00:00-05:00,4.271178137319328,4.341859745229619,4.215642897769212,4.2863240242004395,222300,0.0,0.0
2020-11-04 00:00:00-05:00,4.230789326273287,4.306519251852803,4.074280203535397,4.2762274742126465,238500,0.0,0.0
2020-11-05 00:00:00-05:00,4.367103968740478,4.738181913717124,4.367103968740478,4.695268154144287,541500,0.0,0.0
2020-11-06 00:00:00-05:00,4.639731776819237,4.670024036474213,4.533709590245522,4.589245319366455,276800,0.0,0.0
2020-11-09 00:00:00-05:00,4.72051131237376,4.993139742813239,4.6700243698379,4.801290035247803,516900,0.0,0.0
2020-11-10 00:00:00-05:00,4.821483833067619,4.942651895190675,4.776045689401704,4.922457218170166,268000,0.0,0.0
2020-11-11 00:00:00-05:00,4.937603388851144,5.1345018622070855,4.9224575005865665,5.0789666175842285,394900,0.0,0.0
2020-11-12 00:00:00-05:00,5.063820440824814,5.104209798722348,4.922457688183445,4.988090515136719,190100,0.0,0.0
2020-11-13 00:00:00-05:00,5.048675517966973,5.235476454354245,5.048675517966973,5.177416801452637,261300,0.0,0.0
2020-11-16 00:00:00-05:00,5.2152803095365226,5.381886516406202,5.210231519878876,5.3112053871154785,259600,0.0,0.0
2020-11-17 00:00:00-05:00,5.306157724985079,5.397033550737883,5.245573680656815,5.351595878601074,229700,0.0,0.0
2020-11-18 00:00:00-05:00,5.386934974631242,5.498005932870385,5.275864016392099,5.291009902954102,316000,0.0,0.0
2020-11-19 00:00:00-05:00,5.2859627854602955,5.437423129625644,5.27586520449233,5.386936187744141,289100,0.0,0.0
2020-11-20 00:00:00-05:00,5.351595155652113,5.376838142936084,5.2253782933157815,5.255670070648193,478100,0.0,0.0
2020-11-23 00:00:00-05:00,5.321302739032303,5.503054842074107,5.291010481119117,5.407130241394043,145700,0.0,0.0
2020-11-24 00:00:00-05:00,5.432373808409476,5.619174704754303,5.432373808409476,5.5888824462890625,320400,0.0,0.0
2020-11-25 00:00:00-05:00,5.477812962161099,5.644419210643492,5.4172284340955,5.578786373138428,180500,0.0,0.0
2020-11-27 00:00:00-05:00,5.563639944969333,5.629272294661661,5.503055422750151,5.523250102996826,98500,0.0,0.0
2020-11-30 00:00:00-05:00,5.51315330478711,5.586358844125717,5.457618051444747,5.482861042022705,292400,0.0,0.0
2020-12-01 00:00:00-05:00,5.543444586351859,5.6696614537804075,5.482860547763653,5.614126205444336,217600,0.0,0.0
2020-12-02 00:00:00-05:00,5.598980130046266,5.688341692326128,5.508103834445289,5.639369487762451,185300,0.0,0.0
2020-12-03 00:00:00-05:00,5.629272677735975,5.851414657045412,5.624224368440133,5.790830612182617,346900,0.0,0.0
2020-12-04 00:00:00-05:00,5.821123044152992,5.906950570999555,5.7257030063539665,5.831220626831055,185500,0.0,0.0
2020-12-07 00:00:00-05:00,5.831218759192587,5.858986139705363,5.684807227608455,5.760537147521973,194500,0.0,0.0
2020-12-08 00:00:00-05:00,5.760537259948615,5.821121293357646,5.659563870933562,5.679758548736572,222500,0.0,0.0
2020-12-09 00:00:00-05:00,5.689855945541168,5.730245299849328,5.528298046829448,5.573736190795898,249300,0.0,0.0
2020-12-10 00:00:00-05:00,5.553541995411873,5.6696612787514145,5.498006748790239,5.508103847503662,256300,0.0,0.0
2020-12-11 00:00:00-05:00,5.472763381659288,5.563639679167304,5.437422813285786,5.558590888977051,266800,0.0,0.0
2020-12-14 00:00:00-05:00,5.558590888977051,5.619174926822684,5.472763381659288,5.558590888977051,298200,0.0,0.0
2020-12-15 00:00:00-05:00,5.503054650256344,5.6267475910678275,5.503054650256344,5.563639163970947,309700,0.0,0.0
2020-12-16 00:00:00-05:00,5.558590746927555,5.604028894520393,5.467714451741878,5.513152599334717,375100,0.0,0.0
2020-12-17 00:00:00-05:00,5.487909929289594,5.593932128611695,5.402082411672693,5.533348083496094,276200,0.0,0.0
2020-12-18 00:00:00-05:00,5.563639607156223,5.624223644217707,5.513152668865423,5.568687915802002,807000,0.0,0.0
2020-12-21 00:00:00-05:00,5.513152668865423,5.629271952863485,5.42732516265854,5.568687915802002,205600,0.0,0.0
2020-12-22 00:00:00-05:00,5.5383960681617515,5.578785425693359,5.492957920568912,5.513152599334717,263800,0.0,0.0
2020-12-23 00:00:00-05:00,5.553543809649373,5.649468445419705,5.543446226158137,5.583836078643799,273200,0.0,0.0
2020-12-24 00:00:00-05:00,5.624224528448027,5.629272837887491,5.538397008747497,5.578786373138428,117500,0.0,0.0
2020-12-28 00:00:00-05:00,5.609077841433145,5.674710675261008,5.472763864620792,5.4929585456848145,396500,0.0,0.0
2020-12-29 00:00:00-05:00,5.583834825406235,5.583834825406235,5.412179796415785,5.432374477386475,413200,0.0,0.0
2020-12-30 00:00:00-05:00,5.432374154376479,5.500278893574405,5.327905516435731,5.41148042678833,407100,0.36,0.0
2020-12-31 00:00:00-05:00,5.3801418959388565,5.500280745484271,5.3331308685007635,5.359248161315918,471800,0.0,0.0
2021-01-04 00:00:00-05:00,5.411480697026201,5.514904728474182,5.280894768542642,5.343575954437256,249400,0.0,0.0
2021-01-05 00:00:00-05:00,5.354023625022918,5.542067202276588,5.343576510547018,5.458492279052734,281900,0.0,0.0
2021-01-06 00:00:00-05:00,5.505501898708175,5.636087807594181,5.495055285033064,5.583853244781494,184200,0.0,0.0
2021-01-07 00:00:00-05:00,5.625641603584559,5.698769399072716,5.609970934712172,5.656981945037842,136900,0.0,0.0
2021-01-08 00:00:00-05:00,5.6726519626490255,5.709216357551909,5.58907705683512,5.677875518798828,176800,0.0,0.0
2021-01-11 00:00:00-05:00,5.641311429512327,5.688322436964667,5.5368428008103,5.57340669631958,112100,0.0,0.0
2021-01-12 00:00:00-05:00,5.583853288002097,5.662205132827592,5.573928730953782,5.609970569610596,124000,0.0,0.0
2021-01-13 00:00:00-05:00,5.630865213924868,5.766674701929347,5.630865213924868,5.709217071533203,140800,0.0,0.0
2021-01-14 00:00:00-05:00,5.719662900386778,5.886813208076108,5.719662900386778,5.85024881362915,168200,0.0,0.0
2021-01-15 00:00:00-05:00,5.895171598337886,5.923378108572959,5.8084623459570945,5.876367092132568,161700,0.0,0.0
2021-01-19 00:00:00-05:00,5.907706891106971,5.933823675048053,5.798014704858966,5.824131488800049,196000,0.0,0.0
2021-01-20 00:00:00-05:00,5.855473014497919,5.9651652136262605,5.824132172684487,5.8920369148254395,171500,0.0,0.0
2021-01-21 00:00:00-05:00,5.881589237773045,5.970387692375772,5.824131121179697,5.839801788330078,195000,0.0,0.0
2021-01-22 00:00:00-05:00,5.845026248457038,5.892037264897429,5.777122000427375,5.876367092132568,129100,0.0,0.0
2021-01-25 00:00:00-05:00,5.845025214840349,5.9703880692278695,5.78234403671945,5.824131488800049,141200,0.0,0.0
2021-01-26 00:00:00-05:00,5.860695925798489,5.910318214165668,5.80846136124325,5.85024881362915,104000,0.0,0.0
2021-01-27 00:00:00-05:00,5.7875687934498785,5.897261002454532,5.727499380890285,5.756228446960449,200900,0.0,0.0
2021-01-28 00:00:00-05:00,5.756227451445232,5.871142699560132,5.70399288546883,5.730110168457031,142500,0.0,0.0
2021-01-29 00:00:00-05:00,5.7144405642894025,5.786524258839095,5.510726814953312,5.620419025421143,191300,0.0,0.0
2021-02-01 00:00:00-05:00,5.6413124149476355,5.740035448213538,5.6047480149055,5.698770046234131,128600,0.0,0.0
2021-02-02 00:00:00-05:00,5.771897502692191,6.027845774766256,5.71966293779532,5.975611209869385,258600,0.0,0.0
2021-02-03 00:00:00-05:00,5.949495054420383,5.9630760028774,5.839802855059217,5.954718112945557,203000,0.0,0.0
2021-02-04 00:00:00-05:00,5.9808349609375,6.083736927620605,5.966209401844622,5.9808349609375,148300,0.0,0.0
2021-02-05 00:00:00-05:00,6.006952023294254,6.095750484359828,5.954717458616013,6.074856758117676,130500,0.0,0.0
2021-02-08 00:00:00-05:00,6.106196554122186,6.179324838524169,5.991281319106378,6.085302829742432,185700,0.0,0.0
2021-02-09 00:00:00-05:00,6.0330690048379045,6.163654911877056,6.0017281679644,6.116643905639648,175300,0.0,0.0
2021-02-10 00:00:00-05:00,6.242008596753604,6.242008596753604,6.127092816000436,6.189774513244629,234400,0.0,0.0
2021-02-11 00:00:00-05:00,6.210667268974313,6.351699820216313,6.189773539229358,6.289018630981445,339300,0.0,0.0
2021-02-12 00:00:00-05:00,6.299464901431412,6.336028799052743,6.189772710421674,6.242006778717041,127100,0.0,0.0
2021-02-16 00:00:00-05:00,6.299464550583565,6.3830394537180535,6.252453543033986,6.3203582763671875,95300,0.0,0.0
2021-02-17 00:00:00-05:00,6.283794571288498,6.372593040136899,6.242007115141694,6.325582027435303,57400,0.0,0.0
2021-02-18 00:00:00-05:00,6.320358276367187,6.336028446168474,6.257676600870604,6.3203582763671875,99100,0.0,0.0
2021-02-19 00:00:00-05:00,6.325581770137671,6.34752060714627,6.242006861243532,6.294241428375244,101400,0.0,0.0
2021-02-22 00:00:00-05:00,6.22633662510651,6.343864150848227,6.22633662510651,6.304687976837158,82700,0.0,0.0
2021-02-23 00:00:00-05:00,6.372592895377853,6.372592895377853,6.174102234116537,6.247230529785156,280100,0.0,0.0
2021-02-24 00:00:00-05:00,6.320357422297282,6.63898682197756,6.2733464211003,6.6076459884643555,359800,0.0,0.0
2021-02-25 00:00:00-05:00,6.393486782121579,6.76435082984074,6.364758217299249,6.38826322555542,233000,0.0,0.0
2021-02-26 00:00:00-05:00,6.612870985136812,6.618094541551857,6.398710153577538,6.508402347564697,309700,0.0,0.0
2021-03-01 00:00:00-05:00,6.6442114216499215,6.722562770530417,6.5710831307212585,6.659881591796875,140300,0.0,0.0
2021-03-02 00:00:00-05:00,6.67032852963682,6.722562594809899,6.591976684658629,6.717339038848877,148000,0.0,0.0
2021-03-03 00:00:00-05:00,6.7643512124108796,6.866208578628618,6.730399089102166,6.785244941711426,160300,0.0,0.0
2021-03-04 00:00:00-05:00,6.806136942075803,6.874041669589459,6.560635809694518,6.6285400390625,203900,0.0,0.0
2021-03-05 00:00:00-05:00,6.659881634117936,6.719951035184417,6.372592522820958,6.685998916625977,235700,0.0,0.0
2021-03-08 00:00:00-05:00,6.712116772022486,6.858372869146647,6.591977461489737,6.800915241241455,262700,0.0,0.0
2021-03-09 00:00:00-05:00,6.780020805352048,6.837478929626876,6.717339622807856,6.733010292053223,214200,0.0,0.0
2021-03-10 00:00:00-05:00,6.858371841885428,6.968064022835069,6.811360836029053,6.811360836029053,257200,0.0,0.0
2021-03-11 00:00:00-05:00,6.889711707007423,6.952393375939898,6.803525034907352,6.910605430603027,210700,0.0,0.0
2021-03-12 00:00:00-05:00,6.973287993632127,7.025522060245617,6.936723599042382,6.983734607696533,193400,0.0,0.0
2021-03-15 00:00:00-04:00,7.009852577077456,7.067310205427154,6.983735292138219,7.051640033721924,201800,0.0,0.0
2021-03-16 00:00:00-04:00,7.030746475951458,7.06731037686589,6.868819703916795,6.931501388549805,216100,0.0,0.0
2021-03-17 00:00:00-04:00,6.941947348799084,7.035969368730212,6.9367237925483005,6.988958358764648,138400,0.0,0.0
2021-03-18 00:00:00-04:00,7.015077068085244,7.0307472418777035,6.847926721097586,6.863597393035889,143000,0.0,0.0
2021-03-19 00:00:00-04:00,6.795690650109143,7.035968736449646,6.795690650109143,7.009851455688477,377800,0.0,0.0
2021-03-22 00:00:00-04:00,7.025522514267345,7.051639798334774,6.926277432586027,7.020298957824707,215200,0.0,0.0
2021-03-23 00:00:00-04:00,6.98373568830672,7.051640433742478,6.944560007748423,6.999405860900879,183200,0.0,0.0
2021-03-24 00:00:00-04:00,7.03596923864793,7.182225323945654,6.9471707766093065,6.973288059234619,664800,0.0,0.0
2021-03-25 00:00:00-04:00,6.802481395493906,7.103874011656594,6.802481395493906,7.0986504554748535,161800,0.0,0.0
2021-03-26 00:00:00-04:00,7.09342774685894,7.218790121325344,7.0208220009528794,7.208343505859375,204000,0.0,0.0
2021-03-29 00:00:00-04:00,7.250131398851676,7.250131398851676,7.051640711635547,7.1195454597473145,305800,0.0,0.0
2021-03-30 00:00:00-04:00,7.162498464804039,7.2269286736692795,7.098068255938798,7.141021728515625,156900,0.37,0.0
2021-03-31 00:00:00-04:00,7.135651690572477,7.1812898145486335,7.03363733159116,7.087328910827637,237900,0.0,0.0
2021-04-01 00:00:00-04:00,7.08195986799174,7.183974742889404,7.06048313307314,7.183974742889404,118700,0.0,0.0
2021-04-05 00:00:00-04:00,7.24840532134682,7.296728105416457,7.225317689306428,7.232297897338867,174600,0.0,0.0
2021-04-06 00:00:00-04:00,7.280618776615879,7.291356885796563,7.19471134294219,7.253772735595703,199300,0.0,0.0
2021-04-07 00:00:00-04:00,7.328942866070245,7.39605772935677,7.296728018438345,7.323574066162109,208700,0.0,0.0
2021-04-08 00:00:00-04:00,7.3235735108521975,7.388003713276349,7.3235735108521975,7.350419044494629,134000,0.0,0.0
2021-04-09 00:00:00-04:00,7.355788818236559,7.414850224870741,7.355788818236559,7.393373489379883,130700,0.0,0.0
2021-04-12 00:00:00-04:00,7.409481038834148,7.414850350809499,7.345050831267249,7.388004302978516,88900,0.0,0.0
2021-04-13 00:00:00-04:00,7.398741686514597,7.398741686514597,7.318204062995941,7.334311485290527,106800,0.0,0.0
2021-04-14 00:00:00-04:00,7.3557883096089,7.379949699371157,7.253773951092711,7.264512062072754,171500,0.0,0.0
2021-04-15 00:00:00-04:00,7.264511349771,7.328941545470919,7.237665306884615,7.296726703643799,126000,0.0,0.0
2021-04-16 00:00:00-04:00,7.323573611661862,7.412165205220259,7.318204300041174,7.366527080535889,268900,0.0,0.0
2021-04-19 00:00:00-04:00,7.377265213971318,7.447064729113467,7.312835010466046,7.409480571746826,207300,0.0,0.0
2021-04-20 00:00:00-04:00,7.425588579552355,7.450287107800127,7.28062073825728,7.36115837097168,186700,0.0,0.0
2021-04-21 00:00:00-04:00,7.275251188157284,7.420756160715854,7.275251188157284,7.393373489379883,168500,0.0,0.0
2021-04-22 00:00:00-04:00,7.355789001476136,7.404111785545773,7.232297897338867,7.232297897338867,311200,0.0,0.0
2021-04-23 00:00:00-04:00,7.269881632512714,7.40679600869333,7.248404897741975,7.339681148529053,128800,0.0,0.0
2021-04-26 00:00:00-04:00,7.345050606563594,7.430957547358015,7.345050606563594,7.377265453338623,97900,0.0,0.0
2021-04-27 00:00:00-04:00,7.430956965504436,7.447064387630719,7.393372809861204,7.4255876541137695,103800,0.0,0.0
2021-04-28 00:00:00-04:00,7.436325826187491,7.500756022833294,7.425587204057014,7.468540668487549,182500,0.0,0.0
2021-04-29 00:00:00-04:00,7.500756263732911,7.506125062924891,7.436326065017822,7.50075626373291,153500,0.0,0.0
2021-04-30 00:00:00-04:00,7.500757294232031,7.506126094161609,7.377265679027812,7.388004302978516,103500,0.0,0.0
2021-05-03 00:00:00-04:00,7.46317215197835,7.490018198116982,7.409480571746826,7.409480571746826,99500,0.0,0.0
2021-05-04 00:00:00-04:00,7.409480447417733,7.430957181559118,7.3343116219000235,7.350419044494629,105000,0.0,0.0
2021-05-05 00:00:00-04:00,7.3665276830315145,7.409481155418631,7.275251426197445,7.36115837097168,147900,0.0,0.0
2021-05-06 00:00:00-04:00,7.339681577468183,7.371896425484089,7.119544905191641,7.232297897338867,267400,0.0,0.0
2021-05-07 00:00:00-04:00,7.2537738617718714,7.361157530478654,7.22961247230713,7.334311485290527,141700,0.0,0.0
2021-05-10 00:00:00-04:00,7.388004618561415,7.425588779902759,7.221559524536132,7.221559524536133,142600,0.0,0.0
2021-05-11 00:00:00-04:00,7.162497241195272,7.178604662648417,7.0336368454787195,7.06585168838501,238800,0.0,0.0
2021-05-12 00:00:00-04:00,7.0604828990292825,7.11417499056885,6.861822979606055,6.9101457595825195,250400,0.0,0.0
2021-05-13 00:00:00-04:00,6.910145826723211,7.087329013661313,6.910145826723211,7.039006233215332,207100,0.0,0.0
2021-05-14 00:00:00-04:00,7.141020173491187,7.17323501488583,7.065851356827565,7.146389484405518,251200,0.0,0.0
2021-05-17 00:00:00-04:00,7.173234612535178,7.280618776615879,7.151757882128167,7.253772735595703,123500,0.0,0.0
2021-05-18 00:00:00-04:00,7.275250696681084,7.366526944362546,7.248404651119643,7.285988807678223,162900,0.0,0.0
2021-05-19 00:00:00-04:00,7.2537738617718714,7.345050108184068,7.205451082842388,7.334311485290527,173400,0.0,0.0
2021-05-20 00:00:00-04:00,7.345050946837956,7.388004419225073,7.307466274464892,7.36115837097168,83700,0.0,0.0
2021-05-21 00:00:00-04:00,7.40410966320871,7.409478973687545,7.269879973511638,7.307464122772217,86700,0.0,0.0
2021-05-24 00:00:00-04:00,7.30746554171823,7.328942275758236,7.264512073638216,7.285988807678223,162000,0.0,0.0
2021-05-25 00:00:00-04:00,7.307466501618855,7.350419975341189,6.958469399613443,6.979946136474609,957600,0.0,0.0
2021-05-26 00:00:00-04:00,7.017529161630095,7.161423736140454,7.001421739603924,7.11954402923584,221800,0.0,0.0
2021-05-27 00:00:00-04:00,7.146389773242828,7.221558080898872,7.124913040763145,7.2000813484191895,189400,0.0,0.0
2021-05-28 00:00:00-04:00,7.200080287097898,7.291356514693485,7.189342178463744,7.226926326751709,201700,0.0,0.0
2021-06-01 00:00:00-04:00,7.285988081670973,7.355787588357304,7.2484039288574404,7.296726703643799,222700,0.0,0.0
2021-06-02 00:00:00-04:00,7.334312082745702,7.398742289218275,7.285989299879831,7.393373489379883,208700,0.0,0.0
2021-06-03 00:00:00-04:00,7.398743629455566,7.441697108218042,7.361159463549864,7.398743629455566,156200,0.0,0.0
2021-06-04 00:00:00-04:00,7.4309567028680235,7.457802746826805,7.388003237352254,7.414849281311035,128300,0.0,0.0
2021-06-07 00:00:00-04:00,7.436328307407125,7.46317384759928,7.398743629455566,7.398743629455566,103600,0.0,0.0
2021-06-08 00:00:00-04:00,7.388004796446349,7.479281057940857,7.388004796446349,7.430958271026611,171100,0.0,0.0
2021-06-09 00:00:00-04:00,7.436325937380882,7.457802669917286,7.420218003944309,7.441694736480713,154600,0.0,0.0
2021-06-10 00:00:00-04:00,7.463172622450344,7.473911246401046,7.3826349910031634,7.388004302978516,264500,0.0,0.0
2021-06-11 00:00:00-04:00,7.420218118704623,7.500756250996002,7.420218118704623,7.479279518127441,176000,0.0,0.0
2021-06-14 00:00:00-04:00,7.468542543846707,7.490019281454806,7.339682118198107,7.382635593414307,336400,0.0,0.0
2021-06-15 00:00:00-04:00,7.414851074811676,7.436327812764343,7.345051548454048,7.355789661407471,219500,0.0,0.0
2021-06-16 00:00:00-04:00,7.371896241843261,7.40411160110243,7.318204659138999,7.393373489379883,261800,0.0,0.0
2021-06-17 00:00:00-04:00,7.393373811455805,7.414850547882249,7.2054519836900806,7.248405456542969,310100,0.0,0.0
2021-06-18 00:00:00-04:00,7.26987978537956,7.334309973321336,7.138334754326065,7.226926326751709,688900,0.0,0.0
2021-06-21 00:00:00-04:00,7.23766616186807,7.377265191731526,7.232297362293122,7.366527080535889,200600,0.0,0.0
2021-06-22 00:00:00-04:00,7.382634870511984,7.390688838343563,7.285989304716091,7.328942775726318,161400,0.0,0.0
2021-06-23 00:00:00-04:00,7.377266399360138,7.382635711859762,7.318205498001757,7.355789661407471,108600,0.0,0.0
2021-06-24 00:00:00-04:00,7.393373489379884,7.398742289218275,7.355788818236559,7.393373489379883,212600,0.0,0.0
2021-06-25 00:00:00-04:00,7.404110997961367,7.412164965131522,7.312834751549171,7.334311485290527,260700,0.0,0.0
2021-06-28 00:00:00-04:00,7.3343120876140375,7.382634870511984,7.248405145593584,7.328942775726318,237100,0.0,0.0
2021-06-29 00:00:00-04:00,7.378575228454201,7.400633728091232,7.295855460378251,7.3179144859313965,243900,0.36,0.0
2021-06-30 00:00:00-04:00,7.3399718283685935,7.3399718283685935,7.207620325496471,7.284825325012207,372400,0.0,0.0
2021-07-01 00:00:00-04:00,7.295854777044299,7.3454865280581085,7.257252537774034,7.306884288787842,156900,0.0,0.0
2021-07-02 00:00:00-04:00,7.306884267650379,7.36203077437643,7.284825770143171,7.351001262664795,137100,0.0,0.0
2021-07-06 00:00:00-04:00,7.362030154242889,7.395117634758576,7.3510006434603135,7.378573894500732,156900,0.0,0.0
2021-07-07 00:00:00-04:00,7.389603893240507,7.433720890591738,7.240709158659123,7.268282413482666,135800,0.0,0.0
2021-07-08 00:00:00-04:00,7.251737317815168,7.306883821171555,7.144753900696147,7.284825325012207,149500,0.0,0.0
2021-07-09 00:00:00-04:00,7.339972850518538,7.447507968530982,7.290341095769377,7.411662578582764,189900,0.0,0.0
2021-07-12 00:00:00-04:00,7.378574463770014,7.483352194708159,7.367544952136493,7.461293697357178,119300,0.0,0.0
2021-07-13 00:00:00-04:00,7.4337203408849994,7.488866846454127,7.356515864187487,7.400632858276367,238400,0.0,0.0
2021-07-14 00:00:00-04:00,7.4392353885265825,7.4778381543060926,7.295854889153717,7.345486640930176,146800,0.0,0.0
2021-07-15 00:00:00-04:00,7.345487155315927,7.406148423253364,7.251738401154534,7.279311656951904,253100,0.0,0.0
2021-07-16 00:00:00-04:00,7.284826782793768,7.359274419447949,7.2407097816467285,7.2407097816467285,151300,0.0,0.0
2021-07-19 00:00:00-04:00,7.26828335406761,7.26828335406761,7.036668825042476,7.1635050773620605,220900,0.0,0.0
2021-07-20 00:00:00-04:00,7.196589099271807,7.4612909707526915,7.185559591668836,7.433717727661133,292600,0.0,0.0
2021-07-21 00:00:00-04:00,7.477838947276712,7.527470178400129,7.373060676656306,7.417177677154541,105100,0.0,0.0
2021-07-22 00:00:00-04:00,7.400632743886122,7.444749737293094,7.328942498120782,7.362030506134033,89000,0.0,0.0
2021-07-23 00:00:00-04:00,7.411662134660097,7.428206402529633,7.334457654933226,7.345486640930176,89600,0.0,0.0
2021-07-26 00:00:00-04:00,7.367545920114994,7.428207190237165,7.345487419865876,7.417177677154541,103400,0.0,0.0
2021-07-27 00:00:00-04:00,7.373058053402591,7.422689792783706,7.345484806422422,7.384087562561035,157700,0.0,0.0
2021-07-28 00:00:00-04:00,7.395117988231239,7.425448618417049,7.351000994824267,7.362030506134033,187100,0.0,0.0
2021-07-29 00:00:00-04:00,7.417176755186417,7.417176755186417,7.328942765157587,7.351001262664795,192400,0.0,0.0
2021-07-30 00:00:00-04:00,7.392360901136032,7.417176776642936,7.268282049517576,7.306884288787842,285800,0.0,0.0
2021-08-02 00:00:00-04:00,7.362029969327376,7.4337196839493735,7.2903397287893705,7.301368713378906,113200,0.0,0.0
2021-08-03 00:00:00-04:00,7.345484962287052,7.362029226375774,7.235192497942012,7.29033899307251,115300,0.0,0.0
2021-08-04 00:00:00-04:00,7.441992075609241,7.604673679810878,7.389602950718198,7.527468681335449,546500,0.0,0.0
2021-08-05 00:00:00-04:00,7.544012872315014,7.7204808374493,7.544012872315014,7.593644618988037,491200,0.0,0.0
2021-08-06 00:00:00-04:00,7.648792105980619,7.714967605977452,7.5715870930262525,7.698423862457275,217700,0.0,0.0
2021-08-09 00:00:00-04:00,7.720481226002876,7.720481226002876,7.604673986576191,7.621217727661133,155000,0.0,0.0
2021-08-10 00:00:00-04:00,7.643277470054804,7.720482484226881,7.632248482839441,7.714967727661133,90600,0.0,0.0
2021-08-11 00:00:00-04:00,7.808716405559768,7.8693776753288365,7.714967648567687,7.847318649291992,346200,0.0,0.0
2021-08-12 00:00:00-04:00,7.869377527475607,7.880406514370685,7.803201502440672,7.874891757965088,152800,0.0,0.0
2021-08-13 00:00:00-04:00,7.8528333436708895,7.885921356548243,7.8032015873129215,7.869377613067627,158000,0.0,0.0
2021-08-16 00:00:00-04:00,7.8142307229190395,7.857796034694787,7.748055226275866,7.781142711639404,89100,0.0,0.0
2021-08-17 00:00:00-04:00,7.753570497705237,7.761290946530831,7.643277470054804,7.714967727661133,124400,0.0,0.0
2021-08-18 00:00:00-04:00,7.692908421301669,7.803200911480244,7.6653351672780055,7.687393665313721,99500,0.0,0.0
2021-08-19 00:00:00-04:00,7.637761800683177,7.687944708596607,7.433720053514815,7.455779075622559,252200,0.0,0.0
2021-08-20 00:00:00-04:00,7.444749613734395,7.67636408823497,7.433720102607683,7.6487908363342285,106600,0.0,0.0
2021-08-23 00:00:00-04:00,7.703936969196068,7.78665619499938,7.643275712752028,7.709451198577881,150100,0.0,0.0
2021-08-24 00:00:00-04:00,7.742540862455163,7.797687375410586,7.692909105978508,7.698423862457275,112900,0.0,0.0
2021-08-25 00:00:00-04:00,7.670848558374432,7.830772772156707,7.670848558374432,7.748053550720215,139300,0.0,0.0
2021-08-26 00:00:00-04:00,7.720482336409703,7.7976873491036045,7.703938592945339,7.7425408363342285,66000,0.0,0.0
2021-08-27 00:00:00-04:00,7.73151156849537,7.808716052468821,7.7133132935707565,7.775628566741943,137400,0.0,0.0
2021-08-30 00:00:00-04:00,7.803199960510569,7.803199960510569,7.621217242414987,7.643275737762451,122900,0.0,0.0
2021-08-31 00:00:00-04:00,7.610188257699262,7.692907483773249,7.560556511688465,7.643275737762451,160800,0.0,0.0
2021-09-01 00:00:00-04:00,7.665334233109916,7.701179616747053,7.621217242414987,7.643275737762451,90600,0.0,0.0
2021-09-02 00:00:00-04:00,7.637761832460484,7.709451550944786,7.600261915454126,7.692907810211182,154500,0.0,0.0
2021-09-03 00:00:00-04:00,7.714966038481004,7.738127379886646,7.665334292088331,7.70393705368042,116000,0.0,0.0
2021-09-07 00:00:00-04:00,7.709450907626098,7.709450907626098,7.549526691436768,7.549526691436768,133600,0.0,0.0
2021-09-08 00:00:00-04:00,7.532983436779984,7.623974797950729,7.527468681335448,7.527468681335449,91100,0.0,0.0
2021-09-09 00:00:00-04:00,7.538498382679973,7.604673871938212,7.527468871512247,7.582615375518799,147000,0.0,0.0
2021-09-10 00:00:00-04:00,7.593645633391298,7.626733118315984,7.571586608886719,7.571586608886719,80600,0.0,0.0
2021-09-13 00:00:00-04:00,7.62121692985488,7.62121692985488,7.53849770717336,7.549526691436768,194700,0.0,0.0
2021-09-14 00:00:00-04:00,7.566072378676665,7.610189375853641,7.549528110298231,7.571586608886719,130600,0.0,0.0
2021-09-15 00:00:00-04:00,7.527469611709743,7.604674619727496,7.483352614532767,7.571586608886719,313700,0.0,0.0
2021-09-16 00:00:00-04:00,7.566072413909176,7.588130912600383,7.461294150688875,7.505411148071289,247100,0.0,0.0
2021-09-17 00:00:00-04:00,7.483351090196389,7.615702580683803,7.483351090196389,7.510924339294434,619800,0.0,0.0
2021-09-20 00:00:00-04:00,7.461293771782884,7.527469264495922,7.362030795671361,7.477838039398193,281800,0.0,0.0
2021-09-21 00:00:00-04:00,7.505410857863737,7.610189117032635,7.505410857863737,7.5605573654174805,113600,0.0,0.0
2021-09-22 00:00:00-04:00,7.604674681695129,7.676364934170914,7.577101426755812,7.610189437866211,169100,0.0,0.0
2021-09-23 00:00:00-04:00,7.654305591897584,7.731510592036455,7.6487908363342285,7.6487908363342285,173100,0.0,0.0
2021-09-24 00:00:00-04:00,7.648791643869799,7.7259966521597345,7.644931419751107,7.676364898681641,158400,0.0,0.0
2021-09-27 00:00:00-04:00,7.692908297791426,7.7425400490539635,7.6101890629645785,7.670849800109863,212000,0.0,0.0
2021-09-28 00:00:00-04:00,7.670849979438657,7.698423233664236,7.566072244480756,7.577101230621338,251000,0.0,0.0
2021-09-29 00:00:00-04:00,7.622474735112338,7.707547324962022,7.605460433492359,7.673518180847168,237600,0.38,0.0
2021-09-30 00:00:00-04:00,7.7132177016024634,7.7132177016024634,7.605459213256836,7.605459213256836,227500,0.0,0.0
2021-10-01 00:00:00-04:00,7.6565038792271904,7.7302332407469585,7.611132047657318,7.673518180847168,187800,0.0,0.0
2021-10-04 00:00:00-04:00,7.6848584081290765,7.7302302219806025,7.582771556525802,7.594114780426025,245700,0.0,0.0
2021-10-05 00:00:00-04:00,7.628145470029548,7.679188909880927,7.5827736436893955,7.639488697052002,185500,0.0,0.0
2021-10-06 00:00:00-04:00,7.594116870711851,7.659905640292687,7.5827736436893955,7.639488697052002,115900,0.0,0.0
2021-10-07 00:00:00-04:00,7.679188099551605,7.696202397415057,7.577101230621337,7.577101230621338,158200,0.0,0.0
2021-10-08 00:00:00-04:00,7.577102120631194,7.707546528572459,7.577102120631194,7.662174701690674,100800,0.0,0.0
2021-10-11 00:00:00-04:00,7.679187125497623,7.769930757092176,7.673515513304286,7.7188873291015625,140500,0.0,0.0
2021-10-12 00:00:00-04:00,7.713216511992004,7.79545272800686,7.707544899611745,7.730230808258057,226900,0.0,0.0
2021-10-13 00:00:00-04:00,7.741572721436882,7.832316887862881,7.735901650495929,7.803959369659424,202900,0.0,0.0
2021-10-14 00:00:00-04:00,7.8550027350990215,7.8550027350990215,7.781273404675116,7.837987899780273,172100,0.0,0.0
2021-10-15 00:00:00-04:00,7.911718544505866,7.934404454491466,7.832318129993645,7.872018337249756,204900,0.0,0.0
2021-10-18 00:00:00-04:00,7.9230598603528755,7.934402542174531,7.832316242281128,7.843658924102783,199400,0.0,0.0
2021-10-19 00:00:00-04:00,7.8833600066320475,7.911717525681021,7.866345711552539,7.906045913696289,92200,0.0,0.0
2021-10-20 00:00:00-04:00,7.923060902854126,8.081862255374462,7.90037499535122,8.036490440368652,350700,0.0,0.0
2021-10-21 00:00:00-04:00,8.036491523362418,8.059177433922466,7.968433791682275,8.002462387084961,106300,0.0,0.0
2021-10-22 00:00:00-04:00,8.025148073930739,8.030819686631338,7.996791092177256,8.013805389404297,91900,0.0,0.0
2021-10-25 00:00:00-04:00,8.0138063229453,8.056342341405369,8.0138063229453,8.042163848876953,94400,0.0,0.0
2021-10-26 00:00:00-04:00,8.042162816716537,8.053505501108546,7.991119384765626,7.991119384765625,149700,0.0,0.0
2021-10-27 00:00:00-04:00,7.991118937743446,8.01664065229122,7.906046375625958,7.934403896331787,238100,0.0,0.0
2021-10-28 00:00:00-04:00,7.9457468240484985,8.025147230008134,7.9457468240484985,8.008132934570312,156100,0.0,0.0
2021-10-29 00:00:00-04:00,8.025148297645009,8.064849046781172,7.9882838958129705,8.002462387084961,119000,0.0,0.0
2021-11-01 00:00:00-04:00,8.03081996657101,8.08186340090617,7.979776532235848,7.999626636505127,173100,0.0,0.0
2021-11-02 00:00:00-04:00,8.019476458449274,8.019476458449274,7.928732284015677,7.934403896331787,245200,0.0,0.0
2021-11-03 00:00:00-04:00,7.940075936484213,8.093206232022002,7.940075936484213,8.019476890563965,429800,0.0,0.0
2021-11-04 00:00:00-04:00,8.059176459198012,8.121562570474104,7.996790347921918,8.030818939208984,274500,0.0,0.0
2021-11-05 00:00:00-04:00,8.166933505895207,8.166933505895207,8.02514646210623,8.08186149597168,212500,0.0,0.0
2021-11-08 00:00:00-05:00,8.07619139415686,8.094907283108716,7.979776143086714,8.019476890563965,206600,0.0,0.0
2021-11-09 00:00:00-05:00,8.036489417236654,8.088099674450941,7.8776880849334425,7.9287309646606445,317800,0.0,0.0
2021-11-10 00:00:00-05:00,7.96276138244546,8.059176627901596,7.82097432040699,7.877689361572266,254500,0.0,0.0
2021-11-11 00:00:00-05:00,7.911718544505866,7.948583486279189,7.826646517278555,7.872018337249756,192100,0.0,0.0
2021-11-12 00:00:00-05:00,7.860674448801643,8.013804733944555,7.860674448801643,7.940075397491455,164700,0.0,0.0
2021-11-15 00:00:00-05:00,7.979775678445155,8.019476423610735,7.855003453281099,7.877689361572266,101700,0.0,0.0
2021-11-16 00:00:00-05:00,7.8606759041340295,7.95142009409772,7.815304079589591,7.88336181640625,150400,0.0,0.0
2021-11-17 00:00:00-05:00,7.860674524697852,7.911717953571656,7.855003453281099,7.877689361572266,116800,0.0,0.0
2021-11-18 00:00:00-05:00,7.877689854969818,7.923061674393891,7.826646422899048,7.849332332611084,92800,0.0,0.0
2021-11-19 00:00:00-05:00,7.832316242281128,7.855002146799065,7.7699295992008315,7.843658924102783,193300,0.0,0.0
2021-11-22 00:00:00-05:00,7.843660035724087,7.877689167760992,7.781273924676916,7.832317352294922,182200,0.0,0.0
2021-11-23 00:00:00-05:00,7.849332332611085,7.877689854969818,7.815303197605655,7.849332332611084,82800,0.0,0.0
2021-11-24 00:00:00-05:00,7.7982876991191965,7.883359712214266,7.7982876991191965,7.837987899780273,111500,0.0,0.0
2021-11-26 00:00:00-05:00,7.79828813725792,7.837988340149511,7.684858599800018,7.78127384185791,220600,0.0,0.0
2021-11-29 00:00:00-05:00,7.8379878997802725,7.883359712214266,7.79261608734628,7.837987899780273,200000,0.0,0.0
2021-11-30 00:00:00-05:00,7.820975707979819,7.860109082509284,7.730232058715702,7.769932270050049,172100,0.0,0.0
2021-12-01 00:00:00-05:00,7.849331803261366,7.883360395097197,7.741573333740235,7.741573333740234,119600,0.0,0.0
2021-12-02 00:00:00-05:00,7.7585880169438814,7.877689167760992,7.747244792640012,7.832317352294922,203800,0.0,0.0
2021-12-03 00:00:00-05:00,7.8606763799920865,7.9383757559249215,7.781275952670098,7.798290252685547,115400,0.0,0.0
2021-12-06 00:00:00-05:00,7.872017845282472,7.945747183346594,7.826646028146816,7.9003753662109375,135900,0.0,0.0
2021-12-07 00:00:00-05:00,7.940075272439851,7.9911187000169175,7.917389364725011,7.974104404449463,135500,0.0,0.0
2021-12-08 00:00:00-05:00,8.002461383436986,8.042162127593983,7.945746884587237,7.974104404449463,156300,0.0,0.0
2021-12-09 00:00:00-05:00,7.951418733280117,7.979775713111226,7.911717987942067,7.934403896331787,138100,0.0,0.0
2021-12-10 00:00:00-05:00,7.889032079552348,7.951418733280117,7.883360467236238,7.934403896331787,97000,0.0,0.0
2021-12-13 00:00:00-05:00,7.940077742194495,7.968435270877308,7.775604724884032,7.775604724884033,208700,0.0,0.0
2021-12-14 00:00:00-05:00,7.769930153606223,7.832316801137975,7.718886729580123,7.752915859222412,217000,0.0,0.0
2021-12-15 00:00:00-05:00,7.775603518115836,7.8436612518671485,7.705277355501916,7.764260292053223,280600,0.0,0.0
2021-12-16 00:00:00-05:00,7.77560246645078,7.849331803261366,7.707544741904405,7.741573333740234,331500,0.0,0.0
2021-12-17 00:00:00-05:00,7.70754459573563,7.798288226743235,7.56008592491092,7.690530300140381,1242900,0.0,0.0
2021-12-20 00:00:00-05:00,7.633815213744495,7.71888723207637,7.509042451433005,7.696201324462891,291500,0.0,0.0
2021-12-21 00:00:00-05:00,7.778438175382181,7.872017613073402,7.656501217598985,7.7188873291015625,426500,0.0,0.0
2021-12-22 00:00:00-05:00,7.820977350096844,7.872020798743857,7.735905296268442,7.786948204040527,323200,0.0,0.0
2021-12-23 00:00:00-05:00,7.81530194563179,7.962760605575232,7.81530194563179,7.951417922973633,193100,0.0,0.0
2021-12-27 00:00:00-05:00,7.9967904381091355,7.9967904381091355,7.889031969110484,7.940075397491455,131700,0.0,0.0
2021-12-28 00:00:00-05:00,7.945747581906654,8.04216283337481,7.936105948584888,7.962761878967285,223600,0.0,0.0
2021-12-29 00:00:00-05:00,8.039326623798225,8.039326623798225,7.866346232921834,7.9003753662109375,303400,0.0,0.0
2021-12-30 00:00:00-05:00,7.906210341257992,8.022907059929839,7.8770360224765685,7.9003753662109375,287000,0.39,0.0
2021-12-31 00:00:00-05:00,7.9178807116899925,8.05208237205883,7.912046292377021,8.011238098144531,488800,0.0,0.0
2022-01-03 00:00:00-05:00,8.084171468504863,8.157106976765442,8.022905908663784,8.028740882873535,205700,0.0,0.0
2022-01-04 00:00:00-05:00,8.052081520883169,8.133768947168855,8.034577151886788,8.104595184326172,117700,0.0,0.0
2022-01-05 00:00:00-05:00,8.15710801865662,8.178697314699502,7.999567590047402,8.005402565002441,197500,0.0,0.0
2022-01-06 00:00:00-05:00,8.06375098717326,8.0929253067319,7.993732954104843,8.081255912780762,139900,0.0,0.0
2022-01-07 00:00:00-05:00,8.104596009436602,8.267971435094712,8.087091082204227,8.262136459350586,230100,0.0,0.0
2022-01-10 00:00:00-05:00,8.291309897319389,8.332153610264308,8.215456890097498,8.23879623413086,358300,0.0,0.0
2022-01-11 00:00:00-05:00,8.221291739507382,8.349658407954944,8.221291739507382,8.343823432922363,370600,0.0,0.0
2022-01-12 00:00:00-05:00,8.343823755678995,8.384667469579295,8.291310091262115,8.361328125,285800,0.0,0.0
2022-01-13 00:00:00-05:00,8.361327801566262,8.40158835025569,8.326319064278465,8.343823432922363,160300,0.0,0.0
2022-01-14 00:00:00-05:00,8.343823724711411,8.384667438460122,8.244631371504088,8.250466346740723,349400,0.0,0.0
2022-01-18 00:00:00-05:00,8.262135771424528,8.405089326529444,8.256300796166238,8.361328125,236800,0.0,0.0
2022-01-19 00:00:00-05:00,8.34965686494922,8.378830621813162,8.250464533541331,8.279638290405273,235000,0.0,0.0
2022-01-20 00:00:00-05:00,8.2854748147551,8.349658427354932,8.133768802278576,8.151273727416992,248200,0.0,0.0
2022-01-21 00:00:00-05:00,8.116264058907428,8.203787011197479,7.9703930282111655,7.9878973960876465,274300,0.0,0.0
2022-01-24 00:00:00-05:00,7.929549559948433,8.127934256789096,7.748669231519053,8.005402565002441,593500,0.0,0.0
2022-01-25 00:00:00-05:00,7.982063520192511,8.23004384406481,7.982063520192511,8.21545696258545,404300,0.0,0.0
2022-01-26 00:00:00-05:00,8.314650356435777,8.329820959914695,8.162944321646602,8.192118644714355,239100,0.0,0.0
2022-01-27 00:00:00-05:00,8.215456692126699,8.288392210030134,8.081255606282221,8.116264343261719,279800,0.0,0.0
2022-01-28 00:00:00-05:00,8.09292650619552,8.139605201826111,8.040412834497618,8.122100830078125,120300,0.0,0.0
2022-01-31 00:00:00-05:00,8.133768588028113,8.23879591027671,8.087089901796254,8.221291542053223,171400,0.0,0.0
2022-02-01 00:00:00-05:00,8.262136384584613,8.32632000428135,8.221292667653168,8.285475730895996,173000,0.0,0.0
2022-02-02 00:00:00-05:00,8.326319136460118,8.326319136460118,8.238796179574189,8.320484161376953,168200,0.0,0.0
2022-02-03 00:00:00-05:00,8.285476280132578,8.378833671566687,8.232962608337402,8.232962608337402,173200,0.0,0.0
2022-02-04 00:00:00-05:00,8.238797273267851,8.361328984011056,8.180449184052089,8.27380657196045,143500,0.0,0.0
2022-02-07 00:00:00-05:00,8.291309537663723,8.408006252768532,8.291309537663723,8.35549259185791,167300,0.0,0.0
2022-02-08 00:00:00-05:00,8.413841610242946,8.425511004057157,8.27963996442944,8.297144889831543,219500,0.0,0.0
2022-02-09 00:00:00-05:00,8.326320079628136,8.37883319196352,8.238797112828,8.262136459350586,169900,0.0,0.0
2022-02-10 00:00:00-05:00,8.262138048825433,8.343826055596631,8.168780644774936,8.186285018920898,473700,0.0,0.0
2022-02-11 00:00:00-05:00,8.186282610611858,8.256300643051242,8.087090258875932,8.104595184326172,626400,0.0,0.0
2022-02-14 00:00:00-05:00,8.12793360651538,8.157107366048864,7.987897001067206,7.99373197555542,203000,0.0,0.0
2022-02-15 00:00:00-05:00,8.110431587277244,8.110431587277244,8.022909164428711,8.022909164428711,159500,0.0,0.0
2022-02-16 00:00:00-05:00,8.04624654573309,8.157108291315318,8.034577151886788,8.104595184326172,181500,0.0,0.0
2022-02-17 00:00:00-05:00,8.110429822881773,8.16294348774833,8.02290741907343,8.034577369689941,179500,0.0,0.0
2022-02-18 00:00:00-05:00,8.011239211273443,8.087092237420702,8.005404791149802,8.022909164428711,149900,0.0,0.0
2022-02-22 00:00:00-05:00,8.022907506010496,8.13960423117078,7.970393840574896,8.063751220703125,302200,0.0,0.0
2022-02-23 00:00:00-05:00,8.203788917113586,8.402173097528191,8.139605292565552,8.209623336791992,245100,0.0,0.0
2022-02-24 00:00:00-05:00,8.081255696224869,8.180448046193838,7.923714708702206,8.151273727416992,327600,0.0,0.0
2022-02-25 00:00:00-05:00,8.139604974483186,8.215457991877773,8.139604974483186,8.192118644714355,204300,0.0,0.0
2022-02-28 00:00:00-05:00,8.139603882875607,8.267970553286027,8.110429563720439,8.23879623413086,222000,0.0,0.0
2022-03-01 00:00:00-05:00,8.26213598975524,8.29131031036377,8.127934893991435,8.29131031036377,220400,0.0,0.0
2022-03-02 00:00:00-05:00,8.285474688928531,8.530538072606255,8.285474688928531,8.501363754272461,304800,0.0,0.0
2022-03-03 00:00:00-05:00,8.33798860286207,8.402171659974877,7.993732860308044,8.297144889831543,763500,0.0,0.0
2022-03-04 00:00:00-05:00,8.297144889831543,8.378249152251506,8.238796251398915,8.297144889831543,181100,0.0,0.0
2022-03-07 00:00:00-05:00,8.238797415307351,8.314650433404106,8.162944397210595,8.168779373168945,261900,0.0,0.0
2022-03-08 00:00:00-05:00,8.157107053435109,8.267969338647308,8.090006518753594,8.197951316833496,242700,0.0,0.0
2022-03-09 00:00:00-05:00,8.267968898950446,8.314647577677247,8.174611541496844,8.279638290405273,295100,0.0,0.0
2022-03-10 00:00:00-05:00,8.215458177039967,8.387586074919856,8.215458177039967,8.37299919128418,229800,0.0,0.0
2022-03-11 00:00:00-05:00,8.35549426317664,8.421427934310671,8.297146172179996,8.37299919128418,147900,0.0,0.0
2022-03-14 00:00:00-04:00,8.408006324894773,8.477441190938718,8.28080709909822,8.3321533203125,229900,0.0,0.0
2022-03-15 00:00:00-04:00,8.343824077087076,8.419677089005145,8.297145386130401,8.378832817077637,134400,0.0,0.0
2022-03-16 00:00:00-04:00,8.402171513886639,8.402171513886639,8.26213545182776,8.343823432922363,166700,0.0,0.0
2022-03-17 00:00:00-04:00,8.343823959571097,8.55971304131857,8.308814663619723,8.542208671569824,347000,0.0,0.0
2022-03-18 00:00:00-04:00,8.513035123444212,8.571383213385504,8.413842758444693,8.419677734375,948200,0.0,0.0
2022-03-21 00:00:00-04:00,8.44301553216212,8.618060882769162,8.44301553216212,8.548042297363281,166300,0.0,0.0
2022-03-22 00:00:00-04:00,8.594720983331316,8.623895301174795,8.495529192989615,8.548042297363281,240600,0.0,0.0
2022-03-23 00:00:00-04:00,8.58305100725951,8.605806628630894,8.483858667199343,8.489693641662598,122300,0.0,0.0
2022-03-24 00:00:00-04:00,8.495528290088483,8.548041388881078,8.437179660602792,8.472188949584961,214900,0.0,0.0
2022-03-25 00:00:00-04:00,8.518869721541419,8.56554841400571,8.489695399637762,8.53637409210205,131200,0.0,0.0
2022-03-28 00:00:00-04:00,8.565549381225962,8.68224612556406,8.50136575449953,8.647236824035645,311400,0.0,0.0
2022-03-29 00:00:00-04:00,8.647234755700127,8.728922735424801,8.6151435064668,8.641400337219238,294000,0.0,0.0
2022-03-30 00:00:00-04:00,8.617413990837374,8.665388414449113,8.554447774309553,8.62940788269043,230800,0.4,0.0
2022-03-31 00:00:00-04:00,8.62940788269043,8.729554477682433,8.62940788269043,8.62940788269043,165500,0.0,0.0
2022-04-01 00:00:00-04:00,8.665386694747356,8.761335522929176,8.635402542965506,8.743345260620117,146600,0.0,0.0
2022-04-04 00:00:00-04:00,8.779325705212903,8.779325705212903,8.641398846018463,8.68337631225586,301800,0.0,0.0
2022-04-05 00:00:00-04:00,8.64739689036375,8.743345723626568,8.623409682048045,8.665387153625488,142500,0.0,0.0
2022-04-06 00:00:00-04:00,8.62341021005518,8.662389211492306,8.547250833287121,8.557445526123047,117900,0.0,0.0
2022-04-07 00:00:00-04:00,8.635404256716717,8.683378680328456,8.545452355419762,8.62940788269043,185800,0.0,0.0
2022-04-08 00:00:00-04:00,8.65939060129688,8.700768723385625,8.605419809063951,8.641400337219238,84600,0.0,0.0
2022-04-11 00:00:00-04:00,8.617413848151843,8.772131733473074,8.617413848151843,8.713362693786621,374400,0.0,0.0
2022-04-12 00:00:00-04:00,8.713361812711085,8.833297857626894,8.647397130982432,8.659390449523926,219100,0.0,0.0
2022-04-13 00:00:00-04:00,8.659390306114028,8.803314129529623,8.659390306114028,8.767333030700684,115600,0.0,0.0
2022-04-14 00:00:00-04:00,8.731351943047454,8.803313564183817,8.671383639483754,8.743345260620117,180400,0.0,0.0
2022-04-18 00:00:00-04:00,8.773330461627188,8.87527624673736,8.725356041798893,8.845292091369629,217400,0.0,0.0
2022-04-19 00:00:00-04:00,8.875277123348958,8.917254601869786,8.839296018973785,8.899264335632324,206600,0.0,0.0
2022-04-20 00:00:00-04:00,8.905260810941591,8.92924802195698,8.845292497453007,8.887269973754883,216300,0.0,0.0
2022-04-21 00:00:00-04:00,8.90526112331446,8.923251389231996,8.73735006841664,8.761337280273438,220300,0.0,0.0
2022-04-22 00:00:00-04:00,8.773330103699012,8.869278939441147,8.563441596587962,8.593425750732422,181500,0.0,0.0
2022-04-25 00:00:00-04:00,8.533456347351626,8.611414909362793,8.449501412801217,8.611414909362793,212500,0.0,0.0
2022-04-26 00:00:00-04:00,8.61741381916408,8.618613093945445,8.413522236925923,8.425516128540039,261300,0.0,0.0
2022-04-27 00:00:00-04:00,8.461495240153052,8.557444641269642,8.425514715146948,8.503473281860352,370800,0.0,0.0
2022-04-28 00:00:00-04:00,8.527461687752742,8.55744584407238,8.431512845050074,8.497477531433105,217100,0.0,0.0
2022-04-29 00:00:00-04:00,8.473490949500428,8.539455640778117,8.386536946911411,8.401529312133789,240700,0.0,0.0
2022-05-02 00:00:00-04:00,8.45550132503798,8.50347575359108,8.215628610372187,8.305581092834473,335300,0.0,0.0
2022-05-03 00:00:00-04:00,8.347554832227882,8.557443291969692,8.287586537473068,8.527459144592285,194300,0.0,0.0
2022-05-04 00:00:00-04:00,8.74934325171304,8.92924761201924,8.683377995523989,8.845292091369629,393600,0.0,0.0
2022-05-05 00:00:00-04:00,8.797317732228606,8.83929520689289,8.55144868593745,8.725356101989746,240500,0.0,0.0
2022-05-06 00:00:00-04:00,8.821304490076091,8.95923079798794,8.725355654676514,8.869278907775879,333600,0.0,0.0
2022-05-09 00:00:00-04:00,8.857285062995706,8.857285062995706,8.496277105140969,8.63540267944336,319600,0.0,0.0
2022-05-10 00:00:00-04:00,8.683379079310074,8.839296249162391,8.56344301476993,8.60542106628418,171800,0.0,0.0
2022-05-11 00:00:00-04:00,8.593427426910825,8.665389067753798,8.491481626074874,8.509471893310547,203500,0.0,0.0
2022-05-12 00:00:00-04:00,8.455499474518506,8.509470265903795,8.227620702813306,8.317572593688965,315100,0.0,0.0
2022-05-13 00:00:00-04:00,8.395531971404976,8.533458293565948,8.36854628717344,8.425516128540039,184100,0.0,0.0
2022-05-16 00:00:00-04:00,8.461497144883394,8.581433780302504,8.443506878330632,8.569439888000488,162500,0.0,0.0
2022-05-17 00:00:00-04:00,8.635404972399437,8.7673349342159,8.635404972399437,8.701370239257812,160400,0.0,0.0
2022-05-18 00:00:00-04:00,8.725355994614054,8.725355994614054,8.488481797580144,8.557445526123047,228000,0.0,0.0
2022-05-19 00:00:00-04:00,8.563440664038456,8.607217329876077,8.383536330663256,8.407524108886719,161200,0.0,0.0
2022-05-20 00:00:00-04:00,8.467491216756038,8.539452830440075,8.131670352897196,8.227619171142578,256700,0.0,0.0
2022-05-23 00:00:00-04:00,8.257605023331703,8.437508808705228,8.257605023331703,8.365547180175781,180400,0.0,0.0
2022-05-24 00:00:00-04:00,8.36554668880974,8.388934545550688,8.20962955020393,8.287588119506836,147600,0.0,0.0
2022-05-25 00:00:00-04:00,8.317573002858428,8.533457894720218,8.317573002858428,8.449502944946289,210200,0.0,0.0
2022-05-26 00:00:00-04:00,8.539453806866456,8.575434903772694,8.467492184954114,8.503473281860352,212700,0.0,0.0
2022-05-27 00:00:00-04:00,8.467493462480777,8.5994234085083,8.467493462480777,8.5994234085083,237200,0.0,0.0
2022-05-31 00:00:00-04:00,8.545452999682174,8.611417694146496,8.506473992021505,8.509471893310547,232900,0.0,0.0
2022-06-01 00:00:00-04:00,8.551449621447727,8.605420993006275,8.461497144883394,8.569439888000488,146100,0.0,0.0
2022-06-02 00:00:00-04:00,8.539455488111864,8.61741407017373,8.515468276085155,8.57543659210205,151800,0.0,0.0
2022-06-03 00:00:00-04:00,8.563442383299268,8.599423485958189,8.515467961020859,8.545452117919922,189800,0.0,0.0
2022-06-06 00:00:00-04:00,8.551449461857596,8.686377316335632,8.50947141148421,8.677382469177246,235800,0.0,0.0
2022-06-07 00:00:00-04:00,8.683380128655152,8.694774099055893,8.605422106208405,8.617415428161621,129700,0.0,0.0
2022-06-08 00:00:00-04:00,8.551449621447727,8.617414313408029,8.515468516441942,8.569439888000488,156300,0.0,0.0
2022-06-09 00:00:00-04:00,8.605420097241018,8.630006658860438,8.437509053892756,8.449502944946289,324600,0.0,0.0
2022-06-10 00:00:00-04:00,8.39553111052428,8.485483000805543,8.329566429111365,8.437508583068848,336400,0.0,0.0
2022-06-13 00:00:00-04:00,8.299582095562766,8.347556512261958,7.927780080193933,7.981751441955566,605400,0.0,0.0
2022-06-14 00:00:00-04:00,8.047715645574765,8.047715645574765,7.873808252359221,7.969757080078125,543200,0.0,0.0
2022-06-15 00:00:00-04:00,7.993745402505893,8.125675344979792,7.84982214084357,7.939774036407471,349600,0.0,0.0
2022-06-16 00:00:00-04:00,7.84382477091562,7.9547659698822395,7.280125073953258,7.3221025466918945,876600,0.0,0.0
2022-06-17 00:00:00-04:00,7.4540309864636685,7.759867696611448,7.394062690097404,7.651925563812256,1248700,0.0,0.0
2022-06-21 00:00:00-04:00,7.75986918314509,7.927780216376792,7.711894765621795,7.783856391906738,323400,0.0,0.0
2022-06-22 00:00:00-04:00,7.72388880094047,7.927780365191876,7.669917437238605,7.777860164642334,340100,0.0,0.0
2022-06-23 00:00:00-04:00,7.8138402890381915,7.8798055398899525,7.651926778193271,7.711894512176514,249500,0.0,0.0
2022-06-24 00:00:00-04:00,7.73588259990483,7.909790020463924,7.73588259990483,7.855819225311279,163900,0.0,0.0
2022-06-27 00:00:00-04:00,7.927780319705423,8.017732210758968,7.873808956313225,7.975754737854004,277200,0.0,0.0
2022-06-28 00:00:00-04:00,8.041719584462944,8.101687894326426,7.891799381704425,7.93377685546875,320600,0.0,0.0
2022-06-29 00:00:00-04:00,7.896674599425557,8.009218723145594,7.766815405402944,7.797733783721924,308600,0.4,0.0
2022-06-30 00:00:00-04:00,7.729713488446836,7.939961789689445,7.729713488446836,7.853388786315918,254500,0.0,0.0
2022-07-01 00:00:00-04:00,7.902857950750251,8.063636113422247,7.850295881789416,8.057452201843262,294600,0.0,0.0
2022-07-05 00:00:00-04:00,8.051270686044292,8.051270686044292,7.83793040655527,8.026535034179688,227000,0.0,0.0
2022-07-06 00:00:00-04:00,8.02653188688295,8.100737633919026,7.964694550659775,8.032715797424316,130000,0.0,0.0
2022-07-07 00:00:00-04:00,8.045085582875734,8.181128109622323,8.045085582875734,8.156393051147461,195100,0.0,0.0
2022-07-08 00:00:00-04:00,8.150210495133233,8.218231764902088,8.101977038112652,8.193496704101562,100200,0.0,0.0
2022-07-11 00:00:00-04:00,8.137841558733411,8.212046731003074,8.020350183405684,8.038901329040527,219400,0.0,0.0
2022-07-12 00:00:00-04:00,7.977063661976934,8.114343441751323,7.977063661976934,8.020350456237793,192500,0.0,0.0
2022-07-13 00:00:00-04:00,7.952327566012493,8.069819519735756,7.952327566012493,8.001797676086426,146300,0.0,0.0
2022-07-14 00:00:00-04:00,7.915225096788978,7.989430260198004,7.772998091290681,7.847203254699707,356500,0.0,0.0
2022-07-15 00:00:00-04:00,7.88430605058055,7.9956140894200605,7.847203174390643,7.871938228607178,250000,0.0,0.0
2022-07-18 00:00:00-04:00,7.9337787739738275,8.125475949632696,7.9337787739738275,7.9894328117370605,180300,0.0,0.0
2022-07-19 00:00:00-04:00,8.020350574615712,8.137841955674338,8.020350574615712,8.063636779785156,327400,0.0,0.0
2022-07-20 00:00:00-04:00,8.082187485839535,8.162576569437462,8.03271737127624,8.131657600402832,214600,0.0,0.0
2022-07-21 00:00:00-04:00,8.131659118907505,8.131659118907505,8.04508669712036,8.106924057006836,129900,0.0,0.0
2022-07-22 00:00:00-04:00,8.131657992672597,8.193495933724911,8.05745281724801,8.156393051147461,155800,0.0,0.0
2022-07-25 00:00:00-04:00,8.168760344137686,8.181127577705874,8.04508505980443,8.076004028320312,107100,0.0,0.0
2022-07-26 00:00:00-04:00,8.063636266033763,8.261516722464195,8.063636266033763,8.199679374694824,200700,0.0,0.0
2022-07-27 00:00:00-04:00,8.261517627594145,8.310987747121688,8.181128535929302,8.292436599731445,153200,0.0,0.0
2022-07-28 00:00:00-04:00,8.317169696444566,8.422293823061377,8.26769958859315,8.372823715209961,176600,0.0,0.0
2022-07-29 00:00:00-04:00,8.428480713916057,8.46867496960743,8.385194501674516,8.403745651245117,134100,0.0,0.0
2022-08-01 00:00:00-04:00,8.416112150008168,8.5521552776388,8.348090881058031,8.477950096130371,249700,0.0,0.0
2022-08-02 00:00:00-04:00,8.477949205248159,8.482277825638029,8.354273915730193,8.397560119628906,102600,0.0,0.0
2022-08-03 00:00:00-04:00,8.40992911336665,8.539788332858045,8.40992911336665,8.471766471862793,182000,0.0,0.0
2022-08-04 00:00:00-04:00,8.471765110096415,8.558338105751575,8.409927761540116,8.434662818908691,147900,0.0,0.0
2022-08-05 00:00:00-04:00,8.409927490145865,8.515051628002457,8.409927490145865,8.453213691711426,91600,0.0,0.0
2022-08-08 00:00:00-04:00,8.496502120133634,8.576891222489127,8.484134883472247,8.558340072631836,193000,0.0,0.0
2022-08-09 00:00:00-04:00,8.52742021713599,8.558339190197092,8.428479975124752,8.477950096130371,155800,0.0,0.0
2022-08-10 00:00:00-04:00,8.502683543054454,8.836607091337928,8.502683543054454,8.67582893371582,313300,0.0,0.0
2022-08-11 00:00:00-04:00,8.774770881461206,8.978835869151341,8.76054835426531,8.929365158081055,184400,0.0,0.0
2022-08-12 00:00:00-04:00,8.972651973341108,9.040673242878194,8.916997939296964,9.028306007385254,192600,0.0,0.0
2022-08-15 00:00:00-04:00,8.985018402635966,9.009753461132812,8.848975875768474,8.879894256591797,265500,0.0,0.0
2022-08-16 00:00:00-04:00,8.898447036743164,8.922563470971587,8.856396901607852,8.898447036743164,114900,0.0,0.0
2022-08-17 00:00:00-04:00,8.836606184421187,8.929362486751755,8.719732866057353,8.78713607788086,194600,0.0,0.0
2022-08-18 00:00:00-04:00,8.830422401428223,8.85206549963647,8.79332011585128,8.830422401428223,150300,0.0,0.0
2022-08-19 00:00:00-04:00,8.78095380016198,8.867526797572994,8.78095380016198,8.805688858032227,204800,0.0,0.0
2022-08-22 00:00:00-04:00,8.737665971340533,8.81125250418394,8.67582804330003,8.78713607788086,165200,0.0,0.0
2022-08-23 00:00:00-04:00,8.79332210457144,8.873711194476076,8.743851986127098,8.848976135253906,132900,0.0,0.0
2022-08-24 00:00:00-04:00,8.848976367662472,8.935548782348633,8.830424630460856,8.935548782348633,149400,0.0,0.0
2022-08-25 00:00:00-04:00,8.929364190000582,8.966467071848182,8.904629132012282,8.916996955871582,113900,0.0,0.0
2022-08-26 00:00:00-04:00,9.003569571141698,9.003569571141698,8.836607494517025,8.90462875366211,152300,0.0,0.0
2022-08-29 00:00:00-04:00,8.873711529211317,9.0159379776713,8.818057496429462,8.96646785736084,214700,0.0,0.0
2022-08-30 00:00:00-04:00,9.04067241725823,9.061078855228818,8.861343096009719,8.86752700805664,179300,0.0,0.0
2022-08-31 00:00:00-04:00,8.82424185254675,8.972652220939578,8.818057939764453,8.898447036743164,161200,0.0,0.0
2022-09-01 00:00:00-04:00,8.923181864621654,8.923181864621654,8.682014579996885,8.725300788879395,201100,0.0,0.0
2022-09-02 00:00:00-04:00,8.743851794035152,8.858251219275598,8.731483969830608,8.799505233764648,109900,0.0,0.0
2022-09-06 00:00:00-04:00,8.632544385074718,8.68819841872482,8.298620772904464,8.490317344665527,428500,0.0,0.0
2022-09-07 00:00:00-04:00,8.50268424297314,8.595440562458911,8.47794918512825,8.58925724029541,207800,0.0,0.0
2022-09-08 00:00:00-04:00,8.62017480320334,8.651093770011242,8.518142625548435,8.644909858703613,122500,0.0,0.0
2022-09-09 00:00:00-04:00,8.657276900779953,8.793319988630948,8.651092990029865,8.78713607788086,129100,0.0,0.0
2022-09-12 00:00:00-04:00,8.836606745331265,8.855157889028888,8.750033758525314,8.762401580810547,186900,0.0,0.0
2022-09-13 00:00:00-04:00,8.700564444649492,8.768586293979498,8.609044792342704,8.6201753616333,118400,0.0,0.0
2022-09-14 00:00:00-04:00,8.620176980380027,8.694382755353056,8.570706856884936,8.626360893249512,115700,0.0,0.0
2022-09-15 00:00:00-04:00,8.626361557845499,8.693146170736084,8.604718450865256,8.632545471191406,121200,0.0,0.0
2022-09-16 00:00:00-04:00,8.583073890390855,8.598533081407265,8.484133652533032,8.564522743225098,295700,0.0,0.0
2022-09-19 00:00:00-04:00,8.564522365066932,8.613992481811538,8.490316600219712,8.552154541015625,215100,0.0,0.0
2022-09-20 00:00:00-04:00,8.55215362753499,8.570704771900138,8.434662260248723,8.459397315979004,164800,0.0,0.0
2022-09-21 00:00:00-04:00,8.490316439334805,8.527419321055344,8.381482302505056,8.397560119628906,177100,0.0,0.0
2022-09-22 00:00:00-04:00,8.39756215313306,8.422297217026351,8.082189646195776,8.100741386413574,300700,0.0,0.0
2022-09-23 00:00:00-04:00,7.9770631997219175,8.010456086687928,7.7420804546897255,7.828652858734131,531200,0.0,0.0
2022-09-26 00:00:00-04:00,7.754446553017796,7.797732748703059,7.420523039815315,7.525647163391113,718000,0.0,0.0
2022-09-27 00:00:00-04:00,7.568935241303869,7.853388718823312,7.568935241303869,7.6740593910217285,536700,0.0,0.0
2022-09-28 00:00:00-04:00,7.735896602261808,7.78413005191157,7.613457981550168,7.748263835906982,266800,0.0,0.0
2022-09-29 00:00:00-04:00,7.735490027437906,7.748265695973104,7.302405098275076,7.384167671203613,468000,0.4,0.0
2022-09-30 00:00:00-04:00,7.345840583495315,7.531083495581582,7.307514190673828,7.307514190673828,281800,0.0,0.0
2022-10-03 00:00:00-04:00,7.3650023862640115,7.505531660259784,7.17337166884746,7.409716606140137,360700,0.0,0.0
2022-10-04 00:00:00-04:00,7.626897926090814,7.818528655818957,7.563021422299631,7.786590099334717,244100,0.0,0.0
2022-10-05 00:00:00-04:00,7.748265039907059,7.748265039907059,7.524695732890526,7.665225028991699,272700,0.0,0.0
2022-10-06 00:00:00-04:00,7.671613231933625,7.76678988783943,7.563022490062526,7.56941032409668,171200,0.0,0.0
2022-10-07 00:00:00-04:00,7.511920329256164,7.703551068006261,7.460818880146447,7.518308162689209,331900,0.0,0.0
2022-10-10 00:00:00-04:00,7.479982989061565,7.610930549871552,7.4033308029174805,7.4033308029174805,161800,0.0,0.0
2022-10-11 00:00:00-04:00,7.390553235727361,7.56302106713671,7.307513236438852,7.473593235015869,305500,0.0,0.0
2022-10-12 00:00:00-04:00,7.518308044875079,7.626898165648592,7.435268039078721,7.563021659851074,201900,0.0,0.0
2022-10-13 00:00:00-04:00,7.448044360506417,7.722715148661816,7.352229280961585,7.709939479827881,195600,0.0,0.0
2022-10-14 00:00:00-04:00,7.786590096788207,7.863242875996233,7.6716121463307605,7.716325759887695,177800,0.0,0.0
2022-10-17 00:00:00-04:00,7.748264549092391,7.876657196650682,7.722713824981359,7.799365997314453,232000,0.0,0.0
2022-10-18 00:00:00-04:00,7.876018278491771,7.959058285294541,7.850467554027636,7.8887939453125,108500,0.0,0.0
2022-10-19 00:00:00-04:00,7.882405768787438,7.895180825874755,7.716325762411227,7.786590099334717,119100,0.0,0.0
2022-10-20 00:00:00-04:00,7.85685468548304,7.946281908529154,7.767426853259658,7.812140464782715,170800,0.0,0.0
2022-10-21 00:00:00-04:00,7.850467445536516,7.856855278858603,7.684387434226155,7.799365997314453,159100,0.0,0.0
2022-10-24 00:00:00-04:00,7.831304318449849,7.876017932000661,7.703550701749464,7.818528652191162,185000,0.0,0.0
2022-10-25 00:00:00-04:00,7.850467553499918,8.010159733684356,7.7099382643679615,7.9590582847595215,286100,0.0,0.0
2022-10-26 00:00:00-04:00,8.035711429969746,8.048487098334679,7.907957792207387,7.927120685577393,217000,0.0,0.0
2022-10-27 00:00:00-04:00,8.022935520481154,8.105974919342808,7.902846565452362,7.914344787597656,190300,0.0,0.0
2022-10-28 00:00:00-04:00,8.003771894767771,8.080424068102287,7.984609003728474,8.061261177062988,177800,0.0,0.0
2022-10-31 00:00:00-04:00,8.048485759485992,8.086811539850588,7.97183298040221,8.016547203063965,218100,0.0,0.0
2022-11-01 00:00:00-04:00,8.093199970037281,8.137913586820439,7.978221402106487,8.1123628616333,140400,0.0,0.0
2022-11-02 00:00:00-04:00,8.137912505807975,8.137912505807975,7.939894564206012,7.952669620513916,332400,0.0,0.0
2022-11-03 00:00:00-04:00,7.844079490395653,7.965445884921214,7.754652261984507,7.876018047332764,268900,0.0,0.0
2022-11-04 00:00:00-04:00,7.9398950331574785,8.137912986454912,7.911150393295384,8.016547203063965,186700,0.0,0.0
2022-11-07 00:00:00-05:00,8.003771874647093,8.329544067382812,8.003771874647093,8.329544067382812,320500,0.0,0.0
2022-11-08 00:00:00-05:00,8.37425795323296,8.406196512034624,8.016547800350866,8.080424308776855,292200,0.0,0.0
2022-11-09 00:00:00-05:00,8.712804924625521,8.815007814902865,8.388310199735402,8.610601425170898,639900,0.0,0.0
2022-11-10 00:00:00-05:00,8.827783584594727,8.830977501321017,8.738356352967896,8.827783584594727,360800,0.0,0.0
2022-11-11 00:00:00-05:00,8.878884193214226,8.936373470489759,8.804148498262395,8.885272026062012,356900,0.0,0.0
2022-11-14 00:00:00-05:00,8.917211911948717,8.94276263797584,8.687255377704618,8.757519721984863,317500,0.0,0.0
2022-11-15 00:00:00-05:00,8.878884900913516,9.057740579843749,8.834171285769617,9.03857707977295,383100,0.0,0.0
2022-11-16 00:00:00-05:00,8.974699971452518,9.083290694523704,8.974699971452518,9.006638526916504,228200,0.0,0.0
2022-11-17 00:00:00-05:00,9.064127804023364,9.070515637380298,8.955537682842083,9.03857707977295,227700,0.0,0.0
2022-11-18 00:00:00-05:00,9.083290694523704,9.083290694523704,9.003444610452377,9.006638526916504,231300,0.0,0.0
2022-11-21 00:00:00-05:00,9.083292598022496,9.217434071740161,8.990670828684806,9.14716911315918,494800,0.0,0.0
2022-11-22 00:00:00-05:00,9.134392386900764,9.204656723482056,9.134392386900764,9.19826889038086,227200,0.0,0.0
2022-11-23 00:00:00-05:00,9.17910600025456,9.19826889038086,9.10820263669223,9.19826889038086,214300,0.0,0.0
2022-11-25 00:00:00-05:00,9.242983582535274,9.254481195359773,9.166331408958193,9.191882133483887,167200,0.0,0.0
2022-11-28 00:00:00-05:00,9.191882034452766,9.207851008667781,8.92998634941435,9.03857707977295,380200,0.0,0.0
2022-11-29 00:00:00-05:00,9.01302635080174,9.15994347204767,8.977894485711643,9.070515632629395,229100,0.0,0.0
2022-11-30 00:00:00-05:00,9.070516099560692,9.198269727322351,8.955538139163874,9.17271900177002,257700,0.0,0.0
2022-12-01 00:00:00-05:00,9.172717805753127,9.202101471354558,9.090955860152892,9.153554916381836,243700,0.0,0.0
2022-12-02 00:00:00-05:00,9.096064448092088,9.166329381882091,9.019412291466148,9.134390830993652,209100,0.0,0.0
2022-12-05 00:00:00-05:00,9.134393832611924,9.163138476939467,9.016221338245645,9.064128875732422,300400,0.0,0.0
2022-12-06 00:00:00-05:00,9.044964064241057,9.08329045160833,8.942761176831347,8.955536842346191,180000,0.0,0.0
2022-12-07 00:00:00-05:00,8.955538275126557,9.048159428218426,8.920405798517216,8.993864059448242,217200,0.0,0.0
2022-12-08 00:00:00-05:00,9.038576233259633,9.04815798239765,8.885271902114944,8.923598289489746,202300,0.0,0.0
2022-12-09 00:00:00-05:00,8.968312740378632,9.057740579843749,8.92998634941435,9.03857707977295,270400,0.0,0.0
2022-12-12 00:00:00-05:00,9.000251893227642,9.009833034719383,8.751131858427263,8.993864059448242,415200,0.0,0.0
2022-12-13 00:00:00-05:00,9.191882133483887,9.198269357732316,9.12225621116874,9.191882133483887,409200,0.0,0.0
2022-12-14 00:00:00-05:00,9.185493348832855,9.201462321566211,9.10245335042942,9.159942626953125,274600,0.0,0.0
2022-12-15 00:00:00-05:00,9.057740798575445,9.211045147780029,9.057740798575445,9.185494422912598,248200,0.0,0.0
2022-12-16 00:00:00-05:00,9.108840944282475,9.223818885136925,8.942760951831634,9.044963836669922,1284100,0.0,0.0
2022-12-19 00:00:00-05:00,9.01941334238863,9.073708702472196,8.827782623906792,8.955536842346191,409900,0.0,0.0
2022-12-20 00:00:00-05:00,8.917209415964898,9.179104436731153,8.917209415964898,9.134390830993652,516000,0.0,0.0
2022-12-21 00:00:00-05:00,9.166329129934068,9.313245607134638,9.013024211718777,9.051350593566895,414600,0.0,0.0
2022-12-22 00:00:00-05:00,9.051350842354587,9.147165885842714,8.98747374057771,9.134390830993652,243700,0.0,0.0
2022-12-23 00:00:00-05:00,9.134391104770426,9.837036199489868,9.134391104770426,9.421836853027344,743500,0.0,0.0
2022-12-27 00:00:00-05:00,9.52404226476986,9.562368659014094,9.332411511903436,9.37712574005127,398200,0.0,0.0
2022-12-28 00:00:00-05:00,9.345186005821935,9.396287452276928,9.17910600025456,9.19826889038086,388800,0.0,0.0
2022-12-29 00:00:00-05:00,9.234507905481488,9.362993540822814,9.198268109512332,9.336637496948242,435800,0.44,0.0
2022-12-30 00:00:00-05:00,9.27733865065212,9.455242464293999,9.27074948087772,9.428886413574219,313300,0.0,0.0
2023-01-03 00:00:00-05:00,9.488186335261897,9.67267930465581,9.428885696932891,9.600199699401855,516800,0.0,0.0
2023-01-04 00:00:00-05:00,9.626554744606088,9.692445173717758,9.560664943872121,9.646322250366211,263500,0.0,0.0
2023-01-05 00:00:00-05:00,9.593609855509715,9.672677990920523,9.53430859685719,9.547486305236816,162800,0.0,0.0
2023-01-06 00:00:00-05:00,9.633145787369076,9.679268719694068,9.514543243244438,9.567255973815918,212600,0.0,0.0
2023-01-09 00:00:00-05:00,9.606787959608784,9.74515735937178,9.606787959608784,9.679266929626465,258400,0.0,0.0
2023-01-10 00:00:00-05:00,9.685856515203955,9.7715138262089,9.593610663643044,9.712212562561035,209100,0.0,0.0
2023-01-11 00:00:00-05:00,9.751746940160665,9.886821761307301,9.745157771232114,9.837404251098633,267700,0.0,0.0
2023-01-12 00:00:00-05:00,9.83740357735427,9.942827759479863,9.828178992837165,9.909882545471191,245500,0.0,0.0
2023-01-13 00:00:00-05:00,9.896704650096185,9.942827571811149,9.832791099503916,9.87034797668457,227400,0.0,0.0
2023-01-17 00:00:00-05:00,9.896704505019596,9.928990549746786,9.685855519461297,9.75833511352539,378400,0.0,0.0
2023-01-18 00:00:00-05:00,9.745155699447128,9.850579866380219,9.682559864689006,9.6990327835083,259000,0.0,0.0
2023-01-19 00:00:00-05:00,9.699036229300058,9.758337501362377,9.539581586043099,9.567255973815918,159700,0.0,0.0
2023-01-20 00:00:00-05:00,9.619966204397082,9.672678296335338,9.51454139214287,9.646322250366211,131000,0.0,0.0
2023-01-23 00:00:00-05:00,9.67267945104377,9.794575942561147,9.646323401928301,9.738569259643555,165800,0.0,0.0
2023-01-24 00:00:00-05:00,9.75174706025246,9.83740437224529,9.70694184206646,9.771513938903809,150700,0.0,0.0
2023-01-25 00:00:00-05:00,9.830815082170082,9.863760298435105,9.758336109089218,9.837404251098633,268700,0.0,0.0
2023-01-26 00:00:00-05:00,9.824225355989668,9.913177246346363,9.817636187434868,9.843992233276367,182800,0.0,0.0
2023-01-27 00:00:00-05:00,9.824225723958799,9.972478880106154,9.824225723958799,9.92306137084961,198400,0.0,0.0
2023-01-30 00:00:00-05:00,9.942829746862616,10.008719559672388,9.880233890572189,9.890117645263672,246800,0.0,0.0
2023-01-31 00:00:00-05:00,9.87693804963698,9.959300776458592,9.863101171855213,9.916472434997559,145500,0.0,0.0
2023-02-01 00:00:00-05:00,9.929650003037624,10.008718144254342,9.896705415480623,9.956006050109863,185200,0.0,0.0
2023-02-02 00:00:00-05:00,10.002130399806644,10.002130399806644,9.883527864353512,9.942829132080078,222300,0.0,0.0
2023-02-03 00:00:00-05:00,9.956007649560314,10.021898092015194,9.936240768174981,9.9823637008667,206900,0.0,0.0
2023-02-06 00:00:00-05:00,10.015307355714967,10.087786956755199,9.890774828546201,10.035074234008789,284600,0.0,0.0
2023-02-07 00:00:00-05:00,10.035073883546689,10.120731190998754,9.995540128339712,10.107553482055664,188800,0.0,0.0
2023-02-08 00:00:00-05:00,10.140500637082846,10.140500637082846,9.923063056710703,9.9823637008667,222300,0.0,0.0
2023-02-09 00:00:00-05:00,9.982363877897468,10.048254321520872,9.795236098816885,9.817638397216797,225000,0.0,0.0
2023-02-10 00:00:00-05:00,9.817636255755561,9.975773160282722,9.797869378331304,9.949417114257812,272800,0.0,0.0
2023-02-13 00:00:00-05:00,9.949418444577123,10.12732162193796,9.949418444577123,10.081198692321777,217200,0.0,0.0
2023-02-14 00:00:00-05:00,10.068017959594727,10.1141415066224,10.021895040944692,10.068017959594727,134600,0.0,0.0
2023-02-15 00:00:00-05:00,10.015305873029646,10.107552338707354,9.962593786464566,10.068017959594727,132500,0.0,0.0
2023-02-16 00:00:00-05:00,10.041663052207088,10.219566835771618,10.028485343263998,10.107553482055664,208500,0.0,0.0
2023-02-17 00:00:00-05:00,10.100965463682623,10.25910175927435,10.100965463682623,10.199800491333008,190100,0.0,0.0
2023-02-21 00:00:00-05:00,10.206389587353165,10.232745636428936,9.988952025383615,10.041664123535156,230300,0.0,0.0
2023-02-22 00:00:00-05:00,10.015305873029646,10.160264425272434,10.015305873029646,10.068017959594727,140600,0.0,0.0
2023-02-23 00:00:00-05:00,10.12732131852809,10.298635949652526,10.094376100484503,10.285457611083984,421900,0.0,0.0
2023-02-24 00:00:00-05:00,10.245924032203057,10.344759059693047,10.219567982980541,10.324992179870605,241500,0.0,0.0
2023-02-27 00:00:00-05:00,10.410649150285119,10.453477493203945,10.269644323058719,10.272279739379883,275800,0.0,0.0
2023-02-28 00:00:00-05:00,10.469950743854486,10.469950743854486,9.751747618504353,9.942829132080078,566000,0.0,0.0
2023-03-01 00:00:00-05:00,9.988952081000193,10.410649496938227,9.98236291160012,10.324992179870605,293700,0.0,0.0
2023-03-02 00:00:00-05:00,10.31840159175772,10.344757637356452,10.107553226967866,10.212977409362793,206100,0.0,0.0
2023-03-03 00:00:00-05:00,10.265689500560256,10.290727838135707,10.180032195269956,10.212977409362793,181500,0.0,0.0
2023-03-06 00:00:00-05:00,10.206388543645607,10.245922927405356,10.153676450884417,10.18662166595459,214700,0.0,0.0
2023-03-07 00:00:00-05:00,10.16026631035457,10.18201006580633,9.93623958669943,9.988951683044434,153500,0.0,0.0
2023-03-08 00:00:00-05:00,9.995540434907086,10.048252529051565,9.890116246618131,9.956006050109863,189300,0.0,0.0
2023-03-09 00:00:00-05:00,9.90329472370968,9.990269748628505,9.725391549274708,9.738569259643555,423900,0.0,0.0
2023-03-10 00:00:00-05:00,9.72539064079514,9.837403996166806,9.053310508565152,9.112611770629883,713300,0.0,0.0
2023-03-13 00:00:00-04:00,8.928119217173922,9.17191279961763,8.684325634730213,8.994009017944336,414200,0.0,0.0
2023-03-14 00:00:00-04:00,9.158735082677245,9.44206306747267,9.158735082677245,9.244392395019531,360000,0.0,0.0
2023-03-15 00:00:00-04:00,9.059899703859035,9.11788325801758,8.868818207967298,9.013776779174805,359100,0.0,0.0
2023-03-16 00:00:00-04:00,8.947887363818587,9.231215369616578,8.849052334454438,9.171914100646973,272100,0.0,0.0
2023-03-17 00:00:00-04:00,9.22462542185274,9.22462542185274,8.881996175991182,8.908352851867676,493300,0.0,0.0
2023-03-20 00:00:00-04:00,8.928120667707837,9.08823384587599,8.862230227854633,8.881997108459473,269600,0.0,0.0
2023-03-21 00:00:00-04:00,9.03354411360083,9.185091232865513,9.03354411360083,9.1257905960083,263900,0.0,0.0
2023-03-22 00:00:00-04:00,9.138967656162661,9.269430179053916,8.974242210388184,8.974242210388184,219000,0.0,0.0
2023-03-23 00:00:00-04:00,9.033544012503036,9.152146541645637,8.909670650833581,8.94129753112793,192300,0.0,0.0
2023-03-24 00:00:00-04:00,8.9347086872282,8.98742078097416,8.710681974619012,8.967653274536133,240300,0.0,0.0
2023-03-27 00:00:00-04:00,9.026954994950064,9.11920147787318,8.98742123682427,9.079667091369629,247000,0.0,0.0
2023-03-28 00:00:00-04:00,9.099434547945846,9.158735184803056,9.046721823443182,9.1257905960083,310500,0.0,0.0
2023-03-29 00:00:00-04:00,9.152146198548486,9.257570385666307,9.09284493620028,9.191679954528809,346000,0.0,0.0
2023-03-30 00:00:00-04:00,9.293734180471379,9.293734180471379,9.089625684283604,9.12364387512207,241200,0.44,0.0
2023-03-31 00:00:00-04:00,9.144054321816869,9.28012708207145,9.144054321816869,9.266519546508789,212700,0.0,0.0
2023-04-03 00:00:00-04:00,9.252911491263902,9.36857293356792,9.191678886650841,9.212089538574219,188400,0.0,0.0
2023-04-04 00:00:00-04:00,9.184876746131463,9.238625605953493,9.035197091555492,9.116840362548828,226200,0.0,0.0
2023-04-05 00:00:00-04:00,9.082824707672305,9.097112234402898,8.96716322084478,8.980770111083984,168600,0.0,0.0
2023-04-06 00:00:00-04:00,8.980768730625627,9.096430199674513,8.980768730625627,9.069215774536133,107900,0.0,0.0
2023-04-10 00:00:00-04:00,9.0760179302447,9.08962481597444,8.895721990214165,9.001177787780762,158000,0.0,0.0
2023-04-11 00:00:00-04:00,9.007981998979922,9.08282214513198,8.89912431240565,9.014785766601562,214300,0.0,0.0
2023-04-12 00:00:00-04:00,9.02158908188576,9.266518864397229,9.014785314605255,9.164464950561523,189700,0.0,0.0
2023-04-13 00:00:00-04:00,9.232501381827378,9.368574142456055,9.184876304913146,9.368574142456055,156500,0.0,0.0
2023-04-14 00:00:00-04:00,9.429806106127348,9.44341364172742,9.273323339784582,9.368574142456055,171500,0.0,0.0
2023-04-17 00:00:00-04:00,9.375378300257204,9.470629113482996,9.239306173393986,9.443414688110352,163700,0.0,0.0
2023-04-18 00:00:00-04:00,9.368576290766581,9.368576290766581,9.089627586586406,9.225700378417969,214500,0.0,0.0
2023-04-19 00:00:00-04:00,9.273321991537845,9.320947061527876,9.171267435904033,9.293732643127441,120900,0.0,0.0
2023-04-20 00:00:00-04:00,9.307339809179021,9.368572410372497,9.246107207985544,9.32094669342041,246100,0.0,0.0
2023-04-21 00:00:00-04:00,9.348162695804488,9.348162695804488,9.184876164163894,9.286930084228516,132800,0.0,0.0
2023-04-24 00:00:00-04:00,9.25291133994825,9.395787198761255,9.25291133994825,9.293732643127441,126500,0.0,0.0
2023-04-25 00:00:00-04:00,9.252911491263902,9.31074221241591,9.178071352806638,9.212089538574219,94300,0.0,0.0
2023-04-26 00:00:00-04:00,9.178074123788438,9.258356780947436,9.122284645638064,9.137252807617188,165700,0.0,0.0
2023-04-27 00:00:00-04:00,9.13725091641874,9.613503615849865,9.13725091641874,9.5318603515625,320900,0.0,0.0
2023-04-28 00:00:00-04:00,9.470629398344325,9.633915955491583,9.450218740911694,9.572683334350586,200600,0.0,0.0
2023-05-01 00:00:00-04:00,9.579485987603766,9.627111065681795,9.40939568150449,9.45702075958252,131500,0.0,0.0
2023-05-02 00:00:00-04:00,9.382180195038758,9.395787729428978,9.082821575726417,9.18487548828125,235400,0.0,0.0
2023-05-03 00:00:00-04:00,9.212090586103994,9.382180885440361,9.212090586103994,9.286930084228516,115400,0.0,0.0
2023-05-04 00:00:00-04:00,9.171268528841331,9.191679831706251,8.953553155692786,9.014785766601562,160500,0.0,0.0
2023-05-05 00:00:00-04:00,9.15085871124931,9.2563145236519,9.116840518874683,9.232501983642578,161800,0.0,0.0
2023-05-08 00:00:00-04:00,9.239303957419699,9.259714609343076,9.171267585884538,9.212089538574219,95400,0.0,0.0
2023-05-09 00:00:00-04:00,9.212092456773956,9.259717542629451,9.075339682996738,9.150859832763672,136000,0.0,0.0
2023-05-10 00:00:00-04:00,9.184878411099868,9.317548669408167,8.933144784360532,9.225700378417969,127500,0.0,0.0
2023-05-11 00:00:00-04:00,9.18487802930751,9.239306884240401,9.062412781286941,9.150859832763672,176400,0.0,0.0
2023-05-12 00:00:00-04:00,9.150857010029293,9.184875196079656,9.0828212867715,9.089624404907227,134600,0.0,0.0
2023-05-15 00:00:00-04:00,9.089626873340157,9.191681459205792,9.021591131606174,9.082823753356934,111300,0.0,0.0
2023-05-16 00:00:00-04:00,9.02839346393237,9.05560788606452,8.92633889430455,8.93314266204834,149800,0.0,0.0
2023-05-17 00:00:00-04:00,8.987571416642263,9.083502205037753,8.946749459429821,9.055607795715332,105100,0.0,0.0
2023-05-18 00:00:00-04:00,9.05560825892091,9.123643992631095,8.980768108343769,9.103233337402344,93700,0.0,0.0
2023-05-19 00:00:00-04:00,9.191679255476359,9.266518748093706,9.11683911401606,9.18487548828125,129900,0.0,0.0
2023-05-22 00:00:00-04:00,9.218893675413845,9.239304328156221,9.157661068343764,9.18487548828125,98800,0.0,0.0
2023-05-23 00:00:00-04:00,9.16446624773638,9.280127712504274,9.16446624773638,9.232501983642578,132400,0.0,0.0
2023-05-24 00:00:00-04:00,9.252913032326342,9.299177487184659,9.191680417515059,9.23930549621582,137600,0.0,0.0
2023-05-25 00:00:00-04:00,9.178073203172456,9.28693090050087,9.178073203172456,9.273324012756348,124600,0.0,0.0
2023-05-26 00:00:00-04:00,9.252912499149055,9.361770186388432,9.246108731485844,9.348162651062012,121900,0.0,0.0
2023-05-30 00:00:00-04:00,9.382181050718383,9.42300300876916,9.34135909266761,9.402591705322266,105100,0.0,0.0
2023-05-31 00:00:00-04:00,9.348163723504793,9.395789453768002,9.266520448708956,9.327753067016602,123300,0.0,0.0
2023-06-01 00:00:00-04:00,9.307341736915694,9.450217619678629,9.307341736915694,9.423003196716309,150800,0.0,0.0
2023-06-02 00:00:00-04:00,9.51145110987187,9.701952749998052,9.477433562346528,9.681541442871094,186200,0.0,0.0
2023-06-05 00:00:00-04:00,9.695147026347518,9.786995943372077,9.654325069166715,9.742772102355957,131600,0.0,0.0
2023-06-06 00:00:00-04:00,9.735969836840452,9.885648845655066,9.708755412615698,9.865238189697266,111900,0.0,0.0
2023-06-07 00:00:00-04:00,9.93327449484319,10.15779365510362,9.865238110406613,10.021720886230469,167400,0.0,0.0
2023-06-08 00:00:00-04:00,10.021720630764879,10.10336454954479,9.91966670555454,10.028524398803711,117500,0.0,0.0
2023-06-09 00:00:00-04:00,10.048935119500163,10.062542005944804,9.974094973104146,10.001309394836426,102100,0.0,0.0
2023-06-12 00:00:00-04:00,10.001310755294437,10.232633695906706,9.974096329860235,10.11016845703125,338500,0.0,0.0
2023-06-13 00:00:00-04:00,10.130579557833617,10.211542196104476,10.008114321435198,10.055739402770996,213900,0.0,0.0
2023-06-14 00:00:00-04:00,10.116972697123199,10.143507136243011,9.89925728350249,9.926471710205078,177700,0.0,0.0
2023-06-15 00:00:00-04:00,9.926470426537502,10.103364501650363,9.926470426537502,10.089756965637207,147600,0.0,0.0
2023-06-16 00:00:00-04:00,10.103366069253191,10.150991155002522,9.892453770226057,9.919668197631836,514900,0.0,0.0
2023-06-20 00:00:00-04:00,9.919668712561768,10.04893773608192,9.919668712561768,10.008115768432617,256800,0.0,0.0
2023-06-21 00:00:00-04:00,10.014918089866903,10.07751133198384,9.941439207565079,10.055739402770996,148500,0.0,0.0
2023-06-22 00:00:00-04:00,10.055740658014917,10.055740658014917,9.935997303347627,9.953686714172363,126000,0.0,0.0
2023-06-23 00:00:00-04:00,9.953685676276022,9.953685676276022,9.851631094231811,9.878846168518066,133100,0.0,0.0
2023-06-26 00:00:00-04:00,9.919666173823556,9.984300669041739,9.915584302524879,9.94007682800293,173700,0.0,0.0
2023-06-27 00:00:00-04:00,9.974095874510203,10.0727485677323,9.925790158022265,10.062542915344238,135500,0.0,0.0
2023-06-28 00:00:00-04:00,10.062541917930623,10.191810257817533,10.04825439530937,10.123774528503418,201100,0.0,0.0
2023-06-29 00:00:00-04:00,10.137797973861199,10.28502743137301,10.137797973861199,10.256983757019043,139900,0.44,0.0
2023-06-30 00:00:00-04:00,10.292035816661198,10.360742566786065,10.207904815673828,10.207904815673828,217300,0.0,0.0
2023-07-03 00:00:00-04:00,10.165839586658082,10.313069014312855,10.165839586658082,10.306057929992676,85400,0.0,0.0
2023-07-05 00:00:00-04:00,10.22192692399192,10.358639725166423,10.200894339645181,10.306057929992676,177200,0.0,0.0
2023-07-06 00:00:00-04:00,10.278014261325756,10.313069014312855,10.130784833670985,10.306057929992676,158300,0.0,0.0
2023-07-07 00:00:00-04:00,10.27801452681664,10.449782085415162,10.27801452681664,10.411222457885742,137000,0.0,0.0
2023-07-10 00:00:00-04:00,10.44627717029122,10.49184855367155,10.358640614605509,10.40421199798584,147500,0.0,0.0
2023-07-11 00:00:00-04:00,10.439265875592014,10.46730954430721,10.33410161644968,10.432254791259766,195000,0.0,0.0
2023-07-12 00:00:00-04:00,10.467310905456543,10.505870537070532,10.397201390244744,10.467310905456543,214500,0.0,0.0
2023-07-13 00:00:00-04:00,10.495353369593092,10.547935165641778,10.41823277801546,10.48834228515625,200700,0.0,0.0
2023-07-14 00:00:00-04:00,10.481332629602695,10.670627923520504,10.474321544210056,10.55144214630127,200400,0.0,0.0
2023-07-17 00:00:00-04:00,10.516386415034676,10.733725361802149,10.467310159054277,10.656604766845703,217400,0.0,0.0
2023-07-18 00:00:00-04:00,10.69166062395345,10.901988507655643,10.690258540582901,10.838890075683594,294900,0.0,0.0
2023-07-19 00:00:00-04:00,10.838890668549864,10.930032778759909,10.670628619830065,10.6986722946167,268100,0.0,0.0
2023-07-20 00:00:00-04:00,10.740735289231132,10.740735289231132,10.495353351880121,10.593505859375,202100,0.0,0.0
2023-07-21 00:00:00-04:00,10.621550365155233,10.66361620640514,10.544430436246582,10.558452606201172,149100,0.0,0.0
2023-07-24 00:00:00-04:00,10.586496475454798,10.828372894169574,10.567566679384903,10.747747421264648,228800,0.0,0.0
2023-07-25 00:00:00-04:00,10.761770177918049,10.775791680285034,10.593507469216856,10.607529640197754,339100,0.0,0.0
2023-07-26 00:00:00-04:00,10.614540761645912,10.887966410560518,10.614540761645912,10.866933822631836,189000,0.0,0.0
2023-07-27 00:00:00-04:00,10.916007298320066,10.979105714617782,10.789811134338379,10.789811134338379,102700,0.0,0.0
2023-07-28 00:00:00-04:00,10.768779669459638,11.115820348049512,10.768779669459638,11.09829330444336,245000,0.0,0.0
2023-07-31 00:00:00-04:00,11.070250032738603,11.112315874969811,10.93003167299104,11.00715160369873,205000,0.0,0.0
2023-08-01 00:00:00-04:00,11.007152484618697,11.063239833006481,10.962282472185683,10.979108810424805,111200,0.0,0.0
2023-08-02 00:00:00-04:00,10.937041829920979,11.014161754083611,10.891470448986924,10.901987075805664,141000,0.0,0.0
2023-08-03 00:00:00-04:00,10.944053351722294,10.986119194634085,10.789813487811475,10.831878662109375,191300,0.0,0.0
2023-08-04 00:00:00-04:00,10.859922737117637,10.998739020951982,10.782802802303195,10.866933822631836,518300,0.0,0.0
2023-08-07 00:00:00-04:00,10.92302076571529,11.013461492217731,10.90759651187704,10.958075523376465,203700,0.0,0.0
2023-08-08 00:00:00-04:00,10.930031849827625,10.930031849827625,10.789813487811475,10.831878662109375,243900,0.0,0.0
2023-08-09 00:00:00-04:00,10.593506188306513,10.88796505716181,10.551441017677945,10.600517272949219,371600,0.0,0.0
2023-08-10 00:00:00-04:00,10.663615774751085,10.845899965098859,10.572473679577197,10.628561019897461,248200,0.0,0.0
2023-08-11 00:00:00-04:00,10.740736846724538,10.740736846724538,10.57247480780784,10.579485893249512,143000,0.0,0.0
2023-08-14 00:00:00-04:00,10.579485386589871,10.649594231807308,10.565463216378058,10.621550559997559,124100,0.0,0.0
2023-08-15 00:00:00-04:00,10.586496980946956,10.614540654105715,10.44277307243158,10.453289031982422,169000,0.0,0.0
2023-08-16 00:00:00-04:00,10.41122352952128,10.502364962963945,10.41122352952128,10.446277618408203,129600,0.0,0.0
2023-08-17 00:00:00-04:00,10.446278132338351,10.488343977131633,10.179863566898609,10.278016090393066,272200,0.0,0.0
2023-08-18 00:00:00-04:00,10.278014124033284,10.446276133787173,10.235948955901709,10.376167297363281,107500,0.0,0.0
2023-08-21 00:00:00-04:00,10.390190273852461,10.467310874077022,10.34111401451966,10.446277618408203,146100,0.0,0.0
2023-08-22 00:00:00-04:00,10.481333077465283,10.481333077465283,10.218423381532473,10.2289400100708,168200,0.0,0.0
2023-08-23 00:00:00-04:00,10.271003920084038,10.36915710182626,10.271003920084038,10.29554271697998,142300,0.0,0.0
2023-08-24 00:00:00-04:00,10.313070445574695,10.424544428449142,10.242960929870605,10.242960929870605,69800,0.0,0.0
2023-08-25 00:00:00-04:00,10.256983901417989,10.334103839823618,10.235951312509899,10.313071250915527,95300,0.0,0.0
2023-08-28 00:00:00-04:00,10.299047949148871,10.432255891049454,10.292037532691372,10.362146377563477,129200,0.0,0.0
2023-08-29 00:00:00-04:00,10.320081458402877,10.488343492574527,10.292037786040934,10.467310905456543,123200,0.0,0.0
2023-08-30 00:00:00-04:00,10.502365292856773,10.551442222345031,10.446277946539256,10.453289031982422,104400,0.0,0.0
2023-08-31 00:00:00-04:00,10.488343790584347,10.516387463743106,10.432957151642801,10.453289031982422,125100,0.0,0.0
2023-09-01 00:00:00-04:00,10.530408497374328,10.586495837634565,10.46029898774211,10.502364158630371,165900,0.0,0.0
2023-09-05 00:00:00-04:00,10.439266269024394,10.502364024551243,10.341113090515137,10.341113090515137,134600,0.0,0.0
2023-09-06 00:00:00-04:00,10.341113923092868,10.35864096738137,10.130786048561424,10.179862976074219,325700,0.0,0.0
2023-09-07 00:00:00-04:00,10.186872592637645,10.281520229036119,10.172851092030738,10.235949516296387,118500,0.0,0.0
2023-09-08 00:00:00-04:00,10.235950914213705,10.2920382615288,10.214917657510103,10.278016090393066,86500,0.0,0.0
2023-09-11 00:00:00-04:00,10.32709013961991,10.390889934836483,10.242959136671857,10.292036056518555,125400,0.0,0.0
2023-09-12 00:00:00-04:00,10.292036681109915,10.348124019812381,10.271003427636126,10.285025596618652,112300,0.0,0.0
2023-09-13 00:00:00-04:00,10.26399318612403,10.341113110996584,10.232443973991204,10.235949516296387,88800,0.0,0.0
2023-09-14 00:00:00-04:00,10.299046845672494,10.383178520287052,10.278014261325756,10.306057929992676,124300,0.0,0.0
2023-09-15 00:00:00-04:00,10.327091875032945,10.516387164936468,10.285026700796976,10.467310905456543,226800,0.0,0.0
2023-09-18 00:00:00-04:00,10.488343492574527,10.565463424416393,10.425245062606685,10.467310905456543,151700,0.0,0.0
2023-09-19 00:00:00-04:00,10.467311349857017,10.516387611420527,10.467311349857017,10.509376525878906,84700,0.0,0.0
2023-09-20 00:00:00-04:00,10.55144196613079,10.55144196613079,10.474321365356445,10.474321365356445,176200,0.0,0.0
2023-09-21 00:00:00-04:00,10.481331439375627,10.49535360856859,10.304656252950027,10.341113090515137,132200,0.0,0.0
2023-09-22 00:00:00-04:00,10.369157462634849,10.4518863943582,10.32989645601736,10.362146377563477,99800,0.0,0.0
2023-09-25 00:00:00-04:00,10.355134869446427,10.446276291310461,10.306057947734484,10.432254791259766,202000,0.0,0.0
2023-09-26 00:00:00-04:00,10.397200274023586,10.467309781708577,10.26399301175868,10.285025596618652,299700,0.0,0.0
2023-09-27 00:00:00-04:00,10.348126011504975,10.411224446843192,10.29904907923417,10.313071250915527,271400,0.0,0.0
2023-09-28 00:00:00-04:00,10.39979435947424,10.48651945351178,10.29138747500498,10.435929298400879,365500,0.44,0.0
2023-09-29 00:00:00-04:00,10.43592997512233,10.558790705283236,10.43592997512233,10.479292869567871,279000,0.0,0.0
2023-10-02 00:00:00-04:00,10.500974406966643,10.508201671211781,10.067348890706164,10.110711097717285,347700,0.0,0.0
2023-10-03 00:00:00-04:00,10.117937768038963,10.117937768038963,9.807172316038512,9.944487571716309,317700,0.0,0.0
2023-10-04 00:00:00-04:00,9.944487806145004,9.980623436871529,9.669857977545176,9.864989280700684,618800,0.0,0.0
2023-10-05 00:00:00-04:00,9.84330785887226,9.951714747537675,9.78549112727596,9.87221622467041,202300,0.0,0.0
2023-10-06 00:00:00-04:00,9.799945654789939,9.980623113335826,9.79271839103295,9.87221622467041,223900,0.0,0.0
2023-10-09 00:00:00-04:00,9.87944475527475,10.002305497978845,9.87944475527475,9.886672019958496,163200,0.0,0.0
2023-10-10 00:00:00-04:00,9.944488403513386,9.987128298701515,9.836081504821777,9.836081504821777,152400,0.0,0.0
2023-10-11 00:00:00-04:00,9.937260262549735,10.18659534939442,9.864989003130177,10.125164985656738,456700,0.0,0.0
2023-10-12 00:00:00-04:00,10.139617919921875,10.211889172897497,10.016757203401168,10.139617919921875,220100,0.0,0.0
2023-10-13 00:00:00-04:00,10.190209927103277,10.385341242879704,10.168528133727104,10.320297241210938,356100,0.0,0.0
2023-10-16 00:00:00-04:00,10.421476684491969,10.508201788713817,10.349205419692163,10.414249420166016,247500,0.0,0.0
2023-10-17 00:00:00-04:00,10.414249692571946,10.573246065752476,10.356432954911732,10.392568588256836,187100,0.0,0.0
2023-10-18 00:00:00-04:00,10.378114567043525,10.522657107496624,10.241522293637892,10.313071250915527,277500,0.0,0.0
2023-10-19 00:00:00-04:00,10.276934173389321,10.298615275722284,10.16130070864044,10.17575454711914,135500,0.0,0.0
2023-10-20 00:00:00-04:00,10.146845354785055,10.186594613517316,9.901123917585185,10.067347526550293,433000,0.0,0.0
2023-10-23 00:00:00-04:00,10.06012187740054,10.06012187740054,9.836081504821777,9.836081504821777,146100,0.0,0.0
2023-10-24 00:00:00-04:00,9.85053512262925,10.002304215376984,9.836080595115272,9.87221622467041,155500,0.0,0.0
2023-10-25 00:00:00-04:00,9.836081142675992,9.87221677424275,9.734902201364884,9.807172775268555,162800,0.0,0.0
2023-10-26 00:00:00-04:00,9.807172683990858,9.901848051599195,9.742128685622044,9.756583213806152,154400,0.0,0.0
2023-10-27 00:00:00-04:00,9.799946023533638,9.807172598332736,9.622881500974012,9.684311866760254,144600,0.0,0.0
2023-10-30 00:00:00-04:00,9.756583213806152,9.797054789953917,9.662630848298956,9.756583213806152,196100,0.0,0.0
2023-10-31 00:00:00-04:00,9.756584244431208,9.901126095391614,9.74935697957571,9.828855514526367,171700,0.0,0.0
2023-11-01 00:00:00-04:00,9.857762156723467,10.045666185418812,9.821626528010205,9.951714515686035,199600,0.0,0.0
2023-11-02 00:00:00-04:00,9.987851544541483,10.284162521362305,9.987851544541483,10.284162521362305,196900,0.0,0.0
2023-11-03 00:00:00-04:00,10.349205508342116,10.558791350981004,10.298616036086827,10.464838981628418,244500,0.0,0.0
2023-11-06 00:00:00-05:00,10.472066114818585,10.472066114818585,10.298615907062178,10.378113746643066,206600,0.0,0.0
2023-11-07 00:00:00-05:00,10.414248643298926,10.414248643298926,10.255252286137852,10.341978073120117,175700,0.0,0.0
2023-11-08 00:00:00-05:00,10.356433461667526,10.4142502021568,10.128780132144747,10.313071250915527,264100,0.0,0.0
2023-11-09 00:00:00-05:00,10.291388148676004,10.500973978626927,10.219117576862136,10.262479782104492,209700,0.0,0.0
2023-11-10 00:00:00-05:00,10.298616409301758,10.443158256147735,10.248026935213138,10.298616409301758,319400,0.0,0.0
2023-11-13 00:00:00-05:00,10.284161880002214,10.399796046708888,10.269708039932562,10.298616409301758,273600,0.0,0.0
2023-11-14 00:00:00-05:00,10.370888357025075,10.594928062011938,10.320298190390995,10.573246955871582,374900,0.0,0.0
2023-11-15 00:00:00-05:00,10.631062596929162,10.681652069091797,10.537110227748649,10.681652069091797,172400,0.0,0.0
2023-11-16 00:00:00-05:00,10.609381452294222,10.681652028073339,10.583363714183406,10.645516395568848,121700,0.0,0.0
2023-11-17 00:00:00-05:00,10.6599702835083,10.675147124186555,10.628171287215267,10.6599702835083,67400,0.0,0.0
2023-11-20 00:00:00-05:00,10.65997092426259,10.688879292420209,10.58769965925361,10.645516395568848,157700,0.0,0.0
2023-11-21 00:00:00-05:00,10.717786832749958,10.753922462463379,10.631061734975635,10.753922462463379,109500,0.0,0.0
2023-11-22 00:00:00-05:00,10.768376300810862,10.797284666735637,10.739467934886086,10.753922462463379,112600,0.0,0.0
2023-11-24 00:00:00-05:00,10.818967458257845,10.82619403348474,10.75753708883506,10.790059089660645,83500,0.0,0.0
2023-11-27 00:00:00-05:00,10.753922123025609,10.873169214855105,10.743081227684822,10.85148811340332,227400,0.0,0.0
2023-11-28 00:00:00-05:00,10.891238759933653,10.891238759933653,10.811740913308341,10.84787654876709,168500,0.0,0.0
2023-11-29 00:00:00-05:00,10.876783606214012,10.905691973245132,10.790058505120651,10.797285079956055,136700,0.0,0.0
2023-11-30 00:00:00-05:00,10.840647968492181,10.840647968492181,10.775603970404454,10.81896686553955,167200,0.0,0.0
2023-12-01 00:00:00-05:00,10.833421474449048,10.89123821258545,10.764764528680749,10.89123821258545,153400,0.0,0.0
2023-12-04 00:00:00-05:00,10.876784324645996,10.898465429043956,10.84064869116281,10.876784324645996,116100,0.0,0.0
2023-12-05 00:00:00-05:00,10.884010677974278,10.934600147077434,10.818966680996033,10.912919044494629,170800,0.0,0.0
2023-12-06 00:00:00-05:00,10.9345997432046,10.949053581316008,10.804511754052951,10.826192855834961,192600,0.0,0.0
2023-12-07 00:00:00-05:00,10.826193704209585,10.999644599747208,10.786445129366044,10.992417335510254,206500,0.0,0.0
2023-12-08 00:00:00-05:00,10.956282421072999,11.0502347946167,10.956282421072999,11.0502347946167,122900,0.0,0.0
2023-12-11 00:00:00-05:00,11.093596507554276,11.093596507554276,10.884010677974278,10.912919044494629,245200,0.0,0.0
2023-12-12 00:00:00-05:00,10.90569219098027,10.98519002959559,10.87533850837605,10.956281661987305,138300,0.0,0.0
2023-12-13 00:00:00-05:00,10.970736450951371,11.129732131958008,10.920146289513015,11.129732131958008,243800,0.0,0.0
2023-12-14 00:00:00-05:00,11.165866668801126,11.230910663388459,11.028552105184376,11.04300594329834,274800,0.0,0.0
2023-12-15 00:00:00-05:00,11.057461778705036,11.093597412109375,10.956282143018862,11.093597412109375,319800,0.0,0.0
2023-12-18 00:00:00-05:00,11.079142341001464,11.158640179217622,11.0314435002258,11.136959075927734,292200,0.0,0.0
2023-12-19 00:00:00-05:00,11.035781824283134,11.25259426884127,11.035781824283134,11.230913162231445,225300,0.0,0.0
2023-12-20 00:00:00-05:00,11.23091020492452,11.339316398658227,11.180320739746094,11.180320739746094,141900,0.0,0.0
2023-12-21 00:00:00-05:00,11.15141432564934,11.212844696636107,11.136959796367798,11.19477653503418,220000,0.0,0.0
2023-12-22 00:00:00-05:00,11.288728673691281,11.346545411159287,11.24175283295973,11.252593040466309,166600,0.0,0.0
2023-12-26 00:00:00-05:00,11.259820304957278,11.360999940141227,11.238139200714246,11.252593040466309,321900,0.0,0.0
2023-12-27 00:00:00-05:00,11.259820529970279,11.33931837326998,11.183936318988277,11.216458320617676,304900,0.0,0.0
2023-12-28 00:00:00-05:00,11.246209215025171,11.335464759270609,11.205300157910175,11.21645736694336,216500,0.44,0.0
2023-12-29 00:00:00-05:00,11.216456618612824,11.246208464709676,11.11604387203346,11.127201080322266,233500,0.0,0.0
2024-01-02 00:00:00-05:00,11.09745112461285,11.149516686816423,11.06026113332169,11.082574844360352,210900,0.0,0.0
2024-01-03 00:00:00-05:00,11.045384643045942,11.194143886488508,10.993318375836024,11.171830177307129,255800,0.0,0.0
2024-01-04 00:00:00-05:00,11.186705914541033,11.513976255016686,11.186705914541033,11.499100685119629,380800,0.0,0.0
2024-01-05 00:00:00-05:00,11.513977273702649,11.721496847643925,11.454473570169826,11.640422821044922,361000,0.0,0.0
2024-01-08 00:00:00-05:00,11.662736372754557,11.718521001991931,11.588356394211358,11.655298233032227,263100,0.0,0.0
2024-01-09 00:00:00-05:00,11.610669942037683,11.6590171402182,11.499100685119629,11.499100685119629,259300,0.0,0.0
2024-01-10 00:00:00-05:00,11.521415214456528,11.647860759609074,11.521415214456528,11.603233337402344,134700,0.0,0.0
2024-01-11 00:00:00-05:00,11.618107099205256,11.618107099205256,11.372654187269509,11.454471588134766,112100,0.0,0.0
2024-01-12 00:00:00-05:00,11.48422498510387,11.540010325716537,11.4172838531808,11.432159423828125,105100,0.0,0.0
2024-01-16 00:00:00-05:00,11.432159062107857,11.491662761494569,11.35034165278614,11.409845352172852,271700,0.0,0.0
2024-01-17 00:00:00-05:00,11.380094082227664,11.380094082227664,11.25364853725424,11.342904090881348,201900,0.0,0.0
2024-01-18 00:00:00-05:00,11.380093862552378,11.543729395713386,11.350342011917656,11.432159423828125,228600,0.0,0.0
2024-01-19 00:00:00-05:00,11.499100902740453,11.592075521711724,11.387531643710947,11.580918312072754,305400,0.0,0.0
2024-01-22 00:00:00-05:00,11.573479515333005,11.6999243296135,11.573479515333005,11.632983207702637,174000,0.0,0.0
2024-01-23 00:00:00-05:00,11.655299325955104,11.69992674979372,11.540010986808547,11.551167488098145,113200,0.0,0.0
2024-01-24 00:00:00-05:00,11.566041128533133,11.592073904719337,11.484223021273689,11.506537437438965,142100,0.0,0.0
2024-01-25 00:00:00-05:00,11.558603443443236,11.558603443443236,11.432902015207988,11.54372787475586,158300,0.0,0.0
2024-01-26 00:00:00-05:00,11.521412648497796,11.618106320864301,11.521412648497796,11.610668182373047,112500,0.0,0.0
2024-01-29 00:00:00-05:00,11.670173480254045,11.699925328980159,11.469348678687775,11.513976097106934,100800,0.0,0.0
2024-01-30 00:00:00-05:00,11.469349652101982,11.606951698136166,11.469349652101982,11.603233337402344,105900,0.0,0.0
2024-01-31 00:00:00-05:00,11.580917870593135,11.588356010068896,11.40240677921498,11.417283058166504,135800,0.0,0.0
2024-02-01 00:00:00-05:00,11.4470350912367,11.4470350912367,11.162904684611085,11.238771438598633,237100,0.0,0.0
2024-02-02 00:00:00-05:00,11.275961427236862,11.328026985726362,11.201582159300438,11.238771438598633,135900,0.0,0.0
2024-02-05 00:00:00-05:00,11.231333803455883,11.238771233575825,11.061004240258853,11.201581954956055,153400,0.0,0.0
2024-02-06 00:00:00-05:00,11.22389659514464,11.22389659514464,11.067699200227196,11.112326622009277,139800,0.0,0.0
2024-02-07 00:00:00-05:00,11.037947220727347,11.17926833384509,10.985881659474504,11.045385360717773,332700,0.0,0.0
2024-02-08 00:00:00-05:00,11.052821159362793,11.164391114725102,10.97844189846122,11.052821159362793,147300,0.0,0.0
2024-02-09 00:00:00-05:00,11.112325009331347,11.112325009331347,10.982161123573599,11.037945747375488,110900,0.0,0.0
2024-02-12 00:00:00-05:00,11.112325700116545,11.205300315346014,11.06026014257685,11.201581954956055,119200,0.0,0.0
2024-02-13 00:00:00-05:00,11.12720135707388,11.12720135707388,10.993317691638156,11.008193969726562,119400,0.0,0.0
2024-02-14 00:00:00-05:00,11.06769847869873,11.12720217675571,11.00819478064175,11.06769847869873,85400,0.0,0.0
2024-02-15 00:00:00-05:00,11.097451141071778,11.342904090881348,11.097451141071778,11.342904090881348,197900,0.0,0.0
2024-02-16 00:00:00-05:00,11.342903011819923,11.506538532572858,11.238771187824415,11.44703483581543,193800,0.0,0.0
2024-02-20 00:00:00-05:00,11.40984490284309,11.447034890830224,11.342903066334255,11.372654914855957,109800,0.0,0.0
2024-02-21 00:00:00-05:00,11.3726544816675,11.46191002383283,11.346621703870111,11.38009262084961,99700,0.0,0.0
2024-02-22 00:00:00-05:00,11.461909382258511,11.513974934938947,11.391248482663666,11.476785659790039,114300,0.0,0.0
2024-02-23 00:00:00-05:00,11.528852447493403,11.543728726618545,11.439596900762645,11.484224319458008,125900,0.0,0.0
2024-02-26 00:00:00-05:00,11.44703490672953,11.528852312942844,11.40240677921498,11.417283058166504,197800,0.0,0.0
2024-02-27 00:00:00-05:00,11.826370629031484,12.280087199788221,11.766866932758472,12.064385414123535,614400,0.0,0.0
2024-02-28 00:00:00-05:00,12.146204122294273,12.146204122294273,11.759430077611503,11.870999336242676,281400,0.0,0.0
2024-02-29 00:00:00-05:00,11.900751973123445,12.083726250349606,11.84868641022986,12.0569486618042,323200,0.0,0.0
2024-03-01 00:00:00-05:00,12.138766785597083,12.138766785597083,11.982570096916328,12.0569486618042,202400,0.0,0.0
2024-03-04 00:00:00-05:00,12.042071638225755,12.156615856028509,12.004880943778154,12.094137191772461,237100,0.0,0.0
2024-03-05 00:00:00-05:00,12.109014715157796,12.209427472475477,12.079262156539189,12.146203994750977,214600,0.0,0.0
2024-03-06 00:00:00-05:00,12.190830979010839,12.317276511267986,12.153641700744629,12.153641700744629,252800,0.0,0.0
2024-03-07 00:00:00-05:00,12.198268803113228,12.272648776403184,12.13876510821726,12.183392524719238,258700,0.0,0.0
2024-03-08 00:00:00-05:00,12.250334906125152,12.257773045654464,12.109014511108398,12.109014511108398,146700,0.0,0.0
2024-03-11 00:00:00-04:00,12.15364138661125,12.235459499098202,12.131326969020265,12.183392524719238,187000,0.0,0.0
2024-03-12 00:00:00-04:00,12.27265078318179,12.27265078318179,12.058437162792888,12.198270797729492,261800,0.0,0.0
2024-03-13 00:00:00-04:00,12.235459499098202,12.272648776403184,12.175955804202234,12.183392524719238,186600,0.0,0.0
2024-03-14 00:00:00-04:00,12.146204224560543,12.146204224560543,11.930503845214844,11.930503845214844,186200,0.0,0.0
2024-03-15 00:00:00-04:00,11.937940566330122,12.056947965696047,11.90075128603331,11.930503845214844,267700,0.0,0.0
2024-03-18 00:00:00-04:00,11.945378823327438,11.971411603526647,11.87099955266399,11.9528169631958,177000,0.0,0.0
2024-03-19 00:00:00-04:00,12.004881717850521,12.079261692861794,11.93793988220838,12.064385414123535,168300,0.0,0.0
2024-03-20 00:00:00-04:00,12.02719625436157,12.16851806640625,11.99000697582983,12.16851806640625,180100,0.0,0.0
2024-03-21 00:00:00-04:00,12.242896459577876,12.343309212685426,12.16851790351008,12.30983829498291,439500,0.0,0.0
2024-03-22 00:00:00-04:00,12.354466888890137,12.354466888890137,12.131326969020265,12.183392524719238,289500,0.0,0.0
2024-03-25 00:00:00-04:00,12.257773918961751,12.369343182490086,12.228022777404936,12.265212059020996,277200,0.0,0.0
2024-03-26 00:00:00-04:00,12.280088049993623,12.294964329761832,12.198269929948585,12.213146209716797,282700,0.0,0.0
2024-03-27 00:00:00-04:00,12.335737149378469,12.449900308522576,12.297426530745835,12.435341835021973,231400,0.48,0.0
2024-03-28 00:00:00-04:00,12.48897467134138,12.61156572258542,12.450665515852844,12.473651885986328,279900,0.0,0.0
2024-04-01 00:00:00-04:00,12.473652226024198,12.565594786263325,12.297426306331353,12.343399047851562,276100,0.0,0.0
2024-04-02 00:00:00-04:00,12.34339743369074,12.412355075552734,12.29742469818244,12.3970308303833,152300,0.0,0.0
2024-04-03 00:00:00-04:00,12.42001702234153,12.496636794719207,12.40469423698648,12.473651885986328,140500,0.0,0.0
2024-04-04 00:00:00-04:00,12.557931635342994,12.60926771303415,12.374045068507403,12.381707191467285,257200,0.0,0.0
2024-04-05 00:00:00-04:00,12.389369890915917,12.48897457122803,12.389369890915917,12.488974571228027,145700,0.0,0.0
2024-04-08 00:00:00-04:00,12.511960941177252,12.511960941177252,12.32807436578525,12.488974571228027,254900,0.0,0.0
2024-04-09 00:00:00-04:00,12.504298918097035,12.511961041474864,12.412356360364308,12.473651885986328,131500,0.0,0.0
2024-04-10 00:00:00-04:00,12.389370535154038,12.527285839219681,12.381708411439206,12.496637344360352,279100,0.0,0.0
2024-04-11 00:00:00-04:00,12.48897586470983,12.649877548217773,12.465990953780658,12.649877548217773,209800,0.0,0.0
2024-04-12 00:00:00-04:00,12.6422148742274,12.7494816842999,12.450666164011835,12.481314659118652,203900,0.0,0.0
2024-04-15 00:00:00-04:00,12.565594996393173,12.71500275533073,12.450666063472028,12.496637344360352,225600,0.0,0.0
2024-04-16 00:00:00-04:00,12.43534179724803,12.56176464625069,12.43534179724803,12.55793285369873,246000,0.0,0.0
2024-04-17 00:00:00-04:00,12.642214734112462,12.772467914071466,12.584749537124413,12.61922836303711,306400,0.0,0.0
2024-04-18 00:00:00-04:00,12.61922894722451,12.856750408463512,12.588581912439281,12.81077766418457,306000,0.0,0.0
2024-04-19 00:00:00-04:00,12.810777765756606,12.90272179364275,12.749482234299427,12.795454978942871,237500,0.0,0.0
2024-04-22 00:00:00-04:00,12.856750113101054,12.918045642664081,12.81077736987826,12.860580444335938,162100,0.0,0.0
2024-04-23 00:00:00-04:00,12.856751325669574,13.032975807108581,12.849089201076465,13.017651557922363,232900,0.0,0.0
2024-04-24 00:00:00-04:00,13.048298775240834,13.155565586211468,12.910383468906765,13.086607933044434,682500,0.0,0.0
2024-04-25 00:00:00-04:00,13.155564365364597,13.201535642742884,12.642213806871956,12.910382270812988,928000,0.0,0.0
2024-04-26 00:00:00-04:00,12.994663606287366,13.178551651392018,12.994663606287366,13.094269752502441,284800,0.0,0.0
2024-04-29 00:00:00-04:00,13.170890418460408,13.400748298285238,13.025312981824277,13.278157234191895,398800,0.0,0.0
2024-04-30 00:00:00-04:00,13.23984812039556,13.329491904680308,13.15173588411183,13.155566215515137,228600,0.0,0.0
2024-05-01 00:00:00-04:00,13.178552542641336,13.46970595451284,13.140241921736692,13.278157234191895,436800,0.0,0.0
2024-05-02 00:00:00-04:00,13.331789740445016,13.365502792280978,13.071283381514196,13.094269752502441,240400,0.0,0.0
2024-05-03 00:00:00-04:00,13.201536237272556,13.239846854646908,13.101931554900489,13.163227081298828,138200,0.0,0.0
2024-05-06 00:00:00-04:00,13.324127205691333,13.469704627990723,13.232184647376382,13.469704627990723,287900,0.0,0.0
2024-05-07 00:00:00-04:00,13.531001154617194,13.531001154617194,13.347114562988281,13.347114562988281,291400,0.0,0.0
2024-05-08 00:00:00-04:00,13.347114884542203,13.50801510806858,13.216861696325285,13.423734664916992,299500,0.0,0.0
2024-05-09 00:00:00-04:00,13.462041557732958,13.676576614379883,13.454379434845512,13.676576614379883,311100,0.0,0.0
2024-05-10 00:00:00-04:00,13.638266605780434,13.699562130202347,13.546324049847854,13.661252975463867,234100,0.0,0.0
2024-05-13 00:00:00-04:00,13.722546629681014,13.745532996231706,13.661251113612884,13.684237480163574,200800,0.0,0.0
2024-05-14 00:00:00-04:00,13.630605872107768,13.787675743948556,13.608385276444064,13.760857582092285,199900,0.0,0.0
2024-05-15 00:00:00-04:00,13.86046351654035,13.943978173663568,13.676576946971391,13.753196716308594,239100,0.0,0.0
2024-05-16 00:00:00-04:00,13.79150712806402,13.832882304155715,13.442888534116205,13.454380989074707,500400,0.0,0.0
2024-05-17 00:00:00-04:00,13.446719148882591,13.531001050757528,13.36243870840837,13.508014678955078,248500,0.0,0.0
2024-05-20 00:00:00-04:00,13.523336703083823,13.630604959122316,13.500351796461658,13.576970100402832,218700,0.0,0.0
2024-05-21 00:00:00-04:00,13.592295327814144,13.67657722191949,13.576971081358522,13.661252975463867,204400,0.0,0.0
2024-05-22 00:00:00-04:00,13.592295315547155,13.638266593471956,13.462042143593072,13.51567554473877,237800,0.0,0.0
2024-05-23 00:00:00-04:00,13.569308032532946,13.607618646058736,13.485027605577164,13.538661003112793,128800,0.0,0.0
2024-05-24 00:00:00-04:00,13.59995743609317,13.783844009156782,13.5616482813968,13.722548484802246,166200,0.0,0.0
2024-05-28 00:00:00-04:00,13.642099106043975,13.783844739612851,13.576971785928121,13.630606651306152,176700,0.0,0.0
2024-05-29 00:00:00-04:00,13.599957523778818,13.62294389358519,13.462042227741755,13.56164836883545,146400,0.0,0.0
2024-05-30 00:00:00-04:00,13.576971785928121,13.668915808032663,13.576971785928121,13.630606651306152,179400,0.0,0.0
2024-05-31 00:00:00-04:00,13.630606574168922,13.744768269760057,13.622944450586852,13.73021125793457,176100,0.0,0.0
2024-06-03 00:00:00-04:00,13.730210347087269,13.768519501055597,13.668914823897616,13.753196716308594,203700,0.0,0.0
2024-06-04 00:00:00-04:00,13.714886450009507,13.714886450009507,13.515675629222706,13.56164836883545,244800,0.0,0.0
2024-06-05 00:00:00-04:00,13.523338564861687,13.699563026428223,13.396917176833753,13.699563026428223,207800,0.0,0.0
2024-06-06 00:00:00-04:00,13.745535158900609,13.745535158900609,13.676577509799387,13.714886665344238,125000,0.0,0.0
2024-06-07 00:00:00-04:00,13.668915068776142,13.7953364482569,13.645928699143015,13.783843994140625,207500,0.0,0.0
2024-06-10 00:00:00-04:00,13.730211294092515,13.768520450703116,13.599958115655562,13.607620239257812,167500,0.0,0.0
2024-06-11 00:00:00-04:00,13.607621175568768,13.653592458944804,13.469705864039911,13.52333927154541,117500,0.0,0.0
2024-06-12 00:00:00-04:00,13.615282362860063,13.699562799683514,13.56164895904496,13.607620239257812,132600,0.0,0.0
2024-06-13 00:00:00-04:00,13.55398616084325,13.55398616084325,13.469704266813968,13.51567554473877,134400,0.0,0.0
2024-06-14 00:00:00-04:00,13.523338906159516,13.611451139166533,13.408409970124307,13.569310188293457,144000,0.0,0.0
2024-06-17 00:00:00-04:00,13.523338282246067,13.645929336547852,13.473535209748267,13.645929336547852,145300,0.0,0.0
2024-06-18 00:00:00-04:00,13.630605338455725,13.699561521641707,13.57697047824361,13.676576614379883,176500,0.0,0.0
2024-06-20 00:00:00-04:00,13.676579425483945,13.860466028377411,13.64669816306143,13.79917049407959,170300,0.0,0.0
2024-06-21 00:00:00-04:00,13.829815272006302,13.86046376485047,13.7240814790553,13.783843994140625,200900,0.0,0.0
2024-06-24 00:00:00-04:00,13.814494027786214,13.990718497093678,13.814494027786214,13.975394248962402,177300,0.0,0.0
2024-06-25 00:00:00-04:00,14.021366553407024,14.044352927278487,13.914099731475217,13.93708610534668,208500,0.0,0.0
2024-06-26 00:00:00-04:00,13.906437606851394,13.985356175215994,13.84514207126167,13.93708610534668,147900,0.0,0.0
2024-06-27 00:00:00-04:00,13.960069371131175,14.013704237171321,13.883451056732307,13.9064359664917,185900,0.0,0.0
2024-06-28 00:00:00-04:00,13.906437077286098,14.087346246217376,13.880479748567598,13.953630447387695,177700,0.47,0.0
2024-07-01 00:00:00-04:00,13.953628063266626,14.02441885644878,13.788450546008223,13.99295711517334,388000,0.0,0.0
2024-07-02 00:00:00-04:00,14.032284660113973,14.221059608426053,13.914300504950164,14.205327987670898,249800,0.0,0.0
2024-07-03 00:00:00-04:00,14.142403613677454,14.346910191547929,14.099142404863509,14.323312759399414,140900,0.0,0.0
2024-07-05 00:00:00-04:00,14.268252707678522,14.331177689290394,14.0401502119292,14.1502685546875,253000,0.0,0.0
2024-07-08 00:00:00-04:00,14.17386650541974,14.386238888745387,14.158134884377109,14.260387420654297,218800,0.0,0.0
2024-07-09 00:00:00-04:00,14.244656777230258,14.2603868974458,14.118806814006515,14.1502685546875,116800,0.0,0.0
2024-07-10 00:00:00-04:00,14.221060179467504,14.252523422241211,14.173866815556934,14.252523422241211,97000,0.0,0.0
2024-07-11 00:00:00-04:00,14.252523463453858,14.378373434412614,14.118807681778934,14.323312759399414,150000,0.0,0.0
2024-07-12 00:00:00-04:00,14.417700987743476,14.449164230608162,14.299716827500893,14.323312759399414,134100,0.0,0.0
2024-07-15 00:00:00-04:00,14.28398520606855,14.346910191547929,14.213194409873003,14.323312759399414,151100,0.0,0.0
2024-07-16 00:00:00-04:00,14.315449458641263,14.51209023966518,14.315449458641263,14.441299438476562,209100,0.0,0.0
2024-07-17 00:00:00-04:00,14.457029979366684,14.740193192320051,14.276120815646541,14.362643241882324,255300,0.0,0.0
2024-07-18 00:00:00-04:00,14.386238845183678,14.457028139161253,14.1660006520036,14.189598083496094,103400,0.0,0.0
2024-07-19 00:00:00-04:00,14.236791762064081,14.244657572736076,14.103075981140137,14.103075981140137,84000,0.0,0.0
2024-07-22 00:00:00-04:00,14.110942493186101,14.323313390885763,14.110942493186101,14.228926658630371,118200,0.0,0.0
2024-07-23 00:00:00-04:00,14.173866815556934,14.34691015006235,14.173866815556934,14.252523422241211,151100,0.0,0.0
2024-07-24 00:00:00-04:00,14.268250978999413,14.268250978999413,14.08734186631468,14.165998458862305,156600,0.0,0.0
2024-07-25 00:00:00-04:00,14.181732599616918,14.307582569975416,14.173866788938263,14.283985137939453,143300,0.0,0.0
2024-07-26 00:00:00-04:00,14.323313205505888,14.417701436789718,14.181733108955205,14.39410400390625,134400,0.0,0.0
2024-07-29 00:00:00-04:00,14.158135820498376,14.386239839948654,13.654735915849562,13.717660903930664,663300,0.0,0.0
2024-07-30 00:00:00-04:00,13.764854525726495,13.819913703789387,13.662601980788278,13.772720336914062,210200,0.0,0.0
2024-07-31 00:00:00-04:00,13.843510789279538,14.00475616394522,13.835644978289743,13.890704154968262,248600,0.0,0.0
2024-08-01 00:00:00-04:00,13.953629589239599,14.085773117747506,13.764854620192681,13.780586242675781,161100,0.0,0.0
2024-08-02 00:00:00-04:00,13.69406268276455,13.713726459111433,13.135603633213252,13.292915344238281,410800,0.0,0.0
2024-08-05 00:00:00-04:00,12.569277485910828,12.969638700240557,11.806311848867427,12.80524730682373,490500,0.0,0.0
2024-08-06 00:00:00-04:00,12.789514517558626,12.907498667116853,12.482754678532338,12.820976257324219,270900,0.0,0.0
2024-08-07 00:00:00-04:00,12.978290449075025,13.072678676087376,12.789515495300293,12.789515495300293,209900,0.0,0.0
2024-08-08 00:00:00-04:00,12.899634900484179,13.03256456018147,12.797382354736328,12.797382354736328,203800,0.0,0.0
2024-08-09 00:00:00-04:00,12.797381725647199,12.90750007723174,12.789515914784014,12.891768455505371,128000,0.0,0.0
2024-08-12 00:00:00-04:00,12.938963505824185,12.986156871428546,12.687262055350821,12.726591110229492,173100,0.0,0.0
2024-08-13 00:00:00-04:00,12.750186880387021,12.805247556515333,12.600740974503108,12.679397583007812,188500,0.0,0.0
2024-08-14 00:00:00-04:00,12.781651149947209,12.809180740096314,12.663666977843878,12.71872615814209,177800,0.0,0.0
2024-08-15 00:00:00-04:00,12.781650572929689,12.970425539822948,12.765918950626064,12.931097984313965,191900,0.0,0.0
2024-08-16 00:00:00-04:00,12.994022217657513,13.229990537489675,12.907499800269058,13.127737998962402,162900,0.0,0.0
2024-08-19 00:00:00-04:00,13.174931905158315,13.242576679714455,13.112006917263084,13.206395149230957,162300,0.0,0.0
2024-08-20 00:00:00-04:00,13.206394605656453,13.281117556878305,13.10414056687919,13.127737998962402,156200,0.0,0.0
2024-08-21 00:00:00-04:00,13.198529209758618,13.243362681850735,12.970425193202134,13.049081802368164,270400,0.0,0.0
2024-08-22 00:00:00-04:00,13.072681487228943,13.237859044707776,13.06481567493229,13.112009048461914,155500,0.0,0.0
2024-08-23 00:00:00-04:00,13.10414022867142,13.292915179715013,13.10414022867142,13.245721817016602,175200,0.0,0.0
2024-08-26 00:00:00-04:00,13.25358812433101,13.316513110371009,12.978290747812265,12.994022369384766,384000,0.0,0.0
2024-08-27 00:00:00-04:00,12.978290219425286,13.159199359393652,12.946826977561251,13.096274375915527,170600,0.0,0.0
2024-08-28 00:00:00-04:00,13.135605111314968,13.226059692889127,13.104141865419537,13.190664291381836,108200,0.0,0.0
2024-08-29 00:00:00-04:00,13.198528264230658,13.31651241940243,13.18279664347444,13.229990005493164,127800,0.0,0.0
2024-08-30 00:00:00-04:00,13.34797477722168,13.458094627351823,13.292915602281608,13.34797477722168,199700,0.0,0.0
2024-09-03 00:00:00-04:00,13.37157275032303,13.5642813706583,13.37157275032303,13.426631927490234,162700,0.0,0.0
2024-09-04 00:00:00-04:00,13.434497481529807,13.5446158337575,13.36370668359771,13.371572494506836,211100,0.0,0.0
2024-09-05 00:00:00-04:00,13.426632860076234,13.493491508601743,13.253589505495786,13.277185440063477,277000,0.0,0.0
2024-09-06 00:00:00-04:00,13.245723798551396,13.332246226650362,12.994023826172775,13.104142189025879,236000,0.0,0.0
2024-09-09 00:00:00-04:00,13.167065647479449,13.340108983258748,13.104140661718793,13.135603904724121,203700,0.0,0.0
2024-09-10 00:00:00-04:00,13.135603904724121,13.363706415512743,13.064813108212135,13.135603904724121,113400,0.0,0.0
2024-09-11 00:00:00-04:00,13.15133504577458,13.194596258136523,13.00975494202202,13.174932479858398,104700,0.0,0.0
2024-09-12 00:00:00-04:00,13.174930405950388,13.379436968401096,13.174930405950388,13.340107917785645,103300,0.0,0.0
2024-09-13 00:00:00-04:00,13.379438936099925,13.662602141176146,13.379438936099925,13.639004707336426,219100,0.0,0.0
2024-09-16 00:00:00-04:00,13.583945526771199,13.843511297972237,13.583945526771199,13.819913864135742,239400,0.0,0.0
2024-09-17 00:00:00-04:00,13.890703405159265,13.890703405159265,13.552481052105279,13.615406036376953,242500,0.0,0.0
2024-09-18 00:00:00-04:00,13.654736834953402,13.796318442728289,13.62170132650595,13.749123573303223,294800,0.0,0.0
2024-09-19 00:00:00-04:00,13.914302806217686,13.914302806217686,13.615407963435636,13.76485538482666,227600,0.0,0.0
2024-09-20 00:00:00-04:00,13.733391347652178,13.733391347652178,13.45022964477539,13.45022964477539,342900,0.0,0.0
2024-09-23 00:00:00-04:00,13.513153970576477,13.717660551650686,13.497422348897688,13.654735565185547,140700,0.0,0.0
2024-09-24 00:00:00-04:00,13.686197213097238,13.701928834666603,13.611474261017758,13.646869659423828,137700,0.0,0.0
2024-09-25 00:00:00-04:00,13.686195776280142,13.686195776280142,13.583943247314046,13.607539176940918,159500,0.0,0.0
2024-09-26 00:00:00-04:00,13.686199000332692,13.771147667550427,13.60754238246436,13.670467376708984,186400,0.0,0.0
2024-09-27 00:00:00-04:00,13.756988808951132,13.851377043599637,13.724739432935804,13.780586242675781,208000,0.0,0.0
2024-09-30 00:00:00-04:00,13.740173136010597,13.829080631969262,13.699761478723518,13.715925216674805,284600,0.47,0.0
2024-10-01 00:00:00-04:00,13.715926141333913,13.756339342951357,13.538112679035198,13.586606979370117,183100,0.0,0.0
2024-10-02 00:00:00-04:00,13.651265598177936,13.740173093863886,13.54700216608389,13.667430877685547,286700,0.0,0.0
2024-10-03 00:00:00-04:00,13.667430710243002,13.85332679748535,13.610853774265408,13.853326797485352,202000,0.0,0.0
2024-10-04 00:00:00-04:00,13.901821726736907,13.990727673916508,13.833120064964803,13.982645034790039,162000,0.0,0.0
2024-10-07 00:00:00-04:00,13.95840077472417,13.99477188550325,13.86141063211129,13.926070213317871,123600,0.0,0.0
2024-10-08 00:00:00-04:00,13.982648312639883,13.982648312639883,13.862219582154088,13.950319290161133,76800,0.0,0.0
2024-10-09 00:00:00-04:00,13.97456430258295,14.031141236341451,13.853326254122361,13.901822090148926,129100,0.0,0.0
2024-10-10 00:00:00-04:00,13.829080374694119,13.95031688590579,13.796749816181203,13.88565731048584,156400,0.0,0.0
2024-10-11 00:00:00-04:00,13.86140918583007,14.01497625327497,13.857368636878876,13.94223403930664,204500,0.0,0.0
2024-10-14 00:00:00-04:00,13.96648195783137,14.006893613766728,13.90990348127367,13.94223403930664,124400,0.0,0.0
2024-10-15 00:00:00-04:00,14.039225415062376,14.122473680318313,13.98264693349429,14.063471794128418,208200,0.0,0.0
2024-10-16 00:00:00-04:00,14.14429483329002,14.411015759910686,14.14429483329002,14.402933120727539,302800,0.0,0.0
2024-10-17 00:00:00-04:00,14.443348442120367,14.532254403006757,14.330193018510203,14.346358299255371,236700,0.0,0.0
2024-10-18 00:00:00-04:00,14.273614883422852,14.402934035353736,14.265532243726435,14.273614883422852,122500,0.0,0.0
2024-10-21 00:00:00-04:00,14.322109384421234,14.346357303856585,14.184707590832737,14.297863006591797,165900,0.0,0.0
2024-10-22 00:00:00-04:00,14.249368099283156,14.299479544428738,14.07155463661698,14.087719917297363,128800,0.0,0.0
2024-10-23 00:00:00-04:00,14.087718511090834,14.249366676941246,13.901822426640223,13.990728378295898,137600,0.0,0.0
2024-10-24 00:00:00-04:00,13.990728084310128,14.050539307279307,13.914753124219658,14.03114128112793,128300,0.0,0.0
2024-10-25 00:00:00-04:00,14.06347025208667,14.099841358303683,13.885656811473405,13.901822090148926,110300,0.0,0.0
2024-10-28 00:00:00-04:00,13.982645444946568,14.083676124582325,13.942233789734596,14.03114128112793,120700,0.0,0.0
2024-10-29 00:00:00-04:00,14.023060570312662,14.031143210787803,13.86949348449707,13.86949348449707,60800,0.0,0.0
2024-10-30 00:00:00-04:00,13.853328454044235,14.006895542636645,13.83716471440772,13.861411094665527,78400,0.0,0.0
2024-10-31 00:00:00-04:00,13.829080837121344,13.885657774804928,13.69976168195717,13.74017333984375,99000,0.0,0.0
2024-11-01 00:00:00-04:00,13.91798655175533,13.958399750547947,13.433040499091152,13.505781173706055,260300,0.0,0.0
2024-11-04 00:00:00-05:00,13.44920537141292,13.521947593769372,13.271391906544943,13.319886207580566,189800,0.0,0.0
2024-11-05 00:00:00-05:00,13.336051210319994,13.608429866891745,13.336051210319994,13.570443153381348,154800,0.0,0.0
2024-11-06 00:00:00-05:00,13.659348634896077,13.716734916334063,13.13398936847814,13.26330852508545,421500,0.0,0.0
2024-11-07 00:00:00-05:00,13.214814013967132,13.57852355796631,13.214814013967132,13.400710105895996,301600,0.0,0.0
2024-11-08 00:00:00-05:00,13.376462442575875,13.488808518031876,13.303720224061317,13.311802864074707,192500,0.0,0.0
2024-11-11 00:00:00-05:00,13.408793159176943,13.452437565831653,13.239060800126035,13.36838150024414,211400,0.0,0.0
2024-11-12 00:00:00-05:00,13.31988491878797,13.521946285425917,13.230978965759277,13.230978965759277,213100,0.0,0.0
2024-11-13 00:00:00-05:00,13.247142742793134,13.433040372272343,13.20673108598794,13.360298156738281,133200,0.0,0.0
2024-11-14 00:00:00-05:00,13.360298580819725,13.442739041625732,13.166319847106934,13.166319847106934,172300,0.0,0.0
2024-11-15 00:00:00-05:00,13.198649667738009,13.239061328282988,13.008711471643336,13.109742164611816,128100,0.0,0.0
2024-11-18 00:00:00-05:00,13.142071471124698,13.311802279129747,13.101658272833577,13.230978965759277,143600,0.0,0.0
2024-11-19 00:00:00-05:00,13.17440147658852,13.295639538952132,13.158237737665239,13.279474258422852,144400,0.0,0.0
2024-11-20 00:00:00-05:00,13.392627669140442,13.457287247383492,13.271391152635463,13.424958229064941,151600,0.0,0.0
2024-11-21 00:00:00-05:00,13.360300582518644,13.618938932886032,13.360300582518644,13.473454475402832,137100,0.0,0.0
2024-11-22 00:00:00-05:00,13.473451163302368,13.659347239230401,13.43869720234735,13.618935585021973,102500,0.0,0.0
2024-11-25 00:00:00-05:00,13.61893682457808,13.748255979742252,13.61893682457808,13.74017333984375,148600,0.0,0.0
2024-11-26 00:00:00-05:00,13.869492733878579,13.99881189126998,13.764421496600297,13.8937406539917,270300,0.0,0.0
2024-11-27 00:00:00-05:00,13.926070452667684,14.111966559130883,13.926070452667684,13.998812675476074,192800,0.0,0.0
2024-11-29 00:00:00-05:00,14.039225626691021,14.134598624523633,13.982647144270066,14.006895065307617,103100,0.0,0.0
2024-12-02 00:00:00-05:00,14.006893655632295,14.11196488634179,13.82908021073705,14.071553230285645,166300,0.0,0.0
2024-12-03 00:00:00-05:00,14.103884915973817,14.13055624111775,13.901823536327235,13.966483116149902,126600,0.0,0.0
2024-12-04 00:00:00-05:00,13.901821726736907,14.023058230422388,13.861408531104557,13.982645034790039,144800,0.0,0.0
2024-12-05 00:00:00-05:00,13.982647134480883,14.111966296711925,13.958400755066323,14.087719917297363,130400,0.0,0.0
2024-12-06 00:00:00-05:00,14.144296355619836,14.168544275779045,14.014977197982645,14.10388469696045,106300,0.0,0.0
2024-12-09 00:00:00-05:00,14.103886222886992,14.346359284288859,14.103886222886992,14.184709548950195,151400,0.0,0.0
2024-12-10 00:00:00-05:00,14.144295933379732,14.451428538197947,14.132172744465015,14.297863006591797,170500,0.0,0.0
2024-12-11 00:00:00-05:00,14.338274540215199,14.475676332617054,14.297862883111202,14.451428413391113,181600,0.0,0.0
2024-12-12 00:00:00-05:00,14.451428331926344,14.467593611319177,14.217037947153827,14.273614883422852,178700,0.0,0.0
2024-12-13 00:00:00-05:00,14.289779706265728,14.487798976880716,14.241285411242483,14.419098854064941,239400,0.0,0.0
2024-12-16 00:00:00-05:00,14.524170289550355,14.629243062131147,14.411016419022607,14.443346977233887,275600,0.0,0.0
2024-12-17 00:00:00-05:00,14.46759289878238,14.52416983226496,14.342315843672614,14.427181243896484,232500,0.0,0.0
2024-12-18 00:00:00-05:00,14.459512612369416,14.701987205958266,14.23320484161377,14.23320484161377,290400,0.0,0.0
2024-12-19 00:00:00-05:00,14.29786259119377,14.637325745396643,14.25421664579937,14.491841316223145,265000,0.0,0.0
2024-12-20 00:00:00-05:00,14.402934562074128,14.815139952030526,14.378688183704071,14.548418998718262,1093300,0.0,0.0
2024-12-23 00:00:00-05:00,14.556500847761635,14.621160422578328,14.26553199028358,14.443346977233887,260000,0.0,0.0
2024-12-24 00:00:00-05:00,14.435264131384546,14.604994934750518,14.427181491947236,14.580748558044434,198700,0.0,0.0
2024-12-26 00:00:00-05:00,14.532252808491386,14.685819875508686,14.499923792154288,14.67773723602295,188200,0.0,0.0
2024-12-27 00:00:00-05:00,14.69390296561988,14.78281046108371,14.633283938420742,14.774727821350098,144400,0.0,0.0
2024-12-30 00:00:00-05:00,14.750481354831708,14.83938885905148,14.604996908510646,14.758563995361328,242800,0.0,0.0
2024-12-31 00:00:00-05:00,14.791709352050441,14.916009111871261,14.708842318650827,14.858002662658691,241100,0.45,0.0
2025-01-02 00:00:00-05:00,14.874575862529932,15.056882065154294,14.814911410912869,14.998875617980957,197400,0.0,0.0
2025-01-03 00:00:00-05:00,15.081742528661673,15.206042283125292,15.007162359872074,15.090027809143066,167700,0.0,0.0
2025-01-06 00:00:00-05:00,15.189468681709673,15.24747512888301,14.961585533289936,14.998875617980957,222300,0.0,0.0
2025-01-07 00:00:00-05:00,14.924294644431658,15.032020671869363,14.799994895678287,14.824853897094727,312600,0.0,0.0
2025-01-08 00:00:00-05:00,14.750274280990137,14.904407049962588,14.750274280990137,14.8745756149292,185900,0.0,0.0
2025-01-10 00:00:00-05:00,14.874576161784264,14.932582610124603,14.779278047445505,14.808282852172852,197300,0.0,0.0
2025-01-13 00:00:00-05:00,14.708842770648843,14.717129632299176,14.344228760820391,14.534823417663574,270000,0.0,0.0
2025-01-14 00:00:00-05:00,14.543108033170025,14.816568132886749,14.476814723558611,14.808282852172852,165300,0.0,0.0
2025-01-15 00:00:00-05:00,14.916008221243153,14.982301527893062,14.783421607943339,14.965727806091309,228800,0.0,0.0
2025-01-16 00:00:00-05:00,14.990589764506245,15.272336738764034,14.990589764506245,15.222617149353027,249100,0.0,0.0
2025-01-17 00:00:00-05:00,15.20604122326547,15.380060551273978,15.101629626460365,15.29719352722168,256300,0.0,0.0
2025-01-21 00:00:00-05:00,15.230902247536529,15.313769282597821,15.148036793032468,15.206043243408203,242700,0.0,0.0
2025-01-22 00:00:00-05:00,15.206043446345467,15.247476174150451,15.065169959028365,15.181182861328125,182900,0.0,0.0
2025-01-23 00:00:00-05:00,15.164608713805807,15.239188886214459,15.13146284860041,15.156323432922363,131800,0.0,0.0
2025-01-24 00:00:00-05:00,15.181183247075884,15.20189961150477,15.096659784760817,15.172896385192871,148200,0.0,0.0
2025-01-27 00:00:00-05:00,15.164609923266704,15.259908047156138,15.106603469113022,15.239190101623535,191300,0.0,0.0
2025-01-28 00:00:00-05:00,15.280624259717088,15.37923523079477,15.210186722834946,15.371776580810547,174700,0.0,0.0
2025-01-29 00:00:00-05:00,15.363490472012762,15.446355926624934,15.098315643359223,15.1646089553833,96200,0.0,0.0
2025-01-30 00:00:00-05:00,15.189469577731707,15.34691678688791,15.164608992952125,15.313769340515137,87700,0.0,0.0
2025-01-31 00:00:00-05:00,15.355203099937194,15.429783271054424,15.264049206225652,15.380062103271484,180200,0.0,0.0
2025-02-03 00:00:00-05:00,15.090028060339407,15.359345516624721,15.048595335014202,15.330342292785645,179600,0.0,0.0
2025-02-04 00:00:00-05:00,15.264050135927699,15.338630311587453,15.197756822069834,15.305482864379883,154300,0.0,0.0
2025-02-05 00:00:00-05:00,15.30548148490768,15.30548148490768,15.064340624602757,15.280622482299805,136500,0.0,0.0
2025-02-06 00:00:00-05:00,15.288910462086786,15.330343189836418,15.206043426030275,15.222617149353027,103500,0.0,0.0
2025-02-07 00:00:00-05:00,15.24747371673584,15.280621158083301,15.172893554261048,15.24747371673584,111900,0.0,0.0
2025-02-10 00:00:00-05:00,14.882861603554689,14.945012273481723,14.567968774632124,14.634262084960938,591400,0.0,0.0
2025-02-11 00:00:00-05:00,14.650834784798269,14.675693786587736,14.468527008704406,14.526535034179688,459200,0.0,0.0
2025-02-12 00:00:00-05:00,14.451956937386603,14.48510280470513,14.137062504795404,14.352516174316406,446800,0.0,0.0
2025-02-13 00:00:00-05:00,14.427095068281968,14.543107964414169,14.364944399321336,14.468527793884277,200500,0.0,0.0
2025-02-14 00:00:00-05:00,14.526537175637602,14.650836944580078,14.497533948902936,14.650836944580078,228400,0.0,0.0
2025-02-18 00:00:00-05:00,14.650835285417298,14.783421901348548,14.625974702221264,14.775135040283203,218900,0.0,0.0
2025-02-19 00:00:00-05:00,14.700553992843064,14.924294486566703,14.638404909402304,14.88286018371582,167200,0.0,0.0
2025-02-20 00:00:00-05:00,14.824856205844231,14.924296968667573,14.725417023578194,14.891149520874023,119500,0.0,0.0
2025-02-21 00:00:00-05:00,14.96572871883246,14.96572871883246,14.766848786753298,14.816568374633789,109900,0.0,0.0
2025-02-24 00:00:00-05:00,14.858003768228137,14.874577492252735,14.708843413121398,14.725417137145996,119200,0.0,0.0
2025-02-25 00:00:00-05:00,14.675695139422634,14.758562174326233,14.385662888095885,14.51824951171875,268800,0.0,0.0
2025-02-26 00:00:00-05:00,14.998875343557593,15.247474849911201,14.766847978552338,14.799995422363281,327500,0.0,0.0
2025-02-27 00:00:00-05:00,14.87457823850909,14.87457823850909,14.443670875594881,14.485103607177734,207300,0.0,0.0
2025-02-28 00:00:00-05:00,14.443670150957113,14.737846639885785,14.435383288944815,14.725417137145996,186900,0.0,0.0
2025-03-03 00:00:00-05:00,14.725416755500971,14.866290244944333,14.543108957069988,14.61768913269043,132900,0.0,0.0
2025-03-04 00:00:00-05:00,14.567968298589971,14.57625515967993,14.319368788119785,14.34422779083252,251200,0.0,0.0
2025-03-05 00:00:00-05:00,14.319370848104153,14.381519944383896,14.112204032723604,14.21164321899414,267700,0.0,0.0
2025-03-06 00:00:00-05:00,14.128774582232662,14.21992847649132,13.979615819660115,14.021048545837402,160600,0.0,0.0
2025-03-07 00:00:00-05:00,14.021048094126607,14.418807942619965,14.021048094126607,14.385662078857422,245200,0.0,0.0
2025-03-10 00:00:00-04:00,14.269648531872843,14.402235156655891,14.17186577755355,14.31108283996582,159800,0.0,0.0
2025-03-11 00:00:00-04:00,14.302796824140126,14.369090140451892,13.755876569428725,13.905036926269531,279000,0.0,0.0
2025-03-12 00:00:00-04:00,13.9381818579815,14.02933575449678,13.797308372711171,13.863601684570312,156400,0.0,0.0
2025-03-13 00:00:00-04:00,13.847027512131602,13.954755128255224,13.648147583007812,13.648147583007812,186300,0.0,0.0
2025-03-14 00:00:00-04:00,13.747588965050317,13.921608318263923,13.747588965050317,13.880175590515137,209100,0.0,0.0
2025-03-17 00:00:00-04:00,13.838741957898858,14.079054608131658,13.838741957898858,14.029335021972656,143500,0.0,0.0
2025-03-18 00:00:00-04:00,14.062481859746695,14.10391616821289,13.92326637663769,14.10391616821289,140400,0.0,0.0
2025-03-19 00:00:00-04:00,14.195067388462213,14.311081862642524,14.149492023508202,14.236501693725586,156000,0.0,0.0
2025-03-20 00:00:00-04:00,14.228214064180836,14.360800672748116,14.190923981736473,14.253074645996094,129500,0.0,0.0
2025-03-21 00:00:00-04:00,14.236501711014375,14.302795018959145,14.170208403069605,14.195067405700684,312500,0.0,0.0
2025-03-24 00:00:00-04:00,14.305700549217871,14.365271917719149,14.016352510899058,14.058904647827148,365500,0.45,0.0
2025-03-25 00:00:00-04:00,14.126987512013994,14.224854999552385,14.101456227926432,14.195069313049316,242500,0.0,0.0
2025-03-26 00:00:00-04:00,14.195068476873073,14.382293012892,14.161026766761589,14.331232070922852,228800,0.0,0.0
2025-03-27 00:00:00-04:00,14.382292909630399,14.467395561100012,14.288681453892085,14.390803337097168,285200,0.0,0.0
2025-03-28 00:00:00-04:00,14.399314117536298,14.399314117536298,14.152516584544443,14.229108810424805,141900,0.0,0.0
2025-03-31 00:00:00-04:00,14.101455560648603,14.118476415901553,13.48871938032524,13.769556999206543,792300,0.0,0.0
2025-04-01 00:00:00-04:00,13.752535879277819,13.948270841325426,13.675943655311698,13.82061767578125,302300,0.0,0.0
2025-04-02 00:00:00-04:00,13.709985525902503,13.922741345369902,13.709985525902503,13.82912826538086,230500,0.0,0.0
2025-04-03 00:00:00-04:00,13.688708919541446,13.755089606578856,13.532121431890918,13.590842247009277,304000,0.0,0.0
2025-04-04 00:00:00-04:00,13.531270015999661,13.573821342912677,12.42068517200436,12.56961441040039,760600,0.0,0.0
2025-04-07 00:00:00-04:00,11.786673277832392,12.322817253914835,11.16542583371923,11.83773422241211,994900,0.0,0.0
2025-04-08 00:00:00-04:00,12.127082879495314,12.433450996906881,11.396053637980327,11.556897163391113,795600,0.0,0.0
2025-04-09 00:00:00-04:00,11.412222327417304,12.586634579248933,11.19946650233764,12.518552780151367,794900,0.0,0.0
2025-04-10 00:00:00-04:00,12.49302145498933,12.603654573865278,11.829222741733645,12.084529876708984,541200,0.0,0.0
2025-04-11 00:00:00-04:00,11.990919222224587,12.212185489685158,11.65050939268545,11.931347846984863,350400,0.0,0.0
2025-04-14 00:00:00-04:00,12.0504906498723,12.292181621780216,11.897306185333527,11.999429702758789,366100,0.0,0.0
2025-04-15 00:00:00-04:00,12.041978875469088,12.287925034078494,11.914325710354898,12.101551055908203,365400,0.0,0.0
2025-04-16 00:00:00-04:00,12.067510157771151,12.369623027287615,12.007937977332036,12.101551055908203,362500,0.0,0.0
2025-04-17 00:00:00-04:00,12.16963374091108,12.510042747141128,12.16963374091108,12.416430473327637,304300,0.0,0.0
2025-04-21 00:00:00-04:00,12.365369195736013,12.535573705446248,11.819863397185085,11.999429702758789,418000,0.0,0.0
2025-04-22 00:00:00-04:00,12.118570936669267,12.322816322752688,11.939856020946518,12.093040466308594,327100,0.0,0.0
2025-04-23 00:00:00-04:00,12.288776433027195,12.552594020389833,12.169633687172333,12.348348617553711,274600,0.0,0.0
2025-04-24 00:00:00-04:00,12.314307771458623,12.620675877065667,12.305797343403098,12.416430473327637,261000,0.0,0.0
2025-04-25 00:00:00-04:00,12.476001348532943,12.66577999092039,12.416429977720274,12.578124046325684,247300,0.0,0.0
2025-04-28 00:00:00-04:00,12.535572429358732,12.858961370687615,12.535572429358732,12.807900428771973,412500,0.0,0.0
2025-04-29 00:00:00-04:00,12.790880491647,12.893003194405965,12.629186415178413,12.748329162597656,308700,0.0,0.0
2025-04-30 00:00:00-04:00,12.55259355499556,12.677694245104075,12.339837732029535,12.56961441040039,730600,0.0,0.0
2025-05-01 00:00:00-04:00,12.578124105147143,12.722798130596527,12.241970324790566,12.263245582580566,340600,0.0,0.0
2025-05-02 00:00:00-04:00,12.29728636822401,12.527063045905523,12.241970211522379,12.510042190551758,293400,0.0,0.0
2025-05-05 00:00:00-04:00,12.399408898187176,12.399408898187176,12.09304081034611,12.118571281433105,429600,0.0,0.0
2025-05-06 00:00:00-04:00,11.999428541961102,12.161122607644126,11.948366788188071,12.118571281433105,378400,0.0,0.0
2025-05-07 00:00:00-04:00,11.922836356406952,12.067510379041938,11.488814288501995,11.60795783996582,905200,0.0,0.0
2025-05-08 00:00:00-04:00,11.497324496481273,11.70156988514735,11.33562962175469,11.531365394592285,793400,0.0,0.0
2025-05-09 00:00:00-04:00,11.531365955787305,11.778162682002721,11.531365955787305,11.633488655090332,381900,0.0,0.0
2025-05-12 00:00:00-04:00,11.914325714111328,12.288775593736968,11.863263961090135,11.914325714111328,645000,0.0,0.0
2025-05-13 00:00:00-04:00,11.956876533983218,12.229203707647502,11.7951816659208,12.067509651184082,383400,0.0,0.0
2025-05-14 00:00:00-04:00,12.067510722836948,12.242820991232175,11.769652241491126,11.820713996887207,530400,0.0,0.0
2025-05-15 00:00:00-04:00,11.812203238005848,12.033469485855877,11.812203238005848,11.990918159484863,185400,0.0,0.0
2025-05-16 00:00:00-04:00,11.939856360626058,12.17814346276815,11.939856360626058,12.118571281433105,226500,0.0,0.0
2025-05-19 00:00:00-04:00,12.059000007203789,12.327071984737955,12.024959108285179,12.246225357055664,265000,0.0,0.0
2025-05-20 00:00:00-04:00,12.229204626071176,12.322816896148886,12.169633255258002,12.19516372680664,335500,0.0,0.0
2025-05-21 00:00:00-04:00,12.118571628901023,12.169633384138114,11.761141777038574,11.761141777038574,498800,0.0,0.0
2025-05-22 00:00:00-04:00,11.837733984233564,11.89730535557767,11.701570385961858,11.752632141113281,400700,0.0,0.0
2025-05-23 00:00:00-04:00,11.803693084665639,11.905815783369418,11.590937259466331,11.752632141113281,198200,0.0,0.0
2025-05-27 00:00:00-04:00,11.914325934336851,11.999428587078874,11.753482423845833,11.990918159484863,370500,0.0,0.0
2025-05-28 00:00:00-04:00,11.973897752661353,12.076020452816357,11.897305524645333,11.956877708435059,287700,0.0,0.0
2025-05-29 00:00:00-04:00,11.956877260707863,12.050489529444853,11.905815506742838,11.990918159484863,287200,0.0,0.0
2025-05-30 00:00:00-04:00,11.914326380470705,11.99602437827489,11.888795908331723,11.956877708435059,272400,0.0,0.0
2025-06-02 00:00:00-04:00,11.897305412582725,11.990918495542362,11.769652241491126,11.820713996887207,361900,0.0,0.0
2025-06-03 00:00:00-04:00,11.820714713254578,11.965388748778864,11.786673811460576,11.931347846984863,393700,0.0,0.0
2025-06-04 00:00:00-04:00,11.99942894335006,11.99942894335006,11.804544528295791,11.8292236328125,296300,0.0,0.0
2025-06-05 00:00:00-04:00,11.803693160871495,11.87177496044689,11.718591317201785,11.8292236328125,371800,0.0,0.0
2025-06-06 00:00:00-04:00,11.82922433000374,12.016449695670309,11.803693856558017,11.931347846984863,336800,0.0,0.0
2025-06-09 00:00:00-04:00,11.999429253142054,12.161123328408346,11.98240839700924,12.033470153808594,830700,0.0,0.0
2025-06-10 00:00:00-04:00,12.033469830284577,12.076020346274449,11.9611328168631,12.016448974609375,342500,0.0,0.0
2025-06-11 00:00:00-04:00,12.024959402446976,12.076871713697837,11.939856747269095,12.016448974609375,348200,0.0,0.0
2025-06-12 00:00:00-04:00,11.99942842484315,11.99942842484315,11.922836200730687,11.982407569885254,301000,0.0,0.0
2025-06-13 00:00:00-04:00,11.922836715927971,11.971345180735232,11.78667311677718,11.8292236328125,347300,0.0,0.0
2025-06-16 00:00:00-04:00,11.871774883801491,11.96879181278966,11.744121713321533,11.752632141113281,370200,0.0,0.0
2025-06-17 00:00:00-04:00,11.752631532110247,11.854754225522187,11.667528881800786,11.778162002563477,300700,0.0,0.0
2025-06-18 00:00:00-04:00,11.761141388362086,11.922836264936711,11.74412134491157,11.863264083862305,597500,0.0,0.0
2025-06-20 00:00:00-04:00,11.939856740146281,11.939856740146281,11.752632197425145,11.820713996887207,556900,0.0,0.0
2025-06-23 00:00:00-04:00,11.795181308351415,11.795181308351415,11.548384611800017,11.66752815246582,481600,0.0,0.0
2025-06-24 00:00:00-04:00,11.761141207595712,11.956876979661988,11.74412116440679,11.846243858337402,403800,0.0,0.0
2025-06-25 00:00:00-04:00,11.820713510535494,11.882838170278543,11.761141329757928,11.795182228088379,275400,0.0,0.0
2025-06-26 00:00:00-04:00,11.79518228686216,11.952621949674395,11.79518228686216,11.863264083862305,602400,0.0,0.0
2025-06-27 00:00:00-04:00,12.016448348221756,12.016448348221756,11.803692532966556,11.846243858337402,764500,0.0,0.0
2025-06-30 00:00:00-04:00,11.916339842293388,12.109103556224992,11.837481579498276,11.986435890197754,688700,0.4,0.0
2025-07-01 00:00:00-04:00,11.942626314113616,12.109104228222513,11.876911370007758,11.968912124633789,339800,0.0,0.0
2025-07-02 00:00:00-04:00,12.00396007942542,12.131009694806902,11.960149838410741,12.10910415649414,426500,0.0,0.0
2025-07-03 00:00:00-04:00,12.074057325480462,12.249297471267589,12.065295944899303,12.196725845336914,311200,0.0,0.0
2025-07-07 00:00:00-04:00,12.1178659110407,12.161676150389507,12.030245432343088,12.074055671691895,296400,0.0,0.0
2025-07-08 00:00:00-04:00,12.074055468601664,12.187961754748287,12.074055468601664,12.126627922058105,222600,0.0,0.0
2025-07-09 00:00:00-04:00,12.152914335918096,12.196724576710745,12.059160470758476,12.170438766479492,275900,0.0,0.0
2025-07-10 00:00:00-04:00,12.17919990041899,12.696158892998113,12.17919990041899,12.371964454650879,682400,0.0,0.0
2025-07-11 00:00:00-04:00,12.319392632334493,12.48587053851257,12.266820178187787,12.42453670501709,372000,0.0,0.0
2025-07-14 00:00:00-04:00,12.371965238468421,12.398251049834645,12.306250292247421,12.35444164276123,233300,0.0,0.0
2025-07-15 00:00:00-04:00,12.354441995950902,12.442061648213485,12.293107320195102,12.31063175201416,296900,0.0,0.0
2025-07-16 00:00:00-04:00,12.371965238468421,12.442061292518938,12.284345588710714,12.35444164276123,501400,0.0,0.0
2025-07-17 00:00:00-04:00,12.345679102673419,12.433298750128593,12.32815467181587,12.407012939453125,705400,0.0,0.0
2025-07-18 00:00:00-04:00,12.442061688998336,12.485871933078688,12.14415303198503,12.240535736083984,449800,0.0,0.0
2025-07-21 00:00:00-04:00,12.266820370289816,12.275582585386621,12.056532221631445,12.082818031311035,410300,0.0,0.0
2025-07-22 00:00:00-04:00,12.135390875131066,12.271201871039986,12.122247552064712,12.258058547973633,231200,0.0,0.0
2025-07-23 00:00:00-04:00,12.275582978728771,12.345679030527625,12.18796249617478,12.258058547973633,334600,0.0,0.0
2025-07-24 00:00:00-04:00,12.275583620030577,12.389489919057125,12.205487564569761,12.231773376464844,424000,0.0,0.0
2025-07-25 00:00:00-04:00,12.415774660951303,12.547204544710882,12.271201454571438,12.442060470581055,826700,0.0,0.0
2025-07-28 00:00:00-04:00,12.442060746336864,12.529681227859081,12.227391485779359,12.249296188354492,416700,0.0,0.0
2025-07-29 00:00:00-04:00,12.284345588710714,12.415775481152714,12.135391264950648,12.35444164276123,476100,0.0,0.0
2025-07-30 00:00:00-04:00,12.354441100425488,12.485870987097973,12.152914327168727,12.249296188354492,537000,0.0,0.0
2025-07-31 00:00:00-04:00,12.249295940096207,12.354440850036216,12.056532221631445,12.082818031311035,309400,0.0,0.0
2025-08-01 00:00:00-04:00,12.082818879622115,12.13539133828313,11.881292931911807,12.003960609436035,403100,0.0,0.0
2025-08-04 00:00:00-04:00,11.995198537421276,12.074056808552042,11.9163411019014,12.012722969055176,518400,0.0,0.0
2025-08-05 00:00:00-04:00,12.003959163873217,12.135389876892921,11.828719048791061,12.039007186889648,546700,0.0,0.0
2025-08-06 00:00:00-04:00,11.968912450413177,12.008341585072076,11.741099858075291,11.916340827941895,671200,0.0,0.0
2025-08-07 00:00:00-04:00,11.9251018833596,12.008341258219474,11.84624445179908,11.968912124633789,475900,0.0,0.0
2025-08-08 00:00:00-04:00,12.003959532368427,12.24053432169975,11.996073873179544,12.205486297607422,542400,0.0,0.0
2025-08-11 00:00:00-04:00,12.240534879538178,12.249296259252436,11.995197864100316,12.10910415649414,346400,0.0,0.0
2025-08-12 00:00:00-04:00,12.179200001602931,12.249296051794913,12.056532331572381,12.161676406860352,474800,0.0,0.0
2025-08-13 00:00:00-04:00,12.231771731285411,12.249295324988235,12.021483593186824,12.039007186889648,759800,0.0,0.0
2025-08-14 00:00:00-04:00,11.968912124633789,12.109104228222513,11.93561637468984,11.968912124633789,583000,0.0,0.0
2025-08-15 00:00:00-04:00,12.030246288499963,12.08281874658212,11.881292801090748,11.916340827941895,360200,0.0,0.0
2025-08-18 00:00:00-04:00,11.863768433619137,11.907578676321238,11.784910163877534,11.855006217956543,444000,0.0,0.0
2025-08-19 00:00:00-04:00,11.898817121760857,12.13101083605513,11.876912416998213,12.047771453857422,758200,0.0,0.0
2025-08-20 00:00:00-04:00,12.082817424562883,12.117865447579314,11.942625332497158,12.039007186889648,589900,0.0,0.0
2025-08-21 00:00:00-04:00,12.00395997081818,12.074056021563123,11.960149730199879,12.030245780944824,277900,0.0,0.0
2025-08-22 00:00:00-04:00,12.144152254897785,12.297487681561844,12.126628659753496,12.258058547973633,406300,0.0,0.0
2025-08-25 00:00:00-04:00,12.258059015807358,12.284345662943306,11.986437013622952,12.003960609436035,426100,0.0,0.0
2025-08-26 00:00:00-04:00,12.003960999481816,12.100343704223633,11.986437403099337,12.100343704223633,212500,0.0,0.0
2025-08-27 00:00:00-04:00,12.100342257491764,12.161676090913655,12.074055612644544,12.135390281677246,298200,0.0,0.0
2025-08-28 00:00:00-04:00,12.117867300606111,12.1353917325995,12.030246811860989,12.100343704223633,284100,0.0,0.0
2025-08-29 00:00:00-04:00,12.135390875131066,12.266820763351202,12.126628659753496,12.258058547973633,225500,0.0,0.0
2025-09-02 00:00:00-04:00,12.117865707213566,12.24929558743847,12.025864958178293,12.126627922058105,280500,0.0,0.0
2025-09-03 00:00:00-04:00,12.15291532898198,12.210744617582705,12.047771243854378,12.100343704223633,468400,0.0,0.0
2025-09-04 00:00:00-04:00,12.09158148822694,12.157296436980326,12.003960999481816,12.100343704223633,224000,0.0,0.0
2025-09-05 00:00:00-04:00,12.126628271184236,12.152914080863825,11.954016143342642,12.082818031311035,279900,0.0,0.0
2025-09-08 00:00:00-04:00,12.082817683446205,12.126627922058105,11.964530289877311,12.126627922058105,264000,0.0,0.0
2025-09-09 00:00:00-04:00,12.082818879622115,12.095962203190089,11.951388986385904,12.003960609436035,333900,0.0,0.0
2025-09-10 00:00:00-04:00,12.003959163873217,12.087198531891284,11.925100903183552,12.039007186889648,319200,0.0,0.0
2025-09-11 00:00:00-04:00,11.97767335551359,12.183580386283774,11.938244225168757,12.039007186889648,397300,0.0,0.0
2025-09-12 00:00:00-04:00,12.065295283809032,12.126629122571147,11.942626770673922,12.003960609436035,441100,0.0,0.0
2025-09-15 00:00:00-04:00,12.01272266136502,12.039008472531702,11.618432151421311,11.697290420532227,1081000,0.0,0.0
2025-09-16 00:00:00-04:00,11.697289961112643,11.732337986495306,11.58338366971628,11.66224193572998,572100,0.0,0.0
2025-09-17 00:00:00-04:00,11.706052323674669,11.911960221246805,11.662242914975915,11.671004295349121,604500,0.0,0.0
2025-09-18 00:00:00-04:00,11.653479820066718,11.837482163800802,11.635955389420213,11.819957733154297,506900,0.0,0.0
2025-09-19 00:00:00-04:00,11.85500523766464,11.898815476744067,11.767385595116599,11.846243858337402,790000,0.0,0.0
2025-09-22 00:00:00-04:00,11.793671529577264,11.819957339059771,11.600906976946977,11.6447172164917,421200,0.0,0.0
2025-09-23 00:00:00-04:00,11.644716754813519,11.805937828306375,11.5833829232491,11.609668731689453,347000,0.0,0.0
2025-09-24 00:00:00-04:00,11.60090804524295,11.675385208644132,11.373095447120408,11.434430122375488,573300,0.0,0.0
2025-09-25 00:00:00-04:00,11.434429733861718,11.58338405560298,11.416905302781162,11.548336029052734,490300,0.0,0.0
2025-09-26 00:00:00-04:00,11.565859726187796,11.609669968663418,11.346809349420562,11.416905403137207,634800,0.0,0.0
2025-09-29 00:00:00-04:00,11.434430017422537,11.478240260599504,11.232903233052838,11.355571746826172,685200,0.0,0.0
2025-09-30 00:00:00-04:00,11.346530316182324,11.527351341247558,11.19283222932121,11.301324844360352,643300,0.4,0.0
2025-10-01 00:00:00-04:00,11.319406695114862,11.415241875729143,11.102420615903995,11.219954490661621,1076700,0.0,0.0
2025-10-02 00:00:00-04:00,11.165709673964166,11.49118753024149,11.141298425187589,11.482146263122559,847500,0.0,0.0
2025-10-03 00:00:00-04:00,11.482145869425585,11.51831007443863,11.228996434334258,11.301324844360352,613500,0.0,0.0
2025-10-06 00:00:00-04:00,11.30132489218895,11.391735836215526,11.039134189179071,11.09338092803955,976800,0.0,0.0
2025-10-07 00:00:00-04:00,11.256119623814815,11.256119623814815,10.912559237410056,10.975847244262695,683100,0.0,0.0
2025-10-08 00:00:00-04:00,10.975846644678057,11.13406449760989,10.903518236988468,10.930641174316406,536200,0.0,0.0
2025-10-09 00:00:00-04:00,11.030093534083704,11.030093534083704,10.61420472049619,10.740779876708984,702400,0.0,0.0
2025-10-10 00:00:00-04:00,10.749820300097541,10.822148708762775,10.532834211879202,10.605162620544434,675400,0.0,0.0
2025-10-13 00:00:00-04:00,10.650368179132878,11.057215696777469,10.641327774642335,11.03913402557373,670500,0.0,0.0
2025-10-14 00:00:00-04:00,10.984887087974704,11.337488723380355,10.939682479675183,11.174749374389648,669500,0.0,0.0
2025-10-15 00:00:00-04:00,11.192832066276484,11.39625539317813,11.12050365730399,11.247077941894531,667900,0.0,0.0
2025-10-16 00:00:00-04:00,11.265160963514665,11.301325169568377,10.966806048015876,11.0300931930542,664700,0.0,0.0
2025-10-17 00:00:00-04:00,11.048176041774585,11.210914542538708,10.99844993370134,11.156668663024902,687500,0.0,0.0
2025-10-20 00:00:00-04:00,11.147626601161601,11.24707794799708,11.043654620985059,11.228996276855469,767900,0.0,0.0
2025-10-21 00:00:00-04:00,11.23803786328236,11.436940562612499,11.219955329403618,11.355571746826172,344700,0.0,0.0
2025-10-22 00:00:00-04:00,11.310366397078546,11.445981953749968,11.16570957336965,11.201873779296875,840800,0.0,0.0
2025-10-23 00:00:00-04:00,11.19283222932121,11.32844778256447,11.174749695703358,11.301324844360352,346600,0.0,0.0
2025-10-24 00:00:00-04:00,11.319407967392534,11.418859320801293,11.319407967392534,11.364612579345703,254800,0.0,0.0
2025-10-27 00:00:00-04:00,11.400776468068793,11.635844237444896,11.378174162722996,11.617762565612793,401300,0.0,0.0
2025-10-28 00:00:00-04:00,11.617762720380371,11.798583752223635,11.57617340883394,11.690091133117676,514400,0.0,0.0
2025-10-29 00:00:00-04:00,11.672008279282778,11.721734385011857,11.464064313911486,11.563515663146973,640500,0.0,0.0
2025-10-30 00:00:00-04:00,11.509268973682126,11.53639277450024,11.210914062464246,11.355571746826172,488900,0.0,0.0
2025-10-31 00:00:00-04:00,11.346529688324292,11.482145234063292,11.256118749683218,11.427899360656738,445500,0.0,0.0
2025-11-03 00:00:00-05:00,11.427900229609893,11.436940634383323,11.238037933805002,11.409817695617676,336700,0.0,0.0
2025-11-04 00:00:00-05:00,11.346530759654765,11.391736233243567,11.210914338888356,11.274202346801758,946300,0.0,0.0
2025-11-05 00:00:00-05:00,11.201873215884108,11.210913620244204,10.849271579161218,10.966805458068848,728800,0.0,0.0
2025-11-06 00:00:00-05:00,10.966806022834321,11.084339907794677,10.686532779894597,10.785984992980957,703400,0.0,0.0
2025-11-07 00:00:00-05:00,10.740780021218285,10.908943629940994,10.682012644884178,10.83119010925293,429000,0.0,0.0
2025-11-10 00:00:00-05:00,10.876394912208802,10.894477446031845,10.644944169943471,10.731738090515137,643200,0.0,0.0
2025-11-11 00:00:00-05:00,10.731738054899672,10.966805820483092,10.731738054899672,10.903518676757812,416100,0.0,0.0
2025-11-12 00:00:00-05:00,10.975847244262695,11.084339861723775,10.939683038442336,10.975847244262695,713900,0.0,0.0
2025-11-13 00:00:00-05:00,10.957764308517715,11.075298188680636,10.749820348229767,10.81310749053955,464700,0.0,0.0
2025-11-14 00:00:00-05:00,10.767902816532187,10.785985351229462,10.650368927668028,10.740779876708984,541200,0.0,0.0
2025-11-17 00:00:00-05:00,10.740779407751496,10.75886107943659,10.514752907240453,10.523794174194336,515500,0.0,0.0
2025-11-18 00:00:00-05:00,10.532834374777199,10.727217299404776,10.442424293658721,10.659409523010254,527100,0.0,0.0
2025-11-19 00:00:00-05:00,10.641328727978497,10.826670401090134,10.623246192932129,10.623246192932129,591400,0.0,0.0
2025-11-20 00:00:00-05:00,10.695573962894606,10.842038866591473,10.63680745198757,10.767902374267578,729600,0.0,0.0
2025-11-21 00:00:00-05:00,10.758860370199665,11.138584935004134,10.713655762855536,11.048174858093262,1175000,0.0,0.0
2025-11-24 00:00:00-05:00,11.039134019419135,11.143105999894953,10.993928548101017,11.057215690612793,492300,0.0,0.0
2025-11-25 00:00:00-05:00,11.102421643216049,11.323927513832096,11.030093230860714,11.238038063049316,760100,0.0,0.0
2025-11-26 00:00:00-05:00,11.219955675640842,11.400776708894874,11.219955675640842,11.328448295593262,312700,0.0,0.0
2025-11-28 00:00:00-05:00,11.310365909004362,11.45502272647091,11.310365909004362,11.43694019317627,136200,0.0,0.0
2025-12-01 00:00:00-05:00,11.355571227157936,11.482145509625994,11.342009327369517,11.346529960632324,521200,0.0,0.0
2025-12-02 00:00:00-05:00,11.382694396497866,11.522830581610398,11.33748892517112,11.473104476928711,359500,0.0,0.0
2025-12-03 00:00:00-05:00,11.51831042971628,11.708172727446666,11.51831042971628,11.653926849365234,516400,0.0,0.0
2025-12-04 00:00:00-05:00,11.69009060744427,11.771460283670425,11.622281969107371,11.69913101196289,495700,0.0,0.0
2025-12-05 00:00:00-05:00,11.735294867445365,11.807624137000273,11.690090259529661,11.7262544631958,505400,0.0,0.0
2025-12-08 00:00:00-05:00,11.653926481164,11.824802629944852,11.653926481164,11.735295295715332,513700,0.0,0.0
2025-12-09 00:00:00-05:00,11.753378426100669,11.852829779305964,11.742529077831747,11.780501365661621,365200,0.0,0.0
2025-12-10 00:00:00-05:00,11.77146025099557,11.925157474057327,11.77146025099557,11.870911598205566,490400,0.0,0.0
2025-12-11 00:00:00-05:00,11.888993986128135,12.006527873855864,11.74433715883945,11.780501365661621,404600,0.0,0.0
2025-12-12 00:00:00-05:00,11.825706410294053,11.952281560686423,11.721734427233896,11.77146053314209,437000,0.0,0.0
2025-12-15 00:00:00-05:00,11.771460497407853,11.789542168996059,11.42790011500522,11.54543399810791,699500,0.0,0.0
2025-12-16 00:00:00-05:00,11.527350593075967,11.690089936183567,11.52282995996491,11.581597328186035,492500,0.0,0.0
2025-12-17 00:00:00-05:00,11.57255744934082,11.708173010040365,11.545434509645453,11.57255744934082,625700,0.0,0.0
2025-12-18 00:00:00-05:00,11.662967535732948,11.662967535732948,11.509269440421352,11.57255744934082,406800,0.0,0.0
2025-12-19 00:00:00-05:00,11.55447436631436,11.57255690006815,11.314886829635283,11.31940746307373,787800,0.0,0.0
2025-12-22 00:00:00-05:00,11.310366189720302,11.42428304830236,11.278722617891953,11.337489128112793,574200,0.0,0.0
2025-12-23 00:00:00-05:00,11.328448225330167,11.391736233243567,11.25611981247716,11.274202346801758,707100,0.0,0.0
2025-12-24 00:00:00-05:00,11.247077753295843,11.387214797774952,11.247077753295843,11.346529960632324,221300,0.0,0.0
2025-12-26 00:00:00-05:00,11.310365914979977,11.482145670256598,11.310365914979977,11.418858528137207,357700,0.0,0.0
2025-12-29 00:00:00-05:00,11.418858522104273,11.5544740729235,11.418858522104273,11.43694019317627,588000,0.0,0.0
2025-12-30 00:00:00-05:00,11.436940357202815,11.563515505412685,11.427899952648483,11.49118709564209,848700,0.0,0.0
2025-12-31 00:00:00-05:00,11.463182359744595,11.724558499945418,11.435178091237237,11.65921401977539,770700,0.4,0.0
2026-01-02 00:00:00-05:00,11.659213885767327,11.808571169742754,11.52385918100446,11.71522331237793,514300,0.0,0.0
2026-01-05 00:00:00-05:00,11.771232025946517,12.074615015108153,11.766564499472068,11.976598739624023,488500,0.0,0.0
2026-01-06 00:00:00-05:00,11.929924344170836,11.948594450035847,11.701220888762323,11.817906379699707,296400,0.0,0.0
2026-01-07 00:00:00-05:00,11.80857089466626,11.854312296265903,11.44451274601667,11.472517013549805,553300,0.0,0.0
2026-01-08 00:00:00-05:00,11.444513164795943,11.925256817704582,11.435178111863436,11.817906379699707,508700,0.0,0.0
2026-01-09 00:00:00-05:00,11.789902000773413,11.920590069886147,11.789902000773413,11.855245590209961,348600,0.0,0.0
2026-01-12 00:00:00-05:00,11.789901623961244,11.967263171151712,11.789901623961244,11.827240943908691,355900,0.0,0.0
2026-01-13 00:00:00-05:00,11.92992420952652,11.92992420952652,11.677884014870985,11.696553230285645,323400,0.0,0.0
2026-01-14 00:00:00-05:00,11.696552535338991,12.013937190687624,11.668548268761047,11.957928657531738,422800,0.0,0.0
2026-01-15 00:00:00-05:00,11.957929280351093,12.116620726051146,11.906587380417776,12.069947242736816,511900,0.0,0.0
2026-01-16 00:00:00-05:00,12.088616124280787,12.107286229282792,11.901919525458768,12.004602432250977,509200,0.0,0.0
2026-01-20 00:00:00-05:00,11.86458053268501,11.948594227030256,11.7852343647189,11.892584800720215,472000,0.0,0.0
2026-01-21 00:00:00-05:00,11.883249397813849,12.1166203684566,11.883249397813849,12.023272514343262,531700,0.0,0.0
2026-01-22 00:00:00-05:00,12.041942218482475,12.125955913766713,12.013937950134277,12.013937950134277,284200,0.0,0.0
2026-01-23 00:00:00-05:00,12.023271774439277,12.069946143743438,11.929923035830953,11.948593139648438,267700,0.0,0.0
2026-01-26 00:00:00-05:00,11.855245072536093,11.985933135942172,11.519191196942801,11.705887794494629,406200,0.0,0.0
2026-01-27 00:00:00-05:00,11.677883746296782,11.855245294735353,11.58453500065146,11.631209373474121,298200,0.0,0.0
2026-01-28 00:00:00-05:00,11.6592138624212,11.75816310736877,11.556530952453613,11.556530952453613,351200,0.0,0.0
2026-01-29 00:00:00-05:00,11.64987941590801,11.64987941590801,11.425843478734322,11.509857177734375,403600,0.0,0.0
2026-01-30 00:00:00-05:00,11.491187228882321,11.54252823814527,11.323159841593633,11.43517780303955,379800,0.0,0.0
2026-02-02 00:00:00-05:00,11.351164083911524,11.351164083911524,11.117793108863212,11.276485443115234,709900,0.0,0.0
2026-02-03 00:00:00-05:00,11.295155382821797,11.318492123888612,10.921761294075521,10.996439933776855,825400,0.0,0.0
2026-02-04 00:00:00-05:00,11.05244967495406,11.435177936935604,11.038447095769504,11.379168510437012,1000400,0.0,0.0
2026-02-05 00:00:00-05:00,11.379168102107942,11.379168102107942,11.080453545473516,11.192471504211426,1015200,0.0,0.0
2026-02-06 00:00:00-05:00,11.173801824501478,11.360498414627907,11.127127454409978,11.183135986328125,644000,0.0,0.0
2026-02-09 00:00:00-05:00,11.12712885702424,11.425843438880566,11.080454481049271,11.369834899902344,574700,0.0,0.0
2026-02-10 00:00:00-05:00,11.341829079831113,11.472517146904192,11.248481223555736,11.416507720947266,415200,0.0,0.0
2026-02-11 00:00:00-05:00,11.435178024428795,11.463182292772542,11.285820739609292,11.360499382019043,430200,0.0,0.0
2026-02-12 00:00:00-05:00,11.369833719766703,11.509855942918284,11.18313623524515,11.267149925231934,370000,0.0,0.0
2026-02-13 00:00:00-05:00,11.267149869863392,11.323159292992536,11.08045327649888,11.127127647399902,531500,0.0,0.0
2026-02-17 00:00:00-05:00,11.108457509517741,11.136462666117833,10.875086545954431,10.968435287475586,758500,0.0,0.0
2026-02-18 00:00:00-05:00,10.968435179791877,11.08045313437377,10.851749699155793,11.00577449798584,363400,0.0,0.0
2026-02-19 00:00:00-05:00,10.903091538151331,11.0151094921439,10.749066740131607,10.865752220153809,769400,0.0,0.0
2026-02-20 00:00:00-05:00,10.791074776897483,10.90309274327141,10.641716598159254,10.772404670715332,841100,0.0,0.0
2026-02-23 00:00:00-05:00,10.68839027235612,10.791074069143916,10.328998764078042,10.361671447753906,1414600,0.0,0.0
2026-02-24 00:00:00-05:00,10.380340182496887,10.744399200180702,10.380340182496887,10.688389778137207,882400,0.0,0.0
2026-02-25 00:00:00-05:00,10.539033666670734,10.660386685926106,10.146970339919433,10.613712310791016,1420000,0.0,0.0
2026-02-26 00:00:00-05:00,10.669721647263872,10.847083202964686,10.483958009724047,10.809743881225586,871800,0.0,0.0
2026-02-27 00:00:00-05:00,10.735064555261438,10.735064555261438,10.343001256806636,10.380340576171875,997800,0.0,0.0
2026-03-02 00:00:00-05:00,10.268322510781818,10.571704588734272,10.146969501552919,10.417679786682129,945600,0.0,0.0
2026-03-03 00:00:00-05:00,10.221648246309712,10.445684162501143,10.165639712381651,10.380340576171875,767000,0.0,0.0
2026-03-04 00:00:00-05:00,10.492359248793171,10.534366097219666,10.221648942400027,10.473690032958984,852000,0.0,0.0
2026-03-05 00:00:00-05:00,10.46435381282232,10.67905466728779,10.46435381282232,10.548367500305176,1008400,0.0,0.0
2026-03-06 00:00:00-05:00,10.51102797509838,10.51102797509838,10.27765702124756,10.286992073059082,619800,0.0,0.0
2026-03-09 00:00:00-04:00,10.14696979522705,10.194577138970264,9.904263769744842,10.14696979522705,1090200,0.0,0.0
2026-03-10 00:00:00-04:00,10.146969577736714,10.310329433319035,10.034951619970446,10.221648216247559,784900,0.0,0.0
2026-03-11 00:00:00-04:00,10.268323211348019,10.385008702386065,10.146970193839694,10.333666801452637,540900,0.0,0.0
2026-03-12 00:00:00-04:00,10.202979711943215,10.408345537023237,10.137635231018066,10.137635231018066,803800,0.0,0.0
2026-03-13 00:00:00-04:00,10.146970127532049,10.221648770089223,10.016282057937175,10.034952163696289,670000,0.0,0.0
2026-03-16 00:00:00-04:00,10.090961232856886,10.132967188845862,9.936936426765268,9.988277435302734,660600,0.0,0.0
2026-03-17 00:00:00-04:00,10.006947830854449,10.478357315360594,9.96960850981632,10.389676094055176,672000,0.0,0.0
2026-03-18 00:00:00-04:00,10.305662399159477,10.54836843102713,10.305662399159477,10.389676094055176,552500,0.0,0.0
2026-03-19 00:00:00-04:00,10.28699213384899,10.520363089078892,10.277657081982305,10.427014350891113,591100,0.0,0.0
2026-03-20 00:00:00-04:00,10.492358480196446,10.511028584902649,10.240318298339844,10.240318298339844,1199800,0.0,0.0
2026-03-23 00:00:00-04:00,10.427015547506644,10.590375412962837,10.184309512556851,10.511029243469238,729000,0.0,0.0
2026-03-24 00:00:00-04:00,10.455019462453443,10.595042581068212,10.240318593579591,10.464354515075684,830300,0.0,0.0
2026-03-25 00:00:00-04:00,10.501693616624445,10.641715842083597,10.389675658209201,10.539032936096191,642600,0.0,0.0
2026-03-26 00:00:00-04:00,10.501694325918715,10.678122911666742,10.427015681931353,10.4550199508667,629100,0.0,0.0
2026-03-27 00:00:00-04:00,10.427014894203918,10.483023427843344,10.240318298339844,10.240318298339844,1318400,0.0,0.0
2026-03-30 00:00:00-04:00,10.258987594938286,10.57637225556794,10.258987594938286,10.539032936096191,727200,0.0,0.0
2026-03-31 00:00:00-04:00,10.597099355216386,10.819687314062909,10.476127899282549,10.587421417236328,966400,0.4,0.0
2026-04-01 00:00:00-04:00,10.693877366963092,10.722910259261552,10.437417536666185,10.510000228881836,801900,0.0,0.0
2026-04-02 00:00:00-04:00,10.4132230481177,10.655165957657951,10.384189234456823,10.60677719116211,1867700,0.0,0.0
2026-04-06 00:00:00-04:00,10.606777672460034,10.78097687057402,10.568066842094593,10.684199333190918,691100,0.0,0.0
2026-04-07 00:00:00-04:00,10.616455078125,10.751942516136713,10.568066311861266,10.616455078125,718400,0.0,0.0
2026-04-08 00:00:00-04:00,10.790653344559912,10.91646376767004,10.49548362393514,10.616455078125,785800,0.0,0.0
2026-04-09 00:00:00-04:00,10.509999458162584,10.577744099143146,10.403544912248753,10.480966567993164,750700,0.0,0.0
2026-04-10 00:00:00-04:00,10.50999984050273,10.611616344200781,10.364834461435766,10.577744483947754,534300,0.0,0.0
2026-04-13 00:00:00-04:00,10.500323018913882,10.713232122410936,10.476128173330816,10.7035551071167,548700,0.0,0.0
2026-04-14 00:00:00-04:00,10.703554770407916,11.071307182312012,10.703554770407916,11.071307182312012,1344800,0.0,0.0
2026-04-15 00:00:00-04:00,11.119695959098033,11.41002763665197,11.119695959098033,11.39067268371582,1042500,0.0,0.0
2026-04-16 00:00:00-04:00,11.400349890900893,11.440996123397085,11.163245945067464,11.197117805480957,730600,0.0,0.0
2026-04-17 00:00:00-04:00,11.226151120077127,11.545515679672832,11.197117307067384,11.43906021118164,1143900,0.0,0.0
2026-04-20 00:00:00-04:00,11.33260609415083,11.598742929564409,11.33260609415083,11.52616024017334,1349600,0.0,0.0
2026-04-21 00:00:00-04:00,11.545516446496803,11.574549338495904,11.240667850219763,11.313250541687012,601200,0.0,0.0
2026-04-22 00:00:00-04:00,11.390673164851856,11.564871440391094,11.38099522650551,11.468094825744629,740000,0.0,0.0
2026-04-23 00:00:00-04:00,11.419705323098189,11.419705323098189,11.066468902607237,11.110017776489258,509000,0.0,0.0
2026-04-24 00:00:00-04:00,11.119695663452148,11.274538974580283,11.076145866829995,11.119695663452148,934600,0.0,0.0
2026-04-27 00:00:00-04:00,11.119696506711248,11.168085275843072,10.824526768591229,10.984209060668945,1164700,0.0,0.0
2026-04-28 00:00:00-04:00,10.993885901337462,11.192279020978319,10.8971092875516,11.168085098266602,796500,0.0,0.0
2026-04-29 00:00:00-04:00,11.090663058169575,11.158406777793125,11.013241400617243,11.071307182312012,448500,0.0,0.0
2026-04-30 00:00:00-04:00,11.100341395616049,11.501966604725965,11.100341395616049,11.477771759033203,500600,0.0,0.0
2026-05-01 00:00:00-04:00,11.55519284572018,11.676164299361442,11.477771189224889,11.574548721313477,833000,0.0,0.0
2026-05-04 00:00:00-04:00,11.564871265420935,11.719714584863786,11.535838373760148,11.651970863342285,481100,0.0,0.0
2026-05-05 00:00:00-04:00,11.651970577608392,11.734231204412554,11.429383542102402,11.700359344482422,650200,0.0,0.0
2026-05-06 00:00:00-04:00,11.758425403535401,11.806814171549993,11.32292833728205,11.497127532958984,544900,0.0,0.0
2026-05-07 00:00:00-04:00,11.448738383406392,11.448738383406392,11.206795474335355,11.400349617004395,399500,0.0,0.0
2026-05-08 00:00:00-04:00,11.342284430840607,11.395511246030736,11.100341509074019,11.148730278015137,787100,0.0,0.0
2026-05-11 00:00:00-04:00,10.926142169497618,11.221312825595989,10.897109277682054,11.0132417678833,1077800,0.0,0.0
2026-05-12 00:00:00-04:00,11.158406950337666,11.313250267836702,10.761620718511645,10.887431144714355,784600,0.0,0.0
2026-05-13 00:00:00-04:00,10.887430945445455,10.940658680963654,10.742265568681765,10.76162052154541,504700,0.0,0.0
2026-05-14 00:00:00-04:00,10.819687658611358,11.061630578183605,10.790653843746613,10.84872055053711,457800,0.0,0.0
2026-05-15 00:00:00-04:00,10.81000977151099,10.916464324368826,10.742266049050457,10.839042663574219,469400,0.0,0.0
2026-05-18 00:00:00-04:00,10.819687449993783,10.887431170827346,10.548710720781573,10.568066596984863,486700,0.0,0.0
2026-05-19 00:00:00-04:00,10.606777767128708,10.645488597839655,10.457740653569008,10.510000228881836,455600,0.0,0.0
2026-05-20 00:00:00-04:00,10.529355716612443,10.674521095679406,10.46161199610639,10.577744483947754,379300,0.0,0.0
2026-05-21 00:00:00-04:00,10.587421350850716,10.645488055428011,10.403545145077375,10.442255973815918,403300,0.0,0.0
2026-05-22 00:00:00-04:00,10.442255669769379,10.529355262629768,10.277734421686183,10.335801124572754,535800,0.0,0.0
2026-05-26 00:00:00-04:00,10.374512437180474,10.587421537526975,10.355156561000442,10.413223266601562,496200,0.0,0.0
2026-05-27 00:00:00-04:00,10.4229014501276,10.582583740617125,10.4229014501276,10.529356002807617,490000,0.0,0.0
2026-05-28 00:00:00-04:00,10.500322876151298,10.655166194021717,10.480966999948008,10.568066596984863,516300,0.0,0.0
2026-05-29 00:00:00-04:00,10.58742124771216,10.722909608446665,10.447094841004054,10.4616117477417,672100,0.0,0.0
2026-06-01 00:00:00-04:00,10.480966486758025,10.73742629626047,10.480966486758025,10.655165672302246,542000,0.0,0.0
2026-06-02 00:00:00-04:00,10.655165957657951,10.684198848379873,10.577744300440187,10.60677719116211,400600,0.0,0.0
2026-06-03 00:00:00-04:00,10.500322955374502,10.500322955374502,10.161602502773137,10.23902416229248,854500,0.0,0.0
2026-06-04 00:00:00-04:00,10.239023892203825,10.46161184965467,10.239023892203825,10.442255973815918,499900,0.0,0.0
2026-06-05 00:00:00-04:00,10.374512187373455,10.432577968637439,10.263217747896071,10.297090530395508,491700,0.0,0.0
2026-06-08 00:00:00-04:00,10.335801594964598,10.408384284671916,10.142246525159784,10.258379936218262,478200,0.0,0.0
2026-06-09 00:00:00-04:00,10.316445600070164,10.451933962786319,10.316445600070164,10.432578086853027,483100,0.0,0.0
2026-06-10 00:00:00-04:00,10.442255808550371,10.6648437624784,10.432577870784163,10.626132011413574,380300,0.0,0.0
2026-06-11 00:00:00-04:00,10.597099591097496,10.64548835913591,10.466450194275472,10.548710823059082,461400,0.0,0.0
2026-06-12 00:00:00-04:00,10.57774416846043,10.645487886945988,10.461611684082783,10.626132011413574,384900,0.0,0.0
2026-06-15 00:00:00-04:00,10.742265552762673,10.837106759825799,10.577744300440187,10.60677719116211,475300,0.0,0.0
2026-06-16 00:00:00-04:00,10.606777621515159,10.771298880512832,10.606777621515159,10.693877220153809,403900,0.0,0.0
2026-06-17 00:00:00-04:00,10.684199428550603,10.790653982270959,10.471289398170889,10.510000228881836,564100,0.0,0.0
2026-06-18 00:00:00-04:00,10.587421366265751,10.664843946794523,10.41806206712489,10.597099304199219,917900,0.0,0.0
2026-06-22 00:00:00-04:00,10.56806674038328,10.73258799858774,10.355156713952983,10.38418960571289,641400,0.0,0.0
2026-06-23 00:00:00-04:00,10.364834734114853,10.485806194166175,10.306768027197059,10.374512672424316,685200,0.0,0.0
2026-06-24 00:00:00-04:00,10.355156838563525,10.379351684437092,10.151924747920564,10.209991455078125,712500,0.0,0.0
2026-06-25 00:00:00-04:00,10.219669496493431,10.38418983539788,10.142246911856207,10.190635681152344,474500,0.0,0.0
2026-06-26 00:00:00-04:00,10.209990901922879,10.558388357175819,10.200312964097783,10.4616117477417,437600,0.0,0.0
2026-06-29 00:00:00-04:00,10.519678167294325,10.548711059592783,10.389028767542749,10.510000228881836,591900,0.0,0.0
2026-06-30 00:00:00-04:00,10.555000305175781,10.654999732971191,10.5,10.529999732971191,624500,0.35,0.0
2026-07-01 00:00:00-04:00,10.579999923706055,10.944999694824219,10.579999923706055,10.9399995803833,380400,0.0,0.0
2026-07-02 00:00:00-04:00,11.0,11.079999923706055,10.869999885559082,10.890000343322754,391900,0.0,0.0
2026-07-06 00:00:00-04:00,10.899999618530273,10.960000038146973,10.520000457763672,10.529999732971191,515300,0.0,0.0
2026-07-07 00:00:00-04:00,10.59000015258789,10.819999694824219,10.375,10.390000343322754,1020400,0.0,0.0
2026-07-08 00:00:00-04:00,10.390000343322754,10.460000038146973,10.270000457763672,10.399999618530273,615500,0.0,0.0
2026-07-09 00:00:00-04:00,10.399999618530273,10.454999923706055,10.319999694824219,10.380000114440918,460900,0.0,0.0
2026-07-10 00:00:00-04:00,10.510000228881836,10.645000457763672,10.489999771118164,10.529999732971191,334200,0.0,0.0
2026-07-13 00:00:00-04:00,10.520000457763672,10.649999618530273,10.380000114440918,10.479999542236328,882500,0.0,0.0
2026-07-14 00:00:00-04:00,10.40999984741211,10.520000457763672,10.399999618530273,10.420000076293945,450500,0.0,0.0
2026-07-15 00:00:00-04:00,10.5,10.664999961853027,10.5,10.600000381469727,638600,0.0,0.0
2026-07-16 00:00:00-04:00,10.569999694824219,10.720000267028809,10.484999656677246,10.699999809265137,712400,0.0,0.0
2026-07-17 00:00:00-04:00,10.699999809265137,10.789999961853027,10.399999618530273,10.449999809265137,682800,0.0,0.0
2026-07-20 00:00:00-04:00,10.520000457763672,10.520000457763672,10.25,10.359999656677246,746100,0.0,0.0
2026-07-21 00:00:00-04:00,10.369999885559082,10.574999809265137,10.369999885559082,10.4399995803833,386800,0.0,0.0
2026-07-22 00:00:00-04:00,10.460000038146973,10.470000267028809,10.270000457763672,10.319999694824219,400500,0.0,0.0
2026-07-23 00:00:00-04:00,10.369999885559082,10.369999885559082,9.994999885559082,10.010000228881836,2063900,0.0,0.0
2026-07-24 00:00:00-04:00,10.069999694824219,10.140000343322754,9.975000381469727,10.039999961853027,286500,0.0,0.0
2026-07-27 00:00:00-04:00,10.100000381469727,10.335000038146973,10.100000381469727,10.210000038146973,516900,0.0,0.0
2026-07-28 00:00:00-04:00,10.354999542236328,10.354999542236328,10.180000305175781,10.34000015258789,474100,0.0,0.0
2026-07-29 00:00:00-04:00,10.345000267028809,10.375,10.15999984741211,10.1899995803833,304800,0.0,0.0
2026-07-30 00:00:00-04:00,10.199999809265137,10.25,9.989999771118164,10.100000381469727,460300,0.0,0.0
2026-07-31 00:00:00-04:00,10.345000267028809,10.345000267028809,9.944999694824219,9.989999771118164,566900,0.0,0.0
2026-08-03 00:00:00-04:00,10.010000228881836,10.3100004196167,10.010000228881836,10.260000228881836,327200,0.0,0.0
2026-08-04 00:00:00-04:00,10.289999961853027,10.550000190734863,10.289999961853027,10.489999771118164,523500,0.0,0.0
2026-08-05 00:00:00-04:00,10.479999542236328,10.479999542236328,10.20300006866455,10.279999732971191,499600,0.0,0.0
2026-08-06 00:00:00-04:00,10.319999694824219,10.6899995803833,10.319999694824219,10.65999984741211,500800,0.0,0.0
2026-08-07 00:00:00-04:00,10.65999984741211,11.100000381469727,10.649999618530273,11.020000457763672,842300,0.0,0.0
2026-08-10 00:00:00-04:00,11.0,11.220000267028809,10.880000114440918,11.140000343322754,1019200,0.0,0.0
2026-08-12 00:00:00-04:00,11.170000076293945,11.239999771118164,10.944000244140625,11.100000381469727,432900,0.0,0.0
2026-08-13 00:00:00-04:00,11.119999885559082,11.5,11.119999885559082,11.369999885559082,832400,0.0,0.0
2026-08-14 00:00:00-04:00,11.359999656677246,11.460000038146973,11.319999694824219,11.350000381469727,577378,0.0,0.0
