Date,Open,High,Low,Close,Volume,Dividends,Stock Splits,Capital Gains
2007-05-04 00:00:00-04:00,24.667101404346905,24.667101404346905,24.53159523010254,24.53159523010254,10000,0.0,0.0,0.0
2007-05-07 00:00:00-04:00,24.626960754394528,24.626960754394528,24.626960754394528,24.62696075439453,2000,0.0,0.0,0.0
2007-05-08 00:00:00-04:00,24.672138214111325,24.672138214111325,24.672138214111325,24.672138214111328,200,0.0,0.0,0.0
2007-05-09 00:00:00-04:00,24.63701057434082,24.63701057434082,24.63701057434082,24.63701057434082,2000,0.0,0.0,0.0
2007-05-10 00:00:00-04:00,24.94314883432871,24.94314883432871,24.787567138671875,24.787567138671875,8000,0.0,0.0,0.0
2007-05-11 00:00:00-04:00,25.6106448603863,25.69094467163086,25.515289432814175,25.69094467163086,3000,0.0,0.0,0.0
2007-05-14 00:00:00-04:00,25.69094467163086,25.69094467163086,25.69094467163086,25.69094467163086,0,0.0,0.0,0.0
2007-05-15 00:00:00-04:00,25.87663459777832,25.87663459777832,25.87663459777832,25.87663459777832,1000,0.0,0.0,0.0
2007-05-16 00:00:00-04:00,25.87663459777832,25.87663459777832,25.87663459777832,25.87663459777832,0,0.0,0.0,0.0
2007-05-17 00:00:00-04:00,25.87663459777832,25.87663459777832,25.87663459777832,25.87663459777832,0,0.0,0.0,0.0
2007-05-18 00:00:00-04:00,25.87663459777832,25.87663459777832,25.87663459777832,25.87663459777832,0,0.0,0.0,0.0
2007-05-21 00:00:00-04:00,25.87663459777832,25.87663459777832,25.87663459777832,25.87663459777832,0,0.0,0.0,0.0
2007-05-22 00:00:00-04:00,24.812664031982422,24.812664031982422,24.812664031982422,24.812664031982422,1000,0.0,0.0,0.0
2007-05-23 00:00:00-04:00,24.89295196533203,24.89295196533203,24.89295196533203,24.89295196533203,400,0.0,0.0,0.0
2007-05-24 00:00:00-04:00,24.89295196533203,24.89295196533203,24.89295196533203,24.89295196533203,0,0.0,0.0,0.0
2007-05-25 00:00:00-04:00,25.490205711979282,25.490205711979282,25.314548492431644,25.31454849243164,7000,0.0,0.0,0.0
2007-05-29 00:00:00-04:00,26.343377073037164,26.55918121337891,26.29820831936143,26.559181213378906,32000,0.0,0.0,0.0
2007-05-30 00:00:00-04:00,26.559179081805482,27.045997619628906,26.559179081805482,27.045997619628906,3300,0.0,0.0,0.0
2007-05-31 00:00:00-04:00,27.16143070070125,27.16143070070125,26.82015609741211,26.82015609741211,6900,0.0,0.0,0.0
2007-06-01 00:00:00-04:00,26.97072356368073,26.99581689377073,26.759935379028317,26.75993537902832,10100,0.0,0.0,0.0
2007-06-04 00:00:00-04:00,26.925550380460695,26.925550380460695,26.895437240600582,26.895437240600586,5700,0.0,0.0,0.0
2007-06-05 00:00:00-04:00,26.744873046875,26.744873046875,26.744873046875,26.744873046875,2000,0.0,0.0,0.0
2007-06-06 00:00:00-04:00,26.744873046875,26.744873046875,26.744873046875,26.744873046875,0,0.0,0.0,0.0
2007-06-07 00:00:00-04:00,25.821428719249877,25.821428719249877,25.741128921508793,25.74112892150879,7000,0.0,0.0,0.0
2007-06-08 00:00:00-04:00,25.741128921508793,25.741128921508793,25.741128921508793,25.74112892150879,0,0.0,0.0,0.0
2007-06-11 00:00:00-04:00,25.274393314792963,25.77124786376953,25.274393314792963,25.77124786376953,300,0.0,0.0,0.0
2007-06-12 00:00:00-04:00,25.77124786376953,25.77124786376953,25.77124786376953,25.77124786376953,0,0.0,0.0,0.0
2007-06-13 00:00:00-04:00,26.182775678626165,26.182775678626165,25.4048710638977,25.5504150390625,6100,0.0,0.0,0.0
2007-06-14 00:00:00-04:00,25.550415039062504,25.550415039062504,25.550415039062504,25.5504150390625,0,0.0,0.0,0.0
2007-06-15 00:00:00-04:00,25.550415039062504,25.550415039062504,25.550415039062504,25.5504150390625,0,0.0,0.0,0.0
2007-06-18 00:00:00-04:00,25.550415039062504,25.550415039062504,25.550415039062504,25.5504150390625,0,0.0,0.0,0.0
2007-06-19 00:00:00-04:00,25.550415039062504,25.550415039062504,25.550415039062504,25.5504150390625,100,0.0,0.0,0.0
2007-06-20 00:00:00-04:00,25.550415039062504,25.550415039062504,25.550415039062504,25.5504150390625,0,0.0,0.0,0.0
2007-06-21 00:00:00-04:00,24.897983551025387,24.897983551025387,24.897983551025387,24.89798355102539,2000,0.0,0.0,0.0
2007-06-22 00:00:00-04:00,24.897983551025387,24.897983551025387,24.897983551025387,24.89798355102539,0,0.0,0.0,0.0
2007-06-25 00:00:00-04:00,25.0886954911002,25.133864251784654,24.82772064208984,24.827720642089844,44000,0.0,0.0,0.0
2007-06-26 00:00:00-04:00,24.82772064208984,24.82772064208984,24.82772064208984,24.827720642089844,0,0.0,0.0,0.0
2007-06-27 00:00:00-04:00,24.82772064208984,24.82772064208984,24.82772064208984,24.827720642089844,0,0.0,0.0,0.0
2007-06-28 00:00:00-04:00,25.294456481933594,25.294456481933594,25.294456481933594,25.294456481933594,2000,0.0,0.0,0.0
2007-06-29 00:00:00-04:00,25.452526092529293,25.452526092529293,25.452526092529293,25.452526092529297,0,0.313,0.0,0.0
2007-07-02 00:00:00-04:00,25.452526092529293,25.452526092529293,25.452526092529293,25.452526092529297,0,0.0,0.0,0.0
2007-07-03 00:00:00-04:00,25.452526092529293,25.452526092529293,25.452526092529293,25.452526092529297,0,0.0,0.0,0.0
2007-07-05 00:00:00-04:00,25.452526092529293,25.452526092529293,25.452526092529293,25.452526092529297,0,0.0,0.0,0.0
2007-07-06 00:00:00-04:00,25.452526092529293,25.452526092529293,25.452526092529293,25.452526092529297,0,0.0,0.0,0.0
2007-07-09 00:00:00-04:00,25.452526092529293,25.452526092529293,25.452526092529293,25.452526092529297,0,0.0,0.0,0.0
2007-07-10 00:00:00-04:00,25.38688087463379,25.38688087463379,25.38688087463379,25.38688087463379,1000,0.0,0.0,0.0
2007-07-11 00:00:00-04:00,24.932374954223636,24.932374954223636,24.932374954223636,24.932374954223633,400,0.0,0.0,0.0
2007-07-12 00:00:00-04:00,25.124271898269654,25.250524520874023,25.07377161981276,25.250524520874023,2800,0.0,0.0,0.0
2007-07-13 00:00:00-04:00,25.250524520874023,25.250524520874023,25.250524520874023,25.250524520874023,0,0.0,0.0,0.0
2007-07-16 00:00:00-04:00,25.250524520874023,25.250524520874023,25.250524520874023,25.250524520874023,0,0.0,0.0,0.0
2007-07-17 00:00:00-04:00,25.250524520874023,25.250524520874023,25.250524520874023,25.250524520874023,0,0.0,0.0,0.0
2007-07-18 00:00:00-04:00,25.250524520874023,25.250524520874023,25.250524520874023,25.250524520874023,0,0.0,0.0,0.0
2007-07-19 00:00:00-04:00,25.306066513061523,25.306066513061523,25.306066513061523,25.306066513061523,100,0.0,0.0,0.0
2007-07-20 00:00:00-04:00,25.07881631068238,25.07881631068238,24.745509524754365,24.826311111450195,800,0.0,0.0,0.0
2007-07-23 00:00:00-04:00,24.83641679978796,24.83641679978796,24.437458038330075,24.437458038330078,2900,0.0,0.0,0.0
2007-07-24 00:00:00-04:00,24.316248870034023,24.796007156372067,24.316248870034023,24.79600715637207,600,0.0,0.0,0.0
2007-07-25 00:00:00-04:00,23.654694403432515,23.85164821106715,23.654694403432515,23.74054527282715,1300,0.0,0.0,0.0
2007-07-26 00:00:00-04:00,23.220378221942013,23.346630823361746,23.205228526239424,23.245628356933594,8300,0.0,0.0,0.0
2007-07-27 00:00:00-04:00,22.77092059101431,22.8416217436798,22.594167709350586,22.594167709350586,400,0.0,0.0,0.0
2007-07-30 00:00:00-04:00,22.36691670027461,22.68507194519043,22.36691670027461,22.68507194519043,6000,0.0,0.0,0.0
2007-07-31 00:00:00-04:00,22.89212379471128,22.962824946918612,22.483064651489254,22.483064651489258,4700,0.0,0.0,0.0
2007-08-01 00:00:00-04:00,22.250766057860833,22.85677719116211,22.048761062452133,22.85677719116211,16500,0.0,0.0,0.0
2007-08-02 00:00:00-04:00,22.856778865992762,23.164835639655806,22.856778865992762,23.139585494995117,2500,0.0,0.0,0.0
2007-08-03 00:00:00-04:00,22.664867731673766,22.76081901601137,22.286109924316406,22.286109924316406,7100,0.0,0.0,0.0
2007-08-06 00:00:00-04:00,22.0083635221896,22.478021621704105,21.932611159369056,22.4780216217041,63600,0.0,0.0,0.0
2007-08-07 00:00:00-04:00,22.63962745666504,22.63962745666504,22.63962745666504,22.63962745666504,2300,0.0,0.0,0.0
2007-08-08 00:00:00-04:00,22.63962745666504,22.63962745666504,22.63962745666504,22.63962745666504,0,0.0,0.0,0.0
2007-08-09 00:00:00-04:00,23.634490769084024,23.72034355495212,23.336534500122074,23.33653450012207,4700,0.0,0.0,0.0
2007-08-10 00:00:00-04:00,22.99817797667403,23.063827952749584,22.99817797667403,23.00322723388672,7000,0.0,0.0,0.0
2007-08-13 00:00:00-04:00,23.00322723388672,23.00322723388672,23.00322723388672,23.00322723388672,0,0.0,0.0,0.0
2007-08-14 00:00:00-04:00,22.341664693711778,22.341664693711778,22.159860610961914,22.159860610961914,300,0.0,0.0,0.0
2007-08-15 00:00:00-04:00,21.87705530908578,21.92250633239746,21.87705530908578,21.92250633239746,1200,0.0,0.0,0.0
2007-08-16 00:00:00-04:00,21.942701594023383,22.109354019165036,21.750797108484804,22.10935401916504,2700,0.0,0.0,0.0
2007-08-17 00:00:00-04:00,22.932533830445184,23.35674285888672,22.932533830445184,23.35674285888672,1000,0.0,0.0,0.0
2007-08-20 00:00:00-04:00,23.35674285888672,23.35674285888672,23.35674285888672,23.35674285888672,0,0.0,0.0,0.0
2007-08-21 00:00:00-04:00,23.785995712347127,23.791046896576418,23.679943961079918,23.690044403076172,29300,0.0,0.0,0.0
2007-08-22 00:00:00-04:00,23.811249384114273,23.811249384114273,23.720347326488575,23.73044776916504,6000,0.0,0.0,0.0
2007-08-23 00:00:00-04:00,23.629444492219353,23.64459419250488,23.629444492219353,23.644594192504883,2300,0.0,0.0,0.0
2007-08-24 00:00:00-04:00,23.64459419250488,23.64459419250488,23.64459419250488,23.644594192504883,0,0.0,0.0,0.0
2007-08-27 00:00:00-04:00,23.33148193359375,23.33148193359375,23.33148193359375,23.33148193359375,1000,0.0,0.0,0.0
2007-08-28 00:00:00-04:00,22.977981567382812,22.977981567382812,22.977981567382812,22.977981567382812,2300,0.0,0.0,0.0
2007-08-29 00:00:00-04:00,22.977981567382812,22.977981567382812,22.977981567382812,22.977981567382812,200,0.0,0.0,0.0
2007-08-30 00:00:00-04:00,22.977981567382812,22.977981567382812,22.977981567382812,22.977981567382812,0,0.0,0.0,0.0
2007-08-31 00:00:00-04:00,22.977981567382812,22.977981567382812,22.977981567382812,22.977981567382812,0,0.0,0.0,0.0
2007-09-04 00:00:00-04:00,23.61428361629685,23.61428361629685,23.604185104370117,23.604185104370117,6000,0.0,0.0,0.0
2007-09-05 00:00:00-04:00,23.508246918239593,23.508246918239593,23.38199424743652,23.381994247436523,2100,0.0,0.0,0.0
2007-09-06 00:00:00-04:00,23.38199424743652,23.38199424743652,23.38199424743652,23.381994247436523,0,0.0,0.0,0.0
2007-09-07 00:00:00-04:00,23.38199424743652,23.38199424743652,23.38199424743652,23.381994247436523,0,0.0,0.0,0.0
2007-09-10 00:00:00-04:00,22.755781173706055,22.755781173706055,22.755781173706055,22.755781173706055,200,0.0,0.0,0.0
2007-09-11 00:00:00-04:00,22.755781173706055,22.755781173706055,22.755781173706055,22.755781173706055,0,0.0,0.0,0.0
2007-09-12 00:00:00-04:00,22.755781173706055,22.755781173706055,22.755781173706055,22.755781173706055,0,0.0,0.0,0.0
2007-09-13 00:00:00-04:00,23.53349113464355,23.53349113464355,23.53349113464355,23.533491134643555,300,0.0,0.0,0.0
2007-09-14 00:00:00-04:00,23.53349113464355,23.53349113464355,23.53349113464355,23.533491134643555,0,0.0,0.0,0.0
2007-09-17 00:00:00-04:00,23.53349113464355,23.53349113464355,23.53349113464355,23.533491134643555,0,0.0,0.0,0.0
2007-09-18 00:00:00-04:00,23.53349113464355,23.53349113464355,23.53349113464355,23.533491134643555,0,0.0,0.0,0.0
2007-09-19 00:00:00-04:00,24.35665512084961,24.35665512084961,24.35665512084961,24.35665512084961,2000,0.0,0.0,0.0
2007-09-20 00:00:00-04:00,24.35665512084961,24.35665512084961,24.35665512084961,24.35665512084961,0,0.0,0.0,0.0
2007-09-21 00:00:00-04:00,24.13445033723537,24.13445033723537,24.08394813537598,24.083948135375977,6000,0.0,0.0,0.0
2007-09-24 00:00:00-04:00,24.08394813537598,24.08394813537598,24.08394813537598,24.083948135375977,0,0.0,0.0,0.0
2007-09-25 00:00:00-04:00,24.08394813537598,24.08394813537598,24.08394813537598,24.083948135375977,0,0.0,0.0,0.0
2007-09-26 00:00:00-04:00,24.309251785278324,24.309251785278324,24.309251785278324,24.30925178527832,0,0.442,0.0,0.0
2007-09-27 00:00:00-04:00,24.50294574406324,24.553918433920405,24.446874618530273,24.446874618530273,7000,0.0,0.0,0.0
2007-09-28 00:00:00-04:00,24.334737777709957,24.334737777709957,24.334737777709957,24.33473777770996,4500,0.0,0.0,0.0
2007-10-01 00:00:00-04:00,24.421388626098636,24.421388626098636,24.421388626098636,24.421388626098633,4000,0.0,0.0,0.0
2007-10-02 00:00:00-04:00,24.421388626098636,24.421388626098636,24.421388626098636,24.421388626098633,0,0.0,0.0,0.0
2007-10-03 00:00:00-04:00,24.73744071230416,24.880167844849982,24.711954349362536,24.8240966796875,9700,0.0,0.0,0.0
2007-10-04 00:00:00-04:00,24.93622909631813,24.987203750395565,24.83428367713172,24.977008819580078,18000,0.0,0.0,0.0
2007-10-05 00:00:00-04:00,25.14012202304674,25.496936798095703,25.114635670075547,25.496936798095703,9700,0.0,0.0,0.0
2007-10-08 00:00:00-04:00,25.405182085039122,25.405182085039122,25.073853692784905,25.124828338623047,16500,0.0,0.0,0.0
2007-10-09 00:00:00-04:00,24.977008819580078,24.977008819580078,24.977008819580078,24.977008819580078,200,0.0,0.0,0.0
2007-10-10 00:00:00-04:00,25.17069816589356,25.17069816589356,25.17069816589356,25.170698165893555,200,0.0,0.0,0.0
2007-10-11 00:00:00-04:00,25.25735771595242,25.25735771595242,25.180898666381836,25.180898666381836,1800,0.0,0.0,0.0
2007-10-12 00:00:00-04:00,24.87506103515625,24.87506103515625,24.87506103515625,24.87506103515625,200,0.0,0.0,0.0
2007-10-15 00:00:00-04:00,24.411198751164417,24.411198751164417,24.202207565307617,24.202207565307617,2200,0.0,0.0,0.0
2007-10-16 00:00:00-04:00,23.95753878946171,24.05438771434097,23.682281494140625,23.682281494140625,10400,0.0,0.0,0.0
2007-10-17 00:00:00-04:00,23.758736754598093,23.758736754598093,23.050205770790836,23.14705467224121,1100,0.0,0.0,0.0
2007-10-18 00:00:00-04:00,23.45798868366423,23.468183609940226,23.45798868366423,23.463085174560547,400,0.0,0.0,0.0
2007-10-19 00:00:00-04:00,23.407023065739907,23.407023065739907,23.101182937622067,23.10118293762207,2500,0.0,0.0,0.0
2007-10-22 00:00:00-04:00,22.63732155373233,22.77495017798479,22.63732155373233,22.764755249023438,6100,0.0,0.0,0.0
2007-10-23 00:00:00-04:00,23.213325348674697,23.223520278930664,23.213325348674697,23.223520278930664,2800,0.0,0.0,0.0
2007-10-24 00:00:00-04:00,24.161437907531663,24.1869242666619,22.887100506174182,22.99924087524414,3400,0.0,0.0,0.0
2007-10-25 00:00:00-04:00,23.141959345375973,23.141959345375973,22.92786973075573,23.06549835205078,4200,0.0,0.0,0.0
2007-10-26 00:00:00-04:00,22.576158842388875,23.473291397094723,22.576158842388875,23.473291397094727,300,0.0,0.0,0.0
2007-10-29 00:00:00-04:00,23.473291397094723,23.473291397094723,23.473291397094723,23.473291397094727,0,0.0,0.0,0.0
2007-10-30 00:00:00-04:00,23.921850927064156,23.921850927064156,23.335655212402344,23.335655212402344,300,0.0,0.0,0.0
2007-10-31 00:00:00-04:00,23.90654833339175,23.99320226324795,23.56502521432359,23.98810577392578,10900,0.0,0.0,0.0
2007-11-01 00:00:00-04:00,23.54974924199685,23.641501665814406,23.029819488525387,23.02981948852539,8800,0.0,0.0,0.0
2007-11-02 00:00:00-04:00,22.8106362463414,22.8106362463414,22.1734676361084,22.1734676361084,6600,0.0,0.0,0.0
2007-11-05 00:00:00-05:00,22.056222915649414,22.056222915649414,22.056222915649414,22.056222915649414,100,0.0,0.0,0.0
2007-11-06 00:00:00-05:00,21.64843759661009,21.908401489257812,21.64843759661009,21.908401489257812,600,0.0,0.0,0.0
2007-11-07 00:00:00-05:00,21.76057783334565,21.76057783334565,21.648437499999996,21.6484375,1100,0.0,0.0,0.0
2007-11-08 00:00:00-05:00,21.2712414104714,21.312021144003907,21.016373909347394,21.0622501373291,2700,0.0,0.0,0.0
2007-11-09 00:00:00-05:00,20.95010185594099,21.47513008117676,20.95010185594099,21.475130081176758,400,0.0,0.0,0.0
2007-11-12 00:00:00-05:00,21.31710414955042,21.46492767333984,21.31710414955042,21.464927673339844,300,0.0,0.0,0.0
2007-11-13 00:00:00-05:00,21.46492767333984,21.46492767333984,21.46492767333984,21.464927673339844,0,0.0,0.0,0.0
2007-11-14 00:00:00-05:00,22.147973205434003,22.147973205434003,22.07151222229004,22.07151222229004,5100,0.0,0.0,0.0
2007-11-15 00:00:00-05:00,22.07151222229004,22.07151222229004,22.07151222229004,22.07151222229004,0,0.0,0.0,0.0
2007-11-16 00:00:00-05:00,22.07151222229004,22.07151222229004,22.07151222229004,22.07151222229004,0,0.0,0.0,0.0
2007-11-19 00:00:00-05:00,21.001063869495482,21.001063869495482,20.894020080566406,20.894020080566406,4200,0.0,0.0,0.0
2007-11-20 00:00:00-05:00,20.39449119567871,20.39449119567871,20.39449119567871,20.39449119567871,2000,0.0,0.0,0.0
2007-11-21 00:00:00-05:00,20.256864280584416,20.27725219726563,20.154916919241625,20.277252197265625,2400,0.0,0.0,0.0
2007-11-23 00:00:00-05:00,20.465851971606,20.91951560974121,20.465851971606,20.91951560974121,2200,0.0,0.0,0.0
2007-11-26 00:00:00-05:00,20.13451385498047,20.13451385498047,20.13451385498047,20.13451385498047,100,0.0,0.0,0.0
2007-11-27 00:00:00-05:00,19.691059783761723,20.03767967224121,19.691059783761723,20.03767967224121,8500,0.0,0.0,0.0
2007-11-28 00:00:00-05:00,20.440372341563634,20.578001022338867,20.36391325967829,20.578001022338867,7900,0.0,0.0,0.0
2007-11-29 00:00:00-05:00,20.348602294921875,20.348602294921875,20.348602294921875,20.348602294921875,100,0.0,0.0,0.0
2007-11-30 00:00:00-05:00,21.199878821274233,21.199878821274233,20.98069261474881,21.0622501373291,4900,0.0,0.0,0.0
2007-12-03 00:00:00-05:00,20.751303211661877,20.848154067993164,20.7462067192421,20.848154067993164,1000,0.0,0.0,0.0
2007-12-04 00:00:00-05:00,20.37919955860842,20.37919955860842,20.27725219726563,20.277252197265625,500,0.0,0.0,0.0
2007-12-05 00:00:00-05:00,20.710525083019196,20.873640060424805,20.710525083019196,20.873640060424805,7200,0.0,0.0,0.0
2007-12-06 00:00:00-05:00,21.230450887400956,21.68411445617676,21.230450887400956,21.684114456176758,2700,0.0,0.0,0.0
2007-12-07 00:00:00-05:00,21.791166305541992,22.025643885662245,21.699413870802022,21.791166305541992,13300,0.0,0.0,0.0
2007-12-10 00:00:00-05:00,21.801365636101455,22.086817928950804,21.801365636101455,22.010356903076172,10300,0.0,0.0,0.0
2007-12-11 00:00:00-05:00,22.00015187749479,22.015443297860962,21.51590347290039,21.51590347290039,15100,0.0,0.0,0.0
2007-12-12 00:00:00-05:00,21.210062946834366,21.210062946834366,21.011266708374023,21.011266708374023,400,0.0,0.0,0.0
2007-12-13 00:00:00-05:00,20.369002716740344,20.369002716740344,20.012187957763672,20.012187957763672,14200,0.0,0.0,0.0
2007-12-14 00:00:00-05:00,20.012186741817093,20.012186741817093,19.828683853149414,19.828683853149414,2200,0.0,0.0,0.0
2007-12-17 00:00:00-05:00,19.420896869832763,19.660472869873047,19.39031402351894,19.660472869873047,1400,0.0,0.0,0.0
2007-12-18 00:00:00-05:00,19.42598969968513,19.61459099395369,19.42598969968513,19.522838592529297,2600,0.0,0.0,0.0
2007-12-19 00:00:00-05:00,19.83887965855328,19.83887965855328,19.76751708984375,19.76751708984375,2200,0.0,0.0,0.0
2007-12-20 00:00:00-05:00,20.103953325999452,20.165122943146528,19.69106910492561,19.91535186767578,2400,0.0,0.0,0.0
2007-12-21 00:00:00-05:00,20.103940718144596,20.27725063573567,20.103940718144596,20.119234085083008,8800,0.0,0.0,0.0
2007-12-24 00:00:00-05:00,20.639165878295895,20.639165878295895,20.639165878295895,20.6391658782959,100,0.0,0.0,0.0
2007-12-26 00:00:00-05:00,20.639165878295895,20.639165878295895,20.639165878295895,20.6391658782959,0,0.0,0.0,0.0
2007-12-27 00:00:00-05:00,20.55553436279297,20.55553436279297,20.55553436279297,20.55553436279297,2000,1.0,0.0,0.0
2007-12-28 00:00:00-05:00,20.17400882630398,20.34125434244374,20.17400882630398,20.315122604370117,3600,0.0,0.0,0.0
2007-12-31 00:00:00-05:00,19.797708886331748,20.038124084472656,19.787255791579014,20.038124084472656,15200,0.0,0.0,0.0
2008-01-02 00:00:00-05:00,19.876105973478566,19.891786613942628,19.78203010559082,19.78203010559082,2200,0.0,0.0,0.0
2008-01-03 00:00:00-05:00,19.897014245786,19.897014245786,18.99806785583496,18.99806785583496,9900,0.0,0.0,0.0
2008-01-04 00:00:00-05:00,18.62176460792458,18.62176460792458,18.543367385864258,18.543367385864258,4100,0.0,0.0,0.0
2008-01-07 00:00:00-05:00,18.710609436035156,18.710609436035156,18.710609436035156,18.710609436035156,100,0.0,0.0,0.0
2008-01-08 00:00:00-05:00,19.337779442226704,19.337779442226704,18.16705894470215,18.16705894470215,6800,0.0,0.0,0.0
2008-01-09 00:00:00-05:00,17.926645836073856,18.606081008911133,17.926645836073856,18.606081008911133,2500,0.0,0.0,0.0
2008-01-10 00:00:00-05:00,18.339536364844154,19.139179229736328,18.339536364844154,19.139179229736328,4900,0.0,0.0,0.0
2008-01-11 00:00:00-05:00,18.470197517765364,19.071237564086914,18.470197517765364,19.071237564086914,4000,0.0,0.0,0.0
2008-01-14 00:00:00-05:00,18.700162552543734,18.700162552543734,18.386577606201172,18.386577606201172,2800,0.0,0.0,0.0
2008-01-15 00:00:00-05:00,18.47019327747356,18.47019327747356,18.428380904079336,18.464967727661133,700,0.0,0.0,0.0
2008-01-16 00:00:00-05:00,18.684479584216145,18.689705134833307,18.63744165376566,18.674026489257812,2400,0.0,0.0,0.0
2008-01-17 00:00:00-05:00,18.846500756552096,18.903989791870117,18.726293147520384,18.903989791870117,700,0.0,0.0,0.0
2008-01-18 00:00:00-05:00,18.741961000656193,18.95624435312927,18.637432098388672,18.637432098388672,15300,0.0,0.0,0.0
2008-01-22 00:00:00-05:00,18.48064545746711,19.165306091308594,18.48064545746711,19.165306091308594,700,0.0,0.0,0.0
2008-01-23 00:00:00-05:00,19.165303455390536,21.020686306544295,18.977153791463753,20.95796775817871,24400,0.0,0.0,0.0
2008-01-24 00:00:00-05:00,21.093853240554008,21.093853240554008,20.498041063747507,20.660058975219727,3100,0.0,0.0,0.0
2008-01-25 00:00:00-05:00,21.161808013916016,21.161808013916016,21.161808013916016,21.161808013916016,500,0.0,0.0,0.0
2008-01-28 00:00:00-05:00,20.99455451965332,20.99455451965332,20.99455451965332,20.99455451965332,1900,0.0,0.0,0.0
2008-01-29 00:00:00-05:00,21.38654293017951,21.38654293017951,21.297694609043464,21.365638732910156,700,0.0,0.0,0.0
2008-01-30 00:00:00-05:00,21.19316156308026,21.386538808188426,20.633934020996094,20.633934020996094,8100,0.0,0.0,0.0
2008-01-31 00:00:00-05:00,20.99979019165039,21.010243288056166,20.989337095244615,20.99979019165039,6000,0.0,0.0,0.0
2008-02-01 00:00:00-05:00,21.036381790386706,21.66877937316895,21.036381790386706,21.668779373168945,8700,0.0,0.0,0.0
2008-02-04 00:00:00-05:00,21.559005469707635,21.559005469707635,21.391760011016242,21.53809928894043,6000,0.0,0.0,0.0
2008-02-05 00:00:00-05:00,21.198390964692067,21.553788199336108,21.04682408650366,21.05204963684082,12800,0.0,0.0,0.0
2008-02-06 00:00:00-05:00,20.95797016497076,21.093858374978137,20.890028053690628,20.963197708129883,16100,0.0,0.0,0.0
2008-02-07 00:00:00-05:00,20.99978742299932,20.99978742299932,20.707106743398025,20.937070846557617,3800,0.0,0.0,0.0
2008-02-08 00:00:00-05:00,20.96319932984479,20.96319932984479,20.90570831298828,20.90570831298828,6700,0.0,0.0,0.0
2008-02-11 00:00:00-05:00,20.73324555105562,20.73324555105562,20.241961879647008,20.419660568237305,28300,0.0,0.0,0.0
2008-02-12 00:00:00-05:00,20.61825557256987,21.13044519568927,20.607802478989015,21.072954177856445,15300,0.0,0.0,0.0
2008-02-13 00:00:00-05:00,21.34472874755193,21.34472874755193,21.255878448486328,21.255878448486328,200,0.0,0.0,0.0
2008-02-14 00:00:00-05:00,21.50675136602799,21.50675136602799,21.208845138549805,21.208845138549805,10000,0.0,0.0,0.0
2008-02-15 00:00:00-05:00,20.910937458582087,21.140901565551758,20.910937458582087,21.140901565551758,400,0.0,0.0,0.0
2008-02-19 00:00:00-05:00,21.036372863701313,21.167033564718093,21.036372863701313,21.161808013916016,20400,0.0,0.0,0.0
2008-02-20 00:00:00-05:00,21.010231047660692,21.454476420608724,20.937061409172603,21.391759872436523,43000,0.0,0.0,0.0
2008-02-21 00:00:00-05:00,21.73670680625493,21.86736746222094,21.663537157909705,21.67399024963379,12600,0.0,0.0,0.0
2008-02-22 00:00:00-05:00,21.219296103315997,21.590373992919922,21.187938812450867,21.590373992919922,15000,0.0,0.0,0.0
2008-02-25 00:00:00-05:00,21.376087317012605,22.20708929324179,21.376087317012605,22.196636199951172,39500,0.0,0.0,0.0
2008-02-26 00:00:00-05:00,22.133925797068564,22.31162446104776,21.883057446814004,22.09211540222168,81600,0.0,0.0,0.0
2008-02-27 00:00:00-05:00,22.05552483046224,22.18095797614776,21.783750356511746,21.909183502197266,44600,0.0,0.0,0.0
2008-02-28 00:00:00-05:00,21.856921207952634,21.856921207952634,21.438807376808377,21.46493911743164,81300,0.0,0.0,0.0
2008-02-29 00:00:00-05:00,21.156579916427248,21.438807501740776,20.989334382994937,21.046825408935547,44600,0.0,0.0,0.0
2008-03-03 00:00:00-05:00,20.968431751656755,21.06250762939453,20.90571516440636,21.06250762939453,400,0.0,0.0,0.0
2008-03-04 00:00:00-05:00,20.984105926571676,21.433576989353334,20.89003007782758,21.292465209960938,26800,0.0,0.0,0.0
2008-03-05 00:00:00-05:00,21.464923127697467,21.553773372098707,21.114753678002497,21.276771545410156,47100,0.0,0.0,0.0
2008-03-06 00:00:00-05:00,20.435332925144934,20.451013565063477,20.435332925144934,20.451013565063477,3500,0.0,0.0,0.0
2008-03-07 00:00:00-05:00,20.252404554561632,20.790725895697758,18.815137134560484,20.70187759399414,16400,0.0,0.0,0.0
2008-03-10 00:00:00-04:00,20.529404623445178,20.529404623445178,20.320348739624023,20.320348739624023,5800,0.0,0.0,0.0
2008-03-11 00:00:00-04:00,21.104311541013622,21.63740730285645,20.79595228642974,21.637407302856445,18300,0.0,0.0,0.0
2008-03-12 00:00:00-04:00,21.694893191277114,22.160046774484034,21.694893191277114,21.862140655517578,1000,0.0,0.0,0.0
2008-03-13 00:00:00-04:00,21.114762801597124,21.67399024963379,20.88479877111397,21.67399024963379,7200,0.0,0.0,0.0
2008-03-14 00:00:00-04:00,21.788967476977525,21.89349638709043,20.895249183272288,21.53809928894043,11500,0.0,0.0,0.0
2008-03-17 00:00:00-04:00,21.433578187487942,21.485843658447266,21.42835263725394,21.485843658447266,1600,0.0,0.0,0.0
2008-03-18 00:00:00-04:00,22.060747434284607,22.11823844909668,21.9457673983841,22.11823844909668,10800,0.0,0.0,0.0
2008-03-19 00:00:00-04:00,22.473632054063344,22.792444362663232,22.442272779968444,22.557254791259766,22600,0.0,0.0,0.0
2008-03-20 00:00:00-04:00,22.4318295225122,23.017190933227536,22.4318295225122,23.01719093322754,4800,0.0,0.0,0.0
2008-03-24 00:00:00-04:00,23.08513160481012,23.5189260874099,23.08513160481012,23.440528869628906,9000,0.0,0.0,0.0
2008-03-25 00:00:00-04:00,23.429949349113507,23.456407546997074,23.160093089604242,23.45640754699707,15500,0.55,0.0,0.0
2008-03-26 00:00:00-04:00,23.3823205192169,23.3823205192169,22.794986243184464,22.869064331054688,3200,0.0,0.0,0.0
2008-03-27 00:00:00-04:00,22.720910221281077,22.81086364306298,22.615085515857952,22.75265884399414,800,0.0,0.0,0.0
2008-03-28 00:00:00-04:00,22.567467394640463,22.567467394640463,22.00658707637121,22.017169952392578,20700,0.0,0.0,0.0
2008-03-31 00:00:00-04:00,21.874300149634603,22.39814131517628,21.874300149634603,22.37168312072754,8800,0.0,0.0,0.0
2008-04-01 00:00:00-04:00,22.636247120504716,23.186544418334957,22.636247120504716,23.18654441833496,9100,0.0,0.0,0.0
2008-04-02 00:00:00-04:00,23.615139269686228,23.615139269686228,23.207707774892874,23.2606201171875,4500,0.0,0.0,0.0
2008-04-03 00:00:00-04:00,23.20770385810217,23.69450378417969,23.20770385810217,23.694503784179688,1400,0.0,0.0,0.0
2008-04-04 00:00:00-04:00,23.535771005229172,23.742131985926324,23.40878056409708,23.482858657836914,8800,0.0,0.0,0.0
2008-04-07 00:00:00-04:00,23.58339230153321,23.58339230153321,23.350575153297534,23.377031326293945,2400,0.0,0.0,0.0
2008-04-08 00:00:00-04:00,23.324116183929227,23.39290182177773,23.070131301879883,23.070131301879883,3800,0.0,0.0,0.0
2008-04-09 00:00:00-04:00,22.52512584593285,22.52512584593285,22.509252548217777,22.509252548217773,600,0.0,0.0,0.0
2008-04-10 00:00:00-04:00,22.43517326990948,22.461629437514382,22.249976059722776,22.398134231567383,3600,0.0,0.0,0.0
2008-04-11 00:00:00-04:00,22.149452608571586,22.366396518207612,22.144160161385944,22.212947845458984,3200,0.0,0.0,0.0
2008-04-14 00:00:00-04:00,22.244685269025826,22.308180473932207,22.09652709960937,22.096527099609375,400,0.0,0.0,0.0
2008-04-15 00:00:00-04:00,22.091240514318258,22.091240514318258,22.038328170776367,22.038328170776367,1200,0.0,0.0,0.0
2008-04-16 00:00:00-04:00,22.551588319056414,22.752658893052264,22.461636915557435,22.673288345336914,5300,0.0,0.0,0.0
2008-04-17 00:00:00-04:00,22.91669278424427,23.154800415039062,22.911400337328732,23.154800415039062,4200,0.0,0.0,0.0
2008-04-18 00:00:00-04:00,23.334705259102584,23.334705259102584,23.154800415039062,23.154800415039062,2300,0.0,0.0,0.0
2008-04-21 00:00:00-04:00,22.974892254830376,22.974892254830376,22.921979904174805,22.921979904174805,1000,0.0,0.0,0.0
2008-04-22 00:00:00-04:00,22.879639825351546,22.879639825351546,22.58332555094713,22.615074157714844,1800,0.0,0.0,0.0
2008-04-23 00:00:00-04:00,22.731487483782594,23.070131301879883,22.731487483782594,23.070131301879883,1300,0.0,0.0,0.0
2008-04-24 00:00:00-04:00,23.096597514855247,23.313541412353516,23.096597514855247,23.313541412353516,600,0.0,0.0,0.0
2008-04-25 00:00:00-04:00,23.631018589572285,23.678640517161522,23.424657576177925,23.62043571472168,4300,0.0,0.0,0.0
2008-04-28 00:00:00-04:00,23.615143774626148,23.615143774626148,23.472278001005108,23.525190353393555,7900,0.0,0.0,0.0
2008-04-29 00:00:00-04:00,23.45640583592408,23.45640583592408,23.160091400146484,23.160091400146484,1800,0.0,0.0,0.0
2008-04-30 00:00:00-04:00,23.361162134573423,23.55164782473308,23.101886749267578,23.101886749267578,6800,0.0,0.0,0.0
2008-05-01 00:00:00-04:00,23.297662734985355,23.297662734985355,23.297662734985355,23.29766273498535,500,0.0,0.0,0.0
2008-05-02 00:00:00-04:00,23.7209680836113,23.7209680836113,23.599266052246094,23.599266052246094,3500,0.0,0.0,0.0
2008-05-05 00:00:00-04:00,23.498733299812297,23.498733299812297,23.297662734985355,23.29766273498535,500,0.0,0.0,0.0
2008-05-06 00:00:00-04:00,23.191839775199345,23.281791181349263,23.12305209971727,23.19713020324707,1900,0.0,0.0,0.0
2008-05-07 00:00:00-04:00,23.41407292316739,23.41407292316739,22.689163208007812,22.689163208007812,1300,0.0,0.0,0.0
2008-05-08 00:00:00-04:00,22.620370864868164,22.620370864868164,22.620370864868164,22.620370864868164,200,0.0,0.0,0.0
2008-05-09 00:00:00-04:00,22.451048426668624,22.67328267513157,22.451048426668624,22.535709381103516,1000,0.0,0.0,0.0
2008-05-12 00:00:00-04:00,23.07541847229004,23.07541847229004,23.07541847229004,23.07541847229004,200,0.0,0.0,0.0
2008-05-13 00:00:00-04:00,23.07541847229004,23.07541847229004,23.07541847229004,23.07541847229004,0,0.0,0.0,0.0
2008-05-14 00:00:00-04:00,23.32940716149381,23.47756333079141,23.25532907684501,23.392902374267578,3000,0.0,0.0,0.0
2008-05-15 00:00:00-04:00,23.377021887156904,23.5357608795166,23.377021887156904,23.5357608795166,800,0.0,0.0,0.0
2008-05-16 00:00:00-04:00,23.41406091809164,23.5357608795166,23.403478049470888,23.5357608795166,1100,0.0,0.0,0.0
2008-05-19 00:00:00-04:00,23.530493045988,23.71568837846707,23.493453979492184,23.493453979492188,6400,0.0,0.0,0.0
2008-05-20 00:00:00-04:00,23.50931955924779,23.50931955924779,23.22358798152507,23.313541412353516,21800,0.0,0.0,0.0
2008-05-21 00:00:00-04:00,23.377034192556568,23.377034192556568,22.71032724783291,22.73149299621582,42600,0.0,0.0,0.0
2008-05-22 00:00:00-04:00,22.74737198824423,22.77382816875455,22.609796620027037,22.630962371826172,46500,0.0,0.0,0.0
2008-05-23 00:00:00-04:00,22.514540833083146,22.546289443969727,22.451045629786112,22.546289443969727,8300,0.0,0.0,0.0
2008-05-27 00:00:00-04:00,22.599211093606755,22.832030299136946,22.599211093606755,22.742076873779297,13300,0.0,0.0,0.0
2008-05-28 00:00:00-04:00,22.805571196705703,22.84790269365645,22.710327347043393,22.75265884399414,15900,0.0,0.0,0.0
2008-05-29 00:00:00-04:00,22.93256973245382,23.054269790649418,22.85319916392402,23.054269790649414,11000,0.0,0.0,0.0
2008-05-30 00:00:00-04:00,22.93255750104243,22.96430611521625,22.874352717628597,22.92726707458496,19100,0.0,0.0,0.0
2008-06-02 00:00:00-04:00,22.562172537146783,22.683872570675877,22.562172537146783,22.667999267578125,3100,0.0,0.0,0.0
2008-06-03 00:00:00-04:00,22.76852895167844,22.858482360839844,22.731489906281563,22.858482360839844,7000,0.0,0.0,0.0
2008-06-04 00:00:00-04:00,22.96960879284042,23.054269790649418,22.96960879284042,23.054269790649414,2000,0.0,0.0,0.0
2008-06-05 00:00:00-04:00,23.42994429196798,23.504022385707813,23.414070991445637,23.482858657836914,4700,0.0,0.0,0.0
2008-06-06 00:00:00-04:00,23.382329768928354,23.382329768928354,22.784412384033203,22.784412384033203,3500,0.0,0.0,0.0
2008-06-09 00:00:00-04:00,22.874356453272537,23.001348912230803,22.170612547872274,22.191776275634766,3200,0.0,0.0,0.0
2008-06-10 00:00:00-04:00,22.0912400434283,22.350515365600582,21.900752381175437,22.350515365600586,14400,0.0,0.0,0.0
2008-06-11 00:00:00-04:00,22.361095428466797,22.361095428466797,22.361095428466797,22.361095428466797,600,0.0,0.0,0.0
2008-06-12 00:00:00-04:00,22.525130812536638,22.55158698738723,22.064786911010742,22.064786911010742,57800,0.0,0.0,0.0
2008-06-13 00:00:00-04:00,22.578044830464915,22.578044830464915,22.287022848652125,22.498676300048828,10100,0.0,0.0,0.0
2008-06-16 00:00:00-04:00,22.921973604438293,22.974885940551758,22.9061003072995,22.974885940551758,2700,0.0,0.0,0.0
2008-06-17 00:00:00-04:00,22.906100851106185,22.906100851106185,22.683864593505856,22.68386459350586,1500,0.0,0.0,0.0
2008-06-18 00:00:00-04:00,22.24469139599184,22.24469139599184,21.84255027770996,21.84255027770996,2000,0.0,0.0,0.0
2008-06-19 00:00:00-04:00,22.05949647829318,22.244693756103516,22.006584123762764,22.244693756103516,800,0.0,0.0,0.0
2008-06-20 00:00:00-04:00,22.091245697765814,22.091245697765814,21.69439697265625,21.69439697265625,9100,0.0,0.0,0.0
2008-06-23 00:00:00-04:00,21.736722140952246,21.736722140952246,21.165259174375436,21.212881088256836,14300,0.0,0.0,0.0
2008-06-24 00:00:00-04:00,21.018354525246806,21.393489241381864,21.018354525246806,21.23807716369629,1800,0.507,0.0,0.0
2008-06-25 00:00:00-04:00,21.468519210815426,21.468519210815426,21.468519210815426,21.46851921081543,1200,0.0,0.0,0.0
2008-06-26 00:00:00-04:00,21.27558962266787,21.27558962266787,20.84686279296875,20.84686279296875,400,0.0,0.0,0.0
2008-06-27 00:00:00-04:00,20.8682893536851,20.8682893536851,20.482436381617266,20.530668258666992,13100,0.0,0.0,0.0
2008-06-30 00:00:00-04:00,20.552115027130696,20.92189364796563,20.412779548027164,20.6057071685791,2500,0.0,0.0,0.0
2008-07-01 00:00:00-04:00,20.262722231722424,20.659293790067355,20.134103158215723,20.54139518737793,4400,0.0,0.0,0.0
2008-07-02 00:00:00-04:00,20.594983845007942,20.594983845007942,20.477083206176758,20.477083206176758,700,0.0,0.0,0.0
2008-07-03 00:00:00-04:00,20.36454200744629,20.36454200744629,20.36454200744629,20.36454200744629,200,0.0,0.0,0.0
2008-07-07 00:00:00-04:00,20.23056454340758,20.455645339830394,20.059073828705277,20.246641159057617,1800,0.0,0.0,0.0
2008-07-08 00:00:00-04:00,20.34310386462102,21.243431091308594,20.17697339348434,21.243431091308594,43000,0.0,0.0,0.0
2008-07-09 00:00:00-04:00,21.62392349027139,21.62392349027139,20.000120162963867,20.000120162963867,7500,0.0,0.0,0.0
2008-07-10 00:00:00-04:00,19.989406425122098,20.01084327697754,19.989406425122098,20.01084327697754,700,0.0,0.0,0.0
2008-07-11 00:00:00-04:00,20.337747104127626,20.686086730017266,20.337747104127626,20.584264755249023,1000,0.0,0.0,0.0
2008-07-14 00:00:00-04:00,21.077301794218325,21.077301794218325,20.310951766382438,20.38597869873047,2300,0.0,0.0,0.0
2008-07-15 00:00:00-04:00,19.828630775831968,20.49315876079764,19.775040699575378,20.268075942993164,18500,0.0,0.0,0.0
2008-07-16 00:00:00-04:00,19.93580921841649,21.377403259277344,19.93580921841649,21.377403259277344,14000,0.0,0.0,0.0
2008-07-17 00:00:00-04:00,21.54889017431255,21.790049518747445,21.018341660885408,21.618558883666992,11100,0.0,0.0,0.0
2008-07-18 00:00:00-04:00,21.425639615870107,21.752544403076172,21.425639615870107,21.752544403076172,8700,0.0,0.0,0.0
2008-07-21 00:00:00-04:00,21.757902483747102,21.97226688080418,21.757902483747102,21.93475341796875,3500,0.0,0.0,0.0
2008-07-22 00:00:00-04:00,21.725755069173722,22.77613639831543,21.682881360556863,22.77613639831543,15600,0.0,0.0,0.0
2008-07-23 00:00:00-04:00,22.770764514541483,23.569267436236125,22.770764514541483,23.526395797729492,9300,0.0,0.0,0.0
2008-07-24 00:00:00-04:00,23.79971141508195,23.79971141508195,22.11695799076459,22.224140167236328,13200,0.0,0.0,0.0
2008-07-25 00:00:00-04:00,22.2080582374369,22.685018750193187,22.143749758767953,22.400985717773438,17800,0.0,0.0,0.0
2008-07-28 00:00:00-04:00,22.524252767057433,22.556408040377192,22.133039474487305,22.133039474487305,1200,0.0,0.0,0.0
2008-07-29 00:00:00-04:00,22.138399279879017,23.10303497314453,22.138399279879017,23.10303497314453,11500,0.0,0.0,0.0
2008-07-30 00:00:00-04:00,23.215574542361768,23.231651155977943,22.400992728413772,22.990493774414062,38700,0.0,0.0,0.0
2008-07-31 00:00:00-04:00,22.63680093397253,23.03337251702375,22.459949952424402,22.77613639831543,15000,0.0,0.0,0.0
2008-08-01 00:00:00-04:00,22.88866823329131,22.88866823329131,22.24021896612311,22.845796585083008,36700,0.0,0.0,0.0
2008-08-04 00:00:00-04:00,22.93154410540489,22.93154410540489,22.524252164898133,22.642152786254883,13700,0.0,0.0,0.0
2008-08-05 00:00:00-04:00,22.856518704011943,23.71933044039472,22.856518704011943,23.692535400390625,14100,0.0,0.0,0.0
2008-08-06 00:00:00-04:00,23.563917475271303,23.590712514234518,23.25844953356373,23.52104377746582,25100,0.0,0.0,0.0
2008-08-07 00:00:00-04:00,23.23701970005381,23.306688457855916,22.620723396184285,22.663597106933594,9700,0.0,0.0,0.0
2008-08-08 00:00:00-04:00,22.802922262376658,23.67109406898686,22.802922262376658,23.55855369567871,18300,0.0,0.0,0.0
2008-08-11 00:00:00-04:00,23.939050051336075,24.346341968150877,23.649660793350062,24.024797439575195,46900,0.0,0.0,0.0
2008-08-12 00:00:00-04:00,24.517833341997196,24.517833341997196,21.329174826357725,23.5960693359375,22700,0.0,0.0,0.0
2008-08-13 00:00:00-04:00,23.558553902207592,23.64429924133647,23.10839036069846,23.43529510498047,7900,0.0,0.0,0.0
2008-08-14 00:00:00-04:00,23.263808540515917,23.78899909109221,23.263808540515917,23.612150192260742,36200,0.0,0.0,0.0
2008-08-15 00:00:00-04:00,23.751490207550006,23.93369937610512,23.312044926504893,23.424585342407227,11600,0.0,0.0,0.0
2008-08-18 00:00:00-04:00,23.237016370275686,23.360275204520846,22.76005765035678,23.060165405273438,8500,0.0,0.0,0.0
2008-08-19 00:00:00-04:00,22.786857346339193,22.786857346339193,22.29918010069175,22.449234008789062,17800,0.0,0.0,0.0
2008-08-20 00:00:00-04:00,22.50817439065903,22.50817439065903,22.15983277878577,22.352760314941406,1600,0.0,0.0,0.0
2008-08-21 00:00:00-04:00,22.10624443555272,22.21878482567623,21.97226719654937,22.133039474487305,6200,0.0,0.0,0.0
2008-08-22 00:00:00-04:00,22.181276789468612,22.658235549926758,22.181276789468612,22.658235549926758,8000,0.0,0.0,0.0
2008-08-25 00:00:00-04:00,22.642148435300168,22.642148435300168,22.090162985619273,22.143753051757812,17200,0.0,0.0,0.0
2008-08-26 00:00:00-04:00,22.020497746791577,22.422429439387432,21.97226586190686,22.186630249023438,6200,0.0,0.0,0.0
2008-08-27 00:00:00-04:00,22.229502266633826,22.36347949970973,22.14911715338649,22.304529190063477,7100,0.0,0.0,0.0
2008-08-28 00:00:00-04:00,22.486729629010117,22.840429306030277,22.374189287305875,22.840429306030273,5000,0.0,0.0,0.0
2008-08-29 00:00:00-04:00,22.67431206148251,22.904753110634623,22.49746109822733,22.781492233276367,14000,0.0,0.0,0.0
2008-09-02 00:00:00-04:00,23.10302495139506,23.10302495139506,22.48137092590332,22.48137092590332,3600,0.0,0.0,0.0
2008-09-03 00:00:00-04:00,22.78149478634847,23.0548095703125,22.56177213861806,23.0548095703125,15900,0.0,0.0,0.0
2008-09-04 00:00:00-04:00,22.958337023295922,22.958337023295922,22.422428131103516,22.422428131103516,5000,0.0,0.0,0.0
2008-09-05 00:00:00-04:00,22.186628954497724,22.422428131103516,22.074086533446376,22.422428131103516,6300,0.0,0.0,0.0
2008-09-08 00:00:00-04:00,23.0655204766538,23.52640247632965,22.95833828346611,23.376346588134766,30000,0.0,0.0,0.0
2008-09-09 00:00:00-04:00,23.183417435725406,23.301318044459155,22.7707693938176,22.80828285217285,1900,0.0,0.0,0.0
2008-09-10 00:00:00-04:00,22.61000138024659,22.64215665820547,22.331328437595143,22.561769485473633,1500,0.0,0.0,0.0
2008-09-11 00:00:00-04:00,22.1276850389254,22.476024692840035,22.041939673187716,22.213430404663086,289400,0.0,0.0,0.0
2008-09-12 00:00:00-04:00,22.299174182468594,22.67431089748139,22.299174182468594,22.572486877441406,16900,0.0,0.0,0.0
2008-09-15 00:00:00-04:00,22.090156173665942,22.40098214121387,21.366678237915036,21.36667823791504,26300,0.0,0.0,0.0
2008-09-16 00:00:00-04:00,21.704313002865316,22.149118423461914,21.10945372680502,22.149118423461914,11500,0.0,0.0,0.0
2008-09-17 00:00:00-04:00,21.677514875084956,22.047291270935517,21.339891704063906,21.698951721191406,10700,0.0,0.0,0.0
2008-09-18 00:00:00-04:00,22.004421099448614,23.065520520950937,20.846857908325145,23.03336524963379,384000,0.0,0.0,0.0
2008-09-19 00:00:00-04:00,23.939048767089847,23.939048767089847,23.939048767089847,23.939048767089844,59800,0.0,0.0,0.0
2008-09-22 00:00:00-04:00,25.235961527436316,25.235961527436316,22.894039154052734,22.894039154052734,29700,0.0,0.0,0.0
2008-09-23 00:00:00-04:00,22.85651268640349,22.963692818201746,22.40098894894101,22.406349182128906,26500,0.0,0.0,0.0
2008-09-24 00:00:00-04:00,21.39348324329028,22.56712509404158,21.39348324329028,22.186630249023438,35400,0.0,0.0,0.0
2008-09-25 00:00:00-04:00,22.41502858174112,22.773929964700244,22.41502858174112,22.697799682617188,20300,0.6,0.0,0.0
2008-09-26 00:00:00-04:00,22.43133311866416,23.37208938598633,22.415020085656607,23.372089385986328,3100,0.0,0.0,0.0
2008-09-29 00:00:00-04:00,22.583603181392228,25.530946731567383,22.094193314527033,25.530946731567383,9200,0.0,0.0,0.0
2008-09-30 00:00:00-04:00,22.811989348349243,22.980562909160767,21.838604817338236,22.82830238342285,153700,0.0,0.0,0.0
2008-10-01 00:00:00-04:00,23.257894628962493,23.257894628962493,22.409581625158136,22.52377700805664,43400,0.0,0.0,0.0
2008-10-02 00:00:00-04:00,22.2953876039517,22.34432878166784,21.615650177001953,21.615650177001953,167500,0.0,0.0,0.0
2008-10-03 00:00:00-04:00,21.81685004167891,21.81685004167891,20.81627655029297,20.81627655029297,4000,0.0,0.0,0.0
2008-10-06 00:00:00-04:00,20.566138919889156,20.566138919889156,19.396989517033646,20.288806915283203,35000,0.0,0.0,0.0
2008-10-07 00:00:00-04:00,19.83746215554303,20.16373745288487,19.14141150691173,19.184913635253906,53000,0.0,0.0,0.0
2008-10-08 00:00:00-04:00,17.531787947806162,19.23928796609323,17.531787947806162,19.000019073486328,9600,0.0,0.0,0.0
2008-10-09 00:00:00-04:00,18.858639402434573,18.858639402434573,16.93362209670361,17.384967803955078,9100,0.0,0.0,0.0
2008-10-10 00:00:00-04:00,15.720964615134209,30.365225566976434,6.166577034776746,17.765613555908203,37600,0.0,0.0,0.0
2008-10-13 00:00:00-04:00,19.19034632184969,19.71782112121582,18.369222400363885,19.71782112121582,8100,0.0,0.0,0.0
2008-10-14 00:00:00-04:00,22.121377926186028,22.121377926186028,17.314274121468053,17.841751098632812,10100,0.0,0.0,0.0
2008-10-15 00:00:00-04:00,17.80912556836245,17.80912556836245,16.378958078323357,16.43333625793457,7900,0.0,0.0,0.0
2008-10-16 00:00:00-04:00,16.362636979165806,16.76504135131836,15.840598173943008,16.76504135131836,15900,0.0,0.0,0.0
2008-10-17 00:00:00-04:00,16.895555299825848,17.776494527639144,16.80854898194792,17.123947143554688,164500,0.0,0.0,0.0
2008-10-20 00:00:00-04:00,17.11307331410421,17.27077293395996,16.51490506040969,17.27077293395996,4900,0.0,0.0,0.0
2008-10-21 00:00:00-04:00,17.564417147298244,17.64054741783184,16.846614490275368,16.85749053955078,22400,0.0,0.0,0.0
2008-10-22 00:00:00-04:00,16.455089237442746,16.667167053393587,15.166306190270875,15.5850248336792,35400,0.0,0.0,0.0
2008-10-23 00:00:00-04:00,16.291940651426323,16.291940651426323,14.453931725797895,15.938477516174316,177000,0.0,0.0,0.0
2008-10-24 00:00:00-04:00,14.905285188463955,15.623087888557658,14.7802137258834,15.117362976074219,35700,0.0,0.0,0.0
2008-10-27 00:00:00-04:00,14.872654426099647,15.068418090777115,13.997152328491211,13.997152328491211,31500,0.0,0.0,0.0
2008-10-28 00:00:00-04:00,14.443062247987827,15.443635940551758,13.687194472647676,15.443635940551758,78300,0.0,0.0,0.0
2008-10-29 00:00:00-04:00,15.650282035427992,16.313705693575645,15.334883766840095,15.552399635314941,14700,0.0,0.0,0.0
2008-10-30 00:00:00-04:00,15.949361883034207,16.01461714441095,15.242435243638324,15.470827102661133,97000,0.0,0.0,0.0
2008-10-31 00:00:00-04:00,15.818848755642941,16.949931740595343,15.57958090194235,16.77048110961914,117300,0.0,0.0,0.0
2008-11-03 00:00:00-05:00,16.7650450142339,16.835737255150477,16.253882143462622,16.357202529907227,158900,0.0,0.0,0.0
2008-11-04 00:00:00-05:00,16.76504135131836,16.813982521720398,16.26475463836173,16.76504135131836,183500,0.0,0.0,0.0
2008-11-05 00:00:00-05:00,16.498586982658814,16.504025006562035,15.02491569519043,15.02491569519043,187200,0.0,0.0,0.0
2008-11-06 00:00:00-05:00,15.008600688419223,15.068416869100272,14.421307667607886,14.546379089355469,107600,0.0,0.0,0.0
2008-11-07 00:00:00-05:00,14.68776466536085,15.149986267089846,14.491999978229304,15.149986267089844,43900,0.0,0.0,0.0
2008-11-10 00:00:00-05:00,15.367506733492153,15.367506733492153,14.138541112340436,14.269050598144531,30500,0.0,0.0,0.0
2008-11-11 00:00:00-05:00,14.078724060974178,14.633390160837578,13.774201923424496,14.198358535766602,42300,0.0,0.0,0.0
2008-11-12 00:00:00-05:00,13.96996729631242,14.122227853278899,13.594751854707269,13.703510284423828,25900,0.0,0.0,0.0
2008-11-13 00:00:00-05:00,13.806825550720458,15.06298099576379,13.148840254247524,15.019477844238281,99500,0.0,0.0,0.0
2008-11-14 00:00:00-05:00,14.377808098900918,14.377808098900918,13.094463348388674,13.094463348388672,4300,0.0,0.0,0.0
2008-11-17 00:00:00-05:00,13.083588363612703,13.263039039324699,12.702935949446427,12.96395492553711,14500,0.0,0.0,0.0
2008-11-18 00:00:00-05:00,12.626805303344812,12.768190848822753,11.930754663696202,12.278779983520508,8600,0.0,0.0,0.0
2008-11-19 00:00:00-05:00,12.034070853928393,12.327717917872391,10.859484672546387,10.859484672546387,17100,0.0,0.0,0.0
2008-11-20 00:00:00-05:00,10.805110679466845,11.642546966675482,10.060117721557617,10.060117721557617,29800,0.0,0.0,0.0
2008-11-21 00:00:00-05:00,10.33201152658245,10.598468541488536,9.848038686977238,10.511462211608887,34100,0.0,0.0,0.0
2008-11-24 00:00:00-05:00,11.457655771380026,13.143405072589173,11.240139966720141,12.980268478393555,89700,0.0,0.0,0.0
2008-11-25 00:00:00-05:00,13.31198133574967,13.92102670121935,12.893262711814094,13.779641151428223,50400,0.0,0.0,0.0
2008-11-26 00:00:00-05:00,13.464242929662262,14.443064689636229,13.464242929662262,14.44306468963623,4800,0.0,0.0,0.0
2008-11-28 00:00:00-05:00,14.274487053808311,14.415872573852537,14.209231799481328,14.415872573852539,14100,0.0,0.0,0.0
2008-12-01 00:00:00-05:00,13.94820979355245,13.94820979355245,11.963376998901367,11.963376998901367,34400,0.0,0.0,0.0
2008-12-02 00:00:00-05:00,11.821995841617728,13.398986816406252,11.821995841617728,13.39898681640625,9800,0.0,0.0,0.0
2008-12-03 00:00:00-05:00,13.018335565747085,14.018909454345701,12.659434174966856,14.018909454345703,12400,0.0,0.0,0.0
2008-12-04 00:00:00-05:00,13.866641493934925,14.551816845157683,13.437047004699707,13.437047004699707,10000,0.0,0.0,0.0
2008-12-05 00:00:00-05:00,13.556684333980416,15.1934922942149,13.485991055924073,14.959662437438965,18600,0.0,0.0,0.0
2008-12-08 00:00:00-05:00,15.487145446113937,15.954805374145508,15.1336820053169,15.954805374145508,18300,0.0,0.0,0.0
2008-12-09 00:00:00-05:00,15.818851052532805,15.938484478155342,14.481127124221238,14.59532356262207,70900,0.0,0.0,0.0
2008-12-10 00:00:00-05:00,14.698642811463188,15.50345169344034,14.698642811463188,15.492575645446777,3600,0.0,0.0,0.0
2008-12-11 00:00:00-05:00,15.4925743309571,15.4925743309571,13.110774993896484,13.110774993896484,52800,0.0,0.0,0.0
2008-12-12 00:00:00-05:00,13.072708908335294,14.774770736694336,12.953074473717914,14.774770736694336,16800,0.0,0.0,0.0
2008-12-15 00:00:00-05:00,14.279928494748814,14.279928494748814,13.665445086103299,13.893836975097656,7900,0.0,0.0,0.0
2008-12-16 00:00:00-05:00,14.350618216378631,15.557832717895506,14.116788343122764,15.557832717895508,13400,0.0,0.0,0.0
2008-12-17 00:00:00-05:00,15.742716632225367,16.406139878356544,15.003162101510934,15.846035957336426,24200,0.0,0.0,0.0
2008-12-18 00:00:00-05:00,15.835162970344985,15.873228098898228,14.41043291965747,14.758458137512207,55100,0.0,0.0,0.0
2008-12-19 00:00:00-05:00,14.791088597321856,15.03035545349121,14.551820703955377,15.030355453491211,8600,0.0,0.0,0.0
2008-12-22 00:00:00-05:00,14.959655744868842,14.959655744868842,13.850324186831747,14.475683212280273,11900,0.0,0.0,0.0
2008-12-23 00:00:00-05:00,14.617070618761145,14.617070618761145,14.01346459439011,14.089594841003418,67700,0.0,0.0,0.0
2008-12-24 00:00:00-05:00,14.194827458474014,14.194827458474014,13.993323261869229,14.155646324157715,11500,0.738,0.0,0.0
2008-12-26 00:00:00-05:00,14.323557304525382,14.323557304525382,13.993314985460106,14.301167488098145,1000,0.0,0.0,0.0
2008-12-29 00:00:00-05:00,14.295577143011677,14.295577143011677,13.39440693547328,13.579118728637695,15600,0.0,0.0,0.0
2008-12-30 00:00:00-05:00,13.696656323430478,14.351543507454219,13.696656323430478,14.301167488098145,20500,0.0,0.0,0.0
2008-12-31 00:00:00-05:00,14.418723545990783,15.112792402279016,14.40193117009451,15.07361125946045,6900,0.0,0.0,0.0
2009-01-02 00:00:00-05:00,14.84411959188351,14.900093106067068,14.463500976562498,14.4635009765625,22300,0.0,0.0,0.0
2009-01-05 00:00:00-05:00,14.424319624829552,14.424319624829552,14.110868377052816,14.127660751342773,8900,0.0,0.0,0.0
2009-01-06 00:00:00-05:00,13.993321047664613,14.71537692617483,13.993321047664613,14.69858455657959,6200,0.0,0.0,0.0
2009-01-07 00:00:00-05:00,14.3795418187869,14.754562991047555,14.306775927132994,14.357151985168457,10300,0.0,0.0,0.0
2009-01-08 00:00:00-05:00,14.278788876881421,14.32356747392244,14.054895891676331,14.16124439239502,14800,0.0,0.0,0.0
2009-01-09 00:00:00-05:00,13.942950151953516,14.071688496875923,13.52315036560179,13.539942741394043,20700,0.0,0.0,0.0
2009-01-12 00:00:00-05:00,13.556734519784603,13.556734519784603,12.63317517129911,12.806692123413086,62500,0.0,0.0,0.0
2009-01-13 00:00:00-05:00,12.767509399313255,13.332839856019804,12.638771065858903,13.237685203552246,385500,0.0,0.0,0.0
2009-01-14 00:00:00-05:00,12.929830101700633,12.985803604781006,12.633171282698695,12.711533546447754,563500,0.0,0.0,0.0
2009-01-15 00:00:00-05:00,12.672352194970752,13.65748220225412,12.35330462082899,13.265669822692871,425700,0.0,0.0,0.0
2009-01-16 00:00:00-05:00,13.601514519701704,13.847797393798828,12.985808935868212,13.847797393798828,969500,0.0,0.0,0.0
2009-01-20 00:00:00-05:00,13.674277627761457,13.674277627761457,12.35890483856201,12.358904838562012,703300,0.0,0.0,0.0
2009-01-21 00:00:00-05:00,12.705936985063325,13.629496036772775,12.246955120099278,13.60710620880127,935100,0.0,0.0,0.0
2009-01-22 00:00:00-05:00,13.030584609174808,13.495162955929953,12.605187401557115,12.896248817443848,887700,0.0,0.0,0.0
2009-01-23 00:00:00-05:00,12.442861415855853,13.338434219360353,12.426070113061328,13.338434219360352,849500,0.0,0.0,0.0
2009-01-26 00:00:00-05:00,13.075359553007653,13.534340313411915,12.957815100832647,13.153721809387207,384100,0.0,0.0,0.0
2009-01-27 00:00:00-05:00,13.528744194267686,13.556730412139656,13.159320566807638,13.472770690917969,438700,0.0,0.0,0.0
2009-01-28 00:00:00-05:00,13.847793178455419,14.502680778503418,13.646288973023454,14.502680778503418,496400,0.0,0.0,0.0
2009-01-29 00:00:00-05:00,14.138861433764395,14.206028823105054,13.372026443481445,13.372026443481445,317100,0.0,0.0,0.0
2009-01-30 00:00:00-05:00,13.752635599832976,13.752635599832976,12.666753599842718,12.913036346435547,588200,0.0,0.0,0.0
2009-02-02 00:00:00-05:00,12.633177312594222,13.04737972492118,12.426076640233884,12.92983627319336,333400,0.0,0.0,0.0
2009-02-03 00:00:00-05:00,13.069763653632744,13.069763653632744,12.638769056983973,12.834675788879395,318100,0.0,0.0,0.0
2009-02-04 00:00:00-05:00,12.829080531181642,13.131335799053486,12.409280776977539,12.409280776977539,160600,0.0,0.0,0.0
2009-02-05 00:00:00-05:00,12.269343880892205,12.269343880892205,11.452133380310503,11.659235000610352,148500,0.0,0.0,0.0
2009-02-06 00:00:00-05:00,11.877536403067557,12.448464440780034,11.659240828250633,12.414880752563477,77700,0.0,0.0,0.0
2009-02-09 00:00:00-05:00,12.35891037372958,12.571608543395996,12.112627439689673,12.571608543395996,67000,0.0,0.0,0.0
2009-02-10 00:00:00-05:00,12.314124874952363,12.342111095353086,11.429746858455474,11.474525451660156,158800,0.0,0.0,0.0
2009-02-11 00:00:00-05:00,11.558484972948241,11.866338729858398,11.217048606244855,11.866338729858398,227000,0.0,0.0,0.0
2009-02-12 00:00:00-05:00,11.838354484005514,11.838354484005514,10.914795111194866,11.687226295471191,242200,0.0,0.0,0.0
2009-02-13 00:00:00-05:00,11.636849023448605,11.642445413686513,11.093907356262209,11.093907356262207,130400,0.0,0.0,0.0
2009-02-17 00:00:00-05:00,10.483799877660106,10.646122976273693,10.23751810181381,10.355061531066895,57100,0.0,0.0,0.0
2009-02-18 00:00:00-05:00,10.411033477681341,10.528576889180696,10.086388397094561,10.494993209838867,73500,0.0,0.0,0.0
2009-02-19 00:00:00-05:00,10.651717853287503,10.70209390150235,9.946454245885459,10.024816513061523,36600,0.0,0.0,0.0
2009-02-20 00:00:00-05:00,9.87368803578526,10.724482301856288,9.840104360642027,10.679703712463379,122200,0.0,0.0,0.0
2009-02-23 00:00:00-05:00,10.814042671719,10.814042671719,9.868093490600586,9.868093490600586,35000,0.0,0.0,0.0
2009-02-24 00:00:00-05:00,9.996830889245725,10.858819082316995,9.996830889245725,10.791651725769043,115800,0.0,0.0,0.0
2009-02-25 00:00:00-05:00,10.679707734570536,10.987560519137135,10.203934375835276,10.612539291381836,550900,0.0,0.0,0.0
2009-02-26 00:00:00-05:00,10.578954656622468,10.640525635066778,9.856899561910685,9.884885787963867,253400,0.0,0.0,0.0
2009-02-27 00:00:00-05:00,9.728155282719468,10.119968657214288,9.728155282719468,9.823309898376465,522500,0.0,0.0,0.0
2009-03-02 00:00:00-05:00,9.414709580720881,9.543447923951655,9.084467001055124,9.162830352783203,52900,0.0,0.0,0.0
2009-03-03 00:00:00-05:00,9.470683036914657,9.470683036914657,8.87736578230947,9.341944694519043,33800,0.0,0.0,0.0
2009-03-04 00:00:00-05:00,9.476278321268007,9.700171271372389,9.218800627943617,9.621809005737305,99300,0.0,0.0,0.0
2009-03-05 00:00:00-05:00,9.347541722450192,9.358735571303656,8.910949588985202,8.961325645446777,107400,0.0,0.0,0.0
2009-03-06 00:00:00-05:00,9.06767211757159,9.112450700499608,8.491146928218425,9.062074661254883,346700,0.0,0.0,0.0
2009-03-09 00:00:00-04:00,8.905349397079242,9.26917552947998,8.815792228106925,9.26917552947998,108000,0.0,0.0,0.0
2009-03-10 00:00:00-04:00,9.509865805277514,10.411036491394045,9.442698427150724,10.411036491394043,23600,0.0,0.0,0.0
2009-03-11 00:00:00-04:00,10.494994357075289,10.539772956961235,10.114375724241727,10.119973182678223,155300,0.0,0.0,0.0
2009-03-12 00:00:00-04:00,10.20393330098662,11.060325256500587,10.119973556549425,10.953975677490234,57600,0.0,0.0,0.0
2009-03-13 00:00:00-04:00,10.8028441129088,10.870012527981448,10.405434282180009,10.735676765441895,356400,0.0,0.0,0.0
2009-03-16 00:00:00-04:00,10.914792477245063,10.914792477245063,9.935259819030762,9.935259819030762,159600,0.0,0.0,0.0
2009-03-17 00:00:00-04:00,9.957649928230738,10.724483489990234,9.778534483209652,10.724483489990234,49000,0.0,0.0,0.0
2009-03-18 00:00:00-04:00,10.53417423898184,11.17786693572998,10.293488893020715,11.17786693572998,84600,0.0,0.0,0.0
2009-03-19 00:00:00-04:00,11.009946945333882,11.082711757607735,10.455811464214081,10.489395141601562,42600,0.0,0.0,0.0
2009-03-20 00:00:00-04:00,10.31587741821634,10.31587741821634,9.750547066561955,9.756144523620605,28900,0.0,0.0,0.0
2009-03-23 00:00:00-04:00,10.287891784166145,11.289814338755402,10.187140743756864,11.28421688079834,33100,0.0,0.0,0.0
2009-03-24 00:00:00-04:00,11.127487187358646,11.295407661781713,10.3606538772583,10.3606538772583,62700,0.0,0.0,0.0
2009-03-25 00:00:00-04:00,10.50404793852195,10.794246590662619,9.724495654126343,10.498358726501465,64200,0.302,0.0,0.0
2009-03-26 00:00:00-04:00,10.743033687126301,10.782865763594742,10.156947242446819,10.748723983764648,78000,0.0,0.0,0.0
2009-03-27 00:00:00-04:00,10.407315216661724,10.53249849096028,10.196778575241312,10.202468872070312,43800,0.0,0.0,0.0
2009-03-30 00:00:00-04:00,9.84398935913432,9.889510655806225,9.60500228027849,9.62207317352295,45700,0.0,0.0,0.0
2009-03-31 00:00:00-04:00,9.935030070067583,10.413004137216516,9.895199078690691,10.344722747802734,8300,0.0,0.0,0.0
2009-04-01 00:00:00-04:00,10.100047625530882,10.39593660517657,10.065906923360489,10.25937271118164,34700,0.0,0.0,0.0
2009-04-02 00:00:00-04:00,10.669062421458465,11.073063730867378,10.46990637252861,10.92512035369873,15200,0.0,0.0,0.0
2009-04-03 00:00:00-04:00,10.94788046567501,11.755884170532227,10.657681837312929,11.755884170532227,16100,0.0,0.0,0.0
2009-04-06 00:00:00-04:00,11.590873598337431,11.85262082581934,11.277913682719301,11.625014305114746,33100,0.0,0.0,0.0
2009-04-07 00:00:00-04:00,11.36326751055558,11.41447912022064,10.67475755776878,10.703207969665527,62800,0.0,0.0,0.0
2009-04-08 00:00:00-04:00,10.771488817131036,10.99909533315827,10.634924907514696,10.93081283569336,105100,0.0,0.0,0.0
2009-04-09 00:00:00-04:00,11.277909329707718,12.239547729492188,11.169795867109764,12.239547729492188,90100,0.0,0.0,0.0
2009-04-13 00:00:00-04:00,12.23955522923382,12.467161801552683,11.818482799115488,12.25662612915039,132200,0.0,0.0,0.0
2009-04-14 00:00:00-04:00,11.846931596102351,12.0631586242673,11.19256238303945,11.215322494506836,278300,0.0,0.0,0.0
2009-04-15 00:00:00-04:00,11.340507110143582,12.114370449598029,11.169801387156713,12.040397644042969,262900,0.0,0.0,0.0
2009-04-16 00:00:00-04:00,11.966425951678715,12.81426101334974,11.551042784495854,12.450089454650879,258300,0.0,0.0,0.0
2009-04-17 00:00:00-04:00,12.336287076284309,12.689076961111668,11.943665095144754,12.307835578918457,261500,0.0,0.0,0.0
2009-04-20 00:00:00-04:00,11.807098791559087,11.886760797551235,11.090137481689453,11.090137481689453,125700,0.0,0.0,0.0
2009-04-21 00:00:00-04:00,10.782866861265154,12.159887313842775,10.782866861265154,12.159887313842773,432000,0.0,0.0,0.0
2009-04-22 00:00:00-04:00,11.659154097457336,12.347664989566084,11.659154097457336,11.69898509979248,457800,0.0,0.0,0.0
2009-04-23 00:00:00-04:00,11.676219847704308,12.24523639678955,11.551035512305274,12.24523639678955,597200,0.0,0.0,0.0
2009-04-24 00:00:00-04:00,12.080224124063387,13.09307422765785,12.080224124063387,12.711833000183105,365100,0.0,0.0,0.0
2009-04-27 00:00:00-04:00,12.245242577717066,12.586652896561597,11.727437343506361,12.085917472839355,268400,0.0,0.0,0.0
2009-04-28 00:00:00-04:00,11.852618055856192,12.48422695285342,11.852618055856192,12.182647705078125,320400,0.0,0.0,0.0
2009-04-29 00:00:00-04:00,12.421634465282986,12.831326096845114,12.267999696454732,12.677692413330078,209400,0.0,0.0,0.0
2009-04-30 00:00:00-04:00,13.138596864061162,13.138596864061162,12.353353140106151,12.421635627746582,182900,0.0,0.0,0.0
2009-05-01 00:00:00-04:00,12.205407388591244,12.427323531372247,11.95503976256068,12.023321151733398,184600,0.0,0.0,0.0
2009-05-04 00:00:00-04:00,12.387493779399431,13.047553062438965,12.097295133100689,13.047553062438965,215200,0.0,0.0,0.0
2009-05-05 00:00:00-04:00,13.14998281560247,13.14998281560247,12.353358171686255,12.484232902526855,86400,0.0,0.0,0.0
2009-05-06 00:00:00-04:00,12.706145169116708,12.86547026468884,12.23955156425033,12.740285873413086,100100,0.0,0.0,0.0
2009-05-07 00:00:00-04:00,13.149976369586362,13.149976369586362,11.915210079165572,12.142816543579102,63200,0.0,0.0,0.0
2009-05-08 00:00:00-04:00,12.615097858928031,13.070310697351873,12.290758575886917,13.03617000579834,102300,0.0,0.0,0.0
2009-05-11 00:00:00-04:00,12.575275532920635,12.831332523910477,12.46716200233536,12.484232902526855,104400,0.0,0.0,0.0
2009-05-12 00:00:00-04:00,12.347667322996497,12.74028820762235,12.074538382643945,12.450089454650879,44900,0.0,0.0,0.0
2009-05-13 00:00:00-04:00,12.14850880754212,12.245241706241847,11.733126807078229,11.790027618408203,60300,0.0,0.0,0.0
2009-05-14 00:00:00-04:00,11.676227126459727,12.37042735838333,11.676227126459727,12.262313842773438,2400,0.0,0.0,0.0
2009-05-15 00:00:00-04:00,12.142818509346442,12.182649511402786,11.642083121260773,11.790027618408203,60200,0.0,0.0,0.0
2009-05-18 00:00:00-04:00,11.972117779925759,12.842713064708603,11.937975979700495,12.780120849609375,160400,0.0,0.0,0.0
2009-05-19 00:00:00-04:00,12.592341228587259,12.774427515124453,11.949352726101598,12.49560832977295,156300,0.0,0.0,0.0
2009-05-20 00:00:00-04:00,12.694768373871545,12.876853631726636,12.23955522923382,12.25662612915039,217100,0.0,0.0,0.0
2009-05-21 00:00:00-04:00,12.03470232154212,12.52974730066791,12.00625192224279,12.387493133544922,171900,0.0,0.0,0.0
2009-05-22 00:00:00-04:00,12.376119549697528,12.444402066130474,12.131442070007326,12.131442070007324,51900,0.0,0.0,0.0
2009-05-26 00:00:00-04:00,12.285074899335072,12.928063515735776,12.034707160639279,12.893922805786133,51900,0.0,0.0,0.0
2009-05-27 00:00:00-04:00,12.81995257524656,12.842712689417882,12.376118953111684,12.438711166381836,29300,0.0,0.0,0.0
2009-05-28 00:00:00-04:00,12.620790416187335,12.711833000183105,12.273689886382703,12.711833000183105,89600,0.0,0.0,0.0
2009-05-29 00:00:00-04:00,12.711834712376,13.064624501549561,12.512678626067903,13.041864395141602,75700,0.0,0.0,0.0
2009-06-01 00:00:00-04:00,13.292229971201738,13.78727387424803,13.195497092341297,13.51983642578125,82200,0.0,0.0,0.0
2009-06-02 00:00:00-04:00,13.40603450645386,13.417415102082153,13.195498913897138,13.258090019226074,45100,0.0,0.0,0.0
2009-06-03 00:00:00-04:00,13.087384568884017,13.371892929077148,13.087384568884017,13.371892929077148,61100,0.0,0.0,0.0
2009-06-04 00:00:00-04:00,13.423105412285373,13.792966088039543,13.309301626524089,13.684852600097656,98200,0.0,0.0,0.0
2009-06-05 00:00:00-04:00,13.849865943842769,13.855556240825221,13.44017432892475,13.553977012634277,180300,0.0,0.0,0.0
2009-06-08 00:00:00-04:00,13.440177123459362,13.639332132688425,13.309302436277319,13.480008125305176,52200,0.0,0.0,0.0
2009-06-09 00:00:00-04:00,13.411722797059946,13.553976965183727,13.411722797059946,13.497075080871582,6300,0.0,0.0,0.0
2009-06-10 00:00:00-04:00,13.51414644589988,13.51414644589988,12.956510347765288,13.22963809967041,35500,0.0,0.0,0.0
2009-06-11 00:00:00-04:00,13.246711955412543,13.32637396288277,12.905301646476149,12.916682243347168,28700,0.0,0.0,0.0
2009-06-12 00:00:00-04:00,12.899607638510671,13.360510826110838,12.871157239828035,13.36051082611084,22300,0.0,0.0,0.0
2009-06-15 00:00:00-04:00,13.155670073503762,13.155670073503762,12.62079392964159,12.706146240234375,24700,0.0,0.0,0.0
2009-06-16 00:00:00-04:00,12.83132051823236,12.905293264535501,12.41593877005017,12.62647533416748,27100,0.0,0.0,0.0
2009-06-17 00:00:00-04:00,12.609415263663314,12.683388073404837,12.370428106207214,12.427330017089844,29800,0.0,0.0,0.0
2009-06-18 00:00:00-04:00,12.461468910258622,12.683386221772059,12.398877794207646,12.615103721618652,36700,0.0,0.0,0.0
2009-06-19 00:00:00-04:00,12.745978177301483,12.745978177301483,12.46146973099871,12.649245262145996,14900,0.0,0.0,0.0
2009-06-22 00:00:00-04:00,12.478541930723777,12.478541930723777,12.09730052947998,12.09730052947998,13200,0.0,0.0,0.0
2009-06-23 00:00:00-04:00,12.38010659452887,12.38010659452887,12.079982544769356,12.09152603149414,56000,0.3,0.0,0.0
2009-06-24 00:00:00-04:00,12.253131332361171,12.455137961329442,12.23581720186372,12.281990051269531,14900,0.0,0.0,0.0
2009-06-25 00:00:00-04:00,12.149235044003994,12.449358940124512,12.149235044003994,12.449358940124512,12800,0.0,0.0,0.0
2009-06-26 00:00:00-04:00,12.432050612734882,12.570569144525424,12.328161438680116,12.564797401428223,12800,0.0,0.0,0.0
2009-06-29 00:00:00-04:00,12.634054945606104,12.634054945606104,12.408962489920553,12.576339721679688,23800,0.0,0.0,0.0
2009-06-30 00:00:00-04:00,12.709087224340225,12.73217309506059,12.54170998301614,12.657142639160156,12500,0.0,0.0,0.0
2009-07-01 00:00:00-04:00,12.726399729906769,12.88800520773871,12.72062908859782,12.830288887023926,13400,0.0,0.0,0.0
2009-07-02 00:00:00-04:00,12.67445455798248,12.67445455798248,12.241583824157715,12.241583824157715,16800,0.0,0.0,0.0
2009-07-06 00:00:00-04:00,12.14923986519949,12.628283500671388,12.07420941181841,12.628283500671387,25200,0.0,0.0,0.0
2009-07-07 00:00:00-04:00,12.6051993406919,12.6051993406919,12.137699127197266,12.137699127197266,18100,0.0,0.0,0.0
2009-07-08 00:00:00-04:00,12.235811320808418,12.235811320808418,11.837569998065398,12.108835220336914,17400,0.0,0.0,0.0
2009-07-09 00:00:00-04:00,12.172322381180388,12.189637602937799,11.843340873718262,11.843340873718262,24600,0.0,0.0,0.0
2009-07-10 00:00:00-04:00,11.73368745673837,11.93569410215484,11.670199370818082,11.849120140075684,12700,0.0,0.0,0.0
2009-07-13 00:00:00-04:00,11.918372504478448,12.339699702211856,11.814483365125648,12.333929061889648,10700,0.0,0.0,0.0
2009-07-14 00:00:00-04:00,12.235814902964297,12.489764976559632,12.120382250713794,12.432049751281738,25700,0.0,0.0,0.0
2009-07-15 00:00:00-04:00,12.82451571829597,12.916861380828387,12.755257021820224,12.795658111572266,8100,0.0,0.0,0.0
2009-07-16 00:00:00-04:00,12.622515592794482,12.939953804016113,12.553255766262849,12.939953804016113,11100,0.0,0.0,0.0
2009-07-17 00:00:00-04:00,12.893775195712607,12.893775195712607,12.553250160755383,12.622509956359863,30400,0.0,0.0,0.0
2009-07-20 00:00:00-04:00,12.691775279972813,13.049615725941344,12.691775279972813,12.997671127319336,23900,0.0,0.0,0.0
2009-07-21 00:00:00-04:00,13.12464685382873,13.12464685382873,12.720634634383487,12.963041305541992,34100,0.0,0.0,0.0
2009-07-22 00:00:00-04:00,12.905316935548287,13.08423649049611,12.859144111663463,12.934174537658691,28300,0.0,0.0,0.0
2009-07-23 00:00:00-04:00,13.020750321484071,13.476707986303799,13.020750321484071,13.37859058380127,11400,0.0,0.0,0.0
2009-07-24 00:00:00-04:00,13.31511080791885,13.470944620700333,13.176592230173465,13.45940113067627,36000,0.0,0.0,0.0
2009-07-27 00:00:00-04:00,13.459398652578548,13.580603073819898,13.31510835638736,13.557516098022461,21600,0.0,0.0,0.0
2009-07-28 00:00:00-04:00,13.586367875240414,13.724886356700374,13.465163515933554,13.701799392700195,10500,0.0,0.0,0.0
2009-07-29 00:00:00-04:00,13.632546351750271,13.632546351750271,13.44208322320862,13.51711368560791,3800,0.0,0.0,0.0
2009-07-30 00:00:00-04:00,13.97307081340589,14.215478538710396,13.97307081340589,14.048102378845215,17400,0.0,0.0,0.0
2009-07-31 00:00:00-04:00,14.013468207160509,14.094270387571456,13.938436667481362,13.990381240844727,12000,0.0,0.0,0.0
2009-08-03 00:00:00-04:00,14.105812074202063,14.175070762634277,14.03078054407899,14.175070762634277,9000,0.0,0.0,0.0
2009-08-04 00:00:00-04:00,14.15198941933157,14.91384184045412,14.15198941933157,14.873440742492676,16800,0.0,0.0,0.0
2009-08-05 00:00:00-04:00,14.879215365296497,15.514091771891154,14.815727284298005,15.491005897521973,24000,0.0,0.0,0.0
2009-08-06 00:00:00-04:00,15.848839521841237,15.900784096599555,15.329394875105242,15.352481842041016,28900,0.0,0.0,0.0
2009-08-07 00:00:00-04:00,15.606436433199619,16.368288897386762,15.387114602086704,16.12588119506836,33700,0.0,0.0,0.0
2009-08-10 00:00:00-04:00,15.958503729310584,16.050849414549006,15.589120988356898,15.71032428741455,98500,0.0,0.0,0.0
2009-08-11 00:00:00-04:00,15.473685115912307,15.473685115912307,15.16201876820958,15.352481842041016,22900,0.0,0.0,0.0
2009-08-12 00:00:00-04:00,15.571801824929635,15.59488879082941,15.306308322164973,15.398653984069824,14700,0.0,0.0,0.0
2009-08-13 00:00:00-04:00,15.444833979167745,15.525636195603125,15.219741461470537,15.306315422058105,11300,0.0,0.0,0.0
2009-08-14 00:00:00-04:00,15.312078936412435,15.312078936412435,14.931152833885742,15.225503921508789,28300,0.0,0.0,0.0
2009-08-17 00:00:00-04:00,14.87343669231113,14.87343669231113,14.573312759399412,14.573312759399414,209100,0.0,0.0,0.0
2009-08-18 00:00:00-04:00,14.648348633579351,14.798410655778273,14.5386888141954,14.717608451843262,11200,0.0,0.0,0.0
2009-08-19 00:00:00-04:00,14.550232214707645,14.659893142587627,14.46943000513689,14.654121398925781,9600,0.0,0.0,0.0
2009-08-20 00:00:00-04:00,14.596406091761311,15.173567244918862,14.521374525376208,15.150480270385742,17700,0.0,0.0,0.0
2009-08-21 00:00:00-04:00,15.352484681024034,15.721867413525313,15.2774531254551,15.421743392944336,13700,0.0,0.0,0.0
2009-08-24 00:00:00-04:00,15.571797863136322,15.641057642367375,15.364020727136852,15.40442180633545,89200,0.0,0.0,0.0
2009-08-25 00:00:00-04:00,15.54295155538044,15.641069005076123,15.433290617285822,15.485235214233398,13800,0.0,0.0,0.0
2009-08-26 00:00:00-04:00,15.45060827290956,15.525638757573944,15.352490807826712,15.50832462310791,6500,0.0,0.0,0.0
2009-08-27 00:00:00-04:00,15.531404659871033,15.71032428741455,15.219738247403212,15.71032428741455,15800,0.0,0.0,0.0
2009-08-28 00:00:00-04:00,15.744954320821767,15.744954320821767,15.525632498653824,15.733410835266113,4600,0.0,0.0,0.0
2009-08-31 00:00:00-04:00,15.600660687220685,15.646833518631611,15.433283485326617,15.519857406616211,9300,0.0,0.0,0.0
2009-09-01 00:00:00-04:00,15.392885869679603,15.43328696867695,14.786867183024631,14.792637825012207,28100,0.0,0.0,0.0
2009-09-02 00:00:00-04:00,14.717609478358542,14.73492470934408,14.556003958369491,14.654121398925781,24000,0.0,0.0,0.0
2009-09-03 00:00:00-04:00,14.665662785185205,14.792637825012209,14.480971417855972,14.792637825012207,8200,0.0,0.0,0.0
2009-09-04 00:00:00-04:00,14.68297994119315,14.85612784558239,14.677208197600503,14.850356101989746,11400,0.0,0.0,0.0
2009-09-08 00:00:00-04:00,15.006191541563789,15.294772148132324,15.006191541563789,15.294772148132324,7500,0.0,0.0,0.0
2009-09-09 00:00:00-04:00,15.439064519297657,15.62375595610314,15.392891660096288,15.589126586914062,9700,0.0,0.0,0.0
2009-09-10 00:00:00-04:00,15.589117361061371,15.7622652053833,15.387110808787687,15.7622652053833,13100,0.0,0.0,0.0
2009-09-11 00:00:00-04:00,15.808441139967648,15.808441139967648,15.577576935277847,15.681466102600098,2800,0.0,0.0,0.0
2009-09-14 00:00:00-04:00,15.542948667881369,16.114338027306907,15.531405181626928,16.108566284179688,16800,0.0,0.0,0.0
2009-09-15 00:00:00-04:00,16.068165860555126,16.501036705719116,15.99313429758544,16.31057357788086,13500,0.0,0.0,0.0
2009-09-16 00:00:00-04:00,16.414463537123105,16.939680099487305,16.391376562543453,16.939680099487305,27300,0.0,0.0,0.0
2009-09-17 00:00:00-04:00,16.968533588451358,17.361003254038014,16.691496565983343,16.835786819458008,20200,0.0,0.0,0.0
2009-09-18 00:00:00-04:00,16.94544462817845,17.00893157954624,16.633777209138685,16.91658592224121,13200,0.0,0.0,0.0
2009-09-21 00:00:00-04:00,16.720355987548828,16.881961485251168,16.662640760584857,16.720355987548828,26800,0.0,0.0,0.0
2009-09-22 00:00:00-04:00,16.956995134169382,17.19363223284442,16.939681003158533,17.1878604888916,19600,0.0,0.0,0.0
2009-09-23 00:00:00-04:00,17.23972349825747,17.23972349825747,16.633594512939453,16.633594512939453,38500,0.289,0.0,0.0
2009-09-24 00:00:00-04:00,16.6335978527338,16.65108165143353,16.10906165903761,16.248937606811523,50800,0.0,0.0,0.0
2009-09-25 00:00:00-04:00,16.208140835547955,16.429611923212416,16.068264885692354,16.24311065673828,44900,0.0,0.0,0.0
2009-09-28 00:00:00-04:00,16.353848916790188,16.855072021484375,16.295566979466482,16.855072021484375,20500,0.0,0.0,0.0
2009-09-29 00:00:00-04:00,16.860899547048373,16.90169656779863,16.54034946240196,16.575319290161133,31100,0.0,0.0,0.0
2009-09-30 00:00:00-04:00,16.534521288186024,16.674397256015578,16.26059654517219,16.487895965576172,38700,0.0,0.0,0.0
2009-10-01 00:00:00-04:00,16.39463991232466,16.39463991232466,15.794339179992678,15.794339179992676,21400,0.0,0.0,0.0
2009-10-02 00:00:00-04:00,15.613670289421009,16.091580122749555,15.508763035932231,15.718576431274414,30900,0.0,0.0,0.0
2009-10-05 00:00:00-04:00,16.097411752203588,16.144037084314803,15.928394228528191,16.044958114624023,61300,0.0,0.0,0.0
2009-10-06 00:00:00-04:00,16.231456583470294,16.313050622381077,15.835140774528652,15.986673355102539,36300,0.0,0.0,0.0
2009-10-07 00:00:00-04:00,15.858455128807574,16.03912925720215,15.858455128807574,16.03912925720215,43900,0.0,0.0,0.0
2009-10-08 00:00:00-04:00,16.213970308205727,16.43544141183961,16.16151668427325,16.28390884399414,86500,0.0,0.0,0.0
2009-10-09 00:00:00-04:00,16.248941517759533,16.487897569977108,16.213972800308262,16.464584350585938,38700,0.0,0.0,0.0
2009-10-12 00:00:00-04:00,16.592801550864316,16.6335996794597,16.47041049998419,16.482067108154297,21600,0.0,0.0,0.0
2009-10-13 00:00:00-04:00,16.283912465670145,16.394646930480025,16.283912465670145,16.330537796020508,9000,0.0,0.0,0.0
2009-10-14 00:00:00-04:00,16.651079355740908,16.866722106933594,16.598625743603094,16.866722106933594,22300,0.0,0.0,0.0
2009-10-15 00:00:00-04:00,16.744335478670532,16.802617412607304,16.6977101538482,16.767648696899414,19400,0.0,0.0,0.0
2009-10-16 00:00:00-04:00,16.56948714980466,16.575315453081977,16.429611206054688,16.429611206054688,12900,0.0,0.0,0.0
2009-10-19 00:00:00-04:00,16.62194277197746,16.82592896473982,16.62194277197746,16.75016212463379,18900,0.0,0.0,0.0
2009-10-20 00:00:00-04:00,16.598623382284742,16.598623382284742,16.371325169779677,16.406293869018555,5200,0.0,0.0,0.0
2009-10-21 00:00:00-04:00,16.61028949604588,16.668571435902972,16.16152000427246,16.16152000427246,69700,0.0,0.0,0.0
2009-10-22 00:00:00-04:00,15.992492814542395,16.546168090641707,15.94003921521454,16.50537109375,4900,0.0,0.0,0.0
2009-10-23 00:00:00-04:00,16.48206133286503,16.57531194228035,16.31887221057074,16.33635711669922,38600,0.0,0.0,0.0
2009-10-26 00:00:00-04:00,16.382987422474315,16.71519295887977,16.365502511008398,16.377159118652344,65800,0.0,0.0,0.0
2009-10-27 00:00:00-04:00,16.37716432651934,16.435446271637186,16.225631713867188,16.225631713867188,28600,0.0,0.0,0.0
2009-10-28 00:00:00-04:00,16.34801826504994,16.34801826504994,15.712747573852539,15.712747573852539,89600,0.0,0.0,0.0
2009-10-29 00:00:00-04:00,15.811825152983058,16.29556323173715,15.811825152983058,16.27225112915039,4000,0.0,0.0,0.0
2009-10-30 00:00:00-04:00,16.097411914123896,16.26060002233681,15.718579836319648,16.1440372467041,9900,0.0,0.0,0.0
2009-11-02 00:00:00-05:00,16.062438164127382,16.28973757770996,15.7010922026541,16.074094772338867,43300,0.0,0.0,0.0
2009-11-03 00:00:00-05:00,15.945879305329319,16.1440372467041,15.945879305329319,16.1440372467041,1500,0.0,0.0,0.0
2009-11-04 00:00:00-05:00,16.429604524286447,16.429604524286447,16.02163235387448,16.033288955688477,3600,0.0,0.0,0.0
2009-11-05 00:00:00-05:00,16.09158401824109,16.23146001954254,16.004160544746494,16.225631713867188,13400,0.0,0.0,0.0
2009-11-06 00:00:00-05:00,16.068264740378996,16.161515372772755,15.864278565154446,16.027467727661133,8700,0.0,0.0,0.0
2009-11-09 00:00:00-05:00,16.179000953836653,16.645254135131836,16.179000953836653,16.645254135131836,6000,0.0,0.0,0.0
2009-11-10 00:00:00-05:00,16.49372016515711,16.662737623718858,16.41212614330533,16.62194061279297,1600,0.0,0.0,0.0
2009-11-11 00:00:00-05:00,16.91918097319532,16.989118403340903,16.703538155036387,16.744335174560547,5000,0.0,0.0,0.0
2009-11-12 00:00:00-05:00,16.872551106184776,16.977457223156552,16.680221557617188,16.680221557617188,1700,0.0,0.0,0.0
2009-11-13 00:00:00-05:00,16.80261993408203,16.855073571333005,16.76765121312658,16.80261993408203,1300,0.0,0.0,0.0
2009-11-16 00:00:00-05:00,16.802616663160798,17.42040246741048,16.23145618165382,17.24555778503418,166200,0.0,0.0,0.0
2009-11-17 00:00:00-05:00,17.216415329049187,17.391259990645572,17.0299129486084,17.0299129486084,16400,0.0,0.0,0.0
2009-11-18 00:00:00-05:00,17.07653641341514,17.332976186022822,17.07653641341514,17.321319580078125,8700,0.0,0.0,0.0
2009-11-19 00:00:00-05:00,17.13481620552482,17.13481620552482,16.942486677840865,16.971628189086914,35100,0.0,0.0,0.0
2009-11-20 00:00:00-05:00,16.83175336053067,17.035739519401243,16.83175336053067,16.983285903930664,11900,0.0,0.0,0.0
2009-11-23 00:00:00-05:00,17.25721476672397,17.414574539610552,17.152307510375977,17.152307510375977,19800,0.0,0.0,0.0
2009-11-24 00:00:00-05:00,17.123161595431476,17.123161595431476,16.95414525705833,17.000770568847656,8100,0.0,0.0,0.0
2009-11-25 00:00:00-05:00,17.123161420195874,17.123161420195874,17.047395706176758,17.047395706176758,1000,0.0,0.0,0.0
2009-11-27 00:00:00-05:00,16.266426750691696,16.808446884155273,16.050785025279943,16.808446884155273,10900,0.0,0.0,0.0
2009-11-30 00:00:00-05:00,16.831757436908738,17.152307510375977,16.721022987772887,17.152307510375977,11500,0.0,0.0,0.0
2009-12-01 00:00:00-05:00,17.024084686524834,17.519479377769834,17.024084686524834,17.467025756835938,65200,0.0,0.0,0.0
2009-12-02 00:00:00-05:00,17.4903425849474,17.694328807209278,17.4903425849474,17.659358978271484,2800,0.0,0.0,0.0
2009-12-03 00:00:00-05:00,18.189714655957964,18.189714655957964,17.554445266723633,17.554445266723633,9500,0.0,0.0,0.0
2009-12-04 00:00:00-05:00,17.857515023394498,17.99739098957359,17.682670343579474,17.99156379699707,38100,0.0,0.0,0.0
2009-12-07 00:00:00-05:00,17.956588121610274,17.956588121610274,17.554445266723633,17.554445266723633,4700,0.0,0.0,0.0
2009-12-08 00:00:00-05:00,17.68266941504207,17.68266941504207,17.49616813659668,17.49616813659668,600,0.0,0.0,0.0
2009-12-09 00:00:00-05:00,17.542791258305698,17.61855697631836,17.449540630766194,17.61855697631836,5200,0.0,0.0,0.0
2009-12-10 00:00:00-05:00,17.54279008475909,17.56027388148117,17.280522017577,17.31549072265625,3600,0.0,0.0,0.0
2009-12-11 00:00:00-05:00,17.432056801556854,17.48451042175293,17.402916395508026,17.48451042175293,4200,0.0,0.0,0.0
2009-12-14 00:00:00-05:00,17.624385502756205,17.863340377807617,17.47868125642558,17.863340377807617,4100,0.0,0.0,0.0
2009-12-15 00:00:00-05:00,17.816714971909857,17.816714971909857,17.688495635986328,17.688495635986328,1400,0.0,0.0,0.0
2009-12-16 00:00:00-05:00,17.764266165672584,17.840033016410906,17.764266165672584,17.775922775268555,5700,0.0,0.0,0.0
2009-12-17 00:00:00-05:00,17.676836326819313,17.758430336146553,17.624382717498943,17.700149536132812,13100,0.0,0.0,0.0
2009-12-18 00:00:00-05:00,17.775915243131678,17.775915243131678,17.560272503521826,17.700149536132812,2700,0.0,0.0,0.0
2009-12-21 00:00:00-05:00,17.857513744349795,18.038187827071283,17.857513744349795,18.026531219482422,13800,0.0,0.0,0.0
2009-12-22 00:00:00-05:00,18.17223966374737,18.23052160347629,18.166411358610922,18.224693298339844,800,0.0,0.0,0.0
2009-12-23 00:00:00-05:00,18.294621505196478,18.516092542084458,18.294621505196478,18.498607635498047,11200,0.0,0.0,0.0
2009-12-24 00:00:00-05:00,18.54743351004592,18.635670360367364,18.54743351004592,18.553316116333008,5800,0.293,0.0,0.0
2009-12-28 00:00:00-05:00,18.776856504601344,18.906270524905057,18.688619621576407,18.75920867919922,20700,0.0,0.0,0.0
2009-12-29 00:00:00-05:00,18.782735825054584,18.782735825054584,18.459199147942783,18.523906707763672,3000,0.0,0.0,0.0
2009-12-30 00:00:00-05:00,18.43566697724076,18.494491920488908,18.347430123364774,18.488609313964844,6200,0.0,0.0,0.0
2009-12-31 00:00:00-05:00,18.58272934100918,18.659200984168894,18.176838454411822,18.200368881225586,18700,0.0,0.0,0.0
2010-01-04 00:00:00-05:00,18.27684182608049,18.341549382434366,17.953306288296265,17.9709529876709,18500,0.0,0.0,0.0
2010-01-05 00:00:00-05:00,18.023895329779965,18.023895329779965,17.91212916043201,17.9709529876709,3100,0.0,0.0,0.0
2010-01-06 00:00:00-05:00,18.106247404005174,18.112130010054294,17.99448013305664,17.99448013305664,6300,0.0,0.0,0.0
2010-01-07 00:00:00-05:00,17.94153923898774,18.17683788985466,17.76506553133567,18.10624885559082,22500,0.0,0.0,0.0
2010-01-08 00:00:00-05:00,18.018010526003692,18.03565834521939,17.88271394466071,17.923891067504883,4000,0.0,0.0,0.0
2010-01-11 00:00:00-05:00,18.0415394604032,18.123893699284565,18.006244946881523,18.05330467224121,8100,0.0,0.0,0.0
2010-01-12 00:00:00-05:00,17.747428026963053,17.829782322134456,17.729780197143555,17.729780197143555,6600,0.0,0.0,0.0
2010-01-13 00:00:00-05:00,17.794473786894365,18.176834156263897,17.794473786894365,18.123891830444336,7500,0.0,0.0,0.0
2010-01-14 00:00:00-05:00,18.135660766202008,18.14154337272274,18.00624678872332,18.10624885559082,8600,0.0,0.0,0.0
2010-01-15 00:00:00-05:00,17.953303012705177,18.012127951204004,17.953303012705177,17.99448013305664,6900,0.0,0.0,0.0
2010-01-19 00:00:00-05:00,18.141544457363665,18.418020248413086,18.141544457363665,18.418020248413086,13200,0.0,0.0,0.0
2010-01-20 00:00:00-05:00,18.206252175635335,18.218016267494075,18.03565994076928,18.1886043548584,9500,0.0,0.0,0.0
2010-01-21 00:00:00-05:00,17.94154020768556,17.970952119884753,17.741536063151955,17.759183883666992,5700,0.0,0.0,0.0
2010-01-22 00:00:00-05:00,17.74153888813476,17.74153888813476,17.282705579616675,17.32976531982422,18200,0.0,0.0,0.0
2010-01-25 00:00:00-05:00,17.518004911950392,17.6121243897291,17.19446822534249,17.441532135009766,20000,0.0,0.0,0.0
2010-01-26 00:00:00-05:00,17.347416530780354,17.51212621466788,17.276827467680647,17.318004608154297,10400,0.0,0.0,0.0
2010-01-27 00:00:00-05:00,17.38858499764436,17.53564678140453,17.10034403611352,17.52976417541504,11900,0.0,0.0,0.0
2010-01-28 00:00:00-05:00,17.700361259897555,17.700361259897555,17.323883348782722,17.441532135009766,11400,0.0,0.0,0.0
2010-01-29 00:00:00-05:00,17.50035915692729,17.665068823498135,17.25329521806743,17.335649490356445,7700,0.0,0.0,0.0
2010-02-01 00:00:00-05:00,17.429769274361256,17.588596335315888,17.429769274361256,17.518007278442383,13200,0.0,0.0,0.0
2010-02-02 00:00:00-05:00,17.588595961369275,17.912132684804835,17.447416728631012,17.853307723999023,19800,0.0,0.0,0.0
2010-02-03 00:00:00-05:00,17.647423566942386,17.647423566942386,17.518009531368946,17.58271598815918,3200,0.0,0.0,0.0
2010-02-04 00:00:00-05:00,17.294474323152055,17.294474323152055,17.000350606356978,17.00623321533203,5900,0.0,0.0,0.0
2010-02-05 00:00:00-05:00,17.0532952127865,17.25329945632742,16.853290969245588,17.206239700317383,3200,0.0,0.0,0.0
2010-02-08 00:00:00-05:00,17.259176679116838,17.259176679116838,16.870933532714844,16.870933532714844,9800,0.0,0.0,0.0
2010-02-09 00:00:00-05:00,17.117987575139054,17.117987575139054,16.682684938659616,16.841510772705078,77000,0.0,0.0,0.0
2010-02-10 00:00:00-05:00,16.776813364934238,17.065054409007296,16.617986323712543,16.88269805908203,10100,0.0,0.0,0.0
2010-02-11 00:00:00-05:00,16.85328328808763,17.129760210381676,16.85328328808763,17.106229782104492,10600,0.0,0.0,0.0
2010-02-12 00:00:00-05:00,16.953283133941138,17.12975795682563,16.947400527645748,17.112110137939453,2500,0.0,0.0,0.0
2010-02-16 00:00:00-05:00,17.412124303768387,17.712130630315603,17.37682977181958,17.694482803344727,20100,0.0,0.0,0.0
2010-02-17 00:00:00-05:00,17.794482763193212,17.906250076524973,17.776834938353627,17.853307723999023,14300,0.0,0.0,0.0
2010-02-18 00:00:00-05:00,17.800365485673527,18.035664208413557,17.718011213212723,18.00625228881836,7100,0.0,0.0,0.0
2010-02-19 00:00:00-05:00,18.000366576954075,18.094486049822407,17.970953540437332,18.065073013305664,5900,0.0,0.0,0.0
2010-02-22 00:00:00-05:00,18.065070609945696,18.194485709416856,18.047423912375972,18.10624885559082,11200,0.0,0.0,0.0
2010-02-23 00:00:00-05:00,18.04154183420035,18.106249385830886,17.941539764404297,17.941539764404297,7700,0.0,0.0,0.0
2010-02-24 00:00:00-05:00,18.106245136499307,18.123891830444336,18.065066899312352,18.123891830444336,2400,0.0,0.0,0.0
2010-02-25 00:00:00-05:00,17.86506412223238,18.153305053710938,17.86506412223238,18.153305053710938,4300,0.0,0.0,0.0
2010-02-26 00:00:00-05:00,18.147425918589658,18.300370321640088,18.10624879507463,18.159191131591797,10700,0.0,0.0,0.0
2010-03-01 00:00:00-05:00,18.235672600994942,18.359204038122424,18.235672600994942,18.2768497467041,3400,0.0,0.0,0.0
2010-03-02 00:00:00-05:00,18.365078290624325,18.365078290624325,18.247429516705566,18.288606643676758,1800,0.0,0.0,0.0
2010-03-03 00:00:00-05:00,18.31213846133706,18.335668892543758,18.259197235107422,18.259197235107422,1900,0.0,0.0,0.0
2010-03-04 00:00:00-05:00,18.235663645568078,18.370960235595703,18.235663645568078,18.370960235595703,1200,0.0,0.0,0.0
2010-03-05 00:00:00-05:00,18.49449599149117,18.79450225830078,18.49449599149117,18.79450225830078,3600,0.0,0.0,0.0
2010-03-08 00:00:00-05:00,18.8062668207139,19.023918827469018,18.770972294913225,18.941564559936523,7400,0.0,0.0,0.0
2010-03-09 00:00:00-05:00,18.988619915239944,19.22391970544012,18.982738430278236,19.035680770874023,4300,0.0,0.0,0.0
2010-03-10 00:00:00-05:00,19.12980201522316,19.14156723022461,19.029798809703482,19.14156723022461,2800,0.0,0.0,0.0
2010-03-11 00:00:00-05:00,18.98273968860925,19.18862533569336,18.98273968860925,19.18862533569336,3800,0.0,0.0,0.0
2010-03-12 00:00:00-05:00,19.23569358230732,19.376871724820123,19.23569358230732,19.276870727539062,2300,0.0,0.0,0.0
2010-03-15 00:00:00-04:00,19.294511868208804,19.294511868208804,19.165098982236568,19.24156951904297,9200,0.0,0.0,0.0
2010-03-16 00:00:00-04:00,19.42391748694081,19.7415714263916,19.365091436680828,19.7415714263916,11600,0.0,0.0,0.0
2010-03-17 00:00:00-04:00,19.812171105781196,20.01217529634018,19.78275918681367,20.000410079956055,10400,0.0,0.0,0.0
2010-03-18 00:00:00-04:00,19.97099256899943,19.982757782089234,19.894519805908203,19.894519805908203,5000,0.0,0.0,0.0
2010-03-19 00:00:00-04:00,19.806276321411133,19.96510328797471,19.723922096670982,19.806276321411133,5100,0.0,0.0,0.0
2010-03-22 00:00:00-04:00,19.665112503035765,19.976882934570312,19.665112503035765,19.976882934570312,12200,0.0,0.0,0.0
2010-03-23 00:00:00-04:00,19.912175355802173,19.976882934570312,19.747466787291234,19.976882934570312,47500,0.0,0.0,0.0
2010-03-24 00:00:00-04:00,19.87099373354957,20.11805877459851,19.87099373354957,19.988643646240234,9600,0.0,0.0,0.0
2010-03-25 00:00:00-04:00,20.102699452703554,20.286856202381287,20.078936852849733,20.156164169311523,9500,0.332,0.0,0.0
2010-03-26 00:00:00-04:00,20.00765753584041,20.031420143077327,19.811619425326263,19.84726333618164,4600,0.0,0.0,0.0
2010-03-29 00:00:00-04:00,19.954188335612002,19.954188335612002,19.752210751567457,19.811614990234375,3200,0.0,0.0,0.0
2010-03-30 00:00:00-04:00,19.85319670573719,19.92448450536776,19.787852955265212,19.85913848876953,15100,0.0,0.0,0.0
2010-03-31 00:00:00-04:00,19.775977073040085,19.865083447799993,19.746274948120117,19.746274948120117,15600,0.0,0.0,0.0
2010-04-01 00:00:00-04:00,19.80567325069495,19.80567325069495,19.579933090060273,19.69874382019043,17600,0.0,0.0,0.0
2010-04-05 00:00:00-04:00,19.73439237318965,20.144287109375,19.73439237318965,20.144287109375,18100,0.0,0.0,0.0
2010-04-06 00:00:00-04:00,20.096761702661503,20.613585831225645,20.096761702661503,20.572002410888672,7000,0.0,0.0,0.0
2010-04-07 00:00:00-04:00,20.57199898364128,20.57199898364128,20.23932941024102,20.269031524658203,6700,0.0,0.0,0.0
2010-04-08 00:00:00-04:00,20.19775491897101,20.22745704650879,20.19775491897101,20.22745704650879,400,0.0,0.0,0.0
2010-04-09 00:00:00-04:00,20.209630044362044,20.536357879638672,20.209630044362044,20.536357879638672,19800,0.0,0.0,0.0
2010-04-12 00:00:00-04:00,20.55418559909908,20.55418559909908,20.417553995419407,20.441316604614258,4400,0.0,0.0,0.0
2010-04-13 00:00:00-04:00,20.465072725142573,20.86308610538983,20.405666220990906,20.821502685546875,9500,0.0,0.0,0.0
2010-04-14 00:00:00-04:00,20.80961887874144,20.815560661504286,20.75615416450658,20.779916763305664,4600,0.0,0.0,0.0
2010-04-15 00:00:00-04:00,20.64328189487875,20.64328189487875,20.346256256103516,20.346256256103516,1400,0.0,0.0,0.0
2010-04-16 00:00:00-04:00,20.263093798080355,20.310616732120373,19.9126033782959,19.9126033782959,17900,0.0,0.0,0.0
2010-04-19 00:00:00-04:00,19.8472631856535,20.09676602749492,19.8175610598961,19.972013473510742,31200,0.0,0.0,0.0
2010-04-20 00:00:00-04:00,19.960126764685636,20.37596321105957,19.960126764685636,20.37596321105957,15000,0.0,0.0,0.0
2010-04-21 00:00:00-04:00,20.4234875437204,20.768036173576153,20.417545760754518,20.69675064086914,7300,0.0,0.0,0.0
2010-04-22 00:00:00-04:00,20.583884997480357,21.01754231245575,20.560122394053234,21.005661010742188,5400,0.0,0.0,0.0
2010-04-23 00:00:00-04:00,21.088823984205217,21.308622360229492,21.088823984205217,21.308622360229492,7800,0.0,0.0,0.0
2010-04-26 00:00:00-04:00,21.3858493500359,21.605647722729284,21.320503336663943,21.492778778076172,14100,0.0,0.0,0.0
2010-04-27 00:00:00-04:00,21.373967236677736,21.53436137262969,21.106643676757812,21.106643676757812,8000,0.0,0.0,0.0
2010-04-28 00:00:00-04:00,21.148232099051764,21.148232099051764,20.964077587808013,21.005661010742188,30300,0.0,0.0,0.0
2010-04-29 00:00:00-04:00,21.308619396900642,21.997718811035156,21.267035987385047,21.997718811035156,12900,0.0,0.0,0.0
2010-04-30 00:00:00-04:00,21.956138377527495,22.03336569114947,21.427433013916016,21.427433013916016,4000,0.0,0.0,0.0
2010-05-03 00:00:00-04:00,21.665049195369303,22.22345653865365,21.52247590233627,22.128408432006836,71000,0.0,0.0,0.0
2010-05-04 00:00:00-04:00,21.84920677668933,22.015542686891454,21.647229237685703,21.78980255126953,16500,0.0,0.0,0.0
2010-05-05 00:00:00-04:00,21.332389304517967,21.694761082610608,21.332389304517967,21.46308135986328,5000,0.0,0.0,0.0
2010-05-06 00:00:00-04:00,21.219517636454146,21.463078630177243,19.30667132186578,20.607643127441406,24000,0.0,0.0,0.0
2010-05-07 00:00:00-04:00,21.350215010649915,21.979910561459672,20.263101693698975,20.322505950927734,15500,0.0,0.0,0.0
2010-05-10 00:00:00-04:00,20.916549687628848,21.68881607055664,20.916549687628848,21.68881607055664,65400,0.0,0.0,0.0
2010-05-11 00:00:00-04:00,21.97990336309298,21.97990336309298,21.433377123967563,21.706640243530273,15000,0.0,0.0,0.0
2010-05-12 00:00:00-04:00,21.74227970739231,22.06900978088379,21.74227970739231,22.06900978088379,11500,0.0,0.0,0.0
2010-05-13 00:00:00-04:00,22.080891020534082,22.080891020534082,21.706640243530273,21.706640243530273,10600,0.0,0.0,0.0
2010-05-14 00:00:00-04:00,21.540300456277418,21.540300456277418,20.91654700641267,21.1185245513916,16600,0.0,0.0,0.0
2010-05-17 00:00:00-04:00,21.183876037597656,21.3561515135261,20.56012242647483,21.183876037597656,36700,0.0,0.0,0.0
2010-05-18 00:00:00-04:00,21.36802756455317,21.46901520527241,20.649223716201597,20.750213623046875,5600,0.0,0.0,0.0
2010-05-19 00:00:00-04:00,20.554177894027728,20.88684749966752,20.13240193650094,20.447248458862305,17800,0.0,0.0,0.0
2010-05-20 00:00:00-04:00,20.04329795481109,20.126464799524268,19.573996741213534,19.663103103637695,44600,0.0,0.0,0.0
2010-05-21 00:00:00-04:00,19.271028570482347,20.209630966186523,19.08687406797502,20.209630966186523,12000,0.0,0.0,0.0
2010-05-24 00:00:00-04:00,20.334375650064267,20.334375650064267,19.853193283081055,19.853193283081055,4700,0.0,0.0,0.0
2010-05-25 00:00:00-04:00,19.377957941468143,20.037355422973633,19.12845741664254,20.037355422973633,16200,0.0,0.0,0.0
2010-05-26 00:00:00-04:00,20.441310596037777,20.548240039856317,19.960128098854362,20.037355422973633,9100,0.0,0.0,0.0
2010-05-27 00:00:00-04:00,20.655171122566383,21.047245025634766,20.655171122566383,21.047245025634766,3900,0.0,0.0,0.0
2010-05-28 00:00:00-04:00,20.928425443534096,21.148223773388008,20.80367522384342,20.970008850097656,10100,0.0,0.0,0.0
2010-06-01 00:00:00-04:00,20.672986124794743,20.809617660702855,20.399723052978516,20.399723052978516,19700,0.0,0.0,0.0
2010-06-02 00:00:00-04:00,20.43537160312901,20.67299083294935,20.17398750436214,20.667051315307617,12500,0.0,0.0,0.0
2010-06-03 00:00:00-04:00,20.75021646660616,20.75021646660616,20.518536773323987,20.607643127441406,6500,0.0,0.0,0.0
2010-06-04 00:00:00-04:00,20.27497541809218,20.27497541809218,19.502709032212554,19.544292449951172,4300,0.0,0.0,0.0
2010-06-07 00:00:00-04:00,19.31260717303193,19.835372962567554,19.31260717303193,19.419536590576172,41800,0.0,0.0,0.0
2010-06-08 00:00:00-04:00,19.306674128790636,19.591818582449882,19.003707721878936,19.508651733398438,8500,0.0,0.0,0.0
2010-06-09 00:00:00-04:00,19.871017634716754,20.435366856923032,19.853194553677984,19.924482345581055,78300,0.0,0.0,0.0
2010-06-10 00:00:00-04:00,20.417550139758728,20.732398986816406,20.2274538343521,20.732398986816406,9500,0.0,0.0,0.0
2010-06-11 00:00:00-04:00,20.393790084431977,20.84526824951172,20.393790084431977,20.84526824951172,3800,0.0,0.0,0.0
2010-06-14 00:00:00-04:00,21.177934187310402,21.326447043417414,21.02942133120339,21.195755004882812,16800,0.0,0.0,0.0
2010-06-15 00:00:00-04:00,21.237334528723967,21.647229120605893,21.237334528723967,21.61752700805664,36100,0.0,0.0,0.0
2010-06-16 00:00:00-04:00,21.56405811296701,21.623464592659364,21.433368389894817,21.51059341430664,48800,0.0,0.0,0.0
2010-06-17 00:00:00-04:00,21.724456426134694,21.724456426134694,21.52247888822347,21.61752700805664,23500,0.0,0.0,0.0
2010-06-18 00:00:00-04:00,21.730403284743826,21.730403284743826,21.34426893302118,21.40367317199707,12100,0.0,0.0,0.0
2010-06-21 00:00:00-04:00,21.69475829204743,21.69475829204743,21.177934187310402,21.195755004882812,18200,0.0,0.0,0.0
2010-06-22 00:00:00-04:00,21.30268494863879,21.30268494863879,20.58982276916504,20.58982276916504,81100,0.0,0.0,0.0
2010-06-23 00:00:00-04:00,20.76395402916762,20.859695510530557,20.488697555581297,20.75796890258789,15500,0.251,0.0,0.0
2010-06-24 00:00:00-04:00,20.380982892341937,20.626320518268212,20.27327346801758,20.273273468017578,74200,0.0,0.0,0.0
2010-06-25 00:00:00-04:00,20.488703091962464,20.86568399270086,20.36304050905874,20.82379722595215,69100,0.0,0.0,0.0
2010-06-28 00:00:00-04:00,21.009292251036612,21.009292251036612,20.62632631586529,20.799856185913086,26700,0.0,0.0,0.0
2010-06-29 00:00:00-04:00,20.2972081455705,20.410902700687547,20.087774411391475,20.093759536743164,67000,0.0,0.0,0.0
2010-06-30 00:00:00-04:00,20.171546551120432,20.351061494461227,19.944162021461718,19.998014450073242,6400,0.0,0.0,0.0
2010-07-01 00:00:00-04:00,19.908254724436972,19.94415862004437,19.441515494820628,19.87833595275879,129500,0.0,0.0,0.0
2010-07-02 00:00:00-04:00,20.069830275421,20.069830275421,19.47144537000707,19.573169708251953,5800,0.0,0.0,0.0
2010-07-06 00:00:00-04:00,20.004000987858532,20.004000987858532,19.1423266880427,19.26200294494629,18700,0.0,0.0,0.0
2010-07-07 00:00:00-04:00,19.597105225896954,20.135652542114258,19.447509002798505,20.135652542114258,6700,0.0,0.0,0.0
2010-07-08 00:00:00-04:00,20.608365028762016,20.799847920254223,20.20146331367704,20.494672775268555,15500,0.0,0.0,0.0
2010-07-09 00:00:00-04:00,20.548531374678003,20.793869018554688,20.530580563529348,20.793869018554688,12900,0.0,0.0,0.0
2010-07-12 00:00:00-04:00,20.656245101552354,20.865678884018852,20.608373218327426,20.799856185913086,5700,0.0,0.0,0.0
2010-07-13 00:00:00-04:00,21.2486382881939,21.28454218957715,21.021253760735636,21.254623413085938,15200,0.0,0.0,0.0
2010-07-14 00:00:00-04:00,21.093065885598083,21.236679253443594,20.91953373189306,21.069129943847656,17800,0.0,0.0,0.0
2010-07-15 00:00:00-04:00,20.961424392690436,21.003311157226562,20.722071778577913,21.003311157226562,3800,0.0,0.0,0.0
2010-07-16 00:00:00-04:00,20.8178127446118,20.8178127446118,20.285250509804538,20.428861618041992,10700,0.0,0.0,0.0
2010-07-19 00:00:00-04:00,20.63829325692576,20.835759058733483,20.165568705622753,20.751985549926758,19300,0.0,0.0,0.0
2010-07-20 00:00:00-04:00,20.44680549972334,21.140933990478516,20.345081189451268,21.140933990478516,4300,0.0,0.0,0.0
2010-07-21 00:00:00-04:00,21.206762446374675,21.206762446374675,20.64428139815272,20.680185317993164,23800,0.0,0.0,0.0
2010-07-22 00:00:00-04:00,21.17085094502225,21.547831655740914,20.991335994776726,21.44012451171875,14900,0.0,0.0,0.0
2010-07-23 00:00:00-04:00,21.146921787040252,21.54185571721626,21.093067056440923,21.45808219909668,6100,0.0,0.0,0.0
2010-07-26 00:00:00-04:00,21.823098235349974,22.188113392952122,21.54783944398387,22.1701602935791,20500,0.0,0.0,0.0
2010-07-27 00:00:00-04:00,22.439430862013374,22.439430862013374,21.924819549019425,22.152206420898438,15500,0.0,0.0,0.0
2010-07-28 00:00:00-04:00,22.17016000589094,22.194095949639525,21.924822289111045,22.068435668945312,6600,0.0,0.0,0.0
2010-07-29 00:00:00-04:00,22.18212530397837,22.28385191131932,21.661531144812795,21.823095321655273,34900,0.0,0.0,0.0
2010-07-30 00:00:00-04:00,21.691445922049994,21.99063827959551,21.54783258605927,21.8829288482666,30600,0.0,0.0,0.0
2010-08-02 00:00:00-04:00,22.24195945833219,22.589023699590474,22.23597661536346,22.559104919433594,36200,0.0,0.0,0.0
2010-08-03 00:00:00-04:00,22.385572542631884,22.529185881460688,22.247944329359928,22.355653762817383,10800,0.0,0.0,0.0
2010-08-04 00:00:00-04:00,22.39155538553215,22.433444416460343,22.206057581088313,22.355653762817383,55800,0.0,0.0,0.0
2010-08-05 00:00:00-04:00,22.33770651805708,22.373608146504154,22.098351676010836,22.116302490234375,61200,0.0,0.0,0.0
2010-08-06 00:00:00-04:00,21.841048768648236,22.098354457302424,21.70342051607973,22.068435668945312,49800,0.0,0.0,0.0
2010-08-09 00:00:00-04:00,22.31975504582911,22.31975504582911,22.062449370830077,22.313772201538086,8500,0.0,0.0,0.0
2010-08-10 00:00:00-04:00,22.241957920554132,22.37958840854208,22.050475001601047,22.331716537475586,25400,0.0,0.0,0.0
2010-08-11 00:00:00-04:00,21.78120811156401,21.954737972556995,21.57177205736889,21.679481506347656,11100,0.0,0.0,0.0
2010-08-12 00:00:00-04:00,21.380294568491266,21.631617441278152,21.362343749955592,21.476036071777344,15700,0.0,0.0,0.0
2010-08-13 00:00:00-04:00,21.476033421457778,21.631614771758567,21.41619584528499,21.529888153076172,14400,0.0,0.0,0.0
2010-08-16 00:00:00-04:00,21.458076368314625,21.595704579635957,21.332416125280787,21.487995147705078,13000,0.0,0.0,0.0
2010-08-17 00:00:00-04:00,21.894889064332514,22.038502349475188,21.655534349979966,22.01456642150879,5300,0.0,0.0,0.0
2010-08-18 00:00:00-04:00,22.10433535499305,22.10433535499305,21.882933601462486,21.996625900268555,16400,0.0,0.0,0.0
2010-08-19 00:00:00-04:00,21.88891861706857,21.88891861706857,21.38029013175035,21.46406364440918,9500,0.0,0.0,0.0
2010-08-20 00:00:00-04:00,21.28455003575916,21.470050170636217,21.24266327669937,21.45808219909668,6400,0.0,0.0,0.0
2010-08-23 00:00:00-04:00,21.565788429538067,21.619643152069454,21.398239135742188,21.398239135742188,11100,0.0,0.0,0.0
2010-08-24 00:00:00-04:00,21.1409339996245,21.458077181970673,20.943465939378036,21.368318557739258,38900,0.0,0.0,0.0
2010-08-25 00:00:00-04:00,21.140931697376104,21.66152572631836,21.075109017795377,21.66152572631836,14400,0.0,0.0,0.0
2010-08-26 00:00:00-04:00,21.85899928403054,21.85899928403054,21.464065348247928,21.59571075439453,35800,0.0,0.0,0.0
2010-08-27 00:00:00-04:00,21.53587022492961,21.775222778320312,21.44611159074754,21.775222778320312,4500,0.0,0.0,0.0
2010-08-30 00:00:00-04:00,21.84702021721161,22.026537419027324,21.70340919494629,21.70340919494629,9900,0.0,0.0,0.0
2010-08-31 00:00:00-04:00,21.559807953934286,21.948759065300017,21.559807953934286,21.91285514831543,43000,0.0,0.0,0.0
2010-09-01 00:00:00-04:00,22.235981411444502,22.678787214307587,22.235981411444502,22.64288330078125,24900,0.0,0.0,0.0
2010-09-02 00:00:00-04:00,22.73264478275128,22.792482363445583,22.606982211041426,22.75657844543457,13400,0.0,0.0,0.0
2010-09-03 00:00:00-04:00,23.1155981353728,23.1155981353728,22.870260536452435,23.073711395263672,32200,0.0,0.0,0.0
2010-09-07 00:00:00-04:00,23.04380489244246,23.04380489244246,22.828388214111328,22.828388214111328,34100,0.0,0.0,0.0
2010-09-08 00:00:00-04:00,22.876242055998233,22.876242055998233,22.678776332990534,22.72066307067871,12400,0.0,0.0,0.0
2010-09-09 00:00:00-04:00,23.121599038390798,23.121599038390798,22.439440415000064,22.48731231689453,15700,0.0,0.0,0.0
2010-09-10 00:00:00-04:00,22.589020526448433,22.624924427187132,22.469343139975727,22.571069717407227,12100,0.0,0.0,0.0
2010-09-13 00:00:00-04:00,22.864280614665525,22.930103302001957,22.71468442804878,22.930103302001953,31500,0.0,0.0,0.0
2010-09-14 00:00:00-04:00,22.900188312778507,23.007897767588474,22.792478857968536,22.894203186035156,20000,0.0,0.0,0.0
2010-09-15 00:00:00-04:00,22.894213742509766,23.091681928265892,22.73863461530095,23.0856990814209,7700,0.0,0.0,0.0
2010-09-16 00:00:00-04:00,23.061752397647773,23.061752397647773,22.894203089396708,22.960025787353516,9600,0.0,0.0,0.0
2010-09-17 00:00:00-04:00,23.157493023517663,23.157493023517663,22.816413858244374,23.043798446655273,166900,0.0,0.0,0.0
2010-09-20 00:00:00-04:00,23.091668002980672,23.636198043823242,23.079700033849804,23.636198043823242,18400,0.0,0.0,0.0
2010-09-21 00:00:00-04:00,23.570371245173963,23.570371245173963,23.06772804260254,23.06772804260254,39900,0.0,0.0,0.0
2010-09-22 00:00:00-04:00,23.04379951341542,23.157494095541036,22.816414914478266,22.86428451538086,8500,0.0,0.0,0.0
2010-09-23 00:00:00-04:00,22.744600714070227,22.744600714070227,22.25991058349609,22.259910583496094,22900,0.0,0.0,0.0
2010-09-24 00:00:00-04:00,22.51267235899388,22.971131073490195,22.51267235899388,22.940967559814453,35700,0.299,0.0,0.0
2010-09-27 00:00:00-04:00,22.91080025105388,22.91080025105388,22.52473131072318,22.591087341308594,31000,0.0,0.0,0.0
2010-09-28 00:00:00-04:00,22.693646760001517,22.693646760001517,22.241221572514984,22.65142059326172,25700,0.0,0.0,0.0
2010-09-29 00:00:00-04:00,22.669508970688558,22.669508970688558,22.373923635286147,22.458375930786133,87900,0.0,0.0,0.0
2010-09-30 00:00:00-04:00,22.735855623653723,22.747920562276448,22.482498816031747,22.54885482788086,14800,0.0,0.0,0.0
2010-10-01 00:00:00-04:00,22.687597283528852,22.687597283528852,22.331689662100885,22.663467407226562,46600,0.0,0.0,0.0
2010-10-04 00:00:00-04:00,22.58505154055769,22.784119613106487,22.566955279835863,22.77205467224121,36400,0.0,0.0,0.0
2010-10-05 00:00:00-04:00,23.01335746360279,23.182262096357793,22.84445052969475,23.109874725341797,48000,0.0,0.0,0.0
2010-10-06 00:00:00-04:00,23.170197555837483,23.170197555837483,22.886677087770884,22.98319435119629,15700,0.0,0.0,0.0
2010-10-07 00:00:00-04:00,23.073675477324493,23.170192720608373,22.983189554991593,23.019384384155273,13300,0.0,0.0,0.0
2010-10-08 00:00:00-04:00,23.01937739761203,23.14605580950822,22.928891502742236,23.08573341369629,9200,0.0,0.0,0.0
2010-10-11 00:00:00-04:00,23.242573023498448,23.242573023498448,23.06160353491076,23.08573341369629,16800,0.0,0.0,0.0
2010-10-12 00:00:00-04:00,22.989230719900224,23.314977385793572,22.95906950294418,23.296878814697266,20300,0.0,0.0,0.0
2010-10-13 00:00:00-04:00,23.417523954213266,23.713109377533886,23.28481184972403,23.52007484436035,18700,0.0,0.0,0.0
2010-10-14 00:00:00-04:00,23.501972504058596,23.59848975515965,23.369262722015133,23.471811294555664,11800,0.0,0.0,0.0
2010-10-15 00:00:00-04:00,23.707066774863108,23.707066774863108,23.393385201975505,23.411483764648438,11800,0.0,0.0,0.0
2010-10-18 00:00:00-04:00,23.453712485350483,23.731199264526364,23.453712485350483,23.731199264526367,10500,0.0,0.0,0.0
2010-10-19 00:00:00-04:00,23.688969609241827,23.755325633821425,23.357191787496024,23.50196647644043,10900,0.0,0.0,0.0
2010-10-20 00:00:00-04:00,23.65278076987585,24.15949691166968,23.65278076987585,23.972496032714844,9100,0.0,0.0,0.0
2010-10-21 00:00:00-04:00,24.183631963374076,24.183631963374076,23.809627824453703,23.906145095825195,41800,0.0,0.0,0.0
2010-10-22 00:00:00-04:00,23.954394611881987,24.05091185114451,23.737230248253187,23.809619903564453,9500,0.0,0.0,0.0
2010-10-25 00:00:00-04:00,24.123297711579912,24.123297711579912,23.88803482055664,23.88803482055664,15100,0.0,0.0,0.0
2010-10-26 00:00:00-04:00,23.863916799986054,23.863916799986054,23.6467523835264,23.73723602294922,37000,0.0,0.0,0.0
2010-10-27 00:00:00-04:00,23.701037426737916,23.719133689764234,23.375290885349358,23.514034271240234,15200,0.0,0.0,0.0
2010-10-28 00:00:00-04:00,23.61054957563922,23.73722800875365,23.15209330768363,23.363224029541016,33800,0.0,0.0,0.0
2010-10-29 00:00:00-04:00,23.260677717750582,23.483873402500862,23.260677717750582,23.43561363220215,26700,0.0,0.0,0.0
2010-11-01 00:00:00-04:00,23.55022656140083,23.7975521011104,23.46577427483935,23.62261390686035,11700,0.0,0.0,0.0
2010-11-02 00:00:00-04:00,23.918199564126212,23.918199564126212,23.616582935580624,23.69500160217285,7100,0.0,0.0,0.0
2010-11-03 00:00:00-04:00,23.888036060349847,23.888036060349847,23.592453053020435,23.69500160217285,10800,0.0,0.0,0.0
2010-11-04 00:00:00-04:00,24.159486448301898,24.262037277221683,23.9242258952795,24.26203727722168,12500,0.0,0.0,0.0
2010-11-05 00:00:00-04:00,24.249974663233132,24.587783776408333,24.249974663233132,24.436975479125977,21200,0.0,0.0,0.0
2010-11-08 00:00:00-05:00,24.49128058910355,24.49128058910355,24.056954008890596,24.249988555908203,20600,0.0,0.0,0.0
2010-11-09 00:00:00-05:00,24.515407776824446,24.515407776824446,23.20639225552483,23.357200622558594,53500,0.0,0.0,0.0
2010-11-10 00:00:00-05:00,23.52610077662428,23.74326515197754,23.489905947014527,23.74326515197754,20100,0.0,0.0,0.0
2010-11-11 00:00:00-05:00,23.670877816823825,23.670877816823825,23.501970912967444,23.568326950073242,11800,0.0,0.0,0.0
2010-11-12 00:00:00-05:00,23.646752411125057,23.66484867880013,23.35116699923153,23.357200622558594,6100,0.0,0.0,0.0
2010-11-15 00:00:00-05:00,23.429584503750334,23.568327904612314,23.1400327583228,23.152097702026367,16500,0.0,0.0,0.0
2010-11-16 00:00:00-05:00,23.05558412500872,23.05558412500872,22.180895127009197,22.301542282104492,58700,0.0,0.0,0.0
2010-11-17 00:00:00-05:00,22.33169839063767,22.609185173117126,22.295503562037176,22.518701553344727,14500,0.0,0.0,0.0
2010-11-18 00:00:00-05:00,22.778094946206256,22.80222483742231,22.63332020121609,22.681577682495117,10500,0.0,0.0,0.0
2010-11-19 00:00:00-05:00,22.621252371397553,22.778092041998683,22.488540287783128,22.717769622802734,16200,0.0,0.0,0.0
2010-11-22 00:00:00-05:00,22.934926051332777,22.934926051332777,22.766021495301242,22.898731231689453,11100,0.0,0.0,0.0
2010-11-23 00:00:00-05:00,22.621253922803852,22.699674914059063,22.591092711137367,22.669513702392578,8200,0.0,0.0,0.0
2010-11-24 00:00:00-05:00,22.965089470778587,23.0495417569594,22.874603563497878,23.04351043701172,10200,0.0,0.0,0.0
2010-11-26 00:00:00-05:00,23.24258007778314,23.24258007778314,22.940963404876936,23.019384384155273,21300,0.0,0.0,0.0
2010-11-29 00:00:00-05:00,22.922867140871393,23.049545591215374,22.681572882085394,23.019384384155273,9100,0.0,0.0,0.0
2010-11-30 00:00:00-05:00,22.802218095280903,23.007317507667576,22.802218095280903,22.892704010009766,6600,0.0,0.0,0.0
2010-12-01 00:00:00-05:00,22.995251931548353,23.007316873256343,22.838412291649124,23.001285552978516,40200,0.0,0.0,0.0
2010-12-02 00:00:00-05:00,23.025411934607177,23.327028558122507,23.025411934607177,23.32099723815918,10400,0.0,0.0,0.0
2010-12-03 00:00:00-05:00,23.188280731983134,23.32702407600339,23.085732204244945,23.30289649963379,22800,0.0,0.0,0.0
2010-12-06 00:00:00-05:00,23.284807205200195,23.296872148761143,22.995255463195583,23.284807205200195,20900,0.0,0.0,0.0
2010-12-07 00:00:00-05:00,23.459744141696454,23.520068856175293,23.35116195678711,23.35116195678711,33600,0.0,0.0,0.0
2010-12-08 00:00:00-05:00,23.435615242152426,23.435615242152426,22.880641652507393,22.886672973632812,12900,0.0,0.0,0.0
2010-12-09 00:00:00-05:00,23.079713204024312,23.13400431226197,22.796195017586086,22.808259963989258,11000,0.0,0.0,0.0
2010-12-10 00:00:00-05:00,22.78412342982483,23.17019239757792,22.78412342982483,23.07367515563965,27500,0.0,0.0,0.0
2010-12-13 00:00:00-05:00,23.127966229809175,23.224483471671316,23.04954525168601,23.09780502319336,27900,0.0,0.0,0.0
2010-12-14 00:00:00-05:00,23.097806358477925,23.31497074051016,22.832382202148438,22.832382202148438,8000,0.0,0.0,0.0
2010-12-15 00:00:00-05:00,22.84445412603431,23.019392409586636,22.71174430847168,22.71174430847168,9100,0.0,0.0,0.0
2010-12-16 00:00:00-05:00,22.69967237507067,22.802220943497105,22.63331633613465,22.753963470458984,17300,0.0,0.0,0.0
2010-12-17 00:00:00-05:00,22.80221967547403,22.946996688842773,22.76602714799627,22.946996688842773,15000,0.0,0.0,0.0
2010-12-20 00:00:00-05:00,23.055580805438115,23.266711570591198,23.013354652407497,23.200355529785156,7100,0.0,0.0,0.0
2010-12-21 00:00:00-05:00,23.38132254119235,23.453712196640417,23.248612775175904,23.43561363220215,47800,0.0,0.0,0.0
2010-12-22 00:00:00-05:00,23.435610113499493,23.707065527791244,23.435610113499493,23.604516983032227,14900,0.0,0.0,0.0
2010-12-23 00:00:00-05:00,23.683571877448788,23.683571877448788,23.592363357543945,23.592363357543945,7500,0.31,0.0,0.0
2010-12-27 00:00:00-05:00,23.62883873393409,23.81125338862966,23.56195281932247,23.793012619018555,13400,0.0,0.0,0.0
2010-12-28 00:00:00-05:00,23.92678445028625,23.951107025146484,23.70180643165011,23.951107025146484,25900,0.0,0.0,0.0
2010-12-29 00:00:00-05:00,23.99975398549116,23.99975398549116,23.87206161760559,23.987592697143555,27500,0.0,0.0,0.0
2010-12-30 00:00:00-05:00,23.987594706321627,24.103123476007593,23.93894954885673,24.097043991088867,12100,0.0,0.0,0.0
2010-12-31 00:00:00-05:00,24.060556292489125,24.13960350102068,23.94502754119563,23.951107025146484,26900,0.0,0.0,0.0
2011-01-03 00:00:00-05:00,24.127441681861523,24.346340211722648,24.10920091088255,24.334178924560547,32400,0.0,0.0,0.0
2011-01-04 00:00:00-05:00,24.35241919958756,24.413225634159705,23.823415976215557,23.896381378173828,15800,0.0,0.0,0.0
2011-01-05 00:00:00-05:00,23.88421536843442,23.969342040474313,23.87205408392474,23.9632625579834,19000,0.0,0.0,0.0
2011-01-06 00:00:00-05:00,24.127439872548464,24.127439872548464,23.793012619018555,23.793012619018555,17000,0.0,0.0,0.0
2011-01-07 00:00:00-05:00,23.95718553842259,23.963265021538508,23.549790583813422,23.713964462280273,10700,0.0,0.0,0.0
2011-01-10 00:00:00-05:00,23.707891601329568,23.732211860114546,23.44642968327902,23.65924644470215,8200,0.0,0.0,0.0
2011-01-11 00:00:00-05:00,23.793017360459146,23.793017360459146,23.440346947510267,23.580198287963867,26000,0.0,0.0,0.0
2011-01-12 00:00:00-05:00,23.817338633760937,23.817338633760937,23.513313362544,23.634923934936523,14900,0.0,0.0,0.0
2011-01-13 00:00:00-05:00,23.707884782468856,23.756527605576895,23.62275578285567,23.62883758544922,10500,0.0,0.0,0.0
2011-01-14 00:00:00-05:00,23.73829380233915,23.77477535049288,23.68964864542918,23.756534576416016,25500,0.0,0.0,0.0
2011-01-18 00:00:00-05:00,23.835575430572874,24.0301513671875,23.713964890306702,24.0301513671875,15300,0.0,0.0,0.0
2011-01-19 00:00:00-05:00,24.024076050368734,24.024076050368734,23.653167165736026,23.73221206665039,25000,0.0,0.0,0.0
2011-01-20 00:00:00-05:00,23.701809934656673,23.975433143453394,23.701809934656673,23.756534576416016,29200,0.0,0.0,0.0
2011-01-21 00:00:00-05:00,23.975430314598604,23.975430314598604,23.73829100146437,23.811256408691406,13700,0.0,0.0,0.0
2011-01-24 00:00:00-05:00,23.95718395819041,24.030149348409022,23.774767003351975,23.908538818359375,15100,0.0,0.0,0.0
2011-01-25 00:00:00-05:00,23.951109259624573,24.285536576803185,23.835580497553018,24.279457092285156,29600,0.0,0.0,0.0
2011-01-26 00:00:00-05:00,24.419308506903697,24.474033145849475,24.188248662518344,24.40106773376465,34200,0.0,0.0,0.0
2011-01-27 00:00:00-05:00,24.46795301823453,24.67469027998183,24.46795301823453,24.66252899169922,17900,0.0,0.0,0.0
2011-01-28 00:00:00-05:00,24.83885864415611,24.83885864415611,24.188244882545664,24.242969512939453,14200,0.0,0.0,0.0
2011-01-31 00:00:00-05:00,24.449709926046324,24.69901053701849,24.364583227596594,24.66252899169922,38100,0.0,0.0,0.0
2011-02-01 00:00:00-05:00,24.808456325626217,24.808456325626217,24.461867776628843,24.686845779418945,47300,0.0,0.0,0.0
2011-02-02 00:00:00-05:00,24.83278360771654,24.83278360771654,24.607805562264733,24.644287109375,16100,0.0,0.0,0.0
2011-02-03 00:00:00-05:00,24.741570377490458,24.741570377490458,24.565237521220812,24.699007034301758,23700,0.0,0.0,0.0
2011-02-04 00:00:00-05:00,24.84494255506406,24.84494255506406,24.255132857395928,24.340259552001953,29000,0.0,0.0,0.0
2011-02-07 00:00:00-05:00,24.498348497600173,24.613877225954912,24.370658484229995,24.559152603149414,19500,0.0,0.0,0.0
2011-02-08 00:00:00-05:00,24.546994210203987,24.692927328054793,24.546994210203987,24.626041412353516,16200,0.0,0.0,0.0
2011-02-09 00:00:00-05:00,24.6564483302945,24.686850392645482,24.522678792044427,24.668609619140625,24800,0.0,0.0,0.0
2011-02-10 00:00:00-05:00,24.68076924627661,24.778057230966752,24.607803837641136,24.729412078857422,19400,0.0,0.0,0.0
2011-02-11 00:00:00-05:00,24.802380583529644,24.88142547888925,24.717253884201707,24.869266510009766,21600,0.0,0.0,0.0
2011-02-14 00:00:00-05:00,25.015193717638514,25.015193717638514,24.759813656552176,24.942228317260742,27600,0.0,0.0,0.0
2011-02-15 00:00:00-05:00,24.92398933467286,24.978713968763273,24.73549285735512,24.832780838012695,113000,0.0,0.0,0.0
2011-02-16 00:00:00-05:00,24.984791820276,25.112481851634335,24.79629535527446,24.88142204284668,18500,0.0,0.0,0.0
2011-02-17 00:00:00-05:00,24.99086992855693,24.99086992855693,24.77805322133829,24.80237579345703,27600,0.0,0.0,0.0
2011-02-18 00:00:00-05:00,24.93007679212154,25.04560558124965,24.85102955770274,25.003042221069336,20300,0.0,0.0,0.0
2011-02-22 00:00:00-05:00,24.905747356873437,25.033437402282484,24.808459371867237,24.851022720336914,17400,0.0,0.0,0.0
2011-02-23 00:00:00-05:00,24.911823284944926,24.960466106210824,24.65036145199779,24.741567611694336,18700,0.0,0.0,0.0
2011-02-24 00:00:00-05:00,24.6686077448313,24.790218304524004,24.504433837175426,24.65644645690918,15900,0.0,0.0,0.0
2011-02-25 00:00:00-05:00,24.91182569230255,25.191528320312504,24.820617204264078,25.1915283203125,11400,0.0,0.0,0.0
2011-02-28 00:00:00-05:00,25.525952632467284,25.84821856584316,25.386101334596095,25.823898315429688,21000,0.0,0.0,0.0
2011-03-01 00:00:00-05:00,25.854312883082954,25.854312883082954,24.99696159362793,24.99696159362793,21600,0.0,0.0,0.0
2011-03-02 00:00:00-05:00,25.015200230768546,25.015200230768546,24.69901365410266,24.79022216796875,14300,0.0,0.0,0.0
2011-03-03 00:00:00-05:00,25.057755505792308,25.12464141845703,24.978710626759554,25.12464141845703,7300,0.0,0.0,0.0
2011-03-04 00:00:00-05:00,25.10639535223674,25.10639535223674,24.820610992794666,24.911819458007812,16700,0.0,0.0,0.0
2011-03-07 00:00:00-05:00,25.01519423473421,25.01519423473421,24.626042331970805,24.71725082397461,19200,0.0,0.0,0.0
2011-03-08 00:00:00-05:00,24.77197600732918,25.20369126410784,24.765894203978295,25.130725860595703,22300,0.0,0.0,0.0
2011-03-09 00:00:00-05:00,25.13680763110294,25.215854845156855,24.978715522523675,25.142887115478516,28100,0.0,0.0,0.0
2011-03-10 00:00:00-05:00,24.917905585460527,24.94222815860783,24.81453812887687,24.844940185546875,19400,0.0,0.0,0.0
2011-03-11 00:00:00-05:00,24.735498866835513,25.179375531395905,24.735498866835513,25.14897346496582,16500,0.0,0.0,0.0
2011-03-14 00:00:00-04:00,25.307063374361068,25.307063374361068,24.88142752322128,24.966556549072266,11600,0.0,0.0,0.0
2011-03-15 00:00:00-04:00,24.577398735762298,25.063840964450588,24.388904575697612,25.02735710144043,47900,0.0,0.0,0.0
2011-03-16 00:00:00-04:00,24.99087755871317,24.99087755871317,24.401070081687948,24.534839630126953,19700,0.0,0.0,0.0
2011-03-17 00:00:00-04:00,24.905750941940784,24.905750941940784,24.59564616994803,24.79022216796875,91700,0.0,0.0,0.0
2011-03-18 00:00:00-04:00,25.027367442485758,25.04560822176351,24.893595542370488,25.009126663208008,15000,0.0,0.0,0.0
2011-03-21 00:00:00-04:00,25.373955690911966,25.373955690911966,25.1185755076868,25.18545913696289,32500,0.0,0.0,0.0
2011-03-22 00:00:00-04:00,25.076007016683597,25.094247791890286,24.893589986501144,24.96047592163086,10700,0.0,0.0,0.0
2011-03-23 00:00:00-04:00,24.7780542371643,24.80845629379505,24.577396488250518,24.699007034301758,22700,0.0,0.0,0.0
2011-03-24 00:00:00-04:00,24.881426482080723,24.881426482080723,24.565242248836924,24.778059005737305,14800,0.0,0.0,0.0
2011-03-25 00:00:00-04:00,24.790939848477922,25.017928744765772,24.790939848477922,24.919771194458008,23300,0.361,0.0,0.0
2011-03-28 00:00:00-04:00,25.0118046326786,25.042478440260158,24.913647044260717,24.974994659423828,14300,0.0,0.0,0.0
2011-03-29 00:00:00-04:00,24.999529006675438,25.103820396997648,24.735730108463876,25.079282760620117,13400,0.0,0.0,0.0
2011-03-30 00:00:00-04:00,25.20197402996156,25.478040507509483,25.09154650283823,25.44736671447754,62400,0.0,0.0,0.0
2011-03-31 00:00:00-04:00,25.520994406429033,25.7295795581275,25.428972990841114,25.68050193786621,27500,0.0,0.0,0.0
2011-04-01 00:00:00-04:00,25.833860045053658,25.858400012719994,25.631408822196573,25.735702514648438,25900,0.0,0.0,0.0
2011-04-04 00:00:00-04:00,25.6007541927826,25.84001320594457,25.6007541927826,25.754125595092773,20700,0.0,0.0,0.0
2011-04-05 00:00:00-04:00,25.852267845954902,25.88907780314312,25.717300343191926,25.79092025756836,23600,0.0,0.0,0.0
2011-04-06 00:00:00-04:00,25.999499798486852,25.999499798486852,25.741834833553785,25.77250862121582,20000,0.0,0.0,0.0
2011-04-07 00:00:00-04:00,25.864550715702674,25.864550715702674,25.435110362296474,25.5455379486084,47300,0.0,0.0,0.0
2011-04-08 00:00:00-04:00,25.668221613833246,25.668221613833246,25.3185352268063,25.3798828125,31400,0.0,0.0,0.0
2011-04-11 00:00:00-04:00,25.527131561875958,25.56393919343444,25.3430863832993,25.398300170898438,19900,0.0,0.0,0.0
2011-04-12 00:00:00-04:00,25.471910135978806,25.478043959312057,25.373752580821808,25.386022567749023,14600,0.0,0.0,0.0
2011-04-13 00:00:00-04:00,25.582341537399646,25.582341537399646,25.336946442356634,25.373756408691406,16200,0.0,0.0,0.0
2011-04-14 00:00:00-04:00,25.159036065387593,25.67436391222618,25.159036065387593,25.64369010925293,26000,0.0,0.0,0.0
2011-04-15 00:00:00-04:00,25.766384944469007,25.99337387084961,25.72344115678243,25.99337387084961,31900,0.0,0.0,0.0
2011-04-18 00:00:00-04:00,25.91976105511633,25.91976105511633,25.594614505557075,25.723445892333984,30600,0.0,0.0,0.0
2011-04-19 00:00:00-04:00,25.81545904941441,25.944290383295616,25.76637910873945,25.938154220581055,19800,0.0,0.0,0.0
2011-04-20 00:00:00-04:00,26.2080883210665,26.27557206706574,25.987233276072747,26.244895935058594,13500,0.0,0.0,0.0
2011-04-21 00:00:00-04:00,26.361469284292976,26.361469284292976,26.122210344589785,26.349199295043945,19900,0.0,0.0,0.0
2011-04-25 00:00:00-04:00,26.49030316441186,26.600730737827636,26.25717802717173,26.55778694152832,56900,0.0,0.0,0.0
2011-04-26 00:00:00-04:00,26.631401843802916,26.93814455213525,26.557784249076274,26.87066078186035,24800,0.0,0.0,0.0
2011-04-27 00:00:00-04:00,27.030166611333698,27.054704247868198,26.864525278355607,27.042436599731445,25300,0.0,0.0,0.0
2011-04-28 00:00:00-04:00,27.06697367160854,27.459603931101608,27.01175989510102,27.373716354370117,25100,0.0,0.0,0.0
2011-04-29 00:00:00-04:00,27.50868869429696,27.50868869429696,26.827719445038863,27.103788375854492,54000,0.0,0.0,0.0
2011-05-02 00:00:00-04:00,27.20193467237067,27.300092213685865,26.950405826484204,27.122180938720703,34000,0.0,0.0,0.0
2011-05-03 00:00:00-04:00,27.122188131841707,27.128324296197757,26.717287873999698,26.944276809692383,30000,0.0,0.0,0.0
2011-05-04 00:00:00-04:00,26.974946684948392,26.981080507618614,26.729551653451303,26.827709197998047,26000,0.0,0.0,0.0
2011-05-05 00:00:00-04:00,26.63140344916073,26.974956145696527,26.619133459256457,26.760234832763672,30800,0.0,0.0,0.0
2011-05-06 00:00:00-04:00,26.962683086394534,26.962683086394534,26.349197702586974,26.447355270385742,35300,0.0,0.0,0.0
2011-05-09 00:00:00-04:00,26.435085803549594,26.600727141277734,26.361468211313,26.551647186279297,25000,0.0,0.0,0.0
2011-05-10 00:00:00-04:00,26.68047609352428,26.919734980404392,26.655936120444103,26.89519500732422,20300,0.0,0.0,0.0
2011-05-11 00:00:00-04:00,26.974945988258874,26.974945988258874,26.588449642724267,26.64366340637207,19300,0.0,0.0,0.0
2011-05-12 00:00:00-04:00,26.54550603953332,26.747954947404274,26.404404718226793,26.686607360839844,191000,0.0,0.0,0.0
2011-05-13 00:00:00-04:00,26.82772123464671,26.82772123464671,26.318529475185557,26.3798770904541,17200,0.0,0.0,0.0
2011-05-16 00:00:00-04:00,26.318518021757082,26.570046879314905,26.201954327107522,26.416675567626953,33600,0.0,0.0,0.0
2011-05-17 00:00:00-04:00,26.287847953070585,26.47189544177305,26.281714128902316,26.46575927734375,8500,0.0,0.0,0.0
2011-05-18 00:00:00-04:00,26.52097345813352,26.70501860936628,26.398275910557988,26.668210983276367,65400,0.0,0.0,0.0
2011-05-19 00:00:00-04:00,26.86452455150515,26.90133217544152,26.570051858709505,26.7418270111084,23200,0.0,0.0,0.0
2011-05-20 00:00:00-04:00,26.784766119823384,26.784766119823384,26.45348352070657,26.514833450317383,24400,0.0,0.0,0.0
2011-05-23 00:00:00-04:00,26.293977609514023,26.34305521149613,26.201953887939453,26.201953887939453,25100,0.0,0.0,0.0
2011-05-24 00:00:00-04:00,26.410531410544998,26.410531410544998,26.214216378226848,26.318510055541992,25000,0.0,0.0,0.0
2011-05-25 00:00:00-04:00,26.21422471825268,26.539371155175875,26.079257212996776,26.441213607788086,11900,0.0,0.0,0.0
2011-05-26 00:00:00-04:00,26.478031704815205,26.7479644580419,26.275582724960497,26.723426818847656,22500,0.0,0.0,0.0
2011-05-27 00:00:00-04:00,26.870647237026134,26.870647237026134,26.668198368512094,26.83997344970703,28400,0.0,0.0,0.0
2011-05-31 00:00:00-04:00,27.116053459378566,27.330772399902344,26.938142142795474,27.330772399902344,26900,0.0,0.0,0.0
2011-06-01 00:00:00-04:00,27.293968221997346,27.293968221997346,26.545515237227384,26.576189041137695,58900,0.0,0.0,0.0
2011-06-02 00:00:00-04:00,26.655940590214485,26.735694345968152,26.459625453175484,26.46575927734375,10800,0.0,0.0,0.0
2011-06-03 00:00:00-04:00,26.336926658138417,26.760230713499904,26.09153157834975,26.649803161621094,11600,0.0,0.0,0.0
2011-06-06 00:00:00-04:00,26.57617496430967,26.662062505870246,26.343049965602393,26.39212989807129,23200,0.0,0.0,0.0
2011-06-07 00:00:00-04:00,26.527109622655882,26.846119969986766,26.527109622655882,26.668210983276367,19100,0.0,0.0,0.0
2011-06-08 00:00:00-04:00,26.61913102814173,26.83998614572547,26.612997203880433,26.668210983276367,14600,0.0,0.0,0.0
2011-06-09 00:00:00-04:00,26.478027539142403,26.582321265289554,26.306252390501076,26.496431350708008,15900,0.0,0.0,0.0
2011-06-10 00:00:00-04:00,26.373734235366797,26.459621803441745,25.82773034926331,25.87067413330078,51700,0.0,0.0,0.0
2011-06-13 00:00:00-04:00,25.901350401425827,26.054721728122548,25.82773047962368,25.950428009033203,27300,0.0,0.0,0.0
2011-06-14 00:00:00-04:00,26.165151927774097,26.36146705866188,26.097668162732493,26.251039505004883,129800,0.0,0.0,0.0
2011-06-15 00:00:00-04:00,26.109935525955663,26.23263071522952,25.735709113992527,25.925888061523438,75400,0.0,0.0,0.0
2011-06-16 00:00:00-04:00,25.93816549007864,26.208100600550367,25.698906525986988,25.90749168395996,40900,0.0,0.0,0.0
2011-06-17 00:00:00-04:00,26.30625748901201,26.31852747918747,26.073132356201043,26.287851333618164,17900,0.0,0.0,0.0
2011-06-20 00:00:00-04:00,26.244910449142136,26.705024600580177,26.244910449142136,26.637540817260742,12000,0.0,0.0,0.0
2011-06-21 00:00:00-04:00,26.821582794189453,26.82771661855629,26.64980528852357,26.821582794189453,233200,0.0,0.0,0.0
2011-06-22 00:00:00-04:00,26.686607360839844,26.932002387618397,26.686607360839844,26.686607360839844,21400,0.0,0.0,0.0
2011-06-23 00:00:00-04:00,26.42202169582554,26.42202169582554,25.96455001506873,26.057281494140625,26000,0.332,0.0,0.0
2011-06-24 00:00:00-04:00,26.19329198908606,26.19329198908606,25.983102621666305,26.119108200073242,15700,0.0,0.0,0.0
2011-06-27 00:00:00-04:00,26.168556999950763,26.279831467636296,26.11291858697832,26.199466705322266,27800,0.0,0.0,0.0
2011-06-28 00:00:00-04:00,26.088191372752537,26.39729316068027,26.088191372752537,26.32929039001465,17100,0.0,0.0,0.0
2011-06-29 00:00:00-04:00,26.520928940358402,26.619841397998407,26.378740071633068,26.558019638061523,11700,0.0,0.0,0.0
2011-06-30 00:00:00-04:00,26.681660799676283,26.681660799676283,26.508564588371023,26.558019638061523,28600,0.0,0.0,0.0
2011-07-01 00:00:00-04:00,26.60747620074777,27.07730977004743,26.582747497558596,27.04640007019043,105800,0.0,0.0,0.0
2011-07-05 00:00:00-04:00,27.114415333837336,27.30605697631836,26.94131904817447,27.30605697631836,43400,0.0,0.0,0.0
2011-07-06 00:00:00-04:00,27.268964830101055,27.53479260240944,27.163868977712678,27.516244888305664,114200,0.0,0.0,0.0
2011-07-07 00:00:00-04:00,27.744978596103707,27.85007207753224,27.652247111570613,27.819162368774414,61600,0.0,0.0,0.0
2011-07-08 00:00:00-04:00,27.534789274987027,27.819162368774414,27.5038795662292,27.819162368774414,30500,0.0,0.0,0.0
2011-07-11 00:00:00-04:00,27.374059020653846,27.559522016850547,27.330784950410607,27.392606735229492,46300,0.0,0.0,0.0
2011-07-12 00:00:00-04:00,27.343149506345902,27.93044349596919,27.343149506345902,27.59661293029785,108000,0.0,0.0,0.0
2011-07-13 00:00:00-04:00,27.707883069164907,27.707883069164907,27.281323466377927,27.29368782043457,44600,0.0,0.0,0.0
2011-07-14 00:00:00-04:00,27.386419005297135,27.386419005297135,27.04640749698693,27.064952850341797,73100,0.0,0.0,0.0
2011-07-15 00:00:00-04:00,27.170045973207596,27.435873683271506,27.077314499181824,27.417325973510742,26100,0.0,0.0,0.0
2011-07-18 00:00:00-04:00,27.36787309350932,27.36787309350932,27.058771299850882,27.330780029296875,29200,0.0,0.0,0.0
2011-07-19 00:00:00-04:00,27.51623994476516,27.738793607947468,27.386417760661974,27.73261260986328,31700,0.0,0.0,0.0
2011-07-20 00:00:00-04:00,27.77588599749725,27.95516559496321,27.707883228923304,27.94898223876953,86500,0.0,0.0,0.0
2011-07-21 00:00:00-04:00,28.128253814571725,28.27662366353518,28.091160762766172,28.171527862548828,39500,0.0,0.0,0.0
2011-07-22 00:00:00-04:00,28.2024400099305,28.338445520107193,28.103527554781703,28.28898811340332,39400,0.0,0.0,0.0
2011-07-25 00:00:00-04:00,27.99226174364296,28.233360800383473,27.89334924964019,28.03553581237793,33500,0.0,0.0,0.0
2011-07-26 00:00:00-04:00,27.94280792233224,28.16536163333182,27.899533851666764,28.05408477783203,59300,0.0,0.0,0.0
2011-07-27 00:00:00-04:00,27.911898605776692,27.93662496203726,27.367878677623885,27.374059677124023,28500,0.0,0.0,0.0
2011-07-28 00:00:00-04:00,27.312245131597056,27.51625116721129,27.09587473651219,27.31842613220215,50500,0.0,0.0,0.0
2011-07-29 00:00:00-04:00,27.06494197633487,27.454410748125497,26.891845792542874,27.43586540222168,119000,0.0,0.0,0.0
2011-08-01 00:00:00-04:00,27.442056315888497,27.448239672263576,26.65075649456152,26.805307388305664,95300,0.0,0.0,0.0
2011-08-02 00:00:00-04:00,26.73113261225333,26.873319199339857,26.273660775238188,26.323118209838867,64700,0.0,0.0,0.0
2011-08-03 00:00:00-04:00,26.32928915183016,26.32928915183016,25.44525789126932,26.112918853759766,110800,0.0,0.0,0.0
2011-08-04 00:00:00-04:00,26.032556379129076,26.032556379129076,24.919790267944336,24.919790267944336,117100,0.0,0.0,0.0
2011-08-05 00:00:00-04:00,24.888872201313255,25.11142584157614,24.109936818652397,24.437583923339844,159700,0.0,0.0,0.0
2011-08-08 00:00:00-04:00,23.67101222483337,23.924475561689444,22.564427410500592,22.576791763305664,244500,0.0,0.0,0.0
2011-08-09 00:00:00-04:00,22.6880645801446,24.69722557067871,22.6880645801446,24.69722557067871,56500,0.0,0.0,0.0
2011-08-10 00:00:00-04:00,24.16557416812187,25.24743025993909,23.955384890238445,24.109935760498047,61100,0.0,0.0,0.0
2011-08-11 00:00:00-04:00,24.264487034721455,25.75435735449755,24.196484273353633,25.38343620300293,22600,0.0,0.0,0.0
2011-08-12 00:00:00-04:00,25.902727964234096,25.902727964234096,25.31543415917213,25.389617919921875,21300,0.0,0.0,0.0
2011-08-15 00:00:00-04:00,25.636911633446296,26.323118209838867,25.636911633446296,26.323118209838867,23000,0.0,0.0,0.0
2011-08-16 00:00:00-04:00,26.22419285596168,26.39729144959734,26.02636791317178,26.31074333190918,21600,0.0,0.0,0.0
2011-08-17 00:00:00-04:00,26.459110859871934,26.669300156368617,26.13146374054979,26.31074333190918,30000,0.0,0.0,0.0
2011-08-18 00:00:00-04:00,25.59363127834681,25.75436318484566,25.03724706688982,25.197978973388672,25100,0.0,0.0,0.0
2011-08-19 00:00:00-04:00,24.882694112735752,25.482352340406216,24.468498845805087,24.833236694335938,40200,0.0,0.0,0.0
2011-08-22 00:00:00-04:00,25.389618780584364,25.39580213650767,24.691048131587873,25.06197166442871,80300,0.0,0.0,0.0
2011-08-23 00:00:00-04:00,25.173247842914105,25.859454120726276,25.05578766597662,25.847089767456055,40300,0.0,0.0,0.0
2011-08-24 00:00:00-04:00,25.816179322185818,26.329289402872806,25.66781179016844,26.316925048828125,52100,0.0,0.0,0.0
2011-08-25 00:00:00-04:00,26.452927916585093,26.601295433635695,25.748176314946818,25.83472442626953,18700,0.0,0.0,0.0
2011-08-26 00:00:00-04:00,25.729625923321258,26.25510025024414,25.729625923321258,26.25510025024414,10400,0.0,0.0,0.0
2011-08-29 00:00:00-04:00,26.6692994246709,26.97840118408203,26.551841605068006,26.97840118408203,27300,0.0,0.0,0.0
2011-08-30 00:00:00-04:00,26.86094225940657,27.238046767695366,26.64456962176489,27.102041244506836,20600,0.0,0.0,0.0
2011-08-31 00:00:00-04:00,27.306040906119048,27.460591744007225,27.052577626312782,27.43586540222168,92700,0.0,0.0,0.0
2011-09-01 00:00:00-04:00,27.46061124684095,27.472975605644347,26.860955173568236,26.941322326660156,36700,0.0,0.0,0.0
2011-09-02 00:00:00-04:00,26.465299339235756,26.830039590287818,26.428206270934602,26.459115982055664,17400,0.0,0.0,0.0
2011-09-06 00:00:00-04:00,25.85946362402202,26.539486795976465,25.655455257479613,26.50239372253418,23900,0.0,0.0,0.0
2011-09-07 00:00:00-04:00,26.92895645304123,27.466793060302734,26.48384899419851,27.466793060302734,34800,0.0,0.0,0.0
2011-09-08 00:00:00-04:00,27.42350392805026,27.64605753526939,27.244224371317195,27.355501174926758,64400,0.0,0.0,0.0
2011-09-09 00:00:00-04:00,27.20095758504411,27.231867292466124,26.360200336912136,26.533296585083008,44200,0.0,0.0,0.0
2011-09-12 00:00:00-04:00,26.094367896031986,26.613658905029297,26.06345819419172,26.613658905029297,19000,0.0,0.0,0.0
2011-09-13 00:00:00-04:00,26.786762825542095,26.786762825542095,26.44056796437379,26.743486404418945,21200,0.0,0.0,0.0
2011-09-14 00:00:00-04:00,26.953675720439065,26.953675720439065,26.335472127233952,26.743486404418945,30900,0.0,0.0,0.0
2011-09-15 00:00:00-04:00,27.02169341648534,27.034057778169146,26.817687344354667,26.99078369140625,41400,0.0,0.0,0.0
2011-09-16 00:00:00-04:00,27.250414683143298,27.256595681251223,26.74966893905975,27.1885929107666,74100,0.0,0.0,0.0
2011-09-19 00:00:00-04:00,27.046401805570238,27.046401805570238,26.595113555576958,26.613658905029297,48800,0.0,0.0,0.0
2011-09-20 00:00:00-04:00,26.83002898961372,26.867119685000365,26.471469879150387,26.47146987915039,18100,0.0,0.0,0.0
2011-09-21 00:00:00-04:00,26.347832596283457,26.434380709246437,25.00014877319336,25.00014877319336,64100,0.0,0.0,0.0
2011-09-22 00:00:00-04:00,24.666328102894415,24.91360816322258,24.10994384020119,24.412864685058594,93600,0.0,0.0,0.0
2011-09-23 00:00:00-04:00,24.684873663715912,24.684873663715912,24.22122089371112,24.616870880126953,29400,0.0,0.0,0.0
2011-09-26 00:00:00-04:00,24.934780136418155,24.934780136418155,24.429849982587946,24.90361213684082,33900,0.33,0.0,0.0
2011-09-27 00:00:00-04:00,25.539452048433155,25.539452048433155,24.934782804475443,25.084392547607422,17300,0.0,0.0,0.0
2011-09-28 00:00:00-04:00,25.29634842963042,25.29634842963042,24.348826018151314,24.355058670043945,448100,0.0,0.0,0.0
2011-09-29 00:00:00-04:00,24.72283878996997,24.803877505600386,24.386218627781798,24.71660614013672,96500,0.0,0.0,0.0
2011-09-30 00:00:00-04:00,24.54206263591489,24.623101356843986,24.174274444580078,24.174274444580078,134200,0.0,0.0,0.0
2011-10-03 00:00:00-04:00,24.00596673433389,24.36128966044202,23.089614868164062,23.089614868164062,80500,0.0,0.0,0.0
2011-10-04 00:00:00-04:00,22.80909409719879,24.24907875061035,22.528577297447665,24.24907875061035,82900,0.0,0.0,0.0
2011-10-05 00:00:00-04:00,24.305179369530617,24.317644667699245,22.971166558709985,23.999727249145508,66300,0.0,0.0,0.0
2011-10-06 00:00:00-04:00,23.943631053103225,24.560768127441406,23.744152931249157,24.560768127441406,26000,0.0,0.0,0.0
2011-10-07 00:00:00-04:00,24.797647299733402,24.797647299733402,23.862592697143555,23.862592697143555,80200,0.0,0.0,0.0
2011-10-10 00:00:00-04:00,24.42985195229668,25.071924209594727,24.274009563878945,25.071924209594727,56100,0.0,0.0,0.0
2011-10-11 00:00:00-04:00,24.922308969340495,25.078151323359357,24.442314233606528,24.479717254638672,73400,0.0,0.0,0.0
2011-10-12 00:00:00-04:00,24.716609264969954,25.15296614745535,24.56699949242735,24.8662166595459,70600,0.0,0.0,0.0
2011-10-13 00:00:00-04:00,24.666742261397516,24.841285040666868,24.30518902177286,24.62933921813965,20100,0.0,0.0,0.0
2011-10-14 00:00:00-04:00,25.084403267311306,25.302581758901557,24.87245742778054,25.234010696411133,24000,0.0,0.0,0.0
2011-10-17 00:00:00-04:00,25.046998910458594,25.046998910458594,24.535835861507774,24.610639572143555,28100,0.0,0.0,0.0
2011-10-18 00:00:00-04:00,24.591931946760006,25.327508287465676,24.535828585927664,25.283872604370117,29500,0.0,0.0,0.0
2011-10-19 00:00:00-04:00,25.358681333442572,25.47088807741092,25.115567514166777,25.202838897705078,17400,0.0,0.0,0.0
2011-10-20 00:00:00-04:00,25.252698252532067,25.265165928309532,24.685432083470463,25.209062576293945,24000,0.0,0.0,0.0
2011-10-21 00:00:00-04:00,25.558150873747287,25.96334202171263,25.520747845669145,25.919706344604492,20300,0.0,0.0,0.0
2011-10-24 00:00:00-04:00,26.07556205401726,26.5929577947024,25.950887608007395,26.580490112304688,25100,0.0,0.0,0.0
2011-10-25 00:00:00-04:00,26.349830539060118,26.387233567241037,26.063081123571266,26.150352478027344,23100,0.0,0.0,0.0
2011-10-26 00:00:00-04:00,26.48698096285541,26.50568129386876,25.988283274809092,26.42464256286621,64100,0.0,0.0,0.0
2011-10-27 00:00:00-04:00,27.36592541914126,27.702543183930107,26.87346288192175,27.50306510925293,69400,0.0,0.0,0.0
2011-10-28 00:00:00-04:00,27.35345713996189,27.577870563524154,27.135276365735834,27.397092819213867,71800,0.0,0.0,0.0
2011-10-31 00:00:00-04:00,27.016833136673828,27.509295592545495,26.86099076795235,27.19761085510254,140600,0.0,0.0,0.0
2011-11-01 00:00:00-04:00,26.32489331847216,26.94203016084132,26.1565832705533,26.250089645385742,46200,0.0,0.0,0.0
2011-11-02 00:00:00-04:00,26.861000625635985,27.00437537212075,26.43710903691288,26.867233276367188,71100,0.0,0.0,0.0
2011-11-03 00:00:00-04:00,27.047997205194804,27.047997205194804,26.34358913508223,26.99812889099121,14300,0.0,0.0,0.0
2011-11-04 00:00:00-04:00,26.71761705019315,26.71761705019315,26.368529275435677,26.68644905090332,48000,0.0,0.0,0.0
2011-11-07 00:00:00-05:00,26.74255816365411,26.923333549677373,26.40593799166635,26.78619384765625,33800,0.0,0.0,0.0
2011-11-08 00:00:00-05:00,26.948262638720642,27.07293701171875,26.43086720103242,27.07293701171875,27300,0.0,0.0,0.0
2011-11-09 00:00:00-05:00,26.53061140931174,26.636583101394745,25.925942127764614,25.93840980529785,25500,0.0,0.0,0.0
2011-11-10 00:00:00-05:00,26.28749985458518,26.28749985458518,25.86984328514069,26.119192123413086,19900,0.0,0.0,0.0
2011-11-11 00:00:00-05:00,26.437098454773256,26.82982187670911,26.26878841680075,26.817354202270508,15900,0.0,0.0,0.0
2011-11-14 00:00:00-05:00,26.65528486809976,26.66775254630625,26.137889301345876,26.262563705444336,13900,0.0,0.0,0.0
2011-11-15 00:00:00-05:00,26.225162658610046,26.642821587302162,26.050619906422288,26.530614852905273,13000,0.0,0.0,0.0
2011-11-16 00:00:00-05:00,26.331134746596813,26.574248526707258,26.225160670824856,26.262563705444336,30200,0.0,0.0,0.0
2011-11-17 00:00:00-05:00,26.181522818550206,26.181522818550206,25.558153227632342,25.595556259155273,69600,0.0,0.0,0.0
2011-11-18 00:00:00-05:00,25.726469614922035,25.838676359056205,25.576859830087518,25.832441329956055,24100,0.0,0.0,0.0
2011-11-21 00:00:00-05:00,25.408550310634183,25.41478533988077,25.10933311190456,25.246475219726562,28100,0.0,0.0,0.0
2011-11-22 00:00:00-05:00,25.234009476307893,25.396086957624423,25.06569934323323,25.215309143066406,13300,0.0,0.0,0.0
2011-11-23 00:00:00-05:00,24.95349061205193,24.972193321779645,24.535834016281168,24.548301696777344,70600,0.0,0.0,0.0
2011-11-25 00:00:00-05:00,24.4984252336795,25.12802987237286,24.4984252336795,24.741539001464844,7400,0.0,0.0,0.0
2011-11-28 00:00:00-05:00,25.43347731418149,25.46464531627181,24.897379117549892,25.071924209594727,867700,0.0,0.0,0.0
2011-11-29 00:00:00-05:00,25.16543194987918,25.16543194987918,24.916085518192787,25.065692901611328,41000,0.0,0.0,0.0
2011-11-30 00:00:00-05:00,25.751396895937884,26.187753677368168,25.632955159864423,26.187753677368164,252500,0.0,0.0,0.0
2011-12-01 00:00:00-05:00,26.187755575188163,26.187755575188163,25.788799415844732,25.894773483276367,31100,0.0,0.0,0.0
2011-12-02 00:00:00-05:00,26.150354881037316,26.324897605988568,25.932174096881973,25.957109451293945,28200,0.0,0.0,0.0
2011-12-05 00:00:00-05:00,26.3498335555695,26.3498335555695,25.838670668409712,25.932174682617188,13100,0.0,0.0,0.0
2011-12-06 00:00:00-05:00,25.93217532134048,26.088017726824415,25.826203627035273,25.975811004638672,18800,0.0,0.0,0.0
2011-12-07 00:00:00-05:00,25.876068353475855,26.374765883885917,25.713993320668827,26.343595504760742,122500,0.0,0.0,0.0
2011-12-08 00:00:00-05:00,26.206469811714804,26.206469811714804,25.69530671038173,25.75764274597168,17900,0.0,0.0,0.0
2011-12-09 00:00:00-05:00,26.08179221371035,26.437112805203324,25.851146056312658,26.337373733520508,18500,0.0,0.0,0.0
2011-12-12 00:00:00-05:00,26.006984649674667,26.013217300370457,25.632961402826695,25.838674545288086,18800,0.0,0.0,0.0
2011-12-13 00:00:00-05:00,26.006983300158236,26.206461403606117,25.520753342283275,25.583091735839844,9400,0.0,0.0,0.0
2011-12-14 00:00:00-05:00,25.51451888796748,26.18775684501275,25.51451888796748,26.013214111328125,22300,0.0,0.0,0.0
2011-12-15 00:00:00-05:00,26.32490099004423,26.53684677385899,26.162825921464282,26.480743408203125,62100,0.0,0.0,0.0
2011-12-16 00:00:00-05:00,26.624125238800808,26.948277840264264,26.599189874541953,26.77373504638672,21700,0.0,0.0,0.0
2011-12-19 00:00:00-05:00,26.786191066460976,26.842294422633756,26.468271255493164,26.468271255493164,181800,0.0,0.0,0.0
2011-12-20 00:00:00-05:00,26.84230099698436,27.241257237275732,26.84230099698436,27.178918838500977,14100,0.0,0.0,0.0
2011-12-21 00:00:00-05:00,27.222551417524407,27.31605781601676,27.029308348324406,27.25995445251465,34300,0.0,0.0,0.0
2011-12-22 00:00:00-05:00,27.403251372113083,27.71122475829916,27.34668492965418,27.61066246032715,31300,0.358,0.0,0.0
2011-12-23 00:00:00-05:00,27.811789724612428,27.811789724612428,27.560382756764557,27.711227416992188,24600,0.0,0.0,0.0
2011-12-27 00:00:00-05:00,27.767791879319088,28.088333462689718,27.71750953030718,27.950061798095703,36000,0.0,0.0,0.0
2011-12-28 00:00:00-05:00,27.91863868479972,27.91863868479972,27.610667638450845,27.6295223236084,13100,0.0,0.0,0.0
2011-12-29 00:00:00-05:00,27.717505605219813,27.937487254603667,27.69865092580755,27.85577964782715,14800,0.0,0.0,0.0
2011-12-30 00:00:00-05:00,27.855788782803195,28.088338696327867,27.780367642826647,27.792938232421875,90100,0.0,0.0,0.0
2012-01-03 00:00:00-05:00,28.207752294292607,28.471727428688997,27.748936657655324,27.880924224853516,201200,0.0,0.0,0.0
2012-01-04 00:00:00-05:00,27.72380454623689,27.72380454623689,27.283843447496942,27.302698135375977,48500,0.0,0.0,0.0
2012-01-05 00:00:00-05:00,27.277550092606795,27.57923698425293,27.18955598464834,27.57923698425293,20100,0.0,0.0,0.0
2012-01-06 00:00:00-05:00,27.572946728245928,27.692366088234184,27.35925157613395,27.428388595581055,33500,0.0,0.0,0.0
2012-01-09 00:00:00-05:00,27.484958639544914,27.484958639544914,27.246122285795526,27.308975219726562,49700,0.0,0.0,0.0
2012-01-10 00:00:00-05:00,27.55410595484084,27.686093568979512,27.52896477188247,27.58553123474121,226800,0.0,0.0,0.0
2012-01-11 00:00:00-05:00,27.51011008346128,27.604385923162404,27.43468893218135,27.58553123474121,45500,0.0,0.0,0.0
2012-01-12 00:00:00-05:00,27.69864973501886,27.69864973501886,27.151842477224694,27.277545928955078,85300,0.0,0.0,0.0
2012-01-13 00:00:00-05:00,27.12041631635478,27.50380835493594,27.12041631635478,27.49752426147461,45200,0.0,0.0,0.0
2012-01-17 00:00:00-05:00,27.836927611331078,27.887207560402175,27.604375354395206,27.69236946105957,71400,0.0,0.0,0.0
2012-01-18 00:00:00-05:00,27.679805108997897,27.9123550207191,27.679805108997897,27.849504470825195,30300,0.0,0.0,0.0
2012-01-19 00:00:00-05:00,27.92492069939774,27.92492069939774,27.77407604954689,27.799217224121094,37900,0.0,0.0,0.0
2012-01-20 00:00:00-05:00,27.774078083247307,27.81178984786998,27.579239960016526,27.805505752563477,199100,0.0,0.0,0.0
2012-01-23 00:00:00-05:00,27.843213210959913,28.012912543737365,27.792933259170884,27.981487274169922,68600,0.0,0.0,0.0
2012-01-24 00:00:00-05:00,27.84321773499442,28.107195316960304,27.84321773499442,28.082054138183594,57500,0.0,0.0,0.0
2012-01-25 00:00:00-05:00,28.000346775831574,28.52201545129977,28.000346775831574,28.47173309326172,19900,0.0,0.0,0.0
2012-01-26 00:00:00-05:00,28.74199654605655,28.89912532822235,28.622579534744723,28.79856300354004,248600,0.0,0.0,0.0
2012-01-27 00:00:00-05:00,28.723135124558365,28.911689139427057,28.62257282345544,28.905405044555664,29200,0.0,0.0,0.0
2012-01-30 00:00:00-05:00,28.723146084967695,28.773426055908203,28.597442561223477,28.773426055908203,115500,0.0,0.0,0.0
2012-01-31 00:00:00-05:00,28.855123106650858,28.98711067918151,28.729419629081203,28.9682559967041,10200,0.0,0.0,0.0
2012-02-01 00:00:00-05:00,29.150518823942647,29.225939933088863,28.92425309891017,29.125377655029297,189100,0.0,0.0,0.0
2012-02-02 00:00:00-05:00,29.131671166772676,29.131671166772676,28.94311713415043,29.031108856201172,54300,0.0,0.0,0.0
2012-02-03 00:00:00-05:00,29.332791252026,29.351648330688477,29.163094327223362,29.351648330688477,66000,0.0,0.0,0.0
2012-02-06 00:00:00-05:00,29.320222508767245,29.320222508767245,29.018533231813183,29.19451904296875,42400,0.0,0.0,0.0
2012-02-07 00:00:00-05:00,29.169378617823362,29.276227405648296,29.144237444500522,29.207090377807617,16400,0.0,0.0,0.0
2012-02-08 00:00:00-05:00,29.251089924403455,29.27623110089962,28.993398859304186,29.200807571411133,15600,0.0,0.0,0.0
2012-02-09 00:00:00-05:00,29.301373630790177,29.301373630790177,28.842557890175836,28.93054962158203,21200,0.0,0.0,0.0
2012-02-10 00:00:00-05:00,28.71056672782266,28.842554308541892,28.641429690990332,28.697996139526367,15400,0.0,0.0,0.0
2012-02-13 00:00:00-05:00,29.049951605441816,29.049951605441816,28.84254059357123,28.987098693847656,375000,0.0,0.0,0.0
2012-02-14 00:00:00-05:00,28.873976491436373,28.873976491436373,28.534580234124633,28.62257194519043,154200,0.0,0.0,0.0
2012-02-15 00:00:00-05:00,28.72314203308571,28.72314203308571,28.31460623794667,28.383743286132812,59300,0.0,0.0,0.0
2012-02-16 00:00:00-05:00,28.377449673226916,28.628854203345416,28.371163181357318,28.559717178344727,27200,0.0,0.0,0.0
2012-02-17 00:00:00-05:00,28.61628839219769,28.635145473358886,28.364883820129094,28.603717803955078,18700,0.0,0.0,0.0
2012-02-21 00:00:00-05:00,28.672860386643453,28.672860386643453,27.968924092057595,28.038061141967773,570000,0.0,0.0,0.0
2012-02-22 00:00:00-05:00,28.03177573667457,28.132338068378704,27.84322166442871,27.84322166442871,92900,0.0,0.0,0.0
2012-02-23 00:00:00-05:00,27.87463679993433,28.201464858438545,27.799215678000813,28.188894271850586,53000,0.0,0.0,0.0
2012-02-24 00:00:00-05:00,28.195186199296803,28.28317792478097,28.031770939745037,28.220327377319336,59100,0.0,0.0,0.0
2012-02-27 00:00:00-05:00,28.038052771898737,28.207752098947346,27.86835344485013,28.201465606689453,53000,0.0,0.0,0.0
2012-02-28 00:00:00-05:00,28.220323430048794,28.28317396871931,27.912350036336772,27.950061798095703,28200,0.0,0.0,0.0
2012-02-29 00:00:00-05:00,28.02547916755585,28.138612040074236,27.849495764791268,27.887205123901367,83400,0.0,0.0,0.0
2012-03-01 00:00:00-05:00,27.950068662681844,28.031773903501595,27.8997863013205,28.025489807128906,32000,0.0,0.0,0.0
2012-03-02 00:00:00-05:00,28.03176722595895,28.07576308287225,27.899779655219064,27.981487274169922,36200,0.0,0.0,0.0
2012-03-05 00:00:00-05:00,27.9312092240603,28.33974498410352,27.906070443093522,28.314603805541992,27600,0.0,0.0,0.0
2012-03-06 00:00:00-05:00,28.28318016343714,28.28946425964282,27.987777292277542,28.01291847229004,145100,0.0,0.0,0.0
2012-03-07 00:00:00-05:00,28.17003808326264,28.17003808326264,27.78664360442686,28.075759887695312,21000,0.0,0.0,0.0
2012-03-08 00:00:00-05:00,28.232891619707406,28.232891619707406,27.91863413116608,27.950061798095703,19900,0.0,0.0,0.0
2012-03-09 00:00:00-05:00,27.962635631725934,28.308318429735245,27.95634913857242,28.232894897460938,30100,0.0,0.0,0.0
2012-03-12 00:00:00-04:00,28.302026683674903,28.572288296843514,28.27688790851058,28.452871322631836,26000,0.0,0.0,0.0
2012-03-13 00:00:00-04:00,28.654002686750125,28.999685502360926,28.616290918692762,28.943119049072266,27800,0.0,0.0,0.0
2012-03-14 00:00:00-04:00,28.980820908800272,29.037387342749284,28.685418154000548,28.817405700683594,11400,0.0,0.0,0.0
2012-03-15 00:00:00-04:00,28.817407174589352,28.817407174589352,28.635139675959277,28.66656494140625,12200,0.0,0.0,0.0
2012-03-16 00:00:00-04:00,28.76084646789089,28.848840585305545,28.679141240969095,28.842554092407227,216300,0.0,0.0,0.0
2012-03-19 00:00:00-04:00,28.82999633577446,29.175679273606672,28.76714576438519,29.043691635131836,38300,0.0,0.0,0.0
2012-03-20 00:00:00-04:00,28.905393505165385,29.10023153712372,28.905393505165385,28.987098693847656,13300,0.0,0.0,0.0
2012-03-21 00:00:00-04:00,29.056249085804687,29.081390262026435,28.892836235552377,28.899120330810547,15400,0.0,0.0,0.0
2012-03-22 00:00:00-04:00,28.773420048705635,28.773420048705635,28.352316089313543,28.47173309326172,30400,0.0,0.0,0.0
2012-03-23 00:00:00-04:00,28.4968737429879,28.798560692828367,28.49058964714726,28.73571014404297,11400,0.0,0.0,0.0
2012-03-26 00:00:00-04:00,28.932866457567282,29.072333285442593,28.86313304362963,29.027957916259766,17800,0.391,0.0,0.0
2012-03-27 00:00:00-04:00,29.040635005329246,29.224474771872455,29.03429428542453,29.05965232849121,31600,0.0,0.0,0.0
2012-03-28 00:00:00-04:00,29.04697975279547,29.04697975279547,28.78072749633935,29.021621704101562,25900,0.0,0.0,0.0
2012-03-29 00:00:00-04:00,28.90116934168749,29.154744945935505,28.742685193601524,29.12938690185547,21400,0.0,0.0,0.0
2012-03-30 00:00:00-04:00,29.319567859979486,29.47805201057397,29.19912077610712,29.420997619628906,34000,0.0,0.0,0.0
2012-04-02 00:00:00-04:00,29.382962830166605,29.61752113238423,29.351266481246398,29.5921630859375,30300,0.0,0.0,0.0
2012-04-03 00:00:00-04:00,29.554117262614696,29.585813602146743,29.370277526018548,29.459028244018555,8500,0.0,0.0,0.0
2012-04-04 00:00:00-04:00,29.19911766052246,29.300547409349193,29.05965084903222,29.19911766052246,28600,0.0,0.0,0.0
2012-04-05 00:00:00-04:00,29.097685552441817,29.21813261369642,29.034290453142734,29.091344833374023,9400,0.0,0.0,0.0
2012-04-09 00:00:00-04:00,28.685630184620432,28.932865063375854,28.622237494064322,28.81241798400879,11100,0.0,0.0,0.0
2012-04-10 00:00:00-04:00,28.749025426456136,28.83143786611353,28.210180254081962,28.24187660217285,13800,0.0,0.0,0.0
2012-04-11 00:00:00-04:00,28.520804462880662,28.5651798248291,28.368658637431828,28.5651798248291,21200,0.0,0.0,0.0
2012-04-12 00:00:00-04:00,28.62223466368102,28.920183181762695,28.590535903261443,28.920183181762695,13700,0.0,0.0,0.0
2012-04-13 00:00:00-04:00,28.88847541809082,29.05963849992567,28.81874204197941,28.88847541809082,49500,0.0,0.0,0.0
2012-04-16 00:00:00-04:00,29.008946246518146,29.44002345421065,28.983590612983292,29.256183624267578,18200,0.0,0.0,0.0
2012-04-17 00:00:00-04:00,29.4717071219663,29.490724441939072,29.20545255096911,29.401973724365234,23000,0.0,0.0,0.0
2012-04-18 00:00:00-04:00,29.300547409349193,29.34492277331864,29.19277694094056,29.19911766052246,12900,0.0,0.0,0.0
2012-04-19 00:00:00-04:00,29.237147467255404,29.268843805092455,29.02160898437766,29.15473747253418,258300,0.0,0.0,0.0
2012-04-20 00:00:00-04:00,29.256179019129927,29.636540063327253,29.256179019129927,29.54144859313965,10400,0.0,0.0,0.0
2012-04-23 00:00:00-04:00,29.211790215777135,29.306879223975304,29.091340753140518,29.300540924072266,11400,0.0,0.0,0.0
2012-04-24 00:00:00-04:00,29.35126206895843,29.750642776489258,29.35126206895843,29.750642776489258,7300,0.0,0.0,0.0
2012-04-25 00:00:00-04:00,29.928144161062992,30.105648040771484,29.909126838274098,30.105648040771484,14600,0.0,0.0,0.0
2012-04-26 00:00:00-04:00,29.95350099509127,30.162701210432616,29.858409548431396,30.099306106567383,16200,0.0,0.0,0.0
2012-04-27 00:00:00-04:00,30.18806279189848,30.30217158310152,30.035919349145374,30.2451171875,140100,0.0,0.0,0.0
2012-04-30 00:00:00-04:00,30.270472215351305,30.270472215351305,29.934486596024055,30.111988067626953,24000,0.0,0.0,0.0
2012-05-01 00:00:00-04:00,30.105646652953396,30.600116368878762,30.105646652953396,30.36556053161621,23700,0.0,0.0,0.0
2012-05-02 00:00:00-04:00,30.18171835887824,30.397256874228564,30.150022016265883,30.36556053161621,20000,0.0,0.0,0.0
2012-05-03 00:00:00-04:00,30.403593864039138,30.454309944652113,30.226092418445386,30.238771438598633,26000,0.0,0.0,0.0
2012-05-04 00:00:00-04:00,30.15635581321484,30.15635581321484,29.91545929244544,30.080284118652344,9900,0.0,0.0,0.0
2012-05-07 00:00:00-04:00,29.9851942606992,30.46064660865408,29.9851942606992,30.35287857055664,11000,0.0,0.0,0.0
2012-05-08 00:00:00-04:00,30.30850288921651,30.327520209084238,30.09930269756884,30.302162170410156,56000,0.0,0.0,0.0
2012-05-09 00:00:00-04:00,30.035906432363614,30.454304347419484,29.991531079120975,30.264123916625977,90000,0.0,0.0,0.0
2012-05-10 00:00:00-04:00,30.466990679762205,30.466990679762205,30.131002672478395,30.27680778503418,18700,0.0,0.0,0.0
2012-05-11 00:00:00-04:00,30.099299087466125,30.352874607241812,30.004210081256776,30.295820236206055,16000,0.0,0.0,0.0
2012-05-14 00:00:00-04:00,30.061262872225,30.23876670832753,29.947156545247196,29.9598331451416,83500,0.0,0.0,0.0
2012-05-15 00:00:00-04:00,30.016893205258516,30.016893205258516,29.76332004864164,29.775999069213867,37000,0.0,0.0,0.0
2012-05-16 00:00:00-04:00,29.934485306623312,31.696828179558416,29.47171190539489,29.509746551513672,147300,0.0,0.0,0.0
2012-05-17 00:00:00-04:00,29.57314906914474,29.57314906914474,28.84412087102787,28.86313819885254,25900,0.0,0.0,0.0
2012-05-18 00:00:00-04:00,29.00893533230121,29.11036508310983,28.533482921959056,28.62857437133789,22400,0.0,0.0,0.0
2012-05-21 00:00:00-04:00,28.609547836063225,29.205447127890732,28.609547836063225,29.16107177734375,33600,0.0,0.0,0.0
2012-05-22 00:00:00-04:00,29.256183624267578,29.3956480726785,29.14207480939151,29.256183624267578,23300,0.0,0.0,0.0
2012-05-23 00:00:00-04:00,29.08499350718976,29.29419119550044,28.863114386422737,29.237136840820312,28000,0.0,0.0,0.0
2012-05-24 00:00:00-04:00,29.37661188983462,29.40830822511902,29.078661017955454,29.37027359008789,34700,0.0,0.0,0.0
2012-05-25 00:00:00-04:00,29.40196961078455,29.51607835120777,29.249823817461806,29.287860870361328,15300,0.0,0.0,0.0
2012-05-29 00:00:00-04:00,29.49706863912305,29.66823180792144,29.389300580033044,29.642873764038086,12700,0.0,0.0,0.0
2012-05-30 00:00:00-04:00,29.49072749873303,29.49706579995571,28.996257781982422,28.996257781982422,20300,0.0,0.0,0.0
2012-05-31 00:00:00-04:00,29.00892731898219,29.45902398099616,28.831425908668447,29.287860870361328,24000,0.0,0.0,0.0
2012-06-01 00:00:00-04:00,29.05965050582633,29.05965050582633,28.62857347383492,28.672948837280273,14300,0.0,0.0,0.0
2012-06-04 00:00:00-04:00,28.647582733170776,28.691958084127045,28.298918224967842,28.470081329345703,26600,0.0,0.0,0.0
2012-06-05 00:00:00-04:00,28.336965933779485,29.078670580090712,28.336965933779485,28.98358154296875,22500,0.0,0.0,0.0
2012-06-06 00:00:00-04:00,29.135720294925346,29.51608363721342,29.046969573874197,29.50340461730957,5500,0.0,0.0,0.0
2012-06-07 00:00:00-04:00,29.871087853535183,29.871087853535183,29.30054644207314,29.338581085205078,13000,0.0,0.0,0.0
2012-06-08 00:00:00-04:00,29.332242025436198,29.737960996855605,29.325901306227617,29.73162269592285,12700,0.0,0.0,0.0
2012-06-11 00:00:00-04:00,29.94081318902317,29.94081318902317,29.161071777343746,29.16107177734375,8200,0.0,0.0,0.0
2012-06-12 00:00:00-04:00,29.256169317300266,29.39563369750977,29.03429009986686,29.395633697509766,26600,0.0,0.0,0.0
2012-06-13 00:00:00-04:00,29.28153244176187,29.61117978375017,29.23081876822017,29.3068904876709,25100,0.0,0.0,0.0
2012-06-14 00:00:00-04:00,29.34492118167469,29.864748918501164,29.34492118167469,29.788677215576172,21400,0.0,0.0,0.0
2012-06-15 00:00:00-04:00,29.934470422141427,30.01688039327234,29.80134197209366,30.00420379638672,20500,0.0,0.0,0.0
2012-06-18 00:00:00-04:00,29.864743172263008,30.257783049739626,29.864743172263008,30.207069396972656,23300,0.0,0.0,0.0
2012-06-19 00:00:00-04:00,30.27858567153803,30.342439066440086,30.00402459861203,30.112571716308594,38900,0.342,0.0,0.0
2012-06-20 00:00:00-04:00,30.406306728310216,30.406306728310216,29.940187650388488,30.06789207458496,25500,0.0,0.0,0.0
2012-06-21 00:00:00-04:00,30.112583381437116,30.112583381437116,29.58899751920132,29.63369369506836,48700,0.0,0.0,0.0
2012-06-22 00:00:00-04:00,29.799703524322624,29.799703524322624,29.391051439138668,29.55706787109375,28400,0.0,0.0,0.0
2012-06-25 00:00:00-04:00,29.493206570627937,29.588985443115234,29.205874824681864,29.588985443115234,13400,0.0,0.0,0.0
2012-06-26 00:00:00-04:00,29.62092301114079,29.735856730730003,29.474063799612107,29.63369369506836,15700,0.0,0.0,0.0
2012-06-27 00:00:00-04:00,29.965709628794695,29.965709628794695,29.56982836218041,29.6719913482666,20600,0.0,0.0,0.0
2012-06-28 00:00:00-04:00,29.59538672714172,30.035966873168945,29.429372679083464,30.035966873168945,84000,0.0,0.0,0.0
2012-06-29 00:00:00-04:00,30.502077455291868,30.712787628173828,30.387143747989473,30.712787628173828,40300,0.0,0.0,0.0
2012-07-02 00:00:00-04:00,30.846874898125243,31.025659561157227,30.680858480374102,31.025659561157227,20400,0.0,0.0,0.0
2012-07-03 00:00:00-04:00,31.095897107916116,31.223601482627394,31.025659580036994,31.159748077392578,18100,0.0,0.0,0.0
2012-07-05 00:00:00-04:00,31.325765526002627,31.325765526002627,30.88518554053958,30.987348556518555,10600,0.0,0.0,0.0
2012-07-06 00:00:00-04:00,30.77024453701635,31.1469710256937,30.655310866860017,31.11504554748535,26100,0.0,0.0,0.0
2012-07-09 00:00:00-04:00,31.268291524938675,31.281062203484673,31.02565350408047,31.24275016784668,16100,0.0,0.0,0.0
2012-07-10 00:00:00-04:00,31.35129640529081,31.35129640529081,30.73193434555304,30.885177612304688,17100,0.0,0.0,0.0
2012-07-11 00:00:00-04:00,30.929861960771493,30.974558099491354,30.712765385950654,30.96817398071289,43800,0.0,0.0,0.0
2012-07-12 00:00:00-04:00,30.757473581709974,31.427920796839334,30.757473581709974,31.30660057067871,34300,0.0,0.0,0.0
2012-07-13 00:00:00-04:00,31.38962124996826,31.79827337575408,31.35130919976629,31.766347885131836,25000,0.0,0.0,0.0
2012-07-16 00:00:00-04:00,31.830196035261036,31.919590811114478,31.683336842853976,31.887662887573242,46900,0.0,0.0,0.0
2012-07-17 00:00:00-04:00,32.07921700659318,32.30908195372,31.766341416386574,32.20053482055664,79400,0.0,0.0,0.0
2012-07-18 00:00:00-04:00,32.21329179684317,32.21329179684317,31.989808631555473,32.098358154296875,39000,0.0,0.0,0.0
2012-07-19 00:00:00-04:00,32.3090767876432,32.3090767876432,31.587551705993654,31.817419052124023,78300,0.0,0.0,0.0
2012-07-20 00:00:00-04:00,31.68333418006304,31.83019336012748,31.587557724764515,31.759958267211914,25300,0.0,0.0,0.0
2012-07-23 00:00:00-04:00,31.453456250140302,31.78548654258091,31.383221180760373,31.72801971435547,99000,0.0,0.0,0.0
2012-07-24 00:00:00-04:00,31.76633831382068,31.791879672926292,31.447078632274742,31.63224983215332,65100,0.0,0.0,0.0
2012-07-25 00:00:00-04:00,32.07282674999377,32.07282674999377,31.453462199278736,31.69610023498535,109500,0.0,0.0,0.0
2012-07-26 00:00:00-04:00,32.309084119751205,32.309084119751205,31.517321343131133,31.670564651489258,26500,0.0,0.0,0.0
2012-07-27 00:00:00-04:00,31.849345971820366,32.16860564794114,31.84295941427346,31.989818572998047,29000,0.0,0.0,0.0
2012-07-30 00:00:00-04:00,32.021753604347936,32.213308965431786,31.945129511307545,32.12391662597656,65200,0.0,0.0,0.0
2012-07-31 00:00:00-04:00,32.143068540357824,32.264386356455745,32.072831012600695,32.13668441772461,33800,0.0,0.0,0.0
2012-08-01 00:00:00-04:00,32.45593591948875,32.45593591948875,31.85572624206543,31.85572624206543,142700,0.0,0.0,0.0
2012-08-02 00:00:00-04:00,31.811039553474743,31.887661207267275,31.593942837930513,31.881277084350586,33400,0.0,0.0,0.0
2012-08-03 00:00:00-04:00,32.634732974236954,32.634732974236954,31.842967699709185,31.874893188476562,35200,0.0,0.0,0.0
2012-08-06 00:00:00-04:00,32.02813625574372,32.040906937330256,31.734417886528696,31.747188568115234,38900,0.0,0.0,0.0
2012-08-07 00:00:00-04:00,31.906815391617155,31.906815391617155,31.281066668100035,31.287450790405273,96900,0.0,0.0,0.0
2012-08-08 00:00:00-04:00,31.287455637044612,31.287455637044612,30.89795835061717,30.980966567993164,117500,0.0,0.0,0.0
2012-08-09 00:00:00-04:00,31.000111280247328,31.1086608269744,30.878793491089123,30.885177612304688,16400,0.0,0.0,0.0
2012-08-10 00:00:00-04:00,30.91070716867923,30.96817398071289,30.878781703273173,30.96817398071289,18100,0.0,0.0,0.0
2012-08-13 00:00:00-04:00,30.980956480842824,30.98734060205839,30.802171857713297,30.885177612304688,48800,0.0,0.0,0.0
2012-08-14 00:00:00-04:00,31.025665933282763,31.025665933282763,30.776643691269616,30.80218505859375,20900,0.0,0.0,0.0
2012-08-15 00:00:00-04:00,30.776648524683615,30.974588063134526,30.776648524683615,30.897966384887695,42300,0.0,0.0,0.0
2012-08-16 00:00:00-04:00,30.91072799420971,31.044816500708937,30.763868805792672,31.019277572631836,19000,0.0,0.0,0.0
2012-08-17 00:00:00-04:00,31.121430246654853,31.121430246654853,30.961800429385047,31.089502334594727,17500,0.0,0.0,0.0
2012-08-20 00:00:00-04:00,31.083117127825204,31.083117127825204,30.866020486491696,30.993724822998047,24100,0.0,0.0,0.0
2012-08-21 00:00:00-04:00,31.102279354722306,31.115050034999047,30.980961545730597,31.0001163482666,100600,0.0,0.0,0.0
2012-08-22 00:00:00-04:00,30.949042290163142,31.095901489257816,30.73832967683685,31.095901489257812,30700,0.0,0.0,0.0
2012-08-23 00:00:00-04:00,31.025662738328254,31.18529261402746,30.91711315625832,30.980966567993164,25900,0.0,0.0,0.0
2012-08-24 00:00:00-04:00,30.93627299032631,31.191679351394654,30.93627299032631,31.134212493896484,12200,0.0,0.0,0.0
2012-08-27 00:00:00-04:00,31.325766354378413,31.325766354378413,31.08312827160264,31.185291290283203,19200,0.0,0.0,0.0
2012-08-28 00:00:00-04:00,31.281063728484256,31.357685367737787,31.089505976713433,31.325759887695312,25500,0.0,0.0,0.0
2012-08-29 00:00:00-04:00,31.364067405239577,31.364067405239577,31.281061649796644,31.30660057067871,15100,0.0,0.0,0.0
2012-08-30 00:00:00-04:00,31.25553032771187,31.30661062163312,31.172522109861404,31.268301010131836,49800,0.0,0.0,0.0
2012-08-31 00:00:00-04:00,31.421522082324987,31.421522082324987,31.121419783072795,31.261892318725586,19100,0.0,0.0,0.0
2012-09-04 00:00:00-04:00,31.31298106909696,31.56200315875916,31.14696471881725,31.549232482910156,31400,0.0,0.0,0.0
2012-09-05 00:00:00-04:00,31.664169025573734,31.664169025573734,31.41514691313774,31.53646469116211,19400,0.0,0.0,0.0
2012-09-06 00:00:00-04:00,31.702491306614412,31.72803023314787,31.619483097045162,31.715259552001953,47900,0.0,0.0,0.0
2012-09-07 00:00:00-04:00,31.791882348680424,31.791882348680424,31.60032701078228,31.625865936279297,18300,0.0,0.0,0.0
2012-09-10 00:00:00-04:00,31.606700631561644,31.606700631561644,31.274670352838182,31.293825149536133,31400,0.0,0.0,0.0
2012-09-11 00:00:00-04:00,31.32576723097952,31.35769271850586,31.210833527277842,31.35769271850586,34200,0.0,0.0,0.0
2012-09-12 00:00:00-04:00,31.41514722311995,31.41514722311995,31.24274673532677,31.319368362426758,19500,0.0,0.0,0.0
2012-09-13 00:00:00-04:00,31.357693648793223,31.67056684589535,31.351307089643345,31.638641357421875,32200,0.0,0.0,0.0
2012-09-14 00:00:00-04:00,31.71526480661926,31.9579029170754,31.65141382606917,31.689725875854492,121800,0.0,0.0,0.0
2012-09-17 00:00:00-04:00,31.798257382984378,31.842953534527577,31.562005948290672,31.587547302246094,75000,0.0,0.0,0.0
2012-09-18 00:00:00-04:00,31.555628682197256,31.555628682197256,31.127821838402674,31.166133880615234,56000,0.0,0.0,0.0
2012-09-19 00:00:00-04:00,31.261915494742624,31.261915494742624,31.089514929955307,31.095901489257812,45300,0.0,0.0,0.0
2012-09-20 00:00:00-04:00,31.02565489900887,31.02565489900887,30.604232231075088,30.66808319091797,44000,0.0,0.0,0.0
2012-09-21 00:00:00-04:00,30.770253371617677,30.770253371617677,30.642551422119144,30.64255142211914,22900,0.0,0.0,0.0
2012-09-24 00:00:00-04:00,30.534004557039545,30.763871983789056,30.534004557039545,30.610626220703125,26200,0.0,0.0,0.0
2012-09-25 00:00:00-04:00,30.705242120175594,30.724552807112435,30.21601676940918,30.21601676940918,75900,0.387,0.0,0.0
2012-09-26 00:00:00-04:00,30.190278096105406,30.492822913378717,30.125905029763235,30.319019317626953,50900,0.0,0.0,0.0
2012-09-27 00:00:00-04:00,30.434890252780185,30.62800700809927,30.319021181821352,30.370519638061523,44900,0.0,0.0,0.0
2012-09-28 00:00:00-04:00,30.299709994336954,30.402704449555912,30.190279459983717,30.306148529052734,38600,0.0,0.0,0.0
2012-10-01 00:00:00-04:00,30.35119652249383,30.389817893285286,29.79116209021226,30.113019943237305,61900,0.0,0.0,0.0
2012-10-02 00:00:00-04:00,30.145208654112302,30.409132003784183,30.119459435710016,30.40913200378418,15300,0.0,0.0,0.0
2012-10-03 00:00:00-04:00,30.434878766605845,30.640867602662894,30.357633566979608,30.40913200378418,58500,0.0,0.0,0.0
2012-10-04 00:00:00-04:00,30.486388254428945,30.563633482055824,30.19671558135126,30.254650115966797,21800,0.0,0.0,0.0
2012-10-05 00:00:00-04:00,30.344767820387286,30.505696799032176,30.31258251577458,30.376953125,55500,0.0,0.0,0.0
2012-10-08 00:00:00-04:00,30.306146651046387,30.306146651046387,30.170964441788474,30.26752281188965,13100,0.0,0.0,0.0
2012-10-09 00:00:00-04:00,30.26108692390283,30.376955995924437,30.196716308593746,30.19671630859375,28000,0.0,0.0,0.0
2012-10-10 00:00:00-04:00,30.196716745895785,30.37052035644518,30.125907594681408,30.32546043395996,30500,0.0,0.0,0.0
2012-10-11 00:00:00-04:00,30.454197204207205,30.518567805826397,30.22889518737793,30.22889518737793,17000,0.0,0.0,0.0
2012-10-12 00:00:00-04:00,30.280388082350353,30.331884063089618,30.0743992482321,30.11945915222168,20000,0.0,0.0,0.0
2012-10-15 00:00:00-04:00,30.10015577348989,30.357643127441403,29.964976017676975,30.357643127441406,8500,0.0,0.0,0.0
2012-10-16 00:00:00-04:00,30.45419171518129,30.5443115234375,30.38981866958357,30.5443115234375,30400,0.0,0.0,0.0
2012-10-17 00:00:00-04:00,30.41558270534103,30.422018785245957,30.26108977622299,30.364084243774414,38100,0.0,0.0,0.0
2012-10-18 00:00:00-04:00,30.364082238827283,30.801809310913082,30.364082238827283,30.801809310913086,39100,0.0,0.0,0.0
2012-10-19 00:00:00-04:00,30.833989630429286,30.975605445030904,30.673060670887548,30.705245971679688,16100,0.0,0.0,0.0
2012-10-22 00:00:00-04:00,30.743864447124295,30.808237498210598,30.351199885611518,30.512128829956055,12000,0.0,0.0,0.0
2012-10-23 00:00:00-04:00,30.34476732007326,30.376952624155308,30.100154589003342,30.31258201599121,58700,0.0,0.0,0.0
2012-10-24 00:00:00-04:00,30.376955717300767,30.505699402319642,30.25465056710269,30.370519638061523,17100,0.0,0.0,0.0
2012-10-25 00:00:00-04:00,30.499262868297013,30.57650809592389,30.04222267051599,30.254650115966797,17900,0.0,0.0,0.0
2012-10-26 00:00:00-04:00,30.177395569674943,30.20958086661565,29.9649681898209,30.132335662841797,48300,0.0,0.0,0.0
2012-10-31 00:00:00-04:00,30.286835578680524,30.602257481117277,30.286835578680524,30.570072174072266,21900,0.0,0.0,0.0
2012-11-01 00:00:00-04:00,30.660182743708333,30.898356890510062,30.660182743708333,30.808237075805664,24900,0.0,0.0,0.0
2012-11-02 00:00:00-04:00,30.96917583273058,31.265284590768378,30.962737297879315,31.033546447753906,14800,0.0,0.0,0.0
2012-11-05 00:00:00-05:00,31.014236767476035,31.014236767476035,30.666629541599374,30.801809310913086,32100,0.0,0.0,0.0
2012-11-06 00:00:00-05:00,30.9176852275518,31.014243630188602,30.763194730031536,30.924123764038086,27200,0.0,0.0,0.0
2012-11-07 00:00:00-05:00,30.76316747794204,30.988466943732867,30.74385434117425,30.982030868530273,14100,0.0,0.0,0.0
2012-11-08 00:00:00-05:00,30.89837015266195,30.89837015266195,30.50570297241211,30.50570297241211,82300,0.0,0.0,0.0
2012-11-09 00:00:00-05:00,30.409143247067068,30.711688080622757,30.383394019144426,30.49282455444336,21200,0.0,0.0,0.0
2012-11-12 00:00:00-05:00,30.570063369046675,30.570063369046675,30.338325296139157,30.4735050201416,21000,0.0,0.0,0.0
2012-11-13 00:00:00-05:00,30.344757569562635,30.608680907160515,30.344757569562635,30.48637580871582,118000,0.0,0.0,0.0
2012-11-14 00:00:00-05:00,30.56362890295557,30.56362890295557,29.797607909433736,29.887727737426758,31600,0.0,0.0,0.0
2012-11-15 00:00:00-05:00,29.887731115241255,29.990725566813545,29.591622373918604,29.746112823486328,61000,0.0,0.0,0.0
2012-11-16 00:00:00-05:00,29.752538324239396,30.022897720336914,29.604484018436423,30.022897720336914,14000,0.0,0.0,0.0
2012-11-19 00:00:00-05:00,30.10659569774909,30.37051914272152,30.10659569774909,30.306148529052734,34300,0.0,0.0,0.0
2012-11-20 00:00:00-05:00,30.33832219455438,30.42844200134277,30.183829343216733,30.428442001342773,54100,0.0,0.0,0.0
2012-11-21 00:00:00-05:00,30.44132066461026,30.479942040903072,30.158084142031527,30.24176788330078,17000,0.0,0.0,0.0
2012-11-23 00:00:00-05:00,30.331896960134646,30.460640650095193,30.254651728390975,30.441329956054688,12600,0.0,0.0,0.0
2012-11-26 00:00:00-05:00,30.383396590898453,30.724565295215783,30.25465289596947,30.499265670776367,82700,0.0,0.0,0.0
2012-11-27 00:00:00-05:00,30.31901977414252,30.737436117131864,30.042221723656915,30.43488883972168,63300,0.0,0.0,0.0
2012-11-28 00:00:00-05:00,30.29327132465824,30.389827236904388,30.04865859358832,30.31258201599121,24700,0.0,0.0,0.0
2012-11-29 00:00:00-05:00,30.525008678376263,30.525008678376263,30.177403937220223,30.43488883972168,67200,0.0,0.0,0.0
2012-11-30 00:00:00-05:00,30.518561808131164,30.627994756074617,30.376943565703368,30.428442001342773,35800,0.0,0.0,0.0
2012-12-03 00:00:00-05:00,30.64730594081325,30.67305515905234,30.428442496942203,30.5443115234375,40800,0.0,0.0,0.0
2012-12-04 00:00:00-05:00,30.59581182087873,30.73743008559302,30.518566610844093,30.634435653686523,50600,0.0,0.0,0.0
2012-12-05 00:00:00-05:00,30.737428390823872,30.737428390823872,30.4091344245921,30.4735050201416,25700,0.0,0.0,0.0
2012-12-06 00:00:00-05:00,30.447766717336354,30.756750106811523,30.447766717336354,30.756750106811523,12000,0.0,0.0,0.0
2012-12-07 00:00:00-05:00,30.93699225902498,30.93699225902498,30.679504873338157,30.756750106811523,43600,0.0,0.0,0.0
2012-12-10 00:00:00-05:00,30.795370827679655,30.904801359368612,30.68593784040925,30.737436294555664,82700,0.0,0.0,0.0
2012-12-11 00:00:00-05:00,30.85330465366496,30.859740732495027,30.69881175034805,30.769620895385742,55000,0.0,0.0,0.0
2012-12-12 00:00:00-05:00,30.827546575317864,30.827546575317864,30.60224704723747,30.724552154541016,27600,0.0,0.0,0.0
2012-12-13 00:00:00-05:00,30.769620157283914,31.188036483061637,30.376953057371566,30.46707534790039,18500,0.0,0.0,0.0
2012-12-14 00:00:00-05:00,30.550743264511148,30.550743264511148,30.376939749434026,30.454187393188477,15700,0.0,0.0,0.0
2012-12-17 00:00:00-05:00,30.853295280382614,30.853295280382614,30.473502899674045,30.647306442260742,32500,0.0,0.0,0.0
2012-12-18 00:00:00-05:00,30.66661932495781,30.885482788085938,30.66661932495781,30.885482788085938,44500,0.0,0.0,0.0
2012-12-19 00:00:00-05:00,31.254015245658508,31.254015245658508,30.838766098022464,30.83876609802246,34900,0.378,0.0,0.0
2012-12-20 00:00:00-05:00,30.83876914778165,31.34485626220703,30.83876914778165,31.34485626220703,41700,0.0,0.0,0.0
2012-12-21 00:00:00-05:00,30.90366016229551,31.448675460840825,30.90366016229551,31.331886291503906,94700,0.0,0.0,0.0
2012-12-24 00:00:00-05:00,31.318900037266783,31.500570923867016,31.195623717799513,31.422712326049805,16000,0.0,0.0,0.0
2012-12-26 00:00:00-05:00,31.500581610623904,31.500581610623904,31.189144638618032,31.254026412963867,16500,0.0,0.0,0.0
2012-12-27 00:00:00-05:00,31.234565865398928,31.409749645802563,31.065871748203566,31.370819091796875,22200,0.0,0.0,0.0
2012-12-28 00:00:00-05:00,31.25402237966193,31.468136662517807,31.163186917267577,31.182653427124023,121600,0.0,0.0,0.0
2012-12-31 00:00:00-05:00,31.169679084384693,31.44867515563965,31.111284500282935,31.44867515563965,31000,0.0,0.0,0.0
2013-01-02 00:00:00-05:00,32.071543186907874,32.071543186907874,31.61736344665142,31.747129440307617,54200,0.0,0.0,0.0
2013-01-03 00:00:00-05:00,31.77308134860613,31.967729090612202,31.734150810172785,31.837963104248047,44300,0.0,0.0,0.0
2013-01-04 00:00:00-05:00,31.89635427861383,31.922307968139652,31.773077965986282,31.92230796813965,51500,0.0,0.0,0.0
2013-01-07 00:00:00-05:00,31.93529966897574,31.974227746293472,31.82499767471934,31.94827651977539,71800,0.0,0.0,0.0
2013-01-08 00:00:00-05:00,31.935284812902562,32.052073940688686,31.818495685116435,31.92230796813965,53500,0.0,0.0,0.0
2013-01-09 00:00:00-05:00,32.01963194170377,32.07802650805969,31.922309314497358,32.04558563232422,111500,0.0,0.0,0.0
2013-01-10 00:00:00-05:00,32.2856533614203,32.2856533614203,31.94177559921085,32.08451843261719,63000,0.0,0.0,0.0
2013-01-11 00:00:00-05:00,32.110472125069315,32.110472125069315,31.915821906758726,32.08451843261719,45500,0.0,0.0,0.0
2013-01-14 00:00:00-05:00,32.19481658935547,32.20130624974187,32.116957990280284,32.19481658935547,51200,0.0,0.0,0.0
2013-01-15 00:00:00-05:00,32.110477767981955,32.38298416137695,32.110477767981955,32.38298416137695,38800,0.0,0.0,0.0
2013-01-16 00:00:00-05:00,32.35703347707852,32.35703347707852,32.19482656826509,32.32459259033203,57700,0.0,0.0,0.0
2013-01-17 00:00:00-05:00,32.43488693237305,32.4997686905772,32.408933239059216,32.43488693237305,41800,0.0,0.0,0.0
2013-01-18 00:00:00-05:00,32.538700103759766,32.538700103759766,32.344049873762806,32.538700103759766,67800,0.0,0.0,0.0
2013-01-22 00:00:00-05:00,32.551680756116454,32.64900588989258,32.4997758331619,32.64900588989258,70000,0.0,0.0,0.0
2013-01-23 00:00:00-05:00,32.694429017171004,32.694429017171004,32.571152639128954,32.61008071899414,34500,0.0,0.0,0.0
2013-01-24 00:00:00-05:00,32.79174946385753,32.86312090014913,32.51275338112548,32.6165657043457,57800,0.0,0.0,0.0
2013-01-25 00:00:00-05:00,32.7138878117419,32.78525924682617,32.62954200217046,32.78525924682617,38000,0.0,0.0,0.0
2013-01-28 00:00:00-05:00,32.947449956188,32.947449956188,32.655479647226684,32.79173278808594,48200,0.0,0.0,0.0
2013-01-29 00:00:00-05:00,32.856628523329434,32.94746398925781,32.79823394164964,32.94746398925781,58100,0.0,0.0,0.0
2013-01-30 00:00:00-05:00,32.999367212328394,32.999367212328394,32.60358203932077,32.67495346069336,33600,0.0,0.0,0.0
2013-01-31 00:00:00-05:00,32.62305580237922,32.62305580237922,32.27917791510858,32.31161880493164,75300,0.0,0.0,0.0
2013-02-01 00:00:00-05:00,32.40244744425202,32.55167748599113,32.32458883010134,32.3700065612793,89400,0.0,0.0,0.0
2013-02-04 00:00:00-05:00,32.27269072717647,32.45436169025058,32.21429613546247,32.31161880493164,59700,0.0,0.0,0.0
2013-02-05 00:00:00-05:00,32.40893845787541,32.40893845787541,32.05208378012736,32.14940643310547,49100,0.0,0.0,0.0
2013-02-06 00:00:00-05:00,32.07803739591295,32.35703347707852,32.05857335888126,32.32459259033203,36000,0.0,0.0,0.0
2013-02-07 00:00:00-05:00,32.36351607752026,32.3700032634216,32.09749690411682,32.20130920410156,36500,0.0,0.0,0.0
2013-02-08 00:00:00-05:00,32.25322283738216,32.53221893310547,32.25322283738216,32.53221893310547,48800,0.0,0.0,0.0
2013-02-11 00:00:00-05:00,32.55816356146911,32.69441673999518,32.55816356146911,32.6619758605957,46100,0.0,0.0,0.0
2013-02-12 00:00:00-05:00,32.7787691582872,32.934486389160156,32.62304945233348,32.934486389160156,22400,0.0,0.0,0.0
2013-02-13 00:00:00-05:00,32.93447934492898,32.999363573148834,32.86311040650748,32.921504974365234,56600,0.0,0.0,0.0
2013-02-14 00:00:00-05:00,32.895558963990716,32.940976696809265,32.83067472062078,32.85662841796875,22000,0.0,0.0,0.0
2013-02-15 00:00:00-05:00,32.856631467456474,32.953956604003906,32.75930880599008,32.953956604003906,20000,0.0,0.0,0.0
2013-02-19 00:00:00-05:00,32.992880325206606,33.12264633178711,32.947462594165536,33.12264633178711,20200,0.0,0.0,0.0
2013-02-20 00:00:00-05:00,33.18104398036215,33.38218143292192,33.10967254638672,33.10967254638672,38100,0.0,0.0,0.0
2013-02-21 00:00:00-05:00,33.15508861854577,33.24592655955496,32.86960537204503,32.94746398925781,31900,0.0,0.0,0.0
2013-02-22 00:00:00-05:00,33.044791572790714,33.17455759450939,33.044791572790714,33.168067932128906,37900,0.0,0.0,0.0
2013-02-25 00:00:00-05:00,33.31728440009373,33.375678962292874,32.61006246905087,32.66845703125,30900,0.0,0.0,0.0
2013-02-26 00:00:00-05:00,32.72686466131004,32.83067698277417,32.52572968070633,32.78525924682617,28600,0.0,0.0,0.0
2013-02-27 00:00:00-05:00,32.824184531684494,33.01234510762669,32.765789955532796,32.91501998901367,18100,0.0,0.0,0.0
2013-02-28 00:00:00-05:00,32.96043457533757,32.98638826783745,32.772274017333984,32.772274017333984,32900,0.0,0.0,0.0
2013-03-01 00:00:00-05:00,32.6554850777119,32.940968250093654,32.54518312980702,32.90852737426758,33000,0.0,0.0,0.0
2013-03-04 00:00:00-05:00,32.96043403965292,33.20049950367428,32.88257543849902,33.116153717041016,31600,0.0,0.0,0.0
2013-03-05 00:00:00-05:00,33.226451143376295,33.414611686699274,33.09668516608182,33.32377624511719,45900,0.0,0.0,0.0
2013-03-06 00:00:00-05:00,33.4210957349079,33.4210957349079,33.1485894357388,33.29133224487305,26000,0.0,0.0,0.0
2013-03-07 00:00:00-05:00,33.408115120891914,33.408115120891914,33.03179413991384,33.096675872802734,46800,0.0,0.0,0.0
2013-03-08 00:00:00-05:00,33.26539053685803,33.26539053685803,32.82418758162323,33.01234817504883,17800,0.0,0.0,0.0
2013-03-11 00:00:00-04:00,33.00585313231785,33.02531963972402,32.85013592355097,32.94097137451172,29800,0.0,0.0,0.0
2013-03-12 00:00:00-04:00,32.99936826013958,33.00585544634285,32.798230836710275,32.91501998901367,47200,0.0,0.0,0.0
2013-03-13 00:00:00-04:00,32.96043303621692,32.979899542222995,32.752808456073836,32.921504974365234,35600,0.0,0.0,0.0
2013-03-14 00:00:00-04:00,32.96043197943783,33.239427964137455,32.96043197943783,33.21347427368164,48500,0.0,0.0,0.0
2013-03-15 00:00:00-04:00,33.40164394224026,33.40164394224026,33.109671032545336,33.3043212890625,36000,0.0,0.0,0.0
2013-03-18 00:00:00-04:00,34.03100032461031,34.03100032461031,33.03180545532745,33.116153717041016,101300,0.0,0.0,0.0
2013-03-19 00:00:00-04:00,33.37569866598202,33.37569866598202,32.90854436767955,33.05128479003906,27400,0.0,0.0,0.0
2013-03-20 00:00:00-04:00,33.15509328396595,33.18753664786062,33.05128095471401,33.161582946777344,43200,0.0,0.0,0.0
2013-03-21 00:00:00-04:00,33.08371826236946,33.336760613907046,33.08371826236946,33.12264633178711,60200,0.0,0.0,0.0
2013-03-22 00:00:00-04:00,33.31079937535087,33.31079937535087,33.12912849232047,33.21347427368164,20000,0.0,0.0,0.0
2013-03-25 00:00:00-04:00,33.75190671483616,33.75190671483616,33.182724262730495,33.23506164550781,186900,0.423,0.0,0.0
2013-03-26 00:00:00-04:00,33.307031563422235,33.59489344108051,33.307031563422235,33.58835220336914,37400,0.0,0.0,0.0
2013-03-27 00:00:00-04:00,33.49022473848227,33.60144577366329,33.43134360119907,33.59490203857422,23800,0.0,0.0,0.0
2013-03-28 00:00:00-04:00,33.5948930392244,33.77153640375505,33.52947068008107,33.74536895751953,47400,0.0,0.0,0.0
2013-04-01 00:00:00-04:00,33.98745190992066,33.98745190992066,33.6472499793754,33.93511199951172,54300,0.0,0.0,0.0
2013-04-02 00:00:00-04:00,34.08557779241117,34.255679967079736,34.007070440250764,34.11174774169922,67000,0.0,0.0,0.0
2013-04-03 00:00:00-04:00,34.137918737337614,34.15754495205334,33.90893791330813,34.00053024291992,39700,0.0,0.0,0.0
2013-04-04 00:00:00-04:00,34.02014113873945,34.58278233380795,34.02014113873945,34.56315612792969,31000,0.0,0.0,0.0
2013-04-05 00:00:00-04:00,34.34072934277741,34.785605979981646,34.203338363714984,34.7659797668457,76400,0.0,0.0,0.0
2013-04-08 00:00:00-04:00,34.792132133744715,35.03419779101449,34.64819998826966,35.02765655517578,54900,0.0,0.0,0.0
2013-04-09 00:00:00-04:00,35.034210205078125,35.14543121936513,34.8575668264128,35.034210205078125,30200,0.0,0.0,0.0
2013-04-10 00:00:00-04:00,35.165062108172165,35.19777329471347,34.99496244073522,35.13235092163086,86400,0.0,0.0,0.0
2013-04-11 00:00:00-04:00,35.12581156454909,35.36133613012509,35.066930423155085,35.11927032470703,38200,0.0,0.0,0.0
2013-04-12 00:00:00-04:00,35.165056152329754,35.26973342895508,34.89682047499593,35.26973342895508,31000,0.0,0.0,0.0
2013-04-15 00:00:00-04:00,35.250111820650325,35.250111820650325,34.64167429093979,34.69401168823242,56800,0.0,0.0,0.0
2013-04-16 00:00:00-04:00,34.79214862446608,35.23048400878906,34.55662409140152,35.23048400878906,316700,0.0,0.0,0.0
2013-04-17 00:00:00-04:00,35.00804425687122,35.00804425687122,34.60896379548721,34.824859619140625,27100,0.0,0.0,0.0
2013-04-18 00:00:00-04:00,35.099640204936264,35.099640204936264,34.63513236529893,34.79869079589844,51500,0.0,0.0,0.0
2013-04-19 00:00:00-04:00,34.903371922346096,35.29591369628906,34.89028944268147,35.29591369628906,17000,0.0,0.0,0.0
2013-04-22 00:00:00-04:00,35.511805994899596,35.511805994899596,34.955708323790915,35.17160415649414,28300,0.0,0.0,0.0
2013-04-23 00:00:00-04:00,35.426753141717334,35.44637935259002,35.17159992185582,35.328617095947266,32400,0.0,0.0,0.0
2013-04-24 00:00:00-04:00,35.54452347893343,35.54452347893343,35.230489059358995,35.34825134277344,29800,0.0,0.0,0.0
2013-04-25 00:00:00-04:00,35.42021172453889,35.42021172453889,35.08000990484016,35.15851974487305,29600,0.0,0.0,0.0
2013-04-26 00:00:00-04:00,35.31554223517411,35.31554223517411,34.99496905251674,35.066932678222656,40300,0.0,0.0,0.0
2013-04-29 00:00:00-04:00,35.25664308795557,35.40057525728371,35.12579588817568,35.3940315246582,34000,0.0,0.0,0.0
2013-04-30 00:00:00-04:00,35.47909287414695,35.78003977397713,35.315534450886624,35.77349853515625,55700,0.0,0.0,0.0
2013-05-01 00:00:00-04:00,35.70807267009248,35.95013841403462,35.4463782202014,35.531429290771484,50200,0.0,0.0,0.0
2013-05-02 00:00:00-04:00,35.714624619151884,35.83892814749222,35.56415113883339,35.75387954711914,27300,0.0,0.0,0.0
2013-05-03 00:00:00-04:00,35.96322722026028,35.96322722026028,35.64919534433294,35.70807647705078,35700,0.0,0.0,0.0
2013-05-06 00:00:00-04:00,35.78004442638239,35.910891681145145,35.73424826157099,35.871639251708984,49100,0.0,0.0,0.0
2013-05-07 00:00:00-04:00,36.00246971307009,36.23145294189453,35.878166243047325,36.23145294189453,40900,0.0,0.0,0.0
2013-05-08 00:00:00-04:00,36.1922100625233,36.1922100625233,35.891263143043105,36.0417366027832,28200,0.0,0.0,0.0
2013-05-09 00:00:00-04:00,36.04173990645139,36.048281146298955,35.85855524227295,35.87818145751953,42900,0.0,0.0,0.0
2013-05-10 00:00:00-04:00,36.00248516755314,36.12679118663851,35.91089283498742,36.10716247558594,54600,0.0,0.0,0.0
2013-05-13 00:00:00-04:00,36.11370995456905,36.349234545982334,36.07445502409879,36.283809661865234,40200,0.0,0.0,0.0
2013-05-14 00:00:00-04:00,36.401549483012715,36.676328835245656,36.401549483012715,36.656700134277344,40900,0.0,0.0,0.0
2013-05-15 00:00:00-04:00,36.68288865150991,37.01654928424042,36.532415178285824,36.990379333496094,58900,0.0,0.0,0.0
2013-05-16 00:00:00-04:00,36.931490126300986,37.147385933530174,36.85952402532349,36.911861419677734,54200,0.0,0.0,0.0
2013-05-17 00:00:00-04:00,37.04925266323853,37.19972610473633,36.97728656171713,37.19972610473633,23400,0.0,0.0,0.0
2013-05-20 00:00:00-04:00,37.22590239716681,37.350205914632404,37.1604775229451,37.25861358642578,43800,0.0,0.0,0.0
2013-05-21 00:00:00-04:00,37.38945791807593,37.68386109410987,37.38945791807593,37.618438720703125,56100,0.0,0.0,0.0
2013-05-22 00:00:00-04:00,37.69695006157858,37.880137218790914,36.48007481994909,36.650177001953125,75200,0.0,0.0,0.0
2013-05-23 00:00:00-04:00,36.329600899822935,36.329600899822935,35.76695945133573,35.871639251708984,118400,0.0,0.0,0.0
2013-05-24 00:00:00-04:00,35.701529895747505,35.73424107893725,35.38095680650339,35.71461486816406,46700,0.0,0.0,0.0
2013-05-28 00:00:00-04:00,35.982857252213016,36.10061953014929,35.040761524426614,35.21086120605469,176800,0.0,0.0,0.0
2013-05-29 00:00:00-04:00,35.00149593686426,35.01458090772689,33.97434943332654,34.340721130371094,195800,0.0,0.0,0.0
2013-05-30 00:00:00-04:00,34.353815399184306,34.530458822916906,33.980902336539,34.0397834777832,85700,0.0,0.0,0.0
2013-05-31 00:00:00-04:00,33.91547171422684,34.2360472932594,33.6079811073694,33.614524841308594,67300,0.0,0.0,0.0
2013-06-03 00:00:00-04:00,33.634142089015235,34.12481718416467,33.39207640753824,34.05939483642578,695600,0.0,0.0,0.0
2013-06-04 00:00:00-04:00,34.09865287853366,34.16407773278073,33.63414764404297,33.63414764404297,110900,0.0,0.0,0.0
2013-06-05 00:00:00-04:00,33.58180399693768,33.71919242169379,33.28739844695848,33.36590576171875,60800,0.0,0.0,0.0
2013-06-06 00:00:00-04:00,33.3332081765564,33.843509674072266,33.10422487958381,33.843509674072266,53300,0.0,0.0,0.0
2013-06-07 00:00:00-04:00,34.03977206936758,34.03977206936758,33.28740495640709,33.74536895751953,63100,0.0,0.0,0.0
2013-06-10 00:00:00-04:00,33.804251587131716,33.804251587131716,33.33320505496186,33.359375,77700,0.0,0.0,0.0
2013-06-11 00:00:00-04:00,33.17619687584692,33.32012911687921,32.93413105786861,32.94721603393555,65300,0.0,0.0,0.0
2013-06-12 00:00:00-04:00,33.18273484768809,33.18273484768809,32.45653502419452,32.52195739746094,84100,0.0,0.0,0.0
2013-06-13 00:00:00-04:00,32.44998248111105,33.36591043243956,32.29296782961083,33.28740310668945,78800,0.0,0.0,0.0
2013-06-14 00:00:00-04:00,33.28086668988859,33.74537450063867,33.136936976990306,33.35283279418945,62200,0.0,0.0,0.0
2013-06-17 00:00:00-04:00,33.54255068515109,33.706109054498015,33.21543394645725,33.41824722290039,81300,0.0,0.0,0.0
2013-06-18 00:00:00-04:00,33.477130489553,33.83696094865439,33.33320080161545,33.63414764404297,51300,0.0,0.0,0.0
2013-06-19 00:00:00-04:00,33.69304232751971,33.69304232751971,32.56121809833217,32.593929290771484,53100,0.0,0.0,0.0
2013-06-20 00:00:00-04:00,32.31914629171215,32.31914629171215,31.220033458595065,31.42938804626465,101400,0.0,0.0,0.0
2013-06-21 00:00:00-04:00,31.51443405303876,32.33876985827702,31.449011685634034,32.09016036987305,111500,0.0,0.0,0.0
2013-06-24 00:00:00-04:00,31.815372780150224,32.665875750180184,31.291986529031977,32.04435348510742,93700,0.0,0.0,0.0
2013-06-25 00:00:00-04:00,32.29951403552865,32.881781574509624,32.04436331581369,32.6985969543457,107700,0.0,0.0,0.0
2013-06-26 00:00:00-04:00,32.86022278498876,33.30882669797557,32.86022278498876,33.21646499633789,54200,0.415,0.0,0.0
2013-06-27 00:00:00-04:00,33.36820020718363,33.90916329528547,33.36820020718363,33.86298370361328,65200,0.0,0.0,0.0
2013-06-28 00:00:00-04:00,33.83000059147263,34.00152696884868,33.579312065460456,33.76403045654297,40900,0.0,0.0,0.0
2013-07-01 00:00:00-04:00,34.04110693850329,34.04110693850329,33.49354778987776,33.585906982421875,45000,0.0,0.0,0.0
2013-07-02 00:00:00-04:00,33.592503726123866,34.14666141014677,33.58590771933995,34.05430221557617,26400,0.0,0.0,0.0
2013-07-03 00:00:00-04:00,33.98833255147745,33.98833255147745,33.40778579908997,33.78382110595703,30000,0.0,0.0,0.0
2013-07-05 00:00:00-04:00,33.8431803009432,33.8431803009432,32.774448980192936,33.51332473754883,35300,0.0,0.0,0.0
2013-07-08 00:00:00-04:00,33.65188797036129,33.84320494040143,33.513349136856384,33.55293273925781,42900,0.0,0.0,0.0
2013-07-09 00:00:00-04:00,33.750838127963,34.12027745082762,33.559521200947415,33.98833465576172,47500,0.0,0.0,0.0
2013-07-10 00:00:00-04:00,34.02131579361791,34.02131579361791,33.51333772710965,33.96854019165039,66100,0.0,0.0,0.0
2013-07-11 00:00:00-04:00,34.27199668501809,34.938303876916216,34.27199668501809,34.91191482543945,121100,0.0,0.0,0.0
2013-07-12 00:00:00-04:00,34.87235374389483,34.93172788543494,34.49631835300742,34.634857177734375,73000,0.0,0.0,0.0
2013-07-15 00:00:00-04:00,34.700818631705836,34.83935993831468,34.5358907817137,34.74040222167969,122700,0.0,0.0,0.0
2013-07-16 00:00:00-04:00,34.76680424438604,34.918537620960336,34.700831569831855,34.779998779296875,19300,0.0,0.0,0.0
2013-07-17 00:00:00-04:00,34.85914190809989,35.10323436145286,34.786573269281774,34.9976806640625,80100,0.0,0.0,0.0
2013-07-18 00:00:00-04:00,35.07026955947113,35.30776614492716,35.00429940422228,35.195613861083984,28900,0.0,0.0,0.0
2013-07-19 00:00:00-04:00,35.19559799639536,35.228585575750486,34.938310983658816,35.030670166015625,37500,0.0,0.0,0.0
2013-07-22 00:00:00-04:00,34.9976985520726,35.189015512815566,34.96471347664104,35.08346176147461,80200,0.0,0.0,0.0
2013-07-23 00:00:00-04:00,35.30775984817291,35.30775984817291,34.94491902581272,35.06366729736328,33700,0.0,0.0,0.0
2013-07-24 00:00:00-04:00,35.05047892340474,35.05047892340474,33.935564679810625,34.15327072143555,75400,0.0,0.0,0.0
2013-07-25 00:00:00-04:00,34.21263667124027,34.31159188014458,33.928960542502146,34.272010803222656,34600,0.0,0.0,0.0
2013-07-26 00:00:00-04:00,34.15985927161848,34.33138566391929,33.975140864463356,34.32478713989258,28100,0.0,0.0,0.0
2013-07-29 00:00:00-04:00,34.258829513273064,34.36438328686114,34.0411234396599,34.06751251220703,58900,0.0,0.0,0.0
2013-07-30 00:00:00-04:00,34.20602018755835,34.32476838917464,33.81679053039343,33.92234420776367,29200,0.0,0.0,0.0
2013-07-31 00:00:00-04:00,33.97513894161945,34.06090213291603,33.10432004774473,33.37480163574219,59600,0.0,0.0,0.0
2013-08-01 00:00:00-04:00,33.4473905551218,33.86300971603505,33.11753463745117,33.11753463745117,49400,0.0,0.0,0.0
2013-08-02 00:00:00-04:00,33.18349443626001,33.34182633452828,32.9855814508748,33.01197052001953,42700,0.0,0.0,0.0
2013-08-05 00:00:00-04:00,32.965784013595645,33.18348749701375,32.965784013595645,33.06473922729492,23400,0.0,0.0,0.0
2013-08-06 00:00:00-04:00,33.08453273401443,33.26265262441952,32.866826731030976,32.92620086669922,52200,0.0,0.0,0.0
2013-08-07 00:00:00-04:00,32.84043991600565,32.899814055739924,32.6557214886545,32.734886169433594,38100,0.0,0.0,0.0
2013-08-08 00:00:00-04:00,32.83383409907048,32.92619328515465,32.51717295395372,32.66230773925781,79500,0.0,0.0,0.0
2013-08-09 00:00:00-04:00,32.655711798926184,33.09771719510571,32.602933683000764,32.94598388671875,71600,0.0,0.0,0.0
2013-08-12 00:00:00-04:00,32.913012717193794,32.913012717193794,32.51718674704672,32.70850372314453,103800,0.0,0.0,0.0
2013-08-13 00:00:00-04:00,32.7084972102371,32.734883757486045,32.12795038856627,32.18732452392578,64700,0.0,0.0,0.0
2013-08-14 00:00:00-04:00,32.127953867938025,32.207118551457484,32.03559465106533,32.061981201171875,28700,0.0,0.0,0.0
2013-08-15 00:00:00-04:00,31.84428169046167,31.84428169046167,31.263734733030237,31.39567756652832,89200,0.0,0.0,0.0
2013-08-16 00:00:00-04:00,31.34289243173373,31.34289243173373,30.590821720213658,30.610614776611328,54100,0.0,0.0,0.0
2013-08-19 00:00:00-04:00,30.452286340791723,30.610618226820772,30.333538055419922,30.333538055419922,154800,0.0,0.0,0.0
2013-08-20 00:00:00-04:00,30.366517887719755,31.10539653947578,30.366517887719755,31.01303482055664,80300,0.0,0.0,0.0
2013-08-21 00:00:00-04:00,30.86789618228013,31.626562761977386,30.564429550401226,31.144973754882812,56300,0.0,0.0,0.0
2013-08-22 00:00:00-04:00,31.21754517420311,31.349487965669788,30.907479991746328,31.250530242919922,30900,0.0,0.0,0.0
2013-08-23 00:00:00-04:00,31.316517177771125,31.560609817504883,31.125200168730885,31.560609817504883,31400,0.0,0.0,0.0
2013-08-26 00:00:00-04:00,31.507827339211545,31.63977017270963,31.336303417284196,31.39567756652832,132000,0.0,0.0,0.0
2013-08-27 00:00:00-04:00,30.94706354231179,31.455041652981855,30.94706354231179,31.38247299194336,49600,0.0,0.0,0.0
2013-08-28 00:00:00-04:00,31.309916435442126,31.336305507221777,31.072419822626063,31.131793975830078,36100,0.0,0.0,0.0
2013-08-29 00:00:00-04:00,31.079009504058607,31.079009504058607,30.841512958831974,31.065814971923828,49900,0.0,0.0,0.0
2013-08-30 00:00:00-04:00,31.131777762269472,31.276915064869037,30.84150567366943,30.87449073791504,20800,0.0,0.0,0.0
2013-09-03 00:00:00-04:00,31.052617591979764,31.052617591979764,30.23457680744283,30.52484893798828,572700,0.0,0.0,0.0
2013-09-04 00:00:00-04:00,30.524844287078537,30.92067008811239,30.43248510127724,30.801921844482422,73500,0.0,0.0,0.0
2013-09-05 00:00:00-04:00,30.762339330676973,30.762339330676973,30.406094616505452,30.432483673095703,59800,0.0,0.0,0.0
2013-09-06 00:00:00-04:00,30.656790435364158,31.2901127933956,30.346725263232386,30.973451614379883,45400,0.0,0.0,0.0
2013-09-09 00:00:00-04:00,31.013033587576185,31.619969419060247,30.953659457502738,31.613370895385742,31200,0.0,0.0,0.0
2013-09-10 00:00:00-04:00,31.679353398505537,32.22691275355744,31.349497577009142,31.586994171142578,39900,0.0,0.0,0.0
2013-09-11 00:00:00-04:00,31.55399580083559,31.844267895505144,31.55399580083559,31.837669372558594,78400,0.0,0.0,0.0
2013-09-12 00:00:00-04:00,31.844268205429696,32.061971649400874,31.652951303704093,31.679340362548828,71800,0.0,0.0,0.0
2013-09-13 00:00:00-04:00,31.71892834156064,31.87725768334774,31.63976115406758,31.84427261352539,90100,0.0,0.0,0.0
2013-09-16 00:00:00-04:00,32.19390766902793,32.622720977143324,32.081757967378486,32.167518615722656,33200,0.0,0.0,0.0
2013-09-17 00:00:00-04:00,32.154347663247,32.41823081931837,32.029000836257836,32.06858444213867,33900,0.0,0.0,0.0
2013-09-18 00:00:00-04:00,32.08177737521824,33.335227966308594,31.732128498900266,33.335227966308594,40200,0.0,0.0,0.0
2013-09-19 00:00:00-04:00,33.40118398131814,33.651872464550316,33.24285216126722,33.24945068359375,71000,0.0,0.0,0.0
2013-09-20 00:00:00-04:00,33.275848296844735,33.275848296844735,32.668914903968144,32.68870544433594,37200,0.0,0.0,0.0
2013-09-23 00:00:00-04:00,32.64913519126586,32.80086858980544,32.32587533065506,32.352264404296875,31100,0.0,0.0,0.0
2013-09-24 00:00:00-04:00,32.387512469589,32.387512469589,32.06144276504905,32.06809616088867,33700,0.423,0.0,0.0
2013-09-25 00:00:00-04:00,32.06810454555791,32.42079554115799,32.028179083090755,32.254432678222656,161300,0.0,0.0,0.0
2013-09-26 00:00:00-04:00,32.28770407994862,32.434104208643454,32.22781334898217,32.42744827270508,18600,0.0,0.0,0.0
2013-09-27 00:00:00-04:00,32.3143196105957,32.487335850765405,32.094719438865724,32.3143196105957,38400,0.0,0.0,0.0
2013-09-30 00:00:00-04:00,32.08805851356931,32.360893411148396,31.7886049580569,31.921695709228516,47100,0.0,0.0,0.0
2013-10-01 00:00:00-04:00,32.05479066046932,32.74020728461833,31.915046484684797,32.47402572631836,122200,0.0,0.0,0.0
2013-10-02 00:00:00-04:00,32.34093943899537,32.44075817184553,32.054795112553784,32.42079544067383,46500,0.0,0.0,0.0
2013-10-03 00:00:00-04:00,32.221167767817555,32.221167767817555,31.655534879078406,31.788625717163086,29800,0.0,0.0,0.0
2013-10-04 00:00:00-04:00,31.7952701161616,31.901742248789972,31.50912578375488,31.662181854248047,17900,0.0,0.0,0.0
2013-10-07 00:00:00-04:00,31.455878461510675,31.981585517627888,31.455878461510675,31.841838836669922,19100,0.0,0.0,0.0
2013-10-08 00:00:00-04:00,31.921704731717544,32.001558189592664,31.642213821411133,31.642213821411133,26200,0.0,0.0,0.0
2013-10-09 00:00:00-04:00,31.715411993068514,31.941665558984475,31.6488678718855,31.702102661132812,48200,0.0,0.0,0.0
2013-10-10 00:00:00-04:00,32.07476054036041,32.50730246168676,31.954979075747982,32.493995666503906,21100,0.0,0.0,0.0
2013-10-11 00:00:00-04:00,32.380870321084515,32.806758880615234,32.31432618559386,32.806758880615234,45800,0.0,0.0,0.0
2013-10-14 00:00:00-04:00,32.64038924449355,32.800098690494295,32.48733573376124,32.76682662963867,30100,0.0,0.0,0.0
2013-10-15 00:00:00-04:00,32.593810777619936,32.83337369887942,32.53392004730506,32.686973571777344,16900,0.0,0.0,0.0
2013-10-16 00:00:00-04:00,32.813404022039016,33.279217894218434,32.813404022039016,33.26591110229492,102300,0.0,0.0,0.0
2013-10-17 00:00:00-04:00,33.186073408509586,33.82490892819246,33.159457271499285,33.79829025268555,45700,0.0,0.0,0.0
2013-10-18 00:00:00-04:00,33.86482602435593,33.90475402773759,33.54540961279059,33.671844482421875,41700,0.0,0.0,0.0
2013-10-21 00:00:00-04:00,33.6385576216317,33.65186695023895,33.265906574608174,33.485504150390625,50100,0.0,0.0,0.0
2013-10-22 00:00:00-04:00,33.5121385484169,33.9114084401939,33.5121385484169,33.765010833740234,52700,0.0,0.0,0.0
2013-10-23 00:00:00-04:00,33.6385610769414,33.858161213775766,33.55205170135558,33.851505279541016,16700,0.0,0.0,0.0
2013-10-24 00:00:00-04:00,33.82489314219051,33.82489314219051,33.45889287102348,33.57867431640625,40700,0.0,0.0,0.0
2013-10-25 00:00:00-04:00,33.64522522281885,34.13765785958067,33.6052972231507,34.08442306518555,82000,0.0,0.0,0.0
2013-10-28 00:00:00-04:00,34.07109815081778,34.11767952654717,33.50546317075519,33.83153533935547,52500,0.0,0.0,0.0
2013-10-29 00:00:00-04:00,33.81824531606937,33.81824531606937,33.40566609332067,33.558719635009766,79600,0.0,0.0,0.0
2013-10-30 00:00:00-04:00,33.53874876217597,33.56536488668673,33.272567209104956,33.339111328125,50900,0.0,0.0,0.0
2013-10-31 00:00:00-04:00,33.345775575373416,33.48551978324741,32.96646841771768,33.16610336303711,43500,0.0,0.0,0.0
2013-11-01 00:00:00-04:00,33.19938363623442,33.359093155060606,32.87996713707874,33.15945816040039,86800,0.0,0.0,0.0
2013-11-04 00:00:00-05:00,33.25926223047573,33.31249956345564,32.95980857870309,33.2725715637207,36600,0.0,0.0,0.0
2013-11-05 00:00:00-05:00,33.1261758366198,33.1261758366198,32.51396165700585,32.560543060302734,39900,0.0,0.0,0.0
2013-11-06 00:00:00-05:00,32.62708649537121,32.820068041164006,32.56054236023385,32.61377716064453,39400,0.0,0.0,0.0
2013-11-07 00:00:00-05:00,32.640385450083656,32.640385450083656,32.13464358378171,32.19453430175781,73400,0.0,0.0,0.0
2013-11-08 00:00:00-05:00,31.99490758602369,31.99490758602369,31.209674655953506,31.662181854248047,49100,0.0,0.0,0.0
2013-11-11 00:00:00-05:00,31.635566567979176,31.828548122275773,31.608947897352856,31.622257232666016,28800,0.0,0.0,0.0
2013-11-12 00:00:00-05:00,31.562353218001796,31.575662547717105,31.22297165649915,31.455881118774414,27000,0.0,0.0,0.0
2013-11-13 00:00:00-05:00,31.40929941974446,31.668825000358506,31.309480717125954,31.655515670776367,32300,0.0,0.0,0.0
2013-11-14 00:00:00-05:00,31.688804345643952,32.05480221637879,31.688804345643952,31.781967163085938,102400,0.0,0.0,0.0
2013-11-15 00:00:00-05:00,31.81523674543455,31.88178087923418,31.60229247108055,31.728727340698242,36800,0.0,0.0,0.0
2013-11-18 00:00:00-05:00,31.735384537843576,31.788621882053313,31.449240158956954,31.489168167114258,30800,0.0,0.0,0.0
2013-11-19 00:00:00-05:00,31.40931894004118,31.40931894004118,31.103211784897383,31.169755935668945,33500,0.0,0.0,0.0
2013-11-20 00:00:00-05:00,31.20300531317128,31.442568143279235,30.737188981127442,30.850317001342773,49400,0.0,0.0,0.0
2013-11-21 00:00:00-05:00,30.85698660108139,31.09654955699858,30.79709586210209,31.056621551513672,45500,0.0,0.0,0.0
2013-11-22 00:00:00-05:00,31.06327775262455,31.083240486288783,30.763824055180354,30.903568267822266,43200,0.0,0.0,0.0
2013-11-25 00:00:00-05:00,30.923526975354864,30.923526975354864,30.657345403356352,30.710582733154297,37200,0.0,0.0,0.0
2013-11-26 00:00:00-05:00,30.7638270708771,30.7638270708771,30.39782919967689,30.47102928161621,66600,0.0,0.0,0.0
2013-11-27 00:00:00-05:00,30.484335764158686,30.870296334845207,30.484335764158686,30.85698699951172,52100,0.0,0.0,0.0
2013-11-29 00:00:00-05:00,30.83702465592102,30.83702465592102,30.477680212858765,30.53757095336914,20200,0.0,0.0,0.0
2013-12-02 00:00:00-05:00,30.471015158963183,30.604105924577595,30.244761618967242,30.34457778930664,50700,0.0,0.0,0.0
2013-12-03 00:00:00-05:00,30.31796943449429,30.451057695710926,30.23146003390679,30.357894897460938,30200,0.0,0.0,0.0
2013-12-04 00:00:00-05:00,30.171563618978457,30.94348706574541,30.098363565997,30.70392417907715,73500,0.0,0.0,0.0
2013-12-05 00:00:00-05:00,30.737216796265443,30.823726238421898,30.457728267217473,30.783798217773438,280500,0.0,0.0,0.0
2013-12-06 00:00:00-05:00,30.85698771509986,31.043315875593567,30.75717150552815,30.923534393310547,56100,0.0,0.0,0.0
2013-12-09 00:00:00-05:00,30.9102079769332,31.056605511106174,30.763807904265423,31.043298721313477,136400,0.0,0.0,0.0
2013-12-10 00:00:00-05:00,31.016696506956382,31.169750055655513,31.016696506956382,31.036659240722656,51600,0.0,0.0,0.0
2013-12-11 00:00:00-05:00,31.04994846198154,31.04994846198154,30.304643935058678,30.331262588500977,52400,0.0,0.0,0.0
2013-12-12 00:00:00-05:00,30.317953972726837,30.317953972726837,30.01184452795122,30.058425903320312,46400,0.0,0.0,0.0
2013-12-13 00:00:00-05:00,30.17821953241318,30.47767316572454,30.031821952735314,30.124984741210938,60100,0.0,0.0,0.0
2013-12-16 00:00:00-05:00,30.20484027181105,30.258077605165372,30.091714746176773,30.19818687438965,40600,0.0,0.0,0.0
2013-12-17 00:00:00-05:00,30.17157759256022,30.28470315338212,30.058449493241753,30.24477767944336,59800,0.0,0.0,0.0
2013-12-18 00:00:00-05:00,30.258080237545602,30.697278121944837,29.852154420139524,30.67731285095215,62000,0.0,0.0,0.0
2013-12-19 00:00:00-05:00,30.56418419690327,30.56418419690327,30.03182356384346,30.09836769104004,69200,0.0,0.0,0.0
2013-12-20 00:00:00-05:00,30.111682766086453,30.278045654296875,30.07841069614361,30.278045654296875,85900,0.0,0.0,0.0
2013-12-23 00:00:00-05:00,30.315717393257916,30.457033109251952,30.248424928606372,30.27534294128418,48600,0.506,0.0,0.0
2013-12-24 00:00:00-05:00,30.28881340954783,30.4032137328942,30.268626174210773,30.342649459838867,72900,0.0,0.0,0.0
2013-12-26 00:00:00-05:00,30.389740896507206,30.584892639474514,30.322448431297857,30.396469116210938,45000,0.0,0.0,0.0
2013-12-27 00:00:00-05:00,30.436840057373047,30.457027279495897,30.29552436842814,30.436840057373047,47200,0.0,0.0,0.0
2013-12-30 00:00:00-05:00,30.18113504312373,30.59835660964167,30.18113504312373,30.557979583740234,81500,0.0,0.0,0.0
2013-12-31 00:00:00-05:00,30.524339596250698,30.61855010893578,30.329187781663638,30.35610580444336,53900,0.0,0.0,0.0
2014-01-02 00:00:00-05:00,30.28881035953607,30.483962171623503,30.14076637023173,30.329187393188477,266700,0.0,0.0,0.0
2014-01-03 00:00:00-05:00,30.315716137883427,30.66564258707556,30.315716137883427,30.57143211364746,146100,0.0,0.0,0.0
2014-01-06 00:00:00-05:00,30.726216827766848,30.96174308797646,30.584901071641085,30.84734535217285,63200,0.0,0.0,0.0
2014-01-07 00:00:00-05:00,30.860810472647724,30.98193902103668,30.719494688542014,30.874269485473633,31100,0.0,0.0,0.0
2014-01-08 00:00:00-05:00,30.85406348223832,30.948276522551446,30.65218352993879,30.800230026245117,33600,0.0,0.0,0.0
2014-01-09 00:00:00-05:00,30.901182562360404,30.934831375353784,30.71949232082503,30.9281005859375,28800,0.0,0.0,0.0
2014-01-10 00:00:00-05:00,31.069410924673953,31.452986275944838,31.069410924673953,31.432796478271484,130300,0.0,0.0,0.0
2014-01-13 00:00:00-05:00,31.5741200723976,31.5741200723976,31.190547192858965,31.27130126953125,64800,0.0,0.0,0.0
2014-01-14 00:00:00-05:00,31.26456195780248,31.527006217842164,31.26456195780248,31.44625473022461,25800,0.0,0.0,0.0
2014-01-15 00:00:00-05:00,31.479892929753372,31.661585655772562,31.479892929753372,31.56737518310547,33900,0.0,0.0,0.0
2014-01-16 00:00:00-05:00,31.553928703866806,31.7356215020153,31.553928703866806,31.728893280029297,24700,0.0,0.0,0.0
2014-01-17 00:00:00-05:00,31.70195864782696,31.70195864782696,31.58755839765372,31.6279354095459,20800,0.0,0.0,0.0
2014-01-21 00:00:00-05:00,31.71542317652553,31.9644083756268,31.71542317652553,31.836551666259766,35500,0.0,0.0,0.0
2014-01-22 00:00:00-05:00,31.86347147439298,32.01151799701403,31.823097016982384,31.8836612701416,20300,0.0,0.0,0.0
2014-01-23 00:00:00-05:00,31.863472049116933,31.863472049116933,31.681781853405443,31.7827205657959,18900,0.0,0.0,0.0
2014-01-24 00:00:00-05:00,31.60102372151533,31.668318754793976,31.527000468430337,31.594295501708984,14500,0.0,0.0,0.0
2014-01-27 00:00:00-05:00,31.56065718410509,31.68851392883684,31.358774600679393,31.452987670898438,14000,0.0,0.0,0.0
2014-01-28 00:00:00-05:00,31.466439389661684,31.789450447829957,31.466439389661684,31.775991439819336,13200,0.0,0.0,0.0
2014-01-29 00:00:00-05:00,31.661597078613223,31.762538374055673,31.60776360354269,31.71543312072754,17000,0.0,0.0,0.0
2014-01-30 00:00:00-05:00,31.829829001415483,32.34126110346872,31.829829001415483,32.213401794433594,43500,0.0,0.0,0.0
2014-01-31 00:00:00-05:00,31.97786081694139,32.54985434889044,31.97786081694139,32.38835144042969,36800,0.0,0.0,0.0
2014-02-03 00:00:00-05:00,32.448927664839616,32.448927664839616,31.957685405575166,32.03843688964844,65500,0.0,0.0,0.0
2014-02-04 00:00:00-05:00,32.09900122620483,32.374904483947546,32.065354988342236,32.35471725463867,12100,0.0,0.0,0.0
2014-02-05 00:00:00-05:00,32.34125288202763,32.43546335923469,32.2470398377776,32.314334869384766,13400,0.0,0.0,0.0
2014-02-06 00:00:00-05:00,32.422014182603,32.57006072998047,32.422014182603,32.57006072998047,35900,0.0,0.0,0.0
2014-02-07 00:00:00-05:00,32.61716614332261,32.8392333984375,32.576789111918195,32.8392333984375,20600,0.0,0.0,0.0
2014-02-10 00:00:00-05:00,32.90653620535252,33.310296346369554,32.8123231098738,33.243003845214844,106400,0.0,0.0,0.0
2014-02-11 00:00:00-05:00,33.202618572558485,33.465062855857674,33.074761825245574,33.276641845703125,50900,0.0,0.0,0.0
2014-02-12 00:00:00-05:00,33.317020444224326,33.330479456197594,33.06130691786435,33.13533020019531,17900,0.0,0.0,0.0
2014-02-13 00:00:00-05:00,33.074758328156676,33.431413078823006,33.074758328156676,33.317012786865234,60100,0.0,0.0,0.0
2014-02-14 00:00:00-05:00,33.249732068512564,33.310296346369554,33.16898055371803,33.243003845214844,57800,0.0,0.0,0.0
2014-02-18 00:00:00-05:00,33.249714092257776,33.337196350097656,33.074752143621005,33.337196350097656,17400,0.0,0.0,0.0
2014-02-19 00:00:00-05:00,33.28337646038848,33.69386736882385,33.26318922457829,33.34394073486328,33800,0.0,0.0,0.0
2014-02-20 00:00:00-05:00,33.29010757576454,33.42469257187367,33.07476850153682,33.2026252746582,14600,0.0,0.0,0.0
2014-02-21 00:00:00-05:00,33.14878312027319,33.29682966919269,32.95363388502196,33.17570114135742,15200,0.0,0.0,0.0
2014-02-24 00:00:00-05:00,33.18915394240468,33.633290939023986,33.18915394240468,33.3775749206543,78000,0.0,0.0,0.0
2014-02-25 00:00:00-05:00,33.35066026015408,33.57272748019238,33.317011455776836,33.43141174316406,21200,0.0,0.0,0.0
2014-02-26 00:00:00-05:00,33.46506516534902,33.653486188506875,33.46506516534902,33.552547454833984,38400,0.0,0.0,0.0
2014-02-27 00:00:00-05:00,33.50543897553887,33.66694196069511,33.330474413402,33.451602935791016,156200,0.0,0.0,0.0
2014-02-28 00:00:00-05:00,33.47851797261616,33.84863172825147,33.451599955140715,33.75442123413086,26900,0.0,0.0,0.0
2014-03-03 00:00:00-05:00,33.64002609428763,33.86209333790824,33.55927203565865,33.82171630859375,33600,0.0,0.0,0.0
2014-03-04 00:00:00-05:00,33.98322467124385,34.366797496823104,33.98322467124385,34.360069274902344,29400,0.0,0.0,0.0
2014-03-05 00:00:00-05:00,34.380257248780396,34.48119854907446,34.05724868170084,34.27931594848633,23200,0.0,0.0,0.0
2014-03-06 00:00:00-05:00,34.19855797081586,34.19855797081586,33.841903226874734,33.89573669433594,10400,0.0,0.0,0.0
2014-03-07 00:00:00-05:00,33.78134181878912,33.81498805966862,33.39776902526682,33.572731018066406,57000,0.0,0.0,0.0
2014-03-10 00:00:00-04:00,33.53908720770501,33.57946423991264,33.26318390522906,33.370853424072266,55600,0.0,0.0,0.0
2014-03-11 00:00:00-04:00,33.404495886588535,33.619834899902344,33.404495886588535,33.619834899902344,59500,0.0,0.0,0.0
2014-03-12 00:00:00-04:00,33.579453014218096,33.75441496120665,33.579453014218096,33.70730972290039,57100,0.0,0.0,0.0
2014-03-13 00:00:00-04:00,33.734226583904814,33.734226583904814,33.42467458511738,33.54580307006836,18000,0.0,0.0,0.0
2014-03-14 00:00:00-04:00,33.498698976799105,33.80825098615264,33.498698976799105,33.70730972290039,29300,0.0,0.0,0.0
2014-03-17 00:00:00-04:00,33.73423674099936,33.90919873469542,33.59291842131154,33.660213470458984,33900,0.0,0.0,0.0
2014-03-18 00:00:00-04:00,33.77460143155237,33.77460143155237,33.579452263095746,33.720767974853516,18400,0.0,0.0,0.0
2014-03-19 00:00:00-04:00,33.680398431633904,33.92938367908882,32.980545369932194,33.08821487426758,23500,0.0,0.0,0.0
2014-03-20 00:00:00-04:00,33.02765275605776,33.20934295654297,32.88633444772875,33.20934295654297,50000,0.0,0.0,0.0
2014-03-21 00:00:00-04:00,33.35065980348391,33.579457808082076,33.290095550294886,33.48524475097656,20700,0.0,0.0,0.0
2014-03-24 00:00:00-04:00,33.55926520961113,33.55926520961113,33.16896427380055,33.330467224121094,14600,0.0,0.0,0.0
2014-03-25 00:00:00-04:00,33.52951237139037,33.77405541776868,33.386863124758676,33.746883392333984,10200,0.463,0.0,0.0
2014-03-26 00:00:00-04:00,33.841987680064285,33.841987680064285,33.36648753272298,33.38007354736328,11200,0.0,0.0,0.0
2014-03-27 00:00:00-04:00,33.31214026422098,33.617819062226445,33.31214026422098,33.57026672363281,20800,0.0,0.0,0.0
2014-03-28 00:00:00-04:00,33.570260159785576,33.8351834604356,33.570260159785576,33.719703674316406,15900,0.0,0.0,0.0
2014-03-31 00:00:00-04:00,33.8759394098401,34.10689639430155,33.61781299699869,33.99821090698242,18000,0.0,0.0,0.0
2014-04-01 00:00:00-04:00,33.99141839215766,34.16123962402344,33.79442514128944,34.16123962402344,39600,0.0,0.0,0.0
2014-04-02 00:00:00-04:00,34.07971722138573,34.283504734692585,33.98461776385099,34.24953842163086,224100,0.0,0.0,0.0
2014-04-03 00:00:00-04:00,34.29029313822634,34.303879143888665,34.038958511637375,34.1204719543457,35900,0.0,0.0,0.0
2014-04-04 00:00:00-04:00,34.26312465219912,34.45332615977569,34.08651174294861,34.3310546875,24100,0.0,0.0,0.0
2014-04-07 00:00:00-04:00,34.33104913600798,34.731827210044855,34.33104913600798,34.575592041015625,24300,0.0,0.0,0.0
2014-04-08 00:00:00-04:00,34.52804848352992,34.82013857080431,34.480496162386814,34.81334686279297,18400,0.0,0.0,0.0
2014-04-09 00:00:00-04:00,34.90845453442901,34.90845453442901,34.53484831553565,34.68429183959961,14100,0.0,0.0,0.0
2014-04-10 00:00:00-04:00,34.71825169032999,34.90165892447597,34.37181493985441,34.453330993652344,18900,0.0,0.0,0.0
2014-04-11 00:00:00-04:00,34.38539590008014,34.595975121239825,34.21557469983501,34.24953842163086,19300,0.0,0.0,0.0
2014-04-14 00:00:00-04:00,34.33105214734607,34.41935729980469,34.22915839756681,34.41935729980469,12900,0.0,0.0,0.0
2014-04-15 00:00:00-04:00,34.39899740293171,34.83373945679704,34.39899740293171,34.79298400878906,227200,0.0,0.0,0.0
2014-04-16 00:00:00-04:00,34.840520279711484,34.94920575112907,34.69787108433829,34.75221252441406,28400,0.0,0.0,0.0
2014-04-17 00:00:00-04:00,34.82014105364924,34.82014105364924,34.507670637528314,34.697872161865234,34800,0.0,0.0,0.0
2014-04-21 00:00:00-04:00,34.609564405113375,34.90165710449219,34.609564405113375,34.90165710449219,50100,0.0,0.0,0.0
2014-04-22 00:00:00-04:00,34.8608917813665,34.92202751009467,34.51445771275054,34.89485549926758,133700,0.0,0.0,0.0
2014-04-23 00:00:00-04:00,34.867686994091656,34.901650712883416,34.73182952765897,34.786170959472656,7800,0.0,0.0,0.0
2014-04-24 00:00:00-04:00,34.79975861706046,35.05109325756821,34.79975861706046,35.010337829589844,13600,0.0,0.0,0.0
2014-04-25 00:00:00-04:00,34.90845362018317,35.085069160590784,34.90845362018317,35.02393341064453,9900,0.0,0.0,0.0
2014-04-28 00:00:00-04:00,35.01035111696265,35.45188483231878,35.01035111696265,35.4315071105957,54800,0.0,0.0,0.0
2014-04-29 00:00:00-04:00,35.5334009017446,35.54698691331557,35.30923559772373,35.4315071105957,17600,0.0,0.0,0.0
2014-04-30 00:00:00-04:00,35.45186817462352,35.49262619018555,35.24808327934446,35.49262619018555,12900,0.0,0.0,0.0
2014-05-01 00:00:00-04:00,35.46547040625985,35.64208596323633,35.132622196311935,35.61491394042969,50800,0.0,0.0,0.0
2014-05-02 00:00:00-04:00,35.472249587011056,35.64886247743691,35.36356413338001,35.64207077026367,26300,0.0,0.0,0.0
2014-05-05 00:00:00-04:00,35.56735464445852,35.81868930975672,35.43828886642121,35.80510330200195,35500,0.0,0.0,0.0
2014-05-06 00:00:00-04:00,35.648876648689956,35.791525877424775,35.60811861565145,35.69642639160156,14000,0.0,0.0,0.0
2014-05-07 00:00:00-04:00,35.82549218723688,36.13796266661572,35.82549218723688,36.131168365478516,15200,0.0,0.0,0.0
2014-05-08 00:00:00-04:00,36.04964555915793,36.321360526446,36.01568183606342,36.19908905029297,35300,0.0,0.0,0.0
2014-05-09 00:00:00-04:00,36.11757332822739,36.37570229033205,36.09040390426847,36.19229507446289,35400,0.0,0.0,0.0
2014-05-12 00:00:00-04:00,36.30777491711286,36.30777491711286,36.097195685592055,36.21946716308594,182800,0.0,0.0,0.0
2014-05-13 00:00:00-04:00,36.31457991708413,36.47760947716971,35.907009903770614,35.9477653503418,103300,0.0,0.0,0.0
2014-05-14 00:00:00-04:00,36.07003331014092,36.17871880904136,35.83228459106706,36.05644989013672,26700,0.0,0.0,0.0
2014-05-15 00:00:00-04:00,36.03606608965348,36.083615828865895,35.79152309298023,36.049652099609375,14800,0.0,0.0,0.0
2014-05-16 00:00:00-04:00,36.09720472610248,36.40288349639415,35.95455549705525,36.38929748535156,14600,0.0,0.0,0.0
2014-05-19 00:00:00-04:00,36.44363670812046,36.44363670812046,36.13795797826932,36.26702117919922,35600,0.0,0.0,0.0
2014-05-20 00:00:00-04:00,36.3077806184875,36.37570807608802,36.07682363487277,36.20588684082031,129400,0.0,0.0,0.0
2014-05-21 00:00:00-04:00,36.25343526811663,36.27381557767276,35.85945136400439,35.88662338256836,11400,0.0,0.0,0.0
2014-05-22 00:00:00-04:00,35.886612771441115,35.96812621176441,35.750755310058594,35.750755310058594,18000,0.0,0.0,0.0
2014-05-23 00:00:00-04:00,35.82547464898725,36.09039525578115,35.82547464898725,36.07001495361328,4700,0.0,0.0,0.0
2014-05-27 00:00:00-04:00,36.1583277680052,36.29418523940115,36.1583277680052,36.273807525634766,388600,0.0,0.0,0.0
2014-05-28 00:00:00-04:00,36.13114506490714,36.13114506490714,35.79150278254426,35.93415451049805,14400,0.0,0.0,0.0
2014-05-29 00:00:00-04:00,35.968130547175775,36.090402018031455,35.92058081865033,36.00209426879883,10600,0.0,0.0,0.0
2014-05-30 00:00:00-04:00,35.93416467149134,36.287390464716125,35.93416467149134,36.22625732421875,28800,0.0,0.0,0.0
2014-06-02 00:00:00-04:00,36.17192511883754,36.34853807315721,36.15154739868011,36.246646881103516,19500,0.0,0.0,0.0
2014-06-03 00:00:00-04:00,36.287383711620784,36.328141722299655,36.13794285499536,36.2941780090332,11900,0.0,0.0,0.0
2014-06-04 00:00:00-04:00,36.25343050173236,36.40287399291992,36.14474503303213,36.40287399291992,17600,0.0,0.0,0.0
2014-06-05 00:00:00-04:00,36.42325273487835,36.932716369628906,36.36211699505765,36.932716369628906,24100,0.0,0.0,0.0
2014-06-06 00:00:00-04:00,37.01423774488179,37.01423774488179,36.61345952420438,36.69497299194336,15700,0.0,0.0,0.0
2014-06-09 00:00:00-04:00,36.735730856916696,36.79007230474383,36.11757907292652,36.20588684082031,22900,0.0,0.0,0.0
2014-06-10 00:00:00-04:00,36.13795315126309,36.1922945897191,35.85944647710294,35.94095993041992,251000,0.0,0.0,0.0
2014-06-11 00:00:00-04:00,35.893396503759114,36.02925393495726,35.70998936033136,35.93415451049805,15800,0.0,0.0,0.0
2014-06-12 00:00:00-04:00,35.93416019262703,35.93416019262703,35.66923699383014,35.92057418823242,13000,0.0,0.0,0.0
2014-06-13 00:00:00-04:00,35.90020051266381,36.03605799042188,35.64207415531592,36.00209426879883,8100,0.0,0.0,0.0
2014-06-16 00:00:00-04:00,35.96133998611824,36.05644204432044,35.71679961025382,35.771141052246094,29100,0.0,0.0,0.0
2014-06-17 00:00:00-04:00,35.69642491086751,35.76435496311387,35.56736169849924,35.73038864135742,83100,0.0,0.0,0.0
2014-06-18 00:00:00-04:00,35.723588994063995,36.00888737630642,35.54018178065132,35.94095993041992,26500,0.0,0.0,0.0
2014-06-19 00:00:00-04:00,36.02247626527774,36.25343322753906,35.974926531100365,36.25343322753906,38900,0.0,0.0,0.0
2014-06-20 00:00:00-04:00,36.23306090516472,36.477603912353516,36.158339142827415,36.477603912353516,9600,0.0,0.0,0.0
2014-06-23 00:00:00-04:00,36.44362389552337,36.62023677108598,36.348521864242315,36.355316162109375,19200,0.0,0.0,0.0
2014-06-24 00:00:00-04:00,36.34436701934981,36.467707838391696,36.31695736757867,36.37862777709961,21200,0.464,0.0,0.0
2014-06-25 00:00:00-04:00,36.40602405806359,36.481399265787125,36.20730807659743,36.31009292602539,10000,0.0,0.0,0.0
2014-06-26 00:00:00-04:00,36.31695736757867,36.385478883078264,36.27584288992195,36.37862777709961,6500,0.0,0.0,0.0
2014-06-27 00:00:00-04:00,36.358064979943045,36.60474395751953,36.303245686751985,36.60474395751953,7200,0.0,0.0,0.0
2014-06-30 00:00:00-04:00,36.611593241086695,36.611593241086695,36.31694611069703,36.54307174682617,16300,0.0,0.0,0.0
2014-07-01 00:00:00-04:00,36.5841954407182,36.7897626039727,36.47455944605392,36.728092193603516,28000,0.0,0.0,0.0
2014-07-02 00:00:00-04:00,36.65273083960028,36.65273083960028,36.39234429199628,36.55679702758789,21100,0.0,0.0,0.0
2014-07-03 00:00:00-04:00,36.522527940848946,36.522527940848946,36.15250544914658,36.330665588378906,12800,0.0,0.0,0.0
2014-07-07 00:00:00-04:00,36.26213097820909,36.52937110986511,36.26213097820909,36.43343734741211,24000,0.0,0.0,0.0
2014-07-08 00:00:00-04:00,36.426590097671834,36.73494211765464,36.426590097671834,36.59104537963867,17200,0.0,0.0,0.0
2014-07-09 00:00:00-04:00,36.515673088695955,36.67327466404898,36.399183376696094,36.63216018676758,33500,0.0,0.0,0.0
2014-07-10 00:00:00-04:00,36.44029901379743,36.871991890243244,36.44029901379743,36.76920700073242,30200,0.0,0.0,0.0
2014-07-11 00:00:00-04:00,36.70068401436411,36.78291035432384,36.591048023108385,36.74864959716797,18600,0.0,0.0,0.0
2014-07-14 00:00:00-04:00,36.76234912152786,36.8856899206453,36.64585942728235,36.86513137817383,47700,0.0,0.0,0.0
2014-07-15 00:00:00-04:00,36.913105337762225,37.00903651132415,36.79661823098802,36.954219818115234,31600,0.0,0.0,0.0
2014-07-16 00:00:00-04:00,36.995322751599,37.11866092630522,36.87198196296516,37.08440017700195,18400,0.0,0.0,0.0
2014-07-17 00:00:00-04:00,37.09125685490236,37.14607353537614,36.9542112328262,36.98847198486328,171500,0.0,0.0,0.0
2014-07-18 00:00:00-04:00,37.06384725164941,37.31737995373786,37.02273278079946,37.283119201660156,29300,0.0,0.0,0.0
2014-07-21 00:00:00-04:00,37.20090452278683,37.24201639258251,37.098119620440336,37.1597900390625,13700,0.0,0.0,0.0
2014-07-22 00:00:00-04:00,37.385906419159156,37.385906419159156,37.22145113936158,37.26256561279297,21400,0.0,0.0,0.0
2014-07-23 00:00:00-04:00,37.31053308897829,37.37220349529772,37.24200896310774,37.33108901977539,16000,0.0,0.0,0.0
2014-07-24 00:00:00-04:00,37.4544109053617,37.50923017835599,37.38588942804563,37.49552536010742,16700,0.0,0.0,0.0
2014-07-25 00:00:00-04:00,37.468140005859965,37.50925448725105,37.20090241163917,37.21460723876953,22600,0.0,0.0,0.0
2014-07-28 00:00:00-04:00,37.24886039173466,37.55721240436716,37.24886039173466,37.509246826171875,10000,0.0,0.0,0.0
2014-07-29 00:00:00-04:00,37.577773425479876,37.577773425479876,37.317386955761734,37.35850143432617,21300,0.0,0.0,0.0
2014-07-30 00:00:00-04:00,37.31739741636114,37.454443102730146,37.22146622008155,37.39277267456055,15600,0.0,0.0,0.0
2014-07-31 00:00:00-04:00,37.19403983896052,37.20089355785878,36.76920075474465,36.78290557861328,20700,0.0,0.0,0.0
2014-08-01 00:00:00-04:00,36.693834518056775,36.98848176858212,36.65957375695747,36.7966194152832,44800,0.0,0.0,0.0
2014-08-04 00:00:00-04:00,36.81032717853428,37.07756479592389,36.59105515329517,36.995338439941406,12500,0.0,0.0,0.0
2014-08-05 00:00:00-04:00,36.89939276417879,37.02273356541475,36.61159930391348,36.652713775634766,40900,0.0,0.0,0.0
2014-08-06 00:00:00-04:00,36.570488819030174,36.76920486645481,36.570488819030174,36.666419982910156,18400,0.0,0.0,0.0
2014-08-07 00:00:00-04:00,36.85828247995872,36.85828247995872,36.55678156898659,36.68012237548828,25200,0.0,0.0,0.0
2014-08-08 00:00:00-04:00,36.74865286415606,36.851435144761105,36.563641622352826,36.83087921142578,9900,0.0,0.0,0.0
2014-08-11 00:00:00-04:00,36.92679006718041,37.07068674920768,36.92679006718041,36.98160934448242,16500,0.0,0.0,0.0
2014-08-12 00:00:00-04:00,36.913105337762225,37.05700471203354,36.88569829812199,36.954219818115234,19100,0.0,0.0,0.0
2014-08-13 00:00:00-04:00,36.967901620207925,37.5571957352626,36.967901620207925,37.49552536010742,11600,0.0,0.0,0.0
2014-08-14 00:00:00-04:00,37.56406742034716,37.646293760967055,37.45443142821122,37.5161018371582,20300,0.0,0.0,0.0
2014-08-15 00:00:00-04:00,37.61203747000974,37.68056160693717,37.34479987081413,37.440731048583984,10200,0.0,0.0,0.0
2014-08-18 00:00:00-04:00,37.56407129707325,37.817604064941406,37.56407129707325,37.817604064941406,12600,0.0,0.0,0.0
2014-08-19 00:00:00-04:00,37.87241649135296,38.00946212424416,37.79019015718945,37.90667724609375,13700,0.0,0.0,0.0
2014-08-20 00:00:00-04:00,37.838158793046716,38.13965711861892,37.721669080804745,38.112247467041016,14300,0.0,0.0,0.0
2014-08-21 00:00:00-04:00,38.09854944508949,38.22874400637123,38.00947198244575,38.01632308959961,17300,0.0,0.0,0.0
2014-08-22 00:00:00-04:00,38.03688038135377,38.03688038135377,37.60519003919166,37.72853088378906,18600,0.0,0.0,0.0
2014-08-25 00:00:00-04:00,37.84500428272606,37.84500428272606,37.52294745929998,37.61888122558594,10800,0.0,0.0,0.0
2014-08-26 00:00:00-04:00,37.63258299862108,37.79018716301196,37.63258299862108,37.70795822143555,19300,0.0,0.0,0.0
2014-08-27 00:00:00-04:00,37.77648301185334,37.824448588329474,37.70110778769717,37.79018783569336,13700,0.0,0.0,0.0
2014-08-28 00:00:00-04:00,37.721659050197786,37.87926058397037,37.68739830179984,37.831295013427734,35500,0.0,0.0,0.0
2014-08-29 00:00:00-04:00,37.87927742116401,38.030027917836044,37.85872148577372,38.01632308959961,23400,0.0,0.0,0.0
2014-09-02 00:00:00-04:00,37.95464811754105,38.05743301002278,37.872421771912705,37.92723846435547,49900,0.0,0.0,0.0
2014-09-03 00:00:00-04:00,38.00260853626569,38.09853969544263,37.91353109641741,38.07113265991211,56200,0.0,0.0,0.0
2014-09-04 00:00:00-04:00,38.03687999387034,38.1533697298829,37.858722450116105,37.98206329345703,5600,0.0,0.0,0.0
2014-09-05 00:00:00-04:00,38.002610728121816,38.317813873291016,37.99575962232605,38.317813873291016,9300,0.0,0.0,0.0
2014-09-08 00:00:00-04:00,38.32467325074302,38.36578773337178,38.16707165489228,38.24244689941406,15400,0.0,0.0,0.0
2014-09-09 00:00:00-04:00,38.1328042316052,38.1328042316052,37.91353225708008,37.91353225708008,10800,0.0,0.0,0.0
2014-09-10 00:00:00-04:00,37.8792642172588,37.8792642172588,37.207743551323745,37.23515319824219,34300,0.0,0.0,0.0
2014-09-11 00:00:00-04:00,37.139218766376025,37.35849069449335,37.08439947738291,37.28996658325195,15600,0.0,0.0,0.0
2014-09-12 00:00:00-04:00,37.077549143606134,37.077549143606134,35.796178296935246,35.94692611694336,45100,0.0,0.0,0.0
2014-09-15 00:00:00-04:00,35.97434448132683,36.0634245424186,35.65914132845227,35.7824821472168,83400,0.0,0.0,0.0
2014-09-16 00:00:00-04:00,35.727667662653154,36.12509982426085,35.727667662653154,36.04972457885742,36900,0.0,0.0,0.0
2014-09-17 00:00:00-04:00,36.125086013488065,36.323799404394336,36.015450047705166,36.07026672363281,11500,0.0,0.0,0.0
2014-09-18 00:00:00-04:00,36.04286201758377,36.04286201758377,35.604318094359414,35.61802291870117,23700,0.0,0.0,0.0
2014-09-19 00:00:00-04:00,35.67284306546091,35.83729573362178,35.53579743270816,35.71395492553711,13700,0.0,0.0,0.0
2014-09-22 00:00:00-04:00,35.72081086620814,35.72081086620814,35.50838999153515,35.52894592285156,9700,0.0,0.0,0.0
2014-09-23 00:00:00-04:00,35.45357535046444,35.68655216990589,35.33023452758789,35.33023452758789,18700,0.0,0.0,0.0
2014-09-24 00:00:00-04:00,35.29981929045588,35.62468630154371,35.16849136352539,35.16849136352539,15900,0.446,0.0,0.0
2014-09-25 00:00:00-04:00,35.120101034263215,35.237604531756475,34.98185960912018,35.1892204284668,18700,0.0,0.0,0.0
2014-09-26 00:00:00-04:00,35.1339231771806,35.5417312681416,35.00259264522367,35.49334716796875,33800,0.0,0.0,0.0
2014-09-29 00:00:00-04:00,35.25835756991246,35.465721130371094,35.10629429877659,35.465721130371094,20300,0.0,0.0,0.0
2014-09-30 00:00:00-04:00,35.438057735770535,35.55556124410427,35.196134560267254,35.34128952026367,17600,0.0,0.0,0.0
2014-10-01 00:00:00-04:00,35.3067357250489,35.638513649449436,35.3067357250489,35.50718307495117,54400,0.0,0.0,0.0
2014-10-02 00:00:00-04:00,35.41041484325976,35.5763051238283,35.279086905498055,35.50718307495117,13100,0.0,0.0,0.0
2014-10-03 00:00:00-04:00,35.61776615767959,35.73527229086731,35.39658093410537,35.65232849121094,6800,0.0,0.0,0.0
2014-10-06 00:00:00-04:00,35.78366636605943,35.97029194484769,35.70072254328795,35.8735237121582,13800,0.0,0.0,0.0
2014-10-07 00:00:00-04:00,35.707623478736565,35.94954399304091,35.65232849121094,35.65232849121094,7000,0.0,0.0,0.0
2014-10-08 00:00:00-04:00,35.67997938265304,36.36427307128906,35.67997938265304,36.36427307128906,11800,0.0,0.0,0.0
2014-10-09 00:00:00-04:00,36.29514940205123,36.81355280943385,36.29514940205123,36.543983459472656,33300,0.0,0.0,0.0
2014-10-10 00:00:00-04:00,36.5094346847162,37.014013835816826,36.5094346847162,36.72370910644531,30300,0.0,0.0,0.0
2014-10-13 00:00:00-04:00,36.81355095143908,37.22136171680048,36.74443155530432,36.95870590209961,48500,0.0,0.0,0.0
2014-10-14 00:00:00-04:00,37.117695757447244,37.80198698623397,37.117695757447244,37.601539611816406,20700,0.0,0.0,0.0
2014-10-15 00:00:00-04:00,37.539321052153866,37.75359278080747,37.276662577923844,37.62226486206055,32600,0.0,0.0,0.0
2014-10-16 00:00:00-04:00,37.33887952592955,37.566975713862746,37.17990275573689,37.539329528808594,19300,0.0,0.0,0.0
2014-10-17 00:00:00-04:00,37.767423887006046,37.767423887006046,37.17990095446514,37.407997131347656,9200,0.0,0.0,0.0
2014-10-20 00:00:00-04:00,37.35269332626456,37.96786493431219,37.35269332626456,37.95404052734375,63800,0.0,0.0,0.0
2014-10-21 00:00:00-04:00,38.043900144803516,38.18905247160742,37.78815255559338,38.16140365600586,56700,0.0,0.0,0.0
2014-10-22 00:00:00-04:00,38.189046413967226,38.31346342770272,38.09227821144757,38.22360610961914,24300,0.0,0.0,0.0
2014-10-23 00:00:00-04:00,38.410230365174975,38.56920706932646,38.18213427199613,38.486263275146484,43200,0.0,0.0,0.0
2014-10-24 00:00:00-04:00,38.53465423673894,38.541565122178035,38.106108147638906,38.327293395996094,51400,0.0,0.0,0.0
2014-10-27 00:00:00-04:00,38.230532828375374,38.610694885253906,38.230532828375374,38.610694885253906,25100,0.0,0.0,0.0
2014-10-28 00:00:00-04:00,38.60377272269915,38.652156829833984,38.444795994008096,38.652156829833984,23700,0.0,0.0,0.0
2014-10-29 00:00:00-04:00,38.58303978534677,38.74201652374218,38.41715216125428,38.61759948730469,14300,0.0,0.0,0.0
2014-10-30 00:00:00-04:00,38.45171145570329,38.81804903870002,38.417151754111636,38.81113815307617,39000,0.0,0.0,0.0
2014-10-31 00:00:00-04:00,38.99776195014436,39.52307891845703,38.99776195014436,39.52307891845703,21200,0.0,0.0,0.0
2014-11-03 00:00:00-05:00,39.647493799396706,39.903238747123176,39.52998765363948,39.86867904663086,28500,0.0,0.0,0.0
2014-11-04 00:00:00-05:00,39.91707616168162,39.94472498577932,39.61294700681793,39.93090057373047,41900,0.0,0.0,0.0
2014-11-05 00:00:00-05:00,40.096777442928214,40.096777442928214,39.61984722104254,39.80647277832031,25300,0.0,0.0,0.0
2014-11-06 00:00:00-05:00,39.80646744158263,39.87558683720275,39.50233840942383,39.50233840942383,15400,0.0,0.0,0.0
2014-11-07 00:00:00-05:00,39.46777607487784,39.67513953521004,39.3571834598441,39.50233840942383,17100,0.0,0.0,0.0
2014-11-10 00:00:00-05:00,39.371012196790495,39.86176681518555,39.371012196790495,39.86176681518555,181800,0.0,0.0,0.0
2014-11-11 00:00:00-05:00,39.958540896071455,39.958540896071455,39.52999212394808,39.744266510009766,95500,0.0,0.0,0.0
2014-11-12 00:00:00-05:00,39.68896643481578,39.68896643481578,39.336453252812746,39.49542999267578,23200,0.0,0.0,0.0
2014-11-13 00:00:00-05:00,39.56455083204761,39.83412019304953,39.56455083204761,39.785736083984375,19400,0.0,0.0,0.0
2014-11-14 00:00:00-05:00,39.77882462819263,39.77882462819263,39.35718939580432,39.4124870300293,12600,0.0,0.0,0.0
2014-11-17 00:00:00-05:00,39.48851752388472,39.7511733600492,39.46086870847704,39.68896484375,37200,0.0,0.0,0.0
2014-11-18 00:00:00-05:00,39.80648185461805,39.9032500982182,39.61985625478768,39.841041564941406,38000,0.0,0.0,0.0
2014-11-19 00:00:00-05:00,39.827205627307066,39.827205627307066,39.3018913269043,39.3018913269043,18100,0.0,0.0,0.0
2014-11-20 00:00:00-05:00,39.260427381402735,39.39866885209076,39.142923845196805,39.39175796508789,26500,0.0,0.0,0.0
2014-11-21 00:00:00-05:00,39.640586260923385,39.79265213012695,39.564555963058126,39.79265213012695,27000,0.0,0.0,0.0
2014-11-24 00:00:00-05:00,39.92397764336412,40.02074850490712,39.76500089736231,39.813385009765625,13700,0.0,0.0,0.0
2014-11-25 00:00:00-05:00,39.84793899149649,40.0207401100429,39.84793899149649,39.92396926879883,8900,0.0,0.0,0.0
2014-11-26 00:00:00-05:00,40.08295444149288,40.414732320894814,40.08295444149288,40.35252380371094,13200,0.0,0.0,0.0
2014-11-28 00:00:00-05:00,40.42856356165554,40.88475855252706,40.37326592070789,40.44929885864258,7500,0.0,0.0,0.0
2014-12-01 00:00:00-05:00,40.35252531273531,40.76033613247206,40.27649238480767,40.400909423828125,218500,0.0,0.0,0.0
2014-12-02 00:00:00-05:00,40.255762972255226,40.60827620982746,40.16590562278125,40.566802978515625,54200,0.0,0.0,0.0
2014-12-03 00:00:00-05:00,40.463130024695346,40.60828240131293,40.38709707406601,40.532249450683594,13500,0.0,0.0,0.0
2014-12-04 00:00:00-05:00,40.483851867805114,40.649742126464844,40.331786017095055,40.649742126464844,37400,0.0,0.0,0.0
2014-12-05 00:00:00-05:00,40.51150501505395,40.51150501505395,39.91706859334449,40.21428680419922,20100,0.0,0.0,0.0
2014-12-08 00:00:00-05:00,40.10369348228894,40.75342489390366,40.10369348228894,40.608272552490234,59100,0.0,0.0,0.0
2014-12-09 00:00:00-05:00,40.470033237346556,40.91931733127349,40.421649120983545,40.787986755371094,16400,0.0,0.0,0.0
2014-12-10 00:00:00-05:00,40.80873159920753,41.05065222198963,40.74652306238684,40.912410736083984,21400,0.0,0.0,0.0
2014-12-11 00:00:00-05:00,41.01608636758295,41.092119305282054,40.94005342988385,40.96078872680664,14900,0.0,0.0,0.0
2014-12-12 00:00:00-05:00,40.92622141184553,41.154320182541184,40.6843008702618,40.70503616333008,36500,0.0,0.0,0.0
2014-12-15 00:00:00-05:00,40.836366523259755,40.836366523259755,40.048391112841244,40.138248443603516,28100,0.0,0.0,0.0
2014-12-16 00:00:00-05:00,40.14517030238992,40.283409133209794,39.74427031014959,40.01383972167969,19800,0.0,0.0,0.0
2014-12-17 00:00:00-05:00,40.02074819677138,40.8294563293457,40.02074819677138,40.8294563293457,35100,0.0,0.0,0.0
2014-12-18 00:00:00-05:00,41.05755593662608,41.11285093573451,40.67048039592149,41.00225830078125,34200,0.0,0.0,0.0
2014-12-19 00:00:00-05:00,41.092117848876754,41.28565431126115,41.02299580035623,41.195796966552734,11600,0.0,0.0,0.0
2014-12-22 00:00:00-05:00,41.19578678582454,41.983762123806706,41.19578678582454,41.97684860229492,16600,0.0,0.0,0.0
2014-12-23 00:00:00-05:00,42.080534745164506,42.122005331641745,41.555217798072746,41.56904220581055,16800,0.0,0.0,0.0
2014-12-24 00:00:00-05:00,41.70907830709034,41.78571141470407,41.38164956212693,41.465248107910156,14900,0.471,0.0,0.0
2014-12-26 00:00:00-05:00,41.5279516705832,41.68121790053257,41.5279516705832,41.653350830078125,6900,0.0,0.0,0.0
2014-12-29 00:00:00-05:00,41.639397618354515,42.001661390426065,41.63242952525858,41.79962921142578,12500,0.0,0.0,0.0
2014-12-30 00:00:00-05:00,41.77874998957305,42.008646676947,41.62548375962367,41.653350830078125,16900,0.0,0.0,0.0
2014-12-31 00:00:00-05:00,41.80660116574447,41.91110131808695,40.984544108017275,41.04027557373047,20000,0.0,0.0,0.0
2015-01-02 00:00:00-05:00,41.22838049795251,41.76480955663066,41.21444696502649,41.7439079284668,28900,0.0,0.0,0.0
2015-01-05 00:00:00-05:00,41.65335412664125,42.147982707378574,41.52795495722188,42.10618209838867,29000,0.0,0.0,0.0
2015-01-06 00:00:00-05:00,42.2037111570684,42.705305109502596,42.127078046370826,42.61473846435547,88200,0.0,0.0,0.0
2015-01-07 00:00:00-05:00,42.69833900373505,43.3044331262935,42.55900631896704,43.24173355102539,128600,0.0,0.0,0.0
2015-01-08 00:00:00-05:00,43.49252353444338,43.49252353444338,42.99092702822548,43.388023376464844,49600,0.0,0.0,0.0
2015-01-09 00:00:00-05:00,43.48555509885576,43.708488944631604,43.109360379692006,43.492523193359375,44600,0.0,0.0,0.0
2015-01-12 00:00:00-05:00,43.54128663273219,44.015016043900246,43.54128663273219,43.95928192138672,39300,0.0,0.0,0.0
2015-01-13 00:00:00-05:00,44.077717303142904,44.133448770256905,43.68062096633931,43.861751556396484,30600,0.0,0.0,0.0
2015-01-14 00:00:00-05:00,43.666690454927526,44.30761698758291,43.666690454927526,44.30065155029297,108600,0.0,0.0,0.0
2015-01-15 00:00:00-05:00,44.57932297557239,44.57932297557239,44.11255888681432,44.467857360839844,79700,0.0,0.0,0.0
2015-01-16 00:00:00-05:00,44.53055641693136,44.9833869934082,44.356391219447964,44.9833869934082,36500,0.0,0.0,0.0
2015-01-20 00:00:00-05:00,45.080913603440024,45.227211713745284,44.51662013296269,44.55145263671875,66200,0.0,0.0,0.0
2015-01-21 00:00:00-05:00,44.5862789034098,44.5862789034098,44.32851522261327,44.49571228027344,33700,0.0,0.0,0.0
2015-01-22 00:00:00-05:00,44.621120289232366,45.199344635009766,44.53751909118171,45.199344635009766,76900,0.0,0.0,0.0
2015-01-23 00:00:00-05:00,45.26902081138033,45.28991978482061,44.93462129103557,45.060020446777344,59600,0.0,0.0,0.0
2015-01-26 00:00:00-05:00,45.185412310455284,45.34564129103961,44.871917129243016,45.317779541015625,61700,0.0,0.0,0.0
2015-01-27 00:00:00-05:00,45.28293305659938,45.59642815941361,45.213268068762645,45.373497009277344,102000,0.0,0.0,0.0
2015-01-28 00:00:00-05:00,45.40833797046907,45.84026945447645,45.23417282104492,45.23417282104492,141000,0.0,0.0,0.0
2015-01-29 00:00:00-05:00,45.2620426415238,45.2620426415238,44.80224406777162,45.18540954589844,32500,0.0,0.0,0.0
2015-01-30 00:00:00-05:00,45.21328012425835,45.21328012425835,44.39122029235913,44.39818572998047,33500,0.0,0.0,0.0
2015-02-02 00:00:00-05:00,44.398183617649266,44.412117149778666,43.485557194794815,44.30065155029297,78300,0.0,0.0,0.0
2015-02-03 00:00:00-05:00,44.23795374100391,44.502685546875,43.85479089365475,44.502685546875,107000,0.0,0.0,0.0
2015-02-04 00:00:00-05:00,44.33548611222995,44.48178422006326,44.07772239973084,44.279754638671875,43400,0.0,0.0,0.0
2015-02-05 00:00:00-05:00,44.31457780553085,44.788307189941406,44.25187825001919,44.788307189941406,38900,0.0,0.0,0.0
2015-02-06 00:00:00-05:00,44.70470559609617,44.70470559609617,43.24171952446391,43.36015319824219,63000,0.0,0.0,0.0
2015-02-09 00:00:00-05:00,43.21386715267327,43.59006461011557,43.095436096191406,43.095436096191406,106800,0.0,0.0,0.0
2015-02-10 00:00:00-05:00,43.15116480934017,43.22083247711199,42.621703822023335,43.14419937133789,90200,0.0,0.0,0.0
2015-02-11 00:00:00-05:00,43.227785877664076,43.40891910588164,42.87249017238971,43.06058883666992,24800,0.0,0.0,0.0
2015-02-12 00:00:00-05:00,43.24172016465152,43.59701853369745,43.011823564871,43.56218338012695,22900,0.0,0.0,0.0
2015-02-13 00:00:00-05:00,43.54128970790116,43.610954708414035,43.03969320005032,43.27655792236328,25100,0.0,0.0,0.0
2015-02-17 00:00:00-05:00,43.25565789506242,43.64578879801478,43.116325239897336,43.22779083251953,47700,0.0,0.0,0.0
2015-02-18 00:00:00-05:00,43.15813520168696,43.75726388866012,42.97003647501749,43.72939682006836,44500,0.0,0.0,0.0
2015-02-19 00:00:00-05:00,43.55522682448168,43.55522682448168,42.74013243213482,42.78889846801758,33400,0.0,0.0,0.0
2015-02-20 00:00:00-05:00,42.95609452808244,43.429823971166144,42.865527901671,43.388023376464844,52600,0.0,0.0,0.0
2015-02-23 00:00:00-05:00,43.35319936672941,43.74333035436424,43.35319936672941,43.72939682006836,88600,0.0,0.0,0.0
2015-02-24 00:00:00-05:00,43.53432535375714,43.53432535375714,42.63563247401981,42.79586410522461,73500,0.0,0.0,0.0
2015-02-25 00:00:00-05:00,42.7262055117361,43.318366092295065,42.7262055117361,42.85857009887695,37900,0.0,0.0,0.0
2015-02-26 00:00:00-05:00,42.8515907213489,42.8515907213489,42.336063385009766,42.336063385009766,30000,0.0,0.0,0.0
2015-02-27 00:00:00-05:00,42.44754530270515,42.712277166698385,42.16887990297014,42.684410095214844,98000,0.0,0.0,0.0
2015-03-02 00:00:00-05:00,42.68440285828583,43.35319651519895,42.68440285828583,42.87946701049805,38500,0.0,0.0,0.0
2015-03-03 00:00:00-05:00,42.858562811411886,42.87946178015691,42.44056483366533,42.75406265258789,56600,0.0,0.0,0.0
2015-03-04 00:00:00-05:00,42.71922132592801,42.76102191233106,42.33605858532115,42.405723571777344,83400,0.0,0.0,0.0
2015-03-05 00:00:00-05:00,42.600807587455876,42.970036948944234,42.593839491456116,42.61473846435547,27400,0.0,0.0,0.0
2015-03-06 00:00:00-05:00,42.231579551683716,42.231579551683716,41.102989730321156,41.186588287353516,50800,0.0,0.0,0.0
2015-03-09 00:00:00-04:00,41.38860774352984,41.56277290027884,41.374674212083995,41.541873931884766,57200,0.0,0.0,0.0
2015-03-10 00:00:00-04:00,41.38861259311258,41.73694294742511,41.38861259311258,41.59064483642578,29800,0.0,0.0,0.0
2015-03-11 00:00:00-04:00,41.59064654945224,41.66727965576529,41.41648136512249,41.49311447143555,17700,0.0,0.0,0.0
2015-03-12 00:00:00-04:00,41.64636768996226,42.28729679114422,41.64636768996226,42.252464294433594,50200,0.0,0.0,0.0
2015-03-13 00:00:00-04:00,42.189773056723496,42.36393823216936,42.078307450740134,42.224605560302734,22700,0.0,0.0,0.0
2015-03-16 00:00:00-04:00,42.29426122231146,42.983956334007004,42.29426122231146,42.733158111572266,34700,0.0,0.0,0.0
2015-03-17 00:00:00-04:00,42.656531786926514,42.90036461185049,42.565965157237635,42.69136428833008,20300,0.0,0.0,0.0
2015-03-18 00:00:00-04:00,42.69832442231798,43.694549190507544,42.475393265839806,43.617916107177734,24100,0.0,0.0,0.0
2015-03-19 00:00:00-04:00,43.52734129500837,43.86870605893307,43.51340776815955,43.53430938720703,39200,0.0,0.0,0.0
2015-03-20 00:00:00-04:00,43.88265314091108,44.802242279052734,43.69455445667211,44.802242279052734,55700,0.0,0.0,0.0
2015-03-23 00:00:00-04:00,44.655948643670484,45.10877914989389,44.61415070359113,44.83708190917969,32900,0.0,0.0,0.0
2015-03-24 00:00:00-04:00,44.73257976575321,44.86494699028332,44.42605003601145,44.44694900512695,23400,0.0,0.0,0.0
2015-03-25 00:00:00-04:00,44.5052388713283,44.5403481794896,43.550250688797355,43.65557861328125,40600,0.503,0.0,0.0
2015-03-26 00:00:00-04:00,43.465979680676774,43.669614701378116,43.31851632812117,43.44491195678711,34200,0.0,0.0,0.0
2015-03-27 00:00:00-04:00,43.49405698931444,43.67662960767538,43.416817612419024,43.557254791259766,18600,0.0,0.0,0.0
2015-03-30 00:00:00-04:00,43.66259635392911,44.140090382551165,43.57833348966291,44.097957611083984,28600,0.0,0.0,0.0
2015-03-31 00:00:00-04:00,44.00667288263218,44.2103106008091,43.58535586727906,43.64153289794922,30800,0.0,0.0,0.0
2015-04-01 00:00:00-04:00,43.627478416573695,43.732806306395204,43.25531237226835,43.45895004272461,160600,0.0,0.0,0.0
2015-04-02 00:00:00-04:00,43.46598625949725,43.964545382101505,43.45896279091499,43.859214782714844,59900,0.0,0.0,0.0
2015-04-06 00:00:00-04:00,43.92240715771011,44.40692464037865,43.92240715771011,44.36479187011719,22600,0.0,0.0,0.0
2015-04-07 00:00:00-04:00,44.33670624114869,44.33670624114869,43.63450942978132,43.64153289794922,19900,0.0,0.0,0.0
2015-04-08 00:00:00-04:00,43.73984146118164,43.76090650904147,43.60642234828715,43.73984146118164,13700,0.0,0.0,0.0
2015-04-09 00:00:00-04:00,43.63450827960073,43.63450827960073,42.64441090881787,42.72165298461914,29100,0.0,0.0,0.0
2015-04-10 00:00:00-04:00,42.93231651883167,43.16404277339608,42.58824155005654,42.67250442504883,27600,0.0,0.0,0.0
2015-04-13 00:00:00-04:00,42.6093019796723,42.777827711386244,42.482906341552734,42.482906341552734,131600,0.0,0.0,0.0
2015-04-14 00:00:00-04:00,42.5812177912356,42.89018612855048,42.5812177912356,42.69356918334961,104100,0.0,0.0,0.0
2015-04-15 00:00:00-04:00,42.86209833669961,42.86209833669961,42.34949493408203,42.34949493408203,28200,0.0,0.0,0.0
2015-04-16 00:00:00-04:00,42.25118445767769,42.6584599287667,42.096702967496064,42.52504348754883,29600,0.0,0.0,0.0
2015-04-17 00:00:00-04:00,42.33544866270544,42.42673232442043,42.124790143770895,42.29331588745117,51400,0.0,0.0,0.0
2015-04-20 00:00:00-04:00,42.50397523052496,42.52504295789479,42.20203036535241,42.39864730834961,25100,0.0,0.0,0.0
2015-04-21 00:00:00-04:00,42.46886587210414,42.73570142956429,42.46886587210414,42.56717300415039,94800,0.0,0.0,0.0
2015-04-22 00:00:00-04:00,42.68654482906212,42.862094031999206,42.66547710321525,42.841026306152344,85600,0.0,0.0,0.0
2015-04-23 00:00:00-04:00,42.805925686440276,43.0587170185469,42.76379558353504,43.00956344604492,16700,0.0,0.0,0.0
2015-04-24 00:00:00-04:00,43.114888429363226,43.2693699176201,42.93231574505722,43.06573486328125,19000,0.0,0.0,0.0
2015-04-27 00:00:00-04:00,43.114882574362255,43.4168273985294,42.988486941982146,43.093814849853516,25800,0.0,0.0,0.0
2015-04-28 00:00:00-04:00,43.0657398401623,43.21320055544948,42.728682949979074,43.10084915161133,38100,0.0,0.0,0.0
2015-04-29 00:00:00-04:00,42.66547285744423,42.883154811744596,42.096695210876554,42.24415588378906,26500,0.0,0.0,0.0
2015-04-30 00:00:00-04:00,42.02647326434908,42.145848101485136,41.275122976732355,41.36640930175781,23700,0.0,0.0,0.0
2015-05-01 00:00:00-04:00,41.843902587890625,42.1809566915345,41.843902587890625,41.843902587890625,75600,0.0,0.0,0.0
2015-05-04 00:00:00-04:00,42.03350068908335,42.251179981764665,41.87901653659864,41.94923782348633,15100,0.0,0.0,0.0
2015-05-05 00:00:00-04:00,41.94220118912511,41.94220118912511,40.88890632447003,40.966148376464844,29500,0.0,0.0,0.0
2015-05-06 00:00:00-04:00,40.9661660211754,40.994254539211155,40.622088371908625,40.86785888671875,21100,0.0,0.0,0.0
2015-05-07 00:00:00-04:00,40.902970183970346,41.745607015339516,40.902970183970346,41.6262321472168,45200,0.0,0.0,0.0
2015-05-08 00:00:00-04:00,42.180964812654494,42.630370370703915,42.1388320370867,42.18798828125,13300,0.0,0.0,0.0
2015-05-11 00:00:00-04:00,42.10372546895902,42.19501181595986,41.3593984695219,41.43663787841797,24800,0.0,0.0,0.0
2015-05-12 00:00:00-04:00,41.20490108803889,41.7807021470323,40.90997709174085,41.71048355102539,140400,0.0,0.0,0.0
2015-05-13 00:00:00-04:00,41.90710118329048,42.04051759806032,41.0644645690918,41.0644645690918,13400,0.0,0.0,0.0
2015-05-14 00:00:00-04:00,41.296194037091134,41.928169538638635,41.296194037091134,41.9071044921875,26300,0.0,0.0,0.0
2015-05-15 00:00:00-04:00,42.06159313578527,42.44077740575237,42.06159313578527,42.39864730834961,17600,0.0,0.0,0.0
2015-05-18 00:00:00-04:00,42.159903284648735,42.34949677253264,42.159903284648735,42.20905685424805,111100,0.0,0.0,0.0
2015-05-19 00:00:00-04:00,42.05455690740125,42.32841317210271,42.04753611952044,42.082645416259766,100400,0.0,0.0,0.0
2015-05-20 00:00:00-04:00,42.272252405549544,42.272252405549544,42.01244031185859,42.08967971801758,9100,0.0,0.0,0.0
2015-05-21 00:00:00-04:00,42.00541343761541,42.06861125838086,41.68240354422234,41.766666412353516,25100,0.0,0.0,0.0
2015-05-22 00:00:00-04:00,41.78071093867168,42.068611528749415,41.492810348593956,41.829864501953125,23700,0.0,0.0,0.0
2015-05-26 00:00:00-04:00,41.759653063848944,41.843915946994734,41.43664043423068,41.534950256347656,123700,0.0,0.0,0.0
2015-05-27 00:00:00-04:00,41.58409081870845,41.991363525390625,41.58409081870845,41.991363525390625,71100,0.0,0.0,0.0
2015-05-28 00:00:00-04:00,41.96327974250106,41.97030321058089,41.69644688616856,41.8790168762207,11200,0.0,0.0,0.0
2015-05-29 00:00:00-04:00,41.86497841588123,41.92115545362593,41.43663787841797,41.43663787841797,9500,0.0,0.0,0.0
2015-06-01 00:00:00-04:00,41.61218100376185,42.068609993193085,41.49280883405508,41.94923782348633,88400,0.0,0.0,0.0
2015-06-02 00:00:00-04:00,41.80178645469999,41.80178645469999,41.38749011852576,41.492820739746094,25100,0.0,0.0,0.0
2015-06-03 00:00:00-04:00,41.40854547924252,41.42961052572585,40.7203929478825,40.76954650878906,38300,0.0,0.0,0.0
2015-06-04 00:00:00-04:00,40.790620093412,40.88190644506111,40.54485223743599,40.7414665222168,137700,0.0,0.0,0.0
2015-06-05 00:00:00-04:00,40.29205120309393,40.516753954031955,40.03223647090404,40.23587417602539,42300,0.0,0.0,0.0
2015-06-08 00:00:00-04:00,40.29205441165384,40.411426585678285,40.06032817454525,40.24290084838867,30100,0.0,0.0,0.0
2015-06-09 00:00:00-04:00,40.22182702503111,40.27800404805735,39.86370787857647,39.954994201660156,22800,0.0,0.0,0.0
2015-06-10 00:00:00-04:00,39.891808267669155,40.516763102239715,39.86371974779283,40.24992752075195,41400,0.0,0.0,0.0
2015-06-11 00:00:00-04:00,40.46057947679923,40.66421719475388,40.43951442965504,40.50271224975586,31300,0.0,0.0,0.0
2015-06-12 00:00:00-04:00,40.467599420328824,40.63612514014064,40.41844586216138,40.48164367675781,67200,0.0,0.0,0.0
2015-06-15 00:00:00-04:00,40.40440431453148,40.4254693612532,40.22183164738259,40.31311798095703,19100,0.0,0.0,0.0
2015-06-16 00:00:00-04:00,40.404390218635946,40.804642038721795,40.27097115949582,40.73442077636719,21900,0.0,0.0,0.0
2015-06-17 00:00:00-04:00,40.818695902160925,41.05041942582345,40.43950903216636,41.0082893371582,18700,0.0,0.0,0.0
2015-06-18 00:00:00-04:00,41.07852117185949,41.71049949212483,41.07852117185949,41.534950256347656,16900,0.0,0.0,0.0
2015-06-19 00:00:00-04:00,41.65431606939202,41.65431606939202,41.17682200693762,41.35237121582031,25400,0.0,0.0,0.0
2015-06-22 00:00:00-04:00,41.366409735822124,41.47876110677547,40.82571792602539,40.82571792602539,27700,0.0,0.0,0.0
2015-06-23 00:00:00-04:00,40.741457531827656,40.741457531827656,40.369294095283685,40.42546844482422,16400,0.0,0.0,0.0
2015-06-24 00:00:00-04:00,40.47010242759757,40.55512559875622,40.18669996532459,40.20795440673828,37900,0.513,0.0,0.0
2015-06-25 00:00:00-04:00,40.321318129976014,40.321318129976014,39.832447031550856,39.83953094482422,47100,0.0,0.0,0.0
2015-06-26 00:00:00-04:00,39.76158905397665,40.2079512074109,39.66948468001141,40.158355712890625,24300,0.0,0.0,0.0
2015-06-29 00:00:00-04:00,40.016669133882594,40.44177701748414,39.71200942993164,39.71200942993164,25600,0.0,0.0,0.0
2015-06-30 00:00:00-04:00,39.98831164178822,40.05207766299769,39.67656815073733,39.690738677978516,39900,0.0,0.0,0.0
2015-07-01 00:00:00-04:00,39.68365594298806,40.38508224487305,39.68365594298806,40.38508224487305,29300,0.0,0.0,0.0
2015-07-02 00:00:00-04:00,40.57638761499945,40.98732220797201,40.51970549031221,40.611812591552734,26800,0.0,0.0,0.0
2015-07-06 00:00:00-04:00,40.48427804032681,40.810192129108906,40.48427804032681,40.80310821533203,23000,0.0,0.0,0.0
2015-07-07 00:00:00-04:00,41.015653207505174,41.547035833692064,40.966057711947876,41.497440338134766,72700,0.0,0.0,0.0
2015-07-08 00:00:00-04:00,41.29906763772957,41.57538623300812,41.29906763772957,41.4620246887207,10600,0.0,0.0,0.0
2015-07-09 00:00:00-04:00,41.6391413948354,41.71707794294277,41.348652344549905,41.412418365478516,10600,0.0,0.0,0.0
2015-07-10 00:00:00-04:00,41.50452891214734,41.95797500878673,41.49035838378337,41.6462287902832,17000,0.0,0.0,0.0
2015-07-13 00:00:00-04:00,41.72416534490909,42.156357000378485,41.469101239861445,41.6462287902832,25900,0.0,0.0,0.0
2015-07-14 00:00:00-04:00,41.667500586756184,41.80211659942431,41.45494528930257,41.68875503540039,17400,0.0,0.0,0.0
2015-07-15 00:00:00-04:00,41.632055540573056,41.78792863963592,41.48326905660491,41.65331268310547,19600,0.0,0.0,0.0
2015-07-16 00:00:00-04:00,41.73125863061963,41.915470123291016,41.72417201392898,41.915470123291016,12500,0.0,0.0,0.0
2015-07-17 00:00:00-04:00,41.89420500885353,41.89420500885353,41.65331145501865,41.75250244140625,11300,0.0,0.0,0.0
2015-07-20 00:00:00-04:00,41.7950181085118,41.97922957227633,41.63914499880585,41.93671798706055,9200,0.0,0.0,0.0
2015-07-21 00:00:00-04:00,41.929641302807106,42.12802332917751,41.823363672821586,41.85879135131836,16200,0.0,0.0,0.0
2015-07-22 00:00:00-04:00,41.85168977952098,42.19886090436583,41.85168977952098,42.04298782348633,8700,0.0,0.0,0.0
2015-07-23 00:00:00-04:00,42.09968412391491,42.09968412391491,41.51870584728062,41.72417449951172,11100,0.0,0.0,0.0
2015-07-24 00:00:00-04:00,41.72416489102238,42.0642494598024,41.688739921873776,41.972145080566406,9400,0.0,0.0,0.0
2015-07-27 00:00:00-04:00,41.915456238217224,42.38307278305808,41.915456238217224,42.11383819580078,33400,0.0,0.0,0.0
2015-07-28 00:00:00-04:00,42.13509488971071,42.16343323852853,41.98630572034781,42.04298782348633,26500,0.0,0.0,0.0
2015-07-29 00:00:00-04:00,42.03591351161753,42.18470001220703,41.787933307882966,42.18470001220703,69500,0.0,0.0,0.0
2015-07-30 00:00:00-04:00,42.08550689269474,42.28388888349168,42.01465425115875,42.14927291870117,15600,0.0,0.0,0.0
2015-07-31 00:00:00-04:00,42.46100936895042,42.80817779508652,42.46100936895042,42.51060485839844,63900,0.0,0.0,0.0
2015-08-03 00:00:00-04:00,42.56730020096853,42.843618786045184,42.55312967061174,42.765682220458984,39700,0.0,0.0,0.0
2015-08-04 00:00:00-04:00,42.822355403438245,43.06324897892068,42.45392977606792,42.553123474121094,59800,0.0,0.0,0.0
2015-08-05 00:00:00-04:00,42.63106042131122,42.63106042131122,42.12801879275336,42.312232971191406,25400,0.0,0.0,0.0
2015-08-06 00:00:00-04:00,42.31931838119455,42.439766533318135,41.72416964236889,42.397254943847656,16500,0.0,0.0,0.0
2015-08-07 00:00:00-04:00,42.298043589415606,42.687723512464686,42.0925750599485,42.60978698730469,23500,0.0,0.0,0.0
2015-08-10 00:00:00-04:00,42.7231717877298,42.7231717877298,42.276809529021875,42.383087158203125,18100,0.0,0.0,0.0
2015-08-11 00:00:00-04:00,42.340576077191535,42.907386502665254,42.340576077191535,42.737342834472656,26600,0.0,0.0,0.0
2015-08-12 00:00:00-04:00,42.57438267478587,42.98531723022461,42.53187108515336,42.98531723022461,27500,0.0,0.0,0.0
2015-08-13 00:00:00-04:00,42.97823652435328,43.17661855194019,42.616897445141056,43.02783203125,152100,0.0,0.0,0.0
2015-08-14 00:00:00-04:00,42.964057431874686,43.31122861372262,42.90029140674963,43.304141998291016,15500,0.0,0.0,0.0
2015-08-17 00:00:00-04:00,43.332485143385256,43.73633575439453,43.30414408579639,43.73633575439453,30400,0.0,0.0,0.0
2015-08-18 00:00:00-04:00,43.63713804453621,43.88511550342176,43.63713804453621,43.87094497680664,24100,0.0,0.0,0.0
2015-08-19 00:00:00-04:00,43.67257264256453,43.771763647997325,43.40333798299538,43.60880661010742,85600,0.0,0.0,0.0
2015-08-20 00:00:00-04:00,43.46710463769995,43.74342591747119,43.26872262399445,43.55921173095703,44000,0.0,0.0,0.0
2015-08-21 00:00:00-04:00,43.282899997767885,43.31832497685204,42.730262756347656,42.730262756347656,21800,0.0,0.0,0.0
2015-08-24 00:00:00-04:00,42.41850927574359,42.41850927574359,40.6968290966203,40.71808624267578,143700,0.0,0.0,0.0
2015-08-25 00:00:00-04:00,41.12193122621229,41.50452736956394,39.66239929199219,39.66239929199219,46100,0.0,0.0,0.0
2015-08-26 00:00:00-04:00,40.07334865244452,40.67558140315987,39.86079337313073,40.59056091308594,46100,0.0,0.0,0.0
2015-08-27 00:00:00-04:00,40.88812254059403,41.70999425538354,40.696824464382004,41.284889221191406,42100,0.0,0.0,0.0
2015-08-28 00:00:00-04:00,41.34865524659542,41.398250743826104,41.051079560459414,41.284889221191406,11000,0.0,0.0,0.0
2015-08-31 00:00:00-04:00,41.199875034885224,41.199875034885224,40.385087108610584,40.406341552734375,19700,0.0,0.0,0.0
2015-09-01 00:00:00-04:00,40.00249368137697,40.17962126873987,39.456940387968935,39.69783401489258,35100,0.0,0.0,0.0
2015-09-02 00:00:00-04:00,39.97415542602539,40.07334915222684,39.66949844089818,39.97415542602539,51600,0.0,0.0,0.0
2015-09-03 00:00:00-04:00,40.23628858783902,40.28588407783025,39.952883471244995,40.04499053955078,35400,0.0,0.0,0.0
2015-09-04 00:00:00-04:00,39.7686763237554,39.7686763237554,38.982229608055654,39.30105972290039,10200,0.0,0.0,0.0
2015-09-08 00:00:00-04:00,39.549040339137775,39.89621153680665,39.414424370073355,39.761592864990234,41200,0.0,0.0,0.0
2015-09-09 00:00:00-04:00,39.9883094478376,40.18669411557812,39.25854490284119,39.265628814697266,23300,0.0,0.0,0.0
2015-09-10 00:00:00-04:00,39.25146527875788,39.75450686078943,39.244378663376104,39.32231521606445,13800,0.0,0.0,0.0
2015-09-11 00:00:00-04:00,39.40024750475281,40.066246032714844,39.32231096049896,40.066246032714844,12400,0.0,0.0,0.0
2015-09-14 00:00:00-04:00,40.13711120076391,40.193790621626974,39.98123806357377,40.08042907714844,14500,0.0,0.0,0.0
2015-09-15 00:00:00-04:00,40.13002159375825,40.68974536036894,39.86787354845095,40.6047248840332,119800,0.0,0.0,0.0
2015-09-16 00:00:00-04:00,40.60471826848084,41.079418778662664,40.60471826848084,41.03690719604492,13100,0.0,0.0,0.0
2015-09-17 00:00:00-04:00,40.958978451018105,42.1917847702354,40.90938294982845,41.624977111816406,41400,0.0,0.0,0.0
2015-09-18 00:00:00-04:00,41.16445066871081,42.29098224467291,41.16445066871081,41.72417449951172,99900,0.0,0.0,0.0
2015-09-21 00:00:00-04:00,41.717081264963355,42.255547826877276,41.717081264963355,42.14927291870117,21200,0.0,0.0,0.0
2015-09-22 00:00:00-04:00,41.901288324743824,41.972140958835084,41.6887358279733,41.795013427734375,14900,0.0,0.0,0.0
2015-09-23 00:00:00-04:00,41.85878929646973,42.21304444202786,41.77376611555414,42.12093734741211,5600,0.0,0.0,0.0
2015-09-24 00:00:00-04:00,42.11385661427016,42.191793189621066,41.532878310612276,41.86587905883789,119400,0.0,0.0,0.0
2015-09-25 00:00:00-04:00,41.707882029978535,42.2725652493449,41.68643926081527,42.029537200927734,16700,0.519,0.0,0.0
2015-09-28 00:00:00-04:00,42.06530724622254,42.06530724622254,41.0646048606352,41.36481475830078,47400,0.0,0.0,0.0
2015-09-29 00:00:00-04:00,41.64357679031123,42.13678260016418,41.34336692927181,42.036712646484375,17700,0.0,0.0,0.0
2015-09-30 00:00:00-04:00,42.27973657498242,42.472727050899536,42.058151180857074,42.37980651855469,28800,0.0,0.0,0.0
2015-10-01 00:00:00-04:00,42.49416004694647,42.58708327863474,42.09387766380522,42.34405517578125,25200,0.0,0.0,0.0
2015-10-02 00:00:00-04:00,42.50131742039098,42.787233869798726,42.06529606205977,42.7729377746582,24700,0.0,0.0,0.0
2015-10-05 00:00:00-04:00,42.887305755281446,43.387658201100024,42.873009659492176,43.359066009521484,105900,0.0,0.0,0.0
2015-10-06 00:00:00-04:00,43.502020450603446,43.502020450603446,42.973075859290574,43.03740692138672,78900,0.0,0.0,0.0
2015-10-07 00:00:00-04:00,43.180373049611774,43.41625456273856,42.9945292399042,43.40195846557617,29000,0.0,0.0,0.0
2015-10-08 00:00:00-04:00,43.380511483495255,43.70931625366211,43.14463270507947,43.70931625366211,64000,0.0,0.0,0.0
2015-10-09 00:00:00-04:00,43.71645149301719,43.71645149301719,43.3733534427033,43.58064270019531,51700,0.0,0.0,0.0
2015-10-12 00:00:00-04:00,43.702157814987515,43.93088986116944,43.54490351072454,43.823673248291016,135400,0.0,0.0,0.0
2015-10-13 00:00:00-04:00,43.780792679271464,43.82368096799841,43.33762460256589,43.43769454956055,63300,0.0,0.0,0.0
2015-10-14 00:00:00-04:00,43.39479762720681,43.48772087094352,42.8658558049847,42.951629638671875,33500,0.0,0.0,0.0
2015-10-15 00:00:00-04:00,43.030271485887084,43.552066802978516,43.030271485887084,43.552066802978516,29600,0.0,0.0,0.0
2015-10-16 00:00:00-04:00,43.787952320832844,44.05957277640584,43.69503175781506,43.9809455871582,99800,0.0,0.0,0.0
2015-10-19 00:00:00-04:00,43.96663100953977,44.68856878314146,43.96663100953977,44.681419372558594,37300,0.0,0.0,0.0
2015-10-20 00:00:00-04:00,44.688569148391245,44.788639083759584,44.43839158326917,44.659976959228516,36200,0.0,0.0,0.0
2015-10-21 00:00:00-04:00,44.76719424122955,44.938741914894216,44.61708661839658,44.652828216552734,88900,0.0,0.0,0.0
2015-10-22 00:00:00-04:00,44.65282748174621,44.96733336275667,44.6027925171923,44.82437515258789,175400,0.0,0.0,0.0
2015-10-23 00:00:00-04:00,44.810091408839384,44.810091408839384,43.97379014791899,44.26685333251953,225200,0.0,0.0,0.0
2015-10-26 00:00:00-04:00,44.30972774537968,44.38835216764678,43.83796757827226,44.28113555908203,39600,0.0,0.0,0.0
2015-10-27 00:00:00-04:00,44.273997978430494,44.35977456024152,43.973788122196964,44.19537353515625,42100,0.0,0.0,0.0
2015-10-28 00:00:00-04:00,44.19535367990402,44.43123235715901,43.15891029228546,43.85225296020508,73100,0.0,0.0,0.0
2015-10-29 00:00:00-04:00,43.78078563411128,43.87370888138245,43.51631471294072,43.816524505615234,51500,0.0,0.0,0.0
2015-10-30 00:00:00-04:00,43.73075428424647,43.89515528811791,43.00881647735303,43.0945930480957,20900,0.0,0.0,0.0
2015-11-02 00:00:00-05:00,43.1160421196663,43.95949276815069,42.98737997147703,43.93090057373047,59100,0.0,0.0,0.0
2015-11-03 00:00:00-05:00,43.995222357096345,43.995222357096345,43.158921297174466,43.38765335083008,29500,0.0,0.0,0.0
2015-11-04 00:00:00-05:00,43.480582898914676,43.480582898914676,43.03741209488961,43.18037033081055,43200,0.0,0.0,0.0
2015-11-05 00:00:00-05:00,43.280437092940154,43.3662109375,42.908746797579,43.3662109375,38800,0.0,0.0,0.0
2015-11-06 00:00:00-05:00,42.88730221139877,42.91589440061466,41.59353427974246,41.908042907714844,86400,0.0,0.0,0.0
2015-11-09 00:00:00-05:00,41.65071244101802,41.729339586274534,40.957366952884264,41.279022216796875,179000,0.0,0.0,0.0
2015-11-10 00:00:00-05:00,41.25758149077223,41.95807369658723,41.25758149077223,41.736488342285156,63600,0.0,0.0,0.0
2015-11-11 00:00:00-05:00,41.779382168945624,42.086741396459836,41.707901693534566,41.922340393066406,18400,0.0,0.0,0.0
2015-11-12 00:00:00-05:00,41.84371846256129,42.00097007471426,41.672168026837895,41.807979583740234,30300,0.0,0.0,0.0
2015-11-13 00:00:00-05:00,41.83656284942265,41.97952107021811,41.500614166259766,41.500614166259766,82500,0.0,0.0,0.0
2015-11-16 00:00:00-05:00,41.529204575639355,42.051002502441406,41.529204575639355,42.051002502441406,11000,0.0,0.0,0.0
2015-11-17 00:00:00-05:00,42.00812965692931,42.52277836199749,42.00812965692931,42.258304595947266,23800,0.0,0.0,0.0
2015-11-18 00:00:00-05:00,42.329778749454654,42.5299186706543,42.143932199739055,42.5299186706543,16800,0.0,0.0,0.0
2015-11-19 00:00:00-05:00,42.54420569578743,42.96593095887874,42.52990960065028,42.8372688293457,14200,0.0,0.0,0.0
2015-11-20 00:00:00-05:00,43.00167075717506,43.45913490458628,42.9516357864708,43.451988220214844,24700,0.0,0.0,0.0
2015-11-23 00:00:00-05:00,43.487727061215594,43.809382391704894,43.487727061215594,43.644981384277344,20900,0.0,0.0,0.0
2015-11-24 00:00:00-05:00,43.52346597073482,43.53776206617909,43.11603679402787,43.451988220214844,18200,0.0,0.0,0.0
2015-11-25 00:00:00-05:00,43.45913929929439,43.88801402588745,43.45913929929439,43.76649856567383,36400,0.0,0.0,0.0
2015-11-27 00:00:00-05:00,43.6950141655162,44.416949225150276,43.6950141655162,44.18821716308594,17900,0.0,0.0,0.0
2015-11-30 00:00:00-05:00,44.25255001725582,44.638536410126676,43.837974160495605,43.98807907104492,28700,0.0,0.0,0.0
2015-12-01 00:00:00-05:00,44.15247512005183,44.65997417590619,44.13103234286677,44.63138198852539,24000,0.0,0.0,0.0
2015-12-02 00:00:00-05:00,44.50988241928789,44.64569125937902,43.8093899819146,43.837982177734375,20600,0.0,0.0,0.0
2015-12-03 00:00:00-05:00,43.76649069076295,43.76649069076295,43.00166736832703,43.1732177734375,41300,0.0,0.0,0.0
2015-12-04 00:00:00-05:00,43.26614464567255,44.152483536526304,43.20896298671189,44.009525299072266,16500,0.0,0.0,0.0
2015-12-07 00:00:00-05:00,44.009521494645604,44.173922499160454,43.80223220459156,43.9451904296875,19800,0.0,0.0,0.0
2015-12-08 00:00:00-05:00,43.78079254452813,44.17392564652644,43.76649644832981,44.01667404174805,21900,0.0,0.0,0.0
2015-12-09 00:00:00-05:00,43.845114272867335,44.109585179436806,43.57349395637111,43.63782501220703,21800,0.0,0.0,0.0
2015-12-10 00:00:00-05:00,43.68786382811247,43.68786382811247,43.25899190251427,43.3161735534668,7900,0.0,0.0,0.0
2015-12-11 00:00:00-05:00,43.20180822995595,43.602090699961494,43.07314610483636,43.46628189086914,32100,0.0,0.0,0.0
2015-12-14 00:00:00-05:00,43.552063541118606,43.93090057373047,43.33047812441449,43.93090057373047,35900,0.0,0.0,0.0
2015-12-15 00:00:00-05:00,44.03812122388993,44.53847373403037,44.03812122388993,44.26685333251953,58800,0.0,0.0,0.0
2015-12-16 00:00:00-05:00,44.424100540163835,45.28184444632292,44.424100540163835,45.16033172607422,48100,0.0,0.0,0.0
2015-12-17 00:00:00-05:00,45.203225947992074,45.203225947992074,44.860125068431984,44.974491119384766,26800,0.0,0.0,0.0
2015-12-18 00:00:00-05:00,44.8744178134645,44.938748882738686,44.53131968623599,44.56705856323242,50700,0.0,0.0,0.0
2015-12-21 00:00:00-05:00,44.802930983965325,45.0602552089372,44.60279113196541,44.81007766723633,45200,0.0,0.0,0.0
2015-12-22 00:00:00-05:00,44.86010156032859,45.260383892253685,44.86010156032859,44.91728591918945,46300,0.0,0.0,0.0
2015-12-23 00:00:00-05:00,45.01738142923101,45.310444618355035,45.01738142923101,45.26755905151367,47900,0.0,0.0,0.0
2015-12-24 00:00:00-05:00,45.28195668705507,45.426006727434654,45.152311925466044,45.303565979003906,9900,0.48,0.0,0.0
2015-12-28 00:00:00-05:00,45.23154341759314,45.64208428156884,45.1739250450748,45.59166717529297,45700,0.0,0.0,0.0
2015-12-29 00:00:00-05:00,45.75011614955699,46.1462516784668,45.75011614955699,46.1462516784668,50200,0.0,0.0,0.0
2015-12-30 00:00:00-05:00,46.131861023541056,46.2903108798528,46.00941750270643,46.02382278442383,21800,0.0,0.0,0.0
2015-12-31 00:00:00-05:00,46.03100871368302,46.1678547231105,45.6996955871582,45.6996955871582,56100,0.0,0.0,0.0
2016-01-04 00:00:00-05:00,45.325165975385765,45.325165975385765,44.8353975573667,45.23153305053711,119800,0.0,0.0,0.0
2016-01-05 00:00:00-05:00,45.28916197262411,46.32631734694946,45.28916197262411,46.18227005004883,34700,0.0,0.0,0.0
2016-01-06 00:00:00-05:00,45.9157703004086,46.17505979582678,45.76451901058989,46.009403228759766,80700,0.0,0.0,0.0
2016-01-07 00:00:00-05:00,45.52684651911109,45.8221479017459,45.303571539269115,45.35398864746094,142300,0.0,0.0,0.0
2016-01-08 00:00:00-05:00,45.6060744188056,45.6060744188056,44.89303088647561,44.95064926147461,125100,0.0,0.0,0.0
2016-01-11 00:00:00-05:00,45.0298711770353,45.57725803344652,45.0298711770353,45.303565979003906,179500,0.0,0.0,0.0
2016-01-12 00:00:00-05:00,45.526838810848766,45.526838810848766,44.79939012472839,45.029869079589844,200300,0.0,0.0,0.0
2016-01-13 00:00:00-05:00,45.130709610278736,45.52684519780028,44.468083208973795,44.496891021728516,51100,0.0,0.0,0.0
2016-01-14 00:00:00-05:00,44.54008654822071,44.77056543029876,44.0359129633531,44.24478530883789,135600,0.0,0.0,0.0
2016-01-15 00:00:00-05:00,43.899076595146205,44.208783175893714,43.64698837376827,44.19437789916992,32300,0.0,0.0,0.0
2016-01-19 00:00:00-05:00,44.46086988768004,44.89301995884942,44.316819863956916,44.77057647705078,179000,0.0,0.0,0.0
2016-01-20 00:00:00-05:00,44.352834050951216,44.48968006117791,42.545011626372755,43.186031341552734,322900,0.0,0.0,0.0
2016-01-21 00:00:00-05:00,43.373294830322266,43.91348032456563,43.16442244647537,43.373294830322266,139600,0.0,0.0,0.0
2016-01-22 00:00:00-05:00,43.74782356642128,44.67694052409032,43.74782356642128,44.48967742919922,99800,0.0,0.0,0.0
2016-01-25 00:00:00-05:00,44.345628001388356,44.90021877660573,44.20157798551589,44.28800964355469,65900,0.0,0.0,0.0
2016-01-26 00:00:00-05:00,44.417657123374326,45.051475623006276,44.417657123374326,45.029869079589844,25400,0.0,0.0,0.0
2016-01-27 00:00:00-05:00,44.965037349396674,44.965037349396674,43.58936517165512,43.884666442871094,72400,0.0,0.0,0.0
2016-01-28 00:00:00-05:00,44.10795320746178,44.12955975085241,43.27246631020543,43.36609649658203,54100,0.0,0.0,0.0
2016-01-29 00:00:00-05:00,43.58216109118746,44.309612372374744,43.394898009931254,44.251991271972656,23800,0.0,0.0,0.0
2016-02-01 00:00:00-05:00,44.09354011061675,44.81378740286453,43.935084827114125,44.46086502075195,55900,0.0,0.0,0.0
2016-02-02 00:00:00-05:00,44.41766278456209,44.41766278456209,43.86307461766653,44.06474304199219,41400,0.0,0.0,0.0
2016-02-03 00:00:00-05:00,44.280802508961706,44.46806834064767,43.82704595259607,44.37443542480469,40400,0.0,0.0,0.0
2016-02-04 00:00:00-05:00,44.26640163147717,44.331224003112325,43.81264777755671,44.17277145385742,67400,0.0,0.0,0.0
2016-02-05 00:00:00-05:00,44.03592495809914,44.03592495809914,42.99156569373187,43.02758026123047,51100,0.0,0.0,0.0
2016-02-08 00:00:00-05:00,42.782695767137234,42.88352996143106,41.190946958200165,41.767147064208984,81300,0.0,0.0,0.0
2016-02-09 00:00:00-05:00,41.32059578731885,41.32059578731885,40.57874178674113,40.6723747253418,144300,0.0,0.0,0.0
2016-02-10 00:00:00-05:00,40.802021792633205,41.42863634554038,40.802021792633205,40.866844177246094,52400,0.0,0.0,0.0
2016-02-11 00:00:00-05:00,40.26902946872212,40.528318955872344,39.85128743194444,40.3194465637207,52000,0.0,0.0,0.0
2016-02-12 00:00:00-05:00,40.506715621956424,40.665168184130856,40.10337608250386,40.557132720947266,60600,0.0,0.0,0.0
2016-02-16 00:00:00-05:00,40.78761128506081,41.35660464648112,40.71558489609724,41.349403381347656,58800,0.0,0.0,0.0
2016-02-17 00:00:00-05:00,41.479041969540376,42.13446690031086,41.479041969540376,41.84636688232422,58700,0.0,0.0,0.0
2016-02-18 00:00:00-05:00,41.92560967880694,42.372165142847834,41.77435835108006,42.22811508178711,25600,0.0,0.0,0.0
2016-02-19 00:00:00-05:00,42.08405782404491,42.96996183891169,42.08405782404491,42.73948287963867,60200,0.0,0.0,0.0
2016-02-22 00:00:00-05:00,42.98436335294513,43.358892315845836,42.98436335294513,43.06359100341797,207100,0.0,0.0,0.0
2016-02-23 00:00:00-05:00,43.04919063414716,43.495743286100634,42.9123446070637,42.99156951904297,220700,0.0,0.0,0.0
2016-02-24 00:00:00-05:00,42.81151197595544,42.96276604460474,42.42258039985712,42.84752655029297,27000,0.0,0.0,0.0
2016-02-25 00:00:00-05:00,43.12120188811454,43.74781897092525,43.10679661347835,43.73341369628906,23500,0.0,0.0,0.0
2016-02-26 00:00:00-05:00,43.66859709965391,43.88467075267401,43.63978654657774,43.70460891723633,19600,0.0,0.0,0.0
2016-02-29 00:00:00-05:00,43.66859848302602,44.143961633739444,43.5317497253418,43.5317497253418,46200,0.0,0.0,0.0
2016-03-01 00:00:00-05:00,43.841453165840555,44.69134521484375,43.841453165840555,44.69134521484375,38500,0.0,0.0,0.0
2016-03-02 00:00:00-05:00,44.70575484853685,45.20272455375905,44.70575484853685,45.18111801147461,29500,0.0,0.0,0.0
2016-03-03 00:00:00-05:00,45.31076069867631,45.598860737814206,44.7561699092275,45.23153305053711,53000,0.0,0.0,0.0
2016-03-04 00:00:00-05:00,45.26035636511551,45.26035636511551,44.8930313217967,45.11630630493164,38600,0.0,0.0,0.0
2016-03-07 00:00:00-05:00,44.9866598866265,45.36839294433594,44.93624277952783,45.36839294433594,28900,0.0,0.0,0.0
2016-03-08 00:00:00-05:00,45.46922727682432,45.46922727682432,44.92183761614857,44.98666000366211,31300,0.0,0.0,0.0
2016-03-09 00:00:00-05:00,45.02987138819867,45.51963987927038,45.01546610934056,45.22433853149414,14200,0.0,0.0,0.0
2016-03-10 00:00:00-05:00,45.548456917877395,45.57726473216655,44.54010923454438,44.993865966796875,22500,0.0,0.0,0.0
2016-03-11 00:00:00-05:00,45.46921943043618,46.05982208251953,45.44761013997649,46.05982208251953,24400,0.0,0.0,0.0
2016-03-14 00:00:00-04:00,46.00940740604793,46.20387454526763,45.93738101326695,46.19667053222656,22700,0.0,0.0,0.0
2016-03-15 00:00:00-04:00,45.99500948215678,46.34792924687509,45.98060420129716,46.311920166015625,34000,0.0,0.0,0.0
2016-03-16 00:00:00-04:00,46.225477595266995,46.85929331867528,46.00940392830845,46.80167770385742,24500,0.0,0.0,0.0
2016-03-17 00:00:00-04:00,46.909710265594335,47.55072999944321,46.76566298643448,47.47870635986328,70000,0.0,0.0,0.0
2016-03-18 00:00:00-04:00,47.68037170279649,47.716386267811515,47.21221532790792,47.233821868896484,34800,0.0,0.0,0.0
2016-03-21 00:00:00-04:00,47.082568052379216,47.25542586603359,46.63601274746703,46.70083236694336,38300,0.0,0.0,0.0
2016-03-22 00:00:00-04:00,46.52798399874006,46.837690620895586,46.44155782189327,46.729652404785156,54600,0.0,0.0,0.0
2016-03-23 00:00:00-04:00,46.79038108264719,46.83428236627932,46.54161272427424,46.62209701538086,29200,1.013,0.0,0.0
2016-03-24 00:00:00-04:00,46.40990844598499,46.6367275423644,46.212356869997315,46.607460021972656,57400,0.0,0.0,0.0
2016-03-28 00:00:00-04:00,46.63672925861302,47.20011648691716,46.63672925861302,47.09768295288086,26700,0.0,0.0,0.0
2016-03-29 00:00:00-04:00,47.1562285182585,48.14398956298828,47.09769903754105,48.14398956298828,38800,0.0,0.0,0.0
2016-03-30 00:00:00-04:00,48.231776096143605,48.231776096143605,47.88788965391754,47.95374298095703,45500,0.0,0.0,0.0
2016-03-31 00:00:00-04:00,47.89520451030619,48.35615543782526,47.80740194126051,48.27567672729492,52900,0.0,0.0,0.0
2016-04-01 00:00:00-04:00,48.217134697166024,48.297618978247705,47.939096059898986,48.22445297241211,38400,0.0,0.0,0.0
2016-04-04 00:00:00-04:00,48.31226032188886,48.370795372011465,48.05617645536448,48.261043548583984,63900,0.0,0.0,0.0
2016-04-05 00:00:00-04:00,48.122022579414235,48.21714342821234,47.843989474010044,47.9610595703125,33000,0.0,0.0,0.0
2016-04-06 00:00:00-04:00,48.01227091614131,48.01227091614131,47.74886881143665,47.975685119628906,44000,0.0,0.0,0.0
2016-04-07 00:00:00-04:00,47.85861756116536,48.004949573448485,47.65374492887716,47.85129928588867,31000,0.0,0.0,0.0
2016-04-08 00:00:00-04:00,48.07080407459381,48.24640921271588,47.990319781840164,48.04885482788086,26300,0.0,0.0,0.0
2016-04-11 00:00:00-04:00,48.034226256989236,48.034226256989236,47.66107229760075,47.683021545410156,37100,0.0,0.0,0.0
2016-04-12 00:00:00-04:00,47.7049718086662,48.056176527721014,47.55863976534898,47.95374298095703,30700,0.0,0.0,0.0
2016-04-13 00:00:00-04:00,48.06349424704678,48.06349424704678,47.30987362650627,47.4708366394043,83700,0.0,0.0,0.0
2016-04-14 00:00:00-04:00,47.36839381636799,47.390343060091084,46.790375666527275,46.86354446411133,30900,0.0,0.0,0.0
2016-04-15 00:00:00-04:00,46.9952570779176,47.45620805620466,46.8050209484711,47.331825256347656,55700,0.0,0.0,0.0
2016-04-18 00:00:00-04:00,47.30255102715121,47.683017649920735,47.163531692769524,47.67570495605469,227400,0.0,0.0,0.0
2016-04-19 00:00:00-04:00,47.822042633080216,47.822042633080216,47.434257688430115,47.5952262878418,27900,0.0,0.0,0.0
2016-04-20 00:00:00-04:00,47.6098514552591,47.6098514552591,46.63673007380007,46.709896087646484,283300,0.0,0.0,0.0
2016-04-21 00:00:00-04:00,46.73184083194085,46.73184083194085,45.54653421696047,45.64896774291992,261200,0.0,0.0,0.0
2016-04-22 00:00:00-04:00,45.78799880399708,46.33675236900507,45.78799880399708,46.27821731567383,364600,0.0,0.0,0.0
2016-04-25 00:00:00-04:00,46.11723117204435,46.68061828613281,46.11723117204435,46.68061828613281,44200,0.0,0.0,0.0
2016-04-26 00:00:00-04:00,46.826970900612814,47.18548833355185,46.66600229498837,46.7830696105957,49500,0.0,0.0,0.0
2016-04-27 00:00:00-04:00,46.84892214605226,46.84892214605226,45.89043433090145,46.35870361328125,82400,0.0,0.0,0.0
2016-04-28 00:00:00-04:00,46.095290702349104,46.62209491781508,46.095290702349104,46.30747604370117,30800,0.0,0.0,0.0
2016-04-29 00:00:00-04:00,46.066032889732575,46.066032889732575,45.36362898181484,45.85384750366211,33300,0.0,0.0,0.0
2016-05-02 00:00:00-04:00,45.88310851194307,46.70989789774902,45.88310851194307,46.62941360473633,37200,0.0,0.0,0.0
2016-05-03 00:00:00-04:00,46.53429798122752,47.009885487818565,46.46113196072341,46.99525451660156,32400,0.0,0.0,0.0
2016-05-04 00:00:00-04:00,46.6367451814012,48.063505242430004,46.6367451814012,47.909854888916016,53800,0.0,0.0,0.0
2016-05-05 00:00:00-04:00,47.80008537984171,48.143971769686566,47.80008537984171,48.04153823852539,37600,0.0,0.0,0.0
2016-05-06 00:00:00-04:00,48.048856437965796,48.604928229567484,47.75618678016441,48.575660705566406,38600,0.0,0.0,0.0
2016-05-09 00:00:00-04:00,48.656147625891826,49.197582893597314,48.656147625891826,49.146366119384766,43700,0.0,0.0,0.0
2016-05-10 00:00:00-04:00,49.17562144787804,49.21951993425497,48.80978584218139,48.963436126708984,42300,0.0,0.0,0.0
2016-05-11 00:00:00-04:00,48.95613412179871,48.95613412179871,47.697658470300816,48.00495910644531,51300,0.0,0.0,0.0
2016-05-12 00:00:00-04:00,48.10738750707076,48.52443992072583,47.7196026149961,48.41468811035156,33800,0.0,0.0,0.0
2016-05-13 00:00:00-04:00,48.334212043890204,48.334212043890204,47.94642708584784,48.12934494018555,19700,0.0,0.0,0.0
2016-05-16 00:00:00-04:00,48.12934073341641,48.707361772466555,48.085442238519505,48.575660705566406,30300,0.0,0.0,0.0
2016-05-17 00:00:00-04:00,48.41468227436163,48.473217310466524,47.441558232398876,47.71959686279297,55300,0.0,0.0,0.0
2016-05-18 00:00:00-04:00,47.62448610366888,47.62448610366888,46.526981855678606,47.046470642089844,42000,0.0,0.0,0.0
2016-05-19 00:00:00-04:00,46.68062529501328,46.76110957926796,46.31478966920423,46.42454147338867,80800,0.0,0.0,0.0
2016-05-20 00:00:00-04:00,46.56356874272007,46.80502165115674,46.41723390043467,46.7830696105957,66100,0.0,0.0,0.0
2016-05-23 00:00:00-04:00,46.87086388749652,46.97329742771859,46.70258260664993,46.790382385253906,29500,0.0,0.0,0.0
2016-05-24 00:00:00-04:00,47.11963039509365,47.339128424395675,47.00987858933827,47.178165435791016,105800,0.0,0.0,0.0
2016-05-25 00:00:00-04:00,47.30256241407052,47.31719338753372,46.731856760323936,47.214759826660156,31000,0.0,0.0,0.0
2016-05-26 00:00:00-04:00,47.17085241241409,47.46352206627964,47.119635641653325,47.31718444824219,25500,0.0,0.0,0.0
2016-05-27 00:00:00-04:00,47.38302803350568,47.78544384043104,47.28790720577874,47.536678314208984,60200,0.0,0.0,0.0
2016-05-31 00:00:00-04:00,47.61716862609681,47.64643614739788,47.23669643139186,47.55131530761719,60000,0.0,0.0,0.0
2016-06-01 00:00:00-04:00,47.353779194507304,47.419626948407284,46.93672667317626,47.214759826660156,36500,0.0,0.0,0.0
2016-06-02 00:00:00-04:00,47.20011665190981,47.35376695350136,46.88549777278168,47.33913040161133,61700,0.0,0.0,0.0
2016-06-03 00:00:00-04:00,47.66106299273212,47.836662523134606,47.22206137562168,47.38302993774414,30700,0.0,0.0,0.0
2016-06-06 00:00:00-04:00,47.39034966798223,47.441566437880375,46.42454652514373,46.62941360473633,44800,0.0,0.0,0.0
2016-06-07 00:00:00-04:00,46.775736604157416,46.980603631959006,46.74646908844178,46.80500411987305,25900,0.0,0.0,0.0
2016-06-08 00:00:00-04:00,46.680631026495966,46.92939939423426,46.461130182280925,46.848915100097656,253800,0.0,0.0,0.0
2016-06-09 00:00:00-04:00,46.88550419789226,46.892816892630435,46.724535598296825,46.826969146728516,105800,0.0,0.0,0.0
2016-06-10 00:00:00-04:00,46.6513577567925,46.826960085197896,46.57819174810111,46.731842041015625,48000,0.0,0.0,0.0
2016-06-13 00:00:00-04:00,46.83428136015685,47.14158196566647,46.81964759926051,46.8928108215332,146500,0.0,0.0,0.0
2016-06-14 00:00:00-04:00,46.93671792020974,46.973298138151286,46.59283149474493,46.70258331298828,427000,0.0,0.0,0.0
2016-06-15 00:00:00-04:00,46.82696598778778,47.45620378982542,46.82696598778778,47.31718444824219,20700,0.0,0.0,0.0
2016-06-16 00:00:00-04:00,47.28792655465879,47.631813049316406,47.17818029654294,47.631813049316406,26200,0.0,0.0,0.0
2016-06-17 00:00:00-04:00,47.544002091144826,47.58790058150925,47.15621162482661,47.52936553955078,27100,0.0,0.0,0.0
2016-06-20 00:00:00-04:00,47.74887812701817,47.990325451595346,47.3610931700504,47.42694091796875,37200,0.0,0.0,0.0
2016-06-21 00:00:00-04:00,47.52878245939402,47.66900329595549,47.484497157239424,47.587825775146484,21200,0.558,0.0,0.0
2016-06-22 00:00:00-04:00,47.52879576968324,47.56569362935128,47.23358473892852,47.381187438964844,37800,0.0,0.0,0.0
2016-06-23 00:00:00-04:00,47.60995299257705,47.77969544202705,47.425446902761564,47.4697265625,40000,0.0,0.0,0.0
2016-06-24 00:00:00-04:00,46.77599153618588,47.905170885837485,46.451258968684016,47.447593688964844,41000,0.0,0.0,0.0
2016-06-27 00:00:00-04:00,47.31475782657884,48.20038509936263,47.23357466966089,48.14872360229492,43100,0.0,0.0,0.0
2016-06-28 00:00:00-04:00,48.347979018673065,49.10076141357422,48.15609110205936,49.10076141357422,41900,0.0,0.0,0.0
2016-06-29 00:00:00-04:00,49.30741977358151,49.595248905740526,49.18195694790822,49.35908126831055,237200,0.0,0.0,0.0
2016-06-30 00:00:00-04:00,49.469777998107446,49.816650390625,49.05648610779532,49.816650390625,49000,0.0,0.0,0.0
2016-07-01 00:00:00-04:00,49.97903542033014,50.17092342596785,49.66168456244854,49.82405090332031,68000,0.0,0.0,0.0
2016-07-05 00:00:00-04:00,49.809257244290954,50.4882438634378,49.809257244290954,50.473480224609375,319700,0.0,0.0,0.0
2016-07-06 00:00:00-04:00,50.348029225568744,50.42183054493948,50.06020013854705,50.259464263916016,52800,0.0,0.0,0.0
2016-07-07 00:00:00-04:00,50.22257918067632,50.22257918067632,49.418129392296535,49.72072219848633,48000,0.0,0.0,0.0
2016-07-08 00:00:00-04:00,49.89784321599766,50.42922182421603,49.8535635422064,50.39970016479492,53300,0.0,0.0,0.0
2016-07-11 00:00:00-04:00,50.48088700309575,50.72443648807615,50.06758937173111,50.643253326416016,576400,0.0,0.0,0.0
2016-07-12 00:00:00-04:00,50.48088798270098,50.628490662757585,50.13401549081849,50.4882698059082,34700,0.0,0.0,0.0
2016-07-13 00:00:00-04:00,50.62110412519918,50.82037391846703,50.547302792044,50.812992095947266,28400,0.0,0.0,0.0
2016-07-14 00:00:00-04:00,50.621113601825236,50.80561978459442,50.07497687741938,50.22996139526367,43800,0.0,0.0,0.0
2016-07-15 00:00:00-04:00,50.12663240969776,50.18567573251126,49.80190539558589,50.097110748291016,34200,0.0,0.0,0.0
2016-07-18 00:00:00-04:00,50.18568028297709,50.27424527522775,50.038077593241006,50.22258377075195,197800,0.0,0.0,0.0
2016-07-19 00:00:00-04:00,50.22257904777293,50.547306060791016,50.03069106461601,50.547306060791016,23700,0.0,0.0,0.0
2016-07-20 00:00:00-04:00,50.57681110982977,50.57681110982977,50.355407168768195,50.50300979614258,15900,0.0,0.0,0.0
2016-07-21 00:00:00-04:00,50.42922532625473,50.57682800292969,50.19305766516608,50.57682800292969,59500,0.0,0.0,0.0
2016-07-22 00:00:00-04:00,50.53254655986199,51.13772652216712,50.53254655986199,50.95322036743164,78100,0.0,0.0,0.0
2016-07-25 00:00:00-04:00,50.98272807392172,51.12294888427924,50.576812392330204,50.79084014892578,38600,0.0,0.0,0.0
2016-07-26 00:00:00-04:00,50.76132266545811,50.76132266545811,50.281605628910114,50.37017059326172,46000,0.0,0.0,0.0
2016-07-27 00:00:00-04:00,50.16351835572358,50.16351835572358,49.33692901737418,49.75760269165039,99700,0.0,0.0,0.0
2016-07-28 00:00:00-04:00,49.64690286382203,50.05281856841632,49.29265427679408,49.875694274902344,29600,0.0,0.0,0.0
2016-07-29 00:00:00-04:00,49.919964797737734,50.99009781468384,49.919964797737734,50.66537094116211,38600,0.0,0.0,0.0
2016-08-01 00:00:00-04:00,50.60635436895217,50.835140228271484,50.58421452846085,50.835140228271484,57900,0.0,0.0,0.0
2016-08-02 00:00:00-04:00,50.65062402541377,50.7760924811687,49.91998128039667,50.052825927734375,105500,0.0,0.0,0.0
2016-08-03 00:00:00-04:00,50.05283113920021,50.05283113920021,49.418129494799864,49.68381881713867,43900,0.0,0.0,0.0
2016-08-04 00:00:00-04:00,49.72808280840514,49.72808280840514,49.37383424414696,49.48453903198242,88800,0.0,0.0,0.0
2016-08-05 00:00:00-04:00,49.48455142463878,49.61739607717438,49.40336826860698,49.53621292114258,27500,0.0,0.0,0.0
2016-08-08 00:00:00-04:00,49.54358557681844,50.001162820821456,49.45502623523621,49.772377014160156,44000,0.0,0.0,0.0
2016-08-09 00:00:00-04:00,49.74285478037127,50.14138870491474,49.41074036124487,50.126625061035156,32500,0.0,0.0,0.0
2016-08-10 00:00:00-04:00,50.170913796486275,50.318516461304256,49.97164400523318,50.134010314941406,28000,0.0,0.0,0.0
2016-08-11 00:00:00-04:00,50.16353790886674,50.16353790886674,49.30005039309315,49.58049774169922,36200,0.0,0.0,0.0
2016-08-12 00:00:00-04:00,49.66904336907385,50.34064263155587,49.66904336907385,49.75760269165039,25700,0.0,0.0,0.0
2016-08-15 00:00:00-04:00,49.81666365610616,49.97164815624341,49.72072247907297,49.750244140625,22600,0.0,0.0,0.0
2016-08-16 00:00:00-04:00,49.639524776712435,49.646900966928854,49.04172115908883,49.11552810668945,32300,0.0,0.0,0.0
2016-08-17 00:00:00-04:00,49.16720521111293,49.359087569929265,48.68010622946837,49.3148078918457,31800,0.0,0.0,0.0
2016-08-18 00:00:00-04:00,49.270518112959806,49.366459272699366,48.945785525102565,49.15243148803711,36500,0.0,0.0,0.0
2016-08-19 00:00:00-04:00,48.953174619121334,49.137680774962426,48.613683968055454,48.74652862548828,29200,0.0,0.0,0.0
2016-08-22 00:00:00-04:00,48.78341513907047,49.04172257107102,48.70961382002456,48.916259765625,214200,0.0,0.0,0.0
2016-08-23 00:00:00-04:00,49.130299206367376,49.1376810292299,48.9753147103406,48.982696533203125,31000,0.0,0.0,0.0
2016-08-24 00:00:00-04:00,49.04172196952872,49.04172196952872,48.443923972705754,48.650569915771484,25100,0.0,0.0,0.0
2016-08-25 00:00:00-04:00,48.65058311381469,49.28528475723115,48.65058311381469,48.99745559692383,26700,0.0,0.0,0.0
2016-08-26 00:00:00-04:00,49.071242240377806,49.285269998431446,48.045388744290044,48.39964294433594,32900,0.0,0.0,0.0
2016-08-29 00:00:00-04:00,48.52510770706992,49.05648621328803,48.51772588596141,48.916259765625,26700,0.0,0.0,0.0
2016-08-30 00:00:00-04:00,48.93840427153551,48.967925928108926,48.384885879814576,48.79818344116211,19800,0.0,0.0,0.0
2016-08-31 00:00:00-04:00,48.798174395128015,48.975298671053565,48.532485165900084,48.85721206665039,19200,0.0,0.0,0.0
2016-09-01 00:00:00-04:00,48.79819610348842,49.019600139219335,48.584168260804674,48.87937927246094,42800,0.0,0.0,0.0
2016-09-02 00:00:00-04:00,48.99007753860438,49.76500572555512,48.99007753860438,49.204105377197266,76000,0.0,0.0,0.0
2016-09-06 00:00:00-04:00,49.32955419189459,49.69856643676758,48.99006360229304,49.69856643676758,28900,0.0,0.0,0.0
2016-09-07 00:00:00-04:00,49.68381203624155,49.97902297973633,49.50668772241685,49.97902297973633,28600,0.0,0.0,0.0
2016-09-08 00:00:00-04:00,49.787137171359035,49.787137171359035,49.18195724487305,49.18195724487305,28100,0.0,0.0,0.0
2016-09-09 00:00:00-04:00,48.66534203692955,48.66534203692955,47.299992075379336,47.395938873291016,52200,0.0,0.0,0.0
2016-09-12 00:00:00-04:00,47.24094862023235,48.104435911910265,47.24094862023235,47.9494514465332,49800,0.0,0.0,0.0
2016-09-13 00:00:00-04:00,47.7575697186831,47.7575697186831,46.68005451156811,46.82027816772461,41900,0.0,0.0,0.0
2016-09-14 00:00:00-04:00,46.97527120478518,47.24096053549599,46.9014670488429,47.07859420776367,24000,0.0,0.0,0.0
2016-09-15 00:00:00-04:00,46.99002620413048,47.29999519316765,46.827662702161696,47.218814849853516,22500,0.0,0.0,0.0
2016-09-16 00:00:00-04:00,47.10073334509703,47.27785768603805,46.960509673907005,47.263099670410156,20200,0.0,0.0,0.0
2016-09-19 00:00:00-04:00,47.41069525441521,47.76494951396445,47.41069525441521,47.73542785644531,45700,0.0,0.0,0.0
2016-09-20 00:00:00-04:00,47.986355977309486,48.02325945878418,47.868274971815765,47.897796630859375,11100,0.0,0.0,0.0
2016-09-21 00:00:00-04:00,47.94945647665504,48.50297489564549,47.26309341187965,48.443931579589844,80000,0.0,0.0,0.0
2016-09-22 00:00:00-04:00,48.78342224697538,49.38122596891258,48.78342224697538,49.373844146728516,19500,0.0,0.0,0.0
2016-09-23 00:00:00-04:00,49.28528020596189,49.81665880074541,48.87198824587722,49.59524917602539,35300,0.0,0.0,0.0
2016-09-26 00:00:00-04:00,49.4769246606251,49.997816145999884,49.4769246606251,49.88619613647461,16400,0.551,0.0,0.0
2016-09-27 00:00:00-04:00,50.01271733860355,50.01271733860355,49.34300267514223,49.37276840209961,19300,0.0,0.0,0.0
2016-09-28 00:00:00-04:00,49.409962886005516,49.89364587593747,49.409962886005516,49.8638801574707,25300,0.0,0.0,0.0
2016-09-29 00:00:00-04:00,49.677841785231344,49.819221831802835,49.19415886238064,49.33554458618164,34500,0.0,0.0,0.0
2016-09-30 00:00:00-04:00,49.58857717252757,49.826697366214745,48.75515365600586,48.75515365600586,47000,0.0,0.0,0.0
2016-10-03 00:00:00-04:00,48.60630860706634,48.60630860706634,47.79521401693146,47.824974060058594,56400,0.0,0.0,0.0
2016-10-04 00:00:00-04:00,47.78031794037368,47.78031794037368,46.820394956942664,47.05107498168945,55300,0.0,0.0,0.0
2016-10-05 00:00:00-04:00,47.177589276072034,47.341295064913524,45.972103118896484,45.972103118896484,85200,0.0,0.0,0.0
2016-10-06 00:00:00-04:00,45.83071982757136,46.43346290124041,45.32471392739334,45.97954559326172,120800,0.0,0.0,0.0
2016-10-07 00:00:00-04:00,46.18790269319372,46.68646861194481,45.756311069648156,45.927459716796875,31800,0.0,0.0,0.0
2016-10-10 00:00:00-04:00,45.95722207520029,46.29952220419847,45.95722207520029,46.08372497558594,69300,0.0,0.0,0.0
2016-10-11 00:00:00-04:00,45.95721188910503,46.13580334459077,45.585148958906714,45.67444610595703,66500,0.0,0.0,0.0
2016-10-12 00:00:00-04:00,45.741430584441915,46.210227966308594,45.72654772235819,46.210227966308594,27700,0.0,0.0,0.0
2016-10-13 00:00:00-04:00,46.046519272675496,46.56740805847397,46.016753550374894,46.48555374145508,29600,0.0,0.0,0.0
2016-10-14 00:00:00-04:00,46.55250707498854,46.73109566203872,46.13579564084744,46.4111213684082,25800,0.0,0.0,0.0
2016-10-17 00:00:00-04:00,46.48555165320633,46.70134603365288,46.366491607967916,46.47066879272461,89800,0.0,0.0,0.0
2016-10-18 00:00:00-04:00,46.78319439018938,46.969225864600865,46.5227514614593,46.73110580444336,22700,0.0,0.0,0.0
2016-10-19 00:00:00-04:00,46.73110690862868,46.89481551833578,46.530192570883166,46.78319549560547,268300,0.0,0.0,0.0
2016-10-20 00:00:00-04:00,46.79063834438221,47.065964138204535,46.63436974483675,46.78319549560547,28200,0.0,0.0,0.0
2016-10-21 00:00:00-04:00,46.58972475544514,46.723667649428265,46.4706647206396,46.56740188598633,16100,0.0,0.0,0.0
2016-10-24 00:00:00-04:00,46.69390278742905,47.14782006551715,46.46322272386857,46.679019927978516,18000,0.0,0.0,0.0
2016-10-25 00:00:00-04:00,46.5004309291007,46.71622529291227,46.24742799764543,46.649253845214844,14200,0.0,0.0,0.0
2016-10-26 00:00:00-04:00,46.46324435950251,46.61951303719211,46.031652588926875,46.53765869140625,23400,0.0,0.0,0.0
2016-10-27 00:00:00-04:00,46.39624108646686,46.39624108646686,45.056815254840245,45.220523834228516,87200,0.0,0.0,0.0
2016-10-28 00:00:00-04:00,45.24284930726671,45.88279796691367,45.24284930726671,45.62979507446289,39200,0.0,0.0,0.0
2016-10-31 00:00:00-04:00,45.79353240406794,46.552541557787,45.74144379104357,46.53765869140625,124700,0.0,0.0,0.0
2016-11-01 00:00:00-04:00,46.25485284824176,46.35902999082426,45.35446144321958,45.45119857788086,63100,0.0,0.0,0.0
2016-11-02 00:00:00-04:00,45.47353277872784,45.5479442309509,45.049381256103516,45.049381256103516,42600,0.0,0.0,0.0
2016-11-03 00:00:00-04:00,45.05681917176812,45.05681917176812,44.67731624128481,44.721961975097656,71800,0.0,0.0,0.0
2016-11-04 00:00:00-04:00,44.848467051174296,45.28750143316454,44.595464138864415,45.138675689697266,72900,0.0,0.0,0.0
2016-11-07 00:00:00-05:00,45.51074340237148,45.74886348144794,45.32471191317954,45.65212631225586,36500,0.0,0.0,0.0
2016-11-08 00:00:00-05:00,45.60748042466733,45.979543401852844,45.220534587760575,45.838157653808594,13800,0.0,0.0,0.0
2016-11-09 00:00:00-05:00,44.83358395521999,45.43632693568947,44.082018070687376,44.92287826538086,59700,0.0,0.0,0.0
2016-11-10 00:00:00-05:00,44.85591289374391,44.85591289374391,43.285806631296836,43.79925537109375,98700,0.0,0.0,0.0
2016-11-11 00:00:00-05:00,43.83645824817765,44.69964420999542,43.83645824817765,44.03737258911133,41900,0.0,0.0,0.0
2016-11-14 00:00:00-05:00,43.92576305878163,45.13868940444,43.60578860662257,44.9675407409668,28300,0.0,0.0,0.0
2016-11-15 00:00:00-05:00,45.09402801802171,45.39167951091635,43.90342772367319,44.148990631103516,33300,0.0,0.0,0.0
2016-11-16 00:00:00-05:00,44.074572903290395,44.2978100862542,43.829012853614636,44.141544342041016,47000,0.0,0.0,0.0
2016-11-17 00:00:00-05:00,43.82157271433948,44.31269568266314,43.434626915264026,43.5015983581543,34400,0.0,0.0,0.0
2016-11-18 00:00:00-05:00,43.56113188382811,43.70251478622607,43.19650893532851,43.516483306884766,73700,0.0,0.0,0.0
2016-11-21 00:00:00-05:00,43.67275083069583,43.98528520468154,43.17418780847666,43.22627639770508,182700,0.0,0.0,0.0
2016-11-22 00:00:00-05:00,43.382541591976626,43.98528462330102,43.24859869612676,43.970401763916016,61400,0.0,0.0,0.0
2016-11-23 00:00:00-05:00,43.56856489117913,43.73971348403038,43.32300485399764,43.724830627441406,35600,0.0,0.0,0.0
2016-11-25 00:00:00-05:00,43.695075227455035,44.156432506175506,43.695075227455035,43.94807815551758,9800,0.0,0.0,0.0
2016-11-28 00:00:00-05:00,44.01504493213997,44.49872502893475,44.01504493213997,44.34989929199219,35100,0.0,0.0,0.0
2016-11-29 00:00:00-05:00,44.2978190089623,44.952650671022056,44.2978190089623,44.68476486206055,18400,0.0,0.0,0.0
2016-11-30 00:00:00-05:00,44.52104998996769,44.588018589926236,44.000161338687946,44.32757568359375,52200,0.0,0.0,0.0
2016-12-01 00:00:00-05:00,44.20851925676319,44.20851925676319,43.345333333116116,43.56113052368164,57000,0.0,0.0,0.0
2016-12-02 00:00:00-05:00,43.762049599363344,44.588027046944546,43.762049599363344,44.074581146240234,41800,0.0,0.0,0.0
2016-12-05 00:00:00-05:00,44.15642462657345,44.320133209228516,43.76947887396168,44.320133209228516,33200,0.0,0.0,0.0
2016-12-06 00:00:00-05:00,44.357345819987174,44.721965925199946,44.201080060610266,44.53593444824219,38000,0.0,0.0,0.0
2016-12-07 00:00:00-05:00,44.5805700431578,45.480961448179976,44.5805700431578,45.45119857788086,251000,0.0,0.0,0.0
2016-12-08 00:00:00-05:00,45.19820066476878,45.8455892919476,45.071697807380644,45.77861785888672,87900,0.0,0.0,0.0
2016-12-09 00:00:00-05:00,45.76374953457153,46.299521169186875,45.67445520834079,45.71910095214844,34700,0.0,0.0,0.0
2016-12-12 00:00:00-05:00,45.65212871356642,46.01675170055257,45.622365831077765,45.972103118896484,38000,0.0,0.0,0.0
2016-12-13 00:00:00-05:00,46.12837135895209,46.19534281158198,45.696776922311564,45.97954559326172,71900,0.0,0.0,0.0
2016-12-14 00:00:00-05:00,45.972094123622455,46.07627128848709,45.10146824129815,45.15355682373047,72800,0.0,0.0,0.0
2016-12-15 00:00:00-05:00,45.09402699199137,45.592592805453705,44.85590693853965,45.049381256103516,48700,0.0,0.0,0.0
2016-12-16 00:00:00-05:00,45.19821448932876,46.143252011354264,45.19821448932876,45.912574768066406,50300,0.0,0.0,0.0
2016-12-19 00:00:00-05:00,46.120930739811485,46.67158524791056,45.98698782807429,46.48555374145508,41800,0.0,0.0,0.0
2016-12-20 00:00:00-05:00,46.44090934486485,46.69391232999831,46.24743780969962,46.47811508178711,31400,0.0,0.0,0.0
2016-12-21 00:00:00-05:00,46.51307365409935,46.83233470391915,45.722528420619895,45.76813507080078,16100,1.316,0.0,0.0
2016-12-22 00:00:00-05:00,45.63128763548803,45.92774231962255,45.3348329513535,45.8973388671875,20600,0.0,0.0,0.0
2016-12-23 00:00:00-05:00,45.97337771024365,46.0950002875309,45.86695831758119,46.07219696044922,19500,0.0,0.0,0.0
2016-12-27 00:00:00-05:00,46.224220275878906,46.39905252819904,45.95056878539151,46.224220275878906,36600,0.0,0.0,0.0
2016-12-28 00:00:00-05:00,46.25461891421865,46.28502527659061,45.79093493674274,46.02657699584961,32600,0.0,0.0,0.0
2016-12-29 00:00:00-05:00,46.13300107053638,46.710710415695274,45.98857518410196,46.55868148803711,25600,0.0,0.0,0.0
2016-12-30 00:00:00-05:00,46.58147999285397,47.2047959220231,46.39904761830756,47.136383056640625,34500,0.0,0.0,0.0
2017-01-03 00:00:00-05:00,47.31882054298578,47.38723341156647,46.604288393140074,46.88554000854492,38300,0.0,0.0,0.0
2017-01-04 00:00:00-05:00,46.946350738000696,47.493653697157875,46.946350738000696,47.417640686035156,570400,0.0,0.0,0.0
2017-01-05 00:00:00-05:00,47.2960188711673,47.86612516267236,46.931151192569324,47.843318939208984,13100,0.0,0.0,0.0
2017-01-06 00:00:00-05:00,47.812911577257886,48.086560139120536,47.62287616224448,47.91172790527344,102600,0.0,0.0,0.0
2017-01-09 00:00:00-05:00,48.09417002174465,48.09417002174465,47.524063695597434,47.55447006225586,26000,0.0,0.0,0.0
2017-01-10 00:00:00-05:00,47.46324891028829,47.46324891028829,46.953955339476366,46.96155548095703,34600,0.0,0.0,0.0
2017-01-11 00:00:00-05:00,46.96155499813777,46.96155499813777,46.52067430402699,46.59668731689453,45500,0.0,0.0,0.0
2017-01-12 00:00:00-05:00,46.62709121746786,46.80952649830221,46.09499145638728,46.786720275878906,23000,0.0,0.0,0.0
2017-01-13 00:00:00-05:00,46.67270170203473,46.84753394567687,46.47506323551023,46.54347610473633,29900,0.0,0.0,0.0
2017-01-17 00:00:00-05:00,46.67270531398224,47.007166645132045,46.581486214814454,46.946353912353516,29400,0.0,0.0,0.0
2017-01-18 00:00:00-05:00,46.99955741310675,47.10597677517568,46.76391246873259,46.82472229003906,42400,0.0,0.0,0.0
2017-01-19 00:00:00-05:00,46.589090928143406,46.66510394713364,46.3154394202413,46.39905548095703,24800,0.0,0.0,0.0
2017-01-20 00:00:00-05:00,46.41425087317298,46.847531388046605,46.37624147034767,46.80192184448242,12600,0.0,0.0,0.0
2017-01-23 00:00:00-05:00,46.85514306018594,47.18960732921679,46.763926850318896,47.17440414428711,26300,0.0,0.0,0.0
2017-01-24 00:00:00-05:00,47.151586237804544,47.303615149733425,46.991957185148856,47.136383056640625,15900,0.0,0.0,0.0
2017-01-25 00:00:00-05:00,47.06037867710579,47.189604290832115,46.551085063452966,46.627098083496094,29300,0.0,0.0,0.0
2017-01-26 00:00:00-05:00,46.65749572129035,46.8475311355514,46.39144440149871,46.49786376953125,31600,0.0,0.0,0.0
2017-01-27 00:00:00-05:00,46.56628652272021,46.665105771038505,46.09499940719677,46.24702835083008,21500,0.0,0.0,0.0
2017-01-30 00:00:00-05:00,46.21661673916058,46.36104552409755,46.01137812349535,46.12540054321289,51400,0.0,0.0,0.0
2017-01-31 00:00:00-05:00,46.171019033091376,46.72592225711763,46.171019033091376,46.31544494628906,24300,0.0,0.0,0.0
2017-02-01 00:00:00-05:00,46.14059948042588,46.42945412401171,45.68451274323081,45.692115783691406,38500,0.0,0.0,0.0
2017-02-02 00:00:00-05:00,45.82133781508824,46.52826978281466,45.82133781508824,46.50546646118164,26200,0.0,0.0,0.0
2017-02-03 00:00:00-05:00,46.748706453521564,46.931141705797934,46.429448386675375,46.5130615234375,40800,0.0,0.0,0.0
2017-02-06 00:00:00-05:00,46.62709359129635,46.71070964511446,46.32303574099603,46.66510009765625,13500,0.0,0.0,0.0
2017-02-07 00:00:00-05:00,46.71071184736273,46.8399345550209,46.63469593134848,46.68030548095703,38200,0.0,0.0,0.0
2017-02-08 00:00:00-05:00,46.77152170301887,47.24281168340239,46.71831201163859,47.12118911743164,44100,0.0,0.0,0.0
2017-02-09 00:00:00-05:00,47.10598273740789,47.29601816507249,46.79432475202637,46.90834426879883,23400,0.0,0.0,0.0
2017-02-10 00:00:00-05:00,46.8703363908971,47.25800737610969,46.71070733226312,47.227603912353516,29300,0.0,0.0,0.0
2017-02-13 00:00:00-05:00,47.31122970581055,47.41764910015034,46.93875892591023,47.31122970581055,26400,0.0,0.0,0.0
2017-02-14 00:00:00-05:00,47.21999968640298,47.21999968640298,46.56627738683186,46.90074157714844,42700,0.0,0.0,0.0
2017-02-15 00:00:00-05:00,46.748700661274,46.953939207264256,46.34582660787253,46.870323181152344,55700,0.0,0.0,0.0
2017-02-16 00:00:00-05:00,46.98436619924825,47.607682249869484,46.98436619924825,47.364437103271484,29800,0.0,0.0,0.0
2017-02-17 00:00:00-05:00,47.49365894211552,47.60768137110216,47.22000743231626,47.539268493652344,16300,0.0,0.0,0.0
2017-02-21 00:00:00-05:00,47.52405073910429,48.17016990603523,47.36442170723334,48.10175704956055,27500,0.0,0.0,0.0
2017-02-22 00:00:00-05:00,48.10936907251298,48.383020549510896,47.78250790828886,48.025753021240234,85800,0.0,0.0,0.0
2017-02-23 00:00:00-05:00,48.17018081835904,48.55025168493848,47.888929189009225,48.512245178222656,103400,0.0,0.0,0.0
2017-02-24 00:00:00-05:00,48.58066222245715,48.96833326378994,48.32221389499834,48.94552993774414,28400,0.0,0.0,0.0
2017-02-27 00:00:00-05:00,49.02915528445082,49.31040989092902,48.93033891973173,49.12797164916992,129800,0.0,0.0,0.0
2017-02-28 00:00:00-05:00,49.16596832667817,49.31039711412553,49.021539539230815,49.11275863647461,64100,0.0,0.0,0.0
2017-03-01 00:00:00-05:00,48.93033448554567,49.17357965309156,48.64907990455545,48.87712478637695,40200,0.0,0.0,0.0
2017-03-02 00:00:00-05:00,48.81629632072722,48.93031872491094,48.649064234513816,48.801090240478516,22600,0.0,0.0,0.0
2017-03-03 00:00:00-05:00,48.77069476108032,48.77069476108032,48.0789630231906,48.52744674682617,23500,0.0,0.0,0.0
2017-03-06 00:00:00-05:00,48.46663904938898,48.46663904938898,48.20059058389937,48.34501647949219,25200,0.0,0.0,0.0
2017-03-07 00:00:00-05:00,48.26899719238281,48.314606737562706,47.9345358935282,48.26899719238281,41400,0.0,0.0,0.0
2017-03-08 00:00:00-05:00,48.01055594767828,48.09417200958963,47.508862475920985,47.53166580200195,26300,0.0,0.0,0.0
2017-03-09 00:00:00-05:00,47.47084440214493,47.706486446808945,46.73350610822428,46.82472229003906,28600,0.0,0.0,0.0
2017-03-10 00:00:00-05:00,47.04517549315499,47.40244306672155,46.36864975575428,46.627098083496094,23500,0.0,0.0,0.0
2017-03-13 00:00:00-04:00,46.66508837941667,46.99955251070064,46.4446466382904,46.604278564453125,42800,0.0,0.0,0.0
2017-03-14 00:00:00-04:00,46.55107489946532,46.72590712716022,46.42945235412494,46.61948776245117,40800,0.0,0.0,0.0
2017-03-15 00:00:00-04:00,46.73351114754959,47.78250750051944,46.73351114754959,47.592472076416016,35100,0.0,0.0,0.0
2017-03-16 00:00:00-04:00,47.44803475352248,47.904121429061824,47.42523143464398,47.56966018676758,24600,0.0,0.0,0.0
2017-03-17 00:00:00-04:00,47.66848678111907,48.03335446040598,47.58487072758676,47.774906158447266,41700,0.0,0.0,0.0
2017-03-20 00:00:00-04:00,47.86612661254677,47.94974266845395,47.62288148611351,47.69889450073242,18400,0.0,0.0,0.0
2017-03-21 00:00:00-04:00,47.77490648660673,47.92693541228151,47.66088696713357,47.744503021240234,25000,0.0,0.0,0.0
2017-03-22 00:00:00-04:00,47.858521178187004,48.13217265666867,47.57726955850773,48.08656311035156,21300,0.0,0.0,0.0
2017-03-23 00:00:00-04:00,48.116970872489766,48.67187398677213,47.96494194672638,48.45143508911133,21300,0.0,0.0,0.0
2017-03-24 00:00:00-04:00,48.525047422337344,48.70141813835236,48.364013671875,48.364013671875,15500,0.556,0.0,0.0
2017-03-27 00:00:00-04:00,48.287324975869666,48.60939243148319,48.04193941200412,48.11095428466797,9200,0.0,0.0,0.0
2017-03-28 00:00:00-04:00,48.10328913498029,48.34867472330427,47.712206767722364,48.31800079345703,19000,0.0,0.0,0.0
2017-03-29 00:00:00-04:00,48.32568029919148,48.387025245795364,48.049620726405166,48.33334732055664,14900,0.0,0.0,0.0
2017-03-30 00:00:00-04:00,48.23365323274997,48.29499816894531,47.92691977609217,48.29499816894531,15600,0.0,0.0,0.0
2017-03-31 00:00:00-04:00,48.248987991697334,48.609399369855645,48.23365395134033,48.42536163330078,21300,0.0,0.0,0.0
2017-04-03 00:00:00-04:00,48.39468070756112,48.58638836181372,48.218310016675936,48.49436950683594,22300,0.0,0.0,0.0
2017-04-04 00:00:00-04:00,48.479039380534054,48.8394478322037,48.45603246962492,48.555721282958984,18100,0.0,0.0,0.0
2017-04-05 00:00:00-04:00,48.663081561285345,48.93914111559342,48.54805869714187,48.8777961730957,26400,0.0,0.0,0.0
2017-04-06 00:00:00-04:00,48.90845943840957,49.115506996587634,48.5557180305195,49.038822174072266,13900,0.0,0.0,0.0
2017-04-07 00:00:00-04:00,49.092493768042544,49.33021523879217,49.092493768042544,49.20751953125,12200,0.0,0.0,0.0
2017-04-10 00:00:00-04:00,49.2612037471165,49.506589343161814,49.054162027200235,49.483585357666016,18400,0.0,0.0,0.0
2017-04-11 00:00:00-04:00,49.46825369150686,49.77498716389741,49.46825369150686,49.698299407958984,15900,0.0,0.0,0.0
2017-04-12 00:00:00-04:00,49.63696412302167,49.84400588094223,49.452920504364315,49.52193832397461,21000,0.0,0.0,0.0
2017-04-13 00:00:00-04:00,49.47590422263915,49.506578146514215,49.34554443400972,49.4145622253418,12000,0.0,0.0,0.0
2017-04-17 00:00:00-04:00,49.4682436285766,50.089374542236335,49.4682436285766,50.08937454223633,24400,0.0,0.0,0.0
2017-04-18 00:00:00-04:00,50.11238353322269,50.434451013205475,50.11238353322269,50.41911697387695,53300,0.0,0.0,0.0
2017-04-19 00:00:00-04:00,50.39611294426412,50.39611294426412,50.135387472284016,50.16606140136719,11700,0.0,0.0,0.0
2017-04-20 00:00:00-04:00,50.16606657812551,50.189070564698284,49.928350916267654,50.143062591552734,11700,0.0,0.0,0.0
2017-04-21 00:00:00-04:00,50.18140632370504,50.21208025586443,50.03570660856154,50.05104064941406,29000,0.0,0.0,0.0
2017-04-24 00:00:00-04:00,50.258094917467034,50.258094917467034,48.95448187947368,49.56027603149414,416800,0.0,0.0,0.0
2017-04-25 00:00:00-04:00,49.50658682079664,49.882338066263735,49.50658682079664,49.87466812133789,42400,0.0,0.0,0.0
2017-04-26 00:00:00-04:00,49.728977434715354,49.86700721613317,49.437583829702135,49.62929153442383,135700,0.0,0.0,0.0
2017-04-27 00:00:00-04:00,49.521940914674644,49.521940914674644,49.054173597746214,49.100181579589844,19400,0.0,0.0,0.0
2017-04-28 00:00:00-04:00,49.12317820243333,49.12317820243333,48.50204713888712,48.778106689453125,15100,0.0,0.0,0.0
2017-05-01 00:00:00-04:00,49.00048175485685,49.023485739246574,48.57872253953258,48.8241081237793,41200,0.0,0.0,0.0
2017-05-02 00:00:00-04:00,48.80877293942549,49.07716250176629,48.37934671445337,48.52504348754883,35100,0.0,0.0,0.0
2017-05-03 00:00:00-04:00,48.48671498294213,48.502051951187205,47.880917900785725,48.08029556274414,36300,0.0,0.0,0.0
2017-05-04 00:00:00-04:00,47.79656625150273,48.141637779142506,47.46682876601046,48.12630081176758,20600,0.0,0.0,0.0
2017-05-05 00:00:00-04:00,48.24898351346661,48.59405789401276,48.225979529839144,48.54804992675781,13600,0.0,0.0,0.0
2017-05-08 00:00:00-04:00,48.617069265488844,48.617069265488844,48.24132092213112,48.39468765258789,20800,0.0,0.0,0.0
2017-05-09 00:00:00-04:00,48.43303430881118,48.46370824356102,47.95760002109828,48.12630081176758,14700,0.0,0.0,0.0
2017-05-10 00:00:00-04:00,48.15697413663764,48.71676027520954,48.15697413663764,48.56339645385742,26500,0.0,0.0,0.0
2017-05-11 00:00:00-04:00,48.41769663804964,48.80111204117037,47.9806033125102,48.755104064941406,11400,0.0,0.0,0.0
2017-05-12 00:00:00-04:00,48.78577437150812,48.98515201638721,48.747433416793626,48.8777961730957,43600,0.0,0.0,0.0
2017-05-15 00:00:00-04:00,49.00048682258695,49.3455583250284,48.83945013952344,48.96214294433594,26000,0.0,0.0,0.0
2017-05-16 00:00:00-04:00,48.931475229094325,48.931475229094325,48.61707471278317,48.70142364501953,12800,0.0,0.0,0.0
2017-05-17 00:00:00-04:00,48.64774506964537,49.468256719734086,48.64774506964537,49.107845306396484,23400,0.0,0.0,0.0
2017-05-18 00:00:00-04:00,49.245880941507956,49.652300379195296,48.939147413861996,49.644630432128906,29400,0.0,0.0,0.0
2017-05-19 00:00:00-04:00,49.58327865600586,49.75197650510267,49.35322709289906,49.58327865600586,27300,0.0,0.0,0.0
2017-05-22 00:00:00-04:00,49.56026963790596,49.81332519141224,49.56026963790596,49.698299407958984,20700,0.0,0.0,0.0
2017-05-23 00:00:00-04:00,49.84400167630448,50.08171735061521,49.759649820815895,49.78265380859375,22400,0.0,0.0,0.0
2017-05-24 00:00:00-04:00,49.89766949338025,50.11238113643281,49.89766949338025,49.98202133178711,21100,0.0,0.0,0.0
2017-05-25 00:00:00-04:00,50.08937473049461,50.08937473049461,49.76730728149414,49.76730728149414,31800,0.0,0.0,0.0
2017-05-26 00:00:00-04:00,49.75197740508245,49.76731729647601,49.406905904634414,49.506591796875,20900,0.0,0.0,0.0
2017-05-30 00:00:00-04:00,49.53726731955082,49.636959065446284,49.33788967821445,49.38390350341797,14700,0.0,0.0,0.0
2017-05-31 00:00:00-04:00,49.429909842935196,49.567939613070315,49.39923591063246,49.47591781616211,13300,0.0,0.0,0.0
2017-06-01 00:00:00-04:00,49.613940356981395,49.613940356981395,49.06182428211771,49.49892044067383,16700,0.0,0.0,0.0
2017-06-02 00:00:00-04:00,49.76730979799857,50.31942879589075,49.76730979799857,50.265750885009766,20100,0.0,0.0,0.0
2017-06-05 00:00:00-04:00,50.327095450850265,50.610824908774944,49.88233810254228,50.35010528564453,26200,0.0,0.0,0.0
2017-06-06 00:00:00-04:00,50.29643041512036,50.29643041512036,49.7059732609782,49.75965118408203,133800,0.0,0.0,0.0
2017-06-07 00:00:00-04:00,49.97435896707728,50.08171480488666,49.81332521036321,49.95135498046875,24600,0.0,0.0,0.0
2017-06-08 00:00:00-04:00,50.051031867302385,50.051031867302385,49.445240827425124,49.97434997558594,11900,0.0,0.0,0.0
2017-06-09 00:00:00-04:00,49.744305498960145,50.227406693821436,49.744305498960145,50.08170700073242,21400,0.0,0.0,0.0
2017-06-12 00:00:00-04:00,50.020371599929014,50.319435119628906,50.020371599929014,50.319435119628906,24600,0.0,0.0,0.0
2017-06-13 00:00:00-04:00,50.20440635947388,50.434452056884766,50.15839839008248,50.434452056884766,15300,0.0,0.0,0.0
2017-06-14 00:00:00-04:00,50.69517155933911,50.8945491539588,50.54947187283396,50.59548568725586,12400,0.0,0.0,0.0
2017-06-15 00:00:00-04:00,50.4651373594218,51.08627433845418,50.4651373594218,50.9099006652832,18800,0.0,0.0,0.0
2017-06-16 00:00:00-04:00,51.00191078540718,51.23962642695397,50.99424084038681,51.231956481933594,19400,0.0,0.0,0.0
2017-06-19 00:00:00-04:00,51.43134162195564,51.43134162195564,51.16295201152488,51.39299774169922,31000,0.0,0.0,0.0
2017-06-20 00:00:00-04:00,51.47735973116795,51.47735973116795,50.894572419641385,51.446685791015625,33600,0.0,0.0,0.0
2017-06-21 00:00:00-04:00,51.44668852944167,51.44668852944167,51.178298851892706,51.40068054199219,26000,0.0,0.0,0.0
2017-06-22 00:00:00-04:00,51.41600016211429,51.44666824134914,51.185948614675766,51.293304443359375,38200,0.0,0.0,0.0
2017-06-23 00:00:00-04:00,51.29331343299473,51.76108070443416,51.009583921488144,51.52336502075195,40400,0.0,0.0,0.0
2017-06-26 00:00:00-04:00,51.929783094519834,51.929783094519834,51.492689769318964,51.57704162597656,30700,0.0,0.0,0.0
2017-06-27 00:00:00-04:00,51.44475433673593,51.64589337471192,50.97285461425781,50.97285461425781,25000,0.589,0.0,0.0
2017-06-28 00:00:00-04:00,51.02700675115824,51.24361529875995,50.94964739874909,50.97285461425781,20300,0.0,0.0,0.0
2017-06-29 00:00:00-04:00,50.72529606670248,50.72529606670248,50.214719670208275,50.30754852294922,26100,0.0,0.0,0.0
2017-06-30 00:00:00-04:00,50.431320458410354,50.67887386463669,50.3075408042278,50.33848571777344,64200,0.0,0.0,0.0
2017-07-03 00:00:00-04:00,50.60925298607088,51.003793307965545,50.3230228268924,50.996055603027344,47600,0.0,0.0,0.0
2017-07-05 00:00:00-04:00,51.32871459630579,51.32871459630579,50.46228036810011,50.62473678588867,60100,0.0,0.0,0.0
2017-07-06 00:00:00-04:00,50.55510416792573,50.55510416792573,49.340544107195484,49.36375427246094,63900,0.0,0.0,0.0
2017-07-07 00:00:00-04:00,49.425651830369844,49.603583681179316,49.23998817458607,49.52621841430664,22600,0.0,0.0,0.0
2017-07-10 00:00:00-04:00,49.51073056185058,49.82017380828995,48.94599914550781,48.94599914550781,23000,0.0,0.0,0.0
2017-07-11 00:00:00-04:00,49.193558818505046,49.193558818505046,48.69071421685834,48.92279815673828,31300,0.0,0.0,0.0
2017-07-12 00:00:00-04:00,49.39469123656847,49.59583024278407,49.39469123656847,49.47205352783203,22300,0.0,0.0,0.0
2017-07-13 00:00:00-04:00,49.441111254142434,49.518473549541305,49.32506928657904,49.37148666381836,14900,0.0,0.0,0.0
2017-07-14 00:00:00-04:00,49.88206518573289,49.88206518573289,49.66545077500697,49.75828552246094,12600,0.0,0.0,0.0
2017-07-17 00:00:00-04:00,49.843387737258396,50.23792807720192,49.843387737258396,50.19924545288086,21600,0.0,0.0,0.0
2017-07-18 00:00:00-04:00,50.315287613997434,50.315287613997434,49.982637110853595,50.13735580444336,27200,0.0,0.0,0.0
2017-07-19 00:00:00-04:00,50.276604441195445,50.539633299997156,50.145092962864474,50.51642608642578,19900,0.0,0.0,0.0
2017-07-20 00:00:00-04:00,50.54736649249358,50.65567666237008,50.33849566247019,50.34623336791992,346800,0.0,0.0,0.0
2017-07-21 00:00:00-04:00,50.446793825910476,50.531890869140625,50.32302006439157,50.531890869140625,19000,0.0,0.0,0.0
2017-07-24 00:00:00-04:00,50.55509439009754,50.55509439009754,50.21471214416352,50.27659606933594,122700,0.0,0.0,0.0
2017-07-25 00:00:00-04:00,50.292081011158984,50.292081011158984,49.85112623671729,50.02132034301758,16600,0.0,0.0,0.0
2017-07-26 00:00:00-04:00,50.036784200603975,50.59378088481102,50.036784200603975,50.470001220703125,22600,0.0,0.0,0.0
2017-07-27 00:00:00-04:00,50.16829180609266,50.19149901579202,49.564880745354124,49.858848571777344,25300,0.0,0.0,0.0
2017-07-28 00:00:00-04:00,49.91301028458548,50.19150865876148,49.91301028458548,50.18377685546875,12800,0.0,0.0,0.0
2017-07-31 00:00:00-04:00,50.199237872037095,50.39263916015625,49.93621495322172,50.39263916015625,25100,0.0,0.0,0.0
2017-08-01 00:00:00-04:00,50.369428009682466,50.547353875635714,49.750541575259135,50.00583267211914,74400,0.0,0.0,0.0
2017-08-02 00:00:00-04:00,49.90527913478502,50.0058456981666,49.719609614809805,49.77376174926758,17100,0.0,0.0,0.0
2017-08-03 00:00:00-04:00,49.78922297817309,49.94394163194177,49.34826832258024,49.696388244628906,20700,0.0,0.0,0.0
2017-08-04 00:00:00-04:00,49.56489412990195,49.85113023181336,49.51847969796944,49.5726318359375,25700,0.0,0.0,0.0
2017-08-07 00:00:00-04:00,49.61904153770418,49.665455965212026,49.41790546600706,49.588096618652344,41100,0.0,0.0,0.0
2017-08-08 00:00:00-04:00,49.50299835205078,49.57262293852336,49.3792216373295,49.50299835205078,16900,0.0,0.0,0.0
2017-08-09 00:00:00-04:00,49.54940302701782,49.54940302701782,49.32505391580811,49.41788864135742,40800,0.0,0.0,0.0
2017-08-10 00:00:00-04:00,49.34054676063913,49.47206120064945,49.23998019300373,49.263187408447266,25800,0.0,0.0,0.0
2017-08-11 00:00:00-04:00,49.20129906476637,49.2399816931109,48.89185869550161,49.062049865722656,16300,0.0,0.0,0.0
2017-08-14 00:00:00-04:00,49.209029142290504,49.87433011212402,49.209029142290504,49.86659240722656,13200,0.0,0.0,0.0
2017-08-15 00:00:00-04:00,49.680932795880864,49.80470657348633,49.518476392819956,49.80470657348633,21600,0.0,0.0,0.0
2017-08-16 00:00:00-04:00,49.85886324329142,50.09094721285584,49.81244881023474,49.851131439208984,20600,0.0,0.0,0.0
2017-08-17 00:00:00-04:00,49.79696814276822,49.99810124237635,49.75828552246094,49.75828552246094,16900,0.0,0.0,0.0
2017-08-18 00:00:00-04:00,49.82017399166218,49.82017399166218,49.193552743297346,49.301856994628906,18000,0.0,0.0,0.0
2017-08-21 00:00:00-04:00,49.301860667558344,50.013579009582855,49.301860667558344,49.95942687988281,25900,0.0,0.0,0.0
2017-08-22 00:00:00-04:00,49.98263688299779,50.01358180200264,49.564889329642014,49.812442779541016,19200,0.0,0.0,0.0
2017-08-23 00:00:00-04:00,49.78149780523741,50.32302503401104,49.78149780523741,50.23019027709961,19800,0.0,0.0,0.0
2017-08-24 00:00:00-04:00,50.2224474426651,50.46226906465865,50.15282580869675,50.17603302001953,18100,0.0,0.0,0.0
2017-08-25 00:00:00-04:00,50.268870180877066,50.31528460575101,50.075468874383006,50.152828216552734,13400,0.0,0.0,0.0
2017-08-28 00:00:00-04:00,50.07546884413705,50.1296209738371,49.74281836108261,49.95942687988281,22300,0.0,0.0,0.0
2017-08-29 00:00:00-04:00,49.82792031369905,50.15283312388754,49.82792031369905,49.88207244873047,32900,0.0,0.0,0.0
2017-08-30 00:00:00-04:00,49.9052724755084,50.14508819580078,49.58809151447983,50.14508819580078,8100,0.0,0.0,0.0
2017-08-31 00:00:00-04:00,50.27659697796181,50.74849659099524,50.214713051671,50.26112747192383,13300,0.0,0.0,0.0
2017-09-01 00:00:00-04:00,50.29981944936415,50.64794541330063,50.29981944936415,50.45454406738281,15400,0.0,0.0,0.0
2017-09-05 00:00:00-04:00,50.56285013876181,50.56285013876181,50.22246186921228,50.5473747253418,39700,0.0,0.0,0.0
2017-09-06 00:00:00-04:00,50.63245741925844,50.8645413375478,50.32302006439157,50.531890869140625,12000,0.0,0.0,0.0
2017-09-07 00:00:00-04:00,50.500949720374145,51.05794644410675,50.500949720374145,50.949642181396484,14700,0.0,0.0,0.0
2017-09-08 00:00:00-04:00,50.87229164608756,51.398343542689794,50.87229164608756,51.2281494140625,13400,0.0,0.0,0.0
2017-09-11 00:00:00-04:00,51.23588480510395,51.460225162184706,51.23588480510395,51.41381072998047,12200,0.0,0.0,0.0
2017-09-12 00:00:00-04:00,51.43702212848386,51.43702212848386,50.42360092868618,50.5473747253418,22800,0.0,0.0,0.0
2017-09-13 00:00:00-04:00,50.67888387657935,50.67888387657935,50.299813037361446,50.34623336791992,8700,0.0,0.0,0.0
2017-09-14 00:00:00-04:00,50.315286275579616,50.75624103293459,50.176037094197014,50.69435119628906,16900,0.0,0.0,0.0
2017-09-15 00:00:00-04:00,50.655676803361054,50.98058960747508,50.60152466934205,50.89549255371094,9900,0.0,0.0,0.0
2017-09-18 00:00:00-04:00,51.019263002803505,51.13530496874391,50.686612514915446,50.934165954589844,614800,0.0,0.0,0.0
2017-09-19 00:00:00-04:00,50.864554066964,50.95738883794051,50.50869629809839,50.617000579833984,18800,0.0,0.0,0.0
2017-09-20 00:00:00-04:00,50.462272013915296,50.77944709076256,50.23792578778453,50.38490676879883,37900,0.0,0.0,0.0
2017-09-21 00:00:00-04:00,50.40037923303843,50.55509790994978,50.14508810420942,50.17603302001953,15600,0.0,0.0,0.0
2017-09-22 00:00:00-04:00,50.114154333961736,50.114154333961736,49.611309668956636,49.68867492675781,24400,0.0,0.0,0.0
2017-09-25 00:00:00-04:00,49.7969746744639,49.98263829158549,49.7969746744639,49.83565139770508,31600,0.0,0.0,0.0
2017-09-26 00:00:00-04:00,49.88558491416874,49.88558491416874,49.635884118416215,49.69050598144531,19800,0.554,0.0,0.0
2017-09-27 00:00:00-04:00,49.48762648220138,49.48762648220138,49.01943819405136,49.113075256347656,28000,0.0,0.0,0.0
2017-09-28 00:00:00-04:00,49.13649075137363,49.53445053100586,49.06626220477161,49.53445053100586,49500,0.0,0.0,0.0
2017-09-29 00:00:00-04:00,49.55005267929542,49.62808306765053,49.32376038572969,49.62028121948242,29100,0.0,0.0,0.0
2017-10-02 00:00:00-04:00,49.604673687459204,49.706115571898955,49.35497287704479,49.425201416015625,92800,0.0,0.0,0.0
2017-10-03 00:00:00-04:00,49.37057723390812,49.48762280892351,49.26133350655977,49.33156204223633,12100,0.0,0.0,0.0
2017-10-04 00:00:00-04:00,49.40179978395881,49.62028727937075,49.253537860641664,49.57346725463867,29700,0.0,0.0,0.0
2017-10-05 00:00:00-04:00,49.65148618697271,49.92459547679784,49.63587951660156,49.63587951660156,20000,0.0,0.0,0.0
2017-10-06 00:00:00-04:00,49.3003578297305,49.47983012599759,49.15990073236167,49.43301010131836,14300,0.0,0.0,0.0
2017-10-09 00:00:00-04:00,49.51884086961593,49.706117974814404,49.472023825817764,49.59687423706055,27800,0.0,0.0,0.0
2017-10-10 00:00:00-04:00,49.69051272125247,49.94021355087334,49.40959854376182,49.48762893676758,9700,0.0,0.0,0.0
2017-10-11 00:00:00-04:00,49.51104200769478,49.72172764750083,49.51104200769478,49.53445053100586,13500,0.0,0.0,0.0
2017-10-12 00:00:00-04:00,49.565670800566714,49.84658502619795,49.53445744734786,49.82317352294922,23400,0.0,0.0,0.0
2017-10-13 00:00:00-04:00,50.026050612643026,50.236733276855986,49.846578320781255,50.03385543823242,12200,0.0,0.0,0.0
2017-10-16 00:00:00-04:00,50.04165334810503,50.04165334810503,49.67490692251399,49.75293731689453,53400,0.0,0.0,0.0
2017-10-17 00:00:00-04:00,49.7373314245301,49.807559967041016,49.5812676659871,49.807559967041016,20300,0.0,0.0,0.0
2017-10-18 00:00:00-04:00,49.66709899255054,49.83096458668737,49.596870455539275,49.729522705078125,9800,0.0,0.0,0.0
2017-10-19 00:00:00-04:00,49.706108044937736,49.74512323253161,49.557846164745804,49.63587951660156,19000,0.0,0.0,0.0
2017-10-20 00:00:00-04:00,49.66710730410283,49.66710730410283,49.44861683202201,49.57346725463867,12300,0.0,0.0,0.0
2017-10-23 00:00:00-04:00,49.69830774514401,49.69830774514401,49.43300027802117,49.550048828125,30300,0.0,0.0,0.0
2017-10-24 00:00:00-04:00,49.44081175504082,49.44081175504082,48.80875485743304,49.01163864135742,57500,0.0,0.0,0.0
2017-10-25 00:00:00-04:00,48.87898713433091,49.081870933748824,48.65269481062205,48.93360900878906,25000,0.0,0.0,0.0
2017-10-26 00:00:00-04:00,49.019437951295814,49.019437951295814,48.36397256513069,48.559051513671875,30100,0.0,0.0,0.0
2017-10-27 00:00:00-04:00,48.535647786333286,49.21452176084302,48.51223628606135,49.10527801513672,16500,0.0,0.0,0.0
2017-10-30 00:00:00-04:00,48.53564405007414,49.245731319171604,48.53564405007414,49.17550277709961,14400,0.0,0.0,0.0
2017-10-31 00:00:00-04:00,49.191113237239904,49.191113237239904,48.73072675414277,49.10527801513672,39900,0.0,0.0,0.0
2017-11-01 00:00:00-04:00,49.0974671668367,49.38618614697992,48.99602825922056,49.28474426269531,25500,0.0,0.0,0.0
2017-11-02 00:00:00-04:00,49.34717095353767,49.76853921004975,49.19110720310024,49.28474426269531,19100,0.0,0.0,0.0
2017-11-03 00:00:00-04:00,49.11307476516869,49.729524953846976,49.04284622498169,49.62028121948242,20600,0.0,0.0,0.0
2017-11-06 00:00:00-05:00,49.799751406667866,50.213317805618544,49.799751406667866,49.94801330566406,17200,0.0,0.0,0.0
2017-11-07 00:00:00-05:00,50.026049822026835,50.33817735395629,50.026049822026835,50.236732482910156,24200,0.0,0.0,0.0
2017-11-08 00:00:00-05:00,50.12749034696392,50.50984941367232,49.75293908264065,50.48643493652344,16400,0.0,0.0,0.0
2017-11-09 00:00:00-05:00,50.38498310963249,50.68150092418509,50.31475755618695,50.39278793334961,30900,0.0,0.0,0.0
2017-11-10 00:00:00-05:00,50.13528381252684,50.564459829610634,50.13528381252684,50.361576080322266,20900,0.0,0.0,0.0
2017-11-13 00:00:00-05:00,50.40839782620243,50.720525326571796,50.40839782620243,50.68931198120117,19700,0.0,0.0,0.0
2017-11-14 00:00:00-05:00,50.66590338451091,50.72052525049335,50.54885482788086,50.54885482788086,17900,0.0,0.0,0.0
2017-11-15 00:00:00-05:00,50.60347559760704,50.60347559760704,49.86217801057072,49.86997985839844,13500,0.0,0.0,0.0
2017-11-16 00:00:00-05:00,49.893390926691744,50.36158219031213,49.893390926691744,50.2601432800293,18100,0.0,0.0,0.0
2017-11-17 00:00:00-05:00,50.09628300662304,50.24454494632859,49.88560031371267,49.971435546875,11600,0.0,0.0,0.0
2017-11-20 00:00:00-05:00,49.979231963372484,49.98703083537424,49.76854335257691,49.916805267333984,24200,0.0,0.0,0.0
2017-11-21 00:00:00-05:00,50.041650589298115,50.30696105957031,50.041650589298115,50.30696105957031,16300,0.0,0.0,0.0
2017-11-22 00:00:00-05:00,50.27574842555959,50.299156947581324,50.03385242688543,50.221126556396484,12300,0.0,0.0,0.0
2017-11-24 00:00:00-05:00,50.25233992585971,50.416205533421824,50.25233992585971,50.35377883911133,6500,0.0,0.0,0.0
2017-11-27 00:00:00-05:00,50.41621778019873,50.41621778019873,50.10409018616351,50.14310836791992,13100,0.0,0.0,0.0
2017-11-28 00:00:00-05:00,50.04164103957946,50.04164103957946,49.40958726122188,49.63587951660156,23900,0.0,0.0,0.0
2017-11-29 00:00:00-05:00,49.45642550825408,49.78415677688759,49.315968399791394,49.71392822265625,14200,0.0,0.0,0.0
2017-11-30 00:00:00-05:00,49.88558566263419,49.88558566263419,49.55004965518217,49.67490005493164,25500,0.0,0.0,0.0
2017-12-01 00:00:00-05:00,49.86217797098394,50.09626912565004,49.55005047809239,49.79975128173828,25000,0.0,0.0,0.0
2017-12-04 00:00:00-05:00,49.924600021121655,49.924600021121655,49.53444215633327,49.550048828125,17800,0.0,0.0,0.0
2017-12-05 00:00:00-05:00,49.92461144750559,49.92461144750559,49.26914596557617,49.26914596557617,35400,0.0,0.0,0.0
2017-12-06 00:00:00-05:00,49.284743516734615,49.339365382060706,49.09746642371058,49.300350189208984,66800,0.0,0.0,0.0
2017-12-07 00:00:00-05:00,49.30035015029385,49.643688014453765,49.1598930748038,49.23012161254883,23900,0.0,0.0,0.0
2017-12-08 00:00:00-05:00,49.5110389757507,49.72952645105783,49.34717336927035,49.58906936645508,12100,0.0,0.0,0.0
2017-12-11 00:00:00-05:00,49.65149690812576,49.784149169921875,49.596875038366335,49.784149169921875,13700,0.0,0.0,0.0
2017-12-12 00:00:00-05:00,49.79196314294946,50.072874391892036,49.768551639702345,49.95582580566406,11600,0.0,0.0,0.0
2017-12-13 00:00:00-05:00,49.940223693847656,50.19772940107032,49.838781781002126,49.940223693847656,19800,0.0,0.0,0.0
2017-12-14 00:00:00-05:00,49.916799875369854,49.994830260320505,49.83876651375083,49.86997985839844,13000,0.0,0.0,0.0
2017-12-15 00:00:00-05:00,50.00263213533329,50.26013774848415,50.00263213533329,50.127479553222656,18200,0.0,0.0,0.0
2017-12-18 00:00:00-05:00,50.2523452718661,50.65810692137605,50.2523452718661,50.33037567138672,51800,0.0,0.0,0.0
2017-12-19 00:00:00-05:00,50.38544304694555,50.38544304694555,48.79639066013424,48.97732162475586,48100,0.52,0.0,0.0
2017-12-20 00:00:00-05:00,48.79638152691945,49.079578810142706,48.4502531812362,48.4581184387207,33800,0.0,0.0,0.0
2017-12-21 00:00:00-05:00,48.56038938696926,48.56038938696926,48.06479409442515,48.072662353515625,42600,0.0,0.0,0.0
2017-12-22 00:00:00-05:00,48.0883936641393,48.40305499350235,48.0883936641393,48.32439041137695,25600,0.0,0.0,0.0
2017-12-26 00:00:00-05:00,48.41878671567244,48.70984925978321,48.30078984685737,48.60758590698242,21000,0.0,0.0,0.0
2017-12-27 00:00:00-05:00,48.725586592403225,48.81211943682907,48.615454972538174,48.6705207824707,20500,0.0,0.0,0.0
2017-12-28 00:00:00-05:00,48.70199321987636,48.88292418699275,48.54466103081717,48.85932540893555,36400,0.0,0.0,0.0
2017-12-29 00:00:00-05:00,48.985188590340734,49.1267872547142,48.89079048104569,48.96158981323242,38100,0.0,0.0,0.0
2018-01-02 00:00:00-05:00,48.922253186012924,48.937986703944375,48.62332534790039,48.62332534790039,33000,0.0,0.0,0.0
2018-01-03 00:00:00-05:00,48.69411533379478,48.930112055755586,48.505316155709444,48.70198059082031,73400,0.0,0.0,0.0
2018-01-04 00:00:00-05:00,48.686251826720834,48.686251826720834,47.757995362349234,47.78159713745117,28700,0.0,0.0,0.0
2018-01-05 00:00:00-05:00,47.852392713649394,47.852392713649394,47.4433303206333,47.514129638671875,46400,0.0,0.0,0.0
2018-01-08 00:00:00-05:00,47.577059576090726,47.828789811874714,47.51412851757529,47.80519104003906,39000,0.0,0.0,0.0
2018-01-09 00:00:00-05:00,47.7501312064091,47.7501312064091,47.02640443743167,47.105072021484375,43400,0.0,0.0,0.0
2018-01-10 00:00:00-05:00,46.93201129565717,47.00281062835359,46.27121852411111,46.49148178100586,50300,0.0,0.0,0.0
2018-01-11 00:00:00-05:00,46.49934633224848,46.75107660601267,46.17681673143426,46.22401428222656,33900,0.0,0.0,0.0
2018-01-12 00:00:00-05:00,46.16895255612226,46.1925543344676,45.55536033465639,45.62615966796875,38700,0.0,0.0,0.0
2018-01-16 00:00:00-05:00,45.744159297783035,46.5150837001128,45.71269226074219,45.71269226074219,42500,0.0,0.0,0.0
2018-01-17 00:00:00-05:00,45.940810753014986,46.050942350571994,45.69694578638093,45.97227478027344,34900,0.0,0.0,0.0
2018-01-18 00:00:00-05:00,45.80709260915295,45.80709260915295,45.3980301102205,45.523895263671875,48300,0.0,0.0,0.0
2018-01-19 00:00:00-05:00,45.43735624483835,45.60255667453565,45.33509288462283,45.594688415527344,29000,0.0,0.0,0.0
2018-01-22 00:00:00-05:00,45.68121711205574,45.99588142486538,45.68121711205574,45.94868087768555,32100,0.0,0.0,0.0
2018-01-23 00:00:00-05:00,46.043073303224546,46.884796785382655,46.043073303224546,46.82973098754883,531200,0.0,0.0,0.0
2018-01-24 00:00:00-05:00,46.82973250773209,46.837600765312864,46.522936481024175,46.57013702392578,59100,0.0,0.0,0.0
2018-01-25 00:00:00-05:00,46.51508160669938,46.55441390079938,46.255483064088395,46.53081512451172,81100,0.0,0.0,0.0
2018-01-26 00:00:00-05:00,46.57014859175953,46.60948088685035,46.05881975299369,46.30268478393555,24800,0.0,0.0,0.0
2018-01-29 00:00:00-05:00,46.17682731265998,46.17682731265998,45.62616608729603,45.85429763793945,26400,0.0,0.0,0.0
2018-01-30 00:00:00-05:00,45.68909254785922,45.91722105957961,45.460961035277066,45.46882629394531,38000,0.0,0.0,0.0
2018-01-31 00:00:00-05:00,45.51603476759463,46.33415985107422,45.51603476759463,46.33415985107422,54400,0.0,0.0,0.0
2018-02-01 00:00:00-05:00,46.2318695092016,46.48359971200686,45.09121533975615,45.10694885253906,35400,0.0,0.0,0.0
2018-02-02 00:00:00-05:00,44.87095513504154,45.20921818013108,44.45402452082598,44.98108673095703,30500,0.0,0.0,0.0
2018-02-05 00:00:00-05:00,44.93389620156336,45.25642580469311,43.60444549614787,43.80897521972656,64200,0.0,0.0,0.0
2018-02-06 00:00:00-05:00,43.25832193177256,44.01351284253382,42.92792403277579,43.78538131713867,31600,0.0,0.0,0.0
2018-02-07 00:00:00-05:00,43.85617285526682,44.39896566321025,43.60444259643555,43.60444259643555,133500,0.0,0.0,0.0
2018-02-08 00:00:00-05:00,43.47071307730634,43.94270960526835,42.44019317626953,42.44019317626953,33300,0.0,0.0,0.0
2018-02-09 00:00:00-05:00,42.58966088896362,43.738180774572946,42.558193850789195,43.722450256347656,27900,0.0,0.0,0.0
2018-02-12 00:00:00-05:00,43.76964026778866,43.76964026778866,42.34579154574925,43.454978942871094,152700,0.0,0.0,0.0
2018-02-13 00:00:00-05:00,43.36845591461253,43.87191654906915,43.100992077449696,43.71458435058594,42100,0.0,0.0,0.0
2018-02-14 00:00:00-05:00,43.289790335387046,43.289790335387046,42.817796718770325,43.16392517089844,26800,0.0,0.0,0.0
2018-02-15 00:00:00-05:00,43.32124249085526,44.00563390004038,43.32124249085526,43.91123580932617,18200,0.0,0.0,0.0
2018-02-16 00:00:00-05:00,44.084309151235814,44.35963821411133,43.9977763026573,44.35963821411133,17900,0.0,0.0,0.0
2018-02-20 00:00:00-05:00,44.05283730753259,44.24163650208675,43.5808438224393,43.60444259643555,71900,0.0,0.0,0.0
2018-02-21 00:00:00-05:00,43.67523352447608,43.887631452201504,42.943641662597656,42.943641662597656,27400,0.0,0.0,0.0
2018-02-22 00:00:00-05:00,43.21111693252998,43.80897559187544,42.88071906749731,43.39204788208008,26500,0.0,0.0,0.0
2018-02-23 00:00:00-05:00,43.58871330667376,44.155107944394544,43.226851399624,44.147239685058594,16900,0.0,0.0,0.0
2018-02-26 00:00:00-05:00,44.41470944297843,44.41470944297843,43.90338354944555,44.16297912597656,13800,0.0,0.0,0.0
2018-02-27 00:00:00-05:00,44.25736977843442,44.35177088203126,43.14031706029279,43.179649353027344,18800,0.0,0.0,0.0
2018-02-28 00:00:00-05:00,43.187513798554185,43.69883956067558,43.11671447753906,43.11671447753906,16900,0.0,0.0,0.0
2018-03-01 00:00:00-05:00,43.07738941287908,43.793248050464484,43.069524153504304,43.40778732299805,24200,0.0,0.0,0.0
2018-03-02 00:00:00-05:00,43.24258396745912,43.45498195193834,43.13245234606877,43.39204788208008,11900,0.0,0.0,0.0
2018-03-05 00:00:00-05:00,43.40776964445179,44.139361503695646,43.40776964445179,44.01349639892578,15400,0.0,0.0,0.0
2018-03-06 00:00:00-05:00,44.02138177512825,44.17084871844833,43.52578938656994,44.05284881591797,12500,0.0,0.0,0.0
2018-03-07 00:00:00-05:00,43.895516168840324,44.46977615356445,43.895516168840324,44.46977615356445,14200,0.0,0.0,0.0
2018-03-08 00:00:00-05:00,44.55629600458844,44.6428288401874,44.39896384903226,44.60349655151367,16000,0.0,0.0,0.0
2018-03-09 00:00:00-05:00,44.66643302054069,44.91816329956055,44.414702741520834,44.91816329956055,25100,0.0,0.0,0.0
2018-03-12 00:00:00-04:00,44.99683391713299,45.24069595336914,44.965366879921284,45.24069595336914,13800,0.0,0.0,0.0
2018-03-13 00:00:00-04:00,45.374420894962306,45.539618308207885,45.02829255280092,45.11482238769531,18500,0.0,0.0,0.0
2018-03-14 00:00:00-04:00,45.13056908019434,45.3115000619368,44.847371717167135,45.036170959472656,15700,0.0,0.0,0.0
2018-03-15 00:00:00-04:00,45.067625896782886,45.19349102423058,44.90242847966929,45.091224670410156,11000,0.0,0.0,0.0
2018-03-16 00:00:00-04:00,45.22495812970583,45.547487706867834,45.11482351725668,45.476688385009766,8300,0.0,0.0,0.0
2018-03-19 00:00:00-04:00,45.42948816842792,45.42948816842792,44.93389291180389,45.18562316894531,25000,0.0,0.0,0.0
2018-03-20 00:00:00-04:00,45.13842783674099,45.50815498207978,44.79229646553678,44.87096405029297,15900,0.0,0.0,0.0
2018-03-21 00:00:00-04:00,44.8630928718836,45.08335909400542,44.430431686895645,44.72936248779297,14000,0.0,0.0,0.0
2018-03-22 00:00:00-04:00,44.64752525039176,45.33086570072899,44.401206970214844,44.401206970214844,24100,0.567,0.0,0.0
2018-03-23 00:00:00-04:00,44.42503577722614,44.42503577722614,43.662238535405436,43.75758743286133,11300,0.0,0.0,0.0
2018-03-26 00:00:00-04:00,44.01185032013254,44.274063559955444,43.70990862820857,44.14693069458008,16200,0.0,0.0,0.0
2018-03-27 00:00:00-04:00,44.186659415469855,44.98124058667101,43.68607242890888,44.568058013916016,17500,0.0,0.0,0.0
2018-03-28 00:00:00-04:00,44.719039989735606,45.8791311313354,44.719039989735606,45.7996711730957,44600,0.0,0.0,0.0
2018-03-29 00:00:00-04:00,45.942686913569965,45.96652338074914,45.51361231782356,45.80760955810547,21500,0.0,0.0,0.0
2018-04-02 00:00:00-04:00,45.75992917363273,45.75992917363273,44.98918447767673,45.259342193603516,47400,0.0,0.0,0.0
2018-04-03 00:00:00-04:00,44.965357923515406,45.82350419019248,44.846169510685726,45.62485885620117,8300,0.0,0.0,0.0
2018-04-04 00:00:00-04:00,45.529514260080475,46.33998766331576,45.529514260080475,46.20491027832031,12700,0.0,0.0,0.0
2018-04-05 00:00:00-04:00,46.292300394706125,46.292300394706125,45.69636448162188,45.966522216796875,19100,0.0,0.0,0.0
2018-04-06 00:00:00-04:00,45.99036777349761,46.41943938382069,45.90296334308953,45.942691802978516,25600,0.0,0.0,0.0
2018-04-09 00:00:00-04:00,46.0380390173805,46.40354871572438,45.70431632929919,45.871177673339844,16200,0.0,0.0,0.0
2018-04-10 00:00:00-04:00,46.08571344354275,46.08571344354275,45.80761121278375,45.86323165893555,13800,0.0,0.0,0.0
2018-04-11 00:00:00-04:00,45.855291628319755,46.101612952231605,45.76788718979982,45.7996711730957,9300,0.0,0.0,0.0
2018-04-12 00:00:00-04:00,45.85527678689296,45.85527678689296,44.98918322446694,45.06069564819336,17100,0.0,0.0,0.0
2018-04-13 00:00:00-04:00,45.08454735932995,45.44210654375765,45.068655368519586,45.40237808227539,11400,0.0,0.0,0.0
2018-04-16 00:00:00-04:00,45.593072479304915,45.68842137956664,45.275238770316655,45.58512496948242,10000,0.0,0.0,0.0
2018-04-17 00:00:00-04:00,45.632805687327924,46.1254452595847,45.46594433672135,45.9903678894043,155400,0.0,0.0,0.0
2018-04-18 00:00:00-04:00,46.05392946543115,46.05392946543115,45.79966370271236,45.86323165893555,12400,0.0,0.0,0.0
2018-04-19 00:00:00-04:00,45.902960478038125,45.902960478038125,44.78260100500822,45.0448112487793,52400,0.0,0.0,0.0
2018-04-20 00:00:00-04:00,45.01303389407606,45.09249081523629,44.48066282282331,44.60779571533203,23100,0.0,0.0,0.0
2018-04-23 00:00:00-04:00,44.560110205495974,44.6395671042429,44.33762543304908,44.45681381225586,29800,0.0,0.0,0.0
2018-04-24 00:00:00-04:00,44.48066446587315,44.93357560160827,44.377368039679425,44.66341781616211,11500,0.0,0.0,0.0
2018-04-25 00:00:00-04:00,44.58395559110419,44.679304494899135,44.31379783777937,44.67136001586914,15100,0.0,0.0,0.0
2018-04-26 00:00:00-04:00,44.77465736274304,45.3388124186032,44.77465736274304,45.07659912109375,14000,0.0,0.0,0.0
2018-04-27 00:00:00-04:00,45.410326662891165,46.3479329251776,45.410326662891165,46.22874450683594,18700,0.0,0.0,0.0
2018-04-30 00:00:00-04:00,46.21284543194379,46.41149074467241,46.06187608546133,46.13338851928711,7100,0.0,0.0,0.0
2018-05-01 00:00:00-04:00,46.085721993861895,46.71344203813585,46.07777751340355,46.62603759765625,27900,0.0,0.0,0.0
2018-05-02 00:00:00-04:00,46.530687519360285,46.56246847149075,45.99831640926595,46.44328308105469,8400,0.0,0.0,0.0
2018-05-03 00:00:00-04:00,46.26846218745159,46.80877763747422,46.26846218745159,46.5068359375,12400,0.0,0.0,0.0
2018-05-04 00:00:00-04:00,46.65782224372757,47.071004948438414,46.64193025149782,46.9359245300293,10300,0.0,0.0,0.0
2018-05-07 00:00:00-04:00,47.18223318646456,47.39677047729492,46.99153236203086,47.39677047729492,16000,0.0,0.0,0.0
2018-05-08 00:00:00-04:00,47.24580989153155,47.27759387537937,47.039220058695804,47.22197341918945,10700,0.0,0.0,0.0
2018-05-09 00:00:00-04:00,47.11071434923089,47.56362533569336,47.11071434923089,47.56362533569336,29700,0.0,0.0,0.0
2018-05-10 00:00:00-04:00,47.74639466651127,47.95298448912787,47.71461068423567,47.88941955566406,30400,0.0,0.0,0.0
2018-05-11 00:00:00-04:00,48.103951828406544,48.103951828406544,47.65898521662502,47.69076919555664,19800,0.0,0.0,0.0
2018-05-14 00:00:00-04:00,47.76228293483309,47.76228293483309,47.07894252460746,47.261695861816406,16900,0.0,0.0,0.0
2018-05-15 00:00:00-04:00,47.01537787892626,47.01537787892626,46.33998493158816,46.35587692260742,26100,0.0,0.0,0.0
2018-05-16 00:00:00-04:00,46.459168257069415,46.483004725442306,46.08571408676331,46.141334533691406,20600,0.0,0.0,0.0
2018-05-17 00:00:00-04:00,46.09366152416308,46.18106595525603,45.680481900775526,45.76788330078125,14600,0.0,0.0,0.0
2018-05-18 00:00:00-04:00,45.61691445317079,45.89501670879102,45.56129400204675,45.65664291381836,28300,0.0,0.0,0.0
2018-05-21 00:00:00-04:00,45.77583558876854,46.332043182881485,45.55335376355838,46.20491027832031,15400,0.0,0.0,0.0
2018-05-22 00:00:00-04:00,46.14927624049394,46.33997402567043,46.022140342260755,46.26051712036133,7100,0.0,0.0,0.0
2018-05-23 00:00:00-04:00,46.30820078784594,47.05510920770626,46.30820078784594,46.96770477294922,15500,0.0,0.0,0.0
2018-05-24 00:00:00-04:00,46.943874822001824,47.00743976359797,46.594257034415826,46.80084991455078,7100,0.0,0.0,0.0
2018-05-25 00:00:00-04:00,47.07894515991211,47.14251312306681,46.98359624626737,47.07894515991211,4300,0.0,0.0,0.0
2018-05-29 00:00:00-04:00,47.063054483045306,47.452400690519475,46.880301130504336,47.32526779174805,12700,0.0,0.0,0.0
2018-05-30 00:00:00-04:00,47.32525690363492,48.30259140641402,47.32525690363492,48.18340301513672,12000,0.0,0.0,0.0
2018-05-31 00:00:00-04:00,48.17547446873251,48.17547446873251,47.89736914081039,48.135746002197266,11100,0.0,0.0,0.0
2018-06-01 00:00:00-04:00,48.040391428172114,48.42973765361808,48.040391428172114,48.334388732910156,50700,0.0,0.0,0.0
2018-06-04 00:00:00-04:00,48.40589602612841,48.78729775439971,48.278763127067116,48.763458251953125,29300,0.0,0.0,0.0
2018-06-05 00:00:00-04:00,48.89057144072368,49.01770428853122,48.469444450689856,48.53301239013672,38800,0.0,0.0,0.0
2018-06-06 00:00:00-04:00,48.540977440816185,48.62043436771591,48.22314367104237,48.52508544921875,8500,0.0,0.0,0.0
2018-06-07 00:00:00-04:00,48.44562032226871,48.74755901825058,48.27081147537303,48.60453414916992,19300,0.0,0.0,0.0
2018-06-08 00:00:00-04:00,48.6045453171457,48.97799956456427,48.6045453171457,48.827030181884766,8800,0.0,0.0,0.0
2018-06-11 00:00:00-04:00,48.73962409700694,48.79524455354673,48.61249119190349,48.77140808105469,7300,0.0,0.0,0.0
2018-06-12 00:00:00-04:00,48.60454111431403,49.20842465498959,48.60454111431403,48.98594284057617,12500,0.0,0.0,0.0
2018-06-13 00:00:00-04:00,49.06540263704072,49.26404799184655,48.14368831198516,48.19136428833008,11400,0.0,0.0,0.0
2018-06-14 00:00:00-04:00,48.31848397624426,48.98593230704939,48.31848397624426,48.731666564941406,10500,0.0,0.0,0.0
2018-06-15 00:00:00-04:00,48.68399056062441,49.152793590569814,48.68399056062441,48.71577453613281,14500,0.0,0.0,0.0
2018-06-18 00:00:00-04:00,48.47740794153347,48.75551323906352,48.21519766618571,48.51713943481445,10900,0.0,0.0,0.0
2018-06-19 00:00:00-04:00,48.199298055713726,48.82701796483954,48.199298055713726,48.50123977661133,6900,0.0,0.0,0.0
2018-06-20 00:00:00-04:00,48.61247998064425,49.176631927490234,48.517131081578405,49.176631927490234,7700,0.0,0.0,0.0
2018-06-21 00:00:00-04:00,49.10511483358455,49.47856894684466,49.10511483358455,49.44678497314453,16300,0.0,0.0,0.0
2018-06-22 00:00:00-04:00,49.478591014270066,49.85204529409059,49.478591014270066,49.78053283691406,6400,0.0,0.0,0.0
2018-06-25 00:00:00-04:00,49.764635863718496,50.034793671455766,49.62955544430605,49.9553337097168,12700,0.0,0.0,0.0
2018-06-26 00:00:00-04:00,49.920849336312294,50.2977627520007,49.920849336312294,50.089256286621094,18800,0.577,0.0,0.0
2018-06-27 00:00:00-04:00,50.20954677546144,50.28172161697411,49.840654500691514,49.86471176147461,5200,0.0,0.0,0.0
2018-06-28 00:00:00-04:00,49.79253110254379,50.52229749961617,49.79253110254379,50.49021911621094,9200,0.0,0.0,0.0
2018-06-29 00:00:00-04:00,50.40200813562348,50.778921515492314,50.3619116835267,50.56239700317383,10500,0.0,0.0,0.0
2018-07-02 00:00:00-04:00,50.45012350928138,50.51428027716355,49.68827871607752,50.217559814453125,28600,0.0,0.0,0.0
2018-07-03 00:00:00-04:00,50.297754856664625,51.07563576848417,50.297754856664625,50.690704345703125,16500,0.0,0.0,0.0
2018-07-05 00:00:00-04:00,50.80298531294288,51.23603439331055,50.57844270497309,51.23603439331055,16500,0.0,0.0,0.0
2018-07-06 00:00:00-04:00,51.38839773394024,51.524726280603446,51.30820177193557,51.48462677001953,7100,0.0,0.0,0.0
2018-07-09 00:00:00-04:00,51.48463269509058,51.48463269509058,50.666655202648705,50.8591194152832,8200,0.0,0.0,0.0
2018-07-10 00:00:00-04:00,51.011478851971546,51.179885765251264,50.82703274802288,51.01949691772461,11400,0.0,0.0,0.0
2018-07-11 00:00:00-04:00,51.00346238739677,51.31622204527482,51.00346238739677,51.10771560668945,9500,0.0,0.0,0.0
2018-07-12 00:00:00-04:00,51.10772019061825,51.23603068003949,51.01148808834317,51.035545349121094,8100,0.0,0.0,0.0
2018-07-13 00:00:00-04:00,51.32424173851365,51.32424173851365,50.75486416592618,50.762882232666016,22200,0.0,0.0,0.0
2018-07-16 00:00:00-04:00,50.66665691997955,50.690714182583406,50.361918337288486,50.67467498779297,14000,0.0,0.0,0.0
2018-07-17 00:00:00-04:00,50.62654392181948,50.706736810407335,50.001027766016314,50.017066955566406,17700,0.0,0.0,0.0
2018-07-18 00:00:00-04:00,49.95292478321916,50.00103930380931,49.64016816272996,49.816593170166016,37000,0.0,0.0,0.0
2018-07-19 00:00:00-04:00,49.8005536882869,50.674669830847115,49.8005536882869,50.41804885864258,11900,0.0,0.0,0.0
2018-07-20 00:00:00-04:00,50.32983347909923,50.36191186455725,49.888766386122725,50.16142654418945,16900,0.0,0.0,0.0
2018-07-23 00:00:00-04:00,50.06518290969587,50.113300476794436,49.83261925746325,50.00102615356445,7900,0.0,0.0,0.0
2018-07-24 00:00:00-04:00,49.73640364625292,49.84867494748462,49.47978265510517,49.80857849121094,4500,0.0,0.0,0.0
2018-07-25 00:00:00-04:00,49.784509237266406,50.39398317964232,49.23918899764243,50.12934112548828,18800,0.0,0.0,0.0
2018-07-26 00:00:00-04:00,50.17745912487257,50.36992635309544,50.17745912487257,50.209537506103516,7500,0.0,0.0,0.0
2018-07-27 00:00:00-04:00,50.38595967137416,50.38595967137416,49.22314449015896,49.42362976074219,12000,0.0,0.0,0.0
2018-07-30 00:00:00-04:00,49.471749372156296,49.64817740740481,49.038703467979694,49.519866943359375,11300,0.0,0.0,0.0
2018-07-31 00:00:00-04:00,49.64818552182211,50.61051568902588,49.64818552182211,50.410030364990234,8400,0.0,0.0,0.0
2018-08-01 00:00:00-04:00,49.97697253477155,50.61050678141939,49.712333544386674,50.60248565673828,142500,0.0,0.0,0.0
2018-08-02 00:00:00-04:00,50.22557669671899,50.42606199066819,50.145380743641624,50.209537506103516,21000,0.0,0.0,0.0
2018-08-03 00:00:00-04:00,50.2255905303748,51.12376403808594,50.2255905303748,51.12376403808594,9800,0.0,0.0,0.0
2018-08-06 00:00:00-04:00,51.05158080852119,51.4124549896108,51.05158080852119,51.19593048095703,18200,0.0,0.0,0.0
2018-08-07 00:00:00-04:00,51.20394888652057,51.41245532993618,50.99544550226813,51.40443420410156,18900,0.0,0.0,0.0
2018-08-08 00:00:00-04:00,51.18791054990636,51.30018183345314,51.05959701538086,51.05959701538086,23200,0.0,0.0,0.0
2018-08-09 00:00:00-04:00,51.05158080852119,51.29216257619321,51.05158080852119,51.19593048095703,7000,0.0,0.0,0.0
2018-08-10 00:00:00-04:00,51.147809571287254,51.26810197686734,50.68268525864767,50.71476364135742,11300,0.0,0.0,0.0
2018-08-13 00:00:00-04:00,50.52229944378788,50.78694152832031,50.52229944378788,50.78694152832031,13000,0.0,0.0,0.0
2018-08-14 00:00:00-04:00,50.72279351355352,51.25207471480666,50.72279351355352,51.08366775512695,8700,0.0,0.0,0.0
2018-08-15 00:00:00-04:00,51.21999084562452,51.8214498900179,51.21999084562452,51.717193603515625,50600,0.0,0.0,0.0
2018-08-16 00:00:00-04:00,51.66105052506186,52.0379638671875,51.548779246768156,52.0379638671875,190000,0.0,0.0,0.0
2018-08-17 00:00:00-04:00,51.941735464170115,52.599327087402344,51.941735464170115,52.599327087402344,163500,0.0,0.0,0.0
2018-08-20 00:00:00-04:00,52.711599562752085,52.84792810299552,52.37477959735666,52.46299362182617,74800,0.0,0.0,0.0
2018-08-21 00:00:00-04:00,52.40686486814255,52.40686486814255,52.02193645471057,52.17430114746094,11500,0.0,0.0,0.0
2018-08-22 00:00:00-04:00,52.05401505070649,52.05401505070649,51.58888760748032,51.77333068847656,11200,0.0,0.0,0.0
2018-08-23 00:00:00-04:00,51.72520532378516,51.82144046651964,51.66906968677144,51.741241455078125,38000,0.0,0.0,0.0
2018-08-24 00:00:00-04:00,51.58086115307366,51.98985290527344,51.42047534978908,51.98985290527344,14900,0.0,0.0,0.0
2018-08-27 00:00:00-04:00,52.0780590159108,52.0780590159108,51.532738801983584,51.7973747253418,13600,0.0,0.0,0.0
2018-08-28 00:00:00-04:00,51.89362161811852,52.438941955566406,51.789371450050055,52.438941955566406,12100,0.0,0.0,0.0
2018-08-29 00:00:00-04:00,52.39082218136354,52.487051213523365,52.33468653982828,52.3828010559082,9800,0.0,0.0,0.0
2018-08-30 00:00:00-04:00,52.446964983804804,52.446964983804804,52.1422233581543,52.1422233581543,6300,0.0,0.0,0.0
2018-08-31 00:00:00-04:00,52.086084134603745,52.43894025868917,52.037969615256266,52.33469009399414,12200,0.0,0.0,0.0
2018-09-04 00:00:00-04:00,52.14220879376181,52.31062181264686,51.7011448499122,51.78133773803711,109800,0.0,0.0,0.0
2018-09-05 00:00:00-04:00,51.70115929110644,52.27855803620542,51.70115929110644,52.1422233581543,10000,0.0,0.0,0.0
2018-09-06 00:00:00-04:00,52.33469009399414,52.46299751836291,52.24647606297279,52.33469009399414,104400,0.0,0.0,0.0
2018-09-07 00:00:00-04:00,51.99787397674554,51.99787397674554,51.50869538418032,51.612945556640625,13800,0.0,0.0,0.0
2018-09-10 00:00:00-04:00,51.765309149913584,52.26250879972481,51.765309149913584,52.05400848388672,6800,0.0,0.0,0.0
2018-09-11 00:00:00-04:00,51.70115759942768,52.23845681252038,51.70115759942768,52.11014938354492,25800,0.0,0.0,0.0
2018-09-12 00:00:00-04:00,52.15825983422011,52.19835322587815,51.965795646613365,51.98985290527344,11400,0.0,0.0,0.0
2018-09-13 00:00:00-04:00,52.14221775052553,52.382802574552066,52.09410323305072,52.310630798339844,16400,0.0,0.0,0.0
2018-09-14 00:00:00-04:00,51.4605747586586,51.63700283389685,51.4605747586586,51.540767669677734,8900,0.0,0.0,0.0
2018-09-17 00:00:00-04:00,51.54076686324878,52.0459938195855,51.54076686324878,51.97381591796875,8900,0.0,0.0,0.0
2018-09-18 00:00:00-04:00,52.01391622994062,52.037973491406305,51.53275264564601,51.612945556640625,9800,0.0,0.0,0.0
2018-09-19 00:00:00-04:00,51.54076292969188,51.54076292969188,50.93128890817219,51.00346374511719,8900,0.0,0.0,0.0
2018-09-20 00:00:00-04:00,51.09969787481168,51.388397216796875,50.90723062710051,51.388397216796875,12700,0.0,0.0,0.0
2018-09-21 00:00:00-04:00,51.396411888526785,51.74926799716574,51.19592963474979,51.468589782714844,10300,0.0,0.0,0.0
2018-09-24 00:00:00-04:00,51.37236075033507,51.37236075033507,50.20954824407718,50.44211196899414,11600,0.0,0.0,0.0
2018-09-25 00:00:00-04:00,50.53031522792442,50.8029753667192,50.48220071230139,50.6425895690918,10800,0.0,0.0,0.0
2018-09-26 00:00:00-04:00,50.60131649856207,50.657971595917616,49.94573211669922,49.94573211669922,16800,0.579,0.0,0.0
2018-09-27 00:00:00-04:00,49.96191312381303,50.32612662114583,49.96191312381303,50.06713104248047,5700,0.0,0.0,0.0
2018-09-28 00:00:00-04:00,50.01048268847948,50.900779724121094,50.01048268847948,50.900779724121094,12300,0.0,0.0,0.0
2018-10-01 00:00:00-04:00,50.82793360932761,50.876496441416066,50.31803467854754,50.35850524902344,161700,0.0,0.0,0.0
2018-10-02 00:00:00-04:00,50.36659857245228,50.54465920639272,50.253288382661495,50.28566360473633,35400,0.0,0.0,0.0
2018-10-03 00:00:00-04:00,50.29375872713321,50.43944414728514,49.31443135970074,49.719112396240234,14000,0.0,0.0,0.0
2018-10-04 00:00:00-04:00,49.44391828760009,49.55722845890148,48.97448690652796,49.460105895996094,11800,0.0,0.0,0.0
2018-10-05 00:00:00-04:00,49.39537214936048,49.84861607515336,49.39537214936048,49.54105758666992,27700,0.0,0.0,0.0
2018-10-08 00:00:00-04:00,49.573419010657936,50.57702917850371,49.573419010657936,50.261375427246094,12100,0.0,0.0,0.0
2018-10-09 00:00:00-04:00,50.309939253399776,50.64177753312695,50.042851412385644,50.577030181884766,21200,0.0,0.0,0.0
2018-10-10 00:00:00-04:00,50.30185695237026,50.81984821475655,50.050953583883135,50.075233459472656,12200,0.0,0.0,0.0
2018-10-11 00:00:00-04:00,50.09140931638619,50.09140931638619,48.610278591074426,48.675025939941406,12000,0.0,0.0,0.0
2018-10-12 00:00:00-04:00,48.77216201547737,48.96641029082102,48.28654595832563,48.496978759765625,27300,0.0,0.0,0.0
2018-10-15 00:00:00-04:00,48.5293527728386,49.38727774564692,48.5293527728386,48.958316802978516,11300,0.0,0.0,0.0
2018-10-16 00:00:00-04:00,48.96640151127124,49.978104021834696,48.958309249673995,49.8809814453125,8600,0.0,0.0,0.0
2018-10-17 00:00:00-04:00,49.880974066538776,50.00237649736499,49.58150794473215,49.7514762878418,11400,0.0,0.0,0.0
2018-10-18 00:00:00-04:00,49.775762118940534,50.05094531756847,49.71101167810057,49.85669708251953,11900,0.0,0.0,0.0
2018-10-19 00:00:00-04:00,50.01856494697754,50.31802798635073,49.970005208818485,50.25328063964844,21800,0.0,0.0,0.0
2018-10-22 00:00:00-04:00,50.18045195402489,50.4232599750178,49.338714599609375,49.338714599609375,14000,0.0,0.0,0.0
2018-10-23 00:00:00-04:00,49.24968013272718,49.961919610260864,49.184932773390244,49.66245651245117,20500,0.0,0.0,0.0
2018-10-24 00:00:00-04:00,50.04284842659092,51.02217559766285,50.04284842659092,50.63368225097656,21600,0.0,0.0,0.0
2018-10-25 00:00:00-04:00,50.62558876955734,51.23261022503757,50.47990337324442,51.062644958496094,10400,0.0,0.0,0.0
2018-10-26 00:00:00-04:00,50.98980559486477,51.07883590815275,49.94572788216736,50.237098693847656,20800,0.0,0.0,0.0
2018-10-29 00:00:00-04:00,50.536562639529805,51.25689741971924,50.536562639529805,51.216426849365234,26300,0.0,0.0,0.0
2018-10-30 00:00:00-04:00,51.240715630744695,52.09054521772393,50.957437043437366,51.71014404296875,21900,0.0,0.0,0.0
2018-10-31 00:00:00-04:00,51.71014384546115,51.71014384546115,50.63369386272468,50.722721099853516,104500,0.0,0.0,0.0
2018-11-01 00:00:00-04:00,50.96552159579987,51.070736423464346,50.58512050163692,51.00598907470703,71800,0.0,0.0,0.0
2018-11-02 00:00:00-04:00,50.95742006948281,50.95742006948281,49.670534636443705,50.03474807739258,17300,0.0,0.0,0.0
2018-11-05 00:00:00-05:00,50.075215706888365,51.15166842598317,50.059028099743664,50.925045013427734,17300,0.0,0.0,0.0
2018-11-06 00:00:00-05:00,50.76318035253294,51.39448165893555,50.76318035253294,51.39448165893555,19300,0.0,0.0,0.0
2018-11-07 00:00:00-05:00,51.621107463323135,51.92866897583008,51.45923753301361,51.92866897583008,7200,0.0,0.0,0.0
2018-11-08 00:00:00-05:00,51.87200426487372,52.114815319163895,51.58873190563374,52.106719970703125,76300,0.0,0.0,0.0
2018-11-09 00:00:00-05:00,52.20385080846207,52.43856653758621,52.050070047153305,52.32525634765625,14500,0.0,0.0,0.0
2018-11-12 00:00:00-05:00,52.39001027577076,52.98084113756066,52.39001027577076,52.479034423828125,14500,0.0,0.0,0.0
2018-11-13 00:00:00-05:00,52.55996692426308,52.78658728190714,52.341435740148,52.527591705322266,21800,0.0,0.0,0.0
2018-11-14 00:00:00-05:00,52.616628301683335,52.616628301683335,52.30097759796525,52.30906677246094,64100,0.0,0.0,0.0
2018-11-15 00:00:00-05:00,52.23622899806876,52.23622899806876,51.49161428448779,51.791080474853516,12500,0.0,0.0,0.0
2018-11-16 00:00:00-05:00,51.904381227471966,52.67327880859375,51.904381227471966,52.67327880859375,8800,0.0,0.0,0.0
2018-11-19 00:00:00-05:00,52.624712365393336,52.997024304077385,52.50331301032436,52.932273864746094,16200,0.0,0.0,0.0
2018-11-20 00:00:00-05:00,52.843249382491344,53.280305633767924,52.79468963510809,53.00511932373047,30000,0.0,0.0,0.0
2018-11-21 00:00:00-05:00,52.9484559993847,53.21554691837543,52.70565112525434,52.762306213378906,12600,0.0,0.0,0.0
2018-11-23 00:00:00-05:00,52.68947365201561,52.875629659681955,52.37382291396909,52.770408630371094,14900,0.0,0.0,0.0
2018-11-26 00:00:00-05:00,52.972748267995954,52.972748267995954,52.325262277157606,52.68137741088867,22200,0.0,0.0,0.0
2018-11-27 00:00:00-05:00,52.57615242814694,53.14270950777944,52.511401989056075,53.11842346191406,23300,0.0,0.0,0.0
2018-11-28 00:00:00-05:00,53.08604625448724,53.43407213289118,53.029391166139696,53.29648208618164,24500,0.0,0.0,0.0
2018-11-29 00:00:00-05:00,53.29648513945942,53.57976059742559,53.06986477308648,53.49073028564453,16000,0.0,0.0,0.0
2018-11-30 00:00:00-05:00,53.55548779098023,54.19488458041892,53.44217759284604,54.17060470581055,12500,0.0,0.0,0.0
2018-12-03 00:00:00-05:00,54.42149484188871,54.42149484188871,53.99253400384482,54.219154357910156,59800,0.0,0.0,0.0
2018-12-04 00:00:00-05:00,54.30818876709737,54.61575027793942,53.620232304592875,53.64451217651367,35300,0.0,0.0,0.0
2018-12-06 00:00:00-05:00,53.56358639604083,55.14184009092662,53.19937590489582,55.133750915527344,15800,0.0,0.0,0.0
2018-12-07 00:00:00-05:00,55.02042019418374,55.02042019418374,54.39720812401551,54.66429901123047,10400,0.0,0.0,0.0
2018-12-10 00:00:00-05:00,54.559103133751876,54.559103133751876,53.72545496838607,54.38104248046875,17900,0.0,0.0,0.0
2018-12-11 00:00:00-05:00,54.6157582348017,54.75334831235943,54.38104248046875,54.38104248046875,10500,0.0,0.0,0.0
2018-12-12 00:00:00-05:00,54.656209110671135,54.720959545831846,53.19936136920339,53.280296325683594,20100,0.0,0.0,0.0
2018-12-13 00:00:00-05:00,53.19936374825957,53.96015978312564,53.19936374825957,53.45026397705078,19400,0.0,0.0,0.0
2018-12-14 00:00:00-05:00,53.32077361644116,53.69307944627578,53.32077361644116,53.612144470214844,12600,0.0,0.0,0.0
2018-12-17 00:00:00-05:00,53.61050555626754,53.82266456108463,51.929569244384766,51.929569244384766,35200,0.538,0.0,0.0
2018-12-18 00:00:00-05:00,52.419155845102395,52.72107415583039,52.21516161356684,52.53339385986328,13600,0.0,0.0,0.0
2018-12-19 00:00:00-05:00,52.68843759113105,52.85979462549262,51.99484781618986,52.26412582397461,26900,0.0,0.0,0.0
2018-12-20 00:00:00-05:00,52.19884148407282,52.631314858144236,51.725566150917174,52.0927619934082,22200,0.0,0.0,0.0
2018-12-21 00:00:00-05:00,52.223324420487224,53.27595155039832,51.505252838134766,51.505252838134766,27800,0.0,0.0,0.0
2018-12-24 00:00:00-05:00,51.46445956963793,51.505258423715404,49.10625031857548,49.17152786254883,46200,0.0,0.0,0.0
2018-12-26 00:00:00-05:00,49.36735769512956,50.542381286621094,48.77984434300756,50.542381286621094,68500,0.0,0.0,0.0
2018-12-27 00:00:00-05:00,50.264949487010504,50.599505041074515,49.302081675264766,50.56686782836914,32100,0.0,0.0,0.0
2018-12-28 00:00:00-05:00,50.98302790713072,51.293104814979635,50.25679768862532,50.73823165893555,38200,0.0,0.0,0.0
2018-12-31 00:00:00-05:00,50.583190776550694,50.8687858581543,50.15887586048754,50.8687858581543,41500,0.0,0.0,0.0
2019-01-02 00:00:00-05:00,50.39550168785218,50.39550168785218,49.09807847620856,49.37551498413086,127600,0.0,0.0,0.0
2019-01-03 00:00:00-05:00,49.196002669633266,50.509746128286416,49.106243335774586,50.093589782714844,53100,0.0,0.0,0.0
2019-01-04 00:00:00-05:00,50.20781969536413,50.746372498797385,50.003822374173474,50.04462432861328,33000,0.0,0.0,0.0
2019-01-07 00:00:00-05:00,50.3791842234663,50.599498610427254,50.085427557181866,50.289424896240234,11600,0.0,0.0,0.0
2019-01-08 00:00:00-05:00,50.60767203263489,51.43998174335144,50.54239137481253,51.30126190185547,67900,0.0,0.0,0.0
2019-01-09 00:00:00-05:00,51.54605154215935,51.54605154215935,50.76270242512581,51.15437698364258,22600,0.0,0.0,0.0
2019-01-10 00:00:00-05:00,51.154381728879436,52.092770919057855,51.10542434999384,51.97037124633789,17000,0.0,0.0,0.0
2019-01-11 00:00:00-05:00,51.864284653430154,52.17435836791992,51.815324171417494,52.17435836791992,35700,0.0,0.0,0.0
2019-01-14 00:00:00-05:00,52.01934098088732,52.22333839649865,51.896941286419114,52.109100341796875,10700,0.0,0.0,0.0
2019-01-15 00:00:00-05:00,52.158051142903936,52.85980266203083,52.158051142903936,52.639488220214844,232000,0.0,0.0,0.0
2019-01-16 00:00:00-05:00,52.582368663577036,53.24331820778758,52.51708800536937,53.18619918823242,18500,0.0,0.0,0.0
2019-01-17 00:00:00-05:00,53.0311510109219,53.463624410281184,53.0311510109219,53.422828674316406,62600,0.0,0.0,0.0
2019-01-18 00:00:00-05:00,53.479945044462696,53.586021423339844,53.21066705326884,53.586021423339844,19800,0.0,0.0,0.0
2019-01-22 00:00:00-05:00,53.52890223127332,53.74106121380277,53.12906917710642,53.60234451293945,44100,0.0,0.0,0.0
2019-01-23 00:00:00-05:00,53.65130437827973,53.75738076172411,53.34938605162312,53.68394470214844,23800,0.0,0.0,0.0
2019-01-24 00:00:00-05:00,53.790025878541066,53.94506587435592,53.52890948982993,53.863468170166016,20300,0.0,0.0,0.0
2019-01-25 00:00:00-05:00,53.95322900254012,54.41018113902855,53.95322900254012,54.40201950073242,40600,0.0,0.0,0.0
2019-01-28 00:00:00-05:00,54.30410248033999,55.095607047916474,54.26330051606549,54.98136901855469,35000,0.0,0.0,0.0
2019-01-29 00:00:00-05:00,54.99768990582452,55.61784362792969,54.948726305720555,55.61784362792969,45900,0.0,0.0,0.0
2019-01-30 00:00:00-05:00,55.479124320067335,55.97687841273286,55.41384989150094,55.862640380859375,49400,0.0,0.0,0.0
2019-01-31 00:00:00-05:00,55.80550913876097,56.40118408203125,55.26695942441795,56.40118408203125,50000,0.0,0.0,0.0
2019-02-01 00:00:00-05:00,56.335910759103804,56.335910759103804,54.91609089997189,55.699440002441406,52300,0.0,0.0,0.0
2019-02-04 00:00:00-05:00,55.77286624663712,56.237979888916016,55.29959096838726,56.237979888916016,244400,0.0,0.0,0.0
2019-02-05 00:00:00-05:00,56.36855006631568,56.70310248792097,55.81367701722176,56.4827880859375,344800,0.0,0.0,0.0
2019-02-06 00:00:00-05:00,56.556217267745275,56.678616909743944,56.058463288987234,56.27062225341797,148300,0.0,0.0,0.0
2019-02-07 00:00:00-05:00,56.21350615710318,56.82549817323553,56.06662782421123,56.727577209472656,22900,0.0,0.0,0.0
2019-02-08 00:00:00-05:00,56.71942968926357,56.84998476693923,56.40934970696091,56.79286575317383,21700,0.0,0.0,0.0
2019-02-11 00:00:00-05:00,56.93158114011802,57.045825390488396,56.64598607795568,56.87446212768555,87100,0.0,0.0,0.0
2019-02-12 00:00:00-05:00,56.79285619553817,56.79285619553817,55.95238818064392,56.148223876953125,35800,0.0,0.0,0.0
2019-02-13 00:00:00-05:00,56.14822943882705,56.515428409473046,55.895274713308034,56.4827880859375,55500,0.0,0.0,0.0
2019-02-14 00:00:00-05:00,56.71125851738816,56.71125851738816,56.34406580855653,56.51542282104492,30100,0.0,0.0,0.0
2019-02-15 00:00:00-05:00,56.637822613205515,56.825496673583984,56.49909969515956,56.825496673583984,21100,0.0,0.0,0.0
2019-02-19 00:00:00-05:00,56.645985140338,56.82550381229873,56.5643874418573,56.73574447631836,20700,0.0,0.0,0.0
2019-02-20 00:00:00-05:00,56.56439462016743,56.56439462016743,55.65864573342529,56.009521484375,122800,0.0,0.0,0.0
2019-02-21 00:00:00-05:00,55.72391346949528,56.066627502441406,55.51175449531233,56.066627502441406,23100,0.0,0.0,0.0
2019-02-22 00:00:00-05:00,56.099269274506376,56.56438296710754,55.96870798686156,56.29510498046875,18100,0.0,0.0,0.0
2019-02-25 00:00:00-05:00,56.31958458779945,56.31958458779945,55.75655614574952,55.83815383911133,23900,0.0,0.0,0.0
2019-02-26 00:00:00-05:00,56.050336449602995,56.050336449602995,55.73210095349013,55.91161346435547,14400,0.0,0.0,0.0
2019-02-27 00:00:00-05:00,55.65863894121197,55.862636301160194,55.27512290842846,55.79735565185547,13700,0.0,0.0,0.0
2019-02-28 00:00:00-05:00,55.86263369865102,56.67046146326966,55.7320786316292,56.00135040283203,11000,0.0,0.0,0.0
2019-03-01 00:00:00-05:00,56.14823314704062,56.14823314704062,55.12824631483596,55.76471710205078,29800,0.0,0.0,0.0
2019-03-04 00:00:00-05:00,55.82186683268202,56.18089812179731,55.552588696714324,56.099300384521484,21300,0.0,0.0,0.0
2019-03-05 00:00:00-05:00,56.099278721161056,56.48279478631757,56.066638393753486,56.344078063964844,11100,0.0,0.0,0.0
2019-03-06 00:00:00-05:00,56.28696116502428,56.86631299091685,55.99320443281028,56.009521484375,22900,0.0,0.0,0.0
2019-03-07 00:00:00-05:00,56.26248058762361,56.572560620817654,55.97688547192378,56.14008712768555,18500,0.0,0.0,0.0
2019-03-08 00:00:00-05:00,55.95238511365106,56.51541971337027,55.94422347764672,56.26245880126953,14700,0.0,0.0,0.0
2019-03-11 00:00:00-04:00,56.2787977883923,56.996866319679846,56.2787977883923,56.988704681396484,20500,0.0,0.0,0.0
2019-03-12 00:00:00-04:00,57.07030045716179,57.36405713832202,57.053977182927866,57.266136169433594,138300,0.0,0.0,0.0
2019-03-13 00:00:00-04:00,57.36406397072938,57.64149741069968,57.36406397072938,57.478302001953125,88500,0.0,0.0,0.0
2019-03-14 00:00:00-04:00,57.41302253467538,57.682300567626946,57.36406515614088,57.68230056762695,12800,0.0,0.0,0.0
2019-03-15 00:00:00-04:00,57.682297104112855,57.85365414420044,57.28245778506962,57.421180725097656,24000,0.0,0.0,0.0
2019-03-18 00:00:00-04:00,57.470132579425204,57.478294216408756,56.36854815583321,56.76021957397461,46300,0.0,0.0,0.0
2019-03-19 00:00:00-04:00,56.760214291486456,56.760214291486456,56.35221963734868,56.53173828125,11400,0.0,0.0,0.0
2019-03-20 00:00:00-04:00,56.55640980558545,56.95110691295098,56.0794859639556,56.729087829589844,32700,0.53,0.0,0.0
2019-03-21 00:00:00-04:00,57.26358129126898,57.78161545626839,56.84421671569871,57.74050521850586,12300,0.0,0.0,0.0
2019-03-22 00:00:00-04:00,57.756960038495954,58.41478671412694,57.756960038495954,57.80630111694336,19100,0.0,0.0,0.0
2019-03-25 00:00:00-04:00,57.814511427771244,58.126981878672105,57.58427400510698,57.94607925415039,33700,0.0,0.0,0.0
2019-03-26 00:00:00-04:00,58.02007098758138,58.24209008618077,57.9542933597539,58.1927490234375,21500,0.0,0.0,0.0
2019-03-27 00:00:00-04:00,58.34898234487024,58.34898234487024,57.78983174857478,58.02006912231445,19600,0.0,0.0,0.0
2019-03-28 00:00:00-04:00,58.44766937031082,58.44766937031082,57.94607802153374,58.39011001586914,16300,0.0,0.0,0.0
2019-03-29 00:00:00-04:00,58.93280933338867,58.93280933338867,58.02007798134381,58.135196685791016,26400,0.0,0.0,0.0
2019-04-01 00:00:00-04:00,58.110529077891485,58.110529077891485,57.30469814967741,57.92962646484375,76800,0.0,0.0,0.0
2019-04-02 00:00:00-04:00,57.97073519466312,58.33254037219173,57.559595228743525,58.283199310302734,17600,0.0,0.0,0.0
2019-04-03 00:00:00-04:00,58.28321770801678,58.4476775103969,57.88030217081047,58.233882904052734,21800,0.0,0.0,0.0
2019-04-04 00:00:00-04:00,58.472318197392894,58.472318197392894,57.63358927220492,57.88027572631836,9500,0.0,0.0,0.0
2019-04-05 00:00:00-04:00,57.87205579441411,58.151634216308594,57.72404516482235,58.151634216308594,12900,0.0,0.0,0.0
2019-04-08 00:00:00-04:00,58.11875492894483,58.26676559077954,57.58427163490288,57.70761489868164,13900,0.0,0.0,0.0
2019-04-09 00:00:00-04:00,58.168077558871026,58.168077558871026,57.55959219792941,57.65004348754883,20000,0.0,0.0,0.0
2019-04-10 00:00:00-04:00,57.74873175063473,58.12697982788086,57.699390680733735,58.12697982788086,28000,0.0,0.0,0.0
2019-04-11 00:00:00-04:00,58.11052628217633,58.3407636791607,57.88028888519196,58.06941604614258,19800,0.0,0.0,0.0
2019-04-12 00:00:00-04:00,58.07763686041369,58.29143142700195,57.534935297226646,58.29143142700195,15600,0.0,0.0,0.0
2019-04-15 00:00:00-04:00,58.39011814793886,58.39011814793886,58.020088297708575,58.233882904052734,35200,0.0,0.0,0.0
2019-04-16 00:00:00-04:00,58.24209706363685,58.33254837042117,56.474193713078066,56.68798828125,25400,0.0,0.0,0.0
2019-04-17 00:00:00-04:00,56.729095381414595,56.7373199379852,55.69302709946598,55.84103775024414,34900,0.0,0.0,0.0
2019-04-18 00:00:00-04:00,56.00549589117082,56.54819747342249,55.8657097853559,56.43307876586914,18800,0.0,0.0,0.0
2019-04-22 00:00:00-04:00,56.36729422149921,56.36729422149921,55.09275776383213,55.57789993286133,34400,0.0,0.0,0.0
2019-04-23 00:00:00-04:00,55.72591774183638,56.40841170751462,55.65191554660575,56.29329299926758,30900,0.0,0.0,0.0
2019-04-24 00:00:00-04:00,56.48241266066208,56.94288743237921,56.43307159690792,56.84421157836914,27400,0.0,0.0,0.0
2019-04-25 00:00:00-04:00,56.97577729504971,57.09089598375888,56.48241059008215,57.0333366394043,30100,0.0,0.0,0.0
2019-04-26 00:00:00-04:00,57.14847261312883,57.584280105555294,57.14847261312883,57.41160202026367,36000,0.0,0.0,0.0
2019-04-29 00:00:00-04:00,57.395148037581,57.47737478507064,56.679762160073935,56.71265411376953,93000,0.0,0.0,0.0
2019-04-30 00:00:00-04:00,56.77021962502223,57.666501934870865,56.64687635365332,57.51027297973633,95100,0.0,0.0,0.0
2019-05-01 00:00:00-04:00,57.65827505462487,58.28320332899359,57.54315635810967,57.592491149902344,60000,0.0,0.0,0.0
2019-05-02 00:00:00-04:00,57.66650185203252,58.12698297958168,57.510272897122405,57.84740447998047,17900,0.0,0.0,0.0
2019-05-03 00:00:00-04:00,58.17631543930044,58.43944481296226,57.904961508290064,58.39011001586914,21600,0.0,0.0,0.0
2019-05-06 00:00:00-04:00,58.052961626740434,58.381874852439694,57.97073488869012,58.085853576660156,13400,0.0,0.0,0.0
2019-05-07 00:00:00-04:00,58.16808036634325,58.16808036634325,56.860658291738105,57.17312240600586,89900,0.0,0.0,0.0
2019-05-08 00:00:00-04:00,57.28823820800168,57.67471075855923,57.066225398903555,57.09089279174805,16600,0.0,0.0,0.0
2019-05-09 00:00:00-04:00,57.099137809759775,57.55961270387076,56.80311644254559,57.41160202026367,14600,0.0,0.0,0.0
2019-05-10 00:00:00-04:00,57.2471312892803,58.30787315743702,57.2471312892803,58.15986251831055,11800,0.0,0.0,0.0
2019-05-13 00:00:00-04:00,58.02829370882828,58.66144648694777,58.01185087076585,58.58744430541992,19700,0.0,0.0,0.0
2019-05-14 00:00:00-04:00,59.04790517511178,59.04790517511178,58.406527991955016,58.570987701416016,15900,0.0,0.0,0.0
2019-05-15 00:00:00-04:00,58.65323572497069,59.12193508856907,58.62856832796531,58.93280792236328,15300,0.0,0.0,0.0
2019-05-16 00:00:00-04:00,58.94925833685799,59.44262510834879,58.78479856402847,59.26994705200195,28600,0.0,0.0,0.0
2019-05-17 00:00:00-04:00,59.105477802305714,59.434391021728516,58.858797592862004,59.434391021728516,20800,0.0,0.0,0.0
2019-05-20 00:00:00-04:00,59.65640866806145,59.65640866806145,58.67789358915958,58.76834487915039,16200,0.0,0.0,0.0
2019-05-21 00:00:00-04:00,59.08082524641651,59.3850711486538,59.039715004600296,59.24528503417969,13500,0.0,0.0,0.0
2019-05-22 00:00:00-04:00,59.40150513488149,59.50840554936529,59.17949229637401,59.45906448364258,10700,0.0,0.0,0.0
2019-05-23 00:00:00-04:00,59.40151841624536,59.86199958278983,59.35218361299055,59.85377502441406,17500,0.0,0.0,0.0
2019-05-24 00:00:00-04:00,60.01823142913625,60.27314256301024,60.01823142913625,60.158023834228516,20000,0.0,0.0,0.0
2019-05-28 00:00:00-04:00,60.61025154655399,60.61025154655399,59.434391021728516,59.434391021728516,36200,0.0,0.0,0.0
2019-05-29 00:00:00-04:00,59.16304799352495,59.28639125761236,58.56278706099801,58.80946731567383,23000,0.0,0.0,0.0
2019-05-30 00:00:00-04:00,59.24527561739349,59.24527561739349,58.809461954216395,59.06437301635742,22100,0.0,0.0,0.0
2019-05-31 00:00:00-04:00,58.91636155633189,59.95243608304481,58.89991244364688,59.69752502441406,34600,0.0,0.0,0.0
2019-06-03 00:00:00-04:00,59.95242508733875,59.993535314514645,59.286374162718374,59.771522521972656,93000,0.0,0.0,0.0
2019-06-04 00:00:00-04:00,59.78798610526464,59.78798610526464,58.63679269540979,59.179500579833984,28400,0.0,0.0,0.0
2019-06-05 00:00:00-04:00,59.475517367335215,60.593818734304385,59.36039866251476,60.585594177246094,17000,0.0,0.0,0.0
2019-06-06 00:00:00-04:00,60.81583507087113,60.81583507087113,60.20734955717602,60.72538375854492,30400,0.0,0.0,0.0
2019-06-07 00:00:00-04:00,61.506551471099606,61.506551471099606,60.85694946587674,60.91450881958008,23100,0.0,0.0,0.0
2019-06-10 00:00:00-04:00,60.94738242046045,60.94738242046045,60.297780610868244,60.61846923828125,77000,0.0,0.0,0.0
2019-06-11 00:00:00-04:00,60.6267204284668,60.782949396678426,60.092237056795675,60.6267204284668,123200,0.0,0.0,0.0
2019-06-12 00:00:00-04:00,60.684263643049604,61.062511672363684,60.56914495036699,60.700706481933594,44400,0.0,0.0,0.0
2019-06-13 00:00:00-04:00,60.7911695025629,60.89806365966797,60.57737491485331,60.89806365966797,20700,0.0,0.0,0.0
2019-06-14 00:00:00-04:00,60.84872464040671,61.26808922896761,60.84872464040671,61.04607009887695,22800,0.0,0.0,0.0
2019-06-17 00:00:00-04:00,61.128860790627456,61.70836356014749,61.128860790627456,61.683528900146484,47500,0.5,0.0,0.0
2019-06-18 00:00:00-04:00,62.03950337423294,62.105727024915296,60.96328852116964,61.37721633911133,57400,0.0,0.0,0.0
2019-06-19 00:00:00-04:00,61.19508359462334,61.8987595817393,60.88050074472266,61.716636657714844,24400,0.0,0.0,0.0
2019-06-20 00:00:00-04:00,62.13055662948631,62.5362040483447,62.04776602821895,62.122276306152344,30400,0.0,0.0,0.0
2019-06-21 00:00:00-04:00,61.95671946797005,62.37892765648781,60.97985577522527,61.40205764770508,40500,0.0,0.0,0.0
2019-06-24 00:00:00-04:00,61.6503998567539,61.6503998567539,61.178522476223236,61.26130676269531,29200,0.0,0.0,0.0
2019-06-25 00:00:00-04:00,61.36893504910916,61.56762494614319,60.54107942624551,60.557640075683594,27400,0.0,0.0,0.0
2019-06-26 00:00:00-04:00,60.39205281575303,60.416893784832006,59.03437037708588,59.34067916870117,32600,0.0,0.0,0.0
2019-06-27 00:00:00-04:00,59.68837789408826,60.052636320617964,59.68837789408826,59.936737060546875,18300,0.0,0.0,0.0
2019-06-28 00:00:00-04:00,59.94503143685943,60.623872826149054,59.94503143685943,60.36723327636719,20200,0.0,0.0,0.0
2019-07-01 00:00:00-04:00,60.681799672271175,60.681799672271175,59.38206702560841,60.17680740356445,42800,0.0,0.0,0.0
2019-07-02 00:00:00-04:00,60.51623148636409,61.45998618401572,60.507951163462366,61.44343185424805,33800,0.0,0.0,0.0
2019-07-03 00:00:00-04:00,61.53449711301009,62.30440293413478,61.53449711301009,62.22161865234375,18200,0.0,0.0,0.0
2019-07-05 00:00:00-04:00,61.94014894224914,62.05604820824777,60.93844453409734,61.857364654541016,14800,0.0,0.0,0.0
2019-07-08 00:00:00-04:00,61.973264265397205,62.56104092224283,61.973264265397205,62.51137161254883,16300,0.0,0.0,0.0
2019-07-09 00:00:00-04:00,62.52792820513658,62.91702132124169,62.37063363070178,62.90874099731445,24600,0.0,0.0,0.0
2019-07-10 00:00:00-04:00,63.190215494896506,63.40545338983087,62.81767670867333,63.248165130615234,28900,0.0,0.0,0.0
2019-07-11 00:00:00-04:00,63.31439624015133,63.38890020912707,62.32096577488451,62.610713958740234,24800,0.0,0.0,0.0
2019-07-12 00:00:00-04:00,62.68519957450837,62.68519957450837,62.24643730933573,62.46995544433594,16900,0.0,0.0,0.0
2019-07-15 00:00:00-04:00,62.49481355796061,62.917021655984435,62.38719461048012,62.41202926635742,33700,0.0,0.0,0.0
2019-07-16 00:00:00-04:00,62.39547364078602,62.610711531284394,62.039495509839995,62.30440902709961,30300,0.0,0.0,0.0
2019-07-17 00:00:00-04:00,62.49480615065057,62.52792112657415,61.849079910230344,62.22161865234375,38400,0.0,0.0,0.0
2019-07-18 00:00:00-04:00,62.24646036821934,62.45342425419849,61.82425227233165,62.27957534790039,15500,0.0,0.0,0.0
2019-07-19 00:00:00-04:00,62.436864022466,62.436864022466,60.93016717513752,60.95500183105469,62900,0.0,0.0,0.0
2019-07-22 00:00:00-04:00,61.037803204777425,61.137141845967605,60.74804865853884,60.78944396972656,34000,0.0,0.0,0.0
2019-07-23 00:00:00-04:00,60.855675180316894,61.47656696454856,60.68182623865657,61.4268913269043,21000,0.0,0.0,0.0
2019-07-24 00:00:00-04:00,61.55106079085476,61.99810355966275,60.92188878482462,61.21991729736328,48000,0.0,0.0,0.0
2019-07-25 00:00:00-04:00,61.21991438844049,61.344093982103885,60.814266944107466,61.186805725097656,29400,0.0,0.0,0.0
2019-07-26 00:00:00-04:00,61.25303049752013,61.47655503344404,61.00467762164942,61.38549041748047,30000,0.0,0.0,0.0
2019-07-29 00:00:00-04:00,61.64210863582396,62.19677020477021,61.584159013934574,61.82423782348633,26600,0.0,0.0,0.0
2019-07-30 00:00:00-04:00,61.81596699518728,62.180225426454825,61.53449916450676,61.87391662597656,11800,0.0,0.0,0.0
2019-07-31 00:00:00-04:00,61.98154742522875,62.2464609491128,61.12057689359641,61.38549041748047,27800,0.0,0.0,0.0
2019-08-01 00:00:00-04:00,61.40206830072817,62.039520856973404,60.92191038075833,61.766326904296875,45200,0.0,0.0,0.0
2019-08-02 00:00:00-04:00,61.87392158383494,62.59415818081553,61.69179235360745,62.27957534790039,35500,0.0,0.0,0.0
2019-08-05 00:00:00-04:00,62.387177179519,62.387177179519,60.425157804924545,61.21162414550781,34500,0.0,0.0,0.0
2019-08-06 00:00:00-04:00,61.31098381376175,62.312688333453046,61.00468128353136,62.006385803222656,56800,0.0,0.0,0.0
2019-08-07 00:00:00-04:00,62.0063834129764,63.2398864429261,61.352376755207956,62.859073638916016,32000,0.0,0.0,0.0
2019-08-08 00:00:00-04:00,62.850790554579724,63.678646087646484,62.602437684281576,63.678646087646484,30300,0.0,0.0,0.0
2019-08-09 00:00:00-04:00,63.53790942479904,63.86905288696289,63.215046286099245,63.86905288696289,26200,0.0,0.0,0.0
2019-08-12 00:00:00-04:00,63.9104422814066,64.16708178214576,63.579305133158805,63.90216827392578,108200,0.0,0.0,0.0
2019-08-13 00:00:00-04:00,63.90216198609269,63.92699663816398,63.074306564859874,63.70347213745117,45500,0.0,0.0,0.0
2019-08-14 00:00:00-04:00,63.761413974129205,64.47337005468775,62.99978859549653,63.07429885864258,27000,0.0,0.0,0.0
2019-08-15 00:00:00-04:00,63.51305878194695,64.15878489679432,63.082570494692305,64.10911560058594,59300,0.0,0.0,0.0
2019-08-16 00:00:00-04:00,64.2250156210835,64.69689288893687,63.74485803174927,64.58099365234375,31800,0.0,0.0,0.0
2019-08-19 00:00:00-04:00,64.9701117464197,65.30124894113008,64.41544368160186,65.06945037841797,63400,0.0,0.0,0.0
2019-08-20 00:00:00-04:00,65.38404157105079,65.41715023871257,64.6306899029802,64.7052001953125,88100,0.0,0.0,0.0
2019-08-21 00:00:00-04:00,64.78800129351367,65.08602990803533,64.57275700168381,64.9452896118164,37600,0.0,0.0,0.0
2019-08-22 00:00:00-04:00,65.06116809819514,65.32608795166016,64.73830492183083,65.32608795166016,22300,0.0,0.0,0.0
2019-08-23 00:00:00-04:00,65.18534316162676,65.79796080605247,64.42371758405784,64.63896179199219,31400,0.0,0.0,0.0
2019-08-26 00:00:00-04:00,64.82936325420357,65.35919027766813,64.52306075640969,65.1191177368164,25700,0.0,0.0,0.0
2019-08-27 00:00:00-04:00,65.46681896284309,65.69033718417504,65.08600616455078,65.08600616455078,39800,0.0,0.0,0.0
2019-08-28 00:00:00-04:00,65.22673667982016,65.31780129160654,64.94526252083418,65.1191177368164,54600,0.0,0.0,0.0
2019-08-29 00:00:00-04:00,65.39231271504975,65.66550658157048,65.06944953317509,65.52477264404297,28700,0.0,0.0,0.0
2019-08-30 00:00:00-04:00,65.62410769707385,65.75656761884565,65.42542413045284,65.6489486694336,29900,0.0,0.0,0.0
2019-09-03 00:00:00-04:00,65.45854614892288,66.40230108688996,65.45854614892288,66.23673248291016,64600,0.0,0.0,0.0
2019-09-04 00:00:00-04:00,66.61753828789274,66.86589116762822,66.32779010351634,66.70860290527344,65100,0.0,0.0,0.0
2019-09-05 00:00:00-04:00,66.70860457309915,66.93212280205307,65.74828906254305,66.00492858886719,73200,0.0,0.0,0.0
2019-09-06 00:00:00-04:00,66.09601230682775,66.37748659837133,66.00495396819466,66.2201919555664,45200,0.0,0.0,0.0
2019-09-09 00:00:00-04:00,66.22843027899187,66.46850909667745,65.48335917514615,65.59925842285156,68500,0.0,0.0,0.0
2019-09-10 00:00:00-04:00,65.31779666133843,65.5247605250841,63.72831570362035,64.43199157714844,73400,0.0,0.0,0.0
2019-09-11 00:00:00-04:00,64.58928324155447,64.71346282958984,64.09257120544915,64.71346282958984,142500,0.0,0.0,0.0
2019-09-12 00:00:00-04:00,65.30951440088982,65.69032714096072,64.53132827515957,64.7962417602539,133300,0.0,0.0,0.0
2019-09-13 00:00:00-04:00,64.69688164289197,64.98662968400885,63.77796191532584,63.99320602416992,70400,0.0,0.0,0.0
2019-09-16 00:00:00-04:00,64.17537336501093,64.7465958394378,64.00980474554359,64.73004150390625,75000,0.0,0.0,0.0
2019-09-17 00:00:00-04:00,64.97836338457957,65.72343444824219,64.97836338457957,65.72343444824219,82700,0.0,0.0,0.0
2019-09-18 00:00:00-04:00,65.92212459657024,66.18703807742762,64.96181559697558,65.4336929321289,28200,0.0,0.0,0.0
2019-09-19 00:00:00-04:00,65.6654965003362,65.9883596326436,65.48336728395027,65.53304290771484,29900,0.0,0.0,0.0
2019-09-20 00:00:00-04:00,65.64895112802446,65.72345509978379,65.2598579882939,65.32608795166016,82400,0.0,0.0,0.0
2019-09-23 00:00:00-04:00,65.3426327038363,65.66549583286188,65.23501376617313,65.37574768066406,21100,0.0,0.0,0.0
2019-09-24 00:00:00-04:00,65.72491575651226,65.96658286794357,65.26658048348384,65.67491149902344,32900,0.519,0.0,0.0
2019-09-25 00:00:00-04:00,65.6832683605444,65.96660472077414,65.54993846465351,65.81660461425781,27600,0.0,0.0,0.0
2019-09-26 00:00:00-04:00,65.99157638977155,66.51657336656847,65.95824234012764,66.35823822021484,46500,0.0,0.0,0.0
2019-09-27 00:00:00-04:00,66.45826041520193,66.45826041520193,65.68326101121961,66.05825805664062,30800,0.0,0.0,0.0
2019-09-30 00:00:00-04:00,66.06658700082644,66.48325317147527,66.06658700082644,66.22492218017578,70300,0.0,0.0,0.0
2019-10-01 00:00:00-04:00,66.1749134554472,66.1915773021075,65.2749131481072,65.7415771484375,121200,0.0,0.0,0.0
2019-10-02 00:00:00-04:00,65.62491139544721,66.04157749954528,65.5249092416484,65.92491149902344,19000,0.0,0.0,0.0
2019-10-03 00:00:00-04:00,66.30825208560681,66.90825236997821,65.94991893565283,66.62491607666016,59900,0.0,0.0,0.0
2019-10-04 00:00:00-04:00,66.5665722799146,67.10823946872539,66.5665722799146,67.0915756225586,116700,0.0,0.0,0.0
2019-10-07 00:00:00-04:00,67.24157812815572,67.48324523224125,66.31657886548432,67.02490997314453,63500,0.0,0.0,0.0
2019-10-08 00:00:00-04:00,67.14991860655455,67.34158147616435,66.50824917186208,66.9332504272461,58700,0.0,0.0,0.0
2019-10-09 00:00:00-04:00,67.1499060162107,67.49990399251739,66.94157297919676,67.0499038696289,54600,0.0,0.0,0.0
2019-10-10 00:00:00-04:00,67.04991666738596,67.44158386898049,66.58325260990529,67.11658477783203,50500,0.0,0.0,0.0
2019-10-11 00:00:00-04:00,67.26657546858502,67.26657546858502,66.69990932444433,66.78324127197266,50600,0.0,0.0,0.0
2019-10-14 00:00:00-04:00,66.97492464602017,67.09991941485302,66.64159042754932,66.90825653076172,52300,0.0,0.0,0.0
2019-10-15 00:00:00-04:00,66.94158788395171,67.24991677837812,66.31658863375185,66.77491760253906,39900,0.0,0.0,0.0
2019-10-16 00:00:00-04:00,66.76657373067087,66.94157271814176,66.20823636170788,66.86656951904297,48400,0.0,0.0,0.0
2019-10-17 00:00:00-04:00,66.9499183167062,67.22491951960089,66.8665863528106,67.12492370605469,35400,0.0,0.0,0.0
2019-10-18 00:00:00-04:00,67.04156585749737,67.7165691914362,66.92489987045995,67.66656494140625,44500,0.0,0.0,0.0
2019-10-21 00:00:00-04:00,67.73323860070508,68.00823974609375,67.38324061083948,68.00823974609375,34100,0.0,0.0,0.0
2019-10-22 00:00:00-04:00,68.33323706189333,68.49157220666103,67.62490599805962,67.69157409667969,37900,0.0,0.0,0.0
2019-10-23 00:00:00-04:00,67.74993770922462,67.85826865007134,67.18327133052125,67.7666015625,58600,0.0,0.0,0.0
2019-10-24 00:00:00-04:00,67.85824056915536,68.2165736656072,67.28323932284842,67.7165756225586,44600,0.0,0.0,0.0
2019-10-25 00:00:00-04:00,67.52491504650129,67.52491504650129,66.34991981313965,66.49158477783203,80000,0.0,0.0,0.0
2019-10-28 00:00:00-04:00,66.42493031310856,66.42493031310856,65.84992887523734,66.17493438720703,124800,0.0,0.0,0.0
2019-10-29 00:00:00-04:00,66.3165842797444,66.66658231100017,66.12491505815915,66.32491302490234,56700,0.0,0.0,0.0
2019-10-30 00:00:00-04:00,66.24159157833478,66.64159393310547,65.87492964076853,66.64159393310547,93600,0.0,0.0,0.0
2019-10-31 00:00:00-04:00,66.83324826191429,67.29158357240891,66.6332502890716,66.9332504272461,52500,0.0,0.0,0.0
2019-11-01 00:00:00-04:00,67.01657686488689,67.37490998052809,66.08324882996686,66.60824584960938,63800,0.0,0.0,0.0
2019-11-04 00:00:00-05:00,66.49158750062675,66.49158750062675,65.39992418074462,65.583251953125,69700,0.0,0.0,0.0
2019-11-05 00:00:00-05:00,65.24158326197214,65.4999142275296,63.71658370348271,64.06658172607422,224600,0.0,0.0,0.0
2019-11-06 00:00:00-05:00,64.10825234472343,64.62492064544652,63.991586334531235,64.21658325195312,138400,0.0,0.0,0.0
2019-11-07 00:00:00-05:00,64.06658468035972,64.29158796084448,62.91658839974936,63.37492370605469,95300,0.0,0.0,0.0
2019-11-08 00:00:00-05:00,63.17493183535717,63.69993535480538,63.02493173806084,63.166603088378906,87500,0.0,0.0,0.0
2019-11-11 00:00:00-05:00,63.241592300171476,63.53325735464593,63.05825816369571,63.149925231933594,47000,0.0,0.0,0.0
2019-11-12 00:00:00-05:00,63.191592642121286,63.741588678487624,62.63326150219481,62.74992752075195,88800,0.0,0.0,0.0
2019-11-13 00:00:00-05:00,62.85824925363057,63.59991441661297,62.85824925363057,63.49991226196289,35900,0.0,0.0,0.0
2019-11-14 00:00:00-05:00,63.558249559135994,63.94991674404944,63.558249559135994,63.87491989135742,64400,0.0,0.0,0.0
2019-11-15 00:00:00-05:00,63.87492412875318,64.25825623619048,63.83325496927954,64.22492218017578,48700,0.0,0.0,0.0
2019-11-18 00:00:00-05:00,64.39991022581836,64.9582412637725,64.37491127752489,64.58324432373047,37200,0.0,0.0,0.0
2019-11-19 00:00:00-05:00,64.84159211563379,64.99159220219218,64.53326319613495,64.80825805664062,70200,0.0,0.0,0.0
2019-11-20 00:00:00-05:00,64.80824896688715,65.11658420096175,64.44991583024616,64.65824890136719,32700,0.0,0.0,0.0
2019-11-21 00:00:00-05:00,64.54156467208837,64.54156467208837,63.499899610512905,63.541568756103516,43700,0.0,0.0,0.0
2019-11-22 00:00:00-05:00,63.691595329248436,63.75826344685656,62.94993000486759,63.34992599487305,31200,0.0,0.0,0.0
2019-11-25 00:00:00-05:00,63.46657192342319,64.01656776986917,63.46657192342319,63.541568756103516,57000,0.0,0.0,0.0
2019-11-26 00:00:00-05:00,63.70824676039801,64.59158325195312,63.70824676039801,64.59158325195312,65300,0.0,0.0,0.0
2019-11-27 00:00:00-05:00,64.57490835612522,64.87490844726562,64.36657531271214,64.87490844726562,35400,0.0,0.0,0.0
2019-11-29 00:00:00-05:00,64.9165886328578,65.12492171168094,64.53325653076172,64.53325653076172,13700,0.0,0.0,0.0
2019-12-02 00:00:00-05:00,64.24159026024034,64.54159042630954,63.474925994873054,63.47492599487305,70900,0.0,0.0,0.0
2019-12-03 00:00:00-05:00,63.41658358188412,64.16658388588061,63.41658358188412,64.06658172607422,47200,0.0,0.0,0.0
2019-12-04 00:00:00-05:00,63.949917177539426,64.46658547826253,63.949917177539426,64.21658325195312,63500,0.0,0.0,0.0
2019-12-05 00:00:00-05:00,64.20825462279828,64.33324937835805,63.95825239603726,64.3082504272461,34900,0.0,0.0,0.0
2019-12-06 00:00:00-05:00,64.2665965044196,64.6332584344057,64.2665965044196,64.29159545898438,27500,0.0,0.0,0.0
2019-12-09 00:00:00-05:00,64.38325623560998,64.466588195285,63.941591127293485,64.34992218017578,17900,0.0,0.0,0.0
2019-12-10 00:00:00-05:00,64.24991044075107,64.34991259215354,63.66658045212006,63.84991455078125,149400,0.0,0.0,0.0
2019-12-11 00:00:00-05:00,63.89157996204492,63.90825016687138,62.69991462976513,62.94991683959961,31700,0.0,0.0,0.0
2019-12-12 00:00:00-05:00,62.916601974470936,63.09160103159371,61.72493627878727,61.83326721191406,91500,0.0,0.0,0.0
2019-12-13 00:00:00-05:00,61.849918130958905,62.2499140345324,61.208248763821885,61.67491912841797,79700,0.0,0.0,0.0
2019-12-16 00:00:00-05:00,61.73795086927562,62.05736167608198,61.19160242933274,61.97330856323242,135900,0.635,0.0,0.0
2019-12-17 00:00:00-05:00,61.97332571738867,62.20026982618454,61.09075175606903,61.20842742919922,326800,0.0,0.0,0.0
2019-12-18 00:00:00-05:00,61.15798570250343,61.80520178695956,60.98987304801725,61.6454963684082,50800,0.0,0.0,0.0
2019-12-19 00:00:00-05:00,61.595056218179295,62.032142639160156,61.49419505398453,62.032142639160156,42300,0.0,0.0,0.0
2019-12-20 00:00:00-05:00,62.06577484460288,62.72980547003493,62.06577484460288,62.511268615722656,45300,0.0,0.0,0.0
2019-12-23 00:00:00-05:00,62.637351158000506,62.788649370986825,61.99854218125234,62.099403381347656,320700,0.0,0.0,0.0
2019-12-24 00:00:00-05:00,62.00692115624457,62.30951747558937,61.82200688361483,62.208656311035156,175600,0.0,0.0,0.0
2019-12-26 00:00:00-05:00,62.21707658024808,62.42721262254037,62.04056307426374,62.4188117980957,179700,0.0,0.0,0.0
2019-12-27 00:00:00-05:00,62.578507091924855,62.67937469482422,62.42720889399716,62.67937469482422,36100,0.0,0.0,0.0
2019-12-30 00:00:00-05:00,62.41879709838244,62.7886320849869,62.376767334684814,62.74660873413086,59300,0.0,0.0,0.0
2019-12-31 00:00:00-05:00,62.60373698412507,63.35182083474691,62.43562429065505,63.32659912109375,31200,0.0,0.0,0.0
2020-01-02 00:00:00-05:00,63.58715198924494,63.58715198924494,62.11620005617575,62.44401168823242,126800,0.0,0.0,0.0
2020-01-03 00:00:00-05:00,62.284322213309366,63.21732676250989,62.20026907820475,63.208919525146484,164700,0.0,0.0,0.0
2020-01-06 00:00:00-05:00,63.20891249733381,63.64599901182989,63.040806245815276,63.45267105102539,124600,0.0,0.0,0.0
2020-01-07 00:00:00-05:00,63.32659418818192,63.32659418818192,62.39359606668554,62.69618606567383,51500,0.0,0.0,0.0
2020-01-08 00:00:00-05:00,62.797039314453734,63.03239060031875,62.578496086361255,62.88949966430664,219700,0.0,0.0,0.0
2020-01-09 00:00:00-05:00,62.889511877797844,63.091240674453054,62.670968607263056,62.96516418457031,136300,0.0,0.0,0.0
2020-01-10 00:00:00-05:00,62.855904261958095,63.57877290212781,62.855904261958095,63.4779052734375,430900,0.0,0.0,0.0
2020-01-13 00:00:00-05:00,63.48628390721438,64.22596669197411,63.47787667206717,64.20915222167969,59900,0.0,0.0,0.0
2020-01-14 00:00:00-05:00,64.36045721226859,64.36045721226859,63.46948257746533,63.93177795410156,51000,0.0,0.0,0.0
2020-01-15 00:00:00-05:00,64.04105441927035,64.66305523230687,64.04105441927035,64.48654174804688,41900,0.0,0.0,0.0
2020-01-16 00:00:00-05:00,64.72188651051897,65.28504943847656,64.52855857331775,65.28504943847656,51500,0.0,0.0,0.0
2020-01-17 00:00:00-05:00,65.23462703983884,65.46157112145114,65.18419644677888,65.32708740234375,26200,0.0,0.0,0.0
2020-01-21 00:00:00-05:00,65.36071881904624,66.13401794433594,65.36071881904624,66.13401794433594,59500,0.0,0.0,0.0
2020-01-22 00:00:00-05:00,66.15922392832215,66.39457524524032,65.36070961551515,65.5204086303711,40900,0.0,0.0,0.0
2020-01-23 00:00:00-05:00,65.4699792914019,66.10038736500984,65.35230363068915,66.06676483154297,37200,0.0,0.0,0.0
2020-01-24 00:00:00-05:00,66.09197998046875,66.26849347114269,65.84822142301162,66.09197998046875,37400,0.0,0.0,0.0
2020-01-27 00:00:00-05:00,65.90706640495557,66.13401049183987,65.7977915669972,65.96590423583984,42500,0.0,0.0,0.0
2020-01-28 00:00:00-05:00,65.82302112303846,66.31053834902673,65.68013013320038,66.0583724975586,34300,0.0,0.0,0.0
2020-01-29 00:00:00-05:00,66.25169339675959,66.33574653394895,65.69693756103516,65.69693756103516,24200,0.0,0.0,0.0
2020-01-30 00:00:00-05:00,65.56243980211543,66.14241728324376,65.39433354724703,66.04154968261719,71800,0.0,0.0,0.0
2020-01-31 00:00:00-05:00,65.9995037841235,66.19283170153676,65.57923183681216,65.62126159667969,41400,0.0,0.0,0.0
2020-02-03 00:00:00-05:00,65.7221450805664,66.20125495995525,65.66330725021488,65.7221450805664,49500,0.0,0.0,0.0
2020-02-04 00:00:00-05:00,65.8734432801617,66.30211615296845,65.70533061282738,66.06676483154297,31600,0.0,0.0,0.0
2020-02-05 00:00:00-05:00,66.10879450804825,66.20965569546358,65.69692969613641,65.80619812011719,124500,0.0,0.0,0.0
2020-02-06 00:00:00-05:00,65.96589679299696,66.4281921512582,65.96589679299696,66.2853012084961,68500,0.0,0.0,0.0
2020-02-07 00:00:00-05:00,66.42821498069699,66.63835105562661,66.2517014472974,66.36937713623047,23800,0.0,0.0,0.0
2020-02-10 00:00:00-05:00,66.5626835621359,66.97454833984375,66.48703126501454,66.97454833984375,26400,0.0,0.0,0.0
2020-02-11 00:00:00-05:00,67.04178519034184,67.32756704640842,66.78961944794328,66.93251037597656,25000,0.0,0.0,0.0
2020-02-12 00:00:00-05:00,67.20152337575709,67.52093435749556,66.77285034160013,67.2435531616211,46800,0.0,0.0,0.0
2020-02-13 00:00:00-05:00,67.0922331484894,68.01683042199078,67.0922331484894,67.81510162353516,77800,0.0,0.0,0.0
2020-02-14 00:00:00-05:00,68.00000176697418,68.84054565429688,67.95797200747167,68.84054565429688,27300,0.0,0.0,0.0
2020-02-18 00:00:00-05:00,68.8237533569336,69.01708133494843,68.38667321637043,68.8237533569336,30300,0.0,0.0,0.0
2020-02-19 00:00:00-05:00,68.94141938057052,68.94141938057052,67.60495743433177,67.63017272949219,51000,0.0,0.0,0.0
2020-02-20 00:00:00-05:00,67.69741980172704,68.5379638671875,67.3107703011563,68.5379638671875,42500,0.0,0.0,0.0
2020-02-21 00:00:00-05:00,68.67247017916601,68.97506665532636,68.36147287683329,68.79014587402344,29000,0.0,0.0,0.0
2020-02-24 00:00:00-05:00,67.65537426328493,69.03386569629524,67.65537426328493,68.52113342285156,40900,0.0,0.0,0.0
2020-02-25 00:00:00-05:00,68.58841360598302,68.6220361475285,66.54589070021458,66.62994384765625,59400,0.0,0.0,0.0
2020-02-26 00:00:00-05:00,66.73921868021671,67.48730259393864,66.36096989763693,66.36937713623047,34700,0.0,0.0,0.0
2020-02-27 00:00:00-05:00,65.59605931679032,66.01633134746208,62.553287506103516,62.553287506103516,104300,0.0,0.0,0.0
2020-02-28 00:00:00-05:00,61.11595097685929,61.51100766679522,58.96416047676414,60.78813934326172,248400,0.0,0.0,0.0
2020-03-02 00:00:00-05:00,61.35970940405495,62.906307220458984,60.645248316850015,62.906307220458984,133100,0.0,0.0,0.0
2020-03-03 00:00:00-05:00,62.99877950408621,64.56219208714371,62.494454312451495,63.03240203857422,73700,0.0,0.0,0.0
2020-03-04 00:00:00-05:00,63.965403912618804,65.56243896484375,63.965403912618804,65.56243896484375,32300,0.0,0.0,0.0
2020-03-05 00:00:00-05:00,64.9068216436315,65.46157745953069,64.30162881694653,64.86479187011719,34200,0.0,0.0,0.0
2020-03-06 00:00:00-05:00,63.797314135685376,64.08309612168435,61.86405966590783,63.923397064208984,64000,0.0,0.0,0.0
2020-03-09 00:00:00-04:00,60.51917468675558,61.351311543102575,58.83808650101238,59.787899017333984,49200,0.0,0.0,0.0
2020-03-10 00:00:00-04:00,61.08233717423136,61.300880432128906,58.241300472933084,61.300880432128906,105800,0.0,0.0,0.0
2020-03-11 00:00:00-04:00,60.23339547037208,60.23339547037208,56.787159405014805,57.05613327026367,69600,0.0,0.0,0.0
2020-03-12 00:00:00-04:00,53.15601682560473,55.08086061421199,50.600761678123476,50.89495086669922,218200,0.0,0.0,0.0
2020-03-13 00:00:00-04:00,53.265284068643254,54.71101788547207,50.54192270673154,54.25712966918945,95000,0.0,0.0,0.0
2020-03-16 00:00:00-04:00,48.995314359441714,49.516450782380424,44.23783507581251,44.45637512207031,307000,0.0,0.0,0.0
2020-03-17 00:00:00-04:00,44.88505850785178,47.406690936238476,43.07788731827274,46.50730895996094,145800,0.0,0.0,0.0
2020-03-18 00:00:00-04:00,43.59902213494035,45.18764999152689,39.86700743682561,41.59012222290039,136300,0.0,0.0,0.0
2020-03-19 00:00:00-04:00,40.96811885921293,43.44772126889637,39.883816253225,42.27936553955078,97900,0.0,0.0,0.0
2020-03-20 00:00:00-04:00,42.54834770879771,43.90162442207449,39.93425465988496,40.24525833129883,66400,0.0,0.0,0.0
2020-03-23 00:00:00-04:00,39.58962467612021,39.85859852378444,37.269724438410904,38.44648742675781,126000,0.0,0.0,0.0
2020-03-24 00:00:00-04:00,39.648458921222165,41.287520361692124,38.88356400985897,40.79159927368164,172200,0.0,0.0,0.0
2020-03-25 00:00:00-04:00,41.24430170243902,45.278700951742586,40.36947187254624,43.18930435180664,100500,0.503,0.0,0.0
2020-03-26 00:00:00-04:00,43.46959667107968,46.39984561179195,42.87505289122455,46.38285827636719,163800,0.0,0.0,0.0
2020-03-27 00:00:00-04:00,44.93896638692243,49.32159841051181,44.72662955779503,48.039085388183594,70100,0.0,0.0,0.0
2020-03-30 00:00:00-04:00,48.03908766756597,48.54869478565066,45.68639510040233,47.72482681274414,79100,0.0,0.0,0.0
2020-03-31 00:00:00-04:00,47.5464542958794,47.5464542958794,45.541994451722616,46.88396453857422,66600,0.0,0.0,0.0
2020-04-01 00:00:00-04:00,44.80306715689159,44.80306715689159,42.54380361564181,43.38465881347656,81800,0.0,0.0,0.0
2020-04-02 00:00:00-04:00,43.18081879510184,44.04715346869393,41.7029530013264,42.645729064941406,128100,0.0,0.0,0.0
2020-04-03 00:00:00-04:00,42.39941470875131,43.06190779107744,41.193343125034104,41.915287017822266,79800,0.0,0.0,0.0
2020-04-06 00:00:00-04:00,43.37616962292729,46.28093929278618,43.37616962292729,46.08558654785156,111300,0.0,0.0,0.0
2020-04-07 00:00:00-04:00,48.25142905442724,48.99885246606178,46.50177216809409,46.6716423034668,103800,0.0,0.0,0.0
2020-04-08 00:00:00-04:00,47.76729975891012,50.15396390715366,46.87548238650258,49.96710968017578,55700,0.0,0.0,0.0
2020-04-09 00:00:00-04:00,50.790963762555634,53.93354916505544,50.790963762555634,52.9567985534668,83000,0.0,0.0,0.0
2020-04-13 00:00:00-04:00,52.7104966796832,52.7104966796832,50.655074447957034,50.79946517944336,74500,0.0,0.0,0.0
2020-04-14 00:00:00-04:00,51.64880803507496,52.65953010784062,51.64880803507496,51.98005294799805,75100,0.0,0.0,0.0
2020-04-15 00:00:00-04:00,50.60411869290216,50.79097291417626,49.19419892508755,49.65284729003906,68300,0.0,0.0,0.0
2020-04-16 00:00:00-04:00,49.550919556547534,49.84818980321755,48.480743428532776,48.828975677490234,68000,0.0,0.0,0.0
2020-04-17 00:00:00-04:00,49.95011832654116,50.96933254447191,49.95011832654116,50.78247833251953,53300,0.0,0.0,0.0
2020-04-20 00:00:00-04:00,49.669834744037956,50.11149577355441,48.242930876370394,48.259918212890625,59000,0.0,0.0,0.0
2020-04-21 00:00:00-04:00,47.138774557801995,47.71633097374646,46.59519281103139,47.0368537902832,64900,0.0,0.0,0.0
2020-04-22 00:00:00-04:00,47.59741828021484,48.26840335166028,47.44453552368291,47.98811721801758,59700,0.0,0.0,0.0
2020-04-23 00:00:00-04:00,47.869218125102456,48.200463079849825,46.75657190787133,47.01987075805664,44300,0.0,0.0,0.0
2020-04-24 00:00:00-04:00,47.32563467166426,47.54646355376332,46.54423343653834,47.18973922729492,29600,0.0,0.0,0.0
2020-04-27 00:00:00-04:00,47.41057194404989,49.00734597454191,47.41057194404989,48.81199645996094,41200,0.0,0.0,0.0
2020-04-28 00:00:00-04:00,49.890659435304855,50.706032026606415,49.398036469725156,49.41502380371094,116500,0.0,0.0,0.0
2020-04-29 00:00:00-04:00,50.69753395184926,50.986312133722855,49.55940855740655,50.425743103027344,69600,0.0,0.0,0.0
2020-04-30 00:00:00-04:00,49.754764195864574,49.814218245043435,48.88842959925482,49.64434814453125,50200,0.0,0.0,0.0
2020-05-01 00:00:00-04:00,48.55717829177341,48.55717829177341,47.47851018957944,47.98811721801758,42800,0.0,0.0,0.0
2020-05-04 00:00:00-04:00,47.274663154273725,48.03058161400213,46.86697690318433,47.945648193359375,47000,0.0,0.0,0.0
2020-05-05 00:00:00-04:00,48.30238693935508,48.973372179744324,48.15799943294395,48.20046615600586,96700,0.0,0.0,0.0
2020-05-06 00:00:00-04:00,48.50623732430073,48.50623732430073,47.087825282891345,47.10481262207031,45600,0.0,0.0,0.0
2020-05-07 00:00:00-04:00,47.54645628137004,49.01582656136922,47.512481615473504,47.98811721801758,111700,0.0,0.0,0.0
2020-05-08 00:00:00-04:00,48.61664260359029,49.627364760071956,48.54020121427636,49.51694869995117,23100,0.0,0.0,0.0
2020-05-11 00:00:00-04:00,49.00734415270779,49.60188796281057,48.47225439961497,48.752540588378906,28600,0.0,0.0,0.0
2020-05-12 00:00:00-04:00,48.947885123619635,48.947885123619635,46.26394782264742,46.33189392089844,56600,0.0,0.0,0.0
2020-05-13 00:00:00-04:00,45.992168333077636,46.153543191367845,45.22775428853754,45.4061164855957,37700,0.0,0.0,0.0
2020-05-14 00:00:00-04:00,44.59074077317461,45.52502166480168,43.537548517882904,45.50803756713867,83100,0.0,0.0,0.0
2020-05-15 00:00:00-04:00,45.236243404480035,45.542009002468056,44.56526138667673,45.50803756713867,85500,0.0,0.0,0.0
2020-05-18 00:00:00-04:00,46.97740553999152,49.347082307426696,46.97740553999152,48.94789123535156,62800,0.0,0.0,0.0
2020-05-19 00:00:00-04:00,48.76952599985356,48.94789141569663,48.19197275046776,48.47225570678711,39700,0.0,0.0,0.0
2020-05-20 00:00:00-04:00,48.87992987824978,48.87992987824978,48.15798606656502,48.60813903808594,34300,0.0,0.0,0.0
2020-05-21 00:00:00-04:00,48.32786228228246,49.31310501285961,48.32786228228246,48.65910720825195,28000,0.0,0.0,0.0
2020-05-22 00:00:00-04:00,48.82047823603639,49.02432299618797,48.506220669138465,49.0073356628418,43400,0.0,0.0,0.0
2020-05-26 00:00:00-04:00,50.69754538364904,51.40250528424415,50.49370382106957,51.12221908569336,48200,0.0,0.0,0.0
2020-05-27 00:00:00-04:00,52.20088039045983,52.489658580540585,50.952342155701146,51.54688262939453,83900,0.0,0.0,0.0
2020-05-28 00:00:00-04:00,52.132936011440435,52.132936011440435,51.17317269518477,51.733741760253906,53800,0.0,0.0,0.0
2020-05-29 00:00:00-04:00,51.43648334412584,51.733753659125185,50.68056138312112,51.147705078125,47700,0.0,0.0,0.0
2020-06-01 00:00:00-04:00,51.24961998125478,52.51514897694173,51.13920391693236,52.25185012817383,30400,0.0,0.0,0.0
2020-06-02 00:00:00-04:00,52.42171311064736,52.79542473284805,52.19238896520514,52.58308792114258,35800,0.0,0.0,0.0
2020-06-03 00:00:00-04:00,53.016263752654154,54.63002512691443,53.016263752654154,54.477142333984375,56300,0.0,0.0,0.0
2020-06-04 00:00:00-04:00,54.222330970977104,54.222330970977104,53.38147573063649,53.89957809448242,48100,0.0,0.0,0.0
2020-06-05 00:00:00-04:00,55.3604543146279,56.999694775223865,55.3604543146279,56.30323028564453,58600,0.0,0.0,0.0
2020-06-08 00:00:00-04:00,57.29696431502403,57.75561260448379,56.617490407680286,57.61122512817383,102300,0.0,0.0,0.0
2020-06-09 00:00:00-04:00,56.9742160801511,56.9742160801511,55.75964923224071,56.515567779541016,41000,0.0,0.0,0.0
2020-06-10 00:00:00-04:00,56.37118936474569,56.37118936474569,54.68098337032432,54.84236145019531,44200,0.0,0.0,0.0
2020-06-11 00:00:00-04:00,52.47267124700612,53.10968167453696,51.461949201724785,51.54688262939453,107700,0.0,0.0,0.0
2020-06-12 00:00:00-04:00,53.56834269521459,53.56834269521459,51.65731095829635,53.27107238769531,37900,0.0,0.0,0.0
2020-06-15 00:00:00-04:00,51.62468842505897,54.20035924874384,51.547674838210945,53.77250671386719,79800,0.466,0.0,0.0
2020-06-16 00:00:00-04:00,55.5694845257451,56.048677234350365,54.52552338613131,54.85068893432617,62800,0.0,0.0,0.0
2020-06-17 00:00:00-04:00,55.26998189620585,55.61226519620988,53.746831330379834,53.82384490966797,23000,0.0,0.0,0.0
2020-06-18 00:00:00-04:00,53.318990153966205,53.65271464695957,53.04516476154825,53.46445846557617,35700,0.0,0.0,0.0
2020-06-19 00:00:00-04:00,54.27738111609473,54.27738111609473,51.5733528137207,51.5733528137207,40000,0.0,0.0,0.0
2020-06-22 00:00:00-04:00,51.7701637393643,51.932746549529234,50.794660349862234,51.7616081237793,41900,0.0,0.0,0.0
2020-06-23 00:00:00-04:00,52.20656773449619,52.20656773449619,51.18827982073775,51.299522399902344,48200,0.0,0.0,0.0
2020-06-24 00:00:00-04:00,50.649177458747715,50.72619103883727,48.86075388933971,49.956058502197266,70100,0.0,0.0,0.0
2020-06-25 00:00:00-04:00,49.613772426124676,50.786087289305215,49.613772426124676,50.751861572265625,41900,0.0,0.0,0.0
2020-06-26 00:00:00-04:00,50.74331881219001,50.8288912926073,49.91328696980862,50.13576889038086,28200,0.0,0.0,0.0
2020-06-29 00:00:00-04:00,50.46093038217981,50.84599506265111,49.7164646009553,50.794654846191406,54600,0.0,0.0,0.0
2020-06-30 00:00:00-04:00,50.75187399024355,51.76160633571774,50.75187399024355,51.4193229675293,50900,0.0,0.0,0.0
2020-07-01 00:00:00-04:00,51.48776939474098,53.413105686307595,51.333745494530795,53.284751892089844,70600,0.0,0.0,0.0
2020-07-02 00:00:00-04:00,53.952200938434906,54.28592537445063,52.608744316176164,52.89112854003906,86200,0.0,0.0,0.0
2020-07-06 00:00:00-04:00,53.83239987497117,53.86662885741047,52.283572694275236,52.30924606323242,58600,0.0,0.0,0.0
2020-07-07 00:00:00-04:00,51.753041743895174,51.753041743895174,50.99146476120438,51.00857925415039,26700,0.0,0.0,0.0
2020-07-08 00:00:00-04:00,50.98291486738468,51.3337538515043,50.66630160874161,50.86311340332031,20600,0.0,0.0,0.0
2020-07-09 00:00:00-04:00,50.76898806124941,50.76898806124941,49.86193942810153,50.460933685302734,45800,0.0,0.0,0.0
2020-07-10 00:00:00-04:00,50.1870988815594,51.11125857173267,50.1870988815594,50.67485046386719,25200,0.0,0.0,0.0
2020-07-13 00:00:00-04:00,50.75187475980791,51.22251195001133,50.28123430534832,50.375362396240234,51700,0.0,0.0,0.0
2020-07-14 00:00:00-04:00,50.25556149677891,51.19683909090783,50.25556149677891,50.84599685668945,18100,0.0,0.0,0.0
2020-07-15 00:00:00-04:00,51.290971613444555,51.539126919867236,50.94869147130724,51.27385711669922,31300,0.0,0.0,0.0
2020-07-16 00:00:00-04:00,50.880215768949455,51.2738392642717,50.4865922736272,50.65773391723633,28500,0.0,0.0,0.0
2020-07-17 00:00:00-04:00,50.888781876483534,51.564786405187,50.40103024466628,51.37653350830078,36600,0.0,0.0,0.0
2020-07-20 00:00:00-04:00,51.20539048744105,51.333747551056625,49.887603922776684,50.05018997192383,39300,0.0,0.0,0.0
2020-07-21 00:00:00-04:00,50.4010185539614,50.65772936417453,49.9303782602731,49.96460723876953,36000,0.0,0.0,0.0
2020-07-22 00:00:00-04:00,49.85337998390514,51.44499206542969,49.596669094942875,51.44499206542969,34900,0.0,0.0,0.0
2020-07-23 00:00:00-04:00,51.2481725499357,51.55622687595675,50.42669652338329,51.01713180541992,29600,0.0,0.0,0.0
2020-07-24 00:00:00-04:00,51.00002280886506,51.00858168787431,50.46948655924881,50.57217025756836,17400,0.0,0.0,0.0
2020-07-27 00:00:00-04:00,50.52082166701983,50.57216187554232,49.588103129215156,50.56360626220703,68600,0.0,0.0,0.0
2020-07-28 00:00:00-04:00,50.29834498307925,52.10388327532145,50.29834498307925,51.98408508300781,51600,0.0,0.0,0.0
2020-07-29 00:00:00-04:00,52.14667120047036,52.702880859375,51.770162105742614,52.702880859375,53300,0.0,0.0,0.0
2020-07-30 00:00:00-04:00,52.24079601141206,53.04516089929765,51.65891627882689,53.03660202026367,49000,0.0,0.0,0.0
2020-07-31 00:00:00-04:00,52.87401714420643,52.95103073120117,51.881399391971826,52.95103073120117,45900,0.0,0.0,0.0
2020-08-03 00:00:00-04:00,52.8141214311154,52.8141214311154,51.67603204648062,52.061100006103516,63900,0.0,0.0,0.0
2020-08-04 00:00:00-04:00,51.838603004193516,52.7370924719965,51.79581514894881,52.61729431152344,32200,0.0,0.0,0.0
2020-08-05 00:00:00-04:00,52.92535532269112,52.96814318601837,52.07820916260462,52.37770462036133,40700,0.0,0.0,0.0
2020-08-06 00:00:00-04:00,52.266473547925926,53.053720740457486,52.15523096141388,52.8740234375,52100,0.0,0.0,0.0
2020-08-07 00:00:00-04:00,52.70287809452436,53.84952307769564,52.70287809452436,53.7297248840332,26300,0.0,0.0,0.0
2020-08-10 00:00:00-04:00,53.772502399282615,54.551193819707436,53.64414534341638,54.06344223022461,72300,0.0,0.0,0.0
2020-08-11 00:00:00-04:00,54.345828910772255,54.765125841770896,53.053715659215555,53.224857330322266,45000,0.0,0.0,0.0
2020-08-12 00:00:00-04:00,53.43022595372305,53.49868392944336,52.88257520498435,53.49868392944336,36900,0.0,0.0,0.0
2020-08-13 00:00:00-04:00,53.164962840953066,53.84952632043033,52.46328486645686,52.54029846191406,95600,0.0,0.0,0.0
2020-08-14 00:00:00-04:00,52.677211639367115,53.28476152894119,52.46328534605882,52.8740234375,175600,0.0,0.0,0.0
2020-08-17 00:00:00-04:00,52.88257152723392,53.310424052962766,52.69431863560712,53.3018684387207,33400,0.0,0.0,0.0
2020-08-18 00:00:00-04:00,53.43022555345876,53.43022555345876,52.506065737949385,52.96814727783203,23000,0.0,0.0,0.0
2020-08-19 00:00:00-04:00,53.224846484433925,53.224846484433925,51.73591849274436,51.787261962890625,41500,0.0,0.0,0.0
2020-08-20 00:00:00-04:00,51.5647901299093,52.83123660547402,51.54767889971111,52.6258659362793,28300,0.0,0.0,0.0
2020-08-21 00:00:00-04:00,52.58308426938196,52.916808769240056,52.06965919984501,52.814125061035156,83900,0.0,0.0,0.0
2020-08-24 00:00:00-04:00,52.942472691898224,53.41310983576985,52.198010181982895,53.3874397277832,57400,0.0,0.0,0.0
2020-08-25 00:00:00-04:00,53.72116317272116,53.72116317272116,52.88257259703878,53.413108825683594,118300,0.0,0.0,0.0
2020-08-26 00:00:00-04:00,53.567140281469676,53.567140281469676,52.34348167416855,52.6258659362793,41100,0.0,0.0,0.0
2020-08-27 00:00:00-04:00,52.540292874026385,53.9179753018398,52.540292874026385,53.80673599243164,45000,0.0,0.0,0.0
2020-08-28 00:00:00-04:00,53.986422023831054,54.30303192138672,53.310414372511964,54.30303192138672,33300,0.0,0.0,0.0
2020-08-31 00:00:00-04:00,54.29448245986357,54.29448245986357,53.567131257244704,53.79817199707031,30500,0.0,0.0,0.0
2020-09-01 00:00:00-04:00,53.5928103380365,53.9693193999566,53.26764149204523,53.94364929199219,54900,0.0,0.0,0.0
2020-09-02 00:00:00-04:00,53.97788411024502,55.03039782156382,53.79818354231274,55.01328659057617,36100,0.0,0.0,0.0
2020-09-03 00:00:00-04:00,55.090291734801596,55.94599683087283,54.5169708872767,54.86781311035156,36600,0.0,0.0,0.0
2020-09-04 00:00:00-04:00,54.9533886527879,55.3641234903112,54.012110979985486,54.85926055908203,34400,0.0,0.0,0.0
2020-09-08 00:00:00-04:00,54.93625701404925,54.93625701404925,54.02921182586773,54.1832389831543,51600,0.0,0.0,0.0
2020-09-09 00:00:00-04:00,54.705225234882995,55.415462007860704,54.2688138224072,54.52552795410156,27300,0.0,0.0,0.0
2020-09-10 00:00:00-04:00,54.52553528159146,54.52553528159146,53.99499571809788,54.13190841674805,73800,0.0,0.0,0.0
2020-09-11 00:00:00-04:00,54.080555157539784,54.080555157539784,53.2761903906567,53.75538635253906,17500,0.0,0.0,0.0
2020-09-14 00:00:00-04:00,53.96076419705109,55.50959158641843,53.96076419705109,55.389793395996094,33200,0.0,0.0,0.0
2020-09-15 00:00:00-04:00,55.39834513924035,55.92888463994753,54.92771126159954,55.030391693115234,42300,0.0,0.0,0.0
2020-09-16 00:00:00-04:00,55.37268046922647,55.80053305192349,55.05606720776624,55.073184967041016,27700,0.0,0.0,0.0
2020-09-17 00:00:00-04:00,54.76512307813571,55.192975602183644,54.054886321373395,54.25170135498047,55400,0.0,0.0,0.0
2020-09-18 00:00:00-04:00,54.397178834441526,54.397178834441526,53.10506542984078,53.147850036621094,30500,0.0,0.0,0.0
2020-09-21 00:00:00-04:00,52.62586306415043,52.66864766582295,51.2396217315742,51.54767608642578,37100,0.0,0.0,0.0
2020-09-22 00:00:00-04:00,51.49632840903378,52.66864337345055,51.350856858095746,52.26646423339844,39500,0.0,0.0,0.0
2020-09-23 00:00:00-04:00,52.431171592031355,52.431171592031355,50.6202278137207,50.6202278137207,22400,0.471,0.0,0.0
2020-09-24 00:00:00-04:00,50.533991834385716,51.52570120693733,50.4132626842572,50.853065490722656,49900,0.0,0.0,0.0
2020-09-25 00:00:00-04:00,50.80131802658978,51.93962602973795,50.551234360389365,51.92237854003906,42400,0.0,0.0,0.0
2020-09-28 00:00:00-04:00,52.58639566287042,53.319399221573114,52.543278580504975,53.034820556640625,34600,0.0,0.0,0.0
2020-09-29 00:00:00-04:00,53.27627918173186,53.27627918173186,51.87064320804432,52.379432678222656,35200,0.0,0.0,0.0
2020-09-30 00:00:00-04:00,52.526027763818455,53.052064688388135,51.982743349470155,52.5777702331543,23900,0.0,0.0,0.0
2020-10-01 00:00:00-04:00,52.845108245279924,54.25074768066406,52.845108245279924,54.25074768066406,62900,0.0,0.0,0.0
2020-10-02 00:00:00-04:00,53.35389093840345,55.65637998155701,53.20729220036852,55.501155853271484,33000,0.0,0.0,0.0
2020-10-05 00:00:00-04:00,55.44942231402171,55.85472358762159,54.64742870983617,55.630516052246094,32400,0.0,0.0,0.0
2020-10-06 00:00:00-04:00,55.665009424374034,56.001327296936694,54.992370389625954,55.199337005615234,48000,0.0,0.0,0.0
2020-10-07 00:00:00-04:00,55.397675676041366,55.432170660767675,54.69917032825914,55.08723068237305,28900,0.0,0.0,0.0
2020-10-08 00:00:00-04:00,55.24244384467639,56.096179794510185,55.24244384467639,55.99269485473633,27900,0.0,0.0,0.0
2020-10-09 00:00:00-04:00,56.251419010227444,56.251419010227444,55.3718132342096,55.59602737426758,27000,0.0,0.0,0.0
2020-10-12 00:00:00-04:00,55.49252558246041,55.8719637691746,55.19070274268524,55.716739654541016,23400,0.0,0.0,0.0
2020-10-13 00:00:00-04:00,55.527026216806874,55.57014658941434,54.36284852810166,54.983741760253906,27400,0.0,0.0,0.0
2020-10-14 00:00:00-04:00,54.75090240156756,54.97511318043833,54.26798257603227,54.414581298828125,51700,0.0,0.0,0.0
2020-10-15 00:00:00-04:00,53.91442839282583,55.11310116970625,53.91442839282583,54.621559143066406,37500,0.0,0.0,0.0
2020-10-16 00:00:00-04:00,54.60431189608933,54.60431189608933,53.72470950508625,53.86268615722656,30100,0.0,0.0,0.0
2020-10-19 00:00:00-04:00,54.09551496730668,54.09551496730668,52.750240325927734,52.750240325927734,57800,0.0,0.0,0.0
2020-10-20 00:00:00-04:00,53.02620745679095,53.55224121433546,53.02620745679095,53.21592330932617,24800,0.0,0.0,0.0
2020-10-21 00:00:00-04:00,53.19868005891928,53.37977711343517,52.86236212708359,53.2590446472168,22200,0.0,0.0,0.0
2020-10-22 00:00:00-04:00,53.32802000678571,54.03515066692873,53.26765543503855,53.95753860473633,22700,0.0,0.0,0.0
2020-10-23 00:00:00-04:00,54.10414043335362,54.51807033367769,53.888551738000096,54.16450500488281,23200,0.0,0.0,0.0
2020-10-26 00:00:00-04:00,53.707451219879545,53.707451219879545,52.99169850873897,53.60396957397461,26900,0.0,0.0,0.0
2020-10-27 00:00:00-04:00,53.65572190386316,53.81956814746338,52.62089538574219,52.62089538574219,26100,0.0,0.0,0.0
2020-10-28 00:00:00-04:00,51.810285997578134,51.948262655390174,50.78408152107951,50.97380065917969,63700,0.0,0.0,0.0
2020-10-29 00:00:00-04:00,50.89618843918211,52.172473342728814,50.551245150819,51.93101501464844,45700,0.0,0.0,0.0
2020-10-30 00:00:00-04:00,51.56882254844176,52.14660204413371,51.26699964820014,52.0,28800,0.0,0.0,0.0
2020-11-02 00:00:00-05:00,52.47428770747957,53.49186662385442,52.02586611110443,53.44874954223633,46600,0.0,0.0,0.0
2020-11-03 00:00:00-05:00,54.12139077242451,55.320066817823715,54.017909108012475,55.03548812866211,40800,0.0,0.0,0.0
2020-11-04 00:00:00-05:00,55.190711530683714,55.354561060898995,54.319734561774126,54.69054412841797,27900,0.0,0.0,0.0
2020-11-05 00:00:00-05:00,55.03548947467925,55.061359069009264,54.311111226833084,54.5180778503418,33500,0.0,0.0,0.0
2020-11-06 00:00:00-05:00,54.59569468137404,55.2510830152983,53.914433461241885,54.05241012573242,28300,0.0,0.0,0.0
2020-11-09 00:00:00-05:00,56.75156028982615,61.710099778844686,56.60496157090856,56.70844650268555,103900,0.0,0.0,0.0
2020-11-10 00:00:00-05:00,57.26036574557457,58.898841344804396,56.855057896480034,58.80398178100586,131200,0.0,0.0,0.0
2020-11-11 00:00:00-05:00,58.89020886906384,58.89020886906384,57.993359106019,58.493526458740234,58000,0.0,0.0,0.0
2020-11-12 00:00:00-05:00,57.41557667432602,58.303800949796056,57.036138506457604,57.57080078125,32100,0.0,0.0,0.0
2020-11-13 00:00:00-05:00,57.682910908280725,59.12304181686572,57.682910908280725,59.045433044433594,23300,0.0,0.0,0.0
2020-11-16 00:00:00-05:00,60.175129657199584,60.7356617119629,58.959212552455725,59.82156753540039,40900,0.0,0.0,0.0
2020-11-17 00:00:00-05:00,59.25239736149877,59.90778884995088,58.821219962641194,59.64046096801758,38900,0.0,0.0,0.0
2020-11-18 00:00:00-05:00,59.62321895861475,59.81293809470009,57.81227493286133,57.81227493286133,24800,0.0,0.0,0.0
2020-11-19 00:00:00-05:00,57.7777784768555,58.070975985715,56.915423574215865,58.0364875793457,29900,0.0,0.0,0.0
2020-11-20 00:00:00-05:00,58.04509904038067,58.04509904038067,57.51906209004908,57.881256103515625,18600,0.0,0.0,0.0
2020-11-23 00:00:00-05:00,58.27795186232392,58.51941020708937,57.44146646849613,57.5018310546875,40400,0.0,0.0,0.0
2020-11-24 00:00:00-05:00,58.11408676376751,58.73498324379311,58.11408676376751,58.35554504394531,62300,0.0,0.0,0.0
2020-11-25 00:00:00-05:00,58.562515810633855,58.562515810633855,57.803639399441785,58.25206756591797,32700,0.0,0.0,0.0
2020-11-27 00:00:00-05:00,58.49352283176661,58.49352283176661,57.13100078128485,57.38108444213867,28800,0.0,0.0,0.0
2020-11-30 00:00:00-05:00,57.432828360594094,57.54493869530395,56.82918263232948,57.062015533447266,39000,0.0,0.0,0.0
2020-12-01 00:00:00-05:00,57.76913708201235,57.85537123253794,57.35521052779192,57.6915283203125,33900,0.0,0.0,0.0
2020-12-02 00:00:00-05:00,57.49319774068009,58.42454258151505,57.41558896023328,57.657047271728516,25000,0.0,0.0,0.0
2020-12-03 00:00:00-05:00,57.77777895602397,58.64875925710213,57.61392941780494,58.32106018066406,39400,0.0,0.0,0.0
2020-12-04 00:00:00-05:00,58.778101896951206,59.14890811693478,58.68324234975953,59.140289306640625,25100,0.0,0.0,0.0
2020-12-07 00:00:00-05:00,58.881589679887966,59.53698122560266,58.881589679887966,59.2696533203125,25200,0.0,0.0,0.0
2020-12-08 00:00:00-05:00,59.183399720811025,59.2437642856502,58.769473155983555,58.87295150756836,32800,0.0,0.0,0.0
2020-12-09 00:00:00-05:00,58.75225025117764,58.87297943813243,57.855400162908325,58.46767807006836,38300,0.0,0.0,0.0
2020-12-10 00:00:00-05:00,58.20033129354042,58.30381625173092,57.32935756760906,57.46733093261719,40200,0.0,0.0,0.0
2020-12-11 00:00:00-05:00,57.26036816067948,57.72604060826441,57.217247782863005,57.70878982543945,23300,0.0,0.0,0.0
2020-12-14 00:00:00-05:00,58.3964737828374,58.745110777152064,57.472591400146484,57.472591400146484,36000,0.709,0.0,0.0
2020-12-15 00:00:00-05:00,57.62948200902797,58.83227274685004,57.17625188773983,58.82355499267578,38700,0.0,0.0,0.0
2020-12-16 00:00:00-05:00,59.05889451049942,59.56441126511347,58.75383957675848,58.971736907958984,69300,0.0,0.0,0.0
2020-12-17 00:00:00-05:00,59.2593488885098,59.477246192342804,58.797407668335495,59.40752410888672,44300,0.0,0.0,0.0
2020-12-18 00:00:00-05:00,59.625410002170284,59.625410002170284,57.80378543288872,58.134986877441406,55600,0.0,0.0,0.0
2020-12-21 00:00:00-05:00,57.52488273465068,57.96939505406097,56.923484105430724,57.91709518432617,45400,0.0,0.0,0.0
2020-12-22 00:00:00-05:00,57.91709441016733,58.43133544921875,57.6991971299941,58.43133544921875,37600,0.0,0.0,0.0
2020-12-23 00:00:00-05:00,58.2831632043982,58.87584403493139,57.655618013281085,57.829933166503906,32800,0.0,0.0,0.0
2020-12-24 00:00:00-05:00,58.012970291260096,58.3354606628418,57.76892639912144,58.3354606628418,11200,0.0,0.0,0.0
2020-12-28 00:00:00-05:00,58.483625735070085,58.69280525162889,58.2221530017958,58.6579475402832,51800,0.0,0.0,0.0
2020-12-29 00:00:00-05:00,58.666657493627476,59.09374092075772,58.10012992445319,58.291873931884766,34300,0.0,0.0,0.0
2020-12-30 00:00:00-05:00,58.3006007815418,58.96301043233855,58.3006007815418,58.605655670166016,18600,0.0,0.0,0.0
2020-12-31 00:00:00-05:00,58.396460736728535,59.21575649287792,58.161134641715456,59.13731002807617,24400,0.0,0.0,0.0
2021-01-04 00:00:00-05:00,59.26806499207636,59.39008694684893,56.88862357461567,56.94963455200195,182600,0.0,0.0,0.0
2021-01-05 00:00:00-05:00,57.10651074463433,57.3679901154585,56.87118463064988,56.89733123779297,38900,0.0,0.0,0.0
2021-01-06 00:00:00-05:00,57.28954828899142,57.9519511457555,56.845036034026165,57.76020050048828,28800,0.0,0.0,0.0
2021-01-07 00:00:00-05:00,57.78636837899498,57.78636837899498,56.827614910050585,57.193687438964844,36800,0.0,0.0,0.0
2021-01-08 00:00:00-05:00,57.09780457086343,57.71663204222283,56.98449373053329,57.67304992675781,34400,0.0,0.0,0.0
2021-01-11 00:00:00-05:00,57.48130807714139,57.69049428383063,56.86248051084006,57.0716667175293,42900,0.0,0.0,0.0
2021-01-12 00:00:00-05:00,56.96705964084897,57.376707549677576,56.83631995616163,57.245967864990234,70200,0.0,0.0,0.0
2021-01-13 00:00:00-05:00,57.28083655405536,58.32674081122041,57.28083655405536,58.230865478515625,74800,0.0,0.0,0.0
2021-01-14 00:00:00-05:00,58.326747217499346,58.71024859044012,58.126285426878724,58.3528938293457,18700,0.0,0.0,0.0
2021-01-15 00:00:00-05:00,58.41390593589056,59.372659386772966,58.10013993797208,59.19833755493164,32200,0.0,0.0,0.0
2021-01-19 00:00:00-05:00,59.53825063291474,59.53825063291474,58.196002590745834,58.2483024597168,41600,0.0,0.0,0.0
2021-01-20 00:00:00-05:00,58.309314172898645,59.8607417615699,58.01297041062245,59.66899108886719,38100,0.0,0.0,0.0
2021-01-21 00:00:00-05:00,59.607982695316096,59.607982695316096,58.84098662100989,59.49467849731445,33800,0.0,0.0,0.0
2021-01-22 00:00:00-05:00,59.37266273323173,59.76487524000981,58.99787908577115,59.660282135009766,55700,0.0,0.0,0.0
2021-01-25 00:00:00-05:00,59.39880934705715,60.13965888747038,59.12861215489829,59.660282135009766,41500,0.0,0.0,0.0
2021-01-26 00:00:00-05:00,59.86073788688025,60.17451048559336,59.54696528816715,59.782291412353516,29400,0.0,0.0,0.0
2021-01-27 00:00:00-05:00,59.19834426298303,59.703867658059245,58.13500424220157,58.422630310058594,63900,0.0,0.0,0.0
2021-01-28 00:00:00-05:00,58.67537967898587,59.764866086163785,58.230867362942035,59.05016326904297,30200,0.0,0.0,0.0
2021-01-29 00:00:00-05:00,58.67537639595605,59.54696547293086,57.960673618824586,58.6579475402832,39900,0.0,0.0,0.0
2021-02-01 00:00:00-05:00,59.111163447112794,60.0350456237793,58.36159640388281,60.0350456237793,36100,0.0,0.0,0.0
2021-02-02 00:00:00-05:00,60.26166579564368,60.409834336767325,59.729995948367865,59.982757568359375,28300,0.0,0.0,0.0
2021-02-03 00:00:00-05:00,59.86073822626436,60.26166840473822,59.05016011660937,60.10478210449219,39300,0.0,0.0,0.0
2021-02-04 00:00:00-05:00,60.13092387933636,60.96764853015669,60.13092387933636,60.592864990234375,31700,0.0,0.0,0.0
2021-02-05 00:00:00-05:00,61.028664903093116,61.028664903093116,60.45341956391881,60.793338775634766,30500,0.0,0.0,0.0
2021-02-08 00:00:00-05:00,60.87178961325736,61.04611145188818,60.31397302903517,60.958953857421875,33500,0.0,0.0,0.0
2021-02-09 00:00:00-05:00,61.06353581051294,61.29015085918235,60.828209657827664,61.28143310546875,23800,0.0,0.0,0.0
2021-02-10 00:00:00-05:00,61.40343972562048,62.24888208288532,61.386010872243176,61.882816314697266,35300,0.0,0.0,0.0
2021-02-11 00:00:00-05:00,62.24018779448055,62.492942810058594,61.647506874105495,62.492942810058594,37000,0.0,0.0,0.0
2021-02-12 00:00:00-05:00,62.405775808214145,62.42321131336789,61.926405811635824,62.414493560791016,25400,0.0,0.0,0.0
2021-02-16 00:00:00-05:00,62.553949084489396,62.553949084489396,61.5690557591147,61.96998596191406,40100,0.0,0.0,0.0
2021-02-17 00:00:00-05:00,61.88284116543725,62.15303172431233,61.386035523477325,61.91770553588867,17700,0.0,0.0,0.0
2021-02-18 00:00:00-05:00,61.90896740795514,62.05713594634057,61.68235239944436,61.85667419433594,16600,0.0,0.0,0.0
2021-02-19 00:00:00-05:00,62.10072376216627,62.37963200991724,61.68235806569124,62.1181526184082,70900,0.0,0.0,0.0
2021-02-22 00:00:00-05:00,62.17045600450867,62.876441091955954,61.882829987512544,62.64982604980469,89900,0.0,0.0,0.0
2021-02-23 00:00:00-05:00,62.84157188499842,63.87004727433758,62.84157188499842,63.69573211669922,118500,0.0,0.0,0.0
2021-02-24 00:00:00-05:00,63.62599295772095,64.297113519217,63.556264246223826,64.21867370605469,40900,0.0,0.0,0.0
2021-02-25 00:00:00-05:00,64.35812810829785,64.7503471453132,62.641103376311165,62.95487594604492,58300,0.0,0.0,0.0
2021-02-26 00:00:00-05:00,63.137903102583415,63.137903102583415,61.4906005859375,61.4906005859375,33400,0.0,0.0,0.0
2021-03-01 00:00:00-05:00,62.222752678503745,62.98974878335493,61.83054019698053,61.84796905517578,95700,0.0,0.0,0.0
2021-03-02 00:00:00-05:00,61.839246811979706,62.21403040810008,61.14197948992378,61.87411117553711,36300,0.0,0.0,0.0
2021-03-03 00:00:00-05:00,61.87410304897682,62.30118645918878,61.53418386105893,61.85667419433594,27500,0.0,0.0,0.0
2021-03-04 00:00:00-05:00,61.83923560399496,62.283747846665015,60.627727451167495,61.2291259765625,39500,0.0,0.0,0.0
2021-03-05 00:00:00-05:00,61.78695635293003,62.109446742976026,60.619030045197206,61.95256042480469,70800,0.0,0.0,0.0
2021-03-08 00:00:00-05:00,62.353493066489385,63.599865906477746,61.952562826662785,63.15535354614258,27700,0.0,0.0,0.0
2021-03-09 00:00:00-05:00,63.42553443183017,63.90491108575503,63.11176848072121,63.120479583740234,22300,0.0,0.0,0.0
2021-03-10 00:00:00-05:00,63.35581290451651,64.06179793755798,62.64982122177802,63.69573211669922,32000,0.0,0.0,0.0
2021-03-11 00:00:00-05:00,64.06179936912422,64.3668542266568,63.57371159707208,63.826473236083984,52600,0.0,0.0,0.0
2021-03-12 00:00:00-05:00,63.57371296020842,65.3517555747049,63.57371296020842,65.33432006835938,82700,0.0,0.0,0.0
2021-03-15 00:00:00-04:00,65.6568056180685,66.72885644019918,65.29073980805788,66.3802261352539,56000,0.0,0.0,0.0
2021-03-16 00:00:00-04:00,66.25817511322127,66.42377910678292,65.36915749712597,65.79623413085938,48800,0.0,0.0,0.0
2021-03-17 00:00:00-04:00,65.62194512296054,65.9269999826047,65.16871506032018,65.89213562011719,38700,0.0,0.0,0.0
2021-03-18 00:00:00-04:00,65.45633302549432,65.61321931257375,65.10769609312929,65.38660430908203,40000,0.0,0.0,0.0
2021-03-19 00:00:00-04:00,65.58707486915343,65.58707486915343,63.78288583309283,63.80903244018555,51000,0.0,0.0,0.0
2021-03-22 00:00:00-04:00,63.91361890537466,64.38427773343638,63.62599295772095,64.21867370605469,33800,0.0,0.0,0.0
2021-03-23 00:00:00-04:00,64.42785012674997,64.86364457833734,64.14022419277535,64.48886108398438,34300,0.0,0.0,0.0
2021-03-24 00:00:00-04:00,64.4539987355059,65.21228349875386,64.31454796450038,64.4104232788086,70700,0.0,0.0,0.0
2021-03-25 00:00:00-04:00,64.53059466689905,64.87267557811471,63.30260864849095,64.73233795166016,50500,0.467,0.0,0.0
2021-03-26 00:00:00-04:00,65.11828047613798,65.78490269722606,64.86391138267034,65.7322769165039,29100,0.0,0.0,0.0
2021-03-29 00:00:00-04:00,65.70595575297793,65.72349544701474,64.77619136137486,65.32878875732422,29100,0.0,0.0,0.0
2021-03-30 00:00:00-04:00,65.53051847557673,65.79366070241194,65.346321593586,65.55683135986328,14100,0.0,0.0,0.0
2021-03-31 00:00:00-04:00,65.89015075753638,65.89015075753638,64.83758846201896,64.90776062011719,40500,0.0,0.0,0.0
2021-04-01 00:00:00-04:00,65.19722126854339,66.24977696111485,65.03933724545908,66.19715118408203,48700,0.0,0.0,0.0
2021-04-05 00:00:00-04:00,66.66202460753237,66.66202460753237,65.35509994621955,66.0655746459961,36300,0.0,0.0,0.0
2021-04-06 00:00:00-04:00,66.10944187924673,66.46028932900202,65.90769857284991,66.45152282714844,48500,0.0,0.0,0.0
2021-04-07 00:00:00-04:00,66.45150676430971,66.9076123539322,66.27607638985143,66.81990051269531,54200,0.0,0.0,0.0
2021-04-08 00:00:00-04:00,66.91641748523168,67.05675515979773,66.6006493524734,66.66204833984375,49900,0.0,0.0,0.0
2021-04-09 00:00:00-04:00,66.57430757047784,66.8199034133964,66.37256430408912,66.52167510986328,21300,0.0,0.0,0.0
2021-04-12 00:00:00-04:00,66.41645014117924,66.8462430382168,66.1006820191144,66.79361724853516,32700,0.0,0.0,0.0
2021-04-13 00:00:00-04:00,66.85501655390176,67.39883422851562,66.69713249211345,67.39883422851562,55900,0.0,0.0,0.0
2021-04-14 00:00:00-04:00,67.61811695216001,67.61811695216001,66.76730435369434,66.79361724853516,37600,0.0,0.0,0.0
2021-04-15 00:00:00-04:00,67.06551243585142,67.82861969087061,66.76729076569738,67.81107330322266,27500,0.0,0.0,0.0
2021-04-16 00:00:00-04:00,67.97774444806218,68.29351257053476,67.81108719120512,67.9689712524414,46200,0.0,0.0,0.0
2021-04-19 00:00:00-04:00,68.09175099097968,68.26718139648438,67.75844325849933,68.26718139648438,60300,0.0,0.0,0.0
2021-04-20 00:00:00-04:00,68.38121967573049,69.37237656806472,68.3198206946476,69.19695281982422,50300,0.0,0.0,0.0
2021-04-21 00:00:00-04:00,69.19694119068622,69.85479017401153,69.03028397347498,69.67059326171875,85800,0.0,0.0,0.0
2021-04-22 00:00:00-04:00,69.86356139888865,70.0038990315442,69.37236295462995,69.42499542236328,44100,0.0,0.0,0.0
2021-04-23 00:00:00-04:00,69.46010528857585,69.61798936186827,69.22327583264321,69.45133209228516,33200,0.0,0.0,0.0
2021-04-26 00:00:00-04:00,69.64426944452798,70.13546113356428,69.45129936898232,69.58287048339844,36300,0.0,0.0,0.0
2021-04-27 00:00:00-04:00,69.66182469505716,69.74953656026243,69.37236951709207,69.60042572021484,24900,0.0,0.0,0.0
2021-04-28 00:00:00-04:00,69.86357331282424,69.86357331282424,69.10046597442144,69.14432525634766,40000,0.0,0.0,0.0
2021-04-29 00:00:00-04:00,69.13554443337493,70.08284860576902,69.13554443337493,69.53902435302734,34300,0.0,0.0,0.0
2021-04-30 00:00:00-04:00,69.16185467277829,70.03898664501895,69.10045570240088,69.85478973388672,35800,0.0,0.0,0.0
2021-05-03 00:00:00-04:00,70.17056967781198,70.17056967781198,69.5039473921164,69.5741195678711,36600,0.0,0.0,0.0
2021-05-04 00:00:00-04:00,69.48639526668006,69.77585042090949,68.8109999068114,69.05660247802734,41300,0.0,0.0,0.0
2021-05-05 00:00:00-04:00,69.0478273192867,69.0478273192867,67.60055828131972,67.87246704101562,85200,0.0,0.0,0.0
2021-05-06 00:00:00-04:00,67.65319491098566,68.77592959448356,67.65319491098566,68.72329711914062,59100,0.0,0.0,0.0
2021-05-07 00:00:00-04:00,68.65310053713674,69.46006684960776,68.65310053713674,69.43375396728516,61000,0.0,0.0,0.0
2021-05-10 00:00:00-04:00,69.76708656457566,70.57404647346759,69.67937469482422,69.67937469482422,50200,0.0,0.0,0.0
2021-05-11 00:00:00-04:00,69.3636057343427,69.3636057343427,68.43384118915394,68.88995361328125,73700,0.0,0.0,0.0
2021-05-12 00:00:00-04:00,68.9513302203275,68.98641629479928,67.1356676913158,67.18829345703125,42800,0.0,0.0,0.0
2021-05-13 00:00:00-04:00,67.26724900014285,68.83731593797165,67.26724900014285,68.40751647949219,39600,0.0,0.0,0.0
2021-05-14 00:00:00-04:00,68.60050629921327,69.03029918929906,68.57419340479805,68.90750122070312,40100,0.0,0.0,0.0
2021-05-17 00:00:00-04:00,68.88118056805395,69.27589401578696,68.81978159067148,69.08292388916016,44400,0.0,0.0,0.0
2021-05-18 00:00:00-04:00,69.09169039165292,69.39869197055191,68.88118056805395,69.08292388916016,23100,0.0,0.0,0.0
2021-05-19 00:00:00-04:00,68.48645830268691,68.72328096410594,67.75843724145952,68.69696807861328,111500,0.0,0.0,0.0
2021-05-20 00:00:00-04:00,68.77592290798643,69.6091956260529,68.77592290798643,69.51271057128906,38500,0.0,0.0,0.0
2021-05-21 00:00:00-04:00,69.67937501120912,69.88111164335474,69.0566120335635,69.30220794677734,41300,0.0,0.0,0.0
2021-05-24 00:00:00-04:00,69.39868202137264,70.47755056813615,69.39868202137264,70.17932891845703,62200,0.0,0.0,0.0
2021-05-25 00:00:00-04:00,70.61790088967837,70.61790088967837,69.89865290008474,70.34598541259766,53000,0.0,0.0,0.0
2021-05-26 00:00:00-04:00,70.66176564589618,70.88982188440819,70.30214493515358,70.45125579833984,156800,0.0,0.0,0.0
2021-05-27 00:00:00-04:00,70.72315638852434,70.74070277743526,69.96005577056549,70.04776763916016,31300,0.0,0.0,0.0
2021-05-28 00:00:00-04:00,70.31967833138845,70.91612842266125,70.22319326574235,70.68807220458984,19400,0.0,0.0,0.0
2021-06-01 00:00:00-04:00,70.9248894559684,71.95990541652834,70.67929358261276,71.91604614257812,109700,0.0,0.0,0.0
2021-06-02 00:00:00-04:00,72.38970395205737,72.89844212560297,71.94236475173375,72.8282699584961,65300,0.0,0.0,0.0
2021-06-03 00:00:00-04:00,72.85458044118707,72.85458044118707,72.20550464685812,72.37216186523438,36600,0.0,0.0,0.0
2021-06-04 00:00:00-04:00,72.486182091179,72.486182091179,71.95113107902698,72.26689910888672,25400,0.0,0.0,0.0
2021-06-07 00:00:00-04:00,72.58268851259996,73.30193663864048,72.40726475190228,72.99494171142578,43300,0.0,0.0,0.0
2021-06-08 00:00:00-04:00,73.18789955864646,73.59137949400595,73.17035317033418,73.45980834960938,37900,0.0,0.0,0.0
2021-06-09 00:00:00-04:00,73.77556699569152,74.07378863904331,73.54751082066716,73.8018798828125,36900,0.0,0.0,0.0
2021-06-10 00:00:00-04:00,74.08410741233558,74.7808516109281,73.73132460271283,74.49862670898438,44500,0.46,0.0,0.0
2021-06-11 00:00:00-04:00,74.7544100321741,74.7544100321741,74.01356530097458,74.46336364746094,53800,0.0,0.0,0.0
2021-06-14 00:00:00-04:00,74.63973225004429,74.87786349495624,74.25167723378777,74.8337631225586,44800,0.0,0.0,0.0
2021-06-15 00:00:00-04:00,75.02778821596496,75.02778821596496,74.09291960633864,74.11937713623047,79600,0.0,0.0,0.0
2021-06-16 00:00:00-04:00,74.4280804023219,74.61328989226844,73.61668452385896,73.67842102050781,70200,0.0,0.0,0.0
2021-06-17 00:00:00-04:00,73.53729750350033,73.8107077276268,73.16687856229089,73.77542877197266,67700,0.0,0.0,0.0
2021-06-18 00:00:00-04:00,73.35209629958425,73.81071604600132,72.48778533935547,72.48778533935547,44900,0.0,0.0,0.0
2021-06-21 00:00:00-04:00,72.87584607812819,74.34871415939104,72.65535760995536,74.16349792480469,41300,0.0,0.0,0.0
2021-06-22 00:00:00-04:00,74.30458657424484,74.42805953292108,73.9694466476624,74.11937713623047,47300,0.0,0.0,0.0
2021-06-23 00:00:00-04:00,74.10175365341235,74.53391585043688,73.77543506114594,74.3575210571289,23200,0.0,0.0,0.0
2021-06-24 00:00:00-04:00,74.48097765667337,74.48097765667337,73.74013987413962,74.13701629638672,51700,0.0,0.0,0.0
2021-06-25 00:00:00-04:00,74.22523554623429,74.70148468017578,74.0841197074564,74.70148468017578,52200,0.0,0.0,0.0
2021-06-28 00:00:00-04:00,74.710302777556,74.7455817356805,73.65196094891407,74.23404693603516,99000,0.0,0.0,0.0
2021-06-29 00:00:00-04:00,74.32222981538628,74.49862457954187,73.89007441855651,73.96063232421875,48900,0.0,0.0,0.0
2021-06-30 00:00:00-04:00,73.8459926953573,74.43690011093358,73.38737296328816,73.49320983886719,52600,0.0,0.0,0.0
2021-07-01 00:00:00-04:00,73.58139199224954,74.55153964440242,73.25506672514089,73.96063232421875,87800,0.0,0.0,0.0
2021-07-02 00:00:00-04:00,74.31340144185835,74.47215333598432,73.96061870727053,74.43687438964844,64900,0.0,0.0,0.0
2021-07-06 00:00:00-04:00,74.48098238663643,75.59224585978046,73.83715999599171,75.4687728881836,131700,0.0,0.0,0.0
2021-07-07 00:00:00-04:00,75.6098973433109,76.02440995032555,75.13364151466799,75.78628540039062,109700,0.0,0.0,0.0
2021-07-08 00:00:00-04:00,75.18655911802523,75.9009395206606,75.02780716979812,75.64517211914062,44600,0.0,0.0,0.0
2021-07-09 00:00:00-04:00,76.1655077187386,77.0474612525556,75.87446143767383,77.02100372314453,54100,0.0,0.0,0.0
2021-07-12 00:00:00-04:00,77.13566281873902,77.76184908165678,76.91517441367903,77.72657012939453,161600,0.0,0.0,0.0
2021-07-13 00:00:00-04:00,77.59429936794575,77.67367198124258,76.46539283601547,76.75643920898438,225500,0.0,0.0,0.0
2021-07-14 00:00:00-04:00,76.86226513612584,77.80595531167599,76.80052864721219,77.63838195800781,46700,0.0,0.0,0.0
2021-07-15 00:00:00-04:00,77.58546277071959,77.97352452544327,77.43553226685718,77.91178131103516,70600,0.0,0.0,0.0
2021-07-16 00:00:00-04:00,78.25574551207687,78.64380051864453,78.08817217567623,78.3174819946289,106500,0.0,0.0,0.0
2021-07-19 00:00:00-04:00,77.85006291583585,77.85006291583585,76.13907703257796,76.6506118774414,93900,0.0,0.0,0.0
2021-07-20 00:00:00-04:00,77.03865336238653,79.06714953791075,76.94163791832747,78.79373931884766,293500,0.0,0.0,0.0
2021-07-21 00:00:00-04:00,78.84666221073296,79.1729807736701,78.38804251812594,78.50270080566406,127600,0.0,0.0,0.0
2021-07-22 00:00:00-04:00,78.3527536384285,78.37039647832559,77.85004036171155,78.25574493408203,37700,0.0,0.0,0.0
2021-07-23 00:00:00-04:00,78.57325828834563,79.11125062736672,78.44978529861358,79.08479309082031,128300,0.0,0.0,0.0
2021-07-26 00:00:00-04:00,78.92602113037361,79.26116778504402,78.42330787713958,78.88192749023438,62900,0.0,0.0,0.0
2021-07-27 00:00:00-04:00,78.59088403829789,79.62276811181141,78.49386860621318,79.28762817382812,75000,0.0,0.0,0.0
2021-07-28 00:00:00-04:00,79.37582534826869,79.50811973627022,78.83783310482866,79.11123657226562,74300,0.0,0.0,0.0
2021-07-29 00:00:00-04:00,79.36700554531348,79.9049977997161,79.27881152777269,79.490478515625,106900,0.0,0.0,0.0
2021-07-30 00:00:00-04:00,79.7903502747673,80.68112537303988,79.33173059438491,79.4111099243164,198500,0.0,0.0,0.0
2021-08-02 00:00:00-04:00,79.79916477078922,80.46062997147,79.09359919855426,79.18179321289062,103900,0.0,0.0,0.0
2021-08-03 00:00:00-04:00,79.22591231234314,79.31410634752734,78.51152515117181,79.04070281982422,101300,0.0,0.0,0.0
2021-08-04 00:00:00-04:00,79.1288730131888,79.1288730131888,78.22927663055023,78.43212890625,73300,0.0,0.0,0.0
2021-08-05 00:00:00-04:00,78.70553380392244,79.2170684835859,78.3439363433132,79.19943237304688,80700,0.0,0.0,0.0
2021-08-06 00:00:00-04:00,79.42874802410368,79.59632138021668,78.60853081441425,78.69673156738281,79200,0.0,0.0,0.0
2021-08-09 00:00:00-04:00,78.62618398994233,78.62618398994233,77.99117616624024,78.3615951538086,61400,0.0,0.0,0.0
2021-08-10 00:00:00-04:00,78.40568363615898,78.44977728297327,77.29442011334102,77.38261413574219,61600,0.0,0.0,0.0
2021-08-11 00:00:00-04:00,77.63837781793231,77.75303609749538,77.25913748375075,77.40025329589844,44400,0.0,0.0,0.0
2021-08-12 00:00:00-04:00,77.58546511133595,77.58546511133595,77.18858192418466,77.55018615722656,47500,0.0,0.0,0.0
2021-08-13 00:00:00-04:00,77.59429557592671,78.14110260642322,77.49728012301154,78.12346649169922,45300,0.0,0.0,0.0
2021-08-16 00:00:00-04:00,78.05290857525668,78.59090091277783,77.93825700761751,78.12346649169922,99300,0.0,0.0,0.0
2021-08-17 00:00:00-04:00,77.90297050401662,78.11463750406972,77.37379963949755,78.02644348144531,46700,0.0,0.0,0.0
2021-08-18 00:00:00-04:00,77.92060444568179,78.06172026096658,77.3914335959087,77.58546447753906,45900,0.0,0.0,0.0
2021-08-19 00:00:00-04:00,77.43554208103826,78.10582208752938,76.97692236209895,77.74422454833984,44000,0.0,0.0,0.0
2021-08-20 00:00:00-04:00,77.71776856531451,78.43214896516875,77.10039688960221,78.12346649169922,30900,0.0,0.0,0.0
2021-08-23 00:00:00-04:00,78.2733948821385,78.39686786815777,77.41789867273847,77.68248748779297,103400,0.0,0.0,0.0
2021-08-24 00:00:00-04:00,77.81478452503285,77.81478452503285,76.82699387472368,77.4443588256836,50900,0.0,0.0,0.0
2021-08-25 00:00:00-04:00,77.49724998625729,78.33510304967909,77.17092479619025,77.7353744506836,49900,0.0,0.0,0.0
2021-08-26 00:00:00-04:00,77.8147701872071,78.1851890895312,77.61191789568367,77.8588638305664,124900,0.0,0.0,0.0
2021-08-27 00:00:00-04:00,78.0088021575663,78.89957727958272,78.0088021575663,78.50270080566406,55500,0.0,0.0,0.0
2021-08-30 00:00:00-04:00,78.5556023254875,79.47283482372738,78.30865640841745,79.3934555053711,51100,0.0,0.0,0.0
2021-08-31 00:00:00-04:00,79.18180040579907,79.86972320039477,79.06714884962399,79.86090850830078,64200,0.0,0.0,0.0
2021-09-01 00:00:00-04:00,80.09022626123071,81.13093206423298,80.03731118390353,81.05155944824219,63000,0.0,0.0,0.0
2021-09-02 00:00:00-04:00,81.28966504983678,81.58953278516607,80.68993630795048,81.5807113647461,33300,0.0,0.0,0.0
2021-09-03 00:00:00-04:00,81.66891003292915,81.66891003292915,80.56646792468557,81.466064453125,40800,0.0,0.0,0.0
2021-09-07 00:00:00-04:00,81.4748583153534,81.4748583153534,79.46400550061684,80.07255554199219,96000,0.0,0.0,0.0
2021-09-08 00:00:00-04:00,79.88736385073345,81.28085224343313,79.82562736390611,80.96334838867188,39600,0.0,0.0,0.0
2021-09-09 00:00:00-04:00,80.92808075423069,80.92808075423069,79.666886579409,79.69334411621094,140900,0.0,0.0,0.0
2021-09-10 00:00:00-04:00,79.90501450994662,79.90501450994662,78.90840911865234,78.90840911865234,106100,0.0,0.0,0.0
2021-09-13 00:00:00-04:00,79.42874431597909,80.07257344721975,79.17297694761075,79.22589874267578,111800,0.0,0.0,0.0
2021-09-14 00:00:00-04:00,79.50813669538373,79.50813669538373,78.45860951648504,78.97896575927734,57600,0.0,0.0,0.0
2021-09-15 00:00:00-04:00,79.19945549329732,79.50813798362974,78.83785119835532,78.90840911865234,42700,0.0,0.0,0.0
2021-09-16 00:00:00-04:00,78.7319881204826,79.39345326342934,78.34393314551838,78.95247650146484,3070100,0.0,0.0,0.0
2021-09-17 00:00:00-04:00,78.74963955868357,78.91721289973624,77.62955469286635,77.72657012939453,46200,0.0,0.0,0.0
2021-09-20 00:00:00-04:00,76.94163132039861,78.20282525624333,76.76524328929293,77.76184844970703,88700,0.0,0.0,0.0
2021-09-21 00:00:00-04:00,78.20282398690483,78.89956813737574,77.80594755897283,77.83240509033203,142000,0.0,0.0,0.0
2021-09-22 00:00:00-04:00,78.37038829418796,78.53796161185139,78.00878413055027,78.09698486328125,52900,0.0,0.0,0.0
2021-09-23 00:00:00-04:00,78.48505879562421,78.75846902138301,78.17637634277344,78.17637634277344,85600,0.0,0.0,0.0
2021-09-24 00:00:00-04:00,77.92270564320219,78.26741760302787,77.01230542926065,77.18024444580078,54300,0.193,0.0,0.0
2021-09-27 00:00:00-04:00,77.1625662379327,77.86966472144078,75.89862019656805,75.94281005859375,87200,0.0,0.0,0.0
2021-09-28 00:00:00-04:00,75.67764795390103,76.2610040133793,74.91751222226648,75.92513275146484,161500,0.0,0.0,0.0
2021-09-29 00:00:00-04:00,76.24331860799228,77.28629492374706,76.24331860799228,76.9062271118164,78100,0.0,0.0,0.0
2021-09-30 00:00:00-04:00,77.24211913137093,77.24211913137093,75.6246203279358,75.63346099853516,74500,0.0,0.0,0.0
2021-10-01 00:00:00-04:00,76.03119559264756,76.9239144134512,75.3594530530803,76.4996566772461,53800,0.0,0.0,0.0
2021-10-04 00:00:00-04:00,76.44663301541755,76.92392811123118,76.19030749673303,76.75598907470703,235700,0.0,0.0,0.0
2021-10-05 00:00:00-04:00,76.89740975271035,76.89740975271035,75.71301610372291,76.12843322753906,46400,0.0,0.0,0.0
2021-10-06 00:00:00-04:00,75.71299896903962,77.07416526720168,74.84679549039105,76.98577880859375,62100,0.0,0.0,0.0
2021-10-07 00:00:00-04:00,77.42771832906237,77.94036923302912,76.91506742509564,77.02997589111328,43100,0.0,0.0,0.0
2021-10-08 00:00:00-04:00,77.13604608125195,77.21559862433728,76.49965945384628,76.60572052001953,111800,0.0,0.0,0.0
2021-10-11 00:00:00-04:00,76.60572741207507,77.01231060371454,76.296371368812,76.86205291748047,299700,0.0,0.0,0.0
2021-10-12 00:00:00-04:00,77.13604707358122,78.39999316156401,76.97694872881922,78.00225067138672,81500,0.0,0.0,0.0
2021-10-13 00:00:00-04:00,77.91386973360594,78.97452094503691,77.61334761951173,78.94800567626953,100500,0.0,0.0,0.0
2021-10-14 00:00:00-04:00,79.3545966661839,80.09705798193609,79.18665762287372,80.03518676757812,60900,0.0,0.0,0.0
2021-10-15 00:00:00-04:00,80.37104477292979,80.4682719141367,79.23084108887606,79.65510559082031,109400,0.0,0.0,0.0
2021-10-18 00:00:00-04:00,79.10710458767306,80.07052865808306,79.10710458767306,79.82304382324219,105400,0.0,0.0,0.0
2021-10-19 00:00:00-04:00,80.12355445759516,80.28265279197322,79.42528992023898,79.54019165039062,250100,0.0,0.0,0.0
2021-10-20 00:00:00-04:00,79.63742570286965,80.46827338162414,79.6285850325654,80.45059204101562,57500,0.0,0.0,0.0
2021-10-21 00:00:00-04:00,80.49480197367886,80.49480197367886,79.86724914730756,80.17660522460938,47000,0.0,0.0,0.0
2021-10-22 00:00:00-04:00,80.42408567424815,80.78647901881783,80.26498730844182,80.32685852050781,47800,0.0,0.0,0.0
2021-10-25 00:00:00-04:00,80.48596448588961,80.71577475674357,79.96447946973075,80.23847961425781,37200,0.0,0.0,0.0
2021-10-26 00:00:00-04:00,80.39757134277504,80.79532063366415,79.86724569837932,80.41525268554688,130600,0.0,0.0,0.0
2021-10-27 00:00:00-04:00,80.55666086528893,81.04279658629005,80.35337264992897,80.62737274169922,59300,0.0,0.0,0.0
2021-10-28 00:00:00-04:00,80.67155418658317,82.00621205483266,80.67155418658317,81.92666625976562,74700,0.0,0.0,0.0
2021-10-29 00:00:00-04:00,81.72339018937816,82.13881408651571,80.7953219820612,81.21073913574219,50000,0.0,0.0,0.0
2021-11-01 00:00:00-04:00,81.30797576904297,81.40520293687365,79.72583255297509,81.30797576904297,45400,0.0,0.0,0.0
2021-11-02 00:00:00-04:00,81.63498772197738,82.04157086798092,81.04279097084974,81.55543518066406,47300,0.0,0.0,0.0
2021-11-03 00:00:00-04:00,81.66150332992346,81.97970000959886,81.2372455859931,81.42285919189453,37000,0.0,0.0,0.0
2021-11-04 00:00:00-04:00,81.3963404722606,81.68802189766147,80.0351739739676,80.3533706665039,152900,0.0,0.0,0.0
2021-11-05 00:00:00-04:00,80.61853398822583,81.9001614906779,80.61853398822583,80.81298828125,97300,0.0,0.0,0.0
2021-11-08 00:00:00-05:00,81.0339654413399,81.0339654413399,80.1058904988637,80.724609375,258600,0.0,0.0,0.0
2021-11-09 00:00:00-05:00,80.81300229797378,81.20191095147692,80.56551742518343,81.02513122558594,58700,0.0,0.0,0.0
2021-11-10 00:00:00-05:00,80.91020823647803,81.75873046779401,80.91020823647803,81.42285919189453,82500,0.0,0.0,0.0
2021-11-11 00:00:00-05:00,81.68802636901944,81.68802636901944,80.92789053340354,81.59963989257812,37700,0.0,0.0,0.0
2021-11-12 00:00:00-05:00,81.65266771818072,81.87363727367385,81.29912182415623,81.58196258544922,31200,0.0,0.0,0.0
2021-11-15 00:00:00-05:00,81.74989886982607,82.26254988213199,81.16654272132236,82.21835327148438,35900,0.0,0.0,0.0
2021-11-16 00:00:00-05:00,82.27138791641357,82.27138791641357,81.27260119281586,81.63499450683594,102700,0.0,0.0,0.0
2021-11-17 00:00:00-05:00,81.4228580551583,82.35976674142509,79.93794248522225,82.28905487060547,83000,0.0,0.0,0.0
2021-11-18 00:00:00-05:00,82.40395993446002,82.68680066257176,82.0680819337021,82.52770233154297,62600,0.0,0.0,0.0
2021-11-19 00:00:00-05:00,82.57188651384152,82.57188651384152,81.41400841641324,81.67033386230469,78200,0.0,0.0,0.0
2021-11-22 00:00:00-05:00,81.89132457537315,81.89132457537315,80.95440900633368,81.0074462890625,51500,0.0,0.0,0.0
2021-11-23 00:00:00-05:00,81.11349325283551,82.13879512339936,80.82181859413475,81.92666625976562,70300,0.0,0.0,0.0
2021-11-24 00:00:00-05:00,81.86480126069804,83.25248976409624,81.86480126069804,83.09339141845703,67200,0.0,0.0,0.0
2021-11-26 00:00:00-05:00,82.10344958918122,82.10344958918122,80.344533770857,80.63621520996094,62400,0.0,0.0,0.0
2021-11-29 00:00:00-05:00,81.26376528846218,82.0504163607564,80.81298551040355,81.36099243164062,69700,0.0,0.0,0.0
2021-11-30 00:00:00-05:00,80.9543978438387,81.29911653194758,79.8230348723134,79.85839080810547,864300,0.0,0.0,0.0
2021-12-01 00:00:00-05:00,80.4859395800283,81.36098377553716,78.32044087989283,78.35579681396484,103200,0.0,0.0,0.0
2021-12-02 00:00:00-05:00,78.67399724974857,81.44937414466564,78.67399724974857,80.98975372314453,101700,0.0,0.0,0.0
2021-12-03 00:00:00-05:00,81.29029096586625,81.29029096586625,80.12357184177255,80.724609375,109100,0.0,0.0,0.0
2021-12-06 00:00:00-05:00,81.20190038094194,82.76636197654396,81.20190038094194,82.13880920410156,115900,0.0,0.0,0.0
2021-12-07 00:00:00-05:00,82.61610608506597,83.24365887116885,82.35093989670416,82.89010620117188,123600,0.0,0.0,0.0
2021-12-08 00:00:00-05:00,83.15526317119358,84.04797530323863,82.8900970122273,83.88004302978516,58700,0.0,0.0,0.0
2021-12-09 00:00:00-05:00,83.68559662755717,83.68559662755717,82.77520306932645,82.83707427978516,50600,0.0,0.0,0.0
2021-12-10 00:00:00-05:00,83.37623508508487,83.37623508508487,82.51003145224483,82.72216033935547,84100,0.0,0.0,0.0
2021-12-13 00:00:00-05:00,82.77378874272694,84.29592129698032,82.42663606146927,83.94876861572266,70200,0.658,0.0,0.0
2021-12-14 00:00:00-05:00,83.81525318775869,83.97547123263773,82.07057973211616,82.67587280273438,1766200,0.0,0.0,0.0
2021-12-15 00:00:00-05:00,82.90730345286113,84.50955168354714,82.90730345286113,84.27811431884766,80600,0.0,0.0,0.0
2021-12-16 00:00:00-05:00,84.66087271270564,84.73208525389204,83.22775257953725,83.85084533691406,125700,0.0,0.0,0.0
2021-12-17 00:00:00-05:00,83.86866736621509,84.71429437766471,83.65503649437993,83.8597640991211,66800,0.0,0.0,0.0
2021-12-20 00:00:00-05:00,83.13874003235114,83.55710522147908,82.23970037855715,83.307861328125,121900,0.0,0.0,0.0
2021-12-21 00:00:00-05:00,83.82415063623233,84.47395325433132,83.67282906462107,84.00218200683594,59500,0.0,0.0,0.0
2021-12-22 00:00:00-05:00,84.25141180021484,85.0080263836087,84.16239951826294,84.8923110961914,68400,0.0,0.0,0.0
2021-12-23 00:00:00-05:00,85.15046675611575,85.15046675611575,84.04669252988822,84.60748291015625,69400,0.0,0.0,0.0
2021-12-27 00:00:00-05:00,84.63417847284583,85.72904254437111,84.26032277970073,85.68453979492188,59200,0.0,0.0,0.0
2021-12-28 00:00:00-05:00,85.77354472859429,86.20080640091501,85.54210736121948,86.10289764404297,72000,0.0,0.0,0.0
2021-12-29 00:00:00-05:00,86.3343355383027,87.02864090807772,85.72904245853942,86.8773193359375,82800,0.0,0.0,0.0
2021-12-30 00:00:00-05:00,86.90402252954017,87.44700632833538,86.69929494119587,87.07315063476562,55500,0.0,0.0,0.0
2021-12-31 00:00:00-05:00,87.2689898600103,88.02560458386175,87.21558383916525,87.43811798095703,67300,0.0,0.0,0.0
2022-01-03 00:00:00-05:00,87.62502191161478,87.62502191161478,85.30176556257607,86.55685424804688,156800,0.0,0.0,0.0
2022-01-04 00:00:00-05:00,86.76160424760572,87.9721904100563,86.76160424760572,87.42030334472656,243100,0.0,0.0,0.0
2022-01-05 00:00:00-05:00,87.47370881399661,87.5894309026504,85.85366069366476,85.88926696777344,96100,0.0,0.0,0.0
2022-01-06 00:00:00-05:00,86.1117938921372,86.53015908895304,85.54210713640552,86.03168487548828,152800,0.0,0.0,0.0
2022-01-07 00:00:00-05:00,85.88926703309475,85.88926703309475,84.67868087728847,84.75879669189453,199400,0.0,0.0,0.0
2022-01-10 00:00:00-05:00,84.34042365328989,84.78549185198798,83.95766473076145,84.6252670288086,146500,0.0,0.0,0.0
2022-01-11 00:00:00-05:00,84.77659605281536,84.9190211487191,83.67282872437097,84.83890533447266,92500,0.0,0.0,0.0
2022-01-12 00:00:00-05:00,84.78550725958948,85.54212197663131,84.64308215034711,85.29288482666016,65400,0.0,0.0,0.0
2022-01-13 00:00:00-05:00,85.39078485491136,86.03168414748664,85.29286930792337,85.40858459472656,103000,0.0,0.0,0.0
2022-01-14 00:00:00-05:00,85.02584151328524,85.15046688001738,83.9398806109891,84.92793273925781,65700,0.0,0.0,0.0
2022-01-18 00:00:00-05:00,84.50955180838021,84.61636382978256,83.60160887924972,84.25141143798828,97700,0.0,0.0,0.0
2022-01-19 00:00:00-05:00,84.66976795760203,85.04362357661373,83.17433869035419,83.24554443359375,62000,0.0,0.0,0.0
2022-01-20 00:00:00-05:00,83.07644574075785,83.99328529955481,81.91036224365234,81.91036224365234,100500,0.0,0.0,0.0
2022-01-21 00:00:00-05:00,82.09729756136984,82.7559967113802,81.8124541350516,82.06169128417969,136500,0.0,0.0,0.0
2022-01-24 00:00:00-05:00,81.34957149496898,81.90145855150686,79.07082430369417,81.70562744140625,293400,0.0,0.0,0.0
2022-01-25 00:00:00-05:00,80.9757153998255,82.00827016897578,79.70281998177835,81.43858337402344,1735400,0.0,0.0,0.0
2022-01-26 00:00:00-05:00,81.84805285102783,82.8539114963785,79.99657399297915,80.48614501953125,215800,0.0,0.0,0.0
2022-01-27 00:00:00-05:00,80.85110422121996,81.77684704535713,79.37347429292323,79.56930541992188,94800,0.0,0.0,0.0
2022-01-28 00:00:00-05:00,79.46246453404824,81.84803009033203,78.59013476288834,81.84803009033203,80700,0.0,0.0,0.0
2022-01-31 00:00:00-05:00,81.65222178088155,82.69367982599049,81.40297786345165,82.6313705444336,234100,0.0,0.0,0.0
2022-02-01 00:00:00-05:00,82.85391188479383,82.85391188479383,81.51870705687851,82.14179992675781,112000,0.0,0.0,0.0
2022-02-02 00:00:00-05:00,82.4444278533246,84.01996614108717,82.4266213239707,83.83303833007812,215900,0.0,0.0,0.0
2022-02-03 00:00:00-05:00,83.61942225238894,83.61942225238894,82.80939480406514,82.93401336669922,63100,0.0,0.0,0.0
2022-02-04 00:00:00-05:00,82.63136218815524,82.84499301886032,81.12702952543638,81.94595336914062,61000,0.0,0.0,0.0
2022-02-07 00:00:00-05:00,81.94596128658564,82.08838638161762,81.1626436375167,81.2961654663086,57600,0.0,0.0,0.0
2022-02-08 00:00:00-05:00,81.2783660250697,81.67002827937644,80.6908794348125,80.77098846435547,332200,0.0,0.0,0.0
2022-02-09 00:00:00-05:00,81.71452335311656,82.9607088666834,81.71452335311656,82.90730285644531,76000,0.0,0.0,0.0
2022-02-10 00:00:00-05:00,81.98157497336187,82.9251243352615,80.65527341415941,81.06473541259766,152700,0.0,0.0,0.0
2022-02-11 00:00:00-05:00,81.41188060529555,81.82134256591776,80.23690073836157,80.97571563720703,113100,0.0,0.0,0.0
2022-02-14 00:00:00-05:00,80.99352271088993,81.68782813267964,79.71173069804856,80.11228942871094,95900,0.0,0.0,0.0
2022-02-15 00:00:00-05:00,80.45053165507296,81.02912171839131,80.07667596783428,80.25470733642578,51900,0.0,0.0,0.0
2022-02-16 00:00:00-05:00,80.36151876623687,80.95790856635935,79.88974752759663,80.7353744506836,63800,0.0,0.0,0.0
2022-02-17 00:00:00-05:00,80.5573501748563,80.5573501748563,79.42687985113925,79.55149841308594,65000,0.0,0.0,0.0
2022-02-18 00:00:00-05:00,79.40908054839001,80.40603592593165,79.24885569827086,79.28446197509766,74600,0.0,0.0,0.0
2022-02-22 00:00:00-05:00,79.16873108942275,79.60489601011429,78.6791533684005,79.17762756347656,94600,0.0,0.0,0.0
2022-02-23 00:00:00-05:00,79.60490412308415,80.32591248461556,78.25189968804214,78.37651824951172,139400,0.0,0.0,0.0
2022-02-24 00:00:00-05:00,77.2460411100128,79.15983586215393,76.64965131017415,78.97290802001953,155000,0.0,0.0,0.0
2022-02-25 00:00:00-05:00,79.23994574113736,81.30506208431626,79.06192116323666,81.2071533203125,92400,0.0,0.0,0.0
2022-02-28 00:00:00-05:00,80.4683378704881,80.51284061905889,78.94620532884007,79.61380767822266,101700,0.0,0.0,0.0
2022-03-01 00:00:00-05:00,79.6939320376255,80.0410847828185,78.7058798270905,79.20436096191406,114800,0.0,0.0,0.0
2022-03-02 00:00:00-05:00,79.40016991260885,81.41188022380628,79.40016991260885,81.05582427978516,58000,0.0,0.0,0.0
2022-03-03 00:00:00-05:00,81.65223659206316,82.13290439914778,80.81550598120552,81.89257049560547,88700,0.0,0.0,0.0
2022-03-04 00:00:00-05:00,81.35846763028204,83.23665596169643,81.16263653734568,83.16544342041016,62100,0.0,0.0,0.0
2022-03-07 00:00:00-05:00,83.04084002607453,83.77075172948405,82.337631332721,82.37323760986328,163200,0.0,0.0,0.0
2022-03-08 00:00:00-05:00,82.16850328373229,82.91622152194812,81.50090086695526,81.83915710449219,205600,0.0,0.0,0.0
2022-03-09 00:00:00-05:00,82.95181999673359,83.34347542638595,82.48894522823218,82.5601577758789,77900,0.0,0.0,0.0
2022-03-10 00:00:00-05:00,81.78573641113508,82.8539042497568,81.78573641113508,82.83609771728516,83400,0.0,0.0,0.0
2022-03-11 00:00:00-05:00,83.48588500649471,83.67281281592659,82.00825547784119,82.08837127685547,1554800,0.0,0.0,0.0
2022-03-14 00:00:00-04:00,82.62246705086939,82.62246705086939,81.01132220990033,81.2071533203125,141200,0.0,0.0,0.0
2022-03-15 00:00:00-04:00,81.90145813942365,82.23080428547912,80.77988429071021,81.43858337402344,208600,0.0,0.0,0.0
2022-03-16 00:00:00-04:00,81.65221418204479,82.78268441114348,80.59294970295421,82.28421020507812,200900,0.0,0.0,0.0
2022-03-17 00:00:00-04:00,81.93706546975676,83.60161633630007,81.93706546975676,83.33457946777344,71500,0.0,0.0,0.0
2022-03-18 00:00:00-04:00,83.40577736137111,83.8864518288451,82.89839988868219,83.26335906982422,59100,0.0,0.0,0.0
2022-03-21 00:00:00-04:00,83.34346823176153,83.67282114279453,82.7292787371348,83.1120376586914,84200,0.0,0.0,0.0
2022-03-22 00:00:00-04:00,83.40579226047394,83.78855124973242,82.78269939014756,82.99633026123047,148600,0.0,0.0,0.0
2022-03-23 00:00:00-04:00,82.9963230502702,82.9963230502702,82.08838683364974,82.31982421875,136200,0.0,0.0,0.0
2022-03-24 00:00:00-04:00,82.3546455938828,83.2387371372598,82.33678130471475,83.22980499267578,94500,0.299,0.0,0.0
2022-03-25 00:00:00-04:00,83.3994843337925,84.33716196135244,83.3816268572849,84.27465057373047,54800,0.0,0.0,0.0
2022-03-28 00:00:00-04:00,84.35502115404455,85.29269880068134,84.25678799817858,85.11408996582031,105700,0.0,0.0,0.0
2022-03-29 00:00:00-04:00,85.78385693136514,87.81102460460599,85.73027768804381,87.63241577148438,122600,0.0,0.0,0.0
2022-03-30 00:00:00-04:00,87.3913025246785,87.3913025246785,86.4268352637318,86.7215347290039,115600,0.0,0.0,0.0
2022-03-31 00:00:00-04:00,86.864400513371,87.39128796775016,85.55166157562765,85.64989471435547,81600,0.0,0.0,0.0
2022-04-01 00:00:00-04:00,85.81957386792784,87.48953059416797,85.81957386792784,87.48059844970703,71400,0.0,0.0,0.0
2022-04-04 00:00:00-04:00,87.5163348101817,87.7753125369016,85.67670791175264,86.52507781982422,84600,0.0,0.0,0.0
2022-04-05 00:00:00-04:00,86.2928844046737,87.30200562480088,85.42665707126554,85.79279327392578,1616500,0.0,0.0,0.0
2022-04-06 00:00:00-04:00,85.64097105605377,87.66813178298794,85.23910631783394,87.64134216308594,143600,0.0,0.0,0.0
2022-04-07 00:00:00-04:00,87.21270471157933,87.4716756094235,86.29288450470082,87.15911865234375,75800,0.0,0.0,0.0
2022-04-08 00:00:00-04:00,87.2930562877878,87.46273295083122,86.77510096824534,87.025146484375,84000,0.0,0.0,0.0
2022-04-11 00:00:00-04:00,87.01621318412897,87.18588301840296,85.68560324580665,85.86421203613281,77600,0.0,0.0,0.0
2022-04-12 00:00:00-04:00,85.94460306729017,86.80190504247054,85.48023371902889,86.1500015258789,84500,0.0,0.0,0.0
2022-04-13 00:00:00-04:00,86.27501983693358,86.61436638873458,85.76599660261702,86.41790008544922,276500,0.0,0.0,0.0
2022-04-14 00:00:00-04:00,86.54294390913029,87.230569270527,86.27503403089554,86.32861328125,81800,0.0,0.0,0.0
2022-04-18 00:00:00-04:00,86.07855484069893,86.516134550787,85.31948605003141,85.72134399414062,113600,0.0,0.0,0.0
2022-04-19 00:00:00-04:00,86.16785695818912,87.39130190909975,86.16785695818912,87.21269989013672,929200,0.0,0.0,0.0
2022-04-20 00:00:00-04:00,87.46273622814111,88.88264052503793,87.46273622814111,88.57008361816406,194200,0.0,0.0,0.0
2022-04-21 00:00:00-04:00,88.9183688866681,89.34702325735681,88.41827779855633,88.48078918457031,659300,0.0,0.0,0.0
2022-04-22 00:00:00-04:00,88.11465232785996,88.13251661838066,86.40898049758289,86.48934936523438,116100,0.0,0.0,0.0
2022-04-25 00:00:00-04:00,86.45363778489778,86.48935955691799,84.7211761279214,86.00712585449219,143200,0.0,0.0,0.0
2022-04-26 00:00:00-04:00,85.64096946674951,86.27501544117355,84.76580329122224,84.81938934326172,145900,0.0,0.0,0.0
2022-04-27 00:00:00-04:00,84.83726034404889,85.48023856519441,83.67632668773273,83.6941909790039,201400,0.0,0.0,0.0
2022-04-28 00:00:00-04:00,84.21214909158911,84.95335368536836,83.0958693147294,84.70330810546875,110100,0.0,0.0,0.0
2022-04-29 00:00:00-04:00,84.42647600349203,84.42647600349203,80.56861322542781,80.7472152709961,157700,0.0,0.0,0.0
2022-05-02 00:00:00-04:00,80.7472021860781,81.45269173424292,77.1304602501711,78.77362060546875,220800,0.0,0.0,0.0
2022-05-03 00:00:00-04:00,78.88079123767216,79.93455955877997,78.45213683025938,79.50590515136719,120200,0.0,0.0,0.0
2022-05-04 00:00:00-04:00,79.55947605996722,79.97919827799119,77.77342870717078,79.79166412353516,177800,0.0,0.0,0.0
2022-05-05 00:00:00-04:00,79.46124840444749,79.8631063268627,77.75556994049573,78.25566101074219,214400,0.0,0.0,0.0
2022-05-06 00:00:00-04:00,77.70198380054818,77.71984127437261,76.16598214893637,76.97863006591797,271300,0.0,0.0,0.0
2022-05-09 00:00:00-04:00,76.14812148903503,76.21956501419427,73.52263666511361,73.7726821899414,462700,0.0,0.0,0.0
2022-05-10 00:00:00-04:00,74.35317050201039,74.76396067113147,72.6117698399795,72.97791290283203,401300,0.0,0.0,0.0
2022-05-11 00:00:00-04:00,72.88860070944268,74.60320466913169,72.88860070944268,73.37083435058594,226100,0.0,0.0,0.0
2022-05-12 00:00:00-04:00,73.26364663334779,73.92448209648322,72.88857840939755,73.74588012695312,186500,0.0,0.0,0.0
2022-05-13 00:00:00-04:00,74.2817189331329,75.15688524289712,73.57622932326487,75.13008880615234,166200,0.0,0.0,0.0
2022-05-16 00:00:00-04:00,75.08543667313793,75.45157285867829,74.70143619763151,74.8532485961914,104300,0.0,0.0,0.0
2022-05-17 00:00:00-04:00,75.63018412951749,75.63018412951749,74.51390443372571,75.48729705810547,121500,0.0,0.0,0.0
2022-05-18 00:00:00-04:00,75.35334939555607,75.46944685557703,73.29939864524954,73.54051208496094,136800,0.0,0.0,0.0
2022-05-19 00:00:00-04:00,73.067204517668,73.73697234451534,72.70999364736997,73.093994140625,148200,0.0,0.0,0.0
2022-05-20 00:00:00-04:00,73.74588868533914,73.82625753698615,72.57602316549762,73.62979125976562,246500,0.0,0.0,0.0
2022-05-23 00:00:00-04:00,74.22812117654699,74.81751318657568,73.38867684520255,74.61212158203125,82000,0.0,0.0,0.0
2022-05-24 00:00:00-04:00,74.32635787902665,75.35332957746853,73.38868036549427,75.25509643554688,97700,0.0,0.0,0.0
2022-05-25 00:00:00-04:00,75.04077957677409,75.82664478440142,74.78180188909963,75.62124633789062,82000,0.0,0.0,0.0
2022-05-26 00:00:00-04:00,75.93380610237415,76.29101695434159,75.48729424072243,75.51408386230469,132600,0.0,0.0,0.0
2022-05-27 00:00:00-04:00,75.80877713886503,77.30012499988676,75.80877713886503,77.17510223388672,95700,0.0,0.0,0.0
2022-05-31 00:00:00-04:00,76.54106400019266,76.73753031326964,75.9695293511853,76.26422882080078,232200,0.0,0.0,0.0
2022-06-01 00:00:00-04:00,76.442812591319,76.49639863596457,74.87108927521565,76.16597747802734,99300,0.0,0.0,0.0
2022-06-02 00:00:00-04:00,76.0499053568238,76.63929748535156,74.74608469412777,76.63929748535156,235700,0.0,0.0,0.0
2022-06-03 00:00:00-04:00,76.1659903875066,76.50533693271039,75.31761380465218,75.65696716308594,122800,0.0,0.0,0.0
2022-06-06 00:00:00-04:00,75.92486213036443,76.11240307868695,74.12988963165928,74.21025848388672,123400,0.0,0.0,0.0
2022-06-07 00:00:00-04:00,73.90663345490593,75.92486184199419,73.82625778975452,75.86235046386719,101400,0.0,0.0,0.0
2022-06-08 00:00:00-04:00,75.53192802954281,75.5497855014301,73.53155051674253,73.71015930175781,126900,0.0,0.0,0.0
2022-06-09 00:00:00-04:00,73.5136470207475,73.89952215942016,72.00604262389756,72.04193878173828,117900,0.401,0.0,0.0
2022-06-10 00:00:00-04:00,71.30610260230222,71.99709183322256,70.75869803886955,71.42276000976562,394700,0.0,0.0,0.0
2022-06-13 00:00:00-04:00,70.14846536048928,70.18436152145878,67.77937350844371,68.06653594970703,302700,0.0,0.0,0.0
2022-06-14 00:00:00-04:00,68.24600861542659,68.46137870906554,67.23196101683003,67.65373229980469,147300,0.0,0.0,0.0
2022-06-15 00:00:00-04:00,68.19217450702313,69.90618038539037,68.06654135689595,69.04469299316406,272200,0.0,0.0,0.0
2022-06-16 00:00:00-04:00,67.78833835907253,68.64982554432429,67.50117596398862,68.23703002929688,167100,0.0,0.0,0.0
2022-06-17 00:00:00-04:00,68.41651581890356,69.44850820861541,67.90500750003667,68.58702087402344,381700,0.0,0.0,0.0
2022-06-21 00:00:00-04:00,68.98185712958151,70.17537172206242,68.91006482201372,69.03569793701172,91700,0.0,0.0,0.0
2022-06-22 00:00:00-04:00,68.4165061370391,70.54330718635266,68.4165061370391,69.74463653564453,69800,0.0,0.0,0.0
2022-06-23 00:00:00-04:00,69.95102880163452,71.15352604062873,69.95102880163452,70.99199676513672,80800,0.0,0.0,0.0
2022-06-24 00:00:00-04:00,71.21635123337168,72.2034716603713,71.11763850602249,72.03296661376953,63000,0.0,0.0,0.0
2022-06-27 00:00:00-04:00,71.89838022433759,73.25342460111506,71.63813814526601,72.35604095458984,115300,0.0,0.0,0.0
2022-06-28 00:00:00-04:00,72.71497242710923,73.4598022576511,71.9342532871483,71.97911834716797,98400,0.0,0.0,0.0
2022-06-29 00:00:00-04:00,71.85350040994533,72.113742460428,71.52146603246885,72.0688705444336,177800,0.0,0.0,0.0
2022-06-30 00:00:00-04:00,71.47657785414732,72.68804388289742,71.03686197483614,71.78168487548828,161100,0.0,0.0,0.0
2022-07-01 00:00:00-04:00,71.80862241858198,73.0559917434629,71.61120380579132,72.85856628417969,149600,0.0,0.0,0.0
2022-07-05 00:00:00-04:00,72.20347218914128,72.4996103733576,70.59715497818623,72.26628875732422,98400,0.0,0.0,0.0
2022-07-06 00:00:00-04:00,72.54447209452023,73.33417388269697,72.23936501926441,72.4367904663086,56200,0.0,0.0,0.0
2022-07-07 00:00:00-04:00,72.70599740881599,72.93034325064909,71.9252782609915,72.15859985351562,31800,0.0,0.0,0.0
2022-07-08 00:00:00-04:00,72.0150260439439,72.38295656612358,71.67402277788132,71.95220947265625,69100,0.0,0.0,0.0
2022-07-11 00:00:00-04:00,71.683006612006,72.01504104167124,71.44071602843539,71.6650619506836,80800,0.0,0.0,0.0
2022-07-12 00:00:00-04:00,71.18943424057133,72.01502541210638,70.80355906419193,71.28814697265625,126200,0.0,0.0,0.0
2022-07-13 00:00:00-04:00,70.62406628214106,71.44966416017704,70.07666189576035,71.08173370361328,108300,0.0,0.0,0.0
2022-07-14 00:00:00-04:00,69.99590787905643,70.94713212858659,69.99590787905643,70.70484161376953,39500,0.0,0.0,0.0
2022-07-15 00:00:00-04:00,71.63812981909076,72.16758282268765,71.08174955817289,71.74581146240234,168900,0.0,0.0,0.0
2022-07-18 00:00:00-04:00,72.17655029416954,72.18552604558006,71.00098017960624,71.29711151123047,51200,0.0,0.0,0.0
2022-07-19 00:00:00-04:00,71.82657721559413,72.454742936215,71.17148423852419,72.3829574584961,55600,0.0,0.0,0.0
2022-07-20 00:00:00-04:00,72.28424068413021,72.98419868983997,71.90733442633132,72.37397766113281,60200,0.0,0.0,0.0
2022-07-21 00:00:00-04:00,72.24834510964729,72.87651080024963,71.66504448466365,72.82266998291016,100500,0.0,0.0,0.0
2022-07-22 00:00:00-04:00,73.19957379667964,74.03414074806298,72.99317257365239,73.42391967773438,48800,0.0,0.0,0.0
2022-07-25 00:00:00-04:00,73.56750451580079,74.03414093712942,73.19059823133165,73.67518615722656,54500,0.0,0.0,0.0
2022-07-26 00:00:00-04:00,73.63029862803548,74.09693490701774,73.63029862803548,73.96232604980469,112500,0.0,0.0,0.0
2022-07-27 00:00:00-04:00,74.24948925956375,74.5097312273985,73.7379810735412,74.44691467285156,129000,0.0,0.0,0.0
2022-07-28 00:00:00-04:00,74.74306362304335,76.68140819170848,74.74306362304335,76.60064697265625,44300,0.0,0.0,0.0
2022-07-29 00:00:00-04:00,76.60066298558765,77.4262542365581,76.43015791440055,77.21088409423828,328900,0.0,0.0,0.0
2022-08-01 00:00:00-04:00,77.02242601575792,77.09421833758105,76.27759608145139,76.42118072509766,74400,0.0,0.0,0.0
2022-08-02 00:00:00-04:00,76.32245867280672,76.69038229585291,75.34430723528484,75.41609954833984,48800,0.0,0.0,0.0
2022-08-03 00:00:00-04:00,75.74813014138341,76.51090460228069,75.16482960781794,75.2994384765625,46100,0.0,0.0,0.0
2022-08-04 00:00:00-04:00,75.2455946905256,75.66736597258466,74.74306219096171,75.36225891113281,36000,0.0,0.0,0.0
2022-08-05 00:00:00-04:00,74.78793819895942,75.44303117163047,74.37514260725291,75.40713500976562,35600,0.0,0.0,0.0
2022-08-08 00:00:00-04:00,75.81993561349947,76.72629493264591,75.81993561349947,76.27760314941406,94900,0.0,0.0,0.0
2022-08-09 00:00:00-04:00,76.4839908957459,77.32752664386581,76.30451010620503,77.31855773925781,30100,0.0,0.0,0.0
2022-08-10 00:00:00-04:00,78.03646568921202,78.54797399298745,77.38137959048706,78.44029235839844,60100,0.0,0.0,0.0
2022-08-11 00:00:00-04:00,78.55695291513467,79.18511863056416,78.17107773380148,78.3236312866211,36400,0.0,0.0,0.0
2022-08-12 00:00:00-04:00,78.69155227924946,79.741489210654,78.69155227924946,79.64277648925781,161100,0.0,0.0,0.0
2022-08-15 00:00:00-04:00,79.64278003674887,79.86712589600732,79.33767295447369,79.72354125976562,38400,0.0,0.0,0.0
2022-08-16 00:00:00-04:00,79.52612272651223,79.92994253494531,79.31972152335139,79.5440673828125,31600,0.0,0.0,0.0
2022-08-17 00:00:00-04:00,78.89794290586636,79.9209593825543,78.84410209545909,79.7055892944336,41000,0.0,0.0,0.0
2022-08-18 00:00:00-04:00,79.73251175838868,79.81327982257673,78.40438819311093,78.63770294189453,49200,0.0,0.0,0.0
2022-08-19 00:00:00-04:00,78.28772738989102,78.39541586467895,77.93774840494538,78.19799041748047,112800,0.0,0.0,0.0
2022-08-22 00:00:00-04:00,77.79416148028312,77.79416148028312,76.90574707224769,76.9595947265625,81500,0.0,0.0,0.0
2022-08-23 00:00:00-04:00,76.79807423427808,76.86986655057581,75.15586094305091,75.46096801757812,31200,0.0,0.0,0.0
2022-08-24 00:00:00-04:00,75.40712838065275,76.43014494114168,75.40712838065275,76.0532455444336,70800,0.0,0.0,0.0
2022-08-25 00:00:00-04:00,76.19684289273745,77.08525071792113,76.19684289273745,77.04935455322266,22500,0.0,0.0,0.0
2022-08-26 00:00:00-04:00,77.11214988814231,77.21983835257335,75.44301634516447,75.51480865478516,29200,0.0,0.0,0.0
2022-08-29 00:00:00-04:00,75.04817965575549,75.32637319642801,74.50975092494289,74.65333557128906,39900,0.0,0.0,0.0
2022-08-30 00:00:00-04:00,74.8058907019901,74.8058907019901,73.19957338117696,73.31623077392578,48300,0.0,0.0,0.0
2022-08-31 00:00:00-04:00,73.58544054973643,74.01618760443534,72.84061066686756,73.02906036376953,45000,0.0,0.0,0.0
2022-09-01 00:00:00-04:00,72.67010999163364,73.5405661295629,72.08680941837791,73.50467681884766,57600,0.0,0.0,0.0
2022-09-02 00:00:00-04:00,74.10592861927712,74.29437832645783,72.62524452400869,72.82266998291016,53100,0.0,0.0,0.0
2022-09-06 00:00:00-04:00,73.14572966352821,74.19566669615722,73.05599268446886,73.89952850341797,66500,0.0,0.0,0.0
2022-09-07 00:00:00-04:00,73.79184481922275,75.11099275241993,73.79184481922275,75.09304809570312,27400,0.0,0.0,0.0
2022-09-08 00:00:00-04:00,74.90460182666747,75.53276753795488,74.48283048630618,75.04817962646484,35300,0.0,0.0,0.0
2022-09-09 00:00:00-04:00,75.27252306024737,75.93659175806354,74.80588666792355,75.64942932128906,36500,0.0,0.0,0.0
2022-09-12 00:00:00-04:00,75.7840357006555,76.27759937639405,75.7840357006555,76.03530883789062,34700,0.0,0.0,0.0
2022-09-13 00:00:00-04:00,75.06614127274148,75.06614127274148,73.52264034904282,73.71109008789062,47600,0.0,0.0,0.0
2022-09-14 00:00:00-04:00,73.48672764106614,73.48672764106614,72.08681169817264,72.68805694580078,64200,0.0,0.0,0.0
2022-09-15 00:00:00-04:00,72.50858463143585,72.78677130673134,71.18045412886289,71.29711151123047,41600,0.0,0.0,0.0
2022-09-16 00:00:00-04:00,70.93816022255704,71.32403535686078,70.16640995394957,71.25224304199219,43900,0.0,0.0,0.0
2022-09-19 00:00:00-04:00,70.72279017616324,70.74971058524176,69.67285314314539,70.67792510986328,47700,0.0,0.0,0.0
2022-09-20 00:00:00-04:00,70.05872577416656,70.05872577416656,68.542145550483,68.93699645996094,60400,0.0,0.0,0.0
2022-09-21 00:00:00-04:00,69.26904937335703,69.82542288061661,68.01271083531262,68.08450317382812,63100,0.0,0.0,0.0
2022-09-22 00:00:00-04:00,67.9229458411022,67.9229458411022,66.9088983053676,67.60885620117188,63500,0.0,0.0,0.0
2022-09-23 00:00:00-04:00,66.94479803759259,68.09344765583783,66.40636938485162,67.02556610107422,170900,0.0,0.0,0.0
2022-09-26 00:00:00-04:00,66.79685086145909,66.81500605754425,64.61869125120073,65.26306915283203,131600,0.838,0.0,0.0
2022-09-27 00:00:00-04:00,65.63519061857163,65.96191502099055,63.99249792942948,64.21031188964844,1608200,0.0,0.0,0.0
2022-09-28 00:00:00-04:00,64.69129167097427,65.94373695591052,64.09230181989079,65.62608337402344,124500,0.0,0.0,0.0
2022-09-29 00:00:00-04:00,65.09062701188216,65.09062701188216,63.50238669771563,64.13768005371094,175800,0.0,0.0,0.0
2022-09-30 00:00:00-04:00,64.60054717771949,65.48996489087604,64.38273327979137,65.18138885498047,125900,0.0,0.0,0.0
2022-10-03 00:00:00-04:00,65.72593654135791,66.39754045344989,65.01803607785878,66.016357421875,136800,0.0,0.0,0.0
2022-10-04 00:00:00-04:00,66.69702843894807,67.45030993764743,66.22509712994123,66.68795776367188,123800,0.0,0.0,0.0
2022-10-05 00:00:00-04:00,65.87115512556225,65.88930340255574,64.11955211802112,65.0543441772461,111900,0.0,0.0,0.0
2022-10-06 00:00:00-04:00,64.90911663562096,65.20861507448133,63.13028812399966,63.22105026245117,101500,0.0,0.0,0.0
2022-10-07 00:00:00-04:00,62.649274866170956,62.78541114012887,60.97935688321091,61.37868118286133,66200,0.0,0.0,0.0
2022-10-10 00:00:00-04:00,61.42407121549827,61.950461192081924,61.01566925818518,61.12457275390625,83000,0.0,0.0,0.0
2022-10-11 00:00:00-04:00,60.97028715982122,62.21365513376293,60.59818175788865,62.05029296875,61100,0.0,0.0,0.0
2022-10-12 00:00:00-04:00,62.02305716041213,62.02305716041213,60.94305832808742,61.2970085144043,41800,0.0,0.0,0.0
2022-10-13 00:00:00-04:00,60.325922201927305,62.59483754321129,59.92659088612369,62.30441665649414,114600,0.0,0.0,0.0
2022-10-14 00:00:00-04:00,62.80356842160737,63.17567382886129,60.56188607545488,60.65264129638672,87800,0.0,0.0,0.0
2022-10-17 00:00:00-04:00,61.54205508452883,63.121225085459095,61.54205508452883,62.903404235839844,120800,0.0,0.0,0.0
2022-10-18 00:00:00-04:00,63.892650929347546,64.54609958937603,63.048614230840656,63.602230072021484,42400,0.0,0.0,0.0
2022-10-19 00:00:00-04:00,62.98508310157568,63.12121938925751,61.73263756391797,62.06843948364258,47900,0.0,0.0,0.0
2022-10-20 00:00:00-04:00,62.150133489074975,62.89433746098039,61.74172456384403,61.99584197998047,47200,0.0,0.0,0.0
2022-10-21 00:00:00-04:00,62.15011877621113,62.33162919500221,61.14272002630976,62.11381530761719,74400,0.0,0.0,0.0
2022-10-24 00:00:00-04:00,62.485910822307034,62.839860969328264,61.64187425844604,61.88692092895508,59800,0.0,0.0,0.0
2022-10-25 00:00:00-04:00,62.08659664663205,64.43718938656396,62.08659664663205,64.33735656738281,53800,0.0,0.0,0.0
2022-10-26 00:00:00-04:00,64.36457154606602,64.73667688624273,63.56591605198333,63.75650405883789,74000,0.0,0.0,0.0
2022-10-27 00:00:00-04:00,63.80189772511295,64.37366185860925,63.157519719767116,63.35718536376953,64400,0.0,0.0,0.0
2022-10-28 00:00:00-04:00,63.16659082166707,65.04525212325538,62.8398665149405,64.94541931152344,42400,0.0,0.0,0.0
2022-10-31 00:00:00-04:00,64.55517894071944,65.3447639984051,64.43719783176059,64.8093032836914,45900,0.0,0.0,0.0
2022-11-01 00:00:00-04:00,65.1541622085191,65.3084467625428,64.41903598414113,64.59146881103516,68100,0.0,0.0,0.0
2022-11-02 00:00:00-04:00,64.2012281966131,64.2012281966131,62.03214562892516,62.141056060791016,73500,0.0,0.0,0.0
2022-11-03 00:00:00-04:00,61.424057641906,62.06842857118648,60.452962449303314,61.487586975097656,164400,0.0,0.0,0.0
2022-11-04 00:00:00-04:00,61.60558062143849,62.60390880995052,60.69801457673986,62.05029296875,113500,0.0,0.0,0.0
2022-11-07 00:00:00-05:00,62.32256949198821,62.65837147976973,61.006601267441766,61.460384368896484,68000,0.0,0.0,0.0
2022-11-08 00:00:00-05:00,61.94138284546893,63.01231106027718,61.82340175180121,62.40424346923828,69000,0.0,0.0,0.0
2022-11-09 00:00:00-05:00,62.168279087317764,62.96693477850844,61.850632330831694,61.914161682128906,50500,0.0,0.0,0.0
2022-11-10 00:00:00-05:00,63.58407045133821,66.25231665281913,63.58407045133821,66.17063903808594,58500,0.0,0.0,0.0
2022-11-11 00:00:00-05:00,66.32492281329031,66.61534364700292,65.20861362247635,65.58071899414062,54700,0.0,0.0,0.0
2022-11-14 00:00:00-05:00,65.39012114939054,65.5262504852316,64.16490173339844,64.16490173339844,80000,0.0,0.0,0.0
2022-11-15 00:00:00-05:00,64.93635046107724,65.21769370703574,64.01970685678201,64.54609680175781,79000,0.0,0.0,0.0
2022-11-16 00:00:00-05:00,64.50979502388321,64.8365193483627,63.85634637492423,63.94710159301758,51800,0.0,0.0,0.0
2022-11-17 00:00:00-05:00,63.248283425416254,63.75651822327349,62.83987452784113,63.511478424072266,69700,0.0,0.0,0.0
2022-11-18 00:00:00-05:00,63.76558873706654,64.7548323478492,63.76558873706654,64.60054779052734,38000,0.0,0.0,0.0
2022-11-21 00:00:00-05:00,64.32826872239447,64.99079487833065,64.21936524549089,64.90003967285156,54900,0.0,0.0,0.0
2022-11-22 00:00:00-05:00,65.16323702200455,65.33566984152888,64.8546610029666,65.27214050292969,73400,0.0,0.0,0.0
2022-11-23 00:00:00-05:00,65.07248400905556,65.5897963884883,64.67315964939947,65.16324615478516,50700,0.0,0.0,0.0
2022-11-25 00:00:00-05:00,65.15416205428923,65.6623967836014,65.15416205428923,65.40827941894531,20100,0.0,0.0,0.0
2022-11-28 00:00:00-05:00,65.10878801040072,65.48997102268875,63.75651650305637,63.79281997680664,77800,0.0,0.0,0.0
2022-11-29 00:00:00-05:00,63.69298320046125,65.20861678348918,63.69298320046125,65.19953918457031,54800,0.0,0.0,0.0
2022-11-30 00:00:00-05:00,65.06342780450281,66.78779817000732,64.48258594838276,66.74242401123047,67400,0.0,0.0,0.0
2022-12-01 00:00:00-05:00,66.86946149046278,67.73164639930398,65.83483683018177,66.4610595703125,68200,0.0,0.0,0.0
2022-12-02 00:00:00-05:00,65.57165359147962,66.68796298991846,65.5172018388368,66.37938690185547,70400,0.0,0.0,0.0
2022-12-05 00:00:00-05:00,65.97097578482003,66.17971209053582,65.19046845871054,65.25399780273438,113400,0.0,0.0,0.0
2022-12-06 00:00:00-05:00,65.12693786023452,65.41735870220366,64.11953904998991,64.4825668334961,61500,0.0,0.0,0.0
2022-12-07 00:00:00-05:00,64.05601317271437,64.96357921849096,64.05601317271437,64.45533752441406,122200,0.0,0.0,0.0
2022-12-08 00:00:00-05:00,64.57331976561545,66.0435721967814,64.57331976561545,65.3447494506836,47400,0.0,0.0,0.0
2022-12-09 00:00:00-05:00,65.1450799348998,65.79852849819873,65.04524713083033,65.08155059814453,53300,0.0,0.0,0.0
2022-12-12 00:00:00-05:00,65.14510527497445,65.36291923940635,64.2193907330031,65.335693359375,59300,0.0,0.0,0.0
2022-12-13 00:00:00-05:00,66.99966347340263,67.28402453368491,65.42190469031844,66.09153747558594,33100,0.764,0.0,0.0
2022-12-14 00:00:00-05:00,65.94476860144717,66.92628039554745,65.45860018919907,65.75213623046875,60400,0.0,0.0,0.0
2022-12-15 00:00:00-05:00,64.99995684899537,65.55951108282528,64.54130629657426,65.05499267578125,77700,0.0,0.0,0.0
2022-12-16 00:00:00-05:00,64.17437789728918,64.17437789728918,62.670004798948455,63.247901916503906,60800,0.0,0.0,0.0
2022-12-19 00:00:00-05:00,63.34880076845777,63.34880076845777,61.84442778455947,62.25721740722656,77400,0.0,0.0,0.0
2022-12-20 00:00:00-05:00,61.90864250838251,62.26638933837899,61.33992036759388,61.945335388183594,85600,0.0,0.0,0.0
2022-12-21 00:00:00-05:00,62.36729368878407,63.03692650517127,62.13796843636331,62.376468658447266,80300,0.0,0.0,0.0
2022-12-22 00:00:00-05:00,61.954507108702224,62.32142888901951,61.11975988351912,62.29391098022461,49800,0.0,0.0,0.0
2022-12-23 00:00:00-05:00,62.04625164770845,62.78009539573037,61.78023346401182,62.76174545288086,31500,0.0,0.0,0.0
2022-12-27 00:00:00-05:00,62.816771976309084,63.101133030585004,62.28473574702763,62.90850067138672,160500,0.0,0.0,0.0
2022-12-28 00:00:00-05:00,63.064456594207584,63.367167665488424,61.8077514488146,61.89031219482422,80600,0.0,0.0,0.0
2022-12-29 00:00:00-05:00,62.15631766041026,63.27542599909737,62.15631766041026,63.12865447998047,68300,0.0,0.0,0.0
2022-12-30 00:00:00-05:00,62.660828952596944,62.9910578718517,62.00037111408742,62.68834686279297,82100,0.0,0.0,0.0
2023-01-03 00:00:00-05:00,62.93601905877455,63.52309110987785,61.6884892005673,62.422332763671875,44200,0.0,0.0,0.0
2023-01-04 00:00:00-05:00,62.835121224438225,64.26610860697933,62.835121224438225,63.7065544128418,59200,0.0,0.0,0.0
2023-01-05 00:00:00-05:00,63.1561643858117,63.1561643858117,61.76187012316961,62.16547775268555,56600,0.0,0.0,0.0
2023-01-06 00:00:00-05:00,62.55075124347778,64.15602783472215,62.34894392368354,63.99091339111328,42800,0.0,0.0,0.0
2023-01-09 00:00:00-05:00,64.11016937711017,64.65138063202714,63.61482597375365,63.88084411621094,49800,0.0,0.0,0.0
2023-01-10 00:00:00-05:00,63.76158835358951,63.9083528603173,63.25707005260214,63.72489547729492,54800,0.0,0.0,0.0
2023-01-11 00:00:00-05:00,64.20188876141637,66.34837653101641,64.20188876141637,66.31168365478516,81800,0.0,0.0,0.0
2023-01-12 00:00:00-05:00,66.641925936019,67.06388359980713,66.01816091162527,66.72447967529297,47800,0.0,0.0,0.0
2023-01-13 00:00:00-05:00,66.0640161801538,66.5777095087384,65.74296222382053,65.96311950683594,31000,0.0,0.0,0.0
2023-01-17 00:00:00-05:00,65.9447591551951,66.83454212115133,65.9447591551951,66.5593490600586,54500,0.0,0.0,0.0
2023-01-18 00:00:00-05:00,66.72446847802067,66.80702920189178,65.66040302582655,65.71543884277344,48900,0.0,0.0,0.0
2023-01-19 00:00:00-05:00,65.36687558031637,66.22913381889245,65.35770061013795,65.53199005126953,48300,0.0,0.0,0.0
2023-01-20 00:00:00-05:00,65.59619802950807,66.1740951538086,64.99995096563849,66.1740951538086,50600,0.0,0.0,0.0
2023-01-23 00:00:00-05:00,66.19244588850499,66.94463245549021,65.86221695680891,66.68778228759766,76500,0.0,0.0,0.0
2023-01-24 00:00:00-05:00,66.66943401647848,67.4583134015255,66.48597662395862,67.32071685791016,168300,0.0,0.0,0.0
2023-01-25 00:00:00-05:00,67.10056025625293,67.10973522454854,66.5134882574386,66.95378875732422,50300,0.0,0.0,0.0
2023-01-26 00:00:00-05:00,67.30238816249542,67.61426719547812,67.02719501702047,67.50418853759766,39800,0.0,0.0,0.0
2023-01-27 00:00:00-05:00,67.20147468795301,68.74254068156414,67.20147468795301,68.54073333740234,36800,0.0,0.0,0.0
2023-01-30 00:00:00-05:00,67.9995185915019,68.50403692590213,67.53170013427734,67.53170013427734,48700,0.0,0.0,0.0
2023-01-31 00:00:00-05:00,67.54088074637845,69.29292929153424,67.46750197364626,69.26541137695312,51300,0.0,0.0,0.0
2023-02-01 00:00:00-05:00,68.96269614928092,69.85247932534158,68.21968450671359,69.43968963623047,78900,0.0,0.0,0.0
2023-02-02 00:00:00-05:00,69.89832553954379,71.85218092881334,69.89832553954379,71.36601257324219,50100,0.0,0.0,0.0
2023-02-03 00:00:00-05:00,70.40284630667794,70.40284630667794,69.4580274694805,70.19186401367188,38000,0.0,0.0,0.0
2023-02-06 00:00:00-05:00,69.85246507694426,70.13682611701921,69.35712175012144,70.0909652709961,32900,0.0,0.0,0.0
2023-02-07 00:00:00-05:00,69.75156845290425,70.54044786795207,69.10945355776353,70.13683319091797,50900,0.0,0.0,0.0
2023-02-08 00:00:00-05:00,69.87080443588708,70.33862983143726,69.70569000207232,70.2193832397461,42500,0.0,0.0,0.0
2023-02-09 00:00:00-05:00,70.71473089041191,70.72390585999898,69.13697904554851,69.30209350585938,40600,0.0,0.0,0.0
2023-02-10 00:00:00-05:00,68.93516447221184,69.64148309037654,68.66914636970941,69.5130615234375,28100,0.0,0.0,0.0
2023-02-13 00:00:00-05:00,69.53141996516882,70.37533522211734,69.53141996516882,70.07262420654297,19700,0.0,0.0,0.0
2023-02-14 00:00:00-05:00,69.88917397270735,70.43037826960719,69.36631261873121,69.7699203491211,196800,0.0,0.0,0.0
2023-02-15 00:00:00-05:00,69.37547396069151,70.00841390707541,69.10945582378308,69.98089599609375,24700,0.0,0.0,0.0
2023-02-16 00:00:00-05:00,69.19201168335695,70.24690918690412,68.74253617258415,69.6873550415039,56700,0.0,0.0,0.0
2023-02-17 00:00:00-05:00,69.3571292428324,69.76991189388612,68.88930377277396,69.65066528320312,44300,0.0,0.0,0.0
2023-02-21 00:00:00-05:00,69.23788944463614,69.23788944463614,68.45817791833724,68.6966781616211,23400,0.0,0.0,0.0
2023-02-22 00:00:00-05:00,68.86178507866923,68.92599586806784,67.64177308164456,67.95365905761719,25400,0.0,0.0,0.0
2023-02-23 00:00:00-05:00,68.27470173336745,68.27470173336745,67.3207080209004,68.08206939697266,45900,0.0,0.0,0.0
2023-02-24 00:00:00-05:00,67.64177079404536,67.64177079404536,66.89875925635376,67.32071685791016,54600,0.0,0.0,0.0
2023-02-27 00:00:00-05:00,67.84358275923375,68.22884750891315,66.80703512363402,67.00884246826172,23700,0.0,0.0,0.0
2023-02-28 00:00:00-05:00,66.92628216006369,67.77937239600348,66.81620351726612,66.87124633789062,40700,0.0,0.0,0.0
2023-03-01 00:00:00-05:00,66.52266621105821,66.52266621105821,65.06416096342434,65.66040802001953,66600,0.0,0.0,0.0
2023-03-02 00:00:00-05:00,65.34851042609417,66.69694379187257,65.34851042609417,66.6235580444336,19600,0.0,0.0,0.0
2023-03-03 00:00:00-05:00,67.06386754061081,67.94447554092133,67.06386754061081,67.78853607177734,27300,0.0,0.0,0.0
2023-03-06 00:00:00-05:00,67.81607499557491,68.13712900168008,67.55923179069077,67.80690002441406,23000,0.0,0.0,0.0
2023-03-07 00:00:00-05:00,67.79772010410888,67.80688807520166,66.16491844938717,66.28417205810547,26800,0.0,0.0,0.0
2023-03-08 00:00:00-05:00,66.27499927002708,67.4399684962162,66.10988480505644,66.87124633789062,46500,0.0,0.0,0.0
2023-03-09 00:00:00-05:00,66.85289747940357,67.06387979856494,65.45860297367497,65.50447082519531,88400,0.0,0.0,0.0
2023-03-10 00:00:00-05:00,65.50446967939241,65.50446967939241,62.54158428367498,62.71587371826172,95100,0.0,0.0,0.0
2023-03-13 00:00:00-04:00,62.21136325732114,64.32115868624639,62.21136325732114,63.84415817260742,77000,0.0,0.0,0.0
2023-03-14 00:00:00-04:00,64.70641995282087,65.04582387674063,63.90836548231046,64.49543762207031,51600,0.0,0.0,0.0
2023-03-15 00:00:00-04:00,63.65152155694776,64.56882263947874,63.44971419903865,64.42205810546875,52200,0.0,0.0,0.0
2023-03-16 00:00:00-04:00,63.97256616092207,64.30279506211411,63.20203672377454,64.0918197631836,66400,0.0,0.0,0.0
2023-03-17 00:00:00-04:00,63.981750702664876,63.981750702664876,62.78008852037032,62.84429931640625,29200,0.0,0.0,0.0
2023-03-20 00:00:00-04:00,62.88098744940096,63.68820982407981,62.642487225662364,63.46805953979492,42900,0.0,0.0,0.0
2023-03-21 00:00:00-04:00,63.8716666963064,63.880841665956886,62.2388720210847,62.725040435791016,57500,0.0,0.0,0.0
2023-03-22 00:00:00-04:00,62.58743879126533,62.58743879126533,60.495987017459065,60.54185485839844,125500,0.0,0.0,0.0
2023-03-23 00:00:00-04:00,60.95326915830186,61.44214865819424,60.0861956075628,60.15076446533203,74600,0.366,0.0,0.0
2023-03-24 00:00:00-04:00,59.95705711554326,61.64508056640625,59.9201596205133,61.64508056640625,75800,0.0,0.0,0.0
2023-03-27 00:00:00-04:00,62.10628310205823,62.28153739081245,61.60817752025141,61.68197250366211,39600,0.0,0.0,0.0
2023-03-28 00:00:00-04:00,61.41447701045084,61.829561517398126,61.18387294270731,61.47904586791992,38900,0.0,0.0,0.0
2023-03-29 00:00:00-04:00,61.96791923846498,63.05637061209296,61.96791923846498,62.96413040161133,37300,0.0,0.0,0.0
2023-03-30 00:00:00-04:00,63.628277544404966,64.02491682289745,63.5729277825955,63.9234504699707,31500,0.0,0.0,0.0
2023-03-31 00:00:00-04:00,64.21862827454109,65.14104461669922,63.951126690817844,65.14104461669922,28000,0.0,0.0,0.0
2023-04-03 00:00:00-04:00,65.1963991811128,65.91588293261606,64.67062205213122,64.8551025390625,48900,0.0,0.0,0.0
2023-04-04 00:00:00-04:00,65.15025034426674,65.15025034426674,64.34775279524818,64.86430358886719,43800,0.0,0.0,0.0
2023-04-05 00:00:00-04:00,64.91042766700606,65.05801059301425,64.6337000042101,64.89197540283203,31800,0.0,0.0,0.0
2023-04-06 00:00:00-04:00,64.94732665658458,65.52844631689369,64.70749647912562,65.4823226928711,24400,0.0,0.0,0.0
2023-04-10 00:00:00-04:00,65.18715509346467,65.87896728515625,64.96577716261707,65.87896728515625,30800,0.0,0.0,0.0
2023-04-11 00:00:00-04:00,65.95276025658625,66.84750512312652,65.95276025658625,66.54310607910156,32400,0.0,0.0,0.0
2023-04-12 00:00:00-04:00,66.86593946490974,67.08732439041786,66.12801082564455,66.1372299194336,20700,0.0,0.0,0.0
2023-04-13 00:00:00-04:00,66.34940807644952,66.34940807644952,64.95655742292523,65.5561294555664,19900,0.0,0.0,0.0
2023-04-14 00:00:00-04:00,65.53767239659769,65.99888048654566,64.15404812675376,64.58757781982422,27300,0.0,0.0,0.0
2023-04-17 00:00:00-04:00,64.64292405185834,65.79594421386719,64.64292405185834,65.79594421386719,48600,0.0,0.0,0.0
2023-04-18 00:00:00-04:00,65.93431214585246,66.0265523570607,65.20560251359646,65.50999450683594,31300,0.0,0.0,0.0
2023-04-19 00:00:00-04:00,65.28862272474247,65.95276356778511,64.96577843645163,65.81439971923828,40900,0.0,0.0,0.0
2023-04-20 00:00:00-04:00,65.54687835660125,65.71291351721014,65.067225135662,65.32550048828125,29200,0.0,0.0,0.0
2023-04-21 00:00:00-04:00,65.47310268832312,65.74982331618288,64.92887348982161,65.4269790649414,33600,0.0,0.0,0.0
2023-04-24 00:00:00-04:00,65.47310435299384,65.71292749574116,64.82740879661705,65.24250030517578,29100,0.0,0.0,0.0
2023-04-25 00:00:00-04:00,65.07646656144183,65.20560426810351,64.80896501550629,64.93810272216797,65900,0.0,0.0,0.0
2023-04-26 00:00:00-04:00,64.86431087985588,65.44543058799727,64.35697912375642,64.44922637939453,80000,0.0,0.0,0.0
2023-04-27 00:00:00-04:00,64.45843705006493,65.98042508195734,64.45843705006493,65.82361602783203,23900,0.0,0.0,0.0
2023-04-28 00:00:00-04:00,65.82363613418906,67.18880849148238,65.82363613418906,66.84751892089844,28300,0.0,0.0,0.0
2023-05-01 00:00:00-04:00,66.78292165257282,67.33636986036836,66.58921513171818,66.69068145751953,26900,0.0,0.0,0.0
2023-05-02 00:00:00-04:00,66.43241313299326,66.55233174569621,65.01189834578159,65.62068939208984,36100,0.0,0.0,0.0
2023-05-03 00:00:00-04:00,66.01732134340185,66.45085804524975,65.20559769232005,65.50077056884766,35300,0.0,0.0,0.0
2023-05-04 00:00:00-04:00,65.48232319981896,66.38629416033064,65.22404779323763,65.86974334716797,28800,0.0,0.0,0.0
2023-05-05 00:00:00-04:00,66.29406041121176,67.22569578469667,66.29406041121176,67.12422943115234,28600,0.0,0.0,0.0
2023-05-08 00:00:00-04:00,67.14268533177395,67.17958282937602,66.7644912594613,67.02277374267578,37000,0.0,0.0,0.0
2023-05-09 00:00:00-04:00,66.69069678561074,67.15190490435637,65.9896584746237,66.8382797241211,25400,0.0,0.0,0.0
2023-05-10 00:00:00-04:00,67.36404871282784,67.58542661309049,66.73680546418649,67.31793212890625,44700,0.0,0.0,0.0
2023-05-11 00:00:00-04:00,67.0412115846115,67.0412115846115,66.38629690867386,66.9305191040039,23900,0.0,0.0,0.0
2023-05-12 00:00:00-04:00,67.03199219065237,67.05044445801398,66.36785131519468,66.87518310546875,24100,0.0,0.0,0.0
2023-05-15 00:00:00-04:00,66.97664069929117,67.00431205923464,66.51543260029453,66.69991302490234,16900,0.0,0.0,0.0
2023-05-16 00:00:00-04:00,66.65379348672788,66.6999100720997,65.13180541992188,65.13180541992188,40200,0.0,0.0,0.0
2023-05-17 00:00:00-04:00,65.41775073920499,65.44542209731542,64.88274769081471,65.43620300292969,19300,0.0,0.0,0.0
2023-05-18 00:00:00-04:00,65.19638079349843,65.4546562173515,64.64293245131653,64.95655059814453,33100,0.0,0.0,0.0
2023-05-19 00:00:00-04:00,65.12257898567668,65.62068455272791,64.60602819205768,64.86430358886719,17400,0.0,0.0,0.0
2023-05-22 00:00:00-04:00,64.99345397949219,65.36242192019242,64.56914331080428,64.99345397949219,37900,0.0,0.0,0.0
2023-05-23 00:00:00-04:00,64.9381025100608,65.59301717384226,64.80896480382091,64.81818389892578,29100,0.0,0.0,0.0
2023-05-24 00:00:00-04:00,64.74439458896244,64.74439458896244,63.53602459530837,63.6467170715332,30900,0.0,0.0,0.0
2023-05-25 00:00:00-04:00,63.72973904950519,63.72973904950519,62.79810364968122,63.21318817138672,22200,0.0,0.0,0.0
2023-05-26 00:00:00-04:00,63.3330834153394,63.84963410277225,62.798080467655204,63.7666130065918,21500,0.0,0.0,0.0
2023-05-30 00:00:00-04:00,63.932655204202796,64.569124540956,63.914209979394855,64.1724853515625,67600,0.0,0.0,0.0
2023-05-31 00:00:00-04:00,64.38465641058949,64.64293183196799,63.83120103623278,64.27396392822266,33500,0.0,0.0,0.0
2023-06-01 00:00:00-04:00,64.27396225964351,64.67060151431427,63.4899098829624,64.45844268798828,70900,0.0,0.0,0.0
2023-06-02 00:00:00-04:00,65.28861201775253,66.26637085550819,65.17792658704903,66.15568542480469,68700,0.0,0.0,0.0
2023-06-05 00:00:00-04:00,66.07266239980302,66.25714984142407,65.62068048341499,65.68524932861328,26400,0.0,0.0,0.0
2023-06-06 00:00:00-04:00,66.01733469317817,66.34940512610632,65.62069540037388,66.31250762939453,41600,0.0,0.0,0.0
2023-06-07 00:00:00-04:00,66.50353486631485,67.94100081683095,66.30878264745525,67.7647933959961,45000,0.386,0.0,0.0
2023-06-08 00:00:00-04:00,67.6349530359428,67.6349530359428,66.6426401495438,67.32891082763672,29900,0.0,0.0,0.0
2023-06-09 00:00:00-04:00,67.39384826558768,67.57005572435841,67.16199932529697,67.42166900634766,23500,0.0,0.0,0.0
2023-06-12 00:00:00-04:00,67.40312084720513,67.40312084720513,66.79103627909888,67.33820343017578,20100,0.0,0.0,0.0
2023-06-13 00:00:00-04:00,67.44021175483232,67.74625401270119,67.00433467401312,67.63496398925781,41900,0.0,0.0,0.0
2023-06-14 00:00:00-04:00,67.7833546168392,68.20068696590839,67.3289326627343,67.71843719482422,121400,0.0,0.0,0.0
2023-06-15 00:00:00-04:00,67.6720588731071,67.91318371312053,67.25472660283766,67.9039077758789,35500,0.0,0.0,0.0
2023-06-16 00:00:00-04:00,68.01519404176204,68.55308522056731,67.92245589121876,68.09866333007812,45000,0.0,0.0,0.0
2023-06-20 00:00:00-04:00,67.82045008572933,67.82045008572933,66.98579955343867,67.31038665771484,30000,0.0,0.0,0.0
2023-06-21 00:00:00-04:00,67.12488981863551,67.2547246343502,66.39224645826442,67.04142761230469,47800,0.0,0.0,0.0
2023-06-22 00:00:00-04:00,67.12488730714445,67.17125991479328,65.40920695613555,65.8914566040039,74300,0.0,0.0,0.0
2023-06-23 00:00:00-04:00,65.75236196124646,65.98421090534433,64.76931762695312,64.76931762695312,32100,0.0,0.0,0.0
2023-06-26 00:00:00-04:00,64.91771638614794,66.5592041015625,64.71368814543064,66.5592041015625,23800,0.0,0.0,0.0
2023-06-27 00:00:00-04:00,66.80959069839744,67.40312341253183,66.49427246406276,67.30110931396484,23400,0.0,0.0,0.0
2023-06-28 00:00:00-04:00,67.10634134867634,67.37528690236145,66.55917430484347,67.01360321044922,36000,0.0,0.0,0.0
2023-06-29 00:00:00-04:00,66.82811999084714,67.57931518554688,66.80957519335158,67.57931518554688,63500,0.0,0.0,0.0
2023-06-30 00:00:00-04:00,67.95028686523438,68.38616402146474,66.93942884373709,67.95028686523438,23100,0.0,0.0,0.0
2023-07-03 00:00:00-04:00,67.66279772740869,68.84986323702609,67.66279772740869,68.63656616210938,14000,0.0,0.0,0.0
2023-07-05 00:00:00-04:00,68.47888972009018,69.10951902964047,67.67206005267958,68.53453826904297,39600,0.0,0.0,0.0
2023-07-06 00:00:00-04:00,68.11721253496444,68.39543408005348,66.5684633867894,68.35833740234375,23300,0.0,0.0,0.0
2023-07-07 00:00:00-04:00,68.17285672873537,68.33051229231675,67.90391113914323,67.98737335205078,33200,0.0,0.0,0.0
2023-07-10 00:00:00-04:00,68.01519259175586,68.28413817542489,67.46803256238825,68.20067596435547,23900,0.0,0.0,0.0
2023-07-11 00:00:00-04:00,68.31196617246528,69.24863067362173,68.237772823225,69.22080993652344,30000,0.0,0.0,0.0
2023-07-12 00:00:00-04:00,69.7030746119632,70.31515218607746,69.38775634765625,69.38775634765625,32400,0.0,0.0,0.0
2023-07-13 00:00:00-04:00,69.40628820015648,69.97200012207031,69.22081189726921,69.97200012207031,29800,0.0,0.0,0.0
2023-07-14 00:00:00-04:00,69.77724898181248,70.1296638685104,69.44338597097631,70.03691864013672,16800,0.0,0.0,0.0
2023-07-17 00:00:00-04:00,69.962732571723,70.11111220172181,69.52685546875,69.52685546875,29000,0.0,0.0,0.0
2023-07-18 00:00:00-04:00,69.5546820153101,69.62887537423879,68.40471325378806,68.66438293457031,44500,0.0,0.0,0.0
2023-07-19 00:00:00-04:00,68.83129112020033,69.66594843652379,68.83129112020033,69.34135437011719,32900,0.0,0.0,0.0
2023-07-20 00:00:00-04:00,69.41556697987318,69.91636150873268,68.8962276501527,69.87926483154297,30700,0.0,0.0,0.0
2023-07-21 00:00:00-04:00,70.0554664620697,70.47279166373163,69.88853496631151,70.28731536865234,22600,0.0,0.0,0.0
2023-07-24 00:00:00-04:00,70.53770476348674,70.79737439091427,70.22239366602949,70.48206329345703,23700,0.0,0.0,0.0
2023-07-25 00:00:00-04:00,70.3244031446394,70.3244031446394,69.59175984348327,69.65667724609375,29700,0.0,0.0,0.0
2023-07-26 00:00:00-04:00,69.6103333440833,70.25023877329713,69.4804984853253,69.81436157226562,35200,0.0,0.0,0.0
2023-07-27 00:00:00-04:00,70.02764799343451,70.02764799343451,68.09866333007812,68.09866333007812,26700,0.0,0.0,0.0
2023-07-28 00:00:00-04:00,68.46034514527808,68.92404296042504,67.69988101145576,67.9131851196289,64600,0.0,0.0,0.0
2023-07-31 00:00:00-04:00,68.0059273313447,68.76639151060951,67.8389958248979,68.33979034423828,33200,0.0,0.0,0.0
2023-08-01 00:00:00-04:00,68.22851313008842,68.53455546196913,67.82973262731112,68.1543197631836,100700,0.0,0.0,0.0
2023-08-02 00:00:00-04:00,67.72770685601058,68.09866655119771,67.53295460801758,67.83899688720703,22800,0.0,0.0,0.0
2023-08-03 00:00:00-04:00,67.51440805738365,67.99665069580078,66.80958536234246,67.99665069580078,38100,0.0,0.0,0.0
2023-08-04 00:00:00-04:00,67.6720550182186,67.71842055085159,66.42007242966255,66.63336944580078,25100,0.0,0.0,0.0
2023-08-07 00:00:00-04:00,66.911585849961,67.89462280273438,66.911585849961,67.89462280273438,20700,0.0,0.0,0.0
2023-08-08 00:00:00-04:00,67.28255385690485,67.28255385690485,66.7261108344909,67.05070495605469,47300,0.0,0.0,0.0
2023-08-09 00:00:00-04:00,67.0136218204678,67.39385041543028,66.70757951140907,67.09708404541016,16600,0.0,0.0,0.0
2023-08-10 00:00:00-04:00,67.30109167434385,67.69059608925514,66.60554504394531,66.60554504394531,30600,0.0,0.0,0.0
2023-08-11 00:00:00-04:00,66.32732434915361,66.9486847237085,66.32732434915361,66.83739471435547,19000,0.0,0.0,0.0
2023-08-14 00:00:00-04:00,66.61482822438447,66.80030451580778,65.9841989278914,66.0954818725586,19800,0.0,0.0,0.0
2023-08-15 00:00:00-04:00,65.8358218377187,65.94711187408653,65.25156506659059,65.42777252197266,28500,0.0,0.0,0.0
2023-08-16 00:00:00-04:00,65.37212328682999,65.49268926050945,64.98261877679158,65.08463287353516,47600,0.0,0.0,0.0
2023-08-17 00:00:00-04:00,65.07535176082959,65.53904959080637,64.59310913085938,64.59310913085938,32300,0.0,0.0,0.0
2023-08-18 00:00:00-04:00,64.20359316024498,64.70438050057467,64.20359316024498,64.50962829589844,43800,0.0,0.0,0.0
2023-08-21 00:00:00-04:00,64.40762286718929,64.5003680894022,63.628613943963565,64.00884246826172,159400,0.0,0.0,0.0
2023-08-22 00:00:00-04:00,64.09231175315993,64.26851918480402,63.89755952235351,64.00884246826172,42900,0.0,0.0,0.0
2023-08-23 00:00:00-04:00,64.31488269048309,65.02898125636807,64.31488269048309,65.01042938232422,32600,0.0,0.0,0.0
2023-08-24 00:00:00-04:00,65.02898949597655,66.01202668085335,64.87132684849418,64.89915466308594,26200,0.0,0.0,0.0
2023-08-25 00:00:00-04:00,65.01044853981898,65.41850498342926,64.81569625776923,65.09391784667969,94800,0.0,0.0,0.0
2023-08-28 00:00:00-04:00,65.27937794080273,65.91928319074168,65.27937794080273,65.37211608886719,34200,0.0,0.0,0.0
2023-08-29 00:00:00-04:00,65.47414787472832,66.02131512452458,65.16810553545935,66.01203918457031,21300,0.0,0.0,0.0
2023-08-30 00:00:00-04:00,66.08621263023903,66.37370300292969,65.99347448506143,66.37370300292969,40800,0.0,0.0,0.0
2023-08-31 00:00:00-04:00,66.39224371255358,66.39224371255358,65.78016633170685,65.83580780029297,21200,0.0,0.0,0.0
2023-09-01 00:00:00-04:00,66.27169089278543,66.27169089278543,65.50195082151731,65.59469604492188,27300,0.0,0.0,0.0
2023-09-05 00:00:00-04:00,65.48339865691533,65.65033013461402,64.63946533203125,64.63946533203125,35400,0.0,0.0,0.0
2023-09-06 00:00:00-04:00,64.4818256243141,64.80641272302367,64.073769228526,64.5281982421875,20500,0.0,0.0,0.0
2023-09-07 00:00:00-04:00,64.39835404366335,65.13099743168564,64.3334366333559,64.68584442138672,37800,0.0,0.0,0.0
2023-09-08 00:00:00-04:00,64.82496644749463,64.82496644749463,64.14796441477996,64.2592544555664,41000,0.0,0.0,0.0
2023-09-11 00:00:00-04:00,64.30560916234924,64.60238255443342,64.16650547914367,64.51891326904297,30600,0.0,0.0,0.0
2023-09-12 00:00:00-04:00,64.52820261787713,64.87133454172316,64.19433955785983,64.78787231445312,29100,0.0,0.0,0.0
2023-09-13 00:00:00-04:00,64.85278435241923,64.85278435241923,64.10159606750257,64.2406997680664,22300,0.0,0.0,0.0
2023-09-14 00:00:00-04:00,64.61165582293779,65.52978264751472,64.61165582293779,65.4555892944336,46400,0.0,0.0,0.0
2023-09-15 00:00:00-04:00,65.19592218573585,65.60397149271702,65.12172882975096,65.41849517822266,23800,0.0,0.0,0.0
2023-09-18 00:00:00-04:00,65.31647402712997,65.31647402712997,64.45399581450708,64.63020324707031,74600,0.0,0.0,0.0
2023-09-19 00:00:00-04:00,64.63021123996586,64.93624645612461,64.33344488684939,64.4632797241211,70300,0.0,0.0,0.0
2023-09-20 00:00:00-04:00,64.7414957280171,65.41849774588262,64.7414957280171,64.81568908691406,15100,0.0,0.0,0.0
2023-09-21 00:00:00-04:00,64.50964203230362,64.50964203230362,63.10927963256836,63.10927963256836,50800,0.0,0.0,0.0
2023-09-22 00:00:00-04:00,63.10000077224251,63.51732598387561,62.61775107276659,62.63630294799805,38600,0.0,0.0,0.0
2023-09-25 00:00:00-04:00,62.31172982468787,62.673413642466556,62.200439774806405,62.599220275878906,39700,0.0,0.0,0.0
2023-09-26 00:00:00-04:00,62.338760715347014,62.338760715347014,61.5330593097847,61.757904052734375,25400,0.682,0.0,0.0
2023-09-27 00:00:00-04:00,62.038975656731594,62.385609870642305,61.00842933688186,61.167694091796875,22600,0.0,0.0,0.0
2023-09-28 00:00:00-04:00,61.50495518613398,61.889064661115164,61.317578608850596,61.52368927001953,39900,0.0,0.0,0.0
2023-09-29 00:00:00-04:00,62.22633293237364,62.61981300783678,61.35505153802794,61.786006927490234,28900,0.0,0.0,0.0
2023-10-02 00:00:00-04:00,61.74853888122436,61.9733836179711,60.3994561653733,60.76483154296875,51800,0.0,0.0,0.0
2023-10-03 00:00:00-04:00,60.399456349284556,60.62430108671593,59.603122005121556,59.818599700927734,126100,0.0,0.0,0.0
2023-10-04 00:00:00-04:00,60.03408944793544,60.671155583688304,59.603130421625096,60.60557556152344,76100,0.0,0.0,0.0
2023-10-05 00:00:00-04:00,60.59620529729004,61.092740774811006,60.43694054934679,61.008426666259766,31600,0.0,0.0,0.0
2023-10-06 00:00:00-04:00,60.652406816832645,61.654848258380554,60.13713732030333,61.28010940551758,30000,0.0,0.0,0.0
2023-10-09 00:00:00-04:00,61.02716295802247,62.25444934475856,61.02716295802247,62.132659912109375,28900,0.0,0.0,0.0
2023-10-10 00:00:00-04:00,62.26380765284288,62.928978387695146,61.91716636241906,62.32938766479492,21600,0.0,0.0,0.0
2023-10-11 00:00:00-04:00,62.910255140816446,63.31310589725034,62.58235502457641,63.25688934326172,23800,0.0,0.0,0.0
2023-10-12 00:00:00-04:00,63.069515820972754,63.069515820972754,62.25444374375075,62.45119094848633,27900,0.0,0.0,0.0
2023-10-13 00:00:00-04:00,62.854033012797316,62.854033012797316,62.04833871906669,62.207603454589844,29800,0.0,0.0,0.0
2023-10-16 00:00:00-04:00,62.43244747086967,62.96645822014126,61.982757970265034,62.769718170166016,24900,0.0,0.0,0.0
2023-10-17 00:00:00-04:00,62.3293894873964,63.55667566739459,62.3293894873964,62.99456024169922,56000,0.0,0.0,0.0
2023-10-18 00:00:00-04:00,62.73223848023355,62.73223848023355,61.917166489145394,62.001487731933594,46000,0.0,0.0,0.0
2023-10-19 00:00:00-04:00,61.66421736158137,62.226332774774384,60.70862187392177,60.72735595703125,44000,0.0,0.0,0.0
2023-10-20 00:00:00-04:00,61.02714917592219,61.13957511368396,60.00597371173834,60.02470779418945,36500,0.0,0.0,0.0
2023-10-23 00:00:00-04:00,59.62185653016844,60.03407781687565,59.2096388173037,59.2564811706543,41300,0.0,0.0,0.0
2023-10-24 00:00:00-04:00,59.4813364935781,59.94039661399852,59.425123518614356,59.799869537353516,31500,0.0,0.0,0.0
2023-10-25 00:00:00-04:00,59.41574730825323,59.453222621367246,58.50699419521504,58.516361236572266,25700,0.0,0.0,0.0
2023-10-26 00:00:00-04:00,58.74121066539359,59.228379023669774,58.44141530243018,58.7037353515625,45100,0.0,0.0,0.0
2023-10-27 00:00:00-04:00,59.05974469645822,59.05974469645822,57.43897487086165,57.523292541503906,106100,0.0,0.0,0.0
2023-10-30 00:00:00-04:00,57.72939682006836,58.169722809133695,56.8112731031273,57.72939682006836,76400,0.0,0.0,0.0
2023-10-31 00:00:00-04:00,57.93551082189869,58.30088620682364,57.35465773750114,58.29151916503906,84900,0.0,0.0,0.0
2023-11-01 00:00:00-04:00,58.2540462421417,58.37583923339844,57.57950484298787,58.37583923339844,84800,0.0,0.0,0.0
2023-11-02 00:00:00-04:00,59.06911431657997,60.165244082776475,59.06911431657997,59.99660873413086,48800,0.0,0.0,0.0
2023-11-03 00:00:00-04:00,60.914728044420166,61.87033072158103,60.914728044420166,61.1957893371582,66600,0.0,0.0,0.0
2023-11-06 00:00:00-05:00,61.23326422855458,61.23326422855458,60.12776744456037,60.40882873535156,34400,0.0,0.0,0.0
2023-11-07 00:00:00-05:00,60.17461858744668,60.202723289422906,59.62186657373171,59.68744659423828,51400,0.0,0.0,0.0
2023-11-08 00:00:00-05:00,60.13713497271983,60.70862099301775,60.12776435745842,60.53998565673828,34300,0.0,0.0,0.0
2023-11-09 00:00:00-05:00,60.72736044219873,60.783569843363935,59.44386122384504,59.49070358276367,32900,0.0,0.0,0.0
2023-11-10 00:00:00-05:00,59.68744135528968,60.21208147329301,59.481334269149556,60.1183967590332,71700,0.0,0.0,0.0
2023-11-13 00:00:00-05:00,59.73428626364404,59.77176158048562,59.27522614078487,59.52817916870117,57500,0.0,0.0,0.0
2023-11-14 00:00:00-05:00,61.03652132363922,63.06013822036956,61.03652132363922,62.58234405517578,55400,0.0,0.0,0.0
2023-11-15 00:00:00-05:00,62.45118084471967,63.088239699134924,62.37623022148794,62.42306900024414,25900,0.0,0.0,0.0
2023-11-16 00:00:00-05:00,62.47929813178802,62.807198239896366,62.263816833496094,62.263816833496094,44300,0.0,0.0,0.0
2023-11-17 00:00:00-05:00,62.85403616527549,62.85403616527549,61.823489919216044,62.076446533203125,34700,0.0,0.0,0.0
2023-11-20 00:00:00-05:00,62.17012275404998,62.66665814985049,61.495581405911466,62.58234405517578,39900,0.0,0.0,0.0
2023-11-21 00:00:00-05:00,62.451180055555575,62.451180055555575,62.02021755126136,62.21696472167969,42300,0.0,0.0,0.0
2023-11-22 00:00:00-05:00,62.732238351839,62.732238351839,62.10454293062865,62.32938766479492,29600,0.0,0.0,0.0
2023-11-24 00:00:00-05:00,62.254442783114456,62.67603473973178,61.97338862638879,62.666664123535156,15200,0.0,0.0,0.0
2023-11-27 00:00:00-05:00,62.544874971876695,62.97583039885243,62.301288983521395,62.704139709472656,56900,0.0,0.0,0.0
2023-11-28 00:00:00-05:00,62.57297068441001,63.0695060583451,62.17949063121822,62.82592010498047,27000,0.0,0.0,0.0
2023-11-29 00:00:00-05:00,63.472362590719186,63.837737980681176,62.80719182571952,62.85403060913086,67000,0.0,0.0,0.0
2023-11-30 00:00:00-05:00,62.89151848436784,63.39742462096812,62.62919837228333,63.369319915771484,42500,0.0,0.0,0.0
2023-12-01 00:00:00-05:00,63.48173017641494,64.9713363647461,63.453625478172505,64.9713363647461,56500,0.0,0.0,0.0
2023-12-04 00:00:00-05:00,64.73711342865415,65.2804946899414,64.57784872548926,65.2804946899414,314900,0.0,0.0,0.0
2023-12-05 00:00:00-05:00,65.11187039041347,65.11187039041347,64.47480432226891,64.87765502929688,74200,0.0,0.0,0.0
2023-12-06 00:00:00-05:00,65.04628210348298,65.28986804942016,64.39984550174704,64.41858673095703,39300,0.0,0.0,0.0
2023-12-07 00:00:00-05:00,64.3155404361975,64.83080994880478,64.15627570399265,64.68091583251953,69800,0.0,0.0,0.0
2023-12-08 00:00:00-05:00,64.39986494296984,64.90577106909399,64.22186609784814,64.89640045166016,55200,0.0,0.0,0.0
2023-12-11 00:00:00-05:00,64.66217969378674,64.99008694762928,64.42796431114849,64.96197509765625,63900,0.0,0.0,0.0
2023-12-12 00:00:00-05:00,64.887028172067,65.27113766246056,64.52165276631071,64.980712890625,64400,0.0,0.0,0.0
2023-12-13 00:00:00-05:00,65.03692341534271,67.86624913938046,64.89639276123597,67.55708312988281,61000,0.0,0.0,0.0
2023-12-14 00:00:00-05:00,68.47520423299655,70.03039776816895,68.47520423299655,69.71186828613281,55000,0.0,0.0,0.0
2023-12-15 00:00:00-05:00,69.55259941348538,69.55259941348538,68.00677642771855,68.5407943725586,54600,0.0,0.0,0.0
2023-12-18 00:00:00-05:00,68.71877908164603,68.71877908164603,68.35340372436251,68.45645904541016,52000,0.0,0.0,0.0
2023-12-19 00:00:00-05:00,68.76563124006084,69.01858068430047,68.59699589467257,68.88742065429688,37000,0.0,0.0,0.0
2023-12-20 00:00:00-05:00,68.89499761321244,69.21671953739934,67.79737466876843,67.80683898925781,83600,0.728,0.0,0.0
2023-12-21 00:00:00-05:00,68.27048458226878,68.55434920353088,67.75005528121375,68.48811340332031,63900,0.0,0.0,0.0
2023-12-22 00:00:00-05:00,68.70573686816272,69.3207875970643,68.57326529198816,68.77197265625,30400,0.0,0.0,0.0
2023-12-26 00:00:00-05:00,69.05584498276447,69.55734555635553,68.73412313871994,69.38702392578125,32500,0.0,0.0,0.0
2023-12-27 00:00:00-05:00,69.54789624023566,69.9074609960491,69.29241734884526,69.82230377197266,28200,0.0,0.0,0.0
2023-12-28 00:00:00-05:00,69.85068939477762,70.4562759399414,69.78445359199911,70.4562759399414,70200,0.0,0.0,0.0
2023-12-29 00:00:00-05:00,70.2670335527036,70.2670335527036,69.56681823730469,69.56681823730469,25900,0.0,0.0,0.0
2024-01-02 00:00:00-05:00,69.33024135771576,70.44679260253906,69.28293420802238,70.44679260253906,56600,0.0,0.0,0.0
2024-01-03 00:00:00-05:00,69.8506834639033,69.8506834639033,68.6111247375134,68.67736053466797,48400,0.0,0.0,0.0
2024-01-04 00:00:00-05:00,68.52596606535265,69.0842454476068,68.31779433702604,68.55435180664062,48600,0.0,0.0,0.0
2024-01-05 00:00:00-05:00,68.21370749264375,68.77198686687554,67.72167113934677,68.19478607177734,58000,0.0,0.0,0.0
2024-01-08 00:00:00-05:00,68.12855467331815,69.07478459933645,67.90146151243896,68.99908447265625,61600,0.0,0.0,0.0
2024-01-09 00:00:00-05:00,68.74360072911936,68.80037221055177,68.12854987667828,68.64897918701172,52600,0.0,0.0,0.0
2024-01-10 00:00:00-05:00,68.87607585768392,69.04639752986085,68.48811813027372,68.85714721679688,32300,0.0,0.0,0.0
2024-01-11 00:00:00-05:00,68.36511850897179,68.60167601246303,68.00555370256343,68.24211120605469,42300,0.0,0.0,0.0
2024-01-12 00:00:00-05:00,68.80037371592044,69.26402433580535,68.59220198723223,68.9896240234375,25000,0.0,0.0,0.0
2024-01-16 00:00:00-05:00,68.73411924294368,68.86659081264204,68.29885448262631,68.52594757080078,35800,0.0,0.0,0.0
2024-01-17 00:00:00-05:00,67.91091036799547,68.52596118905869,66.53888002952874,67.3526382446289,33300,0.0,0.0,0.0
2024-01-18 00:00:00-05:00,67.3053240520858,67.37155985028083,66.32124417950193,66.69973754882812,36500,0.0,0.0,0.0
2024-01-19 00:00:00-05:00,66.99307805751359,67.80683632778758,66.62404898368713,67.52296447753906,26400,0.0,0.0,0.0
2024-01-22 00:00:00-05:00,67.61758117791416,68.18531761858428,67.53242396043588,67.78790283203125,38800,0.0,0.0,0.0
2024-01-23 00:00:00-05:00,68.00554730679491,68.03393304947832,66.77544551666386,67.1160888671875,29300,0.0,0.0,0.0
2024-01-24 00:00:00-05:00,67.78790472682077,67.78790472682077,66.12253819769946,66.20770263671875,69200,0.0,0.0,0.0
2024-01-25 00:00:00-05:00,66.80383269108752,67.0877045623283,66.1320102962567,66.40641784667969,26100,0.0,0.0,0.0
2024-01-26 00:00:00-05:00,66.59564690910437,66.71866139631821,66.07522488042136,66.33070373535156,40800,0.0,0.0,0.0
2024-01-29 00:00:00-05:00,66.33071914821997,66.71867689933403,66.01846152695671,66.52942657470703,35100,0.0,0.0,0.0
2024-01-30 00:00:00-05:00,66.39693975989259,66.46317555356134,65.80081761687389,65.89543914794922,27200,0.0,0.0,0.0
2024-01-31 00:00:00-05:00,66.04685447234071,66.6902911375768,65.28040329133958,65.47911071777344,50800,0.0,0.0,0.0
2024-02-01 00:00:00-05:00,65.20470456795601,66.45372772216797,64.85459691307166,66.45372772216797,99100,0.0,0.0,0.0
2024-02-02 00:00:00-05:00,65.9143693737221,65.93329079272901,64.69373210170944,65.60211181640625,36900,0.0,0.0,0.0
2024-02-05 00:00:00-05:00,64.78836210973863,64.78836210973863,64.04083962588135,64.05976104736328,52600,0.0,0.0,0.0
2024-02-06 00:00:00-05:00,64.18277520193544,64.88298329950456,64.04083927453547,64.7315902709961,44900,0.0,0.0,0.0
2024-02-07 00:00:00-05:00,64.96814913470335,65.04384204099775,64.211162318469,64.636962890625,27900,0.0,0.0,0.0
2024-02-08 00:00:00-05:00,64.58018353149014,65.14791996485796,64.53286915405931,65.07221984863281,25900,0.0,0.0,0.0
2024-02-09 00:00:00-05:00,64.98706950398852,65.14792685360574,64.63696184379708,65.1290054321289,22900,0.0,0.0,0.0
2024-02-12 00:00:00-05:00,65.09115484743052,65.47910534746097,65.03438336429463,65.1479263305664,26900,0.0,0.0,0.0
2024-02-13 00:00:00-05:00,63.832653723087,64.02190399169922,63.255453037348985,64.02190399169922,30300,0.0,0.0,0.0
2024-02-14 00:00:00-05:00,64.48556063566795,65.60211205937738,64.44771057835369,65.1668472290039,33300,0.0,0.0,0.0
2024-02-15 00:00:00-05:00,65.55480254628927,66.36856079101562,65.55480254628927,66.36856079101562,35300,0.0,0.0,0.0
2024-02-16 00:00:00-05:00,65.70621193805519,66.22663409410646,65.4507258014372,65.85760498046875,30400,0.0,0.0,0.0
2024-02-20 00:00:00-05:00,65.49802481531468,65.971139692953,65.32770317059848,65.65888214111328,37200,0.0,0.0,0.0
2024-02-21 00:00:00-05:00,65.838676855657,66.62404938952237,65.838676855657,66.45372772216797,30200,0.0,0.0,0.0
2024-02-22 00:00:00-05:00,66.55779908104103,66.55779908104103,65.94275550102302,65.99952697753906,49400,0.0,0.0,0.0
2024-02-23 00:00:00-05:00,66.12254108371572,66.12254108371572,65.78189775109209,65.83867645263672,22400,0.0,0.0,0.0
2024-02-26 00:00:00-05:00,65.75351124621955,65.97114729143068,64.82621002197266,64.82621002197266,434900,0.0,0.0,0.0
2024-02-27 00:00:00-05:00,65.22362402678945,65.7535104341002,65.17630964649634,65.2803955078125,42100,0.0,0.0,0.0
2024-02-28 00:00:00-05:00,64.67481590604997,65.89545341289579,64.65589448340285,65.31825256347656,18800,0.0,0.0,0.0
2024-02-29 00:00:00-05:00,65.79136530334976,66.20770877904594,65.52642208032906,65.8670654296875,101500,0.0,0.0,0.0
2024-03-01 00:00:00-05:00,65.94275411680604,66.49156188964844,65.13845304752365,66.49156188964844,22400,0.0,0.0,0.0
2024-03-04 00:00:00-05:00,66.29286286239717,67.52296458997434,65.92383378795623,67.50403594970703,37500,0.0,0.0,0.0
2024-03-05 00:00:00-05:00,67.35264350893006,67.47565079509276,66.33071350044243,66.63350677490234,36600,0.0,0.0,0.0
2024-03-06 00:00:00-05:00,67.00253348114795,67.17285514320108,66.58619725547655,66.98361206054688,62200,0.0,0.0,0.0
2024-03-07 00:00:00-05:00,67.44726794640255,67.44726794640255,66.96468866294771,67.33372497558594,40400,0.0,0.0,0.0
2024-03-08 00:00:00-05:00,67.81627314719128,68.27046652792284,67.75003736449699,68.22315216064453,30900,0.0,0.0,0.0
2024-03-11 00:00:00-04:00,68.12854558348155,68.54488900551195,67.84467375588619,68.04338836669922,45300,0.0,0.0,0.0
2024-03-12 00:00:00-04:00,67.91091010810894,68.07177466194656,67.24855213052057,67.78790283203125,21600,0.0,0.0,0.0
2024-03-13 00:00:00-04:00,67.74058845399186,68.23263199662367,67.66489555595355,67.78790283203125,28600,0.0,0.0,0.0
2024-03-14 00:00:00-04:00,67.7784464299115,67.7784464299115,65.94276529795434,66.51996612548828,29700,0.0,0.0,0.0
2024-03-15 00:00:00-04:00,66.30232309417607,66.65243072592231,66.13200143807798,66.48210906982422,32400,0.0,0.0,0.0
2024-03-18 00:00:00-04:00,66.55780566988058,66.7281273354499,66.27394104003906,66.27394104003906,19200,0.0,0.0,0.0
2024-03-19 00:00:00-04:00,66.14145651066559,66.65242140752397,66.09414213869071,66.55779266357422,128500,0.0,0.0,0.0
2024-03-20 00:00:00-04:00,66.47263069199693,67.21068863927678,66.25499470333692,67.05929565429688,38600,0.0,0.0,0.0
2024-03-21 00:00:00-04:00,67.3216035643783,67.88230394891143,66.96998490419028,67.62571716308594,35900,0.306,0.0,0.0
2024-03-22 00:00:00-04:00,67.51166321220526,67.75875184437628,66.71337965075507,66.81791687011719,26500,0.0,0.0,0.0
2024-03-25 00:00:00-04:00,66.7798999152774,67.14103111285571,66.20970153808594,66.20970153808594,24600,0.0,0.0,0.0
2024-03-26 00:00:00-04:00,66.42829246580855,66.43779782798732,65.96263122558594,65.96263122558594,27600,0.0,0.0,0.0
2024-03-27 00:00:00-04:00,66.54232718074638,67.87279510498047,66.54232718074638,67.87279510498047,32700,0.0,0.0,0.0
2024-03-28 00:00:00-04:00,68.07236013192139,68.69007812232401,68.07236013192139,68.49050903320312,38300,0.0,0.0,0.0
2024-04-01 00:00:00-04:00,68.6805765266507,68.6805765266507,67.41663889291503,67.48316192626953,21600,0.0,0.0,0.0
2024-04-02 00:00:00-04:00,67.17905142789076,67.17905142789076,66.45679621736855,66.6658706665039,18900,0.0,0.0,0.0
2024-04-03 00:00:00-04:00,66.58984841702008,66.82743172195457,66.19071020484223,66.74190521240234,33300,0.0,0.0,0.0
2024-04-04 00:00:00-04:00,67.09351928916742,67.75875684791029,66.23821799962177,66.49481201171875,41700,0.0,0.0,0.0
2024-04-05 00:00:00-04:00,66.56132268669349,67.10301219444021,66.22870759429905,67.00798034667969,34100,0.0,0.0,0.0
2024-04-08 00:00:00-04:00,67.4166337463807,68.56653594970703,67.4166337463807,68.56653594970703,33100,0.0,0.0,0.0
2024-04-09 00:00:00-04:00,68.63306433444752,69.49786376953125,68.63306433444752,69.49786376953125,33400,0.0,0.0,0.0
2024-04-10 00:00:00-04:00,67.84427736626344,67.84427736626344,66.71337869149748,67.18854522705078,43600,0.0,0.0,0.0
2024-04-11 00:00:00-04:00,67.48315427782394,67.54967730363883,66.60884233080058,67.19805145263672,30100,0.0,0.0,0.0
2024-04-12 00:00:00-04:00,67.02699153271163,67.02699153271163,66.09566916678618,66.3427505493164,43900,0.0,0.0,0.0
2024-04-15 00:00:00-04:00,66.74189479131296,66.74189479131296,65.17384377348763,65.5634765625,26900,0.0,0.0,0.0
2024-04-16 00:00:00-04:00,65.32590678257117,65.32590678257117,64.61315683189433,64.67967987060547,95100,0.0,0.0,0.0
2024-04-17 00:00:00-04:00,64.98378163412868,65.73454573251163,64.77471442042986,65.00279235839844,29800,0.0,0.0,0.0
2024-04-18 00:00:00-04:00,65.13583447835498,65.45894426668697,64.7842086053468,65.24037170410156,25100,0.0,0.0,0.0
2024-04-19 00:00:00-04:00,65.38292226454978,65.84858346826422,65.31639923544772,65.5159683227539,37900,0.0,0.0,0.0
2024-04-22 00:00:00-04:00,65.88660404137367,66.12418734694579,65.51597466471853,66.07666778564453,25200,0.0,0.0,0.0
2024-04-23 00:00:00-04:00,66.07665906413723,66.7609000539462,66.07665906413723,66.54232025146484,26000,0.0,0.0,0.0
2024-04-24 00:00:00-04:00,66.27622439150066,67.12202021976928,65.60148880099793,66.969970703125,26700,0.0,0.0,0.0
2024-04-25 00:00:00-04:00,66.44729306119163,66.69438171386719,66.24772396688445,66.69438171386719,19900,0.0,0.0,0.0
2024-04-26 00:00:00-04:00,66.84642363053848,67.6352018065606,66.84642363053848,66.97947692871094,29200,0.0,0.0,0.0
2024-04-29 00:00:00-04:00,67.26457878369703,67.82527910899506,67.26457878369703,67.63520812988281,29100,0.0,0.0,0.0
2024-04-30 00:00:00-04:00,67.23606574756568,67.67321809650451,66.81791687011719,66.81791687011719,53400,0.0,0.0,0.0
2024-05-01 00:00:00-04:00,66.88445454487601,67.93932508004413,66.64687122164837,66.9034652709961,34000,0.0,0.0,0.0
2024-05-02 00:00:00-04:00,67.46414848075035,68.26243209926935,66.96047306988872,68.11988067626953,32600,0.0,0.0,0.0
2024-05-03 00:00:00-04:00,68.86114382505254,69.07972365450554,68.32895954529499,68.46200561523438,33400,0.0,0.0,0.0
2024-05-06 00:00:00-04:00,68.7756162844174,69.11773681640625,68.63306485434423,69.11773681640625,27700,0.0,0.0,0.0
2024-05-07 00:00:00-04:00,69.33631206814208,69.69743608786034,69.33631206814208,69.44084930419922,24600,0.0,0.0,0.0
2024-05-08 00:00:00-04:00,69.16524296531799,69.30779438269359,68.9371650477968,69.04170227050781,25000,0.0,0.0,0.0
2024-05-09 00:00:00-04:00,69.27928727125501,70.0965743506915,69.1937535185172,70.02054595947266,38000,0.0,0.0,0.0
2024-05-10 00:00:00-04:00,70.18209629288107,70.31514234363617,69.81146697285389,70.05855560302734,37800,0.0,0.0,0.0
2024-05-13 00:00:00-04:00,70.16309111702533,70.48620087516217,70.04904854037748,70.32464599609375,15200,0.0,0.0,0.0
2024-05-14 00:00:00-04:00,70.64775025813385,71.14192746803047,70.46719192223705,70.73328399658203,22500,0.0,0.0,0.0
2024-05-15 00:00:00-04:00,71.52207257909974,71.78816469239361,71.32250349412935,71.6266098022461,30900,0.0,0.0,0.0
2024-05-16 00:00:00-04:00,71.7406472262976,71.81667561815833,71.44604627092042,71.46504974365234,20800,0.0,0.0,0.0
2024-05-17 00:00:00-04:00,71.37951258389784,71.76914534569659,71.35100375382298,71.71212768554688,29400,0.0,0.0,0.0
2024-05-20 00:00:00-04:00,71.67411764765295,71.826174417482,71.246470670824,71.28448486328125,26900,0.0,0.0,0.0
2024-05-21 00:00:00-04:00,71.19896082936704,71.40803529116738,70.97088289397887,71.12293243408203,16400,0.0,0.0,0.0
2024-05-22 00:00:00-04:00,70.99938878448461,71.60760142060182,70.81882316578944,70.98988342285156,20800,0.0,0.0,0.0
2024-05-23 00:00:00-04:00,71.16094396426632,71.16094396426632,69.5263770297113,69.55488586425781,19200,0.0,0.0,0.0
2024-05-24 00:00:00-04:00,69.76395797358404,69.92551286422912,69.61190119382421,69.62140655517578,11500,0.0,0.0,0.0
2024-05-28 00:00:00-04:00,69.9159952697998,70.14407314906684,68.99417114257812,68.99417114257812,39300,0.0,0.0,0.0
2024-05-29 00:00:00-04:00,68.39547816061142,68.39547816061142,67.65421946157228,68.11988067626953,22800,0.0,0.0,0.0
2024-05-30 00:00:00-04:00,68.46199691152849,69.21276092529297,68.46199691152849,69.21276092529297,14000,0.0,0.0,0.0
2024-05-31 00:00:00-04:00,69.56437642180931,70.51470947265625,69.56437642180931,70.51470947265625,14200,0.0,0.0,0.0
2024-06-03 00:00:00-04:00,70.65727382046657,70.82833409096543,70.33416400422824,70.58124542236328,18000,0.0,0.0,0.0
2024-06-04 00:00:00-04:00,70.61925784483839,71.70263711392076,70.61925784483839,71.41754150390625,21700,0.0,0.0,0.0
2024-06-05 00:00:00-04:00,71.62659746354682,71.62659746354682,70.99937423271685,71.47454071044922,20800,0.0,0.0,0.0
2024-06-06 00:00:00-04:00,71.21796847184704,71.5885978197409,70.89485143110036,71.3700180053711,17200,0.0,0.0,0.0
2024-06-07 00:00:00-04:00,70.59075162115559,71.0944270762404,70.54323930962839,70.8758544921875,18100,0.0,0.0,0.0
2024-06-10 00:00:00-04:00,70.57172428872897,71.4460288303022,70.49569591542745,71.05638885498047,25700,0.0,0.0,0.0
2024-06-11 00:00:00-04:00,70.67619307922138,71.10609399508886,70.57110489291068,70.81948852539062,11800,0.392,0.0,0.0
2024-06-12 00:00:00-04:00,72.00411658114983,72.5104465864793,71.32582475432358,71.33537292480469,24000,0.0,0.0,0.0
2024-06-13 00:00:00-04:00,71.45956880587802,72.08053513842063,71.249392445894,72.04232788085938,17300,0.0,0.0,0.0
2024-06-14 00:00:00-04:00,71.76526910417068,72.41490173339844,71.5359818547878,72.41490173339844,23400,0.0,0.0,0.0
2024-06-17 00:00:00-04:00,72.22384443877482,72.52000537692805,71.66974440086757,72.29071807861328,19200,0.0,0.0,0.0
2024-06-18 00:00:00-04:00,72.56775908459126,73.07408905029297,72.28116093031365,73.07408905029297,22600,0.0,0.0,0.0
2024-06-20 00:00:00-04:00,72.7779312133789,72.84480484103007,72.42445215940627,72.7779312133789,16800,0.0,0.0,0.0
2024-06-21 00:00:00-04:00,72.90213012695312,73.00721830761695,72.59642104375276,72.90213012695312,15400,0.0,0.0,0.0
2024-06-24 00:00:00-04:00,72.95944971941583,74.05808686555554,72.91167971798414,73.65684509277344,32800,0.0,0.0,0.0
2024-06-25 00:00:00-04:00,73.73327180681065,73.73327180681065,72.3480292740166,72.73971557617188,24400,0.0,0.0,0.0
2024-06-26 00:00:00-04:00,72.41490775061179,72.70150590313705,72.1665168541466,72.50088500976562,24300,0.0,0.0,0.0
2024-06-27 00:00:00-04:00,72.57731002346074,73.04542541503906,72.25249005575833,73.04542541503906,21200,0.0,0.0,0.0
2024-06-28 00:00:00-04:00,73.38935908009748,73.73328272194989,72.94990271299268,73.55176544189453,18400,0.0,0.0,0.0
2024-07-01 00:00:00-04:00,73.64729465342717,73.64729465342717,72.54865743242111,73.00721740722656,38300,0.0,0.0,0.0
2024-07-02 00:00:00-04:00,73.12186614548955,73.54221889228015,73.12186614548955,73.46578979492188,57400,0.0,0.0,0.0
2024-07-03 00:00:00-04:00,73.55175555515284,73.72371735296413,73.18872833251953,73.18872833251953,31000,0.0,0.0,0.0
2024-07-05 00:00:00-04:00,73.37024388386746,73.78104109750328,73.10274209118018,73.68550109863281,32800,0.0,0.0,0.0
2024-07-08 00:00:00-04:00,73.72371776339611,73.94344956297556,73.38934962375674,73.47533416748047,407200,0.0,0.0,0.0
2024-07-09 00:00:00-04:00,73.54221053741038,73.64729142349027,72.84480785843543,73.44667053222656,21400,0.0,0.0,0.0
2024-07-10 00:00:00-04:00,73.69505943382025,73.8956803196604,73.04542677499927,73.51354217529297,19500,0.0,0.0,0.0
2024-07-11 00:00:00-04:00,74.18229045381338,75.37646767525699,74.18229045381338,74.65040588378906,46100,0.0,0.0,0.0
2024-07-12 00:00:00-04:00,75.01342208491654,75.30002749131475,74.68860942709829,74.94654846191406,34900,0.0,0.0,0.0
2024-07-15 00:00:00-04:00,75.17584702588556,75.65351791604637,75.03254430110144,75.34780883789062,20600,0.0,0.0,0.0
2024-07-16 00:00:00-04:00,75.65351101768698,76.42733545681,75.59618555979287,76.35090637207031,57000,0.0,0.0,0.0
2024-07-17 00:00:00-04:00,76.1598509522718,77.12474822998047,76.1598509522718,77.12474822998047,33300,0.0,0.0,0.0
2024-07-18 00:00:00-04:00,76.91458296867694,77.93679857071803,76.38914197706113,76.56110382080078,80200,0.0,0.0,0.0
2024-07-19 00:00:00-04:00,76.79991813406765,76.82857721867538,76.27447728733061,76.35090637207031,16100,0.0,0.0,0.0
2024-07-22 00:00:00-04:00,76.58975565977661,77.19162570020487,76.15029927599028,77.1343002319336,18000,0.0,0.0,0.0
2024-07-23 00:00:00-04:00,77.14385513676426,77.53554879763495,76.66618420712484,76.97189331054688,20100,0.0,0.0,0.0
2024-07-24 00:00:00-04:00,76.81902987711753,77.3635743565662,75.94966542836539,75.95922088623047,16500,0.0,0.0,0.0
2024-07-25 00:00:00-04:00,76.00698931976184,76.86679837537258,74.88924119180754,75.06120300292969,26900,0.0,0.0,0.0
2024-07-26 00:00:00-04:00,75.62486112747065,76.80948293024625,75.6057502096229,76.5515365600586,33700,0.0,0.0,0.0
2024-07-29 00:00:00-04:00,76.71394968344188,77.11519149135117,75.84458514429224,76.94322967529297,28200,0.0,0.0,0.0
2024-07-30 00:00:00-04:00,77.20117422723193,77.48777970387067,76.38913509499557,76.86680603027344,31900,0.0,0.0,0.0
2024-07-31 00:00:00-04:00,76.97188944062755,77.16295488740512,76.0643176354147,76.14073944091797,18100,0.0,0.0,0.0
2024-08-01 00:00:00-04:00,76.51331556488647,77.33491003479024,76.41778284973745,77.14384460449219,33600,0.0,0.0,0.0
2024-08-02 00:00:00-04:00,76.7617098215237,78.72016336702008,76.7617098215237,78.09918975830078,82100,0.0,0.0,0.0
2024-08-05 00:00:00-04:00,76.8381419821017,78.32847287162234,76.23627926641365,76.26493835449219,37400,0.0,0.0,0.0
2024-08-06 00:00:00-04:00,76.42734328114794,78.93988956759108,76.15984874585263,78.29981231689453,219200,0.0,0.0,0.0
2024-08-07 00:00:00-04:00,78.66284484681631,79.4748912545586,77.70750299175945,77.79348754882812,123800,0.0,0.0,0.0
2024-08-08 00:00:00-04:00,78.0227695532445,78.43356685299652,77.42090679305532,78.28071594238281,50800,0.0,0.0,0.0
2024-08-09 00:00:00-04:00,78.56730422139543,79.19783328091802,77.92722699213161,79.16917419433594,33100,0.0,0.0,0.0
2024-08-12 00:00:00-04:00,79.16918218637885,79.16918218637885,78.12785577380752,78.63418579101562,69300,0.0,0.0,0.0
2024-08-13 00:00:00-04:00,78.8921287406908,79.3315851004407,78.72972238161184,79.19783782958984,28100,0.0,0.0,0.0
2024-08-14 00:00:00-04:00,79.43667294314454,79.81881112480305,79.06409022041439,79.46533203125,1162900,0.0,0.0,0.0
2024-08-15 00:00:00-04:00,79.93343790917964,79.93343790917964,78.78703079010882,79.12139892578125,35800,0.0,0.0,0.0
2024-08-16 00:00:00-04:00,79.13095694729114,79.35068146270375,78.58641245478826,79.21693420410156,172400,0.0,0.0,0.0
2024-08-19 00:00:00-04:00,79.30291301033839,79.72325838323336,79.29335755293579,79.56085205078125,74600,0.0,0.0,0.0
2024-08-20 00:00:00-04:00,79.5990760810278,79.91434061479174,79.4366697292146,79.90478515625,49800,0.0,0.0,0.0
2024-08-21 00:00:00-04:00,80.13406935721149,80.23915754066262,79.55131026304781,80.20094299316406,75200,0.0,0.0,0.0
2024-08-22 00:00:00-04:00,80.43022073326871,80.82190704345703,80.04808259231218,80.82190704345703,54800,0.0,0.0,0.0
2024-08-23 00:00:00-04:00,81.21360553586335,82.1593918429932,80.98431826426642,82.1020736694336,51900,0.0,0.0,0.0
2024-08-26 00:00:00-04:00,82.34091310687836,82.49376400668167,81.77725764769716,81.96833038330078,53000,0.0,0.0,0.0
2024-08-27 00:00:00-04:00,81.75815263633939,82.58929533395587,81.3664590014833,82.48420715332031,61400,0.0,0.0,0.0
2024-08-28 00:00:00-04:00,82.67526936241019,82.98097840661629,82.13072489964685,82.65615844726562,102700,0.0,0.0,0.0
2024-08-29 00:00:00-04:00,82.68482951143449,82.73259222464881,82.05430047210214,82.5415267944336,788600,0.0,0.0,0.0
2024-08-30 00:00:00-04:00,82.81856677927608,83.34400029332029,82.3313405157225,83.28668212890625,43800,0.0,0.0,0.0
2024-09-03 00:00:00-04:00,83.07652230463194,83.85034683259501,82.97143412321972,83.46821594238281,349400,0.0,0.0,0.0
2024-09-04 00:00:00-04:00,83.65928142535293,84.4999795883516,83.29625416401524,83.75481414794922,465100,0.0,0.0,0.0
2024-09-05 00:00:00-04:00,84.4140033887144,84.57640974804329,83.38223247883748,83.50643157958984,97400,0.0,0.0,0.0
2024-09-06 00:00:00-04:00,83.34401665389774,83.37267574173059,82.32180121867556,83.32491302490234,88200,0.0,0.0,0.0
2024-09-09 00:00:00-04:00,83.39178528722712,84.26114252146317,83.1529498409773,84.10829162597656,74500,0.0,0.0,0.0
2024-09-10 00:00:00-04:00,84.48087860692647,85.56041225458807,84.17516951182974,85.51264953613281,199300,0.0,0.0,0.0
2024-09-11 00:00:00-04:00,84.92988826918902,85.46487734979709,83.83124373121497,85.43621826171875,153200,0.0,0.0,0.0
2024-09-12 00:00:00-04:00,85.39800285809095,86.09540557861328,85.1209528616467,86.09540557861328,46600,0.0,0.0,0.0
2024-09-13 00:00:00-04:00,86.49664873847807,87.11762237548828,86.30557600241669,87.11762237548828,203600,0.0,0.0,0.0
2024-09-16 00:00:00-04:00,87.356446506746,87.5475119293637,86.78323566153556,86.9838638305664,103500,0.0,0.0,0.0
2024-09-17 00:00:00-04:00,87.06030511558015,87.16539330814835,85.9043422860102,86.17183685302734,109500,0.0,0.0,0.0
2024-09-18 00:00:00-04:00,86.30556611143372,87.3946623604696,86.05718251603915,86.20048522949219,83400,0.0,0.0,0.0
2024-09-19 00:00:00-04:00,86.95520419079371,86.95520419079371,85.2164824710904,85.56996154785156,76600,0.0,0.0,0.0
2024-09-20 00:00:00-04:00,85.1973811568686,85.70371113957674,84.97764933806424,85.235595703125,110700,0.0,0.0,0.0
2024-09-23 00:00:00-04:00,85.74192132137576,86.66860397705449,85.6654922327534,86.60173034667969,824000,0.0,0.0,0.0
2024-09-24 00:00:00-04:00,86.20049266722404,86.42977265532485,85.68460722748763,86.05718994140625,155400,0.0,0.0,0.0
2024-09-25 00:00:00-04:00,86.31556846084288,86.45004572346916,85.60475902575239,85.8929214477539,77900,0.489,0.0,0.0
2024-09-26 00:00:00-04:00,86.16188781416055,86.16188781416055,84.31762167743466,84.50012969970703,334800,0.0,0.0,0.0
2024-09-27 00:00:00-04:00,85.20133011044629,85.24936085076112,84.49052059025158,84.5385513305664,83000,0.0,0.0,0.0
2024-09-30 00:00:00-04:00,84.35604083446921,85.33580488334795,84.17353282078655,85.31659698486328,109300,0.0,0.0,0.0
2024-10-01 00:00:00-04:00,85.60476601645794,85.74884357499386,84.24077072513646,84.51933288574219,75700,0.0,0.0,0.0
2024-10-02 00:00:00-04:00,83.89495725174602,84.2311577134302,83.56837173046051,84.0294418334961,76200,0.0,0.0,0.0
2024-10-03 00:00:00-04:00,83.84694741607224,84.09669406764668,83.17455371236596,83.49153900146484,105400,0.0,0.0,0.0
2024-10-04 00:00:00-04:00,83.3570634387148,83.3570634387148,82.12755271103336,82.78073120117188,228600,0.0,0.0,0.0
2024-10-07 00:00:00-04:00,82.55980020296083,82.55980020296083,81.76254414837432,82.20439910888672,118900,0.0,0.0,0.0
2024-10-08 00:00:00-04:00,82.68467957041287,82.68467957041287,81.63766950014893,82.002685546875,48600,0.0,0.0,0.0
2024-10-09 00:00:00-04:00,81.99307692206474,82.06992317605572,81.46476808645446,81.97386169433594,161400,0.0,0.0,0.0
2024-10-10 00:00:00-04:00,81.87780404808683,82.28124320009726,81.09014829943688,81.34950256347656,74500,0.0,0.0,0.0
2024-10-11 00:00:00-04:00,81.62806687032541,82.20439910888672,81.62806687032541,82.20439910888672,76500,0.0,0.0,0.0
2024-10-14 00:00:00-04:00,82.10833653704482,82.98243875472409,81.86819751823188,82.75190734863281,94800,0.0,0.0,0.0
2024-10-15 00:00:00-04:00,83.16495882911538,84.22156919961272,83.16495882911538,83.50115203857422,109200,0.0,0.0,0.0
2024-10-16 00:00:00-04:00,83.54918019313129,84.4809135366431,83.36667217287929,84.37525177001953,65500,0.0,0.0,0.0
2024-10-17 00:00:00-04:00,84.45209761374504,84.45209761374504,83.7124725794321,83.96221923828125,41000,0.0,0.0,0.0
2024-10-18 00:00:00-04:00,84.12550867830772,84.6346022610327,83.95260827960284,84.51933288574219,48000,0.0,0.0,0.0
2024-10-21 00:00:00-04:00,84.07748280855044,84.30801424401922,82.68467925332956,82.77112579345703,62100,0.0,0.0,0.0
2024-10-22 00:00:00-04:00,82.58862048339785,83.46272276361394,82.47335110787473,83.07849884033203,39400,0.0,0.0,0.0
2024-10-23 00:00:00-04:00,82.9920528359107,84.77868786140763,82.9920528359107,84.54814910888672,2133900,0.0,0.0,0.0
2024-10-24 00:00:00-04:00,84.53854675823976,84.95158618583676,84.25998460209651,84.36564636230469,74700,0.0,0.0,0.0
2024-10-25 00:00:00-04:00,84.47131116624143,84.47131116624143,82.97283857132298,83.04007720947266,59800,0.0,0.0,0.0
2024-10-28 00:00:00-04:00,83.23218458629051,83.97180953260268,82.97283034452695,83.29942321777344,71300,0.0,0.0,0.0
2024-10-29 00:00:00-04:00,83.44352563844606,83.70287260627947,82.95363988980213,83.5780029296875,78300,0.0,0.0,0.0
2024-10-30 00:00:00-04:00,83.55877687036802,84.31761710314183,83.38587647140105,83.94300079345703,60300,0.0,0.0,0.0
2024-10-31 00:00:00-04:00,83.53957167996488,83.6836565718515,82.10834503173828,82.10834503173828,120500,0.0,0.0,0.0
2024-11-01 00:00:00-04:00,82.42532009470287,82.49255873141858,80.7923775867719,80.84040832519531,84700,0.0,0.0,0.0
2024-11-04 00:00:00-05:00,81.35910356902589,81.8393816475407,81.22462629331869,81.76254272460938,65000,0.0,0.0,0.0
2024-11-05 00:00:00-05:00,81.48397938203335,83.18416053088124,81.31107898312833,83.17455291748047,48200,0.0,0.0,0.0
2024-11-06 00:00:00-05:00,83.93340041188658,83.93340041188658,80.83080790502295,82.0891342163086,66400,0.0,0.0,0.0
2024-11-07 00:00:00-05:00,82.03149391536672,83.32824320853928,81.77213965965525,83.18415832519531,86100,0.0,0.0,0.0
2024-11-08 00:00:00-05:00,83.34745392123888,85.0092192854667,83.34745392123888,84.54814910888672,46300,0.0,0.0,0.0
2024-11-11 00:00:00-05:00,84.5961844953272,85.15330885183396,84.211960548479,84.24077606201172,535400,0.0,0.0,0.0
2024-11-12 00:00:00-05:00,84.1255090075035,84.41367145416473,83.17455314667455,83.27061462402344,156700,0.0,0.0,0.0
2024-11-13 00:00:00-05:00,84.01024242408889,84.46170500017182,83.61641820202343,83.86615753173828,81400,0.0,0.0,0.0
2024-11-14 00:00:00-05:00,83.83734152474423,83.83734152474423,82.76152330225398,82.78073120117188,88700,0.0,0.0,0.0
2024-11-15 00:00:00-05:00,82.57901458212889,83.27061619268319,82.25242167560627,83.13613891601562,114000,0.0,0.0,0.0
2024-11-18 00:00:00-05:00,82.9248054544966,83.55876863592597,82.79992847793336,83.33784484863281,677100,0.0,0.0,0.0
2024-11-19 00:00:00-05:00,83.32824309649136,83.88536740282606,82.84796503829834,83.76049041748047,83100,0.0,0.0,0.0
2024-11-20 00:00:00-05:00,83.35705966423401,83.62601420767807,82.79993535083607,83.30903625488281,44100,0.0,0.0,0.0
2024-11-21 00:00:00-05:00,83.64523137075076,84.32722535840543,83.14573806839459,84.06787109375,55200,0.0,0.0,0.0
2024-11-22 00:00:00-05:00,84.30801642342729,84.57697832163291,84.1639388528237,84.29841613769531,45400,0.0,0.0,0.0
2024-11-25 00:00:00-05:00,84.67303521104598,85.65279936508466,84.60579656644002,84.89395904541016,65500,0.0,0.0,0.0
2024-11-26 00:00:00-05:00,85.10527488280823,85.8929306461683,84.77868930387302,85.75845336914062,42600,0.0,0.0,0.0
2024-11-27 00:00:00-05:00,86.28675669683906,86.91111963096847,86.20991044958527,86.22911834716797,51200,0.0,0.0,0.0
2024-11-29 00:00:00-05:00,86.32516832389844,86.45964557445248,85.47987437360388,85.5086898803711,41500,0.0,0.0,0.0
2024-12-02 00:00:00-05:00,85.12447508368734,85.12447508368734,83.76047999845662,84.0294418334961,679600,0.0,0.0,0.0
2024-12-03 00:00:00-05:00,84.11590744347149,84.11590744347149,83.08811258669365,83.11692810058594,317900,0.0,0.0,0.0
2024-12-04 00:00:00-05:00,82.97284336004651,83.05929723034967,82.57901912200113,82.92481994628906,67200,0.0,0.0,0.0
2024-12-05 00:00:00-05:00,82.67506558056068,82.74230421633078,82.22360302819227,82.63664245605469,106500,0.0,0.0,0.0
2024-12-06 00:00:00-05:00,82.8479728466545,82.92481910203887,81.9930784087747,82.31966400146484,136000,0.0,0.0,0.0
2024-12-09 00:00:00-05:00,82.47334587926593,82.58861524748124,81.96425232778896,82.39649963378906,71400,0.0,0.0,0.0
2024-12-10 00:00:00-05:00,82.47334435806923,82.47334435806923,81.31107239839922,81.57041931152344,76000,0.0,0.0,0.0
2024-12-11 00:00:00-05:00,81.69530399424022,81.86820439544823,80.82119437467142,81.09014892578125,58100,0.0,0.0,0.0
2024-12-12 00:00:00-05:00,80.98448031997609,82.13715200679428,80.95566481028635,81.02290344238281,314900,0.0,0.0,0.0
2024-12-13 00:00:00-05:00,81.02290649663297,81.10936035742242,80.62908230192552,80.85000610351562,65400,0.0,0.0,0.0
2024-12-16 00:00:00-05:00,80.84040887933033,81.68569565075931,80.64829325278158,80.67710876464844,126000,0.0,0.0,0.0
2024-12-17 00:00:00-05:00,80.45544489734252,81.07492798115787,80.05858462358722,80.4941635131836,56000,0.641,0.0,0.0
2024-12-18 00:00:00-05:00,80.3683329883767,80.72647467669542,77.62905160984161,77.6484146118164,141500,0.0,0.0,0.0
2024-12-19 00:00:00-05:00,77.86136296872992,78.57763895727199,76.44816660871062,76.50624084472656,140600,0.0,0.0,0.0
2024-12-20 00:00:00-05:00,76.6224015495005,78.69379979310385,76.6224015495005,77.98719787597656,109400,0.0,0.0,0.0
2024-12-23 00:00:00-05:00,77.7452142429267,78.21950444514384,77.3193167802211,78.14207458496094,71300,0.0,0.0,0.0
2024-12-24 00:00:00-05:00,78.0646382441034,78.79059580858393,78.01623811920913,78.78091430664062,30100,0.0,0.0,0.0
2024-12-26 00:00:00-05:00,78.47116475234056,78.91641779390291,78.2194974210848,78.75186920166016,40900,0.0,0.0,0.0
2024-12-27 00:00:00-05:00,78.38405033640022,78.9164147113595,77.83232296027374,77.97750854492188,81900,0.0,0.0,0.0
2024-12-30 00:00:00-05:00,77.64840549624101,77.76455395516848,76.79661074506289,77.54193115234375,63600,0.0,0.0,0.0
2024-12-31 00:00:00-05:00,78.05494422793521,78.51956024403457,77.66776544532259,78.42276000976562,97200,0.0,0.0,0.0
2025-01-02 00:00:00-05:00,78.3937348644853,78.41309786822433,77.29027996567052,77.60970306396484,104200,0.0,0.0,0.0
2025-01-03 00:00:00-05:00,77.60970041335982,78.61636241356547,77.512907552437,78.53892517089844,44600,0.0,0.0,0.0
2025-01-06 00:00:00-05:00,78.59699014670886,78.59699014670886,76.69982223390649,76.74822235107422,919100,0.0,0.0,0.0
2025-01-07 00:00:00-05:00,77.1354047135064,77.57097624894494,76.26425425780795,76.45783996582031,86500,0.0,0.0,0.0
2025-01-08 00:00:00-05:00,76.47720180447008,76.98052906854063,75.9061114203222,76.92245483398438,68600,0.0,0.0,0.0
2025-01-10 00:00:00-05:00,76.31265200845759,76.44817087475963,75.20919715364953,75.70285034179688,2228000,0.0,0.0,0.0
2025-01-13 00:00:00-05:00,75.56733018827306,76.83533349867461,75.56733018827306,76.73854064941406,773500,0.0,0.0,0.0
2025-01-14 00:00:00-05:00,76.97085047134388,77.33867366359866,76.81598337841152,77.14508056640625,58000,0.0,0.0,0.0
2025-01-15 00:00:00-05:00,78.68411986617089,78.68411986617089,76.96118179587397,76.98053741455078,57400,0.0,0.0,0.0
2025-01-16 00:00:00-05:00,77.04828643966206,78.20014134829218,76.8256636125889,78.16142272949219,71300,0.0,0.0,0.0
2025-01-17 00:00:00-05:00,78.4518088795571,78.61635747126358,78.14206731318313,78.17110443115234,57800,0.0,0.0,0.0
2025-01-21 00:00:00-05:00,78.39372686057767,79.30359593803868,78.39372686057767,79.26487731933594,70600,0.0,0.0,0.0
2025-01-22 00:00:00-05:00,78.9938543087852,78.9938543087852,77.57097645811123,77.58065795898438,66400,0.0,0.0,0.0
2025-01-23 00:00:00-05:00,77.80328424825787,77.8516843699564,77.02893399483348,77.84200286865234,51400,0.0,0.0,0.0
2025-01-24 00:00:00-05:00,77.75488051754027,79.02288377068284,77.75488051754027,78.69378662109375,36600,0.0,0.0,0.0
2025-01-27 00:00:00-05:00,78.92610574008934,80.62968819222613,78.92610574008934,80.35865783691406,83000,0.0,0.0,0.0
2025-01-28 00:00:00-05:00,80.31993277817698,80.31993277817698,79.21647069777286,79.3423080444336,51500,0.0,0.0,0.0
2025-01-29 00:00:00-05:00,79.42943128670046,79.564942768922,77.6387375132114,77.96784210205078,61400,0.0,0.0,0.0
2025-01-30 00:00:00-05:00,79.20679288871223,79.7778758252235,78.5679468395771,79.07128143310547,77100,0.0,0.0,0.0
2025-01-31 00:00:00-05:00,78.98417307240074,79.806923413659,78.98417307240074,79.2745590209961,52100,0.0,0.0,0.0
2025-02-03 00:00:00-05:00,78.84865711315904,79.83596337435638,78.06462543530664,79.5068588256836,78500,0.0,0.0,0.0
2025-02-04 00:00:00-05:00,79.42942662669546,79.61333822098712,78.58732066298414,79.32295227050781,79300,0.0,0.0,0.0
2025-02-05 00:00:00-05:00,79.88435728081055,80.98781202320207,79.53589711112679,80.69743347167969,63400,0.0,0.0,0.0
2025-02-06 00:00:00-05:00,81.10396206388069,81.10396206388069,80.5715903470006,80.83293914794922,99900,0.0,0.0,0.0
2025-02-07 00:00:00-05:00,80.82326924904963,81.15236644139723,80.24250471943395,80.56192779541016,124600,0.0,0.0,0.0
2025-02-10 00:00:00-05:00,80.69744504857286,80.69744504857286,79.7004571293364,80.43609619140625,61400,0.0,0.0,0.0
2025-02-11 00:00:00-05:00,80.11666589316563,80.4651260815265,79.66173873291483,80.45545196533203,81000,0.0,0.0,0.0
2025-02-12 00:00:00-05:00,79.57461778157796,80.73615417210226,79.35199495814851,80.30057525634766,62000,0.0,0.0,0.0
2025-02-13 00:00:00-05:00,80.5135215381553,82.0235106770408,80.5135215381553,81.79120635986328,64500,0.0,0.0,0.0
2025-02-14 00:00:00-05:00,82.15902391608329,82.1977425339181,81.30723647818084,81.35563659667969,78600,0.0,0.0,0.0
2025-02-18 00:00:00-05:00,81.1039725223132,81.92672287600546,81.1039725223132,81.6072998046875,36100,0.0,0.0,0.0
2025-02-19 00:00:00-05:00,81.39434578843226,81.55890175630874,80.96845577257243,81.21044158935547,48800,0.0,0.0,0.0
2025-02-20 00:00:00-05:00,81.3169265264761,82.1687140539142,81.06525917650633,81.9944839477539,43700,0.0,0.0,0.0
2025-02-21 00:00:00-05:00,82.0719143692039,82.0719143692039,80.79422949184533,81.50082397460938,50600,0.0,0.0,0.0
2025-02-24 00:00:00-05:00,81.86865959212842,82.89467729624647,81.50083635116343,82.41070556640625,95000,0.0,0.0,0.0
2025-02-25 00:00:00-05:00,82.77851625119997,84.05620124276557,82.77851625119997,83.70774841308594,69100,0.0,0.0,0.0
2025-02-26 00:00:00-05:00,83.87229251362493,83.87229251362493,82.5268518517741,82.82691192626953,61000,0.0,0.0,0.0
2025-02-27 00:00:00-05:00,82.63331685141203,84.01747597655552,82.63331685141203,83.80452728271484,41800,0.0,0.0,0.0
2025-02-28 00:00:00-05:00,84.23041998470009,84.64663588559316,83.55286265060491,84.55952453613281,56600,0.0,0.0,0.0
2025-03-03 00:00:00-05:00,84.49177603013298,85.77914245985598,84.49177603013298,85.64363098144531,70800,0.0,0.0,0.0
2025-03-04 00:00:00-05:00,85.89528704589127,86.29214734670867,84.22074925929749,84.24978637695312,98300,0.0,0.0,0.0
2025-03-05 00:00:00-05:00,83.64966167779689,85.15965831000834,83.41735734392651,85.01446533203125,69800,0.0,0.0,0.0
2025-03-06 00:00:00-05:00,84.53049780034358,84.53049780034358,82.57524802214851,83.0882568359375,170900,0.0,0.0,0.0
2025-03-07 00:00:00-05:00,83.456071939041,84.11427367394997,82.9430631751072,83.6109390258789,79100,0.0,0.0,0.0
2025-03-10 00:00:00-04:00,83.52382419716383,84.89830184422503,82.9236967216992,83.34959411621094,73100,0.0,0.0,0.0
2025-03-11 00:00:00-04:00,83.45607669821611,83.60126967747107,81.76217583815895,82.27518463134766,137000,0.0,0.0,0.0
2025-03-12 00:00:00-04:00,82.19774418294448,82.48813013012068,81.19108225350739,81.4814682006836,137900,0.0,0.0,0.0
2025-03-13 00:00:00-04:00,81.64601977316764,82.24614730633392,80.50384632928447,80.58128356933594,190200,0.0,0.0,0.0
2025-03-14 00:00:00-04:00,80.90070143057682,81.86864471435547,80.73615284469153,81.86864471435547,105700,0.0,0.0,0.0
2025-03-17 00:00:00-04:00,81.67505382074303,83.36895461285891,81.67505382074303,83.14633178710938,55300,0.0,0.0,0.0
2025-03-18 00:00:00-04:00,82.89261161515383,83.53421392993778,82.40655195244423,82.75651550292969,68800,0.369,0.0,0.0
2025-03-19 00:00:00-04:00,82.85372401346785,83.05786815875332,81.88160479781459,82.48431396484375,57900,0.0,0.0,0.0
2025-03-20 00:00:00-04:00,82.65929720329297,82.95093593989355,82.1246360751001,82.41626739501953,42800,0.0,0.0,0.0
2025-03-21 00:00:00-04:00,82.2510056924948,82.45514983346844,81.4247058599784,81.65801239013672,42700,0.0,0.0,0.0
2025-03-24 00:00:00-04:00,82.25101499647418,83.1745253696311,82.25101499647418,83.0384292602539,45400,0.0,0.0,0.0
2025-03-25 00:00:00-04:00,82.98982620299319,83.0578742564174,81.58997205634476,82.10519409179688,94200,0.0,0.0,0.0
2025-03-26 00:00:00-04:00,82.37737583866235,82.83427303217815,82.29961194225929,82.6884536743164,52300,0.0,0.0,0.0
2025-03-27 00:00:00-04:00,82.8731720419491,83.81612896915415,82.43572131455876,82.63014221191406,53000,0.0,0.0,0.0
2025-03-28 00:00:00-04:00,82.96065666350637,83.5439341709565,82.57181488078174,83.44671630859375,74900,0.0,0.0,0.0
2025-03-31 00:00:00-04:00,83.71891249818762,84.54521237753083,83.51476834564504,84.01054382324219,46600,0.0,0.0,0.0
2025-04-01 00:00:00-04:00,84.18551883994586,84.34106146752447,82.99953226304133,83.92304992675781,86000,0.0,0.0,0.0
2025-04-02 00:00:00-04:00,83.82584768801057,84.13692555689933,83.34950390699231,83.94249725341797,152400,0.0,0.0,0.0
2025-04-03 00:00:00-04:00,83.08704065106022,84.5646587751763,82.30934221730529,82.32878875732422,69100,0.0,0.0,0.0
2025-04-04 00:00:00-04:00,81.8524429103803,81.8524429103803,77.9153641560893,78.05146026611328,146400,0.0,0.0,0.0
2025-04-07 00:00:00-04:00,76.70993942694122,78.72222613121873,74.44489962171953,75.5336685180664,460200,0.0,0.0,0.0
2025-04-08 00:00:00-04:00,77.65288239748394,77.65288239748394,73.22974429545117,74.01715850830078,106000,0.0,0.0,0.0
2025-04-09 00:00:00-04:00,73.01588472877283,78.1000647590062,71.18830302686219,77.91536712646484,206800,0.0,0.0,0.0
2025-04-10 00:00:00-04:00,77.25431906739182,78.32364877404919,74.6295926055804,76.50578308105469,107800,0.0,0.0,0.0
2025-04-11 00:00:00-04:00,76.04889323980485,77.14738533745142,74.8531832824723,77.05989074707031,98400,0.0,0.0,0.0
2025-04-14 00:00:00-04:00,77.63344748374288,79.24716165659609,77.5556761601476,78.90692138671875,41200,0.0,0.0,0.0
2025-04-15 00:00:00-04:00,78.92636698852982,79.54852273653934,78.92636698852982,79.20828247070312,26600,0.0,0.0,0.0
2025-04-16 00:00:00-04:00,79.28604181628616,79.90819752851027,78.55695239570967,78.96524810791016,41900,0.0,0.0,0.0
2025-04-17 00:00:00-04:00,79.2763342162949,80.6761810061757,79.2763342162949,79.98597717285156,46200,0.0,0.0,0.0
2025-04-21 00:00:00-04:00,79.45130680421015,79.73321485023185,77.60427881007432,78.49862670898438,64400,0.0,0.0,0.0
2025-04-22 00:00:00-04:00,79.57768383849239,80.50119417603311,79.45131100371061,80.1706771850586,26900,0.0,0.0,0.0
2025-04-23 00:00:00-04:00,80.9969824903196,81.08447708692253,79.77211005465198,80.21928405761719,48300,0.0,0.0,0.0
2025-04-24 00:00:00-04:00,80.20956284576408,80.8608809750478,79.96653302886585,80.1706771850586,45700,0.0,0.0,0.0
2025-04-25 00:00:00-04:00,80.29704991995223,80.29704991995223,79.22772021026651,79.72350311279297,50400,0.0,0.0,0.0
2025-04-28 00:00:00-04:00,79.81098461406785,80.47202596489142,79.58740135203274,80.33592987060547,35900,0.0,0.0,0.0
2025-04-29 00:00:00-04:00,80.41370129793441,80.54007412375212,79.85959365137847,80.22899627685547,41200,0.0,0.0,0.0
2025-04-30 00:00:00-04:00,79.9568153228188,81.5802528326523,79.67489982559974,81.22057342529297,43700,0.0,0.0,0.0
2025-05-01 00:00:00-04:00,81.41498998602084,81.87188723589502,80.56924353944427,81.31777954101562,48900,0.0,0.0,0.0
2025-05-02 00:00:00-04:00,82.09546502137694,82.53292311963449,81.91076741323717,82.27044677734375,83400,0.0,0.0,0.0
2025-05-05 00:00:00-04:00,82.00798264425086,82.21212680202875,81.63857998970252,81.7455062866211,48300,0.0,0.0,0.0
2025-05-06 00:00:00-04:00,81.4927586927369,81.77467416587945,81.1233486302212,81.13307189941406,17100,0.0,0.0,0.0
2025-05-07 00:00:00-04:00,81.41499419907046,81.90105386593059,81.26917481567605,81.32750701904297,12300,0.0,0.0,0.0
2025-05-08 00:00:00-04:00,81.658018578261,81.658018578261,80.49147842238699,80.61785125732422,92500,0.0,0.0,0.0
2025-05-09 00:00:00-04:00,80.70533693854841,81.46359618418914,80.70533693854841,81.24000549316406,28200,0.0,0.0,0.0
2025-05-12 00:00:00-04:00,82.07602691371827,82.07602691371827,80.16095084329244,80.96781158447266,43400,0.0,0.0,0.0
2025-05-13 00:00:00-04:00,81.16223581629171,81.16223581629171,79.64573212767,79.9568099975586,160100,0.0,0.0,0.0
2025-05-14 00:00:00-04:00,79.74294524503603,79.74294524503603,78.61529071013696,79.0333023071289,47700,0.0,0.0,0.0
2025-05-15 00:00:00-04:00,79.36381841745501,80.68590124810794,79.36381841745501,80.67617797851562,38200,0.0,0.0,0.0
2025-05-16 00:00:00-04:00,80.81226995561414,81.88160705566406,80.76366844349994,81.88160705566406,22900,0.0,0.0,0.0
2025-05-19 00:00:00-04:00,81.40525888222605,82.12463242273283,81.04557952865349,82.08574676513672,59900,0.0,0.0,0.0
2025-05-20 00:00:00-04:00,81.7357903142011,82.10519296820854,81.7066279226586,81.8524398803711,172400,0.0,0.0,0.0
2025-05-21 00:00:00-04:00,81.5219191268321,81.5219191268321,79.3832597899785,79.41242218017578,45400,0.0,0.0,0.0
2025-05-22 00:00:00-04:00,79.36381336547167,79.62628971098457,78.39169413520703,78.75138092041016,44700,0.0,0.0,0.0
2025-05-23 00:00:00-04:00,78.9846898622819,79.1013468434684,78.38197325117366,78.93608093261719,44700,0.0,0.0,0.0
2025-05-27 00:00:00-04:00,79.51936175744464,80.47203451871118,79.25688539293532,80.24845123291016,76000,0.0,0.0,0.0
2025-05-28 00:00:00-04:00,80.2776081651002,80.2776081651002,79.49018654181116,80.09290313720703,58500,0.0,0.0,0.0
2025-05-29 00:00:00-04:00,80.01513158912537,80.89976364999299,80.00541573681865,80.86087799072266,62500,0.0,0.0,0.0
2025-05-30 00:00:00-04:00,80.8025576276277,81.3469420538116,80.37482276895089,81.21084594726562,41200,0.0,0.0,0.0
2025-06-02 00:00:00-04:00,80.85115754803381,81.44415089344362,80.00541853355334,81.38582611083984,70900,0.0,0.0,0.0
2025-06-03 00:00:00-04:00,81.39554365232424,81.39554365232424,79.88875592985437,80.33592987060547,46700,0.0,0.0,0.0
2025-06-04 00:00:00-04:00,80.2970574031503,80.6956298995192,79.79155860086121,80.38455200195312,46400,0.0,0.0,0.0
2025-06-05 00:00:00-04:00,79.95680419911072,80.54007423576806,79.80126156710563,80.12206268310547,48800,0.0,0.0,0.0
2025-06-06 00:00:00-04:00,80.3942606811416,80.79283314194197,79.96653324558488,80.51091766357422,23200,0.0,0.0,0.0
2025-06-09 00:00:00-04:00,80.45259654759052,80.83172248692463,79.60685007393958,80.2873306274414,28500,0.0,0.0,0.0
2025-06-10 00:00:00-04:00,80.4136990580798,81.10390277988544,80.4136990580798,81.04557800292969,55400,0.0,0.0,0.0
2025-06-11 00:00:00-04:00,81.00670480212068,81.39555401387234,80.18040486257453,80.52064514160156,30600,0.0,0.0,0.0
2025-06-12 00:00:00-04:00,80.52064295676497,81.01641845703125,80.4428716331885,81.01641845703125,34000,0.0,0.0,0.0
2025-06-13 00:00:00-04:00,80.62757339813913,80.84144082094821,79.8304359055571,80.36509704589844,44600,0.0,0.0,0.0
2025-06-16 00:00:00-04:00,80.66738037827277,81.19564207777674,79.73803565315887,80.03150939941406,51100,0.519,0.0,0.0
2025-06-17 00:00:00-04:00,80.06085586671485,80.48150828601833,79.74781272654974,80.07064056396484,28300,0.0,0.0,0.0
2025-06-18 00:00:00-04:00,80.3054199246227,80.80433498784019,79.80651232494229,80.32498931884766,35200,0.0,0.0,0.0
2025-06-20 00:00:00-04:00,80.54021268019268,80.8043398096944,79.94347300085224,80.11956024169922,49200,0.0,0.0,0.0
2025-06-23 00:00:00-04:00,80.18803697298434,81.26412233347558,80.18803697298434,81.18585968017578,58200,0.0,0.0,0.0
2025-06-24 00:00:00-04:00,81.33260078064333,81.45977199537082,80.76520773609772,81.10760498046875,29900,0.0,0.0,0.0
2025-06-25 00:00:00-04:00,80.68694706154828,80.68694706154828,79.80651092529297,79.80651092529297,52300,0.0,0.0,0.0
2025-06-26 00:00:00-04:00,80.0804279397841,80.40325578799731,79.60108224802164,80.33477783203125,51400,0.0,0.0,0.0
2025-06-27 00:00:00-04:00,80.53042463271979,80.9119457280954,79.78694437301004,79.99237823486328,48700,0.0,0.0,0.0
2025-06-30 00:00:00-04:00,79.99237945556155,80.54998779296875,79.05325001695664,80.54998779296875,113800,0.0,0.0,0.0
2025-07-01 00:00:00-04:00,80.37390753926564,81.35216829823312,80.22716693271308,80.68695068359375,118300,0.0,0.0,0.0
2025-07-02 00:00:00-04:00,80.53042537966105,80.81412189538611,79.83586113641863,80.68695068359375,30600,0.0,0.0,0.0
2025-07-03 00:00:00-04:00,80.70651036123775,81.44999060708317,80.68694843056103,81.17607879638672,19100,0.0,0.0,0.0
2025-07-07 00:00:00-04:00,81.313036482559,81.61629492768067,80.2858597064142,80.78477478027344,35700,0.0,0.0,0.0
2025-07-08 00:00:00-04:00,80.43260144141694,80.9021624299056,80.2173828785524,80.53042602539062,44200,0.0,0.0,0.0
2025-07-09 00:00:00-04:00,80.56955401718345,80.76520317703357,80.29564220797846,80.42281341552734,25500,0.0,0.0,0.0
2025-07-10 00:00:00-04:00,80.35434508487818,81.32282123011484,80.35434508487818,80.8043441772461,47300,0.0,0.0,0.0
2025-07-11 00:00:00-04:00,80.30542726319912,81.38152013779674,80.14890941278168,81.19564819335938,68800,0.0,0.0,0.0
2025-07-14 00:00:00-04:00,81.27390476716978,81.77281237509993,81.15651079049005,81.67498779296875,29400,0.0,0.0,0.0
2025-07-15 00:00:00-04:00,81.46954726452424,81.46954726452424,80.41302395147689,80.62824249267578,34200,0.0,0.0,0.0
2025-07-16 00:00:00-04:00,80.92173239321683,81.38151615101378,80.43260200637538,81.22499084472656,70300,0.0,0.0,0.0
2025-07-17 00:00:00-04:00,81.33259996475712,81.49890250470268,80.94129416335664,81.26412200927734,33200,0.0,0.0,0.0
2025-07-18 00:00:00-04:00,81.36194197335234,81.56737582812548,81.06846823662083,81.44998931884766,24800,0.0,0.0,0.0
2025-07-21 00:00:00-04:00,81.63585744017686,81.94890058484916,81.24455910698948,81.47933959960938,41000,0.0,0.0,0.0
2025-07-22 00:00:00-04:00,81.57716187747295,82.79998779296875,81.57716187747295,82.79998779296875,51200,0.0,0.0,0.0
2025-07-23 00:00:00-04:00,82.75107590872055,82.81956132840838,82.38912419629892,82.73151397705078,46300,0.0,0.0,0.0
2025-07-24 00:00:00-04:00,82.57499907876463,82.6043457090849,82.04673734238683,82.10543060302734,32900,0.0,0.0,0.0
2025-07-25 00:00:00-04:00,82.02716177505684,82.02716177505684,81.13694838032198,81.7923812866211,43800,0.0,0.0,0.0
2025-07-28 00:00:00-04:00,81.68477435721839,81.68477435721839,80.43260176483061,80.45216369628906,39900,0.0,0.0,0.0
2025-07-29 00:00:00-04:00,81.04890519739878,82.60434373911747,80.99999663587731,82.51629638671875,76200,0.0,0.0,0.0
2025-07-30 00:00:00-04:00,82.50651494752515,82.50651494752515,80.55977798259975,81.01956176757812,37900,0.0,0.0,0.0
2025-07-31 00:00:00-04:00,80.4717230425591,80.66737218686194,79.23911253554925,79.29780578613281,71200,0.0,0.0,0.0
2025-08-01 00:00:00-04:00,79.80651124495802,80.45215943844009,78.78911920160303,79.7282485961914,55700,0.0,0.0,0.0
2025-08-04 00:00:00-04:00,79.80651692365794,80.55977444690852,79.80651692365794,80.13912200927734,37700,0.0,0.0,0.0
2025-08-05 00:00:00-04:00,80.10977987401269,80.95108479647297,80.10977987401269,80.8043441772461,26300,0.0,0.0,0.0
2025-08-06 00:00:00-04:00,81.0586927327455,81.0586927327455,80.16847179756267,80.2858657836914,29500,0.0,0.0,0.0
2025-08-07 00:00:00-04:00,80.75543278387907,80.87281930431752,80.23694828563782,80.61847686767578,26900,0.0,0.0,0.0
2025-08-08 00:00:00-04:00,80.86304102567873,80.86304102567873,79.90434216109895,80.00216674804688,25400,0.0,0.0,0.0
2025-08-11 00:00:00-04:00,79.82608147053666,80.16847126504891,79.57173156738281,79.57173156738281,56000,0.0,0.0,0.0
2025-08-12 00:00:00-04:00,79.57172775364398,79.89455560022769,78.70107626209695,79.58151245117188,44900,0.0,0.0,0.0
2025-08-13 00:00:00-04:00,79.89455269017137,80.23694245580234,79.31738243718445,80.22716522216797,37600,0.0,0.0,0.0
2025-08-14 00:00:00-04:00,79.70869064229242,79.83586185522978,79.35651616881032,79.69890594482422,29900,0.0,0.0,0.0
2025-08-15 00:00:00-04:00,79.73803121776892,80.2662928878886,79.69889989440412,80.1782455444336,36400,0.0,0.0,0.0
2025-08-18 00:00:00-04:00,80.23694889480505,80.38368951000484,79.66956329345703,79.66956329345703,23800,0.0,0.0,0.0
2025-08-19 00:00:00-04:00,79.87498773266442,80.87281036376953,79.87498773266442,80.87281036376953,18500,0.0,0.0,0.0
2025-08-20 00:00:00-04:00,81.36194626774325,81.98803256206047,81.19564372846403,81.32281494140625,27800,0.0,0.0,0.0
2025-08-21 00:00:00-04:00,80.98042500641584,81.5282486469837,80.98042500641584,81.38151550292969,19300,0.0,0.0,0.0
2025-08-22 00:00:00-04:00,81.77281440559209,82.72172854925498,81.77281440559209,82.05651092529297,31000,0.0,0.0,0.0
2025-08-25 00:00:00-04:00,81.92934216058667,82.17390736106603,81.31304054225221,81.54782104492188,28700,0.0,0.0,0.0
2025-08-26 00:00:00-04:00,81.70434287938542,81.86086819782875,81.42065380089834,81.49890899658203,28600,0.0,0.0,0.0
2025-08-27 00:00:00-04:00,81.77282052860028,82.50651616304606,81.77282052860028,82.36956024169922,15400,0.0,0.0,0.0
2025-08-28 00:00:00-04:00,82.53586326495432,82.53586326495432,81.87064564754243,82.25216674804688,15700,0.0,0.0,0.0
2025-08-29 00:00:00-04:00,82.23259429979451,82.9173812866211,82.23259429979451,82.9173812866211,28200,0.0,0.0,0.0
2025-09-02 00:00:00-04:00,82.34020621847068,82.61411803657418,81.30325220321103,81.51847076416016,27600,0.0,0.0,0.0
2025-09-03 00:00:00-04:00,81.38151736231843,81.94890294721122,81.38151736231843,81.80216979980469,46400,0.0,0.0,0.0
2025-09-04 00:00:00-04:00,81.97825032739709,82.4673806814662,81.57715985456271,82.41846466064453,39600,0.0,0.0,0.0
2025-09-05 00:00:00-04:00,82.81956649017688,83.45543006683049,82.56521658139269,83.25978088378906,35000,0.0,0.0,0.0
2025-09-08 00:00:00-04:00,82.64347182716534,83.22064208984375,82.64347182716534,83.22064208984375,18300,0.0,0.0,0.0
2025-09-09 00:00:00-04:00,83.02499787420255,83.02499787420255,82.6826006188718,82.97608184814453,29100,0.0,0.0,0.0
2025-09-10 00:00:00-04:00,82.70217281035438,83.19130323331824,82.28152034806394,82.36956024169922,30300,0.0,0.0,0.0
2025-09-11 00:00:00-04:00,82.52607721131125,83.37716674804688,82.52607721131125,83.37716674804688,46200,0.0,0.0,0.0
2025-09-12 00:00:00-04:00,83.17173069766261,83.44564999355569,82.92716549541132,83.0543441772461,28400,0.0,0.0,0.0
2025-09-15 00:00:00-04:00,83.3184702688658,83.3478168986026,82.33043223788447,82.45760345458984,44300,0.0,0.0,0.0
2025-09-16 00:00:00-04:00,82.54909550633427,82.54909550633427,81.62433864868595,81.71287536621094,38700,0.473,0.0,0.0
2025-09-17 00:00:00-04:00,81.84076933112065,82.70649417924439,81.62433624267578,81.62433624267578,86700,0.0,0.0,0.0
2025-09-18 00:00:00-04:00,81.87028995701644,82.34250082958701,81.57515253241746,82.04737091064453,43900,0.0,0.0,0.0
2025-09-19 00:00:00-04:00,82.19493268989248,82.22444492873176,81.545633412805,81.55547332763672,48800,0.0,0.0,0.0
2025-09-22 00:00:00-04:00,81.44726118142576,81.85060764344531,81.0734269598398,81.65385437011719,58000,0.0,0.0,0.0
2025-09-23 00:00:00-04:00,81.78173980848074,82.66714451254064,81.78173980848074,82.62779235839844,36300,0.0,0.0,0.0
2025-09-24 00:00:00-04:00,82.51957278083037,82.52941269541859,81.85060119628906,81.85060119628906,20600,0.0,0.0,0.0
2025-09-25 00:00:00-04:00,81.89980198483676,82.04737069675154,81.70304870605469,81.70304870605469,18600,0.0,0.0,0.0
2025-09-26 00:00:00-04:00,81.94898886088419,82.75568926178724,81.94898886088419,82.70649719238281,98200,0.0,0.0,0.0
2025-09-29 00:00:00-04:00,82.62779702342539,83.0016387560549,82.34249951902888,82.7655258178711,42300,0.0,0.0,0.0
2025-09-30 00:00:00-04:00,82.83438783319798,83.60174360174557,82.76552343795531,83.59190368652344,19500,0.0,0.0,0.0
2025-10-01 00:00:00-04:00,83.27709447137777,84.11330713474398,83.27709447137777,83.67060852050781,37100,0.0,0.0,0.0
2025-10-02 00:00:00-04:00,83.4738501463278,83.4738501463278,82.49006874800773,82.84423065185547,46100,0.0,0.0,0.0
2025-10-03 00:00:00-04:00,82.932773658699,83.61157770969187,82.932773658699,82.95244598388672,21100,0.0,0.0,0.0
2025-10-06 00:00:00-04:00,83.18855344073715,83.18855344073715,82.02769107932113,82.04737091064453,41400,0.0,0.0,0.0
2025-10-07 00:00:00-04:00,82.22445309180979,82.43104628985074,81.60466599203039,81.93915557861328,64600,0.0,0.0,0.0
2025-10-08 00:00:00-04:00,81.69320954386288,81.69320954386288,81.12261452221331,81.2111587524414,19100,0.0,0.0,0.0
2025-10-09 00:00:00-04:00,81.3390438282744,81.54563701493105,80.61104771734294,80.62088012695312,59100,0.0,0.0,0.0
2025-10-10 00:00:00-04:00,80.73893368036792,80.79795815852435,80.03060991986717,80.14866638183594,26400,0.0,0.0,0.0
2025-10-13 00:00:00-04:00,80.14866541153917,80.60120391845703,80.03060895099962,80.60120391845703,22600,0.0,0.0,0.0
2025-10-14 00:00:00-04:00,80.56185885389553,81.43742370605469,80.56185885389553,81.43742370605469,33300,0.0,0.0,0.0
2025-10-15 00:00:00-04:00,81.5062815000096,82.49006282772405,81.46692934622233,81.89979553222656,23800,0.0,0.0,0.0
2025-10-16 00:00:00-04:00,82.21460256020688,82.48022020748886,81.76206406498034,82.07687377929688,80000,0.0,0.0,0.0
2025-10-17 00:00:00-04:00,82.15557884738435,82.88357491119282,81.99817023593619,82.80487060546875,28000,0.0,0.0,0.0
2025-10-20 00:00:00-04:00,83.10985465235444,83.56239318847656,82.97211835334167,83.56239318847656,23100,0.0,0.0,0.0
2025-10-21 00:00:00-04:00,83.55255147392744,83.7197925043082,82.8540676067582,82.9819564819336,22300,0.0,0.0,0.0
2025-10-22 00:00:00-04:00,83.1491973089049,83.63125557974948,82.89341955917985,83.55255126953125,67000,0.0,0.0,0.0
2025-10-23 00:00:00-04:00,83.7788258083219,83.7788258083219,82.72617252773924,83.17871856689453,45400,0.0,0.0,0.0
2025-10-24 00:00:00-04:00,83.50335841293315,83.90671236976138,83.43449401855469,83.43449401855469,90200,0.0,0.0,0.0
2025-10-27 00:00:00-04:00,83.59189857505096,83.98541259765625,83.13936007603438,83.98541259765625,39800,0.0,0.0,0.0
2025-10-28 00:00:00-04:00,84.2903884556526,84.2903884556526,81.86044726007087,81.91947174072266,85800,0.0,0.0,0.0
2025-10-29 00:00:00-04:00,81.32920548992489,81.79158394287904,79.55840349610921,79.94207763671875,116800,0.0,0.0,0.0
2025-10-30 00:00:00-04:00,79.70595931375773,80.80779709515937,79.70595931375773,80.60120391845703,61900,0.0,0.0,0.0
2025-10-31 00:00:00-04:00,80.2765589294466,81.0340747935399,80.07980565614396,80.73893737792969,55500,0.0,0.0,0.0
2025-11-03 00:00:00-05:00,79.73547838032471,80.78812408447266,79.6567740739674,80.78812408447266,57300,0.0,0.0,0.0
2025-11-04 00:00:00-05:00,80.81763896423176,81.26033756706242,80.38477277077529,81.22098541259766,33700,0.0,0.0,0.0
2025-11-05 00:00:00-05:00,81.49644865995033,82.05721127085765,81.37839969399639,81.82109832763672,26000,0.0,0.0,0.0
2025-11-06 00:00:00-05:00,81.69320630142226,81.73255845711101,81.30953216552734,81.30953216552734,46500,0.0,0.0,0.0
2025-11-07 00:00:00-05:00,81.57514491012554,82.65730285644531,81.57514491012554,82.65730285644531,40900,0.0,0.0,0.0
2025-11-10 00:00:00-05:00,82.7261680603876,82.7458478900653,82.07687628848446,82.47039031982422,33300,0.0,0.0,0.0
2025-11-11 00:00:00-05:00,82.68682559549019,83.4836860883919,82.68682559549019,83.43449401855469,109500,0.0,0.0,0.0
2025-11-12 00:00:00-05:00,82.9032512472366,83.3951419233356,82.82455444335938,82.82455444335938,25400,0.0,0.0,0.0
2025-11-13 00:00:00-05:00,82.54909759003387,82.80487533977748,82.31298465936204,82.3326644897461,42600,0.0,0.0,0.0
2025-11-14 00:00:00-05:00,82.4999057155659,83.14919751231436,82.4999057155659,82.9819564819336,55400,0.0,0.0,0.0
2025-11-17 00:00:00-05:00,83.14919550430804,83.5328771318808,82.90325016945593,82.97211456298828,41000,0.0,0.0,0.0
2025-11-18 00:00:00-05:00,83.04098482411527,83.66076435368066,83.04098482411527,83.30660247802734,28300,0.0,0.0,0.0
2025-11-19 00:00:00-05:00,83.19838462843344,83.40497780171738,82.7064939761415,82.80487060546875,67700,0.0,0.0,0.0
2025-11-20 00:00:00-05:00,83.43449285357569,83.87719895896106,82.92292986042936,82.93276977539062,31800,0.0,0.0,0.0
2025-11-21 00:00:00-05:00,83.10001108310132,84.40844206811357,83.02130677445639,84.19200897216797,57400,0.0,0.0,0.0
2025-11-24 00:00:00-05:00,84.31006286086826,84.58552795723783,83.81817216155011,84.36909484863281,112200,0.0,0.0,0.0
2025-11-25 00:00:00-05:00,84.72325250187795,85.57913747213014,84.61503595300486,85.2249755859375,79300,0.0,0.0,0.0
2025-11-26 00:00:00-05:00,84.95935362080407,86.06119137822216,84.95935362080407,85.73654174804688,44800,0.0,0.0,0.0
2025-11-28 00:00:00-05:00,85.7070320172102,86.40551585957296,85.7070320172102,86.13005828857422,27400,0.0,0.0,0.0
2025-12-01 00:00:00-05:00,85.8447623752304,85.8447623752304,85.08724653545165,85.18562316894531,74500,0.0,0.0,0.0
2025-12-02 00:00:00-05:00,85.27416739304881,85.38238394158863,84.71341232591338,85.18562316894531,29000,0.0,0.0,0.0
2025-12-03 00:00:00-05:00,85.02822304188155,85.1561119163398,84.59535684270575,84.73308563232422,40000,0.0,0.0,0.0
2025-12-04 00:00:00-05:00,84.5068145245242,85.22497066486203,84.39859798189977,84.43795013427734,76900,0.0,0.0,0.0
2025-12-05 00:00:00-05:00,84.57568848510458,84.57568848510458,84.05428554199861,84.142822265625,47500,0.0,0.0,0.0
2025-12-08 00:00:00-05:00,84.24119675153489,84.24119675153489,83.17871856689453,83.17871856689453,92600,0.0,0.0,0.0
2025-12-09 00:00:00-05:00,83.45417454776482,83.71979221240485,82.01785466322896,82.0276870727539,73600,0.0,0.0,0.0
2025-12-10 00:00:00-05:00,82.3818492589748,82.47039348461065,81.71287763172228,81.76206970214844,158800,0.0,0.0,0.0
2025-12-11 00:00:00-05:00,81.88012742753959,82.01785622006447,81.11277164762866,81.34888458251953,73200,0.0,0.0,0.0
2025-12-12 00:00:00-05:00,81.62434065027522,82.03752702016924,81.48661186031055,81.72271728515625,165800,0.0,0.0,0.0
2025-12-15 00:00:00-05:00,82.11623629722854,82.74585580533774,82.11623629722854,82.50975036621094,88300,0.0,0.0,0.0
2025-12-16 00:00:00-05:00,82.46697940581068,82.66589129376598,81.87025891737014,82.02938842773438,61100,0.907,0.0,0.0
2025-12-17 00:00:00-05:00,81.97965442292738,83.0239209157994,81.97965442292738,82.67582702636719,261900,0.0,0.0,0.0
2025-12-18 00:00:00-05:00,83.12337589364363,83.12337589364363,82.18850900484054,82.32774353027344,60300,0.0,0.0,0.0
2025-12-19 00:00:00-05:00,82.10894549218614,82.21834513349613,81.46250272335234,81.47244262695312,67600,0.0,0.0,0.0
2025-12-22 00:00:00-05:00,81.53212008941514,82.14872797279487,81.36304308772496,82.02938842773438,50700,0.0,0.0,0.0
2025-12-23 00:00:00-05:00,82.07911026051403,82.07911026051403,81.60173690745471,81.84042358398438,43400,0.0,0.0,0.0
2025-12-24 00:00:00-05:00,81.8006373462741,82.51670492978305,81.8006373462741,82.42719268798828,32200,0.0,0.0,0.0
2025-12-26 00:00:00-05:00,82.27801803203046,82.55648707200548,82.14872341510474,82.48686981201172,59500,0.0,0.0,0.0
2025-12-29 00:00:00-05:00,82.80512333881701,82.87474060058594,82.53659419505657,82.87474060058594,55100,0.0,0.0,0.0
2025-12-30 00:00:00-05:00,82.94435390770467,83.0438060501025,82.63604240224569,82.90457153320312,55800,0.0,0.0,0.0
2025-12-31 00:00:00-05:00,82.83495741171319,83.0935390619097,82.18850708007812,82.18850708007812,119500,0.0,0.0,0.0
2026-01-02 00:00:00-05:00,82.13878088651536,82.44709241743827,81.5718952815445,82.21834564208984,72200,0.0,0.0,0.0
2026-01-05 00:00:00-05:00,82.01943606844982,82.18850547239282,81.17408146102254,81.68128967285156,83000,0.0,0.0,0.0
2026-01-06 00:00:00-05:00,81.48238578949453,83.23277236975194,81.48238578949453,83.04380798339844,59900,0.0,0.0,0.0
2026-01-07 00:00:00-05:00,83.37200507843546,83.60074424753448,82.28795623779297,82.28795623779297,120800,0.0,0.0,0.0
2026-01-08 00:00:00-05:00,82.09900018513149,83.32227596623142,81.92992319478147,83.2824935913086,72100,0.0,0.0,0.0
2026-01-09 00:00:00-05:00,83.27255502079073,83.80959812156148,82.91452122846871,82.98413848876953,66700,0.0,0.0,0.0
2026-01-12 00:00:00-05:00,83.23277701714622,83.85933239276429,82.97419535628411,83.14326477050781,55200,0.0,0.0,0.0
2026-01-13 00:00:00-05:00,83.0438103614511,83.40184416284082,82.22829061111061,83.37200927734375,48000,0.0,0.0,0.0
2026-01-14 00:00:00-05:00,83.40184145193687,84.28697843557073,83.28249432611541,84.27703094482422,64600,0.0,0.0,0.0
2026-01-15 00:00:00-05:00,84.43616351466733,85.28151815375094,84.41626853245124,84.7345199584961,70000,0.0,0.0,0.0
2026-01-16 00:00:00-05:00,84.47594195869549,86.01746914932781,84.47594195869549,85.93791198730469,47300,0.0,0.0,0.0
2026-01-20 00:00:00-05:00,85.22184644273332,85.31135109753092,84.36654433200981,84.59528350830078,116100,0.0,0.0,0.0
2026-01-21 00:00:00-05:00,84.87375079942055,85.0328802993926,84.00850880338709,84.70468139648438,60900,0.0,0.0,0.0
2026-01-22 00:00:00-05:00,84.64501320178908,84.6947430683831,83.40184241406185,83.48140716552734,79300,0.0,0.0,0.0
2026-01-23 00:00:00-05:00,83.36206186064308,83.98861721977782,83.2526622219146,83.92894744873047,65200,0.0,0.0,0.0
2026-01-26 00:00:00-05:00,84.127847957804,84.127847957804,83.16315382253423,83.34217071533203,71200,0.0,0.0,0.0
2026-01-27 00:00:00-05:00,83.3521128761214,83.57091214965808,83.06369634170599,83.1134262084961,77800,0.0,0.0,0.0
2026-01-28 00:00:00-05:00,83.08358961865164,83.30238888769863,81.96970587973624,82.04927062988281,74500,0.0,0.0,0.0
2026-01-29 00:00:00-05:00,82.51670506058731,83.33222479027364,82.06915902632865,82.98413848876953,70500,0.0,0.0,0.0
2026-01-30 00:00:00-05:00,83.00402962339592,83.57091522216797,82.5067612880621,83.57091522216797,102200,0.0,0.0,0.0
2026-02-02 00:00:00-05:00,83.84938054910307,83.84938054910307,82.67582702636719,82.67582702636719,73000,0.0,0.0,0.0
2026-02-03 00:00:00-05:00,82.6261041498972,83.10347747802734,81.91003656998976,83.10347747802734,123700,0.0,0.0,0.0
2026-02-04 00:00:00-05:00,83.42172770406911,84.55549882686421,83.3620579358311,83.95877838134766,54400,0.0,0.0,0.0
2026-02-05 00:00:00-05:00,83.82949575134826,84.55550326203232,83.3521148172678,84.11791229248047,93100,0.0,0.0,0.0
2026-02-06 00:00:00-05:00,84.5654474284719,85.60971391262925,84.5654474284719,85.4505844116211,92100,0.0,0.0,0.0
2026-02-09 00:00:00-05:00,85.47048149854587,85.91801995265935,85.25168222312597,85.83845520019531,82100,0.0,0.0,0.0
2026-02-10 00:00:00-05:00,85.83845290309756,87.39987508678557,85.83845290309756,87.24075317382812,110700,0.0,0.0,0.0
2026-02-11 00:00:00-05:00,87.74797189638194,88.84196069294539,87.64851216129324,88.31485748291016,171700,0.0,0.0,0.0
2026-02-12 00:00:00-05:00,88.60326190153326,89.05080792340101,87.1810818501504,87.59878540039062,115600,0.0,0.0,0.0
2026-02-13 00:00:00-05:00,87.36009457349888,88.77234236504819,87.17113777206676,88.55354309082031,92700,0.0,0.0,0.0
2026-02-17 00:00:00-05:00,89.05081038377058,89.74698298673873,88.53364708924086,89.65747833251953,66100,0.0,0.0,0.0
2026-02-18 00:00:00-05:00,89.53813028462885,89.53813028462885,88.34468938104445,88.414306640625,92900,0.0,0.0,0.0
2026-02-19 00:00:00-05:00,88.41431065586198,88.8121268376939,87.718130440728,88.07616424560547,44200,0.0,0.0,0.0
2026-02-20 00:00:00-05:00,88.26512339294773,88.5137575433504,87.9269845905019,88.40435791015625,65600,0.0,0.0,0.0
2026-02-23 00:00:00-05:00,88.36457764631417,89.33922687776723,88.36457764631417,88.79222869873047,81800,0.0,0.0,0.0
2026-02-24 00:00:00-05:00,88.97124780175805,89.11048232574619,88.23529280529038,88.87179565429688,33800,0.0,0.0,0.0
2026-02-25 00:00:00-05:00,88.85189874337937,89.10053290049119,88.29496065951682,88.73255920410156,38500,0.0,0.0,0.0
2026-02-26 00:00:00-05:00,89.11048120732312,89.59780203516526,88.88174202980457,89.41879272460938,33900,0.0,0.0,0.0
2026-02-27 00:00:00-05:00,89.26960708171526,90.05529190396257,88.941408183616,89.08064270019531,48400,0.0,0.0,0.0
2026-03-02 00:00:00-05:00,88.95136093103704,89.94589758692891,88.65299689918447,89.6176986694336,67100,0.0,0.0,0.0
2026-03-03 00:00:00-05:00,88.57343015593901,89.31933263110187,87.71812804406859,88.92152404785156,81500,0.0,0.0,0.0
2026-03-04 00:00:00-05:00,88.68282777806945,89.10053133362088,88.17561956963367,89.09059143066406,35700,0.0,0.0,0.0
2026-03-05 00:00:00-05:00,88.28501569542888,88.44414520263672,87.60873046522065,88.44414520263672,49300,0.0,0.0,0.0
2026-03-06 00:00:00-05:00,87.63857355028901,88.08611201393776,87.0716879554014,88.01649475097656,79400,0.0,0.0,0.0
2026-03-09 00:00:00-04:00,87.40982303606278,88.52370678345726,86.52468605015291,88.29496002197266,30900,0.0,0.0,0.0
2026-03-10 00:00:00-04:00,87.92699077663379,88.96130223789156,87.5092796079079,88.14578247070312,44900,0.0,0.0,0.0
2026-03-11 00:00:00-04:00,87.94687633418896,87.94687633418896,86.61419327649986,86.83299255371094,47200,0.0,0.0,0.0
2026-03-12 00:00:00-04:00,86.19648632548383,87.4396570902602,86.19648632548383,86.74348449707031,18800,0.0,0.0,0.0
2026-03-13 00:00:00-04:00,87.43965982519173,87.6385717064048,86.66392245774176,86.70370483398438,23800,0.0,0.0,0.0
2026-03-16 00:00:00-04:00,87.2407586029425,87.80764420585987,87.0319068111006,87.16119384765625,60600,0.0,0.0,0.0
2026-03-17 00:00:00-04:00,87.63857145336239,88.1955095437261,87.46949445789134,87.62862396240234,42500,0.0,0.0,0.0
2026-03-18 00:00:00-04:00,87.1313558136294,87.30042522172035,86.11692418965889,86.14676666259766,41500,0.0,0.0,0.0
2026-03-19 00:00:00-04:00,85.87823573689919,86.35561665374541,85.20195053086584,85.39091491699219,39600,0.0,0.0,0.0
2026-03-20 00:00:00-04:00,85.21189755644703,85.21189755644703,81.85036652617781,82.29790496826172,94100,0.0,0.0,0.0
2026-03-23 00:00:00-04:00,83.16315668328903,84.01845880188785,82.62610598642145,82.68577575683594,62400,0.0,0.0,0.0
2026-03-24 00:00:00-04:00,82.25812671636041,83.08359397001107,81.99954505869738,82.51670837402344,43500,0.0,0.0,0.0
2026-03-25 00:00:00-04:00,82.80512122737063,83.04380789196175,82.25812305048238,82.48686981201172,30900,0.0,0.0,0.0
2026-03-26 00:00:00-04:00,82.36752144780968,83.2427109299638,82.31779158239922,82.47692108154297,31300,0.0,0.0,0.0
2026-03-27 00:00:00-04:00,82.53659125941518,82.71560815298409,81.6812891665539,81.8006362915039,39800,0.0,0.0,0.0
2026-03-30 00:00:00-04:00,82.59626810526889,83.12337129204407,81.63156638409373,81.91998291015625,52000,0.0,0.0,0.0
2026-03-31 00:00:00-04:00,82.74544649084453,83.24271481732247,81.96970911557294,82.7553939819336,27700,0.0,0.0,0.0
2026-04-01 00:00:00-04:00,82.66589090353646,83.54108044327037,82.57637865745096,83.26261138916016,64300,0.0,0.0,0.0
2026-04-02 00:00:00-04:00,83.1432609357896,84.62511839323331,83.1432609357896,84.59528350830078,23400,0.0,0.0,0.0
2026-04-06 00:00:00-04:00,84.38643182108417,84.80413538603467,84.26709228121967,84.28697967529297,49300,0.0,0.0,0.0
2026-04-07 00:00:00-04:00,84.03834423216897,84.91353372454888,84.03834423216897,84.58534240722656,20100,0.0,0.0,0.0
2026-04-08 00:00:00-04:00,85.60971359015004,85.9379124939589,85.4406441867499,85.81856536865234,30000,0.0,0.0,0.0
2026-04-09 00:00:00-04:00,85.55998678033319,87.12140901723102,85.46053463288165,86.27605438232422,31900,0.0,0.0,0.0
2026-04-10 00:00:00-04:00,86.32578414980037,86.88272224505313,86.23627190579906,86.58435821533203,75900,0.0,0.0,0.0
2026-04-13 00:00:00-04:00,86.4053399398542,86.4053399398542,85.68927993780248,86.3257827758789,33900,0.0,0.0,0.0
2026-04-14 00:00:00-04:00,86.23627142029129,87.57889437105237,86.23627142029129,87.56895446777344,40800,0.0,0.0,0.0
2026-04-15 00:00:00-04:00,87.49933596762608,87.57889313129346,86.95233778653106,87.55900573730469,37800,0.0,0.0,0.0
2026-04-16 00:00:00-04:00,87.58883809809323,88.02643663035896,87.48938595559069,87.84741973876953,29300,0.0,0.0,0.0
2026-04-17 00:00:00-04:00,88.16567458709592,88.96129934586885,87.85736306928383,88.80217742919922,87200,0.0,0.0,0.0
2026-04-20 00:00:00-04:00,88.55354413006368,89.20993437273819,88.55354413006368,89.18009948730469,44400,0.0,0.0,0.0
2026-04-21 00:00:00-04:00,88.95135629432606,88.95135629432606,87.12140499726321,87.47943878173828,69000,0.0,0.0,0.0
2026-04-22 00:00:00-04:00,87.48938592033407,87.71812508922655,85.36107820324644,85.8086166381836,66500,0.0,0.0,0.0
2026-04-23 00:00:00-04:00,85.94785168453959,87.8275252631922,85.94785168453959,87.72807312011719,45700,0.0,0.0,0.0
2026-04-24 00:00:00-04:00,87.70819064095173,88.29496362937019,87.379991721474,87.76786041259766,52100,0.0,0.0,0.0
2026-04-27 00:00:00-04:00,87.51922652354307,88.32479879415766,87.51922652354307,87.70819091796875,60900,0.0,0.0,0.0
2026-04-28 00:00:00-04:00,88.09605600431652,89.24971454293043,87.8971441268229,89.10053253173828,51900,0.0,0.0,0.0
2026-04-29 00:00:00-04:00,88.8518970413812,89.53812972993268,88.40435860223765,88.53364562988281,51100,0.0,0.0,0.0
2026-04-30 00:00:00-04:00,88.4242530501522,89.8364932059254,88.4242530501522,89.82654571533203,36300,0.0,0.0,0.0
2026-05-01 00:00:00-04:00,89.82654525332349,90.11496177735071,89.39889421255373,89.63758087158203,33900,0.0,0.0,0.0
2026-05-04 00:00:00-04:00,89.40884653228109,90.09507166251612,88.88174332075545,89.12042999267578,34700,0.0,0.0,0.0
2026-05-05 00:00:00-04:00,89.42873286188845,89.63758464579598,88.613213120468,89.35911560058594,35100,0.0,0.0,0.0
2026-05-06 00:00:00-04:00,89.83649959260347,90.9106010216837,89.79671721511392,90.68185424804688,20800,0.0,0.0,0.0
2026-05-07 00:00:00-04:00,90.06523398572193,90.66196202859794,89.28949663523782,90.3337631225586,24700,0.0,0.0,0.0
2026-05-08 00:00:00-04:00,90.60228825485098,91.29846846983499,90.60228825485098,90.67190551757812,24800,0.0,0.0,0.0
2026-05-11 00:00:00-04:00,90.76141550242708,91.24873632938149,90.52272124669597,90.90065002441406,24300,0.0,0.0,0.0
2026-05-12 00:00:00-04:00,91.32829776464969,91.447637300469,90.36359604897913,91.36808013916016,19500,0.0,0.0,0.0
2026-05-13 00:00:00-04:00,90.96032353323736,91.50732174046402,90.57245483637216,91.4874267578125,28600,0.0,0.0,0.0
2026-05-14 00:00:00-04:00,91.84545758766554,91.84545758766554,90.7116864201299,90.72163391113281,27400,0.0,0.0,0.0
2026-05-15 00:00:00-04:00,90.71168820424876,90.71168820424876,88.88174438476562,88.88174438476562,37600,0.0,0.0,0.0
2026-05-18 00:00:00-04:00,88.90163218717976,90.18458540002672,88.88174479240399,89.93595123291016,29400,0.0,0.0,0.0
2026-05-19 00:00:00-04:00,89.9757307036175,90.60228605293457,89.55802713740611,90.59233856201172,30600,0.0,0.0,0.0
2026-05-20 00:00:00-04:00,90.63211855040085,91.43769836425781,90.61223115679142,91.43769836425781,19000,0.0,0.0,0.0
2026-05-21 00:00:00-04:00,90.6022837122474,91.13933439252133,90.4033794252032,91.12938690185547,35900,0.0,0.0,0.0
2026-05-22 00:00:00-04:00,91.54710140295991,91.68633592654045,90.92053845913506,91.52720642089844,19100,0.0,0.0,0.0
2026-05-26 00:00:00-04:00,91.59682046193242,92.09408876800993,91.32829891524395,91.68633270263672,17400,0.0,0.0,0.0
2026-05-27 00:00:00-04:00,91.53715373483129,92.13387420440944,91.27857208251953,91.27857208251953,20300,0.0,0.0,0.0
2026-05-28 00:00:00-04:00,91.02993438526786,91.38796817064984,90.55256106323333,90.63211822509766,17600,0.0,0.0,0.0
2026-05-29 00:00:00-04:00,90.14480347523185,90.19453334398983,89.20993657411313,89.2596664428711,35900,0.0,0.0,0.0
2026-06-01 00:00:00-04:00,88.70272367876439,89.11047974787299,87.42971801757812,87.42971801757812,23900,0.0,0.0,0.0
2026-06-02 00:00:00-04:00,87.58884509191878,87.58884509191878,87.03190697926425,87.40982818603516,14000,0.0,0.0,0.0
2026-06-03 00:00:00-04:00,87.53911336566,88.37452810463083,87.53911336566,87.82752990722656,56700,0.0,0.0,0.0
2026-06-04 00:00:00-04:00,88.98119354248047,89.0110284273607,88.03637919090343,88.98119354248047,27600,0.0,0.0,0.0
2026-06-05 00:00:00-04:00,88.63310663952946,91.12938810197089,88.63310663952946,90.27408599853516,25200,0.0,0.0,0.0
2026-06-08 00:00:00-04:00,90.33376350313421,90.33376350313421,88.57342942711577,88.79222869873047,19000,0.0,0.0,0.0
2026-06-09 00:00:00-04:00,89.05081383097657,91.46753822870772,89.05081383097657,91.16917419433594,23200,0.0,0.0,0.0
2026-06-10 00:00:00-04:00,91.60677303500655,92.6808744567766,91.54710326303464,91.9747543334961,25800,0.0,0.0,0.0
2026-06-11 00:00:00-04:00,92.1736582861749,92.56152697796281,91.47748565673828,91.47748565673828,16800,0.0,0.0,0.0
2026-06-12 00:00:00-04:00,92.07420000213095,92.41233880312235,91.98468776276071,92.29299926757812,28600,0.0,0.0,0.0
2026-06-15 00:00:00-04:00,92.16000366210938,92.5,91.08999633789062,91.31999969482422,66200,0.507,0.0,0.0
2026-06-16 00:00:00-04:00,91.7699966430664,91.98999786376953,91.01000213623047,91.23999786376953,94000,0.0,0.0,0.0
2026-06-17 00:00:00-04:00,91.20999908447266,91.20999908447266,88.86000061035156,89.04000091552734,32600,0.0,0.0,0.0
2026-06-18 00:00:00-04:00,89.88999938964844,89.88999938964844,88.91000366210938,89.08999633789062,25200,0.0,0.0,0.0
2026-06-22 00:00:00-04:00,89.23999786376953,90.20999908447266,88.88999938964844,90.02999877929688,41600,0.0,0.0,0.0
2026-06-23 00:00:00-04:00,90.37999725341797,91.9000015258789,90.37999725341797,91.69999694824219,21300,0.0,0.0,0.0
2026-06-24 00:00:00-04:00,92.01000213623047,93.12000274658203,91.83999633789062,92.5199966430664,82300,0.0,0.0,0.0
2026-06-25 00:00:00-04:00,92.95999908447266,93.58999633789062,92.54000091552734,93.51000213623047,18400,0.0,0.0,0.0
2026-06-26 00:00:00-04:00,94.20999908447266,95.23999786376953,94.20999908447266,95.0999984741211,22100,0.0,0.0,0.0
2026-06-29 00:00:00-04:00,94.9800033569336,95.4000015258789,94.23999786376953,95.4000015258789,49600,0.0,0.0,0.0
2026-06-30 00:00:00-04:00,94.37000274658203,95.4000015258789,94.25,94.69000244140625,30200,0.0,0.0,0.0
2026-07-01 00:00:00-04:00,94.58999633789062,96.27999877929688,94.58999633789062,95.68000030517578,37200,0.0,0.0,0.0
2026-07-02 00:00:00-04:00,95.93000030517578,97.45999908447266,95.93000030517578,97.44000244140625,32500,0.0,0.0,0.0
2026-07-06 00:00:00-04:00,97.26000213623047,97.41999816894531,96.11000061035156,96.36000061035156,34700,0.0,0.0,0.0
2026-07-07 00:00:00-04:00,97.20999908447266,98.63999938964844,96.77999877929688,97.55999755859375,44800,0.0,0.0,0.0
2026-07-08 00:00:00-04:00,97.48999786376953,97.48999786376953,95.58999633789062,95.58999633789062,33400,0.0,0.0,0.0
2026-07-09 00:00:00-04:00,95.68000030517578,96.01000213623047,94.95999908447266,95.0,29700,0.0,0.0,0.0
2026-07-10 00:00:00-04:00,95.56999969482422,95.56999969482422,94.2300033569336,95.0,31200,0.0,0.0,0.0
2026-07-13 00:00:00-04:00,95.44000244140625,96.36000061035156,95.44000244140625,96.06999969482422,47900,0.0,0.0,0.0
2026-07-14 00:00:00-04:00,96.06999969482422,96.37000274658203,95.75,95.91999816894531,40500,0.0,0.0,0.0
2026-07-15 00:00:00-04:00,96.05000305175781,96.30000305175781,94.87999725341797,95.12999725341797,74400,0.0,0.0,0.0
2026-07-16 00:00:00-04:00,95.47000122070312,98.12000274658203,95.47000122070312,98.12000274658203,38900,0.0,0.0,0.0
2026-07-17 00:00:00-04:00,98.43000030517578,99.2300033569336,97.3499984741211,97.80999755859375,39800,0.0,0.0,0.0
2026-07-20 00:00:00-04:00,97.63999938964844,98.12999725341797,97.19000244140625,97.63999938964844,28200,0.0,0.0,0.0
2026-07-21 00:00:00-04:00,97.55999755859375,98.08999633789062,97.5199966430664,97.87000274658203,31900,0.0,0.0,0.0
2026-07-22 00:00:00-04:00,98.12000274658203,98.19999694824219,97.23999786376953,97.51000213623047,26600,0.0,0.0,0.0
2026-07-23 00:00:00-04:00,97.44000244140625,98.52999877929688,97.38999938964844,97.94999694824219,47200,0.0,0.0,0.0
2026-07-24 00:00:00-04:00,98.4800033569336,99.48999786376953,98.37000274658203,99.31999969482422,46200,0.0,0.0,0.0
2026-07-27 00:00:00-04:00,99.12000274658203,99.7699966430664,98.75,98.80000305175781,33700,0.0,0.0,0.0
2026-07-28 00:00:00-04:00,100.43000030517578,100.43000030517578,98.93000030517578,99.05000305175781,45900,0.0,0.0,0.0
2026-07-29 00:00:00-04:00,99.38999938964844,99.58999633789062,98.63999938964844,98.98999786376953,48900,0.0,0.0,0.0
2026-07-30 00:00:00-04:00,98.47000122070312,98.47000122070312,95.51000213623047,96.0999984741211,47000,0.0,0.0,0.0
2026-07-31 00:00:00-04:00,96.23999786376953,96.51000213623047,95.01000213623047,96.11000061035156,30700,0.0,0.0,0.0
2026-08-03 00:00:00-04:00,96.11000061035156,97.02999877929688,95.76000213623047,96.0199966430664,35000,0.0,0.0,0.0
2026-08-04 00:00:00-04:00,95.43000030517578,95.80000305175781,94.33999633789062,95.72000122070312,57200,0.0,0.0,0.0
2026-08-05 00:00:00-04:00,95.81999969482422,96.61000061035156,95.58999633789062,96.61000061035156,59500,0.0,0.0,0.0
2026-08-06 00:00:00-04:00,96.98999786376953,97.12999725341797,95.69000244140625,95.97000122070312,65500,0.0,0.0,0.0
2026-08-07 00:00:00-04:00,95.86000061035156,96.7300033569336,95.62000274658203,96.5999984741211,17500,0.0,0.0,0.0
2026-08-10 00:00:00-04:00,95.98999786376953,95.98999786376953,94.80000305175781,95.06999969482422,60500,0.0,0.0,0.0
2026-08-11 00:00:00-04:00,94.54000091552734,94.54000091552734,93.0,93.02999877929688,86900,0.0,0.0,0.0
2026-08-12 00:00:00-04:00,93.18000030517578,93.91999816894531,93.18000030517578,93.69000244140625,23500,0.0,0.0,0.0
2026-08-13 00:00:00-04:00,94.2300033569336,95.55000305175781,94.2300033569336,95.16000366210938,152200,0.0,0.0,0.0
2026-08-14 00:00:00-04:00,95.18000030517578,95.69999694824219,95.09100341796875,95.41419982910156,32868,0.0,0.0,0.0
