Date,Open,High,Low,Close,Volume,Dividends,Stock Splits,Capital Gains
2022-08-04 00:00:00-04:00,25.233496701445855,25.309466906964648,24.290126462578215,24.358402252197266,8900,0.0,0.0,0.0
2022-08-05 00:00:00-04:00,25.579689521991654,26.118208780106634,24.044907527048434,24.615161895751953,27900,0.0,0.0,0.0
2022-08-08 00:00:00-04:00,26.300923312060043,26.300923312060043,24.92385015103862,25.23349952697754,125500,0.0,0.0,0.0
2022-08-09 00:00:00-04:00,24.96423628101396,24.96423628101396,24.041060440508367,24.271854400634766,51000,0.0,0.0,0.0
2022-08-10 00:00:00-04:00,25.262349014919412,25.92491990766568,24.916157126612937,25.849912643432617,53400,0.0,0.0,0.0
2022-08-11 00:00:00-04:00,27.204866216393462,27.60779317667129,25.78451915099632,25.958576202392578,76800,0.0,0.0,0.0
2022-08-12 00:00:00-04:00,26.233609175312736,27.233716464042722,25.61431041053972,27.152938842773438,53000,0.0,0.0,0.0
2022-08-15 00:00:00-04:00,27.27218198228005,27.6279886813789,26.724046048833838,27.16543960571289,69400,0.0,0.0,0.0
2022-08-16 00:00:00-04:00,27.18563092569555,27.18563092569555,25.95472800074617,26.454782485961914,31700,0.0,0.0,0.0
2022-08-17 00:00:00-04:00,26.185524758920458,26.185524758920458,25.041171507851313,25.204648971557617,31600,0.0,0.0,0.0
2022-08-18 00:00:00-04:00,25.502761179619224,25.521994471060616,24.87288464132087,24.968088150024414,16500,0.0,0.0,0.0
2022-08-19 00:00:00-04:00,23.887199398252033,23.887199398252033,22.906323626463006,22.989986419677734,37500,0.0,0.0,0.0
2022-08-22 00:00:00-04:00,22.550514586242123,22.646677357069557,22.16585616618326,22.238941192626953,22200,0.0,0.0,0.0
2022-08-23 00:00:00-04:00,22.396651929626398,23.165965100604694,22.338952066162566,22.569746017456055,12700,0.0,0.0,0.0
2022-08-24 00:00:00-04:00,22.64667854606507,23.03133698631926,22.64667854606507,22.766883850097656,9500,0.0,0.0,0.0
2022-08-25 00:00:00-04:00,22.800541825527446,23.16596698714125,22.66687358240258,22.926517486572266,14900,0.0,0.0,0.0
2022-08-26 00:00:00-04:00,23.223664724450227,23.223664724450227,21.607144006081096,21.627338409423828,29800,0.0,0.0,0.0
2022-08-29 00:00:00-04:00,21.059969662239045,21.916793819409804,21.002271627786662,21.594642639160156,17500,0.0,0.0,0.0
2022-08-30 00:00:00-04:00,22.598600840026375,22.598600840026375,21.059972330889174,21.371545791625977,42700,0.0,0.0,0.0
2022-08-31 00:00:00-04:00,21.761967462618138,21.906215294990098,21.298457306377507,21.521556854248047,7400,0.0,0.0,0.0
2022-09-01 00:00:00-04:00,21.059966312727994,21.059966312727994,20.357967863614064,20.969572067260742,12000,0.0,0.0,0.0
2022-09-02 00:00:00-04:00,20.944574935976227,21.30999828984987,20.60799968408435,20.659927368164062,5200,0.0,0.0,0.0
2022-09-06 00:00:00-04:00,20.81955758832979,20.848407520630527,20.223340327613084,20.24641990661621,10700,0.0,0.0,0.0
2022-09-07 00:00:00-04:00,20.309889540489724,20.835906982421875,20.04062899167064,20.835906982421875,17900,0.0,0.0,0.0
2022-09-08 00:00:00-04:00,20.64646320584929,21.82928483995159,20.567609653034108,21.821590423583984,7500,0.0,0.0,0.0
2022-09-09 00:00:00-04:00,22.954406565168007,23.146733958649047,22.560131465028856,23.04960823059082,43900,0.0,0.0,0.0
2022-09-12 00:00:00-04:00,23.617937292252385,23.627553936542906,23.117884628456725,23.348678588867188,8000,0.0,0.0,0.0
2022-09-13 00:00:00-04:00,22.454351049299614,22.485123210795603,21.770622857805378,21.790817260742188,32500,0.0,0.0,0.0
2022-09-14 00:00:00-04:00,21.954296848790065,21.954296848790065,21.560023594820517,21.89659881591797,9400,0.0,0.0,0.0
2022-09-15 00:00:00-04:00,21.78119926086826,22.435116364353224,21.511940571800746,21.5494441986084,21900,0.0,0.0,0.0
2022-09-16 00:00:00-04:00,20.694545027044164,20.93014638947991,20.487791762922075,20.569530487060547,20700,0.0,0.0,0.0
2022-09-19 00:00:00-04:00,20.204109981519323,20.390668869018555,20.012743688363578,20.390668869018555,6400,0.0,0.0,0.0
2022-09-20 00:00:00-04:00,20.03293516397232,20.14640899642214,19.75213575949477,19.77617645263672,4500,0.0,0.0,0.0
2022-09-21 00:00:00-04:00,19.761750606259014,20.46375095294949,19.758867263793945,19.758867263793945,4900,0.0,0.0,0.0
2022-09-22 00:00:00-04:00,19.71367194894528,19.71367194894528,19.079949137465732,19.30112648010254,6400,0.0,0.0,0.0
2022-09-23 00:00:00-04:00,18.74240984662782,18.761643134515406,18.468341913885215,18.74721908569336,22100,0.0,0.0,0.0
2022-09-26 00:00:00-04:00,19.01167104604309,19.136683753353662,18.60778115707357,18.68951988220215,16000,0.0,0.0,0.0
2022-09-27 00:00:00-04:00,19.357863493863114,19.357863493863114,18.612590893328456,18.848194122314453,2800,0.0,0.0,0.0
2022-09-28 00:00:00-04:00,18.953973175427418,19.833876961017104,18.953973175427418,19.813682556152344,1600,0.0,0.0,0.0
2022-09-29 00:00:00-04:00,19.03090413089517,19.18476676940918,18.953970977450833,19.18476676940918,2200,0.0,0.0,0.0
2022-09-30 00:00:00-04:00,19.636738060173155,19.96369662588532,19.158802032470703,19.158802032470703,4000,0.0,0.0,0.0
2022-10-03 00:00:00-04:00,19.415561148447242,19.605003356933594,19.23188745924451,19.605003356933594,14300,0.0,0.0,0.0
2022-10-04 00:00:00-04:00,20.43971068428525,20.980154037475586,20.43971068428525,20.980154037475586,27900,0.0,0.0,0.0
2022-10-05 00:00:00-04:00,20.56087808467042,20.81955904254241,20.23103432232347,20.740705490112305,1800,0.0,0.0,0.0
2022-10-06 00:00:00-04:00,20.617613559560777,21.05996818293606,20.617613559560777,20.67338752746582,2900,0.0,0.0,0.0
2022-10-07 00:00:00-04:00,20.194492156431984,20.194492156431984,19.461721420288086,19.461721420288086,6900,0.0,0.0,0.0
2022-10-10 00:00:00-04:00,19.252081328979294,19.252081328979294,18.89146542821554,19.114566802978516,5200,0.0,0.0,0.0
2022-10-11 00:00:00-04:00,19.08860143327212,19.252080709727466,18.627013535346656,18.903003692626953,3900,0.0,0.0,0.0
2022-10-12 00:00:00-04:00,18.895314427610085,18.953973580724526,18.895314427610085,18.953012466430664,1200,0.0,0.0,0.0
2022-10-13 00:00:00-04:00,18.136576933938613,19.344398498535156,17.819235003355445,19.344398498535156,6800,0.0,0.0,0.0
2022-10-14 00:00:00-04:00,19.523264413890235,19.523264413890235,18.37602424621582,18.37602424621582,1200,0.0,0.0,0.0
2022-10-17 00:00:00-04:00,18.85780941070823,19.338630645378508,18.85780941070823,19.19919204711914,3300,0.0,0.0,0.0
2022-10-18 00:00:00-04:00,19.457874364029333,19.457874364029333,18.89627547489207,19.030906677246094,3000,0.0,0.0,0.0
2022-10-19 00:00:00-04:00,18.992438255249972,18.992438255249972,18.646246388720638,18.674135208129883,4400,0.0,0.0,0.0
2022-10-20 00:00:00-04:00,18.540464382280845,18.752025030004294,18.492381166307013,18.531808853149414,4800,0.0,0.0,0.0
2022-10-21 00:00:00-04:00,18.357754020093346,19.07321548461914,18.357754020093346,19.07321548461914,2200,0.0,0.0,0.0
2022-10-24 00:00:00-04:00,19.252083517311984,19.386712881960136,18.800110363100284,19.33382225036621,14400,0.0,0.0,0.0
2022-10-25 00:00:00-04:00,19.434792456719556,20.877256088866723,19.425177646590118,20.840715408325195,7400,0.0,0.0,0.0
2022-10-26 00:00:00-04:00,20.958998062208554,21.608106006783974,20.725318908691406,20.725318908691406,9500,0.0,0.0,0.0
2022-10-27 00:00:00-04:00,20.742628138602516,20.75224478356921,20.403167724609375,20.403167724609375,4500,0.0,0.0,0.0
2022-10-28 00:00:00-04:00,20.35797030115062,20.876295144999172,20.35797030115062,20.86764144897461,4100,0.0,0.0,0.0
2022-10-31 00:00:00-04:00,20.81955803699978,20.896489357272333,20.36181640625,20.36181640625,6400,0.0,0.0,0.0
2022-11-01 00:00:00-04:00,20.68492788226104,20.70416117012955,20.00119972229004,20.00119972229004,9800,0.0,0.0,0.0
2022-11-02 00:00:00-04:00,19.934850300494187,20.03390010280594,19.096298217773438,19.096298217773438,3300,0.0,0.0,0.0
2022-11-03 00:00:00-04:00,18.95397180902768,19.329013611773885,18.840497970581055,18.840497970581055,4800,0.0,0.0,0.0
2022-11-04 00:00:00-04:00,19.502109284688768,19.502109284688768,18.84819213399101,19.35305404663086,4500,0.0,0.0,0.0
2022-11-07 00:00:00-05:00,19.454028895163763,19.454028895163763,19.090527751558565,19.322284698486328,4000,0.0,0.0,0.0
2022-11-08 00:00:00-05:00,18.973206748362102,19.309782001970955,17.79231093496207,18.194276809692383,15600,0.0,0.0,0.0
2022-11-09 00:00:00-05:00,17.61728929964447,17.848083266351342,16.984529495239258,16.984529495239258,13000,0.0,0.0,0.0
2022-11-10 00:00:00-05:00,17.92501246665846,18.213506266531258,17.68460188385805,18.037525177001953,15400,0.0,0.0,0.0
2022-11-11 00:00:00-05:00,17.540357249677502,18.418336868286133,17.482659218941468,18.418336868286133,5800,0.0,0.0,0.0
2022-11-14 00:00:00-05:00,18.300053783193505,18.300053783193505,17.896163940429688,17.896163940429688,6200,0.0,0.0,0.0
2022-11-15 00:00:00-05:00,18.47315071317662,18.641439243615032,18.196199417114258,18.196199417114258,4500,0.0,0.0,0.0
2022-11-16 00:00:00-05:00,18.01156438790243,18.01156438790243,17.30860465750956,17.375919342041016,15900,0.0,0.0,0.0
2022-11-17 00:00:00-05:00,17.078768087886385,17.18454933166504,17.021070061364934,17.18454933166504,2800,0.0,0.0,0.0
2022-11-18 00:00:00-05:00,17.02107245377583,17.02107245377583,16.75565819293469,16.8210506439209,4700,0.0,0.0,0.0
2022-11-21 00:00:00-05:00,16.55948096600515,16.55948096600515,16.16905403137207,16.16905403137207,2200,0.0,0.0,0.0
2022-11-22 00:00:00-05:00,16.16520772288111,16.53447914123535,16.16520772288111,16.53447914123535,5000,0.0,0.0,0.0
2022-11-23 00:00:00-05:00,16.55947979182971,16.964332580566406,16.55947979182971,16.964332580566406,2400,0.0,0.0,0.0
2022-11-25 00:00:00-05:00,16.953755254618347,17.048958750388366,16.924907155562938,16.99222183227539,2500,0.0,0.0,0.0
2022-11-28 00:00:00-05:00,16.742194143159374,16.89605678139757,16.458509559997577,16.528709411621094,1300,0.0,0.0,0.0
2022-11-29 00:00:00-05:00,16.617182440044086,16.62679908478763,16.54986592683928,16.59410285949707,3000,0.0,0.0,0.0
2022-11-30 00:00:00-05:00,16.60564344821057,17.281679153442383,16.472936304902067,17.281679153442383,1900,0.0,0.0,0.0
2022-12-01 00:00:00-05:00,17.319185403783116,17.411503749452425,17.22302076607557,17.33745574951172,6700,0.0,0.0,0.0
2022-12-02 00:00:00-05:00,17.194165286344603,17.57305335998535,17.18455047643985,17.57305335998535,2700,0.0,0.0,0.0
2022-12-05 00:00:00-05:00,17.501893158558488,17.501893158558488,16.86240005493164,16.86240005493164,4900,0.0,0.0,0.0
2022-12-06 00:00:00-05:00,16.62679853822042,16.639298525207426,16.410428624071937,16.496013641357422,2200,0.0,0.0,0.0
2022-12-07 00:00:00-05:00,16.41709846594798,16.495043070993507,16.290437321282766,16.329410552978516,4200,0.223,0.0,0.0
2022-12-08 00:00:00-05:00,16.534013488998863,16.5681141355893,16.38007369272571,16.554473876953125,1100,0.0,0.0,0.0
2022-12-09 00:00:00-05:00,16.52427002439037,16.53498896322753,16.31576919555664,16.31576919555664,1500,0.0,0.0,0.0
2022-12-12 00:00:00-05:00,16.3001777004061,16.4112491607666,16.183261743018143,16.4112491607666,1600,0.0,0.0,0.0
2022-12-13 00:00:00-05:00,17.026034109265936,17.026034109265936,16.270945717178886,16.365453720092773,2800,0.0,0.0,0.0
2022-12-14 00:00:00-05:00,16.510628989357887,16.510628989357887,16.296281814575195,16.296281814575195,800,0.0,0.0,0.0
2022-12-15 00:00:00-05:00,15.939684951288756,15.939684951288756,15.658108415334622,15.711695671081543,2800,0.0,0.0,0.0
2022-12-16 00:00:00-05:00,15.501246040233646,15.579190635611452,15.160238667748969,15.362894058227539,12600,0.0,0.0,0.0
2022-12-19 00:00:00-05:00,15.208953385408309,15.208953385408309,15.072550807703069,15.120291709899902,4300,0.0,0.0,0.0
2022-12-20 00:00:00-05:00,15.072550366221758,15.384328739470616,15.072550366221758,15.160238265991211,3600,0.0,0.0,0.0
2022-12-21 00:00:00-05:00,15.393097183798398,15.39407188610314,15.282026650526717,15.291769027709961,3700,0.0,0.0,0.0
2022-12-22 00:00:00-05:00,14.994606739692232,15.030655860900879,14.741286330508187,15.030655860900879,7100,0.0,0.0,0.0
2022-12-23 00:00:00-05:00,14.965375484550204,15.101778984069824,14.885482417750962,15.101778984069824,6000,0.0,0.0,0.0
2022-12-27 00:00:00-05:00,14.906918993673518,14.906918993673518,14.5659106754198,14.576628684997559,8400,0.0,0.0,0.0
2022-12-28 00:00:00-05:00,14.585396570935266,14.653597859555438,14.346691131591797,14.346691131591797,7400,0.0,0.0,0.0
2022-12-29 00:00:00-05:00,14.526936820019607,14.87768840789795,14.526936820019607,14.87768840789795,5100,0.0,0.0,0.0
2022-12-30 00:00:00-05:00,14.721799314151289,14.892303466796875,14.565910121734598,14.892303466796875,7400,0.0,0.0,0.0
2023-01-03 00:00:00-05:00,15.277156138131767,15.277156138131767,14.742260100984074,14.885483741760254,2800,0.0,0.0,0.0
2023-01-04 00:00:00-05:00,15.121264848196667,15.744821548461914,15.121264848196667,15.744821548461914,1400,0.0,0.0,0.0
2023-01-05 00:00:00-05:00,15.023835453313454,15.077422712117254,15.023835453313454,15.067679405212402,900,0.0,0.0,0.0
2023-01-06 00:00:00-05:00,15.16023877194117,15.462273848812751,15.150495465158764,15.409661293029785,2000,0.0,0.0,0.0
2023-01-09 00:00:00-05:00,15.618165051889902,16.4063805992429,15.618165051889902,16.036142349243164,5500,0.0,0.0,0.0
2023-01-10 00:00:00-05:00,15.959170602136307,16.777589797973633,15.959170602136307,16.777589797973633,10100,0.0,0.0,0.0
2023-01-11 00:00:00-05:00,16.670417111385056,16.87502098083496,16.66067380450471,16.87502098083496,9200,0.0,0.0,0.0
2023-01-12 00:00:00-05:00,16.884763882409157,17.823022198149392,16.650930097931226,17.818151473999023,3600,0.0,0.0,0.0
2023-01-13 00:00:00-05:00,17.644724592787842,18.25366730393214,17.440118875503604,18.149415969848633,6800,0.0,0.0,0.0
2023-01-17 00:00:00-05:00,19.02824506423459,19.02824506423459,18.482630983709967,18.801231384277344,11400,0.0,0.0,0.0
2023-01-18 00:00:00-05:00,18.979527149992084,19.047728440527376,17.920454025268555,17.920454025268555,9600,0.0,0.0,0.0
2023-01-19 00:00:00-05:00,17.69343979912926,17.995474872614977,17.69343979912926,17.93019676208496,3100,0.0,0.0,0.0
2023-01-20 00:00:00-05:00,18.092904424861214,18.84701919555664,18.092904424861214,18.84701919555664,2200,0.0,0.0,0.0
2023-01-23 00:00:00-05:00,18.852864681702656,19.568979969339086,18.852864681702656,19.476421356201172,9300,0.0,0.0,0.0
2023-01-24 00:00:00-05:00,19.193876069451775,19.52514107146353,19.125672920988126,19.16464614868164,5200,0.0,0.0,0.0
2023-01-25 00:00:00-05:00,18.511857590603437,19.18413083396738,18.443656307341772,19.100339889526367,3300,0.0,0.0,0.0
2023-01-26 00:00:00-05:00,19.534882146704376,19.534882146704376,18.999013284580155,19.122751235961914,4700,0.0,0.0,0.0
2023-01-27 00:00:00-05:00,19.330277873008974,19.690770922960695,19.320534566477075,19.532934188842773,8300,0.0,0.0,0.0
2023-01-30 00:00:00-05:00,19.359506073335346,19.359506073335346,18.75348472595215,18.75348472595215,3900,0.0,0.0,0.0
2023-01-31 00:00:00-05:00,19.242592501585115,19.252335809397557,19.17439120524396,19.24746322631836,1600,0.0,0.0,0.0
2023-02-01 00:00:00-05:00,19.24259040350495,20.122390747070312,19.067214598694648,20.122390747070312,4900,0.0,0.0,0.0
2023-02-02 00:00:00-05:00,20.99634236481714,21.77579009172814,20.99634236481714,21.40555191040039,34500,0.0,0.0,0.0
2023-02-03 00:00:00-05:00,20.27535580801613,21.590672423956114,20.27535580801613,20.60662078857422,8700,0.0,0.0,0.0
2023-02-06 00:00:00-05:00,19.983066467431275,20.567651907196883,19.953836545021932,20.51601219177246,4300,0.0,0.0,0.0
2023-02-07 00:00:00-05:00,20.02203569174729,20.509189862917257,20.02203569174729,20.48872947692871,1900,0.0,0.0,0.0
2023-02-08 00:00:00-05:00,20.353302351033058,20.47314335740587,20.154544830322266,20.154544830322266,1500,0.0,0.0,0.0
2023-02-09 00:00:00-05:00,20.070752022850012,20.070752022850012,19.055522918701172,19.055522918701172,7000,0.0,0.0,0.0
2023-02-10 00:00:00-05:00,18.89183774527943,18.89183774527943,18.609289298592582,18.73594856262207,4800,0.0,0.0,0.0
2023-02-13 00:00:00-05:00,18.599545445990987,18.735948012222718,18.511857551028992,18.729127883911133,3300,0.0,0.0,0.0
2023-02-14 00:00:00-05:00,18.599544523104687,19.476421570869498,18.570314606785843,19.408220291137695,8800,0.0,0.0,0.0
2023-02-15 00:00:00-05:00,19.486168315776432,20.592008590698242,19.486168315776432,20.592008590698242,4200,0.0,0.0,0.0
2023-02-16 00:00:00-05:00,20.41176081857644,20.762510563354134,19.854455947875977,19.854455947875977,6100,0.0,0.0,0.0
2023-02-17 00:00:00-05:00,19.86614925118276,20.006450653076172,19.45693961651256,20.006450653076172,5100,0.0,0.0,0.0
2023-02-21 00:00:00-05:00,19.622568171168993,19.622568171168993,19.218231201171875,19.218231201171875,8800,0.0,0.0,0.0
2023-02-22 00:00:00-05:00,19.281564712922087,19.281564712922087,18.9990143763448,19.13639259338379,1800,0.0,0.0,0.0
2023-02-23 00:00:00-05:00,19.135415123509826,19.312740325927734,19.135415123509826,19.312740325927734,400,0.0,0.0,0.0
2023-02-24 00:00:00-05:00,19.067213106889245,19.067213106889245,18.58005895757334,18.743743896484375,4300,0.0,0.0,0.0
2023-02-27 00:00:00-05:00,19.145160113933088,19.15490342115118,18.86261163799177,18.928863525390625,5600,0.0,0.0,0.0
2023-02-28 00:00:00-05:00,19.25233101210453,19.417963486951887,19.167566299438477,19.167566299438477,900,0.0,0.0,0.0
2023-03-01 00:00:00-05:00,18.874299044701313,18.994140029086466,18.783687976632283,18.85871124267578,1800,0.0,0.0,0.0
2023-03-02 00:00:00-05:00,18.424171223897833,18.492372512817383,18.1036233076302,18.492372512817383,2000,0.0,0.0,0.0
2023-03-03 00:00:00-05:00,18.735949662219532,18.833380871684952,18.735949662219532,18.749589920043945,600,0.0,0.0,0.0
2023-03-06 00:00:00-05:00,18.755437773604744,19.05747287455711,18.531347274780273,18.531347274780273,2600,0.0,0.0,0.0
2023-03-07 00:00:00-05:00,18.511858534972927,18.511858534972927,18.130903244018555,18.130903244018555,400,0.0,0.0,0.0
2023-03-08 00:00:00-05:00,18.151363642314756,18.27607536315918,18.05393429453083,18.27607536315918,400,0.0,0.0,0.0
2023-03-09 00:00:00-05:00,17.839585630898824,17.84056126240533,17.28520393371582,17.28520393371582,10700,0.0,0.0,0.0
2023-03-10 00:00:00-05:00,16.56324160983372,16.83994556208684,16.41709573200432,16.504783630371094,3500,0.0,0.0,0.0
2023-03-13 00:00:00-04:00,16.456067833016476,17.147827744510664,16.339151868875263,17.040653228759766,2800,0.0,0.0,0.0
2023-03-14 00:00:00-04:00,17.790868391305878,17.992549048911133,17.570674896240234,17.570674896240234,3600,0.0,0.0,0.0
2023-03-15 00:00:00-04:00,17.225771902975545,17.391404396594375,17.031885121381077,17.322227478027344,5700,0.0,0.0,0.0
2023-03-16 00:00:00-04:00,17.630110052167105,18.053935549541094,17.630110052167105,18.045166015625,2600,0.0,0.0,0.0
2023-03-17 00:00:00-04:00,18.307256133451123,18.775897503023398,18.307256133451123,18.638519287109375,4900,0.0,0.0,0.0
2023-03-20 00:00:00-04:00,19.10618792769075,19.10618792769075,18.609290430857527,18.716463088989258,4900,0.0,0.0,0.0
2023-03-21 00:00:00-04:00,18.989270407606828,19.68103033483591,18.989270407606828,19.63134002685547,2600,0.0,0.0,0.0
2023-03-22 00:00:00-04:00,19.73948766383613,19.73948766383613,18.55083212959191,18.56057357788086,75100,0.0,0.0,0.0
2023-03-23 00:00:00-04:00,18.297510535631538,19.047726513986586,18.297510535631538,18.646312713623047,5100,0.0,0.0,0.0
2023-03-24 00:00:00-04:00,18.3072540224659,18.394940060618765,18.12213492337514,18.28776741027832,6100,0.0,0.0,0.0
2023-03-27 00:00:00-04:00,18.54109024656585,18.54109024656585,17.657391036241286,17.892200469970703,2900,0.0,0.0,0.0
2023-03-28 00:00:00-04:00,17.877584801020014,18.016910552978516,17.877584801020014,18.016910552978516,2500,0.0,0.0,0.0
2023-03-29 00:00:00-04:00,18.46314524163399,18.93081283569336,18.400788447418577,18.93081283569336,5700,0.0,0.0,0.0
2023-03-30 00:00:00-04:00,19.05942203915756,19.05942203915756,18.889892578125,18.889892578125,2000,0.0,0.0,0.0
2023-03-31 00:00:00-04:00,19.018499246984074,19.55436809076361,19.018499246984074,19.553394317626953,2100,0.0,0.0,0.0
2023-04-03 00:00:00-04:00,19.476424814808926,19.53390902563521,19.067215209915794,19.353662490844727,2200,0.0,0.0,0.0
2023-04-04 00:00:00-04:00,19.49591172078848,19.49591172078848,19.23284800120215,19.23577117919922,1300,0.0,0.0,0.0
2023-04-05 00:00:00-04:00,19.281565608490023,19.281565608490023,18.638520305437357,18.782718658447266,3800,0.0,0.0,0.0
2023-04-06 00:00:00-04:00,18.63851860141034,18.97952690808623,18.63851860141034,18.89281463623047,1800,0.0,0.0,0.0
2023-04-10 00:00:00-04:00,18.8723530805141,19.687849044799805,18.63851744707586,19.687849044799805,8100,0.0,0.0,0.0
2023-04-11 00:00:00-04:00,20.324071759553895,20.70892212622029,20.25587047579898,20.552059173583984,4500,0.0,0.0,0.0
2023-04-12 00:00:00-04:00,20.626108949722703,20.752768224341555,20.333817172389477,20.338687896728516,2100,0.0,0.0,0.0
2023-04-13 00:00:00-04:00,20.606620455318236,21.434782893320186,20.606620455318236,21.290584564208984,1700,0.0,0.0,0.0
2023-04-14 00:00:00-04:00,21.20484632771433,21.288637274807954,20.947628989358567,21.270124435424805,5300,0.0,0.0,0.0
2023-04-17 00:00:00-04:00,20.762510857914087,20.91450309753418,20.53842037867081,20.91450309753418,3000,0.0,0.0,0.0
2023-04-18 00:00:00-04:00,21.517600648171037,21.668619122868428,21.185361862182617,21.185361862182617,3500,0.0,0.0,0.0
2023-04-19 00:00:00-04:00,20.61636431961701,20.61636431961701,19.817431778389302,20.457551956176758,2400,0.0,0.0,0.0
2023-04-20 00:00:00-04:00,20.202285122686025,20.207155846978676,19.59334237708633,19.600162506103516,2900,0.0,0.0,0.0
2023-04-21 00:00:00-04:00,19.710258555043396,19.710258555043396,19.3107922583117,19.322484970092773,2200,0.0,0.0,0.0
2023-04-24 00:00:00-04:00,19.42770650995359,19.42770650995359,19.09644156507383,19.123722076416016,1300,0.0,0.0,0.0
2023-04-25 00:00:00-04:00,18.91132635804314,19.106188786149232,18.873328760649663,19.040908813476562,2100,0.0,0.0,0.0
2023-04-26 00:00:00-04:00,19.525141641467275,19.525141641467275,19.090599060058594,19.090599060058594,400,0.0,0.0,0.0
2023-04-27 00:00:00-04:00,19.164645553794674,19.690771102905273,19.164645553794674,19.690771102905273,700,0.0,0.0,0.0
2023-04-28 00:00:00-04:00,19.661544937274453,19.981117248535156,19.661544937274453,19.981117248535156,8800,0.0,0.0,0.0
2023-05-01 00:00:00-04:00,19.836918911100994,19.836918911100994,19.14126205444336,19.14126205444336,3500,0.0,0.0,0.0
2023-05-02 00:00:00-04:00,19.018499361507043,19.45693700223615,18.930811461692088,19.45401382446289,1600,0.0,0.0,0.0
2023-05-03 00:00:00-04:00,19.29130444990966,19.3692490430233,18.923017501831055,18.923017501831055,3300,0.0,0.0,0.0
2023-05-04 00:00:00-04:00,19.179259435681985,19.179259435681985,19.028242830093955,19.047727584838867,800,0.0,0.0,0.0
2023-05-05 00:00:00-04:00,19.856403583503003,19.933374404907227,19.856403583503003,19.933374404907227,7800,0.0,0.0,0.0
2023-05-08 00:00:00-04:00,19.564114203751274,19.564114203751274,19.145161260022665,19.264026641845703,8400,0.0,0.0,0.0
2023-05-09 00:00:00-04:00,19.330277803166236,19.44037363572206,19.194849002049867,19.43745231628418,1400,0.0,0.0,0.0
2023-05-10 00:00:00-04:00,19.778459671925695,20.041523384535644,19.685901043420323,19.793075561523438,9700,0.0,0.0,0.0
2023-05-11 00:00:00-04:00,19.486167162969547,19.486167162969547,18.804150568927327,18.950298309326172,9800,0.0,0.0,0.0
2023-05-12 00:00:00-04:00,18.852864850449357,18.852864850449357,18.551803588867188,18.551803588867188,1600,0.0,0.0,0.0
2023-05-15 00:00:00-04:00,18.891841239420124,19.125675056654902,18.696980654230803,19.096446990966797,3200,0.0,0.0,0.0
2023-05-16 00:00:00-04:00,18.823636108089612,18.896709974119723,18.677490234375,18.677490234375,3000,0.0,0.0,0.0
2023-05-17 00:00:00-04:00,18.67749075239485,19.378992080688477,18.67749075239485,19.378992080688477,2300,0.0,0.0,0.0
2023-05-18 00:00:00-04:00,19.065264764193074,19.112030029296875,18.47288367829569,19.112030029296875,1100,0.0,0.0,0.0
2023-05-19 00:00:00-04:00,19.242589108731416,19.242589108731416,18.950297359278807,18.965885162353516,5900,0.0,0.0,0.0
2023-05-22 00:00:00-04:00,18.969782696040483,19.593341296830527,18.969782696040483,19.569957733154297,2900,0.0,0.0,0.0
2023-05-23 00:00:00-04:00,19.68882435737138,19.71025851780178,19.12957191467285,19.12957191467285,3200,0.0,0.0,0.0
2023-05-24 00:00:00-04:00,18.609289813654026,19.001935958862305,18.609289813654026,19.001935958862305,1100,0.0,0.0,0.0
2023-05-25 00:00:00-04:00,19.310791366073158,19.310791366073158,18.672620580665043,18.869430541992188,4500,0.0,0.0,0.0
2023-05-26 00:00:00-04:00,19.018498976383906,19.35658408456199,18.960039138793945,18.960039138793945,1900,0.0,0.0,0.0
2023-05-30 00:00:00-04:00,19.583598322713165,20.01229451959023,19.330277927210613,19.564111709594727,5400,0.0,0.0,0.0
2023-05-31 00:00:00-04:00,19.24258890687954,19.61282524285883,19.096443033686285,19.58359718322754,9600,0.0,0.0,0.0
2023-06-01 00:00:00-04:00,19.544624898982818,20.143824308727176,19.476423612103154,19.922657012939453,2700,0.0,0.0,0.0
2023-06-02 00:00:00-04:00,20.226640482173284,20.285098459695394,19.736563155721353,20.05223846435547,3300,0.0,0.0,0.0
2023-06-05 00:00:00-04:00,19.68102991807774,19.795022704542593,19.214336117258323,19.251359939575195,1800,0.0,0.0,0.0
2023-06-06 00:00:00-04:00,18.79440820842065,19.660568237304688,18.79440820842065,19.660568237304688,2800,0.0,0.0,0.0
2023-06-07 00:00:00-04:00,19.67128468480255,19.807687249271407,19.34489044480778,19.396530151367188,3400,0.0,0.0,0.0
2023-06-08 00:00:00-04:00,19.33027609666632,19.514419555664062,19.33027609666632,19.514419555664062,900,0.0,0.0,0.0
2023-06-09 00:00:00-04:00,19.690770617402958,19.690770617402958,19.23284636758394,19.279613494873047,4800,0.0,0.0,0.0
2023-06-12 00:00:00-04:00,19.17438679517573,19.19387340631874,19.125670267318213,19.12859344482422,5200,0.0,0.0,0.0
2023-06-13 00:00:00-04:00,19.39847771767644,19.520266252748915,19.320533129563877,19.460834503173828,4800,0.0,0.0,0.0
2023-06-14 00:00:00-04:00,19.583599867878604,19.720002453778545,19.310792837732873,19.522218704223633,6700,0.0,0.0,0.0
2023-06-15 00:00:00-04:00,19.28156113911405,19.56800651550293,19.28156113911405,19.56800651550293,2900,0.0,0.0,0.0
2023-06-16 00:00:00-04:00,19.671288412949192,19.91486552900432,19.437454604537777,19.817434310913086,21900,0.0,0.0,0.0
2023-06-20 00:00:00-04:00,19.973324631092844,20.635854721069336,19.807692108598722,20.635854721069336,5200,0.0,0.0,0.0
2023-06-21 00:00:00-04:00,20.96164167171731,21.23475819678987,20.825084339408086,20.9421329498291,5900,0.024,0.0,0.0
2023-06-22 00:00:00-04:00,20.893359989588777,20.893359989588777,20.346152140475386,20.69827651977539,2500,0.0,0.0,0.0
2023-06-23 00:00:00-04:00,20.337376106183164,20.978222508032474,20.337376106183164,20.81532859802246,4400,0.0,0.0,0.0
2023-06-26 00:00:00-04:00,20.73729226395057,21.007482233621307,20.181306838989258,20.181306838989258,9200,0.0,0.0,0.0
2023-06-27 00:00:00-04:00,20.590006953460122,21.161599810216725,20.590006953460122,21.127460479736328,5500,0.0,0.0,0.0
2023-06-28 00:00:00-04:00,20.95188503067558,21.537133600453082,20.95188503067558,21.26401710510254,5800,0.0,0.0,0.0
2023-06-29 00:00:00-04:00,21.527381013863913,21.878530556746743,21.48836543157364,21.67369270324707,5100,0.0,0.0,0.0
2023-06-30 00:00:00-04:00,22.073607123034968,22.073607123034968,21.498114858268565,21.84828758239746,4100,0.0,0.0,0.0
2023-07-03 00:00:00-04:00,21.85901842354926,23.019761117664128,21.85901842354926,22.92612075805664,5000,0.0,0.0,0.0
2023-07-05 00:00:00-04:00,22.62959743420305,23.214844136099114,22.444268319693887,23.044147491455078,5700,0.0,0.0,0.0
2023-07-06 00:00:00-04:00,22.990497219741506,22.990497219741506,22.200412760222832,22.636423110961914,4300,0.0,0.0,0.0
2023-07-07 00:00:00-04:00,22.600334482154818,23.699626461212528,22.600334482154818,23.310436248779297,3700,0.0,0.0,0.0
2023-07-10 00:00:00-04:00,23.36700740602094,24.180503845214844,23.214842751675253,24.180503845214844,5100,0.0,0.0,0.0
2023-07-11 00:00:00-04:00,24.180507228528665,24.819402030163996,24.180507228528665,24.813549041748047,6500,0.0,0.0,0.0
2023-07-12 00:00:00-04:00,25.292477326023413,25.38026470712165,24.785261759778926,24.853540420532227,13900,0.0,0.0,0.0
2023-07-13 00:00:00-04:00,25.116900964720415,27.096991302770498,25.111047976898778,27.049196243286133,18900,0.0,0.0,0.0
2023-07-14 00:00:00-04:00,26.86289174248109,27.409122843765328,26.004526722866323,26.27764320373535,13900,0.0,0.0,0.0
2023-07-17 00:00:00-04:00,26.326413785516593,26.784857524205307,26.132307052612305,26.132307052612305,4800,0.0,0.0,0.0
2023-07-18 00:00:00-04:00,25.955758779936094,26.404448182480454,25.93527518183178,26.17034912109375,11300,0.0,0.0,0.0
2023-07-19 00:00:00-04:00,26.433710009726592,26.70682463817036,26.287398335852593,26.700973510742188,8400,0.0,0.0,0.0
2023-07-20 00:00:00-04:00,26.63854396979079,26.63854396979079,25.90698379520132,25.936246871948242,7300,0.0,0.0,0.0
2023-07-21 00:00:00-04:00,26.15083885498269,26.15083885498269,25.780182494811566,25.848461151123047,2600,0.0,0.0,0.0
2023-07-24 00:00:00-04:00,25.55583669330725,25.72653332664853,25.4553684688528,25.60460662841797,2700,0.0,0.0,0.0
2023-07-25 00:00:00-04:00,25.946002930942168,26.15083890023104,25.563640594482422,25.563640594482422,4700,0.0,0.0,0.0
2023-07-26 00:00:00-04:00,25.633867912860403,26.12157467167123,25.633867912860403,26.00452423095703,3600,0.0,0.0,0.0
2023-07-27 00:00:00-04:00,26.57026878879048,26.57026878879048,25.253459930419922,25.253459930419922,3700,0.0,0.0,0.0
2023-07-28 00:00:00-04:00,25.6338718370988,25.926495193000964,25.6338718370988,25.834806442260742,4100,0.0,0.0,0.0
2023-07-31 00:00:00-04:00,26.121579352743282,26.511744457620075,26.121579352743282,26.391767501831055,5700,0.0,0.0,0.0
2023-08-01 00:00:00-04:00,26.014281636505224,26.014281636505224,25.29540226609007,25.81237030029297,6900,0.0,0.0,0.0
2023-08-02 00:00:00-04:00,25.54608220186387,25.809442454732796,24.94132496317331,25.187129974365234,7600,0.0,0.0,0.0
2023-08-03 00:00:00-04:00,24.85353912235412,25.107146892229636,24.765751745841293,24.921817779541016,2800,0.0,0.0,0.0
2023-08-04 00:00:00-04:00,25.029110927243906,25.029110927243906,24.205862045288086,24.205862045288086,5800,0.0,0.0,0.0
2023-08-07 00:00:00-04:00,24.35607589526496,24.35607589526496,23.5562370746627,23.97956657409668,4100,0.0,0.0,0.0
2023-08-08 00:00:00-04:00,24.063456031103122,24.34144878650901,23.761078305310647,24.23025131225586,4100,0.0,0.0,0.0
2023-08-09 00:00:00-04:00,23.65378206173326,23.70255200221504,23.484060287475586,23.484060287475586,2000,0.0,0.0,0.0
2023-08-10 00:00:00-04:00,23.67328708692833,23.67328708692833,23.24312973022461,23.24312973022461,3700,0.0,0.0,0.0
2023-08-11 00:00:00-04:00,23.10754985246955,23.546484877995194,23.10754985246955,23.3201904296875,2400,0.0,0.0,0.0
2023-08-14 00:00:00-04:00,23.10754864539041,23.225573973475292,22.62959620587631,23.121204376220703,10600,0.0,0.0,0.0
2023-08-15 00:00:00-04:00,23.010007328004495,23.010007328004495,22.372087478637695,22.372087478637695,6500,0.0,0.0,0.0
2023-08-16 00:00:00-04:00,22.33697181195114,22.33697181195114,21.96631545020429,22.076536178588867,4400,0.0,0.0,0.0
2023-08-17 00:00:00-04:00,21.985825639310043,21.985825639310043,21.233779907226562,21.233779907226562,6300,0.0,0.0,0.0
2023-08-18 00:00:00-04:00,20.571474503965224,20.972368838756676,20.571474503965224,20.871902465820312,7200,0.0,0.0,0.0
2023-08-21 00:00:00-04:00,20.951885380338254,20.951885380338254,20.503195980974876,20.84459114074707,3700,0.0,0.0,0.0
2023-08-22 00:00:00-04:00,21.020163973542992,21.020163973542992,20.51587677001953,20.51587677001953,3100,0.0,0.0,0.0
2023-08-23 00:00:00-04:00,20.55196750183096,21.185986069924162,20.55196750183096,21.130388259887695,3000,0.0,0.0,0.0
2023-08-24 00:00:00-04:00,20.83483501623714,20.83483501623714,20.390045166015625,20.390045166015625,3900,0.0,0.0,0.0
2023-08-25 00:00:00-04:00,20.344201895504835,20.483685698653115,20.132536205616702,20.442718505859375,4500,0.0,0.0,0.0
2023-08-28 00:00:00-04:00,20.629998329562195,20.66901576858792,20.54221095220821,20.562694549560547,1200,0.0,0.0,0.0
2023-08-29 00:00:00-04:00,20.571474293150654,22.23943076318529,20.571474293150654,22.233579635620117,4600,0.0,0.0,0.0
2023-08-30 00:00:00-04:00,22.034594676185897,22.137012663735025,21.859019920128016,22.118480682373047,6400,0.0,0.0,0.0
2023-08-31 00:00:00-04:00,22.112628027949622,22.112628027949622,21.556642532348633,21.556642532348633,2400,0.0,0.0,0.0
2023-09-01 00:00:00-04:00,21.69319709342797,21.69319709342797,21.39374590801423,21.41813087463379,4500,0.0,0.0,0.0
2023-09-05 00:00:00-04:00,21.342050167577966,21.342050167577966,21.22500156965422,21.272796630859375,2900,0.0,0.0,0.0
2023-09-06 00:00:00-04:00,21.166478240299114,21.180133972697565,21.090394973754883,21.090394973754883,800,0.0,0.0,0.0
2023-09-07 00:00:00-04:00,20.815329346431522,21.19574010943028,20.630000215029078,21.16745376586914,2900,0.0,0.0,0.0
2023-09-08 00:00:00-04:00,21.05918230725881,21.05918230725881,20.649508471537384,20.760705947875977,4900,0.0,0.0,0.0
2023-09-11 00:00:00-04:00,20.76655896361701,20.858247719219808,20.43686790624689,20.467105865478516,2000,0.0,0.0,0.0
2023-09-12 00:00:00-04:00,20.708030132517212,21.156721352725295,20.629997119496736,20.648530960083008,7100,0.0,0.0,0.0
2023-09-13 00:00:00-04:00,20.464177780812424,20.480760006228344,20.430038452148438,20.430038452148438,1500,0.0,0.0,0.0
2023-09-14 00:00:00-04:00,20.873852759565352,20.893361480029128,20.842639923095703,20.842639923095703,1300,0.0,0.0,0.0
2023-09-15 00:00:00-04:00,20.737295277613505,20.737295277613505,20.558794021606445,20.558794021606445,1000,0.0,0.0,0.0
2023-09-18 00:00:00-04:00,20.84459062212331,20.84459062212331,20.512949830647877,20.517826080322266,4200,0.0,0.0,0.0
2023-09-19 00:00:00-04:00,20.51295079606396,20.51295079606396,20.175457000732422,20.175457000732422,1300,0.0,0.0,0.0
2023-09-20 00:00:00-04:00,20.220325116325803,20.2886037761736,19.786266326904297,19.786266326904297,7400,0.0,0.0,0.0
2023-09-21 00:00:00-04:00,19.37171694548362,19.37171694548362,19.174683702796237,19.26734733581543,3400,0.0,0.0,0.0
2023-09-22 00:00:00-04:00,19.332697962796594,19.332697962796594,18.864499864147838,18.883031845092773,3200,0.0,0.0,0.0
2023-09-25 00:00:00-04:00,18.69867867170029,19.001056364918117,18.69867867170029,18.966917037963867,5300,0.0,0.0,0.0
2023-09-26 00:00:00-04:00,18.747451646522617,19.010813806111578,18.59723858357165,18.60601806640625,1600,0.0,0.0,0.0
2023-09-27 00:00:00-04:00,18.83523620334613,18.83523620334613,18.45482549250458,18.601137161254883,3400,0.0,0.0,0.0
2023-09-28 00:00:00-04:00,18.56212092374152,19.35708164448767,18.56212092374152,19.031293869018555,2600,0.0,0.0,0.0
2023-09-29 00:00:00-04:00,19.15712415186855,19.15712415186855,18.89376387122355,18.905467987060547,4400,0.0,0.0,0.0
2023-10-02 00:00:00-04:00,19.41073179036697,19.41073179036697,18.869376902233835,18.93277931213379,6100,0.0,0.0,0.0
2023-10-03 00:00:00-04:00,18.718186680431646,18.718186680431646,17.967117795005684,17.99150276184082,2800,0.0,0.0,0.0
2023-10-04 00:00:00-04:00,18.035399990587468,18.35728645324707,17.879333939628516,18.35728645324707,2500,0.0,0.0,0.0
2023-10-05 00:00:00-04:00,18.532859620076675,18.64015571848553,18.34753050294881,18.5513916015625,2800,0.0,0.0,0.0
2023-10-06 00:00:00-04:00,18.328024395698066,19.305387855725606,18.328024395698066,19.285879135131836,6500,0.0,0.0,0.0
2023-10-09 00:00:00-04:00,19.06933589027558,19.354156494140625,18.815729981441283,19.354156494140625,2000,0.0,0.0,0.0
2023-10-10 00:00:00-04:00,19.508275004550946,19.85942454997817,19.508275004550946,19.530710220336914,4300,0.0,0.0,0.0
2023-10-11 00:00:00-04:00,19.439996211051014,19.439996211051014,19.01666663137028,19.184436798095703,2200,0.0,0.0,0.0
2023-10-12 00:00:00-04:00,18.942533084771256,19.049829181205006,18.730867385864258,18.730867385864258,2400,0.0,0.0,0.0
2023-10-13 00:00:00-04:00,18.76695716830314,18.76695716830314,18.332898420277036,18.398250579833984,4300,0.0,0.0,0.0
2023-10-16 00:00:00-04:00,19.049829881577576,19.274174581956352,18.825483320744848,19.04787826538086,7300,0.0,0.0,0.0
2023-10-17 00:00:00-04:00,18.766959217630937,19.52778256743026,18.766959217630937,19.349281311035156,3800,0.0,0.0,0.0
2023-10-18 00:00:00-04:00,19.15712188537771,19.313187907463796,18.574799866054516,18.640153884887695,3000,0.0,0.0,0.0
2023-10-19 00:00:00-04:00,18.70843299569871,18.864499021611323,18.513349533081055,18.513349533081055,2700,0.0,0.0,0.0
2023-10-20 00:00:00-04:00,18.727943687448793,18.913270949964677,18.522130966186523,18.522130966186523,3800,0.0,0.0,0.0
2023-10-23 00:00:00-04:00,18.73769378367162,19.60581312594068,18.73769378367162,19.244909286499023,8700,0.0,0.0,0.0
2023-10-24 00:00:00-04:00,20.38614341094044,20.854341481936565,20.074011363609696,20.24958610534668,10800,0.0,0.0,0.0
2023-10-25 00:00:00-04:00,20.152047583177907,20.152047583177907,19.743348618654984,19.798948287963867,3200,0.0,0.0,0.0
2023-10-26 00:00:00-04:00,19.713109995537238,19.96281640892709,19.287830678825816,19.41073226928711,3700,0.0,0.0,0.0
2023-10-27 00:00:00-04:00,19.635075233834954,19.635075233834954,19.027393341064453,19.027393341064453,2100,0.0,0.0,0.0
2023-10-30 00:00:00-04:00,19.449748990292388,19.51802764913208,19.176632494479716,19.227354049682617,9000,0.0,0.0,0.0
2023-10-31 00:00:00-04:00,19.2644195991736,19.51314926147461,19.2644195991736,19.51314926147461,1600,0.0,0.0,0.0
2023-11-01 00:00:00-04:00,19.63312741463323,19.72286455319881,19.454626154947643,19.712135314941406,2800,0.0,0.0,0.0
2023-11-02 00:00:00-04:00,20.191063509239722,20.864097595214844,20.17155478952783,20.864097595214844,5500,0.0,0.0,0.0
2023-11-03 00:00:00-04:00,20.971392950417947,21.35180366905704,20.971392950417947,21.054302215576172,2300,0.0,0.0,0.0
2023-11-06 00:00:00-05:00,21.273772450507263,21.273772450507263,20.644632022793655,20.85044288635254,4000,0.0,0.0,0.0
2023-11-07 00:00:00-05:00,20.717784140076887,21.041622161865234,20.628047013830567,21.041622161865234,2600,0.0,0.0,0.0
2023-11-08 00:00:00-05:00,20.903114684260725,20.903114684260725,20.482711641921945,20.581228256225586,4700,0.0,0.0,0.0
2023-11-09 00:00:00-05:00,21.283525068761698,21.878527977284055,20.669015301621076,20.69827651977539,8000,0.0,0.0,0.0
2023-11-10 00:00:00-05:00,20.893360052799217,20.893360052799217,20.70315469240534,20.867023468017578,2300,0.0,0.0,0.0
2023-11-13 00:00:00-05:00,20.65926109393418,20.764605573062475,20.239832933070225,20.59098243713379,3300,0.0,0.0,0.0
2023-11-14 00:00:00-05:00,20.922622887718013,20.971392824523743,20.5373340614097,20.708030700683594,3200,0.0,0.0,0.0
2023-11-15 00:00:00-05:00,20.92262367008012,21.69319949105714,20.92262367008012,21.57615089416504,8200,0.0,0.0,0.0
2023-11-16 00:00:00-05:00,21.205492748357333,21.303034486462888,20.708031558427518,20.864097595214844,4900,0.0,0.0,0.0
2023-11-17 00:00:00-05:00,21.00065509082414,21.215245409106927,20.937252687065275,21.156721115112305,7800,0.0,0.0,0.0
2023-11-20 00:00:00-05:00,21.322544379060826,21.868775537862923,21.322544379060826,21.810251235961914,5400,0.0,0.0,0.0
2023-11-21 00:00:00-05:00,21.361557213182525,21.615164969412824,21.287425572095685,21.502992630004883,7400,0.0,0.0,0.0
2023-11-22 00:00:00-05:00,21.566394847293655,22.019962310791016,21.488361835318504,22.019962310791016,3400,0.0,0.0,0.0
2023-11-24 00:00:00-05:00,22.09312064314302,22.58082750882147,21.99557889791652,22.510597229003906,7900,0.0,0.0,0.0
2023-11-27 00:00:00-05:00,22.151643424566053,22.746646355170057,22.151643424566053,22.482309341430664,10500,0.0,0.0,0.0
2023-11-28 00:00:00-05:00,22.775908035091078,23.556238174438477,22.69787502115634,23.556238174438477,7800,0.0,0.0,0.0
2023-11-29 00:00:00-05:00,23.722060316555588,23.956159375678364,23.487961257432808,23.71718406677246,8100,0.0,0.0,0.0
2023-11-30 00:00:00-05:00,23.72205850267018,23.82935459423405,23.26849102890956,23.316286087036133,7300,0.0,0.0,0.0
2023-12-01 00:00:00-05:00,23.41968059863217,25.078859329223633,23.341647585585505,25.078859329223633,9400,0.0,0.0,0.0
2023-12-04 00:00:00-05:00,26.336168815260155,26.662931498283466,25.55583863158216,26.138160705566406,22300,0.0,0.0,0.0
2023-12-05 00:00:00-05:00,26.10206829231497,27.14576055196279,26.063050855098247,26.518569946289062,22800,0.0,0.0,0.0
2023-12-06 00:00:00-05:00,26.917641785447124,27.00567201174434,26.289693708473894,26.332731246948242,12100,0.075,0.0,0.0
2023-12-07 00:00:00-05:00,25.812373934812364,26.59681976869277,25.763469083228003,26.418804168701172,17600,0.0,0.0,0.0
2023-12-08 00:00:00-05:00,26.409019635473346,27.934873580932617,26.409019635473346,27.934873580932617,44500,0.0,0.0,0.0
2023-12-11 00:00:00-05:00,26.74157973623967,26.907858835362173,25.959090955428145,26.164493560791016,18500,0.0,0.0,0.0
2023-12-12 00:00:00-05:00,26.42858495507505,26.497052492090194,26.164494284644803,26.3503360748291,6400,0.0,0.0,0.0
2023-12-13 00:00:00-05:00,26.418803898829854,28.110937118530273,26.144931882193752,28.110937118530273,8300,0.0,0.0,0.0
2023-12-14 00:00:00-05:00,28.365247036123836,29.118393698275387,28.277216809867134,28.92179298400879,18900,0.0,0.0,0.0
2023-12-15 00:00:00-05:00,28.609773659393788,28.785834103486128,28.33101191144773,28.689979553222656,6700,0.0,0.0,0.0
2023-12-18 00:00:00-05:00,28.306560897315798,29.509638171105383,28.27721686663781,29.382484436035156,13100,0.0,0.0,0.0
2023-12-19 00:00:00-05:00,29.763946273856533,30.673590665585767,29.538980978112868,30.090635299682617,16600,0.0,0.0,0.0
2023-12-20 00:00:00-05:00,30.9376805146951,31.38076623312072,29.828502655029297,29.828502655029297,28000,0.0,0.0,0.0
2023-12-21 00:00:00-05:00,30.605125782281867,31.143086643192035,29.98891416935505,31.07853126525879,13600,0.0,0.0,0.0
2023-12-22 00:00:00-05:00,31.250674885312232,32.54178225077784,31.02962176762496,32.10163116455078,24800,0.0,0.0,0.0
2023-12-26 00:00:00-05:00,31.759295847484744,32.252262115478516,31.32892420643514,32.252262115478516,28600,0.0,0.0,0.0
2023-12-27 00:00:00-05:00,32.82544018062912,34.605603728499595,32.395068511121195,34.47355651855469,28800,0.0,0.0,0.0
2023-12-28 00:00:00-05:00,33.67639436018314,34.181098986450785,33.236243241367895,33.51696014404297,21200,0.0,0.0,0.0
2023-12-29 00:00:00-05:00,33.93070149215446,33.960047387256964,30.83008846652161,31.073637008666992,28500,0.0,0.0,0.0
2024-01-02 00:00:00-05:00,32.69828240176756,33.069965983124916,30.37037494345708,30.565998077392578,32700,0.0,0.0,0.0
2024-01-03 00:00:00-05:00,28.844519288354665,30.076940488334056,28.53152378339489,29.675914764404297,22400,0.0,0.0,0.0
2024-01-04 00:00:00-05:00,29.98891331092068,30.810527527570606,29.538982693307915,30.475034713745117,11100,0.0,0.0,0.0
2024-01-05 00:00:00-05:00,30.125845597830242,30.125845597830242,29.23087418466892,29.50963592529297,12500,0.0,0.0,0.0
2024-01-08 00:00:00-05:00,29.881318428791786,30.634465055415586,28.580429648987245,30.497529983520508,16900,0.0,0.0,0.0
2024-01-09 00:00:00-05:00,30.164973959308988,30.45351707135091,29.91066461771267,29.969350814819336,18000,0.0,0.0,0.0
2024-01-10 00:00:00-05:00,29.480291286891664,30.556214721467345,28.96189318762909,29.763944625854492,17000,0.0,0.0,0.0
2024-01-11 00:00:00-05:00,30.927902501420427,31.299584243447097,27.75881795504288,28.234180450439453,60400,0.0,0.0,0.0
2024-01-12 00:00:00-05:00,27.85662675590722,27.85662675590722,26.54595664693683,26.565519332885742,31700,0.0,0.0,0.0
2024-01-16 00:00:00-05:00,26.232961795088077,26.443256010336135,25.665656947479476,25.84856414794922,26800,0.0,0.0,0.0
2024-01-17 00:00:00-05:00,25.509158056405777,25.63142204284668,25.28908250769208,25.63142204284668,14700,0.0,0.0,0.0
2024-01-18 00:00:00-05:00,25.704780314599216,25.850519145697632,24.737427373061532,24.824478149414062,14100,0.0,0.0,0.0
2024-01-19 00:00:00-05:00,24.94185510019501,25.049448013305664,24.096766049261632,25.049448013305664,13300,0.0,0.0,0.0
2024-01-22 00:00:00-05:00,24.961418639383606,25.90040526207612,24.941855951677365,25.391786575317383,18400,0.0,0.0,0.0
2024-01-23 00:00:00-05:00,24.902727758841166,25.235285949820224,24.902727758841166,25.01032066345215,10600,0.0,0.0,0.0
2024-01-24 00:00:00-05:00,25.450473359867566,25.47981552435227,24.707108054780527,24.715909957885742,13000,0.0,0.0,0.0
2024-01-25 00:00:00-05:00,24.9125095299335,25.019124861783087,24.707106925526702,24.961416244506836,9400,0.0,0.0,0.0
2024-01-26 00:00:00-05:00,25.499377419323256,26.203619194697247,25.440691226575566,25.998214721679688,22200,0.0,0.0,0.0
2024-01-29 00:00:00-05:00,26.252521522771694,27.406693774351115,26.076461095839207,26.93720054626465,32500,0.0,0.0,0.0
2024-01-30 00:00:00-05:00,26.937204274614373,27.111307710980533,26.418804264184217,26.497053146362305,11900,0.0,0.0,0.0
2024-01-31 00:00:00-05:00,26.007997108868228,26.5948646567071,25.775205612182617,25.775205612182617,6500,0.0,0.0,0.0
2024-02-01 00:00:00-05:00,25.88083997021335,26.30631998980921,25.383959692315194,26.149822235107422,7000,0.0,0.0,0.0
2024-02-02 00:00:00-05:00,25.871063124713558,26.301431061123036,25.831937749257833,26.11363410949707,10300,0.0,0.0,0.0
2024-02-05 00:00:00-05:00,26.07646195408502,26.07646195408502,25.11497819283452,25.147254943847656,9300,0.0,0.0,0.0
2024-02-06 00:00:00-05:00,25.069007197783904,25.646093368530273,24.894903771952062,25.646093368530273,9500,0.0,0.0,0.0
2024-02-07 00:00:00-05:00,25.70478151446401,26.135149409087617,25.12769534172738,26.10678482055664,5100,0.0,0.0,0.0
2024-02-08 00:00:00-05:00,26.78070406822773,27.87423324584961,26.11558951683021,27.87423324584961,16100,0.0,0.0,0.0
2024-02-09 00:00:00-05:00,29.441170304382833,30.477968457334907,29.059705372213276,30.272565841674805,36900,0.0,0.0,0.0
2024-02-12 00:00:00-05:00,30.389937049109257,32.57992808532005,30.389937049109257,32.346160888671875,24000,0.0,0.0,0.0
2024-02-13 00:00:00-05:00,30.43884430338114,31.54410997143866,30.11313284922957,31.2898006439209,22600,0.0,0.0,0.0
2024-02-14 00:00:00-05:00,33.61770806091217,34.0872013684986,32.67872144573933,34.022647857666016,21700,0.0,0.0,0.0
2024-02-15 00:00:00-05:00,34.57625484646834,35.123998864377064,33.1482123401216,33.43186569213867,17100,0.0,0.0,0.0
2024-02-16 00:00:00-05:00,33.97961196031882,34.33172914029217,33.23135315847254,33.70573806762695,17400,0.0,0.0,0.0
2024-02-20 00:00:00-05:00,33.74486328073564,33.74486328073564,31.563674014971355,32.5867805480957,16900,0.0,0.0,0.0
2024-02-21 00:00:00-05:00,31.456079111177285,31.915792906293394,31.055053374331585,31.223289489746094,15100,0.0,0.0,0.0
2024-02-22 00:00:00-05:00,31.808200884340447,32.8626046949211,31.622360958109283,32.610252380371094,14400,0.0,0.0,0.0
2024-02-23 00:00:00-05:00,32.395066170529,32.620031467335345,31.827763189713206,32.29725646972656,10900,0.0,0.0,0.0
2024-02-26 00:00:00-05:00,32.33638318648531,36.10211279190336,32.33638318648531,35.72064971923828,26500,0.0,0.0,0.0
2024-02-27 00:00:00-05:00,37.911616771491715,39.1244772066255,36.165687125394086,36.71832275390625,25200,0.0,0.0,0.0
2024-02-28 00:00:00-05:00,37.83337035290652,38.0094308016041,35.84780429739618,36.02386474609375,30100,0.0,0.0,0.0
2024-02-29 00:00:00-05:00,36.874819726655495,36.874819726655495,34.160557685882,35.00662612915039,23300,0.0,0.0,0.0
2024-03-01 00:00:00-05:00,35.17290297137511,35.89866256713867,34.00895115549818,35.89866256713867,17900,0.0,0.0,0.0
2024-03-04 00:00:00-05:00,37.266064582870605,37.88227616901034,35.955394393177144,36.44445037841797,37000,0.0,0.0,0.0
2024-03-05 00:00:00-05:00,36.1216716661807,36.395541795861575,33.76931381225586,33.76931381225586,26400,0.0,0.0,0.0
2024-03-06 00:00:00-05:00,35.30006156702816,36.182318992371776,34.506811943969865,35.5934944152832,27300,0.0,0.0,0.0
2024-03-07 00:00:00-05:00,35.798896198706714,36.13145441393846,35.07509543868533,36.05320739746094,38100,0.0,0.0,0.0
2024-03-08 00:00:00-05:00,36.35641908709426,38.840824314847744,36.28795154966177,37.833370208740234,31500,0.0,0.0,0.0
2024-03-11 00:00:00-04:00,39.04622853554967,39.04622853554967,36.239048191580316,36.395545959472656,62800,0.0,0.0,0.0
2024-03-12 00:00:00-04:00,36.76723129200551,36.78679398031511,35.50546588004588,36.64007568359375,36000,0.0,0.0,0.0
2024-03-13 00:00:00-04:00,36.90416411911573,38.11702460163153,36.59116858773121,37.530155181884766,36100,0.0,0.0,0.0
2024-03-14 00:00:00-04:00,37.060662913537065,37.1975979959187,34.96163466068432,35.9847412109375,29500,0.0,0.0,0.0
2024-03-15 00:00:00-04:00,34.92837568749563,37.27975608108412,34.92837568749563,37.129127502441406,19200,0.0,0.0,0.0
2024-03-18 00:00:00-04:00,36.816130490508904,37.148688678273146,35.78519973531968,36.31729507446289,17000,0.0,0.0,0.0
2024-03-19 00:00:00-04:00,34.88925164036086,35.65218150240073,33.72529975726041,35.53480911254883,40000,0.0,0.0,0.0
2024-03-20 00:00:00-04:00,35.57393226363091,38.077900317598,35.16312701612756,38.07007598876953,13500,0.0,0.0,0.0
2024-03-21 00:00:00-04:00,38.478927307958784,39.32010424853236,37.93118322937101,38.606082916259766,27400,0.0,0.0,0.0
2024-03-22 00:00:00-04:00,37.93118363594009,38.04855976695354,37.18782012886148,37.31497573852539,18500,0.0,0.0,0.0
2024-03-25 00:00:00-04:00,38.11702352671918,40.219961960705305,38.04855598935969,40.08302688598633,30100,0.0,0.0,0.0
2024-03-26 00:00:00-04:00,40.307992862348186,40.48405331314736,39.41791113050836,39.82872009277344,14100,0.0,0.0,0.0
2024-03-27 00:00:00-04:00,40.67967965009074,40.728584505558636,39.339667208023684,39.98228454589844,23900,0.0,0.0,0.0
2024-03-28 00:00:00-04:00,40.42536526966856,40.90463799521093,39.173379542209524,39.261409759521484,21600,0.0,0.0,0.0
2024-04-01 00:00:00-04:00,39.07557003688693,39.07557003688693,37.50080932580367,37.86955642700195,39700,0.0,0.0,0.0
2024-04-02 00:00:00-04:00,37.46168632508436,38.62564191448575,35.66196021731838,36.49433517456055,16100,0.0,0.0,0.0
2024-04-03 00:00:00-04:00,36.31729830149393,37.32475243135717,36.31729830149393,36.69093704223633,10000,0.0,0.0,0.0
2024-04-04 00:00:00-04:00,37.41278447147423,37.73556322651844,36.02386720494772,36.09233474731445,13500,0.0,0.0,0.0
2024-04-05 00:00:00-04:00,35.456560320324364,36.42978072438038,35.212032318115234,35.212032318115234,31300,0.0,0.0,0.0
2024-04-08 00:00:00-04:00,36.63029439608854,36.88460186915206,35.46633875195643,35.83606719970703,18100,0.0,0.0,0.0
2024-04-09 00:00:00-04:00,35.57393115818181,35.59349384524566,34.68384941838241,35.124000549316406,13200,0.0,0.0,0.0
2024-04-10 00:00:00-04:00,34.23392105480302,35.358751381941346,34.136111344269814,35.315711975097656,13000,0.0,0.0,0.0
2024-04-11 00:00:00-04:00,35.41743026245504,35.71282196044922,34.8207814189469,35.71282196044922,18400,0.0,0.0,0.0
2024-04-12 00:00:00-04:00,35.28049713801651,35.358747883662225,33.866148118158236,34.18501281738281,12900,0.0,0.0,0.0
2024-04-15 00:00:00-04:00,34.33173015750629,34.39824255046792,32.49288225986932,32.52222442626953,17700,0.0,0.0,0.0
2024-04-16 00:00:00-04:00,32.19944386728265,32.19944386728265,31.43651773400567,31.837543487548828,14800,0.0,0.0,0.0
2024-04-17 00:00:00-04:00,32.170099936226976,32.170099936226976,31.05505296228965,31.593013763427734,10900,0.0,0.0,0.0
2024-04-18 00:00:00-04:00,31.81798208986047,32.71295546320667,31.534332446252268,32.130977630615234,6700,0.0,0.0,0.0
2024-04-19 00:00:00-04:00,32.453751810285,32.72859951164241,32.0380550160637,32.30703353881836,13800,0.0,0.0,0.0
2024-04-22 00:00:00-04:00,33.08952785518596,34.4393196105957,32.88412151744897,34.4393196105957,12400,0.0,0.0,0.0
2024-04-23 00:00:00-04:00,34.2241364287516,35.77933447200841,34.2241364287516,35.38808822631836,9900,0.0,0.0,0.0
2024-04-24 00:00:00-04:00,35.417434246851926,35.74999247255387,34.64472487960313,34.66428756713867,24200,0.0,0.0,0.0
2024-04-25 00:00:00-04:00,33.63726850509254,34.37183002350376,31.817979727528215,34.31216812133789,18800,0.0,0.0,0.0
2024-04-26 00:00:00-04:00,34.2436939821168,34.89903085715904,34.106758921087234,34.874576568603516,12500,0.0,0.0,0.0
2024-04-29 00:00:00-04:00,34.3317263467725,34.3317263467725,33.64705099875659,33.883750915527344,11300,0.0,0.0,0.0
2024-04-30 00:00:00-04:00,33.06996586171255,33.21668041322482,31.710387138012866,31.71332359313965,9300,0.0,0.0,0.0
2024-05-01 00:00:00-04:00,31.16264714721267,32.48309677974163,30.810526250218025,31.446300506591797,14400,0.0,0.0,0.0
2024-05-02 00:00:00-04:00,32.062505222861056,32.71784210205078,31.514764975276254,32.71784210205078,10300,0.0,0.0,0.0
2024-05-03 00:00:00-04:00,33.588362877494525,33.91211917087076,33.23624199564017,33.503265380859375,7300,0.0,0.0,0.0
2024-05-06 00:00:00-04:00,34.106762223298155,34.957722295572694,34.106762223298155,34.70341110229492,32100,0.0,0.0,0.0
2024-05-07 00:00:00-04:00,34.42954144201342,34.458883606576634,33.46120896821636,33.56880187988281,11300,0.0,0.0,0.0
2024-05-08 00:00:00-04:00,32.962373223539494,33.431866508409726,32.72762471550389,33.37513732910156,5300,0.0,0.0,0.0
2024-05-09 00:00:00-04:00,33.27536507674046,33.785938827804,33.138430016823094,33.71453857421875,4500,0.0,0.0,0.0
2024-05-10 00:00:00-04:00,34.1361075422371,34.1361075422371,32.405826568603516,32.405826568603516,5300,0.0,0.0,0.0
2024-05-13 00:00:00-04:00,33.25581044022099,33.9698318048698,32.414633461505524,33.441650390625,21300,0.0,0.0,0.0
2024-05-14 00:00:00-04:00,35.22180810398247,35.52502413816645,34.2339167203521,34.767967224121094,13500,0.0,0.0,0.0
2024-05-15 00:00:00-04:00,35.46633822292896,36.336861006325506,34.52735163165298,36.2879524230957,7800,0.0,0.0,0.0
2024-05-16 00:00:00-04:00,35.779333300350615,35.79889225391397,34.92837330352107,34.93033218383789,8800,0.0,0.0,0.0
2024-05-17 00:00:00-04:00,35.34896308560706,35.78911418207327,34.89903251197528,35.28343200683594,11300,0.0,0.0,0.0
2024-05-20 00:00:00-04:00,35.45655743041347,37.13891114247531,35.12399922526638,37.080223083496094,9600,0.0,0.0,0.0
2024-05-21 00:00:00-04:00,37.041100340911186,37.24650669632267,36.48846840495451,36.603885650634766,26300,0.0,0.0,0.0
2024-05-22 00:00:00-04:00,36.62051111931132,37.42158506822633,36.34664095940912,36.5187873840332,6900,0.0,0.0,0.0
2024-05-23 00:00:00-04:00,36.86503976153442,36.86503976153442,34.99684599966268,35.18268966674805,13900,0.0,0.0,0.0
2024-05-24 00:00:00-04:00,35.33918596635249,36.698760986328125,35.33918596635249,36.698760986328125,21100,0.0,0.0,0.0
2024-05-28 00:00:00-04:00,36.77700651083876,37.427451829789916,36.302625366281255,36.89046859741211,10400,0.0,0.0,0.0
2024-05-29 00:00:00-04:00,36.31729807407447,36.49824639847931,36.043424188400614,36.05320739746094,7200,0.0,0.0,0.0
2024-05-30 00:00:00-04:00,36.44444522769183,36.972626512591845,35.642393823747604,35.78911209106445,8600,0.0,0.0,0.0
2024-05-31 00:00:00-04:00,36.278173356721986,36.278173356721986,34.47844717075914,35.43699645996094,5800,0.0,0.0,0.0
2024-06-03 00:00:00-04:00,36.93350617099807,37.158475206492255,36.04831603631404,36.2879524230957,7100,0.0,0.0,0.0
2024-06-04 00:00:00-04:00,36.12167550156157,37.254330092893206,36.12167550156157,36.742774963378906,8400,0.0,0.0,0.0
2024-06-05 00:00:00-04:00,37.129131077791016,37.706217314084235,36.72321369734722,37.69643783569336,12500,0.0,0.0,0.0
2024-06-06 00:00:00-04:00,37.68665401239221,38.6452033207407,37.53993945171097,38.39089584350586,13600,0.0,0.0,0.0
2024-06-07 00:00:00-04:00,38.40067466035485,38.78214146643877,36.67919921875,36.67919921875,14600,0.0,0.0,0.0
2024-06-10 00:00:00-04:00,36.64007110572411,37.21715727955077,36.64007110572411,36.95795822143555,17000,0.0,0.0,0.0
2024-06-11 00:00:00-04:00,36.2390483025312,37.01175766626587,35.31962437974889,36.99610900878906,7300,0.0,0.0,0.0
2024-06-12 00:00:00-04:00,37.85293337287866,38.7332318929171,37.84413146972656,37.84413146972656,14100,0.0,0.0,0.0
2024-06-13 00:00:00-04:00,37.813809361116206,38.24417729322162,37.26606530381748,37.794246673583984,9100,0.0,0.0,0.0
2024-06-14 00:00:00-04:00,37.892059296648966,38.0876787053635,37.05088240685268,37.530155181884766,13300,0.0,0.0,0.0
2024-06-17 00:00:00-04:00,37.246504536118586,38.2441754333352,36.61073028144434,37.833370208740234,10300,0.0,0.0,0.0
2024-06-18 00:00:00-04:00,37.12912335122599,37.75511431160739,36.97262561113064,37.53993225097656,12800,0.0,0.0,0.0
2024-06-20 00:00:00-04:00,37.950744879288564,38.3693781886522,37.10956796173053,37.74534225463867,159000,0.0,0.0,0.0
2024-06-21 00:00:00-04:00,36.78678819701572,36.78678819701572,36.18035987956061,36.541282653808594,20700,0.0,0.0,0.0
2024-06-24 00:00:00-04:00,35.44677827239867,36.22926707650441,34.96750178108338,35.445796966552734,16600,0.0,0.0,0.0
2024-06-25 00:00:00-04:00,35.965177030375564,36.992193836807736,35.710865832622225,36.396522521972656,13300,0.0,0.0,0.0
2024-06-26 00:00:00-04:00,36.18602427128161,36.920318613157356,35.86782930950595,35.89230728149414,6600,0.036,0.0,0.0
2024-06-27 00:00:00-04:00,36.372047545993475,36.93989988949442,36.06853787639603,36.08811950683594,6900,0.0,0.0,0.0
2024-06-28 00:00:00-04:00,36.23497704956253,36.24476973243728,35.4713121171579,35.59859085083008,7900,0.0,0.0,0.0
2024-07-01 00:00:00-04:00,36.22518510033375,37.35110450953996,36.22518510033375,37.16899871826172,20300,0.0,0.0,0.0
2024-07-02 00:00:00-04:00,37.12592250076222,37.370687297000835,36.88115770452361,37.28355407714844,6600,0.0,0.0,0.0
2024-07-03 00:00:00-04:00,36.724508193819226,37.409850366695096,36.685348665083126,37.193477630615234,6500,0.0,0.0,0.0
2024-07-05 00:00:00-04:00,35.59859084113665,37.514610290527344,35.138431851318536,37.514610290527344,23300,0.0,0.0,0.0
2024-07-08 00:00:00-04:00,38.02665637230537,38.30079173078008,37.20816438210853,37.34425354003906,12500,0.0,0.0,0.0
2024-07-09 00:00:00-04:00,37.664403889933126,37.664403889933126,36.213436126708984,36.213436126708984,16200,0.0,0.0,0.0
2024-07-10 00:00:00-04:00,36.63638753518064,36.66576184609501,35.8825153599655,36.01272964477539,12300,0.0,0.0,0.0
2024-07-11 00:00:00-04:00,36.82241372622531,37.27278002048894,35.295080170027724,35.53005599975586,9900,0.0,0.0,0.0
2024-07-12 00:00:00-04:00,35.794399378732635,37.17487245768312,35.794399378732635,37.00843048095703,9200,0.0,0.0,0.0
2024-07-15 00:00:00-04:00,38.46723482984417,40.17079565624767,38.42415374740591,40.07289123535156,21000,0.0,0.0,0.0
2024-07-16 00:00:00-04:00,40.36660978321094,41.835198561942036,39.96519566641702,41.715755462646484,17800,0.0,0.0,0.0
2024-07-17 00:00:00-04:00,40.934464206711596,42.36388966239589,40.239329375137565,40.728858947753906,15800,0.0,0.0,0.0
2024-07-18 00:00:00-04:00,41.296714408176804,41.296714408176804,38.14414281397887,38.40848922729492,13300,0.0,0.0,0.0
2024-07-19 00:00:00-04:00,38.76095094229734,40.55164867921011,38.428070690111454,40.376399993896484,4600,0.0,0.0,0.0
2024-07-22 00:00:00-04:00,40.89530097687484,41.21838855295363,39.749799833943676,41.14887619018555,14000,0.0,0.0,0.0
2024-07-23 00:00:00-04:00,40.85613444095677,41.32608234520624,39.8251838684082,39.8251838684082,14100,0.0,0.0,0.0
2024-07-24 00:00:00-04:00,40.0435160430188,40.190372657445025,38.08050163123347,38.12455749511719,9400,0.0,0.0,0.0
2024-07-25 00:00:00-04:00,37.556709770619456,37.801474559286355,36.500302612209005,36.70492935180664,11200,0.0,0.0,0.0
2024-07-26 00:00:00-04:00,38.31058231121063,38.74038843460935,37.685942148836396,37.9091682434082,8100,0.0,0.0,0.0
2024-07-29 00:00:00-04:00,39.02529302611443,39.18194231948573,37.106338248612566,37.25221633911133,16000,0.0,0.0,0.0
2024-07-30 00:00:00-04:00,37.43922295469233,37.458800850750066,36.02056498371904,36.25455856323242,10900,0.0,0.0,0.0
2024-07-31 00:00:00-04:00,37.42942943562574,38.13435319200975,36.90073661833774,36.930110931396484,7700,0.0,0.0,0.0
2024-08-01 00:00:00-04:00,36.85178065345919,37.20424249572573,34.85254232809151,35.14822006225586,19900,0.0,0.0,0.0
2024-08-02 00:00:00-04:00,34.95241064852262,35.035629775742386,32.8082688273056,33.01191329956055,22100,0.0,0.0,0.0
2024-08-05 00:00:00-04:00,29.71444230331996,31.692140149272703,28.58264991611894,31.422901153564453,50400,0.0,0.0,0.0
2024-08-06 00:00:00-04:00,31.887954359532017,32.157197104026785,30.93826771160918,31.850751876831055,15800,0.0,0.0,0.0
2024-08-07 00:00:00-04:00,32.671202745975414,32.671202745975414,30.399785819804055,30.497692108154297,16400,0.0,0.0,0.0
2024-08-08 00:00:00-04:00,31.6431918489318,32.71036648597943,31.23198692578127,32.54098892211914,12200,0.0,0.0,0.0
2024-08-09 00:00:00-04:00,32.52434893341537,32.52434893341537,31.99173823045148,32.25020980834961,11900,0.0,0.0,0.0
2024-08-12 00:00:00-04:00,31.917324151071814,32.034813928401654,31.261356367642993,31.68235206604004,5500,0.0,0.0,0.0
2024-08-13 00:00:00-04:00,31.799837466252292,32.40783528698972,31.74109257877392,32.025020599365234,8600,0.0,0.0,0.0
2024-08-14 00:00:00-04:00,32.29916102252712,32.29916102252712,31.66277112009936,31.71172332763672,8900,0.0,0.0,0.0
2024-08-15 00:00:00-04:00,32.191461184851,32.945337068159716,32.191461184851,32.29426193237305,4600,0.0,0.0,0.0
2024-08-16 00:00:00-04:00,32.28936972711469,32.994293497337424,32.28936972711469,32.94044494628906,12900,0.0,0.0,0.0
2024-08-19 00:00:00-04:00,33.10199019909938,33.46424102783203,32.92575925867503,33.46424102783203,9700,0.0,0.0,0.0
2024-08-20 00:00:00-04:00,34.02230270524486,34.02230270524486,32.749526660356764,33.1313591003418,47000,0.0,0.0,0.0
2024-08-21 00:00:00-04:00,33.1313619198527,34.051676180054564,32.98548380898597,34.04286575317383,23700,0.0,0.0,0.0
2024-08-22 00:00:00-04:00,34.05167616862947,34.26707037757192,33.24884796142578,33.24884796142578,10300,0.0,0.0,0.0
2024-08-23 00:00:00-04:00,33.611100561349474,35.02779769897461,33.611100561349474,35.02779769897461,4500,0.0,0.0,0.0
2024-08-26 00:00:00-04:00,35.01115065765561,35.01115065765561,34.44329833984375,34.44329833984375,7700,0.0,0.0,0.0
2024-08-27 00:00:00-04:00,34.081048170605264,34.081048170605264,33.385913380221545,33.67963409423828,5300,0.0,0.0,0.0
2024-08-28 00:00:00-04:00,33.317377565936575,33.43486733849735,32.30894796107966,32.51063537597656,7100,0.0,0.0,0.0
2024-08-29 00:00:00-04:00,33.18031244021896,33.777539091287345,32.79847998719206,32.91596603393555,15100,0.0,0.0,0.0
2024-08-30 00:00:00-04:00,33.19989749281474,33.19989749281474,32.338324346649635,32.55371856689453,8300,0.0,0.0,0.0
2024-09-03 00:00:00-04:00,32.30894935234447,32.31873829973916,30.664129813803637,30.79140853881836,16500,0.0,0.0,0.0
2024-09-04 00:00:00-04:00,30.252926030146487,30.99603265419593,30.164810561131706,30.389995574951172,32000,0.0,0.0,0.0
2024-09-05 00:00:00-04:00,30.31166821036231,30.634759499365558,30.106066699986055,30.223554611206055,9500,0.0,0.0,0.0
2024-09-06 00:00:00-04:00,30.468320764880072,30.468320764880072,28.931196371359125,29.021270751953125,11500,0.0,0.0,0.0
2024-09-09 00:00:00-04:00,29.60674706614483,30.438947677612305,29.60674706614483,30.438947677612305,6100,0.0,0.0,0.0
2024-09-10 00:00:00-04:00,30.41936676304175,31.122331619262695,29.929837199768063,31.122331619262695,15100,0.0,0.0,0.0
2024-09-11 00:00:00-04:00,30.693504534906673,31.280940394731164,30.017953202738152,31.20261573791504,7100,0.0,0.0,0.0
2024-09-12 00:00:00-04:00,31.32009893847962,31.7459891044371,30.923579349025243,31.506120681762695,12600,0.0,0.0,0.0
2024-09-13 00:00:00-04:00,31.506123689946435,32.50476446935424,31.506123689946435,32.132720947265625,14700,0.0,0.0,0.0
2024-09-16 00:00:00-04:00,31.623609520410614,31.995653039892407,31.310310893946234,31.858585357666016,10400,0.0,0.0,0.0
2024-09-17 00:00:00-04:00,32.3579009284661,32.70057383762675,32.015231754119334,32.21104431152344,4100,0.0,0.0,0.0
2024-09-18 00:00:00-04:00,32.211049749847795,32.64183446101687,31.88306207352451,31.93691062927246,6300,0.0,0.0,0.0
2024-09-19 00:00:00-04:00,33.28801297065907,33.28801297065907,32.54392961816271,32.55371856689453,20300,0.0,0.0,0.0
2024-09-20 00:00:00-04:00,32.48518046392795,32.63204081935961,32.16208917590388,32.37748336791992,22000,0.0,0.0,0.0
2024-09-23 00:00:00-04:00,32.59287691064719,33.08240643924875,32.59287691064719,32.95512771606445,24100,0.0,0.0,0.0
2024-09-24 00:00:00-04:00,33.06282683576978,34.120208740234375,32.95512973530834,34.120208740234375,6600,0.0,0.0,0.0
2024-09-25 00:00:00-04:00,34.12020894467951,34.70764665940339,33.83628463745117,33.83628463745117,9900,0.0,0.0,0.0
2024-09-26 00:00:00-04:00,34.815346615301706,35.657334392929904,34.364976543306334,35.35382843017578,10900,0.0,0.0,0.0
2024-09-27 00:00:00-04:00,35.89230926506545,35.91776575976974,35.35382746489379,35.70335006713867,10800,0.0,0.0,0.0
2024-09-30 00:00:00-04:00,34.64890266992268,35.15311753386013,34.05167599173158,34.3747673034668,11700,0.0,0.0,0.0
2024-10-01 00:00:00-04:00,34.502042580235944,34.502042580235944,32.477347687119234,32.86701202392578,10600,0.0,0.0,0.0
2024-10-02 00:00:00-04:00,32.583084125196926,33.618931024590616,32.55371354871447,33.23905563354492,6300,0.0,0.0,0.0
2024-10-03 00:00:00-04:00,33.170524817026966,33.31738144761693,32.70253391913333,33.25864028930664,13700,0.0,0.0,0.0
2024-10-04 00:00:00-04:00,33.99293505201839,34.648902893066406,33.611102579191716,34.648902893066406,9400,0.0,0.0,0.0
2024-10-07 00:00:00-04:00,34.81534137138847,35.20696275284946,33.81670068622001,34.267066955566406,11800,0.0,0.0,0.0
2024-10-08 00:00:00-04:00,34.218116760253906,34.57155715994793,34.05167476887275,34.218116760253906,4800,0.0,0.0,0.0
2024-10-09 00:00:00-04:00,34.178956380898754,34.38455791569084,33.493614196777344,33.493614196777344,9000,0.0,0.0,0.0
2024-10-10 00:00:00-04:00,33.90482034272199,33.90482034272199,32.96981703604603,33.22926712036133,10000,0.0,0.0,0.0
2024-10-11 00:00:00-04:00,33.55235476305108,35.2852897644043,33.55235476305108,35.2852897644043,12800,0.0,0.0,0.0
2024-10-14 00:00:00-04:00,36.0979085545355,36.93011104387098,35.70628714909598,36.46016311645508,32600,0.0,0.0,0.0
2024-10-15 00:00:00-04:00,36.5776470453974,37.53712447513383,36.29371902190422,36.41707992553711,11600,0.0,0.0,0.0
2024-10-16 00:00:00-04:00,37.0671807913404,37.99728775024414,36.44058351981368,37.99728775024414,16500,0.0,0.0,0.0
2024-10-17 00:00:00-04:00,37.78188973780932,37.87000520368173,36.95947996793814,37.341312408447266,17500,0.0,0.0,0.0
2024-10-18 00:00:00-04:00,37.88959105980964,39.51287210849063,37.88959105980964,39.339576721191406,23900,0.0,0.0,0.0
2024-10-21 00:00:00-04:00,39.00571420322178,39.75959014892578,37.997284538034855,39.75959014892578,16100,0.0,0.0,0.0
2024-10-22 00:00:00-04:00,39.299432172326625,39.651894050344396,38.995926237777866,39.64210510253906,11300,0.0,0.0,0.0
2024-10-23 00:00:00-04:00,38.878436124237915,38.96655159299218,37.35795969609896,38.153934478759766,18100,0.0,0.0,0.0
2024-10-24 00:00:00-04:00,38.75115814935595,39.73021717807362,38.72178383882104,39.350341796875,12100,0.0,0.0,0.0
2024-10-25 00:00:00-04:00,39.53440756968873,40.02393712050523,38.70220509241223,38.80990219116211,19400,0.0,0.0,0.0
2024-10-28 00:00:00-04:00,39.8085443254083,41.991845750787064,39.8085443254083,41.76666259765625,14900,0.0,0.0,0.0
2024-10-29 00:00:00-04:00,42.62823832476511,43.078604658934864,41.50231875452626,41.79603576660156,26700,0.0,0.0,0.0
2024-10-30 00:00:00-04:00,40.76802328638348,41.799952489304836,39.24558597656212,41.07740783691406,14800,0.0,0.0,0.0
2024-10-31 00:00:00-04:00,40.54283902696991,40.54283902696991,38.10498011368925,38.11477279663086,25300,0.0,0.0,0.0
2024-11-01 00:00:00-04:00,38.42806990982102,39.36796575520903,37.62915582687134,37.72999954223633,23000,0.0,0.0,0.0
2024-11-04 00:00:00-05:00,37.31194396994813,37.360896179390934,36.59723125460351,36.728424072265625,15500,0.0,0.0,0.0
2024-11-05 00:00:00-05:00,37.48817343487034,38.54066270308944,37.48817343487034,38.26163101196289,13300,0.0,0.0,0.0
2024-11-06 00:00:00-05:00,41.96247327557874,43.98912529698674,41.423991522007135,43.871639251708984,73400,0.0,0.0,0.0
2024-11-07 00:00:00-05:00,43.36253172707481,45.32065007571872,43.225464040240034,44.7616081237793,44300,0.0,0.0,0.0
2024-11-08 00:00:00-05:00,44.79195792303239,45.41365886509384,44.20452390321347,45.35002136230469,45100,0.0,0.0,0.0
2024-11-11 00:00:00-05:00,49.50123235657812,52.497150988782295,48.88442404149491,52.01741409301758,122400,0.0,0.0,0.0
2024-11-12 00:00:00-05:00,50.73484231345948,52.37966190187353,49.99075904004078,52.1838493347168,89100,0.0,0.0,0.0
2024-11-13 00:00:00-05:00,52.516730877291955,54.20071376774873,48.081594235349606,48.41447448730469,80400,0.0,0.0,0.0
2024-11-14 00:00:00-05:00,49.21730506623632,49.79495012759736,46.75986445094225,46.9556770324707,48600,0.0,0.0,0.0
2024-11-15 00:00:00-05:00,47.484367912795946,48.336148312081626,46.505308780573344,48.21866226196289,54700,0.0,0.0,0.0
2024-11-18 00:00:00-05:00,47.87599294845329,50.06908330804409,47.28953375091182,48.874629974365234,64900,0.0,0.0,0.0
2024-11-19 00:00:00-05:00,49.129184230418154,50.774003760075004,48.12075458758368,50.45091247558594,55500,0.0,0.0,0.0
2024-11-20 00:00:00-05:00,51.968460463559495,52.72233270775483,50.372593034362325,51.116676330566406,83700,0.0,0.0,0.0
2024-11-21 00:00:00-05:00,54.02448147536161,54.259453568033514,48.09138198059198,48.62986373901367,116200,0.0,0.0,0.0
2024-11-22 00:00:00-05:00,48.58091386254452,52.02720251058498,47.8368305536197,51.283119201660156,83200,0.0,0.0,0.0
2024-11-25 00:00:00-05:00,52.43840643857588,52.43840643857588,49.16345257279362,50.6956787109375,101100,0.0,0.0,0.0
2024-11-26 00:00:00-05:00,49.44248328295088,49.9878184108344,47.053580484703716,47.4452018737793,62000,0.0,0.0,0.0
2024-11-27 00:00:00-05:00,49.14876598362347,51.73348132678599,49.08121066887168,51.47892761230469,54100,0.0,0.0,0.0
2024-11-29 00:00:00-05:00,52.438411060855366,54.846895748931445,52.252387426248156,52.360084533691406,82000,0.0,0.0,0.0
2024-12-02 00:00:00-05:00,52.75170828852307,53.08458855043501,50.82296055907911,51.2733268737793,80200,0.0,0.0,0.0
2024-12-03 00:00:00-05:00,50.18656983617844,51.93419025040081,49.834111683281556,51.10688781738281,37100,0.0,0.0,0.0
2024-12-04 00:00:00-05:00,51.557251244457646,54.23987477951812,51.13625553930421,54.17134094238281,68600,0.0,0.0,0.0
2024-12-05 00:00:00-05:00,57.12809692119904,57.70574193888507,53.2510237862966,53.30976867675781,129800,0.0,0.0,0.0
2024-12-06 00:00:00-05:00,54.27903770656773,57.59805134855974,54.23008549623341,56.423179626464844,129400,0.0,0.0,0.0
2024-12-09 00:00:00-05:00,56.550454551595145,56.57982886560829,52.751707759424136,52.78107833862305,117700,0.0,0.0,0.0
2024-12-10 00:00:00-05:00,53.31956019928648,53.31956019928648,50.55861370611954,51.09709548950195,75300,0.0,0.0,0.0
2024-12-11 00:00:00-05:00,52.722330085145366,53.89720173080613,51.82159752218765,52.957305908203125,75700,0.0,0.0,0.0
2024-12-12 00:00:00-05:00,54.29861718292576,55.27767629001702,52.46777769841306,52.64400863647461,64800,0.0,0.0,0.0
2024-12-13 00:00:00-05:00,53.28535896032214,53.807689318744394,51.82952898921489,52.449241638183594,73900,0.252,0.0,0.0
2024-12-16 00:00:00-05:00,53.875566796463346,57.06265315525432,53.17716250978761,55.03629684448242,129800,0.0,0.0,0.0
2024-12-17 00:00:00-05:00,55.80355914738407,55.80355914738407,53.05912088954536,53.826385498046875,85500,0.0,0.0,0.0
2024-12-18 00:00:00-05:00,53.64932382713691,54.03295424877994,48.06208197537052,48.868690490722656,141500,0.0,0.0,0.0
2024-12-19 00:00:00-05:00,50.481903739553005,50.786842546619766,46.439022671449706,46.58657455444336,242900,0.0,0.0,0.0
2024-12-20 00:00:00-05:00,45.77012921877986,48.29717577416707,45.63339925241987,48.06208038330078,209600,0.0,0.0,0.0
2024-12-23 00:00:00-05:00,47.953875612543,47.953875612543,45.55372400967165,46.36033248901367,43800,0.0,0.0,0.0
2024-12-24 00:00:00-05:00,47.7571386832727,49.621192258729856,47.02036991561748,48.87852096557617,44000,0.0,0.0,0.0
2024-12-26 00:00:00-05:00,48.36701226905075,48.917868366290925,47.5112211244599,48.41619873046875,55700,0.0,0.0,0.0
2024-12-27 00:00:00-05:00,48.47522101541175,48.47522101541175,46.33082168049422,46.64559555053711,66600,0.0,0.0,0.0
2024-12-30 00:00:00-05:00,45.95702955735327,46.01604731209683,43.901160630175426,44.94384765625,78800,0.0,0.0,0.0
2024-12-31 00:00:00-05:00,46.17343539842073,46.17343539842073,43.77328366730251,44.048709869384766,72700,0.0,0.0,0.0
2025-01-02 00:00:00-05:00,45.25862133032975,46.527555585524155,44.43233899583112,45.6717643737793,82200,0.0,0.0,0.0
2025-01-03 00:00:00-05:00,46.01604496577141,49.606439124018166,45.691436074032,49.58676528930664,76100,0.0,0.0,0.0
2025-01-06 00:00:00-05:00,50.6491280034935,51.4016343298839,49.79333311053175,50.85569763183594,111500,0.0,0.0,0.0
2025-01-07 00:00:00-05:00,50.914720119852355,50.914720119852355,47.462042609086915,47.94404220581055,115000,0.0,0.0,0.0
2025-01-08 00:00:00-05:00,47.245633687796165,47.481715962905156,45.26846011241027,46.4488639831543,97700,0.0,0.0,0.0
2025-01-10 00:00:00-05:00,45.67176532579252,46.49804767751474,44.363483372065446,45.91768264770508,75800,0.0,0.0,0.0
2025-01-13 00:00:00-05:00,44.27495264120615,44.855317666495125,43.38965254065721,44.83564758300781,92000,0.0,0.0,0.0
2025-01-14 00:00:00-05:00,46.8029854300874,47.16694200746711,45.65209043878339,46.24229049682617,56000,0.0,0.0,0.0
2025-01-15 00:00:00-05:00,48.150608243690066,49.35068211987643,47.5702432637474,48.770320892333984,79800,0.0,0.0,0.0
2025-01-16 00:00:00-05:00,48.73097348223897,49.576929601804075,47.98338278254877,49.232643127441406,74300,0.0,0.0,0.0
2025-01-17 00:00:00-05:00,50.9245582999333,52.08823771959694,50.246810986858875,50.54092788696289,112400,0.0,0.0,0.0
2025-01-21 00:00:00-05:00,51.10161696309263,51.288512764882924,48.37685276094825,50.206478118896484,142000,0.0,0.0,0.0
2025-01-22 00:00:00-05:00,50.07859995914338,50.98357759494271,49.0654218609031,50.5704345703125,103300,0.0,0.0,0.0
2025-01-23 00:00:00-05:00,49.79333622614971,51.84920510221486,49.547418914430914,50.50157928466797,134000,0.0,0.0,0.0
2025-01-24 00:00:00-05:00,51.30818705178739,53.137812425858236,50.76716972402674,51.49508285522461,105100,0.0,0.0,0.0
2025-01-27 00:00:00-05:00,48.51456758106283,48.51456758106283,43.50572464200384,44.79629898071289,193500,0.0,0.0,0.0
2025-01-28 00:00:00-05:00,45.652089696888915,45.652089696888915,44.23560732916529,45.0618896484375,81700,0.0,0.0,0.0
2025-01-29 00:00:00-05:00,45.14058156473759,46.134089614802086,44.55038151200255,45.73078536987305,55400,0.0,0.0,0.0
2025-01-30 00:00:00-05:00,46.64559287027644,47.89485323690177,46.64559287027644,47.51122283935547,49200,0.0,0.0,0.0
2025-01-31 00:00:00-05:00,48.26864917366208,49.1932969058512,47.13742804981764,47.452205657958984,49800,0.0,0.0,0.0
2025-02-03 00:00:00-05:00,44.26511618153765,47.953875863332456,44.26511618153765,47.599754333496094,110700,0.0,0.0,0.0
2025-02-04 00:00:00-05:00,47.225955640981304,47.76697669144589,46.87183788849557,47.33415985107422,43100,0.0,0.0,0.0
2025-02-05 00:00:00-05:00,47.33416056092361,48.130933958865654,46.9515133045258,47.11775588989258,69400,0.0,0.0,0.0
2025-02-06 00:00:00-05:00,47.56040402523798,48.721133974259644,46.51771708121525,47.11775588989258,80500,0.0,0.0,0.0
2025-02-07 00:00:00-05:00,48.1702830596442,49.50807380354615,47.60959190262651,47.875179290771484,137600,0.0,0.0,0.0
2025-02-10 00:00:00-05:00,48.58342246601554,48.71130051605252,48.07191401826794,48.28832244873047,89900,0.0,0.0,0.0
2025-02-11 00:00:00-05:00,47.86534464107174,48.219466164695014,46.39967583549772,46.419349670410156,57300,0.0,0.0,0.0
2025-02-12 00:00:00-05:00,45.74061859936308,47.42269206018295,45.56454096894831,47.2062873840332,68200,0.0,0.0,0.0
2025-02-13 00:00:00-05:00,47.53089535655207,48.770320647620885,46.95053037952148,48.721134185791016,90500,0.0,0.0,0.0
2025-02-14 00:00:00-05:00,48.81950510386014,49.114605123397325,48.36209876023738,48.775238037109375,47700,0.0,0.0,0.0
2025-02-18 00:00:00-05:00,48.87852345264359,48.87852345264359,47.432532213550225,47.75714111328125,84000,0.0,0.0,0.0
2025-02-19 00:00:00-05:00,47.92436549928603,48.38668748009029,47.27514396553513,47.41285705566406,31700,0.0,0.0,0.0
2025-02-20 00:00:00-05:00,47.668613293254225,47.833869014901516,45.80947891992104,46.84233093261719,88700,0.0,0.0,0.0
2025-02-21 00:00:00-05:00,47.363677600570874,47.757143063353695,43.52736588593503,43.537200927734375,121600,0.0,0.0,0.0
2025-02-24 00:00:00-05:00,43.901156904873,43.901156904873,41.02884092507311,41.678062438964844,53800,0.0,0.0,0.0
2025-02-25 00:00:00-05:00,40.19272395635378,40.49765900563388,37.428612164220134,38.3040771484375,84500,0.0,0.0,0.0
2025-02-26 00:00:00-05:00,38.284405625955365,39.52383098932827,38.235222913656536,38.687713623046875,60700,0.0,0.0,0.0
2025-02-27 00:00:00-05:00,40.143542148584935,40.90096789694317,37.87126490351022,37.9302864074707,29300,0.0,0.0,0.0
2025-02-28 00:00:00-05:00,37.38926511880889,39.395951213032006,37.193517407081615,39.228729248046875,91500,0.0,0.0,0.0
2025-03-03 00:00:00-05:00,41.973163632775425,42.05185897118356,37.34106565627361,37.72371292114258,140300,0.0,0.0,0.0
2025-03-04 00:00:00-05:00,36.53347459066135,38.62869110059371,35.214374543883736,37.458126068115234,116000,0.0,0.0,0.0
2025-03-05 00:00:00-05:00,37.77289943846327,39.29758597452306,37.31057370564762,39.27791213989258,55000,0.0,0.0,0.0
2025-03-06 00:00:00-05:00,37.94011999628626,38.762465990362166,36.94759890375204,37.37942886352539,28800,0.0,0.0,0.0
2025-03-07 00:00:00-05:00,37.172862984346004,38.264736485311836,36.24821145979449,37.9499626159668,35000,0.0,0.0,0.0
2025-03-10 00:00:00-04:00,36.39576150921598,36.39576150921598,33.23129852696943,33.77920150756836,64700,0.0,0.0,0.0
2025-03-11 00:00:00-04:00,34.21201643816889,35.11601100021088,33.3168775413577,34.8415641784668,32500,0.0,0.0,0.0
2025-03-12 00:00:00-04:00,35.805562723289256,35.854745436026654,34.26808793328351,35.26454162597656,47600,0.0,0.0,0.0
2025-03-13 00:00:00-04:00,35.225194638812034,35.225194638812034,33.715262599659226,33.90707778930664,25300,0.0,0.0,0.0
2025-03-14 00:00:00-04:00,34.851402774280636,35.70227459729669,34.526790111811735,35.569480895996094,34800,0.0,0.0,0.0
2025-03-17 00:00:00-04:00,35.32356312286432,36.371169538240835,35.06781076526082,36.04164123535156,24400,0.0,0.0,0.0
2025-03-18 00:00:00-04:00,35.51046015661302,35.51046015661302,34.53367651368605,34.57597732543945,48700,0.0,0.0,0.0
2025-03-19 00:00:00-04:00,34.930092203774784,36.685941603970896,34.9202571626724,36.169517517089844,23100,0.0,0.0,0.0
2025-03-20 00:00:00-04:00,35.726867014952276,36.51577167810711,35.71703197346574,35.943275451660156,15100,0.0,0.0,0.0
2025-03-21 00:00:00-04:00,35.34323657767769,35.805562327580766,34.90058466313225,35.7367057800293,20200,0.0,0.0,0.0
2025-03-24 00:00:00-04:00,36.70070056334344,38.697547912597656,36.70070056334344,38.697547912597656,33200,0.0,0.0,0.0
2025-03-25 00:00:00-04:00,38.51065139634778,38.51065139634778,37.536817219201396,37.9302864074707,14700,0.0,0.0,0.0
2025-03-26 00:00:00-04:00,37.66469601411548,37.66469601411548,35.49078789925876,35.79572296142578,9900,0.0,0.0,0.0
2025-03-27 00:00:00-04:00,35.36291023252289,35.7809689126372,34.86025368556261,34.910423278808594,21100,0.0,0.0,0.0
2025-03-28 00:00:00-04:00,34.43825540143402,34.467768027661144,32.74634700961323,32.93324279785156,37400,0.0,0.0,0.0
2025-03-31 00:00:00-04:00,32.06761518201416,32.26434977717504,31.172478215012568,32.175819396972656,32300,0.0,0.0,0.0
2025-04-01 00:00:00-04:00,32.30369503764381,33.72017726284768,31.58561700839741,33.66115951538086,25500,0.0,0.0,0.0
2025-04-02 00:00:00-04:00,32.84471656790037,34.821893916571746,32.81520769035021,34.792381286621094,24800,0.0,0.0,0.0
2025-04-03 00:00:00-04:00,31.988924069438717,32.69716712155334,31.7302185795424,31.910228729248047,37000,0.0,0.0,0.0
2025-04-04 00:00:00-04:00,30.759336833237164,31.083947599454692,28.224421593929364,30.365869522094727,58100,0.0,0.0,0.0
2025-04-07 00:00:00-04:00,27.955879412195458,32.077453984774564,27.611594808665433,30.217334747314453,154100,0.0,0.0,0.0
2025-04-08 00:00:00-04:00,31.752841728804174,31.752841728804174,28.369020908734946,28.523456573486328,41300,0.0,0.0,0.0
2025-04-09 00:00:00-04:00,28.624774392633622,33.18900080386916,28.21163324929334,32.647979736328125,108700,0.0,0.0,0.0
2025-04-10 00:00:00-04:00,31.536437490941196,31.713498256049444,29.598607868590044,30.53309440612793,35500,0.0,0.0,0.0
2025-04-11 00:00:00-04:00,30.86754031291581,31.97908574253245,30.57244028769375,31.929903030395508,41300,0.0,0.0,0.0
2025-04-14 00:00:00-04:00,33.120140282129,33.120140282129,31.900392571080236,32.39222717285156,37800,0.0,0.0,0.0
2025-04-15 00:00:00-04:00,32.382390905540376,32.382390905540376,30.931480218093185,31.27084732055664,28200,0.0,0.0,0.0
2025-04-16 00:00:00-04:00,30.74950130935307,31.24625346039329,30.395379775177727,30.916725158691406,12800,0.0,0.0,0.0
2025-04-17 00:00:00-04:00,31.172479534685642,31.53643798828125,30.57834320853945,31.53643798828125,14600,0.0,0.0,0.0
2025-04-21 00:00:00-04:00,31.654476074166784,31.91022842252747,30.798683019820874,30.956069946289062,18300,0.0,0.0,0.0
2025-04-22 00:00:00-04:00,31.88072064154396,34.22185453652658,31.73316875123648,33.867733001708984,69500,0.0,0.0,0.0
2025-04-23 00:00:00-04:00,35.46127522643384,35.75637524691284,34.6182722217068,34.81205368041992,65400,0.0,0.0,0.0
2025-04-24 00:00:00-04:00,34.802219266801124,35.943275451660156,34.6743412130737,35.943275451660156,17300,0.0,0.0,0.0
2025-04-25 00:00:00-04:00,36.090825682678826,37.0892531857187,35.98262521044652,36.69086456298828,31600,0.0,0.0,0.0
2025-04-28 00:00:00-04:00,37.015477202557115,37.015477202557115,35.22519935774702,36.27772521972656,19800,0.0,0.0,0.0
2025-04-29 00:00:00-04:00,36.21870371023589,36.59249909887555,35.98262517707447,36.27772521972656,16500,0.0,0.0,0.0
2025-04-30 00:00:00-04:00,35.372744856917556,35.6973575062336,34.349727950006844,35.58915328979492,39300,0.0,0.0,0.0
2025-05-01 00:00:00-04:00,36.59249450158463,37.55648985441711,36.16951645104383,36.85808563232422,15000,0.0,0.0,0.0
2025-05-02 00:00:00-04:00,37.26139136046816,38.44179518306425,37.10400443428203,37.82208251953125,28200,0.0,0.0,0.0
2025-05-05 00:00:00-04:00,36.926944429678414,36.95645330631767,36.23837520635946,36.46461868286133,20700,0.0,0.0,0.0
2025-05-06 00:00:00-04:00,35.93343841418497,36.907272674570656,35.73670755563486,36.799068450927734,12400,0.0,0.0,0.0
2025-05-07 00:00:00-04:00,37.18269838268866,37.18269838268866,36.71053757414284,37.064659118652344,24700,0.0,0.0,0.0
2025-05-08 00:00:00-04:00,38.45163323504146,39.8484418452635,38.1368593580224,39.17955017089844,19500,0.0,0.0,0.0
2025-05-09 00:00:00-04:00,39.405794607987396,40.615707430446726,38.71722532830141,39.42546844482422,24800,0.0,0.0,0.0
2025-05-12 00:00:00-04:00,41.30427279721883,41.47149476588918,40.084521295692525,40.61570358276367,38300,0.0,0.0,0.0
2025-05-13 00:00:00-04:00,41.53051685907255,42.598780221678,41.069174240560734,42.52402114868164,34200,0.0,0.0,0.0
2025-05-14 00:00:00-04:00,42.533860397144224,42.760103876356645,41.941690332659284,42.05186080932617,26400,0.0,0.0,0.0
2025-05-15 00:00:00-04:00,41.5108449028636,41.5108449028636,39.935005525192395,41.048519134521484,23200,0.0,0.0,0.0
2025-05-16 00:00:00-04:00,41.28459640949466,43.99952167709684,41.28459640949466,43.812625885009766,29100,0.0,0.0,0.0
2025-05-19 00:00:00-04:00,42.58304075595927,44.55037916461638,42.56336692158467,44.36347961425781,23100,0.0,0.0,0.0
2025-05-20 00:00:00-04:00,44.26511505508791,44.26511505508791,43.084711236472174,43.989688873291016,13400,0.0,0.0,0.0
2025-05-21 00:00:00-04:00,43.52736501734643,45.42584700078093,42.99618271316881,43.49785614013672,36100,0.0,0.0,0.0
2025-05-22 00:00:00-04:00,44.87499139215576,45.632417186174145,43.9601786638219,44.42250442504883,29100,0.0,0.0,0.0
2025-05-23 00:00:00-04:00,42.94699608319521,43.497852172736366,42.56336570485766,43.08470916748047,22400,0.0,0.0,0.0
2025-05-27 00:00:00-04:00,44.255280377590694,44.294624295027646,43.46834199044643,44.08805465698242,17400,0.0,0.0,0.0
2025-05-28 00:00:00-04:00,43.66507551700663,43.66507551700663,42.03218478278481,42.08136749267578,17800,0.0,0.0,0.0
2025-05-29 00:00:00-04:00,42.897818746356286,42.897818746356286,41.47149751177482,41.51084518432617,16100,0.0,0.0,0.0
2025-05-30 00:00:00-04:00,41.097696678350694,41.137044345685084,40.182884051026555,40.70423126220703,19800,0.0,0.0,0.0
2025-06-02 00:00:00-04:00,40.8714591443233,41.60921112798401,40.52717638624189,41.45182418823242,17800,0.0,0.0,0.0
2025-06-03 00:00:00-04:00,42.05185988853718,42.89781603287777,41.441986012170844,42.78961181640625,24800,0.0,0.0,0.0
2025-06-04 00:00:00-04:00,42.72075276768932,44.27494812011719,42.60271351681635,44.27494812011719,21800,0.0,0.0,0.0
2025-06-05 00:00:00-04:00,44.75695382944301,44.97336227949644,42.278106705524245,42.484676361083984,23700,0.0,0.0,0.0
2025-06-06 00:00:00-04:00,43.38964981348406,45.32846250290266,43.38964981348406,44.86810302734375,22700,0.0,0.0,0.0
2025-06-09 00:00:00-04:00,45.81931514906105,45.81931514906105,44.61923747159802,45.58323287963867,36400,0.0,0.0,0.0
2025-06-10 00:00:00-04:00,46.104578016766396,46.193108401896964,45.091399861028016,45.61274337768555,26000,0.0,0.0,0.0
2025-06-11 00:00:00-04:00,45.504535595126946,45.72094402015269,44.70776594371435,45.09139633178711,12600,0.0,0.0,0.0
2025-06-12 00:00:00-04:00,44.373316967388675,45.416003888597565,44.08805200681639,44.38315200805664,14100,0.0,0.0,0.0
2025-06-13 00:00:00-04:00,43.379809494710884,44.107726341612675,42.60762933570028,42.976505279541016,19100,0.0,0.0,0.0
2025-06-16 00:00:00-04:00,43.9700137231416,44.727439452824456,43.54703566952129,44.62907028198242,25800,0.0,0.0,0.0
2025-06-17 00:00:00-04:00,43.792954888596235,43.97001565147684,42.199411775071134,42.78961181640625,28400,0.0,0.0,0.0
2025-06-18 00:00:00-04:00,42.52401917415636,43.81262718030663,42.15022382653105,43.41128921508789,18600,0.0,0.0,0.0
2025-06-20 00:00:00-04:00,44.49135983250679,44.49135983250679,43.01585595401481,43.350303649902344,29200,0.0,0.0,0.0
2025-06-23 00:00:00-04:00,42.46500203022229,43.11422737282585,40.881297603630664,42.750267028808594,152500,0.0,0.0,0.0
2025-06-24 00:00:00-04:00,43.78311682547611,45.31764221191406,43.73393411327754,45.31764221191406,21700,0.0,0.0,0.0
2025-06-25 00:00:00-04:00,46.27564581337375,46.40364333217079,45.18373634802448,45.3895149230957,16300,0.043,0.0,0.0
2025-06-26 00:00:00-04:00,45.172908131364714,47.48668892275388,44.7396869151378,47.27992630004883,32300,0.0,0.0,0.0
2025-06-27 00:00:00-04:00,47.663915101045625,48.15620920609914,46.610406016703564,47.27992630004883,22300,0.0,0.0,0.0
2025-06-30 00:00:00-04:00,48.13651853690752,49.431254478553555,47.84114281557174,49.27864074707031,48600,0.0,0.0,0.0
2025-07-01 00:00:00-04:00,48.84542326558731,50.21400032043457,48.43189425105374,49.22941207885742,69300,0.0,0.0,0.0
2025-07-02 00:00:00-04:00,50.09584784797285,53.088993072509766,50.09584784797285,53.088993072509766,36100,0.0,0.0,0.0
2025-07-03 00:00:00-04:00,53.532060571218764,55.166476869280636,53.47003178366642,54.23112106323242,31800,0.0,0.0,0.0
2025-07-07 00:00:00-04:00,53.6206739107844,53.6206739107844,50.97213293377316,52.98069381713867,57400,0.0,0.0,0.0
2025-07-08 00:00:00-04:00,54.14250663720734,55.23539638155381,52.906847397597986,53.02007293701172,24000,0.0,0.0,0.0
2025-07-09 00:00:00-04:00,53.91604706962341,54.223238852125576,52.24225016880065,54.191734313964844,35600,0.0,0.0,0.0
2025-07-10 00:00:00-04:00,54.162194462293634,55.60954029768454,53.492677951209544,55.02863311767578,38500,0.0,0.0,0.0
2025-07-11 00:00:00-04:00,55.993529420915955,56.40705841457923,53.88651129122438,54.07358169555664,69000,0.0,0.0,0.0
2025-07-14 00:00:00-04:00,55.08771062405539,57.27940191733976,54.9104844473163,55.304317474365234,79000,0.0,0.0,0.0
2025-07-15 00:00:00-04:00,55.09755431653573,55.09755431653573,53.66005645779925,54.07358169555664,62800,0.0,0.0,0.0
2025-07-16 00:00:00-04:00,55.10740323395314,56.456288028001225,55.10740323395314,56.19044876098633,87800,0.0,0.0,0.0
2025-07-17 00:00:00-04:00,56.21998425897475,57.858340452676316,55.52092754409532,57.509796142578125,77000,0.0,0.0,0.0
2025-07-18 00:00:00-04:00,58.58299818352725,59.7251203508186,56.283985626818016,57.49010467529297,74800,0.0,0.0,0.0
2025-07-21 00:00:00-04:00,58.46484996225071,60.74909434807976,56.85012587115493,56.90919876098633,129000,0.0,0.0,0.0
2025-07-22 00:00:00-04:00,57.874093896897854,58.730688345552075,55.629233975527534,58.523921966552734,62900,0.0,0.0,0.0
2025-07-23 00:00:00-04:00,58.208852334291215,58.3270056205176,56.52520744257659,58.07101058959961,73200,0.0,0.0,0.0
2025-07-24 00:00:00-04:00,58.21870021909172,58.917756926483406,57.529487740915684,57.87409210205078,50200,0.0,0.0,0.0
2025-07-25 00:00:00-04:00,57.421184326449534,57.421184326449534,55.94430200579825,56.879661560058594,47000,0.0,0.0,0.0
2025-07-28 00:00:00-04:00,57.657488271506956,57.657488271506956,55.388012094170186,55.855690002441406,66200,0.0,0.0,0.0
2025-07-29 00:00:00-04:00,55.963993603669365,55.963993603669365,52.89207946224225,53.6108283996582,68900,0.0,0.0,0.0
2025-07-30 00:00:00-04:00,53.94558927404081,54.53634070147536,52.67546957355997,53.492679595947266,79900,0.0,0.0,0.0
2025-07-31 00:00:00-04:00,54.29019385190237,55.44905610990995,53.95543370685351,53.9849739074707,28500,0.0,0.0,0.0
2025-08-01 00:00:00-04:00,51.55303912581769,51.87007514633737,49.63309137074991,50.519222259521484,69300,0.0,0.0,0.0
2025-08-04 00:00:00-04:00,51.19858851244501,53.0594596862793,50.706294392133046,53.0594596862793,35100,0.0,0.0,0.0
2025-08-05 00:00:00-04:00,52.754237176037094,52.754237176037094,51.1592015993588,52.33086395263672,31100,0.0,0.0,0.0
2025-08-06 00:00:00-04:00,52.458858989244064,53.64036560058594,51.85825957605076,53.64036560058594,31500,0.0,0.0,0.0
2025-08-07 00:00:00-04:00,54.69387534609893,55.23539812063337,52.60654935317595,53.32529830932617,53100,0.0,0.0,0.0
2025-08-08 00:00:00-04:00,53.699442602525814,53.79789992249768,51.76965058619165,52.6853141784668,35300,0.0,0.0,0.0
2025-08-11 00:00:00-04:00,53.71913276027326,54.575723430120505,52.8428461200988,52.843833923339844,67000,0.0,0.0,0.0
2025-08-12 00:00:00-04:00,53.285913961163935,53.73783959821121,52.82316004703472,53.47298812866211,33700,0.0,0.0,0.0
2025-08-13 00:00:00-04:00,54.12281408036904,54.653504801868365,53.32529629324987,53.92589569091797,57500,0.0,0.0,0.0
2025-08-14 00:00:00-04:00,53.16776338356167,54.73325878898056,52.488398870231194,54.69387435913086,46700,0.0,0.0,0.0
2025-08-15 00:00:00-04:00,54.88094744840832,54.88094744840832,52.8428464365105,53.97512435913086,71800,0.0,0.0,0.0
2025-08-18 00:00:00-04:00,54.12281438975913,56.79104750215153,53.975124657850095,56.35783004760742,53400,0.0,0.0,0.0
2025-08-19 00:00:00-04:00,56.54489977468464,56.54489977468464,52.67546790650098,53.13822555541992,37500,0.0,0.0,0.0
2025-08-20 00:00:00-04:00,53.118534392761596,53.80774688720703,50.55860280709368,53.80774688720703,30200,0.0,0.0,0.0
2025-08-21 00:00:00-04:00,53.079151909159314,53.60098247487241,52.4490160360176,53.10868835449219,33100,0.0,0.0,0.0
2025-08-22 00:00:00-04:00,53.029919988691745,56.27906023230383,52.32101529702881,55.93445587158203,29300,0.0,0.0,0.0
2025-08-25 00:00:00-04:00,55.107402386185775,56.34798185726438,54.103121978214574,55.914764404296875,21700,0.0,0.0,0.0
2025-08-26 00:00:00-04:00,55.757231069714734,57.460568212706285,55.62923355148244,57.39164733886719,33400,0.0,0.0,0.0
2025-08-27 00:00:00-04:00,57.31287989106262,57.93317152679572,56.62366737979319,57.20457458496094,24300,0.0,0.0,0.0
2025-08-28 00:00:00-04:00,57.94301442564505,58.553461817669024,57.490104752264116,57.588565826416016,33300,0.0,0.0,0.0
2025-08-29 00:00:00-04:00,58.79961013793945,59.78419836526781,57.53933465294306,58.79961013793945,41100,0.0,0.0,0.0
2025-09-02 00:00:00-04:00,57.37195619884511,60.69001745835017,56.40706019111598,60.123878479003906,51300,0.0,0.0,0.0
2025-09-03 00:00:00-04:00,61.03462511541383,61.04446934496762,58.403804532918585,58.96698760986328,48300,0.0,0.0,0.0
2025-09-04 00:00:00-04:00,58.563304081374106,58.60564065168067,56.603975720343016,56.692588806152344,48000,0.0,0.0,0.0
2025-09-05 00:00:00-04:00,58.03162786248593,58.16947336712534,55.04832678205017,56.633514404296875,42000,0.0,0.0,0.0
2025-09-08 00:00:00-04:00,57.01750276952214,57.933170100134056,56.14121986850569,57.39164733886719,40900,0.0,0.0,0.0
2025-09-09 00:00:00-04:00,58.49438356423662,62.58042600945474,58.49438356423662,62.560733795166016,71200,0.0,0.0,0.0
2025-09-10 00:00:00-04:00,63.5945519101635,66.20864004226475,63.37597319693356,65.80987548828125,80700,0.0,0.0,0.0
2025-09-11 00:00:00-04:00,66.21355456468179,67.68846872798703,65.29690321695986,66.5089340209961,80300,0.0,0.0,0.0
2025-09-12 00:00:00-04:00,67.09968499795825,69.05901334448573,66.36616411022526,68.96055603027344,81100,0.0,0.0,0.0
2025-09-15 00:00:00-04:00,70.15191216873653,71.13650040970126,69.07871459175482,70.91004180908203,117600,0.0,0.0,0.0
2025-09-16 00:00:00-04:00,71.5697179483043,72.89891050269128,69.65961445556626,72.80045318603516,84300,0.0,0.0,0.0
2025-09-17 00:00:00-04:00,71.88478374043022,75.16345660769808,70.58512766833725,74.7007064819336,127000,0.0,0.0,0.0
2025-09-18 00:00:00-04:00,76.33511918031617,76.77818836136147,74.58255344965956,75.29145812988281,127900,0.0,0.0,0.0
2025-09-19 00:00:00-04:00,75.19300557845332,77.00464430993858,74.98624295226068,75.81329345703125,295600,0.0,0.0,0.0
2025-09-22 00:00:00-04:00,75.5277597703709,78.08276734617932,73.53889491552361,77.81200408935547,99900,0.0,0.0,0.0
2025-09-23 00:00:00-04:00,79.47596444614702,79.95841058354434,75.26192795371807,75.87236785888672,149400,0.0,0.0,0.0
2025-09-24 00:00:00-04:00,77.57570833184323,79.98696246775452,77.306913158257,78.3239974975586,122300,0.0,0.0,0.0
2025-09-25 00:00:00-04:00,75.38006795756272,76.42373652671037,71.80601560157884,73.13520812988281,143700,0.0,0.0,0.0
2025-09-26 00:00:00-04:00,73.0859873676834,73.09090760456421,69.9254525498177,71.98324584960938,109900,0.0,0.0,0.0
2025-09-29 00:00:00-04:00,73.54873815979559,77.44968227609077,73.54873815979559,77.33940887451172,115400,0.0,0.0,0.0
2025-09-30 00:00:00-04:00,77.1326386837543,77.79231850983531,76.05944111383727,77.38863372802734,64000,0.0,0.0,0.0
2025-10-01 00:00:00-04:00,78.49137148170576,80.1257839662372,77.54616772345655,79.22981262207031,110200,0.0,0.0,0.0
2025-10-02 00:00:00-04:00,81.27775790459921,82.99093924800036,80.17993666673848,82.81371307373047,155000,0.0,0.0,0.0
2025-10-03 00:00:00-04:00,84.79273665149957,87.34773666523206,83.16816465432815,84.62535095214844,185400,0.0,0.0,0.0
2025-10-06 00:00:00-04:00,88.60309229977192,90.7790313764721,87.76619381055062,90.59196472167969,239700,0.0,0.0,0.0
2025-10-07 00:00:00-04:00,93.02389897508266,93.02389897508266,86.64376396009644,91.03502655029297,297000,0.0,0.0,0.0
2025-10-08 00:00:00-04:00,92.39375404812718,95.14961999430957,90.69042065093677,94.65830993652344,174200,0.0,0.0,0.0
2025-10-09 00:00:00-04:00,95.44598425843601,96.79289721482577,92.72851867339922,96.57825469970703,188000,0.0,0.0,0.0
2025-10-10 00:00:00-04:00,99.74863105385087,104.00205190170496,90.53288463153169,91.42886352539062,421100,0.0,0.0,0.0
2025-10-13 00:00:00-04:00,95.18013812738835,99.74862670898438,92.29529444225099,99.74862670898438,215000,0.0,0.0,0.0
2025-10-14 00:00:00-04:00,96.04658043207974,105.80384543731734,92.61036225861919,102.79100799560547,226000,0.0,0.0,0.0
2025-10-15 00:00:00-04:00,107.1921183949295,107.95024799210968,101.22550888636933,106.42413330078125,338400,0.0,0.0,0.0
2025-10-16 00:00:00-04:00,105.97122912805818,105.97122912805818,96.78502659588091,97.08039855957031,290200,0.0,0.0,0.0
2025-10-17 00:00:00-04:00,91.86208302496401,94.97337786334438,90.26704742003875,94.65830993652344,292700,0.0,0.0,0.0
2025-10-20 00:00:00-04:00,100.22123208139756,103.44083213565159,97.769609608242,99.05941772460938,165900,0.0,0.0,0.0
2025-10-21 00:00:00-04:00,98.30128488014597,98.74927432581987,93.35865529072393,94.7173843383789,156200,0.0,0.0,0.0
2025-10-22 00:00:00-04:00,91.49778555147982,93.51619445058286,83.52754253739893,86.47638702392578,218000,0.0,0.0,0.0
2025-10-23 00:00:00-04:00,87.8055765063112,91.40719733920294,86.86037273002505,89.99136352539062,153800,0.0,0.0,0.0
2025-10-24 00:00:00-04:00,94.35308976419114,97.79914849177902,93.58511216393288,97.74991607666016,129200,0.0,0.0,0.0
2025-10-27 00:00:00-04:00,100.45753289133125,100.79229678563075,97.78929976949443,99.61078643798828,193500,0.0,0.0,0.0
2025-10-28 00:00:00-04:00,98.67543365922782,100.16216399053938,95.09645333817525,95.55429077148438,122900,0.0,0.0,0.0
2025-10-29 00:00:00-04:00,96.46010775787427,96.56446936026049,91.49778229748817,93.77217864990234,154600,0.0,0.0,0.0
2025-10-30 00:00:00-04:00,90.78888050563808,92.79744141215686,89.48922433222147,89.76490783691406,85300,0.0,0.0,0.0
2025-10-31 00:00:00-04:00,92.93528375310702,93.99864085949503,89.43999248207338,91.24179077148438,124900,0.0,0.0,0.0
2025-11-03 00:00:00-05:00,97.39546546495487,98.45882255134427,91.56670497275017,94.42201232910156,160400,0.0,0.0,0.0
2025-11-04 00:00:00-05:00,89.31199615453183,94.64157414981922,87.04744776526046,88.57355499267578,167200,0.0,0.0,0.0
2025-11-05 00:00:00-05:00,90.98579955008805,93.75741023670524,89.78558478650314,93.37834167480469,101900,0.0,0.0,0.0
2025-11-06 00:00:00-05:00,92.7285174617769,92.7285174617769,86.00377821774744,86.25977325439453,126500,0.0,0.0,0.0
2025-11-07 00:00:00-05:00,83.03032497686578,86.67329832390097,80.3030114474471,85.96439361572266,130700,0.0,0.0,0.0
2025-11-10 00:00:00-05:00,90.33597023877924,90.47381199024223,84.07398848558756,84.45797729492188,104100,0.0,0.0,0.0
2025-11-11 00:00:00-05:00,82.80386866095098,82.80386866095098,79.37750582632518,80.2833251953125,94900,0.0,0.0,0.0
2025-11-12 00:00:00-05:00,81.42543898501997,81.46482341339733,75.59667879777872,77.06371307373047,155900,0.0,0.0,0.0
2025-11-13 00:00:00-05:00,73.85396517142848,74.66132721885441,68.12366197828058,68.54703521728516,227100,0.0,0.0,0.0
2025-11-14 00:00:00-05:00,64.68744268613949,69.44300556487808,63.66347755348226,66.08556365966797,195500,0.0,0.0,0.0
2025-11-17 00:00:00-05:00,65.19942938627585,67.75935710891208,63.51578452817496,65.2781982421875,153000,0.0,0.0,0.0
2025-11-18 00:00:00-05:00,64.15577332807152,68.20242408385676,63.94900318726394,66.73538970947266,179000,0.0,0.0,0.0
2025-11-19 00:00:00-05:00,67.15876350208077,67.8085953515024,63.27948340075237,64.13607788085938,102200,0.0,0.0,0.0
2025-11-20 00:00:00-05:00,67.97597168428518,69.4823904606367,61.48753515717904,61.64506912231445,179300,0.0,0.0,0.0
2025-11-21 00:00:00-05:00,60.74909368210481,62.26536043625518,57.78942099382418,60.857398986816406,167500,0.0,0.0,0.0
2025-11-24 00:00:00-05:00,62.17674627434101,67.44429163706315,62.17674627434101,67.30644989013672,147100,0.0,0.0,0.0
2025-11-25 00:00:00-05:00,66.05601578548612,67.71012418816669,63.79638777012588,67.5821304321289,92400,0.0,0.0,0.0
2025-11-26 00:00:00-05:00,69.12793523510102,72.15062064804704,67.69043739332918,71.27433776855469,92700,0.0,0.0,0.0
2025-11-28 00:00:00-05:00,73.46012774111828,75.9471985479067,73.2829015609349,74.77947235107422,94800,0.0,0.0,0.0
2025-12-01 00:00:00-05:00,70.65405004892439,72.57399399924365,69.79745562626796,71.61894226074219,96800,0.0,0.0,0.0
2025-12-02 00:00:00-05:00,72.67245501307364,73.46012860353866,69.12793887960524,69.13778686523438,83200,0.0,0.0,0.0
2025-12-03 00:00:00-05:00,69.40361893778638,71.8700171445222,68.67502578544874,71.76663208007812,52900,0.0,0.0,0.0
2025-12-04 00:00:00-05:00,71.16603349883029,74.09026163847805,70.21098174824508,73.53889465332031,77500,0.0,0.0,0.0
2025-12-05 00:00:00-05:00,72.48538744083436,72.48538744083436,69.94514803109399,70.75251007080078,50800,0.0,0.0,0.0
2025-12-08 00:00:00-05:00,71.74694502959527,71.93401168006211,69.9156103717663,71.57955932617188,72600,0.0,0.0,0.0
2025-12-09 00:00:00-05:00,70.97896377428884,75.51791623570836,70.39806030887847,73.76535034179688,51300,0.0,0.0,0.0
2025-12-10 00:00:00-05:00,72.76106705853977,74.35609508184649,71.52048386455887,72.44599914550781,54100,0.0,0.0,0.0
2025-12-11 00:00:00-05:00,70.87000274658203,72.70999908447266,68.97000122070312,72.70999908447266,62900,1.134,0.0,0.0
2025-12-12 00:00:00-05:00,71.97000122070312,73.22000122070312,67.83000183105469,67.94999694824219,66800,0.0,0.0,0.0
2025-12-15 00:00:00-05:00,67.94000244140625,67.94000244140625,61.70000076293945,61.81999969482422,108700,0.0,0.0,0.0
2025-12-16 00:00:00-05:00,61.650001525878906,62.939998626708984,60.0,62.439998626708984,142100,0.0,0.0,0.0
2025-12-17 00:00:00-05:00,63.56999969482422,65.08999633789062,60.2400016784668,60.2400016784668,75500,0.0,0.0,0.0
2025-12-18 00:00:00-05:00,62.540000915527344,64.04000091552734,60.61000061035156,60.849998474121094,52400,0.0,0.0,0.0
2025-12-19 00:00:00-05:00,62.18000030517578,65.5199966430664,62.18000030517578,65.3499984741211,101800,0.0,0.0,0.0
2025-12-22 00:00:00-05:00,67.66000366210938,68.45700073242188,66.31999969482422,66.5,92600,0.0,0.0,0.0
2025-12-23 00:00:00-05:00,65.41999816894531,66.22000122070312,64.77999877929688,65.05000305175781,77900,0.0,0.0,0.0
2025-12-24 00:00:00-05:00,64.8499984741211,65.41999816894531,64.3499984741211,65.3499984741211,17400,0.0,0.0,0.0
2025-12-26 00:00:00-05:00,65.70999908447266,65.70999908447266,63.0,63.20000076293945,171100,0.0,0.0,0.0
2025-12-29 00:00:00-05:00,62.18000030517578,64.55500030517578,61.93000030517578,62.08000183105469,82000,0.0,0.0,0.0
2025-12-30 00:00:00-05:00,62.43000030517578,62.66899871826172,60.845001220703125,60.86000061035156,127000,0.0,0.0,0.0
2025-12-31 00:00:00-05:00,60.849998474121094,61.51900100708008,59.65999984741211,59.959999084472656,94500,0.0,0.0,0.0
2026-01-02 00:00:00-05:00,61.43000030517578,64.88099670410156,60.779998779296875,64.69499969482422,110900,0.0,0.0,0.0
2026-01-05 00:00:00-05:00,67.06999969482422,70.3499984741211,66.97000122070312,69.77999877929688,161100,0.0,0.0,0.0
2026-01-06 00:00:00-05:00,70.16999816894531,70.20999908447266,66.62999725341797,69.12000274658203,134500,0.0,0.0,0.0
2026-01-07 00:00:00-05:00,68.7699966430664,69.38999938964844,67.69999694824219,67.72000122070312,86900,0.0,0.0,0.0
2026-01-08 00:00:00-05:00,67.0,69.51000213623047,66.6520004272461,68.51499938964844,115500,0.0,0.0,0.0
2026-01-09 00:00:00-05:00,69.20999908447266,70.37999725341797,67.88999938964844,68.08999633789062,91700,0.0,0.0,0.0
2026-01-12 00:00:00-05:00,67.9800033569336,71.12999725341797,67.62000274658203,70.67900085449219,107800,0.0,0.0,0.0
2026-01-13 00:00:00-05:00,71.7699966430664,72.70999908447266,70.87000274658203,72.14399719238281,235100,0.0,0.0,0.0
2026-01-14 00:00:00-05:00,73.20999908447266,74.44000244140625,71.91000366210938,73.38999938964844,149400,0.0,0.0,0.0
2026-01-15 00:00:00-05:00,74.16999816894531,74.16999816894531,71.63999938964844,72.45999908447266,103300,0.0,0.0,0.0
2026-01-16 00:00:00-05:00,72.88999938964844,75.7699966430664,72.06999969482422,75.12999725341797,58200,0.0,0.0,0.0
2026-01-20 00:00:00-05:00,71.19000244140625,73.13700103759766,70.30000305175781,71.0,597600,0.0,0.0,0.0
2026-01-21 00:00:00-05:00,71.5,73.69000244140625,68.4000015258789,71.12000274658203,288200,0.0,0.0,0.0
2026-01-22 00:00:00-05:00,72.0,72.11000061035156,69.69000244140625,69.86000061035156,132500,0.0,0.0,0.0
2026-01-23 00:00:00-05:00,69.45999908447266,73.09500122070312,67.7300033569336,71.22000122070312,593900,0.0,0.0,0.0
2026-01-26 00:00:00-05:00,70.73999786376953,71.16000366210938,68.75,68.80999755859375,148200,0.0,0.0,0.0
2026-01-27 00:00:00-05:00,69.31999969482422,72.19999694824219,68.80000305175781,71.94000244140625,179700,0.0,0.0,0.0
2026-01-28 00:00:00-05:00,72.45999908447266,73.19999694824219,70.38999938964844,71.68000030517578,211400,0.0,0.0,0.0
2026-01-29 00:00:00-05:00,71.08000183105469,71.08000183105469,66.91999816894531,68.33000183105469,421500,0.0,0.0,0.0
2026-01-30 00:00:00-05:00,67.33000183105469,67.90499877929688,64.44999694824219,65.23999786376953,186400,0.0,0.0,0.0
2026-02-02 00:00:00-05:00,63.209999084472656,65.12999725341797,62.619998931884766,63.5,193400,0.0,0.0,0.0
2026-02-03 00:00:00-05:00,63.5,64.37999725341797,59.81999969482422,62.439998626708984,583800,0.0,0.0,0.0
2026-02-04 00:00:00-05:00,61.33000183105469,61.54999923706055,56.36000061035156,58.2599983215332,314000,0.0,0.0,0.0
2026-02-05 00:00:00-05:00,55.70000076293945,57.18000030517578,51.1870002746582,51.41999816894531,399200,0.0,0.0,0.0
2026-02-06 00:00:00-05:00,54.869998931884766,58.68000030517578,54.34000015258789,58.45000076293945,220300,0.0,0.0,0.0
2026-02-09 00:00:00-05:00,57.709999084472656,61.83000183105469,57.709999084472656,61.58000183105469,156400,0.0,0.0,0.0
2026-02-10 00:00:00-05:00,60.709999084472656,61.849998474121094,59.79999923706055,59.79999923706055,108600,0.0,0.0,0.0
2026-02-11 00:00:00-05:00,60.09000015258789,60.09000015258789,56.93000030517578,58.41999816894531,133500,0.0,0.0,0.0
2026-02-12 00:00:00-05:00,58.779998779296875,58.779998779296875,55.61000061035156,56.189998626708984,138700,0.0,0.0,0.0
2026-02-13 00:00:00-05:00,57.29999923706055,59.36000061035156,56.099998474121094,58.18000030517578,79000,0.0,0.0,0.0
2026-02-17 00:00:00-05:00,57.189998626708984,57.529998779296875,55.4900016784668,56.459999084472656,116300,0.0,0.0,0.0
2026-02-18 00:00:00-05:00,56.310001373291016,58.119998931884766,55.869998931884766,56.43000030517578,63700,0.0,0.0,0.0
2026-02-19 00:00:00-05:00,55.29999923706055,56.81999969482422,54.51499938964844,56.689998626708984,70500,0.0,0.0,0.0
2026-02-20 00:00:00-05:00,56.36000061035156,58.0,55.310001373291016,55.56999969482422,105200,0.0,0.0,0.0
2026-02-23 00:00:00-05:00,54.63999938964844,55.47999954223633,54.150001525878906,55.119998931884766,123300,0.0,0.0,0.0
2026-02-24 00:00:00-05:00,54.380001068115234,57.81999969482422,54.279998779296875,57.56999969482422,107800,0.0,0.0,0.0
2026-02-25 00:00:00-05:00,59.25,60.06999969482422,58.939998626708984,58.939998626708984,81500,0.0,0.0,0.0
2026-02-26 00:00:00-05:00,58.88999938964844,59.63999938964844,57.279998779296875,58.68000030517578,135600,0.0,0.0,0.0
2026-02-27 00:00:00-05:00,57.70000076293945,57.77000045776367,55.77000045776367,56.630001068115234,71900,0.0,0.0,0.0
2026-03-02 00:00:00-05:00,55.0099983215332,58.720001220703125,55.0099983215332,57.75,109500,0.0,0.0,0.0
2026-03-03 00:00:00-05:00,55.77000045776367,56.33000183105469,53.95000076293945,55.11000061035156,128300,0.0,0.0,0.0
2026-03-04 00:00:00-05:00,57.310001373291016,60.09000015258789,57.310001373291016,59.68000030517578,52500,0.0,0.0,0.0
2026-03-05 00:00:00-05:00,58.779998779296875,59.43299865722656,56.130001068115234,57.529998779296875,146400,0.0,0.0,0.0
2026-03-06 00:00:00-05:00,55.900001525878906,56.209999084472656,53.90999984741211,54.11000061035156,99100,0.0,0.0,0.0
2026-03-09 00:00:00-04:00,53.72999954223633,55.97999954223633,53.0,55.869998931884766,75600,0.0,0.0,0.0
2026-03-10 00:00:00-04:00,56.11000061035156,57.0,55.58000183105469,55.88999938964844,86800,0.0,0.0,0.0
2026-03-11 00:00:00-04:00,56.0099983215332,57.63999938964844,55.58000183105469,56.61000061035156,101200,0.0,0.0,0.0
2026-03-12 00:00:00-04:00,55.59000015258789,55.720001220703125,54.15999984741211,55.209999084472656,65900,0.0,0.0,0.0
2026-03-13 00:00:00-04:00,56.880001068115234,58.130001068115234,55.56999969482422,55.7599983215332,115600,0.0,0.0,0.0
2026-03-16 00:00:00-04:00,58.2599983215332,58.619998931884766,57.119998931884766,58.060001373291016,108500,0.0,0.0,0.0
2026-03-17 00:00:00-04:00,57.81999969482422,59.457000732421875,57.630001068115234,58.720001220703125,89500,0.0,0.0,0.0
2026-03-18 00:00:00-04:00,57.630001068115234,58.41999816894531,56.560001373291016,56.650001525878906,53700,0.0,0.0,0.0
2026-03-19 00:00:00-04:00,55.34000015258789,57.25,54.470001220703125,56.70000076293945,98700,0.0,0.0,0.0
2026-03-20 00:00:00-04:00,56.279998779296875,56.47999954223633,53.70000076293945,54.459999084472656,312600,0.0,0.0,0.0
2026-03-23 00:00:00-04:00,55.08000183105469,57.43000030517578,55.08000183105469,56.52000045776367,198000,0.0,0.0,0.0
2026-03-24 00:00:00-04:00,55.59000015258789,56.33000183105469,54.33000183105469,55.09199905395508,62300,0.0,0.0,0.0
2026-03-25 00:00:00-04:00,56.65999984741211,57.5,55.66999816894531,56.34400177001953,59000,0.0,0.0,0.0
2026-03-26 00:00:00-04:00,55.22999954223633,56.20000076293945,53.29999923706055,53.4900016784668,109500,0.0,0.0,0.0
2026-03-27 00:00:00-04:00,52.5099983215332,52.5099983215332,50.20000076293945,50.7400016784668,82000,0.0,0.0,0.0
2026-03-30 00:00:00-04:00,51.68000030517578,51.814998626708984,48.349998474121094,48.84000015258789,103400,0.0,0.0,0.0
2026-03-31 00:00:00-04:00,49.970001220703125,52.060001373291016,49.34000015258789,51.97999954223633,103100,0.0,0.0,0.0
2026-04-01 00:00:00-04:00,52.849998474121094,53.380001068115234,51.91999816894531,52.209999084472656,69300,0.0,0.0,0.0
2026-04-02 00:00:00-04:00,49.970001220703125,52.79999923706055,49.75,52.77000045776367,112200,0.0,0.0,0.0
2026-04-06 00:00:00-04:00,53.099998474121094,54.68000030517578,53.099998474121094,54.13999938964844,71300,0.0,0.0,0.0
2026-04-07 00:00:00-04:00,53.33000183105469,54.290000915527344,52.27000045776367,54.290000915527344,68500,0.0,0.0,0.0
2026-04-08 00:00:00-04:00,57.83000183105469,58.08000183105469,56.27000045776367,57.38999938964844,75500,0.0,0.0,0.0
2026-04-09 00:00:00-04:00,56.65999984741211,58.65999984741211,56.220001220703125,57.64500045776367,92400,0.0,0.0,0.0
2026-04-10 00:00:00-04:00,58.06999969482422,59.334999084472656,57.88999938964844,58.220001220703125,71700,0.0,0.0,0.0
2026-04-13 00:00:00-04:00,57.04999923706055,60.869998931884766,56.7400016784668,60.779998779296875,83100,0.0,0.0,0.0
2026-04-14 00:00:00-04:00,62.689998626708984,64.58999633789062,62.36000061035156,63.630001068115234,78300,0.0,0.0,0.0
2026-04-15 00:00:00-04:00,63.9900016784668,64.88999938964844,63.130001068115234,64.88999938964844,538600,0.0,0.0,0.0
2026-04-16 00:00:00-04:00,65.02999877929688,65.0999984741211,62.380001068115234,64.51000213623047,70200,0.0,0.0,0.0
2026-04-17 00:00:00-04:00,66.22000122070312,68.43299865722656,65.73999786376953,67.5199966430664,135900,0.0,0.0,0.0
2026-04-20 00:00:00-04:00,66.0999984741211,68.36000061035156,65.95999908447266,68.16000366210938,93000,0.0,0.0,0.0
2026-04-21 00:00:00-04:00,68.54000091552734,68.54000091552734,65.36000061035156,65.55000305175781,172600,0.0,0.0,0.0
2026-04-22 00:00:00-04:00,67.80999755859375,69.04000091552734,67.71399688720703,68.20999908447266,86000,0.0,0.0,0.0
2026-04-23 00:00:00-04:00,67.61000061035156,68.91999816894531,65.5999984741211,66.95999908447266,92700,0.0,0.0,0.0
2026-04-24 00:00:00-04:00,67.87999725341797,68.1500015258789,66.19000244140625,66.62000274658203,122800,0.0,0.0,0.0
2026-04-27 00:00:00-04:00,66.62999725341797,66.91000366210938,64.72000122070312,65.4000015258789,85100,0.0,0.0,0.0
2026-04-28 00:00:00-04:00,63.86000061035156,64.26000213623047,62.47999954223633,63.90999984741211,98200,0.0,0.0,0.0
2026-04-29 00:00:00-04:00,63.7400016784668,63.7400016784668,61.279998779296875,61.869998931884766,93100,0.0,0.0,0.0
2026-04-30 00:00:00-04:00,62.66999816894531,65.1500015258789,62.66999816894531,64.93000030517578,83500,0.0,0.0,0.0
2026-05-01 00:00:00-04:00,65.76000213623047,67.3499984741211,65.76000213623047,66.16999816894531,130600,0.0,0.0,0.0
2026-05-04 00:00:00-04:00,66.5,68.5999984741211,66.41999816894531,68.16000366210938,118700,0.0,0.0,0.0
2026-05-05 00:00:00-04:00,69.26000213623047,71.18000030517578,68.55000305175781,71.1500015258789,61800,0.0,0.0,0.0
2026-05-06 00:00:00-04:00,73.62999725341797,76.30999755859375,73.19000244140625,76.30999755859375,324500,0.0,0.0,0.0
2026-05-07 00:00:00-04:00,74.87000274658203,74.87000274658203,71.2249984741211,72.80999755859375,149700,0.0,0.0,0.0
2026-05-08 00:00:00-04:00,73.8499984741211,74.13999938964844,71.55999755859375,73.62000274658203,110400,0.0,0.0,0.0
2026-05-11 00:00:00-04:00,72.55999755859375,76.6050033569336,71.25,74.76000213623047,133500,0.0,0.0,0.0
2026-05-12 00:00:00-04:00,73.23999786376953,73.76499938964844,70.29000091552734,73.09300231933594,169300,0.0,0.0,0.0
2026-05-13 00:00:00-04:00,73.41000366210938,74.19999694824219,71.47000122070312,73.41999816894531,115400,0.0,0.0,0.0
2026-05-14 00:00:00-04:00,73.18000030517578,76.6500015258789,71.80500030517578,76.06999969482422,92500,0.0,0.0,0.0
2026-05-15 00:00:00-04:00,73.69000244140625,73.69000244140625,70.42500305175781,71.11000061035156,75200,0.0,0.0,0.0
2026-05-18 00:00:00-04:00,71.9000015258789,71.9000015258789,68.43000030517578,70.24299621582031,113400,0.0,0.0,0.0
2026-05-19 00:00:00-04:00,68.76000213623047,70.1500015258789,67.18000030517578,69.4800033569336,167200,0.0,0.0,0.0
2026-05-20 00:00:00-04:00,70.26000213623047,73.08000183105469,69.5999984741211,72.03500366210938,125400,0.0,0.0,0.0
2026-05-21 00:00:00-04:00,72.12000274658203,74.9000015258789,71.69999694824219,74.87999725341797,102500,0.0,0.0,0.0
2026-05-22 00:00:00-04:00,75.0,76.08999633789062,73.88999938964844,74.76000213623047,180600,0.0,0.0,0.0
2026-05-26 00:00:00-04:00,76.41999816894531,78.0,75.69999694824219,76.5999984741211,164700,0.0,0.0,0.0
2026-05-27 00:00:00-04:00,76.19999694824219,79.19000244140625,74.95999908447266,78.73999786376953,141300,0.0,0.0,0.0
2026-05-28 00:00:00-04:00,77.61000061035156,81.13999938964844,76.65499877929688,80.9000015258789,86500,0.0,0.0,0.0
2026-05-29 00:00:00-04:00,80.27999877929688,80.65499877929688,77.9000015258789,80.52999877929688,121800,0.0,0.0,0.0
2026-06-01 00:00:00-04:00,78.86000061035156,83.5199966430664,78.0,82.43000030517578,130500,0.0,0.0,0.0
2026-06-02 00:00:00-04:00,81.30999755859375,83.2300033569336,79.87000274658203,80.7300033569336,128900,0.0,0.0,0.0
2026-06-03 00:00:00-04:00,80.16000366210938,81.80000305175781,78.86000061035156,79.1500015258789,223000,0.0,0.0,0.0
2026-06-04 00:00:00-04:00,76.7699966430664,79.58999633789062,76.19000244140625,78.73999786376953,122600,0.0,0.0,0.0
2026-06-05 00:00:00-04:00,76.20999908447266,76.20999908447266,69.25,71.48999786376953,391300,0.0,0.0,0.0
2026-06-08 00:00:00-04:00,73.55000305175781,76.33000183105469,72.7699966430664,75.58000183105469,387400,0.0,0.0,0.0
2026-06-09 00:00:00-04:00,76.43000030517578,77.9000015258789,70.37000274658203,73.4800033569336,351300,0.0,0.0,0.0
2026-06-10 00:00:00-04:00,72.1500015258789,74.93000030517578,70.08499908447266,70.08499908447266,157400,0.0,0.0,0.0
2026-06-11 00:00:00-04:00,70.52999877929688,75.11000061035156,69.95999908447266,74.9000015258789,174900,0.0,0.0,0.0
2026-06-12 00:00:00-04:00,74.94000244140625,78.04000091552734,74.62000274658203,75.87999725341797,254200,0.0,0.0,0.0
2026-06-15 00:00:00-04:00,79.81999969482422,80.34500122070312,78.69000244140625,78.8499984741211,124700,0.0,0.0,0.0
2026-06-16 00:00:00-04:00,78.55000305175781,80.8499984741211,78.31999969482422,78.44000244140625,121000,0.0,0.0,0.0
2026-06-17 00:00:00-04:00,77.91000366210938,81.07499694824219,77.0999984741211,77.22000122070312,113200,0.0,0.0,0.0
2026-06-18 00:00:00-04:00,79.04000091552734,79.53500366210938,77.40499877929688,78.94999694824219,86300,0.0,0.0,0.0
2026-06-22 00:00:00-04:00,79.37999725341797,84.08000183105469,78.95999908447266,78.95999908447266,80400,0.0,0.0,0.0
2026-06-23 00:00:00-04:00,75.5999984741211,79.81999969482422,75.20999908447266,77.26000213623047,108500,0.0,0.0,0.0
2026-06-24 00:00:00-04:00,77.77999877929688,77.77999877929688,72.12000274658203,73.77999877929688,245400,0.0,0.0,0.0
2026-06-25 00:00:00-04:00,75.0,75.44999694824219,70.0,71.30000305175781,145600,0.0,0.0,0.0
2026-06-26 00:00:00-04:00,70.02999877929688,73.58999633789062,69.4800033569336,72.94000244140625,176200,0.0,0.0,0.0
2026-06-29 00:00:00-04:00,74.05999755859375,74.19999694824219,68.9800033569336,71.31999969482422,118200,0.0,0.0,0.0
2026-06-30 00:00:00-04:00,70.01000213623047,70.4800033569336,69.0199966430664,69.94999694824219,206100,0.0,0.0,0.0
2026-07-01 00:00:00-04:00,68.8499984741211,70.37999725341797,67.38999938964844,68.87999725341797,194200,0.0,0.0,0.0
2026-07-02 00:00:00-04:00,69.44999694824219,70.91999816894531,65.24500274658203,65.94000244140625,286800,0.0,0.0,0.0
2026-07-06 00:00:00-04:00,66.9800033569336,70.01000213623047,66.9800033569336,68.77999877929688,108700,0.0,0.0,0.0
2026-07-07 00:00:00-04:00,67.5999984741211,68.05500030517578,64.0,65.12000274658203,166300,0.0,0.0,0.0
2026-07-08 00:00:00-04:00,63.880001068115234,65.86000061035156,63.68000030517578,65.81999969482422,82200,0.0,0.0,0.0
2026-07-09 00:00:00-04:00,67.13999938964844,68.4000015258789,66.41000366210938,67.37000274658203,110100,0.0,0.0,0.0
2026-07-10 00:00:00-04:00,68.63999938964844,68.89800262451172,65.91999816894531,66.51000213623047,178900,0.0,0.0,0.0
2026-07-13 00:00:00-04:00,65.33999633789062,66.5199966430664,63.220001220703125,64.12999725341797,195400,0.0,0.0,0.0
2026-07-14 00:00:00-04:00,66.26000213623047,66.76000213623047,64.51000213623047,65.54000091552734,165500,0.0,0.0,0.0
2026-07-15 00:00:00-04:00,66.37999725341797,67.52999877929688,64.6500015258789,66.5199966430664,161900,0.0,0.0,0.0
2026-07-16 00:00:00-04:00,65.5999984741211,65.80000305175781,62.400001525878906,62.90999984741211,140000,0.0,0.0,0.0
2026-07-17 00:00:00-04:00,60.90999984741211,62.720001220703125,59.380001068115234,61.72999954223633,95200,0.0,0.0,0.0
2026-07-20 00:00:00-04:00,63.06999969482422,66.0,63.06999969482422,65.12999725341797,92300,0.0,0.0,0.0
2026-07-21 00:00:00-04:00,66.44000244140625,69.19999694824219,66.44000244140625,68.33499908447266,106900,0.0,0.0,0.0
2026-07-22 00:00:00-04:00,66.94999694824219,69.41000366210938,66.94999694824219,67.7300033569336,104900,0.0,0.0,0.0
2026-07-23 00:00:00-04:00,66.41999816894531,69.47000122070312,66.41999816894531,67.52999877929688,78100,0.0,0.0,0.0
2026-07-24 00:00:00-04:00,66.91000366210938,66.91000366210938,64.12999725341797,64.36000061035156,80900,0.0,0.0,0.0
2026-07-27 00:00:00-04:00,65.44000244140625,66.0,62.849998474121094,64.4800033569336,119200,0.0,0.0,0.0
2026-07-28 00:00:00-04:00,62.900001525878906,63.2400016784668,60.380001068115234,62.65999984741211,131000,0.0,0.0,0.0
2026-07-29 00:00:00-04:00,62.25,62.52000045776367,57.72999954223633,58.11000061035156,131100,0.0,0.0,0.0
2026-07-30 00:00:00-04:00,60.810001373291016,65.36000061035156,60.209999084472656,65.12000274658203,91700,0.0,0.0,0.0
2026-07-31 00:00:00-04:00,65.94999694824219,66.01799774169922,62.029998779296875,62.459999084472656,106000,0.0,0.0,0.0
2026-08-03 00:00:00-04:00,61.650001525878906,65.51000213623047,60.7400016784668,64.93000030517578,65200,0.0,0.0,0.0
2026-08-04 00:00:00-04:00,64.66000366210938,66.05999755859375,64.33999633789062,65.08999633789062,82300,0.0,0.0,0.0
2026-08-05 00:00:00-04:00,65.08999633789062,66.08000183105469,63.31999969482422,63.33000183105469,81900,0.0,0.0,0.0
2026-08-06 00:00:00-04:00,62.0099983215332,63.41999816894531,61.4900016784668,61.79999923706055,71800,0.0,0.0,0.0
2026-08-07 00:00:00-04:00,63.25,63.25,61.11000061035156,62.529998779296875,140600,0.0,0.0,0.0
2026-08-10 00:00:00-04:00,62.380001068115234,62.380001068115234,59.810001373291016,59.810001373291016,50100,0.0,0.0,0.0
2026-08-12 00:00:00-04:00,62.54999923706055,62.939998626708984,61.19499969482422,61.65999984741211,37600,0.0,0.0,0.0
2026-08-13 00:00:00-04:00,61.70000076293945,63.470001220703125,60.65999984741211,61.220001220703125,70700,0.0,0.0,0.0
2026-08-14 00:00:00-04:00,60.58000183105469,61.849998474121094,60.40999984741211,61.60049819946289,31699,0.0,0.0,0.0
