Date,Open,High,Low,Close,Volume,Dividends,Stock Splits,Capital Gains
2024-05-21 00:00:00-04:00,24.787044658052814,24.855274525958272,24.75682830810547,24.75682830810547,4500,0.0,0.0,0.0
2024-05-22 00:00:00-04:00,24.699318352693915,24.748053438175912,24.62134110044811,24.650583267211914,29500,0.0,0.0,0.0
2024-05-23 00:00:00-04:00,24.88451725596838,24.88451725596838,24.594051361083984,24.594051361083984,10200,0.0,0.0,0.0
2024-05-24 00:00:00-04:00,24.67007843533109,24.709067994571203,24.61159595559543,24.68177604675293,27800,0.0,0.0,0.0
2024-05-28 00:00:00-04:00,24.757801121013355,24.757801121013355,24.46538688640123,24.510223388671875,12900,0.0,0.0,0.0
2024-05-29 00:00:00-04:00,24.397157103693743,24.42639741177793,24.29968507212293,24.308456420898438,7100,0.0,0.0,0.0
2024-05-30 00:00:00-04:00,24.289938560291926,24.523870329035777,24.289938560291926,24.38643455505371,3300,0.0,0.0,0.0
2024-05-31 00:00:00-04:00,24.582353423402104,24.69249725341797,24.582353423402104,24.69249725341797,2200,0.0,0.0,0.0
2024-06-03 00:00:00-04:00,24.72856212237698,24.933251725618685,24.72856212237698,24.8786678314209,4100,0.0,0.0,0.0
2024-06-04 00:00:00-04:00,24.91375607083619,24.923503460046685,24.816284037855635,24.8845157623291,4600,0.0,0.0,0.0
2024-06-05 00:00:00-04:00,25.030723498477006,25.08920597605538,24.88451637496885,25.022926330566406,20900,0.0,0.0,0.0
2024-06-06 00:00:00-04:00,25.186676044685434,25.235411129007765,25.108698794295126,25.144763946533203,6400,0.0,0.0,0.0
2024-06-07 00:00:00-04:00,25.342631602442143,25.342631602442143,25.137942008802117,25.19642448425293,5900,0.0,0.0,0.0
2024-06-10 00:00:00-04:00,25.17693056079909,25.36212724165905,25.074585760504547,25.316314697265625,7700,0.0,0.0,0.0
2024-06-11 00:00:00-04:00,25.293895900852185,25.293895900852185,25.040469367897046,25.1418399810791,2200,0.0,0.0,0.0
2024-06-12 00:00:00-04:00,25.381621429527524,25.381621429527524,25.215919531379324,25.219818115234375,2700,0.0,0.0,0.0
2024-06-13 00:00:00-04:00,25.13501847860667,25.196425358830133,25.020976067263415,25.190576553344727,3900,0.0,0.0,0.0
2024-06-14 00:00:00-04:00,25.18570491782151,25.18570491782151,25.09408168397987,25.162311553955078,1000,0.0,0.0,0.0
2024-06-17 00:00:00-04:00,25.04047109646962,25.137943132661636,24.962493839340897,25.084333419799805,2800,0.0,0.0,0.0
2024-06-18 00:00:00-04:00,25.08920612295282,25.13696703015265,24.989785724575032,25.03852081298828,9400,0.0,0.0,0.0
2024-06-20 00:00:00-04:00,25.04047017543816,25.13794220804499,25.030722786265038,25.090179443359375,1600,0.0,0.0,0.0
2024-06-21 00:00:00-04:00,25.31241563942853,25.315340042114258,25.26952749857852,25.315340042114258,800,0.0,0.0,0.0
2024-06-24 00:00:00-04:00,25.430357056170735,25.65454143515187,25.410862277357307,25.52198028564453,64500,0.0,0.0,0.0
2024-06-25 00:00:00-04:00,25.742266463895405,25.76176124299904,25.64089584350586,25.64089584350586,4000,0.0,0.0,0.0
2024-06-26 00:00:00-04:00,25.57656429462076,25.57656429462076,25.35237991462638,25.36212730407715,49800,0.0,0.0,0.0
2024-06-27 00:00:00-04:00,25.547322618431185,25.547322618431185,25.409888700513918,25.492738723754883,6800,0.0,0.0,0.0
2024-06-28 00:00:00-04:00,25.454723816433702,25.454723816433702,25.401114105909507,25.409887313842773,2700,0.0,0.0,0.0
2024-07-01 00:00:00-04:00,25.630172488811038,25.630172488811038,25.470319401361227,25.526851654052734,3100,0.0,0.0,0.0
2024-07-02 00:00:00-04:00,25.33288430881429,25.381621254477277,25.25978167900638,25.333858489990234,4500,0.0,0.0,0.0
2024-07-03 00:00:00-04:00,25.41086336618905,25.469345846010825,25.11844910795567,25.238338470458984,16100,0.0,0.0,0.0
2024-07-05 00:00:00-04:00,25.371873198578623,25.61067771911621,25.371873198578623,25.61067771911621,500,0.0,0.0,0.0
2024-07-08 00:00:00-04:00,25.631147780759523,25.7032780897236,25.518081411352128,25.540498733520508,1700,0.0,0.0,0.0
2024-07-09 00:00:00-04:00,25.537576725893295,25.60580659327144,25.391367742512188,25.5872859954834,3100,0.0,0.0,0.0
2024-07-10 00:00:00-04:00,25.72764576439173,25.971324920654297,25.72764576439173,25.971324920654297,3900,0.0,0.0,0.0
2024-07-11 00:00:00-04:00,26.141899590393905,26.151646979740832,25.976197689744993,26.055150985717773,3300,0.0,0.0,0.0
2024-07-12 00:00:00-04:00,26.278359796764256,26.37583183286639,26.278359796764256,26.311500549316406,1000,0.0,0.0,0.0
2024-07-15 00:00:00-04:00,26.38557890228694,26.38557890228694,26.229624390065307,26.2383975982666,3900,0.0,0.0,0.0
2024-07-16 00:00:00-04:00,26.268612745403594,26.268612745403594,26.258865356445312,26.258865356445312,1700,0.0,0.0,0.0
2024-07-17 00:00:00-04:00,25.94695689779071,25.966449816997255,25.886524200439453,25.886524200439453,2200,0.0,0.0,0.0
2024-07-18 00:00:00-04:00,25.73251767789644,25.73251767789644,25.147687350396083,25.2646541595459,8800,0.0,0.0,0.0
2024-07-19 00:00:00-04:00,25.342633532940727,25.420610792523256,25.323138753263965,25.32606315612793,3600,0.0,0.0,0.0
2024-07-22 00:00:00-04:00,25.586309852707554,25.586309852707554,25.420607962153618,25.537574768066406,1200,0.0,0.0,0.0
2024-07-23 00:00:00-04:00,25.683783274208366,25.683783274208366,25.53660011291504,25.53660011291504,3300,0.0,0.0,0.0
2024-07-24 00:00:00-04:00,25.625300051860826,25.625300051860826,25.47324412991414,25.512231826782227,5100,0.0,0.0,0.0
2024-07-25 00:00:00-04:00,25.34263206187034,25.479091793437522,25.28414958535932,25.323137283325195,6400,0.0,0.0,0.0
2024-07-26 00:00:00-04:00,25.537576513847213,25.585337420615343,25.430357089357862,25.442052841186523,1500,0.0,0.0,0.0
2024-07-29 00:00:00-04:00,25.635044928197647,25.635044928197647,25.430355341828722,25.45374870300293,600,0.0,0.0,0.0
2024-07-30 00:00:00-04:00,25.605806095637632,25.605806095637632,25.225665349008796,25.372848510742188,1500,0.0,0.0,0.0
2024-07-31 00:00:00-04:00,25.75201228232348,25.75201228232348,25.64479286291938,25.67208480834961,600,0.0,0.0,0.0
2024-08-01 00:00:00-04:00,25.849484875591564,25.917714740652706,25.62530050206941,25.676959991455078,4100,0.0,0.0,0.0
2024-08-02 00:00:00-04:00,25.22566391498589,25.289995193481445,25.04046910597927,25.289995193481445,2600,0.0,0.0,0.0
2024-08-05 00:00:00-04:00,25.098953799242526,25.098953799242526,24.617444278639883,24.768524169921875,2800,0.0,0.0,0.0
2024-08-06 00:00:00-04:00,24.904009367674615,25.05021835073537,24.865021668883006,25.030723571777344,1600,0.0,0.0,0.0
2024-08-07 00:00:00-04:00,25.001480640551904,25.001480640551904,24.426397692706853,24.499502182006836,12500,0.0,0.0,0.0
2024-08-08 00:00:00-04:00,25.34263105608112,25.362125833852563,25.118446689082553,25.359201431274414,7000,0.0,0.0,0.0
2024-08-09 00:00:00-04:00,25.547322900236082,25.7812565358928,25.547322900236082,25.729595184326172,4400,0.0,0.0,0.0
2024-08-12 00:00:00-04:00,25.77150688399666,25.77150688399666,25.566815435545397,25.61457633972168,4100,0.0,0.0,0.0
2024-08-13 00:00:00-04:00,25.868980438706284,26.0444278717041,25.868980438706284,26.0444278717041,1600,0.0,0.0,0.0
2024-08-14 00:00:00-04:00,26.093164363460136,26.1730899810791,26.093164363460136,26.1730899810791,800,0.0,0.0,0.0
2024-08-15 00:00:00-04:00,26.39532453973415,26.473301790669325,26.39532453973415,26.421642303466797,3100,0.0,0.0,0.0
2024-08-16 00:00:00-04:00,26.444061434190655,26.444061434190655,26.366084177918832,26.371932983398438,1000,0.0,0.0,0.0
2024-08-19 00:00:00-04:00,26.434315603562034,26.69748767853669,26.307601401607187,26.683841705322266,1900,0.0,0.0,0.0
2024-08-20 00:00:00-04:00,26.759871442067443,26.99965202119866,26.759871442067443,26.841747283935547,5900,0.0,0.0,0.0
2024-08-21 00:00:00-04:00,26.843695260457594,26.98210334777832,26.843695260457594,26.98210334777832,1600,0.0,0.0,0.0
2024-08-22 00:00:00-04:00,27.292065035574034,27.292065035574034,26.987953186035156,26.987953186035156,4100,0.0,0.0,0.0
2024-08-23 00:00:00-04:00,27.22383392132459,27.280368032319412,27.155604059326173,27.214086532592773,4800,0.0,0.0,0.0
2024-08-26 00:00:00-04:00,27.092248806609433,27.136111129326668,27.0776286520785,27.08055305480957,1200,0.0,0.0,0.0
2024-08-27 00:00:00-04:00,27.077627206829625,27.23358171058374,27.077627206829625,27.207263946533203,4100,0.0,0.0,0.0
2024-08-28 00:00:00-04:00,27.173150173996937,27.173150173996937,27.04838619384746,27.099071502685547,1400,0.0,0.0,0.0
2024-08-29 00:00:00-04:00,27.28231828428519,27.399285098044334,27.256000518798828,27.256000518798828,4000,0.0,0.0,0.0
2024-08-30 00:00:00-04:00,27.418778196766688,27.48116111755371,27.292065851897632,27.48116111755371,2300,0.0,0.0,0.0
2024-09-03 00:00:00-04:00,27.37004291191383,27.399285080115593,27.048386498192198,27.12636375427246,4300,0.0,0.0,0.0
2024-09-04 00:00:00-04:00,26.90217915913543,26.970409025266527,26.80470712503768,26.89730453491211,9200,0.0,0.0,0.0
2024-09-05 00:00:00-04:00,26.794959406846317,26.794959406846317,26.453808221253542,26.485000610351562,8000,0.0,0.0,0.0
2024-09-06 00:00:00-04:00,26.48305053296522,26.48305053296522,26.180888902538598,26.245220184326172,2400,0.0,0.0,0.0
2024-09-09 00:00:00-04:00,26.375831056566717,26.522038176854483,26.3670597076416,26.3670597076416,600,0.0,0.0,0.0
2024-09-10 00:00:00-04:00,26.405074026830228,26.405074026830228,26.19063703449886,26.35341453552246,2900,0.0,0.0,0.0
2024-09-11 00:00:00-04:00,26.56102930055986,26.675071716308594,26.414822171647735,26.675071716308594,1800,0.0,0.0,0.0
2024-09-12 00:00:00-04:00,26.697487687016608,26.91192653373926,26.697487687016608,26.85149383544922,1500,0.0,0.0,0.0
2024-09-13 00:00:00-04:00,26.892432559568146,26.96066242770296,26.804707912216386,26.921674728393555,4700,0.0,0.0,0.0
2024-09-16 00:00:00-04:00,26.991853313145818,27.04838742996696,26.921675081643155,26.998676300048828,3900,0.0,0.0,0.0
2024-09-17 00:00:00-04:00,26.880733488852453,26.886582294124857,26.639004560710692,26.709184646606445,1700,0.0,0.0,0.0
2024-09-18 00:00:00-04:00,26.72673040616046,27.01914465519991,26.668247928177465,26.688716888427734,2900,0.0,0.0,0.0
2024-09-19 00:00:00-04:00,26.98990413554095,26.98990413554095,26.94116718833103,26.966510772705078,1500,0.0,0.0,0.0
2024-09-20 00:00:00-04:00,26.658499375592594,26.804706493733537,26.658499375592594,26.713083267211914,1400,0.0,0.0,0.0
2024-09-23 00:00:00-04:00,26.619509981503327,26.648752148959534,26.407021359886738,26.4313907623291,3300,0.0,0.0,0.0
2024-09-24 00:00:00-04:00,26.385579240970536,26.541533755193992,26.385579240970536,26.52496337890625,2400,0.0,0.0,0.0
2024-09-25 00:00:00-04:00,26.60001663165109,26.60001663165109,26.396299362182617,26.396299362182617,1000,0.0,0.0,0.0
2024-09-26 00:00:00-04:00,26.512293638422932,26.512293638422932,26.45673370361328,26.45673370361328,2400,0.0,0.0,0.0
2024-09-27 00:00:00-04:00,26.317348189283617,26.317348189283617,26.161393682077072,26.164318084716797,2300,0.0,0.0,0.0
2024-09-30 00:00:00-04:00,26.054175227578796,26.12435531616211,25.929411245361052,26.12435531616211,3800,0.0,0.0,0.0
2024-10-01 00:00:00-04:00,25.94695725532196,25.963525772094727,25.94695725532196,25.963525772094727,700,0.0,0.0,0.0
2024-10-02 00:00:00-04:00,25.810495817738996,25.89139747619629,25.810495817738996,25.89139747619629,800,0.0,0.0,0.0
2024-10-03 00:00:00-04:00,25.71302320691879,25.742265374336547,25.547321309800264,25.585336685180664,2600,0.0,0.0,0.0
2024-10-04 00:00:00-04:00,25.625300139268656,25.687681198120117,25.479091162922632,25.687681198120117,2200,0.0,0.0,0.0
2024-10-07 00:00:00-04:00,25.77150863255086,25.820243721185484,25.64089584350586,25.64089584350586,900,0.0,0.0,0.0
2024-10-08 00:00:00-04:00,25.674034434716155,25.785152435302734,25.674034434716155,25.785152435302734,500,0.0,0.0,0.0
2024-10-09 00:00:00-04:00,25.644794311200354,25.821217785301894,25.644794311200354,25.800748825073242,700,0.0,0.0,0.0
2024-10-10 00:00:00-04:00,25.668186688739524,25.711074829101562,25.668186688739524,25.711074829101562,400,0.0,0.0,0.0
2024-10-11 00:00:00-04:00,25.908942110431113,25.983020782470703,25.908942110431113,25.983020782470703,200,0.0,0.0,0.0
2024-10-14 00:00:00-04:00,25.898218807446007,25.898218807446007,25.84948372289681,25.86897850036621,2400,0.0,0.0,0.0
2024-10-15 00:00:00-04:00,25.839739344098945,25.937211383675656,25.615554954459675,25.79880142211914,9700,0.0,0.0,0.0
2024-10-16 00:00:00-04:00,25.6642873228785,25.770530700683594,25.61555223782097,25.770530700683594,600,0.0,0.0,0.0
2024-10-17 00:00:00-04:00,25.907966392207246,25.907966392207246,25.762733459472656,25.762733459472656,1300,0.0,0.0,0.0
2024-10-18 00:00:00-04:00,25.78125610160748,25.900171279907227,25.722771764116217,25.900171279907227,900,0.0,0.0,0.0
2024-10-21 00:00:00-04:00,25.810494798189737,25.810494798189737,25.518080565505873,25.588260650634766,9300,0.0,0.0,0.0
2024-10-22 00:00:00-04:00,25.440103053591066,25.526851654052734,25.323136246234906,25.526851654052734,7400,0.0,0.0,0.0
2024-10-23 00:00:00-04:00,25.34263259554628,25.34263259554628,25.28609848022461,25.28609848022461,400,0.0,0.0,0.0
2024-10-24 00:00:00-04:00,25.479092236601936,25.537576573254597,25.40403938293457,25.40403938293457,1600,0.0,0.0,0.0
2024-10-25 00:00:00-04:00,25.459598333018583,25.459598333018583,25.276350021362305,25.276350021362305,3200,0.0,0.0,0.0
2024-10-28 00:00:00-04:00,25.28414912783337,25.420608856931263,25.28414912783337,25.36797332763672,2400,0.0,0.0,0.0
2024-10-29 00:00:00-04:00,25.25490677052305,25.2646541595459,25.225664603454508,25.2646541595459,2800,0.0,0.0,0.0
2024-10-30 00:00:00-04:00,24.36791551158873,24.855273821820507,24.36791551158873,24.8201847076416,6300,0.0,0.0,0.0
2024-10-31 00:00:00-04:00,24.66032927117404,24.66032927117404,24.611594184754967,24.65155792236328,4300,0.0,0.0,0.0
2024-11-01 00:00:00-04:00,24.689573251463273,24.689573251463273,24.6856746673584,24.6856746673584,400,0.0,0.0,0.0
2024-11-04 00:00:00-05:00,24.67982484824128,24.67982484824128,24.554086685180664,24.554086685180664,1800,0.0,0.0,0.0
2024-11-05 00:00:00-05:00,24.504375520262318,24.550188064575195,24.504375520262318,24.550188064575195,600,0.0,0.0,0.0
2024-11-06 00:00:00-05:00,24.270443646156174,24.270443646156174,24.065754046817986,24.077449798583984,5500,0.0,0.0,0.0
2024-11-07 00:00:00-05:00,24.114488753793154,24.213909149169922,24.027738291181734,24.213909149169922,2400,0.0,0.0,0.0
2024-11-08 00:00:00-05:00,24.18271851450254,24.33867302299182,24.18271851450254,24.286039352416992,700,0.0,0.0,0.0
2024-11-11 00:00:00-05:00,24.35816726846651,24.445891909963184,24.323078155517578,24.323078155517578,2100,0.0,0.0,0.0
2024-11-12 00:00:00-05:00,24.015068143050957,24.015068143050957,23.802579522004844,23.897127151489258,1100,0.0,0.0,0.0
2024-11-13 00:00:00-05:00,23.744097876028306,23.876659026348552,23.744097876028306,23.80355453491211,3900,0.0,0.0,0.0
2024-11-14 00:00:00-05:00,23.393199786268617,23.393199786268617,23.3152225280127,23.339590072631836,2900,0.0,0.0,0.0
2024-11-15 00:00:00-05:00,22.888295790866096,22.888295790866096,22.525701464584756,22.5637149810791,3100,0.0,0.0,0.0
2024-11-18 00:00:00-05:00,22.194297653509036,22.194297653509036,21.99935358788019,22.140687942504883,4700,0.0,0.0,0.0
2024-11-19 00:00:00-05:00,22.028595573005497,22.359999366354977,22.028595573005497,22.292743682861328,2700,0.0,0.0,0.0
2024-11-20 00:00:00-05:00,22.408734919908063,22.587108612060547,22.408734919908063,22.587108612060547,4000,0.0,0.0,0.0
2024-11-21 00:00:00-05:00,22.632918552097113,22.632918552097113,22.562740325927734,22.562740325927734,500,0.0,0.0,0.0
2024-11-22 00:00:00-05:00,22.769381080077807,22.83761094674294,22.730391522483767,22.774253845214844,2600,0.0,0.0,0.0
2024-11-25 00:00:00-05:00,22.847357301324358,23.06179428100586,22.847357301324358,23.06179428100586,4700,0.0,0.0,0.0
2024-11-26 00:00:00-05:00,23.100784944802307,23.100784944802307,23.003312909681416,23.075441360473633,1700,0.0,0.0,0.0
2024-11-27 00:00:00-05:00,23.091037960081604,23.236270904541016,23.091037960081604,23.236270904541016,500,0.0,0.0,0.0
2024-11-29 00:00:00-05:00,23.217750852785628,23.412694931030273,23.217750852785628,23.412694931030273,900,0.0,0.0,0.0
2024-12-02 00:00:00-05:00,23.393198755892637,23.417566299438477,23.32496889031452,23.417566299438477,900,0.0,0.0,0.0
2024-12-03 00:00:00-05:00,23.666119928064717,23.666119928064717,23.57352066040039,23.57352066040039,500,0.0,0.0,0.0
2024-12-04 00:00:00-05:00,23.568647659885023,23.675867080688477,23.471175628165916,23.675867080688477,1900,0.0,0.0,0.0
2024-12-05 00:00:00-05:00,23.56864802719853,23.574496832565167,23.531608691750506,23.543304443359375,1200,0.0,0.0,0.0
2024-12-06 00:00:00-05:00,23.588142112671665,23.714854450771533,23.588142112671665,23.690486907958984,500,0.0,0.0,0.0
2024-12-09 00:00:00-05:00,23.75189356007679,23.754817962646484,23.75189356007679,23.754817962646484,400,0.0,0.0,0.0
2024-12-10 00:00:00-05:00,23.831822754581744,23.831822754581744,23.400022506713867,23.400022506713867,6400,0.0,0.0,0.0
2024-12-11 00:00:00-05:00,23.42341627177143,23.477025985717773,23.42341627177143,23.477025985717773,900,0.0,0.0,0.0
2024-12-12 00:00:00-05:00,23.402944983843692,23.402944983843692,23.23236846923828,23.23236846923828,1300,0.0,0.0,0.0
2024-12-13 00:00:00-05:00,23.09103557269942,23.09103557269942,22.935081073546577,23.067642211914062,1200,0.0,0.0,0.0
2024-12-16 00:00:00-05:00,23.120277521891694,23.120277521891694,23.04425048828125,23.04425048828125,400,0.0,0.0,0.0
2024-12-17 00:00:00-05:00,23.397098541259766,23.397098541259766,23.397098541259766,23.397098541259766,100,0.0,0.0,0.0
2024-12-18 00:00:00-05:00,23.266486413028215,23.266486413028215,22.73039115941962,22.784975051879883,1300,0.0,0.0,0.0
2024-12-19 00:00:00-05:00,22.515954117123297,22.65241384793257,22.515954117123297,22.651439666748047,700,0.0,0.0,0.0
2024-12-20 00:00:00-05:00,22.194296720449135,22.405809293778645,22.145559776528653,22.18454933166504,2100,0.0,0.0,0.0
2024-12-23 00:00:00-05:00,22.30151492893363,22.536422729492188,22.30151492893363,22.536422729492188,500,0.0,0.0,0.0
2024-12-24 00:00:00-05:00,22.523751301332275,22.52570152282715,22.476964576699313,22.52570152282715,2000,0.0,0.0,0.0
2024-12-26 00:00:00-05:00,21.443765251950495,22.63194465637207,21.443765251950495,22.63194465637207,800,0.0,0.0,0.0
2024-12-27 00:00:00-05:00,22.540321350097656,22.554941504161704,22.540321350097656,22.540321350097656,1300,0.0,0.0,0.0
2024-12-30 00:00:00-05:00,22.4861967236723,22.4861967236723,22.18113287863768,22.237224578857422,2000,0.22,0.0,0.0
2024-12-31 00:00:00-05:00,22.200814293808797,22.250019353551014,22.09256691633813,22.19097328186035,12300,0.0,0.0,0.0
2025-01-02 00:00:00-05:00,22.328745768667908,22.377948951862045,22.258875146313375,22.267732620239258,1500,0.0,0.0,0.0
2025-01-03 00:00:00-05:00,22.23033707541086,22.417312546330677,22.23033707541086,22.391725540161133,6800,0.0,0.0,0.0
2025-01-06 00:00:00-05:00,22.321855697898535,22.321855697898535,22.211637496948242,22.211637496948242,400,0.0,0.0,0.0
2025-01-07 00:00:00-05:00,22.309063042231593,22.397630270777537,22.309063042231593,22.312015533447266,1600,0.0,0.0,0.0
2025-01-08 00:00:00-05:00,22.25986058785812,22.37794897845684,22.25986058785812,22.338586807250977,700,0.0,0.0,0.0
2025-01-10 00:00:00-05:00,22.318903838991513,22.318903838991513,22.269698780839317,22.28052520751953,3500,0.0,0.0,0.0
2025-01-13 00:00:00-05:00,22.072883973924746,22.22640037536621,22.043360939307952,22.22640037536621,5000,0.0,0.0,0.0
2025-01-14 00:00:00-05:00,22.22049652681485,22.22049652681485,21.757980222772066,21.777660369873047,1800,0.0,0.0,0.0
2025-01-15 00:00:00-05:00,21.93511313049343,21.994157321572786,21.846545905383906,21.95380973815918,1000,0.0,0.0,0.0
2025-01-16 00:00:00-05:00,21.94495299455246,22.008918631920942,21.94495299455246,21.98038101196289,1300,0.0,0.0,0.0
2025-01-17 00:00:00-05:00,21.8662259940509,21.944952207611674,21.71861457824707,21.71861457824707,3300,0.0,0.0,0.0
2025-01-21 00:00:00-05:00,21.944952465279908,22.101421356201172,21.944952465279908,22.101421356201172,3600,0.0,0.0,0.0
2025-01-22 00:00:00-05:00,22.15161085187959,22.200814034065036,22.13389778137207,22.13389778137207,1400,0.0,0.0,0.0
2025-01-23 00:00:00-05:00,22.151610143113523,22.27166748046875,22.092565950983953,22.27166748046875,1000,0.0,0.0,0.0
2025-01-24 00:00:00-05:00,22.604286576237378,22.67317366041726,22.49603919791695,22.641681671142578,4700,0.0,0.0,0.0
2025-01-27 00:00:00-05:00,22.742057179813653,22.882780075073242,22.663330966431865,22.882780075073242,1900,0.0,0.0,0.0
2025-01-28 00:00:00-05:00,22.79126059629361,22.81094261908896,22.771578573498264,22.775514602661133,700,0.0,0.0,0.0
2025-01-29 00:00:00-05:00,22.520639419555664,22.520639419555664,22.520639419555664,22.520639419555664,100,0.0,0.0,0.0
2025-01-30 00:00:00-05:00,22.761738013462107,22.978236514542054,22.761738013462107,22.931983947753906,2100,0.0,0.0,0.0
2025-01-31 00:00:00-05:00,22.874908517368677,22.97823632275932,22.761737823486328,22.761737823486328,1600,0.0,0.0,0.0
2025-02-03 00:00:00-05:00,22.446832856902294,22.594444274902344,22.446832856902294,22.594444274902344,500,0.0,0.0,0.0
2025-02-04 00:00:00-05:00,22.371060267377004,22.463563527452013,22.220496350606986,22.448802947998047,2100,0.0,0.0,0.0
2025-02-05 00:00:00-05:00,22.899510513200948,22.96347427368164,22.899510513200948,22.96347427368164,400,0.0,0.0,0.0
2025-02-06 00:00:00-05:00,22.96839626973723,23.077629061988855,22.96839626973723,23.00677490234375,800,0.0,0.0,0.0
2025-02-07 00:00:00-05:00,23.11108688171459,23.2026047213874,22.820783615112305,22.820783615112305,1600,0.0,0.0,0.0
2025-02-10 00:00:00-05:00,22.791260564165142,22.801101575548945,22.633808135986328,22.633808135986328,800,0.0,0.0,0.0
2025-02-11 00:00:00-05:00,22.486197462478845,22.584605702588767,22.486197462478845,22.54425811767578,400,0.0,0.0,0.0
2025-02-12 00:00:00-05:00,22.29922140041678,22.475372314453125,22.29922140041678,22.475372314453125,900,0.0,0.0,0.0
2025-02-13 00:00:00-05:00,22.35826593190426,22.35826593190426,22.19097248872225,22.25493812561035,1400,0.0,0.0,0.0
2025-02-14 00:00:00-05:00,22.33858689743678,22.3582670446286,22.131929397583008,22.131929397583008,1400,0.0,0.0,0.0
2025-02-18 00:00:00-05:00,22.410423278808594,22.410423278808594,22.410423278808594,22.410423278808594,100,0.0,0.0,0.0
2025-02-19 00:00:00-05:00,22.623968434853616,22.623968434853616,22.564924240112305,22.564924240112305,500,0.0,0.0,0.0
2025-02-20 00:00:00-05:00,22.717454340961503,22.719423294067383,22.717454340961503,22.719423294067383,500,0.0,0.0,0.0
2025-02-21 00:00:00-05:00,22.91919223787021,23.0963248149479,22.858179092407227,22.858179092407227,700,0.0,0.0,0.0
2025-02-24 00:00:00-05:00,22.919193348389054,23.076645786963503,22.919193348389054,22.992998123168945,1400,0.0,0.0,0.0
2025-02-25 00:00:00-05:00,23.26854022302211,23.328567954787548,23.183909023323167,23.204574584960938,1600,0.0,0.0,0.0
2025-02-26 00:00:00-05:00,23.12092868751752,23.130767822265625,23.04712203803927,23.130767822265625,500,0.0,0.0,0.0
2025-02-27 00:00:00-05:00,23.243937651406238,23.243937651406238,23.004806518554688,23.004806518554688,3100,0.0,0.0,0.0
2025-02-28 00:00:00-05:00,22.90738262939599,23.11600719749146,22.90738262939599,23.105182647705078,500,0.0,0.0,0.0
2025-03-03 00:00:00-05:00,23.194732424002165,23.194732424002165,22.9989013671875,22.9989013671875,500,0.0,0.0,0.0
2025-03-04 00:00:00-05:00,22.830624588485104,22.843416213989258,22.830624588485104,22.843416213989258,300,0.0,0.0,0.0
2025-03-05 00:00:00-05:00,23.214414988838236,23.229175567626953,23.214414988838236,23.229175567626953,300,0.0,0.0,0.0
2025-03-06 00:00:00-05:00,22.89951007585512,22.926080619198967,22.89951007585512,22.923128128051758,1400,0.0,0.0,0.0
2025-03-07 00:00:00-05:00,22.69285290196577,22.841449737548828,22.69285290196577,22.841449737548828,400,0.0,0.0,0.0
2025-03-10 00:00:00-04:00,22.34842521186789,22.34842521186789,21.98431716294457,22.031553268432617,2200,0.0,0.0,0.0
2025-03-11 00:00:00-04:00,21.99415832360604,21.99415832360604,21.748138659755817,21.9439697265625,500,0.0,0.0,0.0
2025-03-12 00:00:00-04:00,21.915432171010263,22.06304359436035,21.915432171010263,22.06304359436035,200,0.0,0.0,0.0
2025-03-13 00:00:00-04:00,21.94495253377352,21.94495253377352,21.81702313870375,21.846546173095703,6100,0.0,0.0,0.0
2025-03-14 00:00:00-04:00,22.033520112395657,22.11618423461914,22.033520112395657,22.11618423461914,1300,0.0,0.0,0.0
2025-03-17 00:00:00-04:00,22.220496231108868,22.39763069152832,22.220496231108868,22.39763069152832,300,0.0,0.0,0.0
2025-03-18 00:00:00-04:00,22.24214483741618,22.286428451538086,22.24214483741618,22.286428451538086,300,0.0,0.0,0.0
2025-03-19 00:00:00-04:00,22.254937940634672,22.294301986694336,22.254937940634672,22.294301986694336,300,0.0,0.0,0.0
2025-03-20 00:00:00-04:00,22.251001796443315,22.251001796443315,22.1516100207316,22.220495223999023,1100,0.0,0.0,0.0
2025-03-21 00:00:00-04:00,22.082725747800463,22.091581344604492,22.07583722718351,22.091581344604492,200,0.0,0.0,0.0
2025-03-24 00:00:00-04:00,22.122087200906595,22.181133270263672,22.122087200906595,22.181133270263672,900,0.0,0.0,0.0
2025-03-25 00:00:00-04:00,21.7382965030516,21.831783294677734,21.7382965030516,21.831783294677734,100,0.0,0.0,0.0
2025-03-26 00:00:00-04:00,21.356473922729492,21.356473922729492,21.356473922729492,21.356473922729492,100,0.0,0.0,0.0
2025-03-27 00:00:00-04:00,21.393869606160354,21.447994232177734,21.393869606160354,21.447994232177734,100,0.0,0.0,0.0
2025-03-28 00:00:00-04:00,21.24625748179238,21.24625748179238,21.211814880371094,21.211814880371094,200,0.0,0.0,0.0
2025-03-31 00:00:00-04:00,20.960873956912927,21.195085525512695,20.813262538592895,21.195085525512695,700,0.0,0.0,0.0
2025-04-01 00:00:00-04:00,20.941194554063433,20.941194554063433,20.743394533242473,20.8250732421875,1500,0.0,0.0,0.0
2025-04-02 00:00:00-04:00,20.741424415890897,20.84770470996674,20.741424415890897,20.829008102416992,4700,0.0,0.0,0.0
2025-04-03 00:00:00-04:00,20.74437699452178,20.74437699452178,20.506229400634766,20.506229400634766,400,0.0,0.0,0.0
2025-04-04 00:00:00-04:00,19.681573782675848,19.681573782675848,19.189534438108954,19.23381805419922,4700,0.0,0.0,0.0
2025-04-07 00:00:00-04:00,18.26449996907206,18.86478857087641,18.26449996907206,18.8598690032959,1300,0.0,0.0,0.0
2025-04-08 00:00:00-04:00,19.48672534251985,19.48672534251985,18.54693031311035,18.54693031311035,300,0.0,0.0,0.0
2025-04-09 00:00:00-04:00,18.821488212798403,19.505422592163086,18.821488212798403,19.505422592163086,600,0.0,0.0,0.0
2025-04-10 00:00:00-04:00,18.78606146359899,18.90907129409559,18.78606146359899,18.804758071899414,900,0.0,0.0,0.0
2025-04-11 00:00:00-04:00,18.953355789684533,19.39815902709961,18.953355789684533,19.39815902709961,300,0.0,0.0,0.0
2025-04-14 00:00:00-04:00,19.58316447264306,19.87248420715332,19.58316447264306,19.87248420715332,800,0.0,0.0,0.0
2025-04-15 00:00:00-04:00,19.815406799316406,19.815406799316406,19.815406799316406,19.815406799316406,100,0.0,0.0,0.0
2025-04-16 00:00:00-04:00,19.370603561401367,19.370603561401367,19.370603561401367,19.370603561401367,100,0.0,0.0,0.0
2025-04-17 00:00:00-04:00,21.197055664234387,21.197055664234387,19.717985153198242,19.717985153198242,9200,0.0,0.0,0.0
2025-04-21 00:00:00-04:00,19.799663580089074,19.847883224487305,19.652050278646712,19.847883224487305,7400,0.0,0.0,0.0
2025-04-22 00:00:00-04:00,20.281861089936296,20.285797119140625,20.15392981739998,20.285797119140625,5600,0.0,0.0,0.0
2025-04-23 00:00:00-04:00,20.567243475486762,20.567243475486762,20.329097747802734,20.329097747802734,1600,0.0,0.0,0.0
2025-04-24 00:00:00-04:00,20.70501483787915,20.786691665649414,20.68533281522032,20.786691665649414,1200,0.0,0.0,0.0
2025-04-25 00:00:00-04:00,20.754219425065823,20.885101318359375,20.754219425065823,20.885101318359375,200,0.0,0.0,0.0
2025-04-28 00:00:00-04:00,20.965795516967773,20.965795516967773,20.965795516967773,20.965795516967773,200,0.0,0.0,0.0
2025-04-29 00:00:00-04:00,21.19705560069415,21.610366843076964,21.088806345604677,21.494245529174805,9600,0.0,0.0,0.0
2025-04-30 00:00:00-04:00,21.674331665039062,21.674331665039062,21.674331665039062,21.674331665039062,100,0.0,0.0,0.0
2025-05-01 00:00:00-04:00,21.18819808959961,21.18819808959961,21.18819808959961,21.18819808959961,100,0.0,0.0,0.0
2025-05-02 00:00:00-04:00,21.48243745965948,21.845561981201172,21.48243745965948,21.845561981201172,200,0.0,0.0,0.0
2025-05-05 00:00:00-04:00,21.836704946975818,21.885908126831055,21.836704946975818,21.885908126831055,300,0.0,0.0,0.0
2025-05-06 00:00:00-04:00,21.757978657570455,21.757978657570455,21.3545065778174,21.392885208129883,3400,0.0,0.0,0.0
2025-05-07 00:00:00-04:00,21.511959468170204,21.52672004699707,21.50211845662528,21.52672004699707,900,0.0,0.0,0.0
2025-05-08 00:00:00-04:00,21.50211955832556,21.50211955832556,21.21673583984375,21.21673583984375,600,0.0,0.0,0.0
2025-05-09 00:00:00-04:00,21.541481181994076,21.541481181994076,21.009096145629883,21.009096145629883,400,0.0,0.0,0.0
2025-05-12 00:00:00-04:00,20.645969498244792,21.374187469482422,20.645969498244792,21.374187469482422,1900,0.0,0.0,0.0
2025-05-13 00:00:00-04:00,21.23641736763293,21.315143585205078,21.23641736763293,21.315143585205078,1500,0.0,0.0,0.0
2025-05-14 00:00:00-04:00,21.413551378546526,21.413551378546526,20.784725189208984,20.784725189208984,1200,0.0,0.0,0.0
2025-05-15 00:00:00-04:00,20.714854407021527,21.059282302856445,20.714854407021527,21.059282302856445,11200,0.0,0.0,0.0
2025-05-16 00:00:00-04:00,21.207878746041825,21.41847038269043,21.207878746041825,21.41847038269043,600,0.0,0.0,0.0
2025-05-19 00:00:00-04:00,21.38402887218548,21.59855842590332,21.38402887218548,21.59855842590332,2900,0.0,0.0,0.0
2025-05-20 00:00:00-04:00,21.698933124927645,21.698933124927645,21.645793914794922,21.645793914794922,600,0.0,0.0,0.0
2025-05-21 00:00:00-04:00,21.31612777709961,21.31612777709961,21.31612777709961,21.31612777709961,100,0.0,0.0,0.0
2025-05-22 00:00:00-04:00,21.15769138617723,21.15966033935547,20.960874901559883,21.15966033935547,3900,0.0,0.0,0.0
2025-05-23 00:00:00-04:00,21.246257996844594,21.277748107910156,21.12816773412243,21.277748107910156,1400,0.0,0.0,0.0
2025-05-27 00:00:00-04:00,21.630048601805022,21.717632293701172,21.630048601805022,21.717632293701172,300,0.0,0.0,0.0
2025-05-28 00:00:00-04:00,21.551322687620846,21.551322687620846,21.47161293029785,21.47161293029785,7100,0.0,0.0,0.0
2025-05-29 00:00:00-04:00,21.502119575766606,21.568052291870117,21.502119575766606,21.568052291870117,500,0.0,0.0,0.0
2025-05-30 00:00:00-04:00,21.80718224977665,22.013839737719525,21.80718224977665,21.89771842956543,1700,0.0,0.0,0.0
2025-06-02 00:00:00-04:00,21.964634472254254,22.00399851795885,21.659570625967667,21.914445877075195,7800,0.0,0.0,0.0
2025-06-03 00:00:00-04:00,21.97939499654502,22.02367860936267,21.866226180895705,21.911495208740234,4100,0.0,0.0,0.0
2025-06-04 00:00:00-04:00,22.092565943091117,22.436991961208058,22.092565943091117,22.294301986694336,6700,0.0,0.0,0.0
2025-06-05 00:00:00-04:00,22.240177770997587,22.240177770997587,22.192941665649414,22.192941665649414,1300,0.0,0.0,0.0
2025-06-06 00:00:00-04:00,22.588541515709117,22.653490690782768,22.5157184051549,22.583620071411133,1100,0.0,0.0,0.0
2025-06-09 00:00:00-04:00,22.791261709442768,22.919192986879825,22.75189953891059,22.839481353759766,2300,0.0,0.0,0.0
2025-06-10 00:00:00-04:00,22.830624863551748,23.319711685180664,22.830624863551748,23.319711685180664,1200,0.0,0.0,0.0
2025-06-11 00:00:00-04:00,23.298061801813372,23.298061801813372,23.2636191984622,23.290189743041992,1400,0.0,0.0,0.0
2025-06-12 00:00:00-04:00,23.396469259713548,23.5686841476748,23.396469259713548,23.54113006591797,1900,0.0,0.0,0.0
2025-06-13 00:00:00-04:00,23.480117814463433,23.509638973481138,23.177021026611328,23.177021026611328,2000,0.0,0.0,0.0
2025-06-16 00:00:00-04:00,23.253776786821483,23.253776786821483,23.03236060060027,23.075658798217773,1800,0.0,0.0,0.0
2025-06-17 00:00:00-04:00,22.850304863280606,22.850304863280606,22.427152633666992,22.427152633666992,1500,0.0,0.0,0.0
2025-06-18 00:00:00-04:00,22.606254493123597,22.606254493123597,22.603302001953125,22.603302001953125,1100,0.0,0.0,0.0
2025-06-20 00:00:00-04:00,22.407470488335598,22.471434246810944,22.407470488335598,22.44683265686035,2900,0.0,0.0,0.0
2025-06-23 00:00:00-04:00,22.377948653896613,22.377948653896613,21.95479452692934,22.023679733276367,6600,0.0,0.0,0.0
2025-06-24 00:00:00-04:00,22.20081429982853,22.377948760986328,22.20081429982853,22.377948760986328,2600,0.0,0.0,0.0
2025-06-25 00:00:00-04:00,22.131927614166607,22.1830997467041,22.131927614166607,22.1830997467041,300,0.0,0.0,0.0
2025-06-26 00:00:00-04:00,22.24017684807389,22.29922103881836,22.230335836786313,22.29922103881836,600,0.0,0.0,0.0
2025-06-27 00:00:00-04:00,22.368107640040904,22.368107640040904,22.23328971862793,22.23328971862793,1300,0.0,0.0,0.0
2025-06-30 00:00:00-04:00,22.29823796970847,22.339569091796875,22.29823796970847,22.339569091796875,500,0.0,0.0,0.0
2025-07-01 00:00:00-04:00,22.30906280923196,22.64364969647081,22.220495581611026,22.467498779296875,1600,0.0,0.0,0.0
2025-07-02 00:00:00-04:00,22.269698987294323,22.643649924793603,22.269698987294323,22.6151123046875,4900,0.0,0.0,0.0
2025-07-03 00:00:00-04:00,22.594445435062156,22.613143920898438,22.594445435062156,22.613143920898438,200,0.0,0.0,0.0
2025-07-07 00:00:00-04:00,22.35826522370004,22.39270782470703,22.35826522370004,22.39270782470703,500,0.0,0.0,0.0
2025-07-08 00:00:00-04:00,22.63380823549542,22.63380823549542,22.4960378294785,22.520639419555664,600,0.0,0.0,0.0
2025-07-09 00:00:00-04:00,22.623968755357886,22.741073608398438,22.623968755357886,22.741073608398438,1200,0.0,0.0,0.0
2025-07-10 00:00:00-04:00,22.988077649552924,22.993980754955476,22.912303924560547,22.912303924560547,700,0.0,0.0,0.0
2025-07-11 00:00:00-04:00,22.5058786114176,22.605270385742188,22.5058786114176,22.605270385742188,1200,0.0,0.0,0.0
2025-07-14 00:00:00-04:00,22.830624980791836,22.830624980791836,22.787324905395508,22.787324905395508,2300,0.0,0.0,0.0
2025-07-15 00:00:00-04:00,22.427152633666992,22.427152633666992,22.427152633666992,22.427152633666992,200,0.0,0.0,0.0
2025-07-16 00:00:00-04:00,22.614126459019953,22.622983932495117,22.614126459019953,22.622983932495117,500,0.0,0.0,0.0
2025-07-17 00:00:00-04:00,22.62396723186654,22.62396723186654,22.498004913330078,22.498004913330078,800,0.0,0.0,0.0
2025-07-18 00:00:00-04:00,22.446832964670296,22.48619701071584,22.387788772583008,22.387788772583008,800,0.0,0.0,0.0
2025-07-21 00:00:00-04:00,22.328745505833844,22.328745505833844,22.281509399414062,22.281509399414062,400,0.0,0.0,0.0
2025-07-22 00:00:00-04:00,22.45667399038463,22.64561653137207,22.45667399038463,22.64561653137207,400,0.0,0.0,0.0
2025-07-23 00:00:00-04:00,23.1947332098739,23.331520080566406,23.1947332098739,23.331520080566406,2300,0.0,0.0,0.0
2025-07-24 00:00:00-04:00,23.365963235463948,23.374820709228516,23.283300988252325,23.374820709228516,600,0.0,0.0,0.0
2025-07-25 00:00:00-04:00,23.362027194898843,23.468307495117188,23.362027194898843,23.468307495117188,2000,0.0,0.0,0.0
2025-07-28 00:00:00-04:00,23.637569403873535,23.637569403873535,23.26361846923828,23.26361846923828,1100,0.0,0.0,0.0
2025-07-29 00:00:00-04:00,23.09632483168612,23.273459285873212,22.47635611901233,22.74205780029297,22600,0.0,0.0,0.0
2025-07-30 00:00:00-04:00,22.78142004141309,22.78142004141309,22.558034896850586,22.558034896850586,1100,0.0,0.0,0.0
2025-07-31 00:00:00-04:00,22.456674149648567,22.53540036536675,22.09059715270996,22.09059715270996,700,0.0,0.0,0.0
2025-08-01 00:00:00-04:00,22.092566562935815,22.22443199157715,22.092566562935815,22.22443199157715,1300,0.0,0.0,0.0
2025-08-04 00:00:00-04:00,22.292333185272277,22.496038183356866,22.25001852475316,22.487180709838867,2200,0.0,0.0,0.0
2025-08-05 00:00:00-04:00,22.448801871467495,22.448801871467495,22.42715277237571,22.433055877685547,1300,0.0,0.0,0.0
2025-08-06 00:00:00-04:00,22.61412705950203,22.623968071297625,21.876068067662036,21.921335220336914,2700,0.0,0.0,0.0
2025-08-07 00:00:00-04:00,21.590686068238597,21.620207226418323,21.354507417895462,21.564115524291992,40700,0.0,0.0,0.0
2025-08-08 00:00:00-04:00,21.63989001699441,21.777660431999944,21.638906478881836,21.638906478881836,800,0.0,0.0,0.0
2025-08-11 00:00:00-04:00,21.757979936418863,21.81702413090699,21.639889670461507,21.649730682373047,4200,0.0,0.0,0.0
2025-08-12 00:00:00-04:00,21.610366643589096,21.69893387384816,21.610366643589096,21.62709617614746,1000,0.0,0.0,0.0
2025-08-13 00:00:00-04:00,22.161450862676165,22.230336065416665,21.97447540025123,22.14373779296875,1200,0.0,0.0,0.0
2025-08-14 00:00:00-04:00,22.122087423408953,22.18998908996582,22.08272525375603,22.18998908996582,5100,0.0,0.0,0.0
2025-08-15 00:00:00-04:00,22.633809754813992,22.633809754813992,22.37794907147836,22.576732635498047,3500,0.0,0.0,0.0
2025-08-18 00:00:00-04:00,22.633808305421752,22.89950998383041,22.633808305421752,22.7105655670166,3100,0.0,0.0,0.0
2025-08-19 00:00:00-04:00,22.55508285569676,22.55508285569676,22.43404197692871,22.43404197692871,400,0.0,0.0,0.0
2025-08-20 00:00:00-04:00,22.476356487876334,22.592477798461914,22.476356487876334,22.592477798461914,500,0.0,0.0,0.0
2025-08-21 00:00:00-04:00,22.68301240296991,22.869987874260616,22.626920700073242,22.626920700073242,1800,0.0,0.0,0.0
2025-08-22 00:00:00-04:00,22.938873445822946,22.938873445822946,22.780437469482422,22.780437469482422,2300,0.0,0.0,0.0
2025-08-25 00:00:00-04:00,22.547211480422142,22.547211480422142,22.50588035583496,22.50588035583496,1200,0.0,0.0,0.0
2025-08-26 00:00:00-04:00,22.34842466487965,22.549177169799805,22.34842466487965,22.549177169799805,1500,0.0,0.0,0.0
2025-08-27 00:00:00-04:00,22.535400699767184,22.535400699767184,22.436992459413926,22.476356506347656,500,0.0,0.0,0.0
2025-08-28 00:00:00-04:00,22.75189900318135,22.75189900318135,22.39959716796875,22.39959716796875,600,0.0,0.0,0.0
2025-08-29 00:00:00-04:00,22.50587987696989,22.559019088745117,22.496038865089787,22.559019088745117,2400,0.0,0.0,0.0
2025-09-02 00:00:00-04:00,24.129609117066376,24.129609117066376,22.73221734922371,22.762723922729492,400,0.0,0.0,0.0
2025-09-03 00:00:00-04:00,22.81094387192107,23.101247154663092,22.81094387192107,22.984142303466797,700,0.0,0.0,0.0
2025-09-04 00:00:00-04:00,22.96937943542566,22.96937943542566,22.791261439593526,22.875892639160156,600,0.0,0.0,0.0
2025-09-05 00:00:00-04:00,22.999885120925622,23.030391693115234,22.988077033455934,23.030391693115234,400,0.0,0.0,0.0
2025-09-08 00:00:00-04:00,22.914270823107543,22.99988555908203,22.81094301710058,22.99988555908203,5300,0.0,0.0,0.0
2025-09-09 00:00:00-04:00,22.80110283287071,22.913288116455078,22.80110283287071,22.913288116455078,300,0.0,0.0,0.0
2025-09-10 00:00:00-04:00,22.74205753883299,22.835544332143147,22.722375515931585,22.755834579467773,6800,0.0,0.0,0.0
2025-09-11 00:00:00-04:00,22.904429643167102,22.993980407714844,22.869987041417968,22.993980407714844,1500,0.0,0.0,0.0
2025-09-12 00:00:00-04:00,22.836528732668924,22.836528732668924,22.810943603515625,22.810943603515625,200,0.0,0.0,0.0
2025-09-15 00:00:00-04:00,22.79126038020197,22.79126038020197,22.712534166748014,22.7440242767334,800,0.0,0.0,0.0
2025-09-16 00:00:00-04:00,22.745994567871094,22.745994567871094,22.745994567871094,22.745994567871094,100,0.0,0.0,0.0
2025-09-17 00:00:00-04:00,22.899510269544585,22.899510269544585,22.702693791901556,22.7902774810791,700,0.0,0.0,0.0
2025-09-18 00:00:00-04:00,23.125848312029945,23.34234493966342,23.125848312029945,23.272476196289062,2300,0.0,0.0,0.0
2025-09-19 00:00:00-04:00,23.25082778930664,23.25082778930664,23.25082778930664,23.25082778930664,100,0.0,0.0,0.0
2025-09-22 00:00:00-04:00,23.394502639770508,23.394502639770508,23.394502639770508,23.394502639770508,300,0.0,0.0,0.0
2025-09-23 00:00:00-04:00,23.06975555419922,23.06975555419922,23.06975555419922,23.06975555419922,100,0.0,0.0,0.0
2025-09-24 00:00:00-04:00,22.9182071685791,22.9182071685791,22.9182071685791,22.9182071685791,100,0.0,0.0,0.0
2025-09-25 00:00:00-04:00,22.36909294128418,22.36909294128418,22.36909294128418,22.36909294128418,100,0.0,0.0,0.0
2025-09-26 00:00:00-04:00,22.32874581761226,22.48029327392578,22.26871620716119,22.48029327392578,1400,0.0,0.0,0.0
2025-09-29 00:00:00-04:00,22.496038865089787,22.559019088745117,22.496038865089787,22.559019088745117,800,0.0,0.0,0.0
2025-09-30 00:00:00-04:00,22.78142027871185,23.03432846069336,22.78142027871185,23.03432846069336,300,0.0,0.0,0.0
2025-10-01 00:00:00-04:00,23.4702759796308,24.22801698420523,23.4702759796308,24.221128463745117,2500,0.0,0.0,0.0
2025-10-02 00:00:00-04:00,24.118783950805664,24.118783950805664,24.118783950805664,24.118783950805664,100,0.0,0.0,0.0
2025-10-03 00:00:00-04:00,24.2772199413716,24.283124923706055,24.2772199413716,24.283124923706055,300,0.0,0.0,0.0
2025-10-06 00:00:00-04:00,24.483875582853642,24.513398617580552,24.414990378805225,24.42483139038086,8300,0.0,0.0,0.0
2025-10-07 00:00:00-04:00,24.225065231323242,24.225065231323242,24.225065231323242,24.225065231323242,100,0.0,0.0,0.0
2025-10-08 00:00:00-04:00,24.43467282299303,24.444513834738235,24.229984283447266,24.229984283447266,700,0.0,0.0,0.0
2025-10-09 00:00:00-04:00,23.95247528346175,24.105008154970438,23.95247528346175,24.001678466796875,1000,0.0,0.0,0.0
2025-10-10 00:00:00-04:00,24.082373380181863,24.082373380181863,23.47716522216797,23.47716522216797,1200,0.0,0.0,0.0
2025-10-13 00:00:00-04:00,23.51947835928335,23.598204572855757,23.514558792114258,23.514558792114258,800,0.0,0.0,0.0
2025-10-14 00:00:00-04:00,23.15733878878542,23.15733878878542,23.145530700683594,23.145530700683594,1600,0.0,0.0,0.0
2025-10-15 00:00:00-04:00,23.12584729881095,23.491924285888672,23.12584729881095,23.491924285888672,400,0.0,0.0,0.0
2025-10-16 00:00:00-04:00,23.560810774273676,23.560810774273676,23.312824032545986,23.35218620300293,1700,0.0,0.0,0.0
2025-10-17 00:00:00-04:00,22.98807716369629,22.98807716369629,22.98807716369629,22.98807716369629,600,0.0,0.0,0.0
2025-10-20 00:00:00-04:00,23.12584758603154,23.24590492248535,23.12584758603154,23.24590492248535,200,0.0,0.0,0.0
2025-10-21 00:00:00-04:00,23.139624988141954,23.139624988141954,23.118959426879883,23.118959426879883,500,0.0,0.0,0.0
2025-10-22 00:00:00-04:00,23.0569636547926,23.0569636547926,22.840465145031956,22.848339080810547,7400,0.0,0.0,0.0
2025-10-23 00:00:00-04:00,22.62396822527209,22.791261672973633,22.62396822527209,22.791261672973633,2500,0.0,0.0,0.0
2025-10-24 00:00:00-04:00,22.785357094852444,22.785357094852444,22.712535858154297,22.712535858154297,1600,0.0,0.0,0.0
2025-10-27 00:00:00-04:00,22.76862625141826,22.78141975402832,22.76862625141826,22.78141975402832,600,0.0,0.0,0.0
2025-10-28 00:00:00-04:00,22.77158012466051,22.808975219726562,22.77158012466051,22.808975219726562,500,0.0,0.0,0.0
2025-10-29 00:00:00-04:00,22.574764251708984,22.574764251708984,22.574764251708984,22.574764251708984,200,0.0,0.0,0.0
2025-10-30 00:00:00-04:00,22.525560099175976,22.74107319222287,22.525560099175976,22.584606170654297,1700,0.0,0.0,0.0
2025-10-31 00:00:00-04:00,22.81094298735379,22.929031372070312,22.81094298735379,22.929031372070312,2200,0.0,0.0,0.0
2025-11-03 00:00:00-05:00,22.840464714339014,22.856210708618164,22.840464714339014,22.856210708618164,400,0.0,0.0,0.0
2025-11-04 00:00:00-05:00,22.869004869987325,22.869004869987325,22.78634262084961,22.78634262084961,100,0.0,0.0,0.0
2025-11-05 00:00:00-05:00,23.165211816307046,23.165211816307046,23.13568878173828,23.13568878173828,1900,0.0,0.0,0.0
2025-11-06 00:00:00-05:00,23.1258475166403,23.243937776639466,23.076644336546234,23.1268310546875,4100,0.0,0.0,0.0
2025-11-07 00:00:00-05:00,23.123878479003906,23.123878479003906,23.123878479003906,23.123878479003906,100,0.0,0.0,0.0
2025-11-10 00:00:00-05:00,23.236063804205425,23.3817081451416,23.236063804205425,23.3817081451416,1700,0.0,0.0,0.0
2025-11-11 00:00:00-05:00,23.903272126286385,24.072532653808594,23.903272126286385,24.072532653808594,1100,0.0,0.0,0.0
2025-11-12 00:00:00-05:00,24.42483139038086,24.42483139038086,24.42483139038086,24.42483139038086,100,0.0,0.0,0.0
2025-11-13 00:00:00-05:00,24.661009897110127,24.769259146845936,24.48978042602539,24.48978042602539,3600,0.0,0.0,0.0
2025-11-14 00:00:00-05:00,24.38645213918823,24.651168399013596,24.38645213918823,24.565553665161133,500,0.0,0.0,0.0
2025-11-17 00:00:00-05:00,24.680693255277617,24.680693255277617,24.582285011738023,24.585237503051758,500,0.0,0.0,0.0
2025-11-18 00:00:00-05:00,24.690532891704677,24.83814431029938,24.690532891704677,24.815509796142578,5100,0.0,0.0,0.0
2025-11-19 00:00:00-05:00,24.757452019954616,24.812560185018725,24.734817504882812,24.734817504882812,1300,0.0,0.0,0.0
2025-11-20 00:00:00-05:00,24.74957737089009,24.74957737089009,24.592124938964844,24.592124938964844,800,0.0,0.0,0.0
2025-11-21 00:00:00-05:00,25.064481533364198,25.064481533364198,24.9168701171875,24.9168701171875,300,0.0,0.0,0.0
2025-11-24 00:00:00-05:00,24.847986573028145,25.02807352635175,24.847986573028145,25.024137496948242,1600,0.0,0.0,0.0
2025-11-25 00:00:00-05:00,25.369548376094556,25.564395904541016,25.369548376094556,25.564395904541016,2300,0.0,0.0,0.0
2025-11-26 00:00:00-05:00,25.58604502003527,25.851746707257252,25.58604502003527,25.799589157104492,5300,0.0,0.0,0.0
2025-11-28 00:00:00-05:00,25.82222378712795,25.82222378712795,25.592933654785156,25.592933654785156,600,0.0,0.0,0.0
2025-12-01 00:00:00-05:00,25.2317753921849,25.41875085684394,25.02511978149414,25.02511978149414,1100,0.0,0.0,0.0
2025-12-02 00:00:00-05:00,24.83519172668457,24.83519172668457,24.83519172668457,24.83519172668457,200,0.0,0.0,0.0
2025-12-03 00:00:00-05:00,24.985755967071714,24.985755967071714,24.940488815307617,24.940488815307617,400,0.0,0.0,0.0
2025-12-04 00:00:00-05:00,24.957218170166016,24.957218170166016,24.957218170166016,24.957218170166016,200,0.0,0.0,0.0
2025-12-05 00:00:00-05:00,24.84798592230726,24.84798592230726,24.81354331970215,24.81354331970215,700,0.0,0.0,0.0
2025-12-08 00:00:00-05:00,24.680691950555868,24.680691950555868,24.44451330473488,24.56063461303711,3300,0.0,0.0,0.0
2025-12-09 00:00:00-05:00,24.493716564830876,24.493716564830876,24.283124923706055,24.283124923706055,1300,0.0,0.0,0.0
2025-12-10 00:00:00-05:00,24.56260133633322,24.664945602416992,24.56260133633322,24.664945602416992,200,0.0,0.0,0.0
2025-12-11 00:00:00-05:00,24.966076906777243,24.995598065873025,24.90211126710117,24.93360137939453,1300,0.0,0.0,0.0
2025-12-12 00:00:00-05:00,24.779100493240023,24.90702989076312,24.779100493240023,24.875539779663086,1400,0.0,0.0,0.0
2025-12-15 00:00:00-05:00,25.133369483224946,25.181589126586914,25.044802255055316,25.181589126586914,1700,0.0,0.0,0.0
2025-12-16 00:00:00-05:00,24.98575562798061,24.98575562798061,24.651168746127407,24.857826232910156,4900,0.0,0.0,0.0
2025-12-17 00:00:00-05:00,24.74957702263262,24.74957702263262,24.602949142456055,24.602949142456055,1300,0.0,0.0,0.0
2025-12-18 00:00:00-05:00,24.80567166438571,24.838145314378018,24.72989606044146,24.734817504882812,1600,0.0,0.0,0.0
2025-12-19 00:00:00-05:00,25.07038688659668,25.07038688659668,25.07038688659668,25.07038688659668,200,0.0,0.0,0.0
2025-12-22 00:00:00-05:00,25.149112701416016,25.149112701416016,25.149112701416016,25.149112701416016,200,0.0,0.0,0.0
2025-12-23 00:00:00-05:00,25.645089639246766,25.664771663141114,25.533889770507812,25.533889770507812,2000,0.0,0.0,0.0
2025-12-24 00:00:00-05:00,25.881267924232258,25.881267924232258,25.66083526611328,25.66083526611328,400,0.0,0.0,0.0
2025-12-26 00:00:00-05:00,25.79270073190013,25.802541743720404,25.65689927353493,25.709054946899414,5400,0.0,0.0,0.0
2025-12-29 00:00:00-05:00,25.68445285936481,25.68445285936481,25.527000427246094,25.527000427246094,1600,0.0,0.0,0.0
2025-12-30 00:00:00-05:00,25.45599937438965,25.59000015258789,25.44099998474121,25.44099998474121,31400,0.413,0.0,0.0
2025-12-31 00:00:00-05:00,25.459999084472656,25.459999084472656,25.079999923706055,25.219999313354492,4600,0.0,0.0,0.0
2026-01-02 00:00:00-05:00,25.549999237060547,25.549999237060547,25.360000610351562,25.42099952697754,1900,0.0,0.0,0.0
2026-01-05 00:00:00-05:00,25.739999771118164,25.739999771118164,25.280000686645508,25.51099967956543,1600,0.0,0.0,0.0
2026-01-06 00:00:00-05:00,25.75,26.020000457763672,25.75,25.823999404907227,1600,0.0,0.0,0.0
2026-01-07 00:00:00-05:00,26.09000015258789,26.27199935913086,26.09000015258789,26.27199935913086,400,0.0,0.0,0.0
2026-01-08 00:00:00-05:00,26.190000534057617,26.349000930786133,26.106000900268555,26.106000900268555,1100,0.0,0.0,0.0
2026-01-09 00:00:00-05:00,26.17300033569336,26.17300033569336,26.10700035095215,26.10700035095215,400,0.0,0.0,0.0
2026-01-12 00:00:00-05:00,26.440000534057617,26.440000534057617,26.079999923706055,26.17799949645996,1500,0.0,0.0,0.0
2026-01-13 00:00:00-05:00,25.958999633789062,26.1200008392334,25.8799991607666,25.981000900268555,2100,0.0,0.0,0.0
2026-01-14 00:00:00-05:00,26.229999542236328,26.229999542236328,26.145000457763672,26.145000457763672,600,0.0,0.0,0.0
2026-01-15 00:00:00-05:00,26.0,26.0,25.691999435424805,25.826000213623047,3200,0.0,0.0,0.0
2026-01-16 00:00:00-05:00,25.809999465942383,25.985000610351562,25.799999237060547,25.985000610351562,1400,0.0,0.0,0.0
2026-01-20 00:00:00-05:00,27.280000686645508,27.280000686645508,25.540000915527344,25.75200080871582,2300,0.0,0.0,0.0
2026-01-21 00:00:00-05:00,25.860000610351562,26.051000595092773,25.764999389648438,26.051000595092773,2600,0.0,0.0,0.0
2026-01-22 00:00:00-05:00,26.413999557495117,26.43600082397461,26.413999557495117,26.43600082397461,300,0.0,0.0,0.0
2026-01-23 00:00:00-05:00,26.520000457763672,26.575000762939453,26.440000534057617,26.445999145507812,2000,0.0,0.0,0.0
2026-01-26 00:00:00-05:00,26.6299991607666,26.6299991607666,26.59000015258789,26.625,800,0.0,0.0,0.0
2026-01-27 00:00:00-05:00,26.700000762939453,26.700000762939453,26.69499969482422,26.69499969482422,200,0.0,0.0,0.0
2026-01-28 00:00:00-05:00,26.43000030517578,26.43000030517578,26.121000289916992,26.121000289916992,700,0.0,0.0,0.0
2026-01-29 00:00:00-05:00,26.290000915527344,26.30299949645996,26.290000915527344,26.30299949645996,26300,0.0,0.0,0.0
2026-01-30 00:00:00-05:00,26.104999542236328,26.209999084472656,26.104999542236328,26.202999114990234,700,0.0,0.0,0.0
2026-02-02 00:00:00-05:00,26.260000228881836,26.371999740600586,26.25,26.371999740600586,7300,0.0,0.0,0.0
2026-02-03 00:00:00-05:00,26.3700008392334,26.3700008392334,25.59000015258789,25.652000427246094,28000,0.0,0.0,0.0
2026-02-04 00:00:00-05:00,25.8799991607666,25.969999313354492,25.8799991607666,25.969999313354492,300,0.0,0.0,0.0
2026-02-05 00:00:00-05:00,25.709999084472656,25.709999084472656,25.36199951171875,25.36199951171875,800,0.0,0.0,0.0
2026-02-06 00:00:00-05:00,25.850000381469727,26.030000686645508,25.850000381469727,25.969999313354492,30600,0.0,0.0,0.0
2026-02-09 00:00:00-05:00,26.184999465942383,26.184999465942383,26.121000289916992,26.121000289916992,800,0.0,0.0,0.0
2026-02-10 00:00:00-05:00,26.125,26.18000030517578,26.03499984741211,26.03499984741211,900,0.0,0.0,0.0
2026-02-11 00:00:00-05:00,26.048999786376953,26.156999588012695,26.048999786376953,26.156999588012695,400,0.0,0.0,0.0
2026-02-12 00:00:00-05:00,26.350000381469727,26.350000381469727,26.312999725341797,26.312999725341797,700,0.0,0.0,0.0
2026-02-13 00:00:00-05:00,26.54199981689453,26.54199981689453,26.489999771118164,26.541000366210938,700,0.0,0.0,0.0
2026-02-17 00:00:00-05:00,26.434999465942383,26.541000366210938,26.40999984741211,26.541000366210938,1500,0.0,0.0,0.0
2026-02-18 00:00:00-05:00,26.81999969482422,26.81999969482422,26.469999313354492,26.531999588012695,5400,0.0,0.0,0.0
2026-02-19 00:00:00-05:00,26.700000762939453,26.700000762939453,26.3799991607666,26.3799991607666,300,0.0,0.0,0.0
2026-02-20 00:00:00-05:00,26.459999084472656,26.610000610351562,26.459999084472656,26.47800064086914,1200,0.0,0.0,0.0
2026-02-23 00:00:00-05:00,26.200000762939453,26.260000228881836,26.200000762939453,26.260000228881836,1200,0.0,0.0,0.0
2026-02-24 00:00:00-05:00,26.229999542236328,26.229999542236328,26.136999130249023,26.136999130249023,1300,0.0,0.0,0.0
2026-02-25 00:00:00-05:00,26.100000381469727,26.149999618530273,25.979999542236328,26.000999450683594,1200,0.0,0.0,0.0
2026-02-26 00:00:00-05:00,25.665000915527344,25.700000762939453,25.3799991607666,25.628000259399414,1800,0.0,0.0,0.0
2026-02-27 00:00:00-05:00,25.795000076293945,25.958999633789062,25.795000076293945,25.958999633789062,200,0.0,0.0,0.0
2026-03-02 00:00:00-05:00,25.611000061035156,25.611000061035156,25.611000061035156,25.611000061035156,100,0.0,0.0,0.0
2026-03-03 00:00:00-05:00,24.860000610351562,25.079999923706055,24.860000610351562,25.076000213623047,3600,0.0,0.0,0.0
2026-03-04 00:00:00-05:00,24.969999313354492,25.40999984741211,24.969999313354492,25.40999984741211,200,0.0,0.0,0.0
2026-03-05 00:00:00-05:00,25.020000457763672,25.040000915527344,23.65999984741211,24.770000457763672,3200,0.0,0.0,0.0
2026-03-06 00:00:00-05:00,24.45599937438965,24.660999298095703,24.45599937438965,24.660999298095703,200,0.0,0.0,0.0
2026-03-09 00:00:00-04:00,24.5310001373291,25.113000869750977,24.530000686645508,25.113000869750977,2400,0.0,0.0,0.0
2026-03-10 00:00:00-04:00,25.225000381469727,25.225000381469727,25.090999603271484,25.090999603271484,500,0.0,0.0,0.0
2026-03-11 00:00:00-04:00,25.0,25.045000076293945,24.920000076293945,25.027000427246094,2600,0.0,0.0,0.0
2026-03-12 00:00:00-04:00,24.479999542236328,24.479999542236328,24.413000106811523,24.413000106811523,200,0.0,0.0,0.0
2026-03-13 00:00:00-04:00,24.364999771118164,24.364999771118164,24.302000045776367,24.302000045776367,300,0.0,0.0,0.0
2026-03-16 00:00:00-04:00,24.530000686645508,24.729999542236328,24.510000228881836,24.659000396728516,1800,0.0,0.0,0.0
2026-03-17 00:00:00-04:00,24.65999984741211,24.698999404907227,24.64699935913086,24.64699935913086,4500,0.0,0.0,0.0
2026-03-18 00:00:00-04:00,23.90999984741211,23.945999145507812,23.90999984741211,23.945999145507812,500,0.0,0.0,0.0
2026-03-19 00:00:00-04:00,23.670000076293945,23.895999908447266,23.670000076293945,23.895999908447266,200,0.0,0.0,0.0
2026-03-20 00:00:00-04:00,23.481000900268555,23.481000900268555,23.481000900268555,23.481000900268555,100,0.0,0.0,0.0
2026-03-23 00:00:00-04:00,23.50200080871582,23.50200080871582,23.50200080871582,23.50200080871582,100,0.0,0.0,0.0
2026-03-24 00:00:00-04:00,23.450000762939453,23.475000381469727,23.399999618530273,23.475000381469727,500,0.0,0.0,0.0
2026-03-25 00:00:00-04:00,23.93199920654297,23.93199920654297,23.889999389648438,23.889999389648438,300,0.0,0.0,0.0
2026-03-26 00:00:00-04:00,23.66699981689453,23.66699981689453,23.66699981689453,23.66699981689453,100,0.0,0.0,0.0
2026-03-27 00:00:00-04:00,23.66200065612793,23.66200065612793,23.66200065612793,23.66200065612793,100,0.0,0.0,0.0
2026-03-30 00:00:00-04:00,23.83799934387207,23.83799934387207,23.83799934387207,23.83799934387207,200,0.0,0.0,0.0
2026-03-31 00:00:00-04:00,24.360000610351562,24.584999084472656,24.360000610351562,24.584999084472656,600,0.0,0.0,0.0
2026-04-01 00:00:00-04:00,25.079999923706055,25.09000015258789,24.972999572753906,24.972999572753906,3100,0.0,0.0,0.0
2026-04-02 00:00:00-04:00,24.770000457763672,24.899999618530273,24.770000457763672,24.899999618530273,1300,0.0,0.0,0.0
2026-04-06 00:00:00-04:00,24.540000915527344,24.667999267578125,24.540000915527344,24.667999267578125,400,0.0,0.0,0.0
2026-04-07 00:00:00-04:00,24.3700008392334,24.610000610351562,24.3700008392334,24.599000930786133,1600,0.0,0.0,0.0
2026-04-08 00:00:00-04:00,25.09000015258789,25.09000015258789,24.899999618530273,24.96299934387207,1000,0.0,0.0,0.0
2026-04-09 00:00:00-04:00,25.040000915527344,25.040000915527344,24.91900062561035,24.91900062561035,1500,0.0,0.0,0.0
2026-04-10 00:00:00-04:00,24.829999923706055,24.829999923706055,24.659000396728516,24.659000396728516,500,0.0,0.0,0.0
2026-04-13 00:00:00-04:00,24.65999984741211,24.65999984741211,24.624000549316406,24.624000549316406,2200,0.0,0.0,0.0
2026-04-14 00:00:00-04:00,24.709999084472656,24.829999923706055,24.709999084472656,24.829999923706055,700,0.0,0.0,0.0
2026-04-15 00:00:00-04:00,25.041000366210938,25.041000366210938,25.041000366210938,25.041000366210938,100,0.0,0.0,0.0
2026-04-16 00:00:00-04:00,25.5,25.5,24.84000015258789,24.87299919128418,400,0.0,0.0,0.0
2026-04-17 00:00:00-04:00,25.135000228881836,25.139999389648438,25.052000045776367,25.052000045776367,600,0.0,0.0,0.0
2026-04-20 00:00:00-04:00,25.100000381469727,25.100000381469727,24.899999618530273,24.91200065612793,1000,0.0,0.0,0.0
2026-04-21 00:00:00-04:00,24.850000381469727,24.850000381469727,24.375,24.375,300,0.0,0.0,0.0
2026-04-22 00:00:00-04:00,24.465999603271484,24.465999603271484,24.465999603271484,24.465999603271484,100,0.0,0.0,0.0
2026-04-23 00:00:00-04:00,24.510000228881836,24.510000228881836,24.399999618530273,24.409000396728516,700,0.0,0.0,0.0
2026-04-24 00:00:00-04:00,24.434999465942383,24.47800064086914,24.389999389648438,24.47800064086914,800,0.0,0.0,0.0
2026-04-27 00:00:00-04:00,23.975000381469727,23.975000381469727,23.975000381469727,23.975000381469727,200,0.0,0.0,0.0
2026-04-28 00:00:00-04:00,24.079999923706055,24.079999923706055,23.908000946044922,23.908000946044922,5900,0.0,0.0,0.0
2026-04-29 00:00:00-04:00,23.700000762939453,23.700000762939453,23.565000534057617,23.586999893188477,600,0.0,0.0,0.0
2026-04-30 00:00:00-04:00,24.520000457763672,24.520000457763672,24.4950008392334,24.4950008392334,200,0.0,0.0,0.0
2026-05-01 00:00:00-04:00,24.700000762939453,24.700000762939453,24.6200008392334,24.625,1200,0.0,0.0,0.0
2026-05-04 00:00:00-04:00,24.31999969482422,24.680999755859375,24.31999969482422,24.680999755859375,1000,0.0,0.0,0.0
2026-05-05 00:00:00-04:00,24.690000534057617,24.7549991607666,24.690000534057617,24.7549991607666,700,0.0,0.0,0.0
2026-05-06 00:00:00-04:00,25.040000915527344,25.149999618530273,25.010000228881836,25.125,2400,0.0,0.0,0.0
2026-05-07 00:00:00-04:00,24.899999618530273,24.899999618530273,24.75,24.75,800,0.0,0.0,0.0
2026-05-08 00:00:00-04:00,24.709999084472656,24.709999084472656,24.643999099731445,24.643999099731445,1000,0.0,0.0,0.0
2026-05-11 00:00:00-04:00,25.010000228881836,25.149999618530273,24.801000595092773,24.801000595092773,1800,0.0,0.0,0.0
2026-05-12 00:00:00-04:00,24.239999771118164,24.934999465942383,24.239999771118164,24.934999465942383,2800,0.0,0.0,0.0
2026-05-13 00:00:00-04:00,25.040000915527344,25.049999237060547,24.850000381469727,25.030000686645508,2800,0.0,0.0,0.0
2026-05-14 00:00:00-04:00,24.834999084472656,24.940000534057617,24.809999465942383,24.922000885009766,1500,0.0,0.0,0.0
2026-05-15 00:00:00-04:00,24.43199920654297,24.43199920654297,24.43199920654297,24.43199920654297,200,0.0,0.0,0.0
2026-05-18 00:00:00-04:00,24.809999465942383,24.809999465942383,23.920000076293945,24.020999908447266,1500,0.0,0.0,0.0
2026-05-19 00:00:00-04:00,24.15999984741211,24.15999984741211,24.118000030517578,24.118000030517578,400,0.0,0.0,0.0
2026-05-20 00:00:00-04:00,24.200000762939453,24.422000885009766,24.200000762939453,24.422000885009766,2600,0.0,0.0,0.0
2026-05-21 00:00:00-04:00,24.5,24.52899932861328,24.5,24.52899932861328,700,0.0,0.0,0.0
2026-05-22 00:00:00-04:00,24.739999771118164,24.770000457763672,24.739999771118164,24.770000457763672,1300,0.0,0.0,0.0
2026-05-26 00:00:00-04:00,27.25,27.25,24.600000381469727,24.62299919128418,1000,0.0,0.0,0.0
2026-05-27 00:00:00-04:00,24.854999542236328,24.8799991607666,24.75200080871582,24.75200080871582,3400,0.0,0.0,0.0
2026-05-28 00:00:00-04:00,24.65999984741211,25.170000076293945,24.65999984741211,24.889999389648438,2400,0.0,0.0,0.0
2026-05-29 00:00:00-04:00,24.959999084472656,24.959999084472656,24.895000457763672,24.92300033569336,400,0.0,0.0,0.0
2026-06-01 00:00:00-04:00,24.790000915527344,24.790000915527344,24.264999389648438,24.264999389648438,800,0.0,0.0,0.0
2026-06-02 00:00:00-04:00,23.860000610351562,23.909000396728516,23.780000686645508,23.909000396728516,1500,0.0,0.0,0.0
2026-06-03 00:00:00-04:00,23.788999557495117,23.788999557495117,23.788999557495117,23.788999557495117,100,0.0,0.0,0.0
2026-06-04 00:00:00-04:00,23.950000762939453,24.485000610351562,23.950000762939453,24.485000610351562,9300,0.0,0.0,0.0
2026-06-05 00:00:00-04:00,24.600000381469727,24.600000381469727,24.31399917602539,24.31399917602539,1400,0.0,0.0,0.0
2026-06-08 00:00:00-04:00,24.5,24.5,23.937999725341797,23.937999725341797,2900,0.0,0.0,0.0
2026-06-09 00:00:00-04:00,23.899999618530273,24.1299991607666,23.81999969482422,24.027999877929688,4000,0.0,0.0,0.0
2026-06-10 00:00:00-04:00,24.190000534057617,24.190000534057617,23.988000869750977,23.988000869750977,500,0.0,0.0,0.0
2026-06-11 00:00:00-04:00,24.329999923706055,24.735000610351562,24.329999923706055,24.525999069213867,2100,0.0,0.0,0.0
2026-06-12 00:00:00-04:00,24.423999786376953,24.423999786376953,24.423999786376953,24.423999786376953,200,0.0,0.0,0.0
2026-06-15 00:00:00-04:00,24.510000228881836,24.510000228881836,24.375999450683594,24.375999450683594,200,0.0,0.0,0.0
2026-06-16 00:00:00-04:00,24.299999237060547,24.299999237060547,24.15999984741211,24.26300048828125,400,0.0,0.0,0.0
2026-06-17 00:00:00-04:00,24.257999420166016,24.257999420166016,24.257999420166016,24.257999420166016,200,0.0,0.0,0.0
2026-06-18 00:00:00-04:00,24.115999221801758,24.115999221801758,24.115999221801758,24.115999221801758,100,0.0,0.0,0.0
2026-06-22 00:00:00-04:00,24.229999542236328,24.459999084472656,24.229999542236328,24.44099998474121,1600,0.0,0.0,0.0
2026-06-23 00:00:00-04:00,24.739999771118164,24.739999771118164,24.674999237060547,24.674999237060547,700,0.0,0.0,0.0
2026-06-24 00:00:00-04:00,24.791000366210938,24.950000762939453,24.791000366210938,24.875999450683594,16700,0.0,0.0,0.0
2026-06-25 00:00:00-04:00,24.899999618530273,25.149999618530273,24.864999771118164,24.937000274658203,3100,0.0,0.0,0.0
2026-06-26 00:00:00-04:00,25.309999465942383,25.389999389648438,25.270000457763672,25.36400032043457,2100,0.0,0.0,0.0
2026-06-29 00:00:00-04:00,25.815000534057617,25.856000900268555,25.600000381469727,25.856000900268555,1100,0.0,0.0,0.0
2026-06-30 00:00:00-04:00,25.719999313354492,25.790000915527344,25.69099998474121,25.69099998474121,6300,0.0,0.0,0.0
2026-07-01 00:00:00-04:00,25.649999618530273,25.649999618530273,25.56999969482422,25.604000091552734,1200,0.0,0.0,0.0
2026-07-02 00:00:00-04:00,26.700000762939453,26.700000762939453,26.225000381469727,26.40999984741211,2400,0.0,0.0,0.0
2026-07-06 00:00:00-04:00,26.920000076293945,26.920000076293945,26.299999237060547,26.549999237060547,11300,0.0,0.0,0.0
2026-07-07 00:00:00-04:00,26.704999923706055,26.770000457763672,26.704999923706055,26.750999450683594,1500,0.0,0.0,0.0
2026-07-08 00:00:00-04:00,26.6200008392334,26.6200008392334,26.201000213623047,26.315000534057617,2800,0.0,0.0,0.0
2026-07-09 00:00:00-04:00,26.180999755859375,26.243999481201172,26.180999755859375,26.243999481201172,200,0.0,0.0,0.0
2026-07-10 00:00:00-04:00,25.899999618530273,25.989999771118164,25.889999389648438,25.93000030517578,3000,0.0,0.0,0.0
2026-07-13 00:00:00-04:00,26.780000686645508,26.780000686645508,25.614999771118164,25.642000198364258,800,0.0,0.0,0.0
2026-07-14 00:00:00-04:00,25.44700050354004,25.44700050354004,25.44700050354004,25.44700050354004,100,0.0,0.0,0.0
2026-07-15 00:00:00-04:00,25.684999465942383,25.900999069213867,25.684999465942383,25.900999069213867,400,0.0,0.0,0.0
2026-07-16 00:00:00-04:00,25.780000686645508,25.827999114990234,25.780000686645508,25.827999114990234,600,0.0,0.0,0.0
2026-07-17 00:00:00-04:00,25.670000076293945,25.812000274658203,25.670000076293945,25.72100067138672,2300,0.0,0.0,0.0
2026-07-20 00:00:00-04:00,25.670000076293945,25.801000595092773,25.670000076293945,25.801000595092773,1000,0.0,0.0,0.0
2026-07-21 00:00:00-04:00,25.690000534057617,25.69499969482422,25.6299991607666,25.69499969482422,1100,0.0,0.0,0.0
2026-07-22 00:00:00-04:00,25.989999771118164,25.989999771118164,25.64299964904785,25.64299964904785,1200,0.0,0.0,0.0
2026-07-23 00:00:00-04:00,25.540000915527344,25.75,25.540000915527344,25.673999786376953,600,0.0,0.0,0.0
2026-07-24 00:00:00-04:00,25.729999542236328,25.729999542236328,25.64900016784668,25.64900016784668,500,0.0,0.0,0.0
2026-07-27 00:00:00-04:00,26.030000686645508,26.030000686645508,25.753000259399414,25.753000259399414,1700,0.0,0.0,0.0
2026-07-28 00:00:00-04:00,25.969999313354492,26.084999084472656,25.969999313354492,26.084999084472656,600,0.0,0.0,0.0
2026-07-29 00:00:00-04:00,27.0,27.0,25.773000717163086,25.773000717163086,2300,0.0,0.0,0.0
2026-07-30 00:00:00-04:00,25.639999389648438,25.863000869750977,25.639999389648438,25.863000869750977,800,0.0,0.0,0.0
2026-07-31 00:00:00-04:00,25.299999237060547,25.395999908447266,25.299999237060547,25.395999908447266,1700,0.0,0.0,0.0
2026-08-03 00:00:00-04:00,26.389999389648438,26.389999389648438,25.149999618530273,25.29400062561035,1400,0.0,0.0,0.0
2026-08-04 00:00:00-04:00,25.649999618530273,25.649999618530273,25.440000534057617,25.538000106811523,2000,0.0,0.0,0.0
2026-08-05 00:00:00-04:00,25.781999588012695,25.781999588012695,25.781999588012695,25.781999588012695,100,0.0,0.0,0.0
2026-08-06 00:00:00-04:00,25.760000228881836,26.010000228881836,25.760000228881836,26.000999450683594,1300,0.0,0.0,0.0
2026-08-07 00:00:00-04:00,26.5,26.5,26.43000030517578,26.43000030517578,1300,0.0,0.0,0.0
2026-08-10 00:00:00-04:00,26.600000381469727,26.770999908447266,26.600000381469727,26.770999908447266,700,0.0,0.0,0.0
2026-08-12 00:00:00-04:00,26.5,26.59000015258789,26.43000030517578,26.5,3200,0.0,0.0,0.0
2026-08-13 00:00:00-04:00,26.579999923706055,26.579999923706055,26.43000030517578,26.447999954223633,2000,0.0,0.0,0.0
2026-08-14 00:00:00-04:00,26.559999465942383,26.174999237060547,26.16010093688965,26.16010093688965,1247,0.0,0.0,0.0
