Date,Open,High,Low,Close,Volume,Dividends,Stock Splits
2014-11-07 00:00:00+09:00,167.24152628580728,195.30218505859375,142.71651051839194,195.30218505859375,59433600,0.0,0.0
2014-11-10 00:00:00+09:00,202.87855412971462,234.58709716796875,202.0367344030353,234.58709716796875,37328000,0.0,0.0
2014-11-11 00:00:00+09:00,238.51560522748537,244.1277371151909,207.64887984510491,214.38343811035156,23489600,0.0,0.0
2014-11-12 00:00:00+09:00,206.52645667049964,222.80163939725097,191.37370033869666,194.4603729248047,7211200,0.0,0.0
2014-11-13 00:00:00+09:00,187.72581262558032,194.1797643301967,166.11910474490816,175.65972900390625,6443200,0.0,0.0
2014-11-14 00:00:00+09:00,171.73121087908493,175.09848952377286,157.4202766391612,159.49676513671875,3934400,0.0,0.0
2014-11-17 00:00:00+09:00,157.13966133456532,172.29241439182698,152.64995672500632,166.7925262451172,3912000,0.0,0.0
2014-11-18 00:00:00+09:00,171.1700210952124,177.90457930223715,168.25171253883502,168.64456176757812,2614400,0.0,0.0
2014-11-19 00:00:00+09:00,173.97608984712912,173.97608984712912,160.50697321380298,162.19061279296875,1284800,0.0,0.0
2014-11-20 00:00:00+09:00,163.87424205819903,171.1700131087353,158.76720232282366,161.06817626953125,1041600,0.0,0.0
2014-11-21 00:00:00+09:00,163.3130377225333,163.48140167894826,157.13969265398393,158.65496826171875,710400,0.0,0.0
2014-11-25 00:00:00+09:00,162.69567984917228,162.69567984917228,156.0172438705412,159.49676513671875,718400,0.0,0.0
2014-11-26 00:00:00+09:00,162.30282121412824,173.4148400939337,159.49675584044,170.0475616455078,1739200,0.0,0.0
2014-11-27 00:00:00+09:00,168.3639582672682,168.64456486438033,159.9457603539048,167.2976531982422,526400,0.0,0.0
2014-11-28 00:00:00+09:00,169.48637656865156,178.1851806640625,168.9251634012057,178.1851806640625,1654400,0.0,0.0
2014-12-01 00:00:00+09:00,175.37910736466648,179.5882059414185,170.04758250078063,179.02699279785156,782400,0.0,0.0
2014-12-02 00:00:00+09:00,179.02699556162005,184.3585205078125,174.2566837676584,184.3585205078125,1000000,0.0,0.0
2014-12-03 00:00:00+09:00,184.077919322117,184.91973907511448,162.75181891284734,168.13946533203125,1161600,0.0,0.0
2014-12-04 00:00:00+09:00,165.38952331132097,168.25171051487624,163.03242796721662,166.73643493652344,312000,0.0,0.0
2014-12-05 00:00:00+09:00,164.49157161906615,168.9251554327496,162.7518108820511,165.55787658691406,387200,0.0,0.0
2014-12-08 00:00:00+09:00,165.55787890369356,165.72624284834137,160.00186873031538,160.78756713867188,409600,0.0,0.0
2014-12-09 00:00:00+09:00,159.9457463063497,162.1344775715945,158.1498642425591,158.99168395996094,195200,0.0,0.0
2014-12-10 00:00:00+09:00,157.2519317626953,158.43047943115235,156.01726277669272,156.57847595214844,140800,0.0,0.0
2014-12-11 00:00:00+09:00,155.90498575417726,155.90498575417726,154.38971051466584,154.501953125,68800,0.0,0.0
2014-12-12 00:00:00+09:00,154.61423294507216,155.45605272517236,150.96634723130458,151.86428833007812,206400,0.0,0.0
2014-12-15 00:00:00+09:00,148.2163701845317,155.45601870925893,140.30326598308568,143.3338165283203,440000,0.0,0.0
2014-12-16 00:00:00+09:00,142.04306484432672,143.3338552399883,140.86451709176612,142.54815673828125,137600,0.0,0.0
2014-12-17 00:00:00+09:00,140.8083710418907,142.716495639509,140.64000710680673,141.48182678222656,137600,0.0,0.0
2014-12-18 00:00:00+09:00,141.59407609663668,142.15528924010334,132.55854448682356,133.84933471679688,334400,0.0,0.0
2014-12-19 00:00:00+09:00,129.80863165659449,132.61469805643438,122.06388839303631,122.90570831298828,609600,0.0,0.0
2014-12-22 00:00:00+09:00,125.71174308704653,125.71174308704653,123.57913315967699,124.53319549560547,238400,0.0,0.0
2014-12-24 00:00:00+09:00,129.0228929388359,143.10934188518118,127.00252575928039,134.5227813720703,505600,0.0,0.0
2014-12-25 00:00:00+09:00,126.66583963190338,129.75251272882616,125.15056374795948,129.19129943847656,276800,0.0,0.0
2014-12-26 00:00:00+09:00,126.37909747184591,132.73461060683414,125.98539311835106,129.5287322998047,132800,0.3125,0.0
2014-12-29 00:00:00+09:00,132.34092301093207,132.34092301093207,125.98540907118056,126.54784393310547,80000,0.0,0.0
2014-12-30 00:00:00+09:00,127.67270009332707,131.94720458984375,126.54783048898057,131.94720458984375,188800,0.0,0.0
2015-01-05 00:00:00+09:00,131.94719275649712,140.60868793318107,131.94719275649712,140.5524444580078,161600,0.0,0.0
2015-01-06 00:00:00+09:00,136.44668099440312,148.37029862458178,135.6030288035886,148.14532470703125,230400,0.0,0.0
2015-01-07 00:00:00+09:00,149.04522617729063,159.16905286103113,148.25781743522194,157.20053100585938,564800,0.0,0.0
2015-01-08 00:00:00+09:00,162.8248610769867,164.7371392381672,154.89453105562052,158.94406127929688,424000,0.0,0.0
2015-01-09 00:00:00+09:00,155.51321098569164,155.90691531730099,149.04521125210954,151.01373291015625,164800,0.0,0.0
2015-01-13 00:00:00+09:00,147.13295815532604,148.03285392386016,144.09580993652344,144.09580993652344,78400,0.0,0.0
2015-01-14 00:00:00+09:00,146.23302973533163,146.28927320830675,137.7965087890625,137.7965087890625,147200,0.0,0.0
2015-01-15 00:00:00+09:00,134.98435182663533,135.9967344653351,132.22842131017487,133.9157257080078,118400,0.0,0.0
2015-01-16 00:00:00+09:00,133.91569453964075,135.82797241210938,133.91569453964075,135.82797241210938,126400,0.0,0.0
2015-01-19 00:00:00+09:00,137.74030068904796,137.74030068904796,132.1721954345703,132.1721954345703,99200,0.0,0.0
2015-01-20 00:00:00+09:00,132.17216797400937,132.228411449743,129.47248113879556,130.54110717773438,40000,0.0,0.0
2015-01-21 00:00:00+09:00,130.25988937904094,131.89095017005658,130.25988937904094,130.48486328125,30400,0.0,0.0
2015-01-22 00:00:00+09:00,131.6097556473966,131.6097556473966,130.7661033676056,131.4972686767578,16000,0.0,0.0
2015-01-23 00:00:00+09:00,130.25990170727445,130.5411191116511,130.09117126464844,130.09117126464844,24000,0.0,0.0
2015-01-26 00:00:00+09:00,130.93482858441732,137.00912475585938,128.40387184631646,137.00912475585938,110400,0.0,0.0
2015-01-27 00:00:00+09:00,137.79654288903262,140.3837432861328,137.23410802009778,140.3837432861328,144000,0.0,0.0
2015-01-28 00:00:00+09:00,143.4208657661297,161.41877833285972,143.4208657661297,155.40072631835938,531200,0.0,0.0
2015-01-29 00:00:00+09:00,149.77639287826116,155.2882541257526,149.77639287826116,153.26348876953125,136000,0.0,0.0
2015-01-30 00:00:00+09:00,155.51324766950592,155.51324766950592,151.85742087076525,153.82594299316406,59200,0.0,0.0
2015-02-02 00:00:00+09:00,146.23304790187368,150.67628281889213,145.89558702210013,146.28929138183594,54400,0.0,0.0
2015-02-03 00:00:00+09:00,145.1081767835115,145.1081767835115,137.85276794433594,137.85276794433594,16000,0.0,0.0
2015-02-04 00:00:00+09:00,136.55917611579477,143.42088101123423,136.55917611579477,138.97764587402344,24000,0.0,0.0
2015-02-05 00:00:00+09:00,136.16545924901672,140.60869397874507,136.16545924901672,139.31509399414062,25600,0.0,0.0
2015-02-06 00:00:00+09:00,140.60869373258996,145.10817193203286,137.17784160551477,137.2340850830078,54400,0.0,0.0
2015-02-09 00:00:00+09:00,139.933783829502,140.66494909870758,137.7965315041318,138.8089141845703,16000,0.0,0.0
2015-02-10 00:00:00+09:00,138.1902261016735,141.73356523248563,138.1902261016735,139.54006958007812,32000,0.0,0.0
2015-02-12 00:00:00+09:00,140.72119518405464,146.0643260963189,140.72119518405464,145.389404296875,62400,0.0,0.0
2015-02-13 00:00:00+09:00,143.4208762321027,144.54574584960938,140.60870218833597,144.54574584960938,163200,0.0,0.0
2015-02-16 00:00:00+09:00,144.71447827855465,146.12056531973766,142.46473901266185,142.74595642089844,57600,0.0,0.0
2015-02-17 00:00:00+09:00,144.48947942795292,144.48947942795292,139.4838104248047,139.4838104248047,73600,0.0,0.0
2015-02-18 00:00:00+09:00,138.92139972477764,138.92139972477764,134.4219211911816,134.47816467285156,83200,0.0,0.0
2015-02-19 00:00:00+09:00,137.79653559352278,138.02150952918566,134.47817004249507,137.29034423828125,84800,0.0,0.0
2015-02-20 00:00:00+09:00,137.23409285730415,137.23409285730415,136.1092232437197,136.22171020507812,40000,0.0,0.0
2015-02-23 00:00:00+09:00,136.44670035302713,136.44670035302713,134.19696085833584,134.25320434570312,62400,0.0,0.0
2015-02-24 00:00:00+09:00,134.30941772460938,134.47814814888653,134.25317424985033,134.30941772460938,43200,0.0,0.0
2015-02-25 00:00:00+09:00,134.3094299108095,134.3094299108095,131.6097428774264,131.834716796875,128000,0.0,0.0
2015-02-26 00:00:00+09:00,131.60972878015212,138.86513690521178,131.49724183247676,138.07772827148438,184000,0.0,0.0
2015-02-27 00:00:00+09:00,138.35896025508282,142.23976035979857,138.35896025508282,140.0462646484375,124800,0.0,0.0
2015-03-02 00:00:00+09:00,140.60869435014942,140.60869435014942,135.26556396484375,135.26556396484375,12800,0.0,0.0
2015-03-03 00:00:00+09:00,136.10922311586904,136.16546659649543,133.85948389081335,134.1407012939453,44800,0.0,0.0
2015-03-04 00:00:00+09:00,133.57825797580273,135.0968318559487,132.17217104974165,135.04058837890625,24000,0.0,0.0
2015-03-05 00:00:00+09:00,134.9843122326273,134.9843122326273,134.75933837890625,134.75933837890625,9600,0.0,0.0
2015-03-06 00:00:00+09:00,134.42191071562715,134.7031281020615,133.0720672607422,133.0720672607422,28800,0.0,0.0
2015-03-09 00:00:00+09:00,133.2970474288024,136.05297794526288,133.2970474288024,133.9157257080078,16000,0.0,0.0
2015-03-10 00:00:00+09:00,135.99668709818943,136.16541747920456,133.4094879226242,135.77171325683594,35200,0.0,0.0
2015-03-11 00:00:00+09:00,134.14066862859644,134.14066862859644,133.8594512939453,133.8594512939453,11200,0.0,0.0
2015-03-12 00:00:00+09:00,134.9843568399368,134.9843568399368,134.5906524658203,134.5906524658203,48000,0.0,0.0
2015-03-13 00:00:00+09:00,134.59064913895645,134.59064913895645,132.17217947202158,134.1407012939453,36800,0.0,0.0
2015-03-16 00:00:00+09:00,132.22841990070432,132.22841990070432,131.49725466943713,131.66598510742188,20800,0.0,0.0
2015-03-17 00:00:00+09:00,132.6221504964542,132.6221504964542,131.04733276367188,131.04733276367188,33600,0.0,0.0
2015-03-18 00:00:00+09:00,131.047304337234,131.60973911979724,131.047304337234,131.32852172851562,24000,0.0,0.0
2015-03-19 00:00:00+09:00,131.60973395070724,131.60973395070724,123.73564730408371,125.53543853759766,86400,0.0,0.0
2015-03-20 00:00:00+09:00,125.59170098838823,129.3600144528853,125.47921401929877,126.0416488647461,104000,0.0,0.0
2015-03-23 00:00:00+09:00,126.0416569024936,128.74134433280136,126.0416569024936,126.097900390625,36800,0.0,0.0
2015-03-24 00:00:00+09:00,125.98538497689017,131.04729776614022,124.29808071380681,127.39147186279297,224000,0.0,0.0
2015-03-25 00:00:00+09:00,130.20365697687322,134.98435280539772,127.78518732244318,129.9224395751953,208000,0.0,0.0
2015-03-26 00:00:00+09:00,132.73463747736722,134.75940313380164,128.7975931454114,131.04733276367188,81600,0.0,0.0
2015-03-27 00:00:00+09:00,133.2970243530775,140.60867547792984,132.4533723002099,136.8966064453125,155200,0.0,0.0
2015-03-30 00:00:00+09:00,139.70879610482234,139.70879610482234,130.42862245051649,134.9281005859375,104000,0.0,0.0
2015-03-31 00:00:00+09:00,136.61540211644666,136.61540211644666,129.35999377020474,130.48486328125,86400,0.0,0.0
2015-04-01 00:00:00+09:00,129.9786830555309,132.79085707231002,128.79756996848366,129.9224395751953,43200,0.0,0.0
2015-04-02 00:00:00+09:00,128.79758520164103,129.30377658452957,127.11028059201254,127.84144592285156,96000,0.0,0.0
2015-04-03 00:00:00+09:00,127.16650945582289,127.27899641686298,126.82904857270262,126.88529205322266,38400,0.0,0.0
2015-04-06 00:00:00+09:00,129.0787884891557,129.0787884891557,127.95391887269247,128.01016235351562,17600,0.0,0.0
2015-04-07 00:00:00+09:00,129.02253008500935,129.02253008500935,127.05400848388673,127.05400848388672,14400,0.0,0.0
2015-04-08 00:00:00+09:00,127.05401148405788,127.61644624051675,126.37908977630724,126.43533325195312,43200,0.0,0.0
2015-04-09 00:00:00+09:00,126.60408247056898,127.95392608642578,126.32286505059882,127.95392608642578,36800,0.0,0.0
2015-04-10 00:00:00+09:00,126.54783553576313,128.516357421875,126.54783553576313,128.516357421875,60800,0.0,0.0
2015-04-13 00:00:00+09:00,127.11025734447496,128.7975616455078,126.6040660541651,128.7975616455078,24000,0.0,0.0
2015-04-14 00:00:00+09:00,127.67269952319434,127.67269952319434,126.71656036376953,126.71656036376953,46400,0.0,0.0
2015-04-15 00:00:00+09:00,126.94151984508709,127.84141542219005,126.82903289794922,126.82903289794922,27200,0.0,0.0
2015-04-16 00:00:00+09:00,126.829069515682,128.85383514874832,126.829069515682,127.67272186279297,24000,0.0,0.0
2015-04-17 00:00:00+09:00,127.7289430031605,128.79756912251764,126.71656036376953,126.71656036376953,88000,0.0,0.0
2015-04-20 00:00:00+09:00,126.82905413213702,128.79757603662694,126.6040802001953,126.60408020019531,51200,0.0,0.0
2015-04-21 00:00:00+09:00,127.222758513035,127.27900199602043,126.6040802001953,126.60408020019531,48000,0.0,0.0
2015-04-22 00:00:00+09:00,127.11026430553483,127.67269910334693,126.60407298750394,126.66031646728516,33600,0.0,0.0
2015-04-23 00:00:00+09:00,127.11028059201254,128.40388079272773,126.88530664406208,127.84144592285156,88000,0.0,0.0
2015-04-24 00:00:00+09:00,128.74132172872473,134.08445216307547,128.68507825046842,131.32852172851562,176000,0.0,0.0
2015-04-27 00:00:00+09:00,131.60971922793632,134.53437965522377,131.60971922793632,132.73458862304688,105600,0.0,0.0
2015-04-28 00:00:00+09:00,133.2970179062754,134.14066991834045,133.2970179062754,134.02818298339844,161600,0.0,0.0
2015-04-30 00:00:00+09:00,134.02820035081413,134.98433942171798,133.63449602750077,134.30941772460938,142400,0.0,0.0
2015-05-01 00:00:00+09:00,133.80324142970397,133.80324142970397,127.16651066522095,130.1474151611328,92800,0.0,0.0
2015-05-07 00:00:00+09:00,129.36002770248726,129.36002770248726,126.71658365813207,126.7728271484375,89600,0.0,0.0
2015-05-08 00:00:00+09:00,127.11026879762167,127.11026879762167,125.14174693571161,125.19799041748047,147200,0.0,0.0
2015-05-11 00:00:00+09:00,124.01687291756828,126.66031646728516,123.84814247822464,126.66031646728516,126400,0.0,0.0
2015-05-12 00:00:00+09:00,124.01687169191625,126.54782825705739,124.01687169191625,126.49158477783203,100800,0.0,0.0
2015-05-13 00:00:00+09:00,124.57929651496114,126.54781813032172,124.57929651496114,125.14173126220703,260800,0.0,0.0
2015-05-14 00:00:00+09:00,125.42295586290976,125.42295586290976,124.91676456122089,125.08549499511719,28800,0.0,0.0
2015-05-15 00:00:00+09:00,127.89766183150442,128.23512268066406,125.53543588738692,128.23512268066406,76800,0.0,0.0
2015-05-18 00:00:00+09:00,131.047325686191,134.5344219061669,131.047325686191,132.1721954345703,206400,0.0,0.0
2015-05-19 00:00:00+09:00,132.17218554832147,133.01583779650224,131.15980285050452,132.90335083007812,65600,0.0,0.0
2015-05-20 00:00:00+09:00,133.57823395929415,133.97193822780577,132.9033123561314,133.8594512939453,70400,0.0,0.0
2015-05-21 00:00:00+09:00,133.97196584284382,134.42191367103138,133.1845571435156,133.4657745361328,65600,0.0,0.0
2015-05-22 00:00:00+09:00,150.33884221801756,151.85741638183595,140.04628399658202,140.6087188720703,1198400,0.0,0.0
2015-05-25 00:00:00+09:00,142.2959964752197,143.42086601257324,133.85947494506834,134.98434448242188,456000,0.0,0.0
2015-05-26 00:00:00+09:00,134.984347218136,137.79652111851385,134.984347218136,137.40281677246094,104000,0.0,0.0
2015-05-27 00:00:00+09:00,137.74026790019894,137.74026790019894,135.60301588704763,136.1092071533203,81600,0.0,0.0
2015-05-28 00:00:00+09:00,136.10921613094465,136.10921613094465,134.53439875422296,135.26556396484375,80000,0.0,0.0
2015-05-29 00:00:00+09:00,135.2655597599165,136.0529684237996,134.53439457202506,134.703125,60800,0.0,0.0
2015-06-01 00:00:00+09:00,133.80322265625,133.85946612941362,132.50962277348677,133.80322265625,86400,0.0,0.0
2015-06-02 00:00:00+09:00,131.94724517966154,132.1722191697377,130.48491424416656,131.21607971191406,220800,0.0,0.0
2015-06-03 00:00:00+09:00,129.69743604561037,130.3723576555615,129.69743604561037,130.03489685058594,54400,0.0,0.0
2015-06-04 00:00:00+09:00,130.48487228426654,131.55349839349114,129.4724896544748,129.64122009277344,86400,0.0,0.0
2015-06-05 00:00:00+09:00,129.6412455022591,133.80326379604094,129.36002804997653,131.04733276367188,80000,0.0,0.0
2015-06-08 00:00:00+09:00,133.01583197128016,133.01583197128016,131.94720583705,132.11593627929688,72000,0.0,0.0
2015-06-09 00:00:00+09:00,132.17217976004582,132.3409102022927,130.48487533757717,132.11593627929688,62400,0.0,0.0
2015-06-10 00:00:00+09:00,132.11594957369047,132.11594957369047,129.69747965812272,129.75372314453125,30400,0.0,0.0
2015-06-11 00:00:00+09:00,131.83470669450432,131.83470669450432,130.48486328125,130.48486328125,20800,0.0,0.0
2015-06-12 00:00:00+09:00,130.48486328125,131.04729803677262,130.20364590348868,130.48486328125,20800,0.0,0.0
2015-06-15 00:00:00+09:00,131.04728442666453,131.04728442666453,130.20363238099932,130.70982360839844,33600,0.0,0.0
2015-06-16 00:00:00+09:00,131.04727926551263,131.04727926551263,130.03489685058594,130.03489685058594,40000,0.0,0.0
2015-06-17 00:00:00+09:00,137.6840349940385,138.2464697775109,132.39714802939815,133.40953063964844,483200,0.0,0.0
2015-06-18 00:00:00+09:00,132.2284108165116,135.6030193443681,132.2284108165116,134.53439331054688,102400,0.0,0.0
2015-06-19 00:00:00+09:00,134.9843447453965,137.0653533935547,134.9843447453965,137.0653533935547,112000,0.0,0.0
2015-06-22 00:00:00+09:00,138.6401639148156,139.48381602788749,135.0405815657088,136.1654510498047,144000,0.0,0.0
2015-06-23 00:00:00+09:00,138.47145069869524,138.47145069869524,136.16546796975675,136.39044189453125,60800,0.0,0.0
2015-06-24 00:00:00+09:00,136.3904287393201,137.68402868200232,135.0405853208691,136.67164611816406,88000,0.0,0.0
2015-06-25 00:00:00+09:00,135.4343174597611,136.671674180739,134.42193468805195,136.33421325683594,83200,0.0,0.0
2015-06-26 00:00:00+09:00,136.671674180739,138.92141367342606,134.9843695612237,136.33421325683594,33600,0.0,2.0
2015-06-29 00:00:00+09:00,132.50962235408235,136.10920462516097,131.04729205645666,133.74697875976562,62400,0.0,0.0
2015-06-30 00:00:00+09:00,139.48382990910457,149.72014323307917,138.47144727266752,146.23304748535156,619200,0.0,0.0
2015-07-01 00:00:00+09:00,155.23200854133157,155.23200854133157,148.7077647040872,152.98226928710938,489600,0.0,0.0
2015-07-02 00:00:00+09:00,156.2443766079105,157.14427222552268,150.50754204563304,151.06997680664062,188000,0.0,0.0
2015-07-03 00:00:00+09:00,151.85739502128638,159.73148217053827,151.85739502128638,156.4693603515625,402400,0.0,0.0
2015-07-06 00:00:00+09:00,152.9822595206143,159.61898989687626,149.83262476577812,157.81919860839844,217600,0.0,0.0
2015-07-07 00:00:00+09:00,158.15663998275153,159.50648328274656,156.91928362442275,159.28150939941406,278400,0.0,0.0
2015-07-08 00:00:00+09:00,159.73147875642124,166.4806961686644,159.73147875642124,164.23095703125,389600,0.0,0.0
2015-07-09 00:00:00+09:00,157.48173154633622,163.1060791015625,146.34552338698813,163.1060791015625,276000,0.0,0.0
2015-07-10 00:00:00+09:00,159.73148641067112,160.8563560332815,155.79444273153484,157.03179931640625,77600,0.0,0.0
2015-07-13 00:00:00+09:00,153.7696631765197,164.7933844576455,153.7696631765197,159.16903686523438,137600,0.0,0.0
2015-07-14 00:00:00+09:00,162.54364258270473,165.91825107923148,157.4817298379146,164.90586853027344,113600,0.0,0.0
2015-07-15 00:00:00+09:00,164.9058703192349,165.35581812365302,163.1060791015625,163.1060791015625,41600,0.0,0.0
2015-07-16 00:00:00+09:00,166.48070921380835,168.73044852750846,164.34345686579326,168.05552673339844,213600,0.0,0.0
2015-07-17 00:00:00+09:00,168.50545778106317,168.50545778106317,165.35582305618348,165.80577087402344,135200,0.0,0.0
2015-07-21 00:00:00+09:00,165.9182545895747,166.14322849410294,162.88110687844352,163.3310546875,111200,0.0,0.0
2015-07-22 00:00:00+09:00,160.74385588759677,161.86872541795083,158.71909073295944,159.39401245117188,156000,0.0,0.0
2015-07-23 00:00:00+09:00,158.60661042865954,162.54365394993835,157.59422780890216,160.29391479492188,67200,0.0,0.0
2015-07-24 00:00:00+09:00,161.86874389648438,162.20620479411429,160.5189003059647,161.86874389648438,79200,0.0,0.0
2015-07-27 00:00:00+09:00,163.1061128280705,163.1061128280705,154.55710277639233,157.2567901611328,83200,0.0,0.0
2015-07-28 00:00:00+09:00,157.3692692890181,160.1814435079069,156.91932141399587,158.2691650390625,28000,0.0,0.0
2015-07-29 00:00:00+09:00,154.89455894104228,157.48175927193842,151.85741072651206,152.4198455810547,186400,0.0,0.0
2015-07-30 00:00:00+09:00,151.18246030420966,154.55706879314292,150.95748640494745,152.64479064941406,93600,0.0,0.0
2015-07-31 00:00:00+09:00,156.0194005621973,161.98120894705414,154.5570702036475,158.94406127929688,68000,0.0,0.0
2015-08-03 00:00:00+09:00,162.9935561149351,162.9935561149351,156.69428824575886,160.40635681152344,38400,0.0,0.0
2015-08-04 00:00:00+09:00,161.7562161761727,165.35579817731144,159.84393823806772,160.51885986328125,202400,0.0,0.0
2015-08-05 00:00:00+09:00,158.94406296153792,160.74385419110948,157.59421953935927,159.16903686523438,33600,0.0,0.0
2015-08-06 00:00:00+09:00,163.10608983039856,163.10608983039856,158.26915061473846,158.3816375732422,45600,0.0,0.0
2015-08-07 00:00:00+09:00,161.7562465750056,161.7562465750056,156.35687255859375,156.35687255859375,72000,0.0,0.0
2015-08-10 00:00:00+09:00,157.25674285036226,163.1060637575288,157.25674285036226,161.081298828125,90400,0.0,0.0
2015-08-11 00:00:00+09:00,164.34345362106427,167.60557556152344,161.98122738831796,167.60557556152344,323200,0.0,0.0
2015-08-12 00:00:00+09:00,165.35582067879494,165.35582067879494,162.88110771625514,163.44354248046875,78400,0.0,0.0
2015-08-13 00:00:00+09:00,162.0937010299328,162.0937010299328,155.2319968225588,159.61898803710938,120800,0.0,0.0
2015-08-14 00:00:00+09:00,158.60660042732385,160.85633944047737,158.60660042732385,158.94406127929688,23200,0.0,0.0
2015-08-17 00:00:00+09:00,160.74389136550772,160.74389136550772,154.7820815387954,157.9317169189453,96800,0.0,0.0
2015-08-18 00:00:00+09:00,157.93168304443358,158.49411781311034,156.69432655334472,157.4817352294922,48000,0.0,0.0
2015-08-19 00:00:00+09:00,156.6943580314211,156.8068450077538,153.31974874144075,153.43223571777344,83200,0.0,0.0
2015-08-20 00:00:00+09:00,156.80679711327824,156.80679711327824,143.98328572811775,145.22064208984375,277600,0.0,0.0
2015-08-21 00:00:00+09:00,143.42086383709892,144.8831942134772,140.60869003637148,140.8336639404297,206400,0.0,0.0
2015-08-24 00:00:00+09:00,140.60870083895597,140.60870083895597,121.48591752485795,123.73565673828125,476000,0.0,0.0
2015-08-25 00:00:00+09:00,120.36103660946802,132.73460112072172,114.06176740373884,118.11129760742188,445600,0.0,0.0
2015-08-26 00:00:00+09:00,125.98541862258584,131.94722861097605,123.73567900432538,131.04733276367188,145600,0.0,0.0
2015-08-27 00:00:00+09:00,134.98430481209869,138.24642551172442,134.42187020871495,135.77171325683594,120000,0.0,0.0
2015-08-28 00:00:00+09:00,138.47141363618837,142.52094319825397,138.24643977162916,139.59628295898438,116800,0.0,0.0
2015-08-31 00:00:00+09:00,138.35892670390876,140.60866534950077,138.02146590706997,139.59628295898438,54400,0.0,0.0
2015-09-01 00:00:00+09:00,137.79653018153283,141.6210869375917,136.55917358398438,136.55917358398438,91200,0.0,0.0
2015-09-02 00:00:00+09:00,130.5973626485685,139.70880655428257,130.5973626485685,138.3589630126953,73600,0.0,0.0
2015-09-03 00:00:00+09:00,142.85842907695343,143.7583246931862,138.35895099578954,140.8336639404297,41600,0.0,0.0
2015-09-04 00:00:00+09:00,138.80888862941578,138.80888862941578,125.98537703804348,129.3599853515625,188800,0.0,0.0
2015-09-07 00:00:00+09:00,126.66030793635724,129.35999478402383,120.36103862513521,127.5602035522461,112000,0.0,0.0
2015-09-08 00:00:00+09:00,129.13500000549865,129.13500000549865,124.2980618519826,124.8604965209961,32000,0.0,0.0
2015-09-09 00:00:00+09:00,129.92242852572738,133.1845501077586,129.2475068191002,130.48486328125,68000,0.0,0.0
2015-09-10 00:00:00+09:00,127.56021863081322,131.27228848514906,124.52307056817482,128.57260131835938,18400,0.0,0.0
2015-09-11 00:00:00+09:00,131.60973258640456,134.53439331054688,131.15978478269037,134.53439331054688,28800,0.0,0.0
2015-09-14 00:00:00+09:00,134.984327413268,134.984327413268,132.28464086500264,132.73458862304688,72000,0.0,0.0
2015-09-15 00:00:00+09:00,134.98434866117736,135.7717573617009,134.3094269178715,135.54678344726562,19200,0.0,0.0
2015-09-16 00:00:00+09:00,136.10920630771332,136.10920630771332,133.8594673604784,135.99671936035156,52000,0.0,0.0
2015-09-17 00:00:00+09:00,134.87189110864568,136.10924790780757,132.95961241903186,133.2970733642578,47200,0.0,0.0
2015-09-18 00:00:00+09:00,134.64687430245536,137.7965087890625,133.40951789700256,137.7965087890625,48000,0.0,0.0
2015-09-24 00:00:00+09:00,133.07208374987417,135.3218231201172,132.2846749702891,135.3218231201172,14400,0.0,0.0
2015-09-25 00:00:00+09:00,132.9595767174238,136.67164611816406,132.9595767174238,136.67164611816406,24000,0.0,0.0
2015-09-28 00:00:00+09:00,137.79653848386278,137.79653848386278,136.10923393099915,137.68405151367188,24000,0.0,0.0
2015-09-29 00:00:00+09:00,134.98432730643557,134.98432730643557,130.59733666897642,130.70982360839844,50400,0.0,0.0
2015-09-30 00:00:00+09:00,137.23406397357013,138.8088811011357,133.97194278075577,138.47142028808594,67200,0.0,0.0
2015-10-01 00:00:00+09:00,137.234096543034,137.234096543034,133.40953975412978,134.6468963623047,47200,0.0,0.0
2015-10-02 00:00:00+09:00,134.9843453209565,136.78413659190258,133.63450186774693,135.09683227539062,24800,0.0,0.0
2015-10-05 00:00:00+09:00,138.13398072289638,139.14636331777103,133.97196338841172,137.2340850830078,59200,0.0,0.0
2015-10-06 00:00:00+09:00,138.3589536255179,140.60869270885965,138.3589536255179,139.1463623046875,97600,0.0,0.0
2015-10-07 00:00:00+09:00,138.3589630126953,140.9461631340709,136.22171073851547,138.3589630126953,28000,0.0,0.0
2015-10-08 00:00:00+09:00,136.8966157897445,137.45905053004745,136.1092071533203,136.1092071533203,12000,0.0,0.0
2015-10-09 00:00:00+09:00,135.77174630913854,136.3341810494415,134.98433767271436,136.1092071533203,55200,0.0,0.0
2015-10-13 00:00:00+09:00,135.5467954398357,139.2588653564453,134.6468997024758,139.2588653564453,82400,0.0,0.0
2015-10-14 00:00:00+09:00,139.14634954256076,139.14634954256076,135.4342803955078,135.4342803955078,16800,0.0,0.0
2015-10-15 00:00:00+09:00,145.10817646980286,168.50546383857727,144.09579384326935,158.3816375732422,1388800,0.0,0.0
2015-10-16 00:00:00+09:00,155.79445049144604,157.25678107367622,148.70777151602286,151.85740661621094,254400,0.0,0.0
2015-10-19 00:00:00+09:00,149.7201343496101,151.85738645527698,146.57049966757472,149.15769958496094,129600,0.0,0.0
2015-10-20 00:00:00+09:00,151.294962617757,166.48070236005975,149.83263212405376,162.9936065673828,192000,0.0,0.0
2015-10-21 00:00:00+09:00,163.66851146976464,165.35581571172096,158.60659874389563,158.71908569335938,181600,0.0,0.0
2015-10-22 00:00:00+09:00,155.3444872330092,161.41878289599435,154.1071307090678,158.04417419433594,98400,0.0,0.0
2015-10-23 00:00:00+09:00,158.1566509460406,161.98120722780828,158.1566509460406,158.71908569335938,110400,0.0,0.0
2015-10-26 00:00:00+09:00,160.29391163005542,160.29391163005542,157.0317899196894,157.81919860839844,93600,0.0,0.0
2015-10-27 00:00:00+09:00,157.48173623350507,157.81919709686258,154.10712759992995,155.5694580078125,92000,0.0,0.0
2015-10-28 00:00:00+09:00,152.19487174327892,154.1071502500311,148.03285381681823,148.25782775878906,168000,0.0,0.0
2015-10-29 00:00:00+09:00,145.22066069496185,146.79547808437275,145.10817373857535,145.6706085205078,756000,0.0,0.0
2015-10-30 00:00:00+09:00,145.78309463901903,146.45801637345895,145.4456337717991,145.55812072753906,174400,0.0,0.0
2015-11-02 00:00:00+09:00,145.89561866725097,147.02048851048343,145.78313168292772,146.4580535888672,101600,0.0,0.0
2015-11-04 00:00:00+09:00,146.79548096388913,150.39506363886574,146.57050704670309,150.1700897216797,214400,0.0,0.0
2015-11-05 00:00:00+09:00,150.62005867364581,157.369277135497,149.60767590436814,157.2567901611328,329600,0.0,0.0
2015-11-06 00:00:00+09:00,157.81922503295374,158.04419898168211,154.8945636994849,157.2567901611328,222400,0.0,0.0
2015-11-09 00:00:00+09:00,157.81922503295374,158.1566859560463,152.3073632891086,157.2567901611328,206400,0.0,0.0
2015-11-10 00:00:00+09:00,154.33209565628408,156.58183466001998,153.7696609053501,154.78204345703125,105600,0.0,0.0
2015-11-11 00:00:00+09:00,157.48171386718752,157.48171386718752,154.10710571289064,154.66954040527344,222400,0.0,0.0
2015-11-12 00:00:00+09:00,154.66957372777603,154.66957372777603,152.53232143626494,152.98226928710938,80800,0.0,0.0
2015-11-13 00:00:00+09:00,155.45698415165256,155.45698415165256,152.98227094518631,153.20724487304688,72800,0.0,0.0
2015-11-16 00:00:00+09:00,153.20724939752103,153.20724939752103,149.72015341270225,151.7449188232422,157600,0.0,0.0
2015-11-17 00:00:00+09:00,153.65719934171133,155.79445174836763,153.2072514666258,154.10714721679688,93600,0.0,0.0
2015-11-18 00:00:00+09:00,155.23201484184762,156.13191058006123,154.55709303818742,155.9069366455078,98400,0.0,0.0
2015-11-19 00:00:00+09:00,157.25674285036226,161.53124659021472,156.91928202879495,161.081298828125,241600,0.0,0.0
2015-11-20 00:00:00+09:00,161.30628883164826,161.98121054224092,160.85634102458647,161.1938018798828,144800,0.0,0.0
2015-11-24 00:00:00+09:00,161.86873962320362,167.94303562018277,161.53127873448256,167.4930877685547,208800,0.0,0.0
2015-11-25 00:00:00+09:00,168.50546971574613,181.10400950757762,168.50546971574613,177.72940063476562,686400,0.0,0.0
2015-11-26 00:00:00+09:00,183.01627657238046,190.55290258980486,179.6416679078621,186.5033721923828,836000,0.0,0.0
2015-11-27 00:00:00+09:00,189.87799101504024,190.44042582254923,186.5033821699862,187.8532257080078,351200,0.0,0.0
2015-11-30 00:00:00+09:00,183.35372488579628,188.86558532714844,177.50440360109604,188.86558532714844,363200,0.0,0.0
2015-12-01 00:00:00+09:00,188.86559910512673,189.3155469290818,180.9915121859136,186.61585998535156,190400,0.0,0.0
2015-12-02 00:00:00+09:00,189.31552625183664,189.31552625183664,183.35371823558748,183.91615295410156,149600,0.0,0.0
2015-12-03 00:00:00+09:00,184.02864756003518,185.71595178583013,182.2288563858539,182.90377807617188,130400,0.0,0.0
2015-12-04 00:00:00+09:00,176.60452270507812,179.9791314191879,176.60452270507812,176.60452270507812,226400,0.0,0.0
2015-12-07 00:00:00+09:00,175.47965807792468,175.59214503823105,165.6932925312712,171.09266662597656,611200,0.0,0.0
2015-12-08 00:00:00+09:00,168.95541945747706,170.41774998540464,165.580810546875,165.580810546875,345600,0.0,0.0
2015-12-09 00:00:00+09:00,162.54364360220194,163.10607835515074,160.29390459040675,160.9688262939453,401600,0.0,0.0
2015-12-10 00:00:00+09:00,160.96883592022263,163.10608810924026,158.1566619873047,158.1566619873047,198400,0.0,0.0
2015-12-11 00:00:00+09:00,158.4941008077503,160.51886575774284,155.23197949942895,159.28150939941406,365600,0.0,0.0
2015-12-14 00:00:00+09:00,155.9069258098783,159.28153459364188,154.21962141799648,154.44459533691406,189600,0.0,0.0
2015-12-15 00:00:00+09:00,154.44458550219267,157.48173321418042,149.0452117919922,149.0452117919922,160800,0.0,0.0
2015-12-16 00:00:00+09:00,155.7944450434434,159.05656699742164,153.20724487304688,153.20724487304688,276800,0.0,0.0
2015-12-17 00:00:00+09:00,159.61898635724268,159.61898635724268,157.48173424956994,159.39401245117188,148000,0.0,0.0
2015-12-18 00:00:00+09:00,160.85633681267916,161.86871935205966,158.04416309217777,160.63136291503906,140000,0.0,0.0
2015-12-21 00:00:00+09:00,159.05655932426453,160.4064028263092,155.11951577663422,158.3816375732422,126400,0.0,0.0
2015-12-22 00:00:00+09:00,158.26915195851282,158.26915195851282,153.88216053962012,154.44459533691406,164000,0.0,0.0
2015-12-24 00:00:00+09:00,151.85738547205128,152.1948463286558,147.24542043178897,151.06997680664062,724800,0.0,0.0
2015-12-25 00:00:00+09:00,151.51993025260543,151.8573911217649,145.10817373857535,145.6706085205078,781600,0.0,0.0
2015-12-28 00:00:00+09:00,150.98209690034255,152.56424462235213,147.13973814689072,151.54714965820312,254400,0.75,0.0
2015-12-29 00:00:00+09:00,154.93747162639156,167.93368551190215,152.4512394048156,164.8824005126953,1500000,0.0,0.0
2015-12-30 00:00:00+09:00,161.71811947170778,163.8653202194104,157.08468627929688,157.08468627929688,751200,0.0,0.0
2016-01-04 00:00:00+09:00,157.08465453745413,158.77981267994465,152.5642328241461,154.9374542236328,340000,0.0,0.0
2016-01-05 00:00:00+09:00,152.79028928460627,158.32780716548328,152.79028928460627,156.51963806152344,115200,0.0,0.0
2016-01-06 00:00:00+09:00,156.51962370428765,156.51962370428765,152.67726471082497,153.01629638671875,102400,0.0,0.0
2016-01-07 00:00:00+09:00,151.43413795375045,155.50251777937362,151.3211274030387,152.45123291015625,180800,0.0,0.0
2016-01-08 00:00:00+09:00,148.7218887594773,152.22521592630392,148.60887820570872,149.2869415283203,132000,0.0,0.0
2016-01-12 00:00:00+09:00,146.9137433635289,146.9137433635289,139.11601390808008,140.81117248535156,291200,0.0,0.0
2016-01-13 00:00:00+09:00,146.34865021873395,146.34865021873395,142.8453234567411,144.5404815673828,112000,0.0,0.0
2016-01-14 00:00:00+09:00,144.0884718784066,145.78363037109375,139.11600696652434,145.78363037109375,189600,0.0,0.0
2016-01-15 00:00:00+09:00,146.91371616880977,146.91371616880977,139.00297760587387,143.29737854003906,249600,0.0,0.0
2016-01-18 00:00:00+09:00,136.51674171730323,140.924153080693,136.51674171730323,140.35910034179688,308000,0.0,0.0
2016-01-19 00:00:00+09:00,139.34201992882623,148.38286469306476,139.34201992882623,146.46168518066406,407200,0.0,0.0
2016-01-20 00:00:00+09:00,146.9137366785788,149.62599027879872,144.54051477838638,145.3315887451172,412000,0.0,0.0
2016-01-21 00:00:00+09:00,142.16731214176943,148.94794706109073,139.794089920007,140.02011108398438,350400,0.0,0.0
2016-01-22 00:00:00+09:00,144.76650834581415,146.34865597800882,142.50629744267889,146.1226348876953,95200,0.0,0.0
2016-01-25 00:00:00+09:00,144.99254974175093,147.0267398394528,143.86244413191656,145.10556030273438,124800,0.0,0.0
2016-01-26 00:00:00+09:00,145.10553823838214,146.6876858515732,144.42747497558594,144.42747497558594,53600,0.0,0.0
2016-01-27 00:00:00+09:00,146.91371550644428,147.9308104599504,144.6535044986528,146.8007049560547,90400,0.0,0.0
2016-01-28 00:00:00+09:00,144.54051477838638,146.9137366785788,143.52341967830392,145.3315887451172,80000,0.0,0.0
2016-01-29 00:00:00+09:00,147.59179139506338,148.04383363517076,144.0884640342311,146.0096435546875,85600,0.0,0.0
2016-02-01 00:00:00+09:00,146.9137194711365,146.9137194711365,144.99254006266779,146.6876983642578,119200,0.0,0.0
2016-02-02 00:00:00+09:00,145.21855782173776,146.9137160842483,144.65350506756755,146.34866333007812,178400,0.0,0.0
2016-02-03 00:00:00+09:00,145.78360270056803,146.57467651367188,142.16726526923608,146.57467651367188,66400,0.0,0.0
2016-02-04 00:00:00+09:00,146.9137092631764,146.9137092631764,144.65349835143522,145.67059326171875,86400,0.0,0.0
2016-02-05 00:00:00+09:00,145.33157010870062,145.33157010870062,142.95834851283536,144.99253845214844,88000,0.0,0.0
2016-02-08 00:00:00+09:00,145.33156388502854,147.13973264254057,144.99253224299505,146.91371154785156,81600,0.0,0.0
2016-02-09 00:00:00+09:00,142.95837946858526,145.78364388496047,135.61269198600974,139.342041015625,104800,0.0,0.0
2016-02-10 00:00:00+09:00,142.39328370153657,142.39328370153657,131.54427160999091,136.17770385742188,168000,0.0,0.0
2016-02-12 00:00:00+09:00,123.1815141741739,128.15397896652587,117.75700712797175,118.09603881835938,287200,0.0,0.0
2016-02-15 00:00:00+09:00,114.70572005223184,117.19195240804376,101.70950546503316,108.37712860107422,803200,0.0,0.0
2016-02-16 00:00:00+09:00,110.7503518921149,114.70572160254758,108.3771300658553,110.0722885131836,204000,0.0,0.0
2016-02-17 00:00:00+09:00,112.78452524779529,112.89753579413576,110.41130377464528,110.97635650634766,107200,0.0,0.0
2016-02-18 00:00:00+09:00,112.89753695684648,116.9659166670031,112.67151586183778,116.17484283447266,98400,0.0,0.0
2016-02-19 00:00:00+09:00,116.17485664151458,116.17485664151458,110.52432859474831,111.65443420410156,154400,0.0,0.0
2016-02-22 00:00:00+09:00,113.01055423316083,113.91463866702613,112.33249090776187,113.80162811279297,102400,0.0,0.0
2016-02-23 00:00:00+09:00,123.97257625828301,123.97257625828301,117.41796420451783,117.98301696777344,129600,0.0,0.0
2016-02-24 00:00:00+09:00,115.15776922107332,118.54808627370551,111.8804627368622,114.47970581054688,193600,0.0,0.0
2016-02-25 00:00:00+09:00,115.83580789457257,118.88709259033203,115.83580789457257,118.88709259033203,151200,0.0,0.0
2016-02-26 00:00:00+09:00,122.61644489637636,131.88330985628684,121.14730776858568,124.650634765625,288800,0.0,0.0
2016-02-29 00:00:00+09:00,126.57181789305795,132.44836658094994,126.45880734136773,130.64019775390625,212000,0.0,0.0
2016-03-01 00:00:00+09:00,132.78740601051067,134.8215960600334,131.0922476359084,133.46546936035156,172000,0.0,0.0
2016-03-02 00:00:00+09:00,134.93460038703898,134.93460038703898,131.65729434748778,132.33535766601562,82400,0.0,0.0
2016-03-03 00:00:00+09:00,130.8662408370006,134.36956852780114,130.8662408370006,133.9175262451172,85600,0.0,0.0
2016-03-04 00:00:00+09:00,133.3524554370822,134.48256099163373,132.22234988253064,133.12643432617188,197600,0.0,0.0
2016-03-07 00:00:00+09:00,132.90042033380837,132.90042033380837,126.57182888934132,127.9279556274414,127200,0.0,0.0
2016-03-08 00:00:00+09:00,129.96214018093318,132.78740409790998,125.44171791377029,129.1710662841797,148800,0.0,0.0
2016-03-09 00:00:00+09:00,129.96215855666506,129.96215855666506,121.93840789794922,121.93840789794922,264800,0.0,0.0
2016-03-10 00:00:00+09:00,123.74657440185547,125.44173295530554,121.93840527817538,123.74657440185547,205600,0.0,0.0
2016-03-11 00:00:00+09:00,123.18152487111647,123.18152487111647,120.01722881938136,121.48636627197266,144000,0.0,0.0
2016-03-14 00:00:00+09:00,124.87666130065918,124.87666130065918,122.50343968318059,123.40752410888672,172000,0.0,0.0
2016-03-15 00:00:00+09:00,121.48635720306973,122.05141002727005,119.79119873046875,119.79119873046875,178400,0.0,0.0
2016-03-16 00:00:00+09:00,119.2261302683613,119.79118301844832,113.12356056742148,114.14065551757812,244800,0.0,0.0
2016-03-17 00:00:00+09:00,115.60979266780437,117.53097201810024,112.89753946738668,114.14065551757812,300000,0.0,0.0
2016-03-18 00:00:00+09:00,113.01056000308492,113.34959168309418,110.8633593630263,112.3324966430664,430400,0.0,0.0
2016-03-22 00:00:00+09:00,109.50723269026157,109.73325381036531,106.68196868896484,106.68196868896484,1099200,0.0,0.0
2016-03-23 00:00:00+09:00,107.3600274619614,108.49013301419257,106.68196413062269,107.24701690673828,509600,0.0,0.0
2016-03-24 00:00:00+09:00,108.03808622540167,108.94217062896152,107.2470123722868,107.81206512451172,540800,0.0,0.0
2016-03-25 00:00:00+09:00,108.26411560058594,108.60314727783204,107.0209994506836,107.36003112792969,348800,0.0,0.0
2016-03-28 00:00:00+09:00,108.2641162186798,108.37712677840703,106.56895782277147,106.90798950195312,242400,0.0,0.0
2016-03-29 00:00:00+09:00,106.45594511797084,106.45594511797084,105.09981842856993,105.66487121582031,385600,0.0,0.0
2016-03-30 00:00:00+09:00,105.66486913361464,107.92508023807699,105.66486913361464,107.24701690673828,368800,0.0,0.0
2016-03-31 00:00:00+09:00,108.4901410498614,109.50723612220386,107.02100372314453,107.02100372314453,335200,0.0,0.0
2016-04-01 00:00:00+09:00,108.49014518430727,109.73326143121079,107.36003950530407,109.50724029541016,564000,0.0,0.0
2016-04-04 00:00:00+09:00,111.20239043026027,117.53098175555962,111.20239043026027,115.60980224609375,740000,0.0,0.0
2016-04-05 00:00:00+09:00,114.1406492614746,117.3049444885254,111.88043838500977,113.01054382324219,555200,0.0,0.0
2016-04-06 00:00:00+09:00,113.0105511632984,116.17484659587076,111.42840344701223,113.236572265625,221600,0.0,0.0
2016-04-07 00:00:00+09:00,114.93172681192479,117.53096940452487,114.93172681192479,116.17484283447266,261600,0.0,0.0
2016-04-08 00:00:00+09:00,116.85291047304344,122.3904275070658,116.51387881789921,121.71236419677734,500000,0.0,0.0
2016-04-11 00:00:00+09:00,125.10266984517841,129.96212314539764,123.63353280092609,124.1985855102539,365600,0.0,0.0
2016-04-12 00:00:00+09:00,125.44171406672551,132.44836836594803,125.10268240708571,129.28407287597656,460000,0.0,0.0
2016-04-13 00:00:00+09:00,131.0922315644055,134.36953735351562,131.0922315644055,134.36953735351562,342400,0.0,0.0
2016-04-14 00:00:00+09:00,134.48256620136414,137.8728829963565,132.5613866842018,137.75987243652344,520800,0.0,0.0
2016-04-15 00:00:00+09:00,135.61267509398016,144.20147784993222,135.61267509398016,138.09890747070312,401600,0.0,0.0
2016-04-18 00:00:00+09:00,141.15019266031769,141.26320322289598,131.65730540373906,138.09890747070312,370400,0.0,0.0
2016-04-19 00:00:00+09:00,139.68106549889572,146.34868917562295,139.22902321572778,144.3144989013672,252000,0.0,0.0
2016-04-20 00:00:00+09:00,146.91371154785156,151.43413344163162,144.31446895892805,146.91371154785156,517600,0.0,0.0
2016-04-21 00:00:00+09:00,151.32115704529267,152.56427334663562,146.91374470416764,150.30406188964844,344000,0.0,0.0
2016-04-22 00:00:00+09:00,152.56423778748245,154.3724065316304,148.2698370201311,150.86907958984375,305600,0.0,0.0
2016-04-25 00:00:00+09:00,151.0951206803322,151.43415236473083,143.29739193916322,144.6535186767578,347200,0.0,0.0
2016-04-26 00:00:00+09:00,144.65350456957546,148.49586328470482,138.88996649688144,143.74942016601562,264800,0.0,0.0
2016-04-27 00:00:00+09:00,143.74942821155895,151.5471566286954,139.2290059407552,149.17393493652344,478400,0.0,0.0
2016-04-28 00:00:00+09:00,150.1910424520803,158.77984548169513,145.1055669740189,145.78363037109375,470400,0.0,0.0
2016-05-02 00:00:00+09:00,139.5680443891246,141.941266196551,138.8899810155742,141.1501922607422,114400,0.0,0.0
2016-05-06 00:00:00+09:00,139.455026215198,139.90706843955846,136.85578342512542,138.32492065429688,155200,0.0,0.0
2016-05-09 00:00:00+09:00,139.00299010439088,141.15019076454,137.98589505484657,139.4550323486328,144000,0.0,0.0
2016-05-10 00:00:00+09:00,139.45503860187392,158.1017820129835,135.61267935352407,156.6326446533203,610400,0.0,0.0
2016-05-11 00:00:00+09:00,156.7456693111612,156.7456693111612,150.30406646275733,152.3382568359375,296000,0.0,0.0
2016-05-12 00:00:00+09:00,152.33823583909884,152.33823583909884,147.02673948565845,148.15684509277344,93600,0.0,0.0
2016-05-13 00:00:00+09:00,147.47878806221493,147.47878806221493,141.60223865283933,143.6364288330078,124000,0.0,0.0
2016-05-16 00:00:00+09:00,148.7218848975929,149.39994820259713,144.7665156184016,146.34866333007812,204000,0.0,0.0
2016-05-17 00:00:00+09:00,148.38287289792513,149.62598912174627,145.55760875287706,148.8349151611328,95200,0.0,0.0
2016-05-18 00:00:00+09:00,145.44458302871956,148.15683632529243,142.61931917812285,143.1843719482422,211200,0.0,0.0
2016-05-19 00:00:00+09:00,142.167277769741,149.73898493235836,142.167277769741,148.3828582763672,158400,0.0,0.0
2016-05-20 00:00:00+09:00,153.4683413649201,155.5025314566495,150.3040456666743,153.807373046875,184800,0.0,0.0
2016-05-23 00:00:00+09:00,155.50252166193184,157.64972217906606,152.56424727006393,155.38951110839844,224800,0.0,0.0
2016-05-24 00:00:00+09:00,154.82446809273972,155.27651033534625,152.2252251977521,153.807373046875,95200,0.0,0.0
2016-05-25 00:00:00+09:00,155.38951348872462,155.38951348872462,151.43414405446617,153.5813446044922,81600,0.0,0.0
2016-05-26 00:00:00+09:00,154.8244567197912,155.38950948154223,152.79026677748735,153.69435119628906,56800,0.0,0.0
2016-05-27 00:00:00+09:00,152.79028847496278,153.6943730221519,149.17395028620626,151.773193359375,157600,0.0,0.0
2016-05-30 00:00:00+09:00,151.9991895637709,154.37241111086323,150.8690840651555,153.35531616210938,105600,0.0,0.0
2016-05-31 00:00:00+09:00,150.19102350497874,155.95456165302534,150.19102350497874,154.14639282226562,125600,0.0,0.0
2016-06-01 00:00:00+09:00,154.14639678529667,155.50252344323184,153.69435456598495,154.03338623046875,63200,0.0,0.0
2016-06-02 00:00:00+09:00,153.80739432767874,155.38954239570776,151.4341722256352,152.3382568359375,122400,0.0,0.0
2016-06-03 00:00:00+09:00,151.32113349920164,154.824460712402,151.32113349920164,153.5813446044922,53600,0.0,0.0
2016-06-06 00:00:00+09:00,150.98210221330612,156.97166165739685,149.173933324524,156.1805877685547,98400,0.0,0.0
2016-06-07 00:00:00+09:00,156.18059632944508,157.08468082339266,154.8244695885237,155.50253295898438,84800,0.0,0.0
2016-06-08 00:00:00+09:00,153.807364530082,155.6155334003842,153.12930120371865,154.4854278564453,38400,0.0,0.0
2016-06-09 00:00:00+09:00,151.66015954198363,155.27649717636774,151.66015954198363,155.05047607421875,45600,0.0,0.0
2016-06-10 00:00:00+09:00,157.08466658118175,157.08466658118175,148.15683301289877,154.5984344482422,160000,0.0,0.0
2016-06-13 00:00:00+09:00,153.69435084685114,153.69435084685114,145.78361220032204,148.0438232421875,125600,0.0,0.0
2016-06-14 00:00:00+09:00,146.91372953851257,152.56425759768612,146.91372953851257,147.70480346679688,130400,0.0,0.0
2016-06-15 00:00:00+09:00,146.80069119478247,152.33820764477812,146.80069119478247,151.99917602539062,113600,0.0,0.0
2016-06-16 00:00:00+09:00,149.6259646841196,150.9820912522536,145.55758497971755,146.91371154785156,127200,0.0,0.0
2016-06-17 00:00:00+09:00,146.00962489847993,149.85198344843994,145.67059326171875,145.67059326171875,80000,0.0,0.0
2016-06-20 00:00:00+09:00,146.91373554250012,149.2869574243405,145.7836298844809,148.8349151611328,84000,0.0,0.0
2016-06-21 00:00:00+09:00,147.93080593140655,151.99918562088757,145.89661608666606,150.4170379638672,63200,0.0,0.0
2016-06-22 00:00:00+09:00,149.5129541367751,150.7560701575646,142.6193107487605,146.91371154785156,152800,0.0,0.0
2016-06-23 00:00:00+09:00,146.68771090459492,146.68771090459492,142.61933063297286,145.89663696289062,118400,0.0,0.0
2016-06-24 00:00:00+09:00,145.89661464525307,146.6876884659477,126.23277967370075,129.96212768554688,274400,0.0,0.0
2016-06-27 00:00:00+09:00,126.57183376736111,131.20526696777344,125.10269641113281,127.13688659667969,369600,0.0,0.0
2016-06-28 00:00:00+09:00,126.00677968334121,131.31827622604706,125.4417268596491,128.0409698486328,180800,0.0,0.0
2016-06-29 00:00:00+09:00,134.82160326201338,135.04762439070078,129.96214899523505,131.09225463867188,172000,0.0,0.0
2016-06-30 00:00:00+09:00,131.99631980613427,138.0988893862124,131.99631980613427,137.3078155517578,162400,0.0,0.0
2016-07-01 00:00:00+09:00,142.39332116168478,143.29740574048913,139.116014563519,142.9583740234375,193600,0.0,0.0
2016-07-04 00:00:00+09:00,142.5063084597934,146.91372006164266,142.5063084597934,146.23565673828125,197600,0.0,0.0
2016-07-05 00:00:00+09:00,146.91371154785156,147.13973264254057,144.42747950627253,146.91371154785156,133600,0.0,0.0
2016-07-06 00:00:00+09:00,150.30403349134656,154.8244555512367,148.0438224614015,154.5984344482422,444000,0.0,0.0
2016-07-07 00:00:00+09:00,157.31069128853935,158.6668179375785,149.39995250247773,151.8861846923828,444800,0.0,0.0
2016-07-08 00:00:00+09:00,151.77317252062244,151.77317252062244,145.78361321787264,150.19102478027344,181600,0.0,0.0
2016-07-11 00:00:00+09:00,154.82448882605198,154.82448882605198,150.6430975219907,152.79029846191406,86400,0.0,0.0
2016-07-12 00:00:00+09:00,154.82446131407116,154.82446131407116,151.9991974214786,153.12930297851562,124000,0.0,0.0
2016-07-13 00:00:00+09:00,155.27652042138314,156.2936155333136,153.69437246949133,154.82447814941406,117600,0.0,0.0
2016-07-14 00:00:00+09:00,155.05047845709814,166.6905653966616,155.05047845709814,164.9954071044922,810400,0.0,0.0
2016-07-15 00:00:00+09:00,167.0295825837788,167.14259312679894,160.0229289165296,161.04002380371094,372000,0.0,0.0
2016-07-19 00:00:00+09:00,160.47497840886695,162.62217882419685,158.8928307344133,161.26605224609375,120800,0.0,0.0
2016-07-20 00:00:00+09:00,164.43033390336163,164.43033390336163,161.8310915117621,162.96119689941406,107200,0.0,0.0
2016-07-21 00:00:00+09:00,163.8653109799115,164.9954165728764,158.44080413367993,160.81402587890625,183200,0.0,0.0
2016-07-22 00:00:00+09:00,159.11887973312042,160.70102768501226,151.3211505416536,154.82447814941406,177600,0.0,0.0
2016-07-25 00:00:00+09:00,161.37906693439095,161.37906693439095,153.4683283591757,155.05047607421875,123200,0.0,0.0
2016-07-26 00:00:00+09:00,155.61554237605927,155.61554237605927,146.12265525943693,150.75608825683594,210400,0.0,0.0
2016-07-27 00:00:00+09:00,148.72188431267742,149.06091596384616,145.44457835137982,146.8007049560547,196000,0.0,0.0
2016-07-28 00:00:00+09:00,146.34868554999358,154.93748871740632,143.52342135018677,154.82447814941406,379200,0.0,0.0
2016-07-29 00:00:00+09:00,151.99917602539062,154.5984184406947,144.2014487794784,151.99917602539062,170400,0.0,0.0
2016-08-01 00:00:00+09:00,154.25939712524416,154.25939712524416,146.12263771644007,146.91371154785156,298400,0.0,0.0
2016-08-02 00:00:00+09:00,148.94790029918656,151.66015341540847,147.47876319456637,150.86907958984375,88000,0.0,0.0
2016-08-03 00:00:00+09:00,146.91372368279403,148.94791370301735,143.52340698242188,143.52340698242188,190400,0.0,0.0
2016-08-04 00:00:00+09:00,142.2803010746558,144.20148067614042,136.96880452937475,138.88998413085938,134400,0.0,0.0
2016-08-05 00:00:00+09:00,143.41038285150816,148.269836328746,141.48920356980946,142.16726684570312,186400,0.0,0.0
2016-08-08 00:00:00+09:00,141.3761952718099,145.89661718297887,140.24608979401765,140.35910034179688,215200,0.0,0.0
2016-08-09 00:00:00+09:00,143.74943357093312,146.91372927846936,142.05427515618155,145.10556030273438,156800,0.0,0.0
2016-08-10 00:00:00+09:00,148.0438114264724,148.0438114264724,135.7256622314453,135.7256622314453,537600,0.0,0.0
2016-08-12 00:00:00+09:00,142.50629573099678,144.42747497558594,139.1159794170159,144.42747497558594,175200,0.0,0.0
2016-08-15 00:00:00+09:00,146.3486565352411,146.68768817200228,143.41038234997757,145.67059326171875,93600,0.0,0.0
2016-08-16 00:00:00+09:00,146.57469163786055,146.57469163786055,140.1330899236292,140.92416381835938,92800,0.0,0.0
2016-08-17 00:00:00+09:00,140.9241466474731,141.15016773271364,133.3524402919152,136.17770385742188,271200,0.0,0.0
2016-08-18 00:00:00+09:00,134.59555789151315,136.4037265953454,133.3524419076285,134.8215789794922,141600,0.0,0.0
2016-08-19 00:00:00+09:00,135.49963190748883,136.40371619044123,132.1093158464174,133.80447387695312,112800,0.0,0.0
2016-08-22 00:00:00+09:00,132.78743405091134,137.42086791992188,132.78743405091134,137.42086791992188,113600,0.0,0.0
2016-08-23 00:00:00+09:00,135.4996663873846,137.53385654165726,135.4996663873846,136.74278259277344,82400,0.0,0.0
2016-08-24 00:00:00+09:00,138.09893141294782,138.2119419951188,136.96882559123793,137.42086791992188,31200,0.0,0.0
2016-08-25 00:00:00+09:00,137.42085208417134,140.6981585894682,137.42085208417134,140.47213745117188,85600,0.0,0.0
2016-08-26 00:00:00+09:00,143.86246408182532,143.97547465848032,138.3249458257299,139.342041015625,137600,0.0,0.0
2016-08-29 00:00:00+09:00,140.35912147317114,141.26320599151686,138.66396300127295,138.88998413085938,72000,0.0,0.0
2016-08-30 00:00:00+09:00,140.1330831148647,143.52339964183724,140.1330831148647,143.29737854003906,67200,0.0,0.0
2016-08-31 00:00:00+09:00,140.81115933875765,142.3933071964965,139.00299035848468,142.0542755126953,96800,0.0,0.0
2016-09-01 00:00:00+09:00,142.05425855848523,143.41038513183594,141.26318472403068,143.41038513183594,70400,0.0,0.0
2016-09-02 00:00:00+09:00,141.60222142537435,143.18436915079752,141.60222142537435,142.39329528808594,59200,0.0,0.0
2016-09-05 00:00:00+09:00,142.50632174303576,143.4104062584555,141.26320553433362,141.94126892089844,88800,0.0,0.0
2016-09-06 00:00:00+09:00,141.37622601052988,143.1843951681386,140.359130859375,142.9583740234375,69600,0.0,0.0
2016-09-07 00:00:00+09:00,142.8453523744051,145.67061646408877,141.60223617494432,145.44459533691406,92800,0.0,0.0
2016-09-08 00:00:00+09:00,146.00963460286457,146.00963460286457,142.39329690372242,144.0884552001953,71200,0.0,0.0
2016-09-09 00:00:00+09:00,146.0096481548508,146.0096481548508,143.18438406516717,145.44459533691406,44000,0.0,0.0
2016-09-12 00:00:00+09:00,141.82827301148743,143.4104210769542,139.2290297610777,139.79408264160156,90400,0.0,0.0
2016-09-13 00:00:00+09:00,140.24612028702444,143.07138459578803,139.45504628057066,142.9583740234375,72000,0.0,0.0
2016-09-14 00:00:00+09:00,142.7323195756145,142.7323195756145,141.48920356980946,142.16726684570312,28800,0.0,0.0
2016-09-15 00:00:00+09:00,141.37620604391947,142.84534327698978,139.5680371416791,140.92416381835938,55200,0.0,0.0
2016-09-16 00:00:00+09:00,140.92417574082157,141.26320743867439,139.68105951536123,140.58514404296875,45600,0.0,0.0
2016-09-20 00:00:00+09:00,137.87287624827712,137.985886802579,136.6297601509566,137.08180236816406,157600,0.0,0.0
2016-09-21 00:00:00+09:00,136.74279897640912,141.60225381606665,136.74279897640912,141.03720092773438,64800,0.0,0.0
2016-09-23 00:00:00+09:00,141.03718440547868,141.94126892089844,140.0200893256315,141.94126892089844,80800,0.0,0.0
2016-09-26 00:00:00+09:00,141.94123657128196,141.94123657128196,139.56801525918252,140.24607849121094,78400,0.0,0.0
2016-09-27 00:00:00+09:00,140.13310435540512,140.13310435540512,137.30784015469132,138.7769775390625,70400,0.0,0.0
2016-09-28 00:00:00+09:00,141.15018493113942,141.15018493113942,137.3078260138786,140.92416381835938,52000,0.0,0.0
2016-09-29 00:00:00+09:00,140.81114756266277,142.39329528808594,140.13308425176712,142.39329528808594,44800,0.0,0.0
2016-09-30 00:00:00+09:00,141.2631909306438,142.3932964580889,140.92415927241024,141.4892120361328,45600,0.0,0.0
2016-10-03 00:00:00+09:00,140.6981381669212,142.3932964580889,140.6981381669212,141.4892120361328,43200,0.0,0.0
2016-10-04 00:00:00+09:00,141.2631824778449,142.39328793766768,140.69812974793354,142.16726684570312,59200,0.0,0.0
2016-10-05 00:00:00+09:00,140.92416656834848,142.16728271289685,140.69814545115787,141.71524047851562,52800,0.0,0.0
2016-10-06 00:00:00+09:00,142.2802745352546,142.2802745352546,141.2631796418334,141.37619018554688,44000,0.0,0.0
2016-10-07 00:00:00+09:00,141.8282702933857,142.16730201520258,140.24612225824038,141.6022491455078,54400,0.0,0.0
2016-10-11 00:00:00+09:00,141.60224582519533,141.60224582519533,140.24611896972655,141.26321411132812,58400,0.0,0.0
2016-10-12 00:00:00+09:00,141.26320743867439,141.8282602684291,140.3591229110669,140.58514404296875,54400,0.0,0.0
2016-10-13 00:00:00+09:00,141.03716982515473,141.4892120361328,140.13308540319863,141.4892120361328,93600,0.0,0.0
2016-10-14 00:00:00+09:00,141.26320114021357,150.98210937866028,141.26320114021357,150.75608825683594,235200,0.0,0.0
2016-10-17 00:00:00+09:00,152.56425268449226,157.98875944660753,150.75608376378716,156.97166442871094,332800,0.0,0.0
2016-10-18 00:00:00+09:00,157.19767485740172,157.98874870643252,151.54714736432473,153.35531616210938,184000,0.0,0.0
2016-10-19 00:00:00+09:00,153.69435515975673,156.1805873755763,152.56424960711144,153.5813446044922,104800,0.0,0.0
2016-10-20 00:00:00+09:00,154.82446747385103,154.82446747385103,153.6943618718521,154.25941467285156,86400,0.0,0.0
2016-10-21 00:00:00+09:00,154.2594063282013,154.2594063282013,151.7731741382962,151.8861846923828,84800,0.0,0.0
2016-10-24 00:00:00+09:00,150.7560775446838,151.32113030909414,147.8178031697499,150.19102478027344,103200,0.0,0.0
2016-10-25 00:00:00+09:00,150.41704647424086,150.86908868753687,147.47877208781694,149.73898315429688,104800,0.0,0.0
2016-10-26 00:00:00+09:00,150.86908520019168,152.45123291015625,150.64306409876818,152.45123291015625,75200,0.0,0.0
2016-10-27 00:00:00+09:00,152.90327732983758,153.69435119628906,151.99919291103586,153.69435119628906,51200,0.0,0.0
2016-10-28 00:00:00+09:00,154.37243587744496,154.82447814941406,151.09512940566904,154.82447814941406,87200,0.0,0.0
2016-10-31 00:00:00+09:00,156.18057478817778,159.0058384420884,152.9032689496415,157.42369079589844,176000,0.0,0.0
2016-11-01 00:00:00+09:00,158.32778832398344,158.32778832398344,155.38951387971252,156.1805877685547,51200,0.0,0.0
2016-11-02 00:00:00+09:00,153.69434497974538,154.25939771864148,148.15682813856336,149.51295471191406,100000,0.0,0.0
2016-11-04 00:00:00+09:00,146.00962489847993,147.36575144552464,143.52339289556463,145.67059326171875,152000,0.0,0.0
2016-11-07 00:00:00+09:00,146.80072954224377,150.07803605242472,146.23567669566086,148.26986694335938,76800,0.0,0.0
2016-11-08 00:00:00+09:00,149.96499229155532,149.96499229155532,146.34865487382376,147.02671813964844,42400,0.0,0.0
2016-11-09 00:00:00+09:00,146.00964794883245,149.512975415097,140.13309865058224,142.84535217285156,158400,0.0,0.0
2016-11-10 00:00:00+09:00,141.26318038013878,147.93080249408132,141.03715929153054,147.02671813964844,235200,0.0,0.0
2016-11-11 00:00:00+09:00,148.9479303592589,148.9479303592589,146.23567669566086,148.26986694335938,123200,0.0,0.0
2016-11-14 00:00:00+09:00,148.2698504823627,149.6259771636038,148.2698504823627,149.17393493652344,77600,0.0,0.0
2016-11-15 00:00:00+09:00,148.15683098161395,148.26984153156178,145.89661998265723,147.25274658203125,55200,0.0,0.0
2016-11-16 00:00:00+09:00,147.2527572678499,148.60888396563516,145.5575988956183,147.81781005859375,82400,0.0,0.0
2016-11-17 00:00:00+09:00,147.81782597266823,147.81782597266823,145.10557228509634,147.36578369140625,96800,0.0,0.0
2016-11-18 00:00:00+09:00,147.81780389865116,147.81780389865116,146.3486667039398,146.6876983642578,57600,0.0,0.0
2016-11-21 00:00:00+09:00,146.4616665231656,146.4616665231656,144.76650834581415,146.1226348876953,61600,0.0,0.0
2016-11-22 00:00:00+09:00,146.12266737069123,146.12266737069123,144.08847710567002,144.76654052734375,40000,0.0,0.0
2016-11-24 00:00:00+09:00,143.9754412669056,144.87952567046543,143.1843674137907,143.74942016601562,86400,0.0,0.0
2016-11-25 00:00:00+09:00,143.6364010598162,143.6364010598162,136.8557684370082,141.37619018554688,215200,0.0,0.0
2016-11-28 00:00:00+09:00,141.37619917475462,143.29737854003906,140.2460936657638,143.29737854003906,94400,0.0,0.0
2016-11-29 00:00:00+09:00,143.52339964183724,144.65350515082807,142.50630468374547,143.29737854003906,102400,0.0,0.0
2016-11-30 00:00:00+09:00,144.3144689471536,144.3144689471536,142.95834237913024,143.8624267578125,104800,0.0,0.0
2016-12-01 00:00:00+09:00,142.7323315137886,143.86243706813372,141.715236514878,141.8282470703125,124000,0.0,0.0
2016-12-02 00:00:00+09:00,140.24609771236297,141.03717159148187,139.4550238332441,140.13308715820312,119200,0.0,0.0
2016-12-05 00:00:00+09:00,139.34204781682868,139.34204781682868,137.42086791992188,137.42086791992188,120800,0.0,0.0
2016-12-06 00:00:00+09:00,138.88998810709106,139.68106208329093,137.87289299483407,138.7769775390625,121600,0.0,0.0
2016-12-07 00:00:00+09:00,140.47210171446508,140.47210171446508,138.09888036611127,138.4379119873047,168800,0.0,0.0
2016-12-08 00:00:00+09:00,140.02008239447633,140.02008239447633,137.5338501001434,138.66395568847656,157600,0.0,0.0
2016-12-09 00:00:00+09:00,137.98588620940484,138.55093897848514,137.0818017788764,137.53384399414062,148000,0.0,0.0
2016-12-12 00:00:00+09:00,137.9858975339993,138.43793978636293,137.081813029272,137.64686584472656,189600,0.0,0.0
2016-12-13 00:00:00+09:00,137.420836205576,138.32492065429688,137.08180453730566,138.32492065429688,155200,0.0,0.0
2016-12-14 00:00:00+09:00,139.56806341807047,142.3933278597318,138.7769893744053,141.03720092773438,173600,0.0,0.0
2016-12-15 00:00:00+09:00,141.82823236040073,142.50629562268153,141.15016909811993,141.37619018554688,74400,0.0,0.0
2016-12-16 00:00:00+09:00,142.61934431095838,142.61934431095838,138.776984797034,141.6022491455078,88000,0.0,0.0
2016-12-19 00:00:00+09:00,141.71525838732435,144.20149099061075,141.26321609581774,142.50633239746094,149600,0.0,0.0
2016-12-20 00:00:00+09:00,144.20145841158353,147.59177483191857,143.41038458017204,146.91371154785156,207200,0.0,0.0
2016-12-21 00:00:00+09:00,147.81781503324598,148.94792065276621,143.74943480297316,144.20147705078125,166400,0.0,0.0
2016-12-22 00:00:00+09:00,147.59179228921596,148.15684509277344,146.12265499996647,148.15684509277344,252000,0.0,0.0
2016-12-26 00:00:00+09:00,149.17395883499213,149.8520222842421,147.47880021186722,148.4958953857422,160000,0.0,0.0
2016-12-27 00:00:00+09:00,148.49586093499792,148.49586093499792,145.21855502395155,145.55758666992188,224000,0.0,0.0
2016-12-28 00:00:00+09:00,145.8998336085567,148.97981445877642,145.55761351408782,147.83908081054688,156800,1.5,0.0
2016-12-29 00:00:00+09:00,146.1279504085793,147.26868382316619,144.87314365253374,146.58424377441406,88800,0.0,0.0
2016-12-30 00:00:00+09:00,146.58425296716112,149.77830672831325,146.58425296716112,148.6375732421875,124800,0.0,0.0
2017-01-04 00:00:00+09:00,149.43609311419783,151.14719341703216,148.7516529930641,150.46275329589844,171200,0.0,0.0
2017-01-05 00:00:00+09:00,151.03307410190595,151.03307410190595,148.29531445051188,149.20790100097656,195200,0.0,0.0
2017-01-06 00:00:00+09:00,148.4094302583664,150.57682393623648,147.95313685249903,150.23460388183594,126400,0.0,0.0
2017-01-10 00:00:00+09:00,150.23460523637183,150.46275194136254,149.43609176890442,150.3486785888672,116800,0.0,0.0
2017-01-11 00:00:00+09:00,150.34869483665184,150.34869483665184,146.81242052714032,147.83908081054688,124000,0.0,0.0
2017-01-12 00:00:00+09:00,147.1546397699374,147.7250065907511,146.3561262207982,146.47019958496094,96800,0.0,0.0
2017-01-13 00:00:00+09:00,146.12795176884248,148.75163864681545,146.12795176884248,146.6983184814453,108800,0.0,0.0
2017-01-16 00:00:00+09:00,146.69831280512858,148.40941287672806,146.69831280512858,147.496826171875,63200,0.0,0.0
2017-01-17 00:00:00+09:00,147.15460656478967,147.3827532416343,143.73240641212013,144.98721313476562,163200,0.0,0.0
2017-01-18 00:00:00+09:00,143.84648704224605,144.64500045167964,142.13538687917415,143.0479736328125,160000,0.0,0.0
2017-01-19 00:00:00+09:00,143.73241884488587,145.7857391140985,143.73241884488587,144.7590789794922,65600,0.0,0.0
2017-01-20 00:00:00+09:00,144.7590789794922,144.98722567607138,143.96056554146503,144.7590789794922,72800,0.0,0.0
2017-01-23 00:00:00+09:00,144.9872324537819,145.5575992218928,143.84649891756018,145.32945251464844,88000,0.0,0.0
2017-01-24 00:00:00+09:00,144.8731368780136,146.0138702392578,144.1886968612671,146.0138702392578,69600,0.0,0.0
2017-01-25 00:00:00+09:00,145.329432747849,147.496826171875,145.329432747849,147.496826171875,114400,0.0,0.0
2017-01-26 00:00:00+09:00,148.29536384218076,149.55017076699923,145.55760327894052,145.6716766357422,154400,0.0,0.0
2017-01-27 00:00:00+09:00,145.67167257551495,146.12796599000364,144.87315910015974,145.32945251464844,78400,0.0,0.0
2017-01-30 00:00:00+09:00,145.10131921500803,146.69834631328644,144.87317248668253,146.47019958496094,71200,0.0,0.0
2017-01-31 00:00:00+09:00,147.04053322636733,147.04053322636733,144.8731397963433,144.98721313476562,111200,0.0,0.0
2017-02-01 00:00:00+09:00,143.84649522569444,144.64500868055558,143.50427517361112,143.732421875,143200,0.0,0.0
2017-02-02 00:00:00+09:00,143.27613695608193,144.87316396036945,142.70577016883635,143.1620635986328,150400,0.0,0.0
2017-02-03 00:00:00+09:00,142.81983268633783,143.84649282545686,142.2494659423828,142.2494659423828,128000,0.0,0.0
2017-02-06 00:00:00+09:00,143.61835295704606,144.75908649919893,142.24947270646263,142.81983947753906,130400,0.0,0.0
2017-02-07 00:00:00+09:00,142.93389482421875,143.0479681640625,141.33686806640625,142.5916748046875,152000,0.0,0.0
2017-02-08 00:00:00+09:00,142.5916859887558,143.50427277908386,141.6790991984278,142.2494659423828,72000,0.0,0.0
2017-02-09 00:00:00+09:00,141.79317758502748,143.9605712890625,141.67910423218353,143.9605712890625,89600,0.0,0.0
2017-02-10 00:00:00+09:00,145.21536502867798,150.91903215470617,141.45094472549937,146.6983184814453,562400,0.0,0.0
2017-02-13 00:00:00+09:00,153.42867289665494,153.42867289665494,147.1546379454906,147.61093139648438,373600,0.0,0.0
2017-02-14 00:00:00+09:00,151.03311157226562,151.83162500202837,148.4094245887595,151.03311157226562,267200,0.0,0.0
2017-02-15 00:00:00+09:00,151.03311993998867,155.59605407714844,150.57682652627267,155.59605407714844,340800,0.0,0.0
2017-02-16 00:00:00+09:00,155.59603721918498,157.30713733523172,153.77086376206842,156.7367706298828,238400,0.0,0.0
2017-02-17 00:00:00+09:00,156.73678181520958,157.07900186284104,154.22716813257887,156.39456176757812,133600,0.0,0.0
2017-02-20 00:00:00+09:00,157.19304983020254,159.36044311523438,156.96490316862025,159.36044311523438,273600,0.0,0.0
2017-02-21 00:00:00+09:00,159.70267702993488,159.70267702993488,157.4212102152215,159.2463836669922,158400,0.0,0.0
2017-02-22 00:00:00+09:00,159.7027017997149,160.84343538399858,158.67604157385958,160.044921875,264000,0.0,0.0
2017-02-23 00:00:00+09:00,160.8434151371958,165.06412886774632,160.8434151371958,163.46710205078125,347200,0.0,0.0
2017-02-24 00:00:00+09:00,164.60784705740508,167.23153415534014,163.12489348031133,167.00338745117188,280000,0.0,0.0
2017-02-27 00:00:00+09:00,167.6878388573892,171.79447980899874,167.6878388573892,170.5396728515625,342400,0.0,0.0
2017-02-28 00:00:00+09:00,172.8211593886553,175.901140447067,167.11749076196702,168.2582244873047,391200,0.0,0.0
2017-03-01 00:00:00+09:00,169.8552375742931,172.70707165042296,168.8285773068864,172.2507781982422,197600,0.0,0.0
2017-03-02 00:00:00+09:00,176.58555407889992,183.54402875513563,176.58555407889992,182.85958862304688,708000,0.0,0.0
2017-03-03 00:00:00+09:00,183.54401556670337,186.5099225926414,183.31586887240044,185.5973358154297,327200,0.0,0.0
2017-03-06 00:00:00+09:00,188.2210143934494,193.5824614701113,187.08028097288303,192.55580139160156,515200,0.0,0.0
2017-03-07 00:00:00+09:00,193.92467873416027,195.86392552150187,183.42993141442923,184.6847381591797,702400,0.0,0.0
2017-03-08 00:00:00+09:00,182.51734627486016,184.7988131032959,181.2625395192205,183.54400634765625,325600,0.0,0.0
2017-03-09 00:00:00+09:00,183.54401259667134,191.41507342275605,183.54401259667134,186.62399291992188,385600,0.0,0.0
2017-03-10 00:00:00+09:00,188.79139635208034,201.68168504560606,188.79139635208034,201.56761169433594,1017600,0.0,0.0
2017-03-13 00:00:00+09:00,202.13798023829952,206.4727676248996,194.6091389878888,195.2935791015625,892800,0.0,0.0
2017-03-14 00:00:00+09:00,199.85650644955132,208.75422762709985,198.71577296525024,204.98980712890625,1112000,0.0,0.0
2017-03-15 00:00:00+09:00,204.98982866618525,205.90241554950717,199.9706008079147,202.93650817871094,608000,0.0,0.0
2017-03-16 00:00:00+09:00,205.33201123847334,208.75421142578125,203.05054444693477,208.75421142578125,600800,0.0,0.0
2017-03-17 00:00:00+09:00,208.52606995125126,210.80753679973324,206.5868231300416,210.46531677246094,315200,0.0,0.0
2017-03-21 00:00:00+09:00,211.60604384849813,220.04747093463766,211.03567715348868,215.0282440185547,632000,0.0,0.0
2017-03-22 00:00:00+09:00,211.03568680211325,222.32894787963176,205.3320195912453,220.96006774902344,825600,0.0,0.0
2017-03-23 00:00:00+09:00,218.10823797462484,222.89931851590845,213.2030840871202,216.1689910888672,592800,0.0,0.0
2017-03-24 00:00:00+09:00,220.73197212985716,225.6371270660762,217.42384438217454,221.41641235351562,552000,0.0,0.0
2017-03-27 00:00:00+09:00,223.69787976571055,224.04009987753977,219.24901831193048,221.41641235351562,367200,0.0,0.0
2017-03-28 00:00:00+09:00,220.38970346304086,225.18078397310697,219.2489700082632,222.44302368164062,419200,0.0,0.0
2017-03-29 00:00:00+09:00,222.44304338763598,224.49636378813722,219.02084272013388,221.53045654296875,459200,0.0,0.0
2017-03-30 00:00:00+09:00,219.0208262567935,220.73192646192467,208.75422502600628,209.89495849609375,742400,0.0,0.0
2017-03-31 00:00:00+09:00,208.75422637790263,215.3704805472569,207.61349290042776,210.009033203125,449600,0.0,0.0
2017-04-03 00:00:00+09:00,216.73936210647673,228.14669695418604,214.4578951369349,226.77781677246094,1452800,0.0,0.0
2017-04-04 00:00:00+09:00,228.83114504502896,237.15849977498266,212.17643558512157,218.45046997070312,1578400,0.0,0.0
2017-04-05 00:00:00+09:00,213.2030802938383,219.36304088017712,208.18385314941406,208.18385314941406,684800,0.0,0.0
2017-04-06 00:00:00+09:00,207.61349897610268,207.72757232718845,197.11875067621176,197.68911743164062,925600,0.0,0.0
2017-04-07 00:00:00+09:00,200.65500990465134,217.42379128951987,200.65500990465134,214.34381103515625,1368800,0.0,0.0
2017-04-10 00:00:00+09:00,209.7808717584054,216.39712546258565,209.3245783994964,215.14231872558594,552000,0.0,0.0
2017-04-11 00:00:00+09:00,218.7926598340824,218.7926598340824,210.46530625332744,215.94082641601562,644000,0.0,0.0
2017-04-12 00:00:00+09:00,220.50377090578158,222.32894438456714,206.2446031027693,210.46531677246094,744000,0.0,0.0
2017-04-13 00:00:00+09:00,204.87574288024064,208.7542368991316,200.65502880085927,207.0431365966797,420000,0.0,0.0
2017-04-14 00:00:00+09:00,207.04313050315346,212.6327246599879,206.92905715301399,209.09645080566406,253600,0.0,0.0
2017-04-17 00:00:00+09:00,204.9897916506877,211.94826537950905,203.05054487380306,206.24459838867188,443200,0.0,0.0
2017-04-18 00:00:00+09:00,213.31716748501393,216.51122132970931,208.52608671797083,214.45790100097656,551200,0.0,0.0
2017-04-19 00:00:00+09:00,212.17643263555797,215.59863316193793,208.86830546005731,209.2105255126953,314400,0.0,0.0
2017-04-20 00:00:00+09:00,211.49197621927416,211.49197621927416,200.76908206360437,206.58682250976562,546400,0.0,0.0
2017-04-21 00:00:00+09:00,207.38533864176478,209.4386588263367,203.84906499055757,206.81497192382812,215200,0.0,0.0
2017-04-24 00:00:00+09:00,207.3853602859209,218.33640241323027,207.3853602859209,217.65196228027344,571200,0.0,0.0
2017-04-25 00:00:00+09:00,217.6519601682482,221.3023075085962,215.71271314368835,220.04750061035156,386400,0.0,0.0
2017-04-26 00:00:00+09:00,222.44301724074475,228.1466843494818,221.9867238720458,227.00595092773438,738400,0.0,0.0
2017-04-27 00:00:00+09:00,228.1467222245881,236.13185750244867,228.1467222245881,230.20004272460938,1091200,0.0,0.0
2017-04-28 00:00:00+09:00,230.54224943373802,230.77039614272738,222.21489455562676,223.92599487304688,360800,0.0,0.0
2017-05-01 00:00:00+09:00,224.61041400604398,233.85035485647037,224.61041400604398,231.1125946044922,650400,0.0,0.0
2017-05-02 00:00:00+09:00,228.83115568506852,232.93779656476067,228.83115568506852,229.62966918945312,279200,0.0,0.0
2017-05-08 00:00:00+09:00,234.1925872652771,234.3066606151384,229.74372662068586,232.13926696777344,313600,0.0,0.0
2017-05-09 00:00:00+09:00,233.85037678921353,244.3451254060953,231.56890969858705,241.9495849609375,905600,0.0,0.0
2017-05-10 00:00:00+09:00,245.25768928637765,246.39842272491893,236.58811515346383,237.50070190429688,364000,0.0,0.0
2017-05-11 00:00:00+09:00,241.83550683137412,244.11697387695312,238.5273796152846,244.11697387695312,394400,0.0,0.0
2017-05-12 00:00:00+09:00,238.4132886551299,245.0295425986694,233.96442824481886,237.50070190429688,600000,0.0,0.0
2017-05-15 00:00:00+09:00,237.61480053265888,242.1777347723643,228.14671198527017,240.9229278564453,340800,0.0,0.0
2017-05-16 00:00:00+09:00,239.55405173895184,268.41461130559696,238.6414648751844,265.7909240722656,1356000,0.0,0.0
2017-05-17 00:00:00+09:00,265.7908866397513,279.1374676426916,264.1938598530747,272.8634338378906,1292000,0.0,0.0
2017-05-18 00:00:00+09:00,262.4827620115317,271.0382627289871,262.4827620115317,267.9582824707031,632000,0.0,0.0
2017-05-19 00:00:00+09:00,270.6960666903864,273.89012057463873,260.0872448605482,267.387939453125,594400,0.0,0.0
2017-05-22 00:00:00+09:00,271.1523942285928,271.2664675959586,258.94654392044833,259.859130859375,552000,0.0,0.0
2017-05-23 00:00:00+09:00,259.17460598562906,264.9923458206938,255.06796610205396,262.93902587890625,404800,0.0,0.0
2017-05-24 00:00:00+09:00,265.7908972422282,277.8826719665527,261.2279633839925,273.7760314941406,598400,0.0,0.0
2017-05-25 00:00:00+09:00,278.11086566063665,289.74634896555256,276.39976517461963,282.9019470214844,882400,0.0,0.0
2017-05-26 00:00:00+09:00,281.1908176967076,281.5330377588131,275.4871499949488,277.8826904296875,328000,0.0,0.0
2017-05-29 00:00:00+09:00,277.8826908684386,288.94780622732145,277.3123240973622,285.6396789550781,420000,0.0,0.0
2017-05-30 00:00:00+09:00,284.9551963121234,300.2410234962005,284.498902963345,292.2558898925781,684800,0.0,0.0
2017-05-31 00:00:00+09:00,296.59068377720826,316.32537158238404,296.59068377720826,315.7550048828125,1030400,0.0,0.0
2017-06-01 00:00:00+09:00,321.45873496659203,327.3905498062878,308.2262249395783,313.2454528808594,1251200,0.0,0.0
2017-06-02 00:00:00+09:00,316.43946488026046,316.43946488026046,298.8721694254803,302.06622314453125,1093600,0.0,0.0
2017-06-05 00:00:00+09:00,302.29436900442573,320.7742511850737,301.26770888327866,317.35205078125,924000,0.0,0.0
2017-06-06 00:00:00+09:00,313.9299007763833,317.3521017296142,305.94476521884445,311.30621337890625,626400,0.0,0.0
2017-06-07 00:00:00+09:00,310.849867481878,313.35948109090594,301.95214650441505,304.3476867675781,441600,0.0,0.0
2017-06-08 00:00:00+09:00,309.93729039272415,310.50765713985834,303.4351094753943,305.1462097167969,329600,0.0,0.0
2017-06-09 00:00:00+09:00,302.864749452961,313.1313511293326,302.4084560451223,305.7165832519531,358400,0.0,0.0
2017-06-12 00:00:00+09:00,302.8647300175258,302.9788033621652,288.0351952144078,293.8529357910156,655200,0.0,0.0
2017-06-13 00:00:00+09:00,285.29743280679827,297.04698721667444,282.55967255595334,291.11517333984375,512800,0.0,0.0
2017-06-14 00:00:00+09:00,291.11522227837446,297.9596240560792,285.7537742191724,290.08856201171875,520800,0.0,0.0
2017-06-15 00:00:00+09:00,286.3240639575116,288.4914572703374,277.76856403846244,281.0766906738281,575200,0.0,0.0
2017-06-16 00:00:00+09:00,282.33155754600506,284.04265789476875,272.4071755231758,275.8293762207031,527200,0.0,0.0
2017-06-19 00:00:00+09:00,270.1256847703313,289.40408034726795,270.1256847703313,284.0426330566406,511200,0.0,0.0
2017-06-20 00:00:00+09:00,288.2633090144129,300.012862171708,287.46479569304336,296.1343688964844,721600,0.0,0.0
2017-06-21 00:00:00+09:00,303.32098878881044,304.4617221050527,294.8795622486179,296.1343688964844,587200,0.0,0.0
2017-06-22 00:00:00+09:00,299.6707180131929,300.69737825762337,291.34336269725725,292.1418762207031,301600,0.0,0.0
2017-06-23 00:00:00+09:00,292.0277995846839,292.1418729438967,278.79528991600296,281.5330505371094,538400,0.0,0.0
2017-06-26 00:00:00+09:00,279.4796941026969,293.16849544650245,279.13747406910176,288.7196350097656,408000,0.0,0.0
2017-06-27 00:00:00+09:00,290.88703065406617,304.2336120605469,290.88703065406617,304.2336120605469,788000,0.0,0.0
2017-06-28 00:00:00+09:00,303.32102620647896,303.32102620647896,289.17593134013697,294.0810852050781,660800,0.0,0.0
2017-06-29 00:00:00+09:00,299.2143975310336,305.14621174057,289.17594271489526,302.75067138671875,470400,0.0,0.0
2017-06-30 00:00:00+09:00,298.41592706509135,302.6366416298499,292.71225873433656,301.26776123046875,362400,0.0,0.0
2017-07-03 00:00:00+09:00,301.38175227133075,312.56093914589184,301.38175227133075,304.5758056640625,585600,0.0,0.0
2017-07-04 00:00:00+09:00,311.42022122763916,311.42022122763916,286.21001284254453,290.5447998046875,688800,0.0,0.0
2017-07-05 00:00:00+09:00,289.74630879975234,301.1536437918686,288.7196486504619,300.1269836425781,357600,0.0,0.0
2017-07-06 00:00:00+09:00,301.15367765588775,304.57587853834104,291.7996619105155,295.22186279296875,279200,0.0,0.0
2017-07-07 00:00:00+09:00,291.00111231068325,301.03956698859,288.60557198981917,297.275146484375,288800,0.0,0.0
2017-07-10 00:00:00+09:00,300.46918897217256,310.2794965847795,297.84550205252185,304.0054626464844,344000,0.0,0.0
2017-07-11 00:00:00+09:00,307.8839769391871,307.8839769391871,301.26772252552547,305.7165832519531,248000,0.0,0.0
2017-07-12 00:00:00+09:00,305.8306498133579,307.99804345246787,302.0662292822722,305.1462097167969,190400,0.0,0.0
2017-07-13 00:00:00+09:00,304.5759008064168,305.7166345173023,298.87223225198954,299.6707458496094,149600,0.0,0.0
2017-07-14 00:00:00+09:00,298.52991577993214,298.64398911420034,292.7121757322529,296.7047424316406,279200,0.0,0.0
2017-07-17 00:00:00+09:00,296.7047424316406,296.7047424316406,296.7047424316406,296.7047424316406,0,0.0,0.0
2017-07-18 00:00:00+09:00,298.8721848836124,301.95216541485576,296.9329378824592,300.8114318847656,213600,0.0,0.0
2017-07-19 00:00:00+09:00,301.83804732567864,305.03210073653236,299.7847272758441,302.1802673339844,215200,0.0,0.0
2017-07-20 00:00:00+09:00,307.8839610727646,307.8839610727646,300.46919357749607,301.83807373046875,188000,0.0,0.0
2017-07-21 00:00:00+09:00,303.3210320729695,306.2869391184367,298.87217150476874,304.8039855957031,174400,0.0,0.0
2017-07-24 00:00:00+09:00,307.1995394475564,312.2187669765919,304.8039990359713,311.0780334472656,433600,0.0,0.0
2017-07-25 00:00:00+09:00,313.70167735747503,313.70167735747503,307.19949713588375,310.05133056640625,225600,0.0,0.0
2017-07-26 00:00:00+09:00,310.0513780782635,310.0513780782635,303.663270214988,308.91064453125,209600,0.0,0.0
2017-07-27 00:00:00+09:00,306.0588193288664,306.51511276059034,294.9937036095596,299.3284912109375,475200,0.0,0.0
2017-07-28 00:00:00+09:00,296.5906767059731,298.1877034266976,281.19077618470146,292.2558898925781,854400,0.0,0.0
2017-07-31 00:00:00+09:00,289.9744298828125,290.8870166015625,277.99672919921875,285.183349609375,466400,0.0,0.0
2017-08-01 00:00:00+09:00,285.1833677252881,287.0085412787299,275.03083983426785,279.0234069824219,246400,0.0,0.0
2017-08-02 00:00:00+09:00,276.0575008468203,288.0352023298435,276.0575008468203,286.7803955078125,183200,0.0,0.0
2017-08-03 00:00:00+09:00,290.8870623426039,290.8870623426039,280.8486068578395,283.81451416015625,182400,0.0,0.0
2017-08-04 00:00:00+09:00,280.96265404332553,284.2707811108271,278.22489371160003,284.1567077636719,110400,0.0,0.0
2017-08-07 00:00:00+09:00,283.47228598152793,285.1833862993239,279.7078652823769,283.13006591796875,150400,0.0,0.0
2017-08-08 00:00:00+09:00,287.4648491667492,288.7196560480326,283.2441351115231,287.921142578125,190400,0.0,0.0
2017-08-09 00:00:00+09:00,288.60560654552745,288.60560654552745,281.87527817154086,287.3507995605469,256000,0.0,0.0
2017-08-10 00:00:00+09:00,288.26336424277304,289.974464544966,273.8901217043522,277.76861572265625,455200,0.0,0.0
2017-08-11 00:00:00+09:00,277.76861572265625,277.76861572265625,277.76861572265625,277.76861572265625,0,0.0,0.0
2017-08-14 00:00:00+09:00,272.40716810911835,278.3389824900539,265.1064734864284,277.76861572265625,397600,0.0,0.0
2017-08-15 00:00:00+09:00,275.1449184742886,281.53302603422236,268.6427375650703,274.3464050292969,343200,0.0,0.0
2017-08-16 00:00:00+09:00,272.7493734831857,277.88267411335863,272.7493734831857,276.5137939453125,109600,0.0,0.0
2017-08-17 00:00:00+09:00,276.5137951762736,277.6545286547236,270.01161434910875,271.49456787109375,150400,0.0,0.0
2017-08-18 00:00:00+09:00,268.0723810610564,268.5286744756284,261.22797984247626,262.36871337890625,320800,0.0,0.0
2017-08-21 00:00:00+09:00,260.0872601289582,266.93166171129917,256.55098597808194,266.1331481933594,280000,0.0,0.0
2017-08-22 00:00:00+09:00,266.58938970735375,274.91674334391206,265.4486563324827,269.44122314453125,260000,0.0,0.0
2017-08-23 00:00:00+09:00,269.7835109825118,270.4679511795076,266.0190898990349,270.01165771484375,148800,0.0,0.0
2017-08-24 00:00:00+09:00,269.09904740130315,279.47972282034453,268.18646055127755,278.3389892578125,205600,0.0,0.0
2017-08-25 00:00:00+09:00,302.29439013800226,306.0588108453812,293.738888530323,303.77734375,2009600,0.0,0.0
2017-08-28 00:00:00+09:00,302.7506775226506,306.05880474501566,300.12699041525764,300.6973571777344,544000,0.0,0.0
2017-08-29 00:00:00+09:00,298.30181654589734,323.0557340183485,297.84552313626693,316.0972595214844,1138400,0.0,0.0
2017-08-30 00:00:00+09:00,321.80093822510986,345.0719029177445,316.0972704082876,342.7904357910156,1536000,0.0,0.0
2017-08-31 00:00:00+09:00,342.7904160480323,351.9162840293443,328.5312473272323,333.4364013671875,1399200,0.0,0.0
2017-09-01 00:00:00+09:00,334.2348960096479,346.2125970611882,331.7252824559919,336.97265625,668800,0.0,0.0
2017-09-04 00:00:00+09:00,336.0601077671654,350.77557073456677,335.37566762914673,342.7904357910156,1021600,0.0,0.0
2017-09-05 00:00:00+09:00,345.64225189608595,347.3533521529973,326.70607571960073,331.0408630371094,888000,0.0,0.0
2017-09-06 00:00:00+09:00,326.0216635012459,345.0719146575468,321.0024356516816,341.19342041015625,698400,0.0,0.0
2017-09-07 00:00:00+09:00,340.85117323909776,343.93115372017394,332.52381860507694,338.91192626953125,496000,0.0,0.0
2017-09-08 00:00:00+09:00,336.97266519145603,361.61250800843453,336.97266519145603,358.1903076171875,1040800,0.0,0.0
2017-09-11 00:00:00+09:00,363.3236190059843,363.8939857548163,326.9342204305027,333.4364013671875,2303200,0.0,0.0
2017-09-12 00:00:00+09:00,335.3756678813213,343.9311696129876,331.9534671886547,337.6571350097656,768000,0.0,0.0
2017-09-13 00:00:00+09:00,342.2200489192506,368.4569193363931,340.2808019753748,366.7458190917969,1184800,0.0,0.0
2017-09-14 00:00:00+09:00,365.6050923985759,365.6050923985759,351.91629018708477,362.1828918457031,708000,0.0,0.0
2017-09-15 00:00:00+09:00,358.7606686323117,379.293870652603,357.61993518673995,378.15313720703125,720000,0.0,0.0
2017-09-18 00:00:00+09:00,378.15313720703125,378.15313720703125,378.15313720703125,378.15313720703125,0,0.0,0.0
2017-09-19 00:00:00+09:00,387.84938891965953,393.5530564037722,371.30875321573285,382.1457214355469,706400,0.0,0.0
2017-09-20 00:00:00+09:00,379.29389451218236,379.8642612708473,369.02729285621353,372.4494934082031,523200,0.0,0.0
2017-09-21 00:00:00+09:00,372.44949345559064,376.4420607667532,363.3236253157906,367.3161926269531,411200,0.0,0.0
2017-09-22 00:00:00+09:00,361.04214831297696,369.02728271484375,353.0570139111102,369.02728271484375,643200,0.0,0.0
2017-09-25 00:00:00+09:00,370.16800253224926,371.8791026980378,358.1903013717297,367.88653564453125,287200,0.0,0.0
2017-09-26 00:00:00+09:00,367.31623415403726,369.5977014469195,359.3310986289495,360.4718322753906,259200,0.0,0.0
2017-09-27 00:00:00+09:00,356.1369649608665,380.3205128698043,355.90881828248035,376.670166015625,307200,0.0,2.0
2017-09-28 00:00:00+09:00,385.7960622530292,392.1841697297204,372.1072605172623,373.93243408203125,455600,0.0,0.0
2017-09-29 00:00:00+09:00,376.4420504686309,384.1990381752572,369.5976495510194,374.16058349609375,217200,0.0,0.0
2017-10-02 00:00:00+09:00,379.86427133525916,383.7427653969405,373.4761634689605,381.0050048828125,303200,0.0,0.0
2017-10-03 00:00:00+09:00,387.84937452943745,396.74709547452454,382.14570725694574,383.51458740234375,540800,0.0,0.0
2017-10-04 00:00:00+09:00,383.5145869173456,386.2523472046794,367.3161718839538,373.24798583984375,439600,0.0,0.0
2017-10-05 00:00:00+09:00,370.73835686071595,378.49534401964786,365.03468983208955,366.85986328125,204000,0.0,0.0
2017-10-06 00:00:00+09:00,367.5443115234375,370.0539250720147,363.8939645436889,367.5443115234375,133200,0.0,0.0
2017-10-09 00:00:00+09:00,367.5443115234375,367.5443115234375,367.5443115234375,367.5443115234375,0,0.0,0.0
2017-10-10 00:00:00+09:00,362.525079038441,374.16055986346333,362.525079038441,367.0880126953125,190800,0.0,0.0
2017-10-11 00:00:00+09:00,365.26284344950733,369.14133710262513,358.4184428851818,359.7873229980469,342000,0.0,0.0
2017-10-12 00:00:00+09:00,364.5784482672663,371.19470296047706,361.1562475638815,368.6850891113281,212800,0.0,0.0
2017-10-13 00:00:00+09:00,365.0346852312184,369.14132544006964,356.365111456977,361.38433837890625,278400,0.0,0.0
2017-10-16 00:00:00+09:00,361.384367430233,365.94730136243294,353.39923304888316,356.1369934082031,275600,0.0,0.0
2017-10-17 00:00:00+09:00,355.90881427025766,364.1220945995713,350.6614407265295,350.88958740234375,302000,0.0,0.0
2017-10-18 00:00:00+09:00,350.88965741325825,357.27776561063877,346.7830164292279,349.0644836425781,211600,0.0,0.0
2017-10-19 00:00:00+09:00,346.3267247936137,349.5207789089699,342.9045239557322,344.0452575683594,211600,0.0,0.0
2017-10-20 00:00:00+09:00,343.36078024659486,349.06444769255154,336.74452600928504,348.608154296875,228000,0.0,0.0
2017-10-23 00:00:00+09:00,350.66146791443344,353.39922823647197,344.5015071898468,353.17108154296875,183600,0.0,0.0
2017-10-24 00:00:00+09:00,353.6273726266832,363.43768038342347,349.5207321703734,363.20953369140625,238400,0.0,0.0
2017-10-25 00:00:00+09:00,365.94731250312003,371.8791267955646,355.22441743600865,357.0495910644531,324000,0.0,0.0
2017-10-26 00:00:00+09:00,353.6273838368124,362.98139850604423,352.7147970398142,361.6125183105469,186800,0.0,0.0
2017-10-27 00:00:00+09:00,368.913175556561,368.913175556561,354.5399349504612,363.6658020019531,140800,0.0,0.0
2017-10-30 00:00:00+09:00,365.2628716028156,373.47615291306005,363.4376979783168,369.8258056640625,219200,0.0,0.0
2017-10-31 00:00:00+09:00,373.47613253045495,373.47613253045495,365.7191450496758,373.24798583984375,250400,0.0,0.0
2017-11-01 00:00:00+09:00,374.16059027777777,380.3205512152778,369.8258029513889,379.8642578125,253200,0.0,0.0
2017-11-02 00:00:00+09:00,381.005001709731,381.005001709731,369.1413729139789,373.0198669433594,163200,0.0,0.0
2017-11-03 00:00:00+09:00,373.0198669433594,373.0198669433594,373.0198669433594,373.0198669433594,0,0.0,0.0
2017-11-06 00:00:00+09:00,376.2139001388787,376.2139001388787,363.2095385209794,366.1754455566406,141200,0.0,0.0
2017-11-07 00:00:00+09:00,361.6125183105469,369.1413593857822,359.55919801730084,361.6125183105469,214000,0.0,0.0
2017-11-08 00:00:00+09:00,361.61249870170656,362.52508544921875,345.1859372464871,362.52508544921875,424800,0.0,0.0
2017-11-09 00:00:00+09:00,365.94727371017655,365.94727371017655,346.3266592843192,351.34588623046875,409600,0.0,0.0
2017-11-10 00:00:00+09:00,346.7830287839586,361.6125661990621,345.642295136643,352.71484375,540000,0.0,0.0
2017-11-13 00:00:00+09:00,349.0644510117665,349.0644510117665,325.5653409109744,336.0600891113281,640400,0.0,0.0
2017-11-14 00:00:00+09:00,335.375634402426,335.375634402426,311.8765253252492,314.3861389160156,788400,0.0,0.0
2017-11-15 00:00:00+09:00,310.7358100264272,318.9490913487116,302.294382000746,308.2261962890625,521600,0.0,0.0
2017-11-16 00:00:00+09:00,302.97882011704166,307.99804755873964,298.8721794829251,305.4884338378906,631600,0.0,0.0
2017-11-17 00:00:00+09:00,307.0854395045791,314.3861334601114,300.4691856073779,313.9298400878906,508400,0.0,0.0
2017-11-20 00:00:00+09:00,314.6143196730586,315.98319996170136,304.57586422301176,312.1047058105469,282800,0.0,0.0
2017-11-21 00:00:00+09:00,314.1580192499958,317.58021989542056,307.3136179591462,316.6676330566406,278000,0.0,0.0
2017-11-22 00:00:00+09:00,315.5268750982582,322.82756924369875,313.70170156189806,314.6142883300781,321200,0.0,0.0
2017-11-23 00:00:00+09:00,314.6142883300781,314.6142883300781,314.6142883300781,314.6142883300781,0,0.0,0.0
2017-11-24 00:00:00+09:00,317.8083791691021,317.8083791691021,309.59509729538524,312.5610046386719,314400,0.0,0.0
2017-11-27 00:00:00+09:00,314.8425075793991,316.4395347917584,305.9447845391117,307.76995849609375,330400,0.0,0.0
2017-11-28 00:00:00+09:00,313.70169832039306,313.70169832039306,302.9788039050778,304.1195373535156,270800,0.0,0.0
2017-11-29 00:00:00+09:00,307.31361833403383,313.7017262132862,303.66327097446106,306.4010314941406,226400,0.0,0.0
2017-11-30 00:00:00+09:00,307.7699001736111,309.36692708333334,295.44997829861114,297.7314453125,456000,0.0,0.0
2017-12-01 00:00:00+09:00,298.87218549914826,315.07060165978913,298.87218549914826,303.43511962890625,721200,0.0,0.0
2017-12-04 00:00:00+09:00,303.2069242255632,306.4009776034097,290.88700405386993,294.3092041015625,881200,0.0,0.0
2017-12-05 00:00:00+09:00,294.53737312559946,295.90625324856893,282.4455987060357,293.6247863769531,769200,0.0,0.0
2017-12-06 00:00:00+09:00,290.43074387770434,295.9062645792479,278.1108222992314,281.76116943359375,736000,0.0,0.0
2017-12-07 00:00:00+09:00,281.98935548811085,289.9744909590525,281.98935548811085,287.6930236816406,348000,0.0,0.0
2017-12-08 00:00:00+09:00,290.2026041666667,294.9936848958333,284.27078993055557,287.46484375,272800,0.0,0.0
2017-12-11 00:00:00+09:00,293.6247987093991,301.1536397019478,292.2559185289357,299.7847595214844,476000,0.0,0.0
2017-12-12 00:00:00+09:00,296.5907279450324,302.52254250393304,294.0811140931898,299.100341796875,464000,0.0,0.0
2017-12-13 00:00:00+09:00,301.6099521310649,303.435125820209,295.90628435248954,301.3818054199219,327200,0.0,0.0
2017-12-14 00:00:00+09:00,300.2410590277778,305.48843315972226,296.8188585069445,297.7314453125,301200,0.0,0.0
2017-12-15 00:00:00+09:00,299.1003344321857,302.0662416386071,293.168520019343,295.9062805175781,302800,0.0,0.0
2017-12-18 00:00:00+09:00,296.5907260580555,300.9255135927501,293.8529655098273,296.3625793457031,262000,0.0,0.0
2017-12-19 00:00:00+09:00,297.0469665527344,298.6439932546308,294.30920649234054,297.0469665527344,236800,0.0,0.0
2017-12-20 00:00:00+09:00,296.5906513359801,298.187677920097,291.34327827388205,292.712158203125,271200,0.0,0.0
2017-12-21 00:00:00+09:00,290.43075806774635,301.381800005886,290.2026113607017,300.9255065917969,337600,0.0,0.0
2017-12-22 00:00:00+09:00,302.2943373206708,318.2646041979893,300.9254573026149,317.1238708496094,794400,0.0,0.0
2017-12-25 00:00:00+09:00,321.6868302089716,323.2838570256119,307.99802892348345,314.1579895019531,750000,0.0,0.0
2017-12-26 00:00:00+09:00,313.70173091382054,315.9831980477392,307.5417696522401,309.366943359375,542000,0.0,0.0
2017-12-27 00:00:00+09:00,309.8258955570301,321.300928725809,309.8258955570301,316.4814147949219,378800,2.0,0.0
2017-12-28 00:00:00+09:00,319.00592876233554,329.3334588301809,319.00592876233554,327.0384521484375,498800,0.0,0.0
2017-12-29 00:00:00+09:00,330.4809604747003,337.36598048458984,321.07143312785115,325.43194580078125,684800,0.0,0.0
2018-01-01 00:00:00+09:00,325.43194580078125,325.43194580078125,325.43194580078125,325.43194580078125,0,0.0,0.0
2018-01-02 00:00:00+09:00,325.43194580078125,325.43194580078125,325.43194580078125,325.43194580078125,0,0.0,0.0
2018-01-03 00:00:00+09:00,325.43194580078125,325.43194580078125,325.43194580078125,325.43194580078125,0,0.0,0.0
2018-01-04 00:00:00+09:00,328.1860198537395,328.1860198537395,317.6289870472556,320.38299560546875,427200,0.0,0.0
2018-01-05 00:00:00+09:00,320.8419429584141,321.0714436329194,312.3504180017179,314.4159240722656,349200,0.0,0.0
2018-01-08 00:00:00+09:00,314.4159240722656,314.4159240722656,314.4159240722656,314.4159240722656,0,0.0,0.0
2018-01-09 00:00:00+09:00,321.30096986405687,324.51397956269744,316.9404567016161,317.85845947265625,424800,0.0,0.0
2018-01-10 00:00:00+09:00,323.595965813411,325.8909726631515,320.15345553880024,324.74346923828125,304000,0.0,0.0
2018-01-11 00:00:00+09:00,321.30094737707293,327.0384642945207,317.8584372266043,321.75994873046875,412400,0.0,0.0
2018-01-12 00:00:00+09:00,329.7924858769284,346.31653527368474,327.7269797023339,344.48052978515625,1053600,0.0,0.0
2018-01-15 00:00:00+09:00,349.3000779557936,350.67708220529084,337.5955418350673,347.6935729980469,553600,0.0,0.0
2018-01-16 00:00:00+09:00,347.6935390047999,354.57855957915234,344.71003008924714,348.6115417480469,474400,0.0,0.0
2018-01-17 00:00:00+09:00,349.98861443787854,350.9066173609943,339.2020800912685,341.0380859375,412400,0.0,0.0
2018-01-18 00:00:00+09:00,340.80855193345445,344.939564684163,336.9070398911186,337.8250427246094,403600,0.0,0.0
2018-01-19 00:00:00+09:00,336.6775064589102,349.5295448786096,336.6775064589102,344.48052978515625,427200,0.0,0.0
2018-01-22 00:00:00+09:00,347.6935367436372,357.5620661693642,344.0215257945295,355.2670593261719,433600,0.0,0.0
2018-01-23 00:00:00+09:00,358.25054424320166,364.2175616361057,357.33254156737024,357.5620422363281,393200,0.0,0.0
2018-01-24 00:00:00+09:00,358.48009321314464,358.93909461290536,349.30006521792967,352.9720764160156,348400,0.0,0.0
2018-01-25 00:00:00+09:00,355.26707513290285,382.80715847653875,355.26707513290285,377.06964111328125,1321600,0.0,0.0
2018-01-26 00:00:00+09:00,379.5941472508213,379.5941472508213,368.11911256972036,375.463134765625,362400,0.0,0.0
2018-01-29 00:00:00+09:00,376.61063321003206,382.8071518551697,372.93862216106163,374.7746276855469,345600,0.0,0.0
2018-01-30 00:00:00+09:00,373.39761938384663,375.0041241998804,362.38158635961514,365.8240966796875,427600,0.0,0.0
2018-01-31 00:00:00+09:00,361.9226244729663,372.93865869915675,360.3161194816468,361.463623046875,316000,0.0,0.0
2018-02-01 00:00:00+09:00,363.988072469506,373.1680995179172,361.69306570740315,368.8075866699219,242800,0.0,0.0
2018-02-02 00:00:00+09:00,371.3321131918032,371.3321131918032,359.62757810355725,365.8240966796875,325200,0.0,0.0
2018-02-05 00:00:00+09:00,353.8900214124379,360.7750412842752,344.9394955790494,352.05401611328125,453600,0.0,0.0
2018-02-06 00:00:00+09:00,332.7759584799209,336.21846839523045,312.1208989880638,325.66143798828125,810000,0.0,0.0
2018-02-07 00:00:00+09:00,332.775974006546,341.72650020396344,327.03845721332965,327.7269592285156,474400,0.0,0.0
2018-02-08 00:00:00+09:00,327.9564928655755,337.3660213522715,327.9564928655755,335.0710144042969,343600,0.0,0.0
2018-02-09 00:00:00+09:00,314.41594517646143,325.8909796719527,313.4979424168221,322.907470703125,341600,0.0,0.0
2018-02-12 00:00:00+09:00,322.907470703125,322.907470703125,322.907470703125,322.907470703125,0,0.0,0.0
2018-02-13 00:00:00+09:00,328.64498027726717,331.39898849188114,285.03985021254596,292.6133728027344,1161600,0.0,0.0
2018-02-14 00:00:00+09:00,308.21943300460754,317.3994607932779,292.8428864585847,297.2033996582031,1055600,0.0,0.0
2018-02-15 00:00:00+09:00,302.94093944408274,305.2359465610834,293.3019095526801,297.43292236328125,446000,0.0,0.0
2018-02-16 00:00:00+09:00,298.3509425234849,309.82597877438815,296.0559352733042,302.7114562988281,380800,0.0,0.0
2018-02-19 00:00:00+09:00,316.4814388176266,336.447998046875,311.2029231593196,336.447998046875,497600,0.0,0.0
2018-02-20 00:00:00+09:00,337.3660649318321,352.51311274509806,326.5795308829912,351.1361083984375,590800,0.0,0.0
2018-02-21 00:00:00+09:00,361.23406499014004,368.34858596516824,347.0050230400837,356.41455078125,594000,0.0,0.0
2018-02-22 00:00:00+09:00,355.2670863043402,360.3161017427739,347.9230638484365,356.1850891113281,237600,0.0,0.0
2018-02-23 00:00:00+09:00,364.9060619973856,364.9060619973856,350.21801925032105,351.82452392578125,175200,0.0,0.0
2018-02-26 00:00:00+09:00,362.6110327935988,369.4960524036038,353.89000795425903,355.72601318359375,581600,0.0,0.0
2018-02-27 00:00:00+09:00,357.33255348770524,369.2665886716235,352.74253995542904,356.41455078125,308800,0.0,0.0
2018-02-28 00:00:00+09:00,362.3815813813848,370.4141053512065,349.75904371452214,365.1355895996094,800400,0.0,0.0
2018-03-01 00:00:00+09:00,363.98811448915177,374.0861454081446,361.00460535399475,367.6601257324219,612400,0.0,0.0
2018-03-02 00:00:00+09:00,361.0045867069587,379.8236433566539,359.857083252709,370.64361572265625,630400,0.0,0.0
2018-03-05 00:00:00+09:00,367.2010927896782,368.34859620464596,315.5634391161297,317.3994445800781,1324400,0.0,0.0
2018-03-06 00:00:00+09:00,344.2510105071858,354.1195394750585,330.48097008689837,343.3330078125,837200,0.0,0.0
2018-03-07 00:00:00+09:00,350.2180239503489,376.84010178667944,339.66099308421775,364.90606689453125,1734400,0.0,0.0
2018-03-08 00:00:00+09:00,367.20111693970676,394.5117000120975,367.20111693970676,383.49566650390625,1211600,0.0,0.0
2018-03-09 00:00:00+09:00,387.8561741658094,389.2331783344454,377.9876442905847,386.93817138671875,604000,0.0,0.0
2018-03-12 00:00:00+09:00,391.06917703099185,416.77325439453125,386.9381645975659,416.77325439453125,1179200,0.0,0.0
2018-03-13 00:00:00+09:00,424.5762852944091,440.18233253766306,419.2977693150732,438.8053283691406,1254400,0.0,0.0
2018-03-14 00:00:00+09:00,445.231372813888,456.0179060727812,442.7068650298918,452.11639404296875,951200,0.0,0.0
2018-03-15 00:00:00+09:00,454.41135989526475,476.6729265163964,453.9523585216332,473.00091552734375,944400,0.0,0.0
2018-03-16 00:00:00+09:00,472.77138268935994,481.4924081952802,457.1653370471869,471.3943786621094,793200,0.0,0.0
2018-03-19 00:00:00+09:00,465.88645362854004,518.2126168932234,465.88645362854004,514.0816040039062,1481600,0.0,0.0
2018-03-20 00:00:00+09:00,510.6390430188793,537.9496255443835,503.0655201336555,525.3270874023438,1710000,0.0,0.0
2018-03-21 00:00:00+09:00,525.3270874023438,525.3270874023438,525.3270874023438,525.3270874023438,0,0.0,0.0
2018-03-22 00:00:00+09:00,525.5566063480101,556.7687017468438,497.55752076964444,506.737548828125,2138000,0.0,0.0
2018-03-23 00:00:00+09:00,486.541456795464,509.49152551223114,476.6729272472541,482.86944580078125,1216000,0.0,0.0
2018-03-26 00:00:00+09:00,461.5258671787188,489.52495012044113,461.5258671787188,484.9349365234375,922800,0.0,0.0
2018-03-27 00:00:00+09:00,495.9509211340941,510.1799619070296,489.7544033781382,501.9179382324219,568000,0.0,0.0
2018-03-28 00:00:00+09:00,498.0164838301321,516.3765385335471,498.0164838301321,506.9670104980469,418000,0.0,0.0
2018-03-29 00:00:00+09:00,513.3930952682398,539.097175138621,502.83606246433317,537.2611694335938,524400,0.0,0.0
2018-03-30 00:00:00+09:00,546.2116191913556,554.4736436833256,488.6069484278974,494.803466796875,1313200,0.0,0.0
2018-04-02 00:00:00+09:00,494.8034815335002,501.91800283569796,479.8859368676015,482.86944580078125,639600,0.0,0.0
2018-04-03 00:00:00+09:00,475.29591411677876,496.63947761888426,472.082904557322,491.3609619140625,560000,0.0,0.0
2018-04-04 00:00:00+09:00,494.1149902197873,503.52451859833405,477.3614396921308,480.1154479980469,320000,0.0,0.0
2018-04-05 00:00:00+09:00,480.1154460099783,489.29547365835265,471.16491905281333,482.63995361328125,318000,0.0,0.0
2018-04-06 00:00:00+09:00,475.2959000529637,487.4594358824215,475.2959000529637,476.90240478515625,300000,0.0,0.0
2018-04-09 00:00:00+09:00,470.70594942686984,495.7215264563817,470.4764487201771,489.9840087890625,355600,0.0,0.0
2018-04-10 00:00:00+09:00,484.7054396072453,489.0659525582575,476.2139143868532,479.88592529296875,301200,0.0,0.0
2018-04-11 00:00:00+09:00,479.65638237643645,496.4099306603981,476.9023744393469,489.29541015625,411600,0.0,0.0
2018-04-12 00:00:00+09:00,490.21344011431034,494.57395292431596,482.6399178653533,486.0824279785156,302400,0.0,0.0
2018-04-13 00:00:00+09:00,486.0824281529018,488.1479342215402,474.8368951125372,481.951416015625,258000,0.0,0.0
2018-04-16 00:00:00+09:00,483.55796931118994,511.3275536902379,483.32846861384246,487.22998046875,628800,0.0,0.0
2018-04-17 00:00:00+09:00,483.0989797370646,483.0989797370646,447.9853721837293,456.4768981933594,879200,0.0,0.0
2018-04-18 00:00:00+09:00,452.1163679857699,465.8864096503111,443.16584090381815,456.9358825683594,404800,0.0,0.0
2018-04-19 00:00:00+09:00,457.1653747558594,459.00138027696727,429.6252919392413,457.1653747558594,930000,0.0,0.0
2018-04-20 00:00:00+09:00,450.5098671591058,469.5584249656294,445.69035253335886,451.8868713378906,349200,0.0,0.0
2018-04-23 00:00:00+09:00,440.6412986352109,447.9853202791311,429.3957654929581,429.8547668457031,460400,0.0,0.0
2018-04-24 00:00:00+09:00,431.2318348927541,436.5103512325802,421.36330434438344,433.0678405761719,459600,0.0,0.0
2018-04-25 00:00:00+09:00,431.00230639306795,444.7723481308657,425.72379039357884,426.41229248046875,213600,0.0,0.0
2018-04-26 00:00:00+09:00,422.0518051309789,432.37933706729973,418.6092944855386,431.4613342285156,224800,0.0,0.0
2018-04-27 00:00:00+09:00,431.2317872149943,447.9853372238791,431.2317872149943,437.6578063964844,346400,0.0,0.0
2018-04-30 00:00:00+09:00,437.6578063964844,437.6578063964844,437.6578063964844,437.6578063964844,0,0.0,0.0
2018-05-01 00:00:00+09:00,439.95280367362915,444.7723179548739,427.7892676304876,428.0187683105469,245200,0.0,0.0
2018-05-02 00:00:00+09:00,428.2482418050343,439.95277574504325,428.2482418050343,439.4937744140625,148800,0.0,0.0
2018-05-03 00:00:00+09:00,439.4937744140625,439.4937744140625,439.4937744140625,439.4937744140625,0,0.0,0.0
2018-05-04 00:00:00+09:00,439.4937744140625,439.4937744140625,439.4937744140625,439.4937744140625,0,0.0,0.0
2018-05-07 00:00:00+09:00,439.72337371439875,457.85393035502375,439.4938729974288,453.263916015625,192400,0.0,0.0
2018-05-08 00:00:00+09:00,459.00135470512214,461.5258621560003,450.5098296430774,457.8538513183594,180800,0.0,0.0
2018-05-09 00:00:00+09:00,458.54241091493014,469.5584448107843,458.54241091493014,458.77191162109375,205600,0.0,0.0
2018-05-10 00:00:00+09:00,459.0013853150045,459.0013853150045,437.6578208978568,443.8543395996094,300400,0.0,0.0
2018-05-11 00:00:00+09:00,442.01828746752204,507.19647731216185,437.4282740981812,503.75396728515625,1483600,0.0,0.0
2018-05-14 00:00:00+09:00,538.179078368586,546.2116019263261,501.4589706760599,505.1309814453125,1033600,0.0,0.0
2018-05-15 00:00:00+09:00,505.5899762571826,505.5899762571826,483.5579119264112,494.5739440917969,494400,0.0,0.0
2018-05-16 00:00:00+09:00,493.4264305970346,500.31145055885366,482.639899323518,493.1969299316406,207600,0.0,0.0
2018-05-17 00:00:00+09:00,495.721503184779,534.7366214909885,495.721503184779,521.8845825195312,715200,0.0,0.0
2018-05-18 00:00:00+09:00,527.8515950307517,527.8515950307517,510.6390430188793,525.3270874023438,417200,0.0,0.0
2018-05-21 00:00:00+09:00,527.8516459444527,537.9496774320857,511.7865958504911,533.8186645507812,519200,0.0,0.0
2018-05-22 00:00:00+09:00,537.9496677886199,537.9496677886199,521.425616559618,522.5731201171875,407200,0.0,0.0
2018-05-23 00:00:00+09:00,518.9011127681085,529.9171470064407,512.9340942223452,527.3926391601562,272400,0.0,0.0
2018-05-24 00:00:00+09:00,530.1466918945313,530.3761926269531,516.6061486816407,527.8516845703125,258400,0.0,0.0
2018-05-25 00:00:00+09:00,527.8516178399744,527.8516178399744,517.983087593401,521.4255981445312,154800,0.0,0.0
2018-05-28 00:00:00+09:00,520.966616156381,543.2281852168078,520.966616156381,534.0481567382812,424000,0.0,0.0
2018-05-29 00:00:00+09:00,538.4086102875463,540.0151150923258,521.4255594941624,535.6546020507812,327600,0.0,0.0
2018-05-30 00:00:00+09:00,524.1795448025549,538.8675880894917,524.1795448025549,529.6875610351562,280800,0.0,0.0
2018-05-31 00:00:00+09:00,540.7036456038239,587.5217880924403,540.7036456038239,585.915283203125,1185600,0.0,0.0
2018-06-01 00:00:00+09:00,591.6528374649247,602.2098702513431,576.0467889980454,598.078857421875,740000,0.0,0.0
2018-06-04 00:00:00+09:00,603.5868717711649,612.9964009508675,587.9808233755606,594.8658447265625,499200,0.0,0.0
2018-06-05 00:00:00+09:00,592.3412344088413,606.1112747283029,574.6696826655322,579.4891967773438,608000,0.0,0.0
2018-06-06 00:00:00+09:00,576.5057059777896,587.7512392552227,560.4406584385996,562.5061645507812,387600,0.0,0.0
2018-06-07 00:00:00+09:00,573.2927122619218,583.6202431073127,565.2601882710621,578.5712280273438,235600,0.0,0.0
2018-06-08 00:00:00+09:00,578.571268067891,610.012864150914,577.6532652625472,603.8163452148438,498800,0.0,0.0
2018-06-11 00:00:00+09:00,599.2263492984351,617.5864059602026,599.2263492984351,614.8323974609375,417200,0.0,0.0
2018-06-12 00:00:00+09:00,621.946884617661,649.2574673739347,621.2583825313684,643.7494506835938,776400,0.0,0.0
2018-06-13 00:00:00+09:00,643.7493795086206,656.8309177018439,628.8318359549448,642.3723754882812,502000,0.0,0.0
2018-06-14 00:00:00+09:00,640.7658946138849,663.9454631511351,635.716879684979,640.077392578125,334400,0.0,0.0
2018-06-15 00:00:00+09:00,658.437511133022,665.3225321626459,633.421934725389,641.6839599609375,367600,0.0,0.0
2018-06-18 00:00:00+09:00,633.4218676862295,647.1919082881041,617.3568203173759,643.5198974609375,435600,0.0,0.0
2018-06-19 00:00:00+09:00,641.4544563649971,654.0769948623405,625.1599066684265,638.470947265625,327600,0.0,0.0
2018-06-20 00:00:00+09:00,633.8808642437764,647.4214040665073,608.6357899980069,638.7003784179688,546800,0.0,0.0
2018-06-21 00:00:00+09:00,638.0118751247434,645.5853973834184,624.4713353289304,628.8318481445312,277600,0.0,0.0
2018-06-22 00:00:00+09:00,619.6518570019567,632.7333962053314,619.1928556263997,621.2583618164062,144000,0.0,0.0
2018-06-25 00:00:00+09:00,628.3729202577888,628.3729202577888,601.7508389028203,603.8163452148438,257600,0.0,0.0
2018-06-26 00:00:00+09:00,587.2922255161831,607.7177855282738,579.4892025902158,602.4392700195312,285200,0.0,0.0
2018-06-27 00:00:00+09:00,601.2917014265987,625.3892696135425,601.2917014265987,614.1437377929688,228400,0.0,0.0
2018-06-28 00:00:00+09:00,612.7668783439644,614.1438825649622,579.4892763365207,610.2423706054688,376800,0.0,0.0
2018-06-29 00:00:00+09:00,612.7667728366761,647.6508737622097,601.5212403014712,626.3073120117188,491600,0.0,0.0
2018-07-02 00:00:00+09:00,624.0122792574119,624.0122792574119,566.8666163169576,570.7681274414062,515600,0.0,0.0
2018-07-03 00:00:00+09:00,570.7680936282727,586.8331384831095,564.5715763271214,571.6860961914062,384800,0.0,0.0
2018-07-04 00:00:00+09:00,571.9157311130799,574.669739449098,550.8016672036083,556.5391845703125,279200,0.0,0.0
2018-07-05 00:00:00+09:00,550.801602031518,556.7686193868594,527.8515352802048,535.195556640625,463600,0.0,0.0
2018-07-06 00:00:00+09:00,535.1956780184803,570.0797873918975,535.1956780184803,566.4077758789062,366800,0.0,0.0
2018-07-09 00:00:00+09:00,579.2597783206778,617.356895278377,577.8827740932911,613.4553833007812,609200,0.0,0.0
2018-07-10 00:00:00+09:00,620.1108820670156,631.1269155012186,600.8328235571602,609.0948486328125,483600,0.0,0.0
2018-07-11 00:00:00+09:00,607.488265877847,629.2908292546492,603.586754536735,617.8157958984375,332800,0.0,0.0
2018-07-12 00:00:00+09:00,614.6028812258988,647.1919809772347,612.7668756061053,626.7664184570312,425200,0.0,0.0
2018-07-13 00:00:00+09:00,637.782365600454,646.5033911106437,626.5368327057357,637.3233642578125,195600,0.0,0.0
2018-07-16 00:00:00+09:00,637.3233642578125,637.3233642578125,637.3233642578125,637.3233642578125,0,0.0,0.0
2018-07-17 00:00:00+09:00,636.8644939769398,636.8644939769398,594.4068610451438,605.8818969726562,554000,0.0,0.0
2018-07-18 00:00:00+09:00,602.6688587164053,620.7994146336163,596.7018403132727,603.3573608398438,269200,0.0,0.0
2018-07-19 00:00:00+09:00,602.8982626487222,613.2257928425526,593.2592344678138,610.9307861328125,190000,0.0,0.0
2018-07-20 00:00:00+09:00,633.6514070872405,688.5020721701272,632.9629050150703,685.2890625,3071200,0.0,0.0
2018-07-23 00:00:00+09:00,709.1571524146905,752.7622847638138,706.8621454489471,742.4347534179688,1988000,0.0,0.0
2018-07-24 00:00:00+09:00,744.7296942474229,775.7122855335252,736.6971705806556,772.269775390625,1304400,0.0,0.0
2018-07-25 00:00:00+09:00,772.2698859550466,798.6624674958579,758.4998434120145,779.1549072265625,823200,0.0,0.0
2018-07-26 00:00:00+09:00,778.007339389338,794.0723876953125,767.6798083354972,794.0723876953125,614400,0.0,0.0
2018-07-27 00:00:00+09:00,794.0723584474757,813.5799163862143,784.892331182187,799.8098754882812,641600,0.0,0.0
2018-07-30 00:00:00+09:00,795.2199173545552,795.2199173545552,751.6147848012029,765.3848266601562,1343600,0.0,0.0
2018-07-31 00:00:00+09:00,767.6798717740359,782.5974178623205,760.7948505025198,779.1549072265625,414800,0.0,0.0
2018-08-01 00:00:00+09:00,764.2372517238576,782.5973058193257,764.2372517238576,772.269775390625,264400,0.0,0.0
2018-08-02 00:00:00+09:00,775.7123173626476,791.7773653553651,772.2698070784937,778.00732421875,272000,0.0,0.0
2018-08-03 00:00:00+09:00,788.3348907015217,795.2199115810109,764.2373176233092,768.8273315429688,438000,0.0,0.0
2018-08-06 00:00:00+09:00,757.3522583968996,764.2372789277805,725.2221625861221,728.6646728515625,690800,0.0,0.0
2018-08-07 00:00:00+09:00,709.1572033110118,725.2222532242063,688.5021391369047,722.92724609375,888000,0.0,0.0
2018-08-08 00:00:00+09:00,728.6646934485657,745.8772452623114,728.6646934485657,741.2872314453125,344800,0.0,0.0
2018-08-09 00:00:00+09:00,725.2221625861221,734.4021899606299,704.5671009934794,728.6646728515625,347600,0.0,0.0
2018-08-10 00:00:00+09:00,729.8122513452187,776.8598964791084,729.8122513452187,744.7297973632812,788800,0.0,0.0
2018-08-13 00:00:00+09:00,741.2872446287415,744.7297550527139,669.9125285050453,680.0105590820312,946800,0.0,0.0
2018-08-14 00:00:00+09:00,680.2400266526942,693.0920649430285,668.3059910973838,690.7970581054688,364800,0.0,0.0
2018-08-15 00:00:00+09:00,697.6821532630985,699.9771603462008,677.4860909317982,685.5186157226562,163200,0.0,0.0
2018-08-16 00:00:00+09:00,665.5520069355867,675.8795380776907,646.2739488036594,652.240966796875,454000,0.0,0.0
2018-08-17 00:00:00+09:00,663.7159343616753,664.1749356994081,626.7663266741823,639.1593627929688,402800,0.0,0.0
2018-08-20 00:00:00+09:00,635.0284570480102,635.0284570480102,595.7838361028676,601.7508544921875,780800,0.0,0.0
2018-08-21 00:00:00+09:00,590.7347674555878,602.8983038484184,574.8992200762422,599.914794921875,714400,0.0,0.0
2018-08-22 00:00:00+09:00,590.7347444183491,602.898280336831,575.8172003673807,593.94775390625,748000,0.0,0.0
2018-08-23 00:00:00+09:00,598.7672532704893,643.7493849841788,595.32474319036,630.6678466796875,860800,0.0,0.0
2018-08-24 00:00:00+09:00,630.6678466796875,633.8808560878082,602.6687646946359,630.6678466796875,778000,0.0,0.0
2018-08-27 00:00:00+09:00,639.1593661074896,646.9623888894123,621.0288131730222,642.3723754882812,646800,0.0,0.0
2018-08-28 00:00:00+09:00,643.9789346376123,645.5854394638643,614.1438450072168,626.077880859375,686800,0.0,0.0
2018-08-29 00:00:00+09:00,626.5368469668107,658.6669416830573,612.7668063741335,651.7819213867188,761200,0.0,0.0
2018-08-30 00:00:00+09:00,663.2569207085503,677.0269605848524,651.7818874782986,660.9619140625,870000,0.0,0.0
2018-08-31 00:00:00+09:00,649.4868691174627,665.092914029119,628.3728083546335,657.9783935546875,867200,0.0,0.0
2018-09-03 00:00:00+09:00,664.1750133175291,668.0765251442043,649.2574680978887,663.4865112304688,692800,0.0,0.0
2018-09-04 00:00:00+09:00,663.0274820448477,663.0274820448477,642.8314216710345,652.699951171875,434000,0.0,0.0
2018-09-05 00:00:00+09:00,654.0769931687094,654.5359945674243,623.782900853527,626.9959106445312,492800,0.0,0.0
2018-09-06 00:00:00+09:00,619.6518276682508,624.01234052962,597.6197626844909,600.603271484375,523600,0.0,0.0
2018-09-07 00:00:00+09:00,600.6033868921583,617.3569395261391,588.8988501204731,613.9144287109375,394800,0.0,0.0
2018-09-10 00:00:00+09:00,607.7177936295817,618.5043254651521,606.1112888881138,610.4718017578125,390400,0.0,0.0
2018-09-11 00:00:00+09:00,607.9473705674068,633.6514496551945,607.9473705674068,618.27490234375,358800,0.0,0.0
2018-09-12 00:00:00+09:00,620.5699022629512,627.4549233679396,606.570359349475,610.2423706054688,351200,0.0,0.0
2018-09-13 00:00:00+09:00,605.8818931917174,629.5204670548791,605.8818931917174,622.4059448242188,330000,0.0,0.0
2018-09-14 00:00:00+09:00,633.4219175362977,669.224025918784,625.8483946092332,632.2744140625,719200,0.0,0.0
2018-09-17 00:00:00+09:00,632.2744140625,632.2744140625,632.2744140625,632.2744140625,0,0.0,0.0
2018-09-18 00:00:00+09:00,626.9958288038974,649.9458957440108,625.1598234486884,649.0278930664062,333600,0.0,0.0
2018-09-19 00:00:00+09:00,653.8474842733252,660.7325051677443,628.1434062674942,646.9624633789062,654400,0.0,0.0
2018-09-20 00:00:00+09:00,652.4703877943963,664.8634236512016,644.4378645538744,659.3554077148438,438800,0.0,0.0
2018-09-21 00:00:00+09:00,659.5849169474226,671.9779529652238,650.8638916015625,650.8638916015625,476400,0.0,0.0
2018-09-24 00:00:00+09:00,650.8638916015625,650.8638916015625,650.8638916015625,650.8638916015625,0,0.0,0.0
2018-09-25 00:00:00+09:00,651.7818925201789,657.5194091796875,631.3563332123282,657.5194091796875,369600,0.0,0.0
2018-09-26 00:00:00+09:00,659.8145481797516,703.4196835377177,659.8145481797516,699.9771728515625,724800,0.0,0.0
2018-09-27 00:00:00+09:00,706.862060546875,725.2221140675731,696.5345304414824,706.862060546875,603200,0.0,0.0
2018-09-28 00:00:00+09:00,718.3371748220978,718.3371748220978,691.9445949164937,708.0096435546875,466400,0.0,0.0
2018-10-01 00:00:00+09:00,732.1072528113617,759.6473375566167,718.3372104387341,748.1723022460938,853200,0.0,0.0
2018-10-02 00:00:00+09:00,755.0573176959089,758.4998282629115,727.5172331598878,751.6148071289062,528800,0.0,0.0
2018-10-03 00:00:00+09:00,745.8772312250352,764.2372861474976,740.1397140617657,763.0897827148438,535200,0.0,0.0
2018-10-04 00:00:00+09:00,767.679835354736,787.1873946985783,751.6147864833364,776.85986328125,578000,0.0,0.0
2018-10-05 00:00:00+09:00,757.3522314380572,783.7448092002925,738.9921773425891,772.269775390625,546800,0.0,0.0
2018-10-08 00:00:00+09:00,772.269775390625,772.269775390625,772.269775390625,772.269775390625,0,0.0,0.0
2018-10-09 00:00:00+09:00,757.3522798048084,771.122321255805,734.4022107198143,741.2872314453125,546000,0.0,0.0
2018-10-10 00:00:00+09:00,742.4347971474252,767.6798752575386,742.4347971474252,752.7623291015625,300000,0.0,0.0
2018-10-11 00:00:00+09:00,711.4520801088345,733.2546438541052,706.8620666887775,729.8121337890625,486800,0.0,0.0
2018-10-12 00:00:00+09:00,721.7796103039627,745.877180759262,716.0420935288915,729.8121337890625,254800,0.0,0.0
2018-10-15 00:00:00+09:00,730.9597074304994,730.9597074304994,682.9940625787021,683.4530639648438,447600,0.0,0.0
2018-10-16 00:00:00+09:00,682.7645562576192,693.0920873606757,655.2244733161355,658.896484375,436800,0.0,0.0
2018-10-17 00:00:00+09:00,680.9285240543452,691.9445567994104,675.6500083640013,685.9775390625,267600,0.0,0.0
2018-10-18 00:00:00+09:00,690.7971220922387,691.9446256173089,662.3390346704987,664.404541015625,369600,0.0,0.0
2018-10-19 00:00:00+09:00,644.4379279543515,682.5350419288609,644.4379279543515,672.43701171875,325600,0.0,0.0
2018-10-22 00:00:00+09:00,659.1260302306347,690.7971277834994,652.2410090234902,680.6990966796875,344000,0.0,0.0
2018-10-23 00:00:00+09:00,682.7646851417762,706.8622622644272,668.0766381336842,673.5846557617188,374400,0.0,0.0
2018-10-24 00:00:00+09:00,682.5350663276568,691.9445948143527,662.5685058802774,670.1420288085938,250400,0.0,0.0
2018-10-25 00:00:00+09:00,642.6019249282265,653.617957926996,628.8318836797645,629.5203857421875,485600,0.0,0.0
2018-10-26 00:00:00+09:00,645.3559737868916,653.8474997577717,587.5217969041403,615.2913818359375,546400,0.0,0.0
2018-10-29 00:00:00+09:00,608.1767845382416,621.4878235960598,571.6861774659471,574.440185546875,600000,0.0,0.0
2018-10-30 00:00:00+09:00,574.8992530528445,619.8813902178575,563.4242180617698,618.73388671875,562800,0.0,0.0
2018-10-31 00:00:00+09:00,639.8478785246535,653.388418278224,624.7008340545577,635.4873657226562,311600,0.0,0.0
2018-11-01 00:00:00+09:00,636.8644452402008,657.7490090300597,621.7173989750285,641.6839599609375,276000,0.0,0.0
2018-11-02 00:00:00+09:00,641.6839514504939,660.9620100777619,635.0284312101275,641.9134521484375,340000,0.0,0.0
2018-11-05 00:00:00+09:00,642.1428544585492,659.8144054926122,635.7168359007081,639.6183471679688,179600,0.0,0.0
2018-11-06 00:00:00+09:00,645.8150168385481,646.2740182719799,629.5204659517191,642.1430053710938,172000,0.0,0.0
2018-11-07 00:00:00+09:00,637.3233960170052,653.1589431272585,629.5203728032571,643.0609130859375,258000,0.0,0.0
2018-11-08 00:00:00+09:00,665.0930812542255,668.3060913085938,652.92954319126,668.3060913085938,262000,0.0,0.0
2018-11-09 00:00:00+09:00,674.7319727483786,740.1396639841907,643.9788828339966,729.8121337890625,1600400,0.0,0.0
2018-11-12 00:00:00+09:00,745.8772312250352,767.6797964454594,725.222169437265,763.0897827148438,872400,0.0,0.0
2018-11-13 00:00:00+09:00,733.2546859787591,778.007319395303,727.517168874074,755.0572509765625,705600,0.0,0.0
2018-11-14 00:00:00+09:00,755.0573446296969,768.8273873889011,677.2566030401932,680.2401123046875,800000,0.0,0.0
2018-11-15 00:00:00+09:00,673.8139285805171,711.4520363077667,666.469907560566,704.5670166015625,516400,0.0,0.0
2018-11-16 00:00:00+09:00,711.4521186734423,763.0897724481276,711.4521186734423,743.5822143554688,1015200,0.0,0.0
2018-11-19 00:00:00+09:00,742.4347231264468,790.6298674406829,734.402199074074,774.5648193359375,1076800,0.0,0.0
2018-11-20 00:00:00+09:00,750.4672813129567,778.0073650308635,748.1722743364646,765.3848266601562,467600,0.0,0.0
2018-11-21 00:00:00+09:00,757.3523247405773,774.5648775755903,747.0247930395694,751.6148071289062,408800,0.0,0.0
2018-11-22 00:00:00+09:00,735.5496933824434,738.9922036478839,709.1571146807332,728.6646728515625,506400,0.0,0.0
2018-11-23 00:00:00+09:00,728.6646728515625,728.6646728515625,728.6646728515625,728.6646728515625,0,0.0,0.0
2018-11-26 00:00:00+09:00,724.0746302604675,752.7622146606445,724.0746302604675,734.4021606445312,575200,0.0,0.0
2018-11-27 00:00:00+09:00,734.4022273385762,742.4347517000919,693.0921020507812,693.0921020507812,1148800,0.0,0.0
2018-11-28 00:00:00+09:00,665.5519733052635,671.2894903165158,654.3064399632091,663.0274658203125,2629200,0.0,0.0
2018-11-29 00:00:00+09:00,667.1584630042502,678.8629974429213,655.2244278903111,656.8309326171875,1575200,0.0,0.0
2018-11-30 00:00:00+09:00,654.3064721272787,688.5020751953125,654.3064721272787,688.5020751953125,1016000,0.0,0.0
2018-12-03 00:00:00+09:00,693.0920616795651,745.8772186948962,693.0920616795651,732.107177734375,1028800,0.0,0.0
2018-12-04 00:00:00+09:00,721.7796391942044,733.2546732036512,713.7471153875916,724.0746459960938,456000,0.0,0.0
2018-12-05 00:00:00+09:00,699.9771390295332,733.2547407211011,697.6821320163216,720.6322021484375,524000,0.0,0.0
2018-12-06 00:00:00+09:00,706.8620957862798,706.8620957862798,653.1589365609586,663.0274658203125,1425600,0.0,0.0
2018-12-07 00:00:00+09:00,663.0274017613582,682.0759563983235,662.7979011030815,676.3384399414062,472400,0.0,0.0
2018-12-10 00:00:00+09:00,667.6175218721127,677.0270503687632,639.1594356871205,652.011474609375,412400,0.0,0.0
2018-12-11 00:00:00+09:00,656.142471179235,661.1914863474558,621.9468684490125,626.077880859375,529200,0.0,0.0
2018-12-12 00:00:00+09:00,624.9303681578817,659.814472439923,623.0943626693532,652.699951171875,433200,0.0,0.0
2018-12-13 00:00:00+09:00,658.8965072131462,674.9615561525123,654.5359939296039,664.863525390625,442000,0.0,0.0
2018-12-14 00:00:00+09:00,665.5519448767708,683.6824978578966,643.7493811652904,643.9788818359375,464400,0.0,0.0
2018-12-17 00:00:00+09:00,638.0118510298296,646.7328763316762,624.2418110795455,631.1268310546875,292800,0.0,0.0
2018-12-18 00:00:00+09:00,624.0124537381259,634.5694867914374,605.8818969726562,605.8818969726562,452800,0.0,0.0
2018-12-19 00:00:00+09:00,619.4223692795712,640.5364329971409,614.8323554279256,625.848388671875,311600,0.0,0.0
2018-12-20 00:00:00+09:00,614.3733761490263,630.4384252078354,589.3577997574522,612.078369140625,503600,0.0,0.0
2018-12-21 00:00:00+09:00,600.6033296119787,605.4228442936185,570.3092373273852,597.3903198242188,539200,0.0,0.0
2018-12-24 00:00:00+09:00,597.3903198242188,597.3903198242188,597.3903198242188,597.3903198242188,0,0.0,0.0
2018-12-25 00:00:00+09:00,558.3751625277642,594.4067698096627,556.7686577444949,582.0137329101562,378800,0.0,0.0
2018-12-26 00:00:00+09:00,595.8601847171783,613.8606085777283,580.1675075054169,590.7831420898438,394800,3.5,2.0
2018-12-27 00:00:00+09:00,646.1691878847698,654.938626863206,616.6300250100375,646.6307373046875,388200,0.0,0.0
2018-12-28 00:00:00+09:00,641.5535291460769,654.0153602877633,610.168176641089,621.7069091796875,329800,0.0,0.0
2018-12-31 00:00:00+09:00,621.7069091796875,621.7069091796875,621.7069091796875,621.7069091796875,0,0.0,0.0
2019-01-04 00:00:00+09:00,595.8602861775014,622.1686024533477,581.5522545187079,615.245361328125,267800,0.0,0.0
2019-01-07 00:00:00+09:00,639.2458244465217,654.9385017253533,632.3225844705665,647.0921630859375,277400,0.0,0.0
2019-01-08 00:00:00+09:00,648.4768688282578,659.0925044033823,611.0913696289062,611.0913696289062,352200,0.0,0.0
2019-01-09 00:00:00+09:00,617.5530325190812,617.5530325190812,600.937255859375,600.937255859375,300200,0.0,0.0
2019-01-10 00:00:00+09:00,602.3219012987586,606.0142960959923,576.9366870677763,582.9368286132812,388800,0.0,0.0
2019-01-11 00:00:00+09:00,588.9369924299873,616.1684050893676,578.7829063536083,613.3991088867188,286000,0.0,0.0
2019-01-15 00:00:00+09:00,606.9373617272931,620.3222921380091,590.7831353695325,612.014404296875,175800,0.0,0.0
2019-01-16 00:00:00+09:00,613.8606195766548,653.553862647025,610.1682248724343,625.3993530273438,341400,0.0,0.0
2019-01-17 00:00:00+09:00,634.6304852029551,636.938232421875,617.5531557829484,636.938232421875,166800,0.0,0.0
2019-01-18 00:00:00+09:00,641.5536099810932,648.4768503765727,630.0148759886275,635.0919189453125,194600,0.0,0.0
2019-01-21 00:00:00+09:00,647.0923201851223,651.246265179178,633.2458368716033,636.938232421875,153800,0.0,0.0
2019-01-22 00:00:00+09:00,634.168870375627,640.169012526197,617.5530921125102,638.3228149414062,214200,0.0,0.0
2019-01-23 00:00:00+09:00,624.937800897208,649.8614650393419,624.4762515612426,645.2459716796875,164400,0.0,0.0
2019-01-24 00:00:00+09:00,648.9383783793278,653.5538718244155,632.7841513215209,641.5535888671875,109200,0.0,0.0
2019-01-25 00:00:00+09:00,645.2460779673519,645.2460779673519,625.3994532516178,631.8611450195312,186000,0.0,0.0
2019-01-28 00:00:00+09:00,636.4765102667089,642.4766514077294,623.553129347588,633.7072143554688,97400,0.0,0.0
2019-01-29 00:00:00+09:00,625.3994020120807,648.4768707210135,624.0147538895447,647.5537719726562,135000,0.0,0.0
2019-01-30 00:00:00+09:00,647.5537509118725,647.5537509118725,616.6299438476562,616.6299438476562,171600,0.0,0.0
2019-01-31 00:00:00+09:00,622.1686425631929,624.0148403156059,588.475533581655,603.7066650390625,419800,0.0,0.0
2019-02-01 00:00:00+09:00,601.8603959865196,602.3219453699448,579.2444761986826,588.4754638671875,265600,0.0,0.0
2019-02-04 00:00:00+09:00,590.7832165331807,610.6298402135923,588.4754695935981,605.0912475585938,291000,0.0,0.0
2019-02-05 00:00:00+09:00,612.4760487094247,616.6299932748993,597.7064680321816,601.8604125976562,190800,0.0,0.0
2019-02-06 00:00:00+09:00,604.6296784092652,618.0146102213788,600.4757340537818,611.0913696289062,176200,0.0,0.0
2019-02-07 00:00:00+09:00,612.9375875909717,616.1684333086952,582.0137785784754,586.6292724609375,290800,0.0,0.0
2019-02-08 00:00:00+09:00,581.5521716395168,597.2448492869324,577.8597768989486,585.7061157226562,185200,0.0,0.0
2019-02-12 00:00:00+09:00,590.7831598548511,616.6299230985007,590.7831598548511,604.1680908203125,211600,0.0,0.0
2019-02-13 00:00:00+09:00,624.9378050270359,640.6304825535641,535.8587825970375,568.167236328125,1397400,0.0,0.0
2019-02-14 00:00:00+09:00,582.0137083614574,630.0148389479693,554.3207484077004,627.7070922851562,860800,0.0,0.0
2019-02-15 00:00:00+09:00,618.476159775362,636.9381346940296,606.4758760782281,629.5533447265625,360400,0.0,0.0
2019-02-18 00:00:00+09:00,629.5533447265625,629.5533447265625,629.5533447265625,629.5533447265625,0,0.0,0.0
2019-02-19 00:00:00+09:00,641.5536405515538,675.2467454150527,634.6303998261774,662.784912109375,495600,0.0,0.0
2019-02-20 00:00:00+09:00,671.0928637195091,708.9399165565103,666.4773694710943,698.3242797851562,754400,0.0,0.0
2019-02-21 00:00:00+09:00,700.6319285345621,729.2479888567906,696.4779842942387,728.3248901367188,691400,0.0,0.0
2019-02-22 00:00:00+09:00,705.2474299781125,707.0936274387881,683.0930604500041,688.6316528320312,441000,0.0,0.0
2019-02-25 00:00:00+09:00,693.247175808432,704.3243610410567,672.4774534972606,679.8622436523438,264000,0.0,0.0
2019-02-26 00:00:00+09:00,684.016178897138,693.2471664666001,675.2467407061491,682.6315307617188,288200,0.0,0.0
2019-02-27 00:00:00+09:00,679.8622590884394,683.0931048546437,663.2464808622453,675.2467651367188,306200,0.0,0.0
2019-02-28 00:00:00+09:00,683.093041591957,691.86247928807,675.246702600698,675.708251953125,368400,0.0,0.0
2019-03-01 00:00:00+09:00,669.2466108268982,686.3239381376535,663.7080181855721,678.9391479492188,210400,0.0,0.0
2019-03-04 00:00:00+09:00,683.0931365184294,691.8625754331931,680.7853894355969,684.0162353515625,257600,0.0,0.0
2019-03-05 00:00:00+09:00,677.0929460725026,689.5547794358002,659.092520103295,661.86181640625,263600,0.0,0.0
2019-03-06 00:00:00+09:00,666.4772619479024,684.4776866127004,654.0154294876578,676.63134765625,262200,0.0,0.0
2019-03-07 00:00:00+09:00,665.0925870234207,668.7849816772635,646.6306137542072,647.0921630859375,167200,0.0,0.0
2019-03-08 00:00:00+09:00,633.245721506518,644.322906139285,617.091493917066,635.0919189453125,383200,0.0,0.0
2019-03-11 00:00:00+09:00,643.8614297313704,657.2463626791911,628.1687497235807,631.8611450195312,207200,0.0,0.0
2019-03-12 00:00:00+09:00,632.3226758554998,648.0153554022787,628.1687312695877,637.3997192382812,209600,0.0,0.0
2019-03-13 00:00:00+09:00,634.1688202259153,638.3227644632029,618.4761419961619,635.0919189453125,254600,0.0,0.0
2019-03-14 00:00:00+09:00,647.5538908728911,654.0155832978522,630.9381103515625,630.9381103515625,177600,0.0,0.0
2019-03-15 00:00:00+09:00,626.3225850634476,639.7075187162405,621.2455412641124,622.1686401367188,154800,0.0,0.0
2019-03-18 00:00:00+09:00,625.8609437105948,633.245733606885,622.6300981309679,631.3995361328125,148400,0.0,0.0
2019-03-19 00:00:00+09:00,631.8611069739833,631.8611069739833,611.5529340690489,624.9378662109375,209000,0.0,0.0
2019-03-20 00:00:00+09:00,624.0146976246554,630.476388280532,620.3223029641543,627.7070922851562,161400,0.0,0.0
2019-03-22 00:00:00+09:00,626.3225360927297,630.4764806946712,612.4760540862582,618.4761962890625,212800,0.0,0.0
2019-03-25 00:00:00+09:00,605.0912015359279,613.8606392393472,599.0910599493778,600.4757080078125,294400,0.0,0.0
2019-03-26 00:00:00+09:00,604.1681454045986,625.8609665153825,601.8603984779195,624.476318359375,299000,0.0,0.0
2019-03-27 00:00:00+09:00,625.8609644678347,669.7081559312892,625.8609644678347,661.86181640625,459800,0.0,0.0
2019-03-28 00:00:00+09:00,658.630956952944,658.630956952944,633.2457413731179,647.5537719726562,282200,0.0,0.0
2019-03-29 00:00:00+09:00,660.0156732661222,686.7855397342586,659.0925744223933,681.70849609375,479200,0.0,0.0
2019-04-01 00:00:00+09:00,685.4008072758488,702.478133787099,685.4008072758488,688.6316528320312,503400,0.0,0.0
2019-04-02 00:00:00+09:00,696.9395521786879,704.3243421355482,680.7853241480561,685.4008178710938,533200,0.0,0.0
2019-04-03 00:00:00+09:00,685.4008669143558,714.4784794501163,684.4777681036967,707.0936889648438,455600,0.0,0.0
2019-04-04 00:00:00+09:00,715.4015350341797,749.5561889648437,715.4015350341797,738.47900390625,927600,0.0,0.0
2019-04-05 00:00:00+09:00,738.4789619164619,751.8638931011977,726.4786787853194,751.40234375,610400,0.0,0.0
2019-04-08 00:00:00+09:00,746.7869299943353,767.5566530164275,744.4791829918806,763.8642578125,449600,0.0,0.0
2019-04-09 00:00:00+09:00,765.7103422808224,780.9414702466254,761.5563982901489,780.0183715820312,510000,0.0,0.0
2019-04-10 00:00:00+09:00,768.4797554827751,786.9417315904693,758.3256686235432,780.9415893554688,325800,0.0,0.0
2019-04-11 00:00:00+09:00,772.1720641029317,782.787699174281,766.633471891793,770.3258666992188,529800,0.0,0.0
2019-04-12 00:00:00+09:00,779.5569675309317,830.3274035453796,774.479923929487,827.0965576171875,802400,0.0,0.0
2019-04-15 00:00:00+09:00,844.6354167770576,862.6358436919785,840.0199226963086,850.6355590820312,970000,0.0,0.0
2019-04-16 00:00:00+09:00,857.5587566381721,894.482707408384,853.8663615611509,882.0208740234375,798200,0.0,0.0
2019-04-17 00:00:00+09:00,853.8663466636056,853.8663466636056,798.9419708511898,812.7884521484375,1220400,0.0,0.0
2019-04-18 00:00:00+09:00,799.4035057114111,799.8650550796046,757.4025132057884,761.5564575195312,1122200,0.0,0.0
2019-04-19 00:00:00+09:00,775.40297254384,802.6343864605581,767.0950835522988,769.8643798828125,532600,0.0,0.0
2019-04-22 00:00:00+09:00,747.7099944733001,762.4795746110443,734.786611852774,756.0178833007812,557800,0.0,0.0
2019-04-23 00:00:00+09:00,756.0178907067207,773.0952179082767,736.1712672022097,772.172119140625,509200,0.0,0.0
2019-04-24 00:00:00+09:00,765.2488753498135,784.1724000116604,757.4025358558769,773.09521484375,294000,0.0,0.0
2019-04-25 00:00:00+09:00,778.6338500976562,780.0184983195252,766.1720161008354,778.6338500976562,247200,0.0,0.0
2019-04-26 00:00:00+09:00,770.787510173732,780.4800477268149,752.7870832894353,778.6338500976562,283200,0.0,0.0
2019-05-07 00:00:00+09:00,764.7873785099121,769.4028726469664,744.0176548931673,757.402587890625,488800,0.0,0.0
2019-05-08 00:00:00+09:00,744.0176610104509,773.5568237304688,715.4015971254335,773.5568237304688,388600,0.0,0.0
2019-05-09 00:00:00+09:00,765.710444591536,772.6336855010436,749.5562158026851,767.0950927734375,349400,0.0,0.0
2019-05-10 00:00:00+09:00,754.1716639118544,863.0973142687685,753.2485651800162,855.7125244140625,1339000,0.0,0.0
2019-05-13 00:00:00+09:00,830.7889071377841,838.6352468163076,814.1731289950284,822.4810180664062,674600,0.0,0.0
2019-05-14 00:00:00+09:00,793.4033664770218,821.5578780273989,784.6339284531338,816.4808349609375,448600,0.0,0.0
2019-05-15 00:00:00+09:00,829.8657746883897,854.7894408914892,806.3267566076845,851.0970458984375,524400,0.0,0.0
2019-05-16 00:00:00+09:00,849.2508167215527,851.5585635061221,808.6344733131306,823.404052734375,388400,0.0,0.0
2019-05-17 00:00:00+09:00,830.3274283248859,849.7125044725486,825.2503845719266,837.7122192382812,352400,0.0,0.0
2019-05-20 00:00:00+09:00,853.4047392610713,857.5586833678045,826.1733278947094,829.86572265625,272800,0.0,0.0
2019-05-21 00:00:00+09:00,838.6351541906562,842.3275489256729,812.7883910455397,831.7119140625,296800,0.0,0.0
2019-05-22 00:00:00+09:00,844.1738451127827,861.7127221572255,827.5580668601527,839.0968017578125,440800,0.0,0.0
2019-05-23 00:00:00+09:00,837.7121093277121,846.0199980152597,809.0960482928261,834.0197143554688,446800,0.0,0.0
2019-05-24 00:00:00+09:00,828.9426602575395,840.942943757927,813.7115311993552,818.78857421875,400200,0.0,0.0
2019-05-27 00:00:00+09:00,819.25010852215,830.7888424449972,809.0960226700445,823.404052734375,316800,0.0,0.0
2019-05-28 00:00:00+09:00,823.4040818148372,835.4043655184167,795.7111194219616,833.0966186523438,1050600,0.0,0.0
2019-05-29 00:00:00+09:00,823.865652419814,835.8659364326516,817.8655104133951,826.6349487304688,198800,0.0,0.0
2019-05-30 00:00:00+09:00,820.6348337703647,825.7118771738934,789.249474548551,800.32666015625,290400,0.0,0.0
2019-05-31 00:00:00+09:00,795.2496113283881,862.6358233155876,786.4801727821088,856.6356811523438,864600,0.0,0.0
2019-06-03 00:00:00+09:00,847.4046722912398,855.251011849492,819.2501597586877,844.6353759765625,503200,0.0,0.0
2019-06-04 00:00:00+09:00,837.2505303838885,842.3275732913984,810.480667780655,824.3271484375,524000,0.0,0.0
2019-06-05 00:00:00+09:00,842.3276259909551,845.5584716796875,822.0194530903512,845.5584716796875,248000,0.0,0.0
2019-06-06 00:00:00+09:00,842.3276229409121,866.3281908274477,828.4811414679108,846.4815673828125,317200,0.0,0.0
2019-06-07 00:00:00+09:00,850.6354789223243,933.2528151822788,850.1739295577436,930.945068359375,1538800,0.0,0.0
2019-06-10 00:00:00+09:00,955.4071585056001,955.4071585056001,924.0218025740152,938.7913818359375,702200,0.0,0.0
2019-06-11 00:00:00+09:00,938.7913370627433,952.6378169604238,926.7910544847534,933.7142944335938,582000,0.0,0.0
2019-06-12 00:00:00+09:00,930.4835762961388,974.3307686315223,930.4835762961388,950.3302001953125,705800,0.0,0.0
2019-06-13 00:00:00+09:00,938.7913792660362,941.0991260193941,914.7908130311129,920.7909545898438,443400,0.0,0.0
2019-06-14 00:00:00+09:00,915.7139590331094,964.6381927314509,915.7139590331094,961.868896484375,466000,0.0,0.0
2019-06-17 00:00:00+09:00,958.176453555001,961.8688483663882,908.3291236012726,920.3294067382812,787800,0.0,0.0
2019-06-18 00:00:00+09:00,918.4832040551809,918.4832040551809,881.5592561534651,884.3285522460938,399400,0.0,0.0
2019-06-19 00:00:00+09:00,889.8671414213211,899.5596777127358,868.1743221024403,885.2516479492188,493200,0.0,0.0
2019-06-20 00:00:00+09:00,887.097904970647,889.8672012400664,868.6359298411851,885.7132568359375,350800,0.0,0.0
2019-06-21 00:00:00+09:00,886.1747196569921,898.6365516521686,871.8666903291969,874.635986328125,317000,0.0,0.0
2019-06-24 00:00:00+09:00,861.2511954677539,863.0973931000534,841.4045709205334,850.6355590820312,395600,0.0,0.0
2019-06-25 00:00:00+09:00,852.9432602802782,861.2511491791121,831.711988649925,846.02001953125,329200,0.0,0.0
2019-06-26 00:00:00+09:00,838.1737052990469,838.1737052990469,817.4039824254471,820.1732788085938,311400,0.0,0.0
2019-06-27 00:00:00+09:00,821.0962657863811,822.942463123731,805.8651377532442,816.9423217773438,251600,0.0,0.0
2019-06-28 00:00:00+09:00,808.6344337592691,824.3271111267435,795.249503063482,816.9423217773438,406800,0.0,0.0
2019-07-01 00:00:00+09:00,836.7890303517116,847.8662155301126,826.1733945557439,846.4815673828125,398000,0.0,0.0
2019-07-02 00:00:00+09:00,855.2509872089356,866.3281721485009,835.4043641922145,852.0201416015625,456200,0.0,0.0
2019-07-03 00:00:00+09:00,852.0201249705506,871.4051982364027,852.0201249705506,857.09716796875,318800,0.0,0.0
2019-07-04 00:00:00+09:00,863.5588759136097,863.5588759136097,846.4815491317798,852.0201416015625,178000,0.0,0.0
2019-07-05 00:00:00+09:00,849.250898479707,856.6356889012696,834.019768235234,854.3279418945312,286200,0.0,0.0
2019-07-08 00:00:00+09:00,849.7123460297327,858.0202342581603,816.4807931160224,829.4041748046875,480600,0.0,0.0
2019-07-09 00:00:00+09:00,833.5582113271358,842.789199270958,818.7886306170204,820.1732788085938,212800,0.0,0.0
2019-07-10 00:00:00+09:00,813.7114764369813,822.4809137893935,802.1727430785444,816.9423217773438,248600,0.0,0.0
2019-07-11 00:00:00+09:00,823.4041199416257,824.788768125384,810.4807368932145,821.5579223632812,224200,0.0,0.0
2019-07-12 00:00:00+09:00,821.557940543215,825.2503357816114,795.7111738744396,798.0189208984375,410400,0.0,0.0
2019-07-16 00:00:00+09:00,791.5571124249467,791.5571124249467,768.941194927091,777.7106323242188,553800,0.0,0.0
2019-07-17 00:00:00+09:00,766.1719634675225,766.1719634675225,750.9408340732886,757.8640747070312,318600,0.0,0.0
2019-07-18 00:00:00+09:00,759.7102815632832,760.1718309445488,736.1712631187343,736.6328125,455800,0.0,0.0
2019-07-19 00:00:00+09:00,741.7098956457986,766.6335635766468,741.2483462396717,761.094970703125,423600,0.0,0.0
2019-07-22 00:00:00+09:00,756.9409481095679,756.9409481095679,732.9403814621913,747.7099609375,337000,0.0,0.0
2019-07-23 00:00:00+09:00,753.710093003372,774.9413632288191,750.9407968870094,769.4027709960938,324000,0.0,0.0
2019-07-24 00:00:00+09:00,778.6337966828227,782.7877410634661,765.7104141652654,776.3260498046875,415000,0.0,0.0
2019-07-25 00:00:00+09:00,780.0184255814346,806.788288707898,779.5568762171853,800.7881469726562,544800,0.0,0.0
2019-07-26 00:00:00+09:00,803.0958817132368,819.7116585762693,799.8650362120917,804.4805297851562,456400,0.0,0.0
2019-07-29 00:00:00+09:00,808.1729099594544,822.4809397759839,787.4031892580407,790.1724853515625,320800,0.0,0.0
2019-07-30 00:00:00+09:00,784.6339594581307,806.788330078125,778.6338174152156,806.788330078125,401400,0.0,0.0
2019-07-31 00:00:00+09:00,805.865226706391,815.0962144120771,799.8650846976951,808.1729736328125,256600,0.0,0.0
2019-08-01 00:00:00+09:00,803.0958862304688,811.403774708715,794.7879977522225,803.0958862304688,185200,0.0,0.0
2019-08-02 00:00:00+09:00,789.2494568371968,794.7880495167561,780.0184690379314,787.4032592773438,252000,0.0,0.0
2019-08-05 00:00:00+09:00,782.3262500536414,784.1724476938859,757.4025819103396,777.2492065429688,324600,0.0,0.0
2019-08-06 00:00:00+09:00,758.7870927992844,808.634420063471,752.3254022280009,802.1727294921875,441200,0.0,0.0
2019-08-07 00:00:00+09:00,803.5574566715552,822.4809809240157,778.1722412109375,778.1722412109375,344400,0.0,0.0
2019-08-08 00:00:00+09:00,780.4799957541378,808.6345077239796,767.095063834049,794.3264770507812,304800,0.0,0.0
2019-08-09 00:00:00+09:00,806.3266710884313,837.2504758754518,766.1718797978225,822.0193481445312,1014000,0.0,0.0
2019-08-13 00:00:00+09:00,815.5577159218257,847.8661709951294,808.1729261907848,841.4044799804688,760000,0.0,0.0
2019-08-14 00:00:00+09:00,849.2508822293496,863.0973640048281,832.6351040987754,840.9429931640625,356600,0.0,0.0
2019-08-15 00:00:00+09:00,819.2501687166983,842.7891876488401,814.6346748084352,841.8660888671875,400800,0.0,0.0
2019-08-16 00:00:00+09:00,848.3277920372511,854.7894835979266,819.2501800142115,820.1732788085938,351000,0.0,0.0
2019-08-19 00:00:00+09:00,820.1732342875846,820.1732342875846,775.8644945624253,796.6342163085938,544000,0.0,0.0
2019-08-20 00:00:00+09:00,804.0189782749037,837.712081268054,799.8650340702687,823.8656005859375,332800,0.0,0.0
2019-08-21 00:00:00+09:00,812.3268734285201,815.0961695879355,793.8648990324174,803.0958862304688,274600,0.0,0.0
2019-08-22 00:00:00+09:00,813.7116006616225,830.7889286392061,792.9418774456423,798.0189208984375,355400,0.0,0.0
2019-08-23 00:00:00+09:00,790.1725852798977,790.1725852798977,757.4025773623318,778.6338500976562,602000,0.0,0.0
2019-08-26 00:00:00+09:00,760.1718188150853,798.0188674749742,758.787170693382,795.7111206054688,372000,0.0,0.0
2019-08-27 00:00:00+09:00,796.6342817655369,796.6342817655369,768.479767751807,777.2492065429688,426000,0.0,0.0
2019-08-28 00:00:00+09:00,776.3259725103136,795.2494950269146,772.6335778729281,781.4030151367188,391000,0.0,0.0
2019-08-29 00:00:00+09:00,780.4799209143283,783.7107662404077,770.78738493609,780.0183715820312,213200,0.0,0.0
2019-08-30 00:00:00+09:00,785.5569993272188,797.557282513181,783.7108019139939,787.86474609375,165400,0.0,0.0
2019-09-02 00:00:00+09:00,780.4800399527763,785.0955339796999,772.6337001070062,780.9415893554688,160400,0.0,0.0
2019-09-03 00:00:00+09:00,784.1724556511023,800.3266851671638,778.6338626741668,792.94189453125,193400,0.0,0.0
2019-09-04 00:00:00+09:00,788.7879544716883,792.9418992289997,775.864570782275,791.5572509765625,264400,0.0,0.0
2019-09-05 00:00:00+09:00,791.5571272040744,825.7117787569032,791.0955778587659,810.9421997070312,528800,0.0,0.0
2019-09-06 00:00:00+09:00,808.1728844249316,818.7885191146937,793.8648550604696,816.9423217773438,262800,0.0,0.0
2019-09-09 00:00:00+09:00,813.7115420081303,835.40436247006,806.3267520636435,834.0197143554688,333200,0.0,0.0
2019-09-10 00:00:00+09:00,829.8657460257174,845.5584242041792,826.634900518387,841.4044799804688,528000,0.0,0.0
2019-09-11 00:00:00+09:00,835.4043609484107,837.7121078018594,808.1729480777167,834.4812622070312,568200,0.0,0.0
2019-09-12 00:00:00+09:00,838.1736895919313,841.8660847002658,822.9425597700515,824.7887573242188,389200,0.0,0.0
2019-09-13 00:00:00+09:00,823.4040320303608,823.4040320303608,800.3265647649358,810.9421997070312,374000,0.0,0.0
2019-09-17 00:00:00+09:00,807.2499373953683,827.558111921038,792.018806501116,807.7114868164062,290200,0.0,0.0
2019-09-18 00:00:00+09:00,812.7884475811809,815.5577438250691,792.480275126001,814.173095703125,328400,0.0,0.0
2019-09-19 00:00:00+09:00,817.4039261225514,841.8660424887261,813.2499818339558,818.78857421875,261200,0.0,0.0
2019-09-20 00:00:00+09:00,830.327290055466,836.3274316734322,813.7115132672523,824.3271484375,1158200,0.0,0.0
2019-09-24 00:00:00+09:00,823.8656814055853,870.020621540352,823.4041320042376,854.3279418945312,641800,0.0,0.0
2019-09-25 00:00:00+09:00,856.6356889012696,868.1744239349613,838.1737128473629,854.3279418945312,521600,0.0,0.0
2019-09-26 00:00:00+09:00,857.5586284320237,865.8665161132812,848.7891914351409,865.8665161132812,487600,0.0,0.0
2019-09-27 00:00:00+09:00,870.4821719375517,892.1749938257092,822.9425835443557,835.865966796875,700400,0.0,0.0
2019-09-30 00:00:00+09:00,832.6350659994872,835.8659115992634,801.7112581159142,815.5577392578125,352400,0.0,0.0
2019-10-01 00:00:00+09:00,815.0961394251746,815.0961394251746,785.0954321416885,793.4033203125,535400,0.0,0.0
2019-10-02 00:00:00+09:00,793.8649563181688,809.0960862940407,782.3262214879628,804.01904296875,348200,0.0,0.0
2019-10-03 00:00:00+09:00,799.8649807807553,801.7111780820381,780.4799091172864,783.7107543945312,346200,0.0,0.0
2019-10-04 00:00:00+09:00,785.5570839144191,803.557510631612,777.24919466033,798.9420166015625,339600,0.0,0.0
2019-10-07 00:00:00+09:00,809.0959670395077,822.0193481445312,798.9418818855607,822.0193481445312,228000,0.0,0.0
2019-10-08 00:00:00+09:00,828.0195209156384,829.8657182866878,809.0959978623824,812.3268432617188,362400,0.0,0.0
2019-10-09 00:00:00+09:00,804.0189782749037,834.9427851316308,801.2496821384804,823.8656005859375,328400,0.0,0.0
2019-10-10 00:00:00+09:00,823.8655738094473,823.8655738094473,805.8651495077282,813.2499389648438,192200,0.0,0.0
2019-10-11 00:00:00+09:00,808.1730041143178,808.1730041143178,773.0952495096986,780.9415893554688,615000,0.0,0.0
2019-10-15 00:00:00+09:00,784.63393713386,798.018869002614,777.7106965120906,795.2495727539062,273800,0.0,0.0
2019-10-16 00:00:00+09:00,804.9421376695382,807.7114340147315,784.6339644714534,786.9417114257812,172400,0.0,0.0
2019-10-17 00:00:00+09:00,786.9416473871376,793.4033383334249,782.3261538540752,787.86474609375,130600,0.0,0.0
2019-10-18 00:00:00+09:00,789.7109425160867,793.4033373379035,765.2488268215498,769.4027709960938,370800,0.0,0.0
2019-10-21 00:00:00+09:00,769.402821311814,788.7878953940552,765.71042624853,772.6336669921875,244000,0.0,0.0
2019-10-23 00:00:00+09:00,780.4798627374296,780.4798627374296,768.9411302900992,779.09521484375,162200,0.0,0.0
2019-10-24 00:00:00+09:00,784.1723663024362,789.2494092861483,779.5568726808798,783.249267578125,235200,0.0,0.0
2019-10-25 00:00:00+09:00,791.5571641811873,799.8650527848383,786.0185717787534,799.4035034179688,255600,0.0,0.0
2019-10-28 00:00:00+09:00,798.480500159905,803.0959943804825,787.8648634525767,789.24951171875,185000,0.0,0.0
2019-10-29 00:00:00+09:00,789.2495038891673,800.7882393261434,782.7878120444607,791.5572509765625,244600,0.0,0.0
2019-10-30 00:00:00+09:00,791.0955573462338,798.4803466796875,787.8647120128478,798.4803466796875,203200,0.0,0.0
2019-10-31 00:00:00+09:00,798.0188674749742,809.5576018225013,792.9418243620622,795.7111206054688,144400,0.0,0.0
2019-11-01 00:00:00+09:00,792.4802810668945,805.4036636352539,788.7878860473633,793.8649291992188,227000,0.0,0.0
2019-11-05 00:00:00+09:00,826.1734370403776,842.3276662562508,817.4039983231892,833.5582275390625,822600,0.0,0.0
2019-11-06 00:00:00+09:00,835.4043548786087,843.7122434906612,820.1732257565126,836.3274536132812,403800,0.0,0.0
2019-11-07 00:00:00+09:00,835.4043150083817,838.1736110802327,809.0960023257973,810.9421997070312,442400,0.0,0.0
2019-11-08 00:00:00+09:00,835.8659225463866,864.0204345703124,729.7095657348632,738.47900390625,1983200,0.0,0.0
2019-11-11 00:00:00+09:00,761.5565114207083,803.0959574982014,761.5565114207083,781.8646850585938,965400,0.0,0.0
2019-11-12 00:00:00+09:00,770.787457297163,777.7106979315686,749.0946366426919,776.3260498046875,584400,0.0,0.0
2019-11-13 00:00:00+09:00,758.325622444367,766.6335111869103,738.940548711766,739.8636474609375,1485400,0.0,0.0
2019-11-14 00:00:00+09:00,738.9405941759218,760.6334161161268,734.786649549074,744.4791870117188,1616600,0.0,0.0
2019-11-15 00:00:00+09:00,747.7100502028109,770.7875208880828,747.7100502028109,757.402587890625,517000,0.0,0.0
2019-11-18 00:00:00+09:00,768.0181915613719,773.556784288978,753.2486109544224,767.0950927734375,410400,0.0,0.0
2019-11-19 00:00:00+09:00,775.4029694517216,790.634099208809,769.8643768127806,770.7874755859375,409800,0.0,0.0
2019-11-20 00:00:00+09:00,769.8643339407889,780.018419880056,759.2486986406461,765.2488403320312,329800,0.0,0.0
2019-11-21 00:00:00+09:00,766.171925527004,774.479813876092,754.6331917088262,769.4027709960938,243200,0.0,0.0
2019-11-22 00:00:00+09:00,770.7874011368607,781.8645853448155,769.8643024528644,774.9413452148438,269200,0.0,0.0
2019-11-25 00:00:00+09:00,784.6338965779939,784.6338965779939,767.0950212427211,770.3258666992188,206600,0.0,0.0
2019-11-26 00:00:00+09:00,774.4798645238295,776.3260620554715,762.0180311852458,772.6336669921875,343200,0.0,0.0
2019-11-27 00:00:00+09:00,768.4797394110794,769.8643875901985,761.5564985154841,767.556640625,182400,0.0,0.0
2019-11-28 00:00:00+09:00,770.7874603271484,784.1723922729492,770.7874603271484,775.4029541015625,398400,0.0,0.0
2019-11-29 00:00:00+09:00,775.4029934465393,787.8648272697873,774.0183452439562,781.8646850585938,393800,0.0,0.0
2019-12-02 00:00:00+09:00,784.6340174981725,796.6343024716739,784.6340174981725,789.24951171875,314200,0.0,0.0
2019-12-03 00:00:00+09:00,784.1723891903472,792.018728576007,774.0183029265522,776.3260498046875,252200,0.0,0.0
2019-12-04 00:00:00+09:00,779.5568813275453,784.6339243675708,762.0180053710938,762.0180053710938,287200,0.0,0.0
2019-12-05 00:00:00+09:00,764.7873122686307,764.7873122686307,754.633226046597,758.7871704101562,260600,0.0,0.0
2019-12-06 00:00:00+09:00,758.3256104328934,764.325752207469,752.3254686583178,762.0180053710938,145600,0.0,0.0
2019-12-09 00:00:00+09:00,761.5565108100453,764.7873566134818,747.7100287953173,763.8642578125,227000,0.0,0.0
2019-12-10 00:00:00+09:00,762.4795321937369,775.8644634489538,761.5564334864805,768.9412231445312,183400,0.0,0.0
2019-12-11 00:00:00+09:00,775.4029714117173,775.4029714117173,750.4793044734835,751.8639526367188,229200,0.0,0.0
2019-12-12 00:00:00+09:00,757.402511284116,757.8640606511386,743.5560302734375,743.5560302734375,246200,0.0,0.0
2019-12-13 00:00:00+09:00,756.4793489517705,756.4793489517705,741.7097704487462,744.0175170898438,215800,0.0,0.0
2019-12-16 00:00:00+09:00,749.0945671570546,756.0178071492641,741.2482284992174,741.7097778320312,147200,0.0,0.0
2019-12-17 00:00:00+09:00,741.7097912009276,756.9409194583206,740.7866925186614,756.4793701171875,176400,0.0,0.0
2019-12-18 00:00:00+09:00,749.0946090133102,755.0947506751544,740.3251711998457,747.7099609375,227600,0.0,0.0
2019-12-19 00:00:00+09:00,743.5560990995073,753.2486367041563,739.4021544118004,741.2483520507812,204800,0.0,0.0
2019-12-20 00:00:00+09:00,743.0944125487073,748.6330044434802,734.3249753819833,745.8637084960938,329000,0.0,0.0
2019-12-23 00:00:00+09:00,741.2483093950949,741.7098587782799,734.7866180305051,735.709716796875,334200,0.0,0.0
2019-12-24 00:00:00+09:00,739.4021252253606,756.4794527118389,739.4021252253606,750.0177612304688,351000,0.0,0.0
2019-12-25 00:00:00+09:00,759.248710678563,765.7104018332742,756.479414469401,761.5564575195312,269400,0.0,0.0
2019-12-26 00:00:00+09:00,758.32556748172,764.7872582575837,752.3254260469894,756.4793701171875,271600,0.0,0.0
2019-12-27 00:00:00+09:00,756.0153667657347,764.8332255555131,749.5179971311612,759.7281494140625,274000,4.5,0.0
2019-12-30 00:00:00+09:00,750.4461332901665,754.1589156441066,741.1641774053159,747.1974487304688,145600,0.0,0.0
2020-01-06 00:00:00+09:00,734.2027118329423,735.5950052182134,720.2797779802316,726.3130493164062,345800,0.0,0.0
2020-01-07 00:00:00+09:00,729.0975817618851,746.269198900771,729.0975817618851,741.1641235351562,187000,0.0,0.0
2020-01-08 00:00:00+09:00,731.8822686004639,749.5179859161377,720.2798229980469,742.5565185546875,242800,0.0,0.0
2020-01-09 00:00:00+09:00,745.3410703730481,759.2640044397924,743.020581361924,756.0153198242188,199400,0.0,0.0
2020-01-10 00:00:00+09:00,756.4793768366542,760.6562568314578,749.5179101786482,758.7998657226562,167200,0.0,0.0
2020-01-14 00:00:00+09:00,761.1203880933904,769.0100506528951,753.2307255338858,766.2254638671875,332400,0.0,0.0
2020-01-15 00:00:00+09:00,769.0100838352837,774.5792576470058,761.1204209353442,773.6510620117188,346200,0.0,0.0
2020-01-16 00:00:00+09:00,779.6843430091595,807.9943102255635,779.2202451859398,807.5302124023438,889600,0.0,0.0
2020-01-17 00:00:00+09:00,802.4251363469267,811.2429949881017,776.4356582466213,807.5302124023438,475000,0.0,0.0
2020-01-20 00:00:00+09:00,811.2428651786365,829.8067751369576,787.1097822328189,796.8558349609375,613600,0.0,0.0
2020-01-21 00:00:00+09:00,797.3200742091649,810.3148134861477,792.6790958959567,803.8174438476562,203800,0.0,0.0
2020-01-22 00:00:00+09:00,803.8174036780069,807.5301861430323,796.3918387479561,798.2482299804688,117400,0.0,0.0
2020-01-23 00:00:00+09:00,796.8559509743261,800.5687335065303,788.9662880933921,790.3585815429688,158400,0.0,0.0
2020-01-24 00:00:00+09:00,796.3918465658127,798.2482378165489,780.1484231218714,788.0380859375,179600,0.0,0.0
2020-01-27 00:00:00+09:00,775.0433540569427,797.3200492633698,767.6177889881337,786.1817016601562,224600,0.0,0.0
2020-01-28 00:00:00+09:00,770.4022894965277,779.6842447916666,760.192138671875,764.3690185546875,370200,0.0,0.0
2020-01-29 00:00:00+09:00,759.7280947005366,773.1869308314564,751.374334343414,766.2254638671875,252000,0.0,0.0
2020-01-30 00:00:00+09:00,769.4741811820601,783.8612135202048,764.833203008465,777.8279418945312,351800,0.0,0.0
2020-01-31 00:00:00+09:00,788.9663015732743,795.4636711156425,778.2920516108123,790.8226928710938,276000,0.0,0.0
2020-02-03 00:00:00+09:00,778.2920188723017,785.2534859462937,765.7613781391161,783.3970947265625,232600,0.0,0.0
2020-02-04 00:00:00+09:00,779.6842178254439,784.3251953125,771.7945560974482,784.3251953125,165400,0.0,0.0
2020-02-05 00:00:00+09:00,793.1432026140415,798.2482788157702,783.8612458836254,789.430419921875,242800,0.0,0.0
2020-02-06 00:00:00+09:00,795.9277678699028,802.4251374035347,787.5740070409475,799.1764526367188,260600,0.0,0.0
2020-02-07 00:00:00+09:00,799.6405364813832,811.2429818743226,794.5354605084899,802.8892211914062,256000,0.0,0.0
2020-02-10 00:00:00+09:00,802.8892010823756,809.3865703396897,794.99953841278,800.1046142578125,223200,0.0,0.0
2020-02-12 00:00:00+09:00,807.5301727830317,808.4583683839318,791.2867497672811,793.6072387695312,185000,0.0,0.0
2020-02-13 00:00:00+09:00,791.286834633187,855.7964358144263,777.8279969766695,846.9785766601562,1215000,0.0,0.0
2020-02-14 00:00:00+09:00,846.9784556237538,888.7472561750623,811.2429262631899,821.9171752929688,1325000,0.0,0.0
2020-02-17 00:00:00+09:00,826.0940616399282,837.2324085384441,803.8173678428965,832.5914306640625,504000,0.0,0.0
2020-02-18 00:00:00+09:00,818.2044018149235,818.2044018149235,766.6895472480168,782.4688720703125,663400,0.0,0.0
2020-02-19 00:00:00+09:00,783.8611316080531,788.502109296674,766.6895141601562,766.6895141601562,329200,0.0,0.0
2020-02-20 00:00:00+09:00,772.2587011481144,783.3970477992891,750.9102034000296,762.9767456054688,383400,0.0,0.0
2020-02-21 00:00:00+09:00,755.551215411407,764.3690735765279,749.5179440352717,753.69482421875,321400,0.0,0.0
2020-02-25 00:00:00+09:00,716.5669826492764,728.633525103215,705.8927335554076,717.4951782226562,485200,0.0,0.0
2020-02-26 00:00:00+09:00,717.0310601568841,725.384820081042,707.7491046855976,714.7105712890625,430000,0.0,0.0
2020-02-27 00:00:00+09:00,712.3901262171746,712.3901262171746,672.9418130390249,674.3341064453125,541600,0.0,0.0
2020-02-28 00:00:00+09:00,632.5653286248468,657.626610903454,624.2115678653109,626.9961547851562,582000,0.0,0.0
2020-03-02 00:00:00+09:00,613.537327376187,669.2290666236473,607.968153451441,656.6984252929688,417600,0.0,0.0
2020-03-03 00:00:00+09:00,675.7264322916666,683.1519974816849,633.0294324490613,633.4935302734375,508000,0.0,0.0
2020-03-04 00:00:00+09:00,619.5705493092098,639.526754268233,614.9295714117625,629.7807006835938,207600,0.0,0.0
2020-03-05 00:00:00+09:00,652.5215328686858,653.9138263243088,640.9190874051601,643.7036743164062,334200,0.0,0.0
2020-03-06 00:00:00+09:00,631.1730838693139,641.3832366966117,616.3219524841536,622.355224609375,375800,0.0,0.0
2020-03-09 00:00:00+09:00,605.1835138853745,606.1117094588183,567.5915931608995,573.1607666015625,376200,0.0,0.0
2020-03-10 00:00:00+09:00,532.7843135710685,592.6529341726956,531.8561179028263,589.8683471679688,545200,0.0,0.0
2020-03-11 00:00:00+09:00,594.5092987060547,612.609113420759,584.2991468157087,584.7632446289062,514200,0.0,0.0
2020-03-12 00:00:00+09:00,571.7684879557291,599.1502580769857,556.9173583984375,556.9173583984375,520200,0.0,0.0
2020-03-13 00:00:00+09:00,503.08195728782675,531.8560175755068,495.1922955960435,519.3253784179688,617200,0.0,0.0
2020-03-16 00:00:00+09:00,524.430488008024,553.6686479589139,511.435750252073,514.2203369140625,593200,0.0,0.0
2020-03-17 00:00:00+09:00,508.6510882342303,510.04338135895904,469.66688074182576,501.22552490234375,1211200,0.0,0.0
2020-03-18 00:00:00+09:00,502.1538145200865,520.7177263322893,463.6336975097656,463.6336975097656,970800,0.0,0.0
2020-03-19 00:00:00+09:00,484.51813276124653,506.79482852038427,474.30798053830836,495.1923828125,878000,0.0,0.0
2020-03-23 00:00:00+09:00,498.90507756864736,527.6791378563274,489.6231226371376,519.3253784179688,1057400,0.0,0.0
2020-03-24 00:00:00+09:00,555.9890739828853,576.873471586583,541.1379467980337,547.6353149414062,793200,0.0,0.0
2020-03-25 00:00:00+09:00,645.0959289364698,645.0959289364698,593.5810741796726,608.8963012695312,920800,0.0,0.0
2020-03-26 00:00:00+09:00,594.973341147597,612.1449586378162,577.8017236573777,599.6143188476562,513400,0.0,0.0
2020-03-27 00:00:00+09:00,621.426900302994,633.0293442967019,619.1064115042525,628.3883666992188,489200,0.0,0.0
2020-03-30 00:00:00+09:00,624.6756710846525,670.6213556592295,621.8910841407387,637.67041015625,599000,0.0,0.0
2020-03-31 00:00:00+09:00,651.5933276113753,698.4672065919658,650.6651319879974,670.621337890625,922600,0.0,0.0
2020-04-01 00:00:00+09:00,669.2289839020109,679.903232605025,633.9575534050949,637.2062377929688,514200,0.0,0.0
2020-04-02 00:00:00+09:00,626.9961412669994,657.1624989149306,622.3551631673178,626.5320434570312,412800,0.0,0.0
2020-04-03 00:00:00+09:00,612.6091159860234,638.5985936339152,612.6091159860234,624.6756591796875,373200,0.0,0.0
2020-04-06 00:00:00+09:00,626.5320089781432,652.0573871216972,623.2833244871454,639.9908447265625,437800,0.0,0.0
2020-04-07 00:00:00+09:00,667.372687729499,676.1905466077052,649.2728721373916,665.5162963867188,507200,0.0,0.0
2020-04-08 00:00:00+09:00,662.2675363403403,690.1134033203125,655.3060695953471,690.1134033203125,477800,0.0,0.0
2020-04-09 00:00:00+09:00,696.1467234770755,744.4128963048195,695.6826256614241,742.0924072265625,621400,0.0,0.0
2020-04-10 00:00:00+09:00,733.7386593720867,749.5179853800886,721.2080181304382,746.7333984375,425200,0.0,0.0
2020-04-13 00:00:00+09:00,746.7332829831537,769.0099750796057,738.3795234469841,740.7000122070312,524000,0.0,0.0
2020-04-14 00:00:00+09:00,740.2359413350176,770.8663940799149,740.2359413350176,766.6895141601562,411600,0.0,0.0
2020-04-15 00:00:00+09:00,776.8997114701705,797.3200145195657,762.9767775728556,791.2867431640625,624600,0.0,0.0
2020-04-16 00:00:00+09:00,789.4303242489184,811.242919921875,789.4303242489184,811.242919921875,376200,0.0,0.0
2020-04-17 00:00:00+09:00,812.1710746519027,829.8067894157725,794.9994576449767,805.6737060546875,401000,0.0,0.0
2020-04-20 00:00:00+09:00,807.5302584305634,815.419921875,792.6791272410358,815.419921875,258800,0.0,0.0
2020-04-21 00:00:00+09:00,807.9941804964867,807.9941804964867,776.4355335845045,784.3251953125,390200,0.0,0.0
2020-04-22 00:00:00+09:00,770.4023503483952,775.5074261639569,753.6948294974662,772.7228393554688,262800,0.0,0.0
2020-04-23 00:00:00+09:00,775.0433280334107,780.1484038468045,764.3690786054057,776.8997192382812,223200,0.0,0.0
2020-04-24 00:00:00+09:00,781.0766057018985,787.5739749709577,762.5126935045865,783.3970947265625,386400,0.0,0.0
2020-04-27 00:00:00+09:00,793.6072915585983,810.3148134861477,788.9663132453901,803.8174438476562,307200,0.0,0.0
2020-04-28 00:00:00+09:00,802.8891798517451,816.3480158145778,793.6072240153087,814.0275268554688,310800,0.0,0.0
2020-04-30 00:00:00+09:00,823.7736372997537,827.4864198904004,799.1764526367188,799.1764526367188,331600,0.0,0.0
2020-05-01 00:00:00+09:00,791.2867906955487,795.4636711156425,771.7946820684442,790.8226928710938,307800,0.0,0.0
2020-05-07 00:00:00+09:00,787.5740070409475,802.8892352273656,778.7561483881615,799.1764526367188,299200,0.0,0.0
2020-05-08 00:00:00+09:00,810.7789101213727,819.1326710728237,792.2149968959263,812.1712036132812,285400,0.0,0.0
2020-05-11 00:00:00+09:00,827.9504192005504,827.9504192005504,805.2096285386518,816.8120727539062,319000,0.0,0.0
2020-05-12 00:00:00+09:00,820.5249086459211,829.3427668270707,811.2429526657636,827.0222778320312,220600,0.0,0.0
2020-05-13 00:00:00+09:00,820.5249498731077,855.7963843699155,807.9943086702945,820.0608520507812,621800,0.0,0.0
2020-05-14 00:00:00+09:00,823.3095048287172,827.9504828717202,792.2149519405978,795.927734375,328000,0.0,0.0
2020-05-15 00:00:00+09:00,795.9277413310815,800.5687194146446,780.6125136553231,794.0713500976562,308800,0.0,0.0
2020-05-18 00:00:00+09:00,802.8891861169046,823.773586911853,800.5686971396882,820.52490234375,203600,0.0,0.0
2020-05-19 00:00:00+09:00,825.6299775434368,830.7350532899111,806.6019679429417,828.878662109375,299800,0.0,0.0
2020-05-20 00:00:00+09:00,828.8786626617293,828.8786626617293,814.9557287984304,820.52490234375,231000,0.0,0.0
2020-05-21 00:00:00+09:00,818.2044064971717,823.7735799957344,799.640494835296,822.3812866210938,306200,0.0,0.0
2020-05-22 00:00:00+09:00,825.629937035544,833.9836969380958,817.740274905356,827.486328125,189600,0.0,0.0
2020-05-25 00:00:00+09:00,835.8402073029013,852.5477294921875,830.7351310783972,852.5477294921875,340000,0.0,0.0
2020-05-26 00:00:00+09:00,859.509101509136,870.6474483969433,834.9119187985614,849.2989501953125,402200,0.0,0.0
2020-05-27 00:00:00+09:00,842.3375178384517,842.3375178384517,821.9172143757014,840.0170288085938,225000,0.0,0.0
2020-05-28 00:00:00+09:00,840.0170100365531,840.0170100365531,807.994262140132,816.3480224609375,383200,0.0,0.0
2020-05-29 00:00:00+09:00,809.850645547711,836.3042196429657,809.850645547711,834.9119262695312,308400,0.0,0.0
2020-06-01 00:00:00+09:00,834.4478078318166,849.7630345606541,829.8068300351991,844.657958984375,195200,0.0,0.0
2020-06-02 00:00:00+09:00,849.2990171883473,860.437364954752,839.0888650691431,855.79638671875,172400,0.0,0.0
2020-06-03 00:00:00+09:00,871.1115671543065,871.5756649524708,839.0888190809729,847.9066772460938,218400,0.0,0.0
2020-06-04 00:00:00+09:00,847.4425779815413,869.2551744575173,838.6247198316786,868.7910766601562,238600,0.0,0.0
2020-06-05 00:00:00+09:00,863.2218765028096,866.4705609842717,853.939920841489,859.5090942382812,355800,0.0,0.0
2020-06-08 00:00:00+09:00,867.8628608728145,868.7910564459405,849.7630471968574,866.0064697265625,207600,0.0,0.0
2020-06-09 00:00:00+09:00,859.044915424396,872.5037498637842,856.7244267279498,865.0781860351562,147800,0.0,0.0
2020-06-10 00:00:00+09:00,865.5424551423063,916.1291187404357,861.3655746617268,900.3497924804688,598200,0.0,0.0
2020-06-11 00:00:00+09:00,891.9959315514222,907.3111582638036,872.5038248265732,873.8961181640625,377200,0.0,0.0
2020-06-12 00:00:00+09:00,836.7683744201171,871.1116133036937,798.7123529545322,868.3270263671875,417200,0.0,0.0
2020-06-15 00:00:00+09:00,870.6474709387714,871.5756665367871,824.7017888369919,827.0222778320312,274600,0.0,0.0
2020-06-16 00:00:00+09:00,850.2271980489639,872.5038931943516,845.5862198936749,867.8629150390625,206600,0.0,0.0
2020-06-17 00:00:00+09:00,861.3655460773778,880.3935565241301,859.0450569985055,863.68603515625,129000,0.0,0.0
2020-06-18 00:00:00+09:00,867.8628804847676,878.5371298169332,859.0450223408047,877.1448364257812,123200,0.0,0.0
2020-06-19 00:00:00+09:00,882.7140442153154,903.598445892334,875.7525769896426,876.2166748046875,294400,0.0,0.0
2020-06-22 00:00:00+09:00,874.8244035308147,874.8244035308147,850.2272187100544,862.2937622070312,272000,0.0,0.0
2020-06-23 00:00:00+09:00,862.7578047172102,879.9294232080853,854.404044370298,877.1448364257812,302000,0.0,0.0
2020-06-24 00:00:00+09:00,873.4321013774236,879.465373066003,859.0450688892727,876.6807861328125,154000,0.0,0.0
2020-06-25 00:00:00+09:00,866.9346044896081,885.9626124039945,866.9346044896081,878.5370483398438,290200,0.0,0.0
2020-06-26 00:00:00+09:00,894.3165503839131,896.637039616876,873.8962451338392,884.5704956054688,196000,0.0,0.0
2020-06-29 00:00:00+09:00,866.0064424205117,885.0344510696226,863.2218557889345,877.60888671875,151200,0.0,0.0
2020-06-30 00:00:00+09:00,890.6036792443107,891.0677770448549,864.6142024138358,879.46533203125,146000,0.0,0.0
2020-07-01 00:00:00+09:00,883.6421580188679,888.2831357395553,860.4372694154313,860.9013671875,176200,0.0,0.0
2020-07-02 00:00:00+09:00,867.3988411803964,870.1834281504779,833.5196997110711,841.4093627929688,254800,0.0,0.0
2020-07-03 00:00:00+09:00,835.3760175945379,841.8733866202731,807.994248128939,828.41455078125,307800,0.0,0.0
2020-07-06 00:00:00+09:00,827.9504598781408,828.4145576695523,811.7070371787379,826.5581665039062,234200,0.0,0.0
2020-07-07 00:00:00+09:00,833.0555541858923,852.5476618604368,823.773598150395,850.2271728515625,200600,0.0,0.0
2020-07-08 00:00:00+09:00,844.657967989562,844.657967989562,792.6790161132812,792.6790161132812,1069200,0.0,0.0
2020-07-09 00:00:00+09:00,794.0712894288575,805.6737337513131,763.4408364175748,773.1868896484375,657000,0.0,0.0
2020-07-10 00:00:00+09:00,769.9382049524686,792.2148980433176,766.6895205433865,789.8944091796875,356400,0.0,0.0
2020-07-13 00:00:00+09:00,784.7893403583474,793.6071981151829,772.2587003881077,792.2149047851562,238200,0.0,0.0
2020-07-14 00:00:00+09:00,798.712354812888,805.6738221703506,789.430398336271,799.1764526367188,215600,0.0,0.0
2020-07-15 00:00:00+09:00,801.0327952061274,819.1326092345394,797.3200128413249,816.3480224609375,244400,0.0,0.0
2020-07-16 00:00:00+09:00,821.4530905611688,837.6965132558812,816.8121126483938,830.7350463867188,291400,0.0,0.0
2020-07-17 00:00:00+09:00,835.3760664217334,841.8734358272358,814.0275669465113,819.5967407226562,194800,0.0,0.0
2020-07-20 00:00:00+09:00,824.7017211914062,839.5528495415048,815.4197659725947,824.7017211914062,238600,0.0,0.0
2020-07-21 00:00:00+09:00,821.4531561740512,843.2657541063564,820.5249605173573,841.4093627929688,254400,0.0,0.0
2020-07-22 00:00:00+09:00,844.658006497174,851.6194735836891,838.1606372164265,844.1939086914062,211400,0.0,0.0
2020-07-27 00:00:00+09:00,835.3759832918446,842.8015475877721,818.6684636260078,841.8733520507812,199000,0.0,0.0
2020-07-28 00:00:00+09:00,841.8733860041132,856.7245151949245,838.6247014936232,840.9451904296875,249200,0.0,0.0
2020-07-29 00:00:00+09:00,837.6965256864802,849.7630684387508,830.7350587140163,847.9066772460938,240000,0.0,0.0
2020-07-30 00:00:00+09:00,851.6194801999811,862.2937298155667,845.5862086781284,846.514404296875,454200,0.0,0.0
2020-07-31 00:00:00+09:00,843.2657774846745,846.5144623731679,822.3813746300732,823.3095703125,257800,0.0,0.0
2020-08-03 00:00:00+09:00,829.8069252512563,835.3760992462311,805.2097401067839,831.19921875,208400,0.0,0.0
2020-08-04 00:00:00+09:00,840.0170687393876,850.2272209561094,837.2324817711907,845.5862426757812,144800,0.0,0.0
2020-08-05 00:00:00+09:00,840.9451904296875,841.4092882169003,822.8453767283863,840.9451904296875,146600,0.0,0.0
2020-08-06 00:00:00+09:00,835.3760781185005,837.2324694032083,829.3428064432002,836.7683715820312,113800,0.0,0.0
2020-08-07 00:00:00+09:00,826.0940684739438,830.7350463867188,814.0275259007288,830.7350463867188,146800,0.0,0.0
2020-08-11 00:00:00+09:00,836.3043261049871,850.2272616117294,833.055641153414,846.9785766601562,251800,0.0,0.0
2020-08-12 00:00:00+09:00,846.0502520572634,853.01171875,837.6964920259793,853.01171875,197400,0.0,0.0
2020-08-13 00:00:00+09:00,862.7578012174674,960.682435997933,848.8348673624249,931.4442749023438,2119800,0.0,0.0
2020-08-14 00:00:00+09:00,929.1238180360837,1022.8715758998644,912.4162968326376,1016.3742065429688,1604000,0.0,0.0
2020-08-17 00:00:00+09:00,1001.5230272715379,1075.7786734084452,989.9205825626461,1066.9608154296875,1311800,0.0,0.0
2020-08-18 00:00:00+09:00,1071.1377316459539,1124.9730769106552,1066.9608514098995,1122.652587890625,1523200,0.0,0.0
2020-08-19 00:00:00+09:00,1110.121880482169,1114.2987604672608,1067.88898285513,1107.8013916015625,869600,0.0,0.0
2020-08-20 00:00:00+09:00,1084.596476236979,1101.303995768229,1074.3863254123264,1090.1656494140625,448200,0.0,0.0
2020-08-21 00:00:00+09:00,1093.8785114542643,1123.5807705688478,1093.8785114542643,1113.834716796875,304000,0.0,0.0
2020-08-24 00:00:00+09:00,1109.19382900593,1150.4985364458998,1101.7682636234636,1142.144775390625,362600,0.0,0.0
2020-08-25 00:00:00+09:00,1150.9623745553863,1153.282863213764,1126.3651947765816,1141.680419921875,300800,0.0,0.0
2020-08-26 00:00:00+09:00,1128.2218337101433,1128.2218337101433,1088.3094200124583,1095.7349853515625,538000,0.0,0.0
2020-08-27 00:00:00+09:00,1086.917018047266,1113.8346897153879,1079.027355661782,1112.906494140625,337600,0.0,0.0
2020-08-28 00:00:00+09:00,1110.1217570676642,1123.580591078936,1081.347698147014,1095.2706298828125,351000,0.0,0.0
2020-08-31 00:00:00+09:00,1113.8347550934436,1145.3934064877578,1099.4477228401533,1136.1114501953125,420000,0.0,0.0
2020-09-01 00:00:00+09:00,1137.9676645517839,1166.7417245853119,1120.7960480801623,1130.0780029296875,380400,0.0,0.0
2020-09-02 00:00:00+09:00,1148.6419548173062,1207.1182725170963,1136.1113153102083,1202.477294921875,672000,0.0,0.0
2020-09-03 00:00:00+09:00,1199.6929300992335,1205.7262020881271,1170.4547658453644,1172.3111572265625,419600,0.0,0.0
2020-09-04 00:00:00+09:00,1128.2215614908982,1174.6313336624696,1123.5805842737411,1169.9903564453125,408600,0.0,0.0
2020-09-07 00:00:00+09:00,1169.526339240086,1169.526339240086,1124.0447593807492,1135.18310546875,367800,0.0,0.0
2020-09-08 00:00:00+09:00,1127.757541210294,1134.7190075140613,1111.0500220812526,1126.829345703125,336200,0.0,0.0
2020-09-09 00:00:00+09:00,1108.2655705198104,1136.5755369359363,1088.3093646854923,1110.5860595703125,387200,0.0,0.0
2020-09-10 00:00:00+09:00,1139.3601896681846,1158.3882009823988,1131.0064286034076,1133.791015625,321800,0.0,0.0
2020-09-11 00:00:00+09:00,1137.0396330995586,1137.503730908987,1117.083427294138,1127.2935791015625,284400,0.0,0.0
2020-09-14 00:00:00+09:00,1137.039443774101,1158.387939453125,1121.724218613062,1158.387939453125,297600,0.0,0.0
2020-09-15 00:00:00+09:00,1157.9239500978122,1162.5649278537153,1129.1498880112133,1162.100830078125,257200,0.0,0.0
2020-09-16 00:00:00+09:00,1169.5266175881409,1181.1290641911978,1131.9346905942364,1140.2884521484375,365400,0.0,0.0
2020-09-17 00:00:00+09:00,1133.7909843423572,1166.27783203125,1129.1500061010868,1166.27783203125,351800,0.0,0.0
2020-09-18 00:00:00+09:00,1160.2445068359375,1170.9187562988282,1147.7138661621093,1160.2445068359375,260400,0.0,0.0
2020-09-23 00:00:00+09:00,1162.564968478884,1170.454630939619,1151.8907192673014,1163.4931640625,228000,0.0,0.0
2020-09-24 00:00:00+09:00,1153.2830956457499,1168.134226052456,1138.8960630642537,1145.3934326171875,223400,0.0,0.0
2020-09-25 00:00:00+09:00,1155.1395541059692,1164.42151114981,1135.6474443139039,1151.890869140625,180400,0.0,0.0
2020-09-28 00:00:00+09:00,1157.923910007749,1202.477294921875,1154.675225691094,1202.477294921875,398800,0.0,0.0
2020-09-29 00:00:00+09:00,1206.6543613649765,1233.5720355800413,1192.7314264261497,1229.8592529296875,355800,0.0,0.0
2020-09-30 00:00:00+09:00,1240.0694082893474,1250.279560603107,1208.974853515625,1208.974853515625,278200,0.0,0.0
2020-10-02 00:00:00+09:00,1224.7540868245053,1229.3950647965573,1156.0676128381367,1163.957275390625,268200,0.0,0.0
2020-10-05 00:00:00+09:00,1162.1008426274095,1201.5491539785794,1147.7138114287475,1191.8031005859375,186200,0.0,0.0
2020-10-06 00:00:00+09:00,1203.8697541484682,1203.8697541484682,1174.167493444728,1178.8084716796875,124400,0.0,0.0
2020-10-07 00:00:00+09:00,1165.8136254381418,1181.5929499862696,1146.3215186433958,1175.0955810546875,191000,0.0,0.0
2020-10-08 00:00:00+09:00,1176.9520683531548,1183.4494378156721,1165.813720703125,1165.813720703125,104000,0.0,0.0
2020-10-09 00:00:00+09:00,1170.918673588005,1213.151570653605,1170.918673588005,1211.75927734375,278000,0.0,0.0
2020-10-12 00:00:00+09:00,1204.333740093741,1208.5106201171875,1189.4826111214868,1208.5106201171875,162000,0.0,0.0
2020-10-13 00:00:00+09:00,1211.2952607052446,1221.5054123280474,1197.8364244751863,1214.5439453125,102400,0.0,0.0
2020-10-14 00:00:00+09:00,1213.6156678839877,1261.8818359375,1213.6156678839877,1261.8818359375,233400,0.0,0.0
2020-10-15 00:00:00+09:00,1257.240913559766,1257.240913559766,1221.041285926816,1238.677001953125,229800,0.0,0.0
2020-10-16 00:00:00+09:00,1235.4283852639835,1256.3127869682958,1207.118418509249,1236.8206787109375,254400,0.0,0.0
2020-10-19 00:00:00+09:00,1243.7820890887126,1288.799575149013,1243.7820890887126,1272.55615234375,344000,0.0,0.0
2020-10-20 00:00:00+09:00,1276.732950846354,1314.7889675564236,1271.6278754340276,1311.540283203125,361400,0.0,0.0
2020-10-21 00:00:00+09:00,1334.7453787111451,1334.7453787111451,1306.899508501594,1310.148193359375,284000,0.0,0.0
2020-10-22 00:00:00+09:00,1297.617234464456,1297.617234464456,1214.0796442628816,1215.93603515625,453400,0.0,0.0
2020-10-23 00:00:00+09:00,1213.6159146797575,1213.6159146797575,1124.50912476828,1140.2884521484375,599600,0.0,0.0
2020-10-26 00:00:00+09:00,1134.2548547085273,1140.288125212296,1107.3371863070975,1120.7960205078125,290200,0.0,0.0
2020-10-27 00:00:00+09:00,1091.0938711668316,1128.685791015625,1079.0273289931447,1128.685791015625,247000,0.0,0.0
2020-10-28 00:00:00+09:00,1127.757650756836,1132.3986287434896,1097.5912938435872,1113.834716796875,159800,0.0,0.0
2020-10-29 00:00:00+09:00,1092.0221996481778,1117.5475804304342,1087.381221324131,1116.619384765625,115000,0.0,0.0
2020-10-30 00:00:00+09:00,1109.6577004276298,1114.7627755864353,1086.4528133421504,1092.486083984375,135200,0.0,0.0
2020-11-02 00:00:00+09:00,1094.8067878454774,1115.6911903266332,1082.7402441896984,1108.265625,137400,0.0,0.0
2020-11-04 00:00:00+09:00,1125.437052935374,1149.5701361323386,1121.7242709050718,1147.7137451171875,193800,0.0,0.0
2020-11-05 00:00:00+09:00,1160.2446490141804,1199.6929670806624,1152.3549854008838,1194.587890625,218600,0.0,0.0
2020-11-06 00:00:00+09:00,1217.792521080874,1231.7154538676218,1204.7977838132426,1210.8310546875,251800,0.0,0.0
2020-11-09 00:00:00+09:00,1208.046495230907,1223.825819409874,1198.3004420615453,1207.5823974609375,220200,0.0,0.0
2020-11-10 00:00:00+09:00,1211.295349656917,1224.7541868753274,1150.96263109163,1163.0291748046875,287000,0.0,0.0
2020-11-11 00:00:00+09:00,1176.9519447815533,1201.0850288228155,1165.8135983009709,1195.0517578125,173200,0.0,0.0
2020-11-12 00:00:00+09:00,1215.9363216611696,1310.1481816982753,1195.0519191898898,1297.1534423828125,874800,0.0,0.0
2020-11-13 00:00:00+09:00,1293.9045408393501,1317.573526342509,1246.1024720780686,1285.55078125,444600,0.0,0.0
2020-11-16 00:00:00+09:00,1308.7557761337057,1352.845066464451,1276.733028419796,1339.38623046875,405400,0.0,0.0
2020-11-17 00:00:00+09:00,1344.0270989177584,1360.270520348049,1286.0148795238636,1310.612060546875,324800,0.0,0.0
2020-11-18 00:00:00+09:00,1304.579073795619,1335.6736301614342,1291.5843338218456,1307.8277587890625,307000,0.0,0.0
2020-11-19 00:00:00+09:00,1299.4739013929136,1321.2864990234375,1253.9923148441615,1321.2864990234375,484000,0.0,0.0
2020-11-20 00:00:00+09:00,1325.9274812717374,1403.8959155922316,1318.0378182750208,1396.9344482421875,494400,0.0,0.0
2020-11-24 00:00:00+09:00,1438.7030303172576,1482.7923167302058,1422.459609007224,1447.9849853515625,501600,0.0,0.0
2020-11-25 00:00:00+09:00,1450.305697925859,1457.2671652759032,1394.6139591255062,1396.9344482421875,405600,0.0,0.0
2020-11-26 00:00:00+09:00,1403.8958184467099,1445.6646196566946,1394.613862622269,1427.1007080078125,260200,0.0,0.0
2020-11-27 00:00:00+09:00,1427.1005865243765,1447.9849853515625,1413.1776539729192,1447.9849853515625,362600,0.0,0.0
2020-11-30 00:00:00+09:00,1447.9850791046238,1499.0358350986971,1434.0621456516947,1480.471923828125,330400,0.0,0.0
2020-12-01 00:00:00+09:00,1459.5877558998704,1473.5106915682318,1434.0623738412082,1454.94677734375,337200,0.0,0.0
2020-12-02 00:00:00+09:00,1475.8310806274415,1512.9589065551759,1461.908145904541,1485.113037109375,302200,0.0,0.0
2020-12-03 00:00:00+09:00,1459.5876071005343,1468.8695632665153,1431.7417386025909,1445.6646728515625,227200,0.0,0.0
2020-12-04 00:00:00+09:00,1443.344296523948,1445.6647857466555,1396.934512069802,1420.139404296875,207400,0.0,0.0
2020-12-07 00:00:00+09:00,1420.1392706491783,1420.1392706491783,1372.8012949608726,1394.6138916015625,246200,0.0,0.0
2020-12-08 00:00:00+09:00,1371.8730327148437,1403.8957794189453,1324.9991571044923,1392.2933349609375,326400,0.0,0.0
2020-12-09 00:00:00+09:00,1389.972818875904,1403.895751953125,1367.6961259523503,1403.895751953125,214200,0.0,0.0
2020-12-10 00:00:00+09:00,1406.2164149323257,1422.4598388671875,1389.5088931707535,1422.4598388671875,167400,0.0,0.0
2020-12-11 00:00:00+09:00,1410.8572830272512,1468.8695068359375,1410.8572830272512,1468.8695068359375,237800,0.0,0.0
2020-12-14 00:00:00+09:00,1473.5104586693549,1478.1514364919356,1436.3826360887097,1438.703125,181000,0.0,0.0
2020-12-15 00:00:00+09:00,1475.8310889388765,1482.7925563395315,1399.2549475316705,1422.4598388671875,233200,0.0,0.0
2020-12-16 00:00:00+09:00,1410.857286509901,1413.1777754679765,1380.2268322633045,1406.21630859375,284400,0.0,0.0
2020-12-17 00:00:00+09:00,1415.498264426052,1422.4597313002785,1381.6191256381499,1406.21630859375,143800,0.0,0.0
2020-12-18 00:00:00+09:00,1403.8959182816452,1403.8959182816452,1373.7295597069983,1376.050048828125,274000,0.0,0.0
2020-12-21 00:00:00+09:00,1369.0883383537985,1383.4753683500587,1345.883451263056,1371.8729248046875,247000,0.0,0.0
2020-12-22 00:00:00+09:00,1348.6683111787884,1371.873202974707,1319.430147515931,1326.855712890625,255600,0.0,0.0
2020-12-23 00:00:00+09:00,1320.822357638219,1353.3092041015625,1319.4300642183616,1353.3092041015625,183000,0.0,0.0
2020-12-24 00:00:00+09:00,1337.0656332785254,1355.6295434941244,1329.1759714368957,1344.027099609375,162000,0.0,0.0
2020-12-25 00:00:00+09:00,1356.0936958677541,1359.8064780604107,1333.3529049377337,1350.0604248046875,142400,0.0,0.0
2020-12-28 00:00:00+09:00,1341.2426050451418,1401.5753173828125,1336.6016271730132,1401.5753173828125,311000,0.0,0.0
2020-12-29 00:00:00+09:00,1417.4281313004033,1447.2687235383064,1384.7899835401965,1445.4036865234375,211600,7.0,2.0
2020-12-30 00:00:00+09:00,1444.4712654302086,1444.4712654302086,1393.182744062448,1397.8453369140625,171700,0.0,0.0
2021-01-04 00:00:00+09:00,1403.4402916415427,1417.4280686346476,1370.8021453242975,1389.4525146484375,177500,0.0,0.0
2021-01-05 00:00:00+09:00,1389.452629388157,1428.618408203125,1354.0169247460428,1428.618408203125,183700,0.0,0.0
2021-01-06 00:00:00+09:00,1427.685791015625,1467.7840856032617,1409.967939918762,1427.685791015625,222800,0.0,0.0
2021-01-07 00:00:00+09:00,1416.4957898114178,1418.360827059359,1377.3300076046505,1380.1275634765625,284700,0.0,0.0
2021-01-08 00:00:00+09:00,1381.0598089946964,1392.2500302694677,1359.611884884718,1376.397216796875,235900,0.0,0.0
2021-01-12 00:00:00+09:00,1379.194772115568,1389.452474950775,1353.0842558077682,1376.397216796875,144300,0.0,0.0
2021-01-13 00:00:00+09:00,1365.2070523079515,1394.1151251368767,1362.4094968728941,1383.857421875,169600,0.0,0.0
2021-01-14 00:00:00+09:00,1388.5200453321086,1429.5508592975973,1385.7224898344616,1411.8330078125,225700,0.0,0.0
2021-01-15 00:00:00+09:00,1404.3728415184255,1412.7655079020017,1366.1395835488004,1373.5997314453125,209300,0.0,0.0
2021-01-18 00:00:00+09:00,1364.2745212720788,1399.7102231233016,1337.2314856487772,1394.1151123046875,194700,0.0,0.0
2021-01-19 00:00:00+09:00,1398.7777436940855,1411.8330026352303,1371.7347073159997,1407.17041015625,206200,0.0,0.0
2021-01-20 00:00:00+09:00,1404.3729184322035,1404.3729184322035,1359.6120286016949,1375.46484375,220700,0.0,0.0
2021-01-21 00:00:00+09:00,1395.9801118061803,1437.9434418203941,1380.1272982452551,1424.88818359375,267500,0.0,0.0
2021-01-22 00:00:00+09:00,1424.8883295375922,1519.072702105195,1417.4281812154059,1516.275146484375,498100,0.0,0.0
2021-01-25 00:00:00+09:00,1553.5757770194043,1618.8520701714801,1523.7351858641698,1549.845703125,440000,0.0,0.0
2021-01-26 00:00:00+09:00,1523.7352571822585,1523.7352571822585,1452.8638498714558,1459.3914794921875,370700,0.0,0.0
2021-01-27 00:00:00+09:00,1450.998812836961,1469.649183181909,1429.5508869402706,1459.3914794921875,218100,0.0,0.0
2021-01-28 00:00:00+09:00,1408.10303698088,1426.75340833162,1382.9250356573807,1417.42822265625,359100,0.0,0.0
2021-01-29 00:00:00+09:00,1424.8882108848907,1443.5385801373106,1384.7899169921875,1384.7899169921875,286400,0.0,0.0
2021-02-01 00:00:00+09:00,1379.1948527813922,1402.5078151340188,1357.7469274169757,1382.9249267578125,216200,0.0,0.0
2021-02-02 00:00:00+09:00,1380.1274213398972,1435.1460144879068,1379.194902811965,1429.5509033203125,195000,0.0,0.0
2021-02-03 00:00:00+09:00,1433.281025302816,1466.8516934296224,1418.3607283575686,1451.931396484375,206200,0.0,0.0
2021-02-04 00:00:00+09:00,1450.9988380386865,1453.796393639018,1398.777800165829,1414.630615234375,189400,0.0,0.0
2021-02-05 00:00:00+09:00,1424.8882822719097,1426.7533192905903,1404.372875066424,1425.82080078125,128900,0.0,0.0
2021-02-08 00:00:00+09:00,1436.0785792151162,1436.0785792151162,1390.3851698764533,1403.4404296875,202900,0.0,0.0
2021-02-09 00:00:00+09:00,1390.3850459162652,1391.317564391058,1357.7468992985125,1379.19482421875,243200,0.0,0.0
2021-02-10 00:00:00+09:00,1390.3851466691826,1407.1704804317885,1373.5998129065767,1404.3729248046875,177200,0.0,0.0
2021-02-12 00:00:00+09:00,1404.3729482454319,1463.1216173951411,1391.3176884343852,1403.4404296875,461600,0.0,0.0
2021-02-15 00:00:00+09:00,1411.8330792915378,1486.434563005754,1354.0169294130205,1433.281005859375,432400,0.0,0.0
2021-02-16 00:00:00+09:00,1445.4037268380232,1454.728912172462,1413.698096700931,1414.630615234375,184100,0.0,0.0
2021-02-17 00:00:00+09:00,1412.7657484639963,1426.7535281517587,1371.73492804656,1388.520263671875,325100,0.0,0.0
2021-02-18 00:00:00+09:00,1395.9801481468244,1403.440295899112,1350.2867431640625,1350.2867431640625,302200,0.0,0.0
2021-02-19 00:00:00+09:00,1335.3664300651606,1339.0965038921581,1281.2803595736946,1292.4705810546875,346600,0.0,0.0
2021-02-22 00:00:00+09:00,1310.188471330915,1326.97380405971,1296.2006940569197,1305.52587890625,230500,0.0,0.0
2021-02-24 00:00:00+09:00,1297.1332740897562,1297.1332740897562,1243.9797179264808,1249.5748291015625,291700,0.0,0.0
2021-02-25 00:00:00+09:00,1281.2805742922083,1289.6732418094061,1263.5627206447905,1264.4952392578125,218700,0.0,0.0
2021-02-26 00:00:00+09:00,1239.3170237602938,1240.2495422130855,1212.2739886293316,1224.396728515625,280300,0.0,0.0
2021-03-01 00:00:00+09:00,1233.7218989602695,1258.8998968982341,1229.0593067495352,1254.2373046875,208800,0.0,0.0
2021-03-02 00:00:00+09:00,1256.102388360655,1262.630017698832,1241.1820927305357,1252.372314453125,183100,0.0,0.0
2021-03-03 00:00:00+09:00,1240.2496747301464,1240.2496747301464,1198.2863398708557,1209.4765625,290600,0.0,0.0
2021-03-04 00:00:00+09:00,1171.243301850424,1210.4090810524287,1167.5132276407094,1209.4765625,315300,0.0,0.0
2021-03-05 00:00:00+09:00,1189.8936416416952,1229.0594198148544,1183.3660119461686,1225.329345703125,193100,0.0,0.0
2021-03-08 00:00:00+09:00,1253.3050942764166,1253.3050942764166,1211.3417540662688,1217.869384765625,127500,0.0,0.0
2021-03-09 00:00:00+09:00,1222.5316761737338,1278.4827826347744,1198.286196707283,1273.8201904296875,286900,0.0,0.0
2021-03-10 00:00:00+09:00,1277.5503849769707,1282.2129776228721,1242.1146808681203,1249.5748291015625,203200,0.0,0.0
2021-03-11 00:00:00+09:00,1249.57478724388,1302.728341626642,1241.1821207623914,1299.9307861328125,209800,0.0,0.0
2021-03-12 00:00:00+09:00,1287.808082061635,1300.8633414018689,1268.2251930512844,1288.7406005859375,236900,0.0,0.0
2021-03-15 00:00:00+09:00,1303.6607805422425,1305.5258174242772,1268.2250797835836,1273.8201904296875,178100,0.0,0.0
2021-03-16 00:00:00+09:00,1268.2252670023481,1293.4032686266596,1258.9000812155662,1290.605712890625,121300,0.0,0.0
2021-03-17 00:00:00+09:00,1277.550397973598,1313.9186209816055,1272.8878052802636,1307.3909912109375,111100,0.0,0.0
2021-03-18 00:00:00+09:00,1314.8511077687301,1323.2437744140625,1300.8633300265096,1323.2437744140625,121500,0.0,0.0
2021-03-19 00:00:00+09:00,1319.5137349250722,1355.8819580078125,1300.8633641134102,1355.8819580078125,219900,0.0,0.0
2021-03-22 00:00:00+09:00,1355.8819224792437,1355.8819224792437,1323.2437744140625,1323.2437744140625,184400,0.0,0.0
2021-03-23 00:00:00+09:00,1323.2438063682741,1348.4218069122794,1306.4584726722705,1307.3909912109375,143100,0.0,0.0
2021-03-24 00:00:00+09:00,1291.5380850251659,1291.5380850251659,1238.3845320674513,1247.709716796875,199200,0.0,0.0
2021-03-25 00:00:00+09:00,1268.2251979880136,1303.6609020494434,1255.1699385969607,1293.4031982421875,214100,0.0,0.0
2021-03-26 00:00:00+09:00,1293.4031386021204,1312.0535083007812,1283.145435267857,1305.52587890625,134800,0.0,0.0
2021-03-29 00:00:00+09:00,1321.3789209227473,1329.7715887338304,1291.5383242611185,1311.1212158203125,164100,0.0,0.0
2021-03-30 00:00:00+09:00,1305.5260149500539,1314.8512007711258,1288.7406804721247,1295.268310546875,139400,0.0,0.0
2021-03-31 00:00:00+09:00,1298.0656614731824,1321.3786223473417,1272.8876637290905,1308.3233642578125,215100,0.0,0.0
2021-04-01 00:00:00+09:00,1324.1761886693869,1333.5013730966361,1301.7957460439889,1317.6485595703125,127600,0.0,0.0
2021-04-02 00:00:00+09:00,1333.5013840354336,1333.5013840354336,1318.5810888294427,1326.9737548828125,121300,0.0,0.0
2021-04-05 00:00:00+09:00,1328.838989170557,1333.5015821150153,1300.8634315038084,1304.593505859375,162000,0.0,0.0
2021-04-06 00:00:00+09:00,1326.9738842013262,1326.9738842013262,1282.2129942212391,1287.80810546875,194900,0.0,0.0
2021-04-07 00:00:00+09:00,1288.7404771235188,1310.1884011277452,1284.077884948687,1308.3233642578125,116900,0.0,0.0
2021-04-08 00:00:00+09:00,1305.5260244482665,1307.3910616260498,1284.0780969037594,1304.593505859375,123900,0.0,0.0
2021-04-09 00:00:00+09:00,1314.851252417302,1337.2316992669582,1305.5260662299454,1322.3114013671875,186500,0.0,0.0
2021-04-12 00:00:00+09:00,1335.3664573274716,1335.3664573274716,1313.9185323843628,1315.7835693359375,74900,0.0,0.0
2021-04-13 00:00:00+09:00,1324.1762486049106,1327.9063225446428,1303.6608419363838,1305.52587890625,118800,0.0,0.0
2021-04-14 00:00:00+09:00,1305.525785701567,1316.716006721866,1296.2006015179843,1309.255859375,155400,0.0,0.0
2021-04-15 00:00:00+09:00,1307.391013671875,1307.391013671875,1271.0227900390626,1282.2130126953125,207100,0.0,0.0
2021-04-16 00:00:00+09:00,1300.8632471654323,1300.8632471654323,1284.077914943943,1292.4705810546875,81300,0.0,0.0
2021-04-19 00:00:00+09:00,1303.6609729921197,1303.6609729921197,1289.6731943119466,1290.605712890625,80000,0.0,0.0
2021-04-20 00:00:00+09:00,1285.942930162913,1297.1331514551212,1268.2250797835836,1273.8201904296875,128700,0.0,0.0
2021-04-21 00:00:00+09:00,1267.292654432389,1275.685321018034,1257.967469337228,1270.0902099609375,167900,0.0,0.0
2021-04-22 00:00:00+09:00,1297.133238594487,1299.9307941054744,1271.9552389956004,1285.010498046875,103800,0.0,0.0
2021-04-23 00:00:00+09:00,1277.5503951461226,1281.2804692925347,1255.1699502676504,1258.9000244140625,168100,0.0,0.0
2021-04-26 00:00:00+09:00,1258.9000468351403,1258.9000468351403,1232.7895273452264,1233.7220458984375,122100,0.0,0.0
2021-04-27 00:00:00+09:00,1228.1268150224114,1228.1268150224114,1207.6114088489164,1214.1390380859375,143200,0.0,0.0
2021-04-28 00:00:00+09:00,1219.734148860527,1226.2617780975484,1208.543927311348,1214.1390380859375,90300,0.0,0.0
2021-04-30 00:00:00+09:00,1209.4764457737795,1230.9243704097062,1208.543927311348,1214.1390380859375,148400,0.0,0.0
2021-05-06 00:00:00+09:00,1226.2618559643738,1255.1699301353972,1225.3293374427278,1240.2496337890625,129000,0.0,0.0
2021-05-07 00:00:00+09:00,1252.3723429996346,1264.4950834754316,1247.7097505089434,1256.1024169921875,122600,0.0,0.0
2021-05-10 00:00:00+09:00,1265.4276275189904,1279.4154052734375,1260.7650349341745,1279.4154052734375,91800,0.0,0.0
2021-05-11 00:00:00+09:00,1267.2926794600812,1267.2926794600812,1225.329345703125,1225.329345703125,166600,0.0,0.0
2021-05-12 00:00:00+09:00,1231.8569889610214,1254.2374338778,1205.7464698914464,1215.0716552734375,154800,0.0,0.0
2021-05-13 00:00:00+09:00,1193.62356870229,1285.010373181059,1173.1081636152194,1221.59912109375,346200,0.0,0.0
2021-05-14 00:00:00+09:00,1258.9001234522407,1258.9001234522407,1184.2986346550708,1235.587158203125,195500,0.0,0.0
2021-05-17 00:00:00+09:00,1252.3724301636312,1252.3724301636312,1187.0961307507837,1199.2188720703125,110900,0.0,0.0
2021-05-18 00:00:00+09:00,1205.7464365657,1212.274066152676,1200.151325491149,1206.678955078125,68800,0.0,0.0
2021-05-19 00:00:00+09:00,1201.0838256020322,1257.0349354903258,1199.218788605756,1256.1024169921875,156800,0.0,0.0
2021-05-20 00:00:00+09:00,1254.2374282714488,1292.4706881667123,1254.2374282714488,1278.48291015625,286100,0.0,0.0
2021-05-21 00:00:00+09:00,1272.887767604861,1307.3909525142967,1272.887767604861,1294.335693359375,134800,0.0,0.0
2021-05-24 00:00:00+09:00,1294.3357872053377,1298.9983800987286,1279.4154899464866,1290.605712890625,85200,0.0,0.0
2021-05-25 00:00:00+09:00,1313.918701171875,1313.918701171875,1313.918701171875,1313.918701171875,10400,0.0,0.0
2021-05-26 00:00:00+09:00,1313.9185090753917,1331.6363598010357,1306.4583614014364,1316.716064453125,121700,0.0,0.0
2021-05-27 00:00:00+09:00,1307.3908335727544,1336.2989047858468,1294.3355756055516,1318.5810546875,294400,0.0,0.0
2021-05-28 00:00:00+09:00,1330.7038618287456,1341.8940835119586,1285.0104566222924,1291.5380859375,170000,0.0,0.0
2021-05-31 00:00:00+09:00,1286.8753832745297,1304.5932327543962,1272.8876073693716,1300.8631591796875,105700,0.0,0.0
2021-06-01 00:00:00+09:00,1303.6609872704832,1317.6487661038577,1285.9431340815427,1304.593505859375,124800,0.0,0.0
2021-06-02 00:00:00+09:00,1318.5811984963614,1327.9063837756848,1291.5381611863227,1293.4031982421875,119200,0.0,0.0
2021-06-03 00:00:00+09:00,1303.6609872704832,1317.6487661038577,1288.7406898482175,1304.593505859375,99100,0.0,0.0
2021-06-04 00:00:00+09:00,1297.1332255561022,1297.1332255561022,1246.7772268644921,1251.4398193359375,148700,0.0,0.0
2021-06-07 00:00:00+09:00,1270.0902936188068,1270.0902936188068,1232.78955078125,1232.78955078125,90200,0.0,0.0
2021-06-08 00:00:00+09:00,1241.1821523107085,1250.5073375271675,1227.1943744860198,1240.2496337890625,90000,0.0,0.0
2021-06-09 00:00:00+09:00,1230.9243864785024,1237.4520158007367,1226.2617941054777,1228.1268310546875,65700,0.0,0.0
2021-06-10 00:00:00+09:00,1230.9244902388039,1242.1147128773384,1224.3968603663254,1233.7220458984375,74200,0.0,0.0
2021-06-11 00:00:00+09:00,1238.384544849755,1253.3048405708364,1234.6544709194848,1237.4520263671875,78900,0.0,0.0
2021-06-14 00:00:00+09:00,1241.1821523107085,1258.9000042219807,1234.654522659187,1240.2496337890625,78000,0.0,0.0
2021-06-15 00:00:00+09:00,1237.4520951140275,1238.3846136484012,1207.611502014066,1210.4090576171875,146800,0.0,0.0
2021-06-16 00:00:00+09:00,1212.274094685935,1216.936687357804,1202.948909342197,1210.4090576171875,88100,0.0,0.0
2021-06-17 00:00:00+09:00,1210.4088366278286,1211.3413549919487,1189.8934326171875,1189.8934326171875,98800,0.0,0.0
2021-06-18 00:00:00+09:00,1188.961181640625,1209.4765902650122,1188.0286630667892,1188.961181640625,118500,0.0,0.0
2021-06-21 00:00:00+09:00,1184.2986263175474,1188.028700731146,1170.3108472665529,1177.77099609375,113000,0.0,0.0
2021-06-22 00:00:00+09:00,1210.4090576171875,1215.0716502890564,1200.1513537390756,1210.4090576171875,85300,0.0,0.0
2021-06-23 00:00:00+09:00,1212.2740426671091,1215.071598150187,1203.8813762178752,1207.6114501953125,74800,0.0,0.0
2021-06-24 00:00:00+09:00,1201.0838258713943,1215.0716033466047,1193.6236778846155,1212.2740478515625,116500,0.0,0.0
2021-06-25 00:00:00+09:00,1218.8016853689032,1218.8016853689032,1192.6911672431731,1197.353759765625,74300,0.0,0.0
2021-06-28 00:00:00+09:00,1196.4212796015804,1213.2066132203088,1191.7586869297115,1210.4090576171875,76100,0.0,0.0
2021-06-29 00:00:00+09:00,1203.8813243192785,1212.2739904067096,1197.3536951401654,1204.8138427734375,71000,0.0,0.0
2021-06-30 00:00:00+09:00,1214.1391641585553,1214.1391641585553,1194.5562744140625,1194.5562744140625,94000,0.0,0.0
2021-07-01 00:00:00+09:00,1195.4887978181498,1204.8139834485567,1193.6237606920686,1199.2188720703125,55300,0.0,0.0
2021-07-02 00:00:00+09:00,1202.0164277594345,1204.8139834485567,1193.6237606920686,1199.2188720703125,53300,0.0,0.0
2021-07-05 00:00:00+09:00,1199.2187916127102,1201.083828613663,1192.691162109375,1192.691162109375,52200,0.0,0.0
2021-07-06 00:00:00+09:00,1189.8936997254052,1190.8262182988578,1162.8506610952825,1164.7156982421875,216400,0.0,0.0
2021-07-07 00:00:00+09:00,1170.3108013221038,1203.8814697265625,1165.648208488151,1203.8814697265625,158500,0.0,0.0
2021-07-08 00:00:00+09:00,1192.6913334064095,1192.6913334064095,1142.3353271484375,1142.3353271484375,199600,0.0,0.0
2021-07-09 00:00:00+09:00,1128.3474453557603,1143.267742153853,1105.9670001586212,1136.7401123046875,206500,0.0,0.0
2021-07-12 00:00:00+09:00,1160.05291311739,1191.7585393601482,1158.1878762795807,1187.095947265625,149300,0.0,0.0
2021-07-13 00:00:00+09:00,1188.9610648155212,1194.5561757087708,1171.2432136535645,1193.6236572265625,103300,0.0,0.0
2021-07-14 00:00:00+09:00,1187.0960278511047,1210.408989906311,1167.5131397247314,1193.6236572265625,144700,0.0,0.0
2021-07-15 00:00:00+09:00,1202.016509296623,1202.94902792292,1151.660503476594,1157.255615234375,134800,0.0,0.0
2021-07-16 00:00:00+09:00,1157.255615234375,1165.6482828710466,1148.8629475977034,1157.255615234375,55500,0.0,0.0
2021-07-19 00:00:00+09:00,1152.5929800180288,1152.5929800180288,1130.2125338040864,1139.5377197265625,81400,0.0,0.0
2021-07-20 00:00:00+09:00,1134.8751746198438,1137.6727305145519,1113.42724609375,1113.42724609375,130300,0.0,0.0
2021-07-21 00:00:00+09:00,1122.75221519916,1129.2798443572947,1114.3595491387011,1117.1571044921875,102800,0.0,0.0
2021-07-26 00:00:00+09:00,1145.1327792536147,1153.5254462025416,1134.875075204926,1136.7401123046875,104200,0.0,0.0
2021-07-27 00:00:00+09:00,1132.0774470810907,1132.0774470810907,1109.69700331672,1115.2921142578125,121800,0.0,0.0
2021-07-28 00:00:00+09:00,1112.4944958981073,1112.4944958981073,1099.4392377735696,1103.1693115234375,92300,0.0,0.0
2021-07-29 00:00:00+09:00,1112.494577000722,1117.1571695279674,1105.9669474625787,1109.697021484375,60000,0.0,0.0
2021-07-30 00:00:00+09:00,1103.1694618745723,1110.629610391053,1091.0467205352913,1106.8995361328125,179900,0.0,0.0
2021-08-02 00:00:00+09:00,1107.8320546973725,1110.629610391053,1098.506869051772,1106.8995361328125,64600,0.0,0.0
2021-08-03 00:00:00+09:00,1115.2922316134027,1125.5499360847634,1105.9670457303473,1110.629638671875,100200,0.0,0.0
2021-08-04 00:00:00+09:00,1108.7645683998585,1111.5621240812711,1097.5743456742082,1102.2369384765625,128800,0.0,0.0
2021-08-05 00:00:00+09:00,1099.4392843351436,1112.4945430125754,1093.8441734733872,1101.3043212890625,98700,0.0,0.0
2021-08-06 00:00:00+09:00,1107.8320060592218,1111.5620801536973,1082.6540059215122,1084.51904296875,142800,0.0,0.0
2021-08-10 00:00:00+09:00,1087.3165157710282,1108.7644401816058,1087.3165157710282,1097.57421875,134100,0.0,0.0
2021-08-11 00:00:00+09:00,1099.4391389595446,1101.304175666855,1078.923735179129,1082.65380859375,141000,0.0,0.0
2021-08-12 00:00:00+09:00,1082.6538679500331,1112.4944569030058,1036.0279477110137,1050.9482421875,395500,0.0,0.0
2021-08-13 00:00:00+09:00,1054.6784043422965,1054.6784043422965,1008.052480189233,1042.5556640625,290700,0.0,0.0
2021-08-16 00:00:00+09:00,1049.083298466906,1051.8808539294841,991.2671522402852,1003.389892578125,327300,0.0,0.0
2021-08-17 00:00:00+09:00,992.1997336043792,995.9298077908618,958.6290659260355,959.5615844726562,397400,0.0,0.0
2021-08-18 00:00:00+09:00,968.8866399591619,1026.702782093395,967.9541215376421,1025.770263671875,275100,0.0,0.0
2021-08-19 00:00:00+09:00,1019.2427602355733,1036.0280938899562,1008.0525377993182,1018.3102416992188,260800,0.0,0.0
2021-08-20 00:00:00+09:00,1019.2427609542915,1050.948391212705,1019.2427609542915,1030.4329833984375,164400,0.0,0.0
2021-08-23 00:00:00+09:00,1035.095534290341,1052.8133857781938,1029.5004232941772,1036.9605712890625,104600,0.0,0.0
2021-08-24 00:00:00+09:00,1040.6906706072723,1064.9361521805602,1040.6906706072723,1060.2735595703125,125600,0.0,0.0
2021-08-25 00:00:00+09:00,1078.92395636048,1109.6970683396464,1076.1264007260102,1107.83203125,238000,0.0,0.0
2021-08-26 00:00:00+09:00,1119.954772332702,1127.414920691288,1096.6418087121212,1107.83203125,205400,0.0,0.0
2021-08-27 00:00:00+09:00,1118.089642171421,1169.3781578673577,1110.6294944338301,1155.390380859375,381100,0.0,0.0
2021-08-30 00:00:00+09:00,1169.378173828125,1171.2432107879783,1142.3351379102496,1169.378173828125,215800,0.0,0.0
2021-08-31 00:00:00+09:00,1160.9856109856446,1205.7465020115974,1150.7279067921972,1199.2188720703125,285300,0.0,0.0
2021-09-01 00:00:00+09:00,1216.9367119406356,1257.0350097287178,1209.4765635149458,1233.7220458984375,319700,0.0,0.0
2021-09-02 00:00:00+09:00,1235.5869250351122,1252.37225684691,1225.3292222612358,1244.912109375,243400,0.0,0.0
2021-09-03 00:00:00+09:00,1236.5195696930389,1258.9000143933652,1228.1269029304162,1249.5748291015625,250700,0.0,0.0
2021-09-06 00:00:00+09:00,1272.8876899270451,1272.8876899270451,1241.1820624856389,1268.22509765625,130100,0.0,0.0
2021-09-07 00:00:00+09:00,1269.157716515946,1269.157716515946,1215.071641895869,1225.329345703125,227200,0.0,0.0
2021-09-08 00:00:00+09:00,1224.3968271751926,1238.3846050941781,1213.2066048400043,1225.329345703125,138200,0.0,0.0
2021-09-09 00:00:00+09:00,1221.5991964572813,1237.4520104571086,1207.6114193986102,1223.4642333984375,100500,0.0,0.0
2021-09-10 00:00:00+09:00,1215.0716158015998,1245.8447265625,1207.6114677383514,1245.8447265625,143300,0.0,0.0
2021-09-13 00:00:00+09:00,1228.1269907282688,1233.7221023033405,1208.5441002155171,1216.936767578125,132200,0.0,0.0
2021-09-14 00:00:00+09:00,1238.3845342753416,1246.777200546786,1216.9366093594283,1228.1268310546875,181000,0.0,0.0
2021-09-15 00:00:00+09:00,1202.016334048722,1225.329296307231,1197.3537415970204,1202.9488525390625,169000,0.0,0.0
2021-09-16 00:00:00+09:00,1202.9489553857038,1212.2741410863682,1175.9059168537772,1184.298583984375,111000,0.0,0.0
2021-09-17 00:00:00+09:00,1176.838324546814,1194.5561757087708,1169.378176689148,1193.6236572265625,124100,0.0,0.0
2021-09-21 00:00:00+09:00,1130.2125430416752,1167.5132870364498,1128.3475058419365,1148.8629150390625,161200,0.0,0.0
2021-09-22 00:00:00+09:00,1161.9181371228447,1161.9181371228447,1135.8076171875,1135.8076171875,107100,0.0,0.0
2021-09-24 00:00:00+09:00,1163.7830835459183,1189.893601445987,1160.0530095601944,1188.028564453125,171200,0.0,0.0
2021-09-27 00:00:00+09:00,1191.7586904120985,1205.7464684685788,1182.4335050411119,1190.826171875,133000,0.0,0.0
2021-09-28 00:00:00+09:00,1186.1636106222145,1188.0286477458342,1139.5376825317185,1150.7279052734375,182300,0.0,0.0
2021-09-29 00:00:00+09:00,1132.0773515880937,1142.3350541148393,1119.9546122383035,1138.60498046875,107700,0.0,0.0
2021-09-30 00:00:00+09:00,1176.838344914363,1218.801677339994,1167.5131599308895,1212.2740478515625,327400,0.0,0.0
2021-10-01 00:00:00+09:00,1212.2739867199841,1212.2739867199841,1178.7033224723539,1180.568359375,176800,0.0,0.0
2021-10-04 00:00:00+09:00,1188.0285566936168,1207.6114449907643,1174.9732978288516,1202.9488525390625,184300,0.0,0.0
2021-10-05 00:00:00+09:00,1184.2982922065548,1192.690957269436,1141.4024485518291,1146.99755859375,184400,0.0,0.0
2021-10-06 00:00:00+09:00,1170.310799267699,1175.90591065862,1127.4149452706358,1131.14501953125,158800,0.0,0.0
2021-10-07 00:00:00+09:00,1140.4701321641937,1146.9977617023371,1105.0344289571296,1109.697021484375,253100,0.0,0.0
2021-10-08 00:00:00+09:00,1121.8197331291829,1130.2123994618203,1105.9669189453125,1105.9669189453125,196000,0.0,0.0
2021-10-11 00:00:00+09:00,1105.9669268693508,1136.7400369761708,1088.2490755957272,1134.875,236300,0.0,0.0
2021-10-12 00:00:00+09:00,1130.2124763257577,1135.807587594697,1104.1019570707072,1107.83203125,117500,0.0,0.0
2021-10-13 00:00:00+09:00,1100.3717041015625,1111.5619248212392,1091.0465201684983,1100.3717041015625,116800,0.0,0.0
2021-10-14 00:00:00+09:00,1106.8994681709692,1134.8750233901173,1106.8994681709692,1133.9425048828125,183100,0.0,0.0
2021-10-15 00:00:00+09:00,1152.593022102891,1161.9182083658593,1145.132873092516,1157.255615234375,114400,0.0,0.0
2021-10-18 00:00:00+09:00,1154.4578829220814,1154.4578829220814,1120.8872175059303,1130.21240234375,64700,0.0,0.0
2021-10-19 00:00:00+09:00,1129.279992450992,1172.1758468298076,1129.279992450992,1164.7156982421875,126600,0.0,0.0
2021-10-20 00:00:00+09:00,1175.9058974609375,1186.1636015625,1165.648193359375,1165.648193359375,103900,0.0,0.0
2021-10-21 00:00:00+09:00,1165.648096935757,1171.2432078010486,1144.200171952139,1145.1326904296875,84100,0.0,0.0
2021-10-22 00:00:00+09:00,1139.5377290403687,1169.3783242361885,1138.6052104404994,1148.8629150390625,78000,0.0,0.0
2021-10-25 00:00:00+09:00,1159.1204705489308,1172.1757292679051,1148.8627672697369,1169.378173828125,91900,0.0,0.0
2021-10-26 00:00:00+09:00,1174.040845418459,1179.6359566754174,1149.7953633049722,1151.660400390625,58400,0.0,0.0
2021-10-27 00:00:00+09:00,1151.6604238352475,1160.0530908915368,1135.8076082844789,1150.7279052734375,58100,0.0,0.0
2021-10-28 00:00:00+09:00,1151.660358717668,1175.9058399538296,1149.7953216995018,1158.18798828125,101300,0.0,0.0
2021-10-29 00:00:00+09:00,1152.5926686356706,1165.6479254001524,1143.2674852324694,1146.99755859375,81800,0.0,0.0
2021-11-01 00:00:00+09:00,1145.132873092516,1166.5808014973434,1145.132873092516,1157.255615234375,64200,0.0,0.0
2021-11-02 00:00:00+09:00,1146.065219367648,1164.7155890888466,1146.065219367648,1154.4578857421875,52600,0.0,0.0
2021-11-04 00:00:00+09:00,1170.3108472665529,1177.77099609375,1161.918179835956,1177.77099609375,69900,0.0,0.0
2021-11-05 00:00:00+09:00,1174.040684850673,1174.040684850673,1152.5927612989926,1162.8504638671875,60700,0.0,0.0
2021-11-08 00:00:00+09:00,1163.7830470641647,1163.7830470641647,1150.7277885233807,1155.390380859375,57100,0.0,0.0
2021-11-09 00:00:00+09:00,1152.5929514316501,1160.9856185537253,1124.6173943580663,1135.8076171875,99000,0.0,0.0
2021-11-10 00:00:00+09:00,1132.0775804408945,1138.6052106411303,1118.0898014403892,1124.617431640625,69200,0.0,0.0
2021-11-11 00:00:00+09:00,1123.6848630867155,1204.8139776830178,1116.22471461809,1170.310791015625,414600,0.0,0.0
2021-11-12 00:00:00+09:00,1198.2861682924809,1241.1820155620949,1182.4333551711018,1187.095947265625,368300,0.0,0.0
2021-11-15 00:00:00+09:00,1181.5010699486097,1226.261962890625,1181.5010699486097,1226.261962890625,156800,0.0,0.0
2021-11-16 00:00:00+09:00,1223.4643206734534,1225.3293577476506,1185.231060652408,1190.826171875,153400,0.0,0.0
2021-11-17 00:00:00+09:00,1198.2864452128508,1201.0840011160715,1142.3353271484375,1142.3353271484375,100700,0.0,0.0
2021-11-18 00:00:00+09:00,1151.6603919013228,1170.3107626203725,1131.144984110368,1166.5806884765625,93000,0.0,0.0
2021-11-19 00:00:00+09:00,1159.1202970179115,1159.1202970179115,1130.2122284679879,1146.99755859375,98500,0.0,0.0
2021-11-22 00:00:00+09:00,1166.5807270549417,1216.0042110948393,1166.5807270549417,1203.8814697265625,191200,0.0,0.0
2021-11-24 00:00:00+09:00,1196.4211028661484,1200.1511764526367,1152.59273822491,1163.782958984375,127500,0.0,0.0
2021-11-25 00:00:00+09:00,1187.0960780552455,1247.7097819622297,1185.2310410119537,1240.2496337890625,378100,0.0,0.0
2021-11-26 00:00:00+09:00,1240.24946042072,1258.8998282465955,1179.6357649866245,1198.2861328125,251500,0.0,0.0
2021-11-29 00:00:00+09:00,1170.3107391454923,1193.6237020766773,1156.3229613867811,1167.51318359375,155800,0.0,0.0
2021-11-30 00:00:00+09:00,1184.2984533425395,1204.8138596209142,1155.390380859375,1155.390380859375,192100,0.0,0.0
2021-12-01 00:00:00+09:00,1165.6482930086097,1165.6482930086097,1128.3475476323342,1142.3353271484375,108100,0.0,0.0
2021-12-02 00:00:00+09:00,1133.0100469042238,1150.7278994895573,1121.81982421875,1121.81982421875,102400,0.0,0.0
2021-12-03 00:00:00+09:00,1128.3474502064823,1141.4027099609375,1123.684857437034,1141.4027099609375,95200,0.0,0.0
2021-12-06 00:00:00+09:00,1148.862764339882,1155.3903936827223,1133.9424686991042,1145.1326904296875,83200,0.0,0.0
2021-12-07 00:00:00+09:00,1158.1880962253092,1168.44580078125,1144.2003172853902,1168.44580078125,135400,0.0,0.0
2021-12-08 00:00:00+09:00,1193.6237460660896,1195.488783169318,1181.501004895106,1185.2310791015625,101300,0.0,0.0
2021-12-09 00:00:00+09:00,1196.421142578125,1220.6666216950628,1187.0959583023796,1196.421142578125,115800,0.0,0.0
2021-12-10 00:00:00+09:00,1200.1514330450668,1202.0164702370562,1159.120614821304,1168.44580078125,60700,0.0,0.0
2021-12-13 00:00:00+09:00,1167.513220608619,1174.9733689831148,1149.795368219191,1156.322998046875,56200,0.0,0.0
2021-12-14 00:00:00+09:00,1160.9855415946558,1160.9855415946558,1129.2799123462878,1133.9425048828125,76000,0.0,0.0
2021-12-15 00:00:00+09:00,1137.6726357453788,1147.930339838165,1127.4149316525927,1141.4027099609375,66000,0.0,0.0
2021-12-16 00:00:00+09:00,1146.9976347994943,1146.9976347994943,1121.819637938042,1129.27978515625,117200,0.0,0.0
2021-12-17 00:00:00+09:00,1123.6849672256508,1123.6849672256508,1066.801329880618,1078.924072265625,252000,0.0,0.0
2021-12-20 00:00:00+09:00,1054.6783936428249,1064.0035783788358,1026.7028394347924,1033.23046875,147000,0.0,0.0
2021-12-21 00:00:00+09:00,1050.0158249245153,1089.1816016978985,1048.1507879353064,1076.1263427734375,161800,0.0,0.0
2021-12-22 00:00:00+09:00,1077.0588272294624,1079.8563826248635,1058.4084579267876,1067.733642578125,84400,0.0,0.0
2021-12-23 00:00:00+09:00,1077.0589455052425,1077.0589455052425,1060.2736112895764,1063.0711669921875,85800,0.0,0.0
2021-12-24 00:00:00+09:00,1077.0588272294624,1084.518974950532,1065.8686056478575,1067.733642578125,87100,0.0,0.0
2021-12-27 00:00:00+09:00,1073.3287146765906,1073.3287146765906,1034.1629405528574,1035.095458984375,139100,0.0,0.0
2021-12-28 00:00:00+09:00,1036.0279477110137,1050.9482421875,1026.70276366321,1050.9482421875,179800,0.0,0.0
2021-12-29 00:00:00+09:00,1050.008383491435,1072.5689933426388,1039.6681039763002,1064.1087646484375,101200,9.0,0.0
2021-12-30 00:00:00+09:00,1052.8283537443695,1052.8283537443695,1028.3876955324465,1043.4281005859375,112900,0.0,0.0
2022-01-04 00:00:00+09:00,1066.9289053906602,1066.9289053906602,1033.0879885676966,1041.5482177734375,95100,0.0,0.0
2022-01-05 00:00:00+09:00,1034.9680380188734,1034.9680380188734,993.6069175167568,999.2470703125,197500,0.0,0.0
2022-01-06 00:00:00+09:00,977.6264038085938,987.9666830796463,967.2861245375414,977.6264038085938,147600,0.0,0.0
2022-01-07 00:00:00+09:00,978.5664528403667,990.7867831832339,954.1257921546322,969.1661987304688,138100,0.0,0.0
2022-01-11 00:00:00+09:00,977.6264878714509,985.1466916243082,965.4061567730578,976.6864624023438,93900,0.0,0.0
2022-01-12 00:00:00+09:00,982.3265284785518,1016.1674423782914,982.3265284785518,1015.2274169921875,116200,0.0,0.0
2022-01-13 00:00:00+09:00,1009.5872814272211,1009.5872814272211,989.8467479914933,994.546875,179300,0.0,0.0
2022-01-14 00:00:00+09:00,979.5064322122714,980.4464575790778,946.6055443740473,963.5260009765625,157800,0.0,0.0
2022-01-17 00:00:00+09:00,947.5456384060651,965.4061216696715,943.7855366663586,953.185791015625,120000,0.0,0.0
2022-01-18 00:00:00+09:00,959.765947282732,960.7059726963291,936.2653119428022,939.0853881835938,149700,0.0,0.0
2022-01-19 00:00:00+09:00,918.4048712412516,942.8455331166585,893.9642093658447,902.4244384765625,219500,0.0,0.0
2022-01-20 00:00:00+09:00,902.4243836009174,935.3252725863675,896.7842312034117,922.1649169921875,167700,0.0,0.0
2022-01-21 00:00:00+09:00,925.9250757607163,953.1858140318438,914.6447702692151,952.2457885742188,150100,0.0,0.0
2022-01-24 00:00:00+09:00,927.8050754569962,944.7255327601632,911.8246435595605,941.9054565429688,210300,0.0,0.0
2022-01-25 00:00:00+09:00,950.3656396982622,971.9862229950573,915.5847013512436,921.224853515625,212200,0.0,0.0
2022-01-26 00:00:00+09:00,913.7047579735824,931.565241925741,907.1245796754189,911.82470703125,249900,0.0,0.0
2022-01-27 00:00:00+09:00,925.9249813546611,940.9653871431632,879.8637386273734,891.14404296875,235200,0.0,0.0
2022-01-28 00:00:00+09:00,905.2444449279599,921.22487645836,890.2040387817009,920.2848510742188,108000,0.0,0.0
2022-01-31 00:00:00+09:00,920.2848722111441,950.3656851945523,920.2848722111441,941.9054565429688,109600,0.0,0.0
2022-02-01 00:00:00+09:00,956.0058217729842,971.9862534053742,942.8454663110158,947.5455932617188,100900,0.0,0.0
2022-02-02 00:00:00+09:00,955.0658394109767,981.386551520728,955.0658394109767,975.7463989257812,109400,0.0,0.0
2022-02-03 00:00:00+09:00,969.166191472877,977.6264201084308,955.0658104136209,964.466064453125,85900,0.0,0.0
2022-02-04 00:00:00+09:00,964.4661095197811,971.9863131027813,946.6056260101554,970.1062622070312,108300,0.0,0.0
2022-02-07 00:00:00+09:00,971.9861753579455,982.3264538192002,955.0657196940741,960.7058715820312,94400,0.0,0.0
2022-02-08 00:00:00+09:00,940.0253750931909,964.4660348456138,930.6251213422589,945.66552734375,183200,0.0,0.0
2022-02-09 00:00:00+09:00,940.0253979127798,951.3057026877332,924.9849915461754,944.7255249023438,279900,0.0,0.0
2022-02-10 00:00:00+09:00,959.7658462673718,981.3864285045407,935.3251880862242,960.7058715820312,306900,0.0,0.0
2022-02-14 00:00:00+09:00,922.1648711692524,931.5651246979909,897.7242119945321,924.044921875,287600,0.0,0.0
2022-02-15 00:00:00+09:00,932.5052490234375,946.6056308131064,913.7047399705456,932.5052490234375,201200,0.0,0.0
2022-02-16 00:00:00+09:00,956.0058456283432,958.8259218691347,927.8050832204275,939.0853881835938,164500,0.0,0.0
2022-02-17 00:00:00+09:00,930.6250762939453,933.4451522827148,909.9445190429688,909.9445190429688,123600,0.0,0.0
2022-02-18 00:00:00+09:00,895.844246247944,900.5443734580592,881.7438646175987,893.024169921875,173700,0.0,0.0
2022-02-21 00:00:00+09:00,888.3239902094149,888.3239902094149,860.1232286154652,882.683837890625,131100,0.0,0.0
2022-02-22 00:00:00+09:00,864.8233715160474,881.7438287848396,858.2431936892948,869.5234985351562,122600,0.0,0.0
2022-02-24 00:00:00+09:00,841.322746021976,859.1832288984201,833.8025427055784,844.142822265625,232800,0.0,0.0
2022-02-25 00:00:00+09:00,868.5835015190972,890.2040865136202,865.7634252154638,888.3240356445312,152700,0.0,0.0
2022-02-28 00:00:00+09:00,883.6238615151906,912.7646484375,867.6434299771498,912.7646484375,208700,0.0,0.0
2022-03-01 00:00:00+09:00,919.3448310912124,956.0058212881013,906.1844756359191,955.0657958984375,190700,0.0,0.0
2022-03-02 00:00:00+09:00,930.6251981181483,940.0254526445942,919.3448926864132,932.5052490234375,166000,0.0,0.0
2022-03-03 00:00:00+09:00,933.4452442987728,948.4856510548457,924.0449900762272,928.7451171875,197700,0.0,0.0
2022-03-04 00:00:00+09:00,922.1649193075359,924.9849955133693,883.6238778278122,892.0841064453125,203900,0.0,0.0
2022-03-07 00:00:00+09:00,854.4830932617188,868.5834743386448,841.3227375899211,854.4830932617188,187400,0.0,0.0
2022-03-08 00:00:00+09:00,846.0228640224577,884.5639056057031,846.0228640224577,862.0032958984375,153900,0.0,0.0
2022-03-09 00:00:00+09:00,871.4035493427998,889.2640320154138,867.6434477275127,869.5234985351562,119100,0.0,0.0
2022-03-10 00:00:00+09:00,902.4243692070031,912.7646484375,894.9041661302781,912.7646484375,133200,0.0,0.0
2022-03-11 00:00:00+09:00,912.7646255179197,916.5247269618659,896.7841943811487,913.7046508789062,138400,0.0,0.0
2022-03-14 00:00:00+09:00,913.704666806661,921.2248698256458,896.784210013945,900.5443115234375,122600,0.0,0.0
2022-03-15 00:00:00+09:00,907.1245111541905,922.164917556747,897.7242571525926,914.6447143554688,90500,0.0,0.0
2022-03-16 00:00:00+09:00,923.1049822378849,924.0450076780457,901.484397114187,908.0645751953125,117000,0.0,0.0
2022-03-17 00:00:00+09:00,927.8050455769938,947.5455784616107,926.8650202015359,938.1453247070312,141600,0.0,0.0
2022-03-18 00:00:00+09:00,940.0253146595218,960.7058715820312,936.2652134008837,960.7058715820312,187500,0.0,0.0
2022-03-22 00:00:00+09:00,985.1465919864987,986.0866173605317,956.0058053914782,968.2261352539062,194800,0.0,0.0
2022-03-23 00:00:00+09:00,984.2066118963834,992.6668406519397,963.5260527161346,981.3865356445312,125100,0.0,0.0
2022-03-24 00:00:00+09:00,968.2262135171845,1012.4074096679688,961.6460353670677,1012.4074096679688,119500,0.0,0.0
2022-03-25 00:00:00+09:00,1024.6277405181856,1031.2079186683025,1000.1870788177519,1012.4074096679688,135000,0.0,0.0
2022-03-28 00:00:00+09:00,1000.187041893434,1004.8871689700009,986.0866606637333,1003.9471435546875,71200,0.0,0.0
2022-03-29 00:00:00+09:00,1008.6473365132146,1023.687744140625,990.7868524556646,1023.687744140625,108100,0.0,0.0
2022-03-30 00:00:00+09:00,1028.3879230291193,1035.9081272194603,1016.1675912198153,1034.028076171875,105400,0.0,0.0
2022-03-31 00:00:00+09:00,1019.9275742421731,1026.5077521405096,1006.7672184454999,1018.987548828125,101400,0.0,0.0
2022-04-01 00:00:00+09:00,1017.1075218023257,1017.1075218023257,990.7868095930233,1010.52734375,74400,0.0,0.0
2022-04-04 00:00:00+09:00,1013.3473873190304,1039.6680986779663,1013.3473873190304,1036.8480224609375,78600,0.0,0.0
2022-04-05 00:00:00+09:00,1052.828583529346,1053.7686090503544,1033.0880475881706,1049.0684814453125,82200,0.0,0.0
2022-04-06 00:00:00+09:00,1029.3277973287245,1029.3277973287245,1008.6472388435812,1022.7476196289062,89000,0.0,0.0
2022-04-07 00:00:00+09:00,1012.4073802679357,1016.1674819588101,995.4869226590008,1001.1270751953125,76700,0.0,0.0
2022-04-08 00:00:00+09:00,1029.3278428100364,1034.0279699461553,1007.7072579838895,1028.3878173828125,93200,0.0,0.0
2022-04-11 00:00:00+09:00,1019.9274747882731,1021.8075254330441,984.2065125376239,995.48681640625,75100,0.0,0.0
2022-04-12 00:00:00+09:00,979.5064476184046,990.7867521975033,963.5260161313481,965.4060668945312,94400,0.0,0.0
2022-04-13 00:00:00+09:00,965.4061091320056,1001.1270751953124,965.4061091320056,1001.1270751953125,66000,0.0,0.0
2022-04-14 00:00:00+09:00,1015.227448538448,1015.227448538448,989.8467623249868,1003.9471435546875,64900,0.0,0.0
2022-04-15 00:00:00+09:00,985.1465683202006,991.7267457803546,977.626365508596,984.20654296875,70500,0.0,0.0
2022-04-18 00:00:00+09:00,974.8063894464065,983.2666184772817,952.2457786974056,970.1062622070312,61300,0.0,0.0
2022-04-19 00:00:00+09:00,975.7463772681452,983.2665805611559,956.005843623992,961.64599609375,53600,0.0,0.0
2022-04-20 00:00:00+09:00,981.3865297379033,981.3865297379033,960.7059706821237,961.64599609375,60000,0.0,0.0
2022-04-21 00:00:00+09:00,958.8259657543157,972.9263476036438,955.0658639278281,959.7659912109375,50300,0.0,0.0
2022-04-22 00:00:00+09:00,949.4256927428081,949.4256927428081,923.10498046875,923.10498046875,135400,0.0,0.0
2022-04-25 00:00:00+09:00,909.9446165133248,930.6251759795368,902.4244130710659,925.925048828125,76000,0.0,0.0
2022-04-26 00:00:00+09:00,944.7255550267321,949.4256821661686,930.6251736084226,948.4856567382812,59600,0.0,0.0
2022-04-27 00:00:00+09:00,925.9249496459961,946.6055068969727,915.5846710205078,940.0253295898438,134500,0.0,0.0
2022-04-28 00:00:00+09:00,940.0254566218781,959.7659912109375,939.0854311652562,959.7659912109375,62900,0.0,0.0
2022-05-02 00:00:00+09:00,938.1454098106516,956.0058935645618,929.6851806640625,929.6851806640625,98400,0.0,0.0
2022-05-06 00:00:00+09:00,928.7450953578655,930.6251461581851,912.7646635551491,914.6447143554688,119100,0.0,0.0
2022-05-09 00:00:00+09:00,911.8246392994464,925.925020319541,899.6043090820312,899.6043090820312,106000,0.0,0.0
2022-05-10 00:00:00+09:00,892.0840530879402,894.9041291250991,868.5834194449491,889.2639770507812,98400,0.0,0.0
2022-05-11 00:00:00+09:00,889.2640452740947,905.244477377329,878.9237656778843,893.9641723632812,58900,0.0,0.0
2022-05-12 00:00:00+09:00,876.1037085507893,972.9263287017885,867.6434796055563,923.10498046875,264100,0.0,0.0
2022-05-13 00:00:00+09:00,918.4048453858661,953.1857863063135,912.764692804172,925.925048828125,177000,0.0,0.0
2022-05-16 00:00:00+09:00,953.1857620331363,959.7659398775465,934.38525390625,934.38525390625,180700,0.0,0.0
2022-05-17 00:00:00+09:00,938.1453243430044,960.7059333452411,924.0449437166066,945.66552734375,114300,0.0,0.0
2022-05-18 00:00:00+09:00,960.7059944950382,992.6668592825445,946.6056129711385,953.185791015625,178000,0.0,0.0
2022-05-19 00:00:00+09:00,925.924994826078,938.1453247070312,922.1648933242462,938.1453247070312,123100,0.0,0.0
2022-05-20 00:00:00+09:00,952.2456962829176,971.0462036132812,942.8454426177358,971.0462036132812,110500,0.0,0.0
2022-05-23 00:00:00+09:00,986.0866778576124,992.6668558795411,971.0462709503465,983.2666015625,85700,0.0,0.0
2022-05-24 00:00:00+09:00,977.6263972798087,986.086625717807,957.8858642578125,957.8858642578125,89700,0.0,0.0
2022-05-25 00:00:00+09:00,960.7059245815813,987.0266348440903,960.7059245815813,971.0462036132812,119000,0.0,0.0
2022-05-26 00:00:00+09:00,968.2262241908483,1009.5873444475446,964.4661223493304,987.0267333984375,170800,0.0,0.0
2022-05-27 00:00:00+09:00,988.9067158530203,1008.6472491542688,973.8663095282595,982.3265380859375,128400,0.0,0.0
2022-05-30 00:00:00+09:00,987.9666066319024,1024.6275939379389,987.026581316363,1020.8674926757812,252200,0.0,0.0
2022-05-31 00:00:00+09:00,1020.8676017329377,1020.8676017329377,985.1466359264446,996.4269409179688,292600,0.0,0.0
2022-06-01 00:00:00+09:00,985.146590245327,1005.8271484375,977.6263872663551,1005.8271484375,92300,0.0,0.0
2022-06-02 00:00:00+09:00,1003.0070660748994,1003.0070660748994,971.0462036132812,971.0462036132812,58900,0.0,0.0
2022-06-03 00:00:00+09:00,981.3865370694765,981.3865370694765,956.0058507659555,966.3461303710938,90000,0.0,0.0
2022-06-06 00:00:00+09:00,954.1258511437718,978.5665133405581,951.3057747364503,976.6864624023438,73100,0.0,0.0
2022-06-07 00:00:00+09:00,974.8063215638717,974.8063215638717,950.3656616210938,950.3656616210938,62100,0.0,0.0
2022-06-08 00:00:00+09:00,957.8859023150276,962.5860294117647,951.3057243795955,958.825927734375,72700,0.0,0.0
2022-06-09 00:00:00+09:00,962.5860428709055,981.386551520728,952.2457631135032,975.7463989257812,79400,0.0,0.0
2022-06-10 00:00:00+09:00,966.3461005744033,966.3461005744033,950.3656689501184,955.0657958984375,73500,0.0,0.0
2022-06-13 00:00:00+09:00,936.2653588891874,941.90551165358,926.8651042818661,929.6851806640625,98500,0.0,0.0
2022-06-14 00:00:00+09:00,901.4843438224125,915.5847245912719,896.7842168994594,912.7646484375,140800,0.0,0.0
2022-06-15 00:00:00+09:00,916.5248163284793,942.845529002528,916.5248163284793,932.5052490234375,144100,0.0,0.0
2022-06-16 00:00:00+09:00,958.8258900628246,963.5260169748973,946.6055600914357,950.3656616210938,106200,0.0,0.0
2022-06-17 00:00:00+09:00,924.9850659640331,954.1258556437942,923.1050150169517,946.6056518554688,88200,0.0,0.0
2022-06-20 00:00:00+09:00,953.1857307143584,965.4060605953117,926.8650202015359,938.1453247070312,90600,0.0,0.0
2022-06-21 00:00:00+09:00,945.6655347090211,958.8258900628246,939.0853570321194,950.3656616210938,78600,0.0,0.0
2022-06-22 00:00:00+09:00,958.8259356563423,966.3461390732547,948.4856559580876,956.005859375,56800,0.0,0.0
2022-06-23 00:00:00+09:00,955.0658639278281,971.0462966904,952.2457875579626,959.7659912109375,50600,0.0,0.0
2022-06-24 00:00:00+09:00,976.6863401571454,986.0865936716511,973.8662641027937,984.20654296875,92500,0.0,0.0
2022-06-27 00:00:00+09:00,988.9067389828035,993.6068660692237,975.7463831408271,981.3865356445312,67200,0.0,0.0
2022-06-28 00:00:00+09:00,980.4465260882369,981.386551520728,970.1062463308344,975.7463989257812,44600,0.0,0.0
2022-06-29 00:00:00+09:00,962.5859301227573,998.3068923734065,956.9457781884443,995.48681640625,127000,0.0,0.0
2022-06-30 00:00:00+09:00,997.3669444106982,1008.6472491542688,980.4464872953423,982.3265380859375,102100,0.0,0.0
2022-07-01 00:00:00+09:00,986.0866401988723,1001.1270465317435,966.3461068869786,974.8063354492188,96600,0.0,0.0
2022-07-04 00:00:00+09:00,999.2469957401346,1003.0070973233524,974.8063354492188,974.8063354492188,61400,0.0,0.0
2022-07-05 00:00:00+09:00,992.666838570927,1007.707245215941,986.0866606637333,1003.9471435546875,72700,0.0,0.0
2022-07-06 00:00:00+09:00,1005.8271631311487,1022.7476200810186,1001.1270362006294,1015.2274169921875,78500,0.0,0.0
2022-07-07 00:00:00+09:00,1019.9276262396547,1034.9680336312072,1013.3474480058504,1029.327880859375,126100,0.0,0.0
2022-07-08 00:00:00+09:00,1028.3878423182523,1034.0279950183524,1008.647307867902,1012.4074096679688,126100,0.0,0.0
2022-07-11 00:00:00+09:00,1030.26786823726,1034.967995373379,1010.5273342655607,1028.3878173828125,99400,0.0,0.0
2022-07-12 00:00:00+09:00,1015.2273482346825,1021.8075254917592,995.4868164634526,1003.0070190429688,103000,0.0,0.0
2022-07-13 00:00:00+09:00,989.8467474216368,1002.0670776367188,979.5064680088751,1002.0670776367188,96700,0.0,0.0
2022-07-14 00:00:00+09:00,999.2470411015736,999.2470411015736,977.6264560165913,987.9667358398438,79400,0.0,0.0
2022-07-15 00:00:00+09:00,988.9067411534926,988.9067411534926,956.9458768956802,958.825927734375,148100,0.0,0.0
2022-07-19 00:00:00+09:00,962.5860208535403,971.9862749634382,946.6055888667139,969.1661987304688,68800,0.0,0.0
2022-07-20 00:00:00+09:00,982.3265832089787,987.9667358398438,971.9863033857264,987.9667358398438,74900,0.0,0.0
2022-07-21 00:00:00+09:00,981.3866090936176,1004.8872462845568,976.6864816554298,998.3070678710938,73100,0.0,0.0
2022-07-22 00:00:00+09:00,1017.1074295680318,1024.6276323744498,990.7867197455688,1014.287353515625,116100,0.0,0.0
2022-07-25 00:00:00+09:00,1031.2078857421875,1037.7880636822015,1013.3474027621496,1031.2078857421875,105200,0.0,0.0
2022-07-26 00:00:00+09:00,1030.2678357564616,1055.648521491338,1023.6876579733456,1054.70849609375,126600,0.0,0.0
2022-07-27 00:00:00+09:00,1052.8284753829928,1065.0488059008312,1045.3082719874,1058.4686279296875,89300,0.0,0.0
2022-07-28 00:00:00+09:00,1057.5285932382642,1077.2691269787117,1049.0683644923581,1076.3291015625,462300,0.0,0.0
2022-07-29 00:00:00+09:00,1077.2690947939977,1107.3499072140744,1074.4490186296155,1102.6497802734375,163000,0.0,0.0
2022-08-01 00:00:00+09:00,1103.5898516725822,1109.2300042364966,1092.3095465447534,1100.769775390625,128000,0.0,0.0
2022-08-02 00:00:00+09:00,1100.769848376721,1100.769848376721,1072.5690836873089,1075.38916015625,67600,0.0,0.0
2022-08-03 00:00:00+09:00,1071.6290223630212,1074.449098737661,1042.4882331584129,1059.40869140625,159900,0.0,0.0
2022-08-04 00:00:00+09:00,1058.4685285948378,1088.549339354194,1058.4685285948378,1080.089111328125,91700,0.0,0.0
2022-08-05 00:00:00+09:00,1072.569014115767,1089.489471831879,1072.569014115767,1085.7293701171875,58500,0.0,0.0
2022-08-08 00:00:00+09:00,1082.9092027559057,1082.9092027559057,1067.8687971620736,1074.448974609375,49200,0.0,0.0
2022-08-09 00:00:00+09:00,1069.7487410760912,1077.2689431223203,1062.228539029862,1068.8087158203125,61100,0.0,0.0
2022-08-10 00:00:00+09:00,1061.2887301050891,1081.0292645003121,996.4269742350704,1034.968017578125,138800,0.0,0.0
2022-08-12 00:00:00+09:00,1037.788001979638,1060.3486107183257,1023.6876215179582,1038.72802734375,123200,0.0,0.0
2022-08-15 00:00:00+09:00,1051.888438319808,1052.828463733856,1010.5273201016922,1018.987548828125,130100,0.0,0.0
2022-08-16 00:00:00+09:00,1028.3878634386447,1039.668169070513,1022.7477106227107,1026.5078125,63600,0.0,0.0
2022-08-17 00:00:00+09:00,1038.7281413715239,1050.0084469791784,1033.0879885676966,1041.5482177734375,84700,0.0,0.0
2022-08-18 00:00:00+09:00,1045.308241054756,1070.6889267638194,1039.6680886749643,1069.7489013671875,88400,0.0,0.0
2022-08-19 00:00:00+09:00,1076.32897916782,1076.32897916782,1054.7083970535318,1061.28857421875,62100,0.0,0.0
2022-08-22 00:00:00+09:00,1051.8884449822315,1055.6485466622394,1026.5077586421776,1031.2078857421875,107000,0.0,0.0
2022-08-23 00:00:00+09:00,1015.2274557862011,1020.8676083183466,994.5468965016673,1008.6472778320312,96100,0.0,0.0
2022-08-24 00:00:00+09:00,1011.467384217952,1014.2874605680021,997.3670024677018,1012.4074096679688,76600,0.0,0.0
2022-08-25 00:00:00+09:00,1022.74755859375,1042.4880905151367,1021.8075332641602,1037.7879638671875,82200,0.0,0.0
2022-08-26 00:00:00+09:00,1043.42815416431,1046.248230256646,1034.02790052319,1038.72802734375,59300,0.0,0.0
2022-08-29 00:00:00+09:00,1010.5272739638867,1039.6680604688918,1007.7071978504991,1035.907958984375,85500,0.0,0.0
2022-08-30 00:00:00+09:00,1047.1883228362983,1065.0488059008312,1047.1883228362983,1058.4686279296875,80200,0.0,0.0
2022-08-31 00:00:00+09:00,1046.2483036620665,1081.0292445744624,1046.2483036620665,1070.68896484375,148300,0.0,0.0
2022-09-01 00:00:00+09:00,1058.4685594352839,1065.9887623442378,1050.0083311627104,1053.7684326171875,77700,0.0,0.0
2022-09-02 00:00:00+09:00,1070.6887947494354,1070.6887947494354,1021.8074801515683,1027.4476318359375,97800,0.0,0.0
2022-09-05 00:00:00+09:00,1017.1074686839169,1024.6276717795465,995.4868847839814,1000.18701171875,84000,0.0,0.0
2022-09-06 00:00:00+09:00,1000.1870439902119,1004.8871710766321,977.6264339753951,981.3865356445312,103700,0.0,0.0
2022-09-07 00:00:00+09:00,987.9666995518853,987.9666995518853,954.1257850096705,964.466064453125,87100,0.0,0.0
2022-09-08 00:00:00+09:00,971.9861834024646,1003.9470443654083,971.9861834024646,1003.0070190429688,111000,0.0,0.0
2022-09-09 00:00:00+09:00,1003.9470520019531,1039.6680145263672,1003.9470520019531,1037.7879638671875,97700,0.0,0.0
2022-09-12 00:00:00+09:00,1044.3682720520408,1044.3682720520408,1033.0879666833418,1034.968017578125,74000,0.0,0.0
2022-09-13 00:00:00+09:00,1037.7880841936385,1052.8284912109375,1033.0879570007326,1052.8284912109375,53400,0.0,0.0
2022-09-14 00:00:00+09:00,1017.1075498537385,1039.6681609410673,1014.2874734678225,1029.327880859375,70800,0.0,0.0
2022-09-15 00:00:00+09:00,1029.3278304765809,1034.0279575563827,994.546890086048,996.4269409179688,67900,0.0,0.0
2022-09-16 00:00:00+09:00,1000.1871573153409,1036.8481527432527,1000.1871573153409,1034.028076171875,124800,0.0,0.0
2022-09-20 00:00:00+09:00,1019.9276772028282,1041.5482639085103,1019.9276772028282,1039.668212890625,57300,0.0,0.0
2022-09-21 00:00:00+09:00,1020.8675693088107,1029.3277977837456,1003.0070869728371,1015.2274169921875,71400,0.0,0.0
2022-09-22 00:00:00+09:00,1013.3472593509952,1021.8074869337029,1002.0669559073848,1009.587158203125,46400,0.0,0.0
2022-09-26 00:00:00+09:00,987.0265731593333,1003.9470286992076,977.6263200816254,986.0865478515625,67200,0.0,0.0
2022-09-27 00:00:00+09:00,990.7868352399554,1003.0071662248885,983.2666315569197,987.0267333984375,44800,0.0,0.0
2022-09-28 00:00:00+09:00,973.866332306259,987.0266881482355,960.7059764642825,981.3865356445312,63100,0.0,0.0
2022-09-29 00:00:00+09:00,1002.0670611437629,1024.6276704002828,993.6068326725679,1022.7476196289062,71200,0.0,0.0
2022-09-30 00:00:00+09:00,1019.9275828963223,1029.327837116565,1003.9471507219099,1008.6472778320312,64300,0.0,0.0
2022-10-03 00:00:00+09:00,992.666846390845,1003.9471514634682,975.7463887819101,1001.1270751953125,44400,0.0,0.0
2022-10-04 00:00:00+09:00,1008.6473285828755,1028.3878634386447,1005.8272521749084,1026.5078125,60000,0.0,0.0
2022-10-05 00:00:00+09:00,1026.5075916849123,1034.0277938217982,1018.9873895480266,1033.0877685546875,63800,0.0,0.0
2022-10-06 00:00:00+09:00,1020.8676677104855,1041.548228198175,1018.0475912803461,1023.687744140625,59800,0.0,0.0
2022-10-07 00:00:00+09:00,1010.5272368681595,1034.9678956203197,1010.5272368681595,1019.927490234375,42200,0.0,0.0
2022-10-11 00:00:00+09:00,1005.8271798204158,1009.5872814272211,988.906722589792,994.546875,55600,0.0,0.0
2022-10-12 00:00:00+09:00,996.4269939146284,1010.5273759039864,996.4269939146284,999.2470703125,45400,0.0,0.0
2022-10-13 00:00:00+09:00,1000.1869352800344,1000.1869352800344,982.326454292891,990.7866821289062,55800,0.0,0.0
2022-10-14 00:00:00+09:00,1011.4673455157404,1024.6277013124136,1005.8271930314518,1018.987548828125,60300,0.0,0.0
2022-10-17 00:00:00+09:00,1018.9875501997016,1018.9875501997016,1000.187041893434,1003.9471435546875,44000,0.0,0.0
2022-10-18 00:00:00+09:00,1018.0475912803461,1023.687744140625,999.247081746083,1023.687744140625,59000,0.0,0.0
2022-10-19 00:00:00+09:00,1024.627685546875,1034.0279395427178,1016.1674569506164,1024.627685546875,57400,0.0,0.0
2022-10-20 00:00:00+09:00,1010.5272900616682,1015.2274169921875,1002.0670615867332,1015.2274169921875,68100,0.0,0.0
2022-10-21 00:00:00+09:00,1017.10752011307,1029.3278507613786,1012.4073929406437,1025.5677490234375,37800,0.0,0.0
2022-10-24 00:00:00+09:00,1033.0880506480823,1034.028076171875,1019.9276933149857,1034.028076171875,60000,0.0,0.0
2022-10-25 00:00:00+09:00,1040.6080322265625,1044.368133517354,1030.2677536768856,1040.6080322265625,67900,0.0,0.0
2022-10-26 00:00:00+09:00,1046.248297411849,1061.2887042030347,1041.5481702896036,1058.4686279296875,79500,0.0,0.0
2022-10-27 00:00:00+09:00,1058.4686438424246,1058.4686438424246,1040.608160509382,1052.8284912109375,98800,0.0,0.0
2022-10-28 00:00:00+09:00,1038.7280489874224,1071.6289374168882,1034.0279220689272,1060.3486328125,227800,0.0,0.0
2022-10-31 00:00:00+09:00,1063.168670414001,1074.448974609375,1054.7084422674704,1074.448974609375,53000,0.0,0.0
2022-11-01 00:00:00+09:00,1070.6890072598785,1070.6890072598785,1038.7281413715239,1041.5482177734375,48500,0.0,0.0
2022-11-02 00:00:00+09:00,1036.848100814609,1047.1883810584538,1023.687744140625,1023.687744140625,66300,0.0,0.0
2022-11-04 00:00:00+09:00,1005.8272717721943,1021.8077050620329,998.3070678710938,998.3070678710938,98000,0.0,0.0
2022-11-07 00:00:00+09:00,1003.9471119151395,1022.7476196289062,1003.9471119151395,1022.7476196289062,50500,0.0,0.0
2022-11-08 00:00:00+09:00,1031.2077942738335,1035.9079209569413,1017.1074142245103,1019.927490234375,53200,0.0,0.0
2022-11-09 00:00:00+09:00,1021.807682960042,1044.3682941753511,1016.1675301562148,1041.5482177734375,65800,0.0,0.0
2022-11-10 00:00:00+09:00,1031.2078481001013,1045.3082288854262,1015.2274165433996,1022.7476196289062,84600,0.0,0.0
2022-11-11 00:00:00+09:00,1034.0278786569547,1035.907929345422,957.8858257740336,979.5064086914062,267700,0.0,0.0
2022-11-14 00:00:00+09:00,982.3264850848784,982.3264850848784,947.5455473354617,956.94580078125,201100,0.0,0.0
2022-11-15 00:00:00+09:00,954.1257627298132,963.5260165498114,948.4856104378143,957.8858642578125,119000,0.0,0.0
2022-11-16 00:00:00+09:00,957.8858487757241,970.1061785442073,952.2456965748858,963.5260009765625,77500,0.0,0.0
2022-11-17 00:00:00+09:00,970.1062168768275,971.0462422807778,954.1257850096705,964.466064453125,98900,0.0,0.0
2022-11-18 00:00:00+09:00,964.4660337577745,973.8662874981037,962.5859830097087,968.2261352539062,92900,0.0,0.0
2022-11-21 00:00:00+09:00,958.8258900628246,962.5859915924827,948.4856108562648,950.3656616210938,157300,0.0,0.0
2022-11-22 00:00:00+09:00,956.9458768956802,964.4660802504595,954.1258006376379,958.825927734375,92600,0.0,0.0
2022-11-24 00:00:00+09:00,968.2261434598105,975.746346515809,955.065788111813,957.8858642578125,127000,0.0,0.0
2022-11-25 00:00:00+09:00,968.2261352539062,972.9262621240708,956.0058053914782,968.2261352539062,118400,0.0,0.0
2022-11-28 00:00:00+09:00,960.7059785730698,971.9862836052389,956.0058514763327,958.825927734375,279000,0.0,0.0
2022-11-29 00:00:00+09:00,958.8259037205431,982.3265386156544,950.365675158303,974.8063354492188,142800,0.0,0.0
2022-11-30 00:00:00+09:00,969.1661531774009,974.8063053782394,960.7059248761433,963.5260009765625,120600,0.0,0.0
2022-12-01 00:00:00+09:00,974.8063215638717,982.326524623188,945.6655347090211,950.3656616210938,179100,0.0,0.0
2022-12-02 00:00:00+09:00,950.3657326236848,951.3057580763294,924.9850454022808,932.5052490234375,222700,0.0,0.0
2022-12-05 00:00:00+09:00,932.5052490234375,940.0254526445942,924.0450199496362,932.5052490234375,167700,0.0,0.0
2022-12-06 00:00:00+09:00,929.68507418119,936.2652516526442,912.7646178260217,916.5247192382812,121400,0.0,0.0
2022-12-07 00:00:00+09:00,913.7047182344543,930.6251759795368,909.9446165133248,925.925048828125,72800,0.0,0.0
2022-12-08 00:00:00+09:00,921.2249313575634,922.1649567977241,908.0645751953125,908.0645751953125,87300,0.0,0.0
2022-12-09 00:00:00+09:00,909.9445494349602,914.6446762398929,907.1244733520006,913.7046508789062,93400,0.0,0.0
2022-12-12 00:00:00+09:00,909.9445795778367,924.0449604597247,908.064528793585,917.4647827148438,87000,0.0,0.0
2022-12-13 00:00:00+09:00,931.5651919908258,943.7855224609375,930.625166570048,943.7855224609375,145700,0.0,0.0
2022-12-14 00:00:00+09:00,932.5052109611503,944.7255413467299,927.8050838897735,931.565185546875,90400,0.0,0.0
2022-12-15 00:00:00+09:00,925.9249874856416,940.0253680057276,923.1049113816244,933.4451904296875,107900,0.0,0.0
2022-12-16 00:00:00+09:00,923.1049281166845,929.6851058120172,905.2444458007812,905.2444458007812,318900,0.0,0.0
2022-12-19 00:00:00+09:00,910.8846133217293,912.764664123219,897.7242577113018,907.12451171875,179000,0.0,0.0
2022-12-20 00:00:00+09:00,908.0645394769896,909.0045648801748,869.5234979463927,877.043701171875,258600,0.0,0.0
2022-12-21 00:00:00+09:00,881.7438576027199,893.9641882517981,878.9237812990865,888.3240356445312,136700,0.0,0.0
2022-12-22 00:00:00+09:00,884.5639547983805,903.3644639333089,884.5639547983805,902.4244384765625,94900,0.0,0.0
2022-12-23 00:00:00+09:00,901.4844130198161,903.3644639333089,887.3840311686198,902.4244384765625,128600,0.0,0.0
2022-12-26 00:00:00+09:00,900.5443662936094,909.0045952045098,885.5039593408978,888.3240356445312,94700,0.0,0.0
2022-12-27 00:00:00+09:00,887.3839340452678,893.0240861684368,879.8637312143757,886.4439086914062,88600,0.0,0.0
2022-12-28 00:00:00+09:00,882.6837611493536,882.6837611493536,862.0032044451088,865.7633056640625,186300,0.0,0.0
2022-12-29 00:00:00+09:00,867.6661632449128,901.9161433730014,866.7147749080215,900.0133666992188,81800,11.0,0.0
2022-12-30 00:00:00+09:00,901.9161046400253,910.4785993043294,892.4022216796875,892.4022216796875,129600,0.0,0.0
2023-01-04 00:00:00+09:00,896.2077639372452,896.2077639372452,875.2772216796875,875.2772216796875,106300,0.0,0.0
2023-01-05 00:00:00+09:00,880.0341685185263,887.6452748408487,868.6175090350428,883.8397216796875,82700,0.0,0.0
2023-01-06 00:00:00+09:00,878.1314901801794,895.256481321288,875.2773249899947,891.450927734375,66700,0.0,0.0
2023-01-10 00:00:00+09:00,891.4509116242372,906.6731256967962,884.7911929674926,886.6939697265625,91100,0.0,0.0
2023-01-11 00:00:00+09:00,894.3050087645463,911.4299982940802,894.3050087645463,909.5272216796875,67700,0.0,0.0
2023-01-12 00:00:00+09:00,913.3328351215098,920.9439420808558,904.7703397922456,919.9925537109375,43500,0.0,0.0
2023-01-13 00:00:00+09:00,909.5272437007136,917.1383503425606,905.7216903797902,912.3814086914062,83600,0.0,0.0
2023-01-16 00:00:00+09:00,903.8188865846918,914.2841579030409,900.0133333780194,900.9647216796875,68400,0.0,0.0
2023-01-17 00:00:00+09:00,906.6730907892777,907.6244791321835,893.3536539885957,898.110595703125,71600,0.0,0.0
2023-01-18 00:00:00+09:00,908.5758603308811,926.6522387039563,903.8189186537561,920.9439086914062,118900,0.0,0.0
2023-01-19 00:00:00+09:00,916.1869563361734,918.0897329848466,908.5758497414803,914.2841796875,40500,0.0,0.0
2023-01-20 00:00:00+09:00,922.846651972878,933.3119232839107,918.0897104678631,921.895263671875,60100,0.0,0.0
2023-01-23 00:00:00+09:00,932.3605399136596,942.8258112800374,926.6522100774536,940.9230346679688,62100,0.0,0.0
2023-01-24 00:00:00+09:00,939.971657136358,949.4855403057543,938.0688805024787,947.582763671875,70600,0.0,0.0
2023-01-25 00:00:00+09:00,950.4369563769434,956.1452864452733,943.7772379638917,948.5341796875,82900,0.0,0.0
2023-01-26 00:00:00+09:00,948.5341519888146,954.2424818904525,943.7772104041164,947.582763671875,35600,0.0,0.0
2023-01-27 00:00:00+09:00,947.5827806877368,951.388334023832,939.9716740155461,941.8744506835938,41400,0.0,0.0
2023-01-30 00:00:00+09:00,941.8744337702373,950.4369286226939,938.0688805024787,947.582763671875,43200,0.0,0.0
2023-01-31 00:00:00+09:00,941.8743841717037,958.0479847079854,941.8743841717037,954.242431640625,58300,0.0,0.0
2023-02-01 00:00:00+09:00,960.9022455763985,964.7077990242258,942.8258666992188,942.8258666992188,61400,0.0,0.0
2023-02-02 00:00:00+09:00,949.4855566796485,958.0480516797656,948.5341683463022,952.3397216796875,55900,0.0,0.0
2023-02-03 00:00:00+09:00,943.777188365433,951.3882947232187,940.9230234812633,944.7285766601562,46900,0.0,0.0
2023-02-06 00:00:00+09:00,950.4369840755729,954.2425375653651,946.6314305857809,949.485595703125,68900,0.0,0.0
2023-02-07 00:00:00+09:00,945.6799983362998,952.3397166344428,943.7772216796875,943.7772216796875,55700,0.0,0.0
2023-02-08 00:00:00+09:00,950.4368896484375,952.3396662042902,939.0202303133211,950.4368896484375,52500,0.0,0.0
2023-02-09 00:00:00+09:00,950.4369276605092,976.1244121918744,938.068879552815,968.5133056640625,373800,0.0,0.0
2023-02-10 00:00:00+09:00,982.7840909144675,997.0549150806988,972.3188198592311,981.8327026367188,236900,0.0,0.0
2023-02-13 00:00:00+09:00,982.7841786936325,1005.6174993990026,978.9786252427375,993.2494506835938,200600,0.0,0.0
2023-02-14 00:00:00+09:00,999.9091406574286,1002.7633056640625,984.6869272887141,1002.7633056640625,101100,0.0,0.0
2023-02-15 00:00:00+09:00,1005.617459913835,1006.5688482392028,990.3952467079491,996.1035766601562,48100,0.0,0.0
2023-02-16 00:00:00+09:00,1001.8118948209083,1017.9854961617967,999.9091181925685,1010.3743896484375,116100,0.0,0.0
2023-02-17 00:00:00+09:00,1002.7633323454722,1016.0827693974994,1000.8605556237541,1014.1799926757812,58400,0.0,0.0
2023-02-20 00:00:00+09:00,1017.9855126449743,1023.6938426224227,1014.1799593266753,1015.13134765625,48100,0.0,0.0
2023-02-21 00:00:00+09:00,1014.1799095937055,1019.888239291231,998.9576970669707,1000.8604736328125,51500,0.0,0.0
2023-02-22 00:00:00+09:00,987.5410944147511,989.4438710899241,956.1452792743978,971.3674926757812,101000,0.0,0.0
2023-02-24 00:00:00+09:00,972.3188307379392,988.492431640625,962.8049478540063,988.492431640625,89200,0.0,0.0
2023-02-27 00:00:00+09:00,988.4925237691627,1008.4716796875,984.6869702609081,1008.4716796875,89100,0.0,0.0
2023-02-28 00:00:00+09:00,1012.277242288961,1034.1591751579892,1011.3258539033511,1025.5966796875,139300,0.0,0.0
2023-03-01 00:00:00+09:00,1029.4021275079072,1029.4021275079072,1016.0826914773058,1019.8882446289062,94500,0.0,0.0
2023-03-02 00:00:00+09:00,1019.8882718807657,1035.1104848939115,1017.9854952541225,1031.304931640625,77200,0.0,0.0
2023-03-03 00:00:00+09:00,1035.1105032256155,1035.1105032256155,998.0063583489621,1004.6660766601562,126800,0.0,0.0
2023-03-06 00:00:00+09:00,998.9577312858737,998.9577312858737,975.1730233981149,978.9785766601562,151500,0.0,0.0
2023-03-07 00:00:00+09:00,984.6869384765625,1003.7147054036459,983.7355501302084,998.957763671875,141400,0.0,0.0
2023-03-08 00:00:00+09:00,997.054920859145,998.0063091424076,969.4646606445312,969.4646606445312,102800,0.0,0.0
2023-03-09 00:00:00+09:00,974.2216350826045,978.9785766601562,961.8535869809699,978.9785766601562,105700,0.0,0.0
2023-03-10 00:00:00+09:00,975.1730784759374,987.54112727612,970.4161366297133,980.8814086914062,129400,0.0,0.0
2023-03-13 00:00:00+09:00,960.9021927436346,993.249395271638,960.9021927436346,991.3466186523438,101100,0.0,0.0
2023-03-14 00:00:00+09:00,973.2701969774271,974.2215852442672,941.8743841717037,954.242431640625,117400,0.0,0.0
2023-03-15 00:00:00+09:00,972.3188372071295,975.1730020912992,942.8258000707098,944.7285766601562,77100,0.0,0.0
2023-03-16 00:00:00+09:00,925.7008217714192,943.7771995860718,919.9924919352131,940.9230346679688,79100,0.0,0.0
2023-03-17 00:00:00+09:00,946.6314117253174,976.1244506835938,946.6314117253174,976.1244506835938,58600,0.0,0.0
2023-03-20 00:00:00+09:00,973.2702586157083,981.8327535595414,960.9022103635048,964.707763671875,139900,0.0,0.0
2023-03-22 00:00:00+09:00,985.6382835661453,993.2493900029496,979.9299537385422,982.7841186523438,68500,0.0,0.0
2023-03-23 00:00:00+09:00,978.0272282943349,978.0272282943349,958.9994612068965,965.6591796875,51100,0.0,0.0
2023-03-24 00:00:00+09:00,971.3675080375708,990.3952750902167,971.3675080375708,986.5897216796875,72300,0.0,0.0
2023-03-27 00:00:00+09:00,990.3952299373442,1005.6174428854686,990.3952299373442,1001.8118896484375,69100,0.0,0.0
2023-03-28 00:00:00+09:00,1004.6660664288295,1004.6660664288295,980.8813584167833,987.5410766601562,33000,0.0,0.0
2023-03-29 00:00:00+09:00,999.909184293927,1009.4230680645637,997.0550191627359,1008.4716796875,144800,0.0,0.0
2023-03-30 00:00:00+09:00,1008.471675041627,1008.471675041627,989.4439075880115,999.9091796875,56600,0.0,0.0
2023-03-31 00:00:00+09:00,1008.471619176001,1009.4230074959784,993.2494060563632,998.00634765625,55900,0.0,0.0
2023-04-03 00:00:00+09:00,1013.2285846599098,1016.0827496871208,976.1244393061666,979.9299926757812,162300,0.0,0.0
2023-04-04 00:00:00+09:00,979.9300213982077,985.6383516199448,965.6591958438648,970.4161376953125,80700,0.0,0.0
2023-04-05 00:00:00+09:00,962.8050213050461,964.7077980269929,940.9230890026588,953.2911376953125,145200,0.0,0.0
2023-04-06 00:00:00+09:00,950.4369337395057,957.0966519939366,948.5341570953825,956.145263671875,48300,0.0,0.0
2023-04-07 00:00:00+09:00,953.2910935735129,958.9994234751506,947.582763671875,947.582763671875,45800,0.0,0.0
2023-04-10 00:00:00+09:00,956.1452961437808,965.6591796875,948.5341893088054,965.6591796875,49600,0.0,0.0
2023-04-11 00:00:00+09:00,970.4160603679034,972.31883695686,952.339682772815,955.19384765625,35900,0.0,0.0
2023-04-12 00:00:00+09:00,955.1938753498134,959.9508169601213,949.4855454174441,956.145263671875,42300,0.0,0.0
2023-04-13 00:00:00+09:00,951.3883220615672,956.145263671875,945.6799921291978,956.145263671875,70200,0.0,0.0
2023-04-14 00:00:00+09:00,966.6105346679688,966.6105346679688,959.9508164173036,966.6105346679688,40800,0.0,0.0
2023-04-17 00:00:00+09:00,970.4160490490141,970.4160490490141,953.2910599481492,958.9993896484375,36300,0.0,0.0
2023-04-18 00:00:00+09:00,965.6591468924908,965.6591468924908,953.2910987056904,956.145263671875,31800,0.0,0.0
2023-04-19 00:00:00+09:00,956.1452305472676,958.048007125471,939.9716296325377,946.63134765625,84400,0.0,0.0
2023-04-20 00:00:00+09:00,935.2147160409066,944.72859921528,935.2147160409066,937.1174926757812,41200,0.0,0.0
2023-04-21 00:00:00+09:00,938.0688697498657,948.5341411162435,936.166093137797,940.9230346679688,44600,0.0,0.0
2023-04-24 00:00:00+09:00,945.6799983362998,949.4855516495244,938.0688917098507,943.7772216796875,46500,0.0,0.0
2023-04-25 00:00:00+09:00,954.2424482315305,963.7563310653444,948.5341185312423,958.9993896484375,90500,0.0,0.0
2023-04-26 00:00:00+09:00,946.631431695538,946.631431695538,935.2147712127778,939.0203247070312,79200,0.0,0.0
2023-04-27 00:00:00+09:00,935.2147598035641,946.631420147046,932.3605947176936,942.8258666992188,53500,0.0,0.0
2023-04-28 00:00:00+09:00,950.4369387654864,964.707763671875,945.6799971300235,964.707763671875,86200,0.0,0.0
2023-05-01 00:00:00+09:00,966.610501541532,968.5132781193697,949.4855123409931,957.0966186523438,63400,0.0,0.0
2023-05-02 00:00:00+09:00,957.0966514527329,969.4646996325396,950.4369332020677,966.6105346679688,58900,0.0,0.0
2023-05-08 00:00:00+09:00,966.6105285585217,978.9785766601562,958.9994220344388,978.9785766601562,81900,0.0,0.0
2023-05-09 00:00:00+09:00,983.7354680948736,991.3465742310041,979.9299150268083,985.6382446289062,55400,0.0,0.0
2023-05-10 00:00:00+09:00,985.6383022254621,998.006350419411,936.1661094496667,945.6799926757812,214200,0.0,0.0
2023-05-11 00:00:00+09:00,945.68000826694,966.6105517094678,942.8258432520498,960.9022216796875,115000,0.0,0.0
2023-05-12 00:00:00+09:00,961.8536376953125,970.4161329863688,949.4855889415647,961.8536376953125,78000,0.0,0.0
2023-05-15 00:00:00+09:00,960.9021716272586,969.4646662259173,954.2424536060795,967.5618896484375,54900,0.0,0.0
2023-05-16 00:00:00+09:00,970.4161000132681,970.4161000132681,944.7286150129169,952.3397216796875,95800,0.0,0.0
2023-05-17 00:00:00+09:00,950.4369177283122,953.2910826464152,939.0202580559001,940.9230346679688,85100,0.0,0.0
2023-05-18 00:00:00+09:00,939.9716413909314,941.8744179929373,916.1869338658572,921.895263671875,145300,0.0,0.0
2023-05-19 00:00:00+09:00,921.895291993715,926.6522336448693,912.3814086914062,912.3814086914062,125100,0.0,0.0
2023-05-22 00:00:00+09:00,907.624467680726,912.3814093352371,896.2078077098992,901.9161376953125,151800,0.0,0.0
2023-05-23 00:00:00+09:00,911.4300274690843,911.4300274690843,889.548095703125,889.548095703125,152300,0.0,0.0
2023-05-24 00:00:00+09:00,884.7911768052185,887.6453418916869,876.2286815458131,881.93701171875,143100,0.0,0.0
2023-05-25 00:00:00+09:00,884.7911547375965,885.7425430760239,867.666164645901,879.0828247070312,254000,0.0,0.0
2023-05-26 00:00:00+09:00,871.471663140191,871.471663140191,856.2494506835938,856.2494506835938,246300,0.0,0.0
2023-05-29 00:00:00+09:00,865.7633901953564,866.7147785362304,847.68701171875,847.68701171875,228400,0.0,0.0
2023-05-30 00:00:00+09:00,842.9300375752065,845.7842024879894,823.9022714899874,827.7078247070312,272000,0.0,0.0
2023-05-31 00:00:00+09:00,815.3397878598396,828.6592243009572,795.3606331981633,823.9022827148438,492900,0.0,0.0
2023-06-01 00:00:00+09:00,822.9509286634816,830.5620355181727,811.5342683814448,812.4856567382812,257000,0.0,0.0
2023-06-02 00:00:00+09:00,816.2911595335794,831.5133722987744,816.2911595335794,829.610595703125,259800,0.0,0.0
2023-06-05 00:00:00+09:00,839.1245307297003,839.1245307297003,809.631491667772,812.4856567382812,439800,0.0,0.0
2023-06-06 00:00:00+09:00,807.7287044232401,809.6314811121052,792.5064909123192,805.825927734375,501900,0.0,0.0
2023-06-07 00:00:00+09:00,811.5342578009703,823.9023062785935,804.8745393899424,805.825927734375,403700,0.0,0.0
2023-06-08 00:00:00+09:00,810.5828023446948,810.5828023446948,785.8467074374622,786.798095703125,468600,0.0,0.0
2023-06-09 00:00:00+09:00,789.6523000569362,792.506464996901,772.5273104171472,773.4786987304688,525400,0.0,0.0
2023-06-12 00:00:00+09:00,786.7981681591975,789.6523332190253,776.3328962731622,782.9926147460938,320500,0.0,0.0
2023-06-13 00:00:00+09:00,783.9439753697156,786.798140328586,778.235645451975,782.0411987304688,321400,0.0,0.0
2023-06-14 00:00:00+09:00,789.6522996032122,790.6036879159872,781.0898047882376,783.9439697265625,288100,0.0,0.0
2023-06-15 00:00:00+09:00,779.1869784471465,783.9439197075076,768.7217076743522,780.1383666992188,466900,0.0,0.0
2023-06-16 00:00:00+09:00,786.7981711036986,815.3398218087905,785.8467827468622,812.4856567382812,686700,0.0,0.0
2023-06-19 00:00:00+09:00,818.1939640620468,825.8050707044845,809.6314690893045,820.0967407226562,333300,0.0,0.0
2023-06-20 00:00:00+09:00,817.2425813896712,818.1939697265625,801.0689796625181,818.1939697265625,240000,0.0,0.0
2023-06-21 00:00:00+09:00,816.2911880439373,821.9995180302585,805.8259164023483,809.6314697265625,199600,0.0,0.0
2023-06-22 00:00:00+09:00,816.2911600988051,821.0481015912223,804.8745005170036,808.6800537109375,199100,0.0,0.0
2023-06-23 00:00:00+09:00,808.6801090150931,812.4856624692818,804.8745555609045,810.5828857421875,231700,0.0,0.0
2023-06-26 00:00:00+09:00,814.3884000365497,821.9995065789474,802.0203519051535,813.43701171875,280100,0.0,0.0
2023-06-27 00:00:00+09:00,812.485651034061,815.3398160845319,796.3120490813924,814.388427734375,220000,0.0,0.0
2023-06-28 00:00:00+09:00,820.0967513283048,826.7564697265625,816.2911979578719,826.7564697265625,214000,0.0,0.0
2023-06-29 00:00:00+09:00,827.7078025316284,834.3675204830323,819.1453080226805,824.8536376953125,288400,0.0,0.0
2023-06-30 00:00:00+09:00,829.6106233891753,837.2217300257732,825.8050700708764,830.56201171875,225200,0.0,0.0
2023-07-03 00:00:00+09:00,833.4162365667421,843.8815089437218,833.4162365667421,841.02734375,126200,0.0,0.0
2023-07-04 00:00:00+09:00,839.12451171875,844.8328417304422,833.4161817070578,839.12451171875,214000,0.0,0.0
2023-07-05 00:00:00+09:00,832.464766228336,832.464766228336,816.2911650558998,827.7078247070312,255800,0.0,0.0
2023-07-06 00:00:00+09:00,819.1453637609949,824.853693822047,813.4370336999426,816.2911987304688,205400,0.0,0.0
2023-07-07 00:00:00+09:00,806.7772771139705,815.3397718003216,801.0689473230698,808.6800537109375,162300,0.0,0.0
2023-07-10 00:00:00+09:00,805.8259000304743,809.6314532773714,790.6036870428856,804.87451171875,287200,0.0,0.0
2023-07-11 00:00:00+09:00,804.8745061046673,809.6314476301085,802.0203411894024,806.7772827148438,196800,0.0,0.0
2023-07-12 00:00:00+09:00,809.6314795596141,837.2217414952531,806.7773145317894,826.7564697265625,278200,0.0,0.0
2023-07-13 00:00:00+09:00,835.318880922846,837.2216574169755,824.8536102051338,834.3674926757812,172600,0.0,0.0
2023-07-14 00:00:00+09:00,841.978688164018,845.7842415568497,830.5620279855228,835.3189697265625,178300,0.0,0.0
2023-07-18 00:00:00+09:00,840.0759172134748,841.978693922905,829.6106453116081,833.4161987304688,140400,0.0,0.0
2023-07-19 00:00:00+09:00,839.124489637772,845.7842078095002,832.4647714660435,836.2703247070312,151800,0.0,0.0
2023-07-20 00:00:00+09:00,836.2703247070312,845.7842078095002,832.4647714660435,836.2703247070312,113100,0.0,0.0
2023-07-21 00:00:00+09:00,832.4647714660435,838.173101327525,827.707829914809,836.2703247070312,114700,0.0,0.0
2023-07-24 00:00:00+09:00,841.9786767245961,844.8328417304422,836.2703467129039,839.12451171875,122800,0.0,0.0
2023-07-25 00:00:00+09:00,843.8814311890064,843.8814311890064,834.3675480865375,836.2703247070312,149200,0.0,0.0
2023-07-26 00:00:00+09:00,837.2217018066959,841.978643294234,835.3189252116807,840.0758666992188,76900,0.0,0.0
2023-07-27 00:00:00+09:00,835.3189802094369,843.8814754507636,834.3675918492894,841.9786987304688,99800,0.0,0.0
2023-07-28 00:00:00+09:00,832.4647933717758,841.0272883893141,825.8050750248016,839.12451171875,184100,0.0,0.0
2023-07-31 00:00:00+09:00,842.9300650598781,850.5411717421343,838.173123383468,839.12451171875,124900,0.0,0.0
2023-08-01 00:00:00+09:00,834.3675700423398,841.0272883893141,834.3675700423398,839.12451171875,125400,0.0,0.0
2023-08-02 00:00:00+09:00,836.2703198043237,836.2703198043237,817.2425537109375,817.2425537109375,151600,0.0,0.0
2023-08-03 00:00:00+09:00,809.6314746945403,819.1453580634538,808.680086357649,818.1939697265625,188800,0.0,0.0
2023-08-04 00:00:00+09:00,815.3398322660333,821.0481624802646,811.5342787898792,819.1453857421875,125100,0.0,0.0
2023-08-07 00:00:00+09:00,812.485613676668,833.4161564177531,769.6731398880847,775.3814697265625,851900,0.0,0.0
2023-08-08 00:00:00+09:00,771.5759497040319,777.2842797881556,751.5967944095996,774.4301147460938,591600,0.0,0.0
2023-08-09 00:00:00+09:00,770.6245394141107,772.5273160546393,750.6453846885597,771.575927734375,335700,0.0,0.0
2023-08-10 00:00:00+09:00,765.8676261758983,768.7217912423923,748.7426357769341,762.0620727539062,261800,0.0,0.0
2023-08-14 00:00:00+09:00,762.0620341932337,772.5273055741645,753.4995394270176,754.450927734375,173700,0.0,0.0
2023-08-15 00:00:00+09:00,752.5482062573703,759.207924896816,747.791264372052,756.353759765625,100800,0.0,0.0
2023-08-16 00:00:00+09:00,751.5967746136428,752.5481629359385,738.2773381015022,740.1801147460938,171600,0.0,0.0
2023-08-17 00:00:00+09:00,737.3259393792403,737.3259393792403,722.1037264372172,723.0551147460938,277400,0.0,0.0
2023-08-18 00:00:00+09:00,717.3467961064091,721.1523494014033,710.6870778401692,719.2495727539062,165400,0.0,0.0
2023-08-21 00:00:00+09:00,721.1523483001787,740.1801147460938,721.1523483001787,740.1801147460938,148500,0.0,0.0
2023-08-22 00:00:00+09:00,746.839836884488,775.3814867017296,743.0342835755225,769.6731567382812,296600,0.0,0.0
2023-08-23 00:00:00+09:00,768.7217076743522,780.1383666992188,763.964766413991,780.1383666992188,142300,0.0,0.0
2023-08-24 00:00:00+09:00,776.3328580329754,778.2356346458014,765.8675866624329,775.3814697265625,109800,0.0,0.0
2023-08-25 00:00:00+09:00,771.5758724305688,780.1383666992188,763.964766413991,780.1383666992188,105500,0.0,0.0
2023-08-28 00:00:00+09:00,782.9926262227898,784.8954029572316,776.3329076522435,779.1870727539062,77300,0.0,0.0
2023-08-29 00:00:00+09:00,779.1870218672842,810.5828359351967,778.235633562196,806.7772827148438,175100,0.0,0.0
2023-08-30 00:00:00+09:00,813.4370060924053,825.8050541382548,807.7286762250902,815.3397827148438,249600,0.0,0.0
2023-08-31 00:00:00+09:00,819.1453080226805,830.5619673679444,819.1453080226805,824.8536376953125,146700,0.0,0.0
2023-09-01 00:00:00+09:00,825.8051043254574,826.7564926944958,819.1453857421875,819.1453857421875,102000,0.0,0.0
2023-09-04 00:00:00+09:00,822.9509057135704,823.902294043875,815.3397990711327,820.0967407226562,118800,0.0,0.0
2023-09-05 00:00:00+09:00,810.5828467653508,814.3884000365497,805.8259051763523,813.43701171875,136800,0.0,0.0
2023-09-06 00:00:00+09:00,807.7286987304688,814.3884170945598,805.8259220550142,807.7286987304688,82000,0.0,0.0
2023-09-07 00:00:00+09:00,800.1175645792259,809.6314476301085,798.2147879690494,806.7772827148438,125600,0.0,0.0
2023-09-08 00:00:00+09:00,796.3120224939139,808.680070633007,792.5064692203467,802.9717407226562,135100,0.0,0.0
2023-09-11 00:00:00+09:00,799.1661376953125,805.8258555094401,799.1661376953125,799.1661376953125,78700,0.0,0.0
2023-09-12 00:00:00+09:00,799.1661762741377,810.5828359351967,799.1661762741377,806.7772827148438,83700,0.0,0.0
2023-09-13 00:00:00+09:00,799.1661762741377,808.6800593250202,799.1661762741377,806.7772827148438,91900,0.0,0.0
2023-09-14 00:00:00+09:00,806.7773275318801,806.7773275318801,792.5065021628021,802.0203857421875,93300,0.0,0.0
2023-09-15 00:00:00+09:00,806.7772939962234,807.7286823146152,801.0689640858727,802.9717407226562,91300,0.0,0.0
2023-09-19 00:00:00+09:00,801.068997384249,802.0203857421875,796.3120555945562,802.0203857421875,87600,0.0,0.0
2023-09-20 00:00:00+09:00,802.0203800359421,808.6800984941291,802.0203800359421,803.9231567382812,129000,0.0,0.0
2023-09-21 00:00:00+09:00,797.2634449005127,807.7287168502808,791.5551147460938,791.5551147460938,115200,0.0,0.0
2023-09-22 00:00:00+09:00,779.1870444082667,794.4092577300399,779.1870444082667,788.700927734375,103900,0.0,0.0
2023-09-25 00:00:00+09:00,796.3120173471417,801.0689589083552,791.5550757859282,794.4092407226562,92900,0.0,0.0
2023-09-26 00:00:00+09:00,793.4578471703334,795.3606237822526,785.8467407226562,785.8467407226562,76600,0.0,0.0
2023-09-27 00:00:00+09:00,784.895396232605,791.5551147460938,781.0898427963257,791.5551147460938,119000,0.0,0.0
2023-09-28 00:00:00+09:00,782.9926262227898,787.7495680588942,772.52735418336,779.1870727539062,116600,0.0,0.0
2023-09-29 00:00:00+09:00,779.1870727539062,783.9440145900106,778.2356843866853,779.1870727539062,81800,0.0,0.0
2023-10-02 00:00:00+09:00,782.9926224614263,786.7981759120287,760.1593017578125,760.1593017578125,132300,0.0,0.0
2023-10-03 00:00:00+09:00,754.4509453527706,754.4509453527706,737.3259554204253,738.27734375,106600,0.0,0.0
2023-10-04 00:00:00+09:00,728.7634333266013,735.4231513857218,723.0551035616411,726.8606567382812,131900,0.0,0.0
2023-10-05 00:00:00+09:00,727.8120770302547,747.7912320859873,727.8120770302547,746.83984375,103400,0.0,0.0
2023-10-06 00:00:00+09:00,756.3537551064528,756.3537551064528,743.0343179096096,747.791259765625,78500,0.0,0.0
2023-10-10 00:00:00+09:00,751.5967803640464,752.5481686936212,738.27734375,738.27734375,147000,0.0,0.0
2023-10-11 00:00:00+09:00,742.0829248612451,746.8398666872788,731.6176528439712,739.228759765625,77000,0.0,0.0
2023-10-12 00:00:00+09:00,738.27734375,743.0342853978738,731.6176254429769,738.27734375,97800,0.0,0.0
2023-10-13 00:00:00+09:00,738.2773841197097,738.2773841197097,724.0065583957462,724.9579467773438,110700,0.0,0.0
2023-10-16 00:00:00+09:00,723.0551035616411,730.6662099149214,718.2981620908407,726.8606567382812,116000,0.0,0.0
2023-10-17 00:00:00+09:00,730.6661987304688,743.0342463652293,724.957869052887,730.6661987304688,78000,0.0,0.0
2023-10-18 00:00:00+09:00,730.6662208171206,736.3745506672544,723.0551143502756,733.5203857421875,80700,0.0,0.0
2023-10-19 00:00:00+09:00,724.9579353033719,733.5204306022306,724.0065469368319,728.7634887695312,79300,0.0,0.0
2023-10-20 00:00:00+09:00,720.2010119123676,720.2010119123676,705.9301860488464,712.5899047851562,134900,0.0,0.0
2023-10-23 00:00:00+09:00,706.8814918988512,716.3953746969514,706.8814918988512,709.7356567382812,113700,0.0,0.0
2023-10-24 00:00:00+09:00,704.0273052185221,718.2981289729515,685.9509284629113,717.3467407226562,148600,0.0,0.0
2023-10-25 00:00:00+09:00,721.1523160960016,721.1523160960016,708.7842684584713,709.7356567382812,93900,0.0,0.0
2023-10-26 00:00:00+09:00,704.0274060410236,711.638513133359,692.6107454025206,693.5621337890625,141900,0.0,0.0
2023-10-27 00:00:00+09:00,693.5620396417162,705.9300869878648,691.6592631269241,704.9786987304688,83800,0.0,0.0
2023-10-30 00:00:00+09:00,694.5134554548564,699.2703969305745,690.7079022742819,695.46484375,88300,0.0,0.0
2023-10-31 00:00:00+09:00,692.6107385023586,709.7357292895048,689.7565733711675,705.93017578125,131300,0.0,0.0
2023-11-01 00:00:00+09:00,718.298167953796,718.298167953796,706.8815083306893,714.4926147460938,103700,0.0,0.0
2023-11-02 00:00:00+09:00,714.4925925514915,722.1036987304688,710.6870394620029,722.1036987304688,163200,0.0,0.0
2023-11-06 00:00:00+09:00,740.1801147460938,744.9370563575725,728.7634548785447,740.1801147460938,180700,0.0,0.0
2023-11-07 00:00:00+09:00,749.6939586292614,755.4022882634943,727.8120283647016,753.49951171875,358000,0.0,0.0
2023-11-08 00:00:00+09:00,767.7703679798607,794.4092407226562,761.1106497941618,794.4092407226562,332700,0.0,0.0
2023-11-09 00:00:00+09:00,788.7009035803277,856.2494731270144,785.8467386699043,848.6383666992188,653400,0.0,0.0
2023-11-10 00:00:00+09:00,849.5897046288172,867.6660813230474,834.3674926757812,834.3674926757812,287200,0.0,0.0
2023-11-13 00:00:00+09:00,856.2494506835938,867.6661100260417,846.7355678982206,856.2494506835938,325500,0.0,0.0
2023-11-14 00:00:00+09:00,868.6175378567665,886.6939159720771,850.5411597414559,853.3953247070312,275400,0.0,0.0
2023-11-15 00:00:00+09:00,865.7633602951016,898.1105627676659,865.7633602951016,888.5966796875,243300,0.0,0.0
2023-11-16 00:00:00+09:00,888.5966631311389,888.5966631311389,875.2772270670748,883.8397216796875,161100,0.0,0.0
2023-11-17 00:00:00+09:00,879.082817753659,902.8675260262147,878.1314294227568,901.9161376953125,251800,0.0,0.0
2023-11-20 00:00:00+09:00,902.8675317098928,907.6244733943496,896.2078133516533,900.0133666992188,171000,0.0,0.0
2023-11-21 00:00:00+09:00,903.8188859528186,930.4577583809017,903.8188859528186,921.895263671875,161300,0.0,0.0
2023-11-22 00:00:00+09:00,934.263333356514,955.193876466334,930.4577800638193,935.2147216796875,250600,0.0,0.0
2023-11-24 00:00:00+09:00,949.4854903064245,959.9507612416656,945.6799372390641,954.242431640625,201800,0.0,0.0
2023-11-27 00:00:00+09:00,960.902211589198,978.0272014987085,934.2633383966262,943.7772216796875,201500,0.0,0.0
2023-11-28 00:00:00+09:00,954.2425354003906,983.7355748793658,948.5342051786535,970.4161376953125,170000,0.0,0.0
2023-11-29 00:00:00+09:00,974.2215964147287,989.4438088587087,964.7077136372411,981.8327026367188,152800,0.0,0.0
2023-11-30 00:00:00+09:00,984.686873176732,997.054920859145,963.7563309449561,969.4646606445312,256300,0.0,0.0
2023-12-01 00:00:00+09:00,962.8049926757812,970.4160993372499,954.2424976816291,962.8049926757812,142600,0.0,0.0
2023-12-04 00:00:00+09:00,956.1452961437808,969.4647331049877,946.6314126000616,965.6591796875,138300,0.0,0.0
2023-12-05 00:00:00+09:00,970.4161366297133,994.2008458608337,970.4161366297133,980.8814086914062,134600,0.0,0.0
2023-12-06 00:00:00+09:00,980.8813306502714,1000.8604848148259,980.8813306502714,997.054931640625,219600,0.0,0.0
2023-12-07 00:00:00+09:00,977.0758390370864,985.6383342185215,954.2425185532597,976.1244506835938,149900,0.0,0.0
2023-12-08 00:00:00+09:00,976.1243729702262,992.297973691955,974.2215964147287,981.8327026367188,175800,0.0,0.0
2023-12-11 00:00:00+09:00,985.6382129538622,1032.2562365395179,980.8812717716525,1028.45068359375,288000,0.0,0.0
2023-12-12 00:00:00+09:00,1028.4507390495153,1060.7979408327562,1028.4507390495153,1030.353515625,296600,0.0,0.0
2023-12-13 00:00:00+09:00,1027.499372400581,1053.1868567105957,1016.0827127072413,1043.6729736328125,180100,0.0,0.0
2023-12-14 00:00:00+09:00,1049.3813199633478,1056.992426545131,1033.2077184770587,1048.429931640625,115300,0.0,0.0
2023-12-15 00:00:00+09:00,1035.1104071100917,1037.01318359375,1012.2770893061926,1037.01318359375,190900,0.0,0.0
2023-12-18 00:00:00+09:00,1037.0132816859655,1072.2146499633789,1028.4507866995675,1065.554931640625,230300,0.0,0.0
2023-12-19 00:00:00+09:00,1055.0896394736653,1057.94380441363,991.3466224811174,1031.304931640625,379700,0.0,0.0
2023-12-20 00:00:00+09:00,1056.9924593040412,1071.263284587174,1049.3813524863701,1057.94384765625,170100,0.0,0.0
2023-12-21 00:00:00+09:00,1045.5757442989864,1066.5062869510134,1037.9646378800676,1056.041015625,116600,0.0,0.0
2023-12-22 00:00:00+09:00,1045.575772932629,1055.0896562168202,1034.1591129915994,1036.0618896484375,164500,0.0,0.0
2023-12-25 00:00:00+09:00,1039.8674822222463,1042.7216473152623,1010.3744429277451,1033.207763671875,167500,0.0,0.0
2023-12-26 00:00:00+09:00,1032.2562365395179,1048.429836559031,1022.7423541750983,1028.45068359375,133500,0.0,0.0
2023-12-27 00:00:00+09:00,1037.0132443517257,1051.2840688152817,1035.110467756585,1047.478515625,116500,0.0,0.0
2023-12-28 00:00:00+09:00,1039.7765544734589,1054.2178955078125,1034.0000180597174,1054.2178955078125,88000,13.0,0.0
2023-12-29 00:00:00+09:00,1059.9943293089507,1074.4356689453125,1057.1060613816783,1074.4356689453125,81000,0.0,0.0
2024-01-04 00:00:00+09:00,1061.9199468414167,1076.3612879136028,1040.7393132688771,1063.845458984375,143900,0.0,0.0
2024-01-05 00:00:00+09:00,1055.1806301030897,1059.0316543005463,1012.8193639310679,1024.3724365234375,220400,0.0,0.0
2024-01-09 00:00:00+09:00,1035.9255150376212,1050.3668558606362,1033.037246873018,1043.6275634765625,145500,0.0,0.0
2024-01-10 00:00:00+09:00,1044.5902976011619,1063.8454182942708,1042.6647855318508,1051.32958984375,145600,0.0,0.0
2024-01-11 00:00:00+09:00,1051.3296213381275,1054.2178895286168,982.0111847663828,992.6015014648438,270500,0.0,0.0
2024-01-12 00:00:00+09:00,984.8994390720275,991.638731421494,965.6443180735519,986.824951171875,323900,0.0,0.0
2024-01-15 00:00:00+09:00,982.0110832169388,984.8993511087533,970.4580116496807,980.0855712890625,26600,0.0,0.0
2024-01-16 00:00:00+09:00,987.7876644494398,1007.0427846141463,969.4953002929688,969.4953002929688,152200,0.0,0.0
2024-01-17 00:00:00+09:00,1001.266279220581,1007.0428154468536,982.0111584663391,985.8621826171875,246900,0.0,0.0
2024-01-18 00:00:00+09:00,982.0111351421768,988.7504272460938,965.6442828898072,988.7504272460938,158800,0.0,0.0
2024-01-19 00:00:00+09:00,982.9739299092316,1001.2662949124397,976.2346375396287,996.4525146484375,147800,0.0,0.0
2024-01-22 00:00:00+09:00,996.4525066772112,1012.81935944389,991.6387264517174,1009.9310913085938,145100,0.0,0.0
2024-01-23 00:00:00+09:00,1023.4096804740733,1043.6275575107202,1011.8566078817038,1024.3724365234375,234800,0.0,0.0
2024-01-24 00:00:00+09:00,1017.6330354359228,1032.074374633216,1012.8192557034918,1025.3350830078125,105000,0.0,0.0
2024-01-25 00:00:00+09:00,1024.3724365234375,1033.0372409677148,1013.782119980432,1024.3724365234375,174700,0.0,0.0
2024-01-26 00:00:00+09:00,1018.5959122346734,1018.5959122346734,982.9739379882812,982.9739379882812,140600,0.0,0.0
2024-01-29 00:00:00+09:00,988.7504125513736,1015.7075805664062,983.9366325486892,1015.7075805664062,108600,0.0,0.0
2024-01-30 00:00:00+09:00,1015.7075235429504,1033.037130579702,1013.7820116499779,1025.3350830078125,117300,0.0,0.0
2024-01-31 00:00:00+09:00,1011.8566078817038,1024.3724365234375,998.3780231906059,1024.3724365234375,82600,0.0,0.0
2024-02-01 00:00:00+09:00,1014.7447467672414,1036.8881330818965,1010.8937230603448,1033.037109375,147600,0.0,0.0
2024-02-02 00:00:00+09:00,1024.3723807489573,1048.44128067257,1024.3723807489573,1038.813720703125,114100,0.0,0.0
2024-02-05 00:00:00+09:00,1044.590227579333,1044.590227579333,1020.5213283263531,1027.2606201171875,195100,0.0,0.0
2024-02-06 00:00:00+09:00,1021.484131750833,1021.484131750833,983.9366471718673,988.7504272460938,105400,0.0,0.0
2024-02-07 00:00:00+09:00,988.7504612505718,1019.5586547851562,986.8249491546602,1019.5586547851562,161800,0.0,0.0
2024-02-08 00:00:00+09:00,1015.7076526935842,1021.4841891070075,1002.2290677289301,1011.8566284179688,79400,0.0,0.0
2024-02-09 00:00:00+09:00,1006.080078125,1016.6703947368421,1004.154566013756,1006.080078125,58400,0.0,0.0
2024-02-13 00:00:00+09:00,1015.7076311298446,1018.5958992752375,978.1601452397365,982.0111694335938,132500,0.0,0.0
2024-02-14 00:00:00+09:00,969.495291591419,975.2718275889846,920.3947356121117,945.4263916015625,471400,0.0,0.0
2024-02-15 00:00:00+09:00,940.6126249130458,946.389160992348,885.7355321596747,913.6554565429688,320800,0.0,0.0
2024-02-16 00:00:00+09:00,924.2457702262269,945.426402460578,913.6554541090514,941.5753784179688,198000,0.0,0.0
2024-02-19 00:00:00+09:00,930.0223186676056,946.389171066518,925.2085385502785,942.5381469726562,91800,0.0,0.0
2024-02-20 00:00:00+09:00,937.7243219479358,949.2773936762471,917.5064464233909,920.3947143554688,167300,0.0,0.0
2024-02-21 00:00:00+09:00,914.6182218511054,918.4692459431101,899.2141254830868,904.9906616210938,115500,0.0,0.0
2024-02-22 00:00:00+09:00,903.0651313925089,928.0967874865443,894.4003273599582,922.3202514648438,193600,0.0,0.0
2024-02-26 00:00:00+09:00,922.3202497356211,922.3202497356211,897.2885936885166,917.5064697265625,127300,0.0,0.0
2024-02-27 00:00:00+09:00,917.5064662314421,927.1340262128844,904.0278822574231,907.87890625,110300,0.0,0.0
2024-02-28 00:00:00+09:00,895.3630816848931,917.5064697265625,891.5120576776463,917.5064697265625,115200,0.0,0.0
2024-02-29 00:00:00+09:00,916.5437137247509,925.2085177410562,905.953397704822,917.5064697265625,74500,0.0,0.0
2024-03-01 00:00:00+09:00,935.7988489185402,970.4580655451527,935.7988489185402,960.8305053710938,171800,0.0,0.0
2024-03-04 00:00:00+09:00,957.9421927505962,980.0855801207105,947.3518770518459,971.4207763671875,175100,0.0,0.0
2024-03-05 00:00:00+09:00,971.4207925235524,982.0111083984375,944.4636248420267,949.2774047851562,186700,0.0,0.0
2024-03-06 00:00:00+09:00,902.1024169921875,902.1024169921875,902.1024169921875,902.1024169921875,20100,0.0,0.0
2024-03-07 00:00:00+09:00,900.1769069870181,900.1769069870181,868.4059573286528,869.3687133789062,227800,0.0,0.0
2024-03-08 00:00:00+09:00,866.4804496017157,893.4376191448802,865.5176935466027,883.81005859375,170500,0.0,0.0
2024-03-11 00:00:00+09:00,874.1824641047297,890.54931640625,872.2569520692567,890.54931640625,80200,0.0,0.0
2024-03-12 00:00:00+09:00,878.0334774875538,896.3258416018778,878.0334774875538,894.4003295898438,66800,0.0,0.0
2024-03-13 00:00:00+09:00,893.4376176581325,893.4376176581325,876.108008694936,878.9962768554688,76900,0.0,0.0
2024-03-14 00:00:00+09:00,878.0335208019578,887.661081337067,872.2569844808922,878.9962768554688,80300,0.0,0.0
2024-03-15 00:00:00+09:00,874.1824951171875,885.7355677398816,872.2569830134051,874.1824951171875,178400,0.0,0.0
2024-03-18 00:00:00+09:00,890.5493038557308,895.3630838765727,882.847255822384,889.5865478515625,110900,0.0,0.0
2024-03-19 00:00:00+09:00,891.5120490501666,898.2513409976301,877.070709162745,893.4375610351562,126200,0.0,0.0
2024-03-21 00:00:00+09:00,895.3631395998254,896.3258956639113,870.3314819335938,870.3314819335938,205200,0.0,0.0
2024-03-22 00:00:00+09:00,871.2941786427177,875.1452026367188,862.6293746562156,875.1452026367188,206900,0.0,0.0
2024-03-25 00:00:00+09:00,877.0706796797494,883.8099714006696,849.1507568359375,849.1507568359375,227500,0.0,0.0
2024-03-26 00:00:00+09:00,850.1135483622811,884.7727643770514,849.1507923618709,879.958984375,246500,0.0,0.0
2024-03-27 00:00:00+09:00,881.8845309054576,888.6238231722024,872.2569705243936,873.2197265625,181600,0.0,0.0
2024-03-28 00:00:00+09:00,873.2197048166411,895.3630931416496,873.2197048166411,880.9217529296875,101400,0.0,0.0
2024-03-29 00:00:00+09:00,884.7728066505792,903.0651715323648,884.7728066505792,897.2886352539062,82900,0.0,0.0
2024-04-01 00:00:00+09:00,892.4748630897672,895.3631312551062,881.884546483524,883.81005859375,113100,0.0,0.0
2024-04-02 00:00:00+09:00,880.921790428411,891.5121070346542,878.0335222630719,883.81005859375,124400,0.0,0.0
2024-04-03 00:00:00+09:00,875.1452117919921,884.7727718777127,866.4804077148438,866.4804077148438,118600,0.0,0.0
2024-04-04 00:00:00+09:00,872.2569830134051,882.847299584208,859.7411543388198,874.1824951171875,134000,0.0,0.0
2024-04-05 00:00:00+09:00,866.4804127177255,880.9217529296875,862.6293886612023,880.9217529296875,125700,0.0,0.0
2024-04-08 00:00:00+09:00,878.033492516995,884.772784674472,862.6293961570477,867.4431762695312,238600,0.0,0.0
2024-04-09 00:00:00+09:00,878.0334989566368,887.6610592522139,865.5176705723865,886.6983032226562,94400,0.0,0.0
2024-04-10 00:00:00+09:00,887.6610608358363,905.9534254300672,886.698304804561,891.5120849609375,116300,0.0,0.0
2024-04-11 00:00:00+09:00,879.9590264185304,904.0279275787747,879.9590264185304,897.2886352539062,76500,0.0,0.0
2024-04-12 00:00:00+09:00,904.9906851362393,918.4692698084812,896.3258807040838,902.1024169921875,171800,0.0,0.0
2024-04-15 00:00:00+09:00,895.3631216499798,896.3258776947647,886.6983172469155,892.474853515625,66900,0.0,0.0
2024-04-16 00:00:00+09:00,892.4748488978336,892.4748488978336,873.2197281017638,878.0335083007812,81600,0.0,0.0
2024-04-17 00:00:00+09:00,878.033492516995,880.9217605844851,867.4431762695312,867.4431762695312,73600,0.0,0.0
2024-04-18 00:00:00+09:00,878.9962384498725,911.7299428390244,877.0707264269812,908.8416748046875,101700,0.0,0.0
2024-04-19 00:00:00+09:00,894.4003248041325,897.2885928067293,841.4487447565251,847.2252807617188,268000,0.0,0.0
2024-04-22 00:00:00+09:00,851.0763484240898,876.1080057306807,851.0763484240898,869.3687133789062,185800,0.0,0.0
2024-04-23 00:00:00+09:00,870.3314426967077,874.1824667794364,856.8528584071569,862.62939453125,63800,0.0,0.0
2024-04-24 00:00:00+09:00,865.5176891778923,876.1080057306807,863.5921770773853,869.3687133789062,57100,0.0,0.0
2024-04-25 00:00:00+09:00,883.8100668307954,883.8100668307954,869.3687258695079,870.3314819335938,85500,0.0,0.0
2024-04-26 00:00:00+09:00,869.3687024100744,875.1452386387128,858.7783859909041,873.2197265625,139700,0.0,0.0
2024-04-30 00:00:00+09:00,867.443167080722,876.1079711914062,863.592143031529,876.1079711914062,80000,0.0,0.0
2024-05-01 00:00:00+09:00,865.5176533904523,873.2197014740159,858.7783613173343,871.294189453125,74600,0.0,0.0
2024-05-02 00:00:00+09:00,878.9962738814412,879.9590299316947,863.5921770773853,869.3687133789062,66000,0.0,0.0
2024-05-07 00:00:00+09:00,877.0707180948849,888.6237901224795,873.2196940856868,884.7727661132812,193100,0.0,0.0
2024-05-08 00:00:00+09:00,895.3630411256465,977.1972975726142,872.2568981288556,965.6442260742188,883800,0.0,0.0
2024-05-09 00:00:00+09:00,984.8993818681319,1039.7764735264734,955.053946053946,963.71875,538500,0.0,0.0
2024-05-10 00:00:00+09:00,959.8677451773865,967.5697932831229,900.1768723579302,913.6554565429688,509700,0.0,0.0
2024-05-13 00:00:00+09:00,913.6554531629602,936.7615973946894,900.1768690277847,904.0278930664062,219900,0.0,0.0
2024-05-14 00:00:00+09:00,907.8788798224066,943.500850716817,907.8788798224066,933.873291015625,148100,0.0,0.0
2024-05-15 00:00:00+09:00,919.4320227696029,921.3575348591727,892.474853515625,892.474853515625,288100,0.0,0.0
2024-05-16 00:00:00+09:00,903.0651557251374,916.5437401389454,883.8100351339831,886.6983032226562,176300,0.0,0.0
2024-05-17 00:00:00+09:00,881.8845479351469,899.2141569557066,879.9590358217514,888.6238403320312,154600,0.0,0.0
2024-05-20 00:00:00+09:00,878.9962612245141,883.8100414064666,862.6294086058758,868.4059448242188,278700,0.0,0.0
2024-05-21 00:00:00+09:00,868.4059197319879,896.3258439805772,866.4804077148438,866.4804077148438,193100,0.0,0.0
2024-05-22 00:00:00+09:00,868.4059573286528,877.0707617809343,864.5549331276388,869.3687133789062,110700,0.0,0.0
2024-05-23 00:00:00+09:00,878.0334691540949,878.0334691540949,834.7094492945179,837.5977172851562,213700,0.0,0.0
2024-05-24 00:00:00+09:00,823.1563382248314,834.7094096385132,811.6032668111495,829.8956298828125,174700,0.0,0.0
2024-05-27 00:00:00+09:00,829.8956783706718,832.7839463928435,813.5288262450321,828.9329223632812,216400,0.0,0.0
2024-05-28 00:00:00+09:00,828.9328990512424,841.4487267953378,823.1563631693522,831.8211669921875,125700,0.0,0.0
2024-05-29 00:00:00+09:00,818.3426069377267,823.1563869785368,796.19921875,796.19921875,260400,0.0,0.0
2024-05-30 00:00:00+09:00,794.273699421378,809.6777954101562,782.7206274297943,809.6777954101562,173600,0.0,0.0
2024-05-31 00:00:00+09:00,810.6405656222329,824.1191498487308,798.1247374119134,815.454345703125,1295500,0.0,0.0
2024-06-03 00:00:00+09:00,813.5288067772275,817.3798307146344,801.9757349650065,808.7150268554688,166200,0.0,0.0
2024-06-04 00:00:00+09:00,808.7150358895533,808.7150358895533,790.4226719825276,800.0502319335938,202300,0.0,0.0
2024-06-05 00:00:00+09:00,799.087484484521,827.9701646466121,796.199216468312,824.119140625,211400,0.0,0.0
2024-06-06 00:00:00+09:00,838.5604480796145,854.9272995346702,827.0073764642812,835.6721801757812,117400,0.0,0.0
2024-06-07 00:00:00+09:00,835.6721655896533,848.1879929544754,827.007362029392,829.8956298828125,83400,0.0,0.0
2024-06-10 00:00:00+09:00,840.4859493150623,844.3369731378117,823.1563421126899,839.523193359375,94800,0.0,0.0
2024-06-11 00:00:00+09:00,834.7094174339658,857.8155604771205,834.7094174339658,849.1507568359375,109700,0.0,0.0
2024-06-12 00:00:00+09:00,856.8528578412157,859.7411259013546,825.0819091796875,825.0819091796875,125400,0.0,0.0
2024-06-13 00:00:00+09:00,827.9701646466121,842.4115047276578,821.230872608791,824.119140625,68400,0.0,0.0
2024-06-14 00:00:00+09:00,827.0074549397146,858.7784048966536,827.0074549397146,855.89013671875,176400,0.0,0.0
2024-06-17 00:00:00+09:00,855.8901381524618,863.592186639773,845.2998214824088,860.7039184570312,117700,0.0,0.0
2024-06-18 00:00:00+09:00,864.5549237435324,893.437604937637,863.5921677037289,878.0335083007812,239800,0.0,0.0
2024-06-19 00:00:00+09:00,873.2197156418299,895.3631042413471,867.443179485434,877.0707397460938,148400,0.0,0.0
2024-06-20 00:00:00+09:00,874.1824574844613,880.9217495575795,857.8156053068889,871.294189453125,110500,0.0,0.0
2024-06-21 00:00:00+09:00,864.5549286163605,877.0707572043478,850.1135879379135,854.9273681640625,199300,0.0,0.0
2024-06-24 00:00:00+09:00,859.7411483902115,865.5176846615902,853.9646121188326,854.9273681640625,133300,0.0,0.0
2024-06-25 00:00:00+09:00,853.001821916463,868.4059180233065,847.2252858763966,861.6666259765625,111600,0.0,0.0
2024-06-26 00:00:00+09:00,859.7411404967044,868.4059448242188,853.9646042783614,868.4059448242188,148900,0.0,0.0
2024-06-27 00:00:00+09:00,859.7411248306634,868.4059290002893,854.9273447364268,857.8156127929688,119500,0.0,0.0
2024-06-28 00:00:00+09:00,863.5921740900362,868.4059543246518,854.9273696677282,859.7411499023438,74100,0.0,0.0
2024-07-01 00:00:00+09:00,859.7410813164465,862.6293492268042,840.4859619140625,840.4859619140625,80800,0.0,0.0
2024-07-02 00:00:00+09:00,846.2625247608531,855.890084769509,845.2997687599875,847.2252807617188,66800,0.0,0.0
2024-07-03 00:00:00+09:00,856.8528045169891,856.8528045169891,847.2252449156746,849.1507568359375,46600,0.0,0.0
2024-07-04 00:00:00+09:00,848.1880476442102,853.9645837235124,843.374267578125,843.374267578125,59500,0.0,0.0
2024-07-05 00:00:00+09:00,842.411511564908,847.2252916309931,840.4859995384738,843.374267578125,38500,0.0,0.0
2024-07-08 00:00:00+09:00,847.2252772539512,847.2252772539512,837.5977172851562,837.5977172851562,105100,0.0,0.0
2024-07-09 00:00:00+09:00,844.3370363993415,894.4003498460528,844.3370363993415,881.884521484375,295900,0.0,0.0
2024-07-10 00:00:00+09:00,882.8472822375763,897.2886227321932,877.0707460397297,896.3258666992188,127000,0.0,0.0
2024-07-11 00:00:00+09:00,900.1768892424153,904.9906693987919,883.8100367107351,891.5120849609375,77900,0.0,0.0
2024-07-12 00:00:00+09:00,879.9589944613182,914.6182108733614,879.9589944613182,908.8416748046875,139700,0.0,0.0
2024-07-16 00:00:00+09:00,910.7671616345707,913.6554295890144,898.2513338319815,906.9161376953125,113700,0.0,0.0
2024-07-17 00:00:00+09:00,904.9906616210938,914.6182218511054,896.3258574140833,904.9906616210938,95500,0.0,0.0
2024-07-18 00:00:00+09:00,904.9906456560313,905.9534016620483,891.5120615717925,894.4003295898438,117200,0.0,0.0
2024-07-19 00:00:00+09:00,892.4748504538833,893.4376064953653,874.1824856657239,882.8472900390625,107800,0.0,0.0
2024-07-22 00:00:00+09:00,882.8472506247207,883.8100066232209,863.5921306547158,875.1452026367188,152800,0.0,0.0
2024-07-23 00:00:00+09:00,868.4059230930202,883.8100192897922,868.4059230930202,876.1079711914062,160900,0.0,0.0
2024-07-24 00:00:00+09:00,876.1079695053522,876.1079695053522,858.7783613173343,871.294189453125,111700,0.0,0.0
2024-07-25 00:00:00+09:00,871.2942254794133,878.0335178311877,862.6294210271318,869.3687133789062,101900,0.0,0.0
2024-07-26 00:00:00+09:00,876.1080124798943,878.9962806529049,851.0763549804688,851.0763549804688,84000,0.0,0.0
2024-07-29 00:00:00+09:00,865.5176812923852,888.623826287955,862.629413167939,882.8472900390625,113900,0.0,0.0
2024-07-30 00:00:00+09:00,884.772789567839,893.4375938182314,878.0334973730895,881.884521484375,119800,0.0,0.0
2024-07-31 00:00:00+09:00,870.3314507201751,888.6238152817716,864.5549145428288,886.6983032226562,141500,0.0,0.0
2024-08-01 00:00:00+09:00,886.6983192161911,888.6238313100373,850.1135894331126,859.7411499023438,218000,0.0,0.0
2024-08-02 00:00:00+09:00,825.0819102921145,829.8956903988362,792.3482055664062,792.3482055664062,311000,0.0,0.0
2024-08-05 00:00:00+09:00,763.4654680335003,775.0185394287109,700.886331309443,708.58837890625,252600,0.0,0.0
2024-08-06 00:00:00+09:00,804.8640599529858,850.1135944240269,739.3966483778626,756.7262573242188,401100,0.0,0.0
2024-08-07 00:00:00+09:00,727.8435757469584,770.2048420602736,727.8435757469584,756.7262573242188,216600,0.0,0.0
2024-08-08 00:00:00+09:00,748.0614595375906,766.3538247000286,732.6573625586956,738.4338989257812,278800,0.0,0.0
2024-08-09 00:00:00+09:00,752.8752191005609,755.7634872045272,727.8435621995192,750.94970703125,178700,0.0,0.0
2024-08-13 00:00:00+09:00,750.9497054561491,755.7634856193296,743.2476571950605,746.1359252929688,131500,0.0,0.0
2024-08-14 00:00:00+09:00,770.2048292437803,805.8268025963051,770.2048292437803,793.3109741210938,437900,0.0,0.0
2024-08-15 00:00:00+09:00,779.8323615313751,790.4226775521715,766.3537775049068,781.7578735351562,174100,0.0,0.0
2024-08-16 00:00:00+09:00,796.1992422307579,801.9757784500863,787.5344379017654,793.3109741210938,138400,0.0,0.0
2024-08-19 00:00:00+09:00,782.7206387454515,794.2737109040561,773.0930786132812,773.0930786132812,156900,0.0,0.0
2024-08-20 00:00:00+09:00,787.534439436633,810.6405843589793,784.6461713213397,798.124755859375,173200,0.0,0.0
2024-08-21 00:00:00+09:00,785.6088849125308,798.1247127358922,780.7951049804688,780.7951049804688,114500,0.0,0.0
2024-08-22 00:00:00+09:00,788.4971420568922,795.2364338693443,782.7206062176476,784.6461181640625,84200,0.0,0.0
2024-08-23 00:00:00+09:00,781.7578627642464,791.3854226505056,775.018570843865,785.60888671875,142000,0.0,0.0
2024-08-26 00:00:00+09:00,789.4599358668246,795.2364719829233,778.8696196539769,787.534423828125,161400,0.0,0.0
2024-08-27 00:00:00+09:00,793.3109399678475,800.0502319335938,789.459915987421,800.0502319335938,84600,0.0,0.0
2024-08-28 00:00:00+09:00,794.2736959629541,804.8640119091268,791.3854279776343,800.0502319335938,90300,0.0,0.0
2024-08-29 00:00:00+09:00,800.050250401796,801.0130064191268,776.9441059858597,782.7206420898438,150400,0.0,0.0
2024-08-30 00:00:00+09:00,784.6461682441907,790.4227044521234,778.8696320362579,788.4971923828125,81300,0.0,0.0
2024-09-02 00:00:00+09:00,792.3482245214237,798.1247607876795,774.0558596782803,775.0186157226562,115400,0.0,0.0
2024-09-03 00:00:00+09:00,770.2047803925306,789.4598999023438,767.3165124660585,789.4598999023438,113600,0.0,0.0
2024-09-04 00:00:00+09:00,775.0185832253576,804.8640193495639,774.0558272213509,786.5716552734375,166900,0.0,0.0
2024-09-05 00:00:00+09:00,782.7206437313761,801.013008099022,781.7578877120262,787.534423828125,144700,0.0,0.0
2024-09-06 00:00:00+09:00,788.4971655483904,793.3109455578433,779.8323615313751,781.7578735351562,120800,0.0,0.0
2024-09-09 00:00:00+09:00,770.2047943780267,798.1247181742301,769.2420383850541,795.2364501953125,130900,0.0,0.0
2024-09-10 00:00:00+09:00,802.9384909493582,827.0073905581519,795.2364430745442,808.7150268554688,127100,0.0,0.0
2024-09-11 00:00:00+09:00,798.1247004649085,820.2680878119446,798.1247004649085,812.5660400390625,121700,0.0,0.0
2024-09-12 00:00:00+09:00,823.1563938325525,835.6722220428719,808.7150535898761,815.454345703125,91900,0.0,0.0
2024-09-13 00:00:00+09:00,802.9385184537881,807.7522985404415,781.7578860725131,782.7206420898438,197900,0.0,0.0
2024-09-17 00:00:00+09:00,797.1619873046875,801.0130113979469,780.7951349083353,797.1619873046875,85500,0.0,0.0
2024-09-18 00:00:00+09:00,801.0129665151967,808.7150142701505,794.2736747296121,807.7522583007812,76700,0.0,0.0
2024-09-19 00:00:00+09:00,818.3426154051588,831.8211996588908,818.3426154051588,820.2681274414062,104400,0.0,0.0
2024-09-20 00:00:00+09:00,964.6815185546875,964.6815185546875,964.6815185546875,964.6815185546875,164700,0.0,0.0
2024-09-24 00:00:00+09:00,954.091175788611,968.5325154826869,953.128419809006,957.9421997070312,1156800,0.0,0.0
2024-09-25 00:00:00+09:00,956.9794437274262,961.7932236254514,948.3146399109806,957.9421997070312,565000,0.0,0.0
2024-09-26 00:00:00+09:00,957.9422248067444,959.8677368164062,954.0912007874209,959.8677368164062,673400,0.0,0.0
2024-09-27 00:00:00+09:00,958.9049808115753,962.756004830899,956.9794688019135,959.8677368164062,328100,0.0,0.0
2024-09-30 00:00:00+09:00,956.9794562772574,965.6442602073332,955.0539442927962,958.9049682617188,473200,0.0,0.0
2024-10-01 00:00:00+09:00,957.9421997070312,960.8304676458464,956.0166877478212,957.9421997070312,385300,0.0,0.0
2024-10-02 00:00:00+09:00,956.9794418797348,958.9049538352273,951.2029060132576,953.12841796875,832100,0.0,0.0
2024-10-03 00:00:00+09:00,954.0911865234375,955.0539425138749,951.2029185521253,954.0911865234375,749100,0.0,0.0
2024-10-04 00:00:00+09:00,953.1284555855834,956.0167236328125,952.1656995698405,956.0167236328125,922900,0.0,0.0
2024-10-07 00:00:00+09:00,954.0912116013264,956.9794796485555,950.2401875383545,956.0167236328125,594900,0.0,0.0
2024-10-08 00:00:00+09:00,956.0167252840643,962.7560174059056,956.0167252840643,960.8305053710938,536300,0.0,0.0
2024-10-09 00:00:00+09:00,958.9049933362819,965.6442854581232,956.9794813014702,960.8305053710938,750900,0.0,0.0
2024-10-10 00:00:00+09:00,959.8677368164062,961.7932488260681,957.9422248067444,959.8677368164062,355300,0.0,0.0
2024-10-11 00:00:00+09:00,956.9794544947496,958.9049664756243,952.1656745425627,954.0911865234375,288600,0.0,0.0
2024-10-15 00:00:00+09:00,952.1656979085946,955.0539659507843,948.3146738523413,951.2029418945312,777700,0.0,0.0
2024-10-16 00:00:00+09:00,951.2029528113885,953.128464861614,944.4636606355994,947.3519287109375,473700,0.0,0.0
2024-10-17 00:00:00+09:00,947.3518802546002,953.1284161098112,939.6498324476522,948.3146362304688,709600,0.0,0.0
2024-10-18 00:00:00+09:00,919.432016391607,932.9106009250966,873.2197265625,873.2197265625,519300,0.0,0.0
2024-10-21 00:00:00+09:00,873.2197128620554,909.8044417360995,873.2197128620554,904.9906616210938,212300,0.0,0.0
2024-10-22 00:00:00+09:00,909.804452749399,909.804452749399,891.5120880909454,901.1396484375,227900,0.0,0.0
2024-10-23 00:00:00+09:00,905.9533699053023,918.4691975448018,833.7466719851135,845.2997436523438,1265500,0.0,0.0
2024-10-24 00:00:00+09:00,850.113547014509,852.0390590122768,823.156379045759,842.4114990234375,364700,0.0,0.0
2024-10-25 00:00:00+09:00,847.2252498551564,847.2252498551564,827.007374574522,830.8583984375,228900,0.0,0.0
2024-10-28 00:00:00+09:00,827.9701538085938,832.7839337725972,822.1936178517896,827.9701538085938,225200,0.0,0.0
2024-10-29 00:00:00+09:00,827.9701179805321,836.6349215407936,827.007362029392,829.8956298828125,116400,0.0,0.0
2024-10-30 00:00:00+09:00,842.4115212547858,872.2569580078125,828.9329369147092,872.2569580078125,387700,0.0,0.0
2024-10-31 00:00:00+09:00,862.6293621281465,869.3686540197726,827.0073907009797,841.44873046875,258700,0.0,0.0
2024-11-01 00:00:00+09:00,850.1135048567556,850.1135048567556,829.8956298828125,829.8956298828125,95800,0.0,0.0
2024-11-05 00:00:00+09:00,835.6721839296519,845.2997436523438,827.0073801792292,845.2997436523438,109500,0.0,0.0
2024-11-06 00:00:00+09:00,844.3370525595583,845.2998086058063,760.5772765359761,779.8323974609375,467700,0.0,0.0
2024-11-07 00:00:00+09:00,790.4227222078409,790.4227222078409,766.3538208007812,766.3538208007812,185700,0.0,0.0
2024-11-08 00:00:00+09:00,766.3537987004697,770.2048228145425,732.6573377023335,736.5083618164062,303500,0.0,0.0
2024-11-11 00:00:00+09:00,736.5083384513855,759.6144824028015,735.5455824534099,739.3966064453125,177700,0.0,0.0
2024-11-12 00:00:00+09:00,748.0614231144343,755.7634712288686,736.5083509427828,740.359375,145300,0.0,0.0
2024-11-13 00:00:00+09:00,747.0987147259993,755.7635194070998,733.6201296665097,734.5828857421875,201900,0.0,0.0
2024-11-14 00:00:00+09:00,725.918000830473,735.5455605231848,714.3649291992188,714.3649291992188,205500,0.0,0.0
2024-11-15 00:00:00+09:00,715.3276705534562,727.8434978982676,708.58837890625,708.58837890625,194500,0.0,0.0
2024-11-18 00:00:00+09:00,701.8491429343468,707.625679090185,693.1843387005895,694.1470947265625,178800,0.0,0.0
2024-11-19 00:00:00+09:00,693.1843311543367,708.5884274022109,692.2215751388445,707.6256713867188,184500,0.0,0.0
2024-11-20 00:00:00+09:00,705.7001414929047,708.5884094662725,690.2960456349422,692.2215576171875,225200,0.0,0.0
2024-11-21 00:00:00+09:00,690.2960547218861,690.2960547218861,672.0036906497579,683.5567626953125,236800,0.0,0.0
2024-11-22 00:00:00+09:00,681.6312344923551,683.556746454198,672.0036746831411,672.9664306640625,192100,0.0,0.0
2024-11-25 00:00:00+09:00,679.7057352120536,679.7057352120536,666.2271512276786,673.92919921875,271100,0.0,0.0
2024-11-26 00:00:00+09:00,676.8174654514669,676.8174654514669,664.3016374985949,669.1154174804688,202100,0.0,0.0
2024-11-27 00:00:00+09:00,668.1526671640971,668.1526671640971,647.9347910683537,650.8230590820312,231400,0.0,0.0
2024-11-28 00:00:00+09:00,647.9347838470901,664.3016357421875,644.083759871773,664.3016357421875,197900,0.0,0.0
2024-11-29 00:00:00+09:00,655.6368264431424,655.6368264431424,649.8602905273438,649.8602905273438,149900,0.0,0.0
2024-12-02 00:00:00+09:00,659.4878631230642,662.3761311367418,650.8230590820312,650.8230590820312,191800,0.0,0.0
2024-12-03 00:00:00+09:00,654.6740528893849,669.1153922913567,654.6740528893849,667.1898803710938,315500,0.0,0.0
2024-12-04 00:00:00+09:00,671.0409497571482,671.0409497571482,648.8975611711877,656.599609375,303500,0.0,0.0
2024-12-05 00:00:00+09:00,654.674070457176,655.6368264431424,642.1582426396122,649.8602905273438,219500,0.0,0.0
2024-12-06 00:00:00+09:00,645.0465573252407,649.8603376037871,641.1955331024034,644.0838012695312,182700,0.0,0.0
2024-12-09 00:00:00+09:00,649.8602809676205,728.8062706555388,649.8602809676205,719.1787109375,1164300,0.0,0.0
2024-12-10 00:00:00+09:00,730.7317825991465,747.0986341198126,708.5883952476573,719.1787109375,495800,0.0,0.0
2024-12-11 00:00:00+09:00,707.6256622806673,718.2159783147997,696.0725902434318,716.2904663085938,282100,0.0,0.0
2024-12-12 00:00:00+09:00,725.9180224736532,750.9496784210205,720.1414864857992,739.3966064453125,364600,0.0,0.0
2024-12-13 00:00:00+09:00,724.9553112196324,738.4338960231847,724.9553112196324,728.8063354492188,154600,0.0,0.0
2024-12-16 00:00:00+09:00,722.0669514424092,724.9552192481788,710.5138802193306,712.4393920898438,152800,0.0,0.0
2024-12-17 00:00:00+09:00,712.4394563802083,724.9552846679687,711.4767003580729,722.0670166015625,157800,0.0,0.0
2024-12-18 00:00:00+09:00,723.9925773427069,730.7318699509502,719.1787969082475,721.1043090820312,96000,0.0,0.0
2024-12-19 00:00:00+09:00,707.6256713867188,713.4022074796715,704.7374033402423,707.6256713867188,167200,0.0,0.0
2024-12-20 00:00:00+09:00,722.0670540494273,732.6573708421522,718.2160297611637,724.955322265625,421600,0.0,0.0
2024-12-23 00:00:00+09:00,722.0669662025595,726.8807459772431,717.2531864278757,718.2159423828125,112800,0.0,0.0
2024-12-24 00:00:00+09:00,715.3276619520764,723.9924653942953,712.4393941380034,717.253173828125,132900,0.0,0.0
2024-12-25 00:00:00+09:00,723.9925034466912,723.9925034466912,714.364943560432,720.1414794921875,125300,0.0,0.0
2024-12-26 00:00:00+09:00,718.2159675149356,726.880771412569,715.3276995490579,720.1414794921875,187500,0.0,0.0
2024-12-27 00:00:00+09:00,719.1617121934569,737.7776148251676,719.1617121934569,726.0202026367188,144600,13.0,0.0
2024-12-30 00:00:00+09:00,730.9191466127307,732.8787153704056,719.1617340666814,723.0808715820312,85700,0.0,0.0
2025-01-06 00:00:00+09:00,723.0808366105363,734.8382485879434,722.1010522790857,725.0404052734375,121500,0.0,0.0
2025-01-07 00:00:00+09:00,735.8180763122233,740.7169982583765,727.0000168091474,732.8787231445312,116100,0.0,0.0
2025-01-08 00:00:00+09:00,726.9999829167905,732.8786889781122,721.1212768554688,721.1212768554688,82300,0.0,0.0
2025-01-09 00:00:00+09:00,722.1010603841146,735.8180411783854,719.1617073567709,734.8382568359375,107200,0.0,0.0
2025-01-10 00:00:00+09:00,724.060633938644,733.858477429018,723.0808495896065,726.0202026367188,61100,0.0,0.0
2025-01-14 00:00:00+09:00,725.0404142296833,734.8382576652194,715.242570794147,721.1212768554688,243300,0.0,0.0
2025-01-15 00:00:00+09:00,714.262830342332,727.000027591235,714.262830342332,715.2426147460938,91900,0.0,0.0
2025-01-16 00:00:00+09:00,724.0606257781774,724.0606257781774,713.2829980602343,716.2223510742188,65200,0.0,0.0
2025-01-17 00:00:00+09:00,711.323482603372,715.2426202485697,706.424560546875,706.424560546875,78300,0.0,0.0
2025-01-20 00:00:00+09:00,706.4245205238217,721.1212858606557,706.4245205238217,717.2021484375,76400,0.0,0.0
2025-01-21 00:00:00+09:00,720.1414965424943,729.9393400328684,711.3234374011577,726.0202026367188,83500,0.0,0.0
2025-01-22 00:00:00+09:00,734.8382568359375,738.7573942057292,731.8989038085938,734.8382568359375,65400,0.0,0.0
2025-01-23 00:00:00+09:00,739.7371956154152,740.7169799804688,732.8787050600405,740.7169799804688,59800,0.0,0.0
2025-01-24 00:00:00+09:00,740.7169851280121,740.7169851280121,727.9797882938002,731.89892578125,93300,0.0,0.0
2025-01-27 00:00:00+09:00,740.7170113536799,740.7170113536799,726.0202452553926,733.8585205078125,132500,0.0,0.0
2025-01-28 00:00:00+09:00,728.9595765458777,736.7978515625,726.0202234146443,736.7978515625,90000,0.0,0.0
2025-01-29 00:00:00+09:00,738.757442540575,739.7372269471274,730.919167288155,733.8585205078125,44400,0.0,0.0
2025-01-30 00:00:00+09:00,733.8584984312666,737.7776359395777,730.9191453000333,736.7978515625,56900,0.0,0.0
2025-01-31 00:00:00+09:00,734.8382880517644,734.8382880517644,726.0202285951432,727.9797973632812,45200,0.0,0.0
2025-02-03 00:00:00+09:00,734.8383066605548,736.7978754783163,717.2021873007016,720.1415405273438,140300,0.0,0.0
2025-02-04 00:00:00+09:00,728.9595607069672,728.9595607069672,713.2830110143442,717.2021484375,100700,0.0,0.0
2025-02-05 00:00:00+09:00,715.2425619589316,727.9797582677893,715.2425619589316,725.0404052734375,89500,0.0,0.0
2025-02-06 00:00:00+09:00,729.9393737711913,738.757433320105,727.00002058822,737.7776489257812,85000,0.0,0.0
2025-02-07 00:00:00+09:00,737.7776359395777,747.5754797103557,734.8382828083444,736.7978515625,88200,0.0,0.0
2025-02-10 00:00:00+09:00,751.4945850051545,762.2722126910171,744.6360946596054,757.373291015625,205500,0.0,0.0
2025-02-12 00:00:00+09:00,845.5539306496504,848.4932838268797,810.2816925228979,829.8773803710938,643200,0.0,0.0
2025-02-13 00:00:00+09:00,835.7560473979933,844.5741065147364,820.0794978571164,826.93798828125,182200,0.0,0.0
2025-02-14 00:00:00+09:00,820.0795236141123,820.0795236141123,772.0700891373006,782.8477172851562,155100,0.0,0.0
2025-02-17 00:00:00+09:00,782.847731806243,792.6455757587618,770.1105346679688,770.1105346679688,91600,0.0,0.0
2025-02-18 00:00:00+09:00,773.0498389769136,792.645525642995,765.211564310481,784.8072509765625,109300,0.0,0.0
2025-02-19 00:00:00+09:00,788.726423547623,788.726423547623,777.9487953997673,782.8477172851562,70600,0.0,0.0
2025-02-20 00:00:00+09:00,778.928550582925,784.8072566250603,759.3328637758074,762.272216796875,82300,0.0,0.0
2025-02-21 00:00:00+09:00,759.3329040447767,759.3329040447767,749.5350601216182,751.49462890625,63300,0.0,0.0
2025-02-25 00:00:00+09:00,746.5957123044299,747.5754967037794,738.7574371096326,742.6765747070312,84700,0.0,0.0
2025-02-26 00:00:00+09:00,739.7372161984599,752.4744132985659,732.878725452249,751.49462890625,80900,0.0,0.0
2025-02-27 00:00:00+09:00,749.5350292117097,772.0700693056565,749.5350292117097,758.3530883789062,56100,0.0,0.0
2025-02-28 00:00:00+09:00,751.49459986137,752.4743842158177,729.939344063521,730.9191284179688,164300,0.0,0.0
2025-03-03 00:00:00+09:00,744.6361123876634,760.3126621221405,743.6563280292586,749.5350341796875,107300,0.0,0.0
2025-03-04 00:00:00+09:00,740.7169943561785,742.6765631243165,724.0606598270051,727.9797973632812,93900,0.0,0.0
2025-03-05 00:00:00+09:00,727.9797793209315,739.7371916383624,721.1212888024302,735.8180541992188,114000,0.0,0.0
2025-03-06 00:00:00+09:00,735.8180710504046,741.69677734375,729.9393647570591,741.69677734375,57300,0.0,0.0
2025-03-07 00:00:00+09:00,740.7169669650249,748.5552417477236,737.7776139215129,739.7371826171875,104000,0.0,0.0
2025-03-10 00:00:00+09:00,747.5754745022226,754.4339650939861,739.7371995402071,745.6159057617188,81300,0.0,0.0
2025-03-11 00:00:00+09:00,741.69677734375,745.615914872647,722.1010896992652,741.69677734375,109500,0.0,0.0
2025-03-12 00:00:00+09:00,733.8585167341334,733.8585167341334,722.1011039159631,728.9595947265625,124000,0.0,0.0
2025-03-13 00:00:00+09:00,728.9595909273512,735.8180817022053,722.1011001524971,724.0606689453125,67400,0.0,0.0
2025-03-14 00:00:00+09:00,718.1819149532834,728.9595425992399,715.2425619589316,725.0404052734375,65300,0.0,0.0
2025-03-17 00:00:00+09:00,723.0808807289893,727.9798026851478,718.1819587728309,719.1617431640625,63700,0.0,0.0
2025-03-18 00:00:00+09:00,720.1415054963111,732.8787021921643,719.1617211350916,722.10107421875,79700,0.0,0.0
2025-03-19 00:00:00+09:00,723.0808585799695,730.9191334697252,722.10107421875,722.10107421875,63000,0.0,0.0
2025-03-21 00:00:00+09:00,720.1415367649026,721.1213211686644,713.2830459385701,715.2426147460938,84900,0.0,0.0
2025-03-24 00:00:00+09:00,721.1212768554688,725.0404142296833,716.2223551377006,721.1212768554688,46600,0.0,0.0
2025-03-25 00:00:00+09:00,725.0404052734375,726.0201896048881,721.1212679476351,725.0404052734375,54400,0.0,0.0
2025-03-26 00:00:00+09:00,727.00002058822,739.7372177144288,727.00002058822,737.7776489257812,87600,0.0,0.0
2025-03-27 00:00:00+09:00,734.838252011024,744.636095371171,734.838252011024,743.6563110351562,95700,0.0,0.0
2025-03-28 00:00:00+09:00,734.8382828083444,744.6361265791223,734.8382828083444,736.7978515625,100500,0.0,0.0
2025-03-31 00:00:00+09:00,732.8786898372576,735.8180428713642,705.4447281855956,707.404296875,132700,0.0,0.0
2025-04-01 00:00:00+09:00,713.2829939576876,721.1212686165634,705.444719298812,711.3234252929688,64700,0.0,0.0
2025-04-02 00:00:00+09:00,710.343645806093,710.343645806093,697.6064493985356,702.50537109375,63100,0.0,0.0
2025-04-03 00:00:00+09:00,673.1118335806447,692.7075201477668,671.1522649239324,678.9905395507812,123400,0.0,0.0
2025-04-04 00:00:00+09:00,668.2129275082079,675.0714179665033,629.0215534608056,638.8193969726562,196300,0.0,0.0
2025-04-07 00:00:00+09:00,589.8302025541591,617.2641654636549,583.9514962164101,608.4461059570312,226500,0.0,0.0
2025-04-08 00:00:00+09:00,643.7183043265027,669.1926968873688,643.7183043265027,665.2735595703125,146700,0.0,0.0
2025-04-09 00:00:00+09:00,645.677873608582,662.3342072221569,637.8395989668996,651.5565795898438,126300,0.0,0.0
2025-04-10 00:00:00+09:00,695.6468807204498,710.343645806093,692.7075277033211,702.50537109375,141900,0.0,0.0
2025-04-11 00:00:00+09:00,687.808644104004,705.4447631835938,673.1118782043458,705.4447631835938,66300,0.0,0.0
2025-04-14 00:00:00+09:00,713.2830514259708,713.2830514259708,698.5862852564798,706.424560546875,55800,0.0,0.0
2025-04-15 00:00:00+09:00,713.2830305072623,713.2830305072623,695.6469116210938,695.6469116210938,102500,0.0,0.0
2025-04-16 00:00:00+09:00,697.6064725167411,703.4851787458148,683.8894913155692,685.8490600585938,60000,0.0,0.0
2025-04-17 00:00:00+09:00,684.869279577377,697.6064764793883,683.8894952002992,690.7479858398438,31800,0.0,0.0
2025-04-18 00:00:00+09:00,693.6873376923244,704.4649658203125,692.7075533170528,704.4649658203125,25600,0.0,0.0
2025-04-21 00:00:00+09:00,702.5054100036622,707.4043319702149,698.58627243042,705.4447631835938,46300,0.0,0.0
2025-04-22 00:00:00+09:00,704.4649825734106,715.2426109577048,704.4649825734106,710.3436889648438,48200,0.0,0.0
2025-04-23 00:00:00+09:00,716.2223476452774,716.2223476452774,692.7075236459796,697.6064453125,78500,0.0,0.0
2025-04-24 00:00:00+09:00,705.4447241108786,706.4245084499215,695.6468807204498,702.50537109375,47500,0.0,0.0
2025-04-25 00:00:00+09:00,708.3840953574025,708.3840953574025,687.8086237080174,694.6671142578125,97400,0.0,0.0
2025-04-28 00:00:00+09:00,698.5862517148382,700.5458204433511,690.7479768007868,694.6671142578125,68500,0.0,0.0
2025-04-30 00:00:00+09:00,697.606475193411,706.4245345708558,694.6671220675961,704.4649658203125,66800,0.0,0.0
2025-05-01 00:00:00+09:00,705.4447233562756,723.0808414401826,699.5660173283068,716.2223510742188,124000,0.0,0.0
2025-05-02 00:00:00+09:00,730.919131369996,749.5350341796875,718.1819347107332,749.5350341796875,403700,0.0,0.0
2025-05-07 00:00:00+09:00,734.8382534961205,734.8382534961205,705.4447233562756,716.2223510742188,360500,0.0,0.0
2025-05-08 00:00:00+09:00,724.0606290690105,754.4339436848959,721.1212760416666,734.8382568359375,233200,0.0,0.0
2025-05-09 00:00:00+09:00,721.1212976907631,753.4541819622239,715.2425914595884,731.89892578125,195200,0.0,0.0
2025-05-12 00:00:00+09:00,734.8382840490646,778.9285810920084,732.8787152916003,769.1307373046875,164200,0.0,0.0
2025-05-13 00:00:00+09:00,755.4137757227586,776.9690326175714,741.6967940624232,747.5755004882812,205000,0.0,0.0
2025-05-14 00:00:00+09:00,748.555254900897,753.4541767261646,727.9797832347729,740.7169799804688,117300,0.0,0.0
2025-05-15 00:00:00+09:00,728.9595900673903,781.8679474109912,727.9798056721385,770.1105346679688,165500,0.0,0.0
2025-05-16 00:00:00+09:00,775.0094164916533,792.6455346924747,761.2924356687921,780.8881225585938,154100,0.0,0.0
2025-05-19 00:00:00+09:00,775.9892304833256,787.7466430664062,774.0296617194788,787.7466430664062,111600,0.0,0.0
2025-05-20 00:00:00+09:00,791.6657727143025,808.3221070412123,775.9892227595639,777.9487915039062,121400,0.0,0.0
2025-05-21 00:00:00+09:00,779.9083307224289,784.807252397821,757.373291015625,757.373291015625,82600,0.0,0.0
2025-05-22 00:00:00+09:00,742.6765475979099,757.3733130516944,738.7574101435674,754.4339599609375,73700,0.0,0.0
2025-05-23 00:00:00+09:00,758.3531157726378,765.2116064837599,746.595703125,746.595703125,71300,0.0,0.0
2025-05-26 00:00:00+09:00,746.5956979002007,759.3328948460046,746.5956979002007,755.4137573242188,38900,0.0,0.0
2025-05-27 00:00:00+09:00,755.4137264143839,774.0296288811455,755.4137264143839,762.272216796875,68000,0.0,0.0
2025-05-28 00:00:00+09:00,771.0903060621517,776.9690123345442,765.2115997897591,769.1307373046875,39400,0.0,0.0
2025-05-29 00:00:00+09:00,770.1105438778773,774.0296815057545,764.2318374360614,766.19140625,65000,0.0,0.0
2025-05-30 00:00:00+09:00,763.2520131595799,778.9285628522028,761.292444448002,776.968994140625,54700,0.0,0.0
2025-06-02 00:00:00+09:00,769.1307056512194,801.4635888187229,759.3328622671274,789.7061767578125,127600,0.0,0.0
2025-06-03 00:00:00+09:00,786.7668245103624,786.7668245103624,767.1711377230557,775.9891967773438,118700,0.0,0.0
2025-06-04 00:00:00+09:00,784.8072709275216,822.0390765395638,776.9689960618285,809.3018798828125,185900,0.0,0.0
2025-06-05 00:00:00+09:00,799.5040491327842,810.2816772460938,790.685989767349,810.2816772460938,138700,0.0,0.0
2025-06-06 00:00:00+09:00,813.2210433886247,815.1806121678744,803.4231994923762,811.261474609375,79300,0.0,0.0
2025-06-09 00:00:00+09:00,818.1199176062835,824.9784079335218,797.5444466245686,798.5242309570312,70800,0.0,0.0
2025-06-10 00:00:00+09:00,813.2210367742913,855.3517651854895,810.281683629324,833.7965087890625,300000,0.0,0.0
2025-06-11 00:00:00+09:00,829.8773453603504,833.7964827646496,816.1603644453033,831.8369140625,131300,0.0,0.0
2025-06-12 00:00:00+09:00,827.9178131213423,832.8167350924745,815.1806159963986,816.160400390625,71400,0.0,0.0
2025-06-13 00:00:00+09:00,814.2007935467889,814.2007935467889,786.7668317906997,799.5040283203125,147700,0.0,0.0
2025-06-16 00:00:00+09:00,814.2008107874515,816.1603795258088,788.7264171888067,805.3827514648438,89500,0.0,0.0
2025-06-17 00:00:00+09:00,805.3827790436922,806.3625634464216,793.6253662109375,793.6253662109375,64800,0.0,0.0
2025-06-18 00:00:00+09:00,803.4231878939884,803.4231878939884,794.6051285146641,796.564697265625,73200,0.0,0.0
2025-06-19 00:00:00+09:00,792.6455249622555,804.4029369518069,791.6657406297929,798.5242309570312,56600,0.0,0.0
2025-06-20 00:00:00+09:00,801.4636111894847,805.382748652514,786.766845703125,786.766845703125,269500,0.0,0.0
2025-06-23 00:00:00+09:00,774.0296461144272,779.9083522874482,762.2722337683853,768.1509399414062,118400,0.0,0.0
2025-06-24 00:00:00+09:00,775.989192666971,784.8072516745502,769.1307023277428,771.0902709960938,138400,0.0,0.0
2025-06-25 00:00:00+09:00,775.009464206408,779.9083862304688,755.4137761101651,779.9083862304688,100500,0.0,0.0
2025-06-26 00:00:00+09:00,773.0498840097581,775.9892371808979,761.2924713251991,765.2116088867188,123400,0.0,0.0
2025-06-27 00:00:00+09:00,765.2116180773407,765.2116180773407,751.4946364472731,761.29248046875,153700,0.0,0.0
2025-06-30 00:00:00+09:00,758.3531272623069,769.1307556859315,757.3733428601593,761.29248046875,117100,0.0,0.0
2025-07-01 00:00:00+09:00,761.2924544795867,773.0498669039819,756.3935326360887,759.3328857421875,91600,0.0,0.0
2025-07-02 00:00:00+09:00,759.3328845818232,777.948787558668,757.3733158474186,773.0498657226562,80600,0.0,0.0
2025-07-03 00:00:00+09:00,768.1509309565356,780.8881275157638,767.1711466058257,772.070068359375,109100,0.0,0.0
2025-07-04 00:00:00+09:00,772.0700943186313,782.8477225388152,772.0700943186313,774.0296630859375,95200,0.0,0.0
2025-07-07 00:00:00+09:00,774.0296722489762,776.9690254347319,769.1307502727169,770.1105346679688,59400,0.0,0.0
2025-07-08 00:00:00+09:00,770.1105279533472,792.6455688476562,770.1105279533472,792.6455688476562,107600,0.0,0.0
2025-07-09 00:00:00+09:00,806.3625541518302,813.2210448918822,791.6657882802901,797.5444946289062,136100,0.0,0.0
2025-07-10 00:00:00+09:00,795.5849128901446,801.4636191430274,790.6859910127422,796.564697265625,140100,0.0,0.0
2025-07-11 00:00:00+09:00,803.4231918073808,806.3625449481394,796.5647011456105,801.463623046875,84300,0.0,0.0
2025-07-14 00:00:00+09:00,789.7062079247008,793.625345433012,780.8881485310006,782.8477172851562,94400,0.0,0.0
2025-07-15 00:00:00+09:00,783.8274805678934,784.8072649186033,770.1104996579553,772.070068359375,76700,0.0,0.0
2025-07-16 00:00:00+09:00,798.5242316428195,801.4635846427317,779.9083293100421,784.8072509765625,104000,0.0,0.0
2025-07-17 00:00:00+09:00,788.726441012362,824.9784637669675,786.7668722148157,821.059326171875,160500,0.0,0.0
2025-07-18 00:00:00+09:00,819.0997590000189,819.0997590000189,803.4232085885353,807.3423461914062,79800,0.0,0.0
2025-07-22 00:00:00+09:00,812.2412420490942,819.0997326333447,803.4231827264864,805.3827514648438,70700,0.0,0.0
2025-07-23 00:00:00+09:00,812.2412628137192,817.1401847848515,804.4029876599077,816.160400390625,82300,0.0,0.0
2025-07-24 00:00:00+09:00,815.1806159963986,823.0188911502102,807.3423408425871,816.160400390625,115900,0.0,0.0
2025-07-25 00:00:00+09:00,817.1401847848515,823.9986755444365,813.2210472079457,816.160400390625,83700,0.0,0.0
2025-07-28 00:00:00+09:00,814.2008045805982,830.8571387296598,811.2614514954697,827.9177856445312,101300,0.0,0.0
2025-07-29 00:00:00+09:00,825.9582389777178,827.9178077534656,816.1603950989785,824.9784545898438,76300,0.0,0.0
2025-07-30 00:00:00+09:00,823.9986560129979,837.7156372070312,821.0593028999908,837.7156372070312,643800,0.0,0.0
2025-07-31 00:00:00+09:00,839.6751839164255,855.3517334411194,837.7156152258386,840.6549682617188,131300,0.0,0.0
2025-08-01 00:00:00+09:00,845.5539238589934,858.2911208580281,841.6347863208289,852.4124145507812,116500,0.0,0.0
2025-08-04 00:00:00+09:00,837.7156332576976,840.6549863568474,819.0997302964154,832.8167114257812,166000,0.0,0.0
2025-08-05 00:00:00+09:00,832.8166902562574,832.8166902562574,820.0794938170441,822.0390625,221100,0.0,0.0
2025-08-06 00:00:00+09:00,832.8167074530788,837.7156292616263,822.0390794742742,827.9177856445312,189500,0.0,0.0
2025-08-07 00:00:00+09:00,784.8072509765625,805.382721975948,779.9083293100421,784.8072509765625,550700,0.0,0.0
2025-08-08 00:00:00+09:00,789.7062210083008,792.6455741882324,781.8679458618165,783.8275146484375,213700,0.0,0.0
2025-08-12 00:00:00+09:00,791.6657584756427,796.5646802483881,783.8274836392503,790.6859741210938,155400,0.0,0.0
2025-08-13 00:00:00+09:00,792.6455428301919,794.60511153929,786.7668367028975,790.6859741210938,69700,0.0,0.0
2025-08-14 00:00:00+09:00,783.8274836392503,796.5646802483881,781.8679149301522,790.6859741210938,157200,0.0,0.0
2025-08-15 00:00:00+09:00,796.5646921422359,812.2412420490942,796.5646921422359,805.3827514648438,147900,0.0,0.0
2025-08-18 00:00:00+09:00,814.2008211559471,836.7358619340298,814.2008211559471,833.7965087890625,151500,0.0,0.0
2025-08-19 00:00:00+09:00,842.6145668691294,853.3921950500136,840.6549981089686,847.5134887695312,171400,0.0,0.0
2025-08-20 00:00:00+09:00,853.3921871430692,856.3315402560763,826.9380091260051,837.7156372070312,111800,0.0,0.0
2025-08-21 00:00:00+09:00,825.9582389777178,830.8571609170873,823.0188858140959,824.9784545898438,77900,0.0,0.0
2025-08-22 00:00:00+09:00,823.9986793681943,829.877385760833,818.1199729755556,821.059326171875,103200,0.0,0.0
2025-08-25 00:00:00+09:00,833.7964827646496,843.5943262753975,823.9986392539016,831.8369140625,151600,0.0,0.0
2025-08-26 00:00:00+09:00,827.9177816481817,831.836919076102,822.0390755063012,823.0188598632812,64000,0.0,0.0
2025-08-27 00:00:00+09:00,821.059291149321,827.9177816481817,813.2210162934803,823.0188598632812,101600,0.0,0.0
2025-08-28 00:00:00+09:00,828.8975763251311,828.8975763251311,805.3827514648438,805.3827514648438,172000,0.0,0.0
2025-08-29 00:00:00+09:00,798.5242350508527,810.2816471006812,795.5848820383956,803.4231567382812,85100,0.0,0.0
2025-09-01 00:00:00+09:00,802.4433944123174,813.2210224202972,798.5242569548701,800.4838256835938,147200,0.0,0.0
2025-09-02 00:00:00+09:00,800.4838256835938,806.3625318697646,795.5849038617847,800.4838256835938,88700,0.0,0.0
2025-09-03 00:00:00+09:00,798.5242309570312,805.3827212842696,792.6455249622555,798.5242309570312,121300,0.0,0.0
2025-09-04 00:00:00+09:00,798.5242350508527,807.3422940882241,798.5242350508527,803.4231567382812,85300,0.0,0.0
2025-09-05 00:00:00+09:00,804.4029853689582,804.4029853689582,788.7264351059822,797.5444946289062,150800,0.0,0.0
2025-09-08 00:00:00+09:00,799.5040363006962,809.3018798828125,799.5040363006962,809.3018798828125,77000,0.0,0.0
2025-09-09 00:00:00+09:00,811.261461620031,816.1603834897172,805.3827553764075,810.2816772460938,105100,0.0,0.0
2025-09-10 00:00:00+09:00,808.3221305921239,809.3019149928417,803.4232085885353,807.3423461914062,73700,0.0,0.0
2025-09-11 00:00:00+09:00,807.3422899491948,809.30185861412,792.6455249622555,798.5242309570312,103600,0.0,0.0
2025-09-12 00:00:00+09:00,794.6051285146641,803.4231878939884,792.6455597637031,796.564697265625,65700,0.0,0.0
2025-09-16 00:00:00+09:00,804.402940343038,820.0794897285297,801.4635873332584,817.14013671875,134200,0.0,0.0
2025-09-17 00:00:00+09:00,813.2210264182728,813.2210264182728,793.6253390347,805.3827514648438,135300,0.0,0.0
2025-09-18 00:00:00+09:00,809.3018718046301,811.2614405014936,796.5646752750173,799.5040283203125,67200,0.0,0.0
2025-09-19 00:00:00+09:00,810.2816838506443,810.2816838506443,787.7466430664062,787.7466430664062,178500,0.0,0.0
2025-09-22 00:00:00+09:00,789.7062118302531,794.60513373987,784.8072899206361,787.7466430664062,101500,0.0,0.0
2025-09-24 00:00:00+09:00,787.7466312306915,788.7264155978938,773.0498657226562,773.0498657226562,136500,0.0,0.0
2025-09-25 00:00:00+09:00,774.0296450354401,781.867919921875,771.0902919530271,781.867919921875,80900,0.0,0.0
2025-09-26 00:00:00+09:00,779.9083824495299,782.8477356497166,772.070107249032,775.0094604492188,77300,0.0,0.0
2025-09-29 00:00:00+09:00,774.0296500898586,782.8477093946798,768.1509438866444,773.0498657226562,143700,0.0,0.0
2025-09-30 00:00:00+09:00,775.9892057622145,777.9487744636342,769.1307153072454,772.070068359375,80200,0.0,0.0
2025-10-01 00:00:00+09:00,765.2115879603795,775.0094315962358,752.4743912337663,754.4339599609375,157800,0.0,0.0
2025-10-02 00:00:00+09:00,760.3126610889361,768.1509359455231,758.3530923747894,763.2520141601562,101900,0.0,0.0
2025-10-03 00:00:00+09:00,760.3126728048252,779.9083602482485,759.332888432654,777.9487915039062,80400,0.0,0.0
2025-10-06 00:00:00+09:00,792.6455688476562,795.5849220077836,782.8477249805653,792.6455688476562,178900,0.0,0.0
2025-10-07 00:00:00+09:00,785.7870704163896,787.7466391705452,780.8881485310006,782.8477172851562,75700,0.0,0.0
2025-10-08 00:00:00+09:00,779.9083732556996,786.766863975285,777.9488044786754,778.9285888671875,88900,0.0,0.0
2025-10-09 00:00:00+09:00,779.9083551428238,788.7264144346397,777.9487864113091,786.766845703125,60600,0.0,0.0
2025-10-10 00:00:00+09:00,778.9285964491945,789.7062248277368,775.9892432550466,788.7264404296875,82100,0.0,0.0
2025-10-14 00:00:00+09:00,783.8274805678934,787.7466179707329,765.211577904406,772.070068359375,136800,0.0,0.0
2025-10-15 00:00:00+09:00,775.0094293962445,782.8477042826793,775.0094293962445,781.867919921875,48200,0.0,0.0
2025-10-16 00:00:00+09:00,779.9083512002662,784.807273004288,779.9083512002662,781.867919921875,52800,0.0,0.0
2025-10-17 00:00:00+09:00,783.8275146484375,786.7668678283692,781.8679458618165,783.8275146484375,46900,0.0,0.0
2025-10-20 00:00:00+09:00,789.7062248277368,791.6657936238354,784.8073028374903,788.7264404296875,58800,0.0,0.0
2025-10-21 00:00:00+09:00,791.6657897949219,791.6657897949219,782.847730255127,783.8275146484375,85500,0.0,0.0
2025-10-22 00:00:00+09:00,786.7668625274017,792.6455688476562,783.8275093672745,792.6455688476562,65700,0.0,0.0
2025-10-23 00:00:00+09:00,787.7466469141108,799.50405955462,786.7668625274017,792.6455688476562,98800,0.0,0.0
2025-10-24 00:00:00+09:00,794.6051033814549,794.6051033814549,780.8881225585938,780.8881225585938,76000,0.0,0.0
2025-10-27 00:00:00+09:00,785.7870834350587,791.6657897949219,782.847730255127,783.8275146484375,78700,0.0,0.0
2025-10-28 00:00:00+09:00,783.8275069224683,783.8275069224683,771.0903099349782,774.0296630859375,149600,0.0,0.0
2025-10-29 00:00:00+09:00,775.9892067132994,776.9689910652102,755.413735323174,758.3530883789062,113900,0.0,0.0
2025-10-30 00:00:00+09:00,758.3530883789062,768.1509318980135,758.3530883789062,758.3530883789062,161500,0.0,0.0
2025-10-31 00:00:00+09:00,763.2520051958612,767.171142578125,756.3935147768998,767.171142578125,75900,0.0,0.0
2025-11-04 00:00:00+09:00,759.3328896546975,770.1105177659255,756.3935365334535,764.2318115234375,95400,0.0,0.0
2025-11-05 00:00:00+09:00,760.3126792264511,766.1913855091298,748.5552666610936,755.4137573242188,135500,0.0,0.0
2025-11-06 00:00:00+09:00,762.272216796875,765.2115698179426,756.3935107547397,762.272216796875,74200,0.0,0.0
2025-11-07 00:00:00+09:00,755.4137432331942,768.1509399414062,754.4339588710241,768.1509399414062,143900,0.0,0.0
2025-11-10 00:00:00+09:00,754.4339588710241,768.1509399414062,749.5350370601732,768.1509399414062,219400,0.0,0.0
2025-11-11 00:00:00+09:00,772.0700643059547,774.0296329970865,756.3935147768998,767.171142578125,93900,0.0,0.0
2025-11-12 00:00:00+09:00,767.171173803585,767.171173803585,754.4339767927976,760.3126831054688,125600,0.0,0.0
2025-11-13 00:00:00+09:00,764.2317944903706,765.2115788422814,758.3530883789062,758.3530883789062,94900,0.0,0.0
2025-11-14 00:00:00+09:00,751.4945809046428,759.3328555425009,747.5754435857137,752.474365234375,84200,0.0,0.0
2025-11-17 00:00:00+09:00,749.5350279670306,749.5350279670306,711.3234383059663,712.30322265625,293900,0.0,0.0
2025-11-18 00:00:00+09:00,703.4851905662697,709.3638968941216,700.5458374023438,700.5458374023438,192400,0.0,0.0
2025-11-19 00:00:00+09:00,700.5457983124122,706.4245043122366,696.6266609791959,697.6064453125,162700,0.0,0.0
2025-11-20 00:00:00+09:00,702.5053669790203,705.4447199789325,695.6468766458918,697.6064453125,95200,0.0,0.0
2025-11-21 00:00:00+09:00,697.6064790335809,712.3032447435579,696.6266946529157,709.3638916015625,91500,0.0,0.0
2025-11-25 00:00:00+09:00,710.3436851501465,714.2628227233887,705.4447631835938,705.4447631835938,112600,0.0,0.0
2025-11-26 00:00:00+09:00,705.4447631835938,709.363900756836,704.4649787902832,705.4447631835938,82500,0.0,0.0
2025-11-27 00:00:00+09:00,705.4447669719827,712.3032577619881,705.4447669719827,710.3436889648438,90500,0.0,0.0
2025-11-28 00:00:00+09:00,710.3436450462498,719.1617040882032,709.363860708255,716.2223510742188,85200,0.0,0.0
2025-12-01 00:00:00+09:00,720.1415236987204,720.1415236987204,712.3032486108432,714.2628173828125,162800,0.0,0.0
2025-12-02 00:00:00+09:00,712.3032500580474,715.2426032219734,700.5458374023438,700.5458374023438,161400,0.0,0.0
2025-12-03 00:00:00+09:00,703.4851513123244,705.4447199789325,697.6064453125,697.6064453125,98900,0.0,0.0
2025-12-04 00:00:00+09:00,697.6064842384178,704.464974954245,697.6064842384178,700.5458374023438,95700,0.0,0.0
2025-12-05 00:00:00+09:00,697.6064842384178,701.5256217903191,697.6064842384178,700.5458374023438,91600,0.0,0.0
2025-12-08 00:00:00+09:00,700.5458024156642,706.4245084499215,700.5458024156642,702.50537109375,95500,0.0,0.0
2025-12-09 00:00:00+09:00,700.5458374023438,704.464974954245,697.6064842384178,700.5458374023438,121500,0.0,0.0
2025-12-10 00:00:00+09:00,700.5458244088651,705.4447462578781,699.5660400390625,699.5660400390625,94500,0.0,0.0
2025-12-11 00:00:00+09:00,703.485182741855,703.485182741855,690.7479858398438,690.7479858398438,108100,0.0,0.0
2025-12-12 00:00:00+09:00,695.6468896210445,702.505380082097,695.6468896210445,698.5862426757812,57300,0.0,0.0
2025-12-15 00:00:00+09:00,700.5458359790274,714.2628173828125,699.5660515930427,714.2628173828125,116800,0.0,0.0
2025-12-16 00:00:00+09:00,711.323456447214,712.3032408224857,700.545828319226,704.4649658203125,112500,0.0,0.0
2025-12-17 00:00:00+09:00,701.5255997426663,704.4649528142138,698.5862466711188,703.4851684570312,98200,0.0,0.0
2025-12-18 00:00:00+09:00,705.4447450742616,716.2223731240073,702.5053919697856,713.2830200195312,119200,0.0,0.0
2025-12-19 00:00:00+09:00,720.1415094339623,727.9797843665768,719.1617250673854,727.0,144100,0.0,0.0
2025-12-22 00:00:00+09:00,737.777659887197,737.777659887197,713.2830496651786,720.1415405273438,244300,0.0,0.0
2025-12-23 00:00:00+09:00,722.1010611990223,724.0606298861296,717.2021394812542,721.1212768554688,133600,0.0,0.0
2025-12-24 00:00:00+09:00,719.1617431640625,724.060665120221,718.1819587728309,719.1617431640625,74800,0.0,0.0
2025-12-25 00:00:00+09:00,723.0808845489048,726.020237738128,719.1617469632739,724.0606689453125,98700,0.0,0.0
2025-12-26 00:00:00+09:00,724.0606469002696,728.9595687331537,718.1819407008087,727.0,156500,0.0,0.0
2025-12-29 00:00:00+09:00,729.0,735.0,726.0,729.0,100800,15.0,0.0
2025-12-30 00:00:00+09:00,728.0,729.0,722.0,723.0,57800,0.0,0.0
2026-01-05 00:00:00+09:00,723.0,724.0,697.0,706.0,269800,0.0,0.0
2026-01-06 00:00:00+09:00,707.0,713.0,704.0,707.0,127600,0.0,0.0
2026-01-07 00:00:00+09:00,704.0,712.0,701.0,706.0,117800,0.0,0.0
2026-01-08 00:00:00+09:00,705.0,705.0,699.0,702.0,140200,0.0,0.0
2026-01-09 00:00:00+09:00,700.0,706.0,700.0,702.0,96900,0.0,0.0
2026-01-13 00:00:00+09:00,711.0,711.0,696.0,700.0,175600,0.0,0.0
2026-01-14 00:00:00+09:00,698.0,700.0,697.0,697.0,95400,0.0,0.0
2026-01-15 00:00:00+09:00,696.0,705.0,696.0,703.0,111300,0.0,0.0
2026-01-16 00:00:00+09:00,703.0,706.0,699.0,706.0,92700,0.0,0.0
2026-01-19 00:00:00+09:00,710.0,711.0,697.0,707.0,138200,0.0,0.0
2026-01-20 00:00:00+09:00,707.0,707.0,698.0,700.0,139500,0.0,0.0
2026-01-21 00:00:00+09:00,696.0,696.0,682.0,690.0,328400,0.0,0.0
2026-01-22 00:00:00+09:00,692.0,695.0,689.0,690.0,78500,0.0,0.0
2026-01-23 00:00:00+09:00,694.0,698.0,691.0,698.0,100700,0.0,0.0
2026-01-26 00:00:00+09:00,692.0,695.0,681.0,682.0,209800,0.0,0.0
2026-01-27 00:00:00+09:00,684.0,686.0,678.0,680.0,149900,0.0,0.0
2026-01-28 00:00:00+09:00,680.0,680.0,668.0,670.0,182100,0.0,0.0
2026-01-29 00:00:00+09:00,667.0,669.0,654.0,665.0,278600,0.0,0.0
2026-01-30 00:00:00+09:00,664.0,671.0,661.0,669.0,125800,0.0,0.0
2026-02-02 00:00:00+09:00,670.0,679.0,666.0,668.0,165500,0.0,0.0
2026-02-03 00:00:00+09:00,674.0,677.0,668.0,668.0,158300,0.0,0.0
2026-02-04 00:00:00+09:00,666.0,671.0,659.0,667.0,367400,0.0,0.0
2026-02-05 00:00:00+09:00,707.0,721.0,689.0,719.0,950600,0.0,0.0
2026-02-06 00:00:00+09:00,720.0,722.0,697.0,702.0,294400,0.0,0.0
2026-02-09 00:00:00+09:00,710.0,712.0,684.0,694.0,253400,0.0,0.0
2026-02-10 00:00:00+09:00,699.0,724.0,695.0,712.0,292800,0.0,0.0
2026-02-12 00:00:00+09:00,711.0,716.0,702.0,708.0,178700,0.0,0.0
2026-02-13 00:00:00+09:00,712.0,717.0,701.0,705.0,137300,0.0,0.0
2026-02-16 00:00:00+09:00,712.0,732.0,704.0,731.0,254600,0.0,0.0
2026-02-17 00:00:00+09:00,724.0,729.0,711.0,712.0,115700,0.0,0.0
2026-02-18 00:00:00+09:00,720.0,729.0,717.0,725.0,75000,0.0,0.0
2026-02-19 00:00:00+09:00,730.0,738.0,730.0,735.0,107000,0.0,0.0
2026-02-20 00:00:00+09:00,727.0,745.0,722.0,742.0,182500,0.0,0.0
2026-02-24 00:00:00+09:00,748.0,758.0,740.0,742.0,199300,0.0,0.0
2026-02-25 00:00:00+09:00,750.0,772.0,744.0,758.0,182500,0.0,0.0
2026-02-26 00:00:00+09:00,759.0,762.0,746.0,750.0,164100,0.0,0.0
2026-02-27 00:00:00+09:00,754.0,769.0,754.0,769.0,98900,0.0,0.0
2026-03-02 00:00:00+09:00,760.0,768.0,755.0,768.0,97900,0.0,0.0
2026-03-03 00:00:00+09:00,761.0,761.0,741.0,741.0,221900,0.0,0.0
2026-03-04 00:00:00+09:00,732.0,732.0,704.0,719.0,338100,0.0,0.0
2026-03-05 00:00:00+09:00,748.0,755.0,741.0,750.0,179000,0.0,0.0
2026-03-06 00:00:00+09:00,740.0,764.0,738.0,763.0,121200,0.0,0.0
2026-03-09 00:00:00+09:00,725.0,739.0,720.0,738.0,153700,0.0,0.0
2026-03-10 00:00:00+09:00,743.0,746.0,733.0,735.0,102800,0.0,0.0
2026-03-11 00:00:00+09:00,738.0,744.0,732.0,732.0,99200,0.0,0.0
2026-03-12 00:00:00+09:00,733.0,734.0,716.0,717.0,138000,0.0,0.0
2026-03-13 00:00:00+09:00,717.0,740.0,716.0,729.0,145000,0.0,0.0
2026-03-16 00:00:00+09:00,725.0,725.0,717.0,722.0,105100,0.0,0.0
2026-03-17 00:00:00+09:00,725.0,729.0,721.0,723.0,86600,0.0,0.0
2026-03-18 00:00:00+09:00,729.0,740.0,727.0,737.0,84000,0.0,0.0
2026-03-19 00:00:00+09:00,725.0,731.0,718.0,724.0,113400,0.0,0.0
2026-03-23 00:00:00+09:00,700.0,708.0,695.0,698.0,134000,0.0,0.0
2026-03-24 00:00:00+09:00,708.0,719.0,702.0,718.0,85500,0.0,0.0
2026-03-25 00:00:00+09:00,729.0,736.0,726.0,734.0,106200,0.0,0.0
2026-03-26 00:00:00+09:00,730.0,733.0,716.0,720.0,54800,0.0,0.0
2026-03-27 00:00:00+09:00,720.0,727.0,714.0,724.0,83800,0.0,0.0
2026-03-30 00:00:00+09:00,705.0,709.0,696.0,705.0,103700,0.0,0.0
2026-03-31 00:00:00+09:00,709.0,726.0,706.0,720.0,125800,0.0,0.0
2026-04-01 00:00:00+09:00,732.0,739.0,727.0,739.0,76700,0.0,0.0
2026-04-02 00:00:00+09:00,739.0,745.0,725.0,735.0,102700,0.0,0.0
2026-04-03 00:00:00+09:00,741.0,743.0,734.0,738.0,38700,0.0,0.0
2026-04-06 00:00:00+09:00,738.0,751.0,738.0,746.0,78700,0.0,0.0
2026-04-07 00:00:00+09:00,746.0,750.0,744.0,749.0,65300,0.0,0.0
2026-04-08 00:00:00+09:00,756.0,768.0,756.0,768.0,133000,0.0,0.0
2026-04-09 00:00:00+09:00,759.0,762.0,749.0,756.0,58600,0.0,0.0
2026-04-10 00:00:00+09:00,756.0,760.0,749.0,751.0,68000,0.0,0.0
2026-04-13 00:00:00+09:00,751.0,758.0,744.0,746.0,77900,0.0,0.0
2026-04-14 00:00:00+09:00,747.0,758.0,747.0,754.0,81800,0.0,0.0
2026-04-15 00:00:00+09:00,760.0,763.0,754.0,755.0,53800,0.0,0.0
2026-04-16 00:00:00+09:00,759.0,768.0,745.0,745.0,64600,0.0,0.0
2026-04-17 00:00:00+09:00,752.0,755.0,747.0,750.0,48000,0.0,0.0
2026-04-20 00:00:00+09:00,756.0,758.0,743.0,749.0,74200,0.0,0.0
2026-04-21 00:00:00+09:00,752.0,768.0,747.0,750.0,77500,0.0,0.0
2026-04-22 00:00:00+09:00,750.0,756.0,744.0,747.0,78600,0.0,0.0
2026-04-23 00:00:00+09:00,744.0,747.0,731.0,740.0,158800,0.0,0.0
2026-04-24 00:00:00+09:00,747.0,747.0,732.0,732.0,76100,0.0,0.0
2026-04-27 00:00:00+09:00,731.0,735.0,726.0,729.0,109400,0.0,0.0
2026-04-28 00:00:00+09:00,728.0,737.0,727.0,735.0,69900,0.0,0.0
2026-04-30 00:00:00+09:00,730.0,737.0,730.0,731.0,114100,0.0,0.0
2026-05-01 00:00:00+09:00,733.0,760.0,723.0,760.0,190800,0.0,0.0
2026-05-07 00:00:00+09:00,690.0,710.0,684.0,693.0,738100,0.0,0.0
2026-05-08 00:00:00+09:00,698.0,700.0,688.0,690.0,228600,0.0,0.0
2026-05-11 00:00:00+09:00,692.0,711.0,692.0,708.0,160500,0.0,0.0
2026-05-12 00:00:00+09:00,705.0,705.0,693.0,696.0,148900,0.0,0.0
2026-05-13 00:00:00+09:00,700.0,721.0,700.0,719.0,152600,0.0,0.0
2026-05-14 00:00:00+09:00,719.0,728.0,702.0,708.0,164700,0.0,0.0
2026-05-15 00:00:00+09:00,717.0,723.0,708.0,717.0,115100,0.0,0.0
2026-05-18 00:00:00+09:00,719.0,725.0,715.0,719.0,102300,0.0,0.0
2026-05-19 00:00:00+09:00,720.0,730.0,718.0,718.0,86700,0.0,0.0
2026-05-20 00:00:00+09:00,718.0,718.0,701.0,711.0,94100,0.0,0.0
2026-05-21 00:00:00+09:00,711.0,718.0,702.0,705.0,130700,0.0,0.0
2026-05-22 00:00:00+09:00,700.0,708.0,700.0,705.0,87000,0.0,0.0
2026-05-25 00:00:00+09:00,705.0,708.0,695.0,701.0,132400,0.0,0.0
2026-05-26 00:00:00+09:00,695.0,701.0,691.0,695.0,62500,0.0,0.0
2026-05-27 00:00:00+09:00,695.0,701.0,694.0,699.0,78200,0.0,0.0
2026-05-28 00:00:00+09:00,701.0,703.0,692.0,696.0,68500,0.0,0.0
2026-05-29 00:00:00+09:00,697.0,706.0,692.0,692.0,101700,0.0,0.0
2026-06-01 00:00:00+09:00,692.0,695.0,682.0,684.0,141700,0.0,0.0
2026-06-02 00:00:00+09:00,683.0,683.0,669.0,674.0,106900,0.0,0.0
2026-06-03 00:00:00+09:00,674.0,680.0,664.0,676.0,75900,0.0,0.0
2026-06-04 00:00:00+09:00,676.0,678.0,670.0,676.0,81400,0.0,0.0
2026-06-05 00:00:00+09:00,678.0,699.0,678.0,694.0,116200,0.0,0.0
2026-06-08 00:00:00+09:00,691.0,707.0,687.0,692.0,101600,0.0,0.0
2026-06-09 00:00:00+09:00,700.0,700.0,689.0,696.0,69000,0.0,0.0
2026-06-10 00:00:00+09:00,700.0,722.0,700.0,711.0,192500,0.0,0.0
2026-06-11 00:00:00+09:00,710.0,716.0,703.0,716.0,86200,0.0,0.0
2026-06-12 00:00:00+09:00,716.0,720.0,709.0,715.0,101300,0.0,0.0
2026-06-15 00:00:00+09:00,715.0,726.0,715.0,725.0,80800,0.0,0.0
2026-06-16 00:00:00+09:00,725.0,725.0,708.0,720.0,67000,0.0,0.0
2026-06-17 00:00:00+09:00,719.0,728.0,711.0,712.0,106600,0.0,0.0
2026-06-18 00:00:00+09:00,716.0,726.0,707.0,714.0,60500,0.0,0.0
2026-06-19 00:00:00+09:00,715.0,716.0,707.0,712.0,43600,0.0,0.0
2026-06-22 00:00:00+09:00,712.0,715.0,706.0,712.0,60800,0.0,0.0
2026-06-23 00:00:00+09:00,709.0,718.0,707.0,716.0,59900,0.0,0.0
2026-06-24 00:00:00+09:00,718.0,729.0,712.0,729.0,96500,0.0,0.0
2026-06-25 00:00:00+09:00,730.0,742.0,727.0,740.0,111000,0.0,0.0
2026-06-26 00:00:00+09:00,740.0,740.0,730.0,737.0,94900,0.0,0.0
2026-06-29 00:00:00+09:00,741.0,771.0,741.0,755.0,214400,0.0,0.0
2026-06-30 00:00:00+09:00,752.0,757.0,741.0,744.0,83400,0.0,0.0
2026-07-01 00:00:00+09:00,746.0,755.0,745.0,753.0,45900,0.0,0.0
2026-07-02 00:00:00+09:00,760.0,769.0,753.0,759.0,79900,0.0,0.0
2026-07-03 00:00:00+09:00,758.0,762.0,747.0,749.0,94100,0.0,0.0
