Date,Open,High,Low,Close,Volume,Dividends,Stock Splits
2015-04-15 00:00:00-04:00,322.20001220703125,382.6000061035156,319.20001220703125,320.0,225605,0.0,0.0
2015-04-16 00:00:00-04:00,319.6000061035156,324.79998779296875,304.0,304.0,20460,0.0,0.0
2015-04-17 00:00:00-04:00,295.0,312.79998779296875,290.0,302.79998779296875,10235,0.0,0.0
2015-04-20 00:00:00-04:00,299.6000061035156,315.0,293.3999938964844,305.79998779296875,5725,0.0,0.0
2015-04-21 00:00:00-04:00,310.0,311.3999938964844,297.0,301.0,5780,0.0,0.0
2015-04-22 00:00:00-04:00,307.79998779296875,308.79998779296875,298.6000061035156,298.79998779296875,5770,0.0,0.0
2015-04-23 00:00:00-04:00,290.0,305.20001220703125,283.0,303.0,7755,0.0,0.0
2015-04-24 00:00:00-04:00,300.3999938964844,305.0,300.3999938964844,302.0,3370,0.0,0.0
2015-04-27 00:00:00-04:00,301.0,305.6600036621094,297.0,298.0,8270,0.0,0.0
2015-04-28 00:00:00-04:00,300.239990234375,300.3599853515625,285.0199890136719,295.79998779296875,3075,0.0,0.0
2015-04-29 00:00:00-04:00,296.0,299.6000061035156,284.3999938964844,285.6000061035156,5150,0.0,0.0
2015-04-30 00:00:00-04:00,283.20001220703125,306.6000061035156,283.20001220703125,292.3999938964844,13365,0.0,0.0
2015-05-01 00:00:00-04:00,288.79998779296875,289.6000061035156,274.79998779296875,278.3999938964844,9180,0.0,0.0
2015-05-04 00:00:00-04:00,278.0,328.0,266.79998779296875,295.0,30725,0.0,0.0
2015-05-05 00:00:00-04:00,298.3999938964844,308.0,280.70001220703125,287.6000061035156,6500,0.0,0.0
2015-05-06 00:00:00-04:00,290.0,296.0,280.0,285.79998779296875,1900,0.0,0.0
2015-05-07 00:00:00-04:00,296.79998779296875,296.79998779296875,272.79998779296875,287.20001220703125,14955,0.0,0.0
2015-05-08 00:00:00-04:00,293.0,317.79998779296875,290.3599853515625,298.79998779296875,29565,0.0,0.0
2015-05-11 00:00:00-04:00,305.6000061035156,311.20001220703125,292.0,300.0,7655,0.0,0.0
2015-05-12 00:00:00-04:00,298.0,308.3399963378906,298.0,300.79998779296875,1725,0.0,0.0
2015-05-13 00:00:00-04:00,300.79998779296875,319.79998779296875,300.79998779296875,315.0,4160,0.0,0.0
2015-05-14 00:00:00-04:00,315.3999938964844,325.0,311.3999938964844,321.0,6935,0.0,0.0
2015-05-15 00:00:00-04:00,318.3999938964844,333.3999938964844,311.20001220703125,326.3999938964844,3660,0.0,0.0
2015-05-18 00:00:00-04:00,326.0,339.79998779296875,323.6000061035156,333.79998779296875,4025,0.0,0.0
2015-05-19 00:00:00-04:00,333.79998779296875,341.0,325.0,325.0,1675,0.0,0.0
2015-05-20 00:00:00-04:00,321.3999938964844,331.0,314.0,327.0,2270,0.0,0.0
2015-05-21 00:00:00-04:00,329.20001220703125,344.20001220703125,315.0,330.3999938964844,10300,0.0,0.0
2015-05-22 00:00:00-04:00,333.79998779296875,338.0,293.6000061035156,311.79998779296875,10420,0.0,0.0
2015-05-26 00:00:00-04:00,312.3999938964844,331.29998779296875,312.3999938964844,326.3999938964844,2320,0.0,0.0
2015-05-27 00:00:00-04:00,330.3999938964844,336.0,314.79998779296875,315.0,2465,0.0,0.0
2015-05-28 00:00:00-04:00,315.3999938964844,319.5,304.3999938964844,313.3999938964844,2220,0.0,0.0
2015-05-29 00:00:00-04:00,309.6000061035156,318.1600036621094,300.6400146484375,313.79998779296875,3475,0.0,0.0
2015-06-01 00:00:00-04:00,317.20001220703125,328.0,310.32000732421875,324.6000061035156,2125,0.0,0.0
2015-06-02 00:00:00-04:00,327.1600036621094,337.0,324.20001220703125,333.3999938964844,2730,0.0,0.0
2015-06-03 00:00:00-04:00,335.6000061035156,340.0,331.0,331.79998779296875,2040,0.0,0.0
2015-06-04 00:00:00-04:00,330.0,330.0,317.2799987792969,325.20001220703125,1500,0.0,0.0
2015-06-05 00:00:00-04:00,325.0,334.20001220703125,320.0,330.0,960,0.0,0.0
2015-06-08 00:00:00-04:00,329.0,331.3999938964844,321.0,324.79998779296875,7540,0.0,0.0
2015-06-09 00:00:00-04:00,331.3999938964844,331.79998779296875,318.0,318.20001220703125,3380,0.0,0.0
2015-06-10 00:00:00-04:00,323.0,327.6000061035156,305.6000061035156,314.79998779296875,4275,0.0,0.0
2015-06-11 00:00:00-04:00,318.20001220703125,323.32000732421875,311.6000061035156,319.3999938964844,2100,0.0,0.0
2015-06-12 00:00:00-04:00,320.6000061035156,325.3999938964844,313.20001220703125,316.79998779296875,3245,0.0,0.0
2015-06-15 00:00:00-04:00,312.3999938964844,320.3999938964844,307.79998779296875,312.3999938964844,4570,0.0,0.0
2015-06-16 00:00:00-04:00,314.79998779296875,321.29998779296875,312.79998779296875,313.20001220703125,2060,0.0,0.0
2015-06-17 00:00:00-04:00,317.6000061035156,320.0,307.79998779296875,310.20001220703125,4640,0.0,0.0
2015-06-18 00:00:00-04:00,312.0,320.0,309.0,319.0,7855,0.0,0.0
2015-06-19 00:00:00-04:00,320.20001220703125,323.0,300.20001220703125,304.0,10730,0.0,0.0
2015-06-22 00:00:00-04:00,307.6000061035156,307.79998779296875,301.0,303.6000061035156,1300,0.0,0.0
2015-06-23 00:00:00-04:00,303.6000061035156,303.6000061035156,288.79998779296875,301.3999938964844,3870,0.0,0.0
2015-06-24 00:00:00-04:00,300.6000061035156,300.6000061035156,286.0,287.79998779296875,2805,0.0,0.0
2015-06-25 00:00:00-04:00,289.0,293.20001220703125,276.0,279.20001220703125,3535,0.0,0.0
2015-06-26 00:00:00-04:00,277.5,280.79998779296875,269.6000061035156,277.0,32710,0.0,0.0
2015-06-29 00:00:00-04:00,274.6000061035156,283.0,270.20001220703125,280.20001220703125,1260,0.0,0.0
2015-06-30 00:00:00-04:00,281.79998779296875,284.79998779296875,279.3999938964844,280.3999938964844,490,0.0,0.0
2015-07-01 00:00:00-04:00,281.6000061035156,299.3999938964844,278.3999938964844,293.20001220703125,1940,0.0,0.0
2015-07-02 00:00:00-04:00,299.0,299.0,288.79998779296875,293.0,765,0.0,0.0
2015-07-06 00:00:00-04:00,290.6000061035156,307.6000061035156,288.6000061035156,303.79998779296875,1545,0.0,0.0
2015-07-07 00:00:00-04:00,303.3999938964844,303.3999938964844,296.6000061035156,299.0,945,0.0,0.0
2015-07-08 00:00:00-04:00,297.20001220703125,297.6000061035156,285.0,288.6000061035156,5865,0.0,0.0
2015-07-09 00:00:00-04:00,289.20001220703125,289.20001220703125,280.0,280.0,3510,0.0,0.0
2015-07-10 00:00:00-04:00,282.79998779296875,290.79998779296875,280.0,288.6000061035156,975,0.0,0.0
2015-07-13 00:00:00-04:00,288.3999938964844,291.6000061035156,286.0,288.79998779296875,430,0.0,0.0
2015-07-14 00:00:00-04:00,287.20001220703125,294.79998779296875,287.20001220703125,292.79998779296875,740,0.0,0.0
2015-07-15 00:00:00-04:00,291.3999938964844,309.20001220703125,291.3999938964844,293.79998779296875,1705,0.0,0.0
2015-07-16 00:00:00-04:00,295.3999938964844,304.20001220703125,294.3999938964844,297.6000061035156,1055,0.0,0.0
2015-07-17 00:00:00-04:00,297.0,301.6000061035156,291.79998779296875,293.3999938964844,755,0.0,0.0
2015-07-20 00:00:00-04:00,294.0,302.239990234375,294.0,298.79998779296875,2505,0.0,0.0
2015-07-21 00:00:00-04:00,296.79998779296875,300.0,291.20001220703125,294.6000061035156,720,0.0,0.0
2015-07-22 00:00:00-04:00,306.0,306.0,285.0,295.79998779296875,3625,0.0,0.0
2015-07-23 00:00:00-04:00,292.6000061035156,298.0,286.3999938964844,291.3999938964844,3310,0.0,0.0
2015-07-24 00:00:00-04:00,293.0,297.20001220703125,291.6000061035156,292.79998779296875,575,0.0,0.0
2015-07-27 00:00:00-04:00,290.0,291.0,282.79998779296875,284.0,1155,0.0,0.0
2015-07-28 00:00:00-04:00,288.0,299.79998779296875,279.0,279.20001220703125,1130,0.0,0.0
2015-07-29 00:00:00-04:00,279.0,282.0,272.0,276.79998779296875,1150,0.0,0.0
2015-07-30 00:00:00-04:00,277.6000061035156,282.0,270.20001220703125,271.20001220703125,1150,0.0,0.0
2015-07-31 00:00:00-04:00,272.20001220703125,283.3999938964844,260.0,279.6000061035156,6300,0.0,0.0
2015-08-03 00:00:00-04:00,282.6000061035156,292.0,282.6000061035156,290.3999938964844,1195,0.0,0.0
2015-08-04 00:00:00-04:00,291.79998779296875,292.20001220703125,283.20001220703125,286.0,1050,0.0,0.0
2015-08-05 00:00:00-04:00,287.0,292.6000061035156,282.20001220703125,285.6000061035156,1915,0.0,0.0
2015-08-06 00:00:00-04:00,285.0,292.20001220703125,280.79998779296875,285.0,1605,0.0,0.0
2015-08-07 00:00:00-04:00,284.0,285.79998779296875,274.0,276.20001220703125,4805,0.0,0.0
2015-08-10 00:00:00-04:00,277.20001220703125,285.79998779296875,275.3999938964844,278.79998779296875,1035,0.0,0.0
2015-08-11 00:00:00-04:00,291.3999938964844,291.3999938964844,270.0,273.79998779296875,2160,0.0,0.0
2015-08-12 00:00:00-04:00,273.0,295.6000061035156,270.6000061035156,272.0,2205,0.0,0.0
2015-08-13 00:00:00-04:00,273.0,287.0,270.3999938964844,285.79998779296875,3935,0.0,0.0
2015-08-14 00:00:00-04:00,284.3999938964844,292.0,274.79998779296875,290.0,1665,0.0,0.0
2015-08-17 00:00:00-04:00,290.20001220703125,296.20001220703125,285.79998779296875,294.79998779296875,2365,0.0,0.0
2015-08-18 00:00:00-04:00,286.0,292.6000061035156,280.20001220703125,285.6000061035156,2470,0.0,0.0
2015-08-19 00:00:00-04:00,285.3999938964844,290.3999938964844,273.0,279.6000061035156,4320,0.0,0.0
2015-08-20 00:00:00-04:00,278.79998779296875,287.79998779296875,276.20001220703125,281.79998779296875,2800,0.0,0.0
2015-08-21 00:00:00-04:00,277.0,287.3999938964844,277.0,280.79998779296875,2235,0.0,0.0
2015-08-24 00:00:00-04:00,272.3999938964844,287.5199890136719,270.20001220703125,278.6000061035156,2080,0.0,0.0
2015-08-25 00:00:00-04:00,283.6000061035156,285.6000061035156,277.79998779296875,281.0,1440,0.0,0.0
2015-08-26 00:00:00-04:00,283.0,286.3999938964844,278.5,285.20001220703125,1070,0.0,0.0
2015-08-27 00:00:00-04:00,287.0,288.79998779296875,279.6000061035156,288.79998779296875,1325,0.0,0.0
2015-08-28 00:00:00-04:00,287.3999938964844,295.0,283.6000061035156,293.3999938964844,1040,0.0,0.0
2015-08-31 00:00:00-04:00,291.79998779296875,295.3999938964844,280.6000061035156,284.6000061035156,1985,0.0,0.0
2015-09-01 00:00:00-04:00,282.0,291.79998779296875,278.6000061035156,284.0,2695,0.0,0.0
2015-09-02 00:00:00-04:00,285.79998779296875,289.1000061035156,281.6000061035156,284.0,560,0.0,0.0
2015-09-03 00:00:00-04:00,285.0,285.3999938964844,280.20001220703125,281.20001220703125,1085,0.0,0.0
2015-09-04 00:00:00-04:00,280.79998779296875,287.0,280.0,283.20001220703125,700,0.0,0.0
2015-09-08 00:00:00-04:00,286.0,301.79998779296875,284.6000061035156,300.79998779296875,1515,0.0,0.0
2015-09-09 00:00:00-04:00,302.3999938964844,303.20001220703125,291.79998779296875,299.20001220703125,1830,0.0,0.0
2015-09-10 00:00:00-04:00,299.6000061035156,301.3999938964844,296.79998779296875,300.3999938964844,590,0.0,0.0
2015-09-11 00:00:00-04:00,298.6000061035156,309.6000061035156,298.0,309.3999938964844,1635,0.0,0.0
2015-09-14 00:00:00-04:00,308.0,308.0,300.0,302.0,970,0.0,0.0
2015-09-15 00:00:00-04:00,301.6000061035156,306.55999755859375,294.6000061035156,301.3999938964844,4315,0.0,0.0
2015-09-16 00:00:00-04:00,301.0,308.3999938964844,283.1600036621094,291.0,12485,0.0,0.0
2015-09-17 00:00:00-04:00,291.0,297.239990234375,276.79998779296875,283.0,4605,0.0,0.0
2015-09-18 00:00:00-04:00,281.0,292.0,277.6000061035156,287.3999938964844,4110,0.0,0.0
2015-09-21 00:00:00-04:00,293.0,297.3999938964844,286.20001220703125,287.20001220703125,1070,0.0,0.0
2015-09-22 00:00:00-04:00,284.3999938964844,290.3999938964844,279.0,283.20001220703125,2475,0.0,0.0
2015-09-23 00:00:00-04:00,283.0,285.8800048828125,278.20001220703125,281.20001220703125,5015,0.0,0.0
2015-09-24 00:00:00-04:00,281.3999938964844,284.20001220703125,272.0,280.79998779296875,2155,0.0,0.0
2015-09-25 00:00:00-04:00,281.3999938964844,281.3999938964844,264.55999755859375,270.0,5875,0.0,0.0
2015-09-28 00:00:00-04:00,271.79998779296875,271.79998779296875,243.39999389648438,249.0,5755,0.0,0.0
2015-09-29 00:00:00-04:00,249.39999389648438,254.60000610351562,224.5,248.60000610351562,5950,0.0,0.0
2015-09-30 00:00:00-04:00,248.1999969482422,268.20001220703125,248.0,254.39999389648438,3980,0.0,0.0
2015-10-01 00:00:00-04:00,254.1999969482422,255.0,245.6999969482422,255.0,2090,0.0,0.0
2015-10-02 00:00:00-04:00,250.8000030517578,278.0799865722656,246.72000122070312,258.79998779296875,2840,0.0,0.0
2015-10-05 00:00:00-04:00,259.79998779296875,274.0,257.3999938964844,265.6000061035156,1265,0.0,0.0
2015-10-06 00:00:00-04:00,264.0,268.3999938964844,258.6000061035156,265.3999938964844,1300,0.0,0.0
2015-10-07 00:00:00-04:00,264.6000061035156,270.79998779296875,259.79998779296875,263.20001220703125,1635,0.0,0.0
2015-10-08 00:00:00-04:00,263.20001220703125,278.6000061035156,258.0,259.79998779296875,1690,0.0,0.0
2015-10-09 00:00:00-04:00,264.3999938964844,278.9200134277344,240.60000610351562,262.3999938964844,3425,0.0,0.0
2015-10-12 00:00:00-04:00,266.0,278.67999267578125,262.79998779296875,270.0,945,0.0,0.0
2015-10-13 00:00:00-04:00,268.0,288.0,268.0,283.6000061035156,1605,0.0,0.0
2015-10-14 00:00:00-04:00,284.0,291.79998779296875,275.20001220703125,289.0,2875,0.0,0.0
2015-10-15 00:00:00-04:00,292.0,307.32000732421875,281.20001220703125,300.3999938964844,3745,0.0,0.0
2015-10-16 00:00:00-04:00,301.20001220703125,304.6000061035156,295.3999938964844,300.79998779296875,4530,0.0,0.0
2015-10-19 00:00:00-04:00,300.0,307.0,296.6000061035156,297.3999938964844,1635,0.0,0.0
2015-10-20 00:00:00-04:00,300.0,316.55999755859375,290.79998779296875,297.79998779296875,2145,0.0,0.0
2015-10-21 00:00:00-04:00,300.0,313.760009765625,283.0,296.6000061035156,2470,0.0,0.0
2015-10-22 00:00:00-04:00,300.0,313.2799987792969,283.20001220703125,290.0,1915,0.0,0.0
2015-10-23 00:00:00-04:00,295.0,299.0400085449219,290.3999938964844,293.6000061035156,1745,0.0,0.0
2015-10-26 00:00:00-04:00,294.0,297.20001220703125,291.20001220703125,292.79998779296875,2920,0.0,0.0
2015-10-27 00:00:00-04:00,294.0,296.44000244140625,275.6000061035156,277.20001220703125,4870,0.0,0.0
2015-10-28 00:00:00-04:00,282.3999938964844,282.3999938964844,274.6000061035156,279.79998779296875,1350,0.0,0.0
2015-10-29 00:00:00-04:00,281.3999938964844,283.8999938964844,275.79998779296875,280.79998779296875,1995,0.0,0.0
2015-10-30 00:00:00-04:00,279.0,279.1199951171875,263.6000061035156,272.3999938964844,1715,0.0,0.0
2015-11-02 00:00:00-05:00,272.3999938964844,289.70001220703125,272.3999938964844,289.6000061035156,1265,0.0,0.0
2015-11-03 00:00:00-05:00,292.3999938964844,295.8999938964844,286.20001220703125,289.79998779296875,1555,0.0,0.0
2015-11-04 00:00:00-05:00,280.6000061035156,298.0,278.67999267578125,290.6000061035156,1645,0.0,0.0
2015-11-05 00:00:00-05:00,290.0,295.0,285.3999938964844,293.6000061035156,1485,0.0,0.0
2015-11-06 00:00:00-05:00,294.20001220703125,299.79998779296875,285.79998779296875,299.20001220703125,795,0.0,0.0
2015-11-09 00:00:00-05:00,300.0,300.0,296.3999938964844,296.6000061035156,520,0.0,0.0
2015-11-10 00:00:00-05:00,295.0,298.20001220703125,293.0,294.0,385,0.0,0.0
2015-11-11 00:00:00-05:00,294.20001220703125,298.3999938964844,282.0,295.6000061035156,2250,0.0,0.0
2015-11-12 00:00:00-05:00,294.0,300.0,286.3999938964844,286.3999938964844,1075,0.0,0.0
2015-11-13 00:00:00-05:00,288.0,288.20001220703125,276.6000061035156,277.79998779296875,430,0.0,0.0
2015-11-16 00:00:00-05:00,278.0,278.0,267.3999938964844,275.3999938964844,490,0.0,0.0
2015-11-17 00:00:00-05:00,275.79998779296875,275.79998779296875,258.0,260.79998779296875,2435,0.0,0.0
2015-11-18 00:00:00-05:00,260.6000061035156,277.79998779296875,260.3999938964844,277.79998779296875,1285,0.0,0.0
2015-11-19 00:00:00-05:00,275.3999938964844,284.29998779296875,269.55999755859375,278.20001220703125,1175,0.0,0.0
2015-11-20 00:00:00-05:00,278.79998779296875,283.6000061035156,269.6000061035156,276.3999938964844,1355,0.0,0.0
2015-11-23 00:00:00-05:00,266.79998779296875,295.79998779296875,266.20001220703125,291.79998779296875,3770,0.0,0.0
2015-11-24 00:00:00-05:00,298.6000061035156,304.6000061035156,295.3999938964844,300.20001220703125,4875,0.0,0.0
2015-11-25 00:00:00-05:00,300.0,314.3999938964844,300.0,310.3999938964844,3885,0.0,0.0
2015-11-27 00:00:00-05:00,311.0,314.0,296.6000061035156,312.0,595,0.0,0.0
2015-11-30 00:00:00-05:00,312.79998779296875,317.6000061035156,306.6000061035156,308.3999938964844,1755,0.0,0.0
2015-12-01 00:00:00-05:00,308.6000061035156,314.0,308.0,310.0,1385,0.0,0.0
2015-12-02 00:00:00-05:00,310.0,324.20001220703125,310.0,322.3999938964844,2590,0.0,0.0
2015-12-03 00:00:00-05:00,321.20001220703125,330.0,321.20001220703125,327.3999938964844,2690,0.0,0.0
2015-12-04 00:00:00-05:00,327.20001220703125,340.0,327.20001220703125,338.3999938964844,2360,0.0,0.0
2015-12-07 00:00:00-05:00,338.3999938964844,361.3999938964844,336.4599914550781,341.3999938964844,8710,0.0,0.0
2015-12-08 00:00:00-05:00,338.3999938964844,344.5,336.0,338.3999938964844,2765,0.0,0.0
2015-12-09 00:00:00-05:00,338.20001220703125,340.0,328.79998779296875,336.79998779296875,2210,0.0,0.0
2015-12-10 00:00:00-05:00,336.79998779296875,339.0,329.6000061035156,334.20001220703125,1380,0.0,0.0
2015-12-11 00:00:00-05:00,328.79998779296875,329.79998779296875,316.79998779296875,319.3999938964844,3255,0.0,0.0
2015-12-14 00:00:00-05:00,321.6000061035156,321.6000061035156,296.0,307.0,3480,0.0,0.0
2015-12-15 00:00:00-05:00,310.20001220703125,319.79998779296875,307.0,317.3999938964844,4295,0.0,0.0
2015-12-16 00:00:00-05:00,318.20001220703125,334.20001220703125,317.0,329.0,3085,0.0,0.0
2015-12-17 00:00:00-05:00,334.0,339.79998779296875,320.5,333.20001220703125,1240,0.0,0.0
2015-12-18 00:00:00-05:00,331.3999938964844,339.6000061035156,303.20001220703125,332.79998779296875,7340,0.0,0.0
2015-12-21 00:00:00-05:00,341.20001220703125,342.20001220703125,328.79998779296875,340.0,8155,0.0,0.0
2015-12-22 00:00:00-05:00,337.20001220703125,344.0,330.0,338.3999938964844,5215,0.0,0.0
2015-12-23 00:00:00-05:00,334.0,339.6000061035156,325.79998779296875,327.3999938964844,2720,0.0,0.0
2015-12-24 00:00:00-05:00,329.20001220703125,332.6000061035156,312.3999938964844,313.6000061035156,1205,0.0,0.0
2015-12-28 00:00:00-05:00,330.6000061035156,332.70001220703125,304.6000061035156,330.20001220703125,4130,0.0,0.0
2015-12-29 00:00:00-05:00,321.79998779296875,335.3999938964844,321.20001220703125,333.79998779296875,1570,0.0,0.0
2015-12-30 00:00:00-05:00,335.6000061035156,353.20001220703125,330.6000061035156,345.20001220703125,11500,0.0,0.0
2015-12-31 00:00:00-05:00,345.79998779296875,349.20001220703125,333.20001220703125,343.20001220703125,5535,0.0,0.0
2016-01-04 00:00:00-05:00,331.0,345.8999938964844,316.6000061035156,338.6000061035156,4175,0.0,0.0
2016-01-05 00:00:00-05:00,322.3999938964844,345.0,322.3999938964844,337.6000061035156,2215,0.0,0.0
2016-01-06 00:00:00-05:00,333.79998779296875,336.3999938964844,319.0,321.0,2700,0.0,0.0
2016-01-07 00:00:00-05:00,314.3999938964844,321.0,280.0,311.6000061035156,2605,0.0,0.0
2016-01-08 00:00:00-05:00,312.0,341.29998779296875,307.5,310.0,2890,0.0,0.0
2016-01-11 00:00:00-05:00,309.3999938964844,320.3999938964844,290.20001220703125,303.0,2650,0.0,0.0
2016-01-12 00:00:00-05:00,309.20001220703125,309.20001220703125,281.0,286.3999938964844,1650,0.0,0.0
2016-01-13 00:00:00-05:00,291.6000061035156,295.20001220703125,262.0,266.0,1715,0.0,0.0
2016-01-14 00:00:00-05:00,253.39999389648438,273.79998779296875,250.60000610351562,263.3999938964844,1960,0.0,0.0
2016-01-15 00:00:00-05:00,255.39999389648438,277.20001220703125,242.83999633789062,253.8000030517578,2135,0.0,0.0
2016-01-19 00:00:00-05:00,251.1999969482422,257.0,237.83999633789062,245.39999389648438,2090,0.0,0.0
2016-01-20 00:00:00-05:00,240.0,261.3999938964844,233.0,253.8000030517578,7425,0.0,0.0
2016-01-21 00:00:00-05:00,257.6000061035156,260.3999938964844,235.0800018310547,252.0,1165,0.0,0.0
2016-01-22 00:00:00-05:00,255.60000610351562,277.3999938964844,255.60000610351562,268.0,6875,0.0,0.0
2016-01-25 00:00:00-05:00,268.3999938964844,290.20001220703125,265.0,266.79998779296875,1855,0.0,0.0
2016-01-26 00:00:00-05:00,274.0,274.0,262.3999938964844,264.0,850,0.0,0.0
2016-01-27 00:00:00-05:00,264.79998779296875,265.0,249.44000244140625,251.8000030517578,1295,0.0,0.0
2016-01-28 00:00:00-05:00,243.39999389648438,244.8000030517578,229.0,234.1999969482422,6065,0.0,0.0
2016-01-29 00:00:00-05:00,228.1999969482422,250.60000610351562,228.1999969482422,233.1999969482422,10165,0.0,0.0
2016-02-01 00:00:00-05:00,233.0,238.27999877929688,222.1999969482422,227.60000610351562,4030,0.0,0.0
2016-02-02 00:00:00-05:00,226.39999389648438,238.60000610351562,226.39999389648438,232.39999389648438,2685,0.0,0.0
2016-02-03 00:00:00-05:00,230.0,230.0,212.5,217.39999389648438,1850,0.0,0.0
2016-02-04 00:00:00-05:00,215.1999969482422,240.60000610351562,214.39999389648438,218.1999969482422,840,0.0,0.0
2016-02-05 00:00:00-05:00,216.8000030517578,228.60000610351562,208.1999969482422,218.39999389648438,1480,0.0,0.0
2016-02-08 00:00:00-05:00,216.39999389648438,219.1999969482422,191.8000030517578,206.8000030517578,2090,0.0,0.0
2016-02-09 00:00:00-05:00,192.1999969482422,213.1999969482422,191.1999969482422,200.1999969482422,1035,0.0,0.0
2016-02-10 00:00:00-05:00,211.1999969482422,211.8000030517578,192.0,195.39999389648438,2665,0.0,0.0
2016-02-11 00:00:00-05:00,193.60000610351562,206.39999389648438,192.39999389648438,198.1999969482422,1355,0.0,0.0
2016-02-12 00:00:00-05:00,199.39999389648438,219.8000030517578,193.8000030517578,216.1999969482422,2545,0.0,0.0
2016-02-16 00:00:00-05:00,217.1999969482422,220.1999969482422,210.39999389648438,216.0,1715,0.0,0.0
2016-02-17 00:00:00-05:00,213.60000610351562,226.0,210.60000610351562,217.39999389648438,1925,0.0,0.0
2016-02-18 00:00:00-05:00,218.60000610351562,225.39999389648438,211.39999389648438,219.8000030517578,1815,0.0,0.0
2016-02-19 00:00:00-05:00,218.8000030517578,221.1999969482422,211.1999969482422,220.39999389648438,700,0.0,0.0
2016-02-22 00:00:00-05:00,221.39999389648438,224.1999969482422,210.8000030517578,222.1999969482422,1125,0.0,0.0
2016-02-23 00:00:00-05:00,221.1999969482422,221.1999969482422,200.0,204.1999969482422,1140,0.0,0.0
2016-02-24 00:00:00-05:00,204.1999969482422,209.60000610351562,199.8000030517578,204.1999969482422,1850,0.0,0.0
2016-02-25 00:00:00-05:00,204.8000030517578,209.8000030517578,203.1999969482422,204.39999389648438,575,0.0,0.0
2016-02-26 00:00:00-05:00,206.8000030517578,207.60000610351562,200.60000610351562,204.60000610351562,990,0.0,0.0
2016-02-29 00:00:00-05:00,206.39999389648438,206.39999389648438,200.0,200.39999389648438,735,0.0,0.0
2016-03-01 00:00:00-05:00,200.8000030517578,205.0,200.0,203.8000030517578,1340,0.0,0.0
2016-03-02 00:00:00-05:00,202.0,205.0,200.1999969482422,202.8000030517578,2300,0.0,0.0
2016-03-03 00:00:00-05:00,202.0,202.0,196.1999969482422,197.1999969482422,1170,0.0,0.0
2016-03-04 00:00:00-05:00,203.8000030517578,205.1999969482422,192.8000030517578,198.39999389648438,1680,0.0,0.0
2016-03-07 00:00:00-05:00,196.1999969482422,202.8000030517578,192.8000030517578,199.39999389648438,5985,0.0,0.0
2016-03-08 00:00:00-05:00,198.0,202.8000030517578,192.10000610351562,197.0,4030,0.0,0.0
2016-03-09 00:00:00-05:00,196.8000030517578,202.39999389648438,191.8000030517578,197.39999389648438,1700,0.0,0.0
2016-03-10 00:00:00-05:00,202.1999969482422,203.39999389648438,192.5,195.8000030517578,2930,0.0,0.0
2016-03-11 00:00:00-05:00,201.60000610351562,205.22000122070312,192.1999969482422,204.8000030517578,890,0.0,0.0
2016-03-14 00:00:00-04:00,202.39999389648438,218.8000030517578,196.0,217.1999969482422,635,0.0,0.0
2016-03-15 00:00:00-04:00,215.0,218.0,201.0,203.8000030517578,975,0.0,0.0
2016-03-16 00:00:00-04:00,203.39999389648438,204.6999969482422,194.0,197.8000030517578,1185,0.0,0.0
2016-03-17 00:00:00-04:00,196.0,199.8000030517578,189.60000610351562,197.8000030517578,1145,0.0,0.0
2016-03-18 00:00:00-04:00,210.39999389648438,219.39999389648438,194.39999389648438,217.1999969482422,1555,0.0,0.0
2016-03-21 00:00:00-04:00,212.60000610351562,233.89999389648438,212.60000610351562,217.8000030517578,1860,0.0,0.0
2016-03-22 00:00:00-04:00,218.39999389648438,220.0,206.8000030517578,210.0,1845,0.0,0.0
2016-03-23 00:00:00-04:00,210.0,218.39999389648438,195.8000030517578,200.1999969482422,935,0.0,0.0
2016-03-24 00:00:00-04:00,199.1999969482422,209.0,197.0,201.60000610351562,1295,0.0,0.0
2016-03-28 00:00:00-04:00,205.0,209.74000549316406,196.39999389648438,202.60000610351562,1015,0.0,0.0
2016-03-29 00:00:00-04:00,209.0,220.8000030517578,198.0,217.60000610351562,1470,0.0,0.0
2016-03-30 00:00:00-04:00,219.1999969482422,223.60000610351562,212.0,219.60000610351562,1035,0.0,0.0
2016-03-31 00:00:00-04:00,220.60000610351562,260.0,216.86000061035156,254.0,6360,0.0,0.0
2016-04-01 00:00:00-04:00,251.8000030517578,260.6000061035156,247.0,247.0,700,0.0,0.0
2016-04-04 00:00:00-04:00,248.8000030517578,258.79998779296875,235.6199951171875,254.39999389648438,660,0.0,0.0
2016-04-05 00:00:00-04:00,258.6000061035156,278.3999938964844,253.89999389648438,255.39999389648438,3645,0.0,0.0
2016-04-06 00:00:00-04:00,256.0,269.79998779296875,256.0,264.79998779296875,1075,0.0,0.0
2016-04-07 00:00:00-04:00,258.6000061035156,276.3999938964844,256.20001220703125,268.0,1555,0.0,0.0
2016-04-08 00:00:00-04:00,273.0,275.0,264.6199951171875,269.0,1080,0.0,0.0
2016-04-11 00:00:00-04:00,271.79998779296875,279.20001220703125,268.0,275.0,1535,0.0,0.0
2016-04-12 00:00:00-04:00,275.20001220703125,288.3999938964844,275.20001220703125,286.20001220703125,2025,0.0,0.0
2016-04-13 00:00:00-04:00,289.0,302.79998779296875,287.0,301.20001220703125,3560,0.0,0.0
2016-04-14 00:00:00-04:00,303.6000061035156,318.20001220703125,290.0,296.0,7035,0.0,0.0
2016-04-15 00:00:00-04:00,294.0,295.20001220703125,281.0,283.79998779296875,1465,0.0,0.0
2016-04-18 00:00:00-04:00,281.0,284.3999938964844,269.20001220703125,273.3999938964844,2050,0.0,0.0
2016-04-19 00:00:00-04:00,273.0,278.3999938964844,264.6000061035156,270.79998779296875,3505,0.0,0.0
2016-04-20 00:00:00-04:00,270.0,285.20001220703125,270.0,281.79998779296875,1060,0.0,0.0
2016-04-21 00:00:00-04:00,286.3999938964844,292.3999938964844,277.6000061035156,286.0,1150,0.0,0.0
2016-04-22 00:00:00-04:00,286.6000061035156,288.3999938964844,275.0,281.6000061035156,1685,0.0,0.0
2016-04-25 00:00:00-04:00,285.20001220703125,288.0,277.70001220703125,282.6000061035156,1235,0.0,0.0
2016-04-26 00:00:00-04:00,285.8999938964844,285.8999938964844,276.32000732421875,282.79998779296875,3325,0.0,0.0
2016-04-27 00:00:00-04:00,280.20001220703125,284.20001220703125,272.20001220703125,282.6000061035156,2055,0.0,0.0
2016-04-28 00:00:00-04:00,280.0,283.1000061035156,276.0,276.3999938964844,960,0.0,0.0
2016-04-29 00:00:00-04:00,278.20001220703125,278.20001220703125,266.20001220703125,267.6000061035156,635,0.0,0.0
2016-05-02 00:00:00-04:00,269.79998779296875,284.3999938964844,267.0,280.0,1165,0.0,0.0
2016-05-03 00:00:00-04:00,279.0,288.5,266.6000061035156,270.3999938964844,4495,0.0,0.0
2016-05-04 00:00:00-04:00,272.79998779296875,272.79998779296875,262.0,262.3999938964844,1785,0.0,0.0
2016-05-05 00:00:00-04:00,271.20001220703125,275.6000061035156,254.60000610351562,266.3999938964844,2695,0.0,0.0
2016-05-06 00:00:00-04:00,265.3999938964844,279.6000061035156,250.8000030517578,259.6000061035156,1730,0.0,0.0
2016-05-09 00:00:00-04:00,259.79998779296875,274.0,258.6000061035156,263.3999938964844,4870,0.0,0.0
2016-05-10 00:00:00-04:00,262.79998779296875,271.6000061035156,253.0,258.79998779296875,1015,0.0,0.0
2016-05-11 00:00:00-04:00,254.1999969482422,263.0,246.17999267578125,248.39999389648438,1285,0.0,0.0
2016-05-12 00:00:00-04:00,256.6000061035156,257.3999938964844,229.60000610351562,229.8000030517578,1475,0.0,0.0
2016-05-13 00:00:00-04:00,229.8000030517578,238.60000610351562,218.1999969482422,221.0,1285,0.0,0.0
2016-05-16 00:00:00-04:00,221.8000030517578,238.39999389648438,221.8000030517578,235.39999389648438,2415,0.0,0.0
2016-05-17 00:00:00-04:00,235.39999389648438,241.0,227.39999389648438,235.0,4000,0.0,0.0
2016-05-18 00:00:00-04:00,237.8000030517578,239.8000030517578,225.8000030517578,230.0,960,0.0,0.0
2016-05-19 00:00:00-04:00,236.0,237.8000030517578,218.1999969482422,222.8000030517578,1335,0.0,0.0
2016-05-20 00:00:00-04:00,222.39999389648438,235.8000030517578,210.3000030517578,229.8000030517578,16815,0.0,0.0
2016-05-23 00:00:00-04:00,231.8000030517578,237.0,220.60000610351562,227.60000610351562,1625,0.0,0.0
2016-05-24 00:00:00-04:00,230.60000610351562,235.39999389648438,228.1999969482422,231.60000610351562,5685,0.0,0.0
2016-05-25 00:00:00-04:00,233.1999969482422,235.0,229.8000030517578,229.8000030517578,1355,0.0,0.0
2016-05-26 00:00:00-04:00,230.8000030517578,232.39999389648438,222.8000030517578,224.60000610351562,1680,0.0,0.0
2016-05-27 00:00:00-04:00,227.0,231.8000030517578,221.82000732421875,225.0,2380,0.0,0.0
2016-05-31 00:00:00-04:00,240.0,247.8000030517578,230.0,236.39999389648438,4945,0.0,0.0
2016-06-01 00:00:00-04:00,237.1999969482422,240.60000610351562,223.8000030517578,229.1999969482422,2390,0.0,0.0
2016-06-02 00:00:00-04:00,230.39999389648438,230.39999389648438,220.0,224.0,15440,0.0,0.0
2016-06-03 00:00:00-04:00,238.0,238.1999969482422,217.1999969482422,225.39999389648438,3365,0.0,0.0
2016-06-06 00:00:00-04:00,227.60000610351562,228.0,223.0,224.0,2360,0.0,0.0
2016-06-07 00:00:00-04:00,222.1999969482422,223.0,214.0,215.1999969482422,2730,0.0,0.0
2016-06-08 00:00:00-04:00,215.39999389648438,215.39999389648438,211.1999969482422,212.60000610351562,1740,0.0,0.0
2016-06-09 00:00:00-04:00,211.1999969482422,216.8000030517578,203.0,212.0,4630,0.0,0.0
2016-06-10 00:00:00-04:00,211.39999389648438,215.0,204.60000610351562,208.39999389648438,2850,0.0,0.0
2016-06-13 00:00:00-04:00,213.1999969482422,220.6999969482422,204.60000610351562,208.39999389648438,4190,0.0,0.0
2016-06-14 00:00:00-04:00,207.60000610351562,213.39999389648438,201.1999969482422,203.60000610351562,3015,0.0,0.0
2016-06-15 00:00:00-04:00,203.8000030517578,206.8000030517578,201.0,202.0,3680,0.0,0.0
2016-06-16 00:00:00-04:00,201.1999969482422,204.0,198.0,200.0,3205,0.0,0.0
2016-06-17 00:00:00-04:00,198.39999389648438,200.0,192.3000030517578,197.0,3780,0.0,0.0
2016-06-20 00:00:00-04:00,200.1999969482422,208.8000030517578,199.0,205.8000030517578,5560,0.0,0.0
2016-06-21 00:00:00-04:00,205.39999389648438,224.0,198.1999969482422,202.8000030517578,2030,0.0,0.0
2016-06-22 00:00:00-04:00,205.0,210.39999389648438,200.60000610351562,204.39999389648438,2050,0.0,0.0
2016-06-23 00:00:00-04:00,205.0,224.1999969482422,205.0,218.0,3895,0.0,0.0
2016-06-24 00:00:00-04:00,205.0,215.1999969482422,201.1999969482422,205.0,35590,0.0,0.0
2016-06-27 00:00:00-04:00,206.8000030517578,206.8000030517578,190.1999969482422,195.1999969482422,4425,0.0,0.0
2016-06-28 00:00:00-04:00,196.8000030517578,214.8000030517578,193.89999389648438,207.39999389648438,5270,0.0,0.0
2016-06-29 00:00:00-04:00,210.39999389648438,212.0,199.1999969482422,209.0,2095,0.0,0.0
2016-06-30 00:00:00-04:00,209.39999389648438,210.0,191.0,206.1999969482422,3505,0.0,0.0
2016-07-01 00:00:00-04:00,205.39999389648438,210.60000610351562,204.60000610351562,208.8000030517578,1225,0.0,0.0
2016-07-05 00:00:00-04:00,210.39999389648438,233.0,205.4199981689453,216.1999969482422,1435,0.0,0.0
2016-07-06 00:00:00-04:00,209.0,230.1999969482422,209.0,222.1999969482422,1970,0.0,0.0
2016-07-07 00:00:00-04:00,222.1999969482422,224.1999969482422,216.60000610351562,221.0,2295,0.0,0.0
2016-07-08 00:00:00-04:00,223.1999969482422,230.1999969482422,216.39999389648438,225.39999389648438,2675,0.0,0.0
2016-07-11 00:00:00-04:00,229.39999389648438,231.8000030517578,219.0,224.1999969482422,2885,0.0,0.0
2016-07-12 00:00:00-04:00,228.0,232.0,220.60000610351562,223.8000030517578,3130,0.0,0.0
2016-07-13 00:00:00-04:00,224.60000610351562,228.0,213.8000030517578,216.8000030517578,1555,0.0,0.0
2016-07-14 00:00:00-04:00,220.6999969482422,224.39999389648438,211.39999389648438,215.1999969482422,2095,0.0,0.0
2016-07-15 00:00:00-04:00,218.0,227.0,215.39999389648438,225.0,1075,0.0,0.0
2016-07-18 00:00:00-04:00,226.39999389648438,229.0,219.0,227.60000610351562,1855,0.0,0.0
2016-07-19 00:00:00-04:00,226.8000030517578,229.8000030517578,220.0,226.60000610351562,1960,0.0,0.0
2016-07-20 00:00:00-04:00,229.8000030517578,233.0,221.39999389648438,230.39999389648438,1365,0.0,0.0
2016-07-21 00:00:00-04:00,230.0,237.0,223.60000610351562,232.1999969482422,1880,0.0,0.0
2016-07-22 00:00:00-04:00,232.1999969482422,239.39999389648438,228.1999969482422,236.1999969482422,1860,0.0,0.0
2016-07-25 00:00:00-04:00,235.39999389648438,240.1999969482422,231.60000610351562,239.1999969482422,1420,0.0,0.0
2016-07-26 00:00:00-04:00,239.0,241.36000061035156,231.1999969482422,237.8000030517578,1675,0.0,0.0
2016-07-27 00:00:00-04:00,239.8000030517578,239.8000030517578,234.60000610351562,237.0,1395,0.0,0.0
2016-07-28 00:00:00-04:00,237.8000030517578,239.8000030517578,236.60000610351562,237.8000030517578,1420,0.0,0.0
2016-07-29 00:00:00-04:00,236.39999389648438,240.8000030517578,235.0,237.8000030517578,2585,0.0,0.0
2016-08-01 00:00:00-04:00,237.1999969482422,245.97999572753906,236.0,239.0,2260,0.0,0.0
2016-08-02 00:00:00-04:00,239.0,242.8000030517578,233.39999389648438,237.39999389648438,1205,0.0,0.0
2016-08-03 00:00:00-04:00,236.0,240.39999389648438,235.0,239.39999389648438,1835,0.0,0.0
2016-08-04 00:00:00-04:00,237.0,242.6999969482422,236.0,239.0,1850,0.0,0.0
2016-08-05 00:00:00-04:00,240.0,242.0,239.0,240.0,1270,0.0,0.0
2016-08-08 00:00:00-04:00,241.0,241.0,235.60000610351562,238.39999389648438,2145,0.0,0.0
2016-08-09 00:00:00-04:00,241.0,246.60000610351562,234.8000030517578,243.0,3055,0.0,0.0
2016-08-10 00:00:00-04:00,242.0,242.8000030517578,229.1999969482422,231.39999389648438,1915,0.0,0.0
2016-08-11 00:00:00-04:00,230.1999969482422,243.1999969482422,230.0,242.60000610351562,2185,0.0,0.0
2016-08-12 00:00:00-04:00,235.1999969482422,240.8000030517578,233.0,237.39999389648438,1560,0.0,0.0
2016-08-15 00:00:00-04:00,238.1999969482422,242.1999969482422,234.39999389648438,239.60000610351562,990,0.0,0.0
2016-08-16 00:00:00-04:00,239.8000030517578,240.0,231.8000030517578,232.1999969482422,1020,0.0,0.0
2016-08-17 00:00:00-04:00,236.8000030517578,236.8000030517578,225.6199951171875,227.8000030517578,625,0.0,0.0
2016-08-18 00:00:00-04:00,234.0,235.8000030517578,228.8000030517578,231.0,445,0.0,0.0
2016-08-19 00:00:00-04:00,231.0,242.0,227.0,238.1999969482422,1580,0.0,0.0
2016-08-22 00:00:00-04:00,235.1999969482422,237.8000030517578,231.5399932861328,234.39999389648438,650,0.0,0.0
2016-08-23 00:00:00-04:00,236.1999969482422,236.1999969482422,230.39999389648438,232.39999389648438,670,0.0,0.0
2016-08-24 00:00:00-04:00,230.60000610351562,235.39999389648438,224.8000030517578,225.8000030517578,1140,0.0,0.0
2016-08-25 00:00:00-04:00,233.60000610351562,233.60000610351562,217.8000030517578,219.39999389648438,915,0.0,0.0
2016-08-26 00:00:00-04:00,225.0,225.39999389648438,217.60000610351562,220.60000610351562,1060,0.0,0.0
2016-08-29 00:00:00-04:00,220.0,227.8000030517578,218.1999969482422,226.60000610351562,695,0.0,0.0
2016-08-30 00:00:00-04:00,226.0,231.60000610351562,225.63999938964844,229.8000030517578,685,0.0,0.0
2016-08-31 00:00:00-04:00,230.8000030517578,242.60000610351562,229.8000030517578,231.39999389648438,1480,0.0,0.0
2016-09-01 00:00:00-04:00,232.1999969482422,232.3800048828125,218.0,222.1999969482422,925,0.0,0.0
2016-09-02 00:00:00-04:00,224.0,224.0,216.1999969482422,219.0,1265,0.0,0.0
2016-09-06 00:00:00-04:00,222.60000610351562,228.0,219.1999969482422,226.1999969482422,625,0.0,0.0
2016-09-07 00:00:00-04:00,227.8000030517578,233.1999969482422,221.89999389648438,223.8000030517578,1935,0.0,0.0
2016-09-08 00:00:00-04:00,225.8000030517578,228.1999969482422,219.4199981689453,225.0,785,0.0,0.0
2016-09-09 00:00:00-04:00,225.0,225.0,216.0,218.0,870,0.0,0.0
2016-09-12 00:00:00-04:00,216.1999969482422,223.39999389648438,215.8800048828125,220.0,700,0.0,0.0
2016-09-13 00:00:00-04:00,220.0,224.60000610351562,219.1999969482422,221.8000030517578,935,0.0,0.0
2016-09-14 00:00:00-04:00,218.60000610351562,238.60000610351562,218.39999389648438,230.39999389648438,20840,0.0,0.0
2016-09-15 00:00:00-04:00,234.0,249.60000610351562,234.0,243.39999389648438,3210,0.0,0.0
2016-09-16 00:00:00-04:00,245.8000030517578,256.20001220703125,243.8000030517578,244.0,3840,0.0,0.0
2016-09-19 00:00:00-04:00,247.0,259.0,238.60000610351562,244.60000610351562,3625,0.0,0.0
2016-09-20 00:00:00-04:00,245.39999389648438,253.0,245.39999389648438,247.60000610351562,2620,0.0,0.0
2016-09-21 00:00:00-04:00,249.60000610351562,258.0,229.0,236.8000030517578,5250,0.0,0.0
2016-09-22 00:00:00-04:00,236.8000030517578,245.60000610351562,229.1999969482422,245.39999389648438,2030,0.0,0.0
2016-09-23 00:00:00-04:00,243.8000030517578,252.8000030517578,233.60000610351562,243.0,2840,0.0,0.0
2016-09-26 00:00:00-04:00,238.60000610351562,249.0,232.39999389648438,233.39999389648438,2295,0.0,0.0
2016-09-27 00:00:00-04:00,233.60000610351562,244.1999969482422,230.8800048828125,240.8000030517578,1550,0.0,0.0
2016-09-28 00:00:00-04:00,238.8000030517578,240.1999969482422,232.1999969482422,233.1999969482422,1660,0.0,0.0
2016-09-29 00:00:00-04:00,232.0,233.39999389648438,223.0,223.0,2860,0.0,0.0
2016-09-30 00:00:00-04:00,226.0,231.60000610351562,223.6999969482422,229.0,1135,0.0,0.0
2016-10-03 00:00:00-04:00,229.60000610351562,230.8000030517578,220.0,221.60000610351562,1870,0.0,0.0
2016-10-04 00:00:00-04:00,221.39999389648438,223.8000030517578,213.60000610351562,221.8000030517578,3510,0.0,0.0
2016-10-05 00:00:00-04:00,221.8000030517578,230.0,221.8000030517578,229.1999969482422,4220,0.0,0.0
2016-10-06 00:00:00-04:00,227.1999969482422,229.60000610351562,224.39999389648438,225.8000030517578,775,0.0,0.0
2016-10-07 00:00:00-04:00,206.0,209.0,200.8000030517578,202.0,36055,0.0,0.0
2016-10-10 00:00:00-04:00,203.39999389648438,205.5399932861328,201.39999389648438,202.1999969482422,5930,0.0,0.0
2016-10-11 00:00:00-04:00,202.0,203.8000030517578,200.0,201.1999969482422,3770,0.0,0.0
2016-10-12 00:00:00-04:00,201.8000030517578,202.39999389648438,200.0,201.0,3375,0.0,0.0
2016-10-13 00:00:00-04:00,200.0,203.39999389648438,199.60000610351562,200.39999389648438,4245,0.0,0.0
2016-10-14 00:00:00-04:00,202.1999969482422,210.39999389648438,198.0,198.39999389648438,9385,0.0,0.0
2016-10-17 00:00:00-04:00,199.39999389648438,199.5,197.0,198.1999969482422,1985,0.0,0.0
2016-10-18 00:00:00-04:00,202.0,202.0,196.39999389648438,198.0,2150,0.0,0.0
2016-10-19 00:00:00-04:00,198.39999389648438,198.52000427246094,188.1999969482422,192.8000030517578,4195,0.0,0.0
2016-10-20 00:00:00-04:00,193.39999389648438,200.0,192.60000610351562,198.60000610351562,4655,0.0,0.0
2016-10-21 00:00:00-04:00,197.0,204.0,196.39999389648438,201.60000610351562,7525,0.0,0.0
2016-10-24 00:00:00-04:00,203.8000030517578,211.39999389648438,202.60000610351562,203.0,4225,0.0,0.0
2016-10-25 00:00:00-04:00,204.39999389648438,207.1999969482422,198.1999969482422,199.60000610351562,4400,0.0,0.0
2016-10-26 00:00:00-04:00,199.0,200.60000610351562,194.8000030517578,196.60000610351562,2940,0.0,0.0
2016-10-27 00:00:00-04:00,198.1999969482422,199.39999389648438,193.1999969482422,197.39999389648438,4500,0.0,0.0
2016-10-28 00:00:00-04:00,202.1999969482422,202.60000610351562,194.1999969482422,197.0,5915,0.0,0.0
2016-10-31 00:00:00-04:00,198.0,198.0,189.0,190.0,11870,0.0,0.0
2016-11-01 00:00:00-04:00,192.0,192.0,183.0,186.0,7035,0.0,0.0
2016-11-02 00:00:00-04:00,183.0,185.0,177.0,181.0,3280,0.0,0.0
2016-11-03 00:00:00-04:00,181.0,181.0,174.0,174.0,3175,0.0,0.0
2016-11-04 00:00:00-04:00,175.0,182.0,173.1999969482422,178.0,3230,0.0,0.0
2016-11-07 00:00:00-05:00,182.0,182.5,173.0,180.0,3590,0.0,0.0
2016-11-08 00:00:00-05:00,178.0,183.0,175.0,180.0,2580,0.0,0.0
2016-11-09 00:00:00-05:00,181.0,205.0,181.0,203.0,3525,0.0,0.0
2016-11-10 00:00:00-05:00,207.0,221.55999755859375,201.0,218.0,2925,0.0,0.0
2016-11-11 00:00:00-05:00,222.0,237.0,219.0,230.0,6240,0.0,0.0
2016-11-14 00:00:00-05:00,229.0,235.0,222.0,231.0,3145,0.0,0.0
2016-11-15 00:00:00-05:00,231.0,231.0,222.0,228.0,1885,0.0,0.0
2016-11-16 00:00:00-05:00,227.0,231.0,222.0,230.0,2220,0.0,0.0
2016-11-17 00:00:00-05:00,229.0,231.0,220.0,223.0,1705,0.0,0.0
2016-11-18 00:00:00-05:00,224.0,224.0,217.0,221.0,1730,0.0,0.0
2016-11-21 00:00:00-05:00,219.0,221.89999389648438,214.0,217.0,2520,0.0,0.0
2016-11-22 00:00:00-05:00,215.0,220.0,213.0,216.0,1505,0.0,0.0
2016-11-23 00:00:00-05:00,214.0,225.0,204.5,221.0,1820,0.0,0.0
2016-11-25 00:00:00-05:00,221.0,221.0,211.0,217.0,1090,0.0,0.0
2016-11-28 00:00:00-05:00,217.0,222.60000610351562,205.0,213.0,1305,0.0,0.0
2016-11-29 00:00:00-05:00,215.0,219.0,206.0,211.0,1575,0.0,0.0
2016-11-30 00:00:00-05:00,212.0,216.66000366210938,199.0,208.0,2830,0.0,0.0
2016-12-01 00:00:00-05:00,208.0,221.60000610351562,196.0,203.0,1280,0.0,0.0
2016-12-02 00:00:00-05:00,200.0,212.0,196.0,203.0,1065,0.0,0.0
2016-12-05 00:00:00-05:00,207.0,216.77999877929688,207.0,216.0,1620,0.0,0.0
2016-12-06 00:00:00-05:00,215.0,220.0,211.0,217.0,1155,0.0,0.0
2016-12-07 00:00:00-05:00,214.0,218.0,212.0,214.0,1195,0.0,0.0
2016-12-08 00:00:00-05:00,212.0,220.0,206.5,218.0,2275,0.0,0.0
2016-12-09 00:00:00-05:00,221.0,221.0,206.0,214.0,7690,0.0,0.0
2016-12-12 00:00:00-05:00,210.0,210.0,199.0,203.0,1465,0.0,0.0
2016-12-13 00:00:00-05:00,208.0,209.0,199.0,202.0,670,0.0,0.0
2016-12-14 00:00:00-05:00,202.0,206.0,197.0,203.0,1100,0.0,0.0
2016-12-15 00:00:00-05:00,201.0,210.0,199.0,209.0,2225,0.0,0.0
2016-12-16 00:00:00-05:00,210.0,217.0,208.0,216.0,4845,0.0,0.0
2016-12-19 00:00:00-05:00,220.0,220.0,210.0,210.0,2260,0.0,0.0
2016-12-20 00:00:00-05:00,214.0,221.0,210.0,221.0,2050,0.0,0.0
2016-12-21 00:00:00-05:00,233.0,233.0,215.0,218.0,3410,0.0,0.0
2016-12-22 00:00:00-05:00,215.0,219.0,203.0,204.0,2460,0.0,0.0
2016-12-23 00:00:00-05:00,206.0,221.0,206.0,220.0,1380,0.0,0.0
2016-12-27 00:00:00-05:00,220.0,224.0,215.0,218.0,1855,0.0,0.0
2016-12-28 00:00:00-05:00,216.0,220.5,214.0,218.0,1525,0.0,0.0
2016-12-29 00:00:00-05:00,219.0,220.0,209.0,215.0,1425,0.0,0.0
2016-12-30 00:00:00-05:00,216.0,216.0,204.0,208.0,2565,0.0,0.0
2017-01-03 00:00:00-05:00,210.0,212.47999572753906,201.5,203.0,1820,0.0,0.0
2017-01-04 00:00:00-05:00,205.0,220.0,205.0,215.0,4230,0.0,0.0
2017-01-05 00:00:00-05:00,210.0,216.0,207.0,208.0,1620,0.0,0.0
2017-01-06 00:00:00-05:00,211.0,214.0,205.0,212.0,725,0.0,0.0
2017-01-09 00:00:00-05:00,212.0,213.0,205.0,206.0,1105,0.0,0.0
2017-01-10 00:00:00-05:00,209.0,209.0,199.0,203.0,4440,0.0,0.0
2017-01-11 00:00:00-05:00,202.0,206.0,196.0,198.0,8040,0.0,0.0
2017-01-12 00:00:00-05:00,198.0,202.0,195.0,198.0,2400,0.0,0.0
2017-01-13 00:00:00-05:00,200.0,202.0,196.0,199.0,6745,0.0,0.0
2017-01-17 00:00:00-05:00,200.0,200.0,189.1999969482422,194.0,3750,0.0,0.0
2017-01-18 00:00:00-05:00,195.0,198.0,186.0,188.0,4035,0.0,0.0
2017-01-19 00:00:00-05:00,188.0,189.0,182.0,183.0,6090,0.0,0.0
2017-01-20 00:00:00-05:00,183.0,186.0,180.0,185.0,2830,0.0,0.0
2017-01-23 00:00:00-05:00,184.0,190.0,182.47999572753906,189.0,2625,0.0,0.0
2017-01-24 00:00:00-05:00,185.0,192.0,182.0,189.0,2205,0.0,0.0
2017-01-25 00:00:00-05:00,188.0,198.0,184.0,196.0,3560,0.0,0.0
2017-01-26 00:00:00-05:00,197.0,197.0,183.5,193.0,2730,0.0,0.0
2017-01-27 00:00:00-05:00,193.0,194.0,184.0,189.0,1415,0.0,0.0
2017-01-30 00:00:00-05:00,186.0,194.0,182.5,191.0,3100,0.0,0.0
2017-01-31 00:00:00-05:00,188.0,199.0,188.0,198.0,3300,0.0,0.0
2017-02-01 00:00:00-05:00,199.0,202.0,190.0,190.0,1655,0.0,0.0
2017-02-02 00:00:00-05:00,192.0,192.0,185.5,189.0,730,0.0,0.0
2017-02-03 00:00:00-05:00,191.0,195.0,188.0,192.0,990,0.0,0.0
2017-02-06 00:00:00-05:00,193.0,195.0,190.5,192.0,1050,0.0,0.0
2017-02-07 00:00:00-05:00,191.5,203.0,191.5,201.0,3310,0.0,0.0
2017-02-08 00:00:00-05:00,198.0,210.0,196.0,208.0,3605,0.0,0.0
2017-02-09 00:00:00-05:00,208.0,220.0,208.0,218.0,3880,0.0,0.0
2017-02-10 00:00:00-05:00,220.0,220.32000732421875,214.0,219.0,1835,0.0,0.0
2017-02-13 00:00:00-05:00,221.0,223.47999572753906,217.0,222.0,3165,0.0,0.0
2017-02-14 00:00:00-05:00,224.0,225.0,218.0,224.0,1740,0.0,0.0
2017-02-15 00:00:00-05:00,222.0,229.0,221.0,228.0,3340,0.0,0.0
2017-02-16 00:00:00-05:00,229.0,230.0,220.0,229.0,2045,0.0,0.0
2017-02-17 00:00:00-05:00,229.0,235.0,229.0,234.0,1625,0.0,0.0
2017-02-21 00:00:00-05:00,155.0,155.0,133.0,144.0,39750,0.0,0.0
2017-02-22 00:00:00-05:00,145.0,146.0,139.0,142.0,11750,0.0,0.0
2017-02-23 00:00:00-05:00,143.0,144.0,139.0,143.0,11815,0.0,0.0
2017-02-24 00:00:00-05:00,140.0,153.0,140.0,151.0,8450,0.0,0.0
2017-02-27 00:00:00-05:00,155.0,155.0,145.0,149.0,4485,0.0,0.0
2017-02-28 00:00:00-05:00,148.0,148.0,143.0,144.0,2920,0.0,0.0
2017-03-01 00:00:00-05:00,146.0,146.0,141.0,144.0,2780,0.0,0.0
2017-03-02 00:00:00-05:00,145.0,148.0,142.0,144.0,1585,0.0,0.0
2017-03-03 00:00:00-05:00,145.0,146.5,143.0,143.0,2985,0.0,0.0
2017-03-06 00:00:00-05:00,144.0,144.0,140.0,141.0,3445,0.0,0.0
2017-03-07 00:00:00-05:00,141.0,144.0,140.0,141.0,2620,0.0,0.0
2017-03-08 00:00:00-05:00,142.0,143.0,140.0,140.0,3395,0.0,0.0
2017-03-09 00:00:00-05:00,140.0,142.0,138.0,141.0,4750,0.0,0.0
2017-03-10 00:00:00-05:00,142.0,151.0,140.0,146.0,5170,0.0,0.0
2017-03-13 00:00:00-04:00,146.0,150.0,139.0,142.0,4705,0.0,0.0
2017-03-14 00:00:00-04:00,142.0,142.0,138.0,139.0,3015,0.0,0.0
2017-03-15 00:00:00-04:00,140.0,147.0,139.0,147.0,2470,0.0,0.0
2017-03-16 00:00:00-04:00,147.0,148.0,139.0,141.0,4275,0.0,0.0
2017-03-17 00:00:00-04:00,139.0,146.0,139.0,143.0,2775,0.0,0.0
2017-03-20 00:00:00-04:00,143.0,144.0,139.0,142.0,12930,0.0,0.0
2017-03-21 00:00:00-04:00,144.0,144.1999969482422,137.89999389648438,140.0,5585,0.0,0.0
2017-03-22 00:00:00-04:00,140.0,143.0,139.5,141.0,2980,0.0,0.0
2017-03-23 00:00:00-04:00,141.0,150.0,141.0,149.0,2930,0.0,0.0
2017-03-24 00:00:00-04:00,149.0,153.0,144.0,145.0,2085,0.0,0.0
2017-03-27 00:00:00-04:00,144.0,157.8000030517578,143.0,154.0,2615,0.0,0.0
2017-03-28 00:00:00-04:00,154.0,156.0,146.0,150.0,1480,0.0,0.0
2017-03-29 00:00:00-04:00,149.0,155.0,145.0,150.0,1000,0.0,0.0
2017-03-30 00:00:00-04:00,146.0,156.0,146.0,154.0,3075,0.0,0.0
2017-03-31 00:00:00-04:00,154.0,157.5,150.0,156.0,4100,0.0,0.0
2017-04-03 00:00:00-04:00,155.0,155.0,145.0,148.0,2855,0.0,0.0
2017-04-04 00:00:00-04:00,148.0,152.0,138.0,140.0,3105,0.0,0.0
2017-04-05 00:00:00-04:00,145.0,150.0,139.5,149.0,6805,0.0,0.0
2017-04-06 00:00:00-04:00,149.0,149.0,142.0,145.0,2005,0.0,0.0
2017-04-07 00:00:00-04:00,146.0,153.0,142.0,144.0,2730,0.0,0.0
2017-04-10 00:00:00-04:00,143.0,145.0,140.0,140.0,3555,0.0,0.0
2017-04-11 00:00:00-04:00,141.0,141.0,136.0,139.0,4120,0.0,0.0
2017-04-12 00:00:00-04:00,144.0,144.0,137.0,138.0,4750,0.0,0.0
2017-04-13 00:00:00-04:00,139.0,139.0,131.0,134.0,3555,0.0,0.0
2017-04-17 00:00:00-04:00,135.0,135.0,128.0,131.0,4505,0.0,0.0
2017-04-18 00:00:00-04:00,130.0,130.0,126.0,129.0,4725,0.0,0.0
2017-04-19 00:00:00-04:00,130.0,130.0,126.0,127.0,4075,0.0,0.0
2017-04-20 00:00:00-04:00,127.0,133.0,122.0,126.0,4110,0.0,0.0
2017-04-21 00:00:00-04:00,134.0,144.0,132.0,141.0,15040,0.0,0.0
2017-04-24 00:00:00-04:00,143.0,147.36000061035156,137.0,144.0,7335,0.0,0.0
2017-04-25 00:00:00-04:00,147.0,152.0,144.0,149.0,8600,0.0,0.0
2017-04-26 00:00:00-04:00,150.0,157.0,144.1999969482422,154.0,32870,0.0,0.0
2017-04-27 00:00:00-04:00,155.0,160.5,140.0,150.0,29305,0.0,0.0
2017-04-28 00:00:00-04:00,149.0,158.0,149.0,155.0,6335,0.0,0.0
2017-05-01 00:00:00-04:00,156.0,156.0,151.1999969482422,153.0,3155,0.0,0.0
2017-05-02 00:00:00-04:00,154.0,158.0,151.0,153.0,2690,0.0,0.0
2017-05-03 00:00:00-04:00,152.0,153.5,146.0,147.0,2635,0.0,0.0
2017-05-04 00:00:00-04:00,146.0,147.16000366210938,143.0,145.0,2270,0.0,0.0
2017-05-05 00:00:00-04:00,145.0,146.0,142.0,143.0,4070,0.0,0.0
2017-05-08 00:00:00-04:00,142.0,144.0,140.0,144.0,3350,0.0,0.0
2017-05-09 00:00:00-04:00,144.0,145.0,134.0,135.0,5110,0.0,0.0
2017-05-10 00:00:00-04:00,135.0,140.0,132.0,137.0,4355,0.0,0.0
2017-05-11 00:00:00-04:00,136.0,143.0,133.24000549316406,142.0,4825,0.0,0.0
2017-05-12 00:00:00-04:00,141.0,148.0,141.0,146.0,4165,0.0,0.0
2017-05-15 00:00:00-04:00,147.5,152.0,146.0,148.0,2460,0.0,0.0
2017-05-16 00:00:00-04:00,147.0,147.0,145.0,146.0,1940,0.0,0.0
2017-05-17 00:00:00-04:00,144.0,144.0,138.0,139.0,6565,0.0,0.0
2017-05-18 00:00:00-04:00,142.0,142.0,135.0,136.0,3700,0.0,0.0
2017-05-19 00:00:00-04:00,137.0,137.8000030517578,134.0,136.0,4815,0.0,0.0
2017-05-22 00:00:00-04:00,135.0,135.5,133.0,135.0,3370,0.0,0.0
2017-05-23 00:00:00-04:00,134.0,134.0,132.0,133.0,4025,0.0,0.0
2017-05-24 00:00:00-04:00,134.0,137.0,132.0,134.0,2175,0.0,0.0
2017-05-25 00:00:00-04:00,136.0,137.0,133.0,134.0,3500,0.0,0.0
2017-05-26 00:00:00-04:00,135.0,136.0,133.0,135.0,5395,0.0,0.0
2017-05-30 00:00:00-04:00,134.0,135.0,126.0,127.0,7815,0.0,0.0
2017-05-31 00:00:00-04:00,128.0,129.8800048828125,119.0,120.0,11925,0.0,0.0
2017-06-01 00:00:00-04:00,121.0,127.9000015258789,119.0,124.0,5860,0.0,0.0
2017-06-02 00:00:00-04:00,124.0,130.0,122.0,126.0,6345,0.0,0.0
2017-06-05 00:00:00-04:00,127.0,127.0,113.0,119.0,5630,0.0,0.0
2017-06-06 00:00:00-04:00,118.0,120.9000015258789,116.0,118.0,2045,0.0,0.0
2017-06-07 00:00:00-04:00,118.0,119.62000274658203,115.0,118.0,7075,0.0,0.0
2017-06-08 00:00:00-04:00,119.0,130.0,119.0,123.0,6545,0.0,0.0
2017-06-09 00:00:00-04:00,122.0,123.62000274658203,120.0,121.0,6715,0.0,0.0
2017-06-12 00:00:00-04:00,121.0,123.0,119.0,122.0,7180,0.0,0.0
2017-06-13 00:00:00-04:00,123.0,135.0,123.0,134.0,6465,0.0,0.0
2017-06-14 00:00:00-04:00,135.0,148.0,130.1999969482422,140.0,11765,0.0,0.0
2017-06-15 00:00:00-04:00,140.0,147.0,136.39999389648438,144.0,5595,0.0,0.0
2017-06-16 00:00:00-04:00,142.0,142.0,132.0,137.0,7450,0.0,0.0
2017-06-19 00:00:00-04:00,137.0,139.0,134.0,136.0,6855,0.0,0.0
2017-06-20 00:00:00-04:00,135.8000030517578,144.0,134.0,139.0,4650,0.0,0.0
2017-06-21 00:00:00-04:00,140.0,146.0,137.0,145.0,4495,0.0,0.0
2017-06-22 00:00:00-04:00,146.0,147.0,136.0,138.0,8945,0.0,0.0
2017-06-23 00:00:00-04:00,137.0,139.5,132.0,134.0,69410,0.0,0.0
2017-06-26 00:00:00-04:00,140.0,147.0,130.0,146.0,14520,0.0,0.0
2017-06-27 00:00:00-04:00,146.0,149.0,140.0,147.0,8805,0.0,0.0
2017-06-28 00:00:00-04:00,147.0,149.0,144.0,146.0,7485,0.0,0.0
2017-06-29 00:00:00-04:00,145.0,150.0,141.0,150.0,7965,0.0,0.0
2017-06-30 00:00:00-04:00,150.0,154.0,147.0,150.0,6450,0.0,0.0
2017-07-03 00:00:00-04:00,152.0,152.0,150.0,152.0,1570,0.0,0.0
2017-07-05 00:00:00-04:00,151.0,151.0,140.0,148.0,5035,0.0,0.0
2017-07-06 00:00:00-04:00,147.0,151.1999969482422,134.0,136.0,10870,0.0,0.0
2017-07-07 00:00:00-04:00,138.0,145.0,138.0,145.0,10140,0.0,0.0
2017-07-10 00:00:00-04:00,146.0,146.0,140.0,143.0,7200,0.0,0.0
2017-07-11 00:00:00-04:00,142.0,146.0,140.0,144.0,3670,0.0,0.0
2017-07-12 00:00:00-04:00,145.0,147.0,140.0,146.0,4900,0.0,0.0
2017-07-13 00:00:00-04:00,147.0,148.0,143.0,145.0,7795,0.0,0.0
2017-07-14 00:00:00-04:00,146.0,154.0,144.0,154.0,7150,0.0,0.0
2017-07-17 00:00:00-04:00,154.0,161.0,152.5,158.0,7000,0.0,0.0
2017-07-18 00:00:00-04:00,158.0,161.0,156.0,156.0,3815,0.0,0.0
2017-07-19 00:00:00-04:00,155.0,160.0,155.0,159.0,3120,0.0,0.0
2017-07-20 00:00:00-04:00,159.0,163.0,158.0,160.0,5645,0.0,0.0
2017-07-21 00:00:00-04:00,158.0,163.0,153.0,160.0,1955,0.0,0.0
2017-07-24 00:00:00-04:00,159.0,163.0,156.0,162.0,3270,0.0,0.0
2017-07-25 00:00:00-04:00,162.0,163.0,161.0,161.0,2890,0.0,0.0
2017-07-26 00:00:00-04:00,162.0,163.0,161.0,161.0,2790,0.0,0.0
2017-07-27 00:00:00-04:00,161.0,163.0,155.0,158.0,8110,0.0,0.0
2017-07-28 00:00:00-04:00,144.0,151.0,140.0,146.0,9290,0.0,0.0
2017-07-31 00:00:00-04:00,145.0,148.0,140.0,140.0,2605,0.0,0.0
2017-08-01 00:00:00-04:00,141.0,141.0,134.0,135.0,8645,0.0,0.0
2017-08-02 00:00:00-04:00,135.0,137.0,131.0,133.0,4245,0.0,0.0
2017-08-03 00:00:00-04:00,134.0,140.0,133.0,135.0,3525,0.0,0.0
2017-08-04 00:00:00-04:00,136.0,137.0,133.0,135.0,1785,0.0,0.0
2017-08-07 00:00:00-04:00,135.0,138.0,132.0,136.0,2405,0.0,0.0
2017-08-08 00:00:00-04:00,135.0,140.0,133.0,139.0,4275,0.0,0.0
2017-08-09 00:00:00-04:00,137.0,137.0,128.5,130.0,8305,0.0,0.0
2017-08-10 00:00:00-04:00,128.0,128.0,113.5,124.0,10120,0.0,0.0
2017-08-11 00:00:00-04:00,128.0,134.0,122.0,123.0,1950,0.0,0.0
2017-08-14 00:00:00-04:00,124.0,127.0,117.0,117.0,6270,0.0,0.0
2017-08-15 00:00:00-04:00,117.0,122.5,112.0,115.0,8845,0.0,0.0
2017-08-16 00:00:00-04:00,115.0,119.0,112.0,116.0,10125,0.0,0.0
2017-08-17 00:00:00-04:00,115.0,131.0,115.0,129.5,11970,0.0,0.0
2017-08-18 00:00:00-04:00,128.0,137.0,122.19999694824219,135.0,5840,0.0,0.0
2017-08-21 00:00:00-04:00,134.0,135.0,128.0,135.0,2665,0.0,0.0
2017-08-22 00:00:00-04:00,123.0,136.0,123.0,135.0,3180,0.0,0.0
2017-08-23 00:00:00-04:00,132.0,137.0,128.0,135.0,7155,0.0,0.0
2017-08-24 00:00:00-04:00,132.60000610351562,141.0,129.0,140.0,3535,0.0,0.0
2017-08-25 00:00:00-04:00,140.0,141.0,138.0,140.0,1850,0.0,0.0
2017-08-28 00:00:00-04:00,140.0,145.0,137.6199951171875,144.0,5070,0.0,0.0
2017-08-29 00:00:00-04:00,144.0,146.0,142.0,143.0,2770,0.0,0.0
2017-08-30 00:00:00-04:00,141.0,142.0,136.0,140.0,2410,0.0,0.0
2017-08-31 00:00:00-04:00,141.0,143.0,136.0,138.0,2730,0.0,0.0
2017-09-01 00:00:00-04:00,136.0,145.0,135.0,144.0,3240,0.0,0.0
2017-09-05 00:00:00-04:00,143.0,144.0,138.0,140.0,3165,0.0,0.0
2017-09-06 00:00:00-04:00,140.0,140.0,131.0,133.0,2720,0.0,0.0
2017-09-07 00:00:00-04:00,133.0,137.0,131.0,134.0,1525,0.0,0.0
2017-09-08 00:00:00-04:00,136.0,138.0,132.0,132.0,1845,0.0,0.0
2017-09-11 00:00:00-04:00,131.0,138.0,131.0,134.0,2785,0.0,0.0
2017-09-12 00:00:00-04:00,135.0,137.0,133.0,133.0,2315,0.0,0.0
2017-09-13 00:00:00-04:00,137.0,139.0,135.8000030517578,139.0,5965,0.0,0.0
2017-09-14 00:00:00-04:00,140.0,142.0,136.0,137.0,6620,0.0,0.0
2017-09-15 00:00:00-04:00,138.0,141.0,134.0,140.0,4385,0.0,0.0
2017-09-18 00:00:00-04:00,139.0,141.0,135.1999969482422,139.0,2295,0.0,0.0
2017-09-19 00:00:00-04:00,139.0,139.0,136.8800048828125,138.0,1085,0.0,0.0
2017-09-20 00:00:00-04:00,139.0,144.0,135.0,139.0,9315,0.0,0.0
2017-09-21 00:00:00-04:00,140.0,145.0,139.0,143.0,6245,0.0,0.0
2017-09-22 00:00:00-04:00,141.39999389648438,155.0,141.39999389648438,152.0,7930,0.0,0.0
2017-09-25 00:00:00-04:00,156.0,176.0,152.5,157.0,14985,0.0,0.0
2017-09-26 00:00:00-04:00,156.0,167.0,145.0,161.0,6790,0.0,0.0
2017-09-27 00:00:00-04:00,163.0,164.0,155.0,159.0,2485,0.0,0.0
2017-09-28 00:00:00-04:00,161.0,164.0,156.0,159.0,4025,0.0,0.0
2017-09-29 00:00:00-04:00,158.0,170.0,157.5,162.0,3790,0.0,0.0
2017-10-02 00:00:00-04:00,165.0,167.0,160.0,163.0,3945,0.0,0.0
2017-10-03 00:00:00-04:00,165.0,166.0,159.0,160.0,2170,0.0,0.0
2017-10-04 00:00:00-04:00,162.0,164.0,158.1999969482422,163.0,1830,0.0,0.0
2017-10-05 00:00:00-04:00,164.0,165.0,158.0,160.0,2490,0.0,0.0
2017-10-06 00:00:00-04:00,159.0,159.89999389648438,144.0,146.0,9025,0.0,0.0
2017-10-09 00:00:00-04:00,147.0,153.0,142.0,147.0,3115,0.0,0.0
2017-10-10 00:00:00-04:00,149.0,154.0,144.0,149.0,2050,0.0,0.0
2017-10-11 00:00:00-04:00,147.0,154.0,144.0,144.0,2520,0.0,0.0
2017-10-12 00:00:00-04:00,144.0,150.0,144.0,144.0,2525,0.0,0.0
2017-10-13 00:00:00-04:00,142.0,147.36000061035156,140.0,141.0,3100,0.0,0.0
2017-10-16 00:00:00-04:00,142.0,143.0,136.0,138.0,4095,0.0,0.0
2017-10-17 00:00:00-04:00,137.0,139.0,132.0,134.0,3455,0.0,0.0
2017-10-18 00:00:00-04:00,137.0,138.0,123.0,127.0,4725,0.0,0.0
2017-10-19 00:00:00-04:00,131.0,140.0,126.0,138.0,5925,0.0,0.0
2017-10-20 00:00:00-04:00,138.0,154.0,137.0,150.0,6280,0.0,0.0
2017-10-23 00:00:00-04:00,151.0,162.0,144.10000610351562,154.0,6375,0.0,0.0
2017-10-24 00:00:00-04:00,156.0,170.0,153.4199981689453,157.0,5790,0.0,0.0
2017-10-25 00:00:00-04:00,158.0,176.0,155.0,175.0,11120,0.0,0.0
2017-10-26 00:00:00-04:00,174.0,175.0,156.0,157.0,3560,0.0,0.0
2017-10-27 00:00:00-04:00,158.0,158.0,152.1999969482422,154.0,2070,0.0,0.0
2017-10-30 00:00:00-04:00,154.0,159.0,151.3000030517578,155.0,2740,0.0,0.0
2017-10-31 00:00:00-04:00,156.0,158.0,152.0,154.0,2065,0.0,0.0
2017-11-01 00:00:00-04:00,155.0,156.0,147.0,148.0,3265,0.0,0.0
2017-11-02 00:00:00-04:00,147.0,152.0,142.0,147.0,5075,0.0,0.0
2017-11-03 00:00:00-04:00,146.0,167.0,142.0,162.0,3525,0.0,0.0
2017-11-06 00:00:00-05:00,163.0,165.0,157.0,160.0,1420,0.0,0.0
2017-11-07 00:00:00-05:00,159.0,163.0,154.97999572753906,162.0,2500,0.0,0.0
2017-11-08 00:00:00-05:00,160.0,163.0,154.0,159.0,2515,0.0,0.0
2017-11-09 00:00:00-05:00,158.0,170.0,152.0,153.0,4615,0.0,0.0
2017-11-10 00:00:00-05:00,154.0,163.0,154.0,156.0,2740,0.0,0.0
2017-11-13 00:00:00-05:00,158.0,159.0,151.0,151.0,3150,0.0,0.0
2017-11-14 00:00:00-05:00,156.0,156.0,148.0,150.0,7740,0.0,0.0
2017-11-15 00:00:00-05:00,149.0,154.0,149.0,152.0,6320,0.0,0.0
2017-11-16 00:00:00-05:00,153.0,157.0,150.0,152.0,5085,0.0,0.0
2017-11-17 00:00:00-05:00,155.0,157.5,154.0,157.0,1855,0.0,0.0
2017-11-20 00:00:00-05:00,156.0,159.0,154.0,159.0,1690,0.0,0.0
2017-11-21 00:00:00-05:00,157.0,165.0,157.0,163.0,3675,0.0,0.0
2017-11-22 00:00:00-05:00,161.0,170.0,161.0,164.0,6255,0.0,0.0
2017-11-24 00:00:00-05:00,165.0,170.0,163.0,167.0,1385,0.0,0.0
2017-11-27 00:00:00-05:00,167.0,170.0,165.0,167.0,2515,0.0,0.0
2017-11-28 00:00:00-05:00,166.0,170.0,162.0,162.0,2870,0.0,0.0
2017-11-29 00:00:00-05:00,163.0,166.0,158.0,161.0,5830,0.0,0.0
2017-11-30 00:00:00-05:00,162.0,164.0,156.0,158.0,2435,0.0,0.0
2017-12-01 00:00:00-05:00,160.0,161.0,155.0,160.0,2900,0.0,0.0
2017-12-04 00:00:00-05:00,160.0,162.0,157.0,159.0,2465,0.0,0.0
2017-12-05 00:00:00-05:00,157.67999267578125,160.0,154.0,158.0,1455,0.0,0.0
2017-12-06 00:00:00-05:00,155.0,157.05999755859375,152.0,155.0,1455,0.0,0.0
2017-12-07 00:00:00-05:00,155.0,160.0,154.0,158.0,2205,0.0,0.0
2017-12-08 00:00:00-05:00,157.0,159.0,150.0,153.0,3335,0.0,0.0
2017-12-11 00:00:00-05:00,152.0,153.0,149.0,149.0,3195,0.0,0.0
2017-12-12 00:00:00-05:00,149.0,149.0,141.0,142.0,3390,0.0,0.0
2017-12-13 00:00:00-05:00,143.0,150.0,136.0,141.0,5000,0.0,0.0
2017-12-14 00:00:00-05:00,139.0,145.0,135.0,142.0,5690,0.0,0.0
2017-12-15 00:00:00-05:00,142.0,146.0,138.0,142.0,3875,0.0,0.0
2017-12-18 00:00:00-05:00,141.0,144.8000030517578,135.0,140.0,2910,0.0,0.0
2017-12-19 00:00:00-05:00,140.0,144.0,138.0,142.0,3140,0.0,0.0
2017-12-20 00:00:00-05:00,144.0,144.0,141.0,142.0,1875,0.0,0.0
2017-12-21 00:00:00-05:00,141.0,145.0,140.0,143.0,2325,0.0,0.0
2017-12-22 00:00:00-05:00,143.0,144.0,138.0,144.0,3295,0.0,0.0
2017-12-26 00:00:00-05:00,149.0,150.0,142.0,146.5,2210,0.0,0.0
2017-12-27 00:00:00-05:00,146.0,147.0,145.0,147.0,3450,0.0,0.0
2017-12-28 00:00:00-05:00,149.1199951171875,150.0,137.0,138.0,15120,0.0,0.0
2017-12-29 00:00:00-05:00,137.0,142.0,130.0,136.0,5615,0.0,0.0
2018-01-02 00:00:00-05:00,137.0,146.5,132.0,139.0,5155,0.0,0.0
2018-01-03 00:00:00-05:00,136.0,144.0,136.0,141.0,2250,0.0,0.0
2018-01-04 00:00:00-05:00,141.0,144.0,140.0,142.0,3385,0.0,0.0
2018-01-05 00:00:00-05:00,141.0,143.0,138.0,140.0,7840,0.0,0.0
2018-01-08 00:00:00-05:00,140.0,145.0,138.0,139.0,2610,0.0,0.0
2018-01-09 00:00:00-05:00,140.0,142.10000610351562,139.5,141.0,3655,0.0,0.0
2018-01-10 00:00:00-05:00,142.0,149.0,139.1999969482422,147.5,5320,0.0,0.0
2018-01-11 00:00:00-05:00,149.0,152.0,147.60000610351562,152.0,3905,0.0,0.0
2018-01-12 00:00:00-05:00,153.0,155.0,151.0,151.0,3570,0.0,0.0
2018-01-16 00:00:00-05:00,152.0,155.0,141.0,145.0,5290,0.0,0.0
2018-01-17 00:00:00-05:00,145.0,151.89999389648438,143.0,144.0,1605,0.0,0.0
2018-01-18 00:00:00-05:00,144.0,146.0,141.10000610351562,144.0,1770,0.0,0.0
2018-01-19 00:00:00-05:00,146.0,148.0,145.0,146.0,3070,0.0,0.0
2018-01-22 00:00:00-05:00,147.0,152.3800048828125,147.0,150.0,10775,0.0,0.0
2018-01-23 00:00:00-05:00,151.0,153.8000030517578,147.0,147.0,4950,0.0,0.0
2018-01-24 00:00:00-05:00,149.0,150.0,144.0,144.5,4615,0.0,0.0
2018-01-25 00:00:00-05:00,151.0,151.0,141.0,147.0,2865,0.0,0.0
2018-01-26 00:00:00-05:00,146.0,150.0,145.0,146.0,2815,0.0,0.0
2018-01-29 00:00:00-05:00,150.0,150.0,146.0,148.0,4140,0.0,0.0
2018-01-30 00:00:00-05:00,148.0,150.0,146.0,150.0,3125,0.0,0.0
2018-01-31 00:00:00-05:00,151.0,152.0,142.0,143.0,3885,0.0,0.0
2018-02-01 00:00:00-05:00,144.0,148.52000427246094,143.0,145.0,1750,0.0,0.0
2018-02-02 00:00:00-05:00,143.0,144.8000030517578,136.0,138.0,6540,0.0,0.0
2018-02-05 00:00:00-05:00,137.0,147.0,137.0,140.0,4445,0.0,0.0
2018-02-06 00:00:00-05:00,138.0,141.0,133.0,135.0,5625,0.0,0.0
2018-02-07 00:00:00-05:00,137.0,137.0,126.83999633789062,133.5,6865,0.0,0.0
2018-02-08 00:00:00-05:00,134.0,138.0,131.0,131.0,4410,0.0,0.0
2018-02-09 00:00:00-05:00,132.0,134.8000030517578,118.0,128.0,3845,0.0,0.0
2018-02-12 00:00:00-05:00,128.0,135.4600067138672,122.0,130.0,3035,0.0,0.0
2018-02-13 00:00:00-05:00,131.0,136.0,129.0,133.0,1015,0.0,0.0
2018-02-14 00:00:00-05:00,134.0,138.0,132.0,136.0,1955,0.0,0.0
2018-02-15 00:00:00-05:00,137.0,138.0,134.0,136.0,1325,0.0,0.0
2018-02-16 00:00:00-05:00,137.0,139.0,134.0,139.0,1950,0.0,0.0
2018-02-20 00:00:00-05:00,140.0,140.0,131.0,134.0,4555,0.0,0.0
2018-02-21 00:00:00-05:00,135.0,139.0,133.0,136.0,1430,0.0,0.0
2018-02-22 00:00:00-05:00,135.0,139.89999389648438,132.0,134.0,2420,0.0,0.0
2018-02-23 00:00:00-05:00,133.4600067138672,136.0,129.66000366210938,131.0,2765,0.0,0.0
2018-02-26 00:00:00-05:00,130.0,138.0,130.0,135.0,3155,0.0,0.0
2018-02-27 00:00:00-05:00,137.0,144.0,135.0,137.0,6135,0.0,0.0
2018-02-28 00:00:00-05:00,139.0,143.0,134.0,134.0,6680,0.0,0.0
2018-03-01 00:00:00-05:00,135.0,144.0,135.0,142.0,5200,0.0,0.0
2018-03-02 00:00:00-05:00,139.0,139.0,129.5,134.0,6925,0.0,0.0
2018-03-05 00:00:00-05:00,134.0,139.0,133.0,135.0,3715,0.0,0.0
2018-03-06 00:00:00-05:00,137.0,143.0,132.0,142.0,11655,0.0,0.0
2018-03-07 00:00:00-05:00,143.0,149.0,138.1999969482422,147.0,16150,0.0,0.0
2018-03-08 00:00:00-05:00,149.0,166.0,145.0,163.0,60970,0.0,0.0
2018-03-09 00:00:00-05:00,161.0,165.0,155.0,159.0,9620,0.0,0.0
2018-03-12 00:00:00-04:00,160.0,165.0,155.0,161.0,5880,0.0,0.0
2018-03-13 00:00:00-04:00,160.0,165.0,160.0,161.0,4940,0.0,0.0
2018-03-14 00:00:00-04:00,162.0,165.0,160.0,163.0,5625,0.0,0.0
2018-03-15 00:00:00-04:00,164.0,171.0,160.0,163.0,7830,0.0,0.0
2018-03-16 00:00:00-04:00,164.0,165.0,156.0,158.0,5600,0.0,0.0
2018-03-19 00:00:00-04:00,137.0,140.0,118.0,120.0,122725,0.0,0.0
2018-03-20 00:00:00-04:00,124.0,124.0,109.0,110.0,46405,0.0,0.0
2018-03-21 00:00:00-04:00,112.0,115.80000305175781,106.0,108.0,42510,0.0,0.0
2018-03-22 00:00:00-04:00,107.0,113.0,105.0,108.0,16265,0.0,0.0
2018-03-23 00:00:00-04:00,107.0,111.0,105.0999984741211,107.0,14135,0.0,0.0
2018-03-26 00:00:00-04:00,107.0,108.0,91.0,93.0,22020,0.0,0.0
2018-03-27 00:00:00-04:00,94.0,96.0,86.0,86.0,14960,0.0,0.0
2018-03-28 00:00:00-04:00,87.0,88.0,80.0,80.0,31205,0.0,0.0
2018-03-29 00:00:00-04:00,82.0,87.0,80.0,80.0,24835,0.0,0.0
2018-04-02 00:00:00-04:00,81.0,83.0,75.0,79.0,13915,0.0,0.0
2018-04-03 00:00:00-04:00,80.0,81.0,75.0999984741211,78.0,14900,0.0,0.0
2018-04-04 00:00:00-04:00,78.0,81.0,77.0,80.0,18580,0.0,0.0
2018-04-05 00:00:00-04:00,81.0,87.0,78.0,80.0,26585,0.0,0.0
2018-04-06 00:00:00-04:00,80.0,81.0,75.0,77.0,13675,0.0,0.0
2018-04-09 00:00:00-04:00,76.0,81.0,74.0,75.0,21125,0.0,0.0
2018-04-10 00:00:00-04:00,77.0,81.0,75.0,78.0,13965,0.0,0.0
2018-04-11 00:00:00-04:00,78.0,81.0,78.0,80.0,12460,0.0,0.0
2018-04-12 00:00:00-04:00,81.0,82.0,77.0,79.0,23665,0.0,0.0
2018-04-13 00:00:00-04:00,79.0,81.0,78.0,78.0,5800,0.0,0.0
2018-04-16 00:00:00-04:00,79.0,80.0,74.0,75.0,7315,0.0,0.0
2018-04-17 00:00:00-04:00,75.0,86.0,74.5,82.0,12730,0.0,0.0
2018-04-18 00:00:00-04:00,83.0,85.0,79.0,80.0,6500,0.0,0.0
2018-04-19 00:00:00-04:00,80.0,81.0,76.0,77.0,8210,0.0,0.0
2018-04-20 00:00:00-04:00,77.0,81.0,76.0,78.0,11130,0.0,0.0
2018-04-23 00:00:00-04:00,79.0,79.0,77.0,79.0,4015,0.0,0.0
2018-04-24 00:00:00-04:00,79.0,82.0,77.19999694824219,81.0,7920,0.0,0.0
2018-04-25 00:00:00-04:00,82.0,84.0,79.0,83.0,3935,0.0,0.0
2018-04-26 00:00:00-04:00,84.0,86.0,81.19999694824219,85.0,5360,0.0,0.0
2018-04-27 00:00:00-04:00,84.0,89.0,83.0,87.0,6350,0.0,0.0
2018-04-30 00:00:00-04:00,87.0,88.80000305175781,84.0,86.0,5280,0.0,0.0
2018-05-01 00:00:00-04:00,80.19999694824219,88.0,80.0,86.0,4650,0.0,0.0
2018-05-02 00:00:00-04:00,87.0,91.05999755859375,85.0,86.0,6090,0.0,0.0
2018-05-03 00:00:00-04:00,86.0,89.0,84.0,87.0,3620,0.0,0.0
2018-05-04 00:00:00-04:00,86.0,88.5,85.0,86.0,2520,0.0,0.0
2018-05-07 00:00:00-04:00,86.0,89.0,83.19999694824219,87.0,3390,0.0,0.0
2018-05-08 00:00:00-04:00,87.0,90.0,85.0,86.0,2725,0.0,0.0
2018-05-09 00:00:00-04:00,87.0,87.0,80.0,80.5,4170,0.0,0.0
2018-05-10 00:00:00-04:00,80.9000015258789,85.0,80.9000015258789,83.0,3105,0.0,0.0
2018-05-11 00:00:00-04:00,81.0,83.0,77.0,82.0,5925,0.0,0.0
2018-05-14 00:00:00-04:00,82.0,95.0,82.0,92.0,13505,0.0,0.0
2018-05-15 00:00:00-04:00,93.0,93.0,89.0,90.0,2675,0.0,0.0
2018-05-16 00:00:00-04:00,89.0,99.0,88.0,95.0,11820,0.0,0.0
2018-05-17 00:00:00-04:00,99.0,99.0,92.0,95.0,10465,0.0,0.0
2018-05-18 00:00:00-04:00,94.0,97.9000015258789,92.0,94.0,4410,0.0,0.0
2018-05-21 00:00:00-04:00,93.0,94.5,86.0,91.0,11300,0.0,0.0
2018-05-22 00:00:00-04:00,92.0,103.0,86.0,98.0,20725,0.0,0.0
2018-05-23 00:00:00-04:00,100.0,109.0,99.0,104.0,15585,0.0,0.0
2018-05-24 00:00:00-04:00,105.0,109.9000015258789,103.0,108.5,10320,0.0,0.0
2018-05-25 00:00:00-04:00,115.0,121.0,110.0,119.0,20835,0.0,0.0
2018-05-29 00:00:00-04:00,120.0,127.0,106.0,109.0,16455,0.0,0.0
2018-05-30 00:00:00-04:00,110.0,122.0,110.0,113.0,11360,0.0,0.0
2018-05-31 00:00:00-04:00,112.0,115.9000015258789,107.0,112.0,3865,0.0,0.0
2018-06-01 00:00:00-04:00,112.0,115.18000030517578,112.0,114.0,5380,0.0,0.0
2018-06-04 00:00:00-04:00,117.0,117.0,114.0,115.0,6515,0.0,0.0
2018-06-05 00:00:00-04:00,115.0,122.0,114.0,121.0,15280,0.0,0.0
2018-06-06 00:00:00-04:00,118.0,122.0,117.0,117.0,13200,0.0,0.0
2018-06-07 00:00:00-04:00,118.0,118.16000366210938,108.0,112.0,5815,0.0,0.0
2018-06-08 00:00:00-04:00,112.0,115.80000305175781,107.0,108.0,5445,0.0,0.0
2018-06-11 00:00:00-04:00,109.0,110.0,103.0,105.0,6370,0.0,0.0
2018-06-12 00:00:00-04:00,104.0,111.0,104.0,107.0,6385,0.0,0.0
2018-06-13 00:00:00-04:00,106.0,110.0,104.5,106.0,5690,0.0,0.0
2018-06-14 00:00:00-04:00,105.0,109.0,105.0,107.0,7315,0.0,0.0
2018-06-15 00:00:00-04:00,107.0,115.0,107.0,115.0,6115,0.0,0.0
2018-06-18 00:00:00-04:00,115.0,115.0,105.0,107.0,5480,0.0,0.0
2018-06-19 00:00:00-04:00,106.0,107.0,101.0,103.0,3825,0.0,0.0
2018-06-20 00:00:00-04:00,103.0,112.0,102.0,108.0,4350,0.0,0.0
2018-06-21 00:00:00-04:00,108.0,111.0,101.0,104.0,4095,0.0,0.0
2018-06-22 00:00:00-04:00,103.86000061035156,109.0,103.0,107.0,5070,0.0,0.0
2018-06-25 00:00:00-04:00,107.9000015258789,111.0,103.0,104.0,6980,0.0,0.0
2018-06-26 00:00:00-04:00,104.0,108.5,102.0,107.0,3800,0.0,0.0
2018-06-27 00:00:00-04:00,108.0,108.0,104.0,106.0,3765,0.0,0.0
2018-06-28 00:00:00-04:00,105.0,107.9000015258789,102.0,104.0,6825,0.0,0.0
2018-06-29 00:00:00-04:00,103.0,106.0,102.4000015258789,104.0,3725,0.0,0.0
2018-07-02 00:00:00-04:00,104.0,105.0,103.0,104.0,2120,0.0,0.0
2018-07-03 00:00:00-04:00,104.5,105.0,102.19999694824219,105.0,760,0.0,0.0
2018-07-05 00:00:00-04:00,106.0,106.27999877929688,102.5,104.0,5030,0.0,0.0
2018-07-06 00:00:00-04:00,104.0,106.0,102.0,105.0,3810,0.0,0.0
2018-07-09 00:00:00-04:00,105.0,106.0,102.5,104.0,4130,0.0,0.0
2018-07-10 00:00:00-04:00,104.4000015258789,105.0,102.0,104.0,2710,0.0,0.0
2018-07-11 00:00:00-04:00,104.0,104.0,97.0,99.0,9335,0.0,0.0
2018-07-12 00:00:00-04:00,100.0,102.0,96.5,97.0,7685,0.0,0.0
2018-07-13 00:00:00-04:00,97.0,100.0,94.0,100.0,4915,0.0,0.0
2018-07-16 00:00:00-04:00,99.0,101.0,93.0,97.0,6765,0.0,0.0
2018-07-17 00:00:00-04:00,98.0,100.0,93.0,95.0,5070,0.0,0.0
2018-07-18 00:00:00-04:00,95.0,96.0,91.0,91.0,4670,0.0,0.0
2018-07-19 00:00:00-04:00,92.0,94.0,87.0,87.0,4155,0.0,0.0
2018-07-20 00:00:00-04:00,88.0,89.23999786376953,87.0,88.0,1485,0.0,0.0
2018-07-23 00:00:00-04:00,87.0,92.0,86.0,90.0,3290,0.0,0.0
2018-07-24 00:00:00-04:00,91.9000015258789,95.0,86.0,87.0,2690,0.0,0.0
2018-07-25 00:00:00-04:00,90.0,90.0,84.0,87.0,1825,0.0,0.0
2018-07-26 00:00:00-04:00,94.0,94.0,89.0,90.0,3060,0.0,0.0
2018-07-27 00:00:00-04:00,92.0,92.0,85.0,89.0,2610,0.0,0.0
2018-07-30 00:00:00-04:00,90.0,90.0,80.0,82.0,4530,0.0,0.0
2018-07-31 00:00:00-04:00,79.0,85.0,79.0,84.0,5725,0.0,0.0
2018-08-01 00:00:00-04:00,83.0,86.0,79.0,79.0,6290,0.0,0.0
2018-08-02 00:00:00-04:00,79.0,82.0,78.19999694824219,79.0,5930,0.0,0.0
2018-08-03 00:00:00-04:00,79.0,82.0,76.0,77.0,4535,0.0,0.0
2018-08-06 00:00:00-04:00,77.0,83.5,75.0,76.0,5195,0.0,0.0
2018-08-07 00:00:00-04:00,77.0,79.0,73.0,74.0,11400,0.0,0.0
2018-08-08 00:00:00-04:00,75.0,81.0,75.0,79.0,3580,0.0,0.0
2018-08-09 00:00:00-04:00,85.0,90.0,82.62000274658203,87.0,7745,0.0,0.0
2018-08-10 00:00:00-04:00,89.0,94.0,88.0,91.0,8405,0.0,0.0
2018-08-13 00:00:00-04:00,90.0,91.9000015258789,85.0,85.0,3290,0.0,0.0
2018-08-14 00:00:00-04:00,86.0,89.9000015258789,86.0,88.0,5885,0.0,0.0
2018-08-15 00:00:00-04:00,88.0,88.0,83.0,85.0,7775,0.0,0.0
2018-08-16 00:00:00-04:00,84.0,87.37999725341797,84.0,85.0,1840,0.0,0.0
2018-08-17 00:00:00-04:00,85.0,87.0,83.0,87.0,2780,0.0,0.0
2018-08-20 00:00:00-04:00,88.0,90.0,87.0,89.0,3525,0.0,0.0
2018-08-21 00:00:00-04:00,88.5,91.9000015258789,87.0,88.0,4090,0.0,0.0
2018-08-22 00:00:00-04:00,87.0,90.0,87.0,87.0,3995,0.0,0.0
2018-08-23 00:00:00-04:00,88.0,91.0,85.0,89.0,6010,0.0,0.0
2018-08-24 00:00:00-04:00,89.0,90.0,85.0,85.0,14690,0.0,0.0
2018-08-27 00:00:00-04:00,86.0,88.0,85.0,88.0,2525,0.0,0.0
2018-08-28 00:00:00-04:00,88.0,89.0,85.0,86.0,8840,0.0,0.0
2018-08-29 00:00:00-04:00,88.0,88.0,85.0,85.0,21170,0.0,0.0
2018-08-30 00:00:00-04:00,85.0,87.0,85.0,85.0,3305,0.0,0.0
2018-08-31 00:00:00-04:00,85.0,88.0,85.0,85.0,5515,0.0,0.0
2018-09-04 00:00:00-04:00,86.0,92.0,85.5,92.0,17705,0.0,0.0
2018-09-05 00:00:00-04:00,92.0,92.0,86.0,88.0,5525,0.0,0.0
2018-09-06 00:00:00-04:00,89.0,89.0,83.0,83.0,1885,0.0,0.0
2018-09-07 00:00:00-04:00,84.0,86.0,84.0,85.0,6375,0.0,0.0
2018-09-10 00:00:00-04:00,85.0,85.0,82.0,83.0,3025,0.0,0.0
2018-09-11 00:00:00-04:00,82.0,86.0,82.0,84.0,6250,0.0,0.0
2018-09-12 00:00:00-04:00,85.0,86.9000015258789,84.0,85.0,1785,0.0,0.0
2018-09-13 00:00:00-04:00,86.0,92.0,85.0,86.0,5495,0.0,0.0
2018-09-14 00:00:00-04:00,87.0,90.0,85.0,85.0,3345,0.0,0.0
2018-09-17 00:00:00-04:00,86.0,88.0,85.0,86.0,1140,0.0,0.0
2018-09-18 00:00:00-04:00,86.0,86.0,83.0,84.0,3570,0.0,0.0
2018-09-19 00:00:00-04:00,83.0,85.0,82.36000061035156,83.0,2070,0.0,0.0
2018-09-20 00:00:00-04:00,84.0,84.0,83.0,83.0,1480,0.0,0.0
2018-09-21 00:00:00-04:00,83.0,85.19999694824219,81.0,85.0,6055,0.0,0.0
2018-09-24 00:00:00-04:00,86.0,87.0,84.0,84.0,780,0.0,0.0
2018-09-25 00:00:00-04:00,85.0,94.0,85.0,89.0,11630,0.0,0.0
2018-09-26 00:00:00-04:00,89.0,92.0,88.5,89.0,4270,0.0,0.0
2018-09-27 00:00:00-04:00,93.0,93.9000015258789,88.0,89.0,4475,0.0,0.0
2018-09-28 00:00:00-04:00,89.0,91.0,86.0,88.0,4170,0.0,0.0
2018-10-01 00:00:00-04:00,90.41999816894531,96.0,88.0,88.5999984741211,2560,0.0,0.0
2018-10-02 00:00:00-04:00,88.80000305175781,88.80000305175781,82.19999694824219,83.0,3415,0.0,0.0
2018-10-03 00:00:00-04:00,83.19999694824219,88.80000305175781,83.19999694824219,88.4000015258789,2570,0.0,0.0
2018-10-04 00:00:00-04:00,94.80000305175781,99.0,89.19999694824219,90.0,10405,0.0,0.0
2018-10-05 00:00:00-04:00,89.5999984741211,92.26000213623047,85.9000015258789,86.80000305175781,2655,0.0,0.0
2018-10-08 00:00:00-04:00,87.0,87.0,81.19999694824219,85.80000305175781,6055,0.0,0.0
2018-10-09 00:00:00-04:00,85.5999984741211,89.0,82.0,85.0,4975,0.0,0.0
2018-10-10 00:00:00-04:00,85.19999694824219,85.80000305175781,82.0,82.0,2710,0.0,0.0
2018-10-11 00:00:00-04:00,82.0,90.63999938964844,80.0,82.80000305175781,4015,0.0,0.0
2018-10-12 00:00:00-04:00,83.19999694824219,83.19999694824219,79.19999694824219,79.80000305175781,3680,0.0,0.0
2018-10-15 00:00:00-04:00,80.19999694824219,82.0,78.0,80.19999694824219,3580,0.0,0.0
2018-10-16 00:00:00-04:00,80.19999694824219,82.4000015258789,79.5999984741211,80.0,1020,0.0,0.0
2018-10-17 00:00:00-04:00,80.80000305175781,82.80000305175781,78.80000305175781,80.19999694824219,1380,0.0,0.0
2018-10-18 00:00:00-04:00,80.5999984741211,82.19999694824219,77.0,79.19999694824219,4145,0.0,0.0
2018-10-19 00:00:00-04:00,79.19999694824219,85.19999694824219,77.58000183105469,78.30000305175781,4200,0.0,0.0
2018-10-22 00:00:00-04:00,77.0,78.4000015258789,74.19999694824219,75.4000015258789,4495,0.0,0.0
2018-10-23 00:00:00-04:00,75.80000305175781,76.5999984741211,67.19999694824219,76.0,8665,0.0,0.0
2018-10-24 00:00:00-04:00,75.80000305175781,77.5999984741211,74.0,75.4000015258789,2455,0.0,0.0
2018-10-25 00:00:00-04:00,75.80000305175781,78.0,74.80000305175781,76.19999694824219,2515,0.0,0.0
2018-10-26 00:00:00-04:00,76.0,77.19999694824219,73.0,73.4000015258789,1760,0.0,0.0
2018-10-29 00:00:00-04:00,74.4000015258789,76.19999694824219,68.0,75.80000305175781,4140,0.0,0.0
2018-10-30 00:00:00-04:00,75.0,79.0,70.19999694824219,78.0,5035,0.0,0.0
2018-10-31 00:00:00-04:00,78.4000015258789,79.5999984741211,72.19999694824219,78.5999984741211,5065,0.0,0.0
2018-11-01 00:00:00-04:00,78.80000305175781,85.41999816894531,78.80000305175781,82.4000015258789,2340,0.0,0.0
2018-11-02 00:00:00-04:00,84.19999694824219,88.80000305175781,82.80000305175781,84.5999984741211,2425,0.0,0.0
2018-11-05 00:00:00-05:00,86.19999694824219,87.19999694824219,81.5999984741211,85.5999984741211,4865,0.0,0.0
2018-11-06 00:00:00-05:00,88.80000305175781,88.80000305175781,82.80000305175781,83.19999694824219,3265,0.0,0.0
2018-11-07 00:00:00-05:00,83.4000015258789,86.19999694824219,81.4000015258789,83.5999984741211,720,0.0,0.0
2018-11-08 00:00:00-05:00,81.80000305175781,86.4000015258789,81.5999984741211,82.5999984741211,2945,0.0,0.0
2018-11-09 00:00:00-05:00,83.0,83.0,79.5999984741211,80.80000305175781,1470,0.0,0.0
2018-11-12 00:00:00-05:00,79.0,84.0,76.5999984741211,81.19999694824219,3330,0.0,0.0
2018-11-13 00:00:00-05:00,82.4000015258789,82.4000015258789,76.4000015258789,77.5999984741211,2020,0.0,0.0
2018-11-14 00:00:00-05:00,77.5999984741211,80.80000305175781,76.0,77.4000015258789,3720,0.0,0.0
2018-11-15 00:00:00-05:00,78.19999694824219,78.4000015258789,74.5999984741211,77.5999984741211,7670,0.0,0.0
2018-11-16 00:00:00-05:00,76.5999984741211,79.80000305175781,76.5999984741211,77.5999984741211,3080,0.0,0.0
2018-11-19 00:00:00-05:00,76.0,76.80000305175781,71.0,73.5999984741211,4520,0.0,0.0
2018-11-20 00:00:00-05:00,72.19999694824219,76.5999984741211,70.4000015258789,71.19999694824219,6250,0.0,0.0
2018-11-21 00:00:00-05:00,72.0,73.4000015258789,70.19999694824219,71.19999694824219,2760,0.0,0.0
2018-11-23 00:00:00-05:00,71.0,72.44000244140625,66.30000305175781,67.4000015258789,6590,0.0,0.0
2018-11-26 00:00:00-05:00,69.95999908447266,69.95999908447266,65.80000305175781,67.4000015258789,2950,0.0,0.0
2018-11-27 00:00:00-05:00,69.4000015258789,69.9800033569336,63.0,63.79999923706055,3825,0.0,0.0
2018-11-28 00:00:00-05:00,64.5999984741211,73.30000305175781,63.20000076293945,65.19999694824219,3690,0.0,0.0
2018-11-29 00:00:00-05:00,72.80000305175781,72.80000305175781,63.400001525878906,64.5999984741211,3190,0.0,0.0
2018-11-30 00:00:00-05:00,65.0,73.80000305175781,61.0,72.80000305175781,37285,0.0,0.0
2018-12-03 00:00:00-05:00,71.4000015258789,73.26000213623047,66.0,72.4000015258789,6905,0.0,0.0
2018-12-04 00:00:00-05:00,72.5999984741211,76.80000305175781,67.30000305175781,73.19999694824219,6210,0.0,0.0
2018-12-06 00:00:00-05:00,74.0,74.0,68.19999694824219,70.5999984741211,6315,0.0,0.0
2018-12-07 00:00:00-05:00,70.5999984741211,73.5999984741211,64.5999984741211,66.5999984741211,4100,0.0,0.0
2018-12-10 00:00:00-05:00,66.80000305175781,68.80000305175781,60.79999923706055,61.599998474121094,4240,0.0,0.0
2018-12-11 00:00:00-05:00,62.20000076293945,63.599998474121094,59.20000076293945,60.0,1720,0.0,0.0
2018-12-12 00:00:00-05:00,60.599998474121094,61.0,58.20000076293945,60.0,4990,0.0,0.0
2018-12-13 00:00:00-05:00,59.599998474121094,60.599998474121094,58.65999984741211,59.599998474121094,1750,0.0,0.0
2018-12-14 00:00:00-05:00,58.599998474121094,59.599998474121094,55.0,55.599998474121094,24640,0.0,0.0
2018-12-17 00:00:00-05:00,55.599998474121094,61.0,54.0,55.0,7105,0.0,0.0
2018-12-18 00:00:00-05:00,55.0,55.20000076293945,50.599998474121094,51.0,10015,0.0,0.0
2018-12-19 00:00:00-05:00,50.599998474121094,52.0,46.599998474121094,47.20000076293945,16230,0.0,0.0
2018-12-20 00:00:00-05:00,43.400001525878906,48.599998474121094,43.400001525878906,46.0,13150,0.0,0.0
2018-12-21 00:00:00-05:00,46.0,46.0,40.0,42.0,26200,0.0,0.0
2018-12-24 00:00:00-05:00,42.599998474121094,44.79999923706055,41.86000061035156,43.79999923706055,2625,0.0,0.0
2018-12-26 00:00:00-05:00,43.599998474121094,48.0,38.79999923706055,43.0,9530,0.0,0.0
2018-12-27 00:00:00-05:00,41.0,46.20000076293945,41.0,43.0,8780,0.0,0.0
2018-12-28 00:00:00-05:00,42.79999923706055,51.0,40.599998474121094,48.20000076293945,8010,0.0,0.0
2018-12-31 00:00:00-05:00,47.79999923706055,53.0,42.220001220703125,47.0,5505,0.0,0.0
2019-01-02 00:00:00-05:00,45.79999923706055,61.599998474121094,45.79999923706055,54.0,9445,0.0,0.0
2019-01-03 00:00:00-05:00,53.79999923706055,63.540000915527344,52.20000076293945,53.79999923706055,3885,0.0,0.0
2019-01-04 00:00:00-05:00,54.20000076293945,62.79999923706055,52.0,61.20000076293945,5775,0.0,0.0
2019-01-07 00:00:00-05:00,60.0,66.0,57.0,65.4000015258789,4270,0.0,0.0
2019-01-08 00:00:00-05:00,65.80000305175781,65.80000305175781,57.79999923706055,60.20000076293945,5780,0.0,0.0
2019-01-09 00:00:00-05:00,60.599998474121094,62.20000076293945,56.0,60.400001525878906,4280,0.0,0.0
2019-01-10 00:00:00-05:00,59.599998474121094,60.79999923706055,56.5,59.400001525878906,1955,0.0,0.0
2019-01-11 00:00:00-05:00,59.20000076293945,60.400001525878906,58.0,59.400001525878906,1320,0.0,0.0
2019-01-14 00:00:00-05:00,59.0,60.79999923706055,55.599998474121094,60.0,5260,0.0,0.0
2019-01-15 00:00:00-05:00,59.599998474121094,62.400001525878906,56.68000030517578,61.0,4600,0.0,0.0
2019-01-16 00:00:00-05:00,61.20000076293945,63.58000183105469,59.599998474121094,60.599998474121094,1300,0.0,0.0
2019-01-17 00:00:00-05:00,59.79999923706055,61.400001525878906,59.79999923706055,60.20000076293945,1105,0.0,0.0
2019-01-18 00:00:00-05:00,59.599998474121094,60.400001525878906,58.400001525878906,58.79999923706055,2595,0.0,0.0
2019-01-22 00:00:00-05:00,59.0,60.79999923706055,56.20000076293945,59.0,6255,0.0,0.0
2019-01-23 00:00:00-05:00,59.70000076293945,60.18000030517578,58.0,58.0,390,0.0,0.0
2019-01-24 00:00:00-05:00,59.20000076293945,59.20000076293945,57.20000076293945,58.20000076293945,1140,0.0,0.0
2019-01-25 00:00:00-05:00,58.0,59.599998474121094,57.79999923706055,58.0,1830,0.0,0.0
2019-01-28 00:00:00-05:00,58.599998474121094,59.0,55.599998474121094,56.400001525878906,1880,0.0,0.0
2019-01-29 00:00:00-05:00,56.84000015258789,58.36000061035156,55.599998474121094,56.599998474121094,1160,0.0,0.0
2019-01-30 00:00:00-05:00,56.400001525878906,58.599998474121094,56.20000076293945,57.0,2545,0.0,0.0
2019-01-31 00:00:00-05:00,56.400001525878906,59.79999923706055,56.400001525878906,58.0,4935,0.0,0.0
2019-02-01 00:00:00-05:00,59.0,60.97999954223633,55.400001525878906,56.79999923706055,4815,0.0,0.0
2019-02-04 00:00:00-05:00,56.599998474121094,57.20000076293945,55.0,56.20000076293945,3885,0.0,0.0
2019-02-05 00:00:00-05:00,56.20000076293945,58.79999923706055,55.400001525878906,56.400001525878906,2750,0.0,0.0
2019-02-06 00:00:00-05:00,56.0,57.400001525878906,53.400001525878906,57.400001525878906,4250,0.0,0.0
2019-02-07 00:00:00-05:00,57.0,57.0,48.79999923706055,55.79999923706055,7900,0.0,0.0
2019-02-08 00:00:00-05:00,55.599998474121094,56.400001525878906,52.439998626708984,54.79999923706055,2270,0.0,0.0
2019-02-11 00:00:00-05:00,54.720001220703125,56.20000076293945,48.79999923706055,53.599998474121094,1055,0.0,0.0
2019-02-12 00:00:00-05:00,53.400001525878906,56.599998474121094,50.400001525878906,52.0,4600,0.0,0.0
2019-02-13 00:00:00-05:00,52.400001525878906,54.0,51.0,51.0,2970,0.0,0.0
2019-02-14 00:00:00-05:00,51.400001525878906,53.0,49.400001525878906,49.400001525878906,10200,0.0,0.0
2019-02-15 00:00:00-05:00,49.79999923706055,52.400001525878906,49.599998474121094,50.599998474121094,6165,0.0,0.0
2019-02-19 00:00:00-05:00,50.79999923706055,51.900001525878906,49.400001525878906,50.599998474121094,1820,0.0,0.0
2019-02-20 00:00:00-05:00,51.599998474121094,52.31999969482422,50.400001525878906,51.0,2730,0.0,0.0
2019-02-21 00:00:00-05:00,50.0,53.099998474121094,50.0,51.79999923706055,8170,0.0,0.0
2019-02-22 00:00:00-05:00,51.540000915527344,55.0,51.540000915527344,55.0,3095,0.0,0.0
2019-02-25 00:00:00-05:00,55.599998474121094,57.0,53.20000076293945,54.0,6910,0.0,0.0
2019-02-26 00:00:00-05:00,54.599998474121094,57.0,53.65999984741211,56.20000076293945,3610,0.0,0.0
2019-02-27 00:00:00-05:00,57.0,58.0,56.099998474121094,57.599998474121094,1680,0.0,0.0
2019-02-28 00:00:00-05:00,57.20000076293945,59.0,55.400001525878906,58.0,2295,0.0,0.0
2019-03-01 00:00:00-05:00,58.20000076293945,63.0,58.0,61.599998474121094,5645,0.0,0.0
2019-03-04 00:00:00-05:00,64.0,64.0,58.0,58.599998474121094,2500,0.0,0.0
2019-03-05 00:00:00-05:00,58.79999923706055,60.599998474121094,55.0,55.0,3650,0.0,0.0
2019-03-06 00:00:00-05:00,55.599998474121094,55.599998474121094,50.79999923706055,52.599998474121094,6235,0.0,0.0
2019-03-07 00:00:00-05:00,51.79999923706055,54.400001525878906,50.0,50.0,6120,0.0,0.0
2019-03-08 00:00:00-05:00,50.20000076293945,50.79999923706055,48.0,48.0,2070,0.0,0.0
2019-03-11 00:00:00-04:00,49.0,57.15999984741211,46.79999923706055,48.400001525878906,4590,0.0,0.0
2019-03-12 00:00:00-04:00,48.0,51.20000076293945,46.79999923706055,49.20000076293945,6180,0.0,0.0
2019-03-13 00:00:00-04:00,49.400001525878906,52.7599983215332,47.0,48.599998474121094,4250,0.0,0.0
2019-03-14 00:00:00-04:00,48.599998474121094,48.599998474121094,44.0,47.0,10660,0.0,0.0
2019-03-15 00:00:00-04:00,47.0,50.79999923706055,44.0,49.0,6410,0.0,0.0
2019-03-18 00:00:00-04:00,48.79999923706055,51.400001525878906,46.79999923706055,50.400001525878906,8080,0.0,0.0
2019-03-19 00:00:00-04:00,50.400001525878906,51.599998474121094,48.599998474121094,51.0,2990,0.0,0.0
2019-03-20 00:00:00-04:00,51.0,52.599998474121094,50.0,51.20000076293945,1535,0.0,0.0
2019-03-21 00:00:00-04:00,50.79999923706055,53.0,50.20000076293945,52.20000076293945,1745,0.0,0.0
2019-03-22 00:00:00-04:00,52.0,52.79999923706055,49.0,51.0,4060,0.0,0.0
2019-03-25 00:00:00-04:00,50.0,51.79999923706055,49.599998474121094,49.79999923706055,2200,0.0,0.0
2019-03-26 00:00:00-04:00,50.0,54.0,50.0,52.400001525878906,3750,0.0,0.0
2019-03-27 00:00:00-04:00,53.0,56.0,50.400001525878906,52.0,2185,0.0,0.0
2019-03-28 00:00:00-04:00,52.0,52.79999923706055,49.79999923706055,49.79999923706055,3255,0.0,0.0
2019-03-29 00:00:00-04:00,51.0,53.400001525878906,50.400001525878906,53.0,3515,0.0,0.0
2019-04-01 00:00:00-04:00,53.400001525878906,53.400001525878906,50.20000076293945,52.400001525878906,3700,0.0,0.0
2019-04-02 00:00:00-04:00,52.599998474121094,53.0,51.20000076293945,52.20000076293945,3750,0.0,0.0
2019-04-03 00:00:00-04:00,52.20000076293945,56.0,52.20000076293945,54.20000076293945,3690,0.0,0.0
2019-04-04 00:00:00-04:00,54.0,58.20000076293945,53.20000076293945,54.20000076293945,4885,0.0,0.0
2019-04-05 00:00:00-04:00,54.20000076293945,56.79999923706055,53.0,54.0,4090,0.0,0.0
2019-04-08 00:00:00-04:00,55.400001525878906,59.099998474121094,54.41999816894531,58.0,9685,0.0,0.0
2019-04-09 00:00:00-04:00,58.20000076293945,58.20000076293945,53.20000076293945,57.20000076293945,11915,0.0,0.0
2019-04-10 00:00:00-04:00,57.20000076293945,58.70000076293945,55.400001525878906,57.0,5350,0.0,0.0
2019-04-11 00:00:00-04:00,57.400001525878906,59.79999923706055,57.400001525878906,58.79999923706055,6305,0.0,0.0
2019-04-12 00:00:00-04:00,58.79999923706055,59.20000076293945,55.119998931884766,56.79999923706055,5525,0.0,0.0
2019-04-15 00:00:00-04:00,56.79999923706055,57.0,49.599998474121094,51.400001525878906,14100,0.0,0.0
2019-04-16 00:00:00-04:00,51.400001525878906,56.7599983215332,49.79999923706055,51.20000076293945,5270,0.0,0.0
2019-04-17 00:00:00-04:00,51.599998474121094,51.599998474121094,47.599998474121094,48.400001525878906,8215,0.0,0.0
2019-04-18 00:00:00-04:00,48.599998474121094,48.79999923706055,47.20000076293945,47.599998474121094,3920,0.0,0.0
2019-04-22 00:00:00-04:00,47.400001525878906,47.599998474121094,45.0,46.400001525878906,14750,0.0,0.0
2019-04-23 00:00:00-04:00,46.20000076293945,50.400001525878906,45.79999923706055,46.0,6965,0.0,0.0
2019-04-24 00:00:00-04:00,46.20000076293945,48.7400016784668,45.20000076293945,46.0,4880,0.0,0.0
2019-04-25 00:00:00-04:00,45.79999923706055,47.0,44.400001525878906,46.0,4510,0.0,0.0
2019-04-26 00:00:00-04:00,45.599998474121094,47.20000076293945,45.20000076293945,46.0,4775,0.0,0.0
2019-04-29 00:00:00-04:00,46.599998474121094,49.599998474121094,46.400001525878906,47.400001525878906,3045,0.0,0.0
2019-04-30 00:00:00-04:00,47.20000076293945,48.79999923706055,44.79999923706055,45.0,3495,0.0,0.0
2019-05-01 00:00:00-04:00,45.0,45.599998474121094,43.0,43.599998474121094,4320,0.0,0.0
2019-05-02 00:00:00-04:00,43.79999923706055,45.29999923706055,43.400001525878906,45.0,2185,0.0,0.0
2019-05-03 00:00:00-04:00,45.599998474121094,49.599998474121094,45.08000183105469,48.79999923706055,3085,0.0,0.0
2019-05-06 00:00:00-04:00,48.400001525878906,49.400001525878906,47.400001525878906,48.400001525878906,1150,0.0,0.0
2019-05-07 00:00:00-04:00,48.0,48.0,43.400001525878906,46.0,4210,0.0,0.0
2019-05-08 00:00:00-04:00,44.400001525878906,46.79999923706055,43.79999923706055,46.0,4490,0.0,0.0
2019-05-09 00:00:00-04:00,44.0,44.7400016784668,41.599998474121094,42.599998474121094,6440,0.0,0.0
2019-05-10 00:00:00-04:00,42.20000076293945,43.0,40.0,42.20000076293945,3940,0.0,0.0
2019-05-13 00:00:00-04:00,40.599998474121094,42.20000076293945,38.400001525878906,40.20000076293945,6055,0.0,0.0
2019-05-14 00:00:00-04:00,40.20000076293945,41.79999923706055,40.0,41.79999923706055,3040,0.0,0.0
2019-05-15 00:00:00-04:00,41.20000076293945,42.20000076293945,40.0,41.0,3670,0.0,0.0
2019-05-16 00:00:00-04:00,41.400001525878906,41.79999923706055,40.0,41.0,5300,0.0,0.0
2019-05-17 00:00:00-04:00,39.79999923706055,41.599998474121094,38.400001525878906,40.400001525878906,12100,0.0,0.0
2019-05-20 00:00:00-04:00,40.0,40.79999923706055,38.68000030517578,39.400001525878906,7925,0.0,0.0
2019-05-21 00:00:00-04:00,38.79999923706055,41.20000076293945,37.0,40.400001525878906,30880,0.0,0.0
2019-05-22 00:00:00-04:00,40.0,41.119998931884766,39.400001525878906,40.20000076293945,13075,0.0,0.0
2019-05-23 00:00:00-04:00,38.20000076293945,39.400001525878906,37.20000076293945,38.0,8870,0.0,0.0
2019-05-24 00:00:00-04:00,38.779998779296875,39.0,37.400001525878906,38.400001525878906,4995,0.0,0.0
2019-05-28 00:00:00-04:00,38.79999923706055,38.79999923706055,35.400001525878906,36.0,6695,0.0,0.0
2019-05-29 00:00:00-04:00,35.599998474121094,36.400001525878906,33.20000076293945,35.20000076293945,7835,0.0,0.0
2019-05-30 00:00:00-04:00,35.20000076293945,35.79999923706055,34.63999938964844,35.0,1910,0.0,0.0
2019-05-31 00:00:00-04:00,34.20000076293945,35.20000076293945,31.799999237060547,32.20000076293945,3665,0.0,0.0
2019-06-03 00:00:00-04:00,32.20000076293945,34.0,30.799999237060547,32.20000076293945,4480,0.0,0.0
2019-06-04 00:00:00-04:00,33.0,33.0,29.399999618530273,30.399999618530273,11115,0.0,0.0
2019-06-05 00:00:00-04:00,29.600000381469727,32.0,28.200000762939453,29.799999237060547,16360,0.0,0.0
2019-06-06 00:00:00-04:00,33.0,38.400001525878906,31.84000015258789,33.599998474121094,47185,0.0,0.0
2019-06-07 00:00:00-04:00,33.79999923706055,34.79999923706055,31.600000381469727,32.400001525878906,26000,0.0,0.0
2019-06-10 00:00:00-04:00,32.400001525878906,32.79999923706055,31.440000534057617,32.599998474121094,4405,0.0,0.0
2019-06-11 00:00:00-04:00,33.0,33.0,29.200000762939453,31.200000762939453,18400,0.0,0.0
2019-06-12 00:00:00-04:00,31.200000762939453,31.799999237060547,29.200000762939453,30.399999618530273,8265,0.0,0.0
2019-06-13 00:00:00-04:00,30.799999237060547,31.799999237060547,29.799999237060547,31.799999237060547,7835,0.0,0.0
2019-06-14 00:00:00-04:00,31.200000762939453,31.799999237060547,30.799999237060547,30.799999237060547,4030,0.0,0.0
2019-06-17 00:00:00-04:00,31.200000762939453,33.79999923706055,31.0,32.0,10110,0.0,0.0
2019-06-18 00:00:00-04:00,32.79999923706055,33.20000076293945,30.799999237060547,31.0,6770,0.0,0.0
2019-06-19 00:00:00-04:00,32.0,33.400001525878906,31.280000686645508,33.20000076293945,4195,0.0,0.0
2019-06-20 00:00:00-04:00,33.79999923706055,34.599998474121094,32.79999923706055,33.400001525878906,6500,0.0,0.0
2019-06-21 00:00:00-04:00,33.0,33.560001373291016,31.799999237060547,33.400001525878906,4650,0.0,0.0
2019-06-24 00:00:00-04:00,32.79999923706055,34.20000076293945,32.0,33.599998474121094,4240,0.0,0.0
2019-06-25 00:00:00-04:00,33.79999923706055,34.0,31.600000381469727,32.0,4535,0.0,0.0
2019-06-26 00:00:00-04:00,31.600000381469727,32.0,30.200000762939453,30.399999618530273,3675,0.0,0.0
2019-06-27 00:00:00-04:00,30.799999237060547,31.399999618530273,30.0,31.399999618530273,3590,0.0,0.0
2019-06-28 00:00:00-04:00,31.799999237060547,33.599998474121094,31.420000076293945,33.599998474121094,2165,0.0,0.0
2019-07-01 00:00:00-04:00,34.400001525878906,34.400001525878906,31.540000915527344,33.0,2405,0.0,0.0
2019-07-02 00:00:00-04:00,33.20000076293945,33.599998474121094,32.20000076293945,33.0,1605,0.0,0.0
2019-07-03 00:00:00-04:00,32.099998474121094,33.20000076293945,32.099998474121094,33.20000076293945,660,0.0,0.0
2019-07-05 00:00:00-04:00,33.0,34.20000076293945,32.400001525878906,32.599998474121094,1615,0.0,0.0
2019-07-08 00:00:00-04:00,34.400001525878906,34.400001525878906,33.02000045776367,33.79999923706055,4350,0.0,0.0
2019-07-09 00:00:00-04:00,33.36000061035156,34.0,33.36000061035156,33.599998474121094,745,0.0,0.0
2019-07-10 00:00:00-04:00,34.279998779296875,34.279998779296875,33.0,33.20000076293945,1235,0.0,0.0
2019-07-11 00:00:00-04:00,34.0,34.29999923706055,33.20000076293945,33.599998474121094,865,0.0,0.0
2019-07-12 00:00:00-04:00,34.0,34.400001525878906,33.20000076293945,34.0,1525,0.0,0.0
2019-07-15 00:00:00-04:00,34.0,34.0,32.20000076293945,32.20000076293945,3325,0.0,0.0
2019-07-16 00:00:00-04:00,32.20000076293945,32.79999923706055,32.0,32.20000076293945,1395,0.0,0.0
2019-07-17 00:00:00-04:00,32.459999084472656,34.599998474121094,31.799999237060547,34.400001525878906,9370,0.0,0.0
2019-07-18 00:00:00-04:00,34.400001525878906,34.599998474121094,33.0,33.79999923706055,3895,0.0,0.0
2019-07-19 00:00:00-04:00,33.7400016784668,34.0,31.959999084472656,32.79999923706055,1280,0.0,0.0
2019-07-22 00:00:00-04:00,32.79999923706055,33.20000076293945,32.0,32.20000076293945,3765,0.0,0.0
2019-07-23 00:00:00-04:00,32.20000076293945,34.599998474121094,32.20000076293945,33.400001525878906,2630,0.0,0.0
2019-07-24 00:00:00-04:00,34.0,34.20000076293945,33.20000076293945,34.20000076293945,815,0.0,0.0
2019-07-25 00:00:00-04:00,34.400001525878906,34.400001525878906,32.599998474121094,33.0,1385,0.0,0.0
2019-07-26 00:00:00-04:00,33.400001525878906,33.400001525878906,32.0,32.0,1245,0.0,0.0
2019-07-29 00:00:00-04:00,35.0,43.599998474121094,31.0,32.400001525878906,105915,0.0,0.0
2019-07-30 00:00:00-04:00,30.399999618530273,31.5,28.559999465942383,31.0,10570,0.0,0.0
2019-07-31 00:00:00-04:00,30.799999237060547,30.959999084472656,25.15999984741211,28.399999618530273,8830,0.0,0.0
2019-08-01 00:00:00-04:00,28.200000762939453,28.260000228881836,26.200000762939453,27.0,4095,0.0,0.0
2019-08-02 00:00:00-04:00,26.799999237060547,27.799999237060547,24.600000381469727,26.600000381469727,3540,0.0,0.0
2019-08-05 00:00:00-04:00,26.200000762939453,27.600000381469727,25.059999465942383,27.0,2790,0.0,0.0
2019-08-06 00:00:00-04:00,27.0,28.0,25.0,25.0,4015,0.0,0.0
2019-08-07 00:00:00-04:00,25.0,26.799999237060547,25.0,26.600000381469727,2060,0.0,0.0
2019-08-08 00:00:00-04:00,26.399999618530273,27.200000762939453,25.600000381469727,26.0,4460,0.0,0.0
2019-08-09 00:00:00-04:00,26.200000762939453,28.399999618530273,24.799999237060547,26.0,5230,0.0,0.0
2019-08-12 00:00:00-04:00,25.799999237060547,27.059999465942383,25.399999618530273,26.399999618530273,1060,0.0,0.0
2019-08-13 00:00:00-04:00,25.799999237060547,27.0,25.200000762939453,26.200000762939453,4160,0.0,0.0
2019-08-14 00:00:00-04:00,26.0,26.600000381469727,26.0,26.399999618530273,675,0.0,0.0
2019-08-15 00:00:00-04:00,26.399999618530273,26.600000381469727,24.799999237060547,25.600000381469727,3155,0.0,0.0
2019-08-16 00:00:00-04:00,25.600000381469727,27.200000762939453,24.459999084472656,26.799999237060547,1990,0.0,0.0
2019-08-19 00:00:00-04:00,26.200000762939453,29.399999618530273,25.200000762939453,29.399999618530273,4340,0.0,0.0
2019-08-20 00:00:00-04:00,29.0,29.0,26.0,26.0,2570,0.0,0.0
2019-08-21 00:00:00-04:00,27.200000762939453,27.600000381469727,26.600000381469727,27.600000381469727,660,0.0,0.0
2019-08-22 00:00:00-04:00,27.399999618530273,30.399999618530273,27.399999618530273,28.200000762939453,1520,0.0,0.0
2019-08-23 00:00:00-04:00,28.0,29.600000381469727,28.0,28.600000381469727,1245,0.0,0.0
2019-08-26 00:00:00-04:00,28.200000762939453,28.799999237060547,26.399999618530273,27.0,2405,0.0,0.0
2019-08-27 00:00:00-04:00,27.0,32.0,26.399999618530273,30.0,6395,0.0,0.0
2019-08-28 00:00:00-04:00,29.600000381469727,32.599998474121094,28.700000762939453,30.0,7750,0.0,0.0
2019-08-29 00:00:00-04:00,30.399999618530273,37.0,30.399999618530273,35.599998474121094,13825,0.0,0.0
2019-08-30 00:00:00-04:00,36.20000076293945,37.0,33.20000076293945,33.599998474121094,5360,0.0,0.0
2019-09-03 00:00:00-04:00,60.0,61.79999923706055,46.79999923706055,47.0,847520,0.0,0.0
2019-09-04 00:00:00-04:00,47.20000076293945,47.20000076293945,40.599998474121094,42.400001525878906,116695,0.0,0.0
2019-09-05 00:00:00-04:00,42.0,45.0,41.720001220703125,44.599998474121094,53400,0.0,0.0
2019-09-06 00:00:00-04:00,44.599998474121094,45.0,42.20000076293945,43.599998474121094,21010,0.0,0.0
2019-09-09 00:00:00-04:00,43.599998474121094,44.79999923706055,41.400001525878906,42.0,15550,0.0,0.0
2019-09-10 00:00:00-04:00,41.599998474121094,43.400001525878906,40.5,41.0,18715,0.0,0.0
2019-09-11 00:00:00-04:00,41.400001525878906,43.0,40.880001068115234,42.599998474121094,7775,0.0,0.0
2019-09-12 00:00:00-04:00,42.400001525878906,43.400001525878906,42.0,43.0,5935,0.0,0.0
2019-09-13 00:00:00-04:00,42.79999923706055,43.400001525878906,42.20000076293945,42.599998474121094,5975,0.0,0.0
2019-09-16 00:00:00-04:00,43.20000076293945,43.29999923706055,41.0,41.79999923706055,9935,0.0,0.0
2019-09-17 00:00:00-04:00,41.400001525878906,42.20000076293945,40.599998474121094,41.20000076293945,12595,0.0,0.0
2019-09-18 00:00:00-04:00,40.79999923706055,42.400001525878906,38.599998474121094,39.599998474121094,12660,0.0,0.0
2019-09-19 00:00:00-04:00,39.20000076293945,40.599998474121094,38.79999923706055,39.599998474121094,11630,0.0,0.0
2019-09-20 00:00:00-04:00,40.0,40.5,38.0,38.0,12235,0.0,0.0
2019-09-23 00:00:00-04:00,38.20000076293945,39.79999923706055,37.599998474121094,39.20000076293945,6700,0.0,0.0
2019-09-24 00:00:00-04:00,38.599998474121094,40.20000076293945,36.20000076293945,37.400001525878906,13395,0.0,0.0
2019-09-25 00:00:00-04:00,37.79999923706055,39.79999923706055,36.400001525878906,36.79999923706055,13785,0.0,0.0
2019-09-26 00:00:00-04:00,36.79999923706055,38.20000076293945,36.20000076293945,36.599998474121094,8615,0.0,0.0
2019-09-27 00:00:00-04:00,37.20000076293945,39.599998474121094,36.79999923706055,38.79999923706055,17320,0.0,0.0
2019-09-30 00:00:00-04:00,39.79999923706055,40.599998474121094,38.79999923706055,39.900001525878906,12925,0.0,0.0
2019-10-01 00:00:00-04:00,39.599998474121094,40.599998474121094,38.400001525878906,38.70000076293945,5065,0.0,0.0
2019-10-02 00:00:00-04:00,37.599998474121094,38.400001525878906,36.20000076293945,36.400001525878906,9250,0.0,0.0
2019-10-03 00:00:00-04:00,36.0,38.599998474121094,35.400001525878906,37.599998474121094,5205,0.0,0.0
2019-10-04 00:00:00-04:00,38.0,39.400001525878906,37.79999923706055,38.599998474121094,3470,0.0,0.0
2019-10-07 00:00:00-04:00,38.400001525878906,39.20000076293945,37.0,37.599998474121094,4900,0.0,0.0
2019-10-08 00:00:00-04:00,37.79999923706055,38.599998474121094,34.0,35.400001525878906,8540,0.0,0.0
2019-10-09 00:00:00-04:00,36.400001525878906,37.20000076293945,35.599998474121094,36.599998474121094,4105,0.0,0.0
2019-10-10 00:00:00-04:00,36.400001525878906,37.0,35.20000076293945,36.20000076293945,3235,0.0,0.0
2019-10-11 00:00:00-04:00,36.400001525878906,38.599998474121094,35.20000076293945,36.400001525878906,4760,0.0,0.0
2019-10-14 00:00:00-04:00,37.0,37.0,35.41999816894531,36.20000076293945,4050,0.0,0.0
2019-10-15 00:00:00-04:00,36.20000076293945,38.0,35.79999923706055,37.79999923706055,4100,0.0,0.0
2019-10-16 00:00:00-04:00,37.599998474121094,39.0,37.0,38.79999923706055,2240,0.0,0.0
2019-10-17 00:00:00-04:00,38.400001525878906,39.400001525878906,37.41999816894531,38.400001525878906,3325,0.0,0.0
2019-10-18 00:00:00-04:00,38.599998474121094,39.0,37.20000076293945,37.599998474121094,4880,0.0,0.0
2019-10-21 00:00:00-04:00,37.20000076293945,38.400001525878906,36.599998474121094,37.79999923706055,4795,0.0,0.0
2019-10-22 00:00:00-04:00,38.0,39.0,37.0,37.900001525878906,3395,0.0,0.0
2019-10-23 00:00:00-04:00,38.0,38.79999923706055,37.20000076293945,38.0,2215,0.0,0.0
2019-10-24 00:00:00-04:00,38.400001525878906,38.400001525878906,36.599998474121094,37.0,2945,0.0,0.0
2019-10-25 00:00:00-04:00,37.0,38.20000076293945,36.20000076293945,37.20000076293945,2010,0.0,0.0
2019-10-28 00:00:00-04:00,38.0,40.599998474121094,38.0,39.599998474121094,9295,0.0,0.0
2019-10-29 00:00:00-04:00,39.20000076293945,40.599998474121094,38.20000076293945,39.0,7605,0.0,0.0
2019-10-30 00:00:00-04:00,38.79999923706055,44.79999923706055,38.79999923706055,42.0,22980,0.0,0.0
2019-10-31 00:00:00-04:00,42.20000076293945,46.20000076293945,42.20000076293945,43.79999923706055,9575,0.0,0.0
2019-11-01 00:00:00-04:00,44.20000076293945,49.0,44.20000076293945,46.79999923706055,14625,0.0,0.0
2019-11-04 00:00:00-05:00,47.0,49.0,47.0,47.20000076293945,8065,0.0,0.0
2019-11-05 00:00:00-05:00,48.0,48.0,43.0,45.599998474121094,6480,0.0,0.0
2019-11-06 00:00:00-05:00,46.0,46.18000030517578,43.79999923706055,44.20000076293945,4165,0.0,0.0
2019-11-07 00:00:00-05:00,44.0,47.0,43.79999923706055,45.79999923706055,4865,0.0,0.0
2019-11-08 00:00:00-05:00,46.0,48.400001525878906,45.84000015258789,47.599998474121094,9565,0.0,0.0
2019-11-11 00:00:00-05:00,47.400001525878906,50.400001525878906,46.599998474121094,46.599998474121094,9435,0.0,0.0
2019-11-12 00:00:00-05:00,47.619998931884766,47.81999969482422,45.20000076293945,45.599998474121094,5800,0.0,0.0
2019-11-13 00:00:00-05:00,45.79999923706055,47.400001525878906,42.400001525878906,45.79999923706055,8645,0.0,0.0
2019-11-14 00:00:00-05:00,45.599998474121094,49.599998474121094,44.599998474121094,48.0,12615,0.0,0.0
2019-11-15 00:00:00-05:00,48.599998474121094,50.779998779296875,47.0,47.79999923706055,17470,0.0,0.0
2019-11-18 00:00:00-05:00,48.0,49.0,46.400001525878906,46.599998474121094,8140,0.0,0.0
2019-11-19 00:00:00-05:00,46.400001525878906,48.20000076293945,45.0,46.20000076293945,5000,0.0,0.0
2019-11-20 00:00:00-05:00,46.79999923706055,47.599998474121094,45.20000076293945,45.20000076293945,5570,0.0,0.0
2019-11-21 00:00:00-05:00,44.0,46.400001525878906,43.79999923706055,45.599998474121094,5000,0.0,0.0
2019-11-22 00:00:00-05:00,46.0,47.400001525878906,45.79999923706055,46.20000076293945,4025,0.0,0.0
2019-11-25 00:00:00-05:00,46.400001525878906,49.599998474121094,46.0,49.400001525878906,7820,0.0,0.0
2019-11-26 00:00:00-05:00,49.79999923706055,49.79999923706055,47.20000076293945,47.20000076293945,10625,0.0,0.0
2019-11-27 00:00:00-05:00,47.599998474121094,49.400001525878906,44.0,46.0,17305,0.0,0.0
2019-11-29 00:00:00-05:00,45.599998474121094,47.599998474121094,45.20000076293945,47.0,3515,0.0,0.0
2019-12-02 00:00:00-05:00,47.400001525878906,48.599998474121094,46.20000076293945,48.400001525878906,17595,0.0,0.0
2019-12-03 00:00:00-05:00,48.20000076293945,49.599998474121094,47.0,47.400001525878906,12360,0.0,0.0
2019-12-04 00:00:00-05:00,49.599998474121094,53.599998474121094,48.0,49.79999923706055,25585,0.0,0.0
2019-12-05 00:00:00-05:00,50.79999923706055,51.779998779296875,49.0,50.0,6060,0.0,0.0
2019-12-06 00:00:00-05:00,50.79999923706055,53.400001525878906,50.400001525878906,52.79999923706055,14535,0.0,0.0
2019-12-09 00:00:00-05:00,56.20000076293945,56.400001525878906,52.79999923706055,54.20000076293945,18655,0.0,0.0
2019-12-10 00:00:00-05:00,54.20000076293945,54.79999923706055,52.20000076293945,53.79999923706055,10030,0.0,0.0
2019-12-11 00:00:00-05:00,53.79999923706055,55.0,52.0,53.0,8145,0.0,0.0
2019-12-12 00:00:00-05:00,53.20000076293945,54.0,52.20000076293945,52.79999923706055,4840,0.0,0.0
2019-12-13 00:00:00-05:00,54.0,54.0,49.0,51.599998474121094,6655,0.0,0.0
2019-12-16 00:00:00-05:00,51.599998474121094,52.79999923706055,50.599998474121094,51.599998474121094,4910,0.0,0.0
2019-12-17 00:00:00-05:00,51.599998474121094,51.779998779296875,48.0,48.599998474121094,9990,0.0,0.0
2019-12-18 00:00:00-05:00,49.0,50.0,47.400001525878906,49.0,8265,0.0,0.0
2019-12-19 00:00:00-05:00,49.0,49.20000076293945,47.400001525878906,47.79999923706055,5180,0.0,0.0
2019-12-20 00:00:00-05:00,47.79999923706055,49.0,47.70000076293945,48.20000076293945,13800,0.0,0.0
2019-12-23 00:00:00-05:00,48.20000076293945,51.0,48.0,50.79999923706055,5950,0.0,0.0
2019-12-24 00:00:00-05:00,50.79999923706055,53.0,49.20000076293945,51.79999923706055,2630,0.0,0.0
2019-12-26 00:00:00-05:00,51.0,53.599998474121094,49.20000076293945,53.0,6580,0.0,0.0
2019-12-27 00:00:00-05:00,56.599998474121094,64.80000305175781,54.400001525878906,63.20000076293945,56490,0.0,0.0
2019-12-30 00:00:00-05:00,64.4000015258789,71.80000305175781,60.400001525878906,70.0,31460,0.0,0.0
2019-12-31 00:00:00-05:00,71.0,79.5999984741211,70.0,76.80000305175781,25205,0.0,0.0
2020-01-02 00:00:00-05:00,77.19999694824219,77.80000305175781,62.0,68.19999694824219,34285,0.0,0.0
2020-01-03 00:00:00-05:00,68.4000015258789,69.19999694824219,64.0,68.5999984741211,7565,0.0,0.0
2020-01-06 00:00:00-05:00,68.5999984741211,74.5999984741211,66.0,72.4000015258789,8050,0.0,0.0
2020-01-07 00:00:00-05:00,72.80000305175781,79.19999694824219,71.22000122070312,77.0,14255,0.0,0.0
2020-01-08 00:00:00-05:00,77.0,79.0,73.4000015258789,74.5999984741211,10725,0.0,0.0
2020-01-09 00:00:00-05:00,75.19999694824219,79.0,74.5999984741211,76.0,7925,0.0,0.0
2020-01-10 00:00:00-05:00,70.80000305175781,75.5999984741211,65.19999694824219,70.0,33100,0.0,0.0
2020-01-13 00:00:00-05:00,68.80000305175781,68.80000305175781,63.400001525878906,64.4000015258789,19185,0.0,0.0
2020-01-14 00:00:00-05:00,64.19999694824219,66.80000305175781,64.0,66.5999984741211,18335,0.0,0.0
2020-01-15 00:00:00-05:00,66.4000015258789,72.80000305175781,66.4000015258789,72.19999694824219,23185,0.0,0.0
2020-01-16 00:00:00-05:00,72.0,74.5999984741211,67.0,73.4000015258789,68295,0.0,0.0
2020-01-17 00:00:00-05:00,70.0,71.80000305175781,62.0,69.5,48375,0.0,0.0
2020-01-21 00:00:00-05:00,70.0,86.80000305175781,69.19999694824219,78.19999694824219,30980,0.0,0.0
2020-01-22 00:00:00-05:00,76.80000305175781,78.0,72.0,75.0,16470,0.0,0.0
2020-01-23 00:00:00-05:00,74.4000015258789,76.4000015258789,70.5999984741211,70.5999984741211,11830,0.0,0.0
2020-01-24 00:00:00-05:00,70.0,72.80000305175781,67.5999984741211,69.4000015258789,13440,0.0,0.0
2020-01-27 00:00:00-05:00,68.5999984741211,88.80000305175781,67.5999984741211,85.19999694824219,101890,0.0,0.0
2020-01-28 00:00:00-05:00,80.19999694824219,83.5999984741211,73.19999694824219,78.80000305175781,36465,0.0,0.0
2020-01-29 00:00:00-05:00,78.5999984741211,78.5999984741211,70.80000305175781,73.4000015258789,21215,0.0,0.0
2020-01-30 00:00:00-05:00,73.0,73.4000015258789,66.19999694824219,68.4000015258789,17275,0.0,0.0
2020-01-31 00:00:00-05:00,68.80000305175781,68.80000305175781,61.0,63.0,27065,0.0,0.0
2020-02-03 00:00:00-05:00,64.19999694824219,64.5999984741211,60.0,60.400001525878906,16845,0.0,0.0
2020-02-04 00:00:00-05:00,60.400001525878906,62.0,57.20000076293945,59.400001525878906,40195,0.0,0.0
2020-02-05 00:00:00-05:00,60.0,60.400001525878906,57.400001525878906,58.599998474121094,10965,0.0,0.0
2020-02-06 00:00:00-05:00,59.599998474121094,60.599998474121094,58.79999923706055,59.400001525878906,8485,0.0,0.0
2020-02-07 00:00:00-05:00,58.20000076293945,60.400001525878906,58.0,58.400001525878906,15465,0.0,0.0
2020-02-10 00:00:00-05:00,58.79999923706055,60.0,56.0,58.400001525878906,11475,0.0,0.0
2020-02-11 00:00:00-05:00,58.599998474121094,59.79999923706055,57.0,58.79999923706055,9545,0.0,0.0
2020-02-12 00:00:00-05:00,59.0,63.400001525878906,59.0,60.599998474121094,12280,0.0,0.0
2020-02-13 00:00:00-05:00,61.0,62.79999923706055,58.0,58.79999923706055,10400,0.0,0.0
2020-02-14 00:00:00-05:00,58.400001525878906,60.79999923706055,58.400001525878906,59.599998474121094,18670,0.0,0.0
2020-02-18 00:00:00-05:00,60.20000076293945,63.400001525878906,59.599998474121094,61.0,11475,0.0,0.0
2020-02-19 00:00:00-05:00,61.0,64.4000015258789,60.20000076293945,63.79999923706055,9500,0.0,0.0
2020-02-20 00:00:00-05:00,63.599998474121094,64.4000015258789,60.20000076293945,63.20000076293945,4985,0.0,0.0
2020-02-21 00:00:00-05:00,63.400001525878906,64.80000305175781,61.599998474121094,63.20000076293945,7735,0.0,0.0
2020-02-24 00:00:00-05:00,62.599998474121094,63.20000076293945,59.79999923706055,59.79999923706055,16625,0.0,0.0
2020-02-25 00:00:00-05:00,60.0,60.400001525878906,54.400001525878906,57.599998474121094,21450,0.0,0.0
2020-02-26 00:00:00-05:00,57.0,59.0,56.599998474121094,58.0,9600,0.0,0.0
2020-02-27 00:00:00-05:00,58.0,59.400001525878906,54.20000076293945,56.79999923706055,8475,0.0,0.0
2020-02-28 00:00:00-05:00,56.0,58.599998474121094,55.0,58.0,14525,0.0,0.0
2020-03-02 00:00:00-05:00,59.0,60.0,54.400001525878906,59.20000076293945,13025,0.0,0.0
2020-03-03 00:00:00-05:00,59.0,61.0,56.599998474121094,57.20000076293945,10615,0.0,0.0
2020-03-04 00:00:00-05:00,55.79999923706055,69.0,53.400001525878906,63.0,95125,0.0,0.0
2020-03-05 00:00:00-05:00,60.400001525878906,63.400001525878906,58.79999923706055,61.20000076293945,30010,0.0,0.0
2020-03-06 00:00:00-05:00,60.400001525878906,60.65999984741211,56.79999923706055,58.20000076293945,19450,0.0,0.0
2020-03-09 00:00:00-04:00,54.400001525878906,55.599998474121094,51.400001525878906,53.0,9805,0.0,0.0
2020-03-10 00:00:00-04:00,54.79999923706055,54.79999923706055,46.79999923706055,52.79999923706055,29200,0.0,0.0
2020-03-11 00:00:00-04:00,51.79999923706055,53.79999923706055,47.79999923706055,49.599998474121094,24030,0.0,0.0
2020-03-12 00:00:00-04:00,45.400001525878906,46.79999923706055,40.400001525878906,42.400001525878906,20785,0.0,0.0
2020-03-13 00:00:00-04:00,45.0,51.79999923706055,41.20000076293945,45.79999923706055,32765,0.0,0.0
2020-03-16 00:00:00-04:00,26.0,40.79999923706055,26.0,34.79999923706055,29495,0.0,0.0
2020-03-17 00:00:00-04:00,35.400001525878906,37.20000076293945,32.400001525878906,36.0,10390,0.0,0.0
2020-03-18 00:00:00-04:00,35.0,36.400001525878906,32.20000076293945,34.79999923706055,15200,0.0,0.0
2020-03-19 00:00:00-04:00,34.79999923706055,40.79999923706055,34.79999923706055,39.599998474121094,4985,0.0,0.0
2020-03-20 00:00:00-04:00,41.0,46.0,40.0,41.79999923706055,12095,0.0,0.0
2020-03-23 00:00:00-04:00,41.599998474121094,44.20000076293945,40.0,44.20000076293945,5165,0.0,0.0
2020-03-24 00:00:00-04:00,45.599998474121094,48.0,44.0,47.599998474121094,5235,0.0,0.0
2020-03-25 00:00:00-04:00,47.599998474121094,50.0,45.400001525878906,49.0,9860,0.0,0.0
2020-03-26 00:00:00-04:00,48.599998474121094,52.400001525878906,47.400001525878906,49.20000076293945,9015,0.0,0.0
2020-03-27 00:00:00-04:00,48.20000076293945,50.0,46.84000015258789,49.400001525878906,5990,0.0,0.0
2020-03-30 00:00:00-04:00,49.20000076293945,50.400001525878906,47.79999923706055,47.79999923706055,3725,0.0,0.0
2020-03-31 00:00:00-04:00,48.599998474121094,50.599998474121094,47.79999923706055,49.599998474121094,4880,0.0,0.0
2020-04-01 00:00:00-04:00,47.400001525878906,50.0,47.400001525878906,49.400001525878906,5260,0.0,0.0
2020-04-02 00:00:00-04:00,49.400001525878906,49.400001525878906,45.599998474121094,47.79999923706055,6620,0.0,0.0
2020-04-03 00:00:00-04:00,48.400001525878906,49.599998474121094,47.0,49.20000076293945,4485,0.0,0.0
2020-04-06 00:00:00-04:00,49.79999923706055,50.20000076293945,47.20000076293945,48.79999923706055,6765,0.0,0.0
2020-04-07 00:00:00-04:00,51.20000076293945,51.20000076293945,48.0,49.599998474121094,8990,0.0,0.0
2020-04-08 00:00:00-04:00,50.599998474121094,51.0,48.79999923706055,49.0,10270,0.0,0.0
2020-04-09 00:00:00-04:00,49.400001525878906,50.599998474121094,48.79999923706055,49.400001525878906,7390,0.0,0.0
2020-04-13 00:00:00-04:00,49.20000076293945,52.900001525878906,47.0,52.79999923706055,19085,0.0,0.0
2020-04-14 00:00:00-04:00,54.599998474121094,58.599998474121094,51.79999923706055,55.79999923706055,72175,0.0,0.0
2020-04-15 00:00:00-04:00,54.20000076293945,55.79999923706055,50.20000076293945,52.599998474121094,21440,0.0,0.0
2020-04-16 00:00:00-04:00,53.599998474121094,56.20000076293945,52.58000183105469,55.20000076293945,8425,0.0,0.0
2020-04-17 00:00:00-04:00,53.0,58.0,53.0,56.400001525878906,14715,0.0,0.0
2020-04-20 00:00:00-04:00,56.599998474121094,57.439998626708984,55.400001525878906,55.79999923706055,12000,0.0,0.0
2020-04-21 00:00:00-04:00,54.20000076293945,55.31999969482422,53.0,53.599998474121094,6945,0.0,0.0
2020-04-22 00:00:00-04:00,53.79999923706055,55.400001525878906,53.400001525878906,54.79999923706055,3790,0.0,0.0
2020-04-23 00:00:00-04:00,55.79999923706055,56.79999923706055,54.599998474121094,55.20000076293945,8750,0.0,0.0
2020-04-24 00:00:00-04:00,56.0,57.400001525878906,54.279998779296875,55.20000076293945,14260,0.0,0.0
2020-04-27 00:00:00-04:00,56.0,56.79999923706055,55.0,55.79999923706055,7255,0.0,0.0
2020-04-28 00:00:00-04:00,58.79999923706055,58.79999923706055,55.20000076293945,56.0,5800,0.0,0.0
2020-04-29 00:00:00-04:00,56.400001525878906,59.0,56.400001525878906,57.79999923706055,7405,0.0,0.0
2020-04-30 00:00:00-04:00,57.400001525878906,57.900001525878906,55.0,56.599998474121094,5400,0.0,0.0
2020-05-01 00:00:00-04:00,55.79999923706055,56.400001525878906,53.400001525878906,55.400001525878906,7875,0.0,0.0
2020-05-04 00:00:00-04:00,54.79999923706055,59.400001525878906,54.79999923706055,58.400001525878906,14020,0.0,0.0
2020-05-05 00:00:00-04:00,59.599998474121094,61.0,57.79999923706055,59.79999923706055,16080,0.0,0.0
2020-05-06 00:00:00-04:00,62.400001525878906,62.599998474121094,58.599998474121094,60.599998474121094,16010,0.0,0.0
2020-05-07 00:00:00-04:00,61.79999923706055,62.599998474121094,60.400001525878906,61.79999923706055,9955,0.0,0.0
2020-05-08 00:00:00-04:00,61.599998474121094,66.0,61.599998474121094,64.4000015258789,14590,0.0,0.0
2020-05-11 00:00:00-04:00,64.19999694824219,69.19999694824219,64.0,67.4000015258789,15470,0.0,0.0
2020-05-12 00:00:00-04:00,67.80000305175781,72.0,65.0,65.0,20570,0.0,0.0
2020-05-13 00:00:00-04:00,65.80000305175781,67.5999984741211,60.400001525878906,64.0,17860,0.0,0.0
2020-05-14 00:00:00-04:00,61.400001525878906,62.400001525878906,56.400001525878906,58.400001525878906,14545,0.0,0.0
2020-05-15 00:00:00-04:00,57.79999923706055,61.400001525878906,57.20000076293945,59.79999923706055,7335,0.0,0.0
2020-05-18 00:00:00-04:00,61.20000076293945,65.0,60.20000076293945,64.0,16820,0.0,0.0
2020-05-19 00:00:00-04:00,64.4000015258789,69.0,64.0,67.80000305175781,16010,0.0,0.0
2020-05-20 00:00:00-04:00,68.80000305175781,71.19999694824219,67.19999694824219,70.80000305175781,16105,0.0,0.0
2020-05-21 00:00:00-04:00,69.80000305175781,71.4000015258789,67.0,70.4000015258789,11950,0.0,0.0
2020-05-22 00:00:00-04:00,70.80000305175781,72.5,69.19999694824219,72.4000015258789,13720,0.0,0.0
2020-05-26 00:00:00-04:00,75.0,75.0,70.5999984741211,71.4000015258789,13855,0.0,0.0
2020-05-27 00:00:00-04:00,72.0,73.5999984741211,67.0,72.5999984741211,9080,0.0,0.0
2020-05-28 00:00:00-04:00,72.80000305175781,73.5999984741211,70.4000015258789,71.5999984741211,9555,0.0,0.0
2020-05-29 00:00:00-04:00,71.4000015258789,73.0,67.4000015258789,72.4000015258789,7920,0.0,0.0
2020-06-01 00:00:00-04:00,72.19999694824219,76.0,71.0,73.80000305175781,9185,0.0,0.0
2020-06-02 00:00:00-04:00,73.5999984741211,75.80000305175781,72.4000015258789,74.19999694824219,7850,0.0,0.0
2020-06-03 00:00:00-04:00,74.5999984741211,75.80000305175781,73.0,73.5999984741211,7570,0.0,0.0
2020-06-04 00:00:00-04:00,72.4000015258789,74.5999984741211,70.19999694824219,72.5999984741211,9295,0.0,0.0
2020-06-05 00:00:00-04:00,69.0,74.80000305175781,69.0,70.5999984741211,13105,0.0,0.0
2020-06-08 00:00:00-04:00,70.80000305175781,75.19999694824219,70.80000305175781,71.5999984741211,7560,0.0,0.0
2020-06-09 00:00:00-04:00,70.80000305175781,74.0,70.19999694824219,73.0,5695,0.0,0.0
2020-06-10 00:00:00-04:00,73.4000015258789,76.80000305175781,72.19999694824219,74.5999984741211,9360,0.0,0.0
2020-06-11 00:00:00-04:00,72.80000305175781,73.69999694824219,66.80000305175781,66.80000305175781,9275,0.0,0.0
2020-06-12 00:00:00-04:00,69.0,75.0999984741211,69.0,73.4000015258789,7020,0.0,0.0
2020-06-15 00:00:00-04:00,72.0,77.0999984741211,72.0,76.19999694824219,13670,0.0,0.0
2020-06-16 00:00:00-04:00,77.4000015258789,80.0,75.19999694824219,77.4000015258789,11545,0.0,0.0
2020-06-17 00:00:00-04:00,78.0,79.80000305175781,76.0,77.80000305175781,6755,0.0,0.0
2020-06-18 00:00:00-04:00,77.80000305175781,83.5999984741211,76.19999694824219,78.80000305175781,12410,0.0,0.0
2020-06-19 00:00:00-04:00,80.4000015258789,81.5999984741211,77.19999694824219,80.0,16160,0.0,0.0
2020-06-22 00:00:00-04:00,80.0,81.0,78.0,78.5999984741211,9205,0.0,0.0
2020-06-23 00:00:00-04:00,79.0,80.95999908447266,77.4000015258789,78.19999694824219,9870,0.0,0.0
2020-06-24 00:00:00-04:00,78.80000305175781,81.0,77.44000244140625,80.0,12750,0.0,0.0
2020-06-25 00:00:00-04:00,79.4000015258789,81.0,76.5999984741211,79.4000015258789,19740,0.0,0.0
2020-06-26 00:00:00-04:00,78.4000015258789,89.0,76.19999694824219,78.0,218080,0.0,0.0
2020-06-29 00:00:00-04:00,77.19999694824219,79.19999694824219,71.5999984741211,75.0,19575,0.0,0.0
2020-06-30 00:00:00-04:00,74.5999984741211,75.4000015258789,72.80000305175781,73.80000305175781,8670,0.0,0.0
2020-07-01 00:00:00-04:00,73.5999984741211,74.80000305175781,71.13999938964844,73.19999694824219,8030,0.0,0.0
2020-07-02 00:00:00-04:00,74.4000015258789,76.19999694824219,72.80000305175781,73.4000015258789,8740,0.0,0.0
2020-07-06 00:00:00-04:00,74.5999984741211,78.0,73.0,77.5999984741211,11275,0.0,0.0
2020-07-07 00:00:00-04:00,76.80000305175781,78.5,75.5999984741211,76.4000015258789,6150,0.0,0.0
2020-07-08 00:00:00-04:00,76.4000015258789,77.0,73.0,74.5999984741211,38845,0.0,0.0
2020-07-09 00:00:00-04:00,74.5999984741211,75.80000305175781,72.19999694824219,74.80000305175781,10515,0.0,0.0
2020-07-10 00:00:00-04:00,75.19999694824219,75.80000305175781,74.80000305175781,75.0,5040,0.0,0.0
2020-07-13 00:00:00-04:00,75.4000015258789,75.4000015258789,70.0,70.0,7575,0.0,0.0
2020-07-14 00:00:00-04:00,70.5999984741211,71.0,66.19999694824219,71.0,6265,0.0,0.0
2020-07-15 00:00:00-04:00,71.4000015258789,75.69999694824219,70.80000305175781,75.0999984741211,10545,0.0,0.0
2020-07-16 00:00:00-04:00,75.80000305175781,75.80000305175781,71.9000015258789,72.80000305175781,6495,0.0,0.0
2020-07-17 00:00:00-04:00,72.5999984741211,77.19999694824219,72.19999694824219,76.5999984741211,9145,0.0,0.0
2020-07-20 00:00:00-04:00,77.19999694824219,79.80000305175781,76.80000305175781,78.5999984741211,14375,0.0,0.0
2020-07-21 00:00:00-04:00,79.5999984741211,80.5999984741211,76.80000305175781,78.80000305175781,16315,0.0,0.0
2020-07-22 00:00:00-04:00,78.4000015258789,82.4000015258789,78.0,82.0,10980,0.0,0.0
2020-07-23 00:00:00-04:00,82.4000015258789,86.5999984741211,80.68000030517578,81.80000305175781,8160,0.0,0.0
2020-07-24 00:00:00-04:00,82.0,82.80000305175781,76.19999694824219,77.0,9505,0.0,0.0
2020-07-27 00:00:00-04:00,77.19999694824219,78.5999984741211,75.4000015258789,77.5999984741211,10970,0.0,0.0
2020-07-28 00:00:00-04:00,76.80000305175781,80.19999694824219,76.80000305175781,77.5999984741211,6750,0.0,0.0
2020-07-29 00:00:00-04:00,78.4000015258789,78.5999984741211,76.0,77.4000015258789,9150,0.0,0.0
2020-07-30 00:00:00-04:00,77.0,78.0,74.19999694824219,76.19999694824219,7980,0.0,0.0
2020-07-31 00:00:00-04:00,76.0,76.19999694824219,71.80000305175781,73.0,10570,0.0,0.0
2020-08-03 00:00:00-04:00,72.80000305175781,73.5,69.4000015258789,72.19999694824219,7650,0.0,0.0
2020-08-04 00:00:00-04:00,71.5999984741211,79.0,71.55999755859375,77.80000305175781,7940,0.0,0.0
2020-08-05 00:00:00-04:00,79.0,81.5999984741211,77.19999694824219,80.4000015258789,30890,0.0,0.0
2020-08-06 00:00:00-04:00,80.4000015258789,80.4000015258789,75.5999984741211,75.80000305175781,4345,0.0,0.0
2020-08-07 00:00:00-04:00,76.0,79.19999694824219,75.80000305175781,78.0,3470,0.0,0.0
2020-08-10 00:00:00-04:00,79.0,80.19999694824219,76.4000015258789,79.5999984741211,4925,0.0,0.0
2020-08-11 00:00:00-04:00,80.4000015258789,83.0,78.0,80.5999984741211,9175,0.0,0.0
2020-08-12 00:00:00-04:00,86.0,86.80000305175781,74.0,75.5999984741211,15220,0.0,0.0
2020-08-13 00:00:00-04:00,76.0,80.19999694824219,75.0,75.5999984741211,7615,0.0,0.0
2020-08-14 00:00:00-04:00,75.5999984741211,78.0,73.80000305175781,76.19999694824219,6905,0.0,0.0
2020-08-17 00:00:00-04:00,78.19999694824219,78.4000015258789,76.19999694824219,78.0,5175,0.0,0.0
2020-08-18 00:00:00-04:00,78.0,78.19999694824219,75.4000015258789,77.5999984741211,3140,0.0,0.0
2020-08-19 00:00:00-04:00,77.5999984741211,79.19999694824219,76.4800033569336,78.0,3260,0.0,0.0
2020-08-20 00:00:00-04:00,77.4000015258789,79.4000015258789,76.80000305175781,78.19999694824219,3460,0.0,0.0
2020-08-21 00:00:00-04:00,78.0,78.0,73.9000015258789,74.4000015258789,5990,0.0,0.0
2020-08-24 00:00:00-04:00,74.19999694824219,74.19999694824219,71.5999984741211,72.4000015258789,6845,0.0,0.0
2020-08-25 00:00:00-04:00,72.4000015258789,73.80000305175781,71.80000305175781,72.80000305175781,3535,0.0,0.0
2020-08-26 00:00:00-04:00,73.0,73.5999984741211,68.0,68.19999694824219,6540,0.0,0.0
2020-08-27 00:00:00-04:00,68.0,68.80000305175781,65.5999984741211,68.0,10340,0.0,0.0
2020-08-28 00:00:00-04:00,68.5999984741211,69.80000305175781,66.4000015258789,67.19999694824219,5720,0.0,0.0
2020-08-31 00:00:00-04:00,67.19999694824219,67.19999694824219,63.599998474121094,63.599998474121094,9985,0.0,0.0
2020-09-01 00:00:00-04:00,63.79999923706055,63.900001525878906,59.79999923706055,60.79999923706055,10700,0.0,0.0
2020-09-02 00:00:00-04:00,61.400001525878906,62.79999923706055,59.599998474121094,61.20000076293945,11135,0.0,0.0
2020-09-03 00:00:00-04:00,61.79999923706055,70.4000015258789,60.79999923706055,64.4000015258789,23675,0.0,0.0
2020-09-04 00:00:00-04:00,64.5999984741211,64.5999984741211,59.599998474121094,61.599998474121094,14650,0.0,0.0
2020-09-08 00:00:00-04:00,61.20000076293945,62.599998474121094,57.79999923706055,58.0,10260,0.0,0.0
2020-09-09 00:00:00-04:00,58.20000076293945,60.099998474121094,57.79999923706055,58.20000076293945,10965,0.0,0.0
2020-09-10 00:00:00-04:00,58.400001525878906,59.599998474121094,56.79999923706055,57.79999923706055,4535,0.0,0.0
2020-09-11 00:00:00-04:00,58.0,67.0,57.400001525878906,63.20000076293945,34395,0.0,0.0
2020-09-14 00:00:00-04:00,63.0,65.80000305175781,63.0,65.4000015258789,17970,0.0,0.0
2020-09-15 00:00:00-04:00,66.4000015258789,67.80000305175781,64.5999984741211,65.4000015258789,7625,0.0,0.0
2020-09-16 00:00:00-04:00,67.94000244140625,67.94000244140625,62.20000076293945,64.5999984741211,19500,0.0,0.0
2020-09-17 00:00:00-04:00,65.4000015258789,67.80000305175781,64.5999984741211,65.19999694824219,13025,0.0,0.0
2020-09-18 00:00:00-04:00,65.0,66.19999694824219,62.0,62.599998474121094,27860,0.0,0.0
2020-09-21 00:00:00-04:00,62.0,63.599998474121094,61.20000076293945,61.400001525878906,12480,0.0,0.0
2020-09-22 00:00:00-04:00,62.400001525878906,62.599998474121094,60.400001525878906,60.79999923706055,9605,0.0,0.0
2020-09-23 00:00:00-04:00,60.79999923706055,61.79999923706055,58.20000076293945,58.400001525878906,16195,0.0,0.0
2020-09-24 00:00:00-04:00,58.79999923706055,59.20000076293945,56.599998474121094,57.20000076293945,5735,0.0,0.0
2020-09-25 00:00:00-04:00,58.0,60.599998474121094,57.400001525878906,59.79999923706055,5320,0.0,0.0
2020-09-28 00:00:00-04:00,61.20000076293945,61.20000076293945,57.599998474121094,57.79999923706055,7730,0.0,0.0
2020-09-29 00:00:00-04:00,57.79999923706055,59.15999984741211,57.599998474121094,58.599998474121094,2210,0.0,0.0
2020-09-30 00:00:00-04:00,58.599998474121094,59.0,56.400001525878906,57.0,7290,0.0,0.0
2020-10-01 00:00:00-04:00,57.0,58.400001525878906,56.20000076293945,57.400001525878906,7330,0.0,0.0
2020-10-02 00:00:00-04:00,56.0,57.599998474121094,56.0,56.20000076293945,4495,0.0,0.0
2020-10-05 00:00:00-04:00,57.20000076293945,61.599998474121094,56.400001525878906,60.79999923706055,7910,0.0,0.0
2020-10-06 00:00:00-04:00,61.400001525878906,61.459999084472656,59.400001525878906,59.400001525878906,3040,0.0,0.0
2020-10-07 00:00:00-04:00,60.0,62.20000076293945,59.0,62.20000076293945,4520,0.0,0.0
2020-10-08 00:00:00-04:00,62.79999923706055,65.0,62.0,64.5999984741211,3500,0.0,0.0
2020-10-09 00:00:00-04:00,64.5999984741211,65.58000183105469,62.400001525878906,65.0,4620,0.0,0.0
2020-10-12 00:00:00-04:00,65.19999694824219,65.19999694824219,59.79999923706055,60.0,6530,0.0,0.0
2020-10-13 00:00:00-04:00,59.400001525878906,61.79999923706055,59.0,59.599998474121094,7085,0.0,0.0
2020-10-14 00:00:00-04:00,60.0,60.599998474121094,57.70000076293945,59.400001525878906,4045,0.0,0.0
2020-10-15 00:00:00-04:00,58.400001525878906,61.599998474121094,57.0,60.0,4120,0.0,0.0
2020-10-16 00:00:00-04:00,59.400001525878906,62.0,59.400001525878906,61.599998474121094,3045,0.0,0.0
2020-10-19 00:00:00-04:00,62.0,63.0,58.79999923706055,59.20000076293945,2800,0.0,0.0
2020-10-20 00:00:00-04:00,60.20000076293945,60.20000076293945,58.400001525878906,59.79999923706055,2535,0.0,0.0
2020-10-21 00:00:00-04:00,60.20000076293945,61.29999923706055,58.20000076293945,59.599998474121094,2435,0.0,0.0
2020-10-22 00:00:00-04:00,59.79999923706055,65.4000015258789,59.20000076293945,63.79999923706055,6825,0.0,0.0
2020-10-23 00:00:00-04:00,64.0,64.19999694824219,60.0,60.599998474121094,3850,0.0,0.0
2020-10-26 00:00:00-04:00,60.0,60.79999923706055,58.0,59.400001525878906,3165,0.0,0.0
2020-10-27 00:00:00-04:00,59.400001525878906,59.7599983215332,58.20000076293945,58.20000076293945,3045,0.0,0.0
2020-10-28 00:00:00-04:00,58.0,58.900001525878906,55.0,55.599998474121094,5830,0.0,0.0
2020-10-29 00:00:00-04:00,55.400001525878906,55.79999923706055,52.20000076293945,53.0,10645,0.0,0.0
2020-10-30 00:00:00-04:00,52.0,54.0,51.599998474121094,52.20000076293945,5900,0.0,0.0
2020-11-02 00:00:00-05:00,52.79999923706055,52.79999923706055,47.20000076293945,49.599998474121094,24460,0.0,0.0
2020-11-03 00:00:00-05:00,50.0,50.79999923706055,48.79999923706055,48.79999923706055,34965,0.0,0.0
2020-11-04 00:00:00-05:00,51.599998474121094,51.599998474121094,48.0,49.599998474121094,6925,0.0,0.0
2020-11-05 00:00:00-05:00,49.20000076293945,51.400001525878906,48.20000076293945,50.79999923706055,7405,0.0,0.0
2020-11-06 00:00:00-05:00,50.599998474121094,50.599998474121094,43.400001525878906,46.400001525878906,14890,0.0,0.0
2020-11-09 00:00:00-05:00,48.79999923706055,49.58000183105469,36.400001525878906,39.79999923706055,64020,0.0,0.0
2020-11-10 00:00:00-05:00,37.720001220703125,41.20000076293945,37.0,39.79999923706055,33180,0.0,0.0
2020-11-11 00:00:00-05:00,41.20000076293945,41.20000076293945,38.400001525878906,40.79999923706055,16555,0.0,0.0
2020-11-12 00:00:00-05:00,45.31999969482422,54.20000076293945,43.79999923706055,50.400001525878906,64815,0.0,0.0
2020-11-13 00:00:00-05:00,50.0,52.20000076293945,49.20000076293945,50.79999923706055,24550,0.0,0.0
2020-11-16 00:00:00-05:00,54.0,54.36000061035156,50.79999923706055,53.599998474121094,15610,0.0,0.0
2020-11-17 00:00:00-05:00,54.0,54.47999954223633,50.400001525878906,51.400001525878906,15420,0.0,0.0
2020-11-18 00:00:00-05:00,51.79999923706055,52.599998474121094,50.400001525878906,50.400001525878906,9855,0.0,0.0
2020-11-19 00:00:00-05:00,49.599998474121094,50.79999923706055,48.400001525878906,49.79999923706055,11420,0.0,0.0
2020-11-20 00:00:00-05:00,49.20000076293945,50.79999923706055,47.79999923706055,48.400001525878906,11960,0.0,0.0
2020-11-23 00:00:00-05:00,48.0,48.79999923706055,45.0,45.400001525878906,16855,0.0,0.0
2020-11-24 00:00:00-05:00,45.400001525878906,46.900001525878906,44.20000076293945,46.20000076293945,6990,0.0,0.0
2020-11-25 00:00:00-05:00,46.0,47.20000076293945,44.599998474121094,46.0,5265,0.0,0.0
2020-11-27 00:00:00-05:00,46.79999923706055,47.79999923706055,45.400001525878906,46.599998474121094,9635,0.0,0.0
2020-11-30 00:00:00-05:00,47.400001525878906,48.0,45.20000076293945,46.79999923706055,11725,0.0,0.0
2020-12-01 00:00:00-05:00,47.79999923706055,47.79999923706055,43.0,43.400001525878906,14505,0.0,0.0
2020-12-02 00:00:00-05:00,44.79999923706055,46.20000076293945,42.0,42.599998474121094,17565,0.0,0.0
2020-12-03 00:00:00-05:00,43.0,44.0,42.0,42.79999923706055,8555,0.0,0.0
2020-12-04 00:00:00-05:00,43.400001525878906,48.79999923706055,42.79999923706055,48.0,15890,0.0,0.0
2020-12-07 00:00:00-05:00,47.599998474121094,47.79999923706055,45.0,46.0,9670,0.0,0.0
2020-12-08 00:00:00-05:00,46.0,46.52000045776367,41.79999923706055,43.400001525878906,22740,0.0,0.0
2020-12-09 00:00:00-05:00,43.599998474121094,44.0,40.0,41.599998474121094,44875,0.0,0.0
2020-12-10 00:00:00-05:00,41.79999923706055,43.79999923706055,40.599998474121094,43.0,15590,0.0,0.0
2020-12-11 00:00:00-05:00,43.79999923706055,43.79999923706055,40.0,40.400001525878906,19850,0.0,0.0
2020-12-14 00:00:00-05:00,40.400001525878906,43.0,40.400001525878906,41.0,13695,0.0,0.0
2020-12-15 00:00:00-05:00,41.599998474121094,43.0,40.0,41.20000076293945,18125,0.0,0.0
2020-12-16 00:00:00-05:00,42.20000076293945,43.18000030517578,40.20000076293945,41.599998474121094,10535,0.0,0.0
2020-12-17 00:00:00-05:00,41.599998474121094,42.79999923706055,39.20000076293945,41.400001525878906,47590,0.0,0.0
2020-12-18 00:00:00-05:00,42.0,42.400001525878906,40.79999923706055,40.79999923706055,38440,0.0,0.0
2020-12-21 00:00:00-05:00,41.20000076293945,41.63999938964844,39.400001525878906,40.0,29950,0.0,0.0
2020-12-22 00:00:00-05:00,40.400001525878906,43.599998474121094,40.20000076293945,42.400001525878906,49935,0.0,0.0
2020-12-23 00:00:00-05:00,43.599998474121094,43.599998474121094,41.400001525878906,42.20000076293945,24460,0.0,0.0
2020-12-24 00:00:00-05:00,42.20000076293945,42.400001525878906,40.400001525878906,41.20000076293945,26340,0.0,0.0
2020-12-28 00:00:00-05:00,41.79999923706055,42.20000076293945,39.400001525878906,40.0,37815,0.0,0.0
2020-12-29 00:00:00-05:00,40.599998474121094,41.0,38.400001525878906,40.0,26860,0.0,0.0
2020-12-30 00:00:00-05:00,40.0,41.0,39.79999923706055,40.79999923706055,22470,0.0,0.0
2020-12-31 00:00:00-05:00,41.20000076293945,41.20000076293945,39.79999923706055,40.0,21335,0.0,0.0
2021-01-04 00:00:00-05:00,41.20000076293945,41.81999969482422,40.0,41.20000076293945,20155,0.0,0.0
2021-01-05 00:00:00-05:00,41.20000076293945,45.79999923706055,41.20000076293945,44.400001525878906,46865,0.0,0.0
2021-01-06 00:00:00-05:00,43.599998474121094,45.20000076293945,41.400001525878906,42.400001525878906,34475,0.0,0.0
2021-01-07 00:00:00-05:00,42.79999923706055,46.79999923706055,42.58000183105469,46.599998474121094,45670,0.0,0.0
2021-01-08 00:00:00-05:00,47.20000076293945,47.400001525878906,45.400001525878906,47.20000076293945,26725,0.0,0.0
2021-01-11 00:00:00-05:00,47.20000076293945,48.400001525878906,46.400001525878906,47.599998474121094,19390,0.0,0.0
2021-01-12 00:00:00-05:00,47.79999923706055,49.0,47.599998474121094,49.0,16005,0.0,0.0
2021-01-13 00:00:00-05:00,48.79999923706055,49.0,47.0,47.599998474121094,15215,0.0,0.0
2021-01-14 00:00:00-05:00,48.0,48.400001525878906,47.0,48.0,11405,0.0,0.0
2021-01-15 00:00:00-05:00,48.20000076293945,48.599998474121094,46.20000076293945,47.0,19655,0.0,0.0
2021-01-19 00:00:00-05:00,47.400001525878906,49.70000076293945,47.0,49.20000076293945,13655,0.0,0.0
2021-01-20 00:00:00-05:00,50.400001525878906,50.79999923706055,48.0,48.400001525878906,11260,0.0,0.0
2021-01-21 00:00:00-05:00,48.20000076293945,48.599998474121094,46.900001525878906,47.599998474121094,11570,0.0,0.0
2021-01-22 00:00:00-05:00,47.79999923706055,51.79999923706055,47.79999923706055,50.20000076293945,24075,0.0,0.0
2021-01-25 00:00:00-05:00,51.0,51.79999923706055,49.0,51.599998474121094,20835,0.0,0.0
2021-01-26 00:00:00-05:00,52.79999923706055,53.20000076293945,49.20000076293945,50.0,25530,0.0,0.0
2021-01-27 00:00:00-05:00,49.400001525878906,51.599998474121094,46.0,48.599998474121094,30280,0.0,0.0
2021-01-28 00:00:00-05:00,49.599998474121094,49.599998474121094,46.20000076293945,47.0,21825,0.0,0.0
2021-01-29 00:00:00-05:00,46.599998474121094,52.79999923706055,46.599998474121094,49.0,68585,0.0,0.0
2021-02-01 00:00:00-05:00,49.0,52.099998474121094,47.599998474121094,51.79999923706055,30795,0.0,0.0
2021-02-02 00:00:00-05:00,52.599998474121094,53.41999816894531,49.5,53.20000076293945,19970,0.0,0.0
2021-02-03 00:00:00-05:00,53.400001525878906,53.79999923706055,50.900001525878906,52.20000076293945,14390,0.0,0.0
2021-02-04 00:00:00-05:00,54.0,54.20000076293945,51.0,53.20000076293945,20365,0.0,0.0
2021-02-05 00:00:00-05:00,52.599998474121094,52.79999923706055,48.400001525878906,49.79999923706055,82460,0.0,0.0
2021-02-08 00:00:00-05:00,51.0,53.599998474121094,48.0,51.0,96565,0.0,0.0
2021-02-09 00:00:00-05:00,51.79999923706055,54.0,51.400001525878906,53.400001525878906,54690,0.0,0.0
2021-02-10 00:00:00-05:00,55.79999923706055,57.400001525878906,51.0,51.599998474121094,70005,0.0,0.0
2021-02-11 00:00:00-05:00,54.599998474121094,55.79999923706055,48.20000076293945,48.599998474121094,102355,0.0,0.0
2021-02-12 00:00:00-05:00,49.599998474121094,51.599998474121094,49.0,51.0,45160,0.0,0.0
2021-02-16 00:00:00-05:00,51.599998474121094,63.0,50.0,58.0,368975,0.0,0.0
2021-02-17 00:00:00-05:00,58.400001525878906,62.400001525878906,54.400001525878906,60.20000076293945,188090,0.0,0.0
2021-02-18 00:00:00-05:00,57.279998779296875,59.79999923706055,51.79999923706055,52.79999923706055,107610,0.0,0.0
2021-02-19 00:00:00-05:00,54.400001525878906,57.0,52.0,55.20000076293945,88170,0.0,0.0
2021-02-22 00:00:00-05:00,55.18000030517578,55.18000030517578,51.599998474121094,52.20000076293945,68610,0.0,0.0
2021-02-23 00:00:00-05:00,50.20000076293945,51.900001525878906,46.0,49.400001525878906,78390,0.0,0.0
2021-02-24 00:00:00-05:00,50.0,50.79999923706055,47.599998474121094,48.599998474121094,37120,0.0,0.0
2021-02-25 00:00:00-05:00,48.599998474121094,49.900001525878906,46.400001525878906,48.599998474121094,50495,0.0,0.0
2021-02-26 00:00:00-05:00,46.20000076293945,49.79999923706055,44.400001525878906,45.400001525878906,58295,0.0,0.0
2021-03-01 00:00:00-05:00,46.0,47.400001525878906,44.20000076293945,45.79999923706055,34710,0.0,0.0
2021-03-02 00:00:00-05:00,45.20000076293945,46.79999923706055,43.0,46.400001525878906,54580,0.0,0.0
2021-03-03 00:00:00-05:00,46.20000076293945,46.400001525878906,44.0,44.599998474121094,48865,0.0,0.0
2021-03-04 00:00:00-05:00,44.20000076293945,47.599998474121094,42.599998474121094,46.79999923706055,69945,0.0,0.0
2021-03-05 00:00:00-05:00,47.20000076293945,47.400001525878906,42.0,46.20000076293945,46865,0.0,0.0
2021-03-08 00:00:00-05:00,46.400001525878906,48.0,45.34000015258789,48.0,30485,0.0,0.0
2021-03-09 00:00:00-05:00,49.400001525878906,53.0,48.400001525878906,51.0,27780,0.0,0.0
2021-03-10 00:00:00-05:00,51.400001525878906,53.5,51.29999923706055,52.0,21040,0.0,0.0
2021-03-11 00:00:00-05:00,52.599998474121094,56.79999923706055,52.0,54.79999923706055,58175,0.0,0.0
2021-03-12 00:00:00-05:00,53.20000076293945,54.599998474121094,52.79999923706055,53.20000076293945,14240,0.0,0.0
2021-03-15 00:00:00-04:00,53.20000076293945,54.65999984741211,51.599998474121094,52.20000076293945,18815,0.0,0.0
2021-03-16 00:00:00-04:00,52.400001525878906,54.79999923706055,51.0,54.400001525878906,22355,0.0,0.0
2021-03-17 00:00:00-04:00,51.79999923706055,53.0,50.0,51.0,27915,0.0,0.0
2021-03-18 00:00:00-04:00,50.79999923706055,51.79999923706055,48.0,48.20000076293945,16995,0.0,0.0
2021-03-19 00:00:00-04:00,48.400001525878906,51.20000076293945,48.0,49.599998474121094,21625,0.0,0.0
2021-03-22 00:00:00-04:00,50.18000030517578,51.0,48.0,49.400001525878906,21005,0.0,0.0
2021-03-23 00:00:00-04:00,49.20000076293945,49.79999923706055,46.0,46.400001525878906,18245,0.0,0.0
2021-03-24 00:00:00-04:00,47.0,47.599998474121094,44.599998474121094,46.0,24835,0.0,0.0
2021-03-25 00:00:00-04:00,45.79999923706055,47.79999923706055,44.20000076293945,47.20000076293945,15620,0.0,0.0
2021-03-26 00:00:00-04:00,47.599998474121094,47.599998474121094,44.79999923706055,45.79999923706055,14335,0.0,0.0
2021-03-29 00:00:00-04:00,46.0,46.2599983215332,43.599998474121094,45.599998474121094,21185,0.0,0.0
2021-03-30 00:00:00-04:00,45.400001525878906,47.0,44.400001525878906,45.400001525878906,14975,0.0,0.0
2021-03-31 00:00:00-04:00,45.400001525878906,55.0,44.79999923706055,53.20000076293945,100105,0.0,0.0
2021-04-01 00:00:00-04:00,53.20000076293945,55.400001525878906,52.20000076293945,54.0,34780,0.0,0.0
2021-04-05 00:00:00-04:00,58.400001525878906,61.599998474121094,50.400001525878906,52.20000076293945,348685,0.0,0.0
2021-04-06 00:00:00-04:00,51.400001525878906,54.400001525878906,47.70000076293945,48.400001525878906,67690,0.0,0.0
2021-04-07 00:00:00-04:00,48.79999923706055,49.0,45.599998474121094,46.0,47990,0.0,0.0
2021-04-08 00:00:00-04:00,46.0,48.20000076293945,46.0,48.0,44605,0.0,0.0
2021-04-09 00:00:00-04:00,47.400001525878906,47.79999923706055,45.20000076293945,46.0,28805,0.0,0.0
2021-04-12 00:00:00-04:00,46.0,46.060001373291016,42.599998474121094,43.400001525878906,45455,0.0,0.0
2021-04-13 00:00:00-04:00,44.0,44.400001525878906,42.599998474121094,43.20000076293945,14870,0.0,0.0
2021-04-14 00:00:00-04:00,43.599998474121094,45.099998474121094,43.08000183105469,43.20000076293945,22385,0.0,0.0
2021-04-15 00:00:00-04:00,44.0,44.599998474121094,43.0,43.599998474121094,20740,0.0,0.0
2021-04-16 00:00:00-04:00,44.20000076293945,44.400001525878906,41.599998474121094,42.79999923706055,32500,0.0,0.0
2021-04-19 00:00:00-04:00,42.0,42.599998474121094,40.599998474121094,41.400001525878906,27445,0.0,0.0
2021-04-20 00:00:00-04:00,41.79999923706055,42.400001525878906,40.20000076293945,40.599998474121094,30225,0.0,0.0
2021-04-21 00:00:00-04:00,40.599998474121094,44.20000076293945,40.599998474121094,43.79999923706055,28915,0.0,0.0
2021-04-22 00:00:00-04:00,43.79999923706055,44.79999923706055,42.79999923706055,43.599998474121094,14560,0.0,0.0
2021-04-23 00:00:00-04:00,44.0,46.0,43.599998474121094,44.599998474121094,21495,0.0,0.0
2021-04-26 00:00:00-04:00,44.79999923706055,46.400001525878906,44.0,45.400001525878906,16790,0.0,0.0
2021-04-27 00:00:00-04:00,46.20000076293945,46.599998474121094,43.400001525878906,43.79999923706055,14470,0.0,0.0
2021-04-28 00:00:00-04:00,44.0,47.0,43.599998474121094,46.599998474121094,23830,0.0,0.0
2021-04-29 00:00:00-04:00,47.0,47.400001525878906,45.400001525878906,45.79999923706055,23960,0.0,0.0
2021-04-30 00:00:00-04:00,45.79999923706055,46.400001525878906,43.900001525878906,44.400001525878906,20490,0.0,0.0
2021-05-03 00:00:00-04:00,44.79999923706055,45.20000076293945,43.79999923706055,44.79999923706055,14195,0.0,0.0
2021-05-04 00:00:00-04:00,44.0,44.400001525878906,41.0,41.599998474121094,28830,0.0,0.0
2021-05-05 00:00:00-04:00,42.0,42.70000076293945,40.0,40.400001525878906,18315,0.0,0.0
2021-05-06 00:00:00-04:00,40.0,41.599998474121094,39.400001525878906,40.400001525878906,35105,0.0,0.0
2021-05-07 00:00:00-04:00,41.0,42.0,39.599998474121094,40.20000076293945,21635,0.0,0.0
2021-05-10 00:00:00-04:00,40.599998474121094,40.599998474121094,37.099998474121094,37.400001525878906,35900,0.0,0.0
2021-05-11 00:00:00-04:00,36.0,39.400001525878906,35.20000076293945,39.0,28150,0.0,0.0
2021-05-12 00:00:00-04:00,38.0,40.400001525878906,38.0,40.0,18070,0.0,0.0
2021-05-13 00:00:00-04:00,40.400001525878906,41.599998474121094,39.20000076293945,40.400001525878906,20810,0.0,0.0
2021-05-14 00:00:00-04:00,41.0,41.0,39.599998474121094,40.20000076293945,14350,0.0,0.0
2021-05-17 00:00:00-04:00,39.79999923706055,40.79999923706055,39.0,40.0,24120,0.0,0.0
2021-05-18 00:00:00-04:00,39.400001525878906,40.79999923706055,39.400001525878906,40.0,16805,0.0,0.0
2021-05-19 00:00:00-04:00,39.400001525878906,40.400001525878906,38.599998474121094,39.79999923706055,12730,0.0,0.0
2021-05-20 00:00:00-04:00,40.0,42.400001525878906,39.79999923706055,41.400001525878906,16970,0.0,0.0
2021-05-21 00:00:00-04:00,41.599998474121094,41.79999923706055,40.20000076293945,40.599998474121094,9870,0.0,0.0
2021-05-24 00:00:00-04:00,40.599998474121094,41.099998474121094,39.79999923706055,40.0,7445,0.0,0.0
2021-05-25 00:00:00-04:00,39.79999923706055,40.20000076293945,38.70000076293945,39.599998474121094,18675,0.0,0.0
2021-05-26 00:00:00-04:00,40.0,40.599998474121094,39.599998474121094,40.20000076293945,8375,0.0,0.0
2021-05-27 00:00:00-04:00,40.20000076293945,41.20000076293945,40.20000076293945,40.79999923706055,6675,0.0,0.0
2021-05-28 00:00:00-04:00,40.599998474121094,41.400001525878906,40.0,40.400001525878906,10455,0.0,0.0
2021-06-01 00:00:00-04:00,41.20000076293945,41.20000076293945,39.79999923706055,40.599998474121094,10490,0.0,0.0
2021-06-02 00:00:00-04:00,40.79999923706055,41.20000076293945,40.0,40.599998474121094,8760,0.0,0.0
2021-06-03 00:00:00-04:00,40.400001525878906,42.0,40.20000076293945,41.599998474121094,18675,0.0,0.0
2021-06-04 00:00:00-04:00,41.400001525878906,43.79999923706055,41.2599983215332,42.599998474121094,13600,0.0,0.0
2021-06-07 00:00:00-04:00,42.20000076293945,43.400001525878906,42.099998474121094,42.599998474121094,12065,0.0,0.0
2021-06-08 00:00:00-04:00,42.400001525878906,43.400001525878906,42.220001220703125,43.400001525878906,8125,0.0,0.0
2021-06-09 00:00:00-04:00,43.599998474121094,44.79999923706055,43.400001525878906,44.0,10030,0.0,0.0
2021-06-10 00:00:00-04:00,44.400001525878906,44.599998474121094,42.400001525878906,42.599998474121094,8955,0.0,0.0
2021-06-11 00:00:00-04:00,42.400001525878906,44.20000076293945,42.400001525878906,43.20000076293945,9870,0.0,0.0
2021-06-14 00:00:00-04:00,43.0,43.79999923706055,41.79999923706055,42.0,19085,0.0,0.0
2021-06-15 00:00:00-04:00,42.20000076293945,42.79999923706055,40.79999923706055,42.0,10225,0.0,0.0
2021-06-16 00:00:00-04:00,42.0,42.0,40.86000061035156,41.599998474121094,16135,0.0,0.0
2021-06-17 00:00:00-04:00,41.0,42.599998474121094,41.0,41.79999923706055,12385,0.0,0.0
2021-06-18 00:00:00-04:00,41.599998474121094,42.400001525878906,40.400001525878906,40.599998474121094,20335,0.0,0.0
2021-06-21 00:00:00-04:00,40.79999923706055,41.099998474121094,39.400001525878906,40.0,27880,0.0,0.0
2021-06-22 00:00:00-04:00,39.400001525878906,40.599998474121094,38.599998474121094,38.79999923706055,25730,0.0,0.0
2021-06-23 00:00:00-04:00,38.79999923706055,39.13999938964844,38.0,38.400001525878906,19905,0.0,0.0
2021-06-24 00:00:00-04:00,38.599998474121094,38.900001525878906,38.0,38.599998474121094,22350,0.0,0.0
2021-06-25 00:00:00-04:00,38.599998474121094,39.86000061035156,37.599998474121094,39.79999923706055,253960,0.0,0.0
2021-06-28 00:00:00-04:00,39.380001068115234,42.0,39.380001068115234,41.79999923706055,19210,0.0,0.0
2021-06-29 00:00:00-04:00,41.599998474121094,41.79999923706055,39.79999923706055,40.599998474121094,15320,0.0,0.0
2021-06-30 00:00:00-04:00,40.400001525878906,40.599998474121094,39.79999923706055,40.400001525878906,7505,0.0,0.0
2021-07-01 00:00:00-04:00,40.79999923706055,40.79999923706055,39.400001525878906,39.79999923706055,14165,0.0,0.0
2021-07-02 00:00:00-04:00,41.0,41.0,39.20000076293945,40.400001525878906,9325,0.0,0.0
2021-07-06 00:00:00-04:00,40.20000076293945,40.599998474121094,38.20000076293945,38.20000076293945,14280,0.0,0.0
2021-07-07 00:00:00-04:00,38.599998474121094,38.79999923706055,36.400001525878906,36.79999923706055,18460,0.0,0.0
2021-07-08 00:00:00-04:00,36.0,37.099998474121094,34.599998474121094,36.599998474121094,44740,0.0,0.0
2021-07-09 00:00:00-04:00,37.20000076293945,38.20000076293945,36.0,38.0,30475,0.0,0.0
2021-07-12 00:00:00-04:00,38.400001525878906,38.79999923706055,37.20000076293945,37.599998474121094,9255,0.0,0.0
2021-07-13 00:00:00-04:00,37.400001525878906,37.599998474121094,35.400001525878906,35.400001525878906,22985,0.0,0.0
2021-07-14 00:00:00-04:00,36.0,37.400001525878906,29.200000762939453,34.0,39910,0.0,0.0
2021-07-15 00:00:00-04:00,33.599998474121094,34.20000076293945,32.939998626708984,33.400001525878906,8575,0.0,0.0
2021-07-16 00:00:00-04:00,33.400001525878906,33.599998474121094,31.799999237060547,31.799999237060547,11880,0.0,0.0
2021-07-19 00:00:00-04:00,32.0,32.20000076293945,31.0,31.600000381469727,18845,0.0,0.0
2021-07-20 00:00:00-04:00,31.600000381469727,32.400001525878906,31.600000381469727,32.20000076293945,12635,0.0,0.0
2021-07-21 00:00:00-04:00,32.79999923706055,32.79999923706055,31.799999237060547,31.799999237060547,22025,0.0,0.0
2021-07-22 00:00:00-04:00,32.0,32.0,30.399999618530273,31.0,14610,0.0,0.0
2021-07-23 00:00:00-04:00,31.0,32.0,29.600000381469727,30.600000381469727,11045,0.0,0.0
2021-07-26 00:00:00-04:00,30.600000381469727,31.579999923706055,30.299999237060547,31.200000762939453,6965,0.0,0.0
2021-07-27 00:00:00-04:00,31.399999618530273,31.399999618530273,29.600000381469727,30.0,7775,0.0,0.0
2021-07-28 00:00:00-04:00,30.0,30.5,29.600000381469727,30.399999618530273,5960,0.0,0.0
2021-07-29 00:00:00-04:00,30.399999618530273,30.799999237060547,29.600000381469727,29.600000381469727,18150,0.0,0.0
2021-07-30 00:00:00-04:00,31.200000762939453,31.399999618530273,30.0,30.399999618530273,16860,0.0,0.0
2021-08-02 00:00:00-04:00,31.399999618530273,32.400001525878906,30.399999618530273,32.20000076293945,16470,0.0,0.0
2021-08-03 00:00:00-04:00,32.79999923706055,34.29999923706055,32.220001220703125,34.20000076293945,21390,0.0,0.0
2021-08-04 00:00:00-04:00,35.0,35.099998474121094,33.400001525878906,34.0,21410,0.0,0.0
2021-08-05 00:00:00-04:00,34.599998474121094,34.599998474121094,33.599998474121094,33.79999923706055,7935,0.0,0.0
2021-08-06 00:00:00-04:00,33.79999923706055,34.20000076293945,33.20000076293945,33.400001525878906,3835,0.0,0.0
2021-08-09 00:00:00-04:00,33.79999923706055,34.02000045776367,32.79999923706055,33.400001525878906,7025,0.0,0.0
2021-08-10 00:00:00-04:00,33.599998474121094,33.599998474121094,32.79999923706055,33.0,5010,0.0,0.0
2021-08-11 00:00:00-04:00,33.400001525878906,33.400001525878906,32.599998474121094,32.79999923706055,6430,0.0,0.0
2021-08-12 00:00:00-04:00,32.400001525878906,33.400001525878906,32.400001525878906,32.79999923706055,9350,0.0,0.0
2021-08-13 00:00:00-04:00,33.79999923706055,34.599998474121094,33.20000076293945,33.599998474121094,18180,0.0,0.0
2021-08-16 00:00:00-04:00,33.599998474121094,34.0,32.599998474121094,33.400001525878906,22195,0.0,0.0
2021-08-17 00:00:00-04:00,33.400001525878906,34.400001525878906,33.0,33.400001525878906,20810,0.0,0.0
2021-08-18 00:00:00-04:00,34.0,36.400001525878906,33.79999923706055,35.599998474121094,20115,0.0,0.0
2021-08-19 00:00:00-04:00,35.79999923706055,36.79999923706055,35.20000076293945,35.79999923706055,17210,0.0,0.0
2021-08-20 00:00:00-04:00,36.20000076293945,40.400001525878906,34.79999923706055,39.20000076293945,35935,0.0,0.0
2021-08-23 00:00:00-04:00,39.439998626708984,42.599998474121094,39.0,42.400001525878906,28340,0.0,0.0
2021-08-24 00:00:00-04:00,41.900001525878906,42.400001525878906,39.20000076293945,41.599998474121094,28410,0.0,0.0
2021-08-25 00:00:00-04:00,41.599998474121094,43.400001525878906,41.20000076293945,43.20000076293945,15840,0.0,0.0
2021-08-26 00:00:00-04:00,43.20000076293945,43.79999923706055,40.599998474121094,41.0,25650,0.0,0.0
2021-08-27 00:00:00-04:00,41.79999923706055,42.70000076293945,40.400001525878906,42.0,16195,0.0,0.0
2021-08-30 00:00:00-04:00,42.599998474121094,43.400001525878906,41.599998474121094,43.400001525878906,22105,0.0,0.0
2021-08-31 00:00:00-04:00,43.599998474121094,46.0,43.0,46.0,25010,0.0,0.0
2021-09-01 00:00:00-04:00,45.560001373291016,46.599998474121094,44.0,44.400001525878906,13470,0.0,0.0
2021-09-02 00:00:00-04:00,44.0,44.20000076293945,43.0,43.400001525878906,11685,0.0,0.0
2021-09-03 00:00:00-04:00,43.400001525878906,44.599998474121094,42.79999923706055,43.0,7800,0.0,0.0
2021-09-07 00:00:00-04:00,42.400001525878906,43.0,40.70000076293945,41.400001525878906,14575,0.0,0.0
2021-09-08 00:00:00-04:00,41.0,43.20000076293945,41.0,42.599998474121094,15935,0.0,0.0
2021-09-09 00:00:00-04:00,42.400001525878906,43.599998474121094,41.79999923706055,42.79999923706055,9705,0.0,0.0
2021-09-10 00:00:00-04:00,43.400001525878906,43.79999923706055,42.20000076293945,42.599998474121094,9275,0.0,0.0
2021-09-13 00:00:00-04:00,43.20000076293945,43.20000076293945,41.5,42.20000076293945,6735,0.0,0.0
2021-09-14 00:00:00-04:00,42.0,42.599998474121094,40.0,40.400001525878906,8755,0.0,0.0
2021-09-15 00:00:00-04:00,42.0,42.2400016784668,40.79999923706055,41.79999923706055,10135,0.0,0.0
2021-09-16 00:00:00-04:00,42.0,42.20000076293945,41.20000076293945,41.79999923706055,4720,0.0,0.0
2021-09-17 00:00:00-04:00,41.400001525878906,42.599998474121094,41.0,42.599998474121094,12990,0.0,0.0
2021-09-20 00:00:00-04:00,41.599998474121094,42.20000076293945,40.599998474121094,41.79999923706055,14260,0.0,0.0
2021-09-21 00:00:00-04:00,41.599998474121094,43.599998474121094,41.599998474121094,42.79999923706055,15010,0.0,0.0
2021-09-22 00:00:00-04:00,45.0,46.0,43.0,44.79999923706055,47015,0.0,0.0
2021-09-23 00:00:00-04:00,45.400001525878906,46.0,44.0,46.0,19665,0.0,0.0
2021-09-24 00:00:00-04:00,46.0,46.0,44.599998474121094,44.79999923706055,10195,0.0,0.0
2021-09-27 00:00:00-04:00,45.0,47.20000076293945,44.599998474121094,47.0,17080,0.0,0.0
2021-09-28 00:00:00-04:00,47.20000076293945,47.79999923706055,44.79999923706055,44.79999923706055,13125,0.0,0.0
2021-09-29 00:00:00-04:00,45.0,45.599998474121094,44.0,44.599998474121094,9140,0.0,0.0
2021-09-30 00:00:00-04:00,44.400001525878906,45.20000076293945,44.0,44.79999923706055,8455,0.0,0.0
2021-10-01 00:00:00-04:00,45.0,45.0,43.20000076293945,43.599998474121094,8680,0.0,0.0
2021-10-04 00:00:00-04:00,44.0,44.0,38.79999923706055,39.0,34235,0.0,0.0
2021-10-05 00:00:00-04:00,39.599998474121094,40.79999923706055,38.0,39.20000076293945,25435,0.0,0.0
2021-10-06 00:00:00-04:00,38.79999923706055,39.20000076293945,36.70000076293945,38.0,29405,0.0,0.0
2021-10-07 00:00:00-04:00,38.0,38.0,37.0,37.400001525878906,34160,0.0,0.0
2021-10-08 00:00:00-04:00,34.20000076293945,35.0,31.600000381469727,32.0,183350,0.0,0.0
2021-10-11 00:00:00-04:00,32.79999923706055,34.0,32.599998474121094,32.79999923706055,35645,0.0,0.0
2021-10-12 00:00:00-04:00,32.79999923706055,34.599998474121094,32.20000076293945,34.20000076293945,38020,0.0,0.0
2021-10-13 00:00:00-04:00,33.400001525878906,37.599998474121094,33.400001525878906,36.79999923706055,33575,0.0,0.0
2021-10-14 00:00:00-04:00,37.400001525878906,38.0,35.20000076293945,36.20000076293945,23790,0.0,0.0
2021-10-15 00:00:00-04:00,36.400001525878906,37.20000076293945,33.400001525878906,33.599998474121094,33380,0.0,0.0
2021-10-18 00:00:00-04:00,33.599998474121094,34.79999923706055,32.79999923706055,33.0,17245,0.0,0.0
2021-10-19 00:00:00-04:00,33.79999923706055,34.400001525878906,32.79999923706055,33.0,27310,0.0,0.0
2021-10-20 00:00:00-04:00,33.0,33.400001525878906,32.400001525878906,32.400001525878906,19385,0.0,0.0
2021-10-21 00:00:00-04:00,32.599998474121094,33.0,31.799999237060547,31.799999237060547,15355,0.0,0.0
2021-10-22 00:00:00-04:00,32.0,32.599998474121094,31.0,31.200000762939453,35180,0.0,0.0
2021-10-25 00:00:00-04:00,31.399999618530273,31.399999618530273,30.600000381469727,30.799999237060547,16815,0.0,0.0
2021-10-26 00:00:00-04:00,31.0,31.399999618530273,30.600000381469727,30.799999237060547,17280,0.0,0.0
2021-10-27 00:00:00-04:00,30.600000381469727,31.200000762939453,30.399999618530273,30.799999237060547,8780,0.0,0.0
2021-10-28 00:00:00-04:00,31.0,31.200000762939453,30.600000381469727,31.0,14625,0.0,0.0
2021-10-29 00:00:00-04:00,31.0,32.400001525878906,30.799999237060547,31.600000381469727,27545,0.0,0.0
2021-11-01 00:00:00-04:00,32.0,32.79999923706055,31.399999618530273,32.20000076293945,13855,0.0,0.0
2021-11-02 00:00:00-04:00,32.400001525878906,34.79999923706055,30.600000381469727,32.599998474121094,64270,0.0,0.0
2021-11-03 00:00:00-04:00,32.599998474121094,32.599998474121094,31.399999618530273,32.0,20430,0.0,0.0
2021-11-04 00:00:00-04:00,32.20000076293945,32.20000076293945,31.600000381469727,31.600000381469727,30030,0.0,0.0
2021-11-05 00:00:00-04:00,31.799999237060547,32.20000076293945,30.600000381469727,30.600000381469727,25780,0.0,0.0
2021-11-08 00:00:00-05:00,31.0,32.0,30.399999618530273,32.0,18940,0.0,0.0
2021-11-09 00:00:00-05:00,32.0,32.20000076293945,31.040000915527344,31.399999618530273,13515,0.0,0.0
2021-11-10 00:00:00-05:00,30.799999237060547,31.799999237060547,30.600000381469727,30.600000381469727,8085,0.0,0.0
2021-11-11 00:00:00-05:00,31.0,31.200000762939453,30.200000762939453,30.399999618530273,21385,0.0,0.0
2021-11-12 00:00:00-05:00,30.799999237060547,32.20000076293945,30.600000381469727,32.20000076293945,23250,0.0,0.0
2021-11-15 00:00:00-05:00,32.20000076293945,32.20000076293945,31.399999618530273,31.799999237060547,16745,0.0,0.0
2021-11-16 00:00:00-05:00,33.20000076293945,35.20000076293945,31.799999237060547,33.599998474121094,94190,0.0,0.0
2021-11-17 00:00:00-05:00,33.79999923706055,34.0,32.0,32.20000076293945,38665,0.0,0.0
2021-11-18 00:00:00-05:00,32.400001525878906,32.79999923706055,30.0,30.200000762939453,33065,0.0,0.0
2021-11-19 00:00:00-05:00,30.200000762939453,30.5,29.040000915527344,30.0,25685,0.0,0.0
2021-11-22 00:00:00-05:00,29.799999237060547,30.799999237060547,28.0,28.0,34745,0.0,0.0
2021-11-23 00:00:00-05:00,28.200000762939453,31.399999618530273,26.200000762939453,30.600000381469727,175265,0.0,0.0
2021-11-24 00:00:00-05:00,29.0,31.0,28.200000762939453,30.200000762939453,26035,0.0,0.0
2021-11-26 00:00:00-05:00,28.799999237060547,30.0,28.600000381469727,29.399999618530273,13790,0.0,0.0
2021-11-29 00:00:00-05:00,29.399999618530273,29.799999237060547,28.399999618530273,28.600000381469727,25095,0.0,0.0
2021-11-30 00:00:00-05:00,28.399999618530273,30.100000381469727,27.200000762939453,29.799999237060547,59040,0.0,0.0
2021-12-01 00:00:00-05:00,29.799999237060547,32.20000076293945,29.200000762939453,29.600000381469727,33615,0.0,0.0
2021-12-02 00:00:00-05:00,30.0,30.0,28.0,29.0,21745,0.0,0.0
2021-12-03 00:00:00-05:00,29.600000381469727,32.79999923706055,29.540000915527344,30.399999618530273,58905,0.0,0.0
2021-12-06 00:00:00-05:00,29.799999237060547,30.600000381469727,28.399999618530273,29.799999237060547,29535,0.0,0.0
2021-12-07 00:00:00-05:00,30.600000381469727,32.79999923706055,30.299999237060547,32.599998474121094,34100,0.0,0.0
2021-12-08 00:00:00-05:00,32.20000076293945,32.599998474121094,31.200000762939453,31.600000381469727,28820,0.0,0.0
2021-12-09 00:00:00-05:00,32.0,34.13999938964844,31.200000762939453,32.599998474121094,35120,0.0,0.0
2021-12-10 00:00:00-05:00,33.400001525878906,34.20000076293945,32.0,33.400001525878906,28195,0.0,0.0
2021-12-13 00:00:00-05:00,33.20000076293945,34.0,31.399999618530273,32.599998474121094,28720,0.0,0.0
2021-12-14 00:00:00-05:00,27.700000762939453,27.799999237060547,22.0,23.600000381469727,439085,0.0,0.0
2021-12-15 00:00:00-05:00,24.0,25.200000762939453,22.200000762939453,24.399999618530273,123360,0.0,0.0
2021-12-16 00:00:00-05:00,25.799999237060547,27.799999237060547,24.600000381469727,27.799999237060547,102860,0.0,0.0
2021-12-17 00:00:00-05:00,26.700000762939453,31.600000381469727,26.0,29.0,159965,0.0,0.0
2021-12-20 00:00:00-05:00,28.0,29.600000381469727,27.0,29.600000381469727,53520,0.0,0.0
2021-12-21 00:00:00-05:00,28.280000686645508,29.399999618530273,27.399999618530273,29.0,76175,0.0,0.0
2021-12-22 00:00:00-05:00,28.399999618530273,28.399999618530273,26.979999542236328,27.399999618530273,34080,0.0,0.0
2021-12-23 00:00:00-05:00,26.399999618530273,27.200000762939453,25.860000610351562,26.600000381469727,42405,0.0,0.0
2021-12-27 00:00:00-05:00,27.799999237060547,27.799999237060547,24.799999237060547,25.0,37080,0.0,0.0
2021-12-28 00:00:00-05:00,24.600000381469727,25.200000762939453,23.399999618530273,24.0,46650,0.0,0.0
2021-12-29 00:00:00-05:00,23.600000381469727,24.399999618530273,23.600000381469727,24.0,46120,0.0,0.0
2021-12-30 00:00:00-05:00,24.0,26.799999237060547,24.0,25.799999237060547,37965,0.0,0.0
2021-12-31 00:00:00-05:00,26.0,27.0,25.100000381469727,25.399999618530273,20745,0.0,0.0
2022-01-03 00:00:00-05:00,25.200000762939453,28.200000762939453,25.0,27.799999237060547,21655,0.0,0.0
2022-01-04 00:00:00-05:00,27.799999237060547,27.860000610351562,25.600000381469727,25.600000381469727,8065,0.0,0.0
2022-01-05 00:00:00-05:00,25.0,26.399999618530273,23.200000762939453,23.399999618530273,28550,0.0,0.0
2022-01-06 00:00:00-05:00,23.600000381469727,23.799999237060547,22.0,23.0,19760,0.0,0.0
2022-01-07 00:00:00-05:00,22.799999237060547,23.100000381469727,20.399999618530273,21.399999618530273,67965,0.0,0.0
2022-01-10 00:00:00-05:00,21.0,21.399999618530273,20.600000381469727,21.0,18225,0.0,0.0
2022-01-11 00:00:00-05:00,20.799999237060547,22.0,20.700000762939453,21.200000762939453,22535,0.0,0.0
2022-01-12 00:00:00-05:00,21.600000381469727,21.600000381469727,20.0,20.399999618530273,19345,0.0,0.0
2022-01-13 00:00:00-05:00,20.540000915527344,20.600000381469727,19.200000762939453,19.219999313354492,38550,0.0,0.0
2022-01-14 00:00:00-05:00,19.0,19.5,18.399999618530273,19.299999237060547,21620,0.0,0.0
2022-01-18 00:00:00-05:00,19.31999969482422,19.799999237060547,17.459999084472656,17.600000381469727,19510,0.0,0.0
2022-01-19 00:00:00-05:00,18.600000381469727,18.799999237060547,17.799999237060547,18.059999465942383,15120,0.0,0.0
2022-01-20 00:00:00-05:00,17.799999237060547,18.6200008392334,17.200000762939453,17.219999313354492,13030,0.0,0.0
2022-01-21 00:00:00-05:00,17.200000762939453,17.700000762939453,16.479999542236328,16.540000915527344,16835,0.0,0.0
2022-01-24 00:00:00-05:00,16.799999237060547,17.0,15.579999923706055,16.520000457763672,16905,0.0,0.0
2022-01-25 00:00:00-05:00,16.200000762939453,17.0,16.0,16.739999771118164,11550,0.0,0.0
2022-01-26 00:00:00-05:00,17.0,17.0,15.399999618530273,15.600000381469727,19065,0.0,0.0
2022-01-27 00:00:00-05:00,16.280000686645508,16.299999237060547,15.399999618530273,15.5,19630,0.0,0.0
2022-01-28 00:00:00-05:00,15.539999961853027,17.520000457763672,15.199999809265137,17.200000762939453,47160,0.0,0.0
2022-01-31 00:00:00-05:00,18.559999465942383,19.0,17.200000762939453,18.059999465942383,18585,0.0,0.0
2022-02-01 00:00:00-05:00,18.399999618530273,20.200000762939453,17.1200008392334,17.959999084472656,40530,0.0,0.0
2022-02-02 00:00:00-05:00,18.399999618530273,18.399999618530273,16.6200008392334,17.1200008392334,11290,0.0,0.0
2022-02-03 00:00:00-05:00,16.600000381469727,17.079999923706055,15.84000015258789,15.960000038146973,9975,0.0,0.0
2022-02-04 00:00:00-05:00,16.0,16.899999618530273,15.800000190734863,16.780000686645508,7390,0.0,0.0
2022-02-07 00:00:00-05:00,16.360000610351562,17.0,16.0,16.760000228881836,6590,0.0,0.0
2022-02-08 00:00:00-05:00,16.600000381469727,17.0,16.200000762939453,16.520000457763672,4690,0.0,0.0
2022-02-09 00:00:00-05:00,16.600000381469727,17.600000381469727,16.600000381469727,17.559999465942383,5605,0.0,0.0
2022-02-10 00:00:00-05:00,16.459999084472656,18.520000457763672,16.399999618530273,16.639999389648438,5890,0.0,0.0
2022-02-11 00:00:00-05:00,16.799999237060547,16.979999542236328,15.199999809265137,16.100000381469727,14270,0.0,0.0
2022-02-14 00:00:00-05:00,16.100000381469727,16.520000457763672,15.600000381469727,16.020000457763672,16170,0.0,0.0
2022-02-15 00:00:00-05:00,16.799999237060547,17.219999313354492,16.0,16.84000015258789,12490,0.0,0.0
2022-02-16 00:00:00-05:00,16.799999237060547,17.0,15.800000190734863,16.65999984741211,9875,0.0,0.0
2022-02-17 00:00:00-05:00,16.200000762939453,17.0,15.399999618530273,15.739999771118164,10070,0.0,0.0
2022-02-18 00:00:00-05:00,16.0,16.299999237060547,15.220000267028809,15.399999618530273,9750,0.0,0.0
2022-02-22 00:00:00-05:00,15.0,15.100000381469727,14.199999809265137,14.300000190734863,15030,0.0,0.0
2022-02-23 00:00:00-05:00,15.020000457763672,15.020000457763672,13.579999923706055,13.899999618530273,11660,0.0,0.0
2022-02-24 00:00:00-05:00,12.680000305175781,14.020000457763672,12.680000305175781,13.720000267028809,10900,0.0,0.0
2022-02-25 00:00:00-05:00,13.399999618530273,14.260000228881836,13.15999984741211,14.079999923706055,5090,0.0,0.0
2022-02-28 00:00:00-05:00,13.960000038146973,14.399999618530273,13.399999618530273,14.0,7785,0.0,0.0
2022-03-01 00:00:00-05:00,14.0,14.800000190734863,13.600000381469727,13.619999885559082,13665,0.0,0.0
2022-03-02 00:00:00-05:00,13.619999885559082,15.0,13.199999809265137,13.800000190734863,6175,0.0,0.0
2022-03-03 00:00:00-05:00,14.079999923706055,14.680000305175781,13.279999732971191,13.960000038146973,15615,0.0,0.0
2022-03-04 00:00:00-05:00,13.399999618530273,14.199999809265137,13.279999732971191,13.699999809265137,5300,0.0,0.0
2022-03-07 00:00:00-05:00,13.359999656677246,13.800000190734863,13.0,13.34000015258789,8800,0.0,0.0
2022-03-08 00:00:00-05:00,13.199999809265137,14.760000228881836,13.0,13.579999923706055,15040,0.0,0.0
2022-03-09 00:00:00-05:00,14.399999618530273,14.800000190734863,13.600000381469727,14.800000190734863,17685,0.0,0.0
2022-03-10 00:00:00-05:00,15.0,15.199999809265137,14.380000114440918,15.0,11240,0.0,0.0
2022-03-11 00:00:00-05:00,14.239999771118164,15.0,14.220000267028809,14.399999618530273,4225,0.0,0.0
2022-03-14 00:00:00-04:00,14.199999809265137,14.399999618530273,13.619999885559082,13.640000343322754,5240,0.0,0.0
2022-03-15 00:00:00-04:00,14.399999618530273,14.399999618530273,13.600000381469727,13.979999542236328,7400,0.0,0.0
2022-03-16 00:00:00-04:00,14.0,14.399999618530273,13.699999809265137,14.140000343322754,11415,0.0,0.0
2022-03-17 00:00:00-04:00,14.180000305175781,17.200000762939453,14.0,16.280000686645508,32000,0.0,0.0
2022-03-18 00:00:00-04:00,15.920000076293945,17.559999465942383,15.260000228881836,16.799999237060547,17765,0.0,0.0
2022-03-21 00:00:00-04:00,16.299999237060547,16.760000228881836,15.300000190734863,15.859999656677246,13680,0.0,0.0
2022-03-22 00:00:00-04:00,16.3799991607666,16.760000228881836,15.899999618530273,16.440000534057617,11390,0.0,0.0
2022-03-23 00:00:00-04:00,17.0,17.0,16.299999237060547,16.68000030517578,9220,0.0,0.0
2022-03-24 00:00:00-04:00,16.540000915527344,18.739999771118164,15.819999694824219,18.420000076293945,20180,0.0,0.0
2022-03-25 00:00:00-04:00,19.0,21.200000762939453,18.600000381469727,20.600000381469727,37310,0.0,0.0
2022-03-28 00:00:00-04:00,21.0,21.200000762939453,18.299999237060547,18.719999313354492,16850,0.0,0.0
2022-03-29 00:00:00-04:00,19.3799991607666,19.760000228881836,17.0,17.100000381469727,17380,0.0,0.0
2022-03-30 00:00:00-04:00,17.200000762939453,18.0,16.200000762939453,16.700000762939453,11330,0.0,0.0
2022-03-31 00:00:00-04:00,17.0,17.260000228881836,16.040000915527344,16.65999984741211,9380,0.0,0.0
2022-04-01 00:00:00-04:00,17.200000762939453,17.860000610351562,16.959999084472656,17.600000381469727,9310,0.0,0.0
2022-04-04 00:00:00-04:00,18.600000381469727,19.0,18.0,18.200000762939453,10250,0.0,0.0
2022-04-05 00:00:00-04:00,18.399999618530273,18.780000686645508,17.600000381469727,18.200000762939453,9395,0.0,0.0
2022-04-06 00:00:00-04:00,18.040000915527344,18.040000915527344,16.65999984741211,17.100000381469727,9955,0.0,0.0
2022-04-07 00:00:00-04:00,17.520000457763672,18.0,16.600000381469727,16.739999771118164,7835,0.0,0.0
2022-04-08 00:00:00-04:00,17.399999618530273,18.280000686645508,16.059999465942383,16.399999618530273,6550,0.0,0.0
2022-04-11 00:00:00-04:00,16.959999084472656,16.959999084472656,15.0,15.220000267028809,18345,0.0,0.0
2022-04-12 00:00:00-04:00,15.399999618530273,15.9399995803833,14.720000267028809,15.180000305175781,8150,0.0,0.0
2022-04-13 00:00:00-04:00,15.0,16.68000030517578,14.859999656677246,16.0,8640,0.0,0.0
2022-04-14 00:00:00-04:00,16.040000915527344,17.0,15.600000381469727,16.440000534057617,13235,0.0,0.0
2022-04-18 00:00:00-04:00,16.0,16.760000228881836,15.420000076293945,16.0,11860,0.0,0.0
2022-04-19 00:00:00-04:00,16.3799991607666,17.200000762939453,15.600000381469727,16.200000762939453,12110,0.0,0.0
2022-04-20 00:00:00-04:00,16.420000076293945,16.940000534057617,15.640000343322754,16.18000030517578,13255,0.0,0.0
2022-04-21 00:00:00-04:00,15.699999809265137,16.520000457763672,15.0,15.739999771118164,15655,0.0,0.0
2022-04-22 00:00:00-04:00,15.0,15.800000190734863,14.800000190734863,15.4399995803833,10225,0.0,0.0
2022-04-25 00:00:00-04:00,15.300000190734863,16.0,14.5,15.4399995803833,19125,0.0,0.0
2022-04-26 00:00:00-04:00,15.300000190734863,16.0,14.84000015258789,15.5,6490,0.0,0.0
2022-04-27 00:00:00-04:00,15.119999885559082,16.260000228881836,14.699999809265137,14.920000076293945,7240,0.0,0.0
2022-04-28 00:00:00-04:00,14.760000228881836,15.5600004196167,13.399999618530273,13.9399995803833,16535,0.0,0.0
2022-04-29 00:00:00-04:00,13.920000076293945,14.399999618530273,13.800000190734863,13.9399995803833,5750,0.0,0.0
2022-05-02 00:00:00-04:00,14.399999618530273,14.399999618530273,13.800000190734863,13.899999618530273,2915,0.0,0.0
2022-05-03 00:00:00-04:00,14.0,14.739999771118164,13.800000190734863,14.600000381469727,6830,0.0,0.0
2022-05-04 00:00:00-04:00,14.800000190734863,15.600000381469727,14.100000381469727,15.0,6440,0.0,0.0
2022-05-05 00:00:00-04:00,15.539999961853027,15.5600004196167,14.399999618530273,15.520000457763672,8880,0.0,0.0
2022-05-06 00:00:00-04:00,15.539999961853027,16.200000762939453,14.399999618530273,15.420000076293945,7705,0.0,0.0
2022-05-09 00:00:00-04:00,15.399999618530273,15.84000015258789,14.420000076293945,14.600000381469727,14270,0.0,0.0
2022-05-10 00:00:00-04:00,14.0,14.9399995803833,13.600000381469727,13.760000228881836,9230,0.0,0.0
2022-05-11 00:00:00-04:00,13.920000076293945,14.0,11.460000038146973,11.899999618530273,16785,0.0,0.0
2022-05-12 00:00:00-04:00,12.0,12.0,8.239999771118164,9.199999809265137,58465,0.0,0.0
2022-05-13 00:00:00-04:00,9.34000015258789,10.239999771118164,8.399999618530273,8.5600004196167,56990,0.0,0.0
2022-05-16 00:00:00-04:00,9.0,10.100000381469727,8.600000381469727,8.9399995803833,32005,0.0,0.0
2022-05-17 00:00:00-04:00,9.0,10.0,9.0,9.65999984741211,26015,0.0,0.0
2022-05-18 00:00:00-04:00,9.640000343322754,10.300000190734863,9.199999809265137,9.239999771118164,9015,0.0,0.0
2022-05-19 00:00:00-04:00,10.0,10.0,9.260000228881836,9.5,5285,0.0,0.0
2022-05-20 00:00:00-04:00,9.819999694824219,9.819999694824219,8.699999809265137,8.880000114440918,11265,0.0,0.0
2022-05-23 00:00:00-04:00,8.880000114440918,9.640000343322754,8.800000190734863,9.220000267028809,13140,0.0,0.0
2022-05-24 00:00:00-04:00,9.199999809265137,9.520000457763672,9.0,9.180000305175781,4275,0.0,0.0
2022-05-25 00:00:00-04:00,9.0,9.199999809265137,8.800000190734863,8.979999542236328,6885,0.0,0.0
2022-05-26 00:00:00-04:00,9.119999885559082,9.119999885559082,8.699999809265137,8.819999694824219,13385,0.0,0.0
2022-05-27 00:00:00-04:00,8.880000114440918,10.0,8.800000190734863,9.180000305175781,18435,0.0,0.0
2022-05-31 00:00:00-04:00,9.199999809265137,9.600000381469727,9.0,9.199999809265137,17405,0.0,0.0
2022-06-01 00:00:00-04:00,9.199999809265137,9.399999618530273,8.800000190734863,9.199999809265137,7540,0.0,0.0
2022-06-02 00:00:00-04:00,9.0,9.279999732971191,8.600000381469727,8.640000343322754,12070,0.0,0.0
2022-06-03 00:00:00-04:00,8.800000190734863,9.0,8.399999618530273,8.600000381469727,12845,0.0,0.0
2022-06-06 00:00:00-04:00,9.0,9.0,8.0,8.880000114440918,30105,0.0,0.0
2022-06-07 00:00:00-04:00,8.859999656677246,9.760000228881836,8.65999984741211,9.399999618530273,22705,0.0,0.0
2022-06-08 00:00:00-04:00,9.800000190734863,12.399999618530273,9.399999618530273,11.699999809265137,46335,0.0,0.0
2022-06-09 00:00:00-04:00,11.600000381469727,12.0600004196167,11.0,11.800000190734863,18505,0.0,0.0
2022-06-10 00:00:00-04:00,12.0,12.0,10.420000076293945,10.800000190734863,10055,0.0,0.0
2022-06-13 00:00:00-04:00,10.199999809265137,11.380000114440918,9.15999984741211,10.020000457763672,11505,0.0,0.0
2022-06-14 00:00:00-04:00,10.199999809265137,10.539999961853027,9.420000076293945,10.180000305175781,13285,0.0,0.0
2022-06-15 00:00:00-04:00,10.800000190734863,11.15999984741211,9.0,10.399999618530273,16095,0.0,0.0
2022-06-16 00:00:00-04:00,9.800000190734863,10.399999618530273,9.0,9.720000267028809,13795,0.0,0.0
2022-06-17 00:00:00-04:00,10.0,10.0,8.619999885559082,9.479999542236328,29865,0.0,0.0
2022-06-21 00:00:00-04:00,9.960000038146973,10.899999618530273,9.960000038146973,10.539999961853027,16035,0.0,0.0
2022-06-22 00:00:00-04:00,10.539999961853027,11.0,10.0,10.600000381469727,11530,0.0,0.0
2022-06-23 00:00:00-04:00,10.600000381469727,11.420000076293945,10.380000114440918,11.100000381469727,6990,0.0,0.0
2022-06-24 00:00:00-04:00,12.0,12.619999885559082,10.399999618530273,10.399999618530273,23665,0.0,0.0
2022-06-27 00:00:00-04:00,10.399999618530273,11.020000457763672,9.199999809265137,10.600000381469727,34085,0.0,0.0
2022-06-28 00:00:00-04:00,10.699999809265137,11.079999923706055,10.279999732971191,10.300000190734863,9980,0.0,0.0
2022-06-29 00:00:00-04:00,10.600000381469727,10.600000381469727,10.079999923706055,10.220000267028809,4385,0.0,0.0
2022-06-30 00:00:00-04:00,10.579999923706055,10.579999923706055,9.420000076293945,9.779999732971191,8265,0.0,0.0
2022-07-01 00:00:00-04:00,10.0,10.0,8.800000190734863,8.979999542236328,14015,0.0,0.0
2022-07-05 00:00:00-04:00,9.399999618530273,10.0,9.0,9.520000457763672,8065,0.0,0.0
2022-07-06 00:00:00-04:00,9.600000381469727,10.800000190734863,9.600000381469727,10.5,8395,0.0,0.0
2022-07-07 00:00:00-04:00,10.800000190734863,12.239999771118164,10.4399995803833,11.979999542236328,24540,0.0,0.0
2022-07-08 00:00:00-04:00,12.199999809265137,14.380000114440918,12.199999809265137,13.399999618530273,25810,0.0,0.0
2022-07-11 00:00:00-04:00,14.0,16.799999237060547,13.399999618530273,14.720000267028809,44900,0.0,0.0
2022-07-12 00:00:00-04:00,14.84000015258789,15.199999809265137,13.800000190734863,14.600000381469727,19910,0.0,0.0
2022-07-13 00:00:00-04:00,14.600000381469727,15.979999542236328,13.800000190734863,15.399999618530273,16490,0.0,0.0
2022-07-14 00:00:00-04:00,15.399999618530273,15.399999618530273,14.020000457763672,15.15999984741211,13415,0.0,0.0
2022-07-15 00:00:00-04:00,14.699999809265137,15.399999618530273,13.5,14.140000343322754,18245,0.0,0.0
2022-07-18 00:00:00-04:00,14.140000343322754,15.779999732971191,14.0,14.619999885559082,10905,0.0,0.0
2022-07-19 00:00:00-04:00,14.600000381469727,15.0,13.520000457763672,14.100000381469727,14745,0.0,0.0
2022-07-20 00:00:00-04:00,13.819999694824219,14.0,11.399999618530273,13.020000457763672,24160,0.0,0.0
2022-07-21 00:00:00-04:00,13.079999923706055,13.600000381469727,11.600000381469727,13.399999618530273,17870,0.0,0.0
2022-07-22 00:00:00-04:00,13.779999732971191,14.0,13.300000190734863,13.800000190734863,7695,0.0,0.0
2022-07-25 00:00:00-04:00,14.0,14.0,12.920000076293945,13.100000381469727,9060,0.0,0.0
2022-07-26 00:00:00-04:00,13.300000190734863,14.0,13.0,13.65999984741211,8135,0.0,0.0
2022-07-27 00:00:00-04:00,16.799999237060547,17.600000381469727,15.0,15.239999771118164,485675,0.0,0.0
2022-07-28 00:00:00-04:00,14.100000381469727,15.399999618530273,13.479999542236328,14.600000381469727,85530,0.0,0.0
2022-07-29 00:00:00-04:00,14.800000190734863,15.899999618530273,14.399999618530273,15.699999809265137,34410,0.0,0.0
2022-08-01 00:00:00-04:00,15.800000190734863,16.200000762939453,14.800000190734863,15.399999618530273,16905,0.0,0.0
2022-08-02 00:00:00-04:00,15.640000343322754,15.640000343322754,14.479999542236328,14.800000190734863,25115,0.0,0.0
2022-08-03 00:00:00-04:00,14.779999732971191,15.199999809265137,14.600000381469727,14.960000038146973,10905,0.0,0.0
2022-08-04 00:00:00-04:00,15.199999809265137,15.199999809265137,13.779999732971191,14.399999618530273,19435,0.0,0.0
2022-08-05 00:00:00-04:00,14.399999618530273,14.5600004196167,13.680000305175781,14.0,13495,0.0,0.0
2022-08-08 00:00:00-04:00,14.34000015258789,14.800000190734863,13.199999809265137,13.399999618530273,17045,0.0,0.0
2022-08-09 00:00:00-04:00,13.140000343322754,13.600000381469727,11.640000343322754,12.5,37780,0.0,0.0
2022-08-10 00:00:00-04:00,12.600000381469727,14.0,12.039999961853027,13.199999809265137,22635,0.0,0.0
2022-08-11 00:00:00-04:00,13.0600004196167,13.260000228881836,11.720000267028809,12.600000381469727,32375,0.0,0.0
2022-08-12 00:00:00-04:00,12.619999885559082,12.9399995803833,11.880000114440918,12.699999809265137,20865,0.0,0.0
2022-08-15 00:00:00-04:00,12.640000343322754,13.5600004196167,12.600000381469727,13.199999809265137,34390,0.0,0.0
2022-08-16 00:00:00-04:00,13.399999618530273,13.539999961853027,12.800000190734863,13.34000015258789,16650,0.0,0.0
2022-08-17 00:00:00-04:00,13.399999618530273,14.199999809265137,13.0,14.0,22420,0.0,0.0
2022-08-18 00:00:00-04:00,14.220000267028809,14.220000267028809,13.399999618530273,14.100000381469727,19890,0.0,0.0
2022-08-19 00:00:00-04:00,14.260000228881836,14.699999809265137,13.979999542236328,14.600000381469727,7990,0.0,0.0
2022-08-22 00:00:00-04:00,15.0,15.539999961853027,14.199999809265137,14.600000381469727,10620,0.0,0.0
2022-08-23 00:00:00-04:00,14.319999694824219,14.600000381469727,14.0,14.600000381469727,5375,0.0,0.0
2022-08-24 00:00:00-04:00,14.399999618530273,14.600000381469727,13.800000190734863,14.600000381469727,4625,0.0,0.0
2022-08-25 00:00:00-04:00,14.239999771118164,14.600000381469727,13.600000381469727,14.0,28065,0.0,0.0
2022-08-26 00:00:00-04:00,14.100000381469727,14.600000381469727,14.0,14.34000015258789,9605,0.0,0.0
2022-08-29 00:00:00-04:00,14.100000381469727,14.859999656677246,14.100000381469727,14.399999618530273,17155,0.0,0.0
2022-08-30 00:00:00-04:00,14.199999809265137,14.199999809265137,13.600000381469727,13.920000076293945,22530,0.0,0.0
2022-08-31 00:00:00-04:00,14.079999923706055,14.079999923706055,13.0,13.600000381469727,7640,0.0,0.0
2022-09-01 00:00:00-04:00,13.800000190734863,14.199999809265137,13.199999809265137,13.65999984741211,11615,0.0,0.0
2022-09-02 00:00:00-04:00,13.600000381469727,14.699999809265137,13.260000228881836,14.100000381469727,18390,0.0,0.0
2022-09-06 00:00:00-04:00,14.539999961853027,14.600000381469727,13.239999771118164,13.579999923706055,11010,0.0,0.0
2022-09-07 00:00:00-04:00,12.920000076293945,13.600000381469727,12.65999984741211,13.300000190734863,12195,0.0,0.0
2022-09-08 00:00:00-04:00,13.399999618530273,14.359999656677246,13.399999618530273,13.760000228881836,10515,0.0,0.0
2022-09-09 00:00:00-04:00,14.0,14.199999809265137,13.600000381469727,13.920000076293945,5780,0.0,0.0
2022-09-12 00:00:00-04:00,14.199999809265137,14.199999809265137,13.15999984741211,13.640000343322754,13820,0.0,0.0
2022-09-13 00:00:00-04:00,13.460000038146973,14.279999732971191,13.399999618530273,14.279999732971191,9905,0.0,0.0
2022-09-14 00:00:00-04:00,14.180000305175781,14.920000076293945,14.0,14.199999809265137,9260,0.0,0.0
2022-09-15 00:00:00-04:00,14.539999961853027,14.899999618530273,14.199999809265137,14.420000076293945,8200,0.0,0.0
2022-09-16 00:00:00-04:00,14.600000381469727,16.1200008392334,14.180000305175781,16.1200008392334,12425,0.0,0.0
2022-09-19 00:00:00-04:00,15.399999618530273,15.65999984741211,14.819999694824219,15.199999809265137,11325,0.0,0.0
2022-09-20 00:00:00-04:00,15.199999809265137,15.800000190734863,14.460000038146973,15.420000076293945,10125,0.0,0.0
2022-09-21 00:00:00-04:00,15.600000381469727,15.84000015258789,15.020000457763672,15.380000114440918,17590,0.0,0.0
2022-09-22 00:00:00-04:00,15.199999809265137,15.399999618530273,14.199999809265137,14.600000381469727,9865,0.0,0.0
2022-09-23 00:00:00-04:00,14.359999656677246,14.520000457763672,13.0,13.399999618530273,14305,0.0,0.0
2022-09-26 00:00:00-04:00,12.859999656677246,13.260000228881836,12.539999961853027,12.600000381469727,9235,0.0,0.0
2022-09-27 00:00:00-04:00,12.399999618530273,13.0600004196167,12.199999809265137,12.579999923706055,5440,0.0,0.0
2022-09-28 00:00:00-04:00,13.0,13.600000381469727,12.399999618530273,12.9399995803833,11560,0.0,0.0
2022-09-29 00:00:00-04:00,13.0,13.300000190734863,12.699999809265137,13.0,6090,0.0,0.0
2022-09-30 00:00:00-04:00,12.800000190734863,13.460000038146973,12.199999809265137,12.5600004196167,11255,0.0,0.0
2022-10-03 00:00:00-04:00,14.34000015258789,14.34000015258789,10.859999656677246,11.0,29755,0.0,0.0
2022-10-04 00:00:00-04:00,11.520000457763672,12.899999618530273,11.0,12.15999984741211,35025,0.0,0.0
2022-10-05 00:00:00-04:00,12.15999984741211,12.640000343322754,12.0,12.420000076293945,6480,0.0,0.0
2022-10-06 00:00:00-04:00,12.399999618530273,13.520000457763672,12.199999809265137,12.899999618530273,6450,0.0,0.0
2022-10-07 00:00:00-04:00,12.800000190734863,13.0,12.600000381469727,12.720000267028809,5235,0.0,0.0
2022-10-10 00:00:00-04:00,12.0,12.600000381469727,11.9399995803833,12.239999771118164,6610,0.0,0.0
2022-10-11 00:00:00-04:00,12.140000343322754,12.5,11.9399995803833,11.9399995803833,3720,0.0,0.0
2022-10-12 00:00:00-04:00,12.0,12.600000381469727,11.399999618530273,11.739999771118164,3970,0.0,0.0
2022-10-13 00:00:00-04:00,11.199999809265137,12.079999923706055,11.199999809265137,11.84000015258789,7330,0.0,0.0
2022-10-14 00:00:00-04:00,11.800000190734863,11.9399995803833,11.199999809265137,11.199999809265137,4695,0.0,0.0
2022-10-17 00:00:00-04:00,11.399999618530273,12.0,11.34000015258789,11.899999618530273,8950,0.0,0.0
2022-10-18 00:00:00-04:00,12.0,12.4399995803833,11.5,11.539999961853027,9725,0.0,0.0
2022-10-19 00:00:00-04:00,12.0,12.100000381469727,11.239999771118164,11.34000015258789,6030,0.0,0.0
2022-10-20 00:00:00-04:00,11.399999618530273,11.979999542236328,11.140000343322754,11.420000076293945,7540,0.0,0.0
2022-10-21 00:00:00-04:00,11.0,11.9399995803833,11.0,11.300000190734863,5315,0.0,0.0
2022-10-24 00:00:00-04:00,11.859999656677246,12.0,11.199999809265137,11.600000381469727,13225,0.0,0.0
2022-10-25 00:00:00-04:00,11.739999771118164,11.84000015258789,11.399999618530273,11.600000381469727,11815,0.0,0.0
2022-10-26 00:00:00-04:00,12.199999809265137,13.199999809265137,11.300000190734863,13.0,25170,0.0,0.0
2022-10-27 00:00:00-04:00,13.600000381469727,13.680000305175781,13.0,13.079999923706055,10135,0.0,0.0
2022-10-28 00:00:00-04:00,13.15999984741211,13.539999961853027,12.079999923706055,12.34000015258789,9980,0.0,0.0
2022-10-31 00:00:00-04:00,12.399999618530273,12.779999732971191,11.9399995803833,12.300000190734863,8535,0.0,0.0
2022-11-01 00:00:00-04:00,12.220000267028809,12.399999618530273,11.699999809265137,11.920000076293945,9260,0.0,0.0
2022-11-02 00:00:00-04:00,11.699999809265137,12.380000114440918,11.300000190734863,11.619999885559082,6480,0.0,0.0
2022-11-03 00:00:00-04:00,11.520000457763672,12.119999885559082,11.300000190734863,11.460000038146973,8430,0.0,0.0
2022-11-04 00:00:00-04:00,11.579999923706055,11.880000114440918,11.199999809265137,11.199999809265137,10050,0.0,0.0
2022-11-07 00:00:00-05:00,11.680000305175781,11.760000228881836,11.0,11.199999809265137,13600,0.0,0.0
2022-11-08 00:00:00-05:00,11.399999618530273,11.760000228881836,11.0,11.079999923706055,29835,0.0,0.0
2022-11-09 00:00:00-05:00,11.199999809265137,11.399999618530273,10.579999923706055,10.65999984741211,11135,0.0,0.0
2022-11-10 00:00:00-05:00,10.819999694824219,11.199999809265137,10.699999809265137,11.199999809265137,15970,0.0,0.0
2022-11-11 00:00:00-05:00,10.800000190734863,11.15999984741211,10.399999618530273,11.0,21145,0.0,0.0
2022-11-14 00:00:00-05:00,11.0,11.699999809265137,10.699999809265137,11.680000305175781,15610,0.0,0.0
2022-11-15 00:00:00-05:00,11.600000381469727,12.5,11.5,12.5,13010,0.0,0.0
2022-11-16 00:00:00-05:00,12.34000015258789,12.600000381469727,11.899999618530273,12.300000190734863,9445,0.0,0.0
2022-11-17 00:00:00-05:00,12.380000114440918,12.399999618530273,11.359999656677246,12.279999732971191,8545,0.0,0.0
2022-11-18 00:00:00-05:00,12.199999809265137,12.399999618530273,11.859999656677246,12.180000305175781,5565,0.0,0.0
2022-11-21 00:00:00-05:00,12.0,13.380000114440918,12.0,13.0600004196167,24655,0.0,0.0
2022-11-22 00:00:00-05:00,13.399999618530273,14.600000381469727,12.880000114440918,14.0600004196167,13170,0.0,0.0
2022-11-23 00:00:00-05:00,13.779999732971191,14.640000343322754,13.199999809265137,13.300000190734863,22275,0.0,0.0
2022-11-25 00:00:00-05:00,13.239999771118164,14.0,12.680000305175781,13.899999618530273,3805,0.0,0.0
2022-11-28 00:00:00-05:00,14.800000190734863,14.800000190734863,13.800000190734863,14.199999809265137,17725,0.0,0.0
2022-11-29 00:00:00-05:00,14.020000457763672,14.100000381469727,13.15999984741211,13.539999961853027,16885,0.0,0.0
2022-11-30 00:00:00-05:00,13.539999961853027,13.539999961853027,12.199999809265137,12.800000190734863,15960,0.0,0.0
2022-12-01 00:00:00-05:00,13.399999618530273,13.399999618530273,12.420000076293945,13.0,15355,0.0,0.0
2022-12-02 00:00:00-05:00,12.800000190734863,13.100000381469727,11.699999809265137,11.979999542236328,18715,0.0,0.0
2022-12-05 00:00:00-05:00,11.800000190734863,12.420000076293945,11.739999771118164,12.0,7570,0.0,0.0
2022-12-06 00:00:00-05:00,11.800000190734863,12.0,11.199999809265137,11.760000228881836,10575,0.0,0.0
2022-12-07 00:00:00-05:00,11.760000228881836,12.0,10.859999656677246,11.15999984741211,17675,0.0,0.0
2022-12-08 00:00:00-05:00,11.220000267028809,11.220000267028809,9.199999809265137,9.65999984741211,41215,0.0,0.0
2022-12-09 00:00:00-05:00,9.600000381469727,10.199999809265137,9.300000190734863,9.640000343322754,22315,0.0,0.0
2022-12-12 00:00:00-05:00,9.600000381469727,11.600000381469727,9.600000381469727,10.539999961853027,13275,0.0,0.0
2022-12-13 00:00:00-05:00,10.600000381469727,11.399999618530273,10.600000381469727,10.779999732971191,14295,0.0,0.0
2022-12-14 00:00:00-05:00,10.800000190734863,11.800000190734863,10.600000381469727,10.84000015258789,13345,0.0,0.0
2022-12-15 00:00:00-05:00,11.0,11.859999656677246,9.800000190734863,10.0,23155,0.0,0.0
2022-12-16 00:00:00-05:00,10.119999885559082,10.359999656677246,9.720000267028809,9.739999771118164,10965,0.0,0.0
2022-12-19 00:00:00-05:00,10.380000114440918,11.0,9.600000381469727,9.640000343322754,8820,0.0,0.0
2022-12-20 00:00:00-05:00,9.800000190734863,9.9399995803833,9.300000190734863,9.520000457763672,15675,0.0,0.0
2022-12-21 00:00:00-05:00,9.399999618530273,11.0,9.399999618530273,10.460000038146973,21125,0.0,0.0
2022-12-22 00:00:00-05:00,10.600000381469727,13.5,10.039999961853027,12.5,42690,0.0,0.0
2022-12-23 00:00:00-05:00,12.399999618530273,13.819999694824219,12.0,13.600000381469727,26515,0.0,0.0
2022-12-27 00:00:00-05:00,13.020000457763672,14.0,12.9399995803833,13.220000267028809,22535,0.0,0.0
2022-12-28 00:00:00-05:00,12.859999656677246,13.600000381469727,11.199999809265137,12.619999885559082,23610,0.0,0.0
2022-12-29 00:00:00-05:00,12.819999694824219,15.600000381469727,12.619999885559082,15.100000381469727,21835,0.0,0.0
2022-12-30 00:00:00-05:00,15.5600004196167,15.800000190734863,14.199999809265137,15.119999885559082,32400,0.0,0.0
2023-01-03 00:00:00-05:00,15.5,16.0,14.619999885559082,15.0,25830,0.0,0.0
2023-01-04 00:00:00-05:00,15.800000190734863,16.360000610351562,14.619999885559082,16.280000686645508,18545,0.0,0.0
2023-01-05 00:00:00-05:00,16.399999618530273,16.600000381469727,15.260000228881836,16.600000381469727,24630,0.0,0.0
2023-01-06 00:00:00-05:00,16.700000762939453,17.0,15.960000038146973,16.459999084472656,14370,0.0,0.0
2023-01-09 00:00:00-05:00,17.200000762939453,20.399999618530273,16.399999618530273,18.799999237060547,55510,0.0,0.0
2023-01-10 00:00:00-05:00,19.34000015258789,20.0,17.420000076293945,19.600000381469727,33990,0.0,0.0
2023-01-11 00:00:00-05:00,19.600000381469727,22.399999618530273,19.0,22.399999618530273,30775,0.0,0.0
2023-01-12 00:00:00-05:00,23.0,25.579999923706055,22.399999618530273,24.0,58575,0.0,0.0
2023-01-13 00:00:00-05:00,24.399999618530273,26.600000381469727,24.200000762939453,26.399999618530273,60380,0.0,0.0
2023-01-17 00:00:00-05:00,27.600000381469727,32.0,27.420000076293945,27.600000381469727,98560,0.0,0.0
2023-01-18 00:00:00-05:00,29.200000762939453,30.0,23.600000381469727,25.399999618530273,84830,0.0,0.0
2023-01-19 00:00:00-05:00,25.200000762939453,26.959999084472656,24.0,25.799999237060547,34265,0.0,0.0
2023-01-20 00:00:00-05:00,26.399999618530273,28.0,15.0,15.65999984741211,408975,0.0,0.0
2023-01-23 00:00:00-05:00,16.0,18.600000381469727,16.0,18.559999465942383,143565,0.0,0.0
2023-01-24 00:00:00-05:00,18.559999465942383,18.559999465942383,18.559999465942383,18.559999465942383,2895,0.0,0.0
2023-01-25 00:00:00-05:00,21.399999618530273,26.0,19.0,25.600000381469727,1165150,0.0,0.0
2023-01-26 00:00:00-05:00,24.600000381469727,27.0,23.0,24.200000762939453,213175,0.0,0.0
2023-01-27 00:00:00-05:00,23.600000381469727,24.559999465942383,22.799999237060547,24.200000762939453,80490,0.0,0.0
2023-01-30 00:00:00-05:00,24.200000762939453,25.600000381469727,23.200000762939453,24.200000762939453,81820,0.0,0.0
2023-01-31 00:00:00-05:00,24.200000762939453,25.200000762939453,23.399999618530273,24.600000381469727,67570,0.0,0.0
2023-02-01 00:00:00-05:00,24.600000381469727,26.200000762939453,23.799999237060547,25.799999237060547,88740,0.0,0.0
2023-02-02 00:00:00-05:00,25.799999237060547,28.200000762939453,25.5,27.200000762939453,98720,0.0,0.0
2023-02-03 00:00:00-05:00,28.0,32.599998474121094,27.799999237060547,30.200000762939453,148060,0.0,0.0
2023-02-06 00:00:00-05:00,32.79999923706055,34.79999923706055,29.200000762939453,34.400001525878906,181375,0.0,0.0
2023-02-07 00:00:00-05:00,35.20000076293945,36.0,32.0,34.0,120165,0.0,0.0
2023-02-08 00:00:00-05:00,33.0,36.0,33.0,34.20000076293945,69545,0.0,0.0
2023-02-09 00:00:00-05:00,34.400001525878906,35.20000076293945,32.0,33.400001525878906,72215,0.0,0.0
2023-02-10 00:00:00-05:00,33.400001525878906,33.599998474121094,30.600000381469727,32.599998474121094,58305,0.0,0.0
2023-02-13 00:00:00-05:00,32.47999954223633,32.97999954223633,31.0,32.400001525878906,43345,0.0,0.0
2023-02-14 00:00:00-05:00,31.799999237060547,33.20000076293945,31.200000762939453,31.799999237060547,39225,0.0,0.0
2023-02-15 00:00:00-05:00,31.799999237060547,32.099998474121094,29.5,31.799999237060547,96795,0.0,0.0
2023-02-16 00:00:00-05:00,30.399999618530273,32.400001525878906,30.399999618530273,31.600000381469727,31165,0.0,0.0
2023-02-17 00:00:00-05:00,32.0,33.0,31.799999237060547,32.400001525878906,36135,0.0,0.0
2023-02-21 00:00:00-05:00,32.0,34.400001525878906,31.600000381469727,32.0,64575,0.0,0.0
2023-02-22 00:00:00-05:00,32.0,33.0,31.200000762939453,31.799999237060547,37815,0.0,0.0
2023-02-23 00:00:00-05:00,32.400001525878906,34.52000045776367,32.400001525878906,33.400001525878906,58745,0.0,0.0
2023-02-24 00:00:00-05:00,33.400001525878906,33.400001525878906,31.600000381469727,32.20000076293945,52200,0.0,0.0
2023-02-27 00:00:00-05:00,33.400001525878906,33.400001525878906,28.399999618530273,29.200000762939453,94960,0.0,0.0
2023-02-28 00:00:00-05:00,29.200000762939453,30.600000381469727,27.0,30.200000762939453,56080,0.0,0.0
2023-03-01 00:00:00-05:00,31.0,39.599998474121094,31.0,39.20000076293945,316675,0.0,0.0
2023-03-02 00:00:00-05:00,39.0,39.79999923706055,35.0,36.20000076293945,173940,0.0,0.0
2023-03-03 00:00:00-05:00,29.200000762939453,32.79999923706055,28.600000381469727,31.100000381469727,444975,0.0,0.0
2023-03-06 00:00:00-05:00,33.0,33.79999923706055,30.899999618530273,31.0,261720,0.0,0.0
2023-03-07 00:00:00-05:00,32.0,34.5,31.600000381469727,33.0,224425,0.0,0.0
2023-03-08 00:00:00-05:00,34.599998474121094,35.599998474121094,31.600000381469727,32.20000076293945,199770,0.0,0.0
2023-03-09 00:00:00-05:00,32.599998474121094,32.79999923706055,29.399999618530273,30.0,212115,0.0,0.0
2023-03-10 00:00:00-05:00,31.0,35.79999923706055,29.0,31.200000762939453,248050,0.0,0.0
2023-03-13 00:00:00-04:00,30.600000381469727,35.79999923706055,29.540000915527344,34.599998474121094,252825,0.0,0.0
2023-03-14 00:00:00-04:00,34.599998474121094,35.20000076293945,33.400001525878906,34.0,191150,0.0,0.0
2023-03-15 00:00:00-04:00,33.400001525878906,34.400001525878906,32.79999923706055,33.599998474121094,88770,0.0,0.0
2023-03-16 00:00:00-04:00,33.79999923706055,33.79999923706055,32.0,32.599998474121094,93460,0.0,0.0
2023-03-17 00:00:00-04:00,33.0,35.400001525878906,32.0,35.20000076293945,207265,0.0,0.0
2023-03-20 00:00:00-04:00,36.0,37.099998474121094,33.400001525878906,35.400001525878906,228620,0.0,0.0
2023-03-21 00:00:00-04:00,36.20000076293945,42.0,35.599998474121094,39.599998474121094,532915,0.0,0.0
2023-03-22 00:00:00-04:00,41.599998474121094,42.0,36.20000076293945,38.0,646245,0.0,0.0
2023-03-23 00:00:00-04:00,34.0,34.400001525878906,26.200000762939453,28.600000381469727,652825,0.0,0.0
2023-03-24 00:00:00-04:00,28.600000381469727,28.600000381469727,22.600000381469727,23.200000762939453,408070,0.0,0.0
2023-03-27 00:00:00-04:00,23.0,23.0,18.6200008392334,20.200000762939453,503640,0.0,0.0
2023-03-28 00:00:00-04:00,22.399999618530273,24.799999237060547,20.6200008392334,23.799999237060547,353925,0.0,0.0
2023-03-29 00:00:00-04:00,23.200000762939453,27.0,22.600000381469727,25.200000762939453,354600,0.0,0.0
2023-03-30 00:00:00-04:00,25.600000381469727,27.799999237060547,25.0,25.600000381469727,177865,0.0,0.0
2023-03-31 00:00:00-04:00,25.200000762939453,26.200000762939453,24.0,25.399999618530273,138990,0.0,0.0
2023-04-03 00:00:00-04:00,25.600000381469727,25.600000381469727,23.299999237060547,24.399999618530273,112420,0.0,0.0
2023-04-04 00:00:00-04:00,24.0,24.799999237060547,23.0,24.600000381469727,76000,0.0,0.0
2023-04-05 00:00:00-04:00,24.0,24.200000762939453,22.399999618530273,23.0,89635,0.0,0.0
2023-04-06 00:00:00-04:00,22.399999618530273,24.0,21.420000076293945,24.0,94985,0.0,0.0
2023-04-10 00:00:00-04:00,22.799999237060547,23.399999618530273,21.399999618530273,22.200000762939453,102225,0.0,0.0
2023-04-11 00:00:00-04:00,21.799999237060547,24.0,21.600000381469727,23.600000381469727,63180,0.0,0.0
2023-04-12 00:00:00-04:00,23.600000381469727,23.600000381469727,21.600000381469727,21.799999237060547,80525,0.0,0.0
2023-04-13 00:00:00-04:00,22.200000762939453,23.299999237060547,22.0,22.799999237060547,65475,0.0,0.0
2023-04-14 00:00:00-04:00,22.399999618530273,23.0,21.200000762939453,21.600000381469727,51760,0.0,0.0
2023-04-17 00:00:00-04:00,21.600000381469727,23.399999618530273,21.200000762939453,22.799999237060547,58095,0.0,0.0
2023-04-18 00:00:00-04:00,23.0,23.299999237060547,22.200000762939453,22.600000381469727,47715,0.0,0.0
2023-04-19 00:00:00-04:00,22.600000381469727,23.0,21.799999237060547,22.399999618530273,56135,0.0,0.0
2023-04-20 00:00:00-04:00,21.799999237060547,23.0,21.200000762939453,21.200000762939453,57640,0.0,0.0
2023-04-21 00:00:00-04:00,21.100000381469727,23.600000381469727,21.0,22.600000381469727,63920,0.0,0.0
2023-04-24 00:00:00-04:00,22.600000381469727,23.0,20.799999237060547,21.399999618530273,108170,0.0,0.0
2023-04-25 00:00:00-04:00,21.600000381469727,22.399999618530273,20.200000762939453,20.600000381469727,146290,0.0,0.0
2023-04-26 00:00:00-04:00,20.600000381469727,21.399999618530273,19.600000381469727,20.600000381469727,55395,0.0,0.0
2023-04-27 00:00:00-04:00,20.200000762939453,21.0,20.0,20.799999237060547,48530,0.0,0.0
2023-04-28 00:00:00-04:00,20.799999237060547,21.399999618530273,20.200000762939453,20.399999618530273,38010,0.0,0.0
2023-05-01 00:00:00-04:00,20.399999618530273,21.600000381469727,20.200000762939453,21.0,53050,0.0,0.0
2023-05-02 00:00:00-04:00,21.0,21.399999618530273,20.399999618530273,20.399999618530273,33315,0.0,0.0
2023-05-03 00:00:00-04:00,20.200000762939453,20.600000381469727,19.700000762939453,20.200000762939453,43290,0.0,0.0
2023-05-04 00:00:00-04:00,20.0,20.600000381469727,19.420000076293945,20.200000762939453,44265,0.0,0.0
2023-05-05 00:00:00-04:00,20.0,21.200000762939453,20.0,21.0,42100,0.0,0.0
2023-05-08 00:00:00-04:00,20.799999237060547,21.799999237060547,20.799999237060547,21.200000762939453,29205,0.0,0.0
2023-05-09 00:00:00-04:00,21.200000762939453,22.200000762939453,20.68000030517578,22.200000762939453,37390,0.0,0.0
2023-05-10 00:00:00-04:00,22.600000381469727,23.0,21.700000762939453,22.200000762939453,47360,0.0,0.0
2023-05-11 00:00:00-04:00,22.799999237060547,23.799999237060547,22.200000762939453,23.600000381469727,61045,0.0,0.0
2023-05-12 00:00:00-04:00,25.399999618530273,25.799999237060547,22.700000762939453,23.399999618530273,283060,0.0,0.0
2023-05-15 00:00:00-04:00,22.799999237060547,27.899999618530273,21.799999237060547,27.200000762939453,167000,0.0,0.0
2023-05-16 00:00:00-04:00,27.200000762939453,28.399999618530273,25.799999237060547,26.399999618530273,115655,0.0,0.0
2023-05-17 00:00:00-04:00,26.399999618530273,27.399999618530273,25.100000381469727,27.0,68030,0.0,0.0
2023-05-18 00:00:00-04:00,27.0,27.020000457763672,25.0,25.399999618530273,70735,0.0,0.0
2023-05-19 00:00:00-04:00,25.200000762939453,27.200000762939453,25.200000762939453,26.0,45430,0.0,0.0
2023-05-22 00:00:00-04:00,26.0,28.799999237060547,26.0,28.399999618530273,71215,0.0,0.0
2023-05-23 00:00:00-04:00,28.0,29.600000381469727,26.200000762939453,27.399999618530273,54110,0.0,0.0
2023-05-24 00:00:00-04:00,27.0,27.399999618530273,25.600000381469727,26.799999237060547,31005,0.0,0.0
2023-05-25 00:00:00-04:00,27.200000762939453,27.399999618530273,25.200000762939453,25.600000381469727,35865,0.0,0.0
2023-05-26 00:00:00-04:00,26.0,27.260000228881836,25.799999237060547,27.200000762939453,45275,0.0,0.0
2023-05-30 00:00:00-04:00,27.200000762939453,27.399999618530273,25.600000381469727,25.799999237060547,35075,0.0,0.0
2023-05-31 00:00:00-04:00,26.600000381469727,27.0,24.600000381469727,26.600000381469727,51530,0.0,0.0
2023-06-01 00:00:00-04:00,26.600000381469727,27.200000762939453,25.899999618530273,26.399999618530273,24065,0.0,0.0
2023-06-02 00:00:00-04:00,26.399999618530273,26.799999237060547,25.600000381469727,26.200000762939453,24890,0.0,0.0
2023-06-05 00:00:00-04:00,26.399999618530273,27.600000381469727,25.399999618530273,26.0,59990,0.0,0.0
2023-06-06 00:00:00-04:00,26.0,26.799999237060547,26.0,26.200000762939453,23790,0.0,0.0
2023-06-07 00:00:00-04:00,26.399999618530273,26.600000381469727,24.799999237060547,25.399999618530273,51885,0.0,0.0
2023-06-08 00:00:00-04:00,25.399999618530273,25.399999618530273,24.440000534057617,24.799999237060547,34530,0.0,0.0
2023-06-09 00:00:00-04:00,25.0,25.200000762939453,24.0,24.200000762939453,29300,0.0,0.0
2023-06-12 00:00:00-04:00,24.200000762939453,25.200000762939453,24.100000381469727,24.600000381469727,28045,0.0,0.0
2023-06-13 00:00:00-04:00,24.399999618530273,25.0,24.0,24.0,25645,0.0,0.0
2023-06-14 00:00:00-04:00,24.0,24.0,22.600000381469727,23.0,48475,0.0,0.0
2023-06-15 00:00:00-04:00,23.0,23.600000381469727,22.5,22.799999237060547,43665,0.0,0.0
2023-06-16 00:00:00-04:00,23.0,24.200000762939453,22.200000762939453,22.200000762939453,62050,0.0,0.0
2023-06-20 00:00:00-04:00,22.0,23.0,21.799999237060547,22.600000381469727,28760,0.0,0.0
2023-06-21 00:00:00-04:00,22.200000762939453,23.139999389648438,22.0,22.0,17050,0.0,0.0
2023-06-22 00:00:00-04:00,24.200000762939453,24.399999618530273,22.0,23.399999618530273,85570,0.0,0.0
2023-06-23 00:00:00-04:00,23.0,23.600000381469727,22.299999237060547,23.200000762939453,47455,0.0,0.0
2023-06-26 00:00:00-04:00,23.399999618530273,23.399999618530273,22.200000762939453,22.200000762939453,17860,0.0,0.0
2023-06-27 00:00:00-04:00,22.200000762939453,22.399999618530273,20.799999237060547,21.799999237060547,45115,0.0,0.0
2023-06-28 00:00:00-04:00,22.0,22.5,21.200000762939453,22.200000762939453,20155,0.0,0.0
2023-06-29 00:00:00-04:00,22.200000762939453,22.600000381469727,22.0,22.600000381469727,15080,0.0,0.0
2023-06-30 00:00:00-04:00,22.399999618530273,23.0,22.100000381469727,22.600000381469727,15910,0.0,0.0
2023-07-03 00:00:00-04:00,22.399999618530273,22.799999237060547,22.200000762939453,22.600000381469727,12420,0.0,0.0
2023-07-05 00:00:00-04:00,22.399999618530273,23.399999618530273,21.600000381469727,22.399999618530273,31335,0.0,0.0
2023-07-06 00:00:00-04:00,22.0,22.399999618530273,21.600000381469727,22.200000762939453,22575,0.0,0.0
2023-07-07 00:00:00-04:00,22.200000762939453,22.399999618530273,21.799999237060547,22.200000762939453,14730,0.0,0.0
2023-07-10 00:00:00-04:00,22.399999618530273,22.600000381469727,22.100000381469727,22.200000762939453,17545,0.0,0.0
2023-07-11 00:00:00-04:00,22.600000381469727,22.700000762939453,21.600000381469727,22.0,23115,0.0,0.0
2023-07-12 00:00:00-04:00,22.0,22.399999618530273,22.0,22.0,15125,0.0,0.0
2023-07-13 00:00:00-04:00,22.0,22.700000762939453,22.0,22.600000381469727,21410,0.0,0.0
2023-07-14 00:00:00-04:00,22.200000762939453,22.399999618530273,21.799999237060547,22.0,29665,0.0,0.0
2023-07-17 00:00:00-04:00,22.0,22.799999237060547,21.979999542236328,22.600000381469727,29780,0.0,0.0
2023-07-18 00:00:00-04:00,22.600000381469727,23.200000762939453,22.399999618530273,23.200000762939453,17915,0.0,0.0
2023-07-19 00:00:00-04:00,23.0,23.600000381469727,22.799999237060547,23.0,15855,0.0,0.0
2023-07-20 00:00:00-04:00,23.200000762939453,23.200000762939453,22.0,22.0,20525,0.0,0.0
2023-07-21 00:00:00-04:00,21.0,21.600000381469727,18.0,21.200000762939453,127075,0.0,0.0
2023-07-24 00:00:00-04:00,20.799999237060547,20.799999237060547,19.399999618530273,19.600000381469727,38685,0.0,0.0
2023-07-25 00:00:00-04:00,19.799999237060547,20.600000381469727,19.200000762939453,19.200000762939453,18355,0.0,0.0
2023-07-26 00:00:00-04:00,19.399999618530273,20.399999618530273,18.600000381469727,19.979999542236328,30560,0.0,0.0
2023-07-27 00:00:00-04:00,19.799999237060547,20.399999618530273,18.6200008392334,18.799999237060547,23040,0.0,0.0
2023-07-28 00:00:00-04:00,18.799999237060547,20.200000762939453,18.739999771118164,19.440000534057617,15110,0.0,0.0
2023-07-31 00:00:00-04:00,19.600000381469727,20.399999618530273,19.200000762939453,19.899999618530273,31895,0.0,0.0
2023-08-01 00:00:00-04:00,21.0,21.600000381469727,19.600000381469727,20.799999237060547,41275,0.0,0.0
2023-08-02 00:00:00-04:00,20.600000381469727,21.399999618530273,20.200000762939453,20.799999237060547,35520,0.0,0.0
2023-08-03 00:00:00-04:00,20.600000381469727,21.200000762939453,20.399999618530273,20.399999618530273,12520,0.0,0.0
2023-08-04 00:00:00-04:00,19.899999618530273,20.200000762939453,18.799999237060547,19.520000457763672,25880,0.0,0.0
2023-08-07 00:00:00-04:00,19.520000457763672,19.940000534057617,18.200000762939453,18.600000381469727,38355,0.0,0.0
2023-08-08 00:00:00-04:00,18.200000762939453,19.600000381469727,18.200000762939453,18.799999237060547,21185,0.0,0.0
2023-08-09 00:00:00-04:00,19.799999237060547,20.600000381469727,19.200000762939453,19.5,19665,0.0,0.0
2023-08-10 00:00:00-04:00,19.639999389648438,19.799999237060547,19.0,19.739999771118164,9350,0.0,0.0
2023-08-11 00:00:00-04:00,19.100000381469727,19.979999542236328,19.100000381469727,19.600000381469727,8560,0.0,0.0
2023-08-14 00:00:00-04:00,19.299999237060547,19.600000381469727,17.68000030517578,18.31999969482422,36940,0.0,0.0
2023-08-15 00:00:00-04:00,18.780000686645508,18.799999237060547,18.0,18.15999984741211,18505,0.0,0.0
2023-08-16 00:00:00-04:00,18.040000915527344,18.600000381469727,16.700000762939453,17.399999618530273,39490,0.0,0.0
2023-08-17 00:00:00-04:00,17.200000762939453,17.200000762939453,16.0,16.200000762939453,28605,0.0,0.0
2023-08-18 00:00:00-04:00,16.0,17.100000381469727,16.0,16.280000686645508,17520,0.0,0.0
2023-08-21 00:00:00-04:00,16.020000457763672,17.5,16.020000457763672,16.860000610351562,14530,0.0,0.0
2023-08-22 00:00:00-04:00,16.899999618530273,17.0,16.0,16.399999618530273,21825,0.0,0.0
2023-08-23 00:00:00-04:00,16.399999618530273,16.799999237060547,16.0,16.420000076293945,15715,0.0,0.0
2023-08-24 00:00:00-04:00,16.420000076293945,16.760000228881836,15.119999885559082,15.399999618530273,20300,0.0,0.0
2023-08-25 00:00:00-04:00,15.600000381469727,17.0,14.899999618530273,15.5,24770,0.0,0.0
2023-08-28 00:00:00-04:00,15.600000381469727,16.15999984741211,15.199999809265137,15.699999809265137,16780,0.0,0.0
2023-08-29 00:00:00-04:00,15.600000381469727,17.0,15.0,16.799999237060547,18665,0.0,0.0
2023-08-30 00:00:00-04:00,16.979999542236328,17.420000076293945,16.399999618530273,16.860000610351562,9550,0.0,0.0
2023-08-31 00:00:00-04:00,16.399999618530273,17.360000610351562,15.600000381469727,15.680000305175781,15560,0.0,0.0
2023-09-01 00:00:00-04:00,15.819999694824219,16.219999313354492,15.619999885559082,15.800000190734863,7055,0.0,0.0
2023-09-05 00:00:00-04:00,16.0,16.559999465942383,15.699999809265137,15.859999656677246,11945,0.0,0.0
2023-09-06 00:00:00-04:00,18.799999237060547,20.799999237060547,18.420000076293945,20.0,350950,0.0,0.0
2023-09-07 00:00:00-04:00,19.520000457763672,20.0,17.799999237060547,19.739999771118164,53500,0.0,0.0
2023-09-08 00:00:00-04:00,19.739999771118164,20.399999618530273,18.799999237060547,19.860000610351562,21330,0.0,0.0
2023-09-11 00:00:00-04:00,19.600000381469727,19.860000610351562,18.399999618530273,19.239999771118164,27085,0.0,0.0
2023-09-12 00:00:00-04:00,19.3799991607666,19.81999969482422,19.040000915527344,19.700000762939453,14005,0.0,0.0
2023-09-13 00:00:00-04:00,19.799999237060547,22.799999237060547,19.760000228881836,22.399999618530273,44330,0.0,0.0
2023-09-14 00:00:00-04:00,22.200000762939453,22.399999618530273,20.600000381469727,21.799999237060547,29325,0.0,0.0
2023-09-15 00:00:00-04:00,21.600000381469727,22.18000030517578,21.0,21.399999618530273,23645,0.0,0.0
2023-09-18 00:00:00-04:00,21.399999618530273,21.799999237060547,20.600000381469727,21.399999618530273,18695,0.0,0.0
2023-09-19 00:00:00-04:00,21.0,21.399999618530273,20.600000381469727,21.0,20050,0.0,0.0
2023-09-20 00:00:00-04:00,21.0,24.399999618530273,21.0,22.799999237060547,49070,0.0,0.0
2023-09-21 00:00:00-04:00,23.200000762939453,23.399999618530273,19.799999237060547,20.399999618530273,40530,0.0,0.0
2023-09-22 00:00:00-04:00,21.799999237060547,22.0,19.600000381469727,20.399999618530273,22780,0.0,0.0
2023-09-25 00:00:00-04:00,19.799999237060547,20.200000762939453,19.059999465942383,19.399999618530273,13770,0.0,0.0
2023-09-26 00:00:00-04:00,19.219999313354492,20.020000457763672,19.200000762939453,19.600000381469727,9855,0.0,0.0
2023-09-27 00:00:00-04:00,19.459999084472656,20.020000457763672,19.200000762939453,19.399999618530273,13575,0.0,0.0
2023-09-28 00:00:00-04:00,19.600000381469727,19.739999771118164,18.799999237060547,18.799999237060547,10515,0.0,0.0
2023-09-29 00:00:00-04:00,18.979999542236328,19.559999465942383,18.5,18.84000015258789,11400,0.0,0.0
2023-10-02 00:00:00-04:00,18.860000610351562,19.5,18.200000762939453,18.399999618530273,15615,0.0,0.0
2023-10-03 00:00:00-04:00,18.200000762939453,18.799999237060547,18.200000762939453,18.5,4400,0.0,0.0
2023-10-04 00:00:00-04:00,18.600000381469727,19.0,17.6200008392334,18.600000381469727,12505,0.0,0.0
2023-10-05 00:00:00-04:00,18.68000030517578,20.600000381469727,18.5,19.399999618530273,22625,0.0,0.0
2023-10-06 00:00:00-04:00,19.079999923706055,19.780000686645508,18.600000381469727,19.200000762939453,12850,0.0,0.0
2023-10-09 00:00:00-04:00,19.200000762939453,19.399999618530273,18.0,18.799999237060547,9825,0.0,0.0
2023-10-10 00:00:00-04:00,18.799999237060547,19.799999237060547,18.799999237060547,19.299999237060547,9720,0.0,0.0
2023-10-11 00:00:00-04:00,19.799999237060547,19.8799991607666,18.139999389648438,18.5,14910,0.0,0.0
2023-10-12 00:00:00-04:00,18.780000686645508,19.0,17.920000076293945,18.399999618530273,16735,0.0,0.0
2023-10-13 00:00:00-04:00,17.719999313354492,20.399999618530273,17.700000762939453,18.399999618530273,21400,0.0,0.0
2023-10-16 00:00:00-04:00,18.600000381469727,19.0,17.799999237060547,18.799999237060547,14955,0.0,0.0
2023-10-17 00:00:00-04:00,18.459999084472656,19.200000762939453,18.280000686645508,18.280000686645508,17790,0.0,0.0
2023-10-18 00:00:00-04:00,18.100000381469727,18.260000228881836,17.0,17.200000762939453,17920,0.0,0.0
2023-10-19 00:00:00-04:00,17.200000762939453,18.0,16.600000381469727,17.5,16855,0.0,0.0
2023-10-20 00:00:00-04:00,17.579999923706055,18.200000762939453,17.0,17.1200008392334,9125,0.0,0.0
2023-10-23 00:00:00-04:00,16.979999542236328,17.600000381469727,16.440000534057617,16.81999969482422,10765,0.0,0.0
2023-10-24 00:00:00-04:00,16.81999969482422,17.559999465942383,16.420000076293945,16.899999618530273,13495,0.0,0.0
2023-10-25 00:00:00-04:00,16.65999984741211,17.34000015258789,16.600000381469727,16.600000381469727,9760,0.0,0.0
2023-10-26 00:00:00-04:00,17.0,17.200000762939453,15.600000381469727,16.18000030517578,14445,0.0,0.0
2023-10-27 00:00:00-04:00,15.819999694824219,16.100000381469727,15.140000343322754,15.520000457763672,19635,0.0,0.0
2023-10-30 00:00:00-04:00,15.600000381469727,15.800000190734863,14.520000457763672,15.279999732971191,18595,0.0,0.0
2023-10-31 00:00:00-04:00,15.399999618530273,15.800000190734863,15.0,15.34000015258789,13300,0.0,0.0
2023-11-01 00:00:00-04:00,14.800000190734863,16.399999618530273,14.600000381469727,16.079999923706055,8700,0.0,0.0
2023-11-02 00:00:00-04:00,15.640000343322754,18.34000015258789,15.640000343322754,17.299999237060547,12695,0.0,0.0
2023-11-03 00:00:00-04:00,17.799999237060547,18.15999984741211,16.020000457763672,16.200000762939453,27630,0.0,0.0
2023-11-06 00:00:00-05:00,16.200000762939453,16.399999618530273,15.800000190734863,16.0,7105,0.0,0.0
2023-11-07 00:00:00-05:00,16.3799991607666,16.3799991607666,15.520000457763672,16.0,6720,0.0,0.0
2023-11-08 00:00:00-05:00,15.979999542236328,16.360000610351562,15.600000381469727,15.600000381469727,5880,0.0,0.0
2023-11-09 00:00:00-05:00,15.600000381469727,16.040000915527344,15.0,15.0600004196167,8000,0.0,0.0
2023-11-10 00:00:00-05:00,15.0,16.0,14.800000190734863,15.399999618530273,7485,0.0,0.0
2023-11-13 00:00:00-05:00,15.079999923706055,15.9399995803833,14.800000190734863,15.600000381469727,13880,0.0,0.0
2023-11-14 00:00:00-05:00,15.399999618530273,16.040000915527344,15.199999809265137,15.800000190734863,9640,0.0,0.0
2023-11-15 00:00:00-05:00,15.399999618530273,16.399999618530273,15.399999618530273,15.5,9555,0.0,0.0
2023-11-16 00:00:00-05:00,15.800000190734863,16.799999237060547,15.260000228881836,16.059999465942383,17490,0.0,0.0
2023-11-17 00:00:00-05:00,14.399999618530273,15.720000267028809,11.859999656677246,15.600000381469727,46690,0.0,0.0
2023-11-20 00:00:00-05:00,15.399999618530273,15.800000190734863,14.319999694824219,14.979999542236328,17515,0.0,0.0
2023-11-21 00:00:00-05:00,15.0,15.199999809265137,14.600000381469727,14.65999984741211,10390,0.0,0.0
2023-11-22 00:00:00-05:00,14.420000076293945,14.800000190734863,14.0,14.300000190734863,8225,0.0,0.0
2023-11-24 00:00:00-05:00,14.180000305175781,15.359999656677246,13.899999618530273,14.199999809265137,9535,0.0,0.0
2023-11-27 00:00:00-05:00,14.300000190734863,14.819999694824219,14.0600004196167,14.0600004196167,14200,0.0,0.0
2023-11-28 00:00:00-05:00,14.800000190734863,14.800000190734863,13.600000381469727,13.640000343322754,19320,0.0,0.0
2023-11-29 00:00:00-05:00,13.899999618530273,14.199999809265137,13.640000343322754,13.819999694824219,12770,0.0,0.0
2023-11-30 00:00:00-05:00,14.199999809265137,14.199999809265137,13.800000190734863,14.180000305175781,14790,0.0,0.0
2023-12-01 00:00:00-05:00,13.819999694824219,15.800000190734863,13.600000381469727,15.619999885559082,26595,0.0,0.0
2023-12-04 00:00:00-05:00,15.199999809265137,16.0,14.65999984741211,15.279999732971191,18770,0.0,0.0
2023-12-05 00:00:00-05:00,15.4399995803833,16.399999618530273,15.0,15.600000381469727,31630,0.0,0.0
2023-12-06 00:00:00-05:00,15.5,15.699999809265137,15.020000457763672,15.180000305175781,15530,0.0,0.0
2023-12-07 00:00:00-05:00,16.0,16.200000762939453,14.640000343322754,14.819999694824219,26835,0.0,0.0
2023-12-08 00:00:00-05:00,14.800000190734863,15.0,14.420000076293945,14.800000190734863,20700,0.0,0.0
2023-12-11 00:00:00-05:00,14.600000381469727,15.100000381469727,14.119999885559082,14.9399995803833,17170,0.0,0.0
2023-12-12 00:00:00-05:00,14.9399995803833,14.960000038146973,14.100000381469727,14.300000190734863,19605,0.0,0.0
2023-12-13 00:00:00-05:00,14.579999923706055,14.760000228881836,14.020000457763672,14.359999656677246,13595,0.0,0.0
2023-12-14 00:00:00-05:00,14.399999618530273,15.0,14.359999656677246,14.899999618530273,23490,0.0,0.0
2023-12-15 00:00:00-05:00,15.0,15.220000267028809,14.319999694824219,14.319999694824219,16580,0.0,0.0
2023-12-18 00:00:00-05:00,14.800000190734863,15.359999656677246,14.399999618530273,14.65999984741211,27465,0.0,0.0
2023-12-19 00:00:00-05:00,14.84000015258789,15.199999809265137,14.020000457763672,14.399999618530273,42665,0.0,0.0
2023-12-20 00:00:00-05:00,14.420000076293945,15.0,14.399999618530273,15.0,21250,0.0,0.0
2023-12-21 00:00:00-05:00,15.0,15.279999732971191,14.239999771118164,14.760000228881836,25435,0.0,0.0
2023-12-22 00:00:00-05:00,17.559999465942383,18.8799991607666,15.460000038146973,16.399999618530273,592630,0.0,0.0
2023-12-26 00:00:00-05:00,16.399999618530273,16.399999618530273,15.399999618530273,15.5,83500,0.0,0.0
2023-12-27 00:00:00-05:00,15.140000343322754,16.399999618530273,15.140000343322754,15.960000038146973,42605,0.0,0.0
2023-12-28 00:00:00-05:00,15.579999923706055,16.200000762939453,15.199999809265137,16.200000762939453,42330,0.0,0.0
2023-12-29 00:00:00-05:00,16.579999923706055,16.579999923706055,15.399999618530273,15.880000114440918,30135,0.0,0.0
2024-01-02 00:00:00-05:00,15.699999809265137,16.200000762939453,15.119999885559082,16.020000457763672,30305,0.0,0.0
2024-01-03 00:00:00-05:00,16.0,16.260000228881836,15.199999809265137,15.65999984741211,20485,0.0,0.0
2024-01-04 00:00:00-05:00,15.699999809265137,16.100000381469727,15.239999771118164,15.619999885559082,17365,0.0,0.0
2024-01-05 00:00:00-05:00,15.979999542236328,15.979999542236328,15.260000228881836,15.5600004196167,18545,0.0,0.0
2024-01-08 00:00:00-05:00,15.399999618530273,15.460000038146973,14.899999618530273,15.359999656677246,21145,0.0,0.0
2024-01-09 00:00:00-05:00,15.399999618530273,16.399999618530273,15.100000381469727,16.0,34175,0.0,0.0
2024-01-10 00:00:00-05:00,16.219999313354492,16.239999771118164,15.600000381469727,15.859999656677246,17405,0.0,0.0
2024-01-11 00:00:00-05:00,15.899999618530273,16.100000381469727,15.399999618530273,15.640000343322754,24935,0.0,0.0
2024-01-12 00:00:00-05:00,15.399999618530273,15.800000190734863,15.199999809265137,15.319999694824219,16650,0.0,0.0
2024-01-16 00:00:00-05:00,15.399999618530273,15.680000305175781,14.800000190734863,14.819999694824219,20305,0.0,0.0
2024-01-17 00:00:00-05:00,14.699999809265137,15.199999809265137,14.239999771118164,14.239999771118164,15650,0.0,0.0
2024-01-18 00:00:00-05:00,14.5,15.0,14.020000457763672,15.0,27425,0.0,0.0
2024-01-19 00:00:00-05:00,14.699999809265137,14.800000190734863,13.800000190734863,14.319999694824219,23560,0.0,0.0
2024-01-22 00:00:00-05:00,14.399999618530273,14.699999809265137,13.819999694824219,14.300000190734863,19090,0.0,0.0
2024-01-23 00:00:00-05:00,14.199999809265137,14.399999618530273,13.739999771118164,13.859999656677246,11950,0.0,0.0
2024-01-24 00:00:00-05:00,13.859999656677246,14.0,12.859999656677246,13.800000190734863,22815,0.0,0.0
2024-01-25 00:00:00-05:00,13.4399995803833,14.0,13.319999694824219,13.5,11690,0.0,0.0
2024-01-26 00:00:00-05:00,13.520000457763672,14.0,13.020000457763672,13.300000190734863,24255,0.0,0.0
2024-01-29 00:00:00-05:00,13.399999618530273,13.699999809265137,13.020000457763672,13.460000038146973,103875,0.0,0.0
2024-01-30 00:00:00-05:00,13.600000381469727,14.140000343322754,13.020000457763672,13.15999984741211,79175,0.0,0.0
2024-01-31 00:00:00-05:00,13.0,13.399999618530273,12.699999809265137,12.819999694824219,28790,0.0,0.0
2024-02-01 00:00:00-05:00,13.199999809265137,13.199999809265137,12.5,13.079999923706055,31075,0.0,0.0
2024-02-02 00:00:00-05:00,13.199999809265137,13.979999542236328,12.800000190734863,13.979999542236328,31575,0.0,0.0
2024-02-05 00:00:00-05:00,14.0,14.0,13.039999961853027,13.399999618530273,17435,0.0,0.0
2024-02-06 00:00:00-05:00,13.380000114440918,13.979999542236328,13.199999809265137,13.420000076293945,14020,0.0,0.0
2024-02-07 00:00:00-05:00,13.600000381469727,13.600000381469727,13.100000381469727,13.100000381469727,11895,0.0,0.0
2024-02-08 00:00:00-05:00,13.399999618530273,13.600000381469727,12.899999618530273,13.420000076293945,21765,0.0,0.0
2024-02-09 00:00:00-05:00,13.600000381469727,14.579999923706055,13.4399995803833,14.5600004196167,43635,0.0,0.0
2024-02-12 00:00:00-05:00,14.600000381469727,15.199999809265137,13.979999542236328,14.100000381469727,24525,0.0,0.0
2024-02-13 00:00:00-05:00,14.300000190734863,14.600000381469727,13.399999618530273,13.600000381469727,13325,0.0,0.0
2024-02-14 00:00:00-05:00,13.5600004196167,14.0,13.300000190734863,13.579999923706055,13515,0.0,0.0
2024-02-15 00:00:00-05:00,14.0,14.199999809265137,13.15999984741211,13.84000015258789,22650,0.0,0.0
2024-02-16 00:00:00-05:00,14.199999809265137,14.479999542236328,13.600000381469727,14.300000190734863,23460,0.0,0.0
2024-02-20 00:00:00-05:00,14.199999809265137,14.399999618530273,13.800000190734863,14.180000305175781,16430,0.0,0.0
2024-02-21 00:00:00-05:00,13.859999656677246,14.0,13.619999885559082,13.800000190734863,17175,0.0,0.0
2024-02-22 00:00:00-05:00,13.760000228881836,14.5,13.699999809265137,13.819999694824219,11035,0.0,0.0
2024-02-23 00:00:00-05:00,14.0,14.0,13.619999885559082,14.0,24135,0.0,0.0
2024-02-26 00:00:00-05:00,14.0,14.600000381469727,13.399999618530273,14.380000114440918,21995,0.0,0.0
2024-02-27 00:00:00-05:00,14.0,15.0,14.0,14.579999923706055,21305,0.0,0.0
2024-02-28 00:00:00-05:00,14.600000381469727,14.880000114440918,14.239999771118164,14.399999618530273,12990,0.0,0.0
2024-02-29 00:00:00-05:00,14.5600004196167,14.720000267028809,14.0,14.15999984741211,23240,0.0,0.0
2024-03-01 00:00:00-05:00,14.239999771118164,14.779999732971191,14.079999923706055,14.239999771118164,11910,0.0,0.0
2024-03-04 00:00:00-05:00,14.579999923706055,14.579999923706055,13.600000381469727,14.140000343322754,18450,0.0,0.0
2024-03-05 00:00:00-05:00,13.800000190734863,14.0,13.399999618530273,14.0,18270,0.0,0.0
2024-03-06 00:00:00-05:00,13.619999885559082,14.199999809265137,13.619999885559082,13.979999542236328,11120,0.0,0.0
2024-03-07 00:00:00-05:00,13.899999618530273,13.979999542236328,13.600000381469727,13.65999984741211,4810,0.0,0.0
2024-03-08 00:00:00-05:00,13.880000114440918,14.180000305175781,13.779999732971191,13.819999694824219,13205,0.0,0.0
2024-03-11 00:00:00-04:00,13.600000381469727,13.800000190734863,13.020000457763672,13.220000267028809,26730,0.0,0.0
2024-03-12 00:00:00-04:00,13.380000114440918,13.960000038146973,13.199999809265137,13.680000305175781,19875,0.0,0.0
2024-03-13 00:00:00-04:00,13.420000076293945,14.140000343322754,13.300000190734863,13.300000190734863,35600,0.0,0.0
2024-03-14 00:00:00-04:00,13.520000457763672,13.899999618530273,12.800000190734863,12.819999694824219,40255,0.0,0.0
2024-03-15 00:00:00-04:00,13.300000190734863,14.9399995803833,13.279999732971191,13.699999809265137,67235,0.0,0.0
2024-03-18 00:00:00-04:00,14.300000190734863,14.600000381469727,13.720000267028809,13.880000114440918,31060,0.0,0.0
2024-03-19 00:00:00-04:00,13.979999542236328,14.880000114440918,13.640000343322754,14.279999732971191,32795,0.0,0.0
2024-03-20 00:00:00-04:00,14.34000015258789,15.5600004196167,14.319999694824219,15.260000228881836,44090,0.0,0.0
2024-03-21 00:00:00-04:00,15.600000381469727,16.399999618530273,15.600000381469727,16.059999465942383,37095,0.0,0.0
2024-03-22 00:00:00-04:00,16.3799991607666,16.3799991607666,15.199999809265137,15.539999961853027,33740,0.0,0.0
2024-03-25 00:00:00-04:00,15.600000381469727,15.899999618530273,14.420000076293945,14.920000076293945,24990,0.0,0.0
2024-03-26 00:00:00-04:00,14.779999732971191,15.0,14.399999618530273,14.800000190734863,23070,0.0,0.0
2024-03-27 00:00:00-04:00,15.020000457763672,17.0,14.800000190734863,16.84000015258789,72315,0.0,0.0
2024-03-28 00:00:00-04:00,17.200000762939453,19.18000030517578,17.0,18.399999618530273,75450,0.0,0.0
2024-04-01 00:00:00-04:00,16.200000762939453,20.0,15.619999885559082,19.360000610351562,87370,0.0,0.0
2024-04-02 00:00:00-04:00,19.600000381469727,21.799999237060547,18.639999389648438,21.399999618530273,71270,0.0,0.0
2024-04-03 00:00:00-04:00,22.799999237060547,24.399999618530273,20.700000762939453,21.0,132040,0.0,0.0
2024-04-04 00:00:00-04:00,21.0,23.0,20.399999618530273,21.600000381469727,44165,0.0,0.0
2024-04-05 00:00:00-04:00,22.799999237060547,24.200000762939453,20.0,23.200000762939453,114600,0.0,0.0
2024-04-08 00:00:00-04:00,23.200000762939453,24.0,20.799999237060547,21.399999618530273,70165,0.0,0.0
2024-04-09 00:00:00-04:00,21.399999618530273,22.0,17.299999237060547,17.5,84580,0.0,0.0
2024-04-10 00:00:00-04:00,16.399999618530273,19.559999465942383,15.600000381469727,18.399999618530273,46050,0.0,0.0
2024-04-11 00:00:00-04:00,18.600000381469727,19.200000762939453,16.399999618530273,17.280000686645508,26255,0.0,0.0
2024-04-12 00:00:00-04:00,17.280000686645508,17.81999969482422,15.760000228881836,16.200000762939453,26925,0.0,0.0
2024-04-15 00:00:00-04:00,17.399999618530273,17.600000381469727,16.399999618530273,16.5,15245,0.0,0.0
2024-04-16 00:00:00-04:00,17.0,17.399999618530273,13.800000190734863,14.600000381469727,63500,0.0,0.0
2024-04-17 00:00:00-04:00,14.460000038146973,16.0,14.199999809265137,14.4399995803833,21490,0.0,0.0
2024-04-18 00:00:00-04:00,14.399999618530273,15.0,14.300000190734863,14.4399995803833,13710,0.0,0.0
2024-04-19 00:00:00-04:00,14.100000381469727,14.800000190734863,13.600000381469727,13.619999885559082,18245,0.0,0.0
2024-04-22 00:00:00-04:00,12.0,12.960000038146973,10.0,10.279999732971191,192655,0.0,0.0
2024-04-23 00:00:00-04:00,10.819999694824219,11.600000381469727,10.0,10.260000228881836,96085,0.0,0.0
2024-04-24 00:00:00-04:00,10.180000305175781,12.59000015258789,10.105999946594238,12.289999961853027,326400,0.0,0.05
2024-04-25 00:00:00-04:00,14.5,14.960000038146973,12.133000373840332,13.0,753800,0.0,0.0
2024-04-26 00:00:00-04:00,12.649999618530273,13.430000305175781,11.569999694824219,12.630000114440918,200100,0.0,0.0
2024-04-29 00:00:00-04:00,12.59000015258789,12.819999694824219,11.899999618530273,12.324999809265137,112400,0.0,0.0
2024-04-30 00:00:00-04:00,12.199999809265137,12.635000228881836,11.720000267028809,11.979999542236328,76400,0.0,0.0
2024-05-01 00:00:00-04:00,11.850000381469727,11.859999656677246,11.015999794006348,11.8100004196167,107700,0.0,0.0
2024-05-02 00:00:00-04:00,11.84000015258789,12.850000381469727,11.520000457763672,12.680000305175781,65200,0.0,0.0
2024-05-03 00:00:00-04:00,11.75,13.199999809265137,11.75,12.510000228881836,54000,0.0,0.0
2024-05-06 00:00:00-04:00,12.600000381469727,14.09000015258789,12.600000381469727,13.609999656677246,102200,0.0,0.0
2024-05-07 00:00:00-04:00,13.729999542236328,14.121000289916992,13.404999732971191,13.4399995803833,40700,0.0,0.0
2024-05-08 00:00:00-04:00,13.390000343322754,13.59000015258789,13.039999961853027,13.050000190734863,17200,0.0,0.0
2024-05-09 00:00:00-04:00,13.319999694824219,13.569999694824219,12.600000381469727,12.600000381469727,27800,0.0,0.0
2024-05-10 00:00:00-04:00,12.600000381469727,13.039999961853027,12.15999984741211,12.15999984741211,30400,0.0,0.0
2024-05-13 00:00:00-04:00,12.25,12.699999809265137,12.25,12.699999809265137,14700,0.0,0.0
2024-05-14 00:00:00-04:00,12.600000381469727,13.4399995803833,12.329999923706055,13.09000015258789,28600,0.0,0.0
2024-05-15 00:00:00-04:00,13.130000114440918,13.130000114440918,12.536999702453613,12.710000038146973,22100,0.0,0.0
2024-05-16 00:00:00-04:00,12.279999732971191,12.699999809265137,11.850000381469727,12.0,46200,0.0,0.0
2024-05-17 00:00:00-04:00,12.0,12.0,10.880000114440918,11.210000038146973,60800,0.0,0.0
2024-05-20 00:00:00-04:00,11.220000267028809,12.0,10.819999694824219,11.260000228881836,54000,0.0,0.0
2024-05-21 00:00:00-04:00,11.123000144958496,11.149999618530273,10.619999885559082,10.619999885559082,41500,0.0,0.0
2024-05-22 00:00:00-04:00,10.579999923706055,13.170000076293945,10.5,12.34000015258789,197600,0.0,0.0
2024-05-23 00:00:00-04:00,12.600000381469727,12.699999809265137,11.84000015258789,11.920000076293945,73200,0.0,0.0
2024-05-24 00:00:00-04:00,12.0,12.204999923706055,11.649999618530273,12.020000457763672,29400,0.0,0.0
2024-05-28 00:00:00-04:00,12.0,12.267999649047852,11.529999732971191,11.770000457763672,33000,0.0,0.0
2024-05-29 00:00:00-04:00,11.630000114440918,12.289999961853027,11.399999618530273,11.819999694824219,38800,0.0,0.0
2024-05-30 00:00:00-04:00,12.09000015258789,12.779999732971191,11.928999900817871,12.420000076293945,38200,0.0,0.0
2024-05-31 00:00:00-04:00,12.710000038146973,13.489999771118164,12.329999923706055,12.6899995803833,35300,0.0,0.0
2024-06-03 00:00:00-04:00,13.239999771118164,13.239999771118164,12.100000381469727,12.40999984741211,18100,0.0,0.0
2024-06-04 00:00:00-04:00,12.145999908447266,12.5649995803833,12.145000457763672,12.34000015258789,16500,0.0,0.0
2024-06-05 00:00:00-04:00,12.34000015258789,12.975000381469727,11.5,12.5,51100,0.0,0.0
2024-06-06 00:00:00-04:00,12.5,13.470000267028809,12.5,13.380000114440918,91100,0.0,0.0
2024-06-07 00:00:00-04:00,13.210000038146973,13.4399995803833,12.645000457763672,12.84000015258789,46400,0.0,0.0
2024-06-10 00:00:00-04:00,12.649999618530273,13.550000190734863,12.649999618530273,13.430000305175781,34400,0.0,0.0
2024-06-11 00:00:00-04:00,13.270000457763672,13.649999618530273,12.829999923706055,13.550000190734863,37100,0.0,0.0
2024-06-12 00:00:00-04:00,13.920000076293945,14.545000076293945,13.819999694824219,14.369999885559082,66200,0.0,0.0
2024-06-13 00:00:00-04:00,14.149999618530273,14.489999771118164,14.0,14.15999984741211,26100,0.0,0.0
2024-06-14 00:00:00-04:00,13.850000381469727,14.25,13.357999801635742,13.4399995803833,59000,0.0,0.0
2024-06-17 00:00:00-04:00,13.279999732971191,13.670000076293945,12.520000457763672,12.59000015258789,41800,0.0,0.0
2024-06-18 00:00:00-04:00,12.579999923706055,13.0,11.850000381469727,12.100000381469727,40300,0.0,0.0
2024-06-20 00:00:00-04:00,11.970000267028809,12.4399995803833,11.529999732971191,11.699999809265137,69200,0.0,0.0
2024-06-21 00:00:00-04:00,12.079999923706055,12.199999809265137,11.25,11.619999885559082,54000,0.0,0.0
2024-06-24 00:00:00-04:00,11.369999885559082,11.850000381469727,10.449999809265137,11.289999961853027,163700,0.0,0.0
2024-06-25 00:00:00-04:00,11.15999984741211,11.949999809265137,11.15999984741211,11.949999809265137,72300,0.0,0.0
2024-06-26 00:00:00-04:00,11.864999771118164,11.869999885559082,11.119999885559082,11.199999809265137,21700,0.0,0.0
2024-06-27 00:00:00-04:00,11.444999694824219,11.65999984741211,11.111000061035156,11.1899995803833,23300,0.0,0.0
2024-06-28 00:00:00-04:00,11.489999771118164,11.9399995803833,11.149999618530273,11.9399995803833,52700,0.0,0.0
2024-07-01 00:00:00-04:00,11.960000038146973,12.350000381469727,11.550000190734863,12.039999961853027,65400,0.0,0.0
2024-07-02 00:00:00-04:00,11.970000267028809,12.100000381469727,11.199999809265137,11.930000305175781,25200,0.0,0.0
2024-07-03 00:00:00-04:00,11.770000457763672,12.244999885559082,11.770000457763672,12.15999984741211,20000,0.0,0.0
2024-07-05 00:00:00-04:00,12.152000427246094,12.152000427246094,11.760000228881836,12.050000190734863,37500,0.0,0.0
2024-07-08 00:00:00-04:00,12.050000190734863,12.130000114440918,11.420000076293945,11.779999732971191,33000,0.0,0.0
2024-07-09 00:00:00-04:00,11.800000190734863,11.800000190734863,11.329999923706055,11.524999618530273,38700,0.0,0.0
2024-07-10 00:00:00-04:00,11.5,11.770999908447266,11.220000267028809,11.319999694824219,29200,0.0,0.0
2024-07-11 00:00:00-04:00,11.329999923706055,11.510000228881836,11.135000228881836,11.260000228881836,43800,0.0,0.0
2024-07-12 00:00:00-04:00,11.680000305175781,11.680000305175781,11.255000114440918,11.479999542236328,17100,0.0,0.0
2024-07-15 00:00:00-04:00,11.680000305175781,12.53499984741211,11.619999885559082,12.5,57000,0.0,0.0
2024-07-16 00:00:00-04:00,12.369999885559082,13.074999809265137,12.369999885559082,12.9399995803833,25900,0.0,0.0
2024-07-17 00:00:00-04:00,12.510000228881836,13.029999732971191,12.510000228881836,13.010000228881836,18800,0.0,0.0
2024-07-18 00:00:00-04:00,13.039999961853027,13.039999961853027,12.529999732971191,12.640000343322754,9700,0.0,0.0
2024-07-19 00:00:00-04:00,12.550000190734863,12.550000190734863,11.800000190734863,11.8100004196167,8800,0.0,0.0
2024-07-22 00:00:00-04:00,11.699999809265137,11.989999771118164,11.510000228881836,11.739999771118164,15100,0.0,0.0
2024-07-23 00:00:00-04:00,11.510000228881836,11.949999809265137,11.215999603271484,11.479999542236328,20800,0.0,0.0
2024-07-24 00:00:00-04:00,11.470000267028809,11.904999732971191,11.470000267028809,11.84000015258789,26700,0.0,0.0
2024-07-25 00:00:00-04:00,11.725000381469727,12.149999618530273,11.630000114440918,11.949999809265137,30600,0.0,0.0
2024-07-26 00:00:00-04:00,12.210000038146973,13.342000007629395,11.880000114440918,13.239999771118164,71000,0.0,0.0
2024-07-29 00:00:00-04:00,13.029999732971191,13.20300006866455,12.760000228881836,13.050000190734863,13200,0.0,0.0
2024-07-30 00:00:00-04:00,13.366999626159668,13.366999626159668,13.0,13.130000114440918,4900,0.0,0.0
2024-07-31 00:00:00-04:00,13.130000114440918,13.270000457763672,12.850000381469727,13.109999656677246,8200,0.0,0.0
2024-08-01 00:00:00-04:00,12.880000114440918,13.069999694824219,12.539999961853027,12.890000343322754,11200,0.0,0.0
2024-08-02 00:00:00-04:00,12.795000076293945,12.795000076293945,11.59000015258789,11.880000114440918,14600,0.0,0.0
2024-08-05 00:00:00-04:00,11.109999656677246,11.850000381469727,11.100000381469727,11.680000305175781,16700,0.0,0.0
2024-08-06 00:00:00-04:00,11.789999961853027,11.8149995803833,11.100000381469727,11.430000305175781,22100,0.0,0.0
2024-08-07 00:00:00-04:00,11.010000228881836,11.529999732971191,11.010000228881836,11.289999961853027,9200,0.0,0.0
2024-08-08 00:00:00-04:00,11.050000190734863,11.829999923706055,10.770000457763672,11.59000015258789,16600,0.0,0.0
2024-08-09 00:00:00-04:00,11.779999732971191,11.850000381469727,11.279999732971191,11.8100004196167,16800,0.0,0.0
