Date,Open,High,Low,Close,Volume,Dividends,Stock Splits
2020-12-03 00:00:00-05:00,25.195387521641432,25.34175849614327,25.127081190954435,25.175870895385742,764600,0.0,0.0
2020-12-04 00:00:00-05:00,25.371033435526808,25.371033435526808,25.078291486523128,25.175870895385742,203500,0.0,0.0
2020-12-07 00:00:00-05:00,25.175871070917793,25.371033612419577,24.883129119873047,24.883129119873047,588200,0.0,0.0
2020-12-08 00:00:00-05:00,25.127081641541174,25.127081641541174,24.88312939259417,24.93191909790039,93100,0.0,0.0
2020-12-09 00:00:00-05:00,24.931919236128135,25.322244325573745,24.931919236128135,25.273452758789062,4400,0.0,0.0
2020-12-10 00:00:00-05:00,25.18562920851359,25.253935539200583,25.097806251570898,25.175870895385742,45900,0.0,0.0
2020-12-11 00:00:00-05:00,25.094879022690325,25.131959868759644,24.990468978881836,24.990468978881836,20700,0.0,0.0
2020-12-14 00:00:00-05:00,24.990469661388445,25.019742740889825,24.8831300733287,24.912405014038086,25400,0.0,0.0
2020-12-15 00:00:00-05:00,25.039258639228883,25.04901695251465,24.941677367579164,25.04901695251465,23500,0.0,0.0
2020-12-16 00:00:00-05:00,25.078292165594753,25.156356811523438,24.98071089288191,25.156356811523438,13100,0.0,0.0
2020-12-17 00:00:00-05:00,25.156356811523438,25.25393622302831,25.05877553881059,25.156356811523438,68700,0.0,0.0
2020-12-18 00:00:00-05:00,25.229539775347106,25.273451252231762,25.097805344693132,25.146596908569336,57200,0.0,0.0
2020-12-21 00:00:00-05:00,25.0978053822762,25.117322007855904,25.029499053955078,25.029499053955078,20300,0.0,0.0
2020-12-22 00:00:00-05:00,25.0978053822762,25.166113571805173,24.931917787264396,25.029499053955078,10500,0.0,0.0
2020-12-23 00:00:00-05:00,25.005105112398336,25.175870939414473,24.902645616188657,25.11732292175293,39500,0.0,0.0
2020-12-24 00:00:00-05:00,25.03925959205128,25.088049299128766,24.9904698849738,25.078292846679688,2100,0.0,0.0
2020-12-28 00:00:00-05:00,25.00998397122343,25.146598497501177,25.00998397122343,25.097806930541992,30300,0.0,0.0
2020-12-29 00:00:00-05:00,25.088047348472024,25.292968196922015,25.03925764518806,25.136838912963867,245800,0.0,0.0
2020-12-30 00:00:00-05:00,25.164161719105348,25.20514551700085,25.125128467086068,25.18562889099121,126000,0.0,0.0
2020-12-31 00:00:00-05:00,25.07829212032963,25.27345280419509,24.766031675970545,25.21490478515625,876100,0.0,0.0
2021-01-04 00:00:00-05:00,25.12708127904659,25.24417917578334,24.961193677707477,25.058774948120117,27900,0.0,0.0
2021-01-05 00:00:00-05:00,25.005105473332673,25.04901695251465,24.951435680864932,25.04901695251465,6600,0.0,0.0
2021-01-06 00:00:00-05:00,24.95143417437495,25.234419658952554,24.658692238308596,24.863611221313477,46800,0.0,0.0
2021-01-07 00:00:00-05:00,24.512322970946514,24.639177322387695,24.326918739263583,24.639177322387695,49400,0.0,0.0
2021-01-08 00:00:00-05:00,24.658691999471397,24.726998326478096,24.453771157243487,24.697723388671875,7300,0.0,0.0
2021-01-11 00:00:00-05:00,24.697726122293723,24.697726122293723,24.258613173844914,24.385467529296875,26100,0.0,0.0
2021-01-12 00:00:00-05:00,24.40498338283318,24.40498338283318,23.8585308624155,24.06344985961914,43600,0.0,0.0
2021-01-13 00:00:00-05:00,24.39522480146545,24.94167731588005,24.151272553450795,24.59038734436035,20700,0.0,0.0
2021-01-14 00:00:00-05:00,24.756275908011226,24.883130262969345,24.463532082310305,24.561113357543945,124200,0.0,0.0
2021-01-15 00:00:00-05:00,24.648936638436187,24.785549308808154,24.43425931910766,24.551355361938477,96300,0.0,0.0
2021-01-19 00:00:00-05:00,24.580629760029844,24.678211034371053,24.370830671619043,24.395225524902344,25700,0.0,0.0
2021-01-20 00:00:00-05:00,24.697724835754283,24.697724835754283,24.341554780345156,24.42449951171875,17900,0.0,0.0
2021-01-21 00:00:00-05:00,24.444015550181778,24.444015550181778,24.365950901932564,24.385467529296875,17100,0.0,0.0
2021-01-22 00:00:00-05:00,24.38644121233092,24.444013956456327,24.375707626342773,24.375707626342773,6800,0.0,0.0
2021-01-25 00:00:00-05:00,24.43425754826228,24.43425754826228,24.28300648759218,24.31715965270996,14800,0.0,0.0
2021-01-26 00:00:00-05:00,24.346434909867682,24.346434909867682,24.2781267175321,24.307401657104492,3400,0.0,0.0
2021-01-27 00:00:00-05:00,24.25861362049455,24.25861362049455,23.980508189660753,24.10150718688965,9300,0.0,0.0
2021-01-28 00:00:00-05:00,24.112238841584873,24.200061798095703,24.004901120122234,24.200061798095703,12400,0.0,0.0
2021-01-29 00:00:00-05:00,24.200061523706555,24.200061523706555,23.985384222007454,24.15127182006836,26800,0.0,0.0
2021-02-01 00:00:00-05:00,24.170789989900666,24.287886030594922,24.15127336271562,24.219579696655273,3400,0.0,0.0
2021-02-02 00:00:00-05:00,24.26837158203125,24.346436230584455,24.26837158203125,24.26837158203125,19100,0.0,0.0
2021-02-03 00:00:00-05:00,24.2781261662524,24.297642792190832,24.004900847945887,24.15127182006836,10000,0.0,0.0
2021-02-04 00:00:00-05:00,24.082966712709897,24.239096005725198,24.082966712709897,24.229337692260742,7700,0.0,0.0
2021-02-05 00:00:00-05:00,24.239096417798503,24.239096417798503,24.10248374938965,24.10248374938965,24800,0.0,0.0
2021-02-08 00:00:00-05:00,24.317158779558053,24.317158779558053,24.170787811279297,24.170787811279297,5300,0.0,0.0
2021-02-09 00:00:00-05:00,24.278127034862333,24.346435228090748,24.219579016160225,24.297643661499023,11800,0.0,0.0
2021-02-10 00:00:00-05:00,24.35619108746999,24.35619108746999,24.25373159193276,24.25861167907715,16700,0.0,0.0
2021-02-11 00:00:00-05:00,24.239096051717105,24.346435638821788,24.102483385371503,24.112239837646484,17300,0.0,0.0
2021-02-12 00:00:00-05:00,24.141514842283637,24.209821175638055,24.024418802592635,24.093700408935547,22900,0.0,0.0
2021-02-16 00:00:00-05:00,24.092725210960825,24.092725210960825,23.887804349051553,23.936595916748047,23500,0.0,0.0
2021-02-17 00:00:00-05:00,23.98538562323654,24.004902250315137,23.809739701945162,23.936595916748047,11200,0.0,0.0
2021-02-18 00:00:00-05:00,23.95611000061035,23.995143253656305,23.83120805776237,23.95611000061035,22100,0.0,0.0
2021-02-19 00:00:00-05:00,23.985385030400423,23.985385030400423,23.760949408167825,23.839014053344727,37000,0.0,0.0
2021-02-22 00:00:00-05:00,23.809737783186424,23.829254408692233,23.61457711175189,23.619455337524414,19800,0.0,0.0
2021-02-23 00:00:00-05:00,23.682886174390838,23.70728102848596,23.468206991454423,23.56578826904297,14200,0.0,0.0
2021-02-24 00:00:00-05:00,23.721916611007085,23.721916611007085,23.312076750647574,23.33647346496582,61200,0.0,0.0
2021-02-25 00:00:00-05:00,23.448689259147315,23.448689259147315,22.843686903584587,23.194978713989258,12900,0.0,0.0
2021-02-26 00:00:00-05:00,23.59733112926543,23.626987229125245,22.97452663435853,23.547901153564453,72700,0.307,0.0
2021-03-01 00:00:00-05:00,23.71595929982623,23.71595929982623,23.528129163284063,23.547901153564453,67400,0.0,0.0
2021-03-02 00:00:00-05:00,23.60721440944495,23.83458851855949,23.587444305419922,23.587444305419922,54100,0.0,0.0
2021-03-03 00:00:00-05:00,23.656644407488866,23.706072495942806,23.453986227930564,23.676416397094727,37000,0.0,0.0
2021-03-04 00:00:00-05:00,23.706072519892025,23.864244665777285,23.681358475640085,23.76538848876953,12200,0.0,0.0
2021-03-05 00:00:00-05:00,23.686300736512667,23.8543588786742,23.626986652679403,23.755502700805664,22000,0.0,0.0
2021-03-08 00:00:00-05:00,23.87413196802843,23.972990036010742,23.87413196802843,23.972990036010742,1000,0.0,0.0
2021-03-09 00:00:00-05:00,24.1015040159195,24.1015040159195,23.874131781231767,24.071847915649414,4600,0.0,0.0
2021-03-10 00:00:00-05:00,24.061962165359695,24.239906311035156,24.020442116110196,24.239906311035156,3700,0.0,0.0
2021-03-11 00:00:00-05:00,24.318991557578364,24.43761972693491,24.22507554748028,24.368419647216797,12700,0.0,0.0
2021-03-12 00:00:00-05:00,23.943330835449945,24.30910510276277,23.943330835449945,24.210247039794922,9900,0.0,0.0
2021-03-15 00:00:00-04:00,24.22013285198959,24.338762903768494,24.22013285198959,24.309104919433594,6100,0.0,0.0
2021-03-16 00:00:00-04:00,24.36841966901423,24.467277733940282,24.25572158813218,24.4573917388916,9900,0.0,0.0
2021-03-17 00:00:00-04:00,24.467277733940282,24.467277733940282,24.318991579331584,24.4573917388916,8400,0.0,0.0
2021-03-18 00:00:00-04:00,24.417850874924476,24.42773498491056,24.220134735107422,24.220134735107422,24100,0.0,0.0
2021-03-19 00:00:00-04:00,24.338763754565942,24.37830584950069,24.160819613457637,24.35853385925293,6800,0.0,0.0
2021-03-22 00:00:00-04:00,24.477163107985337,24.487049102783203,24.44256306897316,24.487049102783203,2200,0.0,0.0
2021-03-23 00:00:00-04:00,24.51670605232074,24.55625003288434,24.506821942740615,24.53647804260254,2600,0.0,0.0
2021-03-24 00:00:00-04:00,24.556250053792898,24.635336129426662,24.532524042546694,24.625450134277344,4900,0.0,0.0
2021-03-25 00:00:00-04:00,24.63533633677853,24.63533633677853,24.42773420801706,24.615564346313477,2600,0.0,0.0
2021-03-26 00:00:00-04:00,24.576021194458008,24.645221272550092,24.540431236038714,24.576021194458008,3500,0.0,0.0
2021-03-29 00:00:00-04:00,24.645222747381464,24.65510874278061,24.51571865888174,24.595792770385742,24200,0.0,0.0
2021-03-30 00:00:00-04:00,24.664993907439737,24.664993907439737,24.571077897091453,24.63533592224121,29400,0.0,0.0
2021-03-31 00:00:00-04:00,24.67487739538925,24.714421374657842,24.645221296498516,24.664993286132812,51900,0.0,0.0
2021-04-01 00:00:00-04:00,24.71442243322887,24.74408041895063,24.650164406945454,24.70453643798828,21300,0.0,0.0
2021-04-05 00:00:00-04:00,24.773736311337416,24.773736311337416,24.71442222595215,24.71442222595215,14900,0.0,0.0
2021-04-06 00:00:00-04:00,24.73419405182404,24.981338272440443,24.71343402779918,24.902252197265625,20800,0.0,0.0
2021-04-07 00:00:00-04:00,24.872593546616244,25.001109593812835,24.83305145286702,24.84293556213379,6000,0.0,0.0
2021-04-08 00:00:00-04:00,24.882481036252923,24.97145310948455,24.815257021611846,24.862709045410156,4600,0.0,0.0
2021-04-09 00:00:00-04:00,24.941794270553736,24.941794270553736,24.81328010559082,24.81328010559082,2800,0.0,0.0
2021-04-12 00:00:00-04:00,24.84293726194238,24.85282325744629,24.813281160991508,24.85282325744629,1700,0.0,0.0
2021-04-13 00:00:00-04:00,24.783622120340567,24.852822200363732,24.783622120340567,24.81328010559082,6100,0.0,0.0
2021-04-14 00:00:00-04:00,24.82316610067424,24.886434206535203,24.793508115423986,24.81328010559082,10200,0.0,0.0
2021-04-15 00:00:00-04:00,24.902252197265625,24.9516802871646,24.892366202173676,24.902252197265625,3200,0.0,0.0
2021-04-16 00:00:00-04:00,24.99122447548306,24.99122447548306,24.763850357597825,24.892366409301758,7500,0.0,0.0
2021-04-19 00:00:00-04:00,24.922022301888756,24.922022301888756,24.902252197265625,24.902252197265625,2400,0.0,0.0
2021-04-20 00:00:00-04:00,24.92993243673944,24.961566489960436,24.813280333468867,24.892366409301758,14300,0.0,0.0
2021-04-21 00:00:00-04:00,24.892366824051877,24.892366824051877,24.813280746901277,24.872594833374023,15200,0.0,0.0
2021-04-22 00:00:00-04:00,24.85282325744629,24.902253234965823,24.823167156495412,24.85282325744629,6900,0.0,0.0
2021-04-23 00:00:00-04:00,24.892367257127326,24.951681344632014,24.86270927059456,24.941795349121094,11100,0.0,0.0
2021-04-26 00:00:00-04:00,24.95168007970775,24.961566074717503,24.892365995209985,24.912137985229492,29100,0.0,0.0
2021-04-27 00:00:00-04:00,24.98133891574188,24.98133891574188,24.9269668841164,24.961566925048828,3900,0.0,0.0
2021-04-28 00:00:00-04:00,24.981339123371036,24.981339123371036,24.86270906378757,24.95168113708496,3700,0.0,0.0
2021-04-29 00:00:00-04:00,24.941793675881065,24.941793675881065,24.877537537712012,24.930919647216797,2500,0.0,0.0
2021-04-30 00:00:00-04:00,24.922022258730287,24.922022258730287,24.724308013916016,24.724308013916016,23900,0.0,0.0
2021-05-03 00:00:00-04:00,25.001111322186627,25.001111322186627,24.85776721561952,24.941795349121094,7300,0.0,0.0
2021-05-04 00:00:00-04:00,24.941794084698,24.961566074717503,24.882480000200236,24.912137985229492,8400,0.0,0.0
2021-05-05 00:00:00-04:00,24.981339220098402,25.040653307339383,24.85776710510254,24.85776710510254,12900,0.0,0.0
2021-05-06 00:00:00-04:00,24.912138607107497,25.06042476483393,24.82316653535948,24.88248062133789,7300,0.0,0.0
2021-05-07 00:00:00-04:00,24.961566510611785,25.050538581692493,24.961566510611785,24.981338500976562,4800,0.0,0.0
2021-05-10 00:00:00-04:00,25.05053837398216,25.05053837398216,24.912138213697865,24.99122428894043,6800,0.0,0.0
2021-05-11 00:00:00-04:00,24.971451839256243,24.971451839256243,24.814267725505164,24.833051681518555,4300,0.0,0.0
2021-05-12 00:00:00-04:00,24.78362247379089,24.78362247379089,24.526592254638672,24.526592254638672,17700,0.0,0.0
2021-05-13 00:00:00-04:00,24.655107705188176,24.902251923083437,24.625449720238876,24.645221710205078,7800,0.0,0.0
2021-05-14 00:00:00-04:00,24.882481226172725,24.882481226172725,24.694651082854442,24.763851165771484,2300,0.0,0.0
2021-05-17 00:00:00-04:00,24.882479595980204,24.882479595980204,24.840959548950195,24.840959548950195,1800,0.0,0.0
2021-05-18 00:00:00-04:00,24.882481054644952,24.95168113708496,24.714422903478862,24.95168113708496,3200,0.0,0.0
2021-05-19 00:00:00-04:00,24.912138399650175,24.912138399650175,24.84985644149658,24.892366409301758,3500,0.0,0.0
2021-05-20 00:00:00-04:00,24.902253270185042,25.0307674407959,24.902253270185042,25.0307674407959,1500,0.0,0.0
2021-05-21 00:00:00-04:00,25.040653002260214,25.040653002260214,24.934874926169293,24.961566925048828,5800,0.0,0.0
2021-05-24 00:00:00-04:00,25.0307668385627,25.149396896362305,25.0307668385627,25.149396896362305,1400,0.0,0.0
2021-05-25 00:00:00-04:00,25.149396000951587,25.149396000951587,24.993199920873323,25.01099395751953,6900,0.0,0.0
2021-05-26 00:00:00-04:00,25.10985196526435,25.114795905497726,24.923999786376953,24.923999786376953,3000,0.0,0.0
2021-05-27 00:00:00-04:00,25.139999389648438,25.219999313354492,25.066999435424805,25.170000076293945,3600,0.288,0.0
2021-05-28 00:00:00-04:00,25.219999313354492,25.260000228881836,25.209999084472656,25.219999313354492,33200,0.0,0.0
2021-06-01 00:00:00-04:00,25.200000762939453,25.200000762939453,25.1200008392334,25.200000762939453,5500,0.0,0.0
2021-06-02 00:00:00-04:00,25.200000762939453,25.25,25.15999984741211,25.225000381469727,14800,0.0,0.0
2021-06-03 00:00:00-04:00,25.290000915527344,25.299999237060547,25.191999435424805,25.299999237060547,6400,0.0,0.0
2021-06-04 00:00:00-04:00,25.299999237060547,25.299999237060547,25.235000610351562,25.25,3500,0.0,0.0
2021-06-07 00:00:00-04:00,25.260000228881836,25.290000915527344,25.21299934387207,25.25,9300,0.0,0.0
2021-06-08 00:00:00-04:00,25.25,25.299999237060547,25.23699951171875,25.299999237060547,4300,0.0,0.0
2021-06-09 00:00:00-04:00,25.299999237060547,25.299999237060547,25.239999771118164,25.270000457763672,23800,0.0,0.0
2021-06-10 00:00:00-04:00,25.264999389648438,25.264999389648438,25.195999145507812,25.239999771118164,2600,0.0,0.0
2021-06-11 00:00:00-04:00,25.25,25.280000686645508,25.200000762939453,25.25,5200,0.0,0.0
2021-06-14 00:00:00-04:00,25.280000686645508,25.280000686645508,25.150999069213867,25.25,4800,0.0,0.0
2021-06-15 00:00:00-04:00,25.299999237060547,25.350000381469727,25.253000259399414,25.274999618530273,21900,0.0,0.0
2021-06-16 00:00:00-04:00,25.31999969482422,25.34000015258789,25.295000076293945,25.299999237060547,14800,0.0,0.0
2021-06-17 00:00:00-04:00,25.31999969482422,25.405000686645508,25.264999389648438,25.3700008392334,8800,0.0,0.0
2021-06-18 00:00:00-04:00,25.3700008392334,25.389999389648438,25.209999084472656,25.3700008392334,10200,0.0,0.0
2021-06-21 00:00:00-04:00,25.3799991607666,25.5,25.3439998626709,25.489999771118164,16900,0.0,0.0
2021-06-22 00:00:00-04:00,25.489999771118164,25.5,25.389999389648438,25.5,18800,0.0,0.0
2021-06-23 00:00:00-04:00,25.5,25.645999908447266,25.5,25.549999237060547,7000,0.0,0.0
2021-06-24 00:00:00-04:00,25.549999237060547,25.549999237060547,25.440000534057617,25.510000228881836,8600,0.0,0.0
2021-06-25 00:00:00-04:00,25.579999923706055,25.579999923706055,25.440000534057617,25.450000762939453,5800,0.0,0.0
2021-06-28 00:00:00-04:00,25.5,25.520000457763672,25.3799991607666,25.469999313354492,28500,0.0,0.0
2021-06-29 00:00:00-04:00,25.510000228881836,25.510000228881836,25.350000381469727,25.450000762939453,10200,0.0,0.0
2021-06-30 00:00:00-04:00,25.450000762939453,25.459999084472656,25.375,25.43000030517578,184000,0.0,0.0
2021-07-01 00:00:00-04:00,25.450000762939453,25.56999969482422,25.399999618530273,25.479000091552734,28300,0.0,0.0
2021-07-02 00:00:00-04:00,25.440000534057617,25.6299991607666,25.440000534057617,25.618000030517578,32600,0.0,0.0
2021-07-06 00:00:00-04:00,25.6299991607666,25.670000076293945,25.540000915527344,25.670000076293945,12100,0.0,0.0
2021-07-07 00:00:00-04:00,25.719999313354492,25.719999313354492,25.673999786376953,25.719999313354492,8900,0.0,0.0
2021-07-08 00:00:00-04:00,25.709999084472656,25.760000228881836,25.625,25.760000228881836,3200,0.0,0.0
2021-07-09 00:00:00-04:00,25.760000228881836,25.84000015258789,25.634000778198242,25.809999465942383,13800,0.0,0.0
2021-07-12 00:00:00-04:00,25.709999084472656,25.836000442504883,25.709999084472656,25.815000534057617,6500,0.0,0.0
2021-07-13 00:00:00-04:00,25.799999237060547,25.809999465942383,25.700000762939453,25.729999542236328,26000,0.0,0.0
2021-07-14 00:00:00-04:00,25.770000457763672,25.84000015258789,25.701000213623047,25.84000015258789,23200,0.0,0.0
2021-07-15 00:00:00-04:00,25.850000381469727,25.899999618530273,25.850000381469727,25.898000717163086,8400,0.0,0.0
2021-07-16 00:00:00-04:00,25.889999389648438,25.889999389648438,25.790000915527344,25.850000381469727,16300,0.0,0.0
2021-07-19 00:00:00-04:00,25.670000076293945,25.889999389648438,25.534000396728516,25.610000610351562,2400,0.0,0.0
2021-07-20 00:00:00-04:00,25.670000076293945,25.950000762939453,25.649999618530273,25.950000762939453,19600,0.0,0.0
2021-07-21 00:00:00-04:00,25.950000762939453,25.950000762939453,25.770000457763672,25.920000076293945,3800,0.0,0.0
2021-07-22 00:00:00-04:00,25.93000030517578,25.93000030517578,25.700000762939453,25.829999923706055,3700,0.0,0.0
2021-07-23 00:00:00-04:00,25.829999923706055,25.93000030517578,25.739999771118164,25.860000610351562,4700,0.0,0.0
2021-07-26 00:00:00-04:00,25.889999389648438,25.940000534057617,25.812000274658203,25.940000534057617,3000,0.0,0.0
2021-07-27 00:00:00-04:00,25.969999313354492,25.969999313354492,25.81999969482422,25.920000076293945,3100,0.0,0.0
2021-07-28 00:00:00-04:00,25.940000534057617,25.979999542236328,25.77400016784668,25.979999542236328,3900,0.0,0.0
2021-07-29 00:00:00-04:00,25.979999542236328,26.100000381469727,25.951000213623047,26.049999237060547,9700,0.0,0.0
2021-07-30 00:00:00-04:00,26.09000015258789,26.15999984741211,25.790000915527344,26.049999237060547,5500,0.0,0.0
2021-08-02 00:00:00-04:00,26.1200008392334,26.1200008392334,25.799999237060547,25.999000549316406,6800,0.0,0.0
2021-08-03 00:00:00-04:00,26.100000381469727,26.1299991607666,25.8700008392334,26.049999237060547,54200,0.0,0.0
2021-08-04 00:00:00-04:00,25.989999771118164,26.285999298095703,25.989999771118164,26.100000381469727,120600,0.0,0.0
2021-08-05 00:00:00-04:00,26.200000762939453,26.260000228881836,26.100000381469727,26.149999618530273,10000,0.0,0.0
2021-08-06 00:00:00-04:00,26.25,26.2549991607666,26.15999984741211,26.200000762939453,13000,0.0,0.0
2021-08-09 00:00:00-04:00,26.190000534057617,26.200000762939453,26.100000381469727,26.100000381469727,3900,0.0,0.0
2021-08-10 00:00:00-04:00,26.170000076293945,26.170000076293945,25.899999618530273,26.09000015258789,19300,0.0,0.0
2021-08-11 00:00:00-04:00,26.1200008392334,26.18899917602539,26.100000381469727,26.18000030517578,2200,0.0,0.0
2021-08-12 00:00:00-04:00,26.18000030517578,26.31999969482422,26.139999389648438,26.200000762939453,15900,0.0,0.0
2021-08-13 00:00:00-04:00,26.309999465942383,26.3700008392334,26.149999618530273,26.200000762939453,9400,0.0,0.0
2021-08-16 00:00:00-04:00,26.229999542236328,26.3799991607666,26.191999435424805,26.200000762939453,5900,0.0,0.0
2021-08-17 00:00:00-04:00,26.219999313354492,26.219999313354492,26.190000534057617,26.200000762939453,22300,0.0,0.0
2021-08-18 00:00:00-04:00,26.209999084472656,26.222999572753906,26.124000549316406,26.209999084472656,36700,0.0,0.0
2021-08-19 00:00:00-04:00,26.219999313354492,26.219999313354492,26.141000747680664,26.200000762939453,3600,0.0,0.0
2021-08-20 00:00:00-04:00,26.219999313354492,26.229999542236328,26.1299991607666,26.200000762939453,5000,0.0,0.0
2021-08-23 00:00:00-04:00,26.25,26.25,26.233999252319336,26.25,1500,0.0,0.0
2021-08-24 00:00:00-04:00,26.31999969482422,26.31999969482422,26.239999771118164,26.25,3500,0.0,0.0
2021-08-25 00:00:00-04:00,26.280000686645508,26.290000915527344,26.18000030517578,26.25,9700,0.0,0.0
2021-08-26 00:00:00-04:00,26.260000228881836,26.260000228881836,26.260000228881836,26.260000228881836,500,0.0,0.0
2021-08-27 00:00:00-04:00,26.229999542236328,26.299999237060547,26.229999542236328,26.239999771118164,4200,0.0,0.0
2021-08-30 00:00:00-04:00,26.100000381469727,26.100000381469727,26.020000457763672,26.02199935913086,8700,0.0,0.0
2021-08-31 00:00:00-04:00,26.020000457763672,26.040000915527344,25.969999313354492,26.0,7500,0.0,0.0
2021-09-01 00:00:00-04:00,26.059999465942383,26.170000076293945,25.979999542236328,26.040000915527344,42800,0.0,0.0
2021-09-02 00:00:00-04:00,26.200000762939453,26.200000762939453,26.049999237060547,26.079999923706055,18700,0.0,0.0
2021-09-03 00:00:00-04:00,26.100000381469727,26.1299991607666,26.079999923706055,26.1299991607666,1800,0.0,0.0
2021-09-07 00:00:00-04:00,26.149999618530273,26.219999313354492,26.110000610351562,26.219999313354492,2500,0.0,0.0
2021-09-08 00:00:00-04:00,26.219999313354492,26.219999313354492,26.100000381469727,26.100000381469727,1300,0.0,0.0
2021-09-09 00:00:00-04:00,26.209999084472656,26.209999084472656,26.006999969482422,26.020000457763672,16500,0.0,0.0
2021-09-10 00:00:00-04:00,26.09000015258789,26.219999313354492,26.003999710083008,26.209999084472656,3000,0.0,0.0
2021-09-13 00:00:00-04:00,26.100000381469727,26.100000381469727,26.0,26.0,5300,0.0,0.0
2021-09-14 00:00:00-04:00,26.049999237060547,26.09000015258789,25.832000732421875,25.899999618530273,56800,0.0,0.0
2021-09-15 00:00:00-04:00,26.040000915527344,26.049999237060547,25.950000762939453,25.985000610351562,5500,0.0,0.0
2021-09-16 00:00:00-04:00,25.969999313354492,26.020000457763672,25.969999313354492,26.010000228881836,9700,0.0,0.0
2021-09-17 00:00:00-04:00,26.049999237060547,26.049999237060547,26.033000946044922,26.040000915527344,3000,0.0,0.0
2021-09-20 00:00:00-04:00,26.040000915527344,26.040000915527344,25.940000534057617,25.989999771118164,2800,0.0,0.0
2021-09-21 00:00:00-04:00,25.989999771118164,25.989999771118164,25.91900062561035,25.940000534057617,1400,0.0,0.0
2021-09-22 00:00:00-04:00,26.030000686645508,26.219999313354492,25.913000106811523,26.219999313354492,41900,0.0,0.0
2021-09-23 00:00:00-04:00,26.290000915527344,26.290000915527344,26.011999130249023,26.011999130249023,2300,0.0,0.0
2021-09-24 00:00:00-04:00,26.010000228881836,26.045000076293945,25.924999237060547,26.010000228881836,6200,0.0,0.0
2021-09-27 00:00:00-04:00,26.0,26.0,25.8799991607666,25.93000030517578,6000,0.0,0.0
2021-09-28 00:00:00-04:00,25.920000076293945,25.920000076293945,25.549999237060547,25.732999801635742,3500,0.0,0.0
2021-09-29 00:00:00-04:00,25.829999923706055,25.88800048828125,25.81999969482422,25.88800048828125,1400,0.0,0.0
2021-09-30 00:00:00-04:00,26.06999969482422,26.06999969482422,25.889999389648438,26.030000686645508,3600,0.0,0.0
2021-10-01 00:00:00-04:00,26.059999465942383,26.059999465942383,25.920000076293945,25.920000076293945,600,0.0,0.0
2021-10-04 00:00:00-04:00,26.020000457763672,26.020000457763672,25.700000762939453,25.739999771118164,3900,0.0,0.0
2021-10-05 00:00:00-04:00,25.860000610351562,25.899999618530273,25.6299991607666,25.65999984741211,6500,0.0,0.0
2021-10-06 00:00:00-04:00,25.700000762939453,25.889999389648438,25.55500030517578,25.6200008392334,10200,0.0,0.0
2021-10-07 00:00:00-04:00,25.75,25.75,25.549999237060547,25.549999237060547,1100,0.0,0.0
2021-10-08 00:00:00-04:00,25.690000534057617,25.75,25.479999542236328,25.479999542236328,6200,0.0,0.0
2021-10-11 00:00:00-04:00,25.6200008392334,25.6200008392334,25.45800018310547,25.479999542236328,6600,0.0,0.0
2021-10-12 00:00:00-04:00,25.40999984741211,25.639999389648438,25.40999984741211,25.579999923706055,57800,0.0,0.0
2021-10-13 00:00:00-04:00,25.549999237060547,25.6299991607666,25.469999313354492,25.5,56400,0.0,0.0
2021-10-14 00:00:00-04:00,25.649999618530273,25.709999084472656,25.399999618530273,25.709999084472656,37200,0.0,0.0
2021-10-15 00:00:00-04:00,25.729999542236328,25.790000915527344,25.415000915527344,25.440000534057617,27300,0.0,0.0
2021-10-18 00:00:00-04:00,25.31999969482422,25.450000762939453,25.299999237060547,25.299999237060547,6800,0.0,0.0
2021-10-19 00:00:00-04:00,25.350000381469727,25.479999542236328,25.25,25.290000915527344,7200,0.0,0.0
2021-10-20 00:00:00-04:00,25.3799991607666,25.5,25.3799991607666,25.5,5400,0.0,0.0
2021-10-21 00:00:00-04:00,25.489999771118164,25.5,25.440000534057617,25.440000534057617,2200,0.0,0.0
2021-10-22 00:00:00-04:00,25.520000457763672,25.520000457763672,25.43000030517578,25.43000030517578,13400,0.0,0.0
2021-10-25 00:00:00-04:00,25.485000610351562,25.485000610351562,25.399999618530273,25.450000762939453,1600,0.0,0.0
2021-10-26 00:00:00-04:00,25.540000915527344,25.540000915527344,25.450000762939453,25.479999542236328,2700,0.0,0.0
2021-10-27 00:00:00-04:00,25.520000457763672,25.520000457763672,25.450000762939453,25.5,13000,0.0,0.0
2021-10-28 00:00:00-04:00,25.559999465942383,25.559999465942383,25.459999084472656,25.459999084472656,1500,0.0,0.0
2021-10-29 00:00:00-04:00,25.450000762939453,25.5,25.450000762939453,25.489999771118164,9800,0.0,0.0
2021-11-01 00:00:00-04:00,25.469999313354492,25.6200008392334,25.469999313354492,25.584999084472656,7700,0.0,0.0
2021-11-02 00:00:00-04:00,25.649999618530273,25.649999618530273,25.489999771118164,25.5,8500,0.0,0.0
2021-11-03 00:00:00-04:00,25.520000457763672,25.56999969482422,25.469999313354492,25.5,6000,0.0,0.0
2021-11-04 00:00:00-04:00,25.520000457763672,25.56999969482422,25.499000549316406,25.5,33500,0.0,0.0
2021-11-05 00:00:00-04:00,25.549999237060547,25.665000915527344,25.479999542236328,25.5,21000,0.0,0.0
2021-11-08 00:00:00-05:00,25.549999237060547,25.549999237060547,25.479999542236328,25.5,3700,0.0,0.0
2021-11-09 00:00:00-05:00,25.520000457763672,25.520000457763672,25.459999084472656,25.5,3800,0.0,0.0
2021-11-10 00:00:00-05:00,25.520000457763672,25.520000457763672,25.1200008392334,25.224000930786133,7300,0.0,0.0
2021-11-11 00:00:00-05:00,25.290000915527344,25.299999237060547,25.1299991607666,25.1299991607666,2500,0.0,0.0
2021-11-12 00:00:00-05:00,25.280000686645508,25.309999465942383,25.1200008392334,25.218000411987305,6900,0.0,0.0
2021-11-15 00:00:00-05:00,25.239999771118164,25.239999771118164,25.100000381469727,25.100000381469727,4000,0.0,0.0
2021-11-16 00:00:00-05:00,25.100000381469727,25.209999084472656,25.049999237060547,25.049999237060547,7600,0.0,0.0
2021-11-17 00:00:00-05:00,25.0,25.1200008392334,25.0,25.051000595092773,3500,0.0,0.0
2021-11-18 00:00:00-05:00,25.09000015258789,25.141000747680664,24.89900016784668,24.969999313354492,5700,0.0,0.0
2021-11-19 00:00:00-05:00,24.989999771118164,25.1200008392334,24.924999237060547,25.020000457763672,13000,0.0,0.0
2021-11-22 00:00:00-05:00,25.049999237060547,25.139999389648438,24.969999313354492,25.059999465942383,21200,0.0,0.0
2021-11-23 00:00:00-05:00,24.989999771118164,25.038999557495117,24.809999465942383,24.89699935913086,19900,0.0,0.0
2021-11-24 00:00:00-05:00,24.950000762939453,25.03499984741211,24.950000762939453,25.0,25200,0.0,0.0
2021-11-26 00:00:00-05:00,24.950000762939453,24.979999542236328,24.899999618530273,24.950000762939453,123000,0.0,0.0
2021-11-29 00:00:00-05:00,24.93000030517578,25.079999923706055,24.8799991607666,25.040000915527344,44500,0.0,0.0
2021-11-30 00:00:00-05:00,24.93000030517578,24.989999771118164,24.864999771118164,24.864999771118164,9700,0.0,0.0
2021-12-01 00:00:00-05:00,25.110000610351562,25.309999465942383,25.110000610351562,25.229999542236328,5700,0.0,0.0
2021-12-02 00:00:00-05:00,25.239999771118164,25.239999771118164,25.059999465942383,25.22100067138672,1600,0.0,0.0
2021-12-03 00:00:00-05:00,25.25200080871582,25.329999923706055,25.149999618530273,25.329999923706055,2500,0.0,0.0
2021-12-06 00:00:00-05:00,25.329999923706055,25.399999618530273,25.200000762939453,25.399999618530273,3700,0.0,0.0
2021-12-07 00:00:00-05:00,25.40999984741211,25.450000762939453,25.395999908447266,25.395999908447266,2000,0.0,0.0
2021-12-08 00:00:00-05:00,25.513999938964844,25.513999938964844,25.399999618530273,25.469999313354492,11300,0.0,0.0
2021-12-09 00:00:00-05:00,25.450000762939453,25.450000762939453,25.43000030517578,25.43000030517578,3100,0.0,0.0
2021-12-10 00:00:00-05:00,25.489999771118164,25.489999771118164,25.25,25.25,2700,0.0,0.0
2021-12-13 00:00:00-05:00,25.399999618530273,25.420000076293945,25.323999404907227,25.399999618530273,1500,0.0,0.0
2021-12-14 00:00:00-05:00,25.399999618530273,25.399999618530273,25.277999877929688,25.350000381469727,2800,0.0,0.0
2021-12-15 00:00:00-05:00,25.3700008392334,25.3700008392334,25.309999465942383,25.319000244140625,1100,0.0,0.0
2021-12-16 00:00:00-05:00,25.299999237060547,25.584999084472656,25.28499984741211,25.55500030517578,20100,0.0,0.0
2021-12-17 00:00:00-05:00,25.549999237060547,25.559999465942383,25.389999389648438,25.520000457763672,12600,0.0,0.0
2021-12-20 00:00:00-05:00,25.469999313354492,25.510000228881836,25.450000762939453,25.510000228881836,1800,0.0,0.0
2021-12-21 00:00:00-05:00,25.56999969482422,25.56999969482422,25.469999313354492,25.489999771118164,6500,0.0,0.0
2021-12-22 00:00:00-05:00,25.56999969482422,25.709999084472656,25.549999237060547,25.6299991607666,5400,0.0,0.0
2021-12-23 00:00:00-05:00,25.770000457763672,25.81399917602539,25.579999923706055,25.59000015258789,4100,0.0,0.0
2021-12-27 00:00:00-05:00,25.75,25.75,25.559999465942383,25.559999465942383,2700,0.0,0.0
2021-12-28 00:00:00-05:00,25.639999389648438,25.719999313354492,25.617000579833984,25.617000579833984,1300,0.0,0.0
2021-12-29 00:00:00-05:00,25.600000381469727,25.770000457763672,25.59000015258789,25.68000030517578,4100,0.0,0.0
2021-12-30 00:00:00-05:00,25.770000457763672,25.84000015258789,25.71500015258789,25.71500015258789,900,0.0,0.0
2021-12-31 00:00:00-05:00,25.860000610351562,25.899999618530273,25.820999145507812,25.899999618530273,1400,0.0,0.0
2022-01-03 00:00:00-05:00,25.889999389648438,25.889999389648438,25.78499984741211,25.829999923706055,1800,0.0,0.0
2022-01-04 00:00:00-05:00,25.68000030517578,25.75,25.60099983215332,25.610000610351562,5200,0.0,0.0
2022-01-05 00:00:00-05:00,25.6200008392334,25.740999221801758,25.329999923706055,25.360000610351562,6300,0.0,0.0
2022-01-06 00:00:00-05:00,25.420000076293945,25.469999313354492,25.290000915527344,25.469999313354492,3600,0.0,0.0
2022-01-07 00:00:00-05:00,27.360000610351562,27.360000610351562,25.40999984741211,25.56999969482422,5900,0.0,0.0
2022-01-10 00:00:00-05:00,25.510000228881836,25.68000030517578,25.450000762939453,25.520000457763672,3400,0.0,0.0
2022-01-11 00:00:00-05:00,25.469999313354492,25.815000534057617,25.459999084472656,25.690000534057617,6900,0.0,0.0
2022-01-12 00:00:00-05:00,25.71299934387207,25.774999618530273,25.5,25.5,3500,0.0,0.0
2022-01-13 00:00:00-05:00,25.85700035095215,25.85700035095215,25.639999389648438,25.639999389648438,2700,0.0,0.0
2022-01-14 00:00:00-05:00,25.450000762939453,25.579999923706055,25.450000762939453,25.510000228881836,1200,0.0,0.0
2022-01-18 00:00:00-05:00,25.440000534057617,25.63800048828125,25.270000457763672,25.280000686645508,5700,0.0,0.0
2022-01-19 00:00:00-05:00,25.229999542236328,25.399999618530273,25.18000030517578,25.200000762939453,3600,0.0,0.0
2022-01-20 00:00:00-05:00,25.350000381469727,25.3799991607666,25.160999298095703,25.160999298095703,4900,0.0,0.0
2022-01-21 00:00:00-05:00,25.110000610351562,25.280000686645508,25.110000610351562,25.172000885009766,3300,0.0,0.0
2022-01-24 00:00:00-05:00,25.1299991607666,25.1299991607666,24.950000762939453,24.950000762939453,6600,0.0,0.0
2022-01-25 00:00:00-05:00,25.047000885009766,25.047000885009766,24.8799991607666,24.899999618530273,4600,0.0,0.0
2022-01-26 00:00:00-05:00,24.8799991607666,25.040000915527344,24.489999771118164,24.5,6800,0.0,0.0
2022-01-27 00:00:00-05:00,24.579999923706055,24.902999877929688,23.68000030517578,23.709999084472656,11000,0.0,0.0
2022-01-28 00:00:00-05:00,23.799999237060547,24.020000457763672,23.295000076293945,23.829999923706055,10400,0.0,0.0
2022-01-31 00:00:00-05:00,24.010000228881836,24.010000228881836,23.84000015258789,23.899999618530273,5300,0.0,0.0
2022-02-01 00:00:00-05:00,24.09000015258789,24.229999542236328,24.079999923706055,24.110000610351562,7000,0.0,0.0
2022-02-02 00:00:00-05:00,24.125,24.18000030517578,24.0,24.0,10200,0.0,0.0
2022-02-03 00:00:00-05:00,23.75,23.839000701904297,23.594999313354492,23.770000457763672,5200,0.0,0.0
2022-02-04 00:00:00-05:00,23.729999542236328,23.729999542236328,23.402000427246094,23.402000427246094,8100,0.0,0.0
2022-02-07 00:00:00-05:00,23.579999923706055,23.579999923706055,23.309999465942383,23.31999969482422,4300,0.0,0.0
2022-02-08 00:00:00-05:00,23.459999084472656,23.459999084472656,23.136999130249023,23.136999130249023,4300,0.0,0.0
2022-02-09 00:00:00-05:00,23.200000762939453,23.273000717163086,22.940000534057617,22.989999771118164,7900,0.0,0.0
2022-02-10 00:00:00-05:00,22.89699935913086,23.229999542236328,22.565000534057617,22.690000534057617,7500,0.0,0.0
2022-02-11 00:00:00-05:00,22.889999389648438,23.979999542236328,22.3700008392334,22.549999237060547,7400,0.0,0.0
2022-02-14 00:00:00-05:00,22.326000213623047,22.326000213623047,22.059999465942383,22.19700050354004,3800,0.0,0.0
2022-02-15 00:00:00-05:00,21.93000030517578,22.25,21.93000030517578,22.202999114990234,7100,0.0,0.0
2022-02-16 00:00:00-05:00,22.069000244140625,22.299999237060547,21.832000732421875,22.260000228881836,8900,0.0,0.0
2022-02-17 00:00:00-05:00,22.25,22.7549991607666,22.15999984741211,22.170000076293945,9400,0.0,0.0
2022-02-18 00:00:00-05:00,22.510000228881836,22.549999237060547,22.010000228881836,22.100000381469727,7800,0.0,0.0
2022-02-22 00:00:00-05:00,22.100000381469727,22.100000381469727,22.017000198364258,22.020000457763672,2200,0.0,0.0
2022-02-23 00:00:00-05:00,22.059999465942383,22.059999465942383,21.910999298095703,21.9950008392334,2800,0.0,0.0
2022-02-24 00:00:00-05:00,21.780000686645508,22.02400016784668,21.53700065612793,21.899999618530273,4300,0.0,0.0
2022-02-25 00:00:00-05:00,21.829999923706055,22.059999465942383,21.549999237060547,22.040000915527344,6400,0.0,0.0
2022-02-28 00:00:00-05:00,22.030000686645508,22.40999984741211,21.93000030517578,22.219999313354492,12500,0.0,0.0
2022-03-01 00:00:00-05:00,22.280000686645508,22.315000534057617,21.882999420166016,22.200000762939453,6900,0.0,0.0
2022-03-02 00:00:00-05:00,22.010000228881836,22.309999465942383,21.934999465942383,22.239999771118164,11700,0.0,0.0
2022-03-03 00:00:00-05:00,22.239999771118164,22.270000457763672,21.950000762939453,22.0,7300,0.0,0.0
2022-03-04 00:00:00-05:00,22.069000244140625,22.069000244140625,21.799999237060547,21.93199920654297,1600,0.0,0.0
2022-03-07 00:00:00-05:00,21.799999237060547,22.100000381469727,21.56999969482422,21.649999618530273,12300,0.0,0.0
2022-03-08 00:00:00-05:00,21.729999542236328,22.033000946044922,21.489999771118164,21.56999969482422,3200,0.0,0.0
2022-03-09 00:00:00-05:00,21.65999984741211,21.8700008392334,21.549999237060547,21.636999130249023,4300,0.0,0.0
2022-03-10 00:00:00-05:00,21.701000213623047,21.70199966430664,21.549999237060547,21.56999969482422,1200,0.0,0.0
2022-03-11 00:00:00-05:00,21.5,21.559999465942383,21.3799991607666,21.3799991607666,4700,0.0,0.0
2022-03-14 00:00:00-04:00,21.420000076293945,21.420000076293945,20.65999984741211,20.65999984741211,8600,0.0,0.0
2022-03-15 00:00:00-04:00,20.639999389648438,20.950000762939453,20.639999389648438,20.889999389648438,7400,0.0,0.0
2022-03-16 00:00:00-04:00,21.12299919128418,21.12299919128418,21.010000228881836,21.040000915527344,1500,0.0,0.0
2022-03-17 00:00:00-04:00,21.100000381469727,21.297000885009766,21.100000381469727,21.18000030517578,1300,0.0,0.0
2022-03-18 00:00:00-04:00,21.398000717163086,21.60300064086914,21.343000411987305,21.461000442504883,3500,0.0,0.0
2022-03-21 00:00:00-04:00,21.5,21.5,21.200000762939453,21.34000015258789,2600,0.0,0.0
2022-03-22 00:00:00-04:00,21.34000015258789,21.34000015258789,20.8799991607666,21.139999389648438,2600,0.0,0.0
2022-03-23 00:00:00-04:00,21.260000228881836,21.277000427246094,21.260000228881836,21.277000427246094,1700,0.0,0.0
2022-03-24 00:00:00-04:00,21.260000228881836,21.260000228881836,21.010000228881836,21.145999908447266,4700,0.0,0.0
2022-03-25 00:00:00-04:00,20.979999542236328,20.989999771118164,20.81999969482422,20.889999389648438,5300,0.0,0.0
2022-03-28 00:00:00-04:00,20.8799991607666,21.09000015258789,20.6200008392334,20.6200008392334,14300,0.0,0.0
2022-03-29 00:00:00-04:00,20.6299991607666,21.110000610351562,20.6299991607666,21.06999969482422,3100,0.0,0.0
2022-03-30 00:00:00-04:00,21.43000030517578,21.43000030517578,21.12299919128418,21.260000228881836,2200,0.0,0.0
2022-03-31 00:00:00-04:00,21.100000381469727,21.55299949645996,20.950000762939453,20.950000762939453,145900,0.0,0.0
2022-04-01 00:00:00-04:00,21.049999237060547,21.107999801635742,20.950000762939453,21.079999923706055,16300,0.0,0.0
2022-04-04 00:00:00-04:00,21.06999969482422,21.209999084472656,20.85700035095215,21.100000381469727,31200,0.0,0.0
2022-04-05 00:00:00-04:00,21.09000015258789,21.09000015258789,20.600000381469727,20.600000381469727,20600,0.0,0.0
2022-04-06 00:00:00-04:00,20.299999237060547,20.56800079345703,20.25,20.56800079345703,5700,0.0,0.0
2022-04-07 00:00:00-04:00,20.579999923706055,20.8700008392334,20.270000457763672,20.8700008392334,8000,0.0,0.0
2022-04-08 00:00:00-04:00,20.860000610351562,20.889999389648438,20.450000762939453,20.5,5400,0.0,0.0
2022-04-11 00:00:00-04:00,20.5,20.5,20.079999923706055,20.079999923706055,8500,0.0,0.0
2022-04-12 00:00:00-04:00,20.1200008392334,20.299999237060547,19.899999618530273,19.899999618530273,18300,0.0,0.0
2022-04-13 00:00:00-04:00,19.899999618530273,20.030000686645508,19.84000015258789,19.84000015258789,12300,0.0,0.0
2022-04-14 00:00:00-04:00,19.850000381469727,19.969999313354492,19.68000030517578,19.969999313354492,24100,0.0,0.0
2022-04-18 00:00:00-04:00,19.93000030517578,19.979999542236328,19.90999984741211,19.90999984741211,3500,0.0,0.0
2022-04-19 00:00:00-04:00,19.839000701904297,19.920000076293945,19.559999465942383,19.65999984741211,4300,0.0,0.0
2022-04-20 00:00:00-04:00,19.847999572753906,19.847999572753906,19.68000030517578,19.697999954223633,2400,0.0,0.0
2022-04-21 00:00:00-04:00,19.719999313354492,19.805999755859375,19.43000030517578,19.5,6200,0.0,0.0
2022-04-22 00:00:00-04:00,19.510000228881836,19.542999267578125,19.229000091552734,19.229000091552734,5100,0.0,0.0
2022-04-25 00:00:00-04:00,19.399999618530273,19.399999618530273,19.399999618530273,19.399999618530273,1600,0.0,0.0
2022-04-26 00:00:00-04:00,19.520000457763672,19.520000457763672,19.422000885009766,19.422000885009766,1000,0.0,0.0
2022-04-27 00:00:00-04:00,19.40999984741211,19.40999984741211,18.950000762939453,18.950000762939453,8300,0.0,0.0
2022-04-28 00:00:00-04:00,19.15999984741211,19.15999984741211,18.8700008392334,19.139999389648438,4000,0.0,0.0
2022-04-29 00:00:00-04:00,19.260000228881836,19.329999923706055,19.049999237060547,19.31999969482422,41100,0.0,0.0
2022-05-02 00:00:00-04:00,19.299999237060547,19.299999237060547,18.96500015258789,19.040000915527344,9300,0.0,0.0
2022-05-03 00:00:00-04:00,18.90999984741211,19.020000457763672,18.739999771118164,18.979999542236328,4000,0.0,0.0
2022-05-04 00:00:00-04:00,19.040000915527344,19.530000686645508,18.85300064086914,19.34000015258789,4200,0.0,0.0
2022-05-05 00:00:00-04:00,18.950000762939453,19.368000030517578,18.84000015258789,18.84000015258789,1600,0.0,0.0
2022-05-06 00:00:00-04:00,18.740999221801758,18.889999389648438,18.56999969482422,18.65999984741211,3600,0.0,0.0
2022-05-09 00:00:00-04:00,18.690000534057617,18.75,18.408000946044922,18.5,4600,0.0,0.0
2022-05-10 00:00:00-04:00,18.610000610351562,18.790000915527344,18.520000457763672,18.700000762939453,7900,0.0,0.0
2022-05-11 00:00:00-04:00,18.610000610351562,18.8700008392334,18.610000610351562,18.850000381469727,3100,0.0,0.0
2022-05-12 00:00:00-04:00,18.8799991607666,18.986000061035156,18.65999984741211,18.69300079345703,7300,0.0,0.0
2022-05-13 00:00:00-04:00,19.040000915527344,19.040000915527344,18.709999084472656,18.881000518798828,5100,0.0,0.0
2022-05-16 00:00:00-04:00,18.799999237060547,18.850000381469727,18.6299991607666,18.75,83400,0.0,0.0
2022-05-17 00:00:00-04:00,18.75,18.836000442504883,18.489999771118164,18.489999771118164,25000,0.0,0.0
2022-05-18 00:00:00-04:00,18.459999084472656,18.600000381469727,18.298999786376953,18.600000381469727,13500,0.0,0.0
2022-05-19 00:00:00-04:00,18.590999603271484,18.729999542236328,18.309999465942383,18.729999542236328,145500,0.0,0.0
2022-05-20 00:00:00-04:00,18.739999771118164,18.799999237060547,18.617000579833984,18.790000915527344,7600,0.0,0.0
2022-05-23 00:00:00-04:00,18.871000289916992,18.871000289916992,18.665000915527344,18.665000915527344,4100,0.0,0.0
2022-05-24 00:00:00-04:00,18.770000457763672,19.0,18.551000595092773,18.7810001373291,3900,0.0,0.0
2022-05-25 00:00:00-04:00,18.969999313354492,19.75,18.969999313354492,19.638999938964844,9500,0.0,0.0
2022-05-26 00:00:00-04:00,19.670000076293945,20.219999313354492,19.670000076293945,20.219999313354492,10400,0.0,0.0
2022-05-27 00:00:00-04:00,20.1299991607666,20.850000381469727,19.950000762939453,20.850000381469727,11900,0.0,0.0
2022-05-31 00:00:00-04:00,20.850000381469727,20.850000381469727,19.959999084472656,20.770000457763672,13400,0.0,0.0
2022-06-01 00:00:00-04:00,20.770000457763672,21.1299991607666,20.420000076293945,20.469999313354492,18600,0.0,0.0
2022-06-02 00:00:00-04:00,20.530000686645508,20.68400001525879,20.34000015258789,20.3700008392334,2300,0.0,0.0
2022-06-03 00:00:00-04:00,20.190000534057617,20.389999389648438,20.190000534057617,20.389999389648438,5900,0.0,0.0
2022-06-06 00:00:00-04:00,20.246000289916992,20.246000289916992,20.246000289916992,20.246000289916992,1100,0.0,0.0
2022-06-07 00:00:00-04:00,20.489999771118164,20.6299991607666,20.31999969482422,20.56999969482422,5600,0.0,0.0
2022-06-08 00:00:00-04:00,20.469999313354492,20.59000015258789,20.239999771118164,20.290000915527344,6200,0.0,0.0
2022-06-09 00:00:00-04:00,20.40999984741211,20.40999984741211,19.809999465942383,19.809999465942383,3700,0.0,0.0
2022-06-10 00:00:00-04:00,19.270000457763672,19.680999755859375,19.059999465942383,19.09000015258789,6000,0.0,0.0
2022-06-13 00:00:00-04:00,18.969999313354492,18.969999313354492,18.1200008392334,18.200000762939453,4500,0.0,0.0
2022-06-14 00:00:00-04:00,18.299999237060547,18.540000915527344,18.06999969482422,18.290000915527344,9200,0.0,0.0
2022-06-15 00:00:00-04:00,18.3799991607666,18.759000778198242,18.33300018310547,18.33300018310547,1400,0.0,0.0
2022-06-16 00:00:00-04:00,18.600000381469727,18.600000381469727,17.976999282836914,17.976999282836914,8100,0.0,0.0
2022-06-17 00:00:00-04:00,18.239999771118164,18.450000762939453,17.799999237060547,18.329999923706055,2300,0.0,0.0
2022-06-21 00:00:00-04:00,18.329999923706055,18.450000762939453,18.270000457763672,18.450000762939453,2600,0.0,0.0
2022-06-22 00:00:00-04:00,18.233999252319336,18.454999923706055,18.200000762939453,18.40999984741211,3500,0.0,0.0
2022-06-23 00:00:00-04:00,18.420000076293945,18.590999603271484,18.420000076293945,18.440000534057617,1500,0.0,0.0
2022-06-24 00:00:00-04:00,18.6200008392334,18.6200008392334,18.3700008392334,18.600000381469727,1200,0.0,0.0
2022-06-27 00:00:00-04:00,18.55500030517578,18.618999481201172,18.26799964904785,18.618999481201172,2000,0.0,0.0
2022-06-28 00:00:00-04:00,18.6200008392334,18.80699920654297,18.540000915527344,18.540000915527344,2300,0.0,0.0
2022-06-29 00:00:00-04:00,18.649999618530273,18.649999618530273,18.482999801635742,18.5049991607666,2600,0.0,0.0
2022-06-30 00:00:00-04:00,18.5,18.81999969482422,18.25,18.527999877929688,1900,0.0,0.0
2022-07-01 00:00:00-04:00,18.75,18.757999420166016,18.3799991607666,18.3799991607666,1300,0.0,0.0
2022-07-05 00:00:00-04:00,18.860000610351562,18.899999618530273,18.399999618530273,18.399999618530273,7300,0.0,0.0
2022-07-06 00:00:00-04:00,18.5,18.5,18.36199951171875,18.434999465942383,3300,0.0,0.0
2022-07-07 00:00:00-04:00,18.549999237060547,18.600000381469727,18.466999053955078,18.466999053955078,3700,0.0,0.0
2022-07-08 00:00:00-04:00,18.600000381469727,18.600000381469727,18.420000076293945,18.420000076293945,900,0.0,0.0
2022-07-11 00:00:00-04:00,18.739999771118164,18.739999771118164,18.5,18.5,3500,0.0,0.0
2022-07-12 00:00:00-04:00,18.68000030517578,18.68000030517578,18.5,18.549999237060547,6500,0.0,0.0
2022-07-13 00:00:00-04:00,18.5,18.76099967956543,18.5,18.75,3500,0.0,0.0
2022-07-14 00:00:00-04:00,18.75,18.75,18.719999313354492,18.75,3500,0.0,0.0
2022-07-15 00:00:00-04:00,18.84000015258789,18.969999313354492,18.827999114990234,18.950000762939453,4200,0.0,0.0
2022-07-18 00:00:00-04:00,18.850000381469727,18.979999542236328,18.850000381469727,18.969999313354492,2400,0.0,0.0
2022-07-19 00:00:00-04:00,18.969999313354492,18.969999313354492,18.969999313354492,18.969999313354492,400,0.0,0.0
2022-07-20 00:00:00-04:00,18.979999542236328,19.190000534057617,18.874000549316406,19.1200008392334,4000,0.0,0.0
2022-07-21 00:00:00-04:00,19.1299991607666,19.219999313354492,19.100000381469727,19.13599967956543,5600,0.0,0.0
2022-07-22 00:00:00-04:00,19.299999237060547,19.440000534057617,19.110000610351562,19.299999237060547,8800,0.0,0.0
2022-07-25 00:00:00-04:00,19.360000610351562,19.360000610351562,19.14900016784668,19.329999923706055,4900,0.0,0.0
2022-07-26 00:00:00-04:00,19.43000030517578,19.530000686645508,19.299999237060547,19.450000762939453,14800,0.0,0.0
2022-07-27 00:00:00-04:00,19.56999969482422,19.56999969482422,19.5049991607666,19.5049991607666,800,0.0,0.0
2022-07-28 00:00:00-04:00,19.700000762939453,19.809999465942383,19.649999618530273,19.809999465942383,2200,0.0,0.0
2022-07-29 00:00:00-04:00,19.760000228881836,20.239999771118164,19.760000228881836,20.239999771118164,5600,0.0,0.0
2022-08-01 00:00:00-04:00,20.360000610351562,20.482999801635742,20.149999618530273,20.389999389648438,3500,0.0,0.0
2022-08-02 00:00:00-04:00,20.399999618530273,20.75,20.399999618530273,20.75,1700,0.0,0.0
2022-08-03 00:00:00-04:00,21.06999969482422,21.06999969482422,20.608999252319336,20.75,4500,0.0,0.0
2022-08-04 00:00:00-04:00,20.75,20.75,20.649999618530273,20.739999771118164,7100,0.0,0.0
2022-08-05 00:00:00-04:00,20.420000076293945,20.600000381469727,20.420000076293945,20.569000244140625,1000,0.0,0.0
2022-08-08 00:00:00-04:00,20.658000946044922,20.714000701904297,20.336999893188477,20.336999893188477,800,0.0,0.0
2022-08-09 00:00:00-04:00,20.239999771118164,20.5,20.1200008392334,20.5,3400,0.0,0.0
2022-08-10 00:00:00-04:00,20.6200008392334,20.673999786376953,20.597000122070312,20.65999984741211,1500,0.0,0.0
2022-08-11 00:00:00-04:00,20.739999771118164,20.739999771118164,20.739999771118164,20.739999771118164,1100,0.0,0.0
2022-08-12 00:00:00-04:00,20.739999771118164,20.739999771118164,20.739999771118164,20.739999771118164,600,0.0,0.0
2022-08-15 00:00:00-04:00,20.652000427246094,20.799999237060547,20.6299991607666,20.75,4100,0.0,0.0
2022-08-16 00:00:00-04:00,20.301000595092773,20.739999771118164,20.301000595092773,20.735000610351562,3600,0.0,0.0
2022-08-17 00:00:00-04:00,20.361000061035156,20.690000534057617,20.361000061035156,20.5,2400,0.0,0.0
2022-08-18 00:00:00-04:00,20.520000457763672,20.739999771118164,20.270000457763672,20.5,4600,0.0,0.0
2022-08-19 00:00:00-04:00,20.34000015258789,20.34000015258789,20.030000686645508,20.309999465942383,1800,0.0,0.0
2022-08-22 00:00:00-04:00,20.270000457763672,20.299999237060547,20.110000610351562,20.222000122070312,4900,0.0,0.0
2022-08-23 00:00:00-04:00,20.40999984741211,20.40999984741211,19.350000381469727,20.149999618530273,35400,0.0,0.0
2022-08-24 00:00:00-04:00,19.469999313354492,20.454999923706055,19.360000610351562,20.2549991607666,5800,0.0,0.0
2022-08-25 00:00:00-04:00,19.40999984741211,19.989999771118164,19.40999984741211,19.93000030517578,2400,0.0,0.0
2022-08-26 00:00:00-04:00,19.700000762939453,20.0,19.687000274658203,19.687000274658203,3100,0.0,0.0
2022-08-29 00:00:00-04:00,19.309999465942383,19.6299991607666,19.309999465942383,19.459999084472656,12300,0.0,0.0
2022-08-30 00:00:00-04:00,19.299999237060547,19.299999237060547,18.899999618530273,19.15999984741211,4200,0.0,0.0
2022-08-31 00:00:00-04:00,19.06999969482422,19.089000701904297,18.700000762939453,18.700000762939453,10100,0.0,0.0
2022-09-01 00:00:00-04:00,18.739999771118164,18.739999771118164,18.610000610351562,18.610000610351562,2500,0.0,0.0
2022-09-02 00:00:00-04:00,18.979999542236328,18.979999542236328,18.389999389648438,18.979999542236328,2600,0.0,0.0
2022-09-06 00:00:00-04:00,18.709999084472656,18.709999084472656,18.155000686645508,18.15999984741211,4600,0.0,0.0
2022-09-07 00:00:00-04:00,18.770000457763672,18.770000457763672,18.219999313354492,18.219999313354492,2900,0.0,0.0
2022-09-08 00:00:00-04:00,18.360000610351562,18.40999984741211,17.979999542236328,17.979999542236328,4800,0.0,0.0
2022-09-09 00:00:00-04:00,18.190000534057617,18.483999252319336,18.079999923706055,18.483999252319336,3200,0.0,0.0
2022-09-12 00:00:00-04:00,18.6299991607666,18.6299991607666,18.5,18.5,1800,0.0,0.0
2022-09-13 00:00:00-04:00,18.115999221801758,18.499000549316406,18.115999221801758,18.459999084472656,3200,0.0,0.0
2022-09-14 00:00:00-04:00,18.479999542236328,18.479999542236328,18.295000076293945,18.295000076293945,1500,0.0,0.0
2022-09-15 00:00:00-04:00,18.459999084472656,18.459999084472656,18.010000228881836,18.020000457763672,8800,0.0,0.0
2022-09-16 00:00:00-04:00,18.290000915527344,18.290000915527344,17.850000381469727,17.850000381469727,4300,0.0,0.0
2022-09-19 00:00:00-04:00,17.850000381469727,17.850000381469727,17.799999237060547,17.809999465942383,1300,0.0,0.0
2022-09-20 00:00:00-04:00,17.98900032043457,17.98900032043457,17.81100082397461,17.81100082397461,1400,0.0,0.0
2022-09-21 00:00:00-04:00,17.90999984741211,18.024999618530273,17.850000381469727,17.850000381469727,2100,0.0,0.0
2022-09-22 00:00:00-04:00,17.989999771118164,17.989999771118164,17.360000610351562,17.40999984741211,3200,0.0,0.0
2022-09-23 00:00:00-04:00,17.530000686645508,17.530000686645508,17.209999084472656,17.399999618530273,5200,0.0,0.0
2022-09-26 00:00:00-04:00,17.31999969482422,17.350000381469727,17.31999969482422,17.350000381469727,1500,0.0,0.0
2022-09-27 00:00:00-04:00,17.110000610351562,17.2549991607666,17.110000610351562,17.1200008392334,3600,0.0,0.0
2022-09-28 00:00:00-04:00,17.399999618530273,17.649999618530273,17.149999618530273,17.540000915527344,17700,0.0,0.0
2022-09-29 00:00:00-04:00,17.6200008392334,17.6200008392334,17.21500015258789,17.34000015258789,5500,0.0,0.0
2022-09-30 00:00:00-04:00,17.239999771118164,17.610000610351562,17.229999542236328,17.469999313354492,42400,0.0,0.0
2022-10-03 00:00:00-04:00,17.299999237060547,17.649999618530273,17.170000076293945,17.579999923706055,5800,0.0,0.0
2022-10-04 00:00:00-04:00,17.40999984741211,17.99799919128418,17.270000457763672,17.860000610351562,4300,0.0,0.0
2022-10-05 00:00:00-04:00,17.469999313354492,17.809999465942383,17.469999313354492,17.809999465942383,1100,0.0,0.0
2022-10-06 00:00:00-04:00,17.610000610351562,17.700000762939453,17.360000610351562,17.700000762939453,1400,0.0,0.0
2022-10-07 00:00:00-04:00,17.25,17.559999465942383,17.25,17.40999984741211,3700,0.0,0.0
2022-10-10 00:00:00-04:00,17.450000762939453,17.790000915527344,17.006000518798828,17.530000686645508,15500,0.0,0.0
2022-10-11 00:00:00-04:00,17.399999618530273,17.530000686645508,17.334999084472656,17.37299919128418,1800,0.0,0.0
2022-10-12 00:00:00-04:00,17.350000381469727,17.399999618530273,16.959999084472656,16.989999771118164,3900,0.0,0.0
2022-10-13 00:00:00-04:00,16.93000030517578,17.176000595092773,16.8799991607666,16.889999389648438,3300,0.0,0.0
2022-10-14 00:00:00-04:00,16.940000534057617,17.360000610351562,16.7450008392334,16.860000610351562,5300,0.0,0.0
2022-10-17 00:00:00-04:00,17.020000457763672,17.020000457763672,16.799999237060547,16.799999237060547,1600,0.0,0.0
2022-10-18 00:00:00-04:00,17.1299991607666,17.15399932861328,16.780000686645508,16.829999923706055,1500,0.0,0.0
2022-10-19 00:00:00-04:00,16.81999969482422,16.841999053955078,16.48200035095215,16.48200035095215,8100,0.0,0.0
2022-10-20 00:00:00-04:00,16.6299991607666,16.6299991607666,16.15999984741211,16.25,7800,0.0,0.0
2022-10-21 00:00:00-04:00,16.29599952697754,16.309999465942383,16.093000411987305,16.110000610351562,3300,0.0,0.0
2022-10-24 00:00:00-04:00,16.299999237060547,16.43899917602539,15.920000076293945,16.25,4000,0.0,0.0
2022-10-25 00:00:00-04:00,16.520000457763672,16.549999237060547,16.44099998474121,16.479999542236328,1700,0.0,0.0
2022-10-26 00:00:00-04:00,16.479999542236328,16.790000915527344,16.3799991607666,16.59000015258789,5300,0.0,0.0
2022-10-27 00:00:00-04:00,16.579999923706055,16.889999389648438,16.40999984741211,16.40999984741211,3200,0.0,0.0
2022-10-28 00:00:00-04:00,16.920000076293945,16.920000076293945,16.72100067138672,16.72100067138672,1200,0.0,0.0
2022-10-31 00:00:00-04:00,16.549999237060547,16.969999313354492,16.510000228881836,16.735000610351562,3300,0.0,0.0
2022-11-01 00:00:00-04:00,16.5,16.788999557495117,16.389999389648438,16.389999389648438,10700,0.0,0.0
2022-11-02 00:00:00-04:00,16.34000015258789,17.15999984741211,16.299999237060547,17.139999389648438,6800,0.0,0.0
2022-11-03 00:00:00-04:00,17.049999237060547,17.049999237060547,16.424999237060547,16.507999420166016,3500,0.0,0.0
2022-11-04 00:00:00-04:00,16.309999465942383,17.0,16.309999465942383,16.579999923706055,3400,0.0,0.0
2022-11-07 00:00:00-05:00,16.540000915527344,16.59000015258789,16.309999465942383,16.579999923706055,3300,0.0,0.0
2022-11-08 00:00:00-05:00,16.450000762939453,16.68000030517578,16.309999465942383,16.68000030517578,6700,0.0,0.0
2022-11-09 00:00:00-05:00,16.93000030517578,16.93000030517578,16.450000762939453,16.579999923706055,9000,0.0,0.0
2022-11-10 00:00:00-05:00,16.850000381469727,17.239999771118164,16.850000381469727,17.239999771118164,8100,0.0,0.0
2022-11-11 00:00:00-05:00,17.239999771118164,17.899999618530273,17.239999771118164,17.465999603271484,6500,0.0,0.0
2022-11-14 00:00:00-05:00,17.34000015258789,17.57200050354004,16.760000228881836,16.760000228881836,16900,0.0,0.0
2022-11-15 00:00:00-05:00,17.239999771118164,17.420000076293945,17.15999984741211,17.15999984741211,2200,0.0,0.0
2022-11-16 00:00:00-05:00,16.969999313354492,17.117000579833984,16.940000534057617,17.049999237060547,10900,0.0,0.0
2022-11-17 00:00:00-05:00,17.049999237060547,17.299999237060547,17.0,17.0,4600,0.0,0.0
2022-11-18 00:00:00-05:00,17.020000457763672,17.420000076293945,17.020000457763672,17.420000076293945,8300,0.0,0.0
2022-11-21 00:00:00-05:00,17.40999984741211,17.6200008392334,17.020000457763672,17.29199981689453,8800,0.0,0.0
2022-11-22 00:00:00-05:00,17.200000762939453,17.621999740600586,17.100000381469727,17.299999237060547,2100,0.0,0.0
2022-11-23 00:00:00-05:00,17.479999542236328,17.690000534057617,17.3700008392334,17.60700035095215,3700,0.0,0.0
2022-11-25 00:00:00-05:00,17.149999618530273,17.565000534057617,17.08799934387207,17.549999237060547,2300,0.0,0.0
2022-11-28 00:00:00-05:00,17.5,17.770000457763672,17.29400062561035,17.329999923706055,20300,0.0,0.0
2022-11-29 00:00:00-05:00,17.329999923706055,17.329999923706055,16.799999237060547,16.829999923706055,5900,0.0,0.0
2022-11-30 00:00:00-05:00,16.959999084472656,17.299999237060547,16.709999084472656,17.209999084472656,9700,0.0,0.0
2022-12-01 00:00:00-05:00,17.260000228881836,17.749000549316406,17.250999450683594,17.649999618530273,11600,0.0,0.0
2022-12-02 00:00:00-05:00,17.530000686645508,17.84000015258789,17.530000686645508,17.84000015258789,1400,0.0,0.0
2022-12-05 00:00:00-05:00,17.829999923706055,17.829999923706055,17.280000686645508,17.280000686645508,5200,0.0,0.0
2022-12-06 00:00:00-05:00,17.440000534057617,17.450000762939453,17.010000228881836,17.209999084472656,5600,0.0,0.0
2022-12-07 00:00:00-05:00,17.270000457763672,17.389999389648438,17.209999084472656,17.242000579833984,5000,0.0,0.0
2022-12-08 00:00:00-05:00,17.299999237060547,17.520000457763672,17.299999237060547,17.395000457763672,6100,0.0,0.0
2022-12-09 00:00:00-05:00,17.28499984741211,17.3700008392334,17.049999237060547,17.049999237060547,4200,0.0,0.0
2022-12-12 00:00:00-05:00,17.219999313354492,17.219999313354492,16.709999084472656,16.75,10900,0.0,0.0
2022-12-13 00:00:00-05:00,17.040000915527344,17.170000076293945,16.920000076293945,16.920000076293945,8700,0.0,0.0
2022-12-14 00:00:00-05:00,16.8799991607666,17.350000381469727,16.850000381469727,17.059999465942383,8500,0.0,0.0
2022-12-15 00:00:00-05:00,17.06999969482422,17.18000030517578,16.860000610351562,17.18000030517578,16000,0.0,0.0
2022-12-16 00:00:00-05:00,17.0,17.190000534057617,17.0,17.079999923706055,16400,0.0,0.0
2022-12-19 00:00:00-05:00,17.059999465942383,17.299999237060547,16.920000076293945,17.200000762939453,8600,0.0,0.0
2022-12-20 00:00:00-05:00,17.200000762939453,17.209999084472656,16.910999298095703,17.049999237060547,4000,0.0,0.0
2022-12-21 00:00:00-05:00,17.079999923706055,17.290000915527344,17.02400016784668,17.239999771118164,18900,0.0,0.0
2022-12-22 00:00:00-05:00,17.200000762939453,17.200000762939453,16.81999969482422,17.100000381469727,14500,0.0,0.0
2022-12-23 00:00:00-05:00,17.059999465942383,17.209999084472656,16.799999237060547,17.209999084472656,5500,0.0,0.0
2022-12-27 00:00:00-05:00,17.0,17.086999893188477,16.780000686645508,16.829999923706055,5400,0.0,0.0
2022-12-28 00:00:00-05:00,16.56999969482422,16.639999389648438,16.510000228881836,16.520000457763672,9200,0.0,0.0
2022-12-29 00:00:00-05:00,16.540000915527344,16.714000701904297,16.540000915527344,16.606000900268555,16700,0.0,0.0
2022-12-30 00:00:00-05:00,16.719999313354492,16.799999237060547,16.385000228881836,16.75,10400,0.0,0.0
2023-01-03 00:00:00-05:00,16.65999984741211,16.839000701904297,16.6299991607666,16.825000762939453,3000,0.0,0.0
2023-01-04 00:00:00-05:00,17.079999923706055,17.079999923706055,16.850000381469727,16.850000381469727,4600,0.0,0.0
2023-01-05 00:00:00-05:00,16.860000610351562,17.149999618530273,16.860000610351562,16.959999084472656,2400,0.0,0.0
2023-01-06 00:00:00-05:00,17.25,17.663999557495117,17.14699935913086,17.5,8000,0.0,0.0
2023-01-09 00:00:00-05:00,17.46500015258789,17.61400032043457,17.402000427246094,17.489999771118164,5600,0.0,0.0
2023-01-10 00:00:00-05:00,17.440000534057617,17.440000534057617,17.360000610351562,17.360000610351562,2600,0.0,0.0
2023-01-11 00:00:00-05:00,17.350000381469727,17.75,17.350000381469727,17.75,3100,0.0,0.0
2023-01-12 00:00:00-05:00,17.639999389648438,17.899999618530273,17.639999389648438,17.760000228881836,3900,0.0,0.0
2023-01-13 00:00:00-05:00,17.5,18.110000610351562,17.5,18.100000381469727,1500,0.0,0.0
2023-01-17 00:00:00-05:00,17.829999923706055,17.933000564575195,17.700000762939453,17.933000564575195,9900,0.0,0.0
2023-01-18 00:00:00-05:00,17.93000030517578,18.360000610351562,17.93000030517578,18.049999237060547,33100,0.0,0.0
2023-01-19 00:00:00-05:00,17.8799991607666,18.264999389648438,17.851999282836914,18.0,1900,0.0,0.0
2023-01-20 00:00:00-05:00,18.059999465942383,18.350000381469727,18.058000564575195,18.1299991607666,6900,0.0,0.0
2023-01-23 00:00:00-05:00,18.229999542236328,18.479999542236328,18.229999542236328,18.400999069213867,2300,0.0,0.0
2023-01-24 00:00:00-05:00,18.540000915527344,18.56999969482422,18.239999771118164,18.3799991607666,6300,0.0,0.0
2023-01-25 00:00:00-05:00,18.260000228881836,18.299999237060547,18.030000686645508,18.059999465942383,5600,0.0,0.0
2023-01-26 00:00:00-05:00,18.149999618530273,18.59000015258789,18.1200008392334,18.31100082397461,9200,0.0,0.0
2023-01-27 00:00:00-05:00,18.209999084472656,18.549999237060547,18.170000076293945,18.549999237060547,5200,0.0,0.0
2023-01-30 00:00:00-05:00,18.049999237060547,18.639999389648438,18.049999237060547,18.6299991607666,14200,0.0,0.0
2023-01-31 00:00:00-05:00,18.329999923706055,18.775999069213867,18.260000228881836,18.700000762939453,3600,0.0,0.0
2023-02-01 00:00:00-05:00,18.540000915527344,19.0,18.299999237060547,18.989999771118164,9300,0.0,0.0
2023-02-02 00:00:00-05:00,18.610000610351562,19.0,18.610000610351562,19.0,12500,0.0,0.0
2023-02-03 00:00:00-05:00,18.559999465942383,19.0,18.55500030517578,18.56999969482422,6700,0.0,0.0
2023-02-06 00:00:00-05:00,18.34000015258789,18.601999282836914,18.235000610351562,18.56999969482422,4300,0.0,0.0
2023-02-07 00:00:00-05:00,18.469999313354492,18.75,18.43000030517578,18.6299991607666,17200,0.0,0.0
2023-02-08 00:00:00-05:00,18.579999923706055,18.6299991607666,18.5,18.6299991607666,7600,0.0,0.0
2023-02-09 00:00:00-05:00,18.6299991607666,18.90999984741211,18.6299991607666,18.790000915527344,22700,0.0,0.0
2023-02-10 00:00:00-05:00,18.739999771118164,18.850000381469727,18.684999465942383,18.799999237060547,17500,0.0,0.0
2023-02-13 00:00:00-05:00,18.829999923706055,18.969999313354492,18.709999084472656,18.709999084472656,13300,0.0,0.0
2023-02-14 00:00:00-05:00,18.979999542236328,18.979999542236328,18.709999084472656,18.950000762939453,7900,0.0,0.0
2023-02-15 00:00:00-05:00,18.950000762939453,18.959999084472656,18.81999969482422,18.95800018310547,2600,0.0,0.0
2023-02-16 00:00:00-05:00,18.8700008392334,18.8700008392334,18.510000228881836,18.520000457763672,3400,0.0,0.0
2023-02-17 00:00:00-05:00,18.770000457763672,18.770000457763672,18.492000579833984,18.520000457763672,4600,0.0,0.0
2023-02-21 00:00:00-05:00,18.520000457763672,18.520000457763672,18.209999084472656,18.232999801635742,9200,0.0,0.0
2023-02-22 00:00:00-05:00,18.280000686645508,18.280000686645508,17.530000686645508,18.0,26400,0.0,0.0
2023-02-23 00:00:00-05:00,18.1299991607666,18.19499969482422,17.989999771118164,18.19499969482422,2200,0.0,0.0
2023-02-24 00:00:00-05:00,18.270000457763672,18.270000457763672,17.899999618530273,18.214000701904297,7800,0.0,0.0
2023-02-27 00:00:00-05:00,18.020000457763672,18.020000457763672,17.770000457763672,17.770000457763672,2100,0.0,0.0
2023-02-28 00:00:00-05:00,18.1200008392334,18.200000762939453,17.8799991607666,18.190000534057617,15200,0.0,0.0
2023-03-01 00:00:00-05:00,18.1200008392334,18.159000396728516,17.84000015258789,18.159000396728516,2100,0.0,0.0
2023-03-02 00:00:00-05:00,18.040000915527344,18.059999465942383,17.75,18.035999298095703,3800,0.0,0.0
2023-03-03 00:00:00-05:00,18.21299934387207,18.260000228881836,17.909000396728516,17.909000396728516,6000,0.0,0.0
2023-03-06 00:00:00-05:00,18.200000762939453,18.30299949645996,17.829999923706055,17.829999923706055,19700,0.0,0.0
2023-03-07 00:00:00-05:00,17.950000762939453,18.26799964904785,17.75,17.75,8300,0.0,0.0
2023-03-08 00:00:00-05:00,17.90999984741211,17.90999984741211,17.834999084472656,17.87299919128418,1400,0.0,0.0
2023-03-09 00:00:00-05:00,17.791000366210938,18.007999420166016,17.290000915527344,17.290000915527344,4500,0.0,0.0
2023-03-10 00:00:00-05:00,17.469999313354492,17.509000778198242,17.0,17.509000778198242,1900,0.0,0.0
2023-03-13 00:00:00-04:00,17.399999618530273,17.399999618530273,16.81999969482422,17.15999984741211,10100,0.0,0.0
2023-03-14 00:00:00-04:00,17.309999465942383,17.59000015258789,17.020000457763672,17.5,9500,0.0,0.0
2023-03-15 00:00:00-04:00,17.469999313354492,17.489999771118164,16.81999969482422,16.81999969482422,4700,0.0,0.0
2023-03-16 00:00:00-04:00,16.809999465942383,17.889999389648438,16.809999465942383,17.889999389648438,3900,0.0,0.0
2023-03-17 00:00:00-04:00,17.729999542236328,17.889999389648438,17.038000106811523,17.799999237060547,3600,0.0,0.0
2023-03-20 00:00:00-04:00,17.089000701904297,17.6299991607666,16.709999084472656,17.389999389648438,4600,0.0,0.0
2023-03-21 00:00:00-04:00,17.19099998474121,17.790000915527344,17.187999725341797,17.479999542236328,3800,0.0,0.0
2023-03-22 00:00:00-04:00,17.479999542236328,17.594999313354492,17.264999389648438,17.424999237060547,1500,0.0,0.0
2023-03-23 00:00:00-04:00,17.40999984741211,17.850000381469727,17.190000534057617,17.190000534057617,16600,0.0,0.0
2023-03-24 00:00:00-04:00,17.110000610351562,17.691999435424805,16.964000701904297,17.459999084472656,9100,0.0,0.0
2023-03-27 00:00:00-04:00,17.260000228881836,17.732999801635742,17.260000228881836,17.3799991607666,10600,0.0,0.0
2023-03-28 00:00:00-04:00,17.350000381469727,17.350000381469727,17.290000915527344,17.308000564575195,2800,0.0,0.0
2023-03-29 00:00:00-04:00,17.540000915527344,17.639999389648438,17.219999313354492,17.219999313354492,23300,0.0,0.0
2023-03-30 00:00:00-04:00,17.360000610351562,17.5,17.200000762939453,17.200000762939453,53600,0.0,0.0
2023-03-31 00:00:00-04:00,17.25,17.5,17.190000534057617,17.200000762939453,36600,0.0,0.0
2023-04-03 00:00:00-04:00,17.190000534057617,17.489999771118164,17.0,17.200000762939453,20900,0.0,0.0
2023-04-04 00:00:00-04:00,17.260000228881836,17.530000686645508,17.0,17.139999389648438,16100,0.0,0.0
2023-04-05 00:00:00-04:00,16.90999984741211,17.274999618530273,16.791000366210938,16.899999618530273,45900,0.0,0.0
2023-04-06 00:00:00-04:00,16.809999465942383,17.0,16.799999237060547,16.850000381469727,18600,0.0,0.0
2023-04-10 00:00:00-04:00,16.8700008392334,17.3799991607666,16.8700008392334,17.06999969482422,2400,0.0,0.0
2023-04-11 00:00:00-04:00,17.09000015258789,17.100000381469727,16.89900016784668,16.899999618530273,19500,0.0,0.0
2023-04-12 00:00:00-04:00,16.94099998474121,17.0,16.899999618530273,16.899999618530273,5000,0.0,0.0
2023-04-13 00:00:00-04:00,16.81999969482422,17.0,16.81999969482422,16.93899917602539,4600,0.0,0.0
2023-04-14 00:00:00-04:00,16.989999771118164,17.0,16.829999923706055,16.829999923706055,4400,0.0,0.0
2023-04-17 00:00:00-04:00,16.93000030517578,17.149999618530273,16.89900016784668,16.950000762939453,13300,0.0,0.0
2023-04-18 00:00:00-04:00,16.950000762939453,16.950000762939453,16.950000762939453,16.950000762939453,500,0.0,0.0
2023-04-19 00:00:00-04:00,17.049999237060547,17.15999984741211,17.049999237060547,17.15999984741211,1400,0.0,0.0
2023-04-20 00:00:00-04:00,17.149999618530273,17.260000228881836,16.96299934387207,17.118000030517578,2800,0.0,0.0
2023-04-21 00:00:00-04:00,17.239999771118164,17.239999771118164,17.239999771118164,17.239999771118164,400,0.0,0.0
2023-04-24 00:00:00-04:00,17.520000457763672,17.520000457763672,17.280000686645508,17.280000686645508,2700,0.0,0.0
2023-04-25 00:00:00-04:00,17.43000030517578,17.43000030517578,17.040000915527344,17.040000915527344,1600,0.0,0.0
2023-04-26 00:00:00-04:00,17.0,17.468000411987305,17.0,17.09000015258789,2100,0.0,0.0
2023-04-27 00:00:00-04:00,17.1200008392334,17.1200008392334,16.850000381469727,16.969999313354492,2000,0.0,0.0
2023-04-28 00:00:00-04:00,17.219999313354492,17.350000381469727,16.940000534057617,17.350000381469727,17800,0.0,0.0
2023-05-01 00:00:00-04:00,17.299999237060547,17.389999389648438,16.899999618530273,17.15999984741211,5500,0.0,0.0
2023-05-02 00:00:00-04:00,16.969999313354492,17.15999984741211,16.735000610351562,16.93400001525879,6200,0.0,0.0
2023-05-03 00:00:00-04:00,16.780000686645508,16.996000289916992,16.610000610351562,16.610000610351562,3000,0.0,0.0
2023-05-04 00:00:00-04:00,16.329999923706055,16.329999923706055,15.680000305175781,16.0,8800,0.0,0.0
2023-05-05 00:00:00-04:00,16.149999618530273,16.649999618530273,16.020000457763672,16.079999923706055,14900,0.0,0.0
2023-05-08 00:00:00-04:00,16.299999237060547,16.5,16.235000610351562,16.350000381469727,16800,0.0,0.0
2023-05-09 00:00:00-04:00,16.309999465942383,16.829999923706055,16.010000228881836,16.239999771118164,4800,0.0,0.0
2023-05-10 00:00:00-04:00,16.549999237060547,16.549999237060547,16.18000030517578,16.43000030517578,13300,0.0,0.0
2023-05-11 00:00:00-04:00,16.079999923706055,16.389999389648438,16.079999923706055,16.299999237060547,7500,0.0,0.0
2023-05-12 00:00:00-04:00,16.209999084472656,16.420000076293945,16.049999237060547,16.420000076293945,5100,0.0,0.0
2023-05-15 00:00:00-04:00,16.329999923706055,16.59000015258789,16.049999237060547,16.18000030517578,26400,0.0,0.0
2023-05-16 00:00:00-04:00,16.059999465942383,16.408000946044922,16.0,16.059999465942383,16100,0.0,0.0
2023-05-17 00:00:00-04:00,16.049999237060547,16.450000762939453,16.049999237060547,16.43000030517578,10900,0.0,0.0
2023-05-18 00:00:00-04:00,16.270000457763672,16.499000549316406,16.209999084472656,16.360000610351562,4500,0.0,0.0
2023-05-19 00:00:00-04:00,16.219999313354492,16.29800033569336,16.219999313354492,16.25,2400,0.0,0.0
2023-05-22 00:00:00-04:00,16.15999984741211,16.5,16.15999984741211,16.43000030517578,4500,0.0,0.0
2023-05-23 00:00:00-04:00,16.170000076293945,16.469999313354492,16.170000076293945,16.469999313354492,4400,0.0,0.0
2023-05-24 00:00:00-04:00,16.290000915527344,16.354999542236328,16.149999618530273,16.329999923706055,3200,0.0,0.0
2023-05-25 00:00:00-04:00,16.31999969482422,16.31999969482422,16.059999465942383,16.190000534057617,2700,0.0,0.0
2023-05-26 00:00:00-04:00,16.190000534057617,16.360000610351562,16.190000534057617,16.297000885009766,8100,0.0,0.0
2023-05-30 00:00:00-04:00,16.18000030517578,16.18000030517578,16.033000946044922,16.079999923706055,5000,0.0,0.0
2023-05-31 00:00:00-04:00,16.09000015258789,16.440000534057617,16.09000015258789,16.3799991607666,27300,0.0,0.0
2023-06-01 00:00:00-04:00,16.3700008392334,16.469999313354492,16.299999237060547,16.450000762939453,6800,0.0,0.0
2023-06-02 00:00:00-04:00,16.59000015258789,16.684999465942383,16.530000686645508,16.649999618530273,7700,0.0,0.0
2023-06-05 00:00:00-04:00,16.209999084472656,16.659000396728516,16.209999084472656,16.549999237060547,4100,0.0,0.0
2023-06-06 00:00:00-04:00,16.610000610351562,16.760000228881836,16.469999313354492,16.700000762939453,24000,0.0,0.0
2023-06-07 00:00:00-04:00,16.690000534057617,16.729999542236328,16.5,16.690000534057617,3900,0.0,0.0
2023-06-08 00:00:00-04:00,16.639999389648438,16.639999389648438,16.510000228881836,16.510000228881836,2700,0.0,0.0
2023-06-09 00:00:00-04:00,16.54400062561035,16.54400062561035,16.290000915527344,16.43000030517578,3300,0.0,0.0
2023-06-12 00:00:00-04:00,16.18000030517578,16.18000030517578,16.18000030517578,16.18000030517578,500,0.0,0.0
2023-06-13 00:00:00-04:00,16.260000228881836,16.450000762939453,16.239999771118164,16.43000030517578,8700,0.0,0.0
2023-06-14 00:00:00-04:00,16.5,16.520000457763672,16.209999084472656,16.209999084472656,6500,0.0,0.0
2023-06-15 00:00:00-04:00,16.31999969482422,16.389999389648438,16.209999084472656,16.309999465942383,9500,0.0,0.0
2023-06-16 00:00:00-04:00,16.39299964904785,16.39299964904785,16.25,16.360000610351562,6100,0.0,0.0
2023-06-20 00:00:00-04:00,16.25,16.309999465942383,16.15999984741211,16.290000915527344,5300,0.0,0.0
2023-06-21 00:00:00-04:00,16.150999069213867,16.209999084472656,16.100000381469727,16.190000534057617,2400,0.0,0.0
2023-06-22 00:00:00-04:00,16.260000228881836,16.260000228881836,16.049999237060547,16.18000030517578,3200,0.0,0.0
2023-06-23 00:00:00-04:00,16.200000762939453,16.200000762939453,16.142000198364258,16.142000198364258,1700,0.0,0.0
2023-06-26 00:00:00-04:00,16.239999771118164,16.239999771118164,16.22800064086914,16.22800064086914,800,0.0,0.0
2023-06-27 00:00:00-04:00,16.309999465942383,16.40999984741211,16.079999923706055,16.1200008392334,8700,0.0,0.0
2023-06-28 00:00:00-04:00,16.079999923706055,16.389999389648438,16.049999237060547,16.3799991607666,12900,0.0,0.0
2023-06-29 00:00:00-04:00,16.270000457763672,16.299999237060547,16.100000381469727,16.100000381469727,8300,0.0,0.0
2023-06-30 00:00:00-04:00,16.06999969482422,16.459999084472656,16.06999969482422,16.3700008392334,39100,0.0,0.0
2023-07-03 00:00:00-04:00,16.329999923706055,16.5,16.329999923706055,16.5,8300,0.0,0.0
2023-07-05 00:00:00-04:00,16.5,16.5,16.334999084472656,16.450000762939453,2200,0.0,0.0
2023-07-06 00:00:00-04:00,16.329999923706055,16.329999923706055,16.100000381469727,16.170000076293945,3400,0.0,0.0
2023-07-07 00:00:00-04:00,16.309999465942383,16.309999465942383,16.209999084472656,16.209999084472656,1700,0.0,0.0
2023-07-10 00:00:00-04:00,16.20800018310547,16.540000915527344,16.20800018310547,16.3799991607666,15000,0.0,0.0
2023-07-11 00:00:00-04:00,16.64900016784668,16.64900016784668,16.410999298095703,16.579999923706055,3900,0.0,0.0
2023-07-12 00:00:00-04:00,16.549999237060547,16.6560001373291,16.549999237060547,16.639999389648438,2700,0.0,0.0
2023-07-13 00:00:00-04:00,16.530000686645508,16.8700008392334,16.530000686645508,16.83799934387207,4000,0.0,0.0
2023-07-14 00:00:00-04:00,16.761999130249023,16.761999130249023,16.53499984741211,16.59000015258789,1100,0.0,0.0
2023-07-17 00:00:00-04:00,16.559999465942383,16.75,16.541000366210938,16.541000366210938,26900,0.0,0.0
2023-07-18 00:00:00-04:00,16.565000534057617,16.770000457763672,16.565000534057617,16.770000457763672,13300,0.0,0.0
2023-07-19 00:00:00-04:00,16.770000457763672,16.790000915527344,16.711999893188477,16.790000915527344,3300,0.0,0.0
2023-07-20 00:00:00-04:00,16.766000747680664,16.799999237060547,16.551000595092773,16.799999237060547,13900,0.0,0.0
2023-07-21 00:00:00-04:00,16.635000228881836,16.809999465942383,16.530000686645508,16.799999237060547,2100,0.0,0.0
2023-07-24 00:00:00-04:00,16.889999389648438,16.90999984741211,16.540000915527344,16.90999984741211,900,0.0,0.0
2023-07-25 00:00:00-04:00,16.530000686645508,16.854999542236328,16.530000686645508,16.760000228881836,4300,0.0,0.0
2023-07-26 00:00:00-04:00,16.760000228881836,16.979999542236328,16.760000228881836,16.979999542236328,3600,0.0,0.0
2023-07-27 00:00:00-04:00,16.940000534057617,16.940000534057617,16.510000228881836,16.530000686645508,3100,0.0,0.0
2023-07-28 00:00:00-04:00,16.75,17.549999237060547,16.75,17.219999313354492,19200,0.0,0.0
2023-07-31 00:00:00-04:00,17.219999313354492,17.639999389648438,17.20199966430664,17.639999389648438,11200,0.0,0.0
2023-08-01 00:00:00-04:00,17.579999923706055,17.579999923706055,17.43000030517578,17.43000030517578,2100,0.0,0.0
2023-08-02 00:00:00-04:00,17.239999771118164,17.600000381469727,17.15999984741211,17.3439998626709,11600,0.0,0.0
2023-08-03 00:00:00-04:00,17.489999771118164,17.510000228881836,17.280000686645508,17.280000686645508,2400,0.0,0.0
2023-08-04 00:00:00-04:00,17.5,17.670000076293945,17.219999313354492,17.219999313354492,9200,0.0,0.0
2023-08-07 00:00:00-04:00,17.270000457763672,17.422000885009766,17.174999237060547,17.239999771118164,5700,0.0,0.0
2023-08-08 00:00:00-04:00,17.134000778198242,17.165000915527344,17.134000778198242,17.165000915527344,600,0.0,0.0
2023-08-09 00:00:00-04:00,17.364999771118164,17.364999771118164,17.364999771118164,17.364999771118164,500,0.0,0.0
2023-08-10 00:00:00-04:00,17.305999755859375,17.305999755859375,17.049999237060547,17.200000762939453,2200,0.0,0.0
2023-08-11 00:00:00-04:00,17.408000946044922,17.408000946044922,17.209999084472656,17.209999084472656,3500,0.0,0.0
2023-08-14 00:00:00-04:00,17.22100067138672,17.236000061035156,17.066999435424805,17.236000061035156,2100,0.0,0.0
2023-08-15 00:00:00-04:00,17.020000457763672,17.371999740600586,17.010000228881836,17.010000228881836,2500,0.0,0.0
2023-08-16 00:00:00-04:00,17.170000076293945,17.183000564575195,16.889999389648438,17.094999313354492,3200,0.0,0.0
2023-08-17 00:00:00-04:00,16.65999984741211,16.82699966430664,16.534000396728516,16.82699966430664,7000,0.0,0.0
2023-08-18 00:00:00-04:00,16.75,16.75,16.440000534057617,16.69499969482422,3700,0.0,0.0
2023-08-21 00:00:00-04:00,16.700000762939453,16.700000762939453,16.170000076293945,16.350000381469727,10300,0.0,0.0
2023-08-22 00:00:00-04:00,16.160999298095703,16.270000457763672,16.160999298095703,16.270000457763672,800,0.0,0.0
2023-08-23 00:00:00-04:00,16.18000030517578,16.6299991607666,16.18000030517578,16.479999542236328,5100,0.0,0.0
2023-08-24 00:00:00-04:00,16.479999542236328,16.479999542236328,16.190000534057617,16.34000015258789,1800,0.0,0.0
2023-08-25 00:00:00-04:00,16.450000762939453,16.450000762939453,16.079999923706055,16.195999145507812,5100,0.0,0.0
2023-08-28 00:00:00-04:00,16.343000411987305,16.65999984741211,16.299999237060547,16.299999237060547,7500,0.0,0.0
2023-08-29 00:00:00-04:00,16.329999923706055,16.525999069213867,16.25,16.344999313354492,5100,0.0,0.0
2023-08-30 00:00:00-04:00,15.956999778747559,16.358999252319336,15.956999778747559,16.280000686645508,3600,0.0,0.0
2023-08-31 00:00:00-04:00,16.270000457763672,16.5,16.1200008392334,16.5,11500,0.0,0.0
2023-09-01 00:00:00-04:00,16.389999389648438,16.39900016784668,16.235000610351562,16.235000610351562,1100,0.0,0.0
2023-09-05 00:00:00-04:00,16.15999984741211,16.450000762939453,16.15999984741211,16.350000381469727,20000,0.0,0.0
2023-09-06 00:00:00-04:00,16.399999618530273,16.46299934387207,16.350000381469727,16.450000762939453,6900,0.0,0.0
2023-09-07 00:00:00-04:00,16.190000534057617,16.59000015258789,16.190000534057617,16.59000015258789,1000,0.0,0.0
2023-09-08 00:00:00-04:00,16.43000030517578,16.65999984741211,16.43000030517578,16.65999984741211,1300,0.0,0.0
2023-09-11 00:00:00-04:00,16.700000762939453,16.719999313354492,16.427000045776367,16.427000045776367,1000,0.0,0.0
2023-09-12 00:00:00-04:00,16.545000076293945,16.645999908447266,16.545000076293945,16.610000610351562,1200,0.0,0.0
2023-09-13 00:00:00-04:00,16.6299991607666,16.6299991607666,16.18000030517578,16.520000457763672,1700,0.0,0.0
2023-09-14 00:00:00-04:00,16.459999084472656,16.690000534057617,16.459999084472656,16.54599952697754,1700,0.0,0.0
2023-09-15 00:00:00-04:00,16.719999313354492,16.719999313354492,16.520000457763672,16.709999084472656,3100,0.0,0.0
2023-09-18 00:00:00-04:00,16.670000076293945,16.729999542236328,16.610000610351562,16.610000610351562,3300,0.0,0.0
2023-09-19 00:00:00-04:00,16.700000762939453,16.70800018310547,16.459999084472656,16.6299991607666,12000,0.0,0.0
2023-09-20 00:00:00-04:00,16.549999237060547,16.64900016784668,16.530000686645508,16.549999237060547,8800,0.0,0.0
2023-09-21 00:00:00-04:00,16.559999465942383,16.559999465942383,16.18000030517578,16.18000030517578,5100,0.0,0.0
2023-09-22 00:00:00-04:00,16.280000686645508,16.357999801635742,16.18000030517578,16.219999313354492,2900,0.0,0.0
2023-09-25 00:00:00-04:00,16.18000030517578,16.32200050354004,16.15999984741211,16.19499969482422,2900,0.0,0.0
2023-09-26 00:00:00-04:00,16.110000610351562,16.190000534057617,16.030000686645508,16.049999237060547,9100,0.0,0.0
2023-09-27 00:00:00-04:00,16.149999618530273,16.149999618530273,16.0,16.149999618530273,7600,0.0,0.0
2023-09-28 00:00:00-04:00,16.049999237060547,16.260000228881836,16.010000228881836,16.219999313354492,4700,0.0,0.0
2023-09-29 00:00:00-04:00,16.25,16.389999389648438,16.25,16.31999969482422,21300,0.0,0.0
2023-10-02 00:00:00-04:00,16.31999969482422,16.31999969482422,16.149999618530273,16.149999618530273,4000,0.0,0.0
2023-10-03 00:00:00-04:00,16.149999618530273,16.149999618530273,15.800000190734863,15.937999725341797,16900,0.0,0.0
2023-10-04 00:00:00-04:00,15.949999809265137,16.115999221801758,15.75,16.040000915527344,9000,0.0,0.0
2023-10-05 00:00:00-04:00,15.890000343322754,16.104999542236328,15.890000343322754,16.06599998474121,10100,0.0,0.0
2023-10-06 00:00:00-04:00,15.760000228881836,15.970000267028809,15.751999855041504,15.800000190734863,9000,0.0,0.0
2023-10-09 00:00:00-04:00,15.965999603271484,15.965999603271484,15.9350004196167,15.9350004196167,3800,0.0,0.0
2023-10-10 00:00:00-04:00,15.892000198364258,15.892000198364258,15.892000198364258,15.892000198364258,1500,0.0,0.0
2023-10-11 00:00:00-04:00,16.030000686645508,16.11400032043457,16.030000686645508,16.11400032043457,2000,0.0,0.0
2023-10-12 00:00:00-04:00,16.1299991607666,16.1299991607666,15.880000114440918,15.880000114440918,1800,0.0,0.0
2023-10-13 00:00:00-04:00,15.906999588012695,15.970000267028809,15.8100004196167,15.904999732971191,2300,0.0,0.0
2023-10-16 00:00:00-04:00,15.817999839782715,15.890000343322754,15.751999855041504,15.800000190734863,5400,0.0,0.0
2023-10-17 00:00:00-04:00,15.800000190734863,15.800000190734863,15.579999923706055,15.654000282287598,21000,0.0,0.0
2023-10-18 00:00:00-04:00,15.6899995803833,15.6899995803833,15.479999542236328,15.479999542236328,2900,0.0,0.0
2023-10-19 00:00:00-04:00,15.59000015258789,15.59000015258789,15.482000350952148,15.482000350952148,3400,0.0,0.0
2023-10-20 00:00:00-04:00,15.359999656677246,15.479999542236328,15.170000076293945,15.375,8200,0.0,0.0
2023-10-23 00:00:00-04:00,15.425000190734863,15.425000190734863,15.25,15.329999923706055,16500,0.0,0.0
2023-10-24 00:00:00-04:00,15.470000267028809,15.550000190734863,15.40999984741211,15.539999961853027,5900,0.0,0.0
2023-10-25 00:00:00-04:00,15.229999542236328,15.543999671936035,15.210000038146973,15.399999618530273,7000,0.0,0.0
2023-10-26 00:00:00-04:00,15.489999771118164,15.829999923706055,15.489999771118164,15.819999694824219,19200,0.0,0.0
2023-10-27 00:00:00-04:00,15.510000228881836,15.758999824523926,15.510000228881836,15.670000076293945,6800,0.0,0.0
2023-10-30 00:00:00-04:00,15.734999656677246,15.734999656677246,15.609999656677246,15.609999656677246,1000,0.0,0.0
2023-10-31 00:00:00-04:00,15.520000457763672,15.800000190734863,15.319999694824219,15.800000190734863,16900,0.0,0.0
2023-11-01 00:00:00-04:00,15.8100004196167,15.883000373840332,15.800000190734863,15.880000114440918,5600,0.0,0.0
2023-11-02 00:00:00-04:00,16.260000228881836,16.489999771118164,16.260000228881836,16.489999771118164,11000,0.0,0.0
2023-11-03 00:00:00-04:00,16.420000076293945,16.450000762939453,16.020999908447266,16.3799991607666,7300,0.0,0.0
2023-11-06 00:00:00-05:00,16.35099983215332,16.417999267578125,16.35099983215332,16.3799991607666,1900,0.0,0.0
2023-11-07 00:00:00-05:00,16.309999465942383,16.43000030517578,16.239999771118164,16.239999771118164,7700,0.0,0.0
2023-11-08 00:00:00-05:00,16.131000518798828,16.334999084472656,16.131000518798828,16.229999542236328,2200,0.0,0.0
2023-11-09 00:00:00-05:00,16.329999923706055,16.440000534057617,16.209999084472656,16.209999084472656,39900,0.0,0.0
2023-11-10 00:00:00-05:00,16.34000015258789,16.34000015258789,16.239999771118164,16.290000915527344,1600,0.0,0.0
2023-11-13 00:00:00-05:00,16.392000198364258,16.399999618530273,16.329999923706055,16.399999618530273,3200,0.0,0.0
2023-11-14 00:00:00-05:00,16.5,17.2189998626709,16.5,16.649999618530273,24100,0.0,0.0
2023-11-15 00:00:00-05:00,16.649999618530273,16.649999618530273,16.649999618530273,16.649999618530273,600,0.0,0.0
2023-11-16 00:00:00-05:00,16.690000534057617,16.847000122070312,16.600000381469727,16.700000762939453,16500,0.0,0.0
2023-11-17 00:00:00-05:00,16.829999923706055,16.829999923706055,16.450000762939453,16.450000762939453,10100,0.0,0.0
2023-11-20 00:00:00-05:00,16.56999969482422,16.91200065612793,16.56999969482422,16.770000457763672,16200,0.0,0.0
2023-11-21 00:00:00-05:00,16.799999237060547,16.881000518798828,16.600000381469727,16.600000381469727,2000,0.0,0.0
2023-11-22 00:00:00-05:00,16.719999313354492,16.841999053955078,16.5,16.65999984741211,10600,0.0,0.0
2023-11-24 00:00:00-05:00,16.68000030517578,16.860000610351562,16.489999771118164,16.860000610351562,2200,0.0,0.0
2023-11-27 00:00:00-05:00,16.878000259399414,17.059999465942383,16.649999618530273,16.690000534057617,16000,0.0,0.0
2023-11-28 00:00:00-05:00,16.780000686645508,16.899999618530273,16.649999618530273,16.75,14300,0.0,0.0
2023-11-29 00:00:00-05:00,16.610000610351562,16.742000579833984,16.389999389648438,16.5,6300,0.0,0.0
2023-11-30 00:00:00-05:00,16.6200008392334,17.43000030517578,16.5,17.43000030517578,127500,0.0,0.0
2023-12-01 00:00:00-05:00,17.25,17.5,17.1299991607666,17.2450008392334,22000,0.0,0.0
2023-12-04 00:00:00-05:00,17.329999923706055,17.5,17.030000686645508,17.059999465942383,13500,0.0,0.0
2023-12-05 00:00:00-05:00,17.06999969482422,17.450000762939453,17.06999969482422,17.149999618530273,7900,0.0,0.0
2023-12-06 00:00:00-05:00,17.309999465942383,17.31999969482422,17.200000762939453,17.200000762939453,15200,0.0,0.0
2023-12-07 00:00:00-05:00,17.229999542236328,17.27899932861328,17.149999618530273,17.174999237060547,18200,0.0,0.0
2023-12-08 00:00:00-05:00,17.270000457763672,17.270000457763672,16.979999542236328,17.200000762939453,2100,0.0,0.0
2023-12-11 00:00:00-05:00,17.239999771118164,17.270000457763672,16.735000610351562,16.735000610351562,8100,0.0,0.0
2023-12-12 00:00:00-05:00,16.950000762939453,16.959999084472656,16.65999984741211,16.65999984741211,12300,0.0,0.0
2023-12-13 00:00:00-05:00,16.75,17.350000381469727,16.611000061035156,17.350000381469727,11800,0.0,0.0
2023-12-14 00:00:00-05:00,17.34000015258789,17.719999313354492,17.34000015258789,17.5,6300,0.0,0.0
2023-12-15 00:00:00-05:00,17.59000015258789,17.59000015258789,17.100000381469727,17.18000030517578,12100,0.0,0.0
2023-12-18 00:00:00-05:00,17.450000762939453,17.479999542236328,16.690000534057617,16.885000228881836,13500,0.0,0.0
2023-12-19 00:00:00-05:00,16.889999389648438,17.1299991607666,16.889999389648438,17.010000228881836,3300,0.0,0.0
2023-12-20 00:00:00-05:00,17.079999923706055,17.200000762939453,16.920000076293945,17.049999237060547,14700,0.0,0.0
2023-12-21 00:00:00-05:00,17.290000915527344,17.290000915527344,16.989999771118164,17.229999542236328,12800,0.0,0.0
2023-12-22 00:00:00-05:00,17.290000915527344,17.34000015258789,17.163000106811523,17.219999313354492,4200,0.0,0.0
2023-12-26 00:00:00-05:00,17.290000915527344,17.440000534057617,17.290000915527344,17.40999984741211,3500,0.0,0.0
2023-12-27 00:00:00-05:00,17.3799991607666,17.459999084472656,17.270000457763672,17.399999618530273,5400,0.0,0.0
2023-12-28 00:00:00-05:00,17.399999618530273,17.530000686645508,17.350000381469727,17.420000076293945,6900,0.0,0.0
2023-12-29 00:00:00-05:00,17.420000076293945,17.459999084472656,17.190000534057617,17.190000534057617,10600,0.0,0.0
2024-01-02 00:00:00-05:00,17.225000381469727,17.389999389648438,17.225000381469727,17.389999389648438,3600,0.0,0.0
2024-01-03 00:00:00-05:00,17.219999313354492,17.559999465942383,17.04599952697754,17.3799991607666,7500,0.0,0.0
2024-01-04 00:00:00-05:00,17.440000534057617,17.440000534057617,17.299999237060547,17.389999389648438,3300,0.0,0.0
2024-01-05 00:00:00-05:00,17.389999389648438,17.459999084472656,17.354999542236328,17.459999084472656,2200,0.0,0.0
2024-01-08 00:00:00-05:00,17.469999313354492,17.530000686645508,17.389999389648438,17.43000030517578,5800,0.0,0.0
2024-01-09 00:00:00-05:00,17.540000915527344,17.56999969482422,17.489999771118164,17.530000686645508,2300,0.0,0.0
2024-01-10 00:00:00-05:00,17.600000381469727,17.600000381469727,17.579999923706055,17.579999923706055,1100,0.0,0.0
2024-01-11 00:00:00-05:00,17.485000610351562,17.600000381469727,17.3799991607666,17.600000381469727,4400,0.0,0.0
2024-01-12 00:00:00-05:00,17.600000381469727,17.829999923706055,17.399999618530273,17.829999923706055,5700,0.0,0.0
2024-01-16 00:00:00-05:00,17.829999923706055,17.829999923706055,17.614999771118164,17.72599983215332,1900,0.0,0.0
2024-01-17 00:00:00-05:00,17.649999618530273,17.790000915527344,17.584999084472656,17.780000686645508,4500,0.0,0.0
2024-01-18 00:00:00-05:00,17.84000015258789,17.84000015258789,17.525999069213867,17.700000762939453,3500,0.0,0.0
2024-01-19 00:00:00-05:00,17.649999618530273,17.700000762939453,17.575000762939453,17.59600067138672,1900,0.0,0.0
2024-01-22 00:00:00-05:00,17.549999237060547,17.979999542236328,17.549999237060547,17.850000381469727,14100,0.0,0.0
2024-01-23 00:00:00-05:00,17.8700008392334,18.030000686645508,17.75,18.030000686645508,4500,0.0,0.0
2024-01-24 00:00:00-05:00,18.139999389648438,18.159000396728516,17.920000076293945,18.018999099731445,6700,0.0,0.0
2024-01-25 00:00:00-05:00,18.059999465942383,18.177000045776367,17.850000381469727,18.040000915527344,28800,0.0,0.0
2024-01-26 00:00:00-05:00,18.0,18.0939998626709,17.920000076293945,18.020000457763672,3400,0.0,0.0
2024-01-29 00:00:00-05:00,17.979999542236328,18.075000762939453,17.959999084472656,18.05299949645996,4400,0.0,0.0
2024-01-30 00:00:00-05:00,17.969999313354492,18.21500015258789,17.959999084472656,17.989999771118164,4400,0.0,0.0
2024-01-31 00:00:00-05:00,18.030000686645508,18.19099998474121,17.860000610351562,18.09000015258789,23300,0.0,0.0
2024-02-01 00:00:00-05:00,18.100000381469727,18.3700008392334,17.760000228881836,18.3700008392334,28100,0.0,0.0
2024-02-02 00:00:00-05:00,18.139999389648438,18.299999237060547,18.020000457763672,18.299999237060547,3300,0.0,0.0
2024-02-05 00:00:00-05:00,18.235000610351562,18.350000381469727,18.1200008392334,18.280000686645508,37300,0.0,0.0
2024-02-06 00:00:00-05:00,18.200000762939453,18.389999389648438,18.190000534057617,18.209999084472656,9700,0.0,0.0
2024-02-07 00:00:00-05:00,18.309999465942383,18.43000030517578,18.309999465942383,18.43000030517578,4700,0.0,0.0
2024-02-08 00:00:00-05:00,18.420000076293945,18.452999114990234,18.207000732421875,18.361000061035156,7600,0.0,0.0
2024-02-09 00:00:00-05:00,18.450000762939453,18.549999237060547,18.288999557495117,18.440000534057617,5400,0.0,0.0
2024-02-12 00:00:00-05:00,18.489999771118164,18.600000381469727,18.399999618530273,18.59000015258789,7700,0.0,0.0
2024-02-13 00:00:00-05:00,18.389999389648438,18.600000381469727,18.389999389648438,18.43000030517578,1900,0.0,0.0
2024-02-14 00:00:00-05:00,18.56999969482422,18.56999969482422,18.399999618530273,18.399999618530273,3300,0.0,0.0
2024-02-15 00:00:00-05:00,18.440000534057617,18.459999084472656,18.360000610351562,18.450000762939453,3900,0.0,0.0
2024-02-16 00:00:00-05:00,18.520000457763672,18.520000457763672,18.260000228881836,18.260000228881836,2100,0.0,0.0
2024-02-20 00:00:00-05:00,18.427000045776367,18.427000045776367,18.329999923706055,18.40999984741211,1000,0.0,0.0
2024-02-21 00:00:00-05:00,18.530000686645508,18.530000686645508,18.364999771118164,18.450000762939453,4700,0.0,0.0
2024-02-22 00:00:00-05:00,18.530000686645508,18.59000015258789,18.459999084472656,18.469999313354492,2000,0.0,0.0
2024-02-23 00:00:00-05:00,18.600000381469727,18.920000076293945,18.600000381469727,18.920000076293945,9900,0.0,0.0
2024-02-26 00:00:00-05:00,18.93000030517578,18.93000030517578,18.739999771118164,18.90999984741211,7700,0.0,0.0
2024-02-27 00:00:00-05:00,18.850000381469727,18.959999084472656,18.760000228881836,18.780000686645508,3000,0.0,0.0
2024-02-28 00:00:00-05:00,18.600000381469727,18.6200008392334,18.479999542236328,18.489999771118164,1700,0.0,0.0
2024-02-29 00:00:00-05:00,18.65999984741211,18.704999923706055,18.459999084472656,18.459999084472656,5900,0.0,0.0
2024-03-01 00:00:00-05:00,18.510000228881836,18.670000076293945,18.469999313354492,18.510000228881836,3300,0.0,0.0
2024-03-04 00:00:00-05:00,18.459999084472656,18.66200065612793,18.459999084472656,18.565000534057617,4000,0.0,0.0
2024-03-05 00:00:00-05:00,18.530000686645508,18.65999984741211,18.530000686645508,18.65999984741211,3100,0.0,0.0
2024-03-06 00:00:00-05:00,18.777999877929688,18.860000610351562,18.65999984741211,18.65999984741211,6100,0.0,0.0
2024-03-07 00:00:00-05:00,18.809999465942383,18.809999465942383,18.690000534057617,18.75,3200,0.0,0.0
2024-03-08 00:00:00-05:00,18.940000534057617,18.964000701904297,18.889999389648438,18.920000076293945,5400,0.0,0.0
2024-03-11 00:00:00-04:00,18.899999618530273,19.040000915527344,18.899999618530273,18.969999313354492,3100,0.0,0.0
2024-03-12 00:00:00-04:00,18.969999313354492,19.0,18.790000915527344,18.81999969482422,2600,0.0,0.0
2024-03-13 00:00:00-04:00,18.850000381469727,19.020000457763672,18.75,18.950000762939453,9900,0.0,0.0
2024-03-14 00:00:00-04:00,18.950000762939453,18.950000762939453,18.829999923706055,18.920000076293945,4300,0.0,0.0
2024-03-15 00:00:00-04:00,18.969999313354492,19.0,18.812000274658203,18.979999542236328,3800,0.0,0.0
2024-03-18 00:00:00-04:00,18.850000381469727,18.950000762939453,18.770000457763672,18.799999237060547,5800,0.0,0.0
2024-03-19 00:00:00-04:00,18.889999389648438,19.040000915527344,18.857999801635742,18.98200035095215,6000,0.0,0.0
2024-03-20 00:00:00-04:00,19.079999923706055,19.09000015258789,18.969999313354492,19.030000686645508,6400,0.0,0.0
2024-03-21 00:00:00-04:00,19.040000915527344,19.290000915527344,18.972999572753906,18.972999572753906,9200,0.0,0.0
2024-03-22 00:00:00-04:00,19.270000457763672,19.270000457763672,19.19499969482422,19.200000762939453,1200,0.0,0.0
2024-03-25 00:00:00-04:00,19.049999237060547,19.173999786376953,18.799999237060547,18.899999618530273,11300,0.0,0.0
2024-03-26 00:00:00-04:00,18.850000381469727,18.959999084472656,18.739999771118164,18.739999771118164,6400,0.0,0.0
2024-03-27 00:00:00-04:00,18.75,19.010000228881836,18.739999771118164,19.010000228881836,3900,0.0,0.0
2024-03-28 00:00:00-04:00,19.049999237060547,19.093000411987305,18.860000610351562,18.860000610351562,4400,0.0,0.0
2024-04-01 00:00:00-04:00,18.760000228881836,19.170000076293945,18.739999771118164,19.059999465942383,7100,0.0,0.0
2024-04-02 00:00:00-04:00,18.780000686645508,18.989999771118164,18.739999771118164,18.979999542236328,5100,0.0,0.0
2024-04-03 00:00:00-04:00,18.979999542236328,19.06999969482422,18.979999542236328,19.06999969482422,6200,0.0,0.0
2024-04-04 00:00:00-04:00,19.06999969482422,19.200000762939453,18.940000534057617,19.172000885009766,2400,0.0,0.0
2024-04-05 00:00:00-04:00,19.209999084472656,19.209999084472656,19.12299919128418,19.16699981689453,8000,0.0,0.0
2024-04-08 00:00:00-04:00,19.15999984741211,19.219999313354492,19.149999618530273,19.18000030517578,2800,0.0,0.0
2024-04-09 00:00:00-04:00,19.1299991607666,19.174999237060547,19.1299991607666,19.174999237060547,1100,0.0,0.0
2024-04-10 00:00:00-04:00,19.030000686645508,19.049999237060547,18.739999771118164,18.829999923706055,8200,0.0,0.0
2024-04-11 00:00:00-04:00,18.760000228881836,18.760000228881836,18.420000076293945,18.600000381469727,14800,0.0,0.0
2024-04-12 00:00:00-04:00,18.459999084472656,18.690000534057617,18.459999084472656,18.68000030517578,12000,0.0,0.0
2024-04-15 00:00:00-04:00,18.364999771118164,18.549999237060547,18.079999923706055,18.110000610351562,20200,0.0,0.0
2024-04-16 00:00:00-04:00,17.989999771118164,18.389999389648438,17.989999771118164,18.200000762939453,3900,0.0,0.0
2024-04-17 00:00:00-04:00,18.235000610351562,18.350000381469727,18.235000610351562,18.34000015258789,1300,0.0,0.0
2024-04-18 00:00:00-04:00,18.25,18.559999465942383,18.209999084472656,18.219999313354492,4900,0.0,0.0
2024-04-19 00:00:00-04:00,18.219999313354492,18.219999313354492,18.219999313354492,18.219999313354492,500,0.0,0.0
2024-04-22 00:00:00-04:00,18.489999771118164,18.489999771118164,18.231000900268555,18.399999618530273,4500,0.0,0.0
2024-04-23 00:00:00-04:00,18.479999542236328,18.6299991607666,18.479999542236328,18.6299991607666,3200,0.0,0.0
2024-04-24 00:00:00-04:00,18.639999389648438,18.670000076293945,18.43000030517578,18.459999084472656,1800,0.0,0.0
2024-04-25 00:00:00-04:00,18.440000534057617,18.440000534057617,18.139999389648438,18.149999618530273,8400,0.0,0.0
2024-04-26 00:00:00-04:00,18.139999389648438,18.280000686645508,18.139999389648438,18.219999313354492,2200,0.0,0.0
2024-04-29 00:00:00-04:00,18.219999313354492,18.295000076293945,18.040000915527344,18.25,6200,0.0,0.0
2024-04-30 00:00:00-04:00,18.200000762939453,18.236000061035156,17.860000610351562,17.959999084472656,8400,0.0,0.0
2024-05-01 00:00:00-04:00,18.0,18.31999969482422,17.969999313354492,18.31999969482422,3700,0.0,0.0
2024-05-02 00:00:00-04:00,18.100000381469727,18.3799991607666,18.100000381469727,18.260000228881836,10200,0.0,0.0
2024-05-03 00:00:00-04:00,18.434999465942383,18.56999969482422,18.43000030517578,18.510000228881836,1800,0.0,0.0
2024-05-06 00:00:00-04:00,18.496999740600586,18.549999237060547,18.420000076293945,18.549999237060547,3300,0.0,0.0
2024-05-07 00:00:00-04:00,18.670000076293945,18.739999771118164,18.549999237060547,18.600000381469727,5400,0.0,0.0
2024-05-08 00:00:00-04:00,18.700000762939453,18.700000762939453,18.3799991607666,18.3799991607666,3900,0.0,0.0
2024-05-09 00:00:00-04:00,18.481000900268555,18.5,18.25,18.25,3700,0.0,0.0
2024-05-10 00:00:00-04:00,18.389999389648438,18.389999389648438,18.28499984741211,18.28499984741211,1300,0.0,0.0
2024-05-13 00:00:00-04:00,18.468000411987305,18.59000015258789,18.329999923706055,18.329999923706055,4200,0.0,0.0
2024-05-14 00:00:00-04:00,18.503000259399414,18.579999923706055,18.239999771118164,18.239999771118164,5300,0.0,0.0
2024-05-15 00:00:00-04:00,18.510000228881836,18.559999465942383,18.510000228881836,18.559999465942383,2000,0.0,0.0
2024-05-16 00:00:00-04:00,18.479999542236328,18.56999969482422,18.469999313354492,18.5,6500,0.0,0.0
2024-05-17 00:00:00-04:00,18.530000686645508,18.540000915527344,18.423999786376953,18.530000686645508,2900,0.0,0.0
2024-05-20 00:00:00-04:00,18.530000686645508,18.68000030517578,18.530000686645508,18.549999237060547,2300,0.0,0.0
2024-05-21 00:00:00-04:00,18.6299991607666,18.6299991607666,18.489999771118164,18.520000457763672,2500,0.0,0.0
2024-05-22 00:00:00-04:00,18.753000259399414,18.753000259399414,18.479999542236328,18.479999542236328,1600,0.0,0.0
2024-05-23 00:00:00-04:00,18.489999771118164,18.489999771118164,18.31999969482422,18.459999084472656,11100,0.0,0.0
2024-05-24 00:00:00-04:00,18.479999542236328,18.530000686645508,18.299999237060547,18.530000686645508,6900,0.0,0.0
2024-05-28 00:00:00-04:00,18.420000076293945,18.600000381469727,18.399999618530273,18.459999084472656,16700,0.0,0.0
2024-05-29 00:00:00-04:00,18.399999618530273,18.399999618530273,18.315000534057617,18.315000534057617,4800,0.0,0.0
2024-05-30 00:00:00-04:00,18.229999542236328,18.357999801635742,18.229999542236328,18.260000228881836,20500,0.0,0.0
2024-05-31 00:00:00-04:00,18.399999618530273,18.639999389648438,18.256999969482422,18.280000686645508,133800,0.0,0.0
2024-06-03 00:00:00-04:00,18.299999237060547,18.56999969482422,18.200000762939453,18.3700008392334,3500,0.0,0.0
2024-06-04 00:00:00-04:00,17.950000762939453,18.479999542236328,17.950000762939453,18.395000457763672,2700,0.0,0.0
2024-06-05 00:00:00-04:00,18.3799991607666,18.399999618530273,18.149999618530273,18.149999618530273,5600,0.0,0.0
2024-06-06 00:00:00-04:00,18.20199966430664,18.479999542236328,18.20199966430664,18.479999542236328,5500,0.0,0.0
2024-06-07 00:00:00-04:00,18.219999313354492,18.479999542236328,18.219999313354492,18.450000762939453,3100,0.0,0.0
2024-06-10 00:00:00-04:00,18.280000686645508,18.350000381469727,18.243999481201172,18.350000381469727,2400,0.0,0.0
2024-06-11 00:00:00-04:00,18.277999877929688,18.277999877929688,18.200000762939453,18.239999771118164,3800,0.0,0.0
2024-06-12 00:00:00-04:00,18.149999618530273,18.43000030517578,18.025999069213867,18.22599983215332,3500,0.0,0.0
2024-06-13 00:00:00-04:00,18.309999465942383,18.459999084472656,18.290000915527344,18.290000915527344,3000,0.0,0.0
2024-06-14 00:00:00-04:00,18.3700008392334,18.399999618530273,18.30500030517578,18.30500030517578,1200,0.0,0.0
2024-06-17 00:00:00-04:00,18.3700008392334,18.40999984741211,18.15999984741211,18.40999984741211,3300,0.0,0.0
2024-06-18 00:00:00-04:00,18.440000534057617,18.440000534057617,18.280000686645508,18.280000686645508,2700,0.0,0.0
2024-06-20 00:00:00-04:00,18.239999771118164,18.440000534057617,18.239999771118164,18.270000457763672,4100,0.0,0.0
2024-06-21 00:00:00-04:00,18.41200065612793,18.41200065612793,18.364999771118164,18.364999771118164,1400,0.0,0.0
2024-06-24 00:00:00-04:00,18.409000396728516,18.482999801635742,18.409000396728516,18.482999801635742,1100,0.0,0.0
2024-06-25 00:00:00-04:00,18.530000686645508,18.600000381469727,18.25,18.301000595092773,3900,0.0,0.0
2024-06-26 00:00:00-04:00,18.420000076293945,18.600000381469727,18.334999084472656,18.479999542236328,2500,0.0,0.0
2024-06-27 00:00:00-04:00,18.389999389648438,18.440000534057617,18.25,18.25,7000,0.0,0.0
2024-06-28 00:00:00-04:00,18.15999984741211,18.270000457763672,18.149999618530273,18.149999618530273,2900,0.0,0.0
2024-07-01 00:00:00-04:00,18.280000686645508,18.280000686645508,17.93000030517578,18.09000015258789,9100,0.0,0.0
2024-07-02 00:00:00-04:00,18.219999313354492,18.219999313354492,18.059999465942383,18.059999465942383,1500,0.0,0.0
2024-07-03 00:00:00-04:00,18.15999984741211,18.378999710083008,18.15999984741211,18.3700008392334,2100,0.0,0.0
2024-07-05 00:00:00-04:00,18.34000015258789,18.34000015258789,18.15999984741211,18.329999923706055,2400,0.0,0.0
2024-07-08 00:00:00-04:00,18.43000030517578,18.43000030517578,18.329999923706055,18.40999984741211,1400,0.0,0.0
2024-07-09 00:00:00-04:00,18.3700008392334,18.399999618530273,18.219999313354492,18.219999313354492,3900,0.0,0.0
2024-07-10 00:00:00-04:00,18.270000457763672,18.270000457763672,18.270000457763672,18.270000457763672,800,0.0,0.0
2024-07-11 00:00:00-04:00,18.280000686645508,18.56999969482422,18.280000686645508,18.510000228881836,4000,0.0,0.0
2024-07-12 00:00:00-04:00,18.6200008392334,18.68000030517578,18.6200008392334,18.68000030517578,2400,0.0,0.0
2024-07-15 00:00:00-04:00,18.6200008392334,18.68000030517578,18.610000610351562,18.645999908447266,2800,0.0,0.0
2024-07-16 00:00:00-04:00,18.690000534057617,18.70400047302246,18.690000534057617,18.70400047302246,1400,0.0,0.0
2024-07-17 00:00:00-04:00,18.729999542236328,18.899999618530273,18.68000030517578,18.899999618530273,5400,0.0,0.0
2024-07-18 00:00:00-04:00,18.92300033569336,18.929000854492188,18.8799991607666,18.920000076293945,2100,0.0,0.0
2024-07-19 00:00:00-04:00,18.75,18.75,18.5,18.520000457763672,7600,0.0,0.0
2024-07-22 00:00:00-04:00,18.6299991607666,18.729999542236328,18.469999313354492,18.52400016784668,8500,0.0,0.0
2024-07-23 00:00:00-04:00,18.479999542236328,18.660999298095703,18.469999313354492,18.489999771118164,3900,0.0,0.0
2024-07-24 00:00:00-04:00,18.356000900268555,18.458999633789062,18.2450008392334,18.309999465942383,4500,0.0,0.0
2024-07-25 00:00:00-04:00,18.25,18.445999145507812,18.15999984741211,18.15999984741211,7300,0.0,0.0
2024-07-26 00:00:00-04:00,18.15999984741211,18.280000686645508,18.15999984741211,18.239999771118164,6400,0.0,0.0
2024-07-29 00:00:00-04:00,18.239999771118164,18.239999771118164,18.149999618530273,18.209999084472656,2800,0.0,0.0
2024-07-30 00:00:00-04:00,18.149999618530273,18.149999618530273,17.989999771118164,18.100000381469727,5800,0.0,0.0
2024-07-31 00:00:00-04:00,18.059999465942383,18.309999465942383,18.059999465942383,18.25,10400,0.0,0.0
2024-08-01 00:00:00-04:00,18.239999771118164,18.3799991607666,18.110000610351562,18.239999771118164,7400,0.0,0.0
2024-08-02 00:00:00-04:00,18.360000610351562,18.520000457763672,17.8700008392334,18.5,5700,0.0,0.0
2024-08-05 00:00:00-04:00,18.1299991607666,18.440000534057617,17.940000534057617,18.270000457763672,4100,0.0,0.0
2024-08-06 00:00:00-04:00,18.040000915527344,18.739999771118164,18.040000915527344,18.569000244140625,16700,0.0,0.0
2024-08-07 00:00:00-04:00,18.450000762939453,18.739999771118164,18.450000762939453,18.65999984741211,3600,0.0,0.0
2024-08-08 00:00:00-04:00,18.459999084472656,18.719999313354492,18.459999084472656,18.719999313354492,3000,0.0,0.0
2024-08-09 00:00:00-04:00,18.6200008392334,18.71299934387207,18.489999771118164,18.56999969482422,4200,0.0,0.0
