Date,Open,High,Low,Close,Volume,Dividends,Stock Splits
2013-02-07 00:00:00+09:00,2688.1169950045073,2878.728927377554,2477.9551208496096,2541.492431640625,17929722,0.0,0.0
2013-02-08 00:00:00+09:00,2629.4673466719983,2663.679747093381,2477.955287663017,2482.8427734375,3950312,0.0,0.0
2013-02-12 00:00:00+09:00,2517.055242274835,2585.480044977452,2397.3118375452555,2404.64306640625,2537772,0.0,0.0
2013-02-13 00:00:00+09:00,2426.636477050781,2619.6921484375,2394.867822265625,2443.74267578125,4700188,0.0,0.0
2013-02-14 00:00:00+09:00,2468.1800626067497,2512.167430059147,2392.424040883176,2414.417724609375,2090466,0.0,0.0
2013-02-15 00:00:00+09:00,2424.1927944214876,2438.8552508393595,2360.655483277376,2365.54296875,939444,0.0,0.0
2013-02-18 00:00:00+09:00,2385.0928715023533,2385.0928715023533,2287.343163653896,2336.218017578125,1156694,0.0,0.0
2013-02-19 00:00:00+09:00,2336.21822856385,2411.974258987992,2321.5557710624034,2375.318115234375,1027956,0.0,0.0
2013-02-20 00:00:00+09:00,2360.65540481826,2360.65540481826,2287.3431251655193,2306.89306640625,1432828,0.0,0.0
2013-02-21 00:00:00+09:00,2306.8932799666327,2473.0677958964325,2306.8932799666327,2380.20556640625,1317386,0.0,0.0
2013-02-22 00:00:00+09:00,2375.3180148216984,2463.292756111391,2326.4431585496473,2424.19287109375,821754,0.0,0.0
2013-02-25 00:00:00+09:00,2404.6430302372682,2441.2991739908853,2350.880686065297,2375.318115234375,447824,0.0,0.0
2013-02-26 00:00:00+09:00,2350.880546490845,2367.986745893585,2306.893176598085,2360.655517578125,254366,0.0,0.0
2013-02-27 00:00:00+09:00,2394.8679914378154,2433.9678770123105,2345.993134469697,2419.305419921875,450120,0.0,0.0
2013-02-28 00:00:00+09:00,2419.3054525073794,2441.299138439265,2380.20556640625,2380.20556640625,334308,0.0,0.0
2013-03-04 00:00:00+09:00,2377.7616783158087,2392.4241347083007,2331.33056640625,2331.33056640625,336354,0.0,0.0
2013-03-05 00:00:00+09:00,2345.9929906542056,2380.2053884345796,2314.22433557243,2353.32421875,281000,0.0,0.0
2013-03-06 00:00:00+09:00,2380.205425167872,2453.5177072572315,2358.211740541064,2365.54296875,417946,0.0,0.0
2013-03-07 00:00:00+09:00,2385.0929588123777,2507.2800980957986,2345.993074241683,2497.505126953125,620378,0.0,0.0
2013-03-08 00:00:00+09:00,2477.9550732421876,2507.2799853515626,2433.967705078125,2443.74267578125,785320,0.0,0.0
2013-03-11 00:00:00+09:00,2438.8553033188045,2565.9299283414275,2414.4178754298387,2531.717529296875,1016136,0.0,0.0
2013-03-12 00:00:00+09:00,2536.604946195162,2556.154887977013,2497.5050626314605,2541.492431640625,350602,0.0,0.0
2013-03-13 00:00:00+09:00,2575.7047706717876,2678.3419626719915,2526.829917338357,2619.692138671875,868152,0.0,0.0
2013-03-14 00:00:00+09:00,2619.6924174941587,2663.6797901759637,2536.605157984083,2614.804931640625,739714,0.0,0.0
2013-03-15 00:00:00+09:00,2590.3675704103443,2639.2424302294075,2502.392822736031,2536.605224609375,400640,0.0,0.0
2013-03-18 00:00:00+09:00,2585.479941198068,2585.479941198068,2497.5051983973776,2521.942626953125,418836,0.0,0.0
2013-03-19 00:00:00+09:00,2531.717672130549,2644.129846761828,2507.2802428628797,2614.804931640625,836704,0.0,0.0
2013-03-20 00:00:00+09:00,2639.2422564765334,2732.104484019226,2531.7175719534157,2629.46728515625,1331722,0.0,0.0
2013-03-21 00:00:00+09:00,2629.4670525150023,2707.6668161585712,2629.4670525150023,2697.891845703125,745238,0.0,0.0
2013-03-22 00:00:00+09:00,2658.7922727272726,2736.9920454545454,2658.7922727272726,2688.1171875,537358,0.0,0.0
2013-03-25 00:00:00+09:00,2756.541812711149,2785.8667256123313,2697.891986908784,2712.554443359375,518652,0.0,0.0
2013-03-26 00:00:00+09:00,2683.2294530710465,2717.441850469038,2629.467114302774,2653.904541015625,374032,0.0,0.0
2013-03-27 00:00:00+09:00,2653.9047505995804,2727.2170365277457,2653.9047505995804,2658.792236328125,467248,0.0,0.0
2013-03-28 00:00:00+09:00,2649.0172670783236,2712.5545816023423,2639.24229561309,2693.004638671875,373002,0.0,0.0
2013-03-29 00:00:00+09:00,2707.6669538734604,2712.554439349766,2644.129642681484,2678.342041015625,431776,0.0,0.0
2013-04-01 00:00:00+09:00,2688.117219443633,2688.117219443633,2536.605157984083,2614.804931640625,803516,0.0,0.0
2013-04-02 00:00:00+09:00,2614.804895181061,2629.4673525372164,2517.055179473358,2585.47998046875,426490,0.0,0.0
2013-04-03 00:00:00+09:00,2585.479723202285,2761.429193968414,2546.379840809812,2727.216796875,907864,0.0,0.0
2013-04-04 00:00:00+09:00,2688.11705346201,2761.4293367382465,2590.367342427028,2741.87939453125,517766,0.0,0.0
2013-04-05 00:00:00+09:00,2741.8795364834173,2868.9541674077823,2712.5546216547177,2790.75439453125,685456,0.0,0.0
2013-04-08 00:00:00+09:00,2776.091931818182,2810.3043323863635,2629.4673579545456,2688.1171875,530522,0.0,0.0
2013-04-09 00:00:00+09:00,2688.117121114714,2756.54192056127,2605.0298646438955,2732.1044921875,781544,0.0,0.0
2013-04-10 00:00:00+09:00,2736.991782707254,2849.403945211302,2717.441841402202,2829.85400390625,622220,0.0,0.0
2013-04-11 00:00:00+09:00,2859.1789306640626,2966.7036083984376,2810.3040771484375,2932.4912109375,875632,0.0,0.0
2013-04-12 00:00:00+09:00,3049.791154233871,3225.7406439012098,3015.578753465222,3030.2412109375,1984394,0.0,0.0
2013-04-15 00:00:00+09:00,3088.890862029733,3123.103260818037,2991.1411512060076,3020.466064453125,947828,0.0,0.0
2013-04-16 00:00:00+09:00,2981.3661869869957,3123.1032680076887,2971.59121588212,3088.890869140625,1159476,0.0,0.0
2013-04-17 00:00:00+09:00,3118.215769675926,3323.490162037037,3088.8908564814815,3299.052734375,1408952,0.0,0.0
2013-04-18 00:00:00+09:00,3318.6025846962616,3318.6025846962616,3137.765625,3137.765625,1075996,0.0,0.0
2013-04-19 00:00:00+09:00,3069.3408670307676,3191.528003457152,2996.0285851749372,3167.090576171875,739520,0.0,0.0
2013-04-22 00:00:00+09:00,3127.9906925154323,3206.190459828318,3113.328236144266,3167.090576171875,619078,0.0,0.0
2013-04-23 00:00:00+09:00,3152.428330212105,3211.0781596113998,3113.328443945908,3206.190673828125,485064,0.0,0.0
2013-04-24 00:00:00+09:00,3255.0653535335437,3294.1652376600728,3152.428157701405,3196.41552734375,475584,0.0,0.0
2013-04-25 00:00:00+09:00,3196.4156585353735,3196.4156585353735,3064.4535441921703,3074.228515625,592790,0.0,0.0
2013-04-26 00:00:00+09:00,3035.128524609375,3118.21577890625,3030.2410390625,3054.678466796875,540876,0.0,0.0
2013-04-29 00:00:00+09:00,3054.678679618069,3171.978340915403,3035.1287360685133,3162.203369140625,652912,0.0,0.0
2013-04-30 00:00:00+09:00,3191.52803027498,3191.52803027498,3059.565921825632,3093.7783203125,329732,0.0,0.0
2013-05-02 00:00:00+09:00,3103.5533257979378,3103.5533257979378,3020.466071406497,3088.890869140625,209376,0.0,0.0
2013-05-03 00:00:00+09:00,3084.0034298238334,3250.1779410980175,3084.0034298238334,3220.85302734375,635188,0.0,0.0
2013-05-06 00:00:00+09:00,3274.6152511640403,3435.902270997493,3245.290338467049,3411.46484375,1383456,0.0,0.0
2013-05-07 00:00:00+09:00,3460.339698244986,3489.664610941977,3347.927532906519,3411.46484375,585786,0.0,0.0
2013-05-08 00:00:00+09:00,3426.1273345728346,3431.014820071512,3347.9275665939967,3406.577392578125,513046,0.0,0.0
2013-05-09 00:00:00+09:00,3421.239826908032,3548.3144490503305,3396.8023995729745,3514.10205078125,1040722,0.0,0.0
2013-05-10 00:00:00+09:00,3475.0020657272553,3567.8642868929624,3470.114580402744,3528.764404296875,542556,0.0,0.0
2013-05-13 00:00:00+09:00,3558.089638157895,3621.626953125,3514.1022662575915,3621.626953125,727668,0.0,0.0
2013-05-14 00:00:00+09:00,3621.627021164191,3626.5145070227118,3475.0024454085556,3577.6396484375,829816,0.0,0.0
2013-05-15 00:00:00+09:00,3572.7519428091987,3572.7519428091987,3470.11474609375,3470.11474609375,335136,0.0,0.0
2013-05-16 00:00:00+09:00,3518.9896487025103,3650.9517605288543,3509.2146774561143,3602.076904296875,739038,0.0,0.0
2013-05-20 00:00:00+09:00,3621.6268187177943,3690.0516169121925,3597.1893907912236,3675.38916015625,524126,0.0,0.0
2013-05-21 00:00:00+09:00,3704.7140893027317,3866.001114298761,3646.0642620314484,3846.451171875,882092,0.0,0.0
2013-05-22 00:00:00+09:00,3826.9012692260744,3968.6383532714844,3763.3639556884764,3909.988525390625,669922,0.0,0.0
2013-05-23 00:00:00+09:00,3909.988525390625,3929.538468017578,3826.9012692260744,3909.988525390625,455284,0.0,0.0
2013-05-24 00:00:00+09:00,3861.1135975579796,3929.5383954893864,3807.3512563261593,3885.551025390625,463212,0.0,0.0
2013-05-27 00:00:00+09:00,3885.5510219825705,3905.1009642315394,3807.351252986695,3851.338623046875,290942,0.0,0.0
2013-05-28 00:00:00+09:00,3812.2387726334177,3851.33865748094,3724.2640317264927,3846.451171875,571122,0.0,0.0
2013-05-29 00:00:00+09:00,3880.663549685011,4051.725544948204,3822.0137227376304,3988.188232421875,646284,0.0,0.0
2013-05-30 00:00:00+09:00,4017.5132830696816,4022.4007688155084,3861.113739203222,3934.426025390625,409000,0.0,0.0
2013-05-31 00:00:00+09:00,3953.975999431369,3953.975999431369,3738.9266249258308,3861.11376953125,519610,0.0,0.0
2013-06-03 00:00:00+09:00,3807.3511427163767,3861.113482343951,3734.038861406049,3797.576171875,327342,0.0,0.0
2013-06-04 00:00:00+09:00,3763.3639389480954,3797.576338393078,3592.301941723182,3704.714111328125,526420,0.0,0.0
2013-06-05 00:00:00+09:00,3675.3892903645833,3704.7142049153645,3509.214774576823,3518.98974609375,187398,0.0,0.0
2013-06-07 00:00:00+09:00,3543.426963583319,3592.3018182534333,3211.0779518265385,3514.10205078125,482586,0.0,0.0
2013-06-10 00:00:00+09:00,3514.10205078125,3553.2019345173417,3431.014797842055,3514.10205078125,340248,0.0,0.0
2013-06-11 00:00:00+09:00,3518.989570638928,3538.539512698033,3387.0274617399677,3509.214599609375,296638,0.0,0.0
2013-06-12 00:00:00+09:00,3504.3272590481506,3626.5144019717263,3445.6774304448345,3592.302001953125,302090,0.0,0.0
2013-06-13 00:00:00+09:00,3582.527066991397,3680.276782325405,3553.2021523911944,3621.626953125,380552,0.0,0.0
2013-06-14 00:00:00+09:00,3621.6267432960303,3641.176685230152,3499.4396062077703,3616.7392578125,174672,0.0,0.0
2013-06-17 00:00:00+09:00,3572.7519035339355,3592.301845550537,3323.4901428222656,3440.789794921875,472486,0.0,0.0
2013-06-18 00:00:00+09:00,3440.789869937151,3504.3271828763313,3377.2525569979707,3499.439697265625,168344,0.0,0.0
2013-06-19 00:00:00+09:00,3479.8897172095067,3499.439659441021,3401.6899482834506,3470.11474609375,143112,0.0,0.0
2013-06-20 00:00:00+09:00,3352.8149019129137,3450.564607508042,3220.85279935949,3323.489990234375,739380,0.0,0.0
2013-06-21 00:00:00+09:00,3206.190345368917,3230.6277717817898,3030.2408751962325,3113.328125,690888,0.0,0.0
2013-06-24 00:00:00+09:00,3152.4281298424585,3152.4281298424585,2956.9287109375,2956.9287109375,282670,0.0,0.0
2013-06-25 00:00:00+09:00,2898.2788597635436,2942.2662286301065,2668.5670445714923,2751.654296875,560964,0.0,0.0
2013-06-26 00:00:00+09:00,2849.404264622309,2922.716552734375,2761.429518887829,2922.716552734375,398510,0.0,0.0
2013-06-27 00:00:00+09:00,2942.2662003632563,3079.1157910778265,2942.2662003632563,3069.3408203125,396430,0.0,0.0
2013-06-28 00:00:00+09:00,3162.203260889593,3171.9782323297463,3059.5660607679833,3108.44091796875,421652,0.0,0.0
2013-07-01 00:00:00+09:00,3103.553322265625,3103.553322265625,3015.578582421875,3054.678466796875,268598,0.0,0.0
2013-07-02 00:00:00+09:00,3054.678463241429,3069.340919864988,2952.041266876517,3020.466064453125,317666,0.0,0.0
2013-07-03 00:00:00+09:00,3015.578710855159,3015.578710855159,2824.9667664088847,2898.279052734375,338776,0.0,0.0
2013-07-04 00:00:00+09:00,2898.2787744798243,2952.041112623632,2820.0790099070127,2903.166259765625,301584,0.0,0.0
2013-07-05 00:00:00+09:00,2932.4914229543588,3030.2411370528375,2912.941480134663,2971.59130859375,405584,0.0,0.0
2013-07-08 00:00:00+09:00,2971.591407603986,2971.591407603986,2810.3043739675854,2820.079345703125,225928,0.0,0.0
2013-07-09 00:00:00+09:00,2868.9540990369073,2868.9540990369073,2736.991985452586,2834.74169921875,224306,0.0,0.0
2013-07-10 00:00:00+09:00,2834.741620014483,2859.179047773229,2712.5544812207554,2741.87939453125,199542,0.0,0.0
2013-07-11 00:00:00+09:00,2761.42922817777,2966.70361328125,2761.42922817777,2966.70361328125,370082,0.0,0.0
2013-07-12 00:00:00+09:00,2961.8162004059436,3010.691055198121,2927.6038020514193,2991.14111328125,220432,0.0,0.0
2013-07-15 00:00:00+09:00,2991.140937179816,3054.6782446689294,2932.4911148821725,2981.365966796875,189360,0.0,0.0
2013-07-16 00:00:00+09:00,2991.1410875822367,3098.665767201206,2927.6037768983,3064.453369140625,307092,0.0,0.0
2013-07-17 00:00:00+09:00,3079.115863818128,3318.602653226205,3015.578552342516,3093.7783203125,632594,0.0,0.0
2013-07-18 00:00:00+09:00,3113.3281489430515,3123.1031195833752,3035.128383820463,3040.015869140625,191700,0.0,0.0
2013-07-19 00:00:00+09:00,3035.1285958426342,3132.878309074281,2996.028710549975,3079.115966796875,477306,0.0,0.0
2013-07-22 00:00:00+09:00,3098.665767201206,3137.765650699013,3054.678398266173,3064.453369140625,178964,0.0,0.0
2013-07-23 00:00:00+09:00,3049.7910124594814,3098.665868428383,3005.8036420874696,3015.57861328125,317688,0.0,0.0
2013-07-24 00:00:00+09:00,3030.2410732171475,3074.228443634816,3000.9161596053686,3049.791015625,152314,0.0,0.0
2013-07-25 00:00:00+09:00,3059.5661258820564,3074.2285833543347,3015.578753465222,3030.2412109375,172622,0.0,0.0
2013-07-26 00:00:00+09:00,3054.6785103258235,3196.4155932049416,3054.6785103258235,3152.42822265625,656984,0.0,0.0
2013-07-29 00:00:00+09:00,3152.4281949129972,3323.4901899857955,3137.7657381924714,3225.740478515625,705500,0.0,0.0
2013-07-30 00:00:00+09:00,3259.9529597735163,3465.227359039615,3225.740559895833,3387.027587890625,1720160,0.0,0.0
2013-07-31 00:00:00+09:00,3391.9150362195232,3421.239950077329,3328.3777228609442,3357.70263671875,354496,0.0,0.0
2013-08-01 00:00:00+09:00,3426.1275105619634,3494.552311058208,3401.690081813305,3416.3525390625,680162,0.0,0.0
2013-08-02 00:00:00+09:00,3470.114669143983,3470.114669143983,3387.027416502507,3411.46484375,389226,0.0,0.0
2013-08-05 00:00:00+09:00,3406.577388686028,3421.239845165308,3362.5900192481886,3372.364990234375,168388,0.0,0.0
2013-08-06 00:00:00+09:00,3372.3649076413467,3406.5773052550994,3225.740346439549,3279.502685546875,382348,0.0,0.0
2013-08-07 00:00:00+09:00,3206.1905362215907,3279.5028198242185,3196.415565074574,3225.740478515625,368874,0.0,0.0
2013-08-08 00:00:00+09:00,3225.7403801305973,3303.940146921642,3211.0779238572763,3274.615234375,288922,0.0,0.0
2013-08-09 00:00:00+09:00,3279.502583399017,3308.827494725983,3211.0777903027633,3294.1650390625,241926,0.0,0.0
2013-08-12 00:00:00+09:00,3303.9402889348066,3308.827774569326,3230.6280044170226,3289.27783203125,296846,0.0,0.0
2013-08-13 00:00:00+09:00,3299.052840444933,3328.377754582221,3240.4030121703563,3318.602783203125,225192,0.0,0.0
2013-08-14 00:00:00+09:00,3323.490276227679,3455.452390136719,3318.602790527344,3421.239990234375,688580,0.0,0.0
2013-08-16 00:00:00+09:00,3372.3649171703923,3470.1146249144617,3347.927490234375,3347.927490234375,560514,0.0,0.0
2013-08-19 00:00:00+09:00,3347.9275933318822,3372.3650210204364,3259.9528536530884,3333.26513671875,192578,0.0,0.0
2013-08-20 00:00:00+09:00,3333.2650045866544,3377.252372682373,3118.215649452032,3142.653076171875,578604,0.0,0.0
2013-08-21 00:00:00+09:00,3171.978034998324,3191.527976662412,2952.0411912773307,2961.816162109375,661300,0.0,0.0
2013-08-22 00:00:00+09:00,2917.8289936573433,2947.1539081664623,2859.1791646391052,2864.066650390625,250926,0.0,0.0
2013-08-23 00:00:00+09:00,2981.3663224347933,3108.440952571358,2922.7164931409943,3103.553466796875,326178,0.0,0.0
2013-08-26 00:00:00+09:00,3059.5658495471735,3093.778247225816,3049.790878781847,3069.3408203125,113994,0.0,0.0
2013-08-27 00:00:00+09:00,3049.7909349173556,3084.003333225723,2937.378769047004,2956.9287109375,265032,0.0,0.0
2013-08-28 00:00:00+09:00,2864.066453788934,2961.816162109375,2839.6290267088234,2961.816162109375,173792,0.0,0.0
2013-08-29 00:00:00+09:00,2956.9287891877007,3074.228443634816,2952.0413035857373,3049.791015625,204518,0.0,0.0
2013-08-30 00:00:00+09:00,3035.128303903048,3054.6782446689294,2971.5909964139346,2981.365966796875,134960,0.0,0.0
2013-09-02 00:00:00+09:00,3015.57861328125,3040.016041265701,2986.253699699909,3015.57861328125,88262,0.0,0.0
2013-09-03 00:00:00+09:00,3030.240932593599,3059.5658448445047,3005.803505717844,3035.12841796875,112034,0.0,0.0
2013-09-04 00:00:00+09:00,3069.340948253524,3069.340948253524,2942.266323007359,2947.15380859375,200190,0.0,0.0
2013-09-05 00:00:00+09:00,2961.816026030994,3030.240818711578,2947.153570456583,2981.365966796875,251500,0.0,0.0
2013-09-06 00:00:00+09:00,2986.2536932848775,3010.6911212168325,2947.15380859375,2947.15380859375,184068,0.0,0.0
2013-09-09 00:00:00+09:00,2942.2661243785515,3015.578403225193,2917.8286980963376,3010.69091796875,223406,0.0,0.0
2013-09-10 00:00:00+09:00,3010.6910511363635,3054.6784203899792,2956.9287109375,2956.9287109375,190316,0.0,0.0
2013-09-11 00:00:00+09:00,2991.1411476447424,3005.803604250844,2966.703719967906,2986.253662109375,123084,0.0,0.0
2013-09-12 00:00:00+09:00,2996.028739519817,3069.341025152439,2976.4787966844515,3005.8037109375,190290,0.0,0.0
2013-09-13 00:00:00+09:00,3000.916118715477,3054.6784596045163,2986.253662109375,2986.253662109375,114248,0.0,0.0
2013-09-16 00:00:00+09:00,3035.128622757761,3035.128622757761,2971.59130859375,2971.59130859375,59574,0.0,0.0
2013-09-17 00:00:00+09:00,3000.9160454375515,3000.9160454375515,2956.928676693353,2961.816162109375,87464,0.0,0.0
2013-09-23 00:00:00+09:00,2961.8162999961064,3000.91618514457,2937.378871778317,2942.266357421875,159940,0.0,0.0
2013-09-24 00:00:00+09:00,2912.941544816301,2956.9289171373525,2893.3916015625,2893.3916015625,147948,0.0,0.0
2013-09-25 00:00:00+09:00,2952.041325827206,2952.041325827206,2820.0792135799634,2908.053955078125,191174,0.0,0.0
2013-09-26 00:00:00+09:00,2908.053882663533,2917.828853697696,2859.179027492717,2883.616455078125,164370,0.0,0.0
2013-09-27 00:00:00+09:00,2883.6165268841914,2942.2663545496325,2883.6165268841914,2908.053955078125,111482,0.0,0.0
2013-09-30 00:00:00+09:00,2912.941509999473,2927.603967264571,2883.616595469277,2898.279052734375,81702,0.0,0.0
2013-10-01 00:00:00+09:00,2912.9412896707395,2912.9412896707395,2815.191581963668,2824.966552734375,220790,0.0,0.0
2013-10-02 00:00:00+09:00,2829.854141474185,2878.7289971127716,2810.30419921875,2810.30419921875,146712,0.0,0.0
2013-10-04 00:00:00+09:00,2800.529035485309,2815.191491168478,2693.004360475402,2697.891845703125,403560,0.0,0.0
2013-10-07 00:00:00+09:00,2751.654296875,2785.866694882327,2697.891957149201,2751.654296875,313928,0.0,0.0
2013-10-08 00:00:00+09:00,2751.654335062198,2790.754219041767,2697.89199459029,2780.979248046875,117440,0.0,0.0
2013-10-10 00:00:00+09:00,2780.9793926147877,2864.066650390625,2732.104535099589,2864.066650390625,124286,0.0,0.0
2013-10-11 00:00:00+09:00,2883.6164927642617,2937.378834154782,2859.17906485948,2912.94140625,243948,0.0,0.0
2013-10-14 00:00:00+09:00,2912.9413456137663,3054.6784245110803,2859.179005342371,2991.14111328125,594874,0.0,0.0
2013-10-15 00:00:00+09:00,3005.8036736549416,3015.5786449513803,2942.266360228089,2976.478759765625,171394,0.0,0.0
2013-10-16 00:00:00+09:00,2956.9286425620367,3030.2409229561367,2942.2661864832166,2966.70361328125,181634,0.0,0.0
2013-10-17 00:00:00+09:00,2952.041325827206,3025.3536104090076,2864.0665843290444,2908.053955078125,247972,0.0,0.0
2013-10-18 00:00:00+09:00,2878.7289433755163,2956.9287109375,2878.7289433755163,2956.9287109375,156814,0.0,0.0
2013-10-21 00:00:00+09:00,2937.3789366634223,2952.041393917982,2864.066650390625,2864.066650390625,150930,0.0,0.0
2013-10-22 00:00:00+09:00,2864.066650390625,2912.9415079058235,2859.1791646391052,2864.066650390625,93036,0.0,0.0
2013-10-23 00:00:00+09:00,2883.616558640332,2903.1665014107753,2834.7417017142247,2868.9541015625,119648,0.0,0.0
2013-10-24 00:00:00+09:00,2868.954002188678,2917.828857421875,2834.7416035254396,2917.828857421875,101254,0.0,0.0
2013-10-25 00:00:00+09:00,2912.9415464576377,2952.0414329872706,2893.3916031928215,2927.60400390625,76996,0.0,0.0
2013-10-28 00:00:00+09:00,2986.253833700699,2986.253833700699,2917.8290322738417,2927.60400390625,119808,0.0,0.0
2013-10-29 00:00:00+09:00,2908.053863969103,3040.015972081987,2908.053863969103,3025.353515625,448128,0.0,0.0
2013-10-30 00:00:00+09:00,3035.1284980773926,3167.090606689453,3010.6910705566406,3127.99072265625,658328,0.0,0.0
2013-10-31 00:00:00+09:00,3152.428184831646,3157.3156703895247,3098.6658436949824,3123.103271484375,175102,0.0,0.0
2013-11-01 00:00:00+09:00,3108.4407916509076,3235.5154152089635,3103.553306129444,3230.6279296875,471814,0.0,0.0
2013-11-04 00:00:00+09:00,3284.3903053977274,3343.0401322798293,3196.415565074574,3225.740478515625,426894,0.0,0.0
2013-11-05 00:00:00+09:00,3264.8403979751515,3264.8403979751515,3201.303084840905,3220.85302734375,390816,0.0,0.0
2013-11-06 00:00:00+09:00,3225.7405069040697,3255.0654206031977,3103.5533664910367,3152.42822265625,322828,0.0,0.0
2013-11-07 00:00:00+09:00,3152.428150177002,3167.090606689453,3103.553295135498,3127.99072265625,174552,0.0,0.0
2013-11-08 00:00:00+09:00,3103.553154434851,3167.0904631083204,3059.56578689168,3113.328125,170544,0.0,0.0
2013-11-11 00:00:00+09:00,3127.9907426350246,3152.428170311861,2942.26629229107,2986.253662109375,413284,0.0,0.0
2013-11-12 00:00:00+09:00,3054.6786090520422,3220.8531253844735,3054.6786090520422,3103.553466796875,900632,0.0,0.0
2013-11-13 00:00:00+09:00,3113.328266143799,3215.965461730957,3108.4407806396484,3127.99072265625,284932,0.0,0.0
2013-11-14 00:00:00+09:00,3152.4283612946083,3157.3158471260726,3040.0161871709242,3132.87841796875,252072,0.0,0.0
2013-11-15 00:00:00+09:00,3152.4281949129972,3255.065391956676,3113.328310324929,3225.740478515625,575538,0.0,0.0
2013-11-18 00:00:00+09:00,3264.840328337746,3303.9402125094553,3176.8655889513993,3230.6279296875,346872,0.0,0.0
2013-11-19 00:00:00+09:00,3225.7404681998237,3225.7404681998237,3113.328300368618,3123.103271484375,288582,0.0,0.0
2013-11-20 00:00:00+09:00,3127.9908956692916,3162.2032960906745,3049.791123277559,3103.553466796875,312924,0.0,0.0
2013-11-21 00:00:00+09:00,3103.553137841163,3118.2155936104914,3005.8034327123073,3010.69091796875,197946,0.0,0.0
2013-11-22 00:00:00+09:00,3020.4662086306594,3142.653352992741,3020.4662086306594,3103.553466796875,166370,0.0,0.0
2013-11-25 00:00:00+09:00,3127.9909679289026,3162.203369140625,3069.3411372802357,3162.203369140625,120990,0.0,0.0
2013-11-26 00:00:00+09:00,3176.8656705916787,3391.9150390625,3152.428242356358,3391.9150390625,1514644,0.0,0.0
2013-11-27 00:00:00+09:00,3401.689978966346,3460.3398061899043,3362.590094150641,3431.014892578125,913998,0.0,0.0
2013-11-28 00:00:00+09:00,3455.4523237091194,3470.114780528253,3401.6899820389635,3465.227294921875,543792,0.0,0.0
2013-11-29 00:00:00+09:00,3504.327247140067,3504.327247140067,3416.3525045340402,3421.239990234375,573072,0.0,0.0
2013-12-02 00:00:00+09:00,3421.239952944885,3445.6773811802054,3333.2652112977303,3391.9150390625,533966,0.0,0.0
2013-12-03 00:00:00+09:00,3347.9277047293526,3470.114847237723,3347.9277047293526,3421.239990234375,407408,0.0,0.0
2013-12-04 00:00:00+09:00,3426.1275470273713,3445.677490234375,3357.702745802859,3445.677490234375,268778,0.0,0.0
2013-12-05 00:00:00+09:00,3455.4521826725168,3509.2145221483265,3406.5773286035987,3450.564697265625,337584,0.0,0.0
2013-12-06 00:00:00+09:00,3435.9024820614272,3479.889853809013,3352.815224315987,3416.3525390625,295752,0.0,0.0
2013-12-09 00:00:00+09:00,3426.1274357202965,3475.0022921499726,3328.3777228609442,3357.70263671875,399624,0.0,0.0
2013-12-10 00:00:00+09:00,3377.252531294389,3377.252531294389,3201.3030506480823,3225.740478515625,470796,0.0,0.0
2013-12-11 00:00:00+09:00,3215.965473123109,3284.3902704236007,3181.7530744728633,3230.6279296875,292894,0.0,0.0
2013-12-12 00:00:00+09:00,3186.640593927557,3279.5028198242185,3186.640593927557,3225.740478515625,185488,0.0,0.0
2013-12-13 00:00:00+09:00,3211.0778856392367,3269.7277100344736,3181.752973441618,3245.290283203125,174042,0.0,0.0
2013-12-16 00:00:00+09:00,3264.8404355615603,3347.9276921551927,3250.177978515625,3250.177978515625,206600,0.0,0.0
2013-12-17 00:00:00+09:00,3274.615209426323,3391.914858719206,3274.615209426323,3347.927490234375,375846,0.0,0.0
2013-12-18 00:00:00+09:00,3347.927627899573,3362.590084664097,3250.177916136082,3328.377685546875,163294,0.0,0.0
2013-12-19 00:00:00+09:00,3347.9276178533382,3367.477560147372,3225.740478515625,3225.740478515625,192062,0.0,0.0
2013-12-20 00:00:00+09:00,3255.0652539356643,3294.1651368658227,3201.302914906697,3245.290283203125,166454,0.0,0.0
2013-12-23 00:00:00+09:00,3294.1651368658227,3308.827592964632,3245.290283203125,3245.290283203125,128630,0.0,0.0
2013-12-24 00:00:00+09:00,3284.390166133283,3299.0526222320923,3220.852856371776,3245.290283203125,138564,0.0,0.0
2013-12-26 00:00:00+09:00,3235.5153509794777,3274.615234375,3201.302953008396,3274.615234375,207392,0.0,0.0
2013-12-27 00:00:00+09:00,3363.922893716277,3448.26904296875,3319.2690499943797,3448.26904296875,267744,50.0,0.0
2013-12-30 00:00:00+09:00,3443.3074854290676,3537.5767105344744,3433.3844091021824,3438.345947265625,280808,0.0,0.0
2014-01-02 00:00:00+09:00,3438.3459792840677,3443.307517493713,3324.23060046223,3329.192138671875,205542,0.0,0.0
2014-01-03 00:00:00+09:00,3329.192103845933,3388.7305617388556,3279.576722268497,3373.845947265625,130702,0.0,0.0
2014-01-06 00:00:00+09:00,3373.845947265625,3413.5382525275736,3329.192103845933,3373.845947265625,121508,0.0,0.0
2014-01-07 00:00:00+09:00,3373.84607883627,3408.576847294879,3254.7691584067547,3378.8076171875,236258,0.0,0.0
2014-01-08 00:00:00+09:00,3383.769230769231,3413.5384615384614,3339.1153846153848,3354.0,163474,0.0,0.0
2014-01-09 00:00:00+09:00,3339.115348400564,3473.076885409205,3339.115348400564,3463.15380859375,370836,0.0,0.0
2014-01-10 00:00:00+09:00,3448.269212123326,3507.8076733398434,3423.4615199497766,3473.076904296875,287246,0.0,0.0
2014-01-13 00:00:00+09:00,3482.999813791049,3557.422886735302,3468.1151992021983,3512.76904296875,421304,0.0,0.0
2014-01-14 00:00:00+09:00,3502.8460598127217,3552.461443096188,3463.1537531859485,3497.884521484375,272242,0.0,0.0
2014-01-15 00:00:00+09:00,3487.9614815547548,3517.7307118382946,3453.230712890625,3453.230712890625,141086,0.0,0.0
2014-01-16 00:00:00+09:00,3482.9999240138686,3497.884539073757,3418.4999254210193,3443.3076171875,225242,0.0,0.0
2014-01-17 00:00:00+09:00,3473.0767918041192,3507.8075597221605,3443.3075621600838,3478.038330078125,178338,0.0,0.0
2014-01-20 00:00:00+09:00,3458.192174512287,3473.076789323674,3398.653715266738,3413.538330078125,193766,0.0,0.0
2014-01-21 00:00:00+09:00,3438.3461345366977,3438.3461345366977,3324.230750562175,3344.076904296875,224156,0.0,0.0
2014-01-22 00:00:00+09:00,3358.961371170847,3413.5382915296054,3339.1152183131167,3393.692138671875,177704,0.0,0.0
2014-01-23 00:00:00+09:00,3413.538288235842,3423.4613646551325,3299.4229094140046,3329.192138671875,138914,0.0,0.0
2014-01-24 00:00:00+09:00,3309.346097758279,3358.961481532766,3259.730713983792,3324.230712890625,170270,0.0,0.0
2014-01-27 00:00:00+09:00,3254.769192627709,3259.730731031105,3200.192270190354,3205.15380859375,165840,0.0,0.0
2014-01-28 00:00:00+09:00,3205.1537720658393,3279.576847268607,3175.3845419847326,3249.8076171875,87252,0.0,0.0
2014-01-29 00:00:00+09:00,3234.923058398733,3324.2307501950168,3234.923058398733,3279.576904296875,109488,0.0,0.0
2014-02-03 00:00:00+09:00,3274.6153057929255,3274.6153057929255,3031.499927029511,3120.8076171875,327160,0.0,0.0
2014-02-04 00:00:00+09:00,3105.9228822821815,3105.9228822821815,2971.9613522156974,2996.76904296875,204312,0.0,0.0
2014-02-05 00:00:00+09:00,3011.65375332413,3086.0768279532267,2986.8460617810974,3046.384521484375,163064,0.0,0.0
2014-02-06 00:00:00+09:00,3071.1922701927924,3135.692269405242,3046.384578188004,3076.15380859375,82312,0.0,0.0
2014-02-07 00:00:00+09:00,3086.0767970856605,3224.999868337105,3081.1152588266805,3220.038330078125,199268,0.0,0.0
2014-02-10 00:00:00+09:00,3200.1921579163445,3289.4998460442425,3200.1921579163445,3210.115234375,166880,0.0,0.0
2014-02-11 00:00:00+09:00,3215.0768663868403,3244.8460966311627,3165.4614826463026,3195.230712890625,102238,0.0,0.0
2014-02-12 00:00:00+09:00,3210.1152535601645,3254.769097890986,3160.4998709703627,3220.038330078125,91720,0.0,0.0
2014-02-13 00:00:00+09:00,3220.0383469154094,3224.999885200333,3165.46142578125,3165.46142578125,57458,0.0,0.0
2014-02-14 00:00:00+09:00,3170.4229902146176,3448.269136461908,3170.4229902146176,3433.384521484375,959252,0.0,0.0
2014-02-17 00:00:00+09:00,3468.115237118153,3542.5383108760534,3433.3844693644664,3532.615234375,652878,0.0,0.0
2014-02-18 00:00:00+09:00,3562.38446387816,3582.2306168802666,3468.115237118153,3532.615234375,654302,0.0,0.0
2014-02-19 00:00:00+09:00,3567.346101509508,3919.615327110586,3527.653794399527,3840.230712890625,1586988,0.0,0.0
2014-02-20 00:00:00+09:00,3865.038443631904,4068.461519612531,3840.230751439145,4053.576904296875,1822734,0.0,0.0
2014-02-21 00:00:00+09:00,4058.5382916874614,4103.192135972531,3974.1921413712184,4038.692138671875,421850,0.0,0.0
2014-02-24 00:00:00+09:00,4043.6538274197715,4103.192288682394,3959.30767396439,4053.576904296875,376508,0.0,0.0
2014-02-25 00:00:00+09:00,4078.384481148098,4088.307557744565,3974.1921768851903,3994.038330078125,226732,0.0,0.0
2014-02-26 00:00:00+09:00,3994.03838575932,3994.03838575932,3869.999926574248,3959.3076171875,535120,0.0,0.0
2014-02-27 00:00:00+09:00,3899.769157964704,4058.5383857698826,3899.769157964704,4023.8076171875,444032,0.0,0.0
2014-02-28 00:00:00+09:00,4018.846115911393,4043.65380798492,3904.7307323731684,3979.15380859375,370140,0.0,0.0
2014-03-03 00:00:00+09:00,3909.692084316038,3979.153618808962,3879.9228552476416,3944.4228515625,172454,0.0,0.0
2014-03-04 00:00:00+09:00,4018.8461342936616,4018.8461342936616,3860.076904296875,3860.076904296875,297234,0.0,0.0
2014-03-05 00:00:00+09:00,3919.615204782197,4103.192119436553,3869.999822443182,4093.26904296875,579430,0.0,0.0
2014-03-06 00:00:00+09:00,4083.3461902559998,4281.807730487154,4083.3461902559998,4212.34619140625,597070,0.0,0.0
2014-03-07 00:00:00+09:00,4242.115038477732,4242.115038477732,4083.345820663361,4142.88427734375,211878,0.0,0.0
2014-03-10 00:00:00+09:00,4152.807653733704,4152.807653733704,4043.65380859375,4043.65380859375,155094,0.0,0.0
2014-03-11 00:00:00+09:00,4033.7306926985434,4083.346076372572,3919.615310248277,3959.3076171875,595806,0.0,0.0
2014-03-12 00:00:00+09:00,3969.2305618726477,4013.884405693715,3889.8459506351946,3954.345947265625,417830,0.0,0.0
2014-03-13 00:00:00+09:00,4013.884405693715,4053.576711312441,3934.499794456262,3954.345947265625,293928,0.0,0.0
2014-03-14 00:00:00+09:00,3954.345947265625,4068.461325919464,3909.6921034445577,3954.345947265625,333832,0.0,0.0
2014-03-17 00:00:00+09:00,3954.3461339422997,3984.1153645616896,3731.076904296875,3731.076904296875,316750,0.0,0.0
2014-03-18 00:00:00+09:00,3820.3844502250554,3929.538291660057,3785.6536824957366,3909.692138671875,216824,0.0,0.0
2014-03-19 00:00:00+09:00,3909.6921940020807,3964.269115491957,3845.1921958776807,3874.96142578125,159450,0.0,0.0
2014-03-20 00:00:00+09:00,3889.845924089727,3934.499767606063,3770.769008046164,3815.4228515625,118368,0.0,0.0
2014-03-21 00:00:00+09:00,3835.269212109877,3865.0384427342747,3770.769212423683,3860.076904296875,131316,0.0,0.0
2014-03-24 00:00:00+09:00,3825.3460095929327,4053.5767702171543,3825.3460095929327,3984.115234375,305144,0.0,0.0
2014-03-25 00:00:00+09:00,4033.730653854101,4058.53834545222,3914.6537341831313,3939.46142578125,214688,0.0,0.0
2014-03-26 00:00:00+09:00,4013.8846153846157,4058.5384615384614,3949.3846153846157,3999.0,218398,0.0,0.0
2014-03-27 00:00:00+09:00,3998.99986621587,4043.6537108758484,3860.0767939403804,3929.538330078125,179950,0.0,0.0
2014-03-28 00:00:00+09:00,3929.5383857484076,3984.115307772691,3874.961463724124,3894.8076171875,87908,0.0,0.0
2014-03-31 00:00:00+09:00,3969.2306342265724,3989.0767873977056,3830.3075620286427,3865.038330078125,82722,0.0,0.0
2014-04-01 00:00:00+09:00,3954.346019348223,3954.346019348223,3850.1537151997754,3865.038330078125,112440,0.0,0.0
2014-04-02 00:00:00+09:00,3899.7691210211433,4068.461423966078,3874.961429411594,4003.96142578125,291018,0.0,0.0
2014-04-03 00:00:00+09:00,4003.9613258206114,4058.5382459990833,3889.845947265625,3889.845947265625,156270,0.0,0.0
2014-04-04 00:00:00+09:00,3959.30752114233,3959.30752114233,3840.2306032132374,3909.692138671875,142690,0.0,0.0
2014-04-07 00:00:00+09:00,3919.615327110586,3919.615327110586,3835.2691745018774,3840.230712890625,81420,0.0,0.0
2014-04-08 00:00:00+09:00,3944.4228515625,3944.4228515625,3840.230549823113,3944.4228515625,205950,0.0,0.0
2014-04-09 00:00:00+09:00,3944.422858699376,4167.692077116321,3855.1151713325976,4073.4228515625,637942,0.0,0.0
2014-04-10 00:00:00+09:00,4113.115274199357,4261.961424049757,4073.422967572584,4197.46142578125,681120,0.0,0.0
2014-04-11 00:00:00+09:00,4137.9227494827965,4395.922729066855,4118.076597207099,4271.88427734375,507796,0.0,0.0
2014-04-14 00:00:00+09:00,4341.34596921085,4465.384425474017,4281.8075102045295,4415.76904296875,566020,0.0,0.0
2014-04-15 00:00:00+09:00,4395.922962433701,4455.4614224215165,4311.576810784296,4326.46142578125,171196,0.0,0.0
2014-04-16 00:00:00+09:00,4371.115498720366,4460.423193359375,4252.038572535022,4316.53857421875,330084,0.0,0.0
2014-04-17 00:00:00+09:00,4351.268961398401,4405.84588109667,4247.07666015625,4247.07666015625,200238,0.0,0.0
2014-04-18 00:00:00+09:00,4301.653693804825,4346.307538377193,4227.230619517544,4242.115234375,129796,0.0,0.0
2014-04-21 00:00:00+09:00,4232.192270176193,4281.807654351764,4172.6538091655075,4237.15380859375,104644,0.0,0.0
2014-04-22 00:00:00+09:00,4276.846040772337,4311.576809084873,4212.346042477627,4261.96142578125,95446,0.0,0.0
2014-04-23 00:00:00+09:00,4252.038194251371,4286.7689612989325,4157.768969407992,4182.57666015625,150410,0.0,0.0
2014-04-24 00:00:00+09:00,4217.307653134586,4217.307653134586,3998.999962854678,4043.65380859375,254938,0.0,0.0
2014-04-25 00:00:00+09:00,4018.8459998022154,4048.61522943038,3914.6536961036395,3919.615234375,206726,0.0,0.0
2014-04-28 00:00:00+09:00,3919.61516067217,3969.2305424528304,3869.9997788915093,3944.4228515625,70186,0.0,0.0
2014-04-29 00:00:00+09:00,3974.1920806308963,3994.0382333431603,3909.692084316038,3944.4228515625,50300,0.0,0.0
2014-04-30 00:00:00+09:00,3959.307504742256,3994.0382723277144,3929.5382753832914,3964.26904296875,50748,0.0,0.0
2014-05-02 00:00:00+09:00,3969.230732361963,4078.384577501917,3969.230732361963,4043.65380859375,75024,0.0,0.0
2014-05-07 00:00:00+09:00,3989.076866455078,4063.4999423217773,3969.230712890625,3969.230712890625,81354,0.0,0.0
2014-05-08 00:00:00+09:00,3969.2305976364214,4013.884441859831,3820.3844502250554,3909.692138671875,153700,0.0,0.0
2014-05-09 00:00:00+09:00,3869.99992535828,3894.8076171875,3800.538388236465,3894.8076171875,165594,0.0,0.0
2014-05-12 00:00:00+09:00,3899.7690042559143,3944.4228478160967,3790.6151644421357,3879.9228515625,147270,0.0,0.0
2014-05-13 00:00:00+09:00,3894.8075981676047,3894.8075981676047,3795.5768313353087,3884.884521484375,173318,0.0,0.0
2014-05-14 00:00:00+09:00,3884.884579865829,4142.884577506982,3850.153810952597,4108.15380859375,461162,0.0,0.0
2014-05-15 00:00:00+09:00,4073.422983137071,4162.730673388553,4018.84606131672,4078.384521484375,213426,0.0,0.0
2014-05-16 00:00:00+09:00,4033.7305811990072,4093.2690399620924,3979.1536606661793,4028.76904296875,155258,0.0,0.0
2014-05-19 00:00:00+09:00,4033.730555008869,4088.3074751873405,3855.115179879325,3889.845947265625,190944,0.0,0.0
2014-05-20 00:00:00+09:00,3894.8075015918093,3969.230574870634,3790.6151990014555,3835.26904296875,255538,0.0,0.0
2014-05-21 00:00:00+09:00,3815.4230020948025,3919.615307743685,3815.4230020948025,3830.3076171875,159556,0.0,0.0
2014-05-22 00:00:00+09:00,3835.269046074865,3904.7305811913566,3835.269046074865,3899.76904296875,71298,0.0,0.0
2014-05-23 00:00:00+09:00,3919.6153846153848,3969.2307692307695,3835.269230769231,3870.0,83874,0.0,0.0
2014-05-26 00:00:00+09:00,3869.9997944734537,3909.692100057797,3840.230565285196,3889.845947265625,42944,0.0,0.0
2014-05-27 00:00:00+09:00,3934.5,3949.3846153846157,3840.2307692307695,3870.0,59356,0.0,0.0
2014-05-28 00:00:00+09:00,3909.6923076923076,3924.5769230769233,3815.423076923077,3870.0,124088,0.0,0.0
2014-05-29 00:00:00+09:00,3959.3076923076924,4083.346153846154,3939.4615384615386,4063.5,458524,0.0,0.0
2014-05-30 00:00:00+09:00,4063.5,4103.192307692308,3994.0384615384614,3999.0,303450,0.0,0.0
2014-06-02 00:00:00+09:00,3998.99986621587,4043.6537108758484,3869.999870531487,3929.538330078125,147554,0.0,0.0
2014-06-03 00:00:00+09:00,3929.5384615384614,4018.846153846154,3889.846153846154,3934.5,106740,0.0,0.0
2014-06-05 00:00:00+09:00,4003.9613096992925,4013.884386055425,3869.9997788915093,3944.4228515625,136882,0.0,0.0
2014-06-09 00:00:00+09:00,4008.9228478773584,4008.9228478773584,3894.8074697818397,3944.4228515625,77958,0.0,0.0
2014-06-10 00:00:00+09:00,3909.6922889834864,3979.1538271126346,3909.6922889834864,3924.576904296875,75942,0.0,0.0
2014-06-11 00:00:00+09:00,3939.4613548241227,4028.76904296875,3939.4613548241227,4028.76904296875,117976,0.0,0.0
2014-06-12 00:00:00+09:00,4063.4999307947837,4500.115307974199,4063.4999307947837,4410.8076171875,1280226,0.0,0.0
2014-06-13 00:00:00+09:00,4440.576547895159,4460.422700064523,4351.268863133022,4445.5380859375,470744,0.0,0.0
2014-06-16 00:00:00+09:00,4470.345820248323,4604.307348713034,4400.884286970325,4529.88427734375,453442,0.0,0.0
2014-06-17 00:00:00+09:00,4534.846153846154,4599.346153846154,4495.153846153847,4515.0,235824,0.0,0.0
2014-06-18 00:00:00+09:00,4584.461267021648,4584.461267021648,4425.692045652933,4440.57666015625,199702,0.0,0.0
2014-06-19 00:00:00+09:00,4415.7693460398705,4450.5001161772625,4316.53857421875,4316.53857421875,234174,0.0,0.0
2014-06-20 00:00:00+09:00,4356.230439453126,4505.07658203125,4306.61505859375,4465.38427734375,324206,0.0,0.0
2014-06-23 00:00:00+09:00,4455.461162022182,4539.807308741978,4405.845781598772,4445.5380859375,183402,0.0,0.0
2014-06-24 00:00:00+09:00,4490.191997971242,4490.191997971242,4306.615087556947,4356.23046875,206454,0.0,0.0
2014-06-25 00:00:00+09:00,4395.923076923077,4395.923076923077,4237.153846153847,4257.0,177786,0.0,0.0
2014-06-26 00:00:00+09:00,4266.922965793435,4361.192194107476,4252.038350796481,4326.46142578125,155296,0.0,0.0
2014-06-27 00:00:00+09:00,4321.499810677988,4321.499810677988,4261.9613517478665,4286.76904296875,64664,0.0,0.0
2014-06-30 00:00:00+09:00,4356.230464234104,4356.230464234104,4261.9612400650285,4291.73046875,71624,0.0,0.0
2014-07-01 00:00:00+09:00,4271.88443631904,4519.961348997266,4252.038283304782,4480.26904296875,268222,0.0,0.0
2014-07-02 00:00:00+09:00,4564.615422422046,4574.538499427311,4465.384652369393,4534.84619140625,238222,0.0,0.0
2014-07-03 00:00:00+09:00,4534.845877826633,5085.576613536432,4529.884339667085,4936.73046875,1679344,0.0,0.0
2014-07-04 00:00:00+09:00,4941.6923828125,5011.153922329945,4872.230843295056,4941.6923828125,458668,0.0,0.0
2014-07-07 00:00:00+09:00,4946.6535060663155,5011.153501631874,4837.499667416908,4916.88427734375,308996,0.0,0.0
2014-07-08 00:00:00+09:00,4986.346002551979,5159.999843436874,4951.615234375,4951.615234375,952428,0.0,0.0
2014-07-09 00:00:00+09:00,4946.6535060663155,5035.961192234012,4787.884286212632,4916.88427734375,508396,0.0,0.0
2014-07-10 00:00:00+09:00,4921.846078801612,5110.384537465383,4897.038386872168,4926.8076171875,302646,0.0,0.0
2014-07-11 00:00:00+09:00,4936.730507362831,5035.961271329924,4842.4612815940945,4956.57666015625,257848,0.0,0.0
2014-07-14 00:00:00+09:00,4961.538133343447,5259.230421344054,4961.538133343447,5110.38427734375,525276,0.0,0.0
2014-07-15 00:00:00+09:00,5159.99996081996,5209.6153450586135,4941.692270169885,4946.65380859375,268656,0.0,0.0
2014-07-16 00:00:00+09:00,4961.538498911692,5035.961576395367,4852.384651935635,4986.34619140625,244228,0.0,0.0
2014-07-17 00:00:00+09:00,5110.384615384615,5308.846153846154,4961.538461538462,5160.0,549048,0.0,0.0
2014-07-18 00:00:00+09:00,5085.57666015625,5234.422806307165,5035.961278105945,5085.57666015625,158128,0.0,0.0
2014-07-21 00:00:00+09:00,5085.5765734382885,5159.999645244702,4882.153510500757,4916.88427734375,291474,0.0,0.0
2014-07-22 00:00:00+09:00,4897.038533174819,5135.1923828125,4847.423147833635,5135.1923828125,377176,0.0,0.0
2014-07-23 00:00:00+09:00,5184.807542782738,5383.269075520833,5135.192159598214,5209.615234375,564342,0.0,0.0
2014-07-24 00:00:00+09:00,5209.615040010619,5234.422730677336,5085.5765866770325,5110.38427734375,172062,0.0,0.0
2014-07-25 00:00:00+09:00,5035.961278105945,5184.80742425686,4961.538205030488,5085.57666015625,175332,0.0,0.0
2014-07-28 00:00:00+09:00,5085.576845535939,5135.192229394826,4906.9614636439455,4926.8076171875,227262,0.0,0.0
2014-07-29 00:00:00+09:00,4951.615111287435,5035.961260477702,4668.807434590658,4763.07666015625,265074,0.0,0.0
2014-07-30 00:00:00+09:00,4777.961176757813,5035.961157226563,4663.845800781251,4961.5380859375,238778,0.0,0.0
2014-07-31 00:00:00+09:00,4931.769267918222,5085.576961384484,4817.653882443253,4986.34619140625,115616,0.0,0.0
2014-08-01 00:00:00+09:00,4887.115131955031,5159.999733231707,4867.2689791349085,5085.57666015625,226996,0.0,0.0
2014-08-04 00:00:00+09:00,5110.384651540596,5408.076961339077,5035.961574090976,5308.84619140625,394804,0.0,0.0
2014-08-05 00:00:00+09:00,5333.653467026115,5383.26884811473,5209.615014304578,5284.0380859375,110708,0.0,0.0
2014-08-06 00:00:00+09:00,5259.230542802133,5432.884381479562,5135.192086603969,5234.4228515625,117330,0.0,0.0
2014-08-07 00:00:00+09:00,5259.2307692307695,5284.038461538462,5110.384615384615,5160.0,69780,0.0,0.0
2014-08-08 00:00:00+09:00,5184.807521654212,5929.038266389267,5159.999830163044,5705.76904296875,1247746,0.0,0.0
2014-08-11 00:00:00+09:00,5730.576586493131,5879.422731596848,5631.345823090652,5755.38427734375,429862,0.0,0.0
2014-08-12 00:00:00+09:00,5730.576703421678,5879.4228515625,5631.3459379944625,5879.4228515625,228364,0.0,0.0
2014-08-13 00:00:00+09:00,5755.384203996781,5953.845728272532,5755.384203996781,5780.19189453125,298448,0.0,0.0
2014-08-14 00:00:00+09:00,5780.192159361759,6077.884459414725,5631.346009335276,5854.615234375,617892,0.0,0.0
2014-08-18 00:00:00+09:00,5953.845804148707,5978.6534949993265,5730.576586493131,5755.38427734375,154578,0.0,0.0
2014-08-19 00:00:00+09:00,5780.192307692308,6325.961538461539,5656.153846153847,6127.5,645540,0.0,0.0
2014-08-20 00:00:00+09:00,6177.11516015625,6276.34592578125,6003.4613203125,6201.9228515625,262304,0.0,0.0
2014-08-21 00:00:00+09:00,6201.92296051782,6276.346036044034,6003.46142578125,6003.46142578125,208350,0.0,0.0
2014-08-22 00:00:00+09:00,6003.461277695953,6177.115116306993,5953.845895235656,6053.07666015625,155342,0.0,0.0
2014-08-25 00:00:00+09:00,6102.692073773735,6102.692073773735,5879.4228515625,5879.4228515625,133958,0.0,0.0
2014-08-26 00:00:00+09:00,5879.422926046081,5953.846001059323,5755.384467690678,5854.615234375,99010,0.0,0.0
2014-08-27 00:00:00+09:00,5854.615160205696,5904.230542919304,5705.769012064874,5879.4228515625,86732,0.0,0.0
2014-08-28 00:00:00+09:00,5879.4228515625,5904.230542919304,5730.576703421678,5879.4228515625,126562,0.0,0.0
2014-08-29 00:00:00+09:00,5904.230369505844,6301.153419556656,5804.99960699314,6102.69189453125,462902,0.0,0.0
2014-09-01 00:00:00+09:00,6127.499611826622,6152.307302562762,5929.0380859375,5929.0380859375,110708,0.0,0.0
2014-09-02 00:00:00+09:00,5953.845968364198,6201.922883712706,5755.384436085391,6028.26904296875,239994,0.0,0.0
2014-09-03 00:00:00+09:00,6028.26884888206,6053.0765396182005,5854.61501372908,5929.0380859375,168494,0.0,0.0
2014-09-04 00:00:00+09:00,5929.038385139628,5953.84607712766,5680.961465259309,5829.8076171875,162174,0.0,0.0
2014-09-05 00:00:00+09:00,5730.576604352678,6102.691968271683,5680.961222496811,6077.88427734375,299778,0.0,0.0
2014-09-11 00:00:00+09:00,6201.92297667371,6970.96142578125,6201.92297667371,6970.96142578125,951148,0.0,0.0
2014-09-12 00:00:00+09:00,7070.191998533393,7070.191998533393,6722.884321412455,6871.73046875,545140,0.0,0.0
2014-09-15 00:00:00+09:00,6846.922657686122,6871.730348474839,6574.038059010225,6747.69189453125,311274,0.0,0.0
2014-09-16 00:00:00+09:00,6772.4997341579865,6822.11511682581,6623.653586154514,6698.07666015625,301512,0.0,0.0
2014-09-17 00:00:00+09:00,6722.884394106658,6871.730543053669,6623.653628141984,6846.9228515625,334248,0.0,0.0
2014-09-18 00:00:00+09:00,6896.538159972924,6995.768924864621,6698.076630189531,6871.73046875,424090,0.0,0.0
2014-09-19 00:00:00+09:00,6846.9227775270765,7045.38430731047,6772.499703858303,6871.73046875,222328,0.0,0.0
2014-09-22 00:00:00+09:00,7020.576849003703,7293.461461509147,6846.923004682056,7119.8076171875,578448,0.0,0.0
2014-09-23 00:00:00+09:00,7119.807304546987,7243.845759330036,6846.92270402428,6896.5380859375,236482,0.0,0.0
2014-09-24 00:00:00+09:00,6896.5380859375,6995.768849763939,6822.115013067671,6896.5380859375,228790,0.0,0.0
2014-09-25 00:00:00+09:00,6970.961500767299,6970.961500767299,6747.6922712053565,6946.15380859375,254998,0.0,0.0
2014-09-26 00:00:00+09:00,6846.922820505742,7119.807425670826,6846.922820505742,7020.57666015625,270436,0.0,0.0
2014-09-29 00:00:00+09:00,7020.576923076923,7541.538461538462,7020.576923076923,7417.5,784840,0.0,0.0
2014-09-30 00:00:00+09:00,7417.5,7615.961538461539,7343.076923076923,7417.5,309636,0.0,0.0
2014-10-01 00:00:00+09:00,7417.499585452496,7516.73034913748,7194.2303671612835,7392.69189453125,292758,0.0,0.0
2014-10-02 00:00:00+09:00,7343.0765573601975,7591.153468081826,7293.461175215872,7541.5380859375,273730,0.0,0.0
2014-10-06 00:00:00+09:00,7566.345882931271,7615.961265770165,7343.07666015625,7343.07666015625,205762,0.0,0.0
2014-10-07 00:00:00+09:00,7293.46146484375,7615.961461588541,7119.807620442708,7442.3076171875,310564,0.0,0.0
2014-10-08 00:00:00+09:00,7442.307692307692,7491.923076923077,7293.461538461539,7417.5,165558,0.0,0.0
2014-10-10 00:00:00+09:00,7392.692229692944,7442.307613784844,6921.346080819904,7119.8076171875,327258,0.0,0.0
2014-10-13 00:00:00+09:00,7045.384615384615,7070.192307692308,6450.0,6772.5,482804,0.0,0.0
2014-10-14 00:00:00+09:00,6698.0768453663795,6871.730689505508,6474.8076171875,6474.8076171875,420716,0.0,0.0
2014-10-15 00:00:00+09:00,6425.192307692308,6623.653846153847,6276.346153846154,6450.0,559084,0.0,0.0
2014-10-16 00:00:00+09:00,6350.7691570881225,6499.6153092073755,6152.307620929119,6474.8076171875,402142,0.0,0.0
2014-10-17 00:00:00+09:00,6450.0,6698.076923076923,6325.961538461539,6450.0,328068,0.0,0.0
2014-10-20 00:00:00+09:00,6524.422791629062,6921.345851195849,6499.615100406138,6871.73046875,380168,0.0,0.0
2014-10-21 00:00:00+09:00,6871.730423705604,6995.768879007149,6673.268895223132,6722.88427734375,331346,0.0,0.0
2014-10-22 00:00:00+09:00,6772.5,7095.0,6772.5,7095.0,196644,0.0,0.0
2014-10-23 00:00:00+09:00,7045.38439392301,7318.269000729888,6995.769010867214,7169.4228515625,209044,0.0,0.0
2014-10-24 00:00:00+09:00,7293.461084653254,7318.26877541738,6946.15341395548,7243.845703125,193346,0.0,0.0
2014-10-27 00:00:00+09:00,7243.84573053728,7243.84573053728,6921.345749383224,7070.19189453125,175338,0.0,0.0
2014-10-28 00:00:00+09:00,7070.191867776113,7343.076466181507,6921.3457231913535,7243.845703125,259078,0.0,0.0
2014-10-29 00:00:00+09:00,7318.268803111294,7343.076493969298,7070.19189453125,7070.19189453125,100738,0.0,0.0
2014-10-30 00:00:00+09:00,6995.768802418428,7169.422637939453,6549.230368221508,6747.69189453125,227590,0.0,0.0
2014-10-31 00:00:00+09:00,6698.0767345783,6871.730575845144,6623.6536597496515,6673.26904296875,56992,0.0,0.0
2014-11-03 00:00:00+09:00,6673.269192927785,6797.307653762874,6549.230732092697,6623.65380859375,76064,0.0,0.0
2014-11-04 00:00:00+09:00,6747.692236498258,7343.0768456010455,6722.884544452309,7119.8076171875,850324,0.0,0.0
2014-11-05 00:00:00+09:00,7194.230348821272,7268.6534213952855,6946.153440241228,7070.19189453125,325742,0.0,0.0
2014-11-06 00:00:00+09:00,7020.5766160875455,7094.999689756318,6574.03817407491,6871.73046875,350214,0.0,0.0
2014-11-07 00:00:00+09:00,6896.538350061165,6995.769117687945,6648.461430994217,6970.96142578125,253850,0.0,0.0
2014-11-10 00:00:00+09:00,6995.769117687945,7119.807577221419,6896.538350061165,6970.96142578125,176204,0.0,0.0
2014-11-11 00:00:00+09:00,6970.961111629711,7020.576493207146,6747.69189453125,6747.69189453125,140978,0.0,0.0
2014-11-12 00:00:00+09:00,6797.307468580163,6896.538234544837,6648.461319633152,6846.9228515625,201938,0.0,0.0
2014-11-13 00:00:00+09:00,6846.922696109694,6921.345768893495,5829.807368064413,6077.88427734375,2210350,0.0,0.0
2014-11-14 00:00:00+09:00,6003.461204559949,6251.538113839286,5780.191986208546,6077.88427734375,785402,0.0,0.0
2014-11-17 00:00:00+09:00,6028.2692307692305,6251.538461538462,5805.0,5805.0,382066,0.0,0.0
2014-11-18 00:00:00+09:00,5755.384406249999,6301.1536171875,5755.384406249999,6201.9228515625,447704,0.0,0.0
2014-11-19 00:00:00+09:00,6127.499850966366,6325.961384600903,6077.884467557731,6177.115234375,192588,0.0,0.0
2014-11-20 00:00:00+09:00,6127.5,6301.153846153847,6053.076923076923,6127.5,162224,0.0,0.0
2014-11-21 00:00:00+09:00,6077.884615384615,6474.807692307692,6077.884615384615,6450.0,337270,0.0,0.0
2014-11-24 00:00:00+09:00,6375.576558814859,6623.653467718161,6375.576558814859,6574.0380859375,193330,0.0,0.0
2014-11-25 00:00:00+09:00,6499.61501326651,6648.46115860849,6449.999631485849,6574.0380859375,109378,0.0,0.0
2014-11-26 00:00:00+09:00,6499.61534775866,6921.346114597964,6474.807655591643,6623.65380859375,248268,0.0,0.0
2014-11-27 00:00:00+09:00,6648.461430994217,6995.769117687945,6648.461430994217,6970.96142578125,394902,0.0,0.0
2014-11-28 00:00:00+09:00,6995.769117687945,7045.384501501335,6846.922966247776,6970.96142578125,137520,0.0,0.0
2014-12-01 00:00:00+09:00,6970.96118794684,7045.384261127767,6698.0765862834405,6722.88427734375,183310,0.0,0.0
2014-12-02 00:00:00+09:00,6623.6536597496515,6797.307501016497,6598.845968140102,6673.26904296875,82714,0.0,0.0
2014-12-03 00:00:00+09:00,6598.845968140102,6822.115192626045,6524.422893311455,6673.26904296875,166794,0.0,0.0
2014-12-04 00:00:00+09:00,6648.461538461539,6772.5,6425.192307692308,6450.0,251162,0.0,0.0
2014-12-05 00:00:00+09:00,6474.807258538441,6574.038021121405,5482.499632708795,5606.5380859375,1605838,0.0,0.0
2014-12-08 00:00:00+09:00,5780.192127620242,6077.884426038451,5705.76905301569,6028.26904296875,651646,0.0,0.0
2014-12-09 00:00:00+09:00,5978.653773153982,6251.538385206653,5953.846081149193,6152.3076171875,306962,0.0,0.0
2014-12-10 00:00:00+09:00,6152.307367369186,6400.38427734375,6077.884294376817,6400.38427734375,204268,0.0,0.0
2014-12-11 00:00:00+09:00,6400.3843514409045,6449.9997340102145,6201.922821163667,6375.57666015625,166280,0.0,0.0
2014-12-12 00:00:00+09:00,6400.384230840774,6400.384230840774,6251.5380859375,6251.5380859375,58736,0.0,0.0
2014-12-15 00:00:00+09:00,6251.538498950099,6325.961576318553,6102.692344213192,6276.34619140625,84988,0.0,0.0
2014-12-16 00:00:00+09:00,6177.115086528885,6350.768924302789,6177.115086528885,6226.73046875,57596,0.0,0.0
2014-12-17 00:00:00+09:00,6226.730732114296,6449.999961552658,6152.307655634842,6301.15380859375,59146,0.0,0.0
2014-12-18 00:00:00+09:00,6251.538234375,6375.57669140625,5978.65362890625,6201.9228515625,87622,0.0,0.0
2014-12-19 00:00:00+09:00,6201.922678118967,6574.038038806105,6201.922678118967,6425.19189453125,114328,0.0,0.0
2014-12-22 00:00:00+09:00,6574.038038806105,6574.038038806105,6350.768822393822,6425.19189453125,50898,0.0,0.0
2014-12-23 00:00:00+09:00,6425.19189453125,6449.999585243726,6201.922678118967,6425.19189453125,73952,0.0,0.0
2014-12-24 00:00:00+09:00,6474.807692307692,6499.615384615385,6301.153846153847,6450.0,57988,0.0,0.0
2014-12-26 00:00:00+09:00,6474.807692307692,6524.423076923077,6276.346153846154,6450.0,91094,0.0,0.0
2014-12-29 00:00:00+09:00,6400.0,6650.0,6400.0,6650.0,109428,50.0,0.0
2014-12-30 00:00:00+09:00,6700.0,6875.0,6600.0,6850.0,105110,0.0,0.0
2015-01-02 00:00:00+09:00,6900.0,7000.0,6725.0,7000.0,105540,0.0,0.0
2015-01-05 00:00:00+09:00,7100.0,7100.0,6875.0,7000.0,81236,0.0,0.0
2015-01-06 00:00:00+09:00,7000.0,7000.0,6725.0,6875.0,100114,0.0,0.0
2015-01-07 00:00:00+09:00,6875.0,6875.0,6550.0,6750.0,242492,0.0,0.0
2015-01-08 00:00:00+09:00,6775.0,7050.0,6675.0,7025.0,164962,0.0,0.0
2015-01-09 00:00:00+09:00,7100.0,7650.0,7050.0,7475.0,524160,0.0,0.0
2015-01-12 00:00:00+09:00,7625.0,7875.0,7400.0,7475.0,269500,0.0,0.0
2015-01-13 00:00:00+09:00,7525.0,7975.0,7325.0,7750.0,589744,0.0,0.0
2015-01-14 00:00:00+09:00,7875.0,8100.0,7625.0,7775.0,430564,0.0,0.0
2015-01-15 00:00:00+09:00,7700.0,7925.0,7675.0,7675.0,152764,0.0,0.0
2015-01-16 00:00:00+09:00,7650.0,8225.0,7475.0,8200.0,649344,0.0,0.0
2015-01-19 00:00:00+09:00,8200.0,8325.0,8025.0,8075.0,320912,0.0,0.0
2015-01-20 00:00:00+09:00,8000.0,8075.0,7700.0,7975.0,351656,0.0,0.0
2015-01-21 00:00:00+09:00,7925.0,8025.0,7650.0,7675.0,355806,0.0,0.0
2015-01-22 00:00:00+09:00,7675.0,7825.0,7400.0,7500.0,339106,0.0,0.0
2015-01-23 00:00:00+09:00,7600.0,7700.0,7400.0,7550.0,200544,0.0,0.0
2015-01-26 00:00:00+09:00,7550.0,7850.0,7400.0,7850.0,283254,0.0,0.0
2015-01-27 00:00:00+09:00,7850.0,7950.0,7500.0,7525.0,399608,0.0,0.0
2015-01-28 00:00:00+09:00,7450.0,7625.0,7425.0,7525.0,116236,0.0,0.0
2015-01-29 00:00:00+09:00,7650.0,7650.0,7275.0,7425.0,168222,0.0,0.0
2015-01-30 00:00:00+09:00,7400.0,7575.0,7250.0,7450.0,118886,0.0,0.0
2015-02-02 00:00:00+09:00,7475.0,7475.0,7050.0,7150.0,244006,0.0,0.0
2015-02-03 00:00:00+09:00,7125.0,7425.0,7125.0,7375.0,121698,0.0,0.0
2015-02-04 00:00:00+09:00,7425.0,7950.0,7250.0,7925.0,630282,0.0,0.0
2015-02-05 00:00:00+09:00,7925.0,8150.0,7800.0,7900.0,344118,0.0,0.0
2015-02-06 00:00:00+09:00,8075.0,8425.0,7975.0,8350.0,503700,0.0,0.0
2015-02-09 00:00:00+09:00,8400.0,8775.0,8050.0,8575.0,585618,0.0,0.0
2015-02-10 00:00:00+09:00,8600.0,8675.0,8350.0,8575.0,250652,0.0,0.0
2015-02-11 00:00:00+09:00,8500.0,9350.0,8500.0,9350.0,1332800,0.0,0.0
2015-02-12 00:00:00+09:00,9425.0,10125.0,9425.0,9900.0,1113900,0.0,0.0
2015-02-13 00:00:00+09:00,10100.0,10100.0,9575.0,9675.0,561566,0.0,0.0
2015-02-16 00:00:00+09:00,9550.0,10125.0,9325.0,10100.0,386574,0.0,0.0
2015-02-17 00:00:00+09:00,10025.0,10100.0,9700.0,9825.0,297550,0.0,0.0
2015-02-23 00:00:00+09:00,9600.0,9950.0,9500.0,9950.0,185336,0.0,0.0
2015-02-24 00:00:00+09:00,9825.0,10100.0,9700.0,9950.0,261418,0.0,0.0
2015-02-25 00:00:00+09:00,10050.0,11100.0,9950.0,10650.0,714118,0.0,0.0
2015-02-26 00:00:00+09:00,10500.0,11150.0,10300.0,10500.0,446608,0.0,0.0
2015-02-27 00:00:00+09:00,10300.0,10725.0,10125.0,10725.0,270656,0.0,0.0
2015-03-02 00:00:00+09:00,10725.0,11100.0,10150.0,10450.0,257004,0.0,0.0
2015-03-03 00:00:00+09:00,10650.0,10700.0,10225.0,10475.0,329038,0.0,0.0
2015-03-04 00:00:00+09:00,10600.0,11000.0,10500.0,10850.0,709498,0.0,0.0
2015-03-05 00:00:00+09:00,10900.0,10900.0,10200.0,10625.0,599514,0.0,0.0
2015-03-06 00:00:00+09:00,10650.0,10675.0,10275.0,10425.0,235608,0.0,0.0
2015-03-09 00:00:00+09:00,10400.0,10450.0,10025.0,10400.0,287328,0.0,0.0
2015-03-10 00:00:00+09:00,10500.0,10500.0,9875.0,10150.0,357544,0.0,0.0
2015-03-11 00:00:00+09:00,10025.0,10325.0,9900.0,10150.0,206680,0.0,0.0
2015-03-12 00:00:00+09:00,10050.0,11100.0,10050.0,10975.0,719616,0.0,0.0
2015-03-13 00:00:00+09:00,10975.0,11175.0,10775.0,10925.0,222972,0.0,0.0
2015-03-16 00:00:00+09:00,11000.0,11100.0,10650.0,10900.0,258792,0.0,0.0
2015-03-17 00:00:00+09:00,10800.0,10925.0,10775.0,10850.0,108148,0.0,0.0
2015-03-18 00:00:00+09:00,10775.0,11300.0,10775.0,10950.0,322314,0.0,0.0
2015-03-19 00:00:00+09:00,10875.0,10975.0,10200.0,10350.0,661516,0.0,0.0
2015-03-20 00:00:00+09:00,10175.0,10800.0,10175.0,10675.0,266820,0.0,0.0
2015-03-23 00:00:00+09:00,10800.0,11175.0,10475.0,10950.0,276030,0.0,0.0
2015-03-24 00:00:00+09:00,11000.0,12000.0,10875.0,11750.0,512004,0.0,0.0
2015-03-25 00:00:00+09:00,11875.0,12375.0,11850.0,12375.0,385468,0.0,0.0
2015-03-26 00:00:00+09:00,12150.0,12175.0,11900.0,12075.0,232530,0.0,0.0
2015-03-27 00:00:00+09:00,12100.0,12100.0,11650.0,11925.0,202966,0.0,0.0
2015-03-30 00:00:00+09:00,11775.0,12100.0,11525.0,11875.0,146956,0.0,0.0
2015-03-31 00:00:00+09:00,11900.0,12475.0,11775.0,12050.0,267360,0.0,0.0
2015-04-01 00:00:00+09:00,11975.0,12250.0,11375.0,11700.0,368326,0.0,0.0
2015-04-02 00:00:00+09:00,11850.0,11850.0,11200.0,11625.0,339374,0.0,0.0
2015-04-03 00:00:00+09:00,11800.0,11800.0,11275.0,11575.0,192480,0.0,0.0
2015-04-06 00:00:00+09:00,11575.0,11575.0,11225.0,11500.0,162886,0.0,0.0
2015-04-07 00:00:00+09:00,11475.0,11800.0,11375.0,11500.0,147188,0.0,0.0
2015-04-08 00:00:00+09:00,11425.0,11700.0,10900.0,11350.0,219772,0.0,0.0
2015-04-09 00:00:00+09:00,11250.0,11300.0,10775.0,11275.0,185184,0.0,0.0
2015-04-10 00:00:00+09:00,11350.0,11375.0,10875.0,11175.0,190544,0.0,0.0
2015-04-13 00:00:00+09:00,11200.0,11200.0,10750.0,10875.0,156298,0.0,0.0
2015-04-14 00:00:00+09:00,10675.0,10850.0,10350.0,10400.0,329672,0.0,0.0
2015-04-15 00:00:00+09:00,10400.0,11250.0,10400.0,10750.0,219034,0.0,0.0
2015-04-16 00:00:00+09:00,10750.0,11250.0,10525.0,10975.0,150732,0.0,0.0
2015-04-17 00:00:00+09:00,11200.0,11200.0,10525.0,10700.0,123446,0.0,0.0
2015-04-20 00:00:00+09:00,10725.0,11100.0,10500.0,11000.0,168894,0.0,0.0
2015-04-21 00:00:00+09:00,11000.0,12250.0,10850.0,12150.0,813704,0.0,0.0
2015-04-22 00:00:00+09:00,12150.0,13500.0,11975.0,13400.0,1438986,0.0,0.0
2015-04-23 00:00:00+09:00,13750.0,13925.0,12400.0,13650.0,772022,0.0,0.0
2015-04-24 00:00:00+09:00,13750.0,14250.0,13050.0,13050.0,676270,0.0,0.0
2015-04-27 00:00:00+09:00,13050.0,13075.0,11975.0,12775.0,528586,0.0,0.0
2015-04-28 00:00:00+09:00,12775.0,12825.0,11650.0,12350.0,567926,0.0,0.0
2015-04-29 00:00:00+09:00,12750.0,13175.0,12425.0,12500.0,1273004,0.0,0.0
2015-04-30 00:00:00+09:00,12600.0,12750.0,12075.0,12250.0,374136,0.0,0.0
2015-05-04 00:00:00+09:00,12475.0,12475.0,11875.0,12000.0,170600,0.0,0.0
2015-05-06 00:00:00+09:00,11800.0,12275.0,11200.0,11700.0,418428,0.0,0.0
2015-05-07 00:00:00+09:00,11425.0,12850.0,11050.0,12500.0,557044,0.0,0.0
2015-05-08 00:00:00+09:00,12400.0,12850.0,12250.0,12575.0,551420,0.0,0.0
2015-05-11 00:00:00+09:00,12800.0,13675.0,12800.0,13425.0,604150,0.0,0.0
2015-05-12 00:00:00+09:00,13525.0,13675.0,12975.0,13050.0,546936,0.0,0.0
2015-05-13 00:00:00+09:00,13100.0,15000.0,13075.0,15000.0,1010006,0.0,0.0
2015-05-14 00:00:00+09:00,15200.0,15475.0,14500.0,14800.0,573186,0.0,0.0
2015-05-15 00:00:00+09:00,14775.0,15200.0,14575.0,15100.0,421110,0.0,0.0
2015-05-18 00:00:00+09:00,15200.0,16375.0,15025.0,15850.0,635720,0.0,0.0
2015-05-19 00:00:00+09:00,16025.0,16600.0,15300.0,15375.0,398366,0.0,0.0
2015-05-20 00:00:00+09:00,15450.0,15900.0,14675.0,14975.0,438572,0.0,0.0
2015-05-21 00:00:00+09:00,15225.0,16100.0,14500.0,16050.0,494402,0.0,0.0
2015-05-22 00:00:00+09:00,16350.0,16375.0,15250.0,15600.0,347116,0.0,0.0
2015-05-26 00:00:00+09:00,15400.0,15425.0,14925.0,14925.0,205292,0.0,0.0
2015-05-27 00:00:00+09:00,14925.0,15475.0,14200.0,14975.0,215768,0.0,0.0
2015-05-28 00:00:00+09:00,15050.0,15425.0,14750.0,15125.0,156014,0.0,0.0
2015-05-29 00:00:00+09:00,15125.0,15275.0,14250.0,14250.0,191676,0.0,0.0
2015-06-01 00:00:00+09:00,14300.0,14425.0,13725.0,14425.0,211600,0.0,0.0
2015-06-02 00:00:00+09:00,14425.0,14525.0,13625.0,14150.0,155540,0.0,0.0
2015-06-03 00:00:00+09:00,14000.0,14450.0,13450.0,13600.0,245028,0.0,0.0
2015-06-04 00:00:00+09:00,13625.0,14025.0,13575.0,13850.0,172910,0.0,0.0
2015-06-05 00:00:00+09:00,13800.0,13925.0,13125.0,13125.0,171670,0.0,0.0
2015-06-08 00:00:00+09:00,13125.0,14075.0,13000.0,13750.0,278708,0.0,0.0
2015-06-09 00:00:00+09:00,13550.0,14075.0,13150.0,13525.0,232440,0.0,0.0
2015-06-10 00:00:00+09:00,13650.0,14175.0,13600.0,13875.0,306346,0.0,0.0
2015-06-11 00:00:00+09:00,14100.0,14375.0,13500.0,13600.0,205182,0.0,0.0
2015-06-12 00:00:00+09:00,13550.0,13625.0,11675.0,13050.0,704444,0.0,0.0
2015-06-15 00:00:00+09:00,12750.0,13125.0,12025.0,12975.0,411120,0.0,0.0
2015-06-16 00:00:00+09:00,13000.0,13000.0,12350.0,12500.0,110784,0.0,0.0
2015-06-17 00:00:00+09:00,11900.0,12750.0,11200.0,12750.0,862528,0.0,0.0
2015-06-18 00:00:00+09:00,13000.0,13200.0,12250.0,12875.0,221284,0.0,0.0
2015-06-19 00:00:00+09:00,13075.0,13075.0,12325.0,12450.0,130478,0.0,0.0
2015-06-22 00:00:00+09:00,12250.0,12475.0,11675.0,12400.0,227988,0.0,0.0
2015-06-23 00:00:00+09:00,12525.0,12525.0,12000.0,12000.0,64160,0.0,0.0
2015-06-24 00:00:00+09:00,11925.0,12225.0,11600.0,11975.0,188054,0.0,0.0
2015-06-25 00:00:00+09:00,11725.0,12350.0,11675.0,12200.0,118040,0.0,0.0
2015-06-26 00:00:00+09:00,12200.0,13275.0,12150.0,13050.0,484714,0.0,0.0
2015-06-29 00:00:00+09:00,12800.0,13050.0,12175.0,12200.0,176422,0.0,0.0
2015-06-30 00:00:00+09:00,11900.0,12625.0,11750.0,12500.0,217584,0.0,0.0
2015-07-01 00:00:00+09:00,12500.0,13225.0,12275.0,13150.0,206298,0.0,0.0
2015-07-02 00:00:00+09:00,13150.0,13875.0,13100.0,13825.0,483202,0.0,0.0
2015-07-03 00:00:00+09:00,14200.0,14225.0,13425.0,13650.0,263732,0.0,0.0
2015-07-06 00:00:00+09:00,13225.0,13850.0,12600.0,13450.0,158290,0.0,0.0
2015-07-07 00:00:00+09:00,13450.0,13700.0,12550.0,12875.0,133328,0.0,0.0
2015-07-08 00:00:00+09:00,12825.0,13075.0,12350.0,12425.0,186470,0.0,0.0
2015-07-09 00:00:00+09:00,12050.0,12350.0,11250.0,11375.0,494178,0.0,0.0
2015-07-10 00:00:00+09:00,11475.0,11475.0,10350.0,11225.0,477098,0.0,0.0
2015-07-13 00:00:00+09:00,11100.0,11650.0,10775.0,11625.0,424260,0.0,0.0
2015-07-14 00:00:00+09:00,11900.0,12225.0,11700.0,11750.0,266694,0.0,0.0
2015-07-15 00:00:00+09:00,11750.0,11850.0,11200.0,11300.0,190478,0.0,0.0
2015-07-16 00:00:00+09:00,12275.0,13500.0,12275.0,13200.0,804626,0.0,0.0
2015-07-17 00:00:00+09:00,13125.0,14400.0,12750.0,13750.0,440944,0.0,0.0
2015-07-20 00:00:00+09:00,13850.0,13900.0,13300.0,13725.0,280712,0.0,0.0
2015-07-21 00:00:00+09:00,13700.0,13950.0,13225.0,13750.0,179820,0.0,0.0
2015-07-22 00:00:00+09:00,13925.0,14450.0,13500.0,14175.0,251092,0.0,0.0
2015-07-23 00:00:00+09:00,14500.0,14500.0,13925.0,13925.0,183834,0.0,0.0
2015-07-24 00:00:00+09:00,13750.0,14075.0,13625.0,13800.0,85172,0.0,0.0
2015-07-27 00:00:00+09:00,13775.0,13775.0,12700.0,12950.0,166776,0.0,0.0
2015-07-28 00:00:00+09:00,12300.0,12625.0,11950.0,12350.0,215514,0.0,0.0
2015-07-29 00:00:00+09:00,12375.0,12700.0,12075.0,12450.0,106628,0.0,0.0
2015-07-30 00:00:00+09:00,12700.0,12700.0,11575.0,12200.0,183246,0.0,0.0
2015-07-31 00:00:00+09:00,12325.0,12325.0,11450.0,11750.0,193326,0.0,0.0
2015-08-03 00:00:00+09:00,11750.0,12000.0,11325.0,11850.0,92580,0.0,0.0
2015-08-04 00:00:00+09:00,11500.0,11925.0,11175.0,11800.0,263592,0.0,0.0
2015-08-05 00:00:00+09:00,11850.0,12150.0,11325.0,11775.0,127234,0.0,0.0
2015-08-06 00:00:00+09:00,11850.0,12500.0,11600.0,11800.0,94644,0.0,0.0
2015-08-07 00:00:00+09:00,11675.0,11925.0,11500.0,11700.0,62966,0.0,0.0
2015-08-10 00:00:00+09:00,11750.0,11875.0,11600.0,11625.0,28114,0.0,0.0
2015-08-11 00:00:00+09:00,11750.0,11900.0,11050.0,11325.0,79812,0.0,0.0
2015-08-12 00:00:00+09:00,11125.0,11525.0,10700.0,11325.0,140172,0.0,0.0
2015-08-13 00:00:00+09:00,11200.0,11800.0,11000.0,11675.0,98384,0.0,0.0
2015-08-17 00:00:00+09:00,11775.0,11950.0,11125.0,11575.0,101078,0.0,0.0
2015-08-18 00:00:00+09:00,11575.0,11850.0,10750.0,11275.0,176912,0.0,0.0
2015-08-19 00:00:00+09:00,10800.0,11225.0,9250.0,9750.0,385144,0.0,0.0
2015-08-20 00:00:00+09:00,9475.0,9850.0,8600.0,9725.0,516370,0.0,0.0
2015-08-21 00:00:00+09:00,9300.0,9925.0,8850.0,9725.0,196174,0.0,0.0
2015-08-24 00:00:00+09:00,9250.0,10175.0,9250.0,9800.0,101998,0.0,0.0
2015-08-25 00:00:00+09:00,9825.0,10425.0,9725.0,10350.0,105818,0.0,0.0
2015-08-26 00:00:00+09:00,10150.0,10700.0,10100.0,10650.0,109440,0.0,0.0
2015-08-27 00:00:00+09:00,10650.0,10900.0,10300.0,10400.0,111260,0.0,0.0
2015-08-28 00:00:00+09:00,10550.0,11050.0,10525.0,10925.0,138924,0.0,0.0
2015-08-31 00:00:00+09:00,10750.0,11400.0,10750.0,11300.0,124366,0.0,0.0
2015-09-01 00:00:00+09:00,11300.0,11400.0,10975.0,11175.0,53636,0.0,0.0
2015-09-02 00:00:00+09:00,11075.0,11075.0,10650.0,10775.0,59474,0.0,0.0
2015-09-03 00:00:00+09:00,10775.0,11100.0,10425.0,10875.0,93534,0.0,0.0
2015-09-04 00:00:00+09:00,10875.0,10875.0,10375.0,10800.0,67392,0.0,0.0
2015-09-07 00:00:00+09:00,10600.0,10900.0,10425.0,10800.0,25348,0.0,0.0
2015-09-08 00:00:00+09:00,10775.0,10800.0,10100.0,10575.0,134812,0.0,0.0
2015-09-09 00:00:00+09:00,10625.0,11000.0,10525.0,10925.0,53102,0.0,0.0
2015-09-10 00:00:00+09:00,10925.0,11600.0,10650.0,11600.0,179450,0.0,0.0
2015-09-11 00:00:00+09:00,11600.0,11650.0,11325.0,11375.0,48658,0.0,0.0
2015-09-14 00:00:00+09:00,11400.0,11425.0,11075.0,11150.0,14518,0.0,0.0
2015-09-15 00:00:00+09:00,10750.0,11175.0,10750.0,11150.0,22338,0.0,0.0
2015-09-16 00:00:00+09:00,11400.0,11400.0,10875.0,10900.0,42146,0.0,0.0
2015-09-17 00:00:00+09:00,11000.0,11100.0,10550.0,10825.0,28434,0.0,0.0
2015-09-18 00:00:00+09:00,10850.0,11875.0,10750.0,11825.0,154234,0.0,0.0
2015-09-21 00:00:00+09:00,11475.0,11825.0,11375.0,11550.0,39346,0.0,0.0
2015-09-22 00:00:00+09:00,11450.0,11750.0,11400.0,11450.0,38798,0.0,0.0
2015-09-23 00:00:00+09:00,11225.0,11575.0,11225.0,11250.0,38100,0.0,0.0
2015-09-24 00:00:00+09:00,11625.0,11625.0,11300.0,11475.0,43946,0.0,0.0
2015-09-25 00:00:00+09:00,11475.0,11475.0,11150.0,11300.0,21272,0.0,0.0
2015-09-30 00:00:00+09:00,11625.0,11625.0,10800.0,10875.0,53596,0.0,0.0
2015-10-01 00:00:00+09:00,10875.0,11025.0,10650.0,10875.0,45292,0.0,0.0
2015-10-02 00:00:00+09:00,10925.0,10925.0,10600.0,10875.0,64752,0.0,0.0
2015-10-05 00:00:00+09:00,10875.0,11350.0,10675.0,11150.0,132792,0.0,0.0
2015-10-06 00:00:00+09:00,11300.0,11300.0,10900.0,11050.0,27894,0.0,0.0
2015-10-07 00:00:00+09:00,11225.0,11450.0,11050.0,11325.0,163928,0.0,0.0
2015-10-08 00:00:00+09:00,11450.0,11525.0,11225.0,11300.0,44042,0.0,0.0
2015-10-12 00:00:00+09:00,11300.0,11300.0,11000.0,11225.0,35440,0.0,0.0
2015-10-13 00:00:00+09:00,11500.0,11500.0,10925.0,11150.0,42242,0.0,0.0
2015-10-14 00:00:00+09:00,11075.0,11175.0,10850.0,11100.0,16776,0.0,0.0
2015-10-15 00:00:00+09:00,10950.0,11175.0,10900.0,11175.0,16396,0.0,0.0
2015-10-16 00:00:00+09:00,11350.0,11400.0,11050.0,11375.0,41442,0.0,0.0
2015-10-19 00:00:00+09:00,11575.0,11575.0,10950.0,11200.0,53826,0.0,0.0
2015-10-20 00:00:00+09:00,11200.0,11375.0,10950.0,11150.0,38612,0.0,0.0
2015-10-21 00:00:00+09:00,11250.0,11250.0,10725.0,11000.0,68712,0.0,0.0
2015-10-22 00:00:00+09:00,11150.0,11150.0,10700.0,10700.0,62592,0.0,0.0
2015-10-23 00:00:00+09:00,10700.0,11000.0,10575.0,10875.0,74804,0.0,0.0
2015-10-26 00:00:00+09:00,11000.0,11000.0,10725.0,10875.0,27580,0.0,0.0
2015-10-27 00:00:00+09:00,10925.0,10950.0,10700.0,10775.0,29014,0.0,0.0
2015-10-28 00:00:00+09:00,10800.0,10950.0,10475.0,10750.0,63570,0.0,0.0
2015-10-29 00:00:00+09:00,10850.0,10875.0,10300.0,10450.0,95670,0.0,0.0
2015-10-30 00:00:00+09:00,10450.0,10975.0,10175.0,10925.0,124972,0.0,0.0
2015-11-02 00:00:00+09:00,10925.0,11000.0,10650.0,10875.0,41070,0.0,0.0
2015-11-03 00:00:00+09:00,10750.0,11025.0,10600.0,10850.0,64670,0.0,0.0
2015-11-04 00:00:00+09:00,11000.0,11000.0,10650.0,10925.0,41834,0.0,0.0
2015-11-05 00:00:00+09:00,10950.0,11025.0,10775.0,10900.0,33282,0.0,0.0
2015-11-06 00:00:00+09:00,10900.0,11200.0,10825.0,11050.0,44560,0.0,0.0
2015-11-09 00:00:00+09:00,11050.0,11100.0,10675.0,10750.0,56054,0.0,0.0
2015-11-10 00:00:00+09:00,10950.0,10950.0,10275.0,10725.0,69604,0.0,0.0
2015-11-11 00:00:00+09:00,10500.0,10950.0,10425.0,10675.0,78008,0.0,0.0
2015-11-12 00:00:00+09:00,10875.0,10875.0,10475.0,10600.0,23386,0.0,0.0
2015-11-13 00:00:00+09:00,10725.0,10725.0,10300.0,10450.0,38338,0.0,0.0
2015-11-16 00:00:00+09:00,10550.0,10550.0,10125.0,10350.0,37424,0.0,0.0
2015-11-17 00:00:00+09:00,10375.0,10525.0,10250.0,10400.0,40510,0.0,0.0
2015-11-18 00:00:00+09:00,10500.0,10875.0,10250.0,10675.0,51264,0.0,0.0
2015-11-19 00:00:00+09:00,10875.0,11000.0,10425.0,10975.0,142072,0.0,0.0
2015-11-20 00:00:00+09:00,10950.0,11500.0,10775.0,11450.0,159076,0.0,0.0
2015-11-23 00:00:00+09:00,11550.0,12100.0,11550.0,11850.0,144884,0.0,0.0
2015-11-24 00:00:00+09:00,11975.0,11975.0,11450.0,11600.0,75862,0.0,0.0
2015-11-25 00:00:00+09:00,11600.0,12050.0,11600.0,12050.0,107044,0.0,0.0
2015-11-26 00:00:00+09:00,12225.0,12300.0,11875.0,12200.0,69860,0.0,0.0
2015-11-27 00:00:00+09:00,12050.0,12300.0,11900.0,12200.0,39636,0.0,0.0
2015-11-30 00:00:00+09:00,12200.0,12200.0,11825.0,11900.0,88222,0.0,0.0
2015-12-01 00:00:00+09:00,12000.0,12150.0,11700.0,11975.0,64104,0.0,0.0
2015-12-02 00:00:00+09:00,12000.0,12725.0,12000.0,12500.0,160212,0.0,0.0
2015-12-03 00:00:00+09:00,12650.0,13125.0,12275.0,13000.0,238352,0.0,0.0
2015-12-04 00:00:00+09:00,13000.0,13350.0,12800.0,13225.0,140844,0.0,0.0
2015-12-07 00:00:00+09:00,13375.0,13375.0,13100.0,13200.0,127354,0.0,0.0
2015-12-08 00:00:00+09:00,13050.0,13200.0,12650.0,12850.0,80938,0.0,0.0
2015-12-09 00:00:00+09:00,12850.0,12925.0,12600.0,12775.0,45132,0.0,0.0
2015-12-10 00:00:00+09:00,12775.0,12825.0,12400.0,12550.0,67036,0.0,0.0
2015-12-11 00:00:00+09:00,12600.0,12625.0,12300.0,12475.0,69868,0.0,0.0
2015-12-14 00:00:00+09:00,12475.0,12500.0,12000.0,12100.0,40936,0.0,0.0
2015-12-15 00:00:00+09:00,12275.0,12475.0,12050.0,12475.0,56674,0.0,0.0
2015-12-16 00:00:00+09:00,12625.0,13500.0,12475.0,13500.0,259608,0.0,0.0
2015-12-17 00:00:00+09:00,13625.0,13650.0,13175.0,13550.0,175672,0.0,0.0
2015-12-18 00:00:00+09:00,13325.0,14100.0,13325.0,14075.0,327146,0.0,0.0
2015-12-21 00:00:00+09:00,13850.0,14000.0,13625.0,13775.0,312786,0.0,0.0
2015-12-22 00:00:00+09:00,13700.0,13750.0,13250.0,13600.0,95390,0.0,0.0
2015-12-23 00:00:00+09:00,13625.0,13975.0,13400.0,13400.0,110488,0.0,0.0
2015-12-24 00:00:00+09:00,13500.0,13500.0,12925.0,13025.0,177526,0.0,0.0
2015-12-28 00:00:00+09:00,12900.0,13275.0,12750.0,13200.0,97640,0.0,0.0
2015-12-29 00:00:00+09:00,13275.0,13925.0,13175.0,13725.0,194238,0.0,0.0
2015-12-30 00:00:00+09:00,13600.0,13775.0,13500.0,13750.0,82384,0.0,0.0
2016-01-04 00:00:00+09:00,13700.0,13700.0,13250.0,13275.0,78674,0.0,0.0
2016-01-05 00:00:00+09:00,12950.0,13475.0,12950.0,13450.0,99444,0.0,0.0
2016-01-06 00:00:00+09:00,13650.0,13650.0,13000.0,13150.0,86538,0.0,0.0
2016-01-07 00:00:00+09:00,12925.0,13050.0,12500.0,12775.0,144654,0.0,0.0
2016-01-08 00:00:00+09:00,12000.0,13100.0,12000.0,13100.0,70406,0.0,0.0
2016-01-11 00:00:00+09:00,12950.0,12975.0,12350.0,12950.0,83238,0.0,0.0
2016-01-12 00:00:00+09:00,12675.0,12925.0,12625.0,12850.0,41726,0.0,0.0
2016-01-13 00:00:00+09:00,12900.0,12900.0,12625.0,12750.0,62874,0.0,0.0
2016-01-14 00:00:00+09:00,12700.0,13050.0,12575.0,12775.0,50318,0.0,0.0
2016-01-15 00:00:00+09:00,12800.0,13200.0,12600.0,12975.0,102900,0.0,0.0
2016-01-18 00:00:00+09:00,12750.0,13000.0,12650.0,13000.0,36414,0.0,0.0
2016-01-19 00:00:00+09:00,12750.0,13125.0,12700.0,12850.0,45678,0.0,0.0
2016-01-20 00:00:00+09:00,12850.0,12850.0,12250.0,12550.0,67420,0.0,0.0
2016-01-21 00:00:00+09:00,12325.0,12375.0,12050.0,12150.0,41506,0.0,0.0
2016-01-22 00:00:00+09:00,12550.0,12650.0,12300.0,12600.0,28962,0.0,0.0
2016-01-25 00:00:00+09:00,12550.0,12725.0,12350.0,12475.0,34620,0.0,0.0
2016-01-26 00:00:00+09:00,12650.0,12650.0,12300.0,12500.0,15822,0.0,0.0
2016-01-27 00:00:00+09:00,12525.0,12550.0,11850.0,12150.0,154276,0.0,0.0
2016-01-28 00:00:00+09:00,12025.0,12475.0,11525.0,11750.0,113182,0.0,0.0
2016-01-29 00:00:00+09:00,11975.0,11975.0,11550.0,11550.0,45470,0.0,0.0
2016-02-01 00:00:00+09:00,11350.0,12425.0,11000.0,12400.0,154854,0.0,0.0
2016-02-02 00:00:00+09:00,12400.0,12475.0,12200.0,12350.0,25972,0.0,0.0
2016-02-03 00:00:00+09:00,12125.0,12425.0,11975.0,12400.0,58754,0.0,0.0
2016-02-04 00:00:00+09:00,12425.0,12625.0,12175.0,12600.0,35786,0.0,0.0
2016-02-05 00:00:00+09:00,12600.0,12650.0,12325.0,12500.0,25664,0.0,0.0
2016-02-11 00:00:00+09:00,12150.0,12475.0,11600.0,11900.0,53054,0.0,0.0
2016-02-12 00:00:00+09:00,12025.0,12025.0,11100.0,11550.0,107168,0.0,0.0
2016-02-15 00:00:00+09:00,11300.0,12125.0,11300.0,12125.0,51798,0.0,0.0
2016-02-16 00:00:00+09:00,12150.0,12800.0,12150.0,12700.0,157996,0.0,0.0
2016-02-17 00:00:00+09:00,12700.0,12875.0,12250.0,12600.0,72228,0.0,0.0
2016-02-18 00:00:00+09:00,12600.0,12825.0,12450.0,12800.0,63286,0.0,0.0
2016-02-19 00:00:00+09:00,12825.0,13250.0,12750.0,13050.0,89534,0.0,0.0
2016-02-22 00:00:00+09:00,13050.0,13125.0,12300.0,13125.0,49958,0.0,0.0
2016-02-23 00:00:00+09:00,13125.0,13125.0,12850.0,13075.0,46536,0.0,0.0
2016-02-24 00:00:00+09:00,12950.0,13500.0,12900.0,12900.0,110500,0.0,0.0
2016-02-25 00:00:00+09:00,13050.0,13400.0,12850.0,13325.0,136834,0.0,0.0
2016-02-26 00:00:00+09:00,13425.0,13450.0,13125.0,13300.0,95214,0.0,0.0
2016-02-29 00:00:00+09:00,13300.0,13325.0,12900.0,13275.0,22832,0.0,0.0
2016-03-02 00:00:00+09:00,13500.0,13600.0,13150.0,13200.0,66444,0.0,0.0
2016-03-03 00:00:00+09:00,13125.0,13300.0,12700.0,13075.0,116970,0.0,0.0
2016-03-04 00:00:00+09:00,12875.0,13150.0,12725.0,13075.0,36208,0.0,0.0
2016-03-07 00:00:00+09:00,12900.0,13075.0,12700.0,12825.0,33624,0.0,0.0
2016-03-08 00:00:00+09:00,12650.0,12725.0,12350.0,12600.0,48742,0.0,0.0
2016-03-09 00:00:00+09:00,12600.0,12800.0,12525.0,12800.0,15468,0.0,0.0
2016-03-10 00:00:00+09:00,12800.0,12925.0,12700.0,12875.0,19298,0.0,0.0
2016-03-11 00:00:00+09:00,12900.0,12925.0,12650.0,12850.0,12844,0.0,0.0
2016-03-14 00:00:00+09:00,12925.0,12925.0,12600.0,12750.0,18092,0.0,0.0
2016-03-15 00:00:00+09:00,12850.0,12925.0,12650.0,12850.0,10394,0.0,0.0
2016-03-16 00:00:00+09:00,12850.0,12925.0,12450.0,12900.0,41382,0.0,0.0
2016-03-17 00:00:00+09:00,12900.0,12975.0,12600.0,12750.0,60050,0.0,0.0
2016-03-18 00:00:00+09:00,12800.0,12800.0,12250.0,12550.0,70680,0.0,0.0
2016-03-21 00:00:00+09:00,12550.0,12575.0,12175.0,12200.0,59860,0.0,0.0
2016-03-22 00:00:00+09:00,12225.0,12300.0,11950.0,12200.0,67324,0.0,0.0
2016-03-23 00:00:00+09:00,12100.0,12150.0,11800.0,12050.0,95080,0.0,0.0
2016-03-24 00:00:00+09:00,12050.0,12125.0,11775.0,11925.0,54564,0.0,0.0
2016-03-25 00:00:00+09:00,11800.0,11975.0,11750.0,11850.0,30882,0.0,0.0
2016-03-28 00:00:00+09:00,11875.0,11875.0,11700.0,11725.0,31266,0.0,0.0
2016-03-29 00:00:00+09:00,11725.0,12000.0,11675.0,12000.0,20916,0.0,0.0
2016-03-30 00:00:00+09:00,11900.0,12250.0,11800.0,12150.0,30404,0.0,0.0
2016-03-31 00:00:00+09:00,12050.0,12150.0,12025.0,12150.0,16204,0.0,0.0
2016-04-01 00:00:00+09:00,12350.0,12350.0,11800.0,11800.0,36264,0.0,0.0
2016-04-04 00:00:00+09:00,11950.0,11950.0,11450.0,11600.0,72608,0.0,0.0
2016-04-05 00:00:00+09:00,11725.0,11975.0,11575.0,11700.0,124168,0.0,0.0
2016-04-06 00:00:00+09:00,11850.0,12225.0,11725.0,12075.0,99252,0.0,0.0
2016-04-07 00:00:00+09:00,12225.0,12225.0,11525.0,11700.0,86496,0.0,0.0
2016-04-08 00:00:00+09:00,11700.0,11725.0,11450.0,11700.0,43420,0.0,0.0
2016-04-11 00:00:00+09:00,11550.0,11700.0,11400.0,11700.0,31556,0.0,0.0
2016-04-12 00:00:00+09:00,11725.0,11725.0,11275.0,11450.0,109068,0.0,0.0
2016-04-14 00:00:00+09:00,11650.0,11650.0,11250.0,11575.0,52338,0.0,0.0
2016-04-15 00:00:00+09:00,11575.0,11600.0,11275.0,11575.0,49530,0.0,0.0
2016-04-18 00:00:00+09:00,11550.0,11550.0,11275.0,11300.0,55040,0.0,0.0
2016-04-19 00:00:00+09:00,11250.0,11875.0,11250.0,11800.0,80302,0.0,0.0
2016-04-20 00:00:00+09:00,11850.0,12125.0,11675.0,12100.0,70016,0.0,0.0
2016-04-21 00:00:00+09:00,12100.0,12100.0,11675.0,11750.0,49012,0.0,0.0
2016-04-22 00:00:00+09:00,11700.0,11850.0,11475.0,11800.0,45444,0.0,0.0
2016-04-25 00:00:00+09:00,11575.0,11900.0,11575.0,11825.0,41942,0.0,0.0
2016-04-26 00:00:00+09:00,11700.0,12000.0,11575.0,11750.0,32902,0.0,0.0
2016-04-27 00:00:00+09:00,11825.0,11825.0,11500.0,11750.0,31936,0.0,0.0
2016-04-28 00:00:00+09:00,11775.0,11800.0,11425.0,11600.0,49170,0.0,0.0
2016-04-29 00:00:00+09:00,11575.0,11650.0,11350.0,11575.0,55934,0.0,0.0
2016-05-02 00:00:00+09:00,11375.0,11675.0,11375.0,11600.0,28448,0.0,0.0
2016-05-03 00:00:00+09:00,11600.0,12075.0,11450.0,12075.0,53420,0.0,0.0
2016-05-04 00:00:00+09:00,12075.0,12075.0,11850.0,11950.0,37734,0.0,0.0
2016-05-09 00:00:00+09:00,11825.0,12025.0,11800.0,11850.0,26824,0.0,0.0
2016-05-10 00:00:00+09:00,11750.0,11900.0,11675.0,11875.0,55148,0.0,0.0
2016-05-11 00:00:00+09:00,11950.0,11950.0,11675.0,11725.0,50770,0.0,0.0
2016-05-12 00:00:00+09:00,11800.0,12000.0,11625.0,11975.0,45562,0.0,0.0
2016-05-13 00:00:00+09:00,11975.0,12175.0,11775.0,11975.0,51428,0.0,0.0
2016-05-16 00:00:00+09:00,12000.0,12050.0,11925.0,12000.0,30522,0.0,0.0
2016-05-17 00:00:00+09:00,12000.0,12175.0,11650.0,11650.0,60824,0.0,0.0
2016-05-18 00:00:00+09:00,11800.0,11800.0,11425.0,11600.0,31220,0.0,0.0
2016-05-19 00:00:00+09:00,11525.0,11600.0,11175.0,11300.0,65502,0.0,0.0
2016-05-20 00:00:00+09:00,11325.0,11900.0,11325.0,11875.0,61424,0.0,0.0
2016-05-23 00:00:00+09:00,11700.0,12100.0,11700.0,11950.0,30314,0.0,0.0
2016-05-24 00:00:00+09:00,12000.0,12000.0,11650.0,11900.0,43530,0.0,0.0
2016-05-25 00:00:00+09:00,11900.0,11900.0,11700.0,11800.0,30180,0.0,0.0
2016-05-26 00:00:00+09:00,11800.0,11975.0,11675.0,11800.0,39446,0.0,0.0
2016-05-27 00:00:00+09:00,11950.0,11950.0,11700.0,11950.0,79908,0.0,0.0
2016-05-30 00:00:00+09:00,11975.0,11975.0,11750.0,11800.0,14064,0.0,0.0
2016-05-31 00:00:00+09:00,11750.0,11950.0,11625.0,11825.0,60364,0.0,0.0
2016-06-01 00:00:00+09:00,11825.0,11850.0,11500.0,11750.0,110488,0.0,0.0
2016-06-02 00:00:00+09:00,11800.0,11925.0,11525.0,11575.0,118490,0.0,0.0
2016-06-03 00:00:00+09:00,11900.0,11900.0,11175.0,11450.0,262816,0.0,0.0
2016-06-07 00:00:00+09:00,11450.0,11700.0,11400.0,11450.0,64166,0.0,0.0
2016-06-08 00:00:00+09:00,11600.0,11600.0,11325.0,11350.0,51994,0.0,0.0
2016-06-09 00:00:00+09:00,11350.0,11475.0,11100.0,11225.0,98302,0.0,0.0
2016-06-10 00:00:00+09:00,11125.0,11325.0,10975.0,11225.0,73940,0.0,0.0
2016-06-13 00:00:00+09:00,11225.0,11400.0,10925.0,11200.0,62460,0.0,0.0
2016-06-14 00:00:00+09:00,11100.0,11150.0,10850.0,11050.0,47990,0.0,0.0
2016-06-15 00:00:00+09:00,11050.0,11225.0,10800.0,11075.0,75576,0.0,0.0
2016-06-16 00:00:00+09:00,11200.0,11200.0,10875.0,11175.0,35570,0.0,0.0
2016-06-17 00:00:00+09:00,11200.0,11250.0,11075.0,11200.0,49516,0.0,0.0
2016-06-20 00:00:00+09:00,11200.0,11350.0,11050.0,11325.0,58318,0.0,0.0
2016-06-21 00:00:00+09:00,11400.0,11425.0,11100.0,11300.0,23306,0.0,0.0
2016-06-22 00:00:00+09:00,11200.0,11325.0,11025.0,11250.0,66704,0.0,0.0
2016-06-23 00:00:00+09:00,11100.0,11175.0,10925.0,10950.0,30288,0.0,0.0
2016-06-24 00:00:00+09:00,11025.0,11125.0,9975.0,10925.0,98172,0.0,0.0
2016-06-27 00:00:00+09:00,10525.0,10900.0,9800.0,10075.0,518868,0.0,0.0
2016-06-28 00:00:00+09:00,10100.0,10350.0,10000.0,10275.0,211046,0.0,0.0
2016-06-29 00:00:00+09:00,10425.0,10600.0,10275.0,10600.0,71466,0.0,0.0
2016-06-30 00:00:00+09:00,10750.0,10825.0,10375.0,10425.0,94514,0.0,0.0
2016-07-01 00:00:00+09:00,10500.0,10625.0,10250.0,10525.0,101472,0.0,0.0
2016-07-04 00:00:00+09:00,10425.0,10550.0,10300.0,10350.0,72816,0.0,0.0
2016-07-05 00:00:00+09:00,10300.0,10325.0,9950.0,10225.0,193624,0.0,0.0
2016-07-06 00:00:00+09:00,10175.0,10250.0,9925.0,10250.0,109010,0.0,0.0
2016-07-07 00:00:00+09:00,10200.0,10525.0,10125.0,10500.0,66724,0.0,0.0
2016-07-08 00:00:00+09:00,10400.0,10925.0,10400.0,10675.0,95486,0.0,0.0
2016-07-11 00:00:00+09:00,10675.0,10725.0,10575.0,10650.0,25628,0.0,0.0
2016-07-12 00:00:00+09:00,10825.0,10825.0,10400.0,10650.0,75442,0.0,0.0
2016-07-13 00:00:00+09:00,10550.0,10875.0,10475.0,10750.0,64526,0.0,0.0
2016-07-14 00:00:00+09:00,10650.0,10900.0,10650.0,10875.0,37020,0.0,0.0
2016-07-15 00:00:00+09:00,10875.0,11000.0,10800.0,10925.0,31518,0.0,0.0
2016-07-18 00:00:00+09:00,10925.0,10925.0,10275.0,10300.0,171538,0.0,0.0
2016-07-19 00:00:00+09:00,10300.0,10400.0,10125.0,10325.0,69578,0.0,0.0
2016-07-20 00:00:00+09:00,10375.0,10375.0,9975.0,10100.0,83522,0.0,0.0
2016-07-21 00:00:00+09:00,10100.0,10125.0,9775.0,10075.0,111624,0.0,0.0
2016-07-22 00:00:00+09:00,10050.0,10625.0,9975.0,10550.0,136188,0.0,0.0
2016-07-25 00:00:00+09:00,10850.0,11325.0,10700.0,10875.0,284436,0.0,0.0
2016-07-26 00:00:00+09:00,11000.0,11175.0,10950.0,11075.0,83284,0.0,0.0
2016-07-27 00:00:00+09:00,11200.0,11200.0,10875.0,10950.0,60808,0.0,0.0
2016-07-28 00:00:00+09:00,11125.0,11500.0,10925.0,11350.0,191170,0.0,0.0
2016-07-29 00:00:00+09:00,11350.0,11475.0,10950.0,11300.0,174718,0.0,0.0
2016-08-01 00:00:00+09:00,11475.0,11475.0,11150.0,11225.0,56882,0.0,0.0
2016-08-02 00:00:00+09:00,11075.0,11200.0,10800.0,10975.0,137290,0.0,0.0
2016-08-03 00:00:00+09:00,10850.0,11050.0,10600.0,10775.0,117696,0.0,0.0
2016-08-04 00:00:00+09:00,10975.0,11250.0,10800.0,11125.0,119560,0.0,0.0
2016-08-05 00:00:00+09:00,11025.0,11325.0,11025.0,11175.0,83306,0.0,0.0
2016-08-08 00:00:00+09:00,11125.0,11850.0,11125.0,11825.0,211626,0.0,0.0
2016-08-09 00:00:00+09:00,11950.0,12475.0,11550.0,11725.0,241262,0.0,0.0
2016-08-10 00:00:00+09:00,11775.0,12325.0,11775.0,12300.0,302096,0.0,0.0
2016-08-11 00:00:00+09:00,12375.0,12825.0,12300.0,12725.0,287006,0.0,0.0
2016-08-12 00:00:00+09:00,12700.0,12700.0,12325.0,12325.0,140718,0.0,0.0
2016-08-16 00:00:00+09:00,12150.0,12450.0,11950.0,12275.0,192694,0.0,0.0
2016-08-17 00:00:00+09:00,11850.0,11950.0,11250.0,11650.0,389072,0.0,0.0
2016-08-18 00:00:00+09:00,11625.0,11700.0,11100.0,11100.0,485212,0.0,0.0
2016-08-19 00:00:00+09:00,11000.0,11225.0,10575.0,10575.0,408680,0.0,0.0
2016-08-22 00:00:00+09:00,10725.0,10825.0,10475.0,10550.0,309920,0.0,0.0
2016-08-23 00:00:00+09:00,10700.0,10925.0,10450.0,10475.0,199868,0.0,0.0
2016-08-24 00:00:00+09:00,10475.0,10600.0,10375.0,10475.0,109676,0.0,0.0
2016-08-25 00:00:00+09:00,10425.0,10550.0,10050.0,10425.0,232778,0.0,0.0
2016-08-26 00:00:00+09:00,10425.0,10850.0,10425.0,10775.0,125958,0.0,0.0
2016-08-29 00:00:00+09:00,10675.0,10675.0,10275.0,10275.0,95828,0.0,0.0
2016-08-30 00:00:00+09:00,10400.0,10525.0,10225.0,10400.0,91752,0.0,0.0
2016-08-31 00:00:00+09:00,10400.0,10400.0,10100.0,10300.0,88586,0.0,0.0
2016-09-01 00:00:00+09:00,10225.0,10450.0,10125.0,10450.0,67364,0.0,0.0
2016-09-02 00:00:00+09:00,10475.0,10700.0,10300.0,10400.0,58644,0.0,0.0
2016-09-05 00:00:00+09:00,10550.0,10550.0,10300.0,10300.0,39366,0.0,0.0
2016-09-06 00:00:00+09:00,10300.0,10400.0,10100.0,10125.0,59130,0.0,0.0
2016-09-07 00:00:00+09:00,10175.0,10175.0,9700.0,10050.0,140882,0.0,0.0
2016-09-08 00:00:00+09:00,10050.0,10050.0,9425.0,9625.0,236666,0.0,0.0
2016-09-09 00:00:00+09:00,9650.0,9800.0,9475.0,9775.0,60700,0.0,0.0
2016-09-12 00:00:00+09:00,9575.0,9700.0,9450.0,9450.0,45958,0.0,0.0
2016-09-13 00:00:00+09:00,9500.0,9900.0,9400.0,9900.0,54654,0.0,0.0
2016-09-19 00:00:00+09:00,9925.0,9925.0,9675.0,9700.0,26280,0.0,0.0
2016-09-20 00:00:00+09:00,9525.0,10025.0,9525.0,9850.0,51738,0.0,0.0
2016-09-21 00:00:00+09:00,9875.0,9900.0,9725.0,9850.0,22432,0.0,0.0
2016-09-22 00:00:00+09:00,9850.0,10200.0,9775.0,10175.0,43068,0.0,0.0
2016-09-23 00:00:00+09:00,10150.0,10250.0,10025.0,10200.0,14312,0.0,0.0
2016-09-26 00:00:00+09:00,10150.0,10325.0,10125.0,10325.0,23042,0.0,0.0
2016-09-27 00:00:00+09:00,10100.0,10325.0,10025.0,10300.0,20852,0.0,0.0
2016-09-28 00:00:00+09:00,10300.0,10400.0,10000.0,10250.0,39708,0.0,0.0
2016-09-29 00:00:00+09:00,10275.0,10325.0,10025.0,10300.0,50366,0.0,0.0
2016-09-30 00:00:00+09:00,10300.0,10325.0,10000.0,10025.0,52338,0.0,0.0
2016-10-04 00:00:00+09:00,10100.0,10125.0,9825.0,9950.0,34602,0.0,0.0
2016-10-05 00:00:00+09:00,9950.0,10025.0,9525.0,9600.0,51988,0.0,0.0
2016-10-06 00:00:00+09:00,9700.0,9925.0,9600.0,9900.0,54674,0.0,0.0
2016-10-07 00:00:00+09:00,9825.0,10050.0,9650.0,9800.0,33800,0.0,0.0
2016-10-10 00:00:00+09:00,9900.0,9925.0,9625.0,9850.0,18714,0.0,0.0
2016-10-11 00:00:00+09:00,9850.0,9900.0,9550.0,9750.0,31606,0.0,0.0
2016-10-12 00:00:00+09:00,9725.0,9725.0,9550.0,9725.0,29182,0.0,0.0
2016-10-13 00:00:00+09:00,9725.0,9725.0,9475.0,9550.0,34064,0.0,0.0
2016-10-14 00:00:00+09:00,9625.0,9650.0,9375.0,9425.0,29870,0.0,0.0
2016-10-17 00:00:00+09:00,9425.0,9600.0,9325.0,9325.0,104782,0.0,0.0
2016-10-18 00:00:00+09:00,9375.0,9425.0,9000.0,9075.0,94052,0.0,0.0
2016-10-19 00:00:00+09:00,9125.0,9150.0,8450.0,8500.0,320198,0.0,0.0
2016-10-20 00:00:00+09:00,8525.0,8775.0,8000.0,8175.0,239730,0.0,0.0
2016-10-21 00:00:00+09:00,8150.0,8375.0,7800.0,8150.0,212478,0.0,0.0
2016-10-24 00:00:00+09:00,8150.0,8350.0,8075.0,8100.0,43906,0.0,0.0
2016-10-25 00:00:00+09:00,8225.0,8875.0,8150.0,8800.0,202508,0.0,0.0
2016-10-26 00:00:00+09:00,8800.0,8800.0,8450.0,8600.0,66054,0.0,0.0
2016-10-27 00:00:00+09:00,8600.0,8675.0,8425.0,8625.0,52052,0.0,0.0
2016-10-28 00:00:00+09:00,8550.0,8725.0,8275.0,8325.0,51712,0.0,0.0
2016-10-31 00:00:00+09:00,8375.0,8400.0,8050.0,8150.0,56396,0.0,0.0
2016-11-01 00:00:00+09:00,8050.0,8300.0,8050.0,8275.0,28838,0.0,0.0
2016-11-02 00:00:00+09:00,8125.0,8275.0,7875.0,7875.0,51460,0.0,0.0
2016-11-03 00:00:00+09:00,7800.0,8050.0,7650.0,7975.0,52556,0.0,0.0
2016-11-04 00:00:00+09:00,8000.0,8150.0,7800.0,8150.0,15522,0.0,0.0
2016-11-07 00:00:00+09:00,8175.0,8250.0,8125.0,8225.0,16212,0.0,0.0
2016-11-08 00:00:00+09:00,8325.0,8425.0,8150.0,8300.0,90494,0.0,0.0
2016-11-09 00:00:00+09:00,8275.0,8325.0,7000.0,8000.0,278098,0.0,0.0
2016-11-10 00:00:00+09:00,8225.0,8300.0,7950.0,8100.0,64050,0.0,0.0
2016-11-11 00:00:00+09:00,8075.0,8225.0,7825.0,8225.0,47750,0.0,0.0
2016-11-14 00:00:00+09:00,8025.0,8325.0,8025.0,8100.0,50142,0.0,0.0
2016-11-15 00:00:00+09:00,8050.0,8200.0,7750.0,8050.0,49870,0.0,0.0
2016-11-16 00:00:00+09:00,8075.0,8075.0,7375.0,7375.0,495390,0.0,0.0
2016-11-17 00:00:00+09:00,7325.0,7325.0,6900.0,6900.0,550998,0.0,0.0
2016-11-18 00:00:00+09:00,7000.0,7100.0,6550.0,6750.0,441196,0.0,0.0
2016-11-21 00:00:00+09:00,6800.0,6950.0,6700.0,6750.0,349376,0.0,0.0
2016-11-22 00:00:00+09:00,6775.0,7125.0,6625.0,7100.0,301664,0.0,0.0
2016-11-23 00:00:00+09:00,7050.0,7300.0,6975.0,7175.0,602378,0.0,0.0
2016-11-24 00:00:00+09:00,7075.0,7200.0,6900.0,6900.0,296324,0.0,0.0
2016-11-25 00:00:00+09:00,6775.0,7325.0,6775.0,7300.0,227320,0.0,0.0
2016-11-28 00:00:00+09:00,7300.0,8150.0,7300.0,7950.0,949648,0.0,0.0
2016-11-29 00:00:00+09:00,8050.0,8325.0,7800.0,8275.0,358444,0.0,0.0
2016-11-30 00:00:00+09:00,8150.0,8450.0,8125.0,8175.0,220536,0.0,0.0
2016-12-01 00:00:00+09:00,8175.0,9075.0,8100.0,8775.0,774648,0.0,0.0
2016-12-02 00:00:00+09:00,8650.0,8850.0,8350.0,8500.0,221864,0.0,0.0
2016-12-05 00:00:00+09:00,8450.0,8725.0,8375.0,8450.0,122990,0.0,0.0
2016-12-06 00:00:00+09:00,8575.0,8625.0,7850.0,8425.0,587184,0.0,0.0
2016-12-07 00:00:00+09:00,8275.0,8425.0,8075.0,8350.0,197554,0.0,0.0
2016-12-08 00:00:00+09:00,8450.0,8800.0,8275.0,8800.0,244086,0.0,0.0
2016-12-09 00:00:00+09:00,8750.0,8875.0,8525.0,8775.0,138478,0.0,0.0
2016-12-12 00:00:00+09:00,8900.0,8900.0,8475.0,8575.0,297358,0.0,0.0
2016-12-13 00:00:00+09:00,8500.0,8725.0,8375.0,8650.0,319042,0.0,0.0
2016-12-14 00:00:00+09:00,8675.0,8725.0,8500.0,8725.0,226826,0.0,0.0
2016-12-15 00:00:00+09:00,8725.0,9075.0,8625.0,9000.0,251556,0.0,0.0
2016-12-16 00:00:00+09:00,9100.0,9100.0,8825.0,9000.0,120222,0.0,0.0
2016-12-19 00:00:00+09:00,9000.0,9200.0,8900.0,9100.0,86914,0.0,0.0
2016-12-20 00:00:00+09:00,9100.0,9250.0,8950.0,9250.0,124440,0.0,0.0
2016-12-21 00:00:00+09:00,9250.0,9475.0,9150.0,9450.0,147762,0.0,0.0
2016-12-22 00:00:00+09:00,9500.0,9600.0,9425.0,9475.0,130172,0.0,0.0
2016-12-23 00:00:00+09:00,9575.0,9700.0,9425.0,9600.0,138926,0.0,0.0
2016-12-26 00:00:00+09:00,9600.0,9800.0,9450.0,9575.0,177808,0.0,0.0
2016-12-27 00:00:00+09:00,9675.0,9875.0,9575.0,9800.0,175726,0.0,0.0
2016-12-28 00:00:00+09:00,9875.0,9925.0,9600.0,9925.0,234340,0.0,0.0
2016-12-29 00:00:00+09:00,9950.0,10000.0,9825.0,9975.0,60304,0.0,0.0
2017-01-02 00:00:00+09:00,10000.0,10000.0,9475.0,9600.0,178532,0.0,0.0
2017-01-03 00:00:00+09:00,9675.0,9675.0,9375.0,9400.0,97198,0.0,0.0
2017-01-04 00:00:00+09:00,9400.0,9475.0,9275.0,9450.0,66886,0.0,0.0
2017-01-05 00:00:00+09:00,9375.0,9475.0,9175.0,9400.0,81394,0.0,0.0
2017-01-06 00:00:00+09:00,9450.0,9475.0,9350.0,9350.0,47216,0.0,0.0
2017-01-09 00:00:00+09:00,9350.0,9700.0,9200.0,9400.0,107598,0.0,0.0
2017-01-10 00:00:00+09:00,9550.0,9850.0,9475.0,9650.0,268694,0.0,0.0
2017-01-11 00:00:00+09:00,9750.0,9800.0,9500.0,9500.0,147050,0.0,0.0
2017-01-12 00:00:00+09:00,9550.0,9600.0,9325.0,9350.0,83424,0.0,0.0
2017-01-13 00:00:00+09:00,9425.0,9425.0,9150.0,9350.0,165088,0.0,0.0
2017-01-16 00:00:00+09:00,9350.0,9550.0,9325.0,9350.0,185532,0.0,0.0
2017-01-17 00:00:00+09:00,9350.0,9475.0,9300.0,9350.0,78138,0.0,0.0
2017-01-18 00:00:00+09:00,9350.0,9650.0,9150.0,9500.0,173900,0.0,0.0
2017-01-19 00:00:00+09:00,9550.0,10175.0,9550.0,10050.0,552126,0.0,0.0
2017-01-20 00:00:00+09:00,10025.0,10525.0,9975.0,10450.0,448538,0.0,0.0
2017-01-23 00:00:00+09:00,10450.0,10550.0,10100.0,10225.0,271354,0.0,0.0
2017-01-24 00:00:00+09:00,10125.0,10450.0,10125.0,10450.0,170760,0.0,0.0
2017-01-25 00:00:00+09:00,10475.0,10500.0,10175.0,10250.0,132670,0.0,0.0
2017-01-26 00:00:00+09:00,10250.0,10250.0,10000.0,10250.0,131988,0.0,0.0
2017-01-31 00:00:00+09:00,10150.0,10275.0,9975.0,10050.0,104254,0.0,0.0
2017-02-01 00:00:00+09:00,10050.0,10125.0,9875.0,10100.0,95236,0.0,0.0
2017-02-02 00:00:00+09:00,10100.0,10100.0,9800.0,9825.0,86488,0.0,0.0
2017-02-03 00:00:00+09:00,9775.0,9875.0,9425.0,9525.0,123088,0.0,0.0
2017-02-06 00:00:00+09:00,9375.0,9500.0,8900.0,9075.0,214406,0.0,0.0
2017-02-07 00:00:00+09:00,8950.0,9175.0,8725.0,9000.0,158134,0.0,0.0
2017-02-08 00:00:00+09:00,9075.0,9075.0,8700.0,8875.0,145944,0.0,0.0
2017-02-09 00:00:00+09:00,8900.0,8950.0,8750.0,8950.0,65884,0.0,0.0
2017-02-10 00:00:00+09:00,8950.0,8950.0,8475.0,8550.0,195260,0.0,0.0
2017-02-13 00:00:00+09:00,8600.0,8725.0,8450.0,8600.0,112502,0.0,0.0
2017-02-14 00:00:00+09:00,8600.0,8600.0,8200.0,8525.0,173156,0.0,0.0
2017-02-15 00:00:00+09:00,8450.0,8675.0,8450.0,8575.0,85920,0.0,0.0
2017-02-16 00:00:00+09:00,8525.0,8750.0,8300.0,8725.0,131814,0.0,0.0
2017-02-17 00:00:00+09:00,8650.0,8725.0,8550.0,8650.0,40996,0.0,0.0
2017-02-20 00:00:00+09:00,8650.0,8650.0,8300.0,8325.0,160046,0.0,0.0
2017-02-21 00:00:00+09:00,8350.0,8450.0,8150.0,8425.0,87796,0.0,0.0
2017-02-22 00:00:00+09:00,8425.0,8500.0,8225.0,8350.0,86648,0.0,0.0
2017-02-23 00:00:00+09:00,8400.0,8400.0,8000.0,8225.0,140066,0.0,0.0
2017-02-24 00:00:00+09:00,8275.0,8275.0,7900.0,8025.0,145950,0.0,0.0
2017-02-27 00:00:00+09:00,8075.0,8075.0,7700.0,7775.0,241046,0.0,0.0
2017-02-28 00:00:00+09:00,7950.0,8100.0,7750.0,7875.0,374444,0.0,0.0
2017-03-02 00:00:00+09:00,7975.0,8025.0,7775.0,8025.0,150626,0.0,0.0
2017-03-03 00:00:00+09:00,8025.0,8125.0,7700.0,7975.0,260344,0.0,0.0
2017-03-06 00:00:00+09:00,8000.0,8575.0,7950.0,8575.0,213852,0.0,0.0
2017-03-07 00:00:00+09:00,8475.0,8575.0,8275.0,8325.0,200392,0.0,0.0
2017-03-08 00:00:00+09:00,8350.0,8350.0,7950.0,7950.0,152476,0.0,0.0
2017-03-09 00:00:00+09:00,8000.0,8100.0,7825.0,7975.0,118080,0.0,0.0
2017-03-10 00:00:00+09:00,7950.0,8050.0,7750.0,8025.0,70370,0.0,0.0
2017-03-13 00:00:00+09:00,8025.0,8050.0,7850.0,8025.0,101136,0.0,0.0
2017-03-14 00:00:00+09:00,8100.0,8925.0,8000.0,8925.0,832154,0.0,0.0
2017-03-15 00:00:00+09:00,8900.0,8950.0,8350.0,8350.0,375148,0.0,0.0
2017-03-16 00:00:00+09:00,8375.0,8575.0,7975.0,8275.0,364700,0.0,0.0
2017-03-17 00:00:00+09:00,8300.0,8300.0,7975.0,8025.0,209856,0.0,0.0
2017-03-20 00:00:00+09:00,8025.0,8075.0,7650.0,7750.0,311944,0.0,0.0
2017-03-21 00:00:00+09:00,7725.0,7850.0,7350.0,7400.0,474640,0.0,0.0
2017-03-22 00:00:00+09:00,7275.0,7450.0,7075.0,7225.0,438730,0.0,0.0
2017-03-23 00:00:00+09:00,7225.0,7275.0,7000.0,7100.0,229032,0.0,0.0
2017-03-24 00:00:00+09:00,7075.0,7400.0,7075.0,7250.0,225238,0.0,0.0
2017-03-27 00:00:00+09:00,7200.0,7400.0,7200.0,7275.0,103032,0.0,0.0
2017-03-28 00:00:00+09:00,7300.0,7700.0,7175.0,7700.0,309982,0.0,0.0
2017-03-29 00:00:00+09:00,7750.0,7950.0,7700.0,7850.0,275154,0.0,0.0
2017-03-30 00:00:00+09:00,7850.0,7950.0,7575.0,7925.0,126526,0.0,0.0
2017-03-31 00:00:00+09:00,7925.0,8000.0,7700.0,7850.0,76324,0.0,0.0
2017-04-03 00:00:00+09:00,7800.0,7850.0,7625.0,7800.0,114022,0.0,0.0
2017-04-04 00:00:00+09:00,7800.0,7825.0,7600.0,7750.0,140572,0.0,0.0
2017-04-05 00:00:00+09:00,7650.0,8000.0,7650.0,7925.0,125020,0.0,0.0
2017-04-06 00:00:00+09:00,7950.0,7950.0,7800.0,7900.0,70778,0.0,0.0
2017-04-07 00:00:00+09:00,7875.0,7900.0,7725.0,7900.0,59786,0.0,0.0
2017-04-10 00:00:00+09:00,7900.0,7900.0,7550.0,7625.0,135854,0.0,0.0
2017-04-11 00:00:00+09:00,7650.0,7900.0,7525.0,7875.0,112192,0.0,0.0
2017-04-12 00:00:00+09:00,7925.0,8325.0,7800.0,8225.0,686798,0.0,0.0
2017-04-13 00:00:00+09:00,8325.0,8325.0,8125.0,8200.0,208354,0.0,0.0
2017-04-14 00:00:00+09:00,8200.0,8225.0,7950.0,7950.0,174984,0.0,0.0
2017-04-17 00:00:00+09:00,8000.0,8150.0,7925.0,8050.0,74538,0.0,0.0
2017-04-18 00:00:00+09:00,8050.0,8325.0,7900.0,8275.0,202842,0.0,0.0
2017-04-19 00:00:00+09:00,8300.0,8525.0,8150.0,8400.0,257986,0.0,0.0
2017-04-20 00:00:00+09:00,8450.0,8475.0,8275.0,8400.0,107666,0.0,0.0
2017-04-21 00:00:00+09:00,8325.0,8450.0,8275.0,8375.0,79908,0.0,0.0
2017-04-24 00:00:00+09:00,8325.0,8475.0,8175.0,8175.0,121536,0.0,0.0
2017-04-25 00:00:00+09:00,8200.0,8600.0,8200.0,8425.0,211398,0.0,0.0
2017-04-26 00:00:00+09:00,8500.0,8975.0,8450.0,8850.0,442774,0.0,0.0
2017-04-27 00:00:00+09:00,8825.0,9025.0,8775.0,8875.0,246702,0.0,0.0
2017-04-28 00:00:00+09:00,8950.0,8950.0,8575.0,8675.0,135114,0.0,0.0
2017-05-02 00:00:00+09:00,8700.0,8700.0,8500.0,8525.0,74126,0.0,0.0
2017-05-04 00:00:00+09:00,8500.0,8750.0,8500.0,8700.0,65992,0.0,0.0
2017-05-08 00:00:00+09:00,8625.0,8875.0,8625.0,8875.0,54778,0.0,0.0
2017-05-10 00:00:00+09:00,8900.0,8950.0,8675.0,8675.0,86208,0.0,0.0
2017-05-11 00:00:00+09:00,8675.0,8725.0,8475.0,8650.0,135018,0.0,0.0
2017-05-12 00:00:00+09:00,8775.0,8950.0,8650.0,8875.0,231658,0.0,0.0
2017-05-15 00:00:00+09:00,8875.0,8875.0,8525.0,8775.0,177340,0.0,0.0
2017-05-16 00:00:00+09:00,8700.0,8725.0,8275.0,8375.0,178372,0.0,0.0
2017-05-17 00:00:00+09:00,8300.0,8450.0,8175.0,8250.0,116314,0.0,0.0
2017-05-18 00:00:00+09:00,8075.0,8500.0,8075.0,8400.0,155776,0.0,0.0
2017-05-19 00:00:00+09:00,8400.0,8900.0,8400.0,8700.0,142516,0.0,0.0
2017-05-22 00:00:00+09:00,8700.0,8775.0,8575.0,8700.0,78246,0.0,0.0
2017-05-23 00:00:00+09:00,8600.0,8650.0,8450.0,8475.0,134424,0.0,0.0
2017-05-24 00:00:00+09:00,8550.0,8900.0,8450.0,8900.0,175000,0.0,0.0
2017-05-25 00:00:00+09:00,9000.0,9025.0,8700.0,8875.0,157446,0.0,0.0
2017-05-26 00:00:00+09:00,8900.0,9025.0,8725.0,8825.0,95830,0.0,0.0
2017-05-29 00:00:00+09:00,8875.0,8875.0,8575.0,8575.0,134624,0.0,0.0
2017-05-30 00:00:00+09:00,8525.0,8950.0,8525.0,8950.0,177650,0.0,0.0
2017-05-31 00:00:00+09:00,8950.0,9350.0,8900.0,9250.0,296432,0.0,0.0
2017-06-01 00:00:00+09:00,9250.0,9650.0,9125.0,9625.0,300060,0.0,0.0
2017-06-02 00:00:00+09:00,9675.0,9725.0,9425.0,9625.0,194086,0.0,0.0
2017-06-05 00:00:00+09:00,9600.0,9750.0,9475.0,9625.0,136554,0.0,0.0
2017-06-07 00:00:00+09:00,9625.0,9700.0,9550.0,9550.0,130922,0.0,0.0
2017-06-08 00:00:00+09:00,9475.0,9650.0,9350.0,9400.0,165124,0.0,0.0
2017-06-09 00:00:00+09:00,9425.0,10075.0,9425.0,10050.0,426924,0.0,0.0
2017-06-12 00:00:00+09:00,9900.0,9925.0,9550.0,9800.0,227974,0.0,0.0
2017-06-13 00:00:00+09:00,9775.0,9800.0,9325.0,9500.0,252416,0.0,0.0
2017-06-14 00:00:00+09:00,9450.0,9450.0,9000.0,9100.0,455062,0.0,0.0
2017-06-15 00:00:00+09:00,9100.0,9175.0,8700.0,8850.0,286698,0.0,0.0
2017-06-16 00:00:00+09:00,8850.0,9125.0,8800.0,9025.0,167314,0.0,0.0
2017-06-19 00:00:00+09:00,8925.0,9100.0,8800.0,9000.0,143050,0.0,0.0
2017-06-20 00:00:00+09:00,9000.0,9000.0,8550.0,8575.0,254558,0.0,0.0
2017-06-21 00:00:00+09:00,8575.0,8800.0,8450.0,8800.0,147574,0.0,0.0
2017-06-22 00:00:00+09:00,8875.0,8900.0,8675.0,8800.0,138430,0.0,0.0
2017-06-23 00:00:00+09:00,8800.0,9025.0,8625.0,9025.0,95824,0.0,0.0
2017-06-26 00:00:00+09:00,9025.0,9075.0,8800.0,8825.0,97596,0.0,0.0
2017-06-27 00:00:00+09:00,8850.0,9350.0,8800.0,9350.0,296894,0.0,0.0
2017-06-28 00:00:00+09:00,9300.0,9300.0,8825.0,8925.0,221002,0.0,0.0
2017-06-29 00:00:00+09:00,9000.0,9050.0,8825.0,8975.0,113406,0.0,0.0
2017-06-30 00:00:00+09:00,8825.0,8950.0,8725.0,8825.0,81950,0.0,0.0
2017-07-03 00:00:00+09:00,8800.0,8800.0,8375.0,8450.0,162098,0.0,0.0
2017-07-04 00:00:00+09:00,8475.0,8650.0,8325.0,8450.0,99572,0.0,0.0
2017-07-05 00:00:00+09:00,8450.0,8700.0,8450.0,8675.0,48554,0.0,0.0
2017-07-06 00:00:00+09:00,8750.0,8750.0,8575.0,8675.0,38836,0.0,0.0
2017-07-07 00:00:00+09:00,8575.0,8750.0,8525.0,8675.0,45248,0.0,0.0
2017-07-10 00:00:00+09:00,8600.0,8800.0,8600.0,8800.0,79622,0.0,0.0
2017-07-11 00:00:00+09:00,8850.0,9025.0,8775.0,8800.0,69854,0.0,0.0
2017-07-12 00:00:00+09:00,8800.0,8875.0,8650.0,8650.0,37736,0.0,0.0
2017-07-13 00:00:00+09:00,8650.0,8825.0,8650.0,8750.0,57908,0.0,0.0
2017-07-14 00:00:00+09:00,8800.0,9050.0,8750.0,8975.0,129250,0.0,0.0
2017-07-17 00:00:00+09:00,9100.0,9100.0,8750.0,8850.0,96376,0.0,0.0
2017-07-18 00:00:00+09:00,8950.0,9375.0,8825.0,9325.0,251426,0.0,0.0
2017-07-19 00:00:00+09:00,9375.0,9600.0,9250.0,9450.0,157870,0.0,0.0
2017-07-20 00:00:00+09:00,9400.0,9400.0,9200.0,9300.0,145918,0.0,0.0
2017-07-21 00:00:00+09:00,9300.0,9550.0,9200.0,9400.0,132324,0.0,0.0
2017-07-24 00:00:00+09:00,9425.0,9525.0,9125.0,9250.0,164342,0.0,0.0
2017-07-25 00:00:00+09:00,9200.0,9300.0,9000.0,9025.0,153884,0.0,0.0
2017-07-26 00:00:00+09:00,8950.0,9075.0,8675.0,8750.0,178258,0.0,0.0
2017-07-27 00:00:00+09:00,8750.0,8925.0,8575.0,8825.0,98144,0.0,0.0
2017-07-28 00:00:00+09:00,8725.0,8850.0,8450.0,8475.0,139134,0.0,0.0
2017-07-31 00:00:00+09:00,8625.0,8625.0,8325.0,8500.0,95136,0.0,0.0
2017-08-01 00:00:00+09:00,8550.0,8725.0,8425.0,8600.0,73282,0.0,0.0
2017-08-02 00:00:00+09:00,8675.0,8750.0,8550.0,8650.0,86564,0.0,0.0
2017-08-03 00:00:00+09:00,8650.0,8650.0,8175.0,8200.0,112162,0.0,0.0
2017-08-04 00:00:00+09:00,8225.0,8450.0,7950.0,8100.0,94330,0.0,0.0
2017-08-07 00:00:00+09:00,8300.0,8475.0,8025.0,8375.0,89636,0.0,0.0
2017-08-08 00:00:00+09:00,8275.0,8575.0,8275.0,8525.0,64358,0.0,0.0
2017-08-09 00:00:00+09:00,8400.0,8525.0,8275.0,8350.0,71082,0.0,0.0
2017-08-10 00:00:00+09:00,8425.0,8450.0,8125.0,8175.0,78098,0.0,0.0
2017-08-11 00:00:00+09:00,8050.0,8050.0,7750.0,7850.0,125768,0.0,0.0
2017-08-14 00:00:00+09:00,7925.0,8200.0,7850.0,8025.0,83340,0.0,0.0
2017-08-16 00:00:00+09:00,8100.0,8175.0,7850.0,7900.0,219666,0.0,0.0
2017-08-17 00:00:00+09:00,8000.0,8075.0,7700.0,7750.0,231298,0.0,0.0
2017-08-18 00:00:00+09:00,7725.0,7850.0,7575.0,7850.0,387864,0.0,0.0
2017-08-21 00:00:00+09:00,7850.0,7875.0,7600.0,7850.0,294002,0.0,0.0
2017-08-22 00:00:00+09:00,8000.0,8000.0,7575.0,7700.0,529338,0.0,0.0
2017-08-23 00:00:00+09:00,7700.0,7700.0,7200.0,7350.0,662514,0.0,0.0
2017-08-24 00:00:00+09:00,7300.0,7375.0,7225.0,7300.0,249362,0.0,0.0
2017-08-25 00:00:00+09:00,7300.0,7525.0,7300.0,7375.0,227140,0.0,0.0
2017-08-28 00:00:00+09:00,7400.0,7450.0,7200.0,7275.0,147206,0.0,0.0
2017-08-29 00:00:00+09:00,7250.0,7275.0,7150.0,7250.0,163824,0.0,0.0
2017-08-30 00:00:00+09:00,7275.0,7400.0,7175.0,7300.0,132296,0.0,0.0
2017-08-31 00:00:00+09:00,7250.0,7300.0,7125.0,7250.0,202954,0.0,0.0
2017-09-01 00:00:00+09:00,7250.0,7300.0,7200.0,7275.0,108200,0.0,0.0
2017-09-04 00:00:00+09:00,6975.0,7150.0,6950.0,7050.0,220624,0.0,0.0
2017-09-05 00:00:00+09:00,7075.0,7100.0,6825.0,6900.0,193968,0.0,0.0
2017-09-06 00:00:00+09:00,6900.0,7275.0,6825.0,7100.0,211014,0.0,0.0
2017-09-07 00:00:00+09:00,7100.0,7200.0,7025.0,7175.0,158534,0.0,0.0
2017-09-08 00:00:00+09:00,7125.0,7275.0,7000.0,7050.0,102492,0.0,0.0
2017-09-11 00:00:00+09:00,7050.0,7325.0,7050.0,7250.0,241368,0.0,0.0
2017-09-12 00:00:00+09:00,7325.0,7600.0,7250.0,7600.0,279014,0.0,0.0
2017-09-13 00:00:00+09:00,7600.0,7600.0,7450.0,7550.0,128212,0.0,0.0
2017-09-14 00:00:00+09:00,7525.0,7525.0,7400.0,7500.0,68338,0.0,0.0
2017-09-15 00:00:00+09:00,7375.0,7475.0,7200.0,7225.0,171050,0.0,0.0
2017-09-18 00:00:00+09:00,7275.0,7450.0,7200.0,7350.0,228928,0.0,0.0
2017-09-19 00:00:00+09:00,7450.0,7775.0,7400.0,7700.0,597496,0.0,0.0
2017-09-20 00:00:00+09:00,7725.0,7750.0,7400.0,7450.0,335148,0.0,0.0
2017-09-21 00:00:00+09:00,7400.0,7425.0,7125.0,7150.0,275040,0.0,0.0
2017-09-25 00:00:00+09:00,7075.0,7225.0,6850.0,7050.0,177850,0.0,0.0
2017-09-26 00:00:00+09:00,6925.0,7050.0,6825.0,6850.0,132604,0.0,0.0
2017-09-27 00:00:00+09:00,6850.0,7075.0,6850.0,6950.0,59284,0.0,0.0
2017-09-28 00:00:00+09:00,7025.0,7150.0,6825.0,6900.0,105160,0.0,0.0
2017-09-29 00:00:00+09:00,6875.0,7000.0,6800.0,6850.0,116502,0.0,0.0
2017-10-10 00:00:00+09:00,6950.0,6950.0,6650.0,6750.0,91374,0.0,0.0
2017-10-11 00:00:00+09:00,6725.0,7500.0,6725.0,7200.0,336332,0.0,0.0
2017-10-12 00:00:00+09:00,7175.0,7325.0,7125.0,7275.0,95098,0.0,0.0
2017-10-13 00:00:00+09:00,7300.0,7300.0,6875.0,6950.0,147264,0.0,0.0
2017-10-16 00:00:00+09:00,7000.0,7000.0,6625.0,6700.0,177240,0.0,0.0
2017-10-17 00:00:00+09:00,6700.0,6950.0,6700.0,6850.0,61036,0.0,0.0
2017-10-18 00:00:00+09:00,6875.0,6875.0,6500.0,6675.0,102142,0.0,0.0
2017-10-19 00:00:00+09:00,6700.0,6875.0,6650.0,6725.0,49290,0.0,0.0
2017-10-20 00:00:00+09:00,6725.0,7050.0,6550.0,6950.0,137398,0.0,0.0
2017-10-23 00:00:00+09:00,6900.0,7025.0,6825.0,6950.0,67236,0.0,0.0
2017-10-24 00:00:00+09:00,6900.0,7000.0,6800.0,6875.0,68470,0.0,0.0
2017-10-25 00:00:00+09:00,6875.0,6950.0,6800.0,6875.0,40558,0.0,0.0
2017-10-26 00:00:00+09:00,6825.0,7150.0,6825.0,7000.0,183546,0.0,0.0
2017-10-27 00:00:00+09:00,7000.0,7075.0,6900.0,6975.0,98482,0.0,0.0
2017-10-30 00:00:00+09:00,6925.0,7150.0,6825.0,6900.0,297762,0.0,0.0
2017-10-31 00:00:00+09:00,6650.0,6700.0,6450.0,6550.0,207808,0.0,0.0
2017-11-01 00:00:00+09:00,6550.0,6700.0,6525.0,6550.0,51858,0.0,0.0
2017-11-02 00:00:00+09:00,6600.0,6625.0,6425.0,6500.0,69998,0.0,0.0
2017-11-03 00:00:00+09:00,6475.0,6550.0,6375.0,6500.0,138182,0.0,0.0
2017-11-06 00:00:00+09:00,6550.0,6550.0,6325.0,6350.0,71064,0.0,0.0
2017-11-07 00:00:00+09:00,6350.0,6425.0,6250.0,6375.0,93786,0.0,0.0
2017-11-08 00:00:00+09:00,6375.0,6425.0,6300.0,6400.0,20066,0.0,0.0
2017-11-09 00:00:00+09:00,6450.0,6450.0,6300.0,6375.0,44614,0.0,0.0
2017-11-10 00:00:00+09:00,6375.0,6400.0,6300.0,6325.0,29382,0.0,0.0
2017-11-13 00:00:00+09:00,6375.0,6450.0,6275.0,6375.0,86742,0.0,0.0
2017-11-14 00:00:00+09:00,6375.0,6425.0,6300.0,6325.0,61764,0.0,0.0
2017-11-15 00:00:00+09:00,6300.0,6500.0,6300.0,6425.0,113934,0.0,0.0
2017-11-16 00:00:00+09:00,6450.0,6500.0,6300.0,6500.0,33890,0.0,0.0
2017-11-17 00:00:00+09:00,6500.0,6500.0,6050.0,6200.0,424376,0.0,0.0
2017-11-20 00:00:00+09:00,6175.0,6225.0,6000.0,6125.0,189658,0.0,0.0
2017-11-21 00:00:00+09:00,6100.0,6100.0,5975.0,6075.0,110154,0.0,0.0
2017-11-22 00:00:00+09:00,6050.0,6300.0,6025.0,6200.0,184494,0.0,0.0
2017-11-23 00:00:00+09:00,6225.0,6300.0,6175.0,6250.0,53214,0.0,0.0
2017-11-24 00:00:00+09:00,6275.0,6450.0,6225.0,6400.0,94788,0.0,0.0
2017-11-27 00:00:00+09:00,6425.0,6525.0,6225.0,6250.0,118712,0.0,0.0
2017-11-28 00:00:00+09:00,6275.0,6325.0,6075.0,6125.0,104342,0.0,0.0
2017-11-29 00:00:00+09:00,6050.0,6650.0,6050.0,6475.0,457692,0.0,0.0
2017-11-30 00:00:00+09:00,6400.0,6450.0,6175.0,6200.0,202902,0.0,0.0
2017-12-01 00:00:00+09:00,6200.0,6275.0,6125.0,6250.0,146184,0.0,0.0
2017-12-04 00:00:00+09:00,6200.0,6250.0,6075.0,6125.0,98556,0.0,0.0
2017-12-05 00:00:00+09:00,6125.0,6225.0,6050.0,6150.0,79416,0.0,0.0
2017-12-06 00:00:00+09:00,6150.0,6475.0,6125.0,6200.0,182508,0.0,0.0
2017-12-07 00:00:00+09:00,6225.0,6225.0,5975.0,6125.0,128914,0.0,0.0
2017-12-08 00:00:00+09:00,6150.0,6225.0,6075.0,6100.0,41608,0.0,0.0
2017-12-11 00:00:00+09:00,6025.0,6175.0,6000.0,6175.0,33924,0.0,0.0
2017-12-12 00:00:00+09:00,6175.0,6225.0,6000.0,6100.0,50872,0.0,0.0
2017-12-13 00:00:00+09:00,6100.0,6125.0,6000.0,6125.0,78568,0.0,0.0
2017-12-14 00:00:00+09:00,6150.0,6325.0,6025.0,6150.0,57402,0.0,0.0
2017-12-15 00:00:00+09:00,6150.0,6150.0,6000.0,6100.0,79760,0.0,0.0
2017-12-18 00:00:00+09:00,6125.0,6150.0,5900.0,5900.0,66462,0.0,0.0
2017-12-19 00:00:00+09:00,5925.0,6000.0,5825.0,5850.0,59020,0.0,0.0
2017-12-21 00:00:00+09:00,6250.0,6350.0,6200.0,6225.0,131392,0.0,0.0
2017-12-22 00:00:00+09:00,5850.0,6025.0,5750.0,5825.0,491512,0.0,0.0
2017-12-26 00:00:00+09:00,5900.0,5950.0,5775.0,5950.0,188392,0.0,0.0
2017-12-27 00:00:00+09:00,5925.0,6150.0,5875.0,6125.0,315762,0.0,0.0
2017-12-28 00:00:00+09:00,6100.0,6275.0,6025.0,6275.0,207008,0.0,0.0
2018-01-02 00:00:00+09:00,6275.0,6500.0,6275.0,6425.0,245256,0.0,0.0
2018-01-03 00:00:00+09:00,6425.0,6425.0,6225.0,6375.0,154976,0.0,0.0
2018-01-04 00:00:00+09:00,6300.0,6400.0,6150.0,6225.0,186454,0.0,0.0
2018-01-05 00:00:00+09:00,6200.0,6275.0,6000.0,6075.0,218596,0.0,0.0
2018-01-08 00:00:00+09:00,6075.0,6075.0,5750.0,5850.0,330186,0.0,0.0
2018-01-09 00:00:00+09:00,5825.0,5950.0,5800.0,5950.0,109686,0.0,0.0
2018-01-10 00:00:00+09:00,5875.0,5900.0,5750.0,5850.0,132248,0.0,0.0
2018-01-11 00:00:00+09:00,5775.0,5925.0,5775.0,5875.0,137752,0.0,0.0
2018-01-12 00:00:00+09:00,5875.0,5900.0,5650.0,5725.0,188316,0.0,0.0
2018-01-15 00:00:00+09:00,5700.0,5725.0,5450.0,5575.0,258322,0.0,0.0
2018-01-16 00:00:00+09:00,5550.0,5775.0,5450.0,5775.0,267204,0.0,0.0
2018-01-17 00:00:00+09:00,5725.0,5900.0,5600.0,5750.0,156452,0.0,0.0
2018-01-18 00:00:00+09:00,5700.0,5825.0,5675.0,5725.0,126166,0.0,0.0
2018-01-19 00:00:00+09:00,5700.0,5725.0,5600.0,5675.0,171974,0.0,0.0
2018-01-22 00:00:00+09:00,5625.0,5675.0,5475.0,5550.0,173176,0.0,0.0
2018-01-23 00:00:00+09:00,5550.0,5600.0,5475.0,5600.0,151190,0.0,0.0
2018-01-24 00:00:00+09:00,5650.0,5650.0,5550.0,5625.0,133692,0.0,0.0
2018-01-25 00:00:00+09:00,5600.0,6025.0,5600.0,5950.0,491082,0.0,0.0
2018-01-26 00:00:00+09:00,6000.0,6250.0,5975.0,6225.0,297804,0.0,0.0
2018-01-29 00:00:00+09:00,6125.0,6225.0,6050.0,6125.0,118172,0.0,0.0
2018-01-30 00:00:00+09:00,6125.0,6175.0,5850.0,5975.0,121214,0.0,0.0
2018-01-31 00:00:00+09:00,5975.0,6050.0,5800.0,5900.0,139258,0.0,0.0
2018-02-01 00:00:00+09:00,5850.0,6075.0,5850.0,6025.0,234622,0.0,0.0
2018-02-02 00:00:00+09:00,6025.0,6025.0,5825.0,5925.0,85878,0.0,0.0
2018-02-05 00:00:00+09:00,5775.0,5875.0,5650.0,5725.0,158864,0.0,0.0
2018-02-06 00:00:00+09:00,5650.0,5650.0,5225.0,5525.0,552790,0.0,0.0
2018-02-07 00:00:00+09:00,5575.0,5675.0,5375.0,5425.0,132658,0.0,0.0
2018-02-08 00:00:00+09:00,5475.0,5525.0,5400.0,5500.0,99140,0.0,0.0
2018-02-09 00:00:00+09:00,5325.0,5450.0,5300.0,5400.0,129064,0.0,0.0
2018-02-12 00:00:00+09:00,5375.0,5575.0,5350.0,5550.0,90604,0.0,0.0
2018-02-13 00:00:00+09:00,5525.0,5625.0,5525.0,5600.0,189122,0.0,0.0
2018-02-14 00:00:00+09:00,5650.0,5650.0,5500.0,5650.0,129664,0.0,0.0
2018-02-19 00:00:00+09:00,5650.0,5825.0,5550.0,5650.0,198788,0.0,0.0
2018-02-20 00:00:00+09:00,5600.0,5675.0,5550.0,5625.0,105580,0.0,0.0
2018-02-21 00:00:00+09:00,5625.0,5725.0,5625.0,5725.0,117908,0.0,0.0
2018-02-22 00:00:00+09:00,5725.0,5750.0,5600.0,5700.0,39662,0.0,0.0
2018-02-23 00:00:00+09:00,5700.0,5750.0,5600.0,5750.0,125314,0.0,0.0
2018-02-26 00:00:00+09:00,5800.0,5925.0,5750.0,5800.0,107180,0.0,0.0
2018-02-27 00:00:00+09:00,5900.0,5900.0,5725.0,5800.0,65192,0.0,0.0
2018-02-28 00:00:00+09:00,5675.0,5775.0,5625.0,5675.0,50156,0.0,0.0
2018-03-02 00:00:00+09:00,5575.0,5700.0,5550.0,5675.0,64058,0.0,0.0
2018-03-05 00:00:00+09:00,5625.0,5675.0,5575.0,5600.0,49004,0.0,0.0
2018-03-06 00:00:00+09:00,5600.0,5800.0,5600.0,5800.0,99170,0.0,0.0
2018-03-07 00:00:00+09:00,5800.0,5800.0,5600.0,5650.0,69938,0.0,0.0
2018-03-08 00:00:00+09:00,5650.0,5750.0,5625.0,5675.0,70408,0.0,0.0
2018-03-09 00:00:00+09:00,5725.0,6075.0,5700.0,6025.0,439224,0.0,0.0
2018-03-12 00:00:00+09:00,6050.0,6150.0,5925.0,6150.0,166780,0.0,0.0
2018-03-13 00:00:00+09:00,6150.0,6225.0,6050.0,6225.0,158624,0.0,0.0
2018-03-14 00:00:00+09:00,6225.0,6225.0,6050.0,6125.0,58916,0.0,0.0
2018-03-15 00:00:00+09:00,6075.0,6150.0,5950.0,6100.0,106344,0.0,0.0
2018-03-16 00:00:00+09:00,6100.0,6100.0,5875.0,5975.0,92534,0.0,0.0
2018-03-19 00:00:00+09:00,5925.0,6100.0,5900.0,6075.0,102664,0.0,0.0
2018-03-20 00:00:00+09:00,6050.0,6150.0,6000.0,6100.0,89400,0.0,0.0
2018-03-21 00:00:00+09:00,6150.0,6225.0,6025.0,6200.0,141870,0.0,0.0
2018-03-22 00:00:00+09:00,6200.0,6200.0,6075.0,6100.0,155854,0.0,0.0
2018-03-23 00:00:00+09:00,6000.0,6075.0,5800.0,5925.0,174658,0.0,0.0
2018-03-26 00:00:00+09:00,5875.0,5950.0,5800.0,5875.0,101432,0.0,0.0
2018-03-27 00:00:00+09:00,5975.0,5975.0,5850.0,5925.0,86900,0.0,0.0
2018-03-28 00:00:00+09:00,5875.0,6025.0,5825.0,5975.0,101620,0.0,0.0
2018-03-29 00:00:00+09:00,6050.0,6400.0,5975.0,6300.0,364616,0.0,0.0
2018-03-30 00:00:00+09:00,6350.0,6350.0,6200.0,6300.0,98450,0.0,0.0
2018-04-02 00:00:00+09:00,6275.0,6275.0,6075.0,6100.0,116578,0.0,0.0
2018-04-03 00:00:00+09:00,6025.0,6150.0,6025.0,6150.0,110984,0.0,0.0
2018-04-04 00:00:00+09:00,6150.0,6250.0,5950.0,6250.0,103386,0.0,0.0
2018-04-05 00:00:00+09:00,6200.0,6300.0,6150.0,6275.0,130442,0.0,0.0
2018-04-06 00:00:00+09:00,6250.0,6325.0,6100.0,6275.0,108018,0.0,0.0
2018-04-09 00:00:00+09:00,6150.0,6450.0,6150.0,6425.0,227604,0.0,0.0
2018-04-10 00:00:00+09:00,6475.0,6850.0,6475.0,6700.0,733534,0.0,0.0
2018-04-11 00:00:00+09:00,6775.0,6775.0,6550.0,6700.0,257594,0.0,0.0
2018-04-12 00:00:00+09:00,6725.0,6975.0,6600.0,6950.0,481600,0.0,0.0
2018-04-13 00:00:00+09:00,7175.0,7375.0,6800.0,6850.0,1182326,0.0,0.0
2018-04-16 00:00:00+09:00,6925.0,7100.0,6700.0,6825.0,336388,0.0,0.0
2018-04-17 00:00:00+09:00,6750.0,6900.0,6675.0,6750.0,250514,0.0,0.0
2018-04-18 00:00:00+09:00,6800.0,6800.0,6575.0,6725.0,196218,0.0,0.0
2018-04-19 00:00:00+09:00,6750.0,6750.0,6550.0,6625.0,148006,0.0,0.0
2018-04-20 00:00:00+09:00,6575.0,6900.0,6475.0,6825.0,206894,0.0,0.0
2018-04-23 00:00:00+09:00,6825.0,6975.0,6775.0,6925.0,284026,0.0,0.0
2018-04-24 00:00:00+09:00,6925.0,7100.0,6825.0,6900.0,303884,0.0,0.0
2018-04-25 00:00:00+09:00,6900.0,6900.0,6600.0,6675.0,241396,0.0,0.0
2018-04-26 00:00:00+09:00,6725.0,6875.0,6600.0,6825.0,119214,0.0,0.0
2018-04-27 00:00:00+09:00,6825.0,6975.0,6825.0,6950.0,184812,0.0,0.0
2018-04-30 00:00:00+09:00,6950.0,7000.0,6800.0,6875.0,204788,0.0,0.0
2018-05-02 00:00:00+09:00,6875.0,7200.0,6850.0,7075.0,352436,0.0,0.0
2018-05-03 00:00:00+09:00,7075.0,7150.0,6950.0,7125.0,139998,0.0,0.0
2018-05-04 00:00:00+09:00,7150.0,7150.0,6875.0,6900.0,205614,0.0,0.0
2018-05-08 00:00:00+09:00,6950.0,7025.0,6700.0,6750.0,195808,0.0,0.0
2018-05-09 00:00:00+09:00,6725.0,6875.0,6625.0,6700.0,163340,0.0,0.0
2018-05-10 00:00:00+09:00,6800.0,7000.0,6775.0,6975.0,141960,0.0,0.0
2018-05-11 00:00:00+09:00,7000.0,7000.0,6750.0,6875.0,196338,0.0,0.0
2018-05-14 00:00:00+09:00,6875.0,6900.0,6750.0,6875.0,104328,0.0,0.0
2018-05-15 00:00:00+09:00,6875.0,6925.0,6650.0,6700.0,120274,0.0,0.0
2018-05-16 00:00:00+09:00,6600.0,6650.0,6275.0,6325.0,257434,0.0,0.0
2018-05-17 00:00:00+09:00,6275.0,6600.0,6225.0,6300.0,207762,0.0,0.0
2018-05-18 00:00:00+09:00,6300.0,6425.0,6200.0,6400.0,87422,0.0,0.0
2018-05-21 00:00:00+09:00,6425.0,6425.0,6325.0,6400.0,84202,0.0,0.0
2018-05-23 00:00:00+09:00,6400.0,6525.0,6350.0,6475.0,83768,0.0,0.0
2018-05-24 00:00:00+09:00,6600.0,7200.0,6550.0,7100.0,794360,0.0,0.0
2018-05-25 00:00:00+09:00,7050.0,7275.0,6925.0,7075.0,420220,0.0,0.0
2018-05-28 00:00:00+09:00,7075.0,7075.0,6800.0,6825.0,287238,0.0,0.0
2018-05-29 00:00:00+09:00,6825.0,6975.0,6825.0,6875.0,127468,0.0,0.0
2018-05-30 00:00:00+09:00,6825.0,6950.0,6650.0,6825.0,174406,0.0,0.0
2018-05-31 00:00:00+09:00,6825.0,6825.0,6700.0,6750.0,74472,0.0,0.0
2018-06-01 00:00:00+09:00,6750.0,7050.0,6750.0,6825.0,92826,0.0,0.0
2018-06-04 00:00:00+09:00,6825.0,6825.0,6575.0,6675.0,59678,0.0,0.0
2018-06-05 00:00:00+09:00,6675.0,6800.0,6600.0,6750.0,78984,0.0,0.0
2018-06-07 00:00:00+09:00,6750.0,6850.0,6725.0,6800.0,60862,0.0,0.0
2018-06-08 00:00:00+09:00,6800.0,6850.0,6625.0,6850.0,84316,0.0,0.0
2018-06-11 00:00:00+09:00,6900.0,7075.0,6850.0,7000.0,243376,0.0,0.0
2018-06-12 00:00:00+09:00,7075.0,7150.0,6925.0,7100.0,147074,0.0,0.0
2018-06-14 00:00:00+09:00,7100.0,7325.0,7075.0,7300.0,362192,0.0,0.0
2018-06-15 00:00:00+09:00,7350.0,7350.0,7100.0,7200.0,165620,0.0,0.0
2018-06-18 00:00:00+09:00,7225.0,7225.0,6625.0,6925.0,277008,0.0,0.0
2018-06-19 00:00:00+09:00,6875.0,6875.0,6500.0,6650.0,297128,0.0,0.0
2018-06-20 00:00:00+09:00,6550.0,6700.0,6375.0,6450.0,225000,0.0,0.0
2018-06-21 00:00:00+09:00,6550.0,6675.0,6325.0,6350.0,153050,0.0,0.0
2018-06-22 00:00:00+09:00,6475.0,6550.0,6275.0,6475.0,141404,0.0,0.0
2018-06-25 00:00:00+09:00,6500.0,6625.0,6450.0,6475.0,84876,0.0,0.0
2018-06-26 00:00:00+09:00,6500.0,6600.0,6350.0,6450.0,199708,0.0,0.0
2018-06-27 00:00:00+09:00,6400.0,6875.0,6400.0,6475.0,493198,0.0,0.0
2018-06-28 00:00:00+09:00,6475.0,6525.0,6350.0,6350.0,124486,0.0,0.0
2018-06-29 00:00:00+09:00,6350.0,6400.0,6075.0,6275.0,159426,0.0,0.0
2018-07-02 00:00:00+09:00,6300.0,6475.0,6100.0,6250.0,118852,0.0,0.0
2018-07-03 00:00:00+09:00,6250.0,6300.0,6125.0,6200.0,65388,0.0,0.0
2018-07-04 00:00:00+09:00,6200.0,6325.0,6125.0,6225.0,58456,0.0,0.0
2018-07-05 00:00:00+09:00,6225.0,6225.0,5850.0,5925.0,216116,0.0,0.0
2018-07-06 00:00:00+09:00,5950.0,6100.0,5875.0,5875.0,61552,0.0,0.0
2018-07-09 00:00:00+09:00,6000.0,6075.0,5900.0,6000.0,75324,0.0,0.0
2018-07-10 00:00:00+09:00,6100.0,6200.0,6025.0,6100.0,116276,0.0,0.0
2018-07-11 00:00:00+09:00,6125.0,6325.0,6075.0,6300.0,113106,0.0,0.0
2018-07-12 00:00:00+09:00,6275.0,6400.0,6150.0,6400.0,115348,0.0,0.0
2018-07-13 00:00:00+09:00,6300.0,6450.0,6275.0,6375.0,73230,0.0,0.0
2018-07-16 00:00:00+09:00,6375.0,6750.0,6325.0,6675.0,183960,0.0,0.0
2018-07-17 00:00:00+09:00,6675.0,6875.0,6625.0,6825.0,191438,0.0,0.0
2018-07-18 00:00:00+09:00,6850.0,6850.0,6700.0,6800.0,77176,0.0,0.0
2018-07-19 00:00:00+09:00,6800.0,6800.0,6625.0,6750.0,89880,0.0,0.0
2018-07-20 00:00:00+09:00,6750.0,6750.0,6450.0,6650.0,109168,0.0,0.0
2018-07-23 00:00:00+09:00,6675.0,6675.0,6400.0,6550.0,67272,0.0,0.0
2018-07-24 00:00:00+09:00,6600.0,6675.0,6400.0,6525.0,72930,0.0,0.0
2018-07-25 00:00:00+09:00,6525.0,6525.0,6400.0,6475.0,33906,0.0,0.0
2018-07-26 00:00:00+09:00,6500.0,6600.0,6350.0,6600.0,71424,0.0,0.0
2018-07-27 00:00:00+09:00,6575.0,7075.0,6550.0,7050.0,501032,0.0,0.0
2018-07-30 00:00:00+09:00,7050.0,7175.0,6850.0,6900.0,240466,0.0,0.0
2018-07-31 00:00:00+09:00,6900.0,7100.0,6725.0,7100.0,274464,0.0,0.0
2018-08-01 00:00:00+09:00,7200.0,7200.0,6950.0,7075.0,193014,0.0,0.0
2018-08-02 00:00:00+09:00,7000.0,7150.0,6925.0,7150.0,132588,0.0,0.0
2018-08-03 00:00:00+09:00,7150.0,7325.0,7050.0,7325.0,171182,0.0,0.0
2018-08-06 00:00:00+09:00,7250.0,7325.0,6900.0,7050.0,259056,0.0,0.0
2018-08-07 00:00:00+09:00,7125.0,7350.0,6950.0,7325.0,194220,0.0,0.0
2018-08-08 00:00:00+09:00,7350.0,7575.0,7225.0,7275.0,302196,0.0,0.0
2018-08-09 00:00:00+09:00,7325.0,7425.0,7150.0,7200.0,163646,0.0,0.0
2018-08-10 00:00:00+09:00,7225.0,7225.0,6900.0,7050.0,184342,0.0,0.0
2018-08-13 00:00:00+09:00,6925.0,7025.0,6525.0,6700.0,262664,0.0,0.0
2018-08-14 00:00:00+09:00,6700.0,6900.0,6675.0,6775.0,128988,0.0,0.0
2018-08-16 00:00:00+09:00,6750.0,6900.0,6575.0,6825.0,126794,0.0,0.0
2018-08-17 00:00:00+09:00,6975.0,7050.0,6875.0,6975.0,155296,0.0,0.0
2018-08-20 00:00:00+09:00,6925.0,7000.0,6850.0,6875.0,84062,0.0,0.0
2018-08-21 00:00:00+09:00,6800.0,7100.0,6800.0,7050.0,114830,0.0,0.0
2018-08-22 00:00:00+09:00,7075.0,7275.0,7050.0,7250.0,226078,0.0,0.0
2018-08-23 00:00:00+09:00,7325.0,7325.0,7050.0,7200.0,123304,0.0,0.0
2018-08-24 00:00:00+09:00,7225.0,7225.0,7025.0,7075.0,80806,0.0,0.0
2018-08-27 00:00:00+09:00,7200.0,7375.0,7075.0,7325.0,409860,0.0,0.0
2018-08-28 00:00:00+09:00,7375.0,7400.0,7250.0,7275.0,181798,0.0,0.0
2018-08-29 00:00:00+09:00,7350.0,7400.0,7150.0,7375.0,188360,0.0,0.0
2018-08-30 00:00:00+09:00,7375.0,7425.0,7225.0,7250.0,130718,0.0,0.0
2018-08-31 00:00:00+09:00,7275.0,7425.0,7100.0,7300.0,147294,0.0,0.0
2018-09-03 00:00:00+09:00,7325.0,7350.0,7125.0,7125.0,82142,0.0,0.0
2018-09-04 00:00:00+09:00,7075.0,7300.0,7050.0,7200.0,70616,0.0,0.0
2018-09-05 00:00:00+09:00,7200.0,7200.0,7075.0,7075.0,56552,0.0,0.0
2018-09-06 00:00:00+09:00,7050.0,7125.0,6950.0,7075.0,83494,0.0,0.0
2018-09-07 00:00:00+09:00,6975.0,7050.0,6700.0,6950.0,207372,0.0,0.0
2018-09-10 00:00:00+09:00,6925.0,7000.0,6800.0,7000.0,108710,0.0,0.0
2018-09-11 00:00:00+09:00,7000.0,7075.0,6875.0,7075.0,86314,0.0,0.0
2018-09-12 00:00:00+09:00,7075.0,7100.0,6925.0,6950.0,69350,0.0,0.0
2018-09-13 00:00:00+09:00,6900.0,7000.0,6725.0,6775.0,179196,0.0,0.0
2018-09-14 00:00:00+09:00,6900.0,6950.0,6750.0,6900.0,107152,0.0,0.0
2018-09-17 00:00:00+09:00,6950.0,7250.0,6725.0,6950.0,121552,0.0,0.0
2018-09-18 00:00:00+09:00,6900.0,7000.0,6775.0,6850.0,46764,0.0,0.0
2018-09-19 00:00:00+09:00,6850.0,6950.0,6700.0,6775.0,63108,0.0,0.0
2018-09-20 00:00:00+09:00,6750.0,7000.0,6525.0,6750.0,254480,0.0,0.0
2018-09-21 00:00:00+09:00,6675.0,6775.0,6500.0,6625.0,318726,0.0,0.0
2018-09-27 00:00:00+09:00,6600.0,6600.0,6475.0,6550.0,139898,0.0,0.0
2018-09-28 00:00:00+09:00,6500.0,6675.0,6450.0,6475.0,104656,0.0,0.0
2018-10-01 00:00:00+09:00,6600.0,6600.0,6325.0,6425.0,77994,0.0,0.0
2018-10-02 00:00:00+09:00,6425.0,6450.0,6250.0,6400.0,94020,0.0,0.0
2018-10-04 00:00:00+09:00,6350.0,6375.0,5975.0,6150.0,231676,0.0,0.0
2018-10-05 00:00:00+09:00,6150.0,6175.0,5825.0,5950.0,174706,0.0,0.0
2018-10-08 00:00:00+09:00,5875.0,6000.0,5800.0,5850.0,99950,0.0,0.0
2018-10-10 00:00:00+09:00,5900.0,5900.0,5475.0,5650.0,178684,0.0,0.0
2018-10-11 00:00:00+09:00,5350.0,5650.0,5200.0,5300.0,305786,0.0,0.0
2018-10-12 00:00:00+09:00,5300.0,5450.0,5225.0,5425.0,175988,0.0,0.0
2018-10-15 00:00:00+09:00,5425.0,5650.0,5300.0,5350.0,86556,0.0,0.0
2018-10-16 00:00:00+09:00,5300.0,5550.0,5300.0,5550.0,68292,0.0,0.0
2018-10-17 00:00:00+09:00,5700.0,5775.0,5525.0,5625.0,67986,0.0,0.0
2018-10-18 00:00:00+09:00,5700.0,5700.0,5450.0,5500.0,30120,0.0,0.0
2018-10-19 00:00:00+09:00,5450.0,5675.0,5225.0,5675.0,156850,0.0,0.0
2018-10-22 00:00:00+09:00,5650.0,5700.0,5525.0,5650.0,24704,0.0,0.0
2018-10-23 00:00:00+09:00,5700.0,5700.0,5425.0,5450.0,44338,0.0,0.0
2018-10-24 00:00:00+09:00,5450.0,5500.0,5200.0,5325.0,157054,0.0,0.0
2018-10-25 00:00:00+09:00,5125.0,5300.0,5050.0,5150.0,134346,0.0,0.0
2018-10-26 00:00:00+09:00,5175.0,5275.0,4895.0,4965.0,190336,0.0,0.0
2018-10-29 00:00:00+09:00,5050.0,5050.0,4700.0,4770.0,80984,0.0,0.0
2018-10-30 00:00:00+09:00,4650.0,4950.0,4650.0,4945.0,53642,0.0,0.0
2018-10-31 00:00:00+09:00,4900.0,4990.0,4790.0,4975.0,71070,0.0,0.0
2018-11-01 00:00:00+09:00,4975.0,5125.0,4835.0,4920.0,122522,0.0,0.0
2018-11-02 00:00:00+09:00,4950.0,5150.0,4945.0,5150.0,156030,0.0,0.0
2018-11-05 00:00:00+09:00,5175.0,5175.0,4845.0,4920.0,163784,0.0,0.0
2018-11-06 00:00:00+09:00,4935.0,4935.0,4745.0,4745.0,176368,0.0,0.0
2018-11-07 00:00:00+09:00,4800.0,4800.0,4450.0,4525.0,349282,0.0,0.0
2018-11-08 00:00:00+09:00,4615.0,4725.0,4585.0,4665.0,171356,0.0,0.0
2018-11-09 00:00:00+09:00,4665.0,4700.0,4525.0,4630.0,95748,0.0,0.0
2018-11-12 00:00:00+09:00,4555.0,4620.0,4515.0,4595.0,82994,0.0,0.0
2018-11-13 00:00:00+09:00,4475.0,4575.0,4355.0,4575.0,100684,0.0,0.0
2018-11-14 00:00:00+09:00,4565.0,4595.0,4470.0,4595.0,38602,0.0,0.0
2018-11-15 00:00:00+09:00,4600.0,4755.0,4600.0,4750.0,83628,0.0,0.0
2018-11-16 00:00:00+09:00,4750.0,4875.0,4735.0,4835.0,94920,0.0,0.0
2018-11-19 00:00:00+09:00,4835.0,4835.0,4645.0,4680.0,127052,0.0,0.0
2018-11-20 00:00:00+09:00,4595.0,4600.0,4255.0,4320.0,489098,0.0,0.0
2018-11-21 00:00:00+09:00,4310.0,4310.0,4105.0,4250.0,279390,0.0,0.0
2018-11-22 00:00:00+09:00,4225.0,4265.0,4175.0,4265.0,76366,0.0,0.0
2018-11-23 00:00:00+09:00,4265.0,4275.0,4100.0,4130.0,88770,0.0,0.0
2018-11-26 00:00:00+09:00,4125.0,4270.0,4090.0,4270.0,111428,0.0,0.0
2018-11-27 00:00:00+09:00,4245.0,4275.0,4170.0,4265.0,82190,0.0,0.0
2018-11-28 00:00:00+09:00,4250.0,4275.0,4120.0,4190.0,131102,0.0,0.0
2018-11-29 00:00:00+09:00,4225.0,4295.0,4175.0,4225.0,90678,0.0,0.0
2018-11-30 00:00:00+09:00,4230.0,4275.0,4135.0,4225.0,109368,0.0,0.0
2018-12-03 00:00:00+09:00,4250.0,4320.0,4225.0,4310.0,90584,0.0,0.0
2018-12-04 00:00:00+09:00,4310.0,4325.0,4250.0,4300.0,68690,0.0,0.0
2018-12-05 00:00:00+09:00,4230.0,4240.0,4140.0,4185.0,117872,0.0,0.0
2018-12-06 00:00:00+09:00,4180.0,4190.0,4060.0,4135.0,116656,0.0,0.0
2018-12-07 00:00:00+09:00,4120.0,4165.0,4085.0,4130.0,41950,0.0,0.0
2018-12-10 00:00:00+09:00,4075.0,4075.0,3915.0,3935.0,91756,0.0,0.0
2018-12-11 00:00:00+09:00,3935.0,4000.0,3900.0,3945.0,65272,0.0,0.0
2018-12-12 00:00:00+09:00,3935.0,4075.0,3935.0,4040.0,44438,0.0,0.0
2018-12-13 00:00:00+09:00,4035.0,4150.0,4035.0,4135.0,56220,0.0,0.0
2018-12-14 00:00:00+09:00,4100.0,4150.0,3975.0,3990.0,101732,0.0,0.0
2018-12-17 00:00:00+09:00,3955.0,4000.0,3905.0,3945.0,53912,0.0,0.0
2018-12-18 00:00:00+09:00,3900.0,3950.0,3860.0,3920.0,70826,0.0,0.0
2018-12-19 00:00:00+09:00,3900.0,3970.0,3865.0,3970.0,41384,0.0,0.0
2018-12-20 00:00:00+09:00,3950.0,3990.0,3830.0,3900.0,49748,0.0,0.0
2018-12-21 00:00:00+09:00,3900.0,3950.0,3840.0,3935.0,46166,0.0,0.0
2018-12-24 00:00:00+09:00,3925.0,3925.0,3820.0,3845.0,47558,0.0,0.0
2018-12-26 00:00:00+09:00,3775.0,3845.0,3635.0,3665.0,121002,0.0,0.0
2018-12-27 00:00:00+09:00,3720.0,3790.0,3705.0,3720.0,42152,0.0,0.0
2018-12-28 00:00:00+09:00,3750.0,3820.0,3655.0,3745.0,104724,0.0,0.0
2019-01-02 00:00:00+09:00,3775.0,3775.0,3600.0,3645.0,100932,0.0,0.0
2019-01-03 00:00:00+09:00,3675.0,3675.0,3465.0,3500.0,181942,0.0,0.0
2019-01-04 00:00:00+09:00,3455.0,3550.0,3385.0,3470.0,175804,0.0,0.0
2019-01-07 00:00:00+09:00,3475.0,3605.0,3475.0,3575.0,88120,0.0,0.0
2019-01-08 00:00:00+09:00,3575.0,3615.0,3555.0,3575.0,64696,0.0,0.0
2019-01-09 00:00:00+09:00,3540.0,3725.0,3540.0,3700.0,103982,0.0,0.0
2019-01-10 00:00:00+09:00,3700.0,3975.0,3700.0,3900.0,232544,0.0,0.0
2019-01-11 00:00:00+09:00,3870.0,3995.0,3830.0,3880.0,110752,0.0,0.0
2019-01-14 00:00:00+09:00,3880.0,3885.0,3815.0,3855.0,46536,0.0,0.0
2019-01-15 00:00:00+09:00,3855.0,3930.0,3815.0,3925.0,62296,0.0,0.0
2019-01-16 00:00:00+09:00,3925.0,3945.0,3895.0,3930.0,72544,0.0,0.0
2019-01-17 00:00:00+09:00,3930.0,3970.0,3890.0,3925.0,49980,0.0,0.0
2019-01-18 00:00:00+09:00,3905.0,3935.0,3870.0,3930.0,36708,0.0,0.0
2019-01-21 00:00:00+09:00,3950.0,4045.0,3900.0,4035.0,103002,0.0,0.0
2019-01-22 00:00:00+09:00,4035.0,4035.0,3845.0,3875.0,148010,0.0,0.0
2019-01-23 00:00:00+09:00,3870.0,4105.0,3845.0,4075.0,163822,0.0,0.0
2019-01-24 00:00:00+09:00,4065.0,4455.0,4035.0,4420.0,701962,0.0,0.0
2019-01-25 00:00:00+09:00,4480.0,4550.0,4410.0,4520.0,358318,0.0,0.0
2019-01-28 00:00:00+09:00,4530.0,4585.0,4475.0,4535.0,193908,0.0,0.0
2019-01-29 00:00:00+09:00,4480.0,4535.0,4445.0,4520.0,147332,0.0,0.0
2019-01-30 00:00:00+09:00,4545.0,4645.0,4450.0,4600.0,233208,0.0,0.0
2019-01-31 00:00:00+09:00,4600.0,4675.0,4550.0,4580.0,192698,0.0,0.0
2019-02-01 00:00:00+09:00,4580.0,4620.0,4430.0,4610.0,173870,0.0,0.0
2019-02-07 00:00:00+09:00,4610.0,4695.0,4570.0,4665.0,126358,0.0,0.0
2019-02-08 00:00:00+09:00,4665.0,4680.0,4445.0,4450.0,222870,0.0,0.0
2019-02-11 00:00:00+09:00,4450.0,4485.0,4345.0,4460.0,118832,0.0,0.0
2019-02-12 00:00:00+09:00,4405.0,4530.0,4250.0,4380.0,269740,0.0,0.0
2019-02-13 00:00:00+09:00,4400.0,4520.0,4380.0,4470.0,150110,0.0,0.0
2019-02-14 00:00:00+09:00,4545.0,4545.0,4420.0,4450.0,110188,0.0,0.0
2019-02-15 00:00:00+09:00,4465.0,4500.0,4235.0,4280.0,246306,0.0,0.0
2019-02-18 00:00:00+09:00,4285.0,4370.0,4280.0,4340.0,156028,0.0,0.0
2019-02-19 00:00:00+09:00,4380.0,4395.0,4260.0,4295.0,244664,0.0,0.0
2019-02-20 00:00:00+09:00,4275.0,4365.0,4245.0,4355.0,151308,0.0,0.0
2019-02-21 00:00:00+09:00,4330.0,4350.0,4200.0,4230.0,180424,0.0,0.0
2019-02-22 00:00:00+09:00,4245.0,4300.0,4195.0,4210.0,111206,0.0,0.0
2019-02-25 00:00:00+09:00,4220.0,4365.0,4220.0,4355.0,135412,0.0,0.0
2019-02-26 00:00:00+09:00,4395.0,4395.0,4255.0,4350.0,156220,0.0,0.0
2019-02-27 00:00:00+09:00,4315.0,4355.0,4250.0,4260.0,88164,0.0,0.0
2019-02-28 00:00:00+09:00,4260.0,4270.0,4145.0,4160.0,198112,0.0,0.0
2019-03-04 00:00:00+09:00,4180.0,4235.0,4175.0,4210.0,101230,0.0,0.0
2019-03-05 00:00:00+09:00,4210.0,4240.0,4100.0,4140.0,129802,0.0,0.0
2019-03-06 00:00:00+09:00,4140.0,4160.0,4100.0,4140.0,83604,0.0,0.0
2019-03-07 00:00:00+09:00,4140.0,4220.0,4050.0,4155.0,126756,0.0,0.0
2019-03-08 00:00:00+09:00,4105.0,4105.0,3970.0,4000.0,146706,0.0,0.0
2019-03-11 00:00:00+09:00,4010.0,4025.0,3850.0,3905.0,101118,0.0,0.0
2019-03-12 00:00:00+09:00,3940.0,4000.0,3870.0,3925.0,82334,0.0,0.0
2019-03-13 00:00:00+09:00,3925.0,3995.0,3900.0,3995.0,21664,0.0,0.0
2019-03-14 00:00:00+09:00,4020.0,4225.0,3985.0,4175.0,215916,0.0,0.0
2019-03-15 00:00:00+09:00,4205.0,4205.0,4080.0,4110.0,68476,0.0,0.0
2019-03-18 00:00:00+09:00,4125.0,4205.0,4080.0,4185.0,72942,0.0,0.0
2019-03-19 00:00:00+09:00,4175.0,4245.0,4150.0,4185.0,69420,0.0,0.0
2019-03-20 00:00:00+09:00,4155.0,4195.0,4045.0,4055.0,133272,0.0,0.0
2019-03-21 00:00:00+09:00,4080.0,4285.0,4065.0,4270.0,330834,0.0,0.0
2019-03-22 00:00:00+09:00,4300.0,4335.0,4215.0,4270.0,162844,0.0,0.0
2019-03-25 00:00:00+09:00,4225.0,4225.0,4095.0,4110.0,132278,0.0,0.0
2019-03-26 00:00:00+09:00,4115.0,4170.0,4050.0,4170.0,70674,0.0,0.0
2019-03-27 00:00:00+09:00,4165.0,4165.0,4080.0,4110.0,65416,0.0,0.0
2019-03-28 00:00:00+09:00,4105.0,4130.0,3965.0,3965.0,93676,0.0,0.0
2019-03-29 00:00:00+09:00,3975.0,4060.0,3875.0,3995.0,83232,0.0,0.0
2019-04-01 00:00:00+09:00,4005.0,4100.0,4000.0,4100.0,51598,0.0,0.0
2019-04-02 00:00:00+09:00,4110.0,4135.0,4050.0,4100.0,23156,0.0,0.0
2019-04-03 00:00:00+09:00,4100.0,4125.0,4060.0,4120.0,49056,0.0,0.0
2019-04-04 00:00:00+09:00,4135.0,4220.0,4090.0,4205.0,119832,0.0,0.0
2019-04-05 00:00:00+09:00,4245.0,4300.0,4210.0,4230.0,136876,0.0,0.0
2019-04-08 00:00:00+09:00,4280.0,4280.0,4115.0,4115.0,69884,0.0,0.0
2019-04-09 00:00:00+09:00,4150.0,4190.0,4100.0,4145.0,45566,0.0,0.0
2019-04-10 00:00:00+09:00,4080.0,4160.0,4075.0,4120.0,41420,0.0,0.0
2019-04-11 00:00:00+09:00,4130.0,4135.0,4045.0,4060.0,127272,0.0,0.0
2019-04-12 00:00:00+09:00,4060.0,4080.0,4040.0,4080.0,49534,0.0,0.0
2019-04-15 00:00:00+09:00,4055.0,4090.0,3995.0,4020.0,130880,0.0,0.0
2019-04-16 00:00:00+09:00,4040.0,4040.0,3935.0,3945.0,87474,0.0,0.0
2019-04-17 00:00:00+09:00,3950.0,4025.0,3910.0,3970.0,92268,0.0,0.0
2019-04-18 00:00:00+09:00,3985.0,3995.0,3885.0,3885.0,72688,0.0,0.0
2019-04-19 00:00:00+09:00,3935.0,3965.0,3875.0,3920.0,64558,0.0,0.0
2019-04-22 00:00:00+09:00,3940.0,3945.0,3850.0,3915.0,66574,0.0,0.0
2019-04-23 00:00:00+09:00,3915.0,3915.0,3850.0,3855.0,41144,0.0,0.0
2019-04-24 00:00:00+09:00,3875.0,3890.0,3780.0,3780.0,78700,0.0,0.0
2019-04-25 00:00:00+09:00,3830.0,3865.0,3760.0,3850.0,88922,0.0,0.0
2019-04-26 00:00:00+09:00,3850.0,3900.0,3740.0,3775.0,92326,0.0,0.0
2019-04-29 00:00:00+09:00,3820.0,3820.0,3750.0,3790.0,84260,0.0,0.0
2019-04-30 00:00:00+09:00,3790.0,3835.0,3690.0,3825.0,128110,0.0,0.0
2019-05-02 00:00:00+09:00,3845.0,3935.0,3830.0,3885.0,85074,0.0,0.0
2019-05-03 00:00:00+09:00,3905.0,3950.0,3845.0,3885.0,101778,0.0,0.0
2019-05-07 00:00:00+09:00,3850.0,3855.0,3625.0,3855.0,59542,0.0,0.0
2019-05-08 00:00:00+09:00,3845.0,3845.0,3745.0,3795.0,66634,0.0,0.0
2019-05-09 00:00:00+09:00,3775.0,3795.0,3635.0,3685.0,113394,0.0,0.0
2019-05-10 00:00:00+09:00,3650.0,3705.0,3575.0,3685.0,66880,0.0,0.0
2019-05-13 00:00:00+09:00,3700.0,3700.0,3525.0,3525.0,88462,0.0,0.0
2019-05-14 00:00:00+09:00,3490.0,3560.0,3445.0,3550.0,70684,0.0,0.0
2019-05-15 00:00:00+09:00,3640.0,4270.0,3550.0,3560.0,2584304,0.0,0.0
2019-05-16 00:00:00+09:00,3585.0,3590.0,3410.0,3430.0,302090,0.0,0.0
2019-05-17 00:00:00+09:00,3415.0,3470.0,3275.0,3305.0,258908,0.0,0.0
2019-05-20 00:00:00+09:00,3310.0,3350.0,3200.0,3200.0,109028,0.0,0.0
2019-05-21 00:00:00+09:00,3335.0,3485.0,3150.0,3255.0,275968,0.0,0.0
2019-05-22 00:00:00+09:00,3290.0,3300.0,3230.0,3230.0,79132,0.0,0.0
2019-05-23 00:00:00+09:00,3215.0,3265.0,3080.0,3120.0,146398,0.0,0.0
2019-05-24 00:00:00+09:00,3045.0,3100.0,2950.0,3010.0,240990,0.0,0.0
2019-05-27 00:00:00+09:00,3010.0,3100.0,2990.0,3045.0,73894,0.0,0.0
2019-05-28 00:00:00+09:00,3045.0,3055.0,2990.0,3050.0,129748,0.0,0.0
2019-05-29 00:00:00+09:00,3025.0,3080.0,2930.0,2985.0,124052,0.0,0.0
2019-05-30 00:00:00+09:00,2985.0,3095.0,2970.0,3055.0,74260,0.0,0.0
2019-05-31 00:00:00+09:00,3035.0,3090.0,2965.0,3090.0,41712,0.0,0.0
2019-06-03 00:00:00+09:00,3090.0,3090.0,3010.0,3045.0,39970,0.0,0.0
2019-06-04 00:00:00+09:00,3065.0,3065.0,2965.0,3035.0,81996,0.0,0.0
2019-06-05 00:00:00+09:00,3040.0,3170.0,3000.0,3155.0,187058,0.0,0.0
2019-06-07 00:00:00+09:00,3155.0,3215.0,3090.0,3175.0,83900,0.0,0.0
2019-06-10 00:00:00+09:00,3205.0,3205.0,3115.0,3175.0,47060,0.0,0.0
2019-06-11 00:00:00+09:00,3185.0,3215.0,3140.0,3210.0,44050,0.0,0.0
2019-06-12 00:00:00+09:00,3210.0,3225.0,3165.0,3170.0,42048,0.0,0.0
2019-06-13 00:00:00+09:00,3170.0,3195.0,3030.0,3055.0,205262,0.0,0.0
2019-06-14 00:00:00+09:00,3080.0,3080.0,3015.0,3030.0,73996,0.0,0.0
2019-06-17 00:00:00+09:00,3030.0,3045.0,2950.0,2985.0,114702,0.0,0.0
2019-06-18 00:00:00+09:00,3000.0,3005.0,2945.0,2985.0,122126,0.0,0.0
2019-06-19 00:00:00+09:00,3005.0,3060.0,2985.0,3000.0,100974,0.0,0.0
2019-06-20 00:00:00+09:00,3000.0,3100.0,2990.0,3095.0,124424,0.0,0.0
2019-06-21 00:00:00+09:00,3095.0,3140.0,3065.0,3115.0,122526,0.0,0.0
2019-06-24 00:00:00+09:00,3110.0,3135.0,3070.0,3100.0,34506,0.0,0.0
2019-06-25 00:00:00+09:00,3105.0,3125.0,3035.0,3040.0,51236,0.0,0.0
2019-06-26 00:00:00+09:00,3045.0,3055.0,3005.0,3020.0,32028,0.0,0.0
2019-06-27 00:00:00+09:00,3020.0,3080.0,3020.0,3075.0,46790,0.0,0.0
2019-06-28 00:00:00+09:00,3080.0,3080.0,2980.0,3025.0,82762,0.0,0.0
2019-07-01 00:00:00+09:00,3050.0,3110.0,3005.0,3110.0,100256,0.0,0.0
2019-07-02 00:00:00+09:00,3090.0,3230.0,3090.0,3170.0,184206,0.0,0.0
2019-07-03 00:00:00+09:00,3135.0,3200.0,3135.0,3200.0,66452,0.0,0.0
2019-07-04 00:00:00+09:00,3210.0,3210.0,3100.0,3140.0,103162,0.0,0.0
2019-07-05 00:00:00+09:00,3145.0,3150.0,3095.0,3110.0,53904,0.0,0.0
2019-07-08 00:00:00+09:00,3100.0,3150.0,2855.0,2865.0,257848,0.0,0.0
2019-07-09 00:00:00+09:00,2860.0,2890.0,2765.0,2845.0,127208,0.0,0.0
2019-07-10 00:00:00+09:00,2855.0,2880.0,2745.0,2835.0,67308,0.0,0.0
2019-07-11 00:00:00+09:00,2820.0,3065.0,2820.0,2975.0,301990,0.0,0.0
2019-07-12 00:00:00+09:00,3005.0,3005.0,2915.0,2975.0,61756,0.0,0.0
2019-07-15 00:00:00+09:00,2990.0,2990.0,2925.0,2945.0,24602,0.0,0.0
2019-07-16 00:00:00+09:00,2935.0,3010.0,2935.0,2985.0,58104,0.0,0.0
2019-07-17 00:00:00+09:00,2975.0,2975.0,2865.0,2915.0,91970,0.0,0.0
2019-07-18 00:00:00+09:00,2940.0,2975.0,2895.0,2970.0,40066,0.0,0.0
2019-07-19 00:00:00+09:00,2990.0,3000.0,2945.0,2980.0,32018,0.0,0.0
2019-07-22 00:00:00+09:00,2980.0,3040.0,2915.0,3005.0,47210,0.0,0.0
2019-07-23 00:00:00+09:00,2975.0,3035.0,2965.0,3000.0,32192,0.0,0.0
2019-07-24 00:00:00+09:00,2970.0,3000.0,2880.0,2935.0,111992,0.0,0.0
2019-07-25 00:00:00+09:00,2940.0,2940.0,2760.0,2835.0,110172,0.0,0.0
2019-07-26 00:00:00+09:00,2785.0,2840.0,2700.0,2755.0,92132,0.0,0.0
2019-07-29 00:00:00+09:00,2755.0,2775.0,2462.5,2462.5,379908,0.0,0.0
2019-07-30 00:00:00+09:00,2432.5,2487.5,2420.0,2455.0,59530,0.0,0.0
2019-07-31 00:00:00+09:00,2425.0,2570.0,2425.0,2515.0,83390,0.0,0.0
2019-08-01 00:00:00+09:00,2545.0,2585.0,2490.0,2525.0,44844,0.0,0.0
2019-08-02 00:00:00+09:00,2450.0,2570.0,2435.0,2525.0,58242,0.0,0.0
2019-08-05 00:00:00+09:00,2462.5,2480.0,2275.0,2275.0,97196,0.0,0.0
2019-08-06 00:00:00+09:00,2215.0,2300.0,2097.5,2155.0,189556,0.0,0.0
2019-08-07 00:00:00+09:00,2085.0,2215.0,2085.0,2195.0,157194,0.0,0.0
2019-08-08 00:00:00+09:00,2192.5,2262.5,2192.5,2252.5,132604,0.0,0.0
2019-08-09 00:00:00+09:00,2280.0,2337.5,2227.5,2247.5,111956,0.0,0.0
2019-08-12 00:00:00+09:00,2270.0,2302.5,2222.5,2280.0,64054,0.0,0.0
2019-08-13 00:00:00+09:00,2275.0,2275.0,2207.5,2272.5,101104,0.0,0.0
2019-08-14 00:00:00+09:00,2275.0,2390.0,2272.5,2310.0,120736,0.0,0.0
2019-08-16 00:00:00+09:00,2305.0,2305.0,2182.5,2267.5,94060,0.0,0.0
2019-08-19 00:00:00+09:00,2290.0,2315.0,2257.5,2315.0,97990,0.0,0.0
2019-08-20 00:00:00+09:00,2315.0,2375.0,2280.0,2375.0,196818,0.0,0.0
2019-08-21 00:00:00+09:00,2505.0,3085.0,2505.0,2855.0,10006240,0.0,0.0
2019-08-22 00:00:00+09:00,2855.0,2910.0,2750.0,2825.0,1654842,0.0,0.0
2019-08-23 00:00:00+09:00,2790.0,2810.0,2670.0,2740.0,772828,0.0,0.0
2019-08-26 00:00:00+09:00,2635.0,2670.0,2515.0,2555.0,528132,0.0,0.0
2019-08-27 00:00:00+09:00,2585.0,2620.0,2525.0,2565.0,330806,0.0,0.0
2019-08-28 00:00:00+09:00,2600.0,2665.0,2570.0,2580.0,263968,0.0,0.0
2019-08-29 00:00:00+09:00,2580.0,2580.0,2467.5,2480.0,367306,0.0,0.0
2019-08-30 00:00:00+09:00,2500.0,2595.0,2500.0,2590.0,291786,0.0,0.0
2019-09-02 00:00:00+09:00,2600.0,2625.0,2560.0,2585.0,185156,0.0,0.0
2019-09-03 00:00:00+09:00,2600.0,2610.0,2560.0,2570.0,121106,0.0,0.0
2019-09-04 00:00:00+09:00,2570.0,2670.0,2565.0,2650.0,191738,0.0,0.0
2019-09-05 00:00:00+09:00,2650.0,2695.0,2625.0,2650.0,147034,0.0,0.0
2019-09-06 00:00:00+09:00,2665.0,2675.0,2595.0,2595.0,146848,0.0,0.0
2019-09-09 00:00:00+09:00,2615.0,2690.0,2605.0,2605.0,183710,0.0,0.0
2019-09-10 00:00:00+09:00,2620.0,2645.0,2550.0,2580.0,141056,0.0,0.0
2019-09-11 00:00:00+09:00,2575.0,2655.0,2575.0,2630.0,137070,0.0,0.0
2019-09-16 00:00:00+09:00,2630.0,2740.0,2630.0,2740.0,224698,0.0,0.0
2019-09-17 00:00:00+09:00,2745.0,2750.0,2705.0,2725.0,147998,0.0,0.0
2019-09-18 00:00:00+09:00,2735.0,2770.0,2675.0,2770.0,287252,0.0,0.0
2019-09-19 00:00:00+09:00,2800.0,3000.0,2775.0,2855.0,1353802,0.0,0.0
2019-09-20 00:00:00+09:00,2855.0,2890.0,2770.0,2800.0,257928,0.0,0.0
2019-09-23 00:00:00+09:00,2775.0,2815.0,2745.0,2750.0,123978,0.0,0.0
2019-09-24 00:00:00+09:00,2730.0,2820.0,2725.0,2800.0,119198,0.0,0.0
2019-09-25 00:00:00+09:00,2800.0,2800.0,2725.0,2730.0,163334,0.0,0.0
2019-09-26 00:00:00+09:00,2745.0,2775.0,2725.0,2735.0,81446,0.0,0.0
2019-09-27 00:00:00+09:00,2720.0,2755.0,2685.0,2735.0,73138,0.0,0.0
2019-09-30 00:00:00+09:00,2735.0,2755.0,2580.0,2590.0,232182,0.0,0.0
2019-10-01 00:00:00+09:00,2605.0,2685.0,2560.0,2650.0,145058,0.0,0.0
2019-10-02 00:00:00+09:00,2590.0,2645.0,2575.0,2625.0,65806,0.0,0.0
2019-10-04 00:00:00+09:00,2620.0,2645.0,2590.0,2590.0,48190,0.0,0.0
2019-10-07 00:00:00+09:00,2570.0,2615.0,2515.0,2540.0,96888,0.0,0.0
2019-10-08 00:00:00+09:00,2545.0,2675.0,2530.0,2675.0,162012,0.0,0.0
2019-10-10 00:00:00+09:00,2670.0,2725.0,2635.0,2710.0,70992,0.0,0.0
2019-10-11 00:00:00+09:00,2715.0,2715.0,2645.0,2690.0,42230,0.0,0.0
2019-10-14 00:00:00+09:00,2710.0,2835.0,2690.0,2830.0,230038,0.0,0.0
2019-10-15 00:00:00+09:00,2845.0,2865.0,2775.0,2810.0,122040,0.0,0.0
2019-10-16 00:00:00+09:00,2830.0,2850.0,2805.0,2825.0,78776,0.0,0.0
2019-10-17 00:00:00+09:00,2825.0,2860.0,2770.0,2815.0,80298,0.0,0.0
2019-10-18 00:00:00+09:00,2800.0,2845.0,2775.0,2805.0,40238,0.0,0.0
2019-10-21 00:00:00+09:00,2805.0,2810.0,2710.0,2710.0,58836,0.0,0.0
2019-10-22 00:00:00+09:00,2710.0,2735.0,2660.0,2725.0,84376,0.0,0.0
2019-10-23 00:00:00+09:00,2725.0,2750.0,2650.0,2650.0,95326,0.0,0.0
2019-10-24 00:00:00+09:00,2645.0,2645.0,2580.0,2610.0,69382,0.0,0.0
2019-10-25 00:00:00+09:00,2610.0,2760.0,2600.0,2710.0,51600,0.0,0.0
2019-10-28 00:00:00+09:00,2730.0,2795.0,2695.0,2755.0,81116,0.0,0.0
2019-10-29 00:00:00+09:00,2755.0,2855.0,2715.0,2855.0,374288,0.0,0.0
2019-10-30 00:00:00+09:00,2885.0,2910.0,2775.0,2785.0,291368,0.0,0.0
2019-10-31 00:00:00+09:00,2810.0,2950.0,2790.0,2940.0,402954,0.0,0.0
2019-11-01 00:00:00+09:00,2950.0,2965.0,2855.0,2870.0,196884,0.0,0.0
2019-11-04 00:00:00+09:00,2885.0,2950.0,2840.0,2875.0,186500,0.0,0.0
2019-11-05 00:00:00+09:00,2825.0,2920.0,2825.0,2890.0,107880,0.0,0.0
2019-11-06 00:00:00+09:00,2920.0,2920.0,2850.0,2880.0,81660,0.0,0.0
2019-11-07 00:00:00+09:00,2880.0,2890.0,2815.0,2815.0,79768,0.0,0.0
2019-11-08 00:00:00+09:00,2805.0,2865.0,2800.0,2865.0,55846,0.0,0.0
2019-11-11 00:00:00+09:00,2885.0,2895.0,2770.0,2790.0,79684,0.0,0.0
2019-11-12 00:00:00+09:00,2770.0,2810.0,2770.0,2795.0,40264,0.0,0.0
2019-11-13 00:00:00+09:00,2775.0,2845.0,2725.0,2735.0,67122,0.0,0.0
2019-11-14 00:00:00+09:00,2745.0,2785.0,2715.0,2725.0,80392,0.0,0.0
2019-11-15 00:00:00+09:00,2655.0,2700.0,2525.0,2580.0,437218,0.0,0.0
2019-11-18 00:00:00+09:00,2580.0,2630.0,2570.0,2585.0,102156,0.0,0.0
2019-11-19 00:00:00+09:00,2630.0,2630.0,2480.0,2500.0,200510,0.0,0.0
2019-11-20 00:00:00+09:00,2490.0,2525.0,2375.0,2400.0,149544,0.0,0.0
2019-11-21 00:00:00+09:00,2395.0,2407.5,2290.0,2397.5,124358,0.0,0.0
2019-11-22 00:00:00+09:00,2362.5,2397.5,2242.5,2307.5,216118,0.0,0.0
2019-11-25 00:00:00+09:00,2310.0,2370.0,2310.0,2370.0,68422,0.0,0.0
2019-11-26 00:00:00+09:00,2347.5,2422.5,2347.5,2395.0,101282,0.0,0.0
2019-11-27 00:00:00+09:00,2367.5,2410.0,2345.0,2387.5,36612,0.0,0.0
2019-11-28 00:00:00+09:00,2387.5,2395.0,2350.0,2385.0,93348,0.0,0.0
2019-11-29 00:00:00+09:00,2395.0,2407.5,2325.0,2340.0,127284,0.0,0.0
2019-12-02 00:00:00+09:00,2350.0,2377.5,2345.0,2365.0,22626,0.0,0.0
2019-12-03 00:00:00+09:00,2365.0,2390.0,2327.5,2390.0,23210,0.0,0.0
2019-12-04 00:00:00+09:00,2385.0,2385.0,2330.0,2355.0,39770,0.0,0.0
2019-12-05 00:00:00+09:00,2355.0,2380.0,2300.0,2315.0,35712,0.0,0.0
2019-12-06 00:00:00+09:00,2315.0,2367.5,2315.0,2350.0,38174,0.0,0.0
2019-12-09 00:00:00+09:00,2340.0,2380.0,2312.5,2367.5,48134,0.0,0.0
2019-12-10 00:00:00+09:00,2367.5,2397.5,2257.5,2300.0,211336,0.0,0.0
2019-12-11 00:00:00+09:00,2282.5,2482.5,2267.5,2437.5,262782,0.0,0.0
2019-12-12 00:00:00+09:00,2432.5,2500.0,2420.0,2497.5,260660,0.0,0.0
2019-12-13 00:00:00+09:00,2500.0,2905.0,2495.0,2815.0,1474588,0.0,0.0
2019-12-16 00:00:00+09:00,2830.0,2935.0,2785.0,2915.0,529634,0.0,0.0
2019-12-17 00:00:00+09:00,2940.0,3000.0,2875.0,2935.0,535034,0.0,0.0
2019-12-18 00:00:00+09:00,2935.0,3010.0,2885.0,2980.0,293464,0.0,0.0
2019-12-19 00:00:00+09:00,2985.0,3030.0,2920.0,2960.0,215634,0.0,0.0
2019-12-20 00:00:00+09:00,3020.0,3100.0,2890.0,3050.0,469524,0.0,0.0
2019-12-23 00:00:00+09:00,3055.0,3075.0,2945.0,3050.0,173356,0.0,0.0
2019-12-24 00:00:00+09:00,3010.0,3115.0,3000.0,3095.0,193698,0.0,0.0
2019-12-26 00:00:00+09:00,3085.0,3225.0,3085.0,3220.0,237300,0.0,0.0
2019-12-27 00:00:00+09:00,3220.0,3305.0,3175.0,3180.0,277332,0.0,0.0
2019-12-30 00:00:00+09:00,3250.0,3295.0,3165.0,3210.0,142118,0.0,0.0
2020-01-02 00:00:00+09:00,3240.0,3245.0,3110.0,3215.0,141446,0.0,0.0
2020-01-03 00:00:00+09:00,3200.0,3275.0,3155.0,3245.0,278390,0.0,0.0
2020-01-06 00:00:00+09:00,3210.0,3410.0,3135.0,3400.0,452652,0.0,0.0
2020-01-07 00:00:00+09:00,3400.0,3440.0,3285.0,3285.0,372160,0.0,0.0
2020-01-08 00:00:00+09:00,3255.0,3285.0,3110.0,3150.0,351996,0.0,0.0
2020-01-09 00:00:00+09:00,3235.0,3370.0,3235.0,3345.0,254528,0.0,0.0
2020-01-10 00:00:00+09:00,3315.0,3765.0,3315.0,3615.0,1394818,0.0,0.0
2020-01-13 00:00:00+09:00,3580.0,3795.0,3580.0,3665.0,759648,0.0,0.0
2020-01-14 00:00:00+09:00,3670.0,3850.0,3525.0,3700.0,495132,0.0,0.0
2020-01-15 00:00:00+09:00,3700.0,3700.0,3495.0,3550.0,397856,0.0,0.0
2020-01-16 00:00:00+09:00,3535.0,3745.0,3505.0,3675.0,256458,0.0,0.0
2020-01-17 00:00:00+09:00,3730.0,3730.0,3615.0,3615.0,140578,0.0,0.0
2020-01-20 00:00:00+09:00,3630.0,3695.0,3500.0,3605.0,270484,0.0,0.0
2020-01-21 00:00:00+09:00,3605.0,3605.0,3430.0,3515.0,307452,0.0,0.0
2020-01-22 00:00:00+09:00,3515.0,3600.0,3470.0,3590.0,157848,0.0,0.0
2020-01-23 00:00:00+09:00,3590.0,3590.0,3505.0,3550.0,57944,0.0,0.0
2020-01-28 00:00:00+09:00,3400.0,3425.0,3165.0,3380.0,297644,0.0,0.0
2020-01-29 00:00:00+09:00,3385.0,3520.0,3385.0,3435.0,198312,0.0,0.0
2020-01-30 00:00:00+09:00,3405.0,3440.0,3200.0,3270.0,312624,0.0,0.0
2020-01-31 00:00:00+09:00,3300.0,3415.0,3180.0,3325.0,155778,0.0,0.0
2020-02-03 00:00:00+09:00,3285.0,3285.0,3020.0,3190.0,307040,0.0,0.0
2020-02-04 00:00:00+09:00,3165.0,3395.0,3155.0,3320.0,103530,0.0,0.0
2020-02-05 00:00:00+09:00,3320.0,3475.0,3320.0,3365.0,152792,0.0,0.0
2020-02-06 00:00:00+09:00,3395.0,3575.0,3360.0,3560.0,220876,0.0,0.0
2020-02-07 00:00:00+09:00,3595.0,3595.0,3455.0,3515.0,94458,0.0,0.0
2020-02-10 00:00:00+09:00,3520.0,3520.0,3365.0,3450.0,122514,0.0,0.0
2020-02-11 00:00:00+09:00,3450.0,3480.0,3380.0,3430.0,115622,0.0,0.0
2020-02-12 00:00:00+09:00,3430.0,3445.0,3325.0,3390.0,95666,0.0,0.0
2020-02-13 00:00:00+09:00,3420.0,3550.0,3390.0,3475.0,143962,0.0,0.0
2020-02-14 00:00:00+09:00,3475.0,3540.0,3370.0,3470.0,138456,0.0,0.0
2020-02-17 00:00:00+09:00,3435.0,3470.0,3375.0,3445.0,113946,0.0,0.0
2020-02-18 00:00:00+09:00,3445.0,3465.0,3300.0,3335.0,111466,0.0,0.0
2020-02-19 00:00:00+09:00,3335.0,3385.0,3195.0,3290.0,128566,0.0,0.0
2020-02-20 00:00:00+09:00,3340.0,3495.0,3305.0,3395.0,381034,0.0,0.0
2020-02-21 00:00:00+09:00,3305.0,3395.0,3210.0,3260.0,161034,0.0,0.0
2020-02-24 00:00:00+09:00,3170.0,3240.0,3010.0,3115.0,258440,0.0,0.0
2020-02-25 00:00:00+09:00,3115.0,3200.0,3035.0,3175.0,209210,0.0,0.0
2020-02-26 00:00:00+09:00,3080.0,3155.0,3025.0,3145.0,122742,0.0,0.0
2020-02-27 00:00:00+09:00,3145.0,3155.0,2805.0,2865.0,459500,0.0,0.0
2020-02-28 00:00:00+09:00,2805.0,2830.0,2625.0,2680.0,307788,0.0,0.0
2020-03-02 00:00:00+09:00,2650.0,2800.0,2640.0,2775.0,136352,0.0,0.0
2020-03-03 00:00:00+09:00,2820.0,2935.0,2760.0,2875.0,124726,0.0,0.0
2020-03-04 00:00:00+09:00,2870.0,2945.0,2845.0,2930.0,55960,0.0,0.0
2020-03-05 00:00:00+09:00,2960.0,2960.0,2880.0,2920.0,42396,0.0,0.0
2020-03-06 00:00:00+09:00,2900.0,2970.0,2830.0,2945.0,163948,0.0,0.0
2020-03-09 00:00:00+09:00,2940.0,2940.0,2720.0,2790.0,188558,0.0,0.0
2020-03-10 00:00:00+09:00,2790.0,2815.0,2640.0,2805.0,132184,0.0,0.0
2020-03-11 00:00:00+09:00,2800.0,2805.0,2580.0,2610.0,154036,0.0,0.0
2020-03-12 00:00:00+09:00,2560.0,2610.0,2400.0,2432.5,305806,0.0,0.0
2020-03-13 00:00:00+09:00,2267.5,2437.5,2050.0,2395.0,485654,0.0,0.0
2020-03-16 00:00:00+09:00,2357.5,2447.5,2205.0,2222.5,326250,0.0,0.0
2020-03-17 00:00:00+09:00,2025.0,2267.5,2025.0,2180.0,157544,0.0,0.0
2020-03-18 00:00:00+09:00,2182.5,2337.5,2010.0,2025.0,259652,0.0,0.0
2020-03-19 00:00:00+09:00,2000.0,2087.5,1650.0,1750.0,533398,0.0,0.0
2020-03-20 00:00:00+09:00,1750.0,1987.5,1750.0,1980.0,442474,0.0,0.0
2020-03-23 00:00:00+09:00,1787.5,1915.0,1772.5,1815.0,489732,0.0,0.0
2020-03-24 00:00:00+09:00,1865.0,1965.0,1860.0,1950.0,64108,0.0,0.0
2020-03-25 00:00:00+09:00,2077.5,2112.5,2017.5,2075.0,196158,0.0,0.0
2020-03-26 00:00:00+09:00,2057.5,2195.0,2045.0,2147.5,256450,0.0,0.0
2020-03-27 00:00:00+09:00,2180.0,2215.0,2137.5,2180.0,106928,0.0,0.0
2020-03-30 00:00:00+09:00,2082.5,2237.5,2050.0,2187.5,66998,0.0,0.0
2020-03-31 00:00:00+09:00,2195.0,2267.5,2195.0,2250.0,106402,0.0,0.0
2020-04-01 00:00:00+09:00,2255.0,2277.5,2175.0,2177.5,88522,0.0,0.0
2020-04-02 00:00:00+09:00,2177.5,2197.5,2105.0,2170.0,74650,0.0,0.0
2020-04-03 00:00:00+09:00,2155.0,2215.0,2110.0,2170.0,72298,0.0,0.0
2020-04-06 00:00:00+09:00,2170.0,2310.0,2150.0,2290.0,100170,0.0,0.0
2020-04-07 00:00:00+09:00,2327.5,2467.5,2327.5,2380.0,194772,0.0,0.0
2020-04-08 00:00:00+09:00,2380.0,2425.0,2327.5,2425.0,79052,0.0,0.0
2020-04-09 00:00:00+09:00,2442.5,2492.5,2435.0,2475.0,76494,0.0,0.0
2020-04-10 00:00:00+09:00,2482.5,2482.5,2400.0,2432.5,119918,0.0,0.0
2020-04-13 00:00:00+09:00,2485.0,2485.0,2352.5,2372.5,103500,0.0,0.0
2020-04-14 00:00:00+09:00,2357.5,2410.0,2357.5,2387.5,169676,0.0,0.0
2020-04-16 00:00:00+09:00,2397.5,2417.5,2362.5,2390.0,134788,0.0,0.0
2020-04-17 00:00:00+09:00,2395.0,2555.0,2395.0,2525.0,196410,0.0,0.0
2020-04-20 00:00:00+09:00,2525.0,2595.0,2490.0,2595.0,99254,0.0,0.0
2020-04-21 00:00:00+09:00,2580.0,2635.0,2490.0,2570.0,199752,0.0,0.0
2020-04-22 00:00:00+09:00,2505.0,2615.0,2497.5,2550.0,74742,0.0,0.0
2020-04-23 00:00:00+09:00,2560.0,2615.0,2520.0,2560.0,72428,0.0,0.0
2020-04-24 00:00:00+09:00,2570.0,2570.0,2492.5,2550.0,50236,0.0,0.0
2020-04-27 00:00:00+09:00,2550.0,2585.0,2540.0,2550.0,76236,0.0,0.0
2020-04-28 00:00:00+09:00,2580.0,2580.0,2500.0,2540.0,32886,0.0,0.0
2020-04-29 00:00:00+09:00,2540.0,2645.0,2510.0,2610.0,82734,0.0,0.0
2020-05-04 00:00:00+09:00,2590.0,2620.0,2550.0,2560.0,56276,0.0,0.0
2020-05-06 00:00:00+09:00,2560.0,2665.0,2560.0,2650.0,70986,0.0,0.0
2020-05-07 00:00:00+09:00,2655.0,2810.0,2655.0,2800.0,112688,0.0,0.0
2020-05-08 00:00:00+09:00,2820.0,3220.0,2790.0,3070.0,1007874,0.0,0.0
2020-05-11 00:00:00+09:00,3075.0,3165.0,2975.0,3005.0,300960,0.0,0.0
2020-05-12 00:00:00+09:00,2985.0,3075.0,2930.0,2970.0,150630,0.0,0.0
2020-05-13 00:00:00+09:00,2940.0,2970.0,2895.0,2935.0,78976,0.0,0.0
2020-05-14 00:00:00+09:00,2925.0,2935.0,2845.0,2875.0,85508,0.0,0.0
2020-05-15 00:00:00+09:00,2880.0,3050.0,2750.0,2885.0,162490,0.0,0.0
2020-05-18 00:00:00+09:00,2925.0,2925.0,2800.0,2850.0,69246,0.0,0.0
2020-05-19 00:00:00+09:00,2895.0,3140.0,2770.0,2920.0,360018,0.0,0.0
2020-05-20 00:00:00+09:00,2895.0,3025.0,2895.0,3000.0,141258,0.0,0.0
2020-05-21 00:00:00+09:00,3045.0,3130.0,3015.0,3065.0,227534,0.0,0.0
2020-05-22 00:00:00+09:00,3070.0,3085.0,2925.0,2980.0,176842,0.0,0.0
2020-05-25 00:00:00+09:00,2990.0,3020.0,2920.0,2930.0,91000,0.0,0.0
2020-05-26 00:00:00+09:00,2960.0,2990.0,2900.0,2950.0,153930,0.0,0.0
2020-05-27 00:00:00+09:00,2950.0,3375.0,2885.0,3145.0,1247278,0.0,0.0
2020-05-28 00:00:00+09:00,3095.0,3525.0,3070.0,3295.0,3174582,0.0,0.0
2020-05-29 00:00:00+09:00,3325.0,3590.0,3215.0,3375.0,2284954,0.0,0.0
2020-06-01 00:00:00+09:00,3300.0,3310.0,3195.0,3285.0,544468,0.0,0.0
2020-06-02 00:00:00+09:00,3315.0,3365.0,3225.0,3285.0,415088,0.0,0.0
2020-06-03 00:00:00+09:00,3265.0,3300.0,3250.0,3255.0,319506,0.0,0.0
2020-06-04 00:00:00+09:00,3255.0,3370.0,3255.0,3350.0,400678,0.0,0.0
2020-06-05 00:00:00+09:00,3400.0,3400.0,3280.0,3325.0,291944,0.0,0.0
2020-06-08 00:00:00+09:00,3325.0,3375.0,3305.0,3325.0,150168,0.0,0.0
2020-06-09 00:00:00+09:00,3305.0,3345.0,3250.0,3275.0,171816,0.0,0.0
2020-06-10 00:00:00+09:00,3265.0,3330.0,3265.0,3315.0,45316,0.0,0.0
2020-06-11 00:00:00+09:00,3310.0,3365.0,3255.0,3265.0,224512,0.0,0.0
2020-06-12 00:00:00+09:00,3055.0,3235.0,3055.0,3165.0,281384,0.0,0.0
2020-06-15 00:00:00+09:00,3315.0,3315.0,2905.0,2905.0,316298,0.0,0.0
2020-06-16 00:00:00+09:00,3000.0,3115.0,3000.0,3075.0,141110,0.0,0.0
2020-06-17 00:00:00+09:00,3075.0,3100.0,2950.0,3090.0,109140,0.0,0.0
2020-06-18 00:00:00+09:00,3050.0,3140.0,3050.0,3070.0,114572,0.0,0.0
2020-06-19 00:00:00+09:00,3120.0,3120.0,3020.0,3085.0,114990,0.0,0.0
2020-06-22 00:00:00+09:00,3085.0,3085.0,3000.0,3045.0,100952,0.0,0.0
2020-06-23 00:00:00+09:00,3065.0,3150.0,3025.0,3035.0,142520,0.0,0.0
2020-06-24 00:00:00+09:00,3065.0,3945.0,3065.0,3665.0,9393494,0.0,0.0
2020-06-25 00:00:00+09:00,3620.0,3705.0,3430.0,3705.0,1629176,0.0,0.0
2020-06-26 00:00:00+09:00,3655.0,3720.0,3505.0,3505.0,976722,0.0,0.0
2020-06-29 00:00:00+09:00,3445.0,3445.0,3330.0,3390.0,548330,0.0,0.0
2020-06-30 00:00:00+09:00,3405.0,3530.0,3305.0,3530.0,549518,0.0,0.0
2020-07-01 00:00:00+09:00,3530.0,3640.0,3375.0,3465.0,558900,0.0,0.0
2020-07-02 00:00:00+09:00,3505.0,3785.0,3495.0,3765.0,1350936,0.0,0.0
2020-07-03 00:00:00+09:00,3775.0,3830.0,3650.0,3765.0,684904,0.0,0.0
2020-07-06 00:00:00+09:00,3730.0,3810.0,3700.0,3755.0,365030,0.0,0.0
2020-07-07 00:00:00+09:00,3805.0,3815.0,3585.0,3650.0,438040,0.0,0.0
2020-07-08 00:00:00+09:00,3650.0,3770.0,3600.0,3760.0,308688,0.0,0.0
2020-07-09 00:00:00+09:00,3775.0,4095.0,3775.0,4065.0,1358576,0.0,0.0
2020-07-10 00:00:00+09:00,4030.0,4065.0,3850.0,3895.0,613544,0.0,0.0
2020-07-13 00:00:00+09:00,3955.0,4050.0,3915.0,3950.0,291708,0.0,0.0
2020-07-14 00:00:00+09:00,3935.0,3935.0,3810.0,3850.0,372772,0.0,0.0
2020-07-15 00:00:00+09:00,3860.0,3925.0,3770.0,3835.0,395342,0.0,0.0
2020-07-16 00:00:00+09:00,3865.0,3900.0,3680.0,3700.0,381852,0.0,0.0
2020-07-17 00:00:00+09:00,3665.0,3790.0,3665.0,3780.0,239178,0.0,0.0
2020-07-20 00:00:00+09:00,3815.0,3815.0,3670.0,3720.0,240918,0.0,0.0
2020-07-21 00:00:00+09:00,3775.0,3880.0,3740.0,3850.0,254412,0.0,0.0
2020-07-22 00:00:00+09:00,3850.0,3865.0,3765.0,3810.0,134074,0.0,0.0
2020-07-23 00:00:00+09:00,3830.0,3830.0,3740.0,3755.0,169026,0.0,0.0
2020-07-24 00:00:00+09:00,3700.0,3755.0,3580.0,3650.0,360496,0.0,0.0
2020-07-27 00:00:00+09:00,3710.0,3740.0,3675.0,3730.0,127098,0.0,0.0
2020-07-28 00:00:00+09:00,3760.0,3800.0,3705.0,3765.0,155304,0.0,0.0
2020-07-29 00:00:00+09:00,3770.0,3900.0,3725.0,3825.0,286552,0.0,0.0
2020-07-30 00:00:00+09:00,4075.0,4085.0,3860.0,3950.0,725200,0.0,0.0
2020-07-31 00:00:00+09:00,3900.0,3930.0,3815.0,3820.0,232714,0.0,0.0
2020-08-03 00:00:00+09:00,3820.0,4045.0,3820.0,4035.0,399428,0.0,0.0
2020-08-04 00:00:00+09:00,4055.0,4055.0,3950.0,4000.0,257356,0.0,0.0
2020-08-05 00:00:00+09:00,4000.0,4025.0,3945.0,3970.0,382226,0.0,0.0
2020-08-06 00:00:00+09:00,3970.0,4220.0,3955.0,4130.0,600120,0.0,0.0
2020-08-07 00:00:00+09:00,4130.0,4215.0,4050.0,4100.0,308476,0.0,0.0
2020-08-10 00:00:00+09:00,4120.0,4450.0,4100.0,4375.0,787182,0.0,0.0
2020-08-11 00:00:00+09:00,4350.0,4420.0,4215.0,4270.0,341122,0.0,0.0
2020-08-12 00:00:00+09:00,4270.0,4285.0,4040.0,4150.0,422902,0.0,0.0
2020-08-13 00:00:00+09:00,4155.0,4190.0,4115.0,4145.0,167512,0.0,0.0
2020-08-14 00:00:00+09:00,4110.0,4135.0,3935.0,3985.0,341914,0.0,0.0
2020-08-18 00:00:00+09:00,4030.0,4095.0,3705.0,3775.0,454150,0.0,0.0
2020-08-19 00:00:00+09:00,3820.0,4005.0,3755.0,3980.0,259098,0.0,0.0
2020-08-20 00:00:00+09:00,3980.0,4150.0,3685.0,3780.0,676778,0.0,0.0
2020-08-21 00:00:00+09:00,3780.0,3865.0,3660.0,3800.0,437746,0.0,0.0
2020-08-24 00:00:00+09:00,3800.0,3855.0,3700.0,3790.0,186508,0.0,0.0
2020-08-25 00:00:00+09:00,3800.0,3950.0,3800.0,3895.0,212788,0.0,0.0
2020-08-26 00:00:00+09:00,3925.0,4000.0,3775.0,3980.0,283778,0.0,0.0
2020-08-27 00:00:00+09:00,3980.0,4010.0,3900.0,3925.0,252224,0.0,0.0
2020-08-28 00:00:00+09:00,3995.0,4265.0,3985.0,4045.0,772966,0.0,0.0
2020-08-31 00:00:00+09:00,4045.0,4105.0,4025.0,4085.0,216362,0.0,0.0
2020-09-01 00:00:00+09:00,4095.0,4100.0,4010.0,4035.0,137764,0.0,0.0
2020-09-02 00:00:00+09:00,4030.0,4085.0,4015.0,4070.0,143592,0.0,0.0
2020-09-03 00:00:00+09:00,4120.0,4495.0,4120.0,4495.0,1094270,0.0,0.0
2020-09-04 00:00:00+09:00,4250.0,4725.0,4210.0,4615.0,1229642,0.0,0.0
2020-09-07 00:00:00+09:00,4615.0,4620.0,4450.0,4475.0,527908,0.0,0.0
2020-09-08 00:00:00+09:00,4490.0,4725.0,4455.0,4520.0,411932,0.0,0.0
2020-09-09 00:00:00+09:00,4400.0,4475.0,4365.0,4390.0,218134,0.0,0.0
2020-09-10 00:00:00+09:00,4600.0,4845.0,4500.0,4640.0,789686,0.0,0.0
2020-09-11 00:00:00+09:00,4640.0,4770.0,4535.0,4645.0,271768,0.0,0.0
2020-09-14 00:00:00+09:00,4665.0,4690.0,4575.0,4605.0,187490,0.0,0.0
2020-09-15 00:00:00+09:00,4620.0,4660.0,4565.0,4600.0,135048,0.0,0.0
2020-09-16 00:00:00+09:00,4645.0,4645.0,4390.0,4440.0,273102,0.0,0.0
2020-09-17 00:00:00+09:00,4430.0,4470.0,4305.0,4330.0,224172,0.0,0.0
2020-09-18 00:00:00+09:00,4365.0,4365.0,4250.0,4330.0,211460,0.0,0.0
2020-09-21 00:00:00+09:00,4330.0,4475.0,4140.0,4235.0,289070,0.0,0.0
2020-09-22 00:00:00+09:00,4235.0,4250.0,4050.0,4200.0,294608,0.0,0.0
2020-09-23 00:00:00+09:00,4205.0,4220.0,3990.0,4150.0,158938,0.0,0.0
2020-09-24 00:00:00+09:00,4070.0,4125.0,3975.0,4025.0,252646,0.0,0.0
2020-09-25 00:00:00+09:00,4065.0,4100.0,3985.0,4080.0,72680,0.0,0.0
2020-09-28 00:00:00+09:00,4075.0,4300.0,4075.0,4250.0,63448,0.0,0.0
2020-09-29 00:00:00+09:00,4270.0,4345.0,4220.0,4270.0,138140,0.0,0.0
2020-10-05 00:00:00+09:00,4320.0,4320.0,4200.0,4245.0,133446,0.0,0.0
2020-10-06 00:00:00+09:00,4250.0,4525.0,4250.0,4425.0,234464,0.0,0.0
2020-10-07 00:00:00+09:00,4460.0,4600.0,4365.0,4580.0,359456,0.0,0.0
2020-10-08 00:00:00+09:00,4570.0,4615.0,4430.0,4555.0,166606,0.0,0.0
2020-10-12 00:00:00+09:00,4560.0,4600.0,4460.0,4550.0,127512,0.0,0.0
2020-10-13 00:00:00+09:00,4555.0,4555.0,4425.0,4500.0,115392,0.0,0.0
2020-10-14 00:00:00+09:00,4500.0,4500.0,4400.0,4450.0,161312,0.0,0.0
2020-10-15 00:00:00+09:00,4440.0,4440.0,4205.0,4350.0,185300,0.0,0.0
2020-10-16 00:00:00+09:00,4350.0,4365.0,4190.0,4235.0,115388,0.0,0.0
2020-10-19 00:00:00+09:00,4245.0,4290.0,4170.0,4225.0,51394,0.0,0.0
2020-10-20 00:00:00+09:00,4210.0,4215.0,4065.0,4185.0,143196,0.0,0.0
2020-10-21 00:00:00+09:00,4170.0,4200.0,4125.0,4190.0,68728,0.0,0.0
2020-10-22 00:00:00+09:00,4190.0,4190.0,4100.0,4100.0,63356,0.0,0.0
2020-10-23 00:00:00+09:00,4135.0,4135.0,3950.0,4000.0,176982,0.0,0.0
2020-10-26 00:00:00+09:00,3975.0,4015.0,3755.0,3755.0,425432,0.0,0.0
2020-10-27 00:00:00+09:00,3750.0,3835.0,3720.0,3765.0,133718,0.0,0.0
2020-10-28 00:00:00+09:00,3765.0,3860.0,3745.0,3860.0,90906,0.0,0.0
2020-10-29 00:00:00+09:00,3815.0,3875.0,3780.0,3850.0,139306,0.0,0.0
2020-10-30 00:00:00+09:00,3850.0,3965.0,3810.0,3810.0,100694,0.0,0.0
2020-11-02 00:00:00+09:00,3805.0,3890.0,3740.0,3865.0,87912,0.0,0.0
2020-11-03 00:00:00+09:00,3895.0,4075.0,3870.0,4000.0,192050,0.0,0.0
2020-11-04 00:00:00+09:00,4030.0,4245.0,4000.0,4215.0,264776,0.0,0.0
2020-11-05 00:00:00+09:00,4220.0,4280.0,4120.0,4185.0,152774,0.0,0.0
2020-11-06 00:00:00+09:00,4225.0,4295.0,4180.0,4255.0,192916,0.0,0.0
2020-11-09 00:00:00+09:00,4255.0,4495.0,4235.0,4330.0,534672,0.0,0.0
2020-11-10 00:00:00+09:00,4295.0,4340.0,4175.0,4225.0,142824,0.0,0.0
2020-11-11 00:00:00+09:00,4225.0,4245.0,4105.0,4200.0,98338,0.0,0.0
2020-11-12 00:00:00+09:00,4195.0,4215.0,4140.0,4200.0,90220,0.0,0.0
2020-11-13 00:00:00+09:00,4225.0,4230.0,4090.0,4200.0,97234,0.0,0.0
2020-11-16 00:00:00+09:00,4185.0,4415.0,4185.0,4380.0,405494,0.0,0.0
2020-11-17 00:00:00+09:00,4405.0,4440.0,4310.0,4375.0,185836,0.0,0.0
2020-11-18 00:00:00+09:00,4335.0,4335.0,4250.0,4275.0,212188,0.0,0.0
2020-11-19 00:00:00+09:00,4275.0,4400.0,4270.0,4350.0,197306,0.0,0.0
2020-11-20 00:00:00+09:00,4400.0,4570.0,4350.0,4500.0,506430,0.0,0.0
2020-11-23 00:00:00+09:00,4500.0,4515.0,4410.0,4420.0,145256,0.0,0.0
2020-11-24 00:00:00+09:00,4420.0,4625.0,4380.0,4625.0,346688,0.0,0.0
2020-11-25 00:00:00+09:00,4625.0,4675.0,4545.0,4590.0,404824,0.0,0.0
2020-11-26 00:00:00+09:00,4590.0,4640.0,4500.0,4625.0,154234,0.0,0.0
2020-11-27 00:00:00+09:00,4610.0,4610.0,4360.0,4515.0,673678,0.0,0.0
2020-11-30 00:00:00+09:00,4510.0,4540.0,4350.0,4460.0,293796,0.0,0.0
2020-12-01 00:00:00+09:00,4460.0,4580.0,4450.0,4505.0,183934,0.0,0.0
2020-12-02 00:00:00+09:00,4505.0,4600.0,4480.0,4530.0,365264,0.0,0.0
2020-12-03 00:00:00+09:00,4530.0,4590.0,4445.0,4570.0,316624,0.0,0.0
2020-12-04 00:00:00+09:00,4580.0,4700.0,4545.0,4630.0,355328,0.0,0.0
2020-12-07 00:00:00+09:00,4630.0,4675.0,4525.0,4555.0,182762,0.0,0.0
2020-12-08 00:00:00+09:00,4595.0,4955.0,4570.0,4920.0,1171824,0.0,0.0
2020-12-09 00:00:00+09:00,4990.0,5475.0,4980.0,5375.0,1592442,0.0,0.0
2020-12-10 00:00:00+09:00,5625.0,5750.0,5150.0,5625.0,3153656,0.0,0.0
2020-12-11 00:00:00+09:00,5675.0,5900.0,5525.0,5850.0,865726,0.0,0.0
2020-12-14 00:00:00+09:00,5825.0,5925.0,5575.0,5825.0,638626,0.0,0.0
2020-12-15 00:00:00+09:00,5925.0,5950.0,5700.0,5750.0,355364,0.0,0.0
2020-12-16 00:00:00+09:00,5825.0,6125.0,5700.0,6050.0,706086,0.0,0.0
2020-12-17 00:00:00+09:00,6150.0,6525.0,6125.0,6450.0,797316,0.0,0.0
2020-12-18 00:00:00+09:00,6475.0,6475.0,6075.0,6175.0,537710,0.0,0.0
2020-12-21 00:00:00+09:00,6200.0,6250.0,5800.0,5900.0,615808,0.0,0.0
2020-12-22 00:00:00+09:00,5925.0,5975.0,5525.0,5675.0,731400,0.0,0.0
2020-12-23 00:00:00+09:00,6100.0,6500.0,5675.0,5975.0,2174542,0.0,0.0
2020-12-24 00:00:00+09:00,5875.0,6225.0,5875.0,6000.0,591930,0.0,0.0
2020-12-28 00:00:00+09:00,6125.0,6350.0,6025.0,6200.0,995714,0.0,0.0
2020-12-29 00:00:00+09:00,6720.0,7350.0,6610.0,7100.0,656116,0.0,0.0
2020-12-30 00:00:00+09:00,7150.0,7160.0,6870.0,7100.0,491733,0.0,0.0
2021-01-04 00:00:00+09:00,7110.0,7120.0,6840.0,6870.0,335620,0.0,0.0
2021-01-05 00:00:00+09:00,6870.0,6870.0,6600.0,6670.0,256341,0.0,0.0
2021-01-06 00:00:00+09:00,6720.0,6850.0,6540.0,6550.0,226277,0.0,0.0
2021-01-07 00:00:00+09:00,6700.0,6700.0,6390.0,6550.0,213987,0.0,0.0
2021-01-08 00:00:00+09:00,6570.0,6640.0,6290.0,6330.0,291151,0.0,0.0
2021-01-11 00:00:00+09:00,6400.0,6400.0,6000.0,6120.0,233258,0.0,0.0
2021-01-12 00:00:00+09:00,6070.0,6260.0,6000.0,6170.0,149787,0.0,0.0
2021-01-13 00:00:00+09:00,6170.0,6240.0,6050.0,6080.0,91945,0.0,0.0
2021-01-14 00:00:00+09:00,6110.0,6180.0,6050.0,6100.0,87104,0.0,0.0
2021-01-15 00:00:00+09:00,6220.0,6220.0,6060.0,6140.0,167383,0.0,0.0
2021-01-18 00:00:00+09:00,6140.0,6360.0,5950.0,6300.0,259890,0.0,0.0
2021-01-19 00:00:00+09:00,6350.0,6980.0,6330.0,6890.0,621059,0.0,0.0
2021-01-20 00:00:00+09:00,6780.0,6840.0,6460.0,6520.0,427653,0.0,0.0
2021-01-21 00:00:00+09:00,6680.0,6740.0,6480.0,6510.0,163466,0.0,0.0
2021-01-22 00:00:00+09:00,6270.0,6420.0,6170.0,6250.0,974292,0.0,0.0
2021-01-25 00:00:00+09:00,6270.0,6430.0,6020.0,6390.0,604454,0.0,0.0
2021-01-26 00:00:00+09:00,6410.0,7700.0,6350.0,6950.0,5079778,0.0,0.0
2021-01-27 00:00:00+09:00,6910.0,6940.0,6550.0,6610.0,763032,0.0,0.0
2021-01-28 00:00:00+09:00,6410.0,6480.0,6120.0,6150.0,573223,0.0,0.0
2021-01-29 00:00:00+09:00,6210.0,6270.0,5600.0,5900.0,573166,0.0,0.0
2021-02-01 00:00:00+09:00,5670.0,6030.0,5630.0,6030.0,328440,0.0,0.0
2021-02-02 00:00:00+09:00,6040.0,6060.0,5850.0,5920.0,301334,0.0,0.0
2021-02-03 00:00:00+09:00,5970.0,6150.0,5920.0,6070.0,231172,0.0,0.0
2021-02-04 00:00:00+09:00,6170.0,6170.0,5930.0,5950.0,169921,0.0,0.0
2021-02-05 00:00:00+09:00,5960.0,6130.0,5960.0,6040.0,145805,0.0,0.0
2021-02-08 00:00:00+09:00,6040.0,6240.0,5950.0,6220.0,362113,0.0,0.0
2021-02-09 00:00:00+09:00,6300.0,6440.0,6270.0,6350.0,349291,0.0,0.0
2021-02-10 00:00:00+09:00,6360.0,6410.0,6160.0,6300.0,233349,0.0,0.0
2021-02-15 00:00:00+09:00,6370.0,6750.0,6370.0,6620.0,673531,0.0,0.0
2021-02-16 00:00:00+09:00,6620.0,6660.0,6400.0,6550.0,455937,0.0,0.0
2021-02-17 00:00:00+09:00,6550.0,6590.0,6360.0,6430.0,249086,0.0,0.0
2021-02-18 00:00:00+09:00,6430.0,6430.0,6190.0,6220.0,251141,0.0,0.0
2021-02-19 00:00:00+09:00,6180.0,6370.0,6030.0,6310.0,383917,0.0,0.0
2021-02-22 00:00:00+09:00,6350.0,6400.0,6150.0,6240.0,98718,0.0,0.0
2021-02-23 00:00:00+09:00,6150.0,6230.0,6020.0,6110.0,146213,0.0,0.0
2021-02-24 00:00:00+09:00,6090.0,6220.0,5850.0,5890.0,241464,0.0,0.0
2021-02-25 00:00:00+09:00,6040.0,6180.0,5940.0,6140.0,143506,0.0,0.0
2021-02-26 00:00:00+09:00,5950.0,6190.0,5910.0,6020.0,166909,0.0,0.0
2021-03-02 00:00:00+09:00,6070.0,6150.0,5970.0,5970.0,145472,0.0,0.0
2021-03-03 00:00:00+09:00,6040.0,6080.0,5950.0,6000.0,118615,0.0,0.0
2021-03-04 00:00:00+09:00,5920.0,5970.0,5750.0,5850.0,180455,0.0,0.0
2021-03-05 00:00:00+09:00,5820.0,5820.0,5550.0,5630.0,202337,0.0,0.0
2021-03-08 00:00:00+09:00,5710.0,5840.0,5580.0,5650.0,121840,0.0,0.0
2021-03-09 00:00:00+09:00,5650.0,5650.0,5300.0,5570.0,157855,0.0,0.0
2021-03-10 00:00:00+09:00,5700.0,5700.0,5500.0,5520.0,172052,0.0,0.0
2021-03-11 00:00:00+09:00,5570.0,5870.0,5570.0,5850.0,182944,0.0,0.0
2021-03-12 00:00:00+09:00,5990.0,6250.0,5870.0,6180.0,273651,0.0,0.0
2021-03-15 00:00:00+09:00,6200.0,6230.0,6050.0,6100.0,157598,0.0,0.0
2021-03-16 00:00:00+09:00,6110.0,6130.0,6020.0,6090.0,83570,0.0,0.0
2021-03-17 00:00:00+09:00,6090.0,6220.0,5990.0,6220.0,233893,0.0,0.0
2021-03-18 00:00:00+09:00,6400.0,7700.0,6370.0,7400.0,14196060,0.0,0.0
2021-03-19 00:00:00+09:00,7280.0,7630.0,7250.0,7440.0,2600635,0.0,0.0
2021-03-22 00:00:00+09:00,7440.0,7810.0,7440.0,7700.0,2286695,0.0,0.0
2021-03-23 00:00:00+09:00,7730.0,8980.0,7730.0,8200.0,7334896,0.0,0.0
2021-03-24 00:00:00+09:00,8200.0,8780.0,8050.0,8650.0,3501911,0.0,0.0
2021-03-25 00:00:00+09:00,8510.0,8610.0,8160.0,8400.0,1296520,0.0,0.0
2021-03-26 00:00:00+09:00,8360.0,8460.0,7850.0,7880.0,1501290,0.0,0.0
2021-03-29 00:00:00+09:00,7900.0,8080.0,7780.0,8020.0,648595,0.0,0.0
2021-03-30 00:00:00+09:00,7970.0,8120.0,7850.0,8050.0,376135,0.0,0.0
2021-03-31 00:00:00+09:00,8010.0,8010.0,7640.0,7760.0,804931,0.0,0.0
2021-04-01 00:00:00+09:00,7800.0,8570.0,7760.0,8270.0,2358419,0.0,0.0
2021-04-02 00:00:00+09:00,8280.0,8340.0,8050.0,8180.0,644499,0.0,0.0
2021-04-05 00:00:00+09:00,8440.0,8930.0,8260.0,8870.0,3150496,0.0,0.0
2021-04-06 00:00:00+09:00,9050.0,9210.0,8780.0,9120.0,1988240,0.0,0.0
2021-04-07 00:00:00+09:00,9140.0,9370.0,8910.0,9290.0,2250906,0.0,0.0
2021-04-08 00:00:00+09:00,9220.0,9270.0,8810.0,8810.0,941146,0.0,0.0
2021-04-09 00:00:00+09:00,8860.0,9120.0,8690.0,8750.0,718310,0.0,0.0
2021-04-12 00:00:00+09:00,8760.0,8800.0,8460.0,8640.0,525071,0.0,0.0
2021-04-13 00:00:00+09:00,8640.0,8830.0,8500.0,8680.0,398056,0.0,0.0
2021-04-14 00:00:00+09:00,8680.0,8720.0,8410.0,8600.0,373086,0.0,0.0
2021-04-15 00:00:00+09:00,8550.0,8900.0,8500.0,8710.0,367064,0.0,0.0
2021-04-16 00:00:00+09:00,8750.0,8880.0,8610.0,8700.0,349798,0.0,0.0
2021-04-19 00:00:00+09:00,8740.0,9060.0,8640.0,9030.0,685267,0.0,0.0
2021-04-20 00:00:00+09:00,9030.0,9430.0,8980.0,9220.0,1400998,0.0,0.0
2021-04-21 00:00:00+09:00,9300.0,9450.0,9100.0,9220.0,648724,0.0,0.0
2021-04-22 00:00:00+09:00,9310.0,9350.0,9080.0,9140.0,359975,0.0,0.0
2021-04-23 00:00:00+09:00,9150.0,9340.0,8860.0,9230.0,525507,0.0,0.0
2021-04-26 00:00:00+09:00,9320.0,9490.0,8970.0,9000.0,734628,0.0,0.0
2021-04-27 00:00:00+09:00,9130.0,9140.0,8920.0,8990.0,311248,0.0,0.0
2021-04-28 00:00:00+09:00,8990.0,8990.0,8420.0,8490.0,609610,0.0,0.0
2021-04-29 00:00:00+09:00,8450.0,8570.0,8130.0,8250.0,551031,0.0,0.0
2021-04-30 00:00:00+09:00,8200.0,8450.0,8090.0,8200.0,387516,0.0,0.0
2021-05-03 00:00:00+09:00,8100.0,8450.0,8040.0,8120.0,241981,0.0,0.0
2021-05-04 00:00:00+09:00,8270.0,8450.0,8110.0,8450.0,339746,0.0,0.0
2021-05-06 00:00:00+09:00,8240.0,8630.0,8220.0,8540.0,181257,0.0,0.0
2021-05-07 00:00:00+09:00,8540.0,8620.0,8420.0,8460.0,142948,0.0,0.0
2021-05-10 00:00:00+09:00,8480.0,8480.0,8230.0,8250.0,247687,0.0,0.0
2021-05-11 00:00:00+09:00,8160.0,8170.0,7840.0,7910.0,401012,0.0,0.0
2021-05-12 00:00:00+09:00,7840.0,8050.0,7820.0,7940.0,213334,0.0,0.0
2021-05-13 00:00:00+09:00,7790.0,7940.0,7700.0,7790.0,198901,0.0,0.0
2021-05-14 00:00:00+09:00,7890.0,8450.0,7880.0,8440.0,725720,0.0,0.0
2021-05-17 00:00:00+09:00,8460.0,8560.0,8180.0,8310.0,291967,0.0,0.0
2021-05-18 00:00:00+09:00,8310.0,8420.0,8120.0,8360.0,157560,0.0,0.0
2021-05-20 00:00:00+09:00,8290.0,8590.0,8230.0,8410.0,191143,0.0,0.0
2021-05-21 00:00:00+09:00,8550.0,8590.0,8260.0,8380.0,138543,0.0,0.0
2021-05-24 00:00:00+09:00,8410.0,8410.0,8000.0,8020.0,151066,0.0,0.0
2021-05-25 00:00:00+09:00,8170.0,8340.0,8080.0,8130.0,126587,0.0,0.0
2021-05-26 00:00:00+09:00,8210.0,8210.0,8040.0,8100.0,83724,0.0,0.0
2021-05-27 00:00:00+09:00,8200.0,8200.0,8020.0,8160.0,145755,0.0,0.0
2021-05-28 00:00:00+09:00,8160.0,8270.0,8100.0,8140.0,91896,0.0,0.0
2021-05-31 00:00:00+09:00,8140.0,8300.0,8090.0,8250.0,120390,0.0,0.0
2021-06-01 00:00:00+09:00,8330.0,8440.0,8220.0,8330.0,198739,0.0,0.0
2021-06-02 00:00:00+09:00,8330.0,8570.0,8330.0,8550.0,350897,0.0,0.0
2021-06-03 00:00:00+09:00,8590.0,8830.0,8510.0,8740.0,356055,0.0,0.0
2021-06-04 00:00:00+09:00,8850.0,8850.0,8580.0,8600.0,362809,0.0,0.0
2021-06-07 00:00:00+09:00,8690.0,8740.0,8520.0,8530.0,222585,0.0,0.0
2021-06-08 00:00:00+09:00,8460.0,8530.0,8340.0,8440.0,204146,0.0,0.0
2021-06-09 00:00:00+09:00,8500.0,8630.0,8250.0,8340.0,237690,0.0,0.0
2021-06-10 00:00:00+09:00,8300.0,8630.0,8290.0,8610.0,266796,0.0,0.0
2021-06-11 00:00:00+09:00,8640.0,9250.0,8620.0,9190.0,1173583,0.0,0.0
2021-06-14 00:00:00+09:00,9210.0,9360.0,8950.0,9230.0,690108,0.0,0.0
2021-06-15 00:00:00+09:00,9170.0,9540.0,9140.0,9190.0,673479,0.0,0.0
2021-06-16 00:00:00+09:00,9220.0,9400.0,9130.0,9190.0,266408,0.0,0.0
2021-06-17 00:00:00+09:00,9150.0,9980.0,9020.0,9580.0,1616374,0.0,0.0
2021-06-18 00:00:00+09:00,9700.0,9750.0,9400.0,9700.0,744479,0.0,0.0
2021-06-21 00:00:00+09:00,9650.0,9790.0,9450.0,9760.0,762898,0.0,0.0
2021-06-22 00:00:00+09:00,9820.0,9860.0,9390.0,9470.0,942285,0.0,0.0
2021-06-23 00:00:00+09:00,9640.0,9660.0,9350.0,9400.0,389465,0.0,0.0
2021-06-24 00:00:00+09:00,9500.0,9500.0,9220.0,9240.0,297963,0.0,0.0
2021-06-25 00:00:00+09:00,9240.0,9530.0,9240.0,9340.0,230298,0.0,0.0
2021-06-28 00:00:00+09:00,9530.0,9530.0,9300.0,9390.0,161119,0.0,0.0
2021-06-29 00:00:00+09:00,9750.0,9910.0,9350.0,9360.0,948625,0.0,0.0
2021-06-30 00:00:00+09:00,9420.0,9660.0,9380.0,9490.0,453030,0.0,0.0
2021-07-01 00:00:00+09:00,9590.0,9620.0,9400.0,9540.0,244672,0.0,0.0
2021-08-11 00:00:00+09:00,10700.0,11700.0,9830.0,9920.0,4645887,0.0,0.0
2021-08-12 00:00:00+09:00,10000.0,10150.0,9500.0,10150.0,1071544,0.0,0.0
2021-08-13 00:00:00+09:00,10000.0,10150.0,9600.0,9830.0,609917,0.0,0.0
2021-08-17 00:00:00+09:00,9810.0,9810.0,9400.0,9520.0,445025,0.0,0.0
2021-08-18 00:00:00+09:00,9480.0,9550.0,9160.0,9330.0,563438,0.0,0.0
2021-08-19 00:00:00+09:00,9300.0,9300.0,8380.0,8720.0,1065751,0.0,0.0
2021-08-20 00:00:00+09:00,8900.0,8920.0,8480.0,8700.0,417381,0.0,0.0
2021-08-23 00:00:00+09:00,8810.0,9140.0,8810.0,9090.0,237103,0.0,0.0
2021-08-24 00:00:00+09:00,9230.0,9460.0,9090.0,9290.0,202546,0.0,0.0
2021-08-25 00:00:00+09:00,9340.0,9850.0,9340.0,9770.0,711629,0.0,0.0
2021-08-26 00:00:00+09:00,9860.0,10150.0,9710.0,9770.0,458619,0.0,0.0
2021-08-27 00:00:00+09:00,9910.0,10250.0,9780.0,10050.0,517344,0.0,0.0
2021-08-30 00:00:00+09:00,10150.0,10200.0,9810.0,9890.0,248606,0.0,0.0
2021-08-31 00:00:00+09:00,9820.0,9890.0,9550.0,9870.0,236612,0.0,0.0
2021-09-01 00:00:00+09:00,9770.0,10200.0,9730.0,10200.0,294796,0.0,0.0
2021-09-02 00:00:00+09:00,10200.0,10200.0,9910.0,9940.0,179160,0.0,0.0
2021-09-03 00:00:00+09:00,9940.0,10000.0,9710.0,9890.0,189152,0.0,0.0
2021-09-06 00:00:00+09:00,9890.0,10150.0,9800.0,10000.0,257962,0.0,0.0
2021-09-07 00:00:00+09:00,10000.0,10000.0,9790.0,9960.0,167357,0.0,0.0
2021-09-08 00:00:00+09:00,9870.0,9950.0,9750.0,9900.0,173184,0.0,0.0
2021-09-09 00:00:00+09:00,9750.0,9880.0,9500.0,9500.0,308683,0.0,0.0
2021-09-10 00:00:00+09:00,9450.0,9620.0,9280.0,9490.0,157213,0.0,0.0
2021-09-13 00:00:00+09:00,9430.0,9490.0,9170.0,9270.0,155076,0.0,0.0
2021-09-14 00:00:00+09:00,9280.0,9660.0,9210.0,9630.0,122310,0.0,0.0
2021-09-15 00:00:00+09:00,9560.0,9640.0,9460.0,9510.0,76024,0.0,0.0
2021-09-16 00:00:00+09:00,9500.0,9580.0,9130.0,9190.0,303699,0.0,0.0
2021-09-17 00:00:00+09:00,9130.0,9470.0,9040.0,9440.0,143584,0.0,0.0
2021-09-23 00:00:00+09:00,9420.0,9420.0,8950.0,9080.0,180999,0.0,0.0
2021-09-24 00:00:00+09:00,9130.0,9240.0,9020.0,9120.0,110839,0.0,0.0
2021-09-27 00:00:00+09:00,9120.0,9160.0,8960.0,9010.0,59657,0.0,0.0
2021-09-28 00:00:00+09:00,8950.0,9160.0,8740.0,8780.0,100799,0.0,0.0
2021-09-29 00:00:00+09:00,8510.0,8800.0,8480.0,8800.0,286679,0.0,0.0
2021-09-30 00:00:00+09:00,8780.0,8780.0,8500.0,8710.0,102280,0.0,0.0
2021-10-01 00:00:00+09:00,8700.0,8780.0,8280.0,8390.0,231527,0.0,0.0
2021-10-05 00:00:00+09:00,8100.0,8450.0,7810.0,8340.0,299839,0.0,0.0
2021-10-06 00:00:00+09:00,8510.0,8550.0,7940.0,8050.0,197999,0.0,0.0
2021-10-07 00:00:00+09:00,8250.0,8540.0,8130.0,8450.0,252395,0.0,0.0
2021-10-08 00:00:00+09:00,8570.0,8570.0,8270.0,8440.0,94419,0.0,0.0
2021-10-12 00:00:00+09:00,8440.0,8440.0,8190.0,8400.0,68819,0.0,0.0
2021-10-13 00:00:00+09:00,8390.0,8560.0,8360.0,8440.0,80451,0.0,0.0
2021-10-14 00:00:00+09:00,8450.0,9000.0,8450.0,8770.0,220764,0.0,0.0
2021-10-15 00:00:00+09:00,8960.0,9000.0,8700.0,8820.0,112625,0.0,0.0
2021-10-18 00:00:00+09:00,8820.0,8940.0,8670.0,8900.0,97303,0.0,0.0
2021-10-19 00:00:00+09:00,8900.0,8960.0,8260.0,8500.0,517042,0.0,0.0
2021-10-20 00:00:00+09:00,8500.0,8660.0,8360.0,8570.0,214515,0.0,0.0
2021-10-21 00:00:00+09:00,8640.0,8810.0,8500.0,8690.0,136634,0.0,0.0
2021-10-22 00:00:00+09:00,8680.0,8850.0,8560.0,8760.0,142968,0.0,0.0
2021-10-25 00:00:00+09:00,8790.0,8790.0,8560.0,8720.0,49935,0.0,0.0
2021-10-26 00:00:00+09:00,8640.0,8780.0,8600.0,8730.0,103256,0.0,0.0
2021-10-27 00:00:00+09:00,8670.0,8730.0,8440.0,8450.0,112024,0.0,0.0
2021-10-28 00:00:00+09:00,8460.0,9030.0,8410.0,8940.0,516276,0.0,0.0
2021-10-29 00:00:00+09:00,8970.0,8980.0,8580.0,8640.0,185573,0.0,0.0
2021-11-01 00:00:00+09:00,8590.0,8630.0,8310.0,8350.0,162702,0.0,0.0
2021-11-02 00:00:00+09:00,8380.0,8660.0,8380.0,8420.0,150045,0.0,0.0
2021-11-03 00:00:00+09:00,8420.0,8420.0,8180.0,8250.0,178276,0.0,0.0
2021-11-04 00:00:00+09:00,8430.0,8670.0,8280.0,8340.0,244295,0.0,0.0
2021-11-05 00:00:00+09:00,8380.0,8510.0,8280.0,8390.0,155090,0.0,0.0
2021-11-08 00:00:00+09:00,8390.0,8900.0,8260.0,8860.0,554647,0.0,0.0
2021-11-09 00:00:00+09:00,9050.0,9380.0,8700.0,8860.0,677032,0.0,0.0
2021-11-10 00:00:00+09:00,8850.0,9080.0,8660.0,8820.0,615726,0.0,0.0
2021-11-11 00:00:00+09:00,8760.0,8800.0,8560.0,8700.0,214790,0.0,0.0
2021-11-12 00:00:00+09:00,8660.0,8960.0,8650.0,8960.0,254887,0.0,0.0
2021-11-15 00:00:00+09:00,9240.0,9660.0,9160.0,9450.0,963342,0.0,0.0
2021-11-16 00:00:00+09:00,9650.0,9910.0,9500.0,9810.0,922223,0.0,0.0
2021-11-17 00:00:00+09:00,9810.0,9980.0,9600.0,9870.0,528652,0.0,0.0
2021-11-18 00:00:00+09:00,9870.0,9930.0,9670.0,9690.0,243184,0.0,0.0
2021-11-19 00:00:00+09:00,9870.0,10500.0,9690.0,10250.0,1018563,0.0,0.0
2021-11-22 00:00:00+09:00,10700.0,11200.0,10350.0,10700.0,2050583,0.0,0.0
2021-11-23 00:00:00+09:00,10900.0,11300.0,10500.0,10900.0,1372132,0.0,0.0
2021-11-24 00:00:00+09:00,10900.0,11150.0,10450.0,11100.0,986252,0.0,0.0
2021-11-25 00:00:00+09:00,11150.0,11150.0,10650.0,10800.0,905299,0.0,0.0
2021-11-26 00:00:00+09:00,10900.0,11300.0,10300.0,10900.0,1229961,0.0,0.0
2021-11-29 00:00:00+09:00,10500.0,11500.0,10450.0,11250.0,1140459,0.0,0.0
2021-11-30 00:00:00+09:00,11650.0,12000.0,11000.0,11100.0,1811935,0.0,0.0
2021-12-01 00:00:00+09:00,11200.0,12500.0,11100.0,12400.0,2313733,0.0,0.0
2021-12-02 00:00:00+09:00,12400.0,13400.0,12150.0,12850.0,1957263,0.0,0.0
2021-12-03 00:00:00+09:00,12900.0,13800.0,11900.0,12350.0,5526726,0.0,0.0
2021-12-06 00:00:00+09:00,12250.0,12550.0,11200.0,12000.0,2781100,0.0,0.0
2021-12-07 00:00:00+09:00,11850.0,11850.0,10650.0,10750.0,2468838,0.0,0.0
2021-12-08 00:00:00+09:00,10900.0,11250.0,10350.0,10700.0,2250416,0.0,0.0
2021-12-09 00:00:00+09:00,11050.0,11250.0,10500.0,10800.0,1392289,0.0,0.0
2021-12-10 00:00:00+09:00,10700.0,11500.0,10650.0,11150.0,1224984,0.0,0.0
2021-12-13 00:00:00+09:00,11250.0,12350.0,10900.0,11600.0,2650229,0.0,0.0
2021-12-14 00:00:00+09:00,11350.0,11500.0,10900.0,11150.0,961278,0.0,0.0
2021-12-15 00:00:00+09:00,11200.0,11250.0,10900.0,11150.0,513789,0.0,0.0
2021-12-16 00:00:00+09:00,11350.0,11500.0,10850.0,11100.0,589749,0.0,0.0
2021-12-17 00:00:00+09:00,10900.0,11100.0,10650.0,10850.0,716883,0.0,0.0
2021-12-20 00:00:00+09:00,10850.0,11000.0,10550.0,10600.0,696442,0.0,0.0
2021-12-21 00:00:00+09:00,10800.0,11000.0,10600.0,10900.0,720487,0.0,0.0
2021-12-22 00:00:00+09:00,10750.0,11050.0,10550.0,10550.0,1243423,0.0,0.0
2021-12-23 00:00:00+09:00,10450.0,10750.0,10300.0,10600.0,1010832,0.0,0.0
2021-12-24 00:00:00+09:00,10750.0,10800.0,10500.0,10650.0,551904,0.0,0.0
2021-12-27 00:00:00+09:00,10700.0,10750.0,10450.0,10600.0,511417,0.0,0.0
2021-12-28 00:00:00+09:00,10600.0,11050.0,10550.0,10750.0,922729,0.0,0.0
2021-12-29 00:00:00+09:00,10750.0,10900.0,10550.0,10800.0,569522,0.0,0.0
2021-12-30 00:00:00+09:00,10750.0,10850.0,10450.0,10550.0,1174359,0.0,0.0
2022-01-04 00:00:00+09:00,11400.0,11450.0,11100.0,11250.0,779623,0.0,0.0
2022-01-05 00:00:00+09:00,11250.0,11250.0,10650.0,10750.0,777435,0.0,0.0
2022-01-06 00:00:00+09:00,10450.0,10850.0,10400.0,10700.0,592987,0.0,0.0
2022-01-07 00:00:00+09:00,10750.0,11050.0,10750.0,10900.0,440018,0.0,0.0
2022-01-10 00:00:00+09:00,10850.0,10850.0,10600.0,10800.0,282946,0.0,0.0
2022-01-11 00:00:00+09:00,10750.0,11250.0,10550.0,11000.0,492049,0.0,0.0
2022-01-12 00:00:00+09:00,11150.0,11200.0,10750.0,10850.0,398685,0.0,0.0
2022-01-13 00:00:00+09:00,10900.0,11200.0,10650.0,10900.0,497679,0.0,0.0
2022-01-14 00:00:00+09:00,10800.0,11150.0,10700.0,11000.0,366710,0.0,0.0
2022-01-17 00:00:00+09:00,11150.0,11200.0,10900.0,11000.0,435143,0.0,0.0
2022-01-18 00:00:00+09:00,11100.0,11500.0,10900.0,10950.0,589754,0.0,0.0
2022-01-19 00:00:00+09:00,10800.0,11050.0,10500.0,10650.0,445942,0.0,0.0
2022-01-20 00:00:00+09:00,10650.0,11050.0,10550.0,10950.0,345121,0.0,0.0
2022-01-21 00:00:00+09:00,10700.0,10900.0,10200.0,10500.0,616504,0.0,0.0
2022-01-24 00:00:00+09:00,10250.0,10400.0,10000.0,10150.0,553355,0.0,0.0
2022-01-25 00:00:00+09:00,10300.0,10400.0,9950.0,10250.0,565377,0.0,0.0
2022-01-26 00:00:00+09:00,10250.0,10350.0,9940.0,9940.0,327490,0.0,0.0
2022-01-27 00:00:00+09:00,9930.0,10150.0,9400.0,9430.0,640837,0.0,0.0
2022-01-28 00:00:00+09:00,9430.0,9910.0,9110.0,9800.0,466367,0.0,0.0
2022-02-03 00:00:00+09:00,10000.0,10150.0,9600.0,9640.0,429893,0.0,0.0
2022-02-04 00:00:00+09:00,9620.0,9910.0,9610.0,9810.0,191917,0.0,0.0
2022-02-07 00:00:00+09:00,9810.0,9820.0,9440.0,9550.0,304344,0.0,0.0
2022-02-08 00:00:00+09:00,9630.0,9630.0,9100.0,9270.0,382365,0.0,0.0
2022-02-09 00:00:00+09:00,9380.0,9540.0,9290.0,9460.0,237571,0.0,0.0
2022-02-10 00:00:00+09:00,9550.0,9680.0,9400.0,9460.0,253221,0.0,0.0
2022-02-11 00:00:00+09:00,9330.0,9450.0,9210.0,9250.0,230883,0.0,0.0
2022-02-14 00:00:00+09:00,9070.0,9110.0,8810.0,8890.0,334246,0.0,0.0
2022-02-15 00:00:00+09:00,8860.0,9000.0,8520.0,8690.0,398606,0.0,0.0
2022-02-16 00:00:00+09:00,8960.0,9120.0,8920.0,9090.0,220227,0.0,0.0
2022-02-17 00:00:00+09:00,9150.0,9990.0,9100.0,9380.0,5720806,0.0,0.0
2022-02-18 00:00:00+09:00,9250.0,9620.0,9130.0,9520.0,479955,0.0,0.0
2022-02-21 00:00:00+09:00,9470.0,9570.0,9280.0,9390.0,276360,0.0,0.0
2022-02-22 00:00:00+09:00,9180.0,9370.0,9100.0,9160.0,274853,0.0,0.0
2022-02-23 00:00:00+09:00,9200.0,9360.0,9180.0,9340.0,210288,0.0,0.0
2022-02-24 00:00:00+09:00,9250.0,9410.0,9030.0,9090.0,408557,0.0,0.0
2022-02-25 00:00:00+09:00,9200.0,9340.0,9160.0,9320.0,256400,0.0,0.0
2022-02-28 00:00:00+09:00,10000.0,10600.0,9960.0,10200.0,1682951,0.0,0.0
2022-03-02 00:00:00+09:00,10150.0,10400.0,9990.0,10350.0,547224,0.0,0.0
2022-03-03 00:00:00+09:00,10500.0,10550.0,10050.0,10200.0,362570,0.0,0.0
2022-03-04 00:00:00+09:00,10150.0,10200.0,9990.0,10050.0,282667,0.0,0.0
2022-03-07 00:00:00+09:00,9700.0,9950.0,9590.0,9800.0,650584,0.0,0.0
2022-03-08 00:00:00+09:00,9710.0,9790.0,9490.0,9630.0,293640,0.0,0.0
2022-03-10 00:00:00+09:00,9820.0,10100.0,9790.0,9940.0,233004,0.0,0.0
2022-03-11 00:00:00+09:00,9910.0,9980.0,9780.0,9850.0,183990,0.0,0.0
2022-03-14 00:00:00+09:00,9850.0,9850.0,9430.0,9440.0,280695,0.0,0.0
2022-03-15 00:00:00+09:00,9410.0,9580.0,9310.0,9440.0,132437,0.0,0.0
2022-03-16 00:00:00+09:00,9600.0,9630.0,9440.0,9600.0,138827,0.0,0.0
2022-03-17 00:00:00+09:00,9810.0,10050.0,9770.0,9840.0,324222,0.0,0.0
2022-03-18 00:00:00+09:00,9900.0,10200.0,9830.0,10150.0,388113,0.0,0.0
2022-03-21 00:00:00+09:00,10350.0,10400.0,10000.0,10150.0,550037,0.0,0.0
2022-03-22 00:00:00+09:00,9570.0,9810.0,9500.0,9690.0,1374081,0.0,0.0
2022-03-23 00:00:00+09:00,9640.0,9780.0,9590.0,9680.0,316408,0.0,0.0
2022-03-24 00:00:00+09:00,9620.0,9640.0,9360.0,9380.0,651526,0.0,0.0
2022-03-25 00:00:00+09:00,9330.0,9740.0,9170.0,9660.0,802827,0.0,0.0
2022-03-28 00:00:00+09:00,9680.0,9860.0,9500.0,9780.0,264306,0.0,0.0
2022-03-29 00:00:00+09:00,9780.0,9850.0,9570.0,9630.0,236419,0.0,0.0
2022-03-30 00:00:00+09:00,9680.0,9860.0,9600.0,9690.0,207437,0.0,0.0
2022-03-31 00:00:00+09:00,9590.0,9650.0,9500.0,9600.0,240265,0.0,0.0
2022-04-01 00:00:00+09:00,9560.0,9650.0,9510.0,9610.0,173557,0.0,0.0
2022-04-04 00:00:00+09:00,9650.0,10100.0,9610.0,10000.0,564423,0.0,0.0
2022-04-05 00:00:00+09:00,10000.0,10100.0,9880.0,10100.0,264606,0.0,0.0
2022-04-06 00:00:00+09:00,9880.0,10050.0,9730.0,9800.0,378437,0.0,0.0
2022-04-07 00:00:00+09:00,9980.0,10200.0,9030.0,9370.0,2055103,0.0,0.0
2022-04-08 00:00:00+09:00,9370.0,9630.0,9370.0,9570.0,467695,0.0,0.0
2022-04-11 00:00:00+09:00,9490.0,9650.0,9270.0,9280.0,405040,0.0,0.0
2022-04-12 00:00:00+09:00,9230.0,9440.0,9200.0,9300.0,170627,0.0,0.0
2022-04-13 00:00:00+09:00,9240.0,9510.0,9190.0,9480.0,179249,0.0,0.0
2022-04-14 00:00:00+09:00,9510.0,9520.0,9310.0,9370.0,149500,0.0,0.0
2022-04-15 00:00:00+09:00,9500.0,9600.0,9350.0,9470.0,214217,0.0,0.0
2022-04-18 00:00:00+09:00,9580.0,9650.0,9470.0,9520.0,217961,0.0,0.0
2022-04-19 00:00:00+09:00,9530.0,9820.0,9450.0,9730.0,253857,0.0,0.0
2022-04-20 00:00:00+09:00,9720.0,9810.0,9630.0,9730.0,140404,0.0,0.0
2022-04-21 00:00:00+09:00,9720.0,10050.0,9720.0,10000.0,420437,0.0,0.0
2022-04-22 00:00:00+09:00,9930.0,10100.0,9830.0,10000.0,211079,0.0,0.0
2022-04-25 00:00:00+09:00,9790.0,9910.0,9630.0,9630.0,246009,0.0,0.0
2022-04-26 00:00:00+09:00,9660.0,9730.0,9570.0,9590.0,119171,0.0,0.0
2022-04-27 00:00:00+09:00,9450.0,9540.0,9320.0,9470.0,136118,0.0,0.0
2022-04-28 00:00:00+09:00,9560.0,9590.0,9380.0,9540.0,132881,0.0,0.0
2022-04-29 00:00:00+09:00,9690.0,9730.0,9460.0,9620.0,143184,0.0,0.0
2022-05-03 00:00:00+09:00,9430.0,10050.0,9420.0,9830.0,520979,0.0,0.0
2022-05-04 00:00:00+09:00,9810.0,9900.0,9700.0,9830.0,182866,0.0,0.0
2022-05-06 00:00:00+09:00,9600.0,9690.0,9580.0,9650.0,149361,0.0,0.0
2022-05-10 00:00:00+09:00,9040.0,9370.0,8830.0,9300.0,226723,0.0,0.0
2022-05-11 00:00:00+09:00,9170.0,9290.0,9030.0,9150.0,169642,0.0,0.0
2022-05-12 00:00:00+09:00,9010.0,9070.0,8850.0,8880.0,219359,0.0,0.0
2022-05-13 00:00:00+09:00,8960.0,9310.0,8960.0,9260.0,147316,0.0,0.0
2022-05-16 00:00:00+09:00,9330.0,9430.0,9260.0,9370.0,127536,0.0,0.0
2022-05-17 00:00:00+09:00,9210.0,9580.0,9210.0,9520.0,108154,0.0,0.0
2022-05-18 00:00:00+09:00,9600.0,9900.0,9570.0,9620.0,232399,0.0,0.0
2022-05-19 00:00:00+09:00,9240.0,9810.0,9240.0,9670.0,129992,0.0,0.0
2022-05-20 00:00:00+09:00,9700.0,9750.0,9600.0,9630.0,71866,0.0,0.0
2022-05-23 00:00:00+09:00,9780.0,9780.0,9400.0,9400.0,89899,0.0,0.0
2022-05-24 00:00:00+09:00,9400.0,9490.0,9270.0,9300.0,81945,0.0,0.0
2022-05-25 00:00:00+09:00,9310.0,9400.0,9270.0,9350.0,48712,0.0,0.0
2022-05-26 00:00:00+09:00,9340.0,9500.0,9180.0,9260.0,159245,0.0,0.0
2022-05-27 00:00:00+09:00,9380.0,9380.0,9230.0,9260.0,100403,0.0,0.0
2022-05-30 00:00:00+09:00,9410.0,9540.0,9300.0,9490.0,111004,0.0,0.0
2022-05-31 00:00:00+09:00,9410.0,9510.0,9350.0,9400.0,60757,0.0,0.0
2022-06-02 00:00:00+09:00,9400.0,9400.0,9260.0,9280.0,75648,0.0,0.0
2022-06-03 00:00:00+09:00,9300.0,9390.0,9210.0,9270.0,85398,0.0,0.0
2022-06-07 00:00:00+09:00,9280.0,9600.0,9160.0,9180.0,172458,0.0,0.0
2022-06-08 00:00:00+09:00,9180.0,9320.0,9160.0,9230.0,84772,0.0,0.0
2022-06-09 00:00:00+09:00,9230.0,9230.0,8980.0,9150.0,109168,0.0,0.0
2022-06-10 00:00:00+09:00,9030.0,9100.0,8920.0,8980.0,129668,0.0,0.0
2022-06-13 00:00:00+09:00,8860.0,8950.0,8450.0,8460.0,279772,0.0,0.0
2022-06-14 00:00:00+09:00,8130.0,8580.0,8130.0,8500.0,171565,0.0,0.0
2022-06-15 00:00:00+09:00,8400.0,8530.0,8120.0,8290.0,122444,0.0,0.0
2022-06-16 00:00:00+09:00,8480.0,8680.0,8340.0,8340.0,100763,0.0,0.0
2022-06-17 00:00:00+09:00,8150.0,8220.0,8070.0,8220.0,182117,0.0,0.0
2022-06-20 00:00:00+09:00,8220.0,8220.0,7600.0,7800.0,314236,0.0,0.0
2022-06-21 00:00:00+09:00,7680.0,7910.0,7630.0,7790.0,114797,0.0,0.0
2022-06-22 00:00:00+09:00,7810.0,7830.0,7140.0,7250.0,445668,0.0,0.0
2022-06-23 00:00:00+09:00,7200.0,7380.0,6720.0,6860.0,286072,0.0,0.0
2022-06-24 00:00:00+09:00,6860.0,7350.0,6860.0,7340.0,151541,0.0,0.0
2022-06-27 00:00:00+09:00,7400.0,7660.0,7340.0,7580.0,160716,0.0,0.0
2022-06-28 00:00:00+09:00,7470.0,7580.0,7400.0,7520.0,67002,0.0,0.0
2022-06-29 00:00:00+09:00,7380.0,7380.0,7070.0,7120.0,229749,0.0,0.0
2022-06-30 00:00:00+09:00,7130.0,7270.0,7000.0,7140.0,80202,0.0,0.0
2022-07-01 00:00:00+09:00,7140.0,7250.0,6950.0,6950.0,110766,0.0,0.0
2022-07-04 00:00:00+09:00,6960.0,7050.0,6570.0,6840.0,101363,0.0,0.0
2022-07-05 00:00:00+09:00,6840.0,7100.0,6840.0,7030.0,67361,0.0,0.0
2022-07-06 00:00:00+09:00,7030.0,7250.0,6940.0,6980.0,57300,0.0,0.0
2022-07-07 00:00:00+09:00,7140.0,7220.0,7030.0,7210.0,46029,0.0,0.0
2022-07-08 00:00:00+09:00,7240.0,7370.0,7210.0,7310.0,54458,0.0,0.0
2022-07-11 00:00:00+09:00,7330.0,7400.0,7250.0,7320.0,41784,0.0,0.0
2022-07-12 00:00:00+09:00,7200.0,7200.0,6970.0,7040.0,59979,0.0,0.0
2022-07-13 00:00:00+09:00,7050.0,7110.0,6810.0,6990.0,46047,0.0,0.0
2022-07-14 00:00:00+09:00,7040.0,7040.0,6850.0,6930.0,44234,0.0,0.0
2022-07-15 00:00:00+09:00,6950.0,7030.0,6830.0,6980.0,38743,0.0,0.0
2022-07-18 00:00:00+09:00,7050.0,7280.0,7030.0,7200.0,89029,0.0,0.0
2022-07-19 00:00:00+09:00,7170.0,7170.0,7040.0,7130.0,38059,0.0,0.0
2022-07-20 00:00:00+09:00,7290.0,7330.0,7150.0,7220.0,65323,0.0,0.0
2022-07-21 00:00:00+09:00,7220.0,7410.0,7200.0,7400.0,62877,0.0,0.0
2022-07-22 00:00:00+09:00,7400.0,7470.0,7260.0,7300.0,49846,0.0,0.0
2022-07-25 00:00:00+09:00,7290.0,7340.0,7100.0,7320.0,32436,0.0,0.0
2022-07-26 00:00:00+09:00,7330.0,7340.0,7190.0,7260.0,32429,0.0,0.0
2022-07-27 00:00:00+09:00,7260.0,7370.0,7160.0,7370.0,20569,0.0,0.0
2022-07-28 00:00:00+09:00,7470.0,7760.0,7420.0,7670.0,155182,0.0,0.0
2022-07-29 00:00:00+09:00,7940.0,8060.0,7760.0,7790.0,116914,0.0,0.0
2022-08-01 00:00:00+09:00,7790.0,7990.0,7670.0,7920.0,67725,0.0,0.0
2022-08-02 00:00:00+09:00,7830.0,7920.0,7710.0,7860.0,40297,0.0,0.0
2022-08-03 00:00:00+09:00,7910.0,8050.0,7830.0,8020.0,70666,0.0,0.0
2022-08-04 00:00:00+09:00,8080.0,8630.0,8080.0,8500.0,217978,0.0,0.0
2022-08-05 00:00:00+09:00,8520.0,8720.0,8370.0,8400.0,127111,0.0,0.0
2022-08-08 00:00:00+09:00,8330.0,8370.0,8110.0,8220.0,79250,0.0,0.0
2022-08-09 00:00:00+09:00,8170.0,8230.0,7890.0,8100.0,83671,0.0,0.0
2022-08-10 00:00:00+09:00,7860.0,8050.0,7830.0,7910.0,84309,0.0,0.0
2022-08-11 00:00:00+09:00,7910.0,8060.0,7880.0,7920.0,78886,0.0,0.0
2022-08-12 00:00:00+09:00,7960.0,8060.0,7880.0,7960.0,76631,0.0,0.0
2022-08-16 00:00:00+09:00,8050.0,8260.0,7980.0,8140.0,64688,0.0,0.0
2022-08-17 00:00:00+09:00,8070.0,8280.0,8020.0,8070.0,45315,0.0,0.0
2022-08-18 00:00:00+09:00,8010.0,8250.0,7930.0,8250.0,45580,0.0,0.0
2022-08-19 00:00:00+09:00,8260.0,8440.0,8130.0,8180.0,97366,0.0,0.0
2022-08-22 00:00:00+09:00,8090.0,8090.0,7820.0,7930.0,81235,0.0,0.0
2022-08-23 00:00:00+09:00,7860.0,7860.0,7650.0,7730.0,76782,0.0,0.0
2022-08-24 00:00:00+09:00,7850.0,7850.0,7550.0,7730.0,28971,0.0,0.0
2022-08-25 00:00:00+09:00,7750.0,7920.0,7710.0,7870.0,24874,0.0,0.0
2022-08-26 00:00:00+09:00,8040.0,8070.0,7910.0,7910.0,32267,0.0,0.0
2022-08-29 00:00:00+09:00,7510.0,7730.0,7500.0,7710.0,64349,0.0,0.0
2022-08-30 00:00:00+09:00,7710.0,7840.0,7670.0,7780.0,41504,0.0,0.0
2022-08-31 00:00:00+09:00,7740.0,7940.0,7690.0,7890.0,54414,0.0,0.0
2022-09-01 00:00:00+09:00,7870.0,7870.0,7750.0,7790.0,47523,0.0,0.0
2022-09-02 00:00:00+09:00,7810.0,7890.0,7750.0,7790.0,35238,0.0,0.0
2022-09-05 00:00:00+09:00,7790.0,7940.0,7510.0,7570.0,73844,0.0,0.0
2022-09-06 00:00:00+09:00,7550.0,7700.0,7450.0,7500.0,32712,0.0,0.0
2022-09-07 00:00:00+09:00,7560.0,7560.0,7210.0,7380.0,83569,0.0,0.0
2022-09-08 00:00:00+09:00,7550.0,7550.0,7400.0,7430.0,28136,0.0,0.0
2022-09-13 00:00:00+09:00,7460.0,7800.0,7460.0,7780.0,71767,0.0,0.0
2022-09-14 00:00:00+09:00,7550.0,7750.0,7530.0,7690.0,66115,0.0,0.0
2022-09-15 00:00:00+09:00,7930.0,7930.0,7410.0,7510.0,54673,0.0,0.0
2022-09-16 00:00:00+09:00,7550.0,7550.0,7210.0,7380.0,73541,0.0,0.0
2022-09-19 00:00:00+09:00,7310.0,7490.0,7160.0,7200.0,65575,0.0,0.0
2022-09-20 00:00:00+09:00,7200.0,7350.0,7200.0,7250.0,21957,0.0,0.0
2022-09-21 00:00:00+09:00,7220.0,7310.0,7150.0,7240.0,22195,0.0,0.0
2022-09-22 00:00:00+09:00,7130.0,7220.0,6950.0,7050.0,75669,0.0,0.0
2022-09-23 00:00:00+09:00,7050.0,7050.0,6750.0,6840.0,65754,0.0,0.0
2022-09-26 00:00:00+09:00,6720.0,6990.0,6200.0,6640.0,110411,0.0,0.0
2022-09-27 00:00:00+09:00,6410.0,6700.0,6380.0,6610.0,149124,0.0,0.0
2022-09-28 00:00:00+09:00,6550.0,6560.0,6160.0,6380.0,163564,0.0,0.0
2022-09-29 00:00:00+09:00,6550.0,6560.0,6160.0,6170.0,52155,0.0,0.0
2022-09-30 00:00:00+09:00,5980.0,6180.0,5960.0,6050.0,100330,0.0,0.0
2022-10-04 00:00:00+09:00,6180.0,6350.0,6130.0,6350.0,86435,0.0,0.0
2022-10-05 00:00:00+09:00,6360.0,6500.0,6170.0,6280.0,46211,0.0,0.0
2022-10-06 00:00:00+09:00,6280.0,6560.0,6280.0,6530.0,88689,0.0,0.0
2022-10-07 00:00:00+09:00,6460.0,6730.0,6400.0,6650.0,62219,0.0,0.0
2022-10-11 00:00:00+09:00,6330.0,6420.0,6090.0,6210.0,278406,0.0,0.0
2022-10-12 00:00:00+09:00,6230.0,6310.0,6030.0,6250.0,48139,0.0,0.0
2022-10-13 00:00:00+09:00,6310.0,6310.0,5990.0,6180.0,70761,0.0,0.0
2022-10-14 00:00:00+09:00,6260.0,6410.0,6260.0,6300.0,37026,0.0,0.0
2022-10-17 00:00:00+09:00,6260.0,6440.0,6170.0,6440.0,47739,0.0,0.0
2022-10-18 00:00:00+09:00,6500.0,6550.0,6220.0,6330.0,58108,0.0,0.0
2022-10-19 00:00:00+09:00,6330.0,6340.0,6200.0,6240.0,34836,0.0,0.0
2022-10-20 00:00:00+09:00,6230.0,6260.0,6100.0,6130.0,38888,0.0,0.0
2022-10-21 00:00:00+09:00,6130.0,6200.0,6080.0,6130.0,27102,0.0,0.0
2022-10-24 00:00:00+09:00,6300.0,6340.0,6200.0,6220.0,29022,0.0,0.0
2022-10-25 00:00:00+09:00,6380.0,6730.0,6240.0,6600.0,106676,0.0,0.0
2022-10-26 00:00:00+09:00,6570.0,6750.0,6490.0,6660.0,58357,0.0,0.0
2022-10-27 00:00:00+09:00,6590.0,6940.0,6560.0,6900.0,59887,0.0,0.0
2022-10-28 00:00:00+09:00,6990.0,6990.0,6420.0,6420.0,103648,0.0,0.0
2022-10-31 00:00:00+09:00,6510.0,6660.0,6420.0,6600.0,32476,0.0,0.0
2022-11-01 00:00:00+09:00,6650.0,6780.0,6540.0,6770.0,52435,0.0,0.0
2022-11-02 00:00:00+09:00,6770.0,6830.0,6600.0,6780.0,18909,0.0,0.0
2022-11-03 00:00:00+09:00,6650.0,6820.0,6480.0,6790.0,28557,0.0,0.0
2022-11-04 00:00:00+09:00,6690.0,6880.0,6610.0,6870.0,33070,0.0,0.0
2022-11-07 00:00:00+09:00,6900.0,6950.0,6760.0,6850.0,15956,0.0,0.0
2022-11-08 00:00:00+09:00,6850.0,7130.0,6830.0,7050.0,61486,0.0,0.0
2022-11-09 00:00:00+09:00,7130.0,7130.0,7020.0,7040.0,19032,0.0,0.0
2022-11-10 00:00:00+09:00,7040.0,7090.0,6770.0,7030.0,20176,0.0,0.0
2022-11-11 00:00:00+09:00,7280.0,7460.0,7130.0,7370.0,80053,0.0,0.0
2022-11-14 00:00:00+09:00,7450.0,7450.0,7220.0,7290.0,29503,0.0,0.0
2022-11-15 00:00:00+09:00,7440.0,7630.0,7200.0,7570.0,82087,0.0,0.0
2022-11-16 00:00:00+09:00,7600.0,8200.0,7590.0,8130.0,241704,0.0,0.0
2022-11-17 00:00:00+09:00,8060.0,8110.0,7820.0,7890.0,241277,0.0,0.0
2022-11-18 00:00:00+09:00,7940.0,8030.0,7870.0,7930.0,122611,0.0,0.0
2022-11-21 00:00:00+09:00,7930.0,7930.0,7500.0,7560.0,133960,0.0,0.0
2022-11-22 00:00:00+09:00,7510.0,7570.0,7400.0,7520.0,61763,0.0,0.0
2022-11-23 00:00:00+09:00,7530.0,7950.0,7530.0,7630.0,32713,0.0,0.0
2022-11-24 00:00:00+09:00,7800.0,7890.0,7600.0,7770.0,23321,0.0,0.0
2022-11-25 00:00:00+09:00,7700.0,7890.0,7600.0,7730.0,31989,0.0,0.0
2022-11-28 00:00:00+09:00,7730.0,7730.0,7390.0,7430.0,63063,0.0,0.0
2022-11-29 00:00:00+09:00,7590.0,7590.0,7430.0,7510.0,25467,0.0,0.0
2022-11-30 00:00:00+09:00,7470.0,7590.0,7430.0,7520.0,31764,0.0,0.0
2022-12-01 00:00:00+09:00,7630.0,7770.0,7490.0,7570.0,38392,0.0,0.0
2022-12-02 00:00:00+09:00,7490.0,7530.0,7410.0,7410.0,24562,0.0,0.0
2022-12-05 00:00:00+09:00,7390.0,7580.0,6990.0,7410.0,52080,0.0,0.0
2022-12-06 00:00:00+09:00,7350.0,7490.0,7240.0,7410.0,34631,0.0,0.0
2022-12-07 00:00:00+09:00,7390.0,7530.0,7320.0,7420.0,19054,0.0,0.0
2022-12-08 00:00:00+09:00,7530.0,7530.0,7300.0,7360.0,40460,0.0,0.0
2022-12-09 00:00:00+09:00,7410.0,7500.0,7300.0,7390.0,31888,0.0,0.0
2022-12-12 00:00:00+09:00,7480.0,7480.0,7220.0,7300.0,24216,0.0,0.0
2022-12-13 00:00:00+09:00,7350.0,7360.0,7190.0,7230.0,19830,0.0,0.0
2022-12-14 00:00:00+09:00,7290.0,7320.0,7100.0,7310.0,40080,0.0,0.0
2022-12-15 00:00:00+09:00,7320.0,7320.0,7190.0,7270.0,19686,0.0,0.0
2022-12-16 00:00:00+09:00,7150.0,7280.0,7130.0,7200.0,23681,0.0,0.0
2022-12-19 00:00:00+09:00,7190.0,7210.0,6970.0,7130.0,104572,0.0,0.0
2022-12-20 00:00:00+09:00,7090.0,7100.0,6880.0,6880.0,63824,0.0,0.0
2022-12-21 00:00:00+09:00,7120.0,7120.0,6780.0,6940.0,42811,0.0,0.0
2022-12-22 00:00:00+09:00,6940.0,7050.0,6840.0,7000.0,30461,0.0,0.0
2022-12-23 00:00:00+09:00,6850.0,6850.0,6650.0,6800.0,172778,0.0,0.0
2022-12-26 00:00:00+09:00,6950.0,6980.0,6740.0,6950.0,44620,0.0,0.0
2022-12-27 00:00:00+09:00,6900.0,7070.0,6900.0,7040.0,31484,0.0,0.0
2022-12-28 00:00:00+09:00,7070.0,7070.0,6620.0,6800.0,24798,0.0,0.0
2022-12-29 00:00:00+09:00,6850.0,6850.0,6590.0,6630.0,29823,0.0,0.0
2023-01-02 00:00:00+09:00,6630.0,6850.0,6370.0,6400.0,33697,0.0,0.0
2023-01-03 00:00:00+09:00,6360.0,6640.0,6210.0,6540.0,34637,0.0,0.0
2023-01-04 00:00:00+09:00,6540.0,6850.0,6450.0,6800.0,37004,0.0,0.0
2023-01-05 00:00:00+09:00,6880.0,6880.0,6680.0,6760.0,20352,0.0,0.0
2023-01-06 00:00:00+09:00,6810.0,6980.0,6770.0,6850.0,21780,0.0,0.0
2023-01-09 00:00:00+09:00,6990.0,7190.0,6980.0,7070.0,38437,0.0,0.0
2023-01-10 00:00:00+09:00,7080.0,7310.0,7000.0,7210.0,56383,0.0,0.0
2023-01-11 00:00:00+09:00,7220.0,7530.0,7220.0,7470.0,55684,0.0,0.0
2023-01-12 00:00:00+09:00,7550.0,7570.0,7340.0,7390.0,30781,0.0,0.0
2023-01-13 00:00:00+09:00,7400.0,7490.0,7280.0,7350.0,52515,0.0,0.0
2023-01-16 00:00:00+09:00,7350.0,7480.0,7330.0,7410.0,49399,0.0,0.0
2023-01-17 00:00:00+09:00,7410.0,7610.0,7330.0,7430.0,49950,0.0,0.0
2023-01-18 00:00:00+09:00,7400.0,7490.0,7400.0,7470.0,15138,0.0,0.0
2023-01-19 00:00:00+09:00,7400.0,7600.0,7400.0,7530.0,17610,0.0,0.0
2023-01-20 00:00:00+09:00,7530.0,7600.0,7440.0,7540.0,18905,0.0,0.0
2023-01-25 00:00:00+09:00,7600.0,7890.0,7600.0,7890.0,289770,0.0,0.0
2023-01-26 00:00:00+09:00,7850.0,7970.0,7780.0,7890.0,64507,0.0,0.0
2023-01-27 00:00:00+09:00,7850.0,7880.0,7740.0,7790.0,49231,0.0,0.0
2023-01-30 00:00:00+09:00,7790.0,7790.0,7530.0,7590.0,44333,0.0,0.0
2023-01-31 00:00:00+09:00,7590.0,7700.0,7490.0,7600.0,55277,0.0,0.0
2023-02-01 00:00:00+09:00,7600.0,7660.0,7460.0,7590.0,35297,0.0,0.0
2023-02-02 00:00:00+09:00,7730.0,7850.0,7650.0,7690.0,61087,0.0,0.0
2023-02-03 00:00:00+09:00,7780.0,7800.0,7520.0,7620.0,60856,0.0,0.0
2023-02-06 00:00:00+09:00,7620.0,7620.0,7350.0,7510.0,70477,0.0,0.0
2023-02-07 00:00:00+09:00,7510.0,7630.0,7450.0,7590.0,52785,0.0,0.0
2023-02-08 00:00:00+09:00,7650.0,7830.0,7550.0,7810.0,91554,0.0,0.0
2023-02-09 00:00:00+09:00,7810.0,7900.0,7700.0,7890.0,76692,0.0,0.0
2023-02-10 00:00:00+09:00,7900.0,7900.0,7560.0,7690.0,88689,0.0,0.0
2023-02-13 00:00:00+09:00,7680.0,7680.0,7420.0,7600.0,58471,0.0,0.0
2023-02-14 00:00:00+09:00,7600.0,7900.0,7580.0,7830.0,67840,0.0,0.0
2023-02-15 00:00:00+09:00,7820.0,8020.0,7700.0,7800.0,81672,0.0,0.0
2023-02-16 00:00:00+09:00,7800.0,7960.0,7790.0,7950.0,170073,0.0,0.0
2023-02-17 00:00:00+09:00,7890.0,7890.0,7690.0,7690.0,70024,0.0,0.0
2023-02-20 00:00:00+09:00,7680.0,7720.0,7440.0,7650.0,67028,0.0,0.0
2023-02-21 00:00:00+09:00,7730.0,7730.0,7540.0,7640.0,45049,0.0,0.0
2023-02-22 00:00:00+09:00,7540.0,7600.0,7390.0,7540.0,43552,0.0,0.0
2023-02-23 00:00:00+09:00,7600.0,7680.0,7460.0,7520.0,44271,0.0,0.0
2023-02-24 00:00:00+09:00,7630.0,7730.0,7380.0,7460.0,71280,0.0,0.0
2023-02-27 00:00:00+09:00,7450.0,7450.0,7250.0,7420.0,66043,0.0,0.0
2023-02-28 00:00:00+09:00,7450.0,7570.0,7370.0,7540.0,45160,0.0,0.0
2023-03-02 00:00:00+09:00,7570.0,7590.0,7310.0,7480.0,97475,0.0,0.0
2023-03-03 00:00:00+09:00,7500.0,7770.0,7490.0,7690.0,88995,0.0,0.0
2023-03-06 00:00:00+09:00,7690.0,7750.0,7550.0,7720.0,80311,0.0,0.0
2023-03-07 00:00:00+09:00,7700.0,7740.0,7580.0,7720.0,68627,0.0,0.0
2023-03-08 00:00:00+09:00,7720.0,7740.0,7560.0,7610.0,37884,0.0,0.0
2023-03-09 00:00:00+09:00,7550.0,7610.0,7420.0,7530.0,55706,0.0,0.0
2023-03-10 00:00:00+09:00,7520.0,7520.0,7220.0,7250.0,64203,0.0,0.0
2023-03-13 00:00:00+09:00,7100.0,7340.0,6950.0,7250.0,100151,0.0,0.0
2023-03-14 00:00:00+09:00,7250.0,7250.0,6950.0,6950.0,84622,0.0,0.0
2023-03-15 00:00:00+09:00,7200.0,7200.0,6910.0,7080.0,53081,0.0,0.0
2023-03-16 00:00:00+09:00,6920.0,7320.0,6840.0,7230.0,81390,0.0,0.0
2023-03-17 00:00:00+09:00,7400.0,7840.0,7310.0,7780.0,180503,0.0,0.0
2023-03-20 00:00:00+09:00,7800.0,7940.0,7660.0,7810.0,81705,0.0,0.0
2023-03-21 00:00:00+09:00,6950.0,7240.0,6880.0,6960.0,1130287,0.0,0.0
2023-03-22 00:00:00+09:00,7000.0,7060.0,6590.0,6940.0,418378,0.0,0.0
2023-03-23 00:00:00+09:00,6920.0,7040.0,6770.0,6980.0,197596,0.0,0.0
2023-03-24 00:00:00+09:00,7130.0,7420.0,7090.0,7400.0,312161,0.0,0.0
2023-03-27 00:00:00+09:00,7400.0,7400.0,7090.0,7300.0,111723,0.0,0.0
2023-03-28 00:00:00+09:00,7300.0,7600.0,7210.0,7600.0,139829,0.0,0.0
2023-03-29 00:00:00+09:00,7740.0,7950.0,7500.0,7760.0,266977,0.0,0.0
2023-03-30 00:00:00+09:00,7900.0,8080.0,7630.0,7890.0,309476,0.0,0.0
2023-03-31 00:00:00+09:00,7990.0,7990.0,7570.0,7660.0,150938,0.0,0.0
2023-04-03 00:00:00+09:00,7660.0,7810.0,7590.0,7730.0,125707,0.0,0.0
2023-04-04 00:00:00+09:00,7830.0,7870.0,7600.0,7680.0,127308,0.0,0.0
2023-04-05 00:00:00+09:00,7530.0,7750.0,7530.0,7710.0,51589,0.0,0.0
2023-04-06 00:00:00+09:00,7630.0,7730.0,7490.0,7630.0,109307,0.0,0.0
2023-04-07 00:00:00+09:00,7720.0,8120.0,7640.0,8090.0,276341,0.0,0.0
2023-04-10 00:00:00+09:00,8150.0,8200.0,7850.0,7930.0,173701,0.0,0.0
2023-04-11 00:00:00+09:00,7950.0,8430.0,7920.0,8340.0,253743,0.0,0.0
2023-04-12 00:00:00+09:00,8440.0,8940.0,8240.0,8790.0,386571,0.0,0.0
2023-04-13 00:00:00+09:00,8700.0,9000.0,8540.0,8970.0,223267,0.0,0.0
2023-04-14 00:00:00+09:00,9000.0,9200.0,8700.0,9150.0,217451,0.0,0.0
2023-04-17 00:00:00+09:00,9150.0,9150.0,8750.0,8880.0,174396,0.0,0.0
2023-04-18 00:00:00+09:00,8810.0,8810.0,8430.0,8570.0,152717,0.0,0.0
2023-04-19 00:00:00+09:00,8550.0,8770.0,8400.0,8740.0,121811,0.0,0.0
2023-04-20 00:00:00+09:00,8670.0,8940.0,8490.0,8500.0,175604,0.0,0.0
2023-04-21 00:00:00+09:00,8390.0,8690.0,8330.0,8590.0,98886,0.0,0.0
2023-04-24 00:00:00+09:00,8590.0,8590.0,8210.0,8300.0,66125,0.0,0.0
2023-04-25 00:00:00+09:00,8450.0,8450.0,7970.0,8150.0,66805,0.0,0.0
2023-04-26 00:00:00+09:00,8150.0,8270.0,8010.0,8130.0,50659,0.0,0.0
2023-04-27 00:00:00+09:00,8160.0,8310.0,8020.0,8270.0,54031,0.0,0.0
2023-04-28 00:00:00+09:00,8080.0,8180.0,7830.0,7860.0,181339,0.0,0.0
2023-05-02 00:00:00+09:00,8000.0,8070.0,7800.0,8020.0,45545,0.0,0.0
2023-05-03 00:00:00+09:00,8000.0,8290.0,7890.0,8120.0,69253,0.0,0.0
2023-05-04 00:00:00+09:00,8140.0,8160.0,8010.0,8130.0,42193,0.0,0.0
2023-05-08 00:00:00+09:00,8160.0,8310.0,8160.0,8290.0,43949,0.0,0.0
2023-05-09 00:00:00+09:00,8280.0,8280.0,7940.0,8060.0,67226,0.0,0.0
2023-05-10 00:00:00+09:00,8060.0,8280.0,7880.0,7920.0,39103,0.0,0.0
2023-05-11 00:00:00+09:00,7960.0,8090.0,7880.0,7900.0,36766,0.0,0.0
2023-05-12 00:00:00+09:00,7900.0,8050.0,7890.0,7980.0,51969,0.0,0.0
2023-05-15 00:00:00+09:00,7980.0,7980.0,7750.0,7850.0,47294,0.0,0.0
2023-05-16 00:00:00+09:00,7960.0,8040.0,7700.0,7700.0,87357,0.0,0.0
2023-05-17 00:00:00+09:00,7700.0,7920.0,7690.0,7830.0,78921,0.0,0.0
2023-05-18 00:00:00+09:00,7850.0,8080.0,7830.0,8030.0,52931,0.0,0.0
2023-05-19 00:00:00+09:00,8130.0,8570.0,8050.0,8500.0,170326,0.0,0.0
2023-05-22 00:00:00+09:00,8620.0,8620.0,8330.0,8490.0,50842,0.0,0.0
2023-05-23 00:00:00+09:00,8490.0,8620.0,8350.0,8560.0,63337,0.0,0.0
2023-05-24 00:00:00+09:00,8430.0,8530.0,8390.0,8480.0,60032,0.0,0.0
2023-05-25 00:00:00+09:00,8610.0,8750.0,8490.0,8590.0,92733,0.0,0.0
2023-05-26 00:00:00+09:00,8680.0,8840.0,8600.0,8650.0,121527,0.0,0.0
2023-05-30 00:00:00+09:00,8780.0,8870.0,8690.0,8840.0,114859,0.0,0.0
2023-05-31 00:00:00+09:00,8840.0,8880.0,8700.0,8820.0,86988,0.0,0.0
2023-06-01 00:00:00+09:00,8800.0,8890.0,8700.0,8780.0,48307,0.0,0.0
2023-06-02 00:00:00+09:00,8840.0,8990.0,8720.0,8800.0,74383,0.0,0.0
2023-06-05 00:00:00+09:00,8850.0,8860.0,8660.0,8760.0,67547,0.0,0.0
2023-06-07 00:00:00+09:00,8760.0,8840.0,8610.0,8740.0,51413,0.0,0.0
2023-06-08 00:00:00+09:00,8740.0,8880.0,8600.0,8750.0,54419,0.0,0.0
2023-06-09 00:00:00+09:00,8730.0,8910.0,8700.0,8820.0,73952,0.0,0.0
2023-06-12 00:00:00+09:00,8810.0,8850.0,8650.0,8690.0,79784,0.0,0.0
2023-06-13 00:00:00+09:00,8750.0,8940.0,8750.0,8920.0,114866,0.0,0.0
2023-06-14 00:00:00+09:00,8880.0,9060.0,8710.0,8780.0,69820,0.0,0.0
2023-06-15 00:00:00+09:00,8780.0,9080.0,8780.0,9040.0,110793,0.0,0.0
2023-06-16 00:00:00+09:00,9050.0,9120.0,8960.0,9020.0,63562,0.0,0.0
2023-06-19 00:00:00+09:00,8940.0,9050.0,8800.0,8840.0,70659,0.0,0.0
2023-06-20 00:00:00+09:00,8920.0,9030.0,8700.0,9000.0,80887,0.0,0.0
2023-06-21 00:00:00+09:00,9000.0,9030.0,8810.0,8840.0,35823,0.0,0.0
2023-06-22 00:00:00+09:00,8800.0,8910.0,8740.0,8810.0,46833,0.0,0.0
2023-06-23 00:00:00+09:00,8890.0,9090.0,8810.0,8980.0,68499,0.0,0.0
2023-06-26 00:00:00+09:00,9000.0,9560.0,8950.0,9460.0,363283,0.0,0.0
2023-06-27 00:00:00+09:00,9460.0,9880.0,9360.0,9840.0,343491,0.0,0.0
2023-06-28 00:00:00+09:00,9830.0,10220.0,9790.0,10200.0,366090,0.0,0.0
2023-06-29 00:00:00+09:00,10200.0,10300.0,9940.0,10200.0,179348,0.0,0.0
2023-06-30 00:00:00+09:00,10170.0,10170.0,9890.0,9950.0,141181,0.0,0.0
2023-07-03 00:00:00+09:00,9950.0,10070.0,9810.0,9840.0,118664,0.0,0.0
2023-07-04 00:00:00+09:00,9840.0,9950.0,9720.0,9880.0,84457,0.0,0.0
2023-07-06 00:00:00+09:00,9800.0,9800.0,9300.0,9430.0,132042,0.0,0.0
2023-07-07 00:00:00+09:00,9590.0,9590.0,8980.0,9160.0,207024,0.0,0.0
2023-07-10 00:00:00+09:00,9350.0,9350.0,8900.0,9080.0,177131,0.0,0.0
2023-07-12 00:00:00+09:00,9200.0,9520.0,9190.0,9420.0,137046,0.0,0.0
2023-07-13 00:00:00+09:00,9560.0,9720.0,9320.0,9710.0,152684,0.0,0.0
2023-07-14 00:00:00+09:00,9730.0,10070.0,9550.0,9650.0,232317,0.0,0.0
2023-07-17 00:00:00+09:00,9650.0,9850.0,9500.0,9620.0,131840,0.0,0.0
2023-07-18 00:00:00+09:00,9680.0,9750.0,9520.0,9670.0,42755,0.0,0.0
2023-07-19 00:00:00+09:00,9630.0,9760.0,9330.0,9430.0,88065,0.0,0.0
2023-07-20 00:00:00+09:00,9190.0,9600.0,9190.0,9600.0,145996,0.0,0.0
2023-07-21 00:00:00+09:00,9590.0,9590.0,9200.0,9370.0,70760,0.0,0.0
2023-07-24 00:00:00+09:00,9490.0,9490.0,8940.0,9300.0,165109,0.0,0.0
2023-07-25 00:00:00+09:00,9280.0,9280.0,8890.0,9020.0,129009,0.0,0.0
2023-07-26 00:00:00+09:00,9020.0,9090.0,8580.0,8650.0,157849,0.0,0.0
2023-07-27 00:00:00+09:00,8620.0,9170.0,8620.0,8990.0,92891,0.0,0.0
2023-07-28 00:00:00+09:00,8960.0,9260.0,8950.0,9250.0,62930,0.0,0.0
2023-08-01 00:00:00+09:00,8850.0,9000.0,8780.0,8980.0,43327,0.0,0.0
2023-08-03 00:00:00+09:00,8880.0,8960.0,8610.0,8820.0,56881,0.0,0.0
2023-08-04 00:00:00+09:00,8820.0,8850.0,8700.0,8740.0,25632,0.0,0.0
2023-08-07 00:00:00+09:00,8680.0,8910.0,8570.0,8810.0,42995,0.0,0.0
2023-08-08 00:00:00+09:00,8820.0,8890.0,8620.0,8810.0,46021,0.0,0.0
2023-08-09 00:00:00+09:00,8760.0,9020.0,8600.0,8920.0,46496,0.0,0.0
2023-08-10 00:00:00+09:00,8880.0,9070.0,8660.0,8880.0,42620,0.0,0.0
2023-08-11 00:00:00+09:00,8900.0,8970.0,8750.0,8840.0,83524,0.0,0.0
2023-08-14 00:00:00+09:00,8800.0,8800.0,8570.0,8670.0,55968,0.0,0.0
2023-08-16 00:00:00+09:00,8610.0,8670.0,8100.0,8180.0,196871,0.0,0.0
2023-08-17 00:00:00+09:00,8350.0,8350.0,8000.0,8180.0,53763,0.0,0.0
2023-08-18 00:00:00+09:00,7960.0,8390.0,7960.0,8150.0,79775,0.0,0.0
2023-08-21 00:00:00+09:00,8070.0,8200.0,7990.0,8090.0,50604,0.0,0.0
2023-08-22 00:00:00+09:00,8150.0,8180.0,7840.0,7870.0,66131,0.0,0.0
2023-08-23 00:00:00+09:00,7850.0,7990.0,7850.0,7900.0,23325,0.0,0.0
2023-08-24 00:00:00+09:00,7930.0,8140.0,7920.0,7950.0,58930,0.0,0.0
2023-08-25 00:00:00+09:00,7920.0,7920.0,7630.0,7710.0,52105,0.0,0.0
2023-08-28 00:00:00+09:00,7780.0,8070.0,7650.0,8000.0,105744,0.0,0.0
2023-08-29 00:00:00+09:00,8010.0,8120.0,7960.0,8000.0,67845,0.0,0.0
2023-08-30 00:00:00+09:00,8180.0,8480.0,8050.0,8230.0,93272,0.0,0.0
2023-08-31 00:00:00+09:00,8230.0,8430.0,8120.0,8430.0,79868,0.0,0.0
2023-09-01 00:00:00+09:00,8310.0,8920.0,8300.0,8880.0,152074,0.0,0.0
2023-09-04 00:00:00+09:00,9030.0,9070.0,8820.0,8980.0,85549,0.0,0.0
2023-09-05 00:00:00+09:00,8980.0,9050.0,8780.0,8820.0,41336,0.0,0.0
2023-09-06 00:00:00+09:00,8870.0,8870.0,8690.0,8770.0,46286,0.0,0.0
2023-09-07 00:00:00+09:00,8700.0,9190.0,8590.0,8870.0,109339,0.0,0.0
2023-09-08 00:00:00+09:00,8870.0,8930.0,8620.0,8760.0,77522,0.0,0.0
2023-09-11 00:00:00+09:00,8790.0,9090.0,8690.0,9020.0,86599,0.0,0.0
2023-09-12 00:00:00+09:00,8970.0,9170.0,8870.0,9030.0,56999,0.0,0.0
2023-09-13 00:00:00+09:00,8910.0,9360.0,8910.0,9020.0,105710,0.0,0.0
2023-09-14 00:00:00+09:00,9150.0,9500.0,9020.0,9430.0,105135,0.0,0.0
2023-09-15 00:00:00+09:00,9510.0,9560.0,9340.0,9500.0,92264,0.0,0.0
2023-09-18 00:00:00+09:00,9450.0,9450.0,9070.0,9220.0,62947,0.0,0.0
2023-09-19 00:00:00+09:00,9220.0,9290.0,9080.0,9120.0,27613,0.0,0.0
2023-09-20 00:00:00+09:00,9070.0,9200.0,8920.0,8940.0,53723,0.0,0.0
2023-09-21 00:00:00+09:00,8820.0,8920.0,8490.0,8580.0,125791,0.0,0.0
2023-09-22 00:00:00+09:00,8530.0,8910.0,8470.0,8840.0,59646,0.0,0.0
2023-09-25 00:00:00+09:00,8900.0,8900.0,8550.0,8640.0,37991,0.0,0.0
2023-09-26 00:00:00+09:00,8570.0,8770.0,8520.0,8600.0,23440,0.0,0.0
2023-09-27 00:00:00+09:00,8510.0,8690.0,8440.0,8650.0,34707,0.0,0.0
2023-10-04 00:00:00+09:00,8600.0,8600.0,8210.0,8240.0,59444,0.0,0.0
2023-10-05 00:00:00+09:00,8260.0,8450.0,8210.0,8210.0,25786,0.0,0.0
2023-10-06 00:00:00+09:00,8370.0,8560.0,8260.0,8550.0,23371,0.0,0.0
2023-10-10 00:00:00+09:00,8490.0,8690.0,8320.0,8440.0,26428,0.0,0.0
2023-10-11 00:00:00+09:00,8640.0,8700.0,8500.0,8520.0,23797,0.0,0.0
2023-10-12 00:00:00+09:00,8470.0,8780.0,8460.0,8580.0,40234,0.0,0.0
2023-10-13 00:00:00+09:00,8500.0,8610.0,8430.0,8500.0,13249,0.0,0.0
2023-10-16 00:00:00+09:00,8550.0,8550.0,8000.0,8460.0,59222,0.0,0.0
2023-10-17 00:00:00+09:00,8500.0,8590.0,8370.0,8510.0,19428,0.0,0.0
2023-10-18 00:00:00+09:00,8510.0,8690.0,8350.0,8500.0,63229,0.0,0.0
2023-10-19 00:00:00+09:00,8570.0,8570.0,8150.0,8240.0,66096,0.0,0.0
2023-10-20 00:00:00+09:00,8150.0,8300.0,7980.0,8280.0,72980,0.0,0.0
2023-10-23 00:00:00+09:00,8260.0,8260.0,8080.0,8140.0,53731,0.0,0.0
2023-10-24 00:00:00+09:00,8100.0,8350.0,8100.0,8350.0,17025,0.0,0.0
2023-10-25 00:00:00+09:00,8390.0,8430.0,8270.0,8370.0,18777,0.0,0.0
2023-10-26 00:00:00+09:00,8390.0,8390.0,8070.0,8220.0,40022,0.0,0.0
2023-10-27 00:00:00+09:00,8220.0,8900.0,8160.0,8570.0,72726,0.0,0.0
2023-10-30 00:00:00+09:00,8560.0,8570.0,8340.0,8390.0,22698,0.0,0.0
2023-10-31 00:00:00+09:00,8500.0,8600.0,8290.0,8350.0,65077,0.0,0.0
2023-11-01 00:00:00+09:00,8270.0,8530.0,8270.0,8520.0,34867,0.0,0.0
2023-11-02 00:00:00+09:00,8590.0,9080.0,8560.0,8950.0,73441,0.0,0.0
2023-11-03 00:00:00+09:00,8930.0,9170.0,8930.0,9050.0,62532,0.0,0.0
2023-11-06 00:00:00+09:00,9150.0,9150.0,8940.0,9020.0,41405,0.0,0.0
2023-11-07 00:00:00+09:00,9020.0,9100.0,8850.0,9040.0,36613,0.0,0.0
2023-11-08 00:00:00+09:00,9090.0,9090.0,8860.0,8940.0,30601,0.0,0.0
2023-11-09 00:00:00+09:00,9000.0,9000.0,8770.0,8880.0,23832,0.0,0.0
2023-11-10 00:00:00+09:00,8920.0,8920.0,8570.0,8790.0,49114,0.0,0.0
2023-11-13 00:00:00+09:00,8730.0,8850.0,8620.0,8680.0,45050,0.0,0.0
2023-11-14 00:00:00+09:00,8700.0,9090.0,8680.0,9030.0,43142,0.0,0.0
2023-11-15 00:00:00+09:00,9060.0,9350.0,9060.0,9240.0,73703,0.0,0.0
2023-11-16 00:00:00+09:00,9330.0,9330.0,9060.0,9280.0,29014,0.0,0.0
2023-11-17 00:00:00+09:00,9250.0,9400.0,9150.0,9200.0,58176,0.0,0.0
2023-11-20 00:00:00+09:00,9100.0,9330.0,9100.0,9200.0,34704,0.0,0.0
2023-11-21 00:00:00+09:00,9130.0,9270.0,9010.0,9190.0,67715,0.0,0.0
2023-11-22 00:00:00+09:00,9190.0,9360.0,9050.0,9290.0,31062,0.0,0.0
2023-11-23 00:00:00+09:00,9190.0,9400.0,8980.0,8980.0,42815,0.0,0.0
2023-11-24 00:00:00+09:00,8980.0,9090.0,8950.0,9070.0,21868,0.0,0.0
2023-11-27 00:00:00+09:00,9010.0,9140.0,8920.0,9050.0,60649,0.0,0.0
2023-11-28 00:00:00+09:00,8960.0,9120.0,8960.0,9050.0,34297,0.0,0.0
2023-11-29 00:00:00+09:00,9100.0,9100.0,8880.0,8950.0,51657,0.0,0.0
2023-11-30 00:00:00+09:00,9030.0,9030.0,8900.0,8950.0,44910,0.0,0.0
2023-12-01 00:00:00+09:00,8950.0,8950.0,8830.0,8870.0,39356,0.0,0.0
2023-12-04 00:00:00+09:00,8900.0,8910.0,8730.0,8910.0,43575,0.0,0.0
2023-12-05 00:00:00+09:00,8860.0,8860.0,8520.0,8590.0,64892,0.0,0.0
2023-12-06 00:00:00+09:00,8510.0,8690.0,8500.0,8600.0,38047,0.0,0.0
2023-12-07 00:00:00+09:00,8740.0,8740.0,8530.0,8610.0,26980,0.0,0.0
2023-12-08 00:00:00+09:00,8650.0,8880.0,8540.0,8820.0,63752,0.0,0.0
2023-12-11 00:00:00+09:00,8800.0,9140.0,8800.0,8940.0,66662,0.0,0.0
2023-12-12 00:00:00+09:00,9150.0,9210.0,8950.0,9190.0,73588,0.0,0.0
2023-12-13 00:00:00+09:00,9300.0,9700.0,9250.0,9500.0,308234,0.0,0.0
2023-12-14 00:00:00+09:00,9520.0,9610.0,9120.0,9340.0,126974,0.0,0.0
2023-12-15 00:00:00+09:00,9340.0,9400.0,8470.0,9030.0,188014,0.0,0.0
2023-12-18 00:00:00+09:00,9030.0,9210.0,8930.0,9130.0,193650,0.0,0.0
2023-12-19 00:00:00+09:00,8990.0,9180.0,8990.0,9150.0,119427,0.0,0.0
2023-12-20 00:00:00+09:00,9210.0,9310.0,9100.0,9190.0,93301,0.0,0.0
2023-12-21 00:00:00+09:00,9140.0,9380.0,9090.0,9350.0,111524,0.0,0.0
2023-12-22 00:00:00+09:00,9510.0,10020.0,9370.0,9860.0,401982,0.0,0.0
2023-12-26 00:00:00+09:00,9900.0,10200.0,9850.0,9850.0,184059,0.0,0.0
2023-12-27 00:00:00+09:00,9860.0,10120.0,9850.0,10020.0,98596,0.0,0.0
2023-12-28 00:00:00+09:00,10040.0,10050.0,9740.0,9900.0,158410,0.0,0.0
2024-01-02 00:00:00+09:00,9860.0,10290.0,9860.0,10260.0,119058,0.0,0.0
2024-01-03 00:00:00+09:00,10100.0,10150.0,9790.0,10040.0,125652,0.0,0.0
2024-01-04 00:00:00+09:00,10000.0,10120.0,9870.0,10080.0,68063,0.0,0.0
2024-01-05 00:00:00+09:00,10190.0,10190.0,9810.0,9920.0,158101,0.0,0.0
2024-01-08 00:00:00+09:00,9820.0,10000.0,9800.0,9880.0,54183,0.0,0.0
2024-01-09 00:00:00+09:00,9950.0,10080.0,9790.0,9900.0,65615,0.0,0.0
2024-01-10 00:00:00+09:00,9860.0,9990.0,9620.0,9710.0,64966,0.0,0.0
2024-01-11 00:00:00+09:00,9710.0,9940.0,9690.0,9760.0,27846,0.0,0.0
2024-01-12 00:00:00+09:00,9760.0,9790.0,9520.0,9660.0,55356,0.0,0.0
2024-01-15 00:00:00+09:00,9560.0,9830.0,9430.0,9500.0,126005,0.0,0.0
2024-01-16 00:00:00+09:00,9500.0,9560.0,9200.0,9430.0,74593,0.0,0.0
2024-01-17 00:00:00+09:00,9430.0,9540.0,9290.0,9350.0,57058,0.0,0.0
2024-01-19 00:00:00+09:00,9480.0,9700.0,9480.0,9680.0,58379,0.0,0.0
2024-01-22 00:00:00+09:00,9940.0,9960.0,9570.0,9610.0,62911,0.0,0.0
2024-01-23 00:00:00+09:00,9610.0,9640.0,9430.0,9580.0,42532,0.0,0.0
2024-01-24 00:00:00+09:00,9570.0,9840.0,9400.0,9800.0,80337,0.0,0.0
2024-01-25 00:00:00+09:00,9830.0,10270.0,9770.0,10050.0,211780,0.0,0.0
2024-01-26 00:00:00+09:00,10010.0,10150.0,9790.0,10030.0,78078,0.0,0.0
2024-01-29 00:00:00+09:00,10000.0,10150.0,9890.0,9950.0,54726,0.0,0.0
2024-01-30 00:00:00+09:00,9950.0,10050.0,9740.0,9870.0,55604,0.0,0.0
2024-01-31 00:00:00+09:00,9970.0,9970.0,9350.0,9370.0,129147,0.0,0.0
2024-02-01 00:00:00+09:00,9330.0,9450.0,8960.0,9080.0,207382,0.0,0.0
2024-02-02 00:00:00+09:00,9150.0,9370.0,9130.0,9220.0,59512,0.0,0.0
2024-02-05 00:00:00+09:00,9220.0,9320.0,9000.0,9220.0,71759,0.0,0.0
2024-02-06 00:00:00+09:00,9420.0,9420.0,8920.0,9160.0,115697,0.0,0.0
2024-02-07 00:00:00+09:00,9160.0,9210.0,8870.0,9000.0,113480,0.0,0.0
2024-02-08 00:00:00+09:00,9030.0,9330.0,8970.0,9180.0,60197,0.0,0.0
2024-02-13 00:00:00+09:00,9290.0,9440.0,9180.0,9280.0,80481,0.0,0.0
2024-02-14 00:00:00+09:00,9070.0,9600.0,9040.0,9570.0,101537,0.0,0.0
2024-02-15 00:00:00+09:00,9520.0,9610.0,9420.0,9530.0,40074,0.0,0.0
2024-02-16 00:00:00+09:00,9460.0,9530.0,9240.0,9400.0,60749,0.0,0.0
2024-02-19 00:00:00+09:00,9400.0,10160.0,9340.0,10110.0,255207,0.0,0.0
2024-02-20 00:00:00+09:00,10000.0,10870.0,10000.0,10820.0,421001,0.0,0.0
2024-02-21 00:00:00+09:00,10820.0,11080.0,10600.0,10930.0,254204,0.0,0.0
2024-02-22 00:00:00+09:00,11180.0,11930.0,10820.0,11900.0,579548,0.0,0.0
2024-02-23 00:00:00+09:00,11900.0,11900.0,11190.0,11650.0,289474,0.0,0.0
2024-02-26 00:00:00+09:00,11700.0,11910.0,11470.0,11630.0,158784,0.0,0.0
2024-02-27 00:00:00+09:00,11630.0,11730.0,11060.0,11580.0,197147,0.0,0.0
2024-02-28 00:00:00+09:00,11580.0,11580.0,11200.0,11320.0,120735,0.0,0.0
2024-02-29 00:00:00+09:00,11320.0,11980.0,11270.0,11860.0,196687,0.0,0.0
2024-03-04 00:00:00+09:00,12080.0,12250.0,11650.0,12160.0,347581,0.0,0.0
2024-03-05 00:00:00+09:00,12210.0,12210.0,11850.0,12020.0,109054,0.0,0.0
2024-03-06 00:00:00+09:00,11870.0,12230.0,11690.0,12230.0,176497,0.0,0.0
2024-03-07 00:00:00+09:00,12250.0,12310.0,11720.0,11750.0,216802,0.0,0.0
2024-03-08 00:00:00+09:00,11910.0,12240.0,11750.0,12110.0,287661,0.0,0.0
2024-03-11 00:00:00+09:00,12110.0,12200.0,11080.0,11930.0,647132,0.0,0.0
2024-03-12 00:00:00+09:00,11850.0,13350.0,11730.0,12950.0,1414980,0.0,0.0
2024-03-13 00:00:00+09:00,12940.0,13530.0,12580.0,13060.0,1055812,0.0,0.0
2024-04-02 00:00:00+09:00,14200.0,15360.0,12360.0,13050.0,2443410,0.0,0.0
2024-04-03 00:00:00+09:00,13050.0,13640.0,12110.0,13440.0,693908,0.0,0.0
2024-04-04 00:00:00+09:00,13530.0,14170.0,13530.0,14100.0,417514,0.0,0.0
2024-04-05 00:00:00+09:00,13810.0,14450.0,13260.0,13450.0,350524,0.0,0.0
2024-04-08 00:00:00+09:00,13460.0,13500.0,12280.0,12450.0,531021,0.0,0.0
2024-04-09 00:00:00+09:00,12450.0,12860.0,12270.0,12680.0,191192,0.0,0.0
2024-04-11 00:00:00+09:00,12220.0,12770.0,12120.0,12700.0,176316,0.0,0.0
2024-04-12 00:00:00+09:00,12900.0,13000.0,11690.0,11850.0,527158,0.0,0.0
2024-04-15 00:00:00+09:00,11820.0,12040.0,11260.0,11940.0,533933,0.0,0.0
2024-04-16 00:00:00+09:00,11740.0,12050.0,11380.0,11940.0,350030,0.0,0.0
2024-04-17 00:00:00+09:00,12000.0,12270.0,11850.0,12200.0,245931,0.0,0.0
2024-04-18 00:00:00+09:00,11950.0,12470.0,11800.0,12390.0,170727,0.0,0.0
2024-04-19 00:00:00+09:00,12840.0,12880.0,12120.0,12450.0,430458,0.0,0.0
2024-04-22 00:00:00+09:00,12210.0,12450.0,11760.0,12130.0,290826,0.0,0.0
2024-04-23 00:00:00+09:00,12130.0,12300.0,11730.0,11800.0,124482,0.0,0.0
2024-04-24 00:00:00+09:00,12200.0,12310.0,11990.0,12180.0,152255,0.0,0.0
2024-04-25 00:00:00+09:00,12180.0,13070.0,12130.0,12890.0,417062,0.0,0.0
2024-04-26 00:00:00+09:00,12850.0,13100.0,12640.0,12770.0,172282,0.0,0.0
2024-04-29 00:00:00+09:00,12800.0,12980.0,12420.0,12650.0,224808,0.0,0.0
2024-04-30 00:00:00+09:00,12610.0,12840.0,12430.0,12760.0,84413,0.0,0.0
2024-05-02 00:00:00+09:00,12800.0,13340.0,12730.0,13060.0,265353,0.0,0.0
2024-05-03 00:00:00+09:00,13100.0,13180.0,12800.0,12940.0,161351,0.0,0.0
2024-05-07 00:00:00+09:00,12940.0,13160.0,12760.0,12940.0,168532,0.0,0.0
2024-05-08 00:00:00+09:00,12900.0,12900.0,12460.0,12460.0,138018,0.0,0.0
2024-05-09 00:00:00+09:00,12520.0,12740.0,12370.0,12620.0,118442,0.0,0.0
2024-05-10 00:00:00+09:00,12620.0,12700.0,11830.0,11970.0,349057,0.0,0.0
2024-05-13 00:00:00+09:00,11980.0,11990.0,11630.0,11670.0,123477,0.0,0.0
2024-05-14 00:00:00+09:00,11680.0,11890.0,11550.0,11890.0,91614,0.0,0.0
2024-05-16 00:00:00+09:00,12050.0,12410.0,11870.0,12320.0,164387,0.0,0.0
2024-05-17 00:00:00+09:00,12340.0,12340.0,11900.0,11960.0,70994,0.0,0.0
2024-05-20 00:00:00+09:00,12040.0,12040.0,11700.0,11880.0,147842,0.0,0.0
2024-05-21 00:00:00+09:00,12020.0,12590.0,11880.0,12470.0,371215,0.0,0.0
2024-05-22 00:00:00+09:00,12660.0,13360.0,12400.0,12950.0,550648,0.0,0.0
2024-05-23 00:00:00+09:00,13130.0,14090.0,13130.0,13740.0,729947,0.0,0.0
2024-05-24 00:00:00+09:00,13750.0,14120.0,13410.0,13740.0,413305,0.0,0.0
2024-05-27 00:00:00+09:00,13770.0,14060.0,13630.0,13990.0,339182,0.0,0.0
2024-05-28 00:00:00+09:00,13870.0,14220.0,13710.0,13880.0,264588,0.0,0.0
2024-05-29 00:00:00+09:00,14000.0,14000.0,13400.0,13600.0,212773,0.0,0.0
2024-05-30 00:00:00+09:00,13390.0,13700.0,13030.0,13610.0,262958,0.0,0.0
2024-05-31 00:00:00+09:00,13450.0,13940.0,13220.0,13700.0,169802,0.0,0.0
2024-06-03 00:00:00+09:00,13710.0,13730.0,13200.0,13370.0,124359,0.0,0.0
2024-06-04 00:00:00+09:00,13320.0,13650.0,13160.0,13250.0,131378,0.0,0.0
2024-06-05 00:00:00+09:00,13500.0,13510.0,12850.0,13010.0,228664,0.0,0.0
2024-06-07 00:00:00+09:00,13100.0,13460.0,12950.0,13220.0,223193,0.0,0.0
2024-06-10 00:00:00+09:00,13220.0,13300.0,13000.0,13150.0,98635,0.0,0.0
2024-06-11 00:00:00+09:00,13150.0,13150.0,12640.0,12880.0,225708,0.0,0.0
2024-06-12 00:00:00+09:00,12900.0,13000.0,12690.0,12860.0,151059,0.0,0.0
2024-06-13 00:00:00+09:00,12950.0,13380.0,12930.0,13000.0,356852,0.0,0.0
2024-06-14 00:00:00+09:00,13020.0,13100.0,12570.0,12640.0,147555,0.0,0.0
2024-06-17 00:00:00+09:00,12720.0,12730.0,12390.0,12540.0,112038,0.0,0.0
2024-06-18 00:00:00+09:00,12740.0,13150.0,12380.0,12540.0,317833,0.0,0.0
2024-06-19 00:00:00+09:00,12680.0,13030.0,12330.0,12340.0,355479,0.0,0.0
2024-06-20 00:00:00+09:00,12340.0,12360.0,11790.0,12140.0,327318,0.0,0.0
2024-06-21 00:00:00+09:00,12140.0,12140.0,11550.0,11580.0,304450,0.0,0.0
2024-06-24 00:00:00+09:00,11600.0,11600.0,11250.0,11480.0,167122,0.0,0.0
2024-06-25 00:00:00+09:00,11470.0,11510.0,11110.0,11480.0,114454,0.0,0.0
2024-06-26 00:00:00+09:00,11710.0,11710.0,11390.0,11530.0,118674,0.0,0.0
2024-06-27 00:00:00+09:00,11500.0,11510.0,11140.0,11290.0,155742,0.0,0.0
2024-06-28 00:00:00+09:00,11270.0,11390.0,11110.0,11200.0,108990,0.0,0.0
2024-07-01 00:00:00+09:00,11290.0,12100.0,11010.0,11190.0,682236,0.0,0.0
2024-07-02 00:00:00+09:00,11160.0,11170.0,10550.0,10560.0,332150,0.0,0.0
2024-07-03 00:00:00+09:00,10560.0,10690.0,10350.0,10470.0,172612,0.0,0.0
2024-07-04 00:00:00+09:00,10510.0,10880.0,10370.0,10730.0,155175,0.0,0.0
2024-07-05 00:00:00+09:00,10930.0,10930.0,10420.0,10680.0,229567,0.0,0.0
2024-07-08 00:00:00+09:00,10560.0,10850.0,10440.0,10680.0,128648,0.0,0.0
2024-07-09 00:00:00+09:00,10700.0,11070.0,10700.0,11000.0,162513,0.0,0.0
2024-07-10 00:00:00+09:00,11110.0,11160.0,10580.0,10680.0,176261,0.0,0.0
2024-07-11 00:00:00+09:00,10690.0,10910.0,10490.0,10560.0,136424,0.0,0.0
2024-07-12 00:00:00+09:00,10570.0,10570.0,10160.0,10320.0,149690,0.0,0.0
2024-07-15 00:00:00+09:00,10370.0,10520.0,10180.0,10500.0,110837,0.0,0.0
2024-07-16 00:00:00+09:00,10430.0,10750.0,10300.0,10750.0,115746,0.0,0.0
2024-07-17 00:00:00+09:00,10800.0,11020.0,10690.0,10710.0,222062,0.0,0.0
2024-07-18 00:00:00+09:00,10490.0,10950.0,10080.0,10700.0,373828,0.0,0.0
2024-07-19 00:00:00+09:00,11340.0,12250.0,10970.0,11880.0,1491970,0.0,0.0
2024-07-22 00:00:00+09:00,11880.0,11890.0,10940.0,11010.0,619717,0.0,0.0
2024-07-23 00:00:00+09:00,11280.0,11450.0,10680.0,11100.0,336411,0.0,0.0
2024-07-24 00:00:00+09:00,10850.0,11160.0,10840.0,10870.0,217229,0.0,0.0
2024-07-25 00:00:00+09:00,10510.0,10670.0,9970.0,10410.0,325263,0.0,0.0
2024-07-26 00:00:00+09:00,10200.0,10420.0,10060.0,10100.0,219203,0.0,0.0
2024-07-29 00:00:00+09:00,10120.0,10860.0,10110.0,10780.0,229282,0.0,0.0
2024-07-30 00:00:00+09:00,10800.0,11180.0,10500.0,11090.0,217861,0.0,0.0
2024-07-31 00:00:00+09:00,10980.0,11330.0,10720.0,11290.0,163491,0.0,0.0
2024-08-01 00:00:00+09:00,11430.0,11680.0,11390.0,11400.0,188937,0.0,0.0
2024-08-02 00:00:00+09:00,10970.0,11150.0,10520.0,10780.0,210892,0.0,0.0
2024-08-05 00:00:00+09:00,10300.0,10450.0,9120.0,9560.0,352745,0.0,0.0
2024-08-06 00:00:00+09:00,9650.0,10290.0,9650.0,9800.0,199956,0.0,0.0
2024-08-07 00:00:00+09:00,9810.0,10390.0,9730.0,10230.0,125240,0.0,0.0
2024-08-08 00:00:00+09:00,9990.0,10230.0,9910.0,9950.0,94521,0.0,0.0
2024-08-09 00:00:00+09:00,10250.0,10410.0,10000.0,10200.0,81060,0.0,0.0
2024-08-12 00:00:00+09:00,10110.0,10380.0,10100.0,10230.0,76701,0.0,0.0
2024-08-13 00:00:00+09:00,10160.0,10390.0,9920.0,10230.0,103716,0.0,0.0
2024-08-14 00:00:00+09:00,10350.0,10580.0,10220.0,10360.0,128961,0.0,0.0
2024-08-16 00:00:00+09:00,10570.0,10900.0,10520.0,10760.0,92003,0.0,0.0
2024-08-19 00:00:00+09:00,10760.0,10760.0,10310.0,10450.0,107514,0.0,0.0
2024-08-20 00:00:00+09:00,10480.0,10650.0,10400.0,10560.0,73727,0.0,0.0
2024-08-21 00:00:00+09:00,10500.0,10640.0,10420.0,10460.0,52361,0.0,0.0
2024-08-22 00:00:00+09:00,10460.0,10480.0,10020.0,10090.0,162708,0.0,0.0
2024-08-23 00:00:00+09:00,9980.0,10110.0,9820.0,10050.0,103789,0.0,0.0
2024-08-26 00:00:00+09:00,10130.0,10140.0,9500.0,9690.0,195115,0.0,0.0
2024-08-27 00:00:00+09:00,9700.0,9700.0,9300.0,9590.0,97289,0.0,0.0
2024-08-28 00:00:00+09:00,9630.0,9700.0,9240.0,9630.0,135694,0.0,0.0
2024-08-29 00:00:00+09:00,9330.0,9410.0,8950.0,9250.0,283993,0.0,0.0
2024-08-30 00:00:00+09:00,9320.0,9340.0,9130.0,9250.0,90003,0.0,0.0
2024-09-02 00:00:00+09:00,9190.0,9190.0,8670.0,8900.0,325679,0.0,0.0
2024-09-03 00:00:00+09:00,8860.0,9010.0,8790.0,8850.0,97009,0.0,0.0
2024-09-04 00:00:00+09:00,8310.0,8600.0,8220.0,8340.0,178882,0.0,0.0
2024-09-05 00:00:00+09:00,8310.0,8470.0,8070.0,8300.0,331392,0.0,0.0
2024-09-06 00:00:00+09:00,8470.0,8470.0,7900.0,8000.0,265503,0.0,0.0
2024-09-09 00:00:00+09:00,7860.0,8110.0,7740.0,8100.0,83063,0.0,0.0
2024-09-10 00:00:00+09:00,8180.0,8180.0,7790.0,7920.0,107588,0.0,0.0
2024-09-11 00:00:00+09:00,7780.0,8020.0,7780.0,7900.0,45304,0.0,0.0
2024-09-12 00:00:00+09:00,8040.0,8310.0,8030.0,8190.0,74959,0.0,0.0
2024-09-13 00:00:00+09:00,8200.0,8200.0,7890.0,7890.0,128689,0.0,0.0
2024-09-19 00:00:00+09:00,7980.0,7990.0,7480.0,7700.0,121816,0.0,0.0
2024-09-20 00:00:00+09:00,7890.0,7960.0,7640.0,7720.0,63996,0.0,0.0
