Date,Open,High,Low,Close,Volume,Dividends,Stock Splits,Capital Gains
2014-11-19 00:00:00+09:00,7615.836247427021,8006.391952423279,6512.5163808125935,6522.2802734375,3732256,0.0,0.0,0.0
2014-11-20 00:00:00+09:00,6522.280354694592,6951.891635542738,6453.93310546875,6453.93310546875,1307131,0.0,0.0,0.0
2014-11-21 00:00:00+09:00,6541.807453099511,6629.682478588907,5926.682274673736,5985.265625,897553,0.0,0.0,0.0
2014-11-24 00:00:00+09:00,5985.265967475043,6043.849321153429,5506.835245768229,5624.001953125,753787,0.0,0.0,0.0
2014-11-25 00:00:00+09:00,5838.807556945008,6346.529953201096,5789.988095766538,6014.5576171875,1482082,0.0,0.0,0.0
2014-11-26 00:00:00+09:00,6151.252051953795,6268.418757705296,5692.34912109375,5692.34912109375,532426,0.0,0.0,0.0
2014-11-27 00:00:00+09:00,5653.2935945256095,5770.460301147901,5389.6685046254515,5409.1962890625,387292,0.0,0.0,0.0
2014-11-28 00:00:00+09:00,5516.599166642373,5584.946412954757,5184.626827410797,5233.4462890625,300678,0.0,0.0,0.0
2014-12-01 00:00:00+09:00,5174.862933168317,5233.446287128713,4930.765625,4930.765625,275212,0.0,0.0,0.0
2014-12-02 00:00:00+09:00,4930.765984030331,5077.224379595588,4872.182625804228,4979.58544921875,123925,0.0,0.0,0.0
2014-12-03 00:00:00+09:00,5028.404150102837,5116.279174085216,4921.001343013261,4969.82080078125,105754,0.0,0.0,0.0
2014-12-04 00:00:00+09:00,4950.293508106694,5028.404648274059,4647.6128399581585,4667.140625,274696,0.0,0.0,0.0
2014-12-05 00:00:00+09:00,4657.376293945313,4784.306884765625,4618.320727539062,4686.66796875,113583,0.0,0.0,0.0
2014-12-08 00:00:00+09:00,4686.668532497441,4867.300548854113,4637.84906861726,4769.66162109375,164681,0.0,0.0,0.0
2014-12-09 00:00:00+09:00,4769.661353165065,4979.585036057692,4735.48773036859,4759.8974609375,165401,0.0,0.0,0.0
2014-12-10 00:00:00+09:00,4759.897289217794,4911.237613285231,4745.251451404816,4789.18896484375,99740,0.0,0.0,0.0
2014-12-11 00:00:00+09:00,4833.126491970486,4833.126491970486,4725.723681037809,4745.25146484375,51565,0.0,0.0,0.0
2014-12-12 00:00:00+09:00,4745.251701108871,4798.953109248992,4457.216875630041,4540.2099609375,168885,0.0,0.0,0.0
2014-12-15 00:00:00+09:00,4491.390467386859,4589.029390590921,4393.751544182797,4476.74462890625,80104,0.0,0.0,0.0
2014-12-16 00:00:00+09:00,4466.980655924479,4540.209847005209,4281.466705186632,4393.75146484375,158147,0.0,0.0,0.0
2014-12-17 00:00:00+09:00,4364.460182087304,4442.571326285734,4281.467091376471,4354.6962890625,91074,0.0,0.0,0.0
2014-12-18 00:00:00+09:00,4408.397274241728,4813.598795572917,4296.112515318628,4481.62646484375,248228,0.0,0.0,0.0
2014-12-19 00:00:00+09:00,4569.501590341522,4589.029374915632,4466.98072132745,4520.68212890625,71967,0.0,0.0,0.0
2014-12-22 00:00:00+09:00,4559.737995857134,4603.675514018498,4506.036584771022,4593.91162109375,42441,0.0,0.0,0.0
2014-12-23 00:00:00+09:00,4598.792847705488,4755.015110047925,4559.73728211988,4647.6123046875,86630,0.0,0.0,0.0
2014-12-24 00:00:00+09:00,4676.904710954105,4686.668603878852,4530.44631708289,4593.91162109375,72586,0.0,0.0,0.0
2014-12-26 00:00:00+09:00,4618.321229619565,4725.724048913044,4491.390625,4491.390625,60118,0.0,0.0,0.0
2014-12-29 00:00:00+09:00,4634.523063826248,4634.523063826248,4446.970479773642,4521.00439453125,22978,50.0,0.0,0.0
2014-12-30 00:00:00+09:00,4442.034480002074,4506.197200268771,4328.515821068688,4461.77685546875,69976,0.0,0.0,0.0
2015-01-02 00:00:00+09:00,4412.421181098681,4535.81103515625,4412.421181098681,4535.81103515625,23671,0.0,0.0,0.0
2015-01-05 00:00:00+09:00,4545.682223480856,4545.682223480856,4417.356775260983,4535.81103515625,103748,0.0,0.0,0.0
2015-01-06 00:00:00+09:00,4896.1091157356195,5133.01762133573,4461.77685546875,4461.77685546875,705328,0.0,0.0,0.0
2015-01-07 00:00:00+09:00,4506.197406165565,4555.553347087422,4303.83804838595,4338.38720703125,222212,0.0,0.0,0.0
2015-01-08 00:00:00+09:00,4343.322612896376,4397.614145557581,4318.644643504919,4358.12939453125,45198,0.0,0.0,0.0
2015-01-09 00:00:00+09:00,4358.129114414897,4511.132514807719,4343.32233373172,4387.74267578125,126474,0.0,0.0,0.0
2015-01-12 00:00:00+09:00,4377.8719287658005,4486.454998024929,4363.065146594101,4392.6787109375,67894,0.0,0.0,0.0
2015-01-13 00:00:00+09:00,4392.678269342308,4506.19692124666,4353.193520853838,4387.74267578125,134494,0.0,0.0,0.0
2015-01-14 00:00:00+09:00,4407.485509440105,4654.265213216146,4407.485509440105,4442.03466796875,272725,0.0,0.0,0.0
2015-01-15 00:00:00+09:00,4491.390436952954,4590.1023146881835,4432.1633103118165,4511.1328125,192684,0.0,0.0,0.0
2015-01-16 00:00:00+09:00,4511.132877039883,4580.231192443121,4451.905749551395,4555.55322265625,192920,0.0,0.0,0.0
2015-01-19 00:00:00+09:00,4723.363642678802,5024.434888450387,4659.200918170103,4787.5263671875,763890,0.0,0.0,0.0
2015-01-20 00:00:00+09:00,4846.753370779819,4905.980499546986,4713.492331053694,4851.68896484375,204606,0.0,0.0,0.0
2015-01-21 00:00:00+09:00,4915.851783495796,4920.787377655932,4782.590741172114,4841.81787109375,167108,0.0,0.0,0.0
2015-01-22 00:00:00+09:00,4851.688533701795,5567.349609375,4851.688533701795,5567.349609375,1926015,0.0,0.0,0.0
2015-01-23 00:00:00+09:00,5715.41749359459,5764.773430499552,5389.6683100218415,5508.12255859375,830096,0.0,0.0,0.0
2015-01-26 00:00:00+09:00,5596.963549804687,5745.0313685825895,5508.122858537947,5527.865234375,706907,0.0,0.0,0.0
2015-01-27 00:00:00+09:00,5577.221269146914,6001.682356887299,5517.994140625,5517.994140625,1035779,0.0,0.0,0.0
2015-01-28 00:00:00+09:00,5439.024300695555,5478.50905060986,5152.759863816842,5399.53955078125,451648,0.0,0.0,0.0
2015-01-29 00:00:00+09:00,5478.509514664805,5508.1230796089385,5290.956936685289,5300.828125,192926,0.0,0.0,0.0
2015-01-30 00:00:00+09:00,5320.570566851829,5360.055320594701,5063.91966752317,5192.2451171875,181677,0.0,0.0,0.0
2015-02-02 00:00:00+09:00,5211.987278005465,5458.766978668602,5152.760149846312,5419.2822265625,168380,0.0,0.0,0.0
2015-02-03 00:00:00+09:00,5508.122909307065,5715.417857506794,5409.411029211957,5675.93310546875,292492,0.0,0.0,0.0
2015-02-04 00:00:00+09:00,5656.19093317474,5824.001135380623,5547.607861159169,5705.546875,136592,0.0,0.0,0.0
2015-02-05 00:00:00+09:00,5705.546538551789,5962.197420908789,5517.9939706755185,5587.09228515625,316684,0.0,0.0,0.0
2015-02-06 00:00:00+09:00,5527.865456238362,5567.350209497207,5241.600995111732,5300.828125,267009,0.0,0.0,0.0
2015-02-09 00:00:00+09:00,5330.441312384473,5517.993877079482,5231.729436229205,5340.3125,124633,0.0,0.0,0.0
2015-02-10 00:00:00+09:00,5419.282352570564,5419.282352570564,5182.373834425403,5202.1162109375,110196,0.0,0.0,0.0
2015-02-11 00:00:00+09:00,5133.018037683823,5182.37398035386,4935.594267003677,5034.30615234375,168840,0.0,0.0,0.0
2015-02-12 00:00:00+09:00,5044.176956651204,5063.919332215396,4920.787109375,4920.787109375,121879,0.0,0.0,0.0
2015-02-13 00:00:00+09:00,4945.464792251587,5192.244472503662,4896.108856201172,5054.0478515625,145961,0.0,0.0,0.0
2015-02-16 00:00:00+09:00,5103.404126349296,5231.729568597924,5073.790562753459,5172.50244140625,75187,0.0,0.0,0.0
2015-02-17 00:00:00+09:00,5142.889226217831,5182.37398035386,5004.692586741728,5034.30615234375,77357,0.0,0.0,0.0
2015-02-23 00:00:00+09:00,5044.176907552083,5281.085412016369,5044.176907552083,5182.37353515625,106380,0.0,0.0,0.0
2015-02-24 00:00:00+09:00,5221.858711812034,5369.926539179104,5192.24514633862,5290.95703125,96097,0.0,0.0,0.0
2015-02-25 00:00:00+09:00,5350.183553365837,5350.183553365837,5192.244555480498,5251.4716796875,75422,0.0,0.0,0.0
2015-02-26 00:00:00+09:00,5261.343055350826,5310.698993956368,5133.017614976416,5231.7294921875,118609,0.0,0.0,0.0
2015-02-27 00:00:00+09:00,5271.214261463201,5300.8278247298485,5182.373571663259,5281.08544921875,53623,0.0,0.0,0.0
2015-03-02 00:00:00+09:00,5300.8278247298485,5439.024453307536,5192.244759418809,5281.08544921875,85467,0.0,0.0,0.0
2015-03-03 00:00:00+09:00,5241.600868918679,5300.827997381037,5172.502552379262,5211.9873046875,91460,0.0,0.0,0.0
2015-03-04 00:00:00+09:00,5241.600733765768,5419.282114571388,5241.600733765768,5379.79736328125,101992,0.0,0.0,0.0
2015-03-05 00:00:00+09:00,5389.6684922680415,5883.227878006873,5389.6684922680415,5745.03125,518818,0.0,0.0,0.0
2015-03-06 00:00:00+09:00,5725.289111738445,6041.167131696428,5675.93317112001,5873.35693359375,366612,0.0,0.0,0.0
2015-03-09 00:00:00+09:00,5902.97036816073,5952.326307693846,5527.865227709044,5784.51611328125,204971,0.0,0.0,0.0
2015-03-10 00:00:00+09:00,5814.129469071612,5833.871844178817,5567.349780231561,5754.90234375,148186,0.0,0.0,0.0
2015-03-11 00:00:00+09:00,5656.190560567011,5784.5160008591065,5577.221058848797,5745.03125,96338,0.0,0.0,0.0
2015-03-12 00:00:00+09:00,5794.387416968599,6130.0078125,5745.031476449275,6130.0078125,240120,0.0,0.0,0.0
2015-03-13 00:00:00+09:00,6130.007344498802,6278.075154752396,6051.037845696885,6179.36328125,233366,0.0,0.0,0.0
2015-03-16 00:00:00+09:00,6208.977283334186,6228.7196594338175,5991.811146238237,6031.2958984375,116453,0.0,0.0,0.0
2015-03-17 00:00:00+09:00,6041.167181096312,6159.621439549181,5893.099358030226,6021.4248046875,88176,0.0,0.0,0.0
2015-03-18 00:00:00+09:00,5962.197284867611,6189.234598695351,5893.098971963516,6011.55322265625,129731,0.0,0.0,0.0
2015-03-19 00:00:00+09:00,6070.780580782043,6100.394144590736,5794.387318567576,5833.8720703125,120713,0.0,0.0,0.0
2015-03-20 00:00:00+09:00,5863.485777698864,6100.394293969524,5814.129836809142,5972.06884765625,90089,0.0,0.0,0.0
2015-03-23 00:00:00+09:00,6051.038180083231,6169.4924348320055,5962.197489021651,6041.1669921875,140430,0.0,0.0,0.0
2015-03-24 00:00:00+09:00,6060.909128684236,6465.627816430251,5972.068441130233,6426.14306640625,265133,0.0,0.0,0.0
2015-03-25 00:00:00+09:00,6436.014807128906,6485.370748901367,6268.204605102539,6317.560546875,188734,0.0,0.0,0.0
2015-03-26 00:00:00+09:00,6268.204324820179,6396.529767690513,6218.848385254665,6347.173828125,132772,0.0,0.0,0.0
2015-03-27 00:00:00+09:00,6406.401144659324,6445.885897476946,6001.682428278688,6021.4248046875,168031,0.0,0.0,0.0
2015-03-30 00:00:00+09:00,5942.4548367632115,6218.848084984756,5942.4548367632115,6070.7802734375,63808,0.0,0.0,0.0
2015-03-31 00:00:00+09:00,6070.780777469758,6169.4926600302415,5991.81127142137,6120.13671875,69647,0.0,0.0,0.0
2015-04-01 00:00:00+09:00,6070.780825583351,6110.265578920478,5833.872305560586,5962.19775390625,85492,0.0,0.0,0.0
2015-04-02 00:00:00+09:00,5912.841699047122,5962.197639773726,5616.7060546875,5616.7060546875,237073,0.0,0.0,0.0
2015-04-03 00:00:00+09:00,5715.417857506794,5764.773797554348,5636.448353430706,5675.93310546875,50092,0.0,0.0,0.0
2015-04-06 00:00:00+09:00,5685.804105285962,5863.485483576148,5606.834603823657,5695.67529296875,100908,0.0,0.0,0.0
2015-04-07 00:00:00+09:00,5794.38720703125,5814.12958252369,5636.448203091727,5794.38720703125,31692,0.0,0.0,0.0
2015-04-08 00:00:00+09:00,5843.743107379768,6051.038048688848,5804.258356654229,5952.326171875,157053,0.0,0.0,0.0
2015-04-09 00:00:00+09:00,5962.197582088789,6130.007778935658,5922.712829889525,6031.2958984375,77079,0.0,0.0,0.0
2015-04-10 00:00:00+09:00,6100.394214786211,6258.333223583265,6001.6823342880525,6031.2958984375,169143,0.0,0.0,0.0
2015-04-13 00:00:00+09:00,6199.106379597027,6337.303018632629,6169.492814089397,6307.689453125,217138,0.0,0.0,0.0
2015-04-14 00:00:00+09:00,6366.916221336082,6574.211168077257,6317.560281635802,6396.52978515625,306095,0.0,0.0,0.0
2015-04-15 00:00:00+09:00,6386.658538772051,6524.855168668199,6307.68903597425,6505.11279296875,118660,0.0,0.0,0.0
2015-04-16 00:00:00+09:00,6514.983849158654,6820.990666316106,6366.916034405049,6672.9228515625,172105,0.0,0.0,0.0
2015-04-17 00:00:00+09:00,6692.66513282404,6712.40750784712,6564.3396951740215,6682.7939453125,115914,0.0,0.0,0.0
2015-04-20 00:00:00+09:00,6564.340082129194,6722.279091624032,6495.241765475203,6692.66552734375,124818,0.0,0.0,0.0
2015-04-21 00:00:00+09:00,6702.536794026693,6702.536794026693,6534.726594470796,6633.4384765625,101140,0.0,0.0,0.0
2015-04-22 00:00:00+09:00,6643.3094408885545,6811.119634789157,6317.560240963856,6554.46875,317869,0.0,0.0,0.0
2015-04-23 00:00:00+09:00,6702.536414513222,6702.536414513222,6347.173659104567,6416.27197265625,157667,0.0,0.0,0.0
2015-04-24 00:00:00+09:00,6416.271991292939,6544.597431118797,6386.658428256202,6465.6279296875,73026,0.0,0.0,0.0
2015-04-27 00:00:00+09:00,6475.499465215774,6633.4384765625,6465.628277006604,6633.4384765625,54348,0.0,0.0,0.0
2015-04-28 00:00:00+09:00,6643.30966477167,6643.30966477167,6514.984218052456,6633.4384765625,41964,0.0,0.0,0.0
2015-04-29 00:00:00+09:00,6633.438444108761,6702.536761234895,6495.241809856496,6534.7265625,59526,0.0,0.0,0.0
2015-04-30 00:00:00+09:00,6534.726224459135,6534.726224459135,6396.5295973557695,6416.27197265625,47068,0.0,0.0,0.0
2015-05-04 00:00:00+09:00,6593.953829451025,7373.777710478916,6593.953829451025,6978.93017578125,628015,0.0,0.0,0.0
2015-05-06 00:00:00+09:00,6969.058481069712,7334.292424128606,6712.407602163462,6929.57373046875,180039,0.0,0.0,0.0
2015-05-07 00:00:00+09:00,6929.573749827919,6978.9296882170065,6692.665245560297,6722.27880859375,89892,0.0,0.0,0.0
2015-05-08 00:00:00+09:00,6712.407859780259,6890.089244303855,6623.567167518462,6850.6044921875,65449,0.0,0.0,0.0
2015-05-11 00:00:00+09:00,7008.543500652918,7008.543500652918,6712.407859780259,6850.6044921875,71822,0.0,0.0,0.0
2015-05-12 00:00:00+09:00,6919.702853492579,6919.702853492579,6682.794339250323,6692.66552734375,83944,0.0,0.0,0.0
2015-05-13 00:00:00+09:00,6692.665374490489,6959.187446925951,6682.794186622509,6811.11962890625,77397,0.0,0.0,0.0
2015-05-14 00:00:00+09:00,6840.733006631174,7482.36020061534,6811.119443831905,7344.16357421875,278818,0.0,0.0,0.0
2015-05-15 00:00:00+09:00,7403.391106184139,7423.133482467297,6584.082490433094,6791.37744140625,626991,0.0,0.0,0.0
2015-05-18 00:00:00+09:00,6791.377354600694,7146.740123155381,6761.76379055447,7107.25537109375,168011,0.0,0.0,0.0
2015-05-19 00:00:00+09:00,7107.255071824597,7472.489013015584,7048.027946226059,7344.16357421875,155773,0.0,0.0,0.0
2015-05-20 00:00:00+09:00,7245.45167931749,7433.004243223528,7166.482178725473,7294.8076171875,127039,0.0,0.0,0.0
2015-05-21 00:00:00+09:00,7225.709694362331,7373.777515968116,7067.770684649493,7304.67919921875,121013,0.0,0.0,0.0
2015-05-22 00:00:00+09:00,7294.808011111697,7314.550387325802,7126.997813291807,7304.67919921875,51182,0.0,0.0,0.0
2015-05-26 00:00:00+09:00,7205.967173510675,7373.777367962293,7136.868858148244,7166.482421875,54077,0.0,0.0,0.0
2015-05-27 00:00:00+09:00,7196.095527068662,7196.095527068662,6978.929406910212,7008.54296875,48186,0.0,0.0,0.0
2015-05-28 00:00:00+09:00,7038.156886713377,7235.58064230141,7028.285698933975,7176.353515625,34693,0.0,0.0,0.0
2015-05-29 00:00:00+09:00,7245.451473070228,7373.776907879373,7176.353162019149,7265.19384765625,57214,0.0,0.0,0.0
2015-06-01 00:00:00+09:00,7265.194205639616,7294.80776897782,7126.997576727992,7176.353515625,36929,0.0,0.0,0.0
2015-06-02 00:00:00+09:00,7304.679245079419,7304.679245079419,7126.997858036947,7146.740234375,53438,0.0,0.0,0.0
2015-06-03 00:00:00+09:00,7156.6113448469605,7275.065601589255,7146.740156785102,7205.96728515625,46871,0.0,0.0,0.0
2015-06-04 00:00:00+09:00,7225.709866345498,7275.065808055509,7166.482736293486,7235.5810546875,46980,0.0,0.0,0.0
2015-06-05 00:00:00+09:00,7215.838506255278,7363.906327861064,7136.86900139886,7304.67919921875,72868,0.0,0.0,0.0
2015-06-08 00:00:00+09:00,7403.390448013737,7758.7531895183965,7314.549762637573,7679.78369140625,168753,0.0,0.0,0.0
2015-06-09 00:00:00+09:00,7679.784067395429,7729.140006131904,7521.845063438711,7640.29931640625,66978,0.0,0.0,0.0
2015-06-10 00:00:00+09:00,7739.0112711588545,7739.0112711588545,7571.201077779134,7581.072265625,46499,0.0,0.0,0.0
2015-06-11 00:00:00+09:00,7600.8146413167315,7729.140083312988,7531.716326395671,7581.072265625,43536,0.0,0.0,0.0
2015-06-12 00:00:00+09:00,7581.072403462051,7660.04190766478,7304.679138752497,7413.26220703125,51866,0.0,0.0,0.0
2015-06-15 00:00:00+09:00,7561.329942179518,7956.177458742417,7531.716378437301,7729.14013671875,184441,0.0,0.0,0.0
2015-06-16 00:00:00+09:00,7867.336819832785,8074.631767406799,7650.170684279057,7877.2080078125,137777,0.0,0.0,0.0
2015-06-17 00:00:00+09:00,7975.919697265625,7995.662072753906,7788.367130126953,7896.9501953125,38458,0.0,0.0,0.0
2015-06-18 00:00:00+09:00,7817.980827945403,7995.662210398707,7650.17063340617,7729.14013671875,61750,0.0,0.0,0.0
2015-06-19 00:00:00+09:00,7462.618079790609,7798.238469622462,7462.618079790609,7778.49609375,36674,0.0,0.0,0.0
2015-06-22 00:00:00+09:00,7778.496216139034,7788.367404230581,7531.716513850359,7561.330078125,38712,0.0,0.0,0.0
2015-06-23 00:00:00+09:00,7561.330251821888,7630.428570050025,7275.065790591033,7492.23193359375,75073,0.0,0.0,0.0
2015-06-24 00:00:00+09:00,7324.421329006888,7581.072211155378,7314.550141231947,7433.00439453125,51223,0.0,0.0,0.0
2015-06-25 00:00:00+09:00,7423.133395056591,7502.102899259321,7354.035078879203,7413.26220703125,30112,0.0,0.0,0.0
2015-06-26 00:00:00+09:00,7413.262301432292,7492.231806640625,7314.550419921875,7403.39111328125,34414,0.0,0.0,0.0
2015-06-29 00:00:00+09:00,7284.936665355215,7403.390920076438,6860.4755859375,6860.4755859375,65637,0.0,0.0,0.0
2015-06-30 00:00:00+09:00,7038.15673828125,7038.15673828125,6643.309235432373,7038.15673828125,47095,0.0,0.0,0.0
2015-07-01 00:00:00+09:00,7048.027925852472,7275.065239990577,7038.15673828125,7038.15673828125,29947,0.0,0.0,0.0
2015-07-02 00:00:00+09:00,6939.444789584058,7107.254976529903,6939.444789584058,7097.3837890625,18188,0.0,0.0,0.0
2015-07-03 00:00:00+09:00,7265.194506626074,7265.194506626074,6860.475790903698,6890.08935546875,71401,0.0,0.0,0.0
2015-07-06 00:00:00+09:00,6702.536715437177,6771.635032091169,6544.597705942339,6692.66552734375,66544,0.0,0.0,0.0
2015-07-07 00:00:00+09:00,6702.536761234895,6761.763890200151,6376.787551925982,6534.7265625,73248,0.0,0.0,0.0
2015-07-08 00:00:00+09:00,6613.696006106055,6692.665510656575,6416.272244729755,6643.3095703125,30882,0.0,0.0,0.0
2015-07-09 00:00:00+09:00,6593.953691465257,6663.0520085913895,6495.241809856496,6534.7265625,18098,0.0,0.0,0.0
2015-07-10 00:00:00+09:00,6495.241547632929,6830.861931553171,6495.241547632929,6613.69580078125,36542,0.0,0.0,0.0
2015-07-13 00:00:00+09:00,6564.340159098308,6663.052041190012,6534.726594470796,6633.4384765625,30616,0.0,0.0,0.0
2015-07-14 00:00:00+09:00,6722.278771464759,6899.960148684092,6564.339769492019,6880.2177734375,26124,0.0,0.0,0.0
2015-07-15 00:00:00+09:00,6830.86200464221,6998.672198397871,6633.438247282608,6811.11962890625,48929,0.0,0.0,0.0
2015-07-16 00:00:00+09:00,6811.11962890625,6909.831507586051,6643.309435150589,6811.11962890625,16540,0.0,0.0,0.0
2015-07-17 00:00:00+09:00,6860.475837953629,6860.475837953629,6603.82494329637,6732.150390625,23993,0.0,0.0,0.0
2015-07-20 00:00:00+09:00,6534.726625504032,6801.248708417338,6534.726625504032,6732.150390625,20464,0.0,0.0,0.0
2015-07-21 00:00:00+09:00,6732.149886368688,7117.126199518803,6732.149886368688,6939.44482421875,59244,0.0,0.0,0.0
2015-07-22 00:00:00+09:00,7107.255146155197,7107.255146155197,6919.702579798323,7028.28564453125,25216,0.0,0.0,0.0
2015-07-23 00:00:00+09:00,7048.028398934057,7087.5131518692615,6939.445328362243,6988.80126953125,27754,0.0,0.0,0.0
2015-07-24 00:00:00+09:00,7057.899682720783,7057.899682720783,6899.960668841716,6978.93017578125,29236,0.0,0.0,0.0
2015-07-27 00:00:00+09:00,6909.83122238005,7038.156659367109,6840.73291015625,6840.73291015625,32259,0.0,0.0,0.0
2015-07-28 00:00:00+09:00,6830.862099169993,6909.83160320664,6613.695963069213,6801.24853515625,37815,0.0,0.0,0.0
2015-07-29 00:00:00+09:00,6860.475397465304,6870.3465850875555,6564.339768797737,6623.56689453125,31813,0.0,0.0,0.0
2015-07-30 00:00:00+09:00,6574.211143322589,6840.7332167005325,6524.855203808155,6603.82470703125,44664,0.0,0.0,0.0
2015-07-31 00:00:00+09:00,6574.211270222621,6742.021467810887,6574.211270222621,6692.66552734375,14697,0.0,0.0,0.0
2015-08-03 00:00:00+09:00,6692.665605817522,6761.7639232817155,6564.340159098308,6633.4384765625,19898,0.0,0.0,0.0
2015-08-04 00:00:00+09:00,6564.339955419703,6909.831532020739,6564.339955419703,6603.82470703125,27455,0.0,0.0,0.0
2015-08-05 00:00:00+09:00,6603.824538010817,6909.8313551682695,6603.824538010817,6672.9228515625,19530,0.0,0.0,0.0
2015-08-06 00:00:00+09:00,6742.021563686219,7067.770775401659,6742.021563686219,6988.80126953125,37889,0.0,0.0,0.0
2015-08-07 00:00:00+09:00,6988.801114908853,7117.126559109158,6909.83161078559,7107.25537109375,27946,0.0,0.0,0.0
2015-08-10 00:00:00+09:00,7008.543422154018,7107.255301339286,6811.119663783482,6909.83154296875,27658,0.0,0.0,0.0
2015-08-11 00:00:00+09:00,6959.187464871852,7067.77053169964,6830.862022257194,6860.4755859375,32515,0.0,0.0,0.0
2015-08-12 00:00:00+09:00,6771.634632916359,7057.899070751016,6406.400694989383,6682.7939453125,92521,0.0,0.0,0.0
2015-08-13 00:00:00+09:00,6682.794497378238,7057.899653804195,6465.628354184262,6574.21142578125,38490,0.0,0.0,0.0
2015-08-14 00:00:00+09:00,6574.21142578125,6574.21142578125,6574.21142578125,6574.21142578125,0,0.0,0.0,0.0
2015-08-17 00:00:00+09:00,6574.2112650333265,6702.53671014659,6287.946810549894,6386.65869140625,19594,0.0,0.0,0.0
2015-08-18 00:00:00+09:00,6426.143768653441,6505.11327733121,5912.841962247943,6149.75048828125,55313,0.0,0.0,0.0
2015-08-19 00:00:00+09:00,5912.841842204041,6149.750363427575,5725.289262902076,6060.90966796875,50760,0.0,0.0,0.0
2015-08-20 00:00:00+09:00,5833.871844178817,6130.007470786879,5745.031156196398,5754.90234375,15846,0.0,0.0,0.0
2015-08-21 00:00:00+09:00,5527.865524001901,5745.03166958769,5152.76036344463,5192.2451171875,63576,0.0,0.0,0.0
2015-08-24 00:00:00+09:00,5034.305683024879,5577.221001782464,5014.56330779733,5083.66162109375,41476,0.0,0.0,0.0
2015-08-25 00:00:00+09:00,5083.6617115162035,5448.895659722222,5024.434584780092,5330.44140625,25780,0.0,0.0,0.0
2015-08-26 00:00:00+09:00,5320.570499903719,5606.8349609375,5231.729805100132,5606.8349609375,25125,0.0,0.0,0.0
2015-08-27 00:00:00+09:00,5666.061787419942,5685.804162985865,5498.251595109596,5587.09228515625,20169,0.0,0.0,0.0
2015-08-28 00:00:00+09:00,5587.092355148784,5972.068683507093,5488.3804760825515,5784.51611328125,23687,0.0,0.0,0.0
2015-08-31 00:00:00+09:00,5824.000788508235,5952.326229610959,5735.160098514041,5843.7431640625,13004,0.0,0.0,0.0
2015-09-01 00:00:00+09:00,5873.356900206998,5873.356900206998,5646.319574652778,5774.64501953125,13227,0.0,0.0,0.0
2015-09-02 00:00:00+09:00,5774.644756863933,5883.227820668212,5587.092192111088,5853.6142578125,15224,0.0,0.0,0.0
2015-09-03 00:00:00+09:00,5912.84118335278,6732.149727957589,5912.84118335278,6080.6513671875,29317,0.0,0.0,0.0
2015-09-04 00:00:00+09:00,6080.6517504799485,6416.272139305141,5725.28898584151,5784.51611328125,25829,0.0,0.0,0.0
2015-09-07 00:00:00+09:00,5784.515943631503,5843.743069334215,5527.865065586419,5596.96337890625,12612,0.0,0.0,0.0
2015-09-08 00:00:00+09:00,5596.963378003697,5695.675254158965,5340.3125,5340.3125,10248,0.0,0.0,0.0
2015-09-09 00:00:00+09:00,5350.183868570243,5824.00089014104,5350.183868570243,5577.22119140625,16645,0.0,0.0,0.0
2015-09-10 00:00:00+09:00,5577.221040775293,5725.288856017114,5468.637976264623,5695.67529296875,6786,0.0,0.0,0.0
2015-09-11 00:00:00+09:00,5725.2890625,5804.258566810345,5587.092429956897,5725.2890625,6370,0.0,0.0,0.0
2015-09-14 00:00:00+09:00,5725.289079193376,5774.64501953125,5587.0924462473295,5774.64501953125,7702,0.0,0.0,0.0
2015-09-15 00:00:00+09:00,5774.644650342988,6070.7802734375,5656.190401105183,6070.7802734375,8788,0.0,0.0,0.0
2015-09-16 00:00:00+09:00,6120.1362106199185,6120.1362106199185,5902.9700870172765,6070.7802734375,11229,0.0,0.0,0.0
2015-09-17 00:00:00+09:00,6070.780555874694,6070.780555874694,5932.583925334457,6041.1669921875,12050,0.0,0.0,0.0
2015-09-18 00:00:00+09:00,6110.265062500001,6307.6888125000005,5952.3260625,6169.4921875,9380,0.0,0.0,0.0
2015-09-21 00:00:00+09:00,6238.590803179824,6238.590803179824,6139.878923382676,6189.23486328125,4270,0.0,0.0,0.0
2015-09-22 00:00:00+09:00,6258.333510612285,6366.916584140258,6179.36400259194,6307.689453125,22275,0.0,0.0,0.0
2015-09-23 00:00:00+09:00,6218.848185456557,7235.580507840725,6218.848185456557,6830.86181640625,166668,0.0,0.0,0.0
2015-09-24 00:00:00+09:00,6909.831525404676,7057.899343806205,6416.272130732914,6860.4755859375,63026,0.0,0.0,0.0
2015-09-25 00:00:00+09:00,6959.187032350352,7087.512466989437,6820.990410431338,7008.54296875,75284,0.0,0.0,0.0
2015-09-30 00:00:00+09:00,7008.543269125263,7245.4517739971025,6959.187330610296,7028.28564453125,76583,0.0,0.0,0.0
2015-10-01 00:00:00+09:00,7008.543439716313,7097.384131205674,6811.119680851064,6959.1875,21378,0.0,0.0,0.0
2015-10-02 00:00:00+09:00,6909.8313551682695,7038.1567946213945,6850.604229266827,6929.57373046875,26620,0.0,0.0,0.0
2015-10-05 00:00:00+09:00,6929.5740133784875,6929.5740133784875,6761.763816473311,6899.96044921875,22412,0.0,0.0,0.0
2015-10-06 00:00:00+09:00,6959.187423770438,7294.807810165041,6939.445048100168,7018.41455078125,99719,0.0,0.0,0.0
2015-10-07 00:00:00+09:00,7255.322957871836,8587.933297072785,7255.322957871836,7798.23828125,716632,0.0,0.0,0.0
2015-10-08 00:00:00+09:00,8025.275559645433,8183.214562049279,7729.139930138222,7956.17724609375,317461,0.0,0.0,0.0
2015-10-12 00:00:00+09:00,7936.4347772421,8045.017840114815,7847.5940894371515,7966.04833984375,91204,0.0,0.0,0.0
2015-10-13 00:00:00+09:00,7896.950175091352,8272.055308408191,7867.33661193476,8104.2451171875,172172,0.0,0.0,0.0
2015-10-14 00:00:00+09:00,8183.215097531847,8311.540545382166,7748.8828125,7748.8828125,219387,0.0,0.0,0.0
2015-10-15 00:00:00+09:00,7847.594695461783,7975.920143312102,7521.8454816878975,7748.8828125,90891,0.0,0.0,0.0
2015-10-16 00:00:00+09:00,7660.042026851285,8064.7607421875,7660.042026851285,8064.7607421875,174619,0.0,0.0,0.0
2015-10-19 00:00:00+09:00,8143.730224609375,9565.181318359375,8094.374283854167,8884.0693359375,1247770,0.0,0.0,0.0
2015-10-20 00:00:00+09:00,8913.682900390624,9051.879534505208,8597.804879557292,8884.0693359375,309847,0.0,0.0,0.0
2015-10-21 00:00:00+09:00,8844.584971098266,8844.584971098266,8370.767919075144,8538.578125,190323,0.0,0.0,0.0
2015-10-22 00:00:00+09:00,8597.80525650289,9071.622308526012,8489.222182080925,8538.578125,195079,0.0,0.0,0.0
2015-10-23 00:00:00+09:00,8686.645073398577,8884.068825066726,8321.4111328125,8321.4111328125,87973,0.0,0.0,0.0
2015-10-26 00:00:00+09:00,8351.025745098408,8587.93427687425,8193.086723914514,8212.8291015625,80880,0.0,0.0,0.0
2015-10-27 00:00:00+09:00,8311.540155773628,8311.540155773628,7808.109576267149,8094.3740234375,193866,0.0,0.0,0.0
2015-10-28 00:00:00+09:00,8094.374151839566,8459.608107471351,7896.950392038601,8183.21484375,130362,0.0,0.0,0.0
2015-10-29 00:00:00+09:00,8489.221498842593,9032.136827256945,7995.662109375,7995.662109375,307357,0.0,0.0,0.0
2015-10-30 00:00:00+09:00,7867.336976184796,8143.730245109733,7511.974201852735,7758.75390625,155910,0.0,0.0,0.0
2015-11-02 00:00:00+09:00,7798.23828125,7936.434909018987,7660.041653481013,7798.23828125,46597,0.0,0.0,0.0
2015-11-03 00:00:00+09:00,7798.238445418727,8094.374082586526,7669.913002646013,7985.791015625,57647,0.0,0.0,0.0
2015-11-04 00:00:00+09:00,7995.661996694712,8163.472186748799,7877.207744891827,7956.17724609375,45600,0.0,0.0,0.0
2015-11-05 00:00:00+09:00,8015.404498922414,8518.835077056703,7956.177372083085,8301.6689453125,234765,0.0,0.0,0.0
2015-11-06 00:00:00+09:00,8429.994739310168,8558.320186161494,8291.798104239511,8469.4794921875,127914,0.0,0.0,0.0
2015-11-09 00:00:00+09:00,8469.479198042169,8597.804640436747,7995.66217996988,8193.0859375,166230,0.0,0.0,0.0
2015-11-10 00:00:00+09:00,8005.5332216749,8143.729849422679,7857.465406230852,8054.88916015625,119548,0.0,0.0,0.0
2015-11-11 00:00:00+09:00,8005.53369140625,8045.01844450813,7798.238737621378,8005.53369140625,90052,0.0,0.0,0.0
2015-11-12 00:00:00+09:00,8005.533391436186,8173.343585831273,7808.10963332432,7985.791015625,46709,0.0,0.0,0.0
2015-11-13 00:00:00+09:00,7906.8214330503115,8558.319828282922,7817.980742791319,8301.6689453125,187425,0.0,0.0,0.0
2015-11-16 00:00:00+09:00,8242.44187688253,8469.479198042169,8143.72999811747,8193.0859375,52873,0.0,0.0,0.0
2015-11-17 00:00:00+09:00,8242.442135989011,9042.00837912088,8242.442135989011,8982.78125,421161,0.0,0.0,0.0
2015-11-18 00:00:00+09:00,9061.751220703125,9515.825900607639,9012.395277235244,9239.4326171875,375234,0.0,0.0,0.0
2015-11-19 00:00:00+09:00,9367.7578125,9505.954450408324,9150.59166721549,9367.7578125,194905,0.0,0.0,0.0
2015-11-20 00:00:00+09:00,9367.757351483186,10117.967634636738,9180.204780694796,9723.1201171875,249127,0.0,0.0,0.0
2015-11-23 00:00:00+09:00,9920.543397845644,10463.458708175505,9762.604398476957,9772.4755859375,199311,0.0,0.0,0.0
2015-11-24 00:00:00+09:00,9772.475911458334,9871.187789351852,9229.560583043982,9328.2724609375,106124,0.0,0.0,0.0
2015-11-25 00:00:00+09:00,9328.2724609375,9426.984338831018,8972.909700520833,9328.2724609375,169512,0.0,0.0,0.0
2015-11-26 00:00:00+09:00,9298.659596084379,9328.273161677005,8982.781563096374,9051.8798828125,155820,0.0,0.0,0.0
2015-11-27 00:00:00+09:00,9071.622259874252,9229.561276368253,8982.781563096374,9051.8798828125,135246,0.0,0.0,0.0
2015-11-30 00:00:00+09:00,9051.878533014386,9259.173461251357,8903.810727130836,9091.36328125,106738,0.0,0.0,0.0
2015-12-01 00:00:00+09:00,9042.00818941886,9259.174324972588,9002.5234375,9002.5234375,99512,0.0,0.0,0.0
2015-12-02 00:00:00+09:00,9012.394127997915,9614.53656152242,8972.909378258602,9466.46875,196744,0.0,0.0,0.0
2015-12-03 00:00:00+09:00,9476.340850515464,9663.893429848584,9308.530647954252,9575.052734375,99636,0.0,0.0,0.0
2015-12-04 00:00:00+09:00,9387.499550885695,9496.082616143047,9120.977481617647,9229.560546875,98652,0.0,0.0,0.0
2015-12-07 00:00:00+09:00,9357.886274476932,9525.696471382109,9160.462513412018,9199.947265625,109046,0.0,0.0,0.0
2015-12-08 00:00:00+09:00,9130.84859545765,9219.689284494536,8637.289211919398,9032.13671875,140461,0.0,0.0,0.0
2015-12-09 00:00:00+09:00,8903.811744505494,9101.235508241758,8864.326991758242,8982.78125,48207,0.0,0.0,0.0
2015-12-10 00:00:00+09:00,8982.780895681692,8982.780895681692,8538.577444796332,8814.970703125,67049,0.0,0.0,0.0
2015-12-11 00:00:00+09:00,8893.940530186135,9673.764394653066,8844.584589397089,9496.0830078125,258269,0.0,0.0,0.0
2015-12-14 00:00:00+09:00,9367.756606585415,10019.254958571333,9120.976927802869,9288.787109375,211810,0.0,0.0,0.0
2015-12-15 00:00:00+09:00,9417.114013671875,9565.181844075521,8972.910522460938,9239.4326171875,87936,0.0,0.0,0.0
2015-12-16 00:00:00+09:00,9871.187750668449,10759.594648228609,9199.946983622995,9229.560546875,304505,0.0,0.0,0.0
2015-12-17 00:00:00+09:00,9278.91716796875,9969.900361328126,9081.4933984375,9871.1884765625,162940,0.0,0.0,0.0
2015-12-18 00:00:00+09:00,9811.96075978322,11105.086372994088,9683.635317250844,10957.0185546875,478855,0.0,0.0,0.0
2015-12-21 00:00:00+09:00,10858.306325054586,11351.865703466157,10562.170698007641,11302.509765625,249173,0.0,0.0,0.0
2015-12-22 00:00:00+09:00,11253.154262306416,11450.578021294248,10858.306744330752,11154.4423828125,161402,0.0,0.0,0.0
2015-12-23 00:00:00+09:00,11154.442133564331,12338.98466102249,10907.66244034388,11796.0693359375,417617,0.0,0.0,0.0
2015-12-24 00:00:00+09:00,11894.78125,12141.560943983402,11697.357494813277,11894.78125,151196,0.0,0.0,0.0
2015-12-28 00:00:00+09:00,11845.42527458159,11993.493090513859,11450.57776542887,11796.0693359375,127955,0.0,0.0,0.0
2015-12-29 00:00:00+09:00,11796.070272476947,12539.520079565831,11548.253670113985,12093.4501953125,123441,50.0,0.0,0.0
2015-12-30 00:00:00+09:00,12143.012903979701,12242.139539930557,11449.126452323719,11597.81640625,133591,0.0,0.0,0.0
2016-01-04 00:00:00+09:00,11498.689488636363,11944.759339488635,10903.9296875,10903.9296875,208355,0.0,0.0,0.0
2016-01-05 00:00:00+09:00,10903.930250264832,11696.943359375,10854.366930945445,11696.943359375,226689,0.0,0.0,0.0
2016-01-06 00:00:00+09:00,11796.069678151709,11994.32295005342,11349.999816372863,11597.81640625,150072,0.0,0.0,0.0
2016-01-07 00:00:00+09:00,11399.563511439732,11647.38010951451,10953.493634905135,11102.18359375,103522,0.0,0.0,0.0
2016-01-08 00:00:00+09:00,10755.239720167312,11300.436203678099,10408.296503387723,11201.3095703125,172671,0.0,0.0,0.0
2016-01-11 00:00:00+09:00,11300.436607142856,11300.436607142856,10408.296875,10408.296875,110176,0.0,0.0,0.0
2016-01-12 00:00:00+09:00,10507.423328488372,10804.803234011628,10259.606740552326,10656.11328125,114118,0.0,0.0,0.0
2016-01-13 00:00:00+09:00,10903.93031529018,11151.746913364956,10804.803676060268,11102.18359375,89171,0.0,0.0,0.0
2016-01-14 00:00:00+09:00,10755.240024499726,11498.68979577851,10606.55007024397,11300.4365234375,100375,0.0,0.0,0.0
2016-01-15 00:00:00+09:00,11548.25311386376,11895.196340460527,10903.929978755483,11300.4365234375,141247,0.0,0.0,0.0
2016-01-18 00:00:00+09:00,11003.056321022726,11201.309588068181,10606.549786931819,10903.9296875,117315,0.0,0.0,0.0
2016-01-19 00:00:00+09:00,10705.676576640271,11102.183116515836,10606.54994167138,10953.4931640625,79620,0.0,0.0,0.0
2016-01-20 00:00:00+09:00,10953.493578506097,10953.493578506097,9912.66387195122,10160.48046875,152537,0.0,0.0,0.0
2016-01-21 00:00:00+09:00,10210.0439453125,10705.677146541262,9902.751360550668,10210.0439453125,90983,0.0,0.0,0.0
2016-01-22 00:00:00+09:00,10358.733529550058,11102.183304398148,10358.733529550058,10705.6767578125,90464,0.0,0.0,0.0
2016-01-25 00:00:00+09:00,10903.930191532258,10953.493510584676,10556.986958165322,10755.240234375,38432,0.0,0.0,0.0
2016-01-26 00:00:00+09:00,10606.550095016892,10606.550095016892,9873.012985641892,9902.7509765625,255225,0.0,0.0,0.0
2016-01-27 00:00:00+09:00,10011.79078238351,10110.917423793248,8435.67718396868,8881.7470703125,544654,0.0,0.0,0.0
2016-01-28 00:00:00+09:00,8871.83414171007,9040.349427083334,8564.5415625,8921.3974609375,237210,0.0,0.0,0.0
2016-01-29 00:00:00+09:00,8961.048059994582,9307.991292405877,8792.532775680525,9149.388671875,234257,0.0,0.0,0.0
2016-02-01 00:00:00+09:00,9070.08764806628,9298.078922279967,8723.144404697625,9179.126953125,129580,0.0,0.0,0.0
2016-02-02 00:00:00+09:00,9139.476361347592,9258.428331343439,8871.834428856935,8951.1357421875,71914,0.0,0.0,0.0
2016-02-03 00:00:00+09:00,8782.619778732063,9040.349027317881,8733.05646169633,8980.873046875,61617,0.0,0.0,0.0
2016-02-04 00:00:00+09:00,9169.213649636447,11498.689549814357,9020.523698561263,10011.7900390625,908638,0.0,0.0,0.0
2016-02-05 00:00:00+09:00,10309.169761473431,10556.98634227808,9902.750568953805,10259.6064453125,178198,0.0,0.0,0.0
2016-02-11 00:00:00+09:00,9892.838676436439,10011.790644489784,9337.7294921875,9337.7294921875,139653,0.0,0.0,0.0
2016-02-12 00:00:00+09:00,9268.341018844438,9436.856310096155,8594.279853837568,9020.5244140625,182544,0.0,0.0,0.0
2016-02-15 00:00:00+09:00,9317.903496413934,9317.903496413934,8822.270331711065,9070.0869140625,67717,0.0,0.0,0.0
2016-02-16 00:00:00+09:00,9169.213840592662,9506.244403382012,8901.57192308347,9099.8251953125,88466,0.0,0.0,0.0
2016-02-17 00:00:00+09:00,9159.3017578125,9159.3017578125,8624.017888849432,8723.14453125,83922,0.0,0.0,0.0
2016-02-18 00:00:00+09:00,8921.397276182432,9198.951858108108,8891.659285261823,9169.2138671875,50343,0.0,0.0,0.0
2016-02-19 00:00:00+09:00,9119.650778785488,9436.856023264983,9070.087459335567,9426.943359375,47943,0.0,0.0,0.0
2016-02-22 00:00:00+09:00,9347.642048255126,9803.624587194401,9327.816720475157,9426.943359375,42082,0.0,0.0,0.0
2016-02-23 00:00:00+09:00,9446.76895050353,9615.28424133098,8941.22307802118,8951.1357421875,51844,0.0,0.0,0.0
2016-02-24 00:00:00+09:00,8970.960698689956,9496.331877729257,8970.960698689956,9080.0,43983,0.0,0.0,0.0
2016-02-25 00:00:00+09:00,9139.4755571209,9337.72882300205,8901.571638063524,9070.0869140625,65827,0.0,0.0,0.0
2016-02-26 00:00:00+09:00,9099.825427039195,9565.72062864142,9099.825427039195,9357.5546875,88457,0.0,0.0,0.0
2016-02-29 00:00:00+09:00,9565.72078853563,9654.934764801765,9317.904187796365,9407.1181640625,69734,0.0,0.0,0.0
2016-03-02 00:00:00+09:00,9426.94351566586,9585.546140535107,9327.81687512258,9476.5068359375,48611,0.0,0.0,0.0
2016-03-03 00:00:00+09:00,9446.768771933488,9535.982747743983,9218.77750041778,9268.3408203125,44583,0.0,0.0,0.0
2016-03-04 00:00:00+09:00,9228.689612755408,9317.903583233172,9089.912325345553,9278.2529296875,24484,0.0,0.0,0.0
2016-03-07 00:00:00+09:00,9317.904115874191,9397.205427498653,9080.000181000809,9198.9521484375,37508,0.0,0.0,0.0
2016-03-08 00:00:00+09:00,9139.47638435783,9258.428354653159,9020.5244140625,9020.5244140625,30536,0.0,0.0,0.0
2016-03-09 00:00:00+09:00,8921.397749688538,9089.913040515989,8891.659757189576,8951.1357421875,45933,0.0,0.0,0.0
2016-03-10 00:00:00+09:00,8970.96078016493,9070.087418619793,8842.096150173611,8921.3974609375,48211,0.0,0.0,0.0
2016-03-11 00:00:00+09:00,8921.39699278064,9317.903525793114,8921.39699278064,9139.4755859375,55422,0.0,0.0,0.0
2016-03-14 00:00:00+09:00,9198.952160493827,9962.22728587963,9198.952160493827,9635.109375,175749,0.0,0.0,0.0
2016-03-15 00:00:00+09:00,9645.02223716341,9793.71219970961,9387.29296875,9387.29296875,63171,0.0,0.0,0.0
2016-03-16 00:00:00+09:00,9417.03056343455,9605.37117470324,9268.340607169794,9446.7685546875,32117,0.0,0.0,0.0
2016-03-17 00:00:00+09:00,9476.506571451822,9892.838450113932,9397.205261230469,9516.1572265625,62458,0.0,0.0,0.0
2016-03-18 00:00:00+09:00,9714.410748979188,9744.1487410679,9377.380171973788,9407.1181640625,26398,0.0,0.0,0.0
2016-03-21 00:00:00+09:00,9446.768449113175,9684.67237647804,9417.030458192567,9535.982421875,55085,0.0,0.0,0.0
2016-03-22 00:00:00+09:00,9565.720412795608,9902.7509765625,9545.895085515202,9902.7509765625,96713,0.0,0.0,0.0
2016-03-23 00:00:00+09:00,9912.663586611676,10011.790222477792,9654.934333359772,9763.9736328125,52611,0.0,0.0,0.0
2016-03-24 00:00:00+09:00,9674.759981732775,9704.497973479905,9486.41936733429,9496.33203125,35529,0.0,0.0,0.0
2016-03-25 00:00:00+09:00,9446.768500656379,9813.537057345031,9446.768500656379,9674.759765625,43529,0.0,0.0,0.0
2016-03-28 00:00:00+09:00,9565.720091747637,9654.93406151523,9218.77687598477,9436.85546875,50385,0.0,0.0,0.0
2016-03-29 00:00:00+09:00,9317.90387463392,9615.283785526492,9218.777237669728,9307.9912109375,61693,0.0,0.0,0.0
2016-03-30 00:00:00+09:00,9298.078968583777,9456.681594913563,9238.602983710107,9317.904296875,32903,0.0,0.0,0.0
2016-03-31 00:00:00+09:00,9476.50638680116,9476.50638680116,9208.864470019118,9397.205078125,24372,0.0,0.0,0.0
2016-04-01 00:00:00+09:00,9337.72950621547,9417.030818370165,8941.222945441988,8970.9609375,67580,0.0,0.0,0.0
2016-04-04 00:00:00+09:00,9099.825497895077,9565.720703125,9050.262178189767,9565.720703125,89717,0.0,0.0,0.0
2016-04-05 00:00:00+09:00,9516.157431052094,9754.061366828397,9377.380135182584,9704.498046875,67164,0.0,0.0,0.0
2016-04-06 00:00:00+09:00,9704.49767670157,9704.49767670157,9377.37977748691,9466.59375,50212,0.0,0.0,0.0
2016-04-07 00:00:00+09:00,9486.41945225418,9585.546092298633,9288.166172165274,9337.7294921875,38915,0.0,0.0,0.0
2016-04-08 00:00:00+09:00,9198.952016129031,9307.991318044355,9080.000050403225,9218.77734375,46371,0.0,0.0,0.0
2016-04-11 00:00:00+09:00,9218.77734375,9426.94328377016,9119.650705645161,9218.77734375,39268,0.0,0.0,0.0
2016-04-12 00:00:00+09:00,9218.777185388513,9397.205130912162,9099.825221706082,9169.2138671875,16912,0.0,0.0,0.0
2016-04-14 00:00:00+09:00,9179.126530827702,9317.90382179054,9050.261903505067,9169.2138671875,46086,0.0,0.0,0.0
2016-04-15 00:00:00+09:00,9169.214376931663,9258.428354653159,8921.397772149725,9020.5244140625,49203,0.0,0.0,0.0
2016-04-18 00:00:00+09:00,9020.524099392362,9089.912746310765,8871.83414171007,8921.3974609375,42806,0.0,0.0,0.0
2016-04-19 00:00:00+09:00,8881.746516164994,9040.349132525083,8733.056563327411,8891.6591796875,44596,0.0,0.0,0.0
2016-04-20 00:00:00+09:00,8951.135672433034,8961.048336522108,8723.144398384353,8742.9697265625,36525,0.0,0.0,0.0
2016-04-21 00:00:00+09:00,8742.969010416668,9565.72006241733,8564.541071428572,9367.466796875,152712,0.0,0.0,0.0
2016-04-22 00:00:00+09:00,9367.466754415762,11399.562717013889,9198.9514794686,10259.6064453125,865380,0.0,0.0,0.0
2016-04-25 00:00:00+09:00,10259.606919642856,10556.986830357142,10011.790327380952,10408.296875,150124,0.0,0.0,0.0
2016-04-26 00:00:00+09:00,10903.929893092105,11944.759564705442,10358.7333984375,10358.7333984375,827850,0.0,0.0,0.0
2016-04-27 00:00:00+09:00,10309.170513188074,10953.493670262327,9962.227274763474,10804.8037109375,260698,0.0,0.0,0.0
2016-04-28 00:00:00+09:00,11052.620309812213,11151.7469493621,10755.240391162557,10804.8037109375,217798,0.0,0.0,0.0
2016-04-29 00:00:00+09:00,10804.803553427419,11102.183467741936,10606.55027721774,10755.240234375,115277,0.0,0.0,0.0
2016-05-02 00:00:00+09:00,10606.550397600447,11151.746913364956,10606.550397600447,11102.18359375,128033,0.0,0.0,0.0
2016-05-03 00:00:00+09:00,11250.873231630067,11548.253140836148,10854.366686021958,11003.056640625,154145,0.0,0.0,0.0
2016-05-04 00:00:00+09:00,11052.619799031392,11399.563021422511,10903.929846578054,10953.4931640625,121647,0.0,0.0,0.0
2016-05-09 00:00:00+09:00,11102.183116515836,11151.746434000283,10903.929846578054,10953.4931640625,54781,0.0,0.0,0.0
2016-05-10 00:00:00+09:00,11003.056303581307,11250.8728869953,10903.929670215708,11201.3095703125,69302,0.0,0.0,0.0
2016-05-11 00:00:00+09:00,11102.183094713657,11300.436364262114,10804.803190390969,11250.873046875,84837,0.0,0.0,0.0
2016-05-12 00:00:00+09:00,11250.8737109375,11300.43703125,11052.6204296875,11151.7470703125,52495,0.0,0.0,0.0
2016-05-13 00:00:00+09:00,11102.18359375,11350.000191824778,11003.05695452009,11102.18359375,59302,0.0,0.0,0.0
2016-05-16 00:00:00+09:00,11003.05695452009,11449.126831054688,11003.05695452009,11102.18359375,52098,0.0,0.0,0.0
2016-05-17 00:00:00+09:00,11151.74675500981,11449.126668476738,10953.49347936519,11052.6201171875,65852,0.0,0.0,0.0
2016-05-18 00:00:00+09:00,10804.80311146349,10903.929745513615,9912.663405012376,10011.7900390625,162627,0.0,0.0,0.0
2016-05-19 00:00:00+09:00,10110.917021780302,10160.48034051452,9754.06112689394,9813.537109375,113640,0.0,0.0,0.0
2016-05-20 00:00:00+09:00,9813.537421875,10011.790703125,9734.236109374999,9912.6640625,70390,0.0,0.0,0.0
2016-05-23 00:00:00+09:00,10011.789982194403,10011.789982194403,9853.187368615085,9873.0126953125,42296,0.0,0.0,0.0
2016-05-24 00:00:00+09:00,9873.012905003834,9902.750895681556,9585.54566178585,9694.5849609375,42152,0.0,0.0,0.0
2016-05-25 00:00:00+09:00,9763.973473373724,9892.838097895408,9486.418897480868,9714.41015625,45835,0.0,0.0,0.0
2016-05-26 00:00:00+09:00,9734.236062690163,10061.353975183823,9714.410734660243,9773.88671875,40315,0.0,0.0,0.0
2016-05-27 00:00:00+09:00,9912.664172868315,9912.664172868315,9763.97421027529,9823.4501953125,30371,0.0,0.0,0.0
2016-05-30 00:00:00+09:00,9823.449773121843,10011.79038431187,9714.410471906565,9813.537109375,28044,0.0,0.0,0.0
2016-05-31 00:00:00+09:00,9704.497318097016,10011.789878731344,9704.497318097016,9962.2265625,27409,0.0,0.0,0.0
2016-06-01 00:00:00+09:00,10011.789864507851,10507.42302611715,9892.837905721619,10259.6064453125,68165,0.0,0.0,0.0
2016-06-02 00:00:00+09:00,10160.48015124692,10358.733422490763,10011.790197814038,10061.353515625,40617,0.0,0.0,0.0
2016-06-03 00:00:00+09:00,10160.479797485596,10160.479797485596,9853.187237756763,9892.837890625,32209,0.0,0.0,0.0
2016-06-07 00:00:00+09:00,10011.7900390625,10804.80311146349,10011.7900390625,10011.7900390625,147876,0.0,0.0,0.0
2016-06-08 00:00:00+09:00,10259.60645988806,10309.169776119403,9823.44927705224,9962.2265625,88437,0.0,0.0,0.0
2016-06-09 00:00:00+09:00,10061.353210136218,10061.353210136218,9545.894720552884,9664.8466796875,91607,0.0,0.0,0.0
2016-06-10 00:00:00+09:00,9664.847153172348,9863.100428109217,9654.934489425505,9813.537109375,21061,0.0,0.0,0.0
2016-06-13 00:00:00+09:00,9793.71181233724,9793.71181233724,9426.943252563477,9516.1572265625,48385,0.0,0.0,0.0
2016-06-14 00:00:00+09:00,9377.37993367513,9585.545873006186,9347.641942342123,9516.1572265625,30802,0.0,0.0,0.0
2016-06-15 00:00:00+09:00,9476.506150612617,9605.370773999608,9397.20484391293,9506.244140625,40972,0.0,0.0,0.0
2016-06-16 00:00:00+09:00,9407.117524934405,9575.632801988024,8534.803149598021,9208.8642578125,104240,0.0,0.0,0.0
2016-06-17 00:00:00+09:00,9218.777212814246,9407.117822538408,8772.707347678073,8871.833984375,120907,0.0,0.0,0.0
2016-06-20 00:00:00+09:00,8871.834451193337,9080.000399210165,8871.834451193337,9020.5244140625,28952,0.0,0.0,0.0
2016-06-21 00:00:00+09:00,8931.309806223666,9020.523777650984,8633.929901465941,8822.2705078125,123034,0.0,0.0,0.0
2016-06-22 00:00:00+09:00,9317.903739456582,9337.72906656181,8822.270561825913,8961.0478515625,97917,0.0,0.0,0.0
2016-06-23 00:00:00+09:00,8921.396921641792,8921.396921641792,8604.191697761195,8633.9296875,71811,0.0,0.0,0.0
2016-06-24 00:00:00+09:00,8574.454233349852,8802.445501982276,7731.877805795242,7969.78173828125,170262,0.0,0.0,0.0
2016-06-27 00:00:00+09:00,7741.790580534731,8148.209804352816,7731.877916539168,8098.646484375,59276,0.0,0.0,0.0
2016-06-28 00:00:00+09:00,7999.519281351341,8455.501793051666,7920.217974968676,8405.9384765625,44533,0.0,0.0,0.0
2016-06-29 00:00:00+09:00,8495.152817472404,8713.231419554544,8455.50216254838,8643.8427734375,55766,0.0,0.0,0.0
2016-06-30 00:00:00+09:00,8752.881646455224,8752.881646455224,8524.890391791045,8633.9296875,25560,0.0,0.0,0.0
2016-07-01 00:00:00+09:00,8643.842880938586,8792.532838752897,8445.589603852839,8554.62890625,44840,0.0,0.0,0.0
2016-07-04 00:00:00+09:00,8505.065036349826,8693.405637387876,8505.065036349826,8564.541015625,28833,0.0,0.0,0.0
2016-07-05 00:00:00+09:00,8633.929846916024,8723.14381777968,8495.152558905893,8683.4931640625,33775,0.0,0.0,0.0
2016-07-06 00:00:00+09:00,8574.454127320456,8663.668100899513,8475.327490010393,8643.8427734375,34635,0.0,0.0,0.0
2016-07-07 00:00:00+09:00,8663.667891941714,8901.571815747893,8633.929901465941,8822.2705078125,36605,0.0,0.0,0.0
2016-07-08 00:00:00+09:00,8961.04777513587,9417.03029466712,8961.04777513587,9119.650390625,131876,0.0,0.0,0.0
2016-07-11 00:00:00+09:00,9020.523886420888,9169.213840592662,8861.921268637663,9099.8251953125,73943,0.0,0.0,0.0
2016-07-12 00:00:00+09:00,9099.825545483018,9169.214193433325,8733.056977745684,8901.572265625,43575,0.0,0.0,0.0
2016-07-13 00:00:00+09:00,8990.786241561107,9050.262225518514,8861.921609653396,8901.572265625,26109,0.0,0.0,0.0
2016-07-14 00:00:00+09:00,8861.92144657258,9268.340662802419,8852.008782762096,9218.77734375,67516,0.0,0.0,0.0
2016-07-15 00:00:00+09:00,9268.340164103836,9565.72006241733,9189.038857886904,9367.466796875,75026,0.0,0.0,0.0
2016-07-18 00:00:00+09:00,9417.03096125924,9535.982931296197,9288.166327052533,9387.29296875,48106,0.0,0.0,0.0
2016-07-19 00:00:00+09:00,9317.904056585174,9516.157334384858,9317.904056585174,9426.943359375,25642,0.0,0.0,0.0
2016-07-20 00:00:00+09:00,9417.030537708113,9496.33184749934,9298.078573021274,9377.3798828125,35215,0.0,0.0,0.0
2016-07-21 00:00:00+09:00,9377.379563551682,9407.117553710938,9268.340266301082,9278.2529296875,38288,0.0,0.0,0.0
2016-07-22 00:00:00+09:00,9317.904273847802,9357.554930332262,9119.65099142551,9248.515625,32194,0.0,0.0,0.0
2016-07-25 00:00:00+09:00,9307.990788246268,9347.641441231344,9169.213502798508,9298.078125,17465,0.0,0.0,0.0
2016-07-26 00:00:00+09:00,9198.95204108858,9367.46732632404,9159.301385739062,9288.166015625,21294,0.0,0.0,0.0
2016-07-27 00:00:00+09:00,9288.166015625,9347.64199864928,9248.51536027548,9288.166015625,14187,0.0,0.0,0.0
2016-07-28 00:00:00+09:00,9347.642048255126,9456.681351044952,9179.126762125394,9426.943359375,35379,0.0,0.0,0.0
2016-07-29 00:00:00+09:00,9506.244511223242,9595.458484738372,8871.834032893432,9377.3798828125,23325,0.0,0.0,0.0
2016-08-01 00:00:00+09:00,9466.594218145941,9654.934836098582,9337.729584809922,9615.2841796875,55425,0.0,0.0,0.0
2016-08-02 00:00:00+09:00,9615.283465967908,9654.934119435819,9516.156832298137,9575.6328125,24883,0.0,0.0,0.0
2016-08-03 00:00:00+09:00,9585.54560769742,9585.54560769742,9426.942991644515,9555.8076171875,17700,0.0,0.0,0.0
2016-08-04 00:00:00+09:00,9555.807749155405,10210.043549408783,9486.419103673987,9902.7509765625,66726,0.0,0.0,0.0
2016-08-05 00:00:00+09:00,9962.226665450866,10110.916615681475,9674.759428338353,9873.0126953125,22294,0.0,0.0,0.0
2016-08-08 00:00:00+09:00,9873.013182030416,9912.663837379936,9218.77736876334,9288.166015625,74272,0.0,0.0,0.0
2016-08-09 00:00:00+09:00,9238.602295460816,9377.379583160871,8921.397066432119,8980.873046875,66950,0.0,0.0,0.0
2016-08-10 00:00:00+09:00,8990.785869108466,9149.388486424603,8990.785869108466,9030.4365234375,30285,0.0,0.0,0.0
2016-08-11 00:00:00+09:00,9000.698532690725,9159.30115000686,8961.04787836169,9030.4365234375,20390,0.0,0.0,0.0
2016-08-12 00:00:00+09:00,9030.436681222707,9159.301310043667,8961.048034934498,9080.0,20722,0.0,0.0,0.0
2016-08-16 00:00:00+09:00,9139.476265625,9139.476265625,8524.89109375,8673.5810546875,96544,0.0,0.0,0.0
2016-08-17 00:00:00+09:00,8673.580872501449,8852.008821878622,8534.803578541425,8554.62890625,49931,0.0,0.0,0.0
2016-08-18 00:00:00+09:00,8554.62890625,8643.842880938586,8485.24025926999,8554.62890625,19418,0.0,0.0,0.0
2016-08-19 00:00:00+09:00,8455.502242899387,8643.842855578272,8455.502242899387,8485.240234375,31033,0.0,0.0,0.0
2016-08-22 00:00:00+09:00,8495.15301890432,8961.048225308643,8495.15301890432,8832.18359375,40276,0.0,0.0,0.0
2016-08-23 00:00:00+09:00,9040.348998887654,9040.348998887654,8852.00839474416,8911.484375,27642,0.0,0.0,0.0
2016-08-24 00:00:00+09:00,8970.960252400537,9040.348895236784,8822.27030346572,9000.6982421875,24267,0.0,0.0,0.0
2016-08-25 00:00:00+09:00,9099.82549579327,9099.82549579327,8723.144266119909,8762.794921875,39265,0.0,0.0,0.0
2016-08-26 00:00:00+09:00,8941.222354897767,8941.222354897767,8425.76385993692,8544.7158203125,45743,0.0,0.0,0.0
2016-08-29 00:00:00+09:00,8534.802996462951,8544.71565964119,8326.637069719953,8495.15234375,41168,0.0,0.0,0.0
2016-08-30 00:00:00+09:00,8445.589473446531,8762.794711885837,8445.589473446531,8574.4541015625,6454,0.0,0.0,0.0
2016-08-31 00:00:00+09:00,8574.454390706005,8633.930374918995,8485.24041438652,8604.1923828125,15023,0.0,0.0,0.0
2016-09-01 00:00:00+09:00,8604.192118513474,8852.008711788632,8485.240153741399,8643.8427734375,28429,0.0,0.0,0.0
2016-09-02 00:00:00+09:00,8822.2705078125,9050.261768126757,8673.580555433638,8822.2705078125,57185,0.0,0.0,0.0
2016-09-05 00:00:00+09:00,8822.270797609883,8931.310099602813,8663.668176529254,8852.0087890625,40778,0.0,0.0,0.0
2016-09-06 00:00:00+09:00,8871.833561634858,8931.309540819002,8752.881603266569,8861.9208984375,23528,0.0,0.0,0.0
2016-09-07 00:00:00+09:00,8772.70703125,8931.30964424435,8772.70703125,8772.70703125,11103,0.0,0.0,0.0
2016-09-08 00:00:00+09:00,8693.405909237388,8911.484506732511,8624.017264579848,8891.6591796875,20577,0.0,0.0,0.0
2016-09-09 00:00:00+09:00,8782.620065671588,8881.74670298165,8624.017445975487,8643.8427734375,18268,0.0,0.0,0.0
2016-09-12 00:00:00+09:00,8405.939078832753,8643.843015026132,8405.939078832753,8534.8037109375,18423,0.0,0.0,0.0
2016-09-13 00:00:00+09:00,8554.629217228665,8683.4938520189,8534.803888799399,8653.755859375,8992,0.0,0.0,0.0
2016-09-19 00:00:00+09:00,8742.969655106708,8772.70764713088,8425.764406848868,8534.8037109375,37959,0.0,0.0,0.0
2016-09-20 00:00:00+09:00,8614.104782244482,8733.056747016557,8534.80347239643,8643.8427734375,23482,0.0,0.0,0.0
2016-09-21 00:00:00+09:00,8534.803522458733,8782.6201171875,8534.803522458733,8782.6201171875,37086,0.0,0.0,0.0
2016-09-22 00:00:00+09:00,8822.270233022185,9189.038770799512,8792.532243472673,9159.30078125,33971,0.0,0.0,0.0
2016-09-23 00:00:00+09:00,9159.301492625269,9248.515468202788,9099.825508906924,9198.9521484375,38352,0.0,0.0,0.0
2016-09-26 00:00:00+09:00,9278.253217853484,11250.873293016777,9109.737935050589,9674.759765625,583419,0.0,0.0,0.0
2016-09-27 00:00:00+09:00,9535.982898694248,10804.80390808392,9516.157570422536,10556.9873046875,301742,0.0,0.0,0.0
2016-09-28 00:00:00+09:00,10309.170393957345,10705.67694757109,10011.790478747038,10457.8603515625,168360,0.0,0.0,0.0
2016-09-29 00:00:00+09:00,10606.550191156915,11647.3798828125,10457.860235206117,11647.3798828125,462333,0.0,0.0,0.0
2016-09-30 00:00:00+09:00,11399.56328956117,12737.772893118352,11300.436652260638,11647.3798828125,528128,0.0,0.0,0.0
2016-10-04 00:00:00+09:00,11647.379724225428,12143.012903979701,11399.563134348291,11597.81640625,185310,0.0,0.0,0.0
2016-10-05 00:00:00+09:00,11548.252951197686,11746.506220746145,11052.619777326541,11250.873046875,161147,0.0,0.0,0.0
2016-10-06 00:00:00+09:00,11349.999981643561,13679.475960408834,11300.436662946428,13183.8427734375,773681,0.0,0.0,0.0
2016-10-07 00:00:00+09:00,13580.349493511654,14075.982686705509,11696.943359375,11696.943359375,1748840,0.0,0.0,0.0
2016-10-10 00:00:00+09:00,11796.069438533561,14274.23528696498,11647.379487627675,12737.7724609375,1406017,0.0,0.0,0.0
2016-10-11 00:00:00+09:00,12589.082667151164,12836.89925508721,12143.01280886628,12787.3359375,244811,0.0,0.0,0.0
2016-10-12 00:00:00+09:00,12539.519587979772,12886.462817686723,11944.759765625,11944.759765625,143416,0.0,0.0,0.0
2016-10-13 00:00:00+09:00,11944.759302599678,12043.885935816272,11349.999503300109,11498.689453125,200882,0.0,0.0,0.0
2016-10-14 00:00:00+09:00,11498.689701140873,13084.715866815475,11349.99974810888,12489.9560546875,242393,0.0,0.0,0.0
2016-10-17 00:00:00+09:00,12489.956680297852,12936.02656173706,12291.703399658203,12688.2099609375,109843,0.0,0.0,0.0
2016-10-18 00:00:00+09:00,12688.209770114941,13431.659561332614,12688.209770114941,12936.0263671875,196362,0.0,0.0,0.0
2016-10-19 00:00:00+09:00,13332.5327295289,13679.475960408834,13084.716136043233,13183.8427734375,97924,0.0,0.0,0.0
2016-10-20 00:00:00+09:00,12985.589817086178,15315.065852975684,12985.589817086178,14522.052734375,600398,0.0,0.0,0.0
2016-10-21 00:00:00+09:00,14522.05248235887,14670.742439516129,13481.222782258064,13828.166015625,266206,0.0,0.0,0.0
2016-10-24 00:00:00+09:00,13778.602356172703,14422.925487936174,13580.349084860865,14026.4189453125,155074,0.0,0.0,0.0
2016-10-25 00:00:00+09:00,13877.729274054982,14670.742375429552,13778.60263638316,14422.92578125,156357,0.0,0.0,0.0
2016-10-26 00:00:00+09:00,14125.545580968419,14472.488805764135,13629.912402688826,14026.4189453125,104304,0.0,0.0,0.0
2016-10-27 00:00:00+09:00,14175.10908694919,14918.558864236737,13233.4060357183,13778.6025390625,229837,0.0,0.0,0.0
2016-10-28 00:00:00+09:00,13877.729204963234,14224.672435087316,13134.279426125919,13481.22265625,255182,0.0,0.0,0.0
2016-10-31 00:00:00+09:00,13580.34889190051,13629.912209024234,12093.449378188774,12143.0126953125,271088,0.0,0.0,0.0
2016-11-01 00:00:00+09:00,11994.322924804686,12489.956103515624,11895.1962890625,11895.1962890625,117673,0.0,0.0,0.0
2016-11-02 00:00:00+09:00,11796.069998013772,11994.323275291314,11498.690082097459,11696.943359375,65349,0.0,0.0,0.0
2016-11-03 00:00:00+09:00,11647.379699707031,12341.266149902343,11647.379699707031,11895.1962890625,51919,0.0,0.0,0.0
2016-11-04 00:00:00+09:00,11746.506335449218,12143.012878417969,11696.943017578125,11895.1962890625,44995,0.0,0.0,0.0
2016-11-07 00:00:00+09:00,11944.76004408258,13134.27971652234,11895.19672439759,12341.2666015625,124741,0.0,0.0,0.0
2016-11-08 00:00:00+09:00,12638.64629657452,13084.716165865384,12539.519658954327,12886.462890625,97066,0.0,0.0,0.0
2016-11-09 00:00:00+09:00,12936.026643346568,13332.533207127306,11548.253670113985,12093.4501953125,147479,0.0,0.0,0.0
2016-11-10 00:00:00+09:00,12539.519811871407,13035.153006016522,12440.393173042385,12936.0263671875,109178,0.0,0.0,0.0
2016-11-11 00:00:00+09:00,13233.40587158203,13282.969189453124,11895.1962890625,11895.1962890625,174668,0.0,0.0,0.0
2016-11-14 00:00:00+09:00,12043.886629585599,12341.26654636549,11350.000157099184,11399.5634765625,133204,0.0,0.0,0.0
2016-11-15 00:00:00+09:00,11498.689453125,11845.632669383082,11250.872870083513,11498.689453125,65333,0.0,0.0,0.0
2016-11-16 00:00:00+09:00,11746.506678694386,12043.8865946107,11647.380040055616,11696.943359375,55739,0.0,0.0,0.0
2016-11-17 00:00:00+09:00,11994.32276412134,11994.32276412134,11746.506178085774,11845.6328125,36706,0.0,0.0,0.0
2016-11-18 00:00:00+09:00,11895.196506550217,11994.323144104803,11350.0,11350.0,101483,0.0,0.0,0.0
2016-11-21 00:00:00+09:00,11399.563632981602,11696.943553841991,11201.310352408009,11449.126953125,78500,0.0,0.0,0.0
2016-11-22 00:00:00+09:00,11350.000316619873,13035.153202056885,11350.000316619873,12688.2099609375,301320,0.0,0.0,0.0
2016-11-23 00:00:00+09:00,12688.209514170041,13134.27937990258,12192.576330022774,12242.1396484375,132298,0.0,0.0,0.0
2016-11-24 00:00:00+09:00,12242.139202249462,12291.702518857759,11399.562819908406,11498.689453125,129802,0.0,0.0,0.0
2016-11-25 00:00:00+09:00,11498.690200617284,12341.266637731482,11449.126880787038,12043.88671875,111191,0.0,0.0,0.0
2016-11-28 00:00:00+09:00,12440.393021334134,12936.026209435096,11944.759833233173,12886.462890625,180078,0.0,0.0,0.0
2016-11-29 00:00:00+09:00,12985.589045780642,13233.405630623785,12489.955876094358,12737.7724609375,100907,0.0,0.0,0.0
2016-11-30 00:00:00+09:00,13035.152382656872,13035.152382656872,12291.702626992032,12440.392578125,58146,0.0,0.0,0.0
2016-12-01 00:00:00+09:00,12489.955876094358,12985.589045780642,12390.829242157102,12737.7724609375,78392,0.0,0.0,0.0
2016-12-02 00:00:00+09:00,12787.336640624999,12787.336640624999,12390.830078125,12390.830078125,87223,0.0,0.0,0.0
2016-12-05 00:00:00+09:00,12589.082849555336,12589.082849555336,12291.70293972332,12539.51953125,51948,0.0,0.0,0.0
2016-12-06 00:00:00+09:00,12638.645962801847,13084.7158203125,12589.082645300663,13084.7158203125,116822,0.0,0.0,0.0
2016-12-07 00:00:00+09:00,13282.969569288389,13382.096207865168,12787.336376404493,13233.40625,94840,0.0,0.0,0.0
2016-12-08 00:00:00+09:00,13282.969569288389,13431.659527153557,13035.152972846441,13233.40625,76003,0.0,0.0,0.0
2016-12-09 00:00:00+09:00,13282.96892823194,13382.095562024715,12737.772442371674,13035.15234375,87022,0.0,0.0,0.0
2016-12-12 00:00:00+09:00,13035.15307715236,13183.843036207329,12341.2666015625,12341.2666015625,153410,0.0,0.0,0.0
2016-12-13 00:00:00+09:00,12489.956369955707,12936.026240311268,12440.393051027313,12589.0830078125,62573,0.0,0.0,0.0
2016-12-14 00:00:00+09:00,13035.152549138145,13035.152549138145,12489.9560546875,12489.9560546875,86479,0.0,0.0,0.0
2016-12-15 00:00:00+09:00,12489.956186655405,12936.026050464527,12489.956186655405,12836.8994140625,96963,0.0,0.0,0.0
2016-12-16 00:00:00+09:00,12787.335960751489,12936.025913783482,12440.392737010168,12489.9560546875,48509,0.0,0.0,0.0
2016-12-19 00:00:00+09:00,12489.956240511134,12539.51955892586,12143.013011608047,12242.1396484375,58778,0.0,0.0,0.0
2016-12-20 00:00:00+09:00,12242.139489646848,12489.956078506097,12093.4495363313,12192.576171875,42836,0.0,0.0,0.0
2016-12-21 00:00:00+09:00,12341.266285266953,12341.266285266953,11994.323056363866,12242.1396484375,41003,0.0,0.0,0.0
2016-12-22 00:00:00+09:00,12341.266637731482,12390.82995756173,11796.070119598766,12043.88671875,79020,0.0,0.0,0.0
2016-12-23 00:00:00+09:00,11895.196129707114,12192.576032949792,11845.6328125,11845.6328125,51765,0.0,0.0,0.0
2016-12-26 00:00:00+09:00,11944.760154558982,11994.323474702382,11350.000312838203,11449.126953125,53148,0.0,0.0,0.0
2016-12-27 00:00:00+09:00,11350.0,11548.25327510917,11300.436681222707,11350.0,40928,0.0,0.0,0.0
2016-12-28 00:00:00+09:00,11550.0,12950.0,11400.0,12800.0,137007,100.0,0.0,0.0
2016-12-29 00:00:00+09:00,13000.0,14200.0,12750.0,13500.0,288761,0.0,0.0,0.0
2017-01-02 00:00:00+09:00,13500.0,14400.0,13350.0,14000.0,175859,0.0,0.0,0.0
2017-01-03 00:00:00+09:00,14150.0,14150.0,13350.0,14000.0,129938,0.0,0.0,0.0
2017-01-04 00:00:00+09:00,14000.0,14100.0,13750.0,14000.0,65416,0.0,0.0,0.0
2017-01-05 00:00:00+09:00,13950.0,14500.0,13900.0,14450.0,147041,0.0,0.0,0.0
2017-01-06 00:00:00+09:00,14550.0,16400.0,14500.0,15950.0,481552,0.0,0.0,0.0
2017-01-09 00:00:00+09:00,16050.0,17050.0,16000.0,16500.0,240235,0.0,0.0,0.0
2017-01-10 00:00:00+09:00,16450.0,16900.0,16250.0,16800.0,128787,0.0,0.0,0.0
2017-01-11 00:00:00+09:00,16700.0,16700.0,14950.0,15450.0,384136,0.0,0.0,0.0
2017-01-12 00:00:00+09:00,15500.0,16350.0,15100.0,16000.0,187867,0.0,0.0,0.0
2017-01-13 00:00:00+09:00,16000.0,16700.0,15900.0,16200.0,105674,0.0,0.0,0.0
2017-01-16 00:00:00+09:00,16300.0,16550.0,15450.0,15800.0,93640,0.0,0.0,0.0
2017-01-17 00:00:00+09:00,15600.0,16050.0,15000.0,16050.0,159404,0.0,0.0,0.0
2017-01-18 00:00:00+09:00,16450.0,17500.0,16300.0,16700.0,224180,0.0,0.0,0.0
2017-01-19 00:00:00+09:00,16800.0,16850.0,15750.0,15750.0,188275,0.0,0.0,0.0
2017-01-20 00:00:00+09:00,15800.0,16100.0,15000.0,15750.0,221997,0.0,0.0,0.0
2017-01-23 00:00:00+09:00,15600.0,16100.0,15300.0,15300.0,97601,0.0,0.0,0.0
2017-01-24 00:00:00+09:00,15300.0,15750.0,14950.0,15000.0,136031,0.0,0.0,0.0
2017-01-25 00:00:00+09:00,14900.0,15450.0,14750.0,15000.0,116018,0.0,0.0,0.0
2017-01-26 00:00:00+09:00,15400.0,15650.0,14600.0,14600.0,134094,0.0,0.0,0.0
2017-01-31 00:00:00+09:00,14600.0,14950.0,14350.0,14550.0,103142,0.0,0.0,0.0
2017-02-01 00:00:00+09:00,14500.0,14700.0,14300.0,14700.0,69938,0.0,0.0,0.0
2017-02-02 00:00:00+09:00,14700.0,15650.0,14700.0,14950.0,146847,0.0,0.0,0.0
2017-02-03 00:00:00+09:00,15300.0,15300.0,14600.0,14800.0,52482,0.0,0.0,0.0
2017-02-06 00:00:00+09:00,14700.0,14900.0,14600.0,14750.0,35844,0.0,0.0,0.0
2017-02-07 00:00:00+09:00,14900.0,14950.0,14500.0,14550.0,41590,0.0,0.0,0.0
2017-02-08 00:00:00+09:00,14400.0,14850.0,14400.0,14600.0,35902,0.0,0.0,0.0
2017-02-09 00:00:00+09:00,14600.0,14900.0,14500.0,14650.0,35519,0.0,0.0,0.0
2017-02-10 00:00:00+09:00,14650.0,14750.0,14500.0,14600.0,36018,0.0,0.0,0.0
2017-02-13 00:00:00+09:00,14450.0,14700.0,14350.0,14450.0,43028,0.0,0.0,0.0
2017-02-14 00:00:00+09:00,14450.0,14500.0,13600.0,13800.0,88181,0.0,0.0,0.0
2017-02-15 00:00:00+09:00,13650.0,13800.0,13050.0,13250.0,84970,0.0,0.0,0.0
2017-02-16 00:00:00+09:00,13250.0,14250.0,13000.0,14200.0,78399,0.0,0.0,0.0
2017-02-17 00:00:00+09:00,14600.0,15150.0,14350.0,14450.0,120632,0.0,0.0,0.0
2017-02-20 00:00:00+09:00,14250.0,14750.0,14150.0,14200.0,45074,0.0,0.0,0.0
2017-02-21 00:00:00+09:00,14100.0,14700.0,14000.0,14650.0,47026,0.0,0.0,0.0
2017-02-22 00:00:00+09:00,14800.0,14950.0,14300.0,14400.0,42974,0.0,0.0,0.0
2017-02-23 00:00:00+09:00,14300.0,14450.0,13700.0,13700.0,82591,0.0,0.0,0.0
2017-02-24 00:00:00+09:00,13600.0,13900.0,13150.0,13150.0,92579,0.0,0.0,0.0
2017-02-27 00:00:00+09:00,13300.0,14200.0,13250.0,13900.0,71899,0.0,0.0,0.0
2017-02-28 00:00:00+09:00,13750.0,14100.0,13700.0,13950.0,35547,0.0,0.0,0.0
2017-03-02 00:00:00+09:00,14200.0,14200.0,13400.0,13550.0,54914,0.0,0.0,0.0
2017-03-03 00:00:00+09:00,13400.0,13700.0,13300.0,13550.0,34512,0.0,0.0,0.0
2017-03-06 00:00:00+09:00,13550.0,14250.0,13500.0,13800.0,70064,0.0,0.0,0.0
2017-03-07 00:00:00+09:00,13800.0,14100.0,13450.0,13550.0,36323,0.0,0.0,0.0
2017-03-08 00:00:00+09:00,13500.0,13850.0,13350.0,13450.0,30870,0.0,0.0,0.0
2017-03-09 00:00:00+09:00,13450.0,13750.0,13250.0,13400.0,41498,0.0,0.0,0.0
2017-03-10 00:00:00+09:00,13400.0,13500.0,13150.0,13500.0,39692,0.0,0.0,0.0
2017-03-13 00:00:00+09:00,13500.0,13650.0,13150.0,13200.0,58239,0.0,0.0,0.0
2017-03-14 00:00:00+09:00,13200.0,13350.0,12750.0,13200.0,108944,0.0,0.0,0.0
2017-03-15 00:00:00+09:00,13100.0,13200.0,12850.0,13050.0,47440,0.0,0.0,0.0
2017-03-16 00:00:00+09:00,13050.0,13050.0,12750.0,12900.0,43215,0.0,0.0,0.0
2017-03-17 00:00:00+09:00,12900.0,13000.0,12600.0,12700.0,75044,0.0,0.0,0.0
2017-03-20 00:00:00+09:00,12700.0,13100.0,12650.0,12850.0,48976,0.0,0.0,0.0
2017-03-21 00:00:00+09:00,12700.0,12950.0,12550.0,12600.0,28578,0.0,0.0,0.0
2017-03-22 00:00:00+09:00,12500.0,12600.0,11750.0,11850.0,163409,0.0,0.0,0.0
2017-03-23 00:00:00+09:00,11750.0,12200.0,11750.0,11850.0,74620,0.0,0.0,0.0
2017-03-24 00:00:00+09:00,11900.0,12250.0,11800.0,12250.0,55860,0.0,0.0,0.0
2017-03-27 00:00:00+09:00,12250.0,12250.0,11800.0,11850.0,51505,0.0,0.0,0.0
2017-03-28 00:00:00+09:00,11800.0,12000.0,11700.0,12000.0,45011,0.0,0.0,0.0
2017-03-29 00:00:00+09:00,12000.0,12300.0,11750.0,11800.0,51731,0.0,0.0,0.0
2017-03-30 00:00:00+09:00,11900.0,11900.0,11500.0,11600.0,74919,0.0,0.0,0.0
2017-03-31 00:00:00+09:00,11550.0,11600.0,11200.0,11500.0,72211,0.0,0.0,0.0
2017-04-03 00:00:00+09:00,11500.0,11750.0,11400.0,11650.0,48108,0.0,0.0,0.0
2017-04-04 00:00:00+09:00,11650.0,12350.0,11650.0,12200.0,79233,0.0,0.0,0.0
2017-04-05 00:00:00+09:00,12300.0,12500.0,12100.0,12150.0,49074,0.0,0.0,0.0
2017-04-06 00:00:00+09:00,12150.0,12650.0,12000.0,12300.0,45944,0.0,0.0,0.0
2017-04-07 00:00:00+09:00,12250.0,12500.0,12100.0,12500.0,29692,0.0,0.0,0.0
2017-04-10 00:00:00+09:00,12550.0,12550.0,12100.0,12400.0,46791,0.0,0.0,0.0
2017-04-11 00:00:00+09:00,12350.0,12400.0,11950.0,12200.0,23887,0.0,0.0,0.0
2017-04-12 00:00:00+09:00,12100.0,12350.0,11950.0,12150.0,25662,0.0,0.0,0.0
2017-04-13 00:00:00+09:00,12050.0,12250.0,12000.0,12150.0,11249,0.0,0.0,0.0
2017-04-14 00:00:00+09:00,12150.0,12150.0,11850.0,11900.0,24853,0.0,0.0,0.0
2017-04-17 00:00:00+09:00,12050.0,12100.0,11850.0,11900.0,14622,0.0,0.0,0.0
2017-04-18 00:00:00+09:00,12050.0,12050.0,11850.0,11950.0,28522,0.0,0.0,0.0
2017-04-19 00:00:00+09:00,12000.0,12550.0,11900.0,12450.0,46428,0.0,0.0,0.0
2017-04-20 00:00:00+09:00,12550.0,12850.0,12400.0,12800.0,64355,0.0,0.0,0.0
2017-04-21 00:00:00+09:00,12950.0,12950.0,12350.0,12350.0,40934,0.0,0.0,0.0
2017-04-24 00:00:00+09:00,12450.0,12450.0,11950.0,12000.0,35289,0.0,0.0,0.0
2017-04-25 00:00:00+09:00,12000.0,12150.0,11950.0,11950.0,22224,0.0,0.0,0.0
2017-04-26 00:00:00+09:00,12000.0,12150.0,11850.0,11900.0,45514,0.0,0.0,0.0
2017-04-27 00:00:00+09:00,11950.0,12050.0,11800.0,11900.0,25637,0.0,0.0,0.0
2017-04-28 00:00:00+09:00,11900.0,12050.0,11750.0,11950.0,21163,0.0,0.0,0.0
2017-05-02 00:00:00+09:00,12000.0,12000.0,11450.0,11450.0,32030,0.0,0.0,0.0
2017-05-04 00:00:00+09:00,11450.0,11900.0,11450.0,11750.0,25875,0.0,0.0,0.0
2017-05-08 00:00:00+09:00,11850.0,11900.0,11700.0,11700.0,11381,0.0,0.0,0.0
2017-05-10 00:00:00+09:00,11700.0,11800.0,11650.0,11700.0,12241,0.0,0.0,0.0
2017-05-11 00:00:00+09:00,11650.0,12000.0,11650.0,12000.0,14307,0.0,0.0,0.0
2017-05-12 00:00:00+09:00,11850.0,12100.0,11600.0,11850.0,15713,0.0,0.0,0.0
2017-05-15 00:00:00+09:00,11850.0,11950.0,11500.0,11650.0,27572,0.0,0.0,0.0
2017-05-16 00:00:00+09:00,11800.0,11800.0,11400.0,11500.0,21509,0.0,0.0,0.0
2017-05-17 00:00:00+09:00,11350.0,11450.0,10350.0,10500.0,158542,0.0,0.0,0.0
2017-05-18 00:00:00+09:00,10600.0,10750.0,10300.0,10700.0,58330,0.0,0.0,0.0
2017-05-19 00:00:00+09:00,10700.0,11300.0,10600.0,11250.0,53495,0.0,0.0,0.0
2017-05-22 00:00:00+09:00,11350.0,11350.0,11000.0,11100.0,22762,0.0,0.0,0.0
2017-05-23 00:00:00+09:00,11650.0,12500.0,11400.0,11650.0,149865,0.0,0.0,0.0
2017-05-24 00:00:00+09:00,11700.0,11800.0,11450.0,11500.0,21767,0.0,0.0,0.0
2017-05-25 00:00:00+09:00,11450.0,11750.0,11400.0,11400.0,31192,0.0,0.0,0.0
2017-05-26 00:00:00+09:00,11250.0,11350.0,11150.0,11350.0,27120,0.0,0.0,0.0
2017-05-29 00:00:00+09:00,11250.0,11400.0,10950.0,11150.0,44947,0.0,0.0,0.0
2017-05-30 00:00:00+09:00,11000.0,11400.0,11000.0,11150.0,17051,0.0,0.0,0.0
2017-05-31 00:00:00+09:00,11100.0,11350.0,11050.0,11350.0,22443,0.0,0.0,0.0
2017-06-01 00:00:00+09:00,11350.0,11600.0,11200.0,11450.0,24214,0.0,0.0,0.0
2017-06-02 00:00:00+09:00,11450.0,11650.0,11400.0,11500.0,13949,0.0,0.0,0.0
2017-06-05 00:00:00+09:00,11500.0,11500.0,11100.0,11150.0,18142,0.0,0.0,0.0
2017-06-07 00:00:00+09:00,11300.0,11300.0,11000.0,11150.0,27801,0.0,0.0,0.0
2017-06-08 00:00:00+09:00,11050.0,11350.0,10900.0,11100.0,19267,0.0,0.0,0.0
2017-06-09 00:00:00+09:00,11100.0,11400.0,11100.0,11250.0,21819,0.0,0.0,0.0
2017-06-12 00:00:00+09:00,11250.0,11250.0,10900.0,11200.0,28977,0.0,0.0,0.0
2017-06-13 00:00:00+09:00,11200.0,11200.0,10800.0,10950.0,56804,0.0,0.0,0.0
2017-06-14 00:00:00+09:00,10950.0,11000.0,10750.0,10950.0,31304,0.0,0.0,0.0
2017-06-15 00:00:00+09:00,10900.0,11550.0,10800.0,11450.0,70026,0.0,0.0,0.0
2017-06-16 00:00:00+09:00,11550.0,12350.0,11550.0,11850.0,202448,0.0,0.0,0.0
2017-06-19 00:00:00+09:00,11900.0,12400.0,11900.0,12250.0,108096,0.0,0.0,0.0
2017-06-20 00:00:00+09:00,12350.0,12400.0,12200.0,12300.0,61214,0.0,0.0,0.0
2017-06-21 00:00:00+09:00,12300.0,12750.0,12050.0,12750.0,64179,0.0,0.0,0.0
2017-06-22 00:00:00+09:00,12800.0,12800.0,12400.0,12400.0,48278,0.0,0.0,0.0
2017-06-23 00:00:00+09:00,12450.0,12450.0,12150.0,12450.0,36966,0.0,0.0,0.0
2017-06-26 00:00:00+09:00,12550.0,12700.0,12350.0,12550.0,57111,0.0,0.0,0.0
2017-06-27 00:00:00+09:00,12600.0,12650.0,12000.0,12200.0,87725,0.0,0.0,0.0
2017-06-28 00:00:00+09:00,12150.0,12200.0,11750.0,11950.0,42303,0.0,0.0,0.0
2017-06-29 00:00:00+09:00,11950.0,12100.0,11650.0,11950.0,30939,0.0,0.0,0.0
2017-06-30 00:00:00+09:00,11950.0,11950.0,11550.0,11900.0,40032,0.0,0.0,0.0
2017-07-03 00:00:00+09:00,11900.0,11900.0,11300.0,11500.0,60467,0.0,0.0,0.0
2017-07-04 00:00:00+09:00,11500.0,11500.0,11250.0,11400.0,26269,0.0,0.0,0.0
2017-07-05 00:00:00+09:00,11450.0,11650.0,11300.0,11400.0,29121,0.0,0.0,0.0
2017-07-06 00:00:00+09:00,11400.0,11600.0,11250.0,11600.0,20196,0.0,0.0,0.0
2017-07-07 00:00:00+09:00,11550.0,11550.0,11250.0,11550.0,24108,0.0,0.0,0.0
2017-07-10 00:00:00+09:00,11650.0,11650.0,11250.0,11400.0,39155,0.0,0.0,0.0
2017-07-11 00:00:00+09:00,11600.0,11850.0,11400.0,11850.0,94709,0.0,0.0,0.0
2017-07-12 00:00:00+09:00,11900.0,12400.0,11800.0,12300.0,96181,0.0,0.0,0.0
2017-07-13 00:00:00+09:00,12350.0,12350.0,12000.0,12150.0,52630,0.0,0.0,0.0
2017-07-14 00:00:00+09:00,12200.0,12250.0,11900.0,12100.0,40693,0.0,0.0,0.0
2017-07-17 00:00:00+09:00,12150.0,12300.0,11750.0,12250.0,60466,0.0,0.0,0.0
2017-07-18 00:00:00+09:00,12300.0,12600.0,11950.0,12350.0,94973,0.0,0.0,0.0
2017-07-19 00:00:00+09:00,12300.0,12350.0,12000.0,12200.0,42588,0.0,0.0,0.0
2017-07-20 00:00:00+09:00,12300.0,12300.0,11850.0,12150.0,52550,0.0,0.0,0.0
2017-07-21 00:00:00+09:00,12100.0,12600.0,11950.0,12200.0,86704,0.0,0.0,0.0
2017-07-24 00:00:00+09:00,12200.0,13650.0,12150.0,13600.0,785252,0.0,0.0,0.0
2017-07-25 00:00:00+09:00,13900.0,14000.0,13450.0,13750.0,426993,0.0,0.0,0.0
2017-07-26 00:00:00+09:00,13800.0,13850.0,13100.0,13250.0,223836,0.0,0.0,0.0
2017-07-27 00:00:00+09:00,13350.0,13350.0,12200.0,12250.0,321524,0.0,0.0,0.0
2017-07-28 00:00:00+09:00,12300.0,12350.0,11650.0,11650.0,176668,0.0,0.0,0.0
2017-07-31 00:00:00+09:00,11500.0,12050.0,11400.0,11850.0,58663,0.0,0.0,0.0
2017-08-01 00:00:00+09:00,12000.0,12350.0,11700.0,12050.0,109352,0.0,0.0,0.0
2017-08-02 00:00:00+09:00,12100.0,12550.0,11800.0,12550.0,111519,0.0,0.0,0.0
2017-08-03 00:00:00+09:00,12450.0,12700.0,11800.0,11800.0,113773,0.0,0.0,0.0
2017-08-04 00:00:00+09:00,12050.0,12450.0,11850.0,12400.0,83135,0.0,0.0,0.0
2017-08-07 00:00:00+09:00,12450.0,12550.0,12050.0,12200.0,47438,0.0,0.0,0.0
2017-08-08 00:00:00+09:00,12300.0,12750.0,12050.0,12700.0,113621,0.0,0.0,0.0
2017-08-09 00:00:00+09:00,12500.0,12750.0,12250.0,12400.0,82824,0.0,0.0,0.0
2017-08-10 00:00:00+09:00,12300.0,12500.0,11950.0,12200.0,64253,0.0,0.0,0.0
2017-08-11 00:00:00+09:00,11850.0,12150.0,11800.0,11900.0,63775,0.0,0.0,0.0
2017-08-14 00:00:00+09:00,11950.0,12150.0,11900.0,12050.0,38372,0.0,0.0,0.0
2017-08-16 00:00:00+09:00,12150.0,12250.0,11900.0,12050.0,50849,0.0,0.0,0.0
2017-08-17 00:00:00+09:00,12050.0,13100.0,11900.0,13100.0,230642,0.0,0.0,0.0
2017-08-18 00:00:00+09:00,12800.0,13550.0,12750.0,13350.0,271808,0.0,0.0,0.0
2017-08-21 00:00:00+09:00,13500.0,13550.0,12950.0,13200.0,150335,0.0,0.0,0.0
2017-08-22 00:00:00+09:00,13250.0,13450.0,13050.0,13250.0,90990,0.0,0.0,0.0
2017-08-23 00:00:00+09:00,13300.0,13350.0,12850.0,12950.0,120464,0.0,0.0,0.0
2017-08-24 00:00:00+09:00,12900.0,14550.0,12850.0,14150.0,1057469,0.0,0.0,0.0
2017-08-25 00:00:00+09:00,14350.0,14900.0,14050.0,14350.0,642094,0.0,0.0,0.0
2017-08-28 00:00:00+09:00,14550.0,14950.0,14200.0,14300.0,317105,0.0,0.0,0.0
2017-08-29 00:00:00+09:00,14100.0,14900.0,13950.0,14900.0,318306,0.0,0.0,0.0
2017-08-30 00:00:00+09:00,15000.0,15350.0,14800.0,15200.0,318207,0.0,0.0,0.0
2017-08-31 00:00:00+09:00,15200.0,15250.0,14750.0,14800.0,228684,0.0,0.0,0.0
2017-09-01 00:00:00+09:00,14900.0,15050.0,14150.0,14300.0,301047,0.0,0.0,0.0
2017-09-04 00:00:00+09:00,13650.0,14500.0,13600.0,14050.0,226879,0.0,0.0,0.0
2017-09-05 00:00:00+09:00,14350.0,14350.0,13450.0,13700.0,157569,0.0,0.0,0.0
2017-09-06 00:00:00+09:00,13600.0,14100.0,13550.0,13700.0,89485,0.0,0.0,0.0
2017-09-07 00:00:00+09:00,13900.0,13950.0,13550.0,13700.0,115290,0.0,0.0,0.0
2017-09-08 00:00:00+09:00,13750.0,14150.0,13650.0,13950.0,151921,0.0,0.0,0.0
2017-09-11 00:00:00+09:00,14100.0,14650.0,13950.0,14500.0,222440,0.0,0.0,0.0
2017-09-12 00:00:00+09:00,14750.0,14750.0,14000.0,14250.0,171105,0.0,0.0,0.0
2017-09-13 00:00:00+09:00,14350.0,14900.0,14100.0,14300.0,332951,0.0,0.0,0.0
2017-09-14 00:00:00+09:00,14350.0,14500.0,13800.0,13850.0,176775,0.0,0.0,0.0
2017-09-15 00:00:00+09:00,13800.0,13850.0,13200.0,13550.0,203475,0.0,0.0,0.0
2017-09-18 00:00:00+09:00,13550.0,13700.0,13250.0,13250.0,81639,0.0,0.0,0.0
2017-09-19 00:00:00+09:00,13250.0,13500.0,13150.0,13300.0,82766,0.0,0.0,0.0
2017-09-20 00:00:00+09:00,13350.0,13350.0,12500.0,12600.0,131531,0.0,0.0,0.0
2017-09-21 00:00:00+09:00,12600.0,12900.0,12300.0,12450.0,80236,0.0,0.0,0.0
2017-09-25 00:00:00+09:00,12300.0,12450.0,11850.0,11950.0,83529,0.0,0.0,0.0
2017-09-26 00:00:00+09:00,11950.0,11950.0,11950.0,11950.0,0,0.0,0.0,0.0
2017-09-27 00:00:00+09:00,12100.0,12550.0,12100.0,12400.0,42477,0.0,0.0,0.0
2017-09-28 00:00:00+09:00,12500.0,12500.0,12150.0,12200.0,57514,0.0,0.0,0.0
2017-09-29 00:00:00+09:00,12150.0,12400.0,12000.0,12050.0,39144,0.0,0.0,0.0
2017-10-10 00:00:00+09:00,12100.0,12750.0,12050.0,12050.0,44645,0.0,0.0,0.0
2017-10-11 00:00:00+09:00,12000.0,12050.0,11700.0,11900.0,84425,0.0,0.0,0.0
2017-10-12 00:00:00+09:00,11850.0,12050.0,11600.0,11700.0,57159,0.0,0.0,0.0
2017-10-13 00:00:00+09:00,11700.0,11700.0,10900.0,11200.0,124499,0.0,0.0,0.0
2017-10-16 00:00:00+09:00,11000.0,11100.0,10050.0,10600.0,200397,0.0,0.0,0.0
2017-10-17 00:00:00+09:00,10550.0,10900.0,10450.0,10600.0,82591,0.0,0.0,0.0
2017-10-18 00:00:00+09:00,10600.0,10700.0,10200.0,10450.0,50678,0.0,0.0,0.0
2017-10-19 00:00:00+09:00,10450.0,10950.0,10200.0,10800.0,73778,0.0,0.0,0.0
2017-10-20 00:00:00+09:00,10800.0,10900.0,10400.0,10750.0,42469,0.0,0.0,0.0
2017-10-23 00:00:00+09:00,10750.0,10850.0,10600.0,10650.0,21032,0.0,0.0,0.0
2017-10-24 00:00:00+09:00,10650.0,10750.0,10450.0,10550.0,27035,0.0,0.0,0.0
2017-10-25 00:00:00+09:00,10500.0,10650.0,10300.0,10500.0,48915,0.0,0.0,0.0
2017-10-26 00:00:00+09:00,10400.0,10650.0,10200.0,10400.0,49095,0.0,0.0,0.0
2017-10-27 00:00:00+09:00,10400.0,10550.0,10050.0,10300.0,49559,0.0,0.0,0.0
2017-10-30 00:00:00+09:00,10250.0,10350.0,10050.0,10350.0,47733,0.0,0.0,0.0
2017-10-31 00:00:00+09:00,10300.0,10850.0,10300.0,10800.0,49207,0.0,0.0,0.0
2017-11-01 00:00:00+09:00,10700.0,11750.0,10700.0,11150.0,227133,0.0,0.0,0.0
2017-11-02 00:00:00+09:00,11200.0,11400.0,11000.0,11350.0,72565,0.0,0.0,0.0
2017-11-03 00:00:00+09:00,11450.0,11450.0,10900.0,11200.0,46806,0.0,0.0,0.0
2017-11-06 00:00:00+09:00,10950.0,11050.0,10750.0,11050.0,43558,0.0,0.0,0.0
2017-11-07 00:00:00+09:00,10500.0,10700.0,10350.0,10550.0,102287,0.0,0.0,0.0
2017-11-08 00:00:00+09:00,10550.0,10650.0,10350.0,10650.0,48710,0.0,0.0,0.0
2017-11-09 00:00:00+09:00,10650.0,11000.0,10500.0,10900.0,44670,0.0,0.0,0.0
2017-11-10 00:00:00+09:00,10900.0,11250.0,10850.0,11150.0,34584,0.0,0.0,0.0
2017-11-13 00:00:00+09:00,11250.0,11300.0,10950.0,11050.0,43722,0.0,0.0,0.0
2017-11-14 00:00:00+09:00,11150.0,11400.0,10900.0,11350.0,59059,0.0,0.0,0.0
2017-11-15 00:00:00+09:00,11300.0,11450.0,11000.0,11200.0,59303,0.0,0.0,0.0
2017-11-16 00:00:00+09:00,12100.0,12300.0,11600.0,12250.0,252171,0.0,0.0,0.0
2017-11-17 00:00:00+09:00,12250.0,13600.0,12250.0,12850.0,290658,0.0,0.0,0.0
2017-11-20 00:00:00+09:00,13100.0,13250.0,12650.0,12900.0,116018,0.0,0.0,0.0
2017-11-21 00:00:00+09:00,12900.0,13500.0,12700.0,13200.0,83348,0.0,0.0,0.0
2017-11-22 00:00:00+09:00,13150.0,14200.0,13150.0,14100.0,237744,0.0,0.0,0.0
2017-11-23 00:00:00+09:00,14200.0,14250.0,13600.0,14000.0,105270,0.0,0.0,0.0
2017-11-24 00:00:00+09:00,14000.0,14250.0,13750.0,13950.0,90723,0.0,0.0,0.0
2017-11-27 00:00:00+09:00,13950.0,14100.0,13600.0,13850.0,71457,0.0,0.0,0.0
2017-11-28 00:00:00+09:00,13950.0,14050.0,12700.0,13200.0,174008,0.0,0.0,0.0
2017-11-29 00:00:00+09:00,13350.0,13350.0,12450.0,12950.0,109696,0.0,0.0,0.0
2017-11-30 00:00:00+09:00,12750.0,12950.0,12400.0,12600.0,71310,0.0,0.0,0.0
2017-12-01 00:00:00+09:00,12600.0,12950.0,12500.0,12950.0,40109,0.0,0.0,0.0
2017-12-04 00:00:00+09:00,12900.0,12950.0,12250.0,12600.0,78810,0.0,0.0,0.0
2017-12-05 00:00:00+09:00,12550.0,12700.0,11750.0,12150.0,109249,0.0,0.0,0.0
2017-12-06 00:00:00+09:00,12150.0,12300.0,11600.0,11650.0,75287,0.0,0.0,0.0
2017-12-07 00:00:00+09:00,11700.0,11750.0,11100.0,11300.0,78182,0.0,0.0,0.0
2017-12-08 00:00:00+09:00,11350.0,11600.0,11300.0,11450.0,42029,0.0,0.0,0.0
2017-12-11 00:00:00+09:00,11450.0,11850.0,11250.0,11850.0,47409,0.0,0.0,0.0
2017-12-12 00:00:00+09:00,11850.0,12100.0,11600.0,11700.0,37209,0.0,0.0,0.0
2017-12-13 00:00:00+09:00,11700.0,12150.0,11500.0,11900.0,35113,0.0,0.0,0.0
2017-12-14 00:00:00+09:00,11900.0,12000.0,11750.0,11950.0,28417,0.0,0.0,0.0
2017-12-15 00:00:00+09:00,12000.0,12000.0,11450.0,11800.0,66668,0.0,0.0,0.0
2017-12-18 00:00:00+09:00,11800.0,11800.0,11450.0,11650.0,28088,0.0,0.0,0.0
2017-12-19 00:00:00+09:00,11650.0,11650.0,11000.0,11300.0,91009,0.0,0.0,0.0
2017-12-21 00:00:00+09:00,11600.0,11600.0,11250.0,11250.0,34560,0.0,0.0,0.0
2017-12-22 00:00:00+09:00,11250.0,11500.0,11200.0,11400.0,9273,0.0,0.0,0.0
2017-12-26 00:00:00+09:00,11400.0,11600.0,11250.0,11250.0,32590,0.0,0.0,0.0
2017-12-27 00:00:00+09:00,11450.0,11550.0,11150.0,11350.0,45428,0.0,0.0,0.0
2017-12-28 00:00:00+09:00,11500.0,12000.0,11400.0,11850.0,60700,0.0,0.0,0.0
2018-01-02 00:00:00+09:00,11900.0,12100.0,11550.0,11950.0,61711,0.0,0.0,0.0
2018-01-03 00:00:00+09:00,12050.0,13400.0,12050.0,13400.0,262422,0.0,0.0,0.0
2018-01-04 00:00:00+09:00,13550.0,13650.0,13100.0,13450.0,159136,0.0,0.0,0.0
2018-01-05 00:00:00+09:00,13400.0,13450.0,12850.0,13150.0,124321,0.0,0.0,0.0
2018-01-08 00:00:00+09:00,13100.0,13100.0,12500.0,12600.0,108820,0.0,0.0,0.0
2018-01-09 00:00:00+09:00,12600.0,12800.0,12350.0,12600.0,59295,0.0,0.0,0.0
2018-01-10 00:00:00+09:00,12700.0,12700.0,12200.0,12400.0,70391,0.0,0.0,0.0
2018-01-11 00:00:00+09:00,12400.0,12750.0,12250.0,12650.0,59864,0.0,0.0,0.0
2018-01-12 00:00:00+09:00,12700.0,12750.0,12200.0,12600.0,71726,0.0,0.0,0.0
2018-01-15 00:00:00+09:00,12550.0,12750.0,12550.0,12700.0,32690,0.0,0.0,0.0
2018-01-16 00:00:00+09:00,12800.0,13100.0,12500.0,12800.0,95433,0.0,0.0,0.0
2018-01-17 00:00:00+09:00,12850.0,13200.0,12750.0,12800.0,61213,0.0,0.0,0.0
2018-01-18 00:00:00+09:00,12800.0,13000.0,12450.0,12800.0,62731,0.0,0.0,0.0
2018-01-19 00:00:00+09:00,12800.0,12800.0,12450.0,12650.0,50327,0.0,0.0,0.0
2018-01-22 00:00:00+09:00,12700.0,12700.0,12150.0,12500.0,44284,0.0,0.0,0.0
2018-01-23 00:00:00+09:00,12400.0,12600.0,12400.0,12450.0,38184,0.0,0.0,0.0
2018-01-24 00:00:00+09:00,12500.0,13200.0,12450.0,13050.0,190774,0.0,0.0,0.0
2018-01-25 00:00:00+09:00,13100.0,13250.0,12800.0,13200.0,102347,0.0,0.0,0.0
2018-01-26 00:00:00+09:00,13200.0,13450.0,13000.0,13400.0,124246,0.0,0.0,0.0
2018-01-29 00:00:00+09:00,13450.0,13650.0,13250.0,13300.0,80333,0.0,0.0,0.0
2018-01-30 00:00:00+09:00,13300.0,13300.0,12850.0,13150.0,107873,0.0,0.0,0.0
2018-01-31 00:00:00+09:00,12900.0,13200.0,12750.0,13100.0,67116,0.0,0.0,0.0
2018-02-01 00:00:00+09:00,13300.0,13300.0,12650.0,12950.0,86010,0.0,0.0,0.0
2018-02-02 00:00:00+09:00,12900.0,13150.0,12700.0,13050.0,79288,0.0,0.0,0.0
2018-02-05 00:00:00+09:00,12850.0,13100.0,12650.0,12950.0,101630,0.0,0.0,0.0
2018-02-06 00:00:00+09:00,12300.0,13050.0,11900.0,12800.0,159614,0.0,0.0,0.0
2018-02-07 00:00:00+09:00,12950.0,13350.0,12550.0,12800.0,135474,0.0,0.0,0.0
2018-02-08 00:00:00+09:00,12700.0,13100.0,12700.0,13000.0,69999,0.0,0.0,0.0
2018-02-09 00:00:00+09:00,12600.0,13450.0,12550.0,13100.0,222069,0.0,0.0,0.0
2018-02-12 00:00:00+09:00,13250.0,13250.0,12950.0,12950.0,71864,0.0,0.0,0.0
2018-02-13 00:00:00+09:00,12950.0,13250.0,12950.0,13050.0,93331,0.0,0.0,0.0
2018-02-14 00:00:00+09:00,13050.0,13950.0,12950.0,13900.0,311481,0.0,0.0,0.0
2018-02-19 00:00:00+09:00,13900.0,14350.0,13800.0,14000.0,184801,0.0,0.0,0.0
2018-02-20 00:00:00+09:00,14000.0,14050.0,13650.0,13800.0,108229,0.0,0.0,0.0
2018-02-21 00:00:00+09:00,13750.0,13950.0,13400.0,13450.0,112538,0.0,0.0,0.0
2018-02-22 00:00:00+09:00,13350.0,13900.0,13350.0,13550.0,70306,0.0,0.0,0.0
2018-02-23 00:00:00+09:00,13550.0,13750.0,13400.0,13700.0,84503,0.0,0.0,0.0
2018-02-26 00:00:00+09:00,13750.0,13750.0,13400.0,13500.0,81220,0.0,0.0,0.0
2018-02-27 00:00:00+09:00,13500.0,14750.0,13350.0,14400.0,406088,0.0,0.0,0.0
2018-02-28 00:00:00+09:00,14350.0,14750.0,14250.0,14650.0,175397,0.0,0.0,0.0
2018-03-02 00:00:00+09:00,14600.0,14950.0,14150.0,14750.0,144490,0.0,0.0,0.0
2018-03-05 00:00:00+09:00,15150.0,15300.0,14650.0,14700.0,224576,0.0,0.0,0.0
2018-03-06 00:00:00+09:00,14950.0,15150.0,14550.0,15000.0,157006,0.0,0.0,0.0
2018-03-07 00:00:00+09:00,15000.0,15100.0,14650.0,14750.0,105881,0.0,0.0,0.0
2018-03-08 00:00:00+09:00,14700.0,15100.0,14700.0,14800.0,67651,0.0,0.0,0.0
2018-03-09 00:00:00+09:00,14950.0,16400.0,14700.0,16250.0,479600,0.0,0.0,0.0
2018-03-12 00:00:00+09:00,16200.0,16200.0,15300.0,15400.0,232249,0.0,0.0,0.0
2018-03-13 00:00:00+09:00,15550.0,15650.0,14900.0,15400.0,176892,0.0,0.0,0.0
2018-03-14 00:00:00+09:00,15400.0,16050.0,15250.0,15950.0,182444,0.0,0.0,0.0
2018-03-15 00:00:00+09:00,15950.0,16000.0,15500.0,15850.0,113338,0.0,0.0,0.0
2018-03-16 00:00:00+09:00,15900.0,15900.0,15400.0,15550.0,66323,0.0,0.0,0.0
2018-03-19 00:00:00+09:00,15300.0,15700.0,15250.0,15450.0,132921,0.0,0.0,0.0
2018-03-20 00:00:00+09:00,15500.0,15700.0,15350.0,15700.0,40382,0.0,0.0,0.0
2018-03-21 00:00:00+09:00,15700.0,15800.0,15500.0,15800.0,82303,0.0,0.0,0.0
2018-03-22 00:00:00+09:00,15700.0,15950.0,15550.0,15850.0,104285,0.0,0.0,0.0
2018-03-23 00:00:00+09:00,15650.0,16550.0,15650.0,16000.0,269623,0.0,0.0,0.0
2018-03-26 00:00:00+09:00,16100.0,16950.0,15800.0,16950.0,329716,0.0,0.0,0.0
2018-03-27 00:00:00+09:00,16950.0,17300.0,16550.0,16950.0,211907,0.0,0.0,0.0
2018-03-28 00:00:00+09:00,16400.0,17000.0,16100.0,16850.0,286757,0.0,0.0,0.0
2018-03-29 00:00:00+09:00,16750.0,16900.0,16200.0,16450.0,336543,0.0,0.0,0.0
2018-03-30 00:00:00+09:00,16650.0,17650.0,16450.0,17450.0,531091,0.0,0.0,0.0
2018-04-02 00:00:00+09:00,16450.0,16700.0,13400.0,14350.0,1283225,0.0,0.0,0.0
2018-04-03 00:00:00+09:00,14500.0,14900.0,14200.0,14300.0,329993,0.0,0.0,0.0
2018-04-04 00:00:00+09:00,14500.0,14500.0,13050.0,13300.0,578166,0.0,0.0,0.0
2018-04-05 00:00:00+09:00,13550.0,14150.0,13550.0,14150.0,299542,0.0,0.0,0.0
2018-04-06 00:00:00+09:00,14150.0,14600.0,13950.0,14350.0,120485,0.0,0.0,0.0
2018-04-09 00:00:00+09:00,14150.0,14400.0,13800.0,14050.0,135896,0.0,0.0,0.0
2018-04-10 00:00:00+09:00,14050.0,14300.0,14000.0,14050.0,69341,0.0,0.0,0.0
2018-04-11 00:00:00+09:00,14100.0,14250.0,13850.0,14200.0,78453,0.0,0.0,0.0
2018-04-12 00:00:00+09:00,14250.0,14250.0,13900.0,14150.0,118221,0.0,0.0,0.0
2018-04-13 00:00:00+09:00,14250.0,14300.0,14050.0,14150.0,90927,0.0,0.0,0.0
2018-04-16 00:00:00+09:00,14050.0,14900.0,14050.0,14900.0,155357,0.0,0.0,0.0
2018-04-17 00:00:00+09:00,14850.0,14950.0,14450.0,14550.0,160502,0.0,0.0,0.0
2018-04-18 00:00:00+09:00,14400.0,15900.0,14350.0,15700.0,359107,0.0,0.0,0.0
2018-04-19 00:00:00+09:00,15750.0,16300.0,15650.0,16100.0,224947,0.0,0.0,0.0
2018-04-20 00:00:00+09:00,16100.0,16450.0,15900.0,16200.0,166443,0.0,0.0,0.0
2018-04-23 00:00:00+09:00,16200.0,16400.0,15900.0,16400.0,90675,0.0,0.0,0.0
2018-04-24 00:00:00+09:00,16800.0,16800.0,16150.0,16350.0,65834,0.0,0.0,0.0
2018-04-25 00:00:00+09:00,16400.0,16700.0,16250.0,16300.0,120556,0.0,0.0,0.0
2018-04-26 00:00:00+09:00,16200.0,17000.0,16150.0,17000.0,136887,0.0,0.0,0.0
2018-04-27 00:00:00+09:00,17050.0,17750.0,16500.0,16550.0,525257,0.0,0.0,0.0
2018-04-30 00:00:00+09:00,16150.0,16450.0,15300.0,15700.0,423478,0.0,0.0,0.0
2018-05-02 00:00:00+09:00,15600.0,16850.0,15450.0,16300.0,234259,0.0,0.0,0.0
2018-05-03 00:00:00+09:00,16150.0,16600.0,16050.0,16400.0,109550,0.0,0.0,0.0
2018-05-04 00:00:00+09:00,16300.0,16450.0,15950.0,16000.0,118709,0.0,0.0,0.0
2018-05-08 00:00:00+09:00,16000.0,16400.0,15850.0,16100.0,73515,0.0,0.0,0.0
2018-05-09 00:00:00+09:00,15950.0,16150.0,15650.0,16050.0,59200,0.0,0.0,0.0
2018-05-10 00:00:00+09:00,16150.0,17350.0,15900.0,16700.0,105886,0.0,0.0,0.0
2018-05-11 00:00:00+09:00,17000.0,17200.0,16400.0,16800.0,187552,0.0,0.0,0.0
2018-05-14 00:00:00+09:00,16300.0,16600.0,15600.0,16150.0,134885,0.0,0.0,0.0
2018-05-15 00:00:00+09:00,16000.0,16450.0,15800.0,16100.0,55368,0.0,0.0,0.0
2018-05-16 00:00:00+09:00,16100.0,16100.0,15600.0,15950.0,58643,0.0,0.0,0.0
2018-05-17 00:00:00+09:00,16000.0,16150.0,15800.0,16000.0,49552,0.0,0.0,0.0
2018-05-18 00:00:00+09:00,16000.0,16750.0,16000.0,16350.0,136276,0.0,0.0,0.0
2018-05-21 00:00:00+09:00,16350.0,17050.0,16250.0,17000.0,206113,0.0,0.0,0.0
2018-05-23 00:00:00+09:00,17350.0,17350.0,16500.0,16600.0,80812,0.0,0.0,0.0
2018-05-24 00:00:00+09:00,16800.0,16800.0,16400.0,16450.0,53437,0.0,0.0,0.0
2018-05-25 00:00:00+09:00,16300.0,16600.0,15750.0,16450.0,117487,0.0,0.0,0.0
2018-05-28 00:00:00+09:00,16400.0,16500.0,16000.0,16500.0,66877,0.0,0.0,0.0
2018-05-29 00:00:00+09:00,16400.0,16550.0,16100.0,16550.0,169709,0.0,0.0,0.0
2018-05-30 00:00:00+09:00,16650.0,16650.0,16050.0,16400.0,152450,0.0,0.0,0.0
2018-05-31 00:00:00+09:00,16600.0,16800.0,16400.0,16700.0,95350,0.0,0.0,0.0
2018-06-01 00:00:00+09:00,16900.0,18000.0,16600.0,17450.0,284750,0.0,0.0,0.0
2018-06-04 00:00:00+09:00,17500.0,17800.0,17250.0,17650.0,95560,0.0,0.0,0.0
2018-06-05 00:00:00+09:00,17700.0,17950.0,17500.0,17850.0,111624,0.0,0.0,0.0
2018-06-07 00:00:00+09:00,17750.0,18500.0,17700.0,18400.0,282625,0.0,0.0,0.0
2018-06-08 00:00:00+09:00,18700.0,18850.0,18100.0,18450.0,447073,0.0,0.0,0.0
2018-06-11 00:00:00+09:00,20900.0,23950.0,20850.0,23950.0,2671741,0.0,0.0,0.0
2018-06-12 00:00:00+09:00,24900.0,28400.0,23550.0,26500.0,2557464,0.0,0.0,0.0
2018-06-14 00:00:00+09:00,25600.0,26150.0,24300.0,25550.0,1208980,0.0,0.0,0.0
2018-06-15 00:00:00+09:00,27000.0,28000.0,25100.0,25750.0,1049634,0.0,0.0,0.0
2018-06-18 00:00:00+09:00,25050.0,25400.0,24100.0,25050.0,610840,0.0,0.0,0.0
2018-06-19 00:00:00+09:00,24900.0,26500.0,24600.0,24800.0,422731,0.0,0.0,0.0
2018-06-20 00:00:00+09:00,24800.0,26250.0,24100.0,25400.0,525442,0.0,0.0,0.0
2018-06-21 00:00:00+09:00,25600.0,27000.0,25400.0,27000.0,777808,0.0,0.0,0.0
2018-06-22 00:00:00+09:00,27100.0,27250.0,25750.0,25750.0,664958,0.0,0.0,0.0
2018-06-25 00:00:00+09:00,25700.0,25700.0,24350.0,24650.0,511797,0.0,0.0,0.0
2018-06-26 00:00:00+09:00,24200.0,25150.0,24200.0,24450.0,271605,0.0,0.0,0.0
2018-06-27 00:00:00+09:00,24450.0,24600.0,22750.0,24150.0,419875,0.0,0.0,0.0
2018-06-28 00:00:00+09:00,23550.0,25300.0,23500.0,24200.0,391476,0.0,0.0,0.0
2018-06-29 00:00:00+09:00,24150.0,24400.0,21900.0,21900.0,472575,0.0,0.0,0.0
2018-07-02 00:00:00+09:00,21900.0,22750.0,20250.0,20450.0,276000,0.0,0.0,0.0
2018-07-03 00:00:00+09:00,20600.0,21100.0,18850.0,19750.0,785317,0.0,0.0,0.0
2018-07-04 00:00:00+09:00,19800.0,23700.0,19600.0,22800.0,827280,0.0,0.0,0.0
2018-07-05 00:00:00+09:00,22900.0,23450.0,21900.0,22400.0,274263,0.0,0.0,0.0
2018-07-06 00:00:00+09:00,22150.0,22550.0,21450.0,22000.0,249313,0.0,0.0,0.0
2018-07-09 00:00:00+09:00,21950.0,22700.0,21500.0,22300.0,112310,0.0,0.0,0.0
2018-07-10 00:00:00+09:00,22700.0,23350.0,21100.0,21500.0,386737,0.0,0.0,0.0
2018-07-11 00:00:00+09:00,20000.0,20800.0,19100.0,20000.0,957744,0.0,0.0,0.0
2018-07-12 00:00:00+09:00,20000.0,20550.0,18600.0,18650.0,374176,0.0,0.0,0.0
2018-07-13 00:00:00+09:00,18900.0,19750.0,18850.0,19500.0,228807,0.0,0.0,0.0
2018-07-16 00:00:00+09:00,19600.0,19900.0,19450.0,19900.0,113022,0.0,0.0,0.0
2018-07-17 00:00:00+09:00,19650.0,20800.0,19650.0,20350.0,175959,0.0,0.0,0.0
2018-07-18 00:00:00+09:00,20700.0,20750.0,18700.0,19300.0,330140,0.0,0.0,0.0
2018-07-19 00:00:00+09:00,19350.0,19350.0,18750.0,18950.0,86871,0.0,0.0,0.0
2018-07-20 00:00:00+09:00,18800.0,19300.0,18150.0,18450.0,144469,0.0,0.0,0.0
2018-07-23 00:00:00+09:00,18000.0,18450.0,16950.0,16950.0,147081,0.0,0.0,0.0
2018-07-24 00:00:00+09:00,16950.0,17650.0,16900.0,17350.0,113867,0.0,0.0,0.0
2018-07-25 00:00:00+09:00,17200.0,17500.0,16650.0,17000.0,88394,0.0,0.0,0.0
2018-07-26 00:00:00+09:00,17050.0,18250.0,16800.0,18200.0,101340,0.0,0.0,0.0
2018-07-27 00:00:00+09:00,18200.0,18450.0,17800.0,18150.0,85614,0.0,0.0,0.0
2018-07-30 00:00:00+09:00,18100.0,18550.0,18100.0,18400.0,38219,0.0,0.0,0.0
2018-07-31 00:00:00+09:00,18350.0,18350.0,17550.0,18000.0,100004,0.0,0.0,0.0
2018-08-01 00:00:00+09:00,17900.0,18350.0,17800.0,17800.0,79258,0.0,0.0,0.0
2018-08-02 00:00:00+09:00,17800.0,18450.0,17550.0,18150.0,84151,0.0,0.0,0.0
2018-08-03 00:00:00+09:00,18500.0,19150.0,17900.0,18150.0,138576,0.0,0.0,0.0
2018-08-06 00:00:00+09:00,18350.0,18350.0,17150.0,17200.0,136567,0.0,0.0,0.0
2018-08-07 00:00:00+09:00,17250.0,17550.0,16750.0,17400.0,86868,0.0,0.0,0.0
2018-08-08 00:00:00+09:00,17500.0,18150.0,17400.0,17400.0,74622,0.0,0.0,0.0
2018-08-09 00:00:00+09:00,17500.0,18200.0,17300.0,18200.0,60585,0.0,0.0,0.0
2018-08-10 00:00:00+09:00,18200.0,18350.0,17600.0,17800.0,75154,0.0,0.0,0.0
2018-08-13 00:00:00+09:00,17600.0,17600.0,16650.0,16700.0,107867,0.0,0.0,0.0
2018-08-14 00:00:00+09:00,16550.0,16850.0,16350.0,16600.0,80221,0.0,0.0,0.0
2018-08-16 00:00:00+09:00,16100.0,16400.0,15700.0,16050.0,104018,0.0,0.0,0.0
2018-08-17 00:00:00+09:00,15900.0,16700.0,15900.0,16600.0,75176,0.0,0.0,0.0
2018-08-20 00:00:00+09:00,16600.0,17150.0,16200.0,16400.0,56631,0.0,0.0,0.0
2018-08-21 00:00:00+09:00,16400.0,16700.0,15600.0,16100.0,103220,0.0,0.0,0.0
2018-08-22 00:00:00+09:00,16150.0,16250.0,15600.0,15800.0,92421,0.0,0.0,0.0
2018-08-23 00:00:00+09:00,15950.0,16200.0,15800.0,15950.0,64236,0.0,0.0,0.0
2018-08-24 00:00:00+09:00,15750.0,16050.0,15600.0,15850.0,67977,0.0,0.0,0.0
2018-08-27 00:00:00+09:00,15850.0,16500.0,15750.0,16350.0,131705,0.0,0.0,0.0
2018-08-28 00:00:00+09:00,16350.0,17350.0,16150.0,16950.0,245397,0.0,0.0,0.0
2018-08-29 00:00:00+09:00,16950.0,16950.0,16050.0,16150.0,290010,0.0,0.0,0.0
2018-08-30 00:00:00+09:00,16100.0,16150.0,15650.0,15950.0,137574,0.0,0.0,0.0
2018-08-31 00:00:00+09:00,15850.0,16300.0,15800.0,16100.0,91115,0.0,0.0,0.0
2018-09-03 00:00:00+09:00,16250.0,16350.0,15750.0,15800.0,122122,0.0,0.0,0.0
2018-09-04 00:00:00+09:00,15750.0,16450.0,15750.0,16250.0,145211,0.0,0.0,0.0
2018-09-05 00:00:00+09:00,16200.0,16650.0,16050.0,16100.0,105620,0.0,0.0,0.0
2018-09-06 00:00:00+09:00,16000.0,16200.0,16000.0,16150.0,49688,0.0,0.0,0.0
2018-09-07 00:00:00+09:00,16150.0,16900.0,16050.0,16300.0,172136,0.0,0.0,0.0
2018-09-10 00:00:00+09:00,16300.0,16600.0,16200.0,16400.0,102114,0.0,0.0,0.0
2018-09-11 00:00:00+09:00,16300.0,16450.0,16250.0,16350.0,61813,0.0,0.0,0.0
2018-09-12 00:00:00+09:00,16350.0,16450.0,15000.0,15350.0,307434,0.0,0.0,0.0
2018-09-13 00:00:00+09:00,15400.0,16550.0,15300.0,16500.0,257067,0.0,0.0,0.0
2018-09-14 00:00:00+09:00,17000.0,19400.0,16800.0,19150.0,996350,0.0,0.0,0.0
2018-09-17 00:00:00+09:00,19750.0,20200.0,19200.0,20000.0,434592,0.0,0.0,0.0
2018-09-18 00:00:00+09:00,20000.0,20850.0,19600.0,20450.0,355199,0.0,0.0,0.0
2018-09-19 00:00:00+09:00,20600.0,22150.0,19450.0,20400.0,625676,0.0,0.0,0.0
2018-09-20 00:00:00+09:00,20050.0,21300.0,20050.0,20850.0,238139,0.0,0.0,0.0
2018-09-21 00:00:00+09:00,20550.0,21250.0,20050.0,20050.0,215442,0.0,0.0,0.0
2018-09-27 00:00:00+09:00,19700.0,22700.0,19700.0,22700.0,485640,0.0,0.0,0.0
2018-09-28 00:00:00+09:00,22500.0,23000.0,22000.0,22050.0,203102,0.0,0.0,0.0
2018-10-01 00:00:00+09:00,22200.0,23450.0,21500.0,23000.0,272160,0.0,0.0,0.0
2018-10-02 00:00:00+09:00,22800.0,23500.0,22300.0,23450.0,297909,0.0,0.0,0.0
2018-10-04 00:00:00+09:00,23450.0,24500.0,23000.0,24300.0,285227,0.0,0.0,0.0
2018-10-05 00:00:00+09:00,24000.0,26650.0,24000.0,26300.0,636694,0.0,0.0,0.0
2018-10-08 00:00:00+09:00,26150.0,27050.0,25000.0,25000.0,492922,0.0,0.0,0.0
2018-10-10 00:00:00+09:00,24800.0,25550.0,24000.0,25000.0,303475,0.0,0.0,0.0
2018-10-11 00:00:00+09:00,24450.0,26150.0,24100.0,25550.0,416441,0.0,0.0,0.0
2018-10-12 00:00:00+09:00,25550.0,27000.0,25400.0,26950.0,442527,0.0,0.0,0.0
2018-10-15 00:00:00+09:00,27300.0,27800.0,25000.0,26300.0,323720,0.0,0.0,0.0
2018-10-16 00:00:00+09:00,26500.0,27300.0,26300.0,27300.0,267469,0.0,0.0,0.0
2018-10-17 00:00:00+09:00,27850.0,27950.0,26550.0,27000.0,300851,0.0,0.0,0.0
2018-10-18 00:00:00+09:00,26400.0,26450.0,23550.0,23600.0,779471,0.0,0.0,0.0
2018-10-19 00:00:00+09:00,23650.0,23650.0,22100.0,22600.0,565803,0.0,0.0,0.0
2018-10-22 00:00:00+09:00,22200.0,23200.0,21950.0,22700.0,311399,0.0,0.0,0.0
2018-10-23 00:00:00+09:00,22650.0,23250.0,21050.0,21550.0,357778,0.0,0.0,0.0
2018-10-24 00:00:00+09:00,21800.0,21950.0,20100.0,20150.0,342825,0.0,0.0,0.0
2018-10-25 00:00:00+09:00,19300.0,21300.0,19200.0,21250.0,384792,0.0,0.0,0.0
2018-10-26 00:00:00+09:00,21500.0,21600.0,20000.0,20650.0,241883,0.0,0.0,0.0
2018-10-29 00:00:00+09:00,21000.0,21950.0,19950.0,20000.0,336242,0.0,0.0,0.0
2018-10-30 00:00:00+09:00,19600.0,20350.0,18700.0,20200.0,503156,0.0,0.0,0.0
2018-10-31 00:00:00+09:00,26350.0,26350.0,26350.0,26350.0,14837,0.0,0.0,0.0
2018-11-01 00:00:00+09:00,30000.0,30550.0,25950.0,26250.0,942806,0.0,0.0,0.0
2018-11-02 00:00:00+09:00,26800.0,27600.0,26200.0,27150.0,236075,0.0,0.0,0.0
2018-11-05 00:00:00+09:00,27400.0,27700.0,26750.0,27250.0,82870,0.0,0.0,0.0
2018-11-06 00:00:00+09:00,27250.0,27350.0,26450.0,26900.0,73504,0.0,0.0,0.0
2018-11-07 00:00:00+09:00,26900.0,26900.0,25200.0,25400.0,102378,0.0,0.0,0.0
2018-11-08 00:00:00+09:00,25600.0,26150.0,25400.0,25900.0,45738,0.0,0.0,0.0
2018-11-09 00:00:00+09:00,25900.0,30100.0,25900.0,28750.0,556083,0.0,0.0,0.0
2018-11-12 00:00:00+09:00,28950.0,30250.0,28100.0,29100.0,239076,0.0,0.0,0.0
2018-11-13 00:00:00+09:00,28500.0,29550.0,28150.0,28800.0,87504,0.0,0.0,0.0
2018-11-14 00:00:00+09:00,28350.0,29000.0,27350.0,27600.0,71179,0.0,0.0,0.0
2018-11-15 00:00:00+09:00,27600.0,28400.0,26000.0,27350.0,91760,0.0,0.0,0.0
2018-11-16 00:00:00+09:00,27350.0,27400.0,25700.0,26550.0,110352,0.0,0.0,0.0
2018-11-19 00:00:00+09:00,26450.0,26850.0,25750.0,26000.0,55278,0.0,0.0,0.0
2018-11-20 00:00:00+09:00,25400.0,26050.0,25100.0,25850.0,63022,0.0,0.0,0.0
2018-11-21 00:00:00+09:00,26000.0,26000.0,24900.0,25300.0,51682,0.0,0.0,0.0
2018-11-22 00:00:00+09:00,24900.0,25250.0,24000.0,24000.0,62468,0.0,0.0,0.0
2018-11-23 00:00:00+09:00,23575.0,23875.0,22700.0,23225.0,88493,0.0,0.0,0.0
2018-11-26 00:00:00+09:00,22950.0,25150.0,22650.0,23575.0,156257,0.0,0.0,0.0
2018-11-27 00:00:00+09:00,20700.0,22650.0,20300.0,21600.0,1335345,0.0,0.0,0.0
2018-11-28 00:00:00+09:00,21850.0,21875.0,20800.0,21250.0,328547,0.0,0.0,0.0
2018-11-29 00:00:00+09:00,21500.0,21900.0,20825.0,21000.0,341768,0.0,0.0,0.0
2018-11-30 00:00:00+09:00,20800.0,20975.0,20025.0,20100.0,237236,0.0,0.0,0.0
2018-12-03 00:00:00+09:00,20350.0,21175.0,20200.0,20950.0,180492,0.0,0.0,0.0
2018-12-04 00:00:00+09:00,21325.0,22525.0,21200.0,22375.0,431538,0.0,0.0,0.0
2018-12-05 00:00:00+09:00,22200.0,22875.0,21700.0,22125.0,324112,0.0,0.0,0.0
2018-12-06 00:00:00+09:00,22350.0,22400.0,20775.0,20800.0,177951,0.0,0.0,0.0
2018-12-07 00:00:00+09:00,20575.0,21500.0,20150.0,20150.0,206270,0.0,0.0,0.0
2018-12-10 00:00:00+09:00,20000.0,20150.0,18500.0,19775.0,272718,0.0,0.0,0.0
2018-12-11 00:00:00+09:00,19650.0,19900.0,18250.0,18250.0,163685,0.0,0.0,0.0
2018-12-12 00:00:00+09:00,18050.0,19350.0,18050.0,18825.0,159997,0.0,0.0,0.0
2018-12-13 00:00:00+09:00,18675.0,19350.0,18675.0,19150.0,90180,0.0,0.0,0.0
2018-12-14 00:00:00+09:00,18900.0,19350.0,17500.0,18225.0,188609,0.0,0.0,0.0
2018-12-17 00:00:00+09:00,18000.0,18175.0,17475.0,18000.0,152832,0.0,0.0,0.0
2018-12-18 00:00:00+09:00,17625.0,18175.0,17000.0,17325.0,155320,0.0,0.0,0.0
2018-12-19 00:00:00+09:00,17250.0,18125.0,17225.0,18000.0,177813,0.0,0.0,0.0
2018-12-20 00:00:00+09:00,17925.0,18100.0,17325.0,17350.0,136311,0.0,0.0,0.0
2018-12-21 00:00:00+09:00,17125.0,18100.0,17125.0,17650.0,164468,0.0,0.0,0.0
2018-12-24 00:00:00+09:00,17525.0,17825.0,17150.0,17300.0,99018,0.0,0.0,0.0
2018-12-26 00:00:00+09:00,16750.0,17050.0,16450.0,16775.0,136312,0.0,0.0,0.0
2018-12-27 00:00:00+09:00,17025.0,18175.0,16500.0,17850.0,296783,0.0,0.0,0.0
2018-12-28 00:00:00+09:00,17650.0,18150.0,17350.0,17500.0,166292,0.0,0.0,0.0
2019-01-02 00:00:00+09:00,17775.0,17900.0,17100.0,17500.0,88827,0.0,0.0,0.0
2019-01-03 00:00:00+09:00,17425.0,18000.0,16350.0,16525.0,179308,0.0,0.0,0.0
2019-01-04 00:00:00+09:00,16850.0,18500.0,16825.0,18325.0,485088,0.0,0.0,0.0
2019-01-07 00:00:00+09:00,18650.0,18950.0,17775.0,18075.0,234041,0.0,0.0,0.0
2019-01-08 00:00:00+09:00,18400.0,18700.0,17875.0,18175.0,237966,0.0,0.0,0.0
2019-01-09 00:00:00+09:00,18400.0,19850.0,18325.0,19475.0,378032,0.0,0.0,0.0
2019-01-10 00:00:00+09:00,19550.0,20300.0,19300.0,19525.0,396405,0.0,0.0,0.0
2019-01-11 00:00:00+09:00,19550.0,19575.0,19075.0,19325.0,156633,0.0,0.0,0.0
2019-01-14 00:00:00+09:00,19200.0,19400.0,18975.0,19150.0,97673,0.0,0.0,0.0
2019-01-15 00:00:00+09:00,19150.0,19925.0,19150.0,19600.0,138422,0.0,0.0,0.0
2019-01-16 00:00:00+09:00,19750.0,20200.0,19650.0,19925.0,150458,0.0,0.0,0.0
2019-01-17 00:00:00+09:00,20050.0,20200.0,19650.0,20075.0,90825,0.0,0.0,0.0
2019-01-18 00:00:00+09:00,20200.0,21400.0,19925.0,21100.0,327168,0.0,0.0,0.0
2019-01-21 00:00:00+09:00,21125.0,21300.0,20875.0,20925.0,97847,0.0,0.0,0.0
2019-01-22 00:00:00+09:00,20875.0,21000.0,20400.0,20600.0,70941,0.0,0.0,0.0
2019-01-23 00:00:00+09:00,20300.0,21100.0,20275.0,20925.0,83070,0.0,0.0,0.0
2019-01-24 00:00:00+09:00,20900.0,21050.0,20375.0,20375.0,105753,0.0,0.0,0.0
2019-01-25 00:00:00+09:00,20400.0,20825.0,20350.0,20500.0,70887,0.0,0.0,0.0
2019-01-28 00:00:00+09:00,20800.0,20800.0,20250.0,20475.0,74893,0.0,0.0,0.0
2019-01-29 00:00:00+09:00,20250.0,20700.0,19675.0,19925.0,111025,0.0,0.0,0.0
2019-01-30 00:00:00+09:00,20000.0,20125.0,19150.0,19350.0,68468,0.0,0.0,0.0
2019-01-31 00:00:00+09:00,19550.0,19825.0,18750.0,18800.0,107204,0.0,0.0,0.0
2019-02-01 00:00:00+09:00,18600.0,19200.0,18275.0,18475.0,126133,0.0,0.0,0.0
2019-02-07 00:00:00+09:00,18525.0,19325.0,18525.0,19225.0,93200,0.0,0.0,0.0
2019-02-08 00:00:00+09:00,19225.0,19750.0,18825.0,19700.0,85329,0.0,0.0,0.0
2019-02-11 00:00:00+09:00,19675.0,19675.0,19100.0,19175.0,99761,0.0,0.0,0.0
2019-02-12 00:00:00+09:00,19250.0,19650.0,18775.0,18925.0,96762,0.0,0.0,0.0
2019-02-13 00:00:00+09:00,18850.0,19625.0,18750.0,19275.0,126239,0.0,0.0,0.0
2019-02-14 00:00:00+09:00,19325.0,19500.0,19075.0,19350.0,46816,0.0,0.0,0.0
2019-02-15 00:00:00+09:00,19175.0,19325.0,18450.0,18625.0,208225,0.0,0.0,0.0
2019-02-18 00:00:00+09:00,18800.0,19125.0,18550.0,19025.0,72388,0.0,0.0,0.0
2019-02-19 00:00:00+09:00,19150.0,19150.0,18700.0,19050.0,66675,0.0,0.0,0.0
2019-02-20 00:00:00+09:00,19075.0,19500.0,18925.0,19200.0,115499,0.0,0.0,0.0
2019-02-21 00:00:00+09:00,19200.0,19250.0,18500.0,18700.0,148137,0.0,0.0,0.0
2019-02-22 00:00:00+09:00,18625.0,18850.0,18375.0,18375.0,75566,0.0,0.0,0.0
2019-02-25 00:00:00+09:00,18375.0,18450.0,18000.0,18200.0,82472,0.0,0.0,0.0
2019-02-26 00:00:00+09:00,18225.0,18475.0,17650.0,17725.0,114569,0.0,0.0,0.0
2019-02-27 00:00:00+09:00,17600.0,17825.0,17525.0,17600.0,86612,0.0,0.0,0.0
2019-02-28 00:00:00+09:00,17550.0,18250.0,16450.0,16725.0,217734,0.0,0.0,0.0
2019-03-04 00:00:00+09:00,16750.0,17725.0,16725.0,17700.0,103420,0.0,0.0,0.0
2019-03-05 00:00:00+09:00,17500.0,17925.0,17350.0,17700.0,74896,0.0,0.0,0.0
2019-03-06 00:00:00+09:00,17600.0,18300.0,17600.0,18100.0,86260,0.0,0.0,0.0
2019-03-07 00:00:00+09:00,18075.0,18275.0,17550.0,17700.0,63875,0.0,0.0,0.0
2019-03-08 00:00:00+09:00,17700.0,17950.0,17400.0,17450.0,44746,0.0,0.0,0.0
2019-03-11 00:00:00+09:00,17425.0,17650.0,16925.0,16950.0,88276,0.0,0.0,0.0
2019-03-12 00:00:00+09:00,17050.0,17450.0,17050.0,17200.0,47309,0.0,0.0,0.0
2019-03-13 00:00:00+09:00,17100.0,17375.0,16775.0,17075.0,54081,0.0,0.0,0.0
2019-03-14 00:00:00+09:00,16850.0,17525.0,16800.0,16950.0,122904,0.0,0.0,0.0
2019-03-15 00:00:00+09:00,16950.0,17250.0,16250.0,16450.0,135119,0.0,0.0,0.0
2019-03-18 00:00:00+09:00,16425.0,16450.0,15900.0,16075.0,239498,0.0,0.0,0.0
2019-03-19 00:00:00+09:00,16275.0,16800.0,16000.0,16800.0,133482,0.0,0.0,0.0
2019-03-20 00:00:00+09:00,16800.0,16975.0,15950.0,16125.0,145412,0.0,0.0,0.0
2019-03-21 00:00:00+09:00,16150.0,17925.0,16125.0,16825.0,292916,0.0,0.0,0.0
2019-03-22 00:00:00+09:00,16825.0,17300.0,16575.0,16675.0,146972,0.0,0.0,0.0
2019-03-25 00:00:00+09:00,16550.0,16725.0,16050.0,16550.0,134727,0.0,0.0,0.0
2019-03-26 00:00:00+09:00,16550.0,17000.0,16225.0,16250.0,101753,0.0,0.0,0.0
2019-03-27 00:00:00+09:00,16325.0,16450.0,16125.0,16225.0,70881,0.0,0.0,0.0
2019-03-28 00:00:00+09:00,16250.0,16550.0,16025.0,16175.0,94928,0.0,0.0,0.0
2019-03-29 00:00:00+09:00,16350.0,16500.0,15700.0,15925.0,136617,0.0,0.0,0.0
2019-04-01 00:00:00+09:00,15950.0,17100.0,15800.0,16925.0,159500,0.0,0.0,0.0
2019-04-02 00:00:00+09:00,16750.0,16950.0,16375.0,16600.0,68523,0.0,0.0,0.0
2019-04-03 00:00:00+09:00,16575.0,17175.0,16475.0,17050.0,90614,0.0,0.0,0.0
2019-04-04 00:00:00+09:00,17250.0,17975.0,17150.0,17300.0,309406,0.0,0.0,0.0
2019-04-05 00:00:00+09:00,17400.0,17775.0,17250.0,17650.0,101926,0.0,0.0,0.0
2019-04-08 00:00:00+09:00,17825.0,18975.0,17650.0,18450.0,238592,0.0,0.0,0.0
2019-04-09 00:00:00+09:00,18425.0,18575.0,17525.0,17900.0,177214,0.0,0.0,0.0
2019-04-10 00:00:00+09:00,17725.0,17975.0,17400.0,17900.0,89666,0.0,0.0,0.0
2019-04-11 00:00:00+09:00,17950.0,18625.0,17900.0,18125.0,145449,0.0,0.0,0.0
2019-04-12 00:00:00+09:00,18300.0,18325.0,17950.0,18250.0,75415,0.0,0.0,0.0
2019-04-15 00:00:00+09:00,18325.0,18325.0,17850.0,18225.0,88488,0.0,0.0,0.0
2019-04-16 00:00:00+09:00,18225.0,18800.0,18175.0,18775.0,161025,0.0,0.0,0.0
2019-04-17 00:00:00+09:00,18750.0,19150.0,18650.0,19000.0,143259,0.0,0.0,0.0
2019-04-18 00:00:00+09:00,19050.0,19850.0,18550.0,19175.0,256583,0.0,0.0,0.0
2019-04-19 00:00:00+09:00,19175.0,19950.0,19125.0,19750.0,274019,0.0,0.0,0.0
2019-04-22 00:00:00+09:00,19800.0,20425.0,19250.0,19325.0,135946,0.0,0.0,0.0
2019-04-23 00:00:00+09:00,19125.0,19250.0,18700.0,18850.0,139066,0.0,0.0,0.0
2019-04-24 00:00:00+09:00,19500.0,19500.0,18500.0,18950.0,160049,0.0,0.0,0.0
2019-04-25 00:00:00+09:00,18950.0,19375.0,18750.0,18800.0,65690,0.0,0.0,0.0
2019-04-26 00:00:00+09:00,18625.0,19000.0,18175.0,18775.0,85008,0.0,0.0,0.0
2019-04-29 00:00:00+09:00,18825.0,19600.0,18750.0,18800.0,224566,0.0,0.0,0.0
2019-04-30 00:00:00+09:00,19000.0,19150.0,18075.0,18275.0,122707,0.0,0.0,0.0
2019-05-02 00:00:00+09:00,18000.0,18200.0,17650.0,17850.0,104066,0.0,0.0,0.0
2019-05-03 00:00:00+09:00,17850.0,18325.0,17800.0,17925.0,100789,0.0,0.0,0.0
2019-05-07 00:00:00+09:00,17675.0,17675.0,17000.0,17125.0,97477,0.0,0.0,0.0
2019-05-08 00:00:00+09:00,16675.0,17600.0,16650.0,17225.0,87025,0.0,0.0,0.0
2019-05-09 00:00:00+09:00,17200.0,17400.0,16075.0,16500.0,138031,0.0,0.0,0.0
2019-05-10 00:00:00+09:00,16275.0,17600.0,16225.0,16475.0,130663,0.0,0.0,0.0
2019-05-13 00:00:00+09:00,16550.0,16725.0,16325.0,16325.0,68413,0.0,0.0,0.0
2019-05-14 00:00:00+09:00,16200.0,16250.0,15500.0,15750.0,138118,0.0,0.0,0.0
2019-05-15 00:00:00+09:00,15775.0,16275.0,15750.0,16250.0,53497,0.0,0.0,0.0
2019-05-16 00:00:00+09:00,16175.0,16200.0,15475.0,15625.0,105194,0.0,0.0,0.0
2019-05-17 00:00:00+09:00,15825.0,15900.0,15200.0,15500.0,81174,0.0,0.0,0.0
2019-05-20 00:00:00+09:00,15300.0,15550.0,14250.0,14525.0,213501,0.0,0.0,0.0
2019-05-21 00:00:00+09:00,14550.0,15225.0,14550.0,14650.0,75635,0.0,0.0,0.0
2019-05-22 00:00:00+09:00,14525.0,15000.0,14500.0,14800.0,86988,0.0,0.0,0.0
2019-05-23 00:00:00+09:00,14825.0,14925.0,14525.0,14600.0,55532,0.0,0.0,0.0
2019-05-24 00:00:00+09:00,14500.0,14575.0,13750.0,13750.0,95576,0.0,0.0,0.0
2019-05-27 00:00:00+09:00,13825.0,14500.0,13825.0,14325.0,113727,0.0,0.0,0.0
2019-05-28 00:00:00+09:00,14425.0,15950.0,14350.0,15700.0,269171,0.0,0.0,0.0
2019-05-29 00:00:00+09:00,15475.0,17225.0,15475.0,17150.0,298980,0.0,0.0,0.0
2019-05-30 00:00:00+09:00,17200.0,17925.0,16600.0,16900.0,240752,0.0,0.0,0.0
2019-05-31 00:00:00+09:00,17275.0,17600.0,16600.0,17350.0,150729,0.0,0.0,0.0
2019-06-03 00:00:00+09:00,17075.0,17600.0,17075.0,17350.0,80390,0.0,0.0,0.0
2019-06-04 00:00:00+09:00,17250.0,17625.0,17000.0,17225.0,90506,0.0,0.0,0.0
2019-06-05 00:00:00+09:00,17150.0,17900.0,17025.0,17425.0,171677,0.0,0.0,0.0
2019-06-07 00:00:00+09:00,17425.0,17775.0,17375.0,17675.0,119193,0.0,0.0,0.0
2019-06-10 00:00:00+09:00,17850.0,17850.0,17350.0,17550.0,95800,0.0,0.0,0.0
2019-06-11 00:00:00+09:00,17625.0,19250.0,17600.0,18875.0,560753,0.0,0.0,0.0
2019-06-12 00:00:00+09:00,18950.0,19275.0,18675.0,18975.0,231524,0.0,0.0,0.0
2019-06-13 00:00:00+09:00,19050.0,20075.0,17500.0,19250.0,789489,0.0,0.0,0.0
2019-06-14 00:00:00+09:00,19500.0,19525.0,18125.0,18600.0,356087,0.0,0.0,0.0
2019-06-17 00:00:00+09:00,18500.0,18600.0,17500.0,17650.0,231762,0.0,0.0,0.0
2019-06-18 00:00:00+09:00,17625.0,17925.0,17100.0,17500.0,162981,0.0,0.0,0.0
2019-06-19 00:00:00+09:00,17525.0,17750.0,17300.0,17650.0,104769,0.0,0.0,0.0
2019-06-20 00:00:00+09:00,17700.0,17825.0,17500.0,17575.0,90703,0.0,0.0,0.0
2019-06-21 00:00:00+09:00,17625.0,18575.0,17550.0,18575.0,199308,0.0,0.0,0.0
2019-06-24 00:00:00+09:00,18625.0,18750.0,18000.0,18400.0,160175,0.0,0.0,0.0
2019-06-25 00:00:00+09:00,18250.0,19050.0,16625.0,17250.0,284493,0.0,0.0,0.0
2019-06-26 00:00:00+09:00,17250.0,17350.0,16500.0,16950.0,163472,0.0,0.0,0.0
2019-06-27 00:00:00+09:00,16750.0,17200.0,16075.0,16600.0,162105,0.0,0.0,0.0
2019-06-28 00:00:00+09:00,16600.0,16700.0,15875.0,16000.0,146611,0.0,0.0,0.0
2019-07-01 00:00:00+09:00,16150.0,16475.0,16025.0,16200.0,67283,0.0,0.0,0.0
2019-07-02 00:00:00+09:00,16250.0,16325.0,15700.0,15900.0,94394,0.0,0.0,0.0
2019-07-03 00:00:00+09:00,15850.0,16475.0,15800.0,16400.0,87190,0.0,0.0,0.0
2019-07-04 00:00:00+09:00,16450.0,16750.0,16275.0,16750.0,85532,0.0,0.0,0.0
2019-07-05 00:00:00+09:00,16750.0,16875.0,16275.0,16450.0,68896,0.0,0.0,0.0
2019-07-08 00:00:00+09:00,16550.0,16550.0,15250.0,15500.0,127470,0.0,0.0,0.0
2019-07-09 00:00:00+09:00,15300.0,15625.0,14650.0,15500.0,131685,0.0,0.0,0.0
2019-07-10 00:00:00+09:00,15500.0,15650.0,15000.0,15400.0,59820,0.0,0.0,0.0
2019-07-11 00:00:00+09:00,15400.0,15500.0,14950.0,15300.0,73746,0.0,0.0,0.0
2019-07-12 00:00:00+09:00,15150.0,18375.0,15025.0,16475.0,750641,0.0,0.0,0.0
2019-07-15 00:00:00+09:00,16525.0,16825.0,16125.0,16125.0,118708,0.0,0.0,0.0
2019-07-16 00:00:00+09:00,16200.0,17100.0,16075.0,16850.0,300044,0.0,0.0,0.0
2019-07-17 00:00:00+09:00,16625.0,17075.0,16175.0,16325.0,146766,0.0,0.0,0.0
2019-07-18 00:00:00+09:00,16175.0,16400.0,15950.0,16000.0,73325,0.0,0.0,0.0
2019-07-19 00:00:00+09:00,16200.0,16300.0,15875.0,15950.0,65736,0.0,0.0,0.0
2019-07-22 00:00:00+09:00,15950.0,16000.0,15350.0,15350.0,95576,0.0,0.0,0.0
2019-07-23 00:00:00+09:00,15375.0,15650.0,14975.0,15425.0,115681,0.0,0.0,0.0
2019-07-24 00:00:00+09:00,15325.0,15550.0,15000.0,15350.0,52395,0.0,0.0,0.0
2019-07-25 00:00:00+09:00,15125.0,15425.0,14900.0,15300.0,45512,0.0,0.0,0.0
2019-07-26 00:00:00+09:00,15000.0,15200.0,14500.0,14950.0,96606,0.0,0.0,0.0
2019-07-29 00:00:00+09:00,14950.0,14975.0,13775.0,13875.0,145685,0.0,0.0,0.0
2019-07-30 00:00:00+09:00,13750.0,14150.0,13650.0,13700.0,106176,0.0,0.0,0.0
2019-07-31 00:00:00+09:00,13500.0,13775.0,12425.0,13225.0,173003,0.0,0.0,0.0
2019-08-01 00:00:00+09:00,13000.0,13375.0,12825.0,13050.0,80161,0.0,0.0,0.0
2019-08-02 00:00:00+09:00,12675.0,13125.0,12450.0,12825.0,79488,0.0,0.0,0.0
2019-08-05 00:00:00+09:00,12600.0,13400.0,9000.0,9000.0,763225,0.0,0.0,0.0
2019-08-06 00:00:00+09:00,8800.0,11400.0,8075.0,10250.0,1154285,0.0,0.0,0.0
2019-08-07 00:00:00+09:00,10000.0,11325.0,10000.0,10850.0,373671,0.0,0.0,0.0
2019-08-08 00:00:00+09:00,11100.0,11325.0,10750.0,11150.0,179689,0.0,0.0,0.0
2019-08-09 00:00:00+09:00,11000.0,11425.0,10975.0,11425.0,114460,0.0,0.0,0.0
2019-08-12 00:00:00+09:00,11300.0,12175.0,11125.0,12175.0,138238,0.0,0.0,0.0
2019-08-13 00:00:00+09:00,11850.0,12325.0,11675.0,12200.0,162999,0.0,0.0,0.0
2019-08-14 00:00:00+09:00,12250.0,12350.0,11575.0,11775.0,122101,0.0,0.0,0.0
2019-08-16 00:00:00+09:00,11525.0,12250.0,11275.0,11975.0,95514,0.0,0.0,0.0
2019-08-19 00:00:00+09:00,11875.0,12200.0,11475.0,11750.0,90123,0.0,0.0,0.0
2019-08-20 00:00:00+09:00,11750.0,12175.0,11700.0,12125.0,64264,0.0,0.0,0.0
2019-08-21 00:00:00+09:00,12075.0,13150.0,11925.0,13000.0,226383,0.0,0.0,0.0
2019-08-22 00:00:00+09:00,12950.0,13200.0,12725.0,13175.0,118358,0.0,0.0,0.0
2019-08-23 00:00:00+09:00,13000.0,13300.0,12600.0,13225.0,89730,0.0,0.0,0.0
2019-08-26 00:00:00+09:00,12950.0,13000.0,11800.0,12100.0,117940,0.0,0.0,0.0
2019-08-27 00:00:00+09:00,12275.0,12625.0,12100.0,12350.0,70229,0.0,0.0,0.0
2019-08-28 00:00:00+09:00,12350.0,12800.0,12100.0,12800.0,74421,0.0,0.0,0.0
2019-08-29 00:00:00+09:00,12625.0,13425.0,12525.0,13250.0,164797,0.0,0.0,0.0
2019-08-30 00:00:00+09:00,13250.0,13475.0,13025.0,13250.0,106220,0.0,0.0,0.0
2019-09-02 00:00:00+09:00,13250.0,13325.0,12750.0,12900.0,63840,0.0,0.0,0.0
2019-09-03 00:00:00+09:00,12750.0,12975.0,12600.0,12850.0,93905,0.0,0.0,0.0
2019-09-04 00:00:00+09:00,13500.0,13650.0,12525.0,13650.0,257121,0.0,0.0,0.0
2019-09-05 00:00:00+09:00,13550.0,13775.0,13250.0,13425.0,127962,0.0,0.0,0.0
2019-09-06 00:00:00+09:00,13500.0,13750.0,13225.0,13550.0,110497,0.0,0.0,0.0
2019-09-09 00:00:00+09:00,13650.0,13750.0,13175.0,13225.0,88059,0.0,0.0,0.0
2019-09-10 00:00:00+09:00,13250.0,13625.0,13200.0,13600.0,84347,0.0,0.0,0.0
2019-09-11 00:00:00+09:00,13600.0,14000.0,13575.0,14000.0,108604,0.0,0.0,0.0
2019-09-16 00:00:00+09:00,14100.0,14200.0,13925.0,14200.0,76562,0.0,0.0,0.0
2019-09-17 00:00:00+09:00,14100.0,14250.0,13900.0,14050.0,289109,0.0,0.0,0.0
2019-09-18 00:00:00+09:00,13900.0,14050.0,12000.0,12375.0,477209,0.0,0.0,0.0
2019-09-19 00:00:00+09:00,12500.0,12525.0,12100.0,12175.0,123624,0.0,0.0,0.0
2019-09-20 00:00:00+09:00,12200.0,12375.0,11950.0,12100.0,96986,0.0,0.0,0.0
2019-09-23 00:00:00+09:00,11950.0,12100.0,10300.0,11500.0,663033,0.0,0.0,0.0
2019-09-24 00:00:00+09:00,11450.0,12225.0,11450.0,12125.0,169439,0.0,0.0,0.0
2019-09-25 00:00:00+09:00,11975.0,12250.0,11500.0,11825.0,114028,0.0,0.0,0.0
2019-09-26 00:00:00+09:00,11850.0,12175.0,11250.0,12125.0,151190,0.0,0.0,0.0
2019-09-27 00:00:00+09:00,11775.0,12125.0,8500.0,8500.0,426799,0.0,0.0,0.0
2019-09-30 00:00:00+09:00,6825.0,8175.0,6675.0,7275.0,1921376,0.0,0.0,0.0
2019-10-01 00:00:00+09:00,7275.0,8750.0,7250.0,8100.0,1402019,0.0,0.0,0.0
2019-10-02 00:00:00+09:00,8175.0,10000.0,8050.0,9200.0,1798448,0.0,0.0,0.0
2019-10-04 00:00:00+09:00,9325.0,9650.0,8725.0,8725.0,460766,0.0,0.0,0.0
2019-10-07 00:00:00+09:00,8675.0,8950.0,8450.0,8600.0,238433,0.0,0.0,0.0
2019-10-08 00:00:00+09:00,8650.0,9375.0,8425.0,8600.0,460220,0.0,0.0,0.0
2019-10-10 00:00:00+09:00,8750.0,9000.0,8575.0,8775.0,171930,0.0,0.0,0.0
2019-10-11 00:00:00+09:00,8725.0,9025.0,8500.0,8525.0,199988,0.0,0.0,0.0
2019-10-14 00:00:00+09:00,8425.0,8600.0,8200.0,8400.0,182343,0.0,0.0,0.0
2019-10-15 00:00:00+09:00,8550.0,10900.0,8450.0,10900.0,2083957,0.0,0.0,0.0
2019-10-16 00:00:00+09:00,11125.0,12700.0,9900.0,10300.0,3231836,0.0,0.0,0.0
2019-10-17 00:00:00+09:00,10425.0,10425.0,9800.0,9800.0,478848,0.0,0.0,0.0
2019-10-18 00:00:00+09:00,9875.0,10275.0,9700.0,10100.0,509944,0.0,0.0,0.0
2019-10-21 00:00:00+09:00,10000.0,10225.0,9425.0,9675.0,298597,0.0,0.0,0.0
2019-10-22 00:00:00+09:00,9675.0,10250.0,9550.0,10150.0,373758,0.0,0.0,0.0
2019-10-23 00:00:00+09:00,10125.0,11375.0,10125.0,10925.0,1358312,0.0,0.0,0.0
2019-10-24 00:00:00+09:00,10825.0,11750.0,10825.0,11350.0,792059,0.0,0.0,0.0
2019-10-25 00:00:00+09:00,11375.0,11475.0,10550.0,11075.0,265936,0.0,0.0,0.0
2019-10-28 00:00:00+09:00,11075.0,11125.0,9900.0,10875.0,230751,0.0,0.0,0.0
2019-10-29 00:00:00+09:00,10550.0,10875.0,10200.0,10300.0,178716,0.0,0.0,0.0
2019-10-30 00:00:00+09:00,10425.0,10500.0,9800.0,9900.0,136854,0.0,0.0,0.0
2019-10-31 00:00:00+09:00,9950.0,10075.0,9800.0,9875.0,107185,0.0,0.0,0.0
2019-11-01 00:00:00+09:00,9925.0,10350.0,9675.0,10000.0,124388,0.0,0.0,0.0
2019-11-04 00:00:00+09:00,10025.0,10375.0,9900.0,10150.0,136798,0.0,0.0,0.0
2019-11-05 00:00:00+09:00,10125.0,10150.0,9425.0,9425.0,178554,0.0,0.0,0.0
2019-11-06 00:00:00+09:00,9475.0,9750.0,9400.0,9525.0,95365,0.0,0.0,0.0
2019-11-07 00:00:00+09:00,9575.0,10100.0,9500.0,10050.0,135136,0.0,0.0,0.0
2019-11-08 00:00:00+09:00,10100.0,10875.0,9925.0,10675.0,345724,0.0,0.0,0.0
2019-11-11 00:00:00+09:00,10675.0,11425.0,10650.0,11425.0,336197,0.0,0.0,0.0
2019-11-12 00:00:00+09:00,11250.0,11700.0,10675.0,10975.0,250651,0.0,0.0,0.0
2019-11-13 00:00:00+09:00,11600.0,12000.0,8950.0,10000.0,2079632,0.0,0.0,0.0
2019-11-14 00:00:00+09:00,9900.0,9975.0,9450.0,9550.0,282896,0.0,0.0,0.0
2019-11-15 00:00:00+09:00,9575.0,10050.0,9525.0,9575.0,199928,0.0,0.0,0.0
2019-11-18 00:00:00+09:00,9525.0,9975.0,9450.0,9700.0,194612,0.0,0.0,0.0
2019-11-19 00:00:00+09:00,9700.0,9750.0,9475.0,9600.0,118792,0.0,0.0,0.0
2019-11-20 00:00:00+09:00,9575.0,9625.0,9025.0,9175.0,192141,0.0,0.0,0.0
2019-11-21 00:00:00+09:00,9075.0,9150.0,8800.0,8850.0,118984,0.0,0.0,0.0
2019-11-22 00:00:00+09:00,8700.0,9050.0,8700.0,8775.0,80160,0.0,0.0,0.0
2019-11-25 00:00:00+09:00,8825.0,9225.0,8825.0,8875.0,61139,0.0,0.0,0.0
2019-11-26 00:00:00+09:00,8900.0,9225.0,8900.0,9150.0,64682,0.0,0.0,0.0
2019-11-27 00:00:00+09:00,9200.0,9200.0,8975.0,9000.0,37111,0.0,0.0,0.0
2019-11-28 00:00:00+09:00,9075.0,9075.0,8775.0,8875.0,61617,0.0,0.0,0.0
2019-11-29 00:00:00+09:00,8875.0,9125.0,8700.0,8750.0,58237,0.0,0.0,0.0
2019-12-02 00:00:00+09:00,8750.0,8900.0,8325.0,8475.0,92280,0.0,0.0,0.0
2019-12-03 00:00:00+09:00,8500.0,8575.0,8200.0,8250.0,86159,0.0,0.0,0.0
2019-12-04 00:00:00+09:00,8250.0,8375.0,8100.0,8375.0,49923,0.0,0.0,0.0
2019-12-05 00:00:00+09:00,8250.0,8650.0,8150.0,8175.0,76853,0.0,0.0,0.0
2019-12-06 00:00:00+09:00,8125.0,8450.0,8125.0,8375.0,46709,0.0,0.0,0.0
2019-12-09 00:00:00+09:00,8250.0,8800.0,8225.0,8700.0,83003,0.0,0.0,0.0
2019-12-10 00:00:00+09:00,8700.0,9500.0,8700.0,8925.0,317914,0.0,0.0,0.0
2019-12-11 00:00:00+09:00,8925.0,9100.0,8750.0,9025.0,51760,0.0,0.0,0.0
2019-12-12 00:00:00+09:00,8925.0,9025.0,8575.0,8800.0,68762,0.0,0.0,0.0
2019-12-13 00:00:00+09:00,8825.0,8900.0,8175.0,8475.0,209708,0.0,0.0,0.0
2019-12-16 00:00:00+09:00,8525.0,8650.0,8400.0,8625.0,68836,0.0,0.0,0.0
2019-12-17 00:00:00+09:00,8575.0,8675.0,8375.0,8425.0,54958,0.0,0.0,0.0
2019-12-18 00:00:00+09:00,8425.0,8475.0,8225.0,8300.0,79976,0.0,0.0,0.0
2019-12-19 00:00:00+09:00,8275.0,8375.0,7950.0,8050.0,109686,0.0,0.0,0.0
2019-12-20 00:00:00+09:00,8050.0,8175.0,7900.0,7900.0,109424,0.0,0.0,0.0
2019-12-23 00:00:00+09:00,8000.0,8200.0,7700.0,7725.0,116569,0.0,0.0,0.0
2019-12-24 00:00:00+09:00,7750.0,7850.0,7350.0,7625.0,125271,0.0,0.0,0.0
2019-12-26 00:00:00+09:00,7675.0,7825.0,7400.0,7500.0,133654,0.0,0.0,0.0
2019-12-27 00:00:00+09:00,7500.0,7550.0,7375.0,7550.0,85545,0.0,0.0,0.0
2019-12-30 00:00:00+09:00,7700.0,7800.0,7525.0,7575.0,86601,0.0,0.0,0.0
2020-01-02 00:00:00+09:00,7625.0,8150.0,7625.0,7925.0,125243,0.0,0.0,0.0
2020-01-03 00:00:00+09:00,8000.0,8050.0,7750.0,7875.0,91748,0.0,0.0,0.0
2020-01-06 00:00:00+09:00,7750.0,7800.0,7400.0,7475.0,93370,0.0,0.0,0.0
2020-01-07 00:00:00+09:00,7550.0,7700.0,7350.0,7450.0,86988,0.0,0.0,0.0
2020-01-08 00:00:00+09:00,7375.0,7450.0,6725.0,6925.0,221348,0.0,0.0,0.0
2020-01-09 00:00:00+09:00,6875.0,7250.0,6875.0,6925.0,193206,0.0,0.0,0.0
2020-01-10 00:00:00+09:00,7050.0,7150.0,6900.0,6900.0,173139,0.0,0.0,0.0
2020-01-13 00:00:00+09:00,6975.0,7125.0,6675.0,6675.0,190252,0.0,0.0,0.0
2020-01-14 00:00:00+09:00,6725.0,6750.0,6275.0,6450.0,365087,0.0,0.0,0.0
2020-01-15 00:00:00+09:00,6600.0,6625.0,5900.0,6150.0,734819,0.0,0.0,0.0
2020-01-16 00:00:00+09:00,6225.0,7075.0,6025.0,6725.0,1521354,0.0,0.0,0.0
2020-01-17 00:00:00+09:00,6675.0,6725.0,6425.0,6525.0,290322,0.0,0.0,0.0
2020-01-20 00:00:00+09:00,6550.0,6575.0,6200.0,6350.0,212836,0.0,0.0,0.0
2020-01-21 00:00:00+09:00,6350.0,6350.0,5950.0,6075.0,311752,0.0,0.0,0.0
2020-01-22 00:00:00+09:00,6025.0,6275.0,6025.0,6125.0,119209,0.0,0.0,0.0
2020-01-23 00:00:00+09:00,6150.0,6225.0,5850.0,5975.0,169380,0.0,0.0,0.0
2020-01-28 00:00:00+09:00,5775.0,5775.0,5425.0,5600.0,250747,0.0,0.0,0.0
2020-01-29 00:00:00+09:00,5600.0,5750.0,5425.0,5675.0,180606,0.0,0.0,0.0
2020-01-30 00:00:00+09:00,5650.0,5750.0,5200.0,5250.0,222346,0.0,0.0,0.0
2020-01-31 00:00:00+09:00,5275.0,5525.0,5050.0,5175.0,245802,0.0,0.0,0.0
2020-02-03 00:00:00+09:00,4930.0,5300.0,4825.0,5250.0,193433,0.0,0.0,0.0
2020-02-04 00:00:00+09:00,5250.0,5700.0,5250.0,5400.0,191852,0.0,0.0,0.0
2020-02-05 00:00:00+09:00,5400.0,5775.0,5400.0,5650.0,226750,0.0,0.0,0.0
2020-02-06 00:00:00+09:00,5600.0,5825.0,5550.0,5600.0,138186,0.0,0.0,0.0
2020-02-07 00:00:00+09:00,5550.0,5625.0,5425.0,5500.0,111377,0.0,0.0,0.0
2020-02-10 00:00:00+09:00,5475.0,5725.0,5450.0,5700.0,100497,0.0,0.0,0.0
2020-02-11 00:00:00+09:00,5700.0,6475.0,5700.0,6150.0,933761,0.0,0.0,0.0
2020-02-12 00:00:00+09:00,6050.0,7550.0,6025.0,7250.0,3722450,0.0,0.0,0.0
2020-02-13 00:00:00+09:00,7375.0,8450.0,6600.0,7600.0,4290063,0.0,0.0,0.0
2020-02-14 00:00:00+09:00,7725.0,8225.0,7500.0,8075.0,1654785,0.0,0.0,0.0
2020-02-17 00:00:00+09:00,7875.0,8075.0,7400.0,7875.0,656419,0.0,0.0,0.0
2020-02-18 00:00:00+09:00,7875.0,8100.0,7650.0,8000.0,510082,0.0,0.0,0.0
2020-02-19 00:00:00+09:00,7975.0,8250.0,7350.0,7475.0,805106,0.0,0.0,0.0
2020-02-20 00:00:00+09:00,7475.0,7475.0,6825.0,6875.0,687942,0.0,0.0,0.0
2020-02-21 00:00:00+09:00,6750.0,7050.0,6575.0,6725.0,354811,0.0,0.0,0.0
2020-02-24 00:00:00+09:00,6350.0,6525.0,5925.0,6400.0,643005,0.0,0.0,0.0
2020-02-25 00:00:00+09:00,6275.0,6600.0,6250.0,6575.0,299254,0.0,0.0,0.0
2020-02-26 00:00:00+09:00,6375.0,6550.0,6325.0,6475.0,155609,0.0,0.0,0.0
2020-02-27 00:00:00+09:00,6400.0,6500.0,5700.0,5875.0,402571,0.0,0.0,0.0
2020-02-28 00:00:00+09:00,5600.0,6100.0,5475.0,5750.0,289063,0.0,0.0,0.0
2020-03-02 00:00:00+09:00,5750.0,5950.0,5500.0,5950.0,189846,0.0,0.0,0.0
2020-03-03 00:00:00+09:00,6200.0,6325.0,5925.0,6000.0,233209,0.0,0.0,0.0
2020-03-04 00:00:00+09:00,5975.0,6575.0,5950.0,6425.0,403576,0.0,0.0,0.0
2020-03-05 00:00:00+09:00,6450.0,6575.0,6300.0,6575.0,222874,0.0,0.0,0.0
2020-03-06 00:00:00+09:00,6400.0,6425.0,6100.0,6175.0,227117,0.0,0.0,0.0
2020-03-09 00:00:00+09:00,6175.0,6175.0,6175.0,6175.0,0,0.0,0.0,0.0
2020-03-10 00:00:00+09:00,5275.0,6000.0,5250.0,6000.0,257240,0.0,0.0,0.0
2020-03-11 00:00:00+09:00,6000.0,6000.0,5450.0,5600.0,204317,0.0,0.0,0.0
2020-03-12 00:00:00+09:00,5450.0,5675.0,5025.0,5100.0,266611,0.0,0.0,0.0
2020-03-13 00:00:00+09:00,4400.0,4890.0,4350.0,4835.0,401643,0.0,0.0,0.0
2020-03-16 00:00:00+09:00,4865.0,5325.0,4785.0,4870.0,239112,0.0,0.0,0.0
2020-03-17 00:00:00+09:00,4225.0,5000.0,4225.0,4775.0,157471,0.0,0.0,0.0
2020-03-18 00:00:00+09:00,4775.0,4985.0,4400.0,4400.0,162388,0.0,0.0,0.0
2020-03-19 00:00:00+09:00,4455.0,4560.0,3495.0,3595.0,347076,0.0,0.0,0.0
2020-03-20 00:00:00+09:00,3670.0,3750.0,3440.0,3490.0,517370,0.0,0.0,0.0
2020-03-23 00:00:00+09:00,3400.0,3900.0,2850.0,3400.0,914101,0.0,0.0,0.0
2020-03-24 00:00:00+09:00,3505.0,3580.0,3150.0,3440.0,284084,0.0,0.0,0.0
2020-03-25 00:00:00+09:00,3500.0,3900.0,3500.0,3740.0,364662,0.0,0.0,0.0
2020-03-26 00:00:00+09:00,3765.0,4485.0,3675.0,4295.0,575336,0.0,0.0,0.0
2020-03-27 00:00:00+09:00,4435.0,4705.0,4055.0,4340.0,321971,0.0,0.0,0.0
2020-03-30 00:00:00+09:00,4140.0,4250.0,3920.0,4190.0,252246,0.0,0.0,0.0
2020-03-31 00:00:00+09:00,4255.0,4430.0,4230.0,4395.0,344773,0.0,0.0,0.0
2020-04-01 00:00:00+09:00,4350.0,4395.0,4120.0,4165.0,542175,0.0,0.0,0.0
2020-04-02 00:00:00+09:00,4105.0,4195.0,3840.0,4165.0,262320,0.0,0.0,0.0
2020-04-03 00:00:00+09:00,4230.0,4570.0,4200.0,4350.0,319340,0.0,0.0,0.0
2020-04-06 00:00:00+09:00,4290.0,4645.0,4290.0,4645.0,425147,0.0,0.0,0.0
2020-04-07 00:00:00+09:00,4655.0,4790.0,4550.0,4700.0,399138,0.0,0.0,0.0
2020-04-08 00:00:00+09:00,4700.0,5125.0,4555.0,4750.0,527757,0.0,0.0,0.0
2020-04-09 00:00:00+09:00,4850.0,5575.0,4835.0,5575.0,1022286,0.0,0.0,0.0
2020-04-10 00:00:00+09:00,5650.0,5675.0,4840.0,5025.0,738173,0.0,0.0,0.0
2020-04-13 00:00:00+09:00,5100.0,5300.0,4960.0,4975.0,438848,0.0,0.0,0.0
2020-04-14 00:00:00+09:00,5075.0,5175.0,4960.0,4995.0,287189,0.0,0.0,0.0
2020-04-16 00:00:00+09:00,4985.0,5150.0,4700.0,5150.0,238847,0.0,0.0,0.0
2020-04-17 00:00:00+09:00,5275.0,5450.0,5150.0,5175.0,503861,0.0,0.0,0.0
2020-04-20 00:00:00+09:00,5225.0,5350.0,5075.0,5250.0,544045,0.0,0.0,0.0
2020-04-21 00:00:00+09:00,5275.0,5300.0,4750.0,4955.0,622957,0.0,0.0,0.0
2020-04-22 00:00:00+09:00,4950.0,5050.0,4730.0,4940.0,255817,0.0,0.0,0.0
2020-04-23 00:00:00+09:00,4985.0,5100.0,4945.0,4975.0,217109,0.0,0.0,0.0
2020-04-24 00:00:00+09:00,5000.0,5075.0,4845.0,4885.0,298102,0.0,0.0,0.0
2020-04-27 00:00:00+09:00,4870.0,4910.0,4565.0,4575.0,491264,0.0,0.0,0.0
2020-04-28 00:00:00+09:00,4580.0,4875.0,4525.0,4875.0,379902,0.0,0.0,0.0
2020-04-29 00:00:00+09:00,4875.0,4950.0,4735.0,4880.0,225554,0.0,0.0,0.0
2020-05-04 00:00:00+09:00,4850.0,5275.0,4750.0,5150.0,633909,0.0,0.0,0.0
2020-05-06 00:00:00+09:00,5275.0,6675.0,5050.0,6425.0,3461946,0.0,0.0,0.0
2020-05-07 00:00:00+09:00,6400.0,6675.0,5975.0,6175.0,1350476,0.0,0.0,0.0
2020-05-08 00:00:00+09:00,6200.0,6400.0,6075.0,6150.0,561787,0.0,0.0,0.0
2020-05-11 00:00:00+09:00,6100.0,6325.0,5950.0,6325.0,405936,0.0,0.0,0.0
2020-05-12 00:00:00+09:00,6575.0,6675.0,6000.0,6250.0,1108607,0.0,0.0,0.0
2020-05-13 00:00:00+09:00,6200.0,7100.0,6000.0,6650.0,2497982,0.0,0.0,0.0
2020-05-14 00:00:00+09:00,6500.0,6575.0,6200.0,6325.0,651852,0.0,0.0,0.0
2020-05-15 00:00:00+09:00,6300.0,6375.0,6100.0,6225.0,316141,0.0,0.0,0.0
2020-05-18 00:00:00+09:00,6150.0,6525.0,6050.0,6475.0,610390,0.0,0.0,0.0
2020-05-19 00:00:00+09:00,6625.0,6625.0,6375.0,6550.0,540807,0.0,0.0,0.0
2020-05-20 00:00:00+09:00,6500.0,6500.0,6350.0,6400.0,320837,0.0,0.0,0.0
2020-05-21 00:00:00+09:00,6475.0,6575.0,6350.0,6525.0,403661,0.0,0.0,0.0
2020-05-22 00:00:00+09:00,6625.0,6700.0,6425.0,6625.0,587534,0.0,0.0,0.0
2020-05-25 00:00:00+09:00,6625.0,6950.0,6550.0,6900.0,1315988,0.0,0.0,0.0
2020-05-26 00:00:00+09:00,6900.0,7125.0,6675.0,6775.0,1289541,0.0,0.0,0.0
2020-05-27 00:00:00+09:00,7050.0,7700.0,6875.0,7075.0,5068483,0.0,0.0,0.0
2020-05-28 00:00:00+09:00,7250.0,7375.0,6750.0,7175.0,1596113,0.0,0.0,0.0
2020-05-29 00:00:00+09:00,7000.0,7075.0,6675.0,6850.0,571369,0.0,0.0,0.0
2020-06-01 00:00:00+09:00,6825.0,6900.0,6625.0,6775.0,373944,0.0,0.0,0.0
2020-06-02 00:00:00+09:00,6825.0,6825.0,6625.0,6725.0,305005,0.0,0.0,0.0
2020-06-03 00:00:00+09:00,6775.0,6850.0,6475.0,6675.0,470888,0.0,0.0,0.0
2020-06-04 00:00:00+09:00,6775.0,6775.0,6575.0,6600.0,253292,0.0,0.0,0.0
2020-06-05 00:00:00+09:00,6650.0,6750.0,6525.0,6600.0,210498,0.0,0.0,0.0
2020-06-08 00:00:00+09:00,6750.0,6800.0,6575.0,6650.0,319749,0.0,0.0,0.0
2020-06-09 00:00:00+09:00,6775.0,6775.0,6300.0,6400.0,388716,0.0,0.0,0.0
2020-06-10 00:00:00+09:00,6400.0,6400.0,6000.0,6100.0,438620,0.0,0.0,0.0
2020-06-11 00:00:00+09:00,6175.0,6225.0,5925.0,5925.0,342060,0.0,0.0,0.0
2020-06-12 00:00:00+09:00,5400.0,6250.0,5300.0,6250.0,661450,0.0,0.0,0.0
2020-06-15 00:00:00+09:00,6250.0,6250.0,5650.0,5800.0,393428,0.0,0.0,0.0
2020-06-16 00:00:00+09:00,5725.0,5950.0,5725.0,5900.0,260647,0.0,0.0,0.0
2020-06-17 00:00:00+09:00,5775.0,6250.0,5700.0,6075.0,425811,0.0,0.0,0.0
2020-06-18 00:00:00+09:00,6150.0,6150.0,5875.0,5975.0,178137,0.0,0.0,0.0
2020-06-19 00:00:00+09:00,5975.0,6125.0,5725.0,6050.0,258689,0.0,0.0,0.0
2020-06-22 00:00:00+09:00,6125.0,6200.0,6000.0,6025.0,197581,0.0,0.0,0.0
2020-06-23 00:00:00+09:00,6075.0,6075.0,5750.0,5950.0,196205,0.0,0.0,0.0
2020-06-24 00:00:00+09:00,5975.0,6050.0,5825.0,5925.0,216651,0.0,0.0,0.0
2020-06-25 00:00:00+09:00,5825.0,6500.0,5700.0,6325.0,1570149,0.0,0.0,0.0
2020-06-26 00:00:00+09:00,6425.0,6600.0,6125.0,6450.0,917154,0.0,0.0,0.0
2020-06-29 00:00:00+09:00,6575.0,6600.0,6225.0,6225.0,508960,0.0,0.0,0.0
2020-06-30 00:00:00+09:00,6250.0,6550.0,6225.0,6325.0,609751,0.0,0.0,0.0
2020-07-01 00:00:00+09:00,6325.0,6375.0,6100.0,6300.0,465652,0.0,0.0,0.0
2020-07-02 00:00:00+09:00,6325.0,6400.0,6200.0,6300.0,217589,0.0,0.0,0.0
2020-07-03 00:00:00+09:00,6225.0,6900.0,6225.0,6700.0,2487926,0.0,0.0,0.0
2020-07-06 00:00:00+09:00,6750.0,6750.0,6500.0,6675.0,528487,0.0,0.0,0.0
2020-07-07 00:00:00+09:00,6775.0,6800.0,6550.0,6775.0,626843,0.0,0.0,0.0
2020-07-08 00:00:00+09:00,6775.0,6825.0,6650.0,6650.0,275841,0.0,0.0,0.0
2020-07-09 00:00:00+09:00,6675.0,6700.0,6475.0,6500.0,314202,0.0,0.0,0.0
2020-07-10 00:00:00+09:00,6550.0,6600.0,6250.0,6550.0,426247,0.0,0.0,0.0
2020-07-13 00:00:00+09:00,6575.0,6700.0,6425.0,6650.0,401308,0.0,0.0,0.0
2020-07-14 00:00:00+09:00,6675.0,6700.0,6450.0,6550.0,284138,0.0,0.0,0.0
2020-07-15 00:00:00+09:00,6600.0,6600.0,6450.0,6550.0,250332,0.0,0.0,0.0
2020-07-16 00:00:00+09:00,6625.0,7000.0,6450.0,7000.0,1028211,0.0,0.0,0.0
2020-07-17 00:00:00+09:00,7025.0,7025.0,6750.0,6950.0,744828,0.0,0.0,0.0
2020-07-20 00:00:00+09:00,6950.0,6950.0,6775.0,6925.0,358089,0.0,0.0,0.0
2020-07-21 00:00:00+09:00,6950.0,7200.0,6850.0,7125.0,774511,0.0,0.0,0.0
2020-07-22 00:00:00+09:00,7025.0,7125.0,6875.0,7100.0,506606,0.0,0.0,0.0
2020-07-23 00:00:00+09:00,7100.0,7100.0,6875.0,6925.0,352463,0.0,0.0,0.0
2020-07-24 00:00:00+09:00,6900.0,6975.0,6750.0,6950.0,432945,0.0,0.0,0.0
2020-07-27 00:00:00+09:00,6950.0,6950.0,6650.0,6800.0,348069,0.0,0.0,0.0
2020-07-28 00:00:00+09:00,6800.0,6800.0,6500.0,6525.0,485163,0.0,0.0,0.0
2020-07-29 00:00:00+09:00,6500.0,6700.0,6350.0,6625.0,332367,0.0,0.0,0.0
2020-07-30 00:00:00+09:00,6625.0,6750.0,6525.0,6625.0,301156,0.0,0.0,0.0
2020-07-31 00:00:00+09:00,6600.0,6625.0,6425.0,6600.0,296706,0.0,0.0,0.0
2020-08-03 00:00:00+09:00,6600.0,7125.0,6325.0,6950.0,1399671,0.0,0.0,0.0
2020-08-04 00:00:00+09:00,6950.0,6950.0,6700.0,6875.0,450589,0.0,0.0,0.0
2020-08-05 00:00:00+09:00,6875.0,8925.0,6850.0,8925.0,13314719,0.0,0.0,0.0
2020-08-06 00:00:00+09:00,9650.0,10275.0,8900.0,9350.0,18748091,0.0,0.0,0.0
2020-08-07 00:00:00+09:00,9550.0,9900.0,9050.0,9350.0,3629516,0.0,0.0,0.0
2020-08-10 00:00:00+09:00,9025.0,9600.0,8950.0,9425.0,2755681,0.0,0.0,0.0
2020-08-11 00:00:00+09:00,9450.0,10425.0,9000.0,9200.0,7556768,0.0,0.0,0.0
2020-08-12 00:00:00+09:00,9225.0,10150.0,8625.0,9125.0,6920480,0.0,0.0,0.0
2020-08-13 00:00:00+09:00,9525.0,9975.0,9175.0,9350.0,5204436,0.0,0.0,0.0
2020-08-14 00:00:00+09:00,9025.0,9200.0,8850.0,9125.0,1133582,0.0,0.0,0.0
2020-08-18 00:00:00+09:00,9200.0,9225.0,7925.0,8025.0,1292563,0.0,0.0,0.0
2020-08-19 00:00:00+09:00,8100.0,8750.0,8100.0,8650.0,1215860,0.0,0.0,0.0
2020-08-20 00:00:00+09:00,8450.0,8675.0,7700.0,7950.0,1803987,0.0,0.0,0.0
2020-08-21 00:00:00+09:00,7950.0,8125.0,7275.0,7500.0,1344429,0.0,0.0,0.0
2020-08-24 00:00:00+09:00,7500.0,7575.0,6950.0,7550.0,815840,0.0,0.0,0.0
2020-08-25 00:00:00+09:00,7600.0,8050.0,7600.0,7850.0,820821,0.0,0.0,0.0
2020-08-26 00:00:00+09:00,7775.0,7850.0,7500.0,7850.0,827796,0.0,0.0,0.0
2020-08-27 00:00:00+09:00,7750.0,7800.0,7200.0,7450.0,855155,0.0,0.0,0.0
2020-08-28 00:00:00+09:00,7450.0,7600.0,7250.0,7450.0,570653,0.0,0.0,0.0
2020-08-31 00:00:00+09:00,7350.0,7550.0,7225.0,7425.0,501336,0.0,0.0,0.0
2020-09-01 00:00:00+09:00,7450.0,7600.0,7325.0,7450.0,548340,0.0,0.0,0.0
2020-09-02 00:00:00+09:00,7500.0,7850.0,7475.0,7750.0,1008083,0.0,0.0,0.0
2020-09-03 00:00:00+09:00,7900.0,8275.0,7850.0,8250.0,1575136,0.0,0.0,0.0
2020-09-04 00:00:00+09:00,8025.0,8825.0,7925.0,8125.0,2154375,0.0,0.0,0.0
2020-09-07 00:00:00+09:00,8150.0,8200.0,7725.0,7950.0,661161,0.0,0.0,0.0
2020-09-08 00:00:00+09:00,8000.0,8125.0,7825.0,8000.0,600831,0.0,0.0,0.0
2020-09-09 00:00:00+09:00,7750.0,8175.0,7700.0,7750.0,659534,0.0,0.0,0.0
2020-09-10 00:00:00+09:00,7925.0,8550.0,7825.0,8325.0,2032204,0.0,0.0,0.0
2020-09-11 00:00:00+09:00,8325.0,8375.0,7900.0,8000.0,882035,0.0,0.0,0.0
2020-09-14 00:00:00+09:00,8000.0,8750.0,7925.0,8250.0,1355181,0.0,0.0,0.0
2020-09-15 00:00:00+09:00,8200.0,8225.0,7950.0,7975.0,502799,0.0,0.0,0.0
2020-09-16 00:00:00+09:00,8025.0,8025.0,7725.0,7950.0,451487,0.0,0.0,0.0
2020-09-17 00:00:00+09:00,7875.0,8225.0,7700.0,8000.0,1224420,0.0,0.0,0.0
2020-09-18 00:00:00+09:00,8000.0,8000.0,7775.0,7900.0,381931,0.0,0.0,0.0
2020-09-21 00:00:00+09:00,8000.0,8325.0,7950.0,8075.0,1375922,0.0,0.0,0.0
2020-09-22 00:00:00+09:00,8075.0,8100.0,7800.0,8100.0,579893,0.0,0.0,0.0
2020-09-23 00:00:00+09:00,8250.0,8625.0,7925.0,8575.0,3955859,0.0,0.0,0.0
2020-09-24 00:00:00+09:00,8300.0,8425.0,7875.0,8000.0,1938770,0.0,0.0,0.0
2020-09-25 00:00:00+09:00,7975.0,8050.0,7200.0,7550.0,1318470,0.0,0.0,0.0
2020-09-28 00:00:00+09:00,7450.0,8125.0,7200.0,7750.0,1880372,0.0,0.0,0.0
2020-09-29 00:00:00+09:00,7950.0,7950.0,7700.0,7825.0,625520,0.0,0.0,0.0
2020-10-05 00:00:00+09:00,7825.0,7900.0,7700.0,7750.0,401443,0.0,0.0,0.0
2020-10-06 00:00:00+09:00,7800.0,8300.0,7500.0,7950.0,1828407,0.0,0.0,0.0
2020-10-07 00:00:00+09:00,7925.0,7925.0,7600.0,7775.0,993008,0.0,0.0,0.0
2020-10-08 00:00:00+09:00,7650.0,7675.0,7425.0,7450.0,1046954,0.0,0.0,0.0
2020-10-12 00:00:00+09:00,7450.0,7450.0,7450.0,7450.0,0,0.0,0.0,0.0
2020-10-13 00:00:00+09:00,7450.0,7450.0,7450.0,7450.0,0,0.0,0.0,0.0
2020-10-14 00:00:00+09:00,7450.0,7450.0,7450.0,7450.0,0,0.0,0.0,0.0
2020-10-15 00:00:00+09:00,7450.0,7450.0,7450.0,7450.0,0,0.0,0.0,0.0
2020-10-16 00:00:00+09:00,7450.0,7450.0,7450.0,7450.0,0,0.0,0.0,0.0
2020-10-19 00:00:00+09:00,7450.0,7450.0,7450.0,7450.0,0,0.0,0.0,0.0
2020-10-20 00:00:00+09:00,7450.0,7450.0,7450.0,7450.0,0,0.0,0.0,0.0
2020-10-21 00:00:00+09:00,7450.0,7450.0,7450.0,7450.0,0,0.0,0.0,0.0
2020-10-22 00:00:00+09:00,7450.0,7450.0,7450.0,7450.0,0,0.0,0.0,0.0
2020-10-23 00:00:00+09:00,7450.0,7450.0,7450.0,7450.0,0,0.0,0.0,0.0
2020-10-26 00:00:00+09:00,7450.0,7450.0,7450.0,7450.0,0,0.0,0.0,0.0
2020-10-27 00:00:00+09:00,7450.0,7450.0,7450.0,7450.0,0,0.0,0.0,0.0
2020-10-28 00:00:00+09:00,7450.0,7450.0,7450.0,7450.0,0,0.0,0.0,0.0
2020-10-29 00:00:00+09:00,7450.0,7450.0,7450.0,7450.0,0,0.0,0.0,0.0
2020-10-30 00:00:00+09:00,7640.0,7640.0,6200.0,7100.0,1737238,0.0,0.0,0.0
2020-11-02 00:00:00+09:00,7110.0,7400.0,6890.0,7310.0,650412,0.0,0.0,0.0
2020-11-03 00:00:00+09:00,7280.0,7280.0,6990.0,7090.0,425308,0.0,0.0,0.0
2020-11-04 00:00:00+09:00,7100.0,7160.0,6730.0,6790.0,558756,0.0,0.0,0.0
2020-11-05 00:00:00+09:00,6770.0,6770.0,5950.0,6200.0,2345998,0.0,0.0,0.0
2020-11-06 00:00:00+09:00,6080.0,6270.0,5950.0,6000.0,809781,0.0,0.0,0.0
2020-11-09 00:00:00+09:00,6030.0,6340.0,5750.0,6250.0,887045,0.0,0.0,0.0
2020-11-10 00:00:00+09:00,6240.0,6400.0,6090.0,6250.0,453685,0.0,0.0,0.0
2020-11-11 00:00:00+09:00,6200.0,6240.0,6020.0,6120.0,409270,0.0,0.0,0.0
2020-11-12 00:00:00+09:00,6060.0,6120.0,5990.0,6120.0,433691,0.0,0.0,0.0
2020-11-13 00:00:00+09:00,6040.0,6350.0,6020.0,6280.0,410506,0.0,0.0,0.0
2020-11-16 00:00:00+09:00,6280.0,6650.0,6130.0,6570.0,719992,0.0,0.0,0.0
2020-11-17 00:00:00+09:00,6590.0,6680.0,6490.0,6590.0,318625,0.0,0.0,0.0
2020-11-18 00:00:00+09:00,6650.0,6700.0,6480.0,6590.0,430160,0.0,0.0,0.0
2020-11-19 00:00:00+09:00,6500.0,6990.0,6500.0,6960.0,593522,0.0,0.0,0.0
2020-11-20 00:00:00+09:00,7020.0,7110.0,6950.0,6980.0,479584,0.0,0.0,0.0
2020-11-23 00:00:00+09:00,6990.0,7400.0,6990.0,7270.0,841643,0.0,0.0,0.0
2020-11-24 00:00:00+09:00,7270.0,7290.0,7000.0,7120.0,592646,0.0,0.0,0.0
2020-11-25 00:00:00+09:00,7150.0,7150.0,6520.0,6610.0,862257,0.0,0.0,0.0
2020-11-26 00:00:00+09:00,6610.0,6740.0,6540.0,6660.0,224325,0.0,0.0,0.0
2020-11-27 00:00:00+09:00,6620.0,6690.0,6490.0,6620.0,290853,0.0,0.0,0.0
2020-11-30 00:00:00+09:00,6620.0,6910.0,6500.0,6790.0,338403,0.0,0.0,0.0
2020-12-01 00:00:00+09:00,6790.0,6880.0,6640.0,6710.0,226628,0.0,0.0,0.0
2020-12-02 00:00:00+09:00,6710.0,6800.0,6590.0,6630.0,242229,0.0,0.0,0.0
2020-12-03 00:00:00+09:00,6600.0,6760.0,6570.0,6730.0,308756,0.0,0.0,0.0
2020-12-04 00:00:00+09:00,6560.0,6840.0,6550.0,6550.0,304247,0.0,0.0,0.0
2020-12-07 00:00:00+09:00,6550.0,6740.0,6290.0,6670.0,473218,0.0,0.0,0.0
2020-12-08 00:00:00+09:00,6690.0,7000.0,6640.0,6760.0,505520,0.0,0.0,0.0
2020-12-09 00:00:00+09:00,6760.0,6830.0,6580.0,6590.0,302845,0.0,0.0,0.0
2020-12-10 00:00:00+09:00,6640.0,6900.0,6580.0,6830.0,652385,0.0,0.0,0.0
2020-12-11 00:00:00+09:00,6900.0,7430.0,6830.0,7430.0,904499,0.0,0.0,0.0
2020-12-14 00:00:00+09:00,7250.0,7500.0,7010.0,7180.0,1016974,0.0,0.0,0.0
2020-12-15 00:00:00+09:00,7240.0,7400.0,7040.0,7120.0,963884,0.0,0.0,0.0
2020-12-16 00:00:00+09:00,7110.0,7190.0,6950.0,7000.0,383390,0.0,0.0,0.0
2020-12-17 00:00:00+09:00,7080.0,7290.0,7000.0,7000.0,697297,0.0,0.0,0.0
2020-12-18 00:00:00+09:00,7010.0,7260.0,6910.0,7190.0,828702,0.0,0.0,0.0
2020-12-21 00:00:00+09:00,7200.0,7320.0,7120.0,7130.0,498087,0.0,0.0,0.0
2020-12-22 00:00:00+09:00,7180.0,7180.0,6880.0,6940.0,397532,0.0,0.0,0.0
2020-12-23 00:00:00+09:00,6980.0,7450.0,6980.0,7250.0,1756854,0.0,0.0,0.0
2020-12-24 00:00:00+09:00,7220.0,7250.0,6950.0,7000.0,680493,0.0,0.0,0.0
2020-12-28 00:00:00+09:00,7000.0,7100.0,6870.0,6870.0,370813,0.0,0.0,0.0
2020-12-29 00:00:00+09:00,6870.0,7080.0,6860.0,6940.0,239729,0.0,0.0,0.0
2020-12-30 00:00:00+09:00,7000.0,7240.0,6930.0,7130.0,518157,0.0,0.0,0.0
2021-01-04 00:00:00+09:00,7130.0,7330.0,7010.0,7280.0,676285,0.0,0.0,0.0
2021-01-05 00:00:00+09:00,7300.0,7450.0,7180.0,7440.0,775868,0.0,0.0,0.0
2021-01-06 00:00:00+09:00,7470.0,7560.0,7250.0,7530.0,767197,0.0,0.0,0.0
2021-01-07 00:00:00+09:00,7580.0,8030.0,7580.0,7700.0,1514720,0.0,0.0,0.0
2021-01-08 00:00:00+09:00,7800.0,8270.0,7780.0,8030.0,2654546,0.0,0.0,0.0
2021-01-11 00:00:00+09:00,8120.0,8280.0,7650.0,8020.0,1701749,0.0,0.0,0.0
2021-01-12 00:00:00+09:00,7960.0,8430.0,7810.0,8200.0,1725758,0.0,0.0,0.0
2021-01-13 00:00:00+09:00,8200.0,8240.0,8070.0,8140.0,686031,0.0,0.0,0.0
2021-01-14 00:00:00+09:00,8170.0,8200.0,7850.0,8030.0,542219,0.0,0.0,0.0
2021-01-15 00:00:00+09:00,8150.0,8200.0,7900.0,7900.0,650553,0.0,0.0,0.0
2021-01-18 00:00:00+09:00,8050.0,8250.0,7870.0,8100.0,1011087,0.0,0.0,0.0
2021-01-19 00:00:00+09:00,8320.0,8370.0,8100.0,8270.0,1142500,0.0,0.0,0.0
2021-01-20 00:00:00+09:00,8390.0,8670.0,8300.0,8500.0,1216951,0.0,0.0,0.0
2021-01-21 00:00:00+09:00,8590.0,8630.0,8330.0,8450.0,804225,0.0,0.0,0.0
2021-01-22 00:00:00+09:00,8540.0,8560.0,8010.0,8210.0,918481,0.0,0.0,0.0
2021-01-25 00:00:00+09:00,8050.0,8180.0,7800.0,8010.0,899819,0.0,0.0,0.0
2021-01-26 00:00:00+09:00,7930.0,8050.0,7840.0,7860.0,529677,0.0,0.0,0.0
2021-01-27 00:00:00+09:00,7820.0,7930.0,7600.0,7800.0,637696,0.0,0.0,0.0
2021-01-28 00:00:00+09:00,7700.0,7860.0,7590.0,7780.0,438047,0.0,0.0,0.0
2021-01-29 00:00:00+09:00,7830.0,7900.0,7190.0,7400.0,529493,0.0,0.0,0.0
2021-02-01 00:00:00+09:00,7230.0,7460.0,7190.0,7400.0,385400,0.0,0.0,0.0
2021-02-02 00:00:00+09:00,7480.0,7480.0,7230.0,7420.0,604779,0.0,0.0,0.0
2021-02-03 00:00:00+09:00,7430.0,7450.0,7200.0,7230.0,493462,0.0,0.0,0.0
2021-02-04 00:00:00+09:00,7200.0,7200.0,6660.0,6790.0,864988,0.0,0.0,0.0
2021-02-05 00:00:00+09:00,6810.0,6980.0,6730.0,6920.0,325897,0.0,0.0,0.0
2021-02-08 00:00:00+09:00,6920.0,6940.0,6680.0,6940.0,371453,0.0,0.0,0.0
2021-02-09 00:00:00+09:00,6910.0,7230.0,6900.0,7120.0,417121,0.0,0.0,0.0
2021-02-10 00:00:00+09:00,7190.0,7320.0,7170.0,7290.0,485210,0.0,0.0,0.0
2021-02-15 00:00:00+09:00,7430.0,7430.0,7110.0,7130.0,369147,0.0,0.0,0.0
2021-02-16 00:00:00+09:00,7140.0,7140.0,6890.0,6930.0,439303,0.0,0.0,0.0
2021-02-17 00:00:00+09:00,6960.0,7360.0,6890.0,7320.0,658866,0.0,0.0,0.0
2021-02-18 00:00:00+09:00,7200.0,7230.0,6990.0,7130.0,318462,0.0,0.0,0.0
2021-02-19 00:00:00+09:00,7020.0,7170.0,6950.0,6980.0,312387,0.0,0.0,0.0
2021-02-22 00:00:00+09:00,7000.0,7100.0,6850.0,6980.0,310028,0.0,0.0,0.0
2021-02-23 00:00:00+09:00,6890.0,6960.0,6750.0,6900.0,176637,0.0,0.0,0.0
2021-02-24 00:00:00+09:00,6910.0,6950.0,6620.0,6690.0,429227,0.0,0.0,0.0
2021-02-25 00:00:00+09:00,6750.0,6890.0,6660.0,6700.0,230631,0.0,0.0,0.0
2021-02-26 00:00:00+09:00,6600.0,6600.0,6280.0,6290.0,354856,0.0,0.0,0.0
2021-03-02 00:00:00+09:00,6470.0,6480.0,6210.0,6210.0,225066,0.0,0.0,0.0
2021-03-03 00:00:00+09:00,6110.0,6110.0,5830.0,5850.0,641890,0.0,0.0,0.0
2021-03-04 00:00:00+09:00,5790.0,6050.0,5770.0,5890.0,229543,0.0,0.0,0.0
2021-03-05 00:00:00+09:00,5800.0,6070.0,5670.0,6050.0,274663,0.0,0.0,0.0
2021-03-08 00:00:00+09:00,6070.0,6260.0,5930.0,6110.0,284358,0.0,0.0,0.0
2021-03-09 00:00:00+09:00,6140.0,6150.0,5880.0,6000.0,157726,0.0,0.0,0.0
2021-03-10 00:00:00+09:00,6060.0,6200.0,6030.0,6070.0,130076,0.0,0.0,0.0
2021-03-11 00:00:00+09:00,6090.0,6230.0,6090.0,6100.0,119300,0.0,0.0,0.0
2021-03-12 00:00:00+09:00,6240.0,6540.0,6160.0,6480.0,404991,0.0,0.0,0.0
2021-03-15 00:00:00+09:00,6490.0,6540.0,6400.0,6480.0,108979,0.0,0.0,0.0
2021-03-16 00:00:00+09:00,6480.0,6560.0,6450.0,6550.0,105872,0.0,0.0,0.0
2021-03-17 00:00:00+09:00,6480.0,6600.0,6440.0,6600.0,89356,0.0,0.0,0.0
2021-03-18 00:00:00+09:00,6550.0,6630.0,6450.0,6490.0,161440,0.0,0.0,0.0
2021-03-19 00:00:00+09:00,6450.0,6510.0,6330.0,6460.0,130018,0.0,0.0,0.0
2021-03-22 00:00:00+09:00,6500.0,6700.0,6380.0,6630.0,258065,0.0,0.0,0.0
2021-03-23 00:00:00+09:00,6690.0,6710.0,6500.0,6530.0,126610,0.0,0.0,0.0
2021-03-24 00:00:00+09:00,6530.0,6580.0,6450.0,6470.0,89906,0.0,0.0,0.0
2021-03-25 00:00:00+09:00,6480.0,6500.0,6380.0,6480.0,100457,0.0,0.0,0.0
2021-03-26 00:00:00+09:00,6520.0,6530.0,6350.0,6420.0,150696,0.0,0.0,0.0
2021-03-29 00:00:00+09:00,6360.0,6410.0,6050.0,6140.0,222514,0.0,0.0,0.0
2021-03-30 00:00:00+09:00,6210.0,6240.0,6140.0,6230.0,133448,0.0,0.0,0.0
2021-03-31 00:00:00+09:00,6220.0,6220.0,6020.0,6060.0,165278,0.0,0.0,0.0
2021-04-01 00:00:00+09:00,6050.0,6140.0,6020.0,6080.0,152843,0.0,0.0,0.0
2021-04-02 00:00:00+09:00,6130.0,6380.0,6120.0,6310.0,227800,0.0,0.0,0.0
2021-04-05 00:00:00+09:00,6370.0,6400.0,6280.0,6400.0,157976,0.0,0.0,0.0
2021-04-06 00:00:00+09:00,6400.0,6420.0,6150.0,6160.0,183788,0.0,0.0,0.0
2021-04-07 00:00:00+09:00,6160.0,6260.0,6140.0,6230.0,128286,0.0,0.0,0.0
2021-04-08 00:00:00+09:00,6270.0,6270.0,6110.0,6180.0,110858,0.0,0.0,0.0
2021-04-09 00:00:00+09:00,6140.0,6290.0,6080.0,6230.0,159455,0.0,0.0,0.0
2021-04-12 00:00:00+09:00,6190.0,6230.0,6090.0,6090.0,232130,0.0,0.0,0.0
2021-04-13 00:00:00+09:00,6070.0,6170.0,6070.0,6090.0,194444,0.0,0.0,0.0
2021-04-14 00:00:00+09:00,6090.0,6690.0,6080.0,6390.0,1205895,0.0,0.0,0.0
2021-04-15 00:00:00+09:00,6420.0,6450.0,6300.0,6340.0,203086,0.0,0.0,0.0
2021-04-16 00:00:00+09:00,6320.0,6380.0,6240.0,6270.0,166061,0.0,0.0,0.0
2021-04-19 00:00:00+09:00,6300.0,6360.0,6260.0,6260.0,159358,0.0,0.0,0.0
2021-04-20 00:00:00+09:00,6260.0,6290.0,6180.0,6250.0,146105,0.0,0.0,0.0
2021-04-21 00:00:00+09:00,6240.0,6250.0,6140.0,6200.0,165588,0.0,0.0,0.0
2021-04-22 00:00:00+09:00,6220.0,6350.0,6150.0,6340.0,170271,0.0,0.0,0.0
2021-04-23 00:00:00+09:00,6400.0,6400.0,6200.0,6230.0,154692,0.0,0.0,0.0
2021-04-26 00:00:00+09:00,6250.0,6270.0,6120.0,6170.0,174151,0.0,0.0,0.0
2021-04-27 00:00:00+09:00,6230.0,6230.0,6110.0,6120.0,159331,0.0,0.0,0.0
2021-04-28 00:00:00+09:00,6120.0,6120.0,5990.0,6050.0,225654,0.0,0.0,0.0
2021-04-29 00:00:00+09:00,6050.0,6060.0,5960.0,6000.0,208764,0.0,0.0,0.0
2021-04-30 00:00:00+09:00,5970.0,6000.0,5860.0,5900.0,147042,0.0,0.0,0.0
2021-05-03 00:00:00+09:00,6000.0,6110.0,5970.0,6100.0,166776,0.0,0.0,0.0
2021-05-04 00:00:00+09:00,6150.0,6180.0,6010.0,6170.0,209233,0.0,0.0,0.0
2021-05-06 00:00:00+09:00,6150.0,6190.0,6100.0,6160.0,132967,0.0,0.0,0.0
2021-05-07 00:00:00+09:00,6120.0,6170.0,6050.0,6090.0,149957,0.0,0.0,0.0
2021-05-10 00:00:00+09:00,6100.0,6120.0,6010.0,6020.0,156543,0.0,0.0,0.0
2021-05-11 00:00:00+09:00,6020.0,6070.0,5970.0,6000.0,135173,0.0,0.0,0.0
2021-05-12 00:00:00+09:00,6090.0,6090.0,5920.0,6010.0,143792,0.0,0.0,0.0
2021-05-13 00:00:00+09:00,5920.0,5990.0,5900.0,5930.0,166026,0.0,0.0,0.0
2021-05-14 00:00:00+09:00,5970.0,5970.0,5900.0,5950.0,101363,0.0,0.0,0.0
2021-05-17 00:00:00+09:00,5950.0,6180.0,5800.0,5920.0,281626,0.0,0.0,0.0
2021-05-18 00:00:00+09:00,5930.0,6330.0,5930.0,6240.0,606754,0.0,0.0,0.0
2021-05-20 00:00:00+09:00,6240.0,6270.0,6050.0,6220.0,224608,0.0,0.0,0.0
2021-05-21 00:00:00+09:00,6200.0,6240.0,5970.0,6080.0,276611,0.0,0.0,0.0
2021-05-24 00:00:00+09:00,6080.0,6250.0,6070.0,6180.0,246492,0.0,0.0,0.0
2021-05-25 00:00:00+09:00,6170.0,6210.0,6080.0,6080.0,141873,0.0,0.0,0.0
2021-05-26 00:00:00+09:00,6090.0,6430.0,6090.0,6380.0,592836,0.0,0.0,0.0
2021-05-27 00:00:00+09:00,6390.0,6430.0,6240.0,6390.0,241015,0.0,0.0,0.0
2021-05-28 00:00:00+09:00,6410.0,6670.0,6410.0,6500.0,742134,0.0,0.0,0.0
2021-05-31 00:00:00+09:00,6500.0,6500.0,6280.0,6290.0,251005,0.0,0.0,0.0
2021-06-01 00:00:00+09:00,6310.0,6620.0,6260.0,6580.0,359293,0.0,0.0,0.0
2021-06-02 00:00:00+09:00,6580.0,6690.0,6450.0,6490.0,374242,0.0,0.0,0.0
2021-06-03 00:00:00+09:00,6550.0,6610.0,6360.0,6490.0,281365,0.0,0.0,0.0
2021-06-04 00:00:00+09:00,6480.0,6560.0,6450.0,6550.0,225665,0.0,0.0,0.0
2021-06-07 00:00:00+09:00,6590.0,6620.0,6440.0,6450.0,214250,0.0,0.0,0.0
2021-06-08 00:00:00+09:00,6520.0,6520.0,6300.0,6510.0,269573,0.0,0.0,0.0
2021-06-09 00:00:00+09:00,6470.0,6550.0,6430.0,6510.0,233754,0.0,0.0,0.0
2021-06-10 00:00:00+09:00,6570.0,6610.0,6400.0,6520.0,445203,0.0,0.0,0.0
2021-06-11 00:00:00+09:00,6510.0,6510.0,6160.0,6160.0,543762,0.0,0.0,0.0
2021-06-14 00:00:00+09:00,6150.0,6190.0,5890.0,6000.0,628071,0.0,0.0,0.0
2021-06-15 00:00:00+09:00,6070.0,6070.0,5930.0,6030.0,222215,0.0,0.0,0.0
2021-06-16 00:00:00+09:00,6050.0,6260.0,6010.0,6160.0,450681,0.0,0.0,0.0
2021-06-17 00:00:00+09:00,6060.0,6150.0,5990.0,5990.0,267564,0.0,0.0,0.0
2021-06-18 00:00:00+09:00,6000.0,6060.0,5960.0,6000.0,278614,0.0,0.0,0.0
2021-06-21 00:00:00+09:00,5970.0,6020.0,5900.0,5970.0,236947,0.0,0.0,0.0
2021-06-22 00:00:00+09:00,5980.0,6010.0,5890.0,5930.0,192651,0.0,0.0,0.0
2021-06-23 00:00:00+09:00,5960.0,5970.0,5670.0,5720.0,541025,0.0,0.0,0.0
2021-06-24 00:00:00+09:00,5730.0,5750.0,5320.0,5460.0,576963,0.0,0.0,0.0
2021-06-25 00:00:00+09:00,5520.0,5940.0,5460.0,5890.0,459025,0.0,0.0,0.0
2021-06-28 00:00:00+09:00,5910.0,6190.0,5910.0,5940.0,921797,0.0,0.0,0.0
2021-06-29 00:00:00+09:00,5950.0,6020.0,5810.0,5890.0,251029,0.0,0.0,0.0
2021-06-30 00:00:00+09:00,5890.0,5920.0,5820.0,5900.0,187812,0.0,0.0,0.0
2021-07-01 00:00:00+09:00,5900.0,6070.0,5900.0,5980.0,248161,0.0,0.0,0.0
2021-07-02 00:00:00+09:00,6020.0,6020.0,5900.0,6010.0,154095,0.0,0.0,0.0
2021-07-05 00:00:00+09:00,6010.0,6170.0,5960.0,6070.0,518596,0.0,0.0,0.0
2021-07-06 00:00:00+09:00,6070.0,6080.0,5900.0,5920.0,303319,0.0,0.0,0.0
2021-07-07 00:00:00+09:00,5930.0,5930.0,5860.0,5860.0,158220,0.0,0.0,0.0
2021-07-08 00:00:00+09:00,5850.0,5890.0,5630.0,5750.0,243473,0.0,0.0,0.0
2021-07-09 00:00:00+09:00,5660.0,5800.0,5600.0,5720.0,203692,0.0,0.0,0.0
2021-07-12 00:00:00+09:00,5720.0,6010.0,5700.0,6000.0,342556,0.0,0.0,0.0
2021-07-13 00:00:00+09:00,6050.0,6230.0,6040.0,6180.0,700010,0.0,0.0,0.0
2021-07-14 00:00:00+09:00,6200.0,6290.0,6120.0,6230.0,554129,0.0,0.0,0.0
2021-07-15 00:00:00+09:00,6240.0,6570.0,6230.0,6560.0,1267883,0.0,0.0,0.0
2021-07-16 00:00:00+09:00,6600.0,6610.0,6420.0,6460.0,540708,0.0,0.0,0.0
2021-07-19 00:00:00+09:00,6460.0,6750.0,6440.0,6740.0,808119,0.0,0.0,0.0
2021-07-20 00:00:00+09:00,6620.0,6950.0,6560.0,6820.0,893961,0.0,0.0,0.0
2021-07-21 00:00:00+09:00,6890.0,6980.0,6730.0,6750.0,545929,0.0,0.0,0.0
2021-07-22 00:00:00+09:00,6780.0,6880.0,6240.0,6330.0,813146,0.0,0.0,0.0
2021-07-23 00:00:00+09:00,6400.0,6400.0,6190.0,6380.0,302240,0.0,0.0,0.0
2021-07-26 00:00:00+09:00,6400.0,6720.0,6400.0,6540.0,579112,0.0,0.0,0.0
2021-07-27 00:00:00+09:00,6540.0,6650.0,6320.0,6390.0,323814,0.0,0.0,0.0
2021-07-28 00:00:00+09:00,6340.0,6380.0,5820.0,6100.0,358983,0.0,0.0,0.0
2021-07-29 00:00:00+09:00,6100.0,6250.0,6040.0,6160.0,144610,0.0,0.0,0.0
2021-07-30 00:00:00+09:00,6160.0,6300.0,6060.0,6280.0,206544,0.0,0.0,0.0
2021-08-02 00:00:00+09:00,6280.0,6320.0,6170.0,6210.0,104001,0.0,0.0,0.0
2021-08-03 00:00:00+09:00,6170.0,6240.0,6060.0,6080.0,135848,0.0,0.0,0.0
2021-08-04 00:00:00+09:00,6120.0,6210.0,6050.0,6180.0,136188,0.0,0.0,0.0
2021-08-05 00:00:00+09:00,6170.0,6330.0,6170.0,6310.0,115430,0.0,0.0,0.0
2021-08-06 00:00:00+09:00,6370.0,6370.0,6210.0,6280.0,131361,0.0,0.0,0.0
2021-08-09 00:00:00+09:00,6280.0,6280.0,6040.0,6120.0,292957,0.0,0.0,0.0
2021-08-10 00:00:00+09:00,6070.0,6160.0,5990.0,6140.0,280341,0.0,0.0,0.0
2021-08-11 00:00:00+09:00,6110.0,6110.0,5960.0,6020.0,239464,0.0,0.0,0.0
2021-08-12 00:00:00+09:00,6000.0,6040.0,5910.0,5980.0,196819,0.0,0.0,0.0
2021-08-13 00:00:00+09:00,5930.0,6070.0,5880.0,5980.0,195288,0.0,0.0,0.0
2021-08-17 00:00:00+09:00,6040.0,6050.0,5720.0,5990.0,315087,0.0,0.0,0.0
2021-08-18 00:00:00+09:00,5940.0,5960.0,5820.0,5890.0,129292,0.0,0.0,0.0
2021-08-19 00:00:00+09:00,5890.0,5970.0,5740.0,5830.0,210115,0.0,0.0,0.0
2021-08-20 00:00:00+09:00,5830.0,5850.0,5500.0,5680.0,187927,0.0,0.0,0.0
2021-08-23 00:00:00+09:00,5680.0,6240.0,5680.0,6080.0,667929,0.0,0.0,0.0
2021-08-24 00:00:00+09:00,6140.0,6420.0,6110.0,6410.0,566346,0.0,0.0,0.0
2021-08-25 00:00:00+09:00,6450.0,6980.0,6160.0,6560.0,3251271,0.0,0.0,0.0
2021-08-26 00:00:00+09:00,6560.0,6570.0,6070.0,6070.0,937942,0.0,0.0,0.0
2021-08-27 00:00:00+09:00,6070.0,6210.0,5950.0,6150.0,332888,0.0,0.0,0.0
2021-08-30 00:00:00+09:00,6110.0,6410.0,6110.0,6350.0,621184,0.0,0.0,0.0
2021-08-31 00:00:00+09:00,6350.0,6390.0,6020.0,6120.0,821340,0.0,0.0,0.0
2021-09-01 00:00:00+09:00,6100.0,6160.0,6030.0,6130.0,244548,0.0,0.0,0.0
2021-09-02 00:00:00+09:00,6150.0,6470.0,6070.0,6340.0,461324,0.0,0.0,0.0
2021-09-03 00:00:00+09:00,6390.0,6550.0,6280.0,6440.0,485329,0.0,0.0,0.0
2021-09-06 00:00:00+09:00,6440.0,6500.0,6340.0,6430.0,249496,0.0,0.0,0.0
2021-09-07 00:00:00+09:00,6450.0,6450.0,6190.0,6250.0,267086,0.0,0.0,0.0
2021-09-08 00:00:00+09:00,6310.0,6550.0,6020.0,6090.0,610525,0.0,0.0,0.0
2021-09-09 00:00:00+09:00,6050.0,6100.0,5990.0,6000.0,273128,0.0,0.0,0.0
2021-09-10 00:00:00+09:00,6000.0,6150.0,6000.0,6030.0,362652,0.0,0.0,0.0
2021-09-13 00:00:00+09:00,6030.0,6150.0,5860.0,6050.0,498759,0.0,0.0,0.0
2021-09-14 00:00:00+09:00,5970.0,6080.0,5920.0,6050.0,323955,0.0,0.0,0.0
2021-09-15 00:00:00+09:00,6100.0,6120.0,5850.0,5880.0,433792,0.0,0.0,0.0
2021-09-16 00:00:00+09:00,5870.0,5880.0,5630.0,5800.0,355539,0.0,0.0,0.0
2021-09-17 00:00:00+09:00,5750.0,5840.0,5700.0,5810.0,156336,0.0,0.0,0.0
2021-09-23 00:00:00+09:00,5730.0,5790.0,5520.0,5640.0,334812,0.0,0.0,0.0
2021-09-24 00:00:00+09:00,5690.0,5910.0,5680.0,5800.0,360367,0.0,0.0,0.0
2021-09-27 00:00:00+09:00,5820.0,6060.0,5820.0,5930.0,411883,0.0,0.0,0.0
2021-09-28 00:00:00+09:00,5960.0,6130.0,5930.0,6000.0,308984,0.0,0.0,0.0
2021-09-29 00:00:00+09:00,5970.0,6010.0,5540.0,6010.0,222492,0.0,0.0,0.0
2021-09-30 00:00:00+09:00,6110.0,6680.0,5850.0,6170.0,2395367,0.0,0.0,0.0
2021-10-01 00:00:00+09:00,6170.0,6210.0,5940.0,5950.0,366750,0.0,0.0,0.0
2021-10-05 00:00:00+09:00,5880.0,6200.0,5670.0,6130.0,683916,0.0,0.0,0.0
2021-10-06 00:00:00+09:00,6130.0,6230.0,5930.0,5980.0,551062,0.0,0.0,0.0
2021-10-07 00:00:00+09:00,5980.0,6290.0,5980.0,6210.0,664378,0.0,0.0,0.0
2021-10-08 00:00:00+09:00,6860.0,7990.0,6450.0,7650.0,30283262,0.0,0.0,0.0
2021-10-12 00:00:00+09:00,7780.0,8140.0,7590.0,8000.0,12472632,0.0,0.0,0.0
2021-10-13 00:00:00+09:00,7920.0,8050.0,7610.0,8040.0,4909255,0.0,0.0,0.0
2021-10-14 00:00:00+09:00,7970.0,8200.0,7780.0,7830.0,3931322,0.0,0.0,0.0
2021-10-15 00:00:00+09:00,7740.0,7880.0,7180.0,7280.0,3825257,0.0,0.0,0.0
2021-10-18 00:00:00+09:00,7390.0,7640.0,7260.0,7510.0,2472221,0.0,0.0,0.0
2021-10-19 00:00:00+09:00,7420.0,7850.0,7300.0,7820.0,2897510,0.0,0.0,0.0
2021-10-20 00:00:00+09:00,7690.0,8040.0,7460.0,7950.0,4711761,0.0,0.0,0.0
2021-10-21 00:00:00+09:00,8360.0,8860.0,7790.0,7910.0,9365758,0.0,0.0,0.0
2021-10-22 00:00:00+09:00,7790.0,8350.0,7700.0,8320.0,4190215,0.0,0.0,0.0
2021-10-25 00:00:00+09:00,9860.0,10000.0,8420.0,8640.0,9179262,0.0,0.0,0.0
2021-10-26 00:00:00+09:00,8680.0,8690.0,8270.0,8300.0,2257428,0.0,0.0,0.0
2021-10-27 00:00:00+09:00,8380.0,8380.0,8030.0,8340.0,2147136,0.0,0.0,0.0
2021-10-28 00:00:00+09:00,8250.0,8600.0,8150.0,8540.0,2303466,0.0,0.0,0.0
2021-10-29 00:00:00+09:00,8410.0,8500.0,8140.0,8310.0,1573766,0.0,0.0,0.0
2021-11-01 00:00:00+09:00,8390.0,8820.0,8240.0,8340.0,1424072,0.0,0.0,0.0
2021-11-02 00:00:00+09:00,8350.0,8560.0,8350.0,8510.0,1061217,0.0,0.0,0.0
2021-11-03 00:00:00+09:00,8500.0,8680.0,8370.0,8520.0,1333233,0.0,0.0,0.0
2021-11-04 00:00:00+09:00,8650.0,8660.0,8110.0,8370.0,1463476,0.0,0.0,0.0
2021-11-05 00:00:00+09:00,8370.0,8410.0,8060.0,8290.0,1257965,0.0,0.0,0.0
2021-11-08 00:00:00+09:00,8320.0,8540.0,8280.0,8470.0,992486,0.0,0.0,0.0
2021-11-09 00:00:00+09:00,8470.0,8600.0,8100.0,8260.0,1100331,0.0,0.0,0.0
2021-11-10 00:00:00+09:00,8140.0,8750.0,7350.0,8210.0,3442155,0.0,0.0,0.0
2021-11-11 00:00:00+09:00,8190.0,8330.0,7500.0,7620.0,1388545,0.0,0.0,0.0
2021-11-12 00:00:00+09:00,7840.0,8030.0,7610.0,7750.0,844266,0.0,0.0,0.0
2021-11-15 00:00:00+09:00,7660.0,7900.0,7600.0,7720.0,513912,0.0,0.0,0.0
2021-11-16 00:00:00+09:00,7730.0,7980.0,7680.0,7760.0,630447,0.0,0.0,0.0
2021-11-17 00:00:00+09:00,7790.0,7900.0,7410.0,7450.0,743374,0.0,0.0,0.0
2021-11-18 00:00:00+09:00,7400.0,8200.0,7200.0,8090.0,2826908,0.0,0.0,0.0
2021-11-19 00:00:00+09:00,8020.0,8120.0,7870.0,8000.0,939093,0.0,0.0,0.0
2021-11-22 00:00:00+09:00,8000.0,8110.0,7510.0,7920.0,648778,0.0,0.0,0.0
2021-11-23 00:00:00+09:00,7780.0,7990.0,7720.0,7740.0,512911,0.0,0.0,0.0
2021-11-24 00:00:00+09:00,7740.0,8170.0,7570.0,8000.0,1265327,0.0,0.0,0.0
2021-11-25 00:00:00+09:00,8000.0,8790.0,7850.0,8250.0,2794706,0.0,0.0,0.0
2021-11-26 00:00:00+09:00,8320.0,8490.0,8110.0,8260.0,913744,0.0,0.0,0.0
2021-11-29 00:00:00+09:00,8000.0,8480.0,7970.0,8170.0,1692179,0.0,0.0,0.0
2021-11-30 00:00:00+09:00,8170.0,8500.0,8050.0,8270.0,2454786,0.0,0.0,0.0
2021-12-01 00:00:00+09:00,8310.0,8470.0,8110.0,8430.0,1248434,0.0,0.0,0.0
2021-12-02 00:00:00+09:00,8420.0,8770.0,8300.0,8370.0,2326240,0.0,0.0,0.0
2021-12-03 00:00:00+09:00,8390.0,8420.0,8210.0,8310.0,702018,0.0,0.0,0.0
2021-12-06 00:00:00+09:00,8120.0,8300.0,8100.0,8100.0,685119,0.0,0.0,0.0
2021-12-07 00:00:00+09:00,8260.0,8280.0,8050.0,8050.0,448431,0.0,0.0,0.0
2021-12-08 00:00:00+09:00,8110.0,8120.0,7810.0,7840.0,756315,0.0,0.0,0.0
2021-12-09 00:00:00+09:00,7840.0,8040.0,7680.0,7850.0,646070,0.0,0.0,0.0
2021-12-10 00:00:00+09:00,7850.0,7850.0,7280.0,7320.0,1881169,0.0,0.0,0.0
2021-12-13 00:00:00+09:00,7350.0,7610.0,7270.0,7310.0,784838,0.0,0.0,0.0
2021-12-14 00:00:00+09:00,7210.0,7380.0,7070.0,7350.0,593443,0.0,0.0,0.0
2021-12-15 00:00:00+09:00,7330.0,7660.0,7240.0,7610.0,817595,0.0,0.0,0.0
2021-12-16 00:00:00+09:00,7530.0,7680.0,7450.0,7510.0,489338,0.0,0.0,0.0
2021-12-17 00:00:00+09:00,7470.0,7500.0,7300.0,7370.0,339253,0.0,0.0,0.0
2021-12-20 00:00:00+09:00,7270.0,7330.0,6950.0,7090.0,537969,0.0,0.0,0.0
2021-12-21 00:00:00+09:00,7010.0,7300.0,6820.0,7270.0,737154,0.0,0.0,0.0
2021-12-22 00:00:00+09:00,7340.0,7520.0,7190.0,7200.0,648064,0.0,0.0,0.0
2021-12-23 00:00:00+09:00,7190.0,7250.0,7000.0,7050.0,269454,0.0,0.0,0.0
2021-12-24 00:00:00+09:00,7170.0,7330.0,7100.0,7270.0,554216,0.0,0.0,0.0
2021-12-27 00:00:00+09:00,7370.0,7580.0,7280.0,7470.0,1105903,0.0,0.0,0.0
2021-12-28 00:00:00+09:00,7600.0,7730.0,7050.0,7110.0,1088163,0.0,0.0,0.0
2021-12-29 00:00:00+09:00,7130.0,7410.0,7130.0,7290.0,725722,0.0,0.0,0.0
2021-12-30 00:00:00+09:00,7290.0,7350.0,7170.0,7210.0,291687,0.0,0.0,0.0
2022-01-04 00:00:00+09:00,7160.0,7240.0,7100.0,7130.0,272855,0.0,0.0,0.0
2022-01-05 00:00:00+09:00,7230.0,7950.0,7000.0,7620.0,3675152,0.0,0.0,0.0
2022-01-06 00:00:00+09:00,7400.0,7630.0,7100.0,7260.0,1005843,0.0,0.0,0.0
2022-01-07 00:00:00+09:00,7300.0,7700.0,7120.0,7650.0,1476008,0.0,0.0,0.0
2022-01-10 00:00:00+09:00,7650.0,8040.0,7500.0,7590.0,1664878,0.0,0.0,0.0
2022-01-11 00:00:00+09:00,7700.0,8290.0,7240.0,8180.0,2955393,0.0,0.0,0.0
2022-01-12 00:00:00+09:00,8070.0,8400.0,7800.0,8000.0,2772174,0.0,0.0,0.0
2022-01-13 00:00:00+09:00,8080.0,8770.0,7920.0,8680.0,7771297,0.0,0.0,0.0
2022-01-14 00:00:00+09:00,8730.0,8920.0,8450.0,8600.0,3066507,0.0,0.0,0.0
2022-01-17 00:00:00+09:00,8640.0,8650.0,7920.0,7960.0,2277166,0.0,0.0,0.0
2022-01-18 00:00:00+09:00,8010.0,8070.0,7380.0,7500.0,1921037,0.0,0.0,0.0
2022-01-19 00:00:00+09:00,7270.0,7770.0,7260.0,7710.0,1084327,0.0,0.0,0.0
2022-01-20 00:00:00+09:00,7700.0,7700.0,7120.0,7580.0,1703384,0.0,0.0,0.0
2022-01-21 00:00:00+09:00,7400.0,7880.0,7380.0,7560.0,1302285,0.0,0.0,0.0
2022-01-24 00:00:00+09:00,7520.0,7520.0,7150.0,7170.0,828020,0.0,0.0,0.0
2022-01-25 00:00:00+09:00,7150.0,7210.0,6560.0,6700.0,1154851,0.0,0.0,0.0
2022-01-26 00:00:00+09:00,6700.0,6700.0,6700.0,6700.0,0,0.0,0.0,0.0
2022-01-27 00:00:00+09:00,6970.0,7180.0,6490.0,6530.0,726093,0.0,0.0,0.0
2022-01-28 00:00:00+09:00,6390.0,6880.0,6270.0,6860.0,568239,0.0,0.0,0.0
2022-02-03 00:00:00+09:00,6880.0,7200.0,6880.0,7030.0,559575,0.0,0.0,0.0
2022-02-04 00:00:00+09:00,6950.0,7130.0,6760.0,7040.0,663478,0.0,0.0,0.0
2022-02-07 00:00:00+09:00,7040.0,7150.0,6920.0,7050.0,266767,0.0,0.0,0.0
2022-02-08 00:00:00+09:00,7050.0,7050.0,7050.0,7050.0,0,0.0,0.0,0.0
2022-02-09 00:00:00+09:00,7050.0,7050.0,7050.0,7050.0,0,0.0,0.0,0.0
2022-02-10 00:00:00+09:00,6950.0,6980.0,6640.0,6660.0,322130,0.0,0.0,0.0
2022-02-11 00:00:00+09:00,6660.0,6690.0,6400.0,6670.0,281240,0.0,0.0,0.0
2022-02-14 00:00:00+09:00,6510.0,6510.0,6290.0,6300.0,343294,0.0,0.0,0.0
2022-02-15 00:00:00+09:00,6210.0,6420.0,5800.0,5980.0,382949,0.0,0.0,0.0
2022-02-16 00:00:00+09:00,6080.0,6290.0,6080.0,6190.0,264543,0.0,0.0,0.0
2022-02-17 00:00:00+09:00,6240.0,6260.0,5970.0,6080.0,382059,0.0,0.0,0.0
2022-02-18 00:00:00+09:00,6080.0,6240.0,6080.0,6240.0,308354,0.0,0.0,0.0
2022-02-21 00:00:00+09:00,6180.0,6270.0,6030.0,6200.0,207517,0.0,0.0,0.0
2022-02-22 00:00:00+09:00,6200.0,6200.0,6200.0,6200.0,0,0.0,0.0,0.0
2022-02-23 00:00:00+09:00,6200.0,6200.0,6200.0,6200.0,0,0.0,0.0,0.0
2022-02-24 00:00:00+09:00,5990.0,6020.0,5630.0,5670.0,343486,0.0,0.0,0.0
2022-02-25 00:00:00+09:00,5750.0,6050.0,5750.0,6000.0,351095,0.0,0.0,0.0
2022-02-28 00:00:00+09:00,6000.0,6000.0,6000.0,6000.0,0,0.0,0.0,0.0
2022-03-02 00:00:00+09:00,5950.0,6020.0,5800.0,5990.0,170932,0.0,0.0,0.0
2022-03-03 00:00:00+09:00,6050.0,6150.0,6000.0,6130.0,166144,0.0,0.0,0.0
2022-03-04 00:00:00+09:00,6130.0,6130.0,6130.0,6130.0,0,0.0,0.0,0.0
2022-03-07 00:00:00+09:00,5990.0,6100.0,5900.0,5980.0,157863,0.0,0.0,0.0
2022-03-08 00:00:00+09:00,5940.0,5940.0,5720.0,5780.0,191297,0.0,0.0,0.0
2022-03-10 00:00:00+09:00,5780.0,5780.0,5780.0,5780.0,0,0.0,0.0,0.0
2022-03-11 00:00:00+09:00,5850.0,5900.0,5640.0,5720.0,137402,0.0,0.0,0.0
2022-03-14 00:00:00+09:00,5660.0,5700.0,5540.0,5570.0,249003,0.0,0.0,0.0
2022-03-15 00:00:00+09:00,5570.0,5570.0,5570.0,5570.0,0,0.0,0.0,0.0
2022-03-16 00:00:00+09:00,5570.0,5570.0,5570.0,5570.0,0,0.0,0.0,0.0
2022-03-17 00:00:00+09:00,5570.0,5570.0,5570.0,5570.0,0,0.0,0.0,0.0
2022-03-18 00:00:00+09:00,5900.0,6050.0,5800.0,6030.0,267627,0.0,0.0,0.0
2022-03-21 00:00:00+09:00,6030.0,6030.0,6030.0,6030.0,0,0.0,0.0,0.0
2022-03-22 00:00:00+09:00,6010.0,6030.0,5890.0,5910.0,172374,0.0,0.0,0.0
2022-03-23 00:00:00+09:00,5900.0,5960.0,4990.0,5350.0,2129470,0.0,0.0,0.0
2022-03-24 00:00:00+09:00,5230.0,5470.0,5090.0,5350.0,715486,0.0,0.0,0.0
2022-03-25 00:00:00+09:00,5350.0,5420.0,5060.0,5150.0,560194,0.0,0.0,0.0
2022-03-28 00:00:00+09:00,5130.0,5130.0,4645.0,4805.0,987419,0.0,0.0,0.0
2022-03-29 00:00:00+09:00,4895.0,5020.0,4500.0,4920.0,745099,0.0,0.0,0.0
2022-03-30 00:00:00+09:00,4995.0,4995.0,4745.0,4795.0,250071,0.0,0.0,0.0
2022-03-31 00:00:00+09:00,4705.0,4925.0,4700.0,4900.0,236139,0.0,0.0,0.0
2022-04-01 00:00:00+09:00,4895.0,4895.0,4730.0,4845.0,242236,0.0,0.0,0.0
2022-04-04 00:00:00+09:00,4815.0,4815.0,4675.0,4730.0,229278,0.0,0.0,0.0
2022-04-05 00:00:00+09:00,4730.0,4955.0,4605.0,4930.0,650283,0.0,0.0,0.0
2022-04-06 00:00:00+09:00,4950.0,4980.0,4815.0,4870.0,209065,0.0,0.0,0.0
2022-04-07 00:00:00+09:00,4860.0,5120.0,4765.0,5070.0,368484,0.0,0.0,0.0
2022-04-08 00:00:00+09:00,5130.0,5410.0,5050.0,5200.0,563578,0.0,0.0,0.0
2022-04-11 00:00:00+09:00,5230.0,5320.0,5140.0,5220.0,238552,0.0,0.0,0.0
2022-04-12 00:00:00+09:00,5180.0,5300.0,5010.0,5110.0,149862,0.0,0.0,0.0
2022-04-13 00:00:00+09:00,5040.0,5140.0,5040.0,5040.0,106526,0.0,0.0,0.0
2022-04-14 00:00:00+09:00,5040.0,5070.0,4820.0,4940.0,232387,0.0,0.0,0.0
2022-04-15 00:00:00+09:00,4910.0,4910.0,4760.0,4790.0,248926,0.0,0.0,0.0
2022-04-18 00:00:00+09:00,4790.0,4800.0,4650.0,4790.0,186777,0.0,0.0,0.0
2022-04-19 00:00:00+09:00,4700.0,5010.0,4685.0,4950.0,348398,0.0,0.0,0.0
2022-04-20 00:00:00+09:00,4915.0,5190.0,4825.0,4855.0,298625,0.0,0.0,0.0
2022-04-21 00:00:00+09:00,4835.0,4995.0,4835.0,4850.0,133862,0.0,0.0,0.0
2022-04-22 00:00:00+09:00,4855.0,5070.0,4800.0,4860.0,149763,0.0,0.0,0.0
2022-04-25 00:00:00+09:00,4845.0,4845.0,4705.0,4760.0,141377,0.0,0.0,0.0
2022-04-26 00:00:00+09:00,4740.0,4780.0,4565.0,4660.0,272372,0.0,0.0,0.0
2022-04-27 00:00:00+09:00,4535.0,4750.0,4380.0,4565.0,227419,0.0,0.0,0.0
2022-04-28 00:00:00+09:00,4565.0,4575.0,4440.0,4500.0,99702,0.0,0.0,0.0
2022-04-29 00:00:00+09:00,4420.0,4525.0,4415.0,4500.0,100791,0.0,0.0,0.0
2022-05-02 00:00:00+09:00,4445.0,4540.0,4390.0,4530.0,168661,0.0,0.0,0.0
2022-05-03 00:00:00+09:00,4535.0,4825.0,4535.0,4730.0,492145,0.0,0.0,0.0
2022-05-04 00:00:00+09:00,4660.0,4850.0,4555.0,4750.0,252411,0.0,0.0,0.0
2022-05-06 00:00:00+09:00,4700.0,4740.0,4600.0,4635.0,106159,0.0,0.0,0.0
2022-05-10 00:00:00+09:00,4500.0,4550.0,4375.0,4550.0,102741,0.0,0.0,0.0
2022-05-11 00:00:00+09:00,4550.0,4785.0,4510.0,4520.0,200129,0.0,0.0,0.0
2022-05-12 00:00:00+09:00,4510.0,4550.0,4295.0,4300.0,179381,0.0,0.0,0.0
2022-05-13 00:00:00+09:00,4300.0,4480.0,4110.0,4335.0,271767,0.0,0.0,0.0
2022-05-16 00:00:00+09:00,4390.0,4785.0,4390.0,4615.0,426068,0.0,0.0,0.0
2022-05-17 00:00:00+09:00,4600.0,4825.0,4525.0,4780.0,166854,0.0,0.0,0.0
2022-05-18 00:00:00+09:00,4710.0,4830.0,4570.0,4570.0,123802,0.0,0.0,0.0
2022-05-19 00:00:00+09:00,4565.0,4645.0,4430.0,4570.0,101758,0.0,0.0,0.0
2022-05-20 00:00:00+09:00,4520.0,4710.0,4520.0,4660.0,58362,0.0,0.0,0.0
2022-05-23 00:00:00+09:00,4615.0,4755.0,4530.0,4570.0,144006,0.0,0.0,0.0
2022-05-24 00:00:00+09:00,4570.0,4650.0,4450.0,4470.0,116487,0.0,0.0,0.0
2022-05-25 00:00:00+09:00,4455.0,4560.0,4430.0,4450.0,78618,0.0,0.0,0.0
2022-05-26 00:00:00+09:00,4410.0,4555.0,4400.0,4450.0,63428,0.0,0.0,0.0
2022-05-27 00:00:00+09:00,4450.0,4555.0,4450.0,4510.0,91506,0.0,0.0,0.0
2022-05-30 00:00:00+09:00,4520.0,4675.0,4520.0,4660.0,134007,0.0,0.0,0.0
2022-05-31 00:00:00+09:00,4605.0,4840.0,4605.0,4750.0,215072,0.0,0.0,0.0
2022-06-02 00:00:00+09:00,4820.0,4930.0,4770.0,4855.0,284390,0.0,0.0,0.0
2022-06-03 00:00:00+09:00,4900.0,4990.0,4830.0,4945.0,241684,0.0,0.0,0.0
2022-06-07 00:00:00+09:00,4940.0,5000.0,4820.0,4845.0,141832,0.0,0.0,0.0
2022-06-08 00:00:00+09:00,4830.0,4845.0,4710.0,4775.0,104615,0.0,0.0,0.0
2022-06-09 00:00:00+09:00,4750.0,4795.0,4650.0,4740.0,84706,0.0,0.0,0.0
2022-06-10 00:00:00+09:00,4695.0,4840.0,4640.0,4835.0,130318,0.0,0.0,0.0
2022-06-13 00:00:00+09:00,4800.0,4800.0,4350.0,4450.0,323532,0.0,0.0,0.0
2022-06-14 00:00:00+09:00,4400.0,4450.0,4140.0,4245.0,189584,0.0,0.0,0.0
2022-06-15 00:00:00+09:00,4260.0,4275.0,4070.0,4140.0,177380,0.0,0.0,0.0
2022-06-16 00:00:00+09:00,4205.0,4275.0,4085.0,4195.0,99215,0.0,0.0,0.0
2022-06-17 00:00:00+09:00,3950.0,4195.0,3900.0,4075.0,154802,0.0,0.0,0.0
2022-06-20 00:00:00+09:00,4060.0,4140.0,3835.0,3925.0,172833,0.0,0.0,0.0
2022-06-21 00:00:00+09:00,4025.0,4675.0,4025.0,4665.0,858605,0.0,0.0,0.0
2022-06-22 00:00:00+09:00,4770.0,4770.0,4450.0,4460.0,307317,0.0,0.0,0.0
2022-06-23 00:00:00+09:00,4460.0,4650.0,3985.0,4010.0,273447,0.0,0.0,0.0
2022-06-24 00:00:00+09:00,3940.0,4050.0,3620.0,3945.0,343635,0.0,0.0,0.0
2022-06-27 00:00:00+09:00,3945.0,4065.0,3700.0,3980.0,220476,0.0,0.0,0.0
2022-06-28 00:00:00+09:00,4000.0,4085.0,3850.0,3950.0,110272,0.0,0.0,0.0
2022-06-29 00:00:00+09:00,3775.0,3950.0,3775.0,3885.0,88893,0.0,0.0,0.0
2022-06-30 00:00:00+09:00,3830.0,4060.0,3800.0,3980.0,167926,0.0,0.0,0.0
2022-07-01 00:00:00+09:00,4060.0,4320.0,3955.0,4045.0,371032,0.0,0.0,0.0
2022-07-04 00:00:00+09:00,4100.0,4100.0,3740.0,3765.0,214191,0.0,0.0,0.0
2022-07-05 00:00:00+09:00,3755.0,3880.0,3755.0,3825.0,57344,0.0,0.0,0.0
2022-07-06 00:00:00+09:00,3825.0,3845.0,3770.0,3800.0,61053,0.0,0.0,0.0
2022-07-07 00:00:00+09:00,3825.0,3880.0,3780.0,3840.0,46207,0.0,0.0,0.0
2022-07-08 00:00:00+09:00,3840.0,3980.0,3840.0,3930.0,73420,0.0,0.0,0.0
2022-07-11 00:00:00+09:00,3950.0,4060.0,3830.0,3930.0,101795,0.0,0.0,0.0
2022-07-12 00:00:00+09:00,3930.0,3930.0,3930.0,3930.0,0,0.0,0.0,0.0
2022-07-13 00:00:00+09:00,3770.0,3960.0,3770.0,3850.0,105000,0.0,0.0,0.0
2022-07-14 00:00:00+09:00,3870.0,3910.0,3770.0,3855.0,98198,0.0,0.0,0.0
2022-07-15 00:00:00+09:00,3845.0,3905.0,3745.0,3905.0,102161,0.0,0.0,0.0
2022-07-18 00:00:00+09:00,3925.0,4130.0,3925.0,3990.0,183013,0.0,0.0,0.0
2022-07-19 00:00:00+09:00,3975.0,4045.0,3880.0,4045.0,128240,0.0,0.0,0.0
2022-07-20 00:00:00+09:00,4050.0,4130.0,3945.0,4030.0,91499,0.0,0.0,0.0
2022-07-21 00:00:00+09:00,4030.0,4035.0,3945.0,4025.0,55834,0.0,0.0,0.0
2022-07-22 00:00:00+09:00,4005.0,4110.0,3865.0,4010.0,138226,0.0,0.0,0.0
2022-07-25 00:00:00+09:00,3955.0,4010.0,3910.0,3930.0,63510,0.0,0.0,0.0
2022-07-26 00:00:00+09:00,3905.0,3950.0,3780.0,3825.0,147506,0.0,0.0,0.0
2022-07-27 00:00:00+09:00,3825.0,4005.0,3775.0,3880.0,354669,0.0,0.0,0.0
2022-07-28 00:00:00+09:00,3890.0,3950.0,3830.0,3930.0,165675,0.0,0.0,0.0
2022-07-29 00:00:00+09:00,3950.0,4100.0,3895.0,4010.0,211655,0.0,0.0,0.0
2022-08-01 00:00:00+09:00,4025.0,4070.0,3970.0,4040.0,61876,0.0,0.0,0.0
2022-08-02 00:00:00+09:00,4040.0,4045.0,3955.0,4045.0,87482,0.0,0.0,0.0
2022-08-03 00:00:00+09:00,3985.0,4320.0,3985.0,4320.0,406332,0.0,0.0,0.0
2022-08-04 00:00:00+09:00,4345.0,4580.0,4280.0,4330.0,277937,0.0,0.0,0.0
2022-08-05 00:00:00+09:00,4290.0,4695.0,4290.0,4695.0,689704,0.0,0.0,0.0
2022-08-08 00:00:00+09:00,4720.0,4770.0,4500.0,4700.0,314227,0.0,0.0,0.0
2022-08-09 00:00:00+09:00,4660.0,4825.0,4660.0,4765.0,328416,0.0,0.0,0.0
2022-08-10 00:00:00+09:00,4765.0,4780.0,4595.0,4700.0,252377,0.0,0.0,0.0
2022-08-11 00:00:00+09:00,4700.0,4730.0,4535.0,4610.0,248002,0.0,0.0,0.0
2022-08-12 00:00:00+09:00,4610.0,4615.0,4445.0,4505.0,273673,0.0,0.0,0.0
2022-08-16 00:00:00+09:00,4495.0,4830.0,4275.0,4825.0,619596,0.0,0.0,0.0
2022-08-17 00:00:00+09:00,4815.0,4920.0,4635.0,4750.0,311167,0.0,0.0,0.0
2022-08-18 00:00:00+09:00,4670.0,4855.0,4575.0,4620.0,247810,0.0,0.0,0.0
2022-08-19 00:00:00+09:00,4760.0,4760.0,4500.0,4600.0,198307,0.0,0.0,0.0
2022-08-22 00:00:00+09:00,4600.0,4625.0,4420.0,4490.0,93855,0.0,0.0,0.0
2022-08-23 00:00:00+09:00,4490.0,4780.0,4450.0,4765.0,432859,0.0,0.0,0.0
2022-08-24 00:00:00+09:00,4690.0,4795.0,4650.0,4665.0,115289,0.0,0.0,0.0
2022-08-25 00:00:00+09:00,4715.0,4715.0,4495.0,4580.0,182827,0.0,0.0,0.0
2022-08-26 00:00:00+09:00,4580.0,4735.0,4535.0,4675.0,175137,0.0,0.0,0.0
2022-08-29 00:00:00+09:00,4550.0,4625.0,4480.0,4525.0,114319,0.0,0.0,0.0
2022-08-30 00:00:00+09:00,4470.0,4765.0,4470.0,4750.0,398954,0.0,0.0,0.0
2022-08-31 00:00:00+09:00,4750.0,4855.0,4620.0,4700.0,186058,0.0,0.0,0.0
2022-09-01 00:00:00+09:00,4700.0,4725.0,4550.0,4620.0,161778,0.0,0.0,0.0
2022-09-02 00:00:00+09:00,4645.0,4800.0,4440.0,4440.0,369839,0.0,0.0,0.0
2022-09-05 00:00:00+09:00,4400.0,4470.0,4255.0,4300.0,170886,0.0,0.0,0.0
2022-09-06 00:00:00+09:00,4300.0,4435.0,4290.0,4380.0,125489,0.0,0.0,0.0
2022-09-07 00:00:00+09:00,4395.0,4460.0,4225.0,4400.0,132740,0.0,0.0,0.0
2022-09-08 00:00:00+09:00,4425.0,4600.0,4240.0,4450.0,257087,0.0,0.0,0.0
2022-09-13 00:00:00+09:00,4490.0,4735.0,4490.0,4625.0,278438,0.0,0.0,0.0
2022-09-14 00:00:00+09:00,4495.0,4650.0,4430.0,4610.0,121450,0.0,0.0,0.0
2022-09-15 00:00:00+09:00,4610.0,4675.0,4385.0,4410.0,198015,0.0,0.0,0.0
2022-09-16 00:00:00+09:00,4410.0,4410.0,4190.0,4220.0,153688,0.0,0.0,0.0
2022-09-19 00:00:00+09:00,4220.0,4220.0,3965.0,4050.0,245929,0.0,0.0,0.0
2022-09-20 00:00:00+09:00,4065.0,4065.0,3895.0,3905.0,135026,0.0,0.0,0.0
2022-09-21 00:00:00+09:00,3905.0,3920.0,3590.0,3670.0,473975,0.0,0.0,0.0
2022-09-22 00:00:00+09:00,3650.0,3910.0,3540.0,3900.0,267054,0.0,0.0,0.0
2022-09-23 00:00:00+09:00,4180.0,4385.0,3900.0,4100.0,577988,0.0,0.0,0.0
2022-09-26 00:00:00+09:00,4100.0,4175.0,3685.0,3730.0,248951,0.0,0.0,0.0
2022-09-27 00:00:00+09:00,3825.0,3935.0,3640.0,3850.0,123720,0.0,0.0,0.0
2022-09-28 00:00:00+09:00,3700.0,3930.0,3650.0,3835.0,166856,0.0,0.0,0.0
2022-09-29 00:00:00+09:00,3800.0,3870.0,3710.0,3710.0,101019,0.0,0.0,0.0
2022-09-30 00:00:00+09:00,3610.0,3680.0,3585.0,3620.0,76699,0.0,0.0,0.0
2022-10-04 00:00:00+09:00,3580.0,3790.0,3580.0,3695.0,149723,0.0,0.0,0.0
2022-10-05 00:00:00+09:00,3695.0,3750.0,3575.0,3600.0,71920,0.0,0.0,0.0
2022-10-06 00:00:00+09:00,3595.0,3680.0,3560.0,3620.0,74133,0.0,0.0,0.0
2022-10-07 00:00:00+09:00,3620.0,3800.0,3595.0,3800.0,137723,0.0,0.0,0.0
2022-10-11 00:00:00+09:00,3670.0,3715.0,3600.0,3680.0,98657,0.0,0.0,0.0
2022-10-12 00:00:00+09:00,3680.0,3780.0,3665.0,3750.0,126247,0.0,0.0,0.0
2022-10-13 00:00:00+09:00,3750.0,3850.0,3400.0,3600.0,113274,0.0,0.0,0.0
2022-10-14 00:00:00+09:00,3600.0,3640.0,3555.0,3575.0,82572,0.0,0.0,0.0
2022-10-17 00:00:00+09:00,3575.0,3635.0,3430.0,3605.0,65956,0.0,0.0,0.0
2022-10-18 00:00:00+09:00,3680.0,3680.0,3545.0,3545.0,46254,0.0,0.0,0.0
2022-10-19 00:00:00+09:00,3630.0,3690.0,3455.0,3550.0,81038,0.0,0.0,0.0
2022-10-20 00:00:00+09:00,3550.0,3625.0,3500.0,3565.0,70236,0.0,0.0,0.0
2022-10-21 00:00:00+09:00,3550.0,3675.0,3455.0,3605.0,115179,0.0,0.0,0.0
2022-10-24 00:00:00+09:00,3590.0,3685.0,3545.0,3685.0,142416,0.0,0.0,0.0
2022-10-25 00:00:00+09:00,3700.0,3750.0,3660.0,3685.0,82123,0.0,0.0,0.0
2022-10-26 00:00:00+09:00,3700.0,3715.0,3535.0,3620.0,118941,0.0,0.0,0.0
2022-10-27 00:00:00+09:00,3615.0,3680.0,3570.0,3650.0,103166,0.0,0.0,0.0
2022-10-28 00:00:00+09:00,3650.0,3650.0,3535.0,3580.0,139384,0.0,0.0,0.0
2022-10-31 00:00:00+09:00,3550.0,3665.0,3520.0,3560.0,92027,0.0,0.0,0.0
2022-11-01 00:00:00+09:00,3560.0,3620.0,3540.0,3560.0,74115,0.0,0.0,0.0
2022-11-02 00:00:00+09:00,3560.0,3565.0,3480.0,3520.0,82190,0.0,0.0,0.0
2022-11-03 00:00:00+09:00,3470.0,3665.0,3450.0,3600.0,103632,0.0,0.0,0.0
2022-11-04 00:00:00+09:00,3610.0,3860.0,3610.0,3725.0,260033,0.0,0.0,0.0
2022-11-07 00:00:00+09:00,3750.0,3765.0,3590.0,3615.0,85197,0.0,0.0,0.0
2022-11-08 00:00:00+09:00,3615.0,3975.0,3605.0,3725.0,853450,0.0,0.0,0.0
2022-11-09 00:00:00+09:00,3725.0,3780.0,3645.0,3645.0,204915,0.0,0.0,0.0
2022-11-10 00:00:00+09:00,3645.0,3665.0,3535.0,3665.0,129079,0.0,0.0,0.0
2022-11-11 00:00:00+09:00,3735.0,3800.0,3690.0,3760.0,211270,0.0,0.0,0.0
2022-11-14 00:00:00+09:00,3780.0,3850.0,3705.0,3830.0,182162,0.0,0.0,0.0
2022-11-15 00:00:00+09:00,3850.0,4085.0,3810.0,4080.0,388109,0.0,0.0,0.0
2022-11-16 00:00:00+09:00,4080.0,4160.0,4040.0,4135.0,149215,0.0,0.0,0.0
2022-11-17 00:00:00+09:00,4135.0,4160.0,3985.0,4030.0,175979,0.0,0.0,0.0
2022-11-18 00:00:00+09:00,4030.0,4050.0,3900.0,4030.0,244692,0.0,0.0,0.0
2022-11-21 00:00:00+09:00,4040.0,4195.0,4005.0,4100.0,220221,0.0,0.0,0.0
2022-11-22 00:00:00+09:00,4100.0,4165.0,4010.0,4095.0,171039,0.0,0.0,0.0
2022-11-23 00:00:00+09:00,4055.0,4160.0,4055.0,4105.0,126069,0.0,0.0,0.0
2022-11-24 00:00:00+09:00,4110.0,4170.0,3900.0,3930.0,363549,0.0,0.0,0.0
2022-11-25 00:00:00+09:00,3925.0,4145.0,3870.0,4140.0,322783,0.0,0.0,0.0
2022-11-28 00:00:00+09:00,4140.0,4290.0,4100.0,4225.0,302618,0.0,0.0,0.0
2022-11-29 00:00:00+09:00,4195.0,4230.0,4065.0,4100.0,166243,0.0,0.0,0.0
2022-11-30 00:00:00+09:00,4050.0,4050.0,3860.0,3915.0,265068,0.0,0.0,0.0
2022-12-01 00:00:00+09:00,3965.0,4150.0,3900.0,3935.0,245482,0.0,0.0,0.0
2022-12-02 00:00:00+09:00,3940.0,4130.0,3900.0,4010.0,286971,0.0,0.0,0.0
2022-12-05 00:00:00+09:00,3980.0,4190.0,3750.0,3905.0,502993,0.0,0.0,0.0
2022-12-06 00:00:00+09:00,3880.0,3985.0,3790.0,3800.0,225790,0.0,0.0,0.0
2022-12-07 00:00:00+09:00,3820.0,3920.0,3730.0,3915.0,151003,0.0,0.0,0.0
2022-12-08 00:00:00+09:00,4165.0,4165.0,3765.0,3880.0,419108,0.0,0.0,0.0
2022-12-09 00:00:00+09:00,3810.0,3870.0,3745.0,3770.0,211374,0.0,0.0,0.0
2022-12-12 00:00:00+09:00,3760.0,3825.0,3575.0,3820.0,197740,0.0,0.0,0.0
2022-12-13 00:00:00+09:00,3820.0,3870.0,3750.0,3820.0,211624,0.0,0.0,0.0
2022-12-14 00:00:00+09:00,3820.0,3845.0,3750.0,3835.0,125046,0.0,0.0,0.0
2022-12-15 00:00:00+09:00,3780.0,3910.0,3745.0,3835.0,257603,0.0,0.0,0.0
2022-12-16 00:00:00+09:00,3715.0,3880.0,3715.0,3790.0,156726,0.0,0.0,0.0
2022-12-19 00:00:00+09:00,3785.0,3790.0,3685.0,3765.0,150417,0.0,0.0,0.0
2022-12-20 00:00:00+09:00,3765.0,3945.0,3725.0,3860.0,303776,0.0,0.0,0.0
2022-12-21 00:00:00+09:00,3940.0,3940.0,3810.0,3860.0,86554,0.0,0.0,0.0
2022-12-22 00:00:00+09:00,3925.0,4005.0,3865.0,3995.0,488508,0.0,0.0,0.0
2022-12-23 00:00:00+09:00,3955.0,4475.0,3810.0,3885.0,2115417,0.0,0.0,0.0
2022-12-26 00:00:00+09:00,3900.0,3970.0,3530.0,3640.0,992328,0.0,0.0,0.0
2022-12-27 00:00:00+09:00,3625.0,3625.0,3410.0,3480.0,439243,0.0,0.0,0.0
2022-12-28 00:00:00+09:00,3455.0,3785.0,3355.0,3440.0,524527,0.0,0.0,0.0
2022-12-29 00:00:00+09:00,3440.0,3440.0,3265.0,3285.0,227488,0.0,0.0,0.0
2023-01-02 00:00:00+09:00,3320.0,3385.0,3265.0,3280.0,140528,0.0,0.0,0.0
2023-01-03 00:00:00+09:00,3315.0,3350.0,3185.0,3245.0,117284,0.0,0.0,0.0
2023-01-04 00:00:00+09:00,3200.0,3355.0,3195.0,3315.0,96731,0.0,0.0,0.0
2023-01-05 00:00:00+09:00,3320.0,3420.0,3265.0,3280.0,134008,0.0,0.0,0.0
2023-01-06 00:00:00+09:00,3295.0,3345.0,3245.0,3295.0,104885,0.0,0.0,0.0
2023-01-09 00:00:00+09:00,3315.0,3350.0,3255.0,3300.0,141256,0.0,0.0,0.0
2023-01-10 00:00:00+09:00,3310.0,3435.0,3310.0,3315.0,197336,0.0,0.0,0.0
2023-01-11 00:00:00+09:00,3375.0,3375.0,3310.0,3345.0,93072,0.0,0.0,0.0
2023-01-12 00:00:00+09:00,3380.0,3380.0,3290.0,3305.0,123921,0.0,0.0,0.0
2023-01-13 00:00:00+09:00,3360.0,3540.0,3310.0,3400.0,454565,0.0,0.0,0.0
2023-01-16 00:00:00+09:00,3520.0,3565.0,3450.0,3475.0,260102,0.0,0.0,0.0
2023-01-17 00:00:00+09:00,3475.0,3490.0,3330.0,3375.0,269966,0.0,0.0,0.0
2023-01-18 00:00:00+09:00,3390.0,3420.0,3350.0,3420.0,126056,0.0,0.0,0.0
2023-01-19 00:00:00+09:00,3335.0,3395.0,3335.0,3375.0,115303,0.0,0.0,0.0
2023-01-20 00:00:00+09:00,3370.0,3400.0,3340.0,3395.0,70450,0.0,0.0,0.0
2023-01-25 00:00:00+09:00,3460.0,3460.0,3350.0,3355.0,346,0.0,0.0,0.0
2023-01-26 00:00:00+09:00,3345.0,3400.0,3340.0,3365.0,134003,0.0,0.0,0.0
2023-01-27 00:00:00+09:00,3400.0,3490.0,3345.0,3410.0,6319,0.0,0.0,0.0
2023-01-30 00:00:00+09:00,3390.0,3580.0,3390.0,3570.0,3095,0.0,0.0,0.0
2023-01-31 00:00:00+09:00,3580.0,3580.0,3510.0,3560.0,1064,0.0,0.0,0.0
2023-02-01 00:00:00+09:00,3590.0,3620.0,3535.0,3565.0,732,0.0,0.0,0.0
2023-02-02 00:00:00+09:00,3630.0,3630.0,3515.0,3535.0,4022,0.0,0.0,0.0
2023-02-03 00:00:00+09:00,3540.0,3585.0,3515.0,3555.0,162558,0.0,0.0,0.0
2023-02-06 00:00:00+09:00,3530.0,3620.0,3490.0,3550.0,465,0.0,0.0,0.0
2023-02-07 00:00:00+09:00,3525.0,3565.0,3450.0,3460.0,265550,0.0,0.0,0.0
2023-02-08 00:00:00+09:00,3455.0,3480.0,3350.0,3375.0,2930,0.0,0.0,0.0
2023-02-09 00:00:00+09:00,3360.0,3370.0,3260.0,3315.0,258658,0.0,0.0,0.0
2023-02-10 00:00:00+09:00,3310.0,3310.0,3205.0,3315.0,649,0.0,0.0,0.0
2023-02-13 00:00:00+09:00,3245.0,3275.0,3220.0,3250.0,1865,0.0,0.0,0.0
2023-02-14 00:00:00+09:00,3260.0,3270.0,3205.0,3210.0,150,0.0,0.0,0.0
2023-02-15 00:00:00+09:00,3215.0,3245.0,3030.0,3090.0,1721,0.0,0.0,0.0
2023-02-16 00:00:00+09:00,3130.0,3215.0,3040.0,3200.0,194049,0.0,0.0,0.0
2023-02-17 00:00:00+09:00,3190.0,3230.0,3100.0,3220.0,1136,0.0,0.0,0.0
2023-02-20 00:00:00+09:00,3275.0,3290.0,3170.0,3265.0,675,0.0,0.0,0.0
2023-02-21 00:00:00+09:00,3325.0,3340.0,3265.0,3295.0,482,0.0,0.0,0.0
2023-02-22 00:00:00+09:00,3300.0,3410.0,3220.0,3285.0,244104,0.0,0.0,0.0
2023-02-23 00:00:00+09:00,3215.0,3270.0,3100.0,3210.0,264,0.0,0.0,0.0
2023-02-24 00:00:00+09:00,3225.0,3225.0,3155.0,3190.0,1003,0.0,0.0,0.0
2023-02-27 00:00:00+09:00,3190.0,3190.0,3050.0,3160.0,305633,0.0,0.0,0.0
2023-02-28 00:00:00+09:00,3160.0,3250.0,3140.0,3170.0,210550,0.0,0.0,0.0
2023-03-02 00:00:00+09:00,3170.0,3215.0,3145.0,3170.0,310025,0.0,0.0,0.0
2023-03-03 00:00:00+09:00,3170.0,3215.0,3055.0,3115.0,347350,0.0,0.0,0.0
2023-03-06 00:00:00+09:00,3190.0,3390.0,3125.0,3360.0,612593,0.0,0.0,0.0
2023-03-07 00:00:00+09:00,3420.0,3505.0,3285.0,3390.0,462643,0.0,0.0,0.0
2023-03-08 00:00:00+09:00,3365.0,3785.0,3330.0,3670.0,1582002,0.0,0.0,0.0
2023-03-09 00:00:00+09:00,3685.0,3735.0,3530.0,3675.0,664543,0.0,0.0,0.0
2023-03-10 00:00:00+09:00,3665.0,3750.0,3560.0,3720.0,402734,0.0,0.0,0.0
2023-03-13 00:00:00+09:00,3685.0,3685.0,3305.0,3410.0,626221,0.0,0.0,0.0
2023-03-14 00:00:00+09:00,3375.0,3375.0,3035.0,3040.0,508556,0.0,0.0,0.0
2023-03-15 00:00:00+09:00,3110.0,3285.0,3110.0,3210.0,254393,0.0,0.0,0.0
2023-03-16 00:00:00+09:00,3300.0,3300.0,3100.0,3220.0,190708,0.0,0.0,0.0
2023-03-17 00:00:00+09:00,3240.0,3395.0,3230.0,3310.0,204085,0.0,0.0,0.0
2023-03-20 00:00:00+09:00,3415.0,3550.0,3310.0,3455.0,273821,0.0,0.0,0.0
2023-03-21 00:00:00+09:00,3465.0,3760.0,3410.0,3760.0,491126,0.0,0.0,0.0
2023-03-22 00:00:00+09:00,3905.0,3910.0,3595.0,3780.0,707408,0.0,0.0,0.0
2023-03-23 00:00:00+09:00,3930.0,4765.0,3850.0,4580.0,7233291,0.0,0.0,0.0
2023-03-24 00:00:00+09:00,4710.0,4825.0,4440.0,4735.0,3006740,0.0,0.0,0.0
2023-03-27 00:00:00+09:00,4200.0,4400.0,3810.0,3920.0,4850828,0.0,0.0,0.0
2023-03-28 00:00:00+09:00,4055.0,4160.0,3920.0,3960.0,1859607,0.0,0.0,0.0
2023-03-29 00:00:00+09:00,3925.0,4095.0,3905.0,4015.0,1156362,0.0,0.0,0.0
2023-03-30 00:00:00+09:00,4050.0,4580.0,4050.0,4450.0,3227785,0.0,0.0,0.0
2023-03-31 00:00:00+09:00,4610.0,4670.0,4105.0,4185.0,1670157,0.0,0.0,0.0
2023-04-03 00:00:00+09:00,4230.0,4295.0,4000.0,4105.0,1105033,0.0,0.0,0.0
2023-04-04 00:00:00+09:00,4130.0,4230.0,4090.0,4120.0,962567,0.0,0.0,0.0
2023-04-05 00:00:00+09:00,4285.0,4290.0,4050.0,4205.0,1400889,0.0,0.0,0.0
2023-04-06 00:00:00+09:00,4195.0,4560.0,4120.0,4330.0,1870940,0.0,0.0,0.0
2023-04-07 00:00:00+09:00,4405.0,4405.0,4185.0,4240.0,739937,0.0,0.0,0.0
2023-04-10 00:00:00+09:00,4230.0,4235.0,4055.0,4115.0,632189,0.0,0.0,0.0
2023-04-11 00:00:00+09:00,4115.0,4390.0,3900.0,4240.0,1596548,0.0,0.0,0.0
2023-04-12 00:00:00+09:00,4265.0,4310.0,4130.0,4150.0,498075,0.0,0.0,0.0
2023-04-13 00:00:00+09:00,4180.0,4290.0,4030.0,4265.0,628471,0.0,0.0,0.0
2023-04-14 00:00:00+09:00,4350.0,4400.0,4210.0,4360.0,904576,0.0,0.0,0.0
2023-04-17 00:00:00+09:00,4370.0,5120.0,4370.0,4975.0,5619366,0.0,0.0,0.0
2023-04-18 00:00:00+09:00,5240.0,5400.0,4930.0,4990.0,4185952,0.0,0.0,0.0
2023-04-19 00:00:00+09:00,4975.0,4985.0,4555.0,4780.0,1435099,0.0,0.0,0.0
2023-04-20 00:00:00+09:00,4810.0,5050.0,4705.0,4755.0,907468,0.0,0.0,0.0
2023-04-21 00:00:00+09:00,4755.0,4850.0,4345.0,4700.0,876554,0.0,0.0,0.0
2023-04-24 00:00:00+09:00,5500.0,5720.0,4705.0,4810.0,4778120,0.0,0.0,0.0
2023-04-25 00:00:00+09:00,4810.0,4815.0,4415.0,4520.0,1080751,0.0,0.0,0.0
2023-04-26 00:00:00+09:00,4490.0,4490.0,4090.0,4190.0,727984,0.0,0.0,0.0
2023-04-27 00:00:00+09:00,4095.0,4800.0,4075.0,4600.0,2051727,0.0,0.0,0.0
2023-04-28 00:00:00+09:00,4605.0,4750.0,4245.0,4605.0,1425951,0.0,0.0,0.0
2023-05-02 00:00:00+09:00,4490.0,4610.0,4430.0,4530.0,465798,0.0,0.0,0.0
2023-05-03 00:00:00+09:00,4550.0,4970.0,4470.0,4665.0,2606171,0.0,0.0,0.0
2023-05-04 00:00:00+09:00,4670.0,4835.0,4505.0,4720.0,1083125,0.0,0.0,0.0
2023-05-08 00:00:00+09:00,4675.0,4780.0,4585.0,4755.0,540363,0.0,0.0,0.0
2023-05-09 00:00:00+09:00,4755.0,4850.0,4655.0,4735.0,773109,0.0,0.0,0.0
2023-05-10 00:00:00+09:00,4790.0,4790.0,4570.0,4570.0,382098,0.0,0.0,0.0
2023-05-11 00:00:00+09:00,4575.0,4750.0,4500.0,4535.0,539540,0.0,0.0,0.0
2023-05-12 00:00:00+09:00,4505.0,4545.0,4370.0,4400.0,406854,0.0,0.0,0.0
2023-05-15 00:00:00+09:00,4440.0,4445.0,4200.0,4270.0,330386,0.0,0.0,0.0
2023-05-16 00:00:00+09:00,4280.0,4440.0,4205.0,4235.0,214787,0.0,0.0,0.0
2023-05-17 00:00:00+09:00,4250.0,4400.0,4250.0,4280.0,236477,0.0,0.0,0.0
2023-05-18 00:00:00+09:00,4250.0,4250.0,3920.0,4025.0,821737,0.0,0.0,0.0
2023-05-19 00:00:00+09:00,4025.0,4120.0,4000.0,4090.0,323216,0.0,0.0,0.0
2023-05-22 00:00:00+09:00,4215.0,4215.0,4100.0,4170.0,152973,0.0,0.0,0.0
2023-05-23 00:00:00+09:00,4170.0,4320.0,4170.0,4290.0,282603,0.0,0.0,0.0
2023-05-24 00:00:00+09:00,4325.0,4345.0,4200.0,4295.0,224834,0.0,0.0,0.0
2023-05-25 00:00:00+09:00,4210.0,4650.0,4210.0,4470.0,1660009,0.0,0.0,0.0
2023-05-26 00:00:00+09:00,4555.0,4565.0,4370.0,4400.0,501180,0.0,0.0,0.0
2023-05-30 00:00:00+09:00,4505.0,4695.0,4490.0,4600.0,951795,0.0,0.0,0.0
2023-05-31 00:00:00+09:00,4650.0,4650.0,4445.0,4515.0,456294,0.0,0.0,0.0
2023-06-01 00:00:00+09:00,4645.0,4735.0,4480.0,4545.0,563511,0.0,0.0,0.0
2023-06-02 00:00:00+09:00,4550.0,4760.0,4500.0,4700.0,947152,0.0,0.0,0.0
2023-06-05 00:00:00+09:00,4720.0,4975.0,4520.0,4800.0,1562222,0.0,0.0,0.0
2023-06-07 00:00:00+09:00,4800.0,4830.0,4620.0,4770.0,596402,0.0,0.0,0.0
2023-06-08 00:00:00+09:00,4720.0,5300.0,4705.0,5090.0,5998731,0.0,0.0,0.0
2023-06-09 00:00:00+09:00,5030.0,5200.0,4880.0,5200.0,1352286,0.0,0.0,0.0
2023-06-12 00:00:00+09:00,5050.0,5190.0,4965.0,5190.0,854729,0.0,0.0,0.0
2023-06-13 00:00:00+09:00,5180.0,5190.0,5080.0,5170.0,643401,0.0,0.0,0.0
2023-06-14 00:00:00+09:00,5170.0,5250.0,5020.0,5190.0,885859,0.0,0.0,0.0
2023-06-15 00:00:00+09:00,5180.0,5180.0,4950.0,5040.0,525454,0.0,0.0,0.0
2023-06-16 00:00:00+09:00,5140.0,5200.0,5010.0,5070.0,527571,0.0,0.0,0.0
2023-06-19 00:00:00+09:00,5060.0,5060.0,4920.0,4965.0,397331,0.0,0.0,0.0
2023-06-20 00:00:00+09:00,4980.0,5240.0,4815.0,5190.0,1747479,0.0,0.0,0.0
2023-06-21 00:00:00+09:00,5190.0,5190.0,4960.0,4995.0,746981,0.0,0.0,0.0
2023-06-22 00:00:00+09:00,4915.0,5080.0,4875.0,4950.0,361457,0.0,0.0,0.0
2023-06-23 00:00:00+09:00,5000.0,5450.0,4900.0,5280.0,3751508,0.0,0.0,0.0
2023-06-26 00:00:00+09:00,5280.0,5610.0,4995.0,5010.0,4037159,0.0,0.0,0.0
2023-06-27 00:00:00+09:00,4950.0,4950.0,4700.0,4725.0,1561842,0.0,0.0,0.0
2023-06-28 00:00:00+09:00,4730.0,4865.0,4580.0,4580.0,1069132,0.0,0.0,0.0
2023-06-29 00:00:00+09:00,4590.0,4650.0,4400.0,4630.0,799728,0.0,0.0,0.0
2023-06-30 00:00:00+09:00,4620.0,4940.0,4565.0,4795.0,1263969,0.0,0.0,0.0
2023-07-03 00:00:00+09:00,4810.0,5020.0,4720.0,4875.0,962645,0.0,0.0,0.0
2023-07-04 00:00:00+09:00,4975.0,4975.0,4785.0,4870.0,472315,0.0,0.0,0.0
2023-07-05 00:00:00+09:00,4870.0,5120.0,4825.0,4910.0,1555450,0.0,0.0,0.0
2023-07-06 00:00:00+09:00,4925.0,5110.0,4865.0,4885.0,993571,0.0,0.0,0.0
2023-07-07 00:00:00+09:00,4860.0,5190.0,4720.0,5080.0,1878667,0.0,0.0,0.0
2023-07-10 00:00:00+09:00,4960.0,5060.0,4880.0,4915.0,808682,0.0,0.0,0.0
2023-07-11 00:00:00+09:00,5000.0,5000.0,4850.0,4855.0,695072,0.0,0.0,0.0
2023-07-12 00:00:00+09:00,4855.0,4860.0,4500.0,4620.0,1211844,0.0,0.0,0.0
2023-07-13 00:00:00+09:00,4715.0,4860.0,4555.0,4570.0,1741646,0.0,0.0,0.0
2023-07-14 00:00:00+09:00,4595.0,4710.0,4485.0,4505.0,935457,0.0,0.0,0.0
2023-07-17 00:00:00+09:00,4575.0,4575.0,4340.0,4405.0,494467,0.0,0.0,0.0
2023-07-18 00:00:00+09:00,4410.0,4410.0,4160.0,4185.0,843871,0.0,0.0,0.0
2023-07-19 00:00:00+09:00,4145.0,4320.0,4050.0,4230.0,659685,0.0,0.0,0.0
2023-07-20 00:00:00+09:00,4190.0,4285.0,4100.0,4285.0,500920,0.0,0.0,0.0
2023-07-21 00:00:00+09:00,4250.0,4285.0,4155.0,4220.0,420625,0.0,0.0,0.0
2023-07-24 00:00:00+09:00,4210.0,4250.0,4050.0,4150.0,450727,0.0,0.0,0.0
2023-07-25 00:00:00+09:00,4090.0,4200.0,3940.0,3950.0,584765,0.0,0.0,0.0
2023-07-26 00:00:00+09:00,3895.0,3930.0,3475.0,3560.0,1252628,0.0,0.0,0.0
2023-07-27 00:00:00+09:00,3650.0,3845.0,3650.0,3760.0,531881,0.0,0.0,0.0
2023-07-28 00:00:00+09:00,3760.0,3965.0,3665.0,3880.0,400616,0.0,0.0,0.0
2023-07-31 00:00:00+09:00,3890.0,3965.0,3860.0,3900.0,219616,0.0,0.0,0.0
2023-08-01 00:00:00+09:00,3900.0,3930.0,3800.0,3850.0,302055,0.0,0.0,0.0
2023-08-02 00:00:00+09:00,3840.0,3840.0,3675.0,3730.0,287174,0.0,0.0,0.0
2023-08-03 00:00:00+09:00,3730.0,3730.0,3585.0,3650.0,239013,0.0,0.0,0.0
2023-08-04 00:00:00+09:00,3650.0,3695.0,3580.0,3590.0,215757,0.0,0.0,0.0
2023-08-07 00:00:00+09:00,3515.0,3645.0,3495.0,3575.0,253779,0.0,0.0,0.0
2023-08-08 00:00:00+09:00,3575.0,4645.0,3550.0,4645.0,12874349,0.0,0.0,0.0
2023-08-09 00:00:00+09:00,5040.0,5500.0,4300.0,4570.0,11098702,0.0,0.0,0.0
2023-08-10 00:00:00+09:00,4720.0,4790.0,4380.0,4385.0,2876995,0.0,0.0,0.0
2023-08-11 00:00:00+09:00,4335.0,4495.0,4195.0,4250.0,1570384,0.0,0.0,0.0
2023-08-14 00:00:00+09:00,4260.0,5140.0,4150.0,4655.0,10376189,0.0,0.0,0.0
2023-08-16 00:00:00+09:00,4540.0,5430.0,4480.0,5070.0,11377712,0.0,0.0,0.0
2023-08-17 00:00:00+09:00,5100.0,5150.0,4515.0,4600.0,3001585,0.0,0.0,0.0
2023-08-18 00:00:00+09:00,4685.0,4690.0,4400.0,4490.0,1009988,0.0,0.0,0.0
2023-08-21 00:00:00+09:00,4490.0,4930.0,4460.0,4750.0,1505648,0.0,0.0,0.0
2023-08-22 00:00:00+09:00,4685.0,5040.0,4570.0,4620.0,1808798,0.0,0.0,0.0
2023-08-23 00:00:00+09:00,4620.0,4720.0,4425.0,4465.0,952017,0.0,0.0,0.0
2023-08-24 00:00:00+09:00,4480.0,4605.0,4400.0,4420.0,632950,0.0,0.0,0.0
2023-08-25 00:00:00+09:00,4400.0,4445.0,4285.0,4415.0,467690,0.0,0.0,0.0
2023-08-28 00:00:00+09:00,4415.0,5170.0,4320.0,4745.0,7507932,0.0,0.0,0.0
2023-08-29 00:00:00+09:00,4585.0,4680.0,4500.0,4515.0,1523857,0.0,0.0,0.0
2023-08-30 00:00:00+09:00,4555.0,4560.0,4435.0,4455.0,614192,0.0,0.0,0.0
2023-08-31 00:00:00+09:00,4470.0,4505.0,4360.0,4360.0,810744,0.0,0.0,0.0
2023-09-01 00:00:00+09:00,4240.0,4250.0,4080.0,4090.0,1065394,0.0,0.0,0.0
2023-09-04 00:00:00+09:00,4090.0,4155.0,3990.0,4035.0,407045,0.0,0.0,0.0
2023-09-05 00:00:00+09:00,3985.0,4090.0,3985.0,4075.0,370689,0.0,0.0,0.0
2023-09-06 00:00:00+09:00,4060.0,4065.0,4000.0,4010.0,295938,0.0,0.0,0.0
2023-09-07 00:00:00+09:00,4000.0,4260.0,3930.0,4090.0,706176,0.0,0.0,0.0
2023-09-08 00:00:00+09:00,4145.0,4145.0,3905.0,3995.0,522813,0.0,0.0,0.0
2023-09-11 00:00:00+09:00,3995.0,3995.0,3830.0,3855.0,425306,0.0,0.0,0.0
2023-09-12 00:00:00+09:00,3865.0,3980.0,3810.0,3830.0,342168,0.0,0.0,0.0
2023-09-13 00:00:00+09:00,3800.0,4060.0,3800.0,3870.0,657538,0.0,0.0,0.0
2023-09-14 00:00:00+09:00,3800.0,3870.0,3640.0,3775.0,587236,0.0,0.0,0.0
2023-09-15 00:00:00+09:00,3730.0,3835.0,3725.0,3765.0,217984,0.0,0.0,0.0
2023-09-18 00:00:00+09:00,3805.0,4185.0,3600.0,3600.0,2614466,0.0,0.0,0.0
2023-09-19 00:00:00+09:00,3645.0,3705.0,3485.0,3485.0,547113,0.0,0.0,0.0
2023-09-20 00:00:00+09:00,3425.0,3580.0,3420.0,3580.0,204002,0.0,0.0,0.0
2023-09-21 00:00:00+09:00,3520.0,3580.0,3445.0,3465.0,217087,0.0,0.0,0.0
2023-09-22 00:00:00+09:00,3400.0,3485.0,3350.0,3450.0,171379,0.0,0.0,0.0
2023-09-25 00:00:00+09:00,3420.0,3900.0,3410.0,3410.0,1183338,0.0,0.0,0.0
2023-09-26 00:00:00+09:00,3415.0,3485.0,3320.0,3320.0,188154,0.0,0.0,0.0
2023-09-27 00:00:00+09:00,3285.0,3390.0,3205.0,3345.0,146363,0.0,0.0,0.0
2023-10-04 00:00:00+09:00,3280.0,3355.0,3220.0,3240.0,186046,0.0,0.0,0.0
2023-10-05 00:00:00+09:00,3245.0,3400.0,3240.0,3370.0,206636,0.0,0.0,0.0
2023-10-06 00:00:00+09:00,3365.0,3450.0,3330.0,3450.0,151592,0.0,0.0,0.0
2023-10-10 00:00:00+09:00,3425.0,3475.0,3305.0,3440.0,233799,0.0,0.0,0.0
2023-10-11 00:00:00+09:00,3495.0,3530.0,3430.0,3520.0,202130,0.0,0.0,0.0
2023-10-12 00:00:00+09:00,3525.0,3620.0,3520.0,3590.0,175411,0.0,0.0,0.0
2023-10-13 00:00:00+09:00,3590.0,3680.0,3450.0,3585.0,334046,0.0,0.0,0.0
2023-10-16 00:00:00+09:00,3590.0,3700.0,3535.0,3635.0,489170,0.0,0.0,0.0
2023-10-17 00:00:00+09:00,3640.0,3675.0,3600.0,3640.0,171490,0.0,0.0,0.0
2023-10-18 00:00:00+09:00,3620.0,3975.0,3525.0,3690.0,1228872,0.0,0.0,0.0
2023-10-19 00:00:00+09:00,3605.0,3630.0,3450.0,3570.0,351549,0.0,0.0,0.0
2023-10-20 00:00:00+09:00,3540.0,3540.0,3270.0,3495.0,357987,0.0,0.0,0.0
2023-10-23 00:00:00+09:00,3455.0,3510.0,3345.0,3500.0,233955,0.0,0.0,0.0
2023-10-24 00:00:00+09:00,3470.0,3595.0,3440.0,3555.0,207379,0.0,0.0,0.0
2023-10-25 00:00:00+09:00,3550.0,3595.0,3410.0,3465.0,234163,0.0,0.0,0.0
2023-10-26 00:00:00+09:00,3400.0,3400.0,3190.0,3215.0,307782,0.0,0.0,0.0
2023-10-27 00:00:00+09:00,3215.0,3285.0,3050.0,3190.0,280232,0.0,0.0,0.0
2023-10-30 00:00:00+09:00,3180.0,3225.0,3080.0,3080.0,167233,0.0,0.0,0.0
2023-10-31 00:00:00+09:00,3080.0,3090.0,2815.0,2970.0,522951,0.0,0.0,0.0
2023-11-01 00:00:00+09:00,2930.0,2985.0,2850.0,2880.0,204914,0.0,0.0,0.0
2023-11-02 00:00:00+09:00,2910.0,2980.0,2845.0,2975.0,299246,0.0,0.0,0.0
2023-11-03 00:00:00+09:00,2975.0,3105.0,2940.0,3090.0,264574,0.0,0.0,0.0
2023-11-06 00:00:00+09:00,3150.0,3310.0,3105.0,3220.0,397840,0.0,0.0,0.0
2023-11-07 00:00:00+09:00,3160.0,3330.0,3100.0,3255.0,240729,0.0,0.0,0.0
2023-11-08 00:00:00+09:00,3245.0,3315.0,3120.0,3195.0,206884,0.0,0.0,0.0
2023-11-09 00:00:00+09:00,3300.0,3315.0,3110.0,3190.0,394494,0.0,0.0,0.0
2023-11-10 00:00:00+09:00,3140.0,3140.0,3005.0,3020.0,153205,0.0,0.0,0.0
2023-11-13 00:00:00+09:00,3010.0,3060.0,2900.0,2935.0,181267,0.0,0.0,0.0
2023-11-14 00:00:00+09:00,2935.0,3190.0,2900.0,3160.0,211885,0.0,0.0,0.0
2023-11-15 00:00:00+09:00,3165.0,3260.0,3145.0,3230.0,258144,0.0,0.0,0.0
2023-11-16 00:00:00+09:00,3395.0,3410.0,3200.0,3290.0,320307,0.0,0.0,0.0
2023-11-17 00:00:00+09:00,3270.0,3325.0,3195.0,3260.0,125558,0.0,0.0,0.0
2023-11-20 00:00:00+09:00,3230.0,3355.0,3125.0,3285.0,261308,0.0,0.0,0.0
2023-11-21 00:00:00+09:00,3290.0,3390.0,3250.0,3305.0,401340,0.0,0.0,0.0
2023-11-22 00:00:00+09:00,3280.0,3300.0,3215.0,3245.0,215497,0.0,0.0,0.0
2023-11-23 00:00:00+09:00,3250.0,3330.0,3220.0,3225.0,149825,0.0,0.0,0.0
2023-11-24 00:00:00+09:00,3220.0,3300.0,3170.0,3205.0,195005,0.0,0.0,0.0
2023-11-27 00:00:00+09:00,3185.0,3235.0,3130.0,3135.0,141226,0.0,0.0,0.0
2023-11-28 00:00:00+09:00,3120.0,3125.0,3055.0,3055.0,150444,0.0,0.0,0.0
2023-11-29 00:00:00+09:00,3035.0,3140.0,3030.0,3030.0,178838,0.0,0.0,0.0
2023-11-30 00:00:00+09:00,3020.0,3255.0,3000.0,3095.0,515941,0.0,0.0,0.0
2023-12-01 00:00:00+09:00,3130.0,3170.0,3050.0,3070.0,199378,0.0,0.0,0.0
2023-12-04 00:00:00+09:00,3075.0,3100.0,3005.0,3010.0,153436,0.0,0.0,0.0
2023-12-05 00:00:00+09:00,3010.0,3035.0,2930.0,2935.0,169849,0.0,0.0,0.0
2023-12-06 00:00:00+09:00,2910.0,3100.0,2910.0,3015.0,194618,0.0,0.0,0.0
2023-12-07 00:00:00+09:00,2980.0,3050.0,2980.0,2980.0,122341,0.0,0.0,0.0
2023-12-08 00:00:00+09:00,2990.0,3070.0,2965.0,3065.0,234565,0.0,0.0,0.0
2023-12-11 00:00:00+09:00,3070.0,3130.0,3010.0,3025.0,165308,0.0,0.0,0.0
2023-12-12 00:00:00+09:00,2995.0,3105.0,2995.0,3065.0,238785,0.0,0.0,0.0
2023-12-13 00:00:00+09:00,3050.0,3100.0,2980.0,2980.0,217196,0.0,0.0,0.0
2023-12-14 00:00:00+09:00,3060.0,3065.0,2950.0,2955.0,278405,0.0,0.0,0.0
2023-12-15 00:00:00+09:00,3130.0,3130.0,2920.0,2945.0,781388,0.0,0.0,0.0
2023-12-18 00:00:00+09:00,2990.0,2990.0,2910.0,2940.0,204934,0.0,0.0,0.0
2023-12-19 00:00:00+09:00,2950.0,2980.0,2915.0,2980.0,158207,0.0,0.0,0.0
2023-12-20 00:00:00+09:00,3025.0,3060.0,2965.0,3035.0,397893,0.0,0.0,0.0
2023-12-21 00:00:00+09:00,3010.0,3200.0,2965.0,3150.0,934856,0.0,0.0,0.0
2023-12-22 00:00:00+09:00,3210.0,3285.0,3015.0,3220.0,1044099,0.0,0.0,0.0
2023-12-26 00:00:00+09:00,3285.0,3285.0,3020.0,3065.0,356212,0.0,0.0,0.0
2023-12-27 00:00:00+09:00,3020.0,3165.0,3020.0,3045.0,279395,0.0,0.0,0.0
2023-12-28 00:00:00+09:00,3050.0,3075.0,3035.0,3070.0,123909,0.0,0.0,0.0
2024-01-02 00:00:00+09:00,3070.0,3095.0,3020.0,3055.0,238497,0.0,0.0,0.0
2024-01-03 00:00:00+09:00,3050.0,3800.0,2995.0,3220.0,4730534,0.0,0.0,0.0
2024-01-04 00:00:00+09:00,3225.0,3245.0,3155.0,3175.0,585939,0.0,0.0,0.0
2024-01-05 00:00:00+09:00,3180.0,3240.0,3100.0,3125.0,355730,0.0,0.0,0.0
2024-01-08 00:00:00+09:00,3100.0,3205.0,3065.0,3155.0,380484,0.0,0.0,0.0
2024-01-09 00:00:00+09:00,3200.0,3205.0,3145.0,3155.0,257861,0.0,0.0,0.0
2024-01-10 00:00:00+09:00,3150.0,3155.0,3090.0,3100.0,288848,0.0,0.0,0.0
2024-01-11 00:00:00+09:00,3070.0,3135.0,3050.0,3055.0,285234,0.0,0.0,0.0
2024-01-12 00:00:00+09:00,3055.0,3120.0,3000.0,3100.0,380406,0.0,0.0,0.0
2024-01-15 00:00:00+09:00,3055.0,3090.0,3030.0,3040.0,51690,0.0,0.0,0.0
2024-01-16 00:00:00+09:00,3040.0,3080.0,3005.0,3040.0,124440,0.0,0.0,0.0
2024-01-17 00:00:00+09:00,3040.0,3070.0,2915.0,2945.0,283897,0.0,0.0,0.0
2024-01-18 00:00:00+09:00,2950.0,3085.0,2950.0,3055.0,277928,0.0,0.0,0.0
2024-01-19 00:00:00+09:00,3140.0,3140.0,3010.0,3010.0,273091,0.0,0.0,0.0
2024-01-22 00:00:00+09:00,3055.0,3060.0,2950.0,2965.0,223171,0.0,0.0,0.0
2024-01-23 00:00:00+09:00,2975.0,2995.0,2930.0,2935.0,183351,0.0,0.0,0.0
2024-01-24 00:00:00+09:00,2940.0,2945.0,2875.0,2895.0,212939,0.0,0.0,0.0
2024-01-25 00:00:00+09:00,2945.0,2945.0,2815.0,2840.0,226859,0.0,0.0,0.0
2024-01-26 00:00:00+09:00,2865.0,2910.0,2820.0,2830.0,222578,0.0,0.0,0.0
2024-01-29 00:00:00+09:00,2990.0,2990.0,2870.0,2920.0,522614,0.0,0.0,0.0
2024-01-30 00:00:00+09:00,2925.0,2945.0,2850.0,2860.0,178052,0.0,0.0,0.0
2024-01-31 00:00:00+09:00,2860.0,2885.0,2805.0,2815.0,164784,0.0,0.0,0.0
2024-02-01 00:00:00+09:00,2815.0,2815.0,2325.0,2415.0,915308,0.0,0.0,0.0
2024-02-02 00:00:00+09:00,2415.0,2550.0,2400.0,2520.0,259677,0.0,0.0,0.0
2024-02-05 00:00:00+09:00,2545.0,2545.0,2445.0,2465.0,156005,0.0,0.0,0.0
2024-02-06 00:00:00+09:00,2455.0,2460.0,2405.0,2415.0,180747,0.0,0.0,0.0
2024-02-07 00:00:00+09:00,2415.0,2480.0,2400.0,2450.0,186919,0.0,0.0,0.0
2024-02-08 00:00:00+09:00,2455.0,2760.0,2450.0,2630.0,613634,0.0,0.0,0.0
2024-02-13 00:00:00+09:00,2715.0,2735.0,2545.0,2720.0,466461,0.0,0.0,0.0
2024-02-14 00:00:00+09:00,2720.0,2800.0,2635.0,2765.0,246803,0.0,0.0,0.0
2024-02-15 00:00:00+09:00,2800.0,2880.0,2755.0,2835.0,259234,0.0,0.0,0.0
2024-02-16 00:00:00+09:00,2810.0,2810.0,2375.0,2470.0,1335412,0.0,0.0,0.0
2024-02-19 00:00:00+09:00,2495.0,2570.0,2445.0,2465.0,409933,0.0,0.0,0.0
2024-02-20 00:00:00+09:00,2475.0,2475.0,2400.0,2435.0,297559,0.0,0.0,0.0
2024-02-21 00:00:00+09:00,2420.0,2440.0,2380.0,2410.0,222765,0.0,0.0,0.0
2024-02-22 00:00:00+09:00,2405.0,2455.0,2370.0,2430.0,225763,0.0,0.0,0.0
2024-02-23 00:00:00+09:00,2410.0,2480.0,2350.0,2385.0,290895,0.0,0.0,0.0
2024-02-26 00:00:00+09:00,2410.0,2460.0,2365.0,2375.0,236101,0.0,0.0,0.0
2024-02-27 00:00:00+09:00,2370.0,2385.0,2320.0,2370.0,321965,0.0,0.0,0.0
2024-02-28 00:00:00+09:00,2365.0,2390.0,2260.0,2275.0,292604,0.0,0.0,0.0
2024-02-29 00:00:00+09:00,2295.0,2295.0,2110.0,2175.0,578913,0.0,0.0,0.0
2024-03-04 00:00:00+09:00,2175.0,2220.0,2145.0,2150.0,246242,0.0,0.0,0.0
2024-03-05 00:00:00+09:00,2115.0,2155.0,1802.0,1927.0,1828247,0.0,0.0,0.0
2024-03-06 00:00:00+09:00,1939.0,1955.0,1730.0,1840.0,1950791,0.0,0.0,0.0
2024-03-07 00:00:00+09:00,1855.0,1900.0,1735.0,1796.0,893147,0.0,0.0,0.0
2024-03-08 00:00:00+09:00,1778.0,1810.0,1737.0,1782.0,653221,0.0,0.0,0.0
2024-03-11 00:00:00+09:00,1782.0,1782.0,1782.0,1782.0,0,0.0,0.0,0.0
2024-03-12 00:00:00+09:00,1782.0,1782.0,1782.0,1782.0,0,0.0,0.0,0.0
2024-03-13 00:00:00+09:00,1782.0,1782.0,1782.0,1782.0,0,0.0,0.0,0.0
2024-03-14 00:00:00+09:00,1782.0,1782.0,1782.0,1782.0,0,0.0,0.0,0.0
2024-03-15 00:00:00+09:00,1782.0,1782.0,1782.0,1782.0,0,0.0,0.0,0.0
2024-03-18 00:00:00+09:00,356.3999938964844,356.3999938964844,356.3999938964844,356.3999938964844,0,0.0,0.0,0.0
2024-03-19 00:00:00+09:00,356.3999938964844,356.3999938964844,356.3999938964844,356.3999938964844,0,0.0,0.0,0.0
2024-03-20 00:00:00+09:00,356.3999938964844,356.3999938964844,356.3999938964844,356.3999938964844,0,0.0,0.0,0.0
2024-03-21 00:00:00+09:00,356.3999938964844,356.3999938964844,356.3999938964844,356.3999938964844,0,0.0,0.0,0.0
2024-03-22 00:00:00+09:00,356.3999938964844,356.3999938964844,356.3999938964844,356.3999938964844,0,0.0,0.0,0.0
2024-03-25 00:00:00+09:00,356.3999938964844,356.3999938964844,356.3999938964844,356.3999938964844,0,0.0,0.0,0.0
2024-03-26 00:00:00+09:00,356.3999938964844,356.3999938964844,356.3999938964844,356.3999938964844,0,0.0,0.0,0.0
2024-03-27 00:00:00+09:00,430.0,462.0,399.0,462.0,38064529,0.0,0.0,0.0
2024-03-28 00:00:00+09:00,430.0,440.0,400.0,401.0,15235546,0.0,0.0,0.0
2024-03-29 00:00:00+09:00,407.0,500.0,405.0,458.0,31018361,0.0,0.0,0.0
2024-04-01 00:00:00+09:00,460.0,540.0,460.0,510.0,21443271,0.0,0.0,0.0
2024-04-02 00:00:00+09:00,520.0,534.0,482.0,518.0,6583788,0.0,0.0,0.0
2024-04-03 00:00:00+09:00,518.0,518.0,518.0,518.0,0,0.0,0.0,0.0
2024-04-04 00:00:00+09:00,518.0,518.0,518.0,518.0,0,0.0,0.0,0.0
2024-04-05 00:00:00+09:00,461.0,493.0,363.0,363.0,23602889,0.0,0.0,0.0
2024-04-08 00:00:00+09:00,355.0,380.0,278.0,285.0,22548486,0.0,0.0,0.0
2024-04-09 00:00:00+09:00,280.0,358.0,261.0,264.0,38690032,0.0,0.0,0.0
2024-04-11 00:00:00+09:00,210.0,230.0,192.0,203.0,32176628,0.0,0.0,0.0
2024-04-12 00:00:00+09:00,203.0,203.0,203.0,203.0,0,0.0,0.0,0.0
2024-04-15 00:00:00+09:00,203.0,203.0,203.0,203.0,0,0.0,0.0,0.0
2024-04-16 00:00:00+09:00,203.0,203.0,203.0,203.0,0,0.0,0.0,0.0
2024-04-17 00:00:00+09:00,203.0,203.0,203.0,203.0,0,0.0,0.0,0.0
2024-04-18 00:00:00+09:00,203.0,203.0,203.0,203.0,0,0.0,0.0,0.0
2024-04-19 00:00:00+09:00,203.0,203.0,203.0,203.0,0,0.0,0.0,0.0
2024-04-22 00:00:00+09:00,203.0,203.0,203.0,203.0,0,0.0,0.0,0.0
2024-04-23 00:00:00+09:00,203.0,203.0,203.0,203.0,0,0.0,0.0,0.0
2024-04-24 00:00:00+09:00,203.0,203.0,203.0,203.0,0,0.0,0.0,0.0
2024-04-25 00:00:00+09:00,203.0,203.0,203.0,203.0,0,0.0,0.0,0.0
2024-04-26 00:00:00+09:00,203.0,203.0,203.0,203.0,0,0.0,0.0,0.0
2024-04-29 00:00:00+09:00,203.0,203.0,203.0,203.0,0,0.0,0.0,0.0
2024-04-30 00:00:00+09:00,203.0,203.0,203.0,203.0,0,0.0,0.0,0.0
2024-05-02 00:00:00+09:00,203.0,203.0,203.0,203.0,0,0.0,0.0,0.0
2024-05-03 00:00:00+09:00,203.0,203.0,203.0,203.0,0,0.0,0.0,0.0
2024-05-07 00:00:00+09:00,203.0,203.0,203.0,203.0,0,0.0,0.0,0.0
2024-05-08 00:00:00+09:00,203.0,203.0,203.0,203.0,0,0.0,0.0,0.0
2024-05-09 00:00:00+09:00,203.0,203.0,203.0,203.0,0,0.0,0.0,0.0
2024-05-10 00:00:00+09:00,203.0,203.0,203.0,203.0,0,0.0,0.0,0.0
2024-05-13 00:00:00+09:00,203.0,203.0,203.0,203.0,0,0.0,0.0,0.0
2024-05-14 00:00:00+09:00,203.0,203.0,203.0,203.0,0,0.0,0.0,0.0
2024-05-16 00:00:00+09:00,203.0,203.0,203.0,203.0,0,0.0,0.0,0.0
2024-05-17 00:00:00+09:00,203.0,203.0,203.0,203.0,0,0.0,0.0,0.0
2024-05-20 00:00:00+09:00,203.0,203.0,203.0,203.0,0,0.0,0.0,0.0
2024-05-21 00:00:00+09:00,203.0,203.0,203.0,203.0,0,0.0,0.0,0.0
2024-05-22 00:00:00+09:00,203.0,203.0,203.0,203.0,0,0.0,0.0,0.0
2024-05-23 00:00:00+09:00,203.0,203.0,203.0,203.0,0,0.0,0.0,0.0
2024-05-24 00:00:00+09:00,203.0,203.0,203.0,203.0,0,0.0,0.0,0.0
2024-05-27 00:00:00+09:00,203.0,203.0,203.0,203.0,0,0.0,0.0,0.0
2024-05-28 00:00:00+09:00,203.0,203.0,203.0,203.0,0,0.0,0.0,0.0
2024-05-29 00:00:00+09:00,203.0,203.0,203.0,203.0,0,0.0,0.0,0.0
2024-05-30 00:00:00+09:00,203.0,203.0,203.0,203.0,0,0.0,0.0,0.0
2024-05-31 00:00:00+09:00,203.0,203.0,203.0,203.0,0,0.0,0.0,0.0
2024-06-03 00:00:00+09:00,203.0,203.0,203.0,203.0,0,0.0,0.0,0.0
2024-06-04 00:00:00+09:00,203.0,203.0,203.0,203.0,0,0.0,0.0,0.0
2024-06-05 00:00:00+09:00,203.0,203.0,203.0,203.0,0,0.0,0.0,0.0
2024-06-07 00:00:00+09:00,203.0,203.0,203.0,203.0,0,0.0,0.0,0.0
2024-06-10 00:00:00+09:00,203.0,203.0,203.0,203.0,0,0.0,0.0,0.0
2024-06-11 00:00:00+09:00,203.0,203.0,203.0,203.0,0,0.0,0.0,0.0
2024-06-12 00:00:00+09:00,203.0,203.0,203.0,203.0,0,0.0,0.0,0.0
2024-06-13 00:00:00+09:00,203.0,203.0,203.0,203.0,0,0.0,0.0,0.0
2024-06-14 00:00:00+09:00,203.0,203.0,203.0,203.0,0,0.0,0.0,0.0
2024-06-17 00:00:00+09:00,203.0,203.0,203.0,203.0,0,0.0,0.0,0.0
2024-06-18 00:00:00+09:00,203.0,203.0,203.0,203.0,0,0.0,0.0,0.0
2024-06-19 00:00:00+09:00,203.0,203.0,203.0,203.0,0,0.0,0.0,0.0
2024-06-20 00:00:00+09:00,203.0,203.0,203.0,203.0,0,0.0,0.0,0.0
2024-06-21 00:00:00+09:00,203.0,203.0,203.0,203.0,0,0.0,0.0,0.0
2024-06-24 00:00:00+09:00,203.0,203.0,203.0,203.0,0,0.0,0.0,0.0
2024-06-25 00:00:00+09:00,203.0,203.0,203.0,203.0,0,0.0,0.0,0.0
2024-06-26 00:00:00+09:00,203.0,203.0,203.0,203.0,0,0.0,0.0,0.0
2024-06-27 00:00:00+09:00,203.0,203.0,203.0,203.0,0,0.0,0.0,0.0
2024-06-28 00:00:00+09:00,203.0,203.0,203.0,203.0,0,0.0,0.0,0.0
2024-07-01 00:00:00+09:00,203.0,203.0,203.0,203.0,0,0.0,0.0,0.0
2024-07-02 00:00:00+09:00,203.0,203.0,203.0,203.0,0,0.0,0.0,0.0
2024-07-03 00:00:00+09:00,203.0,203.0,203.0,203.0,0,0.0,0.0,0.0
2024-07-04 00:00:00+09:00,203.0,203.0,203.0,203.0,0,0.0,0.0,0.0
2024-07-05 00:00:00+09:00,203.0,203.0,203.0,203.0,0,0.0,0.0,0.0
2024-07-08 00:00:00+09:00,203.0,203.0,203.0,203.0,0,0.0,0.0,0.0
2024-07-09 00:00:00+09:00,203.0,203.0,203.0,203.0,0,0.0,0.0,0.0
2024-07-10 00:00:00+09:00,203.0,203.0,203.0,203.0,0,0.0,0.0,0.0
2024-07-11 00:00:00+09:00,203.0,203.0,203.0,203.0,0,0.0,0.0,0.0
2024-07-12 00:00:00+09:00,203.0,203.0,203.0,203.0,0,0.0,0.0,0.0
2024-07-15 00:00:00+09:00,203.0,203.0,203.0,203.0,0,0.0,0.0,0.0
2024-07-16 00:00:00+09:00,203.0,203.0,203.0,203.0,0,0.0,0.0,0.0
2024-07-17 00:00:00+09:00,203.0,203.0,203.0,203.0,0,0.0,0.0,0.0
2024-07-18 00:00:00+09:00,203.0,203.0,203.0,203.0,0,0.0,0.0,0.0
2024-07-19 00:00:00+09:00,203.0,203.0,203.0,203.0,0,0.0,0.0,0.0
2024-07-22 00:00:00+09:00,203.0,203.0,203.0,203.0,0,0.0,0.0,0.0
2024-07-23 00:00:00+09:00,203.0,203.0,203.0,203.0,0,0.0,0.0,0.0
2024-07-24 00:00:00+09:00,203.0,203.0,203.0,203.0,0,0.0,0.0,0.0
2024-07-25 00:00:00+09:00,203.0,203.0,203.0,203.0,0,0.0,0.0,0.0
2024-07-26 00:00:00+09:00,203.0,203.0,203.0,203.0,0,0.0,0.0,0.0
2024-07-29 00:00:00+09:00,203.0,203.0,203.0,203.0,0,0.0,0.0,0.0
2024-07-30 00:00:00+09:00,203.0,203.0,203.0,203.0,0,0.0,0.0,0.0
2024-07-31 00:00:00+09:00,203.0,203.0,203.0,203.0,0,0.0,0.0,0.0
2024-08-01 00:00:00+09:00,203.0,203.0,203.0,203.0,0,0.0,0.0,0.0
2024-08-02 00:00:00+09:00,203.0,203.0,203.0,203.0,0,0.0,0.0,0.0
2024-08-05 00:00:00+09:00,203.0,203.0,203.0,203.0,0,0.0,0.0,0.0
2024-08-06 00:00:00+09:00,203.0,203.0,203.0,203.0,0,0.0,0.0,0.0
2024-08-07 00:00:00+09:00,203.0,203.0,203.0,203.0,0,0.0,0.0,0.0
2024-08-08 00:00:00+09:00,203.0,203.0,203.0,203.0,0,0.0,0.0,0.0
2024-08-09 00:00:00+09:00,203.0,203.0,203.0,203.0,0,0.0,0.0,0.0
2024-08-12 00:00:00+09:00,203.0,203.0,203.0,203.0,0,0.0,0.0,0.0
2024-08-13 00:00:00+09:00,203.0,203.0,203.0,203.0,0,0.0,0.0,0.0
2024-08-14 00:00:00+09:00,203.0,203.0,203.0,203.0,0,0.0,0.0,0.0
2024-08-16 00:00:00+09:00,203.0,203.0,203.0,203.0,0,0.0,0.0,0.0
2024-08-19 00:00:00+09:00,203.0,203.0,203.0,203.0,0,0.0,0.0,0.0
2024-08-20 00:00:00+09:00,203.0,203.0,203.0,203.0,0,0.0,0.0,0.0
2024-08-21 00:00:00+09:00,203.0,203.0,203.0,203.0,0,0.0,0.0,0.0
2024-08-22 00:00:00+09:00,203.0,203.0,203.0,203.0,0,0.0,0.0,0.0
2024-08-23 00:00:00+09:00,203.0,203.0,203.0,203.0,0,0.0,0.0,0.0
2024-08-26 00:00:00+09:00,203.0,203.0,203.0,203.0,0,0.0,0.0,0.0
2024-08-27 00:00:00+09:00,203.0,203.0,203.0,203.0,0,0.0,0.0,0.0
2024-08-28 00:00:00+09:00,203.0,203.0,203.0,203.0,0,0.0,0.0,0.0
2024-08-29 00:00:00+09:00,203.0,203.0,203.0,203.0,0,0.0,0.0,0.0
2024-08-30 00:00:00+09:00,203.0,203.0,203.0,203.0,0,0.0,0.0,0.0
2024-09-02 00:00:00+09:00,203.0,203.0,203.0,203.0,0,0.0,0.0,0.0
2024-09-03 00:00:00+09:00,203.0,203.0,203.0,203.0,0,0.0,0.0,0.0
2024-09-04 00:00:00+09:00,203.0,203.0,203.0,203.0,0,0.0,0.0,0.0
2024-09-05 00:00:00+09:00,203.0,203.0,203.0,203.0,0,0.0,0.0,0.0
2024-09-06 00:00:00+09:00,203.0,203.0,203.0,203.0,0,0.0,0.0,0.0
2024-09-09 00:00:00+09:00,203.0,203.0,203.0,203.0,0,0.0,0.0,0.0
2024-09-10 00:00:00+09:00,203.0,203.0,203.0,203.0,0,0.0,0.0,0.0
2024-09-11 00:00:00+09:00,203.0,203.0,203.0,203.0,0,0.0,0.0,0.0
2024-09-12 00:00:00+09:00,203.0,203.0,203.0,203.0,0,0.0,0.0,0.0
2024-09-13 00:00:00+09:00,203.0,203.0,203.0,203.0,0,0.0,0.0,0.0
2024-09-19 00:00:00+09:00,203.0,203.0,203.0,203.0,0,0.0,0.0,0.0
2024-09-20 00:00:00+09:00,203.0,203.0,203.0,203.0,0,0.0,0.0,0.0
