Date,Open,High,Low,Close,Volume,Dividends,Stock Splits
2002-03-14 00:00:00+09:00,222.93548920710776,223.97239214516006,207.9003143310547,207.9003143310547,941200,0.0,0.0
2002-03-15 00:00:00+09:00,207.38179016113284,217.2324057564913,197.53115399720787,207.3817901611328,218400,0.0,0.0
2002-03-18 00:00:00+09:00,204.78953503246396,206.86334040309458,199.60498046875003,199.60498046875,27300,0.0,0.0
2002-03-19 00:00:00+09:00,200.12347005457715,207.38185194455176,199.60501861284453,205.82647705078125,33800,0.0,0.0
2002-03-20 00:00:00+09:00,204.7895470995182,205.30799847272516,200.12344360351562,200.12344360351562,19500,0.0,0.0
2002-03-21 00:00:00+09:00,200.12344360351562,200.12344360351562,200.12344360351562,200.12344360351562,0,0.0,0.0
2002-03-22 00:00:00+09:00,200.6418822894245,207.38179016113284,200.123410433583,207.3817901611328,15600,0.0,0.0
2002-03-25 00:00:00+09:00,212.5663236024496,212.5663236024496,207.38179016113284,207.3817901611328,20800,0.0,0.0
2002-03-26 00:00:00+09:00,203.94744873046875,203.94744873046875,203.94744873046875,203.94744873046875,2600,5.769231,0.0
2002-03-27 00:00:00+09:00,206.06090194073226,206.06090194073226,203.94744873046875,203.94744873046875,14300,0.0,0.0
2002-03-28 00:00:00+09:00,203.94744873046875,203.94744873046875,203.94744873046875,203.94744873046875,6500,0.0,0.0
2002-03-29 00:00:00+09:00,206.06090194073226,206.06090194073226,203.94744873046875,203.94744873046875,5200,0.0,0.0
2002-04-01 00:00:00+09:00,203.94742654242313,203.94742654242313,198.13546752929685,198.13546752929688,26000,0.0,0.0
2002-04-02 00:00:00+09:00,198.1355096669731,198.1355096669731,195.4936981201172,195.4936981201172,6500,0.0,0.0
2002-04-03 00:00:00+09:00,198.13549236034262,200.77728271484375,198.13549236034262,200.77728271484375,7800,0.0,0.0
2002-04-04 00:00:00+09:00,196.02206420898435,196.02206420898435,196.02206420898435,196.02206420898438,1300,0.0,0.0
2002-04-05 00:00:00+09:00,195.49369443158102,195.49369443158102,190.21007143755958,192.8518829345703,22100,0.0,0.0
2002-04-08 00:00:00+09:00,192.8518829345703,195.49369443158102,192.8518829345703,192.8518829345703,3900,0.0,0.0
2002-04-09 00:00:00+09:00,192.85189466552146,192.85189466552146,190.2100830078125,190.2100830078125,14300,0.0,0.0
2002-04-10 00:00:00+09:00,190.21007502640543,195.4936981201172,190.21007502640543,195.4936981201172,7800,0.0,0.0
2002-04-11 00:00:00+09:00,195.49370632323044,195.49370632323044,190.2100830078125,190.2100830078125,2600,0.0,0.0
2002-04-12 00:00:00+09:00,192.8518829345703,192.8518829345703,192.8518829345703,192.8518829345703,2600,0.0,0.0
2002-04-15 00:00:00+09:00,190.2100830078125,190.2100830078125,190.2100830078125,190.2100830078125,6500,0.0,0.0
2002-04-16 00:00:00+09:00,190.2100830078125,190.2100830078125,190.2100830078125,190.2100830078125,0,0.0,0.0
2002-04-17 00:00:00+09:00,190.2100830078125,190.2100830078125,190.2100830078125,190.2100830078125,0,0.0,0.0
2002-04-18 00:00:00+09:00,190.2100541900428,190.2100541900428,184.92645263671875,184.92645263671875,3900,0.0,0.0
2002-04-19 00:00:00+09:00,184.92644865170442,184.92644865170442,180.17118429842617,182.28463745117188,5200,0.0,0.0
2002-04-22 00:00:00+09:00,182.28464333182404,182.28464333182404,174.88758850097656,174.88758850097656,11700,0.0,0.0
2002-04-23 00:00:00+09:00,175.41595922235575,175.41595922235575,169.60398864746094,169.60398864746094,7800,0.0,0.0
2002-04-24 00:00:00+09:00,174.3592646705228,180.69961547851562,174.3592646705228,180.69961547851562,7800,0.0,0.0
2002-04-25 00:00:00+09:00,195.49369443158102,195.49369443158102,190.21007143755958,192.8518829345703,20800,0.0,0.0
2002-04-26 00:00:00+09:00,194.9652862548828,194.9652862548828,194.9652862548828,194.9652862548828,1300,0.0,0.0
2002-04-29 00:00:00+09:00,194.9652862548828,194.9652862548828,194.9652862548828,194.9652862548828,0,0.0,0.0
2002-04-30 00:00:00+09:00,194.9652862548828,194.9652862548828,194.9652862548828,194.9652862548828,0,0.0,0.0
2002-05-01 00:00:00+09:00,194.9652862548828,194.9652862548828,194.9652862548828,194.9652862548828,0,0.0,0.0
2002-05-02 00:00:00+09:00,189.15337738771922,192.32354736328125,189.15337738771922,192.32354736328125,2600,0.0,0.0
2002-05-03 00:00:00+09:00,192.32354736328125,192.32354736328125,192.32354736328125,192.32354736328125,0,0.0,0.0
2002-05-06 00:00:00+09:00,192.32354736328125,192.32354736328125,192.32354736328125,192.32354736328125,0,0.0,0.0
2002-05-07 00:00:00+09:00,192.32354736328125,192.32354736328125,192.32354736328125,192.32354736328125,0,0.0,0.0
2002-05-08 00:00:00+09:00,192.32354736328125,192.32354736328125,192.32354736328125,192.32354736328125,0,0.0,0.0
2002-05-09 00:00:00+09:00,192.32354736328125,192.32354736328125,192.32354736328125,192.32354736328125,0,0.0,0.0
2002-05-10 00:00:00+09:00,184.92645263671875,184.92645263671875,184.92645263671875,184.92645263671875,1300,0.0,0.0
2002-05-13 00:00:00+09:00,187.56826782226562,187.56826782226562,187.56826782226562,187.56826782226562,3900,0.0,0.0
2002-05-14 00:00:00+09:00,187.56826389418018,187.56826389418018,184.92645263671875,184.92645263671875,19500,0.0,0.0
2002-05-15 00:00:00+09:00,184.92645263671875,184.92645263671875,184.92645263671875,184.92645263671875,0,0.0,0.0
2002-05-16 00:00:00+09:00,182.28463745117188,182.28463745117188,182.28463745117188,182.28463745117188,1300,0.0,0.0
2002-05-17 00:00:00+09:00,182.28463745117188,182.28463745117188,182.28463745117188,182.28463745117188,0,0.0,0.0
2002-05-20 00:00:00+09:00,183.869740369004,187.56826782226562,183.869740369004,187.56826782226562,2600,0.0,0.0
2002-05-21 00:00:00+09:00,189.15335083007812,195.49368989100145,189.15335083007812,189.15335083007812,14300,0.0,0.0
2002-05-22 00:00:00+09:00,190.21006242562672,190.21006242562672,180.17119598189643,185.45481872558594,22100,0.0,0.0
2002-05-23 00:00:00+09:00,187.56826782226562,187.56826782226562,187.56826782226562,187.56826782226562,1300,0.0,0.0
2002-05-24 00:00:00+09:00,200.77730527382028,200.77730527382028,198.13551462249228,200.2489471435547,22100,0.0,0.0
2002-05-27 00:00:00+09:00,187.03988647460938,187.03988647460938,187.03988647460938,187.03988647460938,1300,0.0,0.0
2002-05-28 00:00:00+09:00,199.19223425938222,199.19223425938222,190.2100830078125,190.2100830078125,7800,0.0,0.0
2002-05-29 00:00:00+09:00,190.73844607610906,190.73844607610906,189.15335083007812,189.15335083007812,5200,0.0,0.0
2002-05-30 00:00:00+09:00,190.2100589584651,190.2100589584651,188.62498474121094,188.62498474121094,2600,0.0,0.0
2002-05-31 00:00:00+09:00,188.62498474121094,188.62498474121094,188.62498474121094,188.62498474121094,0,0.0,0.0
2002-06-03 00:00:00+09:00,183.86973571777344,183.86973571777344,183.86973571777344,183.86973571777344,5200,0.0,0.0
2002-06-04 00:00:00+09:00,184.92645263671875,184.92645263671875,184.92645263671875,184.92645263671875,1300,0.0,0.0
2002-06-05 00:00:00+09:00,184.92644865170442,184.92644865170442,182.28463745117188,182.28463745117188,10400,0.0,0.0
2002-06-06 00:00:00+09:00,184.92645263671875,184.92645263671875,184.92645263671875,184.92645263671875,2600,0.0,0.0
2002-06-07 00:00:00+09:00,184.92645263671875,184.92645263671875,184.92645263671875,184.92645263671875,5200,0.0,0.0
2002-06-10 00:00:00+09:00,184.92645263671875,184.92645263671875,184.92645263671875,184.92645263671875,0,0.0,0.0
2002-06-11 00:00:00+09:00,185.45481872558594,185.45481872558594,185.45481872558594,185.45481872558594,2600,0.0,0.0
2002-06-12 00:00:00+09:00,185.9832000732422,185.9832000732422,185.9832000732422,185.9832000732422,1300,0.0,0.0
2002-06-13 00:00:00+09:00,185.9832000732422,185.9832000732422,185.9832000732422,185.9832000732422,0,0.0,0.0
2002-06-14 00:00:00+09:00,185.9832000732422,185.9832000732422,185.9832000732422,185.9832000732422,2600,0.0,0.0
2002-06-17 00:00:00+09:00,196.55036016906126,196.55036016906126,194.9652862548828,194.9652862548828,5200,0.0,0.0
2002-06-18 00:00:00+09:00,184.92645263671875,184.92645263671875,184.92645263671875,184.92645263671875,2600,0.0,0.0
2002-06-19 00:00:00+09:00,185.9832000732422,185.9832000732422,185.9832000732422,185.9832000732422,1300,0.0,0.0
2002-06-20 00:00:00+09:00,185.9832000732422,185.9832000732422,185.9832000732422,185.9832000732422,0,0.0,0.0
2002-06-21 00:00:00+09:00,188.0966258925031,188.0966258925031,187.56826782226562,187.56826782226562,6500,0.0,0.0
2002-06-24 00:00:00+09:00,187.5682923117055,190.2100830078125,187.5682923117055,190.2100830078125,3900,0.0,0.0
2002-06-25 00:00:00+09:00,190.21007502640543,195.4936981201172,190.21007502640543,195.4936981201172,22100,0.0,0.0
2002-06-26 00:00:00+09:00,195.4936981201172,195.4936981201172,195.4936981201172,195.4936981201172,0,0.0,0.0
2002-06-27 00:00:00+09:00,195.4936981201172,195.4936981201172,195.4936981201172,195.4936981201172,0,0.0,0.0
2002-06-28 00:00:00+09:00,187.56826782226562,187.56826782226562,187.56826782226562,187.56826782226562,1300,0.0,0.0
2002-07-01 00:00:00+09:00,188.09664916992188,188.09664916992188,187.56829103429877,188.09664916992188,5200,0.0,0.0
2002-07-02 00:00:00+09:00,187.56826389418018,187.56826389418018,184.92645263671875,184.92645263671875,5200,0.0,0.0
2002-07-03 00:00:00+09:00,184.92645263671875,184.92645263671875,184.92645263671875,184.92645263671875,0,0.0,0.0
2002-07-04 00:00:00+09:00,184.92645263671875,184.92645263671875,184.92645263671875,184.92645263671875,3900,0.0,0.0
2002-07-05 00:00:00+09:00,184.39810256148792,185.45481872558594,184.39810256148792,185.45481872558594,5200,0.0,0.0
2002-07-08 00:00:00+09:00,185.45481872558594,185.45481872558594,185.45481872558594,185.45481872558594,0,0.0,0.0
2002-07-09 00:00:00+09:00,186.51155822138625,186.51155822138625,185.9832000732422,185.9832000732422,14300,0.0,0.0
2002-07-10 00:00:00+09:00,185.98316875506382,185.98316875506382,184.92645263671875,184.92645263671875,10400,0.0,0.0
2002-07-11 00:00:00+09:00,184.92645263671875,184.92645263671875,184.92645263671875,184.92645263671875,3900,0.0,0.0
2002-07-12 00:00:00+09:00,183.34136962890625,183.34136962890625,183.34136962890625,183.34136962890625,1300,0.0,0.0
2002-07-15 00:00:00+09:00,183.34136962890625,183.34136962890625,183.34136962890625,183.34136962890625,0,0.0,0.0
2002-07-16 00:00:00+09:00,183.34136962890625,183.34136962890625,183.34136962890625,183.34136962890625,0,0.0,0.0
2002-07-17 00:00:00+09:00,183.34136962890625,183.34136962890625,183.34136962890625,183.34136962890625,0,0.0,0.0
2002-07-18 00:00:00+09:00,182.81300354003906,182.81300354003906,182.81300354003906,182.81300354003906,1300,0.0,0.0
2002-07-19 00:00:00+09:00,183.86974064369198,183.86974064369198,182.81300354003906,182.81300354003906,2600,0.0,0.0
2002-07-22 00:00:00+09:00,182.81300354003906,182.81300354003906,182.81300354003906,182.81300354003906,0,0.0,0.0
2002-07-23 00:00:00+09:00,182.81304827984292,182.81304827984292,180.69961547851562,180.69961547851562,6500,0.0,0.0
2002-07-24 00:00:00+09:00,192.32354736328125,192.32354736328125,192.32354736328125,192.32354736328125,1300,0.0,0.0
2002-07-25 00:00:00+09:00,195.49369743155185,195.49369743155185,194.43698120117188,194.43698120117188,40300,0.0,0.0
2002-07-26 00:00:00+09:00,183.86974064369198,183.86974064369198,182.81300354003906,182.81300354003906,9100,0.0,0.0
2002-07-29 00:00:00+09:00,182.81300354003906,182.81300354003906,182.81300354003906,182.81300354003906,0,0.0,0.0
2002-07-30 00:00:00+09:00,190.2100830078125,190.2100830078125,190.2100830078125,190.2100830078125,1300,0.0,0.0
2002-07-31 00:00:00+09:00,190.2100830078125,190.2100830078125,190.2100830078125,190.2100830078125,0,0.0,0.0
2002-08-01 00:00:00+09:00,190.2100830078125,190.2100830078125,190.2100830078125,190.2100830078125,0,0.0,0.0
2002-08-02 00:00:00+09:00,190.2100830078125,190.2100830078125,190.2100830078125,190.2100830078125,0,0.0,0.0
2002-08-05 00:00:00+09:00,190.2100830078125,190.2100830078125,190.2100830078125,190.2100830078125,0,0.0,0.0
2002-08-06 00:00:00+09:00,179.6428152334793,179.6428152334793,169.07559204101562,169.07559204101562,3900,0.0,0.0
2002-08-07 00:00:00+09:00,170.1323185525814,170.1323185525814,169.07559204101562,169.07559204101562,10400,0.0,0.0
2002-08-08 00:00:00+09:00,169.07559204101562,169.07559204101562,169.07559204101562,169.07559204101562,0,0.0,0.0
2002-08-09 00:00:00+09:00,174.3592609857874,177.00108337402344,174.3592609857874,177.00108337402344,3900,0.0,0.0
2002-08-12 00:00:00+09:00,177.00108337402344,177.00108337402344,177.00108337402344,177.00108337402344,0,0.0,0.0
2002-08-13 00:00:00+09:00,177.00108337402344,177.00108337402344,177.00108337402344,177.00108337402344,0,0.0,0.0
2002-08-14 00:00:00+09:00,177.00108337402344,177.00108337402344,177.00108337402344,177.00108337402344,0,0.0,0.0
2002-08-15 00:00:00+09:00,177.00108337402344,177.00108337402344,177.00108337402344,177.00108337402344,0,0.0,0.0
2002-08-16 00:00:00+09:00,175.4159393310547,175.4159393310547,175.4159393310547,175.4159393310547,1300,0.0,0.0
2002-08-19 00:00:00+09:00,175.4159393310547,175.4159393310547,175.4159393310547,175.4159393310547,0,0.0,0.0
2002-08-20 00:00:00+09:00,177.00106215408653,179.64285278320312,177.00106215408653,179.64285278320312,2600,0.0,0.0
2002-08-21 00:00:00+09:00,180.1711883544922,180.1711883544922,180.1711883544922,180.1711883544922,0,0.0,0.0
2002-08-22 00:00:00+09:00,183.8697602662546,186.5115509033203,183.8697602662546,186.5115509033203,2600,0.0,0.0
2002-08-23 00:00:00+09:00,186.5115509033203,186.5115509033203,186.5115509033203,186.5115509033203,0,0.0,0.0
2002-08-26 00:00:00+09:00,190.2100830078125,190.2100830078125,190.2100830078125,190.2100830078125,0,0.0,0.0
2002-08-27 00:00:00+09:00,190.2100830078125,190.2100830078125,190.2100830078125,190.2100830078125,0,0.0,0.0
2002-08-28 00:00:00+09:00,190.2100830078125,190.2100830078125,190.2100830078125,190.2100830078125,0,0.0,0.0
2002-08-29 00:00:00+09:00,190.2100830078125,190.2100830078125,190.2100830078125,190.2100830078125,0,0.0,0.0
2002-08-30 00:00:00+09:00,189.68173217773438,189.68173217773438,189.68173217773438,189.68173217773438,0,0.0,0.0
2002-09-02 00:00:00+09:00,189.68173217773438,189.68173217773438,189.68173217773438,189.68173217773438,0,0.0,0.0
2002-09-03 00:00:00+09:00,189.68173217773438,189.68173217773438,189.68173217773438,189.68173217773438,0,0.0,0.0
2002-09-04 00:00:00+09:00,189.68173217773438,189.68173217773438,189.68173217773438,189.68173217773438,0,0.0,0.0
2002-09-05 00:00:00+09:00,188.0966258925031,188.0966258925031,187.56826782226562,187.56826782226562,3900,0.0,0.0
2002-09-06 00:00:00+09:00,177.52939246481608,179.64282463697933,175.4159393310547,175.4159393310547,5200,0.0,0.0
2002-09-09 00:00:00+09:00,175.4159393310547,175.4159393310547,175.4159393310547,175.4159393310547,2600,0.0,0.0
2002-09-10 00:00:00+09:00,175.94432067871094,175.94432067871094,175.94432067871094,175.94432067871094,2600,0.0,0.0
2002-09-11 00:00:00+09:00,177.00108337402344,177.00108337402344,177.00108337402344,177.00108337402344,5200,0.0,0.0
2002-09-12 00:00:00+09:00,172.77419410639123,177.52944946289062,169.07565517524566,177.52944946289062,10400,0.0,0.0
2002-09-13 00:00:00+09:00,169.60400782847333,169.60400782847333,166.433837890625,166.433837890625,5200,0.0,0.0
2002-09-16 00:00:00+09:00,166.433837890625,166.433837890625,166.433837890625,166.433837890625,0,0.0,0.0
2002-09-17 00:00:00+09:00,169.07559204101562,169.07559204101562,169.07559204101562,169.07559204101562,0,0.0,0.0
2002-09-18 00:00:00+09:00,169.07559204101562,169.07559204101562,169.07559204101562,169.07559204101562,6500,0.0,0.0
2002-09-19 00:00:00+09:00,170.1323699951172,170.1323699951172,170.1323699951172,170.1323699951172,1300,0.0,0.0
2002-09-20 00:00:00+09:00,170.1323699951172,170.1323699951172,170.1323699951172,170.1323699951172,2600,0.0,0.0
2002-09-23 00:00:00+09:00,170.1323699951172,170.1323699951172,170.1323699951172,170.1323699951172,0,0.0,0.0
2002-09-24 00:00:00+09:00,174.35923767089844,179.6428502984529,174.35923767089844,174.35923767089844,14300,0.0,0.0
2002-09-25 00:00:00+09:00,179.64286689505593,184.39813232421875,179.64286689505593,184.39813232421875,19500,0.0,0.0
2002-09-26 00:00:00+09:00,182.81300354003906,182.81300354003906,182.81300354003906,182.81300354003906,0,0.0,0.0
2002-09-27 00:00:00+09:00,182.81300354003906,182.81300354003906,182.81300354003906,182.81300354003906,0,0.0,0.0
2002-09-30 00:00:00+09:00,182.81300354003906,182.81300354003906,182.81300354003906,182.81300354003906,0,0.0,0.0
2002-10-01 00:00:00+09:00,182.81300354003906,182.81300354003906,182.81300354003906,182.81300354003906,0,0.0,0.0
2002-10-02 00:00:00+09:00,182.81300354003906,182.81300354003906,182.81300354003906,182.81300354003906,0,0.0,0.0
2002-10-03 00:00:00+09:00,182.28463745117188,182.28463745117188,182.28463745117188,182.28463745117188,0,0.0,0.0
2002-10-04 00:00:00+09:00,183.34136962890625,183.34136962890625,183.34136962890625,183.34136962890625,5200,0.0,0.0
2002-10-07 00:00:00+09:00,182.81300354003906,182.81300354003906,182.81300354003906,182.81300354003906,0,0.0,0.0
2002-10-08 00:00:00+09:00,168.54727172851562,168.54727172851562,168.54727172851562,168.54727172851562,1300,0.0,0.0
2002-10-09 00:00:00+09:00,168.54727172851562,168.54727172851562,168.54727172851562,168.54727172851562,0,0.0,0.0
2002-10-10 00:00:00+09:00,168.01890563964844,168.01890563964844,168.01890563964844,168.01890563964844,1300,0.0,0.0
2002-10-11 00:00:00+09:00,165.9054718017578,165.9054718017578,165.9054718017578,165.9054718017578,2600,0.0,0.0
2002-10-14 00:00:00+09:00,165.9054718017578,165.9054718017578,165.9054718017578,165.9054718017578,0,0.0,0.0
2002-10-15 00:00:00+09:00,168.54727172851562,168.54727172851562,168.54727172851562,168.54727172851562,1300,0.0,0.0
2002-10-16 00:00:00+09:00,173.83086189051284,174.88758850097656,173.83086189051284,174.88758850097656,6500,0.0,0.0
2002-10-17 00:00:00+09:00,174.35923767089844,174.35923767089844,174.35923767089844,174.35923767089844,0,0.0,0.0
2002-10-18 00:00:00+09:00,174.35923145372078,174.35923145372078,172.24578857421875,172.24578857421875,7800,0.0,0.0
2002-10-21 00:00:00+09:00,174.35923767089844,174.35923767089844,174.35923767089844,174.35923767089844,1300,0.0,0.0
2002-10-22 00:00:00+09:00,177.00108337402344,177.00108337402344,177.00108337402344,177.00108337402344,3900,0.0,0.0
2002-10-23 00:00:00+09:00,174.35922334161867,174.35922334161867,171.71742248535156,171.71742248535156,6500,0.0,0.0
2002-10-24 00:00:00+09:00,171.7174279981741,173.30251275514183,171.7174279981741,172.77415466308594,9100,0.0,0.0
2002-10-25 00:00:00+09:00,171.71742080261686,173.30250549316406,171.71742080261686,173.30250549316406,23400,0.0,0.0
2002-10-28 00:00:00+09:00,172.77415466308594,172.77415466308594,172.77415466308594,172.77415466308594,0,0.0,0.0
2002-10-29 00:00:00+09:00,172.77415466308594,172.77415466308594,172.77415466308594,172.77415466308594,0,0.0,0.0
2002-10-30 00:00:00+09:00,172.77415466308594,172.77415466308594,172.77415466308594,172.77415466308594,0,0.0,0.0
2002-10-31 00:00:00+09:00,172.77415466308594,172.77415466308594,172.77415466308594,172.77415466308594,0,0.0,0.0
2002-11-01 00:00:00+09:00,172.24578857421875,172.24578857421875,172.24578857421875,172.24578857421875,0,0.0,0.0
2002-11-04 00:00:00+09:00,172.24578857421875,172.24578857421875,172.24578857421875,172.24578857421875,0,0.0,0.0
2002-11-05 00:00:00+09:00,172.24578857421875,172.24578857421875,172.24578857421875,172.24578857421875,3900,0.0,0.0
2002-11-06 00:00:00+09:00,172.24578857421875,172.24578857421875,172.24578857421875,172.24578857421875,0,0.0,0.0
2002-11-07 00:00:00+09:00,172.24578857421875,172.24578857421875,172.24578857421875,172.24578857421875,0,0.0,0.0
2002-11-08 00:00:00+09:00,171.71742248535156,171.71742248535156,171.71742248535156,171.71742248535156,0,0.0,0.0
2002-11-11 00:00:00+09:00,169.07559204101562,169.07559204101562,169.07559204101562,169.07559204101562,0,0.0,0.0
2002-11-12 00:00:00+09:00,168.54727172851562,168.54727172851562,168.54727172851562,168.54727172851562,0,0.0,0.0
2002-11-13 00:00:00+09:00,168.54727172851562,168.54727172851562,168.54727172851562,168.54727172851562,0,0.0,0.0
2002-11-14 00:00:00+09:00,168.54727172851562,168.54727172851562,168.54727172851562,168.54727172851562,0,0.0,0.0
2002-11-15 00:00:00+09:00,168.54727172851562,168.54727172851562,168.54727172851562,168.54727172851562,0,0.0,0.0
2002-11-18 00:00:00+09:00,168.54727172851562,168.54727172851562,168.54727172851562,168.54727172851562,0,0.0,0.0
2002-11-19 00:00:00+09:00,168.54727172851562,168.54727172851562,168.54727172851562,168.54727172851562,0,0.0,0.0
2002-11-20 00:00:00+09:00,163.79202048047912,163.79202048047912,158.50840759277344,158.50840759277344,6500,0.0,0.0
2002-11-21 00:00:00+09:00,158.50840759277344,158.50840759277344,158.50840759277344,158.50840759277344,7800,0.0,0.0
2002-11-22 00:00:00+09:00,159.5651398522208,166.433837890625,159.5651398522208,166.433837890625,5200,0.0,0.0
2002-11-25 00:00:00+09:00,165.90544536215106,165.90544536215106,163.7919921875,163.7919921875,26000,0.0,0.0
2002-11-26 00:00:00+09:00,173.8308868408203,173.8308868408203,173.8308868408203,173.8308868408203,3900,0.0,0.0
2002-11-27 00:00:00+09:00,173.8308868408203,173.8308868408203,173.8308868408203,173.8308868408203,0,0.0,0.0
2002-11-28 00:00:00+09:00,173.8308868408203,173.8308868408203,173.8308868408203,173.8308868408203,0,0.0,0.0
2002-11-29 00:00:00+09:00,173.8308868408203,173.8308868408203,173.8308868408203,173.8308868408203,0,0.0,0.0
2002-12-02 00:00:00+09:00,173.8308868408203,173.8308868408203,173.8308868408203,173.8308868408203,0,0.0,0.0
2002-12-03 00:00:00+09:00,161.1502227783203,161.1502227783203,161.1502227783203,161.1502227783203,3900,0.0,0.0
2002-12-04 00:00:00+09:00,161.1502227783203,161.1502227783203,161.1502227783203,161.1502227783203,0,0.0,0.0
2002-12-05 00:00:00+09:00,166.433837890625,166.433837890625,166.433837890625,166.433837890625,3900,0.0,0.0
2002-12-06 00:00:00+09:00,166.433837890625,166.433837890625,166.433837890625,166.433837890625,0,0.0,0.0
2002-12-09 00:00:00+09:00,165.90547972791742,166.433837890625,165.90547972791742,166.433837890625,7800,0.0,0.0
2002-12-10 00:00:00+09:00,166.433837890625,166.433837890625,166.433837890625,166.433837890625,0,0.0,0.0
2002-12-11 00:00:00+09:00,158.50840759277344,158.50840759277344,158.50840759277344,158.50840759277344,2600,0.0,0.0
2002-12-12 00:00:00+09:00,158.50840759277344,158.50840759277344,158.50840759277344,158.50840759277344,0,0.0,0.0
2002-12-13 00:00:00+09:00,158.50840759277344,158.50840759277344,158.50840759277344,158.50840759277344,0,0.0,0.0
2002-12-16 00:00:00+09:00,158.50840759277344,158.50840759277344,158.50840759277344,158.50840759277344,1300,0.0,0.0
2002-12-17 00:00:00+09:00,158.5083778562827,158.5083778562827,155.8665771484375,155.8665771484375,5200,0.0,0.0
2002-12-18 00:00:00+09:00,155.8665771484375,155.8665771484375,155.8665771484375,155.8665771484375,0,0.0,0.0
2002-12-19 00:00:00+09:00,155.8665771484375,155.8665771484375,155.8665771484375,155.8665771484375,0,0.0,0.0
2002-12-20 00:00:00+09:00,155.8665771484375,155.8665771484375,155.8665771484375,155.8665771484375,0,0.0,0.0
2002-12-23 00:00:00+09:00,155.8665771484375,155.8665771484375,155.8665771484375,155.8665771484375,0,0.0,0.0
2002-12-24 00:00:00+09:00,161.1502227783203,161.1502227783203,161.1502227783203,161.1502227783203,2600,0.0,0.0
2002-12-25 00:00:00+09:00,160.09347534179688,160.09347534179688,160.09347534179688,160.09347534179688,24700,0.0,0.0
2002-12-26 00:00:00+09:00,160.09347534179688,160.09347534179688,160.09347534179688,160.09347534179688,0,0.0,0.0
2002-12-27 00:00:00+09:00,160.09347534179688,160.09347534179688,160.09347534179688,160.09347534179688,0,0.0,0.0
2002-12-30 00:00:00+09:00,160.09347534179688,160.09347534179688,160.09347534179688,160.09347534179688,0,0.0,0.0
2002-12-31 00:00:00+09:00,160.09347534179688,160.09347534179688,160.09347534179688,160.09347534179688,0,0.0,0.0
2003-01-01 00:00:00+09:00,160.09347534179688,160.09347534179688,160.09347534179688,160.09347534179688,0,0.0,0.0
2003-01-02 00:00:00+09:00,160.09347534179688,160.09347534179688,160.09347534179688,160.09347534179688,0,0.0,0.0
2003-01-03 00:00:00+09:00,160.09347534179688,160.09347534179688,160.09347534179688,160.09347534179688,0,0.0,0.0
2003-01-06 00:00:00+09:00,158.50840759277344,158.50840759277344,158.50840759277344,158.50840759277344,3900,0.0,0.0
2003-01-07 00:00:00+09:00,158.50840759277344,158.50840759277344,158.50840759277344,158.50840759277344,0,0.0,0.0
2003-01-08 00:00:00+09:00,158.50840759277344,158.50840759277344,158.50840759277344,158.50840759277344,0,0.0,0.0
2003-01-09 00:00:00+09:00,158.50840759277344,158.50840759277344,158.50840759277344,158.50840759277344,0,0.0,0.0
2003-01-10 00:00:00+09:00,158.50840759277344,158.50840759277344,158.50840759277344,158.50840759277344,0,0.0,0.0
2003-01-13 00:00:00+09:00,158.50840759277344,158.50840759277344,158.50840759277344,158.50840759277344,0,0.0,0.0
2003-01-14 00:00:00+09:00,158.50840759277344,158.50840759277344,158.50840759277344,158.50840759277344,0,0.0,0.0
2003-01-15 00:00:00+09:00,155.8665771484375,155.8665771484375,155.8665771484375,155.8665771484375,1300,0.0,0.0
2003-01-16 00:00:00+09:00,155.33824157714844,155.33824157714844,155.33824157714844,155.33824157714844,2600,0.0,0.0
2003-01-17 00:00:00+09:00,155.33824157714844,155.33824157714844,155.33824157714844,155.33824157714844,0,0.0,0.0
2003-01-20 00:00:00+09:00,155.33824157714844,155.33824157714844,155.33824157714844,155.33824157714844,0,0.0,0.0
2003-01-21 00:00:00+09:00,155.8666003719612,156.39495849609375,155.33823176702796,156.39495849609375,5200,0.0,0.0
2003-01-22 00:00:00+09:00,157.9800494482432,158.50840759277344,156.9233226783816,158.50840759277344,13000,0.0,0.0
2003-01-23 00:00:00+09:00,158.50840759277344,158.50840759277344,158.50840759277344,158.50840759277344,2600,0.0,0.0
2003-01-24 00:00:00+09:00,159.03677967347969,161.1502227783203,159.03677967347969,161.1502227783203,24700,0.0,0.0
2003-01-27 00:00:00+09:00,143.18592098791234,149.52626037597656,143.18592098791234,149.52626037597656,2600,0.0,0.0
2003-01-28 00:00:00+09:00,150.58297729492188,150.58297729492188,150.58297729492188,150.58297729492188,0,0.0,0.0
2003-01-29 00:00:00+09:00,151.11135864257812,151.11135864257812,151.11135864257812,151.11135864257812,0,0.0,0.0
2003-01-30 00:00:00+09:00,151.11135864257812,151.11135864257812,151.11135864257812,151.11135864257812,0,0.0,0.0
2003-01-31 00:00:00+09:00,153.75315856933594,153.75315856933594,153.75315856933594,153.75315856933594,1300,0.0,0.0
2003-02-03 00:00:00+09:00,153.75315856933594,153.75315856933594,153.75315856933594,153.75315856933594,0,0.0,0.0
2003-02-04 00:00:00+09:00,153.75315856933594,153.75315856933594,153.75315856933594,153.75315856933594,1300,0.0,0.0
2003-02-05 00:00:00+09:00,156.39495214224812,156.39495214224812,148.4695281982422,148.4695281982422,13000,0.0,0.0
2003-02-06 00:00:00+09:00,148.4695281982422,148.4695281982422,148.4695281982422,148.4695281982422,0,0.0,0.0
2003-02-07 00:00:00+09:00,147.4127960205078,147.4127960205078,147.4127960205078,147.4127960205078,5200,0.0,0.0
2003-02-10 00:00:00+09:00,148.4695281982422,148.4695281982422,148.4695281982422,148.4695281982422,0,0.0,0.0
2003-02-11 00:00:00+09:00,148.4695281982422,148.4695281982422,148.4695281982422,148.4695281982422,0,0.0,0.0
2003-02-12 00:00:00+09:00,148.4695281982422,148.4695281982422,148.4695281982422,148.4695281982422,0,0.0,0.0
2003-02-13 00:00:00+09:00,150.58297729492188,150.58297729492188,150.58297729492188,150.58297729492188,0,0.0,0.0
2003-02-14 00:00:00+09:00,150.58297729492188,150.58297729492188,150.58297729492188,150.58297729492188,1300,0.0,0.0
2003-02-17 00:00:00+09:00,152.16807620675021,153.22479248046875,152.16807620675021,153.22479248046875,5200,0.0,0.0
2003-02-18 00:00:00+09:00,154.281494140625,154.281494140625,154.281494140625,154.281494140625,1300,0.0,0.0
2003-02-19 00:00:00+09:00,154.281494140625,154.281494140625,154.281494140625,154.281494140625,1300,0.0,0.0
2003-02-20 00:00:00+09:00,155.8665771484375,155.8665771484375,155.8665771484375,155.8665771484375,0,0.0,0.0
2003-02-21 00:00:00+09:00,158.5083778562827,161.150189044927,155.8665771484375,155.8665771484375,5200,0.0,0.0
2003-02-24 00:00:00+09:00,156.92331366967647,160.62184143066406,156.92331366967647,160.62184143066406,2600,0.0,0.0
2003-02-25 00:00:00+09:00,173.83085808429502,173.83085808429502,163.7919921875,163.7919921875,23400,0.0,0.0
2003-02-26 00:00:00+09:00,163.7919921875,163.7919921875,163.7919921875,163.7919921875,0,0.0,0.0
2003-02-27 00:00:00+09:00,158.50840759277344,158.50840759277344,158.50840759277344,158.50840759277344,1300,0.0,0.0
2003-02-28 00:00:00+09:00,158.50840759277344,158.50840759277344,158.50840759277344,158.50840759277344,0,0.0,0.0
2003-03-03 00:00:00+09:00,158.50840759277344,158.50840759277344,158.50840759277344,158.50840759277344,0,0.0,0.0
2003-03-04 00:00:00+09:00,158.50840759277344,158.50840759277344,158.50840759277344,158.50840759277344,0,0.0,0.0
2003-03-05 00:00:00+09:00,171.71742248535156,171.71742248535156,171.71742248535156,171.71742248535156,3900,0.0,0.0
2003-03-06 00:00:00+09:00,169.07559204101562,169.07559204101562,169.07559204101562,169.07559204101562,3900,0.0,0.0
2003-03-07 00:00:00+09:00,169.07559204101562,169.07559204101562,169.07559204101562,169.07559204101562,0,0.0,0.0
2003-03-10 00:00:00+09:00,158.50840529146416,158.50840529146416,153.22479248046875,153.22479248046875,2600,0.0,0.0
2003-03-11 00:00:00+09:00,153.75315856933594,153.75315856933594,153.75315856933594,153.75315856933594,1300,0.0,0.0
2003-03-12 00:00:00+09:00,153.75315856933594,153.75315856933594,153.75315856933594,153.75315856933594,1300,0.0,0.0
2003-03-13 00:00:00+09:00,155.8665771484375,155.8665771484375,155.8665771484375,155.8665771484375,0,0.0,0.0
2003-03-14 00:00:00+09:00,158.50840759277344,158.50840759277344,158.50840759277344,158.50840759277344,1300,0.0,0.0
2003-03-17 00:00:00+09:00,158.50840759277344,158.50840759277344,158.50840759277344,158.50840759277344,0,0.0,0.0
2003-03-18 00:00:00+09:00,158.50840759277344,158.50840759277344,158.50840759277344,158.50840759277344,0,0.0,0.0
2003-03-19 00:00:00+09:00,158.50840759277344,158.50840759277344,158.50840759277344,158.50840759277344,1300,0.0,0.0
2003-03-20 00:00:00+09:00,159.56512451171875,159.56512451171875,159.56512451171875,159.56512451171875,0,0.0,0.0
2003-03-21 00:00:00+09:00,159.56512451171875,159.56512451171875,159.56512451171875,159.56512451171875,0,0.0,0.0
2003-03-24 00:00:00+09:00,163.7920182902952,166.433829939223,163.7920182902952,165.9054718017578,6500,0.0,0.0
2003-03-25 00:00:00+09:00,158.5083802124709,163.7919921875,158.5083802124709,163.7919921875,7800,0.0,0.0
2003-03-26 00:00:00+09:00,162.70004272460938,162.70004272460938,162.70004272460938,162.70004272460938,0,7.692308,0.0
2003-03-27 00:00:00+09:00,162.70004272460938,162.70004272460938,162.70004272460938,162.70004272460938,0,0.0,0.0
2003-03-28 00:00:00+09:00,162.70004272460938,162.70004272460938,162.70004272460938,162.70004272460938,0,0.0,0.0
2003-03-31 00:00:00+09:00,162.70004272460938,162.70004272460938,162.70004272460938,162.70004272460938,0,0.0,0.0
2003-04-01 00:00:00+09:00,162.70004272460938,162.70004272460938,162.70004272460938,162.70004272460938,0,0.0,0.0
2003-04-02 00:00:00+09:00,162.70004272460938,162.70004272460938,162.70004272460938,162.70004272460938,0,0.0,0.0
2003-04-03 00:00:00+09:00,152.87254333496094,152.87254333496094,152.87254333496094,152.87254333496094,1300,0.0,0.0
2003-04-04 00:00:00+09:00,158.87828063964844,158.87828063964844,158.87828063964844,158.87828063964844,3900,0.0,0.0
2003-04-07 00:00:00+09:00,152.87254333496094,152.87254333496094,152.87254333496094,152.87254333496094,2600,0.0,0.0
2003-04-08 00:00:00+09:00,156.1483917236328,156.1483917236328,156.1483917236328,156.1483917236328,0,0.0,0.0
2003-04-09 00:00:00+09:00,157.2403564453125,157.2403564453125,157.2403564453125,157.2403564453125,0,0.0,0.0
2003-04-10 00:00:00+09:00,157.2403564453125,157.2403564453125,157.2403564453125,157.2403564453125,0,0.0,0.0
2003-04-11 00:00:00+09:00,157.2403564453125,157.2403564453125,157.2403564453125,157.2403564453125,0,0.0,0.0
2003-04-14 00:00:00+09:00,157.7863006591797,157.7863006591797,157.7863006591797,157.7863006591797,0,0.0,0.0
2003-04-15 00:00:00+09:00,157.7863006591797,157.7863006591797,157.7863006591797,157.7863006591797,0,0.0,0.0
2003-04-16 00:00:00+09:00,158.33229064941406,158.33229064941406,158.33229064941406,158.33229064941406,1300,0.0,0.0
2003-04-17 00:00:00+09:00,159.42422485351562,159.42422485351562,159.42422485351562,159.42422485351562,0,0.0,0.0
2003-04-18 00:00:00+09:00,161.06214904785156,161.06214904785156,161.06214904785156,161.06214904785156,2600,0.0,0.0
2003-04-21 00:00:00+09:00,163.79200744628906,163.79200744628906,163.79200744628906,163.79200744628906,1300,0.0,0.0
2003-04-22 00:00:00+09:00,163.79200744628906,163.79200744628906,163.79200744628906,163.79200744628906,0,0.0,0.0
2003-04-23 00:00:00+09:00,163.79200744628906,163.79200744628906,163.79200744628906,163.79200744628906,5200,0.0,0.0
2003-04-24 00:00:00+09:00,162.15411376953125,162.15411376953125,162.15411376953125,162.15411376953125,1300,0.0,0.0
2003-04-25 00:00:00+09:00,154.5104665869533,159.97019958496094,154.5104665869533,159.97019958496094,7800,0.0,0.0
2003-04-28 00:00:00+09:00,159.97019958496094,159.97019958496094,159.97019958496094,159.97019958496094,0,0.0,0.0
2003-04-29 00:00:00+09:00,159.97019958496094,159.97019958496094,159.97019958496094,159.97019958496094,0,0.0,0.0
2003-04-30 00:00:00+09:00,153.41851806640625,153.41851806640625,153.41851806640625,153.41851806640625,1300,0.0,0.0
2003-05-01 00:00:00+09:00,155.6024169921875,155.6024169921875,155.6024169921875,155.6024169921875,3900,0.0,0.0
2003-05-02 00:00:00+09:00,161.60812377929688,161.60812377929688,161.60812377929688,161.60812377929688,3900,0.0,0.0
2003-05-05 00:00:00+09:00,161.60812377929688,161.60812377929688,161.60812377929688,161.60812377929688,0,0.0,0.0
2003-05-06 00:00:00+09:00,160.51617431640625,160.51617431640625,160.51617431640625,160.51617431640625,0,0.0,0.0
2003-05-07 00:00:00+09:00,156.1483917236328,156.1483917236328,156.1483917236328,156.1483917236328,1300,0.0,0.0
2003-05-08 00:00:00+09:00,156.1483917236328,156.1483917236328,156.1483917236328,156.1483917236328,0,0.0,0.0
2003-05-09 00:00:00+09:00,156.1483917236328,156.1483917236328,156.1483917236328,156.1483917236328,0,0.0,0.0
2003-05-12 00:00:00+09:00,152.87254333496094,152.87254333496094,152.87254333496094,152.87254333496094,13000,0.0,0.0
2003-05-13 00:00:00+09:00,153.41851806640625,153.41851806640625,153.41851806640625,153.41851806640625,0,0.0,0.0
2003-05-14 00:00:00+09:00,155.6024169921875,155.6024169921875,155.6024169921875,155.6024169921875,0,0.0,0.0
2003-05-15 00:00:00+09:00,155.6024169921875,155.6024169921875,155.6024169921875,155.6024169921875,1300,0.0,0.0
2003-05-16 00:00:00+09:00,152.87254333496094,152.87254333496094,152.87254333496094,152.87254333496094,1300,0.0,0.0
2003-05-19 00:00:00+09:00,158.33229064941406,158.33229064941406,158.33229064941406,158.33229064941406,2600,0.0,0.0
2003-05-20 00:00:00+09:00,156.69432067871094,156.69432067871094,156.69432067871094,156.69432067871094,0,0.0,0.0
2003-05-21 00:00:00+09:00,156.69435301958055,159.42422485351562,156.69435301958055,159.42422485351562,5200,0.0,0.0
2003-05-22 00:00:00+09:00,159.42422485351562,159.42422485351562,159.42422485351562,159.42422485351562,0,0.0,0.0
2003-05-23 00:00:00+09:00,157.78632055712075,158.33229064941406,157.78632055712075,158.33229064941406,5200,0.0,0.0
2003-05-26 00:00:00+09:00,158.33229064941406,158.33229064941406,158.33229064941406,158.33229064941406,0,0.0,0.0
2003-05-27 00:00:00+09:00,158.33229064941406,158.33229064941406,158.33229064941406,158.33229064941406,0,0.0,0.0
2003-05-28 00:00:00+09:00,158.33229064941406,158.33229064941406,158.33229064941406,158.33229064941406,1300,0.0,0.0
2003-05-29 00:00:00+09:00,158.33229064941406,158.33229064941406,158.33229064941406,158.33229064941406,0,0.0,0.0
2003-05-30 00:00:00+09:00,158.33229064941406,158.33229064941406,158.33229064941406,158.33229064941406,0,0.0,0.0
2003-06-02 00:00:00+09:00,158.33229064941406,158.33229064941406,158.33229064941406,158.33229064941406,0,0.0,0.0
2003-06-03 00:00:00+09:00,153.96450805664062,153.96450805664062,153.96450805664062,153.96450805664062,1300,0.0,0.0
2003-06-04 00:00:00+09:00,152.87254333496094,152.87254333496094,152.87254333496094,152.87254333496094,1300,0.0,0.0
2003-06-05 00:00:00+09:00,169.2517547607422,169.2517547607422,169.2517547607422,169.2517547607422,3900,0.0,0.0
2003-06-06 00:00:00+09:00,163.24606323242188,163.24606323242188,163.24606323242188,163.24606323242188,0,0.0,0.0
2003-06-09 00:00:00+09:00,169.2517547607422,169.2517547607422,168.70578467720853,169.2517547607422,7800,0.0,0.0
2003-06-10 00:00:00+09:00,169.25174214791275,169.25174214791275,161.06214818456104,166.52188110351562,5200,0.0,0.0
2003-06-11 00:00:00+09:00,169.2517547607422,169.2517547607422,169.2517547607422,169.2517547607422,2600,0.0,0.0
2003-06-12 00:00:00+09:00,169.2517547607422,169.2517547607422,169.2517547607422,169.2517547607422,0,0.0,0.0
2003-06-13 00:00:00+09:00,169.2517547607422,169.2517547607422,169.2517547607422,169.2517547607422,6500,0.0,0.0
2003-06-16 00:00:00+09:00,174.71148681640625,174.71148681640625,174.71148681640625,174.71148681640625,6500,0.0,0.0
2003-06-17 00:00:00+09:00,179.6252321701096,183.99302486299564,179.6252321701096,181.26315307617188,15600,0.0,0.0
2003-06-18 00:00:00+09:00,180.7171691680102,180.7171691680102,180.1711883544922,180.1711883544922,2600,0.0,0.0
2003-06-19 00:00:00+09:00,176.8953857421875,176.8953857421875,176.8953857421875,176.8953857421875,1300,0.0,0.0
2003-06-20 00:00:00+09:00,179.07927022235862,187.8148451719976,177.98731929234356,187.2688751220703,19500,0.0,0.0
2003-06-23 00:00:00+09:00,193.82054138183594,196.55039138274148,188.36079805938695,193.82054138183594,14300,0.0,0.0
2003-06-24 00:00:00+09:00,193.82054138183594,193.82054138183594,193.82054138183594,193.82054138183594,2600,0.0,0.0
2003-06-25 00:00:00+09:00,199.28025552583952,201.4641571044922,196.55038396760324,201.4641571044922,5200,0.0,0.0
2003-06-26 00:00:00+09:00,202.01014709472656,204.19404888971138,202.01014709472656,202.01014709472656,11700,0.0,0.0
2003-06-27 00:00:00+09:00,202.01014709472656,202.01014709472656,202.01014709472656,202.01014709472656,2600,0.0,0.0
2003-06-30 00:00:00+09:00,202.01014709472656,202.01014709472656,202.01014709472656,202.01014709472656,0,0.0,0.0
2003-07-01 00:00:00+09:00,202.01014709472656,202.01014709472656,202.01014709472656,202.01014709472656,0,0.0,0.0
2003-07-02 00:00:00+09:00,202.01014709472656,202.01014709472656,202.01014709472656,202.01014709472656,0,0.0,0.0
2003-07-03 00:00:00+09:00,196.55040502446442,196.55040502446442,191.09068298339844,191.09068298339844,2600,0.0,0.0
2003-07-04 00:00:00+09:00,199.2802893771834,199.2802893771834,185.63095092773438,185.63095092773438,10400,0.0,0.0
2003-07-07 00:00:00+09:00,185.63095092773438,185.63095092773438,185.63095092773438,185.63095092773438,3900,0.0,0.0
2003-07-08 00:00:00+09:00,177.4413604736328,177.4413604736328,177.4413604736328,177.4413604736328,3900,0.0,0.0
2003-07-09 00:00:00+09:00,177.9873305581175,177.9873305581175,177.4413604736328,177.4413604736328,11700,0.0,0.0
2003-07-10 00:00:00+09:00,177.98733520507812,177.98733520507812,177.98733520507812,177.98733520507812,0,0.0,0.0
2003-07-11 00:00:00+09:00,177.98733520507812,177.98733520507812,177.98733520507812,177.98733520507812,0,0.0,0.0
2003-07-14 00:00:00+09:00,181.8091583251953,181.8091583251953,181.8091583251953,181.8091583251953,1300,0.0,0.0
2003-07-15 00:00:00+09:00,181.8091583251953,181.8091583251953,181.8091583251953,181.8091583251953,0,0.0,0.0
2003-07-16 00:00:00+09:00,176.8953857421875,176.8953857421875,176.8953857421875,176.8953857421875,1300,0.0,0.0
2003-07-17 00:00:00+09:00,177.44136201938505,177.44136201938505,176.3494110107422,176.3494110107422,2600,0.0,0.0
2003-07-18 00:00:00+09:00,176.34938293650706,176.34938293650706,173.61952209472656,173.61952209472656,2600,0.0,0.0
2003-07-21 00:00:00+09:00,173.61952209472656,173.61952209472656,173.61952209472656,173.61952209472656,0,0.0,0.0
2003-07-22 00:00:00+09:00,173.61952209472656,173.61952209472656,173.61952209472656,173.61952209472656,0,0.0,0.0
2003-07-23 00:00:00+09:00,173.61952209472656,173.61952209472656,173.61952209472656,173.61952209472656,0,0.0,0.0
2003-07-24 00:00:00+09:00,173.61952209472656,173.61952209472656,173.61952209472656,173.61952209472656,1300,0.0,0.0
2003-07-25 00:00:00+09:00,202.0101270840758,202.0101270840758,201.4641571044922,201.4641571044922,19500,0.0,0.0
2003-07-28 00:00:00+09:00,191.09068298339844,191.09068298339844,191.09068298339844,191.09068298339844,0,0.0,0.0
2003-07-29 00:00:00+09:00,199.28028869628906,199.28028869628906,199.28028869628906,199.28028869628906,1300,0.0,0.0
2003-07-30 00:00:00+09:00,191.09068298339844,191.09068298339844,191.09068298339844,191.09068298339844,0,0.0,0.0
2003-07-31 00:00:00+09:00,191.09068298339844,191.09068298339844,191.09068298339844,191.09068298339844,0,0.0,0.0
2003-08-01 00:00:00+09:00,188.36082458496094,188.36082458496094,188.36082458496094,188.36082458496094,0,0.0,0.0
2003-08-04 00:00:00+09:00,177.4413604736328,177.4413604736328,177.4413604736328,177.4413604736328,3900,0.0,0.0
2003-08-05 00:00:00+09:00,199.28028869628906,199.28028869628906,199.28028869628906,199.28028869628906,3900,0.0,0.0
2003-08-06 00:00:00+09:00,191.09068298339844,191.09068298339844,191.09068298339844,191.09068298339844,0,0.0,0.0
2003-08-07 00:00:00+09:00,191.09068298339844,191.09068298339844,191.09068298339844,191.09068298339844,0,0.0,0.0
2003-08-08 00:00:00+09:00,188.36082458496094,188.36082458496094,188.36082458496094,188.36082458496094,0,0.0,0.0
2003-08-11 00:00:00+09:00,188.36082458496094,188.36082458496094,188.36082458496094,188.36082458496094,0,0.0,0.0
2003-08-12 00:00:00+09:00,175.25746154785156,175.25746154785156,175.25746154785156,175.25746154785156,1300,0.0,0.0
2003-08-13 00:00:00+09:00,175.80343627929688,175.80343627929688,175.80343627929688,175.80343627929688,2600,0.0,0.0
2003-08-14 00:00:00+09:00,175.80343627929688,175.80343627929688,175.80343627929688,175.80343627929688,0,0.0,0.0
2003-08-15 00:00:00+09:00,175.80343627929688,175.80343627929688,175.80343627929688,175.80343627929688,0,0.0,0.0
2003-08-18 00:00:00+09:00,176.3494110107422,176.3494110107422,176.3494110107422,176.3494110107422,1300,0.0,0.0
2003-08-19 00:00:00+09:00,177.98732588247208,177.98732588247208,176.8953857421875,176.8953857421875,3900,0.0,0.0
2003-08-20 00:00:00+09:00,179.62525939941406,179.62525939941406,179.62525939941406,179.62525939941406,1300,0.0,0.0
2003-08-21 00:00:00+09:00,179.62525782558225,180.7172088623047,179.62525782558225,180.7172088623047,5200,0.0,0.0
2003-08-22 00:00:00+09:00,181.26315307617188,181.26315307617188,181.26315307617188,181.26315307617188,0,0.0,0.0
2003-08-25 00:00:00+09:00,179.0792461615855,179.0792461615855,171.4356231689453,171.4356231689453,6500,0.0,0.0
2003-08-26 00:00:00+09:00,174.71148681640625,174.71148681640625,174.71148681640625,174.71148681640625,0,0.0,0.0
2003-08-27 00:00:00+09:00,174.71148681640625,174.71148681640625,174.71148681640625,174.71148681640625,0,0.0,0.0
2003-08-28 00:00:00+09:00,175.25746154785156,175.25746154785156,175.25746154785156,175.25746154785156,1300,0.0,0.0
2003-08-29 00:00:00+09:00,175.25746154785156,175.25746154785156,175.25746154785156,175.25746154785156,0,0.0,0.0
2003-09-01 00:00:00+09:00,177.441368136996,179.62525939941406,177.441368136996,179.62525939941406,2600,0.0,0.0
2003-09-02 00:00:00+09:00,179.62521837113334,180.1711883544922,179.62521837113334,180.1711883544922,2600,0.0,0.0
2003-09-03 00:00:00+09:00,180.1711883544922,180.1711883544922,180.1711883544922,180.1711883544922,0,0.0,0.0
2003-09-04 00:00:00+09:00,180.1711883544922,180.1711883544922,180.1711883544922,180.1711883544922,3900,0.0,0.0
2003-09-05 00:00:00+09:00,188.36082458496094,188.36082458496094,188.36082458496094,188.36082458496094,3900,0.0,0.0
2003-09-08 00:00:00+09:00,188.36080182688445,189.9987335205078,188.36080182688445,189.9987335205078,9100,0.0,0.0
2003-09-09 00:00:00+09:00,188.3608111327052,191.09068298339844,188.3608111327052,191.09068298339844,9100,0.0,0.0
2003-09-10 00:00:00+09:00,191.09068298339844,191.09068298339844,191.09068298339844,191.09068298339844,0,0.0,0.0
2003-09-11 00:00:00+09:00,182.90108909163925,191.09068298339844,182.90108909163925,191.09068298339844,5200,0.0,0.0
2003-09-12 00:00:00+09:00,188.36082458496094,188.36082458496094,188.36082458496094,188.36082458496094,1300,0.0,0.0
2003-09-15 00:00:00+09:00,188.36082458496094,188.36082458496094,188.36082458496094,188.36082458496094,0,0.0,0.0
2003-09-16 00:00:00+09:00,188.36082458496094,188.36082458496094,188.36082458496094,188.36082458496094,1300,0.0,0.0
2003-09-17 00:00:00+09:00,188.36082458496094,188.36082458496094,188.36082458496094,188.36082458496094,3900,0.0,0.0
2003-09-18 00:00:00+09:00,182.90109252929688,182.90109252929688,182.90109252929688,182.90109252929688,2600,0.0,0.0
2003-09-19 00:00:00+09:00,185.63095092773438,185.63095092773438,185.63095092773438,185.63095092773438,2600,0.0,0.0
2003-09-22 00:00:00+09:00,185.63095253930712,188.9067946620273,185.63095253930712,188.36082458496094,3900,0.0,0.0
2003-09-23 00:00:00+09:00,188.36082458496094,188.36082458496094,188.36082458496094,188.36082458496094,0,0.0,0.0
2003-09-24 00:00:00+09:00,188.36082458496094,188.36082458496094,188.36082458496094,188.36082458496094,5200,0.0,0.0
2003-09-25 00:00:00+09:00,187.2688751220703,187.2688751220703,187.2688751220703,187.2688751220703,2600,0.0,0.0
2003-09-26 00:00:00+09:00,182.3550791180867,182.3550791180867,180.1711883544922,180.1711883544922,2600,0.0,0.0
2003-09-29 00:00:00+09:00,177.98733520507812,177.98733520507812,177.98733520507812,177.98733520507812,1300,0.0,0.0
2003-09-30 00:00:00+09:00,177.98733520507812,177.98733520507812,177.98733520507812,177.98733520507812,0,0.0,0.0
2003-10-01 00:00:00+09:00,185.63095092773438,185.63095092773438,185.63095092773438,185.63095092773438,1300,0.0,0.0
2003-10-02 00:00:00+09:00,182.90109252929688,182.90109252929688,182.90109252929688,182.90109252929688,1300,0.0,0.0
2003-10-03 00:00:00+09:00,188.36082458496094,188.36082458496094,188.36082458496094,188.36082458496094,6500,0.0,0.0
2003-10-06 00:00:00+09:00,188.36082458496094,188.36082458496094,188.36082458496094,188.36082458496094,0,0.0,0.0
2003-10-07 00:00:00+09:00,188.36082458496094,188.36082458496094,188.36082458496094,188.36082458496094,1300,0.0,0.0
2003-10-08 00:00:00+09:00,188.36082458496094,188.36082458496094,188.36082458496094,188.36082458496094,0,0.0,0.0
2003-10-09 00:00:00+09:00,188.36082458496094,188.36082458496094,188.36082458496094,188.36082458496094,1300,0.0,0.0
2003-10-10 00:00:00+09:00,182.90109252929688,182.90109252929688,182.90109252929688,182.90109252929688,13000,0.0,0.0
2003-10-13 00:00:00+09:00,182.90109252929688,182.90109252929688,182.90109252929688,182.90109252929688,0,0.0,0.0
2003-10-14 00:00:00+09:00,182.90109252929688,187.81484462464311,182.90109252929688,182.90109252929688,9100,0.0,0.0
2003-10-15 00:00:00+09:00,182.35512845627238,182.35512845627238,181.8091583251953,181.8091583251953,6500,0.0,0.0
2003-10-16 00:00:00+09:00,183.4470672607422,183.4470672607422,183.4470672607422,183.4470672607422,0,0.0,0.0
2003-10-17 00:00:00+09:00,181.26315307617188,181.26315307617188,181.26315307617188,181.26315307617188,2600,0.0,0.0
2003-10-20 00:00:00+09:00,182.9010976213677,187.81484985351562,182.9010976213677,187.81484985351562,2600,0.0,0.0
2003-10-21 00:00:00+09:00,187.81484985351562,187.81484985351562,187.81484985351562,187.81484985351562,0,0.0,0.0
2003-10-22 00:00:00+09:00,186.17691040039062,186.17691040039062,186.17691040039062,186.17691040039062,1300,0.0,0.0
2003-10-23 00:00:00+09:00,183.447062577633,183.447062577633,182.90109252929688,182.90109252929688,2600,0.0,0.0
2003-10-24 00:00:00+09:00,181.26316868880082,185.63095092773438,181.26316868880082,185.63095092773438,3900,0.0,0.0
2003-10-27 00:00:00+09:00,185.63095092773438,185.63095092773438,185.63095092773438,185.63095092773438,0,0.0,0.0
2003-10-28 00:00:00+09:00,183.4470672607422,183.4470672607422,183.4470672607422,183.4470672607422,1300,0.0,0.0
2003-10-29 00:00:00+09:00,180.7172088623047,180.7172088623047,180.7172088623047,180.7172088623047,6500,0.0,0.0
2003-10-30 00:00:00+09:00,181.26315307617188,181.26315307617188,181.26315307617188,181.26315307617188,0,0.0,0.0
2003-10-31 00:00:00+09:00,182.35511779785156,182.35511779785156,182.35511779785156,182.35511779785156,1300,0.0,0.0
2003-11-03 00:00:00+09:00,182.35511779785156,182.35511779785156,182.35511779785156,182.35511779785156,0,0.0,0.0
2003-11-04 00:00:00+09:00,182.90109252929688,182.90109252929688,182.90109252929688,182.90109252929688,0,0.0,0.0
2003-11-05 00:00:00+09:00,185.63092067855806,185.63092067855806,180.1711883544922,180.1711883544922,16900,0.0,0.0
2003-11-06 00:00:00+09:00,180.1711883544922,180.1711883544922,180.1711883544922,180.1711883544922,0,0.0,0.0
2003-11-07 00:00:00+09:00,180.1711883544922,180.1711883544922,180.1711883544922,180.1711883544922,0,0.0,0.0
2003-11-10 00:00:00+09:00,180.1711883544922,180.1711883544922,180.1711883544922,180.1711883544922,0,0.0,0.0
2003-11-11 00:00:00+09:00,180.1711883544922,180.1711883544922,180.1711883544922,180.1711883544922,0,0.0,0.0
2003-11-12 00:00:00+09:00,176.3494110107422,176.3494110107422,176.3494110107422,176.3494110107422,1300,0.0,0.0
2003-11-13 00:00:00+09:00,176.3494110107422,176.3494110107422,176.3494110107422,176.3494110107422,0,0.0,0.0
2003-11-14 00:00:00+09:00,176.3494110107422,176.3494110107422,176.3494110107422,176.3494110107422,0,0.0,0.0
2003-11-17 00:00:00+09:00,175.25746772613175,175.25746772613175,174.71148681640625,174.71148681640625,3900,0.0,0.0
2003-11-18 00:00:00+09:00,174.71148681640625,174.71148681640625,174.71148681640625,174.71148681640625,2600,0.0,0.0
2003-11-19 00:00:00+09:00,174.71148681640625,174.71148681640625,174.71148681640625,174.71148681640625,0,0.0,0.0
2003-11-20 00:00:00+09:00,169.2517547607422,169.2517547607422,168.70578467720853,169.2517547607422,5200,0.0,0.0
2003-11-21 00:00:00+09:00,169.2517547607422,169.2517547607422,169.2517547607422,169.2517547607422,0,0.0,0.0
2003-11-24 00:00:00+09:00,169.2517547607422,169.2517547607422,169.2517547607422,169.2517547607422,0,0.0,0.0
2003-11-25 00:00:00+09:00,173.61952209472656,173.61952209472656,173.61952209472656,173.61952209472656,5200,0.0,0.0
2003-11-26 00:00:00+09:00,169.2517547607422,169.2517547607422,169.2517547607422,169.2517547607422,2600,0.0,0.0
2003-11-27 00:00:00+09:00,170.88967895507812,170.88967895507812,170.88967895507812,170.88967895507812,0,0.0,0.0
2003-11-28 00:00:00+09:00,170.88967895507812,170.88967895507812,170.88967895507812,170.88967895507812,0,0.0,0.0
2003-12-01 00:00:00+09:00,170.88967895507812,170.88967895507812,170.88967895507812,170.88967895507812,0,0.0,0.0
2003-12-02 00:00:00+09:00,171.4356231689453,171.4356231689453,171.4356231689453,171.4356231689453,0,0.0,0.0
2003-12-03 00:00:00+09:00,170.88967895507812,170.88967895507812,170.88967895507812,170.88967895507812,2600,0.0,0.0
2003-12-04 00:00:00+09:00,171.4356231689453,171.4356231689453,171.4356231689453,171.4356231689453,2600,0.0,0.0
2003-12-05 00:00:00+09:00,173.61952209472656,173.61952209472656,173.61952209472656,173.61952209472656,6500,0.0,0.0
2003-12-08 00:00:00+09:00,176.3494142165432,187.26889201098973,176.3494142165432,182.35511779785156,6500,0.0,0.0
2003-12-09 00:00:00+09:00,181.8091583251953,181.8091583251953,181.8091583251953,181.8091583251953,0,0.0,0.0
2003-12-10 00:00:00+09:00,181.8091583251953,181.8091583251953,181.8091583251953,181.8091583251953,0,0.0,0.0
2003-12-11 00:00:00+09:00,181.8091583251953,181.8091583251953,181.8091583251953,181.8091583251953,0,0.0,0.0
2003-12-12 00:00:00+09:00,176.34940788526063,176.34940788526063,174.71148681640625,174.71148681640625,5200,0.0,0.0
2003-12-15 00:00:00+09:00,174.71148681640625,174.71148681640625,174.71148681640625,174.71148681640625,0,0.0,0.0
2003-12-16 00:00:00+09:00,174.71148681640625,174.71148681640625,174.71148681640625,174.71148681640625,0,0.0,0.0
2003-12-17 00:00:00+09:00,174.71148681640625,174.71148681640625,174.71148681640625,174.71148681640625,0,0.0,0.0
2003-12-18 00:00:00+09:00,175.80343160816915,175.80343160816915,175.25746154785156,175.25746154785156,5200,0.0,0.0
2003-12-19 00:00:00+09:00,173.6195451498395,175.80343627929688,173.6195451498395,175.80343627929688,3900,0.0,0.0
2003-12-22 00:00:00+09:00,175.80343477174205,176.8953857421875,175.80343477174205,176.8953857421875,3900,0.0,0.0
2003-12-23 00:00:00+09:00,176.8953857421875,176.8953857421875,176.8953857421875,176.8953857421875,0,0.0,0.0
2003-12-24 00:00:00+09:00,177.44133331744808,179.62522415131832,176.8953633165204,179.07925415039062,5200,0.0,0.0
2003-12-25 00:00:00+09:00,179.07925415039062,179.07925415039062,179.07925415039062,179.07925415039062,5200,0.0,0.0
2003-12-26 00:00:00+09:00,179.07924838777453,180.1711883544922,179.07924838777453,180.1711883544922,2600,0.0,0.0
2003-12-29 00:00:00+09:00,180.1711883544922,180.1711883544922,180.1711883544922,180.1711883544922,0,0.0,0.0
2003-12-30 00:00:00+09:00,180.1711883544922,180.1711883544922,180.1711883544922,180.1711883544922,0,0.0,0.0
2003-12-31 00:00:00+09:00,180.1711883544922,180.1711883544922,180.1711883544922,180.1711883544922,0,0.0,0.0
2004-01-01 00:00:00+09:00,180.1711883544922,180.1711883544922,180.1711883544922,180.1711883544922,0,0.0,0.0
2004-01-02 00:00:00+09:00,180.1711883544922,180.1711883544922,180.1711883544922,180.1711883544922,0,0.0,0.0
2004-01-05 00:00:00+09:00,190.5447235107422,190.5447235107422,190.5447235107422,190.5447235107422,3900,0.0,0.0
2004-01-06 00:00:00+09:00,182.35511779785156,182.35511779785156,182.35511779785156,182.35511779785156,1300,0.0,0.0
2004-01-07 00:00:00+09:00,188.36079879651044,188.90676879882812,188.36079879651044,188.90676879882812,2600,0.0,0.0
2004-01-08 00:00:00+09:00,189.4527630943415,189.9987548269898,185.63095092773438,185.63095092773438,3900,0.0,0.0
2004-01-09 00:00:00+09:00,186.17692261637347,188.36082458496094,186.17692261637347,188.36082458496094,3900,0.0,0.0
2004-01-12 00:00:00+09:00,188.36082458496094,188.36082458496094,188.36082458496094,188.36082458496094,0,0.0,0.0
2004-01-13 00:00:00+09:00,188.36082458496094,188.36082458496094,188.36082458496094,188.36082458496094,0,0.0,0.0
2004-01-14 00:00:00+09:00,188.36082458496094,188.36082458496094,188.36082458496094,188.36082458496094,0,0.0,0.0
2004-01-15 00:00:00+09:00,188.36082458496094,188.36082458496094,188.36082458496094,188.36082458496094,0,0.0,0.0
2004-01-16 00:00:00+09:00,189.9987335205078,189.9987335205078,185.63093011105843,189.9987335205078,9100,0.0,0.0
2004-01-19 00:00:00+09:00,189.9987335205078,189.9987335205078,189.9987335205078,189.9987335205078,2600,0.0,0.0
2004-01-20 00:00:00+09:00,189.99875344239442,190.5447235107422,189.99875344239442,190.5447235107422,2600,0.0,0.0
2004-01-21 00:00:00+09:00,190.54470353160914,190.54470353160914,189.9987335205078,189.9987335205078,2600,0.0,0.0
2004-01-22 00:00:00+09:00,189.9987335205078,189.9987335205078,189.9987335205078,189.9987335205078,1300,0.0,0.0
2004-01-23 00:00:00+09:00,200.37222290039062,200.37222290039062,200.37222290039062,200.37222290039062,2600,0.0,0.0
2004-01-26 00:00:00+09:00,191.09068298339844,191.09068298339844,191.09068298339844,191.09068298339844,7800,0.0,0.0
2004-01-27 00:00:00+09:00,196.55039978027344,196.55039978027344,196.55039978027344,196.55039978027344,2600,0.0,0.0
2004-01-28 00:00:00+09:00,197.64234924316406,197.64234924316406,197.64234924316406,197.64234924316406,1300,0.0,0.0
2004-01-29 00:00:00+09:00,197.64234924316406,197.64234924316406,197.64234924316406,197.64234924316406,1300,0.0,0.0
2004-01-30 00:00:00+09:00,197.64236148760824,197.64236148760824,196.55039978027344,196.55039978027344,2600,0.0,0.0
2004-02-02 00:00:00+09:00,196.55039978027344,196.55039978027344,196.55039978027344,196.55039978027344,1300,0.0,0.0
2004-02-03 00:00:00+09:00,196.55039978027344,196.55039978027344,196.55039978027344,196.55039978027344,0,0.0,0.0
2004-02-04 00:00:00+09:00,188.90676879882812,188.90676879882812,188.90676879882812,188.90676879882812,5200,0.0,0.0
2004-02-05 00:00:00+09:00,205.28602600097656,205.28602600097656,205.28602600097656,205.28602600097656,3900,0.0,0.0
2004-02-06 00:00:00+09:00,200.91822814941406,200.91822814941406,200.91822814941406,200.91822814941406,0,0.0,0.0
2004-02-09 00:00:00+09:00,192.72857666015625,192.72857666015625,192.72857666015625,192.72857666015625,1300,0.0,0.0
2004-02-10 00:00:00+09:00,193.82054138183594,193.82054138183594,193.82054138183594,193.82054138183594,1300,0.0,0.0
2004-02-11 00:00:00+09:00,193.82054138183594,193.82054138183594,193.82054138183594,193.82054138183594,0,0.0,0.0
2004-02-12 00:00:00+09:00,191.6366424560547,191.6366424560547,191.6366424560547,191.6366424560547,2600,0.0,0.0
2004-02-13 00:00:00+09:00,189.4527587890625,189.4527587890625,189.4527587890625,189.4527587890625,2600,0.0,0.0
2004-02-16 00:00:00+09:00,191.09067788487914,196.55039978027344,191.09067788487914,196.55039978027344,3900,0.0,0.0
2004-02-17 00:00:00+09:00,193.82054966273623,196.55039978027344,193.82054966273623,196.55039978027344,3900,0.0,0.0
2004-02-18 00:00:00+09:00,192.72857972115477,193.82054138183594,192.72857972115477,193.82054138183594,3900,0.0,0.0
2004-02-19 00:00:00+09:00,194.36654663085938,194.36654663085938,194.36654663085938,194.36654663085938,0,0.0,0.0
2004-02-20 00:00:00+09:00,193.82055835871452,193.82055835871452,193.27456665039062,193.27456665039062,2600,0.0,0.0
2004-02-23 00:00:00+09:00,194.91248138219817,194.91248138219817,193.82054138183594,193.82054138183594,6500,0.0,0.0
2004-02-24 00:00:00+09:00,197.09641892490578,198.7343292236328,197.09641892490578,198.7343292236328,2600,0.0,0.0
2004-02-25 00:00:00+09:00,198.7343292236328,198.7343292236328,198.7343292236328,198.7343292236328,5200,0.0,0.0
2004-02-26 00:00:00+09:00,196.55039978027344,196.55039978027344,196.55039978027344,196.55039978027344,1300,0.0,0.0
2004-02-27 00:00:00+09:00,196.55039978027344,196.55039978027344,196.55039978027344,196.55039978027344,0,0.0,0.0
2004-03-01 00:00:00+09:00,196.55042852441107,197.09642028808594,196.55042852441107,197.09642028808594,2600,0.0,0.0
2004-03-02 00:00:00+09:00,197.09642028808594,197.09642028808594,197.09642028808594,197.09642028808594,0,0.0,0.0
2004-03-03 00:00:00+09:00,197.09640804154964,197.09640804154964,194.91250610351562,194.91250610351562,14300,0.0,0.0
2004-03-04 00:00:00+09:00,194.91250610351562,194.91250610351562,194.91250610351562,194.91250610351562,0,0.0,0.0
2004-03-05 00:00:00+09:00,199.28027812743989,199.8262481689453,198.73430808593443,199.8262481689453,5200,0.0,0.0
2004-03-08 00:00:00+09:00,202.01018212121377,211.29173928382545,202.01018212121377,206.92393493652344,37700,0.0,0.0
2004-03-09 00:00:00+09:00,212.9296417236328,212.9296417236328,210.74573963147122,212.9296417236328,3900,0.0,0.0
2004-03-10 00:00:00+09:00,217.29742895389182,217.29742895389182,213.47561645507812,213.47561645507812,7800,0.0,0.0
2004-03-11 00:00:00+09:00,212.92960649223258,212.92960649223258,210.19973474379685,212.38363647460938,11700,0.0,0.0
2004-03-12 00:00:00+09:00,211.83766928387496,212.38363930878393,210.19973754882812,210.19973754882812,6500,0.0,0.0
2004-03-15 00:00:00+09:00,210.19976034803787,211.83769226074216,210.19976034803787,211.8376922607422,10400,0.0,0.0
2004-03-16 00:00:00+09:00,218.3893551944226,226.57894897460938,214.0215516286908,226.57894897460938,131300,0.0,0.0
2004-03-17 00:00:00+09:00,223.8490753173828,229.3088188994185,222.75713526510367,223.8490753173828,41600,0.0,0.0
2004-03-18 00:00:00+09:00,223.84908413367643,223.84908413367643,218.93533204457225,220.5732421875,24700,0.0,0.0
2004-03-19 00:00:00+09:00,221.11919965898522,227.67088317871097,220.5732296423947,227.67088317871094,10400,0.0,0.0
2004-03-22 00:00:00+09:00,226.03300637032933,226.03300637032933,221.11923217773438,221.11923217773438,11700,0.0,0.0
2004-03-23 00:00:00+09:00,226.57898267408763,226.57898267408763,223.84911045456676,224.39508056640625,13000,0.0,0.0
2004-03-24 00:00:00+09:00,224.39506563596777,228.76284790039062,223.84909556045514,228.76284790039062,16900,0.0,0.0
2004-03-25 00:00:00+09:00,229.30886091694813,232.0387115478516,229.30886091694813,232.03871154785156,7800,0.0,0.0
2004-03-26 00:00:00+09:00,232.03868948926512,234.86843480745944,226.37922130564854,234.302490234375,14300,11.538462,0.0
2004-03-29 00:00:00+09:00,232.03868948926512,234.302490234375,229.77488874415525,234.302490234375,9100,0.0,0.0
2004-03-30 00:00:00+09:00,237.13227858438185,237.69824576653141,231.47280883789062,231.47280883789062,14300,0.0,0.0
2004-03-31 00:00:00+09:00,229.20894961722865,229.20894961722865,223.54948129913933,226.3792266845703,14300,0.0,0.0
2004-04-01 00:00:00+09:00,223.54948129913933,226.3792266845703,221.28568050024003,226.3792266845703,20800,0.0,0.0
2004-04-02 00:00:00+09:00,220.7197388301089,223.5494842529297,220.7197388301089,223.5494842529297,2600,0.0,0.0
2004-04-05 00:00:00+09:00,232.0387192292666,234.86846491014455,225.81328322189015,233.1706085205078,15600,0.0,0.0
2004-04-06 00:00:00+09:00,232.6046417947684,236.00033179892927,232.0386972028704,235.43438720703125,10400,0.0,0.0
2004-04-07 00:00:00+09:00,234.86845713505352,235.43440176193909,232.03871154785156,232.03871154785156,14300,0.0,0.0
2004-04-08 00:00:00+09:00,232.03871154785156,232.03871154785156,232.03871154785156,232.03871154785156,0,0.0,0.0
2004-04-09 00:00:00+09:00,232.03871154785156,232.03871154785156,232.03871154785156,232.03871154785156,0,0.0,0.0
2004-04-12 00:00:00+09:00,232.03871154785156,232.03871154785156,232.03871154785156,232.03871154785156,0,0.0,0.0
2004-04-13 00:00:00+09:00,224.68137047220267,226.94517127110197,224.68137047220267,226.3792266845703,7800,0.0,0.0
2004-04-14 00:00:00+09:00,229.2090111447004,232.03875728973122,226.9452321908987,228.64306640625,15600,0.0,0.0
2004-04-15 00:00:00+09:00,227.51111585763365,228.0770604441653,226.3792266845703,226.3792266845703,6500,0.0,0.0
2004-04-16 00:00:00+09:00,227.5111083984375,227.5111083984375,227.5111083984375,227.5111083984375,1300,0.0,0.0
2004-04-19 00:00:00+09:00,226.94517127110197,226.94517127110197,226.3792266845703,226.3792266845703,3900,0.0,0.0
2004-04-20 00:00:00+09:00,226.37922967575045,227.5111188637696,223.5494842529297,223.5494842529297,9100,0.0,0.0
2004-04-21 00:00:00+09:00,224.68137344094882,225.2473180349584,223.5494842529297,223.5494842529297,6500,0.0,0.0
2004-04-22 00:00:00+09:00,223.54951819128823,223.54951819128823,220.7197723388672,220.7197723388672,6500,0.0,0.0
2004-04-23 00:00:00+09:00,220.7197388301089,223.5494842529297,216.1921596252594,223.5494842529297,9100,0.0,0.0
2004-04-26 00:00:00+09:00,223.5494842529297,225.2473180349584,223.5494842529297,223.5494842529297,7800,0.0,0.0
2004-04-27 00:00:00+09:00,223.5494842529297,223.5494842529297,223.5494842529297,223.5494842529297,1300,0.0,0.0
2004-04-28 00:00:00+09:00,217.88995361328125,222.9834989346612,217.88995361328125,217.88995361328125,5200,0.0,0.0
2004-04-29 00:00:00+09:00,217.88995361328125,217.88995361328125,217.88995361328125,217.88995361328125,0,0.0,0.0
2004-04-30 00:00:00+09:00,218.45596359281848,219.58787536621094,218.45596359281848,219.58787536621094,3900,0.0,0.0
2004-05-03 00:00:00+09:00,219.58787536621094,219.58787536621094,219.58787536621094,219.58787536621094,0,0.0,0.0
2004-05-04 00:00:00+09:00,219.58787536621094,219.58787536621094,219.58787536621094,219.58787536621094,0,0.0,0.0
2004-05-05 00:00:00+09:00,219.58787536621094,219.58787536621094,219.58787536621094,219.58787536621094,0,0.0,0.0
2004-05-06 00:00:00+09:00,228.07709503029437,229.208984375,223.5495151986959,229.208984375,10400,0.0,0.0
2004-05-07 00:00:00+09:00,223.5494842529297,223.5494842529297,223.5494842529297,223.5494842529297,3900,0.0,0.0
2004-05-10 00:00:00+09:00,226.3792356304751,226.3792356304751,215.626220703125,215.626220703125,14300,0.0,0.0
2004-05-11 00:00:00+09:00,209.96673196850324,209.96673196850324,209.40078735351565,209.40078735351562,2600,0.0,0.0
2004-05-12 00:00:00+09:00,210.5326385498047,210.5326385498047,210.5326385498047,210.5326385498047,2600,0.0,0.0
2004-05-13 00:00:00+09:00,210.5326385498047,210.5326385498047,210.5326385498047,210.5326385498047,3900,0.0,0.0
2004-05-14 00:00:00+09:00,210.5326385498047,210.5326385498047,210.5326385498047,210.5326385498047,0,0.0,0.0
2004-05-17 00:00:00+09:00,204.87322956291342,204.87322956291342,201.4775390625,201.4775390625,3900,0.0,0.0
2004-05-18 00:00:00+09:00,201.4775390625,201.4775390625,201.4775390625,201.4775390625,1300,0.0,0.0
2004-05-19 00:00:00+09:00,215.62623224454373,217.32406616210938,215.62623224454373,217.32406616210938,6500,0.0,0.0
2004-05-20 00:00:00+09:00,223.5494842529297,224.68137344094882,223.5494842529297,223.5494842529297,5200,0.0,0.0
2004-05-21 00:00:00+09:00,223.5494842529297,223.5494842529297,223.5494842529297,223.5494842529297,7800,0.0,0.0
2004-05-24 00:00:00+09:00,229.20891285874748,231.47271329459866,229.20891285874748,230.90676879882812,6500,0.0,0.0
2004-05-25 00:00:00+09:00,232.03869898998255,232.03869898998255,226.94517517089844,226.94517517089844,9100,0.0,0.0
2004-05-26 00:00:00+09:00,226.94517517089844,226.94517517089844,226.94517517089844,226.94517517089844,0,0.0,0.0
2004-05-27 00:00:00+09:00,226.3792266845703,226.3792266845703,226.3792266845703,226.3792266845703,2600,0.0,0.0
2004-05-28 00:00:00+09:00,229.20896596064958,235.43440176193909,229.20896596064958,232.03871154785156,19500,0.0,0.0
2004-05-31 00:00:00+09:00,234.86844532914225,234.86844532914225,230.3408660888672,230.3408660888672,11700,0.0,0.0
2004-06-01 00:00:00+09:00,230.9067687988281,230.9067687988281,230.9067687988281,230.90676879882812,0,0.0,0.0
2004-06-02 00:00:00+09:00,230.9067687988281,230.9067687988281,230.9067687988281,230.90676879882812,0,0.0,0.0
2004-06-03 00:00:00+09:00,230.9067687988281,230.9067687988281,230.9067687988281,230.90676879882812,0,0.0,0.0
2004-06-04 00:00:00+09:00,230.3408660888672,230.3408660888672,230.3408660888672,230.3408660888672,0,0.0,0.0
2004-06-07 00:00:00+09:00,236.5662841796875,236.5662841796875,236.5662841796875,236.5662841796875,2600,0.0,0.0
2004-06-08 00:00:00+09:00,232.03871154785156,232.03871154785156,232.03871154785156,232.03871154785156,2600,0.0,0.0
2004-06-09 00:00:00+09:00,232.03871154785156,232.03871154785156,232.03871154785156,232.03871154785156,0,0.0,0.0
2004-06-10 00:00:00+09:00,229.20895773716921,231.47275861626576,229.20895773716921,229.77490234375,7800,0.0,0.0
2004-06-11 00:00:00+09:00,226.37928382077072,231.47280883789062,226.37928382077072,231.47280883789062,7800,0.0,0.0
2004-06-14 00:00:00+09:00,232.03869049151007,237.69818115234375,232.03869049151007,237.69818115234375,23400,0.0,0.0
2004-06-15 00:00:00+09:00,237.132278674202,237.69824585656596,232.03875365515276,234.86849975585938,13000,0.0,0.0
2004-06-16 00:00:00+09:00,234.86849975585935,234.86849975585935,234.86849975585935,234.86849975585938,3900,0.0,0.0
2004-06-17 00:00:00+09:00,237.132278674202,237.132278674202,234.86849975585935,234.86849975585938,5200,0.0,0.0
2004-06-18 00:00:00+09:00,235.43439022391414,235.43439022391414,232.6046447753906,232.60464477539062,2600,0.0,0.0
2004-06-21 00:00:00+09:00,234.30249124639798,240.52790402998843,234.30249124639798,237.69818115234375,7800,0.0,0.0
2004-06-22 00:00:00+09:00,237.69820239693593,254.67663099136223,236.56629069193977,248.4512176513672,66300,0.0,0.0
2004-06-23 00:00:00+09:00,242.79172140136322,243.357666015625,241.09388755857793,243.357666015625,6500,0.0,0.0
2004-06-24 00:00:00+09:00,246.18741669414908,248.4512176513672,246.18741669414908,248.4512176513672,13000,0.0,0.0
2004-06-25 00:00:00+09:00,239.9619545864583,247.88522338867188,239.9619545864583,247.88522338867188,10400,0.0,0.0
2004-06-28 00:00:00+09:00,247.88521064095517,254.6765899658203,243.35763190863523,254.6765899658203,6500,0.0,0.0
2004-06-29 00:00:00+09:00,249.01713496953934,249.01713496953934,247.88522338867188,247.88522338867188,6500,0.0,0.0
2004-06-30 00:00:00+09:00,247.88522338867188,247.88522338867188,247.88522338867188,247.88522338867188,0,0.0,0.0
2004-07-01 00:00:00+09:00,254.6765899658203,254.6765899658203,249.01712216361307,254.6765899658203,11700,0.0,0.0
2004-07-02 00:00:00+09:00,249.58306669855673,254.6765899658203,249.58306669855673,254.6765899658203,5200,0.0,0.0
2004-07-05 00:00:00+09:00,260.33605312445724,260.33605312445724,252.41278555437563,255.2425079345703,13000,0.0,0.0
2004-07-06 00:00:00+09:00,249.01718480415835,249.01718480415835,246.18743896484378,246.18743896484375,6500,0.0,0.0
2004-07-07 00:00:00+09:00,246.18739033971318,249.0171356201172,246.18739033971318,249.0171356201172,7800,0.0,0.0
2004-07-08 00:00:00+09:00,249.01710974182808,251.84683227539065,249.01710974182808,251.84683227539062,7800,0.0,0.0
2004-07-09 00:00:00+09:00,254.6765899658203,255.8085014884782,251.8468448383314,254.6765899658203,13000,0.0,0.0
2004-07-12 00:00:00+09:00,249.5831084535218,257.5063781738281,249.5831084535218,257.5063781738281,5200,0.0,0.0
2004-07-13 00:00:00+09:00,260.3360571255005,263.1658020019531,260.3360571255005,263.1658020019531,3900,0.0,0.0
2004-07-14 00:00:00+09:00,265.4295959472656,265.4295959472656,263.1658178718044,265.4295959472656,6500,0.0,0.0
2004-07-15 00:00:00+09:00,265.42957994090034,265.42957994090034,263.1658020019531,263.1658020019531,10400,0.0,0.0
2004-07-16 00:00:00+09:00,260.33612060546875,260.33612060546875,260.33612060546875,260.33612060546875,0,0.0,0.0
2004-07-19 00:00:00+09:00,260.33612060546875,260.33612060546875,260.33612060546875,260.33612060546875,0,0.0,0.0
2004-07-20 00:00:00+09:00,257.5063781738281,257.5063781738281,257.5063781738281,257.5063781738281,2600,0.0,0.0
2004-07-21 00:00:00+09:00,258.0722961425781,258.0722961425781,258.0722961425781,258.0722961425781,1300,0.0,0.0
2004-07-22 00:00:00+09:00,258.0723228034537,258.0723228034537,257.5063781738281,257.5063781738281,2600,0.0,0.0
2004-07-23 00:00:00+09:00,263.1657614112104,265.9954833984375,263.1657614112104,265.9954833984375,16900,0.0,0.0
2004-07-26 00:00:00+09:00,260.33612060546875,260.33612060546875,260.33612060546875,260.33612060546875,1300,0.0,0.0
2004-07-27 00:00:00+09:00,260.33612060546875,260.33612060546875,260.33612060546875,260.33612060546875,3900,0.0,0.0
2004-07-28 00:00:00+09:00,259.7701721191406,259.7701721191406,259.7701721191406,259.7701721191406,2600,0.0,0.0
2004-07-29 00:00:00+09:00,259.7701791451047,259.7701791451047,257.5063781738281,257.5063781738281,2600,0.0,0.0
2004-07-30 00:00:00+09:00,265.9955650443492,265.9955650443492,255.24255083401076,258.0722961425781,5200,0.0,0.0
2004-08-02 00:00:00+09:00,258.0722961425781,258.0722961425781,258.0722961425781,258.0722961425781,0,0.0,0.0
2004-08-03 00:00:00+09:00,258.0722961425781,258.0722961425781,258.0722961425781,258.0722961425781,1300,0.0,0.0
2004-08-04 00:00:00+09:00,254.6765899658203,254.6765899658203,254.6765899658203,254.6765899658203,1300,0.0,0.0
2004-08-05 00:00:00+09:00,254.1107177734375,254.1107177734375,254.1107177734375,254.1107177734375,2600,0.0,0.0
2004-08-06 00:00:00+09:00,253.54467773437497,253.54467773437497,253.54467773437497,253.544677734375,0,0.0,0.0
2004-08-09 00:00:00+09:00,254.1107177734375,254.1107177734375,254.1107177734375,254.1107177734375,1300,0.0,0.0
2004-08-10 00:00:00+09:00,254.1107177734375,254.1107177734375,254.1107177734375,254.1107177734375,0,0.0,0.0
2004-08-11 00:00:00+09:00,253.54467773437497,253.54467773437497,253.54467773437497,253.544677734375,0,0.0,0.0
2004-08-12 00:00:00+09:00,253.54467773437497,253.54467773437497,253.54467773437497,253.544677734375,0,0.0,0.0
2004-08-13 00:00:00+09:00,249.0171356201172,249.0171356201172,249.0171356201172,249.0171356201172,2600,0.0,0.0
2004-08-16 00:00:00+09:00,249.0171356201172,249.0171356201172,249.0171356201172,249.0171356201172,0,0.0,0.0
2004-08-17 00:00:00+09:00,246.18743896484378,246.18743896484378,246.18743896484378,246.18743896484375,1300,0.0,0.0
2004-08-18 00:00:00+09:00,234.86849975585935,234.86849975585935,234.86849975585935,234.86849975585938,1300,0.0,0.0
2004-08-19 00:00:00+09:00,232.03871154785156,232.03871154785156,226.9451874531074,232.03871154785156,7800,0.0,0.0
2004-08-20 00:00:00+09:00,229.208984375,229.208984375,229.208984375,229.208984375,1300,0.0,0.0
2004-08-23 00:00:00+09:00,232.03875365515276,234.86849975585935,232.03875365515276,234.86849975585938,2600,0.0,0.0
2004-08-24 00:00:00+09:00,234.86849975585935,234.86849975585935,234.86849975585935,234.86849975585938,1300,0.0,0.0
2004-08-25 00:00:00+09:00,237.69817796081574,252.41282653808594,237.69817796081574,252.41282653808594,10400,0.0,0.0
2004-08-26 00:00:00+09:00,251.84683227539065,251.84683227539065,251.84683227539065,251.84683227539062,0,0.0,0.0
2004-08-27 00:00:00+09:00,249.0171356201172,249.0171356201172,249.0171356201172,249.0171356201172,0,0.0,0.0
2004-08-30 00:00:00+09:00,237.69818115234375,237.69818115234375,237.69818115234375,237.69818115234375,2600,0.0,0.0
2004-08-31 00:00:00+09:00,237.69818115234375,237.69818115234375,237.69818115234375,237.69818115234375,0,0.0,0.0
2004-09-01 00:00:00+09:00,234.8684358219269,237.69818115234375,234.8684358219269,237.69818115234375,3900,0.0,0.0
2004-09-02 00:00:00+09:00,237.69818115234375,237.69818115234375,237.69818115234375,237.69818115234375,0,0.0,0.0
2004-09-03 00:00:00+09:00,237.69818115234375,237.69818115234375,237.69818115234375,237.69818115234375,1300,0.0,0.0
2004-09-06 00:00:00+09:00,247.88522338867188,247.88522338867188,247.88522338867188,247.88522338867188,2600,0.0,0.0
2004-09-07 00:00:00+09:00,243.357666015625,243.357666015625,243.357666015625,243.357666015625,1300,0.0,0.0
2004-09-08 00:00:00+09:00,243.357666015625,243.357666015625,243.357666015625,243.357666015625,2600,0.0,0.0
2004-09-09 00:00:00+09:00,243.357666015625,243.357666015625,237.6981974202336,243.357666015625,6500,0.0,0.0
2004-09-10 00:00:00+09:00,243.357666015625,243.357666015625,243.357666015625,243.357666015625,1300,0.0,0.0
2004-09-13 00:00:00+09:00,249.01717659413083,249.01717659413083,243.92362976074216,243.9236297607422,5200,0.0,0.0
2004-09-14 00:00:00+09:00,249.01714245178857,249.01714245178857,246.7533416748047,246.7533416748047,5200,0.0,0.0
2004-09-15 00:00:00+09:00,247.31928625585755,247.31928625585755,246.7533416748047,246.7533416748047,2600,0.0,0.0
2004-09-16 00:00:00+09:00,246.7533416748047,246.7533416748047,246.7533416748047,246.7533416748047,0,0.0,0.0
2004-09-17 00:00:00+09:00,244.48960876464847,244.48960876464847,244.48960876464847,244.48960876464844,1300,0.0,0.0
2004-09-20 00:00:00+09:00,244.48960876464847,244.48960876464847,244.48960876464847,244.48960876464844,0,0.0,0.0
2004-09-21 00:00:00+09:00,243.92362976074216,243.92362976074216,243.92362976074216,243.9236297607422,1300,0.0,0.0
2004-09-22 00:00:00+09:00,243.357666015625,243.357666015625,243.357666015625,243.357666015625,7800,0.0,0.0
2004-09-23 00:00:00+09:00,243.357666015625,243.357666015625,243.357666015625,243.357666015625,0,0.0,0.0
2004-09-24 00:00:00+09:00,251.84689988737398,251.84689988737398,243.92362976074216,243.9236297607422,2600,0.0,0.0
2004-09-27 00:00:00+09:00,243.92362976074216,243.92362976074216,243.92362976074216,243.9236297607422,0,0.0,0.0
2004-09-28 00:00:00+09:00,243.92362976074216,243.92362976074216,243.92362976074216,243.9236297607422,0,0.0,0.0
2004-09-29 00:00:00+09:00,243.357666015625,243.357666015625,243.357666015625,243.357666015625,1300,0.0,0.0
2004-09-30 00:00:00+09:00,243.357666015625,243.357666015625,243.357666015625,243.357666015625,1300,0.0,0.0
2004-10-01 00:00:00+09:00,242.79170227050784,242.79170227050784,242.79170227050784,242.7917022705078,0,0.0,0.0
2004-10-04 00:00:00+09:00,244.48954742764118,244.48954742764118,242.22576904296875,242.22576904296875,3900,0.0,0.0
2004-10-05 00:00:00+09:00,247.88529964633346,247.88529964633346,244.48960876464847,244.48960876464844,5200,0.0,0.0
2004-10-06 00:00:00+09:00,244.48960876464847,244.48960876464847,244.48960876464847,244.48960876464844,0,0.0,0.0
2004-10-07 00:00:00+09:00,240.5279472862146,246.18743896484378,240.5279472862146,246.18743896484375,3900,0.0,0.0
2004-10-08 00:00:00+09:00,245.0554962158203,245.0554962158203,245.0554962158203,245.0554962158203,0,0.0,0.0
2004-10-11 00:00:00+09:00,245.0554962158203,245.0554962158203,245.0554962158203,245.0554962158203,0,0.0,0.0
2004-10-12 00:00:00+09:00,243.357666015625,243.357666015625,243.357666015625,243.357666015625,1300,0.0,0.0
2004-10-13 00:00:00+09:00,243.35763497986756,243.35763497986756,241.09385681152347,241.09385681152344,3900,0.0,0.0
2004-10-14 00:00:00+09:00,243.92362976074216,243.92362976074216,243.35768510209354,243.9236297607422,5200,0.0,0.0
2004-10-15 00:00:00+09:00,241.65980135360948,241.65980135360948,241.09385681152347,241.09385681152344,3900,0.0,0.0
2004-10-18 00:00:00+09:00,241.09385681152347,241.09385681152347,241.09385681152347,241.09385681152344,0,0.0,0.0
2004-10-19 00:00:00+09:00,241.09385681152347,241.09385681152347,241.09385681152347,241.09385681152344,0,0.0,0.0
2004-10-20 00:00:00+09:00,241.09385681152347,241.09385681152347,241.09385681152347,241.09385681152344,0,0.0,0.0
2004-10-21 00:00:00+09:00,241.09385681152347,241.09385681152347,241.09385681152347,241.09385681152344,0,0.0,0.0
2004-10-22 00:00:00+09:00,241.09385681152347,241.09385681152347,241.09385681152347,241.09385681152344,0,0.0,0.0
2004-10-25 00:00:00+09:00,241.0939144162985,246.18743896484378,241.0939144162985,246.18743896484375,2600,0.0,0.0
2004-10-26 00:00:00+09:00,241.6597900390625,241.6597900390625,241.6597900390625,241.6597900390625,0,0.0,0.0
2004-10-27 00:00:00+09:00,241.6597900390625,241.6597900390625,241.6597900390625,241.6597900390625,0,0.0,0.0
2004-10-28 00:00:00+09:00,241.09385681152347,241.09385681152347,241.09385681152347,241.09385681152344,0,0.0,0.0
2004-10-29 00:00:00+09:00,241.09385681152347,241.09385681152347,241.09385681152347,241.09385681152344,0,0.0,0.0
2004-11-01 00:00:00+09:00,229.7748993268671,232.6046447753906,229.7748993268671,232.60464477539062,2600,0.0,0.0
2004-11-02 00:00:00+09:00,235.43438720703125,235.43438720703125,235.43438720703125,235.43438720703125,1300,0.0,0.0
2004-11-03 00:00:00+09:00,235.43438720703125,235.43438720703125,235.43438720703125,235.43438720703125,0,0.0,0.0
2004-11-04 00:00:00+09:00,235.43438720703125,235.43438720703125,235.43438720703125,235.43438720703125,1300,0.0,0.0
2004-11-05 00:00:00+09:00,243.92362976074216,243.92362976074216,243.92362976074216,243.9236297607422,2600,0.0,0.0
2004-11-08 00:00:00+09:00,238.26412572787268,238.26412572787268,237.69818115234375,237.69818115234375,6500,0.0,0.0
2004-11-09 00:00:00+09:00,237.69818115234375,237.69818115234375,237.69818115234375,237.69818115234375,0,0.0,0.0
2004-11-10 00:00:00+09:00,245.62139892578125,245.62139892578125,245.62139892578125,245.62139892578125,1300,0.0,0.0
2004-11-11 00:00:00+09:00,245.62139892578125,245.62139892578125,245.62139892578125,245.62139892578125,1300,0.0,0.0
2004-11-12 00:00:00+09:00,234.8684358219269,237.69818115234375,234.8684358219269,237.69818115234375,6500,0.0,0.0
2004-11-15 00:00:00+09:00,238.8301124534962,239.39605712890628,238.8301124534962,239.39605712890625,2600,0.0,0.0
2004-11-16 00:00:00+09:00,239.96194802560555,239.96194802560555,238.2641143798828,238.2641143798828,14300,0.0,0.0
2004-11-17 00:00:00+09:00,238.2641143798828,238.2641143798828,238.2641143798828,238.2641143798828,0,0.0,0.0
2004-11-18 00:00:00+09:00,236.5662038176932,236.5662038176932,236.00025939941406,236.00025939941406,2600,0.0,0.0
2004-11-19 00:00:00+09:00,236.00038921503068,236.00038921503068,234.86849975585935,234.86849975585938,6500,0.0,0.0
2004-11-22 00:00:00+09:00,234.86849975585935,234.86849975585935,234.86849975585935,234.86849975585938,0,0.0,0.0
2004-11-23 00:00:00+09:00,234.86849975585935,234.86849975585935,234.86849975585935,234.86849975585938,0,0.0,0.0
2004-11-24 00:00:00+09:00,234.86849975585935,234.86849975585935,234.86849975585935,234.86849975585938,2600,0.0,0.0
2004-11-25 00:00:00+09:00,235.43438720703125,235.43438720703125,235.43438720703125,235.43438720703125,2600,0.0,0.0
2004-11-26 00:00:00+09:00,235.43438720703125,235.43438720703125,235.43438720703125,235.43438720703125,0,0.0,0.0
2004-11-29 00:00:00+09:00,235.43438720703125,235.43438720703125,235.43438720703125,235.43438720703125,0,0.0,0.0
2004-11-30 00:00:00+09:00,235.43438720703125,235.43438720703125,235.43438720703125,235.43438720703125,0,0.0,0.0
2004-12-01 00:00:00+09:00,235.43438720703125,235.43438720703125,235.43438720703125,235.43438720703125,0,0.0,0.0
2004-12-02 00:00:00+09:00,233.1706085205078,233.1706085205078,233.1706085205078,233.1706085205078,1300,0.0,0.0
2004-12-03 00:00:00+09:00,233.1706085205078,233.1706085205078,233.1706085205078,233.1706085205078,0,0.0,0.0
2004-12-06 00:00:00+09:00,241.6597900390625,241.6597900390625,241.6597900390625,241.6597900390625,6500,0.0,0.0
2004-12-07 00:00:00+09:00,236.00025939941406,236.00025939941406,236.00025939941406,236.00025939941406,3900,0.0,0.0
2004-12-08 00:00:00+09:00,236.00025939941406,236.00025939941406,236.00025939941406,236.00025939941406,5200,0.0,0.0
2004-12-09 00:00:00+09:00,236.00025939941406,236.00025939941406,236.00025939941406,236.00025939941406,0,0.0,0.0
2004-12-10 00:00:00+09:00,231.47280883789062,231.47280883789062,231.47280883789062,231.47280883789062,1300,0.0,0.0
2004-12-13 00:00:00+09:00,232.0387192292666,233.1706085205078,232.0387192292666,233.1706085205078,2600,0.0,0.0
2004-12-14 00:00:00+09:00,232.0386980906932,238.830078125,232.0386980906932,238.830078125,9100,0.0,0.0
2004-12-15 00:00:00+09:00,231.47280883789062,231.47280883789062,231.47280883789062,231.47280883789062,1300,0.0,0.0
2004-12-16 00:00:00+09:00,234.86844870852389,234.86844870852389,229.77490234375,229.77490234375,5200,0.0,0.0
2004-12-17 00:00:00+09:00,232.6046447753906,232.6046447753906,232.6046447753906,232.60464477539062,0,0.0,0.0
2004-12-20 00:00:00+09:00,232.03869049151007,237.69818115234375,232.03869049151007,237.69818115234375,9100,0.0,0.0
2004-12-21 00:00:00+09:00,234.86849975585935,234.86849975585935,234.86849975585935,234.86849975585938,1300,0.0,0.0
2004-12-22 00:00:00+09:00,234.302490234375,234.302490234375,234.302490234375,234.302490234375,1300,0.0,0.0
2004-12-23 00:00:00+09:00,234.302490234375,234.302490234375,234.302490234375,234.302490234375,0,0.0,0.0
2004-12-24 00:00:00+09:00,239.96195696939603,242.79170227050784,239.96195696939603,242.7917022705078,5200,0.0,0.0
2004-12-27 00:00:00+09:00,242.79170227050784,242.79170227050784,242.79170227050784,242.7917022705078,0,0.0,0.0
2004-12-28 00:00:00+09:00,238.2641905861516,238.2641905861516,234.86849975585935,234.86849975585938,3900,0.0,0.0
2004-12-29 00:00:00+09:00,237.6981880273961,237.6981880273961,235.43438720703125,235.43438720703125,2600,0.0,0.0
2004-12-30 00:00:00+09:00,237.69818115234375,237.69818115234375,237.69818115234375,237.69818115234375,1300,0.0,0.0
2004-12-31 00:00:00+09:00,237.69818115234375,237.69818115234375,237.69818115234375,237.69818115234375,0,0.0,0.0
2005-01-03 00:00:00+09:00,237.69818115234375,237.69818115234375,237.69818115234375,237.69818115234375,0,0.0,0.0
2005-01-04 00:00:00+09:00,241.09385681152347,241.09385681152347,241.09385681152347,241.09385681152344,1300,0.0,0.0
2005-01-05 00:00:00+09:00,247.88524538249285,247.88524538249285,243.357666015625,243.357666015625,6500,0.0,0.0
2005-01-06 00:00:00+09:00,243.357609677676,253.54467773437497,243.357609677676,253.544677734375,11700,0.0,0.0
2005-01-07 00:00:00+09:00,253.54468824829763,253.54468824829763,251.28088776867813,251.84683227539062,14300,0.0,0.0
2005-01-10 00:00:00+09:00,251.84683227539065,251.84683227539065,251.84683227539065,251.84683227539062,0,0.0,0.0
2005-01-11 00:00:00+09:00,249.5830795335872,249.5830795335872,247.88522338867188,247.88522338867188,7800,0.0,0.0
2005-01-12 00:00:00+09:00,244.48960876464847,244.48960876464847,244.48960876464847,244.48960876464844,1300,0.0,0.0
2005-01-13 00:00:00+09:00,244.48952920905327,246.75332987780743,244.48952920905327,245.0554962158203,14300,0.0,0.0
2005-01-14 00:00:00+09:00,244.48953419036206,249.0171356201172,243.35764505930916,249.0171356201172,18200,0.0,0.0
2005-01-17 00:00:00+09:00,250.7149697401583,251.28091430664062,250.7149697401583,251.28091430664062,3900,0.0,0.0
2005-01-18 00:00:00+09:00,251.28091430664062,251.28091430664062,251.28091430664062,251.28091430664062,1300,0.0,0.0
2005-01-19 00:00:00+09:00,250.7149505615234,250.7149505615234,250.7149505615234,250.71495056152344,0,0.0,0.0
2005-01-20 00:00:00+09:00,250.7149505615234,250.7149505615234,250.7149505615234,250.71495056152344,1300,0.0,0.0
2005-01-21 00:00:00+09:00,250.14901733398438,250.14901733398438,250.14901733398438,250.14901733398438,1300,0.0,0.0
2005-01-24 00:00:00+09:00,249.01712823649322,250.14901733398438,249.01712823649322,250.14901733398438,5200,0.0,0.0
2005-01-25 00:00:00+09:00,251.8469085956835,251.8469085956835,249.5831298828125,249.5831298828125,3900,0.0,0.0
2005-01-26 00:00:00+09:00,249.5831298828125,249.5831298828125,249.5831298828125,249.5831298828125,1300,0.0,0.0
2005-01-27 00:00:00+09:00,251.2808950847134,251.2808950847134,250.7149505615234,250.71495056152344,3900,0.0,0.0
2005-01-28 00:00:00+09:00,250.7149505615234,250.7149505615234,250.7149505615234,250.71495056152344,0,0.0,0.0
2005-01-31 00:00:00+09:00,250.71496931669654,250.71496931669654,249.0171356201172,249.0171356201172,9100,0.0,0.0
2005-02-01 00:00:00+09:00,249.01713496953934,249.01713496953934,247.88522338867188,247.88522338867188,2600,0.0,0.0
2005-02-02 00:00:00+09:00,249.0171356201172,249.0171356201172,249.0171356201172,249.0171356201172,6500,0.0,0.0
2005-02-03 00:00:00+09:00,249.0171356201172,249.0171356201172,249.0171356201172,249.0171356201172,0,0.0,0.0
2005-02-04 00:00:00+09:00,249.0171356201172,249.0171356201172,249.0171356201172,249.0171356201172,0,0.0,0.0
2005-02-07 00:00:00+09:00,264.8636961007811,264.8636961007811,259.7701721191406,259.7701721191406,5200,0.0,0.0
2005-02-08 00:00:00+09:00,248.4512176513672,248.4512176513672,248.4512176513672,248.4512176513672,1300,0.0,0.0
2005-02-09 00:00:00+09:00,251.84683227539065,251.84683227539065,251.84683227539065,251.84683227539062,2600,0.0,0.0
2005-02-10 00:00:00+09:00,251.84683227539065,251.84683227539065,251.84683227539065,251.84683227539062,9100,0.0,0.0
2005-02-11 00:00:00+09:00,251.84683227539065,251.84683227539065,251.84683227539065,251.84683227539062,0,0.0,0.0
2005-02-14 00:00:00+09:00,251.28088776867813,251.84683227539065,251.28088776867813,251.84683227539062,2600,0.0,0.0
2005-02-15 00:00:00+09:00,253.54467773437497,253.54467773437497,253.54467773437497,253.544677734375,3900,0.0,0.0
2005-02-16 00:00:00+09:00,253.54467773437497,253.54467773437497,253.54467773437497,253.544677734375,6500,0.0,0.0
2005-02-17 00:00:00+09:00,254.1107177734375,254.1107177734375,254.1107177734375,254.1107177734375,0,0.0,0.0
2005-02-18 00:00:00+09:00,251.8468584477494,251.8468584477494,249.0171356201172,249.0171356201172,9100,0.0,0.0
2005-02-21 00:00:00+09:00,249.01718520459474,249.5831298828125,249.01718520459474,249.5831298828125,3900,0.0,0.0
2005-02-22 00:00:00+09:00,249.0171356201172,249.0171356201172,249.0171356201172,249.0171356201172,2600,0.0,0.0
2005-02-23 00:00:00+09:00,250.14901733398438,250.14901733398438,250.14901733398438,250.14901733398438,0,0.0,0.0
2005-02-24 00:00:00+09:00,250.14901733398438,250.14901733398438,250.14901733398438,250.14901733398438,0,0.0,0.0
2005-02-25 00:00:00+09:00,254.6766256847264,259.7701721191406,251.28093554604146,259.7701721191406,6500,0.0,0.0
2005-02-28 00:00:00+09:00,260.33612060546875,260.33612060546875,260.33612060546875,260.33612060546875,9100,0.0,0.0
2005-03-01 00:00:00+09:00,260.33601697121816,265.9954833984375,260.33601697121816,265.9954833984375,7800,0.0,0.0
2005-03-02 00:00:00+09:00,265.9955720002461,271.65506276537894,265.9955720002461,268.8253173828125,5200,0.0,0.0
2005-03-03 00:00:00+09:00,271.65503990566526,271.65503990566526,269.391239299556,269.9571838378906,6500,0.0,0.0
2005-03-04 00:00:00+09:00,274.48480224609375,274.48480224609375,274.48480224609375,274.48480224609375,3900,0.0,0.0
2005-03-07 00:00:00+09:00,282.9740295410156,285.23783039920863,282.9740295410156,282.9740295410156,7800,0.0,0.0
2005-03-08 00:00:00+09:00,285.8037641208185,285.8037641208185,271.6550598144531,271.6550598144531,6500,0.0,0.0
2005-03-09 00:00:00+09:00,271.6550598144531,271.6550598144531,271.6550598144531,271.6550598144531,3900,0.0,0.0
2005-03-10 00:00:00+09:00,277.3145751953125,277.3145751953125,277.3145751953125,277.3145751953125,0,0.0,0.0
2005-03-11 00:00:00+09:00,277.3145751953125,277.3145751953125,277.3145751953125,277.3145751953125,1300,0.0,0.0
2005-03-14 00:00:00+09:00,276.74853515625,276.74853515625,276.74853515625,276.74853515625,1300,0.0,0.0
2005-03-15 00:00:00+09:00,277.3145751953125,277.3145751953125,274.4848518153421,277.3145751953125,13000,0.0,0.0
2005-03-16 00:00:00+09:00,277.3145048398569,285.8037401843542,277.3145048398569,282.4080505371094,5200,0.0,0.0
2005-03-17 00:00:00+09:00,284.6718633450805,284.6718633450805,282.9740295410156,282.9740295410156,9100,0.0,0.0
2005-03-18 00:00:00+09:00,284.1059187437255,285.80377500056363,282.9740295410156,282.9740295410156,3900,0.0,0.0
2005-03-21 00:00:00+09:00,282.9740295410156,282.9740295410156,282.9740295410156,282.9740295410156,0,0.0,0.0
2005-03-22 00:00:00+09:00,282.4080849396607,282.9740295410156,282.4080849396607,282.9740295410156,6500,0.0,0.0
2005-03-23 00:00:00+09:00,282.97399240762525,285.23779296875,282.97399240762525,285.23779296875,3900,0.0,0.0
2005-03-24 00:00:00+09:00,282.9739963276642,285.8037414550781,282.9739963276642,285.8037414550781,3900,0.0,0.0
2005-03-25 00:00:00+09:00,285.8037414550781,285.8037414550781,285.8037414550781,285.8037414550781,1300,0.0,0.0
2005-03-28 00:00:00+09:00,285.80381269355223,285.80381269355223,277.3145751953125,277.3145751953125,3900,0.0,0.0
2005-03-29 00:00:00+09:00,277.3145751953125,277.3145751953125,277.3145751953125,277.3145751953125,0,0.0,0.0
2005-03-30 00:00:00+09:00,268.82530560733346,268.82530560733346,267.1274719238281,267.1274719238281,3900,0.0,0.0
2005-03-31 00:00:00+09:00,266.5614929199219,266.5614929199219,266.5614929199219,266.5614929199219,0,0.0,0.0
2005-04-01 00:00:00+09:00,266.5614929199219,266.5614929199219,266.5614929199219,266.5614929199219,0,0.0,0.0
2005-04-04 00:00:00+09:00,261.468017578125,261.468017578125,261.468017578125,261.468017578125,1300,0.0,0.0
2005-04-05 00:00:00+09:00,270.5231401267847,270.5231401267847,262.0339050292969,262.0339050292969,3900,0.0,0.0
2005-04-06 00:00:00+09:00,263.7317610299024,263.7317610299024,262.0339050292969,262.0339050292969,3900,0.0,0.0
2005-04-07 00:00:00+09:00,263.1658020019531,263.1658020019531,263.1658020019531,263.1658020019531,0,0.0,0.0
2005-04-08 00:00:00+09:00,264.86367230159465,270.5231628417969,264.86367230159465,270.5231628417969,5200,0.0,0.0
2005-04-11 00:00:00+09:00,267.693428210895,268.8253173828125,267.693428210895,268.8253173828125,3900,0.0,0.0
2005-04-12 00:00:00+09:00,269.39125411855673,269.39125411855673,267.69342041015625,267.69342041015625,5200,0.0,0.0
2005-04-13 00:00:00+09:00,266.56151658620485,268.8253173828125,263.1658490704523,268.8253173828125,7800,0.0,0.0
2005-04-14 00:00:00+09:00,274.48480814794533,274.48480814794533,268.8253173828125,268.8253173828125,6500,0.0,0.0
2005-04-15 00:00:00+09:00,268.8253173828125,268.8253173828125,268.8253173828125,268.8253173828125,1300,0.0,0.0
2005-04-18 00:00:00+09:00,264.8636474609375,264.8636474609375,264.8636474609375,264.8636474609375,1300,0.0,0.0
2005-04-19 00:00:00+09:00,256.37445068359375,256.37445068359375,256.37445068359375,256.37445068359375,1300,0.0,0.0
2005-04-20 00:00:00+09:00,258.0722961425781,258.0722961425781,258.0722961425781,258.0722961425781,1300,0.0,0.0
2005-04-21 00:00:00+09:00,259.2042236328125,259.2042236328125,259.2042236328125,259.2042236328125,0,0.0,0.0
2005-04-22 00:00:00+09:00,260.33612060546875,260.33612060546875,260.33612060546875,260.33612060546875,0,0.0,0.0
2005-04-25 00:00:00+09:00,269.3912353515625,269.3912353515625,269.3912353515625,269.3912353515625,2600,0.0,0.0
2005-04-26 00:00:00+09:00,269.3912353515625,269.3912353515625,269.3912353515625,269.3912353515625,2600,0.0,0.0
2005-04-27 00:00:00+09:00,269.3912353515625,269.3912353515625,269.3912353515625,269.3912353515625,0,0.0,0.0
2005-04-28 00:00:00+09:00,269.3912353515625,269.3912353515625,269.3912353515625,269.3912353515625,0,0.0,0.0
2005-04-29 00:00:00+09:00,269.3912353515625,269.3912353515625,269.3912353515625,269.3912353515625,0,0.0,0.0
2005-05-02 00:00:00+09:00,269.3912353515625,269.3912353515625,269.3912353515625,269.3912353515625,3900,0.0,0.0
2005-05-03 00:00:00+09:00,269.3912353515625,269.3912353515625,269.3912353515625,269.3912353515625,0,0.0,0.0
2005-05-04 00:00:00+09:00,269.3912353515625,269.3912353515625,269.3912353515625,269.3912353515625,0,0.0,0.0
2005-05-05 00:00:00+09:00,269.3912353515625,269.3912353515625,269.3912353515625,269.3912353515625,0,0.0,0.0
2005-05-06 00:00:00+09:00,277.88054232408274,277.88054232408274,277.3145751953125,277.3145751953125,5200,0.0,0.0
2005-05-09 00:00:00+09:00,291.4632434668864,291.4632434668864,282.9740295410156,282.9740295410156,6500,0.0,0.0
2005-05-10 00:00:00+09:00,282.9740295410156,282.9740295410156,282.9740295410156,282.9740295410156,1300,0.0,0.0
2005-05-11 00:00:00+09:00,282.9740295410156,282.9740295410156,282.9740295410156,282.9740295410156,6500,0.0,0.0
2005-05-12 00:00:00+09:00,282.4080505371094,282.4080505371094,282.4080505371094,282.4080505371094,0,0.0,0.0
2005-05-13 00:00:00+09:00,281.8421325683594,281.8421325683594,281.8421325683594,281.8421325683594,0,0.0,0.0
2005-05-16 00:00:00+09:00,281.27618408203125,281.27618408203125,281.27618408203125,281.27618408203125,0,0.0,0.0
2005-05-17 00:00:00+09:00,281.27618408203125,281.27618408203125,281.27618408203125,281.27618408203125,1300,0.0,0.0
2005-05-18 00:00:00+09:00,263.1658178718044,265.4295959472656,263.1658178718044,265.4295959472656,2600,0.0,0.0
2005-05-19 00:00:00+09:00,263.16581651395717,263.16581651395717,256.37443741707483,262.0339050292969,7800,0.0,0.0
2005-05-20 00:00:00+09:00,260.3361237747302,260.3361237747302,257.5063781738281,257.5063781738281,2600,0.0,0.0
2005-05-23 00:00:00+09:00,254.6765899658203,254.6765899658203,254.6765899658203,254.6765899658203,3900,0.0,0.0
2005-05-24 00:00:00+09:00,254.1107177734375,254.1107177734375,254.1107177734375,254.1107177734375,0,0.0,0.0
2005-05-25 00:00:00+09:00,254.1107177734375,254.1107177734375,254.1107177734375,254.1107177734375,1300,0.0,0.0
2005-05-26 00:00:00+09:00,254.6765899658203,254.6765899658203,254.6765899658203,254.6765899658203,1300,0.0,0.0
2005-05-27 00:00:00+09:00,254.6765899658203,254.6765899658203,254.6765899658203,254.6765899658203,2600,0.0,0.0
2005-05-30 00:00:00+09:00,254.6765899658203,254.6765899658203,254.6765899658203,254.6765899658203,1300,0.0,0.0
2005-05-31 00:00:00+09:00,254.6765899658203,254.6765899658203,254.6765899658203,254.6765899658203,1300,0.0,0.0
2005-06-01 00:00:00+09:00,254.6765899658203,254.6765899658203,254.6765899658203,254.6765899658203,0,0.0,0.0
2005-06-02 00:00:00+09:00,254.6765899658203,254.6765899658203,254.6765899658203,254.6765899658203,0,0.0,0.0
2005-06-03 00:00:00+09:00,254.6765899658203,254.6765899658203,254.6765899658203,254.6765899658203,0,0.0,0.0
2005-06-06 00:00:00+09:00,260.33612060546875,260.33612060546875,260.33612060546875,260.33612060546875,2600,0.0,0.0
2005-06-07 00:00:00+09:00,254.11066024187627,254.11066024187627,252.41282653808594,252.41282653808594,2600,0.0,0.0
2005-06-08 00:00:00+09:00,252.41282653808594,252.41282653808594,252.41282653808594,252.41282653808594,2600,0.0,0.0
2005-06-09 00:00:00+09:00,252.97877110601607,252.97877110601607,252.41282653808594,252.41282653808594,5200,0.0,0.0
2005-06-10 00:00:00+09:00,251.84683227539065,251.84683227539065,251.84683227539065,251.84683227539062,0,0.0,0.0
2005-06-13 00:00:00+09:00,251.8469352661695,251.8469352661695,244.48960876464847,244.48960876464844,11700,0.0,0.0
2005-06-14 00:00:00+09:00,250.14903161389432,250.14903161389432,246.7533416748047,246.7533416748047,3900,0.0,0.0
2005-06-15 00:00:00+09:00,249.01713604071128,251.28091430664062,246.1873907555278,251.28091430664062,3900,0.0,0.0
2005-06-16 00:00:00+09:00,250.14903161389432,250.14903161389432,246.7533416748047,246.7533416748047,2600,0.0,0.0
2005-06-17 00:00:00+09:00,246.75333490523963,249.0171356201172,246.75333490523963,249.0171356201172,3900,0.0,0.0
2005-06-20 00:00:00+09:00,249.0171356201172,249.0171356201172,249.0171356201172,249.0171356201172,9100,0.0,0.0
2005-06-21 00:00:00+09:00,248.4512176513672,248.4512176513672,248.4512176513672,248.4512176513672,2600,0.0,0.0
2005-06-22 00:00:00+09:00,248.45119105459074,249.0171356201172,248.45119105459074,249.0171356201172,9100,0.0,0.0
2005-06-23 00:00:00+09:00,249.0171356201172,249.0171356201172,249.0171356201172,249.0171356201172,13000,0.0,0.0
2005-06-24 00:00:00+09:00,251.28091388222296,251.28091388222296,249.0171356201172,249.0171356201172,2600,0.0,0.0
2005-06-27 00:00:00+09:00,260.3360942889615,260.3360942889615,249.0171356201172,249.0171356201172,5200,0.0,0.0
2005-06-28 00:00:00+09:00,249.5831298828125,249.5831298828125,249.5831298828125,249.5831298828125,1300,0.0,0.0
2005-06-29 00:00:00+09:00,254.6765899658203,254.6765899658203,254.6765899658203,254.6765899658203,0,0.0,0.0
2005-06-30 00:00:00+09:00,254.67665443954849,254.67665443954849,249.5831298828125,249.5831298828125,7800,0.0,0.0
2005-07-01 00:00:00+09:00,250.14901733398438,250.14901733398438,250.14901733398438,250.14901733398438,2600,0.0,0.0
2005-07-04 00:00:00+09:00,250.71502714428868,254.1107177734375,250.71502714428868,254.1107177734375,3900,0.0,0.0
2005-07-05 00:00:00+09:00,256.94039055836555,257.50633509330925,254.6765899658203,254.6765899658203,7800,0.0,0.0
2005-07-06 00:00:00+09:00,255.80850219726562,255.80850219726562,255.80850219726562,255.80850219726562,1300,0.0,0.0
2005-07-07 00:00:00+09:00,255.80850219726562,255.80850219726562,255.80850219726562,255.80850219726562,0,0.0,0.0
2005-07-08 00:00:00+09:00,254.6765899658203,254.6765899658203,254.6765899658203,254.6765899658203,9100,0.0,0.0
2005-07-11 00:00:00+09:00,255.2425079345703,255.80847486337748,255.2425079345703,255.2425079345703,5200,0.0,0.0
2005-07-12 00:00:00+09:00,255.8085100620984,256.9403991699219,255.8085100620984,256.9403991699219,3900,0.0,0.0
2005-07-13 00:00:00+09:00,257.5063750390152,260.33612060546875,257.5063750390152,260.33612060546875,9100,0.0,0.0
2005-07-14 00:00:00+09:00,260.33612060546875,260.33612060546875,260.33612060546875,260.33612060546875,0,0.0,0.0
2005-07-15 00:00:00+09:00,257.5063781738281,257.5063781738281,257.5063781738281,257.5063781738281,1300,0.0,0.0
2005-07-18 00:00:00+09:00,257.5063781738281,257.5063781738281,257.5063781738281,257.5063781738281,0,0.0,0.0
2005-07-19 00:00:00+09:00,260.33612060546875,260.33612060546875,260.33612060546875,260.33612060546875,7800,0.0,0.0
2005-07-20 00:00:00+09:00,260.33612060546875,260.33612060546875,260.33612060546875,260.33612060546875,0,0.0,0.0
2005-07-21 00:00:00+09:00,260.33608894616367,260.33608894616367,256.9403991699219,256.9403991699219,10400,0.0,0.0
2005-07-22 00:00:00+09:00,258.0722961425781,258.0722961425781,258.0722961425781,258.0722961425781,1300,0.0,0.0
2005-07-25 00:00:00+09:00,261.468017578125,261.468017578125,260.3361282992024,261.468017578125,40300,0.0,0.0
2005-07-26 00:00:00+09:00,261.468017578125,261.468017578125,261.468017578125,261.468017578125,0,0.0,0.0
2005-07-27 00:00:00+09:00,257.5063781738281,257.5063781738281,257.5063781738281,257.5063781738281,2600,0.0,0.0
2005-07-28 00:00:00+09:00,257.5063750390152,260.33612060546875,257.5063750390152,260.33612060546875,6500,0.0,0.0
2005-07-29 00:00:00+09:00,263.1658392866645,263.1658392866645,260.90203857421875,260.90203857421875,6500,0.0,0.0
2005-08-01 00:00:00+09:00,260.33612060546875,260.33612060546875,260.33612060546875,260.33612060546875,1300,0.0,0.0
2005-08-02 00:00:00+09:00,260.90206522820466,260.90206522820466,260.33612060546875,260.33612060546875,10400,0.0,0.0
2005-08-03 00:00:00+09:00,260.33612060546875,260.33612060546875,260.33612060546875,260.33612060546875,2600,0.0,0.0
2005-08-04 00:00:00+09:00,264.8636474609375,264.8636474609375,264.8636474609375,264.8636474609375,10400,0.0,0.0
2005-08-05 00:00:00+09:00,264.8636740594094,264.8636740594094,264.2977294921875,264.2977294921875,5200,0.0,0.0
2005-08-08 00:00:00+09:00,261.4680408290879,263.7318420410156,261.4680408290879,263.7318420410156,2600,0.0,0.0
2005-08-09 00:00:00+09:00,263.7318420410156,263.7318420410156,263.7318420410156,263.7318420410156,0,0.0,0.0
2005-08-10 00:00:00+09:00,263.1658020019531,263.1658020019531,263.1658020019531,263.1658020019531,0,0.0,0.0
2005-08-11 00:00:00+09:00,263.7317058086558,265.9954833984375,263.1657614112104,265.9954833984375,5200,0.0,0.0
2005-08-12 00:00:00+09:00,265.9954833984375,265.9954833984375,265.9954833984375,265.9954833984375,11700,0.0,0.0
2005-08-15 00:00:00+09:00,263.1657899095462,263.1657899095462,262.5998229980469,262.5998229980469,5200,0.0,0.0
2005-08-16 00:00:00+09:00,263.1658392866645,263.1658392866645,260.90203857421875,260.90203857421875,6500,0.0,0.0
2005-08-17 00:00:00+09:00,260.9020396360844,264.2977294921875,260.9020396360844,264.2977294921875,2600,0.0,0.0
2005-08-18 00:00:00+09:00,260.90206522820466,260.90206522820466,260.33612060546875,260.33612060546875,7800,0.0,0.0
2005-08-19 00:00:00+09:00,259.77015624113085,259.77015624113085,258.63824462890625,258.63824462890625,2600,0.0,0.0
2005-08-22 00:00:00+09:00,260.3361353953631,260.3361353953631,259.2042236328125,259.2042236328125,3900,0.0,0.0
2005-08-23 00:00:00+09:00,260.33612060546875,260.33612060546875,259.77017598273284,260.33612060546875,10400,0.0,0.0
2005-08-24 00:00:00+09:00,258.6382288645176,260.3360849529815,256.37445068359375,256.37445068359375,6500,0.0,0.0
2005-08-25 00:00:00+09:00,257.506355469454,258.63824462890625,257.506355469454,258.63824462890625,10400,0.0,0.0
2005-08-26 00:00:00+09:00,261.468017578125,261.468017578125,261.468017578125,261.468017578125,1300,0.0,0.0
2005-08-29 00:00:00+09:00,261.468017578125,261.468017578125,261.468017578125,261.468017578125,0,0.0,0.0
2005-08-30 00:00:00+09:00,260.33612060546875,260.33612060546875,260.33612060546875,260.33612060546875,1300,0.0,0.0
2005-08-31 00:00:00+09:00,260.33612060546875,260.33612060546875,260.33612060546875,260.33612060546875,0,0.0,0.0
2005-09-01 00:00:00+09:00,258.63824462890625,258.63824462890625,258.63824462890625,258.63824462890625,1300,0.0,0.0
2005-09-02 00:00:00+09:00,258.63824462890625,258.63824462890625,258.63824462890625,258.63824462890625,1300,0.0,0.0
2005-09-05 00:00:00+09:00,263.1658661719223,263.1658661719223,260.33612060546875,260.33612060546875,6500,0.0,0.0
2005-09-06 00:00:00+09:00,260.90203857421875,260.90203857421875,260.90203857421875,260.90203857421875,1300,0.0,0.0
2005-09-07 00:00:00+09:00,263.16587394928365,263.16587394928365,261.468017578125,261.468017578125,2600,0.0,0.0
2005-09-08 00:00:00+09:00,261.4680098509405,261.4680098509405,260.33612060546875,260.33612060546875,5200,0.0,0.0
2005-09-09 00:00:00+09:00,260.33612060546875,260.33612060546875,260.33612060546875,260.33612060546875,0,0.0,0.0
2005-09-12 00:00:00+09:00,265.9954833984375,265.9954833984375,265.9954833984375,265.9954833984375,14300,0.0,0.0
2005-09-13 00:00:00+09:00,264.2977294921875,264.2977294921875,264.2977294921875,264.2977294921875,3900,0.0,0.0
2005-09-14 00:00:00+09:00,263.7318420410156,263.7318420410156,263.7318420410156,263.7318420410156,3900,0.0,0.0
2005-09-15 00:00:00+09:00,264.2977294921875,264.2977294921875,264.2977294921875,264.2977294921875,1300,0.0,0.0
2005-09-16 00:00:00+09:00,263.73174648668993,263.73174648668993,263.1658020019531,263.1658020019531,2600,0.0,0.0
2005-09-19 00:00:00+09:00,263.1658020019531,263.1658020019531,263.1658020019531,263.1658020019531,0,0.0,0.0
2005-09-20 00:00:00+09:00,260.90206522820466,260.90206522820466,260.33612060546875,260.33612060546875,11700,0.0,0.0
2005-09-21 00:00:00+09:00,263.7318420410156,263.7318420410156,263.7318420410156,263.7318420410156,1300,0.0,0.0
2005-09-22 00:00:00+09:00,263.73181858874494,263.73181858874494,260.9020729386637,261.468017578125,5200,0.0,0.0
2005-09-23 00:00:00+09:00,261.468017578125,261.468017578125,261.468017578125,261.468017578125,0,0.0,0.0
2005-09-26 00:00:00+09:00,261.468017578125,261.468017578125,261.468017578125,261.468017578125,0,0.0,0.0
2005-09-27 00:00:00+09:00,258.0723196617511,260.33612060546875,258.0723196617511,260.33612060546875,2600,0.0,0.0
2005-09-28 00:00:00+09:00,259.7701721191406,259.7701721191406,259.7701721191406,259.7701721191406,2600,0.0,0.0
2005-09-29 00:00:00+09:00,260.33609400930027,260.90203857421875,260.33609400930027,260.90203857421875,2600,0.0,0.0
2005-09-30 00:00:00+09:00,260.33612060546875,260.90206522820466,260.33612060546875,260.33612060546875,9100,0.0,0.0
2005-10-03 00:00:00+09:00,259.2042165675051,261.468017578125,259.2042165675051,261.468017578125,3900,0.0,0.0
2005-10-04 00:00:00+09:00,261.4680247051384,261.4680247051384,259.2042236328125,259.2042236328125,2600,0.0,0.0
2005-10-05 00:00:00+09:00,263.1658020019531,263.1658020019531,263.1658020019531,263.1658020019531,6500,0.0,0.0
2005-10-06 00:00:00+09:00,263.1658020019531,263.1658020019531,263.1658020019531,263.1658020019531,2600,0.0,0.0
2005-10-07 00:00:00+09:00,260.33611673345916,260.33611673345916,259.7701721191406,259.7701721191406,3900,0.0,0.0
2005-10-10 00:00:00+09:00,259.7701721191406,259.7701721191406,259.7701721191406,259.7701721191406,0,0.0,0.0
2005-10-11 00:00:00+09:00,262.5998229980469,262.5998229980469,262.5998229980469,262.5998229980469,2600,0.0,0.0
2005-10-12 00:00:00+09:00,262.59983506444775,263.1658020019531,262.59983506444775,263.1658020019531,2600,0.0,0.0
2005-10-13 00:00:00+09:00,262.5998229980469,262.5998229980469,262.5998229980469,262.5998229980469,1300,0.0,0.0
2005-10-14 00:00:00+09:00,262.5998229980469,262.5998229980469,262.5998229980469,262.5998229980469,0,0.0,0.0
2005-10-17 00:00:00+09:00,260.90206522820466,260.90206522820466,260.33612060546875,260.33612060546875,7800,0.0,0.0
2005-10-18 00:00:00+09:00,260.90203857421875,260.90203857421875,260.90203857421875,260.90203857421875,0,0.0,0.0
2005-10-19 00:00:00+09:00,260.33612060546875,260.33612060546875,260.33612060546875,260.33612060546875,2600,0.0,0.0
2005-10-20 00:00:00+09:00,260.33612060546875,260.33612060546875,260.33612060546875,260.33612060546875,1300,0.0,0.0
2005-10-21 00:00:00+09:00,260.33612060546875,260.33612060546875,260.33612060546875,260.33612060546875,2600,0.0,0.0
2005-10-24 00:00:00+09:00,263.1658020019531,263.1658020019531,263.1658020019531,263.1658020019531,7800,0.0,0.0
2005-10-25 00:00:00+09:00,262.5998229980469,262.5998229980469,262.5998229980469,262.5998229980469,1300,0.0,0.0
2005-10-26 00:00:00+09:00,260.33612060546875,260.33612060546875,260.33612060546875,260.33612060546875,3900,0.0,0.0
2005-10-27 00:00:00+09:00,261.4680098509405,261.4680098509405,260.33612060546875,260.33612060546875,10400,0.0,0.0
2005-10-28 00:00:00+09:00,262.59983506444775,263.1658020019531,262.59983506444775,263.1658020019531,3900,0.0,0.0
2005-10-31 00:00:00+09:00,263.73174648668993,264.86363545616354,263.1658020019531,263.1658020019531,6500,0.0,0.0
2005-11-01 00:00:00+09:00,263.1658020019531,263.1658020019531,263.1658020019531,263.1658020019531,3900,0.0,0.0
2005-11-02 00:00:00+09:00,265.4295677444734,265.9955122032052,262.5998229980469,262.5998229980469,6500,0.0,0.0
2005-11-03 00:00:00+09:00,262.5998229980469,262.5998229980469,262.5998229980469,262.5998229980469,0,0.0,0.0
2005-11-04 00:00:00+09:00,263.1658020019531,263.1658020019531,263.1658020019531,263.1658020019531,1300,0.0,0.0
2005-11-07 00:00:00+09:00,264.86359460354663,266.56142779588293,263.7317058086558,265.9954833984375,11700,0.0,0.0
2005-11-08 00:00:00+09:00,264.2977294921875,264.2977294921875,264.2977294921875,264.2977294921875,3900,0.0,0.0
2005-11-09 00:00:00+09:00,264.2976502061012,265.9954833984375,264.2976502061012,265.9954833984375,2600,0.0,0.0
2005-11-10 00:00:00+09:00,265.9955720002461,268.8253173828125,265.9955720002461,268.8253173828125,15600,0.0,0.0
2005-11-11 00:00:00+09:00,269.9571838378906,269.9571838378906,269.9571838378906,269.9571838378906,2600,0.0,0.0
2005-11-14 00:00:00+09:00,271.6550569243713,274.48480224609375,271.6550569243713,274.48480224609375,5200,0.0,0.0
2005-11-15 00:00:00+09:00,282.4080879920361,282.4080879920361,277.8805086794874,280.144287109375,24700,0.0,0.0
2005-11-16 00:00:00+09:00,279.5783425019031,280.144287109375,277.31454161924205,280.144287109375,13000,0.0,0.0
2005-11-17 00:00:00+09:00,250.71502714428868,254.1107177734375,250.71502714428868,254.1107177734375,1300,0.0,0.0
2005-11-18 00:00:00+09:00,250.71502714428868,254.1107177734375,250.71502714428868,254.1107177734375,1300,0.0,0.0
2005-11-21 00:00:00+09:00,279.578376352065,279.578376352065,277.3145751953125,277.3145751953125,10400,0.0,0.0
2005-11-22 00:00:00+09:00,279.01239013671875,279.01239013671875,279.01239013671875,279.01239013671875,1300,0.0,0.0
2005-11-23 00:00:00+09:00,250.71502714428868,254.1107177734375,250.71502714428868,254.1107177734375,1300,0.0,0.0
2005-11-24 00:00:00+09:00,250.71502714428868,254.1107177734375,250.71502714428868,254.1107177734375,1300,0.0,0.0
2005-11-25 00:00:00+09:00,280.1442840814676,282.9740295410156,280.1442840814676,282.9740295410156,3900,0.0,0.0
2005-11-28 00:00:00+09:00,282.9740295410156,282.9740295410156,282.9740295410156,282.9740295410156,1300,0.0,0.0
2005-11-29 00:00:00+09:00,250.71502714428868,254.1107177734375,250.71502714428868,254.1107177734375,1300,0.0,0.0
2005-11-30 00:00:00+09:00,250.71502714428868,254.1107177734375,250.71502714428868,254.1107177734375,1300,0.0,0.0
2005-12-01 00:00:00+09:00,250.71502714428868,254.1107177734375,250.71502714428868,254.1107177734375,1300,0.0,0.0
2005-12-02 00:00:00+09:00,279.5782822445938,289.7653503417969,279.5782822445938,289.7653503417969,16900,0.0,0.0
2005-12-05 00:00:00+09:00,299.38645150073705,299.9524184389999,287.5015499470511,289.7653503417969,37700,0.0,0.0
2005-12-06 00:00:00+09:00,280.1442840814676,282.9740295410156,280.1442840814676,282.9740295410156,14300,0.0,0.0
2005-12-07 00:00:00+09:00,250.71502714428868,254.1107177734375,250.71502714428868,254.1107177734375,1300,0.0,0.0
2005-12-08 00:00:00+09:00,282.9740295410156,282.9740295410156,282.9740295410156,282.9740295410156,2600,0.0,0.0
2005-12-09 00:00:00+09:00,250.71502714428868,254.1107177734375,250.71502714428868,254.1107177734375,1300,0.0,0.0
2005-12-12 00:00:00+09:00,250.71502714428868,254.1107177734375,250.71502714428868,254.1107177734375,1300,0.0,0.0
2005-12-13 00:00:00+09:00,250.71502714428868,254.1107177734375,250.71502714428868,254.1107177734375,1300,0.0,0.0
2005-12-14 00:00:00+09:00,250.71502714428868,254.1107177734375,250.71502714428868,254.1107177734375,1300,0.0,0.0
2005-12-15 00:00:00+09:00,285.8037912367686,288.6335144042969,285.8037912367686,288.6335144042969,6500,0.0,0.0
2005-12-16 00:00:00+09:00,288.6334980073384,288.6334980073384,282.9740295410156,282.9740295410156,10400,0.0,0.0
2005-12-19 00:00:00+09:00,284.1059303754744,284.671875,284.1059303754744,284.671875,9100,0.0,0.0
2005-12-20 00:00:00+09:00,250.71502714428868,254.1107177734375,250.71502714428868,254.1107177734375,1300,0.0,0.0
2005-12-21 00:00:00+09:00,250.71502714428868,254.1107177734375,250.71502714428868,254.1107177734375,1300,0.0,0.0
2005-12-22 00:00:00+09:00,299.95249501457624,299.95249501457624,295.42489306922255,298.254638671875,6500,0.0,0.0
2005-12-23 00:00:00+09:00,250.71502714428868,254.1107177734375,250.71502714428868,254.1107177734375,1300,0.0,0.0
2005-12-26 00:00:00+09:00,300.5184745068621,302.21630859375,299.9525298112328,302.21630859375,9100,0.0,0.0
2005-12-27 00:00:00+09:00,302.21623753130433,305.61192735940216,294.29296875,294.29296875,27300,0.0,0.0
2005-12-28 00:00:00+09:00,250.71502714428868,254.1107177734375,250.71502714428868,254.1107177734375,1300,0.0,0.0
2005-12-29 00:00:00+09:00,250.71502714428868,254.1107177734375,250.71502714428868,254.1107177734375,1300,0.0,0.0
2005-12-30 00:00:00+09:00,300.51837158203125,300.51837158203125,300.51837158203125,300.51837158203125,1300,0.0,0.0
2006-01-02 00:00:00+09:00,300.51837158203125,300.51837158203125,300.51837158203125,300.51837158203125,0,0.0,0.0
2006-01-03 00:00:00+09:00,250.71502714428868,254.1107177734375,250.71502714428868,254.1107177734375,1300,0.0,0.0
2006-01-04 00:00:00+09:00,250.71502714428868,254.1107177734375,250.71502714428868,254.1107177734375,1300,0.0,0.0
2006-01-05 00:00:00+09:00,303.3481750488281,303.3481750488281,301.65034109031365,303.3481750488281,13000,0.0,0.0
2006-01-06 00:00:00+09:00,303.348150866445,314.1011657714844,303.348150866445,314.1011657714844,19500,0.0,0.0
2006-01-09 00:00:00+09:00,314.1011657714844,314.1011657714844,314.1011657714844,314.1011657714844,0,0.0,0.0
2006-01-10 00:00:00+09:00,314.1011657714844,319.76065675425184,314.1011657714844,314.1011657714844,18200,0.0,0.0
2006-01-11 00:00:00+09:00,313.53521428747365,316.3649597167969,309.5735796675303,316.3649597167969,124800,0.0,0.0
2006-01-12 00:00:00+09:00,319.1946862345329,320.89251991987015,318.0627746582031,318.0627746582031,80600,0.0,0.0
2006-01-13 00:00:00+09:00,318.6287614409833,319.7606506347656,318.0627943913191,319.7606506347656,42900,0.0,0.0
2006-01-16 00:00:00+09:00,320.326599954873,324.8541792495346,319.760655349637,323.7222900390625,70200,0.0,0.0
2006-01-17 00:00:00+09:00,322.59039214118053,328.81580508389885,318.62875755844243,319.1947021484375,62400,0.0,0.0
2006-01-18 00:00:00+09:00,319.1946524052249,319.1946524052249,299.9524270802329,300.51837158203125,54600,0.0,0.0
2006-01-19 00:00:00+09:00,299.95247382474207,319.1947021484375,299.95247382474207,319.1947021484375,14300,0.0,0.0
2006-01-20 00:00:00+09:00,320.3265982694478,320.89254287170604,316.930908203125,316.930908203125,10400,0.0,0.0
2006-01-23 00:00:00+09:00,312.96923171068727,314.101120763943,305.6119079589844,305.6119079589844,13000,0.0,0.0
2006-01-24 00:00:00+09:00,305.04596343235653,305.6119079589844,304.4800189057286,305.6119079589844,10400,0.0,0.0
2006-01-25 00:00:00+09:00,311.27140616709613,311.27140616709613,306.7438049316406,306.7438049316406,2600,0.0,0.0
2006-01-26 00:00:00+09:00,311.2714427328741,314.1011657714844,311.2714427328741,314.1011657714844,2600,0.0,0.0
2006-01-27 00:00:00+09:00,314.6671297940919,319.76065366718956,312.40332893228566,316.930908203125,15600,0.0,0.0
2006-01-30 00:00:00+09:00,320.8925560413921,328.2498810782464,320.8925560413921,325.4201354980469,20800,0.0,0.0
2006-01-31 00:00:00+09:00,324.288229862668,326.5520307030057,319.7606506347656,319.7606506347656,20800,0.0,0.0
2006-02-01 00:00:00+09:00,328.2498810782464,328.2498810782464,325.4201354980469,325.4201354980469,22100,0.0,0.0
2006-02-02 00:00:00+09:00,328.24987326222913,328.24987326222913,324.2882385253906,324.2882385253906,7800,0.0,0.0
2006-02-03 00:00:00+09:00,322.0244140625,322.0244140625,322.0244140625,322.0244140625,1300,0.0,0.0
2006-02-06 00:00:00+09:00,320.8924865722656,320.8924865722656,320.8924865722656,320.8924865722656,1300,0.0,0.0
2006-02-07 00:00:00+09:00,318.06276558543277,318.06276558543277,311.2714085850363,313.5351867675781,13000,0.0,0.0
2006-02-08 00:00:00+09:00,322.0244140625,322.0244140625,322.0244140625,322.0244140625,1300,0.0,0.0
2006-02-09 00:00:00+09:00,314.1011853661892,315.7990417480469,314.1011853661892,315.7990417480469,9100,0.0,0.0
2006-02-10 00:00:00+09:00,322.0244140625,322.0244140625,322.0244140625,322.0244140625,1300,0.0,0.0
2006-02-13 00:00:00+09:00,322.0244140625,322.0244140625,322.0244140625,322.0244140625,1300,0.0,0.0
2006-02-14 00:00:00+09:00,322.0244140625,322.0244140625,322.0244140625,322.0244140625,1300,0.0,0.0
2006-02-15 00:00:00+09:00,310.13954144611796,310.13954144611796,307.8757629394531,307.8757629394531,3900,0.0,0.0
2006-02-16 00:00:00+09:00,307.8757629394531,307.8757629394531,307.8757629394531,307.8757629394531,1300,0.0,0.0
2006-02-17 00:00:00+09:00,299.9524230957031,299.9524230957031,299.9524230957031,299.9524230957031,1300,0.0,0.0
2006-02-20 00:00:00+09:00,322.0244140625,322.0244140625,322.0244140625,322.0244140625,1300,0.0,0.0
2006-02-21 00:00:00+09:00,322.0244140625,322.0244140625,322.0244140625,322.0244140625,1300,0.0,0.0
2006-02-22 00:00:00+09:00,299.95245928108693,299.95245928108693,294.29296875,294.29296875,2600,0.0,0.0
2006-02-23 00:00:00+09:00,289.7653503417969,289.7653503417969,289.7653503417969,289.7653503417969,1300,0.0,0.0
2006-02-24 00:00:00+09:00,299.38652016035815,304.4800666034693,297.12274169921875,297.12274169921875,6500,0.0,0.0
2006-02-27 00:00:00+09:00,297.12274169921875,297.12274169921875,297.12274169921875,297.12274169921875,2600,0.0,0.0
2006-02-28 00:00:00+09:00,299.9524230957031,305.0459459969963,299.9524230957031,299.9524230957031,3900,0.0,0.0
2006-03-01 00:00:00+09:00,307.87576363695734,311.2714538574219,307.87576363695734,311.2714538574219,7800,0.0,0.0
2006-03-02 00:00:00+09:00,305.61196267238955,311.2714538574219,305.61196267238955,311.2714538574219,3900,0.0,0.0
2006-03-03 00:00:00+09:00,310.705433875132,310.705433875132,302.78216552734375,302.78216552734375,3900,0.0,0.0
2006-03-06 00:00:00+09:00,302.78214556710543,302.78214556710543,299.9524230957031,299.9524230957031,6500,0.0,0.0
2006-03-07 00:00:00+09:00,299.9524230957031,305.61189049127677,299.9524230957031,299.9524230957031,0,0.0,0.0
2006-03-08 00:00:00+09:00,302.78216552734375,302.78216552734375,302.78216552734375,302.78216552734375,1300,0.0,0.0
2006-03-09 00:00:00+09:00,302.78216552734375,302.78216552734375,302.78216552734375,302.78216552734375,1300,0.0,0.0
2006-03-10 00:00:00+09:00,299.9524230957031,302.78214556710543,299.9524230957031,299.9524230957031,0,0.0,0.0
2006-03-13 00:00:00+09:00,301.6503010696237,308.4416809082031,301.6503010696237,308.4416809082031,3900,0.0,0.0
2006-03-14 00:00:00+09:00,310.70547647372575,322.5904030776354,310.70547647372575,317.4968566894531,20800,0.0,0.0
2006-03-15 00:00:00+09:00,316.9309322268592,322.5904235839844,316.9309322268592,322.5904235839844,10400,0.0,0.0
2006-03-16 00:00:00+09:00,319.19470906493126,319.19470906493126,316.930908203125,316.930908203125,5200,0.0,0.0
2006-03-17 00:00:00+09:00,313.5352181368022,316.930908203125,311.8373843300274,316.930908203125,9100,0.0,0.0
2006-03-20 00:00:00+09:00,319.7606767020151,319.7606767020151,312.4033514371063,315.7990417480469,7800,0.0,0.0
2006-03-21 00:00:00+09:00,315.7990417480469,315.7990417480469,315.7990417480469,315.7990417480469,0,0.0,0.0
2006-03-22 00:00:00+09:00,319.1947060378744,319.7606506347656,319.1947060378744,319.7606506347656,3900,0.0,0.0
2006-03-23 00:00:00+09:00,319.7606506347656,319.7606506347656,316.93090519753673,319.7606506347656,10400,0.0,0.0
2006-03-24 00:00:00+09:00,319.7606506347656,319.7606506347656,319.7606506347656,319.7606506347656,18200,0.0,0.0
2006-03-27 00:00:00+09:00,320.3265764487598,321.4584655761719,319.7606318850537,321.4584655761719,16900,0.0,0.0
2006-03-28 00:00:00+09:00,319.7606506347656,319.7606506347656,319.7606506347656,319.7606506347656,2600,0.0,0.0
2006-03-29 00:00:00+09:00,319.76065757895344,319.76065757895344,317.4968566894531,317.4968566894531,5200,0.0,0.0
2006-03-30 00:00:00+09:00,316.93092258967994,316.93092258967994,311.2714538574219,311.2714538574219,14300,0.0,0.0
2006-03-31 00:00:00+09:00,314.1011657714844,314.1011657714844,314.1011657714844,314.1011657714844,5200,0.0,0.0
2006-04-03 00:00:00+09:00,314.1011657714844,314.1011657714844,314.1011657714844,314.1011657714844,1300,0.0,0.0
2006-04-04 00:00:00+09:00,314.1011657714844,314.1011657714844,314.1011657714844,314.1011657714844,1300,0.0,0.0
2006-04-05 00:00:00+09:00,314.1011657714844,314.1011657714844,314.1011657714844,314.1011657714844,1300,0.0,0.0
2006-04-06 00:00:00+09:00,314.1011657714844,314.1011657714844,314.1011657714844,314.1011657714844,1300,0.0,0.0
2006-04-07 00:00:00+09:00,314.1011657714844,314.1011657714844,314.1011657714844,314.1011657714844,1300,0.0,0.0
2006-04-10 00:00:00+09:00,314.1011657714844,314.1011657714844,314.1011657714844,314.1011657714844,1300,0.0,0.0
2006-04-11 00:00:00+09:00,314.1011657714844,314.1011657714844,314.1011657714844,314.1011657714844,1300,0.0,0.0
2006-04-12 00:00:00+09:00,312.9692687988281,312.9692687988281,312.9692687988281,312.9692687988281,1300,0.0,0.0
2006-04-13 00:00:00+09:00,311.2714262497399,311.2714262497399,308.4416809082031,308.4416809082031,5200,0.0,0.0
2006-04-14 00:00:00+09:00,305.6119079589844,305.6119079589844,305.6119079589844,305.6119079589844,1300,0.0,0.0
2006-04-17 00:00:00+09:00,319.76063982157797,319.76063982157797,308.4416809082031,308.4416809082031,10400,0.0,0.0
2006-04-18 00:00:00+09:00,308.4416809082031,308.4416809082031,308.4416809082031,308.4416809082031,1300,0.0,0.0
2006-04-19 00:00:00+09:00,308.44163541544805,308.44163541544805,299.9524230957031,299.9524230957031,9100,0.0,0.0
2006-04-20 00:00:00+09:00,302.78214556710543,302.78214556710543,299.9524230957031,299.9524230957031,6500,0.0,0.0
2006-04-21 00:00:00+09:00,299.9524230957031,299.9524230957031,299.9524230957031,299.9524230957031,1300,0.0,0.0
2006-04-24 00:00:00+09:00,299.95244023993536,305.6119079589844,299.95244023993536,305.6119079589844,3900,0.0,0.0
2006-04-25 00:00:00+09:00,305.61189049127677,305.61189049127677,299.9524230957031,299.9524230957031,2600,0.0,0.0
2006-04-26 00:00:00+09:00,299.9524230957031,299.9524230957031,299.9524230957031,299.9524230957031,1300,0.0,0.0
2006-04-27 00:00:00+09:00,299.9524230957031,299.9524230957031,299.9524230957031,299.9524230957031,1300,0.0,0.0
2006-04-28 00:00:00+09:00,299.9524230957031,299.9524230957031,299.9524230957031,299.9524230957031,1300,0.0,0.0
2006-05-01 00:00:00+09:00,299.9524529681729,310.7054443359375,299.9524529681729,310.7054443359375,3900,0.0,0.0
2006-05-02 00:00:00+09:00,310.7054443359375,310.7054443359375,310.7054443359375,310.7054443359375,1300,0.0,0.0
2006-05-03 00:00:00+09:00,310.7054443359375,310.7054443359375,310.7054443359375,310.7054443359375,0,0.0,0.0
2006-05-04 00:00:00+09:00,310.7054443359375,310.7054443359375,310.7054443359375,310.7054443359375,0,0.0,0.0
2006-05-05 00:00:00+09:00,310.7054443359375,310.7054443359375,310.7054443359375,310.7054443359375,0,0.0,0.0
2006-05-08 00:00:00+09:00,308.4416809082031,308.4416809082031,308.4416809082031,308.4416809082031,1300,0.0,0.0
2006-05-09 00:00:00+09:00,305.6119079589844,305.6119079589844,305.6119079589844,305.6119079589844,1300,0.0,0.0
2006-05-10 00:00:00+09:00,305.6119079589844,305.6119079589844,305.6119079589844,305.6119079589844,1300,0.0,0.0
2006-05-11 00:00:00+09:00,308.4416809082031,308.4416809082031,308.4416809082031,308.4416809082031,1300,0.0,0.0
2006-05-12 00:00:00+09:00,308.4416809082031,308.4416809082031,308.4416809082031,308.4416809082031,1300,0.0,0.0
2006-05-15 00:00:00+09:00,289.7653503417969,289.7653503417969,289.7653503417969,289.7653503417969,1300,0.0,0.0
2006-05-16 00:00:00+09:00,308.4416809082031,308.4416809082031,308.4416809082031,308.4416809082031,1300,0.0,0.0
2006-05-17 00:00:00+09:00,277.3145751953125,277.3145751953125,277.3145751953125,277.3145751953125,1300,0.0,0.0
2006-05-18 00:00:00+09:00,282.9740365096454,282.9740365096454,280.7102355957031,280.7102355957031,3900,0.0,0.0
2006-05-19 00:00:00+09:00,281.2761685036639,281.2761685036639,279.01239013671875,279.01239013671875,3900,0.0,0.0
2006-05-22 00:00:00+09:00,308.4416809082031,308.4416809082031,308.4416809082031,308.4416809082031,1300,0.0,0.0
2006-05-23 00:00:00+09:00,280.7102355957031,280.7102355957031,280.7102355957031,280.7102355957031,1300,0.0,0.0
2006-05-24 00:00:00+09:00,308.4416809082031,308.4416809082031,308.4416809082031,308.4416809082031,1300,0.0,0.0
2006-05-25 00:00:00+09:00,285.8037414550781,285.8037414550781,285.8037414550781,285.8037414550781,1300,0.0,0.0
2006-05-26 00:00:00+09:00,308.4416809082031,308.4416809082031,308.4416809082031,308.4416809082031,1300,0.0,0.0
2006-05-29 00:00:00+09:00,279.57830810546875,281.8421087096151,279.57830810546875,279.57830810546875,0,0.0,0.0
2006-05-30 00:00:00+09:00,279.01239013671875,279.01239013671875,279.01239013671875,279.01239013671875,1300,0.0,0.0
2006-05-31 00:00:00+09:00,277.3145751953125,277.3145751953125,277.3145751953125,277.3145751953125,1300,0.0,0.0
2006-06-01 00:00:00+09:00,308.4416809082031,308.4416809082031,308.4416809082031,308.4416809082031,1300,0.0,0.0
2006-06-02 00:00:00+09:00,274.48480224609375,274.48480224609375,274.48480224609375,274.48480224609375,1300,0.0,0.0
2006-06-05 00:00:00+09:00,282.9740295410156,282.9740295410156,282.9740295410156,282.9740295410156,1300,0.0,0.0
2006-06-06 00:00:00+09:00,308.4416809082031,308.4416809082031,308.4416809082031,308.4416809082031,1300,0.0,0.0
2006-06-07 00:00:00+09:00,308.4416809082031,308.4416809082031,308.4416809082031,308.4416809082031,1300,0.0,0.0
2006-06-08 00:00:00+09:00,308.4416809082031,308.4416809082031,308.4416809082031,308.4416809082031,1300,0.0,0.0
2006-06-09 00:00:00+09:00,308.4416809082031,308.4416809082031,308.4416809082031,308.4416809082031,1300,0.0,0.0
2006-06-12 00:00:00+09:00,260.33612060546875,260.33612060546875,260.33612060546875,260.33612060546875,1300,0.0,0.0
2006-06-13 00:00:00+09:00,268.2593688964844,268.2593688964844,268.2593688964844,268.2593688964844,1300,0.0,0.0
2006-06-14 00:00:00+09:00,268.2593688964844,268.2593688964844,268.2593688964844,268.2593688964844,1300,0.0,0.0
2006-06-15 00:00:00+09:00,268.2593688964844,268.2593688964844,268.2593688964844,268.2593688964844,1300,0.0,0.0
2006-06-16 00:00:00+09:00,275.05072021484375,275.05072021484375,275.05072021484375,275.05072021484375,1300,0.0,0.0
2006-06-19 00:00:00+09:00,272.22100830078125,272.22100830078125,272.22100830078125,272.22100830078125,1300,0.0,0.0
2006-06-20 00:00:00+09:00,274.48480224609375,274.48480224609375,274.48480224609375,274.48480224609375,1300,0.0,0.0
2006-06-21 00:00:00+09:00,277.3145751953125,277.3145751953125,277.3145751953125,277.3145751953125,1300,0.0,0.0
2006-06-22 00:00:00+09:00,277.3145751953125,277.3145751953125,277.3145751953125,277.3145751953125,1300,0.0,0.0
2006-06-23 00:00:00+09:00,280.144287109375,280.144287109375,280.144287109375,280.144287109375,1300,0.0,0.0
2006-06-26 00:00:00+09:00,280.144287109375,280.144287109375,280.144287109375,280.144287109375,1300,0.0,0.0
2006-06-27 00:00:00+09:00,280.144287109375,280.144287109375,280.144287109375,280.144287109375,1300,0.0,0.0
2006-06-28 00:00:00+09:00,268.8253173828125,280.1442764603056,268.8253173828125,268.8253173828125,0,0.0,0.0
2006-06-29 00:00:00+09:00,280.144287109375,280.144287109375,280.144287109375,280.144287109375,1300,0.0,0.0
2006-06-30 00:00:00+09:00,308.4416809082031,308.4416809082031,308.4416809082031,308.4416809082031,1300,0.0,0.0
2006-07-03 00:00:00+09:00,269.9571838378906,269.9571838378906,269.9571838378906,269.9571838378906,1300,0.0,0.0
2006-07-04 00:00:00+09:00,269.9571838378906,269.9571838378906,269.9571838378906,269.9571838378906,1300,0.0,0.0
2006-07-05 00:00:00+09:00,278.4464416503906,278.4464416503906,278.4464416503906,278.4464416503906,1300,0.0,0.0
2006-07-06 00:00:00+09:00,308.4416809082031,308.4416809082031,308.4416809082031,308.4416809082031,1300,0.0,0.0
2006-07-07 00:00:00+09:00,308.4416809082031,308.4416809082031,308.4416809082031,308.4416809082031,1300,0.0,0.0
2006-07-10 00:00:00+09:00,280.144287109375,280.144287109375,280.144287109375,280.144287109375,1300,0.0,0.0
2006-07-11 00:00:00+09:00,308.4416809082031,308.4416809082031,308.4416809082031,308.4416809082031,1300,0.0,0.0
2006-07-12 00:00:00+09:00,308.4416809082031,308.4416809082031,308.4416809082031,308.4416809082031,1300,0.0,0.0
2006-07-13 00:00:00+09:00,308.4416809082031,308.4416809082031,308.4416809082031,308.4416809082031,1300,0.0,0.0
2006-07-14 00:00:00+09:00,308.4416809082031,308.4416809082031,308.4416809082031,308.4416809082031,1300,0.0,0.0
2006-07-17 00:00:00+09:00,308.4416809082031,308.4416809082031,308.4416809082031,308.4416809082031,1300,0.0,0.0
2006-07-18 00:00:00+09:00,268.8253173828125,268.8253173828125,268.8253173828125,268.8253173828125,1300,0.0,0.0
2006-07-19 00:00:00+09:00,308.4416809082031,308.4416809082031,308.4416809082031,308.4416809082031,1300,0.0,0.0
2006-07-20 00:00:00+09:00,257.5063781738281,257.5063781738281,257.5063781738281,257.5063781738281,1300,0.0,0.0
2006-07-21 00:00:00+09:00,257.5063781738281,257.5063781738281,257.5063781738281,257.5063781738281,1300,0.0,0.0
2006-07-24 00:00:00+09:00,258.63824462890625,258.63824462890625,258.63824462890625,258.63824462890625,1300,0.0,0.0
2006-07-25 00:00:00+09:00,274.48480224609375,274.48480224609375,274.48480224609375,274.48480224609375,1300,0.0,0.0
2006-07-26 00:00:00+09:00,259.2042236328125,277.31456485309366,259.2042236328125,259.2042236328125,0,0.0,0.0
2006-07-27 00:00:00+09:00,260.33612060546875,260.33612060546875,260.33612060546875,260.33612060546875,1300,0.0,0.0
2006-07-28 00:00:00+09:00,308.4416809082031,308.4416809082031,308.4416809082031,308.4416809082031,1300,0.0,0.0
2006-07-31 00:00:00+09:00,260.33612060546875,260.33612060546875,260.33612060546875,260.33612060546875,1300,0.0,0.0
2006-08-01 00:00:00+09:00,263.1658020019531,263.1658020019531,263.1658020019531,263.1658020019531,1300,0.0,0.0
2006-08-02 00:00:00+09:00,266.5614929199219,266.5614929199219,266.5614929199219,266.5614929199219,1300,0.0,0.0
2006-08-03 00:00:00+09:00,267.1274719238281,267.1274719238281,267.1274719238281,267.1274719238281,1300,0.0,0.0
2006-08-04 00:00:00+09:00,308.4416809082031,308.4416809082031,308.4416809082031,308.4416809082031,1300,0.0,0.0
2006-08-07 00:00:00+09:00,308.4416809082031,308.4416809082031,308.4416809082031,308.4416809082031,1300,0.0,0.0
2006-08-08 00:00:00+09:00,277.3145751953125,277.3145751953125,277.3145751953125,277.3145751953125,1300,0.0,0.0
2006-08-09 00:00:00+09:00,271.6550598144531,271.6550598144531,271.6550598144531,271.6550598144531,1300,0.0,0.0
2006-08-10 00:00:00+09:00,271.6550598144531,271.6550598144531,271.6550598144531,271.6550598144531,1300,0.0,0.0
2006-08-11 00:00:00+09:00,271.6550598144531,271.6550598144531,271.6550598144531,271.6550598144531,1300,0.0,0.0
2006-08-14 00:00:00+09:00,268.2593688964844,273.9188371265585,268.2593688964844,268.2593688964844,0,0.0,0.0
2006-08-15 00:00:00+09:00,308.4416809082031,308.4416809082031,308.4416809082031,308.4416809082031,1300,0.0,0.0
2006-08-16 00:00:00+09:00,308.4416809082031,308.4416809082031,308.4416809082031,308.4416809082031,1300,0.0,0.0
2006-08-17 00:00:00+09:00,271.6550598144531,271.6550598144531,271.6550598144531,271.6550598144531,1300,0.0,0.0
2006-08-18 00:00:00+09:00,271.6550598144531,271.6550598144531,271.6550598144531,271.6550598144531,1300,0.0,0.0
2006-08-21 00:00:00+09:00,271.6550598144531,271.6550598144531,271.6550598144531,271.6550598144531,1300,0.0,0.0
2006-08-22 00:00:00+09:00,308.4416809082031,308.4416809082031,308.4416809082031,308.4416809082031,1300,0.0,0.0
2006-08-23 00:00:00+09:00,274.48480224609375,274.48480224609375,274.48480224609375,274.48480224609375,1300,0.0,0.0
2006-08-24 00:00:00+09:00,274.48480224609375,274.48480224609375,274.48480224609375,274.48480224609375,1300,0.0,0.0
2006-08-25 00:00:00+09:00,274.48480224609375,274.48480224609375,274.48480224609375,274.48480224609375,2600,0.0,0.0
2006-08-28 00:00:00+09:00,275.61663818359375,275.61663818359375,275.61663818359375,275.61663818359375,1300,0.0,0.0
2006-08-29 00:00:00+09:00,275.05072021484375,275.05072021484375,275.05072021484375,275.05072021484375,1300,0.0,0.0
2006-08-30 00:00:00+09:00,275.05072021484375,275.05072021484375,275.05072021484375,275.05072021484375,1300,0.0,0.0
2006-08-31 00:00:00+09:00,275.05072021484375,275.05072021484375,275.05072021484375,275.05072021484375,1300,0.0,0.0
2006-09-01 00:00:00+09:00,274.48480224609375,274.48480224609375,274.48480224609375,274.48480224609375,1300,0.0,0.0
2006-09-04 00:00:00+09:00,274.48480224609375,274.48480224609375,274.48480224609375,274.48480224609375,1300,0.0,0.0
2006-09-05 00:00:00+09:00,278.4464416503906,278.4464416503906,278.4464416503906,278.4464416503906,1300,0.0,0.0
2006-09-06 00:00:00+09:00,278.4464416503906,278.4464416503906,278.4464416503906,278.4464416503906,1300,0.0,0.0
2006-09-07 00:00:00+09:00,274.48480224609375,281.84212661090896,274.48480224609375,274.48480224609375,0,0.0,0.0
2006-09-08 00:00:00+09:00,272.7868957519531,281.84207462053496,272.7868957519531,272.7868957519531,0,0.0,0.0
2006-09-11 00:00:00+09:00,272.7869399882841,272.7869399882841,267.1274719238281,267.1274719238281,5200,0.0,0.0
2006-09-12 00:00:00+09:00,267.1274719238281,267.1274719238281,267.1274719238281,267.1274719238281,1300,0.0,0.0
2006-09-13 00:00:00+09:00,267.1274479552586,267.1274479552586,264.8636474609375,264.8636474609375,10400,0.0,0.0
2006-09-14 00:00:00+09:00,265.9954833984375,265.9954833984375,265.9954833984375,265.9954833984375,1300,0.0,0.0
2006-09-15 00:00:00+09:00,264.8636474609375,264.8636474609375,264.8636474609375,264.8636474609375,1300,0.0,0.0
2006-09-18 00:00:00+09:00,264.8636474609375,264.8636474609375,264.8636474609375,264.8636474609375,0,0.0,0.0
2006-09-19 00:00:00+09:00,264.8636474609375,264.8636474609375,264.8636474609375,264.8636474609375,10400,0.0,0.0
2006-09-20 00:00:00+09:00,262.5998229980469,262.5998229980469,262.5998229980469,262.5998229980469,1300,0.0,0.0
2006-09-21 00:00:00+09:00,262.5998229980469,262.5998229980469,262.5998229980469,262.5998229980469,1300,0.0,0.0
2006-09-22 00:00:00+09:00,265.9955483842097,266.5614929199219,265.9955483842097,266.5614929199219,6500,0.0,0.0
2006-09-25 00:00:00+09:00,271.08911817942015,275.0507527339041,268.8253173828125,268.8253173828125,5200,0.0,0.0
2006-09-26 00:00:00+09:00,268.8252908215219,269.3912353515625,265.9955457185485,269.3912353515625,6500,0.0,0.0
2006-09-27 00:00:00+09:00,269.3912353515625,269.3912353515625,269.3912353515625,269.3912353515625,13000,0.0,0.0
2006-09-28 00:00:00+09:00,268.8253173828125,282.4080772569132,268.8253173828125,268.8253173828125,0,0.0,0.0
2006-09-29 00:00:00+09:00,274.48480224609375,274.48480224609375,274.48480224609375,274.48480224609375,1300,0.0,0.0
2006-10-02 00:00:00+09:00,274.48480224609375,274.48480224609375,274.48480224609375,274.48480224609375,1300,0.0,0.0
2006-10-03 00:00:00+09:00,269.9571838378906,269.9571838378906,269.9571838378906,269.9571838378906,1300,0.0,0.0
2006-10-04 00:00:00+09:00,269.95719868802354,269.95719868802354,267.69342041015625,267.69342041015625,7800,0.0,0.0
2006-10-05 00:00:00+09:00,273.3528747558594,273.3528747558594,273.3528747558594,273.3528747558594,9100,0.0,0.0
2006-10-06 00:00:00+09:00,273.3528747558594,273.3528747558594,273.3528747558594,273.3528747558594,1300,0.0,0.0
2006-10-09 00:00:00+09:00,273.3528747558594,273.3528747558594,273.3528747558594,273.3528747558594,0,0.0,0.0
2006-10-10 00:00:00+09:00,273.3528885575964,273.3528885575964,267.69342041015625,267.69342041015625,3900,0.0,0.0
2006-10-11 00:00:00+09:00,265.9954833984375,265.9954833984375,265.9954833984375,265.9954833984375,23400,0.0,0.0
2006-10-12 00:00:00+09:00,265.99556911079804,271.6550598144531,265.99556911079804,271.6550598144531,2600,0.0,0.0
2006-10-13 00:00:00+09:00,271.6550598144531,271.6550598144531,271.6550598144531,271.6550598144531,1300,0.0,0.0
2006-10-16 00:00:00+09:00,271.6550598144531,271.6550598144531,271.6550598144531,271.6550598144531,1300,0.0,0.0
2006-10-17 00:00:00+09:00,271.6550598144531,271.6550598144531,271.6550598144531,271.6550598144531,1300,0.0,0.0
2006-10-18 00:00:00+09:00,271.6550598144531,271.6550598144531,271.6550598144531,271.6550598144531,1300,0.0,0.0
2006-10-19 00:00:00+09:00,271.6550598144531,271.6550598144531,271.6550598144531,271.6550598144531,1300,0.0,0.0
2006-10-20 00:00:00+09:00,265.9954833984375,265.9954833984375,265.9954833984375,265.9954833984375,1300,0.0,0.0
2006-10-23 00:00:00+09:00,265.9954833984375,265.9954833984375,265.9954833984375,265.9954833984375,1300,0.0,0.0
2006-10-24 00:00:00+09:00,265.9955720002461,268.8253173828125,265.9955720002461,268.8253173828125,5200,0.0,0.0
2006-10-25 00:00:00+09:00,274.48480224609375,274.48480224609375,274.48480224609375,274.48480224609375,1300,0.0,0.0
2006-10-26 00:00:00+09:00,273.9188537597656,273.9188537597656,273.9188537597656,273.9188537597656,1300,0.0,0.0
2006-10-27 00:00:00+09:00,273.9188537597656,273.9188537597656,273.9188537597656,273.9188537597656,1300,0.0,0.0
2006-10-30 00:00:00+09:00,276.74859701177013,280.144287109375,276.74859701177013,280.144287109375,6500,0.0,0.0
2006-10-31 00:00:00+09:00,279.5783575957186,279.5783575957186,277.8805236816406,277.8805236816406,6500,0.0,0.0
2006-11-01 00:00:00+09:00,272.7869528887139,272.7869528887139,272.22100830078125,272.22100830078125,3900,0.0,0.0
2006-11-02 00:00:00+09:00,272.22100830078125,272.22100830078125,272.22100830078125,272.22100830078125,1300,0.0,0.0
2006-11-03 00:00:00+09:00,272.22100830078125,272.22100830078125,272.22100830078125,272.22100830078125,0,0.0,0.0
2006-11-06 00:00:00+09:00,275.05072021484375,275.05072021484375,275.05072021484375,275.05072021484375,1300,0.0,0.0
2006-11-07 00:00:00+09:00,275.05072021484375,275.05072021484375,275.05072021484375,275.05072021484375,1300,0.0,0.0
2006-11-08 00:00:00+09:00,275.05072021484375,275.05072021484375,275.05072021484375,275.05072021484375,1300,0.0,0.0
2006-11-09 00:00:00+09:00,267.1274719238281,267.1274719238281,267.1274719238281,267.1274719238281,1300,0.0,0.0
2006-11-10 00:00:00+09:00,263.1658020019531,263.1658020019531,263.1658020019531,263.1658020019531,1300,0.0,0.0
2006-11-13 00:00:00+09:00,263.1658020019531,263.1658020019531,263.1658020019531,263.1658020019531,1300,0.0,0.0
2006-11-14 00:00:00+09:00,260.9020414511455,260.9020414511455,255.24255083401076,258.0722961425781,11700,0.0,0.0
2006-11-15 00:00:00+09:00,258.0722961425781,258.0722961425781,258.0722961425781,258.0722961425781,1300,0.0,0.0
2006-11-16 00:00:00+09:00,252.41282653808594,252.41282653808594,252.41282653808594,252.41282653808594,1300,0.0,0.0
2006-11-17 00:00:00+09:00,252.9787750244141,252.9787750244141,252.9787750244141,252.97877502441406,1300,0.0,0.0
2006-11-20 00:00:00+09:00,252.9787750244141,252.9787750244141,252.9787750244141,252.97877502441406,7800,0.0,0.0
2006-11-21 00:00:00+09:00,250.14902581359365,252.41282653808594,250.14902581359365,252.41282653808594,2600,0.0,0.0
2006-11-22 00:00:00+09:00,249.5831298828125,249.5831298828125,249.5831298828125,249.5831298828125,9100,0.0,0.0
2006-11-23 00:00:00+09:00,249.5831298828125,249.5831298828125,249.5831298828125,249.5831298828125,0,0.0,0.0
2006-11-24 00:00:00+09:00,249.5831298828125,249.5831298828125,249.5831298828125,249.5831298828125,1300,0.0,0.0
2006-11-27 00:00:00+09:00,249.5831298828125,249.5831298828125,249.5831298828125,249.5831298828125,7800,0.0,0.0
2006-11-28 00:00:00+09:00,250.7149505615234,250.7149505615234,250.7149505615234,250.71495056152344,1300,0.0,0.0
2006-11-29 00:00:00+09:00,254.6765899658203,254.6765899658203,254.6765899658203,254.6765899658203,1300,0.0,0.0
2006-11-30 00:00:00+09:00,255.24255083401076,258.0722961425781,249.583082669648,258.0722961425781,13000,0.0,0.0
2006-12-01 00:00:00+09:00,258.0722961425781,258.0722961425781,258.0722961425781,258.0722961425781,13000,0.0,0.0
2006-12-04 00:00:00+09:00,254.11068794330052,257.5063781738281,253.54474331367496,257.5063781738281,6500,0.0,0.0
2006-12-05 00:00:00+09:00,263.1658973512279,263.7318420410156,258.0723502375847,263.7318420410156,7800,0.0,0.0
2006-12-06 00:00:00+09:00,263.7318420410156,263.7318420410156,263.7318420410156,263.7318420410156,1300,0.0,0.0
2006-12-07 00:00:00+09:00,263.7318420410156,263.7318420410156,263.7318420410156,263.7318420410156,1300,0.0,0.0
2006-12-08 00:00:00+09:00,263.7318420410156,263.7318420410156,263.7318420410156,263.7318420410156,1300,0.0,0.0
2006-12-11 00:00:00+09:00,263.1658020019531,263.1658020019531,263.1658020019531,263.1658020019531,3900,0.0,0.0
2006-12-12 00:00:00+09:00,254.67656670086313,254.67656670086313,253.54467773437497,253.544677734375,15600,0.0,0.0
2006-12-13 00:00:00+09:00,259.2042236328125,259.2042236328125,259.2042236328125,259.2042236328125,1300,0.0,0.0
2006-12-14 00:00:00+09:00,257.50633580680096,258.07228034331274,255.80850219726562,255.80850219726562,10400,0.0,0.0
2006-12-15 00:00:00+09:00,259.77019074047547,260.3361353953631,259.2042236328125,259.2042236328125,10400,0.0,0.0
2006-12-18 00:00:00+09:00,260.3360571255005,263.1658020019531,260.3360571255005,263.1658020019531,2600,0.0,0.0
2006-12-19 00:00:00+09:00,263.1658020019531,263.1658020019531,263.1658020019531,263.1658020019531,2600,0.0,0.0
2006-12-20 00:00:00+09:00,263.1658020019531,263.1658020019531,263.1658020019531,263.1658020019531,1300,0.0,0.0
2006-12-21 00:00:00+09:00,263.1657899095462,263.1657899095462,262.5998229980469,262.5998229980469,2600,0.0,0.0
2006-12-22 00:00:00+09:00,260.33612060546875,263.1658661719223,260.33612060546875,260.33612060546875,0,0.0,0.0
2006-12-25 00:00:00+09:00,263.731734368278,263.731734368278,262.5998229980469,262.5998229980469,3900,0.0,0.0
2006-12-26 00:00:00+09:00,262.5998229980469,262.5998229980469,262.5998229980469,262.5998229980469,1300,0.0,0.0
2006-12-27 00:00:00+09:00,260.33606892506486,264.8636474609375,260.33606892506486,264.8636474609375,5200,0.0,0.0
2006-12-28 00:00:00+09:00,261.4680408290879,263.7318420410156,260.90209613930017,263.7318420410156,5200,0.0,0.0
2006-12-29 00:00:00+09:00,265.9954833984375,265.9954833984375,265.9954833984375,265.9954833984375,5200,0.0,0.0
2007-01-04 00:00:00+09:00,265.9954833984375,265.9954833984375,265.9954833984375,265.9954833984375,1300,0.0,0.0
2007-01-05 00:00:00+09:00,271.6550598144531,271.6550598144531,271.6550598144531,271.6550598144531,15600,0.0,0.0
2007-01-09 00:00:00+09:00,274.4847850501093,275.61667412677855,264.2977160017734,269.9571838378906,18200,0.0,0.0
2007-01-10 00:00:00+09:00,269.9571838378906,269.9571838378906,269.9571838378906,269.9571838378906,3900,0.0,0.0
2007-01-11 00:00:00+09:00,275.61663818359375,275.61663818359375,275.61663818359375,275.61663818359375,1300,0.0,0.0
2007-01-12 00:00:00+09:00,271.6550598144531,276.1826389057138,271.6550598144531,271.6550598144531,0,0.0,0.0
2007-01-15 00:00:00+09:00,275.61663818359375,275.61663818359375,275.61663818359375,275.61663818359375,1300,0.0,0.0
2007-01-16 00:00:00+09:00,276.1825826481235,276.1825826481235,275.61663818359375,275.61663818359375,2600,0.0,0.0
2007-01-17 00:00:00+09:00,275.61663818359375,275.61663818359375,275.61663818359375,275.61663818359375,1300,0.0,0.0
2007-01-18 00:00:00+09:00,275.61663818359375,275.61663818359375,275.61663818359375,275.61663818359375,1300,0.0,0.0
2007-01-19 00:00:00+09:00,274.48480224609375,274.48480224609375,274.48480224609375,274.48480224609375,1300,0.0,0.0
2007-01-22 00:00:00+09:00,274.48481561514484,282.9740295410156,274.48481561514484,282.9740295410156,16900,0.0,0.0
2007-01-23 00:00:00+09:00,284.10595703125,284.10595703125,284.10595703125,284.10595703125,1300,0.0,0.0
2007-01-24 00:00:00+09:00,284.67190170887443,284.67190170887443,282.9740676760011,284.10595703125,3900,0.0,0.0
2007-01-25 00:00:00+09:00,285.2378692355757,287.50164794921875,285.2378692355757,287.50164794921875,3900,0.0,0.0
2007-01-26 00:00:00+09:00,287.50164794921875,287.50164794921875,287.50164794921875,287.50164794921875,1300,0.0,0.0
2007-01-29 00:00:00+09:00,287.50164794921875,287.50164794921875,287.50164794921875,287.50164794921875,1300,0.0,0.0
2007-01-30 00:00:00+09:00,287.50164794921875,287.50164794921875,287.50164794921875,287.50164794921875,1300,0.0,0.0
2007-01-31 00:00:00+09:00,287.50164794921875,287.50164794921875,287.50164794921875,287.50164794921875,1300,0.0,0.0
2007-02-01 00:00:00+09:00,287.50164794921875,287.50164794921875,287.50164794921875,287.50164794921875,1300,0.0,0.0
2007-02-02 00:00:00+09:00,274.48480224609375,274.48480224609375,274.48480224609375,274.48480224609375,1300,0.0,0.0
2007-02-05 00:00:00+09:00,282.9740295410156,282.9740295410156,282.9740295410156,282.9740295410156,3900,0.0,0.0
2007-02-06 00:00:00+09:00,282.9740295410156,282.9740295410156,282.9740295410156,282.9740295410156,1300,0.0,0.0
2007-02-07 00:00:00+09:00,274.48482082463534,274.48482082463534,273.9188537597656,273.9188537597656,5200,0.0,0.0
2007-02-08 00:00:00+09:00,268.2593688964844,268.2593688964844,268.2593688964844,268.2593688964844,1300,0.0,0.0
2007-02-09 00:00:00+09:00,272.7868957519531,272.7868957519531,272.7868957519531,272.7868957519531,1300,0.0,0.0
2007-02-13 00:00:00+09:00,272.7868957519531,272.7868957519531,272.7868957519531,272.7868957519531,1300,0.0,0.0
2007-02-14 00:00:00+09:00,277.31450899487396,277.31450899487396,273.3528747558594,273.3528747558594,5200,0.0,0.0
2007-02-15 00:00:00+09:00,276.18268584332435,277.3145751953125,276.18268584332435,277.3145751953125,6500,0.0,0.0
2007-02-16 00:00:00+09:00,276.18258502107534,277.31447395986004,272.7868957519531,272.7868957519531,16900,0.0,0.0
2007-02-19 00:00:00+09:00,275.6166962785157,278.4464416503906,275.6166962785157,278.4464416503906,5200,0.0,0.0
2007-02-20 00:00:00+09:00,276.1826477050781,276.1826477050781,276.1826477050781,276.1826477050781,6500,0.0,0.0
2007-02-21 00:00:00+09:00,277.88054232408274,277.88054232408274,277.3145751953125,277.3145751953125,3900,0.0,0.0
2007-02-22 00:00:00+09:00,277.3145751953125,277.3145751953125,277.3145751953125,277.3145751953125,1300,0.0,0.0
2007-02-23 00:00:00+09:00,282.4080879920361,282.974032599508,280.144287109375,280.144287109375,14300,0.0,0.0
2007-02-26 00:00:00+09:00,282.9740295410156,282.9740295410156,282.9740295410156,282.9740295410156,10400,0.0,0.0
2007-02-27 00:00:00+09:00,288.0675651999279,288.0675651999279,284.671875,284.671875,2600,0.0,0.0
2007-02-28 00:00:00+09:00,282.4081221848116,282.4081221848116,277.3145751953125,277.3145751953125,23400,0.0,0.0
2007-03-01 00:00:00+09:00,277.3145751953125,277.3145751953125,277.3145751953125,277.3145751953125,1300,0.0,0.0
2007-03-02 00:00:00+09:00,279.0123978944312,280.144287109375,279.0123978944312,280.144287109375,2600,0.0,0.0
2007-03-05 00:00:00+09:00,282.97402077372703,282.97402077372703,278.4464416503906,278.4464416503906,13000,0.0,0.0
2007-03-06 00:00:00+09:00,275.61674116733025,277.3145751953125,275.61674116733025,277.3145751953125,5200,0.0,0.0
2007-03-07 00:00:00+09:00,278.4464416503906,278.4464416503906,278.4464416503906,278.4464416503906,5200,0.0,0.0
2007-03-08 00:00:00+09:00,278.4464416503906,278.4464416503906,278.4464416503906,278.4464416503906,1300,0.0,0.0
2007-03-09 00:00:00+09:00,278.4464416503906,278.4464416503906,278.4464416503906,278.4464416503906,1300,0.0,0.0
2007-03-12 00:00:00+09:00,282.9740295410156,282.9740295410156,282.9740295410156,282.9740295410156,13000,0.0,0.0
2007-03-13 00:00:00+09:00,282.9740295410156,282.9740295410156,282.9740295410156,282.9740295410156,1300,0.0,0.0
2007-03-14 00:00:00+09:00,276.7485629634785,279.57830810546875,276.7485629634785,279.57830810546875,3900,0.0,0.0
2007-03-15 00:00:00+09:00,282.4080505371094,282.4080505371094,282.4080505371094,282.4080505371094,1300,0.0,0.0
2007-03-16 00:00:00+09:00,282.40810098296015,288.6335144042969,282.40810098296015,288.6335144042969,14300,0.0,0.0
2007-03-19 00:00:00+09:00,283.5400123536255,284.10595703125,283.5400123536255,284.10595703125,6500,0.0,0.0
2007-03-20 00:00:00+09:00,283.5399475097656,283.5399475097656,283.5399475097656,283.5399475097656,1300,0.0,0.0
2007-03-22 00:00:00+09:00,282.9740456164658,288.6335144042969,282.9740456164658,288.6335144042969,20800,0.0,0.0
2007-03-23 00:00:00+09:00,290.89727783203125,290.89727783203125,290.89727783203125,290.89727783203125,3900,0.0,0.0
2007-03-26 00:00:00+09:00,290.89727783203125,290.89727783203125,290.89727783203125,290.89727783203125,1300,0.0,0.0
2007-03-27 00:00:00+09:00,290.89727783203125,290.89727783203125,290.89727783203125,290.89727783203125,1300,9.230769,0.0
2007-03-28 00:00:00+09:00,290.89727783203125,290.89727783203125,290.89727783203125,290.89727783203125,1300,0.0,0.0
2007-03-29 00:00:00+09:00,290.89727783203125,290.89727783203125,290.89727783203125,290.89727783203125,1300,0.0,0.0
2007-03-30 00:00:00+09:00,290.89727783203125,290.89727783203125,290.89727783203125,290.89727783203125,1300,0.0,0.0
2007-04-02 00:00:00+09:00,287.4203796386719,287.4203796386719,287.4203796386719,287.4203796386719,1300,0.0,0.0
2007-04-03 00:00:00+09:00,283.9435729980469,283.9435729980469,283.9435729980469,283.9435729980469,1300,0.0,0.0
2007-04-04 00:00:00+09:00,283.9435729980469,283.9435729980469,283.9435729980469,283.9435729980469,1300,0.0,0.0
2007-04-05 00:00:00+09:00,288.5793762207031,288.5793762207031,288.5793762207031,288.5793762207031,3900,0.0,0.0
2007-04-06 00:00:00+09:00,288.5793762207031,288.5793762207031,288.5793762207031,288.5793762207031,1300,0.0,0.0
2007-04-09 00:00:00+09:00,288.5793762207031,288.5793762207031,288.5793762207031,288.5793762207031,2600,0.0,0.0
2007-04-10 00:00:00+09:00,281.0461730957031,281.0461730957031,281.0461730957031,281.0461730957031,2600,0.0,0.0
2007-04-11 00:00:00+09:00,281.0461730957031,281.0461730957031,281.0461730957031,281.0461730957031,1300,0.0,0.0
2007-04-12 00:00:00+09:00,281.0461730957031,281.0461730957031,281.0461730957031,281.0461730957031,1300,0.0,0.0
2007-04-13 00:00:00+09:00,278.72833251953125,278.72833251953125,278.72833251953125,278.72833251953125,1300,0.0,0.0
2007-04-16 00:00:00+09:00,278.72833251953125,278.72833251953125,278.72833251953125,278.72833251953125,1300,0.0,0.0
2007-04-17 00:00:00+09:00,278.72833251953125,278.72833251953125,278.72833251953125,278.72833251953125,1300,0.0,0.0
2007-04-18 00:00:00+09:00,271.19507370230275,271.19507370230275,270.6156005859375,270.6156005859375,3900,0.0,0.0
2007-04-19 00:00:00+09:00,270.61563091292476,270.61563091292476,266.5592956542969,266.5592956542969,3900,0.0,0.0
2007-04-20 00:00:00+09:00,266.55927635284314,269.4566650390625,266.55927635284314,269.4566650390625,3900,0.0,0.0
2007-04-23 00:00:00+09:00,269.4566650390625,269.4566650390625,269.4566650390625,269.4566650390625,1300,0.0,0.0
2007-04-24 00:00:00+09:00,267.71826171875,267.71826171875,267.71826171875,267.71826171875,1300,0.0,0.0
2007-04-25 00:00:00+09:00,272.35403073578965,272.35403073578965,266.55927635284314,269.4566650390625,5200,0.0,0.0
2007-04-26 00:00:00+09:00,269.4566650390625,269.4566650390625,269.4566650390625,269.4566650390625,1300,0.0,0.0
2007-04-27 00:00:00+09:00,269.4566650390625,269.4566650390625,269.4566650390625,269.4566650390625,1300,0.0,0.0
2007-05-01 00:00:00+09:00,269.4566650390625,269.4566650390625,269.4566650390625,269.4566650390625,1300,0.0,0.0
2007-05-02 00:00:00+09:00,283.9435729980469,283.9435729980469,283.9435729980469,283.9435729980469,1300,0.0,0.0
2007-05-07 00:00:00+09:00,283.9435149034144,283.9435149034144,275.2513732910156,275.2513732910156,3900,0.0,0.0
2007-05-08 00:00:00+09:00,278.1488342285156,278.1488342285156,278.1488342285156,278.1488342285156,1300,0.0,0.0
2007-05-09 00:00:00+09:00,278.1488342285156,278.1488342285156,278.1488342285156,278.1488342285156,1300,0.0,0.0
2007-05-10 00:00:00+09:00,278.1488342285156,278.1488342285156,278.1488342285156,278.1488342285156,1300,0.0,0.0
2007-05-11 00:00:00+09:00,273.5129699707031,273.5129699707031,273.5129699707031,273.5129699707031,1300,0.0,0.0
2007-05-14 00:00:00+09:00,276.4103088378906,276.4103088378906,276.4103088378906,276.4103088378906,1300,0.0,0.0
2007-05-15 00:00:00+09:00,279.3077392578125,279.3077392578125,279.3077392578125,279.3077392578125,1300,0.0,0.0
2007-05-16 00:00:00+09:00,273.5129699707031,273.5129699707031,273.5129699707031,273.5129699707031,1300,0.0,0.0
2007-05-17 00:00:00+09:00,282.20515351568315,283.9435729980469,282.20515351568315,283.9435729980469,3900,0.0,0.0
2007-05-18 00:00:00+09:00,276.41039165773424,278.1488342285156,276.41039165773424,278.1488342285156,2600,0.0,0.0
2007-05-21 00:00:00+09:00,278.1488342285156,278.1488342285156,278.1488342285156,278.1488342285156,5200,0.0,0.0
2007-05-22 00:00:00+09:00,272.9335540811456,278.72833251953125,272.9335540811456,278.72833251953125,2600,0.0,0.0
2007-05-23 00:00:00+09:00,281.0461730957031,281.0461730957031,281.0461730957031,281.0461730957031,1300,0.0,0.0
2007-05-24 00:00:00+09:00,276.4103088378906,276.4103088378906,276.4103088378906,276.4103088378906,1300,0.0,0.0
2007-05-25 00:00:00+09:00,276.4103088378906,276.4103088378906,276.4103088378906,276.4103088378906,3900,0.0,0.0
2007-05-28 00:00:00+09:00,287.99993896484375,287.99993896484375,287.99993896484375,287.99993896484375,2600,0.0,0.0
2007-05-29 00:00:00+09:00,287.99993896484375,287.99993896484375,287.99993896484375,287.99993896484375,1300,0.0,0.0
2007-05-30 00:00:00+09:00,279.8872183424452,282.78460693359375,279.8872183424452,282.78460693359375,2600,0.0,0.0
2007-05-31 00:00:00+09:00,279.8872123657699,279.8872123657699,279.3077392578125,279.3077392578125,2600,0.0,0.0
2007-06-01 00:00:00+09:00,280.4666914627766,282.78460693359375,280.4666914627766,282.78460693359375,2600,0.0,0.0
2007-06-04 00:00:00+09:00,282.78460693359375,282.78460693359375,282.78460693359375,282.78460693359375,1300,0.0,0.0
2007-06-05 00:00:00+09:00,283.9435729980469,283.9435729980469,283.9435729980469,283.9435729980469,3900,0.0,0.0
2007-06-06 00:00:00+09:00,283.9435729980469,283.9435729980469,283.9435729980469,283.9435729980469,2600,0.0,0.0
2007-06-07 00:00:00+09:00,283.9435729980469,283.9435729980469,283.9435729980469,283.9435729980469,1300,0.0,0.0
2007-06-08 00:00:00+09:00,283.9435729980469,283.9435729980469,283.9435729980469,283.9435729980469,1300,0.0,0.0
2007-06-11 00:00:00+09:00,289.7383117675781,289.7383117675781,289.7383117675781,289.7383117675781,2600,0.0,0.0
2007-06-12 00:00:00+09:00,288.5793762207031,288.5793762207031,288.5793762207031,288.5793762207031,1300,0.0,0.0
2007-06-13 00:00:00+09:00,288.5793762207031,288.5793762207031,288.5793762207031,288.5793762207031,1300,0.0,0.0
2007-06-14 00:00:00+09:00,288.5793762207031,288.5793762207031,288.5793762207031,288.5793762207031,1300,0.0,0.0
2007-06-15 00:00:00+09:00,288.5793762207031,288.5793762207031,288.5793762207031,288.5793762207031,1300,0.0,0.0
2007-06-18 00:00:00+09:00,283.9435729980469,283.9435729980469,283.9435729980469,283.9435729980469,2600,0.0,0.0
2007-06-19 00:00:00+09:00,283.9435729980469,283.9435729980469,283.9435729980469,283.9435729980469,1300,0.0,0.0
2007-06-20 00:00:00+09:00,283.9435729980469,283.9435729980469,283.9435729980469,283.9435729980469,2600,0.0,0.0
2007-06-21 00:00:00+09:00,280.4666748046875,280.4666748046875,280.4666748046875,280.4666748046875,2600,0.0,0.0
2007-06-22 00:00:00+09:00,281.6257019042969,281.6257019042969,281.6257019042969,281.6257019042969,3900,0.0,0.0
2007-06-25 00:00:00+09:00,283.9435729980469,283.9435729980469,283.9435729980469,283.9435729980469,6500,0.0,0.0
2007-06-26 00:00:00+09:00,283.9435729980469,283.9435729980469,283.9435729980469,283.9435729980469,1300,0.0,0.0
2007-06-27 00:00:00+09:00,283.9435729980469,283.9435729980469,283.9435729980469,283.9435729980469,1300,0.0,0.0
2007-06-28 00:00:00+09:00,283.9435729980469,283.9435729980469,283.9435729980469,283.9435729980469,1300,0.0,0.0
2007-06-29 00:00:00+09:00,283.9435729980469,283.9435729980469,283.9435729980469,283.9435729980469,1300,0.0,0.0
2007-07-02 00:00:00+09:00,289.1589050292969,289.1589050292969,289.1589050292969,289.1589050292969,2600,0.0,0.0
2007-07-03 00:00:00+09:00,288.57943181318836,289.1589050292969,286.26151595925893,289.1589050292969,6500,0.0,0.0
2007-07-04 00:00:00+09:00,289.1589050292969,289.1589050292969,289.1589050292969,289.1589050292969,2600,0.0,0.0
2007-07-05 00:00:00+09:00,289.1589050292969,289.1589050292969,289.1589050292969,289.1589050292969,2600,0.0,0.0
2007-07-06 00:00:00+09:00,289.1589084000663,289.1589084000663,287.99993896484375,287.99993896484375,2600,0.0,0.0
2007-07-09 00:00:00+09:00,287.99991926685067,287.99991926685067,286.8409729003906,286.8409729003906,2600,0.0,0.0
2007-07-10 00:00:00+09:00,283.9435729980469,283.9435729980469,283.9435729980469,283.9435729980469,1300,0.0,0.0
2007-07-11 00:00:00+09:00,283.9435729980469,283.9435729980469,283.9435729980469,283.9435729980469,1300,0.0,0.0
2007-07-12 00:00:00+09:00,283.9435385481149,283.9435385481149,281.0461730957031,281.0461730957031,7800,0.0,0.0
2007-07-13 00:00:00+09:00,281.0461730957031,281.0461730957031,281.0461730957031,281.0461730957031,1300,0.0,0.0
2007-07-17 00:00:00+09:00,281.0461730957031,281.0461730957031,281.0461730957031,281.0461730957031,3900,0.0,0.0
2007-07-18 00:00:00+09:00,281.0461730957031,281.0461730957031,281.0461730957031,281.0461730957031,1300,0.0,0.0
2007-07-19 00:00:00+09:00,281.0461730957031,281.0461730957031,281.0461730957031,281.0461730957031,1300,0.0,0.0
2007-07-20 00:00:00+09:00,281.0461730957031,281.0461730957031,281.0461730957031,281.0461730957031,1300,0.0,0.0
2007-07-23 00:00:00+09:00,281.0461730957031,281.0461730957031,281.0461730957031,281.0461730957031,2600,0.0,0.0
2007-07-24 00:00:00+09:00,281.0461730957031,281.0461730957031,281.0461730957031,281.0461730957031,1300,0.0,0.0
2007-07-25 00:00:00+09:00,289.1588637556815,315.8147888183594,289.1588637556815,315.8147888183594,18200,0.0,0.0
2007-07-26 00:00:00+09:00,287.42042140175937,290.31781005859375,283.94355961145646,290.31781005859375,6500,0.0,0.0
2007-07-27 00:00:00+09:00,290.31781005859375,290.31781005859375,290.31781005859375,290.31781005859375,1300,0.0,0.0
2007-07-30 00:00:00+09:00,278.728307422278,278.728307422278,278.1488342285156,278.1488342285156,2600,0.0,0.0
2007-07-31 00:00:00+09:00,278.1488342285156,278.1488342285156,278.1488342285156,278.1488342285156,1300,0.0,0.0
2007-08-01 00:00:00+09:00,276.9898376464844,276.9898376464844,276.9898376464844,276.9898376464844,1300,0.0,0.0
2007-08-02 00:00:00+09:00,272.9335021972656,287.9998956855943,272.9335021972656,272.9335021972656,0,0.0,0.0
2007-08-03 00:00:00+09:00,275.2513732910156,275.2513732910156,275.2513732910156,275.2513732910156,1300,0.0,0.0
2007-08-06 00:00:00+09:00,275.2513732910156,275.2513732910156,275.2513732910156,275.2513732910156,1300,0.0,0.0
2007-08-07 00:00:00+09:00,275.8309020996094,275.8309020996094,275.8309020996094,275.8309020996094,3900,0.0,0.0
2007-08-08 00:00:00+09:00,275.83084633324376,275.83084633324376,275.2513732910156,275.2513732910156,5200,0.0,0.0
2007-08-09 00:00:00+09:00,268.29766631027974,273.5129699707031,268.29766631027974,273.5129699707031,5200,0.0,0.0
2007-08-10 00:00:00+09:00,269.4566650390625,269.4566650390625,269.4566650390625,269.4566650390625,1300,0.0,0.0
2007-08-13 00:00:00+09:00,268.2976989746094,268.2976989746094,268.2976989746094,268.2976989746094,2600,0.0,0.0
2007-08-14 00:00:00+09:00,268.2976989746094,268.2976989746094,268.2976989746094,268.2976989746094,1300,0.0,0.0
2007-08-15 00:00:00+09:00,272.35400390625,272.35400390625,272.35400390625,272.35400390625,1300,0.0,0.0
2007-08-16 00:00:00+09:00,268.29771519821145,268.29771519821145,266.5592956542969,266.5592956542969,9100,0.0,0.0
2007-08-17 00:00:00+09:00,243.38021850585938,243.38021850585938,243.38021850585938,243.38021850585938,1300,0.0,0.0
2007-08-20 00:00:00+09:00,249.75442504882812,249.75442504882812,249.75442504882812,249.75442504882812,1300,0.0,0.0
2007-08-21 00:00:00+09:00,260.7644958496094,260.7644958496094,260.7644958496094,260.7644958496094,2600,0.0,0.0
2007-08-22 00:00:00+09:00,260.7644958496094,260.7644958496094,260.7644958496094,260.7644958496094,2600,0.0,0.0
2007-08-23 00:00:00+09:00,276.4103088378906,276.4103088378906,276.4103088378906,276.4103088378906,2600,0.0,0.0
2007-08-24 00:00:00+09:00,278.14885927359194,281.0462484927848,278.14885927359194,278.72833251953125,13000,0.0,0.0
2007-08-27 00:00:00+09:00,278.72833251953125,278.72833251953125,278.72833251953125,278.72833251953125,2600,0.0,0.0
2007-08-28 00:00:00+09:00,278.72833251953125,278.72833251953125,278.72833251953125,278.72833251953125,1300,0.0,0.0
2007-08-29 00:00:00+09:00,278.72833251953125,278.72833251953125,278.72833251953125,278.72833251953125,1300,0.0,0.0
2007-08-30 00:00:00+09:00,278.72833251953125,278.72833251953125,278.72833251953125,278.72833251953125,1300,0.0,0.0
2007-08-31 00:00:00+09:00,278.72833251953125,278.72833251953125,278.72833251953125,278.72833251953125,1300,0.0,0.0
2007-09-03 00:00:00+09:00,278.72833251953125,278.72833251953125,278.72833251953125,278.72833251953125,1300,0.0,0.0
2007-09-04 00:00:00+09:00,278.72833251953125,278.72833251953125,278.72833251953125,278.72833251953125,1300,0.0,0.0
2007-09-05 00:00:00+09:00,279.88726273124394,279.88726273124394,264.24139404296875,264.24139404296875,5200,0.0,0.0
2007-09-06 00:00:00+09:00,254.96975708007812,254.96975708007812,254.96975708007812,254.96975708007812,1300,0.0,0.0
2007-09-07 00:00:00+09:00,254.96975708007812,254.96975708007812,254.96975708007812,254.96975708007812,1300,0.0,0.0
2007-09-10 00:00:00+09:00,254.96975708007812,254.96975708007812,254.96975708007812,254.96975708007812,1300,0.0,0.0
2007-09-11 00:00:00+09:00,254.96975708007812,254.96975708007812,254.96975708007812,254.96975708007812,1300,0.0,0.0
2007-09-12 00:00:00+09:00,254.96975708007812,254.96975708007812,254.96975708007812,254.96975708007812,1300,0.0,0.0
2007-09-13 00:00:00+09:00,254.96975708007812,254.96975708007812,254.96975708007812,254.96975708007812,1300,0.0,0.0
2007-09-14 00:00:00+09:00,254.96975708007812,254.96975708007812,254.96975708007812,254.96975708007812,1300,0.0,0.0
2007-09-18 00:00:00+09:00,254.96975708007812,254.96975708007812,254.96975708007812,254.96975708007812,1300,0.0,0.0
2007-09-19 00:00:00+09:00,265.97982247299205,266.5592956542969,265.97982247299205,266.5592956542969,3900,0.0,0.0
2007-09-20 00:00:00+09:00,266.5592956542969,266.5592956542969,266.5592956542969,266.5592956542969,1300,0.0,0.0
2007-09-21 00:00:00+09:00,266.5592956542969,266.5592956542969,266.5592956542969,266.5592956542969,1300,0.0,0.0
2007-09-25 00:00:00+09:00,266.5592956542969,266.5592956542969,266.5592956542969,266.5592956542969,3900,0.0,0.0
2007-09-26 00:00:00+09:00,266.5592956542969,266.5592956542969,266.5592956542969,266.5592956542969,2600,0.0,0.0
2007-09-27 00:00:00+09:00,266.5592956542969,266.5592956542969,266.5592956542969,266.5592956542969,1300,0.0,0.0
2007-09-28 00:00:00+09:00,266.5592956542969,266.5592956542969,266.5592956542969,266.5592956542969,1300,0.0,0.0
2007-10-01 00:00:00+09:00,266.5592956542969,266.5592956542969,266.5592956542969,266.5592956542969,1300,0.0,0.0
2007-10-02 00:00:00+09:00,266.5592956542969,266.5592956542969,266.5592956542969,266.5592956542969,1300,0.0,0.0
2007-10-03 00:00:00+09:00,266.5592956542969,266.5592956542969,266.5592956542969,266.5592956542969,7800,0.0,0.0
2007-10-04 00:00:00+09:00,266.5592598067803,267.13873291015625,266.5592598067803,267.13873291015625,2600,0.0,0.0
2007-10-05 00:00:00+09:00,278.7282639461475,278.7282639461475,267.13873291015625,267.13873291015625,9100,0.0,0.0
2007-10-09 00:00:00+09:00,267.13873291015625,267.13873291015625,267.13873291015625,267.13873291015625,1300,0.0,0.0
2007-10-10 00:00:00+09:00,266.5592956542969,266.5592956542969,266.5592956542969,266.5592956542969,1300,0.0,0.0
2007-10-11 00:00:00+09:00,266.5592956542969,266.5592956542969,266.5592956542969,266.5592956542969,1300,0.0,0.0
2007-10-12 00:00:00+09:00,266.5592956542969,266.5592956542969,266.5592956542969,266.5592956542969,1300,0.0,0.0
2007-10-15 00:00:00+09:00,266.5592956542969,266.5592956542969,266.5592956542969,266.5592956542969,1300,0.0,0.0
2007-10-16 00:00:00+09:00,266.5592956542969,266.5592956542969,266.5592956542969,266.5592956542969,1300,0.0,0.0
2007-10-17 00:00:00+09:00,266.5592956542969,266.5592956542969,266.5592956542969,266.5592956542969,1300,0.0,0.0
2007-10-18 00:00:00+09:00,266.5592956542969,266.5592956542969,266.5592956542969,266.5592956542969,1300,0.0,0.0
2007-10-19 00:00:00+09:00,266.5592956542969,266.5592956542969,266.5592956542969,266.5592956542969,1300,0.0,0.0
2007-10-22 00:00:00+09:00,257.8670654296875,257.8670654296875,257.8670654296875,257.8670654296875,1300,0.0,0.0
2007-10-23 00:00:00+09:00,257.8670654296875,257.8670654296875,257.8670654296875,257.8670654296875,1300,0.0,0.0
2007-10-24 00:00:00+09:00,257.8670654296875,257.8670654296875,257.8670654296875,257.8670654296875,1300,0.0,0.0
2007-10-25 00:00:00+09:00,269.4566650390625,269.4566650390625,269.4566650390625,269.4566650390625,2600,0.0,0.0
2007-10-26 00:00:00+09:00,254.96975708007812,254.96975708007812,254.96975708007812,254.96975708007812,1300,0.0,0.0
2007-10-29 00:00:00+09:00,255.549230247793,255.549230247793,254.96975708007812,254.96975708007812,2600,0.0,0.0
2007-10-30 00:00:00+09:00,254.96971501015562,254.96971501015562,252.07232666015625,252.07232666015625,2600,0.0,0.0
2007-10-31 00:00:00+09:00,252.07232666015625,252.07232666015625,252.07232666015625,252.07232666015625,1300,0.0,0.0
2007-11-01 00:00:00+09:00,262.5028991699219,262.5028991699219,262.5028991699219,262.5028991699219,1300,0.0,0.0
2007-11-02 00:00:00+09:00,262.5028991699219,262.5028991699219,262.5028991699219,262.5028991699219,1300,0.0,0.0
2007-11-05 00:00:00+09:00,263.0824279785156,263.0824279785156,263.0824279785156,263.0824279785156,2600,0.0,0.0
2007-11-06 00:00:00+09:00,263.0824279785156,263.0824279785156,263.0824279785156,263.0824279785156,1300,0.0,0.0
2007-11-07 00:00:00+09:00,263.0824279785156,263.0824279785156,263.0824279785156,263.0824279785156,1300,0.0,0.0
2007-11-08 00:00:00+09:00,263.0824279785156,263.0824279785156,263.0824279785156,263.0824279785156,1300,0.0,0.0
2007-11-09 00:00:00+09:00,263.0824279785156,263.0824279785156,263.0824279785156,263.0824279785156,1300,0.0,0.0
2007-11-12 00:00:00+09:00,263.0824279785156,263.0824279785156,263.0824279785156,263.0824279785156,1300,0.0,0.0
2007-11-13 00:00:00+09:00,225.99594116210938,263.08245812042924,225.99594116210938,225.99594116210938,0,0.0,0.0
2007-11-14 00:00:00+09:00,263.0824279785156,263.0824279785156,263.0824279785156,263.0824279785156,1300,0.0,0.0
2007-11-15 00:00:00+09:00,263.0824279785156,263.0824279785156,263.0824279785156,263.0824279785156,1300,0.0,0.0
2007-11-16 00:00:00+09:00,263.0824279785156,263.0824279785156,263.0824279785156,263.0824279785156,1300,0.0,0.0
2007-11-19 00:00:00+09:00,263.0824279785156,263.0824279785156,263.0824279785156,263.0824279785156,1300,0.0,0.0
2007-11-20 00:00:00+09:00,231.211202125221,231.211202125221,226.5753936767578,226.5753936767578,3900,0.0,0.0
2007-11-21 00:00:00+09:00,227.1548309326172,227.1548309326172,227.1548309326172,227.1548309326172,1300,0.0,0.0
2007-11-22 00:00:00+09:00,244.5391845703125,244.5391845703125,244.5391845703125,244.5391845703125,2600,0.0,0.0
2007-11-26 00:00:00+09:00,217.88323974609375,252.07236280837782,217.88323974609375,217.88323974609375,0,0.0,0.0
2007-11-27 00:00:00+09:00,244.5391845703125,244.5391845703125,244.5391845703125,244.5391845703125,1300,0.0,0.0
2007-11-28 00:00:00+09:00,244.5391845703125,244.5391845703125,244.5391845703125,244.5391845703125,1300,0.0,0.0
2007-11-29 00:00:00+09:00,243.38021850585938,243.38021850585938,243.38021850585938,243.38021850585938,1300,0.0,0.0
2007-11-30 00:00:00+09:00,243.38022208387702,246.27758789062497,243.38022208387702,246.277587890625,2600,0.0,0.0
2007-12-03 00:00:00+09:00,243.38021850585938,243.38021850585938,243.38021850585938,243.38021850585938,2600,0.0,0.0
2007-12-04 00:00:00+09:00,249.17498779296875,249.17498779296875,249.17498779296875,249.17498779296875,3900,0.0,0.0
2007-12-05 00:00:00+09:00,252.65182601719147,260.7644958496094,252.65182601719147,260.7644958496094,10400,0.0,0.0
2007-12-06 00:00:00+09:00,254.96974153623597,260.7644958496094,254.96974153623597,260.7644958496094,2600,0.0,0.0
2007-12-07 00:00:00+09:00,260.7644958496094,260.7644958496094,260.7644958496094,260.7644958496094,2600,0.0,0.0
2007-12-10 00:00:00+09:00,260.7644958496094,260.7644958496094,260.7644958496094,260.7644958496094,3900,0.0,0.0
2007-12-11 00:00:00+09:00,260.7644958496094,260.7644958496094,260.7644958496094,260.7644958496094,1300,0.0,0.0
2007-12-12 00:00:00+09:00,240.48284912109378,240.48284912109378,240.48284912109378,240.48284912109375,3900,0.0,0.0
2007-12-13 00:00:00+09:00,240.48284912109378,240.48284912109378,240.48284912109378,240.48284912109375,1300,0.0,0.0
2007-12-14 00:00:00+09:00,241.06232232059602,241.06232232059602,240.48284912109378,240.48284912109375,3900,0.0,0.0
2007-12-17 00:00:00+09:00,240.48284912109378,240.48284912109378,240.48284912109378,240.48284912109375,1300,0.0,0.0
2007-12-18 00:00:00+09:00,231.79066467285156,245.69808800078945,231.79066467285156,231.79066467285156,0,0.0,0.0
2007-12-19 00:00:00+09:00,245.6981111171816,245.6981111171816,243.38021850585938,243.38021850585938,2600,0.0,0.0
2007-12-20 00:00:00+09:00,243.38021850585938,243.38021850585938,243.38021850585938,243.38021850585938,1300,0.0,0.0
2007-12-21 00:00:00+09:00,237.5854034423828,237.5854034423828,237.5854034423828,237.5854034423828,3900,0.0,0.0
2007-12-25 00:00:00+09:00,241.06231689453125,241.06231689453125,241.06231689453125,241.06231689453125,2600,0.0,0.0
2007-12-26 00:00:00+09:00,238.16493225097656,242.80074081541653,238.16493225097656,238.16493225097656,0,0.0,0.0
2007-12-27 00:00:00+09:00,242.80068969726562,242.80068969726562,242.80068969726562,242.80068969726562,2600,0.0,0.0
2007-12-28 00:00:00+09:00,246.27758789062497,246.27758789062497,246.27758789062497,246.277587890625,1300,0.0,0.0
2008-01-04 00:00:00+09:00,246.27760410561103,246.27760410561103,240.48284912109378,240.48284912109375,9100,0.0,0.0
2008-01-07 00:00:00+09:00,242.80068969726562,242.80068969726562,242.80068969726562,242.80068969726562,2600,0.0,0.0
2008-01-08 00:00:00+09:00,235.26754760742188,235.26754760742188,235.26754760742188,235.26754760742188,2600,0.0,0.0
2008-01-09 00:00:00+09:00,235.26754760742188,235.26754760742188,235.26754760742188,235.26754760742188,1300,0.0,0.0
2008-01-10 00:00:00+09:00,235.26754760742188,235.26754760742188,235.26754760742188,235.26754760742188,1300,0.0,0.0
2008-01-11 00:00:00+09:00,235.26754760742188,235.26754760742188,235.26754760742188,235.26754760742188,1300,0.0,0.0
2008-01-15 00:00:00+09:00,232.94961086947376,232.94961086947376,231.79066467285156,231.79066467285156,6500,0.0,0.0
2008-01-16 00:00:00+09:00,225.99594116210938,225.99594116210938,225.99594116210938,225.99594116210938,1300,0.0,0.0
2008-01-17 00:00:00+09:00,234.6880645751953,234.6880645751953,234.6880645751953,234.6880645751953,1300,0.0,0.0
2008-01-18 00:00:00+09:00,234.6880645751953,234.6880645751953,234.6880645751953,234.6880645751953,1300,0.0,0.0
2008-01-21 00:00:00+09:00,231.79066467285156,231.79066467285156,231.79066467285156,231.79066467285156,1300,0.0,0.0
2008-01-22 00:00:00+09:00,220.20111083984375,220.20111083984375,220.20111083984375,220.20111083984375,1300,0.0,0.0
2008-01-23 00:00:00+09:00,215.56529235839844,215.56529235839844,215.56529235839844,215.56529235839844,1300,0.0,0.0
2008-01-24 00:00:00+09:00,212.6679229736328,212.6679229736328,212.6679229736328,212.6679229736328,1300,0.0,0.0
2008-01-25 00:00:00+09:00,228.31385258174902,228.89332580566406,228.31385258174902,228.89332580566406,3900,0.0,0.0
2008-01-28 00:00:00+09:00,228.89332580566406,228.89332580566406,228.89332580566406,228.89332580566406,1300,0.0,0.0
2008-01-29 00:00:00+09:00,220.20111083984375,220.20111083984375,220.20111083984375,220.20111083984375,1300,0.0,0.0
2008-01-30 00:00:00+09:00,220.20111083984375,220.20111083984375,220.20111083984375,220.20111083984375,1300,0.0,0.0
2008-01-31 00:00:00+09:00,220.20111083984375,220.20111083984375,220.20111083984375,220.20111083984375,1300,0.0,0.0
2008-02-01 00:00:00+09:00,220.20111083984375,220.20111083984375,220.20111083984375,220.20111083984375,1300,0.0,0.0
2008-02-04 00:00:00+09:00,224.83694458007812,224.83694458007812,224.83694458007812,224.83694458007812,1300,0.0,0.0
2008-02-05 00:00:00+09:00,230.63169548673883,231.79066467285156,230.63169548673883,231.79066467285156,6500,0.0,0.0
2008-02-06 00:00:00+09:00,231.79066467285156,231.79066467285156,231.79066467285156,231.79066467285156,7800,0.0,0.0
2008-02-07 00:00:00+09:00,231.79066467285156,231.79066467285156,231.79066467285156,231.79066467285156,1300,0.0,0.0
2008-02-08 00:00:00+09:00,231.79068563914086,231.79068563914086,211.50898742675778,211.5089874267578,7800,0.0,0.0
2008-02-12 00:00:00+09:00,211.50898742675778,211.50898742675778,211.50898742675778,211.5089874267578,1300,0.0,0.0
2008-02-13 00:00:00+09:00,214.4063720703125,214.4063720703125,214.4063720703125,214.4063720703125,1300,0.0,0.0
2008-02-14 00:00:00+09:00,214.4063720703125,214.4063720703125,214.4063720703125,214.4063720703125,1300,0.0,0.0
2008-02-15 00:00:00+09:00,214.4063720703125,214.4063720703125,214.4063720703125,214.4063720703125,1300,0.0,0.0
2008-02-18 00:00:00+09:00,217.30374145507812,217.30374145507812,217.30374145507812,217.30374145507812,1300,0.0,0.0
2008-02-19 00:00:00+09:00,217.30374145507812,217.30374145507812,217.30374145507812,217.30374145507812,1300,0.0,0.0
2008-02-20 00:00:00+09:00,228.89332580566406,228.89332580566406,228.89332580566406,228.89332580566406,2600,0.0,0.0
2008-02-21 00:00:00+09:00,220.78065490722656,220.78065490722656,220.78065490722656,220.78065490722656,2600,0.0,0.0
2008-02-22 00:00:00+09:00,220.78065490722656,220.78065490722656,220.78065490722656,220.78065490722656,2600,0.0,0.0
2008-02-25 00:00:00+09:00,220.7806285115907,234.68805320488897,217.88323974609375,217.88323974609375,5200,0.0,0.0
2008-02-26 00:00:00+09:00,217.88323974609375,217.88323974609375,217.88323974609375,217.88323974609375,5200,0.0,0.0
2008-02-27 00:00:00+09:00,214.98585510253906,214.98585510253906,214.98585510253906,214.98585510253906,1300,0.0,0.0
2008-02-28 00:00:00+09:00,214.98585510253906,214.98585510253906,214.98585510253906,214.98585510253906,1300,0.0,0.0
2008-02-29 00:00:00+09:00,218.4627227783203,218.4627227783203,218.4627227783203,218.4627227783203,1300,0.0,0.0
2008-03-03 00:00:00+09:00,218.4627227783203,218.4627227783203,218.4627227783203,218.4627227783203,1300,0.0,0.0
2008-03-04 00:00:00+09:00,214.4063720703125,214.4063720703125,214.4063720703125,214.4063720703125,2600,0.0,0.0
2008-03-05 00:00:00+09:00,214.4063568648429,220.20111083984375,214.4063568648429,220.20111083984375,5200,0.0,0.0
2008-03-06 00:00:00+09:00,220.20111083984375,220.20111083984375,220.20111083984375,220.20111083984375,5200,0.0,0.0
2008-03-07 00:00:00+09:00,214.4063720703125,214.4063720703125,214.4063720703125,214.4063720703125,5200,0.0,0.0
2008-03-10 00:00:00+09:00,214.4063720703125,214.4063720703125,214.4063720703125,214.4063720703125,5200,0.0,0.0
2008-03-11 00:00:00+09:00,214.4063720703125,214.4063720703125,214.4063720703125,214.4063720703125,5200,0.0,0.0
2008-03-12 00:00:00+09:00,214.4063720703125,214.4063720703125,214.4063720703125,214.4063720703125,1300,0.0,0.0
2008-03-13 00:00:00+09:00,214.4063720703125,214.4063720703125,214.4063720703125,214.4063720703125,1300,0.0,0.0
2008-03-14 00:00:00+09:00,214.4063720703125,214.4063720703125,214.4063720703125,214.4063720703125,1300,0.0,0.0
2008-03-17 00:00:00+09:00,214.4063720703125,214.4063720703125,214.4063720703125,214.4063720703125,1300,0.0,0.0
2008-03-18 00:00:00+09:00,214.4063720703125,214.4063720703125,214.4063720703125,214.4063720703125,1300,0.0,0.0
2008-03-19 00:00:00+09:00,214.4063720703125,214.4063720703125,214.4063720703125,214.4063720703125,1300,0.0,0.0
2008-03-21 00:00:00+09:00,214.4063720703125,214.4063720703125,214.4063720703125,214.4063720703125,1300,0.0,0.0
2008-03-24 00:00:00+09:00,209.19109082400053,214.4063720703125,209.19109082400053,214.4063720703125,2600,0.0,0.0
2008-03-25 00:00:00+09:00,214.4063568648429,220.20111083984375,214.4063568648429,220.20111083984375,2600,0.0,0.0
2008-03-26 00:00:00+09:00,220.2011260986328,220.2011260986328,220.2011260986328,220.2011260986328,2600,9.230769,0.0
2008-03-27 00:00:00+09:00,220.2011260986328,220.2011260986328,220.2011260986328,220.2011260986328,2600,0.0,0.0
2008-03-28 00:00:00+09:00,208.23367309570312,208.23367309570312,208.23367309570312,208.23367309570312,3900,0.0,0.0
2008-03-31 00:00:00+09:00,208.23367309570312,208.23367309570312,208.23367309570312,208.23367309570312,3900,0.0,0.0
2008-04-01 00:00:00+09:00,208.23367309570312,208.23367309570312,208.23367309570312,208.23367309570312,3900,0.0,0.0
2008-04-02 00:00:00+09:00,208.23367309570312,208.23367309570312,208.23367309570312,208.23367309570312,3900,0.0,0.0
2008-04-03 00:00:00+09:00,208.23367309570312,208.23367309570312,208.23367309570312,208.23367309570312,3900,0.0,0.0
2008-04-04 00:00:00+09:00,208.23368506590768,208.23368506590768,203.44668579101562,203.44668579101562,10400,0.0,0.0
2008-04-07 00:00:00+09:00,208.23369163648368,208.23369163648368,202.2499542236328,202.2499542236328,5200,0.0,0.0
2008-04-08 00:00:00+09:00,208.23367309570312,208.23367309570312,208.23367309570312,208.23367309570312,1300,0.0,0.0
2008-04-09 00:00:00+09:00,207.0369415283203,207.0369415283203,207.0369415283203,207.0369415283203,1300,0.0,0.0
2008-04-10 00:00:00+09:00,207.0369415283203,207.0369415283203,207.0369415283203,207.0369415283203,1300,0.0,0.0
2008-04-11 00:00:00+09:00,207.0369415283203,207.0369415283203,207.0369415283203,207.0369415283203,1300,0.0,0.0
2008-04-14 00:00:00+09:00,207.0369415283203,207.0369415283203,207.0369415283203,207.0369415283203,1300,0.0,0.0
2008-04-15 00:00:00+09:00,207.0369415283203,207.0369415283203,207.0369415283203,207.0369415283203,1300,0.0,0.0
2008-04-16 00:00:00+09:00,203.44668579101562,203.44668579101562,203.44668579101562,203.44668579101562,1300,0.0,0.0
2008-04-17 00:00:00+09:00,197.46295166015625,197.46295166015625,197.46295166015625,197.46295166015625,1300,0.0,0.0
2008-04-18 00:00:00+09:00,191.47926314630266,191.47926314630266,185.4955369148292,186.0939178466797,9100,0.0,0.0
2008-04-21 00:00:00+09:00,188.4874147953133,193.87277221679688,186.69229565481876,193.87277221679688,6500,0.0,0.0
2008-04-22 00:00:00+09:00,193.87277221679688,193.87277221679688,193.87277221679688,193.87277221679688,6500,0.0,0.0
2008-04-23 00:00:00+09:00,186.69228037273723,187.2906494140625,186.69228037273723,187.2906494140625,7800,0.0,0.0
2008-04-24 00:00:00+09:00,186.69229125976562,186.69229125976562,186.69229125976562,186.69229125976562,1300,0.0,0.0
2008-04-25 00:00:00+09:00,189.08574504888904,191.47923278808594,189.08574504888904,191.47923278808594,7800,0.0,0.0
2008-04-28 00:00:00+09:00,191.47923278808594,191.47923278808594,191.47923278808594,191.47923278808594,7800,0.0,0.0
2008-04-30 00:00:00+09:00,191.47923278808594,191.47923278808594,191.47923278808594,191.47923278808594,5200,0.0,0.0
2008-05-01 00:00:00+09:00,191.47923278808594,191.47923278808594,191.47923278808594,191.47923278808594,5200,0.0,0.0
2008-05-02 00:00:00+09:00,192.07760620117188,192.07760620117188,192.07760620117188,192.07760620117188,1300,0.0,0.0
2008-05-07 00:00:00+09:00,196.2662353515625,196.2662353515625,196.2662353515625,196.2662353515625,2600,0.0,0.0
2008-05-08 00:00:00+09:00,196.2662353515625,196.2662353515625,196.2662353515625,196.2662353515625,2600,0.0,0.0
2008-05-09 00:00:00+09:00,196.2662353515625,196.2662353515625,196.2662353515625,196.2662353515625,2600,0.0,0.0
2008-05-12 00:00:00+09:00,196.2662353515625,196.2662353515625,196.2662353515625,196.2662353515625,2600,0.0,0.0
2008-05-13 00:00:00+09:00,196.2662353515625,196.2662353515625,196.2662353515625,196.2662353515625,2600,0.0,0.0
2008-05-14 00:00:00+09:00,199.25807684265644,199.25807684265644,191.47923278808594,191.47923278808594,3900,0.0,0.0
2008-05-15 00:00:00+09:00,191.47923278808594,191.47923278808594,191.47923278808594,191.47923278808594,3900,0.0,0.0
2008-05-16 00:00:00+09:00,185.4954704865296,210.02874755859375,185.4954704865296,210.02874755859375,7800,0.0,0.0
2008-05-19 00:00:00+09:00,225.5865103299968,225.5865103299968,213.61905802717308,216.01255798339844,3900,0.0,0.0
2008-05-20 00:00:00+09:00,201.0532142661491,204.04505920410156,201.0532142661491,204.04505920410156,5200,0.0,0.0
2008-05-21 00:00:00+09:00,209.43044351910154,209.43044351910154,205.24183654785156,205.24183654785156,3900,0.0,0.0
2008-05-22 00:00:00+09:00,208.83209228515625,208.83209228515625,208.83209228515625,208.83209228515625,1300,0.0,0.0
2008-05-23 00:00:00+09:00,208.83209228515625,208.83209228515625,208.83209228515625,208.83209228515625,2600,0.0,0.0
2008-05-26 00:00:00+09:00,220.79949951171875,220.79949951171875,220.79949951171875,220.79949951171875,3900,0.0,0.0
2008-05-27 00:00:00+09:00,220.79949951171875,220.79949951171875,220.79949951171875,220.79949951171875,3900,0.0,0.0
2008-05-28 00:00:00+09:00,220.79949951171875,220.79949951171875,220.79949951171875,220.79949951171875,3900,0.0,0.0
2008-05-29 00:00:00+09:00,220.79949951171875,220.79949951171875,220.79949951171875,220.79949951171875,3900,0.0,0.0
2008-05-30 00:00:00+09:00,220.79949951171875,220.79949951171875,220.79949951171875,220.79949951171875,3900,0.0,0.0
2008-06-02 00:00:00+09:00,220.79949951171875,220.79949951171875,220.79949951171875,220.79949951171875,3900,0.0,0.0
2008-06-03 00:00:00+09:00,220.79949951171875,220.79949951171875,220.79949951171875,220.79949951171875,3900,0.0,0.0
2008-06-04 00:00:00+09:00,216.61089120033094,222.5946044921875,216.61089120033094,222.5946044921875,2600,0.0,0.0
2008-06-05 00:00:00+09:00,222.5946093461291,224.38973999023438,222.5946093461291,224.38973999023438,3900,0.0,0.0
2008-06-06 00:00:00+09:00,224.38973999023438,224.38973999023438,224.38973999023438,224.38973999023438,3900,0.0,0.0
2008-06-09 00:00:00+09:00,224.38975587280717,229.7751007080078,224.38975587280717,229.7751007080078,5200,0.0,0.0
2008-06-10 00:00:00+09:00,229.7751007080078,229.7751007080078,229.7751007080078,229.7751007080078,5200,0.0,0.0
2008-06-11 00:00:00+09:00,220.79949951171875,220.79949951171875,220.79949951171875,220.79949951171875,5200,0.0,0.0
2008-06-12 00:00:00+09:00,220.79949951171875,220.79949951171875,220.79949951171875,220.79949951171875,5200,0.0,0.0
2008-06-13 00:00:00+09:00,220.79949951171875,220.79949951171875,220.79949951171875,220.79949951171875,5200,0.0,0.0
2008-06-16 00:00:00+09:00,220.79949951171875,220.79949951171875,220.79949951171875,220.79949951171875,5200,0.0,0.0
2008-06-17 00:00:00+09:00,220.79949951171875,220.79949951171875,220.79949951171875,220.79949951171875,5200,0.0,0.0
2008-06-18 00:00:00+09:00,220.79951806962347,229.7751007080078,220.79951806962347,229.7751007080078,3900,0.0,0.0
2008-06-19 00:00:00+09:00,229.7751007080078,229.7751007080078,229.7751007080078,229.7751007080078,3900,0.0,0.0
2008-06-20 00:00:00+09:00,217.8076629638672,217.8076629638672,217.8076629638672,217.8076629638672,2600,0.0,0.0
2008-06-23 00:00:00+09:00,217.8076629638672,217.8076629638672,217.8076629638672,217.8076629638672,2600,0.0,0.0
2008-06-24 00:00:00+09:00,223.79135131835938,223.79135131835938,223.79135131835938,223.79135131835938,1300,0.0,0.0
2008-06-25 00:00:00+09:00,227.381591796875,227.381591796875,227.381591796875,227.381591796875,2600,0.0,0.0
2008-06-26 00:00:00+09:00,227.381591796875,227.381591796875,227.381591796875,227.381591796875,2600,0.0,0.0
2008-06-27 00:00:00+09:00,227.381591796875,227.381591796875,227.381591796875,227.381591796875,2600,0.0,0.0
2008-06-30 00:00:00+09:00,227.381591796875,227.381591796875,227.381591796875,227.381591796875,2600,0.0,0.0
2008-07-01 00:00:00+09:00,229.17674255371094,229.17674255371094,229.17674255371094,229.17674255371094,1300,0.0,0.0
2008-07-02 00:00:00+09:00,227.381591796875,227.381591796875,227.381591796875,227.381591796875,13000,0.0,0.0
2008-07-03 00:00:00+09:00,227.381591796875,229.17672249596785,227.381591796875,227.381591796875,10400,0.0,0.0
2008-07-04 00:00:00+09:00,227.381591796875,227.381591796875,227.381591796875,227.381591796875,1300,0.0,0.0
2008-07-07 00:00:00+09:00,227.381591796875,227.381591796875,227.381591796875,227.381591796875,18200,0.0,0.0
2008-07-08 00:00:00+09:00,227.381591796875,227.381591796875,227.381591796875,227.381591796875,18200,0.0,0.0
2008-07-09 00:00:00+09:00,227.381591796875,227.381591796875,227.381591796875,227.381591796875,18200,0.0,0.0
2008-07-10 00:00:00+09:00,227.381591796875,227.381591796875,227.381591796875,227.381591796875,18200,0.0,0.0
2008-07-11 00:00:00+09:00,227.381591796875,227.381591796875,227.381591796875,227.381591796875,18200,0.0,0.0
2008-07-14 00:00:00+09:00,227.381591796875,227.381591796875,227.381591796875,227.381591796875,18200,0.0,0.0
2008-07-15 00:00:00+09:00,229.7751007080078,229.7751007080078,229.7751007080078,229.7751007080078,1300,0.0,0.0
2008-07-16 00:00:00+09:00,229.7751007080078,229.7751007080078,229.7751007080078,229.7751007080078,1300,0.0,0.0
2008-07-17 00:00:00+09:00,229.7751007080078,229.7751007080078,229.7751007080078,229.7751007080078,1300,0.0,0.0
2008-07-18 00:00:00+09:00,229.7751007080078,229.7751007080078,229.7751007080078,229.7751007080078,1300,0.0,0.0
2008-07-22 00:00:00+09:00,229.7751007080078,229.7751007080078,229.7751007080078,229.7751007080078,1300,0.0,0.0
2008-07-23 00:00:00+09:00,235.7588348388672,235.7588348388672,235.7588348388672,235.7588348388672,1300,0.0,0.0
2008-07-24 00:00:00+09:00,236.35723876953125,236.35723876953125,236.35723876953125,236.35723876953125,1300,0.0,0.0
2008-07-25 00:00:00+09:00,236.3571763652008,281.235107421875,236.3571763652008,281.235107421875,22100,0.0,0.0
2008-07-28 00:00:00+09:00,269.2677001953125,269.2677001953125,269.2677001953125,269.2677001953125,22100,0.0,0.0
2008-07-29 00:00:00+09:00,269.2677001953125,269.2677001953125,269.2677001953125,269.2677001953125,22100,0.0,0.0
2008-07-30 00:00:00+09:00,269.2677001953125,269.2677001953125,269.2677001953125,269.2677001953125,22100,0.0,0.0
2008-07-31 00:00:00+09:00,251.31653442578195,269.2677001953125,251.31653442578195,269.2677001953125,3900,0.0,0.0
2008-08-01 00:00:00+09:00,269.2677001953125,269.2677001953125,269.2677001953125,269.2677001953125,3900,0.0,0.0
2008-08-04 00:00:00+09:00,257.3002624511719,257.3002624511719,257.3002624511719,257.3002624511719,3900,0.0,0.0
2008-08-05 00:00:00+09:00,257.3002624511719,257.3002624511719,257.3002624511719,257.3002624511719,1300,0.0,0.0
2008-08-06 00:00:00+09:00,245.33274841308594,245.33274841308594,245.33274841308594,245.33274841308594,1300,0.0,0.0
2008-08-07 00:00:00+09:00,239.34906005859375,239.34906005859375,239.34906005859375,239.34906005859375,1300,0.0,0.0
2008-08-08 00:00:00+09:00,233.96372985839844,233.96372985839844,233.96372985839844,233.96372985839844,1300,0.0,0.0
2008-08-11 00:00:00+09:00,233.96372985839844,233.96372985839844,233.96372985839844,233.96372985839844,1300,0.0,0.0
2008-08-12 00:00:00+09:00,233.96372985839844,233.96372985839844,233.96372985839844,233.96372985839844,1300,0.0,0.0
2008-08-13 00:00:00+09:00,233.96372985839844,233.96372985839844,233.96372985839844,233.96372985839844,1300,0.0,0.0
2008-08-14 00:00:00+09:00,233.96372985839844,233.96372985839844,233.96372985839844,233.96372985839844,1300,0.0,0.0
2008-08-15 00:00:00+09:00,233.96372985839844,233.96372985839844,233.96372985839844,233.96372985839844,1300,0.0,0.0
2008-08-18 00:00:00+09:00,233.3653228745122,239.34906005859375,233.3653228745122,239.34906005859375,2600,0.0,0.0
2008-08-19 00:00:00+09:00,239.34906005859375,239.34906005859375,239.34906005859375,239.34906005859375,2600,0.0,0.0
2008-08-20 00:00:00+09:00,239.34906005859375,239.34906005859375,239.34906005859375,239.34906005859375,2600,0.0,0.0
2008-08-21 00:00:00+09:00,239.34906005859375,239.34906005859375,239.34906005859375,239.34906005859375,1300,0.0,0.0
2008-08-22 00:00:00+09:00,239.34906005859375,239.34906005859375,239.34906005859375,239.34906005859375,1300,0.0,0.0
2008-08-25 00:00:00+09:00,239.34911028952297,239.34911028952297,227.9800262451172,227.9800262451172,5200,0.0,0.0
2008-08-26 00:00:00+09:00,227.9800262451172,251.3165634300838,227.9800262451172,227.9800262451172,0,0.0,0.0
2008-08-27 00:00:00+09:00,230.97184753417966,251.31653710749274,230.97184753417966,230.9718475341797,0,0.0,0.0
2008-08-28 00:00:00+09:00,230.37342834472656,242.34087762632626,230.37342834472656,230.37342834472656,0,0.0,0.0
2008-08-29 00:00:00+09:00,233.96372985839844,251.3165515203198,233.96372985839844,233.96372985839844,0,0.0,0.0
2008-09-01 00:00:00+09:00,236.95558166503906,250.71814043872232,236.95558166503906,236.95558166503906,0,0.0,0.0
2008-09-02 00:00:00+09:00,239.34906005859375,248.32464209556784,239.34906005859375,239.34906005859375,0,0.0,0.0
2008-09-03 00:00:00+09:00,238.75071730529115,238.75071730529115,233.36537170410156,233.36537170410156,2600,0.0,0.0
2008-09-04 00:00:00+09:00,227.9800262451172,239.34911028952297,227.9800262451172,227.9800262451172,0,0.0,0.0
2008-09-05 00:00:00+09:00,242.34095561913526,242.34095561913526,233.36537170410156,233.36537170410156,3900,0.0,0.0
2008-09-08 00:00:00+09:00,235.7588348388672,235.7588348388672,235.7588348388672,235.7588348388672,6500,0.0,0.0
2008-09-09 00:00:00+09:00,235.7588348388672,235.7588348388672,235.7588348388672,235.7588348388672,6500,0.0,0.0
2008-09-10 00:00:00+09:00,235.7588348388672,235.7588348388672,235.7588348388672,235.7588348388672,6500,0.0,0.0
2008-09-11 00:00:00+09:00,226.78321586351058,226.78321586351058,224.38973999023438,224.38973999023438,7800,0.0,0.0
2008-09-12 00:00:00+09:00,224.38973999023438,224.38973999023438,224.38973999023438,224.38973999023438,7800,0.0,0.0
2008-09-16 00:00:00+09:00,224.38973999023438,224.38973999023438,224.38973999023438,224.38973999023438,7800,0.0,0.0
2008-09-17 00:00:00+09:00,224.38973999023438,224.38973999023438,224.38973999023438,224.38973999023438,7800,0.0,0.0
2008-09-18 00:00:00+09:00,216.01253151404055,216.01253151404055,215.4141387939453,215.4141387939453,3900,0.0,0.0
2008-09-19 00:00:00+09:00,215.4141387939453,215.4141387939453,215.4141387939453,215.4141387939453,3900,0.0,0.0
2008-09-22 00:00:00+09:00,215.4141387939453,215.4141387939453,215.4141387939453,215.4141387939453,5200,0.0,0.0
2008-09-24 00:00:00+09:00,215.4141387939453,215.4141387939453,215.4141387939453,215.4141387939453,5200,0.0,0.0
2008-09-25 00:00:00+09:00,227.381591796875,227.381591796875,227.381591796875,227.381591796875,2600,0.0,0.0
2008-09-26 00:00:00+09:00,227.381591796875,227.381591796875,227.381591796875,227.381591796875,2600,0.0,0.0
2008-09-29 00:00:00+09:00,221.39787608170843,221.39787608170843,215.4141387939453,215.4141387939453,3900,0.0,0.0
2008-09-30 00:00:00+09:00,215.4141387939453,215.4141387939453,215.4141387939453,215.4141387939453,2600,0.0,0.0
2008-10-01 00:00:00+09:00,215.4141387939453,215.4141387939453,215.4141387939453,215.4141387939453,2600,0.0,0.0
2008-10-02 00:00:00+09:00,215.4141387939453,215.4141387939453,215.4141387939453,215.4141387939453,2600,0.0,0.0
2008-10-03 00:00:00+09:00,215.4141387939453,215.4141387939453,215.4141387939453,215.4141387939453,5200,0.0,0.0
2008-10-06 00:00:00+09:00,221.39787608170843,221.39787608170843,215.4141387939453,215.4141387939453,6500,0.0,0.0
2008-10-07 00:00:00+09:00,206.43855440303605,206.43855440303605,203.44668579101562,203.44668579101562,6500,0.0,0.0
2008-10-08 00:00:00+09:00,203.44670972682016,203.44670972682016,200.45486450195312,200.45486450195312,9100,0.0,0.0
2008-10-09 00:00:00+09:00,200.4548409181436,203.44668579101562,200.4548409181436,203.44668579101562,5200,0.0,0.0
2008-10-10 00:00:00+09:00,203.44668579101562,203.44668579101562,203.44668579101562,203.44668579101562,1300,0.0,0.0
2008-10-14 00:00:00+09:00,224.38973999023438,224.38973999023438,224.38973999023438,224.38973999023438,3900,0.0,0.0
2008-10-15 00:00:00+09:00,224.38973999023438,224.38973999023438,224.38973999023438,224.38973999023438,3900,0.0,0.0
2008-10-16 00:00:00+09:00,224.38973999023438,224.38973999023438,224.38973999023438,224.38973999023438,3900,0.0,0.0
2008-10-17 00:00:00+09:00,215.4141387939453,215.4141387939453,215.4141387939453,215.4141387939453,1300,0.0,0.0
2008-10-20 00:00:00+09:00,215.4141387939453,215.4141387939453,215.4141387939453,215.4141387939453,13000,0.0,0.0
2008-10-21 00:00:00+09:00,215.4141387939453,215.4141387939453,215.4141387939453,215.4141387939453,13000,0.0,0.0
2008-10-22 00:00:00+09:00,215.4141387939453,215.4141387939453,215.4141387939453,215.4141387939453,13000,0.0,0.0
2008-10-23 00:00:00+09:00,212.4222869873047,212.4222869873047,212.4222869873047,212.4222869873047,1300,0.0,0.0
2008-10-24 00:00:00+09:00,212.42228218580533,212.42228218580533,197.46295166015625,197.46295166015625,3900,0.0,0.0
2008-10-27 00:00:00+09:00,173.52804875849745,177.1182861328125,173.52804875849745,177.1182861328125,3900,0.0,0.0
2008-10-28 00:00:00+09:00,189.08575439453125,189.08575439453125,189.08575439453125,189.08575439453125,1300,0.0,0.0
2008-10-29 00:00:00+09:00,189.08575439453125,189.08575439453125,189.08575439453125,189.08575439453125,1300,0.0,0.0
2008-10-30 00:00:00+09:00,189.08575439453125,189.08575439453125,189.08575439453125,189.08575439453125,1300,0.0,0.0
2008-10-31 00:00:00+09:00,191.47923225403073,209.430419921875,191.47923225403073,209.430419921875,2600,0.0,0.0
2008-11-04 00:00:00+09:00,209.430419921875,209.430419921875,209.430419921875,209.430419921875,2600,0.0,0.0
2008-11-05 00:00:00+09:00,220.79949951171875,220.79949951171875,220.79949951171875,220.79949951171875,2600,0.0,0.0
2008-11-06 00:00:00+09:00,220.79949951171875,220.79949951171875,220.79949951171875,220.79949951171875,2600,0.0,0.0
2008-11-07 00:00:00+09:00,221.39788818359375,221.39788818359375,221.39788818359375,221.39788818359375,18200,0.0,0.0
2008-11-10 00:00:00+09:00,221.39788818359375,221.39788818359375,221.39788818359375,221.39788818359375,18200,0.0,0.0
2008-11-11 00:00:00+09:00,210.0287888876118,210.0287888876118,209.430419921875,209.430419921875,2600,0.0,0.0
2008-11-12 00:00:00+09:00,209.430419921875,209.430419921875,209.430419921875,209.430419921875,2600,0.0,0.0
2008-11-13 00:00:00+09:00,197.46295166015625,197.46295166015625,197.46295166015625,197.46295166015625,2600,0.0,0.0
2008-11-14 00:00:00+09:00,206.4385223388672,206.4385223388672,206.4385223388672,206.4385223388672,2600,0.0,0.0
2008-11-17 00:00:00+09:00,206.4385223388672,206.4385223388672,206.4385223388672,206.4385223388672,2600,0.0,0.0
2008-11-18 00:00:00+09:00,206.4385223388672,206.4385223388672,206.4385223388672,206.4385223388672,2600,0.0,0.0
2008-11-19 00:00:00+09:00,206.4385223388672,206.4385223388672,206.4385223388672,206.4385223388672,2600,0.0,0.0
2008-11-20 00:00:00+09:00,206.4385223388672,206.4385223388672,206.4385223388672,206.4385223388672,2600,0.0,0.0
2008-11-21 00:00:00+09:00,206.4385223388672,206.4385223388672,206.4385223388672,206.4385223388672,2600,0.0,0.0
2008-11-25 00:00:00+09:00,206.4385223388672,206.4385223388672,206.4385223388672,206.4385223388672,1300,0.0,0.0
2008-11-26 00:00:00+09:00,206.4385223388672,206.4385223388672,206.4385223388672,206.4385223388672,1300,0.0,0.0
2008-11-27 00:00:00+09:00,206.4385223388672,206.4385223388672,206.4385223388672,206.4385223388672,1300,0.0,0.0
2008-11-28 00:00:00+09:00,206.4385223388672,206.4385223388672,206.4385223388672,206.4385223388672,1300,0.0,0.0
2008-12-01 00:00:00+09:00,206.43855135404294,209.430419921875,206.43855135404294,209.430419921875,1300,0.0,0.0
2008-12-02 00:00:00+09:00,209.430419921875,209.430419921875,209.430419921875,209.430419921875,1300,0.0,0.0
2008-12-03 00:00:00+09:00,209.43042757071382,209.43042757071382,204.04505920410156,204.04505920410156,3900,0.0,0.0
2008-12-04 00:00:00+09:00,204.04505920410156,204.04505920410156,204.04505920410156,204.04505920410156,1300,0.0,0.0
2008-12-05 00:00:00+09:00,210.02878740213797,212.4222869873047,210.02878740213797,212.4222869873047,6500,0.0,0.0
2008-12-08 00:00:00+09:00,223.79140647011295,242.3409423828125,223.79140647011295,242.3409423828125,5200,0.0,0.0
2008-12-09 00:00:00+09:00,242.3409423828125,242.3409423828125,242.3409423828125,242.3409423828125,5200,0.0,0.0
2008-12-10 00:00:00+09:00,233.36537170410156,233.36537170410156,233.36537170410156,233.36537170410156,5200,0.0,0.0
2008-12-11 00:00:00+09:00,233.36537170410156,233.36537170410156,233.36537170410156,233.36537170410156,5200,0.0,0.0
2008-12-12 00:00:00+09:00,233.36537170410156,233.36537170410156,233.36537170410156,233.36537170410156,5200,0.0,0.0
2008-12-15 00:00:00+09:00,233.36537170410156,233.36537170410156,233.36537170410156,233.36537170410156,5200,0.0,0.0
2008-12-16 00:00:00+09:00,233.36537170410156,233.36537170410156,233.36537170410156,233.36537170410156,5200,0.0,0.0
2008-12-17 00:00:00+09:00,233.36537170410156,233.36537170410156,233.36537170410156,233.36537170410156,5200,0.0,0.0
2008-12-18 00:00:00+09:00,233.36537170410156,233.36537170410156,233.36537170410156,233.36537170410156,5200,0.0,0.0
2008-12-19 00:00:00+09:00,233.36537170410156,233.36537170410156,233.36537170410156,233.36537170410156,5200,0.0,0.0
2008-12-22 00:00:00+09:00,233.36537170410156,233.36537170410156,233.36537170410156,233.36537170410156,5200,0.0,0.0
2008-12-24 00:00:00+09:00,239.9474334716797,239.9474334716797,239.9474334716797,239.9474334716797,5200,0.0,0.0
2008-12-25 00:00:00+09:00,245.93109504111655,260.8904113769531,245.93109504111655,260.8904113769531,2600,0.0,0.0
2008-12-26 00:00:00+09:00,254.30838012695312,254.30838012695312,254.30838012695312,254.30838012695312,2600,0.0,0.0
2008-12-29 00:00:00+09:00,254.30838012695312,254.30838012695312,254.30838012695312,254.30838012695312,2600,0.0,0.0
2008-12-30 00:00:00+09:00,254.30838012695312,254.30838012695312,254.30838012695312,254.30838012695312,2600,0.0,0.0
2009-01-05 00:00:00+09:00,263.28399658203125,263.28399658203125,263.28399658203125,263.28399658203125,2600,0.0,0.0
2009-01-06 00:00:00+09:00,263.2839867708342,263.2839867708342,254.30838012695312,254.30838012695312,2600,0.0,0.0
2009-01-07 00:00:00+09:00,254.30838012695312,254.30838012695312,254.30838012695312,254.30838012695312,2600,0.0,0.0
2009-01-08 00:00:00+09:00,254.30838012695312,254.30838012695312,254.30838012695312,254.30838012695312,2600,0.0,0.0
2009-01-09 00:00:00+09:00,254.30838012695312,254.30838012695312,254.30838012695312,254.30838012695312,2600,0.0,0.0
2009-01-13 00:00:00+09:00,254.30839341356483,257.3002624511719,254.30839341356483,257.3002624511719,6500,0.0,0.0
2009-01-14 00:00:00+09:00,236.35723876953125,236.35723876953125,236.35723876953125,236.35723876953125,1300,0.0,0.0
2009-01-15 00:00:00+09:00,238.1523590087891,238.1523590087891,238.1523590087891,238.15235900878906,2600,0.0,0.0
2009-01-16 00:00:00+09:00,238.1523590087891,238.1523590087891,238.1523590087891,238.15235900878906,2600,0.0,0.0
2009-01-19 00:00:00+09:00,238.1523590087891,238.1523590087891,238.1523590087891,238.15235900878906,2600,0.0,0.0
2009-01-20 00:00:00+09:00,238.1523590087891,238.1523590087891,238.1523590087891,238.15235900878906,2600,0.0,0.0
2009-01-21 00:00:00+09:00,238.1523590087891,238.1523590087891,238.1523590087891,238.15235900878906,2600,0.0,0.0
2009-01-22 00:00:00+09:00,239.34906005859375,239.34906005859375,239.34906005859375,239.34906005859375,1300,0.0,0.0
2009-01-23 00:00:00+09:00,242.3409423828125,242.3409423828125,242.3409423828125,242.3409423828125,1300,0.0,0.0
2009-01-26 00:00:00+09:00,239.34906005859375,239.34906005859375,239.34906005859375,239.34906005859375,2600,0.0,0.0
2009-01-27 00:00:00+09:00,239.34906005859375,239.34906005859375,239.34906005859375,239.34906005859375,3900,0.0,0.0
2009-01-28 00:00:00+09:00,239.34906005859375,239.34906005859375,239.34906005859375,239.34906005859375,3900,0.0,0.0
2009-01-29 00:00:00+09:00,239.34906005859375,239.34906005859375,239.34906005859375,239.34906005859375,3900,0.0,0.0
2009-01-30 00:00:00+09:00,239.34906005859375,239.34906005859375,239.34906005859375,239.34906005859375,1300,0.0,0.0
2009-02-02 00:00:00+09:00,239.34906005859375,239.34906005859375,239.34906005859375,239.34906005859375,1300,0.0,0.0
2009-02-03 00:00:00+09:00,239.34906005859375,239.34906005859375,239.34906005859375,239.34906005859375,1300,0.0,0.0
2009-02-04 00:00:00+09:00,239.34906005859375,239.34906005859375,239.34906005859375,239.34906005859375,1300,0.0,0.0
2009-02-05 00:00:00+09:00,239.34906005859375,239.34906005859375,239.34906005859375,239.34906005859375,2600,0.0,0.0
2009-02-06 00:00:00+09:00,239.34906005859375,239.34906005859375,239.34906005859375,239.34906005859375,2600,0.0,0.0
2009-02-09 00:00:00+09:00,239.34906005859375,239.34906005859375,239.34906005859375,239.34906005859375,2600,0.0,0.0
2009-02-10 00:00:00+09:00,239.34906005859375,239.34906005859375,239.34906005859375,239.34906005859375,2600,0.0,0.0
2009-02-12 00:00:00+09:00,239.34906005859375,239.34906005859375,239.34906005859375,239.34906005859375,2600,0.0,0.0
2009-02-13 00:00:00+09:00,239.34906005859375,239.34906005859375,239.34906005859375,239.34906005859375,2600,0.0,0.0
2009-02-16 00:00:00+09:00,239.34906005859375,239.34906005859375,239.34906005859375,239.34906005859375,2600,0.0,0.0
2009-02-17 00:00:00+09:00,239.34906005859375,239.34906005859375,239.34906005859375,239.34906005859375,2600,0.0,0.0
2009-02-18 00:00:00+09:00,239.34906005859375,239.34906005859375,239.34906005859375,239.34906005859375,2600,0.0,0.0
2009-02-19 00:00:00+09:00,239.34906005859375,239.34906005859375,239.34906005859375,239.34906005859375,2600,0.0,0.0
2009-02-20 00:00:00+09:00,230.37342834472656,230.37342834472656,230.37342834472656,230.37342834472656,1300,0.0,0.0
2009-02-23 00:00:00+09:00,230.37342834472656,230.37342834472656,230.37342834472656,230.37342834472656,1300,0.0,0.0
2009-02-24 00:00:00+09:00,230.37350248603929,233.36537170410156,230.37350248603929,233.36537170410156,1300,0.0,0.0
2009-02-25 00:00:00+09:00,227.38156008954024,230.37342834472656,227.38156008954024,230.37342834472656,9100,0.0,0.0
2009-02-26 00:00:00+09:00,230.37342834472656,230.37342834472656,230.37342834472656,230.37342834472656,9100,0.0,0.0
2009-02-27 00:00:00+09:00,230.37342834472656,230.37342834472656,230.37342834472656,230.37342834472656,9100,0.0,0.0
2009-03-02 00:00:00+09:00,230.37342834472656,230.37342834472656,230.37342834472656,230.37342834472656,9100,0.0,0.0
2009-03-03 00:00:00+09:00,230.37342834472656,230.37342834472656,230.37342834472656,230.37342834472656,9100,0.0,0.0
2009-03-04 00:00:00+09:00,230.37342834472656,230.37342834472656,230.37342834472656,230.37342834472656,9100,0.0,0.0
2009-03-05 00:00:00+09:00,239.34906005859375,239.34906005859375,239.34906005859375,239.34906005859375,1300,0.0,0.0
2009-03-06 00:00:00+09:00,239.34906005859375,239.34906005859375,239.34906005859375,239.34906005859375,1300,0.0,0.0
2009-03-09 00:00:00+09:00,239.34906005859375,239.34906005859375,239.34906005859375,239.34906005859375,1300,0.0,0.0
2009-03-10 00:00:00+09:00,239.34906005859375,239.34906005859375,239.34906005859375,239.34906005859375,1300,0.0,0.0
2009-03-11 00:00:00+09:00,239.34906005859375,239.34906005859375,239.34906005859375,239.34906005859375,1300,0.0,0.0
2009-03-12 00:00:00+09:00,239.34906005859375,239.34906005859375,239.34906005859375,239.34906005859375,1300,0.0,0.0
2009-03-13 00:00:00+09:00,239.34906005859375,239.34906005859375,239.34906005859375,239.34906005859375,1300,0.0,0.0
2009-03-16 00:00:00+09:00,233.36537170410156,233.36537170410156,233.36537170410156,233.36537170410156,1300,0.0,0.0
2009-03-17 00:00:00+09:00,233.36537170410156,233.36537170410156,233.36537170410156,233.36537170410156,1300,0.0,0.0
2009-03-18 00:00:00+09:00,233.36537170410156,233.36537170410156,233.36537170410156,233.36537170410156,1300,0.0,0.0
2009-03-19 00:00:00+09:00,233.36537170410156,233.36537170410156,233.36537170410156,233.36537170410156,1300,0.0,0.0
2009-03-23 00:00:00+09:00,224.98811585028298,227.381591796875,224.98811585028298,227.381591796875,2600,0.0,0.0
2009-03-24 00:00:00+09:00,227.381591796875,227.381591796875,227.381591796875,227.381591796875,2600,0.0,0.0
2009-03-25 00:00:00+09:00,230.97184753417966,230.97184753417966,230.97184753417966,230.9718475341797,2600,0.0,0.0
2009-03-26 00:00:00+09:00,223.79135131835938,223.79135131835938,223.79135131835938,223.79135131835938,2600,0.0,0.0
2009-03-27 00:00:00+09:00,227.381591796875,227.381591796875,227.381591796875,227.381591796875,2600,0.0,0.0
2009-03-30 00:00:00+09:00,227.381591796875,227.381591796875,227.381591796875,227.381591796875,2600,0.0,0.0
2009-03-31 00:00:00+09:00,227.381591796875,227.381591796875,227.381591796875,227.381591796875,2600,0.0,0.0
2009-04-01 00:00:00+09:00,227.381591796875,227.381591796875,227.381591796875,227.381591796875,2600,0.0,0.0
2009-04-02 00:00:00+09:00,227.3815848318296,227.3815848318296,224.38973999023438,224.38973999023438,1300,0.0,0.0
2009-04-03 00:00:00+09:00,224.38973999023438,224.38973999023438,224.38973999023438,224.38973999023438,1300,0.0,0.0
2009-04-06 00:00:00+09:00,227.381591796875,227.381591796875,227.381591796875,227.381591796875,2600,0.0,0.0
2009-04-07 00:00:00+09:00,227.381591796875,227.381591796875,227.381591796875,227.381591796875,2600,0.0,0.0
2009-04-08 00:00:00+09:00,227.381591796875,227.381591796875,227.381591796875,227.381591796875,2600,0.0,0.0
2009-04-09 00:00:00+09:00,227.381591796875,227.381591796875,227.381591796875,227.381591796875,2600,0.0,0.0
2009-04-10 00:00:00+09:00,227.381591796875,227.381591796875,227.381591796875,227.381591796875,2600,0.0,0.0
2009-04-13 00:00:00+09:00,227.381591796875,227.381591796875,227.381591796875,227.381591796875,2600,0.0,0.0
2009-04-14 00:00:00+09:00,227.381591796875,227.381591796875,227.381591796875,227.381591796875,2600,0.0,0.0
2009-04-15 00:00:00+09:00,227.381591796875,227.381591796875,227.381591796875,227.381591796875,2600,0.0,0.0
2009-04-16 00:00:00+09:00,227.381591796875,227.381591796875,227.381591796875,227.381591796875,2600,0.0,0.0
2009-04-17 00:00:00+09:00,224.38973999023438,224.38973999023438,224.38973999023438,224.38973999023438,1300,0.0,0.0
2009-04-20 00:00:00+09:00,224.38973999023438,224.38973999023438,224.38973999023438,224.38973999023438,1300,0.0,0.0
2009-04-21 00:00:00+09:00,224.38973999023438,224.38973999023438,224.38973999023438,224.38973999023438,1300,0.0,0.0
2009-04-22 00:00:00+09:00,224.38973999023438,224.38973999023438,224.38973999023438,224.38973999023438,1300,0.0,0.0
2009-04-23 00:00:00+09:00,224.38973999023438,224.38973999023438,224.38973999023438,224.38973999023438,1300,0.0,0.0
2009-04-24 00:00:00+09:00,235.7588348388672,235.7588348388672,235.7588348388672,235.7588348388672,2600,0.0,0.0
2009-04-27 00:00:00+09:00,235.7588348388672,235.7588348388672,235.7588348388672,235.7588348388672,2600,0.0,0.0
2009-04-28 00:00:00+09:00,235.7588348388672,235.7588348388672,235.7588348388672,235.7588348388672,2600,0.0,0.0
2009-04-30 00:00:00+09:00,235.7588348388672,235.7588348388672,235.7588348388672,235.7588348388672,2600,0.0,0.0
2009-05-01 00:00:00+09:00,235.75887182638206,235.75887182638206,233.36537170410156,233.36537170410156,2600,0.0,0.0
2009-05-07 00:00:00+09:00,236.35723876953125,236.35723876953125,236.35723876953125,236.35723876953125,2600,0.0,0.0
2009-05-08 00:00:00+09:00,236.35723876953125,236.35723876953125,236.35723876953125,236.35723876953125,2600,0.0,0.0
2009-05-11 00:00:00+09:00,224.38973999023438,224.38973999023438,224.38973999023438,224.38973999023438,16900,0.0,0.0
2009-05-12 00:00:00+09:00,224.38973999023438,224.38973999023438,224.38973999023438,224.38973999023438,16900,0.0,0.0
2009-05-13 00:00:00+09:00,224.38978792903362,227.9800262451172,224.38978792903362,227.9800262451172,16900,0.0,0.0
2009-05-14 00:00:00+09:00,221.99626844139834,226.18487548828125,221.99626844139834,226.18487548828125,13000,0.0,0.0
2009-05-15 00:00:00+09:00,226.18485693330575,232.16859436035156,226.18485693330575,232.16859436035156,1300,0.0,0.0
2009-05-18 00:00:00+09:00,232.16855933428945,232.16855933428945,231.5701904296875,231.5701904296875,1300,0.0,0.0
2009-05-19 00:00:00+09:00,231.5701904296875,231.5701904296875,231.5701904296875,231.5701904296875,1300,0.0,0.0
2009-05-20 00:00:00+09:00,231.5701904296875,231.5701904296875,231.5701904296875,231.5701904296875,1300,0.0,0.0
2009-05-21 00:00:00+09:00,231.57018989028842,231.57018989028842,230.37342834472656,230.37342834472656,1300,0.0,0.0
2009-05-22 00:00:00+09:00,230.37342888133801,231.5701904296875,230.37342888133801,231.5701904296875,1300,0.0,0.0
2009-05-25 00:00:00+09:00,232.7669677734375,232.7669677734375,232.7669677734375,232.7669677734375,2600,0.0,0.0
2009-05-26 00:00:00+09:00,232.76696015500474,232.76696015500474,227.381591796875,227.381591796875,5200,0.0,0.0
2009-05-27 00:00:00+09:00,227.38160917231298,227.38160917231298,222.5946331741818,225.5865020751953,5200,0.0,0.0
2009-05-28 00:00:00+09:00,225.5865020751953,225.5865020751953,225.5865020751953,225.5865020751953,5200,0.0,0.0
2009-05-29 00:00:00+09:00,225.5865020751953,225.5865020751953,225.5865020751953,225.5865020751953,5200,0.0,0.0
2009-06-01 00:00:00+09:00,224.9881286621094,224.9881286621094,224.9881286621094,224.98812866210938,1300,0.0,0.0
2009-06-02 00:00:00+09:00,224.9881286621094,224.9881286621094,224.9881286621094,224.98812866210938,1300,0.0,0.0
2009-06-03 00:00:00+09:00,224.9881286621094,224.9881286621094,224.9881286621094,224.98812866210938,1300,0.0,0.0
2009-06-04 00:00:00+09:00,224.98813740035789,226.18487548828125,224.98813740035789,226.18487548828125,5200,0.0,0.0
2009-06-05 00:00:00+09:00,232.16859116835676,232.16859116835676,227.381591796875,227.381591796875,3900,0.0,0.0
2009-06-08 00:00:00+09:00,233.36529900799485,245.33274841308594,233.36529900799485,245.33274841308594,5200,0.0,0.0
2009-06-09 00:00:00+09:00,239.34911014022617,239.34911014022617,233.36537170410156,233.36537170410156,2600,0.0,0.0
2009-06-10 00:00:00+09:00,233.36537170410156,233.36537170410156,233.36537170410156,233.36537170410156,2600,0.0,0.0
2009-06-11 00:00:00+09:00,233.36537170410156,233.36537170410156,233.36537170410156,233.36537170410156,2600,0.0,0.0
2009-06-12 00:00:00+09:00,233.36537170410156,233.36537170410156,233.36537170410156,233.36537170410156,2600,0.0,0.0
2009-06-15 00:00:00+09:00,236.35716525228588,238.75064086914062,236.35716525228588,238.75064086914062,2600,0.0,0.0
2009-06-16 00:00:00+09:00,238.75064086914062,238.75064086914062,238.75064086914062,238.75064086914062,2600,0.0,0.0
2009-06-17 00:00:00+09:00,238.75070613993972,238.75070613993972,233.96372985839844,233.96372985839844,2600,0.0,0.0
2009-06-18 00:00:00+09:00,233.96372985839844,233.96372985839844,233.96372985839844,233.96372985839844,2600,0.0,0.0
2009-06-19 00:00:00+09:00,233.96372985839844,233.96372985839844,233.96372985839844,233.96372985839844,2600,0.0,0.0
2009-06-22 00:00:00+09:00,233.96372985839844,233.96372985839844,233.96372985839844,233.96372985839844,2600,0.0,0.0
2009-06-23 00:00:00+09:00,233.96372985839844,233.96372985839844,233.96372985839844,233.96372985839844,2600,0.0,0.0
2009-06-24 00:00:00+09:00,233.96366589628556,238.75064086914062,233.96366589628556,238.75064086914062,1300,0.0,0.0
2009-06-25 00:00:00+09:00,229.7751007080078,229.7751007080078,229.7751007080078,229.7751007080078,2600,0.0,0.0
2009-06-26 00:00:00+09:00,229.7751007080078,229.7751007080078,229.7751007080078,229.7751007080078,2600,0.0,0.0
2009-06-29 00:00:00+09:00,238.1523590087891,238.1523590087891,238.1523590087891,238.15235900878906,6500,0.0,0.0
2009-06-30 00:00:00+09:00,238.1523590087891,238.1523590087891,238.1523590087891,238.15235900878906,6500,0.0,0.0
2009-07-01 00:00:00+09:00,238.750667348867,239.34906005859375,238.750667348867,239.34906005859375,27300,0.0,0.0
2009-07-02 00:00:00+09:00,239.34912099377442,239.34912099377442,238.1523590087891,238.15235900878906,1300,0.0,0.0
2009-07-03 00:00:00+09:00,238.1522740222021,245.33274841308594,238.1522740222021,245.33274841308594,7800,0.0,0.0
2009-07-06 00:00:00+09:00,245.33274841308594,245.33274841308594,245.33274841308594,245.33274841308594,7800,0.0,0.0
2009-07-07 00:00:00+09:00,239.34906005859375,239.34906005859375,239.34906005859375,239.34906005859375,7800,0.0,0.0
2009-07-08 00:00:00+09:00,239.34906005859375,239.34906005859375,239.34906005859375,239.34906005859375,1300,0.0,0.0
2009-07-09 00:00:00+09:00,239.34906005859375,239.34906005859375,239.34906005859375,239.34906005859375,1300,0.0,0.0
2009-07-10 00:00:00+09:00,239.34906005859375,239.34906005859375,239.34906005859375,239.34906005859375,1300,0.0,0.0
2009-07-13 00:00:00+09:00,239.34906005859375,239.34906005859375,239.34906005859375,239.34906005859375,1300,0.0,0.0
2009-07-14 00:00:00+09:00,239.34911014022617,239.34911014022617,233.36537170410156,233.36537170410156,1300,0.0,0.0
2009-07-15 00:00:00+09:00,233.36538228631062,239.34912099377442,233.36538228631062,238.15235900878906,9100,0.0,0.0
2009-07-16 00:00:00+09:00,238.1523590087891,238.1523590087891,238.1523590087891,238.15235900878906,9100,0.0,0.0
2009-07-17 00:00:00+09:00,238.1522740222021,245.33274841308594,238.1522740222021,245.33274841308594,3900,0.0,0.0
2009-07-21 00:00:00+09:00,245.33274841308594,245.33274841308594,245.33274841308594,245.33274841308594,1300,0.0,0.0
2009-07-22 00:00:00+09:00,245.33274841308594,245.33274841308594,245.33274841308594,245.33274841308594,1300,0.0,0.0
2009-07-23 00:00:00+09:00,245.3327907164039,251.3165283203125,245.3327907164039,251.3165283203125,2600,0.0,0.0
2009-07-24 00:00:00+09:00,247.72629050579732,251.3165283203125,247.72629050579732,251.3165283203125,19500,0.0,0.0
2009-07-27 00:00:00+09:00,250.11974900730337,250.11974900730337,239.34906005859375,239.34906005859375,2600,0.0,0.0
2009-07-28 00:00:00+09:00,239.34911014022617,239.34911014022617,233.36537170410156,233.36537170410156,1300,0.0,0.0
2009-07-29 00:00:00+09:00,233.36537170410156,233.36537170410156,233.36537170410156,233.36537170410156,1300,0.0,0.0
2009-07-30 00:00:00+09:00,233.36537170410156,233.36537170410156,233.36537170410156,233.36537170410156,1300,0.0,0.0
2009-07-31 00:00:00+09:00,233.36536957871752,236.35723876953125,233.36536957871752,236.35723876953125,1300,0.0,0.0
2009-08-03 00:00:00+09:00,236.35723876953125,236.35723876953125,236.35723876953125,236.35723876953125,1300,0.0,0.0
2009-08-04 00:00:00+09:00,236.357191466553,239.34906005859375,236.357191466553,239.34906005859375,1300,0.0,0.0
2009-08-05 00:00:00+09:00,245.33274841308594,245.33274841308594,245.33274841308594,245.33274841308594,2600,0.0,0.0
2009-08-06 00:00:00+09:00,233.36537170410156,233.36537170410156,233.36537170410156,233.36537170410156,1300,0.0,0.0
2009-08-07 00:00:00+09:00,233.36537170410156,233.36537170410156,233.36537170410156,233.36537170410156,1300,0.0,0.0
2009-08-10 00:00:00+09:00,235.7588696791991,236.35723876953125,235.7588696791991,236.35723876953125,9100,0.0,0.0
2009-08-11 00:00:00+09:00,236.35723876953125,236.35723876953125,236.35723876953125,236.35723876953125,9100,0.0,0.0
2009-08-12 00:00:00+09:00,236.35723876953125,236.35723876953125,236.35723876953125,236.35723876953125,9100,0.0,0.0
2009-08-13 00:00:00+09:00,236.35723876953125,236.35723876953125,236.35723876953125,236.35723876953125,9100,0.0,0.0
2009-08-14 00:00:00+09:00,236.3572163138246,236.3572163138246,230.97184753417966,230.9718475341797,1300,0.0,0.0
2009-08-17 00:00:00+09:00,230.97184753417966,230.97184753417966,230.97184753417966,230.9718475341797,1300,0.0,0.0
2009-08-18 00:00:00+09:00,233.36536957871752,236.35723876953125,233.36536957871752,236.35723876953125,6500,0.0,0.0
2009-08-19 00:00:00+09:00,236.35723876953125,236.35723876953125,236.35723876953125,236.35723876953125,6500,0.0,0.0
2009-08-20 00:00:00+09:00,236.35723876953125,236.35723876953125,236.35723876953125,236.35723876953125,6500,0.0,0.0
2009-08-21 00:00:00+09:00,236.35720554998238,236.35720554998238,232.7669677734375,232.7669677734375,1300,0.0,0.0
2009-08-24 00:00:00+09:00,232.76697475660063,236.95558166503906,232.76697475660063,236.95558166503906,1300,0.0,0.0
2009-08-25 00:00:00+09:00,238.75064086914062,238.75064086914062,238.75064086914062,238.75064086914062,2600,0.0,0.0
2009-08-26 00:00:00+09:00,238.75064086914062,238.75064086914062,238.75064086914062,238.75064086914062,2600,0.0,0.0
2009-08-27 00:00:00+09:00,238.75064086914062,238.75064086914062,238.75064086914062,238.75064086914062,2600,0.0,0.0
2009-08-28 00:00:00+09:00,238.75064086914062,238.75064086914062,238.75064086914062,238.75064086914062,2600,0.0,0.0
2009-08-31 00:00:00+09:00,238.75064086914062,238.75064086914062,238.75064086914062,238.75064086914062,2600,0.0,0.0
2009-09-02 00:00:00+09:00,229.7751007080078,229.7751007080078,229.7751007080078,229.7751007080078,33800,0.0,0.0
2009-09-03 00:00:00+09:00,230.37342834472656,230.37342834472656,230.37342834472656,230.37342834472656,1300,0.0,0.0
2009-09-04 00:00:00+09:00,230.37342834472656,230.37342834472656,230.37342834472656,230.37342834472656,1300,0.0,0.0
2009-09-07 00:00:00+09:00,232.7669677734375,232.7669677734375,232.16859876720494,232.7669677734375,6500,0.0,0.0
2009-09-08 00:00:00+09:00,232.7669677734375,232.7669677734375,232.7669677734375,232.7669677734375,6500,0.0,0.0
2009-09-09 00:00:00+09:00,232.7669677734375,232.7669677734375,232.7669677734375,232.7669677734375,6500,0.0,0.0
2009-09-10 00:00:00+09:00,232.7669677734375,232.7669677734375,232.7669677734375,232.7669677734375,6500,0.0,0.0
2009-09-11 00:00:00+09:00,232.7669677734375,232.7669677734375,232.7669677734375,232.7669677734375,6500,0.0,0.0
2009-09-14 00:00:00+09:00,232.7669677734375,232.7669677734375,232.7669677734375,232.7669677734375,6500,0.0,0.0
2009-09-15 00:00:00+09:00,232.7669677734375,232.7669677734375,232.7669677734375,232.7669677734375,6500,0.0,0.0
2009-09-16 00:00:00+09:00,232.7669677734375,232.7669677734375,232.7669677734375,232.7669677734375,6500,0.0,0.0
2009-09-17 00:00:00+09:00,232.7669677734375,232.7669677734375,232.7669677734375,232.7669677734375,6500,0.0,0.0
2009-09-18 00:00:00+09:00,232.7669677734375,232.7669677734375,232.7669677734375,232.7669677734375,6500,0.0,0.0
2009-09-21 00:00:00+09:00,232.7669677734375,232.7669677734375,232.7669677734375,232.7669677734375,0,0.0,0.0
2009-09-24 00:00:00+09:00,229.7751007080078,229.7751007080078,229.7751007080078,229.7751007080078,1300,0.0,0.0
2009-09-25 00:00:00+09:00,238.1523590087891,238.1523590087891,238.1523590087891,238.15235900878906,1300,0.0,0.0
2009-09-28 00:00:00+09:00,238.1523590087891,238.1523590087891,238.1523590087891,238.15235900878906,1300,0.0,0.0
2009-09-29 00:00:00+09:00,238.1523590087891,238.1523590087891,238.1523590087891,238.15235900878906,1300,0.0,0.0
2009-09-30 00:00:00+09:00,232.16859436035156,232.16859436035156,232.16859436035156,232.16859436035156,3900,0.0,0.0
2009-10-01 00:00:00+09:00,232.16859436035156,232.16859436035156,232.16859436035156,232.16859436035156,3900,0.0,0.0
2009-10-02 00:00:00+09:00,232.16859436035156,232.16859436035156,232.16859436035156,232.16859436035156,3900,0.0,0.0
2009-10-05 00:00:00+09:00,238.1523590087891,238.1523590087891,238.1523590087891,238.15235900878906,2600,0.0,0.0
2009-10-06 00:00:00+09:00,239.34906005859375,239.34906005859375,239.34906005859375,239.34906005859375,2600,0.0,0.0
2009-10-07 00:00:00+09:00,227.381591796875,227.381591796875,227.381591796875,227.381591796875,3900,0.0,0.0
2009-10-08 00:00:00+09:00,227.381591796875,227.381591796875,227.381591796875,227.381591796875,3900,0.0,0.0
2009-10-09 00:00:00+09:00,227.381591796875,227.381591796875,227.381591796875,227.381591796875,3900,0.0,0.0
2009-10-13 00:00:00+09:00,227.381591796875,227.381591796875,227.381591796875,227.381591796875,3900,0.0,0.0
2009-10-14 00:00:00+09:00,227.381591796875,227.381591796875,227.381591796875,227.381591796875,3900,0.0,0.0
2009-10-15 00:00:00+09:00,227.381591796875,227.381591796875,227.381591796875,227.381591796875,3900,0.0,0.0
2009-10-16 00:00:00+09:00,227.381591796875,227.381591796875,227.381591796875,227.381591796875,2600,0.0,0.0
2009-10-19 00:00:00+09:00,227.381591796875,227.381591796875,227.381591796875,227.381591796875,2600,0.0,0.0
2009-10-20 00:00:00+09:00,227.381591796875,227.381591796875,227.381591796875,227.381591796875,2600,0.0,0.0
2009-10-21 00:00:00+09:00,227.381591796875,227.381591796875,227.381591796875,227.381591796875,2600,0.0,0.0
2009-10-22 00:00:00+09:00,227.381591796875,227.381591796875,227.381591796875,227.381591796875,2600,0.0,0.0
2009-10-23 00:00:00+09:00,227.381591796875,227.381591796875,227.381591796875,227.381591796875,2600,0.0,0.0
2009-10-26 00:00:00+09:00,227.381591796875,227.381591796875,227.381591796875,227.381591796875,2600,0.0,0.0
2009-10-27 00:00:00+09:00,227.381591796875,227.381591796875,227.381591796875,227.381591796875,2600,0.0,0.0
2009-10-28 00:00:00+09:00,227.38163326797698,233.36537170410156,227.38163326797698,233.36537170410156,14300,0.0,0.0
2009-10-29 00:00:00+09:00,233.36537170410156,233.36537170410156,233.36537170410156,233.36537170410156,14300,0.0,0.0
2009-10-30 00:00:00+09:00,233.36537170410156,233.36537170410156,233.36537170410156,233.36537170410156,14300,0.0,0.0
2009-11-02 00:00:00+09:00,227.381591796875,227.381591796875,227.381591796875,227.381591796875,1300,0.0,0.0
2009-11-04 00:00:00+09:00,227.381591796875,227.381591796875,227.381591796875,227.381591796875,1300,0.0,0.0
2009-11-05 00:00:00+09:00,223.1929851511901,227.381591796875,223.1929851511901,227.381591796875,3900,0.0,0.0
2009-11-06 00:00:00+09:00,227.381591796875,227.381591796875,227.381591796875,227.381591796875,3900,0.0,0.0
2009-11-09 00:00:00+09:00,227.381591796875,227.381591796875,227.381591796875,227.381591796875,3900,0.0,0.0
2009-11-10 00:00:00+09:00,227.381591796875,227.381591796875,227.381591796875,227.381591796875,3900,0.0,0.0
2009-11-11 00:00:00+09:00,221.39788818359375,221.39788818359375,221.39788818359375,221.39788818359375,1300,0.0,0.0
2009-11-12 00:00:00+09:00,221.39788818359375,221.39788818359375,221.39788818359375,221.39788818359375,1300,0.0,0.0
2009-11-13 00:00:00+09:00,221.39788818359375,221.39788818359375,221.39788818359375,221.39788818359375,1300,0.0,0.0
2009-11-16 00:00:00+09:00,221.39788818359375,221.39788818359375,221.39788818359375,221.39788818359375,1300,0.0,0.0
2009-11-17 00:00:00+09:00,221.39788818359375,221.39788818359375,221.39788818359375,221.39788818359375,1300,0.0,0.0
2009-11-18 00:00:00+09:00,221.39790458190208,221.39790458190208,201.05323791503906,201.05323791503906,2600,0.0,0.0
2009-11-19 00:00:00+09:00,195.06947691194634,204.04505920410156,195.06947691194634,204.04505920410156,5200,0.0,0.0
2009-11-20 00:00:00+09:00,204.04505920410156,204.04505920410156,204.04505920410156,204.04505920410156,5200,0.0,0.0
2009-11-24 00:00:00+09:00,203.44668795756772,215.4141387939453,203.44668795756772,215.4141387939453,5200,0.0,0.0
2009-11-25 00:00:00+09:00,206.4385223388672,206.4385223388672,206.4385223388672,206.4385223388672,1300,0.0,0.0
2009-11-26 00:00:00+09:00,206.4385223388672,206.4385223388672,206.4385223388672,206.4385223388672,1300,0.0,0.0
2009-11-27 00:00:00+09:00,206.4385223388672,206.4385223388672,206.4385223388672,206.4385223388672,1300,0.0,0.0
2009-11-30 00:00:00+09:00,206.4385223388672,206.4385223388672,206.4385223388672,206.4385223388672,1300,0.0,0.0
2009-12-01 00:00:00+09:00,206.4385223388672,206.4385223388672,206.4385223388672,206.4385223388672,1300,0.0,0.0
2009-12-02 00:00:00+09:00,206.4385223388672,206.4385223388672,206.4385223388672,206.4385223388672,1300,0.0,0.0
2009-12-03 00:00:00+09:00,206.4385223388672,206.4385223388672,206.4385223388672,206.4385223388672,1300,0.0,0.0
2009-12-04 00:00:00+09:00,206.43859843287623,211.82394409179688,206.43859843287623,211.82394409179688,3900,0.0,0.0
2009-12-07 00:00:00+09:00,215.4141387939453,215.4141387939453,215.4141387939453,215.4141387939453,13000,0.0,0.0
2009-12-08 00:00:00+09:00,215.4141387939453,215.4141387939453,215.4141387939453,215.4141387939453,13000,0.0,0.0
2009-12-09 00:00:00+09:00,215.4141387939453,215.4141387939453,215.4141387939453,215.4141387939453,13000,0.0,0.0
2009-12-10 00:00:00+09:00,215.4141387939453,215.4141387939453,215.4141387939453,215.4141387939453,13000,0.0,0.0
2009-12-11 00:00:00+09:00,215.4141387939453,215.4141387939453,215.4141387939453,215.4141387939453,13000,0.0,0.0
2009-12-14 00:00:00+09:00,215.4141387939453,215.4141387939453,215.4141387939453,215.4141387939453,13000,0.0,0.0
2009-12-15 00:00:00+09:00,215.4141387939453,215.4141387939453,215.4141387939453,215.4141387939453,13000,0.0,0.0
2009-12-16 00:00:00+09:00,215.4141387939453,215.4141387939453,215.4141387939453,215.4141387939453,13000,0.0,0.0
2009-12-17 00:00:00+09:00,215.4141387939453,215.4141387939453,215.4141387939453,215.4141387939453,13000,0.0,0.0
2009-12-18 00:00:00+09:00,209.43041844063328,212.4222869873047,209.43041844063328,212.4222869873047,3900,0.0,0.0
2009-12-21 00:00:00+09:00,212.4222869873047,212.4222869873047,212.4222869873047,212.4222869873047,3900,0.0,0.0
2009-12-22 00:00:00+09:00,212.4222869873047,212.4222869873047,212.4222869873047,212.4222869873047,3900,0.0,0.0
2009-12-24 00:00:00+09:00,212.42224668970124,212.42224668970124,210.02874755859375,210.02874755859375,1300,0.0,0.0
2009-12-25 00:00:00+09:00,215.4141387939453,215.4141387939453,215.4141387939453,215.4141387939453,1300,0.0,0.0
2009-12-28 00:00:00+09:00,215.4141387939453,215.4141387939453,215.4141387939453,215.4141387939453,1300,0.0,0.0
2009-12-29 00:00:00+09:00,215.4141387939453,215.4141387939453,215.4141387939453,215.4141387939453,1300,0.0,0.0
2009-12-30 00:00:00+09:00,215.41415228688027,218.40602111816406,215.41415228688027,218.40602111816406,1300,0.0,0.0
2010-01-04 00:00:00+09:00,218.40602111816406,218.40602111816406,218.40602111816406,218.40602111816406,1300,0.0,0.0
2010-01-05 00:00:00+09:00,227.381591796875,227.381591796875,227.381591796875,227.381591796875,3900,0.0,0.0
2010-01-06 00:00:00+09:00,227.381591796875,227.381591796875,227.381591796875,227.381591796875,3900,0.0,0.0
2010-01-07 00:00:00+09:00,218.40602111816406,218.40602111816406,218.40602111816406,218.40602111816406,1300,0.0,0.0
2010-01-08 00:00:00+09:00,213.6190185546875,213.6190185546875,213.6190185546875,213.6190185546875,2600,0.0,0.0
2010-01-12 00:00:00+09:00,213.6190185546875,213.6190185546875,213.6190185546875,213.6190185546875,2600,0.0,0.0
2010-01-13 00:00:00+09:00,213.6190185546875,213.6190185546875,213.6190185546875,213.6190185546875,2600,0.0,0.0
2010-01-14 00:00:00+09:00,213.6190185546875,213.6190185546875,213.6190185546875,213.6190185546875,2600,0.0,0.0
2010-01-15 00:00:00+09:00,213.61903185110555,215.4141387939453,213.61903185110555,215.4141387939453,3900,0.0,0.0
2010-01-18 00:00:00+09:00,213.6190185546875,213.6190185546875,213.6190185546875,213.6190185546875,2600,0.0,0.0
2010-01-19 00:00:00+09:00,213.6190185546875,213.6190185546875,213.6190185546875,213.6190185546875,2600,0.0,0.0
2010-01-20 00:00:00+09:00,213.6190185546875,213.6190185546875,213.6190185546875,213.6190185546875,2600,0.0,0.0
2010-01-21 00:00:00+09:00,213.6190185546875,213.6190185546875,213.6190185546875,213.6190185546875,2600,0.0,0.0
2010-01-22 00:00:00+09:00,213.6190185546875,213.6190185546875,213.6190185546875,213.6190185546875,2600,0.0,0.0
2010-01-25 00:00:00+09:00,218.40603201214026,218.40603201214026,217.8076629638672,217.8076629638672,3900,0.0,0.0
2010-01-26 00:00:00+09:00,217.8076629638672,217.8076629638672,217.8076629638672,217.8076629638672,3900,0.0,0.0
2010-01-27 00:00:00+09:00,214.21739196777344,214.21739196777344,214.21739196777344,214.21739196777344,1300,0.0,0.0
2010-01-28 00:00:00+09:00,214.21739196777344,214.21739196777344,214.21739196777344,214.21739196777344,1300,0.0,0.0
2010-01-29 00:00:00+09:00,214.21739196777344,214.21739196777344,214.21739196777344,214.21739196777344,1300,0.0,0.0
2010-02-01 00:00:00+09:00,214.21739196777344,214.21739196777344,214.21739196777344,214.21739196777344,1300,0.0,0.0
2010-02-02 00:00:00+09:00,214.21739196777344,214.21739196777344,214.21739196777344,214.21739196777344,1300,0.0,0.0
2010-02-03 00:00:00+09:00,214.21739196777344,214.21739196777344,214.21739196777344,214.21739196777344,1300,0.0,0.0
2010-02-04 00:00:00+09:00,214.21741425002682,218.40602111816406,214.21741425002682,218.40602111816406,1300,0.0,0.0
2010-02-05 00:00:00+09:00,218.40602111816406,218.40602111816406,218.40602111816406,218.40602111816406,1300,0.0,0.0
2010-02-08 00:00:00+09:00,218.40602111816406,218.40602111816406,218.40602111816406,218.40602111816406,1300,0.0,0.0
2010-02-09 00:00:00+09:00,218.40602111816406,218.40602111816406,218.40602111816406,218.40602111816406,1300,0.0,0.0
2010-02-10 00:00:00+09:00,204.64346313476562,204.64346313476562,204.64346313476562,204.64346313476562,1300,0.0,0.0
2010-02-12 00:00:00+09:00,204.6434737891693,204.6434737891693,202.8483428955078,202.8483428955078,1300,0.0,0.0
2010-02-15 00:00:00+09:00,202.8483428955078,202.8483428955078,202.8483428955078,202.8483428955078,1300,0.0,0.0
2010-02-16 00:00:00+09:00,202.8483428955078,202.8483428955078,202.8483428955078,202.8483428955078,1300,0.0,0.0
2010-02-17 00:00:00+09:00,189.68413744893914,189.68413744893914,187.2906494140625,187.2906494140625,20800,0.0,0.0
2010-02-18 00:00:00+09:00,187.2906494140625,187.2906494140625,187.2906494140625,187.2906494140625,20800,0.0,0.0
2010-02-19 00:00:00+09:00,189.085758796706,189.6841278076172,189.085758796706,189.6841278076172,3900,0.0,0.0
2010-02-22 00:00:00+09:00,189.6841278076172,189.6841278076172,189.6841278076172,189.6841278076172,3900,0.0,0.0
2010-02-23 00:00:00+09:00,189.6841278076172,189.6841278076172,189.6841278076172,189.6841278076172,3900,0.0,0.0
2010-02-24 00:00:00+09:00,189.68413992473185,190.88088989257812,189.68413992473185,190.88088989257812,3900,0.0,0.0
2010-02-25 00:00:00+09:00,190.88085333031268,190.88085333031268,188.48736572265625,188.48736572265625,3900,0.0,0.0
2010-02-26 00:00:00+09:00,188.48736572265625,188.48736572265625,188.48736572265625,188.48736572265625,3900,0.0,0.0
2010-03-01 00:00:00+09:00,188.48736572265625,188.48736572265625,188.48736572265625,188.48736572265625,3900,0.0,0.0
2010-03-02 00:00:00+09:00,188.487410358,188.487410358,186.69229125976562,186.69229125976562,1300,0.0,0.0
2010-03-03 00:00:00+09:00,186.69229125976562,186.69229125976562,186.69229125976562,186.69229125976562,1300,0.0,0.0
2010-03-04 00:00:00+09:00,185.49551391601562,185.49551391601562,185.49551391601562,185.49551391601562,1300,0.0,0.0
2010-03-05 00:00:00+09:00,190.28250122070312,190.28250122070312,190.28250122070312,190.28250122070312,2600,0.0,0.0
2010-03-08 00:00:00+09:00,190.28250122070312,190.28250122070312,190.28250122070312,190.28250122070312,2600,0.0,0.0
2010-03-09 00:00:00+09:00,190.28250122070312,190.28250122070312,190.28250122070312,190.28250122070312,2600,0.0,0.0
2010-03-10 00:00:00+09:00,190.28250122070312,190.28250122070312,190.28250122070312,190.28250122070312,2600,0.0,0.0
2010-03-11 00:00:00+09:00,190.28250122070312,190.28250122070312,190.28250122070312,190.28250122070312,2600,0.0,0.0
2010-03-12 00:00:00+09:00,190.28250122070312,190.28250122070312,190.28250122070312,190.28250122070312,2600,0.0,0.0
2010-03-15 00:00:00+09:00,186.0939178466797,186.0939178466797,186.0939178466797,186.0939178466797,2600,0.0,0.0
2010-03-16 00:00:00+09:00,186.0939178466797,186.0939178466797,186.0939178466797,186.0939178466797,2600,0.0,0.0
2010-03-17 00:00:00+09:00,186.09392218354623,186.69229125976562,186.09392218354623,186.69229125976562,1300,0.0,0.0
2010-03-18 00:00:00+09:00,186.09387811499985,188.48736572265625,186.09387811499985,188.48736572265625,2600,0.0,0.0
2010-03-19 00:00:00+09:00,188.48736572265625,188.48736572265625,188.48736572265625,188.48736572265625,2600,0.0,0.0
2010-03-23 00:00:00+09:00,188.48736572265625,188.48736572265625,188.48736572265625,188.48736572265625,2600,0.0,0.0
2010-03-24 00:00:00+09:00,188.48736572265625,188.48736572265625,188.48736572265625,188.48736572265625,2600,0.0,0.0
2010-03-25 00:00:00+09:00,191.47923278808594,191.47923278808594,191.47923278808594,191.47923278808594,2600,0.0,0.0
2010-03-26 00:00:00+09:00,191.47923278808594,191.47923278808594,191.47923278808594,191.47923278808594,2600,0.0,0.0
2010-03-29 00:00:00+09:00,184.2987823486328,184.2987823486328,184.2987823486328,184.2987823486328,2600,0.0,0.0
2010-03-30 00:00:00+09:00,184.2987823486328,184.2987823486328,184.2987823486328,184.2987823486328,2600,0.0,0.0
2010-03-31 00:00:00+09:00,188.48736572265625,188.48736572265625,188.48736572265625,188.48736572265625,1300,0.0,0.0
2010-04-01 00:00:00+09:00,188.48736572265625,188.48736572265625,188.48736572265625,188.48736572265625,1300,0.0,0.0
2010-04-02 00:00:00+09:00,188.4874147953133,193.87277221679688,188.4874147953133,193.87277221679688,1300,0.0,0.0
2010-04-05 00:00:00+09:00,208.23367309570312,208.23367309570312,208.23367309570312,208.23367309570312,2600,0.0,0.0
2010-04-06 00:00:00+09:00,208.23367309570312,208.23367309570312,208.23367309570312,208.23367309570312,2600,0.0,0.0
2010-04-07 00:00:00+09:00,208.23367309570312,208.23367309570312,208.23367309570312,208.23367309570312,2600,0.0,0.0
2010-04-08 00:00:00+09:00,208.23367309570312,208.23367309570312,208.23367309570312,208.23367309570312,2600,0.0,0.0
2010-04-09 00:00:00+09:00,208.23367309570312,208.23367309570312,208.23367309570312,208.23367309570312,2600,0.0,0.0
2010-04-12 00:00:00+09:00,208.23367309570312,208.23367309570312,208.23367309570312,208.23367309570312,2600,0.0,0.0
2010-04-13 00:00:00+09:00,203.44668579101562,203.44668579101562,203.44668579101562,203.44668579101562,2600,0.0,0.0
2010-04-14 00:00:00+09:00,203.44668579101562,203.44668579101562,203.44668579101562,203.44668579101562,2600,0.0,0.0
2010-04-15 00:00:00+09:00,203.44668579101562,203.44668579101562,203.44668579101562,203.44668579101562,2600,0.0,0.0
2010-04-16 00:00:00+09:00,203.44668579101562,203.44668579101562,203.44668579101562,203.44668579101562,2600,0.0,0.0
2010-04-19 00:00:00+09:00,197.46295166015625,197.46295166015625,197.46295166015625,197.46295166015625,1300,0.0,0.0
2010-04-20 00:00:00+09:00,197.46295166015625,197.46295166015625,197.46295166015625,197.46295166015625,1300,0.0,0.0
2010-04-21 00:00:00+09:00,192.676025390625,192.676025390625,192.676025390625,192.676025390625,1300,0.0,0.0
2010-04-22 00:00:00+09:00,192.676025390625,192.676025390625,192.676025390625,192.676025390625,1300,0.0,0.0
2010-04-23 00:00:00+09:00,205.24183654785156,205.24183654785156,205.24183654785156,205.24183654785156,2600,0.0,0.0
2010-04-26 00:00:00+09:00,205.24183654785156,205.24183654785156,205.24183654785156,205.24183654785156,2600,0.0,0.0
2010-04-27 00:00:00+09:00,205.24183654785156,205.24183654785156,205.24183654785156,205.24183654785156,2600,0.0,0.0
2010-04-28 00:00:00+09:00,205.24183654785156,205.24183654785156,205.24183654785156,205.24183654785156,2600,0.0,0.0
2010-04-30 00:00:00+09:00,200.4548409181436,203.44668579101562,200.4548409181436,203.44668579101562,3900,0.0,0.0
2010-05-06 00:00:00+09:00,202.8483428955078,202.8483428955078,202.8483428955078,202.8483428955078,3900,0.0,0.0
2010-05-07 00:00:00+09:00,202.8483428955078,202.8483428955078,202.8483428955078,202.8483428955078,3900,0.0,0.0
2010-05-10 00:00:00+09:00,202.8483428955078,202.8483428955078,202.8483428955078,202.8483428955078,3900,0.0,0.0
2010-05-11 00:00:00+09:00,202.8483428955078,202.8483428955078,202.8483428955078,202.8483428955078,3900,0.0,0.0
2010-05-12 00:00:00+09:00,202.8483428955078,202.8483428955078,202.8483428955078,202.8483428955078,3900,0.0,0.0
2010-05-13 00:00:00+09:00,202.8483428955078,202.8483428955078,202.8483428955078,202.8483428955078,3900,0.0,0.0
2010-05-14 00:00:00+09:00,202.8483428955078,202.8483428955078,202.8483428955078,202.8483428955078,3900,0.0,0.0
2010-05-17 00:00:00+09:00,193.27438354492188,193.27438354492188,193.27438354492188,193.27438354492188,1300,0.0,0.0
2010-05-18 00:00:00+09:00,193.27434093796907,193.27434093796907,188.48736572265625,188.48736572265625,3900,0.0,0.0
2010-05-19 00:00:00+09:00,188.48736572265625,188.48736572265625,188.48736572265625,188.48736572265625,3900,0.0,0.0
2010-05-20 00:00:00+09:00,188.48736572265625,188.48736572265625,188.48736572265625,188.48736572265625,3900,0.0,0.0
2010-05-21 00:00:00+09:00,195.66786193847656,195.66786193847656,195.66786193847656,195.66786193847656,2600,0.0,0.0
2010-05-24 00:00:00+09:00,195.6678511686481,195.6678511686481,191.47923278808594,191.47923278808594,1300,0.0,0.0
2010-05-25 00:00:00+09:00,190.88088989257812,190.88088989257812,190.88088989257812,190.88088989257812,2600,0.0,0.0
2010-05-26 00:00:00+09:00,190.88088989257812,190.88088989257812,190.88088989257812,190.88088989257812,2600,0.0,0.0
2010-05-27 00:00:00+09:00,190.88088989257812,190.88088989257812,190.88088989257812,190.88088989257812,2600,0.0,0.0
2010-05-28 00:00:00+09:00,190.88088989257812,190.88088989257812,190.88088989257812,190.88088989257812,2600,0.0,0.0
2010-05-31 00:00:00+09:00,185.4955369148292,186.0939178466797,181.90529880202993,186.0939178466797,3900,0.0,0.0
2010-06-01 00:00:00+09:00,186.0939178466797,186.0939178466797,186.0939178466797,186.0939178466797,3900,0.0,0.0
2010-06-02 00:00:00+09:00,186.0939178466797,186.0939178466797,186.0939178466797,186.0939178466797,3900,0.0,0.0
2010-06-03 00:00:00+09:00,186.0939178466797,186.0939178466797,186.0939178466797,186.0939178466797,3900,0.0,0.0
2010-06-04 00:00:00+09:00,186.09389456955157,190.28250122070312,186.09389456955157,190.28250122070312,1300,0.0,0.0
2010-06-07 00:00:00+09:00,195.0695142736851,214.21744423973578,195.0695142736851,211.82394409179688,9100,0.0,0.0
2010-06-08 00:00:00+09:00,192.676025390625,192.676025390625,192.676025390625,192.676025390625,1300,0.0,0.0
2010-06-09 00:00:00+09:00,192.676025390625,192.676025390625,192.676025390625,192.676025390625,1300,0.0,0.0
2010-06-10 00:00:00+09:00,192.676025390625,192.676025390625,192.676025390625,192.676025390625,1300,0.0,0.0
2010-06-11 00:00:00+09:00,192.676025390625,192.676025390625,192.676025390625,192.676025390625,1300,0.0,0.0
2010-06-14 00:00:00+09:00,192.676025390625,192.676025390625,192.676025390625,192.676025390625,1300,0.0,0.0
2010-06-15 00:00:00+09:00,185.49551391601562,185.49551391601562,185.49551391601562,185.49551391601562,1300,0.0,0.0
2010-06-16 00:00:00+09:00,182.503662109375,182.503662109375,182.503662109375,182.503662109375,1300,0.0,0.0
2010-06-17 00:00:00+09:00,182.503662109375,182.503662109375,182.503662109375,182.503662109375,1300,0.0,0.0
2010-06-18 00:00:00+09:00,182.503662109375,182.503662109375,182.503662109375,182.503662109375,1300,0.0,0.0
2010-06-21 00:00:00+09:00,185.49551391601562,185.49551391601562,185.49551391601562,185.49551391601562,1300,0.0,0.0
2010-06-22 00:00:00+09:00,185.4955369148292,186.0939178466797,185.4955369148292,186.0939178466797,2600,0.0,0.0
2010-06-23 00:00:00+09:00,186.0939178466797,186.0939178466797,186.0939178466797,186.0939178466797,2600,0.0,0.0
2010-06-24 00:00:00+09:00,186.0939178466797,186.0939178466797,186.0939178466797,186.0939178466797,2600,0.0,0.0
2010-06-25 00:00:00+09:00,190.28250122070312,190.28250122070312,190.28250122070312,190.28250122070312,1300,0.0,0.0
2010-06-28 00:00:00+09:00,193.87277221679688,193.87277221679688,193.87277221679688,193.87277221679688,1300,0.0,0.0
2010-06-29 00:00:00+09:00,193.87277221679688,193.87277221679688,193.87277221679688,193.87277221679688,1300,0.0,0.0
2010-06-30 00:00:00+09:00,193.87277221679688,193.87277221679688,193.87277221679688,193.87277221679688,1300,0.0,0.0
2010-07-01 00:00:00+09:00,193.87277221679688,193.87277221679688,193.87277221679688,193.87277221679688,1300,0.0,0.0
2010-07-02 00:00:00+09:00,192.67597514545034,192.67597514545034,192.07760620117188,192.07760620117188,2600,0.0,0.0
2010-07-05 00:00:00+09:00,192.07760620117188,192.07760620117188,192.07760620117188,192.07760620117188,1300,0.0,0.0
2010-07-06 00:00:00+09:00,187.2906494140625,187.2906494140625,187.2906494140625,187.2906494140625,1300,0.0,0.0
2010-07-07 00:00:00+09:00,187.2906494140625,187.2906494140625,187.2906494140625,187.2906494140625,1300,0.0,0.0
2010-07-08 00:00:00+09:00,187.2906494140625,187.2906494140625,187.2906494140625,187.2906494140625,1300,0.0,0.0
2010-07-09 00:00:00+09:00,187.2906494140625,187.2906494140625,187.2906494140625,187.2906494140625,1300,0.0,0.0
2010-07-12 00:00:00+09:00,187.29064079677497,196.2662353515625,187.29064079677497,196.2662353515625,1300,0.0,0.0
2010-07-13 00:00:00+09:00,196.2662353515625,196.2662353515625,196.2662353515625,196.2662353515625,1300,0.0,0.0
2010-07-14 00:00:00+09:00,187.88902282714844,187.88902282714844,187.88902282714844,187.88902282714844,3900,0.0,0.0
2010-07-15 00:00:00+09:00,187.8890232823601,187.8890232823601,183.10203552246094,183.10203552246094,2600,0.0,0.0
2010-07-16 00:00:00+09:00,183.10202973968754,183.10202973968754,180.7085418701172,180.7085418701172,6500,0.0,0.0
2010-07-21 00:00:00+09:00,183.70042419433594,183.70042419433594,183.70042419433594,183.70042419433594,1300,0.0,0.0
2010-07-22 00:00:00+09:00,183.70042419433594,183.70042419433594,183.70042419433594,183.70042419433594,1300,0.0,0.0
2010-07-23 00:00:00+09:00,186.6922669747091,199.25808715820312,186.6922669747091,199.25808715820312,22100,0.0,0.0
2010-07-26 00:00:00+09:00,199.25808715820312,199.25808715820312,199.25808715820312,199.25808715820312,22100,0.0,0.0
2010-07-27 00:00:00+09:00,199.25808715820312,199.25808715820312,199.25808715820312,199.25808715820312,22100,0.0,0.0
2010-07-28 00:00:00+09:00,199.25808715820312,199.25808715820312,199.25808715820312,199.25808715820312,22100,0.0,0.0
2010-07-29 00:00:00+09:00,199.25808715820312,199.25808715820312,199.25808715820312,199.25808715820312,22100,0.0,0.0
2010-07-30 00:00:00+09:00,199.25808715820312,199.25808715820312,199.25808715820312,199.25808715820312,22100,0.0,0.0
2010-08-02 00:00:00+09:00,199.25808715820312,199.25808715820312,199.25808715820312,199.25808715820312,22100,0.0,0.0
2010-08-03 00:00:00+09:00,199.25808715820312,199.25808715820312,199.25808715820312,199.25808715820312,22100,0.0,0.0
2010-08-04 00:00:00+09:00,195.06948852539062,195.06948852539062,195.06948852539062,195.06948852539062,1300,0.0,0.0
2010-08-05 00:00:00+09:00,199.8564910888672,199.8564910888672,199.8564910888672,199.8564910888672,2600,0.0,0.0
2010-08-06 00:00:00+09:00,199.8564910888672,199.8564910888672,199.8564910888672,199.8564910888672,2600,0.0,0.0
2010-08-09 00:00:00+09:00,199.8564910888672,199.8564910888672,199.8564910888672,199.8564910888672,2600,0.0,0.0
2010-08-10 00:00:00+09:00,199.8564910888672,199.8564910888672,199.8564910888672,199.8564910888672,2600,0.0,0.0
2010-08-11 00:00:00+09:00,199.8564910888672,199.8564910888672,199.8564910888672,199.8564910888672,2600,0.0,0.0
2010-08-12 00:00:00+09:00,199.8564910888672,199.8564910888672,199.8564910888672,199.8564910888672,2600,0.0,0.0
2010-08-13 00:00:00+09:00,196.86460876464844,196.86460876464844,196.86460876464844,196.86460876464844,1300,0.0,0.0
2010-08-16 00:00:00+09:00,196.86460876464844,196.86460876464844,196.86460876464844,196.86460876464844,1300,0.0,0.0
2010-08-17 00:00:00+09:00,196.86460876464844,196.86460876464844,196.86460876464844,196.86460876464844,1300,0.0,0.0
2010-08-18 00:00:00+09:00,196.86460876464844,196.86460876464844,196.86460876464844,196.86460876464844,1300,0.0,0.0
2010-08-19 00:00:00+09:00,196.86460876464844,196.86460876464844,196.86460876464844,196.86460876464844,3900,0.0,0.0
2010-08-20 00:00:00+09:00,196.86460876464844,196.86460876464844,196.86460876464844,196.86460876464844,3900,0.0,0.0
2010-08-23 00:00:00+09:00,196.86460876464844,196.86460876464844,196.86460876464844,196.86460876464844,3900,0.0,0.0
2010-08-24 00:00:00+09:00,196.86460876464844,196.86460876464844,196.86460876464844,196.86460876464844,3900,0.0,0.0
2010-08-25 00:00:00+09:00,196.86460876464844,196.86460876464844,196.86460876464844,196.86460876464844,2600,0.0,0.0
2010-08-26 00:00:00+09:00,196.86460876464844,196.86460876464844,196.86460876464844,196.86460876464844,2600,0.0,0.0
2010-08-27 00:00:00+09:00,196.86460876464844,196.86460876464844,196.86460876464844,196.86460876464844,2600,0.0,0.0
2010-08-30 00:00:00+09:00,196.86460876464844,196.86460876464844,196.86460876464844,196.86460876464844,2600,0.0,0.0
2010-08-31 00:00:00+09:00,196.86460876464844,196.86460876464844,196.86460876464844,196.86460876464844,2600,0.0,0.0
2010-09-01 00:00:00+09:00,196.86460876464844,196.86460876464844,196.86460876464844,196.86460876464844,2600,0.0,0.0
2010-09-02 00:00:00+09:00,196.86460876464844,196.86460876464844,196.86460876464844,196.86460876464844,2600,0.0,0.0
2010-09-03 00:00:00+09:00,196.86460876464844,196.86460876464844,194.47112078640998,196.86460876464844,2600,0.0,0.0
2010-09-06 00:00:00+09:00,188.48741794924265,192.676025390625,188.48741794924265,192.676025390625,3900,0.0,0.0
2010-09-07 00:00:00+09:00,192.676025390625,192.676025390625,192.676025390625,192.676025390625,3900,0.0,0.0
2010-09-08 00:00:00+09:00,192.676025390625,192.676025390625,192.676025390625,192.676025390625,3900,0.0,0.0
2010-09-09 00:00:00+09:00,192.676025390625,192.676025390625,192.676025390625,192.676025390625,3900,0.0,0.0
2010-09-10 00:00:00+09:00,192.676025390625,192.676025390625,192.676025390625,192.676025390625,3900,0.0,0.0
2010-09-13 00:00:00+09:00,192.67598259247143,192.67598259247143,191.47923278808594,191.47923278808594,1300,0.0,0.0
2010-09-14 00:00:00+09:00,191.47922226483342,191.47922226483342,188.48736572265625,188.48736572265625,1300,0.0,0.0
2010-09-16 00:00:00+09:00,188.48736572265625,188.48736572265625,188.48736572265625,188.48736572265625,1300,0.0,0.0
2010-09-17 00:00:00+09:00,188.48736572265625,188.48736572265625,188.48736572265625,188.48736572265625,1300,0.0,0.0
2010-09-21 00:00:00+09:00,188.48738259559104,188.48738259559104,185.49551391601562,185.49551391601562,2600,0.0,0.0
2010-09-22 00:00:00+09:00,176.51993645575408,182.503662109375,176.51993645575408,182.503662109375,2600,0.0,0.0
2010-09-24 00:00:00+09:00,182.5036665035642,183.10203552246094,182.5036665035642,183.10203552246094,2600,0.0,0.0
2010-09-27 00:00:00+09:00,183.10203552246094,183.10203552246094,183.10203552246094,183.10203552246094,2600,0.0,0.0
2010-09-28 00:00:00+09:00,183.10203552246094,183.10203552246094,183.10203552246094,183.10203552246094,2600,0.0,0.0
2010-09-29 00:00:00+09:00,183.10203552246094,183.10203552246094,183.10203552246094,183.10203552246094,2600,0.0,0.0
2010-09-30 00:00:00+09:00,183.10203552246094,183.10203552246094,183.10203552246094,183.10203552246094,2600,0.0,0.0
2010-10-01 00:00:00+09:00,183.10203552246094,183.10203552246094,183.10203552246094,183.10203552246094,2600,0.0,0.0
2010-10-04 00:00:00+09:00,183.10203552246094,183.10203552246094,183.10203552246094,183.10203552246094,2600,0.0,0.0
2010-10-05 00:00:00+09:00,196.86460876464844,196.86460876464844,196.86460876464844,196.86460876464844,2600,0.0,0.0
2010-10-06 00:00:00+09:00,182.503662109375,182.503662109375,182.503662109375,182.503662109375,1300,0.0,0.0
2010-10-07 00:00:00+09:00,182.503662109375,182.503662109375,182.503662109375,182.503662109375,1300,0.0,0.0
2010-10-08 00:00:00+09:00,182.503662109375,182.503662109375,182.503662109375,182.503662109375,1300,0.0,0.0
2010-10-12 00:00:00+09:00,182.50366245848613,182.50366245848613,177.7166748046875,177.7166748046875,1300,0.0,0.0
2010-10-13 00:00:00+09:00,177.7166748046875,177.7166748046875,177.7166748046875,177.7166748046875,1300,0.0,0.0
2010-10-14 00:00:00+09:00,177.7166748046875,177.7166748046875,177.7166748046875,177.7166748046875,1300,0.0,0.0
2010-10-15 00:00:00+09:00,191.47923278808594,191.47923278808594,191.47923278808594,191.47923278808594,5200,0.0,0.0
2010-10-18 00:00:00+09:00,191.47923278808594,191.47923278808594,191.47923278808594,191.47923278808594,5200,0.0,0.0
2010-10-19 00:00:00+09:00,191.47923278808594,191.47923278808594,191.47923278808594,191.47923278808594,5200,0.0,0.0
2010-10-20 00:00:00+09:00,191.47923278808594,191.47923278808594,191.47923278808594,191.47923278808594,5200,0.0,0.0
2010-10-21 00:00:00+09:00,191.47923278808594,191.47923278808594,191.47923278808594,191.47923278808594,5200,0.0,0.0
2010-10-22 00:00:00+09:00,191.47923278808594,191.47923278808594,191.47923278808594,191.47923278808594,5200,0.0,0.0
2010-10-25 00:00:00+09:00,196.86460876464844,196.86460876464844,196.86460876464844,196.86460876464844,1300,0.0,0.0
2010-10-26 00:00:00+09:00,196.86460876464844,196.86460876464844,196.86460876464844,196.86460876464844,1300,0.0,0.0
2010-10-27 00:00:00+09:00,196.86460876464844,196.86460876464844,196.86460876464844,196.86460876464844,1300,0.0,0.0
2010-10-28 00:00:00+09:00,196.86460876464844,196.86460876464844,196.86460876464844,196.86460876464844,1300,0.0,0.0
2010-10-29 00:00:00+09:00,196.8646198980868,196.8646198980868,179.51181030273438,179.51181030273438,2600,0.0,0.0
2010-11-01 00:00:00+09:00,179.51181030273438,179.51181030273438,179.51181030273438,179.51181030273438,2600,0.0,0.0
2010-11-02 00:00:00+09:00,179.51181030273438,179.51181030273438,179.51181030273438,179.51181030273438,2600,0.0,0.0
2010-11-04 00:00:00+09:00,179.51179334777714,182.503662109375,179.51179334777714,182.503662109375,1300,0.0,0.0
2010-11-05 00:00:00+09:00,187.2906494140625,187.2906494140625,187.2906494140625,187.2906494140625,2600,0.0,0.0
2010-11-08 00:00:00+09:00,185.49551391601562,185.49551391601562,185.49551391601562,185.49551391601562,1300,0.0,0.0
2010-11-09 00:00:00+09:00,185.49551391601562,185.49551391601562,185.49551391601562,185.49551391601562,1300,0.0,0.0
2010-11-10 00:00:00+09:00,177.11832758212336,181.90530395507812,177.11832758212336,181.90530395507812,3900,0.0,0.0
2010-11-11 00:00:00+09:00,181.90530395507812,181.90530395507812,181.90530395507812,181.90530395507812,3900,0.0,0.0
2010-11-12 00:00:00+09:00,181.90530395507812,181.90530395507812,181.90530395507812,181.90530395507812,3900,0.0,0.0
2010-11-15 00:00:00+09:00,181.90530395507812,181.90530395507812,181.90530395507812,181.90530395507812,3900,0.0,0.0
2010-11-16 00:00:00+09:00,181.90530395507812,181.90530395507812,181.90530395507812,181.90530395507812,3900,0.0,0.0
2010-11-17 00:00:00+09:00,181.90530395507812,181.90530395507812,181.90530395507812,181.90530395507812,3900,0.0,0.0
2010-11-18 00:00:00+09:00,181.90530395507812,181.90530395507812,181.90530395507812,181.90530395507812,3900,0.0,0.0
2010-11-19 00:00:00+09:00,181.90530395507812,181.90530395507812,181.90530395507812,181.90530395507812,3900,0.0,0.0
2010-11-22 00:00:00+09:00,181.90530395507812,181.90530395507812,181.90530395507812,181.90530395507812,3900,0.0,0.0
2010-11-24 00:00:00+09:00,181.90530395507812,181.90530395507812,181.90530395507812,181.90530395507812,1300,0.0,0.0
2010-11-25 00:00:00+09:00,193.87273909708207,193.87273909708207,185.49551391601562,185.49551391601562,3900,0.0,0.0
2010-11-26 00:00:00+09:00,185.49551391601562,185.49551391601562,185.49551391601562,185.49551391601562,3900,0.0,0.0
2010-11-29 00:00:00+09:00,185.49551391601562,185.49551391601562,185.49551391601562,185.49551391601562,1300,0.0,0.0
2010-11-30 00:00:00+09:00,185.49551391601562,185.49551391601562,185.49551391601562,185.49551391601562,1300,0.0,0.0
2010-12-01 00:00:00+09:00,185.49551391601562,185.49551391601562,185.49551391601562,185.49551391601562,1300,0.0,0.0
2010-12-02 00:00:00+09:00,185.49553284163338,190.88088989257812,185.49553284163338,190.88088989257812,1300,0.0,0.0
2010-12-03 00:00:00+09:00,190.88088162373995,195.06948852539062,190.88088162373995,195.06948852539062,2600,0.0,0.0
2010-12-06 00:00:00+09:00,201.05323791503906,201.05323791503906,201.05323791503906,201.05323791503906,6500,0.0,0.0
2010-12-07 00:00:00+09:00,201.0532074840217,201.0532074840217,191.47923278808594,191.47923278808594,1300,0.0,0.0
2010-12-08 00:00:00+09:00,191.47923278808594,191.47923278808594,191.47923278808594,191.47923278808594,1300,0.0,0.0
2010-12-09 00:00:00+09:00,191.47923278808594,191.47923278808594,191.47923278808594,191.47923278808594,1300,0.0,0.0
2010-12-10 00:00:00+09:00,191.47923278808594,191.47923278808594,191.47923278808594,191.47923278808594,1300,0.0,0.0
2010-12-13 00:00:00+09:00,191.47923278808594,191.47923278808594,191.47923278808594,191.47923278808594,1300,0.0,0.0
2010-12-14 00:00:00+09:00,191.47927532041146,192.676025390625,191.47927532041146,192.676025390625,1300,0.0,0.0
2010-12-15 00:00:00+09:00,192.676025390625,192.676025390625,192.676025390625,192.676025390625,1300,0.0,0.0
2010-12-16 00:00:00+09:00,192.67599211556265,192.67599211556265,189.08575439453125,189.08575439453125,1300,0.0,0.0
2010-12-17 00:00:00+09:00,189.08575439453125,189.08575439453125,189.08575439453125,189.08575439453125,1300,0.0,0.0
2010-12-20 00:00:00+09:00,189.08575439453125,189.08575439453125,189.08575439453125,189.08575439453125,1300,0.0,0.0
2010-12-21 00:00:00+09:00,189.085734657177,189.085734657177,188.48736572265625,188.48736572265625,2600,0.0,0.0
2010-12-22 00:00:00+09:00,188.48740182646125,190.88088989257812,188.48740182646125,190.88088989257812,1300,0.0,0.0
2010-12-24 00:00:00+09:00,193.27435155987715,193.27435155987715,191.47923278808594,191.47923278808594,3900,0.0,0.0
2010-12-27 00:00:00+09:00,191.47923278808594,191.47923278808594,191.47923278808594,191.47923278808594,3900,0.0,0.0
2010-12-28 00:00:00+09:00,191.47923278808594,191.47923278808594,191.47923278808594,191.47923278808594,3900,0.0,0.0
2010-12-29 00:00:00+09:00,191.47923278808594,191.47923278808594,191.47923278808594,191.47923278808594,3900,0.0,0.0
2010-12-30 00:00:00+09:00,191.47923278808594,191.47923278808594,191.47923278808594,191.47923278808594,3900,0.0,0.0
2011-01-04 00:00:00+09:00,191.47922657164082,197.46295166015625,191.47922657164082,197.46295166015625,1300,0.0,0.0
2011-01-05 00:00:00+09:00,191.47923278808594,191.47923278808594,191.47923278808594,191.47923278808594,1300,0.0,0.0
2011-01-06 00:00:00+09:00,191.47923278808594,191.47923278808594,191.47923278808594,191.47923278808594,1300,0.0,0.0
2011-01-07 00:00:00+09:00,191.47923278808594,191.47923278808594,191.47923278808594,191.47923278808594,1300,0.0,0.0
2011-01-11 00:00:00+09:00,191.47923278808594,191.47923278808594,191.47923278808594,191.47923278808594,1300,0.0,0.0
2011-01-12 00:00:00+09:00,191.47923278808594,191.47923278808594,191.47923278808594,191.47923278808594,1300,0.0,0.0
2011-01-13 00:00:00+09:00,191.47923278808594,191.47923278808594,191.47923278808594,191.47923278808594,1300,0.0,0.0
2011-01-14 00:00:00+09:00,191.47923278808594,191.47923278808594,191.47923278808594,191.47923278808594,1300,0.0,0.0
2011-01-17 00:00:00+09:00,191.47923278808594,191.47923278808594,191.47923278808594,191.47923278808594,1300,0.0,0.0
2011-01-18 00:00:00+09:00,191.47923278808594,191.47923278808594,191.47923278808594,191.47923278808594,1300,0.0,0.0
2011-01-19 00:00:00+09:00,187.2906494140625,187.2906494140625,187.2906494140625,187.2906494140625,1300,0.0,0.0
2011-01-20 00:00:00+09:00,187.2906494140625,187.2906494140625,187.2906494140625,187.2906494140625,1300,0.0,0.0
2011-01-21 00:00:00+09:00,187.2906494140625,187.2906494140625,187.2906494140625,187.2906494140625,1300,0.0,0.0
2011-01-24 00:00:00+09:00,187.2906494140625,187.2906494140625,187.2906494140625,187.2906494140625,1300,0.0,0.0
2011-01-25 00:00:00+09:00,187.29062627709783,191.47923278808594,187.29062627709783,191.47923278808594,5200,0.0,0.0
2011-01-26 00:00:00+09:00,191.47923278808594,191.47923278808594,191.47923278808594,191.47923278808594,5200,0.0,0.0
2011-01-27 00:00:00+09:00,191.47923278808594,191.47923278808594,191.47923278808594,191.47923278808594,5200,0.0,0.0
2011-01-28 00:00:00+09:00,191.47923278808594,191.47923278808594,191.47923278808594,191.47923278808594,5200,0.0,0.0
2011-01-31 00:00:00+09:00,191.47923278808594,191.47923278808594,191.47923278808594,191.47923278808594,5200,0.0,0.0
2011-02-01 00:00:00+09:00,191.47923278808594,191.47923278808594,191.47923278808594,191.47923278808594,5200,0.0,0.0
2011-02-02 00:00:00+09:00,191.47923278808594,191.47923278808594,191.47923278808594,191.47923278808594,5200,0.0,0.0
2011-02-03 00:00:00+09:00,192.676025390625,192.676025390625,192.676025390625,192.676025390625,1300,0.0,0.0
2011-02-04 00:00:00+09:00,192.676025390625,192.676025390625,192.676025390625,192.676025390625,1300,0.0,0.0
2011-02-07 00:00:00+09:00,194.47113037109375,194.47113037109375,194.47113037109375,194.47113037109375,2600,0.0,0.0
2011-02-08 00:00:00+09:00,192.07762759041182,192.07762759041182,189.6841278076172,189.6841278076172,2600,0.0,0.0
2011-02-09 00:00:00+09:00,188.48736572265625,188.48736572265625,188.48736572265625,188.48736572265625,5200,0.0,0.0
2011-02-10 00:00:00+09:00,188.48736572265625,188.48736572265625,188.48736572265625,188.48736572265625,1300,0.0,0.0
2011-02-14 00:00:00+09:00,188.48739184459546,188.48739184459546,187.88902282714844,187.88902282714844,1300,0.0,0.0
2011-02-15 00:00:00+09:00,187.88901360750575,187.88901360750575,185.49551391601562,185.49551391601562,1300,0.0,0.0
2011-02-16 00:00:00+09:00,185.49553517336025,194.47113037109375,185.49553517336025,194.47113037109375,1300,0.0,0.0
2011-02-17 00:00:00+09:00,194.47113037109375,194.47113037109375,194.47113037109375,194.47113037109375,1300,0.0,0.0
2011-02-18 00:00:00+09:00,194.47113037109375,194.47113037109375,194.47113037109375,194.47113037109375,1300,0.0,0.0
2011-02-21 00:00:00+09:00,194.47113037109375,194.47113037109375,194.47113037109375,194.47113037109375,1300,0.0,0.0
2011-02-22 00:00:00+09:00,194.47113037109375,194.47113037109375,194.47113037109375,194.47113037109375,1300,0.0,0.0
2011-02-23 00:00:00+09:00,194.47113037109375,194.47113037109375,194.47113037109375,194.47113037109375,1300,0.0,0.0
2011-02-24 00:00:00+09:00,194.47113037109375,194.47113037109375,194.47113037109375,194.47113037109375,1300,0.0,0.0
2011-02-25 00:00:00+09:00,191.47923278808594,191.47923278808594,191.47923278808594,191.47923278808594,2600,0.0,0.0
2011-02-28 00:00:00+09:00,191.47923278808594,191.47923278808594,191.47923278808594,191.47923278808594,1300,0.0,0.0
2011-03-01 00:00:00+09:00,191.47922538731981,192.07760620117188,191.47922538731981,192.07760620117188,5200,0.0,0.0
2011-03-02 00:00:00+09:00,192.07760620117188,192.07760620117188,192.07760620117188,192.07760620117188,5200,0.0,0.0
2011-03-03 00:00:00+09:00,192.07760620117188,192.07760620117188,192.07760620117188,192.07760620117188,5200,0.0,0.0
2011-03-04 00:00:00+09:00,192.07762419728255,195.66786193847656,192.07762419728255,195.66786193847656,1300,0.0,0.0
2011-03-07 00:00:00+09:00,200.45486450195312,200.45486450195312,200.45486450195312,200.45486450195312,1300,0.0,0.0
2011-03-08 00:00:00+09:00,191.47923278808594,191.47923278808594,191.47923278808594,191.47923278808594,3900,0.0,0.0
2011-03-09 00:00:00+09:00,191.47923278808594,191.47923278808594,191.47923278808594,191.47923278808594,3900,0.0,0.0
2011-03-10 00:00:00+09:00,191.47923278808594,191.47923278808594,191.47923278808594,191.47923278808594,3900,0.0,0.0
2011-03-11 00:00:00+09:00,192.676025390625,192.676025390625,192.676025390625,192.676025390625,1300,0.0,0.0
2011-03-14 00:00:00+09:00,192.676025390625,192.676025390625,192.676025390625,192.676025390625,1300,0.0,0.0
2011-03-15 00:00:00+09:00,192.676025390625,192.676025390625,192.676025390625,192.676025390625,1300,0.0,0.0
2011-03-16 00:00:00+09:00,192.676025390625,192.676025390625,192.676025390625,192.676025390625,1300,0.0,0.0
2011-03-17 00:00:00+09:00,192.676025390625,192.676025390625,192.676025390625,192.676025390625,1300,0.0,0.0
2011-03-18 00:00:00+09:00,197.46295166015625,197.46295166015625,197.46295166015625,197.46295166015625,2600,0.0,0.0
2011-03-22 00:00:00+09:00,197.46300280740974,199.8564910888672,197.46300280740974,199.8564910888672,1300,0.0,0.0
2011-03-23 00:00:00+09:00,214.81578063964844,214.81578063964844,214.81578063964844,214.81578063964844,1300,0.0,0.0
2011-03-24 00:00:00+09:00,214.81576752537458,217.80763613739504,203.44668579101562,203.44668579101562,3900,0.0,0.0
2011-03-25 00:00:00+09:00,203.44669021651106,217.80764087527854,203.44669021651106,204.04505920410156,3900,0.0,0.0
2011-03-28 00:00:00+09:00,204.04505920410156,204.04505920410156,204.04505920410156,204.04505920410156,3900,0.0,0.0
2011-03-29 00:00:00+09:00,204.0450897216797,204.0450897216797,204.0450897216797,204.0450897216797,3900,9.230769,0.0
2011-03-30 00:00:00+09:00,204.0450897216797,204.0450897216797,204.0450897216797,204.0450897216797,3900,0.0,0.0
2011-03-31 00:00:00+09:00,204.0450897216797,204.0450897216797,204.0450897216797,204.0450897216797,3900,0.0,0.0
2011-04-01 00:00:00+09:00,204.0450897216797,204.0450897216797,204.0450897216797,204.0450897216797,3900,0.0,0.0
2011-04-04 00:00:00+09:00,212.72785949707028,212.72785949707028,212.72785949707028,212.7278594970703,3900,0.0,0.0
2011-04-05 00:00:00+09:00,229.4731903076172,229.4731903076172,229.4731903076172,229.4731903076172,1300,0.0,0.0
2011-04-06 00:00:00+09:00,229.4731903076172,229.4731903076172,229.4731903076172,229.4731903076172,1300,0.0,0.0
2011-04-07 00:00:00+09:00,229.4731903076172,229.4731903076172,229.4731903076172,229.4731903076172,1300,0.0,0.0
2011-04-08 00:00:00+09:00,229.4731903076172,229.4731903076172,229.4731903076172,229.4731903076172,1300,0.0,0.0
2011-04-11 00:00:00+09:00,214.5884217722454,214.5884217722454,210.8672332763672,210.8672332763672,2600,0.0,0.0
2011-04-12 00:00:00+09:00,210.8672332763672,210.8672332763672,210.8672332763672,210.8672332763672,2600,0.0,0.0
2011-04-13 00:00:00+09:00,205.9056829873945,205.9056829873945,202.1844940185547,202.1844940185547,3900,0.0,0.0
2011-04-14 00:00:00+09:00,207.76626336731363,215.2086157540561,207.76626336731363,210.8672332763672,10400,0.0,0.0
2011-04-15 00:00:00+09:00,210.8672332763672,210.8672332763672,210.8672332763672,210.8672332763672,10400,0.0,0.0
2011-04-18 00:00:00+09:00,210.86722601073987,215.82882690429688,205.905649722196,215.82882690429688,2600,0.0,0.0
2011-04-19 00:00:00+09:00,215.8288510814524,219.55001526094543,205.90567278775674,209.62686157226562,6500,0.0,0.0
2011-04-20 00:00:00+09:00,212.72787415541123,213.3480682373047,212.72787415541123,213.3480682373047,5200,0.0,0.0
2011-04-21 00:00:00+09:00,213.3480682373047,213.3480682373047,213.3480682373047,213.3480682373047,5200,0.0,0.0
2011-04-22 00:00:00+09:00,213.3480682373047,213.3480682373047,213.3480682373047,213.3480682373047,5200,0.0,0.0
2011-04-25 00:00:00+09:00,209.00668334960938,209.00668334960938,209.00668334960938,209.00668334960938,3900,0.0,0.0
2011-04-26 00:00:00+09:00,209.00668334960938,209.00668334960938,209.00668334960938,209.00668334960938,3900,0.0,0.0
2011-04-27 00:00:00+09:00,209.00665133093506,213.9682277904347,209.00665133093506,210.8672332763672,2600,0.0,0.0
2011-04-28 00:00:00+09:00,210.8672332763672,210.8672332763672,210.8672332763672,210.8672332763672,2600,0.0,0.0
2011-05-02 00:00:00+09:00,210.8672332763672,210.8672332763672,210.8672332763672,210.8672332763672,2600,0.0,0.0
2011-05-06 00:00:00+09:00,211.48744201660156,211.48744201660156,211.48744201660156,211.48744201660156,5200,0.0,0.0
2011-05-09 00:00:00+09:00,211.48744201660156,211.48744201660156,211.48744201660156,211.48744201660156,5200,0.0,0.0
2011-05-10 00:00:00+09:00,211.48744201660156,211.48744201660156,211.48744201660156,211.48744201660156,5200,0.0,0.0
2011-05-11 00:00:00+09:00,211.48744201660156,211.48744201660156,211.48744201660156,211.48744201660156,5200,0.0,0.0
2011-05-12 00:00:00+09:00,211.48744201660156,211.48744201660156,211.48744201660156,211.48744201660156,5200,0.0,0.0
2011-05-13 00:00:00+09:00,211.48744201660156,211.48744201660156,211.48744201660156,211.48744201660156,5200,0.0,0.0
2011-05-16 00:00:00+09:00,196.60271345430647,205.28549194335938,196.60271345430647,205.28549194335938,14300,0.0,0.0
2011-05-17 00:00:00+09:00,205.28549194335938,205.28549194335938,205.28549194335938,205.28549194335938,14300,0.0,0.0
2011-05-18 00:00:00+09:00,205.28549194335938,205.28549194335938,205.28549194335938,205.28549194335938,1300,0.0,0.0
2011-05-19 00:00:00+09:00,205.28549194335938,205.28549194335938,205.28549194335938,205.28549194335938,1300,0.0,0.0
2011-05-20 00:00:00+09:00,205.2854589581517,205.2854589581517,204.66525268554688,204.66525268554688,1300,0.0,0.0
2011-05-23 00:00:00+09:00,204.66525268554688,204.66525268554688,204.66525268554688,204.66525268554688,1300,0.0,0.0
2011-05-24 00:00:00+09:00,204.6652855711,205.28549194335938,204.6652855711,205.28549194335938,1300,0.0,0.0
2011-05-25 00:00:00+09:00,202.8046875,202.8046875,202.8046875,202.8046875,1300,0.0,0.0
2011-05-26 00:00:00+09:00,202.80466923225094,202.80466923225094,199.08348083496094,199.08348083496094,1300,0.0,0.0
2011-05-27 00:00:00+09:00,199.08348083496094,199.08348083496094,199.08348083496094,199.08348083496094,1300,0.0,0.0
2011-05-30 00:00:00+09:00,199.08348083496094,199.08348083496094,199.08348083496094,199.08348083496094,1300,0.0,0.0
2011-05-31 00:00:00+09:00,201.56430053710938,201.56430053710938,201.56430053710938,201.56430053710938,2600,0.0,0.0
2011-06-01 00:00:00+09:00,201.56427053254976,204.66525268554688,201.56427053254976,204.66525268554688,1300,0.0,0.0
2011-06-02 00:00:00+09:00,204.66525268554688,204.66525268554688,204.66525268554688,204.66525268554688,1300,0.0,0.0
2011-06-03 00:00:00+09:00,200.94412231445312,200.94412231445312,200.94412231445312,200.94412231445312,1300,0.0,0.0
2011-06-06 00:00:00+09:00,215.82882690429688,215.82882690429688,215.82882690429688,215.82882690429688,5200,0.0,0.0
2011-06-07 00:00:00+09:00,220.7904510498047,220.7904510498047,220.7904510498047,220.7904510498047,1300,0.0,0.0
2011-06-08 00:00:00+09:00,220.7904510498047,220.7904510498047,220.7904510498047,220.7904510498047,1300,0.0,0.0
2011-06-09 00:00:00+09:00,220.7904043091739,222.0307922363281,220.7904043091739,222.03079223632812,1300,0.0,0.0
2011-06-10 00:00:00+09:00,222.0307922363281,222.0307922363281,222.0307922363281,222.03079223632812,1300,0.0,0.0
2011-06-13 00:00:00+09:00,222.0307922363281,222.0307922363281,222.0307922363281,222.03079223632812,1300,0.0,0.0
2011-06-14 00:00:00+09:00,222.0307922363281,222.0307922363281,222.0307922363281,222.03079223632812,1300,0.0,0.0
2011-06-15 00:00:00+09:00,222.0307922363281,222.0307922363281,222.0307922363281,222.03079223632812,1300,0.0,0.0
2011-06-16 00:00:00+09:00,221.4105987548828,221.4105987548828,221.4105987548828,221.4105987548828,1300,0.0,0.0
2011-06-17 00:00:00+09:00,221.4105987548828,221.4105987548828,221.4105987548828,221.4105987548828,1300,0.0,0.0
2011-06-20 00:00:00+09:00,217.06918296165145,217.6893768310547,217.06918296165145,217.6893768310547,2600,0.0,0.0
2011-06-21 00:00:00+09:00,217.68943925240876,222.65101623535156,217.68943925240876,222.65101623535156,1300,0.0,0.0
2011-06-22 00:00:00+09:00,212.72785949707028,212.72785949707028,212.72785949707028,212.7278594970703,2600,0.0,0.0
2011-06-23 00:00:00+09:00,215.82882690429688,215.82882690429688,215.82882690429688,215.82882690429688,1300,0.0,0.0
2011-06-24 00:00:00+09:00,215.82882690429688,215.82882690429688,215.82882690429688,215.82882690429688,1300,0.0,0.0
2011-06-27 00:00:00+09:00,215.82882690429688,215.82882690429688,215.82882690429688,215.82882690429688,1300,0.0,0.0
2011-06-28 00:00:00+09:00,215.82882690429688,215.82882690429688,215.82882690429688,215.82882690429688,1300,0.0,0.0
2011-06-29 00:00:00+09:00,215.82882690429688,215.82882690429688,215.82882690429688,215.82882690429688,1300,0.0,0.0
2011-06-30 00:00:00+09:00,215.82882690429688,215.82882690429688,215.82882690429688,215.82882690429688,1300,0.0,0.0
2011-07-01 00:00:00+09:00,215.82882690429688,215.82882690429688,215.82882690429688,215.82882690429688,1300,0.0,0.0
2011-07-04 00:00:00+09:00,215.82882690429688,215.82882690429688,215.82882690429688,215.82882690429688,1300,0.0,0.0
2011-07-05 00:00:00+09:00,216.44904890616272,216.44904890616272,212.107666015625,212.107666015625,5200,0.0,0.0
2011-07-06 00:00:00+09:00,212.107666015625,212.107666015625,212.107666015625,212.107666015625,5200,0.0,0.0
2011-07-07 00:00:00+09:00,209.62686157226562,209.62686157226562,209.62686157226562,209.62686157226562,2600,0.0,0.0
2011-07-08 00:00:00+09:00,209.62686157226562,209.62686157226562,209.62686157226562,209.62686157226562,2600,0.0,0.0
2011-07-11 00:00:00+09:00,208.38648986816406,208.38648986816406,208.38648986816406,208.38648986816406,3900,0.0,0.0
2011-07-12 00:00:00+09:00,208.38648986816406,208.38648986816406,208.38648986816406,208.38648986816406,3900,0.0,0.0
2011-07-13 00:00:00+09:00,208.38648986816406,208.38648986816406,208.38648986816406,208.38648986816406,3900,0.0,0.0
2011-07-14 00:00:00+09:00,208.38648986816406,208.38648986816406,208.38648986816406,208.38648986816406,3900,0.0,0.0
2011-07-15 00:00:00+09:00,210.8672332763672,210.8672332763672,210.8672332763672,210.8672332763672,28600,0.0,0.0
2011-07-19 00:00:00+09:00,217.06922912597656,217.06922912597656,217.06922912597656,217.06922912597656,7800,0.0,0.0
2011-07-20 00:00:00+09:00,223.2712227576361,223.2712227576361,213.3480682373047,213.3480682373047,2600,0.0,0.0
2011-07-21 00:00:00+09:00,213.3480682373047,213.3480682373047,213.3480682373047,213.3480682373047,1300,0.0,0.0
2011-07-22 00:00:00+09:00,213.34804119543628,223.2711944580078,213.34804119543628,223.2711944580078,1300,0.0,0.0
2011-07-25 00:00:00+09:00,238.15594153992134,259.86285400390625,237.53574755595233,259.86285400390625,18200,0.0,0.0
2011-07-26 00:00:00+09:00,254.28106689453125,254.28106689453125,254.28106689453125,254.28106689453125,18200,0.0,0.0
2011-07-27 00:00:00+09:00,254.28106689453125,254.28106689453125,254.28106689453125,254.28106689453125,18200,0.0,0.0
2011-07-28 00:00:00+09:00,254.28106689453125,254.28106689453125,254.28106689453125,254.28106689453125,18200,0.0,0.0
2011-07-29 00:00:00+09:00,254.28106689453125,254.28106689453125,254.28106689453125,254.28106689453125,18200,0.0,0.0
2011-08-01 00:00:00+09:00,254.28106689453125,254.28106689453125,254.28106689453125,254.28106689453125,18200,0.0,0.0
2011-08-02 00:00:00+09:00,254.28106689453125,254.28106689453125,254.28106689453125,254.28106689453125,18200,0.0,0.0
2011-08-03 00:00:00+09:00,254.28106689453125,254.28106689453125,254.28106689453125,254.28106689453125,18200,0.0,0.0
2011-08-04 00:00:00+09:00,248.07912773989625,248.07912773989625,246.21852111816406,246.21852111816406,2600,0.0,0.0
2011-08-05 00:00:00+09:00,235.05491971150445,238.7761077880859,235.05491971150445,238.77610778808594,2600,0.0,0.0
2011-08-08 00:00:00+09:00,238.7761077880859,238.7761077880859,238.7761077880859,238.77610778808594,2600,0.0,0.0
2011-08-09 00:00:00+09:00,238.7761077880859,238.7761077880859,238.7761077880859,238.77610778808594,2600,0.0,0.0
2011-08-10 00:00:00+09:00,238.7761077880859,238.7761077880859,238.7761077880859,238.77610778808594,2600,0.0,0.0
2011-08-11 00:00:00+09:00,238.7761077880859,238.7761077880859,238.7761077880859,238.77610778808594,2600,0.0,0.0
2011-08-12 00:00:00+09:00,238.7761077880859,238.7761077880859,238.7761077880859,238.77610778808594,2600,0.0,0.0
2011-08-15 00:00:00+09:00,238.7761077880859,238.7761077880859,238.7761077880859,238.77610778808594,2600,0.0,0.0
2011-08-16 00:00:00+09:00,238.7761077880859,238.7761077880859,238.7761077880859,238.77610778808594,2600,0.0,0.0
2011-08-17 00:00:00+09:00,238.7761077880859,238.7761077880859,238.7761077880859,238.77610778808594,2600,0.0,0.0
2011-08-18 00:00:00+09:00,238.7761077880859,238.7761077880859,238.7761077880859,238.77610778808594,1300,0.0,0.0
2011-08-19 00:00:00+09:00,238.7761077880859,238.7761077880859,238.7761077880859,238.77610778808594,1300,0.0,0.0
2011-08-22 00:00:00+09:00,238.7761503571475,238.7761503571475,235.67515563964844,235.67515563964844,2600,0.0,0.0
2011-08-23 00:00:00+09:00,235.67515563964844,235.67515563964844,235.67515563964844,235.67515563964844,5200,0.0,0.0
2011-08-24 00:00:00+09:00,235.67515563964844,235.67515563964844,235.67515563964844,235.67515563964844,5200,0.0,0.0
2011-08-25 00:00:00+09:00,235.67515563964844,235.67515563964844,235.67515563964844,235.67515563964844,2600,0.0,0.0
2011-08-26 00:00:00+09:00,235.67515512403088,235.67515512403088,229.4731903076172,229.4731903076172,3900,0.0,0.0
2011-08-29 00:00:00+09:00,229.4731903076172,229.4731903076172,229.4731903076172,229.4731903076172,2600,0.0,0.0
2011-08-30 00:00:00+09:00,229.4731903076172,229.4731903076172,229.4731903076172,229.4731903076172,2600,0.0,0.0
2011-08-31 00:00:00+09:00,229.4731903076172,229.4731903076172,229.4731903076172,229.4731903076172,2600,0.0,0.0
2011-09-01 00:00:00+09:00,229.4731903076172,229.4731903076172,229.4731903076172,229.4731903076172,2600,0.0,0.0
2011-09-02 00:00:00+09:00,229.47319080966588,235.67515563964844,229.47319080966588,235.67515563964844,1300,0.0,0.0
2011-09-05 00:00:00+09:00,235.67515563964844,235.67515563964844,235.67515563964844,235.67515563964844,1300,0.0,0.0
2011-09-06 00:00:00+09:00,235.6751429187369,235.6751429187369,232.5741729736328,232.5741729736328,1300,0.0,0.0
2011-09-07 00:00:00+09:00,232.5741729736328,232.5741729736328,232.5741729736328,232.5741729736328,1300,0.0,0.0
2011-09-08 00:00:00+09:00,232.5741729736328,232.5741729736328,232.5741729736328,232.5741729736328,1300,0.0,0.0
2011-09-09 00:00:00+09:00,232.5741729736328,232.5741729736328,232.5741729736328,232.5741729736328,1300,0.0,0.0
2011-09-12 00:00:00+09:00,217.6893768310547,217.6893768310547,217.6893768310547,217.6893768310547,1300,0.0,0.0
2011-09-13 00:00:00+09:00,217.68943925240876,222.65101623535156,217.68943925240876,222.65101623535156,1300,0.0,0.0
2011-09-14 00:00:00+09:00,222.65101623535156,222.65101623535156,222.65101623535156,222.65101623535156,1300,0.0,0.0
2011-09-15 00:00:00+09:00,232.5741729736328,232.5741729736328,232.5741729736328,232.5741729736328,2600,0.0,0.0
2011-09-16 00:00:00+09:00,232.57417647090233,232.57417647090233,218.3096160888672,218.3096160888672,2600,0.0,0.0
2011-09-20 00:00:00+09:00,218.3096160888672,218.3096160888672,218.3096160888672,218.3096160888672,2600,0.0,0.0
2011-09-21 00:00:00+09:00,218.3096160888672,218.3096160888672,218.3096160888672,218.3096160888672,2600,0.0,0.0
2011-09-22 00:00:00+09:00,222.65101623535156,222.65101623535156,222.65101623535156,222.65101623535156,2600,0.0,0.0
2011-09-26 00:00:00+09:00,222.65101623535156,222.65101623535156,222.65101623535156,222.65101623535156,2600,0.0,0.0
2011-09-27 00:00:00+09:00,222.65101623535156,222.65101623535156,222.65101623535156,222.65101623535156,2600,0.0,0.0
2011-09-28 00:00:00+09:00,222.65101623535156,222.65101623535156,222.65101623535156,222.65101623535156,2600,0.0,0.0
2011-09-29 00:00:00+09:00,222.65101623535156,222.65101623535156,222.65101623535156,222.65101623535156,1300,0.0,0.0
2011-09-30 00:00:00+09:00,222.65101623535156,222.65101623535156,222.65101623535156,222.65101623535156,1300,0.0,0.0
2011-10-03 00:00:00+09:00,222.65101623535156,222.65101623535156,222.65101623535156,222.65101623535156,1300,0.0,0.0
2011-10-04 00:00:00+09:00,222.65101623535156,222.65101623535156,222.65101623535156,222.65101623535156,1300,0.0,0.0
2011-10-05 00:00:00+09:00,232.5741729736328,232.5741729736328,232.5741729736328,232.5741729736328,1300,0.0,0.0
2011-10-06 00:00:00+09:00,232.5741729736328,232.5741729736328,232.5741729736328,232.5741729736328,1300,0.0,0.0
2011-10-07 00:00:00+09:00,238.7761077880859,238.7761077880859,238.7761077880859,238.77610778808594,2600,0.0,0.0
2011-10-11 00:00:00+09:00,238.7761077880859,238.7761077880859,238.7761077880859,238.77610778808594,2600,0.0,0.0
2011-10-12 00:00:00+09:00,238.7761077880859,238.7761077880859,238.7761077880859,238.77610778808594,2600,0.0,0.0
2011-10-13 00:00:00+09:00,238.7761077880859,238.7761077880859,238.7761077880859,238.77610778808594,2600,0.0,0.0
2011-10-14 00:00:00+09:00,238.7761077880859,238.7761077880859,238.7761077880859,238.77610778808594,2600,0.0,0.0
2011-10-17 00:00:00+09:00,229.4731903076172,229.4731903076172,229.4731903076172,229.4731903076172,1300,0.0,0.0
2011-10-18 00:00:00+09:00,229.4731659294731,236.91554260253906,229.4731659294731,236.91554260253906,1300,0.0,0.0
2011-10-19 00:00:00+09:00,236.91554260253906,236.91554260253906,236.91554260253906,236.91554260253906,1300,0.0,0.0
2011-10-20 00:00:00+09:00,236.91554260253906,236.91554260253906,236.91554260253906,236.91554260253906,1300,0.0,0.0
2011-10-21 00:00:00+09:00,217.06926187556505,220.7904510498047,217.06926187556505,220.7904510498047,7800,0.0,0.0
2011-10-24 00:00:00+09:00,223.2711870150369,228.2327880859375,223.2711870150369,228.2327880859375,2600,0.0,0.0
2011-10-25 00:00:00+09:00,218.30960432523153,221.4105987548828,218.30960432523153,221.4105987548828,3900,0.0,0.0
2011-10-26 00:00:00+09:00,221.4105987548828,221.4105987548828,221.4105987548828,221.4105987548828,3900,0.0,0.0
2011-10-27 00:00:00+09:00,221.4105987548828,221.4105987548828,221.4105987548828,221.4105987548828,3900,0.0,0.0
2011-10-28 00:00:00+09:00,221.41063116515454,225.75201416015625,221.41063116515454,225.75201416015625,5200,0.0,0.0
2011-10-31 00:00:00+09:00,225.75201416015625,225.75201416015625,225.75201416015625,225.75201416015625,5200,0.0,0.0
2011-11-01 00:00:00+09:00,225.75201416015625,225.75201416015625,225.75201416015625,225.75201416015625,5200,0.0,0.0
2011-11-02 00:00:00+09:00,225.75201416015625,225.75201416015625,225.75201416015625,225.75201416015625,5200,0.0,0.0
2011-11-04 00:00:00+09:00,225.75201107657205,225.75201107657205,222.65101623535156,222.65101623535156,2600,0.0,0.0
2011-11-07 00:00:00+09:00,232.57412811677077,232.57412811677077,217.6893768310547,217.6893768310547,3900,0.0,0.0
2011-11-08 00:00:00+09:00,217.6893768310547,217.6893768310547,217.6893768310547,217.6893768310547,3900,0.0,0.0
2011-11-09 00:00:00+09:00,218.929810087214,218.929810087214,218.3096160888672,218.3096160888672,3900,0.0,0.0
2011-11-10 00:00:00+09:00,218.3096160888672,218.3096160888672,218.3096160888672,218.3096160888672,3900,0.0,0.0
2011-11-11 00:00:00+09:00,218.3096160888672,218.3096160888672,218.3096160888672,218.3096160888672,1300,0.0,0.0
2011-11-14 00:00:00+09:00,218.3096160888672,218.3096160888672,218.3096160888672,218.3096160888672,1300,0.0,0.0
2011-11-15 00:00:00+09:00,218.3096160888672,218.3096160888672,218.3096160888672,218.3096160888672,1300,0.0,0.0
2011-11-16 00:00:00+09:00,218.3096160888672,218.3096160888672,218.3096160888672,218.3096160888672,1300,0.0,0.0
2011-11-17 00:00:00+09:00,218.3096160888672,218.3096160888672,218.3096160888672,218.3096160888672,1300,0.0,0.0
2011-11-18 00:00:00+09:00,218.3096160888672,218.3096160888672,218.3096160888672,218.3096160888672,1300,0.0,0.0
2011-11-21 00:00:00+09:00,218.3096160888672,218.3096160888672,218.3096160888672,218.3096160888672,1300,0.0,0.0
2011-11-22 00:00:00+09:00,218.3096160888672,218.3096160888672,218.3096160888672,218.3096160888672,1300,0.0,0.0
2011-11-24 00:00:00+09:00,218.3096160888672,218.3096160888672,218.3096160888672,218.3096160888672,1300,0.0,0.0
2011-11-25 00:00:00+09:00,217.6893768310547,217.6893768310547,217.6893768310547,217.6893768310547,1300,0.0,0.0
2011-11-28 00:00:00+09:00,217.6893768310547,217.6893768310547,217.6893768310547,217.6893768310547,1300,0.0,0.0
2011-11-29 00:00:00+09:00,217.6893768310547,217.6893768310547,217.6893768310547,217.6893768310547,1300,0.0,0.0
2011-11-30 00:00:00+09:00,217.6894098862752,222.0307922363281,217.6894098862752,222.03079223632812,1300,0.0,0.0
2011-12-01 00:00:00+09:00,222.0307922363281,222.0307922363281,222.0307922363281,222.03079223632812,1300,0.0,0.0
2011-12-02 00:00:00+09:00,222.0308240974376,226.99240112304688,222.0308240974376,226.99240112304688,1300,0.0,0.0
2011-12-05 00:00:00+09:00,229.4731903076172,229.4731903076172,229.4731903076172,229.4731903076172,5200,0.0,0.0
2011-12-06 00:00:00+09:00,229.4731903076172,229.4731903076172,229.4731903076172,229.4731903076172,5200,0.0,0.0
2011-12-07 00:00:00+09:00,229.4731903076172,229.4731903076172,229.4731903076172,229.4731903076172,1300,0.0,0.0
2011-12-08 00:00:00+09:00,229.4731903076172,229.4731903076172,229.4731903076172,229.4731903076172,1300,0.0,0.0
2011-12-09 00:00:00+09:00,229.4731903076172,229.4731903076172,229.4731903076172,229.4731903076172,1300,0.0,0.0
2011-12-12 00:00:00+09:00,229.4731903076172,229.4731903076172,229.4731903076172,229.4731903076172,1300,0.0,0.0
2011-12-13 00:00:00+09:00,229.4731903076172,229.4731903076172,229.4731903076172,229.4731903076172,1300,0.0,0.0
2011-12-14 00:00:00+09:00,235.67515563964844,235.67515563964844,235.67515563964844,235.67515563964844,1300,0.0,0.0
2011-12-15 00:00:00+09:00,235.67515563964844,235.67515563964844,235.67515563964844,235.67515563964844,1300,0.0,0.0
2011-12-16 00:00:00+09:00,235.67515563964844,235.67515563964844,235.67515563964844,235.67515563964844,1300,0.0,0.0
2011-12-19 00:00:00+09:00,235.67517020019181,235.67517020019181,230.09339904785153,230.09339904785156,1300,0.0,0.0
2011-12-20 00:00:00+09:00,230.09339904785153,230.09339904785153,230.09339904785153,230.09339904785156,1300,0.0,0.0
2011-12-21 00:00:00+09:00,230.09339904785153,230.09339904785153,230.09339904785153,230.09339904785156,1300,0.0,0.0
2011-12-22 00:00:00+09:00,230.09339904785153,230.09339904785153,229.47320498703786,230.09339904785156,5200,0.0,0.0
2011-12-26 00:00:00+09:00,230.09337003376473,230.09337003376473,228.2327880859375,228.2327880859375,11700,0.0,0.0
2011-12-27 00:00:00+09:00,228.2327880859375,228.2327880859375,228.2327880859375,228.2327880859375,11700,0.0,0.0
2011-12-28 00:00:00+09:00,228.2327880859375,228.2327880859375,228.2327880859375,228.2327880859375,11700,0.0,0.0
2011-12-29 00:00:00+09:00,228.2327880859375,228.2327880859375,228.2327880859375,228.2327880859375,1300,0.0,0.0
2011-12-30 00:00:00+09:00,228.2327880859375,228.2327880859375,228.2327880859375,228.2327880859375,1300,0.0,0.0
2012-01-04 00:00:00+09:00,228.2327880859375,228.2327880859375,228.2327880859375,228.2327880859375,1300,0.0,0.0
2012-01-05 00:00:00+09:00,242.4973602294922,242.4973602294922,242.4973602294922,242.4973602294922,1300,0.0,0.0
2012-01-06 00:00:00+09:00,242.4973602294922,242.4973602294922,242.4973602294922,242.4973602294922,1300,0.0,0.0
2012-01-10 00:00:00+09:00,242.4973602294922,242.4973602294922,242.4973602294922,242.4973602294922,1300,0.0,0.0
2012-01-11 00:00:00+09:00,242.4973602294922,242.4973602294922,242.4973602294922,242.4973602294922,1300,0.0,0.0
2012-01-12 00:00:00+09:00,240.63674926757812,240.63674926757812,240.63674926757812,240.63674926757812,1300,0.0,0.0
2012-01-13 00:00:00+09:00,242.4973602294922,242.4973602294922,242.4973602294922,242.4973602294922,7800,0.0,0.0
2012-01-16 00:00:00+09:00,242.4973602294922,242.4973602294922,242.4973602294922,242.4973602294922,7800,0.0,0.0
2012-01-17 00:00:00+09:00,242.4973602294922,242.4973602294922,242.4973602294922,242.4973602294922,7800,0.0,0.0
2012-01-18 00:00:00+09:00,242.49737612402996,242.49737612402996,241.8771820068359,241.87718200683594,1300,0.0,0.0
2012-01-19 00:00:00+09:00,241.8771820068359,241.8771820068359,241.8771820068359,241.87718200683594,1300,0.0,0.0
2012-01-20 00:00:00+09:00,241.8771820068359,241.8771820068359,241.8771820068359,241.87718200683594,1300,0.0,0.0
2012-01-23 00:00:00+09:00,241.8771820068359,241.8771820068359,241.8771820068359,241.87718200683594,1300,0.0,0.0
2012-01-24 00:00:00+09:00,241.87714507464653,241.87714507464653,232.57418552716493,235.67515563964844,10400,0.0,0.0
2012-01-25 00:00:00+09:00,238.77616759732786,238.77616759732786,233.81459045410156,233.81459045410156,2600,0.0,0.0
2012-01-26 00:00:00+09:00,233.81453188764772,238.7761077880859,233.81453188764772,238.77610778808594,1300,0.0,0.0
2012-01-27 00:00:00+09:00,238.77615918576643,245.5983428955078,238.77615918576643,245.5983428955078,5200,0.0,0.0
2012-01-30 00:00:00+09:00,245.5983428955078,245.5983428955078,245.5983428955078,245.5983428955078,5200,0.0,0.0
2012-01-31 00:00:00+09:00,245.5983428955078,245.5983428955078,245.5983428955078,245.5983428955078,1300,0.0,0.0
2012-02-01 00:00:00+09:00,245.5983428955078,245.5983428955078,245.5983428955078,245.5983428955078,1300,0.0,0.0
2012-02-02 00:00:00+09:00,245.5983428955078,245.5983428955078,245.5983428955078,245.5983428955078,1300,0.0,0.0
2012-02-03 00:00:00+09:00,240.63674926757812,240.63674926757812,240.63674926757812,240.63674926757812,3900,0.0,0.0
2012-02-06 00:00:00+09:00,240.63674926757812,240.63674926757812,240.63674926757812,240.63674926757812,1300,0.0,0.0
2012-02-07 00:00:00+09:00,255.52148069569074,272.8870358960882,255.52148069569074,269.7860412597656,74100,0.0,0.0
2012-02-08 00:00:00+09:00,266.0648766786157,266.0648766786157,257.3821105957031,257.3821105957031,14300,0.0,0.0
2012-02-09 00:00:00+09:00,256.1417029952071,256.1417029952071,255.521484375,255.521484375,5200,0.0,0.0
2012-02-10 00:00:00+09:00,259.8628243498294,259.8628243498294,258.6224365234375,258.6224365234375,7800,0.0,0.0
2012-02-13 00:00:00+09:00,260.4830608459211,266.685025010936,260.4830608459211,262.9638366699219,7800,0.0,0.0
2012-02-14 00:00:00+09:00,262.96385244046024,266.0648470114478,262.3436584472656,262.3436584472656,6500,0.0,0.0
2012-02-15 00:00:00+09:00,261.7235107421875,261.7235107421875,261.7235107421875,261.7235107421875,1300,0.0,0.0
2012-02-16 00:00:00+09:00,261.7235107421875,261.7235107421875,261.7235107421875,261.7235107421875,1300,0.0,0.0
2012-02-17 00:00:00+09:00,262.34364271392167,262.9638366699219,262.34364271392167,262.9638366699219,3900,0.0,0.0
2012-02-20 00:00:00+09:00,263.5841255231346,265.4447326660156,263.5841255231346,265.4447326660156,2600,0.0,0.0
2012-02-21 00:00:00+09:00,266.06489376767024,267.92547607421875,266.06489376767024,267.92547607421875,6500,0.0,0.0
2012-02-22 00:00:00+09:00,271.0264476931003,272.8870544433594,271.0264476931003,272.8870544433594,13000,0.0,0.0
2012-02-23 00:00:00+09:00,272.88705468083526,279.0890197753906,272.88705468083526,279.0890197753906,9100,0.0,0.0
2012-02-24 00:00:00+09:00,279.0890197753906,279.0890197753906,279.0890197753906,279.0890197753906,1300,0.0,0.0
2012-02-27 00:00:00+09:00,279.0890197753906,279.0890197753906,279.0890197753906,279.0890197753906,1300,0.0,0.0
2012-02-28 00:00:00+09:00,279.0890197753906,279.0890197753906,279.0890197753906,279.0890197753906,1300,0.0,0.0
2012-02-29 00:00:00+09:00,279.0890379077276,282.1900329589844,279.0890379077276,282.1900329589844,1300,0.0,0.0
2012-03-01 00:00:00+09:00,282.19002070836564,285.291015625,282.19002070836564,285.291015625,1300,0.0,0.0
2012-03-02 00:00:00+09:00,285.2910314991761,285.2910314991761,284.67083740234375,284.67083740234375,2600,0.0,0.0
2012-03-05 00:00:00+09:00,285.2910092266924,285.2910092266924,272.8870544433594,272.8870544433594,9100,0.0,0.0
2012-03-06 00:00:00+09:00,282.8101477043473,287.77172363135077,277.84857177734375,277.84857177734375,10400,0.0,0.0
2012-03-07 00:00:00+09:00,282.19004961940254,289.6324283398074,282.19004961940254,286.53143310546875,5200,0.0,0.0
2012-03-08 00:00:00+09:00,286.531368173242,286.531368173242,284.0505676269531,284.0505676269531,2600,0.0,0.0
2012-03-09 00:00:00+09:00,282.1900329589844,283.4304211374798,282.1900329589844,282.1900329589844,14300,0.0,0.0
2012-03-12 00:00:00+09:00,294.5939025878906,294.5939025878906,291.49290844159447,294.5939025878906,18200,0.0,0.0
2012-03-13 00:00:00+09:00,306.9978973229545,341.1087884727353,306.9978973229545,334.90679931640625,49400,0.0,0.0
2012-03-14 00:00:00+09:00,334.90685817205906,341.10884841830955,323.12309638819806,331.1856689453125,19500,0.0,0.0
2012-03-15 00:00:00+09:00,331.1855717291869,331.1855717291869,313.8200435051881,322.5028076171875,19500,0.0,0.0
2012-03-16 00:00:00+09:00,318.1614255611878,327.46438359475695,317.54123163961805,322.5028076171875,14300,0.0,0.0
2012-03-19 00:00:00+09:00,327.4644401958931,338.0078125,326.8442461671249,338.0078125,10400,0.0,0.0
2012-03-21 00:00:00+09:00,340.4886270137581,360.9551799013241,340.4886270137581,354.13299560546875,48100,0.0,0.0
2012-03-22 00:00:00+09:00,356.6137113380585,365.91669505127885,354.75312935842305,360.33489990234375,36400,0.0,0.0
2012-03-23 00:00:00+09:00,362.8157190609639,363.4359130859375,362.8157190609639,363.4359130859375,13000,0.0,0.0
2012-03-26 00:00:00+09:00,362.81567943776304,362.81567943776304,344.20973769543684,352.2723083496094,18200,0.0,0.0
2012-03-27 00:00:00+09:00,350.4117918919537,360.3349462702841,349.79159781893526,359.7147521972656,16900,0.0,0.0
2012-03-28 00:00:00+09:00,343.9377646847963,352.14178466796875,343.9377646847963,352.14178466796875,5200,7.692308,0.0
2012-03-29 00:00:00+09:00,351.51069402420524,351.51069402420524,337.626953125,337.626953125,3900,0.0,0.0
2012-03-30 00:00:00+09:00,334.4716277457901,334.4716277457901,321.8500342127253,326.898681640625,18200,0.0,0.0
2012-04-02 00:00:00+09:00,309.2284523989037,318.6946471410248,309.2284523989037,314.277099609375,19500,0.0,0.0
2012-04-03 00:00:00+09:00,314.2770815915054,314.2770815915054,302.91766357421875,302.91766357421875,10400,0.0,0.0
2012-04-04 00:00:00+09:00,299.7622789475624,299.7622789475624,293.4515075683594,293.4515075683594,6500,0.0,0.0
2012-04-05 00:00:00+09:00,285.2474365234375,287.7717346115431,283.9852624427061,285.2474365234375,29900,0.0,0.0
2012-04-06 00:00:00+09:00,284.61639404296875,289.0339416197468,284.61639404296875,284.61639404296875,10400,0.0,0.0
2012-04-09 00:00:00+09:00,284.61639404296875,285.2474937282373,282.723170097214,284.61639404296875,7800,0.0,0.0
2012-04-10 00:00:00+09:00,285.87850096095053,294.7135940310149,285.87850096095053,294.08251953125,14300,0.0,0.0
2012-04-11 00:00:00+09:00,287.7718505859375,287.7718505859375,287.7718505859375,287.7718505859375,1300,0.0,0.0
2012-04-12 00:00:00+09:00,287.1407758095828,287.7718505859375,287.1407758095828,287.7718505859375,3900,0.0,0.0
2012-04-13 00:00:00+09:00,292.1893300187914,294.7136535644531,292.1893300187914,294.7136535644531,3900,0.0,0.0
2012-04-16 00:00:00+09:00,294.7136535644531,294.7136535644531,294.7136535644531,294.7136535644531,2600,0.0,0.0
2012-04-17 00:00:00+09:00,299.76226806640625,299.76226806640625,299.76226806640625,299.76226806640625,5200,0.0,0.0
2012-04-18 00:00:00+09:00,299.76226806640625,299.76226806640625,299.76226806640625,299.76226806640625,5200,0.0,0.0
2012-04-19 00:00:00+09:00,299.762215065812,299.762215065812,294.08251953125,294.08251953125,9100,0.0,0.0
2012-04-20 00:00:00+09:00,294.08257311369306,299.1311950683594,294.08257311369306,299.1311950683594,1300,0.0,0.0
2012-04-23 00:00:00+09:00,305.4419898993204,306.0730895996094,305.4419898993204,306.0730895996094,6500,0.0,0.0
2012-04-24 00:00:00+09:00,306.0730895996094,306.0730895996094,306.0730895996094,306.0730895996094,6500,0.0,0.0
2012-04-25 00:00:00+09:00,306.0730895996094,306.0730895996094,306.0730895996094,306.0730895996094,5200,0.0,0.0
2012-04-26 00:00:00+09:00,306.0730984128711,306.0730984128711,296.6069030761719,296.6069030761719,1300,0.0,0.0
2012-04-27 00:00:00+09:00,299.1311950683594,299.1311950683594,299.1311950683594,299.1311950683594,1300,0.0,0.0
2012-05-01 00:00:00+09:00,307.9662740498732,311.75274658203125,307.9662740498732,311.75274658203125,19500,0.0,0.0
2012-05-02 00:00:00+09:00,312.3838612723408,312.3838612723408,306.0730895996094,306.0730895996094,2600,0.0,0.0
2012-05-07 00:00:00+09:00,302.2865925372751,302.2865925372751,297.2379455566406,297.2379455566406,2600,0.0,0.0
2012-05-08 00:00:00+09:00,297.2379455566406,297.2379455566406,297.2379455566406,297.2379455566406,2600,0.0,0.0
2012-05-09 00:00:00+09:00,297.2379455566406,297.2379455566406,297.2379455566406,297.2379455566406,2600,0.0,0.0
2012-05-10 00:00:00+09:00,297.2379455566406,297.2379455566406,297.2379455566406,297.2379455566406,2600,0.0,0.0
2012-05-11 00:00:00+09:00,299.13120431331043,299.7622789475624,293.4515075683594,293.4515075683594,3900,0.0,0.0
2012-05-14 00:00:00+09:00,273.25691116653906,273.25691116653906,253.69347825801674,257.4799499511719,31200,0.0,0.0
2012-05-15 00:00:00+09:00,252.43142038388427,252.43142038388427,240.4409265386321,242.96522521972656,15600,0.0,0.0
2012-05-16 00:00:00+09:00,242.9652011408871,242.9652011408871,240.4409027099609,240.44090270996094,1300,0.0,0.0
2012-05-17 00:00:00+09:00,239.17869720593734,239.17869720593734,237.28547363011754,238.54762268066406,9100,0.0,0.0
2012-05-18 00:00:00+09:00,238.54764769176776,238.54764769176776,230.3436279296875,230.3436279296875,6500,0.0,0.0
2012-05-21 00:00:00+09:00,227.188232421875,227.188232421875,227.188232421875,227.188232421875,5200,0.0,0.0
2012-05-22 00:00:00+09:00,227.81933205690217,227.81933205690217,227.188232421875,227.188232421875,10400,0.0,0.0
2012-05-23 00:00:00+09:00,227.188232421875,227.188232421875,227.188232421875,227.188232421875,10400,0.0,0.0
2012-05-24 00:00:00+09:00,227.188232421875,227.188232421875,227.188232421875,227.188232421875,3900,0.0,0.0
2012-05-25 00:00:00+09:00,247.3826837571997,257.4799499511719,247.3826837571997,257.4799499511719,2600,0.0,0.0
2012-05-28 00:00:00+09:00,249.27598571777344,249.27598571777344,249.27598571777344,249.27598571777344,1300,0.0,0.0
2012-05-29 00:00:00+09:00,249.27598571777344,249.27598571777344,249.27598571777344,249.27598571777344,1300,0.0,0.0
2012-05-30 00:00:00+09:00,249.27601083752688,249.27601083752688,239.1787414550781,239.17874145507812,1300,0.0,0.0
2012-05-31 00:00:00+09:00,234.76121520996094,234.76121520996094,234.76121520996094,234.76121520996094,1300,0.0,0.0
2012-06-01 00:00:00+09:00,234.76121520996094,234.76121520996094,234.76121520996094,234.76121520996094,1300,0.0,0.0
2012-06-04 00:00:00+09:00,233.49899291992185,233.49899291992185,233.49899291992185,233.49899291992188,2600,0.0,0.0
2012-06-05 00:00:00+09:00,236.65444946289062,236.65444946289062,236.65444946289062,236.65444946289062,2600,0.0,0.0
2012-06-06 00:00:00+09:00,236.65444946289062,236.65444946289062,236.65444946289062,236.65444946289062,1300,0.0,0.0
2012-06-07 00:00:00+09:00,236.65444946289062,236.65444946289062,236.65444946289062,236.65444946289062,1300,0.0,0.0
2012-06-08 00:00:00+09:00,236.65444946289062,236.65444946289062,236.65444946289062,236.65444946289062,1300,0.0,0.0
2012-06-11 00:00:00+09:00,250.53816667123226,280.8299255371094,250.53816667123226,280.8299255371094,5200,0.0,0.0
2012-06-12 00:00:00+09:00,280.8299255371094,280.8299255371094,280.8299255371094,280.8299255371094,5200,0.0,0.0
2012-06-13 00:00:00+09:00,280.8299255371094,280.8299255371094,280.8299255371094,280.8299255371094,5200,0.0,0.0
2012-06-14 00:00:00+09:00,280.8299255371094,280.8299255371094,280.8299255371094,280.8299255371094,5200,0.0,0.0
2012-06-15 00:00:00+09:00,280.8299255371094,280.8299255371094,280.8299255371094,280.8299255371094,5200,0.0,0.0
2012-06-18 00:00:00+09:00,274.5191650390625,274.5191650390625,274.5191650390625,274.5191650390625,5200,0.0,0.0
2012-06-19 00:00:00+09:00,274.5191650390625,274.5191650390625,274.5191650390625,274.5191650390625,5200,0.0,0.0
2012-06-20 00:00:00+09:00,256.8489074707031,257.47998199198065,256.8489074707031,256.8489074707031,3900,0.0,0.0
2012-06-21 00:00:00+09:00,258.11112930211385,258.11112930211385,234.76121520996094,234.76121520996094,13000,0.0,0.0
2012-06-22 00:00:00+09:00,237.91653947228886,237.91653947228886,231.60574437652008,233.49899291992188,18200,0.0,0.0
2012-06-25 00:00:00+09:00,233.49899291992185,233.49899291992185,233.49899291992185,233.49899291992188,3900,0.0,0.0
2012-06-26 00:00:00+09:00,233.49899291992185,233.49899291992185,233.49899291992185,233.49899291992188,3900,0.0,0.0
2012-06-27 00:00:00+09:00,233.4990511284037,236.65444946289062,233.4990511284037,236.65444946289062,1300,0.0,0.0
2012-06-28 00:00:00+09:00,236.65438894739404,236.65438894739404,234.13006591796875,234.13006591796875,1300,0.0,0.0
2012-06-29 00:00:00+09:00,234.1300694919575,243.5962371826172,234.1300694919575,243.5962371826172,2600,0.0,0.0
2012-07-02 00:00:00+09:00,243.5962371826172,243.5962371826172,243.5962371826172,243.5962371826172,1300,0.0,0.0
2012-07-03 00:00:00+09:00,243.5962371826172,243.5962371826172,243.5962371826172,243.5962371826172,1300,0.0,0.0
2012-07-04 00:00:00+09:00,243.5962371826172,243.5962371826172,243.5962371826172,243.5962371826172,1300,0.0,0.0
2012-07-05 00:00:00+09:00,243.5962371826172,243.5962371826172,243.5962371826172,243.5962371826172,1300,0.0,0.0
2012-07-06 00:00:00+09:00,243.5962371826172,243.5962371826172,243.5962371826172,243.5962371826172,1300,0.0,0.0
2012-07-09 00:00:00+09:00,245.489501953125,245.489501953125,245.489501953125,245.489501953125,1300,0.0,0.0
2012-07-10 00:00:00+09:00,241.70305031152557,241.70305031152557,241.0719757080078,241.0719757080078,5200,0.0,0.0
2012-07-11 00:00:00+09:00,241.0719757080078,241.0719757080078,241.0719757080078,241.0719757080078,5200,0.0,0.0
2012-07-12 00:00:00+09:00,241.07197731769247,241.07197731769247,240.4409027099609,240.44090270996094,2600,0.0,0.0
2012-07-13 00:00:00+09:00,241.0719757080078,241.0719757080078,241.0719757080078,241.0719757080078,2600,0.0,0.0
2012-07-17 00:00:00+09:00,241.07200410430517,241.07200410430517,239.80982971191406,239.80982971191406,5200,0.0,0.0
2012-07-18 00:00:00+09:00,239.80980306554733,240.4409027099609,239.80980306554733,240.44090270996094,1300,0.0,0.0
2012-07-19 00:00:00+09:00,240.4409027099609,240.4409027099609,240.4409027099609,240.44090270996094,1300,0.0,0.0
2012-07-20 00:00:00+09:00,239.80982971191406,239.80982971191406,239.80982971191406,239.80982971191406,2600,0.0,0.0
2012-07-23 00:00:00+09:00,244.2273737622784,246.12059757283163,241.0719757080078,241.0719757080078,5200,0.0,0.0
2012-07-24 00:00:00+09:00,241.0719757080078,241.0719757080078,239.80980146429044,241.0719757080078,5200,0.0,0.0
2012-07-25 00:00:00+09:00,246.12062635381125,251.80032348632812,246.12062635381125,251.80032348632812,33800,0.0,0.0
2012-07-26 00:00:00+09:00,251.80032348632812,251.80032348632812,251.80032348632812,251.80032348632812,33800,0.0,0.0
2012-07-27 00:00:00+09:00,251.80032348632812,251.80032348632812,251.80032348632812,251.80032348632812,33800,0.0,0.0
2012-07-30 00:00:00+09:00,242.3341064453125,242.3341064453125,242.3341064453125,242.3341064453125,1300,0.0,0.0
2012-07-31 00:00:00+09:00,242.3341064453125,242.3341064453125,242.3341064453125,242.3341064453125,1300,0.0,0.0
2012-08-01 00:00:00+09:00,242.33409960963718,247.38272094726562,242.33409960963718,247.38272094726562,1300,0.0,0.0
2012-08-02 00:00:00+09:00,247.38272094726562,247.38272094726562,247.38272094726562,247.38272094726562,1300,0.0,0.0
2012-08-03 00:00:00+09:00,247.38272094726562,247.38272094726562,247.38272094726562,247.38272094726562,1300,0.0,0.0
2012-08-06 00:00:00+09:00,247.38275471627713,247.38275471627713,246.12060546875,246.12060546875,2600,0.0,0.0
2012-08-07 00:00:00+09:00,243.5962762013436,250.53814697265625,241.7030523746304,250.53814697265625,6500,0.0,0.0
2012-08-08 00:00:00+09:00,250.53814697265625,250.53814697265625,250.53814697265625,250.53814697265625,6500,0.0,0.0
2012-08-09 00:00:00+09:00,250.53817133637892,250.53817133637892,242.96522521972653,242.96522521972656,1300,0.0,0.0
2012-08-10 00:00:00+09:00,242.96522521972653,242.96522521972653,242.96522521972653,242.96522521972656,1300,0.0,0.0
2012-08-13 00:00:00+09:00,242.96522521972653,242.96522521972653,242.96522521972653,242.96522521972656,1300,0.0,0.0
2012-08-14 00:00:00+09:00,242.96522521972653,242.96522521972653,242.96522521972653,242.96522521972656,1300,0.0,0.0
2012-08-15 00:00:00+09:00,242.96522521972653,242.96522521972653,242.96522521972653,242.96522521972656,1300,0.0,0.0
2012-08-16 00:00:00+09:00,242.96522521972653,242.96522521972653,242.96522521972653,242.96522521972656,1300,0.0,0.0
2012-08-17 00:00:00+09:00,242.96522521972653,242.96522521972653,242.96522521972653,242.96522521972656,1300,0.0,0.0
2012-08-20 00:00:00+09:00,242.96522521972653,242.96522521972653,242.96522521972653,242.96522521972656,1300,0.0,0.0
2012-08-21 00:00:00+09:00,242.96522521972653,242.96522521972653,242.96522521972653,242.96522521972656,1300,0.0,0.0
2012-08-22 00:00:00+09:00,242.96522521972653,242.96522521972653,242.96522521972653,242.96522521972656,1300,0.0,0.0
2012-08-23 00:00:00+09:00,242.96522521972653,242.96522521972653,242.96522521972653,242.96522521972656,1300,0.0,0.0
2012-08-24 00:00:00+09:00,248.0137939453125,248.0137939453125,248.0137939453125,248.0137939453125,1300,0.0,0.0
2012-08-27 00:00:00+09:00,248.0137939453125,248.0137939453125,248.0137939453125,248.0137939453125,1300,0.0,0.0
2012-08-28 00:00:00+09:00,248.0137939453125,248.0137939453125,248.0137939453125,248.0137939453125,1300,0.0,0.0
2012-08-29 00:00:00+09:00,246.12060546875,246.12060546875,246.12060546875,246.12060546875,1300,0.0,0.0
2012-08-30 00:00:00+09:00,246.12060546875,246.12060546875,246.12060546875,246.12060546875,1300,0.0,0.0
2012-08-31 00:00:00+09:00,246.12060546875,246.12060546875,246.12060546875,246.12060546875,1300,0.0,0.0
2012-09-03 00:00:00+09:00,246.12060546875,246.12060546875,246.12060546875,246.12060546875,1300,0.0,0.0
2012-09-04 00:00:00+09:00,246.12060546875,246.12060546875,246.12060546875,246.12060546875,1300,0.0,0.0
2012-09-05 00:00:00+09:00,246.12063428671965,249.27603281168197,246.12063428671965,246.751708984375,3900,0.0,0.0
2012-09-06 00:00:00+09:00,246.751708984375,246.751708984375,246.751708984375,246.751708984375,3900,0.0,0.0
2012-09-07 00:00:00+09:00,246.751708984375,246.751708984375,246.751708984375,246.751708984375,3900,0.0,0.0
2012-09-10 00:00:00+09:00,246.751708984375,246.751708984375,246.751708984375,246.751708984375,3900,0.0,0.0
2012-09-11 00:00:00+09:00,246.751708984375,246.751708984375,246.751708984375,246.751708984375,3900,0.0,0.0
2012-09-12 00:00:00+09:00,246.75168983174925,252.43141174316406,246.75168983174925,252.43141174316406,1300,0.0,0.0
2012-09-13 00:00:00+09:00,247.38272094726562,247.38272094726562,247.38272094726562,247.38272094726562,5200,0.0,0.0
2012-09-14 00:00:00+09:00,250.53813329026048,250.53813329026048,249.9070587158203,249.9070587158203,3900,0.0,0.0
2012-09-18 00:00:00+09:00,250.538168471885,260.63543819087056,250.538168471885,258.1111145019531,3900,0.0,0.0
2012-09-19 00:00:00+09:00,254.95568847656247,254.95568847656247,254.95568847656247,254.9556884765625,1300,0.0,0.0
2012-09-20 00:00:00+09:00,254.95565948373368,254.95565948373368,254.3245849609375,254.3245849609375,1300,0.0,0.0
2012-09-21 00:00:00+09:00,254.3245849609375,254.3245849609375,254.3245849609375,254.3245849609375,1300,0.0,0.0
2012-09-24 00:00:00+09:00,254.3245849609375,254.3245849609375,254.3245849609375,254.3245849609375,1300,0.0,0.0
2012-09-25 00:00:00+09:00,264.421875,264.421875,264.421875,264.421875,2600,0.0,0.0
2012-09-26 00:00:00+09:00,264.421875,264.421875,264.421875,264.421875,2600,0.0,0.0
2012-09-27 00:00:00+09:00,264.421875,264.421875,264.421875,264.421875,2600,0.0,0.0
2012-09-28 00:00:00+09:00,264.421875,264.421875,264.421875,264.421875,2600,0.0,0.0
2012-10-01 00:00:00+09:00,264.421875,264.421875,264.421875,264.421875,2600,0.0,0.0
2012-10-02 00:00:00+09:00,264.421875,264.421875,264.421875,264.421875,2600,0.0,0.0
2012-10-03 00:00:00+09:00,254.95569168547468,254.95569168547468,253.69354248046875,253.69354248046875,5200,0.0,0.0
2012-10-04 00:00:00+09:00,253.69354248046875,253.69354248046875,253.69354248046875,253.69354248046875,5200,0.0,0.0
2012-10-05 00:00:00+09:00,255.5867919921875,255.5867919921875,255.5867919921875,255.5867919921875,1300,0.0,0.0
2012-10-09 00:00:00+09:00,253.69354248046875,253.69354248046875,253.69354248046875,253.69354248046875,1300,0.0,0.0
2012-10-10 00:00:00+09:00,253.69354248046875,253.69354248046875,253.69354248046875,253.69354248046875,1300,0.0,0.0
2012-10-11 00:00:00+09:00,253.69354248046875,253.69354248046875,253.69354248046875,253.69354248046875,1300,0.0,0.0
2012-10-12 00:00:00+09:00,253.69354248046875,253.69354248046875,253.69354248046875,253.69354248046875,1300,0.0,0.0
2012-10-15 00:00:00+09:00,253.69354248046875,253.69354248046875,253.69354248046875,253.69354248046875,1300,0.0,0.0
2012-10-16 00:00:00+09:00,253.69354248046875,253.69354248046875,253.69354248046875,253.69354248046875,1300,0.0,0.0
2012-10-17 00:00:00+09:00,253.69354248046875,253.69354248046875,253.69354248046875,253.69354248046875,1300,0.0,0.0
2012-10-18 00:00:00+09:00,253.06243896484375,253.06243896484375,253.06243896484375,253.06243896484375,2600,0.0,0.0
2012-10-19 00:00:00+09:00,253.06243896484375,253.06243896484375,253.06243896484375,253.06243896484375,2600,0.0,0.0
2012-10-22 00:00:00+09:00,253.06243896484375,253.06243896484375,253.06243896484375,253.06243896484375,1300,0.0,0.0
2012-10-23 00:00:00+09:00,258.7421875,258.7421875,258.7421875,258.7421875,3900,0.0,0.0
2012-10-24 00:00:00+09:00,258.7421875,258.7421875,258.7421875,258.7421875,3900,0.0,0.0
2012-10-25 00:00:00+09:00,257.4799499511719,257.4799499511719,257.4799499511719,257.4799499511719,1300,0.0,0.0
2012-10-26 00:00:00+09:00,257.4799499511719,257.4799499511719,257.4799499511719,257.4799499511719,1300,0.0,0.0
2012-10-29 00:00:00+09:00,261.8975830078125,261.8975830078125,261.8975830078125,261.8975830078125,1300,0.0,0.0
2012-10-30 00:00:00+09:00,261.8975830078125,261.8975830078125,261.8975830078125,261.8975830078125,1300,0.0,0.0
2012-10-31 00:00:00+09:00,261.8975830078125,261.8975830078125,261.8975830078125,261.8975830078125,1300,0.0,0.0
2012-11-01 00:00:00+09:00,264.42181496055423,266.3150634765625,264.42181496055423,266.3150634765625,3900,0.0,0.0
2012-11-02 00:00:00+09:00,266.3150634765625,266.3150634765625,266.3150634765625,266.3150634765625,3900,0.0,0.0
2012-11-05 00:00:00+09:00,266.3150634765625,266.3150634765625,266.3150634765625,266.3150634765625,5200,0.0,0.0
2012-11-06 00:00:00+09:00,266.3150634765625,266.3150634765625,266.3150634765625,266.3150634765625,5200,0.0,0.0
2012-11-07 00:00:00+09:00,266.3150634765625,266.3150634765625,266.3150634765625,266.3150634765625,5200,0.0,0.0
2012-11-08 00:00:00+09:00,268.2083435058594,268.2083435058594,268.2083435058594,268.2083435058594,1300,0.0,0.0
2012-11-09 00:00:00+09:00,268.2083435058594,268.2083435058594,268.2083435058594,268.2083435058594,1300,0.0,0.0
2012-11-12 00:00:00+09:00,268.2082995724894,268.2082995724894,254.3245849609375,254.3245849609375,5200,0.0,0.0
2012-11-13 00:00:00+09:00,244.2274017333984,244.2274017333984,244.2274017333984,244.22740173339844,3900,0.0,0.0
2012-11-14 00:00:00+09:00,244.2274017333984,244.2274017333984,244.2274017333984,244.22740173339844,3900,0.0,0.0
2012-11-15 00:00:00+09:00,244.22739123706148,252.43141174316406,244.22739123706148,252.43141174316406,3900,0.0,0.0
2012-11-16 00:00:00+09:00,252.43141174316406,252.43141174316406,252.43141174316406,252.43141174316406,3900,0.0,0.0
2012-11-19 00:00:00+09:00,252.43141174316406,252.43141174316406,252.43141174316406,252.43141174316406,3900,0.0,0.0
2012-11-20 00:00:00+09:00,252.43141174316406,252.43141174316406,252.43141174316406,252.43141174316406,3900,0.0,0.0
2012-11-21 00:00:00+09:00,252.43141174316406,252.43141174316406,252.43141174316406,252.43141174316406,3900,0.0,0.0
2012-11-22 00:00:00+09:00,255.58679032837276,256.2178649902344,255.58679032837276,256.2178649902344,3900,0.0,0.0
2012-11-26 00:00:00+09:00,256.2178649902344,256.2178649902344,256.2178649902344,256.2178649902344,3900,0.0,0.0
2012-11-27 00:00:00+09:00,256.2178649902344,256.2178649902344,256.2178649902344,256.2178649902344,3900,0.0,0.0
2012-11-28 00:00:00+09:00,256.2178649902344,256.2178649902344,256.2178649902344,256.2178649902344,3900,0.0,0.0
2012-11-29 00:00:00+09:00,253.69351349524462,253.69351349524462,253.06243896484375,253.06243896484375,2600,0.0,0.0
2012-11-30 00:00:00+09:00,253.06243896484375,253.06243896484375,253.06243896484375,253.06243896484375,2600,0.0,0.0
2012-12-03 00:00:00+09:00,254.95568847656247,254.95568847656247,254.95568847656247,254.9556884765625,2600,0.0,0.0
2012-12-04 00:00:00+09:00,256.8488755084253,257.4799499511719,256.8488755084253,257.4799499511719,2600,0.0,0.0
2012-12-05 00:00:00+09:00,257.48000230996183,263.1596984863281,257.48000230996183,263.1596984863281,3900,0.0,0.0
2012-12-06 00:00:00+09:00,263.1596984863281,263.1596984863281,263.1596984863281,263.1596984863281,3900,0.0,0.0
2012-12-07 00:00:00+09:00,263.1596984863281,263.1596984863281,263.1596984863281,263.1596984863281,3900,0.0,0.0
2012-12-10 00:00:00+09:00,265.0529479980469,265.0529479980469,265.0529479980469,265.0529479980469,5200,0.0,0.0
2012-12-11 00:00:00+09:00,265.0529479980469,265.0529479980469,265.0529479980469,265.0529479980469,5200,0.0,0.0
2012-12-12 00:00:00+09:00,263.79083251953125,263.79083251953125,263.79083251953125,263.79083251953125,1300,0.0,0.0
2012-12-13 00:00:00+09:00,265.0529479980469,265.0529479980469,265.0529479980469,265.0529479980469,5200,0.0,0.0
2012-12-14 00:00:00+09:00,265.0529479980469,265.0529479980469,265.0529479980469,265.0529479980469,2600,0.0,0.0
2012-12-17 00:00:00+09:00,265.0529479980469,265.0529479980469,265.0529479980469,265.0529479980469,2600,0.0,0.0
2012-12-18 00:00:00+09:00,265.0529479980469,265.0529479980469,265.0529479980469,265.0529479980469,1300,0.0,0.0
2012-12-19 00:00:00+09:00,265.0529479980469,265.0529479980469,265.0529479980469,265.0529479980469,7800,0.0,0.0
2012-12-20 00:00:00+09:00,267.5772399902344,267.5772399902344,267.5772399902344,267.5772399902344,1300,0.0,0.0
2012-12-21 00:00:00+09:00,268.20836770884637,272.62591552734375,268.20836770884637,272.62591552734375,5200,0.0,0.0
2012-12-25 00:00:00+09:00,287.1406884862065,292.1893101983782,283.98529052734375,283.98529052734375,3900,0.0,0.0
2012-12-26 00:00:00+09:00,283.98529052734375,283.98529052734375,283.98529052734375,283.98529052734375,0,0.0,0.0
2012-12-27 00:00:00+09:00,283.98529052734375,283.98529052734375,283.98529052734375,283.98529052734375,3900,0.0,0.0
2012-12-28 00:00:00+09:00,283.98529052734375,283.98529052734375,283.98529052734375,283.98529052734375,3900,0.0,0.0
2013-01-04 00:00:00+09:00,283.98529052734375,283.98529052734375,283.98529052734375,283.98529052734375,1300,0.0,0.0
2013-01-07 00:00:00+09:00,297.8690185546875,297.8690185546875,297.8690185546875,297.8690185546875,1300,0.0,0.0
2013-01-08 00:00:00+09:00,283.98529052734375,283.98529052734375,283.98529052734375,283.98529052734375,2600,0.0,0.0
2013-01-09 00:00:00+09:00,290.296142578125,290.296142578125,290.296142578125,290.296142578125,6500,0.0,0.0
2013-01-10 00:00:00+09:00,306.7041642632141,306.7041642632141,306.0730895996094,306.0730895996094,3900,0.0,0.0
2013-01-11 00:00:00+09:00,288.40280097010617,290.9271240234375,287.1406519617795,290.9271240234375,9100,0.0,0.0
2013-01-15 00:00:00+09:00,290.9271240234375,290.9271240234375,290.9271240234375,290.9271240234375,1300,0.0,0.0
2013-01-16 00:00:00+09:00,291.5583242807542,291.5583242807542,287.7718505859375,287.7718505859375,3900,0.0,0.0
2013-01-17 00:00:00+09:00,287.7717728845032,302.91766357421875,287.7717728845032,302.91766357421875,2600,0.0,0.0
2013-01-18 00:00:00+09:00,302.91766357421875,302.91766357421875,302.91766357421875,302.91766357421875,2600,0.0,0.0
2013-01-21 00:00:00+09:00,302.91766357421875,302.91766357421875,302.91766357421875,302.91766357421875,2600,0.0,0.0
2013-01-22 00:00:00+09:00,302.91766357421875,302.91766357421875,302.91766357421875,302.91766357421875,2600,0.0,0.0
2013-01-23 00:00:00+09:00,294.08251953125,294.08251953125,294.08251953125,294.08251953125,1300,0.0,0.0
2013-01-24 00:00:00+09:00,294.08251953125,294.08251953125,294.08251953125,294.08251953125,1300,0.0,0.0
2013-01-25 00:00:00+09:00,294.0825822026114,294.0825822026114,290.2961093604163,293.4515075683594,3900,0.0,0.0
2013-01-28 00:00:00+09:00,294.08251953125,294.08251953125,294.08251953125,294.08251953125,1300,0.0,0.0
2013-01-29 00:00:00+09:00,294.08251953125,294.08251953125,294.08251953125,294.08251953125,1300,0.0,0.0
2013-01-30 00:00:00+09:00,302.28656005859375,302.28656005859375,302.28656005859375,302.28656005859375,1300,0.0,0.0
2013-01-31 00:00:00+09:00,299.76226806640625,299.76226806640625,299.76226806640625,299.76226806640625,1300,0.0,0.0
2013-02-01 00:00:00+09:00,297.8690416898742,302.91766357421875,297.8690416898742,302.91766357421875,6500,0.0,0.0
2013-02-04 00:00:00+09:00,309.2284346704789,309.2284346704789,302.91766357421875,302.91766357421875,10400,0.0,0.0
2013-02-05 00:00:00+09:00,302.9176346041977,302.9176346041977,298.5000877482903,302.28656005859375,9100,0.0,0.0
2013-02-06 00:00:00+09:00,352.77288818359375,352.77288818359375,352.77288818359375,352.77288818359375,75400,0.0,0.0
2013-02-07 00:00:00+09:00,340.7823139481718,350.87958123313626,334.4715438021625,347.0931091308594,71500,0.0,0.0
2013-02-08 00:00:00+09:00,345.83092760329095,350.24847412109375,345.83092760329095,350.24847412109375,27300,0.0,0.0
2013-02-12 00:00:00+09:00,350.2484816855249,353.4038792768687,347.0931091308594,347.0931091308594,16900,0.0,0.0
2013-02-13 00:00:00+09:00,347.0931091308594,347.0931091308594,347.0931091308594,347.0931091308594,13000,0.0,0.0
2013-02-14 00:00:00+09:00,347.0931895730492,353.4039611816406,343.93779125041146,353.4039611816406,24700,0.0,0.0
2013-02-15 00:00:00+09:00,353.403988284137,354.6661376953125,353.403988284137,354.6661376953125,6500,0.0,0.0
2013-02-18 00:00:00+09:00,357.8214705762714,360.976868561674,357.8214705762714,358.4525451660156,6500,0.0,0.0
2013-02-19 00:00:00+09:00,357.8214828199838,357.8214828199838,351.5107116699219,351.5107116699219,7800,0.0,0.0
2013-02-20 00:00:00+09:00,351.5107344350991,356.5593566894531,345.8310124918524,356.5593566894531,14300,0.0,0.0
2013-02-21 00:00:00+09:00,356.5593566894531,356.5593566894531,356.5593566894531,356.5593566894531,14300,0.0,0.0
2013-02-22 00:00:00+09:00,353.4039611816406,353.4039611816406,353.4039611816406,353.4039611816406,2600,0.0,0.0
2013-02-25 00:00:00+09:00,354.0350330439342,356.5593566894531,354.0350330439342,356.5593566894531,3900,0.0,0.0
2013-02-26 00:00:00+09:00,354.03500849330914,356.5593319637784,352.14178466796875,352.14178466796875,5200,0.0,0.0
2013-02-27 00:00:00+09:00,352.14178466796875,352.14178466796875,352.14178466796875,352.14178466796875,5200,0.0,0.0
2013-02-28 00:00:00+09:00,360.9768629302245,362.8700866699219,360.9768629302245,362.8700866699219,35100,0.0,0.0
2013-03-01 00:00:00+09:00,362.8701210267918,363.501220703125,362.8701210267918,363.501220703125,5200,0.0,0.0
2013-03-04 00:00:00+09:00,374.8605252652371,390.00641316659693,374.8605252652371,388.1131896972656,19500,0.0,0.0
2013-03-05 00:00:00+09:00,390.00642250131796,403.89013671875,384.9578014255861,403.89013671875,20800,0.0,0.0
2013-03-06 00:00:00+09:00,397.5794706522608,397.5794706522608,391.2686738789892,394.424072265625,19500,0.0,0.0
2013-03-07 00:00:00+09:00,386.2200165210647,400.7348327636719,386.2200165210647,400.7348327636719,11700,0.0,0.0
2013-03-08 00:00:00+09:00,410.20093184092326,422.8225220852698,398.84151564301817,403.89013671875,28600,0.0,0.0
2013-03-11 00:00:00+09:00,420.2982580896532,422.1914819831126,416.5118103027344,416.5118103027344,32500,0.0,0.0
2013-03-12 00:00:00+09:00,417.14289039402456,422.82261222211275,410.2010192871094,410.2010192871094,11700,0.0,0.0
2013-03-13 00:00:00+09:00,410.20101391783703,419.66718345850006,410.20101391783703,416.5118103027344,13000,0.0,0.0
2013-03-14 00:00:00+09:00,410.20101391783703,416.5118103027344,402.62806827063343,416.5118103027344,14300,0.0,0.0
2013-03-15 00:00:00+09:00,410.20104187662474,415.2496643066406,407.6767181432745,415.2496643066406,33800,0.0,0.0
2013-03-18 00:00:00+09:00,421.5603245939227,441.75485904645865,420.2981755793935,429.76434326171875,53300,0.0,0.0
2013-03-19 00:00:00+09:00,439.8617858886719,440.49286061166544,439.8617858886719,439.8617858886719,16900,0.0,0.0
2013-03-21 00:00:00+09:00,448.0656965215794,448.0656965215794,435.44410503720326,446.8034973144531,31200,0.0,0.0
2013-03-22 00:00:00+09:00,446.8035600069935,448.0657593912233,444.9103360407006,446.1724853515625,36400,0.0,0.0
2013-03-25 00:00:00+09:00,457.53189570228506,457.53189570228506,448.69680110159055,455.638671875,41600,0.0,0.0
2013-03-26 00:00:00+09:00,454.3764725834457,456.90082109319,447.43465188340053,455.638671875,16900,0.0,0.0
2013-03-27 00:00:00+09:00,456.27681187220986,468.7207249232701,456.27681187220986,464.57275390625,4200,6.153846,1.3
2013-03-28 00:00:00+09:00,460.42480097975687,460.42480097975687,433.0481911917713,443.8329162597656,11400,0.0,0.0
2013-03-29 00:00:00+09:00,427.24101042701557,430.55938720703125,426.4114162320117,430.55938720703125,4400,0.0,0.0
2013-04-01 00:00:00+09:00,443.8328393674364,443.8328393674364,423.0929870605469,423.0929870605469,5800,0.0,0.0
2013-04-02 00:00:00+09:00,373.31734905092736,421.4338073730469,373.31734905092736,421.4338073730469,9700,0.0,0.0
2013-04-03 00:00:00+09:00,414.7971060968215,414.7971060968215,411.4787292480469,411.4787292480469,1300,0.0,0.0
2013-04-04 00:00:00+09:00,413.96748988348463,413.96748988348463,407.33073653865927,409.81951904296875,6000,0.0,0.0
2013-04-05 00:00:00+09:00,413.1379220673532,425.58183538263495,410.6491394042969,410.6491394042969,7100,0.0,0.0
2013-04-08 00:00:00+09:00,411.4786639760438,423.0929811043999,411.4786639760438,412.3082580566406,8300,0.0,0.0
2013-04-09 00:00:00+09:00,424.7521875,424.7521875,413.13786987304684,414.79705810546875,3700,0.0,0.0
2013-04-10 00:00:00+09:00,414.7970480997054,414.7970480997054,384.1020665403272,404.8419189453125,12600,0.0,0.0
2013-04-11 00:00:00+09:00,399.0348203100339,414.7971105093908,399.0348203100339,410.6491394042969,8600,0.0,0.0
2013-04-12 00:00:00+09:00,404.8419287109375,414.79705810546875,404.8419287109375,414.79705810546875,5700,0.0,0.0
2013-04-15 00:00:00+09:00,414.7971105093908,414.7971105093908,406.50116829920296,410.6491394042969,7300,0.0,0.0
2013-04-16 00:00:00+09:00,414.79705810546875,414.79705810546875,411.478681640625,414.79705810546875,7000,0.0,0.0
2013-04-17 00:00:00+09:00,416.4562989514283,417.2858931724471,410.6491394042969,410.6491394042969,4400,0.0,0.0
2013-04-18 00:00:00+09:00,414.7971105093908,414.7971105093908,410.6491394042969,410.6491394042969,2900,0.0,0.0
2013-04-19 00:00:00+09:00,410.6491394042969,410.6491394042969,410.6491394042969,410.6491394042969,2100,0.0,0.0
2013-04-22 00:00:00+09:00,418.11543093703864,421.4338073730469,418.11543093703864,421.4338073730469,5400,0.0,0.0
2013-04-23 00:00:00+09:00,423.0930132781923,427.24098399660596,423.0930132781923,423.922607421875,3400,0.0,0.0
2013-04-24 00:00:00+09:00,427.24096743996574,433.0481262207031,427.24096743996574,433.0481262207031,5700,0.0,0.0
2013-04-25 00:00:00+09:00,435.5369567871094,439.6849278041295,433.04817417689736,435.5369567871094,6700,0.0,0.0
2013-04-26 00:00:00+09:00,452.1288586197613,452.1288586197613,435.53697389977003,443.8329162597656,4700,0.0,0.0
2013-04-30 00:00:00+09:00,452.9584528557608,452.9584528557608,443.8329162597656,443.8329162597656,1800,0.0,0.0
2013-05-01 00:00:00+09:00,443.83289882114957,443.83289882114957,433.87776838030135,435.5369567871094,5100,0.0,0.0
2013-05-02 00:00:00+09:00,435.53691663240136,435.53691663240136,422.2634106016996,425.581787109375,5500,0.0,0.0
2013-05-07 00:00:00+09:00,442.17371041434154,442.17371041434154,425.5818263462612,435.5369567871094,11900,0.0,0.0
2013-05-08 00:00:00+09:00,435.53698289530354,439.6849541609731,432.2186058827679,436.3665771484375,13200,0.0,0.0
2013-05-09 00:00:00+09:00,446.3216636960583,447.1512578664971,437.1961278212318,438.8553161621094,9500,0.0,0.0
2013-05-10 00:00:00+09:00,431.3889503479004,443.83286237716675,424.752197265625,424.752197265625,13600,0.0,0.0
2013-05-13 00:00:00+09:00,373.31741996433425,400.69403076171875,373.31741996433425,400.69403076171875,37900,0.0,0.0
2013-05-14 00:00:00+09:00,389.90928899228965,389.90928899228965,379.1245639776093,380.78375244140625,17100,0.0,0.0
2013-05-15 00:00:00+09:00,387.42047085969347,387.42047085969347,374.97655851944637,381.6133117675781,17400,0.0,0.0
2013-05-16 00:00:00+09:00,384.93168839164406,394.0572241078253,381.6133117675781,381.6133117675781,15900,0.0,0.0
2013-05-17 00:00:00+09:00,379.95416259765625,389.9092934954114,379.95416259765625,379.95416259765625,8100,0.0,0.0
2013-05-20 00:00:00+09:00,380.78374377011204,385.7613090481527,368.33983057501035,376.6357727050781,36200,0.0,0.0
2013-05-21 00:00:00+09:00,379.95414084646666,399.8644015021767,379.95414084646666,384.10211181640625,7000,0.0,0.0
2013-05-22 00:00:00+09:00,397.3756010721276,397.3756010721276,381.61331209431876,387.42047119140625,5400,0.0,0.0
2013-05-23 00:00:00+09:00,389.07965351451526,389.07965351451526,365.02142333984375,365.02142333984375,25800,0.0,0.0
2013-05-24 00:00:00+09:00,373.3173603914222,373.3173603914222,360.8734483783748,365.85101318359375,10900,0.0,0.0
2013-05-27 00:00:00+09:00,360.8734393338545,361.7030334472656,355.8958746533875,361.7030334472656,5400,0.0,0.0
2013-05-28 00:00:00+09:00,360.87346088028835,361.7030550432316,355.066301739686,357.5550842285156,3500,0.0,0.0
2013-05-29 00:00:00+09:00,364.1918291958895,365.02142333984375,364.1918291958895,365.02142333984375,1600,0.0,0.0
2013-05-30 00:00:00+09:00,357.5550842285156,357.5550842285156,357.5550842285156,357.5550842285156,400,0.0,0.0
2013-05-31 00:00:00+09:00,357.55511009318946,369.9990234375,356.7255158702354,369.9990234375,1200,0.0,0.0
2013-06-03 00:00:00+09:00,365.0214319795234,365.0214319795234,359.21427283439465,363.36224365234375,1000,0.0,0.0
2013-06-04 00:00:00+09:00,363.3623033371647,374.97662353515625,363.3623033371647,374.97662353515625,10500,0.0,0.0
2013-06-05 00:00:00+09:00,374.97659826944044,374.97659826944044,350.08877095067226,356.72552490234375,2800,0.0,0.0
2013-06-06 00:00:00+09:00,363.3622253988391,372.4877607399058,351.74790769202684,355.0662841796875,4000,0.0,0.0
2013-06-07 00:00:00+09:00,352.5775183700934,352.5775183700934,340.13360595703125,340.13360595703125,13000,0.0,0.0
2013-06-10 00:00:00+09:00,356.72547110195814,385.76126526141985,356.72547110195814,384.9316711425781,3500,0.0,0.0
2013-06-11 00:00:00+09:00,385.76133167292335,386.5909259345855,372.4878234863281,372.4878234863281,22100,0.0,0.0
2013-06-12 00:00:00+09:00,353.4071044921875,353.4071044921875,353.4071044921875,353.4071044921875,600,0.0,0.0
2013-06-13 00:00:00+09:00,355.06627991149475,371.65816215034965,352.57749757566654,355.8958740234375,2200,0.0,0.0
2013-06-14 00:00:00+09:00,372.4878155375636,372.4878155375636,350.08877095067226,356.72552490234375,2800,0.0,0.0
2013-06-17 00:00:00+09:00,356.72552095042715,356.72552095042715,345.9407958984375,345.9407958984375,5900,0.0,0.0
2013-06-18 00:00:00+09:00,348.4296130457668,351.7479903128694,345.94083009543994,350.91839599609375,2000,0.0,0.0
2013-06-19 00:00:00+09:00,352.5775146484375,352.5775146484375,352.5775146484375,352.5775146484375,1500,0.0,0.0
2013-06-20 00:00:00+09:00,359.214272554402,359.214272554402,357.5550842285156,357.5550842285156,300,0.0,0.0
2013-06-21 00:00:00+09:00,355.06629361239345,365.02142333984375,352.57751118053085,365.02142333984375,1800,0.0,0.0
2013-06-24 00:00:00+09:00,365.02142333984375,365.02142333984375,365.02142333984375,365.02142333984375,2800,0.0,0.0
2013-06-25 00:00:00+09:00,374.1469575795467,374.1469575795467,347.5999450683594,347.5999450683594,1200,0.0,0.0
2013-06-26 00:00:00+09:00,349.2591337821853,353.4071044921875,349.2591337821853,353.4071044921875,2400,0.0,0.0
2013-06-27 00:00:00+09:00,354.2367248535156,354.2367248535156,354.2367248535156,354.2367248535156,100,0.0,0.0
2013-06-28 00:00:00+09:00,334.32650244497034,345.11122833029196,334.32650244497034,340.9632568359375,14000,0.0,0.0
2013-07-01 00:00:00+09:00,345.9407356550109,351.7478942871094,345.9407356550109,351.7478942871094,1900,0.0,0.0
2013-07-02 00:00:00+09:00,352.5775364467076,354.2367248535156,350.91834803989957,354.2367248535156,4400,0.0,0.0
2013-07-03 00:00:00+09:00,353.407147926508,356.72552490234375,353.407147926508,356.72552490234375,1600,0.0,0.0
2013-07-04 00:00:00+09:00,350.08873219209556,352.5775146484375,350.08873219209556,352.5775146484375,400,0.0,0.0
2013-07-05 00:00:00+09:00,359.2142639160156,359.2142639160156,350.91832248608455,359.2142639160156,1300,0.0,0.0
2013-07-08 00:00:00+09:00,359.2143287745587,364.19189453125,359.2143287745587,364.19189453125,2000,0.0,0.0
2013-07-09 00:00:00+09:00,360.8734526200728,365.02142333984375,360.8734526200728,365.02142333984375,600,0.0,0.0
2013-07-10 00:00:00+09:00,365.02140560193794,365.02140560193794,362.5326232910156,362.5326232910156,200,0.0,0.0
2013-07-11 00:00:00+09:00,356.72550315418465,365.02144508800285,356.72550315418465,360.87347412109375,1700,0.0,0.0
2013-07-12 00:00:00+09:00,360.8734393338545,366.6805981277326,360.8734393338545,361.7030334472656,3400,0.0,0.0
2013-07-16 00:00:00+09:00,366.68068929036457,373.31744384765625,366.68068929036457,373.31744384765625,1700,0.0,0.0
2013-07-17 00:00:00+09:00,387.42054264719894,387.42054264719894,374.14703369140625,374.14703369140625,1500,0.0,0.0
2013-07-18 00:00:00+09:00,374.14703369140625,374.14703369140625,374.14703369140625,374.14703369140625,200,0.0,0.0
2013-07-19 00:00:00+09:00,379.9541541129484,379.9541541129484,366.6806465456838,369.9990234375,1800,0.0,0.0
2013-07-22 00:00:00+09:00,373.31744384765625,373.31744384765625,373.31744384765625,373.31744384765625,2700,0.0,0.0
2013-07-23 00:00:00+09:00,374.97659281811684,381.61334667330476,374.97659281811684,380.78375244140625,2700,0.0,0.0
2013-07-24 00:00:00+09:00,380.7836662046371,386.5908245127688,380.7836662046371,385.76123046875,5100,0.0,0.0
2013-07-25 00:00:00+09:00,387.4204973400149,388.2500915527344,387.4204973400149,388.2500915527344,17300,0.0,0.0
2013-07-26 00:00:00+09:00,388.25006467301324,389.07965882829745,355.8958926169288,375.80615234375,7500,0.0,0.0
2013-07-29 00:00:00+09:00,375.80615234375,375.80615234375,375.80615234375,375.80615234375,0,0.0,0.0
2013-07-30 00:00:00+09:00,358.3846701882102,365.02142333984375,358.3846701882102,365.02142333984375,900,0.0,0.0
2013-07-31 00:00:00+09:00,356.72547242351783,356.72547242351783,352.57750181394204,355.0662841796875,1700,0.0,0.0
2013-08-01 00:00:00+09:00,360.87347412109375,360.87347412109375,360.87347412109375,360.87347412109375,1600,0.0,0.0
2013-08-02 00:00:00+09:00,354.23670295266544,354.23670295266544,352.5775146484375,352.5775146484375,1200,0.0,0.0
2013-08-05 00:00:00+09:00,360.04388427734375,360.04388427734375,360.04388427734375,360.04388427734375,1100,0.0,0.0
2013-08-06 00:00:00+09:00,360.04388427734375,360.04388427734375,360.04388427734375,360.04388427734375,0,0.0,0.0
2013-08-07 00:00:00+09:00,360.04387999659747,373.3173870932462,360.04387999659747,366.6806335449219,4200,0.0,0.0
2013-08-08 00:00:00+09:00,366.6806335449219,366.6806335449219,366.6806335449219,366.6806335449219,300,0.0,0.0
2013-08-09 00:00:00+09:00,366.6806335449219,366.6806335449219,366.6806335449219,366.6806335449219,0,0.0,0.0
2013-08-12 00:00:00+09:00,358.38471339026165,358.38471339026165,356.72552490234375,356.72552490234375,1400,0.0,0.0
2013-08-13 00:00:00+09:00,361.70307268415183,361.70307268415183,360.04388427734375,360.04388427734375,6900,0.0,0.0
2013-08-14 00:00:00+09:00,360.04390956139514,372.4878234863281,360.04390956139514,372.4878234863281,2200,0.0,0.0
2013-08-15 00:00:00+09:00,360.0438669979845,376.635750269781,360.0438669979845,363.36224365234375,11200,0.0,0.0
2013-08-16 00:00:00+09:00,365.02142333984375,365.02142333984375,365.02142333984375,365.02142333984375,2300,0.0,0.0
2013-08-19 00:00:00+09:00,369.1693936319329,369.1693936319329,359.2142639160156,359.2142639160156,900,0.0,0.0
2013-08-20 00:00:00+09:00,377.4653135149667,377.4653135149667,369.16937255859375,369.16937255859375,2700,0.0,0.0
2013-08-21 00:00:00+09:00,373.3173430367802,373.3173430367802,369.16937255859375,369.16937255859375,5100,0.0,0.0
2013-08-22 00:00:00+09:00,362.5326232910156,362.5326232910156,362.5326232910156,362.5326232910156,200,0.0,0.0
2013-08-23 00:00:00+09:00,371.65817649147726,371.65817649147726,361.70304676402696,365.02142333984375,8100,0.0,0.0
2013-08-26 00:00:00+09:00,361.70307268415183,361.70307268415183,360.04388427734375,360.04388427734375,2200,0.0,0.0
2013-08-27 00:00:00+09:00,365.02142333984375,365.02142333984375,365.02142333984375,365.02142333984375,100,0.0,0.0
2013-08-28 00:00:00+09:00,371.658203125,371.658203125,369.169420514788,371.658203125,3000,0.0,0.0
2013-08-29 00:00:00+09:00,373.31744384765625,373.31744384765625,372.4878495279948,373.31744384765625,6900,0.0,0.0
2013-08-30 00:00:00+09:00,373.31744384765625,373.31744384765625,373.31744384765625,373.31744384765625,0,0.0,0.0
2013-09-02 00:00:00+09:00,373.31744384765625,373.31744384765625,373.31744384765625,373.31744384765625,0,0.0,0.0
2013-09-03 00:00:00+09:00,374.1469589233398,374.1469589233398,360.0438584761186,365.02142333984375,2500,0.0,0.0
2013-09-04 00:00:00+09:00,365.02144211989184,431.38897705078125,365.02144211989184,431.38897705078125,92100,0.0,0.0
2013-09-05 00:00:00+09:00,439.68487707202786,512.6891585481382,414.7970538415357,415.62664794921875,275000,0.0,0.0
2013-09-06 00:00:00+09:00,447.98081814885853,447.98081814885853,408.16030098007116,415.62664794921875,80400,0.0,0.0
2013-09-09 00:00:00+09:00,448.8105315579713,453.7880975271909,399.03487186577485,434.7074279785156,119000,0.0,0.0
2013-09-10 00:00:00+09:00,445.49206423056853,445.49206423056853,418.94505109206165,422.263427734375,62300,0.0,0.0
2013-09-11 00:00:00+09:00,430.55940010502655,444.66250184257075,417.28589258733786,439.6849365234375,51900,0.0,0.0
2013-09-12 00:00:00+09:00,452.95841858543736,514.3483874047091,429.72978173490213,479.50543212890625,284800,0.0,0.0
2013-09-13 00:00:00+09:00,496.09727520120555,496.09727520120555,462.0839168680125,481.1645812988281,149900,0.0,0.0
2013-09-17 00:00:00+09:00,489.4605285644531,504.39322265625,469.55026977539063,497.7564697265625,98800,0.0,0.0
2013-09-18 00:00:00+09:00,491.9493978523111,512.6892544228133,479.50548391000984,486.9718322753906,72600,0.0,0.0
2013-09-19 00:00:00+09:00,501.0748671303518,501.9044612812298,468.7206952461072,481.99420166015625,50300,0.0,0.0
2013-09-20 00:00:00+09:00,481.1645582636684,490.2900929893587,464.5726769442316,473.6982116699219,34300,0.0,0.0
2013-09-24 00:00:00+09:00,463.743146876285,472.8686828613281,447.98085744757407,472.8686828613281,26400,0.0,0.0
2013-09-25 00:00:00+09:00,472.86866050353024,489.4605433282155,452.12880697267366,465.4023132324219,30100,0.0,0.0
2013-09-26 00:00:00+09:00,457.93598761307567,481.16462466591287,447.98085744757407,472.8686828613281,18500,0.0,0.0
2013-09-27 00:00:00+09:00,467.06153651646207,472.8686959402902,451.2992466517857,458.7655944824219,11600,0.0,0.0
2013-09-30 00:00:00+09:00,447.1512447156405,472.0390690968449,441.3440856933594,441.3440856933594,29800,0.0,0.0
2013-10-01 00:00:00+09:00,438.02577797660615,458.76563488837724,438.02577797660615,445.49212646484375,16800,0.0,0.0
2013-10-02 00:00:00+09:00,443.83293791190204,457.9360406119064,432.2186180413102,445.49212646484375,19300,0.0,0.0
2013-10-03 00:00:00+09:00,443.83293791190204,451.29928640013964,439.6849665295478,445.49212646484375,7800,0.0,0.0
2013-10-04 00:00:00+09:00,437.1960967783727,445.4920378937118,424.752185105364,433.0481262207031,9200,0.0,0.0
2013-10-07 00:00:00+09:00,433.0482012153852,433.0482012153852,418.9450988769531,418.9450988769531,19100,0.0,0.0
2013-10-08 00:00:00+09:00,418.945016599169,427.24095752192477,413.1378579532399,423.0929870605469,8400,0.0,0.0
2013-10-09 00:00:00+09:00,420.60423941321835,431.38896350073674,420.60423941321835,422.263427734375,2900,0.0,0.0
2013-10-10 00:00:00+09:00,423.0930218949533,431.38896350073674,412.30829780743494,422.263427734375,9900,0.0,0.0
2013-10-11 00:00:00+09:00,438.855342539706,438.855342539706,423.92264657427177,428.07061767578125,9100,0.0,0.0
2013-10-15 00:00:00+09:00,438.0256908899066,438.0256908899066,429.7297497745675,433.0481262207031,1300,0.0,0.0
2013-10-16 00:00:00+09:00,427.2410061176007,432.2185712374174,427.2410061176007,431.38897705078125,3800,0.0,0.0
2013-10-17 00:00:00+09:00,433.8777596106896,439.68491891714245,431.38897705078125,431.38897705078125,13200,0.0,0.0
2013-10-18 00:00:00+09:00,432.2185712374174,432.2185712374174,425.5818177443285,431.38897705078125,5500,0.0,0.0
2013-10-21 00:00:00+09:00,435.53694798396185,438.8553247305063,426.41141193096456,431.38897705078125,5800,0.0,0.0
2013-10-22 00:00:00+09:00,433.04816542405354,433.04816542405354,427.2410061176007,431.38897705078125,2000,0.0,0.0
2013-10-23 00:00:00+09:00,444.6624610139433,444.6624610139433,423.922607421875,423.922607421875,5000,0.0,0.0
2013-10-24 00:00:00+09:00,431.38900699686917,443.8329206602404,426.41144153152067,443.0033264160156,16400,0.0,0.0
2013-10-25 00:00:00+09:00,445.49214432879194,445.49214432879194,433.87782399247334,442.17376708984375,9800,0.0,0.0
2013-10-28 00:00:00+09:00,442.1736802364767,447.98083926397265,442.1736802364767,447.1512451171875,8700,0.0,0.0
2013-10-29 00:00:00+09:00,447.1512451171875,447.1512451171875,447.1512451171875,447.1512451171875,0,0.0,0.0
2013-10-30 00:00:00+09:00,452.1288192942874,461.2543550965574,447.98084847507374,457.10638427734375,23100,0.0,0.0
2013-10-31 00:00:00+09:00,457.10638427734375,457.10638427734375,457.10638427734375,457.10638427734375,0,0.0,0.0
2013-11-01 00:00:00+09:00,462.9135514916477,462.9135514916477,419.7746542200246,432.21856689453125,19900,0.0,0.0
2013-11-05 00:00:00+09:00,440.5144958496094,441.3440900037518,438.85530754132463,440.5144958496094,12100,0.0,0.0
2013-11-06 00:00:00+09:00,440.51447449869187,456.2767626634285,440.51447449869187,444.6624450683594,4300,0.0,0.0
2013-11-07 00:00:00+09:00,431.3889547150196,431.3889547150196,423.0930132781923,423.922607421875,7400,0.0,0.0
2013-11-08 00:00:00+09:00,424.75222355769233,433.8777596106896,424.75222355769233,431.38897705078125,5500,0.0,0.0
2013-11-11 00:00:00+09:00,431.3889379976353,433.0481262207031,431.3889379976353,433.0481262207031,6800,0.0,0.0
2013-11-12 00:00:00+09:00,435.53691663240136,436.3665107593202,425.581787109375,425.581787109375,2700,0.0,0.0
2013-11-13 00:00:00+09:00,431.38897705078125,431.38897705078125,431.38897705078125,431.38897705078125,400,0.0,0.0
2013-11-14 00:00:00+09:00,435.5369741266424,438.0257568359375,433.0481914173473,438.0257568359375,3700,0.0,0.0
2013-11-15 00:00:00+09:00,438.02574808372646,443.83290762271525,438.02574808372646,439.6849365234375,10700,0.0,0.0
2013-11-18 00:00:00+09:00,443.83290762271525,443.83290762271525,439.6849365234375,439.6849365234375,4100,0.0,0.0
2013-11-19 00:00:00+09:00,443.8329162597656,443.8329162597656,441.34413355176696,443.8329162597656,4100,0.0,0.0
2013-11-20 00:00:00+09:00,436.36656813576957,443.8329162597656,435.53697389977003,443.8329162597656,3400,0.0,0.0
2013-11-21 00:00:00+09:00,443.83288985032306,447.1512665968675,431.38897705078125,431.38897705078125,4700,0.0,0.0
2013-11-22 00:00:00+09:00,447.98089669231223,447.98089669231223,436.3665771484375,436.3665771484375,4400,0.0,0.0
2013-11-25 00:00:00+09:00,443.8329162597656,447.9808874397635,443.8329162597656,443.8329162597656,1200,0.0,0.0
2013-11-26 00:00:00+09:00,435.5369782179929,443.0033264160156,434.7073839737681,443.0033264160156,1800,0.0,0.0
2013-11-27 00:00:00+09:00,443.0033264160156,443.8329206602404,443.0033264160156,443.0033264160156,5000,0.0,0.0
2013-11-28 00:00:00+09:00,439.6849365234375,440.51453074329305,439.6849365234375,439.6849365234375,1100,0.0,0.0
2013-11-29 00:00:00+09:00,439.6849278041295,439.6849278041295,433.87776838030135,435.5369567871094,5000,0.0,0.0
2013-12-02 00:00:00+09:00,439.6849278041295,439.6849278041295,435.5369567871094,435.5369567871094,6300,0.0,0.0
2013-12-03 00:00:00+09:00,435.5369741266424,438.0257568359375,435.5369741266424,438.0257568359375,6700,0.0,0.0
2013-12-04 00:00:00+09:00,439.6849365234375,440.51453074329305,438.855342303582,439.6849365234375,2600,0.0,0.0
2013-12-05 00:00:00+09:00,439.6849278041295,439.6849278041295,435.5369567871094,435.5369567871094,2800,0.0,0.0
2013-12-06 00:00:00+09:00,435.5369085553049,447.1512261167797,433.0481262207031,433.0481262207031,17000,0.0,0.0
2013-12-09 00:00:00+09:00,441.3441033732847,459.5951753172927,438.8553208354654,449.6400451660156,14000,0.0,0.0
2013-12-10 00:00:00+09:00,447.9808044433594,447.9808044433594,435.53689320882165,447.9808044433594,6700,0.0,0.0
2013-12-11 00:00:00+09:00,446.3216636960583,447.1512578664971,438.0257219916706,438.8553161621094,8000,0.0,0.0
2013-12-12 00:00:00+09:00,438.8553247305063,438.8553247305063,431.38897705078125,431.38897705078125,3000,0.0,0.0
2013-12-13 00:00:00+09:00,438.8553336007255,447.1512756347656,435.5369567871094,435.5369567871094,4300,0.0,0.0
2013-12-16 00:00:00+09:00,438.02573939732144,438.02573939732144,435.5369567871094,435.5369567871094,5700,0.0,0.0
2013-12-17 00:00:00+09:00,430.55938286414516,431.38897705078125,430.55938286414516,431.38897705078125,17700,0.0,0.0
2013-12-18 00:00:00+09:00,435.5369567871094,435.5369567871094,435.5369567871094,435.5369567871094,2300,0.0,0.0
2013-12-19 00:00:00+09:00,436.36655964401535,439.6849365234375,436.36655964401535,439.6849365234375,14500,0.0,0.0
2013-12-20 00:00:00+09:00,425.5818177443285,439.68491891714245,423.9226293710562,431.38897705078125,1900,0.0,0.0
2013-12-24 00:00:00+09:00,431.38898140203514,433.048169792043,427.24101042701557,430.55938720703125,13500,0.0,0.0
2013-12-25 00:00:00+09:00,430.55938720703125,435.5369523770547,428.0706046220195,430.55938720703125,13400,0.0,0.0
2013-12-26 00:00:00+09:00,422.26344111115026,438.02573066146823,418.9450643637149,437.1961364746094,5100,0.0,0.0
2013-12-27 00:00:00+09:00,431.38897705078125,431.38897705078125,431.38897705078125,431.38897705078125,200,0.0,0.0
2013-12-30 00:00:00+09:00,435.5369567871094,443.83289882114957,418.94507271902904,429.72979736328125,26900,0.0,0.0
2014-01-06 00:00:00+09:00,434.7073839737681,443.0033264160156,433.8777897295434,443.0033264160156,14500,0.0,0.0
2014-01-07 00:00:00+09:00,443.00327438326184,447.1512451171875,443.00327438326184,447.1512451171875,5700,0.0,0.0
2014-01-08 00:00:00+09:00,447.1512103610569,453.78796301947705,447.1512103610569,447.9808044433594,5700,0.0,0.0
2014-01-09 00:00:00+09:00,453.78805074605856,460.4248046875,450.46967377533787,460.4248046875,4100,0.0,0.0
2014-01-10 00:00:00+09:00,460.4248046875,460.4248046875,460.4248046875,460.4248046875,1800,0.0,0.0
2014-01-14 00:00:00+09:00,464.57270629017063,467.8910827636719,460.4247356982941,467.8910827636719,1500,0.0,0.0
2014-01-15 00:00:00+09:00,464.57270629017063,468.72067688204714,461.25432981666944,467.8910827636719,6800,0.0,0.0
2014-01-16 00:00:00+09:00,468.7207539021468,493.60858154296875,464.57278262867646,493.60858154296875,16700,0.0,0.0
2014-01-17 00:00:00+09:00,477.016688201387,489.4606018066406,476.1870939610368,489.4606018066406,5400,0.0,0.0
2014-01-20 00:00:00+09:00,489.46061026949843,493.60858154296875,481.16466772255774,493.60858154296875,18000,0.0,0.0
2014-01-21 00:00:00+09:00,493.6085291536019,496.09731165353605,491.9493408203125,491.9493408203125,2300,0.0,0.0
2014-01-22 00:00:00+09:00,489.4606018066406,489.4606018066406,481.1646594031382,489.4606018066406,2900,0.0,0.0
2014-01-23 00:00:00+09:00,482.8238176767863,486.9717886190267,478.67584673454587,483.6534118652344,2300,0.0,0.0
2014-01-24 00:00:00+09:00,491.9493257519183,491.9493257519183,465.4023132324219,465.4023132324219,3800,0.0,0.0
2014-01-27 00:00:00+09:00,468.72073397916904,468.72073397916904,433.0481825435863,451.29925537109375,4800,0.0,0.0
2014-01-28 00:00:00+09:00,435.53692331261783,454.6175885244087,435.53692331261783,453.7879943847656,5000,0.0,0.0
2014-01-29 00:00:00+09:00,472.0390625,472.8686566344464,468.7206859622144,472.0390625,3200,0.0,0.0
2014-01-30 00:00:00+09:00,462.91352702108964,472.8686566344464,457.10636807996485,472.0390625,1900,0.0,0.0
2014-01-31 00:00:00+09:00,472.8686828613281,472.8686828613281,447.98085744757407,472.8686828613281,1500,0.0,0.0
2014-02-03 00:00:00+09:00,455.4472050717003,472.8686828613281,455.4472050717003,472.8686828613281,800,0.0,0.0
2014-02-04 00:00:00+09:00,431.38898577008933,451.2992466517857,411.4787248883929,435.5369567871094,19600,0.0,0.0
2014-02-05 00:00:00+09:00,446.3216724102314,446.3216724102314,418.9450642512395,431.38897705078125,3400,0.0,0.0
2014-02-06 00:00:00+09:00,437.1961324769192,449.6400451660156,434.70734993909997,449.6400451660156,3600,0.0,0.0
2014-02-07 00:00:00+09:00,449.64006241977006,469.5503234863281,449.64006241977006,469.5503234863281,5000,0.0,0.0
2014-02-10 00:00:00+09:00,476.18705033059615,476.18705033059615,462.08394953683285,462.9135437011719,5700,0.0,0.0
2014-02-12 00:00:00+09:00,468.7207249232701,468.7207249232701,461.25437709263394,464.57275390625,900,0.0,0.0
2014-02-13 00:00:00+09:00,460.42478288922996,464.57275390625,460.42478288922996,464.57275390625,400,0.0,0.0
2014-02-14 00:00:00+09:00,457.10637094333794,468.7206888983411,444.66245884869176,453.7879943847656,6400,0.0,0.0
2014-02-17 00:00:00+09:00,447.98086983816967,464.57275390625,447.98086983816967,464.57275390625,1600,0.0,0.0
2014-02-18 00:00:00+09:00,463.7431335449219,463.7431335449219,463.7431335449219,463.7431335449219,100,0.0,0.0
2014-02-19 00:00:00+09:00,456.2767639160156,464.572705078125,456.2767639160156,456.2767639160156,900,0.0,0.0
2014-02-20 00:00:00+09:00,447.9808044433594,456.2767452663846,447.1512103610569,447.9808044433594,3400,0.0,0.0
2014-02-21 00:00:00+09:00,446.3216604143915,463.7431378655109,446.3216604143915,462.9135437011719,700,0.0,0.0
2014-02-24 00:00:00+09:00,462.913565499442,464.57275390625,446.32168143136164,458.7655944824219,4400,0.0,0.0
2014-02-25 00:00:00+09:00,456.27679420878655,456.27679420878655,449.6400408384769,450.4696350097656,4000,0.0,0.0
2014-02-26 00:00:00+09:00,450.46966115166157,451.29925537109375,450.46966115166157,451.29925537109375,200,0.0,0.0
2014-02-27 00:00:00+09:00,450.4696350097656,450.4696350097656,450.4696350097656,450.4696350097656,200,0.0,0.0
2014-02-28 00:00:00+09:00,452.1287705849808,452.1287705849808,448.8103942871094,448.8103942871094,2500,0.0,0.0
2014-03-03 00:00:00+09:00,447.98083540726407,455.4471826640518,447.98083540726407,453.7879943847656,1600,0.0,0.0
2014-03-04 00:00:00+09:00,453.7879900967118,454.6175842285156,453.7879900967118,454.6175842285156,400,0.0,0.0
2014-03-05 00:00:00+09:00,453.7879815673828,456.2767639160156,453.7879815673828,456.2767639160156,7000,0.0,0.0
2014-03-06 00:00:00+09:00,449.6400152043133,456.27676819625884,447.1512328323337,455.4471740722656,2700,0.0,0.0
2014-03-07 00:00:00+09:00,450.4696350097656,456.27679420878655,450.4696350097656,450.4696350097656,1000,0.0,0.0
2014-03-10 00:00:00+09:00,447.98083117408476,454.6175842285156,447.98083117408476,454.6175842285156,9100,0.0,0.0
2014-03-11 00:00:00+09:00,447.9808524958995,455.44720003749785,445.4920699820334,450.4696350097656,5500,0.0,0.0
2014-03-12 00:00:00+09:00,445.4920529883348,454.6175885244087,434.70732917297477,453.7879943847656,5000,0.0,0.0
2014-03-13 00:00:00+09:00,444.66246227752,451.2992154458412,441.3440856933594,441.3440856933594,3100,0.0,0.0
2014-03-14 00:00:00+09:00,439.6849665295478,452.1288806766105,438.85537225307695,445.49212646484375,3500,0.0,0.0
2014-03-17 00:00:00+09:00,438.8553248483271,446.3216725300566,437.1961364746094,437.1961364746094,11700,0.0,0.0
2014-03-18 00:00:00+09:00,437.1961364746094,437.1961364746094,437.1961364746094,437.1961364746094,200,0.0,0.0
2014-03-19 00:00:00+09:00,445.4920960624263,445.4920960624263,431.3889943248821,439.6849365234375,5600,0.0,0.0
2014-03-20 00:00:00+09:00,437.19611496315866,445.49205642356014,431.3889559408776,441.3440856933594,5000,0.0,0.0
2014-03-24 00:00:00+09:00,445.49210473176475,447.1512932037639,438.8553508437683,443.8329162597656,1200,0.0,0.0
2014-03-25 00:00:00+09:00,443.8328340318468,447.9808044433594,443.8328340318468,447.9808044433594,2900,0.0,0.0
2014-03-26 00:00:00+09:00,447.9808044433594,449.6399926079644,443.8328340318468,447.9808044433594,2800,0.0,0.0
2014-03-27 00:00:00+09:00,456.46533203125,456.46533203125,456.46533203125,456.46533203125,100,12.0,0.0
2014-03-28 00:00:00+09:00,447.980905202514,455.616943359375,447.980905202514,455.616943359375,200,0.0,0.0
2014-03-31 00:00:00+09:00,447.1324021455547,459.859130859375,441.1932620791052,459.859130859375,9500,0.0,0.0
2014-04-01 00:00:00+09:00,459.85916244478733,460.7076110839844,451.3746760528171,460.7076110839844,1000,0.0,0.0
2014-04-02 00:00:00+09:00,454.7684393738469,459.859130859375,451.37464505016146,459.859130859375,12700,0.0,0.0
2014-04-03 00:00:00+09:00,461.5560841480447,463.25298151623605,453.92004599118366,455.616943359375,1700,0.0,0.0
2014-04-04 00:00:00+09:00,462.4045094321756,462.4045094321756,454.768471661736,461.5560607910156,2600,0.0,0.0
2014-04-07 00:00:00+09:00,464.1014394236135,464.1014394236135,462.404542021699,463.25299072265625,2900,0.0,0.0
2014-04-08 00:00:00+09:00,459.85916667708096,464.1014099121094,455.61692344205255,464.1014099121094,1900,0.0,0.0
2014-04-09 00:00:00+09:00,453.91997946832413,464.10136218537065,451.3746337890625,451.3746337890625,4900,0.0,0.0
2014-04-10 00:00:00+09:00,453.91997946832413,458.1622222670935,449.67773666955475,451.3746337890625,4300,0.0,0.0
2014-04-11 00:00:00+09:00,450.5261852293086,462.4044650658629,447.980839550047,451.3746337890625,4500,0.0,0.0
2014-04-14 00:00:00+09:00,451.37464059595726,456.46533203125,451.37464059595726,456.46533203125,400,0.0,0.0
2014-04-15 00:00:00+09:00,452.2230823488164,459.0106708268474,451.3746337890625,451.3746337890625,400,0.0,0.0
2014-04-16 00:00:00+09:00,451.37467289677375,461.55605649594906,451.37467289677375,458.1622619628906,2200,0.0,0.0
2014-04-17 00:00:00+09:00,448.82928810980087,457.31377370733964,447.980839550047,451.3746337890625,15800,0.0,0.0
2014-04-18 00:00:00+09:00,451.3746349341874,452.22308349609375,447.9808406865619,452.22308349609375,3800,0.0,0.0
2014-04-21 00:00:00+09:00,449.67773322121633,451.3746303277115,448.82928466796875,448.82928466796875,800,0.0,0.0
2014-04-22 00:00:00+09:00,448.8292517182497,448.8292517182497,447.1323547363281,447.1323547363281,3700,0.0,0.0
2014-04-23 00:00:00+09:00,453.9200439453125,453.9200439453125,453.9200439453125,453.9200439453125,200,0.0,0.0
2014-04-24 00:00:00+09:00,448.82928466796875,448.82928466796875,447.98083611472117,448.82928466796875,600,0.0,0.0
2014-04-25 00:00:00+09:00,453.07159423828125,453.07159423828125,452.2231455599324,453.07159423828125,1200,0.0,0.0
2014-04-28 00:00:00+09:00,453.07159423828125,453.07159423828125,453.07159423828125,453.07159423828125,100,0.0,0.0
2014-04-30 00:00:00+09:00,455.61694027332777,455.61694027332777,453.07159423828125,453.07159423828125,300,0.0,0.0
2014-05-01 00:00:00+09:00,453.07159009249705,453.92003876308223,449.67779541015625,449.67779541015625,500,0.0,0.0
2014-05-02 00:00:00+09:00,453.9200439453125,453.9200439453125,453.9200439453125,453.9200439453125,200,0.0,0.0
2014-05-07 00:00:00+09:00,453.9200480218721,458.1622914613289,453.9200480218721,457.3138427734375,3200,0.0,0.0
2014-05-08 00:00:00+09:00,457.31380017598474,457.31380017598474,447.9808654785156,447.9808654785156,1400,0.0,0.0
2014-05-09 00:00:00+09:00,449.6777756302445,458.1622619628906,449.6777756302445,458.1622619628906,3800,0.0,0.0
2014-05-12 00:00:00+09:00,452.2230811972178,452.2230811972178,436.9510071605388,450.52618408203125,3700,0.0,0.0
2014-05-13 00:00:00+09:00,442.04172035955617,442.89016895909464,407.25532777847786,420.83050537109375,56800,0.0,0.0
2014-05-14 00:00:00+09:00,424.22430419921875,429.3149958496094,419.98206115722655,424.22430419921875,9300,0.0,0.0
2014-05-15 00:00:00+09:00,424.22434389005707,432.7088307678582,424.22434389005707,431.8603820800781,900,0.0,0.0
2014-05-16 00:00:00+09:00,412.34602368164065,424.22430419921875,412.34602368164065,424.22430419921875,1500,0.0,0.0
2014-05-19 00:00:00+09:00,416.5882667236328,424.22430419921875,415.73981811523436,424.22430419921875,1100,0.0,0.0
2014-05-20 00:00:00+09:00,424.22430419921875,424.22430419921875,424.22430419921875,424.22430419921875,100,0.0,0.0
2014-05-21 00:00:00+09:00,420.8305086735972,423.3758544921875,420.8305086735972,423.3758544921875,500,0.0,0.0
2014-05-22 00:00:00+09:00,424.22426425344577,424.22426425344577,417.4366760253906,417.4366760253906,1400,0.0,0.0
2014-05-23 00:00:00+09:00,423.3758157249389,423.3758157249389,414.0428819113631,417.4366760253906,3400,0.0,0.0
2014-05-26 00:00:00+09:00,414.0429165747858,422.52740257017075,412.3460193757088,420.83050537109375,7000,0.0,0.0
2014-05-27 00:00:00+09:00,423.3757885248974,423.3757885248974,419.98199462890625,419.98199462890625,400,0.0,0.0
2014-05-28 00:00:00+09:00,416.58826564261335,423.3758544921875,416.58826564261335,423.3758544921875,400,0.0,0.0
2014-05-29 00:00:00+09:00,418.2851867675781,419.9820840769801,418.2851867675781,418.2851867675781,1700,0.0,0.0
2014-05-30 00:00:00+09:00,416.58825571488364,422.5273958167251,415.73980712890625,415.73980712890625,9200,0.0,0.0
2014-06-02 00:00:00+09:00,415.7398137738628,420.83050537109375,414.8913651743243,420.83050537109375,7500,0.0,0.0
2014-06-03 00:00:00+09:00,417.436704300861,419.1336014728157,414.8913585429289,415.73980712890625,9000,0.0,0.0
2014-06-04 00:00:00+09:00,411.49756419901945,418.2851528868383,411.49756419901945,415.73980712890625,7100,0.0,0.0
2014-06-05 00:00:00+09:00,415.7398060055598,418.28515175661425,414.891357421875,414.891357421875,3700,0.0,0.0
2014-06-06 00:00:00+09:00,414.8913037849195,425.9211339468908,407.25526751893943,419.98199462890625,33600,0.0,0.0
2014-06-09 00:00:00+09:00,425.9212014160156,431.01189306640623,419.98206115722655,424.22430419921875,3700,0.0,0.0
2014-06-10 00:00:00+09:00,421.67889157690183,424.2242369988952,419.98199462890625,419.98199462890625,7000,0.0,0.0
2014-06-11 00:00:00+09:00,413.1944722900391,426.76965002441403,413.1944722900391,424.22430419921875,3600,0.0,0.0
2014-06-12 00:00:00+09:00,423.3758533891425,424.2243019931288,414.04291874529366,422.52740478515625,2400,0.0,0.0
2014-06-13 00:00:00+09:00,422.52743110193416,428.4665716997525,411.49759856312863,419.1336364746094,14700,0.0,0.0
2014-06-16 00:00:00+09:00,431.0119061470032,435.2541493177414,429.3150088787079,434.40570068359375,13200,0.0,0.0
2014-06-17 00:00:00+09:00,432.7087707519531,434.4056678921569,432.7087707519531,432.7087707519531,2900,0.0,0.0
2014-06-18 00:00:00+09:00,431.86031645217747,432.7087650110226,425.92117654026146,428.4665222167969,3800,0.0,0.0
2014-06-19 00:00:00+09:00,428.46655381998056,432.70879692710906,428.46655381998056,429.31500244140625,2300,0.0,0.0
2014-06-20 00:00:00+09:00,432.70879692710906,432.70879692710906,429.31500244140625,429.31500244140625,1400,0.0,0.0
2014-06-23 00:00:00+09:00,426.7696417588454,441.1932678222656,426.7696417588454,441.1932678222656,7400,0.0,0.0
2014-06-24 00:00:00+09:00,446.284005822868,456.4653899861273,439.4964163806951,453.9200439453125,22700,0.0,0.0
2014-06-25 00:00:00+09:00,453.07155378069194,456.4653481910342,444.58706775483626,445.4355163574219,13700,0.0,0.0
2014-06-26 00:00:00+09:00,445.43551965193313,457.31380017598474,441.19327660762906,447.9808654785156,19200,0.0,0.0
2014-06-27 00:00:00+09:00,441.193296218931,449.67778268467964,439.49639892578125,439.49639892578125,6200,0.0,0.0
2014-06-30 00:00:00+09:00,432.7087256466225,453.91993768812364,432.7087256466225,443.7385559082031,7000,0.0,0.0
2014-07-01 00:00:00+09:00,450.52619202340844,456.46533203125,442.04170629792054,456.46533203125,12300,0.0,0.0
2014-07-02 00:00:00+09:00,456.4652991223691,456.4652991223691,448.8292625199503,454.7684020996094,2000,0.0,0.0
2014-07-03 00:00:00+09:00,453.07155490193526,457.31379792536165,446.2839660644531,446.2839660644531,6700,0.0,0.0
2014-07-04 00:00:00+09:00,456.46534932067635,456.46534932067635,442.0417230410267,446.2839660644531,7500,0.0,0.0
2014-07-07 00:00:00+09:00,453.92003876308223,453.92003876308223,446.28400072781545,449.67779541015625,6200,0.0,0.0
2014-07-08 00:00:00+09:00,448.82928466796875,448.82928466796875,446.283939008226,448.82928466796875,3200,0.0,0.0
2014-07-09 00:00:00+09:00,448.8292517182497,448.8292517182497,447.1323547363281,447.1323547363281,400,0.0,0.0
2014-07-10 00:00:00+09:00,447.132413562593,449.6777593703497,445.4355163574219,445.4355163574219,2300,0.0,0.0
2014-07-11 00:00:00+09:00,444.5870453110315,453.07153090857025,441.193251072016,451.3746337890625,5300,0.0,0.0
2014-07-14 00:00:00+09:00,451.3746927513266,451.3746927513266,444.587103386645,449.67779541015625,2200,0.0,0.0
2014-07-15 00:00:00+09:00,449.67780054395445,453.9200439453125,446.284005822868,453.9200439453125,17600,0.0,0.0
2014-07-16 00:00:00+09:00,452.2231051781064,452.2231051781064,445.4355163574219,445.4355163574219,1000,0.0,0.0
2014-07-17 00:00:00+09:00,451.3746349341874,452.22308349609375,447.13239212465555,452.22308349609375,1000,0.0,0.0
2014-07-18 00:00:00+09:00,449.67779541015625,451.3746927513266,449.67779541015625,449.67779541015625,3600,0.0,0.0
2014-07-22 00:00:00+09:00,453.9199863136036,456.46533203125,449.6777434508597,456.46533203125,19100,0.0,0.0
2014-07-23 00:00:00+09:00,454.7684874336675,460.7076281277638,445.43555205723027,449.67779541015625,19100,0.0,0.0
2014-07-24 00:00:00+09:00,453.92004599118366,456.4653920434707,453.92004599118366,455.616943359375,3100,0.0,0.0
2014-07-25 00:00:00+09:00,447.13245348983935,458.1622863083743,447.13245348983935,453.07159423828125,18800,0.0,0.0
2014-07-28 00:00:00+09:00,447.13245450313957,453.9200439453125,447.13245450313957,453.9200439453125,3500,0.0,0.0
2014-07-29 00:00:00+09:00,447.13242973045067,458.1622619628906,446.2839810971861,458.1622619628906,2700,0.0,0.0
2014-07-30 00:00:00+09:00,454.7684020996094,454.7684020996094,454.7684020996094,454.7684020996094,200,0.0,0.0
2014-07-31 00:00:00+09:00,453.9200439453125,453.9200439453125,451.3746979044977,453.9200439453125,1600,0.0,0.0
2014-08-01 00:00:00+09:00,453.92003876308223,453.92003876308223,449.67779541015625,449.67779541015625,1600,0.0,0.0
2014-08-04 00:00:00+09:00,453.07157333121114,460.7076110839844,451.3746760528171,460.7076110839844,11900,0.0,0.0
2014-08-05 00:00:00+09:00,460.707588334517,466.64672851562494,460.707588334517,466.646728515625,15000,0.0,0.0
2014-08-06 00:00:00+09:00,500.5846507391477,500.5846507391477,462.4044655132805,474.2827453613281,36800,0.0,0.0
2014-08-07 00:00:00+09:00,474.28279797784216,474.28279797784216,465.7983114308324,467.4952087402344,3800,0.0,0.0
2014-08-08 00:00:00+09:00,459.85906858320817,468.34355324341493,459.0106201171875,459.0106201171875,3700,0.0,0.0
2014-08-11 00:00:00+09:00,466.6466563113736,466.6466563113736,459.0106201171875,459.0106201171875,1400,0.0,0.0
2014-08-12 00:00:00+09:00,459.01068894880535,470.8889692543197,457.3137917623033,464.9498291015625,3000,0.0,0.0
2014-08-13 00:00:00+09:00,470.04045017545633,470.04045017545633,459.0106201171875,459.0106201171875,1000,0.0,0.0
2014-08-14 00:00:00+09:00,459.010659973478,465.7982482910156,457.31376289409366,465.7982482910156,2100,0.0,0.0
2014-08-15 00:00:00+09:00,464.9498291015625,464.9498291015625,464.9498291015625,464.9498291015625,1000,0.0,0.0
2014-08-18 00:00:00+09:00,459.85918498081446,479.3735046386719,459.85918498081446,479.3735046386719,4900,0.0,0.0
2014-08-19 00:00:00+09:00,470.88897705078125,479.3734631237683,464.1013881923916,470.88897705078125,3500,0.0,0.0
2014-08-20 00:00:00+09:00,470.88892201014926,477.6765100751604,470.88892201014926,475.13116455078125,900,0.0,0.0
2014-08-21 00:00:00+09:00,477.6765015310663,477.6765015310663,469.1920166015625,469.1920166015625,5100,0.0,0.0
2014-08-22 00:00:00+09:00,470.0404650945129,471.7373620804137,469.1920166015625,469.1920166015625,3800,0.0,0.0
2014-08-25 00:00:00+09:00,477.67650606869836,493.7970275878906,473.43426356364773,493.7970275878906,30400,0.0,0.0
2014-08-26 00:00:00+09:00,498.88774708714976,500.58464418608565,485.3125702956627,492.10015869140625,6400,0.0,0.0
2014-08-27 00:00:00+09:00,492.10015869140625,498.88774708714976,491.2517101419383,492.10015869140625,10300,0.0,0.0
2014-08-28 00:00:00+09:00,495.4939445788554,508.2206726074219,495.4939445788554,508.2206726074219,32900,0.0,0.0
2014-08-29 00:00:00+09:00,508.22080680894555,548.0978984951232,507.3723580496652,546.4010009765625,72100,0.0,0.0
2014-09-01 00:00:00+09:00,551.4916935322448,576.0967075513756,535.3711671059176,546.4010009765625,51600,0.0,0.0
2014-09-02 00:00:00+09:00,555.7337585449219,559.1275524902344,537.0678918457031,551.4915161132812,18700,0.0,0.0
2014-09-03 00:00:00+09:00,544.70403437106,636.3364887512383,540.4617911127184,588.8233642578125,211300,0.0,0.0
2014-09-04 00:00:00+09:00,635.4880164577537,673.6682043624251,597.3078285530822,619.3674926757812,240500,0.0,0.0
2014-09-05 00:00:00+09:00,611.7313561207244,618.5189439833676,581.1872107388297,592.217041015625,70800,0.0,0.0
2014-09-08 00:00:00+09:00,618.5190065403066,626.1550436580882,587.126409500538,591.36865234375,40000,0.0,0.0
2014-09-09 00:00:00+09:00,586.2778979843469,596.4592797148999,582.0356555966164,589.6716918945312,25400,0.0,0.0
2014-09-10 00:00:00+09:00,588.823411470301,592.2172063490924,572.7028857960421,576.9451293945312,13300,0.0,0.0
2014-09-11 00:00:00+09:00,562.5213646910245,571.8542983435151,543.8554973860432,564.21826171875,44100,0.0,0.0
2014-09-12 00:00:00+09:00,552.3399521827697,559.9759883880615,526.038049697876,543.0070190429688,34300,0.0,0.0
2014-09-16 00:00:00+09:00,543.00703125,565.9151403808594,543.00703125,551.4915161132812,17600,0.0,0.0
2014-09-17 00:00:00+09:00,551.4916433086833,558.2792327647901,544.7040538525763,555.73388671875,15700,0.0,0.0
2014-09-18 00:00:00+09:00,559.9761228208189,559.9761228208189,548.09784142765,549.7947387695312,12500,0.0,0.0
2014-09-19 00:00:00+09:00,549.7946369830827,565.0667102326128,549.7946369830827,564.21826171875,9400,0.0,0.0
2014-09-22 00:00:00+09:00,567.6121115944602,567.6121115944602,551.4915882457386,559.97607421875,7700,0.0,0.0
2014-09-24 00:00:00+09:00,554.0369852420555,555.733882593486,551.4916392149097,552.340087890625,15500,0.0,0.0
2014-09-25 00:00:00+09:00,554.8853634467948,556.5822605827177,545.5524291992188,545.5524291992188,7300,0.0,0.0
2014-09-26 00:00:00+09:00,543.0071504237288,552.3400858216366,543.0071504237288,550.6431884765625,3700,0.0,0.0
2014-09-29 00:00:00+09:00,584.5810546875,627.0034824587265,563.3698408018869,584.5810546875,69000,0.0,0.0
2014-09-30 00:00:00+09:00,583.7326440868263,583.7326440868263,554.0369427161303,566.763671875,19000,0.0,0.0
2014-10-01 00:00:00+09:00,559.9760009765624,564.2182434082031,548.0977221679688,551.4915161132812,13700,0.0,0.0
2014-10-02 00:00:00+09:00,541.3102900390625,541.3102900390625,526.038212890625,530.2804565429688,31900,0.0,0.0
2014-10-03 00:00:00+09:00,530.2804745502353,551.4916935322448,530.2804745502353,546.4010009765625,6600,0.0,0.0
2014-10-06 00:00:00+09:00,551.491583847418,557.4307239811594,551.491583847418,556.582275390625,7000,0.0,0.0
2014-10-07 00:00:00+09:00,558.2791040039062,561.6728979492187,551.4915161132812,551.4915161132812,5600,0.0,0.0
2014-10-08 00:00:00+09:00,537.0679423965026,547.2493251907491,537.0679423965026,544.7039794921875,4200,0.0,0.0
2014-10-09 00:00:00+09:00,538.7647888183593,557.4306555175781,538.7647888183593,551.4915161132812,9300,0.0,0.0
2014-10-10 00:00:00+09:00,530.2803944318722,538.7648807427822,523.4928053831443,529.4319458007812,9600,0.0,0.0
2014-10-14 00:00:00+09:00,523.4927198115865,526.0380652887904,507.37219845596235,511.61444091796875,15000,0.0,0.0
2014-10-15 00:00:00+09:00,520.0989979264003,526.0381381963592,512.4629604364533,519.2505493164062,2900,0.0,0.0
2014-10-16 00:00:00+09:00,509.0692189114153,514.1599111005295,492.1002449477014,513.3114624023438,15500,0.0,0.0
2014-10-17 00:00:00+09:00,504.8269020325016,515.0082849306361,503.1300048828125,503.1300048828125,8100,0.0,0.0
2014-10-20 00:00:00+09:00,506.52381368202737,515.0082996733511,506.52381368202737,514.1598510742188,4200,0.0,0.0
2014-10-21 00:00:00+09:00,515.00830078125,523.4927867908258,509.0691605745469,515.00830078125,3800,0.0,0.0
2014-10-22 00:00:00+09:00,515.0083259759947,515.8567746184593,509.0691854787427,510.7660827636719,2600,0.0,0.0
2014-10-23 00:00:00+09:00,510.7661222716985,518.4021606445312,509.0692248555135,518.4021606445312,7300,0.0,0.0
2014-10-24 00:00:00+09:00,524.3412453787668,527.7350398472378,522.6443481445312,522.6443481445312,8700,0.0,0.0
2014-10-27 00:00:00+09:00,522.6443513984249,526.8865945104251,520.0990055312247,525.189697265625,2800,0.0,0.0
2014-10-28 00:00:00+09:00,521.795903851909,527.7350442209552,520.0990066036102,526.0381469726562,2300,0.0,0.0
2014-10-29 00:00:00+09:00,526.038212890625,531.1289052734376,525.1897641601563,530.2804565429688,2900,0.0,0.0
2014-10-30 00:00:00+09:00,528.5834385686028,531.9772327167158,526.8865414945462,531.1287841796875,1400,0.0,0.0
2014-10-31 00:00:00+09:00,531.9773720687961,546.4010009765625,527.7351282723943,546.4010009765625,10400,0.0,0.0
2014-11-04 00:00:00+09:00,547.2493958363335,571.8544074320756,547.2493958363335,552.340087890625,7500,0.0,0.0
2014-11-05 00:00:00+09:00,560.8245326841893,567.6121215820312,552.3400465618869,567.6121215820312,20900,0.0,0.0
2014-11-06 00:00:00+09:00,584.5810046701513,597.3077319126074,570.1573804620343,592.217041015625,90200,0.0,0.0
2014-11-07 00:00:00+09:00,593.9139817155472,600.7015700780106,578.6419079000045,579.4903564453125,17900,0.0,0.0
2014-11-10 00:00:00+09:00,593.9138820028712,599.8530208229,576.9449139456464,595.6107788085938,26700,0.0,0.0
2014-11-11 00:00:00+09:00,595.610958770621,596.4594074298384,582.0357802231424,593.0656127929688,11500,0.0,0.0
2014-11-12 00:00:00+09:00,594.7623663312179,594.7623663312179,578.641845703125,578.641845703125,8100,0.0,0.0
2014-11-13 00:00:00+09:00,572.702768082849,580.3388049906204,572.702768082849,579.4903564453125,3100,0.0,0.0
2014-11-14 00:00:00+09:00,573.5512084960938,576.9450026292068,564.2182746300331,573.5512084960938,20300,0.0,0.0
2014-11-17 00:00:00+09:00,582.0358217127183,582.0358217127183,569.3090909172507,576.9451293945312,5500,0.0,0.0
2014-11-18 00:00:00+09:00,581.187255859375,581.187255859375,566.7636305314782,581.187255859375,12300,0.0,0.0
2014-11-19 00:00:00+09:00,581.1872071190703,589.6716918945312,575.2480677762477,589.6716918945312,9100,0.0,0.0
2014-11-20 00:00:00+09:00,593.0654858047155,593.0654858047155,579.4903101639782,589.6716918945312,9100,0.0,0.0
2014-11-21 00:00:00+09:00,588.823419437852,588.823419437852,582.0358295884243,583.7327270507812,1300,0.0,0.0
2014-11-25 00:00:00+09:00,591.3685888496234,598.1561766699921,589.6716918945312,589.6716918945312,9000,0.0,0.0
2014-11-26 00:00:00+09:00,593.0655331702393,593.0655331702393,575.2481137187729,579.4903564453125,7200,0.0,0.0
2014-11-27 00:00:00+09:00,589.6718129094809,589.6718129094809,578.6419804377927,588.8233642578125,2100,0.0,0.0
2014-11-28 00:00:00+09:00,585.4295675465137,587.12646484375,580.338875654805,587.12646484375,4800,0.0,0.0
2014-12-01 00:00:00+09:00,586.2779471515739,587.1263957002737,581.187255859375,581.187255859375,3300,0.0,0.0
2014-12-02 00:00:00+09:00,580.3387426113453,582.8840879736757,577.7933972490148,578.641845703125,5600,0.0,0.0
2014-12-03 00:00:00+09:00,580.3388049906204,581.1872535359283,575.2481137187729,579.4903564453125,4500,0.0,0.0
2014-12-04 00:00:00+09:00,576.9451293945312,579.4904755536247,574.3997832354378,576.9451293945312,3500,0.0,0.0
2014-12-05 00:00:00+09:00,579.4903482290415,579.4903482290415,568.4605172964243,573.5512084960938,4200,0.0,0.0
2014-12-08 00:00:00+09:00,585.429490351044,586.2779388877847,575.2481079101562,575.2481079101562,7000,0.0,0.0
2014-12-09 00:00:00+09:00,575.2480456128254,581.1871847268221,574.3995971679688,574.3995971679688,2200,0.0,0.0
2014-12-10 00:00:00+09:00,574.3997159782432,574.3997159782432,561.6729866729646,571.8543701171875,8300,0.0,0.0
2014-12-11 00:00:00+09:00,571.8543114295372,575.2481055626503,571.8543114295372,573.5512084960938,1200,0.0,0.0
2014-12-12 00:00:00+09:00,573.5512189210767,582.8841529567746,565.0667334340785,581.187255859375,3300,0.0,0.0
2014-12-15 00:00:00+09:00,588.8232927976734,588.8232927976734,581.187255859375,581.187255859375,8600,0.0,0.0
2014-12-16 00:00:00+09:00,580.3388485200759,580.3388485200759,559.9760819053364,565.9152221679688,14800,0.0,0.0
2014-12-17 00:00:00+09:00,567.6120710794905,575.2481079101562,567.6120710794905,575.2481079101562,5700,0.0,0.0
2014-12-18 00:00:00+09:00,576.9450629340278,582.8842032877604,572.7028198242188,572.7028198242188,19200,0.0,0.0
2014-12-19 00:00:00+09:00,583.7325364277859,584.580984881896,572.7027065243539,578.641845703125,3800,0.0,0.0
2014-12-22 00:00:00+09:00,584.5809785062488,584.5809785062488,574.3995971679688,574.3995971679688,7000,0.0,0.0
2014-12-24 00:00:00+09:00,576.9450726425439,580.3388671875,576.9450726425439,580.3388671875,2700,0.0,0.0
2014-12-25 00:00:00+09:00,582.0356395195656,582.8840879736757,577.7933972490148,578.641845703125,3600,0.0,0.0
2014-12-26 00:00:00+09:00,580.3388671875,583.7326617324561,580.3388671875,580.3388671875,5800,0.0,0.0
2014-12-29 00:00:00+09:00,587.1264669544759,596.4594021228273,584.581120999471,588.8233642578125,9500,0.0,0.0
2014-12-30 00:00:00+09:00,590.5202615611491,591.3687102128174,582.0357750444659,588.8233642578125,8800,0.0,0.0
2015-01-05 00:00:00+09:00,589.6716806839923,632.0941037547832,589.6716806839923,623.609619140625,30500,0.0,0.0
2015-01-06 00:00:00+09:00,624.4581732855902,624.4581732855902,610.8829956054688,610.8829956054688,14800,0.0,0.0
2015-01-07 00:00:00+09:00,623.6097302667026,623.6097302667026,615.125244140625,615.125244140625,2600,0.0,0.0
2015-01-08 00:00:00+09:00,625.3066341123567,625.3066341123567,606.6407644373611,620.2159423828125,5300,0.0,0.0
2015-01-09 00:00:00+09:00,619.3674173594186,627.0034540117949,606.6406896054579,609.18603515625,8400,0.0,0.0
2015-01-13 00:00:00+09:00,606.6407403555844,606.6407403555844,599.0047030643952,601.550048828125,3900,0.0,0.0
2015-01-14 00:00:00+09:00,599.0047719787852,608.3377075195312,598.156323293263,608.3377075195312,3500,0.0,0.0
2015-01-15 00:00:00+09:00,610.0345470004611,612.579892815484,604.0954067654079,610.8829956054688,3800,0.0,0.0
2015-01-16 00:00:00+09:00,608.3376120077597,646.5177968618033,608.3376120077597,627.8519287109375,23900,0.0,0.0
2015-01-19 00:00:00+09:00,649.9115910710516,649.9115910710516,627.8519287109375,627.8519287109375,10400,0.0,0.0
2015-01-20 00:00:00+09:00,620.2158375170408,633.7910131672085,613.4282496919568,632.0941162109375,3900,0.0,0.0
2015-01-21 00:00:00+09:00,627.0035432471097,632.9426837108848,623.6097486963812,629.5488891601562,3400,0.0,0.0
2015-01-22 00:00:00+09:00,632.0941714724979,636.3364142340583,627.8519287109375,627.8519287109375,5700,0.0,0.0
2015-01-23 00:00:00+09:00,652.456910368684,653.3053588867188,628.7003518637125,653.3053588867188,40800,0.0,0.0
2015-01-26 00:00:00+09:00,653.3054265287733,670.2743986464038,638.0333516229059,658.3961181640625,36200,0.0,0.0
2015-01-27 00:00:00+09:00,664.335263925081,664.335263925081,656.6992264087007,662.6383666992188,15400,0.0,0.0
2015-01-28 00:00:00+09:00,662.6383533651405,665.1836991527146,650.7600730231277,652.4569702148438,8000,0.0,0.0
2015-01-29 00:00:00+09:00,651.6084618506493,661.7898440670657,641.427079634233,653.3053588867188,8600,0.0,0.0
2015-01-30 00:00:00+09:00,649.9116673570998,658.396153876122,635.488040274762,638.0333862304688,19800,0.0,0.0
2015-02-02 00:00:00+09:00,635.4879353575544,655.0022511295488,635.4879353575544,649.9115600585938,4300,0.0,0.0
2015-02-03 00:00:00+09:00,642.2756187253885,655.0023482906208,627.8519918847919,629.5488891601562,13000,0.0,0.0
2015-02-04 00:00:00+09:00,636.3364889266643,643.9725267937843,627.8520024076421,638.0333862304688,9800,0.0,0.0
2015-02-05 00:00:00+09:00,643.1240855180542,644.8209828413209,626.1551122853879,643.9725341796875,12000,0.0,0.0
2015-02-06 00:00:00+09:00,680.4557641152223,721.1812961320935,666.0321381925805,691.485595703125,93500,0.0,0.0
2015-02-09 00:00:00+09:00,704.2123267408392,719.4844012966647,687.2433550121443,693.1824951171875,31900,0.0,0.0
2015-02-10 00:00:00+09:00,683.8494885148021,694.8793189747183,680.4556945271356,684.6979370117188,18600,0.0,0.0
2015-02-12 00:00:00+09:00,694.8793262889905,694.8793262889905,683.0010472071274,689.7886352539062,9100,0.0,0.0
2015-02-13 00:00:00+09:00,687.2432897363642,694.0308777831431,678.7588046778906,689.7886352539062,18900,0.0,0.0
2015-02-16 00:00:00+09:00,689.7886435904154,698.2731287514291,689.7886435904154,695.727783203125,15300,0.0,0.0
2015-02-17 00:00:00+09:00,697.4248129235692,704.21240234375,693.1825695359563,704.21240234375,10900,0.0,0.0
2015-02-18 00:00:00+09:00,708.4546619893248,725.4236359291889,704.2124185043588,717.78759765625,20400,0.0,0.0
2015-02-19 00:00:00+09:00,721.1812616105017,723.7266072397152,711.8483276367188,711.8483276367188,15300,0.0,0.0
2015-02-20 00:00:00+09:00,710.1514305505764,715.2421218090034,703.3638422060069,711.8483276367188,13600,0.0,0.0
2015-02-23 00:00:00+09:00,721.1812924567877,734.7564697265625,717.7874981393439,734.7564697265625,21200,0.0,0.0
2015-02-24 00:00:00+09:00,737.3017286929339,780.5726011478702,737.3017286929339,759.3613891601562,29400,0.0,0.0
2015-02-25 00:00:00+09:00,775.4820069679055,784.81494140625,767.845969700169,784.81494140625,17300,0.0,0.0
2015-02-26 00:00:00+09:00,784.8149070256873,851.8423423284216,783.1180099294155,804.3292236328125,47400,0.0,0.0
2015-02-27 00:00:00+09:00,806.8746046241555,806.8746046241555,784.81494140625,784.81494140625,20000,0.0,0.0
2015-03-02 00:00:00+09:00,784.8149896059737,784.8149896059737,770.3913627699719,774.6336059570312,17200,0.0,0.0
2015-03-03 00:00:00+09:00,774.6336059570312,783.1180923311499,772.0882600447957,774.6336059570312,9100,0.0,0.0
2015-03-04 00:00:00+09:00,776.3304499750551,785.66338434634,769.5428613413935,780.5726928710938,21300,0.0,0.0
2015-03-05 00:00:00+09:00,787.3603536626345,790.7541482904905,786.5119050056703,789.0572509765625,5400,0.0,0.0
2015-03-06 00:00:00+09:00,799.2385136027193,801.7838591874413,790.7540283203125,790.7540283203125,9400,0.0,0.0
2015-03-09 00:00:00+09:00,786.5117938251923,801.7838674917008,786.5117938251923,796.6931762695312,11200,0.0,0.0
2015-03-10 00:00:00+09:00,799.238634860131,799.238634860131,789.0572509765625,789.0572509765625,11000,0.0,0.0
2015-03-11 00:00:00+09:00,789.0572509765625,789.0572509765625,780.572764406922,789.0572509765625,6800,0.0,0.0
2015-03-12 00:00:00+09:00,787.3602435172872,797.5416259765625,783.1180008259225,797.5416259765625,11400,0.0,0.0
2015-03-13 00:00:00+09:00,806.026117234003,806.026117234003,790.7540434337798,801.7838745117188,40400,0.0,0.0
2015-03-16 00:00:00+09:00,819.6013718208256,822.995166321119,780.5727350674531,813.6622314453125,48400,0.0,0.0
2015-03-17 00:00:00+09:00,819.601354650549,847.6001586914062,818.7529060432503,847.6001586914062,29100,0.0,0.0
2015-03-18 00:00:00+09:00,848.4485701018689,865.4175415039062,835.7218415503409,865.4175415039062,30500,0.0,0.0
2015-03-19 00:00:00+09:00,869.6597337491079,881.5380130393396,869.6597337491079,873.0535278320312,25800,0.0,0.0
2015-03-20 00:00:00+09:00,873.9020430603617,878.1442859878392,872.2051458893708,877.2958374023438,14300,0.0,0.0
2015-03-23 00:00:00+09:00,886.6288708838347,916.3245746933411,882.3866274824766,907.840087890625,32300,0.0,0.0
2015-03-24 00:00:00+09:00,912.0822477794828,922.2636310105096,890.8710327148438,890.8710327148438,27000,0.0,0.0
2015-03-25 00:00:00+09:00,890.8710658550262,894.2648603916168,868.8114013671875,868.8114013671875,27500,0.0,0.0
2015-03-26 00:00:00+09:00,853.5393185235758,872.2051883123618,849.2970753897608,862.8722534179688,25900,0.0,0.0
2015-03-27 00:00:00+09:00,843.9268721983036,861.1498695901057,799.1470789796182,834.4542236328125,30500,15.0,0.0
2015-03-30 00:00:00+09:00,824.1204490783497,825.8427488674371,793.1190528747753,808.6197509765625,26700,0.0,0.0
2015-03-31 00:00:00+09:00,800.0082736473527,823.2593214282767,800.0082736473527,815.5089721679688,17500,0.0,0.0
2015-04-01 00:00:00+09:00,802.5916942727977,814.6477926846208,799.1470947265625,799.1470947265625,13700,0.0,0.0
2015-04-02 00:00:00+09:00,793.9802757362268,805.1752253941128,793.9802757362268,795.7025756835938,7700,0.0,0.0
2015-04-03 00:00:00+09:00,795.7025657966893,802.5917655005568,790.5356660187888,797.4248657226562,12300,0.0,0.0
2015-04-06 00:00:00+09:00,793.119072082846,806.8974707292364,793.119072082846,805.1751708984375,8900,0.0,0.0
2015-04-07 00:00:00+09:00,816.370181236738,843.0658306231715,816.370181236738,837.0377807617188,11000,0.0,0.0
2015-04-08 00:00:00+09:00,837.8989307419263,840.4823806825489,831.009730900266,837.0377807617188,6300,0.0,0.0
2015-04-09 00:00:00+09:00,837.037715090981,838.7600149162711,816.3701171875,816.3701171875,7000,0.0,0.0
2015-04-10 00:00:00+09:00,824.9816186269125,834.4542676925658,824.120468711853,826.7039184570312,7700,0.0,0.0
2015-04-13 00:00:00+09:00,829.287284712358,862.872128018466,828.4261348839963,852.538330078125,17500,0.0,0.0
2015-04-14 00:00:00+09:00,852.5384686444257,865.4557181693413,852.5384686444257,860.288818359375,20300,0.0,0.0
2015-04-15 00:00:00+09:00,856.8441728460309,861.1499224583225,826.7039255599897,836.1765747070312,36000,0.0,0.0
2015-04-16 00:00:00+09:00,831.0096751722813,836.1765747070312,830.1485252498229,836.1765747070312,5200,0.0,0.0
2015-04-17 00:00:00+09:00,837.0378006864184,837.0378006864184,829.2874506800628,833.5932006835938,5300,0.0,0.0
2015-04-20 00:00:00+09:00,826.7039629337539,826.7039629337539,800.869464092074,818.95361328125,23300,0.0,0.0
2015-04-21 00:00:00+09:00,806.0363504103875,812.064400039525,794.8414010991321,800.00830078125,21700,0.0,0.0
2015-04-22 00:00:00+09:00,800.008356828587,803.4529568579889,795.7026067918347,800.8695068359375,13300,0.0,0.0
2015-04-23 00:00:00+09:00,805.1752568726898,805.1752568726898,800.8695068359375,800.8695068359375,5500,0.0,0.0
2015-04-24 00:00:00+09:00,806.0363753677963,806.0363753677963,794.8414257099103,795.7025756835938,9200,0.0,0.0
2015-04-27 00:00:00+09:00,799.1470947265625,804.3139940459153,798.2859448400037,799.1470947265625,9600,0.0,0.0
2015-04-28 00:00:00+09:00,800.8695068359375,812.9256069388441,799.1472068212365,800.8695068359375,10600,0.0,0.0
2015-04-30 00:00:00+09:00,796.5637606388871,796.5637606388871,781.9242104433615,789.674560546875,18100,0.0,0.0
2015-05-01 00:00:00+09:00,780.201794145886,781.0629440290492,766.4233960152742,767.2845458984375,31800,0.0,0.0
2015-05-07 00:00:00+09:00,766.4234106390326,781.0629589321377,764.7011108398438,764.7011108398438,15900,0.0,0.0
2015-05-08 00:00:00+09:00,762.9787694318262,774.1737175160404,761.2564697265625,761.2564697265625,18000,0.0,0.0
2015-05-11 00:00:00+09:00,762.1176761361055,768.1457255518714,732.8385789738145,740.5889282226562,43000,0.0,0.0
2015-05-12 00:00:00+09:00,741.4500777939619,775.0349245233051,741.4500777939619,762.11767578125,27400,0.0,0.0
2015-05-13 00:00:00+09:00,813.786642798062,815.5089425711795,794.8413452937685,799.1470947265625,44900,0.0,0.0
2015-05-14 00:00:00+09:00,815.5090149453083,815.5090149453083,793.9802658707225,797.4248657226562,15500,0.0,0.0
2015-05-15 00:00:00+09:00,799.1471656486231,805.1752153895071,796.5637157596728,797.4248657226562,3800,0.0,0.0
2015-05-18 00:00:00+09:00,813.7866700524315,813.7866700524315,802.5917211522393,805.1751708984375,10500,0.0,0.0
2015-05-19 00:00:00+09:00,812.0643456641664,812.0643456641664,805.1751465493061,809.4808959960938,8500,0.0,0.0
2015-05-20 00:00:00+09:00,818.0924219214047,818.0924219214047,811.2032225789087,815.5089721679688,13400,0.0,0.0
2015-05-21 00:00:00+09:00,814.647832057085,817.2312818416212,813.7866821289062,813.7866821289062,2000,0.0,0.0
2015-05-22 00:00:00+09:00,810.3420726610967,818.0924219214047,810.3420726610967,815.5089721679688,10600,0.0,0.0
2015-05-25 00:00:00+09:00,813.7866723323448,821.5370215926528,810.3420726610967,815.5089721679688,7400,0.0,0.0
2015-05-26 00:00:00+09:00,821.5371700213973,821.5371700213973,810.3422190672273,811.203369140625,6800,0.0,0.0
2015-05-27 00:00:00+09:00,811.2032323443701,818.0924317698,809.4809324880126,813.7866821289062,3800,0.0,0.0
2015-05-28 00:00:00+09:00,817.2313016431365,817.2313016431365,807.758652203648,810.3421020507812,9400,0.0,0.0
2015-05-29 00:00:00+09:00,813.7866723323448,821.5370215926528,811.2032225789087,815.5089721679688,13900,0.0,0.0
2015-06-01 00:00:00+09:00,815.5090381711028,818.9536381211392,809.4809882585392,814.6478881835938,4600,0.0,0.0
2015-06-02 00:00:00+09:00,821.5369747614457,821.5369747614457,810.3420264680507,812.9254760742188,3900,0.0,0.0
2015-06-03 00:00:00+09:00,812.9255322007275,816.3701319134425,812.0643822725489,813.7866821289062,1900,0.0,0.0
2015-06-04 00:00:00+09:00,812.9255882085756,817.2313381461211,809.4809882585392,814.6478881835938,3400,0.0,0.0
2015-06-05 00:00:00+09:00,817.231267100145,819.8147168380801,811.2032177116297,816.3701171875,5800,0.0,0.0
2015-06-08 00:00:00+09:00,822.3981688817341,831.0096680323282,822.3981688817341,826.7039184570312,9800,0.0,0.0
2015-06-09 00:00:00+09:00,829.2873434513174,829.2873434513174,809.4808959960938,809.4808959960938,11000,0.0,0.0
2015-06-10 00:00:00+09:00,822.3981692064256,822.3981692064256,805.1751708984375,805.1751708984375,7400,0.0,0.0
2015-06-11 00:00:00+09:00,805.1752530984888,812.064453125,805.1752530984888,812.064453125,2600,0.0,0.0
2015-06-12 00:00:00+09:00,812.925568462171,822.3982180946751,812.0644184955797,818.0924682617188,7500,0.0,0.0
2015-06-15 00:00:00+09:00,826.7039450297311,832.7319946289062,826.7039450297311,832.7319946289062,21800,0.0,0.0
2015-06-16 00:00:00+09:00,842.2045704517249,853.399518729713,835.3153715114245,845.649169921875,19800,0.0,0.0
2015-06-17 00:00:00+09:00,853.3996119943225,857.7053618025684,848.2327122244276,850.816162109375,12400,0.0,0.0
2015-06-18 00:00:00+09:00,855.1219495175491,869.7614995092896,838.7600995267802,865.4557495117188,19400,0.0,0.0
2015-06-19 00:00:00+09:00,862.8722139662591,895.5959107035025,862.8722139662591,891.2901611328125,25100,0.0,0.0
2015-06-22 00:00:00+09:00,921.4304356199766,930.0419350182941,894.7347874851922,897.3182373046875,30000,0.0,0.0
2015-06-23 00:00:00+09:00,898.1793703298947,903.3462698715815,887.845571246521,889.56787109375,4200,0.0,0.0
2015-06-24 00:00:00+09:00,890.4290638799253,890.4290638799253,861.149965067626,871.4837646484375,8900,0.0,0.0
2015-06-25 00:00:00+09:00,871.483797121511,891.2902470560907,871.483797121511,886.9844970703125,9700,0.0,0.0
2015-06-26 00:00:00+09:00,879.2341110899391,898.1794102515245,872.3449113948171,882.6787109375,12200,0.0,0.0
2015-06-29 00:00:00+09:00,860.2887450431307,865.455644412759,848.2326465139977,851.67724609375,23000,0.0,0.0
2015-06-30 00:00:00+09:00,849.9550138549805,873.2060628662109,849.9550138549805,861.1499633789062,6600,0.0,0.0
2015-07-01 00:00:00+09:00,873.2060294315733,902.4851270653736,873.2060294315733,899.04052734375,7900,0.0,0.0
2015-07-02 00:00:00+09:00,880.0951954472303,917.124641048239,880.0951954472303,905.0685424804688,11200,0.0,0.0
2015-07-03 00:00:00+09:00,909.3743698408018,915.402419640883,905.068619983601,912.8189697265625,12400,0.0,0.0
2015-07-06 00:00:00+09:00,908.5131644095858,908.5131644095858,884.4009666811797,890.4290161132812,8700,0.0,0.0
2015-07-07 00:00:00+09:00,893.0125411815858,921.4304909009612,893.0125411815858,919.7081909179688,17000,0.0,0.0
2015-07-08 00:00:00+09:00,909.3742943299605,911.0965941298278,869.7613989330115,872.3448486328125,14600,0.0,0.0
2015-07-09 00:00:00+09:00,861.1499144299195,869.7614135742188,790.5356214466661,869.7614135742188,22600,0.0,0.0
2015-07-10 00:00:00+09:00,870.6226114710366,882.6787109375,869.7614615091464,882.6787109375,10900,0.0,0.0
2015-07-13 00:00:00+09:00,886.9844957512817,895.595995710032,872.3449458214061,876.6506958007812,8300,0.0,0.0
2015-07-14 00:00:00+09:00,883.5399279502368,892.1514282226562,878.3730277867852,892.1514282226562,20200,0.0,0.0
2015-07-15 00:00:00+09:00,895.5958984375,907.6519970703125,882.6786499023438,904.2073974609375,10300,0.0,0.0
2015-07-16 00:00:00+09:00,911.0966910030065,919.7081909179688,907.6520910370216,919.7081909179688,8700,0.0,0.0
2015-07-17 00:00:00+09:00,919.7080017202663,931.7640991210938,911.0965035768181,931.7640991210938,11600,0.0,0.0
2015-07-21 00:00:00+09:00,931.7642310248482,934.3476808336046,930.0419311523438,930.0419311523438,13500,0.0,0.0
2015-07-22 00:00:00+09:00,930.0418267368285,938.65332513254,921.4303283411172,937.7921752929688,5400,0.0,0.0
2015-07-23 00:00:00+09:00,940.3757333371163,964.4879316278116,917.9858349243278,918.8469848632812,24400,0.0,0.0
2015-07-24 00:00:00+09:00,930.0419706133059,955.0153198242188,922.2916208581951,955.0153198242188,15100,0.0,0.0
2015-07-27 00:00:00+09:00,955.0153738341498,955.0153738341498,921.4305229959787,935.2089233398438,3500,0.0,0.0
2015-07-28 00:00:00+09:00,935.2086983784731,935.2086983784731,905.9296046907492,931.7640991210938,2300,0.0,0.0
2015-07-29 00:00:00+09:00,925.7362408584423,925.7362408584423,914.5412909689913,919.7081909179688,4500,0.0,0.0
2015-07-30 00:00:00+09:00,955.8764682985701,955.8764682985701,912.8189697265625,912.8189697265625,5700,0.0,0.0
2015-07-31 00:00:00+09:00,907.6520328097873,930.0419311523438,907.6520328097873,930.0419311523438,3700,0.0,0.0
2015-08-03 00:00:00+09:00,938.6534058179723,938.6534058179723,924.0138572868664,934.34765625,4600,0.0,0.0
2015-08-04 00:00:00+09:00,937.7921849507856,955.0151819195787,935.2087354054665,936.0698852539062,3100,0.0,0.0
2015-08-05 00:00:00+09:00,947.2649121806569,947.2649121806569,938.6534129790145,943.8203125,3800,0.0,0.0
2015-08-06 00:00:00+09:00,904.2073662867604,938.6533611929227,878.3728701071386,920.5692138671875,19100,0.0,0.0
2015-08-07 00:00:00+09:00,925.7361023649431,925.7361023649431,899.9016064849911,900.7627563476562,6800,0.0,0.0
2015-08-10 00:00:00+09:00,900.7628228879443,901.6239728142233,878.3729248046875,878.3729248046875,15200,0.0,0.0
2015-08-11 00:00:00+09:00,878.3729970987561,904.2074970134254,878.3729970987561,886.9844970703125,4300,0.0,0.0
2015-08-12 00:00:00+09:00,886.9844118628171,886.9844118628171,869.7614135742188,869.7614135742188,7100,0.0,0.0
2015-08-13 00:00:00+09:00,868.039187409157,888.706787109375,862.0111374965934,888.706787109375,2600,0.0,0.0
2015-08-14 00:00:00+09:00,892.1513455758299,892.1513455758299,875.7894965739565,885.2621459960938,1400,0.0,0.0
2015-08-17 00:00:00+09:00,881.8175383877159,904.2074368233415,874.0671889292302,897.3182373046875,28000,0.0,0.0
2015-08-18 00:00:00+09:00,904.2074368233415,904.2074368233415,896.4570873648557,897.3182373046875,10500,0.0,0.0
2015-08-19 00:00:00+09:00,903.34619140625,907.6519406503218,890.4289436740348,903.34619140625,69300,0.0,0.0
2015-08-20 00:00:00+09:00,880.9563718576053,904.2074197951961,880.0952219339908,889.56787109375,10200,0.0,0.0
2015-08-21 00:00:00+09:00,874.0672128295898,874.0672128295898,856.8442135620118,861.1499633789062,11200,0.0,0.0
2015-08-24 00:00:00+09:00,831.0096652044323,865.4556616895901,807.7586175769508,859.4276123046875,18500,0.0,0.0
2015-08-25 00:00:00+09:00,809.4809394102216,851.6772862518183,792.2579406993658,823.2593383789062,14800,0.0,0.0
2015-08-26 00:00:00+09:00,818.0924888112437,861.1499882223618,818.0924888112437,856.84423828125,15400,0.0,0.0
2015-08-27 00:00:00+09:00,864.594583166651,865.4557331498847,857.7053833007812,857.7053833007812,1600,0.0,0.0
2015-08-28 00:00:00+09:00,858.5665544608675,880.956454577199,831.0097543176902,864.5946044921875,11000,0.0,0.0
2015-08-31 00:00:00+09:00,852.5383888617351,865.455637177822,852.5383888617351,863.7333374023438,900,0.0,0.0
2015-09-01 00:00:00+09:00,863.7333895313496,869.7614391093351,842.2046410385443,843.9269409179688,6000,0.0,0.0
2015-09-02 00:00:00+09:00,843.9269689611486,843.9269689611486,820.6759198163007,828.42626953125,3600,0.0,0.0
2015-09-03 00:00:00+09:00,828.4262838708349,857.7053833007812,828.4262838708349,857.7053833007812,6800,0.0,0.0
2015-09-04 00:00:00+09:00,859.4276549106,861.1499548202405,836.1766061304535,841.343505859375,21900,0.0,0.0
2015-09-07 00:00:00+09:00,815.5089429633189,825.8427416069935,803.4528445456986,820.6758422851562,4100,0.0,0.0
2015-09-08 00:00:00+09:00,805.1752339457418,814.6478837568682,783.646484375,783.646484375,5800,0.0,0.0
2015-09-09 00:00:00+09:00,792.2580332298802,817.2313842773438,792.2580332298802,817.2313842773438,3800,0.0,0.0
2015-09-10 00:00:00+09:00,808.6197486685104,819.814697265625,807.7585987764246,819.814697265625,22000,0.0,0.0
2015-09-11 00:00:00+09:00,822.3982460606543,877.5118457966563,822.3982460606543,876.6506958007812,5300,0.0,0.0
2015-09-14 00:00:00+09:00,851.6771802497633,876.6505252722538,849.9548805930398,852.538330078125,4400,0.0,0.0
2015-09-15 00:00:00+09:00,852.5384423040574,872.3448909636467,852.5384423040574,854.2607421875,3600,0.0,0.0
2015-09-16 00:00:00+09:00,868.9002911967616,868.9002911967616,849.9549924788936,854.2607421875,2800,0.0,0.0
2015-09-17 00:00:00+09:00,859.4276149072018,867.1779641398318,844.7880663566783,848.232666015625,3000,0.0,0.0
2015-09-18 00:00:00+09:00,848.232666015625,856.8441651629918,837.8988670387849,848.232666015625,3100,0.0,0.0
2015-09-24 00:00:00+09:00,848.2327122244276,852.5384620326734,838.7600626462868,850.816162109375,1800,0.0,0.0
2015-09-25 00:00:00+09:00,861.1499073569046,868.0391066157598,832.7319604141267,838.760009765625,7000,0.0,0.0
2015-09-28 00:00:00+09:00,838.7600658553686,839.6212158203125,814.6478668369391,839.6212158203125,1900,0.0,0.0
2015-09-29 00:00:00+09:00,827.5650462943967,827.5650462943967,805.1751491001675,819.814697265625,3200,0.0,0.0
2015-09-30 00:00:00+09:00,832.7320308606811,858.566530266907,832.7320308606811,837.0377807617188,2800,0.0,0.0
2015-10-01 00:00:00+09:00,843.9269289626288,843.9269289626288,835.3154296875,835.3154296875,1300,0.0,0.0
2015-10-02 00:00:00+09:00,835.3154742730147,835.3154742730147,826.7039745382414,827.5651245117188,1200,0.0,0.0
2015-10-05 00:00:00+09:00,846.5104155398637,846.5104155398637,831.0097161708734,839.6212158203125,1400,0.0,0.0
2015-10-06 00:00:00+09:00,845.6491377783603,845.6491377783603,839.6210889347265,840.4822387695312,800,0.0,0.0
2015-10-07 00:00:00+09:00,840.4822387695312,840.4822387695312,840.4822387695312,840.4822387695312,0,0.0,0.0
2015-10-08 00:00:00+09:00,849.9549904959542,849.9549904959542,843.9269409179688,843.9269409179688,1000,0.0,0.0
2015-10-09 00:00:00+09:00,857.7053969263666,857.7053969263666,844.7881469726562,844.7881469726562,1100,0.0,0.0
2015-10-13 00:00:00+09:00,843.9269262024733,846.5103759765625,843.9269262024733,846.5103759765625,10900,0.0,0.0
2015-10-14 00:00:00+09:00,846.5103907371054,846.5103907371054,843.9269409179688,843.9269409179688,10300,0.0,0.0
2015-10-15 00:00:00+09:00,845.649216271415,848.232666015625,844.7880663566783,848.232666015625,1200,0.0,0.0
2015-10-16 00:00:00+09:00,848.2326758259553,848.2326758259553,845.6492260518661,846.5103759765625,600,0.0,0.0
2015-10-19 00:00:00+09:00,849.9550469541405,849.9550469541405,844.7881469726562,844.7881469726562,900,0.0,0.0
2015-10-20 00:00:00+09:00,849.0939331054688,849.0939331054688,844.7881829375912,849.0939331054688,800,0.0,0.0
2015-10-21 00:00:00+09:00,849.0938159303616,849.0938159303616,848.232666015625,848.232666015625,2000,0.0,0.0
2015-10-22 00:00:00+09:00,843.9269262024733,846.5103759765625,843.9269262024733,846.5103759765625,1800,0.0,0.0
2015-10-23 00:00:00+09:00,850.8162331726198,850.8162331726198,847.3716330383177,849.0939331054688,1700,0.0,0.0
2015-10-26 00:00:00+09:00,855.9830882930275,861.1499882223618,853.3996383283605,856.84423828125,5400,0.0,0.0
2015-10-27 00:00:00+09:00,856.8441625683007,861.1499121289454,854.2607128319139,859.4276123046875,1400,0.0,0.0
2015-10-28 00:00:00+09:00,860.2888166897203,860.2888166897203,849.9550170898438,849.9550170898438,1000,0.0,0.0
2015-10-29 00:00:00+09:00,858.5664749223121,858.5664749223121,843.9269262024733,846.5103759765625,2200,0.0,0.0
2015-10-30 00:00:00+09:00,844.7880908576809,846.5103907371054,843.9269409179688,843.9269409179688,1100,0.0,0.0
2015-11-02 00:00:00+09:00,843.9268730056118,855.9829711914062,843.9268730056118,855.9829711914062,1100,0.0,0.0
2015-11-04 00:00:00+09:00,855.9830450695066,855.9830450695066,835.3154463957961,843.0657958984375,3300,0.0,0.0
2015-11-05 00:00:00+09:00,847.3715456221272,847.3715456221272,842.2046459536996,843.0657958984375,4400,0.0,0.0
2015-11-06 00:00:00+09:00,846.5104482598896,865.4557482209451,846.5104482598896,855.1219482421875,8000,0.0,0.0
2015-11-09 00:00:00+09:00,868.0390269886365,868.0390269886365,852.538330078125,852.538330078125,3700,0.0,0.0
2015-11-10 00:00:00+09:00,843.0657978077109,856.8441969547214,843.0657978077109,853.3995971679688,4800,0.0,0.0
2015-11-11 00:00:00+09:00,853.3995677829387,863.7333667873739,852.5384178659025,858.5664672851562,27100,0.0,0.0
2015-11-12 00:00:00+09:00,862.8722682643581,864.5945682010135,858.5665184227196,860.288818359375,1700,0.0,0.0
2015-11-13 00:00:00+09:00,859.4276467947859,859.4276467947859,852.5384472212806,853.3995971679688,2600,0.0,0.0
2015-11-16 00:00:00+09:00,851.6772705946511,859.4276198720544,847.3715209960938,847.3715209960938,2300,0.0,0.0
2015-11-17 00:00:00+09:00,843.9269262024733,847.3715259012589,839.6211765789913,846.5103759765625,4900,0.0,0.0
2015-11-18 00:00:00+09:00,848.2326195244877,855.9829683323256,843.0657203192624,845.649169921875,2500,0.0,0.0
2015-11-19 00:00:00+09:00,845.6492969695703,846.5104469664843,843.0658469788283,844.7881469726562,2000,0.0,0.0
2015-11-20 00:00:00+09:00,852.5385332397708,852.5385332397708,845.6493329711666,849.0939331054688,500,0.0,0.0
2015-11-24 00:00:00+09:00,843.9269409179688,847.3715406768176,841.343491098832,843.9269409179688,5700,0.0,0.0
2015-11-25 00:00:00+09:00,853.3995655040451,853.3995655040451,848.232666015625,848.232666015625,800,0.0,0.0
2015-11-26 00:00:00+09:00,848.2327830718932,849.9550831390443,845.6493329711666,849.0939331054688,1800,0.0,0.0
2015-11-27 00:00:00+09:00,849.0938159303616,849.0938159303616,847.3715161008884,848.232666015625,4500,0.0,0.0
2015-11-30 00:00:00+09:00,848.2326709158052,849.9549707552281,847.3715209960938,847.3715209960938,1300,0.0,0.0
2015-12-01 00:00:00+09:00,848.2326709158052,849.9549707552281,846.5103710763823,847.3715209960938,1700,0.0,0.0
2015-12-02 00:00:00+09:00,850.816115759835,850.816115759835,846.5103661861516,848.232666015625,3300,0.0,0.0
2015-12-03 00:00:00+09:00,854.2606685972505,854.2606685972505,845.649169921875,845.649169921875,1400,0.0,0.0
2015-12-04 00:00:00+09:00,846.5104123011292,850.816162109375,846.5104123011292,850.816162109375,1200,0.0,0.0
2015-12-07 00:00:00+09:00,861.1499882223618,861.1499882223618,856.84423828125,856.84423828125,3600,0.0,0.0
2015-12-08 00:00:00+09:00,859.427688245917,859.427688245917,856.84423828125,856.84423828125,900,0.0,0.0
2015-12-09 00:00:00+09:00,856.8440792199337,857.7052290482955,849.9548805930398,852.538330078125,4400,0.0,0.0
2015-12-10 00:00:00+09:00,852.538330078125,855.982929391572,850.8160304214016,852.538330078125,900,0.0,0.0
2015-12-11 00:00:00+09:00,849.9550170898438,849.9550170898438,849.9550170898438,849.9550170898438,300,0.0,0.0
2015-12-14 00:00:00+09:00,849.9550121477258,850.816162109375,843.9269624161817,850.816162109375,6200,0.0,0.0
2015-12-15 00:00:00+09:00,843.0658469788283,852.5384969448825,843.0658469788283,844.7881469726562,2500,0.0,0.0
2015-12-16 00:00:00+09:00,840.4822707166497,850.8160691271004,840.4822707166497,845.649169921875,3200,0.0,0.0
2015-12-17 00:00:00+09:00,843.9268381087506,854.2606361264088,837.0376394303119,840.4822387695312,8900,0.0,0.0
2015-12-18 00:00:00+09:00,838.7599902942868,843.0657397311159,838.7599902942868,842.20458984375,3500,0.0,0.0
2015-12-21 00:00:00+09:00,840.4823806825489,843.0658306231715,836.1766307815112,837.0377807617188,2200,0.0,0.0
2015-12-22 00:00:00+09:00,831.0096386895664,831.8707885742188,827.5650391509567,831.8707885742188,7300,0.0,0.0
2015-12-24 00:00:00+09:00,827.5651195629223,841.3435190561656,827.5651195629223,828.42626953125,3400,0.0,0.0
2015-12-25 00:00:00+09:00,828.42626953125,828.42626953125,828.42626953125,828.42626953125,0,0.0,0.0
2015-12-28 00:00:00+09:00,818.0925093356918,832.7320595027516,817.2313593258648,821.537109375,8600,0.0,0.0
2015-12-29 00:00:00+09:00,819.814799537469,865.4557495117188,819.814799537469,865.4557495117188,5500,0.0,0.0
2015-12-30 00:00:00+09:00,861.1499447379341,861.1499447379341,843.0657958984375,843.0657958984375,1000,0.0,0.0
2016-01-04 00:00:00+09:00,857.7052851137908,857.7052851137908,818.9535403044327,831.8707885742188,7000,0.0,0.0
2016-01-05 00:00:00+09:00,840.4822387695312,841.3433886043362,839.6210889347265,840.4822387695312,2100,0.0,0.0
2016-01-06 00:00:00+09:00,840.4823757065776,843.0658256319051,834.4543258808131,837.89892578125,2300,0.0,0.0
2016-01-07 00:00:00+09:00,843.9269262024733,846.5103759765625,827.5650776332417,846.5103759765625,1800,0.0,0.0
2016-01-08 00:00:00+09:00,829.2874064918916,842.2046558141952,829.2874064918916,841.343505859375,800,0.0,0.0
2016-01-12 00:00:00+09:00,825.8427685419719,836.1765675226846,819.8147191365559,826.7039184570312,4400,0.0,0.0
2016-01-13 00:00:00+09:00,826.703930412371,835.3154296875,826.703930412371,835.3154296875,1100,0.0,0.0
2016-01-14 00:00:00+09:00,822.3981884433634,837.0377373475909,821.5370385078206,823.2593383789062,2700,0.0,0.0
2016-01-15 00:00:00+09:00,831.009624154452,834.4542236328125,822.398125458551,834.4542236328125,1400,0.0,0.0
2016-01-18 00:00:00+09:00,832.7319407027766,832.7319407027766,818.9535425112105,820.6758422851562,1500,0.0,0.0
2016-01-19 00:00:00+09:00,818.9536247769454,829.2874244586734,818.9536247769454,827.5651245117188,3700,0.0,0.0
2016-01-20 00:00:00+09:00,820.6758787915702,826.7039282685282,818.092429015731,824.9816284179688,1500,0.0,0.0
2016-01-21 00:00:00+09:00,807.7586206446357,823.2593191218249,805.1751708984375,805.1751708984375,5800,0.0,0.0
2016-01-22 00:00:00+09:00,805.1751731542247,818.0924219214047,805.1751731542247,815.5089721679688,3100,0.0,0.0
2016-01-25 00:00:00+09:00,828.42621828715,828.42621828715,825.8427685419719,826.7039184570312,1000,0.0,0.0
2016-01-26 00:00:00+09:00,818.0924170127901,821.5370166633702,816.3701171875,816.3701171875,1000,0.0,0.0
2016-01-27 00:00:00+09:00,817.2313182951274,818.0924682617188,817.2313182951274,818.0924682617188,300,0.0,0.0
2016-01-28 00:00:00+09:00,818.0924682617188,819.8147681949013,818.0924682617188,818.0924682617188,1700,0.0,0.0
2016-01-29 00:00:00+09:00,822.3982148452711,829.2874145507812,818.0924650293273,829.2874145507812,2300,0.0,0.0
2016-02-01 00:00:00+09:00,831.0096800499355,835.3154296875,818.9535810647551,835.3154296875,3100,0.0,0.0
2016-02-02 00:00:00+09:00,837.0377692145271,837.8989191828548,828.42626953125,828.42626953125,900,0.0,0.0
2016-02-03 00:00:00+09:00,823.2593599058285,830.1485595703125,819.8147600735866,830.1485595703125,1200,0.0,0.0
2016-02-04 00:00:00+09:00,828.4263044267425,831.0097544405473,818.0925043715232,822.3982543945312,4400,0.0,0.0
2016-02-05 00:00:00+09:00,835.3154675935443,835.3154675935443,818.0924682617188,818.0924682617188,15300,0.0,0.0
2016-02-08 00:00:00+09:00,831.009590586678,840.4822387695312,818.0923430646053,840.4822387695312,6200,0.0,0.0
2016-02-09 00:00:00+09:00,819.8146750240003,821.5369747614457,805.1751272557145,812.9254760742188,11500,0.0,0.0
2016-02-10 00:00:00+09:00,822.3982380711756,822.3982380711756,794.8414384708849,814.6478881835938,3500,0.0,0.0
2016-02-12 00:00:00+09:00,794.8414207664696,807.7586702913852,762.1177219700169,796.563720703125,7000,0.0,0.0
2016-02-15 00:00:00+09:00,818.0925031481972,818.0925031481972,796.5637530653499,812.064453125,4900,0.0,0.0
2016-02-16 00:00:00+09:00,817.2313381461211,818.0924881336301,814.6478881835938,814.6478881835938,1300,0.0,0.0
2016-02-17 00:00:00+09:00,813.7867883535532,817.2313885158964,806.0364379882812,806.0364379882812,2600,0.0,0.0
2016-02-18 00:00:00+09:00,807.75873388003,818.0925343134633,807.75873388003,817.2313842773438,5200,0.0,0.0
2016-02-19 00:00:00+09:00,817.2313531448833,817.2313531448833,812.064453125,812.064453125,1300,0.0,0.0
2016-02-22 00:00:00+09:00,812.0644781767433,812.0644781767433,805.1752779377041,807.7587280273438,1300,0.0,0.0
2016-02-23 00:00:00+09:00,806.0364379882812,806.0364379882812,801.7306877853524,806.0364379882812,1500,0.0,0.0
2016-02-24 00:00:00+09:00,808.6197159857237,808.6197159857237,793.1190185546875,793.1190185546875,2200,0.0,0.0
2016-02-25 00:00:00+09:00,793.9803275492654,807.7587280273438,793.9803275492654,807.7587280273438,1400,0.0,0.0
2016-02-26 00:00:00+09:00,807.7586719427444,809.4809718829209,805.1752220324798,806.8975219726562,1900,0.0,0.0
2016-02-29 00:00:00+09:00,812.0644882723817,812.0644882723817,806.0364379882812,806.0364379882812,1600,0.0,0.0
2016-03-01 00:00:00+09:00,811.2032601069478,811.2032601069478,798.2860107421875,798.2860107421875,1600,0.0,0.0
2016-03-02 00:00:00+09:00,798.2859764344176,808.6197754821123,798.2859764344176,804.3140258789062,800,0.0,0.0
2016-03-03 00:00:00+09:00,809.4810381506244,813.7867883535532,805.1752879476956,806.0364379882812,3100,0.0,0.0
2016-03-04 00:00:00+09:00,799.1471606998382,802.591760530441,798.2860107421875,798.2860107421875,5800,0.0,0.0
2016-03-07 00:00:00+09:00,809.4810018734057,809.4810018734057,801.7306518554688,801.7306518554688,6800,0.0,0.0
2016-03-08 00:00:00+09:00,800.0083419292814,809.4809918337185,800.0083419292814,803.4529418945312,1800,0.0,0.0
2016-03-09 00:00:00+09:00,799.1472068212365,800.8695068359375,799.1472068212365,800.8695068359375,400,0.0,0.0
2016-03-10 00:00:00+09:00,801.730656843288,805.1752568726898,800.8695068359375,800.8695068359375,3200,0.0,0.0
2016-03-11 00:00:00+09:00,800.8695068359375,801.730656843288,791.3968567550824,800.8695068359375,8500,0.0,0.0
2016-03-14 00:00:00+09:00,800.8695018534759,806.0364018654337,798.2860518474969,801.7306518554688,10900,0.0,0.0
2016-03-15 00:00:00+09:00,804.3141068653393,806.0364068800403,800.8695068359375,800.8695068359375,6900,0.0,0.0
2016-03-16 00:00:00+09:00,801.7306105727903,801.7306105727903,798.2860107421875,798.2860107421875,6400,0.0,0.0
2016-03-17 00:00:00+09:00,798.2860518474969,812.9256018813776,798.2860518474969,801.7306518554688,5300,0.0,0.0
2016-03-18 00:00:00+09:00,801.7306155375734,809.4809652044243,796.5637157596728,797.4248657226562,5800,0.0,0.0
2016-03-22 00:00:00+09:00,823.2594345301799,823.2594345301799,807.75873388003,817.2313842773438,13100,0.0,0.0
2016-03-23 00:00:00+09:00,823.2593630881966,830.1485627793112,818.0924633198606,818.95361328125,5200,0.0,0.0
2016-03-24 00:00:00+09:00,831.8707908158036,831.8707908158036,819.8146923981833,820.6758422851562,4000,0.0,0.0
2016-03-25 00:00:00+09:00,830.1485546369009,831.0097045898438,810.3421057192155,831.0097045898438,8600,0.0,0.0
2016-03-28 00:00:00+09:00,843.9269092097664,857.7053077274769,831.0096605994129,838.760009765625,10200,0.0,0.0
2016-03-29 00:00:00+09:00,840.5038172164805,840.5038172164805,823.0659786850182,834.4005737304688,6400,12.0,0.0
2016-03-30 00:00:00+09:00,830.9129394400273,830.9129394400273,809.1156430223981,812.6032104492188,3800,0.0,0.0
2016-03-31 00:00:00+09:00,806.5000610351562,808.2438449509079,798.6530334142736,806.5000610351562,6300,0.0,0.0
2016-04-01 00:00:00+09:00,802.1405785484652,805.6281462812846,788.1903076171875,788.1903076171875,7600,0.0,0.0
2016-04-04 00:00:00+09:00,784.7026786418876,784.7026786418876,776.8556518554688,776.8556518554688,5900,0.0,0.0
2016-04-05 00:00:00+09:00,776.8556518554688,792.5497054283065,775.9837599903111,776.8556518554688,8200,0.0,0.0
2016-04-06 00:00:00+09:00,776.8557212954662,797.7811279296875,775.9838293523736,797.7811279296875,12100,0.0,0.0
2016-04-07 00:00:00+09:00,784.7027958822514,810.859555744993,781.2152279005525,789.062255859375,1800,0.0,0.0
2016-04-08 00:00:00+09:00,779.4715021669475,800.3969116210938,779.4715021669475,800.3969116210938,1800,0.0,0.0
2016-04-11 00:00:00+09:00,801.2686064447823,803.0123901367188,793.4215798310685,803.0123901367188,1000,0.0,0.0
2016-04-12 00:00:00+09:00,789.9340353886633,798.6529541015625,789.9340353886633,798.6529541015625,600,0.0,0.0
2016-04-13 00:00:00+09:00,794.2935601573173,797.7811279296875,794.2935601573173,797.7811279296875,1800,0.0,0.0
2016-04-14 00:00:00+09:00,802.1405215867222,802.1405215867222,793.4216028738231,798.6529541015625,2400,0.0,0.0
2016-04-15 00:00:00+09:00,806.5000981156544,810.8595581054688,796.0373941401,810.8595581054688,2200,0.0,0.0
2016-04-18 00:00:00+09:00,803.0125289059393,826.553612815234,803.0125289059393,822.1941528320312,14400,0.0,0.0
2016-04-19 00:00:00+09:00,823.9379689866801,827.425537109375,821.3222928946589,827.425537109375,1800,0.0,0.0
2016-04-20 00:00:00+09:00,819.5784500799872,826.5535858253487,804.7562866210938,804.7562866210938,6600,0.0,0.0
2016-04-21 00:00:00+09:00,815.2190132837675,815.2190132837675,809.9876613268663,811.7314453125,4300,0.0,0.0
2016-04-22 00:00:00+09:00,805.6281221277574,817.8346088266628,805.6281221277574,815.2189331054688,2400,0.0,0.0
2016-04-25 00:00:00+09:00,823.9378332558531,823.9378332558531,812.6032387242911,818.7064819335938,2400,0.0,0.0
2016-04-26 00:00:00+09:00,810.8594267358084,813.4751023059239,810.8594267358084,812.6032104492188,1300,0.0,0.0
2016-04-27 00:00:00+09:00,810.8594453745875,810.8594453745875,809.1156616210938,809.1156616210938,900,0.0,0.0
2016-04-28 00:00:00+09:00,809.1157416801948,823.066013088474,802.1406059760552,805.628173828125,3900,0.0,0.0
2016-05-02 00:00:00+09:00,799.5248459728524,799.5248459728524,798.6529541015625,798.6529541015625,500,0.0,0.0
2016-05-06 00:00:00+09:00,817.8346088266628,817.8346088266628,815.2189331054688,815.2189331054688,800,0.0,0.0
2016-05-09 00:00:00+09:00,806.500014034822,815.2189331054688,800.3967706853693,815.2189331054688,800,0.0,0.0
2016-05-10 00:00:00+09:00,803.0124884784608,810.8595160531689,803.0124884784608,807.3719482421875,700,0.0,0.0
2016-05-11 00:00:00+09:00,817.8346468731037,818.7065388207296,804.756267658715,808.2438354492188,1200,0.0,0.0
2016-05-12 00:00:00+09:00,808.243779289075,818.7064819335938,793.4216172093401,818.7064819335938,3500,0.0,0.0
2016-05-13 00:00:00+09:00,808.243741212528,816.0907678262419,800.3967145988141,803.0123901367188,2800,0.0,0.0
2016-05-16 00:00:00+09:00,791.6779127131463,798.6530485079758,784.7027769183169,792.5498046875,6600,0.0,0.0
2016-05-17 00:00:00+09:00,792.5496977449998,812.6032104492188,786.4464547480636,812.6032104492188,3200,0.0,0.0
2016-05-18 00:00:00+09:00,797.7812354393254,800.3969116210938,797.7812354393254,800.3969116210938,300,0.0,0.0
2016-05-19 00:00:00+09:00,792.5497999254164,798.6530437092205,791.6779079563015,793.4216918945312,2600,0.0,0.0
2016-05-20 00:00:00+09:00,789.9341240180718,794.2935838636462,789.9341240180718,793.4216918945312,1800,0.0,0.0
2016-05-23 00:00:00+09:00,789.9340773207086,809.1156995073043,789.0621854031361,790.8059692382812,4600,0.0,0.0
2016-05-24 00:00:00+09:00,791.6779127131463,803.8844003540979,790.8060207387927,792.5498046875,700,0.0,0.0
2016-05-25 00:00:00+09:00,792.5497999254164,804.7562874930246,792.5497999254164,793.4216918945312,4000,0.0,0.0
2016-05-26 00:00:00+09:00,797.7811556007237,804.7562913873966,792.5498037607189,803.8843994140625,4800,0.0,0.0
2016-05-27 00:00:00+09:00,795.1654615621577,796.9092454690923,795.1654615621577,796.037353515625,1600,0.0,0.0
2016-05-30 00:00:00+09:00,796.0372784876928,802.1405215867222,792.5497110025331,798.6529541015625,2200,0.0,0.0
2016-05-31 00:00:00+09:00,797.7810622302726,799.5248459728524,797.7810622302726,798.6529541015625,2100,0.0,0.0
2016-06-01 00:00:00+09:00,799.5249027488506,802.1405785484652,788.1903076171875,788.1903076171875,11200,0.0,0.0
2016-06-02 00:00:00+09:00,786.4465284717176,793.4216639792272,786.4465284717176,787.3184204101562,2900,0.0,0.0
2016-06-03 00:00:00+09:00,792.5497999254164,795.165475832761,792.5497999254164,793.4216918945312,400,0.0,0.0
2016-06-06 00:00:00+09:00,806.5000665959882,806.5000665959882,794.2935791015625,794.2935791015625,3400,0.0,0.0
2016-06-07 00:00:00+09:00,790.8059690392536,804.756239716903,790.8059690392536,802.1405639648438,3000,0.0,0.0
2016-06-08 00:00:00+09:00,797.7811469571127,799.5249308848878,794.2935791015625,794.2935791015625,8100,0.0,0.0
2016-06-09 00:00:00+09:00,797.7811374225596,805.628165003765,795.1654615621577,796.037353515625,3200,0.0,0.0
2016-06-10 00:00:00+09:00,796.9092454690923,796.9092454690923,796.037353515625,796.037353515625,600,0.0,0.0
2016-06-13 00:00:00+09:00,796.0372922770182,797.7810760498046,777.7275626627604,784.7026977539062,11800,0.0,0.0
2016-06-14 00:00:00+09:00,775.1119337446233,776.855717622564,772.4962579277123,775.9838256835938,4600,0.0,0.0
2016-06-15 00:00:00+09:00,775.9837975507414,783.8308247169849,767.2648784771377,769.8805541992188,11400,0.0,0.0
2016-06-16 00:00:00+09:00,769.8805836051107,769.8805836051107,741.9800415039062,741.9800415039062,9200,0.0,0.0
2016-06-17 00:00:00+09:00,737.6205538347434,762.0335272477137,728.0297428510765,735.8767700195312,5700,0.0,0.0
2016-06-20 00:00:00+09:00,735.8768510753309,765.5211791992188,735.8768510753309,765.5211791992188,3400,0.0,0.0
2016-06-21 00:00:00+09:00,775.9837313690876,775.9837313690876,767.2648130390979,770.7523803710938,2800,0.0,0.0
2016-06-22 00:00:00+09:00,761.1616257833779,769.0086528533096,760.2897338867188,760.2897338867188,1100,0.0,0.0
2016-06-23 00:00:00+09:00,764.6492728710716,776.8557606934148,764.6492728710716,768.1368408203125,4100,0.0,0.0
2016-06-24 00:00:00+09:00,768.1367997237854,768.1367997237854,737.6205818005931,741.9800415039062,6800,0.0,0.0
2016-06-27 00:00:00+09:00,741.1082763671875,760.28990234375,736.7488159179687,741.1082763671875,2300,0.0,0.0
2016-06-28 00:00:00+09:00,741.1082513648344,741.1082513648344,723.67041015625,723.67041015625,600,0.0,0.0
2016-06-29 00:00:00+09:00,758.5460205078125,771.6244001717403,758.5460205078125,758.5460205078125,700,0.0,0.0
2016-06-30 00:00:00+09:00,764.6492445127536,773.3681640625,764.6492445127536,773.3681640625,1300,0.0,0.0
2016-07-01 00:00:00+09:00,767.2649873818729,774.240123630799,758.5460670707153,761.1617431640625,3500,0.0,0.0
2016-07-04 00:00:00+09:00,761.1617431640625,761.1617431640625,761.1617431640625,761.1617431640625,1100,0.0,0.0
2016-07-05 00:00:00+09:00,774.2401187294408,774.2401187294408,762.0336303710938,762.0336303710938,1200,0.0,0.0
2016-07-06 00:00:00+09:00,748.9552001953125,748.9552001953125,748.9552001953125,748.9552001953125,200,0.0,0.0
2016-07-07 00:00:00+09:00,758.5460205078125,758.5460205078125,756.8022365526222,758.5460205078125,800,0.0,0.0
2016-07-08 00:00:00+09:00,750.6989182583121,752.4427020405614,749.8270263671875,749.8270263671875,1500,0.0,0.0
2016-07-11 00:00:00+09:00,749.8270263671875,749.8270263671875,749.8270263671875,749.8270263671875,0,0.0,0.0
2016-07-12 00:00:00+09:00,781.215225497159,781.215225497159,766.3930616205389,767.2649536132812,2200,0.0,0.0
2016-07-13 00:00:00+09:00,767.2648130390979,792.5496761960682,767.2648130390979,770.7523803710938,3800,0.0,0.0
2016-07-14 00:00:00+09:00,769.8805590455086,770.7524509583574,757.674072265625,757.674072265625,1100,0.0,0.0
2016-07-15 00:00:00+09:00,784.7026977539062,789.0621571858724,784.7026977539062,784.7026977539062,1600,0.0,0.0
2016-07-19 00:00:00+09:00,775.9838771392411,784.7027971070978,774.2400931456698,777.7276611328125,1800,0.0,0.0
2016-07-20 00:00:00+09:00,776.8557679234289,791.6779318456491,776.8557679234289,789.062255859375,3200,0.0,0.0
2016-07-21 00:00:00+09:00,787.3184718685255,790.8060398502245,783.8309038868266,789.062255859375,2200,0.0,0.0
2016-07-22 00:00:00+09:00,789.0621571858724,792.5497247314453,783.8308058675129,784.7026977539062,2800,0.0,0.0
2016-07-25 00:00:00+09:00,796.0373941401,810.8595581054688,779.4714461788054,810.8595581054688,16500,0.0,0.0
2016-07-26 00:00:00+09:00,811.7313750557278,812.6032669730808,791.6778609566067,802.1405639648438,19000,0.0,0.0
2016-07-27 00:00:00+09:00,812.6032104492188,812.6032104492188,812.6032104492188,812.6032104492188,100,0.0,0.0
2016-07-28 00:00:00+09:00,799.5248325986412,812.6032104492188,789.0621303181791,812.6032104492188,700,0.0,0.0
2016-07-29 00:00:00+09:00,801.2687052364287,809.9876247711014,796.037353515625,796.037353515625,300,0.0,0.0
2016-08-01 00:00:00+09:00,793.4217751363783,813.4752925299351,793.4217751363783,800.3969116210938,1400,0.0,0.0
2016-08-02 00:00:00+09:00,793.4217193836474,799.5249633789062,790.8060433856793,799.5249633789062,300,0.0,0.0
2016-08-03 00:00:00+09:00,799.5248212590564,799.5248212590564,780.3432006835938,780.3432006835938,1300,0.0,0.0
2016-08-04 00:00:00+09:00,779.4713929642079,787.3184204101562,779.4713929642079,787.3184204101562,900,0.0,0.0
2016-08-05 00:00:00+09:00,778.5995435608047,784.702787463297,778.5995435608047,779.471435546875,2800,0.0,0.0
2016-08-08 00:00:00+09:00,805.6281462812846,805.6281462812846,788.1903076171875,788.1903076171875,3100,0.0,0.0
2016-08-09 00:00:00+09:00,784.7027493157567,791.6778848652301,782.0870734847042,786.446533203125,1500,0.0,0.0
2016-08-10 00:00:00+09:00,794.2936078319233,795.1654998273481,789.062255859375,789.062255859375,500,0.0,0.0
2016-08-12 00:00:00+09:00,789.062237739563,789.062237739563,770.7525062561035,781.2152099609375,2800,0.0,0.0
2016-08-15 00:00:00+09:00,789.062255859375,793.4217158364986,785.5746878776761,789.062255859375,2300,0.0,0.0
2016-08-16 00:00:00+09:00,780.343252328726,783.830819936899,778.5994685246394,782.0870361328125,900,0.0,0.0
2016-08-17 00:00:00+09:00,801.2686919137333,801.2686919137333,775.9838256835938,775.9838256835938,3400,0.0,0.0
2016-08-18 00:00:00+09:00,778.5995531295981,778.5995531295981,777.7276611328125,777.7276611328125,200,0.0,0.0
2016-08-19 00:00:00+09:00,773.3682299198468,778.5995820951784,772.496337890625,772.496337890625,800,0.0,0.0
2016-08-22 00:00:00+09:00,776.8557691360268,777.7276611328125,776.8557691360268,777.7276611328125,200,0.0,0.0
2016-08-23 00:00:00+09:00,779.4713464355468,788.1902652994792,776.8556707763671,784.7026977539062,2300,0.0,0.0
2016-08-24 00:00:00+09:00,797.7811469571127,797.7811469571127,783.8308755349118,794.2935791015625,1800,0.0,0.0
2016-08-25 00:00:00+09:00,797.7811937728649,797.7811937728649,789.934165637394,796.9093017578125,3000,0.0,0.0
2016-08-26 00:00:00+09:00,783.8308661670831,796.037353515625,783.8308661670831,796.037353515625,1600,0.0,0.0
2016-08-29 00:00:00+09:00,796.037325222941,801.2686767578125,786.4465140756766,801.2686767578125,2800,0.0,0.0
2016-08-30 00:00:00+09:00,802.1405639648438,802.1405639648438,801.2686720474907,802.1405639648438,600,0.0,0.0
2016-08-31 00:00:00+09:00,802.1405876451503,802.1405876451503,797.7811279296875,797.7811279296875,400,0.0,0.0
2016-09-01 00:00:00+09:00,801.2686057069753,801.2686057069753,791.6777954101562,791.6777954101562,600,0.0,0.0
2016-09-02 00:00:00+09:00,783.83078677673,788.1902461025182,776.8556518554688,776.8556518554688,4200,0.0,0.0
2016-09-05 00:00:00+09:00,792.5497389573318,792.5497389573318,782.0870361328125,782.0870361328125,1900,0.0,0.0
2016-09-06 00:00:00+09:00,776.8557691360268,777.7276611328125,776.8557691360268,777.7276611328125,1200,0.0,0.0
2016-09-07 00:00:00+09:00,789.0622367900853,792.5498046875,789.0622367900853,792.5498046875,2300,0.0,0.0
2016-09-08 00:00:00+09:00,798.6529541015625,798.6529541015625,798.6529541015625,798.6529541015625,500,0.0,0.0
2016-09-09 00:00:00+09:00,793.4216687525984,793.4216687525984,784.7027493157567,786.446533203125,1900,0.0,0.0
2016-09-12 00:00:00+09:00,786.4465379450351,791.6778896386827,784.7027540471524,785.5746459960938,1600,0.0,0.0
2016-09-13 00:00:00+09:00,786.4464679035037,800.3967378441423,786.4464679035037,798.6529541015625,1100,0.0,0.0
2016-09-14 00:00:00+09:00,798.6529541015625,798.6529541015625,798.6529541015625,798.6529541015625,100,0.0,0.0
2016-09-15 00:00:00+09:00,786.4465798731009,789.062255859375,786.4465798731009,789.062255859375,200,0.0,0.0
2016-09-16 00:00:00+09:00,782.9589939117432,786.4465618133545,781.2152099609375,781.2152099609375,2500,0.0,0.0
2016-09-20 00:00:00+09:00,798.6529301714792,798.6529301714792,791.6777954101562,791.6777954101562,1600,0.0,0.0
2016-09-21 00:00:00+09:00,789.062255859375,793.4217158364986,781.2152279005525,789.062255859375,3400,0.0,0.0
2016-09-23 00:00:00+09:00,796.0373207437164,796.0373207437164,790.8059692382812,790.8059692382812,2300,0.0,0.0
2016-09-26 00:00:00+09:00,793.421630859375,796.0373065655049,776.855684720553,782.0870361328125,2900,0.0,0.0
2016-09-27 00:00:00+09:00,789.9340962254724,789.9340962254724,787.3184204101562,787.3184204101562,1000,0.0,0.0
2016-09-28 00:00:00+09:00,774.2399817054448,804.7561972005919,774.2399817054448,798.6529541015625,5300,0.0,0.0
2016-09-29 00:00:00+09:00,794.2936257126556,797.7811937728649,793.4217336976033,796.9093017578125,2200,0.0,0.0
2016-09-30 00:00:00+09:00,799.5248459728524,799.5248459728524,797.7810622302726,798.6529541015625,2000,0.0,0.0
2016-10-03 00:00:00+09:00,802.140568680291,802.140568680291,798.6530009903768,801.2686767578125,1400,0.0,0.0
2016-10-04 00:00:00+09:00,801.2687148126629,801.2687148126629,794.2935791015625,794.2935791015625,6900,0.0,0.0
2016-10-05 00:00:00+09:00,796.0373630293376,796.0373630293376,794.2935791015625,794.2935791015625,1900,0.0,0.0
2016-10-06 00:00:00+09:00,794.2935696086904,797.7811374225596,794.2935696086904,796.037353515625,15300,0.0,0.0
2016-10-07 00:00:00+09:00,796.0373678018759,796.9092597709907,791.6779079563015,793.4216918945312,1200,0.0,0.0
2016-10-11 00:00:00+09:00,802.1404982907505,805.6280656746234,798.6529309068777,803.0123901367188,10600,0.0,0.0
2016-10-12 00:00:00+09:00,795.1653866164029,803.0124134580121,795.1653866164029,798.6529541015625,1300,0.0,0.0
2016-10-13 00:00:00+09:00,796.9093017578125,797.7811937728649,795.1655177277079,796.9093017578125,1400,0.0,0.0
2016-10-14 00:00:00+09:00,798.6530198727801,800.3968037589652,797.7811279296875,797.7811279296875,300,0.0,0.0
2016-10-17 00:00:00+09:00,800.396784835334,801.2686767578125,800.396784835334,801.2686767578125,1100,0.0,0.0
2016-10-18 00:00:00+09:00,801.2686767578125,801.2686767578125,801.2686767578125,801.2686767578125,0,0.0,0.0
2016-10-19 00:00:00+09:00,804.7562913873966,804.7562913873966,799.5249395473919,803.8843994140625,3700,0.0,0.0
2016-10-20 00:00:00+09:00,806.5000610351562,806.5000610351562,806.5000610351562,806.5000610351562,700,0.0,0.0
2016-10-21 00:00:00+09:00,804.7562730502978,804.7562730502978,795.1654615621577,796.037353515625,2200,0.0,0.0
2016-10-24 00:00:00+09:00,804.756239716903,804.756239716903,799.5248882127845,802.1405639648438,700,0.0,0.0
2016-10-25 00:00:00+09:00,804.7562866210938,806.5000705574341,804.7562866210938,804.7562866210938,1100,0.0,0.0
2016-10-26 00:00:00+09:00,804.7562866210938,805.6281785892639,804.7562866210938,804.7562866210938,1100,0.0,0.0
2016-10-27 00:00:00+09:00,806.5000610351562,806.5000610351562,803.0124932036529,806.5000610351562,5400,0.0,0.0
2016-10-28 00:00:00+09:00,809.9876193444705,809.9876193444705,806.5000515539668,808.2438354492188,1700,0.0,0.0
2016-10-31 00:00:00+09:00,806.5000610351562,806.5000610351562,800.3968173300253,806.5000610351562,2000,0.0,0.0
2016-11-01 00:00:00+09:00,808.2438449509079,809.9876288666596,806.5000610351562,806.5000610351562,500,0.0,0.0
2016-11-02 00:00:00+09:00,806.5000617713259,806.5000617713259,795.1654663085938,795.1654663085938,2200,0.0,0.0
2016-11-04 00:00:00+09:00,795.1654663085938,795.1654663085938,793.4216823912503,795.1654663085938,1200,0.0,0.0
2016-11-07 00:00:00+09:00,801.2686957020578,801.2686957020578,797.7811279296875,797.7811279296875,1600,0.0,0.0
2016-11-08 00:00:00+09:00,803.8843899020901,805.628173828125,797.781146160968,805.628173828125,1100,0.0,0.0
2016-11-09 00:00:00+09:00,802.1405354817708,809.1156705729167,782.0870220947265,784.7026977539062,13500,0.0,0.0
2016-11-10 00:00:00+09:00,806.500028292684,806.500028292684,796.037325222941,801.2686767578125,1700,0.0,0.0
2016-11-11 00:00:00+09:00,802.1405639648438,802.1405639648438,802.1405639648438,802.1405639648438,100,0.0,0.0
2016-11-14 00:00:00+09:00,803.8844798634514,805.6282639846303,797.7812354393254,800.3969116210938,4100,0.0,0.0
2016-11-15 00:00:00+09:00,805.628173828125,805.628173828125,801.2687140130378,805.628173828125,4200,0.0,0.0
2016-11-16 00:00:00+09:00,809.1157598137727,819.5784636044681,809.1157598137727,813.4752197265625,2900,0.0,0.0
2016-11-17 00:00:00+09:00,813.4751539863406,814.3470458984375,812.6032620742438,814.3470458984375,800,0.0,0.0
2016-11-18 00:00:00+09:00,810.8595901880509,816.0909423828125,810.8595901880509,816.0909423828125,600,0.0,0.0
2016-11-21 00:00:00+09:00,819.5785088333114,827.425537109375,809.1158044652266,827.425537109375,8700,0.0,0.0
2016-11-22 00:00:00+09:00,834.4006070106908,837.0162828947368,828.29736328125,828.29736328125,3800,0.0,0.0
2016-11-24 00:00:00+09:00,827.4254244489176,827.4254244489176,824.8097487130411,825.681640625,3700,0.0,0.0
2016-11-25 00:00:00+09:00,827.425419739027,827.425419739027,798.6529868081652,826.5535278320312,12500,0.0,0.0
2016-11-28 00:00:00+09:00,831.7849263573295,833.5287102700283,825.6816826628836,829.1692504882812,2600,0.0,0.0
2016-11-29 00:00:00+09:00,831.7848840087117,832.6567759206705,825.681640625,825.681640625,2100,0.0,0.0
2016-11-30 00:00:00+09:00,825.6816359250354,826.5535278320312,824.8097440180396,826.5535278320312,1800,0.0,0.0
2016-12-01 00:00:00+09:00,829.1692035530186,830.0410954600145,826.5535278320312,826.5535278320312,3300,0.0,0.0
2016-12-02 00:00:00+09:00,820.4504008639851,827.425537109375,819.5785088333114,827.425537109375,5200,0.0,0.0
2016-12-05 00:00:00+09:00,830.0410954600145,830.0410954600145,826.5535278320312,826.5535278320312,2900,0.0,0.0
2016-12-06 00:00:00+09:00,826.5535278320312,826.5535278320312,822.1940682970521,826.5535278320312,2300,0.0,0.0
2016-12-07 00:00:00+09:00,823.06591796875,823.9378098310051,820.4502423819849,823.06591796875,2200,0.0,0.0
2016-12-08 00:00:00+09:00,823.0661107931927,824.8098949262292,818.7066504606016,821.3223266601562,8800,0.0,0.0
2016-12-09 00:00:00+09:00,821.3223266601562,822.1942187266745,819.5785425271198,821.3223266601562,4100,0.0,0.0
2016-12-12 00:00:00+09:00,821.322246527319,824.809814453125,818.7065705829644,824.809814453125,4000,0.0,0.0
2016-12-13 00:00:00+09:00,824.8098610173538,828.2974291400487,823.0660769560063,827.425537109375,6200,0.0,0.0
2016-12-14 00:00:00+09:00,827.4254244489176,829.1692082728352,824.8097487130411,825.681640625,4900,0.0,0.0
2016-12-15 00:00:00+09:00,824.8097625381645,834.4005737304688,824.8097625381645,834.4005737304688,1300,0.0,0.0
2016-12-16 00:00:00+09:00,837.0162773923755,843.1195210816949,837.0162773923755,840.5038452148438,8600,0.0,0.0
2016-12-19 00:00:00+09:00,843.9914359889403,850.9665718235597,842.2476520302855,847.47900390625,5000,0.0,0.0
2016-12-20 00:00:00+09:00,843.9913798999099,848.350839506831,843.9913798999099,846.6070556640625,3700,0.0,0.0
2016-12-21 00:00:00+09:00,850.9665670365493,852.7103509853947,844.8633232155904,848.3508911132812,4100,0.0,0.0
2016-12-22 00:00:00+09:00,850.0946418606504,854.4541015625,845.735182158801,854.4541015625,6100,0.0,0.0
2016-12-26 00:00:00+09:00,856.1978431447089,866.6605459122615,854.454059350117,862.3010864257812,9800,0.0,0.0
2016-12-27 00:00:00+09:00,863.1729549661248,868.4043062083439,863.1729549661248,866.6605224609375,5100,0.0,0.0
2016-12-28 00:00:00+09:00,868.4043062083439,869.276198082047,863.1729549661248,866.6605224609375,8600,0.0,0.0
2016-12-29 00:00:00+09:00,870.1481370380674,870.1481370380674,864.0448935919086,869.2762451171875,3800,0.0,0.0
2016-12-30 00:00:00+09:00,868.4043531963077,869.2762451171875,864.0448935919086,869.2762451171875,4100,0.0,0.0
2017-01-04 00:00:00+09:00,870.1482077133716,871.0200997050683,862.3011797881007,867.5325317382812,4800,0.0,0.0
2017-01-05 00:00:00+09:00,870.1481503954121,893.6892326205384,870.1481503954121,889.3297729492188,24300,0.0,0.0
2017-01-06 00:00:00+09:00,889.3297682266161,893.6892278747858,883.2265247191785,890.20166015625,8000,0.0,0.0
2017-01-10 00:00:00+09:00,891.073631034777,898.0487670898438,889.3298470210103,898.0487670898438,27000,0.0,0.0
2017-01-11 00:00:00+09:00,898.920620956862,914.6146764148866,898.920620956862,905.0238647460938,7000,0.0,0.0
2017-01-12 00:00:00+09:00,907.6395406557646,912.8708924751062,905.0238647460938,905.0238647460938,4400,0.0,0.0
2017-01-13 00:00:00+09:00,900.664306990731,911.9989013671875,898.048631365395,911.9989013671875,4400,0.0,0.0
2017-01-16 00:00:00+09:00,912.8707932422996,912.8707932422996,906.7675501165153,911.9989013671875,11400,0.0,0.0
2017-01-17 00:00:00+09:00,911.9989868639044,911.9989868639044,891.9454718563807,896.304931640625,2600,0.0,0.0
2017-01-18 00:00:00+09:00,893.6892043449801,893.6892043449801,881.4827176514877,883.2265014648438,2700,0.0,0.0
2017-01-19 00:00:00+09:00,892.8174164208456,892.8174164208456,885.8422803550577,886.7141723632812,3400,0.0,0.0
2017-01-20 00:00:00+09:00,893.6892326205384,893.6892326205384,889.3297729492188,889.3297729492188,1700,0.0,0.0
2017-01-23 00:00:00+09:00,884.0984481811523,908.5114230816181,884.0984481811523,906.7676391601562,4300,0.0,0.0
2017-01-24 00:00:00+09:00,908.5114711724439,909.3833631793273,892.8174150485437,898.0487670898438,3300,0.0,0.0
2017-01-25 00:00:00+09:00,906.7676207489694,906.7676207489694,898.9205932617188,898.9205932617188,2900,0.0,0.0
2017-01-26 00:00:00+09:00,905.8957145292478,907.6394983878218,899.7924710242385,901.5362548828125,3100,0.0,0.0
2017-01-27 00:00:00+09:00,905.0238552386944,906.7676391601562,898.048719552847,906.7676391601562,3100,0.0,0.0
2017-01-30 00:00:00+09:00,910.2551879882812,911.9989718733162,898.9205927355537,910.2551879882812,7700,0.0,0.0
2017-01-31 00:00:00+09:00,906.7675920758928,919.8459708077567,906.7675920758928,915.4865112304688,5800,0.0,0.0
2017-02-01 00:00:00+09:00,919.8459289323038,939.8994420749038,915.4864695534777,934.6680908203125,8200,0.0,0.0
2017-02-02 00:00:00+09:00,942.5151788526965,959.0811255670363,942.5151788526965,946.0027465820312,13500,0.0,0.0
2017-02-03 00:00:00+09:00,944.2589951610478,958.2092665577022,944.2589951610478,951.234130859375,7300,0.0,0.0
2017-02-06 00:00:00+09:00,959.0811157226562,959.0811157226562,951.2340884121982,959.0811157226562,11200,0.0,0.0
2017-02-07 00:00:00+09:00,957.3373318758878,982.6221976540305,952.1059803355823,959.0811157226562,17100,0.0,0.0
2017-02-08 00:00:00+09:00,1000.9321314874725,1000.9321314874725,980.0067210731002,989.5975341796875,29000,0.0,0.0
2017-02-09 00:00:00+09:00,980.8783619259152,1000.0599832257998,980.8783619259152,991.341064453125,8300,0.0,0.0
2017-02-10 00:00:00+09:00,985.2378213122527,995.7005238394623,969.543767521438,991.341064453125,11400,0.0,0.0
2017-02-13 00:00:00+09:00,1002.6758453316615,1028.8326065142267,1002.6758453316615,1013.1385498046875,15700,0.0,0.0
2017-02-14 00:00:00+09:00,1037.5514105399584,1042.7827621897397,1027.960599182026,1034.0638427734375,9100,0.0,0.0
2017-02-15 00:00:00+09:00,1041.9109991404637,1066.3239765261817,1041.9109991404637,1054.9893798828125,35800,0.0,0.0
2017-02-16 00:00:00+09:00,1064.5801924272018,1082.8899254664902,1054.1174878333227,1054.9893798828125,29500,0.0,0.0
2017-02-17 00:00:00+09:00,1049.7578405195147,1054.98919188423,1033.19189453125,1033.19189453125,13900,0.0,0.0
2017-02-20 00:00:00+09:00,1020.9853043229613,1026.216655156384,1003.5474682115529,1018.36962890625,15600,0.0,0.0
2017-02-21 00:00:00+09:00,1015.7542395213294,1045.3985692584326,1015.7542395213294,1043.65478515625,6700,0.0,0.0
2017-02-22 00:00:00+09:00,1046.2702916880123,1067.1956975217727,1046.2702916880123,1063.7081298828125,6400,0.0,0.0
2017-02-23 00:00:00+09:00,1067.1957912227263,1078.5303870445364,1054.1174114283301,1068.9395751953125,5100,0.0,0.0
2017-02-24 00:00:00+09:00,1073.2990447399663,1073.2990447399663,1058.4768808402266,1067.19580078125,4700,0.0,0.0
2017-02-27 00:00:00+09:00,1048.885958158053,1064.5800123948318,1046.270282451923,1054.1173095703125,8500,0.0,0.0
2017-02-28 00:00:00+09:00,1049.758037238721,1054.9893895837645,1044.5266848936776,1053.24560546875,6100,0.0,0.0
2017-03-01 00:00:00+09:00,1047.1421743539663,1062.8362285907453,1046.270282451923,1054.1173095703125,7500,0.0,0.0
2017-03-02 00:00:00+09:00,1055.8612640864458,1060.2207243015014,1043.6547754842902,1045.3985595703125,6100,0.0,0.0
2017-03-03 00:00:00+09:00,1053.245597718254,1053.245597718254,1043.65478515625,1043.65478515625,5300,0.0,0.0
2017-03-06 00:00:00+09:00,1043.6547928361704,1053.24560546875,1042.7829007786631,1053.24560546875,6200,0.0,0.0
2017-03-07 00:00:00+09:00,1053.2455409633674,1054.989324971585,1042.7828369140625,1042.7828369140625,7200,0.0,0.0
2017-03-08 00:00:00+09:00,1046.2702918891332,1047.1421837990408,1041.0389404296875,1041.0389404296875,3500,0.0,0.0
2017-03-09 00:00:00+09:00,1041.910813575197,1053.2454081998644,1041.910813575197,1044.5264892578125,4500,0.0,0.0
2017-03-10 00:00:00+09:00,1046.2703011540457,1054.9892203303293,1046.2703011540457,1050.6297607421875,7600,0.0,0.0
2017-03-13 00:00:00+09:00,1051.501643246427,1053.2454270660728,1044.5265079678438,1052.37353515625,4800,0.0,0.0
2017-03-14 00:00:00+09:00,1051.5017376708984,1051.5017376708984,1043.654709777832,1046.2703857421875,4300,0.0,0.0
2017-03-15 00:00:00+09:00,1046.2703857421875,1047.142277730306,1040.167141825358,1046.2703857421875,9600,0.0,0.0
2017-03-16 00:00:00+09:00,1041.910925801595,1046.2703857421875,1037.5514658610025,1046.2703857421875,5300,0.0,0.0
2017-03-17 00:00:00+09:00,1046.2703857421875,1049.7579536946614,1046.2703857421875,1046.2703857421875,5100,0.0,0.0
2017-03-21 00:00:00+09:00,1043.654560146047,1068.0675323132061,1043.654560146047,1051.5015869140625,23100,0.0,0.0
2017-03-22 00:00:00+09:00,1046.270469008692,1054.1174975262572,1041.0391166636487,1053.24560546875,5800,0.0,0.0
2017-03-23 00:00:00+09:00,1047.1423514374032,1059.3488401302623,1047.1423514374032,1054.9893798828125,21700,0.0,0.0
2017-03-24 00:00:00+09:00,1063.7080262836657,1063.7080262836657,1057.604783509907,1060.220458984375,5700,0.0,0.0
2017-03-27 00:00:00+09:00,1062.836408328222,1062.836408328222,1046.2704593879132,1054.9893798828125,7600,0.0,0.0
2017-03-28 00:00:00+09:00,1051.5017376708984,1059.348765563965,1046.2703857421875,1046.2703857421875,6400,0.0,0.0
2017-03-29 00:00:00+09:00,1019.8491723382839,1048.0315328864922,1019.8491723382839,1032.178955078125,7200,12.0,0.0
2017-03-30 00:00:00+09:00,1032.1790503424565,1042.7474365234375,1026.0141584035512,1042.7474365234375,10500,0.0,0.0
2017-03-31 00:00:00+09:00,1037.4632568359375,1040.105353415316,1036.5825579761447,1037.4632568359375,2300,0.0,0.0
2017-04-03 00:00:00+09:00,1036.582585172833,1036.582585172833,1013.6844142174434,1026.8948974609375,8700,0.0,0.0
2017-04-04 00:00:00+09:00,1013.6844532213713,1026.0142380563836,1002.2353673031456,1003.9967651367188,6000,0.0,0.0
2017-04-05 00:00:00+09:00,982.859935723331,1003.1160096674497,982.859935723331,994.3090209960938,9300,0.0,0.0
2017-04-06 00:00:00+09:00,975.8143651182239,992.5476439424534,954.6775918665656,962.6038818359375,6600,0.0,0.0
2017-04-07 00:00:00+09:00,960.8425135476749,967.0074059352402,943.2285352974884,959.0811157226562,5600,0.0,0.0
2017-04-10 00:00:00+09:00,953.7968272259641,953.7968272259641,945.8705378030336,948.5126342773438,4000,0.0,0.0
2017-04-11 00:00:00+09:00,944.9898389782635,951.1547307516539,944.9898389782635,948.5126342773438,2600,0.0,0.0
2017-04-12 00:00:00+09:00,948.512647612756,949.3933464499081,943.2284545898438,943.2284545898438,3000,0.0,0.0
2017-04-13 00:00:00+09:00,936.1829588918974,936.1829588918974,927.3759696266868,930.01806640625,4700,0.0,0.0
2017-04-14 00:00:00+09:00,924.7338256835938,930.0180189732142,924.7338256835938,924.7338256835938,4300,0.0,0.0
2017-04-17 00:00:00+09:00,907.1199620972254,939.7058248133394,903.5971661279158,934.421630859375,4400,0.0,0.0
2017-04-18 00:00:00+09:00,940.5863448544133,950.2740319268838,925.6144648333225,948.5126342773438,4500,0.0,0.0
2017-04-19 00:00:00+09:00,946.751288513639,947.631987386675,944.1091918945312,944.1091918945312,800,0.0,0.0
2017-04-20 00:00:00+09:00,951.154794156826,958.2003852246544,951.154794156826,955.5582885742188,3100,0.0,0.0
2017-04-21 00:00:00+09:00,970.5302961663048,970.5302961663048,955.5584131945923,969.6495971679688,2300,0.0,0.0
2017-04-24 00:00:00+09:00,974.0529853772382,978.4564798861769,969.6494908682996,971.410888671875,3500,0.0,0.0
2017-04-25 00:00:00+09:00,978.4565921524196,1029.5371343169923,978.4565921524196,997.8319702148438,9600,0.0,0.0
2017-04-26 00:00:00+09:00,1012.8038857805676,1013.6845848116811,1008.400390625,1008.400390625,2500,0.0,0.0
2017-04-27 00:00:00+09:00,996.0704904746675,1015.4458669472075,996.0704904746675,1005.7581787109375,5300,0.0,0.0
2017-04-28 00:00:00+09:00,999.5932656428174,1015.4458460671087,999.5932656428174,1013.6844482421875,1600,0.0,0.0
2017-05-01 00:00:00+09:00,1021.6107384543332,1021.6107384543332,1012.8037493297269,1013.6844482421875,500,0.0,0.0
2017-05-02 00:00:00+09:00,1017.2072615118299,1022.4914550781251,1017.2072615118299,1022.491455078125,5500,0.0,0.0
2017-05-08 00:00:00+09:00,1023.3722534179688,1030.4178455241165,970.5303126218602,1023.3722534179688,8900,0.0,0.0
2017-05-09 00:00:00+09:00,1020.7301863438107,1020.7301863438107,996.9513122874838,1019.8494873046875,3100,0.0,0.0
2017-05-10 00:00:00+09:00,1019.8493564470065,1019.8493564470065,1003.1160768507257,1015.4458618164062,3200,0.0,0.0
2017-05-11 00:00:00+09:00,1021.6106381623641,1025.1334334663723,1012.8036499023438,1012.8036499023438,3300,0.0,0.0
2017-05-12 00:00:00+09:00,968.7686899244459,984.6212684868459,951.1547137440014,963.4844970703125,27500,0.0,0.0
2017-05-15 00:00:00+09:00,959.0811994777007,959.0811994777007,942.3479186787325,958.2005004882812,12500,0.0,0.0
2017-05-16 00:00:00+09:00,954.6776803975631,959.0811752333452,952.0355834960938,952.0355834960938,3400,0.0,0.0
2017-05-17 00:00:00+09:00,953.7970293436965,964.3654174804688,953.7970293436965,964.3654174804688,7300,0.0,0.0
2017-05-18 00:00:00+09:00,959.0811314429852,960.842529296875,952.0355400274261,960.842529296875,5200,0.0,0.0
2017-05-19 00:00:00+09:00,960.842529296875,960.842529296875,959.0811314429852,960.842529296875,2100,0.0,0.0
2017-05-22 00:00:00+09:00,961.7232387376868,973.1723249131354,959.0811419279679,972.2916259765625,7500,0.0,0.0
2017-05-23 00:00:00+09:00,972.2915984122984,994.3090712024319,972.2915984122984,982.8599853515625,4300,0.0,0.0
2017-05-24 00:00:00+09:00,987.2633666992188,987.2633666992188,976.6949809718408,987.2633666992188,4700,0.0,0.0
2017-05-25 00:00:00+09:00,995.1898018973214,1002.2353934151786,982.8600167410714,986.3828125,2900,0.0,0.0
2017-05-26 00:00:00+09:00,986.3828125,991.6670061383928,977.5758231026786,986.3828125,10100,0.0,0.0
2017-05-29 00:00:00+09:00,990.7862164371803,990.7862164371803,977.5757335513512,989.905517578125,4600,0.0,0.0
2017-05-30 00:00:00+09:00,981.9793772525925,984.6214742317475,979.3372802734375,979.3372802734375,3300,0.0,0.0
2017-05-31 00:00:00+09:00,979.3373175021211,979.3373175021211,973.1724243164062,973.1724243164062,1400,0.0,0.0
2017-06-01 00:00:00+09:00,974.0530921596488,974.0530921596488,967.0075001729606,969.6495971679688,2100,0.0,0.0
2017-06-02 00:00:00+09:00,976.6951067400408,983.7406981322142,974.0530099679758,977.5758056640625,6400,0.0,0.0
2017-06-05 00:00:00+09:00,986.3828722178507,986.3828722178507,977.5758822873343,979.3372802734375,3000,0.0,0.0
2017-06-06 00:00:00+09:00,987.2635254782876,995.1898160485862,979.3372349079892,981.0986328125,1800,0.0,0.0
2017-06-07 00:00:00+09:00,974.9337262834822,986.3828125,969.6495326450893,986.3828125,4000,0.0,0.0
2017-06-08 00:00:00+09:00,986.3828211805555,990.7863159179688,986.3828211805555,990.7863159179688,3100,0.0,0.0
2017-06-09 00:00:00+09:00,985.5021222330729,990.7863159179688,984.6214232855903,990.7863159179688,1200,0.0,0.0
2017-06-12 00:00:00+09:00,990.7862755560105,990.7862755560105,982.8599853515625,982.8599853515625,1600,0.0,0.0
2017-06-13 00:00:00+09:00,990.7863071986607,992.547705078125,986.3828125,986.3828125,2300,0.0,0.0
2017-06-14 00:00:00+09:00,986.3828211805555,993.4284127604167,986.3828211805555,990.7863159179688,2900,0.0,0.0
2017-06-15 00:00:00+09:00,991.6669744676159,1003.9967592300908,977.5757918819304,982.8599853515625,5000,0.0,0.0
2017-06-16 00:00:00+09:00,986.3828211805555,992.547713812934,986.3828211805555,990.7863159179688,2800,0.0,0.0
2017-06-19 00:00:00+09:00,990.7861739870101,998.7124633789062,990.7861739870101,998.7124633789062,3100,0.0,0.0
2017-06-20 00:00:00+09:00,1008.4002597206518,1009.2809586374383,995.1897759688528,1003.9967651367188,2900,0.0,0.0
2017-06-21 00:00:00+09:00,1003.9967473122925,1003.9967473122925,987.263468190421,995.1897583007812,4500,0.0,0.0
2017-06-22 00:00:00+09:00,995.1897583007812,995.1897583007812,995.1897583007812,995.1897583007812,1700,0.0,0.0
2017-06-23 00:00:00+09:00,1003.9967473122925,1003.9967473122925,995.1897583007812,995.1897583007812,2000,0.0,0.0
2017-06-26 00:00:00+09:00,1003.1161186050214,1003.1161186050214,995.1898279400124,999.5933227539062,1100,0.0,0.0
2017-06-27 00:00:00+09:00,999.5932556207281,999.5932556207281,978.4564819335938,978.4564819335938,1000,0.0,0.0
2017-06-28 00:00:00+09:00,983.7407156808035,1007.5195870535714,983.7407156808035,986.3828125,3000,0.0,0.0
2017-06-29 00:00:00+09:00,987.2635114397322,994.3091029575893,983.7407156808035,986.3828125,7800,0.0,0.0
2017-06-30 00:00:00+09:00,982.860025390625,991.6670148654514,981.9793264431423,990.7863159179688,2000,0.0,0.0
2017-07-03 00:00:00+09:00,990.7862255275513,994.3090209960938,984.6213334576022,994.3090209960938,2600,0.0,0.0
2017-07-04 00:00:00+09:00,990.7862255275513,994.3090209960938,990.7862255275513,994.3090209960938,300,0.0,0.0
2017-07-05 00:00:00+09:00,995.1897583007812,996.0704572019323,990.7862637950255,995.1897583007812,3400,0.0,0.0
2017-07-06 00:00:00+09:00,995.1896813575257,1000.4738743558843,993.4282836914062,993.4282836914062,1800,0.0,0.0
2017-07-07 00:00:00+09:00,995.1898209449486,1002.2354125976562,995.1898209449486,1002.2354125976562,1000,0.0,0.0
2017-07-10 00:00:00+09:00,1003.1159708550636,1003.1159708550636,993.4282836914062,993.4282836914062,1400,0.0,0.0
2017-07-11 00:00:00+09:00,1003.1160662199321,1003.9967651367188,996.0704748856394,1003.9967651367188,1100,0.0,0.0
2017-07-12 00:00:00+09:00,1004.8774640535054,1007.5195608038651,1003.9967651367188,1003.9967651367188,3200,0.0,0.0
2017-07-13 00:00:00+09:00,1005.7581856771977,1008.4002824872078,1003.1160888671875,1003.1160888671875,6000,0.0,0.0
2017-07-14 00:00:00+09:00,1003.1160662199321,1005.7581629702919,1003.1160662199321,1003.9967651367188,1700,0.0,0.0
2017-07-17 00:00:00+09:00,1003.9967651367188,1003.9967651367188,1003.9967651367188,1003.9967651367188,0,0.0,0.0
2017-07-18 00:00:00+09:00,1003.9967808497975,1005.7581787109375,1003.9967808497975,1005.7581787109375,2000,0.0,0.0
2017-07-19 00:00:00+09:00,1003.9967651367188,1006.6388618870785,996.951173802426,1003.9967651367188,2400,0.0,0.0
2017-07-20 00:00:00+09:00,1004.8774640535054,1004.8774640535054,1003.1160662199321,1003.9967651367188,1100,0.0,0.0
2017-07-21 00:00:00+09:00,1003.9967513958196,1009.2809448242188,1003.1160524910865,1009.2809448242188,3000,0.0,0.0
2017-07-24 00:00:00+09:00,1011.9231662454786,1024.2529524312372,1011.9231662454786,1023.3722534179688,5000,0.0,0.0
2017-07-25 00:00:00+09:00,1026.0142817179362,1067.4071325683594,1026.0142817179362,1056.8387451171875,20100,0.0,0.0
2017-07-26 00:00:00+09:00,1065.6456571906954,1065.6456571906954,1040.1053893737283,1055.0772705078125,4400,0.0,0.0
2017-07-27 00:00:00+09:00,1048.0316162109375,1051.5544115595458,1039.224627839417,1048.0316162109375,2700,0.0,0.0
2017-07-28 00:00:00+09:00,1048.0316162109375,1051.5544115595458,1043.6281220251772,1048.0316162109375,3300,0.0,0.0
2017-07-31 00:00:00+09:00,1056.8384879159646,1056.8384879159646,1045.389404296875,1045.389404296875,2000,0.0,0.0
2017-08-01 00:00:00+09:00,1043.6281220251772,1048.0316162109375,1041.8667243508733,1048.0316162109375,1700,0.0,0.0
2017-08-02 00:00:00+09:00,1048.0317555745441,1056.8387451171875,1048.0317555745441,1056.8387451171875,3200,0.0,0.0
2017-08-03 00:00:00+09:00,1056.8385845626565,1056.8385845626565,1048.0315963579676,1055.9578857421875,1400,0.0,0.0
2017-08-04 00:00:00+09:00,1052.4353099029336,1056.838804923448,1049.793212890625,1049.793212890625,2400,0.0,0.0
2017-08-07 00:00:00+09:00,1061.2421913990518,1076.2140729374617,1059.4807935710037,1075.3333740234375,14000,0.0,0.0
2017-08-08 00:00:00+09:00,1063.0036540694025,1097.350913811496,1063.0036540694025,1096.47021484375,10200,0.0,0.0
2017-08-09 00:00:00+09:00,1092.9473314238758,1092.9473314238758,1081.4982457602896,1083.2596435546875,5600,0.0,0.0
2017-08-10 00:00:00+09:00,1083.2596435546875,1096.4701270126714,1083.2596435546875,1083.2596435546875,6700,0.0,0.0
2017-08-11 00:00:00+09:00,1083.2596435546875,1083.2596435546875,1083.2596435546875,1083.2596435546875,0,0.0,0.0
2017-08-14 00:00:00+09:00,1087.663138040682,1087.663138040682,1073.5719556854992,1083.2596435546875,6400,0.0,0.0
2017-08-15 00:00:00+09:00,1077.0948032924107,1081.4982979910715,1076.2141043526785,1078.856201171875,1900,0.0,0.0
2017-08-16 00:00:00+09:00,1077.094751274295,1089.42453583508,1074.4526545826982,1083.2596435546875,6500,0.0,0.0
2017-08-17 00:00:00+09:00,1085.0209125354825,1086.7823101207673,1085.0209125354825,1085.901611328125,2700,0.0,0.0
2017-08-18 00:00:00+09:00,1085.9017580093875,1092.066650390625,1083.2596612745715,1092.066650390625,3500,0.0,0.0
2017-08-21 00:00:00+09:00,1091.1857845287968,1095.5892784130938,1088.5436881982187,1093.827880859375,4200,0.0,0.0
2017-08-22 00:00:00+09:00,1095.5894599308651,1095.5894599308651,1086.782470703125,1086.782470703125,1000,0.0,0.0
2017-08-23 00:00:00+09:00,1083.2596435546875,1085.9017402462844,1080.6175468630906,1083.2596435546875,4000,0.0,0.0
2017-08-24 00:00:00+09:00,1085.9017017137917,1085.9017017137917,1081.498207384052,1082.37890625,2400,0.0,0.0
2017-08-25 00:00:00+09:00,1085.9017402462844,1085.9017402462844,1078.8561490686927,1083.2596435546875,3100,0.0,0.0
2017-08-28 00:00:00+09:00,1085.9017402462844,1085.9017402462844,1078.8561490686927,1083.2596435546875,3000,0.0,0.0
2017-08-29 00:00:00+09:00,1085.0211007825287,1085.0211007825287,1075.3334123826846,1076.214111328125,2100,0.0,0.0
2017-08-30 00:00:00+09:00,1080.6175468630906,1085.0210413490854,1078.8561490686927,1083.2596435546875,1800,0.0,0.0
2017-08-31 00:00:00+09:00,1083.2596504192772,1085.9017471276168,1076.214059197038,1080.6175537109375,2900,0.0,0.0
2017-09-01 00:00:00+09:00,1078.8562537021323,1085.0211465804302,1074.4527587890625,1074.4527587890625,2600,0.0,0.0
2017-09-04 00:00:00+09:00,1074.4527587890625,1082.3790496325882,1074.4527587890625,1074.4527587890625,4400,0.0,0.0
2017-09-05 00:00:00+09:00,1074.4527134372443,1077.9755092190057,1068.2878208191619,1076.214111328125,6300,0.0,0.0
2017-09-06 00:00:00+09:00,1067.4070389155763,1077.0947265625,1067.4070389155763,1077.0947265625,3800,0.0,0.0
2017-09-07 00:00:00+09:00,1077.0947649587993,1077.9754638671875,1074.4526682336345,1077.9754638671875,2700,0.0,0.0
2017-09-08 00:00:00+09:00,1074.4526682336345,1077.9754638671875,1072.691270416858,1077.9754638671875,1900,0.0,0.0
2017-09-11 00:00:00+09:00,1077.9754501714938,1083.2596435546875,1077.9754501714938,1083.2596435546875,2900,0.0,0.0
2017-09-12 00:00:00+09:00,1087.6631905691963,1087.6631905691963,1077.0948032924107,1078.856201171875,1600,0.0,0.0
2017-09-13 00:00:00+09:00,1077.0947265625,1078.856124316486,1076.2140276855068,1077.0947265625,1600,0.0,0.0
2017-09-14 00:00:00+09:00,1075.3333740234375,1078.8561696795339,1075.3333740234375,1075.3333740234375,1300,0.0,0.0
2017-09-15 00:00:00+09:00,1076.2141043526785,1087.6631905691963,1076.2141043526785,1078.856201171875,2400,0.0,0.0
2017-09-18 00:00:00+09:00,1078.856201171875,1078.856201171875,1078.856201171875,1078.856201171875,0,0.0,0.0
2017-09-19 00:00:00+09:00,1105.2771132921962,1122.0103922982134,1080.6175442306971,1099.992919921875,9100,0.0,0.0
2017-09-20 00:00:00+09:00,1099.9929376652167,1109.680625667072,1099.9929376652167,1108.7999267578125,1800,0.0,0.0
2017-09-21 00:00:00+09:00,1108.7999267578125,1108.7999267578125,1092.9473463911402,1108.7999267578125,2500,0.0,0.0
2017-09-22 00:00:00+09:00,1108.7998431493365,1109.6805419921875,1108.7998431493365,1109.6805419921875,5800,0.0,0.0
2017-09-25 00:00:00+09:00,1118.4875940750073,1118.4875940750073,1102.6350140015034,1116.7261962890625,3700,0.0,0.0
2017-09-26 00:00:00+09:00,1116.7260606239124,1139.6242290594184,1116.7260606239124,1138.7435302734375,2900,0.0,0.0
2017-09-27 00:00:00+09:00,1121.1296501574955,1143.1471216845475,1120.2489512964132,1132.5787353515625,5400,0.0,0.0
2017-09-28 00:00:00+09:00,1154.5963133858713,1218.8873361754736,1154.5963133858713,1185.4207763671875,15100,0.0,0.0
2017-09-29 00:00:00+09:00,1184.540049759383,1219.7680066295507,1184.540049759383,1195.9891357421875,4700,0.0,0.0
2017-10-02 00:00:00+09:00,1197.7505227695167,1206.557511907528,1184.5400390625,1184.5400390625,5000,0.0,0.0
2017-10-03 00:00:00+09:00,1191.585551123262,1218.8872156353248,1191.585551123262,1199.5118408203125,1000,0.0,0.0
2017-10-04 00:00:00+09:00,1221.529369512615,1232.0977562711955,1206.5574882712922,1209.1995849609375,5200,0.0,0.0
2017-10-05 00:00:00+09:00,1230.3364294132405,1232.0978273078906,1213.6031494140625,1213.6031494140625,3100,0.0,0.0
2017-10-06 00:00:00+09:00,1210.9610104192977,1231.217085502675,1198.6312255859375,1198.6312255859375,2700,0.0,0.0
2017-10-09 00:00:00+09:00,1198.6312255859375,1198.6312255859375,1198.6312255859375,1198.6312255859375,0,0.0,0.0
2017-10-10 00:00:00+09:00,1198.631135262849,1225.0521007719494,1198.631135262849,1202.1539306640625,1800,0.0,0.0
2017-10-11 00:00:00+09:00,1203.0345855622334,1203.0345855622334,1186.3013080178098,1187.1820068359375,5700,0.0,0.0
2017-10-12 00:00:00+09:00,1191.5857699348478,1193.34716796875,1191.5857699348478,1193.34716796875,1000,0.0,0.0
2017-10-13 00:00:00+09:00,1207.4381968217988,1208.3188957253885,1188.94351984641,1189.82421875,900,0.0,0.0
2017-10-16 00:00:00+09:00,1197.75048828125,1201.2732838350182,1197.75048828125,1197.75048828125,1300,0.0,0.0
2017-10-17 00:00:00+09:00,1173.9717211009838,1195.108496274595,1173.9717211009838,1188.943603515625,7000,0.0,0.0
2017-10-18 00:00:00+09:00,1193.3471125648134,1193.3471125648134,1177.4945309956868,1183.659423828125,2800,0.0,0.0
2017-10-19 00:00:00+09:00,1180.1363593927827,1180.1363593927827,1160.760986328125,1160.760986328125,4800,0.0,0.0
2017-10-20 00:00:00+09:00,1161.641936490019,1162.5226354562737,1156.3577426924905,1158.119140625,1900,0.0,0.0
2017-10-23 00:00:00+09:00,1158.1191196038283,1176.6137975594788,1156.3577217032903,1166.04541015625,1400,0.0,0.0
2017-10-24 00:00:00+09:00,1188.9435157347261,1188.9435157347261,1157.2383553151335,1175.7330322265625,4100,0.0,0.0
2017-10-25 00:00:00+09:00,1188.9435157347261,1196.8698058396244,1172.2102366243855,1175.7330322265625,3600,0.0,0.0
2017-10-26 00:00:00+09:00,1177.494420568119,1195.1083984375,1177.494420568119,1195.1083984375,4300,0.0,0.0
2017-10-27 00:00:00+09:00,1177.4945169632524,1195.9891952401622,1177.4945169632524,1188.943603515625,5300,0.0,0.0
2017-10-30 00:00:00+09:00,1201.2732318137591,1202.1539306640625,1189.8241467598157,1202.1539306640625,4000,0.0,0.0
2017-10-31 00:00:00+09:00,1197.7504364125457,1210.9609191670959,1190.704845610119,1202.1539306640625,5300,0.0,0.0
2017-11-01 00:00:00+09:00,1210.961052572087,1213.6031494140625,1207.4382567827863,1213.6031494140625,1200,0.0,0.0
2017-11-02 00:00:00+09:00,1215.364492201431,1258.5187386636555,1215.364492201431,1234.7398681640625,6400,0.0,0.0
2017-11-03 00:00:00+09:00,1234.7398681640625,1234.7398681640625,1234.7398681640625,1234.7398681640625,0,0.0,0.0
2017-11-06 00:00:00+09:00,1257.638034057617,1271.729216512044,1257.638034057617,1268.2064208984375,8300,0.0,0.0
2017-11-07 00:00:00+09:00,1271.7293558054957,1277.0135498046875,1266.445161806304,1277.0135498046875,2800,0.0,0.0
2017-11-08 00:00:00+09:00,1273.4904894177098,1302.5535503795247,1273.4904894177098,1301.6728515625,8000,0.0,0.0
2017-11-09 00:00:00+09:00,1287.5817785729894,1317.5255408653845,1232.9784473339162,1259.3994140625,23300,0.0,0.0
2017-11-10 00:00:00+09:00,1232.9785259919056,1250.5925049346472,1227.6943323090832,1244.4276123046875,6900,0.0,0.0
2017-11-13 00:00:00+09:00,1241.7853977272728,1241.7853977272728,1206.5574431818181,1210.9609375,7500,0.0,0.0
2017-11-14 00:00:00+09:00,1211.841785698319,1231.2171630859375,1210.9610867261545,1231.2171630859375,6400,0.0,0.0
2017-11-15 00:00:00+09:00,1228.5750104028198,1232.9785050637618,1210.9610317590516,1221.5294189453125,7100,0.0,0.0
2017-11-16 00:00:00+09:00,1221.5295315094218,1238.2628127629755,1207.4383472959028,1210.0804443359375,14500,0.0,0.0
2017-11-17 00:00:00+09:00,1253.2345738246984,1258.5187673896655,1231.2171006373355,1254.9959716796875,4400,0.0,0.0
2017-11-20 00:00:00+09:00,1254.996074808055,1277.0135498046875,1254.996074808055,1277.0135498046875,1800,0.0,0.0
2017-11-21 00:00:00+09:00,1277.0132846858085,1301.6728515625,1277.0132846858085,1301.6728515625,5900,0.0,0.0
2017-11-22 00:00:00+09:00,1301.6730120119169,1302.5537109375,1284.0590335002535,1302.5537109375,3600,0.0,0.0
2017-11-23 00:00:00+09:00,1302.5537109375,1302.5537109375,1302.5537109375,1302.5537109375,0,0.0,0.0
2017-11-24 00:00:00+09:00,1302.5535973291653,1302.5535973291653,1279.6554272611745,1283.17822265625,2600,0.0,0.0
2017-11-27 00:00:00+09:00,1299.9118255761653,1299.9118255761653,1282.2978441997943,1284.93994140625,3300,0.0,0.0
2017-11-28 00:00:00+09:00,1291.9852912902832,1291.9852912902832,1268.2064208984375,1268.2064208984375,1500,0.0,0.0
2017-11-29 00:00:00+09:00,1269.087254263902,1293.746826171875,1217.1260134578158,1293.746826171875,7300,0.0,0.0
2017-11-30 00:00:00+09:00,1294.6273601941828,1294.6273601941828,1270.848490313065,1278.7747802734375,11900,0.0,0.0
2017-12-01 00:00:00+09:00,1268.2064346888076,1268.2064346888076,1241.7854672994574,1262.9222412109375,2700,0.0,0.0
2017-12-04 00:00:00+09:00,1268.2064836196478,1287.5818604527258,1268.2064836196478,1275.2520751953125,3400,0.0,0.0
2017-12-05 00:00:00+09:00,1275.2519734841903,1277.0133712376216,1265.5642858403187,1267.32568359375,2000,0.0,0.0
2017-12-06 00:00:00+09:00,1263.802897278995,1272.6098861102075,1246.18891961657,1247.9503173828125,2400,0.0,0.0
2017-12-07 00:00:00+09:00,1247.9502271830743,1277.0132882254466,1247.9502271830743,1251.4730224609375,3500,0.0,0.0
2017-12-08 00:00:00+09:00,1252.3538818359375,1267.3257636862968,1252.3538818359375,1252.3538818359375,4700,0.0,0.0
2017-12-11 00:00:00+09:00,1262.9223147969851,1262.9223147969851,1243.5469375825264,1250.592529296875,4000,0.0,0.0
2017-12-12 00:00:00+09:00,1251.47334312069,1262.0417316621738,1251.47334312069,1253.2347412109375,2100,0.0,0.0
2017-12-13 00:00:00+09:00,1262.0415244798983,1263.8029222809866,1247.9503420711903,1254.115234375,6000,0.0,0.0
2017-12-14 00:00:00+09:00,1262.0415107353583,1275.2519940996503,1259.3994140625,1259.3994140625,4800,0.0,0.0
2017-12-15 00:00:00+09:00,1269.087047718578,1282.2975305192572,1259.3993603314134,1280.5361328125,8000,0.0,0.0
2017-12-18 00:00:00+09:00,1281.4169435578633,1301.6730189543107,1281.4169435578633,1299.91162109375,10600,0.0,0.0
2017-12-19 00:00:00+09:00,1299.9115535010976,1299.9115535010976,1278.7747802734375,1278.7747802734375,14100,0.0,0.0
2017-12-20 00:00:00+09:00,1285.8202991771827,1296.3886851978173,1277.013310826654,1291.1044921875,3900,0.0,0.0
2017-12-21 00:00:00+09:00,1291.1046768664667,1298.1502685546875,1291.1046768664667,1298.1502685546875,3200,0.0,0.0
2017-12-22 00:00:00+09:00,1299.0309221634698,1317.5255996993565,1292.8660296515075,1299.91162109375,4700,0.0,0.0
2017-12-25 00:00:00+09:00,1301.673248579306,1305.196044921875,1299.9118504080213,1305.196044921875,2600,0.0,0.0
2017-12-26 00:00:00+09:00,1302.5535905393835,1302.5535905393835,1284.058914811644,1285.8203125,900,0.0,0.0
2017-12-27 00:00:00+09:00,1285.8203125,1285.8203125,1285.8203125,1285.8203125,0,0.0,0.0
2017-12-28 00:00:00+09:00,1284.0591346231397,1291.9854255776036,1279.6556396484375,1279.6556396484375,4000,0.0,0.0
2017-12-29 00:00:00+09:00,1285.8204308507184,1291.9853233274,1232.9784953363053,1271.729248046875,9600,0.0,0.0
2018-01-01 00:00:00+09:00,1271.729248046875,1271.729248046875,1271.729248046875,1271.729248046875,0,0.0,0.0
2018-01-02 00:00:00+09:00,1271.729248046875,1271.729248046875,1271.729248046875,1271.729248046875,0,0.0,0.0
2018-01-03 00:00:00+09:00,1271.729248046875,1271.729248046875,1271.729248046875,1271.729248046875,0,0.0,0.0
2018-01-04 00:00:00+09:00,1307.8378564453124,1327.213232096354,1283.1782874348958,1321.04833984375,18700,0.0,0.0
2018-01-05 00:00:00+09:00,1347.4694441002596,1347.4694441002596,1313.122183760449,1346.5887451171875,8900,0.0,0.0
2018-01-08 00:00:00+09:00,1346.5887451171875,1346.5887451171875,1346.5887451171875,1346.5887451171875,0,0.0,0.0
2018-01-09 00:00:00+09:00,1402.0727120535714,1454.033949497768,1400.311314174107,1448.749755859375,25600,0.0,0.0
2018-01-10 00:00:00+09:00,1439.9427664620537,1448.749755859375,1411.760400390625,1448.749755859375,11300,0.0,0.0
2018-01-11 00:00:00+09:00,1424.9708497596152,1442.584828125,1424.9708497596152,1431.1357421875,2500,0.0,0.0
2018-01-12 00:00:00+09:00,1440.8235027397195,1482.216353979797,1439.9428037771647,1480.4549560546875,13000,0.0,0.0
2018-01-15 00:00:00+09:00,1493.6653311567163,1505.995115729944,1466.363665315998,1475.170654296875,8800,0.0,0.0
2018-01-16 00:00:00+09:00,1475.1707948626895,1479.5742897727273,1453.1533203125,1453.1533203125,4600,0.0,0.0
2018-01-17 00:00:00+09:00,1445.2269601004464,1485.739111328125,1445.2269601004464,1479.57421875,4800,0.0,0.0
2018-01-18 00:00:00+09:00,1479.57416257864,1479.57416257864,1454.0338942960325,1469.886474609375,3300,0.0,0.0
2018-01-19 00:00:00+09:00,1461.9601666690212,1461.9601666690212,1446.1075865485136,1461.0794677734375,5200,0.0,0.0
2018-01-22 00:00:00+09:00,1450.5112276995276,1456.6761205919968,1432.0165490221202,1436.4200439453125,5200,0.0,0.0
2018-01-23 00:00:00+09:00,1450.5111329010638,1456.676025390625,1431.1357565052997,1456.676025390625,6300,0.0,0.0
2018-01-24 00:00:00+09:00,1456.6759787011779,1456.6759787011779,1427.6129150390625,1427.6129150390625,1700,0.0,0.0
2018-01-25 00:00:00+09:00,1449.6303821308486,1461.0794677734375,1446.1075865485136,1461.0794677734375,4200,0.0,0.0
2018-01-26 00:00:00+09:00,1461.0794091181763,1475.1705908818237,1437.3005398920216,1468.125,5500,0.0,0.0
2018-01-29 00:00:00+09:00,1468.125072740023,1470.7671694516127,1455.7952880859375,1455.7952880859375,2800,0.0,0.0
2018-01-30 00:00:00+09:00,1455.7954172585228,1461.9603101325758,1444.3463304924244,1453.1533203125,2600,0.0,0.0
2018-01-31 00:00:00+09:00,1434.658469835725,1457.556640625,1434.658469835725,1457.556640625,3400,0.0,0.0
2018-02-01 00:00:00+09:00,1473.4091072753333,1502.47216796875,1470.767010848659,1502.47216796875,13900,0.0,0.0
2018-02-02 00:00:00+09:00,1497.1882495545503,1520.0864227830318,1492.7847547029194,1505.9952392578125,12200,0.0,0.0
2018-02-05 00:00:00+09:00,1505.9951464622807,1585.258048907664,1505.9951464622807,1557.07568359375,34000,0.0,0.0
2018-02-06 00:00:00+09:00,1380.9359407924442,1469.005834975636,1380.0552418506124,1462.8409423828125,33600,0.0,0.0
2018-02-07 00:00:00+09:00,1587.0193843575905,1587.0193843575905,1525.3704626566853,1580.8544921875,30100,0.0,0.0
2018-02-08 00:00:00+09:00,1404.7147341191035,1580.8545126920317,1356.2762950115482,1572.92822265625,75100,0.0,0.0
2018-02-09 00:00:00+09:00,1445.2269737763218,1496.3075127641503,1445.2269737763218,1474.2900390625,16100,0.0,0.0
2018-02-12 00:00:00+09:00,1474.2900390625,1474.2900390625,1474.2900390625,1474.2900390625,0,0.0,0.0
2018-02-13 00:00:00+09:00,1474.2899216183241,1513.921371124193,1409.9989035310255,1440.8233642578125,10100,0.0,0.0
2018-02-14 00:00:00+09:00,1409.9989673926395,1470.7671927206172,1400.311279296875,1400.311279296875,12900,0.0,0.0
2018-02-15 00:00:00+09:00,1447.8690498101364,1447.8690498101364,1412.6410923938313,1420.5673828125,4700,0.0,0.0
2018-02-16 00:00:00+09:00,1441.7042024967013,1449.6304931640625,1431.1358149402197,1449.6304931640625,2300,0.0,0.0
2018-02-19 00:00:00+09:00,1449.630500222297,1454.0339950589384,1446.9884033203125,1446.9884033203125,4600,0.0,0.0
2018-02-20 00:00:00+09:00,1444.3462367168422,1449.6304302658064,1435.5392474685689,1442.5848388671875,4500,0.0,0.0
2018-02-21 00:00:00+09:00,1442.5849084836711,1470.7672754381751,1442.5849084836711,1446.9884033203125,4900,0.0,0.0
2018-02-22 00:00:00+09:00,1424.9710310615724,1426.7324291222171,1424.09033203125,1424.09033203125,1300,0.0,0.0
2018-02-23 00:00:00+09:00,1437.300800696173,1437.300800696173,1415.2833251953125,1415.2833251953125,2300,0.0,0.0
2018-02-26 00:00:00+09:00,1409.1183000705773,1424.9708809463712,1403.8341064453125,1403.8341064453125,6500,0.0,0.0
2018-02-27 00:00:00+09:00,1406.47607421875,1415.283062786181,1404.7146765052637,1406.47607421875,2800,0.0,0.0
2018-02-28 00:00:00+09:00,1497.1881066070744,1497.1881066070744,1435.5391845703125,1435.5391845703125,7900,0.0,0.0
2018-03-01 00:00:00+09:00,1434.6585903591579,1434.6585903591579,1426.7322998046875,1426.7322998046875,400,0.0,0.0
2018-03-02 00:00:00+09:00,1426.7323280448343,1426.7323280448343,1410.879746622114,1416.1639404296875,1200,0.0,0.0
2018-03-05 00:00:00+09:00,1416.1638771715254,1416.1638771715254,1348.3500596701526,1378.2938232421875,6100,0.0,0.0
2018-03-06 00:00:00+09:00,1378.293916826847,1404.7148864784797,1378.293916826847,1388.8623046875,2300,0.0,0.0
2018-03-07 00:00:00+09:00,1381.8166399565944,1387.9815325504096,1365.9640590010695,1370.3675537109375,1400,0.0,0.0
2018-03-08 00:00:00+09:00,1370.3674963136382,1405.5954525170737,1329.8553466796875,1329.8553466796875,5100,0.0,0.0
2018-03-09 00:00:00+09:00,1330.7360233605068,1331.6167222508845,1299.911562197292,1306.9571533203125,8700,0.0,0.0
2018-03-12 00:00:00+09:00,1312.2414951534063,1313.122194143442,1281.4170305021516,1282.2977294921875,5400,0.0,0.0
2018-03-13 00:00:00+09:00,1282.2977366332589,1298.1503185421866,1277.0135426636164,1279.6556396484375,7900,0.0,0.0
2018-03-14 00:00:00+09:00,1289.343082524272,1360.6796875,1289.343082524272,1360.6796875,8600,0.0,0.0
2018-03-15 00:00:00+09:00,1381.8165351019966,1387.9814272280094,1365.0832564742477,1379.1744384765625,2600,0.0,0.0
2018-03-16 00:00:00+09:00,1379.174403702112,1379.174403702112,1338.6622564669285,1344.8271484375,1000,0.0,0.0
2018-03-19 00:00:00+09:00,1315.76419161095,1341.3044603905469,1315.76419161095,1319.2869873046875,2600,0.0,0.0
2018-03-20 00:00:00+09:00,1308.718670338311,1308.718670338311,1292.8660888671875,1292.8660888671875,6100,0.0,0.0
2018-03-21 00:00:00+09:00,1292.8660888671875,1292.8660888671875,1292.8660888671875,1292.8660888671875,0,0.0,0.0
2018-03-22 00:00:00+09:00,1285.8203307690262,1294.6273193359375,1284.058933055644,1294.6273193359375,3400,0.0,0.0
2018-03-23 00:00:00+09:00,1294.6273577577965,1298.1501532891102,1270.8484879214288,1295.508056640625,10200,0.0,0.0
2018-03-26 00:00:00+09:00,1275.251977958548,1281.4168701171875,1268.2063869201031,1281.4168701171875,3400,0.0,0.0
2018-03-27 00:00:00+09:00,1294.627560637718,1334.2590165756073,1294.627560637718,1325.4520263671875,6000,0.0,0.0
2018-03-28 00:00:00+09:00,1309.472006146911,1317.4620048284853,1249.1031272194602,1308.584228515625,2600,12.0,0.0
2018-03-29 00:00:00+09:00,1292.6039992305061,1332.55398547046,1292.6039992305061,1297.9306640625,7600,0.0,0.0
2018-03-30 00:00:00+09:00,1321.9008611460201,1321.9008611460201,1296.1553104588243,1299.7064208984375,4700,0.0,0.0
2018-04-02 00:00:00+09:00,1296.1552007494367,1329.8907470703125,1296.1552007494367,1329.8907470703125,4300,0.0,0.0
2018-04-03 00:00:00+09:00,1311.2473401564328,1330.7784447491488,1311.2473401564328,1328.1151123046875,800,0.0,0.0
2018-04-04 00:00:00+09:00,1309.4718687655777,1330.7785296810855,1309.4718687655777,1324.5640869140625,2500,0.0,0.0
2018-04-05 00:00:00+09:00,1329.0029623400528,1329.0029623400528,1294.379638671875,1294.379638671875,1600,0.0,0.0
2018-04-06 00:00:00+09:00,1291.716268715209,1304.1451537750117,1289.940713706666,1290.8284912109375,900,0.0,0.0
2018-04-09 00:00:00+09:00,1290.8286159733589,1290.8286159733589,1286.389728022969,1288.165283203125,2500,0.0,0.0
2018-04-10 00:00:00+09:00,1299.7061858374225,1300.593963286765,1289.0528564453125,1289.0528564453125,300,0.0,0.0
2018-04-11 00:00:00+09:00,1291.7163935634367,1291.7163935634367,1288.165283203125,1288.165283203125,2100,0.0,0.0
2018-04-12 00:00:00+09:00,1287.277505613047,1288.165283203125,1287.277505613047,1288.165283203125,800,0.0,0.0
2018-04-13 00:00:00+09:00,1292.6042082796391,1294.3797635107924,1285.5019873550257,1291.7164306640625,1800,0.0,0.0
2018-04-16 00:00:00+09:00,1287.2774710615586,1287.2774710615586,1271.2974748690704,1281.9508056640625,1400,0.0,0.0
2018-04-17 00:00:00+09:00,1268.6340656929997,1282.8385058967,1268.6340656929997,1277.5118408203125,1500,0.0,0.0
2018-04-18 00:00:00+09:00,1281.9508082901414,1281.9508082901414,1278.3996980178695,1279.2874755859375,1200,0.0,0.0
2018-04-19 00:00:00+09:00,1279.2874755859375,1279.2874755859375,1279.2874755859375,1279.2874755859375,0,0.0,0.0
2018-04-20 00:00:00+09:00,1284.6141357421875,1284.6141357421875,1276.6241376622431,1284.6141357421875,500,0.0,0.0
2018-04-23 00:00:00+09:00,1279.287435743544,1279.287435743544,1276.6241031222874,1278.399658203125,1300,0.0,0.0
2018-04-24 00:00:00+09:00,1278.3997459438242,1278.3997459438242,1272.185302734375,1272.185302734375,3400,0.0,0.0
2018-04-25 00:00:00+09:00,1277.5118408203125,1287.2773934603565,1277.5118408203125,1277.5118408203125,2900,0.0,0.0
2018-04-26 00:00:00+09:00,1288.1652512666171,1294.379694243093,1279.2874755859375,1279.2874755859375,1400,0.0,0.0
2018-04-27 00:00:00+09:00,1305.9207390055174,1305.9207390055174,1302.36962890625,1302.36962890625,1100,0.0,0.0
2018-04-30 00:00:00+09:00,1302.36962890625,1302.36962890625,1302.36962890625,1302.36962890625,0,0.0,0.0
2018-05-01 00:00:00+09:00,1301.4818742540149,1301.4818742540149,1278.399658203125,1278.399658203125,3600,0.0,0.0
2018-05-02 00:00:00+09:00,1283.726323445638,1283.726323445638,1278.399658203125,1278.399658203125,3000,0.0,0.0
2018-05-03 00:00:00+09:00,1278.399658203125,1278.399658203125,1278.399658203125,1278.399658203125,0,0.0,0.0
2018-05-04 00:00:00+09:00,1278.399658203125,1278.399658203125,1278.399658203125,1278.399658203125,0,0.0,0.0
2018-05-07 00:00:00+09:00,1300.5940536520186,1300.5940536520186,1278.3996158763869,1280.1751708984375,2600,0.0,0.0
2018-05-08 00:00:00+09:00,1278.3996188256049,1323.6762719923452,1278.3996188256049,1321.012939453125,1700,0.0,0.0
2018-05-09 00:00:00+09:00,1314.7985947073469,1314.7985947073469,1255.3174969049214,1263.3074951171875,7200,0.0,0.0
2018-05-10 00:00:00+09:00,1263.3074280045619,1289.9407539638992,1247.3274324289596,1248.2152099609375,2600,0.0,0.0
2018-05-11 00:00:00+09:00,1168.3152102267204,1169.2029877420903,1122.1507794274883,1141.681884765625,24500,0.0,0.0
2018-05-14 00:00:00+09:00,1154.110916546935,1186.0709111590038,1154.110916546935,1158.5498046875,10100,0.0,0.0
2018-05-15 00:00:00+09:00,1179.8564055109598,1179.8564055109598,1163.8764090480574,1178.9686279296875,2600,0.0,0.0
2018-05-16 00:00:00+09:00,1178.0808079769738,1180.744140625,1164.7641447368421,1180.744140625,3900,0.0,0.0
2018-05-17 00:00:00+09:00,1180.744140625,1183.4074732730264,1175.4174753289474,1180.744140625,2300,0.0,0.0
2018-05-18 00:00:00+09:00,1178.0808079769738,1186.9585834703948,1178.0808079769738,1180.744140625,3500,0.0,0.0
2018-05-21 00:00:00+09:00,1179.856363075658,1180.744140625,1178.0808079769738,1180.744140625,2600,0.0,0.0
2018-05-22 00:00:00+09:00,1189.621900790523,1204.7141189348804,1189.621900790523,1196.72412109375,2200,0.0,0.0
2018-05-23 00:00:00+09:00,1198.4996289278554,1214.4796239802267,1198.4996289278554,1203.8262939453125,800,0.0,0.0
2018-05-24 00:00:00+09:00,1196.7241110409007,1213.5918841193704,1196.7241110409007,1207.37744140625,1600,0.0,0.0
2018-05-25 00:00:00+09:00,1216.2552091655632,1216.2552091655632,1215.367431640625,1215.367431640625,700,0.0,0.0
2018-05-28 00:00:00+09:00,1208.2653300560598,1218.0308837890625,1208.2653300560598,1218.0308837890625,1200,0.0,0.0
2018-05-29 00:00:00+09:00,1217.1430853949653,1217.1430853949653,1198.499755859375,1198.499755859375,1400,0.0,0.0
2018-05-30 00:00:00+09:00,1199.387371360151,1199.387371360151,1192.2851515445468,1197.61181640625,2900,0.0,0.0
2018-05-31 00:00:00+09:00,1198.4996736358485,1199.387451171875,1189.621898275583,1199.387451171875,800,0.0,0.0
2018-06-01 00:00:00+09:00,1199.3875177472873,1199.3875177472873,1173.6419677734375,1173.6419677734375,900,0.0,0.0
2018-06-04 00:00:00+09:00,1173.6419677734375,1173.6419677734375,1173.6419677734375,1173.6419677734375,0,0.0,0.0
2018-06-05 00:00:00+09:00,1205.601976634838,1205.601976634838,1198.499755859375,1198.499755859375,1000,0.0,0.0
2018-06-06 00:00:00+09:00,1179.8563232421875,1179.8563232421875,1179.8563232421875,1179.8563232421875,100,0.0,0.0
2018-06-07 00:00:00+09:00,1179.8563232421875,1179.8563232421875,1179.8563232421875,1179.8563232421875,0,0.0,0.0
2018-06-08 00:00:00+09:00,1175.4173470027772,1188.7340087890625,1166.5395724785872,1188.7340087890625,2700,0.0,0.0
2018-06-11 00:00:00+09:00,1188.7341110717216,1188.7341110717216,1162.1007852075306,1166.5396728515625,400,0.0,0.0
2018-06-12 00:00:00+09:00,1166.5396728515625,1171.8663380244006,1166.5396728515625,1166.5396728515625,600,0.0,0.0
2018-06-13 00:00:00+09:00,1165.65185546875,1165.65185546875,1165.65185546875,1165.65185546875,600,0.0,0.0
2018-06-14 00:00:00+09:00,1165.65185546875,1166.539632967203,1165.65185546875,1165.65185546875,1400,0.0,0.0
2018-06-15 00:00:00+09:00,1157.6619554192428,1171.866396590031,1123.0386300654463,1148.7841796875,10400,0.0,0.0
2018-06-18 00:00:00+09:00,1133.69185944805,1136.355191929134,1115.9363095741573,1127.4774169921875,3400,0.0,0.0
2018-06-19 00:00:00+09:00,1123.9263517477766,1136.3552371541502,1123.03857421875,1123.03857421875,900,0.0,0.0
2018-06-20 00:00:00+09:00,1123.038569224528,1130.1407894251574,1123.038569224528,1128.365234375,1200,0.0,0.0
2018-06-21 00:00:00+09:00,1127.4775417601863,1132.8042073118093,1116.8242106569405,1124.814208984375,2200,0.0,0.0
2018-06-22 00:00:00+09:00,1135.467566308061,1161.2131170687596,1135.467566308061,1139.0186767578125,8100,0.0,0.0
2018-06-25 00:00:00+09:00,1154.1109218718898,1160.325365297354,1085.7520441917857,1115.0487060546875,7500,0.0,0.0
2018-06-26 00:00:00+09:00,1094.6297183388158,1096.4052734375,1094.6297183388158,1096.4052734375,1500,0.0,0.0
2018-06-27 00:00:00+09:00,1096.4052734375,1096.4052734375,1096.4052734375,1096.4052734375,0,0.0,0.0
2018-06-28 00:00:00+09:00,1118.599609375,1118.599609375,1118.599609375,1118.599609375,100,0.0,0.0
2018-06-29 00:00:00+09:00,1100.844073948269,1102.61962890625,1100.844073948269,1102.61962890625,200,0.0,0.0
2018-07-02 00:00:00+09:00,1099.0687594126507,1105.283203125,1094.6298710466867,1105.283203125,700,0.0,0.0
2018-07-03 00:00:00+09:00,1123.9262956679593,1123.9262956679593,1094.629638671875,1094.629638671875,1200,0.0,0.0
2018-07-04 00:00:00+09:00,1096.4052734375,1096.4052734375,1096.4052734375,1096.4052734375,1600,0.0,0.0
2018-07-05 00:00:00+09:00,1119.4875358271404,1119.4875358271404,1091.9664306640625,1091.9664306640625,1900,0.0,0.0
2018-07-06 00:00:00+09:00,1104.3951910039032,1105.2829684886328,1094.629638671875,1094.629638671875,500,0.0,0.0
2018-07-09 00:00:00+09:00,1147.8964021143258,1155.8864002728942,1147.0086245411514,1148.7841796875,5900,0.0,0.0
2018-07-10 00:00:00+09:00,1146.1208822911478,1146.1208822911478,1114.160888671875,1114.160888671875,1200,0.0,0.0
2018-07-11 00:00:00+09:00,1109.7220006691982,1114.160888671875,1109.7220006691982,1114.160888671875,1300,0.0,0.0
2018-07-12 00:00:00+09:00,1104.3954254518073,1117.7120905496988,1104.3954254518073,1105.283203125,300,0.0,0.0
2018-07-13 00:00:00+09:00,1105.283203125,1105.283203125,1105.283203125,1105.283203125,0,0.0,0.0
2018-07-16 00:00:00+09:00,1105.283203125,1105.283203125,1105.283203125,1105.283203125,0,0.0,0.0
2018-07-17 00:00:00+09:00,1105.2830037763042,1113.2730013939643,1100.8441162109375,1100.8441162109375,1400,0.0,0.0
2018-07-18 00:00:00+09:00,1123.0386114458665,1126.5897216796875,1123.0386114458665,1126.5897216796875,200,0.0,0.0
2018-07-19 00:00:00+09:00,1126.5897216796875,1126.5897216796875,1126.5897216796875,1126.5897216796875,0,0.0,0.0
2018-07-20 00:00:00+09:00,1141.68189222176,1145.2330023064312,1126.5896743619078,1133.69189453125,1300,0.0,0.0
2018-07-23 00:00:00+09:00,1143.4575593059058,1145.2331145222192,1140.7942264814355,1144.3453369140625,1500,0.0,0.0
2018-07-24 00:00:00+09:00,1144.3453369140625,1144.3453369140625,1138.130893656965,1144.3453369140625,1400,0.0,0.0
2018-07-25 00:00:00+09:00,1149.6720315585792,1194.0609130859375,1148.784253928032,1194.0609130859375,10400,0.0,0.0
2018-07-26 00:00:00+09:00,1194.0609130859375,1194.0609130859375,1194.0609130859375,1194.0609130859375,0,0.0,0.0
2018-07-27 00:00:00+09:00,1163.8763134113133,1195.8363037109375,1163.8763134113133,1195.8363037109375,1500,0.0,0.0
2018-07-30 00:00:00+09:00,1180.744279361739,1202.938720703125,1167.4276145569072,1202.938720703125,5000,0.0,0.0
2018-07-31 00:00:00+09:00,1225.133083767361,1225.133083767361,1198.499755859375,1198.499755859375,1300,0.0,0.0
2018-08-01 00:00:00+09:00,1197.611978262442,1198.499755859375,1188.7342022931134,1198.499755859375,2300,0.0,0.0
2018-08-02 00:00:00+09:00,1198.499755859375,1198.499755859375,1198.499755859375,1198.499755859375,0,0.0,0.0
2018-08-03 00:00:00+09:00,1197.611830713514,1197.611830713514,1181.6318359375,1181.6318359375,1200,0.0,0.0
2018-08-06 00:00:00+09:00,1153.2230622746395,1154.9986174128605,1152.335284705529,1154.11083984375,6100,0.0,0.0
2018-08-07 00:00:00+09:00,1131.9162785961184,1156.7740478515625,1125.7018362822573,1156.7740478515625,5000,0.0,0.0
2018-08-08 00:00:00+09:00,1106.1708902670568,1123.0386646772286,1106.1708902670568,1114.160888671875,2200,0.0,0.0
2018-08-09 00:00:00+09:00,1114.160888671875,1114.160888671875,1114.160888671875,1114.160888671875,0,0.0,0.0
2018-08-10 00:00:00+09:00,1107.0586415337787,1107.0586415337787,1084.864202048338,1099.9564208984375,5800,0.0,0.0
2018-08-13 00:00:00+09:00,1091.9663230971535,1091.9663230971535,1075.098550626547,1075.986328125,2700,0.0,0.0
2018-08-14 00:00:00+09:00,1074.2107379327672,1087.527399973256,1065.332963239108,1069.7718505859375,3200,0.0,0.0
2018-08-15 00:00:00+09:00,1065.3331298828125,1068.8842403157553,1065.3331298828125,1065.3331298828125,6700,0.0,0.0
2018-08-16 00:00:00+09:00,1083.088456632653,1096.4051179846938,1065.3329081632653,1087.52734375,6800,0.0,0.0
2018-08-17 00:00:00+09:00,1069.772017923991,1074.2109059651693,1059.1186866251628,1065.3331298828125,2100,0.0,0.0
2018-08-20 00:00:00+09:00,1065.3331298828125,1069.772017923991,1065.3331298828125,1065.3331298828125,2800,0.0,0.0
2018-08-21 00:00:00+09:00,1059.1186392070442,1073.3230803028637,1059.1186392070442,1072.435302734375,3700,0.0,0.0
2018-08-22 00:00:00+09:00,1045.8019987695473,1105.2830971715503,1045.8019987695473,1089.3031005859375,900,0.0,0.0
2018-08-23 00:00:00+09:00,1069.7720043041088,1078.6497802734375,1069.7720043041088,1078.6497802734375,1300,0.0,0.0
2018-08-24 00:00:00+09:00,1104.395368418017,1104.395368418017,1080.4253724796836,1082.200927734375,600,0.0,0.0
2018-08-27 00:00:00+09:00,1096.4052864449923,1096.4052864449923,1083.088623046875,1083.088623046875,2400,0.0,0.0
2018-08-28 00:00:00+09:00,1070.6597078160598,1075.0985954935727,1070.6597078160598,1071.5474853515625,3600,0.0,0.0
2018-08-29 00:00:00+09:00,1071.5474853515625,1071.5474853515625,1071.5474853515625,1071.5474853515625,0,0.0,0.0
2018-08-30 00:00:00+09:00,1092.8541259765625,1092.8541259765625,1092.8541259765625,1092.8541259765625,100,0.0,0.0
2018-08-31 00:00:00+09:00,1092.8541259765625,1092.8541259765625,1092.8541259765625,1092.8541259765625,0,0.0,0.0
2018-09-03 00:00:00+09:00,1083.9763877467105,1096.4052734375,1083.0886101973686,1096.4052734375,1900,0.0,0.0
2018-09-04 00:00:00+09:00,1100.8443147590363,1105.283203125,1100.8443147590363,1105.283203125,1600,0.0,0.0
2018-09-05 00:00:00+09:00,1105.283203125,1105.283203125,1105.283203125,1105.283203125,0,0.0,0.0
2018-09-06 00:00:00+09:00,1105.283203125,1105.283203125,1105.283203125,1105.283203125,0,0.0,0.0
2018-09-07 00:00:00+09:00,1120.3753718479422,1153.2231442396808,1115.0487060546875,1115.0487060546875,3200,0.0,0.0
2018-09-10 00:00:00+09:00,1110.6097013671874,1112.3852564453125,1085.7519302734374,1109.721923828125,5700,0.0,0.0
2018-09-11 00:00:00+09:00,1109.721923828125,1109.721923828125,1109.721923828125,1109.721923828125,0,0.0,0.0
2018-09-12 00:00:00+09:00,1083.0886574693104,1115.9364282286253,1083.0886574693104,1089.3031005859375,700,0.0,0.0
2018-09-13 00:00:00+09:00,1089.3031005859375,1108.8342075239086,1089.3031005859375,1089.3031005859375,900,0.0,0.0
2018-09-14 00:00:00+09:00,1089.3031005859375,1089.3031005859375,1089.3031005859375,1089.3031005859375,0,0.0,0.0
2018-09-17 00:00:00+09:00,1089.3031005859375,1089.3031005859375,1089.3031005859375,1089.3031005859375,0,0.0,0.0
2018-09-18 00:00:00+09:00,1097.2929711260645,1100.8440810649838,1094.629638671875,1094.629638671875,900,0.0,0.0
2018-09-19 00:00:00+09:00,1093.741928125,1109.721923828125,1093.741928125,1109.721923828125,3500,0.0,0.0
2018-09-20 00:00:00+09:00,1109.7219584001466,1115.9364013671875,1101.7319602996656,1115.9364013671875,1500,0.0,0.0
2018-09-21 00:00:00+09:00,1110.6097701833219,1122.15087890625,1110.6097701833219,1122.15087890625,3500,0.0,0.0
2018-09-24 00:00:00+09:00,1122.15087890625,1122.15087890625,1122.15087890625,1122.15087890625,0,0.0,0.0
2018-09-25 00:00:00+09:00,1123.0386646772286,1123.0386646772286,1114.160888671875,1114.160888671875,2300,0.0,0.0
2018-09-26 00:00:00+09:00,1044.9141634765624,1109.721923828125,1044.9141634765624,1109.721923828125,13900,0.0,0.0
2018-09-27 00:00:00+09:00,1109.721923828125,1114.1608115234376,1100.8441484375,1109.721923828125,3200,0.0,0.0
2018-09-28 00:00:00+09:00,1109.721923828125,1109.721923828125,1109.721923828125,1109.721923828125,0,0.0,0.0
2018-10-01 00:00:00+09:00,1131.0286865234375,1131.0286865234375,1131.0286865234375,1131.0286865234375,900,0.0,0.0
2018-10-02 00:00:00+09:00,1127.4776015170785,1127.4776015170785,1107.0587158203125,1107.0587158203125,1400,0.0,0.0
2018-10-03 00:00:00+09:00,1109.7219480690383,1126.5897216796875,1109.7219480690383,1126.5897216796875,1100,0.0,0.0
2018-10-04 00:00:00+09:00,1126.5897216796875,1126.5897216796875,1126.5897216796875,1126.5897216796875,0,0.0,0.0
2018-10-05 00:00:00+09:00,1126.5897216796875,1126.5897216796875,1126.5897216796875,1126.5897216796875,0,0.0,0.0
2018-10-08 00:00:00+09:00,1126.5897216796875,1126.5897216796875,1126.5897216796875,1126.5897216796875,0,0.0,0.0
2018-10-09 00:00:00+09:00,1110.6097013671874,1114.1608115234376,1109.721923828125,1109.721923828125,2000,0.0,0.0
2018-10-10 00:00:00+09:00,1109.721923828125,1109.721923828125,1109.721923828125,1109.721923828125,100,0.0,0.0
2018-10-11 00:00:00+09:00,1048.465250023006,1108.834121319843,1048.465250023006,1092.8541259765625,8100,0.0,0.0
2018-10-12 00:00:00+09:00,1066.2208004044287,1092.8541259765625,1066.2208004044287,1092.8541259765625,1600,0.0,0.0
2018-10-15 00:00:00+09:00,1092.8540082908162,1092.8540082908162,1083.088456632653,1087.52734375,3500,0.0,0.0
2018-10-16 00:00:00+09:00,1087.52734375,1087.52734375,1087.52734375,1087.52734375,0,0.0,0.0
2018-10-17 00:00:00+09:00,1087.52734375,1087.52734375,1087.52734375,1087.52734375,0,0.0,0.0
2018-10-18 00:00:00+09:00,1091.966230867347,1108.8340019132652,1079.5373469387755,1087.52734375,1300,0.0,0.0
2018-10-19 00:00:00+09:00,1087.5275768381796,1105.2831291130885,1087.5275768381796,1098.180908203125,800,0.0,0.0
2018-10-22 00:00:00+09:00,1098.180908203125,1098.180908203125,1098.180908203125,1098.180908203125,0,0.0,0.0
2018-10-23 00:00:00+09:00,1075.0987151342974,1090.1909349173554,1074.2109375,1074.2109375,5300,0.0,0.0
2018-10-24 00:00:00+09:00,1074.210863357935,1107.9464111328125,1074.210863357935,1107.9464111328125,800,0.0,0.0
2018-10-25 00:00:00+09:00,1107.0586171634861,1107.0586171634861,1083.088623046875,1083.088623046875,3800,0.0,0.0
2018-10-26 00:00:00+09:00,1083.088623046875,1084.864178166624,1055.5675186907658,1083.088623046875,6600,0.0,0.0
2018-10-29 00:00:00+09:00,1048.4652638280736,1048.4652638280736,994.3108344516871,1012.9541625976562,3900,0.0,0.0
2018-10-30 00:00:00+09:00,976.5553324201466,1018.2808784417347,976.5553324201466,1003.1886596679688,5300,0.0,0.0
2018-10-31 00:00:00+09:00,996.9741670439685,1012.9541625976562,996.086389513208,1012.9541625976562,400,0.0,0.0
2018-11-01 00:00:00+09:00,1014.7297041065196,1051.1285823815567,1014.7297041065196,1049.35302734375,1400,0.0,0.0
2018-11-02 00:00:00+09:00,1059.118599854527,1082.2008157775929,1058.2308223190244,1071.5474853515625,1900,0.0,0.0
2018-11-05 00:00:00+09:00,1098.1807154657795,1098.1807154657795,1065.332949522179,1085.7518310546875,2400,0.0,0.0
2018-11-06 00:00:00+09:00,1082.2007538856574,1107.0585234580926,1082.2007538856574,1094.629638671875,3100,0.0,0.0
2018-11-07 00:00:00+09:00,1091.9664306640625,1092.8542082499682,1091.9664306640625,1091.9664306640625,1000,0.0,0.0
2018-11-08 00:00:00+09:00,1091.966230867347,1091.966230867347,1084.8640114795917,1087.52734375,2900,0.0,0.0
2018-11-09 00:00:00+09:00,1009.4030193042014,1031.5974568438717,1009.4030193042014,1027.1585693359375,3000,0.0,0.0
2018-11-12 00:00:00+09:00,1020.9442433139734,1043.1386833860163,1008.5153568736295,1012.0664672851562,3300,0.0,0.0
2018-11-13 00:00:00+09:00,1008.5153064051419,1012.0664166389628,1001.4130859375,1001.4130859375,900,0.0,0.0
2018-11-14 00:00:00+09:00,1002.3008847443954,1002.3008847443954,1000.5253295898438,1000.5253295898438,900,0.0,0.0
2018-11-15 00:00:00+09:00,1000.5253295898438,1000.5253295898438,1000.5253295898438,1000.5253295898438,300,0.0,0.0
2018-11-16 00:00:00+09:00,1000.5253295898438,1000.5253295898438,1000.5253295898438,1000.5253295898438,0,0.0,0.0
2018-11-19 00:00:00+09:00,998.7498065941638,1000.5253618058867,987.2086977179646,988.9842529296875,6800,0.0,0.0
2018-11-20 00:00:00+09:00,994.3108444281444,1003.1886198248242,980.9941813331245,1002.3008422851562,6100,0.0,0.0
2018-11-21 00:00:00+09:00,987.2088282955785,1016.5054931640625,976.5554956161299,1016.5054931640625,4400,0.0,0.0
2018-11-22 00:00:00+09:00,1018.280870445995,1023.6075358537333,1011.1786499023438,1011.1786499023438,900,0.0,0.0
2018-11-23 00:00:00+09:00,1011.1786499023438,1011.1786499023438,1011.1786499023438,1011.1786499023438,0,0.0,0.0
2018-11-26 00:00:00+09:00,984.545419910976,1008.515416608538,984.545419910976,994.3109741210938,1800,0.0,0.0
2018-11-27 00:00:00+09:00,1011.1786896822746,1012.0664672851562,1011.1786896822746,1012.0664672851562,200,0.0,0.0
2018-11-28 00:00:00+09:00,1012.0666045476255,1016.5054931640625,1012.0666045476255,1016.5054931640625,500,0.0,0.0
2018-11-29 00:00:00+09:00,1016.5054931640625,1016.5054931640625,1016.5054931640625,1016.5054931640625,0,0.0,0.0
2018-11-30 00:00:00+09:00,1016.5052091158353,1016.5052091158353,1008.5152118389424,1015.617431640625,700,0.0,0.0
2018-12-03 00:00:00+09:00,1015.6175727334706,1015.6175727334706,996.9742431640625,996.9742431640625,3000,0.0,0.0
2018-12-04 00:00:00+09:00,1046.6897418621206,1046.6897418621206,994.3108658910729,1021.8319702148438,3900,0.0,0.0
2018-12-05 00:00:00+09:00,1048.4651862630772,1048.4651862630772,1028.93408203125,1028.93408203125,700,0.0,0.0
2018-12-06 00:00:00+09:00,1028.9340913416977,1041.3629759653247,995.1985473632812,995.1985473632812,1600,0.0,0.0
2018-12-07 00:00:00+09:00,994.3109741210938,1006.7398612976075,958.7998679024834,994.3109741210938,8400,0.0,0.0
2018-12-10 00:00:00+09:00,1011.1787495749338,1011.1787495749338,993.4231964656285,994.3109741210938,4600,0.0,0.0
2018-12-11 00:00:00+09:00,994.3109741210938,996.0865294320243,994.3109741210938,994.3109741210938,4300,0.0,0.0
2018-12-12 00:00:00+09:00,985.4329951590029,995.1985473632812,985.4329951590029,995.1985473632812,300,0.0,0.0
2018-12-13 00:00:00+09:00,985.4331081694206,1003.1886596679688,985.4331081694206,1003.1886596679688,1700,0.0,0.0
2018-12-14 00:00:00+09:00,995.1986928304037,1012.0664672851562,995.1986928304037,1012.0664672851562,400,0.0,0.0
2018-12-17 00:00:00+09:00,1002.3008422851562,1002.3008422851562,1002.3008422851562,1002.3008422851562,100,0.0,0.0
2018-12-18 00:00:00+09:00,1002.3008422851562,1002.3008422851562,1002.3008422851562,1002.3008422851562,0,0.0,0.0
2018-12-19 00:00:00+09:00,994.3108811936937,994.3108811936937,975.667552171312,985.43310546875,5500,0.0,0.0
2018-12-20 00:00:00+09:00,978.330791792436,978.330791792436,958.7996870561079,976.5552368164062,5800,0.0,0.0
2018-12-21 00:00:00+09:00,949.9220545500227,957.9120531396959,906.4209511173582,914.4109497070312,3400,0.0,0.0
2018-12-24 00:00:00+09:00,914.4109497070312,914.4109497070312,914.4109497070312,914.4109497070312,0,0.0,0.0
2018-12-25 00:00:00+09:00,889.5531430664063,889.5531430664063,876.2364792480469,887.777587890625,9000,0.0,0.0
2018-12-26 00:00:00+09:00,908.196453576457,908.196453576457,899.3186778816724,906.4208984375,1200,0.0,0.0
2018-12-27 00:00:00+09:00,909.0841937069813,931.2786320299057,901.0941959107286,902.8697509765625,2400,0.0,0.0
2018-12-28 00:00:00+09:00,898.430895128408,911.74755859375,898.430895128408,911.74755859375,1900,0.0,0.0
2018-12-31 00:00:00+09:00,911.74755859375,911.74755859375,911.74755859375,911.74755859375,0,0.0,0.0
2019-01-04 00:00:00+09:00,923.288656460539,932.1664320034288,906.4208829290483,922.40087890625,2700,0.0,0.0
2019-01-07 00:00:00+09:00,949.9219810235109,949.9219810235109,945.4830932617188,945.4830932617188,2600,0.0,0.0
2019-01-08 00:00:00+09:00,945.4830932617188,945.4830932617188,945.4830932617188,945.4830932617188,0,0.0,0.0
2019-01-09 00:00:00+09:00,941.0442111144004,960.5753173828125,941.0442111144004,960.5753173828125,300,0.0,0.0
2019-01-10 00:00:00+09:00,958.7997513458508,958.7997513458508,941.0442003950018,950.8097534179688,800,0.0,0.0
2019-01-11 00:00:00+09:00,950.8097633155617,950.8097633155617,919.737548828125,919.737548828125,900,0.0,0.0
2019-01-15 00:00:00+09:00,914.4109497070312,914.4109497070312,914.4109497070312,914.4109497070312,100,0.0,0.0
2019-01-16 00:00:00+09:00,975.6674593283913,985.4330116965554,958.7996870561079,976.5552368164062,2800,0.0,0.0
2019-01-17 00:00:00+09:00,976.5552368164062,976.5552368164062,976.5552368164062,976.5552368164062,0,0.0,0.0
2019-01-18 00:00:00+09:00,949.9219121759588,985.4330116965554,949.9219121759588,976.5552368164062,3100,0.0,0.0
2019-01-21 00:00:00+09:00,994.3108811936937,994.3108811936937,985.43310546875,985.43310546875,1600,0.0,0.0
2019-01-22 00:00:00+09:00,979.2186624612895,985.43310546875,979.2186624612895,985.43310546875,500,0.0,0.0
2019-01-23 00:00:00+09:00,976.5552322952836,977.4430097791884,958.7996826171875,958.7996826171875,3700,0.0,0.0
2019-01-24 00:00:00+09:00,976.5554210117886,994.3109741210938,976.5554210117886,994.3109741210938,800,0.0,0.0
2019-01-25 00:00:00+09:00,994.3109741210938,994.3109741210938,994.3109741210938,994.3109741210938,0,0.0,0.0
2019-01-28 00:00:00+09:00,993.4229736328125,993.4229736328125,993.4229736328125,993.4229736328125,100,0.0,0.0
2019-01-29 00:00:00+09:00,993.4229736328125,993.4229736328125,993.4229736328125,993.4229736328125,0,0.0,0.0
2019-01-30 00:00:00+09:00,994.3109741210938,994.3109741210938,994.3109741210938,994.3109741210938,1900,0.0,0.0
2019-01-31 00:00:00+09:00,1065.3331298828125,1097.2931237792968,1065.3331298828125,1065.3331298828125,4200,0.0,0.0
2019-02-01 00:00:00+09:00,1065.3331298828125,1065.3331298828125,1065.3331298828125,1065.3331298828125,0,0.0,0.0
2019-02-04 00:00:00+09:00,1063.5575106346,1063.5575106346,1044.914181984077,1047.5775146484375,2400,0.0,0.0
2019-02-05 00:00:00+09:00,1064.445355025748,1064.445355025748,1050.2409132572643,1062.6697998046875,900,0.0,0.0
2019-02-06 00:00:00+09:00,1065.3330980829833,1068.8842084099265,1056.455322265625,1056.455322265625,1200,0.0,0.0
2019-02-07 00:00:00+09:00,1065.3330980829833,1065.3330980829833,1020.0564414144565,1056.455322265625,4400,0.0,0.0
2019-02-08 00:00:00+09:00,1048.4652598323985,1048.4652598323985,985.4330553886218,1038.69970703125,6300,0.0,0.0
2019-02-12 00:00:00+09:00,1039.5876349274224,1065.3331869452663,1029.8220807137575,1050.240966796875,2500,0.0,0.0
2019-02-13 00:00:00+09:00,1050.240966796875,1050.240966796875,1050.240966796875,1050.240966796875,0,0.0,0.0
2019-02-14 00:00:00+09:00,1064.4454211227717,1064.4454211227717,1039.587646484375,1039.587646484375,400,0.0,0.0
2019-02-15 00:00:00+09:00,1035.148715774523,1041.3631591796875,1035.148715774523,1041.3631591796875,500,0.0,0.0
2019-02-18 00:00:00+09:00,1041.3631591796875,1041.3631591796875,1041.3631591796875,1041.3631591796875,0,0.0,0.0
2019-02-19 00:00:00+09:00,1025.3832184154683,1051.1287710856402,1025.3832184154683,1026.27099609375,400,0.0,0.0
2019-02-20 00:00:00+09:00,1047.5774772799746,1047.5774772799746,1044.0263671875,1044.0263671875,200,0.0,0.0
2019-02-21 00:00:00+09:00,1044.0263671875,1044.0263671875,1044.0263671875,1044.0263671875,0,0.0,0.0
2019-02-22 00:00:00+09:00,1044.026285046729,1044.9140625,1038.6996203271028,1044.9140625,400,0.0,0.0
2019-02-25 00:00:00+09:00,1047.5773482825687,1085.7517770759164,1047.5773482825687,1052.0162353515625,1100,0.0,0.0
2019-02-26 00:00:00+09:00,1060.0064697265625,1060.8942473393988,1057.3431368880536,1060.0064697265625,600,0.0,0.0
2019-02-27 00:00:00+09:00,1060.0064697265625,1060.0064697265625,1060.0064697265625,1060.0064697265625,0,0.0,0.0
2019-02-28 00:00:00+09:00,1029.822021484375,1029.822021484375,1029.822021484375,1029.822021484375,2600,0.0,0.0
2019-03-01 00:00:00+09:00,1029.822021484375,1029.822021484375,1029.822021484375,1029.822021484375,0,0.0,0.0
2019-03-04 00:00:00+09:00,1050.2409063931168,1050.2409063931168,1029.822021484375,1029.822021484375,1400,0.0,0.0
2019-03-05 00:00:00+09:00,1030.7095362109703,1053.791748046875,1030.7095362109703,1053.791748046875,200,0.0,0.0
2019-03-06 00:00:00+09:00,1053.791748046875,1053.791748046875,1053.791748046875,1053.791748046875,0,0.0,0.0
2019-03-07 00:00:00+09:00,1038.69970703125,1038.69970703125,1038.69970703125,1038.69970703125,100,0.0,0.0
2019-03-08 00:00:00+09:00,1038.69970703125,1038.69970703125,1038.69970703125,1038.69970703125,0,0.0,0.0
2019-03-11 00:00:00+09:00,1038.69970703125,1038.69970703125,1038.69970703125,1038.69970703125,0,0.0,0.0
2019-03-12 00:00:00+09:00,1047.5775146484375,1047.5775146484375,1047.5775146484375,1047.5775146484375,100,0.0,0.0
2019-03-13 00:00:00+09:00,1048.46533203125,1048.46533203125,1048.46533203125,1048.46533203125,1100,0.0,0.0
2019-03-14 00:00:00+09:00,1048.46533203125,1048.46533203125,1048.46533203125,1048.46533203125,0,0.0,0.0
2019-03-15 00:00:00+09:00,1062.6697391697617,1083.088623046875,1061.7819616098873,1083.088623046875,1200,0.0,0.0
2019-03-18 00:00:00+09:00,1097.2930561559194,1097.2930561559194,1083.9763928530563,1091.07861328125,1600,0.0,0.0
2019-03-19 00:00:00+09:00,1131.0285925853645,1131.0285925853645,1099.956378503349,1101.73193359375,1500,0.0,0.0
2019-03-20 00:00:00+09:00,1101.7319760572727,1103.507531216108,1099.9564208984375,1099.9564208984375,800,0.0,0.0
2019-03-22 00:00:00+09:00,1099.9564289372142,1099.9564289372142,1083.088654805005,1091.9664306640625,2300,0.0,0.0
2019-03-25 00:00:00+09:00,1091.9664306640625,1091.9664306640625,1091.9664306640625,1091.9664306640625,0,0.0,0.0
2019-03-26 00:00:00+09:00,1084.8641185561016,1103.5074462890625,1084.8641185561016,1103.5074462890625,1000,0.0,0.0
2019-03-27 00:00:00+09:00,1094.5430908203125,1116.9538830156507,1094.5430908203125,1094.5430908203125,1100,12.0,0.0
2019-03-28 00:00:00+09:00,1093.6465915084389,1093.6465915084389,1058.6857578454642,1062.271484375,1400,0.0,0.0
2019-03-29 00:00:00+09:00,1073.0288442993165,1075.7181396484375,1073.0288442993165,1075.7181396484375,1100,0.0,0.0
2019-04-01 00:00:00+09:00,1066.7537841796875,1066.7537841796875,1066.7537841796875,1066.7537841796875,100,0.0,0.0
2019-04-02 00:00:00+09:00,1043.4464783037781,1043.4464783037781,1009.3820743728987,1016.5535278320312,2500,0.0,0.0
2019-04-03 00:00:00+09:00,1016.5535278320312,1016.5535278320312,1016.5535278320312,1016.5535278320312,0,0.0,0.0
2019-04-04 00:00:00+09:00,1035.378662109375,1035.378662109375,1035.378662109375,1035.378662109375,100,0.0,0.0
2019-04-05 00:00:00+09:00,1055.9965726902174,1055.9965726902174,1030.896484375,1030.896484375,1300,0.0,0.0
2019-04-08 00:00:00+09:00,1074.8216717781154,1074.8216717781154,1021.0357666015625,1021.0357666015625,1800,0.0,0.0
2019-04-09 00:00:00+09:00,1030.0001371684828,1040.7573187577098,1018.3465237801535,1021.9322509765625,4000,0.0,0.0
2019-04-10 00:00:00+09:00,1021.9322509765625,1021.9322509765625,1021.9322509765625,1021.9322509765625,200,0.0,0.0
2019-04-11 00:00:00+09:00,1018.3465237801535,1021.9322509765625,1018.3465237801535,1021.9322509765625,1200,0.0,0.0
2019-04-12 00:00:00+09:00,1018.3466634825328,1026.41455078125,1018.3466634825328,1026.41455078125,1300,0.0,0.0
2019-04-15 00:00:00+09:00,1030.896484375,1039.8608016304347,1030.896484375,1030.896484375,2800,0.0,0.0
2019-04-16 00:00:00+09:00,1030.896484375,1030.896484375,1030.896484375,1030.896484375,0,0.0,0.0
2019-04-17 00:00:00+09:00,1031.792956093181,1046.1358642578125,1031.792956093181,1046.1358642578125,1900,0.0,0.0
2019-04-18 00:00:00+09:00,1047.9287213763225,1047.9287213763225,1027.310791015625,1027.310791015625,1600,0.0,0.0
2019-04-19 00:00:00+09:00,1027.310791015625,1027.310791015625,1027.310791015625,1027.310791015625,0,0.0,0.0
2019-04-22 00:00:00+09:00,1027.310791015625,1027.310791015625,1027.310791015625,1027.310791015625,100,0.0,0.0
2019-04-23 00:00:00+09:00,1027.3107227459177,1073.9251708984375,1027.3107227459177,1073.9251708984375,2900,0.0,0.0
2019-04-24 00:00:00+09:00,1047.0322554347827,1055.100140964674,1030.896484375,1030.896484375,2100,0.0,0.0
2019-04-25 00:00:00+09:00,1074.8218399628636,1074.8218399628636,1035.378836661474,1036.2752685546875,1500,0.0,0.0
2019-04-26 00:00:00+09:00,1036.2752685546875,1036.2752685546875,1036.2752685546875,1036.2752685546875,200,0.0,0.0
2019-05-07 00:00:00+09:00,1070.3396804967965,1070.3396804967965,1035.378836661474,1036.2752685546875,2300,0.0,0.0
2019-05-08 00:00:00+09:00,1061.37518262987,1061.37518262987,997.7285289417613,1035.378662109375,5300,0.0,0.0
2019-05-09 00:00:00+09:00,986.0748291015625,986.0748291015625,986.0748291015625,986.0748291015625,4000,0.0,0.0
2019-05-10 00:00:00+09:00,987.8677754916192,1022.82861328125,984.2820485388365,1022.82861328125,12300,0.0,0.0
2019-05-13 00:00:00+09:00,1012.0714637418764,1021.9322131671737,995.0392601890902,1012.9678955078125,2500,0.0,0.0
2019-05-14 00:00:00+09:00,998.6249353427397,1012.0714111328125,957.3890762531831,1012.0714111328125,2500,0.0,0.0
2019-05-15 00:00:00+09:00,1012.0715486798968,1012.0715486798968,978.0071387154716,1004.003662109375,3700,0.0,0.0
2019-05-16 00:00:00+09:00,1004.0035049229452,1025.5178657427225,981.5927124023438,981.5927124023438,1800,0.0,0.0
2019-05-17 00:00:00+09:00,954.6998022236955,981.5927543990109,942.149757875215,977.110595703125,4000,0.0,0.0
2019-05-20 00:00:00+09:00,986.9712607643821,986.9712607643821,986.0748291015625,986.0748291015625,2100,0.0,0.0
2019-05-21 00:00:00+09:00,990.5570717907826,990.5570717907826,967.249846572176,977.110595703125,1700,0.0,0.0
2019-05-22 00:00:00+09:00,977.1106639445788,1007.5893452052354,974.4213685392268,1002.2107543945312,7100,0.0,0.0
2019-05-23 00:00:00+09:00,992.3498507412997,992.3498507412997,986.0748291015625,986.0748291015625,1500,0.0,0.0
2019-05-24 00:00:00+09:00,986.0749596134981,986.0749596134981,959.1820061694937,985.1785278320312,6100,0.0,0.0
2019-05-27 00:00:00+09:00,982.4892645443188,1004.0036280014936,960.9749010871438,975.3178100585938,5700,0.0,0.0
2019-05-28 00:00:00+09:00,986.0748975522051,986.0748975522051,959.1819458007812,959.1819458007812,3000,0.0,0.0
2019-05-29 00:00:00+09:00,977.1105572735821,977.1105572735821,968.146240234375,968.146240234375,300,0.0,0.0
2019-05-30 00:00:00+09:00,959.1819458007812,969.0426947763034,949.3211968252592,959.1819458007812,6600,0.0,0.0
2019-05-31 00:00:00+09:00,980.6963893777072,995.9357299804686,977.1106621770575,995.9357299804688,4300,0.0,0.0
2019-06-03 00:00:00+09:00,986.0749130948968,986.0749130948968,968.1462783113532,977.110595703125,8200,0.0,0.0
2019-06-04 00:00:00+09:00,1004.0035891842533,1004.0035891842533,950.2176826208112,966.3534545898438,4400,0.0,0.0
2019-06-05 00:00:00+09:00,986.0749551166966,998.625,986.0749551166966,998.625,700,0.0,0.0
2019-06-06 00:00:00+09:00,995.0392304866685,995.0392304866685,977.110595703125,977.110595703125,400,0.0,0.0
2019-06-07 00:00:00+09:00,977.110595703125,977.110595703125,977.110595703125,977.110595703125,1100,0.0,0.0
2019-06-10 00:00:00+09:00,986.0748291015625,1010.2784839976918,986.0748291015625,986.0748291015625,2200,0.0,0.0
2019-06-11 00:00:00+09:00,986.971435546875,986.971435546875,986.971435546875,986.971435546875,100,0.0,0.0
2019-06-12 00:00:00+09:00,999.5213891825545,999.5213891825545,977.110595703125,977.110595703125,300,0.0,0.0
2019-06-13 00:00:00+09:00,981.5927566347497,983.3856201171875,981.5927566347497,983.3856201171875,300,0.0,0.0
2019-06-14 00:00:00+09:00,980.6962890625,980.6962890625,980.6962890625,980.6962890625,100,0.0,0.0
2019-06-17 00:00:00+09:00,989.6607226219244,1048.8252223438872,989.6607226219244,1020.139404296875,5700,0.0,0.0
2019-06-18 00:00:00+09:00,986.0748877355186,986.0748877355186,979.7998657226562,979.7998657226562,700,0.0,0.0
2019-06-19 00:00:00+09:00,986.971435546875,986.971435546875,986.971435546875,986.971435546875,100,0.0,0.0
2019-06-20 00:00:00+09:00,986.0748291015625,986.0748291015625,986.0748291015625,986.0748291015625,4500,0.0,0.0
2019-06-21 00:00:00+09:00,986.0749280774916,995.0392456054688,986.0749280774916,995.0392456054688,200,0.0,0.0
2019-06-24 00:00:00+09:00,989.6605557528409,1001.3141673694957,978.9033757990057,986.0748291015625,5800,0.0,0.0
2019-06-25 00:00:00+09:00,1012.0714489086254,1012.0714489086254,984.2820645718961,995.0392456054688,6200,0.0,0.0
2019-06-26 00:00:00+09:00,993.246337890625,993.246337890625,993.246337890625,993.246337890625,100,0.0,0.0
2019-06-27 00:00:00+09:00,993.246337890625,993.246337890625,993.246337890625,993.246337890625,0,0.0,0.0
2019-06-28 00:00:00+09:00,993.246337890625,993.246337890625,993.246337890625,993.246337890625,0,0.0,0.0
2019-07-01 00:00:00+09:00,995.0392728904848,1003.1071588868941,995.0392728904848,998.625,600,0.0,0.0
2019-07-02 00:00:00+09:00,995.0392456054688,996.8321091110641,995.0392456054688,995.0392456054688,2200,0.0,0.0
2019-07-03 00:00:00+09:00,995.9357299804686,995.9357299804686,995.9357299804686,995.9357299804688,200,0.0,0.0
2019-07-04 00:00:00+09:00,999.5213623046875,999.5213623046875,999.5213623046875,999.5213623046875,100,0.0,0.0
2019-07-05 00:00:00+09:00,1006.6929406150776,1008.4858042671082,1005.7965087890625,1005.7965087890625,1100,0.0,0.0
2019-07-08 00:00:00+09:00,1005.7964797822555,1005.7964797822555,995.0392981803062,995.9357299804688,2200,0.0,0.0
2019-07-09 00:00:00+09:00,995.9357299804686,995.9357299804686,995.9357299804686,995.9357299804688,0,0.0,0.0
2019-07-10 00:00:00+09:00,995.9357299804686,995.9357299804686,995.9357299804686,995.9357299804688,0,0.0,0.0
2019-07-11 00:00:00+09:00,997.728515625,1015.657150227426,997.728515625,997.728515625,500,0.0,0.0
2019-07-12 00:00:00+09:00,997.728515625,997.728515625,997.728515625,997.728515625,0,0.0,0.0
2019-07-16 00:00:00+09:00,985.1784595526669,1012.0714111328125,979.7998692366377,1012.0714111328125,2600,0.0,0.0
2019-07-17 00:00:00+09:00,1011.1750171558277,1011.1750171558277,995.0392456054688,995.0392456054688,1600,0.0,0.0
2019-07-18 00:00:00+09:00,995.9357215277582,996.8321533203125,995.9357215277582,996.8321533203125,400,0.0,0.0
2019-07-19 00:00:00+09:00,1010.2785981501837,1010.2785981501837,994.1428263962322,1006.69287109375,9100,0.0,0.0
2019-07-22 00:00:00+09:00,1012.0714637418764,1012.9678955078125,1012.0714637418764,1012.9678955078125,800,0.0,0.0
2019-07-23 00:00:00+09:00,1019.2430457871195,1038.068115234375,1019.2430457871195,1038.068115234375,300,0.0,0.0
2019-07-24 00:00:00+09:00,984.2820645718961,999.5214043694573,982.4892010663007,995.0392456054688,18300,0.0,0.0
2019-07-25 00:00:00+09:00,1012.9678955078125,1026.4143719968542,1012.9678955078125,1012.9678955078125,18400,0.0,0.0
2019-07-26 00:00:00+09:00,1012.9680719500547,1026.41455078125,1012.0716400279749,1026.41455078125,3000,0.0,0.0
2019-07-29 00:00:00+09:00,1021.9322509765625,1021.9322509765625,1021.9322509765625,1021.9322509765625,1000,0.0,0.0
2019-07-30 00:00:00+09:00,1004.003662109375,1004.003662109375,1004.003662109375,1004.003662109375,300,0.0,0.0
2019-07-31 00:00:00+09:00,1004.0034706735057,1008.4856290247268,1004.0034706735057,1004.89990234375,2200,0.0,0.0
2019-08-01 00:00:00+09:00,1004.900051595052,1008.4857788085936,1004.900051595052,1008.4857788085938,1200,0.0,0.0
2019-08-02 00:00:00+09:00,1004.0036179980993,1004.0036179980993,1002.2107543945312,1002.2107543945312,300,0.0,0.0
2019-08-05 00:00:00+09:00,1019.2429567846921,1019.2429567846921,995.9357299804686,995.9357299804688,3300,0.0,0.0
2019-08-06 00:00:00+09:00,1022.8287246143788,1205.7008191116033,1022.8287246143788,1049.7216796875,63600,0.0,0.0
2019-08-07 00:00:00+09:00,1099.0252393385554,1099.0252393385554,1001.314186248912,1030.0,12400,0.0,0.0
2019-08-08 00:00:00+09:00,1007.5892901446368,1015.6571759198163,995.0392456054688,995.0392456054688,6100,0.0,0.0
2019-08-09 00:00:00+09:00,997.7286174056965,1006.6929356213811,986.971435546875,986.971435546875,1500,0.0,0.0
2019-08-13 00:00:00+09:00,993.2464514853613,1001.3143378241413,985.1785651465813,994.1428833007812,2300,0.0,0.0
2019-08-14 00:00:00+09:00,1004.0036161819306,1004.0036161819306,995.9357299804686,995.9357299804688,200,0.0,0.0
2019-08-15 00:00:00+09:00,986.0748783234627,1000.4177856445312,978.0069929553616,1000.4177856445312,900,0.0,0.0
2019-08-16 00:00:00+09:00,1056.8930520386823,1056.8930520386823,1012.9678955078125,1012.9678955078125,1200,0.0,0.0
2019-08-19 00:00:00+09:00,1039.860904204196,1039.860904204196,1012.9679497851218,1020.139404296875,1200,0.0,0.0
2019-08-20 00:00:00+09:00,1021.0358361108441,1021.9322679248132,1020.139404296875,1020.139404296875,500,0.0,0.0
2019-08-21 00:00:00+09:00,1016.5535278320312,1016.5535278320312,1016.5535278320312,1016.5535278320312,100,0.0,0.0
2019-08-22 00:00:00+09:00,1009.3821281165768,1009.3821281165768,997.728515625,997.728515625,600,0.0,0.0
2019-08-23 00:00:00+09:00,1008.4857788085936,1008.4857788085936,1008.4857788085936,1008.4857788085938,500,0.0,0.0
2019-08-26 00:00:00+09:00,1004.003662109375,1004.003662109375,1004.003662109375,1004.003662109375,100,0.0,0.0
2019-08-27 00:00:00+09:00,1002.2107543945312,1002.2107543945312,997.7285953856112,1002.2107543945312,1000,0.0,0.0
2019-08-28 00:00:00+09:00,1002.2107543945312,1002.2107543945312,1002.2107543945312,1002.2107543945312,200,0.0,0.0
2019-08-29 00:00:00+09:00,999.5214065100961,1001.3142700195312,999.5214065100961,1001.3142700195312,800,0.0,0.0
2019-08-30 00:00:00+09:00,996.8321091110641,1000.417836122255,995.0392456054688,995.0392456054688,1600,0.0,0.0
2019-09-02 00:00:00+09:00,995.9357299804686,1003.1071843817682,995.9357299804686,995.9357299804688,500,0.0,0.0
2019-09-03 00:00:00+09:00,995.9356484379329,1018.3464416071033,995.9356484379329,1011.1749877929688,1300,0.0,0.0
2019-09-04 00:00:00+09:00,999.5214589891792,1002.2107543945312,990.5571409713391,1002.2107543945312,800,0.0,0.0
2019-09-05 00:00:00+09:00,1011.1749661353326,1011.1749661353326,996.8320588142641,1000.4177856445312,1600,0.0,0.0
2019-09-06 00:00:00+09:00,1000.4177856445312,1000.4177856445312,1000.4177856445312,1000.4177856445312,200,0.0,0.0
2019-09-09 00:00:00+09:00,1000.4177856445312,1000.4177856445312,1000.4177856445312,1000.4177856445312,700,0.0,0.0
2019-09-10 00:00:00+09:00,1000.4177856445312,1004.0035124747984,1000.4177856445312,1000.4177856445312,1200,0.0,0.0
2019-09-11 00:00:00+09:00,1003.1071022520674,1012.0714195197355,999.5213753450001,1011.1749877929688,900,0.0,0.0
2019-09-12 00:00:00+09:00,1015.6572162184762,1015.6572162184762,1010.2786254882812,1010.2786254882812,200,0.0,0.0
2019-09-13 00:00:00+09:00,1016.5535563807333,1016.5535563807333,999.5213539369645,1000.4177856445312,700,0.0,0.0
2019-09-17 00:00:00+09:00,1019.2427639795053,1019.2427639795053,996.8319732147844,1003.1069946289062,800,0.0,0.0
2019-09-18 00:00:00+09:00,1003.1071189216357,1012.0714363382723,1003.1071189216357,1009.3821411132812,600,0.0,0.0
2019-09-19 00:00:00+09:00,1008.4858213152204,1015.6572760445731,1004.003662109375,1004.003662109375,1200,0.0,0.0
2019-09-20 00:00:00+09:00,1012.9679360159395,1012.9679360159395,997.7285953856112,1002.2107543945312,1100,0.0,0.0
2019-09-24 00:00:00+09:00,1017.4501397269113,1017.4501397269113,1004.003662109375,1004.003662109375,1600,0.0,0.0
2019-09-25 00:00:00+09:00,1017.4500968424478,1021.0358240559896,1008.4857788085936,1008.4857788085938,2400,0.0,0.0
2019-09-26 00:00:00+09:00,1018.346419795867,1018.346419795867,1000.4177856445312,1000.4177856445312,700,0.0,0.0
2019-09-27 00:00:00+09:00,1000.4178070717669,1011.1749877929688,1000.4178070717669,1011.1749877929688,800,0.0,0.0
2019-09-30 00:00:00+09:00,1004.003662109375,1015.6572760445731,1004.003662109375,1004.003662109375,1200,0.0,0.0
2019-10-01 00:00:00+09:00,1057.7893240948251,1057.7893240948251,1003.1069946289062,1003.1069946289062,1800,0.0,0.0
2019-10-02 00:00:00+09:00,1006.6928075974987,1012.9678295504661,1000.4177856445312,1000.4177856445312,2900,0.0,0.0
2019-10-03 00:00:00+09:00,1008.485799264518,1008.485799264518,952.9070263272735,986.971435546875,4000,0.0,0.0
2019-10-04 00:00:00+09:00,974.4213152911212,995.9356773582665,969.0427247743348,995.0392456054688,2900,0.0,0.0
2019-10-07 00:00:00+09:00,1014.760844203404,1014.760844203404,1004.003662109375,1004.003662109375,1700,0.0,0.0
2019-10-08 00:00:00+09:00,1010.2785476941361,1012.0714111328125,1004.0035256587688,1012.0714111328125,1500,0.0,0.0
2019-10-09 00:00:00+09:00,1011.1749602076846,1011.1749602076846,1007.5892333984375,1007.5892333984375,1900,0.0,0.0
2019-10-10 00:00:00+09:00,1009.3822531563895,1009.3822531563895,1000.4179347446986,1004.003662109375,1800,0.0,0.0
2019-10-11 00:00:00+09:00,1008.4857093716176,1009.3821411132814,1008.4857093716176,1009.3821411132812,2000,0.0,0.0
2019-10-15 00:00:00+09:00,1060.478736064688,1060.478736064688,1028.2071938006738,1043.446533203125,5300,0.0,0.0
2019-10-16 00:00:00+09:00,1061.3752935525192,1136.6755677572587,1049.7216796875,1049.7216796875,13200,0.0,0.0
2019-10-17 00:00:00+09:00,1054.2037252723624,1074.8216552734375,1054.2037252723624,1074.8216552734375,600,0.0,0.0
2019-10-18 00:00:00+09:00,1079.3037803440618,1084.682370611557,1078.4073486328125,1078.4073486328125,1800,0.0,0.0
2019-10-21 00:00:00+09:00,1081.0966986381347,1095.4396067461034,1078.4074033678905,1085.578857421875,2200,0.0,0.0
2019-10-23 00:00:00+09:00,1099.9217886575839,1103.5075157599722,1093.6467662284044,1102.611083984375,3000,0.0,0.0
2019-10-24 00:00:00+09:00,1093.646659132499,1094.5430908203125,1093.646659132499,1094.5430908203125,1300,0.0,0.0
2019-10-25 00:00:00+09:00,1094.5431749893553,1097.2324702595995,1040.757269584473,1085.578857421875,3800,0.0,0.0
2019-10-28 00:00:00+09:00,1085.5788595265356,1112.4718122811153,1085.5788595265356,1091.8538818359375,600,0.0,0.0
2019-10-29 00:00:00+09:00,1091.8539156214606,1091.8539156214606,1077.5110070418682,1088.2681884765625,1800,0.0,0.0
2019-10-30 00:00:00+09:00,1089.1646507033536,1089.1646507033536,1072.1324462890625,1072.1324462890625,1300,0.0,0.0
2019-10-31 00:00:00+09:00,1072.1323768405389,1085.578853138706,1072.1323768405389,1073.02880859375,500,0.0,0.0
2019-11-01 00:00:00+09:00,1073.0288026584026,1118.7468218192869,1073.0288026584026,1106.19677734375,7300,0.0,0.0
2019-11-05 00:00:00+09:00,1119.6431610282093,1129.50390944399,1075.7180089942763,1096.3359375,4900,0.0,0.0
2019-11-06 00:00:00+09:00,1107.0932217301993,1107.0932217301993,1091.8538818359375,1091.8538818359375,900,0.0,0.0
2019-11-07 00:00:00+09:00,1118.746855945122,1118.746855945122,1102.611083984375,1102.611083984375,1600,0.0,0.0
2019-11-08 00:00:00+09:00,1075.7180007273275,1129.5039007636938,1075.7180007273275,1116.953857421875,7700,0.0,0.0
2019-11-11 00:00:00+09:00,1147.4327956989248,1168.9471606182797,1147.4327956989248,1167.154296875,12100,0.0,0.0
2019-11-12 00:00:00+09:00,1165.3612643857546,1165.3612643857546,1131.2968581960172,1133.0897216796875,6700,0.0,0.0
2019-11-13 00:00:00+09:00,1149.2255122528197,1149.2255122528197,1137.5718994140625,1137.5718994140625,600,0.0,0.0
2019-11-14 00:00:00+09:00,1110.678933887435,1110.678933887435,1089.16457197194,1099.9217529296875,3400,0.0,0.0
2019-11-15 00:00:00+09:00,1099.9218016974812,1099.9218016974812,1081.993165972991,1088.2681884765625,1800,0.0,0.0
2019-11-18 00:00:00+09:00,1109.7825043367604,1109.7825043367604,1093.6467328682131,1106.19677734375,2200,0.0,0.0
2019-11-19 00:00:00+09:00,1094.5431749893553,1097.2324702595995,1075.7181080976466,1085.578857421875,5100,0.0,0.0
2019-11-20 00:00:00+09:00,1093.6466877240493,1096.335982857797,1075.7180534990648,1078.4073486328125,2200,0.0,0.0
2019-11-21 00:00:00+09:00,1078.4074330485776,1082.889591955679,1058.6859338573317,1069.443115234375,7700,0.0,0.0
2019-11-22 00:00:00+09:00,1078.4073677315616,1082.8895263671875,1078.4073677315616,1082.8895263671875,300,0.0,0.0
2019-11-25 00:00:00+09:00,1094.5432298142368,1098.1289570208355,1092.7503662109375,1092.7503662109375,1000,0.0,0.0
2019-11-26 00:00:00+09:00,1094.5432298142368,1098.1289570208355,1092.7503662109375,1092.7503662109375,1000,0.0,0.0
2019-11-27 00:00:00+09:00,1093.646728515625,1093.646728515625,1093.646728515625,1093.646728515625,100,0.0,0.0
2019-11-28 00:00:00+09:00,1093.646728515625,1093.646728515625,1093.646728515625,1093.646728515625,100,0.0,0.0
2019-11-29 00:00:00+09:00,1093.646775309245,1093.646775309245,1075.7181396484375,1075.7181396484375,5300,0.0,0.0
2019-12-02 00:00:00+09:00,1089.1645364200367,1099.9217170266545,1087.3716729856005,1097.232421875,2000,0.0,0.0
2019-12-03 00:00:00+09:00,1096.336019285085,1096.336019285085,1075.7180892412935,1081.0966796875,2500,0.0,0.0
2019-12-04 00:00:00+09:00,1079.303919503929,1080.2003513307595,1076.6146240234375,1076.6146240234375,700,0.0,0.0
2019-12-05 00:00:00+09:00,1091.8537625558035,1098.1287841796875,1090.0608992346938,1098.1287841796875,2100,0.0,0.0
2019-12-06 00:00:00+09:00,1097.2324933307927,1102.611083984375,1097.2324933307927,1102.611083984375,2000,0.0,0.0
2019-12-09 00:00:00+09:00,1143.8468879645768,1156.3969321898935,1141.1575927734375,1141.1575927734375,2100,0.0,0.0
2019-12-10 00:00:00+09:00,1143.8468879645768,1156.3969321898935,1141.1575927734375,1141.1575927734375,2100,0.0,0.0
2019-12-11 00:00:00+09:00,1159.9826997032462,1165.3612902737405,1147.4326550387598,1156.39697265625,4600,0.0,0.0
2019-12-12 00:00:00+09:00,1165.3612488346157,1187.7720420814353,1165.3612488346157,1186.8756103515625,2400,0.0,0.0
2019-12-13 00:00:00+09:00,1190.4613900353775,1191.3578218049824,1183.2899358785378,1187.7720947265625,3100,0.0,0.0
2019-12-16 00:00:00+09:00,1176.1184199842244,1210.1828254410843,1174.3255565391264,1207.4935302734375,5800,0.0,0.0
2019-12-17 00:00:00+09:00,1210.1827969393887,1223.6292724609375,1209.2863652379522,1223.6292724609375,5800,0.0,0.0
2019-12-18 00:00:00+09:00,1231.697169706148,1231.697169706148,1209.286376953125,1209.286376953125,2800,0.0,0.0
2019-12-19 00:00:00+09:00,1222.7328622855393,1222.7328622855393,1188.66845703125,1188.66845703125,2100,0.0,0.0
2019-12-20 00:00:00+09:00,1200.3221395010319,1200.3221395010319,1187.7720947265625,1187.7720947265625,2300,0.0,0.0
2019-12-23 00:00:00+09:00,1210.1829290034696,1210.1829290034696,1187.7721340219239,1203.011474609375,3900,0.0,0.0
2019-12-24 00:00:00+09:00,1203.0114029752992,1203.0114029752992,1187.7720632952844,1197.6328125,5300,0.0,0.0
2019-12-25 00:00:00+09:00,1191.3578218049824,1191.3578218049824,1184.1863676481428,1187.7720947265625,4100,0.0,0.0
2019-12-26 00:00:00+09:00,1199.4256737840365,1199.4256737840365,1191.3577880859375,1191.3577880859375,700,0.0,0.0
2019-12-27 00:00:00+09:00,1197.6327264399738,1223.6292452025182,1194.0469997141056,1200.322021484375,700,0.0,0.0
2019-12-30 00:00:00+09:00,1215.5614157763782,1221.8364378342208,1206.5970985508886,1207.4935302734375,1600,0.0,0.0
2020-01-06 00:00:00+09:00,1196.736540868383,1220.9402012454962,1186.8757903443736,1212.872314453125,3100,0.0,0.0
2020-01-07 00:00:00+09:00,1206.5972744537016,1220.0437522522197,1205.700842600467,1214.6651611328125,2600,0.0,0.0
2020-01-08 00:00:00+09:00,1221.8365596031076,1222.7329914149952,1199.4257643059118,1201.2186279296875,3700,0.0,0.0
2020-01-09 00:00:00+09:00,1222.7328719303914,1223.6293036546806,1205.7006691688978,1213.7685546875,1700,0.0,0.0
2020-01-10 00:00:00+09:00,1213.7685546875,1213.7685546875,1213.7685546875,1213.7685546875,100,0.0,0.0
2020-01-14 00:00:00+09:00,1216.457987573333,1216.457987573333,1205.7008056640625,1205.7008056640625,400,0.0,0.0
2020-01-15 00:00:00+09:00,1202.1148681640625,1202.1148681640625,1202.1148681640625,1202.1148681640625,100,0.0,0.0
2020-01-16 00:00:00+09:00,1202.1148681640625,1202.1148681640625,1202.1148681640625,1202.1148681640625,100,0.0,0.0
2020-01-17 00:00:00+09:00,1201.2186279296875,1201.2186279296875,1201.2186279296875,1201.2186279296875,500,0.0,0.0
2020-01-20 00:00:00+09:00,1205.7007004090947,1205.7007004090947,1202.1149734190303,1203.9078369140625,1200,0.0,0.0
2020-01-21 00:00:00+09:00,1205.700859526573,1212.872314453125,1203.907995794935,1212.872314453125,1000,0.0,0.0
2020-01-22 00:00:00+09:00,1205.700859526573,1212.872314453125,1203.907995794935,1212.872314453125,1000,0.0,0.0
2020-01-23 00:00:00+09:00,1212.8721062314194,1223.629286774492,1212.8721062314194,1215.5614013671875,3100,0.0,0.0
2020-01-24 00:00:00+09:00,1228.111555360844,1229.9044189453125,1221.8365328152047,1229.9044189453125,2800,0.0,0.0
2020-01-27 00:00:00+09:00,1206.5970818227622,1209.286376953125,1198.5291964316739,1209.286376953125,2200,0.0,0.0
2020-01-28 00:00:00+09:00,1194.047130867904,1236.1794245246542,1173.4291999294942,1231.697265625,2500,0.0,0.0
2020-01-29 00:00:00+09:00,1228.1114309681204,1228.1114309681204,1211.0792286408252,1223.6292724609375,1200,0.0,0.0
2020-01-30 00:00:00+09:00,1223.629423226883,1224.525855038771,1201.2186279296875,1201.2186279296875,3200,0.0,0.0
2020-01-31 00:00:00+09:00,1201.2185902989897,1201.2185902989897,1192.2542724609375,1192.2542724609375,3600,0.0,0.0
2020-02-03 00:00:00+09:00,1192.2542366769499,1192.2542366769499,1165.361283969951,1189.56494140625,4700,0.0,0.0
2020-02-04 00:00:00+09:00,1174.3256141319246,1175.2220458984375,1165.3612964667955,1175.2220458984375,1000,0.0,0.0
2020-02-05 00:00:00+09:00,1195.8399107689952,1195.8399107689952,1188.66845703125,1188.66845703125,2600,0.0,0.0
2020-02-06 00:00:00+09:00,1195.8399107689952,1195.8399107689952,1188.66845703125,1188.66845703125,2600,0.0,0.0
2020-02-07 00:00:00+09:00,1187.772130391684,1190.46142578125,1186.875698595162,1190.46142578125,1600,0.0,0.0
2020-02-10 00:00:00+09:00,1213.768615413729,1254.1080450249683,1208.3900247988972,1239.76513671875,10700,0.0,0.0
2020-02-12 00:00:00+09:00,1290.8617866116297,1299.8261045742104,1244.2473332062098,1248.7294921875,25500,0.0,0.0
2020-02-13 00:00:00+09:00,1270.2437505762978,1270.2437505762978,1228.111459625637,1253.2115478515625,6100,0.0,0.0
2020-02-14 00:00:00+09:00,1250.5222648477072,1250.5222648477072,1214.664995604762,1238.86865234375,2200,0.0,0.0
2020-02-17 00:00:00+09:00,1265.761725531684,1265.761725531684,1170.7399529351128,1226.3187255859375,9900,0.0,0.0
2020-02-18 00:00:00+09:00,1201.2184253468918,1201.2184253468918,1175.2219071863992,1177.0147705078125,5800,0.0,0.0
2020-02-19 00:00:00+09:00,1189.5649476546562,1223.6293545957842,1186.8756523698303,1208.3900146484375,7200,0.0,0.0
2020-02-20 00:00:00+09:00,1212.8721229632108,1235.2829160704396,1212.8721229632108,1213.7685546875,1800,0.0,0.0
2020-02-21 00:00:00+09:00,1206.5972170532866,1220.9401260227166,1192.2543080838568,1194.943603515625,4700,0.0,0.0
2020-02-25 00:00:00+09:00,1172.5327443677327,1172.5327443677327,1142.9504962300146,1156.39697265625,9300,0.0,0.0
2020-02-26 00:00:00+09:00,1164.4647692358512,1164.4647692358512,1142.0539769102961,1152.8111572265625,2200,0.0,0.0
2020-02-27 00:00:00+09:00,1155.5004191146043,1155.5004191146043,1116.953857421875,1116.953857421875,3900,0.0,0.0
2020-02-28 00:00:00+09:00,1009.3820968030611,1047.0322283001558,975.3176921152135,1007.5892333984375,23700,0.0,0.0
2020-03-02 00:00:00+09:00,1030.8965791437643,1208.390077118082,1030.8965791437643,1182.3935546875,11900,0.0,0.0
2020-03-03 00:00:00+09:00,1185.0827911541658,1185.0827911541658,1128.6075900628555,1162.6719970703125,5800,0.0,0.0
2020-03-04 00:00:00+09:00,1162.671823806096,1181.4968880311756,1127.7109902452344,1128.607421875,3300,0.0,0.0
2020-03-05 00:00:00+09:00,1182.3934151236467,1182.3934151236467,1138.46826171875,1138.46826171875,3100,0.0,0.0
2020-03-06 00:00:00+09:00,1131.2970435922232,1131.2970435922232,1100.818359375,1100.818359375,500,0.0,0.0
2020-03-09 00:00:00+09:00,1098.1290119450266,1098.1290119450266,982.4893037483668,1029.103759765625,8000,0.0,0.0
2020-03-10 00:00:00+09:00,997.7286338772543,1028.207316313756,971.7321106225909,1017.4501342773438,5200,0.0,0.0
2020-03-11 00:00:00+09:00,1030.8964290051035,1043.4464724886438,1017.4499538441673,1023.7249755859375,7400,0.0,0.0
2020-03-12 00:00:00+09:00,995.0393321132918,1021.9322870352728,986.0750138059649,992.3500366210938,3000,0.0,0.0
2020-03-13 00:00:00+09:00,924.2211763822115,937.6676532451922,898.2246544471154,932.2890625,8200,0.0,0.0
2020-03-16 00:00:00+09:00,967.2498216969315,997.7285000451202,965.456958264685,979.7998657226562,7700,0.0,0.0
2020-03-17 00:00:00+09:00,926.0139469512521,984.282007504816,908.085312934771,981.5927124023438,2400,0.0,0.0
2020-03-18 00:00:00+09:00,1030.000162982161,1030.8965948037296,986.0750037253065,986.971435546875,6700,0.0,0.0
2020-03-19 00:00:00+09:00,989.6606613685344,1012.9678870891702,981.5927755421606,987.8677978515625,7000,0.0,0.0
2020-03-23 00:00:00+09:00,995.0391099536067,1011.1748793042058,975.3176140806523,1003.1069946289062,3500,0.0,0.0
2020-03-24 00:00:00+09:00,1015.6571450407608,1030.896484375,1008.485691236413,1030.896484375,2400,0.0,0.0
2020-03-25 00:00:00+09:00,1044.3429393153037,1111.5753173828125,1044.3429393153037,1111.5753173828125,3500,0.0,0.0
2020-03-26 00:00:00+09:00,1109.7826016161662,1109.7826016161662,1073.0288967161155,1076.6146240234375,1900,0.0,0.0
2020-03-27 00:00:00+09:00,1102.611056449718,1111.5753739818297,1073.02880859375,1073.02880859375,8300,0.0,0.0
2020-03-30 00:00:00+09:00,923.9458407315341,1016.8925836736505,923.9458407315341,1012.291259765625,15500,31.0,0.0
2020-03-31 00:00:00+09:00,1067.5074001173898,1071.1884601177946,1038.9791851142527,1065.6668701171875,1600,0.0,0.0
2020-04-01 00:00:00+09:00,1054.62345908008,1054.62345908008,967.1983032226562,967.1983032226562,3600,0.0,0.0
2020-04-02 00:00:00+09:00,957.9957294214552,984.6834106445312,947.8728158540814,984.6834106445312,1500,0.0,0.0
2020-04-03 00:00:00+09:00,1038.9789384321732,1038.9789384321732,984.6833163174715,1012.291259765625,4500,0.0,0.0
2020-04-06 00:00:00+09:00,1012.291259765625,1012.291259765625,977.3211980646306,1012.291259765625,7000,0.0,0.0
2020-04-07 00:00:00+09:00,1014.1318329247957,1027.015540421118,1006.7697143554688,1006.7697143554688,2100,0.0,0.0
2020-04-08 00:00:00+09:00,1011.3709949840198,1015.9723188920455,1005.8494062943892,1012.291259765625,6400,0.0,0.0
2020-04-09 00:00:00+09:00,1044.5005780124577,1044.5005780124577,992.0454829052242,1002.1683959960938,2200,0.0,0.0
2020-04-10 00:00:00+09:00,1002.1684161935842,1015.0521240234375,1002.1684161935842,1015.0521240234375,1800,0.0,0.0
2020-04-13 00:00:00+09:00,1015.0521815659629,1021.4940358460733,981.0023803710938,981.0023803710938,1500,0.0,0.0
2020-04-14 00:00:00+09:00,1008.6102931810462,1015.972412109375,1004.0089688508407,1015.972412109375,3200,0.0,0.0
2020-04-15 00:00:00+09:00,1012.2912798686957,1012.2912798686957,1005.8494262695312,1005.8494262695312,1400,0.0,0.0
2020-04-16 00:00:00+09:00,1005.8494062943892,1034.3776145241477,987.4441106622869,1012.291259765625,3700,0.0,0.0
2020-04-17 00:00:00+09:00,1013.2116175112517,1015.972412109375,1012.2913526452106,1015.972412109375,500,0.0,0.0
2020-04-20 00:00:00+09:00,1027.015540421118,1027.015540421118,1006.7697143554688,1006.7697143554688,1700,0.0,0.0
2020-04-21 00:00:00+09:00,1004.0088991518373,1004.0088991518373,993.885986328125,993.885986328125,700,0.0,0.0
2020-04-22 00:00:00+09:00,993.8861462979321,996.6469411487598,992.9658813476562,992.9658813476562,1000,0.0,0.0
2020-04-23 00:00:00+09:00,993.8859641335226,1014.1317893288352,993.8859641335226,1012.291259765625,700,0.0,0.0
2020-04-24 00:00:00+09:00,1012.2913559897028,1016.8926803351104,1004.0089721679688,1004.0089721679688,1300,0.0,0.0
2020-04-27 00:00:00+09:00,1012.291259765625,1049.1018510298295,1003.0886119495739,1012.291259765625,1800,0.0,0.0
2020-04-28 00:00:00+09:00,1012.2913578578404,1035.2979796273366,1012.2913578578404,1030.6966552734375,2000,0.0,0.0
2020-04-30 00:00:00+09:00,1049.1019712422228,1049.1019712422228,1016.8927001953125,1016.8927001953125,800,0.0,0.0
2020-05-01 00:00:00+09:00,1050.0221702836918,1050.0221702836918,1048.181640625,1048.181640625,1600,0.0,0.0
2020-05-07 00:00:00+09:00,1048.181640625,1059.224818577151,1048.181640625,1048.181640625,1200,0.0,0.0
2020-05-08 00:00:00+09:00,1048.1816521951428,1058.3045654296875,1048.1816521951428,1058.3045654296875,1300,0.0,0.0
2020-05-11 00:00:00+09:00,1113.5205496593462,1113.5205496593462,1100.6368408203125,1100.6368408203125,600,0.0,0.0
2020-05-12 00:00:00+09:00,1090.513671875,1091.4339365770043,1078.550230748945,1090.513671875,1900,0.0,0.0
2020-05-13 00:00:00+09:00,1089.5935466519732,1113.5204319669658,1060.145072418136,1096.035400390625,2600,0.0,0.0
2020-05-14 00:00:00+09:00,1096.0353771049436,1096.9556419051996,1078.5503459000788,1095.1151123046875,1400,0.0,0.0
2020-05-15 00:00:00+09:00,1095.1150585604203,1095.1150585604203,1078.55029296875,1078.55029296875,1600,0.0,0.0
2020-05-18 00:00:00+09:00,1077.6300581666578,1094.19482421875,1076.7097933859861,1094.19482421875,300,0.0,0.0
2020-05-19 00:00:00+09:00,1095.11524678893,1105.2381608348783,1076.70994852357,1085.91259765625,3000,0.0,0.0
2020-05-20 00:00:00+09:00,1093.2746114706276,1093.2746114706276,1072.1085205078125,1072.1085205078125,800,0.0,0.0
2020-05-21 00:00:00+09:00,1090.5138348123303,1090.5138348123303,1058.3045654296875,1058.3045654296875,2300,0.0,0.0
2020-05-22 00:00:00+09:00,1058.304577208402,1058.304577208402,1049.1019287109375,1049.1019287109375,1500,0.0,0.0
2020-05-25 00:00:00+09:00,1050.0222054540584,1073.9490918184804,1030.6966433904868,1039.8992919921875,3600,0.0,0.0
2020-05-26 00:00:00+09:00,1067.5071466619318,1067.5071466619318,1012.291259765625,1012.291259765625,8000,0.0,0.0
2020-05-27 00:00:00+09:00,1039.8993445246645,1039.8993445246645,1029.7764305514154,1037.1385498046875,500,0.0,0.0
2020-05-28 00:00:00+09:00,1091.4341777309724,1091.4341777309724,1049.1019920854203,1056.464111328125,4500,0.0,0.0
2020-05-29 00:00:00+09:00,1049.101985987641,1061.0654296875,1049.101985987641,1061.0654296875,400,0.0,0.0
2020-06-01 00:00:00+09:00,1061.0654296875,1061.0654296875,1061.0654296875,1061.0654296875,600,0.0,0.0
2020-06-02 00:00:00+09:00,1052.782958984375,1061.0653424029583,1051.8626941600878,1052.782958984375,1400,0.0,0.0
2020-06-03 00:00:00+09:00,1049.1019466145833,1058.3045952690973,1035.2979736328125,1035.2979736328125,1600,0.0,0.0
2020-06-04 00:00:00+09:00,1049.1019579390404,1049.1019579390404,1041.7398389359596,1045.4208984375,700,0.0,0.0
2020-06-05 00:00:00+09:00,1048.181745780009,1048.181745780009,1042.66015625,1042.66015625,1300,0.0,0.0
2020-06-08 00:00:00+09:00,1067.507160308083,1067.507160308083,1016.892596672786,1041.73974609375,4200,0.0,0.0
2020-06-09 00:00:00+09:00,1039.899303981236,1039.899303981236,1024.2548011779784,1030.6966552734375,2300,0.0,0.0
2020-06-10 00:00:00+09:00,1030.6966493055554,1039.8992979600694,1030.6966493055554,1035.2979736328125,1000,0.0,0.0
2020-06-11 00:00:00+09:00,1037.138415592973,1037.138415592973,1026.0952381421162,1027.0155029296875,1400,0.0,0.0
2020-06-12 00:00:00+09:00,1015.0520541104403,1022.4141723632812,1012.291259765625,1012.291259765625,5500,0.0,0.0
2020-06-15 00:00:00+09:00,1011.3710618110553,1016.8926508655287,999.4076188596961,1007.6900024414062,16200,0.0,0.0
2020-06-16 00:00:00+09:00,1007.6899358575994,1012.291259765625,1003.0886119495739,1012.291259765625,6700,0.0,0.0
2020-06-17 00:00:00+09:00,1012.2913121750615,1039.8992570525631,1012.2913121750615,1028.8560791015625,4000,0.0,0.0
2020-06-18 00:00:00+09:00,1028.8560325048304,1028.8560325048304,1026.0952381421162,1027.0155029296875,500,0.0,0.0
2020-06-19 00:00:00+09:00,1026.0952314897017,1026.0952314897017,1012.291259765625,1012.291259765625,2000,0.0,0.0
2020-06-22 00:00:00+09:00,1025.1750780810107,1025.1750780810107,1018.7332239099451,1021.4940185546875,1900,0.0,0.0
2020-06-23 00:00:00+09:00,1034.377820547436,1040.819675301735,1025.1751708984375,1025.1751708984375,2200,0.0,0.0
2020-06-24 00:00:00+09:00,1052.783119845433,1052.783119845433,1018.7333161441385,1025.1751708984375,2100,0.0,0.0
2020-06-25 00:00:00+09:00,1013.211628647877,1040.8195749325603,1013.211628647877,1026.0953369140625,2200,0.0,0.0
2020-06-26 00:00:00+09:00,1043.580216231359,1044.5004809723036,1027.0154508943533,1029.7762451171875,1100,0.0,0.0
2020-06-29 00:00:00+09:00,1029.7764024889148,1029.7764024889148,1021.4940185546875,1021.4940185546875,700,0.0,0.0
2020-06-30 00:00:00+09:00,1029.776387770399,1029.776387770399,1023.3345336914062,1023.3345336914062,300,0.0,0.0
2020-07-01 00:00:00+09:00,1024.2548488856012,1025.175113799245,1013.211669921875,1013.211669921875,1100,0.0,0.0
2020-07-02 00:00:00+09:00,1021.4939075816761,1073.9490001331676,1012.291259765625,1012.291259765625,8500,0.0,0.0
2020-07-03 00:00:00+09:00,1015.0520541104403,1019.6533780184659,1012.291259765625,1012.291259765625,2600,0.0,0.0
2020-07-06 00:00:00+09:00,1039.8993100564041,1050.9424885702774,1017.8129530286575,1026.0953369140625,1600,0.0,0.0
2020-07-07 00:00:00+09:00,1038.0588776844713,1048.1817922718199,1035.2980827970127,1044.500732421875,2100,0.0,0.0
2020-07-08 00:00:00+09:00,1038.97900390625,1038.97900390625,1038.97900390625,1038.97900390625,200,0.0,0.0
2020-07-09 00:00:00+09:00,1038.9790391104561,1038.9790391104561,1030.6966552734375,1030.6966552734375,800,0.0,0.0
2020-07-10 00:00:00+09:00,1030.6966552734375,1030.6966552734375,1030.6966552734375,1030.6966552734375,0,0.0,0.0
2020-07-13 00:00:00+09:00,1039.899280213473,1049.1019287109375,1039.899280213473,1049.1019287109375,1100,0.0,0.0
2020-07-14 00:00:00+09:00,1049.101917141829,1049.101917141829,1038.97900390625,1038.97900390625,200,0.0,0.0
2020-07-15 00:00:00+09:00,1061.0655017466272,1066.5870915215446,1044.500732421875,1044.500732421875,3500,0.0,0.0
2020-07-16 00:00:00+09:00,1044.500633562115,1046.341163312885,1044.500633562115,1045.4208984375,700,0.0,0.0
2020-07-17 00:00:00+09:00,1050.9424409412202,1062.9058837890625,1050.0221761067708,1062.9058837890625,5100,0.0,0.0
2020-07-20 00:00:00+09:00,1064.7464720934709,1065.6667369785991,1045.420909505776,1055.5438232421875,4000,0.0,0.0
2020-07-21 00:00:00+09:00,1067.5071845889297,1067.5071845889297,1055.5437420030194,1061.985595703125,2300,0.0,0.0
2020-07-22 00:00:00+09:00,1076.7097978272116,1082.2313865340177,1056.463972568922,1070.2679443359375,13200,0.0,0.0
2020-07-27 00:00:00+09:00,1070.2680849081964,1070.2680849081964,1056.464111328125,1056.464111328125,400,0.0,0.0
2020-07-28 00:00:00+09:00,1056.464176934196,1064.746561596572,1044.500732421875,1044.500732421875,3900,0.0,0.0
2020-07-29 00:00:00+09:00,1022.4142714364187,1030.6966552734375,1022.4142714364187,1030.6966552734375,1600,0.0,0.0
2020-07-30 00:00:00+09:00,1030.6966552734375,1030.6966552734375,1030.6966552734375,1030.6966552734375,0,0.0,0.0
2020-07-31 00:00:00+09:00,1023.3345339307598,1023.3345339307598,924.8661929859834,938.670166015625,8300,0.0,0.0
2020-08-03 00:00:00+09:00,947.8728787192103,1020.573808252043,947.8728787192103,999.40771484375,6000,0.0,0.0
2020-08-04 00:00:00+09:00,1009.5305750941371,1027.0156078441723,1009.5305750941371,1021.4940185546875,300,0.0,0.0
2020-08-05 00:00:00+09:00,1048.1817366403411,1048.1817366403411,987.4442523398474,1013.211669921875,2700,0.0,0.0
2020-08-06 00:00:00+09:00,1007.6899652301785,1049.1018816095009,1005.8494356133197,1027.935791015625,1200,0.0,0.0
2020-08-07 00:00:00+09:00,1012.2913322826423,1030.6966292332359,1012.2913322826423,1022.4142456054688,2100,0.0,0.0
2020-08-11 00:00:00+09:00,1056.4640418218971,1057.3843066666898,1033.4574207020823,1034.377685546875,5500,0.0,0.0
2020-08-12 00:00:00+09:00,1031.6168502493426,1039.899233525207,1027.935791015625,1027.935791015625,2700,0.0,0.0
2020-08-13 00:00:00+09:00,1039.8992571608867,1052.7829647717297,1031.6168736967734,1048.181640625,3200,0.0,0.0
2020-08-14 00:00:00+09:00,1048.181663861191,1049.1019287109375,1041.739809912966,1049.1019287109375,1200,0.0,0.0
2020-08-17 00:00:00+09:00,1051.8627116606233,1053.7032413398197,1030.696620349867,1038.97900390625,900,0.0,0.0
2020-08-18 00:00:00+09:00,1049.101905454346,1049.101905454346,1033.4574033554652,1048.181640625,2200,0.0,0.0
2020-08-19 00:00:00+09:00,1048.181663861191,1049.1019287109375,1025.1750426175302,1049.1019287109375,1600,0.0,0.0
2020-08-20 00:00:00+09:00,1061.9856308906528,1061.9856308906528,1028.8560964781195,1034.377685546875,2400,0.0,0.0
2020-08-21 00:00:00+09:00,1034.3777268968188,1036.2182566599804,1021.4940185546875,1021.4940185546875,4300,0.0,0.0
2020-08-24 00:00:00+09:00,1043.5802623401987,1043.5802623401987,1012.291259765625,1012.291259765625,900,0.0,0.0
2020-08-25 00:00:00+09:00,1048.1816464378721,1048.1816464378721,1038.0587332589287,1043.580322265625,2300,0.0,0.0
2020-08-26 00:00:00+09:00,1043.5803047342504,1043.5803047342504,1030.6965972683954,1038.0587158203125,1600,0.0,0.0
2020-08-27 00:00:00+09:00,1041.7398043052158,1041.7398043052158,1030.6966261677046,1034.377685546875,900,0.0,0.0
2020-08-28 00:00:00+09:00,1033.4574209232278,1034.3776857682174,1015.0521240234375,1015.0521240234375,1300,0.0,0.0
2020-08-31 00:00:00+09:00,1042.6600043184014,1042.6600043184014,1027.0155029296875,1027.0155029296875,700,0.0,0.0
2020-09-01 00:00:00+09:00,1035.2979736328125,1035.2979736328125,1035.2979736328125,1035.2979736328125,100,0.0,0.0
2020-09-02 00:00:00+09:00,1035.2979796273366,1035.2979796273366,1026.0953309195381,1030.6966552734375,1300,0.0,0.0
2020-09-03 00:00:00+09:00,1044.5006162930379,1044.5006162930379,1039.8992919921875,1039.8992919921875,800,0.0,0.0
2020-09-04 00:00:00+09:00,1033.4574439019098,1035.2979736328125,1033.4574439019098,1035.2979736328125,600,0.0,0.0
2020-09-07 00:00:00+09:00,1090.513888877064,1090.513888877064,1043.5803797355193,1055.5438232421875,3000,0.0,0.0
2020-09-08 00:00:00+09:00,1041.7399801145564,1069.3479301175923,1041.7399801145564,1065.6668701171875,2400,0.0,0.0
2020-09-09 00:00:00+09:00,1065.6668701171875,1065.6668701171875,1065.6668701171875,1065.6668701171875,0,0.0,0.0
2020-09-10 00:00:00+09:00,1051.8626941600878,1057.3842831058103,1051.8626941600878,1052.782958984375,400,0.0,0.0
2020-09-11 00:00:00+09:00,1076.7098972760461,1076.7098972760461,1069.3477783203125,1069.3477783203125,200,0.0,0.0
2020-09-14 00:00:00+09:00,1060.1451416015625,1060.1451416015625,1060.1451416015625,1060.1451416015625,100,0.0,0.0
2020-09-15 00:00:00+09:00,1062.9058722631103,1076.7098446301636,1062.9058722631103,1072.1085205078125,700,0.0,0.0
2020-09-16 00:00:00+09:00,1069.3477783203125,1069.3477783203125,1060.1451296256455,1069.3477783203125,4000,0.0,0.0
2020-09-17 00:00:00+09:00,1067.5072596973573,1079.470703125,1067.5072596973573,1079.470703125,1000,0.0,0.0
2020-09-18 00:00:00+09:00,1072.1086239572298,1085.91259765625,1072.1086239572298,1085.91259765625,2800,0.0,0.0
2020-09-23 00:00:00+09:00,1099.7165466308595,1131.9258178710938,1090.513897705078,1104.31787109375,6600,0.0,0.0
2020-09-24 00:00:00+09:00,1104.3178359568858,1123.6433980861314,1095.1151873239119,1112.6002197265625,2500,0.0,0.0
2020-09-25 00:00:00+09:00,1127.3244872033843,1127.3244872033843,1107.998924565612,1108.919189453125,3800,0.0,0.0
2020-09-28 00:00:00+09:00,1126.4043330439815,1131.005657933867,1118.1219482421875,1118.1219482421875,3600,0.0,0.0
2020-09-29 00:00:00+09:00,1143.8892350234623,1161.374267578125,1140.20817553827,1161.374267578125,2900,0.0,0.0
2020-09-30 00:00:00+09:00,1142.9689596036585,1168.7363757621952,1131.92578125,1131.92578125,2800,0.0,0.0
2020-10-02 00:00:00+09:00,1131.9257407207263,1176.0984525537303,1131.9257407207263,1164.135009765625,3200,0.0,0.0
2020-10-05 00:00:00+09:00,1196.344419308122,1210.1483933770621,1182.5404452391822,1188.9822998046875,2900,0.0,0.0
2020-10-06 00:00:00+09:00,1188.9822998046875,1188.9822998046875,1188.9822998046875,1188.9822998046875,500,0.0,0.0
2020-10-07 00:00:00+09:00,1179.7795236043423,1179.7795236043423,1174.2579345703125,1174.2579345703125,1500,0.0,0.0
2020-10-08 00:00:00+09:00,1173.337693928707,1173.337693928707,1127.324451029542,1136.527099609375,2100,0.0,0.0
2020-10-09 00:00:00+09:00,1150.3310372208475,1162.2944800079442,1137.447329603974,1144.8094482421875,700,0.0,0.0
2020-10-12 00:00:00+09:00,1147.5702543342256,1154.932373046875,1147.5702543342256,1154.932373046875,300,0.0,0.0
2020-10-13 00:00:00+09:00,1154.9325014648439,1154.9325014648439,1150.3311767578125,1150.3311767578125,300,0.0,0.0
2020-10-14 00:00:00+09:00,1159.53369140625,1159.53369140625,1159.53369140625,1159.53369140625,100,0.0,0.0
2020-10-15 00:00:00+09:00,1150.3311071571773,1150.3311071571773,1147.5703125,1147.5703125,800,0.0,0.0
2020-10-16 00:00:00+09:00,1147.5701960319482,1147.5701960319482,1142.9688720703125,1142.9688720703125,600,0.0,0.0
2020-10-19 00:00:00+09:00,1142.0487986124185,1145.7298583984375,1141.1285336659137,1145.7298583984375,1100,0.0,0.0
2020-10-20 00:00:00+09:00,1146.6499550734893,1170.576840171331,1144.8094254505784,1163.2147216796875,600,0.0,0.0
2020-10-21 00:00:00+09:00,1177.9390360596294,1178.859300931551,1142.0487060546875,1142.0487060546875,5600,0.0,0.0
2020-10-22 00:00:00+09:00,1160.4539794921875,1160.4539794921875,1160.4539794921875,1160.4539794921875,600,0.0,0.0
2020-10-23 00:00:00+09:00,1159.533826171875,1159.533826171875,1150.3311767578125,1150.3311767578125,2300,0.0,0.0
2020-10-26 00:00:00+09:00,1150.3311535947507,1150.3311535947507,1149.410888671875,1149.410888671875,200,0.0,0.0
2020-10-27 00:00:00+09:00,1150.3310845822703,1150.3310845822703,1127.324462890625,1127.324462890625,1000,0.0,0.0
2020-10-28 00:00:00+09:00,1129.1649807455085,1136.527099609375,1129.1649807455085,1136.527099609375,200,0.0,0.0
2020-10-29 00:00:00+09:00,1131.9256824831184,1139.2878007431714,1131.9256824831184,1132.845947265625,300,0.0,0.0
2020-10-30 00:00:00+09:00,1132.8460703447831,1132.8460703447831,1113.5205078125,1113.5205078125,700,0.0,0.0
2020-11-02 00:00:00+09:00,1150.3310845822703,1150.3310845822703,1115.3610196109694,1127.324462890625,1700,0.0,0.0
2020-11-04 00:00:00+09:00,1127.3245031183417,1140.2082117254085,1127.3245031183417,1133.766357421875,500,0.0,0.0
2020-11-05 00:00:00+09:00,1149.4107782273065,1159.53369140625,1149.4107782273065,1159.53369140625,2100,0.0,0.0
2020-11-06 00:00:00+09:00,1162.294456868232,1163.2147216796875,1162.294456868232,1163.2147216796875,500,0.0,0.0
2020-11-09 00:00:00+09:00,1163.2147507440477,1174.2579287574406,1159.53369140625,1159.53369140625,1700,0.0,0.0
2020-11-10 00:00:00+09:00,1107.078624643643,1131.9257758201838,1107.078624643643,1117.2015380859375,5100,0.0,0.0
2020-11-11 00:00:00+09:00,1117.2016832642105,1118.1219482421875,1116.2814182862332,1118.1219482421875,700,0.0,0.0
2020-11-12 00:00:00+09:00,1113.5205078125,1130.085275697314,1113.5205078125,1113.5205078125,1100,0.0,0.0
2020-11-13 00:00:00+09:00,1113.5204669229347,1126.4041748046875,1113.5204669229347,1126.4041748046875,200,0.0,0.0
2020-11-16 00:00:00+09:00,1126.4041397547958,1126.4041397547958,1085.912487672107,1115.3609619140625,2300,0.0,0.0
2020-11-17 00:00:00+09:00,1115.3608685423997,1119.9621922575086,1111.6798095703125,1111.6798095703125,2300,0.0,0.0
2020-11-18 00:00:00+09:00,1149.4108310934023,1150.3310959701785,1116.2812955294612,1137.4473876953125,3300,0.0,0.0
2020-11-19 00:00:00+09:00,1124.563586637464,1130.0851754425578,1114.440673828125,1114.440673828125,4500,0.0,0.0
2020-11-20 00:00:00+09:00,1113.520339056356,1116.2811332854214,1111.6798095703125,1111.6798095703125,600,0.0,0.0
2020-11-24 00:00:00+09:00,1138.3676473648823,1138.3676473648823,1110.7597011878843,1122.72314453125,1400,0.0,0.0
2020-11-25 00:00:00+09:00,1141.128441182766,1142.0487060546875,1131.9257924635501,1142.0487060546875,3700,0.0,0.0
2020-11-26 00:00:00+09:00,1131.925746372768,1142.0486595517114,1131.925746372768,1140.2081298828125,2800,0.0,0.0
2020-11-27 00:00:00+09:00,1140.2081356215763,1154.932373046875,1140.2081356215763,1154.932373046875,3100,0.0,0.0
2020-11-30 00:00:00+09:00,1155.8527050781252,1155.8527050781252,1090.513897705078,1104.31787109375,7900,0.0,0.0
2020-12-01 00:00:00+09:00,1104.3177554481908,1150.330995258532,1104.3177554481908,1119.0419921875,2200,0.0,0.0
2020-12-02 00:00:00+09:00,1126.4041748046875,1140.2081475351372,1124.5636451072942,1126.4041748046875,500,0.0,0.0
2020-12-03 00:00:00+09:00,1142.9689480763561,1142.9689480763561,1105.238089081887,1121.8028564453125,3300,0.0,0.0
2020-12-04 00:00:00+09:00,1113.5205585094538,1131.0055920728255,1113.5205585094538,1130.0853271484375,1000,0.0,0.0
2020-12-07 00:00:00+09:00,1165.9756459067423,1240.5171039323511,1157.6932616816748,1211.9888916015625,11400,0.0,0.0
2020-12-08 00:00:00+09:00,1214.7496618186706,1240.5170788875514,1214.7496618186706,1230.3941650390625,5300,0.0,0.0
2020-12-09 00:00:00+09:00,1233.154959725014,1237.7562842015998,1219.3509862952562,1230.3941650390625,2500,0.0,0.0
2020-12-10 00:00:00+09:00,1230.393982261488,1230.393982261488,1193.5833919170905,1199.10498046875,2500,0.0,0.0
2020-12-11 00:00:00+09:00,1197.2644548647647,1197.2644548647647,1175.1781005859375,1175.1781005859375,1000,0.0,0.0
2020-12-14 00:00:00+09:00,1201.8658320787752,1201.8658320787752,1168.7362991883954,1172.4173583984375,2200,0.0,0.0
2020-12-15 00:00:00+09:00,1155.8526031880438,1165.0552513025984,1152.1715439422221,1163.2147216796875,2800,0.0,0.0
2020-12-16 00:00:00+09:00,1164.135154977229,1185.3012487040876,1164.135154977229,1165.055419921875,1100,0.0,0.0
2020-12-17 00:00:00+09:00,1184.3808832687944,1184.3808832687944,1165.9755859375,1165.9755859375,300,0.0,0.0
2020-12-18 00:00:00+09:00,1159.5337146392992,1162.2945091979643,1141.1284175815326,1160.4539794921875,3200,0.0,0.0
2020-12-21 00:00:00+09:00,1183.460477974783,1183.460477974783,1167.8159770995333,1179.7794189453125,2500,0.0,0.0
2020-12-22 00:00:00+09:00,1177.0187703901915,1177.0187703901915,1148.4905593799524,1161.374267578125,2100,0.0,0.0
2020-12-23 00:00:00+09:00,1142.0486537528575,1182.5403062630312,1142.0486537528575,1144.8094482421875,4600,0.0,0.0
2020-12-24 00:00:00+09:00,1136.527150756154,1154.01218384471,1136.527150756154,1153.0919189453125,1500,0.0,0.0
2020-12-25 00:00:00+09:00,1165.0553037566292,1165.0553037566292,1160.4539794921875,1160.4539794921875,1000,0.0,0.0
2020-12-28 00:00:00+09:00,1150.3310779111087,1162.2945211213842,1141.1284292878197,1151.2513427734375,1600,0.0,0.0
2020-12-29 00:00:00+09:00,1150.3311071571773,1151.251372042903,1147.5703125,1147.5703125,600,0.0,0.0
2020-12-30 00:00:00+09:00,1146.6500707773062,1148.4906005859375,1146.6500707773062,1148.4906005859375,200,0.0,0.0
2021-01-04 00:00:00+09:00,1148.4905534727704,1166.8958508040648,1148.4905534727704,1165.9755859375,900,0.0,0.0
2021-01-05 00:00:00+09:00,1165.9756554310716,1168.7364501953125,1165.9756554310716,1168.7364501953125,1000,0.0,0.0
2021-01-06 00:00:00+09:00,1164.1349465335852,1176.098388671875,1164.1349465335852,1176.098388671875,900,0.0,0.0
2021-01-07 00:00:00+09:00,1167.8161143630036,1204.626708984375,1167.8161143630036,1204.626708984375,2000,0.0,0.0
2021-01-08 00:00:00+09:00,1200.9455622746393,1214.7495342548077,1196.34423828125,1196.34423828125,1800,0.0,0.0
2021-01-12 00:00:00+09:00,1206.4671567703306,1206.4671567703306,1191.742919921875,1191.742919921875,400,0.0,0.0
2021-01-13 00:00:00+09:00,1175.1782339344854,1195.4240609873896,1175.1782339344854,1185.3011474609375,2200,0.0,0.0
2021-01-14 00:00:00+09:00,1185.3010663006758,1191.742919921875,1182.5402718915902,1191.742919921875,800,0.0,0.0
2021-01-15 00:00:00+09:00,1196.3443788758511,1196.3443788758511,1182.5404052734375,1182.5404052734375,500,0.0,0.0
2021-01-18 00:00:00+09:00,1180.6998584022551,1180.6998584022551,1167.8161498927996,1177.018798828125,1400,0.0,0.0
2021-01-19 00:00:00+09:00,1160.453962081362,1166.8958159549302,1152.1715785296315,1154.932373046875,2500,0.0,0.0
2021-01-20 00:00:00+09:00,1155.8527183683018,1184.3809303662456,1155.8527183683018,1167.816162109375,2000,0.0,0.0
2021-01-21 00:00:00+09:00,1168.7364501953125,1168.7364501953125,1166.8959203524853,1168.7364501953125,1900,0.0,0.0
2021-01-22 00:00:00+09:00,1161.3743308240034,1168.7364501953125,1159.5338009811762,1168.7364501953125,1400,0.0,0.0
2021-01-25 00:00:00+09:00,1168.7363166809082,1182.540288925171,1168.7363166809082,1177.93896484375,1700,0.0,0.0
2021-01-26 00:00:00+09:00,1177.9390352614896,1177.9390352614896,1161.374267578125,1161.374267578125,3100,0.0,0.0
2021-01-27 00:00:00+09:00,1177.01879389892,1177.01879389892,1162.2945556640625,1162.2945556640625,1100,0.0,0.0
2021-01-28 00:00:00+09:00,1160.4540258847053,1177.01879389892,1160.4540258847053,1162.2945556640625,1000,0.0,0.0
2021-01-29 00:00:00+09:00,1189.9023603699018,1190.8226251497701,1170.5767999926643,1176.098388671875,2300,0.0,0.0
2021-02-01 00:00:00+09:00,1165.9756825883535,1191.743100988096,1164.1351527026577,1184.3809814453125,1000,0.0,0.0
2021-02-02 00:00:00+09:00,1184.380836118992,1184.380836118992,1173.3376581598404,1183.4605712890625,1900,0.0,0.0
2021-02-03 00:00:00+09:00,1170.5770073025933,1185.3012463881605,1170.5770073025933,1184.3809814453125,700,0.0,0.0
2021-02-04 00:00:00+09:00,1187.1415902944711,1203.7063566706731,1187.1415902944711,1196.34423828125,1200,0.0,0.0
2021-02-05 00:00:00+09:00,1205.5469850482364,1216.5901635372277,1205.5469850482364,1214.7496337890625,4300,0.0,0.0
2021-02-08 00:00:00+09:00,1239.5968839275304,1239.5968839275304,1225.7929097189833,1233.155029296875,3000,0.0,0.0
2021-02-09 00:00:00+09:00,1233.154959725014,1237.7562842015998,1230.3941650390625,1230.3941650390625,5700,0.0,0.0
2021-02-10 00:00:00+09:00,1361.9919491525425,1362.9122139830508,1334.3840042372883,1357.390625,46500,0.0,0.0
2021-02-12 00:00:00+09:00,1362.9121838744181,1375.7958912169179,1322.4205322265625,1322.4205322265625,11800,0.0,0.0
2021-02-15 00:00:00+09:00,1331.6232632054262,1331.6232632054262,1267.2047224836708,1296.6531982421875,11900,0.0,0.0
2021-02-16 00:00:00+09:00,1287.4504919166538,1334.3839980551452,1287.4504919166538,1304.0152587890625,9500,0.0,0.0
2021-02-17 00:00:00+09:00,1316.89898949192,1348.1879941339362,1306.7760762253852,1343.586669921875,9300,0.0,0.0
2021-02-18 00:00:00+09:00,1343.586759400184,1343.586759400184,1287.4506002745597,1313.218017578125,5800,0.0,0.0
2021-02-19 00:00:00+09:00,1324.2611205361106,1324.2611205361106,1285.6099967956543,1295.73291015625,4000,0.0,0.0
2021-02-22 00:00:00+09:00,1319.6598313022666,1329.7827449315032,1292.9721499160983,1306.776123046875,6100,0.0,0.0
2021-02-24 00:00:00+09:00,1328.8625656654094,1342.6665396854794,1306.7762072332973,1334.3841552734375,11200,0.0,0.0
2021-02-25 00:00:00+09:00,1380.3973267409974,1396.0418297773956,1344.5069962457317,1389.5999755859375,15200,0.0,0.0
2021-02-26 00:00:00+09:00,1389.6000387923048,1396.962158203125,1363.8326208544343,1396.962158203125,3800,0.0,0.0
2021-03-01 00:00:00+09:00,1394.2013000084075,1397.8823595463834,1377.6365320875154,1389.5999755859375,4900,0.0,0.0
2021-03-02 00:00:00+09:00,1380.397216796875,1389.5998649088542,1379.476951985677,1380.397216796875,1500,0.0,0.0
2021-03-03 00:00:00+09:00,1397.8824694181744,1408.0053839432567,1390.5203497635691,1398.802734375,5500,0.0,0.0
2021-03-04 00:00:00+09:00,1398.8025307623673,1398.8025307623673,1380.3972343049677,1385.9188232421875,3300,0.0,0.0
2021-03-05 00:00:00+09:00,1380.397216796875,1380.397216796875,1362.9121853841145,1380.397216796875,1800,0.0,0.0
2021-03-08 00:00:00+09:00,1382.237746419271,1387.7593352864583,1361.9919205729168,1380.397216796875,2600,0.0,0.0
2021-03-09 00:00:00+09:00,1380.3972282665688,1380.3972282665688,1363.83246152737,1371.194580078125,2600,0.0,0.0
2021-03-10 00:00:00+09:00,1388.679729061063,1388.679729061063,1375.7960205078125,1375.7960205078125,400,0.0,0.0
2021-03-11 00:00:00+09:00,1384.9985062767923,1388.6795654296875,1372.1147992416595,1388.6795654296875,1400,0.0,0.0
2021-03-12 00:00:00+09:00,1376.7162039156126,1388.679646864077,1376.7162039156126,1382.23779296875,2600,0.0,0.0
2021-03-15 00:00:00+09:00,1383.1581274495172,1391.4405114462209,1382.2378625609947,1384.9986572265625,6100,0.0,0.0
2021-03-16 00:00:00+09:00,1389.5999926564562,1413.5268799472294,1389.5999926564562,1395.12158203125,4400,0.0,0.0
2021-03-17 00:00:00+09:00,1395.121494792519,1406.1646728515625,1395.121494792519,1406.1646728515625,1700,0.0,0.0
2021-03-18 00:00:00+09:00,1408.0052025280697,1409.845732204577,1403.4038783368017,1406.1646728515625,4500,0.0,0.0
2021-03-19 00:00:00+09:00,1403.4038840180233,1420.888916015625,1403.4038840180233,1420.888916015625,2900,0.0,0.0
2021-03-22 00:00:00+09:00,1426.4105810420212,1426.4105810420212,1417.2079321320728,1419.0484619140625,7300,0.0,0.0
2021-03-23 00:00:00+09:00,1418.1281565712795,1421.8092160302576,1412.6065673828125,1412.6065673828125,4000,0.0,0.0
2021-03-24 00:00:00+09:00,1419.0483980937297,1419.0483980937297,1399.722836251986,1411.686279296875,2400,0.0,0.0
2021-03-25 00:00:00+09:00,1411.6863781953277,1411.6863781953277,1398.8026693982388,1410.76611328125,3800,0.0,0.0
2021-03-26 00:00:00+09:00,1411.68639510107,1420.889044352055,1408.0053354006761,1416.2877197265625,8600,0.0,0.0
2021-03-29 00:00:00+09:00,1421.8092100465453,1425.4902694900316,1413.5268262987013,1417.2078857421875,4400,0.0,0.0
2021-03-30 00:00:00+09:00,1377.115719692979,1389.236575722775,1375.2509726114718,1382.7099609375,5000,20.0,0.0
2021-03-31 00:00:00+09:00,1363.1302496083056,1391.1014585605963,1362.1978759765625,1362.1978759765625,3200,0.0,0.0
2021-04-01 00:00:00+09:00,1375.251126139209,1375.251126139209,1323.9705756730013,1332.3619384765625,5200,0.0,0.0
2021-04-02 00:00:00+09:00,1333.294308546113,1351.9417813929115,1333.294308546113,1337.9561767578125,3200,0.0,0.0
2021-04-05 00:00:00+09:00,1377.115857050969,1377.115857050969,1352.87414257343,1357.5360107421875,1400,0.0,0.0
2021-04-06 00:00:00+09:00,1379.9128626650452,1379.9128626650452,1338.8884262074357,1341.685546875,1700,0.0,0.0
2021-04-07 00:00:00+09:00,1336.0914294731326,1337.9561767578125,1335.1590558307928,1337.9561767578125,500,0.0,0.0
2021-04-08 00:00:00+09:00,1365.927244596975,1373.386232963375,1341.6855324061755,1368.724365234375,2800,0.0,0.0
2021-04-09 00:00:00+09:00,1369.6568667983486,1379.9129767607594,1355.6712623041517,1359.4007568359375,3600,0.0,0.0
2021-04-12 00:00:00+09:00,1362.1977534052776,1364.9948740488203,1361.26537985743,1363.130126953125,1300,0.0,0.0
2021-04-13 00:00:00+09:00,1363.1301309829566,1363.1301309829566,1355.671142578125,1355.671142578125,300,0.0,0.0
2021-04-14 00:00:00+09:00,1364.0626267685514,1364.0626267685514,1355.6712640611577,1356.6036376953125,300,0.0,0.0
2021-04-15 00:00:00+09:00,1356.603629551752,1369.6568603515625,1356.603629551752,1369.6568603515625,1400,0.0,0.0
2021-04-16 00:00:00+09:00,1370.5891178631177,1370.5891178631177,1358.46826171875,1358.46826171875,400,0.0,0.0
2021-04-19 00:00:00+09:00,1365.927248602044,1382.7099724756529,1358.4682602137736,1361.265380859375,4300,0.0,0.0
2021-04-20 00:00:00+09:00,1361.2654930946387,1377.1158447265625,1361.2654930946387,1377.1158447265625,400,0.0,0.0
2021-04-21 00:00:00+09:00,1377.1158429944837,1398.5604363518792,1363.1302386309649,1379.9129638671875,5000,0.0,0.0
2021-04-22 00:00:00+09:00,1379.9129638671875,1398.5604363518792,1358.468370509792,1379.9129638671875,2800,0.0,0.0
2021-04-23 00:00:00+09:00,1396.695694986979,1396.695694986979,1370.5892333984375,1370.5892333984375,1800,0.0,0.0
2021-04-26 00:00:00+09:00,1370.5893541418989,1409.7490499745245,1365.9274855903957,1372.4541015625,1300,0.0,0.0
2021-04-27 00:00:00+09:00,1399.4926963492615,1399.4926963492615,1361.265380859375,1361.265380859375,2100,0.0,0.0
2021-04-28 00:00:00+09:00,1378.9805983976646,1381.7777192869094,1363.1302466919444,1366.8597412109375,800,0.0,0.0
2021-04-30 00:00:00+09:00,1356.603635937098,1388.3043394572776,1356.603635937098,1359.4007568359375,3600,0.0,0.0
2021-05-06 00:00:00+09:00,1374.3187255859375,1387.3719563581242,1374.3187255859375,1374.3187255859375,1200,0.0,0.0
2021-05-07 00:00:00+09:00,1384.5748291015625,1384.5748291015625,1384.5748291015625,1384.5748291015625,100,0.0,0.0
2021-05-10 00:00:00+09:00,1384.5748319883605,1388.3043264852988,1369.656854000607,1379.9129638671875,1800,0.0,0.0
2021-05-11 00:00:00+09:00,1361.265492523152,1381.777712273501,1361.265492523152,1378.0482177734375,800,0.0,0.0
2021-05-12 00:00:00+09:00,1377.1158316243489,1417.2078971354167,1377.1158316243489,1398.5604248046875,4300,0.0,0.0
2021-05-13 00:00:00+09:00,1249.3806246456918,1303.4582934736395,1202.7619446215988,1233.5302734375,29200,0.0,0.0
2021-05-14 00:00:00+09:00,1233.5302652264925,1247.515869140625,1222.3417820951863,1247.515869140625,7900,0.0,0.0
2021-05-17 00:00:00+09:00,1240.9893766848627,1264.2987188464867,1240.0570029983976,1245.6512451171875,2500,0.0,0.0
2021-05-18 00:00:00+09:00,1241.9216341735012,1243.7863813719598,1236.327392578125,1236.327392578125,3000,0.0,0.0
2021-05-19 00:00:00+09:00,1235.3950256626356,1235.3950256626356,1212.0856855557934,1225.138916015625,2800,0.0,0.0
2021-05-20 00:00:00+09:00,1212.0858154296875,1221.4095524714542,1202.7620783879206,1212.0858154296875,3500,0.0,0.0
2021-05-21 00:00:00+09:00,1220.4771689527388,1227.9361585261704,1220.4771689527388,1226.0714111328125,700,0.0,0.0
2021-05-24 00:00:00+09:00,1226.0712862881746,1230.733154296875,1226.0712862881746,1230.733154296875,800,0.0,0.0
2021-05-25 00:00:00+09:00,1249.380622967336,1249.380622967336,1234.4626453796664,1236.327392578125,1000,0.0,0.0
2021-05-26 00:00:00+09:00,1212.085692234303,1227.003669984879,1210.220945015481,1213.950439453125,4700,0.0,0.0
2021-05-27 00:00:00+09:00,1213.9505708113961,1213.9505708113961,1200.8973388671875,1200.8973388671875,3600,0.0,0.0
2021-05-28 00:00:00+09:00,1220.477051902018,1227.003667152831,1202.7619533640973,1218.6123046875,1600,0.0,0.0
2021-05-31 00:00:00+09:00,1233.5302835398707,1233.5302835398707,1213.0180641612787,1216.74755859375,1700,0.0,0.0
2021-06-01 00:00:00+09:00,1216.7475597179584,1216.7475597179584,1205.5590764102071,1214.8828125,700,0.0,0.0
2021-06-02 00:00:00+09:00,1214.8828119383268,1215.815185546875,1214.8828119383268,1215.815185546875,300,0.0,0.0
2021-06-03 00:00:00+09:00,1213.01806640625,1213.9504400160934,1209.2885719668764,1213.01806640625,1800,0.0,0.0
2021-06-04 00:00:00+09:00,1205.559077527503,1213.01806640625,1205.559077527503,1213.01806640625,600,0.0,0.0
2021-06-07 00:00:00+09:00,1220.4770530262213,1221.409426634339,1216.74755859375,1216.74755859375,2700,0.0,0.0
2021-06-08 00:00:00+09:00,1229.8007730143718,1243.786376953125,1229.8007730143718,1243.786376953125,900,0.0,0.0
2021-06-09 00:00:00+09:00,1243.7865113697126,1243.7865113697126,1215.815300469344,1226.0714111328125,900,0.0,0.0
2021-06-10 00:00:00+09:00,1226.0714053243307,1234.4627685546875,1226.0714053243307,1234.4627685546875,400,0.0,0.0
2021-06-11 00:00:00+09:00,1230.733154296875,1248.448252729936,1227.9360334916548,1230.733154296875,1800,0.0,0.0
2021-06-14 00:00:00+09:00,1250.313000497536,1250.313000497536,1212.085682808946,1229.80078125,1400,0.0,0.0
2021-06-15 00:00:00+09:00,1223.2742842475452,1252.1778687076626,1223.2742842475452,1234.4627685546875,1400,0.0,0.0
2021-06-16 00:00:00+09:00,1234.4626509367877,1234.4626509367877,1216.7475524716826,1227.003662109375,700,0.0,0.0
2021-06-17 00:00:00+09:00,1230.7331565230813,1230.7331565230813,1227.003662109375,1227.003662109375,200,0.0,0.0
2021-06-18 00:00:00+09:00,1221.4095524714542,1226.0714209923376,1212.0858154296875,1212.0858154296875,1100,0.0,0.0
2021-06-21 00:00:00+09:00,1210.22094670179,1211.1533203125,1207.4238258696594,1211.1533203125,1300,0.0,0.0
2021-06-22 00:00:00+09:00,1204.626587860344,1213.9503230605014,1202.7618408203125,1202.7618408203125,1800,0.0,0.0
2021-06-23 00:00:00+09:00,1202.761980924841,1202.761980924841,1151.4814313505262,1173.8583984375,6500,0.0,0.0
2021-06-24 00:00:00+09:00,1174.790880860902,1192.5059814453125,1174.790880860902,1192.5059814453125,4500,0.0,0.0
2021-06-25 00:00:00+09:00,1201.8295961478507,1201.8295961478507,1184.1144973683245,1191.573486328125,1400,0.0,0.0
2021-06-28 00:00:00+09:00,1196.235357896337,1196.235357896337,1185.979248046875,1185.979248046875,400,0.0,0.0
2021-06-29 00:00:00+09:00,1195.3029848544454,1198.1001057238395,1185.046875,1185.046875,500,0.0,0.0
2021-06-30 00:00:00+09:00,1185.046871558707,1190.64111328125,1185.046871558707,1190.64111328125,500,0.0,0.0
2021-07-01 00:00:00+09:00,1188.7762451171875,1188.7762451171875,1188.7762451171875,1188.7762451171875,400,0.0,0.0
2021-07-02 00:00:00+09:00,1202.7619709266016,1202.7619709266016,1186.911619371755,1189.708740234375,600,0.0,0.0
2021-07-05 00:00:00+09:00,1213.01820317463,1214.882950604568,1186.9117391554987,1192.5059814453125,1400,0.0,0.0
2021-07-06 00:00:00+09:00,1186.9117431640625,1186.9117431640625,1186.9117431640625,1186.9117431640625,100,0.0,0.0
2021-07-07 00:00:00+09:00,1186.9114980660233,1203.6942215265012,1186.9114980660233,1188.7762451171875,800,0.0,0.0
2021-07-08 00:00:00+09:00,1205.55908203125,1205.55908203125,1205.55908203125,1205.55908203125,200,0.0,0.0
2021-07-09 00:00:00+09:00,1184.1146120817766,1200.8973388671875,1184.1146120817766,1200.8973388671875,900,0.0,0.0
2021-07-12 00:00:00+09:00,1186.9116159519428,1209.2885827884288,1186.9116159519428,1195.302978515625,2400,0.0,0.0
2021-07-13 00:00:00+09:00,1208.356203439435,1208.356203439435,1204.626708984375,1204.626708984375,200,0.0,0.0
2021-07-14 00:00:00+09:00,1207.42382982567,1211.15332428073,1203.6943353706101,1204.626708984375,1500,0.0,0.0
2021-07-15 00:00:00+09:00,1223.274181259675,1223.274181259675,1204.626708984375,1204.626708984375,600,0.0,0.0
2021-07-16 00:00:00+09:00,1204.6267124015844,1205.5590860179943,1194.3706026210755,1199.032470703125,2700,0.0,0.0
2021-07-19 00:00:00+09:00,1219.5446850868725,1219.5446850868725,1194.3705975506757,1207.423828125,2400,0.0,0.0
2021-07-20 00:00:00+09:00,1213.018063043946,1218.6123046875,1203.6943269713563,1218.6123046875,1500,0.0,0.0
2021-07-21 00:00:00+09:00,1258.7043467898045,1305.323026300538,1256.839599609375,1256.839599609375,18000,0.0,0.0
2021-07-26 00:00:00+09:00,1259.6367160493294,1285.7431764855849,1259.6367160493294,1264.298583984375,1000,0.0,0.0
2021-07-27 00:00:00+09:00,1261.501591996544,1283.8785603689882,1254.0426025390625,1254.0426025390625,3300,0.0,0.0
2021-07-28 00:00:00+09:00,1245.6511302437643,1245.6511302437643,1233.5302734375,1233.5302734375,700,0.0,0.0
2021-07-29 00:00:00+09:00,1240.056890873768,1241.9216380780895,1229.80078125,1229.80078125,2200,0.0,0.0
2021-07-30 00:00:00+09:00,1249.380635454611,1249.380635454611,1213.0180647212303,1215.815185546875,1100,0.0,0.0
2021-08-02 00:00:00+09:00,1215.815185546875,1215.815185546875,1215.815185546875,1215.815185546875,0,0.0,0.0
2021-08-03 00:00:00+09:00,1221.409423828125,1233.5302807058088,1221.409423828125,1221.409423828125,3900,0.0,0.0
2021-08-04 00:00:00+09:00,1221.409423828125,1222.3417974341007,1221.409423828125,1221.409423828125,1000,0.0,0.0
2021-08-05 00:00:00+09:00,1249.380636610743,1249.380636610743,1213.950439453125,1213.950439453125,1400,0.0,0.0
2021-08-06 00:00:00+09:00,1214.882930653618,1220.4771728515625,1214.882930653618,1220.4771728515625,400,0.0,0.0
2021-08-10 00:00:00+09:00,1246.5835044041344,1246.5835044041344,1222.3417907807182,1232.597900390625,700,0.0,0.0
2021-08-11 00:00:00+09:00,1247.515879691054,1247.515879691054,1229.80078125,1229.80078125,600,0.0,0.0
2021-08-12 00:00:00+09:00,1223.2742804276315,1249.3807437294408,1223.2742804276315,1240.0570068359375,1300,0.0,0.0
2021-08-13 00:00:00+09:00,1223.2741727237951,1226.071293545572,1217.679931080241,1218.6123046875,2300,0.0,0.0
2021-08-16 00:00:00+09:00,1246.5835066521836,1257.771989883168,1228.868408203125,1228.868408203125,2600,0.0,0.0
2021-08-17 00:00:00+09:00,1228.8684104327197,1240.9892672882777,1223.2741688070776,1225.138916015625,1200,0.0,0.0
2021-08-18 00:00:00+09:00,1222.3417985548667,1226.0712929821889,1219.544677734375,1219.544677734375,2000,0.0,0.0
2021-08-19 00:00:00+09:00,1226.071287950242,1227.93603515625,1213.018057508186,1227.93603515625,2200,0.0,0.0
2021-08-20 00:00:00+09:00,1214.8828136259367,1214.8828136259367,1213.01806640625,1213.01806640625,800,0.0,0.0
2021-08-23 00:00:00+09:00,1213.9504388910207,1214.8828125,1212.0856916730622,1214.8828125,1500,0.0,0.0
2021-08-24 00:00:00+09:00,1221.4093012922506,1222.3416748046875,1212.0855661678822,1222.3416748046875,1600,0.0,0.0
2021-08-25 00:00:00+09:00,1226.0712958077513,1226.0712958077513,1214.8828125,1214.8828125,1300,0.0,0.0
2021-08-26 00:00:00+09:00,1213.0180641612787,1216.74755859375,1213.0180641612787,1216.74755859375,200,0.0,0.0
2021-08-27 00:00:00+09:00,1213.0180680990586,1213.0180680990586,1207.4238264321914,1210.220947265625,1300,0.0,0.0
2021-08-30 00:00:00+09:00,1210.221068021334,1212.0858154296875,1210.221068021334,1212.0858154296875,500,0.0,0.0
2021-08-31 00:00:00+09:00,1216.74755859375,1216.74755859375,1216.74755859375,1216.74755859375,100,0.0,0.0
2021-09-01 00:00:00+09:00,1216.747683950571,1216.747683950571,1212.0858154296875,1212.0858154296875,2200,0.0,0.0
2021-09-02 00:00:00+09:00,1216.7475541311642,1224.20654296875,1212.0856861076732,1224.20654296875,600,0.0,0.0
2021-09-03 00:00:00+09:00,1227.93604302571,1227.93604302571,1214.8828125,1214.8828125,800,0.0,0.0
2021-09-06 00:00:00+09:00,1213.9504377693966,1221.409426634339,1212.085690553161,1216.74755859375,2800,0.0,0.0
2021-09-07 00:00:00+09:00,1221.4094288948404,1221.4094288948404,1213.01806640625,1213.01806640625,1000,0.0,0.0
2021-09-08 00:00:00+09:00,1214.8828113775144,1226.0712946749281,1213.0180641612787,1216.74755859375,3600,0.0,0.0
2021-09-09 00:00:00+09:00,1227.9360390699546,1227.9360390699546,1221.409423828125,1221.409423828125,400,0.0,0.0
2021-09-10 00:00:00+09:00,1221.409423828125,1226.0712918580034,1221.409423828125,1221.409423828125,500,0.0,0.0
2021-09-13 00:00:00+09:00,1221.409419935222,1228.868408759254,1220.4770463322182,1227.93603515625,900,0.0,0.0
2021-09-14 00:00:00+09:00,1223.2741710400765,1228.8684126759304,1221.409423828125,1221.409423828125,1700,0.0,0.0
2021-09-15 00:00:00+09:00,1218.612305248313,1227.0036677175058,1217.679931640625,1217.679931640625,300,0.0,0.0
2021-09-16 00:00:00+09:00,1221.409423828125,1222.3417974341007,1217.6799294042223,1221.409423828125,2000,0.0,0.0
2021-09-17 00:00:00+09:00,1229.8007879746078,1230.7331615818669,1216.7475574729822,1218.6123046875,5500,0.0,0.0
2021-09-21 00:00:00+09:00,1218.6122985747227,1230.7331554082891,1213.0180569592303,1228.868408203125,2200,0.0,0.0
2021-09-22 00:00:00+09:00,1223.2741676956687,1227.003662109375,1217.6799260751093,1227.003662109375,800,0.0,0.0
2021-09-24 00:00:00+09:00,1227.0035423668717,1227.0035423668717,1214.8826867051928,1222.3416748046875,2200,0.0,0.0
2021-09-27 00:00:00+09:00,1223.2741693640517,1224.20654296875,1217.6799277358625,1224.20654296875,1200,0.0,0.0
2021-09-28 00:00:00+09:00,1219.544677734375,1219.544677734375,1219.544677734375,1219.544677734375,1200,0.0,0.0
2021-09-29 00:00:00+09:00,1219.544674389983,1225.138916015625,1219.544674389983,1225.138916015625,1400,0.0,0.0
2021-09-30 00:00:00+09:00,1228.8684115526153,1256.8396197063166,1223.274169921875,1223.274169921875,800,0.0,0.0
2021-10-01 00:00:00+09:00,1223.2742998798076,1243.7865213716946,1212.0858154296875,1212.0858154296875,2200,0.0,0.0
2021-10-04 00:00:00+09:00,1228.8685421048676,1229.8009158090445,1203.6944520920972,1212.0858154296875,2600,0.0,0.0
2021-10-05 00:00:00+09:00,1212.0856916730622,1214.8828125,1204.626702801228,1214.8828125,1100,0.0,0.0
2021-10-06 00:00:00+09:00,1214.8828158882277,1218.612310334546,1209.28857421875,1209.28857421875,900,0.0,0.0
2021-10-07 00:00:00+09:00,1209.2885702870376,1215.815185546875,1209.2885702870376,1215.815185546875,800,0.0,0.0
2021-10-08 00:00:00+09:00,1215.8151894998073,1215.8151894998073,1209.28857421875,1209.28857421875,1600,0.0,0.0
2021-10-11 00:00:00+09:00,1213.9504349803196,1221.409423828125,1212.0856877683684,1221.409423828125,700,0.0,0.0
2021-10-12 00:00:00+09:00,1221.409426634339,1221.409426634339,1213.9504377693966,1216.74755859375,700,0.0,0.0
2021-10-13 00:00:00+09:00,1216.74755859375,1216.74755859375,1216.74755859375,1216.74755859375,0,0.0,0.0
2021-10-14 00:00:00+09:00,1214.8828125,1214.8828125,1214.8828125,1214.8828125,300,0.0,0.0
2021-10-15 00:00:00+09:00,1222.341792432714,1231.6655284543215,1222.341792432714,1229.80078125,2900,0.0,0.0
2021-10-18 00:00:00+09:00,1218.61218075494,1226.0711688544347,1218.61218075494,1222.3416748046875,2100,0.0,0.0
2021-10-19 00:00:00+09:00,1224.2065435269983,1224.2065435269983,1223.274169921875,1223.274169921875,400,0.0,0.0
2021-10-20 00:00:00+09:00,1228.8684070933948,1241.9216375177557,1228.8684070933948,1230.733154296875,2200,0.0,0.0
2021-10-21 00:00:00+09:00,1230.7332796162073,1240.0570165829968,1226.0714111328125,1226.0714111328125,1400,0.0,0.0
2021-10-22 00:00:00+09:00,1242.8540100005318,1243.7863836014324,1223.2741643816187,1232.597900390625,1000,0.0,0.0
2021-10-25 00:00:00+09:00,1241.9217542146382,1241.9217542146382,1226.0714014956825,1240.0570068359375,1300,0.0,0.0
2021-10-26 00:00:00+09:00,1240.0568853167324,1240.0568853167324,1239.12451171875,1239.12451171875,300,0.0,0.0
2021-10-27 00:00:00+09:00,1227.9360435942901,1227.9360435942901,1213.950439453125,1213.950439453125,1500,0.0,0.0
2021-10-28 00:00:00+09:00,1233.5302762160352,1233.5302762160352,1228.868408203125,1228.868408203125,200,0.0,0.0
2021-10-29 00:00:00+09:00,1227.0036598899148,1230.733154296875,1220.4770446777343,1230.733154296875,300,0.0,0.0
2021-11-01 00:00:00+09:00,1230.733149884695,1270.8252146157874,1225.13890829431,1238.192138671875,4400,0.0,0.0
2021-11-02 00:00:00+09:00,1262.4338516683126,1262.4338516683126,1239.12451171875,1239.12451171875,2500,0.0,0.0
2021-11-04 00:00:00+09:00,1239.1246370159968,1239.1246370159968,1227.9361527088545,1234.4627685546875,2200,0.0,0.0
2021-11-05 00:00:00+09:00,1234.4627685546875,1235.3951422469493,1231.665647477902,1234.4627685546875,1700,0.0,0.0
2021-11-08 00:00:00+09:00,1199.9647347586495,1199.9647347586495,1171.9935288202196,1174.7906494140625,10400,0.0,0.0
2021-11-09 00:00:00+09:00,1183.1820111955915,1184.1143847268725,1174.7906494140625,1174.7906494140625,7600,0.0,0.0
2021-11-10 00:00:00+09:00,1202.7619578161086,1215.8151883660507,1191.5734744875865,1211.1533203125,11900,0.0,0.0
2021-11-11 00:00:00+09:00,1210.2209541000436,1210.2209541000436,1199.032470703125,1199.032470703125,800,0.0,0.0
2021-11-12 00:00:00+09:00,1199.0324729883728,1199.0324729883728,1190.6411104246904,1195.302978515625,2600,0.0,0.0
2021-11-15 00:00:00+09:00,1194.3707288752505,1194.3707288752505,1192.5059814453125,1192.5059814453125,900,0.0,0.0
2021-11-16 00:00:00+09:00,1202.761968612671,1202.761968612671,1185.0468698501586,1193.438232421875,1600,0.0,0.0
2021-11-17 00:00:00+09:00,1188.7763694925256,1192.505863985051,1185.046875,1185.046875,500,0.0,0.0
2021-11-18 00:00:00+09:00,1185.9792317207916,1222.341802504684,1185.9792317207916,1213.01806640625,3300,0.0,0.0
2021-11-19 00:00:00+09:00,1223.2741710400765,1223.2741710400765,1213.9504349803196,1221.409423828125,500,0.0,0.0
2021-11-22 00:00:00+09:00,1213.0180647212303,1215.815185546875,1195.3029661588143,1215.815185546875,900,0.0,0.0
2021-11-24 00:00:00+09:00,1203.6943314268187,1211.1533203125,1203.6943314268187,1211.1533203125,500,0.0,0.0
2021-11-25 00:00:00+09:00,1211.1533203125,1213.0180675339204,1206.4914522589493,1211.1533203125,1400,0.0,0.0
2021-11-26 00:00:00+09:00,1203.6943393573686,1207.423833824781,1198.10009765625,1198.10009765625,700,0.0,0.0
2021-11-29 00:00:00+09:00,1195.3028671022446,1195.3028671022446,1168.2640346950955,1174.7906494140625,2900,0.0,0.0
2021-11-30 00:00:00+09:00,1172.9259023515006,1184.1143847268725,1172.9259023515006,1174.7906494140625,1800,0.0,0.0
2021-12-01 00:00:00+09:00,1174.7907685894268,1183.1821312222085,1165.4670323307805,1179.45263671875,2600,0.0,0.0
2021-12-02 00:00:00+09:00,1174.7907738169288,1175.7231474469422,1171.061279296875,1171.061279296875,900,0.0,0.0
2021-12-03 00:00:00+09:00,1173.8582715574826,1183.1820068359375,1165.466909806873,1183.1820068359375,3200,0.0,0.0
2021-12-06 00:00:00+09:00,1211.153336447679,1211.153336447679,1184.1145013768687,1185.046875,3300,0.0,0.0
2021-12-07 00:00:00+09:00,1184.1145042672542,1184.1145042672542,1180.385009765625,1180.385009765625,500,0.0,0.0
2021-12-08 00:00:00+09:00,1181.3173753738404,1193.438232421875,1181.3173753738404,1193.438232421875,700,0.0,0.0
2021-12-09 00:00:00+09:00,1193.438231279251,1200.8972202247464,1192.5058576610643,1195.302978515625,1300,0.0,0.0
2021-12-10 00:00:00+09:00,1193.4382399368587,1193.4382399368587,1181.3173828125,1181.3173828125,800,0.0,0.0
2021-12-13 00:00:00+09:00,1181.3173810823696,1185.0468755767101,1180.3850074587845,1184.114501953125,500,0.0,0.0
2021-12-14 00:00:00+09:00,1181.317377646515,1189.708740234375,1181.317377646515,1189.708740234375,200,0.0,0.0
2021-12-15 00:00:00+09:00,1180.384886252401,1183.1820068359375,1180.384886252401,1183.1820068359375,200,0.0,0.0
2021-12-16 00:00:00+09:00,1181.317500855355,1196.2354803452413,1181.317500855355,1186.9117431640625,600,0.0,0.0
2021-12-17 00:00:00+09:00,1193.4382381889764,1199.9648535540723,1184.114501953125,1184.114501953125,700,0.0,0.0
2021-12-20 00:00:00+09:00,1188.776362620567,1196.2353515625,1180.3850000608925,1196.2353515625,1800,0.0,0.0
2021-12-21 00:00:00+09:00,1196.2352362257745,1196.2352362257745,1183.1820068359375,1183.1820068359375,300,0.0,0.0
2021-12-22 00:00:00+09:00,1204.6266918225624,1291.3374366673754,1179.4526046095523,1233.5302734375,5300,0.0,0.0
2021-12-23 00:00:00+09:00,1205.5591840945701,1234.4627685546875,1199.964941940999,1234.4627685546875,2800,0.0,0.0
2021-12-24 00:00:00+09:00,1246.5835066521836,1246.5835066521836,1218.6122985747227,1228.868408203125,1100,0.0,0.0
2021-12-27 00:00:00+09:00,1226.071287395379,1228.868408203125,1223.2741665876329,1228.868408203125,1100,0.0,0.0
2021-12-28 00:00:00+09:00,1216.7476684017124,1235.3951422469493,1216.7476684017124,1234.4627685546875,1600,0.0,0.0
2021-12-29 00:00:00+09:00,1235.3951383891858,1241.9217542146382,1233.5303910104851,1240.0570068359375,900,0.0,0.0
2021-12-30 00:00:00+09:00,1239.12451171875,1239.12451171875,1239.12451171875,1239.12451171875,100,0.0,0.0
2022-01-04 00:00:00+09:00,1246.583376314547,1246.583376314547,1227.935906212609,1241.9215087890625,1100,0.0,0.0
2022-01-05 00:00:00+09:00,1241.9215087890625,1241.9215087890625,1241.9215087890625,1241.9215087890625,500,0.0,0.0
2022-01-06 00:00:00+09:00,1228.8684070933948,1230.733154296875,1228.8684070933948,1230.733154296875,1000,0.0,0.0
2022-01-07 00:00:00+09:00,1217.6799294042223,1221.409423828125,1217.6799294042223,1221.409423828125,400,0.0,0.0
2022-01-11 00:00:00+09:00,1213.9504360933915,1219.544677734375,1213.9504360933915,1219.544677734375,400,0.0,0.0
2022-01-12 00:00:00+09:00,1236.3274015237357,1236.3274015237357,1221.409423828125,1221.409423828125,1800,0.0,0.0
2022-01-13 00:00:00+09:00,1221.409423828125,1221.409423828125,1221.409423828125,1221.409423828125,300,0.0,0.0
2022-01-14 00:00:00+09:00,1232.597912212961,1232.597912212961,1202.7619566979727,1213.01806640625,1600,0.0,0.0
2022-01-17 00:00:00+09:00,1234.4626543117845,1234.4626543117845,1218.612303010198,1221.409423828125,400,0.0,0.0
2022-01-18 00:00:00+09:00,1208.356200043336,1231.6655403219497,1208.356200043336,1210.220947265625,400,0.0,0.0
2022-01-19 00:00:00+09:00,1209.288585107651,1209.288585107651,1183.1821237483493,1191.573486328125,1400,0.0,0.0
2022-01-20 00:00:00+09:00,1207.4237084203912,1207.4237084203912,1202.7618408203125,1202.7618408203125,700,0.0,0.0
2022-01-21 00:00:00+09:00,1193.438231850117,1200.8972207991803,1193.438231850117,1194.37060546875,400,0.0,0.0
2022-01-24 00:00:00+09:00,1187.8439856174846,1201.82958984375,1187.8439856174846,1201.82958984375,500,0.0,0.0
2022-01-25 00:00:00+09:00,1206.491471277029,1207.4238449024363,1180.385009765625,1180.385009765625,3200,0.0,0.0
2022-01-26 00:00:00+09:00,1181.3172710290116,1196.235247616592,1140.292835413166,1161.7374267578125,10800,0.0,0.0
2022-01-27 00:00:00+09:00,1186.9115122493542,1186.9115122493542,1161.7374267578125,1161.7374267578125,1200,0.0,0.0
2022-01-28 00:00:00+09:00,1175.723142792907,1178.520263671875,1152.41380213484,1178.520263671875,2900,0.0,0.0
2022-01-31 00:00:00+09:00,1169.1964010799632,1205.5589685776654,1169.1964010799632,1188.7762451171875,400,0.0,0.0
2022-02-01 00:00:00+09:00,1185.0468773123027,1185.0468773123027,1181.3173828125,1181.3173828125,400,0.0,0.0
2022-02-02 00:00:00+09:00,1176.655517578125,1181.31738571433,1174.790770323643,1176.655517578125,500,0.0,0.0
2022-02-03 00:00:00+09:00,1176.6555072784424,1197.1677268981932,1176.6555072784424,1193.438232421875,600,0.0,0.0
2022-02-04 00:00:00+09:00,1195.302978515625,1196.2353521338118,1193.438231279251,1195.302978515625,700,0.0,0.0
2022-02-07 00:00:00+09:00,1199.0324793469708,1199.0324793469708,1185.046875,1185.046875,700,0.0,0.0
2022-02-08 00:00:00+09:00,1180.3848833869486,1188.7762451171875,1180.3848833869486,1188.7762451171875,400,0.0,0.0
2022-02-09 00:00:00+09:00,1193.4383413461537,1212.0858154296875,1191.5735939378005,1212.0858154296875,1300,0.0,0.0
2022-02-10 00:00:00+09:00,1210.2209663722826,1210.2209663722826,1179.45263671875,1179.45263671875,1800,0.0,0.0
2022-02-14 00:00:00+09:00,1198.1000953834125,1201.82958984375,1193.4382273079907,1201.82958984375,2500,0.0,0.0
2022-02-15 00:00:00+09:00,1201.8295973057284,1201.8295973057284,1189.708740234375,1189.708740234375,1500,0.0,0.0
2022-02-16 00:00:00+09:00,1189.708735104572,1199.032471273103,1189.708735104572,1198.10009765625,500,0.0,0.0
2022-02-17 00:00:00+09:00,1201.8296002163652,1201.8296002163652,1179.4526332612115,1185.046875,1400,0.0,0.0
2022-02-18 00:00:00+09:00,1185.9792383873157,1201.82958984375,1184.114491157147,1201.82958984375,700,0.0,0.0
2022-02-21 00:00:00+09:00,1194.3706031888375,1198.10009765625,1194.3706031888375,1198.10009765625,500,0.0,0.0
2022-02-22 00:00:00+09:00,1198.10009765625,1198.10009765625,1198.10009765625,1198.10009765625,0,0.0,0.0
2022-02-24 00:00:00+09:00,1195.302978515625,1209.2885827884288,1194.3706048974382,1195.302978515625,2600,0.0,0.0
2022-02-25 00:00:00+09:00,1195.302979087383,1195.302979087383,1194.37060546875,1194.37060546875,1200,0.0,0.0
2022-02-28 00:00:00+09:00,1194.37060546875,1194.37060546875,1194.37060546875,1194.37060546875,200,0.0,0.0
2022-03-01 00:00:00+09:00,1212.0857013328634,1212.0857013328634,1199.032470703125,1199.032470703125,1100,0.0,0.0
2022-03-02 00:00:00+09:00,1196.2353544280002,1206.4914642477258,1191.573486328125,1191.573486328125,1500,0.0,0.0
2022-03-03 00:00:00+09:00,1212.0856916730622,1214.8828125,1207.4238236281658,1214.8828125,5600,0.0,0.0
2022-03-04 00:00:00+09:00,1233.5302795782322,1233.5302795782322,1213.0180602655178,1223.274169921875,1500,0.0,0.0
2022-03-07 00:00:00+09:00,1251.2453855730369,1251.2453855730369,1201.8295842053983,1211.1533203125,5500,0.0,0.0
2022-03-08 00:00:00+09:00,1201.8295944178133,1216.7475723159398,1194.37060546875,1194.37060546875,3000,0.0,0.0
2022-03-09 00:00:00+09:00,1198.1000942522753,1208.3562040085205,1193.4382261812548,1203.6943359375,4100,0.0,0.0
2022-03-10 00:00:00+09:00,1204.6267158508301,1212.0857048034668,1156.1432876586914,1193.438232421875,7900,0.0,0.0
2022-03-11 00:00:00+09:00,1175.7231353544685,1198.1001022446408,1169.1965200115017,1190.64111328125,1700,0.0,0.0
2022-03-14 00:00:00+09:00,1199.9648477554322,1203.6943422317504,1185.0468698501586,1193.438232421875,3100,0.0,0.0
2022-03-15 00:00:00+09:00,1198.1000953834125,1201.82958984375,1198.1000953834125,1201.82958984375,700,0.0,0.0
2022-03-16 00:00:00+09:00,1206.4914630889891,1206.4914630889891,1193.438232421875,1193.438232421875,1600,0.0,0.0
2022-03-17 00:00:00+09:00,1198.100100517273,1198.100100517273,1190.6411115646363,1193.438232421875,1900,0.0,0.0
2022-03-18 00:00:00+09:00,1196.2353235613639,1251.24536572046,1196.2353235613639,1243.786376953125,2300,0.0,0.0
2022-03-22 00:00:00+09:00,1255.9072432463695,1255.9072432463695,1227.003661553246,1227.93603515625,2000,0.0,0.0
2022-03-23 00:00:00+09:00,1236.3273970237813,1236.3273970237813,1227.0036609979609,1228.868408203125,1300,0.0,0.0
2022-03-24 00:00:00+09:00,1228.8683994184548,1243.786376953125,1228.8683994184548,1243.786376953125,600,0.0,0.0
2022-03-25 00:00:00+09:00,1243.7863797086625,1243.7863797086625,1228.8684021409424,1239.12451171875,1700,0.0,0.0
2022-03-28 00:00:00+09:00,1238.1922556254679,1248.4483661765823,1235.3951345660728,1245.6512451171875,3200,0.0,0.0
2022-03-29 00:00:00+09:00,1240.0568875294812,1243.786381928066,1226.0712835347879,1235.39501953125,4700,0.0,0.0
2022-03-30 00:00:00+09:00,1193.0548711794672,1207.1682963117164,1193.0548711794672,1200.58203125,1800,12.0,0.0
2022-03-31 00:00:00+09:00,1200.5819159987216,1200.5819159987216,1194.9365464877558,1195.87744140625,500,0.0,0.0
2022-04-01 00:00:00+09:00,1195.8775405042754,1195.8775405042754,1193.0548555148869,1194.9366455078125,800,0.0,0.0
2022-04-04 00:00:00+09:00,1204.345544026377,1212.8135986328125,1204.345544026377,1212.8135986328125,1200,0.0,0.0
2022-04-05 00:00:00+09:00,1217.518043370553,1217.518043370553,1210.931778839182,1216.5771484375,900,0.0,0.0
2022-04-06 00:00:00+09:00,1218.458945232889,1218.458945232889,1211.8726806640625,1211.8726806640625,500,0.0,0.0
2022-04-07 00:00:00+09:00,1209.0499958488513,1211.8726806640625,1207.1682059720436,1211.8726806640625,600,0.0,0.0
2022-04-08 00:00:00+09:00,1204.3455810546875,1204.3455810546875,1204.3455810546875,1204.3455810546875,100,0.0,0.0
2022-04-11 00:00:00+09:00,1209.0499267578125,1209.0499267578125,1209.0499267578125,1209.0499267578125,300,0.0,0.0
2022-04-12 00:00:00+09:00,1204.3455810546875,1204.3455810546875,1203.4046860694887,1204.3455810546875,300,0.0,0.0
2022-04-13 00:00:00+09:00,1204.3454686289697,1214.6953125,1204.3454686289697,1214.6953125,800,0.0,0.0
2022-04-14 00:00:00+09:00,1208.1091609954835,1208.1091609954835,1204.3455810546875,1204.3455810546875,700,0.0,0.0
2022-04-15 00:00:00+09:00,1204.3455580531665,1209.0500328893118,1202.4637681187085,1203.4046630859375,500,0.0,0.0
2022-04-18 00:00:00+09:00,1199.6410902852726,1199.6410902852726,1198.7001953125,1198.7001953125,700,0.0,0.0
2022-04-19 00:00:00+09:00,1194.9366611971004,1200.58203125,1194.9366611971004,1200.58203125,300,0.0,0.0
2022-04-20 00:00:00+09:00,1199.6409912109375,1201.5227810010724,1199.6409912109375,1199.6409912109375,400,0.0,0.0
2022-04-21 00:00:00+09:00,1202.463761089004,1208.109130859375,1202.463761089004,1208.109130859375,700,0.0,0.0
2022-04-22 00:00:00+09:00,1199.6411204901267,1199.6411204901267,1185.527695543184,1194.9366455078125,1300,0.0,0.0
2022-04-25 00:00:00+09:00,1202.4637910842896,1204.3455810546875,1199.6411061286926,1204.3455810546875,1300,0.0,0.0
2022-04-26 00:00:00+09:00,1197.759314621551,1206.2273694774772,1189.291259765625,1189.291259765625,600,0.0,0.0
2022-04-27 00:00:00+09:00,1188.350311833286,1192.1138916015625,1188.350311833286,1192.1138916015625,200,0.0,0.0
2022-04-28 00:00:00+09:00,1192.113815704418,1196.8182901152481,1192.113815704418,1193.99560546875,500,0.0,0.0
2022-05-02 00:00:00+09:00,1193.9956905741087,1202.4637451171875,1192.1139006756468,1202.4637451171875,600,0.0,0.0
2022-05-06 00:00:00+09:00,1205.286360581342,1205.286360581342,1199.6409912109375,1199.6409912109375,1000,0.0,0.0
2022-05-09 00:00:00+09:00,1199.6411061286926,1204.3455810546875,1199.6411061286926,1204.3455810546875,1000,0.0,0.0
2022-05-10 00:00:00+09:00,1199.6410762038186,1209.0500258211034,1199.6410762038186,1208.109130859375,1500,0.0,0.0
2022-05-11 00:00:00+09:00,1208.1091078344214,1208.1091078344214,1207.168212890625,1207.168212890625,200,0.0,0.0
2022-05-12 00:00:00+09:00,1207.168212890625,1207.168212890625,1207.168212890625,1207.168212890625,0,0.0,0.0
2022-05-13 00:00:00+09:00,1205.286376953125,1205.286376953125,1205.286376953125,1205.286376953125,100,0.0,0.0
2022-05-16 00:00:00+09:00,1177.0595252915184,1180.8231049087576,1129.0738851717203,1140.3646240234375,7900,0.0,0.0
2022-05-17 00:00:00+09:00,1132.8375421371584,1174.2369207534664,1132.8375421371584,1153.5372314453125,2200,0.0,0.0
2022-05-18 00:00:00+09:00,1147.8918296147806,1155.4189891532383,1135.6601953647871,1142.2464599609375,1300,0.0,0.0
2022-05-19 00:00:00+09:00,1142.2464690290178,1162.9461579241072,1142.2464690290178,1152.5963134765625,700,0.0,0.0
2022-05-20 00:00:00+09:00,1150.714530569608,1150.714530569608,1147.891845703125,1147.891845703125,500,0.0,0.0
2022-05-23 00:00:00+09:00,1162.9461509146342,1162.9461509146342,1150.7145166412602,1157.30078125,1000,0.0,0.0
2022-05-24 00:00:00+09:00,1157.3008646929936,1157.3008646929936,1150.714599609375,1150.714599609375,300,0.0,0.0
2022-05-25 00:00:00+09:00,1173.2960578782877,1173.2960578782877,1164.8280029296875,1164.8280029296875,1000,0.0,0.0
2022-05-26 00:00:00+09:00,1164.8280029296875,1164.8280029296875,1164.8280029296875,1164.8280029296875,1100,0.0,0.0
2022-05-27 00:00:00+09:00,1150.714486936696,1163.8870158141397,1133.7783783799825,1161.0643310546875,1900,0.0,0.0
2022-05-30 00:00:00+09:00,1160.12354972883,1160.12354972883,1150.714599609375,1150.714599609375,1900,0.0,0.0
2022-05-31 00:00:00+09:00,1135.6602410768207,1155.4190356605932,1135.6602410768207,1144.1282958984375,800,0.0,0.0
2022-06-01 00:00:00+09:00,1144.1282728909466,1144.1282728909466,1134.7193232783566,1143.1873779296875,800,0.0,0.0
2022-06-02 00:00:00+09:00,1143.1873411290787,1152.596290438783,1143.1873411290787,1151.6553955078125,1500,0.0,0.0
2022-06-03 00:00:00+09:00,1155.4189776020667,1166.709716796875,1147.891818138861,1166.709716796875,1300,0.0,0.0
2022-06-06 00:00:00+09:00,1189.2912899925595,1203.4047151111422,1169.5324948265438,1185.5277099609375,4300,0.0,0.0
2022-06-07 00:00:00+09:00,1185.5275783126501,1194.9365273468775,1175.177734375,1175.177734375,1000,0.0,0.0
2022-06-08 00:00:00+09:00,1176.1186753722022,1177.0595703125,1153.5371968050558,1177.0595703125,900,0.0,0.0
2022-06-09 00:00:00+09:00,1177.0595703125,1177.0595703125,1177.0595703125,1177.0595703125,1400,0.0,0.0
2022-06-10 00:00:00+09:00,1173.296049160013,1173.296049160013,1154.4781494140625,1154.4781494140625,600,0.0,0.0
2022-06-13 00:00:00+09:00,1154.4781494140625,1154.4781494140625,1154.4781494140625,1154.4781494140625,0,0.0,0.0
2022-06-14 00:00:00+09:00,1147.8918616339977,1153.5372314453125,1147.8918616339977,1153.5372314453125,200,0.0,0.0
2022-06-15 00:00:00+09:00,1144.1282958984375,1144.1282958984375,1144.1282958984375,1144.1282958984375,200,0.0,0.0
2022-06-16 00:00:00+09:00,1138.48291015625,1138.48291015625,1138.48291015625,1138.48291015625,1100,0.0,0.0
2022-06-17 00:00:00+09:00,1164.8279339424043,1165.7688288809684,1112.1378173828125,1112.1378173828125,4900,0.0,0.0
2022-06-20 00:00:00+09:00,1110.2560542856224,1143.1873779296875,1110.2560542856224,1143.1873779296875,1400,0.0,0.0
2022-06-21 00:00:00+09:00,1142.2464343639047,1143.187329285127,1126.251220703125,1126.251220703125,600,0.0,0.0
2022-06-22 00:00:00+09:00,1146.0100698928202,1146.0100698928202,1132.8375403538223,1138.48291015625,400,0.0,0.0
2022-06-23 00:00:00+09:00,1136.6011062371927,1147.891845703125,1136.6011062371927,1147.891845703125,700,0.0,0.0
2022-06-24 00:00:00+09:00,1147.891845703125,1147.891845703125,1147.891845703125,1147.891845703125,900,0.0,0.0
2022-06-27 00:00:00+09:00,1157.3007952580685,1160.1234801245516,1147.891845703125,1147.891845703125,1000,0.0,0.0
2022-06-28 00:00:00+09:00,1141.3055650186302,1144.1282498455519,1141.3055650186302,1142.2464599609375,500,0.0,0.0
2022-06-29 00:00:00+09:00,1114.9605584873038,1148.8327779856525,1114.9605584873038,1139.423828125,400,0.0,0.0
2022-06-30 00:00:00+09:00,1148.832763671875,1148.832763671875,1148.832763671875,1148.832763671875,200,0.0,0.0
2022-07-01 00:00:00+09:00,1149.7735595703125,1149.7735595703125,1149.7735595703125,1149.7735595703125,100,0.0,0.0
2022-07-04 00:00:00+09:00,1153.5372014735772,1157.30078125,1153.5372014735772,1157.30078125,500,0.0,0.0
2022-07-05 00:00:00+09:00,1165.7689208984375,1165.7689208984375,1165.7689208984375,1165.7689208984375,600,0.0,0.0
2022-07-06 00:00:00+09:00,1154.4781494140625,1154.4781494140625,1154.4781494140625,1154.4781494140625,200,0.0,0.0
2022-07-07 00:00:00+09:00,1139.4237291191278,1140.3646240234375,1139.4237291191278,1140.3646240234375,500,0.0,0.0
2022-07-08 00:00:00+09:00,1140.3646240234375,1140.3646240234375,1140.3646240234375,1140.3646240234375,0,0.0,0.0
2022-07-11 00:00:00+09:00,1144.1282199302134,1146.010009765625,1144.1282199302134,1146.010009765625,500,0.0,0.0
2022-07-12 00:00:00+09:00,1139.4237291191278,1140.3646240234375,1139.4237291191278,1140.3646240234375,200,0.0,0.0
2022-07-13 00:00:00+09:00,1144.1282958984375,1144.1282958984375,1144.1282958984375,1144.1282958984375,200,0.0,0.0
2022-07-14 00:00:00+09:00,1144.1282958984375,1144.1282958984375,1144.1282958984375,1144.1282958984375,300,0.0,0.0
2022-07-15 00:00:00+09:00,1146.0100557921362,1162.9461649910347,1146.0100557921362,1147.891845703125,1600,0.0,0.0
2022-07-19 00:00:00+09:00,1162.0052421323714,1166.709716796875,1149.7736080046623,1166.709716796875,1200,0.0,0.0
2022-07-20 00:00:00+09:00,1169.532381120051,1180.8231201171875,1169.532381120051,1180.8231201171875,1800,0.0,0.0
2022-07-21 00:00:00+09:00,1179.882257354664,1192.1138916015625,1176.1186775863875,1192.1138916015625,1500,0.0,0.0
2022-07-22 00:00:00+09:00,1185.527695543184,1209.050070454755,1185.527695543184,1194.9366455078125,2600,0.0,0.0
2022-07-25 00:00:00+09:00,1213.7544886465291,1241.9813372197043,1213.7544886465291,1232.5723876953125,15900,0.0,0.0
2022-07-26 00:00:00+09:00,1204.3455580531665,1210.9318228237698,1201.5228731514794,1203.4046630859375,1700,0.0,0.0
2022-07-27 00:00:00+09:00,1204.3454595736123,1204.3454595736123,1169.5323486328125,1169.5323486328125,5100,0.0,0.0
2022-07-28 00:00:00+09:00,1169.5323486328125,1169.5323486328125,1162.0051895104775,1169.5323486328125,700,0.0,0.0
2022-07-29 00:00:00+09:00,1169.5323486328125,1169.5323486328125,1169.5323486328125,1169.5323486328125,100,0.0,0.0
2022-08-01 00:00:00+09:00,1175.177734375,1175.177734375,1175.177734375,1175.177734375,200,0.0,0.0
2022-08-02 00:00:00+09:00,1175.1779016162702,1175.1779016162702,1162.00537109375,1162.00537109375,300,0.0,0.0
2022-08-03 00:00:00+09:00,1162.0052790699888,1162.0052790699888,1158.24169921875,1158.24169921875,300,0.0,0.0
2022-08-04 00:00:00+09:00,1160.123370307488,1180.8230573689355,1160.123370307488,1173.2958984375,1100,0.0,0.0
2022-08-05 00:00:00+09:00,1173.29592819398,1175.1777179745638,1169.5323486328125,1169.5323486328125,1100,0.0,0.0
2022-08-08 00:00:00+09:00,1169.5323492401274,1169.5323492401274,1134.71923828125,1134.71923828125,2200,0.0,0.0
2022-08-09 00:00:00+09:00,1161.0643284489172,1161.0643284489172,1146.010009765625,1146.010009765625,800,0.0,0.0
2022-08-10 00:00:00+09:00,1147.891845703125,1147.891845703125,1147.891845703125,1147.891845703125,100,0.0,0.0
2022-08-12 00:00:00+09:00,1150.7145235770088,1157.3007882254465,1150.7145235770088,1152.5963134765625,400,0.0,0.0
2022-08-15 00:00:00+09:00,1160.12354972883,1160.12354972883,1150.714599609375,1150.714599609375,300,0.0,0.0
2022-08-16 00:00:00+09:00,1150.714599609375,1150.714599609375,1150.714599609375,1150.714599609375,0,0.0,0.0
2022-08-17 00:00:00+09:00,1142.2464759701588,1147.891845703125,1142.2464759701588,1147.891845703125,200,0.0,0.0
2022-08-18 00:00:00+09:00,1154.4781264138649,1157.3008113195224,1153.5372314453125,1153.5372314453125,1000,0.0,0.0
2022-08-19 00:00:00+09:00,1147.8918296147806,1152.5963043263166,1138.4828801917088,1142.2464599609375,900,0.0,0.0
2022-08-22 00:00:00+09:00,1143.187400918258,1145.069190878617,1143.187400918258,1144.1282958984375,900,0.0,0.0
2022-08-23 00:00:00+09:00,1144.1282958984375,1144.1282958984375,1144.1282958984375,1144.1282958984375,0,0.0,0.0
2022-08-24 00:00:00+09:00,1138.4829119484732,1153.5372314453125,1138.4829119484732,1153.5372314453125,700,0.0,0.0
2022-08-25 00:00:00+09:00,1162.9461669921875,1162.9461669921875,1162.9461669921875,1162.9461669921875,800,0.0,0.0
2022-08-26 00:00:00+09:00,1146.950927734375,1146.950927734375,1146.950927734375,1146.950927734375,300,0.0,0.0
2022-08-29 00:00:00+09:00,1146.950927734375,1146.950927734375,1146.950927734375,1146.950927734375,0,0.0,0.0
2022-08-30 00:00:00+09:00,1146.950927734375,1146.950927734375,1146.950927734375,1146.950927734375,200,0.0,0.0
2022-08-31 00:00:00+09:00,1146.950927734375,1146.950927734375,1146.950927734375,1146.950927734375,0,0.0,0.0
2022-09-01 00:00:00+09:00,1146.950927734375,1146.950927734375,1146.950927734375,1146.950927734375,100,0.0,0.0
2022-09-02 00:00:00+09:00,1143.1872922982743,1145.0690820798352,1134.71923828125,1134.71923828125,1200,0.0,0.0
2022-09-05 00:00:00+09:00,1156.3598771005306,1156.3598771005306,1140.364663178066,1146.950927734375,1000,0.0,0.0
2022-09-06 00:00:00+09:00,1146.950927734375,1146.950927734375,1146.950927734375,1146.950927734375,0,0.0,0.0
2022-09-07 00:00:00+09:00,1135.6601884949882,1146.950927734375,1101.7879707768277,1146.950927734375,2200,0.0,0.0
2022-09-08 00:00:00+09:00,1138.4828941370563,1138.4828941370563,1129.0739445987333,1132.8375244140625,400,0.0,0.0
2022-09-09 00:00:00+09:00,1119.6649630757786,1130.9557021992318,1119.6649630757786,1121.5467529296875,1500,0.0,0.0
2022-09-12 00:00:00+09:00,1116.8422874900964,1138.4828709882197,1116.8422874900964,1131.8966064453125,800,0.0,0.0
2022-09-13 00:00:00+09:00,1129.0738525390625,1129.0738525390625,1129.0738525390625,1129.0738525390625,400,0.0,0.0
2022-09-14 00:00:00+09:00,1126.2512667212911,1128.133056640625,1126.2512667212911,1128.133056640625,200,0.0,0.0
2022-09-15 00:00:00+09:00,1129.073912345323,1129.073912345323,1121.5467529296875,1121.5467529296875,500,0.0,0.0
2022-09-16 00:00:00+09:00,1129.0738525390625,1129.0738525390625,1129.0738525390625,1129.0738525390625,100,0.0,0.0
2022-09-20 00:00:00+09:00,1129.0738525390625,1129.0738525390625,1129.0738525390625,1129.0738525390625,200,0.0,0.0
2022-09-21 00:00:00+09:00,1135.660225255036,1138.48291015625,1135.660225255036,1138.48291015625,300,0.0,0.0
2022-09-22 00:00:00+09:00,1154.478103376116,1154.478103376116,1152.5963134765625,1152.5963134765625,1000,0.0,0.0
2022-09-26 00:00:00+09:00,1147.8918669767893,1147.8918669767893,1133.7784423828125,1133.7784423828125,1500,0.0,0.0
2022-09-27 00:00:00+09:00,1129.073865874475,1129.073865874475,1110.2559681099003,1119.6649169921875,400,0.0,0.0
2022-09-28 00:00:00+09:00,1112.1378173828125,1112.1378173828125,1112.1378173828125,1112.1378173828125,100,0.0,0.0
2022-09-29 00:00:00+09:00,1112.1378173828125,1112.1378173828125,1112.1378173828125,1112.1378173828125,0,0.0,0.0
2022-09-30 00:00:00+09:00,1111.1968763448424,1111.1968763448424,1110.2559814453125,1110.2559814453125,500,0.0,0.0
2022-10-03 00:00:00+09:00,1104.6107121551386,1124.3695068359375,1104.6107121551386,1124.3695068359375,300,0.0,0.0
2022-10-04 00:00:00+09:00,1111.1969770487383,1124.3695068359375,1110.2560820639383,1124.3695068359375,500,0.0,0.0
2022-10-05 00:00:00+09:00,1152.596356379936,1152.596356379936,1124.3695068359375,1124.3695068359375,1100,0.0,0.0
2022-10-06 00:00:00+09:00,1119.6649169921875,1119.6649169921875,1111.196862998129,1119.6649169921875,800,0.0,0.0
2022-10-07 00:00:00+09:00,1119.6649169921875,1119.6649169921875,1119.6649169921875,1119.6649169921875,0,0.0,0.0
2022-10-11 00:00:00+09:00,1114.0195610434323,1114.0195610434323,1110.2559814453125,1110.2559814453125,400,0.0,0.0
2022-10-12 00:00:00+09:00,1106.492401847193,1110.2559814453125,1105.551506947663,1110.2559814453125,1200,0.0,0.0
2022-10-13 00:00:00+09:00,1110.2559814453125,1110.2559814453125,1110.2559814453125,1110.2559814453125,0,0.0,0.0
2022-10-14 00:00:00+09:00,1119.664930440612,1119.664930440612,1110.2559814453125,1110.2559814453125,800,0.0,0.0
2022-10-17 00:00:00+09:00,1113.0787123213768,1113.0787123213768,1110.2560275056842,1112.1378173828125,500,0.0,0.0
2022-10-18 00:00:00+09:00,1119.6649169921875,1119.6649169921875,1119.6649169921875,1119.6649169921875,100,0.0,0.0
2022-10-19 00:00:00+09:00,1114.01953125,1114.01953125,1110.2559517525337,1114.01953125,1000,0.0,0.0
2022-10-20 00:00:00+09:00,1119.6650462734044,1119.6650462734044,1114.9605712890625,1114.9605712890625,200,0.0,0.0
2022-10-21 00:00:00+09:00,1114.9605712890625,1114.9605712890625,1114.9605712890625,1114.9605712890625,0,0.0,0.0
2022-10-24 00:00:00+09:00,1110.2560663503996,1118.72412109375,1110.2560663503996,1118.72412109375,2100,0.0,0.0
2022-10-25 00:00:00+09:00,1134.7192352038471,1134.7192352038471,1119.6649169921875,1119.6649169921875,1100,0.0,0.0
2022-10-26 00:00:00+09:00,1118.72412109375,1118.72412109375,1118.72412109375,1118.72412109375,100,0.0,0.0
2022-10-27 00:00:00+09:00,1112.1378173828125,1112.1378173828125,1112.1378173828125,1112.1378173828125,200,0.0,0.0
2022-10-28 00:00:00+09:00,1112.1378173828125,1112.1378173828125,1112.1378173828125,1112.1378173828125,200,0.0,0.0
2022-10-31 00:00:00+09:00,1109.315102794319,1119.664946840746,1109.315102794319,1115.9013671875,700,0.0,0.0
2022-11-01 00:00:00+09:00,1093.3198907252909,1094.2607856398565,1081.0882568359375,1081.0882568359375,4500,0.0,0.0
2022-11-02 00:00:00+09:00,1094.2607652592085,1095.20166015625,1094.2607652592085,1095.20166015625,200,0.0,0.0
2022-11-04 00:00:00+09:00,1091.4381035407725,1096.142578125,1091.4381035407725,1096.142578125,1800,0.0,0.0
2022-11-07 00:00:00+09:00,1110.2560182436218,1110.2560182436218,1101.7879638671875,1101.7879638671875,700,0.0,0.0
2022-11-08 00:00:00+09:00,1115.9013644748263,1115.9013644748263,1100.8470458984375,1100.8470458984375,200,0.0,0.0
2022-11-09 00:00:00+09:00,1100.8470458984375,1100.8470458984375,1100.8470458984375,1100.8470458984375,0,0.0,0.0
2022-11-10 00:00:00+09:00,1082.029219076667,1082.029219076667,1065.0931095606845,1068.856689453125,1400,0.0,0.0
2022-11-11 00:00:00+09:00,1082.0291353961613,1082.0291353961613,1068.8566067913387,1075.44287109375,800,0.0,0.0
2022-11-14 00:00:00+09:00,1066.9748695775081,1072.6202392578125,1066.9748695775081,1072.6202392578125,1500,0.0,0.0
2022-11-15 00:00:00+09:00,1075.44287109375,1075.44287109375,1075.44287109375,1075.44287109375,100,0.0,0.0
2022-11-16 00:00:00+09:00,1081.0884018342392,1082.029296875,1075.4430315896739,1082.029296875,900,0.0,0.0
2022-11-17 00:00:00+09:00,1082.029296875,1082.029296875,1082.029296875,1082.029296875,0,0.0,0.0
2022-11-18 00:00:00+09:00,1080.1473455954724,1080.1473455954724,1075.44287109375,1075.44287109375,600,0.0,0.0
2022-11-21 00:00:00+09:00,1078.2655557947835,1078.2655557947835,1075.44287109375,1075.44287109375,800,0.0,0.0
2022-11-22 00:00:00+09:00,1075.44287109375,1075.44287109375,1075.44287109375,1075.44287109375,300,0.0,0.0
2022-11-24 00:00:00+09:00,1075.44287109375,1075.44287109375,1075.44287109375,1075.44287109375,1700,0.0,0.0
2022-11-25 00:00:00+09:00,1087.6746514593806,1087.6746514593806,1076.3839111328125,1076.3839111328125,1400,0.0,0.0
2022-11-28 00:00:00+09:00,1076.3838120906114,1077.32470703125,1076.3838120906114,1077.32470703125,1400,0.0,0.0
2022-11-29 00:00:00+09:00,1085.7928466796875,1085.7928466796875,1085.7928466796875,1085.7928466796875,300,0.0,0.0
2022-11-30 00:00:00+09:00,1080.1474609375,1080.1474609375,1080.1474609375,1080.1474609375,100,0.0,0.0
2022-12-01 00:00:00+09:00,1076.3837659940946,1082.0291353961613,1075.44287109375,1075.44287109375,2800,0.0,0.0
2022-12-02 00:00:00+09:00,1082.029245081266,1099.90625,1081.0883500855432,1099.90625,700,0.0,0.0
2022-12-05 00:00:00+09:00,1105.5516578411234,1105.5516578411234,1091.438232421875,1091.438232421875,4500,0.0,0.0
2022-12-06 00:00:00+09:00,1077.3247915496033,1085.7928466796875,1077.3247915496033,1085.7928466796875,900,0.0,0.0
2022-12-07 00:00:00+09:00,1085.7928466796875,1085.7928466796875,1085.7928466796875,1085.7928466796875,0,0.0,0.0
2022-12-08 00:00:00+09:00,1080.1473455954724,1080.1473455954724,1075.44287109375,1075.44287109375,700,0.0,0.0
2022-12-09 00:00:00+09:00,1074.5019761934054,1080.1473455954724,1068.8566067913387,1075.44287109375,1900,0.0,0.0
2022-12-12 00:00:00+09:00,1070.7384493643779,1073.56113420453,1070.7384493643779,1072.6202392578125,1200,0.0,0.0
2022-12-13 00:00:00+09:00,1072.620262259668,1073.5611572265625,1070.7384723258792,1073.5611572265625,1000,0.0,0.0
2022-12-14 00:00:00+09:00,1072.6202392578125,1072.6202392578125,1067.9157645242256,1072.6202392578125,4000,0.0,0.0
2022-12-15 00:00:00+09:00,1072.620262259668,1077.3247370941403,1072.620262259668,1073.5611572265625,1000,0.0,0.0
2022-12-16 00:00:00+09:00,1075.4429311071724,1077.3247210128718,1067.915771484375,1067.915771484375,2800,0.0,0.0
2022-12-19 00:00:00+09:00,1065.0931253249507,1074.5020751953125,1065.0931253249507,1074.5020751953125,300,0.0,0.0
2022-12-20 00:00:00+09:00,1066.0339885880462,1066.0339885880462,1063.2113037109375,1063.2113037109375,2000,0.0,0.0
2022-12-21 00:00:00+09:00,1053.8024009146343,1080.1474609375,1053.8024009146343,1080.1474609375,1900,0.0,0.0
2022-12-22 00:00:00+09:00,1124.369525975882,1129.0740009799651,1080.1474609375,1080.1474609375,1600,0.0,0.0
2022-12-23 00:00:00+09:00,1119.6648971348593,1119.6648971348593,1077.324627915474,1098.9652099609375,1500,0.0,0.0
2022-12-26 00:00:00+09:00,1078.265625,1078.265625,1078.265625,1078.265625,100,0.0,0.0
2022-12-27 00:00:00+09:00,1078.265625,1078.265625,1054.7432509816754,1078.265625,1100,0.0,0.0
2022-12-28 00:00:00+09:00,1064.1522145875742,1068.856689453125,1064.1522145875742,1068.856689453125,800,0.0,0.0
2022-12-29 00:00:00+09:00,1068.856689453125,1068.856689453125,1068.856689453125,1068.856689453125,100,0.0,0.0
2022-12-30 00:00:00+09:00,1068.856689453125,1068.856689453125,1068.856689453125,1068.856689453125,0,0.0,0.0
2023-01-04 00:00:00+09:00,1072.620300930967,1080.1474609375,1072.620300930967,1080.1474609375,1000,0.0,0.0
2023-01-05 00:00:00+09:00,1124.3694780759163,1124.3694780759163,1073.5611501963351,1078.265625,1100,0.0,0.0
2023-01-06 00:00:00+09:00,1078.2655557947835,1078.2655557947835,1075.44287109375,1075.44287109375,200,0.0,0.0
2023-01-10 00:00:00+09:00,1082.0292365777473,1089.556396484375,1082.0292365777473,1089.556396484375,200,0.0,0.0
2023-01-11 00:00:00+09:00,1089.556396484375,1089.556396484375,1089.556396484375,1089.556396484375,0,0.0,0.0
2023-01-12 00:00:00+09:00,1078.2656019718886,1082.9700766750818,1077.32470703125,1077.32470703125,400,0.0,0.0
2023-01-13 00:00:00+09:00,1097.08349609375,1097.08349609375,1097.08349609375,1097.08349609375,100,0.0,0.0
2023-01-16 00:00:00+09:00,1085.7928466796875,1085.7928466796875,1085.7928466796875,1085.7928466796875,100,0.0,0.0
2023-01-17 00:00:00+09:00,1085.7928466796875,1085.7928466796875,1085.7928466796875,1085.7928466796875,0,0.0,0.0
2023-01-18 00:00:00+09:00,1085.7928466796875,1085.7928466796875,1085.7928466796875,1085.7928466796875,0,0.0,0.0
2023-01-19 00:00:00+09:00,1085.7928466796875,1085.7928466796875,1085.7928466796875,1085.7928466796875,0,0.0,0.0
2023-01-20 00:00:00+09:00,1098.9653391686372,1098.9653391686372,1094.2608642578125,1094.2608642578125,400,0.0,0.0
2023-01-23 00:00:00+09:00,1100.8470758402123,1100.8470758402123,1097.08349609375,1097.08349609375,300,0.0,0.0
2023-01-24 00:00:00+09:00,1097.083489213613,1101.7879638671875,1093.3199094907532,1101.7879638671875,1700,0.0,0.0
2023-01-25 00:00:00+09:00,1117.7831406415519,1117.7831406415519,1106.492401847193,1110.2559814453125,2000,0.0,0.0
2023-01-26 00:00:00+09:00,1093.3199462890625,1093.3199462890625,1093.3199462890625,1093.3199462890625,100,0.0,0.0
2023-01-27 00:00:00+09:00,1100.8470458984375,1100.8470458984375,1100.8470458984375,1100.8470458984375,100,0.0,0.0
2023-01-30 00:00:00+09:00,1124.3694186740452,1160.1234252929687,1099.9061509874132,1100.8470458984375,3700,0.0,0.0
2023-01-31 00:00:00+09:00,1099.90625,1099.90625,1099.90625,1099.90625,100,0.0,0.0
2023-02-01 00:00:00+09:00,1099.90625,1099.90625,1099.90625,1099.90625,0,0.0,0.0
2023-02-02 00:00:00+09:00,1099.90625,1099.90625,1099.90625,1099.90625,0,0.0,0.0
2023-02-03 00:00:00+09:00,1110.2560963047204,1114.9605712890625,1110.2560963047204,1114.9605712890625,200,0.0,0.0
2023-02-06 00:00:00+09:00,1137.5419404504655,1137.5419404504655,1105.551513671875,1105.551513671875,1000,0.0,0.0
2023-02-07 00:00:00+09:00,1105.551520453559,1105.551520453559,1100.8470458984375,1100.8470458984375,500,0.0,0.0
2023-02-08 00:00:00+09:00,1100.8470458984375,1100.8470458984375,1100.8470458984375,1100.8470458984375,0,0.0,0.0
2023-02-09 00:00:00+09:00,1100.8470458984375,1100.8470458984375,1100.8470458984375,1100.8470458984375,0,0.0,0.0
2023-02-10 00:00:00+09:00,1111.1968763448424,1129.073879435911,1110.2559814453125,1110.2559814453125,500,0.0,0.0
2023-02-13 00:00:00+09:00,1103.6697238613697,1124.3694117769282,1103.6697238613697,1105.551513671875,600,0.0,0.0
2023-02-14 00:00:00+09:00,1100.8471008971499,1113.0787353515625,1100.8471008971499,1113.0787353515625,400,0.0,0.0
2023-02-15 00:00:00+09:00,1100.8470781200429,1112.1378173828125,1100.8470781200429,1112.1378173828125,400,0.0,0.0
2023-02-16 00:00:00+09:00,1122.4876708984375,1122.4876708984375,1122.4876708984375,1122.4876708984375,200,0.0,0.0
2023-02-17 00:00:00+09:00,1114.9605712890625,1114.9605712890625,1114.9605712890625,1114.9605712890625,300,0.0,0.0
2023-02-20 00:00:00+09:00,1101.7879340508644,1105.551513671875,1100.8470391456117,1105.551513671875,700,0.0,0.0
2023-02-21 00:00:00+09:00,1100.8470458984375,1100.8470458984375,1098.0243611653646,1100.8470458984375,300,0.0,0.0
2023-02-22 00:00:00+09:00,1098.0243611653646,1101.7879408094618,1098.0243611653646,1100.8470458984375,400,0.0,0.0
2023-02-24 00:00:00+09:00,1116.84228515625,1116.84228515625,1116.84228515625,1116.84228515625,900,0.0,0.0
2023-02-27 00:00:00+09:00,1098.0244299847147,1112.1378545346467,1098.0244299847147,1103.6697998046875,400,0.0,0.0
2023-02-28 00:00:00+09:00,1101.7880098646965,1103.6697998046875,1099.9062199247057,1103.6697998046875,400,0.0,0.0
2023-03-01 00:00:00+09:00,1116.8422593858506,1123.4285237630208,1100.8470458984375,1100.8470458984375,800,0.0,0.0
2023-03-02 00:00:00+09:00,1129.073879435911,1129.073879435911,1106.492401847193,1110.2559814453125,500,0.0,0.0
2023-03-03 00:00:00+09:00,1126.2511679077147,1132.837432047526,1120.6057986450194,1129.0738525390625,700,0.0,0.0
2023-03-06 00:00:00+09:00,1119.6650462734044,1119.6650462734044,1114.9605712890625,1114.9605712890625,1400,0.0,0.0
2023-03-07 00:00:00+09:00,1114.9605712890625,1114.9605712890625,1114.9605712890625,1114.9605712890625,100,0.0,0.0
2023-03-08 00:00:00+09:00,1127.192138671875,1127.192138671875,1127.192138671875,1127.192138671875,100,0.0,0.0
2023-03-09 00:00:00+09:00,1106.4924340984164,1162.005234788728,1106.4924340984164,1121.5467529296875,3800,0.0,0.0
2023-03-10 00:00:00+09:00,1129.0739216412096,1131.8966064453125,1129.0739216412096,1131.8966064453125,2800,0.0,0.0
2023-03-13 00:00:00+09:00,1105.551559720489,1129.0739333315632,1105.551559720489,1107.433349609375,600,0.0,0.0
2023-03-14 00:00:00+09:00,1105.5515482736844,1131.8966064453125,1101.7879685348803,1131.8966064453125,800,0.0,0.0
2023-03-15 00:00:00+09:00,1125.3103627420032,1132.8375223590067,1117.783203125,1117.783203125,2000,0.0,0.0
2023-03-16 00:00:00+09:00,1114.0197130926724,1114.0197130926724,1091.438232421875,1091.438232421875,1600,0.0,0.0
2023-03-17 00:00:00+09:00,1091.438057454427,1146.9508552042644,1091.438057454427,1129.0738525390625,2700,0.0,0.0
2023-03-20 00:00:00+09:00,1115.9014378971083,1133.7784423828125,1105.5515931948587,1133.7784423828125,700,0.0,0.0
2023-03-22 00:00:00+09:00,1133.7784882982407,1162.0053386293173,1133.7784882982407,1135.6602783203125,400,0.0,0.0
2023-03-23 00:00:00+09:00,1147.891882999587,1147.891882999587,1133.7784582086085,1139.423828125,600,0.0,0.0
2023-03-24 00:00:00+09:00,1167.6506720208502,1171.4142519467837,1159.1826171875,1159.1826171875,1700,0.0,0.0
2023-03-27 00:00:00+09:00,1262.681040602464,1278.6762549767127,1189.2912334735577,1223.1634521484375,29700,0.0,0.0
2023-03-28 00:00:00+09:00,1222.2225131731389,1222.2225131731389,1186.468505859375,1186.468505859375,3500,0.0,0.0
2023-03-29 00:00:00+09:00,1186.4684896157557,1186.4684896157557,1177.0595404514752,1180.8231201171875,3700,0.0,0.0
2023-03-30 00:00:00+09:00,1169.1318588768877,1182.7717305637846,1159.389093386247,1161.337646484375,2400,43.0,0.0
2023-03-31 00:00:00+09:00,1157.4405851806023,1162.3119681148642,1152.5692022463404,1156.46630859375,1800,0.0,0.0
2023-04-03 00:00:00+09:00,1157.4405279910159,1176.9260587652755,1157.4405279910159,1175.9517822265625,1000,0.0,0.0
2023-04-04 00:00:00+09:00,1175.95174887954,1177.90030190171,1169.1318133019454,1176.926025390625,900,0.0,0.0
2023-04-05 00:00:00+09:00,1199.3344544733916,1199.3344544733916,1164.260498046875,1164.260498046875,1400,0.0,0.0
2023-04-06 00:00:00+09:00,1160.3633699353109,1177.9003478184643,1160.3633699353109,1161.337646484375,800,0.0,0.0
2023-04-07 00:00:00+09:00,1175.951783145152,1186.6688250793661,1165.2347412109375,1165.2347412109375,1500,0.0,0.0
2023-04-10 00:00:00+09:00,1149.6463710676649,1172.0547325376278,1149.6463710676649,1167.183349609375,1700,0.0,0.0
2023-04-11 00:00:00+09:00,1167.1833510491258,1167.1833510491258,1156.46630859375,1156.46630859375,300,0.0,0.0
2023-04-12 00:00:00+09:00,1153.543379070378,1163.2861440963104,1153.543379070378,1159.3890380859375,500,0.0,0.0
2023-04-13 00:00:00+09:00,1158.414794921875,1158.414794921875,1158.414794921875,1158.414794921875,100,0.0,0.0
2023-04-14 00:00:00+09:00,1153.5434009587175,1164.2604426905975,1152.5691244376376,1162.3118896484375,1700,0.0,0.0
2023-04-17 00:00:00+09:00,1162.3118896484375,1162.3118896484375,1162.3118896484375,1162.3118896484375,0,0.0,0.0
2023-04-18 00:00:00+09:00,1152.569091796875,1156.466197770829,1150.620538809898,1152.569091796875,1200,0.0,0.0
2023-04-19 00:00:00+09:00,1152.5691251544984,1153.5434016761844,1151.5948486328125,1151.5948486328125,600,0.0,0.0
2023-04-20 00:00:00+09:00,1155.4919212773405,1155.4919212773405,1150.620538809898,1152.569091796875,1000,0.0,0.0
2023-04-21 00:00:00+09:00,1151.5948373109454,1155.491943359375,1151.5948373109454,1155.491943359375,500,0.0,0.0
2023-04-24 00:00:00+09:00,1159.3890600851976,1162.3118896484375,1159.3890600851976,1162.3118896484375,300,0.0,0.0
2023-04-25 00:00:00+09:00,1165.2346857987857,1165.2346857987857,1160.3633033330716,1163.2861328125,1500,0.0,0.0
2023-04-26 00:00:00+09:00,1134.0578607047873,1145.749178856383,1134.0578607047873,1144.77490234375,5400,0.0,0.0
2023-04-27 00:00:00+09:00,1142.826371249602,1147.69775390625,1142.826371249602,1147.69775390625,500,0.0,0.0
2023-04-28 00:00:00+09:00,1147.6977976206185,1153.54345703125,1147.6977976206185,1153.54345703125,300,0.0,0.0
2023-05-01 00:00:00+09:00,1165.2347298177083,1169.1318359375,1154.5176879882813,1169.1318359375,1200,0.0,0.0
2023-05-02 00:00:00+09:00,1150.6205495625984,1159.3890380859375,1150.6205495625984,1159.3890380859375,200,0.0,0.0
2023-05-08 00:00:00+09:00,1188.6173993575671,1188.6173993575671,1173.0289744479596,1178.8746337890625,1100,0.0,0.0
2023-05-09 00:00:00+09:00,1183.7460060785536,1183.7460060785536,1172.0546875,1172.0546875,600,0.0,0.0
2023-05-10 00:00:00+09:00,1164.2604865423334,1168.1575927734375,1164.2604865423334,1168.1575927734375,400,0.0,0.0
2023-05-11 00:00:00+09:00,1169.1318808838912,1170.1061574512944,1164.260498046875,1164.260498046875,1300,0.0,0.0
2023-05-12 00:00:00+09:00,1162.3118559144839,1178.8745562921422,1162.3118559144839,1174.003173828125,600,0.0,0.0
2023-05-15 00:00:00+09:00,1159.3891254240978,1171.0804443359375,1155.4920191201513,1171.0804443359375,400,0.0,0.0
2023-05-16 00:00:00+09:00,1169.1318260231599,1169.1318260231599,1151.5948486328125,1151.5948486328125,200,0.0,0.0
2023-05-17 00:00:00+09:00,1150.6206388829119,1150.6206388829119,1149.6463623046875,1149.6463623046875,500,0.0,0.0
2023-05-18 00:00:00+09:00,1150.6205835002388,1155.4919661568867,1147.69775390625,1147.69775390625,1100,0.0,0.0
2023-05-19 00:00:00+09:00,1146.7235107421875,1148.6720638615454,1146.7235107421875,1146.7235107421875,300,0.0,0.0
2023-05-22 00:00:00+09:00,1152.569147114814,1154.5177001953125,1152.569147114814,1154.5177001953125,300,0.0,0.0
2023-05-23 00:00:00+09:00,1159.3890600851976,1162.3118896484375,1159.3890600851976,1162.3118896484375,200,0.0,0.0
2023-05-24 00:00:00+09:00,1165.2347412109375,1165.2347412109375,1165.2347412109375,1165.2347412109375,100,0.0,0.0
2023-05-25 00:00:00+09:00,1175.9518272158707,1175.9518272158707,1171.0804443359375,1171.0804443359375,1100,0.0,0.0
2023-05-26 00:00:00+09:00,1160.3634033203125,1160.3634033203125,1160.3634033203125,1160.3634033203125,100,0.0,0.0
2023-05-29 00:00:00+09:00,1156.4662085781576,1159.3890380859375,1156.4662085781576,1159.3890380859375,200,0.0,0.0
2023-05-30 00:00:00+09:00,1146.7235325700146,1149.6463623046875,1146.7235325700146,1149.6463623046875,200,0.0,0.0
2023-05-31 00:00:00+09:00,1149.6463623046875,1149.6463623046875,1149.6463623046875,1149.6463623046875,400,0.0,0.0
2023-06-01 00:00:00+09:00,1144.774979413566,1149.6463623046875,1144.774979413566,1149.6463623046875,400,0.0,0.0
2023-06-02 00:00:00+09:00,1157.440485080751,1164.2604205989035,1151.5948260651917,1159.3890380859375,1000,0.0,0.0
2023-06-05 00:00:00+09:00,1178.874568137802,1178.874568137802,1154.5176555729713,1159.3890380859375,3400,0.0,0.0
2023-06-06 00:00:00+09:00,1149.6463061461836,1158.414794921875,1149.6463061461836,1158.414794921875,400,0.0,0.0
2023-06-07 00:00:00+09:00,1152.5692022463404,1156.46630859375,1144.7749895515217,1156.46630859375,800,0.0,0.0
2023-06-08 00:00:00+09:00,1147.6977205672843,1149.6462735733407,1147.6977205672843,1148.6719970703125,600,0.0,0.0
2023-06-09 00:00:00+09:00,1154.5176668472677,1155.491943359375,1154.5176668472677,1155.491943359375,1200,0.0,0.0
2023-06-12 00:00:00+09:00,1148.6720857264631,1151.5949154611362,1148.6720857264631,1149.6463623046875,600,0.0,0.0
2023-06-13 00:00:00+09:00,1152.5691030824255,1152.5691030824255,1148.6719970703125,1148.6719970703125,1000,0.0,0.0
2023-06-14 00:00:00+09:00,1149.6463623046875,1149.6463623046875,1149.6463623046875,1149.6463623046875,100,0.0,0.0
2023-06-15 00:00:00+09:00,1149.6462955894406,1157.4405077629283,1149.6462955894406,1151.5948486328125,400,0.0,0.0
2023-06-16 00:00:00+09:00,1151.5949154611362,1151.5949154611362,1149.6463623046875,1149.6463623046875,200,0.0,0.0
2023-06-19 00:00:00+09:00,1149.6462963179174,1151.594849362524,1139.9035310948843,1140.8778076171875,4400,0.0,0.0
2023-06-20 00:00:00+09:00,1146.72352105218,1153.54345703125,1139.9035850731102,1153.54345703125,1400,0.0,0.0
2023-06-21 00:00:00+09:00,1144.7749576228296,1160.3633825776935,1141.8521279437925,1146.7235107421875,4000,0.0,0.0
2023-06-22 00:00:00+09:00,1139.9035197805852,1144.77490234375,1139.9035197805852,1144.77490234375,7400,0.0,0.0
2023-06-23 00:00:00+09:00,1147.6977432733108,1147.6977432733108,1137.9549780502775,1140.8778076171875,4600,0.0,0.0
2023-06-26 00:00:00+09:00,1141.8521510271867,1142.8264276065613,1138.9293212890625,1138.9293212890625,1000,0.0,0.0
2023-06-27 00:00:00+09:00,1137.9550447096879,1138.9293212890625,1135.0322149715635,1138.9293212890625,2800,0.0,0.0
2023-06-28 00:00:00+09:00,1130.1607876051428,1143.8006591796875,1130.1607876051428,1143.8006591796875,3600,0.0,0.0
2023-06-29 00:00:00+09:00,1148.6720534104568,1148.6720534104568,1137.9550113514956,1139.903564453125,1100,0.0,0.0
2023-06-30 00:00:00+09:00,1147.6977988630915,1147.6977988630915,1133.0836503206922,1142.826416015625,2400,0.0,0.0
2023-07-03 00:00:00+09:00,1143.8006477809317,1147.69775390625,1135.0321589989653,1147.69775390625,4200,0.0,0.0
2023-07-04 00:00:00+09:00,1155.4920217740334,1155.4920217740334,1136.9807667877715,1149.6463623046875,5400,0.0,0.0
2023-07-05 00:00:00+09:00,1153.543380110231,1153.543380110231,1136.9806795512159,1137.9549560546875,3100,0.0,0.0
2023-07-06 00:00:00+09:00,1141.852084139491,1141.852084139491,1136.006425005671,1140.8778076171875,2300,0.0,0.0
2023-07-07 00:00:00+09:00,1131.1350093490028,1141.85205078125,1120.4179679167555,1141.85205078125,4100,0.0,0.0
2023-07-10 00:00:00+09:00,1141.85205078125,1141.85205078125,1138.929221299728,1141.85205078125,400,0.0,0.0
2023-07-11 00:00:00+09:00,1141.852084139491,1141.852084139491,1140.8778076171875,1140.8778076171875,1000,0.0,0.0
2023-07-12 00:00:00+09:00,1144.7748915789878,1144.7748915789878,1137.9549560546875,1137.9549560546875,800,0.0,0.0
2023-07-13 00:00:00+09:00,1137.9549667553192,1144.77490234375,1137.9549667553192,1144.77490234375,400,0.0,0.0
2023-07-14 00:00:00+09:00,1144.77490234375,1144.77490234375,1144.77490234375,1144.77490234375,100,0.0,0.0
2023-07-18 00:00:00+09:00,1149.6462955894406,1162.311890371358,1149.6462955894406,1151.5948486328125,1600,0.0,0.0
2023-07-19 00:00:00+09:00,1157.440517578125,1169.1318359375,1157.440517578125,1169.1318359375,3300,0.0,0.0
2023-07-20 00:00:00+09:00,1168.1576159370736,1168.1576159370736,1160.3634033203125,1160.3634033203125,800,0.0,0.0
2023-07-21 00:00:00+09:00,1170.106079614463,1172.0546326196493,1159.3890380859375,1159.3890380859375,2700,0.0,0.0
2023-07-24 00:00:00+09:00,1162.3118559144839,1174.003173828125,1162.3118559144839,1174.003173828125,2600,0.0,0.0
2023-07-25 00:00:00+09:00,1188.6173665364583,1188.6173665364583,1160.3633471679689,1169.1318359375,16600,0.0,0.0
2023-07-26 00:00:00+09:00,1173.0289306640625,1173.0289306640625,1173.0289306640625,1173.0289306640625,100,0.0,0.0
2023-07-27 00:00:00+09:00,1162.3119334267815,1174.0032521200935,1162.3119334267815,1168.1575927734375,700,0.0,0.0
2023-07-28 00:00:00+09:00,1165.2347412109375,1165.2347412109375,1165.2347412109375,1165.2347412109375,100,0.0,0.0
2023-07-31 00:00:00+09:00,1165.2347835782925,1183.746038501359,1165.2347835782925,1181.7974853515625,1000,0.0,0.0
2023-08-01 00:00:00+09:00,1164.260498046875,1164.260498046875,1164.260498046875,1164.260498046875,200,0.0,0.0
2023-08-02 00:00:00+09:00,1164.260498046875,1164.260498046875,1164.260498046875,1164.260498046875,0,0.0,0.0
2023-08-03 00:00:00+09:00,1164.2604426905975,1164.2604426905975,1162.3118896484375,1162.3118896484375,600,0.0,0.0
2023-08-04 00:00:00+09:00,1169.1317913641078,1174.003173828125,1169.1317913641078,1174.003173828125,400,0.0,0.0
2023-08-07 00:00:00+09:00,1178.8746672094708,1178.8746672094708,1165.2347950268818,1177.900390625,2900,0.0,0.0
2023-08-08 00:00:00+09:00,1154.5177583489808,1154.5177583489808,1135.0322265625,1135.0322265625,5000,0.0,0.0
2023-08-09 00:00:00+09:00,1142.8263720828647,1143.8006486149047,1135.0321598265452,1136.980712890625,3200,0.0,0.0
2023-08-10 00:00:00+09:00,1135.032126544273,1137.9549560546875,1135.032126544273,1137.9549560546875,1500,0.0,0.0
2023-08-14 00:00:00+09:00,1164.2604665415047,1164.2604665415047,1143.8006591796875,1143.8006591796875,700,0.0,0.0
2023-08-15 00:00:00+09:00,1143.8006591796875,1143.8006591796875,1143.8006591796875,1143.8006591796875,0,0.0,0.0
2023-08-16 00:00:00+09:00,1143.8006591796875,1143.8006591796875,1143.8006591796875,1143.8006591796875,200,0.0,0.0
2023-08-17 00:00:00+09:00,1144.7749137064009,1144.7749137064009,1139.9035310948843,1140.8778076171875,600,0.0,0.0
2023-08-18 00:00:00+09:00,1146.7235003088274,1146.7235003088274,1139.903564453125,1139.903564453125,200,0.0,0.0
2023-08-21 00:00:00+09:00,1141.852149678893,1150.6206388829119,1141.852149678893,1149.6463623046875,500,0.0,0.0
2023-08-22 00:00:00+09:00,1157.4405077629283,1157.4405077629283,1151.5948486328125,1151.5948486328125,600,0.0,0.0
2023-08-23 00:00:00+09:00,1154.5176879882813,1169.1318359375,1150.6205818684896,1169.1318359375,3500,0.0,0.0
2023-08-24 00:00:00+09:00,1168.157559407552,1169.1318359375,1158.414794108073,1169.1318359375,1000,0.0,0.0
2023-08-25 00:00:00+09:00,1165.2347862057882,1169.1318925141686,1159.3891267432173,1160.3634033203125,1700,0.0,0.0
2023-08-28 00:00:00+09:00,1167.1832501066833,1169.1318031118697,1159.3890380859375,1159.3890380859375,1400,0.0,0.0
2023-08-29 00:00:00+09:00,1152.569091796875,1152.569091796875,1152.569091796875,1152.569091796875,100,0.0,0.0
2023-08-30 00:00:00+09:00,1153.5433682903636,1156.466197770829,1152.569091796875,1152.569091796875,2000,0.0,0.0
2023-08-31 00:00:00+09:00,1149.6462735733407,1149.6462735733407,1139.9035085430583,1148.6719970703125,1900,0.0,0.0
2023-09-01 00:00:00+09:00,1155.4919547195564,1155.4919547195564,1151.5948486328125,1151.5948486328125,300,0.0,0.0
2023-09-04 00:00:00+09:00,1158.414794921875,1158.414794921875,1158.414794921875,1158.414794921875,300,0.0,0.0
2023-09-05 00:00:00+09:00,1159.3890380859375,1159.3890380859375,1158.4147615833442,1159.3890380859375,800,0.0,0.0
2023-09-06 00:00:00+09:00,1159.3890608063002,1159.3890608063002,1151.5948486328125,1151.5948486328125,800,0.0,0.0
2023-09-07 00:00:00+09:00,1150.6205940343157,1154.5177001953125,1150.6205940343157,1154.5177001953125,600,0.0,0.0
2023-09-08 00:00:00+09:00,1154.5177001953125,1154.5177001953125,1154.5177001953125,1154.5177001953125,100,0.0,0.0
2023-09-11 00:00:00+09:00,1139.9035191656567,1155.491943359375,1139.9035191656567,1155.491943359375,2000,0.0,0.0
2023-09-12 00:00:00+09:00,1154.517711668475,1154.517711668475,1150.62060546875,1150.62060546875,300,0.0,0.0
2023-09-13 00:00:00+09:00,1150.62060546875,1150.62060546875,1150.62060546875,1150.62060546875,100,0.0,0.0
2023-09-14 00:00:00+09:00,1150.620606512086,1150.620606512086,1139.903564453125,1139.903564453125,1900,0.0,0.0
2023-09-15 00:00:00+09:00,1152.5691585686125,1158.4148178681996,1144.7749461691628,1150.62060546875,2600,0.0,0.0
2023-09-19 00:00:00+09:00,1157.4404963835898,1157.4404963835898,1147.6977312625158,1155.491943359375,2000,0.0,0.0
2023-09-20 00:00:00+09:00,1155.4920334588912,1155.4920334588912,1145.749267578125,1145.749267578125,1500,0.0,0.0
2023-09-21 00:00:00+09:00,1148.6720627293441,1157.4405517578125,1148.6720627293441,1157.4405517578125,200,0.0,0.0
2023-09-22 00:00:00+09:00,1150.6206273259343,1153.54345703125,1140.8778616415486,1153.54345703125,1800,0.0,0.0
2023-09-25 00:00:00+09:00,1166.2089856216755,1166.2089856216755,1144.77490234375,1144.77490234375,8200,0.0,0.0
2023-09-26 00:00:00+09:00,1144.774979413566,1149.6463623046875,1144.774979413566,1149.6463623046875,300,0.0,0.0
2023-09-27 00:00:00+09:00,1149.6463623046875,1149.6463623046875,1149.6463623046875,1149.6463623046875,200,0.0,0.0
2023-09-28 00:00:00+09:00,1139.903564453125,1145.7492237580127,1139.903564453125,1139.903564453125,2600,0.0,0.0
2023-09-29 00:00:00+09:00,1137.9550447096879,1138.9293212890625,1137.9550447096879,1138.9293212890625,400,0.0,0.0
2023-10-02 00:00:00+09:00,1144.7749691546117,1145.7492457241049,1140.8778628766383,1142.826416015625,1100,0.0,0.0
2023-10-03 00:00:00+09:00,1138.9293109939758,1141.8521407056799,1132.109375,1132.109375,2000,0.0,0.0
2023-10-04 00:00:00+09:00,1127.2379145165012,1137.9549560546875,1127.2379145165012,1137.9549560546875,4300,0.0,0.0
2023-10-05 00:00:00+09:00,1145.749267578125,1145.749267578125,1145.749267578125,1145.749267578125,700,0.0,0.0
2023-10-06 00:00:00+09:00,1141.85205078125,1141.85205078125,1141.85205078125,1141.85205078125,100,0.0,0.0
2023-10-10 00:00:00+09:00,1141.8521382099873,1153.54345703125,1141.8521382099873,1153.54345703125,300,0.0,0.0
2023-10-11 00:00:00+09:00,1143.8007144019716,1145.749267578125,1143.8007144019716,1145.749267578125,200,0.0,0.0
2023-10-12 00:00:00+09:00,1145.749267578125,1145.749267578125,1145.749267578125,1145.749267578125,0,0.0,0.0
2023-10-13 00:00:00+09:00,1145.749267578125,1145.749267578125,1145.749267578125,1145.749267578125,0,0.0,0.0
2023-10-16 00:00:00+09:00,1150.6206505185082,1150.6206505185082,1145.749267578125,1145.749267578125,200,0.0,0.0
2023-10-17 00:00:00+09:00,1149.646318425921,1149.646318425921,1143.8006591796875,1143.8006591796875,200,0.0,0.0
2023-10-18 00:00:00+09:00,1149.6462623164095,1152.569091796875,1149.6462623164095,1152.569091796875,300,0.0,0.0
2023-10-19 00:00:00+09:00,1152.569091796875,1152.569091796875,1152.569091796875,1152.569091796875,0,0.0,0.0
2023-10-20 00:00:00+09:00,1151.5948486328125,1151.5948486328125,1151.5948486328125,1151.5948486328125,200,0.0,0.0
2023-10-23 00:00:00+09:00,1151.5948486328125,1151.5948486328125,1151.5948486328125,1151.5948486328125,400,0.0,0.0
2023-10-24 00:00:00+09:00,1149.6463174940664,1154.5177001953125,1149.6463174940664,1154.5177001953125,600,0.0,0.0
2023-10-25 00:00:00+09:00,1154.5177001953125,1154.5177001953125,1154.5177001953125,1154.5177001953125,1000,0.0,0.0
2023-10-26 00:00:00+09:00,1145.7492122617655,1155.4919776721545,1142.8263826386487,1143.8006591796875,1000,0.0,0.0
2023-10-27 00:00:00+09:00,1143.8007144019716,1145.749267578125,1143.8007144019716,1145.749267578125,500,0.0,0.0
2023-10-30 00:00:00+09:00,1145.7492457241049,1145.7492457241049,1142.826416015625,1142.826416015625,500,0.0,0.0
2023-10-31 00:00:00+09:00,1142.826416015625,1142.826416015625,1142.826416015625,1142.826416015625,0,0.0,0.0
2023-11-01 00:00:00+09:00,1142.8264262571174,1150.6206388829119,1142.8264262571174,1149.6463623046875,1000,0.0,0.0
2023-11-02 00:00:00+09:00,1144.7749461691628,1150.62060546875,1144.7749461691628,1150.62060546875,400,0.0,0.0
2023-11-06 00:00:00+09:00,1164.2604205989035,1164.2604205989035,1144.7748905470391,1159.3890380859375,1000,0.0,0.0
2023-11-07 00:00:00+09:00,1159.3890380859375,1163.2861440963104,1149.6462730600051,1159.3890380859375,1900,0.0,0.0
2023-11-08 00:00:00+09:00,1159.3890714525073,1159.3890714525073,1148.6720296155513,1158.414794921875,1400,0.0,0.0
2023-11-09 00:00:00+09:00,1149.6463623046875,1149.6463623046875,1149.6463623046875,1149.6463623046875,400,0.0,0.0
2023-11-10 00:00:00+09:00,1149.6463623046875,1149.6463623046875,1149.6463623046875,1149.6463623046875,0,0.0,0.0
2023-11-13 00:00:00+09:00,1149.6462627319752,1149.6462627319752,1141.85205078125,1141.85205078125,300,0.0,0.0
2023-11-14 00:00:00+09:00,1141.852149678893,1149.6463623046875,1141.852149678893,1149.6463623046875,500,0.0,0.0
2023-11-15 00:00:00+09:00,1149.6463739304315,1149.6463739304315,1145.749267578125,1145.749267578125,200,0.0,0.0
2023-11-16 00:00:00+09:00,1143.8006591796875,1143.8006591796875,1143.8006591796875,1143.8006591796875,400,0.0,0.0
2023-11-17 00:00:00+09:00,1143.8006810631505,1146.7235107421875,1143.8006810631505,1146.7235107421875,400,0.0,0.0
2023-11-20 00:00:00+09:00,1146.7235325700146,1149.6463623046875,1146.7235325700146,1149.6463623046875,500,0.0,0.0
2023-11-21 00:00:00+09:00,1149.6463623046875,1149.6463623046875,1149.6463623046875,1149.6463623046875,100,0.0,0.0
2023-11-22 00:00:00+09:00,1159.3890380859375,1159.3890380859375,1153.543379070378,1159.3890380859375,500,0.0,0.0
2023-11-24 00:00:00+09:00,1159.3890380859375,1159.3890380859375,1154.5176555729713,1159.3890380859375,6200,0.0,0.0
2023-11-27 00:00:00+09:00,1153.5434130942274,1153.5434130942274,1147.69775390625,1147.69775390625,1600,0.0,0.0
2023-11-28 00:00:00+09:00,1167.183349609375,1167.183349609375,1167.183349609375,1167.183349609375,100,0.0,0.0
2023-11-29 00:00:00+09:00,1165.2347875562766,1165.2347875562766,1149.6463623046875,1149.6463623046875,1700,0.0,0.0
2023-11-30 00:00:00+09:00,1150.6206261032296,1164.260498046875,1150.6206261032296,1164.260498046875,200,0.0,0.0
2023-12-01 00:00:00+09:00,1164.2604205989035,1164.2604205989035,1147.6977200548188,1159.3890380859375,1000,0.0,0.0
2023-12-04 00:00:00+09:00,1169.1318925141686,1169.1318925141686,1152.5691907035514,1160.3634033203125,4300,0.0,0.0
2023-12-05 00:00:00+09:00,1155.4919767355616,1155.4919767355616,1154.5177001953125,1154.5177001953125,2000,0.0,0.0
2023-12-06 00:00:00+09:00,1154.5177220816563,1157.4405517578125,1149.6463392880628,1157.4405517578125,2800,0.0,0.0
2023-12-07 00:00:00+09:00,1154.5176781978703,1154.5176781978703,1145.7491895026967,1151.5948486328125,1600,0.0,0.0
2023-12-08 00:00:00+09:00,1151.5948486328125,1151.5948486328125,1151.5948486328125,1151.5948486328125,0,0.0,0.0
2023-12-11 00:00:00+09:00,1148.6719970703125,1148.6719970703125,1148.6719970703125,1148.6719970703125,1000,0.0,0.0
2023-12-12 00:00:00+09:00,1148.6720857264631,1149.6463623046875,1148.6720857264631,1149.6463623046875,200,0.0,0.0
2023-12-13 00:00:00+09:00,1150.62060546875,1150.62060546875,1150.62060546875,1150.62060546875,100,0.0,0.0
2023-12-14 00:00:00+09:00,1150.62060546875,1150.62060546875,1150.62060546875,1150.62060546875,400,0.0,0.0
2023-12-15 00:00:00+09:00,1150.6206388829119,1159.3891280869307,1149.6463623046875,1149.6463623046875,2300,0.0,0.0
2023-12-18 00:00:00+09:00,1149.6463623046875,1149.6463623046875,1149.6463623046875,1149.6463623046875,300,0.0,0.0
2023-12-19 00:00:00+09:00,1149.6462735733407,1149.6462735733407,1148.6719970703125,1148.6719970703125,400,0.0,0.0
2023-12-20 00:00:00+09:00,1150.6206169809036,1150.6206169809036,1141.8521279437925,1146.7235107421875,1100,0.0,0.0
2023-12-21 00:00:00+09:00,1146.7235107421875,1146.7235107421875,1146.7235107421875,1146.7235107421875,300,0.0,0.0
2023-12-22 00:00:00+09:00,1138.9292879023103,1139.903564453125,1130.1607989449785,1139.903564453125,2800,0.0,0.0
2023-12-25 00:00:00+09:00,1135.0321378412934,1147.697732512484,1134.057861328125,1134.057861328125,2400,0.0,0.0
2023-12-26 00:00:00+09:00,1136.0064030477445,1137.9549560546875,1136.0064030477445,1137.9549560546875,600,0.0,0.0
2023-12-27 00:00:00+09:00,1135.0321589989653,1147.69775390625,1123.3408406230103,1147.69775390625,3900,0.0,0.0
2023-12-28 00:00:00+09:00,1147.697731881649,1147.697731881649,1144.77490234375,1144.77490234375,2300,0.0,0.0
2023-12-29 00:00:00+09:00,1141.852084139491,1149.6462963179174,1140.8778076171875,1140.8778076171875,700,0.0,0.0
2024-01-04 00:00:00+09:00,1144.7748794427869,1163.2861328125,1144.7748794427869,1163.2861328125,3600,0.0,0.0
2024-01-05 00:00:00+09:00,1163.2861767578124,1171.0803889973959,1163.2861767578124,1169.1318359375,2800,0.0,0.0
2024-01-09 00:00:00+09:00,1179.8489218944342,1180.823198460821,1169.131879664179,1174.9775390625,2100,0.0,0.0
2024-01-10 00:00:00+09:00,1170.106100401074,1183.7459716796875,1169.131823881173,1183.7459716796875,1400,0.0,0.0
2024-01-11 00:00:00+09:00,1186.6688695517237,1186.6688695517237,1170.106167759951,1171.0804443359375,2000,0.0,0.0
2024-01-12 00:00:00+09:00,1176.926025390625,1181.7974079460498,1176.926025390625,1176.926025390625,400,0.0,0.0
2024-01-15 00:00:00+09:00,1170.1060791015625,1170.1060791015625,1170.1060791015625,1170.1060791015625,500,0.0,0.0
2024-01-16 00:00:00+09:00,1170.1060678569113,1174.9774503209285,1170.1060678569113,1174.003173828125,600,0.0,0.0
2024-01-17 00:00:00+09:00,1174.9775608715881,1177.900390625,1174.9775608715881,1177.900390625,200,0.0,0.0
2024-01-18 00:00:00+09:00,1178.8746337890625,1183.7460165733148,1177.900357232212,1178.8746337890625,2300,0.0,0.0
2024-01-19 00:00:00+09:00,1178.8746337890625,1178.8746337890625,1171.0804213342587,1178.8746337890625,2000,0.0,0.0
2024-01-22 00:00:00+09:00,1177.900389224193,1189.591708223937,1177.900389224193,1188.617431640625,3200,0.0,0.0
2024-01-23 00:00:00+09:00,1197.3858309117759,1198.360107421875,1189.5916188309832,1198.360107421875,1800,0.0,0.0
2024-01-24 00:00:00+09:00,1193.4887248713796,1198.360107421875,1179.8488537299922,1198.360107421875,1300,0.0,0.0
2024-01-25 00:00:00+09:00,1198.3601638081618,1198.3601638081618,1188.617398248746,1189.5916748046875,1200,0.0,0.0
2024-01-26 00:00:00+09:00,1183.745992736568,1197.3858642578125,1183.745992736568,1197.3858642578125,300,0.0,0.0
2024-01-29 00:00:00+09:00,1174.9775275616607,1178.8746337890625,1174.9775275616607,1178.8746337890625,300,0.0,0.0
2024-01-30 00:00:00+09:00,1196.4115441451372,1196.4115441451372,1180.8231201171875,1180.8231201171875,400,0.0,0.0
2024-01-31 00:00:00+09:00,1182.7717161993362,1197.3858642578125,1182.7717161993362,1197.3858642578125,300,0.0,0.0
2024-02-01 00:00:00+09:00,1197.3858642578125,1197.3858642578125,1197.3858642578125,1197.3858642578125,0,0.0,0.0
2024-02-02 00:00:00+09:00,1189.5916537685441,1190.565930307257,1175.9517822265625,1175.9517822265625,3800,0.0,0.0
2024-02-05 00:00:00+09:00,1182.7717735473532,1196.4116457299422,1177.900390625,1177.900390625,3900,0.0,0.0
2024-02-06 00:00:00+09:00,1194.4629990893593,1255.8424191078175,1188.6173400399823,1241.228271484375,8500,0.0,0.0
2024-02-07 00:00:00+09:00,1254.8682454427083,1254.8682454427083,1197.3859267461867,1227.5885009765625,5700,0.0,0.0
2024-02-08 00:00:00+09:00,1251.945381618321,1251.945381618321,1228.562744140625,1228.562744140625,1600,0.0,0.0
2024-02-09 00:00:00+09:00,1242.202569995901,1248.0482291488229,1216.8713803332396,1244.151123046875,1500,0.0,0.0
2024-02-13 00:00:00+09:00,1194.4630554150115,1211.0257568359375,1184.7202898732903,1211.0257568359375,5500,0.0,0.0
2024-02-14 00:00:00+09:00,1211.0257357790567,1211.0257357790567,1178.8746100504093,1197.3858642578125,1700,0.0,0.0
2024-02-15 00:00:00+09:00,1181.7974955574412,1188.617431640625,1180.823218974129,1188.617431640625,800,0.0,0.0
2024-02-16 00:00:00+09:00,1180.8231407418402,1206.1543302297014,1180.8231407418402,1205.1800537109375,700,0.0,0.0
2024-02-19 00:00:00+09:00,1202.257257455375,1204.205810546875,1188.6173858148766,1204.205810546875,1200,0.0,0.0
2024-02-20 00:00:00+09:00,1202.257302402772,1202.257302402772,1188.6174302523355,1199.33447265625,1300,0.0,0.0
2024-02-21 00:00:00+09:00,1199.3343726456455,1202.2572021484375,1198.3600961447148,1202.2572021484375,1300,0.0,0.0
2024-02-22 00:00:00+09:00,1204.205843955592,1204.205843955592,1190.5659719366777,1203.2315673828125,1300,0.0,0.0
2024-02-26 00:00:00+09:00,1203.231479657365,1211.9999681730867,1164.260419587491,1180.8231201171875,9900,0.0,0.0
2024-02-27 00:00:00+09:00,1187.6431112525097,1188.6173877998867,1182.771728515625,1182.771728515625,300,0.0,0.0
2024-02-28 00:00:00+09:00,1191.5401611328125,1191.5401611328125,1191.5401611328125,1191.5401611328125,100,0.0,0.0
2024-02-29 00:00:00+09:00,1191.540261390561,1191.540261390561,1188.617431640625,1188.617431640625,1500,0.0,0.0
2024-03-01 00:00:00+09:00,1159.3890801791488,1188.6173763181189,1157.4405271032174,1186.6688232421875,8000,0.0,0.0
2024-03-04 00:00:00+09:00,1186.668834705133,1186.668834705133,1181.797451968248,1182.771728515625,400,0.0,0.0
2024-03-05 00:00:00+09:00,1182.771728515625,1183.746005063002,1182.771728515625,1182.771728515625,800,0.0,0.0
2024-03-06 00:00:00+09:00,1180.8231640143933,1186.6688232421875,1178.8746109384622,1186.6688232421875,800,0.0,0.0
2024-03-07 00:00:00+09:00,1187.6431651966495,1195.4373779296875,1178.874675871982,1195.4373779296875,1400,0.0,0.0
2024-03-08 00:00:00+09:00,1198.3601522640306,1198.3601522640306,1193.48876953125,1193.48876953125,200,0.0,0.0
2024-03-11 00:00:00+09:00,1193.488749186198,1193.488749186198,1169.1318359375,1169.1318359375,5200,0.0,0.0
2024-03-12 00:00:00+09:00,1161.3376568690055,1168.1575927734375,1161.3376568690055,1168.1575927734375,600,0.0,0.0
2024-03-13 00:00:00+09:00,1178.8746118427014,1178.8746118427014,1175.9517822265625,1175.9517822265625,1400,0.0,0.0
2024-03-14 00:00:00+09:00,1172.0546875,1172.0546875,1172.0546875,1172.0546875,200,0.0,0.0
2024-03-15 00:00:00+09:00,1181.7974853515625,1181.7974853515625,1181.7974853515625,1181.7974853515625,100,0.0,0.0
2024-03-18 00:00:00+09:00,1174.0031734265779,1184.72021484375,1174.0031734265779,1184.72021484375,1900,0.0,0.0
2024-03-19 00:00:00+09:00,1181.7974853515625,1182.7717619264606,1181.7974853515625,1181.7974853515625,500,0.0,0.0
2024-03-21 00:00:00+09:00,1185.6945916511554,1185.6945916511554,1180.8232087766642,1181.7974853515625,1500,0.0,0.0
2024-03-22 00:00:00+09:00,1181.797417944057,1247.0739447389885,1179.8488649054025,1194.4630126953125,5100,0.0,0.0
2024-03-25 00:00:00+09:00,1196.4115868353074,1210.0514583464592,1196.4115868353074,1208.1029052734375,3900,0.0,0.0
2024-03-26 00:00:00+09:00,1208.1029605097624,1210.051513671875,1198.3601946991998,1210.051513671875,1800,0.0,0.0
2024-03-27 00:00:00+09:00,1203.2315112540193,1216.8713826366559,1202.2572347266882,1212.0,1700,0.0,0.0
2024-03-28 00:00:00+09:00,1211.0,1247.0,1183.0,1216.0,2400,32.0,0.0
2024-03-29 00:00:00+09:00,1216.0,1216.0,1216.0,1216.0,100,0.0,0.0
2024-04-01 00:00:00+09:00,1216.0,1216.0,1195.0,1195.0,700,0.0,0.0
2024-04-02 00:00:00+09:00,1205.0,1237.0,1205.0,1225.0,4600,0.0,0.0
2024-04-03 00:00:00+09:00,1222.0,1230.0,1175.0,1195.0,5700,0.0,0.0
2024-04-04 00:00:00+09:00,1207.0,1207.0,1198.0,1198.0,500,0.0,0.0
2024-04-05 00:00:00+09:00,1198.0,1209.0,1198.0,1209.0,400,0.0,0.0
2024-04-08 00:00:00+09:00,1226.0,1226.0,1207.0,1207.0,600,0.0,0.0
2024-04-09 00:00:00+09:00,1210.0,1210.0,1200.0,1202.0,700,0.0,0.0
2024-04-10 00:00:00+09:00,1201.0,1201.0,1201.0,1201.0,100,0.0,0.0
2024-04-11 00:00:00+09:00,1195.0,1196.0,1195.0,1196.0,500,0.0,0.0
2024-04-12 00:00:00+09:00,1205.0,1207.0,1205.0,1207.0,200,0.0,0.0
2024-04-15 00:00:00+09:00,1207.0,1213.0,1207.0,1213.0,200,0.0,0.0
2024-04-16 00:00:00+09:00,1204.0,1204.0,1200.0,1200.0,1000,0.0,0.0
2024-04-17 00:00:00+09:00,1200.0,1200.0,1200.0,1200.0,200,0.0,0.0
2024-04-18 00:00:00+09:00,1200.0,1200.0,1200.0,1200.0,100,0.0,0.0
2024-04-19 00:00:00+09:00,1195.0,1195.0,1175.0,1182.0,2300,0.0,0.0
2024-04-22 00:00:00+09:00,1190.0,1200.0,1190.0,1200.0,1000,0.0,0.0
2024-04-23 00:00:00+09:00,1200.0,1205.0,1199.0,1205.0,800,0.0,0.0
2024-04-24 00:00:00+09:00,1205.0,1209.0,1205.0,1209.0,300,0.0,0.0
2024-04-25 00:00:00+09:00,1201.0,1201.0,1201.0,1201.0,1100,0.0,0.0
2024-04-26 00:00:00+09:00,1195.0,1195.0,1190.0,1190.0,800,0.0,0.0
2024-04-30 00:00:00+09:00,1185.0,1205.0,1185.0,1205.0,700,0.0,0.0
2024-05-01 00:00:00+09:00,1200.0,1201.0,1200.0,1201.0,200,0.0,0.0
2024-05-02 00:00:00+09:00,1201.0,1201.0,1198.0,1198.0,200,0.0,0.0
2024-05-07 00:00:00+09:00,1207.0,1207.0,1201.0,1201.0,600,0.0,0.0
2024-05-08 00:00:00+09:00,1209.0,1209.0,1202.0,1208.0,1100,0.0,0.0
2024-05-09 00:00:00+09:00,1208.0,1208.0,1205.0,1206.0,300,0.0,0.0
2024-05-10 00:00:00+09:00,1201.0,1201.0,1201.0,1201.0,100,0.0,0.0
2024-05-13 00:00:00+09:00,1204.0,1206.0,1204.0,1205.0,1100,0.0,0.0
2024-05-14 00:00:00+09:00,1200.0,1206.0,1193.0,1206.0,1600,0.0,0.0
2024-05-15 00:00:00+09:00,1199.0,1199.0,1199.0,1199.0,100,0.0,0.0
2024-05-16 00:00:00+09:00,1200.0,1200.0,1196.0,1196.0,300,0.0,0.0
2024-05-17 00:00:00+09:00,1196.0,1208.0,1196.0,1208.0,500,0.0,0.0
2024-05-20 00:00:00+09:00,1198.0,1198.0,1195.0,1195.0,1000,0.0,0.0
2024-05-21 00:00:00+09:00,1199.0,1205.0,1195.0,1197.0,7100,0.0,0.0
2024-05-22 00:00:00+09:00,1197.0,1197.0,1195.0,1195.0,200,0.0,0.0
2024-05-23 00:00:00+09:00,1195.0,1195.0,1190.0,1190.0,2100,0.0,0.0
2024-05-24 00:00:00+09:00,1190.0,1192.0,1175.0,1185.0,5100,0.0,0.0
2024-05-27 00:00:00+09:00,1182.0,1182.0,1170.0,1173.0,2100,0.0,0.0
2024-05-28 00:00:00+09:00,1174.0,1175.0,1165.0,1165.0,1800,0.0,0.0
2024-05-29 00:00:00+09:00,1169.0,1185.0,1169.0,1185.0,700,0.0,0.0
2024-05-30 00:00:00+09:00,1163.0,1163.0,1163.0,1163.0,600,0.0,0.0
2024-05-31 00:00:00+09:00,1166.0,1192.0,1166.0,1170.0,500,0.0,0.0
2024-06-03 00:00:00+09:00,1171.0,1171.0,1166.0,1169.0,1000,0.0,0.0
2024-06-04 00:00:00+09:00,1178.0,1178.0,1174.0,1174.0,1300,0.0,0.0
2024-06-05 00:00:00+09:00,1174.0,1174.0,1173.0,1173.0,3600,0.0,0.0
2024-06-06 00:00:00+09:00,1170.0,1178.0,1169.0,1178.0,300,0.0,0.0
2024-06-07 00:00:00+09:00,1178.0,1178.0,1178.0,1178.0,0,0.0,0.0
2024-06-10 00:00:00+09:00,1195.0,1195.0,1167.0,1178.0,2500,0.0,0.0
2024-06-11 00:00:00+09:00,1178.0,1178.0,1175.0,1175.0,700,0.0,0.0
2024-06-12 00:00:00+09:00,1174.0,1176.0,1174.0,1176.0,400,0.0,0.0
2024-06-13 00:00:00+09:00,1171.0,1175.0,1171.0,1175.0,300,0.0,0.0
2024-06-14 00:00:00+09:00,1175.0,1175.0,1175.0,1175.0,100,0.0,0.0
2024-06-17 00:00:00+09:00,1176.0,1176.0,1175.0,1175.0,800,0.0,0.0
2024-06-18 00:00:00+09:00,1178.0,1184.0,1175.0,1184.0,1000,0.0,0.0
2024-06-19 00:00:00+09:00,1184.0,1194.0,1184.0,1187.0,2300,0.0,0.0
2024-06-20 00:00:00+09:00,1184.0,1184.0,1171.0,1171.0,700,0.0,0.0
2024-06-21 00:00:00+09:00,1177.0,1200.0,1170.0,1171.0,4900,0.0,0.0
2024-06-24 00:00:00+09:00,1171.0,1171.0,1161.0,1171.0,5200,0.0,0.0
2024-06-25 00:00:00+09:00,1183.0,1183.0,1170.0,1170.0,5600,0.0,0.0
2024-06-26 00:00:00+09:00,1171.0,1172.0,1169.0,1169.0,4200,0.0,0.0
2024-06-27 00:00:00+09:00,1173.0,1173.0,1169.0,1171.0,1600,0.0,0.0
2024-06-28 00:00:00+09:00,1174.0,1175.0,1166.0,1170.0,2100,0.0,0.0
2024-07-01 00:00:00+09:00,1172.0,1175.0,1168.0,1170.0,9700,0.0,0.0
2024-07-02 00:00:00+09:00,1170.0,1196.0,1166.0,1167.0,8000,0.0,0.0
2024-07-03 00:00:00+09:00,1170.0,1170.0,1166.0,1166.0,3200,0.0,0.0
2024-07-04 00:00:00+09:00,1167.0,1178.0,1167.0,1171.0,4200,0.0,0.0
2024-07-05 00:00:00+09:00,1172.0,1172.0,1170.0,1170.0,7800,0.0,0.0
2024-07-08 00:00:00+09:00,1170.0,1171.0,1169.0,1170.0,3900,0.0,0.0
2024-07-09 00:00:00+09:00,1170.0,1170.0,1168.0,1168.0,1600,0.0,0.0
2024-07-10 00:00:00+09:00,1168.0,1173.0,1168.0,1173.0,700,0.0,0.0
2024-07-11 00:00:00+09:00,1177.0,1177.0,1171.0,1175.0,1800,0.0,0.0
2024-07-12 00:00:00+09:00,1172.0,1175.0,1172.0,1173.0,3800,0.0,0.0
2024-07-16 00:00:00+09:00,1174.0,1175.0,1171.0,1173.0,3700,0.0,0.0
2024-07-17 00:00:00+09:00,1184.0,1184.0,1174.0,1176.0,1500,0.0,0.0
2024-07-18 00:00:00+09:00,1172.0,1176.0,1172.0,1176.0,1300,0.0,0.0
2024-07-19 00:00:00+09:00,1176.0,1176.0,1165.0,1166.0,10300,0.0,0.0
2024-07-22 00:00:00+09:00,1167.0,1168.0,1164.0,1166.0,4100,0.0,0.0
2024-07-23 00:00:00+09:00,1170.0,1170.0,1167.0,1167.0,2100,0.0,0.0
2024-07-24 00:00:00+09:00,1167.0,1167.0,1166.0,1167.0,1800,0.0,0.0
2024-07-25 00:00:00+09:00,1175.0,1176.0,1164.0,1164.0,13200,0.0,0.0
2024-07-26 00:00:00+09:00,1164.0,1168.0,1164.0,1168.0,500,0.0,0.0
2024-07-29 00:00:00+09:00,1165.0,1168.0,1165.0,1168.0,1800,0.0,0.0
2024-07-30 00:00:00+09:00,1168.0,1194.0,1164.0,1166.0,2500,0.0,0.0
2024-07-31 00:00:00+09:00,1166.0,1166.0,1165.0,1166.0,1100,0.0,0.0
2024-08-01 00:00:00+09:00,1164.0,1164.0,1160.0,1160.0,2300,0.0,0.0
2024-08-02 00:00:00+09:00,1150.0,1151.0,1140.0,1140.0,10100,0.0,0.0
2024-08-05 00:00:00+09:00,1132.0,1140.0,1006.0,1066.0,24500,0.0,0.0
2024-08-06 00:00:00+09:00,1006.0,1064.0,1001.0,1060.0,11800,0.0,0.0
2024-08-07 00:00:00+09:00,1050.0,1066.0,1027.0,1051.0,8000,0.0,0.0
2024-08-08 00:00:00+09:00,1050.0,1055.0,1050.0,1050.0,1900,0.0,0.0
2024-08-09 00:00:00+09:00,1056.0,1068.0,1040.0,1052.0,3100,0.0,0.0
2024-08-13 00:00:00+09:00,1056.0,1062.0,1051.0,1052.0,3200,0.0,0.0
2024-08-14 00:00:00+09:00,1056.0,1069.0,1053.0,1065.0,3500,0.0,0.0
2024-08-15 00:00:00+09:00,1077.0,1077.0,1059.0,1061.0,5200,0.0,0.0
2024-08-16 00:00:00+09:00,1070.0,1072.0,1061.0,1072.0,3300,0.0,0.0
2024-08-19 00:00:00+09:00,1071.0,1073.0,1066.0,1070.0,6100,0.0,0.0
2024-08-20 00:00:00+09:00,1076.0,1078.0,1070.0,1070.0,4800,0.0,0.0
2024-08-21 00:00:00+09:00,1070.0,1078.0,1068.0,1069.0,4600,0.0,0.0
2024-08-22 00:00:00+09:00,1069.0,1077.0,1069.0,1070.0,5200,0.0,0.0
2024-08-23 00:00:00+09:00,1070.0,1070.0,1064.0,1064.0,4700,0.0,0.0
2024-08-26 00:00:00+09:00,1068.0,1069.0,1068.0,1068.0,1600,0.0,0.0
2024-08-27 00:00:00+09:00,1060.0,1075.0,1060.0,1070.0,3600,0.0,0.0
2024-08-28 00:00:00+09:00,1070.0,1080.0,1070.0,1077.0,2400,0.0,0.0
2024-08-29 00:00:00+09:00,1080.0,1080.0,1080.0,1080.0,300,0.0,0.0
2024-08-30 00:00:00+09:00,1080.0,1085.0,1080.0,1083.0,1900,0.0,0.0
2024-09-02 00:00:00+09:00,1088.0,1088.0,1068.0,1080.0,5300,0.0,0.0
2024-09-03 00:00:00+09:00,1088.0,1090.0,1077.0,1080.0,4600,0.0,0.0
2024-09-04 00:00:00+09:00,1075.0,1075.0,1065.0,1069.0,7100,0.0,0.0
2024-09-05 00:00:00+09:00,1073.0,1080.0,1070.0,1076.0,3000,0.0,0.0
2024-09-06 00:00:00+09:00,1079.0,1079.0,1065.0,1065.0,2500,0.0,0.0
2024-09-09 00:00:00+09:00,1061.0,1070.0,1060.0,1065.0,2400,0.0,0.0
2024-09-10 00:00:00+09:00,1067.0,1070.0,1060.0,1062.0,2200,0.0,0.0
2024-09-11 00:00:00+09:00,1056.0,1056.0,1050.0,1050.0,10300,0.0,0.0
2024-09-12 00:00:00+09:00,1050.0,1051.0,1043.0,1049.0,9000,0.0,0.0
2024-09-13 00:00:00+09:00,1052.0,1059.0,1050.0,1059.0,1600,0.0,0.0
2024-09-17 00:00:00+09:00,1059.0,1059.0,1053.0,1053.0,300,0.0,0.0
2024-09-18 00:00:00+09:00,1053.0,1058.0,1052.0,1052.0,600,0.0,0.0
2024-09-19 00:00:00+09:00,1056.0,1062.0,1056.0,1062.0,700,0.0,0.0
2024-09-20 00:00:00+09:00,1180.0,1199.0,1126.0,1158.0,97500,0.0,0.0
2024-09-24 00:00:00+09:00,1157.0,1157.0,1125.0,1138.0,12000,0.0,0.0
2024-09-25 00:00:00+09:00,1155.0,1155.0,1129.0,1138.0,5800,0.0,0.0
2024-09-26 00:00:00+09:00,1139.0,1145.0,1128.0,1132.0,5100,0.0,0.0
2024-09-27 00:00:00+09:00,1130.0,1130.0,1123.0,1127.0,4300,0.0,0.0
2024-09-30 00:00:00+09:00,1120.0,1126.0,1100.0,1106.0,9600,0.0,0.0
2024-10-01 00:00:00+09:00,1110.0,1112.0,1098.0,1106.0,5500,0.0,0.0
2024-10-02 00:00:00+09:00,1106.0,1106.0,1097.0,1104.0,2500,0.0,0.0
2024-10-03 00:00:00+09:00,1117.0,1119.0,1101.0,1105.0,2000,0.0,0.0
2024-10-04 00:00:00+09:00,1106.0,1116.0,1106.0,1114.0,1400,0.0,0.0
2024-10-07 00:00:00+09:00,1120.0,1120.0,1114.0,1118.0,4000,0.0,0.0
2024-10-08 00:00:00+09:00,1120.0,1120.0,1111.0,1111.0,2800,0.0,0.0
2024-10-09 00:00:00+09:00,1115.0,1115.0,1110.0,1110.0,300,0.0,0.0
2024-10-10 00:00:00+09:00,1110.0,1117.0,1110.0,1117.0,400,0.0,0.0
2024-10-11 00:00:00+09:00,1116.0,1116.0,1110.0,1110.0,1300,0.0,0.0
2024-10-15 00:00:00+09:00,1108.0,1108.0,1088.0,1100.0,5000,0.0,0.0
2024-10-16 00:00:00+09:00,1100.0,1105.0,1100.0,1101.0,600,0.0,0.0
2024-10-17 00:00:00+09:00,1105.0,1105.0,1100.0,1100.0,1000,0.0,0.0
2024-10-18 00:00:00+09:00,1101.0,1101.0,1098.0,1101.0,800,0.0,0.0
2024-10-21 00:00:00+09:00,1106.0,1106.0,1103.0,1106.0,500,0.0,0.0
2024-10-22 00:00:00+09:00,1107.0,1107.0,1086.0,1086.0,2400,0.0,0.0
2024-10-23 00:00:00+09:00,1090.0,1092.0,1088.0,1088.0,900,0.0,0.0
2024-10-24 00:00:00+09:00,1084.0,1090.0,1076.0,1087.0,1600,0.0,0.0
2024-10-25 00:00:00+09:00,1090.0,1090.0,1072.0,1072.0,2500,0.0,0.0
2024-10-28 00:00:00+09:00,1072.0,1100.0,1072.0,1090.0,1600,0.0,0.0
2024-10-29 00:00:00+09:00,1080.0,1090.0,1077.0,1090.0,600,0.0,0.0
2024-10-30 00:00:00+09:00,1090.0,1095.0,1074.0,1074.0,1700,0.0,0.0
2024-10-31 00:00:00+09:00,1078.0,1082.0,1078.0,1081.0,700,0.0,0.0
2024-11-01 00:00:00+09:00,1077.0,1099.0,1077.0,1082.0,1900,0.0,0.0
2024-11-05 00:00:00+09:00,1086.0,1098.0,1086.0,1096.0,700,0.0,0.0
2024-11-06 00:00:00+09:00,1100.0,1121.0,1096.0,1117.0,8400,0.0,0.0
2024-11-07 00:00:00+09:00,1117.0,1122.0,1100.0,1110.0,13100,0.0,0.0
2024-11-08 00:00:00+09:00,1111.0,1117.0,1110.0,1117.0,1900,0.0,0.0
2024-11-11 00:00:00+09:00,1117.0,1117.0,1104.0,1108.0,2200,0.0,0.0
2024-11-12 00:00:00+09:00,1103.0,1110.0,1103.0,1109.0,2200,0.0,0.0
2024-11-13 00:00:00+09:00,1106.0,1106.0,1106.0,1106.0,700,0.0,0.0
2024-11-14 00:00:00+09:00,1102.0,1102.0,1102.0,1102.0,400,0.0,0.0
2024-11-15 00:00:00+09:00,1102.0,1109.0,1102.0,1106.0,700,0.0,0.0
2024-11-18 00:00:00+09:00,1106.0,1106.0,1101.0,1101.0,900,0.0,0.0
2024-11-19 00:00:00+09:00,1104.0,1104.0,1102.0,1103.0,2600,0.0,0.0
2024-11-20 00:00:00+09:00,1104.0,1105.0,1104.0,1104.0,300,0.0,0.0
2024-11-21 00:00:00+09:00,1106.0,1107.0,1102.0,1107.0,800,0.0,0.0
2024-11-22 00:00:00+09:00,1115.0,1118.0,1115.0,1118.0,900,0.0,0.0
2024-11-25 00:00:00+09:00,1120.0,1120.0,1116.0,1116.0,2600,0.0,0.0
2024-11-26 00:00:00+09:00,1116.0,1116.0,1116.0,1116.0,0,0.0,0.0
2024-11-27 00:00:00+09:00,1116.0,1116.0,1101.0,1101.0,2500,0.0,0.0
2024-11-28 00:00:00+09:00,1105.0,1107.0,1105.0,1107.0,400,0.0,0.0
2024-11-29 00:00:00+09:00,1114.0,1114.0,1114.0,1114.0,600,0.0,0.0
2024-12-02 00:00:00+09:00,1107.0,1113.0,1107.0,1108.0,1000,0.0,0.0
2024-12-03 00:00:00+09:00,1110.0,1113.0,1108.0,1113.0,1200,0.0,0.0
2024-12-04 00:00:00+09:00,1113.0,1113.0,1100.0,1112.0,3100,0.0,0.0
2024-12-05 00:00:00+09:00,1110.0,1110.0,1110.0,1110.0,1700,0.0,0.0
2024-12-06 00:00:00+09:00,1103.0,1103.0,1100.0,1100.0,1500,0.0,0.0
2024-12-09 00:00:00+09:00,1130.0,1130.0,1104.0,1104.0,7600,0.0,0.0
2024-12-10 00:00:00+09:00,1107.0,1110.0,1103.0,1103.0,900,0.0,0.0
2024-12-11 00:00:00+09:00,1110.0,1116.0,1106.0,1109.0,1700,0.0,0.0
2024-12-12 00:00:00+09:00,1100.0,1113.0,1100.0,1111.0,4100,0.0,0.0
2024-12-13 00:00:00+09:00,1111.0,1119.0,1110.0,1110.0,6300,0.0,0.0
2024-12-16 00:00:00+09:00,1111.0,1111.0,1111.0,1111.0,1800,0.0,0.0
2024-12-17 00:00:00+09:00,1111.0,1112.0,1109.0,1111.0,1200,0.0,0.0
2024-12-18 00:00:00+09:00,1110.0,1112.0,1109.0,1112.0,1700,0.0,0.0
2024-12-19 00:00:00+09:00,1112.0,1112.0,1112.0,1112.0,400,0.0,0.0
2024-12-20 00:00:00+09:00,1107.0,1114.0,1106.0,1109.0,4000,0.0,0.0
2024-12-23 00:00:00+09:00,1114.0,1114.0,1100.0,1110.0,3600,0.0,0.0
2024-12-24 00:00:00+09:00,1111.0,1115.0,1104.0,1115.0,7900,0.0,0.0
2024-12-25 00:00:00+09:00,1119.0,1119.0,1111.0,1111.0,5800,0.0,0.0
2024-12-26 00:00:00+09:00,1110.0,1118.0,1109.0,1109.0,7000,0.0,0.0
2024-12-27 00:00:00+09:00,1117.0,1120.0,1116.0,1120.0,1400,0.0,0.0
2024-12-30 00:00:00+09:00,1118.0,1125.0,1117.0,1125.0,2200,0.0,0.0
2025-01-06 00:00:00+09:00,1128.0,1140.0,1128.0,1140.0,5200,0.0,0.0
2025-01-07 00:00:00+09:00,1147.0,1150.0,1137.0,1138.0,2700,0.0,0.0
2025-01-08 00:00:00+09:00,1138.0,1138.0,1131.0,1136.0,5200,0.0,0.0
2025-01-09 00:00:00+09:00,1136.0,1136.0,1110.0,1129.0,6300,0.0,0.0
2025-01-10 00:00:00+09:00,1123.0,1129.0,1118.0,1118.0,1200,0.0,0.0
2025-01-14 00:00:00+09:00,1119.0,1119.0,1110.0,1114.0,6200,0.0,0.0
2025-01-15 00:00:00+09:00,1114.0,1115.0,1111.0,1111.0,800,0.0,0.0
2025-01-16 00:00:00+09:00,1108.0,1126.0,1108.0,1126.0,1900,0.0,0.0
2025-01-17 00:00:00+09:00,1125.0,1158.0,1114.0,1127.0,2200,0.0,0.0
2025-01-20 00:00:00+09:00,1117.0,1120.0,1117.0,1118.0,2200,0.0,0.0
2025-01-21 00:00:00+09:00,1124.0,1125.0,1121.0,1123.0,1500,0.0,0.0
2025-01-22 00:00:00+09:00,1126.0,1135.0,1123.0,1123.0,1100,0.0,0.0
2025-01-23 00:00:00+09:00,1125.0,1129.0,1123.0,1129.0,1400,0.0,0.0
2025-01-24 00:00:00+09:00,1129.0,1129.0,1120.0,1123.0,5300,0.0,0.0
2025-01-27 00:00:00+09:00,1124.0,1124.0,1116.0,1116.0,20100,0.0,0.0
2025-01-28 00:00:00+09:00,1120.0,1121.0,1116.0,1121.0,9700,0.0,0.0
2025-01-29 00:00:00+09:00,1124.0,1124.0,1117.0,1122.0,2700,0.0,0.0
2025-01-30 00:00:00+09:00,1130.0,1130.0,1094.0,1101.0,60200,0.0,0.0
2025-01-31 00:00:00+09:00,1102.0,1108.0,1102.0,1108.0,1200,0.0,0.0
2025-02-03 00:00:00+09:00,1110.0,1111.0,1100.0,1105.0,23100,0.0,0.0
2025-02-04 00:00:00+09:00,1109.0,1118.0,1103.0,1106.0,8400,0.0,0.0
2025-02-05 00:00:00+09:00,1111.0,1123.0,1109.0,1118.0,9400,0.0,0.0
2025-02-06 00:00:00+09:00,1123.0,1134.0,1117.0,1134.0,19700,0.0,0.0
2025-02-07 00:00:00+09:00,1143.0,1143.0,1121.0,1139.0,26900,0.0,0.0
2025-02-10 00:00:00+09:00,1129.0,1129.0,1106.0,1115.0,41200,0.0,0.0
2025-02-12 00:00:00+09:00,1124.0,1124.0,1118.0,1123.0,11400,0.0,0.0
2025-02-13 00:00:00+09:00,1124.0,1124.0,1118.0,1123.0,3700,0.0,0.0
2025-02-14 00:00:00+09:00,1127.0,1130.0,1121.0,1125.0,6700,0.0,0.0
2025-02-17 00:00:00+09:00,1130.0,1138.0,1127.0,1136.0,12600,0.0,0.0
2025-02-18 00:00:00+09:00,1132.0,1134.0,1129.0,1129.0,7800,0.0,0.0
2025-02-19 00:00:00+09:00,1130.0,1139.0,1130.0,1139.0,5200,0.0,0.0
2025-02-20 00:00:00+09:00,1139.0,1139.0,1130.0,1134.0,3300,0.0,0.0
2025-02-21 00:00:00+09:00,1134.0,1136.0,1130.0,1136.0,4400,0.0,0.0
2025-02-25 00:00:00+09:00,1133.0,1135.0,1132.0,1134.0,2800,0.0,0.0
2025-02-26 00:00:00+09:00,1133.0,1134.0,1129.0,1134.0,3100,0.0,0.0
2025-02-27 00:00:00+09:00,1134.0,1141.0,1130.0,1141.0,2200,0.0,0.0
2025-02-28 00:00:00+09:00,1139.0,1141.0,1135.0,1140.0,4100,0.0,0.0
2025-03-03 00:00:00+09:00,1144.0,1157.0,1141.0,1147.0,8200,0.0,0.0
2025-03-04 00:00:00+09:00,1141.0,1150.0,1136.0,1150.0,4800,0.0,0.0
2025-03-05 00:00:00+09:00,1150.0,1169.0,1150.0,1158.0,9300,0.0,0.0
2025-03-06 00:00:00+09:00,1173.0,1173.0,1160.0,1160.0,3100,0.0,0.0
2025-03-07 00:00:00+09:00,1160.0,1161.0,1147.0,1153.0,3700,0.0,0.0
2025-03-10 00:00:00+09:00,1153.0,1173.0,1153.0,1173.0,2900,0.0,0.0
2025-03-11 00:00:00+09:00,1158.0,1167.0,1155.0,1167.0,1800,0.0,0.0
2025-03-12 00:00:00+09:00,1169.0,1171.0,1163.0,1169.0,3000,0.0,0.0
2025-03-13 00:00:00+09:00,1170.0,1170.0,1162.0,1165.0,1500,0.0,0.0
2025-03-14 00:00:00+09:00,1165.0,1170.0,1165.0,1169.0,1200,0.0,0.0
2025-03-17 00:00:00+09:00,1171.0,1173.0,1165.0,1169.0,4100,0.0,0.0
2025-03-18 00:00:00+09:00,1168.0,1172.0,1167.0,1169.0,2800,0.0,0.0
2025-03-19 00:00:00+09:00,1162.0,1173.0,1161.0,1171.0,7300,0.0,0.0
2025-03-21 00:00:00+09:00,1175.0,1193.0,1173.0,1192.0,12300,0.0,0.0
2025-03-24 00:00:00+09:00,1192.0,1192.0,1173.0,1188.0,9200,0.0,0.0
2025-03-25 00:00:00+09:00,1188.0,1188.0,1165.0,1184.0,7700,0.0,0.0
2025-03-26 00:00:00+09:00,1180.0,1195.0,1178.0,1190.0,9400,0.0,0.0
2025-03-27 00:00:00+09:00,1188.0,1188.0,1171.0,1178.0,7600,0.0,0.0
2025-03-28 00:00:00+09:00,1150.0,1170.0,1143.0,1143.0,8800,0.0,0.0
2025-03-31 00:00:00+09:00,1140.0,1160.0,1122.0,1144.0,11800,0.0,0.0
2025-04-01 00:00:00+09:00,1148.0,1148.0,1139.0,1139.0,2900,0.0,0.0
2025-04-02 00:00:00+09:00,1136.0,1139.0,1133.0,1136.0,2400,0.0,0.0
2025-04-03 00:00:00+09:00,1111.0,1129.0,1100.0,1107.0,11600,0.0,0.0
2025-04-04 00:00:00+09:00,1100.0,1100.0,1011.0,1034.0,26900,0.0,0.0
2025-04-07 00:00:00+09:00,974.0,1034.0,970.0,1020.0,36000,0.0,0.0
2025-04-08 00:00:00+09:00,1041.0,1065.0,1025.0,1065.0,4300,0.0,0.0
2025-04-09 00:00:00+09:00,1065.0,1066.0,1007.0,1037.0,4800,0.0,0.0
2025-04-10 00:00:00+09:00,1097.0,1097.0,1068.0,1082.0,2500,0.0,0.0
2025-04-11 00:00:00+09:00,1052.0,1098.0,1052.0,1087.0,1000,0.0,0.0
2025-04-14 00:00:00+09:00,1098.0,1099.0,1087.0,1091.0,1900,0.0,0.0
2025-04-15 00:00:00+09:00,1091.0,1105.0,1091.0,1100.0,2600,0.0,0.0
2025-04-16 00:00:00+09:00,1100.0,1102.0,1097.0,1099.0,1800,0.0,0.0
2025-04-17 00:00:00+09:00,1109.0,1109.0,1100.0,1109.0,1100,0.0,0.0
2025-04-18 00:00:00+09:00,1107.0,1110.0,1107.0,1108.0,2100,0.0,0.0
2025-04-21 00:00:00+09:00,1106.0,1115.0,1106.0,1115.0,1100,0.0,0.0
2025-04-22 00:00:00+09:00,1115.0,1115.0,1110.0,1115.0,400,0.0,0.0
2025-04-23 00:00:00+09:00,1120.0,1125.0,1116.0,1123.0,2500,0.0,0.0
2025-04-24 00:00:00+09:00,1123.0,1123.0,1115.0,1121.0,3000,0.0,0.0
2025-04-25 00:00:00+09:00,1122.0,1310.0,1077.0,1139.0,288900,0.0,0.0
2025-04-28 00:00:00+09:00,1129.0,1129.0,1110.0,1123.0,7600,0.0,0.0
2025-04-30 00:00:00+09:00,1129.0,1145.0,1128.0,1139.0,7600,0.0,0.0
2025-05-01 00:00:00+09:00,1139.0,1145.0,1134.0,1139.0,2400,0.0,0.0
2025-05-02 00:00:00+09:00,1139.0,1139.0,1118.0,1120.0,4300,0.0,0.0
