Date,Open,High,Low,Close,Volume,Dividends,Stock Splits
2020-01-30 00:00:00+09:00,2310.0,2345.0,2280.0,2290.0,17049,0.0,0.0
2020-01-31 00:00:00+09:00,2290.0,2305.0,2240.0,2305.0,47053,0.0,0.0
2020-02-03 00:00:00+09:00,2210.0,2305.0,2210.0,2295.0,32788,0.0,0.0
2020-02-04 00:00:00+09:00,2310.0,2395.0,2250.0,2280.0,63844,0.0,0.0
2020-02-05 00:00:00+09:00,2380.0,2905.0,2300.0,2400.0,1049396,0.0,0.0
2020-02-06 00:00:00+09:00,2405.0,2735.0,2375.0,2575.0,655120,0.0,0.0
2020-02-07 00:00:00+09:00,2540.0,2790.0,2535.0,2580.0,516663,0.0,0.0
2020-02-10 00:00:00+09:00,2535.0,2575.0,2355.0,2455.0,116924,0.0,0.0
2020-02-11 00:00:00+09:00,2455.0,2455.0,2165.0,2285.0,488841,0.0,0.0
2020-02-12 00:00:00+09:00,2330.0,2330.0,2160.0,2170.0,447431,0.0,0.0
2020-02-13 00:00:00+09:00,2170.0,2280.0,2165.0,2190.0,167290,0.0,0.0
2020-02-14 00:00:00+09:00,2170.0,2210.0,2150.0,2165.0,116267,0.0,0.0
2020-02-17 00:00:00+09:00,2180.0,2185.0,2130.0,2160.0,122479,0.0,0.0
2020-02-18 00:00:00+09:00,2185.0,2585.0,2170.0,2280.0,1006199,0.0,0.0
2020-02-19 00:00:00+09:00,2295.0,2370.0,2250.0,2300.0,271472,0.0,0.0
2020-02-20 00:00:00+09:00,2300.0,2310.0,2230.0,2235.0,104734,0.0,0.0
2020-02-21 00:00:00+09:00,2215.0,2250.0,2150.0,2170.0,133931,0.0,0.0
2020-02-24 00:00:00+09:00,2100.0,2170.0,2005.0,2095.0,114470,0.0,0.0
2020-02-25 00:00:00+09:00,2035.0,2110.0,2035.0,2070.0,71098,0.0,0.0
2020-02-26 00:00:00+09:00,2060.0,2070.0,2025.0,2060.0,56195,0.0,0.0
2020-02-27 00:00:00+09:00,2020.0,2090.0,2020.0,2040.0,30915,0.0,0.0
2020-02-28 00:00:00+09:00,2005.0,2055.0,1940.0,1985.0,81117,0.0,0.0
2020-03-02 00:00:00+09:00,1995.0,1995.0,1865.0,1910.0,80419,0.0,0.0
2020-03-03 00:00:00+09:00,1920.0,1980.0,1905.0,1940.0,48624,0.0,0.0
2020-03-04 00:00:00+09:00,1975.0,1975.0,1930.0,1975.0,22454,0.0,0.0
2020-03-05 00:00:00+09:00,1980.0,2075.0,1980.0,2030.0,31812,0.0,0.0
2020-03-06 00:00:00+09:00,2030.0,2055.0,2000.0,2000.0,30905,0.0,0.0
2020-03-09 00:00:00+09:00,2040.0,2040.0,1910.0,1950.0,30556,0.0,0.0
2020-03-10 00:00:00+09:00,1880.0,1955.0,1870.0,1925.0,14206,0.0,0.0
2020-03-11 00:00:00+09:00,1900.0,1940.0,1845.0,1860.0,26173,0.0,0.0
2020-03-12 00:00:00+09:00,1835.0,1905.0,1725.0,1790.0,46702,0.0,0.0
2020-03-13 00:00:00+09:00,1610.0,1785.0,1505.0,1660.0,73091,0.0,0.0
2020-03-16 00:00:00+09:00,1660.0,1700.0,1460.0,1535.0,97145,0.0,0.0
2020-03-17 00:00:00+09:00,1420.0,1525.0,1355.0,1505.0,70300,0.0,0.0
2020-03-18 00:00:00+09:00,1505.0,1870.0,1505.0,1660.0,191686,0.0,0.0
2020-03-19 00:00:00+09:00,1725.0,1725.0,1390.0,1390.0,152126,0.0,0.0
2020-03-20 00:00:00+09:00,1400.0,1700.0,1400.0,1665.0,71869,0.0,0.0
2020-03-23 00:00:00+09:00,1645.0,1645.0,1455.0,1555.0,74664,0.0,0.0
2020-03-24 00:00:00+09:00,1560.0,1695.0,1560.0,1655.0,90851,0.0,0.0
2020-03-25 00:00:00+09:00,1680.0,1760.0,1655.0,1675.0,140511,0.0,0.0
2020-03-26 00:00:00+09:00,1770.0,1770.0,1670.0,1695.0,60093,0.0,0.0
2020-03-27 00:00:00+09:00,1750.0,1755.0,1660.0,1660.0,78766,0.0,0.0
2020-03-30 00:00:00+09:00,1615.0,1700.0,1610.0,1665.0,41147,0.0,0.0
2020-03-31 00:00:00+09:00,1705.0,1785.0,1670.0,1785.0,128034,0.0,0.0
2020-04-01 00:00:00+09:00,1800.0,1850.0,1690.0,1690.0,74878,0.0,0.0
2020-04-02 00:00:00+09:00,1705.0,1760.0,1630.0,1760.0,37370,0.0,0.0
2020-04-03 00:00:00+09:00,1790.0,1850.0,1710.0,1725.0,54070,0.0,0.0
2020-04-06 00:00:00+09:00,1725.0,1785.0,1685.0,1740.0,88251,0.0,0.0
2020-04-07 00:00:00+09:00,1845.0,1845.0,1705.0,1740.0,99895,0.0,0.0
2020-04-08 00:00:00+09:00,1740.0,1760.0,1710.0,1740.0,32697,0.0,0.0
2020-04-09 00:00:00+09:00,1750.0,1835.0,1735.0,1760.0,34873,0.0,0.0
2020-04-10 00:00:00+09:00,1765.0,1800.0,1710.0,1750.0,87737,0.0,0.0
2020-04-13 00:00:00+09:00,1790.0,1790.0,1665.0,1685.0,33112,0.0,0.0
2020-04-14 00:00:00+09:00,1665.0,1755.0,1655.0,1660.0,27688,0.0,0.0
2020-04-16 00:00:00+09:00,1630.0,1695.0,1615.0,1680.0,24513,0.0,0.0
2020-04-17 00:00:00+09:00,1680.0,2150.0,1650.0,1700.0,2713087,0.0,0.0
2020-04-20 00:00:00+09:00,1760.0,1825.0,1745.0,1765.0,1025748,0.0,0.0
2020-04-21 00:00:00+09:00,1795.0,1800.0,1610.0,1715.0,548095,0.0,0.0
2020-04-22 00:00:00+09:00,1700.0,1760.0,1665.0,1710.0,310641,0.0,0.0
2020-04-23 00:00:00+09:00,1720.0,1790.0,1720.0,1730.0,503005,0.0,0.0
2020-04-24 00:00:00+09:00,1735.0,1760.0,1655.0,1655.0,317135,0.0,0.0
2020-04-27 00:00:00+09:00,1680.0,1750.0,1675.0,1700.0,279415,0.0,0.0
2020-04-28 00:00:00+09:00,1720.0,1740.0,1675.0,1700.0,192584,0.0,0.0
2020-04-29 00:00:00+09:00,1720.0,1720.0,1670.0,1710.0,172173,0.0,0.0
2020-05-04 00:00:00+09:00,1730.0,1855.0,1715.0,1780.0,626879,0.0,0.0
2020-05-06 00:00:00+09:00,1815.0,1840.0,1770.0,1810.0,311485,0.0,0.0
2020-05-07 00:00:00+09:00,1810.0,1830.0,1780.0,1815.0,210857,0.0,0.0
2020-05-08 00:00:00+09:00,1835.0,1890.0,1825.0,1880.0,382786,0.0,0.0
2020-05-11 00:00:00+09:00,1875.0,1880.0,1825.0,1860.0,161102,0.0,0.0
2020-05-12 00:00:00+09:00,1860.0,1900.0,1770.0,1810.0,226074,0.0,0.0
2020-05-13 00:00:00+09:00,1805.0,1815.0,1765.0,1785.0,206769,0.0,0.0
2020-05-14 00:00:00+09:00,1785.0,1800.0,1710.0,1750.0,159412,0.0,0.0
2020-05-15 00:00:00+09:00,1750.0,1775.0,1705.0,1730.0,131687,0.0,0.0
2020-05-18 00:00:00+09:00,1750.0,1750.0,1700.0,1720.0,75823,0.0,0.0
2020-05-19 00:00:00+09:00,1710.0,1740.0,1705.0,1720.0,111530,0.0,0.0
2020-05-20 00:00:00+09:00,1730.0,1790.0,1720.0,1770.0,121748,0.0,0.0
2020-05-21 00:00:00+09:00,1775.0,1840.0,1740.0,1810.0,235146,0.0,0.0
2020-05-22 00:00:00+09:00,1920.0,1975.0,1850.0,1860.0,922382,0.0,0.0
2020-05-25 00:00:00+09:00,1855.0,1890.0,1845.0,1870.0,227932,0.0,0.0
2020-05-26 00:00:00+09:00,1870.0,1875.0,1840.0,1865.0,104818,0.0,0.0
2020-05-27 00:00:00+09:00,1865.0,1905.0,1860.0,1870.0,135278,0.0,0.0
2020-05-28 00:00:00+09:00,1895.0,1900.0,1740.0,1805.0,158764,0.0,0.0
2020-05-29 00:00:00+09:00,1805.0,1820.0,1760.0,1810.0,103501,0.0,0.0
2020-06-01 00:00:00+09:00,1810.0,1855.0,1805.0,1850.0,110473,0.0,0.0
2020-06-02 00:00:00+09:00,1970.0,2045.0,1940.0,1980.0,1336555,0.0,0.0
2020-06-03 00:00:00+09:00,2000.0,2000.0,1915.0,1930.0,215311,0.0,0.0
2020-06-04 00:00:00+09:00,1990.0,2505.0,1990.0,2505.0,2786776,0.0,0.0
2020-06-05 00:00:00+09:00,3020.0,3255.0,2820.0,3000.0,12554740,0.0,0.0
2020-06-08 00:00:00+09:00,3085.0,3135.0,2860.0,3000.0,3991412,0.0,0.0
2020-06-09 00:00:00+09:00,3530.0,3880.0,3180.0,3240.0,10831680,0.0,0.0
2020-06-10 00:00:00+09:00,3240.0,3640.0,3080.0,3285.0,3989478,0.0,0.0
2020-06-11 00:00:00+09:00,3260.0,3260.0,2960.0,3000.0,1415867,0.0,0.0
2020-06-12 00:00:00+09:00,2870.0,2950.0,2745.0,2915.0,936864,0.0,0.0
2020-06-15 00:00:00+09:00,2960.0,2970.0,2525.0,2600.0,765476,0.0,0.0
2020-06-16 00:00:00+09:00,2680.0,2775.0,2615.0,2725.0,518790,0.0,0.0
2020-06-17 00:00:00+09:00,2650.0,2910.0,2650.0,2745.0,581591,0.0,0.0
2020-06-18 00:00:00+09:00,2740.0,2995.0,2660.0,2860.0,1051676,0.0,0.0
2020-06-19 00:00:00+09:00,2860.0,2980.0,2790.0,2930.0,758933,0.0,0.0
2020-06-22 00:00:00+09:00,2990.0,2990.0,2880.0,2905.0,323767,0.0,0.0
2020-06-23 00:00:00+09:00,2915.0,3010.0,2880.0,2915.0,665751,0.0,0.0
2020-06-24 00:00:00+09:00,2970.0,3350.0,2850.0,2960.0,2597071,0.0,0.0
2020-06-25 00:00:00+09:00,2890.0,3175.0,2800.0,2960.0,875702,0.0,0.0
2020-06-26 00:00:00+09:00,2990.0,3130.0,2860.0,2900.0,339791,0.0,0.0
2020-06-29 00:00:00+09:00,2900.0,2905.0,2755.0,2785.0,281851,0.0,0.0
2020-06-30 00:00:00+09:00,2800.0,3050.0,2725.0,3005.0,945138,0.0,0.0
2020-07-01 00:00:00+09:00,2950.0,2965.0,2850.0,2870.0,459278,0.0,0.0
2020-07-02 00:00:00+09:00,2870.0,2900.0,2800.0,2800.0,240423,0.0,0.0
2020-07-03 00:00:00+09:00,2805.0,2930.0,2775.0,2865.0,315367,0.0,0.0
2020-07-06 00:00:00+09:00,2865.0,3180.0,2865.0,3105.0,2429097,0.0,0.0
2020-07-07 00:00:00+09:00,3090.0,3100.0,2970.0,2995.0,576777,0.0,0.0
2020-07-08 00:00:00+09:00,3010.0,3040.0,2925.0,2930.0,309358,0.0,0.0
2020-07-09 00:00:00+09:00,2960.0,3030.0,2920.0,3030.0,321027,0.0,0.0
2020-07-10 00:00:00+09:00,3050.0,3050.0,2905.0,2955.0,323922,0.0,0.0
2020-07-13 00:00:00+09:00,2980.0,3185.0,2960.0,3090.0,1064370,0.0,0.0
2020-07-14 00:00:00+09:00,3080.0,3280.0,2960.0,3025.0,1793464,0.0,0.0
2020-07-15 00:00:00+09:00,3080.0,3255.0,3030.0,3255.0,1064331,0.0,0.0
2020-07-16 00:00:00+09:00,3270.0,3290.0,3150.0,3225.0,694208,0.0,0.0
2020-07-17 00:00:00+09:00,3200.0,3245.0,3120.0,3180.0,324714,0.0,0.0
2020-07-20 00:00:00+09:00,3100.0,3185.0,3040.0,3135.0,452919,0.0,0.0
2020-07-21 00:00:00+09:00,3140.0,3155.0,3050.0,3155.0,209898,0.0,0.0
2020-07-22 00:00:00+09:00,3145.0,3155.0,3030.0,3035.0,328225,0.0,0.0
2020-07-23 00:00:00+09:00,3035.0,3035.0,2860.0,2880.0,531160,0.0,0.0
2020-07-24 00:00:00+09:00,2870.0,2870.0,2770.0,2770.0,341919,0.0,0.0
2020-07-27 00:00:00+09:00,2755.0,2845.0,2650.0,2800.0,241718,0.0,0.0
2020-07-28 00:00:00+09:00,2765.0,2995.0,2765.0,2860.0,326975,0.0,0.0
2020-07-29 00:00:00+09:00,2920.0,2920.0,2840.0,2865.0,144141,0.0,0.0
2020-07-30 00:00:00+09:00,2875.0,2900.0,2800.0,2810.0,108183,0.0,0.0
2020-07-31 00:00:00+09:00,2795.0,2885.0,2780.0,2850.0,131176,0.0,0.0
2020-08-03 00:00:00+09:00,2850.0,2880.0,2760.0,2770.0,171253,0.0,0.0
2020-08-04 00:00:00+09:00,2975.0,3115.0,2885.0,2935.0,1041292,0.0,0.0
2020-08-05 00:00:00+09:00,2940.0,2940.0,2780.0,2840.0,437573,0.0,0.0
2020-08-06 00:00:00+09:00,2840.0,2870.0,2790.0,2800.0,259730,0.0,0.0
2020-08-07 00:00:00+09:00,2800.0,2850.0,2750.0,2790.0,230999,0.0,0.0
2020-08-10 00:00:00+09:00,2855.0,2870.0,2745.0,2760.0,316991,0.0,0.0
2020-08-11 00:00:00+09:00,2795.0,2795.0,2675.0,2700.0,332455,0.0,0.0
2020-08-12 00:00:00+09:00,2700.0,2700.0,2600.0,2615.0,342754,0.0,0.0
2020-08-13 00:00:00+09:00,2810.0,2810.0,2595.0,2605.0,307405,0.0,0.0
2020-08-14 00:00:00+09:00,2590.0,2605.0,2505.0,2515.0,329162,0.0,0.0
2020-08-18 00:00:00+09:00,2480.0,2490.0,2235.0,2300.0,622625,0.0,0.0
2020-08-19 00:00:00+09:00,2300.0,2375.0,2260.0,2330.0,354165,0.0,0.0
2020-08-20 00:00:00+09:00,2290.0,2305.0,2120.0,2150.0,326279,0.0,0.0
2020-08-21 00:00:00+09:00,2155.0,2235.0,2150.0,2165.0,199599,0.0,0.0
2020-08-24 00:00:00+09:00,2170.0,2220.0,2125.0,2215.0,266393,0.0,0.0
2020-08-25 00:00:00+09:00,2350.0,2350.0,2210.0,2255.0,334342,0.0,0.0
2020-08-26 00:00:00+09:00,2265.0,2280.0,2200.0,2235.0,329859,0.0,0.0
2020-08-27 00:00:00+09:00,2235.0,2240.0,2145.0,2170.0,224375,0.0,0.0
2020-08-28 00:00:00+09:00,2195.0,2270.0,2150.0,2230.0,277698,0.0,0.0
2020-08-31 00:00:00+09:00,2210.0,2280.0,2210.0,2245.0,248808,0.0,0.0
2020-09-01 00:00:00+09:00,2445.0,2820.0,2285.0,2285.0,10560970,0.0,0.0
2020-09-02 00:00:00+09:00,2345.0,2390.0,2270.0,2315.0,760955,0.0,0.0
2020-09-03 00:00:00+09:00,2355.0,2380.0,2305.0,2315.0,687249,0.0,0.0
2020-09-04 00:00:00+09:00,2205.0,2285.0,2155.0,2275.0,404304,0.0,0.0
2020-09-07 00:00:00+09:00,2290.0,2390.0,2280.0,2370.0,403622,0.0,0.0
2020-09-08 00:00:00+09:00,2395.0,2395.0,2315.0,2320.0,299968,0.0,0.0
2020-09-09 00:00:00+09:00,2290.0,2340.0,2230.0,2320.0,194410,0.0,0.0
2020-09-10 00:00:00+09:00,2325.0,2470.0,2305.0,2465.0,673738,0.0,0.0
2020-09-11 00:00:00+09:00,2460.0,2460.0,2380.0,2435.0,335961,0.0,0.0
2020-09-14 00:00:00+09:00,2485.0,2515.0,2415.0,2485.0,510752,0.0,0.0
2020-09-15 00:00:00+09:00,2490.0,2635.0,2460.0,2545.0,835192,0.0,0.0
2020-09-16 00:00:00+09:00,2545.0,2620.0,2520.0,2540.0,384800,0.0,0.0
2020-09-17 00:00:00+09:00,2620.0,2620.0,2465.0,2485.0,299684,0.0,0.0
2020-09-18 00:00:00+09:00,2485.0,2535.0,2380.0,2435.0,171414,0.0,0.0
2020-09-21 00:00:00+09:00,2520.0,2865.0,2470.0,2595.0,4805738,0.0,0.0
2020-09-22 00:00:00+09:00,2555.0,2610.0,2455.0,2470.0,741300,0.0,0.0
2020-09-23 00:00:00+09:00,2470.0,2515.0,2400.0,2400.0,404663,0.0,0.0
2020-09-24 00:00:00+09:00,2360.0,2375.0,2300.0,2305.0,308258,0.0,0.0
2020-09-25 00:00:00+09:00,2375.0,2555.0,2320.0,2400.0,645917,0.0,0.0
2020-09-28 00:00:00+09:00,2430.0,2570.0,2410.0,2545.0,510342,0.0,0.0
2020-09-29 00:00:00+09:00,2595.0,2595.0,2475.0,2535.0,259393,0.0,0.0
2020-10-05 00:00:00+09:00,2530.0,2600.0,2460.0,2550.0,483407,0.0,0.0
2020-10-06 00:00:00+09:00,2585.0,2590.0,2500.0,2540.0,386419,0.0,0.0
2020-10-07 00:00:00+09:00,2535.0,2555.0,2500.0,2540.0,207427,0.0,0.0
2020-10-08 00:00:00+09:00,2585.0,2600.0,2395.0,2550.0,269861,0.0,0.0
2020-10-12 00:00:00+09:00,2595.0,2620.0,2540.0,2610.0,659136,0.0,0.0
2020-10-13 00:00:00+09:00,2730.0,3390.0,2710.0,3390.0,14625040,0.0,0.0
2020-10-14 00:00:00+09:00,3625.0,3720.0,3295.0,3425.0,21665280,0.0,0.0
2020-10-15 00:00:00+09:00,3380.0,3425.0,3090.0,3150.0,5275877,0.0,0.0
2020-10-16 00:00:00+09:00,3225.0,3400.0,2860.0,2930.0,10999140,0.0,0.0
2020-10-19 00:00:00+09:00,3050.0,3110.0,2920.0,2935.0,3257468,0.0,0.0
2020-10-20 00:00:00+09:00,2865.0,2935.0,2750.0,2870.0,1344929,0.0,0.0
2020-10-21 00:00:00+09:00,2850.0,2895.0,2755.0,2770.0,889205,0.0,0.0
2020-10-22 00:00:00+09:00,2710.0,2935.0,2675.0,2800.0,2058431,0.0,0.0
2020-10-23 00:00:00+09:00,2800.0,3145.0,2725.0,2870.0,6410656,0.0,0.0
2020-10-26 00:00:00+09:00,2800.0,2825.0,2605.0,2615.0,1151953,0.0,0.0
2020-10-27 00:00:00+09:00,2635.0,3065.0,2600.0,2745.0,16247140,0.0,0.0
2020-10-28 00:00:00+09:00,2780.0,2980.0,2755.0,2950.0,5423658,0.0,0.0
2020-10-29 00:00:00+09:00,2855.0,3030.0,2820.0,2980.0,2680116,0.0,0.0
2020-10-30 00:00:00+09:00,2935.0,3070.0,2875.0,2985.0,3779039,0.0,0.0
2020-11-02 00:00:00+09:00,2985.0,3140.0,2980.0,2985.0,3271335,0.0,0.0
2020-11-03 00:00:00+09:00,3025.0,3160.0,2995.0,3075.0,3467999,0.0,0.0
2020-11-04 00:00:00+09:00,3075.0,3115.0,2900.0,2945.0,1764824,0.0,0.0
2020-11-05 00:00:00+09:00,2965.0,3050.0,2960.0,2970.0,883486,0.0,0.0
2020-11-06 00:00:00+09:00,2970.0,3045.0,2885.0,2920.0,784172,0.0,0.0
2020-11-09 00:00:00+09:00,3080.0,3245.0,3025.0,3215.0,4701412,0.0,0.0
2020-11-10 00:00:00+09:00,3220.0,3375.0,3135.0,3325.0,4433248,0.0,0.0
2020-11-11 00:00:00+09:00,3265.0,3365.0,3055.0,3150.0,2893908,0.0,0.0
2020-11-12 00:00:00+09:00,3260.0,3710.0,3150.0,3160.0,22041180,0.0,0.0
2020-11-13 00:00:00+09:00,3135.0,3195.0,3000.0,3020.0,2104208,0.0,0.0
2020-11-16 00:00:00+09:00,3070.0,3115.0,2995.0,3000.0,941617,0.0,0.0
2020-11-17 00:00:00+09:00,2990.0,2990.0,2865.0,2900.0,859954,0.0,0.0
2020-11-18 00:00:00+09:00,2920.0,2950.0,2865.0,2915.0,447727,0.0,0.0
2020-11-19 00:00:00+09:00,2910.0,2995.0,2865.0,2965.0,442471,0.0,0.0
2020-11-20 00:00:00+09:00,2965.0,3030.0,2955.0,3000.0,652930,0.0,0.0
2020-11-23 00:00:00+09:00,3000.0,3030.0,2970.0,2985.0,355757,0.0,0.0
2020-11-24 00:00:00+09:00,3040.0,3090.0,3000.0,3050.0,754875,0.0,0.0
2020-11-25 00:00:00+09:00,3080.0,3095.0,2900.0,2960.0,592517,0.0,0.0
2020-11-26 00:00:00+09:00,2930.0,3050.0,2860.0,2930.0,415136,0.0,0.0
2020-11-27 00:00:00+09:00,2980.0,2990.0,2910.0,2935.0,280382,0.0,0.0
2020-11-30 00:00:00+09:00,2920.0,2920.0,2845.0,2855.0,501637,0.0,0.0
2020-12-01 00:00:00+09:00,2860.0,2955.0,2845.0,2945.0,400146,0.0,0.0
2020-12-02 00:00:00+09:00,2945.0,2945.0,2895.0,2910.0,245550,0.0,0.0
2020-12-03 00:00:00+09:00,2905.0,2930.0,2840.0,2865.0,334685,0.0,0.0
2020-12-04 00:00:00+09:00,2850.0,2895.0,2820.0,2870.0,247609,0.0,0.0
2020-12-07 00:00:00+09:00,2850.0,2885.0,2815.0,2825.0,254137,0.0,0.0
2020-12-08 00:00:00+09:00,2810.0,2810.0,2710.0,2740.0,471978,0.0,0.0
2020-12-09 00:00:00+09:00,2750.0,2785.0,2730.0,2730.0,207298,0.0,0.0
2020-12-10 00:00:00+09:00,2765.0,2800.0,2710.0,2720.0,242375,0.0,0.0
2020-12-11 00:00:00+09:00,2720.0,2785.0,2720.0,2735.0,177595,0.0,0.0
2020-12-14 00:00:00+09:00,2735.0,2745.0,2685.0,2695.0,227239,0.0,0.0
2020-12-15 00:00:00+09:00,2720.0,2720.0,2630.0,2650.0,260359,0.0,0.0
2020-12-16 00:00:00+09:00,2650.0,2760.0,2650.0,2740.0,190138,0.0,0.0
2020-12-17 00:00:00+09:00,2750.0,2750.0,2695.0,2700.0,163289,0.0,0.0
2020-12-18 00:00:00+09:00,2700.0,2755.0,2700.0,2710.0,117257,0.0,0.0
2020-12-21 00:00:00+09:00,2795.0,2865.0,2750.0,2830.0,880134,0.0,0.0
2020-12-22 00:00:00+09:00,2835.0,2900.0,2770.0,2820.0,984633,0.0,0.0
2020-12-23 00:00:00+09:00,2840.0,3050.0,2765.0,3050.0,2613630,0.0,0.0
2020-12-24 00:00:00+09:00,3030.0,3030.0,2855.0,2890.0,1287509,0.0,0.0
2020-12-28 00:00:00+09:00,2850.0,2945.0,2765.0,2845.0,888482,0.0,0.0
2020-12-29 00:00:00+09:00,2845.0,2940.0,2825.0,2885.0,617079,0.0,0.0
2020-12-30 00:00:00+09:00,2875.0,2900.0,2830.0,2890.0,409814,0.0,0.0
2021-01-04 00:00:00+09:00,2920.0,2990.0,2865.0,2930.0,685736,0.0,0.0
2021-01-05 00:00:00+09:00,2930.0,2950.0,2870.0,2895.0,338881,0.0,0.0
2021-01-06 00:00:00+09:00,2895.0,2915.0,2870.0,2875.0,242681,0.0,0.0
2021-01-07 00:00:00+09:00,2885.0,2920.0,2870.0,2870.0,324617,0.0,0.0
2021-01-08 00:00:00+09:00,2890.0,2955.0,2820.0,2870.0,517706,0.0,0.0
2021-01-11 00:00:00+09:00,2900.0,2920.0,2800.0,2875.0,575774,0.0,0.0
2021-01-12 00:00:00+09:00,2850.0,2995.0,2820.0,2925.0,1046320,0.0,0.0
2021-01-13 00:00:00+09:00,2970.0,3085.0,2950.0,3030.0,1701130,0.0,0.0
2021-01-14 00:00:00+09:00,3040.0,3140.0,3010.0,3075.0,1344248,0.0,0.0
2021-01-15 00:00:00+09:00,3130.0,3145.0,2975.0,2975.0,785059,0.0,0.0
2021-01-18 00:00:00+09:00,2975.0,3120.0,2925.0,3015.0,1196383,0.0,0.0
2021-01-19 00:00:00+09:00,3075.0,3380.0,3040.0,3190.0,6213605,0.0,0.0
2021-01-20 00:00:00+09:00,3240.0,3355.0,3155.0,3330.0,2464635,0.0,0.0
2021-01-21 00:00:00+09:00,3340.0,3455.0,3255.0,3345.0,1888813,0.0,0.0
2021-01-22 00:00:00+09:00,3300.0,4345.0,3245.0,4065.0,35618860,0.0,0.0
2021-01-25 00:00:00+09:00,4025.0,4490.0,3920.0,4170.0,17830090,0.0,0.0
2021-01-26 00:00:00+09:00,4120.0,4345.0,4005.0,4275.0,6726686,0.0,0.0
2021-01-27 00:00:00+09:00,4230.0,4350.0,4150.0,4305.0,2653951,0.0,0.0
2021-01-28 00:00:00+09:00,4210.0,4620.0,4005.0,4100.0,7151082,0.0,0.0
2021-01-29 00:00:00+09:00,4295.0,4400.0,3825.0,4030.0,2667029,0.0,0.0
2021-02-01 00:00:00+09:00,3940.0,4325.0,3930.0,4300.0,2115185,0.0,0.0
2021-02-02 00:00:00+09:00,4310.0,4460.0,4205.0,4420.0,2966979,0.0,0.0
2021-02-03 00:00:00+09:00,4425.0,4540.0,4320.0,4445.0,1908475,0.0,0.0
2021-02-04 00:00:00+09:00,4450.0,4650.0,4330.0,4650.0,2970810,0.0,0.0
2021-02-05 00:00:00+09:00,4635.0,4635.0,4445.0,4565.0,1293526,0.0,0.0
2021-02-08 00:00:00+09:00,4480.0,4555.0,4050.0,4485.0,1366770,0.0,0.0
2021-02-09 00:00:00+09:00,4500.0,4580.0,4350.0,4510.0,1343275,0.0,0.0
2021-02-10 00:00:00+09:00,4515.0,4635.0,4360.0,4395.0,1301043,0.0,0.0
2021-02-15 00:00:00+09:00,4385.0,4425.0,4220.0,4280.0,931576,0.0,0.0
2021-02-16 00:00:00+09:00,4255.0,4285.0,4155.0,4270.0,703645,0.0,0.0
2021-02-17 00:00:00+09:00,4260.0,4435.0,4145.0,4385.0,1327550,0.0,0.0
2021-02-18 00:00:00+09:00,4500.0,4790.0,4370.0,4400.0,2397957,0.0,0.0
2021-02-19 00:00:00+09:00,4400.0,4400.0,4200.0,4315.0,600765,0.0,0.0
2021-02-22 00:00:00+09:00,4395.0,4470.0,4150.0,4320.0,640995,0.0,0.0
2021-02-23 00:00:00+09:00,4315.0,4315.0,4155.0,4180.0,510164,0.0,0.0
2021-02-24 00:00:00+09:00,4200.0,5430.0,4155.0,4555.0,29928280,0.0,0.0
2021-02-25 00:00:00+09:00,4700.0,4720.0,4325.0,4390.0,6045686,0.0,0.0
2021-02-26 00:00:00+09:00,4200.0,4355.0,4160.0,4300.0,1765637,0.0,0.0
2021-03-02 00:00:00+09:00,4380.0,4420.0,4100.0,4100.0,1409692,0.0,0.0
2021-03-03 00:00:00+09:00,4100.0,4190.0,4035.0,4110.0,486661,0.0,0.0
2021-03-04 00:00:00+09:00,4055.0,4150.0,3895.0,4125.0,757141,0.0,0.0
2021-03-05 00:00:00+09:00,4005.0,4560.0,4000.0,4225.0,3367473,0.0,0.0
2021-03-08 00:00:00+09:00,4220.0,4225.0,4065.0,4065.0,476539,0.0,0.0
2021-03-09 00:00:00+09:00,4060.0,4060.0,3750.0,3825.0,816412,0.0,0.0
2021-03-10 00:00:00+09:00,4535.0,4600.0,3835.0,3835.0,8133369,0.0,0.0
2021-03-11 00:00:00+09:00,3835.0,3880.0,3670.0,3765.0,1168731,0.0,0.0
2021-03-12 00:00:00+09:00,3785.0,3910.0,3780.0,3845.0,776776,0.0,0.0
2021-03-15 00:00:00+09:00,3850.0,4200.0,3850.0,4070.0,1546529,0.0,0.0
2021-03-16 00:00:00+09:00,4070.0,4145.0,4020.0,4060.0,511543,0.0,0.0
2021-03-17 00:00:00+09:00,4050.0,4120.0,4045.0,4080.0,352249,0.0,0.0
2021-03-18 00:00:00+09:00,4145.0,4145.0,4060.0,4090.0,347442,0.0,0.0
2021-03-19 00:00:00+09:00,4045.0,4215.0,4005.0,4180.0,674338,0.0,0.0
2021-03-22 00:00:00+09:00,4180.0,4200.0,4070.0,4095.0,458802,0.0,0.0
2021-03-23 00:00:00+09:00,4155.0,4155.0,4000.0,4020.0,375900,0.0,0.0
2021-03-24 00:00:00+09:00,4025.0,4250.0,3910.0,4030.0,953357,0.0,0.0
2021-03-25 00:00:00+09:00,4035.0,4135.0,4010.0,4040.0,346230,0.0,0.0
2021-03-26 00:00:00+09:00,4055.0,4080.0,3990.0,3995.0,285800,0.0,0.0
2021-03-29 00:00:00+09:00,4005.0,4110.0,3985.0,4005.0,318086,0.0,0.0
2021-03-30 00:00:00+09:00,4005.0,4150.0,3985.0,4090.0,510797,0.0,0.0
2021-03-31 00:00:00+09:00,4090.0,4300.0,4050.0,4120.0,1563197,0.0,0.0
2021-04-01 00:00:00+09:00,4120.0,4155.0,4025.0,4110.0,614222,0.0,0.0
2021-04-02 00:00:00+09:00,4100.0,4160.0,4045.0,4085.0,342346,0.0,0.0
2021-04-05 00:00:00+09:00,4130.0,4295.0,4090.0,4280.0,1423484,0.0,0.0
2021-04-06 00:00:00+09:00,4280.0,4400.0,4225.0,4305.0,1370683,0.0,0.0
2021-04-07 00:00:00+09:00,4350.0,4360.0,4210.0,4215.0,510535,0.0,0.0
2021-04-08 00:00:00+09:00,4240.0,4275.0,4205.0,4245.0,339453,0.0,0.0
2021-04-09 00:00:00+09:00,4320.0,4465.0,4245.0,4460.0,2395280,0.0,0.0
2021-04-12 00:00:00+09:00,4460.0,4460.0,4305.0,4370.0,772296,0.0,0.0
2021-04-13 00:00:00+09:00,4335.0,4490.0,4295.0,4325.0,945588,0.0,0.0
2021-04-14 00:00:00+09:00,4330.0,4330.0,4255.0,4280.0,309291,0.0,0.0
2021-04-15 00:00:00+09:00,4270.0,4290.0,4195.0,4220.0,313880,0.0,0.0
2021-04-16 00:00:00+09:00,4230.0,4305.0,4230.0,4285.0,313242,0.0,0.0
2021-04-19 00:00:00+09:00,4285.0,4385.0,4275.0,4365.0,527722,0.0,0.0
2021-04-20 00:00:00+09:00,4390.0,4415.0,4310.0,4345.0,287704,0.0,0.0
2021-04-21 00:00:00+09:00,4310.0,4385.0,4215.0,4230.0,318876,0.0,0.0
2021-04-22 00:00:00+09:00,4240.0,4285.0,4155.0,4155.0,342295,0.0,0.0
2021-04-23 00:00:00+09:00,4195.0,4195.0,4045.0,4095.0,348331,0.0,0.0
2021-04-26 00:00:00+09:00,4200.0,4275.0,4160.0,4220.0,565274,0.0,0.0
2021-04-27 00:00:00+09:00,4160.0,4275.0,4130.0,4170.0,305124,0.0,0.0
2021-04-28 00:00:00+09:00,4165.0,4165.0,3950.0,4080.0,475826,0.0,0.0
2021-04-29 00:00:00+09:00,4080.0,4080.0,3985.0,4020.0,245227,0.0,0.0
2021-04-30 00:00:00+09:00,4025.0,4075.0,3965.0,3970.0,229982,0.0,0.0
2021-05-03 00:00:00+09:00,3970.0,3990.0,3815.0,3845.0,262233,0.0,0.0
2021-05-04 00:00:00+09:00,3895.0,3895.0,3765.0,3860.0,163223,0.0,0.0
2021-05-06 00:00:00+09:00,4135.0,4210.0,3980.0,4070.0,1250120,0.0,0.0
2021-05-07 00:00:00+09:00,4285.0,4285.0,4005.0,4005.0,675432,0.0,0.0
2021-05-10 00:00:00+09:00,4010.0,4060.0,3970.0,3995.0,181018,0.0,0.0
2021-05-11 00:00:00+09:00,3940.0,4000.0,3915.0,3955.0,212132,0.0,0.0
2021-05-12 00:00:00+09:00,3940.0,3960.0,3875.0,3900.0,227049,0.0,0.0
2021-05-13 00:00:00+09:00,3720.0,4040.0,3720.0,3890.0,405037,0.0,0.0
2021-05-14 00:00:00+09:00,3995.0,3995.0,3830.0,3880.0,265251,0.0,0.0
2021-05-17 00:00:00+09:00,3850.0,4290.0,3825.0,3885.0,1928210,0.0,0.0
2021-05-18 00:00:00+09:00,3885.0,3980.0,3875.0,3895.0,251207,0.0,0.0
2021-05-20 00:00:00+09:00,3925.0,3925.0,3860.0,3875.0,139401,0.0,0.0
2021-05-21 00:00:00+09:00,3875.0,3915.0,3855.0,3855.0,166275,0.0,0.0
2021-05-24 00:00:00+09:00,3855.0,3875.0,3770.0,3770.0,189147,0.0,0.0
2021-05-25 00:00:00+09:00,3770.0,3910.0,3700.0,3775.0,310915,0.0,0.0
2021-05-26 00:00:00+09:00,3775.0,3820.0,3760.0,3810.0,100028,0.0,0.0
2021-05-27 00:00:00+09:00,3760.0,3820.0,3755.0,3785.0,114722,0.0,0.0
2021-05-28 00:00:00+09:00,3785.0,3825.0,3785.0,3800.0,104226,0.0,0.0
2021-05-31 00:00:00+09:00,3800.0,3860.0,3800.0,3840.0,125177,0.0,0.0
2021-06-01 00:00:00+09:00,3840.0,3950.0,3835.0,3885.0,163590,0.0,0.0
2021-06-02 00:00:00+09:00,3965.0,3965.0,3850.0,3885.0,296090,0.0,0.0
2021-06-03 00:00:00+09:00,3890.0,3935.0,3875.0,3905.0,174323,0.0,0.0
2021-06-04 00:00:00+09:00,3905.0,3915.0,3845.0,3885.0,228772,0.0,0.0
2021-06-07 00:00:00+09:00,3910.0,3955.0,3840.0,3885.0,329465,0.0,0.0
2021-06-08 00:00:00+09:00,3885.0,3885.0,3760.0,3815.0,384872,0.0,0.0
2021-06-09 00:00:00+09:00,3810.0,3810.0,3485.0,3510.0,2992337,0.0,0.0
2021-06-10 00:00:00+09:00,3575.0,3605.0,3500.0,3515.0,682232,0.0,0.0
2021-06-11 00:00:00+09:00,3550.0,3550.0,3440.0,3500.0,349618,0.0,0.0
2021-06-14 00:00:00+09:00,3495.0,3535.0,3405.0,3405.0,412255,0.0,0.0
2021-06-15 00:00:00+09:00,3445.0,3695.0,3415.0,3560.0,3680239,0.0,0.0
2021-06-16 00:00:00+09:00,3510.0,3615.0,3480.0,3535.0,599072,0.0,0.0
2021-06-17 00:00:00+09:00,3535.0,3540.0,3475.0,3480.0,332006,0.0,0.0
2021-06-18 00:00:00+09:00,3495.0,3540.0,3450.0,3480.0,500862,0.0,0.0
2021-06-21 00:00:00+09:00,3470.0,3525.0,3400.0,3415.0,313632,0.0,0.0
2021-06-22 00:00:00+09:00,3425.0,3535.0,3425.0,3470.0,360357,0.0,0.0
2021-06-23 00:00:00+09:00,3500.0,3510.0,3420.0,3425.0,225848,0.0,0.0
2021-06-24 00:00:00+09:00,3455.0,3460.0,3400.0,3420.0,192074,0.0,0.0
2021-06-25 00:00:00+09:00,3420.0,3455.0,3400.0,3420.0,156695,0.0,0.0
2021-06-28 00:00:00+09:00,3420.0,3420.0,3350.0,3355.0,236663,0.0,0.0
2021-06-29 00:00:00+09:00,3355.0,3355.0,3275.0,3340.0,283196,0.0,0.0
2021-06-30 00:00:00+09:00,3370.0,3395.0,3305.0,3385.0,238232,0.0,0.0
2021-07-01 00:00:00+09:00,3455.0,3455.0,3355.0,3385.0,197712,0.0,0.0
2021-07-02 00:00:00+09:00,3370.0,3400.0,3355.0,3365.0,114885,0.0,0.0
2021-07-05 00:00:00+09:00,3355.0,3395.0,3315.0,3320.0,172170,0.0,0.0
2021-07-06 00:00:00+09:00,3300.0,3315.0,3220.0,3280.0,307061,0.0,0.0
2021-07-07 00:00:00+09:00,3275.0,3385.0,3225.0,3285.0,244133,0.0,0.0
2021-07-08 00:00:00+09:00,3285.0,3335.0,3235.0,3250.0,179295,0.0,0.0
2021-07-09 00:00:00+09:00,3195.0,3240.0,3105.0,3140.0,281519,0.0,0.0
2021-07-12 00:00:00+09:00,3140.0,3580.0,3140.0,3380.0,1380978,0.0,0.0
2021-07-13 00:00:00+09:00,3355.0,3450.0,3310.0,3425.0,360775,0.0,0.0
2021-07-14 00:00:00+09:00,3415.0,3430.0,3350.0,3385.0,208894,0.0,0.0
2021-07-15 00:00:00+09:00,3390.0,3530.0,3390.0,3475.0,409324,0.0,0.0
2021-07-16 00:00:00+09:00,3470.0,3525.0,3410.0,3510.0,261386,0.0,0.0
2021-07-19 00:00:00+09:00,3530.0,3545.0,3415.0,3485.0,190803,0.0,0.0
2021-07-20 00:00:00+09:00,3455.0,3575.0,3385.0,3460.0,418848,0.0,0.0
2021-07-21 00:00:00+09:00,3500.0,3570.0,3445.0,3450.0,296334,0.0,0.0
2021-07-22 00:00:00+09:00,3465.0,3550.0,3440.0,3485.0,458181,0.0,0.0
2021-07-23 00:00:00+09:00,3485.0,3515.0,3430.0,3445.0,165432,0.0,0.0
2021-07-26 00:00:00+09:00,3450.0,3480.0,3355.0,3360.0,160976,0.0,0.0
2021-07-27 00:00:00+09:00,3340.0,3395.0,3335.0,3375.0,135924,0.0,0.0
2021-07-28 00:00:00+09:00,3355.0,3415.0,3250.0,3310.0,162867,0.0,0.0
2021-07-29 00:00:00+09:00,3305.0,3350.0,3255.0,3275.0,84768,0.0,0.0
2021-07-30 00:00:00+09:00,3275.0,3285.0,3195.0,3230.0,110336,0.0,0.0
2021-08-02 00:00:00+09:00,3220.0,3240.0,3140.0,3190.0,149930,0.0,0.0
2021-08-03 00:00:00+09:00,3200.0,3240.0,3150.0,3195.0,85781,0.0,0.0
2021-08-04 00:00:00+09:00,3195.0,3330.0,3165.0,3200.0,200508,0.0,0.0
2021-08-05 00:00:00+09:00,3205.0,3350.0,3205.0,3325.0,94609,0.0,0.0
2021-08-06 00:00:00+09:00,3365.0,3365.0,3260.0,3300.0,100733,0.0,0.0
2021-08-09 00:00:00+09:00,3240.0,3315.0,3220.0,3230.0,97022,0.0,0.0
2021-08-10 00:00:00+09:00,3225.0,3350.0,3150.0,3155.0,171106,0.0,0.0
2021-08-11 00:00:00+09:00,3155.0,3200.0,3120.0,3140.0,106827,0.0,0.0
2021-08-12 00:00:00+09:00,3160.0,3175.0,3100.0,3120.0,88513,0.0,0.0
2021-08-13 00:00:00+09:00,3110.0,3150.0,3000.0,3095.0,208984,0.0,0.0
2021-08-17 00:00:00+09:00,3110.0,3205.0,3010.0,3025.0,212773,0.0,0.0
2021-08-18 00:00:00+09:00,2985.0,3145.0,2985.0,3080.0,237817,0.0,0.0
2021-08-19 00:00:00+09:00,3080.0,3080.0,2845.0,2850.0,266978,0.0,0.0
2021-08-20 00:00:00+09:00,2860.0,2970.0,2750.0,2755.0,248145,0.0,0.0
2021-08-23 00:00:00+09:00,2745.0,2895.0,2630.0,2865.0,331011,0.0,0.0
2021-08-24 00:00:00+09:00,2855.0,3000.0,2855.0,2955.0,145068,0.0,0.0
2021-08-25 00:00:00+09:00,3000.0,3090.0,2945.0,3005.0,93060,0.0,0.0
2021-08-26 00:00:00+09:00,3005.0,3035.0,2910.0,2955.0,111506,0.0,0.0
2021-08-27 00:00:00+09:00,2960.0,3000.0,2805.0,2965.0,129349,0.0,0.0
2021-08-30 00:00:00+09:00,3005.0,3145.0,3000.0,3145.0,286205,0.0,0.0
2021-08-31 00:00:00+09:00,3105.0,3415.0,3105.0,3315.0,846234,0.0,0.0
2021-09-01 00:00:00+09:00,3315.0,3430.0,3290.0,3395.0,332346,0.0,0.0
2021-09-02 00:00:00+09:00,3400.0,3410.0,3295.0,3350.0,225866,0.0,0.0
2021-09-03 00:00:00+09:00,3350.0,3360.0,3235.0,3250.0,260161,0.0,0.0
2021-09-06 00:00:00+09:00,3270.0,3280.0,3125.0,3205.0,313188,0.0,0.0
2021-09-07 00:00:00+09:00,3175.0,3235.0,3100.0,3230.0,273550,0.0,0.0
2021-09-08 00:00:00+09:00,3190.0,3240.0,3095.0,3210.0,172042,0.0,0.0
2021-09-09 00:00:00+09:00,3170.0,3170.0,3080.0,3170.0,153921,0.0,0.0
2021-09-10 00:00:00+09:00,3140.0,3165.0,3000.0,3065.0,394742,0.0,0.0
2021-09-13 00:00:00+09:00,3065.0,3065.0,2830.0,2950.0,145825,0.0,0.0
2021-09-14 00:00:00+09:00,2935.0,2990.0,2895.0,2955.0,149738,0.0,0.0
2021-09-15 00:00:00+09:00,2925.0,2955.0,2900.0,2915.0,152190,0.0,0.0
2021-09-16 00:00:00+09:00,2890.0,2940.0,2875.0,2880.0,111913,0.0,0.0
2021-09-17 00:00:00+09:00,2910.0,2930.0,2850.0,2910.0,80530,0.0,0.0
2021-09-23 00:00:00+09:00,2835.0,2900.0,2835.0,2895.0,81329,0.0,0.0
2021-09-24 00:00:00+09:00,2850.0,2925.0,2850.0,2895.0,82469,0.0,0.0
2021-09-27 00:00:00+09:00,2895.0,2900.0,2855.0,2875.0,80910,0.0,0.0
2021-09-28 00:00:00+09:00,2920.0,2920.0,2760.0,2780.0,148576,0.0,0.0
2021-09-29 00:00:00+09:00,2745.0,2775.0,2695.0,2720.0,153821,0.0,0.0
2021-09-30 00:00:00+09:00,2720.0,2795.0,2710.0,2770.0,92346,0.0,0.0
2021-10-01 00:00:00+09:00,2770.0,3000.0,2680.0,2715.0,177428,0.0,0.0
2021-10-05 00:00:00+09:00,2715.0,2720.0,2550.0,2560.0,137780,0.0,0.0
2021-10-06 00:00:00+09:00,2565.0,2605.0,2450.0,2450.0,120133,0.0,0.0
2021-10-07 00:00:00+09:00,2500.0,2680.0,2500.0,2680.0,206614,0.0,0.0
2021-10-08 00:00:00+09:00,2680.0,2860.0,2670.0,2850.0,266752,0.0,0.0
2021-10-12 00:00:00+09:00,2845.0,2950.0,2770.0,2930.0,213312,0.0,0.0
2021-10-13 00:00:00+09:00,2930.0,2985.0,2910.0,2935.0,106817,0.0,0.0
2021-10-14 00:00:00+09:00,2965.0,3000.0,2925.0,2950.0,128233,0.0,0.0
2021-10-15 00:00:00+09:00,2950.0,3060.0,2935.0,3045.0,208408,0.0,0.0
2021-10-18 00:00:00+09:00,3030.0,3050.0,2985.0,3040.0,78473,0.0,0.0
2021-10-19 00:00:00+09:00,3070.0,3185.0,2940.0,3090.0,307704,0.0,0.0
2021-10-20 00:00:00+09:00,3090.0,3280.0,3025.0,3130.0,422452,0.0,0.0
2021-10-21 00:00:00+09:00,3065.0,3135.0,3045.0,3090.0,189318,0.0,0.0
2021-10-22 00:00:00+09:00,3080.0,3140.0,2985.0,3050.0,217439,0.0,0.0
2021-10-25 00:00:00+09:00,3050.0,3055.0,2945.0,3030.0,123360,0.0,0.0
2021-10-26 00:00:00+09:00,3010.0,3090.0,2995.0,3030.0,105858,0.0,0.0
2021-10-27 00:00:00+09:00,3060.0,3225.0,2955.0,3060.0,567857,0.0,0.0
2021-10-28 00:00:00+09:00,3080.0,3080.0,3010.0,3010.0,134822,0.0,0.0
2021-10-29 00:00:00+09:00,3015.0,3100.0,3015.0,3050.0,115411,0.0,0.0
2021-11-01 00:00:00+09:00,3000.0,3050.0,2930.0,2930.0,193805,0.0,0.0
2021-11-02 00:00:00+09:00,2940.0,2990.0,2745.0,2990.0,165729,0.0,0.0
2021-11-03 00:00:00+09:00,2980.0,3215.0,2980.0,3190.0,898389,0.0,0.0
2021-11-04 00:00:00+09:00,3195.0,3270.0,3155.0,3240.0,473072,0.0,0.0
2021-11-05 00:00:00+09:00,3270.0,3695.0,3120.0,3125.0,4480595,0.0,0.0
2021-11-08 00:00:00+09:00,3125.0,3510.0,3125.0,3485.0,1887265,0.0,0.0
2021-11-09 00:00:00+09:00,3485.0,3625.0,3355.0,3580.0,1499104,0.0,0.0
2021-11-10 00:00:00+09:00,3530.0,4435.0,3525.0,4280.0,12553520,0.0,0.0
2021-11-11 00:00:00+09:00,4350.0,5480.0,4235.0,5300.0,15963490,0.0,0.0
2021-11-12 00:00:00+09:00,5580.0,5600.0,4530.0,4970.0,5736149,0.0,0.0
2021-11-15 00:00:00+09:00,5000.0,5050.0,4055.0,4420.0,6279506,0.0,0.0
2021-11-16 00:00:00+09:00,4495.0,4940.0,4430.0,4610.0,4537102,0.0,0.0
2021-11-17 00:00:00+09:00,4545.0,4550.0,4160.0,4430.0,2015217,0.0,0.0
2021-11-18 00:00:00+09:00,4365.0,4700.0,4195.0,4685.0,1756236,0.0,0.0
2021-11-19 00:00:00+09:00,4575.0,4880.0,4570.0,4690.0,1448016,0.0,0.0
2021-11-22 00:00:00+09:00,4625.0,4965.0,4625.0,4785.0,2258333,0.0,0.0
2021-11-23 00:00:00+09:00,4900.0,5280.0,4335.0,4395.0,3484509,0.0,0.0
2021-11-24 00:00:00+09:00,4400.0,4400.0,4055.0,4370.0,1446534,0.0,0.0
2021-11-25 00:00:00+09:00,4400.0,4620.0,4310.0,4440.0,1907880,0.0,0.0
2021-11-26 00:00:00+09:00,4440.0,4460.0,4210.0,4230.0,759820,0.0,0.0
2021-11-29 00:00:00+09:00,3985.0,4330.0,3910.0,4160.0,641845,0.0,0.0
2021-11-30 00:00:00+09:00,4135.0,4300.0,4010.0,4030.0,609576,0.0,0.0
2021-12-01 00:00:00+09:00,4030.0,4265.0,3930.0,4240.0,697685,0.0,0.0
2021-12-02 00:00:00+09:00,4150.0,4255.0,4000.0,4025.0,500724,0.0,0.0
2021-12-03 00:00:00+09:00,4085.0,4240.0,4065.0,4225.0,370972,0.0,0.0
2021-12-06 00:00:00+09:00,4260.0,4385.0,4160.0,4325.0,515490,0.0,0.0
2021-12-07 00:00:00+09:00,4330.0,4335.0,4090.0,4150.0,584275,0.0,0.0
2021-12-08 00:00:00+09:00,4130.0,4250.0,4100.0,4170.0,361890,0.0,0.0
2021-12-09 00:00:00+09:00,4190.0,4220.0,4140.0,4195.0,307320,0.0,0.0
2021-12-10 00:00:00+09:00,4150.0,4180.0,4050.0,4075.0,386643,0.0,0.0
2021-12-13 00:00:00+09:00,4075.0,4150.0,4000.0,4050.0,197949,0.0,0.0
2021-12-14 00:00:00+09:00,4080.0,4215.0,4010.0,4100.0,388548,0.0,0.0
2021-12-15 00:00:00+09:00,4100.0,4110.0,3815.0,4000.0,848246,0.0,0.0
2021-12-16 00:00:00+09:00,4005.0,4265.0,3900.0,4005.0,1532275,0.0,0.0
2021-12-17 00:00:00+09:00,4005.0,4055.0,3910.0,4020.0,306494,0.0,0.0
2021-12-20 00:00:00+09:00,4015.0,4020.0,3905.0,3915.0,223000,0.0,0.0
2021-12-21 00:00:00+09:00,3890.0,4110.0,3860.0,3930.0,200043,0.0,0.0
2021-12-22 00:00:00+09:00,3990.0,4000.0,3910.0,3915.0,136213,0.0,0.0
2021-12-23 00:00:00+09:00,3905.0,4000.0,3895.0,3905.0,263777,0.0,0.0
2021-12-24 00:00:00+09:00,3915.0,4090.0,3915.0,4020.0,294191,0.0,0.0
2021-12-27 00:00:00+09:00,4070.0,4070.0,3950.0,3950.0,337191,0.0,0.0
2021-12-28 00:00:00+09:00,3950.0,4025.0,3925.0,3945.0,263527,0.0,0.0
2021-12-29 00:00:00+09:00,3960.0,4130.0,3930.0,4120.0,442974,0.0,0.0
2021-12-30 00:00:00+09:00,4135.0,4140.0,4030.0,4060.0,299088,0.0,0.0
2022-01-04 00:00:00+09:00,3995.0,4065.0,3990.0,4005.0,249426,0.0,0.0
2022-01-05 00:00:00+09:00,4005.0,4005.0,3750.0,3805.0,560544,0.0,0.0
2022-01-06 00:00:00+09:00,3760.0,3805.0,3635.0,3685.0,284283,0.0,0.0
2022-01-07 00:00:00+09:00,3700.0,3880.0,3695.0,3775.0,301486,0.0,0.0
2022-01-10 00:00:00+09:00,3855.0,4175.0,3835.0,3960.0,1687845,0.0,0.0
2022-01-11 00:00:00+09:00,3955.0,3955.0,3680.0,3705.0,610080,0.0,0.0
2022-01-12 00:00:00+09:00,3705.0,3785.0,3670.0,3745.0,199329,0.0,0.0
2022-01-13 00:00:00+09:00,3800.0,3805.0,3695.0,3785.0,212387,0.0,0.0
2022-01-14 00:00:00+09:00,3765.0,3775.0,3650.0,3670.0,260346,0.0,0.0
2022-01-17 00:00:00+09:00,3670.0,3680.0,3440.0,3460.0,328868,0.0,0.0
2022-01-18 00:00:00+09:00,3460.0,3565.0,3315.0,3340.0,204298,0.0,0.0
2022-01-19 00:00:00+09:00,3345.0,3475.0,3255.0,3420.0,207564,0.0,0.0
2022-01-20 00:00:00+09:00,3365.0,4135.0,3365.0,3680.0,10097590,0.0,0.0
2022-01-21 00:00:00+09:00,3650.0,3670.0,3500.0,3575.0,1501271,0.0,0.0
2022-01-24 00:00:00+09:00,3515.0,3595.0,3355.0,3515.0,2322714,0.0,0.0
2022-01-25 00:00:00+09:00,3560.0,3595.0,3205.0,3420.0,975643,0.0,0.0
2022-01-26 00:00:00+09:00,3390.0,3725.0,3310.0,3470.0,1951365,0.0,0.0
2022-01-27 00:00:00+09:00,3455.0,3460.0,3320.0,3440.0,518470,0.0,0.0
2022-01-28 00:00:00+09:00,3435.0,3510.0,3290.0,3415.0,601886,0.0,0.0
2022-02-03 00:00:00+09:00,3450.0,3455.0,3345.0,3380.0,434302,0.0,0.0
2022-02-04 00:00:00+09:00,3365.0,3600.0,3320.0,3395.0,1169635,0.0,0.0
2022-02-07 00:00:00+09:00,3405.0,3540.0,3355.0,3455.0,544577,0.0,0.0
2022-02-08 00:00:00+09:00,3600.0,3935.0,3510.0,3615.0,4252562,0.0,0.0
2022-02-09 00:00:00+09:00,3590.0,3665.0,3565.0,3660.0,620559,0.0,0.0
2022-02-10 00:00:00+09:00,3665.0,3710.0,3580.0,3580.0,1634582,0.0,0.0
2022-02-11 00:00:00+09:00,4180.0,4605.0,3890.0,4130.0,47758170,0.0,0.0
2022-02-14 00:00:00+09:00,3940.0,3975.0,3645.0,3645.0,5134245,0.0,0.0
2022-02-15 00:00:00+09:00,3590.0,3620.0,3230.0,3230.0,2804202,0.0,0.0
2022-02-16 00:00:00+09:00,3395.0,3640.0,3375.0,3410.0,6873286,0.0,0.0
2022-02-17 00:00:00+09:00,3385.0,4385.0,3330.0,4080.0,54861510,0.0,0.0
2022-02-18 00:00:00+09:00,3950.0,4340.0,3895.0,4130.0,14067910,0.0,0.0
2022-02-21 00:00:00+09:00,4150.0,4550.0,4100.0,4160.0,26566820,0.0,0.0
2022-02-22 00:00:00+09:00,4110.0,4245.0,3965.0,4115.0,3947770,0.0,0.0
2022-02-23 00:00:00+09:00,4120.0,4230.0,4055.0,4115.0,4457935,0.0,0.0
2022-02-24 00:00:00+09:00,3970.0,4085.0,3750.0,3760.0,2761231,0.0,0.0
2022-02-25 00:00:00+09:00,3885.0,3985.0,3705.0,3715.0,2245125,0.0,0.0
2022-02-28 00:00:00+09:00,3670.0,4065.0,3665.0,3985.0,3852535,0.0,0.0
2022-03-02 00:00:00+09:00,3910.0,4240.0,3840.0,4000.0,5070534,0.0,0.0
2022-03-03 00:00:00+09:00,4015.0,4075.0,3920.0,3945.0,1463805,0.0,0.0
2022-03-04 00:00:00+09:00,4015.0,4085.0,3930.0,3970.0,1845085,0.0,0.0
2022-03-07 00:00:00+09:00,3900.0,3930.0,3750.0,3750.0,815697,0.0,0.0
2022-03-08 00:00:00+09:00,3670.0,4035.0,3635.0,3750.0,3216240,0.0,0.0
2022-03-10 00:00:00+09:00,3820.0,3890.0,3760.0,3795.0,711393,0.0,0.0
2022-03-11 00:00:00+09:00,3800.0,3815.0,3700.0,3740.0,532856,0.0,0.0
2022-03-14 00:00:00+09:00,3730.0,3790.0,3685.0,3700.0,400212,0.0,0.0
2022-03-15 00:00:00+09:00,3720.0,3935.0,3665.0,3850.0,2728867,0.0,0.0
2022-03-16 00:00:00+09:00,3935.0,3990.0,3870.0,3965.0,1687163,0.0,0.0
2022-03-17 00:00:00+09:00,4020.0,4040.0,3925.0,3935.0,1155246,0.0,0.0
2022-03-18 00:00:00+09:00,3985.0,4080.0,3970.0,3985.0,2339180,0.0,0.0
2022-03-21 00:00:00+09:00,4005.0,4070.0,3900.0,3935.0,934924,0.0,0.0
2022-03-22 00:00:00+09:00,3940.0,3945.0,3850.0,3875.0,588781,0.0,0.0
2022-03-23 00:00:00+09:00,3895.0,3945.0,3805.0,3895.0,967725,0.0,0.0
2022-03-24 00:00:00+09:00,3895.0,4010.0,3810.0,3980.0,1438536,0.0,0.0
2022-03-25 00:00:00+09:00,4000.0,4040.0,3915.0,3930.0,811413,0.0,0.0
2022-03-28 00:00:00+09:00,3930.0,4320.0,3930.0,4100.0,10550840,0.0,0.0
2022-03-29 00:00:00+09:00,4030.0,4065.0,3840.0,3845.0,4580125,0.0,0.0
2022-03-30 00:00:00+09:00,3920.0,3940.0,3815.0,3820.0,936260,0.0,0.0
2022-03-31 00:00:00+09:00,3800.0,3930.0,3790.0,3845.0,758480,0.0,0.0
2022-04-01 00:00:00+09:00,3845.0,4040.0,3825.0,3910.0,2309323,0.0,0.0
2022-04-04 00:00:00+09:00,3930.0,4015.0,3925.0,3950.0,1161380,0.0,0.0
2022-04-05 00:00:00+09:00,3950.0,4095.0,3910.0,4075.0,2714653,0.0,0.0
2022-04-06 00:00:00+09:00,4020.0,4025.0,3950.0,3990.0,1250091,0.0,0.0
2022-04-07 00:00:00+09:00,3925.0,4300.0,3855.0,4300.0,6290145,0.0,0.0
2022-04-08 00:00:00+09:00,4175.0,4465.0,4105.0,4150.0,13570470,0.0,0.0
2022-04-11 00:00:00+09:00,4245.0,4340.0,4065.0,4110.0,3228971,0.0,0.0
2022-04-12 00:00:00+09:00,4110.0,4220.0,4015.0,4180.0,2666141,0.0,0.0
2022-04-13 00:00:00+09:00,4130.0,4140.0,4055.0,4070.0,1078321,0.0,0.0
2022-04-14 00:00:00+09:00,4085.0,4265.0,4050.0,4225.0,2829633,0.0,0.0
2022-04-15 00:00:00+09:00,4140.0,4230.0,4115.0,4190.0,974699,0.0,0.0
2022-04-18 00:00:00+09:00,4275.0,4460.0,4180.0,4180.0,5734895,0.0,0.0
2022-04-19 00:00:00+09:00,4180.0,4220.0,4080.0,4170.0,1096171,0.0,0.0
2022-04-20 00:00:00+09:00,4230.0,4250.0,4125.0,4140.0,1299591,0.0,0.0
2022-04-21 00:00:00+09:00,4160.0,4195.0,4135.0,4195.0,752317,0.0,0.0
2022-04-22 00:00:00+09:00,4155.0,4210.0,4120.0,4165.0,999644,0.0,0.0
2022-04-25 00:00:00+09:00,4060.0,4135.0,3960.0,3975.0,1433430,0.0,0.0
2022-04-26 00:00:00+09:00,4260.0,4850.0,4160.0,4605.0,38589990,0.0,0.0
2022-04-27 00:00:00+09:00,4450.0,4800.0,4360.0,4480.0,18987640,0.0,0.0
2022-04-28 00:00:00+09:00,4545.0,4545.0,4260.0,4270.0,3484436,0.0,0.0
2022-04-29 00:00:00+09:00,4380.0,4485.0,4290.0,4340.0,2984711,0.0,0.0
2022-05-03 00:00:00+09:00,4520.0,4900.0,4415.0,4670.0,12251300,0.0,0.0
2022-05-04 00:00:00+09:00,4600.0,4755.0,4525.0,4695.0,6283291,0.0,0.0
2022-05-06 00:00:00+09:00,4605.0,4715.0,4365.0,4395.0,2492533,0.0,0.0
2022-05-10 00:00:00+09:00,4335.0,4425.0,4100.0,4235.0,1754462,0.0,0.0
2022-05-11 00:00:00+09:00,4235.0,4550.0,4235.0,4400.0,3333467,0.0,0.0
2022-05-12 00:00:00+09:00,4315.0,4370.0,4195.0,4225.0,1572099,0.0,0.0
2022-05-13 00:00:00+09:00,4330.0,4710.0,4325.0,4475.0,9543495,0.0,0.0
2022-05-16 00:00:00+09:00,4500.0,4615.0,4480.0,4510.0,2750393,0.0,0.0
2022-05-17 00:00:00+09:00,4960.0,4995.0,4585.0,4715.0,11861710,0.0,0.0
2022-05-18 00:00:00+09:00,4675.0,4885.0,4585.0,4585.0,4353515,0.0,0.0
2022-05-19 00:00:00+09:00,4410.0,4555.0,4390.0,4485.0,1478391,0.0,0.0
2022-05-20 00:00:00+09:00,4470.0,4590.0,4295.0,4500.0,3263156,0.0,0.0
2022-05-23 00:00:00+09:00,4895.0,5850.0,4850.0,5730.0,40440900,0.0,0.0
2022-05-24 00:00:00+09:00,5920.0,6000.0,5510.0,5790.0,22504540,0.0,0.0
2022-05-25 00:00:00+09:00,5690.0,5700.0,5310.0,5650.0,8204096,0.0,0.0
2022-05-26 00:00:00+09:00,5590.0,5750.0,5420.0,5650.0,8270182,0.0,0.0
2022-05-27 00:00:00+09:00,6190.0,6530.0,5390.0,5410.0,32385650,0.0,0.0
2022-05-30 00:00:00+09:00,5640.0,5720.0,5410.0,5480.0,5821573,0.0,0.0
2022-05-31 00:00:00+09:00,5410.0,5640.0,5400.0,5520.0,4033355,0.0,0.0
2022-06-02 00:00:00+09:00,5560.0,5870.0,5460.0,5870.0,13717100,0.0,0.0
2022-06-03 00:00:00+09:00,5780.0,6180.0,5740.0,6140.0,10230740,0.0,0.0
2022-06-07 00:00:00+09:00,6000.0,6200.0,5880.0,6130.0,6644366,0.0,0.0
2022-06-08 00:00:00+09:00,6050.0,6060.0,5490.0,5740.0,7453337,0.0,0.0
2022-06-09 00:00:00+09:00,5950.0,6090.0,5560.0,5870.0,8709180,0.0,0.0
2022-06-10 00:00:00+09:00,5730.0,5760.0,5570.0,5580.0,2077110,0.0,0.0
2022-06-13 00:00:00+09:00,5350.0,5440.0,5040.0,5080.0,2765000,0.0,0.0
2022-06-14 00:00:00+09:00,5200.0,5500.0,4940.0,5320.0,6989112,0.0,0.0
2022-06-15 00:00:00+09:00,5210.0,5280.0,4975.0,5020.0,1878503,0.0,0.0
2022-06-16 00:00:00+09:00,5200.0,5300.0,4900.0,4900.0,2649855,0.0,0.0
2022-06-17 00:00:00+09:00,4700.0,4940.0,4670.0,4920.0,1615624,0.0,0.0
2022-06-20 00:00:00+09:00,4920.0,4970.0,4465.0,4605.0,1613773,0.0,0.0
2022-06-21 00:00:00+09:00,4625.0,4780.0,4530.0,4755.0,1459273,0.0,0.0
2022-06-22 00:00:00+09:00,4800.0,4820.0,4325.0,4325.0,1380374,0.0,0.0
2022-06-23 00:00:00+09:00,4380.0,4480.0,4200.0,4230.0,1419350,0.0,0.0
2022-06-24 00:00:00+09:00,4320.0,4500.0,4265.0,4500.0,1711653,0.0,0.0
2022-06-27 00:00:00+09:00,4530.0,4685.0,4425.0,4595.0,1336538,0.0,0.0
2022-06-28 00:00:00+09:00,4625.0,4625.0,4455.0,4600.0,675941,0.0,0.0
2022-06-29 00:00:00+09:00,4470.0,4915.0,4450.0,4650.0,3326450,0.0,0.0
2022-06-30 00:00:00+09:00,4680.0,4685.0,4375.0,4375.0,1163352,0.0,0.0
2022-07-01 00:00:00+09:00,4395.0,4480.0,4180.0,4300.0,828820,0.0,0.0
2022-07-04 00:00:00+09:00,4250.0,4325.0,4010.0,4040.0,881190,0.0,0.0
2022-07-05 00:00:00+09:00,4055.0,4190.0,4055.0,4150.0,473859,0.0,0.0
2022-07-06 00:00:00+09:00,4165.0,4185.0,3985.0,4040.0,666712,0.0,0.0
2022-07-07 00:00:00+09:00,4095.0,4395.0,4070.0,4240.0,2636382,0.0,0.0
2022-07-08 00:00:00+09:00,4250.0,4410.0,4200.0,4405.0,1554667,0.0,0.0
2022-07-11 00:00:00+09:00,4495.0,4535.0,4380.0,4410.0,1285290,0.0,0.0
2022-07-12 00:00:00+09:00,4360.0,4410.0,4215.0,4215.0,781639,0.0,0.0
2022-07-13 00:00:00+09:00,4260.0,4475.0,4085.0,4390.0,1579643,0.0,0.0
2022-07-14 00:00:00+09:00,4370.0,4660.0,4305.0,4535.0,5230549,0.0,0.0
2022-07-15 00:00:00+09:00,4535.0,4600.0,4330.0,4380.0,1983572,0.0,0.0
2022-07-18 00:00:00+09:00,4500.0,4580.0,4410.0,4540.0,1792783,0.0,0.0
2022-07-19 00:00:00+09:00,4635.0,4770.0,4550.0,4560.0,4048669,0.0,0.0
2022-07-20 00:00:00+09:00,4675.0,4675.0,4485.0,4485.0,890847,0.0,0.0
2022-07-21 00:00:00+09:00,4485.0,4940.0,4485.0,4815.0,8634441,0.0,0.0
2022-07-22 00:00:00+09:00,4755.0,4790.0,4630.0,4640.0,1824351,0.0,0.0
2022-07-25 00:00:00+09:00,4650.0,4665.0,4505.0,4515.0,803649,0.0,0.0
2022-07-26 00:00:00+09:00,4520.0,4645.0,4490.0,4610.0,1227056,0.0,0.0
2022-07-27 00:00:00+09:00,4660.0,4725.0,4615.0,4635.0,1123274,0.0,0.0
2022-07-28 00:00:00+09:00,4720.0,4725.0,4545.0,4545.0,1001524,0.0,0.0
2022-07-29 00:00:00+09:00,4615.0,4635.0,4560.0,4590.0,618058,0.0,0.0
2022-08-01 00:00:00+09:00,4610.0,4800.0,4535.0,4640.0,2077894,0.0,0.0
2022-08-02 00:00:00+09:00,4645.0,4700.0,4615.0,4665.0,745451,0.0,0.0
2022-08-03 00:00:00+09:00,4645.0,4785.0,4620.0,4755.0,1506768,0.0,0.0
2022-08-04 00:00:00+09:00,4725.0,4750.0,4660.0,4660.0,1161041,0.0,0.0
2022-08-05 00:00:00+09:00,4685.0,4780.0,4595.0,4635.0,982102,0.0,0.0
2022-08-08 00:00:00+09:00,4640.0,4725.0,4595.0,4675.0,756404,0.0,0.0
2022-08-09 00:00:00+09:00,4720.0,4720.0,4535.0,4540.0,706364,0.0,0.0
2022-08-10 00:00:00+09:00,4510.0,4520.0,4420.0,4435.0,509250,0.0,0.0
2022-08-11 00:00:00+09:00,4470.0,4580.0,4455.0,4565.0,565869,0.0,0.0
2022-08-12 00:00:00+09:00,4545.0,4635.0,4500.0,4540.0,687543,0.0,0.0
2022-08-16 00:00:00+09:00,4590.0,4625.0,4520.0,4520.0,474089,0.0,0.0
2022-08-17 00:00:00+09:00,4550.0,4570.0,4410.0,4440.0,551358,0.0,0.0
2022-08-18 00:00:00+09:00,4410.0,4415.0,4295.0,4320.0,551524,0.0,0.0
2022-08-19 00:00:00+09:00,4295.0,4340.0,4150.0,4160.0,535762,0.0,0.0
2022-08-22 00:00:00+09:00,4050.0,4455.0,4050.0,4160.0,2149545,0.0,0.0
2022-08-23 00:00:00+09:00,4115.0,4215.0,4055.0,4115.0,418337,0.0,0.0
2022-08-24 00:00:00+09:00,4120.0,4180.0,4105.0,4125.0,300345,0.0,0.0
2022-08-25 00:00:00+09:00,4135.0,4295.0,4120.0,4250.0,455094,0.0,0.0
2022-08-26 00:00:00+09:00,4275.0,4280.0,4225.0,4230.0,296726,0.0,0.0
2022-08-29 00:00:00+09:00,4035.0,4135.0,4020.0,4040.0,423166,0.0,0.0
2022-08-30 00:00:00+09:00,4040.0,4135.0,4040.0,4090.0,220786,0.0,0.0
2022-08-31 00:00:00+09:00,4040.0,4155.0,4035.0,4130.0,221191,0.0,0.0
2022-09-01 00:00:00+09:00,4100.0,4100.0,3940.0,3945.0,390595,0.0,0.0
2022-09-02 00:00:00+09:00,3945.0,3985.0,3710.0,3755.0,767073,0.0,0.0
2022-09-05 00:00:00+09:00,3755.0,3790.0,3630.0,3680.0,431742,0.0,0.0
2022-09-06 00:00:00+09:00,3710.0,3810.0,3705.0,3735.0,261864,0.0,0.0
2022-09-07 00:00:00+09:00,3745.0,3755.0,3430.0,3645.0,309267,0.0,0.0
2022-09-08 00:00:00+09:00,3760.0,3790.0,3675.0,3675.0,283574,0.0,0.0
2022-09-13 00:00:00+09:00,3755.0,3800.0,3705.0,3780.0,237254,0.0,0.0
2022-09-14 00:00:00+09:00,3610.0,3760.0,3600.0,3760.0,189300,0.0,0.0
2022-09-15 00:00:00+09:00,3775.0,3850.0,3680.0,3695.0,343713,0.0,0.0
2022-09-16 00:00:00+09:00,3670.0,3930.0,3610.0,3910.0,2248509,0.0,0.0
2022-09-19 00:00:00+09:00,4070.0,4270.0,3830.0,3845.0,6408267,0.0,0.0
2022-09-20 00:00:00+09:00,3990.0,4020.0,3820.0,3880.0,933793,0.0,0.0
2022-09-21 00:00:00+09:00,3840.0,3980.0,3800.0,3800.0,665124,0.0,0.0
2022-09-22 00:00:00+09:00,3690.0,3745.0,3570.0,3645.0,460464,0.0,0.0
2022-09-23 00:00:00+09:00,3630.0,3630.0,3440.0,3440.0,491473,0.0,0.0
2022-09-26 00:00:00+09:00,3300.0,3440.0,3120.0,3120.0,735340,0.0,0.0
2022-09-27 00:00:00+09:00,3080.0,3200.0,3000.0,3150.0,517608,0.0,0.0
2022-09-28 00:00:00+09:00,3130.0,3195.0,2950.0,2980.0,508319,0.0,0.0
2022-09-29 00:00:00+09:00,3020.0,3105.0,2960.0,2960.0,282764,0.0,0.0
2022-09-30 00:00:00+09:00,2875.0,3040.0,2875.0,2980.0,308525,0.0,0.0
2022-10-04 00:00:00+09:00,3040.0,3125.0,3020.0,3115.0,199927,0.0,0.0
2022-10-05 00:00:00+09:00,3185.0,3280.0,3150.0,3190.0,918793,0.0,0.0
2022-10-06 00:00:00+09:00,3230.0,3240.0,3180.0,3190.0,282475,0.0,0.0
2022-10-07 00:00:00+09:00,3250.0,3325.0,3170.0,3200.0,699947,0.0,0.0
2022-10-11 00:00:00+09:00,3110.0,3185.0,3005.0,3020.0,261240,0.0,0.0
2022-10-12 00:00:00+09:00,2955.0,3055.0,2930.0,2980.0,276922,0.0,0.0
2022-10-13 00:00:00+09:00,2980.0,3435.0,2835.0,2960.0,1571313,0.0,0.0
2022-10-14 00:00:00+09:00,3000.0,3070.0,3000.0,3030.0,344777,0.0,0.0
2022-10-17 00:00:00+09:00,3020.0,3085.0,2935.0,3060.0,210481,0.0,0.0
2022-10-18 00:00:00+09:00,3100.0,3185.0,3065.0,3125.0,266156,0.0,0.0
2022-10-19 00:00:00+09:00,3150.0,3235.0,3080.0,3155.0,790048,0.0,0.0
2022-10-20 00:00:00+09:00,3610.0,3930.0,3310.0,3400.0,11454490,0.0,0.0
2022-10-21 00:00:00+09:00,3510.0,3575.0,3220.0,3225.0,1756350,0.0,0.0
2022-10-24 00:00:00+09:00,3280.0,3475.0,3255.0,3300.0,1129892,0.0,0.0
2022-10-25 00:00:00+09:00,3300.0,3460.0,3255.0,3460.0,1587445,0.0,0.0
2022-10-26 00:00:00+09:00,3895.0,3895.0,3485.0,3500.0,4699577,0.0,0.0
2022-10-27 00:00:00+09:00,3495.0,3495.0,3395.0,3405.0,634098,0.0,0.0
2022-10-28 00:00:00+09:00,3425.0,3700.0,3410.0,3570.0,3127069,0.0,0.0
2022-10-31 00:00:00+09:00,3575.0,3580.0,3495.0,3500.0,524330,0.0,0.0
2022-11-01 00:00:00+09:00,3720.0,3760.0,3535.0,3710.0,3971622,0.0,0.0
2022-11-02 00:00:00+09:00,3910.0,3955.0,3600.0,3600.0,3221284,0.0,0.0
2022-11-03 00:00:00+09:00,3465.0,3850.0,3450.0,3850.0,2416259,0.0,0.0
2022-11-04 00:00:00+09:00,3730.0,3870.0,3720.0,3785.0,1174618,0.0,0.0
2022-11-07 00:00:00+09:00,3820.0,3850.0,3700.0,3740.0,781469,0.0,0.0
2022-11-08 00:00:00+09:00,3735.0,4100.0,3705.0,3985.0,7886511,0.0,0.0
2022-11-09 00:00:00+09:00,3940.0,3980.0,3880.0,3905.0,1205461,0.0,0.0
2022-11-10 00:00:00+09:00,4010.0,4100.0,3900.0,3905.0,3755013,0.0,0.0
2022-11-11 00:00:00+09:00,3995.0,4120.0,3940.0,4110.0,2483329,0.0,0.0
2022-11-14 00:00:00+09:00,4085.0,4270.0,4005.0,4160.0,4298692,0.0,0.0
2022-11-15 00:00:00+09:00,4005.0,4130.0,3920.0,4050.0,3198595,0.0,0.0
2022-11-16 00:00:00+09:00,4085.0,4095.0,3910.0,3930.0,855048,0.0,0.0
2022-11-17 00:00:00+09:00,3930.0,3940.0,3775.0,3925.0,728108,0.0,0.0
2022-11-18 00:00:00+09:00,3865.0,3865.0,3770.0,3795.0,572502,0.0,0.0
2022-11-21 00:00:00+09:00,3760.0,3760.0,3560.0,3685.0,650655,0.0,0.0
2022-11-22 00:00:00+09:00,3605.0,3790.0,3550.0,3715.0,528341,0.0,0.0
2022-11-23 00:00:00+09:00,3710.0,3725.0,3645.0,3670.0,296703,0.0,0.0
2022-11-24 00:00:00+09:00,3660.0,3690.0,3640.0,3660.0,209506,0.0,0.0
2022-11-25 00:00:00+09:00,3640.0,3650.0,3585.0,3595.0,221972,0.0,0.0
2022-11-28 00:00:00+09:00,3620.0,3690.0,3580.0,3650.0,267764,0.0,0.0
2022-11-29 00:00:00+09:00,3650.0,3725.0,3620.0,3705.0,309153,0.0,0.0
2022-11-30 00:00:00+09:00,3660.0,3750.0,3650.0,3660.0,275950,0.0,0.0
2022-12-01 00:00:00+09:00,3700.0,3725.0,3655.0,3660.0,179698,0.0,0.0
2022-12-02 00:00:00+09:00,3635.0,3720.0,3590.0,3720.0,254620,0.0,0.0
2022-12-05 00:00:00+09:00,3740.0,3740.0,3620.0,3650.0,182255,0.0,0.0
2022-12-06 00:00:00+09:00,3620.0,3760.0,3555.0,3570.0,196793,0.0,0.0
2022-12-07 00:00:00+09:00,3565.0,3570.0,3440.0,3455.0,524694,0.0,0.0
2022-12-08 00:00:00+09:00,3440.0,3480.0,3325.0,3335.0,335311,0.0,0.0
2022-12-09 00:00:00+09:00,3345.0,3370.0,3285.0,3290.0,191826,0.0,0.0
2022-12-12 00:00:00+09:00,3290.0,3360.0,3210.0,3280.0,152115,0.0,0.0
2022-12-13 00:00:00+09:00,3300.0,3360.0,3265.0,3265.0,156036,0.0,0.0
2022-12-14 00:00:00+09:00,3255.0,3335.0,3250.0,3325.0,145678,0.0,0.0
2022-12-15 00:00:00+09:00,3305.0,3460.0,3285.0,3335.0,194176,0.0,0.0
2022-12-16 00:00:00+09:00,3240.0,3305.0,3220.0,3240.0,202111,0.0,0.0
2022-12-19 00:00:00+09:00,3215.0,3240.0,3165.0,3210.0,116489,0.0,0.0
2022-12-20 00:00:00+09:00,3170.0,3245.0,3110.0,3110.0,182356,0.0,0.0
2022-12-21 00:00:00+09:00,3145.0,3220.0,3095.0,3130.0,132438,0.0,0.0
2022-12-22 00:00:00+09:00,3180.0,3280.0,3150.0,3150.0,183746,0.0,0.0
2022-12-23 00:00:00+09:00,3130.0,3130.0,3045.0,3060.0,186763,0.0,0.0
2022-12-26 00:00:00+09:00,3040.0,3095.0,3010.0,3035.0,109758,0.0,0.0
2022-12-27 00:00:00+09:00,3140.0,3435.0,3065.0,3415.0,4244576,0.0,0.0
2022-12-28 00:00:00+09:00,3905.0,3980.0,3515.0,3580.0,10361820,0.0,0.0
2022-12-29 00:00:00+09:00,3510.0,3600.0,3315.0,3340.0,1450302,0.0,0.0
2023-01-02 00:00:00+09:00,3340.0,3390.0,3100.0,3100.0,736241,0.0,0.0
2023-01-03 00:00:00+09:00,3070.0,3235.0,3050.0,3185.0,778687,0.0,0.0
2023-01-04 00:00:00+09:00,3130.0,3745.0,3125.0,3525.0,8323947,0.0,0.0
2023-01-05 00:00:00+09:00,3555.0,3670.0,3430.0,3430.0,1871873,0.0,0.0
2023-01-06 00:00:00+09:00,3430.0,3500.0,3370.0,3450.0,607363,0.0,0.0
2023-01-09 00:00:00+09:00,3460.0,3555.0,3430.0,3480.0,1335217,0.0,0.0
2023-01-10 00:00:00+09:00,3515.0,3555.0,3440.0,3515.0,1110314,0.0,0.0
2023-01-11 00:00:00+09:00,3530.0,3620.0,3490.0,3500.0,858645,0.0,0.0
2023-01-12 00:00:00+09:00,3520.0,3540.0,3410.0,3415.0,448275,0.0,0.0
2023-01-13 00:00:00+09:00,3400.0,3460.0,3400.0,3420.0,297257,0.0,0.0
2023-01-16 00:00:00+09:00,3430.0,3460.0,3415.0,3435.0,281401,0.0,0.0
2023-01-17 00:00:00+09:00,3450.0,3530.0,3365.0,3365.0,695569,0.0,0.0
2023-01-18 00:00:00+09:00,3375.0,3420.0,3300.0,3415.0,378160,0.0,0.0
2023-01-19 00:00:00+09:00,3365.0,3370.0,3305.0,3305.0,305399,0.0,0.0
2023-01-20 00:00:00+09:00,3320.0,3600.0,3290.0,3360.0,1088059,0.0,0.0
2023-01-25 00:00:00+09:00,3390.0,3485.0,3350.0,3475.0,2060805,0.0,0.0
2023-01-26 00:00:00+09:00,3475.0,3495.0,3440.0,3450.0,516832,0.0,0.0
2023-01-27 00:00:00+09:00,3465.0,3485.0,3420.0,3420.0,320645,0.0,0.0
2023-01-30 00:00:00+09:00,3415.0,3440.0,3325.0,3335.0,307864,0.0,0.0
2023-01-31 00:00:00+09:00,3335.0,3370.0,3265.0,3300.0,273971,0.0,0.0
2023-02-01 00:00:00+09:00,3330.0,3360.0,3300.0,3310.0,215873,0.0,0.0
2023-02-02 00:00:00+09:00,3315.0,3395.0,3310.0,3355.0,304445,0.0,0.0
2023-02-03 00:00:00+09:00,3400.0,3400.0,3340.0,3355.0,178841,0.0,0.0
2023-02-06 00:00:00+09:00,3360.0,3415.0,3305.0,3390.0,309141,0.0,0.0
2023-02-07 00:00:00+09:00,3380.0,3400.0,3345.0,3390.0,235406,0.0,0.0
2023-02-08 00:00:00+09:00,3425.0,3445.0,3385.0,3390.0,254541,0.0,0.0
2023-02-09 00:00:00+09:00,3370.0,3500.0,3370.0,3465.0,632676,0.0,0.0
2023-02-10 00:00:00+09:00,3465.0,3495.0,3395.0,3415.0,384828,0.0,0.0
2023-02-13 00:00:00+09:00,3415.0,3420.0,3310.0,3350.0,246008,0.0,0.0
2023-02-14 00:00:00+09:00,3365.0,3400.0,3325.0,3335.0,228853,0.0,0.0
2023-02-15 00:00:00+09:00,3335.0,3370.0,3210.0,3215.0,361941,0.0,0.0
2023-02-16 00:00:00+09:00,3235.0,3390.0,3215.0,3380.0,726546,0.0,0.0
2023-02-17 00:00:00+09:00,3340.0,3440.0,3300.0,3410.0,475875,0.0,0.0
2023-02-20 00:00:00+09:00,3465.0,3595.0,3410.0,3570.0,1959369,0.0,0.0
2023-02-21 00:00:00+09:00,3580.0,3630.0,3510.0,3580.0,971528,0.0,0.0
2023-02-22 00:00:00+09:00,3520.0,3730.0,3515.0,3665.0,1893859,0.0,0.0
2023-02-23 00:00:00+09:00,3680.0,3725.0,3565.0,3595.0,1148731,0.0,0.0
2023-02-24 00:00:00+09:00,3590.0,3650.0,3480.0,3500.0,794578,0.0,0.0
2023-02-27 00:00:00+09:00,3470.0,3480.0,3340.0,3385.0,517466,0.0,0.0
2023-02-28 00:00:00+09:00,3380.0,3430.0,3365.0,3365.0,286366,0.0,0.0
2023-03-02 00:00:00+09:00,3345.0,3420.0,3345.0,3360.0,234682,0.0,0.0
2023-03-03 00:00:00+09:00,3360.0,3400.0,3340.0,3365.0,279423,0.0,0.0
2023-03-06 00:00:00+09:00,3365.0,3545.0,3360.0,3545.0,912070,0.0,0.0
2023-03-07 00:00:00+09:00,3545.0,3575.0,3460.0,3480.0,311664,0.0,0.0
2023-03-08 00:00:00+09:00,3480.0,3480.0,3360.0,3400.0,431849,0.0,0.0
2023-03-09 00:00:00+09:00,3400.0,3405.0,3335.0,3340.0,265689,0.0,0.0
2023-03-10 00:00:00+09:00,3275.0,3310.0,3170.0,3190.0,579502,0.0,0.0
2023-03-13 00:00:00+09:00,3180.0,3235.0,3090.0,3225.0,287718,0.0,0.0
2023-03-14 00:00:00+09:00,3170.0,3230.0,3090.0,3090.0,231377,0.0,0.0
2023-03-15 00:00:00+09:00,3105.0,3210.0,3085.0,3095.0,192537,0.0,0.0
2023-03-16 00:00:00+09:00,3070.0,3070.0,2955.0,3030.0,264165,0.0,0.0
2023-03-17 00:00:00+09:00,3090.0,3220.0,3055.0,3180.0,528123,0.0,0.0
2023-03-20 00:00:00+09:00,3480.0,3745.0,3250.0,3290.0,20491670,0.0,0.0
2023-03-21 00:00:00+09:00,3270.0,3315.0,3180.0,3180.0,1436386,0.0,0.0
2023-03-22 00:00:00+09:00,3200.0,3215.0,3150.0,3180.0,822970,0.0,0.0
2023-03-23 00:00:00+09:00,3210.0,3285.0,3125.0,3170.0,1017593,0.0,0.0
2023-03-24 00:00:00+09:00,3235.0,3360.0,3210.0,3350.0,1336851,0.0,0.0
2023-03-27 00:00:00+09:00,3400.0,3405.0,3275.0,3355.0,819509,0.0,0.0
2023-03-28 00:00:00+09:00,3360.0,3450.0,3315.0,3425.0,740195,0.0,0.0
2023-03-29 00:00:00+09:00,3470.0,3470.0,3365.0,3450.0,509394,0.0,0.0
2023-03-30 00:00:00+09:00,3460.0,3525.0,3435.0,3525.0,818940,0.0,0.0
2023-03-31 00:00:00+09:00,3520.0,3525.0,3420.0,3430.0,711497,0.0,0.0
2023-04-03 00:00:00+09:00,3375.0,3480.0,3375.0,3455.0,651781,0.0,0.0
2023-04-04 00:00:00+09:00,3460.0,3485.0,3390.0,3405.0,537987,0.0,0.0
2023-04-05 00:00:00+09:00,3435.0,3440.0,3360.0,3395.0,376562,0.0,0.0
2023-04-06 00:00:00+09:00,3950.0,3950.0,3550.0,3550.0,7640185,0.0,0.0
2023-04-07 00:00:00+09:00,3500.0,3785.0,3495.0,3610.0,3498178,0.0,0.0
2023-04-10 00:00:00+09:00,3610.0,3610.0,3450.0,3540.0,982831,0.0,0.0
2023-04-11 00:00:00+09:00,3545.0,3625.0,3480.0,3625.0,794751,0.0,0.0
2023-04-12 00:00:00+09:00,3580.0,3725.0,3515.0,3600.0,1786365,0.0,0.0
2023-04-13 00:00:00+09:00,3585.0,3740.0,3555.0,3605.0,1035890,0.0,0.0
2023-04-14 00:00:00+09:00,3675.0,3675.0,3540.0,3550.0,602130,0.0,0.0
2023-04-17 00:00:00+09:00,3600.0,3740.0,3585.0,3685.0,1507809,0.0,0.0
2023-04-18 00:00:00+09:00,3635.0,3655.0,3525.0,3525.0,721298,0.0,0.0
2023-04-19 00:00:00+09:00,3505.0,3575.0,3495.0,3555.0,417999,0.0,0.0
2023-04-20 00:00:00+09:00,3555.0,3600.0,3465.0,3480.0,590292,0.0,0.0
2023-04-21 00:00:00+09:00,3465.0,3470.0,3320.0,3365.0,693994,0.0,0.0
2023-04-24 00:00:00+09:00,3545.0,3710.0,3515.0,3610.0,2988586,0.0,0.0
2023-04-25 00:00:00+09:00,3535.0,3585.0,3340.0,3415.0,1075561,0.0,0.0
2023-04-26 00:00:00+09:00,3365.0,3395.0,3295.0,3330.0,440395,0.0,0.0
2023-04-27 00:00:00+09:00,3300.0,3325.0,3180.0,3250.0,466269,0.0,0.0
2023-04-28 00:00:00+09:00,3280.0,3300.0,3180.0,3210.0,421216,0.0,0.0
2023-05-02 00:00:00+09:00,3225.0,3370.0,3220.0,3330.0,316140,0.0,0.0
2023-05-03 00:00:00+09:00,3330.0,3445.0,3295.0,3360.0,346231,0.0,0.0
2023-05-04 00:00:00+09:00,3380.0,3520.0,3305.0,3460.0,545374,0.0,0.0
2023-05-08 00:00:00+09:00,3455.0,3665.0,3405.0,3460.0,1471063,0.0,0.0
2023-05-09 00:00:00+09:00,3480.0,3480.0,3350.0,3375.0,314742,0.0,0.0
2023-05-10 00:00:00+09:00,3370.0,3410.0,3340.0,3345.0,247006,0.0,0.0
2023-05-11 00:00:00+09:00,3355.0,3410.0,3350.0,3380.0,217876,0.0,0.0
2023-05-12 00:00:00+09:00,3425.0,3470.0,3380.0,3420.0,495513,0.0,0.0
2023-05-15 00:00:00+09:00,3495.0,3625.0,3405.0,3595.0,2042614,0.0,0.0
2023-05-16 00:00:00+09:00,3600.0,3635.0,3395.0,3450.0,1162767,0.0,0.0
2023-05-17 00:00:00+09:00,3515.0,3545.0,3450.0,3515.0,435005,0.0,0.0
2023-05-18 00:00:00+09:00,3530.0,3580.0,3475.0,3495.0,437758,0.0,0.0
2023-05-19 00:00:00+09:00,3500.0,3580.0,3485.0,3530.0,476961,0.0,0.0
2023-05-22 00:00:00+09:00,3530.0,3610.0,3520.0,3535.0,367878,0.0,0.0
2023-05-23 00:00:00+09:00,3535.0,3720.0,3520.0,3720.0,2198839,0.0,0.0
2023-05-24 00:00:00+09:00,3675.0,3680.0,3500.0,3600.0,1673875,0.0,0.0
2023-05-25 00:00:00+09:00,3610.0,3635.0,3475.0,3475.0,730873,0.0,0.0
2023-05-26 00:00:00+09:00,3510.0,3520.0,3420.0,3420.0,350303,0.0,0.0
2023-05-30 00:00:00+09:00,3450.0,3570.0,3440.0,3480.0,712422,0.0,0.0
2023-05-31 00:00:00+09:00,3480.0,3525.0,3445.0,3470.0,305445,0.0,0.0
2023-06-01 00:00:00+09:00,3510.0,3510.0,3425.0,3455.0,245688,0.0,0.0
2023-06-02 00:00:00+09:00,3450.0,3485.0,3410.0,3470.0,220295,0.0,0.0
2023-06-05 00:00:00+09:00,3455.0,3525.0,3420.0,3500.0,229506,0.0,0.0
2023-06-07 00:00:00+09:00,3475.0,3520.0,3435.0,3445.0,224353,0.0,0.0
2023-06-08 00:00:00+09:00,3435.0,3435.0,3370.0,3400.0,212455,0.0,0.0
2023-06-09 00:00:00+09:00,3415.0,3455.0,3405.0,3420.0,120598,0.0,0.0
2023-06-12 00:00:00+09:00,3435.0,3560.0,3395.0,3485.0,628204,0.0,0.0
2023-06-13 00:00:00+09:00,3485.0,3515.0,3435.0,3445.0,404895,0.0,0.0
2023-06-14 00:00:00+09:00,3540.0,3560.0,3390.0,3410.0,564208,0.0,0.0
2023-06-15 00:00:00+09:00,3415.0,3540.0,3380.0,3495.0,762467,0.0,0.0
2023-06-16 00:00:00+09:00,3520.0,3520.0,3460.0,3495.0,310072,0.0,0.0
2023-06-19 00:00:00+09:00,3530.0,3535.0,3435.0,3500.0,352201,0.0,0.0
2023-06-20 00:00:00+09:00,3545.0,3570.0,3485.0,3550.0,760243,0.0,0.0
2023-06-21 00:00:00+09:00,3575.0,3645.0,3475.0,3480.0,798093,0.0,0.0
2023-06-22 00:00:00+09:00,3460.0,3460.0,3390.0,3410.0,314662,0.0,0.0
2023-06-23 00:00:00+09:00,3410.0,3445.0,3330.0,3340.0,308724,0.0,0.0
2023-06-26 00:00:00+09:00,3340.0,3390.0,3330.0,3365.0,166017,0.0,0.0
2023-06-27 00:00:00+09:00,3365.0,3395.0,3320.0,3375.0,145142,0.0,0.0
2023-06-28 00:00:00+09:00,3375.0,3520.0,3345.0,3510.0,687828,0.0,0.0
2023-06-29 00:00:00+09:00,3660.0,3690.0,3395.0,3400.0,3346987,0.0,0.0
2023-06-30 00:00:00+09:00,3455.0,3460.0,3330.0,3375.0,415030,0.0,0.0
2023-07-03 00:00:00+09:00,3390.0,3480.0,3385.0,3435.0,422463,0.0,0.0
2023-07-04 00:00:00+09:00,3445.0,3510.0,3420.0,3440.0,389851,0.0,0.0
2023-07-05 00:00:00+09:00,3450.0,3490.0,3370.0,3395.0,297735,0.0,0.0
2023-07-06 00:00:00+09:00,3400.0,3420.0,3315.0,3320.0,346896,0.0,0.0
2023-07-07 00:00:00+09:00,3295.0,3315.0,3250.0,3280.0,195973,0.0,0.0
2023-07-10 00:00:00+09:00,3280.0,3325.0,3270.0,3295.0,102839,0.0,0.0
2023-07-12 00:00:00+09:00,3295.0,3310.0,3245.0,3270.0,159576,0.0,0.0
2023-07-13 00:00:00+09:00,3270.0,3310.0,3270.0,3280.0,124666,0.0,0.0
2023-07-14 00:00:00+09:00,3300.0,3300.0,3210.0,3235.0,206176,0.0,0.0
2023-07-17 00:00:00+09:00,3265.0,3265.0,3190.0,3215.0,129635,0.0,0.0
2023-07-18 00:00:00+09:00,3220.0,3245.0,3145.0,3160.0,180272,0.0,0.0
2023-07-19 00:00:00+09:00,3180.0,3195.0,3100.0,3120.0,192162,0.0,0.0
2023-07-20 00:00:00+09:00,3145.0,3215.0,3090.0,3190.0,110359,0.0,0.0
2023-07-21 00:00:00+09:00,3150.0,3190.0,3125.0,3160.0,90633,0.0,0.0
2023-07-24 00:00:00+09:00,3115.0,3155.0,3040.0,3050.0,301020,0.0,0.0
2023-07-25 00:00:00+09:00,3030.0,3055.0,3000.0,3015.0,218908,0.0,0.0
2023-07-26 00:00:00+09:00,3010.0,3020.0,2850.0,2870.0,435333,0.0,0.0
2023-07-27 00:00:00+09:00,2840.0,2975.0,2840.0,2905.0,158523,0.0,0.0
2023-07-28 00:00:00+09:00,2870.0,3035.0,2870.0,3010.0,120759,0.0,0.0
2023-07-31 00:00:00+09:00,3005.0,3045.0,3005.0,3045.0,82269,0.0,0.0
2023-08-01 00:00:00+09:00,3125.0,3125.0,3015.0,3050.0,156675,0.0,0.0
2023-08-02 00:00:00+09:00,3055.0,3090.0,2995.0,3025.0,127075,0.0,0.0
2023-08-03 00:00:00+09:00,2990.0,3030.0,2920.0,3000.0,126548,0.0,0.0
2023-08-04 00:00:00+09:00,3000.0,3035.0,2970.0,3005.0,76977,0.0,0.0
2023-08-07 00:00:00+09:00,3005.0,3010.0,2925.0,2990.0,90063,0.0,0.0
2023-08-08 00:00:00+09:00,2990.0,3015.0,2970.0,2980.0,105023,0.0,0.0
2023-08-09 00:00:00+09:00,2940.0,3025.0,2935.0,3015.0,91579,0.0,0.0
2023-08-10 00:00:00+09:00,3015.0,3015.0,2970.0,3005.0,86461,0.0,0.0
2023-08-11 00:00:00+09:00,3005.0,3035.0,2960.0,3010.0,110056,0.0,0.0
2023-08-14 00:00:00+09:00,3005.0,3005.0,2955.0,2980.0,103665,0.0,0.0
2023-08-16 00:00:00+09:00,2915.0,2975.0,2850.0,2855.0,154241,0.0,0.0
2023-08-17 00:00:00+09:00,2900.0,2900.0,2755.0,2880.0,125885,0.0,0.0
2023-08-18 00:00:00+09:00,2800.0,2875.0,2785.0,2840.0,71097,0.0,0.0
2023-08-21 00:00:00+09:00,2840.0,2935.0,2810.0,2850.0,116706,0.0,0.0
2023-08-22 00:00:00+09:00,2910.0,2910.0,2820.0,2835.0,74861,0.0,0.0
2023-08-23 00:00:00+09:00,2840.0,2880.0,2820.0,2840.0,81182,0.0,0.0
2023-08-24 00:00:00+09:00,2840.0,2910.0,2840.0,2880.0,76439,0.0,0.0
2023-08-25 00:00:00+09:00,2880.0,2890.0,2840.0,2860.0,65660,0.0,0.0
2023-08-28 00:00:00+09:00,2870.0,2925.0,2850.0,2885.0,105159,0.0,0.0
2023-08-29 00:00:00+09:00,2925.0,2960.0,2915.0,2960.0,99262,0.0,0.0
2023-08-30 00:00:00+09:00,2975.0,3000.0,2940.0,3000.0,125259,0.0,0.0
2023-08-31 00:00:00+09:00,3040.0,3040.0,2940.0,2940.0,134525,0.0,0.0
2023-09-01 00:00:00+09:00,2940.0,3040.0,2910.0,2980.0,133776,0.0,0.0
2023-09-04 00:00:00+09:00,2980.0,2980.0,2925.0,2975.0,72680,0.0,0.0
2023-09-05 00:00:00+09:00,2975.0,3020.0,2950.0,2955.0,94173,0.0,0.0
2023-09-06 00:00:00+09:00,2945.0,2990.0,2915.0,2935.0,82268,0.0,0.0
2023-09-07 00:00:00+09:00,2935.0,2950.0,2875.0,2895.0,91071,0.0,0.0
2023-09-08 00:00:00+09:00,2875.0,2890.0,2815.0,2855.0,115264,0.0,0.0
2023-09-11 00:00:00+09:00,2885.0,2890.0,2800.0,2840.0,115423,0.0,0.0
2023-09-12 00:00:00+09:00,2865.0,2865.0,2795.0,2800.0,132261,0.0,0.0
2023-09-13 00:00:00+09:00,2775.0,2805.0,2720.0,2730.0,157363,0.0,0.0
2023-09-14 00:00:00+09:00,2730.0,2835.0,2730.0,2805.0,130411,0.0,0.0
2023-09-15 00:00:00+09:00,2785.0,2850.0,2775.0,2810.0,84859,0.0,0.0
2023-09-18 00:00:00+09:00,2770.0,2780.0,2750.0,2750.0,78849,0.0,0.0
2023-09-19 00:00:00+09:00,2730.0,2750.0,2690.0,2690.0,94934,0.0,0.0
2023-09-20 00:00:00+09:00,2695.0,2710.0,2610.0,2645.0,137102,0.0,0.0
2023-09-21 00:00:00+09:00,2645.0,2645.0,2530.0,2530.0,142912,0.0,0.0
2023-09-22 00:00:00+09:00,2500.0,2540.0,2420.0,2520.0,71926,0.0,0.0
2023-09-25 00:00:00+09:00,2520.0,2560.0,2455.0,2465.0,62634,0.0,0.0
2023-09-26 00:00:00+09:00,2470.0,2485.0,2400.0,2410.0,71433,0.0,0.0
2023-09-27 00:00:00+09:00,2355.0,2555.0,2355.0,2495.0,122297,0.0,0.0
2023-10-04 00:00:00+09:00,2495.0,2495.0,2335.0,2375.0,90999,0.0,0.0
2023-10-05 00:00:00+09:00,2375.0,2435.0,2305.0,2305.0,91374,0.0,0.0
2023-10-06 00:00:00+09:00,2260.0,2430.0,2260.0,2385.0,55027,0.0,0.0
2023-10-10 00:00:00+09:00,2360.0,2515.0,2355.0,2415.0,133073,0.0,0.0
2023-10-11 00:00:00+09:00,2495.0,2505.0,2430.0,2430.0,67470,0.0,0.0
2023-10-12 00:00:00+09:00,2500.0,2640.0,2475.0,2515.0,253981,0.0,0.0
2023-10-13 00:00:00+09:00,2515.0,2560.0,2440.0,2560.0,60845,0.0,0.0
2023-10-16 00:00:00+09:00,2580.0,2595.0,2450.0,2480.0,159873,0.0,0.0
2023-10-17 00:00:00+09:00,2480.0,2565.0,2455.0,2465.0,46526,0.0,0.0
2023-10-18 00:00:00+09:00,2475.0,2485.0,2410.0,2475.0,93692,0.0,0.0
2023-10-19 00:00:00+09:00,2590.0,2790.0,2450.0,2540.0,1644472,0.0,0.0
2023-10-20 00:00:00+09:00,2470.0,2510.0,2335.0,2365.0,291554,0.0,0.0
2023-10-23 00:00:00+09:00,2330.0,2435.0,2330.0,2330.0,99495,0.0,0.0
2023-10-24 00:00:00+09:00,2380.0,2415.0,2260.0,2405.0,76892,0.0,0.0
2023-10-25 00:00:00+09:00,2445.0,2445.0,2350.0,2365.0,76747,0.0,0.0
2023-10-26 00:00:00+09:00,2340.0,2340.0,2230.0,2285.0,105406,0.0,0.0
2023-10-27 00:00:00+09:00,2285.0,2305.0,2200.0,2265.0,98701,0.0,0.0
2023-10-30 00:00:00+09:00,2255.0,2445.0,2250.0,2355.0,158346,0.0,0.0
2023-10-31 00:00:00+09:00,2355.0,2425.0,2210.0,2340.0,151449,0.0,0.0
2023-11-01 00:00:00+09:00,2365.0,2365.0,2290.0,2345.0,77012,0.0,0.0
2023-11-02 00:00:00+09:00,2380.0,3030.0,2335.0,2770.0,5812103,0.0,0.0
2023-11-03 00:00:00+09:00,2675.0,2725.0,2610.0,2665.0,761492,0.0,0.0
2023-11-06 00:00:00+09:00,2665.0,2740.0,2600.0,2730.0,602152,0.0,0.0
2023-11-07 00:00:00+09:00,2680.0,2730.0,2640.0,2705.0,433041,0.0,0.0
2023-11-08 00:00:00+09:00,2680.0,2690.0,2540.0,2560.0,375183,0.0,0.0
2023-11-09 00:00:00+09:00,2540.0,2585.0,2455.0,2540.0,189517,0.0,0.0
2023-11-10 00:00:00+09:00,2520.0,2825.0,2420.0,2455.0,3036859,0.0,0.0
2023-11-13 00:00:00+09:00,2420.0,2560.0,2390.0,2400.0,333262,0.0,0.0
2023-11-14 00:00:00+09:00,2400.0,2560.0,2400.0,2465.0,176208,0.0,0.0
2023-11-15 00:00:00+09:00,2530.0,2650.0,2495.0,2580.0,472263,0.0,0.0
2023-11-16 00:00:00+09:00,2580.0,2600.0,2530.0,2585.0,131646,0.0,0.0
2023-11-17 00:00:00+09:00,2610.0,2615.0,2510.0,2510.0,128798,0.0,0.0
2023-11-20 00:00:00+09:00,2515.0,2570.0,2500.0,2560.0,57976,0.0,0.0
2023-11-21 00:00:00+09:00,2570.0,2640.0,2535.0,2535.0,178905,0.0,0.0
2023-11-22 00:00:00+09:00,2540.0,2565.0,2490.0,2500.0,126417,0.0,0.0
2023-11-23 00:00:00+09:00,2505.0,2530.0,2480.0,2485.0,110529,0.0,0.0
2023-11-24 00:00:00+09:00,2495.0,2525.0,2475.0,2505.0,54610,0.0,0.0
2023-11-27 00:00:00+09:00,2510.0,2520.0,2425.0,2450.0,99203,0.0,0.0
2023-11-28 00:00:00+09:00,2430.0,2520.0,2425.0,2450.0,72958,0.0,0.0
2023-11-29 00:00:00+09:00,2450.0,2470.0,2410.0,2415.0,87370,0.0,0.0
2023-11-30 00:00:00+09:00,2420.0,2445.0,2400.0,2440.0,57213,0.0,0.0
2023-12-01 00:00:00+09:00,2405.0,2460.0,2405.0,2450.0,68416,0.0,0.0
2023-12-04 00:00:00+09:00,2440.0,2445.0,2395.0,2425.0,93773,0.0,0.0
2023-12-05 00:00:00+09:00,2420.0,2425.0,2330.0,2335.0,144945,0.0,0.0
2023-12-06 00:00:00+09:00,2360.0,2410.0,2330.0,2390.0,91951,0.0,0.0
2023-12-07 00:00:00+09:00,2365.0,2445.0,2360.0,2395.0,98321,0.0,0.0
2023-12-08 00:00:00+09:00,2395.0,2555.0,2385.0,2475.0,208849,0.0,0.0
2023-12-11 00:00:00+09:00,2475.0,2565.0,2425.0,2490.0,87959,0.0,0.0
2023-12-12 00:00:00+09:00,2520.0,2535.0,2450.0,2500.0,116366,0.0,0.0
2023-12-13 00:00:00+09:00,2530.0,2630.0,2470.0,2560.0,347497,0.0,0.0
2023-12-14 00:00:00+09:00,2565.0,2595.0,2540.0,2560.0,165165,0.0,0.0
2023-12-15 00:00:00+09:00,2575.0,2605.0,2530.0,2565.0,194887,0.0,0.0
2023-12-18 00:00:00+09:00,2570.0,2590.0,2530.0,2570.0,105048,0.0,0.0
2023-12-19 00:00:00+09:00,2550.0,2585.0,2535.0,2570.0,79490,0.0,0.0
2023-12-20 00:00:00+09:00,2585.0,2650.0,2585.0,2600.0,166575,0.0,0.0
2023-12-21 00:00:00+09:00,2600.0,2685.0,2565.0,2615.0,278131,0.0,0.0
2023-12-22 00:00:00+09:00,2650.0,2650.0,2580.0,2580.0,109450,0.0,0.0
2023-12-26 00:00:00+09:00,2600.0,2620.0,2530.0,2555.0,131115,0.0,0.0
2023-12-27 00:00:00+09:00,2570.0,2575.0,2535.0,2555.0,56226,0.0,0.0
2023-12-28 00:00:00+09:00,2505.0,2590.0,2505.0,2560.0,86918,0.0,0.0
2024-01-02 00:00:00+09:00,2575.0,2610.0,2555.0,2610.0,98875,0.0,0.0
2024-01-03 00:00:00+09:00,2585.0,2665.0,2575.0,2650.0,148331,0.0,0.0
2024-01-04 00:00:00+09:00,2650.0,2680.0,2610.0,2650.0,136007,0.0,0.0
2024-01-05 00:00:00+09:00,2650.0,2675.0,2620.0,2645.0,82635,0.0,0.0
2024-01-08 00:00:00+09:00,2650.0,2680.0,2590.0,2680.0,139042,0.0,0.0
2024-01-09 00:00:00+09:00,2680.0,2770.0,2670.0,2735.0,346927,0.0,0.0
2024-01-10 00:00:00+09:00,2775.0,3145.0,2680.0,2720.0,3625247,0.0,0.0
2024-01-11 00:00:00+09:00,2780.0,2980.0,2725.0,2810.0,2002963,0.0,0.0
2024-01-12 00:00:00+09:00,2835.0,2960.0,2725.0,2740.0,912642,0.0,0.0
2024-01-15 00:00:00+09:00,2745.0,2820.0,2710.0,2785.0,320127,0.0,0.0
2024-01-16 00:00:00+09:00,2780.0,2810.0,2710.0,2765.0,151152,0.0,0.0
2024-01-17 00:00:00+09:00,2765.0,2765.0,2640.0,2690.0,264906,0.0,0.0
2024-01-18 00:00:00+09:00,2710.0,2760.0,2665.0,2730.0,93658,0.0,0.0
2024-01-19 00:00:00+09:00,2730.0,2850.0,2705.0,2800.0,328248,0.0,0.0
2024-01-22 00:00:00+09:00,2795.0,2840.0,2760.0,2790.0,160746,0.0,0.0
2024-01-23 00:00:00+09:00,2830.0,2830.0,2750.0,2780.0,157037,0.0,0.0
2024-01-24 00:00:00+09:00,2800.0,2815.0,2710.0,2790.0,242802,0.0,0.0
2024-01-25 00:00:00+09:00,2805.0,2815.0,2725.0,2750.0,165074,0.0,0.0
2024-01-26 00:00:00+09:00,2780.0,2780.0,2725.0,2745.0,75873,0.0,0.0
2024-01-29 00:00:00+09:00,2745.0,2745.0,2655.0,2665.0,159080,0.0,0.0
2024-01-30 00:00:00+09:00,2665.0,2750.0,2650.0,2670.0,95124,0.0,0.0
2024-01-31 00:00:00+09:00,2700.0,2700.0,2600.0,2610.0,109695,0.0,0.0
2024-02-01 00:00:00+09:00,2610.0,2620.0,2540.0,2565.0,104420,0.0,0.0
2024-02-02 00:00:00+09:00,2565.0,2635.0,2565.0,2600.0,49224,0.0,0.0
2024-02-05 00:00:00+09:00,2600.0,2605.0,2540.0,2555.0,61068,0.0,0.0
2024-02-06 00:00:00+09:00,2555.0,2570.0,2450.0,2510.0,106611,0.0,0.0
2024-02-07 00:00:00+09:00,2525.0,2550.0,2480.0,2500.0,41751,0.0,0.0
2024-02-08 00:00:00+09:00,2550.0,2555.0,2495.0,2550.0,41083,0.0,0.0
2024-02-13 00:00:00+09:00,2555.0,2650.0,2555.0,2610.0,100601,0.0,0.0
2024-02-14 00:00:00+09:00,2605.0,2695.0,2575.0,2690.0,90056,0.0,0.0
2024-02-15 00:00:00+09:00,2705.0,2760.0,2640.0,2720.0,154155,0.0,0.0
2024-02-16 00:00:00+09:00,2720.0,2725.0,2670.0,2685.0,84025,0.0,0.0
2024-02-19 00:00:00+09:00,2685.0,2700.0,2650.0,2690.0,71475,0.0,0.0
2024-02-20 00:00:00+09:00,2680.0,2790.0,2675.0,2680.0,50602,0.0,0.0
2024-02-21 00:00:00+09:00,2680.0,2695.0,2630.0,2645.0,59756,0.0,0.0
2024-02-22 00:00:00+09:00,2635.0,2760.0,2630.0,2725.0,109445,0.0,0.0
2024-02-23 00:00:00+09:00,2750.0,2750.0,2680.0,2720.0,80995,0.0,0.0
2024-02-26 00:00:00+09:00,2725.0,2780.0,2670.0,2710.0,95400,0.0,0.0
2024-02-27 00:00:00+09:00,2720.0,2725.0,2675.0,2710.0,118626,0.0,0.0
2024-02-28 00:00:00+09:00,2710.0,2775.0,2690.0,2745.0,113254,0.0,0.0
2024-02-29 00:00:00+09:00,2740.0,2740.0,2600.0,2705.0,74990,0.0,0.0
2024-03-04 00:00:00+09:00,2780.0,2860.0,2740.0,2850.0,514523,0.0,0.0
2024-03-05 00:00:00+09:00,2845.0,2845.0,2705.0,2720.0,283235,0.0,0.0
2024-03-06 00:00:00+09:00,2700.0,2790.0,2680.0,2740.0,166362,0.0,0.0
2024-03-07 00:00:00+09:00,2760.0,2795.0,2600.0,2715.0,152884,0.0,0.0
2024-03-08 00:00:00+09:00,2715.0,2795.0,2710.0,2725.0,200425,0.0,0.0
2024-03-11 00:00:00+09:00,2735.0,2855.0,2725.0,2815.0,306497,0.0,0.0
2024-03-12 00:00:00+09:00,2815.0,2855.0,2755.0,2790.0,191552,0.0,0.0
2024-03-13 00:00:00+09:00,2790.0,2810.0,2755.0,2790.0,115015,0.0,0.0
2024-03-14 00:00:00+09:00,2765.0,2790.0,2710.0,2740.0,108301,0.0,0.0
2024-03-15 00:00:00+09:00,2710.0,2740.0,2690.0,2710.0,65562,0.0,0.0
2024-03-18 00:00:00+09:00,2710.0,2795.0,2710.0,2765.0,117663,0.0,0.0
2024-03-19 00:00:00+09:00,2765.0,2770.0,2710.0,2735.0,86556,0.0,0.0
2024-03-20 00:00:00+09:00,2735.0,2800.0,2735.0,2785.0,109380,0.0,0.0
2024-03-21 00:00:00+09:00,2785.0,2855.0,2755.0,2800.0,233129,0.0,0.0
2024-03-22 00:00:00+09:00,2845.0,2845.0,2765.0,2810.0,79295,0.0,0.0
2024-03-25 00:00:00+09:00,2810.0,2850.0,2790.0,2805.0,196593,0.0,0.0
2024-03-26 00:00:00+09:00,2805.0,2810.0,2770.0,2785.0,62570,0.0,0.0
2024-03-27 00:00:00+09:00,2770.0,2780.0,2755.0,2775.0,78965,0.0,0.0
2024-03-28 00:00:00+09:00,2775.0,2835.0,2765.0,2820.0,154168,0.0,0.0
2024-03-29 00:00:00+09:00,2815.0,2840.0,2790.0,2805.0,88979,0.0,0.0
2024-04-01 00:00:00+09:00,2805.0,2840.0,2795.0,2830.0,113791,0.0,0.0
2024-04-02 00:00:00+09:00,2840.0,2880.0,2790.0,2845.0,149711,0.0,0.0
2024-04-03 00:00:00+09:00,2840.0,2850.0,2800.0,2850.0,84966,0.0,0.0
2024-04-04 00:00:00+09:00,2885.0,2900.0,2825.0,2835.0,182068,0.0,0.0
2024-04-05 00:00:00+09:00,2835.0,2885.0,2780.0,2825.0,163278,0.0,0.0
2024-04-08 00:00:00+09:00,2820.0,2845.0,2785.0,2790.0,104007,0.0,0.0
2024-04-09 00:00:00+09:00,2790.0,2835.0,2700.0,2700.0,172336,0.0,0.0
2024-04-11 00:00:00+09:00,2695.0,2760.0,2645.0,2760.0,112750,0.0,0.0
2024-04-12 00:00:00+09:00,2780.0,2830.0,2755.0,2800.0,140221,0.0,0.0
2024-04-15 00:00:00+09:00,2840.0,2985.0,2750.0,2950.0,692697,0.0,0.0
2024-04-16 00:00:00+09:00,2950.0,3020.0,2865.0,2925.0,502732,0.0,0.0
2024-04-17 00:00:00+09:00,2925.0,3130.0,2905.0,3115.0,935676,0.0,0.0
2024-04-18 00:00:00+09:00,3110.0,3205.0,2995.0,3165.0,696470,0.0,0.0
2024-04-19 00:00:00+09:00,3100.0,3260.0,3010.0,3045.0,1080279,0.0,0.0
2024-04-22 00:00:00+09:00,3070.0,3120.0,2950.0,3020.0,546138,0.0,0.0
2024-04-23 00:00:00+09:00,3020.0,3075.0,2975.0,3015.0,166133,0.0,0.0
2024-04-24 00:00:00+09:00,3025.0,3095.0,3000.0,3095.0,182587,0.0,0.0
2024-04-25 00:00:00+09:00,3085.0,3180.0,3035.0,3115.0,261020,0.0,0.0
2024-04-26 00:00:00+09:00,3080.0,3270.0,3060.0,3220.0,471148,0.0,0.0
2024-04-29 00:00:00+09:00,3240.0,3310.0,3210.0,3305.0,391005,0.0,0.0
2024-04-30 00:00:00+09:00,3305.0,3420.0,3295.0,3390.0,472194,0.0,0.0
2024-05-02 00:00:00+09:00,3370.0,3400.0,3215.0,3300.0,401654,0.0,0.0
2024-05-03 00:00:00+09:00,3305.0,3335.0,3240.0,3290.0,161186,0.0,0.0
2024-05-07 00:00:00+09:00,3285.0,3300.0,3105.0,3165.0,310874,0.0,0.0
2024-05-08 00:00:00+09:00,3125.0,3230.0,3085.0,3165.0,251612,0.0,0.0
2024-05-09 00:00:00+09:00,3175.0,3175.0,3070.0,3075.0,155903,0.0,0.0
2024-05-10 00:00:00+09:00,3075.0,3080.0,2955.0,2990.0,261268,0.0,0.0
2024-05-13 00:00:00+09:00,2990.0,3020.0,2895.0,2915.0,231753,0.0,0.0
2024-05-14 00:00:00+09:00,2950.0,3120.0,2915.0,2955.0,188716,0.0,0.0
2024-05-16 00:00:00+09:00,2960.0,3115.0,2955.0,3090.0,270269,0.0,0.0
2024-05-17 00:00:00+09:00,3135.0,3140.0,3000.0,3140.0,176772,0.0,0.0
2024-05-20 00:00:00+09:00,3145.0,3170.0,3085.0,3160.0,179987,0.0,0.0
2024-05-21 00:00:00+09:00,3160.0,3270.0,3120.0,3265.0,223931,0.0,0.0
2024-05-22 00:00:00+09:00,3270.0,3300.0,3230.0,3270.0,198251,0.0,0.0
2024-05-23 00:00:00+09:00,3270.0,3275.0,3000.0,3080.0,444796,0.0,0.0
2024-05-24 00:00:00+09:00,3015.0,3170.0,3015.0,3085.0,111846,0.0,0.0
2024-05-27 00:00:00+09:00,3125.0,3315.0,3125.0,3225.0,564933,0.0,0.0
2024-05-28 00:00:00+09:00,3050.0,3150.0,2820.0,2875.0,1358085,0.0,0.0
2024-05-29 00:00:00+09:00,2885.0,2990.0,2815.0,2880.0,621648,0.0,0.0
2024-05-30 00:00:00+09:00,2900.0,2950.0,2825.0,2860.0,235748,0.0,0.0
2024-05-31 00:00:00+09:00,2875.0,2885.0,2805.0,2835.0,200526,0.0,0.0
2024-06-03 00:00:00+09:00,2860.0,2860.0,2805.0,2805.0,179052,0.0,0.0
2024-06-04 00:00:00+09:00,2790.0,2815.0,2700.0,2745.0,363642,0.0,0.0
2024-06-05 00:00:00+09:00,2720.0,2805.0,2720.0,2800.0,121464,0.0,0.0
2024-06-07 00:00:00+09:00,2800.0,2800.0,2745.0,2750.0,114192,0.0,0.0
2024-06-10 00:00:00+09:00,2725.0,2750.0,2680.0,2725.0,101697,0.0,0.0
2024-06-11 00:00:00+09:00,2740.0,2780.0,2730.0,2735.0,69998,0.0,0.0
2024-06-12 00:00:00+09:00,2740.0,2865.0,2735.0,2770.0,227696,0.0,0.0
2024-06-13 00:00:00+09:00,2775.0,2810.0,2700.0,2745.0,158501,0.0,0.0
2024-06-14 00:00:00+09:00,2745.0,2775.0,2725.0,2730.0,107189,0.0,0.0
2024-06-17 00:00:00+09:00,2775.0,2880.0,2735.0,2820.0,173549,0.0,0.0
2024-06-18 00:00:00+09:00,2870.0,2870.0,2750.0,2765.0,119770,0.0,0.0
2024-06-19 00:00:00+09:00,2765.0,2790.0,2730.0,2750.0,60446,0.0,0.0
2024-06-20 00:00:00+09:00,2750.0,2790.0,2715.0,2725.0,71166,0.0,0.0
2024-06-21 00:00:00+09:00,2710.0,2725.0,2650.0,2650.0,106448,0.0,0.0
2024-06-24 00:00:00+09:00,2660.0,2670.0,2600.0,2630.0,78067,0.0,0.0
2024-06-25 00:00:00+09:00,2600.0,2660.0,2600.0,2645.0,93641,0.0,0.0
2024-06-26 00:00:00+09:00,2650.0,2665.0,2605.0,2660.0,35882,0.0,0.0
2024-06-27 00:00:00+09:00,2660.0,2680.0,2575.0,2575.0,76972,0.0,0.0
2024-06-28 00:00:00+09:00,2575.0,2625.0,2555.0,2580.0,66122,0.0,0.0
2024-07-01 00:00:00+09:00,2600.0,2600.0,2520.0,2530.0,77899,0.0,0.0
2024-07-02 00:00:00+09:00,2530.0,2555.0,2475.0,2510.0,119799,0.0,0.0
2024-07-03 00:00:00+09:00,2510.0,2550.0,2435.0,2470.0,153077,0.0,0.0
2024-07-04 00:00:00+09:00,2470.0,2490.0,2400.0,2415.0,179695,0.0,0.0
2024-07-05 00:00:00+09:00,2415.0,2435.0,2385.0,2410.0,115173,0.0,0.0
2024-07-08 00:00:00+09:00,2450.0,2455.0,2390.0,2450.0,104673,0.0,0.0
2024-07-09 00:00:00+09:00,2485.0,2485.0,2420.0,2465.0,101105,0.0,0.0
2024-07-10 00:00:00+09:00,2460.0,2460.0,2215.0,2315.0,797658,0.0,0.0
2024-07-11 00:00:00+09:00,2315.0,2360.0,2300.0,2345.0,148434,0.0,0.0
2024-07-12 00:00:00+09:00,2350.0,2375.0,2310.0,2330.0,119976,0.0,0.0
2024-07-15 00:00:00+09:00,2335.0,2375.0,2325.0,2350.0,132589,0.0,0.0
2024-07-16 00:00:00+09:00,2365.0,2380.0,2295.0,2345.0,89964,0.0,0.0
2024-07-17 00:00:00+09:00,2325.0,2350.0,2285.0,2290.0,104797,0.0,0.0
2024-07-18 00:00:00+09:00,2280.0,2280.0,2210.0,2240.0,163758,0.0,0.0
2024-07-19 00:00:00+09:00,2260.0,2265.0,2205.0,2225.0,105674,0.0,0.0
2024-07-22 00:00:00+09:00,2295.0,2310.0,2190.0,2215.0,136237,0.0,0.0
2024-07-23 00:00:00+09:00,2215.0,2420.0,2215.0,2230.0,622441,0.0,0.0
2024-07-24 00:00:00+09:00,2235.0,2330.0,2210.0,2275.0,128306,0.0,0.0
2024-07-25 00:00:00+09:00,2270.0,2275.0,2200.0,2270.0,93919,0.0,0.0
2024-07-26 00:00:00+09:00,2250.0,2330.0,2235.0,2300.0,148554,0.0,0.0
