Date,Open,High,Low,Close,Volume,Dividends,Stock Splits
2000-10-20 00:00:00+09:00,144598.84375,144598.84375,144598.84375,144598.84375,0,0.0,0.0
2000-10-23 00:00:00+09:00,136798.90625,136798.90625,136798.90625,136798.90625,1440,0.0,0.0
2000-10-24 00:00:00+09:00,139198.890625,139198.890625,139198.890625,139198.890625,1435,0.0,0.0
2000-10-25 00:00:00+09:00,140698.875,140698.875,140698.875,140698.875,1100,0.0,0.0
2000-10-26 00:00:00+09:00,146998.828125,146998.828125,146998.828125,146998.828125,3289,0.0,0.0
2000-10-27 00:00:00+09:00,145798.828125,145798.828125,145798.828125,145798.828125,4159,0.0,0.0
2000-10-30 00:00:00+09:00,163198.6875,163198.6875,163198.6875,163198.6875,10074,0.0,0.0
2000-10-31 00:00:00+09:00,152398.78125,152398.78125,152398.78125,152398.78125,9009,0.0,0.0
2000-11-01 00:00:00+09:00,170398.640625,170398.640625,170398.640625,170398.640625,12854,0.0,0.0
2000-11-02 00:00:00+09:00,163798.6875,163798.6875,163798.6875,163798.6875,13824,0.0,0.0
2000-11-03 00:00:00+09:00,161998.703125,161998.703125,161998.703125,161998.703125,9499,0.0,0.0
2000-11-06 00:00:00+09:00,166798.65625,166798.65625,166798.65625,166798.65625,7999,0.0,0.0
2000-11-07 00:00:00+09:00,162598.703125,162598.703125,162598.703125,162598.703125,5299,0.0,0.0
2000-11-08 00:00:00+09:00,158998.71875,158998.71875,158998.71875,158998.71875,3569,0.0,0.0
2000-11-09 00:00:00+09:00,177898.578125,177898.578125,177898.578125,177898.578125,10504,0.0,0.0
2000-11-10 00:00:00+09:00,172198.625,172198.625,172198.625,172198.625,8454,0.0,0.0
2000-11-13 00:00:00+09:00,160198.71875,160198.71875,160198.71875,160198.71875,3459,0.0,0.0
2000-11-14 00:00:00+09:00,167398.65625,167398.65625,167398.65625,167398.65625,5379,0.0,0.0
2000-11-15 00:00:00+09:00,171598.625,171598.625,171598.625,171598.625,8869,0.0,0.0
2000-11-16 00:00:00+09:00,168598.640625,168598.640625,168598.640625,168598.640625,3569,0.0,0.0
2000-11-17 00:00:00+09:00,169798.640625,169798.640625,169798.640625,169798.640625,2919,0.0,0.0
2000-11-20 00:00:00+09:00,176998.578125,176998.578125,176998.578125,176998.578125,7854,0.0,0.0
2000-11-21 00:00:00+09:00,169798.640625,169798.640625,169798.640625,169798.640625,3459,0.0,0.0
2000-11-22 00:00:00+09:00,166198.671875,166198.671875,166198.671875,166198.671875,3114,0.0,0.0
2000-11-23 00:00:00+09:00,146398.828125,146398.828125,146398.828125,146398.828125,2369,0.0,0.0
2000-11-24 00:00:00+09:00,148498.8125,148498.8125,148498.8125,148498.8125,3059,0.0,0.0
2000-11-27 00:00:00+09:00,154798.765625,154798.765625,154798.765625,154798.765625,2454,0.0,0.0
2000-11-28 00:00:00+09:00,149998.796875,149998.796875,149998.796875,149998.796875,1949,0.0,0.0
2000-11-29 00:00:00+09:00,143998.84375,143998.84375,143998.84375,143998.84375,1744,0.0,0.0
2000-11-30 00:00:00+09:00,143698.84375,143698.84375,143698.84375,143698.84375,2164,0.0,0.0
2000-12-01 00:00:00+09:00,140998.875,140998.875,140998.875,140998.875,1175,0.0,0.0
2000-12-04 00:00:00+09:00,145198.828125,145198.828125,145198.828125,145198.828125,2459,0.0,0.0
2000-12-05 00:00:00+09:00,144898.84375,144898.84375,144898.84375,144898.84375,2224,0.0,0.0
2000-12-06 00:00:00+09:00,142798.859375,142798.859375,142798.859375,142798.859375,2489,0.0,0.0
2000-12-07 00:00:00+09:00,141598.859375,141598.859375,141598.859375,141598.859375,905,0.0,0.0
2000-12-08 00:00:00+09:00,140998.875,140998.875,140998.875,140998.875,1699,0.0,0.0
2000-12-11 00:00:00+09:00,140998.875,140998.875,140998.875,140998.875,1500,0.0,0.0
2000-12-12 00:00:00+09:00,139198.890625,139198.890625,139198.890625,139198.890625,1420,0.0,0.0
2000-12-13 00:00:00+09:00,137998.890625,137998.890625,137998.890625,137998.890625,1864,0.0,0.0
2000-12-14 00:00:00+09:00,140398.875,140398.875,140398.875,140398.875,1215,0.0,0.0
2000-12-15 00:00:00+09:00,135898.90625,135898.90625,135898.90625,135898.90625,1640,0.0,0.0
2000-12-18 00:00:00+09:00,132598.9375,132598.9375,132598.9375,132598.9375,1040,0.0,0.0
2000-12-19 00:00:00+09:00,122999.015625,122999.015625,122999.015625,122999.015625,2164,0.0,0.0
2000-12-20 00:00:00+09:00,108299.1328125,108299.1328125,108299.1328125,108299.1328125,2464,0.0,0.0
2000-12-21 00:00:00+09:00,95399.234375,95399.234375,95399.234375,95399.234375,2834,0.0,0.0
2000-12-22 00:00:00+09:00,83999.328125,83999.328125,83999.328125,83999.328125,2114,0.0,0.0
2000-12-25 00:00:00+09:00,83999.328125,83999.328125,83999.328125,83999.328125,0,0.0,0.0
2000-12-26 00:00:00+09:00,77999.375,77999.375,77999.375,77999.375,2269,0.0,0.0
2000-12-27 00:00:00+09:00,77999.375,77999.375,77999.375,77999.375,0,0.0,0.0
2000-12-28 00:00:00+09:00,77999.375,77999.375,77999.375,77999.375,0,0.0,0.0
2000-12-29 00:00:00+09:00,77999.375,77999.375,77999.375,77999.375,0,0.0,0.0
2001-01-01 00:00:00+09:00,77999.375,77999.375,77999.375,77999.375,0,0.0,0.0
2001-01-02 00:00:00+09:00,85799.3125,85799.3125,85799.3125,85799.3125,2174,0.0,0.0
2001-01-03 00:00:00+09:00,95999.2265625,95999.2265625,95999.2265625,95999.2265625,7689,0.0,0.0
2001-01-04 00:00:00+09:00,106199.1484375,106199.1484375,106199.1484375,106199.1484375,3929,0.0,0.0
2001-01-05 00:00:00+09:00,99599.203125,99599.203125,99599.203125,99599.203125,3144,0.0,0.0
2001-01-08 00:00:00+09:00,102599.1796875,102599.1796875,102599.1796875,102599.1796875,2269,0.0,0.0
2001-01-09 00:00:00+09:00,110399.1171875,110399.1171875,110399.1171875,110399.1171875,3189,0.0,0.0
2001-01-10 00:00:00+09:00,97199.21875,97199.21875,97199.21875,97199.21875,6369,0.0,0.0
2001-01-11 00:00:00+09:00,102599.1796875,102599.1796875,102599.1796875,102599.1796875,2884,0.0,0.0
2001-01-12 00:00:00+09:00,107399.140625,107399.140625,107399.140625,107399.140625,4169,0.0,0.0
2001-01-15 00:00:00+09:00,112799.09375,112799.09375,112799.09375,112799.09375,6524,0.0,0.0
2001-01-16 00:00:00+09:00,108299.1328125,108299.1328125,108299.1328125,108299.1328125,4054,0.0,0.0
2001-01-17 00:00:00+09:00,113999.0859375,113999.0859375,113999.0859375,113999.0859375,5509,0.0,0.0
2001-01-18 00:00:00+09:00,127498.9765625,127498.9765625,127498.9765625,127498.9765625,7144,0.0,0.0
2001-01-19 00:00:00+09:00,112199.1015625,112199.1015625,112199.1015625,112199.1015625,8019,0.0,0.0
2001-01-22 00:00:00+09:00,122399.015625,122399.015625,122399.015625,122399.015625,7594,0.0,0.0
2001-01-23 00:00:00+09:00,122399.015625,122399.015625,122399.015625,122399.015625,0,0.0,0.0
2001-01-24 00:00:00+09:00,122399.015625,122399.015625,122399.015625,122399.015625,0,0.0,0.0
2001-01-25 00:00:00+09:00,122399.015625,122399.015625,122399.015625,122399.015625,0,0.0,0.0
2001-01-26 00:00:00+09:00,120599.03125,120599.03125,120599.03125,120599.03125,6744,0.0,0.0
2001-01-29 00:00:00+09:00,124199.0,124199.0,124199.0,124199.0,3549,0.0,0.0
2001-01-30 00:00:00+09:00,138898.890625,138898.890625,138898.890625,138898.890625,7464,0.0,0.0
2001-01-31 00:00:00+09:00,137398.890625,137398.890625,137398.890625,137398.890625,4789,0.0,0.0
2001-02-01 00:00:00+09:00,135298.921875,135298.921875,135298.921875,135298.921875,2374,0.0,0.0
2001-02-02 00:00:00+09:00,131398.953125,131398.953125,131398.953125,131398.953125,2154,0.0,0.0
2001-02-05 00:00:00+09:00,119999.0390625,119999.0390625,119999.0390625,119999.0390625,2329,0.0,0.0
2001-02-06 00:00:00+09:00,124199.0,124199.0,124199.0,124199.0,1764,0.0,0.0
2001-02-07 00:00:00+09:00,118799.046875,118799.046875,118799.046875,118799.046875,1984,0.0,0.0
2001-02-08 00:00:00+09:00,122999.015625,122999.015625,122999.015625,122999.015625,2019,0.0,0.0
2001-02-09 00:00:00+09:00,129598.9609375,129598.9609375,129598.9609375,129598.9609375,6694,0.0,0.0
2001-02-12 00:00:00+09:00,128398.96875,128398.96875,128398.96875,128398.96875,2064,0.0,0.0
2001-02-13 00:00:00+09:00,143698.84375,143698.84375,143698.84375,143698.84375,9854,0.0,0.0
2001-02-14 00:00:00+09:00,145198.828125,145198.828125,145198.828125,145198.828125,10879,0.0,0.0
2001-02-15 00:00:00+09:00,145798.828125,145798.828125,145798.828125,145798.828125,4774,0.0,0.0
2001-02-16 00:00:00+09:00,143998.84375,143998.84375,143998.84375,143998.84375,6989,0.0,0.0
2001-02-19 00:00:00+09:00,143998.84375,143998.84375,143998.84375,143998.84375,2329,0.0,0.0
2001-02-20 00:00:00+09:00,143998.84375,143998.84375,143998.84375,143998.84375,3539,0.0,0.0
2001-02-21 00:00:00+09:00,140998.875,140998.875,140998.875,140998.875,1809,0.0,0.0
2001-02-22 00:00:00+09:00,128698.96875,128698.96875,128698.96875,128698.96875,2949,0.0,0.0
2001-02-23 00:00:00+09:00,130798.953125,130798.953125,130798.953125,130798.953125,2544,0.0,0.0
2001-02-26 00:00:00+09:00,132598.9375,132598.9375,132598.9375,132598.9375,1674,0.0,0.0
2001-02-27 00:00:00+09:00,129598.9609375,129598.9609375,129598.9609375,129598.9609375,3324,0.0,0.0
2001-02-28 00:00:00+09:00,132898.9375,132898.9375,132898.9375,132898.9375,2729,0.0,0.0
2001-03-01 00:00:00+09:00,132898.9375,132898.9375,132898.9375,132898.9375,0,0.0,0.0
2001-03-02 00:00:00+09:00,127798.9765625,127798.9765625,127798.9765625,127798.9765625,6204,0.0,0.0
2001-03-05 00:00:00+09:00,127198.9765625,127198.9765625,127198.9765625,127198.9765625,2449,0.0,0.0
2001-03-06 00:00:00+09:00,134698.921875,134698.921875,134698.921875,134698.921875,5029,0.0,0.0
2001-03-07 00:00:00+09:00,150598.796875,150598.796875,150598.796875,150598.796875,15054,0.0,0.0
2001-03-08 00:00:00+09:00,168598.640625,168598.640625,168598.640625,168598.640625,10414,0.0,0.0
2001-03-09 00:00:00+09:00,172798.609375,172798.609375,172798.609375,172798.609375,39174,0.0,0.0
2001-03-12 00:00:00+09:00,193498.453125,193498.453125,193498.453125,193498.453125,5679,0.0,0.0
2001-03-13 00:00:00+09:00,170398.640625,170398.640625,170398.640625,170398.640625,30634,0.0,0.0
2001-03-14 00:00:00+09:00,167998.65625,167998.65625,167998.65625,167998.65625,24979,0.0,0.0
2001-03-15 00:00:00+09:00,155398.75,155398.75,155398.75,155398.75,13494,0.0,0.0
2001-03-16 00:00:00+09:00,155998.75,155998.75,155998.75,155998.75,16759,0.0,0.0
2001-03-19 00:00:00+09:00,144598.84375,144598.84375,144598.84375,144598.84375,8184,0.0,0.0
2001-03-20 00:00:00+09:00,139798.875,139798.875,139798.875,139798.875,7194,0.0,0.0
2001-03-21 00:00:00+09:00,144898.84375,144898.84375,144898.84375,144898.84375,7329,0.0,0.0
2001-03-22 00:00:00+09:00,136798.90625,136798.90625,136798.90625,136798.90625,4624,0.0,0.0
2001-03-23 00:00:00+09:00,134998.921875,134998.921875,134998.921875,134998.921875,3754,0.0,0.0
2001-03-26 00:00:00+09:00,151198.78125,151198.78125,151198.78125,151198.78125,8134,0.0,0.0
2001-03-27 00:00:00+09:00,143998.84375,143998.84375,143998.84375,143998.84375,15584,0.0,0.0
2001-03-28 00:00:00+09:00,161098.703125,161098.703125,161098.703125,161098.703125,9259,0.0,0.0
2001-03-29 00:00:00+09:00,163798.6875,163798.6875,163798.6875,163798.6875,25669,0.0,0.0
2001-03-30 00:00:00+09:00,153598.765625,153598.765625,153598.765625,153598.765625,19029,0.0,0.0
2001-04-02 00:00:00+09:00,144298.84375,144298.84375,144298.84375,144298.84375,8204,0.0,0.0
2001-04-03 00:00:00+09:00,138598.890625,138598.890625,138598.890625,138598.890625,9259,0.0,0.0
2001-04-04 00:00:00+09:00,131398.953125,131398.953125,131398.953125,131398.953125,5694,0.0,0.0
2001-04-05 00:00:00+09:00,131398.953125,131398.953125,131398.953125,131398.953125,0,0.0,0.0
2001-04-06 00:00:00+09:00,136798.90625,136798.90625,136798.90625,136798.90625,4954,0.0,0.0
2001-04-09 00:00:00+09:00,128998.96875,128998.96875,128998.96875,128998.96875,3399,0.0,0.0
2001-04-10 00:00:00+09:00,130198.953125,130198.953125,130198.953125,130198.953125,5014,0.0,0.0
2001-04-11 00:00:00+09:00,132598.9375,132598.9375,132598.9375,132598.9375,8189,0.0,0.0
2001-04-12 00:00:00+09:00,132298.9375,132298.9375,132298.9375,132298.9375,5339,0.0,0.0
2001-04-13 00:00:00+09:00,132598.9375,132598.9375,132598.9375,132598.9375,3569,0.0,0.0
2001-04-16 00:00:00+09:00,131098.953125,131098.953125,131098.953125,131098.953125,3284,0.0,0.0
2001-04-17 00:00:00+09:00,130198.953125,130198.953125,130198.953125,130198.953125,2214,0.0,0.0
2001-04-18 00:00:00+09:00,139198.890625,139198.890625,139198.890625,139198.890625,13274,0.0,0.0
2001-04-19 00:00:00+09:00,138298.890625,138298.890625,138298.890625,138298.890625,10064,0.0,0.0
2001-04-20 00:00:00+09:00,133198.9375,133198.9375,133198.9375,133198.9375,8434,0.0,0.0
2001-04-23 00:00:00+09:00,122099.09375,122099.09375,122099.09375,122099.09375,7769,0.0,0.0
2001-04-24 00:00:00+09:00,125399.0703125,125399.0703125,125399.0703125,125399.0703125,5909,0.0,0.0
2001-04-25 00:00:00+09:00,125399.0703125,125399.0703125,125399.0703125,125399.0703125,3689,0.0,0.0
2001-04-26 00:00:00+09:00,128999.046875,128999.046875,128999.046875,128999.046875,10144,0.0,0.0
2001-04-27 00:00:00+09:00,127499.0546875,127499.0546875,127499.0546875,127499.0546875,2644,0.0,0.0
2001-04-30 00:00:00+09:00,130199.0390625,130199.0390625,130199.0390625,130199.0390625,4029,0.0,0.0
2001-05-01 00:00:00+09:00,130199.0390625,130199.0390625,130199.0390625,130199.0390625,0,0.0,0.0
2001-05-02 00:00:00+09:00,131699.03125,131699.03125,131699.03125,131699.03125,2654,0.0,0.0
2001-05-03 00:00:00+09:00,126299.0625,126299.0625,126299.0625,126299.0625,2399,0.0,0.0
2001-05-04 00:00:00+09:00,129599.0390625,129599.0390625,129599.0390625,129599.0390625,2299,0.0,0.0
2001-05-07 00:00:00+09:00,129599.0390625,129599.0390625,129599.0390625,129599.0390625,3149,0.0,0.0
2001-05-08 00:00:00+09:00,135299.0,135299.0,135299.0,135299.0,8224,0.0,0.0
2001-05-09 00:00:00+09:00,132599.015625,132599.015625,132599.015625,132599.015625,2079,0.0,0.0
2001-05-10 00:00:00+09:00,134399.0,134399.0,134399.0,134399.0,6599,0.0,0.0
2001-05-11 00:00:00+09:00,133199.015625,133199.015625,133199.015625,133199.015625,3469,0.0,0.0
2001-05-14 00:00:00+09:00,134999.0,134999.0,134999.0,134999.0,5039,0.0,0.0
2001-05-15 00:00:00+09:00,131999.015625,131999.015625,131999.015625,131999.015625,2374,0.0,0.0
2001-05-16 00:00:00+09:00,129599.0390625,129599.0390625,129599.0390625,129599.0390625,2564,0.0,0.0
2001-05-17 00:00:00+09:00,130199.0390625,130199.0390625,130199.0390625,130199.0390625,2884,0.0,0.0
2001-05-18 00:00:00+09:00,128699.046875,128699.046875,128699.046875,128699.046875,3144,0.0,0.0
2001-05-21 00:00:00+09:00,129599.0390625,129599.0390625,129599.0390625,129599.0390625,7279,0.0,0.0
2001-05-22 00:00:00+09:00,126299.0625,126299.0625,126299.0625,126299.0625,1959,0.0,0.0
2001-05-23 00:00:00+09:00,119999.109375,119999.109375,119999.109375,119999.109375,2484,0.0,0.0
2001-05-24 00:00:00+09:00,126599.0625,126599.0625,126599.0625,126599.0625,4944,0.0,0.0
2001-05-25 00:00:00+09:00,124799.078125,124799.078125,124799.078125,124799.078125,2904,0.0,0.0
2001-05-28 00:00:00+09:00,125099.0703125,125099.0703125,125099.0703125,125099.0703125,2029,0.0,0.0
2001-05-29 00:00:00+09:00,134999.0,134999.0,134999.0,134999.0,8039,0.0,0.0
2001-05-30 00:00:00+09:00,136198.984375,136198.984375,136198.984375,136198.984375,3119,0.0,0.0
2001-05-31 00:00:00+09:00,136198.984375,136198.984375,136198.984375,136198.984375,2754,0.0,0.0
2001-06-01 00:00:00+09:00,137998.984375,137998.984375,137998.984375,137998.984375,8004,0.0,0.0
2001-06-04 00:00:00+09:00,137098.984375,137098.984375,137098.984375,137098.984375,3589,0.0,0.0
2001-06-05 00:00:00+09:00,122999.0859375,122999.0859375,122999.0859375,122999.0859375,12679,0.0,0.0
2001-06-06 00:00:00+09:00,122999.0859375,122999.0859375,122999.0859375,122999.0859375,0,0.0,0.0
2001-06-07 00:00:00+09:00,123899.0859375,123899.0859375,123899.0859375,123899.0859375,3059,0.0,0.0
2001-06-08 00:00:00+09:00,124199.078125,124199.078125,124199.078125,124199.078125,2674,0.0,0.0
2001-06-11 00:00:00+09:00,120599.109375,120599.109375,120599.109375,120599.109375,1724,0.0,0.0
2001-06-12 00:00:00+09:00,126599.0625,126599.0625,126599.0625,126599.0625,3094,0.0,0.0
2001-06-13 00:00:00+09:00,123899.0859375,123899.0859375,123899.0859375,123899.0859375,1370,0.0,0.0
2001-06-14 00:00:00+09:00,123899.0859375,123899.0859375,123899.0859375,123899.0859375,920,0.0,0.0
2001-06-15 00:00:00+09:00,123599.0859375,123599.0859375,123599.0859375,123599.0859375,955,0.0,0.0
2001-06-18 00:00:00+09:00,122399.09375,122399.09375,122399.09375,122399.09375,1325,0.0,0.0
2001-06-19 00:00:00+09:00,121199.1015625,121199.1015625,121199.1015625,121199.1015625,1600,0.0,0.0
2001-06-20 00:00:00+09:00,115499.140625,115499.140625,115499.140625,115499.140625,2059,0.0,0.0
2001-06-21 00:00:00+09:00,116399.140625,116399.140625,116399.140625,116399.140625,1085,0.0,0.0
2001-06-22 00:00:00+09:00,114599.1484375,114599.1484375,114599.1484375,114599.1484375,1180,0.0,0.0
2001-06-25 00:00:00+09:00,128099.0546875,128099.0546875,128099.0546875,128099.0546875,5694,0.0,0.0
2001-06-26 00:00:00+09:00,135599.0,135599.0,135599.0,135599.0,21449,0.0,0.0
2001-06-27 00:00:00+09:00,151798.875,151798.875,151798.875,151798.875,20094,0.0,0.0
2001-06-28 00:00:00+09:00,169798.734375,169798.734375,169798.734375,169798.734375,18869,0.0,0.0
2001-06-29 00:00:00+09:00,157198.828125,157198.828125,157198.828125,157198.828125,15304,0.0,0.0
2001-07-02 00:00:00+09:00,175798.703125,175798.703125,175798.703125,175798.703125,4794,0.0,0.0
2001-07-03 00:00:00+09:00,188698.609375,188698.609375,188698.609375,188698.609375,32919,0.0,0.0
2001-07-04 00:00:00+09:00,188398.609375,188398.609375,188398.609375,188398.609375,11474,0.0,0.0
2001-07-05 00:00:00+09:00,179998.671875,179998.671875,179998.671875,179998.671875,6964,0.0,0.0
2001-07-06 00:00:00+09:00,158998.828125,158998.828125,158998.828125,158998.828125,12034,0.0,0.0
2001-07-09 00:00:00+09:00,141298.953125,141298.953125,141298.953125,141298.953125,7534,0.0,0.0
2001-07-10 00:00:00+09:00,158098.828125,158098.828125,158098.828125,158098.828125,6819,0.0,0.0
2001-07-11 00:00:00+09:00,158398.828125,158398.828125,158398.828125,158398.828125,12404,0.0,0.0
2001-07-12 00:00:00+09:00,164098.78125,164098.78125,164098.78125,164098.78125,8394,0.0,0.0
2001-07-13 00:00:00+09:00,145198.921875,145198.921875,145198.921875,145198.921875,6529,0.0,0.0
2001-07-16 00:00:00+09:00,141598.953125,141598.953125,141598.953125,141598.953125,6389,0.0,0.0
2001-07-17 00:00:00+09:00,141598.953125,141598.953125,141598.953125,141598.953125,0,0.0,0.0
2001-07-18 00:00:00+09:00,134999.0,134999.0,134999.0,134999.0,4374,0.0,0.0
2001-07-19 00:00:00+09:00,141298.953125,141298.953125,141298.953125,141298.953125,5864,0.0,0.0
2001-07-20 00:00:00+09:00,137998.984375,137998.984375,137998.984375,137998.984375,3199,0.0,0.0
2001-07-23 00:00:00+09:00,127799.0546875,127799.0546875,127799.0546875,127799.0546875,3409,0.0,0.0
2001-07-24 00:00:00+09:00,134399.0,134399.0,134399.0,134399.0,4324,0.0,0.0
2001-07-25 00:00:00+09:00,131999.015625,131999.015625,131999.015625,131999.015625,3174,0.0,0.0
2001-07-26 00:00:00+09:00,134699.0,134699.0,134699.0,134699.0,1994,0.0,0.0
2001-07-27 00:00:00+09:00,140398.953125,140398.953125,140398.953125,140398.953125,4219,0.0,0.0
2001-07-30 00:00:00+09:00,137998.984375,137998.984375,137998.984375,137998.984375,1759,0.0,0.0
2001-07-31 00:00:00+09:00,136198.984375,136198.984375,136198.984375,136198.984375,1689,0.0,0.0
2001-08-01 00:00:00+09:00,137998.984375,137998.984375,137998.984375,137998.984375,2679,0.0,0.0
2001-08-02 00:00:00+09:00,134999.0,134999.0,134999.0,134999.0,1580,0.0,0.0
2001-08-03 00:00:00+09:00,133199.015625,133199.015625,133199.015625,133199.015625,1729,0.0,0.0
2001-08-06 00:00:00+09:00,149098.890625,149098.890625,149098.890625,149098.890625,3734,0.0,0.0
2001-08-07 00:00:00+09:00,164398.78125,164398.78125,164398.78125,164398.78125,12699,0.0,0.0
2001-08-08 00:00:00+09:00,144898.921875,144898.921875,144898.921875,144898.921875,12889,0.0,0.0
2001-08-09 00:00:00+09:00,137998.984375,137998.984375,137998.984375,137998.984375,10969,0.0,0.0
2001-08-10 00:00:00+09:00,133799.015625,133799.015625,133799.015625,133799.015625,9034,0.0,0.0
2001-08-13 00:00:00+09:00,130499.03125,130499.03125,130499.03125,130499.03125,5274,0.0,0.0
2001-08-14 00:00:00+09:00,130799.03125,130799.03125,130799.03125,130799.03125,6629,0.0,0.0
2001-08-15 00:00:00+09:00,130799.03125,130799.03125,130799.03125,130799.03125,0,0.0,0.0
2001-08-16 00:00:00+09:00,124499.078125,124499.078125,124499.078125,124499.078125,3919,0.0,0.0
2001-08-17 00:00:00+09:00,127199.0546875,127199.0546875,127199.0546875,127199.0546875,4484,0.0,0.0
2001-08-20 00:00:00+09:00,123299.0859375,123299.0859375,123299.0859375,123299.0859375,2639,0.0,0.0
2001-08-21 00:00:00+09:00,130499.03125,130499.03125,130499.03125,130499.03125,19984,0.0,0.0
2001-08-22 00:00:00+09:00,126599.0625,126599.0625,126599.0625,126599.0625,4259,0.0,0.0
2001-08-23 00:00:00+09:00,127199.0546875,127199.0546875,127199.0546875,127199.0546875,3704,0.0,0.0
2001-08-24 00:00:00+09:00,127799.0546875,127799.0546875,127799.0546875,127799.0546875,1445,0.0,0.0
2001-08-27 00:00:00+09:00,128399.046875,128399.046875,128399.046875,128399.046875,2059,0.0,0.0
2001-08-28 00:00:00+09:00,127199.0546875,127199.0546875,127199.0546875,127199.0546875,1485,0.0,0.0
2001-08-29 00:00:00+09:00,122999.0859375,122999.0859375,122999.0859375,122999.0859375,1729,0.0,0.0
2001-08-30 00:00:00+09:00,121799.09375,121799.09375,121799.09375,121799.09375,1235,0.0,0.0
2001-08-31 00:00:00+09:00,118799.1171875,118799.1171875,118799.1171875,118799.1171875,1250,0.0,0.0
2001-09-03 00:00:00+09:00,116099.140625,116099.140625,116099.140625,116099.140625,665,0.0,0.0
2001-09-04 00:00:00+09:00,118199.125,118199.125,118199.125,118199.125,945,0.0,0.0
2001-09-05 00:00:00+09:00,118199.125,118199.125,118199.125,118199.125,1265,0.0,0.0
2001-09-06 00:00:00+09:00,119399.1171875,119399.1171875,119399.1171875,119399.1171875,1635,0.0,0.0
2001-09-07 00:00:00+09:00,118799.1171875,118799.1171875,118799.1171875,118799.1171875,1759,0.0,0.0
2001-09-10 00:00:00+09:00,114599.1484375,114599.1484375,114599.1484375,114599.1484375,1140,0.0,0.0
2001-09-11 00:00:00+09:00,110399.1796875,110399.1796875,110399.1796875,110399.1796875,3189,0.0,0.0
2001-09-12 00:00:00+09:00,97199.28125,97199.28125,97199.28125,97199.28125,20,0.0,0.0
2001-09-13 00:00:00+09:00,85799.3671875,85799.3671875,85799.3671875,85799.3671875,10169,0.0,0.0
2001-09-14 00:00:00+09:00,76199.4375,76199.4375,76199.4375,76199.4375,7154,0.0,0.0
2001-09-17 00:00:00+09:00,67199.5,67199.5,67199.5,67199.5,3529,0.0,0.0
2001-09-18 00:00:00+09:00,74999.4453125,74999.4453125,74999.4453125,74999.4453125,9014,0.0,0.0
2001-09-19 00:00:00+09:00,83999.375,83999.375,83999.375,83999.375,8919,0.0,0.0
2001-09-20 00:00:00+09:00,76799.4296875,76799.4296875,76799.4296875,76799.4296875,5024,0.0,0.0
2001-09-21 00:00:00+09:00,69599.484375,69599.484375,69599.484375,69599.484375,3804,0.0,0.0
2001-09-24 00:00:00+09:00,71399.46875,71399.46875,71399.46875,71399.46875,3854,0.0,0.0
2001-09-25 00:00:00+09:00,66599.5078125,66599.5078125,66599.5078125,66599.5078125,3524,0.0,0.0
2001-09-26 00:00:00+09:00,68999.4921875,68999.4921875,68999.4921875,68999.4921875,1744,0.0,0.0
2001-09-27 00:00:00+09:00,71999.46875,71999.46875,71999.46875,71999.46875,1899,0.0,0.0
2001-09-28 00:00:00+09:00,73199.4609375,73199.4609375,73199.4609375,73199.4609375,3464,0.0,0.0
2001-10-01 00:00:00+09:00,73199.4609375,73199.4609375,73199.4609375,73199.4609375,0,0.0,0.0
2001-10-02 00:00:00+09:00,73199.4609375,73199.4609375,73199.4609375,73199.4609375,0,0.0,0.0
2001-10-03 00:00:00+09:00,73199.4609375,73199.4609375,73199.4609375,73199.4609375,0,0.0,0.0
2001-10-04 00:00:00+09:00,80399.40625,80399.40625,80399.40625,80399.40625,3649,0.0,0.0
2001-10-05 00:00:00+09:00,88499.34375,88499.34375,88499.34375,88499.34375,9289,0.0,0.0
2001-10-08 00:00:00+09:00,81599.3984375,81599.3984375,81599.3984375,81599.3984375,4884,0.0,0.0
2001-10-09 00:00:00+09:00,86399.359375,86399.359375,86399.359375,86399.359375,5184,0.0,0.0
2001-10-10 00:00:00+09:00,85499.3671875,85499.3671875,85499.3671875,85499.3671875,3434,0.0,0.0
2001-10-11 00:00:00+09:00,87599.3515625,87599.3515625,87599.3515625,87599.3515625,4894,0.0,0.0
2001-10-12 00:00:00+09:00,91199.328125,91199.328125,91199.328125,91199.328125,5879,0.0,0.0
2001-10-15 00:00:00+09:00,101999.2421875,101999.2421875,101999.2421875,101999.2421875,7764,0.0,0.0
2001-10-16 00:00:00+09:00,105299.21875,105299.21875,105299.21875,105299.21875,11084,0.0,0.0
2001-10-17 00:00:00+09:00,111599.171875,111599.171875,111599.171875,111599.171875,7899,0.0,0.0
2001-10-18 00:00:00+09:00,109799.1875,109799.1875,109799.1875,109799.1875,3744,0.0,0.0
2001-10-19 00:00:00+09:00,110999.1796875,110999.1796875,110999.1796875,110999.1796875,4829,0.0,0.0
2001-10-22 00:00:00+09:00,111599.171875,111599.171875,111599.171875,111599.171875,3504,0.0,0.0
2001-10-23 00:00:00+09:00,109499.1875,109499.1875,109499.1875,109499.1875,3344,0.0,0.0
2001-10-24 00:00:00+09:00,122399.09375,122399.09375,122399.09375,122399.09375,12704,0.0,0.0
2001-10-25 00:00:00+09:00,136798.984375,136798.984375,136798.984375,136798.984375,7889,0.0,0.0
2001-10-26 00:00:00+09:00,136798.984375,136798.984375,136798.984375,136798.984375,23669,0.0,0.0
2001-10-29 00:00:00+09:00,140398.953125,140398.953125,140398.953125,140398.953125,14214,0.0,0.0
2001-10-30 00:00:00+09:00,124199.078125,124199.078125,124199.078125,124199.078125,7539,0.0,0.0
2001-10-31 00:00:00+09:00,137998.984375,137998.984375,137998.984375,137998.984375,9889,0.0,0.0
2001-11-01 00:00:00+09:00,139198.96875,139198.96875,139198.96875,139198.96875,7224,0.0,0.0
2001-11-02 00:00:00+09:00,139498.96875,139498.96875,139498.96875,139498.96875,11364,0.0,0.0
2001-11-05 00:00:00+09:00,137998.984375,137998.984375,137998.984375,137998.984375,4089,0.0,0.0
2001-11-06 00:00:00+09:00,141598.953125,141598.953125,141598.953125,141598.953125,7849,0.0,0.0
2001-11-07 00:00:00+09:00,144598.921875,144598.921875,144598.921875,144598.921875,7799,0.0,0.0
2001-11-08 00:00:00+09:00,147598.90625,147598.90625,147598.90625,147598.90625,5599,0.0,0.0
2001-11-09 00:00:00+09:00,146398.921875,146398.921875,146398.921875,146398.921875,4244,0.0,0.0
2001-11-12 00:00:00+09:00,148198.90625,148198.90625,148198.90625,148198.90625,6644,0.0,0.0
2001-11-13 00:00:00+09:00,148798.890625,148798.890625,148798.890625,148798.890625,3474,0.0,0.0
2001-11-14 00:00:00+09:00,145798.921875,145798.921875,145798.921875,145798.921875,4124,0.0,0.0
2001-11-15 00:00:00+09:00,139198.96875,139198.96875,139198.96875,139198.96875,5864,0.0,0.0
2001-11-16 00:00:00+09:00,137398.984375,137398.984375,137398.984375,137398.984375,2994,0.0,0.0
2001-11-19 00:00:00+09:00,135899.0,135899.0,135899.0,135899.0,4134,0.0,0.0
2001-11-20 00:00:00+09:00,135599.0,135599.0,135599.0,135599.0,5569,0.0,0.0
2001-11-21 00:00:00+09:00,135899.0,135899.0,135899.0,135899.0,2134,0.0,0.0
2001-11-22 00:00:00+09:00,138598.96875,138598.96875,138598.96875,138598.96875,2539,0.0,0.0
2001-11-23 00:00:00+09:00,138598.96875,138598.96875,138598.96875,138598.96875,2704,0.0,0.0
2001-11-26 00:00:00+09:00,143998.9375,143998.9375,143998.9375,143998.9375,4634,0.0,0.0
2001-11-27 00:00:00+09:00,140398.953125,140398.953125,140398.953125,140398.953125,4084,0.0,0.0
2001-11-28 00:00:00+09:00,136798.984375,136798.984375,136798.984375,136798.984375,4414,0.0,0.0
2001-11-29 00:00:00+09:00,136798.984375,136798.984375,136798.984375,136798.984375,0,0.0,0.0
2001-11-30 00:00:00+09:00,,,,,0,0.0,599.9880002399951
2001-12-03 00:00:00+09:00,130202.1015625,130202.1015625,130202.1015625,130202.1015625,3753,0.0,0.0
2001-12-04 00:00:00+09:00,131402.125,131402.125,131402.125,131402.125,2556,0.0,0.0
2001-12-05 00:00:00+09:00,128402.0703125,128402.0703125,128402.0703125,128402.0703125,1939,0.0,0.0
2001-12-06 00:00:00+09:00,123001.984375,123001.984375,123001.984375,123001.984375,3199,0.0,0.0
2001-12-07 00:00:00+09:00,137402.21875,137402.21875,137402.21875,137402.21875,6216,0.0,0.0
2001-12-10 00:00:00+09:00,134402.171875,134402.171875,134402.171875,134402.171875,4306,0.0,0.0
2001-12-11 00:00:00+09:00,141602.28125,141602.28125,141602.28125,141602.28125,8180,0.0,0.0
2001-12-12 00:00:00+09:00,136802.203125,136802.203125,136802.203125,136802.203125,6157,0.0,0.0
2001-12-13 00:00:00+09:00,132002.125,132002.125,132002.125,132002.125,2971,0.0,0.0
2001-12-14 00:00:00+09:00,130802.109375,130802.109375,130802.109375,130802.109375,2458,0.0,0.0
2001-12-17 00:00:00+09:00,133802.15625,133802.15625,133802.15625,133802.15625,2969,0.0,0.0
2001-12-18 00:00:00+09:00,129002.0859375,129002.0859375,129002.0859375,129002.0859375,1753,0.0,0.0
2001-12-19 00:00:00+09:00,121801.96875,121801.96875,121801.96875,121801.96875,1322,0.0,0.0
2001-12-20 00:00:00+09:00,118801.9140625,118801.9140625,118801.9140625,118801.9140625,1746,0.0,0.0
2001-12-21 00:00:00+09:00,119401.9296875,119401.9296875,119401.9296875,119401.9296875,2959,0.0,0.0
2001-12-24 00:00:00+09:00,120001.9375,120001.9375,120001.9375,120001.9375,2239,0.0,0.0
2001-12-25 00:00:00+09:00,120001.9375,120001.9375,120001.9375,120001.9375,0,0.0,0.0
2001-12-26 00:00:00+09:00,118201.90625,118201.90625,118201.90625,118201.90625,1721,0.0,0.0
2001-12-27 00:00:00+09:00,120601.9453125,120601.9453125,120601.9453125,120601.9453125,825,0.0,0.0
2001-12-28 00:00:00+09:00,121801.96875,121801.96875,121801.96875,121801.96875,1587,0.0,0.0
2001-12-31 00:00:00+09:00,121801.96875,121801.96875,121801.96875,121801.96875,0,0.0,0.0
2002-01-01 00:00:00+09:00,121801.96875,121801.96875,121801.96875,121801.96875,0,0.0,0.0
2002-01-02 00:00:00+09:00,122401.9765625,122401.9765625,122401.9765625,122401.9765625,1913,0.0,0.0
2002-01-03 00:00:00+09:00,129002.0859375,129002.0859375,129002.0859375,129002.0859375,12066,0.0,0.0
2002-01-04 00:00:00+09:00,132602.140625,132602.140625,132602.140625,132602.140625,9187,0.0,0.0
2002-01-07 00:00:00+09:00,132002.125,132002.125,132002.125,132002.125,3894,0.0,0.0
2002-01-08 00:00:00+09:00,123001.984375,123001.984375,123001.984375,123001.984375,2589,0.0,0.0
2002-01-09 00:00:00+09:00,123601.9921875,123601.9921875,123601.9921875,123601.9921875,1834,0.0,0.0
2002-01-10 00:00:00+09:00,119401.9296875,119401.9296875,119401.9296875,119401.9296875,2413,0.0,0.0
2002-01-11 00:00:00+09:00,124202.0078125,124202.0078125,124202.0078125,124202.0078125,3808,0.0,0.0
2002-01-14 00:00:00+09:00,121201.953125,121201.953125,121201.953125,121201.953125,2462,0.0,0.0
2002-01-15 00:00:00+09:00,117601.8984375,117601.8984375,117601.8984375,117601.8984375,2218,0.0,0.0
2002-01-16 00:00:00+09:00,118201.90625,118201.90625,118201.90625,118201.90625,625,0.0,0.0
2002-01-17 00:00:00+09:00,116401.875,116401.875,116401.875,116401.875,1332,0.0,0.0
2002-01-18 00:00:00+09:00,116401.875,116401.875,116401.875,116401.875,710,0.0,0.0
2002-01-21 00:00:00+09:00,112201.8125,112201.8125,112201.8125,112201.8125,1050,0.0,0.0
2002-01-22 00:00:00+09:00,112201.8125,112201.8125,112201.8125,112201.8125,1062,0.0,0.0
2002-01-23 00:00:00+09:00,108601.75,108601.75,108601.75,108601.75,1202,0.0,0.0
2002-01-24 00:00:00+09:00,109201.765625,109201.765625,109201.765625,109201.765625,646,0.0,0.0
2002-01-25 00:00:00+09:00,107401.734375,107401.734375,107401.734375,107401.734375,1105,0.0,0.0
2002-01-28 00:00:00+09:00,109201.765625,109201.765625,109201.765625,109201.765625,1553,0.0,0.0
2002-01-29 00:00:00+09:00,109801.7734375,109801.7734375,109801.7734375,109801.7734375,1138,0.0,0.0
2002-01-30 00:00:00+09:00,105601.703125,105601.703125,105601.703125,105601.703125,593,0.0,0.0
2002-01-31 00:00:00+09:00,107401.734375,107401.734375,107401.734375,107401.734375,512,0.0,0.0
2002-02-01 00:00:00+09:00,106801.7265625,106801.7265625,106801.7265625,106801.7265625,819,0.0,0.0
2002-02-04 00:00:00+09:00,109801.7734375,109801.7734375,109801.7734375,109801.7734375,3167,0.0,0.0
2002-02-05 00:00:00+09:00,108001.7421875,108001.7421875,108001.7421875,108001.7421875,1185,0.0,0.0
2002-02-06 00:00:00+09:00,103201.6640625,103201.6640625,103201.6640625,103201.6640625,887,0.0,0.0
2002-02-07 00:00:00+09:00,100801.625,100801.625,100801.625,100801.625,725,0.0,0.0
2002-02-08 00:00:00+09:00,103801.671875,103801.671875,103801.671875,103801.671875,394,0.0,0.0
2002-02-11 00:00:00+09:00,103801.671875,103801.671875,103801.671875,103801.671875,0,0.0,0.0
2002-02-12 00:00:00+09:00,103801.671875,103801.671875,103801.671875,103801.671875,0,0.0,0.0
2002-02-13 00:00:00+09:00,103801.671875,103801.671875,103801.671875,103801.671875,0,0.0,0.0
2002-02-14 00:00:00+09:00,103801.671875,103801.671875,103801.671875,103801.671875,435,0.0,0.0
2002-02-15 00:00:00+09:00,102001.6484375,102001.6484375,102001.6484375,102001.6484375,263,0.0,0.0
2002-02-18 00:00:00+09:00,100801.625,100801.625,100801.625,100801.625,579,0.0,0.0
2002-02-19 00:00:00+09:00,98401.5859375,98401.5859375,98401.5859375,98401.5859375,826,0.0,0.0
2002-02-20 00:00:00+09:00,95401.5390625,95401.5390625,95401.5390625,95401.5390625,446,0.0,0.0
2002-02-21 00:00:00+09:00,96001.546875,96001.546875,96001.546875,96001.546875,545,0.0,0.0
2002-02-22 00:00:00+09:00,100201.6171875,100201.6171875,100201.6171875,100201.6171875,894,0.0,0.0
2002-02-25 00:00:00+09:00,102601.65625,102601.65625,102601.65625,102601.65625,681,0.0,0.0
2002-02-26 00:00:00+09:00,103801.671875,103801.671875,103801.671875,103801.671875,702,0.0,0.0
2002-02-27 00:00:00+09:00,104401.6875,104401.6875,104401.6875,104401.6875,3779,0.0,0.0
2002-02-28 00:00:00+09:00,105001.6953125,105001.6953125,105001.6953125,105001.6953125,579,0.0,0.0
2002-03-01 00:00:00+09:00,105001.6953125,105001.6953125,105001.6953125,105001.6953125,0,0.0,0.0
2002-03-04 00:00:00+09:00,106801.7265625,106801.7265625,106801.7265625,106801.7265625,1330,0.0,0.0
2002-03-05 00:00:00+09:00,107401.734375,107401.734375,107401.734375,107401.734375,1062,0.0,0.0
2002-03-06 00:00:00+09:00,106801.7265625,106801.7265625,106801.7265625,106801.7265625,658,0.0,0.0
2002-03-07 00:00:00+09:00,105001.6953125,105001.6953125,105001.6953125,105001.6953125,766,0.0,0.0
2002-03-08 00:00:00+09:00,105601.703125,105601.703125,105601.703125,105601.703125,710,0.0,0.0
2002-03-11 00:00:00+09:00,111001.7890625,111001.7890625,111001.7890625,111001.7890625,1789,0.0,0.0
2002-03-12 00:00:00+09:00,115801.8671875,115801.8671875,115801.8671875,115801.8671875,4472,0.0,0.0
2002-03-13 00:00:00+09:00,129602.09375,129602.09375,129602.09375,129602.09375,4897,0.0,0.0
2002-03-14 00:00:00+09:00,144602.328125,144602.328125,144602.328125,144602.328125,11347,0.0,0.0
2002-03-15 00:00:00+09:00,146402.359375,146402.359375,146402.359375,146402.359375,9983,0.0,0.0
2002-03-18 00:00:00+09:00,138602.234375,138602.234375,138602.234375,138602.234375,5430,0.0,0.0
2002-03-19 00:00:00+09:00,126002.03125,126002.03125,126002.03125,126002.03125,3820,0.0,0.0
2002-03-20 00:00:00+09:00,129002.0859375,129002.0859375,129002.0859375,129002.0859375,2876,0.0,0.0
2002-03-21 00:00:00+09:00,124202.0078125,124202.0078125,124202.0078125,124202.0078125,1916,0.0,0.0
2002-03-22 00:00:00+09:00,126002.03125,126002.03125,126002.03125,126002.03125,3343,0.0,0.0
2002-03-25 00:00:00+09:00,133202.15625,133202.15625,133202.15625,133202.15625,4560,0.0,0.0
2002-03-26 00:00:00+09:00,126602.046875,126602.046875,126602.046875,126602.046875,1695,0.0,0.0
2002-03-27 00:00:00+09:00,125402.0234375,125402.0234375,125402.0234375,125402.0234375,1767,0.0,0.0
2002-03-28 00:00:00+09:00,126602.046875,126602.046875,126602.046875,126602.046875,1385,0.0,0.0
2002-03-29 00:00:00+09:00,118801.9140625,118801.9140625,118801.9140625,118801.9140625,1829,0.0,0.0
2002-04-01 00:00:00+09:00,119401.9296875,119401.9296875,119401.9296875,119401.9296875,2559,0.0,0.0
2002-04-02 00:00:00+09:00,121201.953125,121201.953125,121201.953125,121201.953125,1682,0.0,0.0
2002-04-03 00:00:00+09:00,130802.109375,130802.109375,130802.109375,130802.109375,7633,0.0,0.0
2002-04-04 00:00:00+09:00,120001.9375,120001.9375,120001.9375,120001.9375,2859,0.0,0.0
2002-04-05 00:00:00+09:00,120001.9375,120001.9375,120001.9375,120001.9375,0,0.0,0.0
2002-04-08 00:00:00+09:00,122401.9765625,122401.9765625,122401.9765625,122401.9765625,1401,0.0,0.0
2002-04-09 00:00:00+09:00,118201.90625,118201.90625,118201.90625,118201.90625,1353,0.0,0.0
2002-04-10 00:00:00+09:00,111601.8046875,111601.8046875,111601.8046875,111601.8046875,1421,0.0,0.0
2002-04-11 00:00:00+09:00,111601.8046875,111601.8046875,111601.8046875,111601.8046875,653,0.0,0.0
2002-04-12 00:00:00+09:00,124802.015625,124802.015625,124802.015625,124802.015625,2210,0.0,0.0
2002-04-15 00:00:00+09:00,139202.25,139202.25,139202.25,139202.25,10775,0.0,0.0
2002-04-16 00:00:00+09:00,138602.234375,138602.234375,138602.234375,138602.234375,7964,0.0,0.0
2002-04-17 00:00:00+09:00,135602.1875,135602.1875,135602.1875,135602.1875,5513,0.0,0.0
2002-04-18 00:00:00+09:00,139802.25,139802.25,139802.25,139802.25,11308,0.0,0.0
2002-04-19 00:00:00+09:00,124802.015625,124802.015625,124802.015625,124802.015625,4805,0.0,0.0
2002-04-22 00:00:00+09:00,129002.0859375,129002.0859375,129002.0859375,129002.0859375,4513,0.0,0.0
2002-04-23 00:00:00+09:00,120001.9375,120001.9375,120001.9375,120001.9375,3702,0.0,0.0
2002-04-24 00:00:00+09:00,114001.84375,114001.84375,114001.84375,114001.84375,1839,0.0,0.0
2002-04-25 00:00:00+09:00,105601.703125,105601.703125,105601.703125,105601.703125,1635,0.0,0.0
2002-04-26 00:00:00+09:00,108601.75,108601.75,108601.75,108601.75,1099,0.0,0.0
2002-04-29 00:00:00+09:00,121201.953125,121201.953125,121201.953125,121201.953125,3043,0.0,0.0
2002-04-30 00:00:00+09:00,114601.8515625,114601.8515625,114601.8515625,114601.8515625,7283,0.0,0.0
2002-05-01 00:00:00+09:00,114601.8515625,114601.8515625,114601.8515625,114601.8515625,0,0.0,0.0
2002-05-02 00:00:00+09:00,113401.828125,113401.828125,113401.828125,113401.828125,2356,0.0,0.0
2002-05-03 00:00:00+09:00,111001.7890625,111001.7890625,111001.7890625,111001.7890625,1327,0.0,0.0
2002-05-06 00:00:00+09:00,109801.7734375,109801.7734375,109801.7734375,109801.7734375,1503,0.0,0.0
2002-05-07 00:00:00+09:00,111601.8046875,111601.8046875,111601.8046875,111601.8046875,1332,0.0,0.0
2002-05-08 00:00:00+09:00,112201.8125,112201.8125,112201.8125,112201.8125,983,0.0,0.0
2002-05-09 00:00:00+09:00,112801.8203125,112801.8203125,112801.8203125,112801.8203125,4001,0.0,0.0
2002-05-10 00:00:00+09:00,109801.7734375,109801.7734375,109801.7734375,109801.7734375,1370,0.0,0.0
2002-05-13 00:00:00+09:00,108001.7421875,108001.7421875,108001.7421875,108001.7421875,1775,0.0,0.0
2002-05-14 00:00:00+09:00,109201.765625,109201.765625,109201.765625,109201.765625,1457,0.0,0.0
2002-05-15 00:00:00+09:00,111601.8046875,111601.8046875,111601.8046875,111601.8046875,1340,0.0,0.0
2002-05-16 00:00:00+09:00,110401.78125,110401.78125,110401.78125,110401.78125,1113,0.0,0.0
2002-05-17 00:00:00+09:00,112201.8125,112201.8125,112201.8125,112201.8125,1660,0.0,0.0
2002-05-20 00:00:00+09:00,112201.8125,112201.8125,112201.8125,112201.8125,1178,0.0,0.0
2002-05-21 00:00:00+09:00,110401.78125,110401.78125,110401.78125,110401.78125,3788,0.0,0.0
2002-05-22 00:00:00+09:00,112801.8203125,112801.8203125,112801.8203125,112801.8203125,2400,0.0,0.0
2002-05-23 00:00:00+09:00,116401.875,116401.875,116401.875,116401.875,3073,0.0,0.0
2002-05-24 00:00:00+09:00,117001.890625,117001.890625,117001.890625,117001.890625,16212,0.0,0.0
2002-05-27 00:00:00+09:00,115801.8671875,115801.8671875,115801.8671875,115801.8671875,3312,0.0,0.0
2002-05-28 00:00:00+09:00,121801.96875,121801.96875,121801.96875,121801.96875,12076,0.0,0.0
2002-05-29 00:00:00+09:00,135602.1875,135602.1875,135602.1875,135602.1875,18134,0.0,0.0
2002-05-30 00:00:00+09:00,119401.9296875,119401.9296875,119401.9296875,119401.9296875,8183,0.0,0.0
2002-05-31 00:00:00+09:00,110401.78125,110401.78125,110401.78125,110401.78125,4534,0.0,0.0
2002-06-03 00:00:00+09:00,108601.75,108601.75,108601.75,108601.75,3879,0.0,0.0
2002-06-04 00:00:00+09:00,105601.703125,105601.703125,105601.703125,105601.703125,3509,0.0,0.0
2002-06-05 00:00:00+09:00,110401.78125,110401.78125,110401.78125,110401.78125,4232,0.0,0.0
2002-06-06 00:00:00+09:00,110401.78125,110401.78125,110401.78125,110401.78125,0,0.0,0.0
2002-06-07 00:00:00+09:00,108001.7421875,108001.7421875,108001.7421875,108001.7421875,1367,0.0,0.0
2002-06-10 00:00:00+09:00,116401.875,116401.875,116401.875,116401.875,5489,0.0,0.0
2002-06-11 00:00:00+09:00,117001.890625,117001.890625,117001.890625,117001.890625,13316,0.0,0.0
2002-06-12 00:00:00+09:00,115801.8671875,115801.8671875,115801.8671875,115801.8671875,1779,0.0,0.0
2002-06-13 00:00:00+09:00,115801.8671875,115801.8671875,115801.8671875,115801.8671875,0,0.0,0.0
2002-06-14 00:00:00+09:00,111001.7890625,111001.7890625,111001.7890625,111001.7890625,1304,0.0,0.0
2002-06-17 00:00:00+09:00,109801.7734375,109801.7734375,109801.7734375,109801.7734375,860,0.0,0.0
2002-06-18 00:00:00+09:00,110401.78125,110401.78125,110401.78125,110401.78125,2049,0.0,0.0
2002-06-19 00:00:00+09:00,105001.6953125,105001.6953125,105001.6953125,105001.6953125,2370,0.0,0.0
2002-06-20 00:00:00+09:00,106201.7109375,106201.7109375,106201.7109375,106201.7109375,1258,0.0,0.0
2002-06-21 00:00:00+09:00,105001.6953125,105001.6953125,105001.6953125,105001.6953125,1138,0.0,0.0
2002-06-24 00:00:00+09:00,100801.625,100801.625,100801.625,100801.625,505,0.0,0.0
2002-06-25 00:00:00+09:00,96001.546875,96001.546875,96001.546875,96001.546875,874,0.0,0.0
2002-06-26 00:00:00+09:00,84601.3671875,84601.3671875,84601.3671875,84601.3671875,1823,0.0,0.0
2002-06-27 00:00:00+09:00,85201.375,85201.375,85201.375,85201.375,2285,0.0,0.0
2002-06-28 00:00:00+09:00,88201.421875,88201.421875,88201.421875,88201.421875,1670,0.0,0.0
2002-07-01 00:00:00+09:00,88201.421875,88201.421875,88201.421875,88201.421875,0,0.0,0.0
2002-07-02 00:00:00+09:00,91201.46875,91201.46875,91201.46875,91201.46875,1566,0.0,0.0
2002-07-03 00:00:00+09:00,91801.484375,91801.484375,91801.484375,91801.484375,854,0.0,0.0
2002-07-04 00:00:00+09:00,92401.4921875,92401.4921875,92401.4921875,92401.4921875,725,0.0,0.0
2002-07-05 00:00:00+09:00,91801.484375,91801.484375,91801.484375,91801.484375,829,0.0,0.0
2002-07-08 00:00:00+09:00,94201.5234375,94201.5234375,94201.5234375,94201.5234375,1006,0.0,0.0
2002-07-09 00:00:00+09:00,99001.6015625,99001.6015625,99001.6015625,99001.6015625,1022,0.0,0.0
2002-07-10 00:00:00+09:00,95401.5390625,95401.5390625,95401.5390625,95401.5390625,1082,0.0,0.0
2002-07-11 00:00:00+09:00,91801.484375,91801.484375,91801.484375,91801.484375,1209,0.0,0.0
2002-07-12 00:00:00+09:00,90601.4609375,90601.4609375,90601.4609375,90601.4609375,1939,0.0,0.0
2002-07-15 00:00:00+09:00,91801.484375,91801.484375,91801.484375,91801.484375,582,0.0,0.0
2002-07-16 00:00:00+09:00,87001.40625,87001.40625,87001.40625,87001.40625,985,0.0,0.0
2002-07-17 00:00:00+09:00,87001.40625,87001.40625,87001.40625,87001.40625,0,0.0,0.0
2002-07-18 00:00:00+09:00,96001.546875,96001.546875,96001.546875,96001.546875,3823,0.0,0.0
2002-07-19 00:00:00+09:00,91801.484375,91801.484375,91801.484375,91801.484375,2065,0.0,0.0
2002-07-22 00:00:00+09:00,85801.3828125,85801.3828125,85801.3828125,85801.3828125,2091,0.0,0.0
2002-07-23 00:00:00+09:00,90001.453125,90001.453125,90001.453125,90001.453125,894,0.0,0.0
2002-07-24 00:00:00+09:00,87001.40625,87001.40625,87001.40625,87001.40625,1089,0.0,0.0
2002-07-25 00:00:00+09:00,88201.421875,88201.421875,88201.421875,88201.421875,1596,0.0,0.0
2002-07-26 00:00:00+09:00,84601.3671875,84601.3671875,84601.3671875,84601.3671875,1118,0.0,0.0
2002-07-29 00:00:00+09:00,83401.34375,83401.34375,83401.34375,83401.34375,625,0.0,0.0
2002-07-30 00:00:00+09:00,85201.375,85201.375,85201.375,85201.375,1178,0.0,0.0
2002-07-31 00:00:00+09:00,84001.359375,84001.359375,84001.359375,84001.359375,444,0.0,0.0
2002-08-01 00:00:00+09:00,88801.4296875,88801.4296875,88801.4296875,88801.4296875,1505,0.0,0.0
2002-08-02 00:00:00+09:00,78601.265625,78601.265625,78601.265625,78601.265625,3269,0.0,0.0
2002-08-05 00:00:00+09:00,78001.2578125,78001.2578125,78001.2578125,78001.2578125,712,0.0,0.0
2002-08-06 00:00:00+09:00,79801.2890625,79801.2890625,79801.2890625,79801.2890625,537,0.0,0.0
2002-08-07 00:00:00+09:00,81001.3046875,81001.3046875,81001.3046875,81001.3046875,655,0.0,0.0
2002-08-08 00:00:00+09:00,79801.2890625,79801.2890625,79801.2890625,79801.2890625,526,0.0,0.0
2002-08-09 00:00:00+09:00,81001.3046875,81001.3046875,81001.3046875,81001.3046875,522,0.0,0.0
2002-08-12 00:00:00+09:00,87001.40625,87001.40625,87001.40625,87001.40625,6154,0.0,0.0
2002-08-13 00:00:00+09:00,78001.2578125,78001.2578125,78001.2578125,78001.2578125,11938,0.0,0.0
2002-08-14 00:00:00+09:00,77401.25,77401.25,77401.25,77401.25,1628,0.0,0.0
2002-08-15 00:00:00+09:00,77401.25,77401.25,77401.25,77401.25,0,0.0,0.0
2002-08-16 00:00:00+09:00,81001.3046875,81001.3046875,81001.3046875,81001.3046875,3857,0.0,0.0
2002-08-19 00:00:00+09:00,81601.3203125,81601.3203125,81601.3203125,81601.3203125,1825,0.0,0.0
2002-08-20 00:00:00+09:00,78001.2578125,78001.2578125,78001.2578125,78001.2578125,2483,0.0,0.0
2002-08-21 00:00:00+09:00,79801.2890625,79801.2890625,79801.2890625,79801.2890625,8920,0.0,0.0
2002-08-22 00:00:00+09:00,78601.265625,78601.265625,78601.265625,78601.265625,1983,0.0,0.0
2002-08-23 00:00:00+09:00,78001.2578125,78001.2578125,78001.2578125,78001.2578125,1911,0.0,0.0
2002-08-26 00:00:00+09:00,76201.2265625,76201.2265625,76201.2265625,76201.2265625,1031,0.0,0.0
2002-08-27 00:00:00+09:00,76801.2421875,76801.2421875,76801.2421875,76801.2421875,1119,0.0,0.0
2002-08-28 00:00:00+09:00,71401.15625,71401.15625,71401.15625,71401.15625,3091,0.0,0.0
2002-08-29 00:00:00+09:00,70801.140625,70801.140625,70801.140625,70801.140625,1682,0.0,0.0
2002-08-30 00:00:00+09:00,69601.125,69601.125,69601.125,69601.125,1604,0.0,0.0
2002-09-02 00:00:00+09:00,61800.99609375,61800.99609375,61800.99609375,61800.99609375,1656,0.0,0.0
2002-09-03 00:00:00+09:00,64201.03515625,64201.03515625,64201.03515625,64201.03515625,4610,0.0,0.0
2002-09-04 00:00:00+09:00,64801.046875,64801.046875,64801.046875,64801.046875,1265,0.0,0.0
2002-09-05 00:00:00+09:00,69601.125,69601.125,69601.125,69601.125,8769,0.0,0.0
2002-09-06 00:00:00+09:00,72001.1640625,72001.1640625,72001.1640625,72001.1640625,25598,0.0,0.0
2002-09-09 00:00:00+09:00,69601.125,69601.125,69601.125,69601.125,3400,0.0,0.0
2002-09-10 00:00:00+09:00,63001.015625,63001.015625,63001.015625,63001.015625,2128,0.0,0.0
2002-09-11 00:00:00+09:00,51599.03515625,51599.03515625,51599.03515625,51599.03515625,2640,0.0,0.0
2002-09-12 00:00:00+09:00,51599.03515625,51599.03515625,51599.03515625,51599.03515625,1648,0.0,0.0
2002-09-13 00:00:00+09:00,49799.06640625,49799.06640625,49799.06640625,49799.06640625,665,0.0,0.0
2002-09-16 00:00:00+09:00,49799.06640625,49799.06640625,49799.06640625,49799.06640625,880,0.0,0.0
2002-09-17 00:00:00+09:00,50399.05859375,50399.05859375,50399.05859375,50399.05859375,674,0.0,0.0
2002-09-18 00:00:00+09:00,47999.1015625,47999.1015625,47999.1015625,47999.1015625,343,0.0,0.0
2002-09-19 00:00:00+09:00,49799.06640625,49799.06640625,49799.06640625,49799.06640625,1801,0.0,0.0
2002-09-20 00:00:00+09:00,49799.06640625,49799.06640625,49799.06640625,49799.06640625,0,0.0,0.0
2002-09-23 00:00:00+09:00,47999.1015625,47999.1015625,47999.1015625,47999.1015625,858,0.0,0.0
2002-09-24 00:00:00+09:00,44399.16796875,44399.16796875,44399.16796875,44399.16796875,372,0.0,0.0
2002-09-25 00:00:00+09:00,41999.21484375,41999.21484375,41999.21484375,41999.21484375,215,0.0,0.0
2002-09-26 00:00:00+09:00,46799.125,46799.125,46799.125,46799.125,1929,0.0,0.0
2002-09-27 00:00:00+09:00,47399.11328125,47399.11328125,47399.11328125,47399.11328125,1137,0.0,0.0
2002-09-30 00:00:00+09:00,50399.05859375,50399.05859375,50399.05859375,50399.05859375,4042,0.0,0.0
2002-10-01 00:00:00+09:00,51599.03515625,51599.03515625,51599.03515625,51599.03515625,2319,0.0,0.0
2002-10-02 00:00:00+09:00,52199.0234375,52199.0234375,52199.0234375,52199.0234375,4165,0.0,0.0
2002-10-03 00:00:00+09:00,52199.0234375,52199.0234375,52199.0234375,52199.0234375,0,0.0,0.0
2002-10-04 00:00:00+09:00,49799.06640625,49799.06640625,49799.06640625,49799.06640625,2133,0.0,0.0
2002-10-07 00:00:00+09:00,44399.16796875,44399.16796875,44399.16796875,44399.16796875,1145,0.0,0.0
2002-10-08 00:00:00+09:00,42599.203125,42599.203125,42599.203125,42599.203125,5140,0.0,0.0
2002-10-09 00:00:00+09:00,39599.2578125,39599.2578125,39599.2578125,39599.2578125,1520,0.0,0.0
2002-10-10 00:00:00+09:00,35999.328125,35999.328125,35999.328125,35999.328125,7926,0.0,0.0
2002-10-11 00:00:00+09:00,37799.29296875,37799.29296875,37799.29296875,37799.29296875,3017,0.0,0.0
2002-10-14 00:00:00+09:00,38399.28125,38399.28125,38399.28125,38399.28125,1733,0.0,0.0
2002-10-15 00:00:00+09:00,40799.23828125,40799.23828125,40799.23828125,40799.23828125,4807,0.0,0.0
2002-10-16 00:00:00+09:00,40199.24609375,40199.24609375,40199.24609375,40199.24609375,1290,0.0,0.0
2002-10-17 00:00:00+09:00,40199.24609375,40199.24609375,40199.24609375,40199.24609375,2164,0.0,0.0
2002-10-18 00:00:00+09:00,41999.21484375,41999.21484375,41999.21484375,41999.21484375,2507,0.0,0.0
2002-10-21 00:00:00+09:00,40199.24609375,40199.24609375,40199.24609375,40199.24609375,1039,0.0,0.0
2002-10-22 00:00:00+09:00,37799.29296875,37799.29296875,37799.29296875,37799.29296875,2114,0.0,0.0
2002-10-23 00:00:00+09:00,36599.31640625,36599.31640625,36599.31640625,36599.31640625,2394,0.0,0.0
2002-10-24 00:00:00+09:00,36599.31640625,36599.31640625,36599.31640625,36599.31640625,1329,0.0,0.0
2002-10-25 00:00:00+09:00,36599.31640625,36599.31640625,36599.31640625,36599.31640625,388,0.0,0.0
2002-10-28 00:00:00+09:00,37199.3046875,37199.3046875,37199.3046875,37199.3046875,655,0.0,0.0
2002-10-29 00:00:00+09:00,35999.328125,35999.328125,35999.328125,35999.328125,1463,0.0,0.0
2002-10-30 00:00:00+09:00,35399.3359375,35399.3359375,35399.3359375,35399.3359375,1550,0.0,0.0
2002-10-31 00:00:00+09:00,35399.3359375,35399.3359375,35399.3359375,35399.3359375,1084,0.0,0.0
2002-11-01 00:00:00+09:00,32999.3828125,32999.3828125,32999.3828125,32999.3828125,1178,0.0,0.0
2002-11-04 00:00:00+09:00,32399.39453125,32399.39453125,32399.39453125,32399.39453125,1551,0.0,0.0
2002-11-05 00:00:00+09:00,29399.44921875,29399.44921875,29399.44921875,29399.44921875,2172,0.0,0.0
2002-11-06 00:00:00+09:00,32399.39453125,32399.39453125,32399.39453125,32399.39453125,2264,0.0,0.0
2002-11-07 00:00:00+09:00,31199.416015625,31199.416015625,31199.416015625,31199.416015625,1421,0.0,0.0
2002-11-08 00:00:00+09:00,28799.4609375,28799.4609375,28799.4609375,28799.4609375,2163,0.0,0.0
2002-11-11 00:00:00+09:00,31199.416015625,31199.416015625,31199.416015625,31199.416015625,716,0.0,0.0
2002-11-12 00:00:00+09:00,29999.439453125,29999.439453125,29999.439453125,29999.439453125,809,0.0,0.0
2002-11-13 00:00:00+09:00,29399.44921875,29399.44921875,29399.44921875,29399.44921875,1342,0.0,0.0
2002-11-14 00:00:00+09:00,29399.44921875,29399.44921875,29399.44921875,29399.44921875,928,0.0,0.0
2002-11-15 00:00:00+09:00,31199.416015625,31199.416015625,31199.416015625,31199.416015625,4336,0.0,0.0
2002-11-18 00:00:00+09:00,31199.416015625,31199.416015625,31199.416015625,31199.416015625,3098,0.0,0.0
2002-11-19 00:00:00+09:00,31799.404296875,31799.404296875,31799.404296875,31799.404296875,2873,0.0,0.0
2002-11-20 00:00:00+09:00,30599.427734375,30599.427734375,30599.427734375,30599.427734375,610,0.0,0.0
2002-11-21 00:00:00+09:00,28799.4609375,28799.4609375,28799.4609375,28799.4609375,1674,0.0,0.0
2002-11-22 00:00:00+09:00,28199.47265625,28199.47265625,28199.47265625,28199.47265625,2265,0.0,0.0
2002-11-25 00:00:00+09:00,28199.47265625,28199.47265625,28199.47265625,28199.47265625,444,0.0,0.0
2002-11-26 00:00:00+09:00,26999.494140625,26999.494140625,26999.494140625,26999.494140625,2181,0.0,0.0
2002-11-27 00:00:00+09:00,26399.505859375,26399.505859375,26399.505859375,26399.505859375,2434,0.0,0.0
2002-11-28 00:00:00+09:00,26399.505859375,26399.505859375,26399.505859375,26399.505859375,1392,0.0,0.0
2002-11-29 00:00:00+09:00,29399.44921875,29399.44921875,29399.44921875,29399.44921875,4549,0.0,0.0
2002-12-02 00:00:00+09:00,32399.39453125,32399.39453125,32399.39453125,32399.39453125,10516,0.0,0.0
2002-12-03 00:00:00+09:00,35999.328125,35999.328125,35999.328125,35999.328125,7061,0.0,0.0
2002-12-04 00:00:00+09:00,37799.29296875,37799.29296875,37799.29296875,37799.29296875,15285,0.0,0.0
2002-12-05 00:00:00+09:00,36599.31640625,36599.31640625,36599.31640625,36599.31640625,13428,0.0,0.0
2002-12-06 00:00:00+09:00,38999.26953125,38999.26953125,38999.26953125,38999.26953125,26187,0.0,0.0
2002-12-09 00:00:00+09:00,39599.2578125,39599.2578125,39599.2578125,39599.2578125,29895,0.0,0.0
2002-12-10 00:00:00+09:00,35399.3359375,35399.3359375,35399.3359375,35399.3359375,12469,0.0,0.0
2002-12-11 00:00:00+09:00,32999.3828125,32999.3828125,32999.3828125,32999.3828125,10495,0.0,0.0
2002-12-12 00:00:00+09:00,34199.359375,34199.359375,34199.359375,34199.359375,9888,0.0,0.0
2002-12-13 00:00:00+09:00,32999.3828125,32999.3828125,32999.3828125,32999.3828125,6658,0.0,0.0
2002-12-16 00:00:00+09:00,29399.44921875,29399.44921875,29399.44921875,29399.44921875,12669,0.0,0.0
2002-12-17 00:00:00+09:00,29999.439453125,29999.439453125,29999.439453125,29999.439453125,7914,0.0,0.0
2002-12-18 00:00:00+09:00,28799.4609375,28799.4609375,28799.4609375,28799.4609375,6841,0.0,0.0
2002-12-19 00:00:00+09:00,28799.4609375,28799.4609375,28799.4609375,28799.4609375,0,0.0,0.0
2002-12-20 00:00:00+09:00,28199.47265625,28199.47265625,28199.47265625,28199.47265625,6708,0.0,0.0
2002-12-23 00:00:00+09:00,31199.416015625,31199.416015625,31199.416015625,31199.416015625,21373,0.0,0.0
2002-12-24 00:00:00+09:00,28199.47265625,28199.47265625,28199.47265625,28199.47265625,13747,0.0,0.0
2002-12-25 00:00:00+09:00,28199.47265625,28199.47265625,28199.47265625,28199.47265625,0,0.0,0.0
2002-12-26 00:00:00+09:00,25799.517578125,25799.517578125,25799.517578125,25799.517578125,7936,0.0,0.0
2002-12-27 00:00:00+09:00,23399.5625,23399.5625,23399.5625,23399.5625,7784,0.0,0.0
2002-12-30 00:00:00+09:00,22799.57421875,22799.57421875,22799.57421875,22799.57421875,4401,0.0,0.0
2002-12-31 00:00:00+09:00,22799.57421875,22799.57421875,22799.57421875,22799.57421875,0,0.0,0.0
2003-01-01 00:00:00+09:00,22799.57421875,22799.57421875,22799.57421875,22799.57421875,0,0.0,0.0
2003-01-02 00:00:00+09:00,25199.529296875,25199.529296875,25199.529296875,25199.529296875,8030,0.0,0.0
2003-01-03 00:00:00+09:00,25799.517578125,25799.517578125,25799.517578125,25799.517578125,7389,0.0,0.0
2003-01-06 00:00:00+09:00,26999.494140625,26999.494140625,26999.494140625,26999.494140625,5493,0.0,0.0
2003-01-07 00:00:00+09:00,26399.505859375,26399.505859375,26399.505859375,26399.505859375,8462,0.0,0.0
2003-01-08 00:00:00+09:00,27599.484375,27599.484375,27599.484375,27599.484375,12432,0.0,0.0
2003-01-09 00:00:00+09:00,25199.529296875,25199.529296875,25199.529296875,25199.529296875,9935,0.0,0.0
2003-01-10 00:00:00+09:00,23999.55078125,23999.55078125,23999.55078125,23999.55078125,10659,0.0,0.0
2003-01-13 00:00:00+09:00,26399.505859375,26399.505859375,26399.505859375,26399.505859375,14335,0.0,0.0
2003-01-14 00:00:00+09:00,29399.44921875,29399.44921875,29399.44921875,29399.44921875,24491,0.0,0.0
2003-01-15 00:00:00+09:00,32399.39453125,32399.39453125,32399.39453125,32399.39453125,3665,0.0,0.0
2003-01-16 00:00:00+09:00,35999.328125,35999.328125,35999.328125,35999.328125,2132,0.0,0.0
2003-01-17 00:00:00+09:00,40199.24609375,40199.24609375,40199.24609375,40199.24609375,126235,0.0,0.0
2003-01-20 00:00:00+09:00,35399.3359375,35399.3359375,35399.3359375,35399.3359375,19522,0.0,0.0
2003-01-21 00:00:00+09:00,35999.328125,35999.328125,35999.328125,35999.328125,98074,0.0,0.0
2003-01-22 00:00:00+09:00,32399.39453125,32399.39453125,32399.39453125,32399.39453125,49741,0.0,0.0
2003-01-23 00:00:00+09:00,33599.37109375,33599.37109375,33599.37109375,33599.37109375,37867,0.0,0.0
2003-01-24 00:00:00+09:00,32999.3828125,32999.3828125,32999.3828125,32999.3828125,68358,0.0,0.0
2003-01-27 00:00:00+09:00,29399.44921875,29399.44921875,29399.44921875,29399.44921875,23966,0.0,0.0
2003-01-28 00:00:00+09:00,27599.484375,27599.484375,27599.484375,27599.484375,13474,0.0,0.0
2003-01-29 00:00:00+09:00,25799.517578125,25799.517578125,25799.517578125,25799.517578125,15852,0.0,0.0
2003-01-30 00:00:00+09:00,26999.494140625,26999.494140625,26999.494140625,26999.494140625,24734,0.0,0.0
2003-01-31 00:00:00+09:00,26999.494140625,26999.494140625,26999.494140625,26999.494140625,0,0.0,0.0
2003-02-03 00:00:00+09:00,29999.439453125,29999.439453125,29999.439453125,29999.439453125,19821,0.0,0.0
2003-02-04 00:00:00+09:00,33599.37109375,33599.37109375,33599.37109375,33599.37109375,47043,0.0,0.0
2003-02-05 00:00:00+09:00,31799.404296875,31799.404296875,31799.404296875,31799.404296875,40264,0.0,0.0
2003-02-06 00:00:00+09:00,35399.3359375,35399.3359375,35399.3359375,35399.3359375,49119,0.0,0.0
2003-02-07 00:00:00+09:00,37799.29296875,37799.29296875,37799.29296875,37799.29296875,68560,0.0,0.0
2003-02-10 00:00:00+09:00,34199.359375,34199.359375,34199.359375,34199.359375,44255,0.0,0.0
2003-02-11 00:00:00+09:00,32999.3828125,32999.3828125,32999.3828125,32999.3828125,31635,0.0,0.0
2003-02-12 00:00:00+09:00,34799.34765625,34799.34765625,34799.34765625,34799.34765625,36338,0.0,0.0
2003-02-13 00:00:00+09:00,38399.28125,38399.28125,38399.28125,38399.28125,57908,0.0,0.0
2003-02-14 00:00:00+09:00,42599.203125,42599.203125,42599.203125,42599.203125,61311,0.0,0.0
2003-02-17 00:00:00+09:00,47399.11328125,47399.11328125,47399.11328125,47399.11328125,61851,0.0,0.0
2003-02-18 00:00:00+09:00,43199.19140625,43199.19140625,43199.19140625,43199.19140625,111783,0.0,0.0
2003-02-19 00:00:00+09:00,47999.1015625,47999.1015625,47999.1015625,47999.1015625,84713,0.0,0.0
2003-02-20 00:00:00+09:00,53399.0,53399.0,53399.0,53399.0,100856,0.0,0.0
2003-02-21 00:00:00+09:00,47399.11328125,47399.11328125,47399.11328125,47399.11328125,81353,0.0,0.0
2003-02-24 00:00:00+09:00,47999.1015625,47999.1015625,47999.1015625,47999.1015625,74113,0.0,0.0
2003-02-25 00:00:00+09:00,42599.203125,42599.203125,42599.203125,42599.203125,42562,0.0,0.0
2003-02-26 00:00:00+09:00,42599.203125,42599.203125,42599.203125,42599.203125,64028,0.0,0.0
2003-02-27 00:00:00+09:00,44999.15625,44999.15625,44999.15625,44999.15625,110149,0.0,0.0
2003-02-28 00:00:00+09:00,43199.19140625,43199.19140625,43199.19140625,43199.19140625,52701,0.0,0.0
2003-03-03 00:00:00+09:00,47999.1015625,47999.1015625,47999.1015625,47999.1015625,62143,0.0,0.0
2003-03-04 00:00:00+09:00,44399.16796875,44399.16796875,44399.16796875,44399.16796875,96012,0.0,0.0
2003-03-05 00:00:00+09:00,40199.24609375,40199.24609375,40199.24609375,40199.24609375,37893,0.0,0.0
2003-03-06 00:00:00+09:00,36599.31640625,36599.31640625,36599.31640625,36599.31640625,35558,0.0,0.0
2003-03-07 00:00:00+09:00,32399.39453125,32399.39453125,32399.39453125,32399.39453125,20063,0.0,0.0
2003-03-10 00:00:00+09:00,29399.44921875,29399.44921875,29399.44921875,29399.44921875,37713,0.0,0.0
2003-03-11 00:00:00+09:00,26999.494140625,26999.494140625,26999.494140625,26999.494140625,15385,0.0,0.0
2003-03-12 00:00:00+09:00,28199.47265625,28199.47265625,28199.47265625,28199.47265625,22093,0.0,0.0
2003-03-13 00:00:00+09:00,30599.427734375,30599.427734375,30599.427734375,30599.427734375,54126,0.0,0.0
2003-03-14 00:00:00+09:00,28799.4609375,28799.4609375,28799.4609375,28799.4609375,25956,0.0,0.0
2003-03-17 00:00:00+09:00,25799.517578125,25799.517578125,25799.517578125,25799.517578125,13329,0.0,0.0
2003-03-18 00:00:00+09:00,26399.505859375,26399.505859375,26399.505859375,26399.505859375,19132,0.0,0.0
2003-03-19 00:00:00+09:00,26399.505859375,26399.505859375,26399.505859375,26399.505859375,26375,0.0,0.0
2003-03-20 00:00:00+09:00,28199.47265625,28199.47265625,28199.47265625,28199.47265625,18878,0.0,0.0
2003-03-21 00:00:00+09:00,31199.416015625,31199.416015625,31199.416015625,31199.416015625,34420,0.0,0.0
2003-03-24 00:00:00+09:00,29999.439453125,29999.439453125,29999.439453125,29999.439453125,24770,0.0,0.0
2003-03-25 00:00:00+09:00,26999.494140625,26999.494140625,26999.494140625,26999.494140625,21963,0.0,0.0
2003-03-26 00:00:00+09:00,27599.484375,27599.484375,27599.484375,27599.484375,9193,0.0,0.0
2003-03-27 00:00:00+09:00,27599.484375,27599.484375,27599.484375,27599.484375,12047,0.0,0.0
2003-03-28 00:00:00+09:00,28799.4609375,28799.4609375,28799.4609375,28799.4609375,19667,0.0,0.0
2003-03-31 00:00:00+09:00,26999.494140625,26999.494140625,26999.494140625,26999.494140625,8218,0.0,0.0
2003-04-01 00:00:00+09:00,28199.47265625,28199.47265625,28199.47265625,28199.47265625,11904,0.0,0.0
2003-04-02 00:00:00+09:00,28199.47265625,28199.47265625,28199.47265625,28199.47265625,65006,0.0,0.0
2003-04-03 00:00:00+09:00,27599.484375,27599.484375,27599.484375,27599.484375,11411,0.0,0.0
2003-04-04 00:00:00+09:00,26999.494140625,26999.494140625,26999.494140625,26999.494140625,21087,0.0,0.0
2003-04-07 00:00:00+09:00,28199.47265625,28199.47265625,28199.47265625,28199.47265625,8036,0.0,0.0
2003-04-08 00:00:00+09:00,26999.494140625,26999.494140625,26999.494140625,26999.494140625,6730,0.0,0.0
2003-04-09 00:00:00+09:00,26399.505859375,26399.505859375,26399.505859375,26399.505859375,4787,0.0,0.0
2003-04-10 00:00:00+09:00,25799.517578125,25799.517578125,25799.517578125,25799.517578125,7287,0.0,0.0
2003-04-11 00:00:00+09:00,26399.505859375,26399.505859375,26399.505859375,26399.505859375,8260,0.0,0.0
2003-04-14 00:00:00+09:00,28799.4609375,28799.4609375,28799.4609375,28799.4609375,27268,0.0,0.0
2003-04-15 00:00:00+09:00,29999.439453125,29999.439453125,29999.439453125,29999.439453125,46795,0.0,0.0
2003-04-16 00:00:00+09:00,33599.37109375,33599.37109375,33599.37109375,33599.37109375,43945,0.0,0.0
2003-04-17 00:00:00+09:00,32399.39453125,32399.39453125,32399.39453125,32399.39453125,23977,0.0,0.0
2003-04-18 00:00:00+09:00,32999.3828125,32999.3828125,32999.3828125,32999.3828125,25278,0.0,0.0
2003-04-21 00:00:00+09:00,34199.359375,34199.359375,34199.359375,34199.359375,16722,0.0,0.0
2003-04-22 00:00:00+09:00,31799.404296875,31799.404296875,31799.404296875,31799.404296875,15000,0.0,0.0
2003-04-23 00:00:00+09:00,32999.3828125,32999.3828125,32999.3828125,32999.3828125,22897,0.0,0.0
2003-04-24 00:00:00+09:00,35399.3359375,35399.3359375,35399.3359375,35399.3359375,41800,0.0,0.0
2003-04-25 00:00:00+09:00,31199.416015625,31199.416015625,31199.416015625,31199.416015625,19484,0.0,0.0
2003-04-28 00:00:00+09:00,28199.47265625,28199.47265625,28199.47265625,28199.47265625,13185,0.0,0.0
2003-04-29 00:00:00+09:00,29399.44921875,29399.44921875,29399.44921875,29399.44921875,11529,0.0,0.0
2003-04-30 00:00:00+09:00,28799.4609375,28799.4609375,28799.4609375,28799.4609375,11267,0.0,0.0
2003-05-01 00:00:00+09:00,28799.4609375,28799.4609375,28799.4609375,28799.4609375,0,0.0,0.0
2003-05-02 00:00:00+09:00,28799.4609375,28799.4609375,28799.4609375,28799.4609375,5805,0.0,0.0
2003-05-05 00:00:00+09:00,28799.4609375,28799.4609375,28799.4609375,28799.4609375,0,0.0,0.0
2003-05-06 00:00:00+09:00,31199.416015625,31199.416015625,31199.416015625,31199.416015625,23365,0.0,0.0
2003-05-07 00:00:00+09:00,29399.44921875,29399.44921875,29399.44921875,29399.44921875,6979,0.0,0.0
2003-05-08 00:00:00+09:00,29399.44921875,29399.44921875,29399.44921875,29399.44921875,0,0.0,0.0
2003-05-09 00:00:00+09:00,30599.427734375,30599.427734375,30599.427734375,30599.427734375,56372,0.0,0.0
2003-05-12 00:00:00+09:00,30599.427734375,30599.427734375,30599.427734375,30599.427734375,13925,0.0,0.0
2003-05-13 00:00:00+09:00,28799.4609375,28799.4609375,28799.4609375,28799.4609375,7802,0.0,0.0
2003-05-14 00:00:00+09:00,29399.44921875,29399.44921875,29399.44921875,29399.44921875,7797,0.0,0.0
2003-05-15 00:00:00+09:00,28799.4609375,28799.4609375,28799.4609375,28799.4609375,5013,0.0,0.0
2003-05-16 00:00:00+09:00,28799.4609375,28799.4609375,28799.4609375,28799.4609375,0,0.0,0.0
2003-05-19 00:00:00+09:00,26399.505859375,26399.505859375,26399.505859375,26399.505859375,11720,0.0,0.0
2003-05-20 00:00:00+09:00,26999.494140625,26999.494140625,26999.494140625,26999.494140625,4740,0.0,0.0
2003-05-21 00:00:00+09:00,28799.4609375,28799.4609375,28799.4609375,28799.4609375,7102,0.0,0.0
2003-05-22 00:00:00+09:00,26999.494140625,26999.494140625,26999.494140625,26999.494140625,11123,0.0,0.0
2003-05-23 00:00:00+09:00,26399.505859375,26399.505859375,26399.505859375,26399.505859375,4251,0.0,0.0
2003-05-26 00:00:00+09:00,26399.505859375,26399.505859375,26399.505859375,26399.505859375,11771,0.0,0.0
2003-05-27 00:00:00+09:00,26399.505859375,26399.505859375,26399.505859375,26399.505859375,5676,0.0,0.0
2003-05-28 00:00:00+09:00,26999.494140625,26999.494140625,26999.494140625,26999.494140625,19736,0.0,0.0
2003-05-29 00:00:00+09:00,26399.505859375,26399.505859375,26399.505859375,26399.505859375,7987,0.0,0.0
2003-05-30 00:00:00+09:00,27599.484375,27599.484375,27599.484375,27599.484375,47036,0.0,0.0
2003-06-02 00:00:00+09:00,28199.47265625,28199.47265625,28199.47265625,28199.47265625,5409,0.0,0.0
2003-06-03 00:00:00+09:00,26399.505859375,26399.505859375,26399.505859375,26399.505859375,10156,0.0,0.0
2003-06-04 00:00:00+09:00,26399.505859375,26399.505859375,26399.505859375,26399.505859375,3036,0.0,0.0
2003-06-05 00:00:00+09:00,26399.505859375,26399.505859375,26399.505859375,26399.505859375,9373,0.0,0.0
2003-06-06 00:00:00+09:00,26399.505859375,26399.505859375,26399.505859375,26399.505859375,0,0.0,0.0
2003-06-09 00:00:00+09:00,26999.494140625,26999.494140625,26999.494140625,26999.494140625,2976,0.0,0.0
2003-06-10 00:00:00+09:00,26399.505859375,26399.505859375,26399.505859375,26399.505859375,5815,0.0,0.0
2003-06-11 00:00:00+09:00,25199.529296875,25199.529296875,25199.529296875,25199.529296875,5071,0.0,0.0
2003-06-12 00:00:00+09:00,26399.505859375,26399.505859375,26399.505859375,26399.505859375,6315,0.0,0.0
2003-06-13 00:00:00+09:00,25799.517578125,25799.517578125,25799.517578125,25799.517578125,4059,0.0,0.0
2003-06-16 00:00:00+09:00,25799.517578125,25799.517578125,25799.517578125,25799.517578125,4066,0.0,0.0
2003-06-17 00:00:00+09:00,25199.529296875,25199.529296875,25199.529296875,25199.529296875,5196,0.0,0.0
2003-06-18 00:00:00+09:00,26399.505859375,26399.505859375,26399.505859375,26399.505859375,12277,0.0,0.0
2003-06-19 00:00:00+09:00,26399.505859375,26399.505859375,26399.505859375,26399.505859375,9279,0.0,0.0
2003-06-20 00:00:00+09:00,26999.494140625,26999.494140625,26999.494140625,26999.494140625,8927,0.0,0.0
2003-06-23 00:00:00+09:00,28799.4609375,28799.4609375,28799.4609375,28799.4609375,60781,0.0,0.0
2003-06-24 00:00:00+09:00,26999.494140625,26999.494140625,26999.494140625,26999.494140625,15302,0.0,0.0
2003-06-25 00:00:00+09:00,26999.494140625,26999.494140625,26999.494140625,26999.494140625,17112,0.0,0.0
2003-06-26 00:00:00+09:00,26399.505859375,26399.505859375,26399.505859375,26399.505859375,14137,0.0,0.0
2003-06-27 00:00:00+09:00,25799.517578125,25799.517578125,25799.517578125,25799.517578125,9088,0.0,0.0
2003-06-30 00:00:00+09:00,25799.517578125,25799.517578125,25799.517578125,25799.517578125,5147,0.0,0.0
2003-07-01 00:00:00+09:00,25799.517578125,25799.517578125,25799.517578125,25799.517578125,10733,0.0,0.0
2003-07-02 00:00:00+09:00,26399.505859375,26399.505859375,26399.505859375,26399.505859375,8775,0.0,0.0
2003-07-03 00:00:00+09:00,25799.517578125,25799.517578125,25799.517578125,25799.517578125,7673,0.0,0.0
2003-07-04 00:00:00+09:00,25799.517578125,25799.517578125,25799.517578125,25799.517578125,5590,0.0,0.0
2003-07-07 00:00:00+09:00,25799.517578125,25799.517578125,25799.517578125,25799.517578125,4278,0.0,0.0
2003-07-08 00:00:00+09:00,26399.505859375,26399.505859375,26399.505859375,26399.505859375,19594,0.0,0.0
2003-07-09 00:00:00+09:00,29399.44921875,29399.44921875,29399.44921875,29399.44921875,30770,0.0,0.0
2003-07-10 00:00:00+09:00,29399.44921875,29399.44921875,29399.44921875,29399.44921875,63634,0.0,0.0
2003-07-11 00:00:00+09:00,28199.47265625,28199.47265625,28199.47265625,28199.47265625,16158,0.0,0.0
2003-07-14 00:00:00+09:00,29999.439453125,29999.439453125,29999.439453125,29999.439453125,16761,0.0,0.0
2003-07-15 00:00:00+09:00,27599.484375,27599.484375,27599.484375,27599.484375,19517,0.0,0.0
2003-07-16 00:00:00+09:00,28199.47265625,28199.47265625,28199.47265625,28199.47265625,7240,0.0,0.0
2003-07-17 00:00:00+09:00,28199.47265625,28199.47265625,28199.47265625,28199.47265625,0,0.0,0.0
2003-07-18 00:00:00+09:00,26999.494140625,26999.494140625,26999.494140625,26999.494140625,9741,0.0,0.0
2003-07-21 00:00:00+09:00,26399.505859375,26399.505859375,26399.505859375,26399.505859375,7727,0.0,0.0
2003-07-22 00:00:00+09:00,25799.517578125,25799.517578125,25799.517578125,25799.517578125,7862,0.0,0.0
2003-07-23 00:00:00+09:00,26099.51171875,26099.51171875,26099.51171875,26099.51171875,4536,0.0,0.0
2003-07-24 00:00:00+09:00,24899.533203125,24899.533203125,24899.533203125,24899.533203125,8140,0.0,0.0
2003-07-25 00:00:00+09:00,24599.5390625,24599.5390625,24599.5390625,24599.5390625,4262,0.0,0.0
2003-07-28 00:00:00+09:00,25199.529296875,25199.529296875,25199.529296875,25199.529296875,4029,0.0,0.0
2003-07-29 00:00:00+09:00,26399.505859375,26399.505859375,26399.505859375,26399.505859375,20526,0.0,0.0
2003-07-30 00:00:00+09:00,26999.494140625,26999.494140625,26999.494140625,26999.494140625,19020,0.0,0.0
2003-07-31 00:00:00+09:00,26999.494140625,26999.494140625,26999.494140625,26999.494140625,19844,0.0,0.0
2003-08-01 00:00:00+09:00,29999.439453125,29999.439453125,29999.439453125,29999.439453125,23542,0.0,0.0
2003-08-04 00:00:00+09:00,33599.37109375,33599.37109375,33599.37109375,33599.37109375,60489,0.0,0.0
2003-08-05 00:00:00+09:00,36599.31640625,36599.31640625,36599.31640625,36599.31640625,56639,0.0,0.0
2003-08-06 00:00:00+09:00,32399.39453125,32399.39453125,32399.39453125,32399.39453125,27164,0.0,0.0
2003-08-07 00:00:00+09:00,31499.41015625,31499.41015625,31499.41015625,31499.41015625,26570,0.0,0.0
2003-08-08 00:00:00+09:00,31499.41015625,31499.41015625,31499.41015625,31499.41015625,18372,0.0,0.0
2003-08-11 00:00:00+09:00,31799.404296875,31799.404296875,31799.404296875,31799.404296875,23677,0.0,0.0
2003-08-12 00:00:00+09:00,29999.439453125,29999.439453125,29999.439453125,29999.439453125,37151,0.0,0.0
2003-08-13 00:00:00+09:00,26399.505859375,26399.505859375,26399.505859375,26399.505859375,22601,0.0,0.0
2003-08-14 00:00:00+09:00,23399.5625,23399.5625,23399.5625,23399.5625,19210,0.0,0.0
2003-08-15 00:00:00+09:00,23399.5625,23399.5625,23399.5625,23399.5625,0,0.0,0.0
2003-08-18 00:00:00+09:00,23999.55078125,23999.55078125,23999.55078125,23999.55078125,22755,0.0,0.0
2003-08-19 00:00:00+09:00,23399.5625,23399.5625,23399.5625,23399.5625,11715,0.0,0.0
2003-08-20 00:00:00+09:00,23699.556640625,23699.556640625,23699.556640625,23699.556640625,6266,0.0,0.0
2003-08-21 00:00:00+09:00,23399.5625,23399.5625,23399.5625,23399.5625,5725,0.0,0.0
2003-08-22 00:00:00+09:00,26099.51171875,26099.51171875,26099.51171875,26099.51171875,16041,0.0,0.0
2003-08-25 00:00:00+09:00,24599.5390625,24599.5390625,24599.5390625,24599.5390625,4291,0.0,0.0
2003-08-26 00:00:00+09:00,26699.5,26699.5,26699.5,26699.5,21496,0.0,0.0
2003-08-27 00:00:00+09:00,26699.5,26699.5,26699.5,26699.5,4969,0.0,0.0
2003-08-28 00:00:00+09:00,24899.533203125,24899.533203125,24899.533203125,24899.533203125,5282,0.0,0.0
2003-08-29 00:00:00+09:00,25199.529296875,25199.529296875,25199.529296875,25199.529296875,4075,0.0,0.0
2003-09-01 00:00:00+09:00,23999.55078125,23999.55078125,23999.55078125,23999.55078125,5704,0.0,0.0
2003-09-02 00:00:00+09:00,23999.55078125,23999.55078125,23999.55078125,23999.55078125,4469,0.0,0.0
2003-09-03 00:00:00+09:00,24599.5390625,24599.5390625,24599.5390625,24599.5390625,8938,0.0,0.0
2003-09-04 00:00:00+09:00,23999.55078125,23999.55078125,23999.55078125,23999.55078125,2588,0.0,0.0
2003-09-05 00:00:00+09:00,23699.556640625,23699.556640625,23699.556640625,23699.556640625,2478,0.0,0.0
2003-09-08 00:00:00+09:00,25799.517578125,25799.517578125,25799.517578125,25799.517578125,13819,0.0,0.0
2003-09-09 00:00:00+09:00,25799.517578125,25799.517578125,25799.517578125,25799.517578125,4263,0.0,0.0
2003-09-10 00:00:00+09:00,25799.517578125,25799.517578125,25799.517578125,25799.517578125,0,0.0,0.0
2003-09-11 00:00:00+09:00,25799.517578125,25799.517578125,25799.517578125,25799.517578125,0,0.0,0.0
2003-09-12 00:00:00+09:00,25799.517578125,25799.517578125,25799.517578125,25799.517578125,0,0.0,0.0
2003-09-15 00:00:00+09:00,24899.533203125,24899.533203125,24899.533203125,24899.533203125,3512,0.0,0.0
2003-09-16 00:00:00+09:00,23999.55078125,23999.55078125,23999.55078125,23999.55078125,3584,0.0,0.0
2003-09-17 00:00:00+09:00,23999.55078125,23999.55078125,23999.55078125,23999.55078125,5774,0.0,0.0
2003-09-18 00:00:00+09:00,23999.55078125,23999.55078125,23999.55078125,23999.55078125,3961,0.0,0.0
2003-09-19 00:00:00+09:00,24599.5390625,24599.5390625,24599.5390625,24599.5390625,5112,0.0,0.0
2003-09-22 00:00:00+09:00,23699.556640625,23699.556640625,23699.556640625,23699.556640625,7249,0.0,0.0
2003-09-23 00:00:00+09:00,22799.57421875,22799.57421875,22799.57421875,22799.57421875,4954,0.0,0.0
2003-09-24 00:00:00+09:00,22799.57421875,22799.57421875,22799.57421875,22799.57421875,2832,0.0,0.0
2003-09-25 00:00:00+09:00,21899.58984375,21899.58984375,21899.58984375,21899.58984375,3415,0.0,0.0
2003-09-26 00:00:00+09:00,22499.580078125,22499.580078125,22499.580078125,22499.580078125,2301,0.0,0.0
2003-09-29 00:00:00+09:00,22199.583984375,22199.583984375,22199.583984375,22199.583984375,14394,0.0,0.0
2003-09-30 00:00:00+09:00,24599.5390625,24599.5390625,24599.5390625,24599.5390625,14449,0.0,0.0
2003-10-01 00:00:00+09:00,24299.544921875,24299.544921875,24299.544921875,24299.544921875,11262,0.0,0.0
2003-10-02 00:00:00+09:00,22799.57421875,22799.57421875,22799.57421875,22799.57421875,6896,0.0,0.0
2003-10-03 00:00:00+09:00,22799.57421875,22799.57421875,22799.57421875,22799.57421875,0,0.0,0.0
2003-10-06 00:00:00+09:00,23699.556640625,23699.556640625,23699.556640625,23699.556640625,3166,0.0,0.0
2003-10-07 00:00:00+09:00,22799.57421875,22799.57421875,22799.57421875,22799.57421875,2970,0.0,0.0
2003-10-08 00:00:00+09:00,23099.568359375,23099.568359375,23099.568359375,23099.568359375,1773,0.0,0.0
2003-10-09 00:00:00+09:00,22499.580078125,22499.580078125,22499.580078125,22499.580078125,3958,0.0,0.0
2003-10-10 00:00:00+09:00,23099.568359375,23099.568359375,23099.568359375,23099.568359375,2554,0.0,0.0
2003-10-13 00:00:00+09:00,22499.580078125,22499.580078125,22499.580078125,22499.580078125,1439,0.0,0.0
2003-10-14 00:00:00+09:00,22199.583984375,22199.583984375,22199.583984375,22199.583984375,3415,0.0,0.0
2003-10-15 00:00:00+09:00,21899.58984375,21899.58984375,21899.58984375,21899.58984375,1306,0.0,0.0
2003-10-16 00:00:00+09:00,21899.58984375,21899.58984375,21899.58984375,21899.58984375,1807,0.0,0.0
2003-10-17 00:00:00+09:00,22799.57421875,22799.57421875,22799.57421875,22799.57421875,2493,0.0,0.0
2003-10-20 00:00:00+09:00,22199.583984375,22199.583984375,22199.583984375,22199.583984375,2920,0.0,0.0
2003-10-21 00:00:00+09:00,22499.580078125,22499.580078125,22499.580078125,22499.580078125,2323,0.0,0.0
2003-10-22 00:00:00+09:00,21899.58984375,21899.58984375,21899.58984375,21899.58984375,3367,0.0,0.0
2003-10-23 00:00:00+09:00,21899.58984375,21899.58984375,21899.58984375,21899.58984375,1578,0.0,0.0
2003-10-24 00:00:00+09:00,22199.583984375,22199.583984375,22199.583984375,22199.583984375,1842,0.0,0.0
2003-10-27 00:00:00+09:00,21899.58984375,21899.58984375,21899.58984375,21899.58984375,3177,0.0,0.0
2003-10-28 00:00:00+09:00,21599.595703125,21599.595703125,21599.595703125,21599.595703125,3192,0.0,0.0
2003-10-29 00:00:00+09:00,20999.607421875,20999.607421875,20999.607421875,20999.607421875,4454,0.0,0.0
2003-10-30 00:00:00+09:00,19199.640625,19199.640625,19199.640625,19199.640625,9437,0.0,0.0
2003-10-31 00:00:00+09:00,19499.634765625,19499.634765625,19499.634765625,19499.634765625,2856,0.0,0.0
2003-11-03 00:00:00+09:00,19199.640625,19199.640625,19199.640625,19199.640625,5520,0.0,0.0
2003-11-04 00:00:00+09:00,20099.625,20099.625,20099.625,20099.625,7201,0.0,0.0
2003-11-05 00:00:00+09:00,20999.607421875,20999.607421875,20999.607421875,20999.607421875,5500,0.0,0.0
2003-11-06 00:00:00+09:00,19799.62890625,19799.62890625,19799.62890625,19799.62890625,3176,0.0,0.0
2003-11-07 00:00:00+09:00,19499.634765625,19499.634765625,19499.634765625,19499.634765625,10557,0.0,0.0
2003-11-10 00:00:00+09:00,18599.65234375,18599.65234375,18599.65234375,18599.65234375,3854,0.0,0.0
2003-11-11 00:00:00+09:00,17699.66796875,17699.66796875,17699.66796875,17699.66796875,4813,0.0,0.0
2003-11-12 00:00:00+09:00,18299.658203125,18299.658203125,18299.658203125,18299.658203125,1127,0.0,0.0
2003-11-13 00:00:00+09:00,17999.6640625,17999.6640625,17999.6640625,17999.6640625,983,0.0,0.0
2003-11-14 00:00:00+09:00,17999.6640625,17999.6640625,17999.6640625,17999.6640625,1605,0.0,0.0
2003-11-17 00:00:00+09:00,20099.625,20099.625,20099.625,20099.625,8972,0.0,0.0
2003-11-18 00:00:00+09:00,22499.580078125,22499.580078125,22499.580078125,22499.580078125,12605,0.0,0.0
2003-11-19 00:00:00+09:00,22199.583984375,22199.583984375,22199.583984375,22199.583984375,76260,0.0,0.0
2003-11-20 00:00:00+09:00,20699.61328125,20699.61328125,20699.61328125,20699.61328125,20459,0.0,0.0
2003-11-21 00:00:00+09:00,18899.646484375,18899.646484375,18899.646484375,18899.646484375,16709,0.0,0.0
2003-11-24 00:00:00+09:00,18299.658203125,18299.658203125,18299.658203125,18299.658203125,7515,0.0,0.0
2003-11-25 00:00:00+09:00,17999.6640625,17999.6640625,17999.6640625,17999.6640625,8492,0.0,0.0
2003-11-26 00:00:00+09:00,20099.625,20099.625,20099.625,20099.625,3211,0.0,0.0
2003-11-27 00:00:00+09:00,19499.634765625,19499.634765625,19499.634765625,19499.634765625,39702,0.0,0.0
2003-11-28 00:00:00+09:00,18299.658203125,18299.658203125,18299.658203125,18299.658203125,17960,0.0,0.0
2003-12-01 00:00:00+09:00,18599.65234375,18599.65234375,18599.65234375,18599.65234375,18383,0.0,0.0
2003-12-02 00:00:00+09:00,18599.65234375,18599.65234375,18599.65234375,18599.65234375,8412,0.0,0.0
2003-12-03 00:00:00+09:00,18599.65234375,18599.65234375,18599.65234375,18599.65234375,16761,0.0,0.0
2003-12-04 00:00:00+09:00,18299.658203125,18299.658203125,18299.658203125,18299.658203125,13185,0.0,0.0
2003-12-05 00:00:00+09:00,18599.65234375,18599.65234375,18599.65234375,18599.65234375,12236,0.0,0.0
2003-12-08 00:00:00+09:00,17999.6640625,17999.6640625,17999.6640625,17999.6640625,7667,0.0,0.0
2003-12-09 00:00:00+09:00,17999.6640625,17999.6640625,17999.6640625,17999.6640625,6322,0.0,0.0
2003-12-10 00:00:00+09:00,19799.62890625,19799.62890625,19799.62890625,19799.62890625,88750,0.0,0.0
2003-12-11 00:00:00+09:00,17999.6640625,17999.6640625,17999.6640625,17999.6640625,26157,0.0,0.0
2003-12-12 00:00:00+09:00,18299.658203125,18299.658203125,18299.658203125,18299.658203125,11529,0.0,0.0
2003-12-15 00:00:00+09:00,19199.640625,19199.640625,19199.640625,19199.640625,23427,0.0,0.0
2003-12-16 00:00:00+09:00,17099.6796875,17099.6796875,17099.6796875,17099.6796875,1170,0.0,0.0
2003-12-17 00:00:00+09:00,15299.7138671875,15300.0,15300.0,15299.7138671875,804,0.0,0.0
2003-12-18 00:00:00+09:00,13499.7470703125,14100.0,13500.0,13499.7470703125,67098,0.0,0.0
2003-12-19 00:00:00+09:00,12299.76953125,13200.0,12000.0,12299.76953125,80197,0.0,0.0
2003-12-22 00:00:00+09:00,13499.7470703125,13500.0,12600.0,13499.7470703125,45939,0.0,0.0
2003-12-23 00:00:00+09:00,12299.76953125,14400.0,12300.0,12299.76953125,83558,0.0,0.0
2003-12-24 00:00:00+09:00,11099.7919921875,13200.0,11100.0,11099.7919921875,97594,0.0,0.0
2003-12-25 00:00:00+09:00,11099.7919921875,11099.7919921875,11099.7919921875,11099.7919921875,0,0.0,0.0
2003-12-26 00:00:00+09:00,11399.787109375,11700.0,11100.0,11399.787109375,25946,0.0,0.0
2003-12-29 00:00:00+09:00,10199.8095703125,11400.0,10200.0,10199.8095703125,25750,0.0,0.0
2003-12-30 00:00:00+09:00,9899.814453125,10800.0,9900.0,9899.814453125,21932,0.0,0.0
2003-12-31 00:00:00+09:00,9899.814453125,9899.814453125,9899.814453125,9899.814453125,0,0.0,0.0
2004-01-01 00:00:00+09:00,9899.814453125,9899.814453125,9899.814453125,9899.814453125,0,0.0,0.0
2004-01-02 00:00:00+09:00,10799.7978515625,10800.0,10200.0,10799.7978515625,19753,0.0,0.0
2004-01-05 00:00:00+09:00,10199.8095703125,11400.0,10200.0,10199.8095703125,28094,0.0,0.0
2004-01-06 00:00:00+09:00,10499.8037109375,10500.0,9600.0,10499.8037109375,20814,0.0,0.0
2004-01-07 00:00:00+09:00,10199.8095703125,10800.0,9900.0,10199.8095703125,10433,0.0,0.0
2004-01-08 00:00:00+09:00,10799.7978515625,10800.0,9600.0,10799.7978515625,16571,0.0,0.0
2004-01-09 00:00:00+09:00,11999.775390625,12000.0,10800.0,11999.775390625,39381,0.0,0.0
2004-01-12 00:00:00+09:00,12899.7587890625,13200.0,12000.0,12899.7587890625,49316,0.0,0.0
2004-01-13 00:00:00+09:00,11399.787109375,12900.0,11400.0,11399.787109375,7457,0.0,0.0
2004-01-14 00:00:00+09:00,10199.8095703125,10200.0,10200.0,10199.8095703125,2784,0.0,0.0
2004-01-15 00:00:00+09:00,8999.83203125,9000.0,9000.0,8999.83203125,1874,0.0,0.0
2004-01-16 00:00:00+09:00,9899.814453125,9900.0,9000.0,9899.814453125,60203,0.0,0.0
2004-01-19 00:00:00+09:00,10799.7978515625,10800.0,10200.0,10799.7978515625,27334,0.0,0.0
2004-01-20 00:00:00+09:00,9899.814453125,11100.0,9600.0,9899.814453125,17231,0.0,0.0
2004-01-21 00:00:00+09:00,9899.814453125,9899.814453125,9899.814453125,9899.814453125,0,0.0,0.0
2004-01-22 00:00:00+09:00,9899.814453125,9899.814453125,9899.814453125,9899.814453125,0,0.0,0.0
2004-01-23 00:00:00+09:00,9899.814453125,9899.814453125,9899.814453125,9899.814453125,0,0.0,0.0
2004-01-26 00:00:00+09:00,8999.83203125,9900.0,9000.0,8999.83203125,19558,0.0,0.0
2004-01-27 00:00:00+09:00,9899.814453125,9900.0,9000.0,9899.814453125,11290,0.0,0.0
2004-01-28 00:00:00+09:00,10799.7978515625,10800.0,10800.0,10799.7978515625,4613,0.0,0.0
2004-01-29 00:00:00+09:00,11999.775390625,12000.0,12000.0,11999.775390625,3800,0.0,0.0
2004-01-30 00:00:00+09:00,11999.775390625,13200.0,11400.0,11999.775390625,35725,0.0,0.0
2004-02-02 00:00:00+09:00,12599.7646484375,12600.0,10800.0,12599.7646484375,18790,0.0,0.0
2004-02-03 00:00:00+09:00,11999.775390625,13200.0,11700.0,11999.775390625,6057,0.0,0.0
2004-02-04 00:00:00+09:00,11999.775390625,12300.0,11100.0,11999.775390625,9474,0.0,0.0
2004-02-05 00:00:00+09:00,11399.787109375,11700.0,10800.0,11399.787109375,10898,0.0,0.0
2004-02-06 00:00:00+09:00,11699.78125,12000.0,11100.0,11699.78125,4273,0.0,0.0
2004-02-09 00:00:00+09:00,12899.7587890625,12900.0,11400.0,12899.7587890625,17943,0.0,0.0
2004-02-10 00:00:00+09:00,13199.7529296875,13200.0,12000.0,13199.7529296875,6223,0.0,0.0
2004-02-11 00:00:00+09:00,13499.7470703125,14100.0,12300.0,13499.7470703125,8682,0.0,0.0
2004-02-12 00:00:00+09:00,14099.736328125,15000.0,13500.0,14099.736328125,11309,0.0,0.0
2004-02-13 00:00:00+09:00,14399.73046875,15000.0,12600.0,14399.73046875,15096,0.0,0.0
2004-02-16 00:00:00+09:00,12899.7587890625,15000.0,12900.0,12899.7587890625,18227,0.0,0.0
2004-02-17 00:00:00+09:00,11999.775390625,12900.0,11400.0,11999.775390625,19295,0.0,0.0
2004-02-18 00:00:00+09:00,11699.78125,12600.0,11700.0,11699.78125,6052,0.0,0.0
2004-02-19 00:00:00+09:00,11699.78125,12000.0,11100.0,11699.78125,7918,0.0,0.0
2004-02-20 00:00:00+09:00,11399.787109375,12300.0,11400.0,11399.787109375,9092,0.0,0.0
2004-02-23 00:00:00+09:00,11099.7919921875,12300.0,10800.0,11099.7919921875,23277,0.0,0.0
2004-02-24 00:00:00+09:00,12299.76953125,12300.0,11400.0,12299.76953125,59462,0.0,0.0
2004-02-25 00:00:00+09:00,12299.76953125,13500.0,12000.0,12299.76953125,21972,0.0,0.0
2004-02-26 00:00:00+09:00,11999.775390625,13200.0,11700.0,11999.775390625,11459,0.0,0.0
2004-02-27 00:00:00+09:00,11050.5341796875,11050.5341796875,11050.5341796875,11050.5341796875,0,0.0,0.5999988000024
2004-03-01 00:00:00+09:00,11999.99609375,11999.99609375,11999.99609375,11999.99609375,0,0.0,0.0
2004-03-02 00:00:00+09:00,11999.99609375,11999.99609375,11999.99609375,11999.99609375,0,0.0,0.0
2004-03-03 00:00:00+09:00,11999.99609375,11999.99609375,11999.99609375,11999.99609375,0,0.0,0.0
2004-03-04 00:00:00+09:00,11999.99609375,11999.99609375,11999.99609375,11999.99609375,0,0.0,0.0
2004-03-05 00:00:00+09:00,11999.99609375,11999.99609375,11999.99609375,11999.99609375,0,0.0,0.0
2004-03-08 00:00:00+09:00,11999.99609375,11999.99609375,11999.99609375,11999.99609375,0,0.0,0.0
2004-03-09 00:00:00+09:00,11999.99609375,11999.99609375,11999.99609375,11999.99609375,0,0.0,0.0
2004-03-10 00:00:00+09:00,11999.99609375,11999.99609375,11999.99609375,11999.99609375,0,0.0,0.0
2004-03-11 00:00:00+09:00,11999.99609375,11999.99609375,11999.99609375,11999.99609375,0,0.0,0.0
2004-03-12 00:00:00+09:00,11999.99609375,11999.99609375,11999.99609375,11999.99609375,0,0.0,0.0
2004-03-15 00:00:00+09:00,11999.99609375,11999.99609375,11999.99609375,11999.99609375,0,0.0,0.0
2004-03-16 00:00:00+09:00,11999.99609375,11999.99609375,11999.99609375,11999.99609375,0,0.0,0.0
2004-03-17 00:00:00+09:00,11999.99609375,11999.99609375,11999.99609375,11999.99609375,0,0.0,0.0
2004-03-18 00:00:00+09:00,11999.99609375,11999.99609375,11999.99609375,11999.99609375,0,0.0,0.0
2004-03-19 00:00:00+09:00,11999.99609375,11999.99609375,11999.99609375,11999.99609375,0,0.0,0.0
2004-03-22 00:00:00+09:00,11999.99609375,11999.99609375,11999.99609375,11999.99609375,0,0.0,0.0
2004-03-23 00:00:00+09:00,11999.99609375,11999.99609375,11999.99609375,11999.99609375,0,0.0,0.0
2004-03-24 00:00:00+09:00,11999.99609375,11999.99609375,11999.99609375,11999.99609375,0,0.0,0.0
2004-03-25 00:00:00+09:00,15000.0,17400.0,13740.0,15000.0,28695,0.0,0.0
2004-03-26 00:00:00+09:00,13230.0,15000.0,13200.0,13230.0,12445,0.0,0.0
2004-03-29 00:00:00+09:00,14310.0,14520.0,13320.0,14310.0,5237,0.0,0.0
2004-03-30 00:00:00+09:00,14580.0,14640.0,13590.0,14580.0,2391,0.0,0.0
2004-03-31 00:00:00+09:00,14550.0,14580.0,13920.0,14550.0,4940,0.0,0.0
2004-04-01 00:00:00+09:00,14340.0,14940.0,13920.0,14340.0,2414,0.0,0.0
2004-04-02 00:00:00+09:00,14100.0,14580.0,14100.0,14100.0,8402,0.0,0.0
2004-04-05 00:00:00+09:00,14100.0,14100.0,14100.0,14100.0,0,0.0,0.0
2004-04-06 00:00:00+09:00,15780.0,15780.0,14100.0,15780.0,9880,0.0,0.0
2004-04-07 00:00:00+09:00,17670.0,17670.0,15090.0,17670.0,11716,0.0,0.0
2004-04-08 00:00:00+09:00,19140.0,19710.0,18000.0,19140.0,10943,0.0,0.0
2004-04-09 00:00:00+09:00,19380.0,19380.0,18840.0,19380.0,14923,0.0,0.0
2004-04-12 00:00:00+09:00,19710.0,21270.0,19170.0,19710.0,21767,0.0,0.0
2004-04-13 00:00:00+09:00,18900.0,19920.0,18600.0,18900.0,8851,0.0,0.0
2004-04-14 00:00:00+09:00,19200.0,20100.0,18900.0,19200.0,2589,0.0,0.0
2004-04-15 00:00:00+09:00,19200.0,19200.0,19200.0,19200.0,0,0.0,0.0
2004-04-16 00:00:00+09:00,19200.0,19500.0,18660.0,19200.0,2817,0.0,0.0
2004-04-19 00:00:00+09:00,17760.0,19710.0,16920.0,17760.0,7775,0.0,0.0
2004-04-20 00:00:00+09:00,19050.0,19740.0,17760.0,19050.0,7002,0.0,0.0
2004-04-21 00:00:00+09:00,19680.0,19860.0,18690.0,19680.0,7305,0.0,0.0
2004-04-22 00:00:00+09:00,21900.0,22020.0,20400.0,21900.0,51314,0.0,0.0
2004-04-23 00:00:00+09:00,22200.0,24000.0,21600.0,22200.0,13452,0.0,0.0
2004-04-26 00:00:00+09:00,19980.0,22260.0,19920.0,19980.0,23040,0.0,0.0
2004-04-27 00:00:00+09:00,19800.0,20640.0,19500.0,19800.0,7073,0.0,0.0
2004-04-28 00:00:00+09:00,19740.0,20400.0,19350.0,19740.0,11346,0.0,0.0
2004-04-29 00:00:00+09:00,20190.0,21540.0,18540.0,20190.0,7765,0.0,0.0
2004-04-30 00:00:00+09:00,21840.0,21870.0,20100.0,21840.0,10897,0.0,0.0
2004-05-03 00:00:00+09:00,20940.0,21600.0,20400.0,20940.0,10438,0.0,0.0
2004-05-04 00:00:00+09:00,20940.0,21360.0,20400.0,20940.0,3018,0.0,0.0
2004-05-05 00:00:00+09:00,20940.0,20940.0,20940.0,20940.0,0,0.0,0.0
2004-05-06 00:00:00+09:00,20460.0,21000.0,20130.0,20130.0,17814,0.0,0.0
2004-05-07 00:00:00+09:00,18300.0,20880.0,18300.0,20280.0,3339,0.0,0.0
2004-05-10 00:00:00+09:00,19800.0,20820.0,18000.0,20280.0,8339,0.0,0.0
2004-05-11 00:00:00+09:00,19500.0,20280.0,18600.0,20070.0,1411,0.0,0.0
2004-05-12 00:00:00+09:00,18780.0,21000.0,18780.0,19200.0,4855,0.0,0.0
2004-05-13 00:00:00+09:00,18600.0,20100.0,18600.0,19140.0,3074,0.0,0.0
2004-05-14 00:00:00+09:00,18900.0,19710.0,18120.0,19170.0,13899,0.0,0.0
2004-05-17 00:00:00+09:00,19170.0,19200.0,16920.0,19170.0,3935,0.0,0.0
2004-05-18 00:00:00+09:00,19080.0,19200.0,17430.0,19020.0,3547,0.0,0.0
2004-05-19 00:00:00+09:00,17040.0,19140.0,17040.0,18990.0,12419,0.0,0.0
2004-05-20 00:00:00+09:00,18810.0,18900.0,18240.0,18840.0,3974,0.0,0.0
2004-05-21 00:00:00+09:00,19140.0,20400.0,18420.0,18900.0,22341,0.0,0.0
2004-05-24 00:00:00+09:00,18900.0,20100.0,18900.0,19740.0,7626,0.0,0.0
2004-05-25 00:00:00+09:00,20100.0,22080.0,19500.0,22020.0,38794,0.0,0.0
2004-05-26 00:00:00+09:00,22020.0,22020.0,22020.0,22020.0,0,0.0,0.0
2004-05-27 00:00:00+09:00,22680.0,22680.0,20400.0,21510.0,13826,0.0,0.0
2004-05-28 00:00:00+09:00,21000.0,21000.0,18930.0,19500.0,12828,0.0,0.0
2004-05-31 00:00:00+09:00,18480.0,20340.0,18300.0,19800.0,51789,0.0,0.0
2004-06-01 00:00:00+09:00,19380.0,20280.0,18840.0,18900.0,17600,0.0,0.0
2004-06-02 00:00:00+09:00,18870.0,19470.0,18690.0,19320.0,30313,0.0,0.0
2004-06-03 00:00:00+09:00,19500.0,19500.0,18060.0,18900.0,2309,0.0,0.0
2004-06-04 00:00:00+09:00,18300.0,19080.0,17520.0,18900.0,7381,0.0,0.0
2004-06-07 00:00:00+09:00,19080.0,19200.0,17790.0,18390.0,3501,0.0,0.0
2004-06-08 00:00:00+09:00,16230.0,19020.0,16230.0,18420.0,5637,0.0,0.0
2004-06-09 00:00:00+09:00,18840.0,19080.0,18060.0,18480.0,9268,0.0,0.0
2004-06-10 00:00:00+09:00,19200.0,19200.0,17400.0,18540.0,1555,0.0,0.0
2004-06-11 00:00:00+09:00,19200.0,19200.0,17400.0,18300.0,737,0.0,0.0
2004-06-14 00:00:00+09:00,17460.0,18420.0,17400.0,18090.0,3654,0.0,0.0
2004-06-15 00:00:00+09:00,17100.0,18300.0,16950.0,17970.0,258,0.0,0.0
2004-06-16 00:00:00+09:00,16890.0,18000.0,15840.0,17970.0,2945,0.0,0.0
2004-06-17 00:00:00+09:00,17430.0,18000.0,16350.0,17640.0,3586,0.0,0.0
2004-06-18 00:00:00+09:00,16800.0,17580.0,16800.0,17430.0,4300,0.0,0.0
2004-06-21 00:00:00+09:00,16620.0,17400.0,15420.0,17340.0,5147,0.0,0.0
2004-06-22 00:00:00+09:00,17400.0,17400.0,16260.0,17400.0,3994,0.0,0.0
2004-06-23 00:00:00+09:00,17400.0,18780.0,17400.0,18660.0,4959,0.0,0.0
2004-06-24 00:00:00+09:00,19200.0,19200.0,18060.0,19020.0,9496,0.0,0.0
2004-06-25 00:00:00+09:00,18420.0,19110.0,18000.0,18570.0,3136,0.0,0.0
2004-06-28 00:00:00+09:00,18570.0,18870.0,18480.0,18540.0,10295,0.0,0.0
2004-06-29 00:00:00+09:00,18720.0,18720.0,18240.0,18570.0,694,0.0,0.0
2004-06-30 00:00:00+09:00,18270.0,19140.0,16860.0,17580.0,2525,0.0,0.0
2004-07-01 00:00:00+09:00,18870.0,18870.0,17580.0,18030.0,2686,0.0,0.0
2004-07-02 00:00:00+09:00,16890.0,18540.0,16890.0,18060.0,1867,0.0,0.0
2004-07-05 00:00:00+09:00,18000.0,18000.0,17430.0,17850.0,3964,0.0,0.0
2004-07-06 00:00:00+09:00,17940.0,18060.0,16860.0,17910.0,5564,0.0,0.0
2004-07-07 00:00:00+09:00,17280.0,18300.0,16920.0,18000.0,9861,0.0,0.0
2004-07-08 00:00:00+09:00,17760.0,19140.0,17760.0,18300.0,8208,0.0,0.0
2004-07-09 00:00:00+09:00,18300.0,18780.0,17760.0,18060.0,11914,0.0,0.0
2004-07-12 00:00:00+09:00,18900.0,18900.0,18030.0,18060.0,3531,0.0,0.0
2004-07-13 00:00:00+09:00,18030.0,18450.0,18000.0,18000.0,12063,0.0,0.0
2004-07-14 00:00:00+09:00,17700.0,18060.0,17550.0,18030.0,2256,0.0,0.0
2004-07-15 00:00:00+09:00,17100.0,17910.0,17040.0,17040.0,627,0.0,0.0
2004-07-16 00:00:00+09:00,17040.0,17970.0,17040.0,17040.0,1533,0.0,0.0
2004-07-19 00:00:00+09:00,16530.0,17700.0,15030.0,16500.0,445,0.0,0.0
2004-07-20 00:00:00+09:00,16800.0,17400.0,16500.0,17400.0,764,0.0,0.0
2004-07-21 00:00:00+09:00,17400.0,17580.0,17100.0,17580.0,1897,0.0,0.0
2004-07-22 00:00:00+09:00,18600.0,18600.0,17880.0,18180.0,5219,0.0,0.0
2004-07-23 00:00:00+09:00,18900.0,19170.0,17460.0,18840.0,7838,0.0,0.0
2004-07-26 00:00:00+09:00,19380.0,19380.0,17430.0,19320.0,6253,0.0,0.0
2004-07-27 00:00:00+09:00,19470.0,19500.0,17460.0,19140.0,2580,0.0,0.0
2004-07-28 00:00:00+09:00,18000.0,18810.0,16860.0,18360.0,865,0.0,0.0
2004-07-29 00:00:00+09:00,17400.0,18360.0,16860.0,18300.0,3309,0.0,0.0
2004-07-30 00:00:00+09:00,18000.0,19380.0,17430.0,18300.0,20,0.0,0.0
2004-08-02 00:00:00+09:00,16980.0,18420.0,16980.0,18420.0,2828,0.0,0.0
2004-08-03 00:00:00+09:00,17100.0,18000.0,17100.0,18000.0,267,0.0,0.0
2004-08-04 00:00:00+09:00,16680.0,18000.0,16680.0,17940.0,768,0.0,0.0
2004-08-05 00:00:00+09:00,17940.0,18660.0,17100.0,17970.0,906,0.0,0.0
2004-08-06 00:00:00+09:00,17970.0,18060.0,16260.0,18030.0,185,0.0,0.0
2004-08-09 00:00:00+09:00,17400.0,18030.0,16680.0,17970.0,244,0.0,0.0
2004-08-10 00:00:00+09:00,16830.0,17940.0,16740.0,17940.0,105,0.0,0.0
2004-08-11 00:00:00+09:00,16980.0,18840.0,16800.0,18000.0,750,0.0,0.0
2004-08-12 00:00:00+09:00,17160.0,18000.0,17160.0,18000.0,241,0.0,0.0
2004-08-13 00:00:00+09:00,16800.0,18000.0,16800.0,17970.0,3,0.0,0.0
2004-08-16 00:00:00+09:00,18540.0,18540.0,16050.0,16050.0,316,0.0,0.0
2004-08-17 00:00:00+09:00,17370.0,17400.0,15990.0,17400.0,3576,0.0,0.0
2004-08-18 00:00:00+09:00,17400.0,17700.0,16500.0,17700.0,1103,0.0,0.0
2004-08-19 00:00:00+09:00,17400.0,17400.0,16560.0,17400.0,1143,0.0,0.0
2004-08-20 00:00:00+09:00,16860.0,17580.0,16860.0,17550.0,909,0.0,0.0
2004-08-23 00:00:00+09:00,17700.0,17700.0,17010.0,17010.0,54,0.0,0.0
2004-08-24 00:00:00+09:00,17400.0,17400.0,17400.0,17400.0,316,0.0,0.0
2004-08-25 00:00:00+09:00,17400.0,17400.0,16560.0,17310.0,488,0.0,0.0
2004-08-26 00:00:00+09:00,17370.0,17370.0,15840.0,16800.0,4817,0.0,0.0
2004-08-27 00:00:00+09:00,17340.0,17340.0,15600.0,16800.0,1498,0.0,0.0
2004-08-30 00:00:00+09:00,16800.0,16800.0,15600.0,16530.0,2205,0.0,0.0
2004-08-31 00:00:00+09:00,16770.0,16800.0,15600.0,16800.0,1353,0.0,0.0
2004-09-01 00:00:00+09:00,16800.0,16800.0,15600.0,16560.0,4907,0.0,0.0
2004-09-02 00:00:00+09:00,15660.0,16530.0,15570.0,16500.0,3466,0.0,0.0
2004-09-03 00:00:00+09:00,15900.0,16470.0,15900.0,16200.0,337,0.0,0.0
2004-09-06 00:00:00+09:00,15180.0,16770.0,15000.0,16140.0,4331,0.0,0.0
2004-09-07 00:00:00+09:00,14430.0,16140.0,14220.0,16140.0,7409,0.0,0.0
2004-09-08 00:00:00+09:00,15030.0,16140.0,14280.0,15000.0,108762,0.0,0.0
2004-09-09 00:00:00+09:00,15000.0,15000.0,13500.0,13620.0,11032,0.0,0.0
2004-09-10 00:00:00+09:00,13500.0,14640.0,12000.0,12000.0,76142,0.0,0.0
2004-09-13 00:00:00+09:00,11580.0,12090.0,10560.0,10560.0,23053,0.0,0.0
2004-09-14 00:00:00+09:00,10980.0,10980.0,9360.0,9870.0,6927,0.0,0.0
2004-09-15 00:00:00+09:00,10110.0,10110.0,9660.0,9840.0,3070,0.0,0.0
2004-09-16 00:00:00+09:00,8880.0,10860.0,8880.0,10200.0,10887,0.0,0.0
2004-09-17 00:00:00+09:00,10200.0,11280.0,10140.0,10800.0,16630,0.0,0.0
2004-09-20 00:00:00+09:00,10800.0,11580.0,10350.0,10350.0,4419,0.0,0.0
2004-09-21 00:00:00+09:00,10440.0,11100.0,10230.0,10260.0,1292,0.0,0.0
2004-09-22 00:00:00+09:00,10200.0,10680.0,9960.0,10260.0,9435,0.0,0.0
2004-09-23 00:00:00+09:00,9660.0,10320.0,9660.0,10320.0,2999,0.0,0.0
2004-09-24 00:00:00+09:00,9870.0,10350.0,9840.0,10350.0,3614,0.0,0.0
2004-09-27 00:00:00+09:00,10350.0,10350.0,10350.0,10350.0,0,0.0,0.0
2004-09-28 00:00:00+09:00,10350.0,10350.0,10350.0,10350.0,0,0.0,0.0
2004-09-29 00:00:00+09:00,10350.0,10350.0,10350.0,10350.0,0,0.0,0.0
2004-09-30 00:00:00+09:00,10320.0,10920.0,10320.0,10440.0,585,0.0,0.0
2004-10-01 00:00:00+09:00,10440.0,10800.0,10170.0,10170.0,2717,0.0,0.0
2004-10-04 00:00:00+09:00,10170.0,10200.0,9900.0,10200.0,1514,0.0,0.0
2004-10-05 00:00:00+09:00,10290.0,10290.0,9660.0,10020.0,2722,0.0,0.0
2004-10-06 00:00:00+09:00,10020.0,10170.0,9630.0,10170.0,5662,0.0,0.0
2004-10-07 00:00:00+09:00,10170.0,10170.0,9840.0,10170.0,213,0.0,0.0
2004-10-08 00:00:00+09:00,10200.0,10200.0,9780.0,9840.0,822,0.0,0.0
2004-10-11 00:00:00+09:00,9630.0,9900.0,9060.0,9120.0,8873,0.0,0.0
2004-10-12 00:00:00+09:00,9060.0,9060.0,8460.0,8640.0,7845,0.0,0.0
2004-10-13 00:00:00+09:00,8100.0,9360.0,7950.0,9300.0,7507,0.0,0.0
2004-10-14 00:00:00+09:00,8250.0,9240.0,8250.0,9000.0,2324,0.0,0.0
2004-10-15 00:00:00+09:00,9000.0,9300.0,8490.0,9270.0,1268,0.0,0.0
2004-10-18 00:00:00+09:00,9600.0,9600.0,9060.0,9420.0,4570,0.0,0.0
2004-10-19 00:00:00+09:00,9600.0,9600.0,9000.0,9420.0,2621,0.0,0.0
2004-10-20 00:00:00+09:00,9420.0,9900.0,8700.0,9390.0,6848,0.0,0.0
2004-10-21 00:00:00+09:00,8940.0,9540.0,8700.0,9240.0,712,0.0,0.0
2004-10-22 00:00:00+09:00,9540.0,9540.0,8160.0,8760.0,9589,0.0,0.0
2004-10-25 00:00:00+09:00,7920.0,8760.0,7920.0,8760.0,1840,0.0,0.0
2004-10-26 00:00:00+09:00,9060.0,9060.0,8100.0,8580.0,14698,0.0,0.0
2004-10-27 00:00:00+09:00,8430.0,8580.0,8280.0,8460.0,26586,0.0,0.0
2004-10-28 00:00:00+09:00,8400.0,9000.0,8190.0,9000.0,9013,0.0,0.0
2004-10-29 00:00:00+09:00,9000.0,9000.0,8280.0,8460.0,2561,0.0,0.0
2004-11-01 00:00:00+09:00,8940.0,8940.0,8280.0,8760.0,6,0.0,0.0
2004-11-02 00:00:00+09:00,7710.0,9000.0,7710.0,8700.0,1808,0.0,0.0
2004-11-03 00:00:00+09:00,9000.0,9000.0,8280.0,9000.0,1629,0.0,0.0
2004-11-04 00:00:00+09:00,8760.0,8940.0,8460.0,8820.0,1392,0.0,0.0
2004-11-05 00:00:00+09:00,8880.0,8880.0,8370.0,8400.0,1678,0.0,0.0
2004-11-08 00:00:00+09:00,8100.0,8400.0,7920.0,8400.0,1801,0.0,0.0
2004-11-09 00:00:00+09:00,7680.0,8520.0,7680.0,8370.0,513,0.0,0.0
2004-11-10 00:00:00+09:00,8400.0,8460.0,7740.0,8400.0,6193,0.0,0.0
2004-11-11 00:00:00+09:00,8280.0,8280.0,7590.0,7590.0,2927,0.0,0.0
2004-11-12 00:00:00+09:00,7680.0,8100.0,7500.0,7800.0,1537,0.0,0.0
2004-11-15 00:00:00+09:00,7500.0,7800.0,7080.0,7200.0,11468,0.0,0.0
2004-11-16 00:00:00+09:00,7110.0,7410.0,6900.0,7170.0,1952,0.0,0.0
2004-11-17 00:00:00+09:00,7170.0,7770.0,6960.0,7050.0,463,0.0,0.0
2004-11-18 00:00:00+09:00,6330.0,7200.0,6210.0,6240.0,20268,0.0,0.0
2004-11-19 00:00:00+09:00,6240.0,6720.0,5760.0,6540.0,5221,0.0,0.0
2004-11-22 00:00:00+09:00,6540.0,6540.0,6000.0,6180.0,919,0.0,0.0
2004-11-23 00:00:00+09:00,6240.0,6330.0,6060.0,6330.0,2584,0.0,0.0
2004-11-24 00:00:00+09:00,6060.0,6390.0,6060.0,6330.0,4977,0.0,0.0
2004-11-25 00:00:00+09:00,6540.0,6540.0,6300.0,6480.0,1327,0.0,0.0
2004-11-26 00:00:00+09:00,6480.0,7230.0,6480.0,7230.0,11641,0.0,0.0
2004-11-29 00:00:00+09:00,7560.0,8070.0,7350.0,7800.0,11272,0.0,0.0
2004-11-30 00:00:00+09:00,7500.0,7740.0,6870.0,7200.0,11057,0.0,0.0
2004-12-01 00:00:00+09:00,7020.0,7200.0,6420.0,6480.0,2714,0.0,0.0
2004-12-02 00:00:00+09:00,6390.0,7230.0,6210.0,7230.0,6092,0.0,0.0
2004-12-03 00:00:00+09:00,7230.0,8040.0,7230.0,7320.0,7485,0.0,0.0
2004-12-06 00:00:00+09:00,7500.0,7590.0,6900.0,7590.0,3379,0.0,0.0
2004-12-07 00:00:00+09:00,7560.0,7590.0,7050.0,7050.0,2220,0.0,0.0
2004-12-08 00:00:00+09:00,6210.0,7440.0,6210.0,7140.0,2344,0.0,0.0
2004-12-09 00:00:00+09:00,7320.0,7320.0,6480.0,6600.0,2109,0.0,0.0
2004-12-10 00:00:00+09:00,7170.0,7380.0,6510.0,6540.0,8231,0.0,0.0
2004-12-13 00:00:00+09:00,6600.0,6720.0,6300.0,6540.0,8259,0.0,0.0
2004-12-14 00:00:00+09:00,6300.0,6720.0,6270.0,6270.0,5647,0.0,0.0
2004-12-15 00:00:00+09:00,6270.0,6480.0,5520.0,6420.0,19398,0.0,0.0
2004-12-16 00:00:00+09:00,6390.0,6900.0,6120.0,6180.0,63247,0.0,0.0
2004-12-17 00:00:00+09:00,6360.0,6360.0,5880.0,6090.0,8662,0.0,0.0
2004-12-20 00:00:00+09:00,6060.0,6480.0,5940.0,6240.0,11386,0.0,0.0
2004-12-21 00:00:00+09:00,6150.0,6330.0,6120.0,6180.0,3378,0.0,0.0
2004-12-22 00:00:00+09:00,6180.0,6300.0,5940.0,6000.0,15588,0.0,0.0
2004-12-23 00:00:00+09:00,5790.0,6030.0,5790.0,5940.0,8504,0.0,0.0
2004-12-24 00:00:00+09:00,5940.0,5970.0,5580.0,5970.0,11740,0.0,0.0
2004-12-27 00:00:00+09:00,5970.0,6660.0,5760.0,6660.0,80691,0.0,0.0
2004-12-28 00:00:00+09:00,7440.0,7440.0,7200.0,7440.0,112580,0.0,0.0
2004-12-29 00:00:00+09:00,7440.0,8310.0,6990.0,8310.0,159988,0.0,0.0
2004-12-30 00:00:00+09:00,9300.0,9300.0,9000.0,9300.0,44891,0.0,0.0
2005-01-03 00:00:00+09:00,10410.0,10410.0,10410.0,10410.0,22107,0.0,0.0
2005-01-04 00:00:00+09:00,11640.0,11640.0,11640.0,11640.0,9866,0.0,0.0
2005-01-05 00:00:00+09:00,12600.0,13020.0,11820.0,13020.0,140032,0.0,0.0
2005-01-06 00:00:00+09:00,13740.0,14460.0,11460.0,12600.0,148026,0.0,0.0
2005-01-07 00:00:00+09:00,13200.0,14040.0,11430.0,13740.0,149897,0.0,0.0
2005-01-10 00:00:00+09:00,14400.0,15360.0,13320.0,15360.0,210142,0.0,0.0
2005-01-11 00:00:00+09:00,16140.0,16140.0,13800.0,14520.0,134726,0.0,0.0
2005-01-12 00:00:00+09:00,13860.0,14070.0,12780.0,12870.0,124676,0.0,0.0
2005-01-13 00:00:00+09:00,13560.0,14400.0,13500.0,14400.0,173330,0.0,0.0
2005-01-14 00:00:00+09:00,15030.0,15060.0,13830.0,14250.0,171682,0.0,0.0
2005-01-17 00:00:00+09:00,14400.0,15960.0,12900.0,15960.0,123486,0.0,0.0
2005-01-18 00:00:00+09:00,17250.0,17250.0,14520.0,15000.0,141978,0.0,0.0
2005-01-19 00:00:00+09:00,14940.0,16380.0,14460.0,15360.0,125409,0.0,0.0
2005-01-20 00:00:00+09:00,15330.0,15540.0,13530.0,14640.0,130507,0.0,0.0
2005-01-21 00:00:00+09:00,13530.0,15780.0,12900.0,13860.0,164989,0.0,0.0
2005-01-24 00:00:00+09:00,14280.0,15300.0,13920.0,14640.0,100738,0.0,0.0
2005-01-25 00:00:00+09:00,14640.0,15420.0,13860.0,15000.0,89490,0.0,0.0
2005-01-26 00:00:00+09:00,15180.0,16080.0,13500.0,14250.0,231912,0.0,0.0
2005-01-27 00:00:00+09:00,14670.0,14700.0,12540.0,12660.0,102005,0.0,0.0
2005-01-28 00:00:00+09:00,12600.0,12870.0,11160.0,11700.0,94747,0.0,0.0
2005-01-31 00:00:00+09:00,11460.0,12420.0,11460.0,11880.0,84577,0.0,0.0
2005-02-01 00:00:00+09:00,11580.0,12090.0,11580.0,11760.0,51636,0.0,0.0
2005-02-02 00:00:00+09:00,11580.0,11640.0,10380.0,10500.0,70733,0.0,0.0
2005-02-03 00:00:00+09:00,10320.0,10470.0,9240.0,9900.0,82537,0.0,0.0
2005-02-04 00:00:00+09:00,9840.0,11070.0,9840.0,10920.0,73326,0.0,0.0
2005-02-07 00:00:00+09:00,10920.0,12210.0,10920.0,12210.0,0,0.0,0.0
2005-02-11 00:00:00+09:00,13170.0,13650.0,13170.0,13650.0,90472,0.0,0.0
2005-02-14 00:00:00+09:00,13800.0,15270.0,13800.0,15270.0,138526,0.0,0.0
2005-02-15 00:00:00+09:00,16110.0,17040.0,13500.0,15240.0,180295,0.0,0.0
2005-02-16 00:00:00+09:00,15000.0,15840.0,13800.0,15360.0,86360,0.0,0.0
2005-02-17 00:00:00+09:00,15660.0,17190.0,14880.0,17190.0,120997,0.0,0.0
2005-02-18 00:00:00+09:00,17190.0,19140.0,16560.0,17670.0,201128,0.0,0.0
2005-02-21 00:00:00+09:00,18000.0,18900.0,17160.0,18450.0,110320,0.0,0.0
2005-02-22 00:00:00+09:00,18450.0,18450.0,16860.0,18000.0,121447,0.0,0.0
2005-02-23 00:00:00+09:00,16740.0,18180.0,16740.0,18000.0,86755,0.0,0.0
2005-02-24 00:00:00+09:00,18000.0,18930.0,17130.0,18300.0,160687,0.0,0.0
2005-02-25 00:00:00+09:00,18000.0,20490.0,17940.0,20490.0,458329,0.0,0.0
2005-02-28 00:00:00+09:00,21600.0,22920.0,21600.0,22920.0,216791,0.0,0.0
2005-03-02 00:00:00+09:00,24600.0,25200.0,22320.0,24000.0,258970,0.0,0.0
2005-03-03 00:00:00+09:00,23700.0,26880.0,23700.0,26580.0,278877,0.0,0.0
2005-03-04 00:00:00+09:00,27000.0,28380.0,26760.0,27270.0,126388,0.0,0.0
2005-03-07 00:00:00+09:00,26970.0,27270.0,25800.0,26280.0,135591,0.0,0.0
2005-03-08 00:00:00+09:00,25860.0,27840.0,23130.0,23700.0,193670,0.0,0.0
2005-03-09 00:00:00+09:00,21600.0,24000.0,20940.0,22860.0,138059,0.0,0.0
2005-03-10 00:00:00+09:00,23760.0,25140.0,23310.0,23700.0,138377,0.0,0.0
2005-03-11 00:00:00+09:00,24360.0,25200.0,23370.0,24000.0,113751,0.0,0.0
2005-03-14 00:00:00+09:00,24060.0,24330.0,22650.0,23700.0,79029,0.0,0.0
2005-03-15 00:00:00+09:00,24000.0,26520.0,24000.0,26520.0,201880,0.0,0.0
2005-03-16 00:00:00+09:00,28200.0,29100.0,27210.0,28500.0,220544,0.0,0.0
2005-03-17 00:00:00+09:00,29340.0,29340.0,27120.0,27900.0,168250,0.0,0.0
2005-03-18 00:00:00+09:00,28500.0,30420.0,28200.0,30000.0,186188,0.0,0.0
2005-03-21 00:00:00+09:00,29700.0,29700.0,26400.0,26400.0,164974,0.0,0.0
2005-03-22 00:00:00+09:00,24060.0,28080.0,23520.0,26280.0,255775,0.0,0.0
2005-03-23 00:00:00+09:00,25800.0,27000.0,25200.0,25320.0,64762,0.0,0.0
2005-03-24 00:00:00+09:00,25020.0,25500.0,22290.0,22290.0,182398,0.0,0.0
2005-03-25 00:00:00+09:00,20700.0,21300.0,19620.0,19800.0,288318,0.0,0.0
2005-03-28 00:00:00+09:00,20160.0,21900.0,18930.0,20460.0,105659,0.0,0.0
2005-03-29 00:00:00+09:00,19920.0,20970.0,18390.0,18390.0,99488,0.0,0.0
2005-03-30 00:00:00+09:00,17910.0,21120.0,17700.0,21120.0,104500,0.0,0.0
2005-03-31 00:00:00+09:00,22200.0,24240.0,22200.0,22800.0,140474,0.0,0.0
2005-04-01 00:00:00+09:00,22800.0,25860.0,22740.0,25680.0,145763,0.0,0.0
2005-04-04 00:00:00+09:00,26970.0,27180.0,21900.0,24360.0,157933,0.0,0.0
2005-04-06 00:00:00+09:00,24000.0,26100.0,22620.0,23850.0,139344,0.0,0.0
2005-04-07 00:00:00+09:00,23850.0,24600.0,22740.0,24210.0,88553,0.0,0.0
2005-04-08 00:00:00+09:00,24900.0,24900.0,23580.0,24270.0,102293,0.0,0.0
2005-04-11 00:00:00+09:00,23400.0,24210.0,22260.0,22260.0,110559,0.0,0.0
2005-04-12 00:00:00+09:00,22260.0,24540.0,22260.0,23340.0,77257,0.0,0.0
2005-04-13 00:00:00+09:00,25200.0,26250.0,22200.0,22260.0,241527,0.0,0.0
2005-04-14 00:00:00+09:00,22200.0,22920.0,19680.0,20100.0,116555,0.0,0.0
2005-04-15 00:00:00+09:00,20160.0,21570.0,19500.0,19830.0,70085,0.0,0.0
2005-04-18 00:00:00+09:00,18300.0,19440.0,16860.0,16860.0,172670,0.0,0.0
2005-04-19 00:00:00+09:00,17220.0,18600.0,16980.0,17580.0,199706,0.0,0.0
2005-04-20 00:00:00+09:00,17940.0,18780.0,17100.0,17220.0,190265,0.0,0.0
2005-04-21 00:00:00+09:00,17100.0,17100.0,15000.0,15300.0,184221,0.0,0.0
2005-04-22 00:00:00+09:00,16080.0,16680.0,15780.0,16500.0,138562,0.0,0.0
2005-04-25 00:00:00+09:00,16200.0,18750.0,16200.0,17880.0,152695,0.0,0.0
2005-04-26 00:00:00+09:00,19080.0,20100.0,18300.0,19260.0,371305,0.0,0.0
2005-04-27 00:00:00+09:00,19440.0,20070.0,18630.0,19680.0,154852,0.0,0.0
2005-04-28 00:00:00+09:00,19650.0,19680.0,18960.0,19680.0,105079,0.0,0.0
2005-04-29 00:00:00+09:00,18720.0,19620.0,18720.0,19500.0,80754,0.0,0.0
2005-05-02 00:00:00+09:00,19200.0,19560.0,17100.0,17730.0,149994,0.0,0.0
2005-05-03 00:00:00+09:00,17460.0,17730.0,16500.0,17400.0,110851,0.0,0.0
2005-05-04 00:00:00+09:00,16560.0,17520.0,16020.0,17160.0,117234,0.0,0.0
2005-05-06 00:00:00+09:00,17190.0,18000.0,17070.0,17070.0,54977,0.0,0.0
2005-05-09 00:00:00+09:00,16950.0,17820.0,16200.0,17310.0,145330,0.0,0.0
2005-05-10 00:00:00+09:00,17340.0,17640.0,17040.0,17580.0,86445,0.0,0.0
2005-05-11 00:00:00+09:00,17550.0,18870.0,17100.0,18750.0,113326,0.0,0.0
2005-05-12 00:00:00+09:00,18810.0,18960.0,18030.0,18450.0,100079,0.0,0.0
2005-05-13 00:00:00+09:00,17820.0,18420.0,17460.0,17640.0,89281,0.0,0.0
2005-05-16 00:00:00+09:00,17340.0,17910.0,17340.0,17700.0,102507,0.0,0.0
2005-05-17 00:00:00+09:00,17700.0,17820.0,16980.0,17220.0,99369,0.0,0.0
2005-05-18 00:00:00+09:00,17040.0,17880.0,16500.0,16500.0,91168,0.0,0.0
2005-05-19 00:00:00+09:00,17100.0,17460.0,16140.0,16950.0,133961,0.0,0.0
2005-05-20 00:00:00+09:00,17700.0,18660.0,17310.0,18660.0,229545,0.0,0.0
2005-05-23 00:00:00+09:00,19140.0,19890.0,18360.0,18510.0,304352,0.0,0.0
2005-05-24 00:00:00+09:00,18690.0,18690.0,17400.0,17640.0,119410,0.0,0.0
2005-05-25 00:00:00+09:00,17400.0,17970.0,17010.0,17010.0,133449,0.0,0.0
2005-05-26 00:00:00+09:00,16980.0,17970.0,16950.0,17340.0,183555,0.0,0.0
2005-05-27 00:00:00+09:00,17280.0,18360.0,17280.0,17640.0,217043,0.0,0.0
2005-05-30 00:00:00+09:00,17970.0,17970.0,17220.0,17340.0,101614,0.0,0.0
2005-05-31 00:00:00+09:00,17340.0,17460.0,16980.0,17010.0,116976,0.0,0.0
2005-06-01 00:00:00+09:00,17700.0,18150.0,17340.0,17640.0,334717,0.0,0.0
2005-06-02 00:00:00+09:00,18000.0,18240.0,17460.0,17490.0,175474,0.0,0.0
2005-06-03 00:00:00+09:00,17340.0,18060.0,14940.0,18030.0,305168,0.0,0.0
2005-06-07 00:00:00+09:00,17970.0,20730.0,17820.0,19440.0,361672,0.0,0.0
2005-06-08 00:00:00+09:00,19620.0,22200.0,19200.0,21540.0,583130,0.0,0.0
2005-06-09 00:00:00+09:00,21360.0,21480.0,20370.0,20760.0,413541,0.0,0.0
2005-06-10 00:00:00+09:00,21300.0,22560.0,18600.0,20700.0,736100,0.0,0.0
2005-06-13 00:00:00+09:00,21840.0,21840.0,20520.0,20760.0,365622,0.0,0.0
2005-06-14 00:00:00+09:00,20940.0,21660.0,20220.0,20580.0,284489,0.0,0.0
2005-06-15 00:00:00+09:00,20400.0,20700.0,19200.0,19200.0,257265,0.0,0.0
2005-06-16 00:00:00+09:00,19320.0,19680.0,17820.0,18600.0,308550,0.0,0.0
2005-06-17 00:00:00+09:00,18900.0,18960.0,18000.0,18030.0,178428,0.0,0.0
2005-06-20 00:00:00+09:00,17460.0,18660.0,17460.0,18600.0,234097,0.0,0.0
2005-06-21 00:00:00+09:00,18960.0,19590.0,18180.0,18180.0,258254,0.0,0.0
2005-06-22 00:00:00+09:00,18180.0,19980.0,17760.0,19950.0,421741,0.0,0.0
2005-06-23 00:00:00+09:00,20220.0,20670.0,19650.0,20100.0,273509,0.0,0.0
2005-06-24 00:00:00+09:00,19980.0,21300.0,19590.0,21000.0,311878,0.0,0.0
2005-06-27 00:00:00+09:00,20460.0,20700.0,20040.0,20640.0,271844,0.0,0.0
2005-06-28 00:00:00+09:00,21120.0,22500.0,20520.0,21420.0,567895,0.0,0.0
2005-06-29 00:00:00+09:00,21600.0,21960.0,20400.0,20700.0,508264,0.0,0.0
2005-06-30 00:00:00+09:00,21840.0,23790.0,21720.0,23790.0,999747,0.0,0.0
2005-07-01 00:00:00+09:00,24600.0,25920.0,23700.0,24000.0,583915,0.0,0.0
2005-07-04 00:00:00+09:00,25020.0,25140.0,23340.0,23550.0,741657,0.0,0.0
2005-07-05 00:00:00+09:00,23970.0,24120.0,23280.0,23940.0,396430,0.0,0.0
2005-07-06 00:00:00+09:00,24120.0,24390.0,23430.0,24240.0,422515,0.0,0.0
2005-07-07 00:00:00+09:00,22980.0,25350.0,22980.0,24360.0,493959,0.0,0.0
2005-07-08 00:00:00+09:00,24300.0,24600.0,22740.0,22980.0,294892,0.0,0.0
2005-07-11 00:00:00+09:00,23400.0,23700.0,21840.0,22500.0,239552,0.0,0.0
2005-07-12 00:00:00+09:00,22050.0,22860.0,21900.0,21900.0,208750,0.0,0.0
2005-07-13 00:00:00+09:00,21900.0,22410.0,21420.0,22410.0,223558,0.0,0.0
2005-07-14 00:00:00+09:00,22710.0,23880.0,22530.0,23190.0,340765,0.0,0.0
2005-07-15 00:00:00+09:00,23130.0,23700.0,22050.0,22620.0,218895,0.0,0.0
2005-07-18 00:00:00+09:00,23460.0,24300.0,22470.0,22530.0,479391,0.0,0.0
2005-07-19 00:00:00+09:00,22560.0,22920.0,21510.0,21720.0,282765,0.0,0.0
2005-07-20 00:00:00+09:00,23430.0,23700.0,20730.0,21210.0,517217,0.0,0.0
2005-07-21 00:00:00+09:00,20880.0,21510.0,20400.0,20580.0,230031,0.0,0.0
2005-07-22 00:00:00+09:00,20160.0,20790.0,19980.0,20250.0,148649,0.0,0.0
2005-07-25 00:00:00+09:00,20700.0,21180.0,20700.0,21150.0,213575,0.0,0.0
2005-07-26 00:00:00+09:00,21150.0,21420.0,20370.0,20550.0,156468,0.0,0.0
2005-07-27 00:00:00+09:00,20460.0,21120.0,20370.0,21060.0,222412,0.0,0.0
2005-07-28 00:00:00+09:00,21150.0,21300.0,20790.0,21060.0,200918,0.0,0.0
2005-07-29 00:00:00+09:00,21150.0,22770.0,21030.0,22200.0,405805,0.0,0.0
2005-08-01 00:00:00+09:00,22620.0,23160.0,22200.0,22680.0,260528,0.0,0.0
2005-08-02 00:00:00+09:00,22620.0,22890.0,21630.0,21660.0,186372,0.0,0.0
2005-08-03 00:00:00+09:00,22170.0,22200.0,20820.0,20850.0,185604,0.0,0.0
2005-08-04 00:00:00+09:00,20730.0,20940.0,19650.0,19800.0,223607,0.0,0.0
2005-08-05 00:00:00+09:00,19350.0,19680.0,18150.0,19440.0,176754,0.0,0.0
2005-08-08 00:00:00+09:00,17100.0,19800.0,17100.0,18660.0,97707,0.0,0.0
2005-08-09 00:00:00+09:00,18330.0,19200.0,18330.0,18600.0,112371,0.0,0.0
2005-08-10 00:00:00+09:00,18630.0,20070.0,18630.0,18930.0,191979,0.0,0.0
2005-08-11 00:00:00+09:00,18960.0,19260.0,18570.0,18600.0,108796,0.0,0.0
2005-08-12 00:00:00+09:00,19170.0,19380.0,18630.0,18960.0,170211,0.0,0.0
2005-08-16 00:00:00+09:00,19020.0,19260.0,18600.0,18600.0,111558,0.0,0.0
2005-08-17 00:00:00+09:00,18000.0,18300.0,17520.0,17520.0,133993,0.0,0.0
2005-08-18 00:00:00+09:00,17520.0,18000.0,16440.0,16710.0,144388,0.0,0.0
2005-08-19 00:00:00+09:00,16530.0,18180.0,16530.0,18090.0,139066,0.0,0.0
2005-08-22 00:00:00+09:00,17820.0,18600.0,17790.0,18000.0,88192,0.0,0.0
2005-08-23 00:00:00+09:00,18420.0,18750.0,17850.0,18240.0,127435,0.0,0.0
2005-08-24 00:00:00+09:00,18600.0,20700.0,18240.0,19500.0,700530,0.0,0.0
2005-08-25 00:00:00+09:00,19560.0,20340.0,18750.0,19080.0,237970,0.0,0.0
2005-08-26 00:00:00+09:00,18960.0,19620.0,18690.0,18810.0,211912,0.0,0.0
2005-08-29 00:00:00+09:00,18120.0,18420.0,16800.0,17430.0,185139,0.0,0.0
2005-08-30 00:00:00+09:00,17400.0,18570.0,17400.0,17460.0,278547,0.0,0.0
2005-08-31 00:00:00+09:00,17400.0,17670.0,17250.0,17250.0,104241,0.0,0.0
2005-09-01 00:00:00+09:00,17280.0,17820.0,17280.0,17400.0,117091,0.0,0.0
2005-09-02 00:00:00+09:00,17340.0,19320.0,17340.0,18930.0,259271,0.0,0.0
2005-09-05 00:00:00+09:00,19290.0,20370.0,18930.0,19890.0,379930,0.0,0.0
2005-09-06 00:00:00+09:00,19740.0,20280.0,19260.0,19800.0,245090,0.0,0.0
2005-09-07 00:00:00+09:00,20100.0,20640.0,18570.0,18960.0,683956,0.0,0.0
2005-09-08 00:00:00+09:00,18960.0,19200.0,17940.0,18150.0,218983,0.0,0.0
2005-09-09 00:00:00+09:00,17940.0,18390.0,17670.0,17820.0,131216,0.0,0.0
2005-09-12 00:00:00+09:00,17580.0,18090.0,17400.0,17520.0,203626,0.0,0.0
2005-09-13 00:00:00+09:00,17520.0,17880.0,17250.0,17340.0,136669,0.0,0.0
2005-09-14 00:00:00+09:00,17220.0,17520.0,17010.0,17160.0,130240,0.0,0.0
2005-09-15 00:00:00+09:00,17100.0,17610.0,17100.0,17310.0,114182,0.0,0.0
2005-09-16 00:00:00+09:00,17280.0,17490.0,17130.0,17130.0,93683,0.0,0.0
2005-09-20 00:00:00+09:00,17250.0,17460.0,17100.0,17460.0,100765,0.0,0.0
2005-09-21 00:00:00+09:00,17460.0,18060.0,17460.0,17520.0,140261,0.0,0.0
2005-09-22 00:00:00+09:00,17820.0,18000.0,17100.0,17160.0,135238,0.0,0.0
2005-09-23 00:00:00+09:00,17100.0,17190.0,16380.0,16380.0,169941,0.0,0.0
2005-09-26 00:00:00+09:00,16410.0,16620.0,15780.0,16110.0,101117,0.0,0.0
2005-09-27 00:00:00+09:00,15780.0,16350.0,15690.0,15840.0,129567,0.0,0.0
2005-09-28 00:00:00+09:00,15960.0,16890.0,15900.0,16500.0,335721,0.0,0.0
2005-09-29 00:00:00+09:00,16650.0,16740.0,16140.0,16560.0,169422,0.0,0.0
2005-09-30 00:00:00+09:00,16530.0,16740.0,16020.0,16020.0,124304,0.0,0.0
2005-10-04 00:00:00+09:00,16080.0,16620.0,16080.0,16470.0,153743,0.0,0.0
2005-10-05 00:00:00+09:00,16680.0,17010.0,16530.0,16530.0,167235,0.0,0.0
2005-10-06 00:00:00+09:00,16320.0,16560.0,16170.0,16200.0,109559,0.0,0.0
2005-10-07 00:00:00+09:00,16200.0,16590.0,16140.0,16410.0,108225,0.0,0.0
2005-10-10 00:00:00+09:00,16500.0,17490.0,16500.0,17490.0,263726,0.0,0.0
2005-10-11 00:00:00+09:00,17490.0,17790.0,17070.0,17580.0,156794,0.0,0.0
2005-10-12 00:00:00+09:00,17700.0,17880.0,17010.0,17070.0,135346,0.0,0.0
2005-10-13 00:00:00+09:00,17070.0,17220.0,16650.0,16830.0,113575,0.0,0.0
2005-10-14 00:00:00+09:00,16800.0,16980.0,16440.0,16500.0,116266,0.0,0.0
2005-10-17 00:00:00+09:00,16380.0,16620.0,15720.0,15870.0,143562,0.0,0.0
2005-10-18 00:00:00+09:00,15600.0,16440.0,14760.0,15960.0,248250,0.0,0.0
2005-10-19 00:00:00+09:00,15600.0,15780.0,14670.0,14670.0,126041,0.0,0.0
2005-10-20 00:00:00+09:00,14670.0,15180.0,14670.0,14730.0,116690,0.0,0.0
2005-10-21 00:00:00+09:00,14460.0,14730.0,13710.0,14040.0,158891,0.0,0.0
2005-10-24 00:00:00+09:00,14040.0,14400.0,13740.0,14400.0,131248,0.0,0.0
2005-10-25 00:00:00+09:00,14520.0,14940.0,14520.0,14760.0,146677,0.0,0.0
2005-10-26 00:00:00+09:00,14760.0,15360.0,14640.0,14910.0,153958,0.0,0.0
2005-10-27 00:00:00+09:00,14910.0,15240.0,14550.0,14550.0,64877,0.0,0.0
2005-10-28 00:00:00+09:00,14100.0,14790.0,14100.0,14520.0,96766,0.0,0.0
2005-10-31 00:00:00+09:00,14640.0,14790.0,14130.0,14130.0,116752,0.0,0.0
2005-11-01 00:00:00+09:00,14010.0,14460.0,13980.0,14220.0,113828,0.0,0.0
2005-11-02 00:00:00+09:00,14310.0,14670.0,14280.0,14670.0,108614,0.0,0.0
2005-11-03 00:00:00+09:00,14820.0,15240.0,14730.0,15090.0,83664,0.0,0.0
2005-11-04 00:00:00+09:00,15090.0,15960.0,15090.0,15570.0,192323,0.0,0.0
2005-11-07 00:00:00+09:00,15750.0,15900.0,15120.0,15780.0,221485,0.0,0.0
2005-11-08 00:00:00+09:00,15870.0,15900.0,15300.0,15540.0,83413,0.0,0.0
2005-11-09 00:00:00+09:00,15270.0,17100.0,15270.0,16830.0,351160,0.0,0.0
2005-11-10 00:00:00+09:00,16830.0,17100.0,16440.0,16860.0,180435,0.0,0.0
2005-11-11 00:00:00+09:00,17040.0,17640.0,16800.0,17490.0,259542,0.0,0.0
2005-11-14 00:00:00+09:00,17460.0,17760.0,17340.0,17640.0,217784,0.0,0.0
2005-11-15 00:00:00+09:00,17520.0,18300.0,17430.0,18300.0,303750,0.0,0.0
2005-11-16 00:00:00+09:00,18180.0,18810.0,18000.0,18000.0,253433,0.0,0.0
2005-11-17 00:00:00+09:00,18000.0,18390.0,17880.0,18060.0,215220,0.0,0.0
2005-11-18 00:00:00+09:00,18360.0,18600.0,16980.0,18180.0,303650,0.0,0.0
2005-11-21 00:00:00+09:00,18300.0,18660.0,18060.0,18180.0,176538,0.0,0.0
2005-11-22 00:00:00+09:00,18120.0,18330.0,17280.0,17700.0,231236,0.0,0.0
2005-11-23 00:00:00+09:00,17400.0,17820.0,17130.0,17130.0,180055,0.0,0.0
2005-11-24 00:00:00+09:00,17130.0,17580.0,16800.0,16800.0,209079,0.0,0.0
2005-11-25 00:00:00+09:00,16920.0,18720.0,16920.0,18300.0,250606,0.0,0.0
2005-11-28 00:00:00+09:00,18840.0,20760.0,18420.0,19740.0,460759,0.0,0.0
2005-11-29 00:00:00+09:00,19740.0,21390.0,19320.0,20790.0,395354,0.0,0.0
2005-11-30 00:00:00+09:00,21000.0,21480.0,20460.0,20820.0,274134,0.0,0.0
2005-12-01 00:00:00+09:00,21090.0,23550.0,21090.0,22860.0,771851,0.0,0.0
2005-12-02 00:00:00+09:00,23580.0,23670.0,21840.0,21840.0,576295,0.0,0.0
2005-12-05 00:00:00+09:00,22200.0,22560.0,21300.0,21720.0,211428,0.0,0.0
2005-12-06 00:00:00+09:00,21480.0,21780.0,20160.0,20160.0,403113,0.0,0.0
2005-12-07 00:00:00+09:00,19890.0,20520.0,19200.0,19230.0,277227,0.0,0.0
2005-12-08 00:00:00+09:00,19380.0,20550.0,19380.0,20220.0,281809,0.0,0.0
2005-12-09 00:00:00+09:00,21180.0,23250.0,21180.0,23250.0,508826,0.0,0.0
2005-12-12 00:00:00+09:00,24480.0,25800.0,23820.0,23820.0,1345267,0.0,0.0
2005-12-13 00:00:00+09:00,23880.0,24270.0,22200.0,22860.0,883823,0.0,0.0
2005-12-14 00:00:00+09:00,23280.0,23970.0,22800.0,23400.0,558466,0.0,0.0
2005-12-15 00:00:00+09:00,23640.0,24240.0,21480.0,21600.0,596558,0.0,0.0
2005-12-16 00:00:00+09:00,20490.0,23460.0,19860.0,21600.0,606365,0.0,0.0
2005-12-19 00:00:00+09:00,21600.0,24840.0,21600.0,24840.0,1102254,0.0,0.0
2005-12-20 00:00:00+09:00,25080.0,26010.0,23280.0,23820.0,863401,0.0,0.0
2005-12-21 00:00:00+09:00,23850.0,25170.0,23400.0,24360.0,484387,0.0,0.0
2005-12-22 00:00:00+09:00,24030.0,24540.0,21000.0,21000.0,539947,0.0,0.0
2005-12-23 00:00:00+09:00,20160.0,24060.0,19290.0,22800.0,904842,0.0,0.0
2005-12-26 00:00:00+09:00,22800.0,23700.0,21600.0,21840.0,373714,0.0,0.0
2005-12-27 00:00:00+09:00,21840.0,22620.0,21210.0,21960.0,436040,0.0,0.0
2005-12-28 00:00:00+09:00,21420.0,22950.0,21420.0,22260.0,349404,0.0,0.0
2005-12-29 00:00:00+09:00,22470.0,24600.0,22470.0,23580.0,490598,0.0,0.0
2006-01-02 00:00:00+09:00,24900.0,27090.0,24720.0,26820.0,707748,0.0,0.0
2006-01-03 00:00:00+09:00,26790.0,29580.0,26280.0,26940.0,1388650,0.0,0.0
2006-01-04 00:00:00+09:00,27570.0,27570.0,25380.0,25560.0,466181,0.0,0.0
2006-01-05 00:00:00+09:00,25620.0,26340.0,24330.0,24870.0,396332,0.0,0.0
2006-01-06 00:00:00+09:00,24360.0,26040.0,24360.0,25230.0,351783,0.0,0.0
2006-01-09 00:00:00+09:00,25200.0,25800.0,24120.0,24480.0,303056,0.0,0.0
2006-01-10 00:00:00+09:00,24660.0,26220.0,23790.0,26040.0,377814,0.0,0.0
2006-01-11 00:00:00+09:00,26070.0,26340.0,25290.0,25800.0,270999,0.0,0.0
2006-01-12 00:00:00+09:00,26100.0,26250.0,24750.0,24750.0,254022,0.0,0.0
2006-01-13 00:00:00+09:00,24300.0,25410.0,24240.0,24480.0,243639,0.0,0.0
2006-01-16 00:00:00+09:00,24600.0,24960.0,24270.0,24360.0,195280,0.0,0.0
2006-01-17 00:00:00+09:00,24480.0,25590.0,24420.0,24540.0,350763,0.0,0.0
2006-01-18 00:00:00+09:00,24240.0,24600.0,21570.0,22740.0,337105,0.0,0.0
2006-01-19 00:00:00+09:00,22500.0,23130.0,21720.0,22110.0,186057,0.0,0.0
2006-01-20 00:00:00+09:00,21900.0,22590.0,18930.0,19140.0,316949,0.0,0.0
2006-01-23 00:00:00+09:00,18000.0,18900.0,16290.0,16290.0,311572,0.0,0.0
2006-01-24 00:00:00+09:00,16350.0,17370.0,14880.0,17280.0,251393,0.0,0.0
2006-01-25 00:00:00+09:00,17160.0,18840.0,17160.0,17970.0,260655,0.0,0.0
2006-01-26 00:00:00+09:00,18000.0,19230.0,17400.0,18780.0,289283,0.0,0.0
2006-01-27 00:00:00+09:00,19080.0,19620.0,19020.0,19380.0,145281,0.0,0.0
2006-01-31 00:00:00+09:00,19800.0,20700.0,19800.0,20220.0,191973,0.0,0.0
2006-02-01 00:00:00+09:00,19860.0,19860.0,17820.0,18540.0,231046,0.0,0.0
2006-02-02 00:00:00+09:00,18900.0,19440.0,17700.0,18510.0,152887,0.0,0.0
2006-02-03 00:00:00+09:00,17280.0,18030.0,17280.0,17640.0,115986,0.0,0.0
2006-02-06 00:00:00+09:00,16950.0,18870.0,16950.0,18420.0,176694,0.0,0.0
2006-02-07 00:00:00+09:00,18420.0,18810.0,18180.0,18300.0,68739,0.0,0.0
2006-02-08 00:00:00+09:00,18180.0,18780.0,17400.0,17520.0,145930,0.0,0.0
2006-02-09 00:00:00+09:00,17910.0,18120.0,17400.0,17700.0,84272,0.0,0.0
2006-02-10 00:00:00+09:00,17520.0,17910.0,17460.0,17820.0,83131,0.0,0.0
2006-02-13 00:00:00+09:00,17820.0,18270.0,17730.0,17760.0,128563,0.0,0.0
2006-02-14 00:00:00+09:00,17790.0,18750.0,17790.0,18690.0,174193,0.0,0.0
2006-02-15 00:00:00+09:00,18990.0,20820.0,18810.0,19080.0,368635,0.0,0.0
2006-02-16 00:00:00+09:00,20190.0,20220.0,19320.0,19650.0,143416,0.0,0.0
2006-02-17 00:00:00+09:00,19860.0,20520.0,19800.0,19860.0,177831,0.0,0.0
2006-02-20 00:00:00+09:00,19860.0,20280.0,19710.0,19890.0,127241,0.0,0.0
2006-02-21 00:00:00+09:00,20010.0,20430.0,19920.0,20190.0,127481,0.0,0.0
2006-02-22 00:00:00+09:00,20220.0,21300.0,20160.0,20580.0,186062,0.0,0.0
2006-02-23 00:00:00+09:00,20730.0,21000.0,20280.0,20460.0,104102,0.0,0.0
2006-02-24 00:00:00+09:00,20400.0,20670.0,19650.0,19740.0,115677,0.0,0.0
2006-02-27 00:00:00+09:00,19500.0,20520.0,19500.0,20130.0,138626,0.0,0.0
2006-02-28 00:00:00+09:00,20400.0,21300.0,20370.0,21240.0,254483,0.0,0.0
2006-03-02 00:00:00+09:00,21600.0,21840.0,21120.0,21330.0,150847,0.0,0.0
2006-03-03 00:00:00+09:00,21330.0,21570.0,20580.0,21180.0,141207,0.0,0.0
2006-03-06 00:00:00+09:00,20700.0,21780.0,20700.0,21780.0,153726,0.0,0.0
2006-03-07 00:00:00+09:00,21840.0,23700.0,21630.0,23580.0,465762,0.0,0.0
2006-03-08 00:00:00+09:00,23820.0,24600.0,23010.0,23550.0,288231,0.0,0.0
2006-03-09 00:00:00+09:00,23760.0,24480.0,22650.0,23130.0,445563,0.0,0.0
2006-03-10 00:00:00+09:00,24150.0,24360.0,22740.0,22740.0,576970,0.0,0.0
2006-03-13 00:00:00+09:00,22320.0,23040.0,21660.0,21900.0,266766,0.0,0.0
2006-03-14 00:00:00+09:00,21900.0,22470.0,21720.0,22200.0,204553,0.0,0.0
2006-03-15 00:00:00+09:00,22140.0,22320.0,19800.0,19800.0,465838,0.0,0.0
2006-03-16 00:00:00+09:00,19560.0,20400.0,18900.0,20100.0,280971,0.0,0.0
2006-03-17 00:00:00+09:00,19800.0,20250.0,18840.0,18930.0,178248,0.0,0.0
2006-03-20 00:00:00+09:00,18630.0,19290.0,18180.0,18360.0,241672,0.0,0.0
2006-03-21 00:00:00+09:00,18600.0,19020.0,18570.0,18600.0,152234,0.0,0.0
2006-03-22 00:00:00+09:00,18570.0,19050.0,18210.0,18690.0,139946,0.0,0.0
2006-03-23 00:00:00+09:00,18720.0,19680.0,18720.0,18930.0,247878,0.0,0.0
2006-03-24 00:00:00+09:00,19020.0,19920.0,19020.0,19500.0,173320,0.0,0.0
2006-03-27 00:00:00+09:00,19260.0,19740.0,18300.0,18300.0,156436,0.0,0.0
2006-03-28 00:00:00+09:00,16860.0,17700.0,16350.0,16950.0,306962,0.0,0.0
2006-03-29 00:00:00+09:00,16980.0,17100.0,16410.0,16680.0,99062,0.0,0.0
2006-03-30 00:00:00+09:00,16830.0,18120.0,16080.0,17520.0,411714,0.0,0.0
2006-03-31 00:00:00+09:00,17280.0,18150.0,17280.0,17790.0,154367,0.0,0.0
2006-04-03 00:00:00+09:00,17670.0,18030.0,17520.0,17550.0,117062,0.0,0.0
2006-04-04 00:00:00+09:00,17400.0,17820.0,16920.0,17610.0,170238,0.0,0.0
2006-04-05 00:00:00+09:00,17760.0,18720.0,17640.0,18030.0,172214,0.0,0.0
2006-04-06 00:00:00+09:00,18060.0,18960.0,18060.0,18840.0,178129,0.0,0.0
2006-04-07 00:00:00+09:00,18780.0,19020.0,18360.0,18450.0,103085,0.0,0.0
2006-04-10 00:00:00+09:00,18240.0,18600.0,17880.0,18000.0,90960,0.0,0.0
2006-04-11 00:00:00+09:00,18000.0,18270.0,17820.0,18060.0,95802,0.0,0.0
2006-04-12 00:00:00+09:00,17700.0,17850.0,16230.0,16350.0,276227,0.0,0.0
2006-04-13 00:00:00+09:00,16410.0,16890.0,16290.0,16290.0,175788,0.0,0.0
2006-04-14 00:00:00+09:00,16320.0,16470.0,15480.0,15870.0,255112,0.0,0.0
2006-04-17 00:00:00+09:00,15870.0,16740.0,15810.0,16500.0,257444,0.0,0.0
2006-04-18 00:00:00+09:00,16530.0,16980.0,16290.0,16290.0,196372,0.0,0.0
2006-04-19 00:00:00+09:00,16380.0,16470.0,15900.0,16020.0,134492,0.0,0.0
2006-04-20 00:00:00+09:00,16290.0,16680.0,15840.0,16020.0,112533,0.0,0.0
2006-04-21 00:00:00+09:00,15840.0,16290.0,15840.0,15930.0,94240,0.0,0.0
2006-04-24 00:00:00+09:00,15840.0,16200.0,15420.0,15450.0,98689,0.0,0.0
2006-04-25 00:00:00+09:00,15150.0,15600.0,14970.0,15120.0,107698,0.0,0.0
2006-04-26 00:00:00+09:00,15000.0,16230.0,14730.0,16050.0,153593,0.0,0.0
2006-04-27 00:00:00+09:00,16140.0,16320.0,15570.0,16050.0,128206,0.0,0.0
2006-04-28 00:00:00+09:00,14400.0,14910.0,14070.0,14640.0,77349,0.0,0.0
2006-05-02 00:00:00+09:00,14460.0,14520.0,14070.0,14070.0,65015,0.0,0.0
2006-05-03 00:00:00+09:00,13800.0,15120.0,13740.0,14460.0,90667,0.0,0.0
2006-05-04 00:00:00+09:00,14460.0,15060.0,14460.0,14760.0,64881,0.0,0.0
2006-05-08 00:00:00+09:00,14820.0,16740.0,14760.0,15360.0,457550,0.0,0.0
2006-05-09 00:00:00+09:00,15540.0,15600.0,14580.0,15210.0,71926,0.0,0.0
2006-05-10 00:00:00+09:00,15420.0,15420.0,14520.0,14700.0,76898,0.0,0.0
2006-05-11 00:00:00+09:00,14460.0,14730.0,14280.0,14460.0,76352,0.0,0.0
2006-05-12 00:00:00+09:00,14220.0,15090.0,14190.0,14550.0,66324,0.0,0.0
2006-05-15 00:00:00+09:00,14670.0,14670.0,14220.0,14430.0,42137,0.0,0.0
2006-05-16 00:00:00+09:00,14520.0,14850.0,14100.0,14400.0,42593,0.0,0.0
2006-05-17 00:00:00+09:00,14400.0,14760.0,14310.0,14430.0,54647,0.0,0.0
2006-05-18 00:00:00+09:00,14520.0,16050.0,13830.0,15300.0,132116,0.0,0.0
2006-05-19 00:00:00+09:00,15480.0,15780.0,14910.0,15480.0,176008,0.0,0.0
2006-05-22 00:00:00+09:00,15600.0,15810.0,15060.0,15120.0,87548,0.0,0.0
2006-05-23 00:00:00+09:00,14970.0,15990.0,14550.0,15120.0,477116,0.0,0.0
2006-05-24 00:00:00+09:00,15180.0,15300.0,13680.0,14190.0,161091,0.0,0.0
2006-05-25 00:00:00+09:00,14190.0,14340.0,12900.0,13020.0,186921,0.0,0.0
2006-05-26 00:00:00+09:00,13260.0,14070.0,13050.0,14070.0,238194,0.0,0.0
2006-05-29 00:00:00+09:00,13740.0,13800.0,12660.0,12660.0,122286,0.0,0.0
2006-05-30 00:00:00+09:00,12390.0,12540.0,11370.0,11820.0,173444,0.0,0.0
2006-06-01 00:00:00+09:00,12000.0,12510.0,11340.0,11400.0,96173,0.0,0.0
2006-06-02 00:00:00+09:00,11700.0,12600.0,11520.0,12300.0,204352,0.0,0.0
2006-06-05 00:00:00+09:00,12000.0,12300.0,11460.0,12000.0,48411,0.0,0.0
2006-06-07 00:00:00+09:00,11490.0,11940.0,10980.0,11310.0,58765,0.0,0.0
2006-06-08 00:00:00+09:00,10980.0,11430.0,10710.0,11370.0,59699,0.0,0.0
2006-06-09 00:00:00+09:00,11370.0,11550.0,11010.0,11400.0,55144,0.0,0.0
2006-06-12 00:00:00+09:00,11400.0,11700.0,11160.0,11580.0,25896,0.0,0.0
2006-06-13 00:00:00+09:00,11160.0,11400.0,10920.0,11040.0,26320,0.0,0.0
2006-06-14 00:00:00+09:00,10860.0,11310.0,10830.0,11190.0,21192,0.0,0.0
2006-06-15 00:00:00+09:00,11280.0,11520.0,11100.0,11190.0,26827,0.0,0.0
2006-06-16 00:00:00+09:00,11550.0,11580.0,11220.0,11220.0,61624,0.0,0.0
2006-06-19 00:00:00+09:00,11190.0,11190.0,10500.0,10620.0,49312,0.0,0.0
2006-06-20 00:00:00+09:00,10770.0,12210.0,10770.0,11970.0,617693,0.0,0.0
2006-06-21 00:00:00+09:00,11820.0,11940.0,11220.0,11340.0,122589,0.0,0.0
2006-06-22 00:00:00+09:00,10440.0,10860.0,10380.0,10440.0,382297,0.0,0.0
2006-06-23 00:00:00+09:00,10200.0,10560.0,9690.0,9720.0,199612,0.0,0.0
2006-06-26 00:00:00+09:00,9720.0,10320.0,9660.0,9930.0,373973,0.0,0.0
2006-06-27 00:00:00+09:00,10020.0,10020.0,9300.0,9390.0,203032,0.0,0.0
2006-06-28 00:00:00+09:00,9090.0,9300.0,9000.0,9210.0,99780,0.0,0.0
2006-06-29 00:00:00+09:00,9240.0,9450.0,9060.0,9090.0,114443,0.0,0.0
2006-06-30 00:00:00+09:00,9270.0,9570.0,9120.0,9570.0,174997,0.0,0.0
2006-07-03 00:00:00+09:00,9660.0,9690.0,9360.0,9420.0,110111,0.0,0.0
2006-07-04 00:00:00+09:00,9450.0,9540.0,9120.0,9120.0,110552,0.0,0.0
2006-07-05 00:00:00+09:00,8820.0,9030.0,8580.0,8580.0,95126,0.0,0.0
2006-07-06 00:00:00+09:00,8580.0,8670.0,8220.0,8400.0,121116,0.0,0.0
2006-07-07 00:00:00+09:00,8460.0,9000.0,8460.0,8730.0,153031,0.0,0.0
2006-07-10 00:00:00+09:00,8730.0,8760.0,8520.0,8520.0,74875,0.0,0.0
2006-07-11 00:00:00+09:00,8490.0,8610.0,8340.0,8400.0,80169,0.0,0.0
2006-07-12 00:00:00+09:00,8520.0,8760.0,8430.0,8580.0,97032,0.0,0.0
2006-07-13 00:00:00+09:00,8520.0,8700.0,8220.0,8340.0,105822,0.0,0.0
2006-07-14 00:00:00+09:00,8580.0,9570.0,8280.0,8460.0,820809,0.0,0.0
2006-07-18 00:00:00+09:00,8280.0,8280.0,7500.0,7500.0,209069,0.0,0.0
2006-07-19 00:00:00+09:00,7380.0,7830.0,7080.0,7080.0,106084,0.0,0.0
2006-07-20 00:00:00+09:00,7260.0,7680.0,7020.0,7530.0,215746,0.0,0.0
2006-07-21 00:00:00+09:00,7380.0,7500.0,7050.0,7140.0,91294,0.0,0.0
2006-07-24 00:00:00+09:00,6960.0,7200.0,6870.0,7170.0,109352,0.0,0.0
2006-07-25 00:00:00+09:00,7290.0,7440.0,7140.0,7170.0,63555,0.0,0.0
2006-07-26 00:00:00+09:00,7230.0,7560.0,7170.0,7440.0,97029,0.0,0.0
2006-07-27 00:00:00+09:00,7620.0,8310.0,7500.0,8070.0,293277,0.0,0.0
2006-07-28 00:00:00+09:00,8130.0,8580.0,7770.0,8280.0,163631,0.0,0.0
2006-07-31 00:00:00+09:00,8400.0,8490.0,8100.0,8100.0,153867,0.0,0.0
2006-08-01 00:00:00+09:00,7920.0,8160.0,7740.0,7800.0,99581,0.0,0.0
2006-08-02 00:00:00+09:00,7590.0,7860.0,7590.0,7710.0,48380,0.0,0.0
2006-08-03 00:00:00+09:00,7710.0,7770.0,7500.0,7500.0,69449,0.0,0.0
2006-08-04 00:00:00+09:00,7530.0,7830.0,7530.0,7800.0,53647,0.0,0.0
2006-08-07 00:00:00+09:00,7800.0,8490.0,7710.0,8370.0,173171,0.0,0.0
2006-08-08 00:00:00+09:00,8400.0,8580.0,8250.0,8580.0,141600,0.0,0.0
2006-08-09 00:00:00+09:00,8430.0,8760.0,8370.0,8400.0,102765,0.0,0.0
2006-08-10 00:00:00+09:00,8370.0,9660.0,8310.0,9660.0,566586,0.0,0.0
2006-08-11 00:00:00+09:00,9840.0,10500.0,9480.0,10050.0,1097111,0.0,0.0
2006-08-14 00:00:00+09:00,10470.0,11550.0,10410.0,11550.0,1535839,0.0,0.0
2006-08-16 00:00:00+09:00,12180.0,13260.0,11700.0,13260.0,1145166,0.0,0.0
2006-08-17 00:00:00+09:00,14310.0,14370.0,12180.0,12360.0,2579287,0.0,0.0
2006-08-18 00:00:00+09:00,12240.0,14190.0,12180.0,14100.0,3181751,0.0,0.0
2006-08-21 00:00:00+09:00,13800.0,15930.0,13680.0,14610.0,2459892,0.0,0.0
2006-08-22 00:00:00+09:00,14940.0,15720.0,14460.0,14460.0,1358291,0.0,0.0
2006-08-23 00:00:00+09:00,14760.0,14820.0,12300.0,13380.0,1663771,0.0,0.0
2006-08-24 00:00:00+09:00,13170.0,14100.0,12900.0,13530.0,1004949,0.0,0.0
2006-08-25 00:00:00+09:00,13530.0,13830.0,12600.0,12600.0,728055,0.0,0.0
2006-08-28 00:00:00+09:00,12300.0,12840.0,12000.0,12240.0,817441,0.0,0.0
2006-08-29 00:00:00+09:00,12510.0,14070.0,12420.0,14070.0,2116891,0.0,0.0
2006-08-30 00:00:00+09:00,14370.0,16050.0,13560.0,14100.0,2640941,0.0,0.0
2006-08-31 00:00:00+09:00,14430.0,15180.0,13980.0,14340.0,1047773,0.0,0.0
2006-09-01 00:00:00+09:00,14790.0,14850.0,13560.0,13800.0,719444,0.0,0.0
2006-09-04 00:00:00+09:00,13290.0,13680.0,13050.0,13320.0,741040,0.0,0.0
2006-09-05 00:00:00+09:00,13740.0,14940.0,13590.0,14580.0,1533065,0.0,0.0
2006-09-06 00:00:00+09:00,14430.0,14850.0,13890.0,14250.0,556914,0.0,0.0
2006-09-07 00:00:00+09:00,14250.0,16380.0,14250.0,15390.0,2063086,0.0,0.0
2006-09-08 00:00:00+09:00,15600.0,16740.0,15360.0,15660.0,1921431,0.0,0.0
2006-09-11 00:00:00+09:00,16140.0,16320.0,15390.0,15720.0,806951,0.0,0.0
2006-09-12 00:00:00+09:00,15720.0,16020.0,15180.0,15300.0,684369,0.0,0.0
2006-09-13 00:00:00+09:00,15750.0,17160.0,15600.0,16440.0,2357157,0.0,0.0
2006-09-14 00:00:00+09:00,16890.0,17400.0,16500.0,16830.0,1429266,0.0,0.0
2006-09-15 00:00:00+09:00,17160.0,17250.0,16500.0,16800.0,581225,0.0,0.0
2006-09-18 00:00:00+09:00,16920.0,17160.0,16500.0,16650.0,668417,0.0,0.0
2006-09-19 00:00:00+09:00,16620.0,18600.0,16500.0,18420.0,1019506,0.0,0.0
2006-09-20 00:00:00+09:00,18300.0,19590.0,18240.0,18420.0,1300517,0.0,0.0
2006-09-21 00:00:00+09:00,18900.0,18900.0,18060.0,18120.0,495573,0.0,0.0
2006-09-22 00:00:00+09:00,18000.0,19680.0,18000.0,18420.0,1345404,0.0,0.0
2006-09-25 00:00:00+09:00,18180.0,18990.0,18180.0,18750.0,478382,0.0,0.0
2006-09-26 00:00:00+09:00,18900.0,19380.0,17100.0,17400.0,696565,0.0,0.0
2006-09-27 00:00:00+09:00,18000.0,18900.0,17700.0,17970.0,687823,0.0,0.0
2006-09-28 00:00:00+09:00,18120.0,18150.0,16830.0,16920.0,536260,0.0,0.0
2006-09-29 00:00:00+09:00,16830.0,17850.0,16620.0,16890.0,576774,0.0,0.0
2006-10-02 00:00:00+09:00,16950.0,19410.0,16860.0,19410.0,1441779,0.0,0.0
2006-10-04 00:00:00+09:00,20940.0,22320.0,20460.0,22320.0,2709597,0.0,0.0
2006-10-09 00:00:00+09:00,21360.0,21900.0,18990.0,18990.0,1732847,0.0,0.0
2006-10-10 00:00:00+09:00,18600.0,20610.0,18480.0,19200.0,1655627,0.0,0.0
2006-10-11 00:00:00+09:00,18660.0,20280.0,17790.0,19260.0,1636335,0.0,0.0
2006-10-12 00:00:00+09:00,19020.0,19860.0,18900.0,19500.0,881997,0.0,0.0
2006-10-13 00:00:00+09:00,20340.0,20370.0,18660.0,18660.0,763681,0.0,0.0
2006-10-16 00:00:00+09:00,18720.0,19740.0,18420.0,19200.0,978784,0.0,0.0
2006-10-17 00:00:00+09:00,19680.0,20220.0,18930.0,19500.0,1654094,0.0,0.0
2006-10-18 00:00:00+09:00,19260.0,19500.0,18300.0,18600.0,699115,0.0,0.0
2006-10-19 00:00:00+09:00,18720.0,19920.0,17700.0,17760.0,1882806,0.0,0.0
2006-10-20 00:00:00+09:00,17820.0,18600.0,17100.0,17190.0,810451,0.0,0.0
2006-10-23 00:00:00+09:00,17250.0,17460.0,16290.0,16350.0,876280,0.0,0.0
2006-10-24 00:00:00+09:00,16500.0,16650.0,15540.0,15870.0,681585,0.0,0.0
2006-10-25 00:00:00+09:00,16110.0,16590.0,15660.0,16290.0,693691,0.0,0.0
2006-10-26 00:00:00+09:00,16320.0,16410.0,15840.0,16230.0,415569,0.0,0.0
2006-10-27 00:00:00+09:00,16650.0,18000.0,16530.0,17040.0,1436267,0.0,0.0
2006-10-30 00:00:00+09:00,16980.0,17670.0,16830.0,17220.0,350739,0.0,0.0
2006-10-31 00:00:00+09:00,17340.0,17520.0,16830.0,16830.0,419328,0.0,0.0
2006-11-01 00:00:00+09:00,16860.0,17460.0,16770.0,17010.0,341471,0.0,0.0
2006-11-02 00:00:00+09:00,17100.0,17340.0,16770.0,16830.0,301398,0.0,0.0
2006-11-03 00:00:00+09:00,16830.0,17010.0,16320.0,16350.0,271509,0.0,0.0
2006-11-06 00:00:00+09:00,16530.0,17640.0,16500.0,16560.0,1002211,0.0,0.0
2006-11-07 00:00:00+09:00,16800.0,16830.0,16080.0,16200.0,378299,0.0,0.0
2006-11-08 00:00:00+09:00,16260.0,16320.0,14940.0,15180.0,531761,0.0,0.0
2006-11-09 00:00:00+09:00,15120.0,15120.0,14130.0,14520.0,563939,0.0,0.0
2006-11-10 00:00:00+09:00,14430.0,14820.0,14130.0,14610.0,303209,0.0,0.0
2006-11-13 00:00:00+09:00,14640.0,14730.0,14100.0,14100.0,241554,0.0,0.0
2006-11-14 00:00:00+09:00,13800.0,16200.0,13470.0,16200.0,1435883,0.0,0.0
2006-11-15 00:00:00+09:00,16650.0,17190.0,15780.0,16020.0,1357538,0.0,0.0
2006-11-16 00:00:00+09:00,15960.0,16200.0,15240.0,15810.0,525699,0.0,0.0
2006-11-17 00:00:00+09:00,16020.0,16560.0,15720.0,15720.0,752155,0.0,0.0
2006-11-20 00:00:00+09:00,15150.0,15510.0,14790.0,14850.0,387508,0.0,0.0
2006-11-21 00:00:00+09:00,14700.0,16500.0,14280.0,15210.0,1223659,0.0,0.0
2006-11-22 00:00:00+09:00,15060.0,15780.0,14880.0,15090.0,315577,0.0,0.0
2006-11-23 00:00:00+09:00,15240.0,15450.0,14790.0,14820.0,285934,0.0,0.0
2006-11-24 00:00:00+09:00,14850.0,15420.0,14730.0,14790.0,295737,0.0,0.0
2006-11-27 00:00:00+09:00,14790.0,16050.0,14760.0,15540.0,758075,0.0,0.0
2006-11-28 00:00:00+09:00,16110.0,17820.0,15690.0,17100.0,1634297,0.0,0.0
2006-11-29 00:00:00+09:00,17370.0,17490.0,16470.0,17190.0,706927,0.0,0.0
2006-11-30 00:00:00+09:00,17370.0,17940.0,17070.0,17880.0,878360,0.0,0.0
2006-12-01 00:00:00+09:00,17940.0,18900.0,16440.0,17190.0,1191946,0.0,0.0
2006-12-04 00:00:00+09:00,16980.0,17070.0,16380.0,16530.0,401377,0.0,0.0
2006-12-05 00:00:00+09:00,16890.0,17010.0,16470.0,16710.0,462029,0.0,0.0
2006-12-06 00:00:00+09:00,16680.0,17340.0,16650.0,17100.0,678368,0.0,0.0
2006-12-07 00:00:00+09:00,17340.0,17610.0,16380.0,16380.0,645868,0.0,0.0
2006-12-08 00:00:00+09:00,16200.0,16260.0,15450.0,15690.0,257677,0.0,0.0
2006-12-11 00:00:00+09:00,15480.0,16080.0,15120.0,15660.0,287273,0.0,0.0
2006-12-12 00:00:00+09:00,16020.0,16260.0,15240.0,15660.0,368054,0.0,0.0
2006-12-13 00:00:00+09:00,15360.0,15600.0,15090.0,15090.0,210766,0.0,0.0
2006-12-14 00:00:00+09:00,15060.0,15570.0,15060.0,15510.0,214418,0.0,0.0
2006-12-15 00:00:00+09:00,15630.0,16680.0,15630.0,16140.0,413706,0.0,0.0
2006-12-18 00:00:00+09:00,16230.0,16410.0,15780.0,16080.0,248258,0.0,0.0
2006-12-19 00:00:00+09:00,15900.0,15900.0,15270.0,15420.0,260185,0.0,0.0
2006-12-20 00:00:00+09:00,15480.0,15780.0,15300.0,15720.0,218955,0.0,0.0
2006-12-21 00:00:00+09:00,15900.0,16320.0,15630.0,16110.0,306494,0.0,0.0
2006-12-22 00:00:00+09:00,16140.0,17700.0,15840.0,16500.0,901975,0.0,0.0
2006-12-26 00:00:00+09:00,16800.0,17520.0,16560.0,17400.0,641691,0.0,0.0
2006-12-27 00:00:00+09:00,17340.0,17940.0,16500.0,16500.0,345687,0.0,0.0
2006-12-28 00:00:00+09:00,16560.0,17550.0,16560.0,17550.0,437948,0.0,0.0
2007-01-02 00:00:00+09:00,17730.0,18360.0,17280.0,17790.0,489966,0.0,0.0
2007-01-03 00:00:00+09:00,17490.0,17790.0,16830.0,16830.0,246144,0.0,0.0
2007-01-04 00:00:00+09:00,16980.0,17550.0,16710.0,16710.0,222254,0.0,0.0
2007-01-05 00:00:00+09:00,16950.0,17040.0,15600.0,16830.0,259130,0.0,0.0
2007-01-08 00:00:00+09:00,16530.0,16890.0,16290.0,16380.0,126862,0.0,0.0
2007-01-09 00:00:00+09:00,16500.0,16710.0,15930.0,16020.0,152770,0.0,0.0
2007-01-10 00:00:00+09:00,16110.0,16350.0,15690.0,16290.0,147217,0.0,0.0
2007-01-11 00:00:00+09:00,16320.0,16950.0,16140.0,16860.0,239294,0.0,0.0
2007-01-12 00:00:00+09:00,17130.0,17400.0,16410.0,16470.0,330433,0.0,0.0
2007-01-15 00:00:00+09:00,16560.0,16740.0,16080.0,16140.0,147540,0.0,0.0
2007-01-16 00:00:00+09:00,16170.0,16440.0,15690.0,15690.0,185704,0.0,0.0
2007-01-17 00:00:00+09:00,15600.0,15840.0,15180.0,15540.0,181316,0.0,0.0
2007-01-18 00:00:00+09:00,15540.0,15600.0,14940.0,15120.0,168692,0.0,0.0
2007-01-19 00:00:00+09:00,14580.0,14970.0,14400.0,14400.0,165708,0.0,0.0
2007-01-22 00:00:00+09:00,14280.0,14580.0,14160.0,14310.0,150264,0.0,0.0
2007-01-23 00:00:00+09:00,14100.0,14880.0,14010.0,14010.0,131799,0.0,0.0
2007-01-24 00:00:00+09:00,14040.0,14310.0,13860.0,13860.0,131847,0.0,0.0
2007-01-25 00:00:00+09:00,14040.0,14490.0,13920.0,13920.0,150843,0.0,0.0
2007-01-26 00:00:00+09:00,13680.0,14250.0,12900.0,13200.0,201782,0.0,0.0
2007-01-29 00:00:00+09:00,13170.0,13350.0,12960.0,13110.0,134223,0.0,0.0
2007-01-30 00:00:00+09:00,12930.0,13560.0,12540.0,13260.0,208953,0.0,0.0
2007-01-31 00:00:00+09:00,13260.0,13560.0,12870.0,12870.0,93466,0.0,0.0
2007-02-01 00:00:00+09:00,13200.0,13200.0,12480.0,12480.0,118446,0.0,0.0
2007-02-02 00:00:00+09:00,12210.0,12750.0,12210.0,12600.0,167634,0.0,0.0
2007-02-05 00:00:00+09:00,12750.0,13080.0,12720.0,12810.0,124665,0.0,0.0
2007-02-06 00:00:00+09:00,12750.0,13200.0,12690.0,13200.0,113818,0.0,0.0
2007-02-07 00:00:00+09:00,13380.0,13680.0,13290.0,13410.0,137224,0.0,0.0
2007-02-08 00:00:00+09:00,13380.0,13410.0,12930.0,12930.0,80377,0.0,0.0
2007-02-09 00:00:00+09:00,12930.0,12990.0,12540.0,12540.0,112429,0.0,0.0
2007-02-12 00:00:00+09:00,12300.0,12480.0,12060.0,12210.0,144154,0.0,0.0
2007-02-13 00:00:00+09:00,12300.0,12390.0,12090.0,12180.0,144154,0.0,0.0
2007-02-14 00:00:00+09:00,12180.0,12510.0,12150.0,12480.0,141598,0.0,0.0
2007-02-15 00:00:00+09:00,12510.0,12630.0,12030.0,12030.0,155767,0.0,0.0
2007-02-16 00:00:00+09:00,12000.0,12120.0,11610.0,12060.0,168763,0.0,0.0
2007-02-20 00:00:00+09:00,12000.0,12090.0,11850.0,11940.0,122880,0.0,0.0
2007-02-21 00:00:00+09:00,11730.0,11850.0,11490.0,11490.0,161507,0.0,0.0
2007-02-22 00:00:00+09:00,11520.0,11550.0,11220.0,11400.0,142067,0.0,0.0
2007-02-23 00:00:00+09:00,11310.0,12000.0,11160.0,12000.0,257746,0.0,0.0
2007-02-26 00:00:00+09:00,11970.0,12510.0,11760.0,11820.0,126640,0.0,0.0
2007-02-27 00:00:00+09:00,11820.0,11880.0,11310.0,11310.0,117745,0.0,0.0
2007-02-28 00:00:00+09:00,10620.0,12180.0,10440.0,11400.0,260291,0.0,0.0
2007-03-05 00:00:00+09:00,11460.0,11970.0,11280.0,11970.0,124474,0.0,0.0
2007-03-06 00:00:00+09:00,11700.0,11880.0,11580.0,11730.0,79414,0.0,0.0
2007-03-07 00:00:00+09:00,11850.0,11880.0,11580.0,11640.0,97112,0.0,0.0
2007-03-08 00:00:00+09:00,11640.0,12060.0,11580.0,12030.0,157421,0.0,0.0
2007-03-09 00:00:00+09:00,11760.0,12420.0,11850.0,11940.0,225009,0.0,0.0
2007-03-12 00:00:00+09:00,11760.0,12270.0,11580.0,11940.0,225009,0.0,0.0
2007-03-13 00:00:00+09:00,12180.0,12270.0,11880.0,11880.0,120235,0.0,0.0
2007-03-14 00:00:00+09:00,11700.0,11880.0,11670.0,11670.0,101851,0.0,0.0
2007-03-15 00:00:00+09:00,11850.0,12570.0,11670.0,12480.0,433245,0.0,0.0
2007-03-16 00:00:00+09:00,12900.0,13080.0,12330.0,12480.0,281643,0.0,0.0
2007-03-19 00:00:00+09:00,12600.0,12660.0,12240.0,12390.0,155526,0.0,0.0
2007-03-20 00:00:00+09:00,12420.0,12810.0,12360.0,12360.0,191991,0.0,0.0
2007-03-21 00:00:00+09:00,12420.0,12480.0,11970.0,11970.0,124452,0.0,0.0
2007-03-22 00:00:00+09:00,12000.0,12150.0,11940.0,12030.0,86127,0.0,0.0
2007-03-23 00:00:00+09:00,13200.0,12450.0,11940.0,12300.0,1563953,0.0,0.0
2007-03-26 00:00:00+09:00,13200.0,14130.0,13200.0,14130.0,1563953,0.0,0.0
2007-03-27 00:00:00+09:00,14340.0,16020.0,13470.0,13770.0,1768206,0.0,0.0
2007-03-28 00:00:00+09:00,13650.0,14220.0,13470.0,13500.0,554687,0.0,0.0
2007-03-29 00:00:00+09:00,13650.0,14550.0,13470.0,13560.0,747453,0.0,0.0
2007-03-30 00:00:00+09:00,13320.0,13710.0,13260.0,13500.0,260509,0.0,0.0
2007-04-02 00:00:00+09:00,13560.0,13770.0,12900.0,12960.0,334704,0.0,0.0
2007-04-03 00:00:00+09:00,12990.0,13200.0,12840.0,13110.0,160178,0.0,0.0
2007-04-04 00:00:00+09:00,13470.0,13560.0,12810.0,12900.0,259868,0.0,0.0
2007-04-05 00:00:00+09:00,12990.0,13710.0,12840.0,13080.0,166535,0.0,0.0
2007-04-06 00:00:00+09:00,13350.0,13500.0,13080.0,13080.0,149215,0.0,0.0
2007-04-09 00:00:00+09:00,12990.0,13260.0,12960.0,13080.0,166535,0.0,0.0
2007-04-10 00:00:00+09:00,13140.0,13470.0,13110.0,13410.0,214193,0.0,0.0
2007-04-11 00:00:00+09:00,12900.0,12900.0,11460.0,12090.0,623600,0.0,0.0
2007-04-12 00:00:00+09:00,12030.0,12210.0,11670.0,12000.0,163835,0.0,0.0
2007-04-13 00:00:00+09:00,12000.0,12150.0,11880.0,11940.0,142559,0.0,0.0
2007-04-16 00:00:00+09:00,11880.0,12150.0,11850.0,12000.0,139026,0.0,0.0
2007-04-17 00:00:00+09:00,12150.0,12150.0,11760.0,11820.0,118586,0.0,0.0
2007-04-18 00:00:00+09:00,11850.0,11940.0,11640.0,11700.0,83471,0.0,0.0
2007-04-19 00:00:00+09:00,11520.0,11700.0,11190.0,11220.0,125203,0.0,0.0
2007-04-20 00:00:00+09:00,11220.0,11310.0,11040.0,11190.0,92587,0.0,0.0
2007-04-23 00:00:00+09:00,11190.0,12810.0,11160.0,12750.0,249557,0.0,0.0
2007-04-24 00:00:00+09:00,12570.0,13020.0,11760.0,12000.0,374280,0.0,0.0
2007-04-25 00:00:00+09:00,12150.0,12150.0,11580.0,12120.0,128019,0.0,0.0
2007-04-26 00:00:00+09:00,12120.0,12150.0,11400.0,11400.0,123578,0.0,0.0
2007-04-27 00:00:00+09:00,11100.0,11370.0,10980.0,11010.0,68030,0.0,0.0
2007-04-30 00:00:00+09:00,10830.0,11310.0,10830.0,10830.0,45690,0.0,0.0
2007-05-02 00:00:00+09:00,10860.0,11310.0,10830.0,11100.0,70339,0.0,0.0
2007-05-03 00:00:00+09:00,11130.0,11400.0,11100.0,11160.0,50675,0.0,0.0
2007-05-04 00:00:00+09:00,11160.0,11790.0,11160.0,11460.0,76219,0.0,0.0
2007-05-07 00:00:00+09:00,11430.0,11640.0,11400.0,11430.0,52916,0.0,0.0
2007-05-08 00:00:00+09:00,11460.0,11520.0,11160.0,11220.0,46186,0.0,0.0
2007-05-09 00:00:00+09:00,11190.0,11430.0,11190.0,11310.0,37675,0.0,0.0
2007-05-10 00:00:00+09:00,11370.0,11520.0,11190.0,11340.0,59163,0.0,0.0
2007-05-11 00:00:00+09:00,11340.0,11340.0,11040.0,11160.0,34738,0.0,0.0
2007-05-14 00:00:00+09:00,11220.0,11670.0,11130.0,11430.0,87147,0.0,0.0
2007-05-15 00:00:00+09:00,11460.0,11820.0,11280.0,11280.0,113085,0.0,0.0
2007-05-16 00:00:00+09:00,11550.0,12180.0,11460.0,11760.0,305915,0.0,0.0
2007-05-17 00:00:00+09:00,11760.0,12000.0,11520.0,11670.0,302346,0.0,0.0
2007-05-18 00:00:00+09:00,11760.0,12090.0,11580.0,11700.0,302346,0.0,0.0
2007-05-21 00:00:00+09:00,11790.0,11790.0,11580.0,11580.0,76134,0.0,0.0
2007-05-22 00:00:00+09:00,11610.0,11670.0,11160.0,11580.0,99755,0.0,0.0
2007-05-23 00:00:00+09:00,11460.0,11520.0,11220.0,11310.0,80511,0.0,0.0
2007-05-25 00:00:00+09:00,11280.0,11460.0,11220.0,11250.0,60147,0.0,0.0
2007-05-28 00:00:00+09:00,11250.0,11340.0,11040.0,11100.0,79117,0.0,0.0
2007-05-29 00:00:00+09:00,11130.0,11790.0,11010.0,11340.0,143639,0.0,0.0
2007-05-30 00:00:00+09:00,11550.0,13020.0,11550.0,12480.0,1028376,0.0,0.0
2007-05-31 00:00:00+09:00,12660.0,13980.0,12270.0,13230.0,651380,0.0,0.0
2007-06-01 00:00:00+09:00,13230.0,13290.0,12150.0,12150.0,233610,0.0,0.0
2007-06-04 00:00:00+09:00,12360.0,12870.0,11820.0,12300.0,270414,0.0,0.0
2007-06-05 00:00:00+09:00,12240.0,12660.0,11820.0,11820.0,210583,0.0,0.0
2007-06-07 00:00:00+09:00,11760.0,12510.0,11700.0,12120.0,177658,0.0,0.0
2007-06-08 00:00:00+09:00,12270.0,12390.0,11850.0,12060.0,148516,0.0,0.0
2007-06-11 00:00:00+09:00,12120.0,12870.0,12000.0,12570.0,206135,0.0,0.0
2007-06-12 00:00:00+09:00,12780.0,13050.0,12240.0,12240.0,125128,0.0,0.0
2007-06-13 00:00:00+09:00,12000.0,12630.0,11940.0,12360.0,154780,0.0,0.0
2007-06-14 00:00:00+09:00,12420.0,12900.0,12360.0,12480.0,180631,0.0,0.0
2007-06-15 00:00:00+09:00,12570.0,12570.0,12090.0,12270.0,146638,0.0,0.0
2007-06-18 00:00:00+09:00,12570.0,12780.0,12240.0,12360.0,136210,0.0,0.0
2007-06-19 00:00:00+09:00,12360.0,12540.0,12180.0,12360.0,134328,0.0,0.0
2007-06-20 00:00:00+09:00,12210.0,12510.0,11970.0,12000.0,179144,0.0,0.0
2007-06-21 00:00:00+09:00,12000.0,12750.0,11640.0,12480.0,202261,0.0,0.0
2007-06-22 00:00:00+09:00,12660.0,14040.0,12660.0,13110.0,507408,0.0,0.0
2007-06-25 00:00:00+09:00,13110.0,13290.0,12750.0,13020.0,147909,0.0,0.0
2007-06-26 00:00:00+09:00,13110.0,13350.0,11880.0,12120.0,173815,0.0,0.0
2007-06-27 00:00:00+09:00,12060.0,12270.0,11790.0,11820.0,114228,0.0,0.0
2007-06-28 00:00:00+09:00,11940.0,12300.0,11790.0,11910.0,75478,0.0,0.0
2007-06-29 00:00:00+09:00,11940.0,12330.0,11820.0,11940.0,75478,0.0,0.0
2007-07-02 00:00:00+09:00,12000.0,12630.0,12000.0,12540.0,157398,0.0,0.0
2007-07-03 00:00:00+09:00,13800.0,14040.0,12630.0,12720.0,448717,0.0,0.0
2007-07-04 00:00:00+09:00,12960.0,12960.0,12120.0,12180.0,151406,0.0,0.0
2007-07-05 00:00:00+09:00,12000.0,12210.0,11610.0,12210.0,163062,0.0,0.0
2007-07-06 00:00:00+09:00,12180.0,12840.0,11940.0,12300.0,194325,0.0,0.0
2007-07-09 00:00:00+09:00,12450.0,12600.0,12090.0,12090.0,109919,0.0,0.0
2007-07-10 00:00:00+09:00,12090.0,12660.0,11940.0,12240.0,183522,0.0,0.0
2007-07-11 00:00:00+09:00,12240.0,12360.0,11940.0,11970.0,98520,0.0,0.0
2007-07-12 00:00:00+09:00,12000.0,12150.0,11520.0,11580.0,196428,0.0,0.0
2007-07-13 00:00:00+09:00,11580.0,11610.0,11280.0,11490.0,123277,0.0,0.0
2007-07-16 00:00:00+09:00,11220.0,11490.0,11190.0,11190.0,107028,0.0,0.0
2007-07-18 00:00:00+09:00,11340.0,11400.0,11070.0,11190.0,84316,0.0,0.0
2007-07-19 00:00:00+09:00,11130.0,11370.0,10890.0,10890.0,106752,0.0,0.0
2007-07-20 00:00:00+09:00,10920.0,10980.0,10530.0,10560.0,156243,0.0,0.0
2007-07-23 00:00:00+09:00,10650.0,11220.0,10530.0,11100.0,121793,0.0,0.0
2007-07-24 00:00:00+09:00,10980.0,11100.0,10590.0,10710.0,98282,0.0,0.0
2007-07-25 00:00:00+09:00,10770.0,10800.0,10380.0,10800.0,112199,0.0,0.0
2007-07-26 00:00:00+09:00,11100.0,11820.0,10980.0,11220.0,310916,0.0,0.0
2007-07-27 00:00:00+09:00,11400.0,11400.0,10740.0,10890.0,88299,0.0,0.0
2007-07-30 00:00:00+09:00,11070.0,11070.0,10710.0,10740.0,45426,0.0,0.0
2007-07-31 00:00:00+09:00,10680.0,11220.0,10680.0,10830.0,67683,0.0,0.0
2007-08-01 00:00:00+09:00,11070.0,11340.0,10830.0,11100.0,94014,0.0,0.0
2007-08-02 00:00:00+09:00,11250.0,11430.0,10710.0,10740.0,67602,0.0,0.0
2007-08-03 00:00:00+09:00,10860.0,11160.0,10740.0,10740.0,56222,0.0,0.0
2007-08-06 00:00:00+09:00,10680.0,11520.0,10440.0,10950.0,178510,0.0,0.0
2007-08-07 00:00:00+09:00,11130.0,11220.0,10770.0,10920.0,62910,0.0,0.0
2007-08-08 00:00:00+09:00,11070.0,11070.0,10770.0,10830.0,50794,0.0,0.0
2007-08-09 00:00:00+09:00,10890.0,11100.0,10860.0,11070.0,70790,0.0,0.0
2007-08-10 00:00:00+09:00,10890.0,11010.0,10770.0,10860.0,73553,0.0,0.0
2007-08-13 00:00:00+09:00,10890.0,11100.0,10830.0,10890.0,70518,0.0,0.0
2007-08-14 00:00:00+09:00,10860.0,11070.0,10530.0,10530.0,82162,0.0,0.0
2007-08-16 00:00:00+09:00,9390.0,10020.0,8970.0,9210.0,258953,0.0,0.0
2007-08-17 00:00:00+09:00,9210.0,9600.0,9150.0,9300.0,88870,0.0,0.0
2007-08-20 00:00:00+09:00,9660.0,9870.0,9570.0,9870.0,53827,0.0,0.0
2007-08-21 00:00:00+09:00,9780.0,10500.0,9480.0,9810.0,146421,0.0,0.0
2007-08-22 00:00:00+09:00,9780.0,10020.0,9660.0,9690.0,68962,0.0,0.0
2007-08-23 00:00:00+09:00,9840.0,10080.0,9780.0,9930.0,55548,0.0,0.0
2007-08-24 00:00:00+09:00,10050.0,10050.0,9780.0,9990.0,31960,0.0,0.0
2007-08-27 00:00:00+09:00,9990.0,10230.0,9900.0,10110.0,46381,0.0,0.0
2007-08-28 00:00:00+09:00,10320.0,10320.0,10110.0,10200.0,63697,0.0,0.0
2007-08-29 00:00:00+09:00,9960.0,10050.0,9810.0,9960.0,35063,0.0,0.0
2007-08-30 00:00:00+09:00,10140.0,10200.0,10050.0,10050.0,33494,0.0,0.0
2007-08-31 00:00:00+09:00,10140.0,10230.0,10020.0,10050.0,33494,0.0,0.0
2007-09-03 00:00:00+09:00,10080.0,10470.0,10080.0,10230.0,70971,0.0,0.0
2007-09-04 00:00:00+09:00,10260.0,10410.0,10020.0,10020.0,40180,0.0,0.0
2007-09-05 00:00:00+09:00,10050.0,10170.0,9960.0,9960.0,21507,0.0,0.0
2007-09-06 00:00:00+09:00,9870.0,10050.0,9870.0,9990.0,16559,0.0,0.0
2007-09-07 00:00:00+09:00,9930.0,10080.0,9660.0,9870.0,28524,0.0,0.0
2007-09-10 00:00:00+09:00,9630.0,9720.0,9420.0,9570.0,51802,0.0,0.0
2007-09-11 00:00:00+09:00,9570.0,9660.0,9480.0,9480.0,49219,0.0,0.0
2007-09-12 00:00:00+09:00,9540.0,9720.0,9030.0,9030.0,42600,0.0,0.0
2007-09-13 00:00:00+09:00,9060.0,9840.0,9060.0,9390.0,36768,0.0,0.0
2007-09-14 00:00:00+09:00,9630.0,9630.0,9360.0,9480.0,27825,0.0,0.0
2007-09-17 00:00:00+09:00,9420.0,9600.0,9360.0,9420.0,41380,0.0,0.0
2007-09-18 00:00:00+09:00,9360.0,9510.0,9000.0,9060.0,40445,0.0,0.0
2007-09-19 00:00:00+09:00,9000.0,9360.0,8940.0,8970.0,35323,0.0,0.0
2007-09-20 00:00:00+09:00,9000.0,9090.0,8940.0,8940.0,35323,0.0,0.0
2007-09-21 00:00:00+09:00,9000.0,9150.0,8910.0,8940.0,52199,0.0,0.0
2007-09-27 00:00:00+09:00,9000.0,9120.0,8430.0,8610.0,78235,0.0,0.0
2007-09-28 00:00:00+09:00,8460.0,8790.0,8430.0,8640.0,59143,0.0,0.0
2007-10-01 00:00:00+09:00,8730.0,9060.0,8640.0,8820.0,107308,0.0,0.0
2007-10-02 00:00:00+09:00,8970.0,9120.0,8820.0,8850.0,56680,0.0,0.0
2007-10-04 00:00:00+09:00,8820.0,9000.0,8430.0,8580.0,57486,0.0,0.0
2007-10-05 00:00:00+09:00,8700.0,8700.0,8430.0,8580.0,63289,0.0,0.0
2007-10-08 00:00:00+09:00,8460.0,8550.0,8250.0,8490.0,85482,0.0,0.0
2007-10-09 00:00:00+09:00,8430.0,8520.0,7980.0,8430.0,101150,0.0,0.0
2007-10-10 00:00:00+09:00,8760.0,8760.0,8010.0,8280.0,69814,0.0,0.0
2007-10-11 00:00:00+09:00,7620.0,7920.0,7050.0,7620.0,272381,0.0,0.0
2007-10-12 00:00:00+09:00,7620.0,7620.0,6990.0,7230.0,108729,0.0,0.0
2007-10-15 00:00:00+09:00,7290.0,8220.0,6900.0,7800.0,501863,0.0,0.0
2007-10-16 00:00:00+09:00,7740.0,7920.0,7320.0,7590.0,91431,0.0,0.0
2007-10-17 00:00:00+09:00,7380.0,7920.0,7230.0,7740.0,79769,0.0,0.0
2007-10-18 00:00:00+09:00,7770.0,8880.0,7620.0,8610.0,212204,0.0,0.0
2007-10-19 00:00:00+09:00,8760.0,9300.0,8400.0,8550.0,363586,0.0,0.0
2007-10-22 00:00:00+09:00,8160.0,9420.0,7380.0,7980.0,321849,0.0,0.0
2007-10-23 00:00:00+09:00,8040.0,8460.0,8010.0,8070.0,66660,0.0,0.0
2007-10-24 00:00:00+09:00,8100.0,8280.0,7680.0,7680.0,106231,0.0,0.0
2007-10-25 00:00:00+09:00,7710.0,8490.0,7620.0,8070.0,497219,0.0,0.0
2007-10-26 00:00:00+09:00,7980.0,8190.0,7650.0,7710.0,117455,0.0,0.0
2007-10-29 00:00:00+09:00,7080.0,7200.0,6810.0,6930.0,84920,0.0,0.0
2007-10-30 00:00:00+09:00,7260.0,7080.0,6810.0,7080.0,48820,0.0,0.0
2007-10-31 00:00:00+09:00,7260.0,7260.0,6840.0,6840.0,48820,0.0,0.0
2007-11-01 00:00:00+09:00,6840.0,6990.0,6690.0,6780.0,29237,0.0,0.0
2007-11-02 00:00:00+09:00,6690.0,6780.0,6420.0,6510.0,47119,0.0,0.0
2007-11-05 00:00:00+09:00,6480.0,6600.0,6240.0,6330.0,58987,0.0,0.0
2007-11-06 00:00:00+09:00,6480.0,6480.0,6240.0,6330.0,48319,0.0,0.0
2007-11-07 00:00:00+09:00,6330.0,6630.0,6240.0,6510.0,75530,0.0,0.0
2007-11-08 00:00:00+09:00,6360.0,7380.0,6270.0,6840.0,366460,0.0,0.0
2007-11-09 00:00:00+09:00,6960.0,6960.0,6480.0,6660.0,95669,0.0,0.0
2007-11-12 00:00:00+09:00,6690.0,6690.0,6060.0,6450.0,75094,0.0,0.0
2007-11-13 00:00:00+09:00,6300.0,6720.0,6270.0,6720.0,62423,0.0,0.0
2007-11-14 00:00:00+09:00,6720.0,6720.0,6450.0,6690.0,54384,0.0,0.0
2007-11-15 00:00:00+09:00,6420.0,6720.0,6450.0,6600.0,53247,0.0,0.0
2007-11-16 00:00:00+09:00,6420.0,6600.0,6300.0,6600.0,53247,0.0,0.0
2007-11-19 00:00:00+09:00,6450.0,6690.0,6240.0,6300.0,165225,0.0,0.0
2007-11-20 00:00:00+09:00,6210.0,6300.0,6000.0,6090.0,73662,0.0,0.0
2007-11-21 00:00:00+09:00,6180.0,6180.0,5250.0,5250.0,158798,0.0,0.0
2007-11-22 00:00:00+09:00,5400.0,5550.0,4920.0,5280.0,221095,0.0,0.0
2007-11-23 00:00:00+09:00,5040.0,5220.0,4530.0,4800.0,176350,0.0,0.0
2007-11-26 00:00:00+09:00,4710.0,5310.0,4710.0,5010.0,132589,0.0,0.0
2007-11-27 00:00:00+09:00,4890.0,5190.0,4740.0,5100.0,236273,0.0,0.0
2007-11-28 00:00:00+09:00,5040.0,5160.0,4860.0,4920.0,83821,0.0,0.0
2007-11-29 00:00:00+09:00,4920.0,5040.0,4710.0,4710.0,84171,0.0,0.0
2007-11-30 00:00:00+09:00,4800.0,5100.0,4710.0,4740.0,125359,0.0,0.0
2007-12-03 00:00:00+09:00,4800.0,5160.0,4800.0,4920.0,175107,0.0,0.0
2007-12-04 00:00:00+09:00,5010.0,5160.0,4860.0,4980.0,134916,0.0,0.0
2007-12-05 00:00:00+09:00,4980.0,4980.0,4770.0,4800.0,120313,0.0,0.0
2007-12-06 00:00:00+09:00,4890.0,4950.0,4770.0,4770.0,36546,0.0,0.0
2007-12-07 00:00:00+09:00,4800.0,4860.0,4680.0,4800.0,723731,0.0,0.0
2007-12-10 00:00:00+09:00,4800.0,5520.0,4680.0,5520.0,723731,0.0,0.0
2007-12-11 00:00:00+09:00,5280.0,5400.0,4920.0,5010.0,393523,0.0,0.0
2007-12-12 00:00:00+09:00,4830.0,4740.0,4470.0,4710.0,83155,0.0,0.0
2007-12-13 00:00:00+09:00,4830.0,4860.0,4620.0,4710.0,83155,0.0,0.0
2007-12-14 00:00:00+09:00,4650.0,4830.0,4560.0,4800.0,126753,0.0,0.0
2007-12-17 00:00:00+09:00,4590.0,4860.0,4500.0,4560.0,44483,0.0,0.0
2007-12-18 00:00:00+09:00,4440.0,4590.0,4410.0,4560.0,50649,0.0,0.0
2007-12-20 00:00:00+09:00,4590.0,4770.0,4500.0,4560.0,44483,0.0,0.0
2007-12-21 00:00:00+09:00,4500.0,4650.0,4500.0,4500.0,45193,0.0,0.0
2007-12-24 00:00:00+09:00,4410.0,5040.0,4410.0,4650.0,157996,0.0,0.0
2007-12-26 00:00:00+09:00,4710.0,4740.0,4620.0,4680.0,44175,0.0,0.0
2007-12-27 00:00:00+09:00,4620.0,4860.0,4620.0,4860.0,90841,0.0,0.0
2007-12-28 00:00:00+09:00,4860.0,5100.0,4830.0,5010.0,102782,0.0,0.0
2008-01-02 00:00:00+09:00,4980.0,5100.0,4890.0,4920.0,45053,0.0,0.0
2008-01-03 00:00:00+09:00,4830.0,4890.0,4740.0,4800.0,60654,0.0,0.0
2008-01-04 00:00:00+09:00,4740.0,4980.0,4740.0,4980.0,65334,0.0,0.0
2008-01-07 00:00:00+09:00,4920.0,5010.0,4830.0,4980.0,104083,0.0,0.0
2008-01-08 00:00:00+09:00,4950.0,5100.0,4830.0,4890.0,94056,0.0,0.0
2008-01-09 00:00:00+09:00,4740.0,4980.0,4710.0,4920.0,74167,0.0,0.0
2008-01-10 00:00:00+09:00,4890.0,4980.0,4860.0,4950.0,70414,0.0,0.0
2008-01-11 00:00:00+09:00,4890.0,5100.0,4890.0,4980.0,70414,0.0,0.0
2008-01-14 00:00:00+09:00,4920.0,5010.0,4830.0,4950.0,53364,0.0,0.0
2008-01-15 00:00:00+09:00,4980.0,5100.0,4830.0,5070.0,117851,0.0,0.0
2008-01-16 00:00:00+09:00,5040.0,5490.0,5010.0,5070.0,494724,0.0,0.0
2008-01-17 00:00:00+09:00,5220.0,5370.0,5010.0,5040.0,133918,0.0,0.0
2008-01-18 00:00:00+09:00,5010.0,5250.0,4980.0,5160.0,115206,0.0,0.0
2008-01-21 00:00:00+09:00,5160.0,5580.0,5010.0,5070.0,345847,0.0,0.0
2008-01-22 00:00:00+09:00,5130.0,5220.0,4320.0,5010.0,89135,0.0,0.0
2008-01-23 00:00:00+09:00,5130.0,5130.0,4800.0,4980.0,89135,0.0,0.0
2008-01-24 00:00:00+09:00,5040.0,5220.0,4950.0,5220.0,94177,0.0,0.0
2008-01-25 00:00:00+09:00,5400.0,5430.0,5250.0,5310.0,114530,0.0,0.0
2008-01-28 00:00:00+09:00,5340.0,5700.0,5250.0,5580.0,270686,0.0,0.0
2008-01-29 00:00:00+09:00,5760.0,6270.0,5280.0,5370.0,791518,0.0,0.0
2008-01-30 00:00:00+09:00,5430.0,5490.0,5190.0,5400.0,159992,0.0,0.0
2008-01-31 00:00:00+09:00,5400.0,5820.0,5400.0,5430.0,211285,0.0,0.0
2008-02-01 00:00:00+09:00,5580.0,5580.0,5340.0,5340.0,83493,0.0,0.0
2008-02-04 00:00:00+09:00,5400.0,5460.0,5250.0,5340.0,55980,0.0,0.0
2008-02-05 00:00:00+09:00,5340.0,5520.0,5340.0,5490.0,51326,0.0,0.0
2008-02-11 00:00:00+09:00,5430.0,5610.0,5340.0,5520.0,101839,0.0,0.0
2008-02-12 00:00:00+09:00,5580.0,5730.0,5520.0,5610.0,91635,0.0,0.0
2008-02-13 00:00:00+09:00,5670.0,6030.0,5640.0,5790.0,291446,0.0,0.0
2008-02-14 00:00:00+09:00,5940.0,5940.0,5700.0,5820.0,99741,0.0,0.0
2008-02-15 00:00:00+09:00,5850.0,6000.0,5610.0,5940.0,132689,0.0,0.0
2008-02-18 00:00:00+09:00,6000.0,6000.0,5820.0,5880.0,53231,0.0,0.0
2008-02-19 00:00:00+09:00,5880.0,5940.0,5640.0,5760.0,117154,0.0,0.0
2008-02-20 00:00:00+09:00,5820.0,5910.0,5640.0,5670.0,101296,0.0,0.0
2008-02-21 00:00:00+09:00,5580.0,5760.0,5550.0,5610.0,64154,0.0,0.0
2008-02-22 00:00:00+09:00,5550.0,5820.0,5550.0,5820.0,108475,0.0,0.0
2008-02-25 00:00:00+09:00,5910.0,5910.0,5700.0,5820.0,60808,0.0,0.0
2008-02-26 00:00:00+09:00,5820.0,5820.0,5670.0,5730.0,26269,0.0,0.0
2008-02-27 00:00:00+09:00,5730.0,5760.0,5460.0,5550.0,98255,0.0,0.0
2008-02-28 00:00:00+09:00,5580.0,5640.0,5460.0,5520.0,60563,0.0,0.0
2008-02-29 00:00:00+09:00,5580.0,5610.0,5460.0,5490.0,60563,0.0,0.0
2008-03-03 00:00:00+09:00,5460.0,5550.0,5160.0,5490.0,56901,0.0,0.0
2008-03-04 00:00:00+09:00,5400.0,5490.0,5190.0,5250.0,68170,0.0,0.0
2008-03-05 00:00:00+09:00,5280.0,5460.0,5220.0,5400.0,62670,0.0,0.0
2008-03-06 00:00:00+09:00,5460.0,5550.0,5340.0,5430.0,67246,0.0,0.0
2008-03-07 00:00:00+09:00,5400.0,5520.0,5340.0,5460.0,52311,0.0,0.0
2008-03-10 00:00:00+09:00,5400.0,5520.0,5310.0,5460.0,52311,0.0,0.0
2008-03-11 00:00:00+09:00,5400.0,5460.0,5280.0,5400.0,36770,0.0,0.0
2008-03-12 00:00:00+09:00,5460.0,5520.0,5280.0,5340.0,66671,0.0,0.0
2008-03-13 00:00:00+09:00,5430.0,5700.0,4920.0,4920.0,183132,0.0,0.0
2008-03-14 00:00:00+09:00,4950.0,5100.0,4470.0,4620.0,134806,0.0,0.0
2008-03-17 00:00:00+09:00,4590.0,4590.0,4020.0,4380.0,94692,0.0,0.0
2008-03-18 00:00:00+09:00,4200.0,4500.0,4200.0,4470.0,30680,0.0,0.0
2008-03-19 00:00:00+09:00,4560.0,4800.0,4500.0,4590.0,32965,0.0,0.0
2008-03-20 00:00:00+09:00,4560.0,4590.0,4380.0,4500.0,24269,0.0,0.0
2008-03-21 00:00:00+09:00,4500.0,4620.0,4500.0,4560.0,18885,0.0,0.0
2008-03-24 00:00:00+09:00,4530.0,4680.0,4530.0,4530.0,22926,0.0,0.0
2008-03-25 00:00:00+09:00,4620.0,4680.0,4500.0,4530.0,48244,0.0,0.0
2008-03-26 00:00:00+09:00,4620.0,4620.0,4410.0,4530.0,48244,0.0,0.0
2008-03-27 00:00:00+09:00,4500.0,4920.0,4470.0,4590.0,182643,0.0,0.0
2008-03-28 00:00:00+09:00,4740.0,4950.0,4560.0,4770.0,33142,0.0,0.0
2008-03-31 00:00:00+09:00,4740.0,4920.0,4740.0,4770.0,33142,0.0,0.0
2008-04-01 00:00:00+09:00,4890.0,4890.0,4710.0,4740.0,63989,0.0,0.0
2008-04-02 00:00:00+09:00,4770.0,5430.0,4770.0,5430.0,288045,0.0,0.0
2008-04-03 00:00:00+09:00,5520.0,5460.0,5190.0,5310.0,1062442,0.0,0.0
2008-04-04 00:00:00+09:00,5520.0,6090.0,5520.0,6090.0,1062442,0.0,0.0
2008-04-07 00:00:00+09:00,5910.0,6270.0,5610.0,5820.0,599989,0.0,0.0
2008-04-08 00:00:00+09:00,5790.0,5940.0,5520.0,5700.0,176878,0.0,0.0
2008-04-10 00:00:00+09:00,5520.0,5670.0,5370.0,5490.0,83053,0.0,0.0
2008-04-11 00:00:00+09:00,5520.0,5610.0,5430.0,5460.0,83053,0.0,0.0
2008-04-14 00:00:00+09:00,5400.0,5460.0,5190.0,5280.0,95758,0.0,0.0
2008-04-15 00:00:00+09:00,5280.0,5670.0,5280.0,5550.0,226241,0.0,0.0
2008-04-16 00:00:00+09:00,5370.0,5490.0,5310.0,5310.0,71318,0.0,0.0
2008-04-17 00:00:00+09:00,5340.0,5370.0,4980.0,5310.0,67838,0.0,0.0
2008-04-18 00:00:00+09:00,5160.0,5400.0,5160.0,5400.0,29644,0.0,0.0
2008-04-21 00:00:00+09:00,5340.0,5580.0,5130.0,5220.0,47329,0.0,0.0
2008-04-22 00:00:00+09:00,5220.0,5370.0,4980.0,4980.0,60277,0.0,0.0
2008-04-23 00:00:00+09:00,4980.0,5040.0,4800.0,4800.0,118529,0.0,0.0
2008-04-24 00:00:00+09:00,4830.0,5400.0,4800.0,5160.0,133914,0.0,0.0
2008-04-25 00:00:00+09:00,5160.0,5400.0,5160.0,5250.0,46070,0.0,0.0
2008-04-28 00:00:00+09:00,5490.0,5490.0,5040.0,5100.0,53417,0.0,0.0
2008-04-29 00:00:00+09:00,5160.0,5250.0,5040.0,5070.0,41573,0.0,0.0
2008-04-30 00:00:00+09:00,5070.0,5220.0,5010.0,5070.0,28279,0.0,0.0
2008-05-02 00:00:00+09:00,5070.0,5280.0,5040.0,5100.0,41082,0.0,0.0
2008-05-06 00:00:00+09:00,5130.0,5220.0,5070.0,5100.0,41783,0.0,0.0
2008-05-07 00:00:00+09:00,5130.0,5280.0,5070.0,5130.0,41783,0.0,0.0
2008-05-08 00:00:00+09:00,5040.0,5310.0,5040.0,5130.0,40130,0.0,0.0
2008-05-09 00:00:00+09:00,5160.0,5850.0,5160.0,5580.0,335403,0.0,0.0
2008-05-13 00:00:00+09:00,5670.0,5760.0,5430.0,5520.0,128149,0.0,0.0
2008-05-14 00:00:00+09:00,5520.0,5550.0,5100.0,5280.0,152133,0.0,0.0
2008-05-15 00:00:00+09:00,5430.0,5430.0,5220.0,5280.0,65411,0.0,0.0
2008-05-16 00:00:00+09:00,5340.0,5400.0,5190.0,5220.0,69038,0.0,0.0
2008-05-19 00:00:00+09:00,5310.0,5340.0,5130.0,5280.0,45066,0.0,0.0
2008-05-20 00:00:00+09:00,5280.0,5310.0,5070.0,5160.0,65058,0.0,0.0
2008-05-21 00:00:00+09:00,5130.0,5160.0,5040.0,5040.0,40654,0.0,0.0
2008-05-22 00:00:00+09:00,5100.0,5100.0,4980.0,5010.0,29193,0.0,0.0
2008-05-23 00:00:00+09:00,4920.0,5280.0,4920.0,5040.0,82374,0.0,0.0
2008-05-26 00:00:00+09:00,5040.0,5040.0,4890.0,4950.0,43459,0.0,0.0
2008-05-27 00:00:00+09:00,4950.0,5160.0,4950.0,5040.0,27991,0.0,0.0
2008-05-28 00:00:00+09:00,5100.0,5130.0,4980.0,5040.0,40127,0.0,0.0
2008-05-29 00:00:00+09:00,5100.0,5640.0,5100.0,5460.0,292804,0.0,0.0
2008-05-30 00:00:00+09:00,5520.0,6060.0,5340.0,5940.0,372433,0.0,0.0
2008-06-02 00:00:00+09:00,5970.0,6180.0,5670.0,6030.0,275516,0.0,0.0
2008-06-03 00:00:00+09:00,5910.0,6210.0,5820.0,5910.0,256230,0.0,0.0
2008-06-04 00:00:00+09:00,5880.0,6180.0,5850.0,5940.0,71781,0.0,0.0
2008-06-05 00:00:00+09:00,5850.0,5940.0,5760.0,5910.0,77578,0.0,0.0
2008-06-09 00:00:00+09:00,5880.0,5880.0,5700.0,5730.0,41137,0.0,0.0
2008-06-10 00:00:00+09:00,5850.0,5850.0,5400.0,5460.0,72093,0.0,0.0
2008-06-11 00:00:00+09:00,5580.0,5640.0,5460.0,5520.0,54792,0.0,0.0
2008-06-12 00:00:00+09:00,5790.0,5940.0,5430.0,5760.0,122952,0.0,0.0
2008-06-13 00:00:00+09:00,5790.0,6030.0,5760.0,5760.0,122952,0.0,0.0
2008-06-16 00:00:00+09:00,5760.0,5820.0,5550.0,5550.0,69370,0.0,0.0
2008-06-17 00:00:00+09:00,5490.0,5640.0,5430.0,5550.0,43356,0.0,0.0
2008-06-18 00:00:00+09:00,5490.0,5670.0,5490.0,5520.0,43356,0.0,0.0
2008-06-19 00:00:00+09:00,5520.0,5580.0,5340.0,5460.0,79172,0.0,0.0
2008-06-20 00:00:00+09:00,5580.0,5580.0,5370.0,5460.0,27940,0.0,0.0
2008-06-23 00:00:00+09:00,5400.0,5520.0,5370.0,5430.0,28717,0.0,0.0
2008-06-24 00:00:00+09:00,5490.0,5520.0,5370.0,5430.0,31150,0.0,0.0
2008-06-25 00:00:00+09:00,5460.0,5520.0,5370.0,5400.0,28471,0.0,0.0
2008-06-26 00:00:00+09:00,5400.0,5640.0,5400.0,5400.0,87342,0.0,0.0
2008-06-27 00:00:00+09:00,5400.0,5490.0,5220.0,5400.0,87342,0.0,0.0
2008-06-30 00:00:00+09:00,5430.0,5460.0,5370.0,5370.0,39044,0.0,0.0
2008-07-01 00:00:00+09:00,5310.0,5700.0,5310.0,5520.0,51813,0.0,0.0
2008-07-02 00:00:00+09:00,5460.0,5700.0,4740.0,5430.0,101107,0.0,0.0
2008-07-03 00:00:00+09:00,5340.0,5430.0,5160.0,5220.0,65025,0.0,0.0
2008-07-04 00:00:00+09:00,5280.0,5340.0,5190.0,5250.0,39187,0.0,0.0
2008-07-07 00:00:00+09:00,5250.0,5250.0,4920.0,4920.0,32841,0.0,0.0
2008-07-08 00:00:00+09:00,4950.0,5100.0,4500.0,4710.0,48997,0.0,0.0
2008-07-09 00:00:00+09:00,4860.0,4890.0,4620.0,4680.0,37087,0.0,0.0
2008-07-10 00:00:00+09:00,4530.0,4950.0,4530.0,4680.0,26334,0.0,0.0
2008-07-11 00:00:00+09:00,4650.0,4860.0,4650.0,4830.0,22583,0.0,0.0
2008-07-14 00:00:00+09:00,4740.0,4980.0,4740.0,4830.0,19675,0.0,0.0
2008-07-15 00:00:00+09:00,4860.0,4920.0,4710.0,4800.0,31978,0.0,0.0
2008-07-16 00:00:00+09:00,4680.0,4830.0,4680.0,4800.0,16991,0.0,0.0
2008-07-17 00:00:00+09:00,4830.0,4980.0,4830.0,4950.0,11392,0.0,0.0
2008-07-18 00:00:00+09:00,4980.0,5010.0,4770.0,4770.0,14187,0.0,0.0
2008-07-21 00:00:00+09:00,4860.0,4860.0,4770.0,4860.0,21981,0.0,0.0
2008-07-22 00:00:00+09:00,4950.0,4950.0,4680.0,4770.0,24102,0.0,0.0
2008-07-23 00:00:00+09:00,4860.0,4860.0,4650.0,4710.0,48011,0.0,0.0
2008-07-24 00:00:00+09:00,4710.0,4830.0,4650.0,4740.0,40999,0.0,0.0
2008-07-25 00:00:00+09:00,4710.0,4770.0,4590.0,4740.0,40999,0.0,0.0
2008-07-28 00:00:00+09:00,4800.0,4980.0,4650.0,4740.0,80742,0.0,0.0
2008-07-29 00:00:00+09:00,4770.0,4770.0,4590.0,4650.0,30294,0.0,0.0
2008-07-30 00:00:00+09:00,4650.0,5100.0,4560.0,4620.0,150482,0.0,0.0
2008-07-31 00:00:00+09:00,4650.0,4740.0,4230.0,4410.0,50549,0.0,0.0
2008-08-01 00:00:00+09:00,4410.0,4500.0,4260.0,4380.0,41150,0.0,0.0
2008-08-04 00:00:00+09:00,4290.0,4350.0,4170.0,4320.0,29946,0.0,0.0
2008-08-05 00:00:00+09:00,4260.0,4320.0,4200.0,4260.0,29383,0.0,0.0
2008-08-06 00:00:00+09:00,4410.0,4380.0,4230.0,4320.0,14276,0.0,0.0
2008-08-07 00:00:00+09:00,4410.0,4410.0,4260.0,4320.0,14276,0.0,0.0
2008-08-08 00:00:00+09:00,4290.0,4380.0,4230.0,4290.0,13056,0.0,0.0
2008-08-11 00:00:00+09:00,4320.0,4380.0,4260.0,4320.0,13477,0.0,0.0
2008-08-12 00:00:00+09:00,4320.0,4380.0,4200.0,4290.0,23248,0.0,0.0
2008-08-13 00:00:00+09:00,4230.0,4320.0,4200.0,4320.0,16898,0.0,0.0
2008-08-14 00:00:00+09:00,4320.0,4350.0,4260.0,4320.0,13534,0.0,0.0
2008-08-18 00:00:00+09:00,4320.0,4380.0,4170.0,4260.0,20118,0.0,0.0
2008-08-19 00:00:00+09:00,4200.0,4200.0,4020.0,4080.0,26542,0.0,0.0
2008-08-20 00:00:00+09:00,3990.0,4170.0,3900.0,3960.0,57343,0.0,0.0
2008-08-21 00:00:00+09:00,3900.0,4080.0,3780.0,3840.0,21491,0.0,0.0
2008-08-22 00:00:00+09:00,3840.0,3990.0,3330.0,3690.0,31043,0.0,0.0
2008-08-25 00:00:00+09:00,3660.0,3750.0,3510.0,3600.0,16245,0.0,0.0
2008-08-26 00:00:00+09:00,3360.0,3600.0,3360.0,3570.0,20719,0.0,0.0
2008-08-27 00:00:00+09:00,3570.0,3630.0,3390.0,3600.0,15911,0.0,0.0
2008-08-28 00:00:00+09:00,3660.0,3660.0,3480.0,3480.0,9339,0.0,0.0
2008-08-29 00:00:00+09:00,3270.0,3600.0,3300.0,3420.0,58417,0.0,0.0
2008-09-01 00:00:00+09:00,3270.0,3330.0,2910.0,2910.0,58417,0.0,0.0
2008-09-02 00:00:00+09:00,2700.0,2910.0,2490.0,2610.0,64293,0.0,0.0
2008-09-03 00:00:00+09:00,2640.0,2760.0,2610.0,2730.0,30855,0.0,0.0
2008-09-04 00:00:00+09:00,2700.0,3090.0,2700.0,2880.0,81677,0.0,0.0
2008-09-05 00:00:00+09:00,2850.0,3270.0,2700.0,3150.0,74368,0.0,0.0
2008-09-08 00:00:00+09:00,3330.0,3330.0,3150.0,3300.0,32387,0.0,0.0
2008-09-09 00:00:00+09:00,3270.0,3450.0,3120.0,3240.0,20706,0.0,0.0
2008-09-10 00:00:00+09:00,3240.0,3450.0,3030.0,3360.0,21044,0.0,0.0
2008-09-11 00:00:00+09:00,3390.0,3480.0,3330.0,3390.0,10670,0.0,0.0
2008-09-12 00:00:00+09:00,3420.0,3840.0,3330.0,3600.0,113813,0.0,0.0
2008-09-16 00:00:00+09:00,3450.0,3450.0,3120.0,3270.0,41359,0.0,0.0
2008-09-17 00:00:00+09:00,3300.0,3660.0,3300.0,3360.0,36314,0.0,0.0
2008-09-18 00:00:00+09:00,3210.0,3240.0,3060.0,3120.0,39899,0.0,0.0
2008-09-19 00:00:00+09:00,3240.0,3270.0,3000.0,3120.0,54492,0.0,0.0
2008-09-22 00:00:00+09:00,3120.0,3210.0,3030.0,3060.0,23656,0.0,0.0
2008-09-23 00:00:00+09:00,3060.0,3210.0,3030.0,3180.0,40349,0.0,0.0
2008-09-24 00:00:00+09:00,3180.0,3180.0,2970.0,3090.0,41983,0.0,0.0
2008-09-25 00:00:00+09:00,3000.0,3090.0,2970.0,3030.0,44947,0.0,0.0
2008-09-26 00:00:00+09:00,3030.0,3270.0,2970.0,3120.0,99797,0.0,0.0
2008-09-29 00:00:00+09:00,3180.0,3270.0,3120.0,3150.0,24567,0.0,0.0
2008-09-30 00:00:00+09:00,3030.0,3090.0,2730.0,3000.0,28235,0.0,0.0
2008-10-01 00:00:00+09:00,3000.0,3120.0,3000.0,3090.0,12622,0.0,0.0
2008-10-02 00:00:00+09:00,3090.0,3270.0,3060.0,3180.0,35982,0.0,0.0
2008-10-06 00:00:00+09:00,2940.0,3210.0,2940.0,3030.0,13971,0.0,0.0
2008-10-07 00:00:00+09:00,2940.0,3060.0,2880.0,3030.0,13971,0.0,0.0
2008-10-08 00:00:00+09:00,2700.0,3000.0,2580.0,2670.0,30775,0.0,0.0
2008-10-09 00:00:00+09:00,2700.0,2700.0,2490.0,2520.0,30775,0.0,0.0
2008-10-10 00:00:00+09:00,2520.0,2520.0,2250.0,2400.0,26627,0.0,0.0
2008-10-13 00:00:00+09:00,2430.0,2640.0,2430.0,2640.0,16701,0.0,0.0
2008-10-14 00:00:00+09:00,2880.0,2880.0,2700.0,2880.0,41291,0.0,0.0
2008-10-15 00:00:00+09:00,2730.0,2910.0,2730.0,2850.0,9585,0.0,0.0
2008-10-16 00:00:00+09:00,2550.0,2760.0,2430.0,2550.0,21218,0.0,0.0
2008-10-17 00:00:00+09:00,2610.0,2670.0,2400.0,2490.0,21715,0.0,0.0
2008-10-20 00:00:00+09:00,2640.0,2640.0,2370.0,2550.0,12689,0.0,0.0
2008-10-21 00:00:00+09:00,2550.0,2580.0,2310.0,2400.0,18593,0.0,0.0
2008-10-22 00:00:00+09:00,2400.0,2460.0,2160.0,2190.0,21429,0.0,0.0
2008-10-23 00:00:00+09:00,2220.0,2220.0,1890.0,2190.0,48691,0.0,0.0
2008-10-24 00:00:00+09:00,2010.0,2220.0,1920.0,2160.0,23816,0.0,0.0
2008-10-27 00:00:00+09:00,1890.0,2370.0,1890.0,2160.0,67102,0.0,0.0
2008-10-28 00:00:00+09:00,2010.0,2160.0,1920.0,2160.0,23816,0.0,0.0
2008-10-29 00:00:00+09:00,2100.0,2370.0,1950.0,2160.0,23082,0.0,0.0
2008-10-30 00:00:00+09:00,2130.0,2280.0,2100.0,2190.0,52395,0.0,0.0
2008-10-31 00:00:00+09:00,2190.0,2310.0,2160.0,2310.0,41088,0.0,0.0
2008-11-03 00:00:00+09:00,2340.0,2460.0,2340.0,2400.0,28737,0.0,0.0
2008-11-04 00:00:00+09:00,2460.0,2460.0,2340.0,2430.0,23666,0.0,0.0
2008-11-05 00:00:00+09:00,2460.0,2550.0,2370.0,2460.0,65418,0.0,0.0
2008-11-06 00:00:00+09:00,2280.0,2460.0,2100.0,2190.0,40156,0.0,0.0
2008-11-07 00:00:00+09:00,2100.0,2190.0,1980.0,2190.0,22527,0.0,0.0
2008-11-10 00:00:00+09:00,2310.0,2310.0,2190.0,2280.0,28743,0.0,0.0
2008-11-11 00:00:00+09:00,2310.0,2310.0,2130.0,2250.0,12247,0.0,0.0
2008-11-12 00:00:00+09:00,2070.0,2400.0,2070.0,2220.0,13095,0.0,0.0
2008-11-13 00:00:00+09:00,2220.0,2220.0,2040.0,2070.0,12331,0.0,0.0
2008-11-14 00:00:00+09:00,2130.0,2220.0,2040.0,2100.0,21508,0.0,0.0
2008-11-17 00:00:00+09:00,2100.0,2130.0,2010.0,2100.0,12092,0.0,0.0
2008-11-18 00:00:00+09:00,2070.0,2070.0,1980.0,2040.0,9949,0.0,0.0
2008-11-19 00:00:00+09:00,2100.0,2100.0,1860.0,2010.0,25496,0.0,0.0
2008-11-20 00:00:00+09:00,1830.0,1950.0,1770.0,1860.0,44394,0.0,0.0
2008-11-21 00:00:00+09:00,1740.0,1920.0,1650.0,1920.0,28522,0.0,0.0
2008-11-24 00:00:00+09:00,1980.0,1980.0,1800.0,1890.0,11640,0.0,0.0
2008-11-25 00:00:00+09:00,1890.0,1950.0,1770.0,1860.0,35375,0.0,0.0
2008-11-26 00:00:00+09:00,1890.0,2010.0,1770.0,1830.0,22284,0.0,0.0
2008-11-27 00:00:00+09:00,1770.0,1860.0,1740.0,1800.0,28955,0.0,0.0
2008-11-28 00:00:00+09:00,1800.0,1830.0,1740.0,1800.0,27751,0.0,0.0
2008-12-01 00:00:00+09:00,1830.0,1830.0,1800.0,1800.0,17951,0.0,0.0
2008-12-02 00:00:00+09:00,1770.0,1830.0,1620.0,1770.0,37198,0.0,0.0
2008-12-03 00:00:00+09:00,1800.0,1800.0,1680.0,1740.0,12973,0.0,0.0
2008-12-04 00:00:00+09:00,1740.0,1770.0,1680.0,1740.0,24663,0.0,0.0
2008-12-05 00:00:00+09:00,1740.0,1740.0,1650.0,1710.0,16323,0.0,0.0
2008-12-08 00:00:00+09:00,1680.0,1770.0,1680.0,1740.0,16483,0.0,0.0
2008-12-09 00:00:00+09:00,1740.0,1800.0,1740.0,1770.0,8984,0.0,0.0
2008-12-10 00:00:00+09:00,1740.0,1800.0,1710.0,1770.0,7514,0.0,0.0
2008-12-11 00:00:00+09:00,1770.0,1830.0,1740.0,1800.0,27685,0.0,0.0
2008-12-12 00:00:00+09:00,1770.0,1800.0,1710.0,1740.0,38956,0.0,0.0
2008-12-15 00:00:00+09:00,1770.0,1830.0,1740.0,1770.0,38956,0.0,0.0
2008-12-16 00:00:00+09:00,1770.0,1860.0,1740.0,1830.0,41854,0.0,0.0
2008-12-17 00:00:00+09:00,1890.0,1890.0,1740.0,1770.0,31433,0.0,0.0
2008-12-18 00:00:00+09:00,1830.0,1800.0,1650.0,1710.0,119229,0.0,0.0
2008-12-19 00:00:00+09:00,1710.0,1950.0,1710.0,1950.0,99581,0.0,0.0
2008-12-22 00:00:00+09:00,2220.0,2220.0,2160.0,2220.0,77184,0.0,0.0
2008-12-23 00:00:00+09:00,2250.0,2340.0,1890.0,1890.0,194496,0.0,0.0
2008-12-24 00:00:00+09:00,1830.0,2160.0,1830.0,2160.0,119229,0.0,0.0
2008-12-26 00:00:00+09:00,2280.0,2430.0,2160.0,2310.0,92269,0.0,0.0
2008-12-29 00:00:00+09:00,2280.0,2430.0,2040.0,2040.0,122079,0.0,0.0
2008-12-30 00:00:00+09:00,2100.0,2280.0,2010.0,2010.0,40077,0.0,0.0
2009-01-02 00:00:00+09:00,2070.0,2070.0,1950.0,2010.0,38155,0.0,0.0
2009-01-05 00:00:00+09:00,2040.0,2040.0,1950.0,2010.0,68722,0.0,0.0
2009-01-06 00:00:00+09:00,2040.0,2070.0,1950.0,2010.0,68722,0.0,0.0
2009-01-07 00:00:00+09:00,2040.0,2160.0,1980.0,2160.0,99562,0.0,0.0
2009-01-08 00:00:00+09:00,2130.0,2130.0,2040.0,2130.0,40390,0.0,0.0
2009-01-09 00:00:00+09:00,2220.0,2430.0,2220.0,2430.0,413712,0.0,0.0
2009-01-12 00:00:00+09:00,2310.0,2400.0,2220.0,2220.0,122158,0.0,0.0
2009-01-13 00:00:00+09:00,2100.0,2220.0,2070.0,2220.0,39403,0.0,0.0
2009-01-14 00:00:00+09:00,2220.0,2250.0,2100.0,2190.0,26531,0.0,0.0
2009-01-15 00:00:00+09:00,2190.0,2190.0,2070.0,2130.0,26660,0.0,0.0
2009-01-16 00:00:00+09:00,2190.0,2250.0,2100.0,2100.0,26660,0.0,0.0
2009-01-19 00:00:00+09:00,2130.0,2190.0,2100.0,2130.0,23030,0.0,0.0
2009-01-20 00:00:00+09:00,2190.0,2220.0,2040.0,2070.0,51827,0.0,0.0
2009-01-21 00:00:00+09:00,2010.0,2070.0,2010.0,2040.0,55410,0.0,0.0
2009-01-22 00:00:00+09:00,2130.0,2130.0,1980.0,2010.0,9096,0.0,0.0
2009-01-23 00:00:00+09:00,1980.0,2040.0,1860.0,1920.0,22085,0.0,0.0
2009-01-28 00:00:00+09:00,1890.0,2040.0,1890.0,1950.0,17875,0.0,0.0
2009-01-29 00:00:00+09:00,1980.0,1980.0,1860.0,1950.0,32986,0.0,0.0
2009-01-30 00:00:00+09:00,1920.0,2010.0,1890.0,1920.0,36139,0.0,0.0
2009-02-02 00:00:00+09:00,1890.0,2010.0,1890.0,1920.0,15798,0.0,0.0
2009-02-03 00:00:00+09:00,1920.0,1950.0,1830.0,1950.0,36139,0.0,0.0
2009-02-04 00:00:00+09:00,1950.0,1980.0,1890.0,1980.0,36469,0.0,0.0
2009-02-05 00:00:00+09:00,1980.0,2010.0,1920.0,1980.0,39357,0.0,0.0
2009-02-06 00:00:00+09:00,1980.0,2010.0,1950.0,1980.0,22272,0.0,0.0
2009-02-09 00:00:00+09:00,2010.0,2040.0,1980.0,2010.0,34504,0.0,0.0
2009-02-10 00:00:00+09:00,2010.0,2040.0,1980.0,2010.0,34504,0.0,0.0
2009-02-11 00:00:00+09:00,2010.0,2160.0,1980.0,2100.0,52942,0.0,0.0
2009-02-12 00:00:00+09:00,2130.0,2130.0,2040.0,2130.0,21049,0.0,0.0
2009-02-13 00:00:00+09:00,2130.0,2190.0,2010.0,2100.0,103166,0.0,0.0
2009-02-16 00:00:00+09:00,2310.0,2220.0,2040.0,2190.0,489932,0.0,0.0
2009-02-17 00:00:00+09:00,2310.0,2490.0,2250.0,2490.0,489932,0.0,0.0
2009-02-18 00:00:00+09:00,2850.0,2850.0,2370.0,2460.0,696797,0.0,0.0
2009-02-19 00:00:00+09:00,2340.0,2460.0,2130.0,2130.0,215216,0.0,0.0
2009-02-20 00:00:00+09:00,2160.0,2430.0,2100.0,2280.0,210256,0.0,0.0
2009-02-23 00:00:00+09:00,2310.0,2460.0,2220.0,2310.0,84712,0.0,0.0
2009-02-24 00:00:00+09:00,2130.0,2280.0,2130.0,2220.0,57085,0.0,0.0
2009-02-25 00:00:00+09:00,2250.0,2310.0,2100.0,2160.0,43133,0.0,0.0
2009-02-26 00:00:00+09:00,2160.0,2220.0,2070.0,2130.0,69490,0.0,0.0
2009-02-27 00:00:00+09:00,2190.0,2190.0,2100.0,2160.0,27609,0.0,0.0
2009-03-02 00:00:00+09:00,2190.0,2190.0,2070.0,2130.0,26778,0.0,0.0
2009-03-03 00:00:00+09:00,2100.0,2100.0,2010.0,2070.0,14420,0.0,0.0
2009-03-04 00:00:00+09:00,2040.0,2250.0,2010.0,2130.0,35196,0.0,0.0
2009-03-05 00:00:00+09:00,2160.0,2190.0,2040.0,2040.0,69910,0.0,0.0
2009-03-06 00:00:00+09:00,2040.0,2070.0,1920.0,2040.0,26129,0.0,0.0
2009-03-09 00:00:00+09:00,2040.0,2070.0,1980.0,2010.0,26129,0.0,0.0
2009-03-10 00:00:00+09:00,2010.0,2070.0,1950.0,2040.0,14147,0.0,0.0
2009-03-11 00:00:00+09:00,2100.0,2100.0,1950.0,2010.0,34013,0.0,0.0
2009-03-12 00:00:00+09:00,2040.0,2160.0,2010.0,2130.0,62138,0.0,0.0
2009-03-13 00:00:00+09:00,2160.0,2280.0,2130.0,2220.0,96338,0.0,0.0
2009-03-16 00:00:00+09:00,2310.0,2520.0,2160.0,2340.0,38642,0.0,0.0
2009-03-17 00:00:00+09:00,2310.0,2430.0,2280.0,2340.0,38642,0.0,0.0
2009-03-18 00:00:00+09:00,2340.0,2400.0,2250.0,2250.0,38720,0.0,0.0
2009-03-19 00:00:00+09:00,2250.0,2280.0,2160.0,2250.0,47711,0.0,0.0
2009-03-20 00:00:00+09:00,2220.0,2310.0,2190.0,2220.0,23796,0.0,0.0
2009-03-23 00:00:00+09:00,2190.0,2280.0,2190.0,2190.0,23796,0.0,0.0
2009-03-24 00:00:00+09:00,2220.0,2250.0,2190.0,2250.0,26334,0.0,0.0
2009-03-25 00:00:00+09:00,2250.0,2250.0,2190.0,2190.0,17440,0.0,0.0
2009-03-26 00:00:00+09:00,2220.0,2250.0,2070.0,2190.0,18264,0.0,0.0
2009-03-27 00:00:00+09:00,2190.0,2250.0,2190.0,2220.0,18264,0.0,0.0
2009-03-30 00:00:00+09:00,2220.0,2490.0,2190.0,2370.0,151933,0.0,0.0
2009-03-31 00:00:00+09:00,2400.0,2460.0,2280.0,2310.0,58423,0.0,0.0
2009-04-01 00:00:00+09:00,2280.0,2370.0,2190.0,2340.0,58423,0.0,0.0
2009-04-02 00:00:00+09:00,2340.0,2460.0,2310.0,2370.0,71131,0.0,0.0
2009-04-03 00:00:00+09:00,2370.0,2430.0,2310.0,2310.0,38747,0.0,0.0
2009-04-06 00:00:00+09:00,2340.0,2400.0,2280.0,2400.0,74432,0.0,0.0
2009-04-07 00:00:00+09:00,2400.0,2460.0,2370.0,2460.0,56036,0.0,0.0
2009-04-08 00:00:00+09:00,2460.0,2490.0,2400.0,2430.0,48176,0.0,0.0
2009-04-09 00:00:00+09:00,2400.0,2490.0,2400.0,2490.0,86135,0.0,0.0
2009-04-10 00:00:00+09:00,2490.0,2820.0,2490.0,2730.0,173729,0.0,0.0
2009-04-13 00:00:00+09:00,2820.0,2880.0,2670.0,2880.0,87257,0.0,0.0
2009-04-14 00:00:00+09:00,2970.0,3120.0,2880.0,2970.0,189822,0.0,0.0
2009-04-15 00:00:00+09:00,2940.0,2970.0,2550.0,2700.0,141322,0.0,0.0
2009-04-16 00:00:00+09:00,2760.0,2910.0,2760.0,2850.0,92521,0.0,0.0
2009-04-17 00:00:00+09:00,2820.0,2910.0,2640.0,2730.0,81419,0.0,0.0
2009-04-20 00:00:00+09:00,2760.0,2790.0,2610.0,2700.0,37436,0.0,0.0
2009-04-21 00:00:00+09:00,2640.0,2700.0,2550.0,2640.0,67749,0.0,0.0
2009-04-22 00:00:00+09:00,2760.0,2760.0,2610.0,2670.0,67749,0.0,0.0
2009-04-23 00:00:00+09:00,2670.0,2700.0,2580.0,2640.0,55210,0.0,0.0
2009-04-24 00:00:00+09:00,2640.0,2730.0,2610.0,2640.0,55210,0.0,0.0
2009-04-27 00:00:00+09:00,2640.0,3000.0,2610.0,2910.0,279169,0.0,0.0
2009-04-28 00:00:00+09:00,2880.0,2940.0,2670.0,2730.0,152707,0.0,0.0
2009-04-29 00:00:00+09:00,2760.0,2820.0,2640.0,2820.0,51749,0.0,0.0
2009-04-30 00:00:00+09:00,2850.0,2910.0,2730.0,2730.0,62342,0.0,0.0
2009-05-04 00:00:00+09:00,2730.0,2850.0,2520.0,2580.0,192957,0.0,0.0
2009-05-06 00:00:00+09:00,2580.0,2700.0,2520.0,2520.0,67399,0.0,0.0
2009-05-07 00:00:00+09:00,2580.0,2610.0,2520.0,2520.0,47496,0.0,0.0
2009-05-08 00:00:00+09:00,2550.0,2580.0,2490.0,2550.0,35405,0.0,0.0
2009-05-11 00:00:00+09:00,2550.0,2820.0,2550.0,2670.0,210653,0.0,0.0
2009-05-12 00:00:00+09:00,2700.0,2730.0,2640.0,2730.0,94553,0.0,0.0
2009-05-13 00:00:00+09:00,2760.0,2850.0,2700.0,2820.0,113563,0.0,0.0
2009-05-14 00:00:00+09:00,2790.0,3240.0,2730.0,3180.0,273821,0.0,0.0
2009-05-15 00:00:00+09:00,3240.0,3630.0,3030.0,3600.0,1008491,0.0,0.0
2009-05-18 00:00:00+09:00,3690.0,4020.0,3570.0,3600.0,446989,0.0,0.0
2009-05-19 00:00:00+09:00,3780.0,3780.0,3300.0,3510.0,423419,0.0,0.0
2009-05-20 00:00:00+09:00,3540.0,3690.0,3450.0,3540.0,251406,0.0,0.0
2009-05-21 00:00:00+09:00,3510.0,3780.0,3300.0,3450.0,829636,0.0,0.0
2009-05-22 00:00:00+09:00,3420.0,3480.0,3300.0,3300.0,129853,0.0,0.0
2009-05-25 00:00:00+09:00,3210.0,3300.0,2820.0,3120.0,156866,0.0,0.0
2009-05-26 00:00:00+09:00,3180.0,3270.0,3090.0,3150.0,71837,0.0,0.0
2009-05-27 00:00:00+09:00,3180.0,3210.0,2910.0,2940.0,74717,0.0,0.0
2009-05-28 00:00:00+09:00,2910.0,3060.0,2640.0,3060.0,70302,0.0,0.0
2009-05-29 00:00:00+09:00,2970.0,3120.0,2880.0,2880.0,41528,0.0,0.0
2009-06-01 00:00:00+09:00,2910.0,3030.0,2880.0,2940.0,73694,0.0,0.0
2009-06-02 00:00:00+09:00,3000.0,3030.0,2850.0,3000.0,65642,0.0,0.0
2009-06-03 00:00:00+09:00,3060.0,3060.0,2880.0,2910.0,62056,0.0,0.0
2009-06-04 00:00:00+09:00,2940.0,3240.0,2880.0,3060.0,224185,0.0,0.0
2009-06-05 00:00:00+09:00,3120.0,3210.0,3000.0,3030.0,100275,0.0,0.0
2009-06-08 00:00:00+09:00,3060.0,3060.0,2910.0,2940.0,83733,0.0,0.0
2009-06-09 00:00:00+09:00,3000.0,3030.0,2880.0,2940.0,83733,0.0,0.0
2009-06-10 00:00:00+09:00,3000.0,3030.0,2820.0,2820.0,51642,0.0,0.0
2009-06-11 00:00:00+09:00,2850.0,2940.0,2820.0,2880.0,43729,0.0,0.0
2009-06-12 00:00:00+09:00,2940.0,2940.0,2730.0,2790.0,119339,0.0,0.0
2009-06-15 00:00:00+09:00,2820.0,3000.0,2760.0,2790.0,159105,0.0,0.0
2009-06-16 00:00:00+09:00,2790.0,2790.0,2430.0,2670.0,80904,0.0,0.0
2009-06-17 00:00:00+09:00,2670.0,2700.0,2550.0,2670.0,80904,0.0,0.0
2009-06-18 00:00:00+09:00,2670.0,2700.0,2610.0,2640.0,52213,0.0,0.0
2009-06-19 00:00:00+09:00,2670.0,2670.0,2610.0,2640.0,555328,0.0,0.0
2009-06-22 00:00:00+09:00,2670.0,3030.0,2640.0,3030.0,555328,0.0,0.0
2009-06-23 00:00:00+09:00,2910.0,3150.0,2850.0,2880.0,423878,0.0,0.0
2009-06-24 00:00:00+09:00,2880.0,3000.0,2610.0,2730.0,181607,0.0,0.0
2009-06-25 00:00:00+09:00,2790.0,2820.0,2700.0,2760.0,85597,0.0,0.0
2009-06-26 00:00:00+09:00,2820.0,3060.0,2700.0,2820.0,348740,0.0,0.0
2009-06-29 00:00:00+09:00,2790.0,2940.0,2760.0,2850.0,174734,0.0,0.0
2009-06-30 00:00:00+09:00,2880.0,2970.0,2790.0,2880.0,144369,0.0,0.0
2009-07-01 00:00:00+09:00,2910.0,3150.0,2850.0,3030.0,231438,0.0,0.0
2009-07-02 00:00:00+09:00,3060.0,3270.0,2940.0,3030.0,358695,0.0,0.0
2009-07-03 00:00:00+09:00,2970.0,3150.0,2940.0,3120.0,151403,0.0,0.0
2009-07-06 00:00:00+09:00,3180.0,3210.0,3060.0,3120.0,100145,0.0,0.0
2009-07-07 00:00:00+09:00,3150.0,3150.0,2910.0,3030.0,123948,0.0,0.0
2009-07-08 00:00:00+09:00,3000.0,3000.0,2910.0,3000.0,66502,0.0,0.0
2009-07-09 00:00:00+09:00,3000.0,3030.0,2880.0,2940.0,99938,0.0,0.0
2009-07-10 00:00:00+09:00,2940.0,2970.0,2760.0,2850.0,103400,0.0,0.0
2009-07-13 00:00:00+09:00,2880.0,2880.0,2670.0,2730.0,82521,0.0,0.0
2009-07-14 00:00:00+09:00,2790.0,2880.0,2730.0,2730.0,36848,0.0,0.0
2009-07-15 00:00:00+09:00,2790.0,2850.0,2730.0,2820.0,35192,0.0,0.0
2009-07-16 00:00:00+09:00,2850.0,2880.0,2820.0,2880.0,29855,0.0,0.0
2009-07-17 00:00:00+09:00,2880.0,2940.0,2850.0,2850.0,45405,0.0,0.0
2009-07-20 00:00:00+09:00,2850.0,2940.0,2850.0,2880.0,55564,0.0,0.0
2009-07-21 00:00:00+09:00,2910.0,3030.0,2880.0,2940.0,78047,0.0,0.0
2009-07-22 00:00:00+09:00,2940.0,3000.0,2910.0,3000.0,73003,0.0,0.0
2009-07-23 00:00:00+09:00,3030.0,3030.0,2880.0,3000.0,116929,0.0,0.0
2009-07-24 00:00:00+09:00,3030.0,3030.0,2880.0,2880.0,63281,0.0,0.0
2009-07-27 00:00:00+09:00,2910.0,2970.0,2880.0,2970.0,99081,0.0,0.0
2009-07-28 00:00:00+09:00,2970.0,2970.0,2850.0,2880.0,52816,0.0,0.0
2009-07-29 00:00:00+09:00,2910.0,2940.0,2850.0,2850.0,58567,0.0,0.0
2009-07-30 00:00:00+09:00,2850.0,2880.0,2790.0,2850.0,55577,0.0,0.0
2009-07-31 00:00:00+09:00,2850.0,3000.0,2850.0,3000.0,92297,0.0,0.0
2009-08-03 00:00:00+09:00,3000.0,3000.0,2880.0,2940.0,44708,0.0,0.0
2009-08-04 00:00:00+09:00,2970.0,2970.0,2880.0,2970.0,46901,0.0,0.0
2009-08-05 00:00:00+09:00,2970.0,2970.0,2910.0,2910.0,25475,0.0,0.0
2009-08-06 00:00:00+09:00,2880.0,3060.0,2850.0,3030.0,256469,0.0,0.0
2009-08-07 00:00:00+09:00,3000.0,3030.0,2910.0,2940.0,62839,0.0,0.0
2009-08-10 00:00:00+09:00,3000.0,3000.0,2940.0,2940.0,72294,0.0,0.0
2009-08-11 00:00:00+09:00,2940.0,3030.0,2940.0,3000.0,194534,0.0,0.0
2009-08-12 00:00:00+09:00,3000.0,3030.0,2820.0,2910.0,134159,0.0,0.0
2009-08-13 00:00:00+09:00,2910.0,3030.0,2910.0,3000.0,113679,0.0,0.0
2009-08-14 00:00:00+09:00,2970.0,3000.0,2850.0,2910.0,223294,0.0,0.0
2009-08-17 00:00:00+09:00,2940.0,2940.0,2760.0,2760.0,178900,0.0,0.0
2009-08-18 00:00:00+09:00,2760.0,2820.0,2700.0,2760.0,110532,0.0,0.0
2009-08-19 00:00:00+09:00,2760.0,2820.0,2700.0,2700.0,115962,0.0,0.0
2009-08-20 00:00:00+09:00,2700.0,2760.0,2670.0,2730.0,68574,0.0,0.0
2009-08-21 00:00:00+09:00,2730.0,2760.0,2550.0,2610.0,82263,0.0,0.0
2009-08-24 00:00:00+09:00,2580.0,2610.0,2490.0,2550.0,70352,0.0,0.0
2009-08-25 00:00:00+09:00,2580.0,2580.0,2490.0,2520.0,59045,0.0,0.0
2009-08-26 00:00:00+09:00,2520.0,2640.0,2520.0,2580.0,35895,0.0,0.0
2009-08-27 00:00:00+09:00,2580.0,2730.0,2550.0,2670.0,50512,0.0,0.0
2009-08-28 00:00:00+09:00,2640.0,2700.0,2610.0,2640.0,36891,0.0,0.0
2009-08-31 00:00:00+09:00,2640.0,2670.0,2580.0,2580.0,43685,0.0,0.0
2009-09-01 00:00:00+09:00,2550.0,2700.0,2490.0,2670.0,80943,0.0,0.0
2009-09-02 00:00:00+09:00,2670.0,3000.0,2640.0,2940.0,328176,0.0,0.0
2009-09-03 00:00:00+09:00,2880.0,2970.0,2820.0,2940.0,203274,0.0,0.0
2009-09-04 00:00:00+09:00,2940.0,2940.0,2880.0,2940.0,60457,0.0,0.0
2009-09-07 00:00:00+09:00,2940.0,2970.0,2850.0,2880.0,55146,0.0,0.0
2009-09-08 00:00:00+09:00,2850.0,2880.0,2790.0,2850.0,60232,0.0,0.0
2009-09-09 00:00:00+09:00,2850.0,2850.0,2730.0,2760.0,82577,0.0,0.0
2009-09-10 00:00:00+09:00,2730.0,2790.0,2700.0,2790.0,40457,0.0,0.0
2009-09-11 00:00:00+09:00,2790.0,2910.0,2760.0,2850.0,120222,0.0,0.0
2009-09-14 00:00:00+09:00,2880.0,2880.0,2730.0,2760.0,58349,0.0,0.0
2009-09-15 00:00:00+09:00,2760.0,2790.0,2700.0,2730.0,60441,0.0,0.0
2009-09-16 00:00:00+09:00,2760.0,2760.0,2700.0,2760.0,48320,0.0,0.0
2009-09-17 00:00:00+09:00,2790.0,2790.0,2700.0,2760.0,30718,0.0,0.0
2009-09-18 00:00:00+09:00,2760.0,2760.0,2670.0,2730.0,77036,0.0,0.0
2009-09-21 00:00:00+09:00,2730.0,2910.0,2670.0,2850.0,99316,0.0,0.0
2009-09-22 00:00:00+09:00,2880.0,3270.0,2880.0,3270.0,2022321,0.0,0.0
2009-09-23 00:00:00+09:00,3300.0,3420.0,3000.0,3390.0,1089945,0.0,0.0
2009-09-24 00:00:00+09:00,3390.0,3810.0,3240.0,3420.0,892554,0.0,0.0
2009-09-25 00:00:00+09:00,3480.0,3570.0,3240.0,3390.0,411196,0.0,0.0
2009-09-28 00:00:00+09:00,3540.0,3540.0,2940.0,3060.0,252901,0.0,0.0
2009-09-29 00:00:00+09:00,3090.0,3330.0,2970.0,3240.0,211882,0.0,0.0
2009-09-30 00:00:00+09:00,3180.0,3330.0,2970.0,3060.0,386627,0.0,0.0
2009-10-01 00:00:00+09:00,3060.0,3120.0,2910.0,2940.0,128448,0.0,0.0
2009-10-05 00:00:00+09:00,3060.0,3060.0,2850.0,2910.0,82132,0.0,0.0
2009-10-06 00:00:00+09:00,2940.0,2970.0,2850.0,2880.0,91479,0.0,0.0
2009-10-07 00:00:00+09:00,2910.0,2970.0,2820.0,2910.0,90961,0.0,0.0
2009-10-08 00:00:00+09:00,2910.0,2970.0,2820.0,2970.0,42802,0.0,0.0
2009-10-09 00:00:00+09:00,2970.0,3060.0,2910.0,3030.0,39821,0.0,0.0
2009-10-12 00:00:00+09:00,3060.0,3060.0,2910.0,3000.0,65024,0.0,0.0
2009-10-13 00:00:00+09:00,3000.0,3030.0,2910.0,3030.0,54732,0.0,0.0
2009-10-14 00:00:00+09:00,3030.0,3030.0,2910.0,2970.0,36817,0.0,0.0
2009-10-15 00:00:00+09:00,2970.0,3000.0,2910.0,2970.0,46494,0.0,0.0
2009-10-16 00:00:00+09:00,2940.0,3000.0,2910.0,2970.0,53916,0.0,0.0
2009-10-19 00:00:00+09:00,3030.0,3030.0,2940.0,3000.0,49140,0.0,0.0
2009-10-20 00:00:00+09:00,3030.0,3030.0,2940.0,2940.0,28143,0.0,0.0
2009-10-21 00:00:00+09:00,2940.0,2970.0,2850.0,2910.0,84857,0.0,0.0
2009-10-22 00:00:00+09:00,2940.0,2940.0,2790.0,2850.0,68483,0.0,0.0
2009-10-23 00:00:00+09:00,2850.0,2880.0,2790.0,2850.0,40526,0.0,0.0
2009-10-26 00:00:00+09:00,2880.0,2880.0,2790.0,2820.0,27006,0.0,0.0
2009-10-27 00:00:00+09:00,2790.0,2850.0,2700.0,2820.0,78343,0.0,0.0
2009-10-28 00:00:00+09:00,2790.0,2820.0,2730.0,2760.0,65981,0.0,0.0
2009-10-29 00:00:00+09:00,2700.0,2850.0,2670.0,2850.0,88612,0.0,0.0
2009-10-30 00:00:00+09:00,2820.0,2910.0,2790.0,2880.0,32618,0.0,0.0
2009-11-02 00:00:00+09:00,2820.0,2880.0,2760.0,2790.0,34864,0.0,0.0
2009-11-03 00:00:00+09:00,2790.0,2850.0,2760.0,2760.0,23714,0.0,0.0
2009-11-04 00:00:00+09:00,2820.0,3150.0,2790.0,2970.0,144263,0.0,0.0
2009-11-05 00:00:00+09:00,2970.0,3000.0,2880.0,3000.0,34873,0.0,0.0
2009-11-06 00:00:00+09:00,3000.0,3030.0,2910.0,2940.0,35753,0.0,0.0
2009-11-09 00:00:00+09:00,2940.0,3060.0,2910.0,2940.0,52500,0.0,0.0
2009-11-10 00:00:00+09:00,2970.0,3000.0,2850.0,2880.0,53668,0.0,0.0
2009-11-11 00:00:00+09:00,2880.0,2910.0,2790.0,2820.0,37235,0.0,0.0
2009-11-12 00:00:00+09:00,2820.0,2910.0,2820.0,2880.0,25374,0.0,0.0
2009-11-13 00:00:00+09:00,2910.0,2940.0,2820.0,2850.0,18597,0.0,0.0
2009-11-16 00:00:00+09:00,2880.0,2880.0,2790.0,2850.0,24362,0.0,0.0
2009-11-17 00:00:00+09:00,2850.0,2880.0,2760.0,2820.0,39785,0.0,0.0
2009-11-18 00:00:00+09:00,2820.0,2850.0,2760.0,2820.0,36297,0.0,0.0
2009-11-19 00:00:00+09:00,2850.0,2850.0,2760.0,2820.0,32669,0.0,0.0
2009-11-20 00:00:00+09:00,2760.0,2820.0,2730.0,2790.0,36568,0.0,0.0
2009-11-23 00:00:00+09:00,2820.0,2820.0,2730.0,2790.0,33946,0.0,0.0
2009-11-24 00:00:00+09:00,2790.0,2850.0,2760.0,2820.0,39839,0.0,0.0
2009-11-25 00:00:00+09:00,2850.0,2910.0,2790.0,2820.0,34163,0.0,0.0
2009-11-26 00:00:00+09:00,2790.0,2820.0,2730.0,2790.0,60233,0.0,0.0
2009-11-27 00:00:00+09:00,2790.0,2790.0,2670.0,2700.0,48672,0.0,0.0
2009-11-30 00:00:00+09:00,2700.0,2760.0,2310.0,2610.0,179916,0.0,0.0
2009-12-01 00:00:00+09:00,2580.0,2700.0,2490.0,2700.0,61246,0.0,0.0
2009-12-02 00:00:00+09:00,2700.0,2760.0,2610.0,2700.0,33024,0.0,0.0
2009-12-03 00:00:00+09:00,2670.0,2730.0,2670.0,2670.0,13115,0.0,0.0
2009-12-04 00:00:00+09:00,2670.0,2730.0,2610.0,2670.0,26197,0.0,0.0
2009-12-07 00:00:00+09:00,2700.0,2700.0,2640.0,2700.0,23377,0.0,0.0
2009-12-08 00:00:00+09:00,2640.0,2700.0,2610.0,2640.0,37692,0.0,0.0
2009-12-09 00:00:00+09:00,2640.0,2730.0,2640.0,2700.0,57961,0.0,0.0
2009-12-10 00:00:00+09:00,2760.0,3060.0,2760.0,3000.0,340212,0.0,0.0
2009-12-11 00:00:00+09:00,2970.0,2970.0,2790.0,2820.0,192294,0.0,0.0
2009-12-14 00:00:00+09:00,2880.0,3240.0,2880.0,3240.0,342463,0.0,0.0
2009-12-15 00:00:00+09:00,3720.0,3720.0,3240.0,3360.0,2288231,0.0,0.0
2009-12-16 00:00:00+09:00,3360.0,3840.0,3210.0,3840.0,1145710,0.0,0.0
2009-12-17 00:00:00+09:00,4080.0,4350.0,3810.0,4170.0,2469207,0.0,0.0
2009-12-18 00:00:00+09:00,4140.0,4290.0,3930.0,4050.0,872627,0.0,0.0
2009-12-21 00:00:00+09:00,3990.0,4590.0,3480.0,3480.0,3206519,0.0,0.0
2009-12-22 00:00:00+09:00,3480.0,3690.0,3390.0,3540.0,803720,0.0,0.0
2009-12-23 00:00:00+09:00,3510.0,3540.0,3180.0,3270.0,702979,0.0,0.0
2009-12-24 00:00:00+09:00,3240.0,3390.0,3120.0,3330.0,388423,0.0,0.0
2009-12-28 00:00:00+09:00,3300.0,3330.0,3000.0,3000.0,406078,0.0,0.0
2009-12-29 00:00:00+09:00,3060.0,3300.0,3030.0,3270.0,326974,0.0,0.0
2009-12-30 00:00:00+09:00,3270.0,3330.0,3120.0,3210.0,395651,0.0,0.0
2010-01-04 00:00:00+09:00,3150.0,3240.0,3000.0,3150.0,402908,0.0,0.0
2010-01-05 00:00:00+09:00,3150.0,3180.0,3030.0,3150.0,343882,0.0,0.0
2010-01-06 00:00:00+09:00,3120.0,3120.0,3030.0,3060.0,312685,0.0,0.0
2010-01-07 00:00:00+09:00,3060.0,3120.0,3000.0,3060.0,198562,0.0,0.0
2010-01-08 00:00:00+09:00,3060.0,3120.0,3000.0,3060.0,121446,0.0,0.0
2010-01-11 00:00:00+09:00,3060.0,3210.0,3000.0,3060.0,525225,0.0,0.0
2010-01-12 00:00:00+09:00,3060.0,3060.0,3000.0,3030.0,128685,0.0,0.0
2010-01-13 00:00:00+09:00,3030.0,3090.0,3000.0,3030.0,145965,0.0,0.0
2010-01-14 00:00:00+09:00,3030.0,3060.0,2940.0,3030.0,223770,0.0,0.0
2010-01-15 00:00:00+09:00,3000.0,3090.0,2970.0,3060.0,215497,0.0,0.0
2010-01-18 00:00:00+09:00,3030.0,3030.0,2970.0,3030.0,237457,0.0,0.0
2010-01-19 00:00:00+09:00,3000.0,3030.0,2940.0,2970.0,136769,0.0,0.0
2010-01-20 00:00:00+09:00,2970.0,3000.0,2880.0,2910.0,178984,0.0,0.0
2010-01-21 00:00:00+09:00,2880.0,3030.0,2850.0,2940.0,166304,0.0,0.0
2010-01-22 00:00:00+09:00,2940.0,3360.0,2940.0,3300.0,1179033,0.0,0.0
2010-01-25 00:00:00+09:00,3270.0,3300.0,3030.0,3180.0,428541,0.0,0.0
2010-01-26 00:00:00+09:00,3210.0,3270.0,3000.0,3090.0,268308,0.0,0.0
2010-01-27 00:00:00+09:00,3060.0,3150.0,2970.0,2970.0,165327,0.0,0.0
2010-01-28 00:00:00+09:00,3000.0,3000.0,2940.0,3000.0,150288,0.0,0.0
2010-01-29 00:00:00+09:00,3000.0,3000.0,2820.0,2910.0,261781,0.0,0.0
2010-02-01 00:00:00+09:00,2880.0,2970.0,2880.0,2880.0,104032,0.0,0.0
2010-02-02 00:00:00+09:00,2880.0,2970.0,2850.0,2910.0,151345,0.0,0.0
2010-02-03 00:00:00+09:00,2940.0,3060.0,2880.0,3030.0,123691,0.0,0.0
2010-02-04 00:00:00+09:00,3030.0,3060.0,2970.0,3030.0,147265,0.0,0.0
2010-02-05 00:00:00+09:00,2910.0,3000.0,2880.0,2970.0,103921,0.0,0.0
2010-02-08 00:00:00+09:00,2970.0,3030.0,2940.0,2940.0,111252,0.0,0.0
2010-02-09 00:00:00+09:00,2910.0,2970.0,2880.0,2940.0,53232,0.0,0.0
2010-02-10 00:00:00+09:00,2940.0,3210.0,2940.0,3030.0,521905,0.0,0.0
2010-02-11 00:00:00+09:00,3030.0,3150.0,3030.0,3090.0,203534,0.0,0.0
2010-02-12 00:00:00+09:00,3090.0,3120.0,3000.0,3000.0,279610,0.0,0.0
2010-02-16 00:00:00+09:00,2970.0,3030.0,2940.0,2970.0,146728,0.0,0.0
2010-02-17 00:00:00+09:00,3000.0,3030.0,2940.0,2970.0,114057,0.0,0.0
2010-02-18 00:00:00+09:00,2970.0,3030.0,2940.0,3000.0,99090,0.0,0.0
2010-02-19 00:00:00+09:00,3000.0,3000.0,2940.0,2970.0,118557,0.0,0.0
2010-02-22 00:00:00+09:00,2940.0,3060.0,2910.0,3000.0,310043,0.0,0.0
2010-02-23 00:00:00+09:00,3000.0,3210.0,3000.0,3090.0,252659,0.0,0.0
2010-02-24 00:00:00+09:00,3090.0,3120.0,2970.0,3000.0,144559,0.0,0.0
2010-02-25 00:00:00+09:00,3030.0,3030.0,2940.0,2970.0,119276,0.0,0.0
2010-02-26 00:00:00+09:00,2940.0,3360.0,2940.0,3180.0,859670,0.0,0.0
2010-03-02 00:00:00+09:00,3240.0,3480.0,3180.0,3180.0,1421901,0.0,0.0
2010-03-03 00:00:00+09:00,3270.0,3600.0,3210.0,3300.0,1107944,0.0,0.0
2010-03-04 00:00:00+09:00,3360.0,3360.0,3090.0,3120.0,376576,0.0,0.0
2010-03-05 00:00:00+09:00,3150.0,3150.0,3000.0,3090.0,245902,0.0,0.0
2010-03-08 00:00:00+09:00,3000.0,3030.0,2970.0,3000.0,354675,0.0,0.0
2010-03-09 00:00:00+09:00,3030.0,3090.0,2940.0,3060.0,320298,0.0,0.0
2010-03-10 00:00:00+09:00,3030.0,3060.0,2970.0,3000.0,195741,0.0,0.0
2010-03-11 00:00:00+09:00,3000.0,3000.0,2910.0,2970.0,185376,0.0,0.0
2010-03-12 00:00:00+09:00,2970.0,3000.0,2940.0,2970.0,128052,0.0,0.0
2010-03-15 00:00:00+09:00,2940.0,2970.0,2880.0,2910.0,226081,0.0,0.0
2010-03-16 00:00:00+09:00,2940.0,3000.0,2880.0,2880.0,218183,0.0,0.0
2010-03-17 00:00:00+09:00,2880.0,2940.0,2850.0,2910.0,171008,0.0,0.0
2010-03-18 00:00:00+09:00,2910.0,2940.0,2850.0,2880.0,169673,0.0,0.0
2010-03-19 00:00:00+09:00,2880.0,2910.0,2820.0,2880.0,148919,0.0,0.0
2010-03-22 00:00:00+09:00,2880.0,2880.0,2790.0,2820.0,130863,0.0,0.0
2010-03-23 00:00:00+09:00,2850.0,2850.0,2760.0,2760.0,186384,0.0,0.0
2010-03-24 00:00:00+09:00,2760.0,2820.0,2730.0,2790.0,112267,0.0,0.0
2010-03-25 00:00:00+09:00,2790.0,2850.0,2730.0,2760.0,131363,0.0,0.0
2010-03-26 00:00:00+09:00,2760.0,2760.0,2670.0,2760.0,118843,0.0,0.0
2010-03-29 00:00:00+09:00,2730.0,2760.0,2700.0,2730.0,95773,0.0,0.0
2010-03-30 00:00:00+09:00,2730.0,2760.0,2670.0,2700.0,88579,0.0,0.0
2010-03-31 00:00:00+09:00,2700.0,2730.0,2580.0,2670.0,157694,0.0,0.0
2010-04-01 00:00:00+09:00,2670.0,2670.0,2580.0,2610.0,83980,0.0,0.0
2010-04-02 00:00:00+09:00,2610.0,2670.0,2580.0,2640.0,91225,0.0,0.0
2010-04-05 00:00:00+09:00,2640.0,2640.0,2490.0,2490.0,165149,0.0,0.0
2010-04-06 00:00:00+09:00,2490.0,2700.0,2490.0,2580.0,110582,0.0,0.0
2010-04-07 00:00:00+09:00,2610.0,2760.0,2550.0,2640.0,127509,0.0,0.0
2010-04-08 00:00:00+09:00,2640.0,2670.0,2580.0,2640.0,52402,0.0,0.0
2010-04-09 00:00:00+09:00,2640.0,2670.0,2580.0,2670.0,57604,0.0,0.0
2010-04-12 00:00:00+09:00,2670.0,2700.0,2610.0,2640.0,27991,0.0,0.0
2010-04-13 00:00:00+09:00,2610.0,2640.0,2580.0,2640.0,57090,0.0,0.0
2010-04-14 00:00:00+09:00,2640.0,2670.0,2550.0,2580.0,80726,0.0,0.0
2010-04-15 00:00:00+09:00,2580.0,2580.0,2520.0,2550.0,70165,0.0,0.0
2010-04-16 00:00:00+09:00,2550.0,2580.0,2490.0,2490.0,61735,0.0,0.0
2010-04-19 00:00:00+09:00,2460.0,2520.0,2460.0,2490.0,71423,0.0,0.0
2010-04-20 00:00:00+09:00,2490.0,2550.0,2460.0,2490.0,62753,0.0,0.0
2010-04-21 00:00:00+09:00,2520.0,2580.0,2490.0,2520.0,65312,0.0,0.0
2010-04-22 00:00:00+09:00,2520.0,2580.0,2520.0,2520.0,56118,0.0,0.0
2010-04-23 00:00:00+09:00,2520.0,2550.0,2430.0,2520.0,99424,0.0,0.0
2010-04-26 00:00:00+09:00,2520.0,2580.0,2490.0,2520.0,78656,0.0,0.0
2010-04-27 00:00:00+09:00,2520.0,2520.0,2460.0,2490.0,101427,0.0,0.0
2010-04-28 00:00:00+09:00,2460.0,2460.0,2400.0,2400.0,87578,0.0,0.0
2010-04-29 00:00:00+09:00,2400.0,2460.0,2370.0,2400.0,80972,0.0,0.0
2010-04-30 00:00:00+09:00,2400.0,2490.0,2370.0,2490.0,56330,0.0,0.0
2010-05-03 00:00:00+09:00,2520.0,2520.0,2280.0,2370.0,169496,0.0,0.0
2010-05-04 00:00:00+09:00,2400.0,2430.0,2370.0,2370.0,34485,0.0,0.0
2010-05-06 00:00:00+09:00,2280.0,2340.0,2280.0,2310.0,78725,0.0,0.0
2010-05-07 00:00:00+09:00,2250.0,2310.0,2160.0,2250.0,168947,0.0,0.0
2010-05-10 00:00:00+09:00,2220.0,2310.0,2220.0,2280.0,94716,0.0,0.0
2010-05-11 00:00:00+09:00,2280.0,2370.0,2250.0,2310.0,76711,0.0,0.0
2010-05-12 00:00:00+09:00,2370.0,2370.0,2220.0,2250.0,34433,0.0,0.0
2010-05-13 00:00:00+09:00,2280.0,2370.0,2280.0,2340.0,84257,0.0,0.0
2010-05-14 00:00:00+09:00,2250.0,2340.0,2250.0,2340.0,46209,0.0,0.0
2010-05-17 00:00:00+09:00,2340.0,2340.0,2130.0,2160.0,269826,0.0,0.0
2010-05-18 00:00:00+09:00,2160.0,2220.0,2130.0,2190.0,67928,0.0,0.0
2010-05-19 00:00:00+09:00,2220.0,2280.0,2160.0,2190.0,58643,0.0,0.0
2010-05-20 00:00:00+09:00,2190.0,2190.0,2040.0,2070.0,70286,0.0,0.0
2010-05-24 00:00:00+09:00,2070.0,2190.0,1980.0,2070.0,98375,0.0,0.0
2010-05-25 00:00:00+09:00,2040.0,2070.0,1800.0,1860.0,95233,0.0,0.0
2010-05-26 00:00:00+09:00,1830.0,1890.0,1710.0,1830.0,149560,0.0,0.0
2010-05-27 00:00:00+09:00,1890.0,1950.0,1860.0,1950.0,94605,0.0,0.0
2010-05-28 00:00:00+09:00,2010.0,2070.0,1950.0,1980.0,80973,0.0,0.0
2010-05-31 00:00:00+09:00,1950.0,2160.0,1920.0,2040.0,118289,0.0,0.0
2010-06-01 00:00:00+09:00,2100.0,2160.0,2040.0,2040.0,90767,0.0,0.0
2010-06-03 00:00:00+09:00,2040.0,2130.0,2040.0,2100.0,39233,0.0,0.0
2010-06-04 00:00:00+09:00,2070.0,2100.0,2010.0,2040.0,65812,0.0,0.0
2010-06-07 00:00:00+09:00,1950.0,2070.0,1890.0,1950.0,139863,0.0,0.0
2010-06-08 00:00:00+09:00,1950.0,1980.0,1890.0,1950.0,85632,0.0,0.0
2010-06-09 00:00:00+09:00,1950.0,2010.0,1920.0,1950.0,39514,0.0,0.0
2010-06-10 00:00:00+09:00,1950.0,2010.0,1920.0,2010.0,46499,0.0,0.0
2010-06-11 00:00:00+09:00,2040.0,2070.0,1950.0,1980.0,43938,0.0,0.0
2010-06-14 00:00:00+09:00,1950.0,2010.0,1950.0,1980.0,65139,0.0,0.0
2010-06-15 00:00:00+09:00,2010.0,2010.0,1950.0,1980.0,74047,0.0,0.0
2010-06-16 00:00:00+09:00,2010.0,2250.0,2010.0,2250.0,422801,0.0,0.0
2010-06-17 00:00:00+09:00,2310.0,2550.0,2130.0,2160.0,1354207,0.0,0.0
2010-06-18 00:00:00+09:00,2160.0,2190.0,1980.0,2040.0,367415,0.0,0.0
2010-06-21 00:00:00+09:00,2070.0,2070.0,1860.0,1920.0,288738,0.0,0.0
2010-06-22 00:00:00+09:00,1920.0,1920.0,1740.0,1860.0,359797,0.0,0.0
2010-06-23 00:00:00+09:00,1800.0,1860.0,1800.0,1800.0,241165,0.0,0.0
2010-06-24 00:00:00+09:00,1830.0,1890.0,1800.0,1860.0,206057,0.0,0.0
2010-06-25 00:00:00+09:00,1860.0,1860.0,1800.0,1830.0,191238,0.0,0.0
2010-06-28 00:00:00+09:00,1800.0,1830.0,1770.0,1830.0,89086,0.0,0.0
2010-06-29 00:00:00+09:00,1830.0,1860.0,1800.0,1800.0,82236,0.0,0.0
2010-06-30 00:00:00+09:00,1770.0,1800.0,1710.0,1770.0,72842,0.0,0.0
2010-07-01 00:00:00+09:00,1770.0,1800.0,1740.0,1770.0,64560,0.0,0.0
2010-07-02 00:00:00+09:00,1770.0,1920.0,1770.0,1860.0,194583,0.0,0.0
2010-07-05 00:00:00+09:00,1860.0,1890.0,1800.0,1800.0,80055,0.0,0.0
2010-07-06 00:00:00+09:00,1830.0,1860.0,1800.0,1800.0,62629,0.0,0.0
2010-07-07 00:00:00+09:00,1830.0,1830.0,1740.0,1740.0,118022,0.0,0.0
2010-07-08 00:00:00+09:00,1770.0,1800.0,1740.0,1740.0,55793,0.0,0.0
2010-07-09 00:00:00+09:00,1770.0,1830.0,1740.0,1770.0,73977,0.0,0.0
2010-07-12 00:00:00+09:00,1800.0,1920.0,1770.0,1800.0,293842,0.0,0.0
2010-07-13 00:00:00+09:00,1830.0,1830.0,1740.0,1800.0,160895,0.0,0.0
2010-07-14 00:00:00+09:00,1800.0,1830.0,1770.0,1830.0,84449,0.0,0.0
2010-07-15 00:00:00+09:00,1830.0,1860.0,1800.0,1800.0,93439,0.0,0.0
2010-07-16 00:00:00+09:00,1830.0,1860.0,1800.0,1830.0,111453,0.0,0.0
2010-07-19 00:00:00+09:00,1830.0,1860.0,1800.0,1830.0,103593,0.0,0.0
2010-07-20 00:00:00+09:00,1860.0,2100.0,1800.0,2040.0,732763,0.0,0.0
2010-07-21 00:00:00+09:00,2040.0,2070.0,1920.0,2040.0,218954,0.0,0.0
2010-07-22 00:00:00+09:00,1980.0,2040.0,1860.0,1890.0,134379,0.0,0.0
2010-07-23 00:00:00+09:00,1920.0,1980.0,1890.0,1890.0,124578,0.0,0.0
2010-07-26 00:00:00+09:00,1920.0,1980.0,1890.0,1920.0,96725,0.0,0.0
2010-07-27 00:00:00+09:00,1950.0,2010.0,1920.0,1980.0,157800,0.0,0.0
2010-07-28 00:00:00+09:00,2010.0,2010.0,1920.0,1950.0,119222,0.0,0.0
2010-07-29 00:00:00+09:00,1980.0,2220.0,1920.0,2220.0,855774,0.0,0.0
2010-07-30 00:00:00+09:00,2160.0,2220.0,2010.0,2040.0,628564,0.0,0.0
2010-08-02 00:00:00+09:00,2040.0,2040.0,1860.0,1890.0,283716,0.0,0.0
2010-08-03 00:00:00+09:00,1920.0,2100.0,1860.0,1980.0,310898,0.0,0.0
2010-08-04 00:00:00+09:00,1950.0,1980.0,1890.0,1950.0,93560,0.0,0.0
2010-08-05 00:00:00+09:00,1950.0,1980.0,1890.0,1950.0,91354,0.0,0.0
2010-08-06 00:00:00+09:00,1920.0,2130.0,1920.0,1980.0,240188,0.0,0.0
2010-08-09 00:00:00+09:00,1980.0,1980.0,1920.0,1950.0,119670,0.0,0.0
2010-08-10 00:00:00+09:00,1980.0,1980.0,1860.0,1890.0,120066,0.0,0.0
2010-08-11 00:00:00+09:00,1890.0,1950.0,1860.0,1890.0,138407,0.0,0.0
2010-08-12 00:00:00+09:00,1800.0,1890.0,1800.0,1860.0,108034,0.0,0.0
2010-08-13 00:00:00+09:00,1860.0,1920.0,1830.0,1920.0,94357,0.0,0.0
2010-08-16 00:00:00+09:00,1860.0,1920.0,1860.0,1890.0,30806,0.0,0.0
2010-08-17 00:00:00+09:00,1920.0,1950.0,1860.0,1920.0,67870,0.0,0.0
2010-08-18 00:00:00+09:00,1890.0,1950.0,1860.0,1890.0,81595,0.0,0.0
2010-08-19 00:00:00+09:00,1860.0,1920.0,1860.0,1890.0,68830,0.0,0.0
2010-08-20 00:00:00+09:00,1890.0,2040.0,1860.0,1980.0,239714,0.0,0.0
2010-08-23 00:00:00+09:00,1980.0,2040.0,1920.0,1980.0,137482,0.0,0.0
2010-08-24 00:00:00+09:00,1980.0,1980.0,1920.0,1950.0,92219,0.0,0.0
2010-08-25 00:00:00+09:00,1950.0,1980.0,1920.0,1950.0,81981,0.0,0.0
2010-08-26 00:00:00+09:00,1950.0,1950.0,1860.0,1890.0,97979,0.0,0.0
2010-08-27 00:00:00+09:00,1860.0,1950.0,1860.0,1920.0,32567,0.0,0.0
2010-08-30 00:00:00+09:00,1920.0,1950.0,1860.0,1890.0,60857,0.0,0.0
2010-08-31 00:00:00+09:00,1920.0,1920.0,1830.0,1890.0,68187,0.0,0.0
2010-09-01 00:00:00+09:00,1890.0,1920.0,1860.0,1890.0,65409,0.0,0.0
2010-09-02 00:00:00+09:00,1920.0,2010.0,1890.0,1950.0,131701,0.0,0.0
2010-09-03 00:00:00+09:00,1950.0,2010.0,1890.0,1980.0,108158,0.0,0.0
2010-09-06 00:00:00+09:00,1950.0,1980.0,1920.0,1950.0,77579,0.0,0.0
2010-09-07 00:00:00+09:00,1950.0,1950.0,1890.0,1920.0,85904,0.0,0.0
2010-09-08 00:00:00+09:00,1950.0,1980.0,1890.0,1920.0,82970,0.0,0.0
2010-09-09 00:00:00+09:00,1950.0,2190.0,1950.0,2100.0,1161052,0.0,0.0
2010-09-10 00:00:00+09:00,2070.0,2070.0,1950.0,1980.0,206775,0.0,0.0
2010-09-13 00:00:00+09:00,1950.0,1980.0,1920.0,1950.0,201845,0.0,0.0
2010-09-14 00:00:00+09:00,1950.0,2070.0,1920.0,2040.0,247915,0.0,0.0
2010-09-15 00:00:00+09:00,2070.0,2100.0,2010.0,2070.0,164572,0.0,0.0
2010-09-16 00:00:00+09:00,2070.0,2070.0,1980.0,2010.0,87566,0.0,0.0
2010-09-17 00:00:00+09:00,2040.0,2190.0,2010.0,2160.0,307372,0.0,0.0
2010-09-20 00:00:00+09:00,2160.0,2190.0,2100.0,2130.0,114914,0.0,0.0
2010-09-24 00:00:00+09:00,2100.0,2160.0,2040.0,2070.0,101289,0.0,0.0
2010-09-27 00:00:00+09:00,2100.0,2160.0,2040.0,2040.0,109029,0.0,0.0
2010-09-28 00:00:00+09:00,2070.0,2160.0,2010.0,2070.0,123106,0.0,0.0
2010-09-29 00:00:00+09:00,2070.0,2100.0,2040.0,2100.0,42022,0.0,0.0
2010-09-30 00:00:00+09:00,2100.0,2130.0,2070.0,2100.0,103604,0.0,0.0
2010-10-01 00:00:00+09:00,2100.0,2100.0,2040.0,2070.0,44526,0.0,0.0
2010-10-04 00:00:00+09:00,2040.0,2070.0,1956.0,1968.0,97913,0.0,0.0
2010-10-05 00:00:00+09:00,1938.0,1974.0,1920.0,1932.0,82225,0.0,0.0
2010-10-06 00:00:00+09:00,1920.0,1974.0,1644.0,1644.0,662940,0.0,0.0
2010-10-07 00:00:00+09:00,1644.0,1746.0,1500.0,1566.0,533254,0.0,0.0
2010-10-08 00:00:00+09:00,1584.0,1614.0,1536.0,1584.0,118182,0.0,0.0
2010-10-11 00:00:00+09:00,1602.0,1650.0,1584.0,1614.0,111049,0.0,0.0
2010-10-12 00:00:00+09:00,1632.0,1656.0,1614.0,1638.0,70825,0.0,0.0
2010-10-13 00:00:00+09:00,1632.0,1638.0,1506.0,1590.0,123208,0.0,0.0
2010-10-14 00:00:00+09:00,1602.0,1602.0,1554.0,1572.0,70659,0.0,0.0
2010-10-15 00:00:00+09:00,1590.0,1620.0,1572.0,1602.0,47643,0.0,0.0
2010-10-18 00:00:00+09:00,1620.0,1626.0,1572.0,1590.0,59803,0.0,0.0
2010-10-19 00:00:00+09:00,1596.0,1614.0,1548.0,1548.0,72262,0.0,0.0
2010-10-20 00:00:00+09:00,1560.0,1584.0,1512.0,1560.0,91470,0.0,0.0
2010-10-21 00:00:00+09:00,1572.0,1584.0,1530.0,1530.0,58021,0.0,0.0
2010-10-22 00:00:00+09:00,1548.0,1596.0,1512.0,1566.0,58020,0.0,0.0
2010-10-25 00:00:00+09:00,1542.0,1584.0,1542.0,1542.0,73429,0.0,0.0
2010-10-26 00:00:00+09:00,1554.0,1572.0,1524.0,1548.0,82424,0.0,0.0
2010-10-27 00:00:00+09:00,1548.0,1566.0,1524.0,1548.0,64592,0.0,0.0
2010-10-28 00:00:00+09:00,1560.0,1560.0,1524.0,1530.0,51115,0.0,0.0
2010-10-29 00:00:00+09:00,1524.0,1536.0,1440.0,1470.0,153281,0.0,0.0
2010-11-01 00:00:00+09:00,1518.0,1686.0,1488.0,1686.0,470533,0.0,0.0
2010-11-02 00:00:00+09:00,1938.0,1938.0,1938.0,1938.0,382558,0.0,0.0
2010-11-03 00:00:00+09:00,2226.0,2226.0,2226.0,2226.0,48671,0.0,0.0
2010-11-04 00:00:00+09:00,2556.0,2556.0,2556.0,2556.0,63004,0.0,0.0
2010-11-05 00:00:00+09:00,2934.0,2934.0,2652.0,2934.0,6278112,0.0,0.0
2010-11-08 00:00:00+09:00,3126.0,3180.0,2496.0,2640.0,9225154,0.0,0.0
2010-11-09 00:00:00+09:00,2460.0,2550.0,2376.0,2460.0,4998132,0.0,0.0
2010-11-10 00:00:00+09:00,2502.0,2514.0,2094.0,2160.0,7426162,0.0,0.0
2010-11-11 00:00:00+09:00,2160.0,2484.0,1992.0,2484.0,9330972,0.0,0.0
2010-11-12 00:00:00+09:00,2508.0,2802.0,2292.0,2532.0,11070347,0.0,0.0
2010-11-15 00:00:00+09:00,2424.0,2544.0,2274.0,2316.0,4531462,0.0,0.0
2010-11-16 00:00:00+09:00,2592.0,2658.0,2544.0,2658.0,719295,0.0,0.0
2010-11-17 00:00:00+09:00,3054.0,3054.0,2610.0,2682.0,9659126,0.0,0.0
2010-11-18 00:00:00+09:00,2628.0,2760.0,2436.0,2466.0,3968742,0.0,0.0
2010-11-19 00:00:00+09:00,2430.0,2832.0,2304.0,2832.0,7197611,0.0,0.0
2010-11-22 00:00:00+09:00,2940.0,3252.0,2868.0,3114.0,11211484,0.0,0.0
2010-11-23 00:00:00+09:00,3174.0,3576.0,3150.0,3576.0,11340977,0.0,0.0
2010-11-24 00:00:00+09:00,3456.0,4110.0,3342.0,4110.0,9939751,0.0,0.0
2010-11-25 00:00:00+09:00,4320.0,4722.0,4320.0,4722.0,9851006,0.0,0.0
2010-11-26 00:00:00+09:00,4980.0,5310.0,4014.0,4014.0,20129599,0.0,0.0
2010-11-29 00:00:00+09:00,3900.0,4542.0,3612.0,4254.0,15848552,0.0,0.0
2010-11-30 00:00:00+09:00,4320.0,4386.0,3618.0,3780.0,7376209,0.0,0.0
2010-12-01 00:00:00+09:00,3756.0,3762.0,3216.0,3366.0,11872787,0.0,0.0
2010-12-02 00:00:00+09:00,3612.0,3612.0,2922.0,3054.0,15694894,0.0,0.0
2010-12-03 00:00:00+09:00,2904.0,3270.0,2814.0,3042.0,17508582,0.0,0.0
2010-12-06 00:00:00+09:00,3066.0,3120.0,2586.0,2592.0,9678487,0.0,0.0
2010-12-07 00:00:00+09:00,2556.0,2922.0,2520.0,2730.0,13639537,0.0,0.0
2010-12-08 00:00:00+09:00,2700.0,2784.0,2490.0,2526.0,5246706,0.0,0.0
2010-12-09 00:00:00+09:00,2562.0,2676.0,2454.0,2580.0,4004569,0.0,0.0
2010-12-10 00:00:00+09:00,2580.0,2964.0,2508.0,2964.0,7462724,0.0,0.0
2010-12-13 00:00:00+09:00,3072.0,3300.0,2850.0,2976.0,13062522,0.0,0.0
2010-12-14 00:00:00+09:00,2940.0,2982.0,2790.0,2820.0,4675134,0.0,0.0
2010-12-15 00:00:00+09:00,2838.0,2916.0,2640.0,2724.0,2931016,0.0,0.0
2010-12-16 00:00:00+09:00,2724.0,3120.0,2610.0,2856.0,10582977,0.0,0.0
2010-12-17 00:00:00+09:00,2868.0,3078.0,2784.0,2814.0,5000519,0.0,0.0
2010-12-20 00:00:00+09:00,2706.0,2766.0,2508.0,2658.0,3026739,0.0,0.0
2010-12-21 00:00:00+09:00,2724.0,2808.0,2664.0,2670.0,1959737,0.0,0.0
2010-12-22 00:00:00+09:00,2670.0,2688.0,2526.0,2532.0,1671224,0.0,0.0
2010-12-23 00:00:00+09:00,2532.0,2658.0,2394.0,2430.0,1856006,0.0,0.0
2010-12-24 00:00:00+09:00,2520.0,2790.0,2460.0,2790.0,1836699,0.0,0.0
2010-12-27 00:00:00+09:00,3048.0,3048.0,2586.0,2592.0,5162237,0.0,0.0
2010-12-28 00:00:00+09:00,2742.0,2904.0,2544.0,2544.0,3799407,0.0,0.0
2010-12-29 00:00:00+09:00,2520.0,2694.0,2472.0,2604.0,2402329,0.0,0.0
2010-12-30 00:00:00+09:00,2628.0,2676.0,2520.0,2550.0,1662363,0.0,0.0
2011-01-03 00:00:00+09:00,2550.0,2616.0,2484.0,2550.0,2131756,0.0,0.0
2011-01-04 00:00:00+09:00,2550.0,2592.0,2502.0,2520.0,1430630,0.0,0.0
2011-01-05 00:00:00+09:00,2538.0,2538.0,2406.0,2460.0,1884114,0.0,0.0
2011-01-06 00:00:00+09:00,2454.0,2610.0,2430.0,2466.0,3115082,0.0,0.0
2011-01-07 00:00:00+09:00,2484.0,2508.0,2424.0,2442.0,1052348,0.0,0.0
2011-01-10 00:00:00+09:00,2430.0,2472.0,2418.0,2430.0,824405,0.0,0.0
2011-01-11 00:00:00+09:00,2424.0,2442.0,2310.0,2340.0,1499077,0.0,0.0
2011-01-12 00:00:00+09:00,2322.0,2466.0,2250.0,2322.0,2796382,0.0,0.0
2011-01-13 00:00:00+09:00,2358.0,2424.0,2292.0,2328.0,1462475,0.0,0.0
2011-01-14 00:00:00+09:00,2370.0,2370.0,2286.0,2298.0,676475,0.0,0.0
2011-01-17 00:00:00+09:00,2316.0,2640.0,2268.0,2640.0,6608062,0.0,0.0
2011-01-18 00:00:00+09:00,2652.0,2676.0,2400.0,2400.0,7902939,0.0,0.0
2011-01-19 00:00:00+09:00,2430.0,2430.0,2346.0,2376.0,1650649,0.0,0.0
2011-01-20 00:00:00+09:00,2358.0,2394.0,2322.0,2322.0,1096191,0.0,0.0
2011-01-21 00:00:00+09:00,2364.0,2406.0,2286.0,2292.0,1238791,0.0,0.0
2011-01-24 00:00:00+09:00,2298.0,2322.0,2256.0,2292.0,668609,0.0,0.0
2011-01-25 00:00:00+09:00,2292.0,2340.0,2256.0,2280.0,923267,0.0,0.0
2011-01-26 00:00:00+09:00,2268.0,2580.0,2214.0,2316.0,3699631,0.0,0.0
2011-01-27 00:00:00+09:00,2334.0,2364.0,2298.0,2316.0,810315,0.0,0.0
2011-01-28 00:00:00+09:00,2340.0,2340.0,2268.0,2268.0,742841,0.0,0.0
2011-01-31 00:00:00+09:00,2244.0,2280.0,2220.0,2232.0,551569,0.0,0.0
2011-02-01 00:00:00+09:00,2256.0,2274.0,2214.0,2232.0,344038,0.0,0.0
2011-02-07 00:00:00+09:00,2232.0,2280.0,2226.0,2250.0,351716,0.0,0.0
2011-02-08 00:00:00+09:00,2364.0,2364.0,2238.0,2250.0,563267,0.0,0.0
2011-02-09 00:00:00+09:00,1914.0,1914.0,1914.0,1914.0,85485,0.0,0.0
2011-02-10 00:00:00+09:00,1638.0,1770.0,1632.0,1692.0,8127136,0.0,0.0
2011-02-11 00:00:00+09:00,1692.0,1728.0,1542.0,1578.0,2518994,0.0,0.0
2011-02-14 00:00:00+09:00,1578.0,1602.0,1428.0,1458.0,1587650,0.0,0.0
2011-02-15 00:00:00+09:00,1458.0,1656.0,1422.0,1500.0,3286286,0.0,0.0
2011-02-16 00:00:00+09:00,1530.0,1584.0,1470.0,1536.0,1425195,0.0,0.0
2011-02-17 00:00:00+09:00,1542.0,1590.0,1458.0,1464.0,1172906,0.0,0.0
2011-02-18 00:00:00+09:00,1488.0,1680.0,1458.0,1542.0,5081077,0.0,0.0
2011-02-21 00:00:00+09:00,1578.0,1692.0,1542.0,1638.0,2283322,0.0,0.0
2011-02-22 00:00:00+09:00,1668.0,1758.0,1566.0,1710.0,2059781,0.0,0.0
2011-02-23 00:00:00+09:00,1752.0,1836.0,1548.0,1566.0,3048656,0.0,0.0
2011-02-24 00:00:00+09:00,1572.0,1800.0,1560.0,1800.0,6508992,0.0,0.0
2011-02-25 00:00:00+09:00,1830.0,1830.0,1656.0,1680.0,2831359,0.0,0.0
2011-02-28 00:00:00+09:00,1686.0,1686.0,1494.0,1572.0,1572953,0.0,0.0
2011-03-02 00:00:00+09:00,1566.0,1644.0,1548.0,1560.0,1129346,0.0,0.0
2011-03-03 00:00:00+09:00,1584.0,1584.0,1494.0,1518.0,807749,0.0,0.0
2011-03-04 00:00:00+09:00,1578.0,1740.0,1572.0,1674.0,5305877,0.0,0.0
2011-03-07 00:00:00+09:00,1692.0,1782.0,1626.0,1662.0,1833577,0.0,0.0
2011-03-08 00:00:00+09:00,1692.0,1722.0,1662.0,1668.0,779456,0.0,0.0
2011-03-09 00:00:00+09:00,1704.0,1914.0,1626.0,1914.0,3615047,0.0,0.0
2011-03-10 00:00:00+09:00,1974.0,2196.0,1890.0,2196.0,9662961,0.0,0.0
2011-03-11 00:00:00+09:00,2220.0,2484.0,2160.0,2364.0,9691549,0.0,0.0
2011-03-14 00:00:00+09:00,2250.0,2274.0,2010.0,2010.0,4028257,0.0,0.0
2011-03-15 00:00:00+09:00,2010.0,2280.0,1848.0,2130.0,6817374,0.0,0.0
2011-03-16 00:00:00+09:00,2106.0,2250.0,1830.0,1896.0,3978352,0.0,0.0
2011-03-17 00:00:00+09:00,1884.0,1986.0,1746.0,1806.0,2518606,0.0,0.0
2011-03-18 00:00:00+09:00,1872.0,1908.0,1782.0,1806.0,1522813,0.0,0.0
2011-03-21 00:00:00+09:00,1830.0,2076.0,1788.0,2076.0,4477984,0.0,0.0
2011-03-22 00:00:00+09:00,2142.0,2286.0,2076.0,2136.0,6549751,0.0,0.0
2011-03-23 00:00:00+09:00,2292.0,2454.0,2232.0,2454.0,9091476,0.0,0.0
2011-03-24 00:00:00+09:00,2640.0,2820.0,2520.0,2820.0,2860744,0.0,0.0
2011-03-25 00:00:00+09:00,3018.0,3240.0,2874.0,2928.0,9946627,0.0,0.0
2011-03-28 00:00:00+09:00,2790.0,3096.0,2784.0,2958.0,6650119,0.0,0.0
2011-03-29 00:00:00+09:00,3012.0,3072.0,2796.0,2826.0,5130769,0.0,0.0
2011-03-30 00:00:00+09:00,2700.0,2790.0,2484.0,2604.0,5304641,0.0,0.0
2011-03-31 00:00:00+09:00,2712.0,2796.0,2640.0,2694.0,2589696,0.0,0.0
2011-04-01 00:00:00+09:00,2694.0,2994.0,2580.0,2742.0,5236037,0.0,0.0
2011-04-04 00:00:00+09:00,2862.0,3150.0,2808.0,3150.0,3535504,0.0,0.0
2011-04-05 00:00:00+09:00,3420.0,3480.0,3108.0,3114.0,11397209,0.0,0.0
2011-04-06 00:00:00+09:00,3066.0,3198.0,2904.0,2928.0,5837646,0.0,0.0
2011-04-07 00:00:00+09:00,2940.0,3054.0,2898.0,2940.0,3463407,0.0,0.0
2011-04-08 00:00:00+09:00,2994.0,2994.0,2724.0,2772.0,3387824,0.0,0.0
2011-04-11 00:00:00+09:00,2724.0,2970.0,2640.0,2808.0,3059414,0.0,0.0
2011-04-12 00:00:00+09:00,2760.0,2898.0,2736.0,2748.0,2268042,0.0,0.0
2011-04-13 00:00:00+09:00,2754.0,2928.0,2748.0,2772.0,3237646,0.0,0.0
2011-04-14 00:00:00+09:00,2916.0,3060.0,2796.0,2826.0,7110242,0.0,0.0
2011-04-15 00:00:00+09:00,2832.0,2862.0,2550.0,2670.0,2733154,0.0,0.0
2011-04-18 00:00:00+09:00,2316.0,2412.0,2274.0,2274.0,3618902,0.0,0.0
2011-04-19 00:00:00+09:00,2124.0,2178.0,1992.0,1992.0,4847912,0.0,0.0
2011-04-20 00:00:00+09:00,1920.0,2256.0,1896.0,2094.0,5144562,0.0,0.0
2011-04-21 00:00:00+09:00,2106.0,2262.0,1788.0,1812.0,4374381,0.0,0.0
2011-04-22 00:00:00+09:00,,,,,0,0.0,0.666666
2011-05-16 00:00:00+09:00,1818.0,2090.0,1818.0,2090.0,939767,0.0,0.0
2011-05-17 00:00:00+09:00,2340.0,2400.0,2190.0,2400.0,2087855,0.0,0.0
2011-05-18 00:00:00+09:00,2460.0,2720.0,2460.0,2620.0,7422420,0.0,0.0
2011-05-19 00:00:00+09:00,2640.0,2650.0,2230.0,2230.0,4827079,0.0,0.0
2011-05-20 00:00:00+09:00,2240.0,2270.0,1992.0,2020.0,4009881,0.0,0.0
2011-05-23 00:00:00+09:00,1960.0,1970.0,1736.0,1750.0,2659525,0.0,0.0
2011-05-24 00:00:00+09:00,1700.0,1998.0,1700.0,1978.0,3734165,0.0,0.0
2011-05-25 00:00:00+09:00,1922.0,2040.0,1770.0,1780.0,2475950,0.0,0.0
2011-05-26 00:00:00+09:00,1808.0,1850.0,1660.0,1694.0,1601753,0.0,0.0
2011-05-27 00:00:00+09:00,1708.0,1770.0,1692.0,1716.0,1264892,0.0,0.0
2011-05-30 00:00:00+09:00,1700.0,1700.0,1596.0,1600.0,1499349,0.0,0.0
2011-05-31 00:00:00+09:00,1580.0,1718.0,1530.0,1554.0,1189846,0.0,0.0
2011-06-01 00:00:00+09:00,1540.0,1596.0,1482.0,1570.0,1412917,0.0,0.0
2011-06-02 00:00:00+09:00,1570.0,1732.0,1514.0,1626.0,3377712,0.0,0.0
2011-06-03 00:00:00+09:00,1610.0,1646.0,1508.0,1530.0,1211758,0.0,0.0
2011-06-07 00:00:00+09:00,1560.0,1560.0,1490.0,1498.0,726841,0.0,0.0
2011-06-08 00:00:00+09:00,1490.0,1626.0,1490.0,1538.0,1296625,0.0,0.0
2011-06-09 00:00:00+09:00,1546.0,1628.0,1518.0,1548.0,1149388,0.0,0.0
2011-06-10 00:00:00+09:00,1536.0,1568.0,1444.0,1468.0,558643,0.0,0.0
2011-06-13 00:00:00+09:00,1478.0,1498.0,1362.0,1410.0,598863,0.0,0.0
2011-06-14 00:00:00+09:00,1468.0,1468.0,1374.0,1406.0,910143,0.0,0.0
2011-06-15 00:00:00+09:00,1418.0,1418.0,1370.0,1384.0,507848,0.0,0.0
2011-06-16 00:00:00+09:00,1370.0,1556.0,1364.0,1436.0,2264423,0.0,0.0
2011-06-17 00:00:00+09:00,1436.0,1460.0,1392.0,1420.0,521446,0.0,0.0
2011-06-20 00:00:00+09:00,1606.0,1632.0,1606.0,1632.0,884636,0.0,0.0
2011-06-21 00:00:00+09:00,1792.0,1820.0,1526.0,1552.0,4641228,0.0,0.0
2011-06-22 00:00:00+09:00,1564.0,1656.0,1536.0,1560.0,2423780,0.0,0.0
2011-06-23 00:00:00+09:00,1580.0,1700.0,1560.0,1602.0,2142790,0.0,0.0
2011-06-24 00:00:00+09:00,1632.0,1688.0,1600.0,1670.0,2409260,0.0,0.0
2011-06-27 00:00:00+09:00,1724.0,1736.0,1628.0,1644.0,1855103,0.0,0.0
2011-06-28 00:00:00+09:00,1582.0,1650.0,1556.0,1556.0,1255872,0.0,0.0
2011-06-29 00:00:00+09:00,1390.0,1526.0,1324.0,1324.0,3630256,0.0,0.0
2011-06-30 00:00:00+09:00,1350.0,1520.0,1340.0,1464.0,3484677,0.0,0.0
2011-07-01 00:00:00+09:00,1464.0,1478.0,1396.0,1410.0,1260885,0.0,0.0
2011-07-04 00:00:00+09:00,1464.0,1464.0,1386.0,1410.0,769033,0.0,0.0
2011-07-05 00:00:00+09:00,1410.0,1436.0,1392.0,1416.0,441636,0.0,0.0
2011-07-06 00:00:00+09:00,1416.0,1424.0,1392.0,1400.0,448481,0.0,0.0
2011-07-07 00:00:00+09:00,1394.0,1418.0,1360.0,1380.0,549453,0.0,0.0
2011-09-19 00:00:00+09:00,1800.0,1900.0,1530.0,1530.0,3992854,0.0,0.0
2011-09-20 00:00:00+09:00,1500.0,1664.0,1428.0,1442.0,1800168,0.0,0.0
2011-09-21 00:00:00+09:00,1470.0,1588.0,1456.0,1490.0,1573958,0.0,0.0
2011-09-22 00:00:00+09:00,1440.0,1480.0,1392.0,1400.0,660866,0.0,0.0
2011-09-23 00:00:00+09:00,1310.0,1390.0,1294.0,1300.0,625287,0.0,0.0
2011-09-26 00:00:00+09:00,1302.0,1334.0,1106.0,1122.0,785105,0.0,0.0
2011-09-27 00:00:00+09:00,1160.0,1180.0,1108.0,1120.0,359383,0.0,0.0
2011-09-28 00:00:00+09:00,1120.0,1138.0,1040.0,1060.0,438045,0.0,0.0
2011-09-29 00:00:00+09:00,1050.0,1218.0,1006.0,1218.0,1221317,0.0,0.0
2011-09-30 00:00:00+09:00,1320.0,1350.0,1224.0,1224.0,905346,0.0,0.0
2011-10-04 00:00:00+09:00,1088.0,1156.0,1076.0,1112.0,518686,0.0,0.0
2011-10-05 00:00:00+09:00,1090.0,1146.0,1000.0,1010.0,388255,0.0,0.0
2011-10-06 00:00:00+09:00,1078.0,1160.0,1050.0,1126.0,503167,0.0,0.0
2011-10-07 00:00:00+09:00,1160.0,1230.0,1122.0,1128.0,420481,0.0,0.0
2011-10-10 00:00:00+09:00,1168.0,1194.0,1118.0,1158.0,198175,0.0,0.0
2011-10-11 00:00:00+09:00,1192.0,1198.0,1138.0,1154.0,303255,0.0,0.0
2011-10-12 00:00:00+09:00,1158.0,1182.0,1126.0,1162.0,344467,0.0,0.0
2011-10-13 00:00:00+09:00,1170.0,1242.0,1146.0,1180.0,891488,0.0,0.0
2011-10-14 00:00:00+09:00,1180.0,1340.0,1180.0,1232.0,1561396,0.0,0.0
2011-10-17 00:00:00+09:00,1254.0,1300.0,1228.0,1242.0,317616,0.0,0.0
2011-10-18 00:00:00+09:00,1242.0,1280.0,1210.0,1242.0,505792,0.0,0.0
2011-10-19 00:00:00+09:00,1246.0,1258.0,1210.0,1214.0,314501,0.0,0.0
2011-10-20 00:00:00+09:00,1208.0,1230.0,1162.0,1162.0,372003,0.0,0.0
2011-10-21 00:00:00+09:00,1208.0,1218.0,1156.0,1156.0,258844,0.0,0.0
2011-10-24 00:00:00+09:00,1194.0,1204.0,1162.0,1186.0,160901,0.0,0.0
2011-10-25 00:00:00+09:00,1178.0,1202.0,1174.0,1186.0,171635,0.0,0.0
2011-10-26 00:00:00+09:00,1176.0,1188.0,1130.0,1148.0,212717,0.0,0.0
2011-10-27 00:00:00+09:00,1150.0,1236.0,1130.0,1164.0,300483,0.0,0.0
2011-10-28 00:00:00+09:00,1218.0,1218.0,1150.0,1166.0,313387,0.0,0.0
2011-10-31 00:00:00+09:00,1166.0,1188.0,1144.0,1156.0,226171,0.0,0.0
2011-11-01 00:00:00+09:00,1142.0,1170.0,1122.0,1140.0,182390,0.0,0.0
2011-11-02 00:00:00+09:00,1124.0,1148.0,1116.0,1130.0,198315,0.0,0.0
2011-11-03 00:00:00+09:00,1148.0,1160.0,1126.0,1134.0,135806,0.0,0.0
2011-11-04 00:00:00+09:00,1140.0,1154.0,1118.0,1138.0,400499,0.0,0.0
2011-11-07 00:00:00+09:00,1150.0,1198.0,1138.0,1194.0,311893,0.0,0.0
2011-11-08 00:00:00+09:00,1206.0,1372.0,1206.0,1348.0,5260560,0.0,0.0
2011-11-09 00:00:00+09:00,1322.0,1322.0,1216.0,1220.0,1844667,0.0,0.0
2011-11-10 00:00:00+09:00,1190.0,1220.0,1130.0,1140.0,571787,0.0,0.0
2011-11-11 00:00:00+09:00,1152.0,1230.0,1152.0,1192.0,340673,0.0,0.0
2011-11-14 00:00:00+09:00,1236.0,1236.0,1170.0,1182.0,465228,0.0,0.0
2011-11-15 00:00:00+09:00,1158.0,1206.0,1158.0,1162.0,375294,0.0,0.0
2011-11-16 00:00:00+09:00,1160.0,1164.0,1110.0,1114.0,435472,0.0,0.0
2011-11-17 00:00:00+09:00,1110.0,1140.0,1102.0,1126.0,169147,0.0,0.0
2011-11-18 00:00:00+09:00,1102.0,1150.0,1102.0,1144.0,184978,0.0,0.0
2011-11-21 00:00:00+09:00,1132.0,1160.0,1104.0,1110.0,245770,0.0,0.0
2011-11-22 00:00:00+09:00,1104.0,1128.0,1078.0,1080.0,278483,0.0,0.0
2011-11-23 00:00:00+09:00,1080.0,1098.0,1060.0,1062.0,272638,0.0,0.0
2011-11-24 00:00:00+09:00,1060.0,1080.0,1054.0,1076.0,182939,0.0,0.0
2011-11-25 00:00:00+09:00,1070.0,1080.0,1040.0,1068.0,110692,0.0,0.0
2011-11-28 00:00:00+09:00,1060.0,1078.0,1046.0,1046.0,185558,0.0,0.0
2011-11-29 00:00:00+09:00,1062.0,1080.0,1046.0,1070.0,280842,0.0,0.0
2011-11-30 00:00:00+09:00,1060.0,1082.0,1038.0,1040.0,161105,0.0,0.0
2011-12-01 00:00:00+09:00,1048.0,1080.0,1042.0,1052.0,87964,0.0,0.0
2011-12-02 00:00:00+09:00,1058.0,1068.0,1044.0,1048.0,98834,0.0,0.0
2011-12-05 00:00:00+09:00,1050.0,1152.0,1048.0,1120.0,250513,0.0,0.0
2011-12-06 00:00:00+09:00,1136.0,1168.0,1070.0,1120.0,200041,0.0,0.0
2011-12-07 00:00:00+09:00,1120.0,1160.0,1104.0,1140.0,217457,0.0,0.0
2011-12-08 00:00:00+09:00,1126.0,1300.0,1126.0,1206.0,1148047,0.0,0.0
2011-12-09 00:00:00+09:00,1198.0,1230.0,1170.0,1180.0,323569,0.0,0.0
2011-12-12 00:00:00+09:00,1278.0,1278.0,1160.0,1180.0,420474,0.0,0.0
2011-12-13 00:00:00+09:00,1140.0,1178.0,1072.0,1158.0,453015,0.0,0.0
2011-12-14 00:00:00+09:00,1176.0,1276.0,1124.0,1158.0,1223156,0.0,0.0
2011-12-15 00:00:00+09:00,1142.0,1210.0,1098.0,1130.0,183991,0.0,0.0
2011-12-16 00:00:00+09:00,1124.0,1222.0,1030.0,1064.0,1312879,0.0,0.0
2011-12-19 00:00:00+09:00,1080.0,1080.0,910.0,1000.0,441484,0.0,0.0
2011-12-20 00:00:00+09:00,1000.0,1040.0,1000.0,1038.0,191821,0.0,0.0
2011-12-21 00:00:00+09:00,1050.0,1110.0,1024.0,1040.0,393835,0.0,0.0
2011-12-22 00:00:00+09:00,1066.0,1084.0,1028.0,1054.0,247198,0.0,0.0
2011-12-23 00:00:00+09:00,1070.0,1072.0,1020.0,1040.0,95904,0.0,0.0
2011-12-26 00:00:00+09:00,1046.0,1058.0,1020.0,1020.0,150986,0.0,0.0
2011-12-27 00:00:00+09:00,1040.0,1048.0,1004.0,1020.0,142874,0.0,0.0
2011-12-28 00:00:00+09:00,1038.0,1038.0,1004.0,1016.0,176905,0.0,0.0
2011-12-29 00:00:00+09:00,1028.0,1028.0,1004.0,1004.0,227460,0.0,0.0
2012-01-02 00:00:00+09:00,1012.0,1036.0,1004.0,1024.0,211901,0.0,0.0
2012-01-03 00:00:00+09:00,1024.0,1054.0,1024.0,1034.0,265155,0.0,0.0
2012-01-04 00:00:00+09:00,1048.0,1088.0,1036.0,1060.0,709630,0.0,0.0
2012-01-05 00:00:00+09:00,1066.0,1082.0,1046.0,1068.0,615995,0.0,0.0
2012-01-06 00:00:00+09:00,1080.0,1080.0,1040.0,1040.0,706375,0.0,0.0
2012-01-09 00:00:00+09:00,1054.0,1054.0,1002.0,1026.0,933247,0.0,0.0
2012-01-10 00:00:00+09:00,1056.0,1122.0,1028.0,1110.0,1258998,0.0,0.0
2012-01-11 00:00:00+09:00,1112.0,1154.0,1070.0,1138.0,1424422,0.0,0.0
2012-01-12 00:00:00+09:00,1144.0,1162.0,1090.0,1094.0,616062,0.0,0.0
2012-01-13 00:00:00+09:00,1060.0,1116.0,1056.0,1114.0,550628,0.0,0.0
2012-01-16 00:00:00+09:00,1130.0,1164.0,1104.0,1140.0,902298,0.0,0.0
2012-01-17 00:00:00+09:00,1126.0,1206.0,1090.0,1102.0,1444378,0.0,0.0
2012-01-18 00:00:00+09:00,1102.0,1110.0,1060.0,1066.0,508675,0.0,0.0
2012-01-19 00:00:00+09:00,1052.0,1066.0,1018.0,1022.0,499909,0.0,0.0
2012-01-20 00:00:00+09:00,1022.0,1040.0,996.0,1024.0,465645,0.0,0.0
2012-01-25 00:00:00+09:00,1038.0,1052.0,1004.0,1016.0,442034,0.0,0.0
2012-01-26 00:00:00+09:00,1024.0,1024.0,996.0,1008.0,445464,0.0,0.0
2012-01-27 00:00:00+09:00,1022.0,1022.0,998.0,998.0,318681,0.0,0.0
2012-01-30 00:00:00+09:00,998.0,1004.0,968.0,972.0,491956,0.0,0.0
2012-01-31 00:00:00+09:00,998.0,1028.0,966.0,988.0,1008279,0.0,0.0
2012-02-01 00:00:00+09:00,870.0,890.0,840.0,876.0,5774835,0.0,0.0
2012-02-02 00:00:00+09:00,878.0,878.0,850.0,850.0,2001162,0.0,0.0
2012-02-03 00:00:00+09:00,860.0,890.0,840.0,862.0,2097898,0.0,0.0
2012-02-06 00:00:00+09:00,872.0,872.0,848.0,848.0,1067341,0.0,0.0
2012-02-07 00:00:00+09:00,856.0,856.0,828.0,834.0,1224241,0.0,0.0
2012-02-08 00:00:00+09:00,840.0,840.0,824.0,824.0,1107556,0.0,0.0
2012-02-09 00:00:00+09:00,824.0,870.0,822.0,854.0,1751497,0.0,0.0
2012-02-10 00:00:00+09:00,860.0,860.0,828.0,836.0,766144,0.0,0.0
2012-02-13 00:00:00+09:00,838.0,840.0,826.0,836.0,794241,0.0,0.0
2012-02-14 00:00:00+09:00,840.0,848.0,834.0,836.0,927242,0.0,0.0
2012-02-15 00:00:00+09:00,844.0,854.0,834.0,840.0,881078,0.0,0.0
2012-02-16 00:00:00+09:00,842.0,858.0,834.0,836.0,1176088,0.0,0.0
2012-02-17 00:00:00+09:00,838.0,848.0,834.0,848.0,798513,0.0,0.0
2012-02-20 00:00:00+09:00,858.0,938.0,848.0,916.0,4631495,0.0,0.0
2012-02-21 00:00:00+09:00,930.0,934.0,894.0,920.0,1975588,0.0,0.0
2012-02-22 00:00:00+09:00,930.0,934.0,904.0,920.0,1030666,0.0,0.0
2012-02-23 00:00:00+09:00,920.0,968.0,906.0,924.0,1871202,0.0,0.0
2012-02-24 00:00:00+09:00,946.0,950.0,918.0,934.0,993461,0.0,0.0
2012-02-27 00:00:00+09:00,948.0,968.0,880.0,912.0,1571181,0.0,0.0
2012-02-28 00:00:00+09:00,910.0,918.0,868.0,884.0,1184451,0.0,0.0
2012-02-29 00:00:00+09:00,886.0,916.0,874.0,890.0,960111,0.0,0.0
2012-03-02 00:00:00+09:00,906.0,906.0,880.0,890.0,475866,0.0,0.0
2012-03-05 00:00:00+09:00,892.0,896.0,872.0,890.0,472500,0.0,0.0
2012-03-06 00:00:00+09:00,890.0,968.0,882.0,920.0,2512441,0.0,0.0
2012-03-07 00:00:00+09:00,902.0,948.0,898.0,920.0,1400442,0.0,0.0
2012-03-08 00:00:00+09:00,926.0,950.0,910.0,924.0,1310382,0.0,0.0
2012-03-09 00:00:00+09:00,924.0,936.0,894.0,900.0,1082933,0.0,0.0
2012-03-12 00:00:00+09:00,896.0,900.0,864.0,864.0,1091912,0.0,0.0
2012-03-13 00:00:00+09:00,860.0,876.0,846.0,858.0,958326,0.0,0.0
2012-03-14 00:00:00+09:00,844.0,862.0,834.0,838.0,1193144,0.0,0.0
2012-03-15 00:00:00+09:00,838.0,852.0,830.0,840.0,428261,0.0,0.0
2012-03-16 00:00:00+09:00,840.0,860.0,834.0,856.0,449061,0.0,0.0
2012-03-19 00:00:00+09:00,860.0,862.0,838.0,850.0,640083,0.0,0.0
2012-03-20 00:00:00+09:00,840.0,852.0,836.0,848.0,392952,0.0,0.0
2012-03-21 00:00:00+09:00,848.0,854.0,828.0,834.0,573231,0.0,0.0
2012-03-22 00:00:00+09:00,832.0,838.0,824.0,824.0,595170,0.0,0.0
2012-03-23 00:00:00+09:00,832.0,834.0,798.0,822.0,509667,0.0,0.0
2012-03-26 00:00:00+09:00,806.0,856.0,806.0,834.0,367673,0.0,0.0
2012-03-27 00:00:00+09:00,830.0,850.0,830.0,848.0,334462,0.0,0.0
2012-03-28 00:00:00+09:00,872.0,974.0,862.0,974.0,13187420,0.0,0.0
2012-03-29 00:00:00+09:00,988.0,1028.0,930.0,986.0,8833775,0.0,0.0
2012-03-30 00:00:00+09:00,998.0,1132.0,964.0,1040.0,20819310,0.0,0.0
2012-04-02 00:00:00+09:00,1098.0,1196.0,1040.0,1196.0,26303185,0.0,0.0
2012-04-03 00:00:00+09:00,1252.0,1374.0,1210.0,1374.0,24214770,0.0,0.0
2012-04-04 00:00:00+09:00,1420.0,1476.0,1320.0,1406.0,27013490,0.0,0.0
2012-04-05 00:00:00+09:00,1344.0,1378.0,1196.0,1196.0,21587390,0.0,0.0
2012-04-06 00:00:00+09:00,1220.0,1368.0,1154.0,1326.0,25342990,0.0,0.0
2012-04-09 00:00:00+09:00,1258.0,1310.0,1134.0,1162.0,11494190,0.0,0.0
2012-04-10 00:00:00+09:00,1172.0,1222.0,1010.0,1108.0,11171440,0.0,0.0
2012-04-12 00:00:00+09:00,1108.0,1180.0,1030.0,1146.0,7687210,0.0,0.0
2012-04-13 00:00:00+09:00,1130.0,1316.0,1130.0,1282.0,11588040,0.0,0.0
2012-04-16 00:00:00+09:00,1276.0,1354.0,1220.0,1316.0,9199345,0.0,0.0
2012-04-17 00:00:00+09:00,1318.0,1460.0,1280.0,1366.0,18578775,0.0,0.0
2012-04-18 00:00:00+09:00,1368.0,1418.0,1258.0,1280.0,9568545,0.0,0.0
2012-04-19 00:00:00+09:00,1252.0,1330.0,1246.0,1274.0,5173275,0.0,0.0
2012-04-20 00:00:00+09:00,1310.0,1340.0,1182.0,1220.0,5389895,0.0,0.0
2012-04-23 00:00:00+09:00,1220.0,1282.0,1202.0,1216.0,4333865,0.0,0.0
2012-04-24 00:00:00+09:00,1200.0,1260.0,1188.0,1228.0,3152785,0.0,0.0
2012-04-25 00:00:00+09:00,1244.0,1408.0,1228.0,1334.0,11627740,0.0,0.0
2012-04-26 00:00:00+09:00,1346.0,1510.0,1322.0,1444.0,18027980,0.0,0.0
2012-04-27 00:00:00+09:00,1470.0,1590.0,1450.0,1496.0,14058290,0.0,0.0
2012-04-30 00:00:00+09:00,1460.0,1490.0,1330.0,1380.0,7103270,0.0,0.0
2012-05-02 00:00:00+09:00,1378.0,1586.0,1340.0,1586.0,12445395,0.0,0.0
2012-05-03 00:00:00+09:00,1760.0,1780.0,1396.0,1442.0,23808150,0.0,0.0
2012-05-04 00:00:00+09:00,1452.0,1572.0,1410.0,1486.0,13403655,0.0,0.0
2012-05-07 00:00:00+09:00,1384.0,1452.0,1276.0,1302.0,10267255,0.0,0.0
2012-05-08 00:00:00+09:00,1280.0,1462.0,1246.0,1402.0,15241925,0.0,0.0
2012-05-09 00:00:00+09:00,1402.0,1450.0,1342.0,1344.0,5769470,0.0,0.0
2012-05-10 00:00:00+09:00,1350.0,1378.0,1224.0,1276.0,5344410,0.0,0.0
2012-05-11 00:00:00+09:00,1256.0,1284.0,1190.0,1196.0,4022838,0.0,0.0
2012-05-14 00:00:00+09:00,1200.0,1296.0,1142.0,1236.0,7010380,0.0,0.0
2012-05-15 00:00:00+09:00,1210.0,1234.0,1102.0,1130.0,5611190,0.0,0.0
2012-05-16 00:00:00+09:00,1130.0,1172.0,1060.0,1064.0,4102869,0.0,0.0
2012-05-17 00:00:00+09:00,1068.0,1166.0,1036.0,1086.0,5453990,0.0,0.0
2012-05-18 00:00:00+09:00,1058.0,1088.0,946.0,982.0,4300362,0.0,0.0
2012-05-21 00:00:00+09:00,984.0,1034.0,980.0,1000.0,3081747,0.0,0.0
2012-05-22 00:00:00+09:00,1024.0,1056.0,1004.0,1018.0,3886189,0.0,0.0
2012-05-23 00:00:00+09:00,1030.0,1032.0,982.0,984.0,2587421,0.0,0.0
2012-05-24 00:00:00+09:00,988.0,1026.0,962.0,1014.0,3671032,0.0,0.0
2012-05-25 00:00:00+09:00,1004.0,1050.0,994.0,994.0,3608901,0.0,0.0
2012-05-29 00:00:00+09:00,982.0,1018.0,972.0,976.0,2351510,0.0,0.0
2012-05-30 00:00:00+09:00,990.0,994.0,944.0,946.0,2369284,0.0,0.0
2012-05-31 00:00:00+09:00,950.0,1040.0,928.0,998.0,5175520,0.0,0.0
2012-06-01 00:00:00+09:00,1000.0,1026.0,970.0,970.0,2222748,0.0,0.0
2012-06-04 00:00:00+09:00,940.0,956.0,884.0,902.0,2679129,0.0,0.0
2012-06-05 00:00:00+09:00,936.0,976.0,926.0,932.0,3205931,0.0,0.0
2012-06-07 00:00:00+09:00,952.0,1028.0,942.0,982.0,5664885,0.0,0.0
2012-06-08 00:00:00+09:00,996.0,1020.0,952.0,958.0,2351990,0.0,0.0
2012-06-11 00:00:00+09:00,980.0,996.0,960.0,974.0,1863332,0.0,0.0
2012-06-12 00:00:00+09:00,966.0,988.0,962.0,974.0,1711354,0.0,0.0
2012-06-13 00:00:00+09:00,990.0,990.0,942.0,954.0,2181577,0.0,0.0
2012-06-14 00:00:00+09:00,946.0,964.0,940.0,954.0,1525094,0.0,0.0
2012-06-15 00:00:00+09:00,1012.0,1096.0,992.0,1002.0,17194845,0.0,0.0
2012-06-18 00:00:00+09:00,1032.0,1036.0,1008.0,1014.0,3115353,0.0,0.0
2012-06-19 00:00:00+09:00,1022.0,1042.0,998.0,1020.0,2903347,0.0,0.0
2012-06-20 00:00:00+09:00,1026.0,1028.0,992.0,1000.0,2183515,0.0,0.0
2012-06-21 00:00:00+09:00,1006.0,1010.0,982.0,984.0,1766940,0.0,0.0
2012-06-22 00:00:00+09:00,974.0,1018.0,968.0,998.0,1793406,0.0,0.0
2012-06-25 00:00:00+09:00,1010.0,1010.0,972.0,978.0,1450641,0.0,0.0
2012-06-26 00:00:00+09:00,978.0,1010.0,968.0,990.0,1447482,0.0,0.0
2012-06-27 00:00:00+09:00,990.0,1068.0,988.0,1016.0,6142695,0.0,0.0
2012-06-28 00:00:00+09:00,1024.0,1036.0,1004.0,1018.0,2612196,0.0,0.0
2012-06-29 00:00:00+09:00,1016.0,1020.0,990.0,1004.0,1804550,0.0,0.0
2012-07-02 00:00:00+09:00,1012.0,1068.0,1008.0,1020.0,4015395,0.0,0.0
2012-07-03 00:00:00+09:00,1030.0,1096.0,1016.0,1096.0,3731238,0.0,0.0
2012-07-04 00:00:00+09:00,1128.0,1238.0,1100.0,1156.0,13763190,0.0,0.0
2012-07-05 00:00:00+09:00,1160.0,1186.0,1102.0,1140.0,5574595,0.0,0.0
2012-07-06 00:00:00+09:00,1160.0,1210.0,1126.0,1168.0,7210310,0.0,0.0
2012-07-09 00:00:00+09:00,1248.0,1250.0,1168.0,1210.0,5763675,0.0,0.0
2012-07-10 00:00:00+09:00,1190.0,1208.0,1090.0,1096.0,5471830,0.0,0.0
2012-07-11 00:00:00+09:00,1092.0,1128.0,1054.0,1080.0,2868042,0.0,0.0
2012-07-12 00:00:00+09:00,1084.0,1136.0,1064.0,1102.0,2456725,0.0,0.0
2012-07-13 00:00:00+09:00,1094.0,1106.0,1006.0,1058.0,1583341,0.0,0.0
2012-07-16 00:00:00+09:00,1050.0,1110.0,1050.0,1110.0,1679255,0.0,0.0
2012-07-17 00:00:00+09:00,1122.0,1144.0,1070.0,1074.0,2622399,0.0,0.0
2012-07-18 00:00:00+09:00,1074.0,1116.0,1038.0,1038.0,3706645,0.0,0.0
2012-07-19 00:00:00+09:00,1050.0,1064.0,1008.0,1036.0,5272820,0.0,0.0
2012-07-20 00:00:00+09:00,1048.0,1052.0,1014.0,1016.0,2299657,0.0,0.0
2012-07-23 00:00:00+09:00,1024.0,1108.0,1004.0,1044.0,5830475,0.0,0.0
2012-07-24 00:00:00+09:00,1050.0,1088.0,1030.0,1056.0,3172202,0.0,0.0
2012-07-25 00:00:00+09:00,1056.0,1082.0,1026.0,1030.0,1742991,0.0,0.0
2012-07-26 00:00:00+09:00,1024.0,1040.0,1010.0,1026.0,1376331,0.0,0.0
2012-07-27 00:00:00+09:00,1034.0,1078.0,1030.0,1056.0,2435333,0.0,0.0
2012-07-30 00:00:00+09:00,1076.0,1104.0,1050.0,1090.0,3465563,0.0,0.0
2012-07-31 00:00:00+09:00,1074.0,1094.0,1012.0,1036.0,4028178,0.0,0.0
2012-08-01 00:00:00+09:00,1044.0,1046.0,1024.0,1032.0,1086145,0.0,0.0
2012-08-02 00:00:00+09:00,1038.0,1062.0,1032.0,1040.0,1596438,0.0,0.0
2012-08-03 00:00:00+09:00,1036.0,1176.0,1026.0,1088.0,10313035,0.0,0.0
2012-08-06 00:00:00+09:00,1102.0,1122.0,1074.0,1080.0,3087776,0.0,0.0
2012-08-07 00:00:00+09:00,1092.0,1098.0,1066.0,1068.0,1743139,0.0,0.0
2012-08-08 00:00:00+09:00,1074.0,1086.0,1056.0,1068.0,2174539,0.0,0.0
2012-08-09 00:00:00+09:00,1066.0,1080.0,1058.0,1070.0,1431998,0.0,0.0
2012-08-10 00:00:00+09:00,1074.0,1106.0,1044.0,1044.0,3291389,0.0,0.0
2012-08-13 00:00:00+09:00,1042.0,1060.0,1042.0,1050.0,1250101,0.0,0.0
2012-08-14 00:00:00+09:00,1048.0,1068.0,1042.0,1048.0,1333881,0.0,0.0
2012-08-16 00:00:00+09:00,1048.0,1056.0,1000.0,1022.0,2607697,0.0,0.0
2012-08-17 00:00:00+09:00,1028.0,1044.0,1016.0,1020.0,1264423,0.0,0.0
2012-08-20 00:00:00+09:00,1020.0,1036.0,1010.0,1012.0,1302961,0.0,0.0
2012-08-21 00:00:00+09:00,1012.0,1046.0,1010.0,1018.0,2107849,0.0,0.0
2012-08-22 00:00:00+09:00,1016.0,1036.0,1012.0,1018.0,1089820,0.0,0.0
2012-08-23 00:00:00+09:00,1018.0,1026.0,1000.0,1006.0,1756667,0.0,0.0
2012-08-24 00:00:00+09:00,1004.0,1004.0,960.0,966.0,2739950,0.0,0.0
2012-08-27 00:00:00+09:00,962.0,978.0,934.0,948.0,1625953,0.0,0.0
2012-08-28 00:00:00+09:00,948.0,960.0,936.0,944.0,1066611,0.0,0.0
2012-08-29 00:00:00+09:00,940.0,958.0,940.0,950.0,963135,0.0,0.0
2012-08-30 00:00:00+09:00,968.0,970.0,946.0,950.0,1081138,0.0,0.0
2012-08-31 00:00:00+09:00,950.0,968.0,944.0,950.0,1092913,0.0,0.0
2012-09-03 00:00:00+09:00,948.0,958.0,926.0,932.0,1277789,0.0,0.0
2012-09-04 00:00:00+09:00,932.0,956.0,930.0,948.0,955211,0.0,0.0
2012-09-05 00:00:00+09:00,944.0,970.0,940.0,942.0,953121,0.0,0.0
2012-09-06 00:00:00+09:00,950.0,950.0,930.0,930.0,766425,0.0,0.0
2012-09-07 00:00:00+09:00,936.0,950.0,928.0,940.0,1018986,0.0,0.0
2012-09-10 00:00:00+09:00,948.0,954.0,890.0,916.0,1711739,0.0,0.0
2012-09-11 00:00:00+09:00,912.0,924.0,900.0,910.0,1279759,0.0,0.0
2012-09-12 00:00:00+09:00,914.0,918.0,890.0,898.0,1721891,0.0,0.0
2012-09-13 00:00:00+09:00,904.0,972.0,884.0,922.0,4221390,0.0,0.0
2012-09-14 00:00:00+09:00,940.0,940.0,906.0,920.0,1343500,0.0,0.0
2012-09-17 00:00:00+09:00,922.0,926.0,900.0,910.0,1049726,0.0,0.0
2012-09-18 00:00:00+09:00,916.0,918.0,888.0,900.0,965052,0.0,0.0
2012-09-19 00:00:00+09:00,896.0,914.0,890.0,906.0,1152682,0.0,0.0
2012-09-20 00:00:00+09:00,902.0,966.0,898.0,912.0,2990262,0.0,0.0
2012-09-21 00:00:00+09:00,926.0,964.0,920.0,946.0,3349895,0.0,0.0
2012-09-24 00:00:00+09:00,952.0,952.0,910.0,912.0,1356531,0.0,0.0
2012-09-25 00:00:00+09:00,910.0,910.0,882.0,890.0,1406178,0.0,0.0
2012-09-26 00:00:00+09:00,884.0,906.0,884.0,890.0,704880,0.0,0.0
2012-09-27 00:00:00+09:00,890.0,898.0,842.0,848.0,1357265,0.0,0.0
2012-09-28 00:00:00+09:00,850.0,856.0,830.0,840.0,836531,0.0,0.0
2012-10-02 00:00:00+09:00,858.0,858.0,828.0,832.0,670055,0.0,0.0
2012-10-04 00:00:00+09:00,832.0,880.0,822.0,856.0,1254856,0.0,0.0
2012-10-05 00:00:00+09:00,864.0,868.0,834.0,844.0,623080,0.0,0.0
2012-10-08 00:00:00+09:00,840.0,850.0,828.0,830.0,707834,0.0,0.0
2012-10-09 00:00:00+09:00,822.0,838.0,822.0,830.0,832929,0.0,0.0
2012-10-10 00:00:00+09:00,826.0,870.0,816.0,824.0,1376496,0.0,0.0
2012-10-11 00:00:00+09:00,820.0,834.0,816.0,818.0,546873,0.0,0.0
2012-10-12 00:00:00+09:00,824.0,830.0,810.0,814.0,764133,0.0,0.0
2012-10-15 00:00:00+09:00,812.0,936.0,808.0,936.0,8465175,0.0,0.0
2012-10-16 00:00:00+09:00,986.0,1042.0,864.0,864.0,16084090,0.0,0.0
2012-10-17 00:00:00+09:00,886.0,960.0,848.0,936.0,5209100,0.0,0.0
2012-10-18 00:00:00+09:00,942.0,986.0,880.0,884.0,2880544,0.0,0.0
2012-10-19 00:00:00+09:00,890.0,920.0,848.0,872.0,1541308,0.0,0.0
2012-10-22 00:00:00+09:00,866.0,876.0,824.0,834.0,1683578,0.0,0.0
2012-10-23 00:00:00+09:00,846.0,852.0,830.0,832.0,1086803,0.0,0.0
2012-10-24 00:00:00+09:00,830.0,840.0,818.0,824.0,1156448,0.0,0.0
2012-10-25 00:00:00+09:00,826.0,838.0,824.0,834.0,603083,0.0,0.0
2012-10-26 00:00:00+09:00,830.0,854.0,810.0,814.0,1155478,0.0,0.0
2012-10-29 00:00:00+09:00,824.0,824.0,788.0,792.0,1065584,0.0,0.0
2012-10-30 00:00:00+09:00,798.0,818.0,792.0,810.0,431266,0.0,0.0
2012-10-31 00:00:00+09:00,812.0,816.0,794.0,798.0,797145,0.0,0.0
2012-11-01 00:00:00+09:00,800.0,804.0,778.0,786.0,984076,0.0,0.0
2012-11-02 00:00:00+09:00,784.0,794.0,738.0,756.0,2047781,0.0,0.0
2012-11-05 00:00:00+09:00,760.0,764.0,738.0,742.0,843684,0.0,0.0
2012-11-06 00:00:00+09:00,730.0,750.0,704.0,732.0,1028237,0.0,0.0
2012-11-07 00:00:00+09:00,740.0,792.0,736.0,768.0,1817829,0.0,0.0
2012-11-08 00:00:00+09:00,772.0,772.0,742.0,766.0,671134,0.0,0.0
2012-11-09 00:00:00+09:00,766.0,880.0,760.0,880.0,9966830,0.0,0.0
2012-11-12 00:00:00+09:00,968.0,980.0,872.0,900.0,9717250,0.0,0.0
2012-11-13 00:00:00+09:00,904.0,910.0,824.0,856.0,2613363,0.0,0.0
2012-11-14 00:00:00+09:00,850.0,888.0,804.0,818.0,2413341,0.0,0.0
2012-11-15 00:00:00+09:00,792.0,816.0,770.0,782.0,1068591,0.0,0.0
2012-11-16 00:00:00+09:00,782.0,832.0,760.0,790.0,1007549,0.0,0.0
2012-11-19 00:00:00+09:00,780.0,822.0,778.0,790.0,731697,0.0,0.0
2012-11-20 00:00:00+09:00,802.0,848.0,802.0,826.0,1111397,0.0,0.0
2012-11-21 00:00:00+09:00,840.0,898.0,832.0,858.0,2606857,0.0,0.0
2012-11-22 00:00:00+09:00,864.0,874.0,836.0,848.0,874772,0.0,0.0
2012-11-23 00:00:00+09:00,850.0,882.0,836.0,846.0,818764,0.0,0.0
2012-11-26 00:00:00+09:00,856.0,856.0,808.0,814.0,874846,0.0,0.0
2012-11-27 00:00:00+09:00,814.0,858.0,796.0,832.0,979311,0.0,0.0
2012-11-28 00:00:00+09:00,830.0,850.0,800.0,800.0,494564,0.0,0.0
2012-11-29 00:00:00+09:00,810.0,894.0,800.0,854.0,1997242,0.0,0.0
2012-11-30 00:00:00+09:00,890.0,918.0,838.0,840.0,1797240,0.0,0.0
2012-12-03 00:00:00+09:00,832.0,864.0,822.0,840.0,717036,0.0,0.0
2012-12-04 00:00:00+09:00,834.0,874.0,828.0,858.0,1163430,0.0,0.0
2012-12-05 00:00:00+09:00,860.0,876.0,836.0,844.0,1094064,0.0,0.0
2012-12-06 00:00:00+09:00,840.0,864.0,780.0,792.0,1461509,0.0,0.0
2012-12-07 00:00:00+09:00,804.0,804.0,766.0,778.0,942589,0.0,0.0
2012-12-10 00:00:00+09:00,778.0,782.0,766.0,776.0,419599,0.0,0.0
2012-12-11 00:00:00+09:00,780.0,784.0,754.0,760.0,553884,0.0,0.0
2012-12-12 00:00:00+09:00,750.0,800.0,750.0,770.0,679766,0.0,0.0
2012-12-13 00:00:00+09:00,760.0,840.0,760.0,784.0,1900778,0.0,0.0
2012-12-14 00:00:00+09:00,792.0,828.0,780.0,786.0,878694,0.0,0.0
2012-12-17 00:00:00+09:00,786.0,806.0,784.0,784.0,482820,0.0,0.0
2012-12-18 00:00:00+09:00,780.0,830.0,768.0,780.0,1114483,0.0,0.0
2012-12-20 00:00:00+09:00,780.0,796.0,766.0,772.0,551705,0.0,0.0
2012-12-21 00:00:00+09:00,776.0,786.0,766.0,770.0,491436,0.0,0.0
2012-12-24 00:00:00+09:00,770.0,790.0,764.0,780.0,510601,0.0,0.0
2012-12-26 00:00:00+09:00,820.0,848.0,778.0,778.0,1975701,0.0,0.0
2012-12-27 00:00:00+09:00,776.0,790.0,772.0,786.0,563910,0.0,0.0
2012-12-28 00:00:00+09:00,800.0,818.0,786.0,792.0,482704,0.0,0.0
2013-01-02 00:00:00+09:00,794.0,804.0,790.0,798.0,623816,0.0,0.0
2013-01-03 00:00:00+09:00,802.0,828.0,790.0,820.0,1205993,0.0,0.0
2013-01-04 00:00:00+09:00,822.0,838.0,814.0,826.0,726092,0.0,0.0
2013-01-07 00:00:00+09:00,836.0,848.0,810.0,810.0,688968,0.0,0.0
2013-01-08 00:00:00+09:00,816.0,828.0,792.0,806.0,994582,0.0,0.0
2013-01-09 00:00:00+09:00,814.0,816.0,800.0,806.0,532365,0.0,0.0
2013-01-10 00:00:00+09:00,808.0,836.0,808.0,822.0,1319188,0.0,0.0
2013-01-11 00:00:00+09:00,824.0,828.0,796.0,804.0,790780,0.0,0.0
2013-01-14 00:00:00+09:00,804.0,808.0,792.0,794.0,478467,0.0,0.0
2013-01-15 00:00:00+09:00,796.0,812.0,792.0,804.0,491599,0.0,0.0
2013-01-16 00:00:00+09:00,810.0,818.0,794.0,794.0,679254,0.0,0.0
2013-01-17 00:00:00+09:00,792.0,802.0,776.0,786.0,899133,0.0,0.0
2013-01-18 00:00:00+09:00,786.0,814.0,780.0,810.0,1273367,0.0,0.0
2013-01-21 00:00:00+09:00,810.0,822.0,802.0,818.0,1413137,0.0,0.0
2013-01-22 00:00:00+09:00,814.0,824.0,804.0,804.0,592580,0.0,0.0
2013-01-23 00:00:00+09:00,810.0,818.0,804.0,812.0,676701,0.0,0.0
2013-01-24 00:00:00+09:00,808.0,864.0,804.0,814.0,2543123,0.0,0.0
2013-01-25 00:00:00+09:00,822.0,936.0,822.0,936.0,3976937,0.0,0.0
2013-01-28 00:00:00+09:00,1044.0,1058.0,936.0,980.0,22115960,0.0,0.0
2013-01-29 00:00:00+09:00,964.0,976.0,906.0,914.0,6187795,0.0,0.0
2013-01-30 00:00:00+09:00,928.0,1020.0,912.0,974.0,13130415,0.0,0.0
2013-01-31 00:00:00+09:00,972.0,1004.0,900.0,912.0,5949935,0.0,0.0
2013-02-01 00:00:00+09:00,934.0,1048.0,924.0,946.0,10830200,0.0,0.0
2013-02-04 00:00:00+09:00,976.0,1086.0,950.0,1086.0,35817775,0.0,0.0
2013-02-05 00:00:00+09:00,1130.0,1218.0,1094.0,1164.0,33374065,0.0,0.0
2013-02-06 00:00:00+09:00,1164.0,1174.0,1100.0,1166.0,15535610,0.0,0.0
2013-02-08 00:00:00+09:00,1160.0,1160.0,1124.0,1132.0,2000637,0.0,0.0
2013-02-12 00:00:00+09:00,1126.0,1184.0,1088.0,1184.0,2824878,0.0,0.0
2013-02-13 00:00:00+09:00,1174.0,1358.0,1174.0,1300.0,4332081,0.0,0.0
2013-02-14 00:00:00+09:00,1276.0,1350.0,1218.0,1236.0,14488430,0.0,0.0
2013-02-15 00:00:00+09:00,1248.0,1250.0,1156.0,1170.0,10235505,0.0,0.0
2013-02-18 00:00:00+09:00,1170.0,1184.0,1118.0,1160.0,7412330,0.0,0.0
2013-02-19 00:00:00+09:00,1166.0,1194.0,1096.0,1114.0,10653895,0.0,0.0
2013-02-20 00:00:00+09:00,1120.0,1134.0,1094.0,1126.0,5342170,0.0,0.0
2013-02-21 00:00:00+09:00,1128.0,1144.0,1000.0,1018.0,5250350,0.0,0.0
2013-02-22 00:00:00+09:00,1048.0,1170.0,1032.0,1138.0,24493165,0.0,0.0
2013-02-25 00:00:00+09:00,1150.0,1152.0,1072.0,1100.0,4624331,0.0,0.0
2013-02-26 00:00:00+09:00,1100.0,1110.0,936.0,966.0,11758855,0.0,0.0
2013-02-27 00:00:00+09:00,1004.0,1056.0,994.0,1002.0,6766070,0.0,0.0
2013-02-28 00:00:00+09:00,1012.0,1020.0,980.0,1000.0,2585736,0.0,0.0
2013-03-04 00:00:00+09:00,1010.0,1018.0,986.0,988.0,3768589,0.0,0.0
2013-03-05 00:00:00+09:00,996.0,996.0,938.0,946.0,3801696,0.0,0.0
2013-03-06 00:00:00+09:00,946.0,966.0,920.0,952.0,4145994,0.0,0.0
2013-03-07 00:00:00+09:00,952.0,1004.0,948.0,966.0,3878381,0.0,0.0
2013-03-08 00:00:00+09:00,980.0,1016.0,934.0,990.0,5052860,0.0,0.0
2013-03-11 00:00:00+09:00,990.0,990.0,954.0,962.0,1971581,0.0,0.0
2013-03-12 00:00:00+09:00,986.0,1050.0,976.0,1012.0,5966750,0.0,0.0
2013-03-13 00:00:00+09:00,1018.0,1030.0,976.0,980.0,2209423,0.0,0.0
2013-03-14 00:00:00+09:00,988.0,990.0,948.0,962.0,1457034,0.0,0.0
2013-03-15 00:00:00+09:00,968.0,992.0,960.0,972.0,1516321,0.0,0.0
2013-03-18 00:00:00+09:00,964.0,1060.0,964.0,1030.0,8582665,0.0,0.0
2013-03-19 00:00:00+09:00,1034.0,1110.0,1020.0,1038.0,8501810,0.0,0.0
2013-03-20 00:00:00+09:00,1038.0,1042.0,998.0,1002.0,2307826,0.0,0.0
2013-03-21 00:00:00+09:00,1004.0,1078.0,996.0,1068.0,5219140,0.0,0.0
2013-03-22 00:00:00+09:00,1046.0,1068.0,1032.0,1044.0,1915139,0.0,0.0
2013-03-25 00:00:00+09:00,1048.0,1062.0,1024.0,1028.0,1218011,0.0,0.0
2013-03-26 00:00:00+09:00,1028.0,1034.0,1002.0,1004.0,1153969,0.0,0.0
2013-03-27 00:00:00+09:00,1004.0,1058.0,976.0,1010.0,3701619,0.0,0.0
2013-03-28 00:00:00+09:00,1020.0,1032.0,1002.0,1032.0,1061574,0.0,0.0
2013-03-29 00:00:00+09:00,1046.0,1080.0,1016.0,1022.0,3294723,0.0,0.0
2013-04-01 00:00:00+09:00,1028.0,1032.0,1004.0,1004.0,1249148,0.0,0.0
2013-04-02 00:00:00+09:00,1004.0,1030.0,996.0,1006.0,1618196,0.0,0.0
2013-04-03 00:00:00+09:00,1016.0,1016.0,956.0,976.0,1878792,0.0,0.0
2013-04-04 00:00:00+09:00,980.0,980.0,900.0,928.0,2260134,0.0,0.0
2013-04-05 00:00:00+09:00,930.0,948.0,880.0,894.0,1263646,0.0,0.0
2013-04-08 00:00:00+09:00,894.0,922.0,888.0,890.0,862860,0.0,0.0
2013-04-09 00:00:00+09:00,850.0,906.0,850.0,880.0,1005054,0.0,0.0
2013-04-10 00:00:00+09:00,880.0,902.0,862.0,892.0,724258,0.0,0.0
2013-04-11 00:00:00+09:00,892.0,922.0,882.0,912.0,1128247,0.0,0.0
2013-04-12 00:00:00+09:00,924.0,926.0,898.0,904.0,623943,0.0,0.0
2013-04-15 00:00:00+09:00,904.0,908.0,878.0,908.0,634157,0.0,0.0
2013-04-16 00:00:00+09:00,910.0,938.0,888.0,894.0,755161,0.0,0.0
2013-04-17 00:00:00+09:00,902.0,904.0,862.0,862.0,1222300,0.0,0.0
2013-04-18 00:00:00+09:00,852.0,946.0,842.0,890.0,3103381,0.0,0.0
2013-04-19 00:00:00+09:00,906.0,910.0,876.0,880.0,1189857,0.0,0.0
2013-04-22 00:00:00+09:00,880.0,890.0,868.0,872.0,561113,0.0,0.0
2013-04-23 00:00:00+09:00,880.0,890.0,864.0,870.0,806045,0.0,0.0
2013-04-24 00:00:00+09:00,872.0,882.0,864.0,868.0,765890,0.0,0.0
2013-04-25 00:00:00+09:00,878.0,914.0,872.0,886.0,2526311,0.0,0.0
2013-04-26 00:00:00+09:00,898.0,900.0,876.0,884.0,652779,0.0,0.0
2013-04-29 00:00:00+09:00,894.0,896.0,876.0,884.0,573959,0.0,0.0
2013-04-30 00:00:00+09:00,886.0,890.0,868.0,868.0,770607,0.0,0.0
2013-05-02 00:00:00+09:00,866.0,894.0,864.0,876.0,742867,0.0,0.0
2013-05-03 00:00:00+09:00,888.0,892.0,876.0,880.0,646857,0.0,0.0
2013-05-06 00:00:00+09:00,878.0,948.0,878.0,916.0,4526941,0.0,0.0
2013-05-07 00:00:00+09:00,916.0,926.0,902.0,902.0,1642974,0.0,0.0
2013-05-08 00:00:00+09:00,914.0,914.0,898.0,906.0,676835,0.0,0.0
2013-05-09 00:00:00+09:00,916.0,922.0,892.0,896.0,984283,0.0,0.0
2013-05-10 00:00:00+09:00,900.0,906.0,884.0,888.0,768550,0.0,0.0
2013-05-13 00:00:00+09:00,896.0,926.0,890.0,912.0,1038861,0.0,0.0
2013-05-14 00:00:00+09:00,914.0,962.0,910.0,954.0,3777967,0.0,0.0
2013-05-15 00:00:00+09:00,964.0,988.0,918.0,932.0,3497535,0.0,0.0
2013-05-16 00:00:00+09:00,942.0,950.0,920.0,928.0,941113,0.0,0.0
2013-05-20 00:00:00+09:00,936.0,968.0,918.0,950.0,1861618,0.0,0.0
2013-05-21 00:00:00+09:00,950.0,984.0,942.0,948.0,3097151,0.0,0.0
2013-05-22 00:00:00+09:00,950.0,952.0,930.0,938.0,1199405,0.0,0.0
2013-05-23 00:00:00+09:00,938.0,948.0,918.0,928.0,757927,0.0,0.0
2013-05-24 00:00:00+09:00,926.0,938.0,910.0,932.0,854094,0.0,0.0
2013-05-27 00:00:00+09:00,924.0,958.0,924.0,952.0,1310733,0.0,0.0
2013-05-28 00:00:00+09:00,956.0,978.0,940.0,946.0,1302572,0.0,0.0
2013-05-29 00:00:00+09:00,952.0,974.0,938.0,964.0,1683478,0.0,0.0
2013-05-30 00:00:00+09:00,964.0,978.0,936.0,944.0,2376633,0.0,0.0
2013-05-31 00:00:00+09:00,938.0,956.0,898.0,910.0,2043774,0.0,0.0
2013-06-03 00:00:00+09:00,912.0,918.0,892.0,902.0,1051459,0.0,0.0
2013-06-04 00:00:00+09:00,898.0,898.0,850.0,856.0,2307856,0.0,0.0
2013-06-05 00:00:00+09:00,850.0,876.0,850.0,856.0,929579,0.0,0.0
2013-06-07 00:00:00+09:00,858.0,876.0,844.0,862.0,858265,0.0,0.0
2013-06-10 00:00:00+09:00,860.0,874.0,850.0,870.0,762445,0.0,0.0
2013-06-11 00:00:00+09:00,866.0,878.0,846.0,850.0,687297,0.0,0.0
2013-06-12 00:00:00+09:00,844.0,870.0,830.0,862.0,717666,0.0,0.0
2013-06-13 00:00:00+09:00,866.0,870.0,842.0,844.0,540524,0.0,0.0
2013-06-14 00:00:00+09:00,848.0,854.0,812.0,812.0,805736,0.0,0.0
2013-06-17 00:00:00+09:00,812.0,816.0,780.0,786.0,919342,0.0,0.0
2013-06-18 00:00:00+09:00,788.0,826.0,772.0,810.0,884746,0.0,0.0
2013-06-19 00:00:00+09:00,810.0,826.0,794.0,806.0,296156,0.0,0.0
2013-06-20 00:00:00+09:00,806.0,812.0,772.0,784.0,605569,0.0,0.0
2013-06-21 00:00:00+09:00,770.0,776.0,744.0,776.0,532953,0.0,0.0
2013-06-24 00:00:00+09:00,764.0,794.0,764.0,774.0,349811,0.0,0.0
2013-06-25 00:00:00+09:00,766.0,804.0,756.0,756.0,1018458,0.0,0.0
2013-06-26 00:00:00+09:00,768.0,778.0,758.0,770.0,270605,0.0,0.0
2013-06-27 00:00:00+09:00,770.0,806.0,770.0,792.0,480034,0.0,0.0
2013-06-28 00:00:00+09:00,812.0,812.0,792.0,802.0,426546,0.0,0.0
2013-07-01 00:00:00+09:00,802.0,818.0,796.0,810.0,306561,0.0,0.0
2013-07-02 00:00:00+09:00,800.0,820.0,798.0,806.0,400460,0.0,0.0
2013-07-03 00:00:00+09:00,806.0,824.0,800.0,820.0,499569,0.0,0.0
2013-07-04 00:00:00+09:00,822.0,826.0,790.0,806.0,437985,0.0,0.0
2013-07-05 00:00:00+09:00,816.0,816.0,788.0,798.0,398090,0.0,0.0
2013-07-08 00:00:00+09:00,798.0,800.0,784.0,794.0,230891,0.0,0.0
2013-07-09 00:00:00+09:00,800.0,800.0,772.0,790.0,238083,0.0,0.0
2013-07-10 00:00:00+09:00,788.0,808.0,782.0,798.0,356164,0.0,0.0
2013-07-11 00:00:00+09:00,796.0,854.0,796.0,826.0,2138200,0.0,0.0
2013-07-12 00:00:00+09:00,828.0,920.0,822.0,844.0,4634097,0.0,0.0
2013-07-15 00:00:00+09:00,860.0,884.0,844.0,866.0,1260224,0.0,0.0
2013-07-16 00:00:00+09:00,866.0,866.0,840.0,854.0,611731,0.0,0.0
2013-07-17 00:00:00+09:00,856.0,898.0,836.0,876.0,1612122,0.0,0.0
2013-07-18 00:00:00+09:00,878.0,910.0,862.0,880.0,1643016,0.0,0.0
2013-07-19 00:00:00+09:00,876.0,894.0,860.0,872.0,650029,0.0,0.0
2013-07-22 00:00:00+09:00,864.0,876.0,838.0,844.0,671795,0.0,0.0
2013-07-23 00:00:00+09:00,846.0,852.0,802.0,822.0,330364,0.0,0.0
2013-07-24 00:00:00+09:00,820.0,896.0,820.0,874.0,2001494,0.0,0.0
2013-07-25 00:00:00+09:00,874.0,960.0,870.0,942.0,3763928,0.0,0.0
2013-07-26 00:00:00+09:00,962.0,964.0,888.0,940.0,2280864,0.0,0.0
2013-07-29 00:00:00+09:00,972.0,1080.0,940.0,956.0,19198275,0.0,0.0
2013-07-30 00:00:00+09:00,938.0,938.0,890.0,900.0,2519483,0.0,0.0
2013-07-31 00:00:00+09:00,896.0,932.0,886.0,904.0,1436888,0.0,0.0
2013-08-01 00:00:00+09:00,912.0,926.0,888.0,906.0,868961,0.0,0.0
2013-08-02 00:00:00+09:00,906.0,908.0,886.0,896.0,651835,0.0,0.0
2013-08-05 00:00:00+09:00,888.0,934.0,884.0,924.0,1282276,0.0,0.0
2013-08-06 00:00:00+09:00,920.0,1028.0,918.0,972.0,5970950,0.0,0.0
2013-08-07 00:00:00+09:00,972.0,986.0,952.0,964.0,1464574,0.0,0.0
2013-08-08 00:00:00+09:00,964.0,966.0,920.0,930.0,1378904,0.0,0.0
2013-08-09 00:00:00+09:00,930.0,942.0,912.0,938.0,666891,0.0,0.0
2013-08-12 00:00:00+09:00,936.0,958.0,910.0,912.0,891402,0.0,0.0
2013-08-13 00:00:00+09:00,906.0,942.0,900.0,938.0,1251675,0.0,0.0
2013-08-14 00:00:00+09:00,942.0,944.0,916.0,932.0,848541,0.0,0.0
2013-08-16 00:00:00+09:00,932.0,954.0,918.0,920.0,1031307,0.0,0.0
2013-08-19 00:00:00+09:00,920.0,950.0,914.0,942.0,1423650,0.0,0.0
2013-08-20 00:00:00+09:00,948.0,984.0,904.0,908.0,2900065,0.0,0.0
2013-08-21 00:00:00+09:00,908.0,946.0,886.0,928.0,1838368,0.0,0.0
2013-08-22 00:00:00+09:00,910.0,920.0,868.0,886.0,1227344,0.0,0.0
2013-08-23 00:00:00+09:00,882.0,922.0,882.0,896.0,850356,0.0,0.0
2013-08-26 00:00:00+09:00,882.0,890.0,832.0,834.0,4245404,0.0,0.0
2013-08-27 00:00:00+09:00,834.0,846.0,812.0,846.0,1413236,0.0,0.0
2013-08-28 00:00:00+09:00,832.0,850.0,820.0,820.0,869503,0.0,0.0
2013-08-29 00:00:00+09:00,818.0,844.0,816.0,822.0,655139,0.0,0.0
2013-08-30 00:00:00+09:00,826.0,838.0,818.0,826.0,639612,0.0,0.0
2013-09-02 00:00:00+09:00,836.0,842.0,820.0,838.0,702164,0.0,0.0
2013-09-03 00:00:00+09:00,842.0,842.0,828.0,830.0,453341,0.0,0.0
2013-09-04 00:00:00+09:00,834.0,884.0,826.0,852.0,2040038,0.0,0.0
2013-09-05 00:00:00+09:00,876.0,876.0,842.0,858.0,1111372,0.0,0.0
2013-09-06 00:00:00+09:00,860.0,866.0,828.0,838.0,849569,0.0,0.0
2013-09-09 00:00:00+09:00,836.0,848.0,830.0,836.0,513824,0.0,0.0
2013-09-10 00:00:00+09:00,838.0,852.0,834.0,834.0,651131,0.0,0.0
2013-09-11 00:00:00+09:00,838.0,846.0,832.0,836.0,463963,0.0,0.0
2013-09-12 00:00:00+09:00,840.0,848.0,824.0,834.0,472499,0.0,0.0
2013-09-13 00:00:00+09:00,832.0,866.0,832.0,846.0,1649919,0.0,0.0
2013-09-16 00:00:00+09:00,846.0,846.0,826.0,834.0,440592,0.0,0.0
2013-09-17 00:00:00+09:00,838.0,838.0,816.0,826.0,489266,0.0,0.0
2013-09-23 00:00:00+09:00,818.0,830.0,816.0,816.0,480136,0.0,0.0
2013-09-24 00:00:00+09:00,816.0,818.0,792.0,796.0,1010554,0.0,0.0
2013-09-25 00:00:00+09:00,798.0,828.0,794.0,812.0,951126,0.0,0.0
2013-09-26 00:00:00+09:00,806.0,816.0,804.0,806.0,317395,0.0,0.0
2013-09-27 00:00:00+09:00,820.0,828.0,806.0,812.0,419092,0.0,0.0
2013-09-30 00:00:00+09:00,824.0,828.0,804.0,814.0,438302,0.0,0.0
2013-10-01 00:00:00+09:00,816.0,816.0,788.0,802.0,418514,0.0,0.0
2013-10-02 00:00:00+09:00,802.0,810.0,792.0,798.0,350030,0.0,0.0
2013-10-04 00:00:00+09:00,800.0,804.0,790.0,792.0,324730,0.0,0.0
2013-10-07 00:00:00+09:00,794.0,818.0,794.0,798.0,385311,0.0,0.0
2013-10-08 00:00:00+09:00,796.0,804.0,758.0,774.0,1154591,0.0,0.0
2013-10-10 00:00:00+09:00,776.0,784.0,770.0,774.0,294546,0.0,0.0
2013-10-11 00:00:00+09:00,784.0,810.0,774.0,782.0,304021,0.0,0.0
2013-10-14 00:00:00+09:00,778.0,804.0,778.0,782.0,257238,0.0,0.0
2013-10-15 00:00:00+09:00,782.0,792.0,762.0,774.0,410976,0.0,0.0
2013-10-16 00:00:00+09:00,768.0,778.0,756.0,762.0,587466,0.0,0.0
2013-10-17 00:00:00+09:00,768.0,782.0,760.0,770.0,366637,0.0,0.0
2013-10-18 00:00:00+09:00,770.0,798.0,770.0,772.0,460285,0.0,0.0
2013-10-21 00:00:00+09:00,772.0,782.0,770.0,776.0,269497,0.0,0.0
2013-10-22 00:00:00+09:00,772.0,778.0,766.0,770.0,430599,0.0,0.0
2013-10-23 00:00:00+09:00,768.0,774.0,756.0,764.0,552544,0.0,0.0
2013-10-24 00:00:00+09:00,762.0,762.0,748.0,758.0,504684,0.0,0.0
2013-10-25 00:00:00+09:00,760.0,764.0,750.0,762.0,313333,0.0,0.0
2013-10-28 00:00:00+09:00,758.0,766.0,750.0,754.0,356926,0.0,0.0
2013-10-29 00:00:00+09:00,756.0,756.0,740.0,748.0,422514,0.0,0.0
2013-10-30 00:00:00+09:00,744.0,750.0,736.0,740.0,475409,0.0,0.0
2013-10-31 00:00:00+09:00,738.0,754.0,728.0,744.0,315675,0.0,0.0
2013-11-01 00:00:00+09:00,744.0,854.0,738.0,760.0,10531020,0.0,0.0
2013-11-04 00:00:00+09:00,798.0,804.0,770.0,782.0,1689789,0.0,0.0
2013-11-05 00:00:00+09:00,780.0,786.0,716.0,716.0,955708,0.0,0.0
2013-11-06 00:00:00+09:00,730.0,754.0,710.0,728.0,1361562,0.0,0.0
2013-11-07 00:00:00+09:00,728.0,734.0,718.0,724.0,413909,0.0,0.0
2013-11-08 00:00:00+09:00,724.0,738.0,716.0,736.0,462684,0.0,0.0
2013-11-11 00:00:00+09:00,748.0,748.0,714.0,716.0,513350,0.0,0.0
2013-11-12 00:00:00+09:00,720.0,728.0,704.0,708.0,589061,0.0,0.0
2013-11-13 00:00:00+09:00,710.0,720.0,702.0,702.0,361852,0.0,0.0
2013-11-14 00:00:00+09:00,708.0,726.0,702.0,722.0,391101,0.0,0.0
2013-11-15 00:00:00+09:00,718.0,730.0,704.0,708.0,315833,0.0,0.0
2013-11-18 00:00:00+09:00,712.0,714.0,700.0,702.0,271679,0.0,0.0
2013-11-19 00:00:00+09:00,700.0,710.0,676.0,688.0,586951,0.0,0.0
2013-11-20 00:00:00+09:00,682.0,694.0,676.0,680.0,258893,0.0,0.0
2013-11-21 00:00:00+09:00,680.0,688.0,674.0,676.0,262341,0.0,0.0
2013-11-22 00:00:00+09:00,688.0,688.0,672.0,684.0,311791,0.0,0.0
2013-11-25 00:00:00+09:00,684.0,700.0,680.0,690.0,374652,0.0,0.0
2013-11-26 00:00:00+09:00,692.0,704.0,686.0,694.0,235933,0.0,0.0
2013-11-27 00:00:00+09:00,694.0,698.0,680.0,690.0,189488,0.0,0.0
2013-11-28 00:00:00+09:00,690.0,698.0,686.0,698.0,192687,0.0,0.0
2013-11-29 00:00:00+09:00,696.0,702.0,688.0,696.0,236973,0.0,0.0
2013-12-02 00:00:00+09:00,692.0,762.0,692.0,726.0,1885345,0.0,0.0
2013-12-03 00:00:00+09:00,720.0,734.0,706.0,724.0,427235,0.0,0.0
2013-12-04 00:00:00+09:00,720.0,730.0,704.0,708.0,268457,0.0,0.0
2013-12-05 00:00:00+09:00,706.0,714.0,690.0,696.0,383861,0.0,0.0
2013-12-06 00:00:00+09:00,700.0,744.0,692.0,718.0,624811,0.0,0.0
2013-12-09 00:00:00+09:00,716.0,742.0,706.0,724.0,571124,0.0,0.0
2013-12-10 00:00:00+09:00,734.0,754.0,716.0,722.0,1164130,0.0,0.0
2013-12-11 00:00:00+09:00,712.0,720.0,700.0,702.0,392280,0.0,0.0
2013-12-12 00:00:00+09:00,696.0,710.0,692.0,694.0,290753,0.0,0.0
2013-12-13 00:00:00+09:00,692.0,698.0,680.0,690.0,259624,0.0,0.0
2013-12-16 00:00:00+09:00,682.0,690.0,636.0,656.0,767308,0.0,0.0
2013-12-17 00:00:00+09:00,664.0,672.0,642.0,642.0,228884,0.0,0.0
2013-12-18 00:00:00+09:00,640.0,652.0,594.0,602.0,1227028,0.0,0.0
2013-12-19 00:00:00+09:00,610.0,624.0,600.0,606.0,404720,0.0,0.0
2013-12-20 00:00:00+09:00,600.0,608.0,596.0,600.0,355879,0.0,0.0
2013-12-23 00:00:00+09:00,600.0,620.0,598.0,610.0,397118,0.0,0.0
2013-12-24 00:00:00+09:00,612.0,636.0,606.0,610.0,406418,0.0,0.0
2013-12-26 00:00:00+09:00,616.0,650.0,606.0,624.0,611237,0.0,0.0
2013-12-27 00:00:00+09:00,624.0,636.0,612.0,624.0,295268,0.0,0.0
2013-12-30 00:00:00+09:00,632.0,638.0,614.0,638.0,174759,0.0,0.0
2014-01-02 00:00:00+09:00,636.0,638.0,624.0,626.0,158525,0.0,0.0
2014-01-03 00:00:00+09:00,620.0,638.0,618.0,634.0,203855,0.0,0.0
2014-01-06 00:00:00+09:00,642.0,642.0,624.0,628.0,155714,0.0,0.0
2014-01-07 00:00:00+09:00,630.0,642.0,626.0,638.0,216528,0.0,0.0
2014-01-08 00:00:00+09:00,648.0,648.0,638.0,644.0,194085,0.0,0.0
2014-01-09 00:00:00+09:00,650.0,662.0,644.0,644.0,470206,0.0,0.0
2014-01-10 00:00:00+09:00,648.0,650.0,628.0,636.0,429011,0.0,0.0
2014-01-13 00:00:00+09:00,636.0,642.0,630.0,638.0,122455,0.0,0.0
2014-01-14 00:00:00+09:00,640.0,646.0,630.0,636.0,222134,0.0,0.0
2014-01-15 00:00:00+09:00,636.0,646.0,632.0,638.0,203428,0.0,0.0
2014-01-16 00:00:00+09:00,644.0,644.0,624.0,632.0,238018,0.0,0.0
2014-01-17 00:00:00+09:00,632.0,632.0,624.0,626.0,235663,0.0,0.0
2014-01-20 00:00:00+09:00,628.0,630.0,620.0,622.0,150080,0.0,0.0
2014-01-21 00:00:00+09:00,622.0,626.0,610.0,620.0,330756,0.0,0.0
2014-01-22 00:00:00+09:00,620.0,630.0,614.0,628.0,281604,0.0,0.0
2014-01-23 00:00:00+09:00,632.0,632.0,622.0,630.0,266701,0.0,0.0
2014-01-24 00:00:00+09:00,630.0,632.0,610.0,616.0,197066,0.0,0.0
2014-01-27 00:00:00+09:00,624.0,624.0,604.0,608.0,176846,0.0,0.0
2014-01-28 00:00:00+09:00,610.0,612.0,600.0,610.0,162197,0.0,0.0
2014-01-29 00:00:00+09:00,606.0,616.0,604.0,614.0,101663,0.0,0.0
2014-02-03 00:00:00+09:00,618.0,618.0,596.0,602.0,309870,0.0,0.0
2014-02-04 00:00:00+09:00,600.0,612.0,594.0,602.0,365945,0.0,0.0
2014-02-05 00:00:00+09:00,642.0,680.0,610.0,624.0,1369886,0.0,0.0
2014-02-06 00:00:00+09:00,624.0,628.0,610.0,620.0,402975,0.0,0.0
2014-02-07 00:00:00+09:00,624.0,636.0,618.0,620.0,163191,0.0,0.0
2014-02-10 00:00:00+09:00,622.0,632.0,620.0,630.0,261215,0.0,0.0
2014-02-11 00:00:00+09:00,622.0,630.0,618.0,618.0,163308,0.0,0.0
2014-02-12 00:00:00+09:00,618.0,634.0,614.0,620.0,155887,0.0,0.0
2014-02-13 00:00:00+09:00,626.0,632.0,622.0,624.0,213841,0.0,0.0
2014-02-14 00:00:00+09:00,626.0,632.0,616.0,624.0,129994,0.0,0.0
2014-02-17 00:00:00+09:00,624.0,630.0,620.0,626.0,151139,0.0,0.0
2014-02-18 00:00:00+09:00,624.0,628.0,608.0,616.0,179888,0.0,0.0
2014-02-19 00:00:00+09:00,620.0,622.0,614.0,618.0,134277,0.0,0.0
2014-02-20 00:00:00+09:00,616.0,620.0,612.0,614.0,216586,0.0,0.0
2014-02-21 00:00:00+09:00,616.0,620.0,612.0,616.0,229729,0.0,0.0
2014-02-24 00:00:00+09:00,616.0,620.0,608.0,612.0,222827,0.0,0.0
2014-02-25 00:00:00+09:00,616.0,624.0,614.0,622.0,136012,0.0,0.0
2014-02-26 00:00:00+09:00,624.0,626.0,618.0,620.0,328150,0.0,0.0
2014-02-27 00:00:00+09:00,630.0,632.0,616.0,630.0,212128,0.0,0.0
2014-02-28 00:00:00+09:00,628.0,696.0,628.0,650.0,3463326,0.0,0.0
2014-03-03 00:00:00+09:00,650.0,650.0,622.0,628.0,456827,0.0,0.0
2014-03-04 00:00:00+09:00,632.0,648.0,626.0,638.0,668203,0.0,0.0
2014-03-05 00:00:00+09:00,638.0,654.0,636.0,642.0,249396,0.0,0.0
2014-03-06 00:00:00+09:00,644.0,650.0,640.0,650.0,743579,0.0,0.0
2014-03-07 00:00:00+09:00,656.0,714.0,654.0,678.0,3547094,0.0,0.0
2014-03-10 00:00:00+09:00,670.0,686.0,658.0,668.0,735781,0.0,0.0
2014-03-11 00:00:00+09:00,664.0,672.0,644.0,644.0,1078899,0.0,0.0
2014-03-12 00:00:00+09:00,650.0,658.0,636.0,640.0,931543,0.0,0.0
2014-03-13 00:00:00+09:00,642.0,650.0,630.0,642.0,530777,0.0,0.0
2014-03-14 00:00:00+09:00,638.0,644.0,628.0,632.0,251011,0.0,0.0
2014-03-17 00:00:00+09:00,660.0,682.0,638.0,644.0,1017196,0.0,0.0
2014-03-18 00:00:00+09:00,650.0,678.0,636.0,644.0,763549,0.0,0.0
2014-03-19 00:00:00+09:00,644.0,660.0,636.0,640.0,308718,0.0,0.0
2014-03-20 00:00:00+09:00,640.0,646.0,630.0,630.0,260295,0.0,0.0
2014-03-21 00:00:00+09:00,628.0,656.0,628.0,638.0,863493,0.0,0.0
2014-03-24 00:00:00+09:00,640.0,650.0,634.0,640.0,361698,0.0,0.0
2014-03-25 00:00:00+09:00,646.0,646.0,632.0,632.0,224515,0.0,0.0
2014-03-26 00:00:00+09:00,636.0,640.0,632.0,636.0,193018,0.0,0.0
2014-03-27 00:00:00+09:00,636.0,644.0,632.0,632.0,292971,0.0,0.0
2014-03-28 00:00:00+09:00,634.0,644.0,632.0,644.0,310595,0.0,0.0
2014-03-31 00:00:00+09:00,646.0,662.0,642.0,648.0,263453,0.0,0.0
2014-04-01 00:00:00+09:00,648.0,656.0,636.0,642.0,279599,0.0,0.0
2014-04-02 00:00:00+09:00,642.0,648.0,634.0,642.0,180366,0.0,0.0
2014-04-03 00:00:00+09:00,644.0,650.0,634.0,644.0,281075,0.0,0.0
2014-04-04 00:00:00+09:00,640.0,646.0,634.0,640.0,196327,0.0,0.0
2014-04-07 00:00:00+09:00,640.0,646.0,638.0,646.0,198326,0.0,0.0
2014-04-08 00:00:00+09:00,642.0,654.0,642.0,646.0,268635,0.0,0.0
2014-04-09 00:00:00+09:00,650.0,654.0,646.0,652.0,389712,0.0,0.0
2014-04-10 00:00:00+09:00,656.0,666.0,648.0,660.0,526155,0.0,0.0
2014-04-11 00:00:00+09:00,652.0,660.0,646.0,646.0,263091,0.0,0.0
2014-04-14 00:00:00+09:00,646.0,652.0,640.0,646.0,198152,0.0,0.0
2014-04-15 00:00:00+09:00,646.0,654.0,646.0,652.0,173614,0.0,0.0
2014-04-16 00:00:00+09:00,654.0,654.0,644.0,648.0,189601,0.0,0.0
2014-04-17 00:00:00+09:00,648.0,654.0,642.0,652.0,263086,0.0,0.0
2014-04-18 00:00:00+09:00,658.0,666.0,650.0,656.0,367764,0.0,0.0
2014-04-21 00:00:00+09:00,660.0,668.0,650.0,658.0,150948,0.0,0.0
2014-04-22 00:00:00+09:00,658.0,658.0,650.0,656.0,177660,0.0,0.0
2014-04-23 00:00:00+09:00,666.0,720.0,660.0,664.0,3554289,0.0,0.0
2014-04-24 00:00:00+09:00,670.0,674.0,642.0,656.0,578567,0.0,0.0
2014-04-25 00:00:00+09:00,654.0,664.0,634.0,642.0,376215,0.0,0.0
2014-04-28 00:00:00+09:00,636.0,646.0,624.0,626.0,431573,0.0,0.0
2014-04-29 00:00:00+09:00,626.0,632.0,614.0,620.0,448876,0.0,0.0
2014-04-30 00:00:00+09:00,620.0,634.0,618.0,628.0,187865,0.0,0.0
2014-05-02 00:00:00+09:00,630.0,632.0,620.0,622.0,163477,0.0,0.0
2014-05-07 00:00:00+09:00,624.0,638.0,622.0,626.0,166255,0.0,0.0
2014-05-08 00:00:00+09:00,628.0,634.0,608.0,616.0,402302,0.0,0.0
2014-05-09 00:00:00+09:00,614.0,626.0,610.0,620.0,164945,0.0,0.0
2014-05-12 00:00:00+09:00,620.0,628.0,618.0,628.0,294881,0.0,0.0
2014-05-13 00:00:00+09:00,630.0,634.0,624.0,632.0,290806,0.0,0.0
2014-05-14 00:00:00+09:00,628.0,684.0,626.0,658.0,1363038,0.0,0.0
2014-05-15 00:00:00+09:00,670.0,670.0,646.0,656.0,333611,0.0,0.0
2014-05-16 00:00:00+09:00,698.0,748.0,680.0,686.0,3109051,0.0,0.0
2014-05-19 00:00:00+09:00,680.0,688.0,660.0,668.0,521794,0.0,0.0
2014-05-20 00:00:00+09:00,668.0,670.0,646.0,646.0,436012,0.0,0.0
2014-05-21 00:00:00+09:00,656.0,662.0,636.0,656.0,390064,0.0,0.0
2014-05-22 00:00:00+09:00,652.0,672.0,652.0,658.0,221948,0.0,0.0
2014-05-23 00:00:00+09:00,660.0,664.0,648.0,658.0,137562,0.0,0.0
2014-05-26 00:00:00+09:00,670.0,690.0,656.0,660.0,760800,0.0,0.0
2014-05-27 00:00:00+09:00,664.0,758.0,652.0,758.0,10020305,0.0,0.0
2014-05-28 00:00:00+09:00,760.0,766.0,670.0,672.0,7200305,0.0,0.0
2014-05-29 00:00:00+09:00,672.0,686.0,660.0,666.0,1218869,0.0,0.0
2014-05-30 00:00:00+09:00,668.0,678.0,652.0,670.0,749148,0.0,0.0
2014-06-02 00:00:00+09:00,670.0,674.0,650.0,652.0,506205,0.0,0.0
2014-06-03 00:00:00+09:00,654.0,658.0,640.0,646.0,335281,0.0,0.0
2014-06-05 00:00:00+09:00,644.0,650.0,636.0,640.0,206870,0.0,0.0
2014-06-09 00:00:00+09:00,636.0,644.0,632.0,638.0,248569,0.0,0.0
2014-06-10 00:00:00+09:00,638.0,654.0,636.0,648.0,208053,0.0,0.0
2014-06-11 00:00:00+09:00,648.0,654.0,642.0,654.0,129153,0.0,0.0
2014-06-12 00:00:00+09:00,654.0,660.0,642.0,652.0,134816,0.0,0.0
2014-06-13 00:00:00+09:00,652.0,654.0,638.0,642.0,194302,0.0,0.0
2014-06-16 00:00:00+09:00,640.0,656.0,636.0,652.0,243902,0.0,0.0
2014-06-17 00:00:00+09:00,652.0,656.0,646.0,646.0,126873,0.0,0.0
2014-06-18 00:00:00+09:00,648.0,674.0,648.0,660.0,504338,0.0,0.0
2014-06-19 00:00:00+09:00,670.0,672.0,656.0,664.0,229007,0.0,0.0
2014-06-20 00:00:00+09:00,662.0,662.0,648.0,656.0,169727,0.0,0.0
2014-06-23 00:00:00+09:00,652.0,656.0,634.0,636.0,235477,0.0,0.0
2014-06-24 00:00:00+09:00,644.0,646.0,626.0,630.0,232782,0.0,0.0
2014-06-25 00:00:00+09:00,628.0,666.0,624.0,630.0,985605,0.0,0.0
2014-06-26 00:00:00+09:00,640.0,640.0,620.0,622.0,547800,0.0,0.0
2014-06-27 00:00:00+09:00,626.0,634.0,620.0,626.0,203978,0.0,0.0
2014-06-30 00:00:00+09:00,628.0,636.0,616.0,626.0,308867,0.0,0.0
2014-07-01 00:00:00+09:00,628.0,642.0,628.0,642.0,249380,0.0,0.0
2014-07-02 00:00:00+09:00,644.0,644.0,630.0,636.0,288269,0.0,0.0
2014-07-03 00:00:00+09:00,642.0,650.0,636.0,638.0,209997,0.0,0.0
2014-07-04 00:00:00+09:00,650.0,654.0,636.0,636.0,171335,0.0,0.0
2014-07-07 00:00:00+09:00,636.0,642.0,630.0,632.0,163788,0.0,0.0
2014-07-08 00:00:00+09:00,632.0,650.0,630.0,634.0,233601,0.0,0.0
2014-07-09 00:00:00+09:00,634.0,644.0,632.0,634.0,157086,0.0,0.0
2014-07-10 00:00:00+09:00,638.0,642.0,634.0,638.0,157133,0.0,0.0
2014-07-11 00:00:00+09:00,638.0,648.0,626.0,634.0,395316,0.0,0.0
2014-07-14 00:00:00+09:00,636.0,646.0,630.0,634.0,366899,0.0,0.0
2014-07-15 00:00:00+09:00,638.0,640.0,624.0,634.0,345766,0.0,0.0
2014-07-16 00:00:00+09:00,628.0,634.0,622.0,624.0,395247,0.0,0.0
2014-07-17 00:00:00+09:00,626.0,630.0,622.0,626.0,281153,0.0,0.0
2014-07-18 00:00:00+09:00,628.0,632.0,624.0,626.0,190988,0.0,0.0
2014-07-21 00:00:00+09:00,630.0,634.0,626.0,628.0,213830,0.0,0.0
2014-07-22 00:00:00+09:00,628.0,644.0,626.0,642.0,402493,0.0,0.0
2014-07-23 00:00:00+09:00,642.0,658.0,638.0,644.0,356785,0.0,0.0
2014-07-24 00:00:00+09:00,644.0,688.0,636.0,644.0,1431217,0.0,0.0
2014-07-25 00:00:00+09:00,644.0,656.0,638.0,656.0,454625,0.0,0.0
2014-07-28 00:00:00+09:00,652.0,656.0,642.0,652.0,232883,0.0,0.0
2014-07-29 00:00:00+09:00,650.0,660.0,630.0,632.0,304796,0.0,0.0
2014-07-30 00:00:00+09:00,634.0,640.0,632.0,636.0,132369,0.0,0.0
2014-07-31 00:00:00+09:00,634.0,642.0,626.0,640.0,332204,0.0,0.0
2014-08-01 00:00:00+09:00,634.0,650.0,626.0,648.0,357683,0.0,0.0
2014-08-04 00:00:00+09:00,648.0,712.0,648.0,690.0,4036006,0.0,0.0
2014-08-05 00:00:00+09:00,696.0,704.0,666.0,672.0,1885818,0.0,0.0
2014-08-06 00:00:00+09:00,670.0,682.0,650.0,650.0,859417,0.0,0.0
2014-08-07 00:00:00+09:00,654.0,668.0,646.0,660.0,425768,0.0,0.0
2014-08-08 00:00:00+09:00,660.0,666.0,642.0,650.0,376894,0.0,0.0
2014-08-11 00:00:00+09:00,650.0,666.0,646.0,660.0,618447,0.0,0.0
2014-08-12 00:00:00+09:00,660.0,664.0,646.0,652.0,525252,0.0,0.0
2014-08-13 00:00:00+09:00,652.0,668.0,652.0,654.0,432546,0.0,0.0
2014-08-14 00:00:00+09:00,660.0,664.0,646.0,664.0,360840,0.0,0.0
2014-08-18 00:00:00+09:00,666.0,702.0,664.0,682.0,1775088,0.0,0.0
2014-08-19 00:00:00+09:00,680.0,686.0,668.0,676.0,471827,0.0,0.0
2014-08-20 00:00:00+09:00,676.0,696.0,672.0,676.0,569293,0.0,0.0
2014-08-21 00:00:00+09:00,680.0,682.0,668.0,668.0,360266,0.0,0.0
2014-08-22 00:00:00+09:00,674.0,682.0,664.0,680.0,451146,0.0,0.0
2014-08-25 00:00:00+09:00,690.0,690.0,662.0,666.0,471790,0.0,0.0
2014-08-26 00:00:00+09:00,668.0,668.0,652.0,664.0,418719,0.0,0.0
2014-08-27 00:00:00+09:00,666.0,670.0,654.0,660.0,383227,0.0,0.0
2014-08-28 00:00:00+09:00,658.0,686.0,656.0,680.0,683387,0.0,0.0
2014-08-29 00:00:00+09:00,674.0,688.0,674.0,682.0,281067,0.0,0.0
2014-09-01 00:00:00+09:00,684.0,684.0,664.0,666.0,292077,0.0,0.0
2014-09-02 00:00:00+09:00,664.0,668.0,650.0,660.0,206772,0.0,0.0
2014-09-03 00:00:00+09:00,666.0,702.0,658.0,674.0,909051,0.0,0.0
2014-09-04 00:00:00+09:00,682.0,704.0,682.0,686.0,498501,0.0,0.0
2014-09-05 00:00:00+09:00,692.0,700.0,680.0,692.0,550808,0.0,0.0
2014-09-11 00:00:00+09:00,694.0,756.0,692.0,724.0,2183033,0.0,0.0
2014-09-12 00:00:00+09:00,724.0,744.0,710.0,726.0,782657,0.0,0.0
2014-09-15 00:00:00+09:00,718.0,754.0,718.0,746.0,695337,0.0,0.0
2014-09-16 00:00:00+09:00,756.0,756.0,730.0,738.0,540853,0.0,0.0
2014-09-17 00:00:00+09:00,740.0,804.0,732.0,734.0,3227980,0.0,0.0
2014-09-18 00:00:00+09:00,736.0,746.0,726.0,742.0,482424,0.0,0.0
2014-09-19 00:00:00+09:00,742.0,750.0,726.0,730.0,571530,0.0,0.0
2014-09-22 00:00:00+09:00,726.0,758.0,712.0,750.0,1002110,0.0,0.0
2014-09-23 00:00:00+09:00,760.0,836.0,742.0,772.0,3679363,0.0,0.0
2014-09-24 00:00:00+09:00,768.0,816.0,768.0,800.0,1083135,0.0,0.0
2014-09-25 00:00:00+09:00,810.0,812.0,780.0,790.0,588013,0.0,0.0
2014-09-26 00:00:00+09:00,780.0,800.0,756.0,790.0,554269,0.0,0.0
2014-09-29 00:00:00+09:00,786.0,826.0,776.0,790.0,1190520,0.0,0.0
2014-09-30 00:00:00+09:00,790.0,810.0,780.0,784.0,513453,0.0,0.0
2014-10-01 00:00:00+09:00,784.0,792.0,754.0,764.0,918565,0.0,0.0
2014-10-02 00:00:00+09:00,762.0,766.0,730.0,760.0,642966,0.0,0.0
2014-10-06 00:00:00+09:00,760.0,784.0,744.0,754.0,402567,0.0,0.0
2014-10-07 00:00:00+09:00,750.0,762.0,728.0,730.0,631597,0.0,0.0
2014-10-08 00:00:00+09:00,722.0,742.0,718.0,728.0,479364,0.0,0.0
2014-10-10 00:00:00+09:00,738.0,738.0,698.0,708.0,552834,0.0,0.0
2014-10-13 00:00:00+09:00,698.0,710.0,670.0,690.0,597908,0.0,0.0
2014-10-14 00:00:00+09:00,674.0,708.0,674.0,708.0,278342,0.0,0.0
2014-10-15 00:00:00+09:00,700.0,724.0,700.0,708.0,249536,0.0,0.0
2014-10-16 00:00:00+09:00,692.0,734.0,692.0,712.0,301617,0.0,0.0
2014-10-17 00:00:00+09:00,722.0,750.0,710.0,714.0,760586,0.0,0.0
2014-10-20 00:00:00+09:00,754.0,820.0,754.0,820.0,2400510,0.0,0.0
2014-10-21 00:00:00+09:00,900.0,938.0,808.0,848.0,9609735,0.0,0.0
2014-10-22 00:00:00+09:00,866.0,874.0,812.0,830.0,3095657,0.0,0.0
2014-10-23 00:00:00+09:00,810.0,846.0,810.0,826.0,1921038,0.0,0.0
2014-10-24 00:00:00+09:00,826.0,860.0,820.0,820.0,2171726,0.0,0.0
2014-10-27 00:00:00+09:00,810.0,814.0,766.0,772.0,1798694,0.0,0.0
2014-10-28 00:00:00+09:00,796.0,852.0,772.0,808.0,4697278,0.0,0.0
2014-10-29 00:00:00+09:00,820.0,824.0,786.0,798.0,1063966,0.0,0.0
2014-10-30 00:00:00+09:00,800.0,810.0,776.0,798.0,1105115,0.0,0.0
2014-10-31 00:00:00+09:00,810.0,814.0,788.0,806.0,620181,0.0,0.0
2014-11-03 00:00:00+09:00,806.0,818.0,800.0,808.0,566148,0.0,0.0
2014-11-04 00:00:00+09:00,814.0,816.0,776.0,806.0,778356,0.0,0.0
2014-11-05 00:00:00+09:00,804.0,806.0,788.0,794.0,322820,0.0,0.0
2014-11-06 00:00:00+09:00,784.0,796.0,774.0,780.0,482187,0.0,0.0
2014-11-07 00:00:00+09:00,780.0,812.0,780.0,796.0,318224,0.0,0.0
2014-11-10 00:00:00+09:00,798.0,862.0,798.0,836.0,2101221,0.0,0.0
2014-11-11 00:00:00+09:00,830.0,840.0,778.0,802.0,1072037,0.0,0.0
2014-11-12 00:00:00+09:00,820.0,840.0,804.0,830.0,824217,0.0,0.0
2014-11-13 00:00:00+09:00,826.0,846.0,820.0,832.0,511250,0.0,0.0
2014-11-14 00:00:00+09:00,844.0,850.0,800.0,818.0,836473,0.0,0.0
2014-11-17 00:00:00+09:00,822.0,822.0,782.0,784.0,860338,0.0,0.0
2014-11-18 00:00:00+09:00,790.0,790.0,756.0,768.0,692455,0.0,0.0
2014-11-19 00:00:00+09:00,768.0,798.0,768.0,780.0,396717,0.0,0.0
2014-11-20 00:00:00+09:00,782.0,794.0,770.0,782.0,250130,0.0,0.0
2014-11-21 00:00:00+09:00,778.0,790.0,776.0,778.0,458893,0.0,0.0
2014-11-24 00:00:00+09:00,782.0,786.0,746.0,754.0,713810,0.0,0.0
2014-11-25 00:00:00+09:00,762.0,770.0,752.0,760.0,455981,0.0,0.0
2014-11-26 00:00:00+09:00,758.0,778.0,754.0,758.0,312954,0.0,0.0
2014-11-27 00:00:00+09:00,760.0,770.0,732.0,762.0,539882,0.0,0.0
2014-11-28 00:00:00+09:00,764.0,766.0,744.0,758.0,370166,0.0,0.0
2014-12-01 00:00:00+09:00,746.0,760.0,740.0,758.0,311619,0.0,0.0
2014-12-02 00:00:00+09:00,730.0,770.0,720.0,770.0,471084,0.0,0.0
2014-12-03 00:00:00+09:00,770.0,802.0,756.0,782.0,698415,0.0,0.0
2014-12-04 00:00:00+09:00,796.0,804.0,770.0,770.0,368837,0.0,0.0
2014-12-05 00:00:00+09:00,776.0,776.0,734.0,742.0,644562,0.0,0.0
2014-12-08 00:00:00+09:00,742.0,754.0,724.0,738.0,336747,0.0,0.0
2014-12-09 00:00:00+09:00,734.0,746.0,726.0,738.0,221369,0.0,0.0
2014-12-10 00:00:00+09:00,724.0,742.0,720.0,724.0,439772,0.0,0.0
2014-12-11 00:00:00+09:00,724.0,734.0,718.0,722.0,243002,0.0,0.0
2014-12-12 00:00:00+09:00,722.0,728.0,694.0,694.0,464410,0.0,0.0
2014-12-15 00:00:00+09:00,694.0,708.0,666.0,676.0,776727,0.0,0.0
2014-12-16 00:00:00+09:00,668.0,694.0,668.0,686.0,411979,0.0,0.0
2014-12-17 00:00:00+09:00,696.0,696.0,674.0,686.0,244133,0.0,0.0
2014-12-18 00:00:00+09:00,682.0,690.0,674.0,682.0,306190,0.0,0.0
2014-12-19 00:00:00+09:00,678.0,702.0,676.0,698.0,226205,0.0,0.0
2014-12-22 00:00:00+09:00,696.0,706.0,684.0,702.0,176531,0.0,0.0
2014-12-23 00:00:00+09:00,702.0,704.0,676.0,704.0,315315,0.0,0.0
2014-12-24 00:00:00+09:00,700.0,706.0,680.0,698.0,226431,0.0,0.0
2014-12-26 00:00:00+09:00,696.0,698.0,682.0,682.0,175303,0.0,0.0
2014-12-29 00:00:00+09:00,682.0,692.0,676.0,678.0,125214,0.0,0.0
2014-12-30 00:00:00+09:00,678.0,692.0,668.0,682.0,231406,0.0,0.0
2015-01-02 00:00:00+09:00,680.0,712.0,680.0,684.0,195690,0.0,0.0
2015-01-05 00:00:00+09:00,680.0,700.0,676.0,694.0,205150,0.0,0.0
2015-01-06 00:00:00+09:00,694.0,696.0,678.0,692.0,161766,0.0,0.0
2015-01-07 00:00:00+09:00,698.0,698.0,676.0,680.0,249727,0.0,0.0
2015-01-08 00:00:00+09:00,680.0,682.0,662.0,670.0,377157,0.0,0.0
2015-01-09 00:00:00+09:00,674.0,682.0,668.0,680.0,166536,0.0,0.0
2015-01-12 00:00:00+09:00,674.0,686.0,672.0,678.0,208679,0.0,0.0
2015-01-13 00:00:00+09:00,680.0,682.0,672.0,680.0,272974,0.0,0.0
2015-01-14 00:00:00+09:00,682.0,682.0,664.0,674.0,282000,0.0,0.0
2015-01-15 00:00:00+09:00,672.0,688.0,672.0,684.0,211703,0.0,0.0
2015-01-16 00:00:00+09:00,684.0,688.0,674.0,676.0,266072,0.0,0.0
2015-01-19 00:00:00+09:00,674.0,680.0,658.0,660.0,521042,0.0,0.0
2015-01-20 00:00:00+09:00,658.0,666.0,654.0,662.0,195180,0.0,0.0
2015-01-21 00:00:00+09:00,658.0,672.0,658.0,668.0,264120,0.0,0.0
2015-01-22 00:00:00+09:00,670.0,720.0,664.0,678.0,1290799,0.0,0.0
2015-01-23 00:00:00+09:00,678.0,698.0,672.0,692.0,319385,0.0,0.0
2015-01-26 00:00:00+09:00,686.0,708.0,680.0,702.0,376661,0.0,0.0
2015-01-27 00:00:00+09:00,702.0,708.0,684.0,686.0,337662,0.0,0.0
2015-01-28 00:00:00+09:00,682.0,710.0,682.0,702.0,391805,0.0,0.0
2015-01-29 00:00:00+09:00,706.0,716.0,694.0,700.0,362962,0.0,0.0
2015-01-30 00:00:00+09:00,700.0,732.0,696.0,706.0,745397,0.0,0.0
2015-02-02 00:00:00+09:00,706.0,710.0,690.0,690.0,212114,0.0,0.0
2015-02-03 00:00:00+09:00,688.0,702.0,680.0,682.0,317332,0.0,0.0
2015-02-04 00:00:00+09:00,680.0,698.0,676.0,686.0,244411,0.0,0.0
2015-02-05 00:00:00+09:00,692.0,708.0,688.0,704.0,303822,0.0,0.0
2015-02-06 00:00:00+09:00,708.0,714.0,696.0,708.0,241646,0.0,0.0
2015-02-09 00:00:00+09:00,708.0,710.0,688.0,692.0,300334,0.0,0.0
2015-02-10 00:00:00+09:00,688.0,694.0,686.0,688.0,167647,0.0,0.0
2015-02-11 00:00:00+09:00,690.0,702.0,688.0,692.0,184466,0.0,0.0
2015-02-12 00:00:00+09:00,698.0,700.0,680.0,684.0,218667,0.0,0.0
2015-02-13 00:00:00+09:00,686.0,694.0,678.0,688.0,188002,0.0,0.0
2015-02-16 00:00:00+09:00,692.0,700.0,684.0,690.0,287555,0.0,0.0
2015-02-17 00:00:00+09:00,696.0,696.0,678.0,686.0,278525,0.0,0.0
2015-02-23 00:00:00+09:00,682.0,692.0,674.0,682.0,181106,0.0,0.0
2015-02-24 00:00:00+09:00,680.0,702.0,680.0,702.0,424946,0.0,0.0
2015-02-25 00:00:00+09:00,698.0,706.0,692.0,696.0,261032,0.0,0.0
2015-02-26 00:00:00+09:00,702.0,786.0,692.0,748.0,2463726,0.0,0.0
2015-02-27 00:00:00+09:00,740.0,756.0,730.0,754.0,516619,0.0,0.0
2015-03-02 00:00:00+09:00,756.0,770.0,744.0,754.0,723965,0.0,0.0
2015-03-03 00:00:00+09:00,768.0,806.0,756.0,762.0,1929957,0.0,0.0
2015-03-04 00:00:00+09:00,760.0,764.0,738.0,750.0,737461,0.0,0.0
2015-03-05 00:00:00+09:00,754.0,754.0,732.0,752.0,299702,0.0,0.0
2015-03-06 00:00:00+09:00,752.0,760.0,736.0,736.0,424603,0.0,0.0
2015-03-09 00:00:00+09:00,730.0,744.0,722.0,736.0,331760,0.0,0.0
2015-03-10 00:00:00+09:00,740.0,754.0,730.0,730.0,303470,0.0,0.0
2015-03-11 00:00:00+09:00,728.0,736.0,720.0,730.0,271594,0.0,0.0
2015-03-12 00:00:00+09:00,728.0,754.0,724.0,744.0,506191,0.0,0.0
2015-03-13 00:00:00+09:00,748.0,754.0,738.0,750.0,308581,0.0,0.0
2015-03-16 00:00:00+09:00,770.0,796.0,760.0,774.0,2483765,0.0,0.0
2015-03-17 00:00:00+09:00,770.0,774.0,750.0,760.0,706423,0.0,0.0
2015-03-18 00:00:00+09:00,764.0,766.0,740.0,752.0,447355,0.0,0.0
2015-03-19 00:00:00+09:00,756.0,864.0,746.0,864.0,4921752,0.0,0.0
2015-03-20 00:00:00+09:00,906.0,936.0,806.0,824.0,11059175,0.0,0.0
2015-03-23 00:00:00+09:00,832.0,852.0,796.0,808.0,2543043,0.0,0.0
2015-03-24 00:00:00+09:00,802.0,808.0,782.0,796.0,1332939,0.0,0.0
2015-03-25 00:00:00+09:00,802.0,812.0,790.0,804.0,1183986,0.0,0.0
2015-03-26 00:00:00+09:00,806.0,806.0,760.0,764.0,1236976,0.0,0.0
2015-03-27 00:00:00+09:00,762.0,788.0,752.0,768.0,809697,0.0,0.0
2015-03-30 00:00:00+09:00,770.0,840.0,764.0,816.0,3645652,0.0,0.0
2015-03-31 00:00:00+09:00,822.0,912.0,812.0,876.0,6374235,0.0,0.0
2015-04-01 00:00:00+09:00,882.0,920.0,852.0,860.0,5170560,0.0,0.0
2015-04-02 00:00:00+09:00,868.0,876.0,838.0,844.0,1237059,0.0,0.0
2015-04-03 00:00:00+09:00,848.0,886.0,830.0,882.0,1179639,0.0,0.0
2015-04-06 00:00:00+09:00,890.0,908.0,868.0,882.0,1390943,0.0,0.0
2015-04-07 00:00:00+09:00,884.0,886.0,856.0,866.0,760230,0.0,0.0
2015-04-08 00:00:00+09:00,856.0,870.0,848.0,858.0,798752,0.0,0.0
2015-04-09 00:00:00+09:00,864.0,896.0,852.0,878.0,969345,0.0,0.0
2015-04-10 00:00:00+09:00,884.0,888.0,866.0,870.0,813575,0.0,0.0
2015-04-13 00:00:00+09:00,882.0,920.0,880.0,916.0,1514826,0.0,0.0
2015-04-14 00:00:00+09:00,930.0,1050.0,916.0,1016.0,8015210,0.0,0.0
2015-04-15 00:00:00+09:00,1012.0,1014.0,902.0,902.0,7277630,0.0,0.0
2015-04-16 00:00:00+09:00,910.0,928.0,884.0,902.0,1640069,0.0,0.0
2015-04-17 00:00:00+09:00,904.0,912.0,888.0,906.0,1152384,0.0,0.0
2015-04-20 00:00:00+09:00,898.0,908.0,872.0,880.0,1416740,0.0,0.0
2015-04-21 00:00:00+09:00,888.0,900.0,872.0,892.0,775360,0.0,0.0
2015-04-22 00:00:00+09:00,898.0,906.0,838.0,860.0,1398782,0.0,0.0
2015-04-23 00:00:00+09:00,860.0,886.0,840.0,842.0,864170,0.0,0.0
2015-04-24 00:00:00+09:00,844.0,858.0,826.0,840.0,868519,0.0,0.0
2015-04-27 00:00:00+09:00,832.0,866.0,832.0,852.0,469664,0.0,0.0
2015-04-28 00:00:00+09:00,846.0,862.0,844.0,856.0,467910,0.0,0.0
2015-04-29 00:00:00+09:00,856.0,866.0,824.0,832.0,779330,0.0,0.0
2015-04-30 00:00:00+09:00,826.0,832.0,790.0,804.0,1200061,0.0,0.0
2015-05-04 00:00:00+09:00,814.0,818.0,798.0,806.0,366413,0.0,0.0
2015-05-06 00:00:00+09:00,816.0,820.0,802.0,808.0,371908,0.0,0.0
2015-05-07 00:00:00+09:00,802.0,856.0,776.0,844.0,1206700,0.0,0.0
2015-05-08 00:00:00+09:00,844.0,900.0,834.0,846.0,1386529,0.0,0.0
2015-05-11 00:00:00+09:00,848.0,900.0,846.0,860.0,744979,0.0,0.0
2015-05-12 00:00:00+09:00,864.0,870.0,848.0,858.0,325319,0.0,0.0
2015-05-13 00:00:00+09:00,852.0,868.0,850.0,854.0,380527,0.0,0.0
2015-05-14 00:00:00+09:00,854.0,890.0,850.0,876.0,657345,0.0,0.0
2015-05-15 00:00:00+09:00,880.0,882.0,862.0,870.0,411945,0.0,0.0
2015-05-18 00:00:00+09:00,874.0,874.0,812.0,828.0,1091597,0.0,0.0
2015-05-19 00:00:00+09:00,828.0,836.0,808.0,822.0,423771,0.0,0.0
2015-05-20 00:00:00+09:00,826.0,826.0,794.0,808.0,741032,0.0,0.0
2015-05-21 00:00:00+09:00,808.0,814.0,788.0,802.0,369714,0.0,0.0
2015-05-22 00:00:00+09:00,804.0,832.0,800.0,814.0,495555,0.0,0.0
2015-05-26 00:00:00+09:00,818.0,826.0,800.0,816.0,436302,0.0,0.0
2015-05-27 00:00:00+09:00,816.0,822.0,798.0,802.0,524704,0.0,0.0
2015-05-28 00:00:00+09:00,808.0,812.0,798.0,812.0,466311,0.0,0.0
2015-05-29 00:00:00+09:00,804.0,818.0,798.0,804.0,523800,0.0,0.0
2015-06-01 00:00:00+09:00,810.0,818.0,784.0,800.0,428451,0.0,0.0
2015-06-02 00:00:00+09:00,796.0,798.0,754.0,766.0,837177,0.0,0.0
2015-06-03 00:00:00+09:00,770.0,770.0,740.0,752.0,902163,0.0,0.0
2015-06-04 00:00:00+09:00,752.0,762.0,738.0,754.0,394707,0.0,0.0
2015-06-05 00:00:00+09:00,746.0,752.0,734.0,740.0,354045,0.0,0.0
2015-06-08 00:00:00+09:00,726.0,756.0,716.0,742.0,533499,0.0,0.0
2015-06-09 00:00:00+09:00,754.0,792.0,748.0,784.0,749999,0.0,0.0
2015-06-10 00:00:00+09:00,790.0,796.0,772.0,784.0,575386,0.0,0.0
2015-06-11 00:00:00+09:00,792.0,792.0,762.0,778.0,353378,0.0,0.0
2015-06-12 00:00:00+09:00,780.0,784.0,754.0,758.0,270396,0.0,0.0
2015-06-15 00:00:00+09:00,762.0,774.0,726.0,736.0,305259,0.0,0.0
2015-06-16 00:00:00+09:00,746.0,758.0,716.0,734.0,397540,0.0,0.0
2015-06-17 00:00:00+09:00,734.0,742.0,710.0,732.0,248756,0.0,0.0
2015-06-18 00:00:00+09:00,732.0,738.0,712.0,714.0,458868,0.0,0.0
2015-06-19 00:00:00+09:00,716.0,770.0,716.0,748.0,747422,0.0,0.0
2015-06-22 00:00:00+09:00,740.0,780.0,736.0,756.0,522544,0.0,0.0
2015-06-23 00:00:00+09:00,764.0,770.0,746.0,758.0,231916,0.0,0.0
2015-06-24 00:00:00+09:00,756.0,764.0,744.0,750.0,296062,0.0,0.0
2015-06-25 00:00:00+09:00,740.0,760.0,736.0,746.0,582437,0.0,0.0
2015-06-26 00:00:00+09:00,748.0,748.0,734.0,738.0,687495,0.0,0.0
2015-06-29 00:00:00+09:00,730.0,730.0,714.0,724.0,496007,0.0,0.0
2015-06-30 00:00:00+09:00,722.0,728.0,702.0,728.0,331237,0.0,0.0
2015-07-01 00:00:00+09:00,734.0,744.0,720.0,740.0,423809,0.0,0.0
2015-07-02 00:00:00+09:00,738.0,750.0,730.0,738.0,623248,0.0,0.0
2015-07-03 00:00:00+09:00,734.0,742.0,724.0,726.0,438980,0.0,0.0
2015-07-06 00:00:00+09:00,728.0,730.0,714.0,720.0,481375,0.0,0.0
2015-07-07 00:00:00+09:00,730.0,734.0,710.0,722.0,266095,0.0,0.0
2015-07-08 00:00:00+09:00,728.0,728.0,714.0,722.0,260099,0.0,0.0
2015-07-09 00:00:00+09:00,722.0,794.0,708.0,748.0,1850600,0.0,0.0
2015-07-10 00:00:00+09:00,750.0,778.0,744.0,762.0,535639,0.0,0.0
2015-07-13 00:00:00+09:00,762.0,768.0,752.0,760.0,358970,0.0,0.0
2015-07-14 00:00:00+09:00,758.0,776.0,756.0,774.0,317279,0.0,0.0
2015-07-15 00:00:00+09:00,770.0,776.0,762.0,770.0,368968,0.0,0.0
2015-07-16 00:00:00+09:00,770.0,774.0,752.0,768.0,332202,0.0,0.0
2015-07-17 00:00:00+09:00,768.0,826.0,766.0,820.0,1847058,0.0,0.0
2015-07-20 00:00:00+09:00,830.0,974.0,826.0,870.0,5122700,0.0,0.0
2015-07-21 00:00:00+09:00,852.0,886.0,842.0,862.0,1426637,0.0,0.0
2015-07-22 00:00:00+09:00,864.0,920.0,850.0,880.0,1932473,0.0,0.0
2015-07-23 00:00:00+09:00,896.0,916.0,872.0,884.0,1663330,0.0,0.0
2015-07-24 00:00:00+09:00,884.0,892.0,852.0,866.0,911288,0.0,0.0
2015-07-27 00:00:00+09:00,848.0,860.0,838.0,850.0,745255,0.0,0.0
2015-07-28 00:00:00+09:00,840.0,982.0,828.0,910.0,5002205,0.0,0.0
2015-07-29 00:00:00+09:00,920.0,970.0,918.0,928.0,2142456,0.0,0.0
2015-07-30 00:00:00+09:00,934.0,1058.0,928.0,978.0,7917165,0.0,0.0
2015-07-31 00:00:00+09:00,978.0,1020.0,948.0,988.0,1609294,0.0,0.0
2015-08-03 00:00:00+09:00,1006.0,1024.0,938.0,946.0,1006758,0.0,0.0
2015-08-04 00:00:00+09:00,940.0,966.0,880.0,940.0,713176,0.0,0.0
2015-08-05 00:00:00+09:00,944.0,1034.0,944.0,1006.0,2727746,0.0,0.0
2015-08-06 00:00:00+09:00,1008.0,1024.0,972.0,978.0,2071653,0.0,0.0
2015-08-07 00:00:00+09:00,958.0,990.0,940.0,942.0,979123,0.0,0.0
2015-08-10 00:00:00+09:00,948.0,960.0,910.0,942.0,850327,0.0,0.0
2015-08-11 00:00:00+09:00,980.0,1224.0,976.0,1140.0,35358210,0.0,0.0
2015-08-12 00:00:00+09:00,1154.0,1340.0,1120.0,1220.0,21729780,0.0,0.0
2015-08-13 00:00:00+09:00,1250.0,1298.0,1166.0,1200.0,8290160,0.0,0.0
2015-08-17 00:00:00+09:00,1200.0,1200.0,1082.0,1120.0,5043760,0.0,0.0
2015-08-18 00:00:00+09:00,1108.0,1108.0,912.0,946.0,11255855,0.0,0.0
2015-08-19 00:00:00+09:00,946.0,950.0,874.0,908.0,4726259,0.0,0.0
2015-08-20 00:00:00+09:00,890.0,940.0,860.0,866.0,3085112,0.0,0.0
2015-08-21 00:00:00+09:00,796.0,836.0,782.0,790.0,4733743,0.0,0.0
2015-08-24 00:00:00+09:00,766.0,872.0,766.0,810.0,3698996,0.0,0.0
2015-08-25 00:00:00+09:00,826.0,880.0,822.0,868.0,3071760,0.0,0.0
2015-08-26 00:00:00+09:00,880.0,934.0,868.0,900.0,2977481,0.0,0.0
2015-08-27 00:00:00+09:00,902.0,930.0,890.0,904.0,1607071,0.0,0.0
2015-08-28 00:00:00+09:00,920.0,954.0,904.0,926.0,1494676,0.0,0.0
2015-08-31 00:00:00+09:00,952.0,958.0,908.0,918.0,1205601,0.0,0.0
2015-09-01 00:00:00+09:00,910.0,926.0,892.0,896.0,1026593,0.0,0.0
2015-09-02 00:00:00+09:00,890.0,924.0,868.0,904.0,1335392,0.0,0.0
2015-09-03 00:00:00+09:00,910.0,942.0,902.0,910.0,1604265,0.0,0.0
2015-09-04 00:00:00+09:00,912.0,922.0,854.0,860.0,1290117,0.0,0.0
2015-09-07 00:00:00+09:00,864.0,890.0,852.0,888.0,995200,0.0,0.0
2015-09-08 00:00:00+09:00,888.0,896.0,830.0,848.0,1151066,0.0,0.0
2015-09-09 00:00:00+09:00,854.0,872.0,834.0,846.0,1995047,0.0,0.0
2015-09-10 00:00:00+09:00,842.0,858.0,828.0,844.0,1096065,0.0,0.0
2015-09-11 00:00:00+09:00,854.0,854.0,828.0,848.0,868804,0.0,0.0
2015-09-14 00:00:00+09:00,850.0,918.0,844.0,870.0,3014657,0.0,0.0
2015-09-15 00:00:00+09:00,872.0,918.0,852.0,900.0,3578579,0.0,0.0
2015-09-16 00:00:00+09:00,908.0,940.0,896.0,904.0,2799546,0.0,0.0
2015-09-17 00:00:00+09:00,912.0,912.0,880.0,888.0,1315550,0.0,0.0
2015-09-18 00:00:00+09:00,894.0,906.0,884.0,902.0,1123477,0.0,0.0
2015-09-21 00:00:00+09:00,898.0,898.0,874.0,882.0,979113,0.0,0.0
2015-09-22 00:00:00+09:00,888.0,890.0,862.0,888.0,1387924,0.0,0.0
2015-09-23 00:00:00+09:00,886.0,1008.0,880.0,950.0,7419415,0.0,0.0
2015-09-24 00:00:00+09:00,950.0,1002.0,934.0,968.0,3588040,0.0,0.0
2015-09-25 00:00:00+09:00,968.0,980.0,940.0,948.0,1155924,0.0,0.0
2015-09-30 00:00:00+09:00,980.0,1232.0,972.0,1160.0,28030035,0.0,0.0
2015-10-01 00:00:00+09:00,1176.0,1226.0,1060.0,1152.0,19132240,0.0,0.0
2015-10-02 00:00:00+09:00,1114.0,1140.0,1094.0,1126.0,5895115,0.0,0.0
2015-10-05 00:00:00+09:00,1130.0,1166.0,1100.0,1122.0,5510255,0.0,0.0
2015-10-06 00:00:00+09:00,1110.0,1116.0,1038.0,1040.0,4327684,0.0,0.0
2015-10-07 00:00:00+09:00,1038.0,1118.0,1030.0,1066.0,3650192,0.0,0.0
2015-10-08 00:00:00+09:00,1118.0,1118.0,1062.0,1076.0,2434114,0.0,0.0
2015-10-12 00:00:00+09:00,1088.0,1144.0,1086.0,1116.0,4014323,0.0,0.0
2015-10-13 00:00:00+09:00,1116.0,1180.0,1092.0,1114.0,3693660,0.0,0.0
2015-10-14 00:00:00+09:00,1114.0,1152.0,1098.0,1152.0,2099127,0.0,0.0
2015-10-15 00:00:00+09:00,1162.0,1496.0,1162.0,1496.0,49704090,0.0,0.0
2015-10-16 00:00:00+09:00,1640.0,1944.0,1576.0,1944.0,39967455,0.0,0.0
2015-10-19 00:00:00+09:00,2300.0,2520.0,2170.0,2520.0,46930420,0.0,0.0
2015-10-21 00:00:00+09:00,3160.0,3270.0,3160.0,3270.0,2779536,0.0,0.0
2015-10-22 00:00:00+09:00,3400.0,4000.0,3200.0,3460.0,9976115,0.0,0.0
2015-10-23 00:00:00+09:00,3020.0,3700.0,3020.0,3200.0,5958885,0.0,0.0
2015-10-26 00:00:00+09:00,3380.0,3380.0,2720.0,2860.0,5748375,0.0,0.0
2015-10-27 00:00:00+09:00,2700.0,3480.0,2700.0,3200.0,7707045,0.0,0.0
2015-10-28 00:00:00+09:00,2900.0,3250.0,2780.0,2780.0,4560721,0.0,0.0
2015-10-29 00:00:00+09:00,2960.0,3610.0,2220.0,2400.0,80903950,0.0,0.0
2015-10-30 00:00:00+09:00,2560.0,3120.0,2510.0,3120.0,53323400,0.0,0.0
2015-11-02 00:00:00+09:00,4050.0,4050.0,3720.0,4050.0,27335440,0.0,0.0
2015-11-04 00:00:00+09:00,4780.0,5260.0,4700.0,5260.0,5319955,0.0,0.0
2015-11-05 00:00:00+09:00,5560.0,6640.0,5560.0,5590.0,8433675,0.0,0.0
2015-11-06 00:00:00+09:00,5160.0,5810.0,4840.0,4840.0,5499135,0.0,0.0
2015-11-09 00:00:00+09:00,4600.0,5800.0,4480.0,5040.0,23568200,0.0,0.0
2015-11-10 00:00:00+09:00,4940.0,5400.0,4450.0,4550.0,21537465,0.0,0.0
2015-11-11 00:00:00+09:00,4430.0,4760.0,4080.0,4240.0,14037180,0.0,0.0
2015-11-12 00:00:00+09:00,4270.0,4310.0,3670.0,4040.0,22762615,0.0,0.0
2015-11-13 00:00:00+09:00,4040.0,4700.0,3860.0,4110.0,27111995,0.0,0.0
2015-11-16 00:00:00+09:00,3910.0,4070.0,3480.0,3480.0,10110755,0.0,0.0
2015-11-17 00:00:00+09:00,3520.0,4520.0,3200.0,4520.0,59048750,0.0,0.0
2015-11-18 00:00:00+09:00,4700.0,5540.0,4180.0,4180.0,65652650,0.0,0.0
2015-11-19 00:00:00+09:00,4350.0,4820.0,4200.0,4530.0,33384135,0.0,0.0
2015-11-20 00:00:00+09:00,4960.0,5320.0,4630.0,4760.0,29615030,0.0,0.0
2015-11-23 00:00:00+09:00,4800.0,5150.0,4530.0,4700.0,18045860,0.0,0.0
2015-11-24 00:00:00+09:00,4720.0,4840.0,4350.0,4440.0,13778150,0.0,0.0
2015-11-25 00:00:00+09:00,4320.0,4860.0,4180.0,4490.0,16404625,0.0,0.0
2015-11-26 00:00:00+09:00,4540.0,4640.0,4330.0,4340.0,7791120,0.0,0.0
2015-11-27 00:00:00+09:00,4390.0,5090.0,4200.0,4900.0,22259890,0.0,0.0
2015-11-30 00:00:00+09:00,4700.0,4950.0,4450.0,4500.0,12257310,0.0,0.0
2015-12-01 00:00:00+09:00,4450.0,4450.0,4010.0,4040.0,12347875,0.0,0.0
2015-12-02 00:00:00+09:00,4070.0,4330.0,3730.0,3860.0,20642880,0.0,0.0
2015-12-03 00:00:00+09:00,3900.0,4250.0,3820.0,3920.0,10502825,0.0,0.0
2015-12-04 00:00:00+09:00,3850.0,4000.0,3770.0,3830.0,4532262,0.0,0.0
2015-12-07 00:00:00+09:00,3870.0,4020.0,3830.0,3860.0,5379525,0.0,0.0
2015-12-08 00:00:00+09:00,3840.0,4080.0,3710.0,3820.0,6062490,0.0,0.0
2015-12-09 00:00:00+09:00,3880.0,4000.0,3520.0,3620.0,4813618,0.0,0.0
2015-12-10 00:00:00+09:00,3530.0,3630.0,3310.0,3420.0,4915698,0.0,0.0
2015-12-11 00:00:00+09:00,3480.0,4090.0,3420.0,3660.0,23317455,0.0,0.0
2015-12-14 00:00:00+09:00,3520.0,3620.0,3350.0,3360.0,4978884,0.0,0.0
2015-12-15 00:00:00+09:00,3580.0,3940.0,3400.0,3510.0,12789770,0.0,0.0
2015-12-16 00:00:00+09:00,3630.0,3650.0,3500.0,3560.0,4645085,0.0,0.0
2015-12-17 00:00:00+09:00,3610.0,3810.0,3570.0,3690.0,7096345,0.0,0.0
2015-12-18 00:00:00+09:00,3690.0,3760.0,3600.0,3660.0,4383301,0.0,0.0
2015-12-21 00:00:00+09:00,3710.0,3740.0,3630.0,3670.0,3257622,0.0,0.0
2015-12-22 00:00:00+09:00,3690.0,3710.0,3460.0,3520.0,3327842,0.0,0.0
2015-12-23 00:00:00+09:00,3540.0,3630.0,3380.0,3490.0,3528575,0.0,0.0
2015-12-24 00:00:00+09:00,3510.0,3630.0,3480.0,3520.0,3100004,0.0,0.0
2015-12-28 00:00:00+09:00,3560.0,3700.0,3530.0,3570.0,3766190,0.0,0.0
2015-12-29 00:00:00+09:00,3690.0,3910.0,3640.0,3690.0,8157225,0.0,0.0
2015-12-30 00:00:00+09:00,3200.0,3500.0,3110.0,3320.0,8649380,0.0,0.0
2016-01-04 00:00:00+09:00,3390.0,3420.0,3280.0,3310.0,3300525,0.0,0.0
2016-01-05 00:00:00+09:00,3220.0,4300.0,3210.0,4300.0,41487995,0.0,0.0
2016-01-06 00:00:00+09:00,4520.0,4850.0,3820.0,4270.0,46221950,0.0,0.0
2016-01-07 00:00:00+09:00,4160.0,4540.0,4050.0,4330.0,21506455,0.0,0.0
2016-01-08 00:00:00+09:00,4530.0,5340.0,4310.0,4610.0,46499075,0.0,0.0
2016-01-11 00:00:00+09:00,4630.0,4720.0,4200.0,4240.0,9152390,0.0,0.0
2016-01-12 00:00:00+09:00,4350.0,4470.0,4030.0,4080.0,6411530,0.0,0.0
2016-01-13 00:00:00+09:00,4160.0,4450.0,4090.0,4300.0,8407385,0.0,0.0
2016-01-14 00:00:00+09:00,4180.0,4420.0,4120.0,4250.0,4706853,0.0,0.0
2016-01-15 00:00:00+09:00,4320.0,4350.0,3980.0,4130.0,4901933,0.0,0.0
2016-01-18 00:00:00+09:00,4170.0,4670.0,4170.0,4400.0,12557980,0.0,0.0
2016-01-19 00:00:00+09:00,4480.0,5720.0,4290.0,5720.0,43386875,0.0,0.0
2016-01-20 00:00:00+09:00,6070.0,7260.0,5930.0,6420.0,64216950,0.0,0.0
2016-01-21 00:00:00+09:00,6540.0,6890.0,5770.0,6100.0,31536690,0.0,0.0
2016-01-22 00:00:00+09:00,5990.0,6310.0,5040.0,5820.0,30444330,0.0,0.0
2016-01-25 00:00:00+09:00,5850.0,5910.0,5460.0,5470.0,15404220,0.0,0.0
2016-01-26 00:00:00+09:00,5400.0,5500.0,4610.0,4790.0,21272235,0.0,0.0
2016-01-27 00:00:00+09:00,4960.0,5940.0,4450.0,5520.0,61199700,0.0,0.0
2016-01-28 00:00:00+09:00,5460.0,5900.0,4920.0,4980.0,51254750,0.0,0.0
2016-01-29 00:00:00+09:00,5200.0,5340.0,3870.0,3890.0,51235600,0.0,0.0
2016-02-01 00:00:00+09:00,2730.0,2730.0,2730.0,2730.0,1275391,0.0,0.0
2016-02-02 00:00:00+09:00,2620.0,2730.0,2290.0,2630.0,50204450,0.0,0.0
2016-02-03 00:00:00+09:00,2600.0,2650.0,2420.0,2460.0,17858885,0.0,0.0
2016-02-04 00:00:00+09:00,2480.0,2640.0,2350.0,2570.0,23127480,0.0,0.0
2016-02-05 00:00:00+09:00,2490.0,2590.0,2460.0,2520.0,7937035,0.0,0.0
2016-02-11 00:00:00+09:00,2460.0,2520.0,2240.0,2280.0,6856005,0.0,0.0
2016-02-12 00:00:00+09:00,2220.0,2290.0,2000.0,2170.0,7967240,0.0,0.0
2016-02-15 00:00:00+09:00,2360.0,2570.0,2280.0,2460.0,17210020,0.0,0.0
2016-02-16 00:00:00+09:00,2470.0,2480.0,2320.0,2330.0,7192605,0.0,0.0
2016-02-17 00:00:00+09:00,2340.0,2440.0,2170.0,2230.0,11680010,0.0,0.0
2016-02-18 00:00:00+09:00,2150.0,2180.0,2060.0,2120.0,6181865,0.0,0.0
2016-02-19 00:00:00+09:00,2160.0,2370.0,2130.0,2210.0,11515620,0.0,0.0
2016-02-22 00:00:00+09:00,2170.0,2240.0,2120.0,2140.0,3718980,0.0,0.0
2016-02-23 00:00:00+09:00,2150.0,2240.0,2130.0,2150.0,5131165,0.0,0.0
2016-02-24 00:00:00+09:00,2180.0,2210.0,2130.0,2150.0,3726714,0.0,0.0
2016-02-25 00:00:00+09:00,2160.0,2180.0,2080.0,2100.0,3728466,0.0,0.0
2016-02-26 00:00:00+09:00,2100.0,2140.0,2000.0,2040.0,3713266,0.0,0.0
2016-02-29 00:00:00+09:00,2040.0,2130.0,2000.0,2100.0,3723372,0.0,0.0
2016-03-02 00:00:00+09:00,2120.0,2130.0,2050.0,2050.0,2337309,0.0,0.0
2016-03-03 00:00:00+09:00,2070.0,2170.0,2040.0,2120.0,4820930,0.0,0.0
2016-03-04 00:00:00+09:00,2120.0,2160.0,2060.0,2090.0,2912056,0.0,0.0
2016-03-07 00:00:00+09:00,2090.0,2140.0,2040.0,2040.0,3341076,0.0,0.0
2016-03-08 00:00:00+09:00,2040.0,2120.0,2010.0,2100.0,4885761,0.0,0.0
2016-03-09 00:00:00+09:00,2090.0,2120.0,2050.0,2060.0,3523244,0.0,0.0
2016-03-10 00:00:00+09:00,2070.0,2080.0,2030.0,2040.0,2789690,0.0,0.0
2016-03-11 00:00:00+09:00,2040.0,2050.0,2010.0,2020.0,2026026,0.0,0.0
2016-03-14 00:00:00+09:00,2020.0,2030.0,1920.0,1980.0,4789097,0.0,0.0
2016-03-15 00:00:00+09:00,1952.0,2050.0,1942.0,1984.0,4924454,0.0,0.0
2016-03-16 00:00:00+09:00,2000.0,2020.0,1970.0,1976.0,2162309,0.0,0.0
2016-03-17 00:00:00+09:00,1976.0,2040.0,1968.0,1988.0,2813069,0.0,0.0
2016-03-18 00:00:00+09:00,1992.0,2190.0,1988.0,2050.0,9673005,0.0,0.0
2016-03-21 00:00:00+09:00,2060.0,2080.0,1982.0,1986.0,4525538,0.0,0.0
2016-03-22 00:00:00+09:00,1980.0,1986.0,1884.0,1890.0,4354036,0.0,0.0
2016-03-23 00:00:00+09:00,1880.0,1880.0,1812.0,1830.0,3431315,0.0,0.0
2016-03-24 00:00:00+09:00,1884.0,1906.0,1828.0,1840.0,3723489,0.0,0.0
2016-03-25 00:00:00+09:00,1860.0,1892.0,1832.0,1836.0,2266689,0.0,0.0
2016-03-28 00:00:00+09:00,1838.0,1844.0,1766.0,1770.0,2422411,0.0,0.0
2016-03-29 00:00:00+09:00,1770.0,2300.0,1760.0,2090.0,32812075,0.0,0.0
2016-03-30 00:00:00+09:00,2140.0,2520.0,2130.0,2400.0,53674300,0.0,0.0
2016-03-31 00:00:00+09:00,2470.0,2560.0,2250.0,2290.0,17461175,0.0,0.0
2016-04-01 00:00:00+09:00,2310.0,2330.0,2110.0,2120.0,10377980,0.0,0.0
2016-04-04 00:00:00+09:00,2130.0,2160.0,2030.0,2060.0,5930630,0.0,0.0
2016-04-05 00:00:00+09:00,2070.0,2090.0,2000.0,2040.0,4697537,0.0,0.0
2016-04-06 00:00:00+09:00,2050.0,2650.0,2040.0,2650.0,57504800,0.0,0.0
2016-04-07 00:00:00+09:00,2610.0,3160.0,2580.0,2710.0,65758350,0.0,0.0
2016-04-08 00:00:00+09:00,2490.0,2930.0,2460.0,2580.0,55275200,0.0,0.0
2016-04-11 00:00:00+09:00,2540.0,2700.0,2520.0,2610.0,22085360,0.0,0.0
2016-04-12 00:00:00+09:00,2590.0,2630.0,2400.0,2400.0,18034990,0.0,0.0
2016-04-14 00:00:00+09:00,2350.0,2630.0,2260.0,2490.0,28642720,0.0,0.0
2016-04-15 00:00:00+09:00,2520.0,2690.0,2500.0,2520.0,22925880,0.0,0.0
2016-04-18 00:00:00+09:00,2540.0,2580.0,2420.0,2440.0,7736550,0.0,0.0
2016-04-19 00:00:00+09:00,2470.0,2520.0,2430.0,2450.0,5846280,0.0,0.0
2016-04-20 00:00:00+09:00,2480.0,2490.0,2380.0,2400.0,4890655,0.0,0.0
2016-04-21 00:00:00+09:00,2400.0,2620.0,2360.0,2540.0,24383675,0.0,0.0
2016-04-22 00:00:00+09:00,2560.0,2610.0,2500.0,2520.0,6775555,0.0,0.0
2016-04-25 00:00:00+09:00,2530.0,2540.0,2440.0,2460.0,4708942,0.0,0.0
2016-04-26 00:00:00+09:00,2470.0,2590.0,2410.0,2550.0,14086225,0.0,0.0
2016-04-27 00:00:00+09:00,2560.0,2630.0,2470.0,2470.0,9945040,0.0,0.0
2016-04-28 00:00:00+09:00,2480.0,2570.0,2460.0,2520.0,6986050,0.0,0.0
2016-04-29 00:00:00+09:00,2540.0,2580.0,2490.0,2560.0,7906120,0.0,0.0
2016-05-02 00:00:00+09:00,2550.0,2560.0,2460.0,2460.0,5710490,0.0,0.0
2016-05-03 00:00:00+09:00,2410.0,2470.0,2410.0,2430.0,3917781,0.0,0.0
2016-05-04 00:00:00+09:00,2450.0,2690.0,2430.0,2490.0,23616145,0.0,0.0
2016-05-09 00:00:00+09:00,2520.0,2620.0,2490.0,2520.0,6477660,0.0,0.0
2016-05-10 00:00:00+09:00,2490.0,2520.0,2440.0,2490.0,5204185,0.0,0.0
2016-05-11 00:00:00+09:00,2490.0,2500.0,2450.0,2450.0,3281104,0.0,0.0
2016-05-12 00:00:00+09:00,2460.0,2500.0,2450.0,2460.0,2807938,0.0,0.0
2016-05-13 00:00:00+09:00,2480.0,2510.0,2440.0,2460.0,4488818,0.0,0.0
2016-05-16 00:00:00+09:00,2540.0,2640.0,2480.0,2500.0,12636150,0.0,0.0
2016-05-17 00:00:00+09:00,2500.0,2520.0,2460.0,2510.0,4819933,0.0,0.0
2016-05-18 00:00:00+09:00,2510.0,2540.0,2470.0,2510.0,4529774,0.0,0.0
2016-05-19 00:00:00+09:00,2520.0,2550.0,2490.0,2490.0,3635045,0.0,0.0
2016-05-20 00:00:00+09:00,2490.0,2560.0,2490.0,2520.0,3663727,0.0,0.0
2016-05-23 00:00:00+09:00,2530.0,2550.0,2500.0,2510.0,3192839,0.0,0.0
2016-05-24 00:00:00+09:00,2540.0,2570.0,2490.0,2500.0,4556019,0.0,0.0
2016-05-25 00:00:00+09:00,2500.0,2540.0,2470.0,2490.0,4770615,0.0,0.0
2016-05-26 00:00:00+09:00,2490.0,2510.0,2460.0,2500.0,3130174,0.0,0.0
2016-05-27 00:00:00+09:00,2500.0,2500.0,2470.0,2500.0,2126460,0.0,0.0
2016-05-30 00:00:00+09:00,2490.0,2680.0,2460.0,2550.0,18936345,0.0,0.0
2016-05-31 00:00:00+09:00,2570.0,2900.0,2560.0,2890.0,41702940,0.0,0.0
2016-06-01 00:00:00+09:00,3050.0,3120.0,2770.0,2830.0,29614845,0.0,0.0
2016-06-02 00:00:00+09:00,2850.0,2990.0,2770.0,2930.0,21732485,0.0,0.0
2016-06-03 00:00:00+09:00,2970.0,3320.0,2910.0,3180.0,43616780,0.0,0.0
2016-06-07 00:00:00+09:00,3180.0,3280.0,3110.0,3210.0,13109570,0.0,0.0
2016-06-08 00:00:00+09:00,3220.0,3220.0,2900.0,2920.0,16895775,0.0,0.0
2016-06-09 00:00:00+09:00,2920.0,3040.0,2810.0,2930.0,14424185,0.0,0.0
2016-06-10 00:00:00+09:00,2950.0,3020.0,2880.0,2890.0,5970165,0.0,0.0
2016-06-13 00:00:00+09:00,2840.0,2860.0,2750.0,2760.0,5518705,0.0,0.0
2016-06-14 00:00:00+09:00,2700.0,2760.0,2580.0,2740.0,8329310,0.0,0.0
2016-06-15 00:00:00+09:00,2770.0,2830.0,2720.0,2760.0,5200920,0.0,0.0
2016-06-16 00:00:00+09:00,2790.0,2800.0,2530.0,2570.0,6159210,0.0,0.0
2016-06-17 00:00:00+09:00,2600.0,2630.0,2430.0,2550.0,3722005,0.0,0.0
2016-06-20 00:00:00+09:00,2560.0,2660.0,2520.0,2630.0,3508627,0.0,0.0
2016-06-21 00:00:00+09:00,2630.0,3020.0,2620.0,2820.0,20778745,0.0,0.0
2016-06-22 00:00:00+09:00,2810.0,2930.0,2760.0,2780.0,7202370,0.0,0.0
2016-06-23 00:00:00+09:00,2780.0,2790.0,2620.0,2640.0,5073505,0.0,0.0
2016-06-24 00:00:00+09:00,2700.0,2700.0,2270.0,2470.0,9489700,0.0,0.0
2016-06-27 00:00:00+09:00,2380.0,2520.0,2340.0,2510.0,3424390,0.0,0.0
2016-06-28 00:00:00+09:00,2460.0,2700.0,2450.0,2640.0,7387065,0.0,0.0
2016-06-29 00:00:00+09:00,2690.0,2790.0,2620.0,2650.0,5479500,0.0,0.0
2016-06-30 00:00:00+09:00,2670.0,2790.0,2650.0,2680.0,3897498,0.0,0.0
2016-07-01 00:00:00+09:00,2600.0,2720.0,2560.0,2670.0,5592785,0.0,0.0
2016-07-04 00:00:00+09:00,2700.0,2860.0,2650.0,2670.0,7846315,0.0,0.0
2016-07-05 00:00:00+09:00,2670.0,2720.0,2640.0,2710.0,3873601,0.0,0.0
2016-07-06 00:00:00+09:00,2680.0,2750.0,2630.0,2690.0,3634432,0.0,0.0
2016-07-07 00:00:00+09:00,2700.0,2720.0,2660.0,2670.0,3171582,0.0,0.0
2016-07-08 00:00:00+09:00,2670.0,2740.0,2650.0,2680.0,3888495,0.0,0.0
2016-07-11 00:00:00+09:00,2700.0,2740.0,2670.0,2700.0,3164087,0.0,0.0
2016-07-12 00:00:00+09:00,2710.0,2740.0,2660.0,2700.0,4369258,0.0,0.0
2016-07-13 00:00:00+09:00,2720.0,2760.0,2680.0,2690.0,2870938,0.0,0.0
2016-07-14 00:00:00+09:00,2700.0,2730.0,2670.0,2730.0,3687744,0.0,0.0
2016-07-15 00:00:00+09:00,2800.0,2890.0,2730.0,2810.0,11369305,0.0,0.0
2016-07-18 00:00:00+09:00,2830.0,2840.0,2680.0,2700.0,6205370,0.0,0.0
2016-07-19 00:00:00+09:00,2710.0,2760.0,2670.0,2700.0,3939454,0.0,0.0
2016-07-20 00:00:00+09:00,2700.0,2720.0,2640.0,2640.0,2946288,0.0,0.0
2016-07-21 00:00:00+09:00,2620.0,2680.0,2590.0,2630.0,3556744,0.0,0.0
2016-07-22 00:00:00+09:00,2620.0,2660.0,2600.0,2620.0,1817416,0.0,0.0
2016-07-25 00:00:00+09:00,2650.0,2660.0,2580.0,2580.0,4080412,0.0,0.0
2016-07-26 00:00:00+09:00,2580.0,2600.0,2460.0,2490.0,4420969,0.0,0.0
2016-07-27 00:00:00+09:00,2490.0,2510.0,2460.0,2500.0,1837840,0.0,0.0
2016-07-28 00:00:00+09:00,2520.0,2530.0,2470.0,2470.0,1453472,0.0,0.0
2016-07-29 00:00:00+09:00,2470.0,2470.0,2400.0,2410.0,2592433,0.0,0.0
2016-08-01 00:00:00+09:00,2410.0,2420.0,2300.0,2320.0,3012132,0.0,0.0
2016-08-02 00:00:00+09:00,2310.0,2440.0,2310.0,2380.0,2453369,0.0,0.0
2016-08-03 00:00:00+09:00,2360.0,2380.0,2300.0,2330.0,1391969,0.0,0.0
2016-08-04 00:00:00+09:00,2320.0,2370.0,2310.0,2320.0,1728360,0.0,0.0
2016-08-05 00:00:00+09:00,2350.0,2390.0,2320.0,2330.0,1878946,0.0,0.0
2016-08-08 00:00:00+09:00,2320.0,2350.0,2300.0,2300.0,1620440,0.0,0.0
2016-08-09 00:00:00+09:00,2300.0,2330.0,2260.0,2270.0,1726214,0.0,0.0
2016-08-10 00:00:00+09:00,2270.0,2340.0,2240.0,2310.0,2299843,0.0,0.0
2016-08-11 00:00:00+09:00,2320.0,2320.0,1878.0,1994.0,6668895,0.0,0.0
2016-08-12 00:00:00+09:00,1962.0,2270.0,1958.0,2170.0,11097980,0.0,0.0
2016-08-16 00:00:00+09:00,2160.0,2180.0,2060.0,2070.0,3041970,0.0,0.0
2016-08-17 00:00:00+09:00,2060.0,2080.0,2000.0,2020.0,1424118,0.0,0.0
2016-08-18 00:00:00+09:00,2030.0,2080.0,1996.0,2060.0,1487163,0.0,0.0
2016-08-19 00:00:00+09:00,2060.0,2070.0,2000.0,2020.0,1460399,0.0,0.0
2016-08-22 00:00:00+09:00,2010.0,2020.0,1972.0,1976.0,1718872,0.0,0.0
2016-08-23 00:00:00+09:00,1942.0,2060.0,1940.0,2000.0,1468718,0.0,0.0
2016-08-24 00:00:00+09:00,2000.0,2040.0,1994.0,2000.0,803966,0.0,0.0
2016-08-25 00:00:00+09:00,1990.0,2010.0,1988.0,1988.0,1035797,0.0,0.0
2016-08-26 00:00:00+09:00,1998.0,2050.0,1992.0,2000.0,894000,0.0,0.0
2016-08-29 00:00:00+09:00,1998.0,2000.0,1894.0,1894.0,1522323,0.0,0.0
2016-08-30 00:00:00+09:00,1866.0,1968.0,1866.0,1932.0,1325772,0.0,0.0
2016-08-31 00:00:00+09:00,1960.0,1964.0,1818.0,1850.0,2507442,0.0,0.0
2016-09-01 00:00:00+09:00,1860.0,1890.0,1846.0,1878.0,839955,0.0,0.0
2016-09-02 00:00:00+09:00,1878.0,1894.0,1858.0,1870.0,926348,0.0,0.0
2016-09-05 00:00:00+09:00,1892.0,1892.0,1864.0,1864.0,1101285,0.0,0.0
2016-09-06 00:00:00+09:00,1870.0,2050.0,1866.0,1988.0,5189955,0.0,0.0
2016-09-07 00:00:00+09:00,2010.0,2070.0,1940.0,1948.0,3657234,0.0,0.0
2016-09-08 00:00:00+09:00,1948.0,2020.0,1920.0,1944.0,1962121,0.0,0.0
2016-09-09 00:00:00+09:00,1950.0,1982.0,1902.0,1952.0,1094499,0.0,0.0
2016-09-12 00:00:00+09:00,1920.0,1954.0,1918.0,1922.0,790028,0.0,0.0
2016-09-13 00:00:00+09:00,1954.0,1986.0,1924.0,1926.0,1577820,0.0,0.0
2016-09-19 00:00:00+09:00,1938.0,1974.0,1908.0,1960.0,1580566,0.0,0.0
2016-09-20 00:00:00+09:00,1988.0,1990.0,1948.0,1958.0,982561,0.0,0.0
2016-09-21 00:00:00+09:00,1960.0,1966.0,1936.0,1942.0,1022933,0.0,0.0
2016-09-22 00:00:00+09:00,1948.0,2190.0,1948.0,2070.0,8259155,0.0,0.0
2016-09-23 00:00:00+09:00,2080.0,2280.0,2040.0,2140.0,9567685,0.0,0.0
2016-09-26 00:00:00+09:00,2170.0,2180.0,2090.0,2100.0,1730174,0.0,0.0
2016-09-27 00:00:00+09:00,2090.0,2090.0,2010.0,2050.0,1637962,0.0,0.0
2016-09-28 00:00:00+09:00,2070.0,2100.0,2040.0,2060.0,1031295,0.0,0.0
2016-09-29 00:00:00+09:00,2060.0,2140.0,2040.0,2110.0,1788879,0.0,0.0
2016-09-30 00:00:00+09:00,2110.0,2190.0,2080.0,2110.0,3313318,0.0,0.0
2016-10-04 00:00:00+09:00,2120.0,2160.0,2080.0,2110.0,1587221,0.0,0.0
2016-10-05 00:00:00+09:00,2120.0,2130.0,2040.0,2060.0,1502500,0.0,0.0
2016-10-06 00:00:00+09:00,2080.0,2150.0,2050.0,2060.0,1723887,0.0,0.0
2016-10-07 00:00:00+09:00,2080.0,2170.0,2060.0,2110.0,3962095,0.0,0.0
2016-10-10 00:00:00+09:00,2110.0,2160.0,2090.0,2110.0,1584114,0.0,0.0
2016-10-11 00:00:00+09:00,2120.0,2160.0,2090.0,2120.0,2243726,0.0,0.0
2016-10-12 00:00:00+09:00,2120.0,2140.0,2090.0,2100.0,995427,0.0,0.0
2016-10-13 00:00:00+09:00,2110.0,2110.0,2010.0,2030.0,1119073,0.0,0.0
2016-10-14 00:00:00+09:00,2010.0,2060.0,2010.0,2050.0,964502,0.0,0.0
2016-10-17 00:00:00+09:00,2050.0,2060.0,1994.0,1996.0,867068,0.0,0.0
2016-10-18 00:00:00+09:00,1996.0,2020.0,1994.0,1996.0,562031,0.0,0.0
2016-10-19 00:00:00+09:00,1996.0,2000.0,1934.0,1940.0,1514608,0.0,0.0
2016-10-20 00:00:00+09:00,1956.0,1966.0,1906.0,1908.0,968016,0.0,0.0
2016-10-21 00:00:00+09:00,1914.0,1960.0,1914.0,1918.0,672915,0.0,0.0
2016-10-24 00:00:00+09:00,1914.0,1934.0,1904.0,1910.0,478623,0.0,0.0
2016-10-25 00:00:00+09:00,1910.0,1930.0,1870.0,1884.0,832616,0.0,0.0
2016-10-26 00:00:00+09:00,1866.0,1892.0,1836.0,1858.0,686495,0.0,0.0
2016-10-27 00:00:00+09:00,1874.0,1922.0,1870.0,1918.0,586175,0.0,0.0
2016-10-28 00:00:00+09:00,1928.0,1928.0,1888.0,1900.0,561949,0.0,0.0
2016-10-31 00:00:00+09:00,1914.0,1914.0,1840.0,1858.0,632780,0.0,0.0
2016-11-01 00:00:00+09:00,1840.0,1898.0,1838.0,1858.0,519769,0.0,0.0
2016-11-02 00:00:00+09:00,1858.0,1870.0,1828.0,1832.0,711448,0.0,0.0
2016-11-03 00:00:00+09:00,1760.0,1880.0,1760.0,1842.0,783192,0.0,0.0
2016-11-04 00:00:00+09:00,1842.0,1868.0,1834.0,1836.0,493935,0.0,0.0
2016-11-07 00:00:00+09:00,1860.0,1920.0,1860.0,1920.0,994273,0.0,0.0
2016-11-08 00:00:00+09:00,1950.0,1956.0,1906.0,1906.0,591359,0.0,0.0
2016-11-09 00:00:00+09:00,1920.0,1920.0,1760.0,1844.0,1852247,0.0,0.0
2016-11-10 00:00:00+09:00,1870.0,1932.0,1856.0,1932.0,1165477,0.0,0.0
2016-11-11 00:00:00+09:00,1922.0,1928.0,1870.0,1886.0,914077,0.0,0.0
2016-11-14 00:00:00+09:00,1876.0,1906.0,1850.0,1890.0,741657,0.0,0.0
2016-11-15 00:00:00+09:00,1878.0,1884.0,1854.0,1856.0,561466,0.0,0.0
2016-11-16 00:00:00+09:00,1868.0,1912.0,1850.0,1884.0,785151,0.0,0.0
2016-11-17 00:00:00+09:00,1872.0,1900.0,1872.0,1878.0,478364,0.0,0.0
2016-11-18 00:00:00+09:00,1876.0,1880.0,1820.0,1822.0,968750,0.0,0.0
2016-11-21 00:00:00+09:00,1774.0,1870.0,1774.0,1830.0,891805,0.0,0.0
2016-11-22 00:00:00+09:00,1822.0,1840.0,1798.0,1806.0,535053,0.0,0.0
2016-11-23 00:00:00+09:00,1808.0,1818.0,1776.0,1782.0,631446,0.0,0.0
2016-11-24 00:00:00+09:00,1790.0,1796.0,1690.0,1692.0,1024229,0.0,0.0
2016-11-25 00:00:00+09:00,1700.0,1720.0,1674.0,1688.0,724632,0.0,0.0
2016-11-28 00:00:00+09:00,1692.0,1704.0,1630.0,1690.0,971345,0.0,0.0
2016-11-29 00:00:00+09:00,1696.0,1696.0,1628.0,1630.0,795951,0.0,0.0
2016-11-30 00:00:00+09:00,1646.0,1670.0,1624.0,1624.0,496460,0.0,0.0
2016-12-01 00:00:00+09:00,1628.0,1644.0,1576.0,1576.0,953683,0.0,0.0
2016-12-02 00:00:00+09:00,1576.0,1606.0,1568.0,1568.0,645969,0.0,0.0
2016-12-05 00:00:00+09:00,1550.0,1566.0,1448.0,1448.0,1652364,0.0,0.0
2016-12-06 00:00:00+09:00,1500.0,1882.0,1468.0,1882.0,16217365,0.0,0.0
2016-12-07 00:00:00+09:00,1970.0,2070.0,1922.0,1934.0,23717135,0.0,0.0
2016-12-08 00:00:00+09:00,1962.0,1976.0,1792.0,1792.0,9332325,0.0,0.0
2016-12-09 00:00:00+09:00,1798.0,1824.0,1708.0,1712.0,4509308,0.0,0.0
2016-12-12 00:00:00+09:00,1714.0,1876.0,1714.0,1780.0,5811340,0.0,0.0
2016-12-13 00:00:00+09:00,1808.0,1816.0,1762.0,1762.0,2124017,0.0,0.0
2016-12-14 00:00:00+09:00,1770.0,1900.0,1770.0,1784.0,5179275,0.0,0.0
2016-12-15 00:00:00+09:00,1772.0,1838.0,1768.0,1816.0,1990657,0.0,0.0
2016-12-16 00:00:00+09:00,1834.0,1834.0,1790.0,1790.0,1480177,0.0,0.0
2016-12-19 00:00:00+09:00,1780.0,1914.0,1740.0,1816.0,4521296,0.0,0.0
2016-12-20 00:00:00+09:00,1810.0,1866.0,1808.0,1818.0,1782313,0.0,0.0
2016-12-21 00:00:00+09:00,1818.0,1900.0,1816.0,1852.0,3297722,0.0,0.0
2016-12-22 00:00:00+09:00,1856.0,1856.0,1820.0,1820.0,1314544,0.0,0.0
2016-12-23 00:00:00+09:00,1832.0,1864.0,1816.0,1816.0,1604612,0.0,0.0
2016-12-26 00:00:00+09:00,1820.0,1840.0,1812.0,1812.0,950072,0.0,0.0
2016-12-27 00:00:00+09:00,1818.0,1830.0,1774.0,1774.0,1022505,0.0,0.0
2016-12-28 00:00:00+09:00,1816.0,1834.0,1776.0,1806.0,1332020,0.0,0.0
2016-12-29 00:00:00+09:00,1814.0,1826.0,1782.0,1808.0,761916,0.0,0.0
2017-01-02 00:00:00+09:00,1810.0,1834.0,1798.0,1828.0,807027,0.0,0.0
2017-01-03 00:00:00+09:00,1836.0,1852.0,1816.0,1830.0,1162461,0.0,0.0
2017-01-04 00:00:00+09:00,1838.0,1910.0,1826.0,1906.0,3220553,0.0,0.0
2017-01-05 00:00:00+09:00,1928.0,1936.0,1878.0,1908.0,1989292,0.0,0.0
2017-01-06 00:00:00+09:00,1908.0,1922.0,1884.0,1894.0,899421,0.0,0.0
2017-01-09 00:00:00+09:00,1900.0,1992.0,1842.0,1846.0,4333217,0.0,0.0
2017-01-10 00:00:00+09:00,1858.0,2390.0,1834.0,2390.0,46993050,0.0,0.0
2017-01-11 00:00:00+09:00,2500.0,2630.0,2260.0,2320.0,55854550,0.0,0.0
2017-01-12 00:00:00+09:00,2190.0,2200.0,1976.0,2010.0,39768250,0.0,0.0
2017-01-13 00:00:00+09:00,2010.0,2070.0,1940.0,2040.0,14018945,0.0,0.0
2017-01-16 00:00:00+09:00,2040.0,2060.0,1988.0,1994.0,7247870,0.0,0.0
2017-01-17 00:00:00+09:00,2000.0,2020.0,1946.0,1976.0,4960177,0.0,0.0
2017-01-18 00:00:00+09:00,1976.0,2030.0,1946.0,1996.0,4447335,0.0,0.0
2017-01-19 00:00:00+09:00,2020.0,2050.0,1966.0,1974.0,9075000,0.0,0.0
2017-01-20 00:00:00+09:00,1982.0,1988.0,1926.0,1930.0,3551220,0.0,0.0
2017-01-23 00:00:00+09:00,1966.0,2000.0,1850.0,1850.0,6187100,0.0,0.0
2017-01-24 00:00:00+09:00,1862.0,1884.0,1822.0,1864.0,2741612,0.0,0.0
2017-01-25 00:00:00+09:00,1864.0,1990.0,1848.0,1876.0,7057905,0.0,0.0
2017-01-26 00:00:00+09:00,1876.0,1918.0,1876.0,1882.0,1450974,0.0,0.0
2017-01-31 00:00:00+09:00,1870.0,1882.0,1826.0,1834.0,2371043,0.0,0.0
2017-02-01 00:00:00+09:00,1834.0,1874.0,1828.0,1866.0,1977847,0.0,0.0
2017-02-02 00:00:00+09:00,1904.0,1918.0,1864.0,1870.0,3286490,0.0,0.0
2017-02-03 00:00:00+09:00,1852.0,1890.0,1844.0,1860.0,2583842,0.0,0.0
2017-02-06 00:00:00+09:00,1846.0,1858.0,1782.0,1790.0,3213153,0.0,0.0
2017-02-07 00:00:00+09:00,1796.0,1818.0,1760.0,1800.0,1873229,0.0,0.0
2017-02-08 00:00:00+09:00,1786.0,1822.0,1786.0,1790.0,1346724,0.0,0.0
2017-02-09 00:00:00+09:00,1790.0,1834.0,1778.0,1824.0,1797524,0.0,0.0
2017-02-10 00:00:00+09:00,1844.0,1844.0,1786.0,1802.0,1518150,0.0,0.0
2017-02-13 00:00:00+09:00,1800.0,1884.0,1788.0,1828.0,2215059,0.0,0.0
2017-02-14 00:00:00+09:00,1832.0,1842.0,1814.0,1822.0,903278,0.0,0.0
2017-02-15 00:00:00+09:00,1834.0,2100.0,1822.0,1962.0,33683180,0.0,0.0
2017-02-16 00:00:00+09:00,1964.0,1968.0,1892.0,1924.0,5840445,0.0,0.0
2017-02-17 00:00:00+09:00,1926.0,1984.0,1902.0,1910.0,5776665,0.0,0.0
2017-02-20 00:00:00+09:00,1912.0,1934.0,1862.0,1876.0,3268412,0.0,0.0
2017-02-21 00:00:00+09:00,1878.0,1918.0,1874.0,1886.0,2348749,0.0,0.0
2017-02-22 00:00:00+09:00,1888.0,1958.0,1842.0,1860.0,2919938,0.0,0.0
2017-02-23 00:00:00+09:00,1860.0,1882.0,1852.0,1870.0,1637514,0.0,0.0
2017-02-24 00:00:00+09:00,1890.0,1968.0,1874.0,1876.0,7551125,0.0,0.0
2017-02-27 00:00:00+09:00,1876.0,1900.0,1858.0,1862.0,1727702,0.0,0.0
2017-02-28 00:00:00+09:00,1862.0,1878.0,1840.0,1842.0,1441796,0.0,0.0
2017-03-02 00:00:00+09:00,1834.0,1842.0,1806.0,1826.0,1503211,0.0,0.0
2017-03-03 00:00:00+09:00,1826.0,1826.0,1780.0,1794.0,1569217,0.0,0.0
2017-03-06 00:00:00+09:00,1776.0,1832.0,1764.0,1810.0,995747,0.0,0.0
2017-03-07 00:00:00+09:00,1802.0,1836.0,1802.0,1806.0,1310955,0.0,0.0
2017-03-08 00:00:00+09:00,1810.0,1900.0,1806.0,1870.0,5659085,0.0,0.0
2017-03-09 00:00:00+09:00,1930.0,1944.0,1840.0,1840.0,3668330,0.0,0.0
2017-03-10 00:00:00+09:00,1842.0,1880.0,1800.0,1874.0,3130149,0.0,0.0
2017-03-13 00:00:00+09:00,1862.0,1924.0,1862.0,1914.0,3698262,0.0,0.0
2017-03-14 00:00:00+09:00,1924.0,1926.0,1890.0,1912.0,2366929,0.0,0.0
2017-03-15 00:00:00+09:00,1936.0,1940.0,1878.0,1898.0,2330103,0.0,0.0
2017-03-16 00:00:00+09:00,1900.0,2170.0,1900.0,1982.0,33437380,0.0,0.0
2017-03-17 00:00:00+09:00,2000.0,2010.0,1936.0,1948.0,4096566,0.0,0.0
2017-03-20 00:00:00+09:00,1970.0,2000.0,1922.0,1930.0,3495489,0.0,0.0
2017-03-21 00:00:00+09:00,1932.0,2080.0,1932.0,1960.0,9657955,0.0,0.0
2017-03-22 00:00:00+09:00,1950.0,2010.0,1936.0,1978.0,3685566,0.0,0.0
2017-03-23 00:00:00+09:00,2000.0,2050.0,1976.0,1992.0,4771746,0.0,0.0
2017-03-24 00:00:00+09:00,2010.0,2040.0,1950.0,1986.0,2415432,0.0,0.0
2017-03-27 00:00:00+09:00,2010.0,2010.0,1924.0,1928.0,2629521,0.0,0.0
2017-03-28 00:00:00+09:00,1924.0,1960.0,1912.0,1948.0,1566995,0.0,0.0
2017-03-29 00:00:00+09:00,1960.0,1960.0,1936.0,1938.0,1365981,0.0,0.0
2017-03-30 00:00:00+09:00,1940.0,1970.0,1934.0,1948.0,1324528,0.0,0.0
2017-03-31 00:00:00+09:00,1944.0,2030.0,1936.0,1990.0,3863627,0.0,0.0
2017-04-03 00:00:00+09:00,2010.0,2050.0,1998.0,2040.0,3253746,0.0,0.0
2017-04-04 00:00:00+09:00,2050.0,2330.0,2010.0,2100.0,23596590,0.0,0.0
2017-04-05 00:00:00+09:00,2090.0,2160.0,2050.0,2140.0,5043655,0.0,0.0
2017-04-06 00:00:00+09:00,2140.0,2160.0,2070.0,2090.0,3584281,0.0,0.0
2017-04-07 00:00:00+09:00,2080.0,2130.0,2020.0,2120.0,2803194,0.0,0.0
2017-04-10 00:00:00+09:00,2110.0,2130.0,1996.0,2040.0,3088550,0.0,0.0
2017-04-11 00:00:00+09:00,2110.0,2250.0,2030.0,2080.0,13292915,0.0,0.0
2017-04-12 00:00:00+09:00,2160.0,2240.0,2110.0,2210.0,10931740,0.0,0.0
2017-04-13 00:00:00+09:00,2280.0,2380.0,2210.0,2230.0,13568915,0.0,0.0
2017-04-14 00:00:00+09:00,2210.0,2210.0,2060.0,2080.0,6070665,0.0,0.0
2017-04-17 00:00:00+09:00,2130.0,2160.0,2090.0,2120.0,2732690,0.0,0.0
2017-04-18 00:00:00+09:00,2130.0,2150.0,2060.0,2110.0,2826062,0.0,0.0
2017-04-19 00:00:00+09:00,2100.0,2100.0,2040.0,2050.0,2278000,0.0,0.0
2017-04-20 00:00:00+09:00,2040.0,2060.0,2010.0,2040.0,1818613,0.0,0.0
2017-04-21 00:00:00+09:00,2040.0,2080.0,1994.0,2010.0,3909690,0.0,0.0
2017-04-24 00:00:00+09:00,1998.0,2010.0,1950.0,1956.0,2397854,0.0,0.0
2017-04-25 00:00:00+09:00,1958.0,1990.0,1956.0,1978.0,1001173,0.0,0.0
2017-04-26 00:00:00+09:00,1998.0,1998.0,1968.0,1970.0,1287351,0.0,0.0
2017-04-27 00:00:00+09:00,1964.0,1976.0,1940.0,1946.0,1205094,0.0,0.0
2017-04-28 00:00:00+09:00,1958.0,1996.0,1936.0,1964.0,1419636,0.0,0.0
2017-05-02 00:00:00+09:00,1958.0,1996.0,1954.0,1966.0,1567860,0.0,0.0
2017-05-04 00:00:00+09:00,1998.0,2050.0,1976.0,2020.0,1893254,0.0,0.0
2017-05-08 00:00:00+09:00,2030.0,2050.0,1998.0,2050.0,1770610,0.0,0.0
2017-05-10 00:00:00+09:00,2020.0,2060.0,1960.0,2000.0,2638263,0.0,0.0
2017-05-11 00:00:00+09:00,2010.0,2050.0,1984.0,2010.0,1569194,0.0,0.0
2017-05-12 00:00:00+09:00,2010.0,2020.0,1976.0,1980.0,1357948,0.0,0.0
2017-05-15 00:00:00+09:00,1976.0,2000.0,1960.0,1974.0,806815,0.0,0.0
2017-05-16 00:00:00+09:00,1972.0,1994.0,1960.0,1962.0,1093357,0.0,0.0
2017-05-17 00:00:00+09:00,1966.0,2090.0,1960.0,2000.0,4846874,0.0,0.0
2017-05-18 00:00:00+09:00,1998.0,2000.0,1970.0,1974.0,1492182,0.0,0.0
2017-05-19 00:00:00+09:00,1978.0,1994.0,1970.0,1984.0,1006136,0.0,0.0
2017-05-22 00:00:00+09:00,1984.0,2050.0,1974.0,2010.0,2231751,0.0,0.0
2017-05-23 00:00:00+09:00,2020.0,2030.0,1992.0,2000.0,1090589,0.0,0.0
2017-05-24 00:00:00+09:00,2000.0,2010.0,1990.0,1992.0,1258781,0.0,0.0
2017-05-25 00:00:00+09:00,2010.0,2090.0,1986.0,1996.0,6960860,0.0,0.0
2017-05-26 00:00:00+09:00,2010.0,2040.0,1996.0,2030.0,2316082,0.0,0.0
2017-05-29 00:00:00+09:00,1700.0,1770.0,1622.0,1650.0,14441800,0.0,0.0
2017-05-30 00:00:00+09:00,1670.0,1728.0,1660.0,1702.0,5076335,0.0,0.0
2017-05-31 00:00:00+09:00,1702.0,1718.0,1662.0,1702.0,3989772,0.0,0.0
2017-06-01 00:00:00+09:00,1694.0,1700.0,1680.0,1682.0,1525323,0.0,0.0
2017-06-02 00:00:00+09:00,1680.0,1706.0,1680.0,1684.0,1291018,0.0,0.0
2017-06-05 00:00:00+09:00,1704.0,1740.0,1688.0,1706.0,3576959,0.0,0.0
2017-06-07 00:00:00+09:00,1706.0,1714.0,1682.0,1686.0,2171893,0.0,0.0
2017-06-08 00:00:00+09:00,1688.0,1708.0,1662.0,1700.0,2593859,0.0,0.0
2017-06-09 00:00:00+09:00,1700.0,1710.0,1680.0,1704.0,1961565,0.0,0.0
2017-06-12 00:00:00+09:00,1710.0,1722.0,1694.0,1708.0,2689914,0.0,0.0
2017-06-13 00:00:00+09:00,1694.0,1704.0,1682.0,1700.0,1841088,0.0,0.0
2017-06-14 00:00:00+09:00,1686.0,1704.0,1686.0,1686.0,1381380,0.0,0.0
2017-06-15 00:00:00+09:00,1686.0,1722.0,1686.0,1700.0,2567438,0.0,0.0
2017-06-16 00:00:00+09:00,1704.0,1712.0,1686.0,1688.0,1224592,0.0,0.0
2017-06-19 00:00:00+09:00,1710.0,1724.0,1690.0,1702.0,2874325,0.0,0.0
2017-06-20 00:00:00+09:00,1696.0,1696.0,1662.0,1664.0,2178577,0.0,0.0
2017-06-21 00:00:00+09:00,1668.0,1678.0,1600.0,1646.0,3514829,0.0,0.0
2017-06-22 00:00:00+09:00,1640.0,2130.0,1608.0,2130.0,47616550,0.0,0.0
2017-06-23 00:00:00+09:00,2230.0,2260.0,1940.0,1940.0,47159050,0.0,0.0
2017-06-26 00:00:00+09:00,1920.0,1954.0,1782.0,1800.0,19673205,0.0,0.0
2017-06-27 00:00:00+09:00,1774.0,1804.0,1734.0,1776.0,12198125,0.0,0.0
2017-06-28 00:00:00+09:00,1604.0,1726.0,1600.0,1610.0,25462830,0.0,0.0
2017-06-29 00:00:00+09:00,1614.0,1660.0,1580.0,1600.0,6003140,0.0,0.0
2017-06-30 00:00:00+09:00,1620.0,1620.0,1588.0,1588.0,2518543,0.0,0.0
2017-07-03 00:00:00+09:00,1562.0,1594.0,1536.0,1548.0,3412344,0.0,0.0
2017-07-04 00:00:00+09:00,1548.0,1860.0,1548.0,1700.0,62376100,0.0,0.0
2017-07-05 00:00:00+09:00,1718.0,1764.0,1650.0,1668.0,11968410,0.0,0.0
2017-07-06 00:00:00+09:00,1682.0,1770.0,1668.0,1672.0,12002765,0.0,0.0
2017-07-07 00:00:00+09:00,1640.0,1696.0,1640.0,1670.0,4029596,0.0,0.0
2017-07-10 00:00:00+09:00,1682.0,1698.0,1658.0,1660.0,3534869,0.0,0.0
2017-07-11 00:00:00+09:00,1666.0,1688.0,1652.0,1652.0,2627489,0.0,0.0
2017-07-12 00:00:00+09:00,1662.0,1682.0,1596.0,1610.0,3835933,0.0,0.0
2017-07-13 00:00:00+09:00,1616.0,1634.0,1590.0,1598.0,2869762,0.0,0.0
2017-07-14 00:00:00+09:00,1632.0,1760.0,1630.0,1660.0,10810095,0.0,0.0
2017-07-17 00:00:00+09:00,1660.0,1690.0,1642.0,1650.0,2897728,0.0,0.0
2017-07-18 00:00:00+09:00,1644.0,1652.0,1596.0,1604.0,4810035,0.0,0.0
2017-07-19 00:00:00+09:00,1636.0,1638.0,1602.0,1616.0,3473232,0.0,0.0
2017-07-20 00:00:00+09:00,1620.0,1626.0,1602.0,1612.0,3601593,0.0,0.0
2017-07-21 00:00:00+09:00,1616.0,1688.0,1610.0,1618.0,10139075,0.0,0.0
2017-07-24 00:00:00+09:00,1628.0,1646.0,1596.0,1598.0,4278733,0.0,0.0
2017-07-25 00:00:00+09:00,1604.0,1604.0,1570.0,1574.0,3257305,0.0,0.0
2017-07-26 00:00:00+09:00,1574.0,1578.0,1540.0,1540.0,2760266,0.0,0.0
2017-07-27 00:00:00+09:00,1540.0,1548.0,1430.0,1480.0,3315495,0.0,0.0
2017-07-28 00:00:00+09:00,1486.0,1630.0,1444.0,1502.0,14342120,0.0,0.0
2017-07-31 00:00:00+09:00,1502.0,1506.0,1450.0,1454.0,3618333,0.0,0.0
2017-08-01 00:00:00+09:00,1456.0,1544.0,1448.0,1448.0,7433990,0.0,0.0
2017-08-02 00:00:00+09:00,1466.0,1496.0,1460.0,1470.0,4550260,0.0,0.0
2017-08-03 00:00:00+09:00,1488.0,1488.0,1450.0,1452.0,3348223,0.0,0.0
2017-08-04 00:00:00+09:00,1452.0,1492.0,1452.0,1468.0,2700198,0.0,0.0
2017-08-07 00:00:00+09:00,1480.0,1496.0,1472.0,1480.0,2463682,0.0,0.0
2017-08-08 00:00:00+09:00,1482.0,1502.0,1474.0,1482.0,1731133,0.0,0.0
2017-08-09 00:00:00+09:00,1482.0,1500.0,1450.0,1450.0,2319375,0.0,0.0
2017-08-10 00:00:00+09:00,1448.0,1470.0,1434.0,1448.0,1813812,0.0,0.0
2017-08-11 00:00:00+09:00,1438.0,1530.0,1430.0,1470.0,6490260,0.0,0.0
2017-08-14 00:00:00+09:00,1530.0,1538.0,1470.0,1478.0,3007647,0.0,0.0
2017-08-16 00:00:00+09:00,1484.0,1502.0,1456.0,1466.0,2551078,0.0,0.0
2017-08-17 00:00:00+09:00,1468.0,1570.0,1452.0,1490.0,9341385,0.0,0.0
2017-08-18 00:00:00+09:00,1490.0,1518.0,1478.0,1484.0,3637609,0.0,0.0
2017-08-21 00:00:00+09:00,1490.0,1494.0,1464.0,1464.0,2192142,0.0,0.0
2017-08-22 00:00:00+09:00,1284.0,1358.0,1280.0,1312.0,23410450,0.0,0.0
2017-08-23 00:00:00+09:00,1318.0,1326.0,1296.0,1306.0,4954790,0.0,0.0
2017-08-24 00:00:00+09:00,1302.0,1360.0,1300.0,1302.0,19190940,0.0,0.0
2017-08-25 00:00:00+09:00,1304.0,1316.0,1296.0,1302.0,4692661,0.0,0.0
2017-08-28 00:00:00+09:00,1304.0,1314.0,1298.0,1300.0,3755297,0.0,0.0
2017-08-29 00:00:00+09:00,1298.0,1304.0,1270.0,1272.0,5822530,0.0,0.0
2017-08-30 00:00:00+09:00,1282.0,1296.0,1272.0,1278.0,4140643,0.0,0.0
2017-08-31 00:00:00+09:00,1288.0,1296.0,1272.0,1274.0,3898982,0.0,0.0
2017-09-01 00:00:00+09:00,1276.0,1278.0,1262.0,1262.0,3940357,0.0,0.0
2017-09-04 00:00:00+09:00,1230.0,1248.0,1220.0,1220.0,6999625,0.0,0.0
2017-09-05 00:00:00+09:00,1224.0,1232.0,1198.0,1212.0,4808467,0.0,0.0
2017-09-06 00:00:00+09:00,1214.0,1218.0,1194.0,1194.0,3033347,0.0,0.0
2017-09-07 00:00:00+09:00,1194.0,1208.0,1192.0,1196.0,2597996,0.0,0.0
2017-09-08 00:00:00+09:00,1198.0,1204.0,1134.0,1146.0,6661085,0.0,0.0
2017-09-11 00:00:00+09:00,1144.0,1206.0,1136.0,1168.0,6420945,0.0,0.0
2017-09-12 00:00:00+09:00,1166.0,1194.0,1166.0,1174.0,2313983,0.0,0.0
2017-09-13 00:00:00+09:00,1180.0,1218.0,1178.0,1180.0,4688308,0.0,0.0
2017-09-14 00:00:00+09:00,1180.0,1192.0,1166.0,1176.0,2041829,0.0,0.0
2017-09-15 00:00:00+09:00,1172.0,1190.0,1150.0,1156.0,2655267,0.0,0.0
2017-09-18 00:00:00+09:00,1160.0,1180.0,1152.0,1170.0,2165137,0.0,0.0
2017-09-19 00:00:00+09:00,1174.0,1190.0,1158.0,1162.0,2228018,0.0,0.0
2017-09-20 00:00:00+09:00,1156.0,1164.0,1120.0,1130.0,3422193,0.0,0.0
2017-09-21 00:00:00+09:00,1128.0,1132.0,1088.0,1092.0,4883522,0.0,0.0
2017-09-25 00:00:00+09:00,1070.0,1184.0,1064.0,1102.0,15999305,0.0,0.0
2017-09-26 00:00:00+09:00,1092.0,1158.0,1090.0,1134.0,6084735,0.0,0.0
2017-09-27 00:00:00+09:00,1170.0,1176.0,1136.0,1138.0,4574185,0.0,0.0
2017-09-28 00:00:00+09:00,1122.0,1154.0,1122.0,1138.0,2159524,0.0,0.0
2017-09-29 00:00:00+09:00,1146.0,1174.0,1134.0,1158.0,3043896,0.0,0.0
2017-10-10 00:00:00+09:00,1178.0,1186.0,1150.0,1150.0,2691540,0.0,0.0
2017-10-11 00:00:00+09:00,1152.0,1172.0,1144.0,1172.0,1608620,0.0,0.0
2017-10-12 00:00:00+09:00,1176.0,1176.0,1152.0,1154.0,1948538,0.0,0.0
2017-10-13 00:00:00+09:00,1156.0,1158.0,1106.0,1108.0,3007415,0.0,0.0
2017-10-16 00:00:00+09:00,1106.0,1130.0,1100.0,1116.0,1728345,0.0,0.0
2017-10-17 00:00:00+09:00,1120.0,1138.0,1114.0,1120.0,1498647,0.0,0.0
2017-10-18 00:00:00+09:00,1116.0,1124.0,1092.0,1096.0,2219869,0.0,0.0
2017-10-19 00:00:00+09:00,1096.0,1098.0,1074.0,1092.0,2001315,0.0,0.0
2017-10-20 00:00:00+09:00,1100.0,1106.0,1084.0,1098.0,1547855,0.0,0.0
2017-10-23 00:00:00+09:00,1098.0,1114.0,1092.0,1094.0,1685062,0.0,0.0
2017-10-24 00:00:00+09:00,1088.0,1114.0,1086.0,1096.0,1927803,0.0,0.0
2017-10-25 00:00:00+09:00,1102.0,1104.0,1088.0,1098.0,1815937,0.0,0.0
2017-10-26 00:00:00+09:00,1100.0,1146.0,1096.0,1106.0,5156720,0.0,0.0
2017-10-27 00:00:00+09:00,1120.0,1140.0,1112.0,1128.0,2593731,0.0,0.0
2017-10-30 00:00:00+09:00,1128.0,1164.0,1122.0,1138.0,4067938,0.0,0.0
2017-10-31 00:00:00+09:00,1144.0,1158.0,1130.0,1136.0,2182188,0.0,0.0
2017-11-01 00:00:00+09:00,1138.0,1168.0,1138.0,1164.0,4545029,0.0,0.0
2017-11-02 00:00:00+09:00,1172.0,1176.0,1150.0,1168.0,3290443,0.0,0.0
2017-11-03 00:00:00+09:00,1170.0,1172.0,1152.0,1158.0,2433333,0.0,0.0
2017-11-06 00:00:00+09:00,1148.0,1158.0,1142.0,1148.0,1547570,0.0,0.0
2017-11-07 00:00:00+09:00,1154.0,1170.0,1146.0,1162.0,3024592,0.0,0.0
2017-11-08 00:00:00+09:00,1176.0,1374.0,1172.0,1304.0,80335200,0.0,0.0
2017-11-09 00:00:00+09:00,1300.0,1300.0,1244.0,1268.0,13830360,0.0,0.0
2017-11-10 00:00:00+09:00,1278.0,1302.0,1220.0,1232.0,12920645,0.0,0.0
2017-11-13 00:00:00+09:00,1232.0,1266.0,1218.0,1236.0,7412510,0.0,0.0
2017-11-14 00:00:00+09:00,1254.0,1298.0,1254.0,1262.0,8946115,0.0,0.0
2017-11-15 00:00:00+09:00,1282.0,1288.0,1258.0,1268.0,7985655,0.0,0.0
2017-11-16 00:00:00+09:00,1274.0,1326.0,1264.0,1322.0,11159470,0.0,0.0
2017-11-17 00:00:00+09:00,1330.0,1356.0,1286.0,1300.0,9399695,0.0,0.0
2017-11-20 00:00:00+09:00,1304.0,1320.0,1292.0,1300.0,4933084,0.0,0.0
2017-11-21 00:00:00+09:00,1308.0,1328.0,1296.0,1316.0,7196485,0.0,0.0
2017-11-22 00:00:00+09:00,1314.0,1330.0,1208.0,1240.0,8384765,0.0,0.0
2017-11-23 00:00:00+09:00,1244.0,1290.0,1244.0,1288.0,5822550,0.0,0.0
2017-11-24 00:00:00+09:00,1298.0,1302.0,1276.0,1280.0,2906057,0.0,0.0
2017-11-27 00:00:00+09:00,1286.0,1292.0,1264.0,1272.0,3529375,0.0,0.0
2017-11-28 00:00:00+09:00,1278.0,1278.0,1248.0,1250.0,2989737,0.0,0.0
2017-11-29 00:00:00+09:00,1244.0,1262.0,1232.0,1250.0,3962977,0.0,0.0
2017-11-30 00:00:00+09:00,1260.0,1260.0,1224.0,1226.0,2947778,0.0,0.0
2017-12-01 00:00:00+09:00,1224.0,1228.0,1192.0,1222.0,4640383,0.0,0.0
2017-12-04 00:00:00+09:00,1224.0,1262.0,1208.0,1262.0,3775650,0.0,0.0
2017-12-05 00:00:00+09:00,1270.0,1300.0,1240.0,1270.0,6178055,0.0,0.0
2017-12-06 00:00:00+09:00,1270.0,1282.0,1242.0,1242.0,3718205,0.0,0.0
2017-12-07 00:00:00+09:00,1242.0,1258.0,1194.0,1206.0,4715988,0.0,0.0
2017-12-08 00:00:00+09:00,1216.0,1220.0,1194.0,1200.0,2573530,0.0,0.0
2017-12-11 00:00:00+09:00,1200.0,1214.0,1156.0,1214.0,2451884,0.0,0.0
2017-12-12 00:00:00+09:00,1208.0,1218.0,1190.0,1192.0,2075339,0.0,0.0
2017-12-13 00:00:00+09:00,1196.0,1214.0,1180.0,1208.0,2090987,0.0,0.0
2017-12-14 00:00:00+09:00,1214.0,1224.0,1198.0,1224.0,3316865,0.0,0.0
2017-12-15 00:00:00+09:00,1230.0,1232.0,1200.0,1210.0,3142168,0.0,0.0
2017-12-18 00:00:00+09:00,1212.0,1216.0,1196.0,1204.0,2031203,0.0,0.0
2017-12-19 00:00:00+09:00,1206.0,1206.0,1178.0,1182.0,3689529,0.0,0.0
2017-12-21 00:00:00+09:00,1172.0,1174.0,1120.0,1120.0,3867982,0.0,0.0
2017-12-22 00:00:00+09:00,1124.0,1212.0,1124.0,1188.0,3867192,0.0,0.0
2017-12-26 00:00:00+09:00,1200.0,1226.0,1156.0,1160.0,5314680,0.0,0.0
2017-12-27 00:00:00+09:00,1174.0,1260.0,1172.0,1236.0,5841110,0.0,0.0
2017-12-28 00:00:00+09:00,1230.0,1270.0,1218.0,1236.0,4635241,0.0,0.0
2018-01-02 00:00:00+09:00,1248.0,1274.0,1238.0,1258.0,4707386,0.0,0.0
2018-01-03 00:00:00+09:00,1266.0,1266.0,1232.0,1242.0,3271250,0.0,0.0
2018-01-04 00:00:00+09:00,1240.0,1240.0,1212.0,1216.0,3527574,0.0,0.0
2018-01-05 00:00:00+09:00,1216.0,1250.0,1216.0,1234.0,3165797,0.0,0.0
2018-01-08 00:00:00+09:00,1242.0,1242.0,1208.0,1212.0,3643495,0.0,0.0
2018-01-09 00:00:00+09:00,1204.0,1234.0,1200.0,1220.0,3672155,0.0,0.0
2018-01-10 00:00:00+09:00,1220.0,1224.0,1200.0,1208.0,2804110,0.0,0.0
2018-01-11 00:00:00+09:00,1208.0,1240.0,1202.0,1240.0,3439355,0.0,0.0
2018-01-12 00:00:00+09:00,1234.0,1238.0,1204.0,1212.0,3570820,0.0,0.0
2018-01-15 00:00:00+09:00,1212.0,1216.0,1194.0,1198.0,3018054,0.0,0.0
2018-01-16 00:00:00+09:00,1200.0,1200.0,1182.0,1192.0,2669048,0.0,0.0
2018-01-17 00:00:00+09:00,1192.0,1240.0,1182.0,1226.0,5844735,0.0,0.0
2018-01-18 00:00:00+09:00,1234.0,1360.0,1228.0,1348.0,45659460,0.0,0.0
2018-01-19 00:00:00+09:00,1340.0,1354.0,1284.0,1340.0,12702505,0.0,0.0
2018-01-22 00:00:00+09:00,1360.0,1416.0,1316.0,1374.0,20655185,0.0,0.0
2018-01-23 00:00:00+09:00,1372.0,1374.0,1304.0,1328.0,9540615,0.0,0.0
2018-01-24 00:00:00+09:00,1328.0,1346.0,1308.0,1324.0,5018125,0.0,0.0
2018-01-25 00:00:00+09:00,1326.0,1332.0,1308.0,1332.0,3258105,0.0,0.0
2018-01-26 00:00:00+09:00,1332.0,1348.0,1316.0,1328.0,5132395,0.0,0.0
2018-01-29 00:00:00+09:00,1332.0,1346.0,1316.0,1316.0,5253795,0.0,0.0
2018-01-30 00:00:00+09:00,1316.0,1318.0,1282.0,1282.0,5651020,0.0,0.0
2018-01-31 00:00:00+09:00,1280.0,1322.0,1270.0,1280.0,5905285,0.0,0.0
2018-02-01 00:00:00+09:00,1274.0,1348.0,1274.0,1312.0,12487805,0.0,0.0
2018-02-02 00:00:00+09:00,1330.0,1330.0,1290.0,1302.0,3889960,0.0,0.0
2018-02-05 00:00:00+09:00,1280.0,1292.0,1260.0,1260.0,3489645,0.0,0.0
2018-02-06 00:00:00+09:00,1220.0,1260.0,1198.0,1260.0,5774315,0.0,0.0
2018-02-07 00:00:00+09:00,1266.0,1348.0,1260.0,1300.0,17171170,0.0,0.0
2018-02-08 00:00:00+09:00,1318.0,1384.0,1312.0,1380.0,18500630,0.0,0.0
2018-02-09 00:00:00+09:00,1366.0,1394.0,1324.0,1336.0,10596150,0.0,0.0
2018-02-12 00:00:00+09:00,1342.0,1350.0,1308.0,1308.0,4362981,0.0,0.0
2018-02-13 00:00:00+09:00,1318.0,1318.0,1272.0,1274.0,3992224,0.0,0.0
2018-02-14 00:00:00+09:00,1270.0,1296.0,1242.0,1282.0,4437354,0.0,0.0
2018-02-19 00:00:00+09:00,1302.0,1334.0,1294.0,1334.0,4946914,0.0,0.0
2018-02-20 00:00:00+09:00,1330.0,1338.0,1304.0,1306.0,3362233,0.0,0.0
2018-02-21 00:00:00+09:00,1314.0,1318.0,1298.0,1318.0,2517730,0.0,0.0
2018-02-22 00:00:00+09:00,1360.0,1372.0,1318.0,1320.0,8830735,0.0,0.0
2018-02-23 00:00:00+09:00,1326.0,1338.0,1302.0,1318.0,3042067,0.0,0.0
2018-02-26 00:00:00+09:00,1334.0,1334.0,1302.0,1306.0,2529979,0.0,0.0
2018-02-27 00:00:00+09:00,1314.0,1324.0,1280.0,1280.0,2762914,0.0,0.0
2018-02-28 00:00:00+09:00,1280.0,1288.0,1258.0,1266.0,3112317,0.0,0.0
2018-03-02 00:00:00+09:00,1252.0,1260.0,1242.0,1260.0,1937457,0.0,0.0
2018-03-05 00:00:00+09:00,1270.0,1272.0,1242.0,1242.0,1960656,0.0,0.0
2018-03-06 00:00:00+09:00,1250.0,1276.0,1242.0,1276.0,2131369,0.0,0.0
2018-03-07 00:00:00+09:00,1278.0,1280.0,1246.0,1246.0,2419651,0.0,0.0
2018-03-08 00:00:00+09:00,1252.0,1278.0,1246.0,1260.0,1941220,0.0,0.0
2018-03-09 00:00:00+09:00,1264.0,1354.0,1260.0,1304.0,9115965,0.0,0.0
2018-03-12 00:00:00+09:00,1332.0,1332.0,1298.0,1310.0,2683086,0.0,0.0
2018-03-13 00:00:00+09:00,1312.0,1356.0,1294.0,1334.0,10133535,0.0,0.0
2018-03-14 00:00:00+09:00,1328.0,1346.0,1324.0,1334.0,3212074,0.0,0.0
2018-03-15 00:00:00+09:00,1336.0,1350.0,1322.0,1324.0,2725708,0.0,0.0
2018-03-16 00:00:00+09:00,1324.0,1330.0,1300.0,1310.0,2576523,0.0,0.0
2018-03-19 00:00:00+09:00,1314.0,1320.0,1300.0,1306.0,1761565,0.0,0.0
2018-03-20 00:00:00+09:00,1294.0,1302.0,1280.0,1286.0,2573109,0.0,0.0
2018-03-21 00:00:00+09:00,1286.0,1302.0,1274.0,1276.0,2255848,0.0,0.0
2018-03-22 00:00:00+09:00,1278.0,1286.0,1246.0,1246.0,4233898,0.0,0.0
2018-03-23 00:00:00+09:00,1234.0,1242.0,1202.0,1206.0,4190579,0.0,0.0
2018-03-26 00:00:00+09:00,1192.0,1230.0,1184.0,1230.0,2633494,0.0,0.0
2018-03-27 00:00:00+09:00,1242.0,1266.0,1232.0,1244.0,2606239,0.0,0.0
2018-03-28 00:00:00+09:00,1234.0,1240.0,1220.0,1230.0,1844300,0.0,0.0
2018-03-29 00:00:00+09:00,1232.0,1238.0,1216.0,1230.0,1772262,0.0,0.0
2018-03-30 00:00:00+09:00,1238.0,1250.0,1230.0,1240.0,1317041,0.0,0.0
2018-04-02 00:00:00+09:00,1250.0,1250.0,1230.0,1232.0,1727149,0.0,0.0
2018-04-03 00:00:00+09:00,1222.0,1244.0,1220.0,1242.0,1925031,0.0,0.0
2018-04-04 00:00:00+09:00,1244.0,1250.0,1220.0,1224.0,2007106,0.0,0.0
2018-04-05 00:00:00+09:00,1224.0,1236.0,1220.0,1226.0,1534117,0.0,0.0
2018-04-06 00:00:00+09:00,1232.0,1232.0,1204.0,1210.0,1973721,0.0,0.0
2018-04-09 00:00:00+09:00,1210.0,1216.0,1200.0,1206.0,1931385,0.0,0.0
2018-04-10 00:00:00+09:00,1206.0,1206.0,1190.0,1204.0,2159813,0.0,0.0
2018-04-11 00:00:00+09:00,1210.0,1210.0,1194.0,1196.0,1539784,0.0,0.0
2018-04-12 00:00:00+09:00,1198.0,1208.0,1186.0,1206.0,2934891,0.0,0.0
2018-04-13 00:00:00+09:00,1204.0,1228.0,1192.0,1214.0,2573442,0.0,0.0
2018-04-16 00:00:00+09:00,1232.0,1232.0,1214.0,1218.0,1415338,0.0,0.0
2018-04-17 00:00:00+09:00,1218.0,1246.0,1210.0,1244.0,2777504,0.0,0.0
2018-04-18 00:00:00+09:00,1248.0,1268.0,1224.0,1228.0,3991089,0.0,0.0
2018-04-19 00:00:00+09:00,1232.0,1240.0,1222.0,1236.0,2591408,0.0,0.0
2018-04-20 00:00:00+09:00,1248.0,1270.0,1240.0,1254.0,5195850,0.0,0.0
2018-04-23 00:00:00+09:00,1260.0,1264.0,1242.0,1250.0,3227619,0.0,0.0
2018-04-24 00:00:00+09:00,1252.0,1256.0,1232.0,1234.0,2560321,0.0,0.0
2018-04-25 00:00:00+09:00,1234.0,1256.0,1230.0,1234.0,2985774,0.0,0.0
2018-04-26 00:00:00+09:00,1234.0,1252.0,1232.0,1238.0,1779913,0.0,0.0
2018-04-27 00:00:00+09:00,1250.0,1256.0,1232.0,1236.0,1906668,0.0,0.0
2018-04-30 00:00:00+09:00,1254.0,1306.0,1248.0,1280.0,8538770,0.0,0.0
2018-05-02 00:00:00+09:00,1302.0,1302.0,1252.0,1270.0,4896876,0.0,0.0
2018-05-03 00:00:00+09:00,1320.0,1530.0,1316.0,1338.0,74673850,0.0,0.0
2018-05-04 00:00:00+09:00,1312.0,1394.0,1294.0,1364.0,19083220,0.0,0.0
2018-05-08 00:00:00+09:00,1366.0,1482.0,1328.0,1388.0,29073435,0.0,0.0
2018-05-09 00:00:00+09:00,1400.0,1446.0,1374.0,1378.0,13856325,0.0,0.0
2018-05-10 00:00:00+09:00,1374.0,1424.0,1370.0,1384.0,7439350,0.0,0.0
2018-05-11 00:00:00+09:00,1390.0,1410.0,1344.0,1354.0,6933900,0.0,0.0
2018-05-14 00:00:00+09:00,1354.0,1374.0,1326.0,1332.0,6255165,0.0,0.0
2018-05-15 00:00:00+09:00,1326.0,1362.0,1326.0,1342.0,7490065,0.0,0.0
2018-05-16 00:00:00+09:00,1316.0,1318.0,1268.0,1272.0,7831515,0.0,0.0
2018-05-17 00:00:00+09:00,1276.0,1306.0,1276.0,1292.0,3372908,0.0,0.0
2018-05-18 00:00:00+09:00,1296.0,1316.0,1286.0,1304.0,2184491,0.0,0.0
2018-05-21 00:00:00+09:00,1308.0,1356.0,1304.0,1334.0,5860150,0.0,0.0
2018-05-23 00:00:00+09:00,1332.0,1334.0,1300.0,1304.0,3100707,0.0,0.0
2018-05-24 00:00:00+09:00,1310.0,1336.0,1286.0,1288.0,3803366,0.0,0.0
2018-05-25 00:00:00+09:00,1260.0,1274.0,1242.0,1270.0,3271190,0.0,0.0
2018-05-28 00:00:00+09:00,1280.0,1384.0,1280.0,1346.0,14710710,0.0,0.0
2018-05-29 00:00:00+09:00,1344.0,1346.0,1312.0,1314.0,4600200,0.0,0.0
2018-05-30 00:00:00+09:00,1308.0,1310.0,1268.0,1282.0,4768708,0.0,0.0
2018-05-31 00:00:00+09:00,1282.0,1320.0,1278.0,1300.0,3296956,0.0,0.0
2018-06-01 00:00:00+09:00,1296.0,1304.0,1278.0,1282.0,2534484,0.0,0.0
2018-06-04 00:00:00+09:00,1296.0,1298.0,1276.0,1278.0,1980132,0.0,0.0
2018-06-05 00:00:00+09:00,1276.0,1330.0,1274.0,1310.0,3844047,0.0,0.0
2018-06-07 00:00:00+09:00,1312.0,1370.0,1298.0,1338.0,8644965,0.0,0.0
2018-06-08 00:00:00+09:00,1344.0,1346.0,1322.0,1324.0,2516779,0.0,0.0
2018-06-11 00:00:00+09:00,1324.0,1328.0,1302.0,1306.0,1935624,0.0,0.0
2018-06-12 00:00:00+09:00,1308.0,1312.0,1290.0,1292.0,2182970,0.0,0.0
2018-06-14 00:00:00+09:00,1292.0,1300.0,1254.0,1260.0,3693626,0.0,0.0
2018-06-15 00:00:00+09:00,1262.0,1300.0,1262.0,1280.0,2421250,0.0,0.0
2018-06-18 00:00:00+09:00,1284.0,1284.0,1222.0,1240.0,3673823,0.0,0.0
2018-06-19 00:00:00+09:00,1234.0,1256.0,1210.0,1214.0,2532301,0.0,0.0
2018-06-20 00:00:00+09:00,1214.0,1230.0,1200.0,1230.0,1766397,0.0,0.0
2018-06-21 00:00:00+09:00,1232.0,1238.0,1200.0,1202.0,1910406,0.0,0.0
2018-06-22 00:00:00+09:00,1202.0,1212.0,1180.0,1200.0,2611146,0.0,0.0
2018-06-25 00:00:00+09:00,1200.0,1206.0,1182.0,1200.0,1281758,0.0,0.0
2018-06-26 00:00:00+09:00,1196.0,1208.0,1188.0,1196.0,1271085,0.0,0.0
2018-06-27 00:00:00+09:00,1198.0,1204.0,1170.0,1170.0,1723345,0.0,0.0
2018-06-28 00:00:00+09:00,1150.0,1182.0,1132.0,1132.0,2213684,0.0,0.0
2018-06-29 00:00:00+09:00,1136.0,1150.0,1110.0,1148.0,2397813,0.0,0.0
2018-07-02 00:00:00+09:00,1150.0,1154.0,1086.0,1086.0,2482662,0.0,0.0
2018-07-03 00:00:00+09:00,1082.0,1112.0,1080.0,1102.0,1752643,0.0,0.0
2018-07-04 00:00:00+09:00,1106.0,1118.0,1090.0,1108.0,1256093,0.0,0.0
2018-07-05 00:00:00+09:00,1108.0,1114.0,1076.0,1098.0,1877540,0.0,0.0
2018-07-06 00:00:00+09:00,1098.0,1120.0,1084.0,1120.0,1322974,0.0,0.0
2018-07-09 00:00:00+09:00,1112.0,1116.0,1098.0,1102.0,1218182,0.0,0.0
2018-07-10 00:00:00+09:00,1104.0,1134.0,1104.0,1130.0,1050873,0.0,0.0
2018-07-11 00:00:00+09:00,1130.0,1132.0,1108.0,1112.0,1266277,0.0,0.0
2018-07-12 00:00:00+09:00,1110.0,1162.0,1102.0,1128.0,3162458,0.0,0.0
2018-07-13 00:00:00+09:00,1132.0,1138.0,1116.0,1128.0,974156,0.0,0.0
2018-07-16 00:00:00+09:00,1130.0,1140.0,1120.0,1120.0,775294,0.0,0.0
2018-07-17 00:00:00+09:00,1112.0,1126.0,1110.0,1122.0,790787,0.0,0.0
2018-07-18 00:00:00+09:00,1128.0,1134.0,1110.0,1116.0,1383271,0.0,0.0
2018-07-19 00:00:00+09:00,1122.0,1132.0,1110.0,1112.0,1445671,0.0,0.0
2018-07-20 00:00:00+09:00,1112.0,1136.0,1104.0,1122.0,1223022,0.0,0.0
2018-07-23 00:00:00+09:00,1122.0,1132.0,1086.0,1088.0,1529743,0.0,0.0
2018-07-24 00:00:00+09:00,1088.0,1104.0,1082.0,1090.0,1554724,0.0,0.0
2018-07-25 00:00:00+09:00,1096.0,1100.0,1058.0,1064.0,2620575,0.0,0.0
2018-07-26 00:00:00+09:00,1070.0,1092.0,1064.0,1090.0,1164361,0.0,0.0
2018-07-27 00:00:00+09:00,1090.0,1118.0,1084.0,1114.0,1251184,0.0,0.0
2018-07-30 00:00:00+09:00,1118.0,1126.0,1102.0,1116.0,1290903,0.0,0.0
2018-07-31 00:00:00+09:00,1134.0,1182.0,1112.0,1142.0,6253790,0.0,0.0
2018-08-01 00:00:00+09:00,1140.0,1196.0,1130.0,1196.0,4413673,0.0,0.0
2018-08-02 00:00:00+09:00,1248.0,1268.0,1164.0,1192.0,15895105,0.0,0.0
2018-08-03 00:00:00+09:00,1212.0,1212.0,1168.0,1182.0,2532869,0.0,0.0
2018-08-06 00:00:00+09:00,1190.0,1190.0,1150.0,1154.0,2260370,0.0,0.0
2018-08-07 00:00:00+09:00,1154.0,1168.0,1140.0,1166.0,1409034,0.0,0.0
2018-08-08 00:00:00+09:00,1166.0,1180.0,1156.0,1162.0,1526796,0.0,0.0
2018-08-09 00:00:00+09:00,1162.0,1206.0,1142.0,1166.0,3306383,0.0,0.0
2018-08-10 00:00:00+09:00,1198.0,1214.0,1170.0,1192.0,5672915,0.0,0.0
2018-08-13 00:00:00+09:00,1188.0,1212.0,1154.0,1154.0,2852003,0.0,0.0
2018-08-14 00:00:00+09:00,1158.0,1178.0,1144.0,1162.0,1276321,0.0,0.0
2018-08-16 00:00:00+09:00,1190.0,1196.0,1154.0,1156.0,1869875,0.0,0.0
2018-08-17 00:00:00+09:00,1160.0,1190.0,1152.0,1168.0,2078642,0.0,0.0
2018-08-20 00:00:00+09:00,1170.0,1194.0,1168.0,1186.0,1692118,0.0,0.0
2018-08-21 00:00:00+09:00,1194.0,1230.0,1176.0,1216.0,4306743,0.0,0.0
2018-08-22 00:00:00+09:00,1218.0,1220.0,1196.0,1202.0,1917675,0.0,0.0
2018-08-23 00:00:00+09:00,1198.0,1208.0,1186.0,1194.0,1721854,0.0,0.0
2018-08-24 00:00:00+09:00,1186.0,1202.0,1176.0,1198.0,1865926,0.0,0.0
2018-08-27 00:00:00+09:00,1180.0,1184.0,1158.0,1170.0,1677432,0.0,0.0
2018-08-28 00:00:00+09:00,1172.0,1184.0,1156.0,1162.0,1604885,0.0,0.0
2018-08-29 00:00:00+09:00,1162.0,1174.0,1154.0,1168.0,1234937,0.0,0.0
2018-08-30 00:00:00+09:00,1162.0,1178.0,1160.0,1166.0,1216777,0.0,0.0
2018-08-31 00:00:00+09:00,1162.0,1174.0,1154.0,1164.0,1684833,0.0,0.0
2018-09-03 00:00:00+09:00,1168.0,1170.0,1152.0,1156.0,1522665,0.0,0.0
2018-09-04 00:00:00+09:00,1156.0,1176.0,1154.0,1170.0,1534229,0.0,0.0
2018-09-05 00:00:00+09:00,1178.0,1200.0,1166.0,1184.0,3215152,0.0,0.0
2018-09-06 00:00:00+09:00,1182.0,1192.0,1158.0,1158.0,2023534,0.0,0.0
2018-09-07 00:00:00+09:00,1158.0,1166.0,1150.0,1158.0,1301037,0.0,0.0
2018-09-10 00:00:00+09:00,1156.0,1158.0,1146.0,1148.0,1386590,0.0,0.0
2018-09-11 00:00:00+09:00,1152.0,1232.0,1148.0,1226.0,8730710,0.0,0.0
2018-09-12 00:00:00+09:00,1228.0,1240.0,1192.0,1200.0,3889479,0.0,0.0
2018-09-13 00:00:00+09:00,1196.0,1216.0,1192.0,1216.0,1807667,0.0,0.0
2018-09-14 00:00:00+09:00,1216.0,1220.0,1188.0,1220.0,2025663,0.0,0.0
2018-09-17 00:00:00+09:00,1228.0,1230.0,1200.0,1202.0,1369570,0.0,0.0
2018-09-18 00:00:00+09:00,1192.0,1212.0,1190.0,1200.0,1429332,0.0,0.0
2018-09-19 00:00:00+09:00,1204.0,1208.0,1174.0,1176.0,1843838,0.0,0.0
2018-09-20 00:00:00+09:00,1188.0,1194.0,1160.0,1170.0,1661149,0.0,0.0
2018-09-21 00:00:00+09:00,1174.0,1182.0,1166.0,1170.0,1105093,0.0,0.0
2018-09-27 00:00:00+09:00,1172.0,1176.0,1158.0,1164.0,1249886,0.0,0.0
2018-09-28 00:00:00+09:00,1164.0,1172.0,1156.0,1164.0,1223088,0.0,0.0
2018-10-01 00:00:00+09:00,1162.0,1172.0,1156.0,1158.0,1015122,0.0,0.0
2018-10-02 00:00:00+09:00,1158.0,1166.0,1120.0,1124.0,2419176,0.0,0.0
2018-10-04 00:00:00+09:00,1128.0,1134.0,1096.0,1102.0,2078985,0.0,0.0
2018-10-05 00:00:00+09:00,1080.0,1116.0,1080.0,1092.0,1922725,0.0,0.0
2018-10-08 00:00:00+09:00,1094.0,1122.0,1086.0,1098.0,1456296,0.0,0.0
2018-10-10 00:00:00+09:00,1106.0,1110.0,1064.0,1064.0,2552848,0.0,0.0
2018-10-11 00:00:00+09:00,1032.0,1072.0,1020.0,1058.0,2431295,0.0,0.0
2018-10-12 00:00:00+09:00,1040.0,1082.0,1040.0,1068.0,1342610,0.0,0.0
2018-10-15 00:00:00+09:00,1062.0,1080.0,1048.0,1058.0,1416472,0.0,0.0
2018-10-16 00:00:00+09:00,1058.0,1080.0,1050.0,1066.0,1247908,0.0,0.0
2018-10-17 00:00:00+09:00,1082.0,1084.0,1060.0,1078.0,973737,0.0,0.0
2018-10-18 00:00:00+09:00,1080.0,1084.0,1052.0,1064.0,1221664,0.0,0.0
2018-10-19 00:00:00+09:00,1058.0,1064.0,1040.0,1064.0,882011,0.0,0.0
2018-10-22 00:00:00+09:00,1066.0,1066.0,1046.0,1054.0,905320,0.0,0.0
2018-10-23 00:00:00+09:00,1054.0,1062.0,1026.0,1030.0,1471427,0.0,0.0
2018-10-24 00:00:00+09:00,1030.0,1054.0,1016.0,1018.0,1814617,0.0,0.0
2018-10-25 00:00:00+09:00,1002.0,1030.0,1000.0,1018.0,2298950,0.0,0.0
2018-10-26 00:00:00+09:00,1024.0,1030.0,982.0,982.0,2414198,0.0,0.0
2018-10-29 00:00:00+09:00,976.0,1008.0,938.0,938.0,2945362,0.0,0.0
2018-10-30 00:00:00+09:00,904.0,972.0,904.0,964.0,3507618,0.0,0.0
2018-10-31 00:00:00+09:00,964.0,976.0,950.0,970.0,1989965,0.0,0.0
2018-11-01 00:00:00+09:00,974.0,986.0,962.0,962.0,1788984,0.0,0.0
2018-11-02 00:00:00+09:00,966.0,1008.0,966.0,992.0,2546112,0.0,0.0
2018-11-05 00:00:00+09:00,986.0,986.0,910.0,958.0,2925972,0.0,0.0
2018-11-06 00:00:00+09:00,958.0,970.0,922.0,936.0,1993411,0.0,0.0
2018-11-07 00:00:00+09:00,940.0,974.0,934.0,952.0,2764654,0.0,0.0
2018-11-08 00:00:00+09:00,964.0,978.0,952.0,954.0,1841442,0.0,0.0
2018-11-09 00:00:00+09:00,960.0,960.0,942.0,946.0,1149205,0.0,0.0
2018-11-12 00:00:00+09:00,940.0,956.0,930.0,930.0,1033826,0.0,0.0
2018-11-13 00:00:00+09:00,926.0,928.0,898.0,918.0,2500092,0.0,0.0
2018-11-14 00:00:00+09:00,914.0,920.0,902.0,908.0,993867,0.0,0.0
2018-11-15 00:00:00+09:00,904.0,912.0,814.0,882.0,2974949,0.0,0.0
2018-11-16 00:00:00+09:00,882.0,908.0,878.0,906.0,1776009,0.0,0.0
2018-11-19 00:00:00+09:00,910.0,924.0,906.0,916.0,1161864,0.0,0.0
2018-11-20 00:00:00+09:00,904.0,908.0,888.0,888.0,1299997,0.0,0.0
2018-11-21 00:00:00+09:00,874.0,896.0,874.0,892.0,1194638,0.0,0.0
2018-11-22 00:00:00+09:00,902.0,902.0,880.0,886.0,993927,0.0,0.0
2018-11-23 00:00:00+09:00,892.0,898.0,866.0,872.0,1190819,0.0,0.0
2018-11-26 00:00:00+09:00,894.0,898.0,878.0,888.0,1033220,0.0,0.0
2018-11-27 00:00:00+09:00,900.0,900.0,882.0,900.0,1249684,0.0,0.0
2018-11-28 00:00:00+09:00,912.0,1170.0,908.0,1170.0,61299350,0.0,0.0
2018-11-29 00:00:00+09:00,1216.0,1238.0,1128.0,1184.0,51916950,0.0,0.0
2018-11-30 00:00:00+09:00,1160.0,1170.0,1114.0,1114.0,17154330,0.0,0.0
2018-12-03 00:00:00+09:00,1114.0,1134.0,1082.0,1124.0,12382375,0.0,0.0
2018-12-04 00:00:00+09:00,1116.0,1194.0,1112.0,1116.0,27584565,0.0,0.0
2018-12-05 00:00:00+09:00,1092.0,1130.0,1078.0,1098.0,7125690,0.0,0.0
2018-12-06 00:00:00+09:00,1142.0,1150.0,1068.0,1086.0,9119035,0.0,0.0
2018-12-07 00:00:00+09:00,1086.0,1106.0,1060.0,1078.0,4847277,0.0,0.0
2018-12-10 00:00:00+09:00,1066.0,1088.0,1004.0,1016.0,5186805,0.0,0.0
2018-12-11 00:00:00+09:00,1038.0,1058.0,1010.0,1056.0,5319050,0.0,0.0
2018-12-12 00:00:00+09:00,1046.0,1068.0,1040.0,1060.0,3455418,0.0,0.0
2018-12-13 00:00:00+09:00,1060.0,1062.0,1022.0,1030.0,3274284,0.0,0.0
2018-12-14 00:00:00+09:00,1028.0,1058.0,1018.0,1022.0,3398310,0.0,0.0
2018-12-17 00:00:00+09:00,1030.0,1056.0,1006.0,1052.0,3909415,0.0,0.0
2018-12-18 00:00:00+09:00,1050.0,1056.0,1012.0,1012.0,3537846,0.0,0.0
2018-12-19 00:00:00+09:00,1024.0,1034.0,1012.0,1016.0,2167478,0.0,0.0
2018-12-20 00:00:00+09:00,1016.0,1020.0,958.0,960.0,4601758,0.0,0.0
2018-12-21 00:00:00+09:00,966.0,980.0,944.0,946.0,1893234,0.0,0.0
2018-12-24 00:00:00+09:00,942.0,960.0,928.0,936.0,1692842,0.0,0.0
2018-12-26 00:00:00+09:00,930.0,942.0,880.0,888.0,3929260,0.0,0.0
2018-12-27 00:00:00+09:00,916.0,946.0,904.0,930.0,2997314,0.0,0.0
2018-12-28 00:00:00+09:00,940.0,954.0,920.0,944.0,1952846,0.0,0.0
2019-01-02 00:00:00+09:00,962.0,962.0,936.0,938.0,1881842,0.0,0.0
2019-01-03 00:00:00+09:00,938.0,954.0,928.0,936.0,1822852,0.0,0.0
2019-01-04 00:00:00+09:00,934.0,954.0,920.0,926.0,1843579,0.0,0.0
2019-01-07 00:00:00+09:00,940.0,950.0,928.0,934.0,1601412,0.0,0.0
2019-01-08 00:00:00+09:00,942.0,966.0,930.0,940.0,2461804,0.0,0.0
2019-01-09 00:00:00+09:00,942.0,956.0,942.0,952.0,1681578,0.0,0.0
2019-01-10 00:00:00+09:00,956.0,960.0,936.0,938.0,1560385,0.0,0.0
2019-01-11 00:00:00+09:00,942.0,950.0,936.0,950.0,1324579,0.0,0.0
2019-01-14 00:00:00+09:00,952.0,956.0,938.0,944.0,1345544,0.0,0.0
2019-01-15 00:00:00+09:00,942.0,952.0,938.0,952.0,1244788,0.0,0.0
2019-01-16 00:00:00+09:00,954.0,984.0,944.0,972.0,3213867,0.0,0.0
2019-01-17 00:00:00+09:00,978.0,982.0,956.0,956.0,1514806,0.0,0.0
2019-01-18 00:00:00+09:00,960.0,1028.0,954.0,996.0,4609835,0.0,0.0
2019-01-21 00:00:00+09:00,996.0,1006.0,984.0,996.0,1496046,0.0,0.0
2019-01-22 00:00:00+09:00,996.0,1006.0,982.0,988.0,1353127,0.0,0.0
2019-01-23 00:00:00+09:00,988.0,992.0,974.0,982.0,1045775,0.0,0.0
2019-01-24 00:00:00+09:00,986.0,1020.0,978.0,1018.0,2759948,0.0,0.0
2019-01-25 00:00:00+09:00,1020.0,1026.0,1002.0,1002.0,1758877,0.0,0.0
2019-01-28 00:00:00+09:00,1002.0,1016.0,998.0,1000.0,1336992,0.0,0.0
2019-01-29 00:00:00+09:00,1002.0,1020.0,986.0,1014.0,1741261,0.0,0.0
2019-01-30 00:00:00+09:00,1010.0,1020.0,1004.0,1004.0,1091013,0.0,0.0
2019-01-31 00:00:00+09:00,1008.0,1020.0,994.0,996.0,1373201,0.0,0.0
2019-02-01 00:00:00+09:00,996.0,1004.0,980.0,982.0,1830545,0.0,0.0
2019-02-07 00:00:00+09:00,988.0,1020.0,984.0,1012.0,1931201,0.0,0.0
2019-02-08 00:00:00+09:00,1020.0,1060.0,1002.0,1060.0,4695827,0.0,0.0
2019-02-11 00:00:00+09:00,1078.0,1078.0,1038.0,1064.0,3353880,0.0,0.0
2019-02-12 00:00:00+09:00,1070.0,1100.0,1032.0,1032.0,3942733,0.0,0.0
2019-02-13 00:00:00+09:00,1036.0,1048.0,1028.0,1040.0,1665035,0.0,0.0
2019-02-14 00:00:00+09:00,1046.0,1048.0,1030.0,1044.0,1176147,0.0,0.0
2019-02-15 00:00:00+09:00,1038.0,1044.0,1010.0,1016.0,2262695,0.0,0.0
2019-02-18 00:00:00+09:00,1024.0,1044.0,1020.0,1036.0,1466722,0.0,0.0
2019-02-19 00:00:00+09:00,1038.0,1046.0,1026.0,1036.0,1061978,0.0,0.0
2019-02-20 00:00:00+09:00,1030.0,1038.0,1022.0,1022.0,1045754,0.0,0.0
2019-02-21 00:00:00+09:00,1026.0,1040.0,1010.0,1034.0,1526617,0.0,0.0
2019-02-22 00:00:00+09:00,1036.0,1052.0,1024.0,1040.0,1730769,0.0,0.0
2019-02-25 00:00:00+09:00,1046.0,1064.0,1036.0,1052.0,1726278,0.0,0.0
2019-02-26 00:00:00+09:00,1054.0,1060.0,1030.0,1032.0,1318253,0.0,0.0
2019-02-27 00:00:00+09:00,1032.0,1056.0,1028.0,1048.0,1114579,0.0,0.0
2019-02-28 00:00:00+09:00,1046.0,1054.0,1010.0,1026.0,2599982,0.0,0.0
2019-03-04 00:00:00+09:00,1022.0,1038.0,1022.0,1030.0,1199823,0.0,0.0
2019-03-05 00:00:00+09:00,1034.0,1034.0,1014.0,1016.0,996222,0.0,0.0
2019-03-06 00:00:00+09:00,1020.0,1024.0,986.0,988.0,1825877,0.0,0.0
2019-03-07 00:00:00+09:00,996.0,1016.0,980.0,982.0,1154331,0.0,0.0
2019-03-08 00:00:00+09:00,978.0,986.0,964.0,978.0,1114507,0.0,0.0
2019-03-11 00:00:00+09:00,972.0,1000.0,968.0,1000.0,944112,0.0,0.0
2019-03-12 00:00:00+09:00,1008.0,1020.0,992.0,1018.0,1230753,0.0,0.0
2019-03-13 00:00:00+09:00,1014.0,1022.0,1000.0,1002.0,830237,0.0,0.0
2019-03-14 00:00:00+09:00,1004.0,1036.0,1004.0,1020.0,1976309,0.0,0.0
2019-03-15 00:00:00+09:00,1024.0,1028.0,996.0,1000.0,1560009,0.0,0.0
2019-03-18 00:00:00+09:00,1010.0,1018.0,998.0,1000.0,917010,0.0,0.0
2019-03-19 00:00:00+09:00,1006.0,1012.0,984.0,986.0,1285154,0.0,0.0
2019-03-20 00:00:00+09:00,986.0,990.0,966.0,976.0,1483360,0.0,0.0
2019-03-21 00:00:00+09:00,978.0,986.0,966.0,968.0,1018024,0.0,0.0
2019-03-22 00:00:00+09:00,980.0,984.0,960.0,962.0,950299,0.0,0.0
2019-03-25 00:00:00+09:00,958.0,958.0,936.0,940.0,1379893,0.0,0.0
2019-03-26 00:00:00+09:00,940.0,946.0,928.0,932.0,995424,0.0,0.0
2019-03-27 00:00:00+09:00,934.0,944.0,920.0,934.0,1268255,0.0,0.0
2019-03-28 00:00:00+09:00,936.0,938.0,916.0,916.0,1064558,0.0,0.0
2019-03-29 00:00:00+09:00,918.0,936.0,900.0,934.0,1604117,0.0,0.0
2019-04-01 00:00:00+09:00,940.0,984.0,934.0,968.0,1655026,0.0,0.0
2019-04-02 00:00:00+09:00,982.0,1080.0,960.0,990.0,15216310,0.0,0.0
2019-04-03 00:00:00+09:00,1008.0,1010.0,990.0,994.0,1505837,0.0,0.0
2019-04-04 00:00:00+09:00,996.0,1040.0,992.0,1016.0,2943289,0.0,0.0
2019-04-05 00:00:00+09:00,1004.0,1032.0,1004.0,1012.0,1797074,0.0,0.0
2019-04-08 00:00:00+09:00,1020.0,1024.0,1004.0,1006.0,1187007,0.0,0.0
2019-04-09 00:00:00+09:00,1010.0,1056.0,1002.0,1018.0,4279063,0.0,0.0
2019-04-10 00:00:00+09:00,1014.0,1032.0,1012.0,1030.0,1665191,0.0,0.0
2019-04-11 00:00:00+09:00,1030.0,1040.0,1010.0,1036.0,3126599,0.0,0.0
2019-04-12 00:00:00+09:00,1032.0,1040.0,1022.0,1028.0,1309816,0.0,0.0
2019-04-15 00:00:00+09:00,1040.0,1040.0,1018.0,1022.0,1644802,0.0,0.0
2019-04-16 00:00:00+09:00,1016.0,1028.0,1016.0,1020.0,1317278,0.0,0.0
2019-04-17 00:00:00+09:00,1020.0,1036.0,1020.0,1028.0,1288924,0.0,0.0
2019-04-18 00:00:00+09:00,1030.0,1050.0,1022.0,1024.0,2069585,0.0,0.0
2019-04-19 00:00:00+09:00,1030.0,1034.0,1022.0,1034.0,1031700,0.0,0.0
2019-04-22 00:00:00+09:00,1036.0,1050.0,1016.0,1022.0,1333770,0.0,0.0
2019-04-23 00:00:00+09:00,1028.0,1028.0,1012.0,1014.0,1083960,0.0,0.0
2019-04-24 00:00:00+09:00,1016.0,1024.0,1002.0,1004.0,1334556,0.0,0.0
2019-04-25 00:00:00+09:00,1010.0,1010.0,978.0,980.0,1687660,0.0,0.0
2019-04-26 00:00:00+09:00,980.0,998.0,976.0,980.0,933456,0.0,0.0
2019-04-29 00:00:00+09:00,990.0,996.0,976.0,976.0,937134,0.0,0.0
2019-04-30 00:00:00+09:00,978.0,1000.0,970.0,1000.0,1152181,0.0,0.0
2019-05-02 00:00:00+09:00,1000.0,1006.0,988.0,992.0,830873,0.0,0.0
2019-05-03 00:00:00+09:00,988.0,1000.0,980.0,990.0,769197,0.0,0.0
2019-05-07 00:00:00+09:00,986.0,990.0,974.0,978.0,783914,0.0,0.0
2019-05-08 00:00:00+09:00,972.0,980.0,962.0,964.0,1239467,0.0,0.0
2019-05-09 00:00:00+09:00,960.0,970.0,924.0,940.0,1976123,0.0,0.0
2019-05-10 00:00:00+09:00,928.0,972.0,928.0,950.0,1425186,0.0,0.0
2019-05-13 00:00:00+09:00,940.0,980.0,940.0,960.0,1414569,0.0,0.0
2019-05-14 00:00:00+09:00,956.0,960.0,938.0,940.0,1232113,0.0,0.0
2019-05-15 00:00:00+09:00,942.0,1000.0,934.0,986.0,3161147,0.0,0.0
2019-05-16 00:00:00+09:00,980.0,984.0,952.0,958.0,1369678,0.0,0.0
2019-05-17 00:00:00+09:00,962.0,970.0,956.0,960.0,734144,0.0,0.0
2019-05-20 00:00:00+09:00,964.0,970.0,944.0,946.0,863972,0.0,0.0
2019-05-21 00:00:00+09:00,944.0,968.0,940.0,950.0,863467,0.0,0.0
2019-05-22 00:00:00+09:00,952.0,966.0,950.0,952.0,660060,0.0,0.0
2019-05-23 00:00:00+09:00,950.0,966.0,948.0,954.0,1121730,0.0,0.0
2019-05-24 00:00:00+09:00,964.0,964.0,942.0,944.0,975015,0.0,0.0
2019-05-27 00:00:00+09:00,944.0,980.0,932.0,948.0,1172190,0.0,0.0
2019-05-28 00:00:00+09:00,950.0,968.0,942.0,968.0,927048,0.0,0.0
2019-05-29 00:00:00+09:00,966.0,1012.0,958.0,1000.0,4536311,0.0,0.0
2019-05-30 00:00:00+09:00,992.0,1006.0,980.0,996.0,1843035,0.0,0.0
2019-05-31 00:00:00+09:00,992.0,1002.0,976.0,1000.0,1491550,0.0,0.0
2019-06-03 00:00:00+09:00,988.0,1008.0,988.0,1000.0,1344540,0.0,0.0
2019-06-04 00:00:00+09:00,1000.0,1006.0,992.0,1000.0,807810,0.0,0.0
2019-06-05 00:00:00+09:00,1004.0,1026.0,1000.0,1014.0,2029769,0.0,0.0
2019-06-07 00:00:00+09:00,1026.0,1036.0,1014.0,1028.0,1858017,0.0,0.0
2019-06-10 00:00:00+09:00,1036.0,1050.0,1026.0,1034.0,1931311,0.0,0.0
2019-06-11 00:00:00+09:00,1038.0,1062.0,1032.0,1062.0,2383402,0.0,0.0
2019-06-12 00:00:00+09:00,1072.0,1080.0,1024.0,1036.0,2819187,0.0,0.0
2019-06-13 00:00:00+09:00,1034.0,1050.0,1022.0,1022.0,2261815,0.0,0.0
2019-06-14 00:00:00+09:00,1026.0,1034.0,1020.0,1028.0,1415424,0.0,0.0
2019-06-17 00:00:00+09:00,1022.0,1052.0,1016.0,1036.0,1831387,0.0,0.0
2019-06-18 00:00:00+09:00,1028.0,1040.0,1016.0,1018.0,1066195,0.0,0.0
2019-06-19 00:00:00+09:00,1024.0,1032.0,1016.0,1024.0,1485257,0.0,0.0
2019-06-20 00:00:00+09:00,1024.0,1038.0,1022.0,1036.0,1375239,0.0,0.0
2019-06-21 00:00:00+09:00,1040.0,1066.0,1026.0,1032.0,2803981,0.0,0.0
2019-06-24 00:00:00+09:00,1034.0,1062.0,1024.0,1050.0,3700810,0.0,0.0
2019-06-25 00:00:00+09:00,1050.0,1052.0,1016.0,1024.0,1998298,0.0,0.0
2019-06-26 00:00:00+09:00,1024.0,1030.0,1004.0,1012.0,1184391,0.0,0.0
2019-06-27 00:00:00+09:00,1012.0,1026.0,1000.0,1006.0,1269335,0.0,0.0
2019-06-28 00:00:00+09:00,990.0,1012.0,990.0,1006.0,1219127,0.0,0.0
2019-07-01 00:00:00+09:00,1006.0,1016.0,990.0,1000.0,1067739,0.0,0.0
2019-07-02 00:00:00+09:00,1000.0,1008.0,992.0,998.0,642801,0.0,0.0
2019-07-03 00:00:00+09:00,1002.0,1004.0,972.0,976.0,1255149,0.0,0.0
2019-07-04 00:00:00+09:00,978.0,984.0,958.0,958.0,1176902,0.0,0.0
2019-07-05 00:00:00+09:00,960.0,974.0,960.0,964.0,775124,0.0,0.0
2019-07-08 00:00:00+09:00,962.0,970.0,942.0,942.0,1120993,0.0,0.0
2019-07-09 00:00:00+09:00,948.0,956.0,936.0,936.0,1135043,0.0,0.0
2019-07-10 00:00:00+09:00,936.0,958.0,936.0,950.0,645465,0.0,0.0
2019-07-11 00:00:00+09:00,964.0,964.0,946.0,958.0,654204,0.0,0.0
2019-07-12 00:00:00+09:00,958.0,978.0,952.0,970.0,785930,0.0,0.0
2019-07-15 00:00:00+09:00,974.0,978.0,950.0,956.0,1162555,0.0,0.0
2019-07-16 00:00:00+09:00,950.0,962.0,950.0,956.0,555157,0.0,0.0
2019-07-17 00:00:00+09:00,958.0,958.0,932.0,936.0,1051861,0.0,0.0
2019-07-18 00:00:00+09:00,938.0,940.0,928.0,932.0,817133,0.0,0.0
2019-07-19 00:00:00+09:00,936.0,940.0,930.0,938.0,552195,0.0,0.0
2019-07-22 00:00:00+09:00,936.0,944.0,926.0,932.0,941959,0.0,0.0
2019-07-23 00:00:00+09:00,928.0,942.0,926.0,934.0,711464,0.0,0.0
2019-07-24 00:00:00+09:00,934.0,938.0,926.0,930.0,651580,0.0,0.0
2019-07-25 00:00:00+09:00,940.0,940.0,924.0,926.0,712815,0.0,0.0
2019-07-26 00:00:00+09:00,920.0,932.0,916.0,920.0,898078,0.0,0.0
2019-07-29 00:00:00+09:00,918.0,918.0,868.0,868.0,2005265,0.0,0.0
2019-07-30 00:00:00+09:00,800.0,890.0,800.0,872.0,2272243,0.0,0.0
2019-07-31 00:00:00+09:00,864.0,884.0,856.0,864.0,1180701,0.0,0.0
2019-08-01 00:00:00+09:00,858.0,874.0,846.0,846.0,943390,0.0,0.0
2019-08-02 00:00:00+09:00,846.0,866.0,826.0,842.0,1161243,0.0,0.0
2019-08-05 00:00:00+09:00,834.0,838.0,770.0,770.0,2931464,0.0,0.0
2019-08-06 00:00:00+09:00,708.0,816.0,708.0,756.0,3727661,0.0,0.0
2019-08-07 00:00:00+09:00,740.0,786.0,740.0,780.0,1882598,0.0,0.0
2019-08-08 00:00:00+09:00,790.0,816.0,780.0,810.0,1454729,0.0,0.0
2019-08-09 00:00:00+09:00,810.0,814.0,790.0,800.0,1421952,0.0,0.0
2019-08-12 00:00:00+09:00,794.0,800.0,788.0,794.0,784456,0.0,0.0
2019-08-13 00:00:00+09:00,790.0,790.0,776.0,776.0,1176891,0.0,0.0
2019-08-14 00:00:00+09:00,788.0,790.0,774.0,788.0,903418,0.0,0.0
2019-08-16 00:00:00+09:00,772.0,784.0,754.0,758.0,1527596,0.0,0.0
2019-08-19 00:00:00+09:00,764.0,774.0,760.0,760.0,765786,0.0,0.0
2019-08-20 00:00:00+09:00,768.0,778.0,760.0,772.0,800096,0.0,0.0
2019-08-21 00:00:00+09:00,768.0,798.0,764.0,798.0,1486439,0.0,0.0
2019-08-22 00:00:00+09:00,800.0,802.0,780.0,782.0,1239287,0.0,0.0
2019-08-23 00:00:00+09:00,776.0,796.0,776.0,780.0,836060,0.0,0.0
2019-08-26 00:00:00+09:00,764.0,766.0,730.0,734.0,1685116,0.0,0.0
2019-08-27 00:00:00+09:00,740.0,754.0,738.0,738.0,693855,0.0,0.0
2019-08-28 00:00:00+09:00,734.0,750.0,734.0,748.0,1006580,0.0,0.0
2019-08-29 00:00:00+09:00,748.0,760.0,740.0,754.0,1129772,0.0,0.0
2019-08-30 00:00:00+09:00,762.0,780.0,754.0,766.0,1248392,0.0,0.0
2019-09-02 00:00:00+09:00,766.0,786.0,766.0,784.0,773602,0.0,0.0
2019-09-03 00:00:00+09:00,782.0,790.0,772.0,778.0,941994,0.0,0.0
2019-09-04 00:00:00+09:00,778.0,804.0,774.0,794.0,1008474,0.0,0.0
2019-09-05 00:00:00+09:00,800.0,810.0,792.0,798.0,809716,0.0,0.0
2019-09-06 00:00:00+09:00,800.0,994.0,792.0,846.0,28352535,0.0,0.0
2019-09-09 00:00:00+09:00,866.0,868.0,824.0,830.0,3730832,0.0,0.0
2019-09-10 00:00:00+09:00,830.0,840.0,820.0,822.0,1745649,0.0,0.0
2019-09-11 00:00:00+09:00,834.0,840.0,804.0,820.0,2079540,0.0,0.0
2019-09-16 00:00:00+09:00,832.0,840.0,822.0,840.0,1152888,0.0,0.0
2019-09-17 00:00:00+09:00,832.0,854.0,828.0,838.0,1401876,0.0,0.0
2019-09-18 00:00:00+09:00,834.0,844.0,830.0,830.0,1084528,0.0,0.0
2019-09-19 00:00:00+09:00,832.0,842.0,826.0,832.0,976201,0.0,0.0
2019-09-20 00:00:00+09:00,836.0,836.0,820.0,824.0,973580,0.0,0.0
2019-09-23 00:00:00+09:00,824.0,826.0,810.0,816.0,821738,0.0,0.0
2019-09-24 00:00:00+09:00,820.0,850.0,784.0,818.0,3103894,0.0,0.0
2019-09-25 00:00:00+09:00,826.0,840.0,806.0,824.0,1646371,0.0,0.0
2019-09-26 00:00:00+09:00,824.0,828.0,808.0,818.0,773766,0.0,0.0
2019-09-27 00:00:00+09:00,814.0,822.0,806.0,808.0,640311,0.0,0.0
2019-09-30 00:00:00+09:00,812.0,812.0,786.0,792.0,1248477,0.0,0.0
2019-10-01 00:00:00+09:00,796.0,924.0,788.0,832.0,15690890,0.0,0.0
2019-10-02 00:00:00+09:00,822.0,834.0,804.0,806.0,2067944,0.0,0.0
2019-10-04 00:00:00+09:00,808.0,818.0,798.0,798.0,1152690,0.0,0.0
2019-10-07 00:00:00+09:00,784.0,802.0,772.0,782.0,1603329,0.0,0.0
2019-10-08 00:00:00+09:00,782.0,806.0,776.0,790.0,1108264,0.0,0.0
2019-10-10 00:00:00+09:00,784.0,814.0,784.0,786.0,1268118,0.0,0.0
2019-10-11 00:00:00+09:00,788.0,806.0,776.0,778.0,994138,0.0,0.0
2019-10-14 00:00:00+09:00,824.0,824.0,786.0,796.0,1009805,0.0,0.0
2019-10-15 00:00:00+09:00,796.0,808.0,790.0,804.0,730869,0.0,0.0
2019-10-16 00:00:00+09:00,804.0,808.0,796.0,796.0,726769,0.0,0.0
2019-10-17 00:00:00+09:00,810.0,824.0,794.0,796.0,1137004,0.0,0.0
2019-10-18 00:00:00+09:00,794.0,808.0,782.0,786.0,1400079,0.0,0.0
2019-10-21 00:00:00+09:00,788.0,790.0,772.0,778.0,1095033,0.0,0.0
2019-10-22 00:00:00+09:00,774.0,786.0,770.0,786.0,1271657,0.0,0.0
2019-10-23 00:00:00+09:00,784.0,794.0,778.0,780.0,656210,0.0,0.0
2019-10-24 00:00:00+09:00,774.0,780.0,762.0,772.0,1434773,0.0,0.0
2019-10-25 00:00:00+09:00,778.0,804.0,770.0,778.0,2014231,0.0,0.0
2019-10-28 00:00:00+09:00,772.0,794.0,770.0,788.0,701790,0.0,0.0
2019-10-29 00:00:00+09:00,782.0,796.0,780.0,782.0,645621,0.0,0.0
2019-10-30 00:00:00+09:00,780.0,788.0,770.0,774.0,876050,0.0,0.0
2019-10-31 00:00:00+09:00,772.0,790.0,772.0,786.0,825931,0.0,0.0
2019-11-01 00:00:00+09:00,786.0,790.0,772.0,780.0,615185,0.0,0.0
2019-11-04 00:00:00+09:00,780.0,798.0,778.0,784.0,1021495,0.0,0.0
2019-11-05 00:00:00+09:00,786.0,790.0,778.0,790.0,722222,0.0,0.0
2019-11-06 00:00:00+09:00,790.0,818.0,786.0,796.0,2037795,0.0,0.0
2019-11-07 00:00:00+09:00,800.0,814.0,790.0,792.0,1135516,0.0,0.0
2019-11-08 00:00:00+09:00,794.0,800.0,784.0,788.0,934611,0.0,0.0
2019-11-11 00:00:00+09:00,788.0,792.0,770.0,784.0,845882,0.0,0.0
2019-11-12 00:00:00+09:00,780.0,806.0,776.0,798.0,1862252,0.0,0.0
2019-11-13 00:00:00+09:00,802.0,810.0,792.0,796.0,1264244,0.0,0.0
2019-11-14 00:00:00+09:00,800.0,806.0,792.0,800.0,1073049,0.0,0.0
2019-11-15 00:00:00+09:00,796.0,804.0,790.0,804.0,917866,0.0,0.0
2019-11-18 00:00:00+09:00,808.0,816.0,798.0,810.0,1156695,0.0,0.0
2019-11-19 00:00:00+09:00,812.0,828.0,802.0,802.0,1747948,0.0,0.0
2019-11-20 00:00:00+09:00,800.0,840.0,784.0,794.0,2557596,0.0,0.0
2019-11-21 00:00:00+09:00,794.0,796.0,768.0,772.0,1730076,0.0,0.0
2019-11-22 00:00:00+09:00,772.0,784.0,764.0,772.0,687652,0.0,0.0
2019-11-25 00:00:00+09:00,774.0,794.0,770.0,774.0,1377381,0.0,0.0
2019-11-26 00:00:00+09:00,772.0,786.0,772.0,778.0,675991,0.0,0.0
2019-11-27 00:00:00+09:00,776.0,786.0,768.0,770.0,803035,0.0,0.0
2019-11-28 00:00:00+09:00,770.0,774.0,760.0,760.0,861546,0.0,0.0
2019-11-29 00:00:00+09:00,764.0,774.0,756.0,758.0,535390,0.0,0.0
2019-12-02 00:00:00+09:00,764.0,772.0,754.0,762.0,725719,0.0,0.0
2019-12-03 00:00:00+09:00,756.0,764.0,748.0,756.0,529154,0.0,0.0
2019-12-04 00:00:00+09:00,752.0,760.0,748.0,752.0,689167,0.0,0.0
2019-12-05 00:00:00+09:00,752.0,766.0,740.0,742.0,1169369,0.0,0.0
2019-12-06 00:00:00+09:00,738.0,754.0,736.0,746.0,464427,0.0,0.0
2019-12-09 00:00:00+09:00,746.0,758.0,742.0,748.0,608528,0.0,0.0
2019-12-10 00:00:00+09:00,740.0,764.0,732.0,750.0,1529470,0.0,0.0
2019-12-11 00:00:00+09:00,744.0,756.0,740.0,754.0,633981,0.0,0.0
2019-12-12 00:00:00+09:00,756.0,774.0,748.0,748.0,1896922,0.0,0.0
2019-12-13 00:00:00+09:00,756.0,774.0,756.0,770.0,1014725,0.0,0.0
2019-12-16 00:00:00+09:00,770.0,782.0,770.0,774.0,589638,0.0,0.0
2019-12-17 00:00:00+09:00,772.0,776.0,764.0,776.0,659209,0.0,0.0
2019-12-18 00:00:00+09:00,776.0,780.0,764.0,768.0,560121,0.0,0.0
2019-12-19 00:00:00+09:00,766.0,782.0,764.0,776.0,1136606,0.0,0.0
2019-12-20 00:00:00+09:00,776.0,780.0,750.0,750.0,1342608,0.0,0.0
2019-12-23 00:00:00+09:00,754.0,760.0,698.0,698.0,4682301,0.0,0.0
2019-12-24 00:00:00+09:00,714.0,720.0,704.0,712.0,1149514,0.0,0.0
2019-12-26 00:00:00+09:00,710.0,738.0,708.0,738.0,1262105,0.0,0.0
2019-12-27 00:00:00+09:00,740.0,752.0,730.0,750.0,737413,0.0,0.0
2019-12-30 00:00:00+09:00,742.0,762.0,742.0,762.0,825899,0.0,0.0
2020-01-02 00:00:00+09:00,756.0,778.0,754.0,764.0,1508909,0.0,0.0
2020-01-03 00:00:00+09:00,772.0,772.0,750.0,756.0,1014808,0.0,0.0
2020-01-06 00:00:00+09:00,756.0,756.0,728.0,728.0,1366503,0.0,0.0
2020-01-07 00:00:00+09:00,730.0,748.0,730.0,740.0,636754,0.0,0.0
2020-01-08 00:00:00+09:00,746.0,746.0,712.0,714.0,1630220,0.0,0.0
2020-01-09 00:00:00+09:00,722.0,740.0,722.0,740.0,1009415,0.0,0.0
2020-01-10 00:00:00+09:00,738.0,744.0,730.0,742.0,854044,0.0,0.0
2020-01-13 00:00:00+09:00,748.0,748.0,736.0,742.0,850561,0.0,0.0
2020-01-14 00:00:00+09:00,742.0,752.0,736.0,738.0,1134339,0.0,0.0
2020-01-15 00:00:00+09:00,742.0,756.0,738.0,746.0,2085716,0.0,0.0
2020-01-16 00:00:00+09:00,752.0,756.0,744.0,750.0,752289,0.0,0.0
2020-01-17 00:00:00+09:00,758.0,760.0,748.0,748.0,1031599,0.0,0.0
2020-01-20 00:00:00+09:00,752.0,754.0,740.0,740.0,869811,0.0,0.0
2020-01-21 00:00:00+09:00,740.0,742.0,726.0,726.0,1142100,0.0,0.0
2020-01-22 00:00:00+09:00,724.0,736.0,722.0,732.0,644561,0.0,0.0
2020-01-23 00:00:00+09:00,732.0,734.0,718.0,720.0,1086200,0.0,0.0
2020-01-28 00:00:00+09:00,710.0,712.0,686.0,688.0,2050822,0.0,0.0
2020-01-29 00:00:00+09:00,692.0,700.0,686.0,696.0,1001592,0.0,0.0
2020-01-30 00:00:00+09:00,690.0,698.0,674.0,676.0,1475843,0.0,0.0
2020-01-31 00:00:00+09:00,678.0,684.0,658.0,660.0,1486293,0.0,0.0
2020-02-03 00:00:00+09:00,650.0,658.0,630.0,654.0,1426908,0.0,0.0
2020-02-04 00:00:00+09:00,650.0,668.0,650.0,668.0,608260,0.0,0.0
2020-02-05 00:00:00+09:00,670.0,676.0,654.0,658.0,909716,0.0,0.0
2020-02-06 00:00:00+09:00,662.0,674.0,656.0,670.0,1042852,0.0,0.0
2020-02-07 00:00:00+09:00,668.0,668.0,656.0,662.0,791195,0.0,0.0
2020-02-10 00:00:00+09:00,660.0,674.0,654.0,674.0,824626,0.0,0.0
2020-02-11 00:00:00+09:00,670.0,682.0,666.0,682.0,965891,0.0,0.0
2020-02-12 00:00:00+09:00,676.0,686.0,674.0,682.0,1054776,0.0,0.0
2020-02-13 00:00:00+09:00,682.0,682.0,668.0,674.0,1172895,0.0,0.0
2020-02-14 00:00:00+09:00,668.0,724.0,666.0,682.0,5257655,0.0,0.0
2020-02-17 00:00:00+09:00,684.0,688.0,672.0,674.0,830444,0.0,0.0
2020-02-18 00:00:00+09:00,674.0,676.0,662.0,676.0,831657,0.0,0.0
2020-02-19 00:00:00+09:00,672.0,678.0,658.0,664.0,1377611,0.0,0.0
2020-02-20 00:00:00+09:00,658.0,666.0,636.0,640.0,1650317,0.0,0.0
2020-02-21 00:00:00+09:00,638.0,644.0,622.0,622.0,1291637,0.0,0.0
2020-02-24 00:00:00+09:00,614.0,616.0,588.0,594.0,2230392,0.0,0.0
2020-02-25 00:00:00+09:00,590.0,620.0,586.0,618.0,1431636,0.0,0.0
2020-02-26 00:00:00+09:00,616.0,622.0,602.0,616.0,1262520,0.0,0.0
2020-02-27 00:00:00+09:00,612.0,630.0,588.0,594.0,1334623,0.0,0.0
2020-02-28 00:00:00+09:00,582.0,592.0,560.0,564.0,2201004,0.0,0.0
2020-03-02 00:00:00+09:00,556.0,610.0,556.0,602.0,3485733,0.0,0.0
2020-03-03 00:00:00+09:00,604.0,616.0,592.0,598.0,1117760,0.0,0.0
2020-03-04 00:00:00+09:00,584.0,610.0,584.0,608.0,1019351,0.0,0.0
2020-03-05 00:00:00+09:00,608.0,618.0,602.0,614.0,1361861,0.0,0.0
2020-03-06 00:00:00+09:00,612.0,616.0,590.0,596.0,1201457,0.0,0.0
2020-03-09 00:00:00+09:00,592.0,592.0,562.0,564.0,1251863,0.0,0.0
2020-03-10 00:00:00+09:00,542.0,574.0,542.0,562.0,1458299,0.0,0.0
2020-03-11 00:00:00+09:00,564.0,590.0,548.0,548.0,2355702,0.0,0.0
2020-03-12 00:00:00+09:00,546.0,558.0,494.0,504.0,3596288,0.0,0.0
2020-03-13 00:00:00+09:00,460.0,492.0,430.0,456.0,3915062,0.0,0.0
2020-03-16 00:00:00+09:00,464.0,476.0,448.0,448.0,1820241,0.0,0.0
2020-03-17 00:00:00+09:00,428.0,458.0,410.0,444.0,2515514,0.0,0.0
2020-03-18 00:00:00+09:00,442.0,458.0,412.0,412.0,2082616,0.0,0.0
2020-03-19 00:00:00+09:00,412.0,428.0,380.0,386.0,4758657,0.0,0.0
2020-03-20 00:00:00+09:00,390.0,430.0,390.0,426.0,2273683,0.0,0.0
2020-03-23 00:00:00+09:00,410.0,412.0,396.0,396.0,2549666,0.0,0.0
2020-03-24 00:00:00+09:00,408.0,430.0,400.0,428.0,2398302,0.0,0.0
2020-03-25 00:00:00+09:00,434.0,460.0,432.0,448.0,2930913,0.0,0.0
2020-03-26 00:00:00+09:00,442.0,466.0,436.0,450.0,3399652,0.0,0.0
2020-03-27 00:00:00+09:00,460.0,468.0,432.0,444.0,4025028,0.0,0.0
2020-03-30 00:00:00+09:00,436.0,452.0,430.0,450.0,1935348,0.0,0.0
2020-03-31 00:00:00+09:00,452.0,466.0,452.0,464.0,2676993,0.0,0.0
2020-04-01 00:00:00+09:00,458.0,538.0,454.0,466.0,6353440,0.0,0.0
2020-04-02 00:00:00+09:00,468.0,508.0,460.0,496.0,3489175,0.0,0.0
2020-04-03 00:00:00+09:00,504.0,506.0,480.0,494.0,2286655,0.0,0.0
2020-04-06 00:00:00+09:00,502.0,508.0,488.0,508.0,2040475,0.0,0.0
2020-04-07 00:00:00+09:00,518.0,518.0,496.0,508.0,2238255,0.0,0.0
2020-04-08 00:00:00+09:00,508.0,526.0,500.0,518.0,2600318,0.0,0.0
2020-04-09 00:00:00+09:00,520.0,530.0,514.0,518.0,2211837,0.0,0.0
2020-04-10 00:00:00+09:00,518.0,526.0,502.0,522.0,2133484,0.0,0.0
2020-04-13 00:00:00+09:00,522.0,528.0,498.0,498.0,1757723,0.0,0.0
2020-04-14 00:00:00+09:00,500.0,520.0,498.0,510.0,1409236,0.0,0.0
2020-04-16 00:00:00+09:00,510.0,540.0,504.0,538.0,3116324,0.0,0.0
2020-04-17 00:00:00+09:00,550.0,690.0,546.0,628.0,39162450,0.0,0.0
2020-04-20 00:00:00+09:00,632.0,660.0,612.0,624.0,10101250,0.0,0.0
2020-04-21 00:00:00+09:00,624.0,638.0,570.0,602.0,5945510,0.0,0.0
2020-04-22 00:00:00+09:00,590.0,600.0,578.0,594.0,2829668,0.0,0.0
2020-04-23 00:00:00+09:00,598.0,614.0,598.0,610.0,2853185,0.0,0.0
2020-04-24 00:00:00+09:00,602.0,604.0,584.0,586.0,1984385,0.0,0.0
2020-04-27 00:00:00+09:00,590.0,606.0,582.0,598.0,1505803,0.0,0.0
2020-04-28 00:00:00+09:00,600.0,646.0,596.0,624.0,6666575,0.0,0.0
2020-04-29 00:00:00+09:00,624.0,778.0,620.0,700.0,66263300,0.0,0.0
2020-05-04 00:00:00+09:00,690.0,736.0,642.0,666.0,19789160,0.0,0.0
2020-05-06 00:00:00+09:00,686.0,706.0,670.0,676.0,8515470,0.0,0.0
2020-05-07 00:00:00+09:00,676.0,688.0,668.0,672.0,3822112,0.0,0.0
2020-05-08 00:00:00+09:00,672.0,706.0,670.0,690.0,5672120,0.0,0.0
2020-05-11 00:00:00+09:00,692.0,710.0,690.0,690.0,3759139,0.0,0.0
2020-05-12 00:00:00+09:00,690.0,692.0,676.0,688.0,2548694,0.0,0.0
2020-05-13 00:00:00+09:00,680.0,690.0,668.0,688.0,2126987,0.0,0.0
2020-05-14 00:00:00+09:00,680.0,692.0,672.0,678.0,2780090,0.0,0.0
2020-05-15 00:00:00+09:00,680.0,682.0,646.0,654.0,3965500,0.0,0.0
2020-05-18 00:00:00+09:00,650.0,660.0,640.0,656.0,2222757,0.0,0.0
2020-05-19 00:00:00+09:00,660.0,670.0,640.0,648.0,2627569,0.0,0.0
2020-05-20 00:00:00+09:00,648.0,708.0,634.0,668.0,11767535,0.0,0.0
2020-05-21 00:00:00+09:00,670.0,680.0,656.0,670.0,4050670,0.0,0.0
2020-05-22 00:00:00+09:00,666.0,674.0,644.0,646.0,2850587,0.0,0.0
2020-05-25 00:00:00+09:00,648.0,658.0,644.0,654.0,1697748,0.0,0.0
2020-05-26 00:00:00+09:00,656.0,660.0,646.0,652.0,1658720,0.0,0.0
2020-05-27 00:00:00+09:00,648.0,660.0,644.0,650.0,1688823,0.0,0.0
2020-05-28 00:00:00+09:00,650.0,662.0,642.0,658.0,4278601,0.0,0.0
2020-05-29 00:00:00+09:00,668.0,688.0,656.0,660.0,6388530,0.0,0.0
2020-06-01 00:00:00+09:00,656.0,676.0,656.0,676.0,2949647,0.0,0.0
2020-06-02 00:00:00+09:00,676.0,680.0,666.0,672.0,2173731,0.0,0.0
2020-06-03 00:00:00+09:00,672.0,680.0,660.0,662.0,2798790,0.0,0.0
2020-06-04 00:00:00+09:00,664.0,668.0,644.0,652.0,2610999,0.0,0.0
2020-06-05 00:00:00+09:00,654.0,664.0,644.0,660.0,1914643,0.0,0.0
2020-06-08 00:00:00+09:00,660.0,666.0,654.0,660.0,1130777,0.0,0.0
2020-06-09 00:00:00+09:00,660.0,682.0,660.0,666.0,4182182,0.0,0.0
2020-06-10 00:00:00+09:00,668.0,674.0,658.0,658.0,1994137,0.0,0.0
2020-06-11 00:00:00+09:00,660.0,664.0,628.0,630.0,9465795,0.0,0.0
2020-06-12 00:00:00+09:00,618.0,626.0,606.0,616.0,2954294,0.0,0.0
2020-06-15 00:00:00+09:00,616.0,616.0,566.0,572.0,3094638,0.0,0.0
2020-06-16 00:00:00+09:00,584.0,642.0,580.0,592.0,5341305,0.0,0.0
2020-06-17 00:00:00+09:00,586.0,594.0,572.0,576.0,1821496,0.0,0.0
2020-06-18 00:00:00+09:00,574.0,586.0,572.0,582.0,1105384,0.0,0.0
2020-06-19 00:00:00+09:00,582.0,588.0,574.0,576.0,907397,0.0,0.0
2020-06-22 00:00:00+09:00,576.0,580.0,568.0,570.0,1178918,0.0,0.0
2020-06-23 00:00:00+09:00,572.0,578.0,552.0,554.0,1707316,0.0,0.0
2020-06-24 00:00:00+09:00,558.0,568.0,550.0,562.0,1476821,0.0,0.0
2020-06-25 00:00:00+09:00,550.0,558.0,546.0,550.0,1756168,0.0,0.0
2020-06-26 00:00:00+09:00,554.0,562.0,548.0,552.0,897971,0.0,0.0
2020-06-29 00:00:00+09:00,544.0,552.0,526.0,532.0,1610270,0.0,0.0
2020-06-30 00:00:00+09:00,534.0,546.0,534.0,542.0,1361981,0.0,0.0
2020-07-01 00:00:00+09:00,542.0,554.0,534.0,536.0,962110,0.0,0.0
2020-07-02 00:00:00+09:00,540.0,552.0,538.0,552.0,895594,0.0,0.0
2020-07-03 00:00:00+09:00,552.0,564.0,552.0,556.0,1197967,0.0,0.0
2020-07-06 00:00:00+09:00,570.0,630.0,564.0,598.0,9398315,0.0,0.0
2020-07-07 00:00:00+09:00,606.0,622.0,574.0,586.0,2128694,0.0,0.0
2020-07-08 00:00:00+09:00,586.0,592.0,572.0,580.0,1002640,0.0,0.0
2020-07-09 00:00:00+09:00,580.0,586.0,562.0,564.0,1366829,0.0,0.0
2020-07-10 00:00:00+09:00,564.0,568.0,550.0,558.0,1175872,0.0,0.0
2020-07-13 00:00:00+09:00,584.0,588.0,570.0,578.0,2098128,0.0,0.0
2020-07-14 00:00:00+09:00,580.0,598.0,566.0,576.0,2882728,0.0,0.0
2020-07-15 00:00:00+09:00,580.0,580.0,568.0,570.0,1049349,0.0,0.0
2020-07-16 00:00:00+09:00,572.0,580.0,570.0,574.0,781622,0.0,0.0
2020-07-17 00:00:00+09:00,576.0,582.0,572.0,576.0,747252,0.0,0.0
2020-07-20 00:00:00+09:00,580.0,580.0,570.0,570.0,999646,0.0,0.0
2020-07-21 00:00:00+09:00,574.0,576.0,566.0,570.0,958380,0.0,0.0
2020-07-22 00:00:00+09:00,572.0,576.0,564.0,566.0,952870,0.0,0.0
2020-07-23 00:00:00+09:00,566.0,570.0,550.0,554.0,1583127,0.0,0.0
2020-07-24 00:00:00+09:00,554.0,558.0,546.0,552.0,608600,0.0,0.0
2020-07-27 00:00:00+09:00,552.0,558.0,546.0,552.0,890587,0.0,0.0
2020-07-28 00:00:00+09:00,552.0,558.0,546.0,548.0,1038201,0.0,0.0
2020-07-29 00:00:00+09:00,548.0,554.0,542.0,548.0,902604,0.0,0.0
2020-07-30 00:00:00+09:00,548.0,548.0,538.0,538.0,1661570,0.0,0.0
2020-07-31 00:00:00+09:00,538.0,566.0,530.0,544.0,3551621,0.0,0.0
2020-08-03 00:00:00+09:00,536.0,546.0,534.0,536.0,1209197,0.0,0.0
2020-08-04 00:00:00+09:00,536.0,542.0,530.0,538.0,1220077,0.0,0.0
2020-08-05 00:00:00+09:00,540.0,546.0,538.0,538.0,1133740,0.0,0.0
2020-08-06 00:00:00+09:00,538.0,542.0,534.0,538.0,927059,0.0,0.0
2020-08-07 00:00:00+09:00,540.0,542.0,532.0,538.0,1194074,0.0,0.0
2020-08-10 00:00:00+09:00,560.0,636.0,546.0,586.0,16753205,0.0,0.0
2020-08-11 00:00:00+09:00,580.0,584.0,564.0,568.0,3402673,0.0,0.0
2020-08-12 00:00:00+09:00,568.0,580.0,556.0,564.0,1954030,0.0,0.0
2020-08-13 00:00:00+09:00,564.0,576.0,562.0,572.0,1768632,0.0,0.0
2020-08-14 00:00:00+09:00,578.0,582.0,564.0,566.0,1780663,0.0,0.0
2020-08-18 00:00:00+09:00,560.0,564.0,530.0,534.0,3014099,0.0,0.0
2020-08-19 00:00:00+09:00,536.0,544.0,532.0,538.0,1066195,0.0,0.0
2020-08-20 00:00:00+09:00,538.0,540.0,504.0,508.0,2931015,0.0,0.0
2020-08-21 00:00:00+09:00,526.0,526.0,500.0,510.0,1444857,0.0,0.0
2020-08-24 00:00:00+09:00,512.0,516.0,500.0,506.0,1279119,0.0,0.0
2020-08-25 00:00:00+09:00,508.0,524.0,506.0,520.0,1447448,0.0,0.0
2020-08-26 00:00:00+09:00,522.0,538.0,514.0,524.0,2435156,0.0,0.0
2020-08-27 00:00:00+09:00,526.0,526.0,506.0,512.0,2159083,0.0,0.0
2020-08-28 00:00:00+09:00,522.0,524.0,508.0,518.0,1129997,0.0,0.0
2020-08-31 00:00:00+09:00,520.0,562.0,512.0,540.0,4467599,0.0,0.0
2020-09-01 00:00:00+09:00,538.0,560.0,538.0,552.0,2183863,0.0,0.0
2020-09-02 00:00:00+09:00,554.0,574.0,554.0,562.0,1866358,0.0,0.0
2020-09-03 00:00:00+09:00,570.0,570.0,556.0,560.0,1260228,0.0,0.0
2020-09-04 00:00:00+09:00,546.0,590.0,538.0,590.0,2837299,0.0,0.0
2020-09-07 00:00:00+09:00,596.0,610.0,570.0,602.0,4795632,0.0,0.0
2020-09-08 00:00:00+09:00,608.0,658.0,600.0,616.0,10561225,0.0,0.0
2020-09-09 00:00:00+09:00,598.0,630.0,598.0,618.0,3058680,0.0,0.0
2020-09-10 00:00:00+09:00,614.0,624.0,596.0,600.0,2214014,0.0,0.0
2020-09-11 00:00:00+09:00,594.0,612.0,592.0,606.0,1395857,0.0,0.0
2020-09-14 00:00:00+09:00,606.0,620.0,598.0,602.0,1322467,0.0,0.0
2020-09-15 00:00:00+09:00,602.0,632.0,598.0,606.0,3598130,0.0,0.0
2020-09-16 00:00:00+09:00,606.0,618.0,600.0,618.0,1573371,0.0,0.0
2020-09-17 00:00:00+09:00,618.0,620.0,600.0,610.0,1561662,0.0,0.0
2020-09-18 00:00:00+09:00,610.0,624.0,602.0,614.0,1400003,0.0,0.0
2020-09-21 00:00:00+09:00,614.0,622.0,602.0,604.0,1157400,0.0,0.0
2020-09-22 00:00:00+09:00,604.0,650.0,582.0,600.0,10158960,0.0,0.0
2020-09-23 00:00:00+09:00,602.0,616.0,596.0,606.0,1518892,0.0,0.0
2020-09-24 00:00:00+09:00,592.0,606.0,582.0,584.0,1441907,0.0,0.0
2020-09-25 00:00:00+09:00,584.0,594.0,576.0,580.0,1158260,0.0,0.0
2020-09-28 00:00:00+09:00,584.0,598.0,582.0,590.0,951993,0.0,0.0
2020-09-29 00:00:00+09:00,588.0,628.0,588.0,620.0,3071438,0.0,0.0
2020-10-05 00:00:00+09:00,614.0,652.0,610.0,650.0,3607514,0.0,0.0
2020-10-06 00:00:00+09:00,652.0,668.0,638.0,652.0,3079072,0.0,0.0
2020-10-07 00:00:00+09:00,646.0,668.0,646.0,654.0,2284674,0.0,0.0
2020-10-08 00:00:00+09:00,658.0,684.0,652.0,668.0,3994261,0.0,0.0
2020-10-12 00:00:00+09:00,676.0,692.0,656.0,660.0,2855701,0.0,0.0
2020-10-13 00:00:00+09:00,664.0,666.0,650.0,664.0,1269825,0.0,0.0
2020-10-14 00:00:00+09:00,664.0,668.0,652.0,658.0,1535643,0.0,0.0
2020-10-15 00:00:00+09:00,656.0,658.0,632.0,640.0,1984404,0.0,0.0
2020-10-16 00:00:00+09:00,640.0,646.0,622.0,630.0,1057738,0.0,0.0
2020-10-19 00:00:00+09:00,630.0,642.0,622.0,624.0,872363,0.0,0.0
2020-10-20 00:00:00+09:00,620.0,626.0,598.0,602.0,1865281,0.0,0.0
2020-10-21 00:00:00+09:00,602.0,614.0,602.0,610.0,720843,0.0,0.0
2020-10-22 00:00:00+09:00,610.0,612.0,602.0,608.0,733079,0.0,0.0
2020-10-23 00:00:00+09:00,612.0,616.0,606.0,614.0,637905,0.0,0.0
2020-10-26 00:00:00+09:00,614.0,620.0,590.0,590.0,1428909,0.0,0.0
2020-10-27 00:00:00+09:00,594.0,598.0,584.0,594.0,778037,0.0,0.0
2020-10-28 00:00:00+09:00,588.0,606.0,588.0,606.0,594627,0.0,0.0
2020-10-29 00:00:00+09:00,598.0,602.0,592.0,598.0,922118,0.0,0.0
2020-10-30 00:00:00+09:00,600.0,600.0,590.0,592.0,580616,0.0,0.0
2020-11-02 00:00:00+09:00,592.0,602.0,590.0,598.0,541029,0.0,0.0
2020-11-03 00:00:00+09:00,608.0,610.0,594.0,604.0,807049,0.0,0.0
2020-11-04 00:00:00+09:00,612.0,612.0,594.0,598.0,629393,0.0,0.0
2020-11-05 00:00:00+09:00,602.0,602.0,592.0,598.0,788019,0.0,0.0
2020-11-06 00:00:00+09:00,600.0,634.0,592.0,608.0,2778191,0.0,0.0
2020-11-09 00:00:00+09:00,618.0,630.0,612.0,620.0,1177541,0.0,0.0
2020-11-10 00:00:00+09:00,622.0,630.0,612.0,628.0,1329122,0.0,0.0
2020-11-11 00:00:00+09:00,628.0,708.0,628.0,692.0,22476185,0.0,0.0
2020-11-12 00:00:00+09:00,704.0,738.0,672.0,726.0,7257335,0.0,0.0
2020-11-13 00:00:00+09:00,712.0,730.0,682.0,714.0,4141890,0.0,0.0
2020-11-16 00:00:00+09:00,726.0,808.0,714.0,772.0,12206330,0.0,0.0
2020-11-17 00:00:00+09:00,776.0,804.0,744.0,764.0,5525220,0.0,0.0
2020-11-18 00:00:00+09:00,764.0,794.0,754.0,786.0,3265617,0.0,0.0
2020-11-19 00:00:00+09:00,796.0,796.0,766.0,782.0,2683532,0.0,0.0
2020-11-20 00:00:00+09:00,778.0,1006.0,778.0,924.0,73023700,0.0,0.0
2020-11-23 00:00:00+09:00,924.0,928.0,860.0,880.0,14067880,0.0,0.0
2020-11-24 00:00:00+09:00,880.0,880.0,838.0,872.0,6460175,0.0,0.0
2020-11-25 00:00:00+09:00,866.0,1046.0,866.0,952.0,56051350,0.0,0.0
2020-11-26 00:00:00+09:00,934.0,976.0,904.0,952.0,9019525,0.0,0.0
2020-11-27 00:00:00+09:00,970.0,1058.0,964.0,1000.0,29581705,0.0,0.0
2020-11-30 00:00:00+09:00,1000.0,1016.0,980.0,996.0,5551785,0.0,0.0
2020-12-01 00:00:00+09:00,990.0,1040.0,990.0,1018.0,6345595,0.0,0.0
2020-12-02 00:00:00+09:00,1028.0,1038.0,1002.0,1014.0,4812457,0.0,0.0
2020-12-03 00:00:00+09:00,1046.0,1256.0,1026.0,1144.0,71455450,0.0,0.0
2020-12-04 00:00:00+09:00,1168.0,1218.0,1118.0,1190.0,18142465,0.0,0.0
2020-12-07 00:00:00+09:00,1188.0,1250.0,1174.0,1202.0,11710695,0.0,0.0
2020-12-08 00:00:00+09:00,1192.0,1228.0,1158.0,1196.0,7040400,0.0,0.0
2020-12-09 00:00:00+09:00,1214.0,1248.0,1194.0,1234.0,8964805,0.0,0.0
2020-12-10 00:00:00+09:00,1234.0,1274.0,1230.0,1254.0,6852355,0.0,0.0
2020-12-11 00:00:00+09:00,1254.0,1254.0,1194.0,1196.0,6228335,0.0,0.0
2020-12-14 00:00:00+09:00,1190.0,1190.0,1090.0,1130.0,9046025,0.0,0.0
2020-12-15 00:00:00+09:00,1136.0,1186.0,1106.0,1144.0,6654340,0.0,0.0
2020-12-16 00:00:00+09:00,1144.0,1188.0,1118.0,1158.0,7701920,0.0,0.0
2020-12-17 00:00:00+09:00,1168.0,1168.0,1118.0,1126.0,3894320,0.0,0.0
2020-12-18 00:00:00+09:00,1136.0,1148.0,1088.0,1092.0,5379450,0.0,0.0
2020-12-21 00:00:00+09:00,1100.0,1100.0,1020.0,1058.0,9130525,0.0,0.0
2020-12-22 00:00:00+09:00,1062.0,1086.0,984.0,1008.0,7309920,0.0,0.0
2020-12-23 00:00:00+09:00,1018.0,1080.0,1018.0,1042.0,9791840,0.0,0.0
2020-12-24 00:00:00+09:00,1050.0,1050.0,990.0,1000.0,7242180,0.0,0.0
2020-12-28 00:00:00+09:00,996.0,1006.0,942.0,948.0,6741340,0.0,0.0
2020-12-29 00:00:00+09:00,966.0,1016.0,960.0,1000.0,4963168,0.0,0.0
2020-12-30 00:00:00+09:00,1002.0,1002.0,984.0,1000.0,2591660,0.0,0.0
2021-01-04 00:00:00+09:00,996.0,996.0,932.0,970.0,3669096,0.0,0.0
2021-01-05 00:00:00+09:00,970.0,1014.0,964.0,986.0,2561593,0.0,0.0
2021-01-06 00:00:00+09:00,990.0,1002.0,962.0,966.0,2328499,0.0,0.0
2021-01-07 00:00:00+09:00,968.0,992.0,962.0,974.0,2211069,0.0,0.0
2021-01-08 00:00:00+09:00,984.0,984.0,926.0,928.0,4566921,0.0,0.0
2021-01-11 00:00:00+09:00,920.0,970.0,878.0,926.0,5908640,0.0,0.0
2021-01-12 00:00:00+09:00,910.0,938.0,900.0,924.0,2505411,0.0,0.0
2021-01-13 00:00:00+09:00,924.0,940.0,908.0,936.0,1767455,0.0,0.0
2021-01-14 00:00:00+09:00,926.0,942.0,912.0,914.0,1758390,0.0,0.0
2021-01-15 00:00:00+09:00,910.0,930.0,898.0,906.0,2174823,0.0,0.0
2021-01-18 00:00:00+09:00,906.0,908.0,862.0,866.0,2559763,0.0,0.0
2021-01-19 00:00:00+09:00,866.0,904.0,866.0,904.0,2501639,0.0,0.0
2021-01-20 00:00:00+09:00,912.0,916.0,892.0,896.0,1547532,0.0,0.0
2021-01-21 00:00:00+09:00,916.0,1046.0,910.0,996.0,30413585,0.0,0.0
2021-01-22 00:00:00+09:00,1006.0,1008.0,970.0,980.0,3842850,0.0,0.0
2021-01-25 00:00:00+09:00,980.0,1012.0,970.0,986.0,2310446,0.0,0.0
2021-01-26 00:00:00+09:00,986.0,1268.0,982.0,1268.0,73639500,0.0,0.0
2021-01-27 00:00:00+09:00,1282.0,1370.0,1200.0,1244.0,84793250,0.0,0.0
2021-01-28 00:00:00+09:00,1214.0,1214.0,1066.0,1070.0,22599580,0.0,0.0
2021-01-29 00:00:00+09:00,1114.0,1256.0,1084.0,1098.0,71022050,0.0,0.0
2021-02-01 00:00:00+09:00,1086.0,1126.0,1052.0,1064.0,8249365,0.0,0.0
2021-02-02 00:00:00+09:00,1074.0,1124.0,1052.0,1100.0,10989645,0.0,0.0
2021-02-03 00:00:00+09:00,1102.0,1118.0,1078.0,1088.0,5455675,0.0,0.0
2021-02-04 00:00:00+09:00,1090.0,1092.0,1038.0,1050.0,5063925,0.0,0.0
2021-02-05 00:00:00+09:00,1052.0,1066.0,1038.0,1058.0,3289907,0.0,0.0
2021-02-08 00:00:00+09:00,1062.0,1082.0,1038.0,1038.0,3567049,0.0,0.0
2021-02-09 00:00:00+09:00,1040.0,1140.0,1030.0,1078.0,17818255,0.0,0.0
2021-02-10 00:00:00+09:00,1080.0,1156.0,1064.0,1104.0,13276150,0.0,0.0
2021-02-15 00:00:00+09:00,1100.0,1198.0,1100.0,1152.0,14163390,0.0,0.0
2021-02-16 00:00:00+09:00,1160.0,1496.0,1150.0,1496.0,164647150,0.0,0.0
2021-02-17 00:00:00+09:00,1586.0,1894.0,1406.0,1624.0,509602000,0.0,0.0
2021-02-18 00:00:00+09:00,1614.0,1768.0,1422.0,1432.0,191060900,0.0,0.0
2021-02-19 00:00:00+09:00,1440.0,1560.0,1390.0,1432.0,68768100,0.0,0.0
2021-02-22 00:00:00+09:00,1444.0,1550.0,1442.0,1448.0,47629225,0.0,0.0
2021-02-23 00:00:00+09:00,1448.0,1542.0,1372.0,1462.0,52368450,0.0,0.0
2021-02-24 00:00:00+09:00,1506.0,1726.0,1440.0,1446.0,168273900,0.0,0.0
2021-02-25 00:00:00+09:00,1506.0,1606.0,1460.0,1484.0,40038035,0.0,0.0
2021-02-26 00:00:00+09:00,1484.0,1520.0,1434.0,1450.0,19093600,0.0,0.0
2021-03-02 00:00:00+09:00,1480.0,1646.0,1452.0,1548.0,113320400,0.0,0.0
2021-03-03 00:00:00+09:00,1566.0,1626.0,1524.0,1552.0,49763360,0.0,0.0
2021-03-04 00:00:00+09:00,1560.0,1618.0,1532.0,1618.0,27257415,0.0,0.0
2021-03-05 00:00:00+09:00,1644.0,1660.0,1550.0,1552.0,24978810,0.0,0.0
2021-03-08 00:00:00+09:00,1582.0,1592.0,1500.0,1504.0,11145795,0.0,0.0
2021-03-09 00:00:00+09:00,1504.0,1510.0,1410.0,1432.0,11286990,0.0,0.0
2021-03-10 00:00:00+09:00,1450.0,1484.0,1426.0,1430.0,8608075,0.0,0.0
2021-03-11 00:00:00+09:00,1428.0,1548.0,1412.0,1456.0,15194300,0.0,0.0
2021-03-12 00:00:00+09:00,1488.0,1796.0,1470.0,1652.0,259244800,0.0,0.0
2021-03-15 00:00:00+09:00,1644.0,1712.0,1606.0,1654.0,64716900,0.0,0.0
2021-03-16 00:00:00+09:00,1686.0,1984.0,1666.0,1778.0,349414100,0.0,0.0
2021-03-17 00:00:00+09:00,1770.0,1868.0,1730.0,1732.0,70881350,0.0,0.0
2021-03-18 00:00:00+09:00,1764.0,1820.0,1738.0,1760.0,44197215,0.0,0.0
2021-03-19 00:00:00+09:00,1702.0,1758.0,1700.0,1708.0,17773255,0.0,0.0
2021-03-22 00:00:00+09:00,1708.0,1724.0,1660.0,1686.0,16778440,0.0,0.0
2021-03-23 00:00:00+09:00,1688.0,1800.0,1670.0,1718.0,63839250,0.0,0.0
2021-03-24 00:00:00+09:00,1722.0,1788.0,1708.0,1722.0,21319060,0.0,0.0
2021-03-25 00:00:00+09:00,1736.0,1810.0,1730.0,1774.0,31833005,0.0,0.0
2021-03-26 00:00:00+09:00,1800.0,1840.0,1736.0,1750.0,27137060,0.0,0.0
2021-03-29 00:00:00+09:00,1774.0,1774.0,1698.0,1710.0,9792010,0.0,0.0
2021-03-30 00:00:00+09:00,1730.0,1750.0,1702.0,1708.0,6948415,0.0,0.0
2021-03-31 00:00:00+09:00,1726.0,1788.0,1716.0,1786.0,19175385,0.0,0.0
2021-04-01 00:00:00+09:00,1830.0,1896.0,1720.0,1728.0,45803345,0.0,0.0
2021-04-02 00:00:00+09:00,1752.0,1754.0,1678.0,1684.0,14201245,0.0,0.0
2021-04-05 00:00:00+09:00,1696.0,1736.0,1620.0,1688.0,15064000,0.0,0.0
2021-04-06 00:00:00+09:00,1690.0,1720.0,1670.0,1672.0,10950540,0.0,0.0
2021-04-07 00:00:00+09:00,1674.0,1730.0,1674.0,1676.0,11226035,0.0,0.0
2021-04-08 00:00:00+09:00,1690.0,1704.0,1660.0,1664.0,6269390,0.0,0.0
2021-04-09 00:00:00+09:00,1668.0,1684.0,1638.0,1640.0,6558810,0.0,0.0
2021-04-12 00:00:00+09:00,1630.0,1660.0,1626.0,1630.0,5746035,0.0,0.0
2021-04-13 00:00:00+09:00,1630.0,1634.0,1600.0,1610.0,7353570,0.0,0.0
2021-04-14 00:00:00+09:00,1616.0,1636.0,1608.0,1610.0,5390360,0.0,0.0
2021-04-15 00:00:00+09:00,1612.0,1616.0,1578.0,1578.0,5831010,0.0,0.0
2021-04-16 00:00:00+09:00,1582.0,1588.0,1546.0,1560.0,6039565,0.0,0.0
2021-04-19 00:00:00+09:00,1562.0,1618.0,1562.0,1586.0,5518685,0.0,0.0
2021-04-20 00:00:00+09:00,1600.0,1620.0,1580.0,1604.0,4606837,0.0,0.0
2021-04-21 00:00:00+09:00,1604.0,1712.0,1596.0,1646.0,19601770,0.0,0.0
2021-04-22 00:00:00+09:00,1660.0,1672.0,1628.0,1628.0,5929435,0.0,0.0
2021-04-23 00:00:00+09:00,1628.0,1630.0,1586.0,1602.0,4885879,0.0,0.0
2021-04-26 00:00:00+09:00,1604.0,1626.0,1594.0,1602.0,6178190,0.0,0.0
2021-04-27 00:00:00+09:00,1604.0,1618.0,1582.0,1586.0,4111952,0.0,0.0
2021-04-28 00:00:00+09:00,1590.0,1596.0,1548.0,1558.0,4505923,0.0,0.0
2021-04-29 00:00:00+09:00,1546.0,1698.0,1546.0,1600.0,11889260,0.0,0.0
2021-04-30 00:00:00+09:00,1620.0,1624.0,1572.0,1572.0,3740246,0.0,0.0
2021-05-03 00:00:00+09:00,1578.0,1618.0,1572.0,1574.0,4609180,0.0,0.0
2021-05-04 00:00:00+09:00,1578.0,1600.0,1542.0,1556.0,3603990,0.0,0.0
2021-05-06 00:00:00+09:00,1548.0,1558.0,1526.0,1528.0,2781202,0.0,0.0
2021-05-07 00:00:00+09:00,1530.0,1546.0,1496.0,1508.0,4853691,0.0,0.0
2021-05-10 00:00:00+09:00,1508.0,1550.0,1506.0,1520.0,4142406,0.0,0.0
2021-05-11 00:00:00+09:00,1520.0,1530.0,1472.0,1474.0,3536690,0.0,0.0
2021-05-12 00:00:00+09:00,1474.0,1484.0,1422.0,1440.0,5993690,0.0,0.0
2021-05-13 00:00:00+09:00,1426.0,1428.0,1394.0,1394.0,4628154,0.0,0.0
2021-05-14 00:00:00+09:00,1406.0,1434.0,1396.0,1416.0,3455116,0.0,0.0
2021-05-17 00:00:00+09:00,1416.0,1436.0,1406.0,1406.0,2242844,0.0,0.0
2021-05-18 00:00:00+09:00,1404.0,1410.0,1336.0,1366.0,5188790,0.0,0.0
2021-05-20 00:00:00+09:00,1380.0,1386.0,1344.0,1344.0,2811124,0.0,0.0
2021-05-21 00:00:00+09:00,1354.0,1488.0,1354.0,1396.0,15747155,0.0,0.0
2021-05-24 00:00:00+09:00,1396.0,1420.0,1334.0,1336.0,3665261,0.0,0.0
2021-05-25 00:00:00+09:00,1336.0,1386.0,1330.0,1352.0,5336020,0.0,0.0
2021-05-26 00:00:00+09:00,1352.0,1406.0,1336.0,1382.0,5337240,0.0,0.0
2021-05-27 00:00:00+09:00,1388.0,1394.0,1358.0,1374.0,2306986,0.0,0.0
2021-05-28 00:00:00+09:00,1376.0,1390.0,1372.0,1378.0,2028589,0.0,0.0
2021-05-31 00:00:00+09:00,1378.0,1410.0,1372.0,1402.0,2746427,0.0,0.0
2021-06-01 00:00:00+09:00,1410.0,1412.0,1392.0,1404.0,1747508,0.0,0.0
2021-06-02 00:00:00+09:00,1404.0,1420.0,1402.0,1404.0,1797311,0.0,0.0
2021-06-03 00:00:00+09:00,1404.0,1470.0,1398.0,1454.0,5235640,0.0,0.0
2021-06-04 00:00:00+09:00,1466.0,1466.0,1426.0,1448.0,3127412,0.0,0.0
2021-06-07 00:00:00+09:00,1462.0,1464.0,1430.0,1452.0,3115210,0.0,0.0
2021-06-08 00:00:00+09:00,1452.0,1454.0,1416.0,1416.0,3031167,0.0,0.0
2021-06-09 00:00:00+09:00,1424.0,1432.0,1400.0,1412.0,1890310,0.0,0.0
2021-06-10 00:00:00+09:00,1408.0,1430.0,1402.0,1408.0,1987493,0.0,0.0
2021-06-11 00:00:00+09:00,1408.0,1474.0,1404.0,1422.0,5082645,0.0,0.0
2021-06-14 00:00:00+09:00,1428.0,1430.0,1408.0,1414.0,1322019,0.0,0.0
2021-06-15 00:00:00+09:00,1420.0,1420.0,1406.0,1414.0,1505773,0.0,0.0
2021-06-16 00:00:00+09:00,1416.0,1470.0,1414.0,1446.0,5759255,0.0,0.0
2021-06-17 00:00:00+09:00,1456.0,1460.0,1436.0,1438.0,2223070,0.0,0.0
2021-06-18 00:00:00+09:00,1446.0,1500.0,1436.0,1490.0,6702950,0.0,0.0
2021-06-21 00:00:00+09:00,1486.0,1486.0,1436.0,1444.0,2984764,0.0,0.0
2021-06-22 00:00:00+09:00,1448.0,1470.0,1422.0,1430.0,2478019,0.0,0.0
2021-06-23 00:00:00+09:00,1436.0,1442.0,1406.0,1412.0,2543501,0.0,0.0
2021-06-24 00:00:00+09:00,1402.0,1420.0,1396.0,1400.0,2520583,0.0,0.0
2021-06-25 00:00:00+09:00,1402.0,1428.0,1402.0,1404.0,2229824,0.0,0.0
2021-06-28 00:00:00+09:00,1416.0,1420.0,1402.0,1406.0,1724678,0.0,0.0
2021-06-29 00:00:00+09:00,1424.0,1486.0,1410.0,1440.0,6727500,0.0,0.0
2021-06-30 00:00:00+09:00,1448.0,1474.0,1432.0,1440.0,2938560,0.0,0.0
2021-07-01 00:00:00+09:00,1440.0,1442.0,1420.0,1424.0,1670647,0.0,0.0
2021-07-02 00:00:00+09:00,1426.0,1460.0,1424.0,1426.0,1917169,0.0,0.0
2021-07-05 00:00:00+09:00,1430.0,1456.0,1420.0,1430.0,2860645,0.0,0.0
2021-07-06 00:00:00+09:00,1476.0,1494.0,1442.0,1458.0,8016935,0.0,0.0
2021-07-07 00:00:00+09:00,1466.0,1480.0,1450.0,1450.0,2850395,0.0,0.0
2021-07-08 00:00:00+09:00,1450.0,1458.0,1422.0,1424.0,3163218,0.0,0.0
2021-07-09 00:00:00+09:00,1416.0,1432.0,1392.0,1412.0,2579139,0.0,0.0
2021-07-12 00:00:00+09:00,1424.0,1428.0,1410.0,1418.0,1539864,0.0,0.0
2021-07-13 00:00:00+09:00,1426.0,1444.0,1420.0,1436.0,1965207,0.0,0.0
2021-07-14 00:00:00+09:00,1440.0,1446.0,1420.0,1424.0,1610844,0.0,0.0
2021-07-15 00:00:00+09:00,1426.0,1428.0,1420.0,1424.0,1426135,0.0,0.0
2021-07-16 00:00:00+09:00,1420.0,1422.0,1412.0,1414.0,1314199,0.0,0.0
2021-07-19 00:00:00+09:00,1408.0,1420.0,1402.0,1404.0,1239491,0.0,0.0
2021-07-20 00:00:00+09:00,1392.0,1406.0,1386.0,1396.0,1334393,0.0,0.0
2021-07-21 00:00:00+09:00,1402.0,1414.0,1394.0,1394.0,1342143,0.0,0.0
2021-07-22 00:00:00+09:00,1396.0,1404.0,1394.0,1400.0,1238985,0.0,0.0
2021-07-23 00:00:00+09:00,1402.0,1408.0,1396.0,1396.0,1134374,0.0,0.0
2021-07-26 00:00:00+09:00,1398.0,1400.0,1366.0,1376.0,2203406,0.0,0.0
2021-07-27 00:00:00+09:00,1376.0,1408.0,1376.0,1388.0,1638378,0.0,0.0
2021-07-28 00:00:00+09:00,1380.0,1386.0,1362.0,1368.0,1199832,0.0,0.0
2021-07-29 00:00:00+09:00,1380.0,1386.0,1366.0,1366.0,1052515,0.0,0.0
2021-07-30 00:00:00+09:00,1410.0,1412.0,1372.0,1378.0,1622362,0.0,0.0
2021-08-02 00:00:00+09:00,1390.0,1390.0,1370.0,1372.0,914760,0.0,0.0
2021-08-03 00:00:00+09:00,1410.0,1436.0,1392.0,1392.0,3777494,0.0,0.0
2021-08-04 00:00:00+09:00,1392.0,1404.0,1384.0,1394.0,1002560,0.0,0.0
2021-08-05 00:00:00+09:00,1396.0,1406.0,1392.0,1400.0,1095294,0.0,0.0
2021-08-06 00:00:00+09:00,1400.0,1406.0,1388.0,1390.0,1145316,0.0,0.0
2021-08-09 00:00:00+09:00,1388.0,1392.0,1376.0,1376.0,1327124,0.0,0.0
2021-08-10 00:00:00+09:00,1376.0,1388.0,1356.0,1358.0,1630438,0.0,0.0
2021-08-11 00:00:00+09:00,1350.0,1372.0,1344.0,1344.0,1515380,0.0,0.0
2021-08-12 00:00:00+09:00,1344.0,1350.0,1330.0,1332.0,1358393,0.0,0.0
2021-08-13 00:00:00+09:00,1336.0,1342.0,1260.0,1304.0,2273990,0.0,0.0
2021-08-17 00:00:00+09:00,1308.0,1346.0,1298.0,1298.0,1604288,0.0,0.0
2021-08-18 00:00:00+09:00,1288.0,1302.0,1276.0,1288.0,1551490,0.0,0.0
2021-08-19 00:00:00+09:00,1258.0,1292.0,1172.0,1172.0,5463525,0.0,0.0
2021-08-20 00:00:00+09:00,1166.0,1200.0,1118.0,1118.0,4381141,0.0,0.0
2021-08-23 00:00:00+09:00,1118.0,1192.0,1118.0,1176.0,3500395,0.0,0.0
2021-08-24 00:00:00+09:00,1172.0,1228.0,1172.0,1214.0,2492883,0.0,0.0
2021-08-25 00:00:00+09:00,1224.0,1234.0,1196.0,1206.0,1206182,0.0,0.0
2021-08-26 00:00:00+09:00,1208.0,1248.0,1204.0,1204.0,2312707,0.0,0.0
2021-08-27 00:00:00+09:00,1210.0,1228.0,1190.0,1222.0,1141285,0.0,0.0
2021-08-30 00:00:00+09:00,1236.0,1236.0,1214.0,1218.0,923034,0.0,0.0
2021-08-31 00:00:00+09:00,1222.0,1226.0,1200.0,1220.0,1060358,0.0,0.0
2021-09-01 00:00:00+09:00,1218.0,1246.0,1218.0,1242.0,1463392,0.0,0.0
2021-09-02 00:00:00+09:00,1234.0,1248.0,1230.0,1240.0,914388,0.0,0.0
2021-09-03 00:00:00+09:00,1244.0,1264.0,1238.0,1240.0,1507046,0.0,0.0
2021-09-06 00:00:00+09:00,1242.0,1244.0,1232.0,1238.0,761795,0.0,0.0
2021-09-07 00:00:00+09:00,1240.0,1246.0,1220.0,1224.0,1075541,0.0,0.0
2021-09-08 00:00:00+09:00,1208.0,1238.0,1208.0,1212.0,1111781,0.0,0.0
2021-09-09 00:00:00+09:00,1194.0,1226.0,1194.0,1194.0,1213208,0.0,0.0
2021-09-10 00:00:00+09:00,1198.0,1210.0,1180.0,1196.0,894594,0.0,0.0
2021-09-13 00:00:00+09:00,1196.0,1206.0,1164.0,1170.0,1237703,0.0,0.0
2021-09-14 00:00:00+09:00,1170.0,1186.0,1164.0,1174.0,802081,0.0,0.0
2021-09-15 00:00:00+09:00,1178.0,1178.0,1158.0,1158.0,945004,0.0,0.0
2021-09-16 00:00:00+09:00,1150.0,1172.0,1142.0,1142.0,1156358,0.0,0.0
2021-09-17 00:00:00+09:00,1136.0,1160.0,1118.0,1134.0,1180348,0.0,0.0
2021-09-23 00:00:00+09:00,1140.0,1322.0,1124.0,1216.0,12042805,0.0,0.0
2021-09-24 00:00:00+09:00,1216.0,1254.0,1198.0,1200.0,2552031,0.0,0.0
2021-09-27 00:00:00+09:00,1200.0,1262.0,1188.0,1230.0,3114645,0.0,0.0
2021-09-28 00:00:00+09:00,1216.0,1236.0,1198.0,1198.0,1466954,0.0,0.0
2021-09-29 00:00:00+09:00,1176.0,1214.0,1170.0,1188.0,1506242,0.0,0.0
2021-09-30 00:00:00+09:00,1184.0,1260.0,1184.0,1186.0,1998808,0.0,0.0
2021-10-01 00:00:00+09:00,1186.0,1194.0,1152.0,1162.0,1374618,0.0,0.0
2021-10-05 00:00:00+09:00,1154.0,1158.0,1110.0,1116.0,2090573,0.0,0.0
2021-10-06 00:00:00+09:00,1112.0,1136.0,1080.0,1086.0,1940991,0.0,0.0
2021-10-07 00:00:00+09:00,1086.0,1120.0,1086.0,1108.0,786838,0.0,0.0
2021-10-08 00:00:00+09:00,1112.0,1128.0,1108.0,1120.0,766783,0.0,0.0
2021-10-12 00:00:00+09:00,1120.0,1124.0,1090.0,1092.0,592223,0.0,0.0
2021-10-13 00:00:00+09:00,1088.0,1110.0,1088.0,1100.0,579894,0.0,0.0
2021-10-14 00:00:00+09:00,1108.0,1126.0,1106.0,1118.0,641698,0.0,0.0
2021-10-15 00:00:00+09:00,1122.0,1140.0,1120.0,1140.0,800894,0.0,0.0
2021-10-18 00:00:00+09:00,1160.0,1160.0,1126.0,1140.0,588929,0.0,0.0
2021-10-19 00:00:00+09:00,1140.0,1238.0,1136.0,1176.0,3218599,0.0,0.0
2021-10-20 00:00:00+09:00,1186.0,1188.0,1160.0,1164.0,816624,0.0,0.0
2021-10-21 00:00:00+09:00,1170.0,1202.0,1164.0,1174.0,949684,0.0,0.0
2021-10-22 00:00:00+09:00,1186.0,1186.0,1170.0,1172.0,585351,0.0,0.0
2021-10-25 00:00:00+09:00,1172.0,1190.0,1164.0,1182.0,524768,0.0,0.0
2021-10-26 00:00:00+09:00,1188.0,1214.0,1188.0,1194.0,917692,0.0,0.0
2021-10-27 00:00:00+09:00,1200.0,1200.0,1168.0,1170.0,861838,0.0,0.0
2021-10-28 00:00:00+09:00,1170.0,1186.0,1158.0,1158.0,559179,0.0,0.0
2021-10-29 00:00:00+09:00,1158.0,1178.0,1148.0,1160.0,828551,0.0,0.0
2021-11-01 00:00:00+09:00,1160.0,1234.0,1152.0,1174.0,2376894,0.0,0.0
2021-11-02 00:00:00+09:00,1180.0,1190.0,1168.0,1184.0,556937,0.0,0.0
2021-11-03 00:00:00+09:00,1184.0,1224.0,1178.0,1194.0,2030523,0.0,0.0
2021-11-04 00:00:00+09:00,1196.0,1212.0,1168.0,1168.0,1020140,0.0,0.0
2021-11-05 00:00:00+09:00,1180.0,1188.0,1160.0,1162.0,651645,0.0,0.0
2021-11-08 00:00:00+09:00,1154.0,1230.0,1132.0,1190.0,2836717,0.0,0.0
2021-11-09 00:00:00+09:00,1200.0,1224.0,1192.0,1204.0,2191336,0.0,0.0
2021-11-10 00:00:00+09:00,1210.0,1230.0,1172.0,1184.0,1936665,0.0,0.0
2021-11-11 00:00:00+09:00,1178.0,1204.0,1176.0,1194.0,1549668,0.0,0.0
2021-11-12 00:00:00+09:00,1286.0,1298.0,1230.0,1236.0,6945380,0.0,0.0
2021-11-15 00:00:00+09:00,1250.0,1272.0,1240.0,1268.0,2040874,0.0,0.0
2021-11-16 00:00:00+09:00,1266.0,1266.0,1226.0,1234.0,1953912,0.0,0.0
2021-11-17 00:00:00+09:00,1244.0,1248.0,1202.0,1204.0,1449666,0.0,0.0
2021-11-18 00:00:00+09:00,1206.0,1256.0,1194.0,1228.0,2241836,0.0,0.0
2021-11-19 00:00:00+09:00,1240.0,1344.0,1240.0,1336.0,10321010,0.0,0.0
2021-11-22 00:00:00+09:00,1318.0,1332.0,1270.0,1280.0,3194326,0.0,0.0
2021-11-23 00:00:00+09:00,1276.0,1300.0,1244.0,1250.0,1967410,0.0,0.0
2021-11-24 00:00:00+09:00,1266.0,1332.0,1264.0,1290.0,3670196,0.0,0.0
2021-11-25 00:00:00+09:00,1292.0,1314.0,1280.0,1294.0,1944450,0.0,0.0
2021-11-26 00:00:00+09:00,1308.0,1312.0,1256.0,1264.0,1753124,0.0,0.0
2021-11-29 00:00:00+09:00,1224.0,1250.0,1192.0,1192.0,2393609,0.0,0.0
2021-11-30 00:00:00+09:00,1200.0,1212.0,1102.0,1110.0,3069476,0.0,0.0
2021-12-01 00:00:00+09:00,1090.0,1136.0,1086.0,1128.0,2029727,0.0,0.0
2021-12-02 00:00:00+09:00,1106.0,1150.0,1106.0,1136.0,1778984,0.0,0.0
2021-12-03 00:00:00+09:00,1134.0,1154.0,1134.0,1146.0,1277036,0.0,0.0
2021-12-06 00:00:00+09:00,1146.0,1148.0,1110.0,1138.0,1093110,0.0,0.0
2021-12-07 00:00:00+09:00,1144.0,1176.0,1138.0,1156.0,1278426,0.0,0.0
2021-12-08 00:00:00+09:00,1164.0,1170.0,1146.0,1152.0,1019824,0.0,0.0
2021-12-09 00:00:00+09:00,1158.0,1170.0,1154.0,1160.0,571567,0.0,0.0
2021-12-10 00:00:00+09:00,1152.0,1266.0,1148.0,1186.0,4283746,0.0,0.0
2021-12-13 00:00:00+09:00,1200.0,1250.0,1198.0,1208.0,3075755,0.0,0.0
2021-12-14 00:00:00+09:00,1208.0,1260.0,1196.0,1242.0,4523892,0.0,0.0
2021-12-15 00:00:00+09:00,1334.0,1418.0,1280.0,1280.0,30244015,0.0,0.0
2021-12-16 00:00:00+09:00,1298.0,1328.0,1262.0,1268.0,5122410,0.0,0.0
2021-12-17 00:00:00+09:00,1254.0,1280.0,1246.0,1254.0,1978724,0.0,0.0
2021-12-20 00:00:00+09:00,1238.0,1248.0,1194.0,1200.0,2819965,0.0,0.0
2021-12-21 00:00:00+09:00,1200.0,1212.0,1180.0,1188.0,1801627,0.0,0.0
2021-12-22 00:00:00+09:00,1196.0,1206.0,1184.0,1188.0,1436505,0.0,0.0
2021-12-23 00:00:00+09:00,1190.0,1200.0,1170.0,1172.0,1566942,0.0,0.0
2021-12-24 00:00:00+09:00,1178.0,1180.0,1156.0,1156.0,1782066,0.0,0.0
2021-12-27 00:00:00+09:00,1158.0,1160.0,1106.0,1122.0,4414022,0.0,0.0
2021-12-28 00:00:00+09:00,1132.0,1132.0,1102.0,1108.0,3839754,0.0,0.0
2021-12-29 00:00:00+09:00,1112.0,1174.0,1112.0,1148.0,2991079,0.0,0.0
2021-12-30 00:00:00+09:00,1148.0,1216.0,1148.0,1184.0,5502950,0.0,0.0
2022-01-04 00:00:00+09:00,1194.0,1212.0,1182.0,1196.0,1552043,0.0,0.0
2022-01-05 00:00:00+09:00,1192.0,1194.0,1166.0,1168.0,2231604,0.0,0.0
2022-01-06 00:00:00+09:00,1158.0,1184.0,1144.0,1154.0,1389215,0.0,0.0
2022-01-07 00:00:00+09:00,1154.0,1176.0,1154.0,1174.0,1085018,0.0,0.0
2022-01-10 00:00:00+09:00,1174.0,1174.0,1152.0,1158.0,979399,0.0,0.0
2022-01-11 00:00:00+09:00,1154.0,1168.0,1148.0,1152.0,1289472,0.0,0.0
2022-01-12 00:00:00+09:00,1162.0,1170.0,1156.0,1156.0,1051064,0.0,0.0
2022-01-13 00:00:00+09:00,1164.0,1206.0,1156.0,1182.0,1571972,0.0,0.0
2022-01-14 00:00:00+09:00,1182.0,1190.0,1166.0,1172.0,971955,0.0,0.0
2022-01-17 00:00:00+09:00,1166.0,1176.0,1144.0,1146.0,888044,0.0,0.0
2022-01-18 00:00:00+09:00,1148.0,1156.0,1124.0,1126.0,1209115,0.0,0.0
2022-01-19 00:00:00+09:00,1118.0,1170.0,1112.0,1112.0,1754019,0.0,0.0
2022-01-20 00:00:00+09:00,1124.0,1156.0,1118.0,1124.0,1013267,0.0,0.0
2022-01-21 00:00:00+09:00,1128.0,1140.0,1120.0,1140.0,760428,0.0,0.0
2022-01-24 00:00:00+09:00,1126.0,1134.0,1108.0,1112.0,1006160,0.0,0.0
2022-01-25 00:00:00+09:00,1126.0,1126.0,1034.0,1040.0,2341771,0.0,0.0
2022-01-26 00:00:00+09:00,1032.0,1058.0,1026.0,1042.0,1121565,0.0,0.0
2022-01-27 00:00:00+09:00,1042.0,1056.0,976.0,980.0,2525166,0.0,0.0
2022-01-28 00:00:00+09:00,992.0,1018.0,980.0,1018.0,1016435,0.0,0.0
2022-02-03 00:00:00+09:00,1036.0,1058.0,1030.0,1056.0,575131,0.0,0.0
2022-02-04 00:00:00+09:00,1052.0,1068.0,1044.0,1058.0,697956,0.0,0.0
2022-02-07 00:00:00+09:00,1060.0,1070.0,1050.0,1058.0,1542559,0.0,0.0
2022-02-08 00:00:00+09:00,1200.0,1206.0,1100.0,1106.0,11018080,0.0,0.0
2022-02-09 00:00:00+09:00,1106.0,1128.0,1100.0,1110.0,1394031,0.0,0.0
2022-02-10 00:00:00+09:00,1112.0,1116.0,1072.0,1072.0,1538216,0.0,0.0
2022-02-11 00:00:00+09:00,1066.0,1078.0,1058.0,1058.0,945126,0.0,0.0
2022-02-14 00:00:00+09:00,1050.0,1050.0,1014.0,1018.0,1139668,0.0,0.0
2022-02-15 00:00:00+09:00,1004.0,1036.0,1000.0,1004.0,1085132,0.0,0.0
2022-02-16 00:00:00+09:00,1008.0,1040.0,1008.0,1018.0,1069841,0.0,0.0
2022-02-17 00:00:00+09:00,1018.0,1044.0,1014.0,1022.0,1276497,0.0,0.0
2022-02-18 00:00:00+09:00,1002.0,1038.0,1002.0,1026.0,1023992,0.0,0.0
2022-02-21 00:00:00+09:00,1006.0,1028.0,1006.0,1020.0,764048,0.0,0.0
2022-02-22 00:00:00+09:00,1016.0,1022.0,998.0,998.0,1235743,0.0,0.0
2022-02-23 00:00:00+09:00,1006.0,1018.0,1004.0,1012.0,580595,0.0,0.0
2022-02-24 00:00:00+09:00,1004.0,1012.0,982.0,982.0,1083124,0.0,0.0
2022-02-25 00:00:00+09:00,990.0,1008.0,990.0,992.0,564287,0.0,0.0
2022-02-28 00:00:00+09:00,1004.0,1012.0,998.0,1006.0,538046,0.0,0.0
2022-03-02 00:00:00+09:00,1010.0,1010.0,996.0,1006.0,557196,0.0,0.0
2022-03-03 00:00:00+09:00,1008.0,1014.0,1006.0,1012.0,513716,0.0,0.0
2022-03-04 00:00:00+09:00,1012.0,1016.0,1002.0,1008.0,549685,0.0,0.0
2022-03-07 00:00:00+09:00,1002.0,1008.0,992.0,992.0,661378,0.0,0.0
2022-03-08 00:00:00+09:00,990.0,1000.0,980.0,986.0,538437,0.0,0.0
2022-03-10 00:00:00+09:00,992.0,1004.0,982.0,986.0,662708,0.0,0.0
2022-03-11 00:00:00+09:00,990.0,996.0,978.0,986.0,724203,0.0,0.0
2022-03-14 00:00:00+09:00,990.0,994.0,972.0,978.0,713590,0.0,0.0
2022-03-15 00:00:00+09:00,980.0,988.0,970.0,980.0,618063,0.0,0.0
2022-03-16 00:00:00+09:00,986.0,992.0,976.0,980.0,766330,0.0,0.0
2022-03-17 00:00:00+09:00,990.0,998.0,980.0,998.0,664547,0.0,0.0
2022-03-18 00:00:00+09:00,1002.0,1006.0,990.0,998.0,563523,0.0,0.0
2022-03-21 00:00:00+09:00,1006.0,1010.0,990.0,996.0,811202,0.0,0.0
2022-03-22 00:00:00+09:00,992.0,1002.0,976.0,988.0,1030652,0.0,0.0
2022-03-23 00:00:00+09:00,992.0,1000.0,984.0,988.0,817684,0.0,0.0
2022-03-24 00:00:00+09:00,988.0,994.0,984.0,990.0,924856,0.0,0.0
2022-03-25 00:00:00+09:00,996.0,996.0,982.0,984.0,717986,0.0,0.0
2022-03-28 00:00:00+09:00,988.0,988.0,980.0,982.0,769956,0.0,0.0
2022-03-29 00:00:00+09:00,986.0,992.0,980.0,986.0,614781,0.0,0.0
2022-03-30 00:00:00+09:00,988.0,1008.0,986.0,1000.0,1123788,0.0,0.0
2022-03-31 00:00:00+09:00,1010.0,1040.0,1006.0,1014.0,1888845,0.0,0.0
2022-04-01 00:00:00+09:00,1026.0,1036.0,1006.0,1020.0,1039684,0.0,0.0
2022-04-04 00:00:00+09:00,1036.0,1052.0,1028.0,1038.0,1457293,0.0,0.0
2022-04-05 00:00:00+09:00,1038.0,1048.0,1028.0,1028.0,567596,0.0,0.0
2022-04-06 00:00:00+09:00,1026.0,1042.0,1020.0,1028.0,941668,0.0,0.0
2022-04-07 00:00:00+09:00,1026.0,1028.0,1002.0,1004.0,627508,0.0,0.0
2022-04-08 00:00:00+09:00,1012.0,1014.0,1000.0,1006.0,428695,0.0,0.0
2022-04-11 00:00:00+09:00,1000.0,1010.0,996.0,996.0,489567,0.0,0.0
2022-04-12 00:00:00+09:00,996.0,1006.0,992.0,998.0,628027,0.0,0.0
2022-04-13 00:00:00+09:00,1000.0,1032.0,1000.0,1012.0,952198,0.0,0.0
2022-04-14 00:00:00+09:00,1018.0,1024.0,1012.0,1018.0,451115,0.0,0.0
2022-04-15 00:00:00+09:00,1020.0,1028.0,1014.0,1018.0,532440,0.0,0.0
2022-04-18 00:00:00+09:00,1018.0,1042.0,1018.0,1020.0,876675,0.0,0.0
2022-04-19 00:00:00+09:00,1022.0,1046.0,1020.0,1046.0,1930677,0.0,0.0
2022-04-20 00:00:00+09:00,1058.0,1062.0,1024.0,1034.0,1553762,0.0,0.0
2022-04-21 00:00:00+09:00,1030.0,1040.0,1024.0,1040.0,1659158,0.0,0.0
2022-05-04 00:00:00+09:00,,,,,0,0.0,0.5
2022-05-25 00:00:00+09:00,1010.0,1030.0,925.0,992.0,3661627,0.0,0.0
2022-05-26 00:00:00+09:00,970.0,1010.0,970.0,986.0,1373082,0.0,0.0
2022-05-27 00:00:00+09:00,983.0,994.0,979.0,981.0,677326,0.0,0.0
2022-05-30 00:00:00+09:00,979.0,1005.0,973.0,979.0,1032657,0.0,0.0
2022-05-31 00:00:00+09:00,979.0,983.0,970.0,973.0,644830,0.0,0.0
2022-06-02 00:00:00+09:00,973.0,987.0,969.0,972.0,562553,0.0,0.0
2022-06-03 00:00:00+09:00,960.0,968.0,949.0,953.0,1677147,0.0,0.0
2022-06-07 00:00:00+09:00,956.0,956.0,878.0,902.0,2167934,0.0,0.0
2022-06-08 00:00:00+09:00,905.0,905.0,870.0,875.0,1741952,0.0,0.0
2022-06-09 00:00:00+09:00,871.0,890.0,869.0,888.0,758504,0.0,0.0
2022-06-10 00:00:00+09:00,875.0,905.0,875.0,887.0,806168,0.0,0.0
2022-06-13 00:00:00+09:00,860.0,870.0,840.0,841.0,1300877,0.0,0.0
2022-06-14 00:00:00+09:00,802.0,835.0,802.0,829.0,1233618,0.0,0.0
2022-06-15 00:00:00+09:00,810.0,828.0,803.0,812.0,856732,0.0,0.0
2022-06-16 00:00:00+09:00,816.0,834.0,803.0,806.0,676734,0.0,0.0
2022-06-17 00:00:00+09:00,776.0,823.0,773.0,820.0,936807,0.0,0.0
2022-06-20 00:00:00+09:00,825.0,827.0,791.0,791.0,678544,0.0,0.0
2022-06-21 00:00:00+09:00,779.0,793.0,778.0,791.0,379158,0.0,0.0
2022-06-22 00:00:00+09:00,782.0,791.0,736.0,755.0,1113040,0.0,0.0
2022-06-23 00:00:00+09:00,744.0,757.0,699.0,700.0,1612577,0.0,0.0
2022-06-24 00:00:00+09:00,691.0,738.0,690.0,728.0,971070,0.0,0.0
2022-06-27 00:00:00+09:00,722.0,750.0,722.0,742.0,665068,0.0,0.0
2022-06-28 00:00:00+09:00,741.0,748.0,737.0,743.0,404762,0.0,0.0
2022-06-29 00:00:00+09:00,737.0,755.0,732.0,746.0,424897,0.0,0.0
2022-06-30 00:00:00+09:00,741.0,752.0,741.0,747.0,501851,0.0,0.0
2022-07-01 00:00:00+09:00,744.0,752.0,728.0,728.0,373690,0.0,0.0
2022-07-04 00:00:00+09:00,720.0,740.0,680.0,740.0,490047,0.0,0.0
2022-07-05 00:00:00+09:00,736.0,750.0,735.0,748.0,219607,0.0,0.0
2022-07-06 00:00:00+09:00,741.0,756.0,733.0,738.0,492387,0.0,0.0
2022-07-07 00:00:00+09:00,738.0,755.0,733.0,751.0,677808,0.0,0.0
2022-07-08 00:00:00+09:00,755.0,779.0,751.0,778.0,514168,0.0,0.0
2022-07-11 00:00:00+09:00,778.0,780.0,760.0,775.0,399666,0.0,0.0
2022-07-12 00:00:00+09:00,771.0,774.0,749.0,752.0,581141,0.0,0.0
2022-07-13 00:00:00+09:00,752.0,761.0,746.0,754.0,266377,0.0,0.0
2022-07-14 00:00:00+09:00,750.0,766.0,750.0,759.0,235249,0.0,0.0
2022-07-15 00:00:00+09:00,764.0,766.0,750.0,766.0,233586,0.0,0.0
2022-07-18 00:00:00+09:00,783.0,797.0,770.0,787.0,497558,0.0,0.0
2022-07-19 00:00:00+09:00,784.0,818.0,771.0,803.0,529437,0.0,0.0
2022-07-20 00:00:00+09:00,810.0,821.0,805.0,810.0,237653,0.0,0.0
2022-07-21 00:00:00+09:00,899.0,899.0,820.0,820.0,1070239,0.0,0.0
2022-07-22 00:00:00+09:00,817.0,845.0,816.0,820.0,295054,0.0,0.0
2022-07-25 00:00:00+09:00,816.0,832.0,812.0,825.0,216189,0.0,0.0
2022-07-26 00:00:00+09:00,820.0,830.0,818.0,828.0,189348,0.0,0.0
2022-07-27 00:00:00+09:00,829.0,832.0,817.0,819.0,234448,0.0,0.0
2022-07-28 00:00:00+09:00,822.0,833.0,815.0,818.0,306296,0.0,0.0
2022-07-29 00:00:00+09:00,820.0,834.0,818.0,820.0,224859,0.0,0.0
2022-08-01 00:00:00+09:00,820.0,826.0,815.0,815.0,197129,0.0,0.0
2022-08-02 00:00:00+09:00,815.0,817.0,809.0,812.0,209119,0.0,0.0
2022-08-03 00:00:00+09:00,813.0,820.0,808.0,809.0,481649,0.0,0.0
2022-08-04 00:00:00+09:00,814.0,818.0,810.0,811.0,176299,0.0,0.0
2022-08-05 00:00:00+09:00,810.0,815.0,808.0,808.0,481133,0.0,0.0
2022-08-08 00:00:00+09:00,810.0,815.0,797.0,801.0,294115,0.0,0.0
2022-08-09 00:00:00+09:00,794.0,807.0,790.0,796.0,323326,0.0,0.0
2022-08-10 00:00:00+09:00,793.0,797.0,784.0,785.0,307178,0.0,0.0
2022-08-11 00:00:00+09:00,794.0,794.0,777.0,780.0,361891,0.0,0.0
2022-08-12 00:00:00+09:00,780.0,785.0,777.0,778.0,225270,0.0,0.0
2022-08-16 00:00:00+09:00,780.0,782.0,761.0,765.0,539393,0.0,0.0
2022-08-17 00:00:00+09:00,537.0,577.0,536.0,537.0,23012770,0.0,0.0
2022-08-18 00:00:00+09:00,530.0,547.0,523.0,525.0,7622442,0.0,0.0
2022-08-19 00:00:00+09:00,594.0,682.0,580.0,682.0,40438470,0.0,0.0
2022-08-22 00:00:00+09:00,682.0,699.0,594.0,597.0,18277180,0.0,0.0
2022-08-23 00:00:00+09:00,580.0,595.0,571.0,577.0,3260782,0.0,0.0
2022-08-24 00:00:00+09:00,592.0,603.0,581.0,590.0,2021513,0.0,0.0
2022-08-25 00:00:00+09:00,591.0,597.0,585.0,589.0,1422681,0.0,0.0
2022-08-26 00:00:00+09:00,590.0,602.0,590.0,598.0,1146786,0.0,0.0
2022-08-29 00:00:00+09:00,581.0,599.0,576.0,597.0,1365890,0.0,0.0
2022-08-30 00:00:00+09:00,599.0,614.0,597.0,614.0,1192619,0.0,0.0
2022-08-31 00:00:00+09:00,611.0,611.0,600.0,602.0,882961,0.0,0.0
2022-09-01 00:00:00+09:00,602.0,606.0,587.0,590.0,1099387,0.0,0.0
2022-09-02 00:00:00+09:00,594.0,606.0,594.0,600.0,1331840,0.0,0.0
2022-09-05 00:00:00+09:00,600.0,611.0,595.0,605.0,912199,0.0,0.0
2022-09-06 00:00:00+09:00,606.0,609.0,603.0,603.0,658767,0.0,0.0
2022-09-07 00:00:00+09:00,602.0,605.0,597.0,603.0,788026,0.0,0.0
2022-09-08 00:00:00+09:00,604.0,611.0,602.0,602.0,826310,0.0,0.0
2022-09-13 00:00:00+09:00,604.0,610.0,603.0,610.0,544172,0.0,0.0
2022-09-14 00:00:00+09:00,598.0,610.0,595.0,606.0,878029,0.0,0.0
2022-09-15 00:00:00+09:00,606.0,613.0,605.0,610.0,566843,0.0,0.0
2022-09-16 00:00:00+09:00,610.0,627.0,607.0,615.0,691750,0.0,0.0
2022-09-19 00:00:00+09:00,616.0,619.0,610.0,611.0,627883,0.0,0.0
2022-09-20 00:00:00+09:00,615.0,620.0,610.0,615.0,577128,0.0,0.0
2022-09-21 00:00:00+09:00,611.0,623.0,609.0,614.0,464136,0.0,0.0
2022-09-22 00:00:00+09:00,610.0,619.0,607.0,616.0,602993,0.0,0.0
2022-09-23 00:00:00+09:00,612.0,634.0,611.0,633.0,897247,0.0,0.0
2022-09-26 00:00:00+09:00,633.0,634.0,591.0,596.0,987409,0.0,0.0
2022-09-27 00:00:00+09:00,599.0,616.0,596.0,612.0,1184850,0.0,0.0
2022-09-28 00:00:00+09:00,608.0,617.0,599.0,609.0,890138,0.0,0.0
2022-09-29 00:00:00+09:00,609.0,621.0,609.0,610.0,567727,0.0,0.0
2022-09-30 00:00:00+09:00,601.0,619.0,601.0,610.0,620051,0.0,0.0
2022-10-04 00:00:00+09:00,615.0,627.0,612.0,621.0,604508,0.0,0.0
2022-10-05 00:00:00+09:00,621.0,631.0,618.0,627.0,621684,0.0,0.0
2022-10-06 00:00:00+09:00,626.0,650.0,626.0,637.0,524576,0.0,0.0
2022-10-07 00:00:00+09:00,637.0,695.0,637.0,660.0,1789113,0.0,0.0
2022-10-11 00:00:00+09:00,658.0,659.0,623.0,627.0,564545,0.0,0.0
2022-10-12 00:00:00+09:00,621.0,625.0,613.0,615.0,260846,0.0,0.0
2022-10-13 00:00:00+09:00,616.0,633.0,616.0,633.0,765424,0.0,0.0
2022-10-14 00:00:00+09:00,635.0,650.0,633.0,645.0,504188,0.0,0.0
2022-10-17 00:00:00+09:00,638.0,655.0,632.0,642.0,210822,0.0,0.0
2022-10-18 00:00:00+09:00,642.0,662.0,640.0,658.0,582004,0.0,0.0
2022-10-19 00:00:00+09:00,656.0,683.0,656.0,670.0,566660,0.0,0.0
2022-10-20 00:00:00+09:00,675.0,680.0,663.0,664.0,224571,0.0,0.0
2022-10-21 00:00:00+09:00,672.0,673.0,660.0,661.0,189782,0.0,0.0
2022-10-24 00:00:00+09:00,668.0,683.0,661.0,664.0,449622,0.0,0.0
2022-10-25 00:00:00+09:00,675.0,675.0,659.0,664.0,234529,0.0,0.0
2022-10-26 00:00:00+09:00,663.0,670.0,648.0,660.0,255971,0.0,0.0
2022-10-27 00:00:00+09:00,666.0,684.0,660.0,673.0,615959,0.0,0.0
2022-10-28 00:00:00+09:00,671.0,680.0,667.0,674.0,244162,0.0,0.0
2022-10-31 00:00:00+09:00,675.0,680.0,672.0,672.0,209921,0.0,0.0
2022-11-01 00:00:00+09:00,672.0,682.0,669.0,679.0,330155,0.0,0.0
2022-11-02 00:00:00+09:00,681.0,682.0,672.0,677.0,357787,0.0,0.0
2022-11-03 00:00:00+09:00,677.0,687.0,668.0,684.0,367868,0.0,0.0
2022-11-04 00:00:00+09:00,684.0,688.0,681.0,682.0,91686,0.0,0.0
2022-11-07 00:00:00+09:00,680.0,693.0,676.0,688.0,416625,0.0,0.0
2022-11-08 00:00:00+09:00,689.0,694.0,686.0,689.0,193622,0.0,0.0
2022-11-09 00:00:00+09:00,690.0,693.0,685.0,685.0,290269,0.0,0.0
2022-11-10 00:00:00+09:00,689.0,689.0,674.0,675.0,269146,0.0,0.0
2022-11-11 00:00:00+09:00,681.0,681.0,661.0,670.0,530835,0.0,0.0
2022-11-14 00:00:00+09:00,670.0,676.0,668.0,669.0,358171,0.0,0.0
2022-11-15 00:00:00+09:00,664.0,674.0,664.0,669.0,251594,0.0,0.0
2022-11-16 00:00:00+09:00,666.0,675.0,662.0,671.0,299047,0.0,0.0
2022-11-17 00:00:00+09:00,671.0,676.0,665.0,668.0,342294,0.0,0.0
2022-11-18 00:00:00+09:00,677.0,677.0,662.0,669.0,458282,0.0,0.0
2022-11-21 00:00:00+09:00,686.0,712.0,667.0,669.0,1773776,0.0,0.0
2022-11-22 00:00:00+09:00,662.0,678.0,631.0,669.0,656887,0.0,0.0
2022-11-23 00:00:00+09:00,669.0,675.0,658.0,668.0,455470,0.0,0.0
2022-11-24 00:00:00+09:00,672.0,700.0,667.0,684.0,685297,0.0,0.0
2022-11-25 00:00:00+09:00,694.0,702.0,680.0,699.0,466235,0.0,0.0
2022-11-28 00:00:00+09:00,700.0,707.0,686.0,704.0,355514,0.0,0.0
2022-11-29 00:00:00+09:00,706.0,725.0,690.0,719.0,433921,0.0,0.0
2022-11-30 00:00:00+09:00,710.0,736.0,710.0,735.0,358200,0.0,0.0
2022-12-01 00:00:00+09:00,735.0,758.0,722.0,750.0,441872,0.0,0.0
2022-12-02 00:00:00+09:00,750.0,760.0,738.0,760.0,308521,0.0,0.0
2022-12-05 00:00:00+09:00,764.0,773.0,760.0,773.0,448808,0.0,0.0
2022-12-06 00:00:00+09:00,802.0,819.0,770.0,776.0,1093137,0.0,0.0
2022-12-07 00:00:00+09:00,773.0,778.0,755.0,767.0,324521,0.0,0.0
2022-12-08 00:00:00+09:00,763.0,780.0,736.0,741.0,342937,0.0,0.0
2022-12-09 00:00:00+09:00,741.0,742.0,720.0,721.0,549317,0.0,0.0
2022-12-12 00:00:00+09:00,750.0,844.0,740.0,760.0,4044172,0.0,0.0
2022-12-13 00:00:00+09:00,760.0,809.0,730.0,742.0,1141374,0.0,0.0
2022-12-14 00:00:00+09:00,745.0,745.0,729.0,732.0,357112,0.0,0.0
2022-12-15 00:00:00+09:00,738.0,738.0,720.0,732.0,242365,0.0,0.0
2022-12-16 00:00:00+09:00,721.0,730.0,712.0,721.0,173840,0.0,0.0
2022-12-19 00:00:00+09:00,727.0,727.0,693.0,693.0,564966,0.0,0.0
2022-12-20 00:00:00+09:00,693.0,700.0,668.0,678.0,445768,0.0,0.0
2022-12-21 00:00:00+09:00,679.0,698.0,666.0,685.0,253811,0.0,0.0
2022-12-22 00:00:00+09:00,685.0,826.0,673.0,715.0,5185631,0.0,0.0
2022-12-23 00:00:00+09:00,708.0,708.0,685.0,685.0,1226813,0.0,0.0
2022-12-26 00:00:00+09:00,740.0,751.0,673.0,673.0,2181926,0.0,0.0
2022-12-27 00:00:00+09:00,673.0,710.0,648.0,650.0,1987910,0.0,0.0
2022-12-28 00:00:00+09:00,651.0,680.0,646.0,652.0,521673,0.0,0.0
2022-12-29 00:00:00+09:00,647.0,659.0,645.0,649.0,144215,0.0,0.0
2023-01-02 00:00:00+09:00,649.0,660.0,640.0,644.0,130499,0.0,0.0
2023-01-03 00:00:00+09:00,645.0,650.0,627.0,642.0,313789,0.0,0.0
2023-01-04 00:00:00+09:00,642.0,648.0,631.0,642.0,186764,0.0,0.0
2023-01-05 00:00:00+09:00,648.0,656.0,640.0,648.0,216259,0.0,0.0
2023-01-06 00:00:00+09:00,645.0,659.0,640.0,649.0,136772,0.0,0.0
2023-01-09 00:00:00+09:00,654.0,694.0,654.0,685.0,763971,0.0,0.0
2023-01-10 00:00:00+09:00,698.0,698.0,675.0,684.0,174135,0.0,0.0
2023-01-11 00:00:00+09:00,694.0,694.0,673.0,679.0,185713,0.0,0.0
2023-01-12 00:00:00+09:00,679.0,685.0,672.0,679.0,134610,0.0,0.0
2023-01-13 00:00:00+09:00,679.0,685.0,672.0,672.0,210825,0.0,0.0
2023-01-16 00:00:00+09:00,672.0,680.0,672.0,674.0,111680,0.0,0.0
2023-01-17 00:00:00+09:00,668.0,682.0,668.0,672.0,152229,0.0,0.0
2023-01-18 00:00:00+09:00,672.0,676.0,659.0,664.0,142409,0.0,0.0
2023-01-19 00:00:00+09:00,668.0,694.0,660.0,672.0,598760,0.0,0.0
2023-01-20 00:00:00+09:00,668.0,741.0,668.0,705.0,2978499,0.0,0.0
2023-01-25 00:00:00+09:00,792.0,792.0,752.0,767.0,8497509,0.0,0.0
2023-01-26 00:00:00+09:00,767.0,807.0,761.0,773.0,1676561,0.0,0.0
2023-01-27 00:00:00+09:00,787.0,791.0,776.0,786.0,637706,0.0,0.0
2023-01-30 00:00:00+09:00,784.0,784.0,744.0,753.0,1149480,0.0,0.0
2023-01-31 00:00:00+09:00,746.0,814.0,737.0,765.0,2537991,0.0,0.0
2023-02-01 00:00:00+09:00,779.0,790.0,750.0,752.0,920812,0.0,0.0
2023-02-02 00:00:00+09:00,754.0,783.0,749.0,770.0,726590,0.0,0.0
2023-02-03 00:00:00+09:00,776.0,782.0,760.0,769.0,552703,0.0,0.0
2023-02-06 00:00:00+09:00,774.0,791.0,744.0,750.0,823500,0.0,0.0
2023-02-07 00:00:00+09:00,760.0,766.0,745.0,748.0,376103,0.0,0.0
2023-02-08 00:00:00+09:00,745.0,756.0,742.0,751.0,380787,0.0,0.0
2023-02-09 00:00:00+09:00,750.0,753.0,722.0,737.0,385716,0.0,0.0
2023-02-10 00:00:00+09:00,738.0,738.0,722.0,724.0,253836,0.0,0.0
2023-02-13 00:00:00+09:00,724.0,755.0,709.0,730.0,550878,0.0,0.0
2023-02-14 00:00:00+09:00,728.0,740.0,726.0,732.0,180844,0.0,0.0
2023-02-15 00:00:00+09:00,729.0,734.0,713.0,724.0,357318,0.0,0.0
2023-02-16 00:00:00+09:00,751.0,751.0,706.0,735.0,526796,0.0,0.0
2023-02-17 00:00:00+09:00,735.0,736.0,724.0,734.0,198063,0.0,0.0
2023-02-20 00:00:00+09:00,740.0,740.0,725.0,732.0,206641,0.0,0.0
2023-02-21 00:00:00+09:00,737.0,739.0,725.0,725.0,284067,0.0,0.0
2023-02-22 00:00:00+09:00,719.0,735.0,716.0,725.0,262625,0.0,0.0
2023-02-23 00:00:00+09:00,730.0,734.0,719.0,734.0,184375,0.0,0.0
2023-02-24 00:00:00+09:00,750.0,760.0,739.0,745.0,1044760,0.0,0.0
2023-02-27 00:00:00+09:00,752.0,752.0,738.0,743.0,238896,0.0,0.0
2023-02-28 00:00:00+09:00,740.0,744.0,720.0,735.0,405557,0.0,0.0
2023-03-02 00:00:00+09:00,734.0,735.0,722.0,724.0,396749,0.0,0.0
2023-03-03 00:00:00+09:00,723.0,728.0,715.0,721.0,313997,0.0,0.0
2023-03-06 00:00:00+09:00,721.0,730.0,711.0,717.0,268888,0.0,0.0
2023-03-07 00:00:00+09:00,717.0,717.0,700.0,704.0,526249,0.0,0.0
2023-03-08 00:00:00+09:00,703.0,703.0,684.0,690.0,355835,0.0,0.0
2023-03-09 00:00:00+09:00,688.0,691.0,665.0,676.0,482932,0.0,0.0
2023-03-10 00:00:00+09:00,672.0,688.0,660.0,675.0,234644,0.0,0.0
2023-03-13 00:00:00+09:00,675.0,676.0,655.0,664.0,357617,0.0,0.0
2023-03-14 00:00:00+09:00,664.0,671.0,640.0,649.0,301719,0.0,0.0
2023-03-15 00:00:00+09:00,655.0,656.0,635.0,655.0,409314,0.0,0.0
2023-03-16 00:00:00+09:00,655.0,658.0,631.0,638.0,311248,0.0,0.0
2023-03-17 00:00:00+09:00,638.0,664.0,630.0,660.0,368163,0.0,0.0
2023-03-20 00:00:00+09:00,669.0,687.0,661.0,687.0,375540,0.0,0.0
2023-03-21 00:00:00+09:00,711.0,711.0,675.0,675.0,487986,0.0,0.0
2023-03-22 00:00:00+09:00,677.0,682.0,665.0,675.0,228442,0.0,0.0
2023-03-23 00:00:00+09:00,665.0,672.0,647.0,648.0,333888,0.0,0.0
2023-03-24 00:00:00+09:00,647.0,655.0,645.0,647.0,177165,0.0,0.0
2023-03-27 00:00:00+09:00,647.0,655.0,631.0,635.0,204362,0.0,0.0
2023-03-28 00:00:00+09:00,642.0,665.0,629.0,642.0,449967,0.0,0.0
2023-03-29 00:00:00+09:00,659.0,661.0,642.0,658.0,228807,0.0,0.0
2023-03-30 00:00:00+09:00,658.0,676.0,656.0,669.0,325150,0.0,0.0
2023-03-31 00:00:00+09:00,670.0,673.0,661.0,671.0,197063,0.0,0.0
2023-04-03 00:00:00+09:00,666.0,672.0,662.0,663.0,254002,0.0,0.0
2023-04-04 00:00:00+09:00,657.0,672.0,655.0,665.0,375441,0.0,0.0
2023-04-05 00:00:00+09:00,662.0,671.0,660.0,661.0,203854,0.0,0.0
2023-04-06 00:00:00+09:00,667.0,667.0,645.0,662.0,330015,0.0,0.0
2023-04-07 00:00:00+09:00,669.0,669.0,652.0,654.0,210843,0.0,0.0
2023-04-10 00:00:00+09:00,644.0,649.0,635.0,638.0,309524,0.0,0.0
2023-04-11 00:00:00+09:00,638.0,645.0,627.0,640.0,307639,0.0,0.0
2023-04-12 00:00:00+09:00,637.0,658.0,636.0,651.0,320783,0.0,0.0
2023-04-13 00:00:00+09:00,645.0,650.0,639.0,644.0,350305,0.0,0.0
2023-04-14 00:00:00+09:00,645.0,661.0,644.0,656.0,262453,0.0,0.0
2023-04-17 00:00:00+09:00,655.0,666.0,653.0,658.0,215419,0.0,0.0
2023-04-18 00:00:00+09:00,655.0,664.0,645.0,652.0,435956,0.0,0.0
2023-04-19 00:00:00+09:00,652.0,658.0,643.0,655.0,352535,0.0,0.0
2023-04-20 00:00:00+09:00,652.0,657.0,641.0,641.0,308118,0.0,0.0
2023-04-21 00:00:00+09:00,641.0,641.0,628.0,635.0,306085,0.0,0.0
2023-04-24 00:00:00+09:00,636.0,637.0,625.0,625.0,292021,0.0,0.0
2023-04-25 00:00:00+09:00,626.0,630.0,600.0,612.0,287519,0.0,0.0
2023-04-26 00:00:00+09:00,615.0,617.0,603.0,609.0,190950,0.0,0.0
2023-04-27 00:00:00+09:00,612.0,612.0,595.0,607.0,197438,0.0,0.0
2023-04-28 00:00:00+09:00,610.0,614.0,601.0,604.0,224455,0.0,0.0
2023-05-02 00:00:00+09:00,604.0,610.0,600.0,608.0,238272,0.0,0.0
2023-05-03 00:00:00+09:00,610.0,611.0,600.0,600.0,143589,0.0,0.0
2023-05-04 00:00:00+09:00,605.0,605.0,593.0,600.0,244531,0.0,0.0
2023-05-08 00:00:00+09:00,601.0,610.0,598.0,601.0,225972,0.0,0.0
2023-05-09 00:00:00+09:00,600.0,609.0,599.0,608.0,261569,0.0,0.0
2023-05-10 00:00:00+09:00,608.0,613.0,600.0,606.0,200939,0.0,0.0
2023-05-11 00:00:00+09:00,606.0,610.0,600.0,603.0,140707,0.0,0.0
2023-05-12 00:00:00+09:00,601.0,605.0,598.0,600.0,252397,0.0,0.0
2023-05-15 00:00:00+09:00,600.0,605.0,592.0,600.0,253279,0.0,0.0
2023-05-16 00:00:00+09:00,604.0,645.0,604.0,623.0,1618199,0.0,0.0
2023-05-17 00:00:00+09:00,623.0,629.0,610.0,613.0,356213,0.0,0.0
2023-05-18 00:00:00+09:00,615.0,621.0,608.0,610.0,301386,0.0,0.0
2023-05-19 00:00:00+09:00,610.0,614.0,605.0,608.0,293885,0.0,0.0
2023-05-22 00:00:00+09:00,608.0,611.0,604.0,610.0,281950,0.0,0.0
2023-05-23 00:00:00+09:00,610.0,612.0,605.0,610.0,226633,0.0,0.0
2023-05-24 00:00:00+09:00,609.0,612.0,605.0,607.0,163924,0.0,0.0
2023-05-25 00:00:00+09:00,605.0,610.0,603.0,607.0,120920,0.0,0.0
2023-05-26 00:00:00+09:00,606.0,608.0,603.0,606.0,186600,0.0,0.0
2023-05-30 00:00:00+09:00,606.0,634.0,604.0,612.0,1046116,0.0,0.0
2023-05-31 00:00:00+09:00,615.0,617.0,608.0,611.0,216946,0.0,0.0
2023-06-01 00:00:00+09:00,610.0,613.0,605.0,608.0,194866,0.0,0.0
2023-06-02 00:00:00+09:00,608.0,610.0,605.0,610.0,126149,0.0,0.0
2023-06-05 00:00:00+09:00,610.0,620.0,607.0,618.0,314631,0.0,0.0
2023-06-07 00:00:00+09:00,617.0,626.0,615.0,619.0,229676,0.0,0.0
2023-06-08 00:00:00+09:00,616.0,623.0,616.0,618.0,111822,0.0,0.0
2023-06-09 00:00:00+09:00,623.0,623.0,616.0,618.0,199381,0.0,0.0
2023-06-12 00:00:00+09:00,613.0,621.0,613.0,614.0,135702,0.0,0.0
2023-06-13 00:00:00+09:00,619.0,619.0,611.0,613.0,284194,0.0,0.0
2023-06-14 00:00:00+09:00,640.0,645.0,611.0,615.0,715578,0.0,0.0
2023-06-15 00:00:00+09:00,615.0,615.0,604.0,610.0,385503,0.0,0.0
2023-06-16 00:00:00+09:00,617.0,617.0,604.0,609.0,297536,0.0,0.0
2023-06-19 00:00:00+09:00,607.0,610.0,600.0,604.0,301763,0.0,0.0
2023-06-20 00:00:00+09:00,605.0,608.0,602.0,604.0,208328,0.0,0.0
2023-06-21 00:00:00+09:00,604.0,607.0,599.0,602.0,310954,0.0,0.0
2023-06-22 00:00:00+09:00,598.0,602.0,597.0,600.0,266637,0.0,0.0
2023-06-23 00:00:00+09:00,602.0,602.0,594.0,599.0,217110,0.0,0.0
2023-06-26 00:00:00+09:00,598.0,598.0,590.0,593.0,451846,0.0,0.0
2023-06-27 00:00:00+09:00,594.0,603.0,589.0,599.0,314184,0.0,0.0
2023-06-28 00:00:00+09:00,602.0,604.0,593.0,599.0,168052,0.0,0.0
2023-06-29 00:00:00+09:00,598.0,600.0,587.0,589.0,347785,0.0,0.0
2023-06-30 00:00:00+09:00,589.0,598.0,585.0,597.0,240053,0.0,0.0
2023-07-03 00:00:00+09:00,600.0,602.0,592.0,594.0,243764,0.0,0.0
2023-07-04 00:00:00+09:00,602.0,650.0,587.0,603.0,3849146,0.0,0.0
2023-07-05 00:00:00+09:00,599.0,608.0,595.0,598.0,599269,0.0,0.0
2023-07-06 00:00:00+09:00,598.0,605.0,593.0,593.0,497675,0.0,0.0
2023-07-07 00:00:00+09:00,600.0,636.0,600.0,609.0,1675904,0.0,0.0
2023-07-10 00:00:00+09:00,621.0,683.0,603.0,610.0,3526952,0.0,0.0
2023-07-12 00:00:00+09:00,604.0,610.0,596.0,597.0,571963,0.0,0.0
2023-07-13 00:00:00+09:00,600.0,604.0,596.0,601.0,259682,0.0,0.0
2023-07-14 00:00:00+09:00,598.0,602.0,595.0,598.0,297424,0.0,0.0
2023-07-17 00:00:00+09:00,598.0,599.0,590.0,594.0,571890,0.0,0.0
2023-07-18 00:00:00+09:00,597.0,597.0,583.0,589.0,370709,0.0,0.0
2023-07-19 00:00:00+09:00,589.0,593.0,581.0,585.0,398322,0.0,0.0
2023-07-20 00:00:00+09:00,585.0,587.0,579.0,581.0,315009,0.0,0.0
2023-07-21 00:00:00+09:00,575.0,584.0,575.0,578.0,169633,0.0,0.0
2023-07-24 00:00:00+09:00,580.0,580.0,566.0,566.0,338002,0.0,0.0
2023-07-25 00:00:00+09:00,567.0,571.0,555.0,559.0,389980,0.0,0.0
2023-07-26 00:00:00+09:00,559.0,560.0,525.0,529.0,699645,0.0,0.0
2023-07-27 00:00:00+09:00,530.0,548.0,530.0,539.0,274153,0.0,0.0
2023-07-28 00:00:00+09:00,539.0,559.0,539.0,544.0,119395,0.0,0.0
2023-07-31 00:00:00+09:00,544.0,555.0,520.0,550.0,819132,0.0,0.0
2023-08-01 00:00:00+09:00,550.0,553.0,541.0,550.0,242830,0.0,0.0
2023-08-02 00:00:00+09:00,550.0,555.0,542.0,549.0,187281,0.0,0.0
2023-08-03 00:00:00+09:00,548.0,548.0,540.0,546.0,157034,0.0,0.0
2023-08-04 00:00:00+09:00,549.0,554.0,546.0,552.0,177302,0.0,0.0
2023-08-07 00:00:00+09:00,558.0,558.0,548.0,552.0,133420,0.0,0.0
2023-08-08 00:00:00+09:00,562.0,580.0,553.0,554.0,327334,0.0,0.0
2023-08-09 00:00:00+09:00,555.0,585.0,553.0,580.0,461698,0.0,0.0
2023-08-10 00:00:00+09:00,580.0,607.0,576.0,593.0,630693,0.0,0.0
2023-08-11 00:00:00+09:00,590.0,606.0,590.0,601.0,324217,0.0,0.0
2023-08-14 00:00:00+09:00,598.0,601.0,595.0,597.0,191441,0.0,0.0
2023-08-16 00:00:00+09:00,590.0,597.0,584.0,586.0,159682,0.0,0.0
2023-08-17 00:00:00+09:00,575.0,595.0,573.0,588.0,655480,0.0,0.0
2023-08-18 00:00:00+09:00,588.0,600.0,578.0,599.0,502736,0.0,0.0
2023-09-08 00:00:00+09:00,599.0,758.0,595.0,668.0,19185740,0.0,0.0
2023-09-11 00:00:00+09:00,670.0,707.0,661.0,675.0,1812568,0.0,0.0
2023-09-12 00:00:00+09:00,675.0,688.0,660.0,665.0,580807,0.0,0.0
2023-09-13 00:00:00+09:00,665.0,679.0,653.0,666.0,327686,0.0,0.0
2023-09-14 00:00:00+09:00,666.0,672.0,660.0,672.0,293416,0.0,0.0
2023-09-15 00:00:00+09:00,672.0,678.0,664.0,676.0,164360,0.0,0.0
2023-09-18 00:00:00+09:00,683.0,718.0,676.0,687.0,643995,0.0,0.0
2023-09-19 00:00:00+09:00,689.0,711.0,682.0,682.0,516016,0.0,0.0
2023-09-20 00:00:00+09:00,682.0,692.0,670.0,672.0,197257,0.0,0.0
2023-09-21 00:00:00+09:00,672.0,676.0,664.0,665.0,314393,0.0,0.0
2023-09-22 00:00:00+09:00,661.0,665.0,650.0,653.0,255360,0.0,0.0
2023-09-25 00:00:00+09:00,653.0,664.0,647.0,659.0,192798,0.0,0.0
2023-09-26 00:00:00+09:00,663.0,663.0,645.0,648.0,99574,0.0,0.0
2023-09-27 00:00:00+09:00,641.0,648.0,635.0,641.0,122630,0.0,0.0
2023-10-04 00:00:00+09:00,641.0,833.0,611.0,833.0,30630880,0.0,0.0
2023-10-05 00:00:00+09:00,879.0,912.0,733.0,750.0,12957670,0.0,0.0
2023-10-06 00:00:00+09:00,750.0,813.0,721.0,763.0,8097181,0.0,0.0
2023-10-10 00:00:00+09:00,774.0,774.0,708.0,714.0,2484417,0.0,0.0
2023-10-11 00:00:00+09:00,723.0,738.0,705.0,738.0,1125560,0.0,0.0
2023-10-12 00:00:00+09:00,743.0,743.0,712.0,735.0,883984,0.0,0.0
2023-10-13 00:00:00+09:00,750.0,758.0,697.0,697.0,1664003,0.0,0.0
2023-10-16 00:00:00+09:00,697.0,697.0,657.0,671.0,549924,0.0,0.0
2023-10-17 00:00:00+09:00,672.0,697.0,670.0,688.0,416348,0.0,0.0
2023-10-18 00:00:00+09:00,685.0,685.0,660.0,660.0,437693,0.0,0.0
2023-10-19 00:00:00+09:00,660.0,660.0,630.0,648.0,1161810,0.0,0.0
2023-10-20 00:00:00+09:00,644.0,646.0,626.0,629.0,739409,0.0,0.0
2023-10-23 00:00:00+09:00,623.0,631.0,605.0,618.0,466591,0.0,0.0
2023-10-24 00:00:00+09:00,615.0,655.0,608.0,649.0,543153,0.0,0.0
2023-10-25 00:00:00+09:00,649.0,660.0,634.0,645.0,231900,0.0,0.0
2023-10-26 00:00:00+09:00,640.0,640.0,601.0,607.0,536362,0.0,0.0
2023-10-27 00:00:00+09:00,607.0,629.0,606.0,612.0,273279,0.0,0.0
2023-10-30 00:00:00+09:00,605.0,630.0,605.0,620.0,174352,0.0,0.0
2023-10-31 00:00:00+09:00,620.0,621.0,605.0,615.0,288315,0.0,0.0
2023-11-01 00:00:00+09:00,615.0,635.0,611.0,630.0,322603,0.0,0.0
2023-11-02 00:00:00+09:00,641.0,648.0,626.0,628.0,333910,0.0,0.0
2023-11-03 00:00:00+09:00,628.0,638.0,627.0,633.0,106605,0.0,0.0
2023-11-06 00:00:00+09:00,633.0,643.0,630.0,636.0,231967,0.0,0.0
2023-11-07 00:00:00+09:00,636.0,644.0,626.0,634.0,290887,0.0,0.0
2023-11-08 00:00:00+09:00,634.0,650.0,628.0,633.0,277476,0.0,0.0
2023-11-09 00:00:00+09:00,629.0,639.0,615.0,620.0,273970,0.0,0.0
2023-11-10 00:00:00+09:00,620.0,624.0,615.0,623.0,116040,0.0,0.0
2023-11-13 00:00:00+09:00,628.0,628.0,618.0,628.0,177059,0.0,0.0
2023-11-14 00:00:00+09:00,629.0,680.0,629.0,649.0,1175608,0.0,0.0
2023-11-15 00:00:00+09:00,653.0,663.0,645.0,659.0,442173,0.0,0.0
2023-11-16 00:00:00+09:00,650.0,664.0,645.0,661.0,172675,0.0,0.0
2023-11-17 00:00:00+09:00,661.0,664.0,642.0,662.0,218520,0.0,0.0
2023-11-20 00:00:00+09:00,662.0,668.0,650.0,665.0,173474,0.0,0.0
2023-11-21 00:00:00+09:00,676.0,694.0,659.0,680.0,230636,0.0,0.0
2023-11-22 00:00:00+09:00,671.0,687.0,667.0,671.0,168216,0.0,0.0
2023-11-23 00:00:00+09:00,668.0,699.0,664.0,670.0,373484,0.0,0.0
2023-11-24 00:00:00+09:00,687.0,687.0,664.0,679.0,108893,0.0,0.0
2023-11-27 00:00:00+09:00,679.0,683.0,674.0,682.0,124236,0.0,0.0
2023-11-28 00:00:00+09:00,671.0,683.0,670.0,676.0,196984,0.0,0.0
2023-11-29 00:00:00+09:00,687.0,687.0,662.0,676.0,273458,0.0,0.0
2023-11-30 00:00:00+09:00,669.0,674.0,664.0,674.0,158290,0.0,0.0
2023-12-01 00:00:00+09:00,667.0,691.0,664.0,689.0,309448,0.0,0.0
2023-12-04 00:00:00+09:00,687.0,767.0,678.0,733.0,5503150,0.0,0.0
2023-12-05 00:00:00+09:00,724.0,729.0,701.0,707.0,954519,0.0,0.0
2023-12-06 00:00:00+09:00,703.0,740.0,701.0,720.0,497627,0.0,0.0
2023-12-07 00:00:00+09:00,720.0,726.0,694.0,703.0,678412,0.0,0.0
2023-12-08 00:00:00+09:00,703.0,715.0,693.0,700.0,302344,0.0,0.0
2023-12-11 00:00:00+09:00,700.0,704.0,675.0,692.0,323858,0.0,0.0
2023-12-12 00:00:00+09:00,690.0,701.0,675.0,686.0,257397,0.0,0.0
2023-12-13 00:00:00+09:00,693.0,693.0,668.0,674.0,455030,0.0,0.0
2023-12-14 00:00:00+09:00,674.0,685.0,635.0,678.0,272295,0.0,0.0
2023-12-15 00:00:00+09:00,685.0,692.0,670.0,682.0,174282,0.0,0.0
2023-12-18 00:00:00+09:00,680.0,711.0,680.0,704.0,526195,0.0,0.0
2023-12-19 00:00:00+09:00,704.0,910.0,699.0,841.0,30645550,0.0,0.0
2023-12-20 00:00:00+09:00,865.0,865.0,763.0,765.0,6895888,0.0,0.0
2023-12-21 00:00:00+09:00,765.0,786.0,735.0,735.0,2001737,0.0,0.0
2023-12-22 00:00:00+09:00,725.0,764.0,715.0,737.0,1515011,0.0,0.0
2023-12-26 00:00:00+09:00,738.0,746.0,719.0,733.0,957469,0.0,0.0
2023-12-27 00:00:00+09:00,731.0,745.0,724.0,740.0,422000,0.0,0.0
2023-12-28 00:00:00+09:00,740.0,758.0,735.0,755.0,432080,0.0,0.0
2024-01-02 00:00:00+09:00,755.0,759.0,736.0,757.0,363568,0.0,0.0
2024-01-03 00:00:00+09:00,746.0,773.0,746.0,762.0,655220,0.0,0.0
2024-01-04 00:00:00+09:00,762.0,776.0,737.0,763.0,784425,0.0,0.0
2024-01-05 00:00:00+09:00,757.0,772.0,748.0,767.0,370021,0.0,0.0
2024-01-08 00:00:00+09:00,771.0,848.0,771.0,821.0,4411901,0.0,0.0
2024-01-09 00:00:00+09:00,821.0,821.0,801.0,815.0,1232359,0.0,0.0
2024-01-10 00:00:00+09:00,1059.0,1059.0,1059.0,1059.0,6638651,0.0,0.0
2024-01-11 00:00:00+09:00,1111.0,1340.0,1059.0,1138.0,77925110,0.0,0.0
2024-01-12 00:00:00+09:00,1128.0,1219.0,1000.0,1018.0,15228950,0.0,0.0
2024-01-15 00:00:00+09:00,1030.0,1073.0,930.0,983.0,7832527,0.0,0.0
2024-01-16 00:00:00+09:00,983.0,992.0,935.0,968.0,3763672,0.0,0.0
2024-01-17 00:00:00+09:00,968.0,1026.0,897.0,910.0,5180345,0.0,0.0
2024-01-18 00:00:00+09:00,900.0,964.0,891.0,954.0,3477791,0.0,0.0
2024-01-19 00:00:00+09:00,954.0,1021.0,948.0,1000.0,3851898,0.0,0.0
2024-01-22 00:00:00+09:00,1025.0,1028.0,860.0,921.0,5056693,0.0,0.0
2024-01-23 00:00:00+09:00,919.0,978.0,900.0,942.0,2717183,0.0,0.0
2024-01-24 00:00:00+09:00,940.0,958.0,877.0,891.0,2371868,0.0,0.0
2024-01-25 00:00:00+09:00,935.0,1010.0,890.0,903.0,10108390,0.0,0.0
2024-01-26 00:00:00+09:00,700.0,714.0,670.0,671.0,10281800,0.0,0.0
2024-01-29 00:00:00+09:00,685.0,689.0,642.0,670.0,2046829,0.0,0.0
2024-01-30 00:00:00+09:00,677.0,682.0,659.0,675.0,1168808,0.0,0.0
2024-01-31 00:00:00+09:00,676.0,676.0,658.0,662.0,1390250,0.0,0.0
2024-02-01 00:00:00+09:00,660.0,671.0,648.0,662.0,799795,0.0,0.0
2024-02-02 00:00:00+09:00,660.0,671.0,658.0,661.0,774841,0.0,0.0
2024-02-05 00:00:00+09:00,660.0,666.0,650.0,658.0,514766,0.0,0.0
2024-02-06 00:00:00+09:00,660.0,661.0,630.0,646.0,879633,0.0,0.0
2024-02-07 00:00:00+09:00,643.0,656.0,641.0,646.0,510954,0.0,0.0
2024-02-08 00:00:00+09:00,646.0,660.0,641.0,653.0,390538,0.0,0.0
2024-02-13 00:00:00+09:00,659.0,672.0,650.0,669.0,679854,0.0,0.0
2024-02-14 00:00:00+09:00,669.0,672.0,658.0,666.0,419330,0.0,0.0
2024-02-15 00:00:00+09:00,666.0,670.0,660.0,665.0,286996,0.0,0.0
2024-02-16 00:00:00+09:00,666.0,679.0,659.0,667.0,357296,0.0,0.0
2024-02-19 00:00:00+09:00,667.0,675.0,664.0,670.0,316797,0.0,0.0
2024-02-20 00:00:00+09:00,670.0,676.0,661.0,675.0,442846,0.0,0.0
2024-02-21 00:00:00+09:00,675.0,676.0,665.0,667.0,338717,0.0,0.0
2024-02-22 00:00:00+09:00,674.0,674.0,655.0,657.0,351166,0.0,0.0
2024-02-23 00:00:00+09:00,658.0,665.0,653.0,656.0,449084,0.0,0.0
2024-02-26 00:00:00+09:00,654.0,662.0,651.0,658.0,383630,0.0,0.0
2024-02-27 00:00:00+09:00,655.0,664.0,650.0,651.0,297105,0.0,0.0
2024-02-28 00:00:00+09:00,652.0,661.0,644.0,645.0,346950,0.0,0.0
2024-02-29 00:00:00+09:00,646.0,652.0,640.0,642.0,305803,0.0,0.0
2024-03-04 00:00:00+09:00,643.0,649.0,632.0,632.0,487392,0.0,0.0
2024-03-05 00:00:00+09:00,632.0,636.0,609.0,620.0,882502,0.0,0.0
2024-03-06 00:00:00+09:00,616.0,629.0,611.0,617.0,304985,0.0,0.0
2024-03-07 00:00:00+09:00,612.0,622.0,600.0,607.0,384441,0.0,0.0
2024-03-08 00:00:00+09:00,607.0,619.0,600.0,602.0,534908,0.0,0.0
2024-03-11 00:00:00+09:00,605.0,612.0,600.0,604.0,290434,0.0,0.0
2024-03-12 00:00:00+09:00,611.0,734.0,611.0,659.0,11201350,0.0,0.0
2024-03-13 00:00:00+09:00,661.0,668.0,643.0,646.0,962599,0.0,0.0
2024-03-14 00:00:00+09:00,641.0,650.0,625.0,644.0,739370,0.0,0.0
2024-03-15 00:00:00+09:00,649.0,675.0,640.0,662.0,1410149,0.0,0.0
2024-03-18 00:00:00+09:00,661.0,661.0,650.0,651.0,377968,0.0,0.0
2024-03-19 00:00:00+09:00,651.0,651.0,631.0,642.0,425745,0.0,0.0
2024-03-20 00:00:00+09:00,641.0,641.0,634.0,641.0,178522,0.0,0.0
2024-03-21 00:00:00+09:00,640.0,653.0,634.0,634.0,707719,0.0,0.0
2024-03-22 00:00:00+09:00,639.0,639.0,631.0,634.0,290884,0.0,0.0
2024-03-25 00:00:00+09:00,635.0,635.0,626.0,631.0,300446,0.0,0.0
2024-03-26 00:00:00+09:00,637.0,637.0,620.0,633.0,164523,0.0,0.0
2024-03-27 00:00:00+09:00,633.0,637.0,630.0,634.0,194654,0.0,0.0
2024-03-28 00:00:00+09:00,633.0,636.0,628.0,630.0,366328,0.0,0.0
2024-03-29 00:00:00+09:00,630.0,636.0,623.0,631.0,328794,0.0,0.0
2024-04-01 00:00:00+09:00,631.0,638.0,630.0,633.0,264453,0.0,0.0
2024-04-02 00:00:00+09:00,633.0,637.0,627.0,629.0,182931,0.0,0.0
2024-04-03 00:00:00+09:00,629.0,638.0,625.0,633.0,229692,0.0,0.0
2024-04-04 00:00:00+09:00,632.0,636.0,628.0,634.0,152335,0.0,0.0
2024-04-05 00:00:00+09:00,635.0,637.0,628.0,628.0,309648,0.0,0.0
2024-04-08 00:00:00+09:00,629.0,635.0,628.0,630.0,214958,0.0,0.0
2024-04-09 00:00:00+09:00,629.0,635.0,628.0,632.0,118842,0.0,0.0
2024-04-11 00:00:00+09:00,635.0,637.0,627.0,629.0,248642,0.0,0.0
2024-04-12 00:00:00+09:00,630.0,634.0,627.0,629.0,171806,0.0,0.0
2024-04-15 00:00:00+09:00,628.0,632.0,619.0,623.0,203859,0.0,0.0
2024-04-16 00:00:00+09:00,624.0,628.0,620.0,621.0,262383,0.0,0.0
2024-04-17 00:00:00+09:00,621.0,629.0,619.0,619.0,187695,0.0,0.0
2024-04-18 00:00:00+09:00,619.0,626.0,610.0,619.0,286337,0.0,0.0
2024-04-19 00:00:00+09:00,619.0,624.0,612.0,619.0,226036,0.0,0.0
2024-04-22 00:00:00+09:00,616.0,649.0,616.0,640.0,449346,0.0,0.0
2024-04-23 00:00:00+09:00,641.0,647.0,628.0,628.0,359864,0.0,0.0
2024-04-24 00:00:00+09:00,628.0,633.0,621.0,631.0,382623,0.0,0.0
2024-04-25 00:00:00+09:00,637.0,645.0,628.0,638.0,385177,0.0,0.0
2024-05-17 00:00:00+09:00,632.0,638.0,586.0,614.0,1799114,0.0,0.0
2024-05-20 00:00:00+09:00,612.0,626.0,612.0,619.0,321911,0.0,0.0
2024-05-21 00:00:00+09:00,623.0,625.0,614.0,622.0,239040,0.0,0.0
2024-05-22 00:00:00+09:00,625.0,625.0,615.0,619.0,122839,0.0,0.0
2024-05-23 00:00:00+09:00,618.0,619.0,605.0,614.0,307894,0.0,0.0
2024-05-24 00:00:00+09:00,610.0,613.0,600.0,605.0,287817,0.0,0.0
2024-05-27 00:00:00+09:00,605.0,610.0,600.0,605.0,188076,0.0,0.0
2024-05-28 00:00:00+09:00,603.0,610.0,597.0,609.0,184661,0.0,0.0
2024-05-29 00:00:00+09:00,609.0,609.0,598.0,600.0,223522,0.0,0.0
2024-05-30 00:00:00+09:00,609.0,609.0,598.0,600.0,179484,0.0,0.0
2024-05-31 00:00:00+09:00,600.0,613.0,597.0,602.0,207026,0.0,0.0
2024-06-03 00:00:00+09:00,602.0,607.0,600.0,602.0,179475,0.0,0.0
2024-06-04 00:00:00+09:00,602.0,602.0,592.0,598.0,526073,0.0,0.0
2024-06-05 00:00:00+09:00,596.0,604.0,591.0,602.0,277288,0.0,0.0
2024-06-07 00:00:00+09:00,602.0,611.0,597.0,609.0,302275,0.0,0.0
2024-06-10 00:00:00+09:00,609.0,610.0,600.0,605.0,86733,0.0,0.0
2024-06-11 00:00:00+09:00,600.0,605.0,598.0,602.0,248459,0.0,0.0
2024-06-12 00:00:00+09:00,602.0,605.0,599.0,603.0,556999,0.0,0.0
2024-06-13 00:00:00+09:00,603.0,649.0,599.0,619.0,763279,0.0,0.0
2024-06-14 00:00:00+09:00,618.0,690.0,608.0,615.0,3496491,0.0,0.0
2024-06-17 00:00:00+09:00,615.0,623.0,609.0,616.0,336643,0.0,0.0
2024-06-18 00:00:00+09:00,625.0,625.0,600.0,608.0,269272,0.0,0.0
2024-06-19 00:00:00+09:00,610.0,617.0,600.0,604.0,216821,0.0,0.0
2024-06-20 00:00:00+09:00,604.0,609.0,597.0,603.0,144642,0.0,0.0
2024-06-21 00:00:00+09:00,607.0,607.0,600.0,605.0,76044,0.0,0.0
2024-06-24 00:00:00+09:00,605.0,610.0,598.0,604.0,183800,0.0,0.0
2024-06-25 00:00:00+09:00,604.0,608.0,594.0,600.0,296165,0.0,0.0
2024-06-26 00:00:00+09:00,600.0,607.0,589.0,601.0,292006,0.0,0.0
2024-06-27 00:00:00+09:00,605.0,605.0,588.0,592.0,349614,0.0,0.0
2024-06-28 00:00:00+09:00,594.0,596.0,589.0,593.0,141536,0.0,0.0
2024-07-01 00:00:00+09:00,593.0,595.0,579.0,593.0,252445,0.0,0.0
2024-07-02 00:00:00+09:00,593.0,598.0,584.0,596.0,198628,0.0,0.0
2024-07-03 00:00:00+09:00,596.0,601.0,584.0,588.0,154821,0.0,0.0
2024-07-04 00:00:00+09:00,590.0,590.0,579.0,584.0,357275,0.0,0.0
2024-07-05 00:00:00+09:00,584.0,593.0,575.0,582.0,359331,0.0,0.0
2024-07-08 00:00:00+09:00,585.0,610.0,578.0,589.0,214353,0.0,0.0
2024-07-09 00:00:00+09:00,593.0,596.0,589.0,593.0,44884,0.0,0.0
2024-07-10 00:00:00+09:00,604.0,604.0,580.0,591.0,121741,0.0,0.0
2024-07-11 00:00:00+09:00,582.0,591.0,582.0,584.0,95226,0.0,0.0
2024-07-12 00:00:00+09:00,584.0,593.0,577.0,584.0,350359,0.0,0.0
2024-07-15 00:00:00+09:00,584.0,584.0,574.0,580.0,320300,0.0,0.0
2024-07-16 00:00:00+09:00,580.0,580.0,571.0,578.0,158665,0.0,0.0
2024-07-17 00:00:00+09:00,578.0,580.0,573.0,577.0,80540,0.0,0.0
2024-07-18 00:00:00+09:00,576.0,578.0,572.0,577.0,146808,0.0,0.0
2024-07-19 00:00:00+09:00,579.0,582.0,573.0,579.0,68934,0.0,0.0
2024-07-22 00:00:00+09:00,578.0,583.0,563.0,577.0,355257,0.0,0.0
2024-07-23 00:00:00+09:00,580.0,580.0,566.0,571.0,200193,0.0,0.0
2024-07-24 00:00:00+09:00,571.0,576.0,567.0,570.0,78903,0.0,0.0
2024-07-25 00:00:00+09:00,573.0,573.0,530.0,558.0,233320,0.0,0.0
2024-07-26 00:00:00+09:00,558.0,562.0,554.0,559.0,74137,0.0,0.0
2024-07-29 00:00:00+09:00,564.0,564.0,555.0,560.0,94185,0.0,0.0
2024-07-30 00:00:00+09:00,560.0,564.0,550.0,551.0,116784,0.0,0.0
2024-07-31 00:00:00+09:00,555.0,593.0,533.0,550.0,656919,0.0,0.0
2024-08-01 00:00:00+09:00,550.0,563.0,550.0,557.0,106577,0.0,0.0
2024-08-02 00:00:00+09:00,557.0,563.0,544.0,550.0,180639,0.0,0.0
2024-08-05 00:00:00+09:00,544.0,544.0,497.0,507.0,502774,0.0,0.0
2024-08-06 00:00:00+09:00,507.0,535.0,507.0,522.0,171613,0.0,0.0
2024-08-07 00:00:00+09:00,531.0,533.0,522.0,528.0,171875,0.0,0.0
2024-08-08 00:00:00+09:00,523.0,531.0,520.0,526.0,71275,0.0,0.0
2024-08-09 00:00:00+09:00,522.0,546.0,522.0,542.0,217654,0.0,0.0
2024-08-12 00:00:00+09:00,534.0,540.0,530.0,537.0,183159,0.0,0.0
2024-08-13 00:00:00+09:00,540.0,540.0,531.0,536.0,130879,0.0,0.0
2024-08-14 00:00:00+09:00,539.0,549.0,534.0,549.0,150143,0.0,0.0
2024-08-16 00:00:00+09:00,550.0,550.0,542.0,545.0,168195,0.0,0.0
2024-08-19 00:00:00+09:00,545.0,549.0,540.0,546.0,71212,0.0,0.0
2024-08-20 00:00:00+09:00,540.0,549.0,540.0,543.0,78748,0.0,0.0
2024-08-21 00:00:00+09:00,543.0,543.0,536.0,536.0,111131,0.0,0.0
2024-08-22 00:00:00+09:00,535.0,541.0,534.0,536.0,48796,0.0,0.0
2024-08-23 00:00:00+09:00,536.0,544.0,530.0,534.0,108019,0.0,0.0
2024-08-26 00:00:00+09:00,534.0,534.0,527.0,530.0,58592,0.0,0.0
2024-08-27 00:00:00+09:00,528.0,530.0,520.0,529.0,114375,0.0,0.0
2024-08-28 00:00:00+09:00,532.0,532.0,523.0,524.0,62678,0.0,0.0
2024-08-29 00:00:00+09:00,524.0,524.0,510.0,520.0,127192,0.0,0.0
2024-08-30 00:00:00+09:00,519.0,526.0,514.0,526.0,72718,0.0,0.0
2024-09-02 00:00:00+09:00,533.0,536.0,524.0,529.0,78672,0.0,0.0
2024-09-03 00:00:00+09:00,525.0,558.0,525.0,539.0,353628,0.0,0.0
2024-09-04 00:00:00+09:00,520.0,530.0,515.0,521.0,151341,0.0,0.0
2024-09-05 00:00:00+09:00,522.0,529.0,518.0,521.0,49954,0.0,0.0
2024-09-06 00:00:00+09:00,521.0,521.0,512.0,517.0,56334,0.0,0.0
2024-09-09 00:00:00+09:00,517.0,524.0,508.0,515.0,44806,0.0,0.0
2024-09-10 00:00:00+09:00,515.0,523.0,509.0,511.0,87745,0.0,0.0
2024-09-11 00:00:00+09:00,515.0,521.0,505.0,509.0,119426,0.0,0.0
2024-09-12 00:00:00+09:00,505.0,515.0,505.0,513.0,86738,0.0,0.0
2024-09-13 00:00:00+09:00,507.0,514.0,507.0,512.0,34757,0.0,0.0
2024-09-19 00:00:00+09:00,514.0,565.0,506.0,512.0,562202,0.0,0.0
2024-09-20 00:00:00+09:00,512.0,524.0,512.0,519.0,87342,0.0,0.0
2024-09-23 00:00:00+09:00,514.0,520.0,514.0,520.0,64517,0.0,0.0
2024-09-24 00:00:00+09:00,520.0,543.0,515.0,527.0,294314,0.0,0.0
2024-09-25 00:00:00+09:00,527.0,531.0,519.0,525.0,71020,0.0,0.0
2024-09-26 00:00:00+09:00,525.0,534.0,522.0,533.0,79496,0.0,0.0
2024-09-27 00:00:00+09:00,533.0,536.0,528.0,532.0,56513,0.0,0.0
2024-09-30 00:00:00+09:00,532.0,532.0,524.0,527.0,36098,0.0,0.0
2024-10-02 00:00:00+09:00,527.0,527.0,516.0,519.0,70826,0.0,0.0
2024-10-04 00:00:00+09:00,518.0,532.0,516.0,519.0,21810,0.0,0.0
2024-10-07 00:00:00+09:00,519.0,521.0,511.0,517.0,44161,0.0,0.0
2024-10-08 00:00:00+09:00,517.0,533.0,515.0,521.0,52034,0.0,0.0
2024-10-10 00:00:00+09:00,521.0,525.0,515.0,516.0,54130,0.0,0.0
2024-10-11 00:00:00+09:00,516.0,522.0,516.0,518.0,43819,0.0,0.0
2024-10-14 00:00:00+09:00,515.0,524.0,515.0,518.0,72315,0.0,0.0
2024-10-15 00:00:00+09:00,514.0,519.0,514.0,515.0,49043,0.0,0.0
2024-10-16 00:00:00+09:00,517.0,518.0,511.0,516.0,79968,0.0,0.0
2024-10-17 00:00:00+09:00,517.0,523.0,512.0,516.0,128073,0.0,0.0
2024-10-18 00:00:00+09:00,516.0,517.0,511.0,513.0,165499,0.0,0.0
2024-10-21 00:00:00+09:00,511.0,520.0,509.0,509.0,117289,0.0,0.0
2024-10-22 00:00:00+09:00,508.0,517.0,496.0,500.0,282530,0.0,0.0
2024-10-23 00:00:00+09:00,500.0,511.0,490.0,495.0,116741,0.0,0.0
2024-10-24 00:00:00+09:00,500.0,504.0,492.0,492.0,68100,0.0,0.0
2024-10-25 00:00:00+09:00,496.0,496.0,488.0,490.0,70565,0.0,0.0
2024-10-28 00:00:00+09:00,490.0,500.0,488.0,492.0,47028,0.0,0.0
2024-10-29 00:00:00+09:00,498.0,499.0,488.0,496.0,89726,0.0,0.0
2024-10-30 00:00:00+09:00,499.0,499.0,493.0,497.0,38475,0.0,0.0
2024-10-31 00:00:00+09:00,497.0,501.0,491.0,499.0,46656,0.0,0.0
2024-11-01 00:00:00+09:00,501.0,501.0,492.0,494.0,66147,0.0,0.0
