Date,Open,High,Low,Close,Volume,Dividends,Stock Splits
2007-09-19 00:00:00+09:00,7160.0,8230.0,6090.0,6090.0,3560917,0.0,0.0
2007-09-20 00:00:00+09:00,5820.0,6180.0,5180.0,5190.0,1146234,0.0,0.0
2007-09-21 00:00:00+09:00,5260.0,5960.0,5100.0,5120.0,1251967,0.0,0.0
2007-09-27 00:00:00+09:00,5250.0,5320.0,4730.0,4730.0,454588,0.0,0.0
2007-09-28 00:00:00+09:00,4750.0,4910.0,4435.0,4500.0,457102,0.0,0.0
2007-10-01 00:00:00+09:00,4545.0,4660.0,4480.0,4575.0,471312,0.0,0.0
2007-10-02 00:00:00+09:00,4610.0,4645.0,4305.0,4305.0,506386,0.0,0.0
2007-10-04 00:00:00+09:00,4305.0,4535.0,4250.0,4450.0,440188,0.0,0.0
2007-10-05 00:00:00+09:00,4460.0,4935.0,4460.0,4650.0,429207,0.0,0.0
2007-10-08 00:00:00+09:00,4720.0,4990.0,4600.0,4900.0,375493,0.0,0.0
2007-10-09 00:00:00+09:00,4865.0,4930.0,4700.0,4750.0,167179,0.0,0.0
2007-10-10 00:00:00+09:00,4840.0,4900.0,4640.0,4735.0,242077,0.0,0.0
2007-10-11 00:00:00+09:00,4735.0,4735.0,4550.0,4600.0,149833,0.0,0.0
2007-10-12 00:00:00+09:00,4520.0,4940.0,4400.0,4940.0,135282,0.0,0.0
2007-10-15 00:00:00+09:00,4990.0,5150.0,4900.0,5150.0,166085,0.0,0.0
2007-10-16 00:00:00+09:00,5260.0,5280.0,4875.0,4875.0,195090,0.0,0.0
2007-10-17 00:00:00+09:00,4820.0,4880.0,4520.0,4750.0,87292,0.0,0.0
2007-10-18 00:00:00+09:00,4770.0,4800.0,4570.0,4620.0,142615,0.0,0.0
2007-10-19 00:00:00+09:00,4575.0,4720.0,4520.0,4675.0,72528,0.0,0.0
2007-10-22 00:00:00+09:00,4310.0,4675.0,4310.0,4470.0,86925,0.0,0.0
2007-10-23 00:00:00+09:00,4430.0,4500.0,4310.0,4450.0,95965,0.0,0.0
2007-10-24 00:00:00+09:00,4410.0,4480.0,4130.0,4230.0,101141,0.0,0.0
2007-10-25 00:00:00+09:00,4230.0,4230.0,3970.0,4030.0,77106,0.0,0.0
2007-10-26 00:00:00+09:00,4000.0,4025.0,3845.0,3905.0,89441,0.0,0.0
2007-10-29 00:00:00+09:00,3865.0,4230.0,3865.0,4170.0,59116,0.0,0.0
2007-10-30 00:00:00+09:00,4100.0,4200.0,4010.0,4160.0,48480,0.0,0.0
2007-10-31 00:00:00+09:00,4100.0,4200.0,4010.0,4050.0,36966,0.0,0.0
2007-11-01 00:00:00+09:00,4140.0,4300.0,4020.0,4050.0,70485,0.0,0.0
2007-11-02 00:00:00+09:00,3915.0,4230.0,3900.0,4010.0,124746,0.0,0.0
2007-11-05 00:00:00+09:00,4100.0,4115.0,3870.0,3955.0,82751,0.0,0.0
2007-11-06 00:00:00+09:00,4000.0,4010.0,3920.0,4010.0,44902,0.0,0.0
2007-11-07 00:00:00+09:00,4060.0,4090.0,3930.0,4010.0,39384,0.0,0.0
2007-11-08 00:00:00+09:00,3900.0,4000.0,3890.0,3965.0,33285,0.0,0.0
2007-11-09 00:00:00+09:00,3980.0,4090.0,3880.0,3900.0,19615,0.0,0.0
2007-11-12 00:00:00+09:00,3950.0,3950.0,3835.0,3855.0,31113,0.0,0.0
2007-11-13 00:00:00+09:00,3900.0,3940.0,3860.0,3900.0,22367,0.0,0.0
2007-11-14 00:00:00+09:00,4000.0,4090.0,3850.0,3900.0,65825,0.0,0.0
2007-11-15 00:00:00+09:00,3900.0,3900.0,3565.0,3630.0,180906,0.0,0.0
2007-11-16 00:00:00+09:00,3565.0,3605.0,3375.0,3520.0,127490,0.0,0.0
2007-11-19 00:00:00+09:00,3575.0,3575.0,3430.0,3450.0,45950,0.0,0.0
2007-11-20 00:00:00+09:00,3330.0,3485.0,3245.0,3365.0,36354,0.0,0.0
2007-11-21 00:00:00+09:00,3340.0,3445.0,3280.0,3365.0,36186,0.0,0.0
2007-11-22 00:00:00+09:00,3355.0,3355.0,3110.0,3210.0,35589,0.0,0.0
2007-11-23 00:00:00+09:00,3190.0,3600.0,3190.0,3320.0,84838,0.0,0.0
2007-11-26 00:00:00+09:00,3485.0,3485.0,3310.0,3365.0,40644,0.0,0.0
2007-11-27 00:00:00+09:00,3320.0,3515.0,3300.0,3420.0,46239,0.0,0.0
2007-11-28 00:00:00+09:00,3340.0,3470.0,3340.0,3420.0,12936,0.0,0.0
2007-11-29 00:00:00+09:00,3485.0,3485.0,3355.0,3390.0,11517,0.0,0.0
2007-11-30 00:00:00+09:00,3475.0,3475.0,3325.0,3455.0,20315,0.0,0.0
2007-12-03 00:00:00+09:00,3500.0,3790.0,3420.0,3645.0,57220,0.0,0.0
2007-12-04 00:00:00+09:00,3695.0,3695.0,3535.0,3590.0,16902,0.0,0.0
2007-12-05 00:00:00+09:00,3570.0,3670.0,3560.0,3650.0,22495,0.0,0.0
2007-12-06 00:00:00+09:00,3685.0,3775.0,3590.0,3645.0,24926,0.0,0.0
2007-12-07 00:00:00+09:00,3690.0,3690.0,3560.0,3655.0,30510,0.0,0.0
2007-12-10 00:00:00+09:00,3655.0,3720.0,3570.0,3650.0,19121,0.0,0.0
2007-12-11 00:00:00+09:00,3735.0,3735.0,3435.0,3455.0,59433,0.0,0.0
2007-12-12 00:00:00+09:00,3460.0,3650.0,3425.0,3490.0,28681,0.0,0.0
2007-12-13 00:00:00+09:00,3450.0,3565.0,3365.0,3410.0,19199,0.0,0.0
2007-12-14 00:00:00+09:00,3450.0,3450.0,3330.0,3400.0,19199,0.0,0.0
2007-12-17 00:00:00+09:00,3400.0,3400.0,3255.0,3255.0,24471,0.0,0.0
2007-12-18 00:00:00+09:00,3255.0,3290.0,3150.0,3260.0,33177,0.0,0.0
2007-12-20 00:00:00+09:00,3335.0,3335.0,3195.0,3260.0,10457,0.0,0.0
2007-12-21 00:00:00+09:00,3200.0,3285.0,3150.0,3260.0,41773,0.0,0.0
2007-12-24 00:00:00+09:00,3230.0,3295.0,3160.0,3260.0,17969,0.0,0.0
2007-12-26 00:00:00+09:00,3485.0,3485.0,3210.0,3265.0,58739,0.0,0.0
2007-12-27 00:00:00+09:00,3380.0,3380.0,3260.0,3355.0,3153,0.0,0.0
2007-12-28 00:00:00+09:00,3300.0,3390.0,3215.0,3360.0,12039,0.0,0.0
2008-01-02 00:00:00+09:00,3370.0,3470.0,3370.0,3380.0,35217,0.0,0.0
2008-01-03 00:00:00+09:00,3410.0,3425.0,3305.0,3365.0,3348,0.0,0.0
2008-01-04 00:00:00+09:00,3400.0,3400.0,3280.0,3370.0,3447,0.0,0.0
2008-01-07 00:00:00+09:00,3330.0,3520.0,3280.0,3400.0,28529,0.0,0.0
2008-01-08 00:00:00+09:00,3360.0,3455.0,3340.0,3435.0,33749,0.0,0.0
2008-01-09 00:00:00+09:00,3455.0,3455.0,3260.0,3400.0,15310,0.0,0.0
2008-01-10 00:00:00+09:00,3470.0,3470.0,3330.0,3390.0,9805,0.0,0.0
2008-01-11 00:00:00+09:00,3310.0,3395.0,3305.0,3375.0,8107,0.0,0.0
2008-01-14 00:00:00+09:00,3305.0,3305.0,3180.0,3200.0,31541,0.0,0.0
2008-01-15 00:00:00+09:00,3440.0,3440.0,3100.0,3200.0,92225,0.0,0.0
2008-01-16 00:00:00+09:00,3150.0,3180.0,3060.0,3070.0,30020,0.0,0.0
2008-01-17 00:00:00+09:00,3090.0,3280.0,3005.0,3150.0,13981,0.0,0.0
2008-01-18 00:00:00+09:00,3190.0,3250.0,3100.0,3250.0,20082,0.0,0.0
2008-01-21 00:00:00+09:00,3380.0,3380.0,3010.0,3240.0,9447,0.0,0.0
2008-01-22 00:00:00+09:00,3000.0,3220.0,2800.0,3065.0,47642,0.0,0.0
2008-01-23 00:00:00+09:00,3200.0,3200.0,2915.0,3020.0,25799,0.0,0.0
2008-01-24 00:00:00+09:00,3020.0,3075.0,2915.0,3020.0,27684,0.0,0.0
2008-01-25 00:00:00+09:00,3035.0,3035.0,2955.0,3020.0,1900,0.0,0.0
2008-01-28 00:00:00+09:00,3070.0,3070.0,2975.0,3030.0,24345,0.0,0.0
2008-01-29 00:00:00+09:00,3090.0,3200.0,3000.0,3190.0,32086,0.0,0.0
2008-01-30 00:00:00+09:00,3160.0,3215.0,3050.0,3050.0,22098,0.0,0.0
2008-01-31 00:00:00+09:00,3050.0,3170.0,2910.0,3080.0,25326,0.0,0.0
2008-02-01 00:00:00+09:00,3190.0,3190.0,3030.0,3085.0,14444,0.0,0.0
2008-02-04 00:00:00+09:00,3085.0,3115.0,3050.0,3115.0,14002,0.0,0.0
2008-02-05 00:00:00+09:00,3170.0,3230.0,2930.0,3100.0,20692,0.0,0.0
2008-02-11 00:00:00+09:00,3115.0,3115.0,2950.0,3085.0,3248,0.0,0.0
2008-02-12 00:00:00+09:00,3080.0,3080.0,3000.0,3070.0,4097,0.0,0.0
2008-02-13 00:00:00+09:00,3145.0,3170.0,3000.0,3170.0,19132,0.0,0.0
2008-02-14 00:00:00+09:00,3200.0,3345.0,3095.0,3135.0,51694,0.0,0.0
2008-02-15 00:00:00+09:00,3135.0,3195.0,3005.0,3195.0,14902,0.0,0.0
2008-02-18 00:00:00+09:00,3215.0,3215.0,3100.0,3185.0,9686,0.0,0.0
2008-02-19 00:00:00+09:00,3185.0,3185.0,3070.0,3115.0,13953,0.0,0.0
2008-02-20 00:00:00+09:00,3100.0,3580.0,3050.0,3400.0,213475,0.0,0.0
2008-02-21 00:00:00+09:00,3390.0,3890.0,3310.0,3795.0,320720,0.0,0.0
2008-02-22 00:00:00+09:00,3740.0,3850.0,3620.0,3790.0,127833,0.0,0.0
2008-02-25 00:00:00+09:00,3785.0,3940.0,3705.0,3780.0,116913,0.0,0.0
2008-02-26 00:00:00+09:00,3740.0,3820.0,3535.0,3565.0,100480,0.0,0.0
2008-02-27 00:00:00+09:00,3585.0,3650.0,3455.0,3585.0,46337,0.0,0.0
2008-02-28 00:00:00+09:00,3640.0,3850.0,3495.0,3655.0,45144,0.0,0.0
2008-02-29 00:00:00+09:00,3680.0,3780.0,3600.0,3760.0,54186,0.0,0.0
2008-03-03 00:00:00+09:00,3650.0,3830.0,3590.0,3670.0,50059,0.0,0.0
2008-03-04 00:00:00+09:00,3650.0,3950.0,3650.0,3950.0,130513,0.0,0.0
2008-03-05 00:00:00+09:00,4050.0,4085.0,3805.0,3880.0,91928,0.0,0.0
2008-03-06 00:00:00+09:00,3830.0,3890.0,3710.0,3800.0,59045,0.0,0.0
2008-03-07 00:00:00+09:00,3800.0,4070.0,3695.0,4070.0,178178,0.0,0.0
2008-03-10 00:00:00+09:00,4180.0,4290.0,4025.0,4150.0,241504,0.0,0.0
2008-03-11 00:00:00+09:00,4055.0,4300.0,4055.0,4190.0,137000,0.0,0.0
2008-03-12 00:00:00+09:00,4170.0,4500.0,4170.0,4450.0,125920,0.0,0.0
2008-03-13 00:00:00+09:00,4480.0,4480.0,4205.0,4205.0,121986,0.0,0.0
2008-03-14 00:00:00+09:00,4415.0,4700.0,4300.0,4310.0,244991,0.0,0.0
2008-03-17 00:00:00+09:00,4370.0,4875.0,4340.0,4875.0,488878,0.0,0.0
2008-03-18 00:00:00+09:00,5600.0,5600.0,4155.0,4170.0,1440638,0.0,0.0
2008-03-19 00:00:00+09:00,4170.0,4250.0,3930.0,3950.0,355904,0.0,0.0
2008-03-20 00:00:00+09:00,3865.0,4030.0,3770.0,3770.0,201496,0.0,0.0
2008-03-21 00:00:00+09:00,3880.0,3995.0,3810.0,3810.0,118648,0.0,0.0
2008-03-24 00:00:00+09:00,3845.0,3890.0,3710.0,3715.0,155164,0.0,0.0
2008-03-25 00:00:00+09:00,3815.0,3815.0,3680.0,3710.0,155802,0.0,0.0
2008-03-26 00:00:00+09:00,3740.0,3770.0,3370.0,3455.0,247023,0.0,0.0
2008-03-27 00:00:00+09:00,3490.0,3590.0,3390.0,3520.0,131989,0.0,0.0
2008-03-28 00:00:00+09:00,3520.0,3600.0,3470.0,3560.0,68777,0.0,0.0
2008-03-31 00:00:00+09:00,3555.0,3600.0,3500.0,3510.0,56330,0.0,0.0
2008-04-01 00:00:00+09:00,3520.0,3860.0,3515.0,3710.0,113889,0.0,0.0
2008-04-02 00:00:00+09:00,3785.0,3785.0,3665.0,3700.0,51106,0.0,0.0
2008-04-03 00:00:00+09:00,3700.0,3775.0,3680.0,3705.0,39288,0.0,0.0
2008-04-04 00:00:00+09:00,3775.0,3775.0,3670.0,3690.0,34081,0.0,0.0
2008-04-07 00:00:00+09:00,3690.0,3805.0,3650.0,3740.0,55001,0.0,0.0
2008-04-08 00:00:00+09:00,3690.0,3780.0,3660.0,3770.0,17785,0.0,0.0
2008-04-10 00:00:00+09:00,3765.0,3770.0,3655.0,3770.0,19715,0.0,0.0
2008-04-11 00:00:00+09:00,3780.0,4040.0,3765.0,3900.0,51883,0.0,0.0
2008-04-14 00:00:00+09:00,3900.0,3950.0,3830.0,3885.0,13436,0.0,0.0
2008-04-15 00:00:00+09:00,3885.0,3930.0,3830.0,3870.0,24881,0.0,0.0
2008-04-16 00:00:00+09:00,3880.0,3910.0,3755.0,3770.0,28030,0.0,0.0
2008-04-17 00:00:00+09:00,3770.0,3865.0,3670.0,3670.0,36255,0.0,0.0
2008-04-18 00:00:00+09:00,3620.0,3670.0,3575.0,3650.0,24577,0.0,0.0
2008-04-21 00:00:00+09:00,3620.0,3740.0,3610.0,3660.0,21212,0.0,0.0
2008-04-22 00:00:00+09:00,3650.0,3765.0,3600.0,3750.0,28652,0.0,0.0
2008-04-23 00:00:00+09:00,3750.0,3770.0,3660.0,3660.0,25682,0.0,0.0
2008-04-24 00:00:00+09:00,3800.0,3765.0,3645.0,3765.0,760814,0.0,0.0
2008-04-25 00:00:00+09:00,3800.0,4325.0,3780.0,4325.0,760814,0.0,0.0
2008-04-28 00:00:00+09:00,4480.0,4620.0,4200.0,4440.0,648908,0.0,0.0
2008-04-29 00:00:00+09:00,4455.0,4535.0,4060.0,4060.0,523654,0.0,0.0
2008-04-30 00:00:00+09:00,4060.0,4175.0,3960.0,4065.0,104102,0.0,0.0
2008-05-02 00:00:00+09:00,4130.0,4630.0,4065.0,4600.0,373503,0.0,0.0
2008-05-06 00:00:00+09:00,4590.0,4600.0,4345.0,4450.0,124931,0.0,0.0
2008-05-07 00:00:00+09:00,4460.0,4495.0,4350.0,4470.0,77577,0.0,0.0
2008-05-08 00:00:00+09:00,4400.0,4685.0,4365.0,4365.0,121267,0.0,0.0
2008-05-09 00:00:00+09:00,4390.0,4410.0,4225.0,4300.0,67967,0.0,0.0
2008-05-13 00:00:00+09:00,4390.0,4650.0,4380.0,4535.0,180249,0.0,0.0
2008-05-14 00:00:00+09:00,4410.0,4585.0,4385.0,4400.0,71801,0.0,0.0
2008-05-15 00:00:00+09:00,4410.0,4470.0,4100.0,4100.0,95182,0.0,0.0
2008-05-16 00:00:00+09:00,4145.0,4195.0,4020.0,4150.0,68251,0.0,0.0
2008-05-19 00:00:00+09:00,4240.0,4260.0,4145.0,4145.0,48178,0.0,0.0
2008-05-20 00:00:00+09:00,4130.0,4545.0,4075.0,4535.0,113574,0.0,0.0
2008-05-21 00:00:00+09:00,4540.0,4755.0,4440.0,4540.0,127535,0.0,0.0
2008-05-22 00:00:00+09:00,4560.0,4650.0,4435.0,4440.0,56641,0.0,0.0
2008-05-23 00:00:00+09:00,4495.0,4890.0,4460.0,4600.0,232340,0.0,0.0
2008-05-26 00:00:00+09:00,4570.0,4620.0,4400.0,4400.0,79223,0.0,0.0
2008-05-27 00:00:00+09:00,4400.0,4445.0,4110.0,4150.0,103581,0.0,0.0
2008-05-28 00:00:00+09:00,4250.0,4250.0,4125.0,4125.0,33901,0.0,0.0
2008-05-29 00:00:00+09:00,4135.0,4220.0,3950.0,4010.0,114687,0.0,0.0
2008-05-30 00:00:00+09:00,4020.0,4100.0,3990.0,3995.0,57952,0.0,0.0
2008-06-02 00:00:00+09:00,4050.0,4080.0,3885.0,3970.0,71149,0.0,0.0
2008-06-03 00:00:00+09:00,4000.0,4160.0,3910.0,4000.0,40656,0.0,0.0
2008-06-04 00:00:00+09:00,3950.0,4040.0,3905.0,4025.0,59215,0.0,0.0
2008-06-05 00:00:00+09:00,4025.0,4030.0,3945.0,3980.0,27446,0.0,0.0
2008-06-09 00:00:00+09:00,3945.0,3950.0,3385.0,3745.0,120591,0.0,0.0
2008-06-10 00:00:00+09:00,3745.0,3800.0,3475.0,3500.0,120294,0.0,0.0
2008-06-11 00:00:00+09:00,3505.0,3585.0,3400.0,3580.0,62265,0.0,0.0
2008-06-12 00:00:00+09:00,3500.0,3700.0,3500.0,3615.0,58915,0.0,0.0
2008-06-13 00:00:00+09:00,3555.0,3675.0,3550.0,3645.0,29858,0.0,0.0
2008-06-16 00:00:00+09:00,3640.0,3825.0,3560.0,3750.0,54908,0.0,0.0
2008-06-17 00:00:00+09:00,3760.0,3760.0,3615.0,3750.0,33480,0.0,0.0
2008-06-18 00:00:00+09:00,3760.0,3760.0,3560.0,3730.0,38785,0.0,0.0
2008-06-19 00:00:00+09:00,3685.0,3725.0,3540.0,3540.0,35312,0.0,0.0
2008-06-20 00:00:00+09:00,3620.0,3640.0,3430.0,3540.0,52874,0.0,0.0
2008-06-23 00:00:00+09:00,3500.0,3580.0,3105.0,3410.0,17965,0.0,0.0
2008-06-24 00:00:00+09:00,3440.0,3540.0,3400.0,3460.0,33709,0.0,0.0
2008-06-25 00:00:00+09:00,3455.0,3455.0,3160.0,3335.0,101208,0.0,0.0
2008-06-26 00:00:00+09:00,3340.0,3410.0,3200.0,3245.0,55452,0.0,0.0
2008-06-27 00:00:00+09:00,3155.0,3240.0,3100.0,3200.0,21951,0.0,0.0
2008-06-30 00:00:00+09:00,3150.0,3310.0,3140.0,3300.0,22122,0.0,0.0
2008-07-01 00:00:00+09:00,3300.0,3370.0,3150.0,3230.0,16246,0.0,0.0
2008-07-02 00:00:00+09:00,3180.0,3255.0,3000.0,3175.0,37192,0.0,0.0
2008-07-03 00:00:00+09:00,3150.0,3150.0,2900.0,2995.0,70564,0.0,0.0
2008-07-04 00:00:00+09:00,3000.0,3090.0,2850.0,2990.0,23981,0.0,0.0
2008-07-07 00:00:00+09:00,3040.0,3040.0,2825.0,2850.0,43401,0.0,0.0
2008-07-08 00:00:00+09:00,2810.0,2940.0,2800.0,2915.0,40539,0.0,0.0
2008-07-09 00:00:00+09:00,3000.0,3000.0,2810.0,2900.0,17482,0.0,0.0
2008-07-10 00:00:00+09:00,2780.0,2940.0,2780.0,2925.0,6841,0.0,0.0
2008-07-11 00:00:00+09:00,2880.0,2995.0,2880.0,2990.0,15354,0.0,0.0
2008-07-14 00:00:00+09:00,2950.0,2995.0,2910.0,2995.0,14827,0.0,0.0
2008-07-15 00:00:00+09:00,2945.0,2995.0,2835.0,2870.0,16688,0.0,0.0
2008-07-16 00:00:00+09:00,2850.0,2920.0,2770.0,2855.0,47531,0.0,0.0
2008-07-17 00:00:00+09:00,2820.0,2940.0,2800.0,2890.0,16101,0.0,0.0
2008-07-18 00:00:00+09:00,2775.0,2925.0,2775.0,2790.0,26813,0.0,0.0
2008-07-21 00:00:00+09:00,2770.0,2895.0,2770.0,2895.0,18678,0.0,0.0
2008-07-22 00:00:00+09:00,2890.0,2890.0,2800.0,2810.0,37197,0.0,0.0
2008-07-23 00:00:00+09:00,2880.0,2880.0,2810.0,2835.0,125242,0.0,0.0
2008-07-24 00:00:00+09:00,2880.0,3260.0,2800.0,3260.0,125242,0.0,0.0
2008-07-25 00:00:00+09:00,3330.0,3340.0,3060.0,3085.0,168956,0.0,0.0
2008-07-28 00:00:00+09:00,3130.0,3200.0,3080.0,3160.0,53575,0.0,0.0
2008-07-29 00:00:00+09:00,3145.0,3280.0,3100.0,3120.0,114036,0.0,0.0
2008-07-30 00:00:00+09:00,3125.0,3190.0,3025.0,3025.0,39492,0.0,0.0
2008-07-31 00:00:00+09:00,3025.0,3095.0,2950.0,3040.0,37051,0.0,0.0
2008-08-01 00:00:00+09:00,3000.0,3010.0,2910.0,2940.0,21513,0.0,0.0
2008-08-04 00:00:00+09:00,3000.0,3210.0,2810.0,2950.0,189543,0.0,0.0
2008-08-05 00:00:00+09:00,3000.0,3100.0,2960.0,3035.0,37450,0.0,0.0
2008-08-06 00:00:00+09:00,3065.0,3305.0,3065.0,3250.0,141234,0.0,0.0
2008-08-07 00:00:00+09:00,3220.0,3340.0,3145.0,3160.0,66576,0.0,0.0
2008-08-08 00:00:00+09:00,3200.0,3250.0,3135.0,3210.0,16278,0.0,0.0
2008-08-11 00:00:00+09:00,3210.0,3240.0,3070.0,3100.0,58172,0.0,0.0
2008-08-12 00:00:00+09:00,3055.0,3140.0,3005.0,3005.0,54008,0.0,0.0
2008-08-13 00:00:00+09:00,3000.0,3025.0,2965.0,3000.0,28209,0.0,0.0
2008-08-14 00:00:00+09:00,3015.0,3150.0,3000.0,3095.0,27208,0.0,0.0
2008-08-18 00:00:00+09:00,3080.0,3155.0,3060.0,3060.0,30460,0.0,0.0
2008-08-19 00:00:00+09:00,3100.0,3100.0,3020.0,3035.0,18227,0.0,0.0
2008-08-20 00:00:00+09:00,3080.0,3080.0,2995.0,3020.0,32197,0.0,0.0
2008-08-21 00:00:00+09:00,3000.0,3050.0,2925.0,2925.0,41889,0.0,0.0
2008-08-22 00:00:00+09:00,2980.0,2980.0,2840.0,2900.0,36618,0.0,0.0
2008-08-25 00:00:00+09:00,2900.0,2995.0,2850.0,2895.0,23079,0.0,0.0
2008-08-26 00:00:00+09:00,2835.0,2900.0,2835.0,2860.0,21398,0.0,0.0
2008-08-27 00:00:00+09:00,2830.0,3025.0,2830.0,2970.0,28439,0.0,0.0
2008-08-28 00:00:00+09:00,3100.0,3100.0,2950.0,2970.0,15849,0.0,0.0
2008-08-29 00:00:00+09:00,3035.0,3035.0,2940.0,2950.0,31982,0.0,0.0
2008-09-01 00:00:00+09:00,2860.0,2950.0,2850.0,2895.0,26913,0.0,0.0
2008-09-02 00:00:00+09:00,2900.0,3120.0,2835.0,2895.0,59657,0.0,0.0
2008-09-03 00:00:00+09:00,2900.0,2950.0,2885.0,2910.0,50786,0.0,0.0
2008-09-04 00:00:00+09:00,2990.0,2990.0,2855.0,2855.0,58870,0.0,0.0
2008-09-05 00:00:00+09:00,2850.0,2900.0,2800.0,2805.0,40284,0.0,0.0
2008-09-08 00:00:00+09:00,2895.0,2900.0,2830.0,2830.0,46365,0.0,0.0
2008-09-09 00:00:00+09:00,2815.0,2900.0,2815.0,2900.0,28401,0.0,0.0
2008-09-10 00:00:00+09:00,2900.0,2970.0,2840.0,2900.0,18042,0.0,0.0
2008-09-11 00:00:00+09:00,3130.0,3130.0,2880.0,2945.0,22249,0.0,0.0
2008-09-12 00:00:00+09:00,3100.0,3100.0,2890.0,2945.0,50094,0.0,0.0
2008-09-16 00:00:00+09:00,2630.0,2830.0,2610.0,2610.0,64746,0.0,0.0
2008-09-17 00:00:00+09:00,2650.0,2900.0,2650.0,2780.0,22363,0.0,0.0
2008-09-18 00:00:00+09:00,2615.0,2800.0,2615.0,2785.0,20834,0.0,0.0
2008-09-19 00:00:00+09:00,2800.0,2890.0,2715.0,2785.0,68436,0.0,0.0
2008-09-22 00:00:00+09:00,2785.0,2790.0,2695.0,2695.0,38956,0.0,0.0
2008-09-23 00:00:00+09:00,2675.0,2750.0,2665.0,2750.0,49801,0.0,0.0
2008-09-24 00:00:00+09:00,2700.0,2870.0,2700.0,2715.0,34836,0.0,0.0
2008-09-25 00:00:00+09:00,2715.0,2755.0,2675.0,2750.0,70944,0.0,0.0
2008-09-26 00:00:00+09:00,2715.0,2715.0,2665.0,2670.0,22809,0.0,0.0
2008-09-29 00:00:00+09:00,2670.0,2790.0,2650.0,2650.0,69556,0.0,0.0
2008-09-30 00:00:00+09:00,2365.0,2545.0,2260.0,2475.0,45843,0.0,0.0
2008-10-01 00:00:00+09:00,2550.0,2610.0,2480.0,2595.0,43918,0.0,0.0
2008-10-02 00:00:00+09:00,2690.0,2710.0,2530.0,2550.0,35807,0.0,0.0
2008-10-06 00:00:00+09:00,2455.0,2550.0,2455.0,2550.0,50387,0.0,0.0
2008-10-07 00:00:00+09:00,2450.0,2590.0,2450.0,2550.0,14658,0.0,0.0
2008-10-08 00:00:00+09:00,2310.0,2485.0,2405.0,2455.0,32636,0.0,0.0
2008-10-09 00:00:00+09:00,2310.0,2560.0,2310.0,2490.0,32636,0.0,0.0
2008-10-10 00:00:00+09:00,2495.0,2495.0,2360.0,2400.0,30986,0.0,0.0
2008-10-13 00:00:00+09:00,2585.0,2590.0,2305.0,2330.0,36329,0.0,0.0
2008-10-14 00:00:00+09:00,2500.0,2500.0,2320.0,2330.0,9830,0.0,0.0
2008-10-15 00:00:00+09:00,2450.0,2450.0,2320.0,2395.0,2854,0.0,0.0
2008-10-16 00:00:00+09:00,2350.0,2350.0,2135.0,2200.0,7355,0.0,0.0
2008-10-17 00:00:00+09:00,2225.0,2340.0,2125.0,2245.0,2530,0.0,0.0
2008-10-20 00:00:00+09:00,2340.0,2340.0,2130.0,2260.0,1128,0.0,0.0
2008-10-21 00:00:00+09:00,2150.0,2260.0,2080.0,2110.0,26319,0.0,0.0
2008-10-22 00:00:00+09:00,1445.0,2160.0,1880.0,2000.0,79885,0.0,0.0
2008-10-23 00:00:00+09:00,2125.0,2125.0,1700.0,1700.0,14466,0.0,0.0
2008-10-24 00:00:00+09:00,1445.0,1740.0,1445.0,1445.0,79885,0.0,0.0
2008-10-27 00:00:00+09:00,1235.0,1335.0,1230.0,1240.0,49884,0.0,0.0
2008-10-28 00:00:00+09:00,1090.0,1420.0,1070.0,1375.0,23704,0.0,0.0
2008-10-29 00:00:00+09:00,1400.0,1540.0,1180.0,1200.0,23202,0.0,0.0
2008-10-30 00:00:00+09:00,1210.0,1375.0,1210.0,1370.0,8770,0.0,0.0
2008-10-31 00:00:00+09:00,1310.0,1460.0,1310.0,1415.0,9120,0.0,0.0
2008-11-03 00:00:00+09:00,1575.0,1575.0,1370.0,1410.0,22294,0.0,0.0
2008-11-04 00:00:00+09:00,1410.0,1475.0,1395.0,1470.0,9669,0.0,0.0
2008-11-05 00:00:00+09:00,1490.0,1590.0,1455.0,1480.0,29302,0.0,0.0
2008-11-06 00:00:00+09:00,1365.0,1460.0,1335.0,1440.0,14881,0.0,0.0
2008-11-07 00:00:00+09:00,1385.0,1470.0,1300.0,1470.0,8888,0.0,0.0
2008-11-10 00:00:00+09:00,1590.0,1590.0,1355.0,1400.0,5330,0.0,0.0
2008-11-11 00:00:00+09:00,1375.0,1485.0,1350.0,1430.0,9451,0.0,0.0
2008-11-12 00:00:00+09:00,1580.0,1580.0,1370.0,1400.0,2812,0.0,0.0
2008-11-13 00:00:00+09:00,1390.0,1390.0,1300.0,1380.0,6292,0.0,0.0
2008-11-14 00:00:00+09:00,1360.0,1480.0,1360.0,1420.0,6115,0.0,0.0
2008-11-17 00:00:00+09:00,1440.0,1440.0,1325.0,1410.0,8410,0.0,0.0
2008-11-18 00:00:00+09:00,1405.0,1410.0,1340.0,1340.0,3142,0.0,0.0
2008-11-19 00:00:00+09:00,1400.0,1400.0,1290.0,1290.0,11108,0.0,0.0
2008-11-20 00:00:00+09:00,1215.0,1290.0,1200.0,1280.0,4933,0.0,0.0
2008-11-21 00:00:00+09:00,1280.0,1350.0,1230.0,1345.0,4885,0.0,0.0
2008-11-24 00:00:00+09:00,1280.0,1350.0,1280.0,1300.0,7028,0.0,0.0
2008-11-25 00:00:00+09:00,1440.0,1440.0,1265.0,1335.0,9340,0.0,0.0
2008-11-26 00:00:00+09:00,1385.0,1385.0,1275.0,1350.0,1069,0.0,0.0
2008-11-27 00:00:00+09:00,1400.0,1415.0,1350.0,1390.0,2772,0.0,0.0
2008-11-28 00:00:00+09:00,1450.0,1540.0,1380.0,1490.0,14322,0.0,0.0
2008-12-01 00:00:00+09:00,2005.0,1710.0,1470.0,1645.0,76944,0.0,0.0
2008-12-02 00:00:00+09:00,1555.0,1890.0,1555.0,1890.0,133764,0.0,0.0
2008-12-03 00:00:00+09:00,2005.0,2170.0,2005.0,2170.0,76944,0.0,0.0
2008-12-04 00:00:00+09:00,2450.0,2495.0,2225.0,2330.0,332605,0.0,0.0
2008-12-05 00:00:00+09:00,2335.0,2420.0,2130.0,2330.0,73559,0.0,0.0
2008-12-08 00:00:00+09:00,2380.0,2395.0,2210.0,2285.0,51424,0.0,0.0
2008-12-09 00:00:00+09:00,2305.0,2370.0,2195.0,2260.0,32250,0.0,0.0
2008-12-10 00:00:00+09:00,2390.0,2390.0,2000.0,2135.0,85537,0.0,0.0
2008-12-11 00:00:00+09:00,2225.0,2220.0,1970.0,2120.0,64015,0.0,0.0
2008-12-15 00:00:00+09:00,2190.0,2225.0,2070.0,2225.0,18263,0.0,0.0
2008-12-16 00:00:00+09:00,2225.0,2555.0,2110.0,2555.0,64015,0.0,0.0
2008-12-17 00:00:00+09:00,2800.0,2935.0,2640.0,2810.0,146586,0.0,0.0
2008-12-18 00:00:00+09:00,2900.0,2900.0,2600.0,2700.0,84030,0.0,0.0
2008-12-19 00:00:00+09:00,2770.0,2895.0,2700.0,2800.0,41564,0.0,0.0
2008-12-22 00:00:00+09:00,2795.0,3045.0,2720.0,2945.0,55563,0.0,0.0
2008-12-23 00:00:00+09:00,2900.0,3000.0,2810.0,2995.0,38016,0.0,0.0
2008-12-24 00:00:00+09:00,2995.0,2995.0,2850.0,2875.0,17052,0.0,0.0
2008-12-26 00:00:00+09:00,2890.0,2980.0,2585.0,2770.0,53242,0.0,0.0
2008-12-29 00:00:00+09:00,2740.0,2850.0,2550.0,2850.0,35482,0.0,0.0
2008-12-30 00:00:00+09:00,2945.0,3050.0,2795.0,3050.0,53905,0.0,0.0
2009-01-02 00:00:00+09:00,3085.0,3085.0,2950.0,3030.0,20233,0.0,0.0
2009-01-05 00:00:00+09:00,3030.0,3030.0,2815.0,2885.0,11637,0.0,0.0
2009-01-06 00:00:00+09:00,3085.0,3085.0,2750.0,2835.0,21713,0.0,0.0
2009-01-07 00:00:00+09:00,2900.0,2900.0,2690.0,2750.0,19545,0.0,0.0
2009-01-08 00:00:00+09:00,2800.0,2970.0,2650.0,2790.0,22095,0.0,0.0
2009-01-09 00:00:00+09:00,2800.0,2985.0,2730.0,2790.0,22095,0.0,0.0
2009-01-12 00:00:00+09:00,2750.0,2910.0,2720.0,2825.0,22689,0.0,0.0
2009-01-13 00:00:00+09:00,2875.0,2875.0,2745.0,2800.0,8804,0.0,0.0
2009-01-14 00:00:00+09:00,2700.0,2840.0,2700.0,2770.0,16728,0.0,0.0
2009-01-15 00:00:00+09:00,2670.0,2875.0,2555.0,2700.0,4597,0.0,0.0
2009-01-16 00:00:00+09:00,2895.0,2895.0,2435.0,2540.0,67240,0.0,0.0
2009-01-19 00:00:00+09:00,2510.0,2655.0,2350.0,2410.0,92670,0.0,0.0
2009-01-20 00:00:00+09:00,2360.0,2490.0,2275.0,2440.0,48192,0.0,0.0
2009-01-21 00:00:00+09:00,2400.0,2440.0,2280.0,2395.0,48607,0.0,0.0
2009-01-22 00:00:00+09:00,2355.0,2500.0,2295.0,2330.0,143596,0.0,0.0
2009-01-23 00:00:00+09:00,2330.0,2330.0,2170.0,2230.0,104517,0.0,0.0
2009-01-28 00:00:00+09:00,2330.0,2380.0,2130.0,2160.0,141600,0.0,0.0
2009-01-29 00:00:00+09:00,2280.0,2280.0,2100.0,2180.0,187058,0.0,0.0
2009-01-30 00:00:00+09:00,2180.0,2205.0,2150.0,2190.0,55283,0.0,0.0
2009-02-02 00:00:00+09:00,2205.0,2310.0,2200.0,2295.0,237293,0.0,0.0
2009-02-03 00:00:00+09:00,2300.0,2620.0,2295.0,2550.0,488261,0.0,0.0
2009-02-04 00:00:00+09:00,2700.0,2720.0,2530.0,2580.0,525302,0.0,0.0
2009-02-05 00:00:00+09:00,2530.0,2660.0,2400.0,2415.0,1377054,0.0,0.0
2009-02-06 00:00:00+09:00,2530.0,2775.0,2525.0,2775.0,1377054,0.0,0.0
2009-02-09 00:00:00+09:00,2810.0,2810.0,2655.0,2655.0,473585,0.0,0.0
2009-02-10 00:00:00+09:00,2560.0,2700.0,2300.0,2510.0,893370,0.0,0.0
2009-02-11 00:00:00+09:00,2560.0,2885.0,2540.0,2885.0,893370,0.0,0.0
2009-02-12 00:00:00+09:00,2880.0,3025.0,2710.0,2785.0,813352,0.0,0.0
2009-02-13 00:00:00+09:00,2850.0,2970.0,2810.0,2865.0,389330,0.0,0.0
2009-02-16 00:00:00+09:00,2870.0,3035.0,2825.0,2845.0,341879,0.0,0.0
2009-02-17 00:00:00+09:00,2850.0,2890.0,2450.0,2450.0,290607,0.0,0.0
2009-02-18 00:00:00+09:00,2400.0,2435.0,2105.0,2330.0,305731,0.0,0.0
2009-02-19 00:00:00+09:00,2270.0,2370.0,2160.0,2260.0,210623,0.0,0.0
2009-02-20 00:00:00+09:00,2265.0,2265.0,1990.0,2025.0,217554,0.0,0.0
2009-02-23 00:00:00+09:00,1950.0,2325.0,1910.0,2315.0,201668,0.0,0.0
2009-02-24 00:00:00+09:00,2265.0,2295.0,2005.0,2200.0,307275,0.0,0.0
2009-02-25 00:00:00+09:00,2265.0,2530.0,2265.0,2530.0,307275,0.0,0.0
2009-02-26 00:00:00+09:00,2580.0,2670.0,2155.0,2270.0,759337,0.0,0.0
2009-02-27 00:00:00+09:00,2350.0,2380.0,2100.0,2200.0,117173,0.0,0.0
2009-03-02 00:00:00+09:00,2200.0,2200.0,2025.0,2030.0,114215,0.0,0.0
2009-03-03 00:00:00+09:00,1915.0,2075.0,1880.0,1980.0,194625,0.0,0.0
2009-03-04 00:00:00+09:00,2395.0,2160.0,1985.0,2085.0,254950,0.0,0.0
2009-03-05 00:00:00+09:00,2395.0,2395.0,2395.0,2395.0,254950,0.0,0.0
2009-03-06 00:00:00+09:00,2460.0,2605.0,2405.0,2470.0,1013302,0.0,0.0
2009-03-09 00:00:00+09:00,2400.0,2500.0,2325.0,2370.0,217527,0.0,0.0
2009-03-10 00:00:00+09:00,2375.0,2700.0,2200.0,2280.0,772173,0.0,0.0
2009-03-11 00:00:00+09:00,2370.0,2450.0,2175.0,2225.0,313422,0.0,0.0
2009-03-12 00:00:00+09:00,2300.0,2345.0,2240.0,2270.0,182716,0.0,0.0
2009-03-13 00:00:00+09:00,2300.0,2340.0,2260.0,2265.0,145890,0.0,0.0
2009-03-16 00:00:00+09:00,2340.0,2440.0,2210.0,2210.0,232583,0.0,0.0
2009-03-17 00:00:00+09:00,2220.0,2315.0,2200.0,2255.0,155797,0.0,0.0
2009-03-18 00:00:00+09:00,2310.0,2510.0,2285.0,2500.0,400666,0.0,0.0
2009-03-19 00:00:00+09:00,2540.0,2550.0,2280.0,2300.0,1152195,0.0,0.0
2009-03-20 00:00:00+09:00,2340.0,2420.0,2320.0,2360.0,242104,0.0,0.0
2009-03-23 00:00:00+09:00,2400.0,2430.0,2280.0,2300.0,226579,0.0,0.0
2009-03-24 00:00:00+09:00,2385.0,2385.0,2260.0,2270.0,191409,0.0,0.0
2009-03-25 00:00:00+09:00,2260.0,2360.0,2260.0,2285.0,156071,0.0,0.0
2009-03-26 00:00:00+09:00,2295.0,2370.0,2270.0,2350.0,180159,0.0,0.0
2009-03-27 00:00:00+09:00,2370.0,2370.0,2275.0,2280.0,175511,0.0,0.0
2009-03-30 00:00:00+09:00,2355.0,2420.0,2290.0,2320.0,1381149,0.0,0.0
2009-03-31 00:00:00+09:00,2400.0,2665.0,2330.0,2665.0,1381149,0.0,0.0
2009-04-01 00:00:00+09:00,2695.0,2780.0,2605.0,2660.0,814942,0.0,0.0
2009-04-02 00:00:00+09:00,2700.0,2970.0,2635.0,2730.0,1602980,0.0,0.0
2009-04-03 00:00:00+09:00,2845.0,2885.0,2740.0,2795.0,583468,0.0,0.0
2009-04-06 00:00:00+09:00,2830.0,3010.0,2755.0,2755.0,585517,0.0,0.0
2009-04-07 00:00:00+09:00,2790.0,2920.0,2670.0,2855.0,477042,0.0,0.0
2009-04-08 00:00:00+09:00,2790.0,2985.0,2780.0,2965.0,373291,0.0,0.0
2009-04-09 00:00:00+09:00,3055.0,3400.0,3050.0,3150.0,855740,0.0,0.0
2009-04-10 00:00:00+09:00,3320.0,3395.0,3195.0,3200.0,708896,0.0,0.0
2009-04-13 00:00:00+09:00,3200.0,3455.0,3150.0,3270.0,534141,0.0,0.0
2009-04-14 00:00:00+09:00,3310.0,3390.0,3090.0,3090.0,504779,0.0,0.0
2009-04-15 00:00:00+09:00,3090.0,3140.0,2755.0,2950.0,424193,0.0,0.0
2009-04-16 00:00:00+09:00,2995.0,3185.0,2900.0,2935.0,412083,0.0,0.0
2009-04-17 00:00:00+09:00,2940.0,3050.0,2810.0,2910.0,313827,0.0,0.0
2009-04-20 00:00:00+09:00,3000.0,3290.0,3000.0,3210.0,718123,0.0,0.0
2009-04-21 00:00:00+09:00,3065.0,3275.0,3065.0,3200.0,212038,0.0,0.0
2009-04-22 00:00:00+09:00,3680.0,3680.0,3680.0,3680.0,34147,0.0,0.0
2009-04-23 00:00:00+09:00,4230.0,4230.0,4230.0,4230.0,6233858,0.0,0.0
2009-04-24 00:00:00+09:00,4795.0,4860.0,3600.0,4860.0,6233858,0.0,0.0
2009-04-27 00:00:00+09:00,4860.0,5580.0,4710.0,5310.0,3363768,0.0,0.0
2009-04-28 00:00:00+09:00,5300.0,5390.0,4520.0,4520.0,1938034,0.0,0.0
2009-04-29 00:00:00+09:00,4455.0,5170.0,4250.0,5110.0,2585400,0.0,0.0
2009-04-30 00:00:00+09:00,5030.0,5330.0,4700.0,5070.0,1477610,0.0,0.0
2009-05-04 00:00:00+09:00,5100.0,5780.0,4905.0,5150.0,2017964,0.0,0.0
2009-05-06 00:00:00+09:00,5200.0,5450.0,4925.0,5450.0,1452903,0.0,0.0
2009-05-07 00:00:00+09:00,5560.0,6160.0,5340.0,5700.0,3486932,0.0,0.0
2009-05-08 00:00:00+09:00,5500.0,5780.0,5340.0,5460.0,2195704,0.0,0.0
2009-05-11 00:00:00+09:00,5630.0,6270.0,5480.0,6270.0,2195704,0.0,0.0
2009-05-12 00:00:00+09:00,6250.0,7100.0,6150.0,6160.0,3388733,0.0,0.0
2009-05-13 00:00:00+09:00,6200.0,6840.0,6180.0,6650.0,1970299,0.0,0.0
2009-05-14 00:00:00+09:00,6580.0,7400.0,6360.0,7280.0,2184879,0.0,0.0
2009-05-15 00:00:00+09:00,7420.0,8210.0,7190.0,8150.0,2501665,0.0,0.0
2009-05-18 00:00:00+09:00,7900.0,9190.0,7230.0,8210.0,3407898,0.0,0.0
2009-05-19 00:00:00+09:00,8000.0,8630.0,7700.0,8040.0,2362791,0.0,0.0
2009-05-20 00:00:00+09:00,7900.0,7940.0,7270.0,7550.0,1298707,0.0,0.0
2009-05-21 00:00:00+09:00,7520.0,7770.0,7000.0,7140.0,1003123,0.0,0.0
2009-05-22 00:00:00+09:00,7410.0,7710.0,6910.0,6910.0,1517753,0.0,0.0
2009-05-25 00:00:00+09:00,6700.0,6880.0,5880.0,6830.0,1037395,0.0,0.0
2009-05-26 00:00:00+09:00,6990.0,7700.0,6610.0,7260.0,2763246,0.0,0.0
2009-05-27 00:00:00+09:00,7350.0,7350.0,6300.0,6350.0,723287,0.0,0.0
2009-05-28 00:00:00+09:00,6020.0,6210.0,5400.0,5670.0,743149,0.0,0.0
2009-05-29 00:00:00+09:00,5960.0,6030.0,5530.0,5960.0,372358,0.0,0.0
2009-06-01 00:00:00+09:00,6200.0,6340.0,6010.0,6240.0,440315,0.0,0.0
2009-06-02 00:00:00+09:00,6240.0,6410.0,6080.0,6160.0,507723,0.0,0.0
2009-06-03 00:00:00+09:00,6350.0,6450.0,6110.0,6200.0,730851,0.0,0.0
2009-06-04 00:00:00+09:00,6250.0,6800.0,6120.0,6790.0,1192008,0.0,0.0
2009-06-05 00:00:00+09:00,7130.0,7790.0,7050.0,7700.0,3806343,0.0,0.0
2009-06-08 00:00:00+09:00,7650.0,8290.0,7260.0,7300.0,3677348,0.0,0.0
2009-06-09 00:00:00+09:00,7450.0,7600.0,6500.0,6500.0,1351968,0.0,0.0
2009-06-10 00:00:00+09:00,6500.0,6750.0,6200.0,6520.0,737073,0.0,0.0
2009-06-11 00:00:00+09:00,6390.0,6670.0,5880.0,5960.0,753631,0.0,0.0
2009-06-12 00:00:00+09:00,6000.0,6840.0,5780.0,6640.0,2122769,0.0,0.0
2009-06-15 00:00:00+09:00,6700.0,7210.0,6600.0,6850.0,3037834,0.0,0.0
2009-06-16 00:00:00+09:00,6790.0,7150.0,5960.0,6000.0,1823207,0.0,0.0
2009-06-17 00:00:00+09:00,5930.0,6390.0,5540.0,5900.0,2452165,0.0,0.0
2009-06-18 00:00:00+09:00,5900.0,6300.0,5800.0,6010.0,1490433,0.0,0.0
2009-06-19 00:00:00+09:00,6020.0,6060.0,5470.0,5600.0,764258,0.0,0.0
2009-06-22 00:00:00+09:00,5530.0,5630.0,5210.0,5220.0,690005,0.0,0.0
2009-06-23 00:00:00+09:00,5050.0,5190.0,4610.0,4720.0,525638,0.0,0.0
2009-06-24 00:00:00+09:00,4795.0,4890.0,4410.0,4720.0,510807,0.0,0.0
2009-06-25 00:00:00+09:00,4800.0,5020.0,4745.0,4855.0,435052,0.0,0.0
2009-06-26 00:00:00+09:00,4980.0,5090.0,4660.0,4660.0,525883,0.0,0.0
2009-06-29 00:00:00+09:00,4655.0,4660.0,4030.0,4100.0,634453,0.0,0.0
2009-06-30 00:00:00+09:00,4200.0,4250.0,3975.0,4020.0,569104,0.0,0.0
2009-07-01 00:00:00+09:00,4020.0,4345.0,4020.0,4200.0,650318,0.0,0.0
2009-07-02 00:00:00+09:00,4280.0,4525.0,4185.0,4365.0,850154,0.0,0.0
2009-07-03 00:00:00+09:00,4160.0,4600.0,4155.0,4600.0,488208,0.0,0.0
2009-07-06 00:00:00+09:00,4600.0,4980.0,4520.0,4750.0,751701,0.0,0.0
2009-07-07 00:00:00+09:00,4840.0,4840.0,4555.0,4675.0,519706,0.0,0.0
2009-07-08 00:00:00+09:00,4650.0,4650.0,4485.0,4515.0,452286,0.0,0.0
2009-07-09 00:00:00+09:00,4585.0,4640.0,4320.0,4350.0,237245,0.0,0.0
2009-07-10 00:00:00+09:00,4760.0,5000.0,4760.0,5000.0,403379,0.0,0.0
2009-07-13 00:00:00+09:00,5750.0,5750.0,5290.0,5570.0,4690811,0.0,0.0
2009-07-14 00:00:00+09:00,5500.0,5640.0,4965.0,5190.0,2943022,0.0,0.0
2009-07-15 00:00:00+09:00,5290.0,5960.0,5250.0,5960.0,4554331,0.0,0.0
2009-07-16 00:00:00+09:00,5940.0,6450.0,5560.0,5800.0,3755642,0.0,0.0
2009-07-17 00:00:00+09:00,5930.0,6400.0,5780.0,6400.0,3145827,0.0,0.0
2009-07-20 00:00:00+09:00,6400.0,7170.0,6180.0,6580.0,6127086,0.0,0.0
2009-07-21 00:00:00+09:00,6640.0,6770.0,6150.0,6150.0,2089762,0.0,0.0
2009-07-22 00:00:00+09:00,6200.0,6520.0,5850.0,5900.0,1900401,0.0,0.0
2009-07-23 00:00:00+09:00,5900.0,5950.0,5450.0,5660.0,1499883,0.0,0.0
2009-07-24 00:00:00+09:00,5800.0,5950.0,5630.0,5700.0,1820381,0.0,0.0
2009-07-27 00:00:00+09:00,5640.0,5830.0,5590.0,5660.0,808618,0.0,0.0
2009-07-28 00:00:00+09:00,5740.0,5950.0,5570.0,5920.0,1322885,0.0,0.0
2009-07-29 00:00:00+09:00,5940.0,6160.0,5640.0,5660.0,1802312,0.0,0.0
2009-07-30 00:00:00+09:00,5690.0,5760.0,5250.0,5380.0,748918,0.0,0.0
2009-07-31 00:00:00+09:00,5490.0,5730.0,5260.0,5310.0,859605,0.0,0.0
2009-08-03 00:00:00+09:00,5310.0,5390.0,5100.0,5370.0,576505,0.0,0.0
2009-08-04 00:00:00+09:00,5380.0,5540.0,5180.0,5220.0,606786,0.0,0.0
2009-08-05 00:00:00+09:00,5220.0,5350.0,5170.0,5340.0,449348,0.0,0.0
2009-08-06 00:00:00+09:00,5390.0,5480.0,5240.0,5240.0,643036,0.0,0.0
2009-08-07 00:00:00+09:00,5240.0,5410.0,5200.0,5350.0,1146929,0.0,0.0
2009-08-10 00:00:00+09:00,5450.0,5450.0,5200.0,5220.0,530126,0.0,0.0
2009-08-11 00:00:00+09:00,5200.0,5210.0,5010.0,5050.0,620974,0.0,0.0
2009-08-12 00:00:00+09:00,5000.0,5140.0,5000.0,5060.0,421179,0.0,0.0
2009-08-13 00:00:00+09:00,5100.0,5680.0,5030.0,5550.0,1596284,0.0,0.0
2009-08-14 00:00:00+09:00,5560.0,5980.0,5460.0,5750.0,3154982,0.0,0.0
2009-08-17 00:00:00+09:00,5660.0,5690.0,5400.0,5560.0,918331,0.0,0.0
2009-08-18 00:00:00+09:00,5500.0,5780.0,5430.0,5760.0,1502458,0.0,0.0
2009-08-19 00:00:00+09:00,5850.0,5980.0,5460.0,5460.0,2079010,0.0,0.0
2009-08-20 00:00:00+09:00,5380.0,5480.0,5080.0,5080.0,1283967,0.0,0.0
2009-08-21 00:00:00+09:00,5140.0,5160.0,4820.0,4920.0,867137,0.0,0.0
2009-08-24 00:00:00+09:00,4930.0,5200.0,4300.0,4630.0,2053363,0.0,0.0
2009-08-25 00:00:00+09:00,4630.0,4930.0,4435.0,4505.0,692997,0.0,0.0
2009-08-26 00:00:00+09:00,4600.0,4695.0,4520.0,4605.0,373370,0.0,0.0
2009-08-27 00:00:00+09:00,4605.0,4645.0,4500.0,4520.0,278164,0.0,0.0
2009-08-28 00:00:00+09:00,4595.0,4595.0,4370.0,4410.0,446013,0.0,0.0
2009-08-31 00:00:00+09:00,4415.0,4530.0,4150.0,4170.0,398288,0.0,0.0
2009-09-01 00:00:00+09:00,4155.0,4290.0,4020.0,4220.0,392913,0.0,0.0
2009-09-02 00:00:00+09:00,4155.0,4530.0,4120.0,4300.0,455123,0.0,0.0
2009-09-03 00:00:00+09:00,4360.0,4680.0,4250.0,4450.0,867618,0.0,0.0
2009-09-04 00:00:00+09:00,4455.0,4545.0,4300.0,4345.0,301141,0.0,0.0
2009-09-07 00:00:00+09:00,4300.0,4435.0,4200.0,4285.0,244766,0.0,0.0
2009-09-08 00:00:00+09:00,4285.0,4285.0,4130.0,4190.0,318774,0.0,0.0
2009-09-09 00:00:00+09:00,4190.0,4230.0,4065.0,4065.0,222984,0.0,0.0
2009-09-10 00:00:00+09:00,4065.0,4320.0,4065.0,4100.0,428253,0.0,0.0
2009-09-11 00:00:00+09:00,4105.0,4550.0,4100.0,4355.0,1073772,0.0,0.0
2009-09-14 00:00:00+09:00,4400.0,4580.0,4280.0,4515.0,609699,0.0,0.0
2009-09-15 00:00:00+09:00,4710.0,5190.0,4700.0,5190.0,1463142,0.0,0.0
2009-09-16 00:00:00+09:00,5330.0,5960.0,5270.0,5960.0,2214030,0.0,0.0
2009-09-17 00:00:00+09:00,6500.0,6780.0,5520.0,5900.0,8984770,0.0,0.0
2009-09-18 00:00:00+09:00,5850.0,6440.0,5820.0,6150.0,5142266,0.0,0.0
2009-09-21 00:00:00+09:00,5910.0,6050.0,5330.0,5340.0,2372722,0.0,0.0
2009-09-22 00:00:00+09:00,5400.0,5790.0,5340.0,5560.0,2801980,0.0,0.0
2009-09-23 00:00:00+09:00,5570.0,5600.0,5140.0,5480.0,1155116,0.0,0.0
2009-09-24 00:00:00+09:00,5400.0,5450.0,5020.0,5200.0,793718,0.0,0.0
2009-09-25 00:00:00+09:00,5110.0,5390.0,5030.0,5270.0,702335,0.0,0.0
2009-09-28 00:00:00+09:00,5260.0,5340.0,4900.0,4900.0,537805,0.0,0.0
2009-09-29 00:00:00+09:00,4955.0,4985.0,4430.0,4720.0,696644,0.0,0.0
2009-09-30 00:00:00+09:00,4660.0,5250.0,4610.0,4840.0,1660445,0.0,0.0
2009-10-01 00:00:00+09:00,4900.0,5560.0,4805.0,5560.0,2552092,0.0,0.0
2009-10-05 00:00:00+09:00,5410.0,6250.0,5360.0,5680.0,7854085,0.0,0.0
2009-10-06 00:00:00+09:00,5800.0,6070.0,5220.0,5270.0,3008947,0.0,0.0
2009-10-07 00:00:00+09:00,5370.0,5950.0,5330.0,5630.0,7107413,0.0,0.0
2009-10-08 00:00:00+09:00,5640.0,5680.0,5290.0,5540.0,1474433,0.0,0.0
2009-10-09 00:00:00+09:00,5530.0,5940.0,5220.0,5270.0,2571879,0.0,0.0
2009-10-12 00:00:00+09:00,5330.0,5400.0,5140.0,5250.0,1012544,0.0,0.0
2009-10-13 00:00:00+09:00,5260.0,5860.0,5240.0,5430.0,3837344,0.0,0.0
2009-10-14 00:00:00+09:00,5530.0,6240.0,5530.0,6240.0,3974283,0.0,0.0
2009-10-15 00:00:00+09:00,6430.0,6530.0,5600.0,5770.0,5950137,0.0,0.0
2009-10-16 00:00:00+09:00,5740.0,5900.0,5410.0,5500.0,2630084,0.0,0.0
2009-10-19 00:00:00+09:00,5500.0,5740.0,5460.0,5530.0,1320966,0.0,0.0
2009-10-20 00:00:00+09:00,4710.0,4710.0,4710.0,4710.0,116725,0.0,0.0
2009-10-21 00:00:00+09:00,4360.0,4460.0,4040.0,4165.0,4546788,0.0,0.0
2009-10-22 00:00:00+09:00,4185.0,4310.0,4080.0,4180.0,2352612,0.0,0.0
2009-10-23 00:00:00+09:00,4270.0,4535.0,4185.0,4360.0,2429337,0.0,0.0
2009-10-26 00:00:00+09:00,4375.0,4380.0,4050.0,4190.0,608788,0.0,0.0
2009-10-27 00:00:00+09:00,4225.0,4460.0,4210.0,4240.0,1062086,0.0,0.0
2009-10-28 00:00:00+09:00,4490.0,4875.0,4320.0,4420.0,6140532,0.0,0.0
2009-10-29 00:00:00+09:00,4400.0,4565.0,4220.0,4275.0,1685297,0.0,0.0
2009-10-30 00:00:00+09:00,4425.0,4425.0,4190.0,4200.0,707571,0.0,0.0
2009-11-02 00:00:00+09:00,4000.0,4125.0,3835.0,4010.0,828367,0.0,0.0
2009-11-03 00:00:00+09:00,3865.0,3985.0,3760.0,3850.0,1486086,0.0,0.0
2009-11-04 00:00:00+09:00,3705.0,3810.0,3515.0,3655.0,1412712,0.0,0.0
2009-11-05 00:00:00+09:00,3655.0,3700.0,3445.0,3545.0,624795,0.0,0.0
2009-11-06 00:00:00+09:00,3930.0,3975.0,3580.0,3580.0,656896,0.0,0.0
2009-11-09 00:00:00+09:00,3560.0,3780.0,3560.0,3735.0,351666,0.0,0.0
2009-11-10 00:00:00+09:00,3775.0,3870.0,3610.0,3640.0,434358,0.0,0.0
2009-11-11 00:00:00+09:00,3740.0,4125.0,3635.0,3890.0,1567769,0.0,0.0
2009-11-12 00:00:00+09:00,3900.0,4130.0,3810.0,4025.0,1152272,0.0,0.0
2009-11-13 00:00:00+09:00,4000.0,4225.0,3945.0,4225.0,1046723,0.0,0.0
2009-11-16 00:00:00+09:00,4690.0,4695.0,4020.0,4020.0,1833609,0.0,0.0
2009-11-17 00:00:00+09:00,4150.0,4525.0,4120.0,4400.0,2792964,0.0,0.0
2009-11-18 00:00:00+09:00,4320.0,4425.0,4215.0,4400.0,1228534,0.0,0.0
2009-11-19 00:00:00+09:00,4410.0,4510.0,4165.0,4285.0,1874100,0.0,0.0
2009-11-20 00:00:00+09:00,4150.0,4240.0,4000.0,4065.0,1432057,0.0,0.0
2009-11-23 00:00:00+09:00,4020.0,4060.0,3905.0,3965.0,688151,0.0,0.0
2009-11-24 00:00:00+09:00,3945.0,4020.0,3750.0,3775.0,706770,0.0,0.0
2009-11-25 00:00:00+09:00,3800.0,3850.0,3600.0,3730.0,491445,0.0,0.0
2009-11-26 00:00:00+09:00,3730.0,3860.0,3570.0,3610.0,683564,0.0,0.0
2009-11-27 00:00:00+09:00,3530.0,3570.0,3305.0,3415.0,490941,0.0,0.0
2009-11-30 00:00:00+09:00,3400.0,3415.0,3080.0,3125.0,1064355,0.0,0.0
2009-12-01 00:00:00+09:00,3100.0,3400.0,3070.0,3250.0,1965262,0.0,0.0
2009-12-02 00:00:00+09:00,3250.0,3420.0,3170.0,3255.0,836642,0.0,0.0
2009-12-03 00:00:00+09:00,3275.0,3500.0,3275.0,3370.0,1004929,0.0,0.0
2009-12-04 00:00:00+09:00,3380.0,3390.0,3270.0,3300.0,365861,0.0,0.0
2009-12-07 00:00:00+09:00,3315.0,3385.0,3240.0,3300.0,403184,0.0,0.0
2009-12-08 00:00:00+09:00,3320.0,3370.0,3235.0,3260.0,277424,0.0,0.0
2009-12-09 00:00:00+09:00,3230.0,3270.0,3130.0,3265.0,222084,0.0,0.0
2009-12-10 00:00:00+09:00,3280.0,3445.0,3280.0,3405.0,563299,0.0,0.0
2009-12-11 00:00:00+09:00,3500.0,3545.0,3370.0,3515.0,819425,0.0,0.0
2009-12-14 00:00:00+09:00,3550.0,3840.0,3445.0,3640.0,1533997,0.0,0.0
2009-12-15 00:00:00+09:00,3680.0,3745.0,3575.0,3625.0,522975,0.0,0.0
2009-12-16 00:00:00+09:00,3580.0,3615.0,3440.0,3485.0,483625,0.0,0.0
2009-12-17 00:00:00+09:00,3500.0,3550.0,3365.0,3370.0,481163,0.0,0.0
2009-12-18 00:00:00+09:00,3090.0,3190.0,3055.0,3180.0,1596443,0.0,0.0
2009-12-21 00:00:00+09:00,3205.0,3340.0,3150.0,3340.0,896310,0.0,0.0
2009-12-22 00:00:00+09:00,3300.0,3440.0,3230.0,3350.0,1241747,0.0,0.0
2009-12-23 00:00:00+09:00,3390.0,3475.0,3250.0,3370.0,1265813,0.0,0.0
2009-12-24 00:00:00+09:00,3360.0,3395.0,3280.0,3365.0,700272,0.0,0.0
2009-12-28 00:00:00+09:00,3410.0,3440.0,3100.0,3120.0,844856,0.0,0.0
2009-12-29 00:00:00+09:00,3100.0,3250.0,3100.0,3150.0,374682,0.0,0.0
2009-12-30 00:00:00+09:00,3420.0,3450.0,3250.0,3430.0,965293,0.0,0.0
2010-01-04 00:00:00+09:00,3480.0,3515.0,3365.0,3410.0,983132,0.0,0.0
2010-01-05 00:00:00+09:00,3560.0,3675.0,3400.0,3400.0,1546455,0.0,0.0
2010-01-06 00:00:00+09:00,3440.0,3605.0,3350.0,3605.0,924436,0.0,0.0
2010-01-07 00:00:00+09:00,3680.0,3985.0,3625.0,3740.0,3506071,0.0,0.0
2010-01-08 00:00:00+09:00,3750.0,3870.0,3700.0,3870.0,1134452,0.0,0.0
2010-01-11 00:00:00+09:00,3950.0,4015.0,3825.0,3850.0,1981865,0.0,0.0
2010-01-12 00:00:00+09:00,3880.0,3940.0,3680.0,3905.0,1161945,0.0,0.0
2010-01-13 00:00:00+09:00,3880.0,3925.0,3835.0,3860.0,611286,0.0,0.0
2010-01-14 00:00:00+09:00,3845.0,4200.0,3840.0,4100.0,3211031,0.0,0.0
2010-01-15 00:00:00+09:00,4200.0,4715.0,4060.0,4715.0,3508959,0.0,0.0
2010-01-18 00:00:00+09:00,4865.0,5310.0,4830.0,5090.0,7271590,0.0,0.0
2010-01-19 00:00:00+09:00,5090.0,5120.0,4765.0,5030.0,5438867,0.0,0.0
2010-01-20 00:00:00+09:00,4865.0,5200.0,4310.0,4400.0,6647260,0.0,0.0
2010-01-21 00:00:00+09:00,4420.0,4770.0,4235.0,4320.0,4817278,0.0,0.0
2010-01-22 00:00:00+09:00,4220.0,4480.0,4125.0,4480.0,3138196,0.0,0.0
2010-01-25 00:00:00+09:00,4890.0,4975.0,4000.0,4100.0,5367524,0.0,0.0
2010-01-26 00:00:00+09:00,4230.0,4270.0,3775.0,3825.0,1691015,0.0,0.0
2010-01-27 00:00:00+09:00,3860.0,3925.0,3650.0,3725.0,1032206,0.0,0.0
2010-01-28 00:00:00+09:00,3755.0,3935.0,3615.0,3860.0,1261918,0.0,0.0
2010-01-29 00:00:00+09:00,3700.0,3800.0,3515.0,3525.0,731183,0.0,0.0
2010-02-01 00:00:00+09:00,3600.0,3640.0,3320.0,3610.0,643335,0.0,0.0
2010-02-02 00:00:00+09:00,3695.0,3790.0,3615.0,3615.0,657876,0.0,0.0
2010-02-03 00:00:00+09:00,3620.0,3860.0,3620.0,3800.0,859942,0.0,0.0
2010-02-04 00:00:00+09:00,3850.0,3850.0,3715.0,3780.0,519825,0.0,0.0
2010-02-05 00:00:00+09:00,3450.0,3560.0,3350.0,3520.0,549639,0.0,0.0
2010-02-08 00:00:00+09:00,3560.0,3635.0,3420.0,3430.0,456653,0.0,0.0
2010-02-09 00:00:00+09:00,3365.0,3505.0,3355.0,3420.0,428470,0.0,0.0
2010-02-10 00:00:00+09:00,3485.0,3655.0,3465.0,3510.0,627970,0.0,0.0
2010-02-11 00:00:00+09:00,3580.0,3600.0,3520.0,3525.0,287441,0.0,0.0
2010-02-12 00:00:00+09:00,3575.0,3595.0,3500.0,3595.0,315025,0.0,0.0
2010-02-16 00:00:00+09:00,3575.0,3635.0,3520.0,3560.0,341125,0.0,0.0
2010-02-17 00:00:00+09:00,3660.0,4015.0,3645.0,3810.0,1851155,0.0,0.0
2010-02-18 00:00:00+09:00,3870.0,3950.0,3770.0,3780.0,933563,0.0,0.0
2010-02-19 00:00:00+09:00,3765.0,3835.0,3585.0,3590.0,759062,0.0,0.0
2010-02-22 00:00:00+09:00,3630.0,3720.0,3630.0,3680.0,298633,0.0,0.0
2010-02-23 00:00:00+09:00,3680.0,4070.0,3665.0,3820.0,2045027,0.0,0.0
2010-02-24 00:00:00+09:00,3820.0,3960.0,3750.0,3960.0,817395,0.0,0.0
2010-02-25 00:00:00+09:00,4060.0,4065.0,3740.0,3830.0,923054,0.0,0.0
2010-02-26 00:00:00+09:00,3835.0,3985.0,3830.0,3830.0,681425,0.0,0.0
2010-03-02 00:00:00+09:00,3880.0,3880.0,3740.0,3740.0,496158,0.0,0.0
2010-03-03 00:00:00+09:00,3710.0,3800.0,3710.0,3770.0,326048,0.0,0.0
2010-03-04 00:00:00+09:00,3750.0,3795.0,3590.0,3635.0,609458,0.0,0.0
2010-03-05 00:00:00+09:00,3635.0,3710.0,3600.0,3630.0,338585,0.0,0.0
2010-03-08 00:00:00+09:00,3720.0,4075.0,3680.0,3935.0,2739780,0.0,0.0
2010-03-09 00:00:00+09:00,3930.0,4150.0,3895.0,4000.0,2346879,0.0,0.0
2010-03-10 00:00:00+09:00,3995.0,4130.0,3900.0,3900.0,1651045,0.0,0.0
2010-03-11 00:00:00+09:00,3965.0,4370.0,3960.0,4200.0,3468928,0.0,0.0
2010-03-12 00:00:00+09:00,4220.0,4310.0,4110.0,4165.0,2355370,0.0,0.0
2010-03-15 00:00:00+09:00,4505.0,4785.0,4370.0,4785.0,9440317,0.0,0.0
2010-03-16 00:00:00+09:00,4520.0,4605.0,4310.0,4350.0,5702639,0.0,0.0
2010-03-17 00:00:00+09:00,4325.0,4400.0,4130.0,4130.0,3328930,0.0,0.0
2010-03-18 00:00:00+09:00,4255.0,4375.0,4055.0,4100.0,3661677,0.0,0.0
2010-03-19 00:00:00+09:00,4150.0,4275.0,4095.0,4200.0,1578201,0.0,0.0
2010-03-22 00:00:00+09:00,4250.0,4355.0,4155.0,4300.0,1805147,0.0,0.0
2010-03-23 00:00:00+09:00,4285.0,4345.0,4200.0,4330.0,1446922,0.0,0.0
2010-03-24 00:00:00+09:00,4330.0,4335.0,3750.0,3950.0,1761922,0.0,0.0
2010-03-25 00:00:00+09:00,3930.0,4125.0,3795.0,4060.0,983017,0.0,0.0
2010-03-26 00:00:00+09:00,4150.0,4220.0,3990.0,3990.0,1144082,0.0,0.0
2010-03-29 00:00:00+09:00,3900.0,4045.0,3895.0,3900.0,610668,0.0,0.0
2010-03-30 00:00:00+09:00,3905.0,3970.0,3770.0,3840.0,674113,0.0,0.0
2010-03-31 00:00:00+09:00,3820.0,3865.0,3605.0,3650.0,969208,0.0,0.0
2010-04-01 00:00:00+09:00,3680.0,3880.0,3660.0,3780.0,748103,0.0,0.0
2010-04-02 00:00:00+09:00,3800.0,3800.0,3675.0,3675.0,352369,0.0,0.0
2010-04-05 00:00:00+09:00,3675.0,3695.0,3175.0,3505.0,918687,0.0,0.0
2010-04-06 00:00:00+09:00,3505.0,3540.0,3415.0,3440.0,359493,0.0,0.0
2010-04-07 00:00:00+09:00,3450.0,3740.0,3450.0,3600.0,614148,0.0,0.0
2010-04-08 00:00:00+09:00,3645.0,3645.0,3525.0,3535.0,216154,0.0,0.0
2010-04-09 00:00:00+09:00,3540.0,3590.0,3485.0,3555.0,293715,0.0,0.0
2010-04-12 00:00:00+09:00,3540.0,3560.0,3455.0,3465.0,273792,0.0,0.0
2010-04-13 00:00:00+09:00,3500.0,3515.0,3415.0,3465.0,204920,0.0,0.0
2010-04-14 00:00:00+09:00,3555.0,3665.0,3530.0,3590.0,908687,0.0,0.0
2010-04-15 00:00:00+09:00,3665.0,3665.0,3465.0,3475.0,485555,0.0,0.0
2010-04-16 00:00:00+09:00,3500.0,3530.0,3430.0,3430.0,278007,0.0,0.0
2010-04-19 00:00:00+09:00,3400.0,3400.0,3210.0,3290.0,407933,0.0,0.0
2010-04-20 00:00:00+09:00,3350.0,3465.0,3310.0,3345.0,401946,0.0,0.0
2010-04-21 00:00:00+09:00,3345.0,3425.0,3335.0,3395.0,299887,0.0,0.0
2010-04-22 00:00:00+09:00,3370.0,3445.0,3360.0,3395.0,312623,0.0,0.0
2010-04-23 00:00:00+09:00,3415.0,3500.0,3365.0,3460.0,300520,0.0,0.0
2010-04-26 00:00:00+09:00,3500.0,3660.0,3450.0,3540.0,719228,0.0,0.0
2010-04-27 00:00:00+09:00,3475.0,3590.0,3475.0,3475.0,273459,0.0,0.0
2010-04-28 00:00:00+09:00,3415.0,3425.0,3340.0,3400.0,326728,0.0,0.0
2010-04-29 00:00:00+09:00,3385.0,3495.0,3385.0,3400.0,315465,0.0,0.0
2010-04-30 00:00:00+09:00,3425.0,3515.0,3390.0,3390.0,345375,0.0,0.0
2010-05-03 00:00:00+09:00,3355.0,3440.0,3355.0,3430.0,226257,0.0,0.0
2010-05-04 00:00:00+09:00,3560.0,3635.0,3400.0,3400.0,530411,0.0,0.0
2010-05-06 00:00:00+09:00,3350.0,3350.0,3000.0,3245.0,352424,0.0,0.0
2010-05-07 00:00:00+09:00,3030.0,3180.0,2920.0,3180.0,497031,0.0,0.0
2010-05-10 00:00:00+09:00,3180.0,3320.0,3180.0,3275.0,461925,0.0,0.0
2010-05-11 00:00:00+09:00,3340.0,3415.0,3240.0,3240.0,437706,0.0,0.0
2010-05-12 00:00:00+09:00,3245.0,3340.0,3215.0,3225.0,328770,0.0,0.0
2010-05-13 00:00:00+09:00,3260.0,3275.0,3225.0,3225.0,214783,0.0,0.0
2010-05-14 00:00:00+09:00,3190.0,3265.0,3160.0,3220.0,273490,0.0,0.0
2010-05-17 00:00:00+09:00,3150.0,3250.0,2900.0,3055.0,279199,0.0,0.0
2010-05-18 00:00:00+09:00,3075.0,3130.0,2825.0,2915.0,349913,0.0,0.0
2010-05-19 00:00:00+09:00,2875.0,2905.0,2700.0,2785.0,410622,0.0,0.0
2010-05-20 00:00:00+09:00,2880.0,3150.0,2410.0,2700.0,1409317,0.0,0.0
2010-05-24 00:00:00+09:00,2715.0,3080.0,2650.0,2750.0,1111327,0.0,0.0
2010-05-25 00:00:00+09:00,2710.0,2780.0,2415.0,2485.0,518008,0.0,0.0
2010-05-26 00:00:00+09:00,2560.0,2580.0,2440.0,2530.0,381744,0.0,0.0
2010-05-27 00:00:00+09:00,2535.0,2650.0,2480.0,2620.0,240814,0.0,0.0
2010-05-28 00:00:00+09:00,2705.0,2750.0,2655.0,2700.0,234724,0.0,0.0
2010-05-31 00:00:00+09:00,2740.0,2875.0,2740.0,2805.0,260367,0.0,0.0
2010-06-01 00:00:00+09:00,2890.0,2890.0,2770.0,2830.0,174717,0.0,0.0
2010-06-03 00:00:00+09:00,2850.0,2990.0,2850.0,2935.0,375544,0.0,0.0
2010-06-04 00:00:00+09:00,2980.0,3085.0,2920.0,2920.0,377011,0.0,0.0
2010-06-07 00:00:00+09:00,2750.0,3150.0,2700.0,2920.0,756768,0.0,0.0
2010-06-08 00:00:00+09:00,2910.0,2990.0,2850.0,2860.0,321641,0.0,0.0
2010-06-09 00:00:00+09:00,2885.0,2950.0,2715.0,2760.0,233160,0.0,0.0
2010-06-10 00:00:00+09:00,2815.0,2840.0,2720.0,2760.0,320347,0.0,0.0
2010-06-11 00:00:00+09:00,2800.0,2820.0,2735.0,2735.0,256383,0.0,0.0
2010-06-14 00:00:00+09:00,2775.0,2835.0,2745.0,2780.0,102247,0.0,0.0
2010-06-15 00:00:00+09:00,2800.0,3140.0,2740.0,2950.0,1098075,0.0,0.0
2010-06-16 00:00:00+09:00,3040.0,3040.0,2885.0,2900.0,242092,0.0,0.0
2010-06-17 00:00:00+09:00,2905.0,2960.0,2865.0,2900.0,189470,0.0,0.0
2010-06-18 00:00:00+09:00,2900.0,2935.0,2840.0,2855.0,122361,0.0,0.0
2010-06-21 00:00:00+09:00,2855.0,2890.0,2800.0,2840.0,200920,0.0,0.0
2010-06-22 00:00:00+09:00,2840.0,3040.0,2835.0,2920.0,918292,0.0,0.0
2010-06-23 00:00:00+09:00,2900.0,2980.0,2850.0,2895.0,196354,0.0,0.0
2010-06-24 00:00:00+09:00,2860.0,2940.0,2805.0,2820.0,633011,0.0,0.0
2010-06-25 00:00:00+09:00,2760.0,2865.0,2760.0,2785.0,155490,0.0,0.0
2010-06-28 00:00:00+09:00,2785.0,2860.0,2750.0,2755.0,146874,0.0,0.0
2010-06-29 00:00:00+09:00,2740.0,2770.0,2625.0,2675.0,298543,0.0,0.0
2010-06-30 00:00:00+09:00,2605.0,2670.0,2560.0,2600.0,219798,0.0,0.0
2010-07-01 00:00:00+09:00,2550.0,2630.0,2475.0,2515.0,370150,0.0,0.0
2010-07-02 00:00:00+09:00,2495.0,2555.0,2475.0,2485.0,191347,0.0,0.0
2010-07-05 00:00:00+09:00,2515.0,2855.0,2480.0,2800.0,725536,0.0,0.0
2010-07-06 00:00:00+09:00,2760.0,2840.0,2640.0,2705.0,318775,0.0,0.0
2010-07-07 00:00:00+09:00,2700.0,2730.0,2615.0,2615.0,127540,0.0,0.0
2010-07-08 00:00:00+09:00,2695.0,2695.0,2635.0,2650.0,132918,0.0,0.0
2010-07-09 00:00:00+09:00,2635.0,2690.0,2550.0,2595.0,162095,0.0,0.0
2010-07-12 00:00:00+09:00,2570.0,2685.0,2560.0,2625.0,230667,0.0,0.0
2010-07-13 00:00:00+09:00,2625.0,2700.0,2615.0,2630.0,346350,0.0,0.0
2010-07-14 00:00:00+09:00,2680.0,2875.0,2675.0,2675.0,1371683,0.0,0.0
2010-07-15 00:00:00+09:00,2660.0,2970.0,2630.0,2800.0,1258316,0.0,0.0
2010-07-16 00:00:00+09:00,2985.0,2990.0,2750.0,2755.0,853066,0.0,0.0
2010-07-19 00:00:00+09:00,2800.0,2990.0,2770.0,2990.0,2133821,0.0,0.0
2010-07-20 00:00:00+09:00,2950.0,2980.0,2860.0,2870.0,898808,0.0,0.0
2010-07-21 00:00:00+09:00,2940.0,2965.0,2775.0,2910.0,762059,0.0,0.0
2010-07-22 00:00:00+09:00,2990.0,3225.0,2965.0,3005.0,3842527,0.0,0.0
2010-07-23 00:00:00+09:00,3070.0,3070.0,2920.0,2960.0,692838,0.0,0.0
2010-07-26 00:00:00+09:00,3000.0,3025.0,2900.0,2915.0,614316,0.0,0.0
2010-07-27 00:00:00+09:00,2975.0,2980.0,2800.0,2800.0,705299,0.0,0.0
2010-07-28 00:00:00+09:00,2840.0,2940.0,2810.0,2840.0,1136178,0.0,0.0
2010-07-29 00:00:00+09:00,2870.0,2870.0,2710.0,2725.0,461899,0.0,0.0
2010-07-30 00:00:00+09:00,2730.0,2765.0,2620.0,2670.0,305219,0.0,0.0
2010-08-02 00:00:00+09:00,2660.0,2870.0,2660.0,2730.0,633701,0.0,0.0
2010-08-03 00:00:00+09:00,2750.0,2775.0,2675.0,2685.0,190746,0.0,0.0
2010-08-04 00:00:00+09:00,2710.0,2775.0,2645.0,2735.0,346495,0.0,0.0
2010-08-05 00:00:00+09:00,2695.0,2770.0,2685.0,2690.0,246207,0.0,0.0
2010-08-06 00:00:00+09:00,2690.0,2715.0,2610.0,2630.0,230224,0.0,0.0
2010-08-09 00:00:00+09:00,2640.0,2695.0,2630.0,2635.0,170285,0.0,0.0
2010-08-10 00:00:00+09:00,2660.0,2730.0,2630.0,2700.0,214551,0.0,0.0
2010-08-11 00:00:00+09:00,2740.0,2765.0,2610.0,2630.0,315549,0.0,0.0
2010-08-12 00:00:00+09:00,2520.0,2640.0,2520.0,2585.0,124830,0.0,0.0
2010-08-13 00:00:00+09:00,2620.0,2635.0,2560.0,2600.0,104583,0.0,0.0
2010-08-16 00:00:00+09:00,2600.0,2655.0,2550.0,2620.0,122148,0.0,0.0
2010-08-17 00:00:00+09:00,2670.0,2860.0,2660.0,2685.0,1279218,0.0,0.0
2010-08-18 00:00:00+09:00,2705.0,2740.0,2650.0,2665.0,188627,0.0,0.0
2010-08-19 00:00:00+09:00,2800.0,3000.0,2700.0,2850.0,2216833,0.0,0.0
2010-08-20 00:00:00+09:00,2825.0,3065.0,2785.0,3040.0,1676834,0.0,0.0
2010-08-23 00:00:00+09:00,3115.0,3270.0,3025.0,3135.0,2198625,0.0,0.0
2010-08-24 00:00:00+09:00,3200.0,3220.0,3050.0,3130.0,1073027,0.0,0.0
2010-08-25 00:00:00+09:00,3100.0,3210.0,3050.0,3180.0,754046,0.0,0.0
2010-08-26 00:00:00+09:00,3215.0,3290.0,2950.0,3150.0,1114557,0.0,0.0
2010-08-27 00:00:00+09:00,3240.0,3620.0,3225.0,3620.0,6429302,0.0,0.0
2010-08-30 00:00:00+09:00,3780.0,3930.0,3605.0,3730.0,6328443,0.0,0.0
2010-08-31 00:00:00+09:00,3770.0,3815.0,3630.0,3805.0,4801081,0.0,0.0
2010-09-01 00:00:00+09:00,3835.0,3855.0,3640.0,3665.0,2821455,0.0,0.0
2010-09-02 00:00:00+09:00,3570.0,3620.0,3440.0,3515.0,3112042,0.0,0.0
2010-09-03 00:00:00+09:00,3535.0,3570.0,3310.0,3320.0,2533297,0.0,0.0
2010-09-06 00:00:00+09:00,3395.0,3495.0,3370.0,3400.0,1613016,0.0,0.0
2010-09-07 00:00:00+09:00,3375.0,3520.0,3280.0,3450.0,2479018,0.0,0.0
2010-09-08 00:00:00+09:00,3450.0,3485.0,3325.0,3390.0,1020882,0.0,0.0
2010-09-09 00:00:00+09:00,3400.0,3520.0,3350.0,3480.0,1380490,0.0,0.0
2010-09-10 00:00:00+09:00,3460.0,3725.0,3430.0,3685.0,4094169,0.0,0.0
2010-09-13 00:00:00+09:00,3765.0,3970.0,3600.0,3840.0,4925062,0.0,0.0
2010-09-14 00:00:00+09:00,3980.0,3980.0,3620.0,3620.0,2607065,0.0,0.0
2010-09-15 00:00:00+09:00,3605.0,3610.0,3440.0,3465.0,1366519,0.0,0.0
2010-09-16 00:00:00+09:00,3600.0,3760.0,3525.0,3545.0,2383658,0.0,0.0
2010-09-17 00:00:00+09:00,3545.0,3665.0,3450.0,3490.0,1084128,0.0,0.0
2010-09-20 00:00:00+09:00,3495.0,3510.0,3065.0,3110.0,3083028,0.0,0.0
2010-09-24 00:00:00+09:00,3140.0,3180.0,3130.0,3160.0,591679,0.0,0.0
2010-09-27 00:00:00+09:00,3225.0,3240.0,3145.0,3175.0,573483,0.0,0.0
2010-09-28 00:00:00+09:00,3115.0,3150.0,3015.0,3150.0,759053,0.0,0.0
2010-09-29 00:00:00+09:00,3160.0,3215.0,3105.0,3160.0,547046,0.0,0.0
2010-09-30 00:00:00+09:00,3180.0,3290.0,3170.0,3220.0,876169,0.0,0.0
2010-10-01 00:00:00+09:00,3260.0,3260.0,3180.0,3200.0,359507,0.0,0.0
2010-10-04 00:00:00+09:00,3200.0,3270.0,3115.0,3115.0,404947,0.0,0.0
2010-10-05 00:00:00+09:00,3125.0,3150.0,3010.0,3095.0,436257,0.0,0.0
2010-10-06 00:00:00+09:00,3140.0,3290.0,3090.0,3220.0,904787,0.0,0.0
2010-10-07 00:00:00+09:00,3240.0,3565.0,3205.0,3490.0,3295933,0.0,0.0
2010-10-08 00:00:00+09:00,3485.0,3560.0,3375.0,3500.0,1226220,0.0,0.0
2010-10-11 00:00:00+09:00,3550.0,3650.0,3455.0,3470.0,1130586,0.0,0.0
2010-10-12 00:00:00+09:00,3470.0,3605.0,3415.0,3530.0,1327433,0.0,0.0
2010-10-13 00:00:00+09:00,3580.0,3645.0,3455.0,3620.0,1354108,0.0,0.0
2010-10-14 00:00:00+09:00,3635.0,3730.0,3575.0,3600.0,1077984,0.0,0.0
2010-10-15 00:00:00+09:00,3600.0,3735.0,3585.0,3650.0,930087,0.0,0.0
2010-10-18 00:00:00+09:00,3695.0,3705.0,3545.0,3595.0,984471,0.0,0.0
2010-10-19 00:00:00+09:00,3620.0,3630.0,3455.0,3600.0,1126910,0.0,0.0
2010-10-20 00:00:00+09:00,3570.0,3810.0,3550.0,3700.0,1596981,0.0,0.0
2010-10-21 00:00:00+09:00,3700.0,3780.0,3515.0,3515.0,895469,0.0,0.0
2010-10-22 00:00:00+09:00,3550.0,3825.0,3440.0,3700.0,1614258,0.0,0.0
2010-10-25 00:00:00+09:00,3870.0,3930.0,3770.0,3820.0,2446655,0.0,0.0
2010-10-26 00:00:00+09:00,3860.0,3995.0,3740.0,3970.0,1732663,0.0,0.0
2010-10-27 00:00:00+09:00,3960.0,3965.0,3800.0,3800.0,913349,0.0,0.0
2010-10-28 00:00:00+09:00,3800.0,3895.0,3680.0,3785.0,693448,0.0,0.0
2010-10-29 00:00:00+09:00,3785.0,3800.0,3615.0,3750.0,774130,0.0,0.0
2010-11-01 00:00:00+09:00,3760.0,4060.0,3630.0,4000.0,2242558,0.0,0.0
2010-11-02 00:00:00+09:00,3650.0,3790.0,3400.0,3400.0,4541747,0.0,0.0
2010-11-03 00:00:00+09:00,3340.0,3390.0,3125.0,3215.0,2423858,0.0,0.0
2010-11-04 00:00:00+09:00,3215.0,3300.0,3170.0,3245.0,1071665,0.0,0.0
2010-11-05 00:00:00+09:00,3245.0,3275.0,3015.0,3045.0,1595921,0.0,0.0
2010-11-08 00:00:00+09:00,3055.0,3145.0,3035.0,3080.0,881708,0.0,0.0
2010-11-09 00:00:00+09:00,3080.0,3110.0,2870.0,2880.0,1280110,0.0,0.0
2010-11-10 00:00:00+09:00,2865.0,3055.0,2855.0,3010.0,1166870,0.0,0.0
2010-11-11 00:00:00+09:00,3010.0,3030.0,2915.0,2915.0,608371,0.0,0.0
2010-11-12 00:00:00+09:00,2910.0,2995.0,2490.0,2790.0,921836,0.0,0.0
2010-11-15 00:00:00+09:00,2750.0,2810.0,2630.0,2670.0,422982,0.0,0.0
2010-11-16 00:00:00+09:00,2670.0,2780.0,2600.0,2640.0,329183,0.0,0.0
2010-11-17 00:00:00+09:00,2625.0,2735.0,2525.0,2710.0,329418,0.0,0.0
2010-11-18 00:00:00+09:00,2720.0,2855.0,2715.0,2780.0,317247,0.0,0.0
2010-11-19 00:00:00+09:00,2830.0,3035.0,2780.0,2890.0,1840267,0.0,0.0
2010-11-22 00:00:00+09:00,2890.0,2925.0,2805.0,2845.0,331916,0.0,0.0
2010-11-23 00:00:00+09:00,2845.0,2865.0,2745.0,2745.0,328876,0.0,0.0
2010-11-24 00:00:00+09:00,2450.0,2650.0,2450.0,2640.0,521423,0.0,0.0
2010-11-25 00:00:00+09:00,2670.0,2705.0,2630.0,2630.0,272032,0.0,0.0
2010-11-26 00:00:00+09:00,2650.0,2660.0,2515.0,2520.0,397319,0.0,0.0
2010-11-29 00:00:00+09:00,2530.0,2645.0,2525.0,2550.0,292115,0.0,0.0
2010-11-30 00:00:00+09:00,2550.0,2625.0,2540.0,2595.0,185108,0.0,0.0
2010-12-01 00:00:00+09:00,2620.0,2760.0,2590.0,2690.0,485611,0.0,0.0
2010-12-02 00:00:00+09:00,2680.0,2700.0,2640.0,2650.0,278227,0.0,0.0
2010-12-03 00:00:00+09:00,2705.0,2705.0,2615.0,2615.0,164816,0.0,0.0
2010-12-06 00:00:00+09:00,2615.0,2650.0,2590.0,2595.0,158425,0.0,0.0
2010-12-07 00:00:00+09:00,2600.0,2680.0,2600.0,2630.0,205254,0.0,0.0
2010-12-08 00:00:00+09:00,2695.0,2805.0,2645.0,2645.0,821669,0.0,0.0
2010-12-09 00:00:00+09:00,2675.0,2735.0,2655.0,2730.0,264124,0.0,0.0
2010-12-10 00:00:00+09:00,2730.0,2745.0,2675.0,2700.0,252502,0.0,0.0
2010-12-13 00:00:00+09:00,2700.0,2785.0,2680.0,2720.0,245178,0.0,0.0
2010-12-14 00:00:00+09:00,2760.0,2880.0,2735.0,2805.0,677816,0.0,0.0
2010-12-15 00:00:00+09:00,2805.0,2850.0,2735.0,2755.0,243360,0.0,0.0
2010-12-16 00:00:00+09:00,2755.0,2755.0,2660.0,2660.0,241558,0.0,0.0
2010-12-17 00:00:00+09:00,2660.0,2775.0,2645.0,2740.0,409361,0.0,0.0
2010-12-20 00:00:00+09:00,2635.0,2660.0,2540.0,2600.0,480590,0.0,0.0
2010-12-21 00:00:00+09:00,2660.0,2820.0,2635.0,2635.0,626331,0.0,0.0
2010-12-22 00:00:00+09:00,2650.0,2915.0,2645.0,2710.0,1649776,0.0,0.0
2010-12-23 00:00:00+09:00,2750.0,2775.0,2705.0,2720.0,258874,0.0,0.0
2010-12-24 00:00:00+09:00,2730.0,2750.0,2670.0,2700.0,201338,0.0,0.0
2010-12-27 00:00:00+09:00,2650.0,2715.0,2630.0,2630.0,193543,0.0,0.0
2010-12-28 00:00:00+09:00,2625.0,2685.0,2555.0,2555.0,300298,0.0,0.0
2010-12-29 00:00:00+09:00,2555.0,2730.0,2555.0,2635.0,359850,0.0,0.0
2010-12-30 00:00:00+09:00,2675.0,2725.0,2635.0,2690.0,234513,0.0,0.0
2011-01-03 00:00:00+09:00,2700.0,2775.0,2675.0,2695.0,226661,0.0,0.0
2011-01-04 00:00:00+09:00,2680.0,2740.0,2665.0,2740.0,283195,0.0,0.0
2011-01-05 00:00:00+09:00,2740.0,2760.0,2710.0,2720.0,272094,0.0,0.0
2011-01-06 00:00:00+09:00,2725.0,2735.0,2625.0,2635.0,404324,0.0,0.0
2011-01-07 00:00:00+09:00,2655.0,2690.0,2635.0,2665.0,237206,0.0,0.0
2011-01-10 00:00:00+09:00,2680.0,2715.0,2660.0,2680.0,233066,0.0,0.0
2011-01-11 00:00:00+09:00,2650.0,2710.0,2625.0,2650.0,197033,0.0,0.0
2011-01-12 00:00:00+09:00,2650.0,2950.0,2620.0,2730.0,1970941,0.0,0.0
2011-01-13 00:00:00+09:00,2800.0,2835.0,2695.0,2730.0,621356,0.0,0.0
2011-01-14 00:00:00+09:00,2750.0,2915.0,2705.0,2830.0,1769586,0.0,0.0
2011-01-17 00:00:00+09:00,2850.0,2855.0,2740.0,2740.0,460541,0.0,0.0
2011-01-18 00:00:00+09:00,2760.0,2835.0,2735.0,2835.0,426292,0.0,0.0
2011-01-19 00:00:00+09:00,2880.0,2895.0,2805.0,2805.0,626891,0.0,0.0
2011-01-20 00:00:00+09:00,2835.0,2840.0,2690.0,2700.0,622563,0.0,0.0
2011-01-21 00:00:00+09:00,2700.0,2720.0,2590.0,2610.0,530335,0.0,0.0
2011-01-24 00:00:00+09:00,2610.0,2640.0,2590.0,2610.0,245618,0.0,0.0
2011-01-25 00:00:00+09:00,2625.0,2635.0,2555.0,2600.0,367561,0.0,0.0
2011-01-26 00:00:00+09:00,2600.0,2620.0,2565.0,2580.0,207881,0.0,0.0
2011-01-27 00:00:00+09:00,2600.0,2620.0,2575.0,2575.0,185187,0.0,0.0
2011-01-28 00:00:00+09:00,2585.0,2595.0,2510.0,2510.0,309195,0.0,0.0
2011-01-31 00:00:00+09:00,2500.0,2505.0,2415.0,2430.0,273111,0.0,0.0
2011-02-01 00:00:00+09:00,2440.0,2495.0,2440.0,2470.0,147665,0.0,0.0
2011-02-07 00:00:00+09:00,2530.0,2530.0,2470.0,2530.0,170858,0.0,0.0
2011-02-08 00:00:00+09:00,2530.0,2600.0,2515.0,2600.0,207132,0.0,0.0
2011-02-09 00:00:00+09:00,2625.0,2625.0,2550.0,2600.0,283692,0.0,0.0
2011-02-10 00:00:00+09:00,2590.0,2590.0,2535.0,2535.0,278974,0.0,0.0
2011-02-11 00:00:00+09:00,2535.0,2545.0,2465.0,2470.0,208379,0.0,0.0
2011-02-14 00:00:00+09:00,2510.0,2515.0,2425.0,2435.0,140947,0.0,0.0
2011-02-15 00:00:00+09:00,2440.0,2480.0,2410.0,2460.0,145636,0.0,0.0
2011-02-16 00:00:00+09:00,2495.0,2590.0,2455.0,2540.0,234095,0.0,0.0
2011-02-17 00:00:00+09:00,2565.0,2595.0,2450.0,2485.0,274409,0.0,0.0
2011-02-18 00:00:00+09:00,2530.0,2740.0,2485.0,2630.0,1644715,0.0,0.0
2011-02-21 00:00:00+09:00,2610.0,2750.0,2575.0,2665.0,517477,0.0,0.0
2011-02-22 00:00:00+09:00,2635.0,2715.0,2565.0,2570.0,312948,0.0,0.0
2011-02-23 00:00:00+09:00,2540.0,2600.0,2455.0,2460.0,253667,0.0,0.0
2011-02-24 00:00:00+09:00,2435.0,2535.0,2435.0,2465.0,220450,0.0,0.0
2011-02-25 00:00:00+09:00,2505.0,2505.0,2430.0,2465.0,157717,0.0,0.0
2011-02-28 00:00:00+09:00,2480.0,2490.0,2125.0,2140.0,802161,0.0,0.0
2011-03-02 00:00:00+09:00,2105.0,2360.0,2080.0,2215.0,599480,0.0,0.0
2011-03-03 00:00:00+09:00,2290.0,2390.0,2190.0,2315.0,808723,0.0,0.0
2011-03-04 00:00:00+09:00,2315.0,2365.0,2265.0,2285.0,319636,0.0,0.0
2011-03-07 00:00:00+09:00,2295.0,2350.0,2285.0,2290.0,161973,0.0,0.0
2011-03-08 00:00:00+09:00,2370.0,2470.0,2275.0,2285.0,785920,0.0,0.0
2011-03-09 00:00:00+09:00,2300.0,2310.0,2195.0,2205.0,355866,0.0,0.0
2011-03-10 00:00:00+09:00,2245.0,2255.0,2190.0,2200.0,229708,0.0,0.0
2011-03-11 00:00:00+09:00,2160.0,2225.0,2130.0,2185.0,174533,0.0,0.0
2011-03-14 00:00:00+09:00,2250.0,2250.0,2055.0,2055.0,287256,0.0,0.0
2011-03-15 00:00:00+09:00,2020.0,2100.0,1820.0,1910.0,384951,0.0,0.0
2011-03-16 00:00:00+09:00,1870.0,1985.0,1830.0,1870.0,308562,0.0,0.0
2011-03-17 00:00:00+09:00,1830.0,1850.0,1795.0,1850.0,232863,0.0,0.0
2011-03-18 00:00:00+09:00,1900.0,1940.0,1870.0,1930.0,97091,0.0,0.0
2011-03-21 00:00:00+09:00,1970.0,2030.0,1935.0,2020.0,102754,0.0,0.0
2011-03-22 00:00:00+09:00,2020.0,2065.0,2020.0,2030.0,99642,0.0,0.0
2011-03-23 00:00:00+09:00,2050.0,2100.0,2030.0,2065.0,80593,0.0,0.0
2011-03-24 00:00:00+09:00,2095.0,2130.0,2055.0,2075.0,177670,0.0,0.0
2011-03-25 00:00:00+09:00,2075.0,2120.0,2050.0,2055.0,115426,0.0,0.0
2011-03-28 00:00:00+09:00,2310.0,2360.0,2250.0,2360.0,1850948,0.0,0.0
2011-03-29 00:00:00+09:00,2365.0,2430.0,2290.0,2385.0,2059815,0.0,0.0
2011-03-30 00:00:00+09:00,2385.0,2450.0,2295.0,2330.0,874901,0.0,0.0
2011-03-31 00:00:00+09:00,2330.0,2430.0,2295.0,2350.0,489856,0.0,0.0
2011-04-01 00:00:00+09:00,2355.0,2500.0,2355.0,2410.0,794586,0.0,0.0
2011-04-04 00:00:00+09:00,2420.0,2505.0,2380.0,2435.0,628138,0.0,0.0
2011-04-05 00:00:00+09:00,2450.0,2530.0,2420.0,2480.0,771023,0.0,0.0
2011-04-06 00:00:00+09:00,2500.0,2520.0,2435.0,2495.0,410267,0.0,0.0
2011-04-07 00:00:00+09:00,2820.0,2865.0,2455.0,2505.0,2350652,0.0,0.0
2011-04-08 00:00:00+09:00,2520.0,2545.0,2465.0,2480.0,417620,0.0,0.0
2011-04-11 00:00:00+09:00,2530.0,2615.0,2510.0,2530.0,477773,0.0,0.0
2011-04-12 00:00:00+09:00,2560.0,2600.0,2450.0,2500.0,238602,0.0,0.0
2011-04-13 00:00:00+09:00,2500.0,2515.0,2405.0,2480.0,204322,0.0,0.0
2011-04-14 00:00:00+09:00,2480.0,2540.0,2415.0,2440.0,193617,0.0,0.0
2011-04-15 00:00:00+09:00,2500.0,2595.0,2450.0,2595.0,432189,0.0,0.0
2011-04-18 00:00:00+09:00,2600.0,2615.0,2520.0,2565.0,416655,0.0,0.0
2011-04-19 00:00:00+09:00,2445.0,2550.0,2440.0,2475.0,315152,0.0,0.0
2011-04-20 00:00:00+09:00,2530.0,2595.0,2465.0,2540.0,401237,0.0,0.0
2011-04-21 00:00:00+09:00,2575.0,2615.0,2450.0,2450.0,807227,0.0,0.0
2011-04-22 00:00:00+09:00,2460.0,2480.0,2275.0,2300.0,437175,0.0,0.0
2011-04-25 00:00:00+09:00,2250.0,2340.0,2205.0,2305.0,280693,0.0,0.0
2011-04-26 00:00:00+09:00,2350.0,2350.0,2260.0,2320.0,150363,0.0,0.0
2011-04-27 00:00:00+09:00,2340.0,2340.0,2270.0,2315.0,214492,0.0,0.0
2011-04-28 00:00:00+09:00,2325.0,2445.0,2300.0,2305.0,147452,0.0,0.0
2011-04-29 00:00:00+09:00,2300.0,2300.0,2195.0,2250.0,286750,0.0,0.0
2011-05-02 00:00:00+09:00,2325.0,2385.0,2135.0,2135.0,522928,0.0,0.0
2011-05-03 00:00:00+09:00,2105.0,2155.0,2090.0,2135.0,165245,0.0,0.0
2011-05-04 00:00:00+09:00,2110.0,2190.0,2100.0,2110.0,184557,0.0,0.0
2011-05-06 00:00:00+09:00,2110.0,2110.0,1995.0,2020.0,202901,0.0,0.0
2011-05-09 00:00:00+09:00,2030.0,2165.0,1985.0,2050.0,354971,0.0,0.0
2011-05-11 00:00:00+09:00,2070.0,2100.0,2010.0,2015.0,233303,0.0,0.0
2011-05-12 00:00:00+09:00,2010.0,2070.0,1985.0,2015.0,153200,0.0,0.0
2011-05-13 00:00:00+09:00,2000.0,2100.0,1990.0,2085.0,203205,0.0,0.0
2011-05-16 00:00:00+09:00,2080.0,2115.0,2025.0,2100.0,212537,0.0,0.0
2011-05-17 00:00:00+09:00,2080.0,2160.0,2055.0,2140.0,251846,0.0,0.0
2011-05-18 00:00:00+09:00,2140.0,2195.0,2090.0,2090.0,312975,0.0,0.0
2011-05-19 00:00:00+09:00,2090.0,2110.0,1990.0,2005.0,194119,0.0,0.0
2011-05-20 00:00:00+09:00,1980.0,2035.0,1930.0,1930.0,222033,0.0,0.0
2011-05-23 00:00:00+09:00,1910.0,1950.0,1795.0,1800.0,268644,0.0,0.0
2011-05-24 00:00:00+09:00,1800.0,1860.0,1800.0,1840.0,105001,0.0,0.0
2011-05-25 00:00:00+09:00,1825.0,1870.0,1795.0,1820.0,105685,0.0,0.0
2011-05-26 00:00:00+09:00,1820.0,1845.0,1800.0,1835.0,159387,0.0,0.0
2011-05-27 00:00:00+09:00,1850.0,1870.0,1815.0,1855.0,113945,0.0,0.0
2011-05-30 00:00:00+09:00,1880.0,1880.0,1815.0,1820.0,91405,0.0,0.0
2011-05-31 00:00:00+09:00,1820.0,1830.0,1800.0,1820.0,111746,0.0,0.0
2011-06-01 00:00:00+09:00,1810.0,1845.0,1805.0,1810.0,73341,0.0,0.0
2011-06-02 00:00:00+09:00,1800.0,1800.0,1750.0,1770.0,136550,0.0,0.0
2011-06-03 00:00:00+09:00,1745.0,1780.0,1695.0,1700.0,137581,0.0,0.0
2011-06-07 00:00:00+09:00,1660.0,1695.0,1570.0,1590.0,209734,0.0,0.0
2011-06-08 00:00:00+09:00,1595.0,1650.0,1585.0,1590.0,124470,0.0,0.0
2011-06-09 00:00:00+09:00,1575.0,1630.0,1575.0,1580.0,73278,0.0,0.0
2011-06-10 00:00:00+09:00,1610.0,1640.0,1575.0,1635.0,103422,0.0,0.0
2011-06-13 00:00:00+09:00,1610.0,1700.0,1610.0,1655.0,132636,0.0,0.0
2011-06-14 00:00:00+09:00,1655.0,1730.0,1645.0,1680.0,161162,0.0,0.0
2011-06-15 00:00:00+09:00,1690.0,1695.0,1590.0,1630.0,237709,0.0,0.0
2011-06-16 00:00:00+09:00,1750.0,1785.0,1620.0,1620.0,353692,0.0,0.0
2011-06-17 00:00:00+09:00,1635.0,1635.0,1550.0,1565.0,111945,0.0,0.0
2011-06-20 00:00:00+09:00,1580.0,1580.0,1480.0,1485.0,155574,0.0,0.0
2011-06-21 00:00:00+09:00,1485.0,1515.0,1485.0,1505.0,117099,0.0,0.0
2011-06-22 00:00:00+09:00,1525.0,1530.0,1500.0,1525.0,87901,0.0,0.0
2011-06-23 00:00:00+09:00,1565.0,1680.0,1560.0,1590.0,485008,0.0,0.0
2011-06-24 00:00:00+09:00,1600.0,1600.0,1550.0,1575.0,140556,0.0,0.0
2011-06-27 00:00:00+09:00,1590.0,1620.0,1555.0,1575.0,112324,0.0,0.0
2011-06-28 00:00:00+09:00,1580.0,1670.0,1580.0,1640.0,301468,0.0,0.0
2011-06-29 00:00:00+09:00,1660.0,1730.0,1560.0,1660.0,393433,0.0,0.0
2011-06-30 00:00:00+09:00,1675.0,1705.0,1645.0,1680.0,143784,0.0,0.0
2011-07-01 00:00:00+09:00,1660.0,1715.0,1660.0,1660.0,154444,0.0,0.0
2011-07-04 00:00:00+09:00,1660.0,1715.0,1660.0,1685.0,144611,0.0,0.0
2011-07-05 00:00:00+09:00,1685.0,1730.0,1685.0,1700.0,101890,0.0,0.0
2011-07-06 00:00:00+09:00,1700.0,1705.0,1665.0,1670.0,95533,0.0,0.0
2011-07-07 00:00:00+09:00,1680.0,1700.0,1650.0,1650.0,90354,0.0,0.0
2011-07-08 00:00:00+09:00,1665.0,1670.0,1615.0,1645.0,127813,0.0,0.0
2011-07-11 00:00:00+09:00,1645.0,1780.0,1630.0,1770.0,344757,0.0,0.0
2011-07-12 00:00:00+09:00,1745.0,1770.0,1690.0,1710.0,170088,0.0,0.0
2011-07-13 00:00:00+09:00,1840.0,1965.0,1800.0,1965.0,601281,0.0,0.0
2011-07-14 00:00:00+09:00,2145.0,2150.0,1945.0,1980.0,2749429,0.0,0.0
2011-07-15 00:00:00+09:00,2005.0,2090.0,1965.0,2000.0,1146164,0.0,0.0
2011-07-18 00:00:00+09:00,2040.0,2080.0,1965.0,1990.0,782478,0.0,0.0
2011-07-19 00:00:00+09:00,1970.0,2080.0,1965.0,2080.0,547249,0.0,0.0
2011-07-20 00:00:00+09:00,2130.0,2130.0,1985.0,1985.0,545115,0.0,0.0
2011-07-21 00:00:00+09:00,2010.0,2015.0,1910.0,1930.0,315051,0.0,0.0
2011-07-22 00:00:00+09:00,1935.0,2080.0,1925.0,1985.0,906299,0.0,0.0
2011-07-25 00:00:00+09:00,2000.0,2045.0,1855.0,1865.0,578157,0.0,0.0
2011-07-26 00:00:00+09:00,1885.0,1945.0,1850.0,1890.0,216082,0.0,0.0
2011-07-27 00:00:00+09:00,1880.0,1920.0,1865.0,1890.0,174448,0.0,0.0
2011-07-28 00:00:00+09:00,1855.0,1930.0,1850.0,1885.0,208738,0.0,0.0
2011-07-29 00:00:00+09:00,1890.0,1930.0,1875.0,1895.0,200242,0.0,0.0
2011-08-01 00:00:00+09:00,1905.0,1935.0,1890.0,1915.0,191474,0.0,0.0
2011-08-02 00:00:00+09:00,1915.0,1915.0,1825.0,1870.0,223243,0.0,0.0
2011-08-03 00:00:00+09:00,1820.0,1835.0,1770.0,1780.0,279458,0.0,0.0
2011-08-04 00:00:00+09:00,1780.0,1860.0,1740.0,1740.0,101442,0.0,0.0
2011-08-05 00:00:00+09:00,1575.0,1615.0,1530.0,1610.0,267976,0.0,0.0
2011-08-08 00:00:00+09:00,1530.0,1600.0,1370.0,1385.0,327382,0.0,0.0
2011-08-09 00:00:00+09:00,1215.0,1295.0,1180.0,1190.0,637062,0.0,0.0
2011-08-10 00:00:00+09:00,1215.0,1280.0,1200.0,1250.0,633844,0.0,0.0
2011-08-11 00:00:00+09:00,1135.0,1315.0,1135.0,1315.0,272857,0.0,0.0
2011-08-12 00:00:00+09:00,1370.0,1390.0,1300.0,1330.0,207920,0.0,0.0
2011-08-16 00:00:00+09:00,1385.0,1490.0,1380.0,1405.0,211906,0.0,0.0
2011-08-17 00:00:00+09:00,1400.0,1435.0,1360.0,1410.0,166027,0.0,0.0
2011-08-18 00:00:00+09:00,1450.0,1480.0,1380.0,1410.0,268518,0.0,0.0
2011-08-19 00:00:00+09:00,1350.0,1350.0,1265.0,1270.0,206984,0.0,0.0
2011-08-22 00:00:00+09:00,1235.0,1315.0,1235.0,1295.0,161237,0.0,0.0
2011-08-23 00:00:00+09:00,1300.0,1330.0,1290.0,1310.0,167880,0.0,0.0
2011-08-24 00:00:00+09:00,1335.0,1375.0,1300.0,1315.0,158606,0.0,0.0
2011-08-25 00:00:00+09:00,1330.0,1365.0,1320.0,1350.0,107120,0.0,0.0
2011-08-26 00:00:00+09:00,1370.0,1410.0,1340.0,1385.0,131890,0.0,0.0
2011-08-29 00:00:00+09:00,1410.0,1460.0,1385.0,1435.0,111709,0.0,0.0
2011-08-30 00:00:00+09:00,1475.0,1485.0,1410.0,1410.0,120193,0.0,0.0
2011-08-31 00:00:00+09:00,1425.0,1455.0,1415.0,1430.0,94186,0.0,0.0
2011-09-01 00:00:00+09:00,1430.0,1470.0,1425.0,1425.0,114902,0.0,0.0
2011-09-02 00:00:00+09:00,1425.0,1455.0,1420.0,1440.0,53518,0.0,0.0
2011-09-05 00:00:00+09:00,1405.0,1435.0,1355.0,1435.0,98821,0.0,0.0
2011-09-06 00:00:00+09:00,1355.0,1390.0,1305.0,1335.0,109960,0.0,0.0
2011-09-07 00:00:00+09:00,1340.0,1435.0,1340.0,1435.0,150385,0.0,0.0
2011-09-08 00:00:00+09:00,1580.0,1580.0,1420.0,1420.0,327113,0.0,0.0
2011-09-09 00:00:00+09:00,1385.0,1420.0,1360.0,1420.0,94410,0.0,0.0
2011-09-14 00:00:00+09:00,1425.0,1460.0,1390.0,1430.0,180053,0.0,0.0
2011-09-15 00:00:00+09:00,1470.0,1540.0,1435.0,1505.0,269588,0.0,0.0
2011-09-16 00:00:00+09:00,1650.0,1730.0,1445.0,1445.0,3617218,0.0,0.0
2011-09-19 00:00:00+09:00,1460.0,1470.0,1395.0,1395.0,497908,0.0,0.0
2011-09-20 00:00:00+09:00,1370.0,1390.0,1335.0,1380.0,210529,0.0,0.0
2011-09-21 00:00:00+09:00,1370.0,1400.0,1370.0,1380.0,145693,0.0,0.0
2011-09-22 00:00:00+09:00,1335.0,1375.0,1330.0,1340.0,118701,0.0,0.0
2011-09-23 00:00:00+09:00,1270.0,1300.0,1215.0,1225.0,234197,0.0,0.0
2011-09-26 00:00:00+09:00,1230.0,1265.0,1045.0,1095.0,386600,0.0,0.0
2011-09-27 00:00:00+09:00,1090.0,1180.0,1090.0,1155.0,146177,0.0,0.0
2011-09-28 00:00:00+09:00,1160.0,1225.0,1145.0,1150.0,90077,0.0,0.0
2011-09-29 00:00:00+09:00,1145.0,1160.0,1050.0,1115.0,281449,0.0,0.0
2011-09-30 00:00:00+09:00,1120.0,1185.0,1120.0,1155.0,132634,0.0,0.0
2011-10-04 00:00:00+09:00,1060.0,1115.0,1055.0,1070.0,164416,0.0,0.0
2011-10-05 00:00:00+09:00,1090.0,1090.0,1020.0,1040.0,116297,0.0,0.0
2011-10-06 00:00:00+09:00,1090.0,1115.0,1070.0,1080.0,100007,0.0,0.0
2011-10-07 00:00:00+09:00,1120.0,1130.0,1085.0,1115.0,153463,0.0,0.0
2011-10-10 00:00:00+09:00,1105.0,1145.0,1105.0,1120.0,128600,0.0,0.0
2011-10-11 00:00:00+09:00,1155.0,1170.0,1125.0,1170.0,171343,0.0,0.0
2011-10-12 00:00:00+09:00,1230.0,1340.0,1190.0,1280.0,1302666,0.0,0.0
2011-10-13 00:00:00+09:00,1300.0,1345.0,1265.0,1310.0,484635,0.0,0.0
2011-10-14 00:00:00+09:00,1345.0,1345.0,1260.0,1300.0,221902,0.0,0.0
2011-10-17 00:00:00+09:00,1305.0,1335.0,1280.0,1325.0,130950,0.0,0.0
2011-10-18 00:00:00+09:00,1280.0,1305.0,1235.0,1265.0,161164,0.0,0.0
2011-10-19 00:00:00+09:00,1280.0,1350.0,1255.0,1255.0,269556,0.0,0.0
2011-10-20 00:00:00+09:00,1300.0,1320.0,1215.0,1235.0,224277,0.0,0.0
2011-10-21 00:00:00+09:00,1255.0,1260.0,1230.0,1245.0,82989,0.0,0.0
2011-10-24 00:00:00+09:00,1255.0,1295.0,1255.0,1260.0,141835,0.0,0.0
2011-10-25 00:00:00+09:00,1265.0,1340.0,1260.0,1320.0,263335,0.0,0.0
2011-10-26 00:00:00+09:00,1300.0,1515.0,1290.0,1400.0,2935798,0.0,0.0
2011-10-27 00:00:00+09:00,1410.0,1435.0,1365.0,1420.0,443690,0.0,0.0
2011-10-28 00:00:00+09:00,1450.0,1465.0,1340.0,1370.0,520842,0.0,0.0
2011-10-31 00:00:00+09:00,1400.0,1480.0,1395.0,1415.0,514008,0.0,0.0
2011-11-01 00:00:00+09:00,1380.0,1470.0,1365.0,1470.0,313422,0.0,0.0
2011-11-02 00:00:00+09:00,1415.0,1515.0,1400.0,1470.0,463333,0.0,0.0
2011-11-03 00:00:00+09:00,1570.0,1690.0,1550.0,1690.0,4578361,0.0,0.0
2011-11-04 00:00:00+09:00,1705.0,1735.0,1625.0,1700.0,2029899,0.0,0.0
2011-11-07 00:00:00+09:00,1700.0,1715.0,1650.0,1695.0,717676,0.0,0.0
2011-11-08 00:00:00+09:00,1720.0,1820.0,1630.0,1645.0,2093394,0.0,0.0
2011-11-09 00:00:00+09:00,1675.0,1700.0,1570.0,1585.0,688540,0.0,0.0
2011-11-10 00:00:00+09:00,1515.0,1685.0,1515.0,1560.0,720468,0.0,0.0
2011-11-11 00:00:00+09:00,1620.0,1695.0,1580.0,1695.0,547643,0.0,0.0
2011-11-14 00:00:00+09:00,1790.0,1890.0,1770.0,1810.0,1897033,0.0,0.0
2011-11-15 00:00:00+09:00,1860.0,1870.0,1725.0,1775.0,1519596,0.0,0.0
2011-11-16 00:00:00+09:00,1825.0,1825.0,1620.0,1630.0,985006,0.0,0.0
2011-11-17 00:00:00+09:00,1600.0,1710.0,1595.0,1670.0,621467,0.0,0.0
2011-11-18 00:00:00+09:00,1645.0,1700.0,1610.0,1665.0,417308,0.0,0.0
2011-11-21 00:00:00+09:00,1695.0,1750.0,1640.0,1650.0,650643,0.0,0.0
2011-11-22 00:00:00+09:00,1615.0,1730.0,1600.0,1705.0,972427,0.0,0.0
2011-11-23 00:00:00+09:00,1715.0,1715.0,1580.0,1615.0,449620,0.0,0.0
2011-11-24 00:00:00+09:00,1590.0,1740.0,1590.0,1740.0,690709,0.0,0.0
2011-11-25 00:00:00+09:00,1705.0,1765.0,1480.0,1480.0,1077102,0.0,0.0
2011-11-28 00:00:00+09:00,1460.0,1505.0,1320.0,1355.0,900352,0.0,0.0
2011-11-29 00:00:00+09:00,1415.0,1430.0,1370.0,1410.0,489282,0.0,0.0
2011-11-30 00:00:00+09:00,1415.0,1415.0,1360.0,1365.0,308539,0.0,0.0
2011-12-01 00:00:00+09:00,1420.0,1420.0,1370.0,1385.0,322357,0.0,0.0
2011-12-02 00:00:00+09:00,1400.0,1405.0,1350.0,1370.0,192574,0.0,0.0
2011-12-05 00:00:00+09:00,1380.0,1410.0,1360.0,1410.0,106920,0.0,0.0
2011-12-06 00:00:00+09:00,1420.0,1435.0,1380.0,1385.0,181379,0.0,0.0
2011-12-07 00:00:00+09:00,1400.0,1435.0,1375.0,1435.0,268092,0.0,0.0
2011-12-08 00:00:00+09:00,1435.0,1445.0,1375.0,1375.0,176261,0.0,0.0
2011-12-09 00:00:00+09:00,1350.0,1370.0,1310.0,1325.0,260146,0.0,0.0
2011-12-12 00:00:00+09:00,1355.0,1390.0,1335.0,1360.0,220604,0.0,0.0
2011-12-13 00:00:00+09:00,1360.0,1360.0,1325.0,1355.0,210452,0.0,0.0
2011-12-14 00:00:00+09:00,1350.0,1445.0,1350.0,1380.0,520321,0.0,0.0
2011-12-15 00:00:00+09:00,1370.0,1460.0,1350.0,1430.0,360941,0.0,0.0
2011-12-16 00:00:00+09:00,1430.0,1500.0,1430.0,1445.0,469574,0.0,0.0
2011-12-19 00:00:00+09:00,1425.0,1510.0,1265.0,1420.0,516858,0.0,0.0
2011-12-20 00:00:00+09:00,1385.0,1500.0,1385.0,1480.0,338102,0.0,0.0
2011-12-21 00:00:00+09:00,1510.0,1695.0,1510.0,1650.0,976129,0.0,0.0
2011-12-22 00:00:00+09:00,1650.0,1765.0,1610.0,1660.0,451888,0.0,0.0
2011-12-23 00:00:00+09:00,1665.0,1745.0,1635.0,1745.0,664577,0.0,0.0
2011-12-26 00:00:00+09:00,1730.0,1730.0,1535.0,1670.0,256172,0.0,0.0
2011-12-27 00:00:00+09:00,1710.0,1710.0,1550.0,1615.0,297626,0.0,0.0
2011-12-28 00:00:00+09:00,1640.0,1730.0,1605.0,1715.0,512772,0.0,0.0
2011-12-29 00:00:00+09:00,1685.0,1720.0,1660.0,1700.0,231690,0.0,0.0
2012-01-02 00:00:00+09:00,1710.0,1885.0,1710.0,1800.0,853502,0.0,0.0
2012-01-03 00:00:00+09:00,1880.0,1915.0,1800.0,1820.0,808327,0.0,0.0
2012-01-04 00:00:00+09:00,1790.0,1960.0,1760.0,1960.0,1598795,0.0,0.0
2012-01-05 00:00:00+09:00,1960.0,2045.0,1670.0,1670.0,4693833,0.0,0.0
2012-01-06 00:00:00+09:00,1685.0,1715.0,1600.0,1620.0,1389723,0.0,0.0
2012-01-09 00:00:00+09:00,1645.0,1655.0,1565.0,1565.0,708820,0.0,0.0
2012-01-10 00:00:00+09:00,1565.0,1620.0,1545.0,1595.0,481575,0.0,0.0
2012-01-11 00:00:00+09:00,1615.0,1615.0,1500.0,1500.0,455786,0.0,0.0
2012-01-12 00:00:00+09:00,1535.0,1575.0,1505.0,1540.0,260042,0.0,0.0
2012-01-13 00:00:00+09:00,1530.0,1605.0,1520.0,1535.0,337112,0.0,0.0
2012-01-16 00:00:00+09:00,1525.0,1550.0,1445.0,1450.0,352943,0.0,0.0
2012-01-17 00:00:00+09:00,1450.0,1520.0,1405.0,1500.0,316801,0.0,0.0
2012-01-18 00:00:00+09:00,1485.0,1565.0,1465.0,1525.0,306032,0.0,0.0
2012-01-19 00:00:00+09:00,1530.0,1545.0,1470.0,1480.0,189378,0.0,0.0
2012-01-20 00:00:00+09:00,1490.0,1555.0,1490.0,1510.0,227647,0.0,0.0
2012-01-25 00:00:00+09:00,1510.0,1555.0,1500.0,1535.0,214505,0.0,0.0
2012-01-26 00:00:00+09:00,1545.0,1545.0,1490.0,1520.0,242380,0.0,0.0
2012-01-27 00:00:00+09:00,1520.0,1565.0,1495.0,1565.0,410127,0.0,0.0
2012-01-30 00:00:00+09:00,1645.0,1660.0,1575.0,1595.0,613136,0.0,0.0
2012-01-31 00:00:00+09:00,1580.0,1600.0,1540.0,1580.0,271751,0.0,0.0
2012-02-01 00:00:00+09:00,1590.0,1610.0,1560.0,1605.0,241949,0.0,0.0
2012-02-02 00:00:00+09:00,1620.0,1670.0,1590.0,1620.0,679975,0.0,0.0
2012-02-03 00:00:00+09:00,1630.0,1635.0,1550.0,1595.0,315278,0.0,0.0
2012-02-06 00:00:00+09:00,1570.0,1590.0,1545.0,1545.0,146355,0.0,0.0
2012-02-07 00:00:00+09:00,1530.0,1565.0,1510.0,1530.0,114864,0.0,0.0
2012-02-08 00:00:00+09:00,1530.0,1560.0,1480.0,1530.0,173870,0.0,0.0
2012-02-09 00:00:00+09:00,1540.0,1560.0,1490.0,1510.0,195820,0.0,0.0
2012-02-10 00:00:00+09:00,1510.0,1545.0,1500.0,1510.0,137248,0.0,0.0
2012-02-13 00:00:00+09:00,1510.0,1545.0,1510.0,1530.0,113171,0.0,0.0
2012-02-14 00:00:00+09:00,1560.0,1615.0,1530.0,1595.0,281283,0.0,0.0
2012-02-15 00:00:00+09:00,1655.0,1830.0,1600.0,1815.0,2367482,0.0,0.0
2012-02-16 00:00:00+09:00,1745.0,1810.0,1690.0,1700.0,1081670,0.0,0.0
2012-02-17 00:00:00+09:00,1720.0,1740.0,1660.0,1695.0,568438,0.0,0.0
2012-02-20 00:00:00+09:00,1675.0,1695.0,1630.0,1660.0,373428,0.0,0.0
2012-02-21 00:00:00+09:00,1590.0,1620.0,1525.0,1550.0,1628669,0.0,0.0
2012-02-22 00:00:00+09:00,1550.0,1565.0,1510.0,1545.0,292773,0.0,0.0
2012-02-23 00:00:00+09:00,1515.0,1555.0,1510.0,1550.0,259522,0.0,0.0
2012-02-24 00:00:00+09:00,1565.0,1605.0,1500.0,1580.0,660223,0.0,0.0
2012-02-27 00:00:00+09:00,1555.0,1590.0,1500.0,1515.0,248495,0.0,0.0
2012-02-28 00:00:00+09:00,1530.0,1555.0,1510.0,1550.0,270981,0.0,0.0
2012-02-29 00:00:00+09:00,1630.0,1645.0,1520.0,1550.0,680370,0.0,0.0
2012-03-02 00:00:00+09:00,1570.0,1575.0,1540.0,1540.0,190979,0.0,0.0
2012-03-05 00:00:00+09:00,1550.0,1570.0,1515.0,1520.0,178109,0.0,0.0
2012-03-06 00:00:00+09:00,1520.0,1540.0,1395.0,1460.0,395504,0.0,0.0
2012-03-07 00:00:00+09:00,1430.0,1450.0,1380.0,1445.0,175767,0.0,0.0
2012-03-08 00:00:00+09:00,1425.0,1480.0,1425.0,1455.0,130204,0.0,0.0
2012-03-09 00:00:00+09:00,1430.0,1455.0,1240.0,1240.0,1623885,0.0,0.0
2012-03-12 00:00:00+09:00,1195.0,1265.0,1195.0,1220.0,416593,0.0,0.0
2012-03-13 00:00:00+09:00,1240.0,1255.0,1225.0,1240.0,204969,0.0,0.0
2012-03-14 00:00:00+09:00,1255.0,1265.0,1225.0,1230.0,185726,0.0,0.0
2012-03-15 00:00:00+09:00,1240.0,1245.0,1205.0,1225.0,129748,0.0,0.0
2012-03-16 00:00:00+09:00,1225.0,1245.0,1210.0,1240.0,146087,0.0,0.0
2012-03-19 00:00:00+09:00,1250.0,1265.0,1235.0,1255.0,232675,0.0,0.0
2012-03-20 00:00:00+09:00,1260.0,1265.0,1215.0,1230.0,97843,0.0,0.0
2012-03-21 00:00:00+09:00,1205.0,1250.0,1195.0,1225.0,287453,0.0,0.0
2012-03-22 00:00:00+09:00,1230.0,1245.0,1160.0,1180.0,204231,0.0,0.0
2012-03-23 00:00:00+09:00,1200.0,1215.0,1175.0,1200.0,80742,0.0,0.0
2012-03-26 00:00:00+09:00,1185.0,1210.0,1165.0,1175.0,154079,0.0,0.0
2012-03-27 00:00:00+09:00,1180.0,1190.0,1140.0,1150.0,184244,0.0,0.0
2012-03-28 00:00:00+09:00,1150.0,1160.0,1110.0,1130.0,172582,0.0,0.0
2012-03-29 00:00:00+09:00,1130.0,1155.0,1105.0,1110.0,149765,0.0,0.0
2012-03-30 00:00:00+09:00,1130.0,1140.0,1115.0,1130.0,103606,0.0,0.0
2012-04-02 00:00:00+09:00,1140.0,1185.0,1140.0,1185.0,197707,0.0,0.0
2012-04-03 00:00:00+09:00,1190.0,1195.0,1145.0,1160.0,75568,0.0,0.0
2012-04-04 00:00:00+09:00,1150.0,1165.0,1110.0,1125.0,98699,0.0,0.0
2012-04-05 00:00:00+09:00,1115.0,1130.0,1080.0,1105.0,165072,0.0,0.0
2012-04-06 00:00:00+09:00,1125.0,1130.0,1100.0,1120.0,59963,0.0,0.0
2012-04-09 00:00:00+09:00,1135.0,1150.0,1080.0,1085.0,233831,0.0,0.0
2012-04-10 00:00:00+09:00,1085.0,1100.0,1075.0,1100.0,128187,0.0,0.0
2012-04-12 00:00:00+09:00,1080.0,1115.0,1055.0,1060.0,187302,0.0,0.0
2012-04-13 00:00:00+09:00,1070.0,1115.0,1070.0,1115.0,102610,0.0,0.0
2012-04-16 00:00:00+09:00,1115.0,1130.0,1090.0,1110.0,67441,0.0,0.0
2012-04-17 00:00:00+09:00,1130.0,1130.0,1100.0,1120.0,46095,0.0,0.0
2012-04-18 00:00:00+09:00,1240.0,1285.0,1170.0,1180.0,2624971,0.0,0.0
2012-04-19 00:00:00+09:00,1200.0,1200.0,1135.0,1150.0,778446,0.0,0.0
2012-04-20 00:00:00+09:00,1155.0,1215.0,1140.0,1200.0,336389,0.0,0.0
2012-04-23 00:00:00+09:00,1235.0,1260.0,1175.0,1180.0,492404,0.0,0.0
2012-04-24 00:00:00+09:00,1150.0,1170.0,1120.0,1125.0,316885,0.0,0.0
2012-04-25 00:00:00+09:00,1145.0,1165.0,1130.0,1130.0,107088,0.0,0.0
2012-04-26 00:00:00+09:00,1130.0,1145.0,1060.0,1060.0,253557,0.0,0.0
2012-04-27 00:00:00+09:00,1060.0,1080.0,1040.0,1040.0,116071,0.0,0.0
2012-04-30 00:00:00+09:00,1050.0,1050.0,964.0,989.0,398901,0.0,0.0
2012-05-02 00:00:00+09:00,985.0,1025.0,985.0,1015.0,140925,0.0,0.0
2012-05-03 00:00:00+09:00,1020.0,1045.0,1005.0,1030.0,65177,0.0,0.0
2012-05-04 00:00:00+09:00,1020.0,1110.0,1020.0,1065.0,312167,0.0,0.0
2012-05-07 00:00:00+09:00,1080.0,1080.0,1040.0,1065.0,137456,0.0,0.0
2012-05-08 00:00:00+09:00,1070.0,1105.0,1070.0,1085.0,86707,0.0,0.0
2012-05-09 00:00:00+09:00,1070.0,1150.0,1070.0,1100.0,195419,0.0,0.0
2012-05-10 00:00:00+09:00,1135.0,1140.0,1100.0,1125.0,175796,0.0,0.0
2012-05-11 00:00:00+09:00,1130.0,1145.0,1105.0,1125.0,141878,0.0,0.0
2012-05-14 00:00:00+09:00,1125.0,1140.0,1060.0,1075.0,128938,0.0,0.0
2012-05-15 00:00:00+09:00,1035.0,1060.0,920.0,1010.0,173818,0.0,0.0
2012-05-16 00:00:00+09:00,995.0,1015.0,974.0,980.0,183140,0.0,0.0
2012-05-17 00:00:00+09:00,952.0,1015.0,952.0,1000.0,46825,0.0,0.0
2012-05-18 00:00:00+09:00,956.0,999.0,956.0,997.0,99987,0.0,0.0
2012-05-21 00:00:00+09:00,930.0,1000.0,930.0,996.0,77612,0.0,0.0
2012-05-22 00:00:00+09:00,999.0,1000.0,976.0,993.0,71147,0.0,0.0
2012-05-23 00:00:00+09:00,999.0,999.0,942.0,942.0,100088,0.0,0.0
2012-05-24 00:00:00+09:00,950.0,985.0,949.0,972.0,67229,0.0,0.0
2012-05-25 00:00:00+09:00,970.0,990.0,956.0,970.0,50224,0.0,0.0
2012-05-29 00:00:00+09:00,971.0,1080.0,962.0,1045.0,280042,0.0,0.0
2012-05-30 00:00:00+09:00,1080.0,1105.0,1050.0,1075.0,221621,0.0,0.0
2012-05-31 00:00:00+09:00,1040.0,1085.0,1020.0,1075.0,38351,0.0,0.0
2012-06-01 00:00:00+09:00,1085.0,1085.0,1005.0,1005.0,85215,0.0,0.0
2012-06-04 00:00:00+09:00,998.0,998.0,942.0,973.0,74964,0.0,0.0
2012-06-05 00:00:00+09:00,973.0,999.0,949.0,998.0,135848,0.0,0.0
2012-06-07 00:00:00+09:00,1010.0,1045.0,1005.0,1020.0,131676,0.0,0.0
2012-06-08 00:00:00+09:00,1020.0,1170.0,1020.0,1170.0,839696,0.0,0.0
2012-06-11 00:00:00+09:00,1260.0,1265.0,1190.0,1220.0,1940636,0.0,0.0
2012-06-12 00:00:00+09:00,1215.0,1260.0,1180.0,1220.0,924853,0.0,0.0
2012-06-13 00:00:00+09:00,1230.0,1265.0,1205.0,1235.0,617086,0.0,0.0
2012-06-14 00:00:00+09:00,1270.0,1410.0,1260.0,1300.0,2150196,0.0,0.0
2012-06-15 00:00:00+09:00,1270.0,1310.0,1225.0,1280.0,705595,0.0,0.0
2012-06-18 00:00:00+09:00,1290.0,1420.0,1250.0,1400.0,1298372,0.0,0.0
2012-06-19 00:00:00+09:00,1390.0,1490.0,1365.0,1480.0,1283856,0.0,0.0
2012-06-20 00:00:00+09:00,1480.0,1590.0,1405.0,1440.0,1980996,0.0,0.0
2012-06-21 00:00:00+09:00,1500.0,1500.0,1365.0,1370.0,711804,0.0,0.0
2012-06-22 00:00:00+09:00,1365.0,1390.0,1295.0,1340.0,569951,0.0,0.0
2012-06-25 00:00:00+09:00,1355.0,1450.0,1305.0,1410.0,755523,0.0,0.0
2012-06-26 00:00:00+09:00,1400.0,1495.0,1200.0,1300.0,3072372,0.0,0.0
2012-06-27 00:00:00+09:00,1315.0,1400.0,1250.0,1250.0,1690893,0.0,0.0
2012-06-28 00:00:00+09:00,1280.0,1280.0,1210.0,1210.0,696293,0.0,0.0
2012-06-29 00:00:00+09:00,1215.0,1230.0,1150.0,1170.0,545974,0.0,0.0
2012-07-02 00:00:00+09:00,1190.0,1250.0,1185.0,1235.0,422547,0.0,0.0
2012-07-03 00:00:00+09:00,1240.0,1295.0,1210.0,1295.0,585559,0.0,0.0
2012-07-04 00:00:00+09:00,1290.0,1315.0,1265.0,1265.0,506258,0.0,0.0
2012-07-05 00:00:00+09:00,1285.0,1285.0,1245.0,1260.0,256253,0.0,0.0
2012-07-06 00:00:00+09:00,1245.0,1260.0,1175.0,1205.0,378562,0.0,0.0
2012-07-09 00:00:00+09:00,1205.0,1240.0,1185.0,1235.0,177851,0.0,0.0
2012-07-10 00:00:00+09:00,1230.0,1240.0,1205.0,1210.0,179435,0.0,0.0
2012-07-11 00:00:00+09:00,1225.0,1230.0,1175.0,1210.0,194313,0.0,0.0
2012-07-12 00:00:00+09:00,1210.0,1230.0,1185.0,1200.0,193192,0.0,0.0
2012-07-13 00:00:00+09:00,1185.0,1235.0,1105.0,1220.0,448824,0.0,0.0
2012-07-16 00:00:00+09:00,1255.0,1255.0,1200.0,1225.0,327308,0.0,0.0
2012-07-17 00:00:00+09:00,1215.0,1235.0,1190.0,1235.0,210398,0.0,0.0
2012-07-18 00:00:00+09:00,1230.0,1250.0,1140.0,1180.0,463898,0.0,0.0
2012-07-19 00:00:00+09:00,1220.0,1350.0,1150.0,1160.0,1608869,0.0,0.0
2012-07-20 00:00:00+09:00,1170.0,1190.0,1090.0,1135.0,463963,0.0,0.0
2012-07-23 00:00:00+09:00,1125.0,1145.0,1100.0,1105.0,226256,0.0,0.0
2012-07-24 00:00:00+09:00,1100.0,1105.0,1050.0,1075.0,204789,0.0,0.0
2012-07-25 00:00:00+09:00,1095.0,1235.0,1095.0,1235.0,1668183,0.0,0.0
2012-07-26 00:00:00+09:00,1310.0,1340.0,1190.0,1200.0,3362818,0.0,0.0
2012-07-27 00:00:00+09:00,1210.0,1275.0,1180.0,1230.0,1042524,0.0,0.0
2012-07-30 00:00:00+09:00,1250.0,1265.0,1195.0,1200.0,802268,0.0,0.0
2012-07-31 00:00:00+09:00,1270.0,1380.0,1225.0,1265.0,9427190,0.0,0.0
2012-08-01 00:00:00+09:00,1245.0,1300.0,1240.0,1300.0,1581454,0.0,0.0
2012-08-02 00:00:00+09:00,1310.0,1345.0,1270.0,1275.0,1210862,0.0,0.0
2012-08-03 00:00:00+09:00,1240.0,1270.0,1225.0,1265.0,655615,0.0,0.0
2012-08-06 00:00:00+09:00,1275.0,1405.0,1260.0,1380.0,5027248,0.0,0.0
2012-08-07 00:00:00+09:00,1360.0,1375.0,1270.0,1320.0,2115506,0.0,0.0
2012-08-08 00:00:00+09:00,1315.0,1315.0,1225.0,1225.0,1348139,0.0,0.0
2012-08-09 00:00:00+09:00,1200.0,1220.0,1130.0,1140.0,1175254,0.0,0.0
2012-08-10 00:00:00+09:00,1140.0,1170.0,1120.0,1165.0,452407,0.0,0.0
2012-08-13 00:00:00+09:00,1160.0,1165.0,1130.0,1130.0,280118,0.0,0.0
2012-08-14 00:00:00+09:00,1130.0,1150.0,1090.0,1120.0,526333,0.0,0.0
2012-08-16 00:00:00+09:00,1120.0,1150.0,1120.0,1130.0,349002,0.0,0.0
2012-08-17 00:00:00+09:00,1145.0,1150.0,1095.0,1110.0,503175,0.0,0.0
2012-08-20 00:00:00+09:00,1150.0,1155.0,1100.0,1115.0,436095,0.0,0.0
2012-08-21 00:00:00+09:00,1110.0,1125.0,1100.0,1115.0,335179,0.0,0.0
2012-08-22 00:00:00+09:00,1120.0,1120.0,1095.0,1120.0,327371,0.0,0.0
2012-08-23 00:00:00+09:00,1120.0,1135.0,1105.0,1130.0,334787,0.0,0.0
2012-08-24 00:00:00+09:00,1125.0,1125.0,1085.0,1125.0,380879,0.0,0.0
2012-08-27 00:00:00+09:00,1120.0,1120.0,1100.0,1100.0,290978,0.0,0.0
2012-08-28 00:00:00+09:00,1100.0,1115.0,1095.0,1100.0,225163,0.0,0.0
2012-08-29 00:00:00+09:00,1090.0,1110.0,1070.0,1075.0,396930,0.0,0.0
2012-08-30 00:00:00+09:00,1075.0,1230.0,1065.0,1100.0,2543863,0.0,0.0
2012-08-31 00:00:00+09:00,1105.0,1125.0,1080.0,1115.0,300559,0.0,0.0
2012-09-03 00:00:00+09:00,1125.0,1150.0,1115.0,1130.0,365524,0.0,0.0
2012-09-04 00:00:00+09:00,1115.0,1135.0,1095.0,1100.0,300909,0.0,0.0
2012-09-05 00:00:00+09:00,1105.0,1125.0,1085.0,1090.0,207147,0.0,0.0
2012-09-06 00:00:00+09:00,1115.0,1135.0,1075.0,1100.0,329086,0.0,0.0
2012-09-07 00:00:00+09:00,1105.0,1115.0,1090.0,1095.0,238654,0.0,0.0
2012-09-10 00:00:00+09:00,1100.0,1115.0,1090.0,1095.0,193166,0.0,0.0
2012-09-11 00:00:00+09:00,1105.0,1110.0,1085.0,1100.0,295230,0.0,0.0
2012-09-12 00:00:00+09:00,1105.0,1120.0,1100.0,1115.0,246434,0.0,0.0
2012-09-13 00:00:00+09:00,1140.0,1155.0,1115.0,1135.0,585246,0.0,0.0
2012-09-14 00:00:00+09:00,1140.0,1165.0,1120.0,1145.0,488219,0.0,0.0
2012-09-17 00:00:00+09:00,1165.0,1170.0,1110.0,1135.0,825699,0.0,0.0
2012-09-18 00:00:00+09:00,1125.0,1180.0,1115.0,1165.0,678960,0.0,0.0
2012-09-19 00:00:00+09:00,1165.0,1195.0,1160.0,1180.0,705595,0.0,0.0
2012-09-20 00:00:00+09:00,1200.0,1230.0,1145.0,1175.0,909103,0.0,0.0
2012-09-21 00:00:00+09:00,1165.0,1350.0,1165.0,1350.0,4588065,0.0,0.0
2012-09-24 00:00:00+09:00,1550.0,1550.0,1550.0,1550.0,286004,0.0,0.0
2012-09-25 00:00:00+09:00,1780.0,1780.0,1655.0,1780.0,13220010,0.0,0.0
2012-09-26 00:00:00+09:00,1735.0,2030.0,1690.0,1810.0,20083980,0.0,0.0
2012-09-27 00:00:00+09:00,1715.0,1915.0,1715.0,1800.0,8103349,0.0,0.0
2012-09-28 00:00:00+09:00,1765.0,1800.0,1600.0,1635.0,5061821,0.0,0.0
2012-10-02 00:00:00+09:00,1620.0,1790.0,1605.0,1665.0,6696332,0.0,0.0
2012-10-04 00:00:00+09:00,1620.0,1645.0,1515.0,1615.0,8231856,0.0,0.0
2012-10-05 00:00:00+09:00,1585.0,1790.0,1560.0,1615.0,13371040,0.0,0.0
2012-10-08 00:00:00+09:00,1590.0,1855.0,1550.0,1855.0,7010071,0.0,0.0
2012-10-09 00:00:00+09:00,1920.0,2015.0,1750.0,1790.0,15933130,0.0,0.0
2012-10-10 00:00:00+09:00,1755.0,1765.0,1625.0,1680.0,4271937,0.0,0.0
2012-10-11 00:00:00+09:00,1685.0,1745.0,1560.0,1660.0,6472682,0.0,0.0
2012-10-12 00:00:00+09:00,1705.0,1710.0,1590.0,1625.0,2028587,0.0,0.0
2012-10-15 00:00:00+09:00,1635.0,1655.0,1385.0,1440.0,5543004,0.0,0.0
2012-10-16 00:00:00+09:00,1410.0,1430.0,1330.0,1380.0,2506433,0.0,0.0
2012-10-17 00:00:00+09:00,1380.0,1445.0,1300.0,1365.0,1865696,0.0,0.0
2012-10-18 00:00:00+09:00,1365.0,1515.0,1365.0,1420.0,6520772,0.0,0.0
2012-10-19 00:00:00+09:00,1375.0,1405.0,1300.0,1405.0,1745931,0.0,0.0
2012-10-22 00:00:00+09:00,1380.0,1475.0,1360.0,1415.0,2281273,0.0,0.0
2012-10-23 00:00:00+09:00,1445.0,1450.0,1375.0,1375.0,1710373,0.0,0.0
2012-10-24 00:00:00+09:00,1335.0,1400.0,1280.0,1290.0,1927426,0.0,0.0
2012-10-25 00:00:00+09:00,1310.0,1345.0,1265.0,1345.0,1705265,0.0,0.0
2012-10-26 00:00:00+09:00,1360.0,1395.0,1265.0,1310.0,2721986,0.0,0.0
2012-10-29 00:00:00+09:00,1340.0,1355.0,1240.0,1310.0,2465216,0.0,0.0
2012-10-30 00:00:00+09:00,1295.0,1390.0,1295.0,1350.0,2474866,0.0,0.0
2012-10-31 00:00:00+09:00,1370.0,1425.0,1350.0,1395.0,2967636,0.0,0.0
2012-11-01 00:00:00+09:00,1385.0,1400.0,1315.0,1375.0,2212461,0.0,0.0
2012-11-02 00:00:00+09:00,1380.0,1430.0,1270.0,1300.0,3738373,0.0,0.0
2012-11-05 00:00:00+09:00,1295.0,1305.0,1200.0,1250.0,4238775,0.0,0.0
2012-11-06 00:00:00+09:00,1280.0,1305.0,1240.0,1255.0,1810884,0.0,0.0
2012-11-07 00:00:00+09:00,1260.0,1295.0,1240.0,1260.0,1002618,0.0,0.0
2012-11-08 00:00:00+09:00,1225.0,1245.0,1200.0,1225.0,966757,0.0,0.0
2012-11-09 00:00:00+09:00,1205.0,1280.0,1165.0,1280.0,1231996,0.0,0.0
2012-11-12 00:00:00+09:00,1330.0,1330.0,1250.0,1260.0,1782445,0.0,0.0
2012-11-13 00:00:00+09:00,1250.0,1260.0,1170.0,1180.0,1043262,0.0,0.0
2012-11-14 00:00:00+09:00,1170.0,1190.0,1055.0,1055.0,1629594,0.0,0.0
2012-11-15 00:00:00+09:00,1020.0,1105.0,1020.0,1100.0,888074,0.0,0.0
2012-11-16 00:00:00+09:00,1110.0,1160.0,1050.0,1060.0,992045,0.0,0.0
2012-11-19 00:00:00+09:00,1070.0,1215.0,1060.0,1170.0,4200636,0.0,0.0
2012-11-20 00:00:00+09:00,1190.0,1215.0,1160.0,1180.0,1496240,0.0,0.0
2012-11-21 00:00:00+09:00,1180.0,1195.0,1105.0,1125.0,1011326,0.0,0.0
2012-11-22 00:00:00+09:00,1135.0,1170.0,1110.0,1135.0,874377,0.0,0.0
2012-11-23 00:00:00+09:00,1130.0,1135.0,1085.0,1085.0,541974,0.0,0.0
2012-11-26 00:00:00+09:00,1085.0,1135.0,1055.0,1135.0,731905,0.0,0.0
2012-11-27 00:00:00+09:00,1160.0,1290.0,1150.0,1200.0,2272795,0.0,0.0
2012-11-28 00:00:00+09:00,1175.0,1195.0,1155.0,1190.0,595598,0.0,0.0
2012-11-29 00:00:00+09:00,1200.0,1230.0,1160.0,1165.0,757245,0.0,0.0
2012-11-30 00:00:00+09:00,1170.0,1215.0,1160.0,1205.0,538092,0.0,0.0
2012-12-03 00:00:00+09:00,1240.0,1310.0,1210.0,1275.0,4074929,0.0,0.0
2012-12-04 00:00:00+09:00,1270.0,1285.0,1235.0,1275.0,1170114,0.0,0.0
2012-12-05 00:00:00+09:00,1260.0,1290.0,1200.0,1225.0,1130309,0.0,0.0
2012-12-06 00:00:00+09:00,1260.0,1330.0,1215.0,1230.0,4500827,0.0,0.0
2012-12-07 00:00:00+09:00,1240.0,1295.0,1205.0,1295.0,1911626,0.0,0.0
2012-12-10 00:00:00+09:00,1325.0,1370.0,1250.0,1255.0,2648045,0.0,0.0
2012-12-11 00:00:00+09:00,1290.0,1315.0,1180.0,1195.0,2687724,0.0,0.0
2012-12-12 00:00:00+09:00,1200.0,1205.0,1115.0,1120.0,1647998,0.0,0.0
2012-12-13 00:00:00+09:00,1110.0,1160.0,1090.0,1145.0,832753,0.0,0.0
2012-12-14 00:00:00+09:00,1140.0,1150.0,1120.0,1135.0,378609,0.0,0.0
2012-12-17 00:00:00+09:00,1140.0,1175.0,1135.0,1170.0,652237,0.0,0.0
2012-12-18 00:00:00+09:00,1200.0,1200.0,1140.0,1145.0,1047757,0.0,0.0
2012-12-20 00:00:00+09:00,1135.0,1140.0,1105.0,1115.0,770825,0.0,0.0
2012-12-21 00:00:00+09:00,1110.0,1140.0,1105.0,1115.0,695551,0.0,0.0
2012-12-24 00:00:00+09:00,1115.0,1130.0,1100.0,1125.0,736246,0.0,0.0
2012-12-26 00:00:00+09:00,1140.0,1185.0,1125.0,1150.0,1420491,0.0,0.0
2012-12-27 00:00:00+09:00,1145.0,1155.0,1120.0,1125.0,738036,0.0,0.0
2012-12-28 00:00:00+09:00,1135.0,1135.0,1110.0,1125.0,364329,0.0,0.0
2013-01-02 00:00:00+09:00,1140.0,1160.0,1115.0,1160.0,1151712,0.0,0.0
2013-01-03 00:00:00+09:00,1170.0,1170.0,1130.0,1135.0,744836,0.0,0.0
2013-01-04 00:00:00+09:00,1140.0,1155.0,1120.0,1155.0,960724,0.0,0.0
2013-01-07 00:00:00+09:00,1155.0,1160.0,1140.0,1145.0,733189,0.0,0.0
2013-01-08 00:00:00+09:00,1140.0,1185.0,1140.0,1185.0,948758,0.0,0.0
2013-01-09 00:00:00+09:00,1180.0,1260.0,1155.0,1245.0,2243372,0.0,0.0
2013-01-10 00:00:00+09:00,1250.0,1250.0,1215.0,1225.0,1097144,0.0,0.0
2013-01-11 00:00:00+09:00,1210.0,1215.0,1175.0,1200.0,1097620,0.0,0.0
2013-01-14 00:00:00+09:00,1195.0,1230.0,1185.0,1190.0,553960,0.0,0.0
2013-01-15 00:00:00+09:00,1175.0,1195.0,1165.0,1170.0,602867,0.0,0.0
2013-01-16 00:00:00+09:00,1175.0,1185.0,1160.0,1180.0,486070,0.0,0.0
2013-01-17 00:00:00+09:00,1180.0,1200.0,1160.0,1200.0,768223,0.0,0.0
2013-01-18 00:00:00+09:00,1205.0,1225.0,1180.0,1225.0,1026391,0.0,0.0
2013-01-21 00:00:00+09:00,1240.0,1240.0,1190.0,1200.0,824596,0.0,0.0
2013-01-22 00:00:00+09:00,1200.0,1210.0,1180.0,1200.0,527463,0.0,0.0
2013-01-23 00:00:00+09:00,1210.0,1220.0,1180.0,1190.0,825273,0.0,0.0
2013-01-24 00:00:00+09:00,1200.0,1200.0,1120.0,1130.0,1078280,0.0,0.0
2013-01-25 00:00:00+09:00,1140.0,1145.0,1095.0,1115.0,636490,0.0,0.0
2013-01-28 00:00:00+09:00,1100.0,1280.0,1100.0,1280.0,4475007,0.0,0.0
2013-01-29 00:00:00+09:00,1305.0,1320.0,1155.0,1185.0,5813866,0.0,0.0
2013-01-30 00:00:00+09:00,1220.0,1235.0,1175.0,1180.0,3054950,0.0,0.0
2013-01-31 00:00:00+09:00,1190.0,1195.0,1140.0,1140.0,1159113,0.0,0.0
2013-02-01 00:00:00+09:00,1145.0,1160.0,1115.0,1150.0,787253,0.0,0.0
2013-02-04 00:00:00+09:00,1155.0,1155.0,1110.0,1115.0,622549,0.0,0.0
2013-02-05 00:00:00+09:00,1110.0,1135.0,1100.0,1115.0,405327,0.0,0.0
2013-02-06 00:00:00+09:00,1115.0,1145.0,1105.0,1115.0,562814,0.0,0.0
2013-02-07 00:00:00+09:00,1120.0,1130.0,1070.0,1070.0,771810,0.0,0.0
2013-02-08 00:00:00+09:00,1075.0,1090.0,1065.0,1075.0,387135,0.0,0.0
2013-02-12 00:00:00+09:00,1085.0,1090.0,1060.0,1065.0,259246,0.0,0.0
2013-02-13 00:00:00+09:00,1070.0,1095.0,1060.0,1090.0,317919,0.0,0.0
2013-02-14 00:00:00+09:00,1095.0,1145.0,1075.0,1125.0,733198,0.0,0.0
2013-02-15 00:00:00+09:00,1120.0,1135.0,1115.0,1120.0,230748,0.0,0.0
2013-02-18 00:00:00+09:00,1105.0,1255.0,1100.0,1170.0,3140629,0.0,0.0
2013-02-19 00:00:00+09:00,1190.0,1220.0,1160.0,1175.0,2627013,0.0,0.0
2013-02-20 00:00:00+09:00,1170.0,1200.0,1160.0,1185.0,838759,0.0,0.0
2013-02-21 00:00:00+09:00,1175.0,1190.0,1120.0,1120.0,768842,0.0,0.0
2013-02-22 00:00:00+09:00,1125.0,1175.0,1125.0,1140.0,854266,0.0,0.0
2013-02-25 00:00:00+09:00,1155.0,1170.0,1105.0,1120.0,534820,0.0,0.0
2013-02-26 00:00:00+09:00,1120.0,1145.0,1115.0,1130.0,293342,0.0,0.0
2013-02-27 00:00:00+09:00,1145.0,1145.0,1120.0,1135.0,283337,0.0,0.0
2013-02-28 00:00:00+09:00,1145.0,1150.0,1120.0,1135.0,382704,0.0,0.0
2013-03-04 00:00:00+09:00,1145.0,1145.0,1110.0,1115.0,525280,0.0,0.0
2013-03-05 00:00:00+09:00,1115.0,1185.0,1105.0,1160.0,1823332,0.0,0.0
2013-03-06 00:00:00+09:00,1180.0,1190.0,1155.0,1180.0,993606,0.0,0.0
2013-03-07 00:00:00+09:00,1180.0,1195.0,1150.0,1175.0,660920,0.0,0.0
2013-03-08 00:00:00+09:00,1160.0,1185.0,1150.0,1185.0,706689,0.0,0.0
2013-03-11 00:00:00+09:00,1195.0,1195.0,1155.0,1175.0,363938,0.0,0.0
2013-03-12 00:00:00+09:00,1175.0,1200.0,1155.0,1180.0,554177,0.0,0.0
2013-03-13 00:00:00+09:00,1195.0,1250.0,1180.0,1250.0,1432796,0.0,0.0
2013-03-14 00:00:00+09:00,1260.0,1270.0,1215.0,1235.0,1167321,0.0,0.0
2013-03-15 00:00:00+09:00,1235.0,1235.0,1180.0,1185.0,610078,0.0,0.0
2013-03-18 00:00:00+09:00,1185.0,1195.0,1115.0,1115.0,728733,0.0,0.0
2013-03-19 00:00:00+09:00,1130.0,1145.0,1115.0,1135.0,385182,0.0,0.0
2013-03-20 00:00:00+09:00,1125.0,1140.0,1110.0,1115.0,331518,0.0,0.0
2013-03-21 00:00:00+09:00,1130.0,1130.0,1110.0,1110.0,250330,0.0,0.0
2013-03-22 00:00:00+09:00,1110.0,1130.0,1110.0,1125.0,143450,0.0,0.0
2013-03-25 00:00:00+09:00,1125.0,1140.0,1120.0,1125.0,193682,0.0,0.0
2013-03-26 00:00:00+09:00,1125.0,1155.0,1125.0,1140.0,192089,0.0,0.0
2013-03-27 00:00:00+09:00,1140.0,1145.0,1095.0,1135.0,254749,0.0,0.0
2013-03-28 00:00:00+09:00,1125.0,1155.0,1115.0,1150.0,310606,0.0,0.0
2013-03-29 00:00:00+09:00,1165.0,1225.0,1155.0,1165.0,1325308,0.0,0.0
2013-04-01 00:00:00+09:00,1175.0,1175.0,1145.0,1160.0,215961,0.0,0.0
2013-04-02 00:00:00+09:00,1170.0,1180.0,1120.0,1145.0,388471,0.0,0.0
2013-04-03 00:00:00+09:00,1140.0,1150.0,1130.0,1150.0,284085,0.0,0.0
2013-04-04 00:00:00+09:00,1135.0,1145.0,1100.0,1145.0,394994,0.0,0.0
2013-04-05 00:00:00+09:00,1140.0,1145.0,1100.0,1145.0,311302,0.0,0.0
2013-04-08 00:00:00+09:00,1170.0,1170.0,1115.0,1140.0,285722,0.0,0.0
2013-04-09 00:00:00+09:00,1120.0,1155.0,1100.0,1150.0,334115,0.0,0.0
2013-04-10 00:00:00+09:00,1150.0,1165.0,1125.0,1155.0,233250,0.0,0.0
2013-04-11 00:00:00+09:00,1160.0,1205.0,1140.0,1195.0,1093446,0.0,0.0
2013-04-12 00:00:00+09:00,1200.0,1215.0,1175.0,1200.0,562391,0.0,0.0
2013-04-15 00:00:00+09:00,1215.0,1220.0,1185.0,1195.0,663342,0.0,0.0
2013-04-16 00:00:00+09:00,1185.0,1190.0,1165.0,1180.0,426290,0.0,0.0
2013-04-17 00:00:00+09:00,1200.0,1225.0,1160.0,1175.0,751942,0.0,0.0
2013-04-18 00:00:00+09:00,1165.0,1175.0,1155.0,1175.0,249793,0.0,0.0
2013-04-19 00:00:00+09:00,1170.0,1170.0,1125.0,1125.0,310332,0.0,0.0
2013-04-22 00:00:00+09:00,1130.0,1160.0,1125.0,1155.0,338035,0.0,0.0
2013-04-23 00:00:00+09:00,1150.0,1175.0,1135.0,1145.0,476082,0.0,0.0
2013-04-24 00:00:00+09:00,1165.0,1245.0,1165.0,1185.0,1918426,0.0,0.0
2013-04-25 00:00:00+09:00,1180.0,1205.0,1170.0,1190.0,651294,0.0,0.0
2013-04-26 00:00:00+09:00,1195.0,1220.0,1190.0,1205.0,721561,0.0,0.0
2013-04-29 00:00:00+09:00,1205.0,1220.0,1165.0,1170.0,665829,0.0,0.0
2013-04-30 00:00:00+09:00,1180.0,1190.0,1160.0,1170.0,257776,0.0,0.0
2013-05-02 00:00:00+09:00,1170.0,1180.0,1145.0,1175.0,252783,0.0,0.0
2013-05-03 00:00:00+09:00,1165.0,1190.0,1160.0,1185.0,279756,0.0,0.0
2013-05-06 00:00:00+09:00,1190.0,1210.0,1175.0,1205.0,1173000,0.0,0.0
2013-05-07 00:00:00+09:00,1195.0,1215.0,1170.0,1190.0,870798,0.0,0.0
2013-05-08 00:00:00+09:00,1200.0,1250.0,1180.0,1240.0,1749282,0.0,0.0
2013-05-09 00:00:00+09:00,1240.0,1245.0,1215.0,1225.0,926571,0.0,0.0
2013-05-10 00:00:00+09:00,1230.0,1280.0,1220.0,1245.0,1834880,0.0,0.0
2013-05-13 00:00:00+09:00,1285.0,1430.0,1260.0,1380.0,8612675,0.0,0.0
2013-05-14 00:00:00+09:00,1360.0,1450.0,1315.0,1320.0,4261432,0.0,0.0
2013-05-15 00:00:00+09:00,1345.0,1395.0,1320.0,1380.0,1703000,0.0,0.0
2013-05-16 00:00:00+09:00,1400.0,1405.0,1350.0,1405.0,1261452,0.0,0.0
2013-05-20 00:00:00+09:00,1415.0,1435.0,1370.0,1395.0,674509,0.0,0.0
2013-05-21 00:00:00+09:00,1400.0,1410.0,1325.0,1360.0,1670214,0.0,0.0
2013-05-22 00:00:00+09:00,1335.0,1375.0,1310.0,1375.0,1436653,0.0,0.0
2013-05-23 00:00:00+09:00,1380.0,1385.0,1345.0,1350.0,872162,0.0,0.0
2013-05-24 00:00:00+09:00,1440.0,1470.0,1345.0,1385.0,2616614,0.0,0.0
2013-05-27 00:00:00+09:00,1375.0,1390.0,1320.0,1375.0,957820,0.0,0.0
2013-05-28 00:00:00+09:00,1385.0,1580.0,1350.0,1580.0,10102260,0.0,0.0
2013-05-29 00:00:00+09:00,1725.0,1745.0,1615.0,1680.0,11583900,0.0,0.0
2013-05-30 00:00:00+09:00,1700.0,1930.0,1680.0,1930.0,6598259,0.0,0.0
2013-05-31 00:00:00+09:00,1970.0,2165.0,1950.0,2100.0,21932220,0.0,0.0
2013-06-03 00:00:00+09:00,2100.0,2340.0,2090.0,2175.0,18608520,0.0,0.0
2013-06-05 00:00:00+09:00,2115.0,2115.0,1955.0,2030.0,4268461,0.0,0.0
2013-06-07 00:00:00+09:00,2005.0,2080.0,1970.0,2065.0,2154443,0.0,0.0
2013-06-10 00:00:00+09:00,1940.0,1940.0,1800.0,1880.0,2642445,0.0,0.0
2013-06-11 00:00:00+09:00,1860.0,1915.0,1740.0,1840.0,6614474,0.0,0.0
2013-06-12 00:00:00+09:00,1815.0,1915.0,1805.0,1895.0,5178113,0.0,0.0
2013-06-13 00:00:00+09:00,1875.0,1885.0,1730.0,1750.0,4099945,0.0,0.0
2013-06-14 00:00:00+09:00,1785.0,1815.0,1545.0,1595.0,6348881,0.0,0.0
2013-06-17 00:00:00+09:00,1585.0,1595.0,1450.0,1530.0,5152189,0.0,0.0
2013-06-18 00:00:00+09:00,1530.0,1615.0,1515.0,1560.0,5579774,0.0,0.0
2013-06-19 00:00:00+09:00,1570.0,1765.0,1555.0,1725.0,7767206,0.0,0.0
2013-06-20 00:00:00+09:00,1690.0,1800.0,1630.0,1725.0,7177549,0.0,0.0
2013-06-21 00:00:00+09:00,1650.0,1730.0,1625.0,1695.0,2838248,0.0,0.0
2013-06-24 00:00:00+09:00,1725.0,1765.0,1515.0,1515.0,3476337,0.0,0.0
2013-06-25 00:00:00+09:00,1490.0,1545.0,1415.0,1520.0,3380309,0.0,0.0
2013-06-26 00:00:00+09:00,1565.0,1575.0,1470.0,1530.0,2574554,0.0,0.0
2013-06-27 00:00:00+09:00,1535.0,1600.0,1485.0,1545.0,7809484,0.0,0.0
2013-06-28 00:00:00+09:00,1555.0,1555.0,1455.0,1490.0,3036345,0.0,0.0
2013-07-01 00:00:00+09:00,1480.0,1530.0,1465.0,1520.0,2765756,0.0,0.0
2013-07-02 00:00:00+09:00,1495.0,1630.0,1485.0,1585.0,6445115,0.0,0.0
2013-07-03 00:00:00+09:00,1575.0,1620.0,1535.0,1565.0,3273021,0.0,0.0
2013-07-04 00:00:00+09:00,1555.0,1565.0,1485.0,1505.0,2907252,0.0,0.0
2013-07-05 00:00:00+09:00,1475.0,1500.0,1340.0,1400.0,4323046,0.0,0.0
2013-07-08 00:00:00+09:00,1440.0,1460.0,1385.0,1440.0,3475729,0.0,0.0
2013-07-09 00:00:00+09:00,1510.0,1530.0,1440.0,1500.0,9161031,0.0,0.0
2013-07-10 00:00:00+09:00,1510.0,1595.0,1465.0,1490.0,9480019,0.0,0.0
2013-07-11 00:00:00+09:00,1535.0,1590.0,1505.0,1555.0,6830972,0.0,0.0
2013-07-12 00:00:00+09:00,1575.0,1585.0,1510.0,1580.0,4029047,0.0,0.0
2013-07-15 00:00:00+09:00,1590.0,1800.0,1565.0,1685.0,16716960,0.0,0.0
2013-07-16 00:00:00+09:00,1685.0,1760.0,1655.0,1760.0,6426659,0.0,0.0
2013-07-17 00:00:00+09:00,1715.0,1720.0,1620.0,1690.0,7521108,0.0,0.0
2013-07-18 00:00:00+09:00,1730.0,1770.0,1660.0,1695.0,7638260,0.0,0.0
2013-07-19 00:00:00+09:00,1705.0,1735.0,1625.0,1640.0,5466533,0.0,0.0
2013-07-22 00:00:00+09:00,1650.0,1665.0,1585.0,1665.0,3721964,0.0,0.0
2013-07-23 00:00:00+09:00,1650.0,1710.0,1630.0,1685.0,3631266,0.0,0.0
2013-07-24 00:00:00+09:00,1710.0,1840.0,1675.0,1760.0,11959310,0.0,0.0
2013-07-25 00:00:00+09:00,1770.0,1815.0,1710.0,1750.0,5268269,0.0,0.0
2013-07-26 00:00:00+09:00,1755.0,1795.0,1720.0,1760.0,4013716,0.0,0.0
2013-07-29 00:00:00+09:00,1745.0,1790.0,1720.0,1780.0,3887846,0.0,0.0
2013-07-30 00:00:00+09:00,1765.0,1775.0,1645.0,1645.0,6245291,0.0,0.0
2013-07-31 00:00:00+09:00,1645.0,1665.0,1560.0,1600.0,3806795,0.0,0.0
2013-08-01 00:00:00+09:00,1615.0,1685.0,1610.0,1665.0,3851549,0.0,0.0
2013-08-02 00:00:00+09:00,1680.0,1770.0,1670.0,1760.0,5583931,0.0,0.0
2013-08-05 00:00:00+09:00,1825.0,2000.0,1820.0,1915.0,16450400,0.0,0.0
2013-08-06 00:00:00+09:00,1915.0,1920.0,1840.0,1880.0,5435734,0.0,0.0
2013-08-07 00:00:00+09:00,1980.0,2000.0,1845.0,1860.0,8508894,0.0,0.0
2013-08-08 00:00:00+09:00,1865.0,1925.0,1670.0,1745.0,13196320,0.0,0.0
2013-08-09 00:00:00+09:00,1770.0,1780.0,1680.0,1740.0,5994142,0.0,0.0
2013-08-12 00:00:00+09:00,1920.0,1930.0,1680.0,1690.0,14897510,0.0,0.0
2013-08-13 00:00:00+09:00,1675.0,1725.0,1480.0,1505.0,11527740,0.0,0.0
2013-08-14 00:00:00+09:00,1505.0,1505.0,1440.0,1495.0,5073328,0.0,0.0
2013-08-16 00:00:00+09:00,1470.0,1480.0,1425.0,1445.0,3326078,0.0,0.0
2013-08-19 00:00:00+09:00,1475.0,1480.0,1425.0,1430.0,2255219,0.0,0.0
2013-08-20 00:00:00+09:00,1430.0,1430.0,1270.0,1305.0,5563834,0.0,0.0
2013-08-21 00:00:00+09:00,1315.0,1330.0,1200.0,1270.0,3500998,0.0,0.0
2013-08-22 00:00:00+09:00,1300.0,1315.0,1205.0,1205.0,3421673,0.0,0.0
2013-08-23 00:00:00+09:00,1220.0,1270.0,1205.0,1250.0,1478811,0.0,0.0
2013-08-26 00:00:00+09:00,1250.0,1270.0,1225.0,1250.0,1158814,0.0,0.0
2013-08-27 00:00:00+09:00,1235.0,1245.0,1180.0,1180.0,1782753,0.0,0.0
2013-08-28 00:00:00+09:00,1140.0,1190.0,1130.0,1170.0,1329588,0.0,0.0
2013-08-29 00:00:00+09:00,1170.0,1215.0,1160.0,1195.0,1012040,0.0,0.0
2013-08-30 00:00:00+09:00,1195.0,1205.0,1145.0,1150.0,1006520,0.0,0.0
2013-09-02 00:00:00+09:00,1150.0,1195.0,1145.0,1190.0,596328,0.0,0.0
2013-09-03 00:00:00+09:00,1180.0,1235.0,1180.0,1205.0,952899,0.0,0.0
2013-09-04 00:00:00+09:00,1215.0,1215.0,1180.0,1195.0,642557,0.0,0.0
2013-09-05 00:00:00+09:00,1200.0,1210.0,1170.0,1205.0,732769,0.0,0.0
2013-09-06 00:00:00+09:00,1215.0,1220.0,1170.0,1170.0,765207,0.0,0.0
2013-09-09 00:00:00+09:00,1185.0,1205.0,1160.0,1200.0,809538,0.0,0.0
2013-09-10 00:00:00+09:00,1205.0,1220.0,1180.0,1180.0,612820,0.0,0.0
2013-09-11 00:00:00+09:00,1185.0,1195.0,1170.0,1190.0,431507,0.0,0.0
2013-09-12 00:00:00+09:00,1205.0,1205.0,1180.0,1205.0,630475,0.0,0.0
2013-09-13 00:00:00+09:00,1205.0,1250.0,1200.0,1235.0,1338713,0.0,0.0
2013-09-16 00:00:00+09:00,1240.0,1250.0,1220.0,1220.0,705162,0.0,0.0
2013-09-17 00:00:00+09:00,1220.0,1230.0,1170.0,1195.0,934496,0.0,0.0
2013-09-23 00:00:00+09:00,1195.0,1210.0,1180.0,1200.0,416534,0.0,0.0
2013-09-24 00:00:00+09:00,1200.0,1225.0,1175.0,1225.0,710503,0.0,0.0
2013-09-25 00:00:00+09:00,1230.0,1265.0,1205.0,1255.0,1042945,0.0,0.0
2013-09-26 00:00:00+09:00,1255.0,1265.0,1235.0,1260.0,687427,0.0,0.0
2013-09-27 00:00:00+09:00,1265.0,1265.0,1235.0,1235.0,484162,0.0,0.0
2013-09-30 00:00:00+09:00,1225.0,1240.0,1215.0,1230.0,435160,0.0,0.0
2013-10-01 00:00:00+09:00,1230.0,1240.0,1170.0,1200.0,918232,0.0,0.0
2013-10-02 00:00:00+09:00,1195.0,1215.0,1185.0,1195.0,349823,0.0,0.0
2013-10-04 00:00:00+09:00,1210.0,1210.0,1170.0,1205.0,346332,0.0,0.0
2013-10-07 00:00:00+09:00,1210.0,1210.0,1190.0,1205.0,330094,0.0,0.0
2013-10-08 00:00:00+09:00,1195.0,1220.0,1185.0,1215.0,412069,0.0,0.0
2013-10-10 00:00:00+09:00,1210.0,1225.0,1200.0,1205.0,421311,0.0,0.0
2013-10-11 00:00:00+09:00,1215.0,1240.0,1205.0,1240.0,643729,0.0,0.0
2013-10-14 00:00:00+09:00,1285.0,1300.0,1250.0,1250.0,1623867,0.0,0.0
2013-10-15 00:00:00+09:00,1240.0,1260.0,1215.0,1245.0,549798,0.0,0.0
2013-10-16 00:00:00+09:00,1235.0,1260.0,1205.0,1220.0,777600,0.0,0.0
2013-10-17 00:00:00+09:00,1280.0,1285.0,1210.0,1210.0,1075464,0.0,0.0
2013-10-18 00:00:00+09:00,1200.0,1240.0,1195.0,1240.0,478310,0.0,0.0
2013-10-21 00:00:00+09:00,1230.0,1245.0,1215.0,1230.0,430708,0.0,0.0
2013-10-22 00:00:00+09:00,1220.0,1225.0,1200.0,1225.0,430549,0.0,0.0
2013-10-23 00:00:00+09:00,1230.0,1230.0,1190.0,1195.0,601815,0.0,0.0
2013-10-24 00:00:00+09:00,1200.0,1220.0,1180.0,1210.0,559154,0.0,0.0
2013-10-25 00:00:00+09:00,1195.0,1210.0,1185.0,1195.0,566835,0.0,0.0
2013-10-28 00:00:00+09:00,1200.0,1215.0,1195.0,1200.0,376026,0.0,0.0
2013-10-29 00:00:00+09:00,1200.0,1220.0,1195.0,1200.0,483230,0.0,0.0
2013-10-30 00:00:00+09:00,1215.0,1260.0,1215.0,1230.0,1404806,0.0,0.0
2013-10-31 00:00:00+09:00,1245.0,1265.0,1225.0,1235.0,618620,0.0,0.0
2013-11-01 00:00:00+09:00,1230.0,1260.0,1225.0,1255.0,585827,0.0,0.0
2013-11-04 00:00:00+09:00,1260.0,1270.0,1235.0,1255.0,767015,0.0,0.0
2013-11-05 00:00:00+09:00,1255.0,1265.0,1235.0,1260.0,654874,0.0,0.0
2013-11-06 00:00:00+09:00,1260.0,1375.0,1260.0,1320.0,4435376,0.0,0.0
2013-11-07 00:00:00+09:00,1340.0,1355.0,1290.0,1355.0,1984625,0.0,0.0
2013-11-08 00:00:00+09:00,1355.0,1400.0,1330.0,1380.0,2253080,0.0,0.0
2013-11-11 00:00:00+09:00,1390.0,1395.0,1275.0,1315.0,2107320,0.0,0.0
2013-11-12 00:00:00+09:00,1295.0,1335.0,1280.0,1330.0,1011996,0.0,0.0
2013-11-13 00:00:00+09:00,1330.0,1355.0,1265.0,1280.0,1385010,0.0,0.0
2013-11-14 00:00:00+09:00,1290.0,1315.0,1250.0,1300.0,1021724,0.0,0.0
2013-11-15 00:00:00+09:00,1320.0,1400.0,1315.0,1390.0,2644489,0.0,0.0
2013-11-18 00:00:00+09:00,1370.0,1395.0,1315.0,1360.0,1601559,0.0,0.0
2013-11-19 00:00:00+09:00,1375.0,1430.0,1335.0,1425.0,2814780,0.0,0.0
2013-11-20 00:00:00+09:00,1430.0,1440.0,1380.0,1400.0,2483675,0.0,0.0
2013-11-21 00:00:00+09:00,1405.0,1425.0,1360.0,1410.0,1769949,0.0,0.0
2013-11-22 00:00:00+09:00,1430.0,1430.0,1380.0,1380.0,1326082,0.0,0.0
2013-11-25 00:00:00+09:00,1390.0,1420.0,1370.0,1390.0,991875,0.0,0.0
2013-11-26 00:00:00+09:00,1400.0,1400.0,1375.0,1400.0,727557,0.0,0.0
2013-11-27 00:00:00+09:00,1400.0,1410.0,1370.0,1370.0,795492,0.0,0.0
2013-11-28 00:00:00+09:00,1435.0,1445.0,1365.0,1365.0,2743074,0.0,0.0
2013-11-29 00:00:00+09:00,1380.0,1385.0,1320.0,1320.0,1207666,0.0,0.0
2013-12-02 00:00:00+09:00,1310.0,1320.0,1280.0,1315.0,880717,0.0,0.0
2013-12-03 00:00:00+09:00,1305.0,1335.0,1290.0,1305.0,723953,0.0,0.0
2013-12-04 00:00:00+09:00,1305.0,1380.0,1265.0,1345.0,2142142,0.0,0.0
2013-12-05 00:00:00+09:00,1360.0,1365.0,1325.0,1350.0,563119,0.0,0.0
2013-12-06 00:00:00+09:00,1330.0,1345.0,1300.0,1310.0,610929,0.0,0.0
2013-12-09 00:00:00+09:00,1300.0,1335.0,1295.0,1310.0,647952,0.0,0.0
2013-12-10 00:00:00+09:00,1305.0,1325.0,1270.0,1280.0,604949,0.0,0.0
2013-12-11 00:00:00+09:00,1280.0,1280.0,1175.0,1185.0,1897264,0.0,0.0
2013-12-12 00:00:00+09:00,1185.0,1210.0,1140.0,1200.0,1268247,0.0,0.0
2013-12-13 00:00:00+09:00,1200.0,1210.0,1150.0,1160.0,661671,0.0,0.0
2013-12-16 00:00:00+09:00,1155.0,1160.0,1060.0,1060.0,1597928,0.0,0.0
2013-12-17 00:00:00+09:00,1065.0,1100.0,1065.0,1080.0,781703,0.0,0.0
2013-12-18 00:00:00+09:00,1085.0,1105.0,1045.0,1045.0,693234,0.0,0.0
2013-12-19 00:00:00+09:00,1060.0,1070.0,1025.0,1035.0,505392,0.0,0.0
2013-12-20 00:00:00+09:00,1040.0,1050.0,1025.0,1045.0,528596,0.0,0.0
2013-12-23 00:00:00+09:00,1050.0,1120.0,1050.0,1080.0,1098526,0.0,0.0
2013-12-24 00:00:00+09:00,1070.0,1080.0,1055.0,1065.0,326384,0.0,0.0
2013-12-26 00:00:00+09:00,1060.0,1070.0,1015.0,1015.0,878976,0.0,0.0
2013-12-27 00:00:00+09:00,1005.0,1025.0,989.0,1000.0,908762,0.0,0.0
2013-12-30 00:00:00+09:00,1015.0,1055.0,997.0,1030.0,560582,0.0,0.0
2014-01-02 00:00:00+09:00,1035.0,1055.0,1000.0,1020.0,516178,0.0,0.0
2014-01-03 00:00:00+09:00,1015.0,1025.0,997.0,1005.0,584036,0.0,0.0
2014-01-06 00:00:00+09:00,1015.0,1155.0,1000.0,1155.0,2047923,0.0,0.0
2014-01-07 00:00:00+09:00,1180.0,1200.0,1120.0,1125.0,5108277,0.0,0.0
2014-01-08 00:00:00+09:00,1135.0,1150.0,1100.0,1140.0,2125499,0.0,0.0
2014-01-09 00:00:00+09:00,1150.0,1175.0,1130.0,1155.0,2025332,0.0,0.0
2014-01-10 00:00:00+09:00,1160.0,1180.0,1055.0,1115.0,1694006,0.0,0.0
2014-01-13 00:00:00+09:00,1110.0,1150.0,1095.0,1125.0,969958,0.0,0.0
2014-01-14 00:00:00+09:00,1115.0,1210.0,1105.0,1175.0,3270785,0.0,0.0
2014-01-15 00:00:00+09:00,1185.0,1190.0,1150.0,1165.0,941042,0.0,0.0
2014-01-16 00:00:00+09:00,1175.0,1190.0,1150.0,1190.0,872534,0.0,0.0
2014-01-17 00:00:00+09:00,1175.0,1185.0,1155.0,1175.0,695798,0.0,0.0
2014-01-20 00:00:00+09:00,1260.0,1270.0,1180.0,1200.0,2346062,0.0,0.0
2014-01-21 00:00:00+09:00,1265.0,1275.0,1160.0,1195.0,3840822,0.0,0.0
2014-01-22 00:00:00+09:00,1200.0,1210.0,1175.0,1200.0,869044,0.0,0.0
2014-01-23 00:00:00+09:00,1260.0,1380.0,1215.0,1220.0,8440176,0.0,0.0
2014-01-24 00:00:00+09:00,1220.0,1240.0,1165.0,1170.0,1751478,0.0,0.0
2014-01-27 00:00:00+09:00,1130.0,1185.0,1115.0,1145.0,1672387,0.0,0.0
2014-01-28 00:00:00+09:00,1150.0,1175.0,1140.0,1155.0,596508,0.0,0.0
2014-01-29 00:00:00+09:00,1165.0,1190.0,1150.0,1150.0,628587,0.0,0.0
2014-02-03 00:00:00+09:00,1140.0,1140.0,1110.0,1135.0,773651,0.0,0.0
2014-02-04 00:00:00+09:00,1110.0,1120.0,1095.0,1105.0,874759,0.0,0.0
2014-02-05 00:00:00+09:00,1110.0,1115.0,1070.0,1075.0,755319,0.0,0.0
2014-02-06 00:00:00+09:00,1070.0,1090.0,1065.0,1090.0,469024,0.0,0.0
2014-02-07 00:00:00+09:00,1080.0,1180.0,1080.0,1125.0,2031540,0.0,0.0
2014-02-10 00:00:00+09:00,1130.0,1140.0,1120.0,1135.0,333174,0.0,0.0
2014-02-11 00:00:00+09:00,1135.0,1145.0,1125.0,1135.0,296043,0.0,0.0
2014-02-12 00:00:00+09:00,1140.0,1205.0,1130.0,1155.0,2649518,0.0,0.0
2014-02-13 00:00:00+09:00,1165.0,1170.0,1130.0,1135.0,543835,0.0,0.0
2014-02-14 00:00:00+09:00,1135.0,1160.0,1130.0,1135.0,516525,0.0,0.0
2014-02-17 00:00:00+09:00,1140.0,1140.0,1110.0,1115.0,475385,0.0,0.0
2014-02-18 00:00:00+09:00,1115.0,1140.0,1100.0,1120.0,430082,0.0,0.0
2014-02-19 00:00:00+09:00,1135.0,1170.0,1125.0,1160.0,1195726,0.0,0.0
2014-02-20 00:00:00+09:00,1165.0,1165.0,1145.0,1150.0,350961,0.0,0.0
2014-02-21 00:00:00+09:00,1150.0,1200.0,1145.0,1185.0,1110882,0.0,0.0
2014-02-24 00:00:00+09:00,1185.0,1235.0,1175.0,1205.0,1182789,0.0,0.0
2014-02-25 00:00:00+09:00,1220.0,1230.0,1190.0,1195.0,578217,0.0,0.0
2014-02-26 00:00:00+09:00,1195.0,1205.0,1175.0,1180.0,441386,0.0,0.0
2014-02-27 00:00:00+09:00,1180.0,1190.0,1150.0,1165.0,446476,0.0,0.0
2014-02-28 00:00:00+09:00,1165.0,1215.0,1160.0,1190.0,614250,0.0,0.0
2014-03-03 00:00:00+09:00,1205.0,1210.0,1180.0,1200.0,509523,0.0,0.0
2014-03-04 00:00:00+09:00,1190.0,1210.0,1185.0,1205.0,357133,0.0,0.0
2014-03-05 00:00:00+09:00,1215.0,1230.0,1205.0,1225.0,656285,0.0,0.0
2014-03-06 00:00:00+09:00,1230.0,1270.0,1210.0,1225.0,965007,0.0,0.0
2014-03-07 00:00:00+09:00,1225.0,1245.0,1215.0,1230.0,587354,0.0,0.0
2014-03-10 00:00:00+09:00,1225.0,1245.0,1210.0,1240.0,703440,0.0,0.0
2014-03-11 00:00:00+09:00,1250.0,1275.0,1235.0,1235.0,1100223,0.0,0.0
2014-03-12 00:00:00+09:00,1235.0,1240.0,1210.0,1215.0,1008225,0.0,0.0
2014-03-13 00:00:00+09:00,1230.0,1230.0,1210.0,1220.0,460545,0.0,0.0
2014-03-14 00:00:00+09:00,1215.0,1230.0,1210.0,1220.0,317406,0.0,0.0
2014-03-17 00:00:00+09:00,1220.0,1245.0,1215.0,1240.0,552126,0.0,0.0
2014-03-18 00:00:00+09:00,1250.0,1255.0,1230.0,1240.0,621575,0.0,0.0
2014-03-19 00:00:00+09:00,1250.0,1275.0,1240.0,1270.0,986236,0.0,0.0
2014-03-20 00:00:00+09:00,1265.0,1300.0,1255.0,1280.0,719005,0.0,0.0
2014-03-21 00:00:00+09:00,1290.0,1305.0,1265.0,1275.0,808503,0.0,0.0
2014-03-24 00:00:00+09:00,1265.0,1295.0,1265.0,1295.0,633345,0.0,0.0
2014-03-25 00:00:00+09:00,1290.0,1320.0,1285.0,1285.0,710599,0.0,0.0
2014-03-26 00:00:00+09:00,1290.0,1310.0,1280.0,1300.0,383579,0.0,0.0
2014-03-27 00:00:00+09:00,1295.0,1330.0,1290.0,1310.0,540239,0.0,0.0
2014-03-28 00:00:00+09:00,1325.0,1325.0,1300.0,1305.0,508851,0.0,0.0
2014-03-31 00:00:00+09:00,1320.0,1375.0,1320.0,1355.0,1234271,0.0,0.0
2014-04-01 00:00:00+09:00,1370.0,1375.0,1340.0,1375.0,502834,0.0,0.0
2014-04-02 00:00:00+09:00,1370.0,1440.0,1370.0,1410.0,1454067,0.0,0.0
2014-04-03 00:00:00+09:00,1430.0,1430.0,1380.0,1390.0,640836,0.0,0.0
2014-04-04 00:00:00+09:00,1390.0,1430.0,1380.0,1425.0,637104,0.0,0.0
2014-04-07 00:00:00+09:00,1425.0,1425.0,1380.0,1410.0,638470,0.0,0.0
2014-04-08 00:00:00+09:00,1400.0,1410.0,1385.0,1390.0,562065,0.0,0.0
2014-04-09 00:00:00+09:00,1390.0,1420.0,1390.0,1405.0,350684,0.0,0.0
2014-04-10 00:00:00+09:00,1430.0,1430.0,1400.0,1405.0,389630,0.0,0.0
2014-04-11 00:00:00+09:00,1390.0,1425.0,1380.0,1425.0,506658,0.0,0.0
2014-04-14 00:00:00+09:00,1430.0,1510.0,1425.0,1500.0,2053261,0.0,0.0
2014-04-15 00:00:00+09:00,1505.0,1520.0,1475.0,1510.0,589189,0.0,0.0
2014-04-16 00:00:00+09:00,1520.0,1520.0,1480.0,1515.0,564465,0.0,0.0
2014-04-17 00:00:00+09:00,1515.0,1520.0,1495.0,1515.0,384976,0.0,0.0
2014-04-18 00:00:00+09:00,1520.0,1550.0,1515.0,1515.0,525998,0.0,0.0
2014-04-21 00:00:00+09:00,1505.0,1540.0,1500.0,1520.0,508809,0.0,0.0
2014-04-22 00:00:00+09:00,1520.0,1530.0,1510.0,1530.0,402528,0.0,0.0
2014-04-23 00:00:00+09:00,1520.0,1545.0,1480.0,1480.0,685358,0.0,0.0
2014-04-24 00:00:00+09:00,1445.0,1480.0,1420.0,1475.0,1211484,0.0,0.0
2014-04-25 00:00:00+09:00,1485.0,1510.0,1435.0,1445.0,777699,0.0,0.0
2014-04-28 00:00:00+09:00,1430.0,1445.0,1390.0,1430.0,728479,0.0,0.0
2014-04-29 00:00:00+09:00,1440.0,1460.0,1425.0,1450.0,373192,0.0,0.0
2014-04-30 00:00:00+09:00,1465.0,1475.0,1445.0,1460.0,264526,0.0,0.0
2014-05-02 00:00:00+09:00,1475.0,1505.0,1460.0,1485.0,662964,0.0,0.0
2014-05-07 00:00:00+09:00,1490.0,1490.0,1400.0,1430.0,613225,0.0,0.0
2014-05-08 00:00:00+09:00,1425.0,1430.0,1360.0,1410.0,713682,0.0,0.0
2014-05-09 00:00:00+09:00,1425.0,1440.0,1410.0,1440.0,209639,0.0,0.0
2014-05-12 00:00:00+09:00,1465.0,1465.0,1410.0,1440.0,392208,0.0,0.0
2014-05-13 00:00:00+09:00,1455.0,1475.0,1440.0,1470.0,312256,0.0,0.0
2014-05-14 00:00:00+09:00,1480.0,1485.0,1455.0,1470.0,338400,0.0,0.0
2014-05-15 00:00:00+09:00,1455.0,1490.0,1455.0,1475.0,339066,0.0,0.0
2014-05-16 00:00:00+09:00,1480.0,1505.0,1460.0,1495.0,482599,0.0,0.0
2014-05-19 00:00:00+09:00,1515.0,1570.0,1485.0,1510.0,1827659,0.0,0.0
2014-05-20 00:00:00+09:00,1510.0,1550.0,1470.0,1545.0,1200849,0.0,0.0
2014-05-21 00:00:00+09:00,1540.0,1620.0,1510.0,1590.0,1510629,0.0,0.0
2014-05-22 00:00:00+09:00,1620.0,1625.0,1570.0,1595.0,848538,0.0,0.0
2014-05-23 00:00:00+09:00,1595.0,1595.0,1545.0,1565.0,657288,0.0,0.0
2014-05-26 00:00:00+09:00,1565.0,1565.0,1495.0,1505.0,1134393,0.0,0.0
2014-05-27 00:00:00+09:00,1525.0,1550.0,1490.0,1550.0,704461,0.0,0.0
2014-05-28 00:00:00+09:00,1555.0,1560.0,1530.0,1550.0,498641,0.0,0.0
2014-05-29 00:00:00+09:00,1540.0,1555.0,1510.0,1550.0,488380,0.0,0.0
2014-05-30 00:00:00+09:00,1550.0,1585.0,1515.0,1525.0,465886,0.0,0.0
2014-06-02 00:00:00+09:00,1500.0,1500.0,1395.0,1395.0,1883810,0.0,0.0
2014-06-03 00:00:00+09:00,1390.0,1410.0,1280.0,1350.0,1167890,0.0,0.0
2014-06-05 00:00:00+09:00,1370.0,1375.0,1305.0,1340.0,459120,0.0,0.0
2014-06-09 00:00:00+09:00,1325.0,1440.0,1325.0,1420.0,996122,0.0,0.0
2014-06-10 00:00:00+09:00,1400.0,1430.0,1370.0,1385.0,761042,0.0,0.0
2014-06-11 00:00:00+09:00,1385.0,1400.0,1370.0,1390.0,414942,0.0,0.0
2014-06-12 00:00:00+09:00,1390.0,1430.0,1385.0,1390.0,290249,0.0,0.0
2014-06-13 00:00:00+09:00,1410.0,1410.0,1360.0,1375.0,406866,0.0,0.0
2014-06-16 00:00:00+09:00,1390.0,1405.0,1365.0,1400.0,272634,0.0,0.0
2014-06-17 00:00:00+09:00,1405.0,1420.0,1370.0,1370.0,318245,0.0,0.0
2014-06-18 00:00:00+09:00,1375.0,1390.0,1340.0,1350.0,498704,0.0,0.0
2014-06-19 00:00:00+09:00,1340.0,1360.0,1310.0,1310.0,539858,0.0,0.0
2014-06-20 00:00:00+09:00,1335.0,1335.0,1310.0,1325.0,225335,0.0,0.0
2014-06-23 00:00:00+09:00,1340.0,1340.0,1240.0,1240.0,447025,0.0,0.0
2014-06-24 00:00:00+09:00,1230.0,1240.0,1165.0,1220.0,983764,0.0,0.0
2014-06-25 00:00:00+09:00,1220.0,1370.0,1210.0,1285.0,1937980,0.0,0.0
2014-06-26 00:00:00+09:00,1285.0,1300.0,1245.0,1250.0,661847,0.0,0.0
2014-06-27 00:00:00+09:00,1245.0,1280.0,1235.0,1235.0,612020,0.0,0.0
2014-06-30 00:00:00+09:00,1255.0,1305.0,1245.0,1300.0,683794,0.0,0.0
2014-07-01 00:00:00+09:00,1315.0,1330.0,1295.0,1320.0,214998,0.0,0.0
2014-07-02 00:00:00+09:00,1320.0,1330.0,1305.0,1325.0,302257,0.0,0.0
2014-07-03 00:00:00+09:00,1325.0,1355.0,1310.0,1355.0,376814,0.0,0.0
2014-07-04 00:00:00+09:00,1365.0,1365.0,1335.0,1345.0,345633,0.0,0.0
2014-07-07 00:00:00+09:00,1345.0,1380.0,1300.0,1340.0,867834,0.0,0.0
2014-07-08 00:00:00+09:00,1350.0,1395.0,1315.0,1320.0,875212,0.0,0.0
2014-07-09 00:00:00+09:00,1330.0,1345.0,1305.0,1315.0,544274,0.0,0.0
2014-07-10 00:00:00+09:00,1335.0,1385.0,1325.0,1385.0,1006645,0.0,0.0
2014-07-11 00:00:00+09:00,1375.0,1415.0,1365.0,1385.0,1246984,0.0,0.0
2014-07-14 00:00:00+09:00,1390.0,1410.0,1360.0,1380.0,659015,0.0,0.0
2014-07-15 00:00:00+09:00,1370.0,1385.0,1345.0,1345.0,837171,0.0,0.0
2014-07-16 00:00:00+09:00,1345.0,1350.0,1320.0,1335.0,507526,0.0,0.0
2014-07-17 00:00:00+09:00,1335.0,1350.0,1315.0,1325.0,457075,0.0,0.0
2014-07-18 00:00:00+09:00,1325.0,1390.0,1315.0,1390.0,1441056,0.0,0.0
2014-07-21 00:00:00+09:00,1430.0,1435.0,1365.0,1370.0,2244267,0.0,0.0
2014-07-22 00:00:00+09:00,1365.0,1385.0,1360.0,1365.0,657952,0.0,0.0
2014-07-23 00:00:00+09:00,1365.0,1380.0,1335.0,1345.0,953755,0.0,0.0
2014-07-24 00:00:00+09:00,1355.0,1365.0,1325.0,1330.0,445756,0.0,0.0
2014-07-25 00:00:00+09:00,1340.0,1375.0,1335.0,1370.0,404174,0.0,0.0
2014-07-28 00:00:00+09:00,1375.0,1375.0,1330.0,1330.0,490157,0.0,0.0
2014-07-29 00:00:00+09:00,1325.0,1345.0,1215.0,1265.0,875974,0.0,0.0
2014-07-30 00:00:00+09:00,1265.0,1290.0,1250.0,1270.0,303587,0.0,0.0
2014-07-31 00:00:00+09:00,1280.0,1280.0,1185.0,1235.0,870185,0.0,0.0
2014-08-01 00:00:00+09:00,1215.0,1260.0,1200.0,1240.0,256925,0.0,0.0
2014-08-04 00:00:00+09:00,1240.0,1265.0,1220.0,1240.0,381087,0.0,0.0
2014-08-05 00:00:00+09:00,1245.0,1275.0,1205.0,1210.0,600302,0.0,0.0
2014-08-06 00:00:00+09:00,1215.0,1225.0,1200.0,1210.0,525155,0.0,0.0
2014-08-07 00:00:00+09:00,1215.0,1215.0,1170.0,1185.0,583159,0.0,0.0
2014-08-08 00:00:00+09:00,1185.0,1190.0,1115.0,1175.0,1122036,0.0,0.0
2014-08-11 00:00:00+09:00,1175.0,1185.0,1150.0,1155.0,349603,0.0,0.0
2014-08-12 00:00:00+09:00,1155.0,1175.0,1150.0,1170.0,412509,0.0,0.0
2014-08-13 00:00:00+09:00,1165.0,1200.0,1155.0,1190.0,498647,0.0,0.0
2014-08-14 00:00:00+09:00,1190.0,1220.0,1185.0,1195.0,278389,0.0,0.0
2014-08-18 00:00:00+09:00,1200.0,1205.0,1175.0,1195.0,173984,0.0,0.0
2014-08-19 00:00:00+09:00,1210.0,1210.0,1180.0,1195.0,378592,0.0,0.0
2014-08-20 00:00:00+09:00,1190.0,1225.0,1185.0,1200.0,532035,0.0,0.0
2014-08-21 00:00:00+09:00,1185.0,1205.0,1170.0,1190.0,436166,0.0,0.0
2014-08-22 00:00:00+09:00,1200.0,1205.0,1190.0,1200.0,199745,0.0,0.0
2014-08-25 00:00:00+09:00,1205.0,1220.0,1180.0,1185.0,366070,0.0,0.0
2014-08-26 00:00:00+09:00,1200.0,1230.0,1185.0,1210.0,417931,0.0,0.0
2014-08-27 00:00:00+09:00,1215.0,1230.0,1205.0,1215.0,334898,0.0,0.0
2014-08-28 00:00:00+09:00,1220.0,1270.0,1215.0,1270.0,866719,0.0,0.0
2014-08-29 00:00:00+09:00,1260.0,1275.0,1230.0,1275.0,450248,0.0,0.0
2014-09-01 00:00:00+09:00,1295.0,1300.0,1240.0,1250.0,307239,0.0,0.0
2014-09-02 00:00:00+09:00,1250.0,1255.0,1210.0,1210.0,186283,0.0,0.0
2014-09-03 00:00:00+09:00,1210.0,1260.0,1200.0,1250.0,346826,0.0,0.0
2014-09-04 00:00:00+09:00,1255.0,1255.0,1215.0,1225.0,139710,0.0,0.0
2014-09-05 00:00:00+09:00,1230.0,1240.0,1215.0,1230.0,155029,0.0,0.0
2014-09-11 00:00:00+09:00,1235.0,1285.0,1220.0,1270.0,579189,0.0,0.0
2014-09-12 00:00:00+09:00,1280.0,1280.0,1240.0,1250.0,262952,0.0,0.0
2014-09-15 00:00:00+09:00,1260.0,1285.0,1255.0,1270.0,196608,0.0,0.0
2014-09-16 00:00:00+09:00,1255.0,1265.0,1240.0,1245.0,314311,0.0,0.0
2014-09-17 00:00:00+09:00,1240.0,1265.0,1230.0,1245.0,165734,0.0,0.0
2014-09-18 00:00:00+09:00,1245.0,1255.0,1220.0,1225.0,235328,0.0,0.0
2014-09-19 00:00:00+09:00,1230.0,1240.0,1220.0,1235.0,191154,0.0,0.0
2014-09-22 00:00:00+09:00,1240.0,1280.0,1225.0,1245.0,434382,0.0,0.0
2014-09-23 00:00:00+09:00,1255.0,1255.0,1190.0,1230.0,477362,0.0,0.0
2014-09-24 00:00:00+09:00,1235.0,1235.0,1200.0,1215.0,214634,0.0,0.0
2014-09-25 00:00:00+09:00,1215.0,1230.0,1185.0,1195.0,423409,0.0,0.0
2014-09-26 00:00:00+09:00,1185.0,1190.0,1150.0,1155.0,628277,0.0,0.0
2014-09-29 00:00:00+09:00,1175.0,1260.0,1170.0,1185.0,973817,0.0,0.0
2014-09-30 00:00:00+09:00,1195.0,1215.0,1160.0,1185.0,189470,0.0,0.0
2014-10-01 00:00:00+09:00,1180.0,1210.0,1160.0,1165.0,271442,0.0,0.0
2014-10-02 00:00:00+09:00,1160.0,1210.0,1150.0,1210.0,290925,0.0,0.0
2014-10-06 00:00:00+09:00,1225.0,1225.0,1190.0,1210.0,167346,0.0,0.0
2014-10-07 00:00:00+09:00,1215.0,1220.0,1180.0,1185.0,260664,0.0,0.0
2014-10-08 00:00:00+09:00,1185.0,1230.0,1180.0,1190.0,280121,0.0,0.0
2014-10-10 00:00:00+09:00,1200.0,1200.0,1155.0,1170.0,287032,0.0,0.0
2014-10-13 00:00:00+09:00,1170.0,1170.0,1105.0,1115.0,637409,0.0,0.0
2014-10-14 00:00:00+09:00,1085.0,1145.0,1085.0,1120.0,261328,0.0,0.0
2014-10-15 00:00:00+09:00,1130.0,1150.0,1120.0,1120.0,203219,0.0,0.0
2014-10-16 00:00:00+09:00,1130.0,1140.0,1105.0,1120.0,128770,0.0,0.0
2014-10-17 00:00:00+09:00,1120.0,1140.0,1095.0,1125.0,381738,0.0,0.0
2014-10-20 00:00:00+09:00,1125.0,1155.0,1110.0,1145.0,162627,0.0,0.0
2014-10-21 00:00:00+09:00,1150.0,1160.0,1120.0,1135.0,172320,0.0,0.0
2014-10-22 00:00:00+09:00,1145.0,1220.0,1135.0,1200.0,532479,0.0,0.0
2014-10-23 00:00:00+09:00,1220.0,1235.0,1165.0,1185.0,591884,0.0,0.0
2014-10-24 00:00:00+09:00,1205.0,1225.0,1185.0,1190.0,504284,0.0,0.0
2014-10-27 00:00:00+09:00,1230.0,1270.0,1200.0,1220.0,1688620,0.0,0.0
2014-10-28 00:00:00+09:00,1205.0,1230.0,1180.0,1190.0,607415,0.0,0.0
2014-10-29 00:00:00+09:00,1210.0,1230.0,1165.0,1210.0,451390,0.0,0.0
2014-10-30 00:00:00+09:00,1220.0,1235.0,1190.0,1195.0,399202,0.0,0.0
2014-10-31 00:00:00+09:00,1225.0,1225.0,1175.0,1175.0,207287,0.0,0.0
2014-11-03 00:00:00+09:00,1180.0,1190.0,1125.0,1135.0,288973,0.0,0.0
2014-11-04 00:00:00+09:00,1150.0,1165.0,1120.0,1125.0,288251,0.0,0.0
2014-11-05 00:00:00+09:00,1140.0,1145.0,1110.0,1130.0,231950,0.0,0.0
2014-11-06 00:00:00+09:00,1135.0,1135.0,1085.0,1135.0,237684,0.0,0.0
2014-11-07 00:00:00+09:00,1135.0,1145.0,1105.0,1120.0,281499,0.0,0.0
2014-11-10 00:00:00+09:00,1135.0,1140.0,1110.0,1130.0,175311,0.0,0.0
2014-11-11 00:00:00+09:00,1090.0,1090.0,995.0,1075.0,2352856,0.0,0.0
2014-11-12 00:00:00+09:00,1070.0,1100.0,1065.0,1100.0,208263,0.0,0.0
2014-11-13 00:00:00+09:00,1110.0,1110.0,1070.0,1095.0,201463,0.0,0.0
2014-11-14 00:00:00+09:00,1110.0,1110.0,1065.0,1075.0,216307,0.0,0.0
2014-11-17 00:00:00+09:00,1090.0,1090.0,1065.0,1065.0,133270,0.0,0.0
2014-11-18 00:00:00+09:00,1070.0,1090.0,1050.0,1055.0,119173,0.0,0.0
2014-11-19 00:00:00+09:00,1050.0,1070.0,1020.0,1055.0,372170,0.0,0.0
2014-11-20 00:00:00+09:00,1065.0,1080.0,1045.0,1050.0,215269,0.0,0.0
2014-11-21 00:00:00+09:00,1055.0,1085.0,1055.0,1070.0,132968,0.0,0.0
2014-11-24 00:00:00+09:00,1070.0,1085.0,1060.0,1080.0,150428,0.0,0.0
2014-11-25 00:00:00+09:00,1080.0,1085.0,1055.0,1065.0,148883,0.0,0.0
2014-11-26 00:00:00+09:00,1065.0,1075.0,1030.0,1045.0,293164,0.0,0.0
2014-11-27 00:00:00+09:00,1050.0,1065.0,1040.0,1055.0,74648,0.0,0.0
2014-11-28 00:00:00+09:00,1065.0,1085.0,1050.0,1080.0,169769,0.0,0.0
2014-12-01 00:00:00+09:00,1105.0,1185.0,1080.0,1120.0,1971026,0.0,0.0
2014-12-02 00:00:00+09:00,1130.0,1130.0,1080.0,1110.0,325380,0.0,0.0
2014-12-03 00:00:00+09:00,1100.0,1135.0,1100.0,1115.0,286386,0.0,0.0
2014-12-04 00:00:00+09:00,1130.0,1135.0,1105.0,1120.0,198807,0.0,0.0
2014-12-05 00:00:00+09:00,1120.0,1125.0,1090.0,1110.0,253664,0.0,0.0
2014-12-08 00:00:00+09:00,1120.0,1145.0,1100.0,1140.0,291896,0.0,0.0
2014-12-09 00:00:00+09:00,1140.0,1150.0,1115.0,1130.0,174597,0.0,0.0
2014-12-10 00:00:00+09:00,1120.0,1135.0,1115.0,1130.0,193971,0.0,0.0
2014-12-11 00:00:00+09:00,1130.0,1160.0,1115.0,1125.0,394792,0.0,0.0
2014-12-12 00:00:00+09:00,1130.0,1130.0,1105.0,1115.0,175672,0.0,0.0
2014-12-15 00:00:00+09:00,1105.0,1155.0,1095.0,1140.0,268106,0.0,0.0
2014-12-16 00:00:00+09:00,1135.0,1135.0,1110.0,1120.0,164031,0.0,0.0
2014-12-17 00:00:00+09:00,1130.0,1130.0,1065.0,1080.0,261356,0.0,0.0
2014-12-18 00:00:00+09:00,1080.0,1100.0,1030.0,1040.0,337370,0.0,0.0
2014-12-19 00:00:00+09:00,1055.0,1075.0,1045.0,1065.0,107033,0.0,0.0
2014-12-22 00:00:00+09:00,1080.0,1090.0,1050.0,1075.0,136201,0.0,0.0
2014-12-23 00:00:00+09:00,1065.0,1105.0,1055.0,1085.0,173453,0.0,0.0
2014-12-24 00:00:00+09:00,1095.0,1100.0,1065.0,1080.0,116326,0.0,0.0
2014-12-26 00:00:00+09:00,1095.0,1095.0,1065.0,1090.0,89895,0.0,0.0
2014-12-29 00:00:00+09:00,1095.0,1100.0,1060.0,1090.0,204124,0.0,0.0
2014-12-30 00:00:00+09:00,1090.0,1090.0,1065.0,1070.0,85678,0.0,0.0
2015-01-02 00:00:00+09:00,1065.0,1085.0,1055.0,1080.0,170443,0.0,0.0
2015-01-05 00:00:00+09:00,1085.0,1090.0,1070.0,1090.0,141612,0.0,0.0
2015-01-06 00:00:00+09:00,1080.0,1120.0,1075.0,1120.0,336804,0.0,0.0
2015-01-07 00:00:00+09:00,1145.0,1285.0,1135.0,1210.0,10570540,0.0,0.0
2015-01-08 00:00:00+09:00,1220.0,1235.0,1180.0,1235.0,1813551,0.0,0.0
2015-01-09 00:00:00+09:00,1230.0,1260.0,1205.0,1260.0,936723,0.0,0.0
2015-01-12 00:00:00+09:00,1245.0,1275.0,1220.0,1245.0,784419,0.0,0.0
2015-01-13 00:00:00+09:00,1255.0,1285.0,1220.0,1225.0,1056871,0.0,0.0
2015-01-14 00:00:00+09:00,1245.0,1255.0,1210.0,1230.0,540405,0.0,0.0
2015-01-15 00:00:00+09:00,1240.0,1250.0,1215.0,1225.0,520352,0.0,0.0
2015-01-16 00:00:00+09:00,1245.0,1295.0,1205.0,1280.0,1146006,0.0,0.0
2015-01-19 00:00:00+09:00,1300.0,1340.0,1260.0,1275.0,1786439,0.0,0.0
2015-01-20 00:00:00+09:00,1260.0,1280.0,1220.0,1250.0,885579,0.0,0.0
2015-01-21 00:00:00+09:00,1255.0,1260.0,1220.0,1230.0,639828,0.0,0.0
2015-01-22 00:00:00+09:00,1235.0,1245.0,1210.0,1225.0,654744,0.0,0.0
2015-01-23 00:00:00+09:00,1230.0,1265.0,1230.0,1245.0,604715,0.0,0.0
2015-01-26 00:00:00+09:00,1255.0,1260.0,1230.0,1245.0,375068,0.0,0.0
2015-01-27 00:00:00+09:00,1270.0,1270.0,1235.0,1240.0,392600,0.0,0.0
2015-01-28 00:00:00+09:00,1245.0,1255.0,1220.0,1255.0,544842,0.0,0.0
2015-01-29 00:00:00+09:00,1255.0,1290.0,1240.0,1290.0,737123,0.0,0.0
2015-01-30 00:00:00+09:00,1290.0,1355.0,1280.0,1305.0,1784246,0.0,0.0
2015-02-02 00:00:00+09:00,1305.0,1315.0,1255.0,1275.0,586612,0.0,0.0
2015-02-03 00:00:00+09:00,1265.0,1275.0,1240.0,1250.0,597838,0.0,0.0
2015-02-04 00:00:00+09:00,1265.0,1325.0,1255.0,1300.0,799468,0.0,0.0
2015-02-05 00:00:00+09:00,1320.0,1355.0,1285.0,1330.0,872800,0.0,0.0
2015-02-06 00:00:00+09:00,1330.0,1370.0,1315.0,1340.0,594286,0.0,0.0
2015-02-09 00:00:00+09:00,1340.0,1340.0,1295.0,1320.0,585488,0.0,0.0
2015-02-10 00:00:00+09:00,1320.0,1330.0,1275.0,1275.0,622046,0.0,0.0
2015-02-11 00:00:00+09:00,1285.0,1315.0,1270.0,1310.0,460648,0.0,0.0
2015-02-12 00:00:00+09:00,1340.0,1340.0,1295.0,1295.0,348882,0.0,0.0
2015-02-13 00:00:00+09:00,1285.0,1315.0,1280.0,1300.0,448551,0.0,0.0
2015-02-16 00:00:00+09:00,1315.0,1340.0,1285.0,1340.0,539410,0.0,0.0
2015-02-17 00:00:00+09:00,1340.0,1365.0,1320.0,1325.0,638508,0.0,0.0
2015-02-23 00:00:00+09:00,1350.0,1370.0,1325.0,1360.0,507817,0.0,0.0
2015-02-24 00:00:00+09:00,1385.0,1395.0,1355.0,1380.0,647623,0.0,0.0
2015-02-25 00:00:00+09:00,1525.0,1585.0,1435.0,1450.0,7891831,0.0,0.0
2015-02-26 00:00:00+09:00,1435.0,1465.0,1405.0,1445.0,1250129,0.0,0.0
2015-02-27 00:00:00+09:00,1445.0,1465.0,1425.0,1435.0,754598,0.0,0.0
2015-03-02 00:00:00+09:00,1440.0,1500.0,1435.0,1485.0,915491,0.0,0.0
2015-03-03 00:00:00+09:00,1530.0,1535.0,1460.0,1475.0,733015,0.0,0.0
2015-03-04 00:00:00+09:00,1485.0,1495.0,1450.0,1465.0,595441,0.0,0.0
2015-03-05 00:00:00+09:00,1475.0,1475.0,1405.0,1470.0,668756,0.0,0.0
2015-03-06 00:00:00+09:00,1495.0,1495.0,1450.0,1490.0,443114,0.0,0.0
2015-03-09 00:00:00+09:00,1565.0,1580.0,1460.0,1480.0,1860424,0.0,0.0
2015-03-10 00:00:00+09:00,1495.0,1495.0,1420.0,1430.0,695078,0.0,0.0
2015-03-11 00:00:00+09:00,1430.0,1435.0,1380.0,1435.0,398642,0.0,0.0
2015-03-12 00:00:00+09:00,1435.0,1460.0,1420.0,1440.0,283174,0.0,0.0
2015-03-13 00:00:00+09:00,1450.0,1490.0,1440.0,1480.0,510568,0.0,0.0
2015-03-16 00:00:00+09:00,1500.0,1500.0,1460.0,1470.0,415365,0.0,0.0
2015-03-17 00:00:00+09:00,1495.0,1500.0,1460.0,1475.0,254109,0.0,0.0
2015-03-18 00:00:00+09:00,1475.0,1520.0,1465.0,1480.0,748648,0.0,0.0
2015-03-19 00:00:00+09:00,1505.0,1505.0,1450.0,1465.0,412572,0.0,0.0
2015-03-20 00:00:00+09:00,1480.0,1480.0,1445.0,1460.0,237325,0.0,0.0
2015-03-23 00:00:00+09:00,1470.0,1525.0,1460.0,1505.0,797965,0.0,0.0
2015-03-24 00:00:00+09:00,1510.0,1545.0,1490.0,1535.0,908446,0.0,0.0
2015-03-25 00:00:00+09:00,1545.0,1650.0,1505.0,1590.0,2617313,0.0,0.0
2015-03-26 00:00:00+09:00,1615.0,1825.0,1610.0,1735.0,8539154,0.0,0.0
2015-03-27 00:00:00+09:00,1765.0,1780.0,1680.0,1740.0,2353783,0.0,0.0
2015-03-30 00:00:00+09:00,1740.0,1830.0,1685.0,1705.0,2701354,0.0,0.0
2015-03-31 00:00:00+09:00,1715.0,1750.0,1660.0,1690.0,1571989,0.0,0.0
2015-04-01 00:00:00+09:00,1680.0,1760.0,1665.0,1750.0,1197986,0.0,0.0
2015-04-02 00:00:00+09:00,1815.0,2010.0,1510.0,1685.0,12264150,0.0,0.0
2015-04-03 00:00:00+09:00,1685.0,1750.0,1625.0,1710.0,2603522,0.0,0.0
2015-04-06 00:00:00+09:00,1730.0,1865.0,1690.0,1830.0,2730929,0.0,0.0
2015-04-07 00:00:00+09:00,1860.0,1970.0,1775.0,1780.0,3062267,0.0,0.0
2015-04-08 00:00:00+09:00,1790.0,1830.0,1735.0,1810.0,1642851,0.0,0.0
2015-04-09 00:00:00+09:00,1785.0,1810.0,1765.0,1800.0,880145,0.0,0.0
2015-04-10 00:00:00+09:00,1815.0,1850.0,1780.0,1790.0,1055844,0.0,0.0
2015-04-13 00:00:00+09:00,1800.0,1960.0,1775.0,1885.0,4289462,0.0,0.0
2015-04-14 00:00:00+09:00,1900.0,1910.0,1750.0,1805.0,1812126,0.0,0.0
2015-04-15 00:00:00+09:00,1820.0,1840.0,1790.0,1805.0,825183,0.0,0.0
2015-04-16 00:00:00+09:00,1830.0,1935.0,1830.0,1860.0,2626714,0.0,0.0
2015-04-17 00:00:00+09:00,1805.0,1830.0,1770.0,1810.0,1470420,0.0,0.0
2015-04-20 00:00:00+09:00,1795.0,1810.0,1760.0,1805.0,1005672,0.0,0.0
2015-04-21 00:00:00+09:00,1825.0,1835.0,1780.0,1790.0,870927,0.0,0.0
2015-04-22 00:00:00+09:00,1790.0,1825.0,1650.0,1730.0,1629157,0.0,0.0
2015-04-23 00:00:00+09:00,1770.0,1780.0,1640.0,1670.0,988616,0.0,0.0
2015-04-24 00:00:00+09:00,1705.0,1710.0,1620.0,1680.0,673443,0.0,0.0
2015-04-27 00:00:00+09:00,1720.0,1755.0,1700.0,1750.0,588695,0.0,0.0
2015-04-28 00:00:00+09:00,1745.0,1745.0,1680.0,1680.0,626875,0.0,0.0
2015-04-29 00:00:00+09:00,1670.0,1715.0,1645.0,1700.0,489391,0.0,0.0
2015-04-30 00:00:00+09:00,1680.0,1710.0,1600.0,1630.0,806696,0.0,0.0
2015-05-04 00:00:00+09:00,1620.0,1635.0,1500.0,1550.0,930002,0.0,0.0
2015-05-06 00:00:00+09:00,1530.0,1555.0,1480.0,1540.0,611227,0.0,0.0
2015-05-07 00:00:00+09:00,1565.0,1640.0,1550.0,1625.0,814353,0.0,0.0
2015-05-08 00:00:00+09:00,1635.0,1675.0,1605.0,1655.0,382301,0.0,0.0
2015-05-11 00:00:00+09:00,1685.0,1710.0,1665.0,1680.0,434987,0.0,0.0
2015-05-12 00:00:00+09:00,1710.0,1725.0,1620.0,1620.0,529097,0.0,0.0
2015-05-13 00:00:00+09:00,1615.0,1660.0,1600.0,1650.0,304305,0.0,0.0
2015-05-14 00:00:00+09:00,1655.0,1700.0,1625.0,1685.0,323507,0.0,0.0
2015-05-15 00:00:00+09:00,1720.0,1775.0,1690.0,1710.0,1481615,0.0,0.0
2015-05-18 00:00:00+09:00,1710.0,1750.0,1690.0,1700.0,728543,0.0,0.0
2015-05-19 00:00:00+09:00,1715.0,1735.0,1660.0,1700.0,674108,0.0,0.0
2015-05-20 00:00:00+09:00,1695.0,1725.0,1650.0,1670.0,649798,0.0,0.0
2015-05-21 00:00:00+09:00,1690.0,1700.0,1645.0,1650.0,590251,0.0,0.0
2015-05-22 00:00:00+09:00,1895.0,1895.0,1805.0,1895.0,6961233,0.0,0.0
2015-05-26 00:00:00+09:00,2080.0,2175.0,2040.0,2175.0,5169827,0.0,0.0
2015-05-27 00:00:00+09:00,2400.0,2455.0,2030.0,2050.0,17911550,0.0,0.0
2015-05-28 00:00:00+09:00,2020.0,2160.0,1975.0,2075.0,8302211,0.0,0.0
2015-05-29 00:00:00+09:00,2100.0,2325.0,2065.0,2205.0,10368750,0.0,0.0
2015-06-01 00:00:00+09:00,2250.0,2535.0,2170.0,2535.0,6845363,0.0,0.0
2015-06-02 00:00:00+09:00,2825.0,2915.0,2535.0,2750.0,12858470,0.0,0.0
2015-06-03 00:00:00+09:00,2545.0,2910.0,2390.0,2600.0,10491540,0.0,0.0
2015-06-04 00:00:00+09:00,2605.0,2815.0,2555.0,2815.0,5946415,0.0,0.0
2015-06-05 00:00:00+09:00,2725.0,3045.0,2695.0,2855.0,7305564,0.0,0.0
2015-06-08 00:00:00+09:00,2885.0,3000.0,2570.0,2570.0,5312487,0.0,0.0
2015-06-09 00:00:00+09:00,2630.0,2685.0,2485.0,2580.0,3559954,0.0,0.0
2015-06-10 00:00:00+09:00,2650.0,2650.0,2455.0,2510.0,3247312,0.0,0.0
2015-06-11 00:00:00+09:00,2485.0,2550.0,2420.0,2525.0,2624168,0.0,0.0
2015-06-12 00:00:00+09:00,2490.0,2515.0,2315.0,2330.0,2453041,0.0,0.0
2015-06-15 00:00:00+09:00,2305.0,2385.0,2190.0,2385.0,1817730,0.0,0.0
2015-06-16 00:00:00+09:00,2435.0,2440.0,2265.0,2345.0,1395832,0.0,0.0
2015-06-17 00:00:00+09:00,2940.0,2940.0,2565.0,2650.0,7203401,0.0,0.0
2015-06-18 00:00:00+09:00,2650.0,2755.0,2505.0,2750.0,4789181,0.0,0.0
2015-06-19 00:00:00+09:00,2790.0,2790.0,2560.0,2665.0,2515350,0.0,0.0
2015-06-22 00:00:00+09:00,2705.0,2950.0,2640.0,2950.0,4660146,0.0,0.0
2015-06-23 00:00:00+09:00,3080.0,3835.0,3015.0,3835.0,15050950,0.0,0.0
2015-06-24 00:00:00+09:00,4015.0,4285.0,3730.0,4000.0,17227610,0.0,0.0
2015-06-25 00:00:00+09:00,3850.0,4200.0,3800.0,4090.0,7022375,0.0,0.0
2015-06-26 00:00:00+09:00,4000.0,4285.0,3910.0,4050.0,5728810,0.0,0.0
2015-06-29 00:00:00+09:00,3770.0,4240.0,3700.0,4070.0,4398837,0.0,0.0
2015-06-30 00:00:00+09:00,4020.0,4850.0,3980.0,4540.0,9171995,0.0,0.0
2015-07-01 00:00:00+09:00,4790.0,4940.0,4575.0,4630.0,3385087,0.0,0.0
2015-07-02 00:00:00+09:00,4500.0,4670.0,4150.0,4210.0,5017510,0.0,0.0
2015-07-03 00:00:00+09:00,4270.0,4400.0,4055.0,4310.0,3885551,0.0,0.0
2015-07-06 00:00:00+09:00,4310.0,4400.0,4045.0,4100.0,2639836,0.0,0.0
2015-07-07 00:00:00+09:00,4195.0,4265.0,3715.0,3805.0,3211806,0.0,0.0
2015-07-08 00:00:00+09:00,3830.0,4210.0,3660.0,4170.0,3872592,0.0,0.0
2015-07-09 00:00:00+09:00,4030.0,4185.0,3770.0,3995.0,2548717,0.0,0.0
2015-07-10 00:00:00+09:00,3995.0,4190.0,3975.0,4090.0,2011407,0.0,0.0
2015-07-13 00:00:00+09:00,4105.0,4195.0,3875.0,4000.0,1927017,0.0,0.0
2015-07-14 00:00:00+09:00,4100.0,4660.0,3995.0,4400.0,6864251,0.0,0.0
2015-07-15 00:00:00+09:00,4500.0,4580.0,4235.0,4350.0,2752807,0.0,0.0
2015-07-16 00:00:00+09:00,4410.0,4540.0,4300.0,4500.0,3583066,0.0,0.0
2015-07-17 00:00:00+09:00,4470.0,4470.0,4225.0,4250.0,2472547,0.0,0.0
2015-07-20 00:00:00+09:00,4240.0,4245.0,3970.0,4160.0,2375206,0.0,0.0
2015-07-21 00:00:00+09:00,4195.0,4340.0,4095.0,4095.0,1529954,0.0,0.0
2015-07-22 00:00:00+09:00,4090.0,4225.0,3925.0,4005.0,1758640,0.0,0.0
2015-07-23 00:00:00+09:00,4085.0,4085.0,3875.0,3885.0,1410236,0.0,0.0
2015-07-24 00:00:00+09:00,3885.0,4000.0,3850.0,3925.0,1130443,0.0,0.0
2015-07-27 00:00:00+09:00,3925.0,3925.0,3575.0,3575.0,1521794,0.0,0.0
2015-07-28 00:00:00+09:00,3385.0,3720.0,3350.0,3615.0,1883578,0.0,0.0
2015-07-29 00:00:00+09:00,3615.0,3715.0,3245.0,3475.0,1324294,0.0,0.0
2015-07-30 00:00:00+09:00,3445.0,3535.0,3215.0,3215.0,1227153,0.0,0.0
2015-07-31 00:00:00+09:00,3215.0,3685.0,3125.0,3535.0,2173207,0.0,0.0
2015-08-03 00:00:00+09:00,3600.0,3645.0,3395.0,3400.0,734423,0.0,0.0
2015-08-04 00:00:00+09:00,3440.0,3535.0,3315.0,3530.0,644590,0.0,0.0
2015-08-05 00:00:00+09:00,3550.0,3810.0,3505.0,3565.0,1817417,0.0,0.0
2015-08-06 00:00:00+09:00,3565.0,3650.0,3510.0,3570.0,646118,0.0,0.0
2015-08-07 00:00:00+09:00,3570.0,3595.0,3440.0,3465.0,593800,0.0,0.0
2015-08-10 00:00:00+09:00,3405.0,3540.0,3365.0,3375.0,470588,0.0,0.0
2015-08-11 00:00:00+09:00,3375.0,3555.0,3300.0,3300.0,583812,0.0,0.0
2015-08-12 00:00:00+09:00,3200.0,3270.0,2890.0,3020.0,1903167,0.0,0.0
2015-08-13 00:00:00+09:00,2950.0,3350.0,2950.0,3350.0,1126369,0.0,0.0
2015-08-17 00:00:00+09:00,3490.0,3495.0,3230.0,3235.0,648269,0.0,0.0
2015-08-18 00:00:00+09:00,3190.0,3250.0,2960.0,3000.0,996525,0.0,0.0
2015-08-19 00:00:00+09:00,2850.0,2920.0,2600.0,2830.0,1311819,0.0,0.0
2015-08-20 00:00:00+09:00,2760.0,2930.0,2750.0,2770.0,671026,0.0,0.0
2015-08-21 00:00:00+09:00,2515.0,2695.0,2490.0,2530.0,1236698,0.0,0.0
2015-08-24 00:00:00+09:00,2450.0,2645.0,2445.0,2460.0,1001359,0.0,0.0
2015-08-25 00:00:00+09:00,2565.0,2990.0,2470.0,2840.0,1966236,0.0,0.0
2015-08-26 00:00:00+09:00,2870.0,3170.0,2830.0,2990.0,2129797,0.0,0.0
2015-08-27 00:00:00+09:00,3100.0,3175.0,2955.0,3020.0,1253515,0.0,0.0
2015-08-28 00:00:00+09:00,3155.0,3160.0,3000.0,3025.0,763676,0.0,0.0
2015-08-31 00:00:00+09:00,3020.0,3035.0,2870.0,2870.0,1260637,0.0,0.0
2015-09-01 00:00:00+09:00,2920.0,3400.0,2890.0,3110.0,6853476,0.0,0.0
2015-09-02 00:00:00+09:00,3020.0,3240.0,2910.0,3090.0,3596483,0.0,0.0
2015-09-03 00:00:00+09:00,3210.0,3370.0,3080.0,3090.0,2669375,0.0,0.0
2015-09-04 00:00:00+09:00,3080.0,3130.0,2850.0,2870.0,1268432,0.0,0.0
2015-09-07 00:00:00+09:00,2870.0,3000.0,2750.0,2860.0,1070734,0.0,0.0
2015-09-08 00:00:00+09:00,2910.0,2990.0,2785.0,2900.0,940869,0.0,0.0
2015-09-09 00:00:00+09:00,3320.0,3350.0,3000.0,3020.0,2901183,0.0,0.0
2015-09-10 00:00:00+09:00,2935.0,3015.0,2920.0,2980.0,930876,0.0,0.0
2015-09-11 00:00:00+09:00,2985.0,3080.0,2905.0,2905.0,852731,0.0,0.0
2015-09-14 00:00:00+09:00,2930.0,2965.0,2835.0,2870.0,780784,0.0,0.0
2015-09-15 00:00:00+09:00,2850.0,2905.0,2800.0,2810.0,786616,0.0,0.0
2015-09-16 00:00:00+09:00,2820.0,2885.0,2810.0,2825.0,858221,0.0,0.0
2015-09-17 00:00:00+09:00,2855.0,2980.0,2830.0,2850.0,1315476,0.0,0.0
2015-09-18 00:00:00+09:00,2870.0,2930.0,2860.0,2900.0,927148,0.0,0.0
2015-09-21 00:00:00+09:00,2865.0,2895.0,2805.0,2830.0,880228,0.0,0.0
2015-09-22 00:00:00+09:00,2835.0,3095.0,2830.0,2940.0,2140173,0.0,0.0
2015-09-23 00:00:00+09:00,2900.0,3020.0,2865.0,2920.0,1656068,0.0,0.0
2015-09-24 00:00:00+09:00,2985.0,3150.0,2965.0,3020.0,2370872,0.0,0.0
2015-09-25 00:00:00+09:00,3045.0,3145.0,3020.0,3105.0,1833971,0.0,0.0
2015-09-30 00:00:00+09:00,3075.0,3265.0,3030.0,3230.0,2262807,0.0,0.0
2015-10-01 00:00:00+09:00,3300.0,3305.0,3130.0,3175.0,1721825,0.0,0.0
2015-10-02 00:00:00+09:00,3200.0,3210.0,3035.0,3050.0,1094560,0.0,0.0
2015-10-05 00:00:00+09:00,3070.0,3120.0,3015.0,3025.0,789906,0.0,0.0
2015-10-06 00:00:00+09:00,3060.0,3110.0,2980.0,2980.0,1040413,0.0,0.0
2015-10-07 00:00:00+09:00,2995.0,3045.0,2930.0,2980.0,779385,0.0,0.0
2015-10-08 00:00:00+09:00,2980.0,3070.0,2950.0,2990.0,722576,0.0,0.0
2015-10-12 00:00:00+09:00,3075.0,3250.0,3020.0,3250.0,3069989,0.0,0.0
2015-10-13 00:00:00+09:00,3535.0,3790.0,3210.0,3210.0,6905300,0.0,0.0
2015-10-14 00:00:00+09:00,3260.0,3365.0,3155.0,3360.0,2446835,0.0,0.0
2015-10-15 00:00:00+09:00,3420.0,3460.0,3310.0,3310.0,2154563,0.0,0.0
2015-10-16 00:00:00+09:00,3320.0,3425.0,3290.0,3340.0,1387252,0.0,0.0
2015-10-19 00:00:00+09:00,3320.0,3330.0,3200.0,3215.0,1082200,0.0,0.0
2015-10-20 00:00:00+09:00,3190.0,3350.0,3165.0,3240.0,1016161,0.0,0.0
2015-10-21 00:00:00+09:00,3240.0,3290.0,3170.0,3190.0,801851,0.0,0.0
2015-10-22 00:00:00+09:00,3210.0,3230.0,3070.0,3085.0,879795,0.0,0.0
2015-10-23 00:00:00+09:00,3105.0,3190.0,3085.0,3160.0,560533,0.0,0.0
2015-10-26 00:00:00+09:00,3195.0,3425.0,3170.0,3400.0,2439332,0.0,0.0
2015-10-27 00:00:00+09:00,3410.0,3450.0,3265.0,3305.0,1249811,0.0,0.0
2015-10-28 00:00:00+09:00,3340.0,3360.0,3225.0,3245.0,1057115,0.0,0.0
2015-10-29 00:00:00+09:00,3300.0,3430.0,3250.0,3385.0,2110113,0.0,0.0
2015-10-30 00:00:00+09:00,3415.0,3420.0,3265.0,3310.0,925554,0.0,0.0
2015-11-02 00:00:00+09:00,3330.0,3365.0,3155.0,3165.0,964296,0.0,0.0
2015-11-03 00:00:00+09:00,3150.0,3195.0,3070.0,3095.0,943393,0.0,0.0
2015-11-04 00:00:00+09:00,3095.0,3160.0,3015.0,3095.0,913200,0.0,0.0
2015-11-05 00:00:00+09:00,3095.0,3165.0,3030.0,3060.0,762263,0.0,0.0
2015-11-06 00:00:00+09:00,3075.0,3100.0,2890.0,2890.0,1378993,0.0,0.0
2015-11-09 00:00:00+09:00,2870.0,2880.0,2660.0,2690.0,1223543,0.0,0.0
2015-11-10 00:00:00+09:00,2610.0,2770.0,2560.0,2715.0,879310,0.0,0.0
2015-11-11 00:00:00+09:00,2705.0,2835.0,2700.0,2825.0,515671,0.0,0.0
2015-11-12 00:00:00+09:00,2830.0,2870.0,2735.0,2765.0,500531,0.0,0.0
2015-11-13 00:00:00+09:00,2705.0,2975.0,2625.0,2815.0,848375,0.0,0.0
2015-11-16 00:00:00+09:00,2755.0,2960.0,2710.0,2840.0,810540,0.0,0.0
2015-11-17 00:00:00+09:00,2870.0,2910.0,2835.0,2850.0,432534,0.0,0.0
2015-11-18 00:00:00+09:00,2960.0,2960.0,2790.0,2790.0,602476,0.0,0.0
2015-11-19 00:00:00+09:00,2835.0,2870.0,2775.0,2800.0,444430,0.0,0.0
2015-11-20 00:00:00+09:00,2800.0,2885.0,2800.0,2860.0,521389,0.0,0.0
2015-11-23 00:00:00+09:00,2880.0,2880.0,2800.0,2870.0,493041,0.0,0.0
2015-11-24 00:00:00+09:00,2855.0,3095.0,2840.0,2910.0,1724330,0.0,0.0
2015-11-25 00:00:00+09:00,2930.0,2960.0,2850.0,2850.0,394606,0.0,0.0
2015-11-26 00:00:00+09:00,2890.0,2950.0,2860.0,2870.0,463611,0.0,0.0
2015-11-27 00:00:00+09:00,2895.0,2910.0,2810.0,2870.0,419573,0.0,0.0
2015-11-30 00:00:00+09:00,2870.0,2890.0,2790.0,2810.0,354259,0.0,0.0
2015-12-01 00:00:00+09:00,2820.0,2865.0,2805.0,2815.0,350027,0.0,0.0
2015-12-02 00:00:00+09:00,2825.0,2850.0,2750.0,2750.0,489903,0.0,0.0
2015-12-03 00:00:00+09:00,2740.0,2750.0,2645.0,2720.0,476398,0.0,0.0
2015-12-04 00:00:00+09:00,2680.0,2740.0,2660.0,2695.0,240835,0.0,0.0
2015-12-07 00:00:00+09:00,2700.0,2755.0,2685.0,2740.0,255857,0.0,0.0
2015-12-08 00:00:00+09:00,2745.0,2755.0,2600.0,2615.0,472778,0.0,0.0
2015-12-09 00:00:00+09:00,2600.0,2640.0,2505.0,2505.0,544018,0.0,0.0
2015-12-10 00:00:00+09:00,2500.0,2535.0,2390.0,2425.0,599117,0.0,0.0
2015-12-11 00:00:00+09:00,2420.0,2480.0,2395.0,2405.0,321531,0.0,0.0
2015-12-14 00:00:00+09:00,2350.0,2355.0,2210.0,2215.0,587225,0.0,0.0
2015-12-15 00:00:00+09:00,2215.0,2285.0,2215.0,2260.0,288077,0.0,0.0
2015-12-16 00:00:00+09:00,2330.0,2545.0,2300.0,2445.0,1172767,0.0,0.0
2015-12-17 00:00:00+09:00,2500.0,2550.0,2440.0,2490.0,420352,0.0,0.0
2015-12-18 00:00:00+09:00,2430.0,2495.0,2405.0,2470.0,224082,0.0,0.0
2015-12-21 00:00:00+09:00,2445.0,2580.0,2440.0,2540.0,391940,0.0,0.0
2015-12-22 00:00:00+09:00,2570.0,2570.0,2480.0,2485.0,304932,0.0,0.0
2015-12-23 00:00:00+09:00,2475.0,2555.0,2455.0,2515.0,212003,0.0,0.0
2015-12-24 00:00:00+09:00,2525.0,2705.0,2525.0,2620.0,730117,0.0,0.0
2015-12-28 00:00:00+09:00,2620.0,2660.0,2590.0,2625.0,209164,0.0,0.0
2015-12-29 00:00:00+09:00,2650.0,2725.0,2625.0,2655.0,467728,0.0,0.0
2015-12-30 00:00:00+09:00,2655.0,2675.0,2625.0,2660.0,190590,0.0,0.0
2016-01-04 00:00:00+09:00,2685.0,2685.0,2570.0,2585.0,216426,0.0,0.0
2016-01-05 00:00:00+09:00,2535.0,2580.0,2500.0,2550.0,306125,0.0,0.0
2016-01-06 00:00:00+09:00,2545.0,2625.0,2510.0,2565.0,468647,0.0,0.0
2016-01-07 00:00:00+09:00,2595.0,2800.0,2550.0,2610.0,1614519,0.0,0.0
2016-01-08 00:00:00+09:00,2570.0,2620.0,2515.0,2620.0,558746,0.0,0.0
2016-01-11 00:00:00+09:00,2625.0,2680.0,2585.0,2610.0,438130,0.0,0.0
2016-01-12 00:00:00+09:00,2620.0,2650.0,2550.0,2550.0,308414,0.0,0.0
2016-01-13 00:00:00+09:00,2565.0,2615.0,2565.0,2590.0,252553,0.0,0.0
2016-01-14 00:00:00+09:00,2535.0,2585.0,2520.0,2545.0,367919,0.0,0.0
2016-01-15 00:00:00+09:00,2565.0,2720.0,2540.0,2625.0,978254,0.0,0.0
2016-01-18 00:00:00+09:00,2595.0,2680.0,2580.0,2635.0,447012,0.0,0.0
2016-01-19 00:00:00+09:00,2635.0,2720.0,2600.0,2710.0,770592,0.0,0.0
2016-01-20 00:00:00+09:00,2765.0,2825.0,2615.0,2670.0,1440878,0.0,0.0
2016-01-21 00:00:00+09:00,2670.0,2755.0,2635.0,2755.0,1013415,0.0,0.0
2016-01-22 00:00:00+09:00,2820.0,2870.0,2675.0,2695.0,985458,0.0,0.0
2016-01-25 00:00:00+09:00,2720.0,2730.0,2665.0,2665.0,548907,0.0,0.0
2016-01-26 00:00:00+09:00,2660.0,2750.0,2660.0,2665.0,557827,0.0,0.0
2016-01-27 00:00:00+09:00,2705.0,2710.0,2615.0,2625.0,463490,0.0,0.0
2016-01-28 00:00:00+09:00,2630.0,2680.0,2615.0,2660.0,289128,0.0,0.0
2016-01-29 00:00:00+09:00,2690.0,2690.0,2620.0,2625.0,316576,0.0,0.0
2016-02-01 00:00:00+09:00,2630.0,2675.0,2620.0,2625.0,229112,0.0,0.0
2016-02-02 00:00:00+09:00,2630.0,2735.0,2615.0,2710.0,589110,0.0,0.0
2016-02-03 00:00:00+09:00,2690.0,2705.0,2620.0,2640.0,391590,0.0,0.0
2016-02-04 00:00:00+09:00,2640.0,2675.0,2610.0,2635.0,351438,0.0,0.0
2016-02-05 00:00:00+09:00,2645.0,2660.0,2520.0,2520.0,606744,0.0,0.0
2016-02-11 00:00:00+09:00,2435.0,2475.0,2220.0,2295.0,923540,0.0,0.0
2016-02-12 00:00:00+09:00,2290.0,2290.0,1985.0,2045.0,1098914,0.0,0.0
2016-02-15 00:00:00+09:00,2045.0,2160.0,2045.0,2135.0,675587,0.0,0.0
2016-02-16 00:00:00+09:00,2140.0,2280.0,2135.0,2270.0,462597,0.0,0.0
2016-02-17 00:00:00+09:00,2290.0,2310.0,2240.0,2270.0,320629,0.0,0.0
2016-02-18 00:00:00+09:00,2285.0,2355.0,2275.0,2300.0,530499,0.0,0.0
2016-02-19 00:00:00+09:00,2305.0,2360.0,2275.0,2315.0,248191,0.0,0.0
2016-02-22 00:00:00+09:00,2325.0,2355.0,2305.0,2355.0,284716,0.0,0.0
2016-02-23 00:00:00+09:00,2355.0,2370.0,2270.0,2330.0,382973,0.0,0.0
2016-02-24 00:00:00+09:00,2290.0,2365.0,2275.0,2350.0,249977,0.0,0.0
2016-02-25 00:00:00+09:00,2390.0,2465.0,2340.0,2385.0,1012703,0.0,0.0
2016-02-26 00:00:00+09:00,2385.0,2515.0,2335.0,2380.0,1151414,0.0,0.0
2016-02-29 00:00:00+09:00,2480.0,2570.0,2425.0,2425.0,1756196,0.0,0.0
2016-03-02 00:00:00+09:00,2465.0,2495.0,2405.0,2430.0,546182,0.0,0.0
2016-03-03 00:00:00+09:00,2445.0,2445.0,2375.0,2420.0,365078,0.0,0.0
2016-03-04 00:00:00+09:00,2415.0,2435.0,2390.0,2435.0,301276,0.0,0.0
2016-03-07 00:00:00+09:00,2435.0,2495.0,2405.0,2460.0,467199,0.0,0.0
2016-03-08 00:00:00+09:00,2450.0,2475.0,2375.0,2405.0,311838,0.0,0.0
2016-03-09 00:00:00+09:00,2405.0,2450.0,2400.0,2435.0,247482,0.0,0.0
2016-03-10 00:00:00+09:00,2430.0,2470.0,2405.0,2465.0,212807,0.0,0.0
2016-03-11 00:00:00+09:00,2470.0,2510.0,2430.0,2470.0,260285,0.0,0.0
2016-03-14 00:00:00+09:00,2480.0,2490.0,2430.0,2455.0,249501,0.0,0.0
2016-03-15 00:00:00+09:00,2460.0,2500.0,2445.0,2475.0,285560,0.0,0.0
2016-03-16 00:00:00+09:00,2465.0,2490.0,2440.0,2450.0,216943,0.0,0.0
2016-03-17 00:00:00+09:00,2450.0,2480.0,2430.0,2460.0,223982,0.0,0.0
2016-03-18 00:00:00+09:00,2460.0,2580.0,2440.0,2580.0,763032,0.0,0.0
2016-03-21 00:00:00+09:00,2615.0,2650.0,2560.0,2580.0,698400,0.0,0.0
2016-03-22 00:00:00+09:00,2580.0,2590.0,2525.0,2585.0,305772,0.0,0.0
2016-03-23 00:00:00+09:00,2585.0,2620.0,2540.0,2540.0,308727,0.0,0.0
2016-03-24 00:00:00+09:00,2515.0,2530.0,2485.0,2500.0,242088,0.0,0.0
2016-03-25 00:00:00+09:00,2485.0,2540.0,2485.0,2500.0,223555,0.0,0.0
2016-03-28 00:00:00+09:00,2480.0,2495.0,2435.0,2445.0,339508,0.0,0.0
2016-03-29 00:00:00+09:00,2455.0,2505.0,2435.0,2505.0,421250,0.0,0.0
2016-03-30 00:00:00+09:00,2505.0,2550.0,2485.0,2500.0,318928,0.0,0.0
2016-03-31 00:00:00+09:00,2515.0,2610.0,2500.0,2530.0,690221,0.0,0.0
2016-04-01 00:00:00+09:00,2580.0,2585.0,2530.0,2535.0,393080,0.0,0.0
2016-04-04 00:00:00+09:00,2515.0,2540.0,2480.0,2490.0,310339,0.0,0.0
2016-04-05 00:00:00+09:00,2480.0,2510.0,2445.0,2460.0,270379,0.0,0.0
2016-04-06 00:00:00+09:00,2460.0,2515.0,2450.0,2490.0,287414,0.0,0.0
2016-04-07 00:00:00+09:00,2490.0,2520.0,2475.0,2475.0,305754,0.0,0.0
2016-04-08 00:00:00+09:00,2465.0,2505.0,2445.0,2485.0,417053,0.0,0.0
2016-04-11 00:00:00+09:00,2490.0,2565.0,2475.0,2520.0,471363,0.0,0.0
2016-04-12 00:00:00+09:00,2525.0,2560.0,2490.0,2520.0,362546,0.0,0.0
2016-04-14 00:00:00+09:00,2545.0,2560.0,2490.0,2490.0,374751,0.0,0.0
2016-04-15 00:00:00+09:00,2500.0,2505.0,2460.0,2480.0,377225,0.0,0.0
2016-04-18 00:00:00+09:00,2470.0,2495.0,2440.0,2470.0,365014,0.0,0.0
2016-04-19 00:00:00+09:00,2490.0,2545.0,2470.0,2540.0,494785,0.0,0.0
2016-04-20 00:00:00+09:00,2540.0,2615.0,2540.0,2570.0,1075149,0.0,0.0
2016-04-21 00:00:00+09:00,2570.0,2590.0,2510.0,2540.0,459833,0.0,0.0
2016-04-22 00:00:00+09:00,2540.0,2790.0,2525.0,2750.0,3015730,0.0,0.0
2016-04-25 00:00:00+09:00,2770.0,2835.0,2730.0,2785.0,1646730,0.0,0.0
2016-04-26 00:00:00+09:00,2870.0,2955.0,2740.0,2805.0,2341617,0.0,0.0
2016-04-27 00:00:00+09:00,2780.0,2940.0,2755.0,2780.0,1422076,0.0,0.0
2016-04-28 00:00:00+09:00,2965.0,2965.0,2840.0,2920.0,2054953,0.0,0.0
2016-04-29 00:00:00+09:00,2890.0,2890.0,2830.0,2885.0,653917,0.0,0.0
2016-05-02 00:00:00+09:00,3345.0,3750.0,3165.0,3750.0,20256240,0.0,0.0
2016-05-03 00:00:00+09:00,3680.0,4550.0,3660.0,3960.0,55987220,0.0,0.0
2016-05-04 00:00:00+09:00,4055.0,4165.0,3500.0,3535.0,16307080,0.0,0.0
2016-05-09 00:00:00+09:00,3525.0,3585.0,3265.0,3290.0,7284535,0.0,0.0
2016-05-10 00:00:00+09:00,3325.0,3415.0,3230.0,3275.0,7264147,0.0,0.0
2016-05-11 00:00:00+09:00,3300.0,3400.0,3265.0,3400.0,4570213,0.0,0.0
2016-05-12 00:00:00+09:00,3535.0,3680.0,3410.0,3410.0,13252410,0.0,0.0
2016-05-13 00:00:00+09:00,3380.0,3440.0,3195.0,3210.0,3821827,0.0,0.0
2016-05-16 00:00:00+09:00,3210.0,3290.0,3135.0,3250.0,2501300,0.0,0.0
2016-05-17 00:00:00+09:00,3205.0,3215.0,3120.0,3170.0,2088690,0.0,0.0
2016-05-18 00:00:00+09:00,3180.0,3190.0,3015.0,3020.0,2273565,0.0,0.0
2016-05-19 00:00:00+09:00,3080.0,3235.0,3080.0,3115.0,3114093,0.0,0.0
2016-05-20 00:00:00+09:00,3070.0,3275.0,3060.0,3200.0,2945932,0.0,0.0
2016-05-23 00:00:00+09:00,3245.0,3370.0,3200.0,3255.0,2594117,0.0,0.0
2016-05-24 00:00:00+09:00,3295.0,3365.0,3205.0,3205.0,2947217,0.0,0.0
2016-05-25 00:00:00+09:00,3215.0,3365.0,3210.0,3260.0,2870183,0.0,0.0
2016-05-26 00:00:00+09:00,3260.0,3405.0,3260.0,3385.0,3465661,0.0,0.0
2016-05-27 00:00:00+09:00,3385.0,3505.0,3300.0,3300.0,3332188,0.0,0.0
2016-05-30 00:00:00+09:00,3305.0,3360.0,3035.0,3090.0,2334500,0.0,0.0
2016-05-31 00:00:00+09:00,3085.0,3215.0,3085.0,3115.0,1488007,0.0,0.0
2016-06-01 00:00:00+09:00,3165.0,3180.0,3040.0,3095.0,1293715,0.0,0.0
2016-06-02 00:00:00+09:00,3085.0,3175.0,3075.0,3100.0,1185471,0.0,0.0
2016-06-03 00:00:00+09:00,3120.0,3210.0,3100.0,3185.0,1857129,0.0,0.0
2016-06-07 00:00:00+09:00,3215.0,3240.0,3125.0,3225.0,1380422,0.0,0.0
2016-06-08 00:00:00+09:00,3500.0,3665.0,3260.0,3260.0,14939770,0.0,0.0
2016-06-09 00:00:00+09:00,3230.0,3230.0,3075.0,3130.0,2267555,0.0,0.0
2016-06-10 00:00:00+09:00,3115.0,3185.0,3090.0,3090.0,1102760,0.0,0.0
2016-06-13 00:00:00+09:00,3060.0,3165.0,3060.0,3060.0,1296061,0.0,0.0
2016-06-14 00:00:00+09:00,3070.0,3115.0,2985.0,3010.0,1063066,0.0,0.0
2016-06-15 00:00:00+09:00,3070.0,3090.0,3010.0,3050.0,801729,0.0,0.0
2016-06-16 00:00:00+09:00,3060.0,3070.0,2880.0,2890.0,994661,0.0,0.0
2016-06-17 00:00:00+09:00,2900.0,3025.0,2860.0,2900.0,1085143,0.0,0.0
2016-06-20 00:00:00+09:00,2950.0,3050.0,2910.0,3040.0,919654,0.0,0.0
2016-06-21 00:00:00+09:00,3100.0,3105.0,2980.0,3015.0,857452,0.0,0.0
2016-06-22 00:00:00+09:00,3020.0,3110.0,2985.0,3025.0,793007,0.0,0.0
2016-06-23 00:00:00+09:00,3015.0,3040.0,2925.0,2925.0,784876,0.0,0.0
2016-06-24 00:00:00+09:00,2980.0,3000.0,2590.0,2650.0,1700703,0.0,0.0
2016-06-27 00:00:00+09:00,2540.0,2715.0,2540.0,2715.0,977148,0.0,0.0
2016-06-28 00:00:00+09:00,2670.0,2790.0,2670.0,2750.0,526465,0.0,0.0
2016-06-29 00:00:00+09:00,2805.0,2930.0,2805.0,2835.0,711528,0.0,0.0
2016-06-30 00:00:00+09:00,2865.0,2885.0,2835.0,2840.0,341271,0.0,0.0
2016-07-01 00:00:00+09:00,2870.0,2980.0,2825.0,2910.0,698534,0.0,0.0
2016-07-04 00:00:00+09:00,2905.0,3100.0,2905.0,3100.0,1261523,0.0,0.0
2016-07-05 00:00:00+09:00,3120.0,3185.0,3025.0,3180.0,2905308,0.0,0.0
2016-07-06 00:00:00+09:00,3155.0,3230.0,3075.0,3180.0,1511581,0.0,0.0
2016-07-07 00:00:00+09:00,3200.0,3240.0,3155.0,3170.0,1030628,0.0,0.0
2016-07-08 00:00:00+09:00,3230.0,3275.0,3105.0,3105.0,2394169,0.0,0.0
2016-07-11 00:00:00+09:00,3120.0,3170.0,3075.0,3110.0,899374,0.0,0.0
2016-07-12 00:00:00+09:00,3140.0,3200.0,3115.0,3130.0,927970,0.0,0.0
2016-07-13 00:00:00+09:00,3140.0,3250.0,3115.0,3250.0,1886776,0.0,0.0
2016-07-14 00:00:00+09:00,3530.0,3635.0,3150.0,3150.0,8772308,0.0,0.0
2016-07-15 00:00:00+09:00,3180.0,3180.0,3050.0,3065.0,1585007,0.0,0.0
2016-07-18 00:00:00+09:00,3055.0,3255.0,3035.0,3220.0,2116599,0.0,0.0
2016-07-19 00:00:00+09:00,3250.0,3450.0,3210.0,3290.0,5071989,0.0,0.0
2016-07-20 00:00:00+09:00,3280.0,3370.0,3215.0,3255.0,1819350,0.0,0.0
2016-07-21 00:00:00+09:00,3280.0,3330.0,3245.0,3285.0,1012239,0.0,0.0
2016-07-22 00:00:00+09:00,3335.0,3560.0,3300.0,3320.0,12525850,0.0,0.0
2016-07-25 00:00:00+09:00,3385.0,3490.0,3370.0,3430.0,3515344,0.0,0.0
2016-07-26 00:00:00+09:00,3500.0,3525.0,3380.0,3380.0,2624993,0.0,0.0
2016-07-27 00:00:00+09:00,3380.0,3650.0,3330.0,3640.0,10240340,0.0,0.0
2016-07-28 00:00:00+09:00,3730.0,3755.0,3555.0,3615.0,5547152,0.0,0.0
2016-07-29 00:00:00+09:00,3610.0,3610.0,3455.0,3465.0,2953184,0.0,0.0
2016-08-01 00:00:00+09:00,3515.0,3530.0,3380.0,3420.0,1581920,0.0,0.0
2016-08-02 00:00:00+09:00,3435.0,3445.0,3280.0,3290.0,1665248,0.0,0.0
2016-08-03 00:00:00+09:00,3270.0,3285.0,3185.0,3190.0,1164857,0.0,0.0
2016-08-04 00:00:00+09:00,3220.0,3480.0,3200.0,3480.0,2299887,0.0,0.0
2016-08-05 00:00:00+09:00,3415.0,3505.0,3400.0,3445.0,1560924,0.0,0.0
2016-08-08 00:00:00+09:00,3445.0,3540.0,3375.0,3530.0,1528433,0.0,0.0
2016-08-09 00:00:00+09:00,3575.0,3635.0,3450.0,3450.0,3295502,0.0,0.0
2016-08-10 00:00:00+09:00,3490.0,3520.0,3415.0,3435.0,1329697,0.0,0.0
2016-08-11 00:00:00+09:00,3420.0,3450.0,3260.0,3270.0,1529319,0.0,0.0
2016-08-12 00:00:00+09:00,3275.0,3370.0,3275.0,3330.0,626756,0.0,0.0
2016-08-16 00:00:00+09:00,3335.0,3375.0,3235.0,3235.0,832667,0.0,0.0
2016-08-17 00:00:00+09:00,3215.0,3235.0,3085.0,3100.0,868565,0.0,0.0
2016-08-18 00:00:00+09:00,3120.0,3350.0,3115.0,3180.0,1414147,0.0,0.0
2016-08-19 00:00:00+09:00,3175.0,3245.0,3170.0,3225.0,387142,0.0,0.0
2016-08-22 00:00:00+09:00,3270.0,3270.0,3095.0,3095.0,466255,0.0,0.0
2016-08-23 00:00:00+09:00,3080.0,3140.0,3045.0,3055.0,593771,0.0,0.0
2016-08-24 00:00:00+09:00,3070.0,3135.0,3030.0,3045.0,440744,0.0,0.0
2016-08-25 00:00:00+09:00,3015.0,3045.0,3000.0,3005.0,561686,0.0,0.0
2016-08-26 00:00:00+09:00,3030.0,3040.0,2975.0,3005.0,427724,0.0,0.0
2016-08-29 00:00:00+09:00,3030.0,3045.0,2755.0,2860.0,837568,0.0,0.0
2016-08-30 00:00:00+09:00,2860.0,2955.0,2860.0,2940.0,338060,0.0,0.0
2016-08-31 00:00:00+09:00,2940.0,2975.0,2835.0,2890.0,340424,0.0,0.0
2016-09-01 00:00:00+09:00,2860.0,2935.0,2860.0,2925.0,311041,0.0,0.0
2016-09-02 00:00:00+09:00,2920.0,2950.0,2850.0,2865.0,414459,0.0,0.0
2016-09-05 00:00:00+09:00,2885.0,2935.0,2865.0,2880.0,428002,0.0,0.0
2016-09-06 00:00:00+09:00,2885.0,2940.0,2875.0,2935.0,442721,0.0,0.0
2016-09-07 00:00:00+09:00,2935.0,3010.0,2900.0,2910.0,516683,0.0,0.0
2016-09-08 00:00:00+09:00,2910.0,2915.0,2660.0,2750.0,1090140,0.0,0.0
2016-09-09 00:00:00+09:00,2705.0,2730.0,2625.0,2705.0,676120,0.0,0.0
2016-09-12 00:00:00+09:00,2610.0,2655.0,2570.0,2590.0,686636,0.0,0.0
2016-09-13 00:00:00+09:00,2680.0,2690.0,2590.0,2615.0,355902,0.0,0.0
2016-09-19 00:00:00+09:00,2635.0,2740.0,2620.0,2725.0,349146,0.0,0.0
2016-09-20 00:00:00+09:00,2710.0,2880.0,2710.0,2880.0,749283,0.0,0.0
2016-09-21 00:00:00+09:00,3025.0,3295.0,2950.0,3025.0,6765714,0.0,0.0
2016-09-22 00:00:00+09:00,3060.0,3070.0,2940.0,3030.0,871365,0.0,0.0
2016-09-23 00:00:00+09:00,3050.0,3160.0,2990.0,3080.0,1696213,0.0,0.0
2016-09-26 00:00:00+09:00,3080.0,3165.0,3055.0,3105.0,906598,0.0,0.0
2016-09-27 00:00:00+09:00,3110.0,3110.0,3010.0,3025.0,572175,0.0,0.0
2016-09-28 00:00:00+09:00,3050.0,3110.0,3015.0,3040.0,493188,0.0,0.0
2016-09-29 00:00:00+09:00,3040.0,3110.0,3030.0,3085.0,369917,0.0,0.0
2016-09-30 00:00:00+09:00,3075.0,3075.0,2910.0,2950.0,723013,0.0,0.0
2016-10-04 00:00:00+09:00,2990.0,3070.0,2970.0,2990.0,403549,0.0,0.0
2016-10-05 00:00:00+09:00,2975.0,3040.0,2975.0,3030.0,369720,0.0,0.0
2016-10-06 00:00:00+09:00,3065.0,3065.0,2990.0,3030.0,305148,0.0,0.0
2016-10-07 00:00:00+09:00,3045.0,3175.0,3030.0,3165.0,1660702,0.0,0.0
2016-10-10 00:00:00+09:00,3175.0,3220.0,3055.0,3065.0,1063839,0.0,0.0
2016-10-11 00:00:00+09:00,3075.0,3090.0,2965.0,2985.0,609083,0.0,0.0
2016-10-12 00:00:00+09:00,2985.0,3020.0,2975.0,2985.0,268907,0.0,0.0
2016-10-13 00:00:00+09:00,3015.0,3020.0,2905.0,2905.0,318918,0.0,0.0
2016-10-14 00:00:00+09:00,2915.0,3040.0,2880.0,3035.0,627080,0.0,0.0
2016-10-17 00:00:00+09:00,3040.0,3080.0,2965.0,2965.0,834145,0.0,0.0
2016-10-18 00:00:00+09:00,2970.0,2995.0,2910.0,2915.0,357415,0.0,0.0
2016-10-19 00:00:00+09:00,2920.0,2965.0,2890.0,2930.0,303828,0.0,0.0
2016-10-20 00:00:00+09:00,2960.0,2975.0,2845.0,2850.0,383740,0.0,0.0
2016-10-21 00:00:00+09:00,2900.0,2920.0,2800.0,2810.0,410940,0.0,0.0
2016-10-24 00:00:00+09:00,2825.0,2860.0,2710.0,2710.0,370723,0.0,0.0
2016-10-25 00:00:00+09:00,2725.0,2950.0,2660.0,2815.0,1006272,0.0,0.0
2016-10-26 00:00:00+09:00,2755.0,2805.0,2600.0,2705.0,538542,0.0,0.0
2016-10-27 00:00:00+09:00,2685.0,2750.0,2685.0,2720.0,233061,0.0,0.0
2016-10-28 00:00:00+09:00,2715.0,2725.0,2555.0,2590.0,538831,0.0,0.0
2016-10-31 00:00:00+09:00,2540.0,2560.0,2325.0,2325.0,1211037,0.0,0.0
2016-11-01 00:00:00+09:00,2250.0,2465.0,2250.0,2400.0,1134654,0.0,0.0
2016-11-02 00:00:00+09:00,2400.0,2435.0,2225.0,2225.0,715806,0.0,0.0
2016-11-03 00:00:00+09:00,2200.0,2325.0,2200.0,2310.0,445631,0.0,0.0
2016-11-04 00:00:00+09:00,2290.0,2355.0,2250.0,2335.0,307239,0.0,0.0
2016-11-07 00:00:00+09:00,2350.0,2430.0,2350.0,2385.0,283968,0.0,0.0
2016-11-08 00:00:00+09:00,2410.0,2420.0,2370.0,2370.0,244319,0.0,0.0
2016-11-09 00:00:00+09:00,2375.0,2400.0,1985.0,2230.0,1069231,0.0,0.0
2016-11-10 00:00:00+09:00,2305.0,2330.0,2270.0,2325.0,433435,0.0,0.0
2016-11-11 00:00:00+09:00,2330.0,2335.0,2275.0,2285.0,314763,0.0,0.0
2016-11-14 00:00:00+09:00,2290.0,2370.0,2270.0,2305.0,429426,0.0,0.0
2016-11-15 00:00:00+09:00,2325.0,2350.0,2300.0,2325.0,385176,0.0,0.0
2016-11-16 00:00:00+09:00,2330.0,2435.0,2330.0,2370.0,620837,0.0,0.0
2016-11-17 00:00:00+09:00,2390.0,2410.0,2345.0,2390.0,309069,0.0,0.0
2016-11-18 00:00:00+09:00,2425.0,2425.0,2350.0,2365.0,337020,0.0,0.0
2016-11-21 00:00:00+09:00,2350.0,2360.0,2265.0,2265.0,359860,0.0,0.0
2016-11-22 00:00:00+09:00,2265.0,2305.0,2260.0,2270.0,175671,0.0,0.0
2016-11-23 00:00:00+09:00,2265.0,2290.0,2155.0,2160.0,398130,0.0,0.0
2016-11-24 00:00:00+09:00,2160.0,2190.0,2095.0,2100.0,331957,0.0,0.0
2016-11-25 00:00:00+09:00,2135.0,2185.0,2095.0,2155.0,288159,0.0,0.0
2016-11-28 00:00:00+09:00,2180.0,2180.0,2090.0,2105.0,181604,0.0,0.0
2016-11-29 00:00:00+09:00,2090.0,2165.0,2090.0,2145.0,219439,0.0,0.0
2016-11-30 00:00:00+09:00,2150.0,2185.0,2115.0,2135.0,349486,0.0,0.0
2016-12-01 00:00:00+09:00,2155.0,2155.0,2110.0,2125.0,153167,0.0,0.0
2016-12-02 00:00:00+09:00,2125.0,2165.0,2115.0,2120.0,221238,0.0,0.0
2016-12-05 00:00:00+09:00,2105.0,2125.0,1970.0,2000.0,377289,0.0,0.0
2016-12-06 00:00:00+09:00,2025.0,2070.0,2020.0,2060.0,247231,0.0,0.0
2016-12-07 00:00:00+09:00,2065.0,2615.0,2055.0,2455.0,12582900,0.0,0.0
2016-12-08 00:00:00+09:00,2470.0,2520.0,2300.0,2315.0,3199394,0.0,0.0
2016-12-09 00:00:00+09:00,2325.0,2395.0,2240.0,2270.0,1415024,0.0,0.0
2016-12-12 00:00:00+09:00,2330.0,2740.0,2290.0,2565.0,13989560,0.0,0.0
2016-12-13 00:00:00+09:00,2555.0,2565.0,2455.0,2550.0,2496491,0.0,0.0
2016-12-14 00:00:00+09:00,2545.0,2700.0,2535.0,2615.0,4538026,0.0,0.0
2016-12-15 00:00:00+09:00,2595.0,2660.0,2555.0,2625.0,1084937,0.0,0.0
2016-12-16 00:00:00+09:00,2630.0,2655.0,2560.0,2560.0,1033252,0.0,0.0
2016-12-19 00:00:00+09:00,2555.0,2580.0,2475.0,2520.0,765589,0.0,0.0
2016-12-20 00:00:00+09:00,2535.0,2780.0,2525.0,2555.0,4718581,0.0,0.0
2016-12-21 00:00:00+09:00,2570.0,2590.0,2475.0,2550.0,1099396,0.0,0.0
2016-12-22 00:00:00+09:00,2570.0,2785.0,2555.0,2560.0,4471004,0.0,0.0
2016-12-23 00:00:00+09:00,2570.0,2670.0,2560.0,2630.0,1267919,0.0,0.0
2016-12-26 00:00:00+09:00,2560.0,2590.0,2505.0,2530.0,1398412,0.0,0.0
2016-12-27 00:00:00+09:00,2540.0,2560.0,2480.0,2480.0,417648,0.0,0.0
2016-12-28 00:00:00+09:00,2480.0,2605.0,2480.0,2570.0,687640,0.0,0.0
2016-12-29 00:00:00+09:00,2575.0,2640.0,2545.0,2610.0,643931,0.0,0.0
2017-01-02 00:00:00+09:00,2645.0,2645.0,2585.0,2615.0,388359,0.0,0.0
2017-01-03 00:00:00+09:00,2600.0,2670.0,2600.0,2640.0,499499,0.0,0.0
2017-01-04 00:00:00+09:00,2645.0,2725.0,2625.0,2660.0,899679,0.0,0.0
2017-01-05 00:00:00+09:00,2670.0,2710.0,2635.0,2685.0,625227,0.0,0.0
2017-01-06 00:00:00+09:00,2700.0,2740.0,2655.0,2675.0,606914,0.0,0.0
2017-01-09 00:00:00+09:00,2670.0,2695.0,2615.0,2635.0,455332,0.0,0.0
2017-01-10 00:00:00+09:00,2830.0,2895.0,2645.0,2675.0,3644554,0.0,0.0
2017-01-11 00:00:00+09:00,2690.0,2780.0,2655.0,2730.0,1280065,0.0,0.0
2017-01-12 00:00:00+09:00,2730.0,2745.0,2630.0,2635.0,535157,0.0,0.0
2017-01-13 00:00:00+09:00,2620.0,2675.0,2590.0,2595.0,384850,0.0,0.0
2017-01-16 00:00:00+09:00,2590.0,2615.0,2520.0,2520.0,371518,0.0,0.0
2017-01-17 00:00:00+09:00,2515.0,2635.0,2510.0,2610.0,621325,0.0,0.0
2017-01-18 00:00:00+09:00,2600.0,2625.0,2565.0,2575.0,377378,0.0,0.0
2017-01-19 00:00:00+09:00,2560.0,2640.0,2555.0,2560.0,281977,0.0,0.0
2017-01-20 00:00:00+09:00,2550.0,2600.0,2515.0,2540.0,290915,0.0,0.0
2017-01-23 00:00:00+09:00,2560.0,2580.0,2475.0,2480.0,312094,0.0,0.0
2017-01-24 00:00:00+09:00,2460.0,2495.0,2410.0,2415.0,307382,0.0,0.0
2017-01-25 00:00:00+09:00,2415.0,2495.0,2415.0,2440.0,222650,0.0,0.0
2017-01-26 00:00:00+09:00,2445.0,2480.0,2420.0,2460.0,249335,0.0,0.0
2017-01-31 00:00:00+09:00,2445.0,2510.0,2445.0,2480.0,172191,0.0,0.0
2017-02-01 00:00:00+09:00,2465.0,2530.0,2460.0,2530.0,230073,0.0,0.0
2017-02-02 00:00:00+09:00,2505.0,2530.0,2445.0,2455.0,298554,0.0,0.0
2017-02-03 00:00:00+09:00,2455.0,2475.0,2370.0,2390.0,250540,0.0,0.0
2017-02-06 00:00:00+09:00,2390.0,2500.0,2390.0,2450.0,213374,0.0,0.0
2017-02-07 00:00:00+09:00,2440.0,2490.0,2415.0,2435.0,122985,0.0,0.0
2017-02-08 00:00:00+09:00,2415.0,2440.0,2395.0,2410.0,191467,0.0,0.0
2017-02-09 00:00:00+09:00,2405.0,2440.0,2385.0,2400.0,103833,0.0,0.0
2017-02-10 00:00:00+09:00,2400.0,2420.0,2320.0,2345.0,263135,0.0,0.0
2017-02-13 00:00:00+09:00,2340.0,2360.0,2305.0,2340.0,140926,0.0,0.0
2017-02-14 00:00:00+09:00,2345.0,2370.0,2330.0,2365.0,110185,0.0,0.0
2017-02-15 00:00:00+09:00,2420.0,2420.0,2355.0,2355.0,166663,0.0,0.0
2017-02-16 00:00:00+09:00,2360.0,2380.0,2330.0,2350.0,134870,0.0,0.0
2017-02-17 00:00:00+09:00,2335.0,2360.0,2310.0,2350.0,120699,0.0,0.0
2017-02-20 00:00:00+09:00,2350.0,2375.0,2335.0,2360.0,80849,0.0,0.0
2017-02-21 00:00:00+09:00,2355.0,2370.0,2340.0,2360.0,206158,0.0,0.0
2017-02-22 00:00:00+09:00,2360.0,2460.0,2360.0,2445.0,369961,0.0,0.0
2017-02-23 00:00:00+09:00,2455.0,2455.0,2385.0,2395.0,247045,0.0,0.0
2017-02-24 00:00:00+09:00,2390.0,2390.0,2330.0,2330.0,203771,0.0,0.0
2017-02-27 00:00:00+09:00,2330.0,2345.0,2310.0,2325.0,119022,0.0,0.0
2017-02-28 00:00:00+09:00,2270.0,2290.0,2210.0,2250.0,389840,0.0,0.0
2017-03-02 00:00:00+09:00,2280.0,2280.0,2180.0,2205.0,135664,0.0,0.0
2017-03-03 00:00:00+09:00,2175.0,2220.0,2100.0,2195.0,256690,0.0,0.0
2017-03-06 00:00:00+09:00,2150.0,2200.0,2145.0,2195.0,170618,0.0,0.0
2017-03-07 00:00:00+09:00,2205.0,2290.0,2205.0,2225.0,123130,0.0,0.0
2017-03-08 00:00:00+09:00,2235.0,2245.0,2220.0,2220.0,72472,0.0,0.0
2017-03-09 00:00:00+09:00,2240.0,2250.0,2205.0,2225.0,140006,0.0,0.0
2017-03-10 00:00:00+09:00,2225.0,2230.0,2140.0,2225.0,264431,0.0,0.0
2017-03-13 00:00:00+09:00,2225.0,2305.0,2220.0,2300.0,244087,0.0,0.0
2017-03-14 00:00:00+09:00,2290.0,2330.0,2260.0,2310.0,239861,0.0,0.0
2017-03-15 00:00:00+09:00,2320.0,2360.0,2295.0,2325.0,248618,0.0,0.0
2017-03-16 00:00:00+09:00,2325.0,2380.0,2325.0,2355.0,264114,0.0,0.0
2017-03-17 00:00:00+09:00,2360.0,2645.0,2350.0,2395.0,3935622,0.0,0.0
2017-03-20 00:00:00+09:00,2405.0,2425.0,2365.0,2395.0,416282,0.0,0.0
2017-03-21 00:00:00+09:00,2385.0,2410.0,2370.0,2375.0,296167,0.0,0.0
2017-03-22 00:00:00+09:00,2320.0,2375.0,2315.0,2350.0,215165,0.0,0.0
2017-03-23 00:00:00+09:00,2350.0,2355.0,2310.0,2315.0,136453,0.0,0.0
2017-03-24 00:00:00+09:00,2305.0,2380.0,2300.0,2320.0,190375,0.0,0.0
2017-03-27 00:00:00+09:00,2360.0,2370.0,2310.0,2335.0,254272,0.0,0.0
2017-03-28 00:00:00+09:00,2350.0,2420.0,2340.0,2370.0,550269,0.0,0.0
2017-03-29 00:00:00+09:00,2400.0,2560.0,2380.0,2495.0,2339335,0.0,0.0
2017-03-30 00:00:00+09:00,2530.0,2665.0,2510.0,2580.0,2694866,0.0,0.0
2017-03-31 00:00:00+09:00,2590.0,2660.0,2520.0,2600.0,2321190,0.0,0.0
2017-04-03 00:00:00+09:00,2630.0,2640.0,2540.0,2560.0,816251,0.0,0.0
2017-04-04 00:00:00+09:00,2620.0,2630.0,2500.0,2525.0,793657,0.0,0.0
2017-04-05 00:00:00+09:00,2525.0,2600.0,2525.0,2590.0,535480,0.0,0.0
2017-04-06 00:00:00+09:00,2585.0,2600.0,2520.0,2565.0,434865,0.0,0.0
2017-04-07 00:00:00+09:00,2575.0,2585.0,2535.0,2585.0,209816,0.0,0.0
2017-04-10 00:00:00+09:00,2600.0,2695.0,2355.0,2465.0,2381810,0.0,0.0
2017-04-11 00:00:00+09:00,2485.0,2540.0,2415.0,2465.0,433499,0.0,0.0
2017-04-12 00:00:00+09:00,2470.0,2500.0,2430.0,2490.0,409875,0.0,0.0
2017-04-13 00:00:00+09:00,2490.0,2645.0,2490.0,2630.0,1304478,0.0,0.0
2017-04-14 00:00:00+09:00,2655.0,2685.0,2565.0,2580.0,974584,0.0,0.0
2017-04-17 00:00:00+09:00,2605.0,2665.0,2585.0,2635.0,751807,0.0,0.0
2017-04-18 00:00:00+09:00,2640.0,2665.0,2610.0,2635.0,476129,0.0,0.0
2017-04-19 00:00:00+09:00,2610.0,2630.0,2550.0,2610.0,594247,0.0,0.0
2017-04-20 00:00:00+09:00,2610.0,2740.0,2575.0,2620.0,1727096,0.0,0.0
2017-04-21 00:00:00+09:00,2660.0,2685.0,2610.0,2620.0,635281,0.0,0.0
2017-04-24 00:00:00+09:00,2605.0,2635.0,2525.0,2550.0,628798,0.0,0.0
2017-04-25 00:00:00+09:00,2550.0,2600.0,2545.0,2590.0,276089,0.0,0.0
2017-04-26 00:00:00+09:00,2620.0,2650.0,2595.0,2610.0,364733,0.0,0.0
2017-04-27 00:00:00+09:00,2760.0,3050.0,2700.0,2825.0,29298730,0.0,0.0
2017-04-28 00:00:00+09:00,2900.0,2925.0,2670.0,2685.0,5355675,0.0,0.0
2017-05-02 00:00:00+09:00,2750.0,2805.0,2685.0,2765.0,3615112,0.0,0.0
2017-05-04 00:00:00+09:00,2765.0,2825.0,2730.0,2810.0,2024826,0.0,0.0
2017-05-08 00:00:00+09:00,2825.0,2860.0,2795.0,2795.0,2201936,0.0,0.0
2017-05-10 00:00:00+09:00,2805.0,2855.0,2775.0,2785.0,1349134,0.0,0.0
2017-05-11 00:00:00+09:00,2800.0,2805.0,2740.0,2755.0,996570,0.0,0.0
2017-05-12 00:00:00+09:00,2755.0,2845.0,2755.0,2800.0,1258350,0.0,0.0
2017-05-15 00:00:00+09:00,2790.0,2845.0,2785.0,2785.0,910514,0.0,0.0
2017-05-16 00:00:00+09:00,2820.0,2830.0,2735.0,2760.0,607028,0.0,0.0
2017-05-17 00:00:00+09:00,2765.0,2790.0,2720.0,2740.0,472404,0.0,0.0
2017-05-18 00:00:00+09:00,2680.0,2740.0,2665.0,2685.0,668529,0.0,0.0
2017-05-19 00:00:00+09:00,2700.0,2820.0,2700.0,2810.0,977763,0.0,0.0
2017-05-22 00:00:00+09:00,2830.0,2910.0,2785.0,2785.0,2238373,0.0,0.0
2017-05-23 00:00:00+09:00,2790.0,2870.0,2770.0,2850.0,957259,0.0,0.0
2017-05-24 00:00:00+09:00,2835.0,2880.0,2810.0,2825.0,753632,0.0,0.0
2017-05-25 00:00:00+09:00,2825.0,2835.0,2760.0,2785.0,557156,0.0,0.0
2017-05-26 00:00:00+09:00,2795.0,2805.0,2755.0,2755.0,399012,0.0,0.0
2017-05-29 00:00:00+09:00,2760.0,2785.0,2735.0,2750.0,445545,0.0,0.0
2017-05-30 00:00:00+09:00,2755.0,2835.0,2755.0,2805.0,807348,0.0,0.0
2017-05-31 00:00:00+09:00,2820.0,2840.0,2785.0,2805.0,498550,0.0,0.0
2017-06-01 00:00:00+09:00,2820.0,2890.0,2810.0,2845.0,1345564,0.0,0.0
2017-06-02 00:00:00+09:00,2845.0,2880.0,2835.0,2845.0,579518,0.0,0.0
2017-06-05 00:00:00+09:00,2865.0,2880.0,2790.0,2790.0,794160,0.0,0.0
2017-06-07 00:00:00+09:00,2810.0,2810.0,2730.0,2770.0,708740,0.0,0.0
2017-06-08 00:00:00+09:00,2755.0,2870.0,2745.0,2850.0,1502445,0.0,0.0
2017-06-09 00:00:00+09:00,2860.0,2860.0,2800.0,2830.0,640868,0.0,0.0
2017-06-12 00:00:00+09:00,2890.0,2930.0,2810.0,2815.0,1305372,0.0,0.0
2017-06-13 00:00:00+09:00,2800.0,2845.0,2795.0,2805.0,419879,0.0,0.0
2017-06-14 00:00:00+09:00,2830.0,2935.0,2765.0,2920.0,3035279,0.0,0.0
2017-06-15 00:00:00+09:00,2950.0,2975.0,2855.0,2890.0,1512074,0.0,0.0
2017-06-16 00:00:00+09:00,2890.0,2930.0,2870.0,2925.0,950376,0.0,0.0
2017-06-19 00:00:00+09:00,2960.0,2965.0,2880.0,2930.0,1066870,0.0,0.0
2017-06-20 00:00:00+09:00,2920.0,3075.0,2910.0,2990.0,3738933,0.0,0.0
2017-06-21 00:00:00+09:00,3035.0,3050.0,2950.0,3000.0,2289011,0.0,0.0
2017-06-22 00:00:00+09:00,3035.0,3050.0,2875.0,2875.0,1668168,0.0,0.0
2017-06-23 00:00:00+09:00,2875.0,2900.0,2805.0,2855.0,900250,0.0,0.0
2017-06-26 00:00:00+09:00,2865.0,2965.0,2845.0,2920.0,1268993,0.0,0.0
2017-06-27 00:00:00+09:00,2910.0,2940.0,2880.0,2880.0,511232,0.0,0.0
2017-06-28 00:00:00+09:00,2900.0,2910.0,2760.0,2780.0,826997,0.0,0.0
2017-06-29 00:00:00+09:00,2780.0,2795.0,2685.0,2720.0,774612,0.0,0.0
2017-06-30 00:00:00+09:00,2720.0,2785.0,2660.0,2770.0,493597,0.0,0.0
2017-07-03 00:00:00+09:00,2750.0,2790.0,2690.0,2710.0,347554,0.0,0.0
2017-07-04 00:00:00+09:00,2710.0,2790.0,2670.0,2750.0,623184,0.0,0.0
2017-07-05 00:00:00+09:00,2760.0,2795.0,2710.0,2790.0,530675,0.0,0.0
2017-07-06 00:00:00+09:00,2790.0,2805.0,2750.0,2795.0,330508,0.0,0.0
2017-07-07 00:00:00+09:00,2780.0,2785.0,2755.0,2785.0,213523,0.0,0.0
2017-07-10 00:00:00+09:00,2795.0,2805.0,2745.0,2745.0,298462,0.0,0.0
2017-07-11 00:00:00+09:00,2745.0,2765.0,2730.0,2745.0,283052,0.0,0.0
2017-07-12 00:00:00+09:00,2750.0,2765.0,2660.0,2665.0,504133,0.0,0.0
2017-07-13 00:00:00+09:00,2690.0,2705.0,2555.0,2575.0,688225,0.0,0.0
2017-07-14 00:00:00+09:00,2585.0,2645.0,2570.0,2605.0,378325,0.0,0.0
2017-07-17 00:00:00+09:00,2605.0,2660.0,2605.0,2650.0,259769,0.0,0.0
2017-07-18 00:00:00+09:00,2660.0,2670.0,2610.0,2635.0,292963,0.0,0.0
2017-07-19 00:00:00+09:00,2640.0,2695.0,2625.0,2680.0,327316,0.0,0.0
2017-07-20 00:00:00+09:00,2700.0,2725.0,2665.0,2695.0,242779,0.0,0.0
2017-07-21 00:00:00+09:00,2700.0,2720.0,2670.0,2700.0,313138,0.0,0.0
2017-07-24 00:00:00+09:00,2710.0,2720.0,2635.0,2635.0,278922,0.0,0.0
2017-07-25 00:00:00+09:00,2650.0,2660.0,2580.0,2590.0,427500,0.0,0.0
2017-07-26 00:00:00+09:00,2605.0,2615.0,2525.0,2525.0,391283,0.0,0.0
2017-07-27 00:00:00+09:00,2530.0,2555.0,2445.0,2490.0,570829,0.0,0.0
2017-07-28 00:00:00+09:00,2480.0,2515.0,2430.0,2430.0,489244,0.0,0.0
2017-07-31 00:00:00+09:00,2400.0,2435.0,2375.0,2385.0,320226,0.0,0.0
2017-08-01 00:00:00+09:00,2385.0,2470.0,2385.0,2450.0,243471,0.0,0.0
2017-08-02 00:00:00+09:00,2585.0,2610.0,2480.0,2495.0,898513,0.0,0.0
2017-08-03 00:00:00+09:00,2490.0,2505.0,2425.0,2430.0,370475,0.0,0.0
2017-08-04 00:00:00+09:00,2455.0,2935.0,2430.0,2540.0,13854460,0.0,0.0
2017-08-07 00:00:00+09:00,2555.0,2660.0,2535.0,2545.0,2639158,0.0,0.0
2017-08-08 00:00:00+09:00,2560.0,2645.0,2550.0,2580.0,1698629,0.0,0.0
2017-08-09 00:00:00+09:00,2540.0,2560.0,2445.0,2480.0,1099518,0.0,0.0
2017-08-10 00:00:00+09:00,2465.0,2530.0,2445.0,2470.0,787389,0.0,0.0
2017-08-11 00:00:00+09:00,2430.0,2450.0,2365.0,2370.0,634629,0.0,0.0
2017-08-14 00:00:00+09:00,2370.0,2405.0,2250.0,2305.0,601916,0.0,0.0
2017-08-16 00:00:00+09:00,2305.0,2480.0,2305.0,2390.0,932182,0.0,0.0
2017-08-17 00:00:00+09:00,2430.0,2430.0,2350.0,2400.0,374193,0.0,0.0
2017-08-18 00:00:00+09:00,2370.0,2400.0,2350.0,2390.0,284837,0.0,0.0
2017-08-21 00:00:00+09:00,2410.0,2440.0,2380.0,2385.0,287851,0.0,0.0
2017-08-22 00:00:00+09:00,2385.0,2415.0,2370.0,2410.0,246582,0.0,0.0
2017-08-23 00:00:00+09:00,2430.0,2450.0,2375.0,2380.0,330083,0.0,0.0
2017-08-24 00:00:00+09:00,2380.0,2475.0,2340.0,2465.0,482456,0.0,0.0
2017-08-25 00:00:00+09:00,2470.0,2505.0,2440.0,2460.0,478779,0.0,0.0
2017-08-28 00:00:00+09:00,2490.0,2495.0,2455.0,2460.0,270219,0.0,0.0
2017-08-29 00:00:00+09:00,2440.0,2475.0,2410.0,2465.0,368680,0.0,0.0
2017-08-30 00:00:00+09:00,2605.0,2625.0,2485.0,2485.0,1725374,0.0,0.0
2017-08-31 00:00:00+09:00,2500.0,2535.0,2485.0,2495.0,403076,0.0,0.0
2017-09-01 00:00:00+09:00,2510.0,2575.0,2475.0,2550.0,833702,0.0,0.0
2017-09-04 00:00:00+09:00,2470.0,2570.0,2460.0,2520.0,855179,0.0,0.0
2017-09-05 00:00:00+09:00,2545.0,2570.0,2490.0,2500.0,462286,0.0,0.0
2017-09-06 00:00:00+09:00,2515.0,2605.0,2500.0,2595.0,1433506,0.0,0.0
2017-09-07 00:00:00+09:00,2595.0,2610.0,2560.0,2575.0,494355,0.0,0.0
2017-09-08 00:00:00+09:00,2560.0,2595.0,2495.0,2500.0,532355,0.0,0.0
2017-09-11 00:00:00+09:00,2495.0,2530.0,2470.0,2475.0,315933,0.0,0.0
2017-09-12 00:00:00+09:00,2480.0,2550.0,2480.0,2535.0,374396,0.0,0.0
2017-09-13 00:00:00+09:00,2525.0,2565.0,2490.0,2490.0,373001,0.0,0.0
2017-09-14 00:00:00+09:00,2490.0,2550.0,2490.0,2530.0,350475,0.0,0.0
2017-09-15 00:00:00+09:00,2520.0,2535.0,2475.0,2475.0,305628,0.0,0.0
2017-09-18 00:00:00+09:00,2475.0,2500.0,2425.0,2435.0,319262,0.0,0.0
2017-09-19 00:00:00+09:00,2440.0,2460.0,2400.0,2410.0,240176,0.0,0.0
2017-09-20 00:00:00+09:00,2395.0,2455.0,2355.0,2430.0,421091,0.0,0.0
2017-09-21 00:00:00+09:00,2430.0,2440.0,2370.0,2380.0,260731,0.0,0.0
2017-09-25 00:00:00+09:00,2205.0,2270.0,2180.0,2180.0,300210,0.0,0.0
2017-09-26 00:00:00+09:00,2090.0,2225.0,2090.0,2195.0,337543,0.0,0.0
2017-09-27 00:00:00+09:00,2180.0,2240.0,2180.0,2200.0,146128,0.0,0.0
2017-09-28 00:00:00+09:00,2260.0,2270.0,2190.0,2205.0,96024,0.0,0.0
2017-09-29 00:00:00+09:00,2205.0,2245.0,2205.0,2220.0,139912,0.0,0.0
2017-10-10 00:00:00+09:00,2230.0,2355.0,2230.0,2260.0,559457,0.0,0.0
2017-10-11 00:00:00+09:00,2260.0,2290.0,2250.0,2280.0,90258,0.0,0.0
2017-10-12 00:00:00+09:00,2295.0,2295.0,2240.0,2255.0,107741,0.0,0.0
2017-10-13 00:00:00+09:00,2245.0,2485.0,2225.0,2340.0,3474504,0.0,0.0
2017-10-16 00:00:00+09:00,2315.0,2350.0,2275.0,2280.0,269598,0.0,0.0
2017-10-17 00:00:00+09:00,2300.0,2310.0,2225.0,2230.0,244990,0.0,0.0
2017-10-18 00:00:00+09:00,2235.0,2260.0,2190.0,2200.0,230868,0.0,0.0
2017-10-19 00:00:00+09:00,2210.0,2390.0,2210.0,2250.0,1242632,0.0,0.0
2017-10-20 00:00:00+09:00,2270.0,2345.0,2265.0,2270.0,478433,0.0,0.0
2017-10-23 00:00:00+09:00,2310.0,2325.0,2250.0,2320.0,202127,0.0,0.0
2017-10-24 00:00:00+09:00,2310.0,2345.0,2305.0,2330.0,182149,0.0,0.0
2017-10-25 00:00:00+09:00,2330.0,2370.0,2310.0,2330.0,227044,0.0,0.0
2017-10-26 00:00:00+09:00,2345.0,2345.0,2280.0,2320.0,193722,0.0,0.0
2017-10-27 00:00:00+09:00,2315.0,2345.0,2305.0,2325.0,154506,0.0,0.0
2017-10-30 00:00:00+09:00,2330.0,2575.0,2320.0,2390.0,3092613,0.0,0.0
2017-10-31 00:00:00+09:00,2465.0,2475.0,2390.0,2395.0,836895,0.0,0.0
2017-11-01 00:00:00+09:00,2450.0,2480.0,2405.0,2420.0,686513,0.0,0.0
2017-11-02 00:00:00+09:00,2435.0,2460.0,2380.0,2400.0,359825,0.0,0.0
2017-11-03 00:00:00+09:00,2405.0,2460.0,2400.0,2440.0,379921,0.0,0.0
2017-11-06 00:00:00+09:00,2465.0,2475.0,2425.0,2440.0,236589,0.0,0.0
2017-11-07 00:00:00+09:00,2435.0,2560.0,2400.0,2460.0,1652768,0.0,0.0
2017-11-08 00:00:00+09:00,2460.0,2480.0,2405.0,2435.0,291736,0.0,0.0
2017-11-09 00:00:00+09:00,2455.0,2475.0,2435.0,2445.0,253614,0.0,0.0
2017-11-10 00:00:00+09:00,2450.0,2485.0,2425.0,2460.0,367087,0.0,0.0
2017-11-13 00:00:00+09:00,2465.0,2510.0,2440.0,2490.0,326857,0.0,0.0
2017-11-14 00:00:00+09:00,2550.0,2595.0,2515.0,2550.0,1538784,0.0,0.0
2017-11-15 00:00:00+09:00,2570.0,2570.0,2470.0,2515.0,431011,0.0,0.0
2017-11-16 00:00:00+09:00,2525.0,2550.0,2475.0,2510.0,334358,0.0,0.0
2017-11-17 00:00:00+09:00,2500.0,2540.0,2485.0,2515.0,399494,0.0,0.0
2017-11-20 00:00:00+09:00,2520.0,2580.0,2495.0,2565.0,806373,0.0,0.0
2017-11-21 00:00:00+09:00,2590.0,2595.0,2520.0,2550.0,538823,0.0,0.0
2017-11-22 00:00:00+09:00,2575.0,2575.0,2505.0,2530.0,432208,0.0,0.0
2017-11-23 00:00:00+09:00,2550.0,2640.0,2530.0,2575.0,685837,0.0,0.0
2017-11-24 00:00:00+09:00,2555.0,2670.0,2555.0,2645.0,1090217,0.0,0.0
2017-11-27 00:00:00+09:00,2660.0,2790.0,2625.0,2790.0,1365285,0.0,0.0
2017-11-28 00:00:00+09:00,2815.0,2825.0,2580.0,2580.0,1966618,0.0,0.0
2017-11-29 00:00:00+09:00,2600.0,2705.0,2590.0,2705.0,839008,0.0,0.0
2017-11-30 00:00:00+09:00,2705.0,2760.0,2480.0,2485.0,2235925,0.0,0.0
2017-12-01 00:00:00+09:00,2530.0,2530.0,2475.0,2495.0,448507,0.0,0.0
2017-12-04 00:00:00+09:00,2500.0,2500.0,2420.0,2490.0,386239,0.0,0.0
2017-12-05 00:00:00+09:00,2470.0,2530.0,2470.0,2520.0,408186,0.0,0.0
2017-12-06 00:00:00+09:00,2520.0,2540.0,2460.0,2505.0,331896,0.0,0.0
2017-12-07 00:00:00+09:00,2495.0,2510.0,2415.0,2430.0,424780,0.0,0.0
2017-12-08 00:00:00+09:00,2420.0,2540.0,2410.0,2475.0,586957,0.0,0.0
2017-12-11 00:00:00+09:00,2440.0,2475.0,2400.0,2450.0,269720,0.0,0.0
2017-12-12 00:00:00+09:00,2440.0,2495.0,2415.0,2430.0,366369,0.0,0.0
2017-12-13 00:00:00+09:00,2430.0,2450.0,2415.0,2445.0,221950,0.0,0.0
2017-12-14 00:00:00+09:00,2445.0,2445.0,2350.0,2400.0,396323,0.0,0.0
2017-12-15 00:00:00+09:00,2400.0,2420.0,2325.0,2340.0,341287,0.0,0.0
2017-12-18 00:00:00+09:00,2345.0,2440.0,2320.0,2365.0,301023,0.0,0.0
2017-12-19 00:00:00+09:00,2365.0,2385.0,2200.0,2305.0,391990,0.0,0.0
2017-12-21 00:00:00+09:00,2255.0,2270.0,2200.0,2200.0,268334,0.0,0.0
2017-12-22 00:00:00+09:00,2205.0,2255.0,2200.0,2245.0,214434,0.0,0.0
2017-12-26 00:00:00+09:00,2270.0,2320.0,2250.0,2280.0,280248,0.0,0.0
2017-12-27 00:00:00+09:00,2300.0,2310.0,2280.0,2285.0,173888,0.0,0.0
2017-12-28 00:00:00+09:00,2295.0,2345.0,2295.0,2315.0,221057,0.0,0.0
2018-01-02 00:00:00+09:00,2310.0,2360.0,2295.0,2345.0,215931,0.0,0.0
2018-01-03 00:00:00+09:00,2335.0,2425.0,2320.0,2420.0,483150,0.0,0.0
2018-01-04 00:00:00+09:00,2400.0,2435.0,2375.0,2375.0,382989,0.0,0.0
2018-01-05 00:00:00+09:00,2385.0,2430.0,2365.0,2410.0,273976,0.0,0.0
2018-01-08 00:00:00+09:00,2465.0,2465.0,2385.0,2400.0,387738,0.0,0.0
2018-01-09 00:00:00+09:00,2405.0,2440.0,2375.0,2380.0,333742,0.0,0.0
2018-01-10 00:00:00+09:00,2400.0,2410.0,2325.0,2355.0,311601,0.0,0.0
2018-01-11 00:00:00+09:00,2380.0,2610.0,2365.0,2485.0,2558483,0.0,0.0
2018-01-12 00:00:00+09:00,2460.0,2485.0,2400.0,2440.0,655817,0.0,0.0
2018-01-15 00:00:00+09:00,2500.0,2590.0,2450.0,2455.0,1241102,0.0,0.0
2018-01-16 00:00:00+09:00,2440.0,2535.0,2440.0,2525.0,714891,0.0,0.0
2018-01-17 00:00:00+09:00,2525.0,2555.0,2500.0,2550.0,515720,0.0,0.0
2018-01-18 00:00:00+09:00,2560.0,2565.0,2505.0,2545.0,438815,0.0,0.0
2018-01-19 00:00:00+09:00,2530.0,2570.0,2510.0,2545.0,407412,0.0,0.0
2018-01-22 00:00:00+09:00,2590.0,2635.0,2540.0,2555.0,986399,0.0,0.0
2018-01-23 00:00:00+09:00,2570.0,2685.0,2535.0,2575.0,1233680,0.0,0.0
2018-01-24 00:00:00+09:00,2595.0,2690.0,2570.0,2570.0,1190540,0.0,0.0
2018-01-25 00:00:00+09:00,2595.0,2640.0,2565.0,2635.0,653520,0.0,0.0
2018-01-26 00:00:00+09:00,2650.0,2660.0,2625.0,2635.0,449990,0.0,0.0
2018-01-29 00:00:00+09:00,2650.0,2695.0,2640.0,2655.0,662595,0.0,0.0
2018-01-30 00:00:00+09:00,2675.0,2685.0,2575.0,2585.0,869126,0.0,0.0
2018-01-31 00:00:00+09:00,2570.0,2635.0,2535.0,2600.0,763033,0.0,0.0
2018-02-01 00:00:00+09:00,2605.0,2635.0,2560.0,2605.0,367962,0.0,0.0
2018-02-02 00:00:00+09:00,2605.0,2615.0,2530.0,2550.0,486441,0.0,0.0
2018-02-05 00:00:00+09:00,2490.0,2510.0,2455.0,2455.0,407223,0.0,0.0
2018-02-07 00:00:00+09:00,2440.0,2595.0,2390.0,2390.0,1447221,0.0,0.0
2018-02-08 00:00:00+09:00,2380.0,2450.0,2380.0,2445.0,299456,0.0,0.0
2018-02-09 00:00:00+09:00,2380.0,2435.0,2370.0,2385.0,304249,0.0,0.0
2018-02-12 00:00:00+09:00,2410.0,2450.0,2395.0,2395.0,153741,0.0,0.0
2018-02-13 00:00:00+09:00,2425.0,2425.0,2320.0,2320.0,320741,0.0,0.0
2018-02-14 00:00:00+09:00,2350.0,2360.0,2320.0,2325.0,158558,0.0,0.0
2018-02-19 00:00:00+09:00,2350.0,2385.0,2350.0,2380.0,138829,0.0,0.0
2018-02-20 00:00:00+09:00,2400.0,2400.0,2365.0,2390.0,186098,0.0,0.0
2018-02-21 00:00:00+09:00,2415.0,2430.0,2385.0,2415.0,213394,0.0,0.0
2018-02-22 00:00:00+09:00,2425.0,2425.0,2395.0,2400.0,212088,0.0,0.0
2018-02-23 00:00:00+09:00,2405.0,2440.0,2395.0,2435.0,153404,0.0,0.0
2018-02-26 00:00:00+09:00,2480.0,2480.0,2410.0,2435.0,193127,0.0,0.0
2018-02-27 00:00:00+09:00,2495.0,2495.0,2445.0,2445.0,212338,0.0,0.0
2018-02-28 00:00:00+09:00,2445.0,2465.0,2395.0,2415.0,163187,0.0,0.0
2018-03-07 00:00:00+09:00,2400.0,2400.0,2350.0,2350.0,189015,0.0,0.0
2018-03-08 00:00:00+09:00,2355.0,2405.0,2355.0,2400.0,157326,0.0,0.0
2018-03-09 00:00:00+09:00,2400.0,2475.0,2400.0,2465.0,292612,0.0,0.0
2018-03-12 00:00:00+09:00,2475.0,2560.0,2475.0,2500.0,716011,0.0,0.0
2018-03-13 00:00:00+09:00,2500.0,2525.0,2450.0,2520.0,320195,0.0,0.0
2018-03-14 00:00:00+09:00,2500.0,2555.0,2495.0,2555.0,363059,0.0,0.0
2018-03-15 00:00:00+09:00,2550.0,2585.0,2520.0,2545.0,308870,0.0,0.0
2018-03-16 00:00:00+09:00,2560.0,2570.0,2515.0,2530.0,302924,0.0,0.0
2018-03-19 00:00:00+09:00,2525.0,2545.0,2480.0,2485.0,235636,0.0,0.0
2018-03-20 00:00:00+09:00,2485.0,2520.0,2480.0,2520.0,193450,0.0,0.0
2018-03-21 00:00:00+09:00,2520.0,2570.0,2510.0,2530.0,369351,0.0,0.0
2018-03-22 00:00:00+09:00,2550.0,2565.0,2485.0,2510.0,294175,0.0,0.0
2018-03-23 00:00:00+09:00,2460.0,2480.0,2385.0,2385.0,462311,0.0,0.0
2018-03-26 00:00:00+09:00,2400.0,2430.0,2360.0,2415.0,229200,0.0,0.0
2018-03-27 00:00:00+09:00,2430.0,2490.0,2425.0,2480.0,219123,0.0,0.0
2018-03-28 00:00:00+09:00,2460.0,2525.0,2445.0,2525.0,234477,0.0,0.0
2018-03-29 00:00:00+09:00,2525.0,2565.0,2510.0,2535.0,232812,0.0,0.0
2018-03-30 00:00:00+09:00,2535.0,2600.0,2535.0,2565.0,405601,0.0,0.0
2018-04-02 00:00:00+09:00,2600.0,2615.0,2545.0,2570.0,488234,0.0,0.0
2018-04-03 00:00:00+09:00,2550.0,2600.0,2525.0,2585.0,320344,0.0,0.0
2018-04-04 00:00:00+09:00,2600.0,2605.0,2545.0,2575.0,283628,0.0,0.0
2018-04-05 00:00:00+09:00,2565.0,2670.0,2565.0,2630.0,771871,0.0,0.0
2018-04-06 00:00:00+09:00,2665.0,2665.0,2580.0,2620.0,394276,0.0,0.0
2018-04-09 00:00:00+09:00,2620.0,2650.0,2540.0,2550.0,435954,0.0,0.0
2018-04-10 00:00:00+09:00,2570.0,2610.0,2545.0,2600.0,346941,0.0,0.0
2018-04-11 00:00:00+09:00,2620.0,2740.0,2620.0,2720.0,2095480,0.0,0.0
2018-04-12 00:00:00+09:00,2770.0,2785.0,2655.0,2715.0,1576056,0.0,0.0
2018-04-13 00:00:00+09:00,2725.0,2730.0,2655.0,2675.0,475699,0.0,0.0
2018-04-16 00:00:00+09:00,2695.0,2725.0,2665.0,2715.0,392269,0.0,0.0
2018-04-17 00:00:00+09:00,2725.0,2750.0,2665.0,2670.0,569335,0.0,0.0
2018-04-18 00:00:00+09:00,2700.0,2760.0,2680.0,2715.0,1061215,0.0,0.0
2018-04-19 00:00:00+09:00,2740.0,3090.0,2685.0,2870.0,5189694,0.0,0.0
2018-04-20 00:00:00+09:00,2845.0,2855.0,2755.0,2760.0,1653198,0.0,0.0
2018-04-23 00:00:00+09:00,2790.0,2820.0,2690.0,2715.0,1711238,0.0,0.0
2018-04-24 00:00:00+09:00,2760.0,2780.0,2680.0,2700.0,814822,0.0,0.0
2018-04-25 00:00:00+09:00,2690.0,2725.0,2650.0,2660.0,594510,0.0,0.0
2018-04-26 00:00:00+09:00,2680.0,2735.0,2680.0,2720.0,616356,0.0,0.0
2018-04-27 00:00:00+09:00,2725.0,2760.0,2690.0,2730.0,448417,0.0,0.0
2018-04-30 00:00:00+09:00,2730.0,2865.0,2720.0,2830.0,2268572,0.0,0.0
2018-05-02 00:00:00+09:00,2935.0,3390.0,2830.0,3300.0,12406530,0.0,0.0
2018-05-03 00:00:00+09:00,3855.0,3950.0,3050.0,3125.0,18658390,0.0,0.0
2018-05-04 00:00:00+09:00,3125.0,3360.0,3080.0,3280.0,5509510,0.0,0.0
2018-05-08 00:00:00+09:00,3215.0,3520.0,3195.0,3425.0,7114720,0.0,0.0
2018-05-09 00:00:00+09:00,3385.0,3465.0,3070.0,3285.0,4104215,0.0,0.0
2018-05-10 00:00:00+09:00,3285.0,3420.0,3275.0,3315.0,2642849,0.0,0.0
2018-05-11 00:00:00+09:00,3315.0,3355.0,3200.0,3345.0,1979475,0.0,0.0
2018-05-14 00:00:00+09:00,3415.0,3485.0,3280.0,3465.0,2980578,0.0,0.0
2018-05-15 00:00:00+09:00,3495.0,3575.0,3400.0,3445.0,3616125,0.0,0.0
2018-05-16 00:00:00+09:00,3215.0,3365.0,3075.0,3135.0,2926629,0.0,0.0
2018-05-17 00:00:00+09:00,3200.0,3265.0,3095.0,3095.0,1838107,0.0,0.0
2018-05-18 00:00:00+09:00,3110.0,3170.0,3035.0,3150.0,1291479,0.0,0.0
2018-05-21 00:00:00+09:00,3140.0,3140.0,3045.0,3070.0,907242,0.0,0.0
2018-05-23 00:00:00+09:00,3045.0,3085.0,2840.0,2995.0,903456,0.0,0.0
2018-05-24 00:00:00+09:00,3025.0,3035.0,2895.0,2905.0,764500,0.0,0.0
2018-05-25 00:00:00+09:00,2670.0,2790.0,2630.0,2715.0,1733485,0.0,0.0
2018-05-28 00:00:00+09:00,2860.0,3085.0,2855.0,2990.0,2453707,0.0,0.0
2018-05-29 00:00:00+09:00,2995.0,3005.0,2860.0,2865.0,982610,0.0,0.0
2018-05-30 00:00:00+09:00,2850.0,2890.0,2745.0,2820.0,929636,0.0,0.0
2018-05-31 00:00:00+09:00,2850.0,2935.0,2810.0,2895.0,1187602,0.0,0.0
2018-06-01 00:00:00+09:00,2910.0,3045.0,2855.0,2960.0,1243554,0.0,0.0
2018-06-04 00:00:00+09:00,2980.0,3090.0,2945.0,2945.0,930934,0.0,0.0
2018-06-05 00:00:00+09:00,2915.0,2955.0,2850.0,2950.0,732960,0.0,0.0
2018-06-07 00:00:00+09:00,2965.0,3120.0,2965.0,3020.0,1646388,0.0,0.0
2018-06-08 00:00:00+09:00,3025.0,3060.0,2940.0,3045.0,850364,0.0,0.0
2018-06-11 00:00:00+09:00,3040.0,3085.0,2975.0,3000.0,826207,0.0,0.0
2018-06-12 00:00:00+09:00,3010.0,3120.0,2955.0,3025.0,2014474,0.0,0.0
2018-06-14 00:00:00+09:00,2990.0,3010.0,2870.0,2900.0,825958,0.0,0.0
2018-06-15 00:00:00+09:00,2870.0,3070.0,2870.0,3020.0,915593,0.0,0.0
2018-06-18 00:00:00+09:00,3025.0,3260.0,3020.0,3160.0,3808265,0.0,0.0
2018-06-19 00:00:00+09:00,3330.0,3350.0,2885.0,2980.0,4316906,0.0,0.0
2018-06-20 00:00:00+09:00,2950.0,3145.0,2950.0,3145.0,2043852,0.0,0.0
2018-06-21 00:00:00+09:00,3180.0,3220.0,3010.0,3050.0,2627120,0.0,0.0
2018-06-22 00:00:00+09:00,3020.0,3130.0,2910.0,2910.0,2354563,0.0,0.0
2018-06-25 00:00:00+09:00,2910.0,3030.0,2875.0,2920.0,1338346,0.0,0.0
2018-06-26 00:00:00+09:00,2990.0,3215.0,2955.0,3155.0,7349168,0.0,0.0
2018-06-27 00:00:00+09:00,3130.0,3175.0,2940.0,2955.0,2710037,0.0,0.0
2018-06-28 00:00:00+09:00,2990.0,3075.0,2700.0,2700.0,3252416,0.0,0.0
2018-06-29 00:00:00+09:00,2730.0,2750.0,2565.0,2620.0,1306339,0.0,0.0
2018-07-02 00:00:00+09:00,2615.0,2635.0,2400.0,2415.0,1254797,0.0,0.0
2018-07-03 00:00:00+09:00,2430.0,2480.0,2280.0,2450.0,1559284,0.0,0.0
2018-07-04 00:00:00+09:00,2415.0,2460.0,2385.0,2400.0,734151,0.0,0.0
2018-07-05 00:00:00+09:00,2400.0,2425.0,2285.0,2295.0,664953,0.0,0.0
2018-07-06 00:00:00+09:00,2295.0,2365.0,2215.0,2350.0,656275,0.0,0.0
2018-07-09 00:00:00+09:00,2345.0,2400.0,2210.0,2400.0,1215316,0.0,0.0
2018-07-10 00:00:00+09:00,2420.0,2530.0,2380.0,2440.0,1716308,0.0,0.0
2018-07-11 00:00:00+09:00,2430.0,2510.0,2415.0,2450.0,953059,0.0,0.0
2018-07-12 00:00:00+09:00,2460.0,2550.0,2435.0,2550.0,873043,0.0,0.0
2018-07-13 00:00:00+09:00,2540.0,2550.0,2460.0,2505.0,635757,0.0,0.0
2018-07-16 00:00:00+09:00,2530.0,2730.0,2475.0,2730.0,2562827,0.0,0.0
2018-07-17 00:00:00+09:00,3070.0,3240.0,2740.0,2745.0,17831660,0.0,0.0
2018-07-18 00:00:00+09:00,2780.0,2910.0,2765.0,2850.0,3566692,0.0,0.0
2018-07-19 00:00:00+09:00,2975.0,3010.0,2790.0,2790.0,5276754,0.0,0.0
2018-07-20 00:00:00+09:00,2765.0,2840.0,2630.0,2715.0,2879257,0.0,0.0
2018-07-23 00:00:00+09:00,2800.0,2885.0,2715.0,2850.0,4280424,0.0,0.0
2018-07-24 00:00:00+09:00,2975.0,3010.0,2820.0,3010.0,7204446,0.0,0.0
2018-07-25 00:00:00+09:00,2940.0,2950.0,2685.0,2705.0,3870422,0.0,0.0
2018-07-26 00:00:00+09:00,2675.0,2775.0,2660.0,2710.0,1962428,0.0,0.0
2018-07-27 00:00:00+09:00,2755.0,2810.0,2715.0,2715.0,2643133,0.0,0.0
2018-07-30 00:00:00+09:00,2750.0,2825.0,2730.0,2825.0,1337026,0.0,0.0
2018-07-31 00:00:00+09:00,2820.0,2820.0,2690.0,2755.0,1126083,0.0,0.0
2018-08-01 00:00:00+09:00,2785.0,2830.0,2720.0,2830.0,1410793,0.0,0.0
2018-08-02 00:00:00+09:00,2830.0,2870.0,2770.0,2870.0,1454381,0.0,0.0
2018-08-03 00:00:00+09:00,2845.0,2875.0,2810.0,2810.0,1011525,0.0,0.0
2018-08-06 00:00:00+09:00,2840.0,2850.0,2710.0,2710.0,1219156,0.0,0.0
2018-08-07 00:00:00+09:00,2705.0,2730.0,2570.0,2590.0,1279670,0.0,0.0
2018-08-08 00:00:00+09:00,2595.0,2620.0,2555.0,2555.0,619867,0.0,0.0
2018-08-09 00:00:00+09:00,2570.0,2585.0,2540.0,2550.0,367672,0.0,0.0
2018-08-10 00:00:00+09:00,2550.0,2575.0,2535.0,2545.0,385213,0.0,0.0
2018-08-13 00:00:00+09:00,2545.0,2555.0,2410.0,2410.0,760755,0.0,0.0
2018-08-14 00:00:00+09:00,2385.0,2510.0,2385.0,2425.0,588580,0.0,0.0
2018-08-16 00:00:00+09:00,2480.0,2485.0,2420.0,2480.0,499954,0.0,0.0
2018-08-17 00:00:00+09:00,2490.0,2520.0,2460.0,2475.0,460353,0.0,0.0
2018-08-20 00:00:00+09:00,2475.0,2490.0,2410.0,2425.0,611253,0.0,0.0
2018-08-21 00:00:00+09:00,2425.0,2520.0,2425.0,2460.0,621805,0.0,0.0
2018-08-22 00:00:00+09:00,2475.0,2560.0,2475.0,2530.0,903955,0.0,0.0
2018-08-23 00:00:00+09:00,2540.0,2575.0,2505.0,2520.0,581973,0.0,0.0
2018-08-24 00:00:00+09:00,2515.0,2570.0,2500.0,2545.0,450698,0.0,0.0
2018-08-27 00:00:00+09:00,2525.0,2545.0,2445.0,2460.0,547253,0.0,0.0
2018-08-28 00:00:00+09:00,2470.0,2555.0,2470.0,2515.0,598658,0.0,0.0
2018-08-29 00:00:00+09:00,2505.0,2540.0,2485.0,2525.0,288973,0.0,0.0
2018-08-30 00:00:00+09:00,2535.0,2605.0,2520.0,2585.0,979427,0.0,0.0
2018-08-31 00:00:00+09:00,2565.0,2665.0,2555.0,2600.0,895742,0.0,0.0
2018-09-03 00:00:00+09:00,2600.0,2620.0,2550.0,2570.0,341820,0.0,0.0
2018-09-04 00:00:00+09:00,2650.0,2670.0,2575.0,2600.0,738265,0.0,0.0
2018-09-05 00:00:00+09:00,2600.0,2665.0,2585.0,2610.0,632823,0.0,0.0
2018-09-06 00:00:00+09:00,2625.0,2650.0,2550.0,2565.0,524964,0.0,0.0
2018-09-07 00:00:00+09:00,2550.0,2620.0,2550.0,2570.0,399086,0.0,0.0
2018-09-10 00:00:00+09:00,2570.0,2670.0,2560.0,2650.0,759241,0.0,0.0
2018-09-11 00:00:00+09:00,2690.0,2690.0,2625.0,2650.0,362016,0.0,0.0
2018-09-12 00:00:00+09:00,2650.0,2695.0,2625.0,2670.0,443753,0.0,0.0
2018-09-13 00:00:00+09:00,2670.0,2685.0,2635.0,2655.0,332099,0.0,0.0
2018-09-14 00:00:00+09:00,2695.0,2730.0,2660.0,2660.0,875000,0.0,0.0
2018-09-17 00:00:00+09:00,2670.0,2680.0,2575.0,2575.0,500098,0.0,0.0
2018-09-18 00:00:00+09:00,2590.0,2625.0,2570.0,2610.0,423415,0.0,0.0
2018-09-19 00:00:00+09:00,2610.0,2620.0,2470.0,2485.0,607578,0.0,0.0
2018-09-20 00:00:00+09:00,2485.0,2520.0,2395.0,2435.0,470779,0.0,0.0
2018-09-21 00:00:00+09:00,2445.0,2520.0,2440.0,2500.0,229055,0.0,0.0
2018-09-27 00:00:00+09:00,2505.0,2520.0,2475.0,2495.0,183279,0.0,0.0
2018-09-28 00:00:00+09:00,2455.0,2515.0,2455.0,2480.0,271221,0.0,0.0
2018-10-01 00:00:00+09:00,2480.0,2500.0,2395.0,2400.0,419202,0.0,0.0
2018-10-02 00:00:00+09:00,2415.0,2435.0,2385.0,2390.0,164666,0.0,0.0
2018-10-04 00:00:00+09:00,2390.0,2415.0,2305.0,2315.0,447488,0.0,0.0
2018-10-05 00:00:00+09:00,2300.0,2335.0,2255.0,2290.0,354863,0.0,0.0
2018-10-08 00:00:00+09:00,2275.0,2335.0,2275.0,2280.0,172009,0.0,0.0
2018-10-10 00:00:00+09:00,2260.0,2290.0,2200.0,2220.0,523227,0.0,0.0
2018-10-11 00:00:00+09:00,2050.0,2170.0,2000.0,2000.0,636448,0.0,0.0
2018-10-12 00:00:00+09:00,1910.0,2070.0,1910.0,2035.0,577061,0.0,0.0
2018-10-15 00:00:00+09:00,2040.0,2120.0,2040.0,2070.0,224268,0.0,0.0
2018-10-16 00:00:00+09:00,2055.0,2140.0,2055.0,2110.0,179013,0.0,0.0
2018-10-17 00:00:00+09:00,2135.0,2185.0,2135.0,2165.0,215424,0.0,0.0
2018-10-18 00:00:00+09:00,2170.0,2170.0,2125.0,2130.0,138037,0.0,0.0
2018-10-19 00:00:00+09:00,2105.0,2145.0,2050.0,2145.0,161693,0.0,0.0
2018-10-22 00:00:00+09:00,2145.0,2150.0,2085.0,2140.0,138209,0.0,0.0
2018-10-23 00:00:00+09:00,2140.0,2155.0,2020.0,2035.0,210053,0.0,0.0
2018-10-24 00:00:00+09:00,2050.0,2095.0,1975.0,1975.0,220045,0.0,0.0
2018-10-25 00:00:00+09:00,1900.0,1965.0,1875.0,1940.0,490599,0.0,0.0
2018-10-26 00:00:00+09:00,1940.0,1990.0,1810.0,1810.0,429153,0.0,0.0
2018-10-29 00:00:00+09:00,1785.0,1850.0,1620.0,1620.0,540100,0.0,0.0
2018-10-30 00:00:00+09:00,1510.0,1745.0,1510.0,1725.0,639557,0.0,0.0
2018-10-31 00:00:00+09:00,1780.0,1850.0,1725.0,1780.0,337511,0.0,0.0
2018-11-01 00:00:00+09:00,1785.0,1860.0,1785.0,1830.0,165137,0.0,0.0
2018-11-02 00:00:00+09:00,1870.0,1935.0,1840.0,1935.0,207516,0.0,0.0
2018-11-05 00:00:00+09:00,1935.0,1995.0,1890.0,1965.0,118571,0.0,0.0
2018-11-06 00:00:00+09:00,1965.0,1975.0,1920.0,1955.0,93820,0.0,0.0
2018-11-07 00:00:00+09:00,1955.0,2005.0,1900.0,1950.0,171357,0.0,0.0
2018-11-08 00:00:00+09:00,1980.0,2020.0,1960.0,1980.0,108757,0.0,0.0
2018-11-09 00:00:00+09:00,1980.0,1985.0,1930.0,1955.0,120119,0.0,0.0
2018-11-12 00:00:00+09:00,1955.0,1955.0,1900.0,1930.0,133070,0.0,0.0
2018-11-13 00:00:00+09:00,1880.0,1925.0,1860.0,1910.0,94332,0.0,0.0
2018-11-14 00:00:00+09:00,1910.0,1945.0,1900.0,1920.0,130299,0.0,0.0
2018-11-15 00:00:00+09:00,1890.0,2020.0,1875.0,1985.0,272806,0.0,0.0
2018-11-16 00:00:00+09:00,1985.0,2005.0,1955.0,1975.0,109853,0.0,0.0
2018-11-19 00:00:00+09:00,2020.0,2060.0,1990.0,2020.0,160934,0.0,0.0
2018-11-20 00:00:00+09:00,2000.0,2025.0,1980.0,2010.0,89746,0.0,0.0
2018-11-21 00:00:00+09:00,2005.0,2030.0,1960.0,2020.0,104488,0.0,0.0
2018-11-22 00:00:00+09:00,2030.0,2050.0,1995.0,2000.0,77945,0.0,0.0
2018-11-23 00:00:00+09:00,2000.0,2020.0,1950.0,1965.0,66534,0.0,0.0
2018-11-26 00:00:00+09:00,1930.0,2020.0,1930.0,1995.0,154197,0.0,0.0
2018-11-27 00:00:00+09:00,1970.0,2015.0,1970.0,2015.0,211932,0.0,0.0
2018-11-28 00:00:00+09:00,2035.0,2040.0,1995.0,2000.0,67253,0.0,0.0
2018-11-29 00:00:00+09:00,2010.0,2035.0,1970.0,1980.0,104269,0.0,0.0
2018-11-30 00:00:00+09:00,1970.0,2000.0,1950.0,1995.0,110108,0.0,0.0
2018-12-03 00:00:00+09:00,1995.0,2070.0,1990.0,2065.0,218763,0.0,0.0
2018-12-04 00:00:00+09:00,2065.0,2090.0,2045.0,2060.0,81141,0.0,0.0
2018-12-05 00:00:00+09:00,2030.0,2055.0,2010.0,2045.0,180020,0.0,0.0
2018-12-06 00:00:00+09:00,2045.0,2045.0,1895.0,1945.0,340776,0.0,0.0
2018-12-07 00:00:00+09:00,1950.0,1980.0,1895.0,1960.0,157078,0.0,0.0
2018-12-10 00:00:00+09:00,1930.0,1950.0,1850.0,1885.0,111032,0.0,0.0
2018-12-11 00:00:00+09:00,1890.0,2050.0,1860.0,1870.0,546636,0.0,0.0
2018-12-12 00:00:00+09:00,1855.0,1915.0,1855.0,1900.0,89120,0.0,0.0
2018-12-13 00:00:00+09:00,1900.0,1940.0,1890.0,1915.0,61520,0.0,0.0
2018-12-14 00:00:00+09:00,1915.0,1920.0,1870.0,1890.0,70916,0.0,0.0
2018-12-17 00:00:00+09:00,1870.0,1905.0,1850.0,1890.0,194096,0.0,0.0
2018-12-18 00:00:00+09:00,1855.0,1895.0,1840.0,1890.0,181370,0.0,0.0
2018-12-19 00:00:00+09:00,1890.0,1905.0,1800.0,1835.0,194883,0.0,0.0
2018-12-20 00:00:00+09:00,1850.0,1905.0,1820.0,1835.0,459813,0.0,0.0
2018-12-21 00:00:00+09:00,1815.0,1835.0,1800.0,1810.0,169814,0.0,0.0
2018-12-24 00:00:00+09:00,1830.0,1830.0,1740.0,1740.0,278662,0.0,0.0
2018-12-26 00:00:00+09:00,1705.0,1825.0,1690.0,1800.0,653917,0.0,0.0
2018-12-27 00:00:00+09:00,1850.0,1850.0,1730.0,1740.0,462362,0.0,0.0
2018-12-28 00:00:00+09:00,1750.0,1790.0,1750.0,1765.0,101749,0.0,0.0
2019-01-02 00:00:00+09:00,1800.0,1800.0,1755.0,1765.0,131660,0.0,0.0
2019-01-03 00:00:00+09:00,1740.0,1780.0,1740.0,1745.0,130480,0.0,0.0
2019-01-04 00:00:00+09:00,1740.0,1760.0,1715.0,1760.0,80392,0.0,0.0
2019-01-07 00:00:00+09:00,1770.0,1805.0,1760.0,1775.0,132020,0.0,0.0
2019-01-08 00:00:00+09:00,1775.0,1815.0,1775.0,1805.0,122173,0.0,0.0
2019-01-09 00:00:00+09:00,1805.0,1915.0,1805.0,1880.0,674623,0.0,0.0
2019-01-10 00:00:00+09:00,1885.0,1900.0,1865.0,1890.0,131505,0.0,0.0
2019-01-11 00:00:00+09:00,1890.0,1930.0,1875.0,1930.0,263706,0.0,0.0
2019-01-14 00:00:00+09:00,1925.0,1960.0,1905.0,1930.0,166258,0.0,0.0
2019-01-15 00:00:00+09:00,1920.0,1945.0,1915.0,1930.0,109687,0.0,0.0
2019-01-16 00:00:00+09:00,1930.0,1965.0,1895.0,1965.0,220402,0.0,0.0
2019-01-17 00:00:00+09:00,1955.0,1970.0,1940.0,1950.0,101949,0.0,0.0
2019-01-18 00:00:00+09:00,1940.0,1985.0,1940.0,1960.0,120673,0.0,0.0
2019-01-21 00:00:00+09:00,1970.0,2065.0,1970.0,2060.0,685774,0.0,0.0
2019-01-22 00:00:00+09:00,2090.0,2110.0,2045.0,2060.0,368627,0.0,0.0
2019-01-23 00:00:00+09:00,2040.0,2075.0,2010.0,2045.0,148671,0.0,0.0
2019-01-24 00:00:00+09:00,2050.0,2050.0,1985.0,2030.0,134931,0.0,0.0
2019-01-25 00:00:00+09:00,2030.0,2050.0,2010.0,2030.0,117181,0.0,0.0
2019-01-28 00:00:00+09:00,2030.0,2035.0,1985.0,1995.0,228329,0.0,0.0
2019-01-29 00:00:00+09:00,1995.0,2005.0,1950.0,1985.0,196376,0.0,0.0
2019-01-30 00:00:00+09:00,1985.0,2010.0,1975.0,1995.0,139753,0.0,0.0
2019-01-31 00:00:00+09:00,2005.0,2025.0,1985.0,2000.0,107925,0.0,0.0
2019-02-01 00:00:00+09:00,2000.0,2010.0,1970.0,2000.0,97545,0.0,0.0
2019-02-07 00:00:00+09:00,2005.0,2170.0,2000.0,2170.0,547170,0.0,0.0
2019-02-08 00:00:00+09:00,2100.0,2180.0,2085.0,2170.0,623901,0.0,0.0
2019-02-11 00:00:00+09:00,2200.0,2300.0,2180.0,2275.0,1222365,0.0,0.0
2019-02-12 00:00:00+09:00,2270.0,2375.0,2245.0,2330.0,1076921,0.0,0.0
2019-02-13 00:00:00+09:00,2330.0,2350.0,2170.0,2200.0,1481080,0.0,0.0
2019-02-14 00:00:00+09:00,2215.0,2225.0,2170.0,2220.0,482250,0.0,0.0
2019-02-15 00:00:00+09:00,2220.0,2220.0,2145.0,2150.0,294161,0.0,0.0
2019-02-18 00:00:00+09:00,2135.0,2185.0,2135.0,2175.0,154424,0.0,0.0
2019-02-19 00:00:00+09:00,2165.0,2180.0,2105.0,2155.0,147431,0.0,0.0
2019-02-20 00:00:00+09:00,2165.0,2175.0,2145.0,2170.0,98599,0.0,0.0
2019-02-21 00:00:00+09:00,2170.0,2240.0,2140.0,2215.0,300355,0.0,0.0
2019-02-22 00:00:00+09:00,2215.0,2215.0,2165.0,2185.0,168452,0.0,0.0
2019-02-25 00:00:00+09:00,2185.0,2190.0,2155.0,2175.0,111656,0.0,0.0
2019-02-26 00:00:00+09:00,2160.0,2200.0,2155.0,2160.0,113396,0.0,0.0
2019-02-27 00:00:00+09:00,2210.0,2455.0,2205.0,2250.0,10188450,0.0,0.0
2019-02-28 00:00:00+09:00,2270.0,2300.0,2075.0,2095.0,1415055,0.0,0.0
2019-03-04 00:00:00+09:00,2080.0,2175.0,2080.0,2145.0,419033,0.0,0.0
2019-03-05 00:00:00+09:00,2120.0,2145.0,2100.0,2120.0,286536,0.0,0.0
2019-03-06 00:00:00+09:00,2120.0,2175.0,2100.0,2140.0,370524,0.0,0.0
2019-03-07 00:00:00+09:00,2165.0,2195.0,2070.0,2140.0,503846,0.0,0.0
2019-03-08 00:00:00+09:00,2105.0,2135.0,2090.0,2115.0,214876,0.0,0.0
2019-03-11 00:00:00+09:00,2080.0,2110.0,2020.0,2070.0,284742,0.0,0.0
2019-03-12 00:00:00+09:00,2070.0,2125.0,2070.0,2110.0,294205,0.0,0.0
2019-03-13 00:00:00+09:00,2100.0,2135.0,2095.0,2130.0,226148,0.0,0.0
2019-03-14 00:00:00+09:00,2130.0,2235.0,2120.0,2180.0,1215978,0.0,0.0
2019-03-15 00:00:00+09:00,2200.0,2230.0,2130.0,2170.0,643459,0.0,0.0
2019-03-18 00:00:00+09:00,2190.0,2270.0,2190.0,2200.0,1200515,0.0,0.0
2019-03-19 00:00:00+09:00,2200.0,2240.0,2180.0,2215.0,489484,0.0,0.0
2019-03-20 00:00:00+09:00,2230.0,2255.0,2185.0,2215.0,369945,0.0,0.0
2019-03-21 00:00:00+09:00,2255.0,2260.0,2180.0,2195.0,296619,0.0,0.0
2019-03-22 00:00:00+09:00,2195.0,2235.0,2180.0,2190.0,294144,0.0,0.0
2019-03-25 00:00:00+09:00,2190.0,2200.0,2135.0,2145.0,241941,0.0,0.0
2019-03-26 00:00:00+09:00,2155.0,2300.0,2140.0,2275.0,688529,0.0,0.0
2019-03-27 00:00:00+09:00,2260.0,2265.0,2190.0,2200.0,610263,0.0,0.0
2019-03-28 00:00:00+09:00,2215.0,2245.0,2195.0,2195.0,379236,0.0,0.0
2019-03-29 00:00:00+09:00,2195.0,2245.0,2175.0,2235.0,339069,0.0,0.0
2019-04-01 00:00:00+09:00,2255.0,2260.0,2205.0,2225.0,312777,0.0,0.0
2019-04-02 00:00:00+09:00,2235.0,2305.0,2220.0,2305.0,825991,0.0,0.0
2019-04-03 00:00:00+09:00,2310.0,2325.0,2280.0,2305.0,433430,0.0,0.0
2019-04-04 00:00:00+09:00,2295.0,2320.0,2285.0,2310.0,237879,0.0,0.0
2019-04-05 00:00:00+09:00,2285.0,2310.0,2250.0,2275.0,360117,0.0,0.0
2019-04-08 00:00:00+09:00,2280.0,2280.0,2245.0,2250.0,176886,0.0,0.0
2019-04-09 00:00:00+09:00,2250.0,2290.0,2240.0,2270.0,224125,0.0,0.0
2019-04-10 00:00:00+09:00,2255.0,2330.0,2255.0,2305.0,372276,0.0,0.0
2019-04-11 00:00:00+09:00,2300.0,2330.0,2275.0,2305.0,227710,0.0,0.0
2019-04-12 00:00:00+09:00,2300.0,2370.0,2290.0,2320.0,821912,0.0,0.0
2019-04-15 00:00:00+09:00,2335.0,2335.0,2275.0,2305.0,277086,0.0,0.0
2019-04-16 00:00:00+09:00,2315.0,2320.0,2260.0,2280.0,430802,0.0,0.0
2019-04-17 00:00:00+09:00,2265.0,2295.0,2250.0,2285.0,204235,0.0,0.0
2019-04-18 00:00:00+09:00,2270.0,2320.0,2260.0,2275.0,338477,0.0,0.0
2019-04-19 00:00:00+09:00,2270.0,2310.0,2265.0,2280.0,182389,0.0,0.0
2019-04-22 00:00:00+09:00,2285.0,2375.0,2285.0,2305.0,799901,0.0,0.0
2019-04-23 00:00:00+09:00,2325.0,2360.0,2305.0,2330.0,360425,0.0,0.0
2019-04-24 00:00:00+09:00,2315.0,2385.0,2310.0,2360.0,734222,0.0,0.0
2019-04-25 00:00:00+09:00,2360.0,2365.0,2250.0,2265.0,581564,0.0,0.0
2019-04-26 00:00:00+09:00,2265.0,2265.0,2135.0,2190.0,828981,0.0,0.0
2019-04-29 00:00:00+09:00,2190.0,2220.0,2150.0,2190.0,205713,0.0,0.0
2019-04-30 00:00:00+09:00,2170.0,2200.0,2170.0,2185.0,128254,0.0,0.0
2019-05-02 00:00:00+09:00,2165.0,2350.0,2160.0,2250.0,968231,0.0,0.0
2019-05-03 00:00:00+09:00,2230.0,2295.0,2230.0,2280.0,393172,0.0,0.0
2019-05-07 00:00:00+09:00,2240.0,2260.0,2205.0,2240.0,258543,0.0,0.0
2019-05-08 00:00:00+09:00,2230.0,2250.0,2185.0,2245.0,151568,0.0,0.0
2019-05-09 00:00:00+09:00,2220.0,2235.0,2100.0,2160.0,491905,0.0,0.0
2019-05-10 00:00:00+09:00,2140.0,2165.0,2065.0,2100.0,373774,0.0,0.0
2019-05-13 00:00:00+09:00,2100.0,2125.0,2070.0,2070.0,174402,0.0,0.0
2019-05-14 00:00:00+09:00,2010.0,2100.0,2005.0,2085.0,285402,0.0,0.0
2019-05-15 00:00:00+09:00,2065.0,2150.0,2065.0,2150.0,141897,0.0,0.0
2019-05-16 00:00:00+09:00,2150.0,2180.0,2130.0,2145.0,274871,0.0,0.0
2019-05-17 00:00:00+09:00,2135.0,2220.0,2135.0,2160.0,304495,0.0,0.0
2019-05-20 00:00:00+09:00,2160.0,2195.0,2135.0,2170.0,187377,0.0,0.0
2019-05-21 00:00:00+09:00,2170.0,2215.0,2170.0,2180.0,183161,0.0,0.0
2019-05-22 00:00:00+09:00,2170.0,2270.0,2170.0,2245.0,341751,0.0,0.0
2019-05-23 00:00:00+09:00,2235.0,2250.0,2195.0,2250.0,343055,0.0,0.0
2019-05-24 00:00:00+09:00,2270.0,2330.0,2165.0,2200.0,1367858,0.0,0.0
2019-05-27 00:00:00+09:00,2200.0,2205.0,2155.0,2165.0,263015,0.0,0.0
2019-05-28 00:00:00+09:00,2160.0,2240.0,2160.0,2220.0,251777,0.0,0.0
2019-05-29 00:00:00+09:00,2200.0,2225.0,2180.0,2190.0,179635,0.0,0.0
2019-05-30 00:00:00+09:00,2190.0,2210.0,2175.0,2175.0,114975,0.0,0.0
2019-05-31 00:00:00+09:00,2170.0,2210.0,2115.0,2210.0,353909,0.0,0.0
2019-06-03 00:00:00+09:00,2190.0,2210.0,2175.0,2205.0,124888,0.0,0.0
2019-06-04 00:00:00+09:00,2190.0,2250.0,2175.0,2240.0,328723,0.0,0.0
2019-06-05 00:00:00+09:00,2250.0,2270.0,2235.0,2265.0,418388,0.0,0.0
2019-06-07 00:00:00+09:00,2265.0,2285.0,2250.0,2265.0,243808,0.0,0.0
2019-06-10 00:00:00+09:00,2280.0,2290.0,2255.0,2290.0,360082,0.0,0.0
2019-06-11 00:00:00+09:00,2300.0,2365.0,2280.0,2345.0,940471,0.0,0.0
2019-06-12 00:00:00+09:00,2365.0,2365.0,2315.0,2340.0,487771,0.0,0.0
2019-06-13 00:00:00+09:00,2340.0,2370.0,2310.0,2370.0,483721,0.0,0.0
2019-06-14 00:00:00+09:00,2385.0,2385.0,2320.0,2325.0,412499,0.0,0.0
2019-06-17 00:00:00+09:00,2320.0,2345.0,2280.0,2300.0,294403,0.0,0.0
2019-06-18 00:00:00+09:00,2300.0,2320.0,2250.0,2265.0,315300,0.0,0.0
2019-06-19 00:00:00+09:00,2280.0,2370.0,2275.0,2345.0,1026227,0.0,0.0
2019-06-20 00:00:00+09:00,2345.0,2390.0,2330.0,2360.0,371806,0.0,0.0
2019-06-21 00:00:00+09:00,2375.0,2540.0,2285.0,2300.0,4042906,0.0,0.0
2019-06-24 00:00:00+09:00,2365.0,2590.0,2315.0,2520.0,7853222,0.0,0.0
2019-06-25 00:00:00+09:00,2505.0,2550.0,2400.0,2550.0,2913743,0.0,0.0
2019-06-26 00:00:00+09:00,2525.0,2525.0,2410.0,2430.0,1629075,0.0,0.0
2019-06-27 00:00:00+09:00,2440.0,2470.0,2270.0,2300.0,2254336,0.0,0.0
2019-06-28 00:00:00+09:00,2305.0,2350.0,2170.0,2265.0,2344848,0.0,0.0
2019-07-01 00:00:00+09:00,2295.0,2375.0,2200.0,2375.0,2404361,0.0,0.0
2019-07-02 00:00:00+09:00,2375.0,2475.0,2350.0,2465.0,2581120,0.0,0.0
2019-07-03 00:00:00+09:00,2485.0,2530.0,2390.0,2530.0,2336631,0.0,0.0
2019-07-04 00:00:00+09:00,2530.0,2530.0,2295.0,2335.0,3455923,0.0,0.0
2019-07-05 00:00:00+09:00,2340.0,2395.0,2255.0,2285.0,3764991,0.0,0.0
2019-07-08 00:00:00+09:00,2260.0,2275.0,2080.0,2110.0,1492226,0.0,0.0
2019-07-09 00:00:00+09:00,2090.0,2145.0,1990.0,2015.0,1076720,0.0,0.0
2019-07-10 00:00:00+09:00,2010.0,2045.0,2000.0,2035.0,625847,0.0,0.0
2019-07-11 00:00:00+09:00,2030.0,2070.0,2010.0,2055.0,461703,0.0,0.0
2019-07-12 00:00:00+09:00,2060.0,2080.0,2035.0,2055.0,396707,0.0,0.0
2019-07-15 00:00:00+09:00,2065.0,2075.0,1995.0,2005.0,508637,0.0,0.0
2019-07-16 00:00:00+09:00,2010.0,2010.0,1950.0,1970.0,595055,0.0,0.0
2019-07-17 00:00:00+09:00,1960.0,1975.0,1870.0,1885.0,524745,0.0,0.0
2019-07-18 00:00:00+09:00,1870.0,1940.0,1870.0,1910.0,232552,0.0,0.0
2019-07-19 00:00:00+09:00,1935.0,1950.0,1905.0,1910.0,171233,0.0,0.0
2019-07-22 00:00:00+09:00,1945.0,1970.0,1920.0,1970.0,182259,0.0,0.0
2019-07-23 00:00:00+09:00,1970.0,1985.0,1925.0,1925.0,152096,0.0,0.0
2019-07-24 00:00:00+09:00,1950.0,1955.0,1805.0,1860.0,317702,0.0,0.0
2019-07-25 00:00:00+09:00,1845.0,1880.0,1800.0,1820.0,299297,0.0,0.0
2019-07-26 00:00:00+09:00,1820.0,1835.0,1750.0,1775.0,279576,0.0,0.0
2019-07-29 00:00:00+09:00,1775.0,1790.0,1640.0,1640.0,433652,0.0,0.0
2019-07-30 00:00:00+09:00,1615.0,1770.0,1615.0,1735.0,416045,0.0,0.0
2019-07-31 00:00:00+09:00,1720.0,1765.0,1675.0,1745.0,181620,0.0,0.0
2019-08-01 00:00:00+09:00,1725.0,1780.0,1720.0,1745.0,131643,0.0,0.0
2019-08-02 00:00:00+09:00,1700.0,1790.0,1675.0,1790.0,337126,0.0,0.0
2019-08-05 00:00:00+09:00,1920.0,1950.0,1660.0,1665.0,906728,0.0,0.0
2019-08-06 00:00:00+09:00,1545.0,1680.0,1540.0,1560.0,740146,0.0,0.0
2019-08-07 00:00:00+09:00,1550.0,1625.0,1550.0,1605.0,363833,0.0,0.0
2019-08-08 00:00:00+09:00,1635.0,1715.0,1615.0,1650.0,303093,0.0,0.0
2019-08-09 00:00:00+09:00,1655.0,1705.0,1655.0,1700.0,204644,0.0,0.0
2019-08-12 00:00:00+09:00,1685.0,1730.0,1675.0,1730.0,100778,0.0,0.0
2019-08-13 00:00:00+09:00,1735.0,1770.0,1700.0,1730.0,274985,0.0,0.0
2019-08-14 00:00:00+09:00,1750.0,1770.0,1720.0,1740.0,181784,0.0,0.0
2019-08-16 00:00:00+09:00,1720.0,1720.0,1670.0,1700.0,183773,0.0,0.0
2019-08-19 00:00:00+09:00,1700.0,1730.0,1695.0,1715.0,80565,0.0,0.0
2019-08-20 00:00:00+09:00,1735.0,1750.0,1640.0,1740.0,216227,0.0,0.0
2019-08-21 00:00:00+09:00,1740.0,1775.0,1710.0,1770.0,223006,0.0,0.0
2019-08-22 00:00:00+09:00,1770.0,1780.0,1745.0,1760.0,106928,0.0,0.0
2019-08-23 00:00:00+09:00,1760.0,1760.0,1710.0,1735.0,93317,0.0,0.0
2019-08-26 00:00:00+09:00,1675.0,1700.0,1615.0,1615.0,181007,0.0,0.0
2019-08-27 00:00:00+09:00,1630.0,1660.0,1615.0,1635.0,96599,0.0,0.0
2019-08-28 00:00:00+09:00,1625.0,1690.0,1625.0,1685.0,76134,0.0,0.0
2019-08-29 00:00:00+09:00,1685.0,1695.0,1625.0,1645.0,97257,0.0,0.0
2019-08-30 00:00:00+09:00,1655.0,1690.0,1645.0,1670.0,75863,0.0,0.0
2019-09-02 00:00:00+09:00,1680.0,1730.0,1670.0,1730.0,167072,0.0,0.0
2019-09-03 00:00:00+09:00,1710.0,1845.0,1710.0,1735.0,527551,0.0,0.0
2019-09-04 00:00:00+09:00,1740.0,1845.0,1725.0,1780.0,903767,0.0,0.0
2019-09-05 00:00:00+09:00,1770.0,1815.0,1765.0,1780.0,174984,0.0,0.0
2019-09-06 00:00:00+09:00,1785.0,1790.0,1750.0,1755.0,129180,0.0,0.0
2019-09-09 00:00:00+09:00,1755.0,1770.0,1715.0,1720.0,71842,0.0,0.0
2019-09-10 00:00:00+09:00,1730.0,1785.0,1725.0,1775.0,99832,0.0,0.0
2019-09-11 00:00:00+09:00,1755.0,1810.0,1755.0,1805.0,129435,0.0,0.0
2019-09-16 00:00:00+09:00,1805.0,1820.0,1785.0,1810.0,166089,0.0,0.0
2019-09-17 00:00:00+09:00,1805.0,1845.0,1805.0,1835.0,249782,0.0,0.0
2019-09-18 00:00:00+09:00,1825.0,1960.0,1815.0,1870.0,866407,0.0,0.0
2019-09-19 00:00:00+09:00,1865.0,1895.0,1850.0,1895.0,208762,0.0,0.0
2019-09-20 00:00:00+09:00,1895.0,1905.0,1860.0,1885.0,125548,0.0,0.0
2019-09-23 00:00:00+09:00,1865.0,1895.0,1850.0,1860.0,147777,0.0,0.0
2019-09-24 00:00:00+09:00,1850.0,1880.0,1830.0,1850.0,161678,0.0,0.0
2019-09-25 00:00:00+09:00,1855.0,1860.0,1785.0,1795.0,142807,0.0,0.0
2019-09-26 00:00:00+09:00,1800.0,1835.0,1770.0,1790.0,129401,0.0,0.0
2019-09-27 00:00:00+09:00,1765.0,1810.0,1765.0,1805.0,170516,0.0,0.0
2019-09-30 00:00:00+09:00,1800.0,1820.0,1770.0,1810.0,91603,0.0,0.0
2019-10-01 00:00:00+09:00,1785.0,1860.0,1785.0,1840.0,205833,0.0,0.0
2019-10-02 00:00:00+09:00,1825.0,1825.0,1760.0,1790.0,218461,0.0,0.0
2019-10-04 00:00:00+09:00,1790.0,1790.0,1730.0,1735.0,108899,0.0,0.0
2019-10-07 00:00:00+09:00,1740.0,1750.0,1700.0,1715.0,76129,0.0,0.0
2019-10-08 00:00:00+09:00,1695.0,1720.0,1695.0,1715.0,53452,0.0,0.0
2019-10-10 00:00:00+09:00,1715.0,1725.0,1665.0,1685.0,59923,0.0,0.0
2019-10-11 00:00:00+09:00,1700.0,1705.0,1665.0,1680.0,68900,0.0,0.0
2019-10-14 00:00:00+09:00,1685.0,1730.0,1685.0,1720.0,126806,0.0,0.0
2019-10-15 00:00:00+09:00,1725.0,1735.0,1690.0,1715.0,90763,0.0,0.0
2019-10-16 00:00:00+09:00,1730.0,1730.0,1705.0,1715.0,104541,0.0,0.0
2019-10-17 00:00:00+09:00,1725.0,1730.0,1700.0,1710.0,78772,0.0,0.0
2019-10-18 00:00:00+09:00,1720.0,1720.0,1685.0,1700.0,74540,0.0,0.0
2019-10-21 00:00:00+09:00,1730.0,1790.0,1710.0,1730.0,395717,0.0,0.0
2019-10-22 00:00:00+09:00,1735.0,1740.0,1685.0,1700.0,158538,0.0,0.0
2019-10-23 00:00:00+09:00,1705.0,1705.0,1665.0,1670.0,173277,0.0,0.0
2019-10-24 00:00:00+09:00,1660.0,1690.0,1645.0,1650.0,124634,0.0,0.0
2019-10-25 00:00:00+09:00,1640.0,1705.0,1630.0,1705.0,175483,0.0,0.0
2019-10-28 00:00:00+09:00,1680.0,1705.0,1670.0,1690.0,119885,0.0,0.0
2019-10-29 00:00:00+09:00,1690.0,1815.0,1685.0,1745.0,808906,0.0,0.0
2019-10-30 00:00:00+09:00,1725.0,1765.0,1700.0,1730.0,610371,0.0,0.0
2019-10-31 00:00:00+09:00,1935.0,2015.0,1790.0,1790.0,6315691,0.0,0.0
2019-11-01 00:00:00+09:00,1770.0,1825.0,1740.0,1810.0,756956,0.0,0.0
2019-11-04 00:00:00+09:00,1810.0,1840.0,1780.0,1785.0,377667,0.0,0.0
2019-11-05 00:00:00+09:00,1795.0,1835.0,1785.0,1825.0,498845,0.0,0.0
2019-11-06 00:00:00+09:00,1830.0,1835.0,1800.0,1815.0,245995,0.0,0.0
2019-11-07 00:00:00+09:00,1815.0,1835.0,1810.0,1825.0,195586,0.0,0.0
2019-11-08 00:00:00+09:00,1835.0,1835.0,1795.0,1795.0,239666,0.0,0.0
2019-11-11 00:00:00+09:00,1800.0,1810.0,1770.0,1785.0,203767,0.0,0.0
2019-11-12 00:00:00+09:00,1780.0,1810.0,1765.0,1800.0,165645,0.0,0.0
2019-11-13 00:00:00+09:00,1795.0,1830.0,1775.0,1825.0,225435,0.0,0.0
2019-11-14 00:00:00+09:00,1825.0,1830.0,1800.0,1815.0,128619,0.0,0.0
2019-11-15 00:00:00+09:00,1810.0,1825.0,1780.0,1790.0,125449,0.0,0.0
2019-11-18 00:00:00+09:00,1795.0,1825.0,1780.0,1820.0,163127,0.0,0.0
2019-11-19 00:00:00+09:00,1820.0,1830.0,1780.0,1800.0,218120,0.0,0.0
2019-11-20 00:00:00+09:00,1805.0,1815.0,1715.0,1715.0,336689,0.0,0.0
2019-11-21 00:00:00+09:00,1740.0,1770.0,1695.0,1730.0,255147,0.0,0.0
2019-11-22 00:00:00+09:00,1755.0,1805.0,1710.0,1740.0,429960,0.0,0.0
2019-11-25 00:00:00+09:00,1785.0,2260.0,1775.0,2260.0,45109940,0.0,0.0
2019-11-26 00:00:00+09:00,2370.0,2420.0,2160.0,2210.0,28618940,0.0,0.0
2019-11-27 00:00:00+09:00,2210.0,2360.0,2085.0,2180.0,18810550,0.0,0.0
2019-11-28 00:00:00+09:00,2220.0,2340.0,2085.0,2120.0,12784630,0.0,0.0
2019-11-29 00:00:00+09:00,2110.0,2120.0,2015.0,2040.0,3401850,0.0,0.0
2019-12-02 00:00:00+09:00,2050.0,2105.0,2015.0,2105.0,4234331,0.0,0.0
2019-12-03 00:00:00+09:00,2055.0,2065.0,1985.0,2005.0,1949332,0.0,0.0
2019-12-04 00:00:00+09:00,2000.0,2055.0,1960.0,1965.0,2351853,0.0,0.0
2019-12-05 00:00:00+09:00,1985.0,2015.0,1870.0,1915.0,2317797,0.0,0.0
2019-12-06 00:00:00+09:00,1905.0,1935.0,1885.0,1930.0,1227741,0.0,0.0
2019-12-09 00:00:00+09:00,1930.0,1940.0,1860.0,1900.0,1229711,0.0,0.0
2019-12-10 00:00:00+09:00,1900.0,1970.0,1880.0,1960.0,1236740,0.0,0.0
2019-12-11 00:00:00+09:00,1950.0,2085.0,1930.0,1990.0,6738514,0.0,0.0
2019-12-12 00:00:00+09:00,2005.0,2035.0,1980.0,1980.0,1104862,0.0,0.0
2019-12-13 00:00:00+09:00,1990.0,2010.0,1970.0,1970.0,793836,0.0,0.0
2019-12-16 00:00:00+09:00,1985.0,2060.0,1965.0,2050.0,1519791,0.0,0.0
2019-12-17 00:00:00+09:00,2050.0,2055.0,1920.0,1940.0,1455944,0.0,0.0
2019-12-18 00:00:00+09:00,1940.0,1975.0,1920.0,1960.0,671301,0.0,0.0
2019-12-19 00:00:00+09:00,1950.0,1970.0,1925.0,1930.0,469496,0.0,0.0
2019-12-20 00:00:00+09:00,1930.0,1955.0,1900.0,1915.0,559954,0.0,0.0
2019-12-23 00:00:00+09:00,1910.0,1920.0,1850.0,1875.0,512754,0.0,0.0
2019-12-24 00:00:00+09:00,1880.0,1895.0,1815.0,1815.0,554874,0.0,0.0
2019-12-26 00:00:00+09:00,1805.0,1895.0,1805.0,1895.0,545371,0.0,0.0
2019-12-27 00:00:00+09:00,1875.0,1925.0,1875.0,1920.0,356728,0.0,0.0
2019-12-30 00:00:00+09:00,1935.0,1960.0,1910.0,1960.0,325277,0.0,0.0
2020-01-02 00:00:00+09:00,1945.0,1995.0,1935.0,1975.0,551974,0.0,0.0
2020-01-03 00:00:00+09:00,1965.0,1985.0,1945.0,1985.0,533698,0.0,0.0
2020-01-06 00:00:00+09:00,1965.0,1970.0,1905.0,1920.0,438176,0.0,0.0
2020-01-07 00:00:00+09:00,1920.0,2000.0,1920.0,1990.0,873218,0.0,0.0
2020-01-08 00:00:00+09:00,1970.0,1970.0,1870.0,1875.0,893075,0.0,0.0
2020-01-09 00:00:00+09:00,1925.0,1970.0,1915.0,1970.0,500794,0.0,0.0
2020-01-10 00:00:00+09:00,1970.0,2025.0,1955.0,2015.0,541724,0.0,0.0
2020-01-13 00:00:00+09:00,2015.0,2055.0,2000.0,2050.0,705475,0.0,0.0
2020-01-14 00:00:00+09:00,2030.0,2045.0,1950.0,1985.0,675297,0.0,0.0
2020-01-15 00:00:00+09:00,1990.0,2080.0,1985.0,2080.0,957781,0.0,0.0
2020-01-16 00:00:00+09:00,2075.0,2080.0,2005.0,2030.0,542364,0.0,0.0
2020-01-17 00:00:00+09:00,2040.0,2080.0,2020.0,2050.0,458917,0.0,0.0
2020-01-20 00:00:00+09:00,2060.0,2065.0,1990.0,2010.0,403877,0.0,0.0
2020-01-21 00:00:00+09:00,2010.0,2020.0,1955.0,1970.0,318153,0.0,0.0
2020-01-22 00:00:00+09:00,1960.0,2035.0,1960.0,2015.0,271791,0.0,0.0
2020-01-23 00:00:00+09:00,2000.0,2020.0,1985.0,2000.0,154149,0.0,0.0
2020-01-28 00:00:00+09:00,1920.0,1945.0,1875.0,1900.0,575149,0.0,0.0
2020-01-29 00:00:00+09:00,1905.0,1945.0,1890.0,1925.0,295750,0.0,0.0
2020-01-30 00:00:00+09:00,1930.0,1945.0,1830.0,1850.0,482314,0.0,0.0
2020-01-31 00:00:00+09:00,1855.0,1915.0,1770.0,1800.0,480490,0.0,0.0
2020-02-03 00:00:00+09:00,1755.0,1805.0,1705.0,1795.0,472208,0.0,0.0
2020-02-04 00:00:00+09:00,1815.0,1840.0,1785.0,1825.0,180325,0.0,0.0
2020-02-05 00:00:00+09:00,1845.0,1860.0,1815.0,1850.0,191704,0.0,0.0
2020-02-06 00:00:00+09:00,1850.0,1885.0,1850.0,1875.0,203931,0.0,0.0
2020-02-07 00:00:00+09:00,1885.0,1890.0,1845.0,1865.0,189802,0.0,0.0
2020-02-10 00:00:00+09:00,1865.0,1925.0,1850.0,1910.0,422545,0.0,0.0
2020-02-11 00:00:00+09:00,1900.0,1935.0,1895.0,1925.0,208535,0.0,0.0
2020-02-12 00:00:00+09:00,1920.0,1975.0,1915.0,1950.0,417394,0.0,0.0
2020-02-13 00:00:00+09:00,1960.0,1980.0,1930.0,1940.0,252964,0.0,0.0
2020-02-14 00:00:00+09:00,1950.0,1975.0,1940.0,1960.0,221727,0.0,0.0
2020-02-17 00:00:00+09:00,1960.0,1975.0,1935.0,1950.0,137616,0.0,0.0
2020-02-18 00:00:00+09:00,1955.0,1955.0,1900.0,1920.0,215485,0.0,0.0
2020-02-19 00:00:00+09:00,1915.0,1925.0,1860.0,1905.0,214467,0.0,0.0
2020-02-20 00:00:00+09:00,1890.0,1905.0,1840.0,1870.0,322577,0.0,0.0
2020-02-21 00:00:00+09:00,1855.0,1865.0,1785.0,1800.0,365131,0.0,0.0
2020-02-24 00:00:00+09:00,1710.0,1745.0,1640.0,1640.0,1311525,0.0,0.0
2020-02-25 00:00:00+09:00,1615.0,1705.0,1610.0,1700.0,544884,0.0,0.0
2020-02-26 00:00:00+09:00,1675.0,1765.0,1675.0,1735.0,580927,0.0,0.0
2020-02-27 00:00:00+09:00,1725.0,1760.0,1670.0,1680.0,420184,0.0,0.0
2020-02-28 00:00:00+09:00,1645.0,1670.0,1580.0,1590.0,566436,0.0,0.0
2020-03-02 00:00:00+09:00,1600.0,1655.0,1585.0,1625.0,293134,0.0,0.0
2020-03-03 00:00:00+09:00,1660.0,1720.0,1660.0,1680.0,281265,0.0,0.0
2020-03-04 00:00:00+09:00,1660.0,1765.0,1650.0,1740.0,378065,0.0,0.0
2020-03-05 00:00:00+09:00,1750.0,1800.0,1750.0,1790.0,361047,0.0,0.0
2020-03-06 00:00:00+09:00,1785.0,1800.0,1735.0,1755.0,285899,0.0,0.0
2020-03-09 00:00:00+09:00,1725.0,1725.0,1660.0,1660.0,280629,0.0,0.0
2020-03-10 00:00:00+09:00,1610.0,1685.0,1600.0,1685.0,503257,0.0,0.0
2020-03-11 00:00:00+09:00,1690.0,1705.0,1545.0,1545.0,740775,0.0,0.0
2020-03-12 00:00:00+09:00,1525.0,1565.0,1385.0,1440.0,944165,0.0,0.0
2020-03-13 00:00:00+09:00,1280.0,1370.0,1180.0,1295.0,1300316,0.0,0.0
2020-03-16 00:00:00+09:00,1320.0,1405.0,1295.0,1300.0,842611,0.0,0.0
2020-03-17 00:00:00+09:00,1200.0,1355.0,1200.0,1345.0,565727,0.0,0.0
2020-03-18 00:00:00+09:00,1360.0,1395.0,1250.0,1250.0,484481,0.0,0.0
2020-03-19 00:00:00+09:00,1280.0,1320.0,1075.0,1095.0,931719,0.0,0.0
2020-03-20 00:00:00+09:00,1080.0,1195.0,1080.0,1180.0,595174,0.0,0.0
2020-03-23 00:00:00+09:00,1110.0,1215.0,1100.0,1170.0,624619,0.0,0.0
2020-03-24 00:00:00+09:00,1225.0,1300.0,1210.0,1290.0,412087,0.0,0.0
2020-03-25 00:00:00+09:00,1330.0,1350.0,1265.0,1310.0,419067,0.0,0.0
2020-03-26 00:00:00+09:00,1315.0,1365.0,1290.0,1325.0,489941,0.0,0.0
2020-03-27 00:00:00+09:00,1365.0,1385.0,1295.0,1335.0,464354,0.0,0.0
2020-03-30 00:00:00+09:00,1320.0,1580.0,1300.0,1440.0,1046847,0.0,0.0
2020-03-31 00:00:00+09:00,1500.0,1510.0,1460.0,1480.0,543802,0.0,0.0
2020-04-01 00:00:00+09:00,1505.0,1655.0,1455.0,1530.0,1120866,0.0,0.0
2020-04-02 00:00:00+09:00,1515.0,1530.0,1425.0,1500.0,482500,0.0,0.0
2020-04-03 00:00:00+09:00,1500.0,1525.0,1480.0,1500.0,219032,0.0,0.0
2020-04-06 00:00:00+09:00,1500.0,1575.0,1495.0,1565.0,390826,0.0,0.0
2020-04-07 00:00:00+09:00,1600.0,1600.0,1540.0,1575.0,364484,0.0,0.0
2020-04-08 00:00:00+09:00,1585.0,1635.0,1550.0,1590.0,357505,0.0,0.0
2020-04-09 00:00:00+09:00,1600.0,1655.0,1595.0,1625.0,492477,0.0,0.0
2020-04-10 00:00:00+09:00,1640.0,1645.0,1540.0,1625.0,435865,0.0,0.0
2020-04-13 00:00:00+09:00,1625.0,1740.0,1585.0,1610.0,1599277,0.0,0.0
2020-04-14 00:00:00+09:00,1625.0,1690.0,1600.0,1665.0,537008,0.0,0.0
2020-04-16 00:00:00+09:00,1700.0,1700.0,1610.0,1685.0,311600,0.0,0.0
2020-04-17 00:00:00+09:00,1690.0,1825.0,1655.0,1825.0,2305350,0.0,0.0
2020-04-20 00:00:00+09:00,2120.0,2135.0,1850.0,1870.0,9003348,0.0,0.0
2020-04-21 00:00:00+09:00,1810.0,1855.0,1695.0,1785.0,2058407,0.0,0.0
2020-04-22 00:00:00+09:00,1770.0,1825.0,1730.0,1815.0,1199823,0.0,0.0
2020-04-23 00:00:00+09:00,1890.0,1945.0,1830.0,1840.0,3243020,0.0,0.0
2020-04-24 00:00:00+09:00,1820.0,1870.0,1760.0,1800.0,677594,0.0,0.0
2020-04-27 00:00:00+09:00,1810.0,1865.0,1810.0,1830.0,687970,0.0,0.0
2020-04-28 00:00:00+09:00,1870.0,1990.0,1805.0,1840.0,3888874,0.0,0.0
2020-04-29 00:00:00+09:00,1860.0,1965.0,1835.0,1930.0,4087506,0.0,0.0
2020-05-04 00:00:00+09:00,1910.0,2070.0,1865.0,1965.0,3861673,0.0,0.0
2020-05-06 00:00:00+09:00,2025.0,2080.0,1990.0,2080.0,4538646,0.0,0.0
2020-05-07 00:00:00+09:00,2070.0,2075.0,2005.0,2020.0,2399327,0.0,0.0
2020-05-08 00:00:00+09:00,2050.0,2050.0,1980.0,2000.0,1180466,0.0,0.0
2020-05-11 00:00:00+09:00,2000.0,2005.0,1930.0,1950.0,875700,0.0,0.0
2020-05-12 00:00:00+09:00,1960.0,1970.0,1890.0,1925.0,512518,0.0,0.0
2020-05-13 00:00:00+09:00,1900.0,2030.0,1895.0,1995.0,1400352,0.0,0.0
2020-05-14 00:00:00+09:00,1970.0,2070.0,1950.0,2000.0,3112800,0.0,0.0
2020-05-15 00:00:00+09:00,2005.0,2010.0,1945.0,1950.0,619714,0.0,0.0
2020-05-18 00:00:00+09:00,1950.0,2060.0,1905.0,2025.0,1873792,0.0,0.0
2020-05-19 00:00:00+09:00,2030.0,2040.0,1985.0,2015.0,660616,0.0,0.0
2020-05-20 00:00:00+09:00,2045.0,2225.0,2015.0,2180.0,5785197,0.0,0.0
2020-05-21 00:00:00+09:00,2140.0,2175.0,2080.0,2175.0,4125216,0.0,0.0
2020-05-22 00:00:00+09:00,2465.0,2700.0,2180.0,2180.0,63748700,0.0,0.0
2020-05-25 00:00:00+09:00,2210.0,2425.0,2205.0,2290.0,12851170,0.0,0.0
2020-05-26 00:00:00+09:00,2295.0,2315.0,2220.0,2265.0,2805550,0.0,0.0
2020-05-27 00:00:00+09:00,2260.0,2550.0,2220.0,2415.0,18963220,0.0,0.0
2020-05-28 00:00:00+09:00,2410.0,2445.0,2250.0,2305.0,3850578,0.0,0.0
2020-05-29 00:00:00+09:00,2290.0,2470.0,2210.0,2430.0,6860377,0.0,0.0
2020-06-01 00:00:00+09:00,2390.0,2545.0,2355.0,2525.0,10775400,0.0,0.0
2020-06-02 00:00:00+09:00,2500.0,2525.0,2420.0,2440.0,3195564,0.0,0.0
2020-06-03 00:00:00+09:00,2430.0,2455.0,2355.0,2395.0,1802853,0.0,0.0
2020-06-04 00:00:00+09:00,2400.0,2425.0,2330.0,2350.0,1558008,0.0,0.0
2020-06-05 00:00:00+09:00,2345.0,2435.0,2325.0,2350.0,1910306,0.0,0.0
2020-06-08 00:00:00+09:00,2355.0,2360.0,2265.0,2300.0,1810289,0.0,0.0
2020-06-09 00:00:00+09:00,2300.0,2355.0,2260.0,2330.0,1154818,0.0,0.0
2020-06-10 00:00:00+09:00,2350.0,2370.0,2295.0,2335.0,1133061,0.0,0.0
2020-06-11 00:00:00+09:00,2330.0,2330.0,2280.0,2295.0,932834,0.0,0.0
2020-06-12 00:00:00+09:00,2150.0,2225.0,2120.0,2175.0,2127733,0.0,0.0
2020-06-15 00:00:00+09:00,2160.0,2255.0,1980.0,1980.0,2807364,0.0,0.0
2020-06-16 00:00:00+09:00,2020.0,2085.0,2020.0,2060.0,740923,0.0,0.0
2020-06-17 00:00:00+09:00,2010.0,2160.0,1990.0,2145.0,1432755,0.0,0.0
2020-06-18 00:00:00+09:00,2140.0,2140.0,2070.0,2075.0,578616,0.0,0.0
2020-06-19 00:00:00+09:00,2110.0,2150.0,2045.0,2090.0,913864,0.0,0.0
2020-06-22 00:00:00+09:00,2115.0,2130.0,2070.0,2075.0,595394,0.0,0.0
2020-06-23 00:00:00+09:00,2090.0,2120.0,2050.0,2095.0,647016,0.0,0.0
2020-06-24 00:00:00+09:00,2090.0,2140.0,2070.0,2080.0,767094,0.0,0.0
2020-06-25 00:00:00+09:00,2050.0,2210.0,2000.0,2200.0,4106076,0.0,0.0
2020-06-26 00:00:00+09:00,2285.0,2435.0,2125.0,2125.0,14908760,0.0,0.0
2020-06-29 00:00:00+09:00,2095.0,2100.0,2010.0,2020.0,1504866,0.0,0.0
2020-06-30 00:00:00+09:00,2045.0,2055.0,1995.0,2010.0,889415,0.0,0.0
2020-07-01 00:00:00+09:00,2020.0,2095.0,2010.0,2030.0,1359543,0.0,0.0
2020-07-02 00:00:00+09:00,2030.0,2045.0,2015.0,2035.0,408905,0.0,0.0
2020-07-03 00:00:00+09:00,2055.0,2065.0,2030.0,2035.0,501075,0.0,0.0
2020-07-06 00:00:00+09:00,2065.0,2205.0,2040.0,2205.0,2733476,0.0,0.0
2020-07-07 00:00:00+09:00,2225.0,2225.0,2120.0,2140.0,1527489,0.0,0.0
2020-07-08 00:00:00+09:00,2140.0,2270.0,2100.0,2270.0,3172454,0.0,0.0
2020-07-09 00:00:00+09:00,2265.0,2400.0,2220.0,2385.0,8206102,0.0,0.0
2020-07-10 00:00:00+09:00,2360.0,2385.0,2300.0,2305.0,2741172,0.0,0.0
2020-07-13 00:00:00+09:00,2345.0,2410.0,2330.0,2400.0,2833959,0.0,0.0
2020-07-14 00:00:00+09:00,2370.0,2445.0,2135.0,2260.0,4557461,0.0,0.0
2020-07-15 00:00:00+09:00,2260.0,2280.0,2170.0,2230.0,1200180,0.0,0.0
2020-07-16 00:00:00+09:00,2230.0,2280.0,2210.0,2235.0,963629,0.0,0.0
2020-07-17 00:00:00+09:00,2235.0,2265.0,2220.0,2245.0,494626,0.0,0.0
2020-07-20 00:00:00+09:00,2260.0,2260.0,2200.0,2215.0,538692,0.0,0.0
2020-07-21 00:00:00+09:00,2215.0,2330.0,2180.0,2265.0,3063831,0.0,0.0
2020-07-22 00:00:00+09:00,2280.0,2310.0,2255.0,2265.0,949643,0.0,0.0
2020-07-23 00:00:00+09:00,2265.0,2280.0,2200.0,2215.0,924907,0.0,0.0
2020-07-24 00:00:00+09:00,2235.0,2335.0,2225.0,2230.0,2480932,0.0,0.0
2020-07-27 00:00:00+09:00,2230.0,2275.0,2220.0,2275.0,943449,0.0,0.0
2020-07-28 00:00:00+09:00,2335.0,2355.0,2245.0,2250.0,2237270,0.0,0.0
2020-07-29 00:00:00+09:00,2240.0,2280.0,2210.0,2280.0,743337,0.0,0.0
2020-07-30 00:00:00+09:00,2285.0,2295.0,2245.0,2255.0,756947,0.0,0.0
2020-07-31 00:00:00+09:00,2370.0,2930.0,2315.0,2800.0,77146080,0.0,0.0
2020-08-03 00:00:00+09:00,2895.0,2930.0,2620.0,2640.0,20582700,0.0,0.0
2020-08-04 00:00:00+09:00,2650.0,2665.0,2555.0,2645.0,8219743,0.0,0.0
2020-08-05 00:00:00+09:00,2625.0,2700.0,2580.0,2595.0,7275253,0.0,0.0
2020-08-06 00:00:00+09:00,2600.0,2605.0,2520.0,2545.0,2717289,0.0,0.0
2020-08-07 00:00:00+09:00,2535.0,2575.0,2510.0,2545.0,1532949,0.0,0.0
2020-08-10 00:00:00+09:00,2565.0,2575.0,2465.0,2485.0,1974570,0.0,0.0
2020-08-11 00:00:00+09:00,2495.0,2585.0,2490.0,2515.0,3676339,0.0,0.0
2020-08-12 00:00:00+09:00,2510.0,2515.0,2410.0,2435.0,1773170,0.0,0.0
2020-08-13 00:00:00+09:00,2460.0,2505.0,2440.0,2475.0,1825061,0.0,0.0
2020-08-14 00:00:00+09:00,2455.0,2470.0,2350.0,2370.0,1521106,0.0,0.0
2020-08-18 00:00:00+09:00,2380.0,2440.0,2155.0,2200.0,2138538,0.0,0.0
2020-08-19 00:00:00+09:00,2200.0,2335.0,2200.0,2250.0,1317855,0.0,0.0
2020-08-20 00:00:00+09:00,2255.0,2315.0,2065.0,2095.0,1984450,0.0,0.0
2020-08-21 00:00:00+09:00,2100.0,2135.0,2035.0,2090.0,674944,0.0,0.0
2020-08-24 00:00:00+09:00,2085.0,2135.0,2065.0,2115.0,506797,0.0,0.0
2020-08-25 00:00:00+09:00,2120.0,2215.0,2120.0,2190.0,741011,0.0,0.0
2020-08-26 00:00:00+09:00,2200.0,2215.0,2135.0,2190.0,743087,0.0,0.0
2020-08-27 00:00:00+09:00,2200.0,2225.0,2155.0,2160.0,752935,0.0,0.0
2020-08-28 00:00:00+09:00,2165.0,2190.0,2140.0,2165.0,608684,0.0,0.0
2020-08-31 00:00:00+09:00,2175.0,2255.0,2170.0,2245.0,1072366,0.0,0.0
2020-09-01 00:00:00+09:00,2250.0,2275.0,2220.0,2275.0,636957,0.0,0.0
2020-09-02 00:00:00+09:00,2265.0,2310.0,2255.0,2310.0,907698,0.0,0.0
2020-09-03 00:00:00+09:00,2325.0,2345.0,2275.0,2295.0,1063197,0.0,0.0
2020-09-04 00:00:00+09:00,2190.0,2250.0,2175.0,2245.0,904041,0.0,0.0
2020-09-07 00:00:00+09:00,2335.0,2525.0,2330.0,2420.0,17895970,0.0,0.0
2020-09-08 00:00:00+09:00,2505.0,2635.0,2350.0,2350.0,14247390,0.0,0.0
2020-09-09 00:00:00+09:00,2340.0,2615.0,2330.0,2435.0,12814310,0.0,0.0
2020-09-10 00:00:00+09:00,2445.0,2500.0,2385.0,2500.0,2829200,0.0,0.0
2020-09-11 00:00:00+09:00,2490.0,2490.0,2400.0,2400.0,1634410,0.0,0.0
2020-09-14 00:00:00+09:00,2445.0,2500.0,2405.0,2470.0,2064676,0.0,0.0
2020-09-15 00:00:00+09:00,2485.0,2515.0,2410.0,2430.0,1941441,0.0,0.0
2020-09-16 00:00:00+09:00,2440.0,2705.0,2385.0,2650.0,12860990,0.0,0.0
2020-09-17 00:00:00+09:00,2545.0,2575.0,2450.0,2565.0,9106850,0.0,0.0
2020-09-18 00:00:00+09:00,2820.0,3220.0,2570.0,2595.0,105096500,0.0,0.0
2020-09-21 00:00:00+09:00,2605.0,2665.0,2390.0,2425.0,7815768,0.0,0.0
2020-09-22 00:00:00+09:00,2400.0,2445.0,2250.0,2255.0,4688429,0.0,0.0
2020-09-23 00:00:00+09:00,2285.0,2390.0,2285.0,2330.0,5752677,0.0,0.0
2020-09-24 00:00:00+09:00,2295.0,2620.0,2280.0,2545.0,20523850,0.0,0.0
2020-09-25 00:00:00+09:00,2480.0,2505.0,2375.0,2385.0,4558719,0.0,0.0
2020-09-28 00:00:00+09:00,2415.0,2545.0,2395.0,2475.0,5144045,0.0,0.0
2020-09-29 00:00:00+09:00,2515.0,2565.0,2470.0,2500.0,5087338,0.0,0.0
2020-10-05 00:00:00+09:00,2515.0,2690.0,2485.0,2645.0,9159385,0.0,0.0
2020-10-06 00:00:00+09:00,2640.0,2700.0,2565.0,2700.0,5544514,0.0,0.0
2020-10-07 00:00:00+09:00,2655.0,2715.0,2620.0,2645.0,3412320,0.0,0.0
2020-10-08 00:00:00+09:00,2680.0,2880.0,2570.0,2575.0,22578080,0.0,0.0
2020-10-12 00:00:00+09:00,2625.0,2660.0,2570.0,2585.0,3400188,0.0,0.0
2020-10-13 00:00:00+09:00,2605.0,2675.0,2580.0,2620.0,2905408,0.0,0.0
2020-10-14 00:00:00+09:00,2635.0,3170.0,2635.0,2945.0,88911040,0.0,0.0
2020-10-15 00:00:00+09:00,3160.0,3310.0,2780.0,2795.0,41225170,0.0,0.0
2020-10-16 00:00:00+09:00,2755.0,3135.0,2745.0,2910.0,30358790,0.0,0.0
2020-10-19 00:00:00+09:00,3090.0,3270.0,2850.0,2850.0,65046450,0.0,0.0
2020-10-20 00:00:00+09:00,2840.0,3030.0,2775.0,2950.0,12537390,0.0,0.0
2020-10-21 00:00:00+09:00,2925.0,2950.0,2785.0,2830.0,5308989,0.0,0.0
2020-10-22 00:00:00+09:00,2780.0,2800.0,2680.0,2680.0,7248886,0.0,0.0
2020-10-23 00:00:00+09:00,3050.0,3335.0,2750.0,2755.0,81729480,0.0,0.0
2020-10-26 00:00:00+09:00,2760.0,3190.0,2690.0,3155.0,58717550,0.0,0.0
2020-10-27 00:00:00+09:00,2985.0,3025.0,2800.0,2825.0,17734740,0.0,0.0
2020-10-28 00:00:00+09:00,2935.0,3010.0,2825.0,2865.0,10945220,0.0,0.0
2020-10-29 00:00:00+09:00,2820.0,2945.0,2800.0,2835.0,5560259,0.0,0.0
2020-10-30 00:00:00+09:00,2790.0,2825.0,2610.0,2620.0,4547205,0.0,0.0
2020-11-02 00:00:00+09:00,2630.0,2710.0,2615.0,2645.0,2025624,0.0,0.0
2020-11-03 00:00:00+09:00,2660.0,2715.0,2645.0,2670.0,1866425,0.0,0.0
2020-11-04 00:00:00+09:00,2720.0,2725.0,2560.0,2580.0,2687742,0.0,0.0
2020-11-05 00:00:00+09:00,2640.0,2785.0,2625.0,2730.0,4734098,0.0,0.0
2020-11-06 00:00:00+09:00,2730.0,2740.0,2620.0,2640.0,2028719,0.0,0.0
2020-11-09 00:00:00+09:00,2700.0,2790.0,2665.0,2785.0,3114316,0.0,0.0
2020-11-10 00:00:00+09:00,2770.0,2835.0,2700.0,2825.0,2525360,0.0,0.0
2020-11-11 00:00:00+09:00,2850.0,2850.0,2735.0,2765.0,2547163,0.0,0.0
2020-11-12 00:00:00+09:00,2805.0,2825.0,2755.0,2790.0,2230890,0.0,0.0
2020-11-13 00:00:00+09:00,2770.0,2770.0,2655.0,2685.0,1996300,0.0,0.0
2020-11-16 00:00:00+09:00,2700.0,2740.0,2670.0,2675.0,1298312,0.0,0.0
2020-11-17 00:00:00+09:00,2680.0,2715.0,2620.0,2620.0,1412315,0.0,0.0
2020-11-18 00:00:00+09:00,2635.0,2670.0,2620.0,2670.0,701785,0.0,0.0
2020-11-19 00:00:00+09:00,2655.0,2690.0,2625.0,2690.0,1639597,0.0,0.0
2020-11-20 00:00:00+09:00,2805.0,2835.0,2700.0,2700.0,4258851,0.0,0.0
2020-11-23 00:00:00+09:00,2680.0,2750.0,2650.0,2700.0,1381134,0.0,0.0
2020-11-24 00:00:00+09:00,2695.0,2770.0,2655.0,2740.0,2215866,0.0,0.0
2020-11-25 00:00:00+09:00,2790.0,2790.0,2640.0,2670.0,1349429,0.0,0.0
2020-11-26 00:00:00+09:00,2665.0,2685.0,2630.0,2650.0,696387,0.0,0.0
2020-11-27 00:00:00+09:00,2645.0,2720.0,2645.0,2695.0,929000,0.0,0.0
2020-11-30 00:00:00+09:00,2715.0,2785.0,2710.0,2745.0,2538319,0.0,0.0
2020-12-01 00:00:00+09:00,2765.0,2790.0,2705.0,2780.0,2077321,0.0,0.0
2020-12-02 00:00:00+09:00,2755.0,2765.0,2710.0,2740.0,1423405,0.0,0.0
2020-12-03 00:00:00+09:00,2760.0,2770.0,2685.0,2730.0,1366725,0.0,0.0
2020-12-04 00:00:00+09:00,2730.0,2740.0,2660.0,2675.0,981199,0.0,0.0
2020-12-07 00:00:00+09:00,2670.0,2690.0,2570.0,2585.0,1562571,0.0,0.0
2020-12-08 00:00:00+09:00,2555.0,2635.0,2555.0,2560.0,1266746,0.0,0.0
2020-12-09 00:00:00+09:00,2570.0,2605.0,2560.0,2565.0,929923,0.0,0.0
2020-12-10 00:00:00+09:00,2560.0,2575.0,2505.0,2520.0,1070617,0.0,0.0
2020-12-11 00:00:00+09:00,2525.0,2580.0,2520.0,2530.0,774868,0.0,0.0
2020-12-14 00:00:00+09:00,2515.0,2530.0,2480.0,2485.0,772865,0.0,0.0
2020-12-15 00:00:00+09:00,2505.0,2510.0,2450.0,2475.0,604518,0.0,0.0
2020-12-16 00:00:00+09:00,2475.0,2610.0,2475.0,2540.0,2725191,0.0,0.0
2020-12-17 00:00:00+09:00,2540.0,2550.0,2495.0,2505.0,679165,0.0,0.0
2020-12-18 00:00:00+09:00,2535.0,2640.0,2525.0,2570.0,2888611,0.0,0.0
2020-12-21 00:00:00+09:00,2570.0,2580.0,2510.0,2515.0,807940,0.0,0.0
2020-12-22 00:00:00+09:00,2515.0,2525.0,2390.0,2400.0,1141286,0.0,0.0
2020-12-23 00:00:00+09:00,2405.0,2430.0,2300.0,2325.0,949627,0.0,0.0
2020-12-24 00:00:00+09:00,2335.0,2385.0,2335.0,2335.0,620661,0.0,0.0
2020-12-28 00:00:00+09:00,2340.0,2355.0,2225.0,2255.0,781430,0.0,0.0
2020-12-29 00:00:00+09:00,2255.0,2325.0,2255.0,2320.0,488521,0.0,0.0
2020-12-30 00:00:00+09:00,2315.0,2420.0,2295.0,2400.0,905259,0.0,0.0
2021-01-04 00:00:00+09:00,2410.0,2435.0,2375.0,2410.0,576181,0.0,0.0
2021-01-05 00:00:00+09:00,2385.0,2425.0,2375.0,2390.0,544690,0.0,0.0
2021-01-06 00:00:00+09:00,2390.0,2455.0,2385.0,2430.0,824392,0.0,0.0
2021-01-07 00:00:00+09:00,2460.0,2460.0,2415.0,2455.0,965586,0.0,0.0
2021-01-08 00:00:00+09:00,2475.0,2480.0,2405.0,2430.0,1001712,0.0,0.0
2021-01-11 00:00:00+09:00,2425.0,2450.0,2305.0,2330.0,899251,0.0,0.0
2021-01-12 00:00:00+09:00,2320.0,2370.0,2285.0,2340.0,539018,0.0,0.0
2021-01-13 00:00:00+09:00,2300.0,2390.0,2300.0,2370.0,518765,0.0,0.0
2021-01-14 00:00:00+09:00,2375.0,2460.0,2375.0,2420.0,662874,0.0,0.0
2021-01-15 00:00:00+09:00,2440.0,2440.0,2355.0,2355.0,526189,0.0,0.0
2021-01-18 00:00:00+09:00,2340.0,2350.0,2295.0,2320.0,551535,0.0,0.0
2021-01-19 00:00:00+09:00,2320.0,2365.0,2310.0,2355.0,409902,0.0,0.0
2021-01-20 00:00:00+09:00,2370.0,2480.0,2355.0,2440.0,1492475,0.0,0.0
2021-01-21 00:00:00+09:00,2480.0,2630.0,2440.0,2500.0,3500564,0.0,0.0
2021-01-22 00:00:00+09:00,2520.0,2525.0,2475.0,2485.0,798392,0.0,0.0
2021-01-25 00:00:00+09:00,2505.0,2540.0,2480.0,2520.0,773955,0.0,0.0
2021-01-26 00:00:00+09:00,2505.0,2535.0,2490.0,2500.0,674340,0.0,0.0
2021-01-27 00:00:00+09:00,2500.0,2565.0,2485.0,2505.0,1189189,0.0,0.0
2021-01-28 00:00:00+09:00,2460.0,2470.0,2410.0,2410.0,829328,0.0,0.0
2021-01-29 00:00:00+09:00,2420.0,2435.0,2240.0,2290.0,971043,0.0,0.0
2021-02-01 00:00:00+09:00,2260.0,2300.0,2210.0,2280.0,430718,0.0,0.0
2021-02-02 00:00:00+09:00,2295.0,2345.0,2250.0,2310.0,485098,0.0,0.0
2021-02-03 00:00:00+09:00,2325.0,2380.0,2320.0,2360.0,526085,0.0,0.0
2021-02-04 00:00:00+09:00,2370.0,2370.0,2300.0,2310.0,335144,0.0,0.0
2021-02-05 00:00:00+09:00,2320.0,2330.0,2290.0,2295.0,306040,0.0,0.0
2021-02-08 00:00:00+09:00,2295.0,2310.0,2270.0,2300.0,318290,0.0,0.0
2021-02-09 00:00:00+09:00,2300.0,2320.0,2285.0,2285.0,337715,0.0,0.0
2021-02-10 00:00:00+09:00,2290.0,2290.0,2260.0,2290.0,276133,0.0,0.0
2021-02-15 00:00:00+09:00,2295.0,2355.0,2295.0,2345.0,547014,0.0,0.0
2021-02-16 00:00:00+09:00,2350.0,2360.0,2310.0,2355.0,548125,0.0,0.0
2021-02-17 00:00:00+09:00,2360.0,2455.0,2305.0,2370.0,1068070,0.0,0.0
2021-02-18 00:00:00+09:00,2370.0,2440.0,2365.0,2395.0,882736,0.0,0.0
2021-02-19 00:00:00+09:00,2405.0,2410.0,2325.0,2345.0,451982,0.0,0.0
2021-02-22 00:00:00+09:00,2335.0,2465.0,2335.0,2440.0,1435421,0.0,0.0
2021-02-23 00:00:00+09:00,2410.0,2450.0,2375.0,2410.0,782065,0.0,0.0
2021-02-24 00:00:00+09:00,2410.0,2425.0,2245.0,2280.0,784022,0.0,0.0
2021-02-25 00:00:00+09:00,2305.0,2330.0,2290.0,2305.0,558451,0.0,0.0
2021-02-26 00:00:00+09:00,2260.0,2285.0,2245.0,2275.0,537136,0.0,0.0
2021-03-02 00:00:00+09:00,2310.0,2320.0,2235.0,2240.0,301096,0.0,0.0
2021-03-03 00:00:00+09:00,2230.0,2270.0,2215.0,2265.0,270143,0.0,0.0
2021-03-04 00:00:00+09:00,2265.0,2320.0,2250.0,2275.0,325920,0.0,0.0
2021-03-05 00:00:00+09:00,2255.0,2295.0,2235.0,2255.0,301141,0.0,0.0
2021-03-08 00:00:00+09:00,2280.0,2280.0,2190.0,2190.0,384451,0.0,0.0
2021-03-09 00:00:00+09:00,2170.0,2200.0,2060.0,2105.0,655176,0.0,0.0
2021-03-10 00:00:00+09:00,2130.0,2135.0,2050.0,2070.0,279690,0.0,0.0
2021-03-11 00:00:00+09:00,2075.0,2120.0,2075.0,2105.0,252124,0.0,0.0
2021-03-12 00:00:00+09:00,2120.0,2160.0,2120.0,2135.0,177682,0.0,0.0
2021-03-15 00:00:00+09:00,2160.0,2180.0,2130.0,2170.0,184945,0.0,0.0
2021-03-16 00:00:00+09:00,2170.0,2230.0,2165.0,2195.0,257466,0.0,0.0
2021-03-17 00:00:00+09:00,2200.0,2230.0,2180.0,2205.0,213500,0.0,0.0
2021-03-18 00:00:00+09:00,2205.0,2235.0,2190.0,2200.0,175900,0.0,0.0
2021-03-19 00:00:00+09:00,2170.0,2255.0,2160.0,2210.0,398344,0.0,0.0
2021-03-22 00:00:00+09:00,2240.0,2245.0,2190.0,2205.0,182365,0.0,0.0
2021-03-23 00:00:00+09:00,2200.0,2205.0,2155.0,2165.0,227148,0.0,0.0
2021-03-24 00:00:00+09:00,2155.0,2165.0,2110.0,2135.0,209009,0.0,0.0
2021-03-25 00:00:00+09:00,2145.0,2165.0,2120.0,2145.0,108099,0.0,0.0
2021-03-26 00:00:00+09:00,2145.0,2160.0,2115.0,2120.0,159258,0.0,0.0
2021-03-29 00:00:00+09:00,2120.0,2145.0,2100.0,2105.0,244589,0.0,0.0
2021-03-30 00:00:00+09:00,2110.0,2235.0,2110.0,2165.0,533615,0.0,0.0
2021-03-31 00:00:00+09:00,2175.0,2180.0,2135.0,2140.0,199391,0.0,0.0
2021-04-01 00:00:00+09:00,2160.0,2165.0,2120.0,2145.0,187547,0.0,0.0
2021-04-02 00:00:00+09:00,2145.0,2215.0,2135.0,2210.0,516907,0.0,0.0
2021-04-05 00:00:00+09:00,2230.0,2270.0,2205.0,2255.0,573919,0.0,0.0
2021-04-06 00:00:00+09:00,2255.0,2260.0,2205.0,2210.0,428277,0.0,0.0
2021-04-07 00:00:00+09:00,2225.0,2275.0,2215.0,2235.0,673043,0.0,0.0
2021-04-08 00:00:00+09:00,2245.0,2275.0,2235.0,2255.0,578345,0.0,0.0
2021-04-09 00:00:00+09:00,2270.0,2320.0,2265.0,2275.0,580333,0.0,0.0
2021-04-12 00:00:00+09:00,2285.0,2290.0,2260.0,2280.0,287549,0.0,0.0
2021-04-13 00:00:00+09:00,2270.0,2345.0,2270.0,2315.0,869833,0.0,0.0
2021-04-14 00:00:00+09:00,2320.0,2345.0,2300.0,2335.0,507601,0.0,0.0
2021-04-15 00:00:00+09:00,2335.0,2335.0,2295.0,2300.0,353548,0.0,0.0
2021-04-16 00:00:00+09:00,2315.0,2355.0,2300.0,2335.0,1016801,0.0,0.0
2021-04-19 00:00:00+09:00,2345.0,2415.0,2305.0,2365.0,1182749,0.0,0.0
2021-04-20 00:00:00+09:00,2345.0,2360.0,2320.0,2340.0,469643,0.0,0.0
2021-04-21 00:00:00+09:00,2335.0,2375.0,2305.0,2330.0,703118,0.0,0.0
2021-04-22 00:00:00+09:00,2340.0,2360.0,2320.0,2340.0,649767,0.0,0.0
2021-04-23 00:00:00+09:00,2340.0,2340.0,2285.0,2300.0,497758,0.0,0.0
2021-04-26 00:00:00+09:00,2310.0,2325.0,2285.0,2310.0,424082,0.0,0.0
2021-04-27 00:00:00+09:00,2300.0,2375.0,2290.0,2370.0,1087459,0.0,0.0
2021-04-28 00:00:00+09:00,2385.0,2400.0,2290.0,2315.0,874057,0.0,0.0
2021-04-29 00:00:00+09:00,2305.0,2335.0,2275.0,2290.0,318987,0.0,0.0
2021-04-30 00:00:00+09:00,2290.0,2315.0,2235.0,2240.0,430566,0.0,0.0
2021-05-03 00:00:00+09:00,2240.0,2265.0,2205.0,2225.0,284280,0.0,0.0
2021-05-04 00:00:00+09:00,2205.0,2235.0,2035.0,2180.0,435690,0.0,0.0
2021-05-06 00:00:00+09:00,2190.0,2265.0,2190.0,2225.0,300157,0.0,0.0
2021-05-07 00:00:00+09:00,2220.0,2280.0,2220.0,2280.0,328353,0.0,0.0
2021-05-10 00:00:00+09:00,2265.0,2295.0,2250.0,2270.0,376896,0.0,0.0
2021-05-11 00:00:00+09:00,2255.0,2275.0,2200.0,2240.0,321185,0.0,0.0
2021-05-12 00:00:00+09:00,2240.0,2240.0,2155.0,2160.0,335155,0.0,0.0
2021-05-13 00:00:00+09:00,2150.0,2180.0,2110.0,2135.0,203803,0.0,0.0
2021-05-14 00:00:00+09:00,2160.0,2175.0,2130.0,2150.0,201943,0.0,0.0
2021-05-17 00:00:00+09:00,2160.0,2160.0,2115.0,2125.0,189051,0.0,0.0
2021-05-18 00:00:00+09:00,2110.0,2155.0,2105.0,2155.0,280674,0.0,0.0
2021-05-20 00:00:00+09:00,2150.0,2170.0,2090.0,2090.0,372675,0.0,0.0
2021-05-21 00:00:00+09:00,2120.0,2155.0,2100.0,2100.0,197773,0.0,0.0
2021-05-24 00:00:00+09:00,2100.0,2100.0,2050.0,2060.0,228319,0.0,0.0
2021-05-25 00:00:00+09:00,2075.0,2100.0,2055.0,2080.0,328046,0.0,0.0
2021-05-26 00:00:00+09:00,2075.0,2110.0,2070.0,2105.0,330502,0.0,0.0
2021-05-27 00:00:00+09:00,2110.0,2465.0,2095.0,2220.0,9481328,0.0,0.0
2021-05-28 00:00:00+09:00,2220.0,2285.0,2210.0,2255.0,1126518,0.0,0.0
2021-05-31 00:00:00+09:00,2255.0,2280.0,2235.0,2235.0,998678,0.0,0.0
2021-06-01 00:00:00+09:00,2255.0,2325.0,2230.0,2300.0,1302540,0.0,0.0
2021-06-02 00:00:00+09:00,2310.0,2345.0,2285.0,2300.0,1113169,0.0,0.0
2021-06-03 00:00:00+09:00,2295.0,2355.0,2285.0,2335.0,936668,0.0,0.0
2021-06-04 00:00:00+09:00,2325.0,2345.0,2305.0,2325.0,779964,0.0,0.0
2021-06-07 00:00:00+09:00,2345.0,2350.0,2280.0,2315.0,644787,0.0,0.0
2021-06-08 00:00:00+09:00,2315.0,2340.0,2300.0,2320.0,490235,0.0,0.0
2021-06-09 00:00:00+09:00,2325.0,2375.0,2305.0,2330.0,1168816,0.0,0.0
2021-06-10 00:00:00+09:00,2345.0,2380.0,2325.0,2345.0,609443,0.0,0.0
2021-06-11 00:00:00+09:00,2350.0,2370.0,2325.0,2365.0,607878,0.0,0.0
2021-06-14 00:00:00+09:00,2370.0,2440.0,2355.0,2365.0,1195786,0.0,0.0
2021-06-15 00:00:00+09:00,2355.0,2375.0,2315.0,2375.0,474120,0.0,0.0
2021-06-16 00:00:00+09:00,2375.0,2490.0,2365.0,2405.0,2822870,0.0,0.0
2021-06-17 00:00:00+09:00,2380.0,2430.0,2375.0,2390.0,560265,0.0,0.0
2021-06-18 00:00:00+09:00,2395.0,2415.0,2390.0,2395.0,425342,0.0,0.0
2021-06-21 00:00:00+09:00,2370.0,2425.0,2365.0,2370.0,649795,0.0,0.0
2021-06-22 00:00:00+09:00,2390.0,2405.0,2330.0,2370.0,431856,0.0,0.0
2021-06-23 00:00:00+09:00,2385.0,2620.0,2340.0,2345.0,8702087,0.0,0.0
2021-06-24 00:00:00+09:00,2360.0,2360.0,2275.0,2315.0,736722,0.0,0.0
2021-06-25 00:00:00+09:00,2320.0,2530.0,2315.0,2440.0,8527516,0.0,0.0
2021-06-28 00:00:00+09:00,2430.0,2460.0,2400.0,2435.0,1804333,0.0,0.0
2021-06-29 00:00:00+09:00,2435.0,2440.0,2380.0,2395.0,906236,0.0,0.0
2021-06-30 00:00:00+09:00,2400.0,2405.0,2370.0,2380.0,569523,0.0,0.0
2021-07-01 00:00:00+09:00,2380.0,2600.0,2380.0,2575.0,13415120,0.0,0.0
2021-07-02 00:00:00+09:00,2605.0,2610.0,2505.0,2590.0,3758601,0.0,0.0
2021-07-05 00:00:00+09:00,2570.0,2585.0,2515.0,2560.0,1646006,0.0,0.0
2021-07-06 00:00:00+09:00,2560.0,2655.0,2530.0,2555.0,4530485,0.0,0.0
2021-07-07 00:00:00+09:00,2685.0,2770.0,2540.0,2540.0,14192590,0.0,0.0
2021-07-08 00:00:00+09:00,2525.0,2535.0,2440.0,2480.0,2160451,0.0,0.0
2021-07-09 00:00:00+09:00,2450.0,2590.0,2420.0,2540.0,2100349,0.0,0.0
2021-07-12 00:00:00+09:00,2540.0,2660.0,2530.0,2635.0,2374822,0.0,0.0
2021-07-13 00:00:00+09:00,2620.0,2725.0,2585.0,2695.0,4948778,0.0,0.0
2021-07-14 00:00:00+09:00,3015.0,3170.0,2845.0,2885.0,69945130,0.0,0.0
2021-07-15 00:00:00+09:00,3020.0,3270.0,2905.0,2910.0,50134000,0.0,0.0
2021-07-16 00:00:00+09:00,2990.0,3760.0,2970.0,3625.0,163594400,0.0,0.0
2021-07-19 00:00:00+09:00,3670.0,3690.0,3465.0,3630.0,43720210,0.0,0.0
2021-07-20 00:00:00+09:00,3445.0,3580.0,3370.0,3545.0,19869020,0.0,0.0
2021-07-21 00:00:00+09:00,3580.0,3590.0,3260.0,3305.0,15648400,0.0,0.0
2021-07-22 00:00:00+09:00,3305.0,3480.0,3180.0,3280.0,25254480,0.0,0.0
2021-07-23 00:00:00+09:00,3345.0,3375.0,3210.0,3305.0,11259050,0.0,0.0
2021-07-26 00:00:00+09:00,3250.0,3250.0,2980.0,3010.0,8114256,0.0,0.0
2021-07-27 00:00:00+09:00,3020.0,3085.0,2930.0,2980.0,8062979,0.0,0.0
2021-07-28 00:00:00+09:00,3035.0,3110.0,2815.0,2845.0,9283559,0.0,0.0
2021-07-29 00:00:00+09:00,2860.0,2905.0,2780.0,2815.0,3617536,0.0,0.0
2021-07-30 00:00:00+09:00,2855.0,2890.0,2725.0,2760.0,3105989,0.0,0.0
2021-08-02 00:00:00+09:00,2755.0,2795.0,2715.0,2780.0,1847971,0.0,0.0
2021-08-03 00:00:00+09:00,2770.0,2785.0,2650.0,2660.0,3102802,0.0,0.0
2021-08-04 00:00:00+09:00,2660.0,2715.0,2660.0,2685.0,1316862,0.0,0.0
2021-08-05 00:00:00+09:00,2715.0,2765.0,2700.0,2725.0,1878784,0.0,0.0
2021-08-06 00:00:00+09:00,2730.0,2735.0,2645.0,2685.0,2096775,0.0,0.0
2021-08-09 00:00:00+09:00,2700.0,2710.0,2595.0,2600.0,1937741,0.0,0.0
2021-08-10 00:00:00+09:00,2600.0,2645.0,2565.0,2630.0,1163580,0.0,0.0
2021-08-11 00:00:00+09:00,2615.0,2640.0,2550.0,2550.0,1231631,0.0,0.0
2021-08-12 00:00:00+09:00,2550.0,2605.0,2540.0,2550.0,1155641,0.0,0.0
2021-08-13 00:00:00+09:00,2560.0,2565.0,2450.0,2510.0,1410635,0.0,0.0
2021-08-17 00:00:00+09:00,2510.0,2520.0,2350.0,2375.0,1532014,0.0,0.0
2021-08-18 00:00:00+09:00,2340.0,2420.0,2335.0,2385.0,814775,0.0,0.0
2021-08-19 00:00:00+09:00,2360.0,2405.0,2250.0,2275.0,1121609,0.0,0.0
2021-08-20 00:00:00+09:00,2290.0,2320.0,2160.0,2190.0,1383256,0.0,0.0
2021-08-23 00:00:00+09:00,2190.0,2285.0,2150.0,2265.0,743334,0.0,0.0
2021-08-24 00:00:00+09:00,2280.0,2335.0,2270.0,2320.0,850463,0.0,0.0
2021-08-25 00:00:00+09:00,2335.0,2335.0,2280.0,2320.0,461185,0.0,0.0
2021-08-26 00:00:00+09:00,2325.0,2355.0,2305.0,2335.0,458467,0.0,0.0
2021-08-27 00:00:00+09:00,2310.0,2420.0,2280.0,2335.0,1714172,0.0,0.0
2021-08-30 00:00:00+09:00,2345.0,2360.0,2325.0,2330.0,520941,0.0,0.0
2021-08-31 00:00:00+09:00,2385.0,2385.0,2325.0,2335.0,444628,0.0,0.0
2021-09-01 00:00:00+09:00,2335.0,2390.0,2325.0,2375.0,609519,0.0,0.0
2021-09-02 00:00:00+09:00,2375.0,2420.0,2355.0,2390.0,603689,0.0,0.0
2021-09-03 00:00:00+09:00,2390.0,2405.0,2360.0,2395.0,382984,0.0,0.0
2021-09-06 00:00:00+09:00,2400.0,2410.0,2340.0,2365.0,533298,0.0,0.0
2021-09-07 00:00:00+09:00,2365.0,2385.0,2325.0,2355.0,423779,0.0,0.0
2021-09-08 00:00:00+09:00,2355.0,2365.0,2290.0,2295.0,433633,0.0,0.0
2021-09-09 00:00:00+09:00,2290.0,2325.0,2265.0,2265.0,343465,0.0,0.0
2021-09-10 00:00:00+09:00,2270.0,2310.0,2265.0,2310.0,524634,0.0,0.0
2021-09-13 00:00:00+09:00,2385.0,2410.0,2220.0,2235.0,1717743,0.0,0.0
2021-09-14 00:00:00+09:00,2240.0,2270.0,2225.0,2265.0,273370,0.0,0.0
2021-09-15 00:00:00+09:00,2245.0,2265.0,2225.0,2255.0,313384,0.0,0.0
2021-09-16 00:00:00+09:00,2260.0,2260.0,2200.0,2205.0,381173,0.0,0.0
2021-09-17 00:00:00+09:00,2210.0,2215.0,2165.0,2200.0,348470,0.0,0.0
2021-09-23 00:00:00+09:00,2215.0,2215.0,2155.0,2160.0,437673,0.0,0.0
2021-09-24 00:00:00+09:00,2170.0,2195.0,2125.0,2135.0,482309,0.0,0.0
2021-09-27 00:00:00+09:00,2150.0,2220.0,2120.0,2215.0,548283,0.0,0.0
2021-09-28 00:00:00+09:00,2420.0,2430.0,2220.0,2240.0,4625783,0.0,0.0
2021-09-29 00:00:00+09:00,2200.0,2495.0,2180.0,2480.0,13009860,0.0,0.0
2021-09-30 00:00:00+09:00,2405.0,2570.0,2395.0,2410.0,8878754,0.0,0.0
2021-10-01 00:00:00+09:00,2380.0,2385.0,2290.0,2290.0,2169876,0.0,0.0
2021-10-05 00:00:00+09:00,2235.0,2325.0,2130.0,2140.0,2022479,0.0,0.0
2021-10-06 00:00:00+09:00,2140.0,2260.0,2125.0,2150.0,1742633,0.0,0.0
2021-10-07 00:00:00+09:00,2170.0,2215.0,2160.0,2200.0,692396,0.0,0.0
2021-10-08 00:00:00+09:00,2205.0,2230.0,2150.0,2165.0,847655,0.0,0.0
2021-10-12 00:00:00+09:00,2160.0,2180.0,2075.0,2080.0,811849,0.0,0.0
2021-10-13 00:00:00+09:00,2070.0,2115.0,2060.0,2085.0,449165,0.0,0.0
2021-10-14 00:00:00+09:00,2090.0,2145.0,2085.0,2140.0,383653,0.0,0.0
2021-10-15 00:00:00+09:00,2150.0,2250.0,2125.0,2200.0,871206,0.0,0.0
2021-10-18 00:00:00+09:00,2205.0,2215.0,2165.0,2200.0,339312,0.0,0.0
2021-10-19 00:00:00+09:00,2205.0,2245.0,2175.0,2245.0,949855,0.0,0.0
2021-10-20 00:00:00+09:00,2295.0,2330.0,2215.0,2230.0,1670160,0.0,0.0
2021-10-21 00:00:00+09:00,2230.0,2240.0,2190.0,2200.0,372053,0.0,0.0
2021-10-22 00:00:00+09:00,2195.0,2220.0,2180.0,2205.0,390227,0.0,0.0
2021-10-25 00:00:00+09:00,2205.0,2280.0,2180.0,2255.0,718674,0.0,0.0
2021-10-26 00:00:00+09:00,2265.0,2285.0,2240.0,2265.0,463479,0.0,0.0
2021-10-27 00:00:00+09:00,2255.0,2275.0,2230.0,2245.0,342074,0.0,0.0
2021-10-28 00:00:00+09:00,2280.0,2350.0,2245.0,2250.0,1679224,0.0,0.0
2021-10-29 00:00:00+09:00,2265.0,2275.0,2220.0,2230.0,632386,0.0,0.0
2021-11-01 00:00:00+09:00,2230.0,2235.0,2195.0,2220.0,437057,0.0,0.0
2021-11-02 00:00:00+09:00,2205.0,2270.0,2205.0,2260.0,477501,0.0,0.0
2021-11-03 00:00:00+09:00,2260.0,2275.0,2215.0,2220.0,517887,0.0,0.0
2021-11-04 00:00:00+09:00,2230.0,2255.0,2165.0,2165.0,613266,0.0,0.0
2021-11-05 00:00:00+09:00,2160.0,2180.0,2120.0,2140.0,373303,0.0,0.0
2021-11-08 00:00:00+09:00,2115.0,2150.0,2070.0,2125.0,538506,0.0,0.0
2021-11-09 00:00:00+09:00,2125.0,2140.0,2095.0,2105.0,257066,0.0,0.0
2021-11-10 00:00:00+09:00,2085.0,2100.0,2040.0,2050.0,553478,0.0,0.0
2021-11-11 00:00:00+09:00,2035.0,2065.0,2030.0,2030.0,350068,0.0,0.0
2021-11-12 00:00:00+09:00,2020.0,2065.0,2020.0,2055.0,242084,0.0,0.0
2021-11-15 00:00:00+09:00,2060.0,2105.0,2055.0,2100.0,270295,0.0,0.0
2021-11-16 00:00:00+09:00,2075.0,2090.0,2065.0,2080.0,188626,0.0,0.0
2021-11-17 00:00:00+09:00,2065.0,2080.0,2015.0,2030.0,427666,0.0,0.0
2021-11-18 00:00:00+09:00,2005.0,2100.0,1975.0,2090.0,624872,0.0,0.0
2021-11-19 00:00:00+09:00,2115.0,2125.0,2030.0,2030.0,606702,0.0,0.0
2021-11-22 00:00:00+09:00,2030.0,2040.0,2000.0,2010.0,294788,0.0,0.0
2021-11-23 00:00:00+09:00,2020.0,2610.0,2015.0,2610.0,47030380,0.0,0.0
2021-11-24 00:00:00+09:00,2660.0,2740.0,2555.0,2660.0,33383420,0.0,0.0
2021-11-25 00:00:00+09:00,2625.0,2810.0,2605.0,2675.0,23215830,0.0,0.0
2021-11-26 00:00:00+09:00,2840.0,2925.0,2500.0,2530.0,26032760,0.0,0.0
2021-11-29 00:00:00+09:00,2430.0,2640.0,2400.0,2545.0,8371474,0.0,0.0
2021-11-30 00:00:00+09:00,2610.0,2700.0,2440.0,2475.0,7085044,0.0,0.0
2021-12-01 00:00:00+09:00,2465.0,2795.0,2460.0,2745.0,23280550,0.0,0.0
2021-12-02 00:00:00+09:00,2690.0,2845.0,2690.0,2775.0,14052330,0.0,0.0
2021-12-03 00:00:00+09:00,2745.0,2815.0,2660.0,2770.0,5131848,0.0,0.0
2021-12-06 00:00:00+09:00,2695.0,2710.0,2535.0,2635.0,3870218,0.0,0.0
2021-12-07 00:00:00+09:00,2620.0,2860.0,2580.0,2860.0,15747520,0.0,0.0
2021-12-08 00:00:00+09:00,2830.0,2910.0,2770.0,2910.0,9105132,0.0,0.0
2021-12-09 00:00:00+09:00,2970.0,2975.0,2780.0,2800.0,5685193,0.0,0.0
2021-12-10 00:00:00+09:00,2760.0,2810.0,2675.0,2675.0,2530211,0.0,0.0
2021-12-13 00:00:00+09:00,2700.0,2820.0,2660.0,2810.0,4193947,0.0,0.0
2021-12-14 00:00:00+09:00,2740.0,2770.0,2675.0,2685.0,1830811,0.0,0.0
2021-12-15 00:00:00+09:00,2695.0,2780.0,2680.0,2720.0,2075804,0.0,0.0
2021-12-16 00:00:00+09:00,2720.0,2740.0,2590.0,2600.0,2233873,0.0,0.0
2021-12-17 00:00:00+09:00,2570.0,2635.0,2505.0,2565.0,1797564,0.0,0.0
2021-12-20 00:00:00+09:00,2550.0,2565.0,2415.0,2440.0,1443221,0.0,0.0
2021-12-21 00:00:00+09:00,2490.0,2775.0,2430.0,2570.0,11236890,0.0,0.0
2021-12-22 00:00:00+09:00,2540.0,2620.0,2480.0,2495.0,1747208,0.0,0.0
2021-12-23 00:00:00+09:00,2495.0,2650.0,2470.0,2605.0,3301123,0.0,0.0
2021-12-24 00:00:00+09:00,2555.0,2635.0,2535.0,2625.0,1414156,0.0,0.0
2021-12-27 00:00:00+09:00,2650.0,2790.0,2645.0,2685.0,4313864,0.0,0.0
2021-12-28 00:00:00+09:00,2660.0,2700.0,2580.0,2580.0,1478080,0.0,0.0
2021-12-29 00:00:00+09:00,2575.0,2740.0,2575.0,2725.0,3558350,0.0,0.0
2021-12-30 00:00:00+09:00,2720.0,2820.0,2695.0,2730.0,3347308,0.0,0.0
2022-01-04 00:00:00+09:00,2720.0,2820.0,2660.0,2705.0,3877814,0.0,0.0
2022-01-05 00:00:00+09:00,2705.0,2735.0,2610.0,2725.0,2078710,0.0,0.0
2022-01-06 00:00:00+09:00,2675.0,2830.0,2655.0,2665.0,5778562,0.0,0.0
2022-01-07 00:00:00+09:00,2665.0,2695.0,2645.0,2690.0,1491355,0.0,0.0
2022-01-10 00:00:00+09:00,2675.0,2690.0,2500.0,2525.0,2055962,0.0,0.0
2022-01-11 00:00:00+09:00,2515.0,2585.0,2380.0,2385.0,2189210,0.0,0.0
2022-01-12 00:00:00+09:00,2420.0,2450.0,2400.0,2420.0,787257,0.0,0.0
2022-01-13 00:00:00+09:00,2420.0,2430.0,2300.0,2360.0,1446517,0.0,0.0
2022-01-14 00:00:00+09:00,2350.0,2450.0,2325.0,2350.0,826483,0.0,0.0
2022-01-17 00:00:00+09:00,2350.0,2365.0,2235.0,2235.0,1022911,0.0,0.0
2022-01-18 00:00:00+09:00,2215.0,2435.0,2170.0,2190.0,1910518,0.0,0.0
2022-01-19 00:00:00+09:00,2150.0,2215.0,2140.0,2180.0,542666,0.0,0.0
2022-01-20 00:00:00+09:00,2180.0,2270.0,2170.0,2255.0,586753,0.0,0.0
2022-01-21 00:00:00+09:00,2210.0,2270.0,2205.0,2250.0,292279,0.0,0.0
2022-01-24 00:00:00+09:00,2225.0,2295.0,2130.0,2130.0,597451,0.0,0.0
2022-01-25 00:00:00+09:00,2140.0,2165.0,1995.0,2015.0,906813,0.0,0.0
2022-01-26 00:00:00+09:00,1995.0,2140.0,1995.0,2050.0,646150,0.0,0.0
2022-01-27 00:00:00+09:00,2060.0,2120.0,1980.0,2010.0,882055,0.0,0.0
2022-01-28 00:00:00+09:00,2020.0,2125.0,2000.0,2125.0,427733,0.0,0.0
2022-02-03 00:00:00+09:00,2145.0,2195.0,2135.0,2160.0,360287,0.0,0.0
2022-02-04 00:00:00+09:00,2160.0,2225.0,2150.0,2200.0,451712,0.0,0.0
2022-02-07 00:00:00+09:00,2215.0,2220.0,2130.0,2150.0,382692,0.0,0.0
2022-02-08 00:00:00+09:00,2155.0,2250.0,2125.0,2160.0,634466,0.0,0.0
2022-02-09 00:00:00+09:00,2175.0,2225.0,2160.0,2210.0,253186,0.0,0.0
2022-02-10 00:00:00+09:00,2205.0,2225.0,2145.0,2160.0,326253,0.0,0.0
2022-02-11 00:00:00+09:00,2135.0,2155.0,2055.0,2090.0,318402,0.0,0.0
2022-02-14 00:00:00+09:00,2030.0,2060.0,1985.0,2000.0,918940,0.0,0.0
2022-02-15 00:00:00+09:00,1980.0,2020.0,1945.0,1955.0,557598,0.0,0.0
2022-02-16 00:00:00+09:00,1995.0,2060.0,1995.0,2060.0,460177,0.0,0.0
2022-02-17 00:00:00+09:00,2045.0,2245.0,2035.0,2100.0,1915835,0.0,0.0
2022-02-18 00:00:00+09:00,2065.0,2110.0,2045.0,2090.0,349579,0.0,0.0
2022-02-21 00:00:00+09:00,2065.0,2165.0,2050.0,2115.0,512909,0.0,0.0
2022-02-22 00:00:00+09:00,2075.0,2150.0,2050.0,2060.0,347730,0.0,0.0
2022-02-23 00:00:00+09:00,2070.0,2110.0,2055.0,2060.0,240168,0.0,0.0
2022-02-24 00:00:00+09:00,2035.0,2055.0,1955.0,1970.0,707532,0.0,0.0
2022-02-25 00:00:00+09:00,2010.0,2045.0,1970.0,2000.0,617856,0.0,0.0
2022-02-28 00:00:00+09:00,2000.0,2085.0,1995.0,2080.0,502826,0.0,0.0
2022-03-02 00:00:00+09:00,2070.0,2110.0,2030.0,2095.0,599863,0.0,0.0
2022-03-03 00:00:00+09:00,2115.0,2140.0,2065.0,2120.0,464852,0.0,0.0
2022-03-04 00:00:00+09:00,2110.0,2130.0,2075.0,2095.0,352920,0.0,0.0
2022-03-07 00:00:00+09:00,2080.0,2220.0,2080.0,2115.0,2315489,0.0,0.0
2022-03-08 00:00:00+09:00,2065.0,2095.0,2025.0,2040.0,846364,0.0,0.0
2022-03-10 00:00:00+09:00,2005.0,2060.0,1985.0,2055.0,947064,0.0,0.0
2022-03-11 00:00:00+09:00,2040.0,2170.0,2040.0,2150.0,1285440,0.0,0.0
2022-03-14 00:00:00+09:00,2160.0,2160.0,2060.0,2095.0,563657,0.0,0.0
2022-03-15 00:00:00+09:00,2065.0,2095.0,2030.0,2045.0,469732,0.0,0.0
2022-03-16 00:00:00+09:00,2060.0,2100.0,2030.0,2100.0,555488,0.0,0.0
2022-03-17 00:00:00+09:00,2125.0,2155.0,2085.0,2140.0,738361,0.0,0.0
2022-03-18 00:00:00+09:00,2150.0,2150.0,2110.0,2130.0,333951,0.0,0.0
2022-03-21 00:00:00+09:00,2135.0,2170.0,2115.0,2150.0,531209,0.0,0.0
2022-03-22 00:00:00+09:00,2150.0,2185.0,2115.0,2165.0,483911,0.0,0.0
2022-03-23 00:00:00+09:00,2170.0,2185.0,2145.0,2180.0,508957,0.0,0.0
2022-03-24 00:00:00+09:00,2180.0,2180.0,2140.0,2170.0,419140,0.0,0.0
2022-03-25 00:00:00+09:00,2200.0,2370.0,2145.0,2145.0,5624254,0.0,0.0
2022-03-28 00:00:00+09:00,2160.0,2205.0,2140.0,2160.0,685247,0.0,0.0
2022-03-29 00:00:00+09:00,2185.0,2260.0,2175.0,2255.0,1506405,0.0,0.0
2022-03-30 00:00:00+09:00,2245.0,2270.0,2200.0,2230.0,713396,0.0,0.0
2022-03-31 00:00:00+09:00,2310.0,2400.0,2210.0,2220.0,2010447,0.0,0.0
2022-04-01 00:00:00+09:00,2220.0,2260.0,2215.0,2240.0,596891,0.0,0.0
2022-04-04 00:00:00+09:00,2230.0,2365.0,2220.0,2260.0,2549277,0.0,0.0
2022-04-05 00:00:00+09:00,2255.0,2295.0,2245.0,2260.0,751964,0.0,0.0
2022-04-06 00:00:00+09:00,2260.0,2315.0,2215.0,2290.0,793122,0.0,0.0
2022-04-07 00:00:00+09:00,2275.0,2320.0,2240.0,2260.0,710174,0.0,0.0
2022-04-08 00:00:00+09:00,2285.0,2300.0,2250.0,2295.0,499210,0.0,0.0
2022-04-11 00:00:00+09:00,2305.0,2320.0,2250.0,2290.0,1291217,0.0,0.0
2022-04-12 00:00:00+09:00,2315.0,2360.0,2250.0,2255.0,1208941,0.0,0.0
2022-04-13 00:00:00+09:00,2255.0,2260.0,2225.0,2245.0,534231,0.0,0.0
2022-04-14 00:00:00+09:00,2255.0,2270.0,2240.0,2265.0,351982,0.0,0.0
2022-04-15 00:00:00+09:00,2280.0,2295.0,2250.0,2255.0,778274,0.0,0.0
2022-04-18 00:00:00+09:00,2245.0,2300.0,2245.0,2270.0,339931,0.0,0.0
2022-04-19 00:00:00+09:00,2270.0,2285.0,2260.0,2270.0,267136,0.0,0.0
2022-04-20 00:00:00+09:00,2280.0,2315.0,2255.0,2290.0,505816,0.0,0.0
2022-04-21 00:00:00+09:00,2290.0,2300.0,2270.0,2280.0,289062,0.0,0.0
2022-04-22 00:00:00+09:00,2250.0,2280.0,2250.0,2260.0,329437,0.0,0.0
2022-04-25 00:00:00+09:00,2250.0,2250.0,2200.0,2210.0,529291,0.0,0.0
2022-04-26 00:00:00+09:00,2210.0,2255.0,2210.0,2245.0,321978,0.0,0.0
2022-04-27 00:00:00+09:00,2180.0,2265.0,2180.0,2240.0,363807,0.0,0.0
2022-04-28 00:00:00+09:00,2250.0,2280.0,2205.0,2245.0,531515,0.0,0.0
2022-04-29 00:00:00+09:00,2245.0,2345.0,2240.0,2315.0,1526766,0.0,0.0
2022-05-03 00:00:00+09:00,2500.0,2580.0,2365.0,2380.0,15645550,0.0,0.0
2022-05-04 00:00:00+09:00,2380.0,2495.0,2380.0,2385.0,3232867,0.0,0.0
2022-05-06 00:00:00+09:00,2350.0,2400.0,2320.0,2360.0,1246257,0.0,0.0
2022-05-10 00:00:00+09:00,2320.0,2475.0,2235.0,2460.0,4762106,0.0,0.0
2022-05-11 00:00:00+09:00,2450.0,2605.0,2405.0,2535.0,10706560,0.0,0.0
2022-05-12 00:00:00+09:00,2475.0,2600.0,2390.0,2450.0,4970021,0.0,0.0
2022-05-13 00:00:00+09:00,2445.0,2540.0,2440.0,2460.0,1905084,0.0,0.0
2022-05-16 00:00:00+09:00,2485.0,2535.0,2420.0,2490.0,1567780,0.0,0.0
2022-05-17 00:00:00+09:00,2490.0,2530.0,2440.0,2505.0,1735829,0.0,0.0
2022-05-18 00:00:00+09:00,2560.0,2585.0,2485.0,2560.0,2366518,0.0,0.0
2022-05-19 00:00:00+09:00,2485.0,2645.0,2475.0,2585.0,4648901,0.0,0.0
2022-05-20 00:00:00+09:00,2585.0,2650.0,2535.0,2630.0,2217088,0.0,0.0
2022-05-23 00:00:00+09:00,2605.0,2630.0,2545.0,2560.0,1329433,0.0,0.0
2022-05-24 00:00:00+09:00,2625.0,2690.0,2555.0,2575.0,4992491,0.0,0.0
2022-05-25 00:00:00+09:00,2595.0,2605.0,2500.0,2510.0,1521540,0.0,0.0
2022-05-26 00:00:00+09:00,2540.0,2585.0,2480.0,2490.0,1454773,0.0,0.0
2022-05-27 00:00:00+09:00,2515.0,2520.0,2470.0,2495.0,741231,0.0,0.0
2022-05-30 00:00:00+09:00,2515.0,2530.0,2495.0,2525.0,901077,0.0,0.0
2022-05-31 00:00:00+09:00,2520.0,2610.0,2510.0,2585.0,1458076,0.0,0.0
2022-06-02 00:00:00+09:00,2585.0,2620.0,2550.0,2600.0,713624,0.0,0.0
2022-06-03 00:00:00+09:00,2680.0,2680.0,2565.0,2595.0,1786304,0.0,0.0
2022-06-07 00:00:00+09:00,2610.0,2680.0,2590.0,2620.0,1895752,0.0,0.0
2022-06-08 00:00:00+09:00,2620.0,2670.0,2560.0,2600.0,1588188,0.0,0.0
2022-06-09 00:00:00+09:00,2580.0,2610.0,2550.0,2560.0,639645,0.0,0.0
2022-06-10 00:00:00+09:00,2520.0,2540.0,2450.0,2450.0,1120126,0.0,0.0
2022-06-13 00:00:00+09:00,2420.0,2430.0,2355.0,2355.0,877700,0.0,0.0
2022-06-14 00:00:00+09:00,2300.0,2405.0,2300.0,2380.0,962158,0.0,0.0
2022-06-15 00:00:00+09:00,2360.0,2395.0,2215.0,2245.0,1257709,0.0,0.0
2022-06-16 00:00:00+09:00,2305.0,2450.0,2305.0,2380.0,1526918,0.0,0.0
2022-06-17 00:00:00+09:00,2335.0,2455.0,2305.0,2440.0,1003089,0.0,0.0
2022-06-20 00:00:00+09:00,2455.0,2470.0,2250.0,2295.0,1392692,0.0,0.0
2022-06-21 00:00:00+09:00,2330.0,2395.0,2265.0,2385.0,905079,0.0,0.0
2022-06-22 00:00:00+09:00,2390.0,2420.0,2245.0,2245.0,882223,0.0,0.0
2022-06-23 00:00:00+09:00,2265.0,2280.0,2090.0,2095.0,1682906,0.0,0.0
2022-06-24 00:00:00+09:00,2095.0,2175.0,2075.0,2160.0,772883,0.0,0.0
2022-06-27 00:00:00+09:00,2225.0,2355.0,2225.0,2290.0,3034651,0.0,0.0
2022-06-28 00:00:00+09:00,2320.0,2450.0,2300.0,2440.0,2267943,0.0,0.0
2022-06-29 00:00:00+09:00,2395.0,2525.0,2375.0,2490.0,2154624,0.0,0.0
2022-06-30 00:00:00+09:00,2480.0,2585.0,2460.0,2500.0,3374877,0.0,0.0
2022-07-01 00:00:00+09:00,2570.0,2605.0,2430.0,2540.0,2751815,0.0,0.0
2022-07-04 00:00:00+09:00,2605.0,2625.0,2440.0,2550.0,3373961,0.0,0.0
2022-07-05 00:00:00+09:00,2595.0,2600.0,2515.0,2565.0,4865791,0.0,0.0
2022-07-06 00:00:00+09:00,2785.0,2790.0,2430.0,2440.0,13855380,0.0,0.0
2022-07-07 00:00:00+09:00,2510.0,2605.0,2450.0,2580.0,6516257,0.0,0.0
2022-07-08 00:00:00+09:00,2680.0,2680.0,2565.0,2635.0,4368432,0.0,0.0
2022-07-11 00:00:00+09:00,2595.0,2595.0,2495.0,2500.0,1959666,0.0,0.0
2022-07-12 00:00:00+09:00,2455.0,2535.0,2440.0,2500.0,1414234,0.0,0.0
2022-07-13 00:00:00+09:00,2470.0,2490.0,2380.0,2440.0,1461229,0.0,0.0
2022-07-14 00:00:00+09:00,2440.0,2600.0,2415.0,2600.0,3770389,0.0,0.0
2022-07-15 00:00:00+09:00,2585.0,2645.0,2550.0,2615.0,2831123,0.0,0.0
2022-07-18 00:00:00+09:00,2580.0,2590.0,2480.0,2550.0,1871379,0.0,0.0
2022-07-19 00:00:00+09:00,2550.0,2585.0,2515.0,2575.0,1364322,0.0,0.0
2022-07-20 00:00:00+09:00,2580.0,2600.0,2535.0,2550.0,1670908,0.0,0.0
2022-07-21 00:00:00+09:00,2540.0,2650.0,2530.0,2645.0,3491956,0.0,0.0
2022-07-22 00:00:00+09:00,2660.0,2695.0,2620.0,2680.0,2580585,0.0,0.0
2022-07-25 00:00:00+09:00,2725.0,2830.0,2695.0,2785.0,7170648,0.0,0.0
2022-07-26 00:00:00+09:00,2785.0,2785.0,2605.0,2640.0,5232284,0.0,0.0
2022-07-27 00:00:00+09:00,2610.0,2615.0,2520.0,2550.0,2379477,0.0,0.0
2022-07-28 00:00:00+09:00,2565.0,2645.0,2520.0,2645.0,1831883,0.0,0.0
2022-07-29 00:00:00+09:00,2615.0,2620.0,2545.0,2575.0,1500645,0.0,0.0
2022-08-01 00:00:00+09:00,2520.0,2525.0,2405.0,2470.0,1940938,0.0,0.0
2022-08-02 00:00:00+09:00,2490.0,2545.0,2435.0,2470.0,1497465,0.0,0.0
2022-08-03 00:00:00+09:00,2465.0,2535.0,2455.0,2530.0,1112540,0.0,0.0
2022-08-04 00:00:00+09:00,2550.0,2555.0,2470.0,2470.0,1089700,0.0,0.0
2022-08-05 00:00:00+09:00,2460.0,2480.0,2350.0,2380.0,1848199,0.0,0.0
2022-08-08 00:00:00+09:00,2345.0,2350.0,2210.0,2250.0,2422313,0.0,0.0
2022-08-09 00:00:00+09:00,2255.0,2275.0,2210.0,2250.0,949382,0.0,0.0
2022-08-10 00:00:00+09:00,2245.0,2350.0,2245.0,2270.0,2654195,0.0,0.0
2022-08-11 00:00:00+09:00,2265.0,2300.0,2220.0,2240.0,1204579,0.0,0.0
2022-08-12 00:00:00+09:00,2225.0,2240.0,2210.0,2210.0,810411,0.0,0.0
2022-08-16 00:00:00+09:00,2210.0,2220.0,2135.0,2140.0,1017659,0.0,0.0
2022-08-17 00:00:00+09:00,2145.0,2160.0,2115.0,2120.0,564259,0.0,0.0
2022-08-18 00:00:00+09:00,2115.0,2150.0,2095.0,2125.0,531188,0.0,0.0
2022-08-19 00:00:00+09:00,2125.0,2160.0,2120.0,2125.0,464842,0.0,0.0
2022-08-22 00:00:00+09:00,2105.0,2120.0,2020.0,2025.0,961473,0.0,0.0
2022-08-23 00:00:00+09:00,2000.0,2075.0,2000.0,2025.0,641973,0.0,0.0
2022-08-24 00:00:00+09:00,2025.0,2085.0,2025.0,2085.0,803140,0.0,0.0
2022-08-25 00:00:00+09:00,2110.0,2125.0,2085.0,2095.0,524690,0.0,0.0
2022-08-26 00:00:00+09:00,2090.0,2135.0,2090.0,2115.0,407679,0.0,0.0
2022-08-29 00:00:00+09:00,2035.0,2065.0,2015.0,2030.0,398781,0.0,0.0
2022-08-30 00:00:00+09:00,2035.0,2070.0,2030.0,2050.0,277272,0.0,0.0
2022-08-31 00:00:00+09:00,2040.0,2085.0,2030.0,2070.0,217617,0.0,0.0
2022-09-01 00:00:00+09:00,2055.0,2070.0,1985.0,1995.0,596070,0.0,0.0
2022-09-02 00:00:00+09:00,2005.0,2110.0,1980.0,2050.0,2028178,0.0,0.0
2022-09-05 00:00:00+09:00,2065.0,2095.0,2000.0,2015.0,716041,0.0,0.0
2022-09-06 00:00:00+09:00,2020.0,2055.0,2015.0,2025.0,381036,0.0,0.0
2022-09-07 00:00:00+09:00,2025.0,2030.0,1925.0,1935.0,596896,0.0,0.0
2022-09-08 00:00:00+09:00,1960.0,1975.0,1920.0,1935.0,337996,0.0,0.0
2022-09-13 00:00:00+09:00,1945.0,1985.0,1945.0,1975.0,311077,0.0,0.0
2022-09-14 00:00:00+09:00,1910.0,1950.0,1890.0,1925.0,338322,0.0,0.0
2022-09-15 00:00:00+09:00,1925.0,2020.0,1920.0,1955.0,458559,0.0,0.0
2022-09-16 00:00:00+09:00,1930.0,1945.0,1860.0,1865.0,531354,0.0,0.0
2022-09-19 00:00:00+09:00,1860.0,1860.0,1725.0,1740.0,735786,0.0,0.0
2022-09-20 00:00:00+09:00,1740.0,1830.0,1740.0,1825.0,385818,0.0,0.0
2022-09-21 00:00:00+09:00,1795.0,1825.0,1780.0,1805.0,152688,0.0,0.0
2022-09-22 00:00:00+09:00,1770.0,1815.0,1740.0,1805.0,330050,0.0,0.0
2022-09-23 00:00:00+09:00,1790.0,2075.0,1730.0,1770.0,6160288,0.0,0.0
2022-09-26 00:00:00+09:00,1700.0,1740.0,1615.0,1615.0,1022167,0.0,0.0
2022-09-27 00:00:00+09:00,1580.0,1655.0,1575.0,1605.0,520186,0.0,0.0
2022-09-28 00:00:00+09:00,1590.0,1655.0,1565.0,1605.0,516125,0.0,0.0
2022-09-29 00:00:00+09:00,1650.0,1660.0,1610.0,1610.0,391446,0.0,0.0
2022-09-30 00:00:00+09:00,1580.0,1630.0,1555.0,1625.0,353690,0.0,0.0
2022-10-04 00:00:00+09:00,1640.0,1675.0,1640.0,1650.0,212774,0.0,0.0
2022-10-05 00:00:00+09:00,1680.0,1710.0,1640.0,1645.0,327925,0.0,0.0
2022-10-06 00:00:00+09:00,1670.0,1725.0,1665.0,1715.0,257323,0.0,0.0
2022-10-07 00:00:00+09:00,1700.0,1740.0,1690.0,1710.0,181136,0.0,0.0
2022-10-11 00:00:00+09:00,1670.0,1680.0,1605.0,1610.0,328003,0.0,0.0
2022-10-12 00:00:00+09:00,1595.0,1645.0,1595.0,1640.0,252439,0.0,0.0
2022-10-13 00:00:00+09:00,1630.0,1630.0,1540.0,1595.0,468879,0.0,0.0
2022-10-14 00:00:00+09:00,1640.0,1680.0,1615.0,1650.0,206968,0.0,0.0
2022-10-17 00:00:00+09:00,1610.0,1665.0,1610.0,1660.0,98415,0.0,0.0
2022-10-18 00:00:00+09:00,1680.0,1765.0,1645.0,1650.0,881648,0.0,0.0
2022-10-19 00:00:00+09:00,1655.0,1675.0,1635.0,1650.0,261185,0.0,0.0
2022-10-20 00:00:00+09:00,1650.0,1665.0,1605.0,1615.0,275026,0.0,0.0
2022-10-21 00:00:00+09:00,1640.0,1640.0,1540.0,1545.0,352753,0.0,0.0
2022-10-24 00:00:00+09:00,1575.0,1590.0,1550.0,1550.0,261561,0.0,0.0
2022-10-25 00:00:00+09:00,1555.0,1580.0,1520.0,1535.0,220756,0.0,0.0
2022-10-26 00:00:00+09:00,1540.0,1555.0,1465.0,1480.0,494988,0.0,0.0
2022-10-27 00:00:00+09:00,1475.0,1530.0,1475.0,1520.0,169089,0.0,0.0
2022-10-28 00:00:00+09:00,1515.0,1520.0,1465.0,1485.0,208339,0.0,0.0
2022-10-31 00:00:00+09:00,1495.0,1505.0,1465.0,1475.0,208302,0.0,0.0
2022-11-01 00:00:00+09:00,1475.0,1535.0,1470.0,1525.0,207626,0.0,0.0
2022-11-02 00:00:00+09:00,1510.0,1625.0,1505.0,1595.0,1014870,0.0,0.0
2022-11-03 00:00:00+09:00,1580.0,1685.0,1555.0,1675.0,1622208,0.0,0.0
2022-11-04 00:00:00+09:00,1670.0,1695.0,1640.0,1695.0,505609,0.0,0.0
2022-11-07 00:00:00+09:00,1695.0,1695.0,1630.0,1635.0,513670,0.0,0.0
2022-11-08 00:00:00+09:00,1635.0,1760.0,1620.0,1640.0,1792554,0.0,0.0
2022-11-09 00:00:00+09:00,1640.0,1655.0,1615.0,1630.0,335318,0.0,0.0
2022-11-10 00:00:00+09:00,1625.0,1785.0,1620.0,1675.0,3314409,0.0,0.0
2022-11-11 00:00:00+09:00,1740.0,1795.0,1695.0,1725.0,2412030,0.0,0.0
2022-11-14 00:00:00+09:00,1745.0,1760.0,1695.0,1760.0,870042,0.0,0.0
2022-11-15 00:00:00+09:00,1790.0,1815.0,1750.0,1760.0,1331656,0.0,0.0
2022-11-16 00:00:00+09:00,1780.0,1795.0,1700.0,1790.0,937362,0.0,0.0
2022-11-17 00:00:00+09:00,1720.0,1775.0,1715.0,1725.0,614406,0.0,0.0
2022-11-18 00:00:00+09:00,1725.0,1760.0,1710.0,1735.0,609215,0.0,0.0
2022-11-21 00:00:00+09:00,1735.0,1735.0,1670.0,1670.0,501936,0.0,0.0
2022-11-22 00:00:00+09:00,1660.0,1715.0,1655.0,1700.0,425816,0.0,0.0
2022-11-23 00:00:00+09:00,1690.0,1745.0,1690.0,1710.0,514878,0.0,0.0
2022-11-24 00:00:00+09:00,1725.0,1745.0,1710.0,1725.0,351277,0.0,0.0
2022-11-25 00:00:00+09:00,1725.0,1810.0,1715.0,1810.0,1853233,0.0,0.0
2022-11-28 00:00:00+09:00,1785.0,1790.0,1730.0,1735.0,694001,0.0,0.0
2022-11-29 00:00:00+09:00,1715.0,1735.0,1705.0,1730.0,319502,0.0,0.0
2022-11-30 00:00:00+09:00,1730.0,1755.0,1710.0,1720.0,362677,0.0,0.0
2022-12-01 00:00:00+09:00,1745.0,1800.0,1735.0,1770.0,1557288,0.0,0.0
2022-12-02 00:00:00+09:00,1770.0,1775.0,1745.0,1760.0,342357,0.0,0.0
2022-12-05 00:00:00+09:00,1770.0,1800.0,1750.0,1760.0,448453,0.0,0.0
2022-12-06 00:00:00+09:00,1755.0,1785.0,1680.0,1685.0,626448,0.0,0.0
2022-12-07 00:00:00+09:00,1650.0,1740.0,1640.0,1690.0,592354,0.0,0.0
2022-12-08 00:00:00+09:00,1690.0,1700.0,1620.0,1645.0,394618,0.0,0.0
2022-12-09 00:00:00+09:00,1655.0,1665.0,1620.0,1650.0,291288,0.0,0.0
2022-12-12 00:00:00+09:00,1635.0,1685.0,1630.0,1660.0,262166,0.0,0.0
2022-12-13 00:00:00+09:00,1690.0,1740.0,1655.0,1740.0,524188,0.0,0.0
2022-12-14 00:00:00+09:00,1770.0,1770.0,1715.0,1755.0,318192,0.0,0.0
2022-12-15 00:00:00+09:00,1765.0,1780.0,1735.0,1760.0,616060,0.0,0.0
2022-12-16 00:00:00+09:00,1735.0,1775.0,1715.0,1750.0,731341,0.0,0.0
2022-12-19 00:00:00+09:00,1745.0,1765.0,1710.0,1720.0,339157,0.0,0.0
2022-12-20 00:00:00+09:00,1710.0,1725.0,1670.0,1700.0,264224,0.0,0.0
2022-12-21 00:00:00+09:00,1705.0,1725.0,1685.0,1705.0,217932,0.0,0.0
2022-12-22 00:00:00+09:00,1700.0,1725.0,1690.0,1705.0,231236,0.0,0.0
2022-12-23 00:00:00+09:00,1730.0,1795.0,1580.0,1595.0,1628656,0.0,0.0
2022-12-26 00:00:00+09:00,1615.0,1615.0,1565.0,1590.0,187796,0.0,0.0
2022-12-27 00:00:00+09:00,1585.0,1600.0,1560.0,1560.0,215267,0.0,0.0
2022-12-28 00:00:00+09:00,1560.0,1580.0,1535.0,1545.0,127055,0.0,0.0
2022-12-29 00:00:00+09:00,1555.0,1555.0,1495.0,1510.0,281844,0.0,0.0
2023-01-02 00:00:00+09:00,1525.0,1540.0,1470.0,1495.0,217544,0.0,0.0
2023-01-03 00:00:00+09:00,1480.0,1500.0,1425.0,1465.0,218757,0.0,0.0
2023-01-04 00:00:00+09:00,1460.0,1530.0,1450.0,1525.0,344060,0.0,0.0
2023-01-05 00:00:00+09:00,1535.0,1540.0,1510.0,1535.0,120507,0.0,0.0
2023-01-06 00:00:00+09:00,1525.0,1605.0,1510.0,1575.0,291949,0.0,0.0
2023-01-09 00:00:00+09:00,1580.0,1615.0,1580.0,1605.0,197161,0.0,0.0
2023-01-10 00:00:00+09:00,1615.0,1620.0,1590.0,1605.0,164935,0.0,0.0
2023-01-11 00:00:00+09:00,1615.0,1715.0,1610.0,1695.0,1418714,0.0,0.0
2023-01-12 00:00:00+09:00,1700.0,1700.0,1660.0,1665.0,315332,0.0,0.0
2023-01-13 00:00:00+09:00,1660.0,1715.0,1645.0,1650.0,384222,0.0,0.0
2023-01-16 00:00:00+09:00,1660.0,1700.0,1655.0,1670.0,320712,0.0,0.0
2023-01-17 00:00:00+09:00,1685.0,1710.0,1665.0,1680.0,338355,0.0,0.0
2023-01-18 00:00:00+09:00,1680.0,1685.0,1635.0,1650.0,215202,0.0,0.0
2023-01-19 00:00:00+09:00,1660.0,1660.0,1620.0,1650.0,190452,0.0,0.0
2023-01-20 00:00:00+09:00,1645.0,1710.0,1645.0,1690.0,265766,0.0,0.0
2023-01-25 00:00:00+09:00,1713.0,1718.0,1687.0,1699.0,761475,0.0,0.0
2023-01-26 00:00:00+09:00,1699.0,1710.0,1686.0,1698.0,227877,0.0,0.0
2023-01-27 00:00:00+09:00,1706.0,1722.0,1700.0,1704.0,371935,0.0,0.0
2023-01-30 00:00:00+09:00,1702.0,1720.0,1692.0,1720.0,305003,0.0,0.0
2023-01-31 00:00:00+09:00,1718.0,1735.0,1702.0,1722.0,333153,0.0,0.0
2023-02-01 00:00:00+09:00,1722.0,1737.0,1714.0,1723.0,185308,0.0,0.0
2023-02-02 00:00:00+09:00,1734.0,1760.0,1723.0,1741.0,308060,0.0,0.0
2023-02-03 00:00:00+09:00,1743.0,1759.0,1720.0,1756.0,282611,0.0,0.0
2023-02-06 00:00:00+09:00,1749.0,1764.0,1715.0,1743.0,306215,0.0,0.0
2023-02-07 00:00:00+09:00,1730.0,1761.0,1730.0,1747.0,282724,0.0,0.0
2023-02-08 00:00:00+09:00,1765.0,1799.0,1752.0,1789.0,557234,0.0,0.0
2023-02-09 00:00:00+09:00,1776.0,1792.0,1771.0,1775.0,279205,0.0,0.0
2023-02-10 00:00:00+09:00,1775.0,1775.0,1716.0,1717.0,390461,0.0,0.0
2023-02-13 00:00:00+09:00,1720.0,1763.0,1720.0,1752.0,355799,0.0,0.0
2023-02-14 00:00:00+09:00,1753.0,1772.0,1748.0,1772.0,201604,0.0,0.0
2023-02-15 00:00:00+09:00,1828.0,1840.0,1670.0,1670.0,1395615,0.0,0.0
2023-02-16 00:00:00+09:00,1690.0,1718.0,1681.0,1704.0,141971,0.0,0.0
2023-02-17 00:00:00+09:00,1698.0,1719.0,1690.0,1706.0,112887,0.0,0.0
2023-02-20 00:00:00+09:00,1706.0,1724.0,1690.0,1720.0,158840,0.0,0.0
2023-02-21 00:00:00+09:00,1720.0,1746.0,1705.0,1723.0,215052,0.0,0.0
2023-02-22 00:00:00+09:00,1702.0,1717.0,1684.0,1693.0,223771,0.0,0.0
2023-02-23 00:00:00+09:00,1698.0,1705.0,1680.0,1697.0,126580,0.0,0.0
2023-02-24 00:00:00+09:00,1704.0,1704.0,1662.0,1664.0,180563,0.0,0.0
2023-02-27 00:00:00+09:00,1659.0,1659.0,1612.0,1656.0,156302,0.0,0.0
2023-02-28 00:00:00+09:00,1643.0,1698.0,1643.0,1672.0,126613,0.0,0.0
2023-03-02 00:00:00+09:00,1672.0,1719.0,1672.0,1710.0,264257,0.0,0.0
2023-03-03 00:00:00+09:00,1709.0,1722.0,1692.0,1696.0,125595,0.0,0.0
2023-03-06 00:00:00+09:00,1698.0,1775.0,1697.0,1726.0,275393,0.0,0.0
2023-03-07 00:00:00+09:00,1726.0,1749.0,1688.0,1743.0,304487,0.0,0.0
2023-03-08 00:00:00+09:00,1742.0,1765.0,1726.0,1755.0,261681,0.0,0.0
2023-03-09 00:00:00+09:00,1768.0,1808.0,1751.0,1799.0,776122,0.0,0.0
2023-03-10 00:00:00+09:00,1787.0,1823.0,1763.0,1798.0,534213,0.0,0.0
2023-03-13 00:00:00+09:00,1789.0,1815.0,1712.0,1805.0,536723,0.0,0.0
2023-03-14 00:00:00+09:00,1821.0,1822.0,1713.0,1717.0,464877,0.0,0.0
2023-03-15 00:00:00+09:00,1764.0,1788.0,1725.0,1766.0,315356,0.0,0.0
2023-03-16 00:00:00+09:00,1767.0,1775.0,1724.0,1741.0,243372,0.0,0.0
2023-03-17 00:00:00+09:00,1750.0,1795.0,1750.0,1785.0,374189,0.0,0.0
2023-03-20 00:00:00+09:00,1779.0,1843.0,1779.0,1843.0,566764,0.0,0.0
2023-03-21 00:00:00+09:00,1855.0,1864.0,1784.0,1799.0,456649,0.0,0.0
2023-03-22 00:00:00+09:00,1800.0,1810.0,1774.0,1785.0,270975,0.0,0.0
2023-03-23 00:00:00+09:00,1771.0,1784.0,1752.0,1759.0,265246,0.0,0.0
2023-03-24 00:00:00+09:00,1767.0,1805.0,1752.0,1800.0,401636,0.0,0.0
2023-03-27 00:00:00+09:00,1801.0,1809.0,1750.0,1792.0,303773,0.0,0.0
2023-03-28 00:00:00+09:00,1776.0,1818.0,1776.0,1808.0,257722,0.0,0.0
2023-03-29 00:00:00+09:00,1808.0,1837.0,1799.0,1832.0,233489,0.0,0.0
2023-03-30 00:00:00+09:00,1838.0,1838.0,1810.0,1831.0,220346,0.0,0.0
2023-03-31 00:00:00+09:00,1838.0,1838.0,1765.0,1801.0,344854,0.0,0.0
2023-04-03 00:00:00+09:00,1815.0,1858.0,1792.0,1835.0,542483,0.0,0.0
2023-04-04 00:00:00+09:00,1830.0,1866.0,1815.0,1824.0,417545,0.0,0.0
2023-04-05 00:00:00+09:00,1834.0,1855.0,1824.0,1835.0,277960,0.0,0.0
2023-04-06 00:00:00+09:00,1838.0,1838.0,1804.0,1809.0,289559,0.0,0.0
2023-04-07 00:00:00+09:00,1810.0,1821.0,1802.0,1809.0,168828,0.0,0.0
2023-04-10 00:00:00+09:00,1809.0,1825.0,1771.0,1777.0,412826,0.0,0.0
2023-04-11 00:00:00+09:00,1783.0,1809.0,1772.0,1806.0,246639,0.0,0.0
2023-04-12 00:00:00+09:00,1806.0,1835.0,1806.0,1828.0,343455,0.0,0.0
2023-04-13 00:00:00+09:00,1834.0,1834.0,1790.0,1820.0,214177,0.0,0.0
2023-04-14 00:00:00+09:00,1823.0,1870.0,1810.0,1863.0,477675,0.0,0.0
2023-04-17 00:00:00+09:00,1864.0,1925.0,1860.0,1925.0,904812,0.0,0.0
2023-04-18 00:00:00+09:00,1925.0,1935.0,1890.0,1926.0,409255,0.0,0.0
2023-04-19 00:00:00+09:00,1931.0,2040.0,1914.0,2010.0,1253441,0.0,0.0
2023-04-20 00:00:00+09:00,2045.0,2055.0,1970.0,1978.0,774843,0.0,0.0
2023-04-21 00:00:00+09:00,1978.0,2055.0,1930.0,2025.0,773711,0.0,0.0
2023-04-24 00:00:00+09:00,2025.0,2055.0,2005.0,2015.0,436013,0.0,0.0
2023-04-25 00:00:00+09:00,2030.0,2030.0,1980.0,2015.0,481911,0.0,0.0
2023-04-26 00:00:00+09:00,2015.0,2015.0,1964.0,1969.0,438724,0.0,0.0
2023-04-27 00:00:00+09:00,1970.0,1977.0,1915.0,1932.0,412882,0.0,0.0
2023-04-28 00:00:00+09:00,1955.0,1955.0,1890.0,1909.0,299967,0.0,0.0
2023-05-02 00:00:00+09:00,1909.0,1993.0,1909.0,1978.0,408049,0.0,0.0
2023-05-03 00:00:00+09:00,1981.0,2020.0,1967.0,2000.0,433132,0.0,0.0
2023-05-04 00:00:00+09:00,2005.0,2030.0,1981.0,1999.0,256289,0.0,0.0
2023-05-08 00:00:00+09:00,2005.0,2015.0,1986.0,2000.0,248644,0.0,0.0
2023-05-09 00:00:00+09:00,2000.0,2040.0,1981.0,2015.0,320884,0.0,0.0
2023-05-10 00:00:00+09:00,2005.0,2035.0,1991.0,1993.0,227153,0.0,0.0
2023-05-11 00:00:00+09:00,1996.0,2050.0,1996.0,2015.0,311148,0.0,0.0
2023-05-12 00:00:00+09:00,2015.0,2050.0,2005.0,2020.0,249693,0.0,0.0
2023-05-15 00:00:00+09:00,2030.0,2115.0,2000.0,2110.0,1338459,0.0,0.0
2023-05-16 00:00:00+09:00,2160.0,2165.0,2000.0,2045.0,1908983,0.0,0.0
2023-05-17 00:00:00+09:00,2055.0,2080.0,2030.0,2050.0,1005559,0.0,0.0
2023-05-18 00:00:00+09:00,1650.0,1670.0,1596.0,1611.0,5516082,0.0,0.0
2023-05-19 00:00:00+09:00,1611.0,1616.0,1570.0,1600.0,1340130,0.0,0.0
2023-05-22 00:00:00+09:00,1600.0,1630.0,1586.0,1615.0,776447,0.0,0.0
2023-05-23 00:00:00+09:00,1617.0,1623.0,1600.0,1606.0,691636,0.0,0.0
2023-05-24 00:00:00+09:00,1610.0,1610.0,1590.0,1599.0,560781,0.0,0.0
2023-05-25 00:00:00+09:00,1592.0,1599.0,1570.0,1570.0,606549,0.0,0.0
2023-05-26 00:00:00+09:00,1582.0,1582.0,1510.0,1528.0,710967,0.0,0.0
2023-05-30 00:00:00+09:00,1531.0,1550.0,1525.0,1536.0,247120,0.0,0.0
2023-05-31 00:00:00+09:00,1525.0,1542.0,1525.0,1534.0,234370,0.0,0.0
2023-06-01 00:00:00+09:00,1530.0,1550.0,1527.0,1542.0,269660,0.0,0.0
2023-06-02 00:00:00+09:00,1540.0,1576.0,1540.0,1561.0,478886,0.0,0.0
2023-06-05 00:00:00+09:00,1493.0,1517.0,1476.0,1490.0,508857,0.0,0.0
2023-06-07 00:00:00+09:00,1495.0,1500.0,1473.0,1486.0,351950,0.0,0.0
2023-06-08 00:00:00+09:00,1486.0,1486.0,1454.0,1454.0,319856,0.0,0.0
2023-06-09 00:00:00+09:00,1454.0,1467.0,1447.0,1453.0,211419,0.0,0.0
2023-06-12 00:00:00+09:00,1453.0,1459.0,1436.0,1450.0,208817,0.0,0.0
2023-06-13 00:00:00+09:00,1450.0,1459.0,1430.0,1435.0,297185,0.0,0.0
2023-06-14 00:00:00+09:00,1435.0,1435.0,1377.0,1389.0,541371,0.0,0.0
2023-06-15 00:00:00+09:00,1406.0,1406.0,1374.0,1382.0,173712,0.0,0.0
2023-06-16 00:00:00+09:00,1390.0,1418.0,1382.0,1417.0,167420,0.0,0.0
2023-06-19 00:00:00+09:00,1429.0,1501.0,1421.0,1468.0,1030579,0.0,0.0
2023-06-20 00:00:00+09:00,1468.0,1470.0,1420.0,1431.0,298228,0.0,0.0
2023-06-21 00:00:00+09:00,1428.0,1441.0,1390.0,1419.0,292916,0.0,0.0
2023-06-22 00:00:00+09:00,1410.0,1540.0,1378.0,1380.0,2086672,0.0,0.0
2023-06-23 00:00:00+09:00,1370.0,1380.0,1350.0,1351.0,407126,0.0,0.0
2023-06-26 00:00:00+09:00,1350.0,1354.0,1322.0,1326.0,375051,0.0,0.0
2023-06-27 00:00:00+09:00,1319.0,1332.0,1297.0,1326.0,471008,0.0,0.0
2023-06-28 00:00:00+09:00,1320.0,1345.0,1313.0,1328.0,312350,0.0,0.0
2023-06-29 00:00:00+09:00,1316.0,1321.0,1289.0,1298.0,371859,0.0,0.0
2023-06-30 00:00:00+09:00,1290.0,1325.0,1276.0,1315.0,378523,0.0,0.0
2023-07-03 00:00:00+09:00,1328.0,1369.0,1322.0,1354.0,302259,0.0,0.0
2023-07-04 00:00:00+09:00,1365.0,1415.0,1345.0,1369.0,875274,0.0,0.0
2023-07-05 00:00:00+09:00,1369.0,1373.0,1328.0,1332.0,299577,0.0,0.0
2023-07-06 00:00:00+09:00,1331.0,1331.0,1294.0,1297.0,260244,0.0,0.0
2023-07-07 00:00:00+09:00,1290.0,1293.0,1241.0,1265.0,336888,0.0,0.0
2023-07-10 00:00:00+09:00,1260.0,1260.0,1230.0,1246.0,392460,0.0,0.0
2023-07-12 00:00:00+09:00,1273.0,1273.0,1230.0,1236.0,253805,0.0,0.0
2023-07-13 00:00:00+09:00,1242.0,1248.0,1229.0,1237.0,166772,0.0,0.0
2023-07-14 00:00:00+09:00,1237.0,1237.0,1217.0,1219.0,230660,0.0,0.0
2023-07-17 00:00:00+09:00,1229.0,1328.0,1213.0,1237.0,1460919,0.0,0.0
2023-07-18 00:00:00+09:00,1232.0,1238.0,1208.0,1209.0,269995,0.0,0.0
2023-07-19 00:00:00+09:00,1209.0,1229.0,1201.0,1211.0,223559,0.0,0.0
2023-07-20 00:00:00+09:00,1211.0,1219.0,1202.0,1213.0,110229,0.0,0.0
2023-07-21 00:00:00+09:00,1213.0,1214.0,1199.0,1209.0,146530,0.0,0.0
2023-07-24 00:00:00+09:00,1208.0,1208.0,1141.0,1145.0,442561,0.0,0.0
2023-07-25 00:00:00+09:00,1145.0,1145.0,1099.0,1110.0,346474,0.0,0.0
2023-07-26 00:00:00+09:00,1109.0,1114.0,1051.0,1073.0,474814,0.0,0.0
2023-07-27 00:00:00+09:00,1053.0,1140.0,1053.0,1132.0,262007,0.0,0.0
2023-07-28 00:00:00+09:00,1132.0,1210.0,1122.0,1180.0,451911,0.0,0.0
2023-07-31 00:00:00+09:00,1100.0,1120.0,1067.0,1117.0,3201034,0.0,0.0
2023-08-01 00:00:00+09:00,1127.0,1174.0,1110.0,1159.0,1150381,0.0,0.0
2023-08-02 00:00:00+09:00,1159.0,1183.0,1128.0,1138.0,1343756,0.0,0.0
2023-08-03 00:00:00+09:00,1131.0,1153.0,1113.0,1145.0,667872,0.0,0.0
2023-08-04 00:00:00+09:00,1138.0,1168.0,1132.0,1156.0,438982,0.0,0.0
2023-08-07 00:00:00+09:00,1156.0,1165.0,1133.0,1150.0,536803,0.0,0.0
2023-08-08 00:00:00+09:00,1141.0,1150.0,1090.0,1097.0,696870,0.0,0.0
2023-08-09 00:00:00+09:00,1086.0,1144.0,1081.0,1115.0,847749,0.0,0.0
2023-08-10 00:00:00+09:00,1121.0,1148.0,1097.0,1134.0,794554,0.0,0.0
2023-08-11 00:00:00+09:00,1134.0,1149.0,1128.0,1134.0,399813,0.0,0.0
2023-08-14 00:00:00+09:00,1134.0,1135.0,1112.0,1124.0,237255,0.0,0.0
2023-08-16 00:00:00+09:00,1115.0,1120.0,1057.0,1057.0,1136074,0.0,0.0
2023-08-17 00:00:00+09:00,1049.0,1051.0,1008.0,1043.0,692607,0.0,0.0
2023-08-18 00:00:00+09:00,1042.0,1050.0,1010.0,1030.0,440842,0.0,0.0
2023-08-21 00:00:00+09:00,1011.0,1046.0,1011.0,1032.0,219379,0.0,0.0
2023-08-22 00:00:00+09:00,1032.0,1039.0,1007.0,1008.0,309822,0.0,0.0
2023-08-23 00:00:00+09:00,1006.0,1022.0,1001.0,1015.0,204439,0.0,0.0
2023-08-24 00:00:00+09:00,1012.0,1037.0,1010.0,1034.0,429421,0.0,0.0
2023-08-25 00:00:00+09:00,1018.0,1025.0,1009.0,1015.0,242733,0.0,0.0
2023-08-28 00:00:00+09:00,1015.0,1046.0,1015.0,1037.0,240646,0.0,0.0
2023-08-29 00:00:00+09:00,1037.0,1067.0,1027.0,1047.0,475771,0.0,0.0
2023-08-30 00:00:00+09:00,1052.0,1064.0,1050.0,1050.0,268785,0.0,0.0
2023-08-31 00:00:00+09:00,1050.0,1076.0,1047.0,1067.0,349381,0.0,0.0
2023-09-01 00:00:00+09:00,1067.0,1067.0,1033.0,1037.0,379006,0.0,0.0
2023-09-04 00:00:00+09:00,1037.0,1045.0,1026.0,1026.0,217686,0.0,0.0
2023-09-05 00:00:00+09:00,1027.0,1041.0,1022.0,1023.0,219696,0.0,0.0
2023-09-06 00:00:00+09:00,1022.0,1049.0,1018.0,1049.0,244007,0.0,0.0
2023-09-07 00:00:00+09:00,1040.0,1043.0,1014.0,1019.0,370880,0.0,0.0
2023-09-08 00:00:00+09:00,1013.0,1024.0,1012.0,1021.0,175678,0.0,0.0
2023-09-11 00:00:00+09:00,1021.0,1057.0,1017.0,1052.0,375274,0.0,0.0
2023-09-12 00:00:00+09:00,1053.0,1071.0,1032.0,1041.0,257509,0.0,0.0
2023-09-13 00:00:00+09:00,1037.0,1039.0,1018.0,1025.0,258902,0.0,0.0
2023-09-14 00:00:00+09:00,1024.0,1027.0,1018.0,1020.0,132936,0.0,0.0
2023-09-15 00:00:00+09:00,1020.0,1054.0,1019.0,1029.0,303762,0.0,0.0
2023-09-18 00:00:00+09:00,1024.0,1040.0,1019.0,1019.0,246794,0.0,0.0
2023-09-19 00:00:00+09:00,1017.0,1025.0,1013.0,1019.0,221237,0.0,0.0
2023-09-20 00:00:00+09:00,1019.0,1023.0,1005.0,1006.0,470458,0.0,0.0
2023-09-21 00:00:00+09:00,1003.0,1009.0,955.0,971.0,1105535,0.0,0.0
2023-09-22 00:00:00+09:00,960.0,980.0,957.0,962.0,152517,0.0,0.0
2023-09-25 00:00:00+09:00,960.0,974.0,930.0,937.0,249049,0.0,0.0
2023-09-26 00:00:00+09:00,928.0,946.0,912.0,920.0,294371,0.0,0.0
2023-09-27 00:00:00+09:00,908.0,935.0,908.0,927.0,115147,0.0,0.0
2023-10-04 00:00:00+09:00,921.0,927.0,880.0,881.0,567232,0.0,0.0
2023-10-05 00:00:00+09:00,881.0,892.0,851.0,856.0,585775,0.0,0.0
2023-10-06 00:00:00+09:00,839.0,875.0,839.0,865.0,465747,0.0,0.0
2023-10-10 00:00:00+09:00,869.0,879.0,843.0,847.0,243924,0.0,0.0
2023-10-11 00:00:00+09:00,847.0,873.0,847.0,865.0,184183,0.0,0.0
2023-10-12 00:00:00+09:00,870.0,898.0,870.0,889.0,177233,0.0,0.0
2023-10-13 00:00:00+09:00,894.0,894.0,869.0,878.0,139119,0.0,0.0
2023-10-16 00:00:00+09:00,876.0,876.0,852.0,858.0,140639,0.0,0.0
2023-10-17 00:00:00+09:00,858.0,879.0,858.0,873.0,95166,0.0,0.0
2023-10-18 00:00:00+09:00,876.0,898.0,871.0,879.0,138454,0.0,0.0
2023-10-19 00:00:00+09:00,870.0,870.0,837.0,838.0,239722,0.0,0.0
2023-10-20 00:00:00+09:00,830.0,845.0,813.0,832.0,184595,0.0,0.0
2023-10-23 00:00:00+09:00,815.0,839.0,812.0,817.0,145950,0.0,0.0
2023-10-24 00:00:00+09:00,817.0,845.0,799.0,845.0,325335,0.0,0.0
2023-10-25 00:00:00+09:00,845.0,900.0,842.0,858.0,559877,0.0,0.0
2023-10-26 00:00:00+09:00,855.0,855.0,806.0,815.0,288608,0.0,0.0
2023-10-27 00:00:00+09:00,808.0,841.0,808.0,816.0,142872,0.0,0.0
2023-10-30 00:00:00+09:00,803.0,824.0,803.0,819.0,113404,0.0,0.0
2023-10-31 00:00:00+09:00,820.0,833.0,798.0,803.0,226868,0.0,0.0
2023-11-01 00:00:00+09:00,806.0,822.0,806.0,821.0,115386,0.0,0.0
2023-11-02 00:00:00+09:00,822.0,843.0,822.0,840.0,247958,0.0,0.0
2023-11-03 00:00:00+09:00,845.0,855.0,831.0,845.0,137488,0.0,0.0
2023-11-06 00:00:00+09:00,855.0,875.0,850.0,875.0,268152,0.0,0.0
2023-11-07 00:00:00+09:00,875.0,877.0,850.0,860.0,175311,0.0,0.0
2023-11-08 00:00:00+09:00,861.0,874.0,852.0,859.0,171606,0.0,0.0
2023-11-09 00:00:00+09:00,854.0,919.0,849.0,885.0,767391,0.0,0.0
2023-11-10 00:00:00+09:00,883.0,885.0,852.0,854.0,366024,0.0,0.0
2023-11-13 00:00:00+09:00,854.0,868.0,848.0,853.0,149970,0.0,0.0
2023-11-14 00:00:00+09:00,850.0,871.0,850.0,862.0,156310,0.0,0.0
2023-11-15 00:00:00+09:00,870.0,875.0,862.0,866.0,170758,0.0,0.0
2023-11-16 00:00:00+09:00,867.0,881.0,864.0,867.0,187701,0.0,0.0
2023-11-17 00:00:00+09:00,869.0,875.0,856.0,864.0,186051,0.0,0.0
2023-11-20 00:00:00+09:00,858.0,890.0,858.0,880.0,132628,0.0,0.0
2023-11-21 00:00:00+09:00,881.0,893.0,875.0,892.0,180588,0.0,0.0
2023-11-22 00:00:00+09:00,892.0,897.0,881.0,897.0,198133,0.0,0.0
2023-11-23 00:00:00+09:00,895.0,1016.0,891.0,911.0,7450802,0.0,0.0
2023-11-24 00:00:00+09:00,907.0,926.0,890.0,896.0,493320,0.0,0.0
2023-11-27 00:00:00+09:00,897.0,909.0,882.0,882.0,286205,0.0,0.0
2023-11-28 00:00:00+09:00,882.0,896.0,869.0,876.0,303819,0.0,0.0
2023-11-29 00:00:00+09:00,876.0,887.0,870.0,879.0,266152,0.0,0.0
2023-11-30 00:00:00+09:00,874.0,886.0,872.0,878.0,132875,0.0,0.0
2023-12-01 00:00:00+09:00,877.0,881.0,868.0,874.0,264602,0.0,0.0
2023-12-04 00:00:00+09:00,875.0,878.0,862.0,867.0,158200,0.0,0.0
2023-12-05 00:00:00+09:00,863.0,867.0,858.0,860.0,122262,0.0,0.0
2023-12-06 00:00:00+09:00,861.0,865.0,850.0,863.0,182803,0.0,0.0
2023-12-07 00:00:00+09:00,868.0,868.0,854.0,856.0,64060,0.0,0.0
2023-12-08 00:00:00+09:00,856.0,863.0,853.0,855.0,99623,0.0,0.0
2023-12-11 00:00:00+09:00,855.0,882.0,855.0,869.0,136755,0.0,0.0
2023-12-12 00:00:00+09:00,869.0,877.0,852.0,870.0,128281,0.0,0.0
2023-12-13 00:00:00+09:00,870.0,870.0,859.0,869.0,102609,0.0,0.0
2023-12-14 00:00:00+09:00,871.0,878.0,861.0,865.0,134208,0.0,0.0
2023-12-15 00:00:00+09:00,865.0,871.0,859.0,864.0,175273,0.0,0.0
2023-12-18 00:00:00+09:00,866.0,873.0,860.0,861.0,98379,0.0,0.0
2023-12-19 00:00:00+09:00,855.0,865.0,855.0,864.0,85740,0.0,0.0
2023-12-20 00:00:00+09:00,864.0,885.0,858.0,884.0,274496,0.0,0.0
2023-12-21 00:00:00+09:00,886.0,887.0,873.0,877.0,144951,0.0,0.0
2023-12-22 00:00:00+09:00,876.0,888.0,871.0,878.0,197600,0.0,0.0
2023-12-26 00:00:00+09:00,878.0,880.0,870.0,877.0,114834,0.0,0.0
2023-12-27 00:00:00+09:00,869.0,879.0,866.0,875.0,128525,0.0,0.0
2023-12-28 00:00:00+09:00,875.0,947.0,870.0,912.0,1425815,0.0,0.0
2024-01-02 00:00:00+09:00,915.0,927.0,907.0,921.0,198863,0.0,0.0
2024-01-03 00:00:00+09:00,918.0,928.0,907.0,915.0,147879,0.0,0.0
2024-01-04 00:00:00+09:00,912.0,924.0,908.0,918.0,206064,0.0,0.0
2024-01-05 00:00:00+09:00,918.0,921.0,905.0,905.0,177916,0.0,0.0
2024-01-08 00:00:00+09:00,909.0,920.0,886.0,897.0,477506,0.0,0.0
2024-01-09 00:00:00+09:00,891.0,915.0,891.0,914.0,163890,0.0,0.0
2024-01-10 00:00:00+09:00,914.0,919.0,905.0,908.0,122381,0.0,0.0
2024-01-11 00:00:00+09:00,905.0,918.0,902.0,908.0,153744,0.0,0.0
2024-01-12 00:00:00+09:00,898.0,910.0,895.0,895.0,218714,0.0,0.0
2024-01-15 00:00:00+09:00,889.0,899.0,883.0,895.0,216160,0.0,0.0
2024-01-16 00:00:00+09:00,895.0,924.0,890.0,906.0,255771,0.0,0.0
2024-01-17 00:00:00+09:00,896.0,904.0,887.0,887.0,184892,0.0,0.0
2024-01-19 00:00:00+09:00,898.0,907.0,883.0,903.0,144357,0.0,0.0
2024-01-22 00:00:00+09:00,907.0,908.0,891.0,896.0,155336,0.0,0.0
2024-01-23 00:00:00+09:00,894.0,900.0,886.0,894.0,75289,0.0,0.0
2024-01-24 00:00:00+09:00,900.0,901.0,888.0,888.0,112413,0.0,0.0
2024-01-25 00:00:00+09:00,884.0,898.0,872.0,882.0,160748,0.0,0.0
2024-01-26 00:00:00+09:00,872.0,889.0,872.0,881.0,87312,0.0,0.0
2024-01-29 00:00:00+09:00,881.0,890.0,866.0,878.0,155161,0.0,0.0
2024-01-30 00:00:00+09:00,871.0,879.0,869.0,876.0,125803,0.0,0.0
2024-01-31 00:00:00+09:00,876.0,884.0,861.0,864.0,151377,0.0,0.0
2024-02-01 00:00:00+09:00,860.0,867.0,857.0,864.0,110835,0.0,0.0
2024-02-02 00:00:00+09:00,858.0,872.0,858.0,865.0,74577,0.0,0.0
2024-02-05 00:00:00+09:00,869.0,878.0,860.0,869.0,104523,0.0,0.0
2024-02-06 00:00:00+09:00,869.0,869.0,859.0,864.0,78035,0.0,0.0
2024-02-07 00:00:00+09:00,864.0,868.0,856.0,862.0,106617,0.0,0.0
2024-02-08 00:00:00+09:00,850.0,866.0,850.0,860.0,180836,0.0,0.0
2024-02-13 00:00:00+09:00,861.0,869.0,860.0,867.0,88775,0.0,0.0
2024-02-14 00:00:00+09:00,867.0,872.0,863.0,871.0,78021,0.0,0.0
2024-02-15 00:00:00+09:00,871.0,879.0,863.0,877.0,95688,0.0,0.0
2024-02-16 00:00:00+09:00,872.0,881.0,869.0,877.0,65371,0.0,0.0
2024-02-19 00:00:00+09:00,877.0,890.0,874.0,881.0,112638,0.0,0.0
2024-02-20 00:00:00+09:00,883.0,889.0,878.0,882.0,76183,0.0,0.0
2024-02-21 00:00:00+09:00,877.0,882.0,865.0,878.0,131298,0.0,0.0
2024-02-22 00:00:00+09:00,878.0,878.0,864.0,866.0,144421,0.0,0.0
2024-02-23 00:00:00+09:00,868.0,868.0,855.0,859.0,186181,0.0,0.0
2024-02-26 00:00:00+09:00,856.0,864.0,853.0,857.0,175143,0.0,0.0
2024-02-27 00:00:00+09:00,860.0,865.0,855.0,856.0,88531,0.0,0.0
2024-02-28 00:00:00+09:00,852.0,866.0,852.0,858.0,105345,0.0,0.0
2024-02-29 00:00:00+09:00,858.0,860.0,849.0,850.0,246192,0.0,0.0
2024-03-04 00:00:00+09:00,850.0,855.0,846.0,848.0,100566,0.0,0.0
2024-03-05 00:00:00+09:00,854.0,854.0,838.0,842.0,216229,0.0,0.0
2024-03-06 00:00:00+09:00,840.0,849.0,831.0,835.0,143395,0.0,0.0
2024-03-07 00:00:00+09:00,835.0,841.0,820.0,823.0,236298,0.0,0.0
2024-03-08 00:00:00+09:00,821.0,844.0,820.0,830.0,95903,0.0,0.0
2024-03-11 00:00:00+09:00,833.0,849.0,821.0,833.0,173025,0.0,0.0
2024-03-12 00:00:00+09:00,843.0,843.0,830.0,835.0,84096,0.0,0.0
2024-03-13 00:00:00+09:00,819.0,840.0,819.0,831.0,150328,0.0,0.0
2024-03-14 00:00:00+09:00,835.0,874.0,826.0,842.0,193584,0.0,0.0
2024-03-15 00:00:00+09:00,840.0,845.0,835.0,842.0,93364,0.0,0.0
2024-03-18 00:00:00+09:00,842.0,859.0,842.0,856.0,161836,0.0,0.0
2024-03-19 00:00:00+09:00,854.0,875.0,850.0,850.0,187131,0.0,0.0
2024-03-20 00:00:00+09:00,850.0,864.0,848.0,862.0,171345,0.0,0.0
2024-03-21 00:00:00+09:00,860.0,874.0,860.0,865.0,163103,0.0,0.0
2024-03-22 00:00:00+09:00,858.0,871.0,858.0,869.0,115219,0.0,0.0
2024-03-25 00:00:00+09:00,869.0,877.0,859.0,875.0,275914,0.0,0.0
2024-03-26 00:00:00+09:00,873.0,880.0,860.0,873.0,98867,0.0,0.0
2024-03-27 00:00:00+09:00,873.0,879.0,871.0,878.0,165952,0.0,0.0
2024-03-28 00:00:00+09:00,878.0,880.0,871.0,872.0,114622,0.0,0.0
2024-03-29 00:00:00+09:00,872.0,879.0,848.0,856.0,150283,0.0,0.0
2024-04-01 00:00:00+09:00,858.0,885.0,858.0,882.0,268489,0.0,0.0
2024-04-02 00:00:00+09:00,880.0,925.0,877.0,880.0,783277,0.0,0.0
2024-04-03 00:00:00+09:00,872.0,891.0,870.0,883.0,192571,0.0,0.0
2024-04-04 00:00:00+09:00,881.0,923.0,880.0,913.0,556298,0.0,0.0
2024-04-05 00:00:00+09:00,913.0,922.0,895.0,900.0,374289,0.0,0.0
2024-04-08 00:00:00+09:00,905.0,908.0,891.0,900.0,172976,0.0,0.0
2024-04-09 00:00:00+09:00,900.0,937.0,897.0,930.0,689441,0.0,0.0
2024-04-11 00:00:00+09:00,929.0,972.0,920.0,966.0,1782609,0.0,0.0
2024-04-12 00:00:00+09:00,950.0,976.0,935.0,952.0,1023972,0.0,0.0
2024-04-15 00:00:00+09:00,942.0,949.0,902.0,928.0,372801,0.0,0.0
2024-04-16 00:00:00+09:00,928.0,928.0,903.0,910.0,416034,0.0,0.0
2024-04-17 00:00:00+09:00,903.0,928.0,903.0,910.0,265128,0.0,0.0
2024-04-18 00:00:00+09:00,911.0,922.0,904.0,921.0,136485,0.0,0.0
2024-04-19 00:00:00+09:00,916.0,925.0,899.0,917.0,363456,0.0,0.0
2024-04-22 00:00:00+09:00,909.0,964.0,909.0,950.0,466764,0.0,0.0
2024-04-23 00:00:00+09:00,941.0,958.0,928.0,938.0,277067,0.0,0.0
2024-04-24 00:00:00+09:00,960.0,974.0,942.0,954.0,436922,0.0,0.0
2024-04-25 00:00:00+09:00,954.0,959.0,936.0,939.0,142626,0.0,0.0
2024-04-26 00:00:00+09:00,939.0,988.0,926.0,961.0,484498,0.0,0.0
2024-04-29 00:00:00+09:00,962.0,983.0,952.0,969.0,384962,0.0,0.0
2024-04-30 00:00:00+09:00,1000.0,1045.0,983.0,995.0,4378973,0.0,0.0
2024-05-02 00:00:00+09:00,995.0,1037.0,971.0,1031.0,1293658,0.0,0.0
2024-05-03 00:00:00+09:00,1038.0,1039.0,1006.0,1008.0,799151,0.0,0.0
2024-05-07 00:00:00+09:00,1025.0,1035.0,997.0,1026.0,709838,0.0,0.0
2024-05-08 00:00:00+09:00,1029.0,1064.0,1026.0,1055.0,1004648,0.0,0.0
2024-05-09 00:00:00+09:00,1080.0,1090.0,1036.0,1043.0,1072559,0.0,0.0
2024-05-10 00:00:00+09:00,1056.0,1064.0,1021.0,1053.0,550930,0.0,0.0
2024-05-13 00:00:00+09:00,1067.0,1067.0,1035.0,1040.0,415283,0.0,0.0
2024-05-14 00:00:00+09:00,1041.0,1058.0,1038.0,1052.0,270129,0.0,0.0
2024-05-16 00:00:00+09:00,1057.0,1061.0,1036.0,1051.0,381078,0.0,0.0
2024-05-17 00:00:00+09:00,1065.0,1091.0,1052.0,1060.0,931939,0.0,0.0
2024-05-20 00:00:00+09:00,1059.0,1084.0,1048.0,1063.0,569943,0.0,0.0
2024-05-21 00:00:00+09:00,1065.0,1074.0,1053.0,1057.0,344617,0.0,0.0
2024-05-22 00:00:00+09:00,1053.0,1057.0,1024.0,1025.0,555449,0.0,0.0
2024-05-23 00:00:00+09:00,1024.0,1036.0,1003.0,1030.0,303037,0.0,0.0
2024-05-24 00:00:00+09:00,1026.0,1044.0,1019.0,1038.0,199932,0.0,0.0
2024-05-27 00:00:00+09:00,1042.0,1043.0,1014.0,1016.0,217720,0.0,0.0
2024-05-28 00:00:00+09:00,1028.0,1030.0,1003.0,1017.0,244273,0.0,0.0
2024-05-29 00:00:00+09:00,1022.0,1022.0,990.0,993.0,327142,0.0,0.0
2024-05-30 00:00:00+09:00,993.0,993.0,962.0,969.0,342356,0.0,0.0
2024-05-31 00:00:00+09:00,971.0,990.0,964.0,976.0,281090,0.0,0.0
2024-06-03 00:00:00+09:00,970.0,990.0,964.0,980.0,209270,0.0,0.0
2024-06-04 00:00:00+09:00,982.0,993.0,973.0,980.0,301631,0.0,0.0
2024-06-05 00:00:00+09:00,980.0,993.0,970.0,980.0,163349,0.0,0.0
2024-06-07 00:00:00+09:00,981.0,989.0,979.0,986.0,99938,0.0,0.0
2024-06-10 00:00:00+09:00,986.0,1064.0,980.0,1053.0,940690,0.0,0.0
2024-06-11 00:00:00+09:00,1064.0,1188.0,1060.0,1070.0,8563894,0.0,0.0
2024-06-12 00:00:00+09:00,1061.0,1100.0,1061.0,1093.0,1008225,0.0,0.0
2024-06-13 00:00:00+09:00,1104.0,1105.0,1071.0,1083.0,791999,0.0,0.0
2024-06-14 00:00:00+09:00,1087.0,1087.0,1058.0,1062.0,569655,0.0,0.0
2024-06-17 00:00:00+09:00,1062.0,1096.0,1045.0,1060.0,743819,0.0,0.0
2024-06-18 00:00:00+09:00,1065.0,1065.0,1040.0,1061.0,300908,0.0,0.0
2024-06-19 00:00:00+09:00,1069.0,1069.0,1018.0,1021.0,423753,0.0,0.0
2024-06-20 00:00:00+09:00,1025.0,1033.0,1001.0,1009.0,300847,0.0,0.0
2024-06-21 00:00:00+09:00,1009.0,1026.0,994.0,1007.0,359163,0.0,0.0
2024-06-24 00:00:00+09:00,1017.0,1055.0,1004.0,1028.0,770583,0.0,0.0
2024-06-25 00:00:00+09:00,1028.0,1036.0,1018.0,1032.0,365430,0.0,0.0
2024-06-26 00:00:00+09:00,1032.0,1047.0,1003.0,1004.0,187456,0.0,0.0
2024-06-27 00:00:00+09:00,1013.0,1044.0,995.0,1015.0,319865,0.0,0.0
2024-06-28 00:00:00+09:00,1015.0,1060.0,1015.0,1045.0,527264,0.0,0.0
2024-07-01 00:00:00+09:00,1046.0,1051.0,1012.0,1039.0,248631,0.0,0.0
2024-07-02 00:00:00+09:00,1032.0,1036.0,1004.0,1005.0,333149,0.0,0.0
2024-07-03 00:00:00+09:00,1000.0,1008.0,975.0,976.0,411528,0.0,0.0
2024-07-04 00:00:00+09:00,976.0,985.0,955.0,963.0,262998,0.0,0.0
2024-07-05 00:00:00+09:00,961.0,1000.0,951.0,951.0,218857,0.0,0.0
2024-07-08 00:00:00+09:00,958.0,967.0,951.0,965.0,83831,0.0,0.0
2024-07-09 00:00:00+09:00,970.0,989.0,965.0,970.0,115028,0.0,0.0
2024-07-10 00:00:00+09:00,970.0,1004.0,960.0,987.0,244880,0.0,0.0
2024-07-11 00:00:00+09:00,987.0,1013.0,985.0,986.0,136509,0.0,0.0
2024-07-12 00:00:00+09:00,989.0,998.0,973.0,979.0,104999,0.0,0.0
2024-07-15 00:00:00+09:00,979.0,999.0,963.0,992.0,134927,0.0,0.0
2024-07-16 00:00:00+09:00,992.0,997.0,972.0,980.0,133019,0.0,0.0
2024-07-17 00:00:00+09:00,981.0,998.0,973.0,993.0,212874,0.0,0.0
2024-07-18 00:00:00+09:00,988.0,988.0,968.0,970.0,165455,0.0,0.0
2024-07-19 00:00:00+09:00,970.0,972.0,962.0,969.0,97754,0.0,0.0
2024-07-22 00:00:00+09:00,976.0,976.0,950.0,950.0,158666,0.0,0.0
2024-07-23 00:00:00+09:00,950.0,959.0,942.0,943.0,74808,0.0,0.0
2024-07-24 00:00:00+09:00,949.0,955.0,937.0,949.0,116097,0.0,0.0
2024-07-25 00:00:00+09:00,949.0,949.0,909.0,910.0,423868,0.0,0.0
2024-07-26 00:00:00+09:00,910.0,940.0,905.0,940.0,105262,0.0,0.0
2024-07-29 00:00:00+09:00,940.0,940.0,922.0,922.0,108399,0.0,0.0
2024-07-30 00:00:00+09:00,922.0,927.0,894.0,899.0,284947,0.0,0.0
2024-07-31 00:00:00+09:00,898.0,928.0,891.0,926.0,209194,0.0,0.0
2024-08-01 00:00:00+09:00,926.0,964.0,926.0,958.0,171975,0.0,0.0
2024-08-02 00:00:00+09:00,950.0,970.0,936.0,959.0,231022,0.0,0.0
2024-08-05 00:00:00+09:00,956.0,992.0,788.0,825.0,1391876,0.0,0.0
2024-08-06 00:00:00+09:00,821.0,867.0,821.0,851.0,473722,0.0,0.0
2024-08-07 00:00:00+09:00,851.0,893.0,844.0,882.0,228123,0.0,0.0
2024-08-08 00:00:00+09:00,853.0,919.0,843.0,870.0,371470,0.0,0.0
2024-08-09 00:00:00+09:00,877.0,897.0,871.0,879.0,235232,0.0,0.0
2024-08-12 00:00:00+09:00,880.0,905.0,874.0,895.0,177503,0.0,0.0
2024-08-13 00:00:00+09:00,887.0,899.0,875.0,892.0,210472,0.0,0.0
2024-08-14 00:00:00+09:00,892.0,910.0,885.0,896.0,304434,0.0,0.0
2024-08-16 00:00:00+09:00,898.0,909.0,887.0,887.0,197780,0.0,0.0
2024-08-19 00:00:00+09:00,889.0,892.0,853.0,870.0,594950,0.0,0.0
2024-08-20 00:00:00+09:00,871.0,887.0,865.0,876.0,229292,0.0,0.0
2024-08-21 00:00:00+09:00,875.0,888.0,864.0,868.0,130511,0.0,0.0
2024-08-22 00:00:00+09:00,868.0,875.0,843.0,844.0,242607,0.0,0.0
2024-08-23 00:00:00+09:00,836.0,847.0,829.0,844.0,146061,0.0,0.0
2024-08-26 00:00:00+09:00,848.0,851.0,828.0,844.0,122841,0.0,0.0
2024-08-27 00:00:00+09:00,841.0,851.0,827.0,840.0,191022,0.0,0.0
2024-08-28 00:00:00+09:00,840.0,842.0,825.0,828.0,147513,0.0,0.0
2024-08-29 00:00:00+09:00,820.0,828.0,808.0,813.0,193733,0.0,0.0
2024-08-30 00:00:00+09:00,820.0,827.0,813.0,819.0,108699,0.0,0.0
2024-09-02 00:00:00+09:00,827.0,838.0,813.0,833.0,145550,0.0,0.0
2024-09-03 00:00:00+09:00,833.0,840.0,821.0,825.0,94202,0.0,0.0
2024-09-04 00:00:00+09:00,820.0,820.0,801.0,802.0,165820,0.0,0.0
2024-09-05 00:00:00+09:00,802.0,817.0,794.0,804.0,97689,0.0,0.0
2024-09-06 00:00:00+09:00,797.0,804.0,789.0,791.0,110423,0.0,0.0
2024-09-09 00:00:00+09:00,768.0,798.0,767.0,788.0,128141,0.0,0.0
2024-09-10 00:00:00+09:00,788.0,793.0,783.0,788.0,64249,0.0,0.0
2024-09-11 00:00:00+09:00,785.0,796.0,770.0,770.0,121446,0.0,0.0
2024-09-12 00:00:00+09:00,772.0,789.0,772.0,789.0,70776,0.0,0.0
2024-09-13 00:00:00+09:00,789.0,808.0,788.0,799.0,48040,0.0,0.0
2024-09-19 00:00:00+09:00,799.0,802.0,784.0,800.0,168251,0.0,0.0
2024-09-20 00:00:00+09:00,796.0,857.0,796.0,811.0,210876,0.0,0.0
2024-09-23 00:00:00+09:00,811.0,819.0,800.0,802.0,104709,0.0,0.0
2024-09-24 00:00:00+09:00,802.0,810.0,800.0,807.0,54398,0.0,0.0
2024-09-25 00:00:00+09:00,801.0,815.0,799.0,809.0,174916,0.0,0.0
2024-09-26 00:00:00+09:00,814.0,817.0,803.0,806.0,199206,0.0,0.0
2024-09-27 00:00:00+09:00,810.0,810.0,792.0,803.0,282787,0.0,0.0
2024-09-30 00:00:00+09:00,803.0,812.0,796.0,805.0,100014,0.0,0.0
2024-10-02 00:00:00+09:00,800.0,803.0,790.0,797.0,84787,0.0,0.0
2024-10-04 00:00:00+09:00,797.0,802.0,790.0,793.0,57298,0.0,0.0
2024-10-07 00:00:00+09:00,790.0,797.0,786.0,796.0,84939,0.0,0.0
2024-10-08 00:00:00+09:00,790.0,795.0,790.0,793.0,30990,0.0,0.0
2024-10-10 00:00:00+09:00,794.0,801.0,790.0,796.0,46648,0.0,0.0
2024-10-11 00:00:00+09:00,800.0,813.0,794.0,810.0,93250,0.0,0.0
2024-10-14 00:00:00+09:00,810.0,826.0,807.0,821.0,129737,0.0,0.0
2024-10-15 00:00:00+09:00,826.0,829.0,815.0,819.0,64760,0.0,0.0
2024-10-16 00:00:00+09:00,819.0,825.0,816.0,825.0,133842,0.0,0.0
2024-10-17 00:00:00+09:00,823.0,827.0,813.0,814.0,72601,0.0,0.0
2024-10-18 00:00:00+09:00,807.0,834.0,806.0,814.0,75522,0.0,0.0
2024-10-21 00:00:00+09:00,814.0,830.0,769.0,817.0,55259,0.0,0.0
2024-10-22 00:00:00+09:00,818.0,822.0,780.0,800.0,158105,0.0,0.0
2024-10-23 00:00:00+09:00,790.0,800.0,780.0,797.0,126547,0.0,0.0
2024-10-24 00:00:00+09:00,797.0,830.0,780.0,780.0,128617,0.0,0.0
2024-10-25 00:00:00+09:00,784.0,784.0,746.0,753.0,348610,0.0,0.0
2024-10-28 00:00:00+09:00,749.0,759.0,749.0,759.0,75632,0.0,0.0
2024-10-29 00:00:00+09:00,758.0,762.0,745.0,753.0,102235,0.0,0.0
2024-10-30 00:00:00+09:00,751.0,764.0,740.0,749.0,146594,0.0,0.0
2024-10-31 00:00:00+09:00,745.0,765.0,735.0,757.0,434018,0.0,0.0
2024-11-01 00:00:00+09:00,765.0,802.0,750.0,794.0,563799,0.0,0.0
