Date,Open,High,Low,Close,Volume,Dividends,Stock Splits
2022-10-27 00:00:00-04:00,25.15999984741211,25.15999984741211,25.010000228881836,25.079999923706055,38700,0.0,0.0
2022-10-28 00:00:00-04:00,25.149999618530273,25.299999237060547,25.100000381469727,25.139999389648438,9100,0.0,0.0
2022-10-31 00:00:00-04:00,25.100000381469727,25.149999618530273,25.020000457763672,25.149999618530273,10700,0.0,0.0
2022-11-01 00:00:00-04:00,25.020000457763672,25.149999618530273,25.020000457763672,25.059999465942383,4500,0.0,0.0
2022-11-02 00:00:00-04:00,25.049999237060547,25.049999237060547,25.0,25.010000228881836,15900,0.0,0.0
2022-11-03 00:00:00-04:00,25.0,25.049999237060547,25.0,25.020999908447266,10100,0.0,0.0
2022-11-04 00:00:00-04:00,25.0,25.079999923706055,25.0,25.0,7600,0.0,0.0
2022-11-07 00:00:00-05:00,25.010000228881836,25.06999969482422,25.010000228881836,25.059999465942383,11500,0.0,0.0
2022-11-08 00:00:00-05:00,25.040000915527344,25.239999771118164,25.020000457763672,25.06999969482422,22900,0.0,0.0
2022-11-09 00:00:00-05:00,25.110000610351562,25.110000610351562,25.020000457763672,25.059999465942383,22600,0.0,0.0
2022-11-10 00:00:00-05:00,25.1200008392334,25.3799991607666,25.110000610351562,25.3799991607666,28800,0.0,0.0
2022-11-11 00:00:00-05:00,25.459999084472656,25.459999084472656,25.25,25.329999923706055,8700,0.0,0.0
2022-11-14 00:00:00-05:00,25.350000381469727,25.378000259399414,25.315000534057617,25.360000610351562,2800,0.0,0.0
2022-11-15 00:00:00-05:00,25.399999618530273,25.399999618530273,25.299999237060547,25.299999237060547,8600,0.0,0.0
2022-11-16 00:00:00-05:00,25.290000915527344,25.479999542236328,25.290000915527344,25.389999389648438,15100,0.0,0.0
2022-11-17 00:00:00-05:00,25.25,25.540000915527344,25.25,25.520000457763672,13300,0.0,0.0
2022-11-18 00:00:00-05:00,25.510000228881836,25.510000228881836,25.25,25.43000030517578,17500,0.0,0.0
2022-11-21 00:00:00-05:00,25.450000762939453,25.549999237060547,25.43000030517578,25.549999237060547,800,0.0,0.0
2022-11-22 00:00:00-05:00,25.549999237060547,25.549999237060547,25.540000915527344,25.549999237060547,2600,0.0,0.0
2022-11-23 00:00:00-05:00,25.540000915527344,25.540000915527344,25.437999725341797,25.540000915527344,3000,0.0,0.0
2022-11-25 00:00:00-05:00,25.5049991607666,25.5049991607666,25.5049991607666,25.5049991607666,5000,0.0,0.0
2022-11-28 00:00:00-05:00,25.520000457763672,25.520000457763672,25.149999618530273,25.459999084472656,8000,0.0,0.0
2022-11-29 00:00:00-05:00,25.399999618530273,25.405000686645508,25.010000228881836,25.3799991607666,18000,0.0,0.0
2022-11-30 00:00:00-05:00,25.520000457763672,25.520000457763672,25.520000457763672,25.520000457763672,400,0.0,0.0
2022-12-01 00:00:00-05:00,25.292999267578125,25.350000381469727,25.292999267578125,25.350000381469727,3000,0.0,0.0
2022-12-02 00:00:00-05:00,25.489999771118164,25.489999771118164,25.489999771118164,25.489999771118164,200,0.0,0.0
2022-12-05 00:00:00-05:00,25.389999389648438,25.389999389648438,25.0,25.0,56000,0.0,0.0
2022-12-06 00:00:00-05:00,25.329999923706055,25.350000381469727,25.299999237060547,25.299999237060547,1800,0.0,0.0
2022-12-07 00:00:00-05:00,25.25,25.25,25.010000228881836,25.15999984741211,2700,0.0,0.0
2022-12-08 00:00:00-05:00,25.049999237060547,25.079999923706055,25.0,25.0,6300,0.0,0.0
2022-12-09 00:00:00-05:00,25.010000228881836,25.139999389648438,25.0,25.139999389648438,2100,0.0,0.0
2022-12-12 00:00:00-05:00,25.010000228881836,25.1299991607666,24.520000457763672,25.1299991607666,13800,0.0,0.0
2022-12-13 00:00:00-05:00,25.149999618530273,25.200000762939453,25.110000610351562,25.15999984741211,10100,0.0,0.0
2022-12-14 00:00:00-05:00,25.399999618530273,25.559999465942383,24.94700050354004,24.981000900268555,8500,0.0,0.0
2022-12-15 00:00:00-05:00,25.1200008392334,25.238000869750977,24.979999542236328,25.09000015258789,9100,0.0,0.0
2022-12-16 00:00:00-05:00,24.940000534057617,25.040000915527344,24.899999618530273,25.040000915527344,17300,0.0,0.0
2022-12-19 00:00:00-05:00,25.049999237060547,25.1200008392334,24.875,25.010000228881836,9000,0.0,0.0
2022-12-20 00:00:00-05:00,25.549999237060547,25.549999237060547,25.527000427246094,25.527000427246094,2200,0.0,0.0
2022-12-21 00:00:00-05:00,25.149999618530273,25.75,25.149999618530273,25.422000885009766,28000,0.0,0.0
2022-12-22 00:00:00-05:00,25.350000381469727,25.350000381469727,25.229999542236328,25.229999542236328,5800,0.0,0.0
2022-12-23 00:00:00-05:00,25.329999923706055,25.329999923706055,25.010000228881836,25.1299991607666,8600,0.0,0.0
2022-12-27 00:00:00-05:00,25.260000228881836,25.260000228881836,25.260000228881836,25.260000228881836,400,0.0,0.0
2022-12-28 00:00:00-05:00,25.100000381469727,25.200000762939453,25.0,25.0,14700,0.0,0.0
2022-12-29 00:00:00-05:00,24.899999618530273,24.899999618530273,24.399999618530273,24.399999618530273,17900,0.0,0.0
2022-12-30 00:00:00-05:00,24.309999465942383,24.59000015258789,24.309999465942383,24.440000534057617,10200,0.0,0.0
2023-01-03 00:00:00-05:00,24.579999923706055,24.628999710083008,24.56999969482422,24.628999710083008,1200,0.0,0.0
2023-01-04 00:00:00-05:00,25.101999282836914,25.101999282836914,24.649999618530273,24.691999435424805,3100,0.0,0.0
2023-01-05 00:00:00-05:00,24.749000549316406,24.899999618530273,24.749000549316406,24.8700008392334,3300,0.0,0.0
2023-01-06 00:00:00-05:00,24.90999984741211,24.985000610351562,24.549999237060547,24.985000610351562,3000,0.0,0.0
2023-01-09 00:00:00-05:00,24.875,24.875,24.774999618530273,24.799999237060547,3300,0.0,0.0
2023-01-10 00:00:00-05:00,24.75,25.25,24.75,25.200000762939453,6100,0.0,0.0
2023-01-11 00:00:00-05:00,25.200000762939453,25.200000762939453,25.190000534057617,25.200000762939453,600,0.0,0.0
2023-01-12 00:00:00-05:00,25.15999984741211,25.190000534057617,24.899999618530273,24.961999893188477,5500,0.0,0.0
2023-01-13 00:00:00-05:00,25.030000686645508,25.030000686645508,24.799999237060547,24.799999237060547,2600,0.0,0.0
2023-01-17 00:00:00-05:00,24.969999313354492,25.100000381469727,24.969999313354492,25.100000381469727,1400,0.0,0.0
2023-01-18 00:00:00-05:00,25.139999389648438,25.139999389648438,25.1299991607666,25.139999389648438,800,0.0,0.0
2023-01-19 00:00:00-05:00,25.069000244140625,25.139999389648438,25.020999908447266,25.139999389648438,2200,0.0,0.0
2023-01-20 00:00:00-05:00,25.149999618530273,25.190000534057617,25.149999618530273,25.149999618530273,2900,0.0,0.0
2023-01-23 00:00:00-05:00,25.149999618530273,25.190000534057617,24.770000457763672,24.950000762939453,13800,0.0,0.0
2023-01-24 00:00:00-05:00,24.899999618530273,24.899999618530273,24.700000762939453,24.899999618530273,8700,0.0,0.0
2023-01-25 00:00:00-05:00,24.850000381469727,24.850000381469727,24.75,24.816999435424805,4000,0.0,0.0
2023-01-26 00:00:00-05:00,24.790000915527344,25.06999969482422,24.780000686645508,24.966999053955078,14700,0.0,0.0
2023-01-27 00:00:00-05:00,25.0,25.079999923706055,24.975000381469727,25.010000228881836,1900,0.0,0.0
2023-01-30 00:00:00-05:00,24.9950008392334,25.31100082397461,24.9950008392334,25.31100082397461,10600,0.0,0.0
2023-01-31 00:00:00-05:00,25.100000381469727,25.479999542236328,25.100000381469727,25.299999237060547,11800,0.0,0.0
2023-02-01 00:00:00-05:00,25.170000076293945,25.399999618530273,25.170000076293945,25.399999618530273,2000,0.0,0.0
2023-02-02 00:00:00-05:00,25.3799991607666,25.3799991607666,25.030000686645508,25.030000686645508,6300,0.0,0.0
2023-02-03 00:00:00-05:00,25.049999237060547,25.579999923706055,25.0,25.299999237060547,7200,0.0,0.0
2023-02-06 00:00:00-05:00,25.149999618530273,25.149999618530273,24.799999237060547,25.1299991607666,7100,0.0,0.0
2023-02-07 00:00:00-05:00,25.139999389648438,25.44499969482422,25.049999237060547,25.3799991607666,13000,0.0,0.0
2023-02-08 00:00:00-05:00,25.110000610351562,25.110000610351562,25.0,25.010000228881836,13600,0.0,0.0
2023-02-09 00:00:00-05:00,25.0,25.15999984741211,25.0,25.079999923706055,1000,0.0,0.0
2023-02-10 00:00:00-05:00,25.200000762939453,25.34000015258789,25.18400001525879,25.34000015258789,15500,0.0,0.0
2023-02-13 00:00:00-05:00,25.100000381469727,25.149999618530273,24.899999618530273,25.100000381469727,13100,0.0,0.0
2023-02-14 00:00:00-05:00,25.100000381469727,25.100000381469727,24.899999618530273,25.09000015258789,12100,0.0,0.0
2023-02-15 00:00:00-05:00,24.950000762939453,25.149999618530273,24.950000762939453,25.03499984741211,6100,0.0,0.0
2023-02-16 00:00:00-05:00,24.950000762939453,25.200000762939453,24.948999404907227,25.100000381469727,17100,0.0,0.0
2023-02-17 00:00:00-05:00,25.100000381469727,25.200000762939453,24.8700008392334,25.035999298095703,7000,0.0,0.0
2023-02-21 00:00:00-05:00,25.0,25.0,24.950000762939453,24.950000762939453,1200,0.0,0.0
2023-02-22 00:00:00-05:00,24.948999404907227,25.0,24.940000534057617,25.0,8600,0.0,0.0
2023-02-23 00:00:00-05:00,24.979999542236328,25.0,24.979999542236328,25.0,4200,0.0,0.0
2023-02-24 00:00:00-05:00,24.8700008392334,24.950000762939453,24.683000564575195,24.945999145507812,3600,0.0,0.0
2023-02-27 00:00:00-05:00,24.75,25.200000762939453,24.649999618530273,25.049999237060547,5600,0.0,0.0
2023-02-28 00:00:00-05:00,25.06999969482422,25.149999618530273,24.899999618530273,24.989999771118164,12100,0.0,0.0
2023-03-01 00:00:00-05:00,24.850000381469727,25.0,24.799999237060547,25.0,1700,0.0,0.0
2023-03-02 00:00:00-05:00,25.100000381469727,25.149999618530273,24.950000762939453,25.149999618530273,7300,0.0,0.0
2023-03-03 00:00:00-05:00,25.149999618530273,25.149999618530273,25.024999618530273,25.100000381469727,9400,0.0,0.0
2023-03-06 00:00:00-05:00,25.1299991607666,25.149999618530273,25.0,25.049999237060547,20500,0.0,0.0
2023-03-07 00:00:00-05:00,25.139999389648438,25.59000015258789,25.010000228881836,25.2450008392334,14100,0.0,0.0
2023-03-08 00:00:00-05:00,25.25,25.3700008392334,25.190000534057617,25.31999969482422,10800,0.0,0.0
2023-03-09 00:00:00-05:00,25.229999542236328,25.229999542236328,25.100000381469727,25.110000610351562,3600,0.0,0.0
2023-03-10 00:00:00-05:00,25.136999130249023,25.200000762939453,24.950000762939453,24.950000762939453,5500,0.0,0.0
2023-03-13 00:00:00-04:00,25.040000915527344,25.059999465942383,24.799999237060547,25.059999465942383,8700,0.0,0.0
2023-03-14 00:00:00-04:00,24.920000076293945,25.239999771118164,24.916000366210938,25.239999771118164,1600,0.0,0.0
2023-03-15 00:00:00-04:00,25.150999069213867,25.224000930786133,25.049999237060547,25.224000930786133,2000,0.0,0.0
2023-03-16 00:00:00-04:00,25.239999771118164,25.239999771118164,24.989999771118164,25.0,9200,0.0,0.0
2023-03-17 00:00:00-04:00,25.023000717163086,25.149999618530273,24.950000762939453,25.0,11800,0.0,0.0
2023-03-20 00:00:00-04:00,24.760000228881836,25.549999237060547,24.700000762939453,25.5,42500,0.0,0.0
2023-03-21 00:00:00-04:00,25.59000015258789,25.59000015258789,24.989999771118164,25.549999237060547,13100,0.0,0.0
2023-03-22 00:00:00-04:00,25.299999237060547,25.440000534057617,25.15999984741211,25.389999389648438,13900,0.0,0.0
2023-03-23 00:00:00-04:00,25.389999389648438,25.513999938964844,25.260000228881836,25.489999771118164,39100,0.0,0.0
2023-03-24 00:00:00-04:00,25.530000686645508,25.549999237060547,25.25,25.25,1800,0.0,0.0
2023-03-27 00:00:00-04:00,25.3799991607666,25.399999618530273,25.149999618530273,25.260000228881836,7700,0.0,0.0
2023-03-28 00:00:00-04:00,25.3700008392334,25.530000686645508,25.010000228881836,25.15999984741211,21700,0.0,0.0
2023-03-29 00:00:00-04:00,25.1299991607666,25.1299991607666,25.0,25.06999969482422,15100,0.0,0.0
2023-03-30 00:00:00-04:00,25.010000228881836,25.143999099731445,24.8700008392334,25.010000228881836,5900,0.0,0.0
2023-03-31 00:00:00-04:00,24.979999542236328,25.170000076293945,24.969999313354492,25.170000076293945,9700,0.0,0.0
2023-04-03 00:00:00-04:00,24.989999771118164,25.309999465942383,24.809999465942383,25.049999237060547,9600,0.0,0.0
2023-04-04 00:00:00-04:00,25.0,25.040000915527344,25.0,25.040000915527344,2500,0.0,0.0
2023-04-05 00:00:00-04:00,25.040000915527344,25.100000381469727,24.989999771118164,25.09000015258789,14200,0.0,0.0
2023-04-06 00:00:00-04:00,25.059999465942383,25.059999465942383,25.0,25.0,4800,0.0,0.0
2023-04-10 00:00:00-04:00,24.979999542236328,25.31999969482422,24.979999542236328,25.18000030517578,8200,0.0,0.0
2023-04-11 00:00:00-04:00,25.1299991607666,25.290000915527344,25.100000381469727,25.290000915527344,10900,0.0,0.0
2023-04-12 00:00:00-04:00,25.290000915527344,25.31999969482422,25.0,25.149999618530273,16600,0.0,0.0
2023-04-13 00:00:00-04:00,25.18000030517578,25.190000534057617,25.049999237060547,25.170000076293945,7100,0.0,0.0
2023-04-14 00:00:00-04:00,25.200000762939453,25.309999465942383,25.020000457763672,25.18000030517578,21400,0.0,0.0
2023-04-17 00:00:00-04:00,25.100000381469727,25.219999313354492,25.049999237060547,25.100000381469727,8700,0.0,0.0
2023-04-18 00:00:00-04:00,25.06999969482422,25.06999969482422,25.030000686645508,25.049999237060547,11700,0.0,0.0
2023-04-19 00:00:00-04:00,25.030000686645508,25.049999237060547,25.010000228881836,25.049999237060547,11500,0.0,0.0
2023-04-20 00:00:00-04:00,25.049999237060547,25.219999313354492,25.020000457763672,25.040000915527344,11100,0.0,0.0
2023-04-21 00:00:00-04:00,25.110000610351562,25.190000534057617,24.899999618530273,25.0,33100,0.0,0.0
2023-04-24 00:00:00-04:00,25.049999237060547,25.110000610351562,25.0,25.09000015258789,9200,0.0,0.0
2023-04-25 00:00:00-04:00,25.1200008392334,25.2189998626709,25.0,25.06999969482422,14300,0.0,0.0
2023-04-26 00:00:00-04:00,25.1200008392334,25.288999557495117,25.0,25.19499969482422,8400,0.0,0.0
2023-04-27 00:00:00-04:00,25.100000381469727,25.100000381469727,24.920000076293945,25.030000686645508,10900,0.0,0.0
2023-04-28 00:00:00-04:00,24.979999542236328,25.15999984741211,24.920000076293945,25.110000610351562,17700,0.0,0.0
2023-05-01 00:00:00-04:00,24.989999771118164,25.159000396728516,24.989999771118164,25.1299991607666,10400,0.0,0.0
2023-05-02 00:00:00-04:00,25.190000534057617,25.40999984741211,25.034000396728516,25.15999984741211,11100,0.0,0.0
2023-05-03 00:00:00-04:00,25.184999465942383,25.420000076293945,25.177000045776367,25.209999084472656,11700,0.0,0.0
2023-05-04 00:00:00-04:00,25.104999542236328,25.219999313354492,25.052000045776367,25.219999313354492,2900,0.0,0.0
2023-05-05 00:00:00-04:00,25.174999237060547,25.219999313354492,25.070999145507812,25.200000762939453,7400,0.0,0.0
2023-05-08 00:00:00-04:00,25.19099998474121,25.219999313354492,25.135000228881836,25.139999389648438,4300,0.0,0.0
2023-05-09 00:00:00-04:00,25.201000213623047,25.450000762939453,25.010000228881836,25.110000610351562,10900,0.0,0.0
2023-05-10 00:00:00-04:00,25.450000762939453,25.450000762939453,25.177000045776367,25.290000915527344,18400,0.0,0.0
2023-05-11 00:00:00-04:00,25.43000030517578,25.59000015258789,25.200000762939453,25.479999542236328,20200,0.0,0.0
2023-05-12 00:00:00-04:00,25.43000030517578,25.43000030517578,25.163000106811523,25.3700008392334,4100,0.0,0.0
2023-05-15 00:00:00-04:00,25.3700008392334,25.489999771118164,25.350000381469727,25.360000610351562,30300,0.0,0.0
2023-05-16 00:00:00-04:00,25.299999237060547,25.389999389648438,25.299999237060547,25.344999313354492,2400,0.0,0.0
2023-05-17 00:00:00-04:00,25.3700008392334,25.3799991607666,25.0,25.0,85800,0.0,0.0
2023-05-18 00:00:00-04:00,25.1200008392334,25.34000015258789,24.940000534057617,24.993000030517578,21900,0.0,0.0
2023-05-19 00:00:00-04:00,25.09000015258789,25.309999465942383,25.0,25.079999923706055,27500,0.0,0.0
2023-05-22 00:00:00-04:00,25.15999984741211,25.15999984741211,24.969999313354492,25.05500030517578,2900,0.0,0.0
2023-05-23 00:00:00-04:00,25.0,25.170000076293945,24.899999618530273,24.899999618530273,11100,0.0,0.0
2023-05-24 00:00:00-04:00,24.899999618530273,25.0,24.899999618530273,24.920000076293945,6800,0.0,0.0
2023-05-25 00:00:00-04:00,24.93000030517578,24.959999084472656,24.899999618530273,24.959999084472656,8600,0.0,0.0
2023-05-26 00:00:00-04:00,24.950000762939453,25.0,24.940000534057617,25.0,4900,0.0,0.0
2023-05-30 00:00:00-04:00,24.989999771118164,25.0,24.889999389648438,24.979999542236328,32400,0.0,0.0
2023-05-31 00:00:00-04:00,24.989999771118164,25.0,24.950000762939453,25.0,2800,0.0,0.0
2023-06-01 00:00:00-04:00,24.959999084472656,25.0,24.950000762939453,24.979999542236328,9500,0.0,0.0
2023-06-02 00:00:00-04:00,24.989999771118164,25.0,24.969999313354492,25.0,3600,0.0,0.0
2023-06-05 00:00:00-04:00,24.979999542236328,25.350000381469727,24.93000030517578,25.350000381469727,19600,0.0,0.0
2023-06-06 00:00:00-04:00,25.190000534057617,25.190000534057617,24.90999984741211,25.049999237060547,10500,0.0,0.0
2023-06-07 00:00:00-04:00,25.049999237060547,25.270000457763672,25.047000885009766,25.1299991607666,4200,0.0,0.0
2023-06-08 00:00:00-04:00,25.139999389648438,25.139999389648438,24.950000762939453,25.06999969482422,14200,0.0,0.0
2023-06-09 00:00:00-04:00,25.079999923706055,25.149999618530273,25.010000228881836,25.1299991607666,22300,0.0,0.0
2023-06-12 00:00:00-04:00,25.149999618530273,25.149999618530273,24.989999771118164,25.1200008392334,69900,0.0,0.0
2023-06-13 00:00:00-04:00,25.1200008392334,25.1200008392334,25.059999465942383,25.09000015258789,10700,0.0,0.0
2023-06-14 00:00:00-04:00,25.0,25.06999969482422,24.799999237060547,24.799999237060547,13700,0.0,0.0
2023-06-15 00:00:00-04:00,24.940000534057617,25.1299991607666,24.940000534057617,25.049999237060547,6200,0.0,0.0
2023-06-16 00:00:00-04:00,25.059999465942383,25.149999618530273,25.059999465942383,25.079999923706055,600,0.0,0.0
2023-06-20 00:00:00-04:00,25.0,25.100000381469727,24.868999481201172,25.0,29100,0.0,0.0
2023-06-21 00:00:00-04:00,25.0,25.027000427246094,24.899999618530273,25.0,4600,0.0,0.0
2023-06-22 00:00:00-04:00,24.989999771118164,24.989999771118164,24.889999389648438,24.889999389648438,10300,0.0,0.0
2023-06-23 00:00:00-04:00,24.979999542236328,24.979999542236328,24.809999465942383,24.8799991607666,58600,0.0,0.0
2023-06-26 00:00:00-04:00,24.8799991607666,24.920000076293945,24.854999542236328,24.860000610351562,12700,0.0,0.0
2023-06-27 00:00:00-04:00,24.8700008392334,24.940000534057617,24.860000610351562,24.899999618530273,33700,0.0,0.0
2023-06-28 00:00:00-04:00,24.889999389648438,24.93000030517578,24.809999465942383,24.899999618530273,33300,0.0,0.0
2023-06-29 00:00:00-04:00,24.850000381469727,24.8799991607666,24.719999313354492,24.780000686645508,20500,0.0,0.0
2023-06-30 00:00:00-04:00,24.81999969482422,24.850000381469727,24.700000762939453,24.84000015258789,23900,0.0,0.0
2023-07-03 00:00:00-04:00,24.799999237060547,24.899999618530273,24.799999237060547,24.899999618530273,3700,0.0,0.0
2023-07-05 00:00:00-04:00,24.8799991607666,24.889999389648438,24.760000228881836,24.809999465942383,23700,0.0,0.0
2023-07-06 00:00:00-04:00,24.93000030517578,24.93000030517578,24.760000228881836,24.799999237060547,15000,0.0,0.0
2023-07-07 00:00:00-04:00,24.760000228881836,24.799999237060547,24.739999771118164,24.799999237060547,9100,0.0,0.0
2023-07-10 00:00:00-04:00,24.790000915527344,24.799999237060547,24.790000915527344,24.799999237060547,4700,0.0,0.0
2023-07-11 00:00:00-04:00,24.780000686645508,24.799999237060547,24.774999618530273,24.799999237060547,8300,0.0,0.0
2023-07-12 00:00:00-04:00,24.790000915527344,24.850000381469727,24.780000686645508,24.799999237060547,30300,0.0,0.0
2023-07-13 00:00:00-04:00,24.729999542236328,24.790000915527344,24.639999389648438,24.790000915527344,8400,0.0,0.0
2023-07-14 00:00:00-04:00,24.770000457763672,24.799999237060547,24.739999771118164,24.790000915527344,15200,0.0,0.0
2023-07-17 00:00:00-04:00,24.799999237060547,24.799999237060547,24.700000762939453,24.780000686645508,15800,0.0,0.0
2023-07-18 00:00:00-04:00,24.780000686645508,24.799999237060547,24.700000762939453,24.770000457763672,6700,0.0,0.0
2023-07-19 00:00:00-04:00,24.799999237060547,24.799999237060547,24.709999084472656,24.799999237060547,4500,0.0,0.0
2023-07-20 00:00:00-04:00,24.770000457763672,24.799999237060547,24.709999084472656,24.790000915527344,7300,0.0,0.0
2023-07-21 00:00:00-04:00,24.780000686645508,24.79800033569336,24.75,24.790000915527344,8500,0.0,0.0
2023-07-24 00:00:00-04:00,24.799999237060547,24.799999237060547,24.700000762939453,24.780000686645508,26100,0.0,0.0
2023-07-25 00:00:00-04:00,24.719999313354492,24.798999786376953,24.700000762939453,24.788999557495117,10100,0.0,0.0
2023-07-26 00:00:00-04:00,24.764999389648438,24.798999786376953,24.764999389648438,24.790000915527344,3300,0.0,0.0
2023-07-27 00:00:00-04:00,24.75,24.799999237060547,24.700000762939453,24.729999542236328,17500,0.0,0.0
2023-07-28 00:00:00-04:00,24.790000915527344,24.799999237060547,24.75,24.799999237060547,18000,0.0,0.0
2023-07-31 00:00:00-04:00,24.790000915527344,24.798999786376953,24.7549991607666,24.790000915527344,7000,0.0,0.0
2023-08-01 00:00:00-04:00,24.790000915527344,24.799999237060547,24.709999084472656,24.799999237060547,25800,0.0,0.0
2023-08-02 00:00:00-04:00,24.790000915527344,24.799999237060547,24.75,24.790000915527344,4000,0.0,0.0
2023-08-03 00:00:00-04:00,24.770000457763672,24.799999237060547,24.700000762939453,24.799999237060547,5000,0.0,0.0
2023-08-04 00:00:00-04:00,24.709999084472656,24.799999237060547,24.709999084472656,24.799999237060547,4900,0.0,0.0
2023-08-07 00:00:00-04:00,24.790000915527344,24.790000915527344,24.75,24.766000747680664,1200,0.0,0.0
2023-08-08 00:00:00-04:00,24.799999237060547,24.799999237060547,24.649999618530273,24.65999984741211,11400,0.0,0.0
2023-08-09 00:00:00-04:00,24.65999984741211,24.809999465942383,24.65999984741211,24.809999465942383,9000,0.0,0.0
2023-08-10 00:00:00-04:00,24.774999618530273,24.774999618530273,24.739999771118164,24.75,3400,0.0,0.0
2023-08-11 00:00:00-04:00,24.940000534057617,24.940000534057617,24.65999984741211,24.690000534057617,10400,0.0,0.0
2023-08-14 00:00:00-04:00,24.639999389648438,24.940000534057617,24.639999389648438,24.799999237060547,30000,0.0,0.0
2023-08-15 00:00:00-04:00,24.700000762939453,24.920000076293945,24.549999237060547,24.920000076293945,20700,0.0,0.0
2023-08-16 00:00:00-04:00,24.809999465942383,24.809999465942383,24.549999237060547,24.600000381469727,16800,0.0,0.0
2023-08-17 00:00:00-04:00,24.59000015258789,24.65999984741211,24.280000686645508,24.399999618530273,9100,0.0,0.0
2023-08-18 00:00:00-04:00,24.350000381469727,24.40999984741211,24.139999389648438,24.200000762939453,13900,0.0,0.0
2023-08-21 00:00:00-04:00,24.18000030517578,24.18000030517578,23.860000610351562,24.010000228881836,9200,0.0,0.0
2023-08-22 00:00:00-04:00,24.100000381469727,24.389999389648438,23.950000762939453,24.0,8700,0.0,0.0
2023-08-23 00:00:00-04:00,24.239999771118164,24.3700008392334,23.850000381469727,23.982999801635742,35000,0.0,0.0
2023-08-24 00:00:00-04:00,23.93000030517578,23.950000762939453,23.729999542236328,23.889999389648438,14000,0.0,0.0
2023-08-25 00:00:00-04:00,23.889999389648438,23.950000762939453,23.75,23.90999984741211,13000,0.0,0.0
2023-08-28 00:00:00-04:00,23.93000030517578,24.260000228881836,23.799999237060547,23.899999618530273,20500,0.0,0.0
2023-08-29 00:00:00-04:00,23.950000762939453,24.0,23.780000686645508,23.889999389648438,38400,0.0,0.0
2023-08-30 00:00:00-04:00,23.790000915527344,24.049999237060547,23.790000915527344,23.8799991607666,12900,0.0,0.0
2023-08-31 00:00:00-04:00,23.90999984741211,24.09000015258789,23.829999923706055,23.899999618530273,19500,0.0,0.0
2023-09-01 00:00:00-04:00,23.899999618530273,23.950000762939453,23.825000762939453,23.8799991607666,22200,0.0,0.0
2023-09-05 00:00:00-04:00,23.920000076293945,24.229999542236328,23.799999237060547,23.889999389648438,14800,0.0,0.0
2023-09-06 00:00:00-04:00,24.190000534057617,24.190000534057617,23.826000213623047,23.899999618530273,33800,0.0,0.0
2023-09-07 00:00:00-04:00,23.81999969482422,23.899999618530273,23.790000915527344,23.8799991607666,30000,0.0,0.0
2023-09-08 00:00:00-04:00,23.860000610351562,23.972000122070312,23.829999923706055,23.829999923706055,4600,0.0,0.0
2023-09-11 00:00:00-04:00,23.920000076293945,24.010000228881836,23.829999923706055,23.989999771118164,7700,0.0,0.0
2023-09-12 00:00:00-04:00,23.860000610351562,23.93000030517578,23.760000228881836,23.780000686645508,23600,0.0,0.0
2023-09-13 00:00:00-04:00,23.799999237060547,23.899999618530273,23.739999771118164,23.899999618530273,13500,0.0,0.0
2023-09-14 00:00:00-04:00,23.649999618530273,23.929000854492188,23.600000381469727,23.75,15200,0.0,0.0
2023-09-15 00:00:00-04:00,23.7549991607666,23.959999084472656,23.618000030517578,23.959999084472656,10500,0.0,0.0
2023-09-18 00:00:00-04:00,23.959999084472656,23.959999084472656,23.649999618530273,23.8799991607666,22600,0.0,0.0
2023-09-19 00:00:00-04:00,23.719999313354492,23.8799991607666,23.6299991607666,23.860000610351562,18700,0.0,0.0
2023-09-20 00:00:00-04:00,23.90999984741211,23.90999984741211,23.600000381469727,23.700000762939453,5800,0.0,0.0
2023-09-21 00:00:00-04:00,23.59000015258789,23.839000701904297,23.1299991607666,23.15999984741211,38600,0.0,0.0
2023-09-22 00:00:00-04:00,23.389999389648438,24.68000030517578,23.239999771118164,23.68000030517578,63100,0.0,0.0
2023-09-25 00:00:00-04:00,23.549999237060547,23.88599967956543,22.959999084472656,23.1200008392334,36400,0.0,0.0
2023-09-26 00:00:00-04:00,23.329999923706055,23.360000610351562,22.709999084472656,23.030000686645508,29000,0.0,0.0
2023-09-27 00:00:00-04:00,22.959999084472656,23.104999542236328,22.6200008392334,22.690000534057617,34500,0.0,0.0
2023-09-28 00:00:00-04:00,22.559999465942383,23.219999313354492,22.309999465942383,22.559999465942383,44000,0.0,0.0
2023-09-29 00:00:00-04:00,22.579999923706055,23.209999084472656,22.43000030517578,22.75,24200,0.0,0.0
2023-10-02 00:00:00-04:00,22.579999923706055,22.825000762939453,22.329999923706055,22.415000915527344,16600,0.0,0.0
2023-10-03 00:00:00-04:00,22.6299991607666,22.93400001525879,22.31999969482422,22.559999465942383,18400,0.0,0.0
2023-10-04 00:00:00-04:00,22.440000534057617,23.0,22.399999618530273,22.670000076293945,21600,0.0,0.0
2023-10-05 00:00:00-04:00,22.780000686645508,22.790000915527344,22.780000686645508,22.790000915527344,800,0.0,0.0
2023-10-06 00:00:00-04:00,22.760000228881836,22.790000915527344,22.360000610351562,22.5,37100,0.0,0.0
2023-10-09 00:00:00-04:00,22.8799991607666,22.8799991607666,22.360000610351562,22.440000534057617,24900,0.0,0.0
2023-10-10 00:00:00-04:00,22.450000762939453,22.81999969482422,22.450000762939453,22.739999771118164,11900,0.0,0.0
2023-10-11 00:00:00-04:00,22.959999084472656,22.959999084472656,22.389999389648438,22.670000076293945,14700,0.0,0.0
2023-10-12 00:00:00-04:00,22.68000030517578,22.690000534057617,22.299999237060547,22.3700008392334,40800,0.0,0.0
2023-10-13 00:00:00-04:00,22.5,22.5,22.219999313354492,22.31999969482422,6400,0.0,0.0
2023-10-16 00:00:00-04:00,22.25,22.549999237060547,21.68000030517578,22.100000381469727,97600,0.0,0.0
2023-10-17 00:00:00-04:00,22.25,22.31999969482422,21.799999237060547,22.209999084472656,18200,0.0,0.0
2023-10-18 00:00:00-04:00,22.219999313354492,22.239999771118164,21.90999984741211,22.200000762939453,23600,0.0,0.0
2023-10-19 00:00:00-04:00,22.200000762939453,22.25,22.0,22.209999084472656,29800,0.0,0.0
2023-10-20 00:00:00-04:00,22.25,22.25,21.68000030517578,21.889999389648438,69200,0.0,0.0
2023-10-23 00:00:00-04:00,21.81999969482422,22.575000762939453,21.75,22.190000534057617,27900,0.0,0.0
2023-10-24 00:00:00-04:00,22.260000228881836,22.399999618530273,22.0,22.389999389648438,25100,0.0,0.0
2023-10-25 00:00:00-04:00,22.299999237060547,22.6200008392334,22.149999618530273,22.34000015258789,37800,0.0,0.0
2023-10-26 00:00:00-04:00,22.32699966430664,22.649999618530273,22.170000076293945,22.5,18100,0.0,0.0
2023-10-27 00:00:00-04:00,22.68000030517578,22.68000030517578,21.829999923706055,22.0,57900,0.0,0.0
2023-10-30 00:00:00-04:00,22.049999237060547,22.190000534057617,21.510000228881836,21.649999618530273,161600,0.0,0.0
2023-10-31 00:00:00-04:00,21.75,21.969999313354492,21.510000228881836,21.780000686645508,90200,0.0,0.0
2023-11-01 00:00:00-04:00,21.899999618530273,22.200000762939453,21.670000076293945,21.809999465942383,57900,0.0,0.0
2023-11-02 00:00:00-04:00,21.920000076293945,22.299999237060547,21.920000076293945,22.25,80200,0.0,0.0
2023-11-03 00:00:00-04:00,22.229999542236328,22.799999237060547,22.229999542236328,22.739999771118164,23800,0.0,0.0
2023-11-06 00:00:00-05:00,22.59000015258789,22.700000762939453,22.440000534057617,22.610000610351562,27900,0.0,0.0
2023-11-07 00:00:00-05:00,22.68000030517578,23.510000228881836,22.6200008392334,23.440000534057617,61200,0.0,0.0
2023-11-08 00:00:00-05:00,23.290000915527344,23.649999618530273,23.190000534057617,23.639999389648438,44100,0.0,0.0
2023-11-09 00:00:00-05:00,23.433000564575195,23.75,23.3799991607666,23.461000442504883,34300,0.0,0.0
2023-11-10 00:00:00-05:00,23.459999084472656,23.860000610351562,23.280000686645508,23.709999084472656,18700,0.0,0.0
2023-11-13 00:00:00-05:00,23.809999465942383,23.809999465942383,23.520000457763672,23.799999237060547,13700,0.0,0.0
2023-11-14 00:00:00-05:00,23.809999465942383,23.93000030517578,23.549999237060547,23.7810001373291,35000,0.0,0.0
2023-11-15 00:00:00-05:00,23.860000610351562,23.950000762939453,23.65999984741211,23.93400001525879,23000,0.0,0.0
2023-11-16 00:00:00-05:00,23.940000534057617,24.059999465942383,23.799999237060547,24.0,50000,0.0,0.0
2023-11-17 00:00:00-05:00,24.030000686645508,24.030000686645508,23.520000457763672,23.8799991607666,23700,0.0,0.0
2023-11-20 00:00:00-05:00,24.0,24.1299991607666,23.899999618530273,24.040000915527344,35700,0.0,0.0
2023-11-21 00:00:00-05:00,23.899999618530273,24.0,23.8799991607666,23.899999618530273,18300,0.0,0.0
2023-11-22 00:00:00-05:00,24.040000915527344,24.40999984741211,24.031999588012695,24.06999969482422,17800,0.0,0.0
2023-11-24 00:00:00-05:00,24.06999969482422,24.128999710083008,24.06999969482422,24.06999969482422,2800,0.0,0.0
2023-11-27 00:00:00-05:00,23.920000076293945,24.100000381469727,23.8799991607666,23.8799991607666,45100,0.0,0.0
2023-11-28 00:00:00-05:00,23.829999923706055,24.08300018310547,23.799999237060547,23.799999237060547,38900,0.0,0.0
2023-11-29 00:00:00-05:00,23.770000457763672,23.93000030517578,23.559999465942383,23.670000076293945,55500,0.0,0.0
2023-11-30 00:00:00-05:00,23.670000076293945,23.969999313354492,23.6299991607666,23.700000762939453,19300,0.0,0.0
2023-12-01 00:00:00-05:00,23.6200008392334,24.0,23.6200008392334,24.0,14500,0.0,0.0
2023-12-04 00:00:00-05:00,24.09000015258789,24.170000076293945,23.850000381469727,23.959999084472656,9600,0.0,0.0
2023-12-05 00:00:00-05:00,24.0,24.200000762939453,23.8700008392334,24.049999237060547,13800,0.0,0.0
2023-12-06 00:00:00-05:00,23.979999542236328,24.280000686645508,23.709999084472656,23.780000686645508,40500,0.0,0.0
2023-12-07 00:00:00-05:00,23.950000762939453,23.950000762939453,23.719999313354492,23.75,33100,0.0,0.0
2023-12-08 00:00:00-05:00,23.739999771118164,24.190000534057617,23.40999984741211,23.600000381469727,65500,0.0,0.0
2023-12-11 00:00:00-05:00,23.600000381469727,23.670000076293945,23.350000381469727,23.399999618530273,105900,0.0,0.0
2023-12-12 00:00:00-05:00,23.479999542236328,23.670000076293945,23.3700008392334,23.59000015258789,53100,0.0,0.0
2023-12-13 00:00:00-05:00,23.670000076293945,23.8700008392334,23.465999603271484,23.790000915527344,262000,0.0,0.0
2023-12-14 00:00:00-05:00,24.75,24.75,23.760000228881836,23.829999923706055,97100,0.0,0.0
2023-12-15 00:00:00-05:00,23.93000030517578,24.25,23.68000030517578,23.790000915527344,62800,0.0,0.0
2023-12-18 00:00:00-05:00,24.290000915527344,24.450000762939453,23.739999771118164,23.8700008392334,57800,0.0,0.0
2023-12-19 00:00:00-05:00,23.770000457763672,24.030000686645508,23.709999084472656,23.8799991607666,67200,0.0,0.0
2023-12-20 00:00:00-05:00,23.940000534057617,24.049999237060547,23.690000534057617,23.75,144400,0.0,0.0
2023-12-21 00:00:00-05:00,23.780000686645508,23.940000534057617,23.729999542236328,23.809999465942383,94700,0.0,0.0
2023-12-22 00:00:00-05:00,23.850000381469727,24.030000686645508,23.850000381469727,23.950000762939453,61700,0.0,0.0
2023-12-26 00:00:00-05:00,24.1200008392334,24.142000198364258,23.770000457763672,23.850000381469727,52200,0.0,0.0
2023-12-27 00:00:00-05:00,23.889999389648438,24.020000457763672,23.739999771118164,23.760000228881836,200700,0.0,0.0
2023-12-28 00:00:00-05:00,23.719999313354492,23.84000015258789,23.719999313354492,23.780000686645508,35300,0.0,0.0
2023-12-29 00:00:00-05:00,23.729999542236328,23.82200050354004,23.68000030517578,23.780000686645508,106400,0.0,0.0
2024-01-02 00:00:00-05:00,23.829999923706055,23.829999923706055,23.700000762939453,23.780000686645508,36600,0.0,0.0
2024-01-03 00:00:00-05:00,23.799999237060547,23.90999984741211,23.75,23.889999389648438,54200,0.0,0.0
2024-01-04 00:00:00-05:00,23.850000381469727,23.950000762939453,23.81999969482422,23.8799991607666,16200,0.0,0.0
2024-01-05 00:00:00-05:00,23.8700008392334,23.899999618530273,23.81999969482422,23.860000610351562,15400,0.0,0.0
2024-01-08 00:00:00-05:00,23.860000610351562,23.940000534057617,23.81999969482422,23.90999984741211,22300,0.0,0.0
2024-01-09 00:00:00-05:00,23.899999618530273,23.93000030517578,23.729999542236328,23.899999618530273,30900,0.0,0.0
2024-01-10 00:00:00-05:00,23.8700008392334,24.059999465942383,23.82900047302246,23.899999618530273,36600,0.0,0.0
2024-01-11 00:00:00-05:00,23.75,23.905000686645508,23.75,23.860000610351562,15000,0.0,0.0
2024-01-12 00:00:00-05:00,23.889999389648438,23.9950008392334,23.8799991607666,23.969999313354492,16100,0.0,0.0
2024-01-16 00:00:00-05:00,23.899999618530273,23.979999542236328,23.760000228881836,23.809999465942383,13500,0.0,0.0
2024-01-17 00:00:00-05:00,23.899999618530273,23.899999618530273,23.75,23.780000686645508,9900,0.0,0.0
2024-01-18 00:00:00-05:00,23.84000015258789,23.84000015258789,23.43000030517578,23.649999618530273,43300,0.0,0.0
2024-01-19 00:00:00-05:00,23.65999984741211,23.700000762939453,23.51099967956543,23.690000534057617,22600,0.0,0.0
2024-01-22 00:00:00-05:00,23.75,23.895000457763672,23.639999389648438,23.799999237060547,41000,0.0,0.0
2024-01-23 00:00:00-05:00,23.885000228881836,23.885000228881836,23.559999465942383,23.6200008392334,43900,0.0,0.0
2024-01-24 00:00:00-05:00,23.6299991607666,23.780000686645508,23.6299991607666,23.700000762939453,11500,0.0,0.0
2024-01-25 00:00:00-05:00,23.709999084472656,23.899999618530273,23.709999084472656,23.899999618530273,28000,0.0,0.0
2024-01-26 00:00:00-05:00,23.899999618530273,23.940000534057617,23.739999771118164,23.888999938964844,18400,0.0,0.0
2024-01-29 00:00:00-05:00,23.899999618530273,24.0,23.8700008392334,23.969999313354492,9900,0.0,0.0
2024-01-30 00:00:00-05:00,23.950000762939453,24.079999923706055,23.860000610351562,24.06999969482422,26500,0.0,0.0
2024-01-31 00:00:00-05:00,24.06999969482422,24.290000915527344,23.930999755859375,24.190000534057617,55000,0.0,0.0
2024-02-01 00:00:00-05:00,24.229999542236328,24.59000015258789,23.851999282836914,24.360000610351562,81100,0.0,0.0
2024-02-02 00:00:00-05:00,24.270000457763672,24.559999465942383,23.959999084472656,24.229999542236328,14800,0.0,0.0
2024-02-05 00:00:00-05:00,24.31999969482422,24.31999969482422,23.850000381469727,24.09000015258789,12700,0.0,0.0
2024-02-06 00:00:00-05:00,24.139999389648438,24.219999313354492,24.08300018310547,24.200000762939453,6400,0.0,0.0
2024-02-07 00:00:00-05:00,24.299999237060547,24.389999389648438,24.170000076293945,24.18000030517578,22300,0.0,0.0
2024-02-08 00:00:00-05:00,24.1299991607666,24.15999984741211,24.038000106811523,24.065000534057617,14300,0.0,0.0
2024-02-09 00:00:00-05:00,24.219999313354492,24.219999313354492,23.979999542236328,24.09000015258789,32300,0.0,0.0
2024-02-12 00:00:00-05:00,24.20199966430664,24.23900032043457,24.08300018310547,24.23900032043457,14000,0.0,0.0
2024-02-13 00:00:00-05:00,24.059999465942383,24.142000198364258,24.010000228881836,24.010000228881836,16400,0.0,0.0
2024-02-14 00:00:00-05:00,24.030000686645508,24.218000411987305,24.030000686645508,24.075000762939453,18600,0.0,0.0
2024-02-15 00:00:00-05:00,24.020000457763672,24.170000076293945,24.020000457763672,24.040000915527344,22600,0.0,0.0
2024-02-16 00:00:00-05:00,24.030000686645508,24.128000259399414,23.989999771118164,24.010000228881836,10800,0.0,0.0
2024-02-20 00:00:00-05:00,24.104000091552734,24.218000411987305,24.0,24.049999237060547,11000,0.0,0.0
2024-02-21 00:00:00-05:00,24.170000076293945,24.170000076293945,24.0,24.020000457763672,15700,0.0,0.0
2024-02-22 00:00:00-05:00,24.100000381469727,24.19700050354004,24.0,24.0,31600,0.0,0.0
2024-02-23 00:00:00-05:00,24.049999237060547,24.149999618530273,23.989999771118164,24.020000457763672,6800,0.0,0.0
2024-02-26 00:00:00-05:00,24.020000457763672,24.09000015258789,23.920000076293945,23.920000076293945,8600,0.0,0.0
2024-02-27 00:00:00-05:00,23.920000076293945,24.02899932861328,23.549999237060547,23.579999923706055,82500,0.0,0.0
2024-02-28 00:00:00-05:00,23.549999237060547,23.739999771118164,23.549999237060547,23.729999542236328,27500,0.0,0.0
2024-02-29 00:00:00-05:00,23.780000686645508,23.81999969482422,23.709999084472656,23.81999969482422,23600,0.0,0.0
2024-03-01 00:00:00-05:00,23.90999984741211,23.90999984741211,23.71500015258789,23.8700008392334,19300,0.0,0.0
2024-03-04 00:00:00-05:00,23.959999084472656,23.959999084472656,23.760000228881836,23.889999389648438,14100,0.0,0.0
2024-03-05 00:00:00-05:00,23.889999389648438,23.950000762939453,23.81999969482422,23.950000762939453,12400,0.0,0.0
2024-03-06 00:00:00-05:00,23.881999969482422,23.93000030517578,23.760000228881836,23.889999389648438,63900,0.0,0.0
2024-03-07 00:00:00-05:00,23.950000762939453,23.950000762939453,23.770000457763672,23.84000015258789,21900,0.0,0.0
2024-03-08 00:00:00-05:00,23.8700008392334,23.958999633789062,23.850000381469727,23.899999618530273,24200,0.0,0.0
2024-03-11 00:00:00-04:00,24.059999465942383,24.059999465942383,23.899999618530273,23.950000762939453,25200,0.0,0.0
2024-03-12 00:00:00-04:00,23.899999618530273,24.051000595092773,23.899999618530273,24.01300048828125,10100,0.0,0.0
2024-03-13 00:00:00-04:00,24.079999923706055,24.139999389648438,23.93000030517578,24.128999710083008,31700,0.0,0.0
2024-03-14 00:00:00-04:00,24.1299991607666,24.1299991607666,23.847000122070312,23.899999618530273,23400,0.0,0.0
2024-03-15 00:00:00-04:00,23.989999771118164,23.989999771118164,23.889999389648438,23.950000762939453,15900,0.0,0.0
2024-03-18 00:00:00-04:00,23.899999618530273,24.075000762939453,23.8799991607666,24.0,31100,0.0,0.0
2024-03-19 00:00:00-04:00,24.100000381469727,24.100000381469727,23.959999084472656,24.040000915527344,27100,0.0,0.0
2024-03-20 00:00:00-04:00,24.15999984741211,24.15999984741211,24.0,24.079999923706055,23400,0.0,0.0
2024-03-21 00:00:00-04:00,24.079999923706055,24.239999771118164,23.920000076293945,24.170000076293945,46500,0.0,0.0
2024-03-22 00:00:00-04:00,24.200000762939453,24.239999771118164,24.149999618530273,24.209999084472656,19900,0.0,0.0
2024-03-25 00:00:00-04:00,24.239999771118164,24.239999771118164,24.040000915527344,24.200000762939453,28500,0.0,0.0
2024-03-26 00:00:00-04:00,24.239999771118164,24.239999771118164,24.134000778198242,24.239999771118164,23400,0.0,0.0
2024-03-27 00:00:00-04:00,24.239999771118164,24.239999771118164,24.200000762939453,24.239999771118164,22400,0.0,0.0
2024-03-28 00:00:00-04:00,24.239999771118164,24.239999771118164,24.110000610351562,24.110000610351562,36000,0.0,0.0
2024-04-01 00:00:00-04:00,24.200000762939453,24.200000762939453,24.049999237060547,24.09000015258789,13000,0.0,0.0
2024-04-02 00:00:00-04:00,24.110000610351562,24.209999084472656,24.010000228881836,24.100000381469727,4700,0.0,0.0
2024-04-03 00:00:00-04:00,24.010000228881836,24.09000015258789,23.920000076293945,23.989999771118164,15700,0.0,0.0
2024-04-04 00:00:00-04:00,24.100000381469727,24.100000381469727,23.920000076293945,24.040000915527344,15800,0.0,0.0
2024-04-05 00:00:00-04:00,23.950000762939453,24.110000610351562,23.899999618530273,24.110000610351562,19300,0.0,0.0
2024-04-08 00:00:00-04:00,24.079999923706055,24.084999084472656,24.003999710083008,24.076000213623047,7800,0.0,0.0
2024-04-09 00:00:00-04:00,24.049999237060547,24.149999618530273,24.049999237060547,24.06999969482422,2900,0.0,0.0
2024-04-10 00:00:00-04:00,24.0,24.100000381469727,23.899999618530273,23.954999923706055,13500,0.0,0.0
2024-04-11 00:00:00-04:00,24.079999923706055,24.079999923706055,23.90999984741211,24.049999237060547,14200,0.0,0.0
2024-04-12 00:00:00-04:00,23.959999084472656,24.040000915527344,23.920000076293945,23.959999084472656,4800,0.0,0.0
2024-04-15 00:00:00-04:00,23.950000762939453,24.059999465942383,23.799999237060547,23.898000717163086,18300,0.0,0.0
2024-04-16 00:00:00-04:00,23.81999969482422,23.920000076293945,23.68000030517578,23.81999969482422,9500,0.0,0.0
2024-04-17 00:00:00-04:00,23.790000915527344,23.850000381469727,23.68199920654297,23.829999923706055,13700,0.0,0.0
2024-04-18 00:00:00-04:00,23.829999923706055,23.920000076293945,23.68000030517578,23.850000381469727,12000,0.0,0.0
2024-04-19 00:00:00-04:00,23.8799991607666,23.950000762939453,23.760000228881836,23.850000381469727,13300,0.0,0.0
2024-04-22 00:00:00-04:00,23.940000534057617,24.0,23.729999542236328,23.799999237060547,30000,0.0,0.0
2024-04-23 00:00:00-04:00,23.8799991607666,24.0,23.760000228881836,23.940000534057617,20800,0.0,0.0
2024-04-24 00:00:00-04:00,23.950000762939453,24.0,23.8700008392334,23.910999298095703,13700,0.0,0.0
2024-04-25 00:00:00-04:00,23.90999984741211,23.940000534057617,23.84000015258789,23.8700008392334,17600,0.0,0.0
2024-04-26 00:00:00-04:00,23.969999313354492,23.969999313354492,23.799999237060547,23.969999313354492,9300,0.0,0.0
2024-04-29 00:00:00-04:00,23.979999542236328,24.059999465942383,23.90999984741211,24.020000457763672,7600,0.0,0.0
2024-04-30 00:00:00-04:00,24.1299991607666,24.149999618530273,24.0,24.059999465942383,9600,0.0,0.0
2024-05-01 00:00:00-04:00,24.059999465942383,24.149999618530273,23.993000030517578,24.079999923706055,19700,0.0,0.0
2024-05-02 00:00:00-04:00,23.93000030517578,24.020000457763672,23.90999984741211,23.940000534057617,8700,0.0,0.0
2024-05-03 00:00:00-04:00,24.110000610351562,24.1200008392334,24.030000686645508,24.049999237060547,5200,0.0,0.0
2024-05-06 00:00:00-04:00,24.239999771118164,24.239999771118164,24.100000381469727,24.1200008392334,22200,0.0,0.0
2024-05-07 00:00:00-04:00,24.450000762939453,24.450000762939453,24.2450008392334,24.31999969482422,32700,0.0,0.0
2024-05-08 00:00:00-04:00,24.399999618530273,24.690000534057617,24.333999633789062,24.639999389648438,50800,0.0,0.0
2024-05-09 00:00:00-04:00,24.780000686645508,24.780000686645508,24.38599967956543,24.65999984741211,30600,0.0,0.0
2024-05-10 00:00:00-04:00,24.729999542236328,24.729999542236328,24.65999984741211,24.700000762939453,6400,0.0,0.0
2024-05-13 00:00:00-04:00,24.889999389648438,24.889999389648438,24.65999984741211,24.709999084472656,22100,0.0,0.0
2024-05-14 00:00:00-04:00,24.780000686645508,24.81999969482422,24.479999542236328,24.700000762939453,23400,0.0,0.0
2024-05-15 00:00:00-04:00,24.899999618530273,24.899999618530273,24.700000762939453,24.719999313354492,5400,0.0,0.0
2024-05-16 00:00:00-04:00,24.84000015258789,25.049999237060547,24.795000076293945,24.950000762939453,35000,0.0,0.0
2024-05-17 00:00:00-04:00,25.0,25.0,24.8700008392334,24.8700008392334,5100,0.0,0.0
2024-05-20 00:00:00-04:00,24.989999771118164,25.0,24.8700008392334,24.8799991607666,11500,0.0,0.0
2024-05-21 00:00:00-04:00,24.989999771118164,24.989999771118164,24.809999465942383,24.8799991607666,11700,0.0,0.0
2024-05-22 00:00:00-04:00,24.959999084472656,24.959999084472656,24.700000762939453,24.84000015258789,10100,0.0,0.0
2024-05-23 00:00:00-04:00,24.940000534057617,24.969999313354492,24.700000762939453,24.729999542236328,3900,0.0,0.0
2024-05-24 00:00:00-04:00,24.799999237060547,24.969999313354492,24.209999084472656,24.450000762939453,21000,0.0,0.0
2024-05-28 00:00:00-04:00,24.389999389648438,24.506000518798828,24.139999389648438,24.139999389648438,20100,0.0,0.0
2024-05-29 00:00:00-04:00,24.020000457763672,24.639999389648438,23.90999984741211,24.051000595092773,20300,0.0,0.0
2024-05-30 00:00:00-04:00,24.1299991607666,24.416000366210938,24.049999237060547,24.1299991607666,24800,0.0,0.0
2024-05-31 00:00:00-04:00,24.1299991607666,24.329999923706055,24.1299991607666,24.280000686645508,6700,0.0,0.0
2024-06-03 00:00:00-04:00,24.389999389648438,24.389999389648438,24.219999313354492,24.280000686645508,10900,0.0,0.0
2024-06-04 00:00:00-04:00,24.600000381469727,24.600000381469727,24.31999969482422,24.450000762939453,12200,0.0,0.0
2024-06-05 00:00:00-04:00,24.549999237060547,24.549999237060547,24.399999618530273,24.479999542236328,11900,0.0,0.0
2024-06-06 00:00:00-04:00,24.5,24.5,24.25,24.309999465942383,32500,0.0,0.0
2024-06-07 00:00:00-04:00,24.219999313354492,24.219999313354492,24.110000610351562,24.200000762939453,10400,0.0,0.0
2024-06-10 00:00:00-04:00,24.190000534057617,24.420000076293945,24.170000076293945,24.290000915527344,16700,0.0,0.0
2024-06-11 00:00:00-04:00,24.360000610351562,24.3700008392334,24.121000289916992,24.299999237060547,16300,0.0,0.0
2024-06-12 00:00:00-04:00,24.479999542236328,24.600000381469727,24.33300018310547,24.5,20100,0.0,0.0
2024-06-13 00:00:00-04:00,24.59000015258789,24.597999572753906,24.440000534057617,24.479999542236328,16200,0.0,0.0
2024-06-14 00:00:00-04:00,24.520000457763672,24.610000610351562,24.299999237060547,24.420000076293945,12000,0.0,0.0
2024-06-17 00:00:00-04:00,24.420000076293945,24.440000534057617,24.260000228881836,24.3799991607666,18100,0.0,0.0
2024-06-18 00:00:00-04:00,24.479999542236328,24.610000610351562,24.389999389648438,24.489999771118164,15400,0.0,0.0
2024-06-20 00:00:00-04:00,24.59000015258789,24.610000610351562,24.389999389648438,24.440000534057617,14400,0.0,0.0
2024-06-21 00:00:00-04:00,24.520000457763672,24.549999237060547,24.360000610351562,24.40999984741211,10200,0.0,0.0
2024-06-24 00:00:00-04:00,24.530000686645508,24.790000915527344,24.25,24.520000457763672,34100,0.0,0.0
2024-06-25 00:00:00-04:00,24.649999618530273,24.75,24.429000854492188,24.575000762939453,15800,0.0,0.0
2024-06-26 00:00:00-04:00,24.600000381469727,24.68899917602539,24.389999389648438,24.670000076293945,16200,0.0,0.0
2024-06-27 00:00:00-04:00,24.770000457763672,24.790000915527344,24.600000381469727,24.700000762939453,16000,0.0,0.0
2024-06-28 00:00:00-04:00,24.790000915527344,24.850000381469727,24.700000762939453,24.700000762939453,17800,0.0,0.0
2024-07-01 00:00:00-04:00,24.739999771118164,24.739999771118164,24.3799991607666,24.459999084472656,24100,0.0,0.0
2024-07-02 00:00:00-04:00,24.610000610351562,24.610000610351562,24.350000381469727,24.540000915527344,14800,0.0,0.0
2024-07-03 00:00:00-04:00,24.469999313354492,24.600000381469727,24.469999313354492,24.559999465942383,4600,0.0,0.0
2024-07-05 00:00:00-04:00,24.600000381469727,24.6299991607666,24.5,24.6200008392334,9100,0.0,0.0
2024-07-08 00:00:00-04:00,24.6200008392334,24.6200008392334,24.50200080871582,24.559999465942383,12400,0.0,0.0
2024-07-09 00:00:00-04:00,24.639999389648438,24.639999389648438,24.579999923706055,24.6200008392334,5100,0.0,0.0
2024-07-10 00:00:00-04:00,24.639999389648438,24.75,24.61400032043457,24.68000030517578,7400,0.0,0.0
2024-07-11 00:00:00-04:00,24.75,24.8799991607666,24.709999084472656,24.760000228881836,16400,0.0,0.0
2024-07-12 00:00:00-04:00,24.889999389648438,24.889999389648438,24.799999237060547,24.815000534057617,2100,0.0,0.0
2024-07-15 00:00:00-04:00,24.829999923706055,24.889999389648438,24.719999313354492,24.761999130249023,11000,0.0,0.0
2024-07-16 00:00:00-04:00,24.969999313354492,24.969999313354492,24.809999465942383,24.809999465942383,13300,0.0,0.0
2024-07-17 00:00:00-04:00,24.920000076293945,24.920000076293945,24.799999237060547,24.829999923706055,42600,0.0,0.0
2024-07-18 00:00:00-04:00,24.899999618530273,24.954999923706055,24.735000610351562,24.739999771118164,48300,0.0,0.0
2024-07-19 00:00:00-04:00,24.829999923706055,24.929000854492188,24.450000762939453,24.5,23600,0.0,0.0
2024-07-22 00:00:00-04:00,24.75,24.8799991607666,24.700000762939453,24.708999633789062,27400,0.0,0.0
2024-07-23 00:00:00-04:00,24.850000381469727,24.850000381469727,24.709999084472656,24.774999618530273,4700,0.0,0.0
2024-07-24 00:00:00-04:00,24.84000015258789,24.860000610351562,24.65999984741211,24.850000381469727,24200,0.0,0.0
2024-07-25 00:00:00-04:00,24.920000076293945,24.920000076293945,24.649999618530273,24.790000915527344,75300,0.0,0.0
2024-07-26 00:00:00-04:00,24.899999618530273,24.899999618530273,24.829999923706055,24.899999618530273,8000,0.0,0.0
2024-07-29 00:00:00-04:00,24.899999618530273,25.100000381469727,24.760000228881836,24.760000228881836,20100,0.0,0.0
2024-07-30 00:00:00-04:00,24.829999923706055,24.920000076293945,24.719999313354492,24.81999969482422,11500,0.0,0.0
2024-07-31 00:00:00-04:00,24.899999618530273,25.049999237060547,24.790000915527344,24.81999969482422,14500,0.0,0.0
2024-08-01 00:00:00-04:00,25.040000915527344,25.040000915527344,24.760000228881836,24.875,34300,0.0,0.0
2024-08-02 00:00:00-04:00,24.959999084472656,24.97800064086914,24.690000534057617,24.829999923706055,26900,0.0,0.0
2024-08-05 00:00:00-04:00,24.84000015258789,24.84000015258789,24.600000381469727,24.639999389648438,29300,0.0,0.0
2024-08-06 00:00:00-04:00,24.700000762939453,24.950000762939453,24.540000915527344,24.610000610351562,21500,0.0,0.0
2024-08-07 00:00:00-04:00,24.639999389648438,24.950000762939453,24.639999389648438,24.799999237060547,6500,0.0,0.0
2024-08-08 00:00:00-04:00,24.889999389648438,24.940000534057617,24.75,24.920000076293945,14800,0.0,0.0
2024-08-09 00:00:00-04:00,24.860000610351562,24.940000534057617,24.834999084472656,24.940000534057617,9700,0.0,0.0
2024-08-12 00:00:00-04:00,24.860000610351562,24.940000534057617,24.770000457763672,24.899999618530273,17300,0.0,0.0
2024-08-13 00:00:00-04:00,24.889999389648438,24.950000762939453,24.829999923706055,24.899999618530273,16600,0.0,0.0
2024-08-14 00:00:00-04:00,25.010000228881836,25.020000457763672,24.809999465942383,24.895000457763672,12000,0.0,0.0
2024-08-15 00:00:00-04:00,24.920000076293945,24.95800018310547,24.655000686645508,24.719999313354492,21400,0.0,0.0
2024-08-16 00:00:00-04:00,25.049999237060547,25.121999740600586,24.850000381469727,24.860000610351562,20900,0.0,0.0
2024-08-19 00:00:00-04:00,24.959999084472656,25.059999465942383,24.799999237060547,25.0,13400,0.0,0.0
2024-08-20 00:00:00-04:00,25.09000015258789,25.100000381469727,24.90999984741211,24.969999313354492,13100,0.0,0.0
2024-08-21 00:00:00-04:00,24.959999084472656,25.0,24.899999618530273,24.969999313354492,5900,0.0,0.0
2024-08-22 00:00:00-04:00,24.950000762939453,25.25,24.950000762939453,25.229999542236328,26000,0.0,0.0
2024-08-23 00:00:00-04:00,25.264999389648438,25.264999389648438,25.0,25.040000915527344,14700,0.0,0.0
2024-08-26 00:00:00-04:00,25.190000534057617,25.190000534057617,25.049999237060547,25.06999969482422,19700,0.0,0.0
2024-08-27 00:00:00-04:00,25.06999969482422,25.209999084472656,25.020000457763672,25.06999969482422,7200,0.0,0.0
2024-08-28 00:00:00-04:00,25.100000381469727,25.309999465942383,25.06999969482422,25.309999465942383,9000,0.0,0.0
2024-08-29 00:00:00-04:00,25.399999618530273,25.399999618530273,25.15999984741211,25.25,7300,0.0,0.0
2024-08-30 00:00:00-04:00,25.34000015258789,25.450000762939453,25.049999237060547,25.049999237060547,18000,0.0,0.0
2024-09-03 00:00:00-04:00,25.149999618530273,25.201000213623047,25.020000457763672,25.040000915527344,12800,0.0,0.0
2024-09-04 00:00:00-04:00,25.020000457763672,25.270000457763672,25.0,25.079999923706055,23900,0.0,0.0
2024-09-05 00:00:00-04:00,25.020000457763672,25.299999237060547,24.920000076293945,25.010000228881836,17500,0.0,0.0
2024-09-06 00:00:00-04:00,25.0,25.09000015258789,24.969999313354492,24.989999771118164,10300,0.0,0.0
2024-09-09 00:00:00-04:00,24.989999771118164,25.138999938964844,24.979999542236328,25.06999969482422,7800,0.0,0.0
2024-09-10 00:00:00-04:00,25.020000457763672,25.104999542236328,25.01099967956543,25.030000686645508,3800,0.0,0.0
2024-09-11 00:00:00-04:00,25.0,25.1200008392334,24.989999771118164,25.049999237060547,9400,0.0,0.0
2024-09-12 00:00:00-04:00,25.049999237060547,25.18000030517578,25.040000915527344,25.06999969482422,19000,0.0,0.0
2024-09-13 00:00:00-04:00,25.020000457763672,25.18000030517578,25.01099967956543,25.100000381469727,5100,0.0,0.0
2024-09-16 00:00:00-04:00,25.100000381469727,25.18000030517578,25.049999237060547,25.110000610351562,17500,0.0,0.0
2024-09-17 00:00:00-04:00,25.190000534057617,25.270000457763672,25.086000442504883,25.211999893188477,12100,0.0,0.0
2024-09-18 00:00:00-04:00,25.285999298095703,25.299999237060547,25.059999465942383,25.097000122070312,17300,0.0,0.0
2024-09-19 00:00:00-04:00,25.229999542236328,25.399999618530273,25.1200008392334,25.200000762939453,11300,0.0,0.0
2024-09-20 00:00:00-04:00,25.170000076293945,25.297000885009766,25.09000015258789,25.149999618530273,6800,0.0,0.0
2024-09-23 00:00:00-04:00,25.049999237060547,25.239999771118164,25.049999237060547,25.139999389648438,11200,0.0,0.0
2024-09-24 00:00:00-04:00,25.25,25.25,25.200000762939453,25.229999542236328,4300,0.0,0.0
2024-09-25 00:00:00-04:00,25.170000076293945,25.3700008392334,25.170000076293945,25.190000534057617,17600,0.0,0.0
2024-09-26 00:00:00-04:00,25.31999969482422,25.399999618530273,25.31999969482422,25.399999618530273,3800,0.0,0.0
2024-09-27 00:00:00-04:00,25.360000610351562,25.6200008392334,25.190000534057617,25.190000534057617,9000,0.0,0.0
2024-09-30 00:00:00-04:00,25.170000076293945,25.628999710083008,25.170000076293945,25.56999969482422,25200,0.0,0.0
2024-10-01 00:00:00-04:00,25.829999923706055,26.139999389648438,25.200000762939453,25.209999084472656,62200,0.0,0.0
2024-10-02 00:00:00-04:00,25.43000030517578,25.709999084472656,25.30900001525879,25.30900001525879,15700,0.0,0.0
2024-10-03 00:00:00-04:00,25.299999237060547,25.56999969482422,25.239999771118164,25.25,16800,0.0,0.0
2024-10-04 00:00:00-04:00,25.239999771118164,25.329999923706055,25.15999984741211,25.274999618530273,7500,0.0,0.0
2024-10-07 00:00:00-04:00,25.219999313354492,25.299999237060547,25.190000534057617,25.190000534057617,10300,0.0,0.0
2024-10-08 00:00:00-04:00,25.399999618530273,25.40999984741211,25.15999984741211,25.395000457763672,23300,0.0,0.0
2024-10-09 00:00:00-04:00,25.389999389648438,25.559999465942383,25.200000762939453,25.34000015258789,7200,0.0,0.0
2024-10-10 00:00:00-04:00,25.309999465942383,25.309999465942383,25.079999923706055,25.200000762939453,21700,0.0,0.0
2024-10-11 00:00:00-04:00,25.34000015258789,25.34000015258789,25.139999389648438,25.139999389648438,5000,0.0,0.0
2024-10-14 00:00:00-04:00,25.280000686645508,25.280000686645508,25.059999465942383,25.079999923706055,24100,0.0,0.0
2024-10-15 00:00:00-04:00,25.030000686645508,25.110000610351562,25.0,25.06999969482422,5600,0.0,0.0
2024-10-16 00:00:00-04:00,25.18000030517578,25.18000030517578,25.010000228881836,25.024999618530273,7900,0.0,0.0
2024-10-17 00:00:00-04:00,25.003999710083008,25.34000015258789,25.003999710083008,25.04800033569336,15300,0.0,0.0
2024-10-18 00:00:00-04:00,25.639999389648438,25.639999389648438,25.1299991607666,25.224000930786133,6500,0.0,0.0
2024-10-21 00:00:00-04:00,25.309999465942383,25.309999465942383,25.06999969482422,25.290000915527344,8000,0.0,0.0
2024-10-22 00:00:00-04:00,25.3700008392334,25.541000366210938,25.209999084472656,25.31999969482422,5300,0.0,0.0
2024-10-23 00:00:00-04:00,25.219999313354492,25.219999313354492,25.010000228881836,25.049999237060547,13500,0.0,0.0
2024-10-24 00:00:00-04:00,25.229999542236328,25.229999542236328,24.5,24.610000610351562,31500,0.0,0.0
2024-10-25 00:00:00-04:00,24.770000457763672,24.920000076293945,24.68000030517578,24.729999542236328,5200,0.0,0.0
2024-10-28 00:00:00-04:00,24.700000762939453,24.889999389648438,24.700000762939453,24.729999542236328,7700,0.0,0.0
2024-10-29 00:00:00-04:00,24.729999542236328,24.760000228881836,24.68000030517578,24.719999313354492,4500,0.0,0.0
2024-10-30 00:00:00-04:00,24.729999542236328,25.010000228881836,24.579999923706055,25.010000228881836,16300,0.0,0.0
2024-10-31 00:00:00-04:00,25.0,25.049999237060547,24.549999237060547,24.875,11200,0.0,0.0
2024-11-01 00:00:00-04:00,25.049999237060547,25.049999237060547,24.76799964904785,24.975000381469727,3300,0.0,0.0
2024-11-04 00:00:00-05:00,25.100000381469727,25.200000762939453,24.729999542236328,25.17799949645996,12500,0.0,0.0
2024-11-05 00:00:00-05:00,25.149999618530273,25.163999557495117,24.985000610351562,25.155000686645508,10200,0.0,0.0
2024-11-06 00:00:00-05:00,25.0,25.06599998474121,24.75,25.020000457763672,9100,0.0,0.0
2024-11-07 00:00:00-05:00,25.079999923706055,25.200000762939453,24.860000610351562,24.93000030517578,8600,0.0,0.0
2024-11-08 00:00:00-05:00,25.149999618530273,25.173999786376953,25.06999969482422,25.114999771118164,1600,0.0,0.0
2024-11-11 00:00:00-05:00,25.270000457763672,25.360000610351562,25.049999237060547,25.110000610351562,16300,0.0,0.0
2024-11-12 00:00:00-05:00,25.100000381469727,25.260000228881836,25.049999237060547,25.15999984741211,5500,0.0,0.0
2024-11-13 00:00:00-05:00,25.239999771118164,25.239999771118164,25.049999237060547,25.06999969482422,11400,0.0,0.0
2024-11-14 00:00:00-05:00,25.225000381469727,25.350000381469727,25.100000381469727,25.229999542236328,17800,0.0,0.0
2024-11-15 00:00:00-05:00,25.299999237060547,25.299999237060547,25.149999618530273,25.149999618530273,1800,0.0,0.0
2024-11-18 00:00:00-05:00,25.309999465942383,25.309999465942383,25.049999237060547,25.15999984741211,10700,0.0,0.0
2024-11-19 00:00:00-05:00,25.200000762939453,25.200000762939453,24.979999542236328,25.110000610351562,19500,0.0,0.0
2024-11-20 00:00:00-05:00,25.128000259399414,25.325000762939453,25.059999465942383,25.299999237060547,15100,0.0,0.0
2024-11-21 00:00:00-05:00,25.187000274658203,25.360000610351562,25.187000274658203,25.319000244140625,7900,0.0,0.0
2024-11-22 00:00:00-05:00,25.18000030517578,25.18000030517578,25.09000015258789,25.100000381469727,10600,0.0,0.0
2024-11-25 00:00:00-05:00,25.479999542236328,25.479999542236328,25.0,25.139999389648438,33500,0.0,0.0
2024-11-26 00:00:00-05:00,25.329999923706055,25.459999084472656,25.209999084472656,25.290000915527344,15800,0.0,0.0
2024-11-27 00:00:00-05:00,25.43000030517578,25.6200008392334,25.18000030517578,25.600000381469727,27800,0.0,0.0
2024-11-29 00:00:00-05:00,25.469999313354492,25.889999389648438,25.469999313354492,25.709999084472656,8700,0.0,0.0
2024-12-02 00:00:00-05:00,25.850000381469727,25.850000381469727,25.559999465942383,25.770000457763672,5300,0.0,0.0
2024-12-03 00:00:00-05:00,25.8799991607666,25.8799991607666,25.510000228881836,25.649999618530273,14600,0.0,0.0
2024-12-04 00:00:00-05:00,25.709999084472656,25.799999237060547,25.520000457763672,25.565000534057617,7100,0.0,0.0
2024-12-05 00:00:00-05:00,25.5,25.790000915527344,25.479999542236328,25.600000381469727,5700,0.0,0.0
2024-12-06 00:00:00-05:00,25.579999923706055,25.579999923706055,25.450000762939453,25.579999923706055,400,0.0,0.0
2024-12-09 00:00:00-05:00,25.600000381469727,25.770000457763672,25.450000762939453,25.600000381469727,14900,0.0,0.0
2024-12-10 00:00:00-05:00,25.780000686645508,25.799999237060547,25.350000381469727,25.399999618530273,19200,0.0,0.0
2024-12-11 00:00:00-05:00,25.600000381469727,25.600000381469727,25.43000030517578,25.459999084472656,6800,0.0,0.0
2024-12-12 00:00:00-05:00,25.459999084472656,25.459999084472656,25.260000228881836,25.354999542236328,8400,0.0,0.0
2024-12-13 00:00:00-05:00,25.350000381469727,25.59000015258789,25.25,25.399999618530273,15300,0.0,0.0
2024-12-16 00:00:00-05:00,25.56599998474121,25.59000015258789,25.149999618530273,25.329999923706055,9900,0.0,0.0
2024-12-17 00:00:00-05:00,25.15999984741211,25.600000381469727,25.15999984741211,25.190000534057617,15900,0.0,0.0
2024-12-18 00:00:00-05:00,25.149999618530273,25.329999923706055,25.049999237060547,25.06999969482422,11600,0.0,0.0
2024-12-19 00:00:00-05:00,25.030000686645508,25.1200008392334,24.860000610351562,25.059999465942383,18600,0.0,0.0
2024-12-20 00:00:00-05:00,25.075000762939453,25.149999618530273,25.02400016784668,25.149999618530273,2700,0.0,0.0
2024-12-23 00:00:00-05:00,25.1299991607666,25.180999755859375,25.100000381469727,25.110000610351562,10100,0.0,0.0
2024-12-24 00:00:00-05:00,25.299999237060547,25.549999237060547,25.2189998626709,25.325000762939453,32800,0.0,0.0
2024-12-26 00:00:00-05:00,25.25,25.68000030517578,25.229999542236328,25.625999450683594,16900,0.0,0.0
2024-12-27 00:00:00-05:00,25.670000076293945,25.700000762939453,25.44099998474121,25.65999984741211,15100,0.0,0.0
2024-12-30 00:00:00-05:00,25.700000762939453,25.790000915527344,25.450000762939453,25.459999084472656,30100,0.0,0.0
2024-12-31 00:00:00-05:00,25.459999084472656,25.899999618530273,25.459999084472656,25.59000015258789,30500,0.0,0.0
2025-01-02 00:00:00-05:00,25.59000015258789,25.739999771118164,25.479999542236328,25.549999237060547,14500,0.0,0.0
2025-01-03 00:00:00-05:00,25.739999771118164,25.739999771118164,25.510000228881836,25.559999465942383,14400,0.0,0.0
