Date,Open,High,Low,Close,Volume,Dividends,Stock Splits
2006-12-22 00:00:00-05:00,7.2665443420410165,7.339209785461426,7.2665443420410165,7.266544342041016,255800,0.0,0.0
2006-12-26 00:00:00-05:00,7.281076185359305,7.289796236925449,7.266543320475657,7.286889553070068,46100,0.0,0.0
2006-12-27 00:00:00-05:00,7.266539690582449,7.283979230609813,7.266539690582449,7.26944637298584,121400,0.0,0.0
2006-12-28 00:00:00-05:00,7.2781645819521055,7.281070709228515,7.266537855275102,7.281070709228516,52800,0.0,0.0
2006-12-29 00:00:00-05:00,7.281070709228515,7.281070709228515,7.266537855275102,7.281070709228516,38400,0.0,0.0
2007-01-03 00:00:00-05:00,7.272357710569049,7.281077208967764,7.2665443420410165,7.266544342041016,73800,0.0,0.0
2007-01-04 00:00:00-05:00,7.2665443420410165,7.278171079097083,7.2665443420410165,7.266544342041016,62600,0.0,0.0
2007-01-05 00:00:00-05:00,7.2665443420410165,7.275264394833067,7.2665443420410165,7.266544342041016,42100,0.0,0.0
2007-01-08 00:00:00-05:00,7.2665443420410165,7.272357710569049,7.2665443420410165,7.266544342041016,66200,0.0,0.0
2007-01-09 00:00:00-05:00,7.269443629972697,7.272350311279297,7.266536948666098,7.272350311279297,34900,0.0,0.0
2007-01-10 00:00:00-05:00,7.266536948666098,7.272350311279297,7.266536948666098,7.272350311279297,41300,0.0,0.0
2007-01-11 00:00:00-05:00,7.272357710569049,7.272357710569049,7.2665443420410165,7.266544342041016,54100,0.0,0.0
2007-01-12 00:00:00-05:00,7.269451026305033,7.272357710569049,7.2665443420410165,7.266544342041016,31600,0.0,0.0
2007-01-16 00:00:00-05:00,7.272350311279297,7.272350311279297,7.266536948666098,7.272350311279297,46100,0.0,0.0
2007-01-17 00:00:00-05:00,7.2665443420410165,7.272357710569049,7.2665443420410165,7.266544342041016,77600,0.0,0.0
2007-01-18 00:00:00-05:00,7.269451026305033,7.272357710569049,7.2665443420410165,7.266544342041016,52700,0.0,0.0
2007-01-19 00:00:00-05:00,7.2665443420410165,7.269451026305033,7.2665443420410165,7.266544342041016,63900,0.0,0.0
2007-01-22 00:00:00-05:00,7.2665443420410165,7.269451026305033,7.2665443420410165,7.266544342041016,168400,0.0,0.0
2007-01-23 00:00:00-05:00,7.2665443420410165,7.269451026305033,7.2665443420410165,7.266544342041016,87100,0.0,0.0
2007-01-24 00:00:00-05:00,7.269451026305033,7.269451026305033,7.2665443420410165,7.266544342041016,70600,0.0,0.0
2007-01-25 00:00:00-05:00,7.2665443420410165,7.269451026305033,7.252011475114268,7.266544342041016,73600,0.0,0.0
2007-01-26 00:00:00-05:00,7.269451026305033,7.269451026305033,7.2665443420410165,7.266544342041016,60200,0.0,0.0
2007-01-29 00:00:00-05:00,7.2665443420410165,7.269451026305033,7.2665443420410165,7.266544342041016,288300,0.0,0.0
2007-01-30 00:00:00-05:00,7.2665443420410165,7.269451026305033,7.2665443420410165,7.266544342041016,88800,0.0,0.0
2007-01-31 00:00:00-05:00,7.269451026305033,7.269451026305033,7.2665443420410165,7.266544342041016,108700,0.0,0.0
2007-02-01 00:00:00-05:00,7.2665443420410165,7.269451026305033,7.2665443420410165,7.266544342041016,83300,0.0,0.0
2007-02-02 00:00:00-05:00,7.2665443420410165,7.281077208967764,7.2665443420410165,7.266544342041016,106800,0.0,0.0
2007-02-05 00:00:00-05:00,7.2665443420410165,7.295610630287848,7.2665443420410165,7.266544342041016,71300,0.0,0.0
2007-02-06 00:00:00-05:00,7.2665443420410165,7.269451026305033,7.2665443420410165,7.266544342041016,79500,0.0,0.0
2007-02-07 00:00:00-05:00,7.266539754526969,7.2694464369559375,7.071796466929926,7.10667610168457,121200,0.0,0.0
2007-02-08 00:00:00-05:00,7.106678890697325,7.109585019873817,7.0194800467860645,7.036919593811035,107700,0.0,0.0
2007-02-09 00:00:00-05:00,7.036913540091518,7.0456335832989225,6.975874900817871,6.975874900817871,63700,0.0,0.0
2007-02-12 00:00:00-05:00,6.964252466298156,7.007852154798464,6.8944937408479605,6.93228006362915,88600,0.0,0.0
2007-02-13 00:00:00-05:00,6.93228362177268,6.93228362177268,6.685220995830702,6.891590595245361,203800,0.0,0.0
2007-02-14 00:00:00-05:00,6.836358123544258,6.972968819180984,6.836358123544258,6.967155456542969,108500,0.0,0.0
2007-02-15 00:00:00-05:00,6.967158425377614,6.967158425377614,6.874146801106491,6.9380927085876465,122200,0.0,0.0
2007-02-16 00:00:00-05:00,6.961342648297728,6.967155456542969,6.914836855979149,6.967155456542969,99300,0.0,0.0
2007-02-20 00:00:00-05:00,6.972972698568957,6.975879381505087,6.8799610621851155,6.946813106536865,126500,0.0,0.0
2007-02-21 00:00:00-05:00,6.946808948330853,7.004941463470458,6.92355605315356,7.004941463470459,144800,0.0,0.0
2007-02-22 00:00:00-05:00,7.003776019071299,7.06228676081652,6.951115960897024,6.9920735359191895,145900,0.156,0.0
2007-02-23 00:00:00-05:00,7.047656590554371,7.06228413104256,6.954038992218199,7.027177810668945,106600,0.0,0.0
2007-02-26 00:00:00-05:00,7.100317791545238,7.112019714250584,6.892603222976664,6.986220836639404,158200,0.0,0.0
2007-02-27 00:00:00-05:00,6.948190445296908,6.986222400106808,6.834094022862091,6.913083553314209,136500,0.0,0.0
2007-02-28 00:00:00-05:00,6.892604251086608,7.047658795596782,6.875051085407839,6.971594333648682,105900,0.0,0.0
2007-03-01 00:00:00-05:00,6.992071742782094,7.000848602895324,6.81946406658998,6.983295440673828,102800,0.0,0.0
2007-03-02 00:00:00-05:00,7.006699385701036,7.033029406317418,6.880900522312748,6.892602443695068,70300,0.0,0.0
2007-03-05 00:00:00-05:00,6.831172689020551,6.983301719740926,6.81947019834723,6.924790382385254,107100,0.0,0.0
2007-03-06 00:00:00-05:00,6.959889118611108,7.015474209981148,6.877973454164212,6.918931007385254,85100,0.0,0.0
2007-03-07 00:00:00-05:00,6.889674339202084,7.079835654631879,6.875046803248128,7.050580024719238,73400,0.0,0.0
2007-03-08 00:00:00-05:00,7.076913896181853,7.094467060502512,6.9832962757982955,7.024253845214844,56000,0.0,0.0
2007-03-09 00:00:00-05:00,7.0213263478179915,7.076912004312918,7.0213263478179915,7.0301032066345215,37700,0.0,0.0
2007-03-12 00:00:00-04:00,7.000850078369226,7.07106330005806,6.986221975097541,7.041807651519775,58900,0.0,0.0
2007-03-13 00:00:00-04:00,7.081852838662659,7.114244030321093,6.946399785627425,6.9581780433654785,70300,0.156,0.0
2007-03-14 00:00:00-04:00,6.92578708217792,7.061240128736123,6.92578708217792,6.949344158172607,76900,0.0,0.0
2007-03-15 00:00:00-04:00,6.916952727503036,7.002347476042012,6.878672690959858,6.946399211883545,93300,0.0,0.0
2007-03-16 00:00:00-04:00,6.946400655421878,6.975847145921691,6.872784709994893,6.884562969207764,79400,0.0,0.0
2007-03-19 00:00:00-04:00,6.816837409008453,6.905176893140319,6.810947997737295,6.834505081176758,150900,0.0,0.0
2007-03-20 00:00:00-04:00,6.843337916742331,6.899286190052285,6.775611384740584,6.831559658050537,151800,0.0,0.0
2007-03-21 00:00:00-04:00,6.831560686306364,6.914010194494051,6.746165910946088,6.905176639556885,159400,0.0,0.0
2007-03-22 00:00:00-04:00,6.890457869505575,6.94346148230605,6.816841865426144,6.8992919921875,112600,0.0,0.0
2007-03-23 00:00:00-04:00,6.916954786322514,6.916954786322514,6.82861586853204,6.869840621948242,101300,0.0,0.0
2007-03-26 00:00:00-04:00,6.831556529665823,6.869836554940858,6.787386535274494,6.810943603515625,132700,0.0,0.0
2007-03-27 00:00:00-04:00,6.796226268143134,6.872786943667012,6.787392149628554,6.805060386657715,167700,0.0,0.0
2007-03-28 00:00:00-04:00,6.808005663434266,6.831562753135617,6.749112658358229,6.822728633880615,93300,0.0,0.0
2007-03-29 00:00:00-04:00,6.852175755868187,6.931681151414678,6.82861866403723,6.919902324676514,78000,0.0,0.0
2007-03-30 00:00:00-04:00,6.875726783225971,6.981733322143555,6.849225008085356,6.981733322143555,101100,0.0,0.0
2007-04-02 00:00:00-04:00,6.990578821461985,6.990578821461985,6.869848565448729,6.896350383758545,92100,0.0,0.0
2007-04-03 00:00:00-04:00,6.89633729345375,6.98762084900306,6.866890822153891,6.955230236053467,80200,0.0,0.0
2007-04-04 00:00:00-04:00,6.955238724492138,6.99646349763739,6.893401003128848,6.925792217254639,101100,0.0,0.0
2007-04-05 00:00:00-04:00,6.931683213709022,6.946406189866693,6.85512250206895,6.8992919921875,112800,0.0,0.0
2007-04-09 00:00:00-04:00,6.87572775850433,6.975845465093297,6.87572775850433,6.89339542388916,110500,0.0,0.0
2007-04-10 00:00:00-04:00,6.8757327086820865,6.958182247600741,6.8757327086820865,6.952293395996094,88600,0.0,0.0
2007-04-11 00:00:00-04:00,6.9228427085062965,6.981735120486607,6.902230336230937,6.9581780433654785,115800,0.0,0.0
2007-04-12 00:00:00-04:00,6.927354371110192,6.977745929916938,6.906604440113924,6.921425819396973,118200,0.156,0.0
2007-04-13 00:00:00-04:00,6.9066003728476915,6.948099645023682,6.882886745337474,6.942171096801758,146700,0.0,0.0
2007-04-16 00:00:00-04:00,6.962920450201014,6.992562625933156,6.915493195180577,6.942171096801758,191900,0.0,0.0
2007-04-17 00:00:00-04:00,6.942173901733413,6.942173901733413,6.879925251007081,6.87992525100708,152500,0.0,0.0
2007-04-18 00:00:00-04:00,6.853244615923357,6.89177904569234,6.847316068150457,6.856208324432373,176600,0.0,0.0
2007-04-19 00:00:00-04:00,6.847317186427329,6.8888158968601685,6.82656783121091,6.853245735168457,147800,0.0,0.0
2007-04-20 00:00:00-04:00,6.882885942697659,6.8917787639935195,6.811745068463016,6.847315788269043,191500,0.0,0.0
2007-04-23 00:00:00-04:00,6.826564174677364,6.853242064345352,6.788029193878173,6.788029193878174,212400,0.0,0.0
2007-04-24 00:00:00-04:00,6.788037279930964,6.83842884651163,6.788037279930964,6.805822372436523,205900,0.0,0.0
2007-04-25 00:00:00-04:00,6.811748643201469,6.859175917580596,6.788035006011905,6.84435510635376,188000,0.0,0.0
2007-04-26 00:00:00-04:00,6.832497286596884,6.856210921292834,6.805819376891734,6.829533576965332,154500,0.0,0.0
2007-04-27 00:00:00-04:00,6.853246192593069,6.903637729501017,6.847317643456236,6.8888163566589355,115800,0.0,0.0
2007-04-30 00:00:00-04:00,6.903637162188178,6.96292095255211,6.862137887018157,6.954028129577637,211800,0.0,0.0
2007-05-01 00:00:00-04:00,6.948103172046654,6.97774536282588,6.909568154420332,6.9510674476623535,149700,0.0,0.0
2007-05-02 00:00:00-04:00,6.951067635637592,7.042957920698159,6.951067635637592,6.989602088928223,190600,0.0,0.0
2007-05-03 00:00:00-04:00,6.989601917426288,7.066671387494299,6.965888277819037,7.048886299133301,126700,0.0,0.0
2007-05-04 00:00:00-04:00,7.057779330107166,7.072600709838719,7.031101411968197,7.039994239807129,119900,0.0,0.0
2007-05-07 00:00:00-04:00,7.0548142850017905,7.078527924609042,7.042957747887047,7.048886299133301,86700,0.0,0.0
2007-05-08 00:00:00-04:00,7.0696384328073245,7.0696384328073245,6.9836761021922555,6.998497486114502,103500,0.0,0.0
2007-05-09 00:00:00-04:00,7.010350826666009,7.060742378234863,6.992565739458687,7.060742378234863,115700,0.0,0.0
2007-05-10 00:00:00-04:00,7.001458140429263,7.0696347750638715,6.974780228550036,7.0370283126831055,156700,0.0,0.0
2007-05-11 00:00:00-04:00,7.080593866345449,7.080593866345449,6.964225246897808,6.979144096374512,201000,0.156,0.0
2007-05-14 00:00:00-04:00,6.997043651136906,7.000026964140311,6.904545012746341,6.916480541229248,206200,0.0,0.0
2007-05-15 00:00:00-04:00,6.958253754807615,6.964221519050889,6.856804039141241,6.883658409118652,166000,0.0,0.0
2007-05-16 00:00:00-04:00,6.8836620862439135,6.928419203742252,6.856807701921385,6.898581504821777,160100,0.0,0.0
2007-05-17 00:00:00-04:00,6.913497973297473,6.913497973297473,6.85083757508572,6.865756988525391,140300,0.0,0.0
2007-05-18 00:00:00-04:00,6.86575698852539,6.901562442545737,6.8478542615152165,6.865756988525391,173000,0.0,0.0
2007-05-21 00:00:00-04:00,6.862770226403449,6.8806729459021225,6.8209970245341465,6.856802463531494,209600,0.0,0.0
2007-05-22 00:00:00-04:00,6.862772925446913,6.883659534596009,6.841886316297818,6.853821277618408,230700,0.0,0.0
2007-05-23 00:00:00-04:00,6.862774550971394,6.9552726573054855,6.818017439462482,6.8329362869262695,237300,0.0,0.0
2007-05-24 00:00:00-04:00,6.821003383780684,6.847857772623735,6.722537481062068,6.746407985687256,259200,0.0,0.0
2007-05-25 00:00:00-04:00,6.773257364880319,6.853819902705928,6.719548626918378,6.815030574798584,160600,0.0,0.0
2007-05-29 00:00:00-04:00,6.752371868977679,6.797129541147833,6.689712038527372,6.7225341796875,219700,0.0,0.0
2007-05-30 00:00:00-04:00,6.713580279957236,6.7702728950074835,6.710596398205407,6.740434646606445,168700,0.0,0.0
2007-05-31 00:00:00-04:00,6.779226779937744,6.779226779937744,6.731485790362777,6.779226779937744,162500,0.0,0.0
2007-06-01 00:00:00-04:00,6.779227187000518,6.862774208332086,6.764308340281587,6.859790325164795,165700,0.0,0.0
2007-06-04 00:00:00-04:00,6.862773154648576,6.862773154648576,6.809064404118624,6.818016052246094,141300,0.0,0.0
2007-06-05 00:00:00-04:00,6.806077003479004,6.838899127197168,6.767287686544288,6.806077003479004,181300,0.0,0.0
2007-06-06 00:00:00-04:00,6.800115263209432,6.800115263209432,6.707616580214827,6.752373695373535,163800,0.0,0.0
2007-06-07 00:00:00-04:00,6.749387495848445,6.7822090627389215,6.638986127805881,6.647937774658203,141900,0.0,0.0
2007-06-08 00:00:00-04:00,6.627054435814475,6.707617596780367,6.6002006179435275,6.704633712768555,136200,0.0,0.0
2007-06-11 00:00:00-04:00,6.674790889990453,6.695677492931269,6.567373424446542,6.5942277908325195,218100,0.0,0.0
2007-06-12 00:00:00-04:00,6.579310919742624,6.650922970469555,6.50769943813316,6.555440425872803,227400,0.0,0.0
2007-06-13 00:00:00-04:00,6.530193972432441,6.629363947493871,6.52117888490959,6.575271129608154,176000,0.156,0.0
2007-06-14 00:00:00-04:00,6.584291922185916,6.605327907051111,6.479111424672343,6.521183967590332,224600,0.0,0.0
2007-06-15 00:00:00-04:00,6.5392093540070535,6.581281289150199,6.524183253465125,6.563250541687012,232300,0.0,0.0
2007-06-18 00:00:00-04:00,6.584288942558193,6.64138699934451,6.581283721339194,6.626360893249512,196800,0.0,0.0
2007-06-19 00:00:00-04:00,6.668431269065331,6.740554835526564,6.53920966421044,6.692472457885742,225800,0.0,0.0
2007-06-20 00:00:00-04:00,6.752579867817898,6.761595534878589,6.560250222690258,6.608332633972168,208000,0.0,0.0
2007-06-21 00:00:00-04:00,6.593305612158905,6.656413547824289,6.548228433371142,6.5692644119262695,216800,0.0,0.0
2007-06-22 00:00:00-04:00,6.566257579477382,6.569262800417677,6.473098023077356,6.557241916656494,224600,0.0,0.0
2007-06-25 00:00:00-04:00,6.557243525216238,6.626361904236638,6.446053189085583,6.5692644119262695,205900,0.0,0.0
2007-06-26 00:00:00-04:00,6.554235159235655,6.5662560401788355,6.319833712715144,6.400972366333008,406000,0.0,0.0
2007-06-27 00:00:00-04:00,6.400974951263097,6.521181516489774,6.328851356039521,6.4911298751831055,195700,0.0,0.0
2007-06-28 00:00:00-04:00,6.446054639192611,6.6684359346683335,6.422013433551656,6.608332633972168,180400,0.0,0.0
2007-06-29 00:00:00-04:00,6.653411706405526,6.74356668297162,6.551236410209917,6.632375717163086,118900,0.0,0.0
2007-07-02 00:00:00-04:00,6.647395262236051,6.791642394328286,6.551229934320744,6.764595985412598,111400,0.0,0.0
2007-07-03 00:00:00-04:00,6.860762719055829,6.860762719055829,6.785633911105946,6.8277058601379395,83800,0.0,0.0
2007-07-05 00:00:00-04:00,6.827708566317532,6.839729455483935,6.719523429757623,6.797657489776611,127600,0.0,0.0
2007-07-06 00:00:00-04:00,6.818691906496593,6.821697128097947,6.710506221597489,6.737552642822266,136600,0.0,0.0
2007-07-09 00:00:00-04:00,6.755580363594137,6.803662741234959,6.650399947559658,6.692472457885742,154800,0.0,0.0
2007-07-10 00:00:00-04:00,6.662422216146151,6.731540576751719,6.542216247008799,6.614339828491211,174800,0.0,0.0
2007-07-11 00:00:00-04:00,6.680453513775838,6.728535905357403,6.575273067245918,6.653407096862793,155500,0.0,0.0
2007-07-12 00:00:00-04:00,6.685486233050481,6.685486233050481,6.534162417141244,6.5735063552856445,213700,0.156,0.0
2007-07-13 00:00:00-04:00,6.543245253716199,6.655224608987163,6.531139065441052,6.579562664031982,142800,0.0,0.0
2007-07-16 00:00:00-04:00,6.5432465006025025,6.58259046548449,6.494822315528992,6.503901958465576,142200,0.0,0.0
2007-07-17 00:00:00-04:00,6.494819246337425,6.497845792552728,6.4070517151122885,6.428236961364746,235000,0.0,0.0
2007-07-18 00:00:00-04:00,6.407050524535529,6.443368495115793,6.343494220333705,6.440341949462891,182800,0.0,0.0
2007-07-19 00:00:00-04:00,6.431264251082002,6.455476046348827,6.379814113983156,6.410079002380371,195600,0.0,0.0
2007-07-20 00:00:00-04:00,6.4403419494628915,6.4615271917786465,6.370732553955263,6.440341949462891,148100,0.0,0.0
2007-07-23 00:00:00-04:00,6.416132366771253,6.455476319272698,6.34954949403145,6.425211429595947,210100,0.0,0.0
2007-07-24 00:00:00-04:00,6.45547253336555,6.45547253336555,6.243619007127682,6.270857334136963,277200,0.0,0.0
2007-07-25 00:00:00-04:00,6.282969149431028,6.3404723999463455,6.107433427507109,6.219412803649902,231100,0.0,0.0
2007-07-26 00:00:00-04:00,6.219411676294112,6.252703116966586,5.9197904420063425,6.052955627441406,312900,0.0,0.0
2007-07-27 00:00:00-04:00,6.092300986648888,6.167962949399025,6.00453341003131,6.14375114440918,139800,0.0,0.0
2007-07-30 00:00:00-04:00,6.174011174541807,6.210329142004337,6.040846063518545,6.1134819984436035,139900,0.0,0.0
2007-07-31 00:00:00-04:00,6.14374770148723,6.2738862968493185,5.983344799789008,6.028741836547852,193900,0.0,0.0
2007-08-01 00:00:00-04:00,5.998477580870341,6.1255896434538215,5.8895242194403,5.992424488067627,225700,0.0,0.0
2007-08-02 00:00:00-04:00,6.040850058295502,6.161909645056887,6.040850058295502,6.074141502380371,162300,0.0,0.0
2007-08-03 00:00:00-04:00,6.12256023977698,6.140719509710556,6.0741366744629754,6.077163219451904,107700,0.0,0.0
2007-08-06 00:00:00-04:00,6.083220601362791,6.101379306853561,5.907684908939111,5.959135055541992,180600,0.0,0.0
2007-08-07 00:00:00-04:00,6.022688987196149,6.204277718807296,5.907683117620066,6.1316423416137695,177700,0.0,0.0
2007-08-08 00:00:00-04:00,6.161907435613024,6.29204604063995,6.0650602627338275,6.26480770111084,151000,0.0,0.0
2007-08-09 00:00:00-04:00,6.234543697943641,6.264808588066889,6.0832198245821685,6.1255903244018555,103100,0.0,0.0
2007-08-10 00:00:00-04:00,6.052955627441406,6.0801939739452795,5.925843536174944,6.052955627441406,140900,0.0,0.0
2007-08-13 00:00:00-04:00,6.045636587443184,6.155446521598311,5.969379818011674,6.060888290405273,105100,0.156,0.0
2007-08-14 00:00:00-04:00,5.969376478080306,5.999879285144852,5.768058765964019,5.7985615730285645,197700,0.0,0.0
2007-08-15 00:00:00-04:00,5.707050583614671,5.722302271179885,5.484381181294083,5.520984649658203,242900,0.0,0.0
2007-08-16 00:00:00-04:00,5.00244065060876,5.490483768622623,4.7675701073282,5.4599809646606445,548100,0.0,0.0
2007-08-17 00:00:00-04:00,5.6887521845781075,5.853467007672696,5.511836586694681,5.713154315948486,192800,0.0,0.0
2007-08-20 00:00:00-04:00,5.798561586508626,5.89311976501515,5.704003408002101,5.87786865234375,198600,0.0,0.0
2007-08-21 00:00:00-04:00,5.871769876359446,6.00903226203044,5.841267059344465,6.005981922149658,232700,0.0,0.0
2007-08-22 00:00:00-04:00,6.100537767921984,6.1523923622210255,5.935822968927634,6.131040573120117,197600,0.0,0.0
2007-08-23 00:00:00-04:00,6.222551859863326,6.222551859863326,5.923625482988854,5.993781566619873,169700,0.0,0.0
2007-08-24 00:00:00-04:00,6.054786247221283,6.11274154185446,6.015132410232796,6.070037364959717,125000,0.0,0.0
2007-08-27 00:00:00-04:00,6.09749032987929,6.146294608696094,5.95412783357904,6.01818323135376,163700,0.0,0.0
2007-08-28 00:00:00-04:00,6.039535043711522,6.054786744495414,5.838217247707331,5.8656697273254395,168400,0.0,0.0
2007-08-29 00:00:00-04:00,5.890069965874151,6.051734451251755,5.890069965874151,5.996829509735107,142300,0.0,0.0
2007-08-30 00:00:00-04:00,5.99682996236917,6.024282435199575,5.917522883280526,6.002930641174316,113000,0.0,0.0
2007-08-31 00:00:00-04:00,6.02428337964151,6.076137994029125,5.996830902507311,6.005981922149658,147400,0.0,0.0
2007-09-04 00:00:00-04:00,6.005978608950641,6.08528565672271,5.929721899376634,6.057833194732666,153500,0.0,0.0
2007-09-05 00:00:00-04:00,6.030382203495901,6.10053825378418,5.908371554778751,6.10053825378418,138900,0.0,0.0
2007-09-06 00:00:00-04:00,6.112739609738391,6.188996337913015,6.05478433342373,6.12799072265625,184600,0.0,0.0
2007-09-07 00:00:00-04:00,6.112739632821747,6.146292197726273,6.012080192730167,6.066985130310059,131400,0.0,0.0
2007-09-10 00:00:00-04:00,6.121889547372162,6.124939886066429,5.9968285698703205,6.021230697631836,114800,0.0,0.0
2007-09-11 00:00:00-04:00,6.0852861627432695,6.106637950112691,6.018179880390722,6.079185485839844,97000,0.0,0.0
2007-09-12 00:00:00-04:00,6.077954775241576,6.111772030006711,5.91808936339474,5.991873264312744,148800,0.156,0.0
2007-09-13 00:00:00-04:00,6.028768615953767,6.050288858184653,5.961132898790843,5.9826531410217285,136700,0.0,0.0
2007-09-14 00:00:00-04:00,5.991871460023073,5.994945861600007,5.86582392727949,5.902716159820557,132500,0.0,0.0
2007-09-17 00:00:00-04:00,5.936539488501247,5.936539488501247,5.81049182657695,5.859681129455566,119000,0.0,0.0
2007-09-18 00:00:00-04:00,5.902720015078794,5.994949777096498,5.822787281018271,5.9488348960876465,138600,0.0,0.0
2007-09-19 00:00:00-04:00,5.9426866016047954,6.004173505842877,5.807415764110564,5.856605052947998,191800,0.0,0.0
2007-09-20 00:00:00-04:00,5.856602121729926,5.862750926352785,5.773595604850469,5.804338455200195,200500,0.0,0.0
2007-09-21 00:00:00-04:00,5.785895407833012,5.865828147190954,5.782821004044333,5.850456714630127,165600,0.0,0.0
2007-09-24 00:00:00-04:00,5.893498487943825,5.893498487943825,5.7981942951152545,5.813565731048584,165600,0.0,0.0
2007-09-25 00:00:00-04:00,5.810489605444082,5.835084247481778,5.73978008288352,5.758225917816162,227200,0.0,0.0
2007-09-26 00:00:00-04:00,5.779747847154974,5.822788923099413,5.736707357593226,5.773599624633789,197000,0.0,0.0
2007-09-27 00:00:00-04:00,5.835085710277916,5.838160114601165,5.7367071174646265,5.770524978637695,224100,0.0,0.0
2007-09-28 00:00:00-04:00,5.770523339907874,5.807415008544922,5.764374533007532,5.807415008544922,216600,0.0,0.0
2007-10-01 00:00:00-04:00,5.819711966901589,5.884272672936535,5.788968522244857,5.862752437591553,176400,0.0,0.0
2007-10-02 00:00:00-04:00,5.884269750358952,5.91501317974615,5.828931694738424,5.902716159820557,207400,0.0,0.0
2007-10-03 00:00:00-04:00,5.915018088563363,5.933463926950849,5.887349037790817,5.921166896820068,157300,0.0,0.0
2007-10-04 00:00:00-04:00,5.92731692976358,5.994952075414051,5.918093715472845,5.976506233215332,143800,0.0,0.0
2007-10-05 00:00:00-04:00,6.02569356434333,6.068734044179959,5.982652498124141,6.056437015533447,140700,0.0,0.0
2007-10-08 00:00:00-04:00,6.062584400177002,6.108699863790652,6.034915356561803,6.062584400177002,124100,0.0,0.0
2007-10-09 00:00:00-04:00,6.102552754116006,6.102552754116006,6.007248569818499,6.077958106994629,159200,0.0,0.0
2007-10-10 00:00:00-04:00,6.099475869874838,6.111772895244223,6.05336099857044,6.105624675750732,109900,0.0,0.0
2007-10-11 00:00:00-04:00,6.116783218527042,6.129178199867485,6.061006984545525,6.085796356201172,173800,0.156,0.0
2007-10-12 00:00:00-04:00,6.129174842992066,6.129174842992066,5.983536847132234,6.023819923400879,235000,0.0,0.0
2007-10-15 00:00:00-04:00,6.061004741845482,6.070300974411013,5.893676692841094,5.924663543701172,123100,0.0,0.0
2007-10-16 00:00:00-04:00,5.918469605046046,5.918469605046046,5.797620873312771,5.81931209564209,236800,0.0,0.0
2007-10-17 00:00:00-04:00,5.850295250891466,5.878183359401481,5.766631516386482,5.859591484069824,235900,0.0,0.0
2007-10-18 00:00:00-04:00,5.810017358648721,5.844102982947629,5.763537337984637,5.825510501861572,239000,0.0,0.0
2007-10-19 00:00:00-04:00,5.8224076659354145,5.828604563624115,5.655079016814361,5.732545852661133,230000,0.0,0.0
2007-10-22 00:00:00-04:00,5.670575454452907,5.757338573967496,5.636490428700181,5.7139573097229,192400,0.0,0.0
2007-10-23 00:00:00-04:00,5.701561892231741,5.7325487604935335,5.673673769898663,5.689167499542236,172600,0.0,0.0
2007-10-24 00:00:00-04:00,5.68606517746536,5.7294464111328125,5.61479583900455,5.7294464111328125,204500,0.0,0.0
2007-10-25 00:00:00-04:00,5.748037866432524,5.748037866432524,5.620992327613957,5.698459148406982,219400,0.0,0.0
2007-10-26 00:00:00-04:00,5.717051515647354,5.775925872930819,5.67366969482936,5.73564338684082,169200,0.0,0.0
2007-10-29 00:00:00-04:00,5.744938908301149,5.7883201327355085,5.695359606201352,5.775925159454346,199100,0.0,0.0
2007-10-30 00:00:00-04:00,5.794518852658974,5.794518852658974,5.682966433485545,5.7294464111328125,191200,0.0,0.0
2007-10-31 00:00:00-04:00,5.695359354433512,5.803813001749988,5.686063715908416,5.77902364730835,271600,0.0,0.0
2007-11-01 00:00:00-04:00,5.741840691703357,5.741840691703357,5.639584516852807,5.664373874664307,193200,0.0,0.0
2007-11-02 00:00:00-04:00,5.667474746704102,5.6860666242887286,5.596204799083625,5.667474746704102,194300,0.0,0.0
2007-11-05 00:00:00-05:00,5.5807126427958895,5.682968873942112,5.549725780715924,5.679870128631592,239900,0.0,0.0
2007-11-06 00:00:00-05:00,5.686064044518644,5.698458426943346,5.543524804972947,5.658175945281982,203500,0.0,0.0
2007-11-07 00:00:00-05:00,5.540429077741967,5.6086002867763005,5.462962224584905,5.546626567840576,241800,0.0,0.0
2007-11-08 00:00:00-05:00,5.549723341866715,5.620992679613361,5.490848388890148,5.577611446380615,262700,0.0,0.0
2007-11-09 00:00:00-05:00,5.540429631629464,5.540429631629464,5.385495909826316,5.459864616394043,259600,0.0,0.0
2007-11-12 00:00:00-05:00,5.459865032208965,5.4629631867787625,5.314226944366276,5.394792556762695,211000,0.0,0.0
2007-11-13 00:00:00-05:00,5.421681716212103,5.496722221374512,5.3341341620048315,5.496722221374512,286100,0.156,0.0
2007-11-14 00:00:00-05:00,5.49359451250412,5.546748269047941,5.352893813207289,5.390413761138916,271800,0.0,0.0
2007-11-15 00:00:00-05:00,5.346638566687436,5.374778816751736,5.2090640770807095,5.290358066558838,280800,0.0,0.0
2007-11-16 00:00:00-05:00,5.356019566299036,5.356019566299036,5.1996850704233415,5.327879905700684,229400,0.0,0.0
2007-11-19 00:00:00-05:00,5.277851023699759,5.309118034478828,5.130896848317351,5.290358066558838,318000,0.0,0.0
2007-11-20 00:00:00-05:00,5.246588533056539,5.315375531119335,5.143407737777809,5.287235260009766,322800,0.0,0.0
2007-11-21 00:00:00-05:00,5.202812494116987,5.234079516545535,5.0120847904036605,5.15903902053833,317200,0.0,0.0
2007-11-23 00:00:00-05:00,5.2559685665002185,5.2559685665002185,5.162168054301577,5.1746745109558105,96500,0.0,0.0
2007-11-26 00:00:00-05:00,5.159039320218086,5.240333344707,5.00583155742436,5.046478271484375,372100,0.0,0.0
2007-11-27 00:00:00-05:00,5.115266548820921,5.155913268480787,5.0120857720562215,5.134026527404785,488200,0.0,0.0
2007-11-28 00:00:00-05:00,5.134025543231575,5.302866510858109,5.121518495660575,5.277853012084961,426700,0.0,0.0
2007-11-29 00:00:00-05:00,5.280981174852974,5.284107937575154,5.180927153219254,5.265347957611084,288500,0.0,0.0
2007-11-30 00:00:00-05:00,5.312248409027922,5.437315940856934,5.312248409027922,5.437315940856934,320900,0.0,0.0
2007-12-03 00:00:00-05:00,5.402919540079393,5.487339701298362,5.377906048538831,5.45607328414917,221600,0.0,0.0
2007-12-04 00:00:00-05:00,5.465455196252336,5.49984898476384,5.4185549550623255,5.4623284339904785,319500,0.0,0.0
2007-12-05 00:00:00-05:00,5.48108754445048,5.502974278072153,5.43731348083837,5.4842143058776855,384300,0.0,0.0
2007-12-06 00:00:00-05:00,5.4498219801941215,5.540495700293686,5.443568455671691,5.496722221374512,353300,0.0,0.0
2007-12-07 00:00:00-05:00,5.527987768601853,5.565507712960116,5.437313476393318,5.556128025054932,382200,0.0,0.0
2007-12-10 00:00:00-05:00,5.556130189731803,5.59052338606506,5.496722892255822,5.502976417541504,329100,0.0,0.0
2007-12-11 00:00:00-05:00,5.514330154113754,5.517484877518517,5.353442870682611,5.432309150695801,389600,0.156,0.0
2007-12-12 00:00:00-05:00,5.457547370941102,5.5553420099239865,5.331361419336502,5.403918266296387,488200,0.0,0.0
2007-12-13 00:00:00-05:00,5.426002808518421,5.489095500611465,5.261960726012469,5.3092803955078125,374400,0.0,0.0
2007-12-14 00:00:00-05:00,5.309281319952742,5.315590770771313,5.195713612027866,5.306126594543457,385000,0.0,0.0
2007-12-17 00:00:00-05:00,5.321897810900453,5.321897810900453,5.142082154237374,5.208330154418945,375500,0.0,0.0
2007-12-18 00:00:00-05:00,5.17362858985738,5.211484674436998,5.082144004818217,5.164165019989014,527000,0.0,0.0
2007-12-19 00:00:00-05:00,5.1547013083707185,5.268268970541123,5.104226925562117,5.258804798126221,400800,0.0,0.0
2007-12-20 00:00:00-05:00,5.268267222743188,5.315586865714745,5.157854321341619,5.239875316619873,408300,0.0,0.0
2007-12-21 00:00:00-05:00,5.230410989419391,5.28404007695507,5.211483253142648,5.224101543426514,444300,0.0,0.0
2007-12-24 00:00:00-05:00,5.230412595072161,5.347134974964733,5.230412595072161,5.337670803070068,345200,0.0,0.0
2007-12-26 00:00:00-05:00,5.3345150321566095,5.485938142540602,5.315587293784099,5.457546234130859,489200,0.0,0.0
2007-12-27 00:00:00-05:00,5.402153891940188,5.462637814513027,5.316203757646724,5.338487148284912,444400,0.156,0.0
2007-12-28 00:00:00-05:00,5.351222360438204,5.389422907408959,5.309838991132223,5.328938961029053,703100,0.0,0.0
2007-12-31 00:00:00-05:00,5.3575901938016655,5.5008415120225145,5.338490220431288,5.4467244148254395,821300,0.0,0.0
2008-01-02 00:00:00-05:00,5.510389985514199,5.554957389831543,5.4435397898037925,5.554957389831543,145300,0.0,0.0
2008-01-03 00:00:00-05:00,5.567690074507096,5.679107666015625,5.539039819342703,5.679107666015625,152700,0.0,0.0
2008-01-04 00:00:00-05:00,5.6791088334424815,5.6791088334424815,5.58042493824417,5.602708339691162,181100,0.0,0.0
2008-01-07 00:00:00-05:00,5.647274857825022,5.672741687791314,5.570874367926146,5.593157768249512,218900,0.0,0.0
2008-01-08 00:00:00-05:00,5.628174887144583,5.704575377043459,5.535857249031075,5.593157768249512,204000,0.0,0.0
2008-01-09 00:00:00-05:00,5.631356122720054,5.704573154449463,5.561321912216373,5.704573154449463,209400,0.0,0.0
2008-01-10 00:00:00-05:00,5.70776306357654,5.8032635953808285,5.64091220557148,5.7427802085876465,232700,0.0,0.0
2008-01-11 00:00:00-05:00,5.768244117304357,5.768244117304357,5.707760154164049,5.752326965332031,191800,0.0,0.0
2008-01-14 00:00:00-05:00,5.774606265683095,5.815990224213553,5.736406342460801,5.803256511688232,234700,0.0,0.0
2008-01-15 00:00:00-05:00,5.800071603299516,5.815988739893895,5.733221451133154,5.768238544464111,220100,0.0,0.0
2008-01-16 00:00:00-05:00,5.787340992913379,5.841458066280767,5.7459570271269955,5.800074100494385,203200,0.0,0.0
2008-01-17 00:00:00-05:00,5.825542675624673,5.831909534919308,5.653641724909368,5.6822919845581055,216800,0.0,0.0
2008-01-18 00:00:00-05:00,5.726858777366824,5.745958748047263,5.516757278350636,5.593157768249512,221000,0.0,0.0
2008-01-22 00:00:00-05:00,5.481740690410245,5.650458834764461,5.443540745349368,5.583608627319336,268900,0.0,0.0
2008-01-23 00:00:00-05:00,5.5390385205749775,5.720489689285635,5.4658214888455685,5.704573154449463,241000,0.0,0.0
2008-01-24 00:00:00-05:00,5.7300416493488955,5.812808990478516,5.7077582511942015,5.812808990478516,193100,0.0,0.0
2008-01-25 00:00:00-05:00,5.825541952767202,5.83827566977642,5.634541055045298,5.73004150390625,208000,0.0,0.0
2008-01-28 00:00:00-05:00,5.726856903153571,5.790524260821614,5.653639866859167,5.777790546417236,228100,0.0,0.0
2008-01-29 00:00:00-05:00,5.809626925696506,5.854193732473637,5.77142637190382,5.815993785858154,83800,0.0,0.0
2008-01-30 00:00:00-05:00,5.822358101320789,5.854191173861774,5.787340992913379,5.800074100494385,132700,0.0,0.0
2008-01-31 00:00:00-05:00,5.793709021656929,5.857375786787903,5.780975304324498,5.812808990478516,200400,0.0,0.0
2008-02-01 00:00:00-05:00,5.851010212944076,5.8860273361206055,5.819177126976898,5.8860273361206055,204400,0.0,0.0
2008-02-04 00:00:00-05:00,5.889210745338994,5.895577605380806,5.8255433592752635,5.857377052307129,159500,0.0,0.0
2008-02-05 00:00:00-05:00,6.366712075725318,9.110765247520801,5.755507692168608,5.7746076583862305,238700,0.0,0.0
2008-02-06 00:00:00-05:00,5.857373740799855,5.863740597242121,5.780973285023227,5.825540065765381,150700,0.0,0.0
2008-02-07 00:00:00-05:00,5.825544651010798,5.863745212554932,5.777794404463626,5.863745212554932,143100,0.0,0.0
2008-02-08 00:00:00-05:00,5.873291873244699,5.886024981101571,5.793707975814158,5.847825050354004,116000,0.0,0.0
2008-02-11 00:00:00-05:00,5.854193275566007,5.860560135230735,5.780976210953102,5.851009845733643,99100,0.0,0.0
2008-02-12 00:00:00-05:00,5.8828403934409845,5.889207249703644,5.796889655425573,5.803256511688232,163400,0.0,0.0
2008-02-13 00:00:00-05:00,5.859769781422126,5.869402500163345,5.6639087872748854,5.73133659362793,271700,0.156,0.0
2008-02-14 00:00:00-05:00,5.773074181076298,5.773074181076298,5.387774815842231,5.554737567901611,501100,0.0,0.0
2008-02-15 00:00:00-05:00,5.365303369642383,5.506580238425545,5.365303369642383,5.49373722076416,250300,0.0,0.0
2008-02-19 00:00:00-05:00,5.506574628609204,5.57721329724672,5.4166717593139895,5.4840989112854,139600,0.0,0.0
2008-02-20 00:00:00-05:00,5.474472067927525,5.480893883310073,5.3331958040196055,5.44236421585083,179900,0.0,0.0
2008-02-21 00:00:00-05:00,5.403832499707673,5.464838504791259,5.291453210054075,5.46483850479126,185800,0.0,0.0
2008-02-22 00:00:00-05:00,5.419883711198747,5.455203056335448,5.33640262483163,5.455203056335449,136300,0.0,0.0
2008-02-25 00:00:00-05:00,5.458415959144903,5.51621104964034,5.403831775056743,5.5033674240112305,130100,0.0,0.0
2008-02-26 00:00:00-05:00,5.474466198539185,5.519418245604158,5.4166717593139895,5.4840989112854,180300,0.0,0.0
2008-02-27 00:00:00-05:00,5.48410449820463,5.548321423765519,5.390990629801131,5.49373722076416,138000,0.0,0.0
2008-02-28 00:00:00-05:00,5.419889951278891,5.506582655107649,5.41025783691009,5.48089599609375,107200,0.0,0.0
2008-02-29 00:00:00-05:00,5.4808936328498765,5.496948170572603,5.374936133551861,5.458417892456055,132500,0.0,0.0
2008-03-03 00:00:00-05:00,5.42631090307597,5.4423654451587,5.362094571999534,5.423099994659424,139600,0.0,0.0
2008-03-04 00:00:00-05:00,5.374932029650532,5.419883476116571,5.28181823162552,5.416673183441162,161100,0.0,0.0
2008-03-05 00:00:00-05:00,5.448781880846915,5.458414597666082,5.320348718679473,5.355668067932129,177400,0.0,0.0
2008-03-06 00:00:00-05:00,5.3075075029182575,5.339615345001221,5.278609955109326,5.339615345001221,121800,0.0,0.0
2008-03-07 00:00:00-05:00,5.2978737644548195,5.326771306708899,5.21118113769258,5.246500492095947,215000,0.0,0.0
2008-03-10 00:00:00-04:00,5.2208141486282456,5.2272359611375805,4.983212597542594,5.150176048278809,209500,0.0,0.0
2008-03-11 00:00:00-04:00,5.185495898875475,5.275399455939133,5.031376040267386,5.268977642059326,207400,0.0,0.0
2008-03-12 00:00:00-04:00,5.283886883400969,5.303337219852373,5.118563042484093,5.134771347045898,132000,0.156,0.0
2008-03-13 00:00:00-04:00,5.053730495522801,5.163946603463673,5.001864164526561,5.128288269042969,131400,0.0,0.0
2008-03-14 00:00:00-04:00,5.13152815862635,5.163944758491066,5.008345511947076,5.079661846160889,98700,0.0,0.0
2008-03-17 00:00:00-04:00,4.995381446486686,4.995381446486686,4.7684660607390015,4.891648769378662,338100,0.0,0.0
2008-03-18 00:00:00-04:00,4.927307332179282,5.021315158251697,4.924065608382489,5.014832019805908,181600,0.0,0.0
2008-03-19 00:00:00-04:00,5.034279428929943,5.073179169157334,4.97268825085682,4.985654830932617,165100,0.0,0.0
2008-03-20 00:00:00-04:00,4.995384008686811,5.021317191265298,4.930551052240594,5.018075466156006,152700,0.0,0.0
2008-03-24 00:00:00-04:00,5.053734342743722,5.1218090312859585,5.027801157503627,5.0667009353637695,126000,0.0,0.0
2008-03-25 00:00:00-04:00,5.040764246103568,5.089388857341007,5.031039385685628,5.069939136505127,114400,0.0,0.0
2008-03-26 00:00:00-04:00,5.112082995294728,5.112082995294728,5.037524872915264,5.089391231536865,87200,0.0,0.0
2008-03-27 00:00:00-04:00,5.112078446025605,5.1347698804423425,5.056970411744151,5.079661846160889,95700,0.0,0.0
2008-03-28 00:00:00-04:00,5.105599370808152,5.108841095397805,4.992141483353266,5.037524700164795,146900,0.0,0.0
2008-03-31 00:00:00-04:00,5.047250293587012,5.1315332902008635,5.021317111420891,5.115324974060059,86700,0.0,0.0
2008-04-01 00:00:00-04:00,5.138015055585398,5.180156230926514,5.121806744759223,5.180156230926514,132700,0.0,0.0
2008-04-02 00:00:00-04:00,5.167187958905244,5.193121433258057,5.108838491767632,5.193121433258057,117600,0.0,0.0
2008-04-03 00:00:00-04:00,5.183397430432455,5.212572325137908,5.147739397541225,5.167189121246338,120400,0.0,0.0
2008-04-04 00:00:00-04:00,5.173669976523645,5.215811435635177,5.141253374392427,5.212569713592529,96700,0.0,0.0
2008-04-07 00:00:00-04:00,5.232022285461426,5.306580696578141,5.1963645601053585,5.232022285461426,93800,0.0,0.0
2008-04-08 00:00:00-04:00,5.209329713713955,5.235262880333182,5.163946826704174,5.215813159942627,107700,0.0,0.0
2008-04-09 00:00:00-04:00,5.209329529944158,5.219054698944092,5.128288309831038,5.219054698944092,113300,0.0,0.0
2008-04-10 00:00:00-04:00,5.219054398181001,5.254712112534995,5.189879511157929,5.235262393951416,114500,0.0,0.0
2008-04-11 00:00:00-04:00,5.230684226855629,5.230684226855629,5.161945870768572,5.181585311889648,90300,0.156,0.0
2008-04-14 00:00:00-04:00,5.165214236587854,5.191400342534933,5.089929260030755,5.125935077667236,120600,0.0,0.0
2008-04-15 00:00:00-04:00,5.116115715651563,5.125935428012118,5.067016529522729,5.119389057159424,107800,0.0,0.0
2008-04-16 00:00:00-04:00,5.161941428572369,5.253592491149902,5.13575500934062,5.253592491149902,134300,0.0,0.0
2008-04-17 00:00:00-04:00,5.220860078692255,5.286325347182847,5.214313707924708,5.276505947113037,94100,0.0,0.0
2008-04-18 00:00:00-04:00,5.312513539595425,5.345246342768963,5.260141304248282,5.305966854095459,118600,0.0,0.0
2008-04-21 00:00:00-04:00,5.31251164166319,5.328878349565983,5.253592741865273,5.269959449768066,109000,0.0,0.0
2008-04-22 00:00:00-04:00,5.279777123298245,5.283050463808174,5.220858554934178,5.263411045074463,80700,0.0,0.0
2008-04-23 00:00:00-04:00,5.286325666522809,5.312511775500914,5.250320156881719,5.309238433837891,110000,0.0,0.0
2008-04-24 00:00:00-04:00,5.328879480882082,5.3321528231575686,5.276507253126708,5.3026933670043945,80000,0.0,0.0
2008-04-25 00:00:00-04:00,5.328878483816033,5.338697884479019,5.269959582533776,5.309238433837891,122400,0.0,0.0
2008-04-28 00:00:00-04:00,5.328876716467342,5.341969454451079,5.292870594441776,5.312510013580322,74800,0.0,0.0
2008-04-29 00:00:00-04:00,5.3026972289687935,5.3517961502075195,5.296150539649855,5.3517961502075195,88100,0.0,0.0
2008-04-30 00:00:00-04:00,5.368157798930943,5.397617252117378,5.305965550612229,5.348518371582031,156500,0.0,0.0
2008-05-01 00:00:00-04:00,5.368159165601029,5.479450322788508,5.34851973325215,5.394345283508301,134200,0.0,0.0
2008-05-02 00:00:00-04:00,5.433624616639186,5.463084076480448,5.400891814112641,5.459810733795166,123400,0.0,0.0
2008-05-05 00:00:00-04:00,5.459806847559424,5.551457880205928,5.459806847559424,5.5154523849487305,168700,0.0,0.0
2008-05-06 00:00:00-04:00,5.515458826135885,5.558011051798082,5.499092105245374,5.5285515785217285,149300,0.0,0.0
2008-05-07 00:00:00-04:00,5.538369323037223,5.558008755665801,5.525275951733966,5.541642665863037,114600,0.0,0.0
2008-05-08 00:00:00-04:00,5.564554586329187,5.623473499488396,5.548188499041056,5.620200157165527,148400,0.0,0.0
2008-05-09 00:00:00-04:00,5.587467358263055,5.623473499488396,5.551461217037714,5.620200157165527,126000,0.0,0.0
2008-05-12 00:00:00-04:00,5.613651528306977,5.633290951116126,5.587465423119447,5.63001823425293,157400,0.0,0.0
2008-05-13 00:00:00-04:00,5.655124213320504,5.678246698701364,5.589059429340498,5.6088786125183105,139600,0.156,0.0
2008-05-14 00:00:00-04:00,5.638607702305266,5.645214306711361,5.5956660337465935,5.6088786125183105,103300,0.0,0.0
2008-05-15 00:00:00-04:00,5.625393712802473,5.6286970141771215,5.575844822223057,5.602270603179932,88100,0.0,0.0
2008-05-16 00:00:00-04:00,5.62869736105558,5.70467140723359,5.622090757899138,5.698064804077148,118200,0.0,0.0
2008-05-19 00:00:00-04:00,5.711280791816824,5.73770658727175,5.622093495891202,5.64521598815918,122500,0.0,0.0
2008-05-20 00:00:00-04:00,5.625399680879497,5.638612270355225,5.585760652370344,5.638612270355225,99500,0.0,0.0
2008-05-21 00:00:00-04:00,5.6485161542533096,5.661728729622395,5.585754688639297,5.655122756958008,132200,0.0,0.0
2008-05-22 00:00:00-04:00,5.674942468939367,5.691458347214642,5.651819987337834,5.681549072265625,134300,0.0,0.0
2008-05-23 00:00:00-04:00,5.66834061687255,5.688159813423601,5.5527274819164365,5.6154890060424805,199600,0.0,0.0
2008-05-27 00:00:00-04:00,5.628699554543975,5.68155114031091,5.608879737350924,5.625396251678467,119800,0.0,0.0
2008-05-28 00:00:00-04:00,5.665032418335297,5.701368105655369,5.635303334171667,5.698064804077148,149800,0.0,0.0
2008-05-29 00:00:00-04:00,5.711277872612694,5.770735409465264,5.707974571114161,5.7542195320129395,174000,0.0,0.0
2008-05-30 00:00:00-04:00,5.7905569373696535,5.823588702079703,5.737705357784943,5.744311332702637,154500,0.0,0.0
2008-06-02 00:00:00-04:00,5.737704982196069,5.807072439595027,5.724491773144562,5.7971625328063965,149600,0.0,0.0
2008-06-03 00:00:00-04:00,5.744309393599802,5.744309393599802,5.453625804009767,5.546116352081299,412100,0.0,0.0
2008-06-04 00:00:00-04:00,5.552723380327224,5.562633286303122,5.410684544874855,5.519690990447998,272500,0.0,0.0
2008-06-05 00:00:00-04:00,5.532907938267031,5.57254695892334,5.506482134509778,5.57254695892334,115400,0.0,0.0
2008-06-06 00:00:00-04:00,5.565935374257137,5.572541976800041,5.486658033863172,5.522993087768555,128300,0.0,0.0
2008-06-09 00:00:00-04:00,5.5560284861715905,5.5560284861715905,5.453628611336643,5.473447799682617,121100,0.0,0.0
2008-06-10 00:00:00-04:00,5.443717327098276,5.450323931558365,5.387562449268479,5.404078960418701,144400,0.0,0.0
2008-06-11 00:00:00-04:00,5.420596685207502,5.420596685207502,5.295074307974944,5.311590194702148,153200,0.0,0.0
2008-06-12 00:00:00-04:00,5.351549846433292,5.401501959112502,5.248315395539514,5.2882771492004395,197800,0.13,0.0
2008-06-13 00:00:00-04:00,5.31158786282242,5.354879840144502,5.301597504236639,5.344889163970947,109600,0.0,0.0
2008-06-16 00:00:00-04:00,5.361542495957457,5.361542495957457,5.2716282789432745,5.321580410003662,200900,0.0,0.0
2008-06-17 00:00:00-04:00,5.368199718987102,5.368199718987102,5.2782855560817445,5.30825662612915,156800,0.0,0.0
2008-06-18 00:00:00-04:00,5.304931154272296,5.30826106422536,5.225007281227178,5.29494047164917,169400,0.0,0.0
2008-06-19 00:00:00-04:00,5.3182493106183975,5.3582110700409356,5.175052767830095,5.26496696472168,249900,0.0,0.0
2008-06-20 00:00:00-04:00,5.251648628642698,5.251648628642698,5.05849956561863,5.131762981414795,204200,0.0,0.0
2008-06-23 00:00:00-04:00,5.178386328152059,5.18171655631186,5.0185388699500395,5.121773719787598,177300,0.0,0.0
2008-06-24 00:00:00-04:00,5.125101657773919,5.1284315668576985,5.021866854067272,5.068489074707031,199300,0.0,0.0
2008-06-25 00:00:00-04:00,5.108449309906566,5.131760254441213,5.051836743818595,5.115109443664551,121100,0.0,0.0
2008-06-26 00:00:00-04:00,5.085138868419606,5.085138868419606,4.995224671883544,5.0218658447265625,124300,0.0,0.0
2008-06-27 00:00:00-04:00,5.028527307410621,5.068489074707031,5.001886129213014,5.068489074707031,111500,0.0,0.0
2008-06-30 00:00:00-04:00,5.11178139283842,5.11178139283842,4.975244948932367,5.071819305419922,152600,0.0,0.0
2008-07-01 00:00:00-04:00,5.04517630746321,5.06848756965492,4.985233833112043,5.018535137176514,145600,0.0,0.0
2008-07-02 00:00:00-04:00,5.021864612008371,5.048505778311777,4.921960079576721,4.948601245880127,106800,0.0,0.0
2008-07-03 00:00:00-04:00,4.9519312843330585,5.0052136149306525,4.885328371086066,4.931950569152832,122200,0.0,0.0
2008-07-07 00:00:00-04:00,4.931950216213578,4.961921286839135,4.835375919519535,4.911969184875488,153500,0.0,0.0
2008-07-08 00:00:00-04:00,4.885331856959698,4.955265045166016,4.812068441317849,4.955265045166016,184300,0.0,0.0
2008-07-09 00:00:00-04:00,4.948603047154284,4.975244223154985,4.858689157548887,4.865349292755127,130600,0.0,0.0
2008-07-10 00:00:00-04:00,4.878663561982677,4.878663561982677,4.79874013749621,4.825381278991699,140500,0.0,0.0
2008-07-11 00:00:00-04:00,4.758179491581085,4.842186898764263,4.6069662227439325,4.785061836242676,171900,0.13,0.0
2008-07-14 00:00:00-04:00,4.838827721658306,4.9329162716941095,4.556563032939611,4.667452812194824,248900,0.0,0.0
2008-07-15 00:00:00-04:00,4.62376806811501,4.62376806811501,4.287738417591469,4.4322309494018555,447200,0.0,0.0
2008-07-16 00:00:00-04:00,5.581457290413097,5.581457290413097,4.381830233570991,4.606970310211182,181600,0.0,0.0
2008-07-17 00:00:00-04:00,4.670813465060531,4.818666736680077,4.650651859225196,4.731298923492432,232800,0.0,0.0
2008-07-18 00:00:00-04:00,4.758181468819514,4.771622646735724,4.711137506344262,4.761541843414307,99200,0.0,0.0
2008-07-21 00:00:00-04:00,4.808585632609635,4.808585632609635,4.7380193756794995,4.751460552215576,69800,0.0,0.0
2008-07-22 00:00:00-04:00,4.711136968695552,4.842188358306885,4.643930766321314,4.842188358306885,143100,0.0,0.0
2008-07-23 00:00:00-04:00,4.838829310008037,4.932917890928495,4.795145715142908,4.845550060272217,204000,0.0,0.0
2008-07-24 00:00:00-04:00,4.885874857643496,4.885874857643496,4.748102646408001,4.805227756500244,115200,0.0,0.0
2008-07-25 00:00:00-04:00,4.80522708798613,4.832109451293945,4.75818279196593,4.832109451293945,85900,0.0,0.0
2008-07-28 00:00:00-04:00,4.848910439293577,4.848910439293577,4.711138263397483,4.788424968719482,116800,0.0,0.0
2008-07-29 00:00:00-04:00,4.788422782973256,4.8220258780564595,4.778341982633441,4.818665504455566,106500,0.0,0.0
2008-07-30 00:00:00-04:00,4.822025688313046,4.865709261554281,4.785062221083436,4.8354668617248535,144000,0.0,0.0
2008-07-31 00:00:00-04:00,4.8354666757382,4.8354666757382,4.758179691245858,4.815304756164551,125000,0.0,0.0
2008-08-01 00:00:00-04:00,4.82874870300293,4.82874870300293,4.768263229998079,4.82874870300293,84700,0.0,0.0
2008-08-04 00:00:00-04:00,4.828748508947875,4.828748508947875,4.768263038373781,4.788424968719482,106400,0.0,0.0
2008-08-05 00:00:00-04:00,4.825384397468,4.838825567136494,4.788421260995333,4.822024345397949,147600,0.0,0.0
2008-08-06 00:00:00-04:00,4.822029707454592,4.838830947875977,4.7884265856855865,4.838830947875977,89600,0.0,0.0
2008-08-07 00:00:00-04:00,4.82538593710248,4.82538593710248,4.744738893359488,4.781702041625977,86700,0.0,0.0
2008-08-08 00:00:00-04:00,4.791786961955111,4.852272132490955,4.7682646485315585,4.838830947875977,130100,0.0,0.0
2008-08-11 00:00:00-04:00,4.848908261874695,4.926194932490849,4.848908261874695,4.885871410369873,111200,0.0,0.0
2008-08-12 00:00:00-04:00,4.875793283819587,4.8791536592882006,4.818668182705325,4.855631351470947,113700,0.0,0.0
2008-08-13 00:00:00-04:00,4.865803332611836,4.879366534180815,4.791205562296332,4.838676929473877,114700,0.13,0.0
2008-08-14 00:00:00-04:00,4.859019449245025,4.859019449245025,4.797984907139252,4.828502178192139,91600,0.0,0.0
2008-08-15 00:00:00-04:00,4.831892605136518,4.835283484573979,4.750513438869829,4.791203022003174,87000,0.0,0.0
2008-08-18 00:00:00-04:00,4.8047686980829605,4.821722780655123,4.7301709287887785,4.7640790939331055,130800,0.0,0.0
2008-08-19 00:00:00-04:00,4.747125625610352,4.747125625610352,4.682700491546582,4.747125625610352,135700,0.0,0.0
2008-08-20 00:00:00-04:00,4.781030509356517,4.797984259098622,4.672524635449165,4.719995975494385,116700,0.0,0.0
2008-08-21 00:00:00-04:00,4.719998154404651,4.730170473620209,4.662354473229493,4.686089992523193,101100,0.0,0.0
2008-08-22 00:00:00-04:00,4.740342954392197,4.767469678845192,4.70982599570547,4.7335615158081055,88700,0.0,0.0
2008-08-25 00:00:00-04:00,4.696263405644617,4.753907096277593,4.6386197150116395,4.669137001037598,125000,0.0,0.0
2008-08-26 00:00:00-04:00,4.662356613599229,4.709827997351738,4.618276112265972,4.642011642456055,153800,0.0,0.0
2008-08-27 00:00:00-04:00,4.614882113846522,4.675916662692751,4.614882113846522,4.652181148529053,115100,0.0,0.0
2008-08-28 00:00:00-04:00,4.679309609918944,4.747125625610352,4.679309609918944,4.747125625610352,112700,0.0,0.0
2008-08-29 00:00:00-04:00,4.74712124460963,4.801374007094225,4.709822551244464,4.75051212310791,179000,0.0,0.0
2008-09-02 00:00:00-04:00,4.797986982839919,4.86580331379479,4.730170975257279,4.774251461029053,162700,0.0,0.0
2008-09-03 00:00:00-04:00,4.797982759618856,4.797982759618856,4.750511757781463,4.7708563804626465,113200,0.0,0.0
2008-09-04 00:00:00-04:00,4.747124158264407,4.767469118369295,4.638618566697458,4.658963203430176,125900,0.0,0.0
2008-09-05 00:00:00-04:00,4.648792322014742,4.764079710376271,4.648792322014742,4.747125625610352,125500,0.0,0.0
2008-09-08 00:00:00-04:00,4.828504986948253,4.855631394025423,4.66574654448523,4.7301716804504395,181800,0.0,0.0
2008-09-09 00:00:00-04:00,4.730172073178657,4.733562955187906,4.499597593878986,4.509769916534424,165100,0.0,0.0
2008-09-10 00:00:00-04:00,4.513159890674023,4.59114822096472,4.465688522210832,4.519941329956055,200900,0.0,0.0
2008-09-11 00:00:00-04:00,4.489123781967425,4.492548058586357,4.324762422942591,4.4343366622924805,153700,0.13,0.0
2008-09-12 00:00:00-04:00,4.365850389905798,4.406940707329858,4.287094029815552,4.331608295440674,182800,0.0,0.0
2008-09-15 00:00:00-04:00,4.18779231113792,4.208337634550902,3.9515228879512367,3.996037483215332,399900,0.0,0.0
2008-09-16 00:00:00-04:00,3.8556474540097,3.900162072133724,3.7460728837978703,3.8693442344665527,393200,0.0,0.0
2008-09-17 00:00:00-04:00,3.7871622122699806,3.835100763635406,3.3009261881896763,3.396803617477417,506300,0.0,0.0
2008-09-18 00:00:00-04:00,3.3933791928508916,3.8179795447420237,3.300926043167329,3.790585994720459,420800,0.0,0.0
2008-09-19 00:00:00-04:00,4.280245279117011,4.290517776350988,3.989188469514335,4.18779182434082,285100,0.0,0.0
2008-09-22 00:00:00-04:00,4.177520589650497,4.191217365620883,3.65019422495529,3.920705795288086,260400,0.0,0.0
2008-09-23 00:00:00-04:00,4.16039879093716,4.16039879093716,3.6501935694651846,3.728950262069702,278000,0.0,0.0
2008-09-24 00:00:00-04:00,3.8111316415577776,3.835100918206556,3.615952499573377,3.759768486022949,196000,0.0,0.0
2008-09-25 00:00:00-04:00,3.752921100634473,3.8830406665802,3.7323757685137897,3.8830406665802,142400,0.0,0.0
2008-09-26 00:00:00-04:00,3.8008574513835867,3.824826717376709,3.698131512538157,3.824826717376709,171800,0.0,0.0
2008-09-29 00:00:00-04:00,3.609103975137228,3.7666170654833535,3.259836017056544,3.3351681232452393,241700,0.0,0.0
2008-09-30 00:00:00-04:00,3.424195610297176,3.5440425872802734,3.386529576144334,3.5440425872802734,212700,0.0,0.0
2008-10-01 00:00:00-04:00,3.5885579127199803,3.5885579127199803,3.4378934046334626,3.5303468704223633,124400,0.0,0.0
2008-10-02 00:00:00-04:00,3.5269241678531627,3.5269241678531627,3.205049358147343,3.283806085586548,305800,0.0,0.0
2008-10-03 00:00:00-04:00,3.283804971592345,3.3659856211271815,3.1845032717652,3.2529871463775635,353000,0.0,0.0
2008-10-06 00:00:00-04:00,3.1879280896974347,3.208473092299319,2.7599033923273506,2.9790518283843994,448000,0.0,0.0
2008-10-07 00:00:00-04:00,2.9927491121952112,3.081778342691074,2.8352359838398327,2.876326322555542,435400,0.0,0.0
2008-10-08 00:00:00-04:00,2.8249623458210853,2.8283866209775432,2.0545180696880623,2.6092379093170166,516800,0.0,0.0
2008-10-09 00:00:00-04:00,2.6160869707068293,2.6503289147059106,2.1914865385612856,2.2599704265594482,256500,0.0,0.0
2008-10-10 00:00:00-04:00,2.095800281803825,2.28442229384143,1.7604722233904737,2.1621673107147217,627500,0.13,0.0
2008-10-13 00:00:00-04:00,2.315857757575738,3.0354151725769043,2.315857757575738,3.0354151725769043,242100,0.0,0.0
2008-10-14 00:00:00-04:00,3.2135589059808103,3.496491962097401,3.178629117019152,3.454576015472412,447400,0.0,0.0
2008-10-15 00:00:00-04:00,3.3008833238995354,3.363757399840683,3.133219565547511,3.265953540802002,387100,0.0,0.0
2008-10-16 00:00:00-04:00,3.231021893523362,3.335811859396392,2.9480890189779925,3.3323187828063965,298600,0.0,0.0
2008-10-17 00:00:00-04:00,3.2030789141387412,3.4336167087943434,3.1960927588494346,3.3532779216766357,369500,0.0,0.0
2008-10-20 00:00:00-04:00,3.3882074098829995,3.430123338690342,3.2694454450364336,3.328826427459717,176400,0.0,0.0
2008-10-21 00:00:00-04:00,3.2484890803796587,3.2694468874705254,3.09829001938232,3.175136089324951,199800,0.0,0.0
2008-10-22 00:00:00-04:00,3.171642253721639,3.171642253721639,2.9690483902152365,3.063359498977661,98000,0.0,0.0
2008-10-23 00:00:00-04:00,3.1157546524401583,3.1262335545452564,2.8013849243408804,3.0109646320343018,166900,0.0,0.0
2008-10-24 00:00:00-04:00,2.7594679900284955,2.8887090209153286,2.74200293633703,2.8642578125,136800,0.0,0.0
2008-10-27 00:00:00-04:00,2.8433016719791366,2.846794418258864,2.735018542466319,2.752483606338501,150800,0.0,0.0
2008-10-28 00:00:00-04:00,2.8293292677862425,3.0004861354827876,2.7664551804208433,3.000486135482788,230500,0.0,0.0
2008-10-29 00:00:00-04:00,2.9550788142986315,3.1506870138903325,2.9550788142986315,3.09130597114563,157500,0.0,0.0
2008-10-30 00:00:00-04:00,3.1052771007303095,3.2694478598703673,3.080825874360893,3.1786301136016846,242500,0.0,0.0
2008-10-31 00:00:00-04:00,3.3707423297451165,3.3707423297451165,3.143697633878914,3.2694454193115234,117200,0.0,0.0
2008-11-03 00:00:00-05:00,3.196094415703476,3.3358145958565144,3.196094415703476,3.307870626449585,210600,0.0,0.0
2008-11-04 00:00:00-05:00,3.31834747408331,3.3882073542824798,3.2764315459638085,3.3812215328216553,215500,0.0,0.0
2008-11-05 00:00:00-05:00,3.3637576260765503,3.384715430720972,3.2869115651043077,3.356771469116211,215900,0.0,0.0
2008-11-06 00:00:00-05:00,3.335814854691512,3.3497868404791014,3.262461846027064,3.30088472366333,290900,0.0,0.0
2008-11-07 00:00:00-05:00,3.3008835521472646,3.419645555751178,3.3008835521472646,3.4161524772644043,199700,0.0,0.0
2008-11-10 00:00:00-05:00,3.4231380867773504,3.4231380867773504,3.1786282948185924,3.248488187789917,107200,0.0,0.0
2008-11-11 00:00:00-05:00,3.2729418471564324,3.2729418471564324,3.038910757072848,3.09130597114563,129500,0.0,0.0
2008-11-12 00:00:00-05:00,3.0416724544304876,3.0452176083929996,2.8715091212437844,3.0310373306274414,127500,0.13,0.0
2008-11-13 00:00:00-05:00,2.960135083455628,3.1196632465812457,2.789971461526415,3.0700321197509766,201000,0.0,0.0
2008-11-14 00:00:00-05:00,2.942409491021312,3.013310855293701,2.8006065934343476,2.8218770027160645,188900,0.0,0.0
2008-11-17 00:00:00-05:00,2.7722461904741293,2.793516600851104,2.6481685430451525,2.662348985671997,169700,0.0,0.0
2008-11-18 00:00:00-05:00,2.729707230844828,2.729707230844828,2.5489085236539135,2.6304452419281006,165500,0.0,0.0
2008-11-19 00:00:00-05:00,2.626899062058764,2.626899062058764,2.368108724016214,2.4177398681640625,194800,0.0,0.0
2008-11-20 00:00:00-05:00,2.3078424198276055,2.3078424198276055,2.1128633527824405,2.141223907470703,241300,0.0,0.0
2008-11-21 00:00:00-05:00,2.19794502773736,2.19794502773736,1.8647083394569508,2.116408348083496,424500,0.0,0.0
2008-11-24 00:00:00-05:00,2.2298524199179113,2.4709174870022586,2.2298524199179113,2.3822906017303467,242600,0.0,0.0
2008-11-25 00:00:00-05:00,2.4638275250303856,2.4815529710117072,2.329114777933388,2.43192195892334,222500,0.0,0.0
2008-11-26 00:00:00-05:00,2.4177399024520745,2.658804811140244,2.3681087576003645,2.64816951751709,182000,0.0,0.0
2008-11-28 00:00:00-05:00,2.860872915091771,2.860872915091771,2.6977997632118056,2.7970616817474365,99100,0.0,0.0
2008-12-01 00:00:00-05:00,2.6233548823374058,2.793518446841516,2.527637887868988,2.6056294441223145,218400,0.0,0.0
2008-12-02 00:00:00-05:00,2.676529929298665,2.7651567459106445,2.548907266045589,2.7651567459106445,206600,0.0,0.0
2008-12-03 00:00:00-05:00,2.6588049850524618,2.72970638370362,2.555997872487148,2.7155261039733887,216800,0.0,0.0
2008-12-04 00:00:00-05:00,2.676531027940373,2.7084365800683075,2.527637887868988,2.6056294441223145,178200,0.0,0.0
2008-12-05 00:00:00-05:00,2.4992773219586875,2.6481702929877655,2.481551883743596,2.6056294441223145,202400,0.0,0.0
2008-12-08 00:00:00-05:00,2.7013441016537616,2.8289667068859075,2.6410778667096326,2.711979389190674,241700,0.0,0.0
2008-12-09 00:00:00-05:00,2.8006065546879526,2.8006065546879526,2.548906461439963,2.641078233718872,151100,0.0,0.0
2008-12-10 00:00:00-05:00,2.612718772415371,2.701345597821935,2.4921864048111764,2.5843582153320312,199000,0.0,0.0
2008-12-11 00:00:00-05:00,2.6060159476371743,2.613234821703866,2.472466691347611,2.522998809814453,231500,0.13,0.0
2008-12-12 00:00:00-05:00,2.490512009968868,2.5374347406699598,2.439979931119984,2.5193874835968018,181200,0.0,0.0
2008-12-15 00:00:00-05:00,2.5193884667403297,2.5193884667403297,2.403886355044689,2.461637496948242,203100,0.0,0.0
2008-12-16 00:00:00-05:00,2.468855787694808,2.5807483514145275,2.4435896582956103,2.5735294818878174,330100,0.0,0.0
2008-12-17 00:00:00-05:00,2.5302166282266554,2.616843074992212,2.468856142378661,2.544654369354248,255000,0.0,0.0
2008-12-18 00:00:00-05:00,2.7070806215582275,2.7070806215582275,2.537436978336328,2.5807502269744873,222300,0.0,0.0
2008-12-19 00:00:00-05:00,2.595186284843708,2.703469335854606,2.580748544708922,2.6709845066070557,290000,0.0,0.0
2008-12-22 00:00:00-05:00,2.6782046889400526,2.714299056962522,2.5807498092236245,2.6168441772460938,244300,0.0,0.0
2008-12-23 00:00:00-05:00,2.660157478120131,2.678204748589076,2.6024064879979494,2.6529386043548584,237200,0.0,0.0
2008-12-24 00:00:00-05:00,2.6312813067572622,2.7612211732460663,2.6312813067572622,2.696251153945923,103900,0.0,0.0
2008-12-26 00:00:00-05:00,2.674593757314356,2.818971325468897,2.6709844084689944,2.815361976623535,187400,0.0,0.0
2008-12-29 00:00:00-05:00,2.8630786378768245,2.9328201412741133,2.7052421432711355,2.8080193996429443,346700,0.13,0.0
2008-12-30 00:00:00-05:00,2.863079893513299,2.921809680037528,2.7639732912393766,2.9181389808654785,344100,0.0,0.0
2008-12-31 00:00:00-05:00,2.9364937451531077,3.0649654865264893,2.910799361872698,3.0649654865264893,328700,0.0,0.0
2009-01-02 00:00:00-05:00,3.0392693841521106,3.2117884020496374,3.0282576362182296,3.167741060256958,243400,0.0,0.0
2009-01-05 00:00:00-05:00,3.156731822777972,3.2852032509951687,3.1163547981478366,3.2007791996002197,176100,0.0,0.0
2009-01-06 00:00:00-05:00,3.200776701176596,3.362283623457714,3.1971060017922808,3.2962124347686768,373500,0.0,0.0
2009-01-07 00:00:00-05:00,3.2962111827923177,3.299881880782418,3.1750809495752206,3.2081165313720703,228200,0.0,0.0
2009-01-08 00:00:00-05:00,3.142047734921723,3.2411541938781743,3.109012131917155,3.241154193878174,199800,0.0,0.0
2009-01-09 00:00:00-05:00,3.325577977592811,3.325577977592811,3.2007769878073913,3.226471185684204,101200,0.0,0.0
2009-01-12 00:00:00-05:00,3.2484930723404846,3.2631755122695845,3.1640687802054233,3.1860926151275635,357700,0.0,0.0
2009-01-13 00:00:00-05:00,3.1750829014373343,3.244824805894528,3.1677418510012965,3.23014235496521,162500,0.0,0.0
2009-01-14 00:00:00-05:00,3.175082736766608,3.175082736766608,3.090658735815858,3.1567299365997314,175600,0.0,0.0
2009-01-15 00:00:00-05:00,3.193437016063538,3.193437016063538,2.9585177303200103,3.1420485973358154,197500,0.0,0.0
2009-01-16 00:00:00-05:00,3.193437795101128,3.2228027129826264,3.123696202646928,3.2007791996002197,154700,0.0,0.0
2009-01-20 00:00:00-05:00,3.156730352330856,3.156730352330856,2.9731995260338824,3.0025644302368164,141500,0.0,0.0
2009-01-21 00:00:00-05:00,3.006234937886596,3.042941245087922,2.9401640750044136,3.0319294929504395,192200,0.0,0.0
2009-01-22 00:00:00-05:00,3.013572843831431,3.0282552796699798,2.9438313611125446,2.991549015045166,130600,0.0,0.0
2009-01-23 00:00:00-05:00,2.8924451799343838,2.980539871695101,2.833715210398645,2.9511749744415283,161800,0.0,0.0
2009-01-26 00:00:00-05:00,2.9364925114680513,3.0099047542433155,2.925480587537465,2.9585163593292236,129500,0.0,0.0
2009-01-27 00:00:00-05:00,2.9548459840334154,3.028258234867237,2.9291516087272718,3.0172464847564697,152900,0.0,0.0
2009-01-28 00:00:00-05:00,3.0466105698021626,3.2117881774902344,3.0466105698021626,3.2117881774902344,319100,0.0,0.0
2009-01-29 00:00:00-05:00,3.1530593327366216,3.1530593327366216,3.0392700779215063,3.072305679321289,164300,0.0,0.0
2009-01-30 00:00:00-05:00,3.064964045690451,3.0906582418633826,2.9511748125327277,2.9695279598236084,178000,0.0,0.0
2009-02-02 00:00:00-05:00,2.9328219853693858,2.936492685239665,2.8851041122559797,2.9107983112335205,100200,0.0,0.0
2009-02-03 00:00:00-05:00,2.9181410185775203,2.958518037550698,2.8961173332519894,2.9548473358154297,161300,0.0,0.0
2009-02-04 00:00:00-05:00,2.9585184409956446,3.0649663554327278,2.94016527987392,2.9768712520599365,159900,0.0,0.0
2009-02-05 00:00:00-05:00,2.9438344034167425,3.006234557675321,2.9181398516025983,2.995222806930542,188700,0.0,0.0
2009-02-06 00:00:00-05:00,2.9731985396523433,3.094328816817861,2.951174693778088,3.068634271621704,207100,0.0,0.0
2009-02-09 00:00:00-05:00,3.0429389193876664,3.1603984525666187,3.031927175666395,3.1163511276245117,253400,0.0,0.0
2009-02-10 00:00:00-05:00,3.109011896128357,3.1383767965593146,3.0466113951982656,3.1053411960601807,223200,0.0,0.0
2009-02-11 00:00:00-05:00,3.0643334123163486,3.0978845638649517,3.038237874711773,3.071789026260376,110400,0.13,0.0
2009-02-12 00:00:00-05:00,3.030781603452791,3.030781603452791,2.8816656239504534,3.0195980072021484,329400,0.0,0.0
2009-02-13 00:00:00-05:00,2.9711359277099305,2.982319704817443,2.86675483758698,2.881666421890259,239700,0.0,0.0
2009-02-17 00:00:00-05:00,2.7996526945844735,2.7996526945844735,2.6020739368883223,2.628169298171997,403000,0.0,0.0
2009-02-18 00:00:00-05:00,2.635625796600355,2.635625796600355,2.4007680153888065,2.4715981483459473,490700,0.0,0.0
2009-02-19 00:00:00-05:00,2.5312441742330036,2.5312441742330036,2.3523049608696045,2.3784003257751465,257200,0.0,0.0
2009-02-20 00:00:00-05:00,2.307570219039917,2.31502601224521,2.020521913995928,2.307570219039917,729800,0.0,0.0
2009-02-23 00:00:00-05:00,2.408223474690233,2.408223474690233,2.128630967669789,2.16963791847229,349800,0.0,0.0
2009-02-24 00:00:00-05:00,2.206916859126052,2.3038421680384134,2.1099913724535644,2.292658567428589,541800,0.0,0.0
2009-02-25 00:00:00-05:00,2.3001148496585664,2.3336660141446592,2.1770941502231116,2.274019479751587,349900,0.0,0.0
2009-02-26 00:00:00-05:00,2.397040650449569,2.397040650449569,2.2516525386932082,2.266564130783081,269800,0.0,0.0
2009-02-27 00:00:00-05:00,2.2330121376549266,2.2367401231850996,2.1099914593213676,2.184549570083618,295700,0.0,0.0
2009-03-02 00:00:00-05:00,2.1435415421054245,2.1435415421054245,1.9571466254006047,2.0205209255218506,393900,0.0,0.0
2009-03-03 00:00:00-05:00,2.076439890545,2.076439890545,1.979514427320096,2.0130655765533447,429200,0.0,0.0
2009-03-04 00:00:00-05:00,2.046617558265486,2.1360872744642885,2.001882789046171,2.0801687240600586,351700,0.0,0.0
2009-03-05 00:00:00-05:00,1.9907000255548912,2.016795229729722,1.863951281527727,1.9161418676376343,350200,0.0,0.0
2009-03-06 00:00:00-05:00,1.9385086435846637,1.9683320038984344,1.8378553135862328,1.90495765209198,401000,0.0,0.0
2009-03-09 00:00:00-04:00,1.9012282984001196,1.9012282984001196,1.6999217831436402,1.849037766456604,669000,0.0,0.0
2009-03-10 00:00:00-04:00,1.9422362226922625,2.0317057515772063,1.8863176782590962,2.02797794342041,406900,0.0,0.0
2009-03-11 00:00:00-04:00,2.0317046642303467,2.0764395824913158,2.0018815038964055,2.0317046642303467,294900,0.0,0.0
2009-03-12 00:00:00-04:00,2.043162781613926,2.1577327321022985,2.016429926709511,2.150094747543335,394600,0.13,0.0
2009-03-13 00:00:00-04:00,2.1768273306652848,2.1921032978759682,2.1500944790985344,2.188284397125244,147500,0.0,0.0
2009-03-16 00:00:00-04:00,2.2150175261659117,2.257026346752082,2.1844654083251953,2.1844654083251953,238800,0.0,0.0
2009-03-17 00:00:00-04:00,2.180647291475919,2.249389171600342,2.17682820708369,2.249389171600342,179700,0.0,0.0
2009-03-18 00:00:00-04:00,2.2455698822703023,2.341044790372571,2.1959228863521782,2.306673765182495,243100,0.0,0.0
2009-03-19 00:00:00-04:00,2.3295861859749727,2.390690210720865,2.3028533458709717,2.3028533458709717,206500,0.0,0.0
2009-03-20 00:00:00-04:00,2.348682348635029,2.348682348635029,2.215017538019226,2.237931489944458,215000,0.0,0.0
2009-03-23 00:00:00-04:00,2.2952164346080335,2.4479761123657227,2.291397351612141,2.4479761123657227,296900,0.0,0.0
2009-03-24 00:00:00-04:00,2.421241617874039,2.4594315114154415,2.379232643926607,2.3868706226348877,283300,0.0,0.0
2009-03-25 00:00:00-04:00,2.409787654876709,2.478529551571445,2.3563217352252477,2.409787654876709,272500,0.0,0.0
2009-03-26 00:00:00-04:00,2.4441567211362543,2.4708895683288574,2.436518738780673,2.4708895683288574,205300,0.0,0.0
2009-03-27 00:00:00-04:00,2.4365192213469533,2.4594331729519334,2.4174241706241864,2.4556140899658203,176100,0.0,0.0
2009-03-30 00:00:00-04:00,2.4059678809491984,2.4059678809491984,2.3104929679290547,2.333406925201416,145900,0.0,0.0
2009-03-31 00:00:00-04:00,2.42506122924518,2.432699210199345,2.360138300082865,2.4174232482910156,127700,0.0,0.0
2009-04-01 00:00:00-04:00,2.3906918067044347,2.4899856172846015,2.3639587666501134,2.4861667156219482,271100,0.0,0.0
2009-04-02 00:00:00-04:00,2.531995452374069,2.627470392369134,2.5243574644586237,2.593099355697632,362600,0.0,0.0
2009-04-03 00:00:00-04:00,2.589280826323267,2.6694796199529756,2.531995817641456,2.661841630935669,264600,0.0,0.0
2009-04-06 00:00:00-04:00,2.635107250659551,2.665659189224243,2.5663652067850755,2.665659189224243,263600,0.0,0.0
2009-04-07 00:00:00-04:00,2.623649823594939,2.658020840828445,2.5892789884653262,2.638925790786743,218800,0.0,0.0
2009-04-08 00:00:00-04:00,2.6618398551494127,2.6923919729405075,2.6236499355404206,2.6809349060058594,201700,0.0,0.0
2009-04-09 00:00:00-04:00,2.7114877809600797,2.89861872502268,2.7114877809600797,2.875704765319824,282300,0.0,0.0
2009-04-13 00:00:00-04:00,2.875704209061191,2.9301093712412114,2.8368433789326044,2.9106788635253906,269100,0.13,0.0
2009-04-14 00:00:00-04:00,2.9067929611031813,2.972856466971922,2.8873624527995303,2.922337293624878,259700,0.0,0.0
2009-04-15 00:00:00-04:00,2.9145652382939344,3.0855530878435466,2.895134729250748,3.0700087547302246,259900,0.0,0.0
2009-04-16 00:00:00-04:00,3.1282999864610854,3.2448826660111245,3.0661224708929695,3.139958143234253,328600,0.0,0.0
2009-04-17 00:00:00-04:00,3.139957275808121,3.1749321070718035,3.124412947536042,3.1555016040802,186100,0.0,0.0
2009-04-20 00:00:00-04:00,3.1477309647227774,3.1477309647227774,2.9806290867354015,3.0039455890655518,281200,0.0,0.0
2009-04-21 00:00:00-04:00,2.9573108540322015,3.0622351457764276,2.8951333655631553,2.9883995056152344,208200,0.0,0.0
2009-04-22 00:00:00-04:00,2.949538686823339,3.046690815529742,2.918450035285767,2.9922854900360107,262100,0.0,0.0
2009-04-23 00:00:00-04:00,3.038919663623563,3.050577819177061,2.9534256581503837,3.000058650970459,166700,0.0,0.0
2009-04-24 00:00:00-04:00,3.0117166642623356,3.1166411646501175,3.0117166642623356,3.066121816635132,204000,0.0,0.0
2009-04-27 00:00:00-04:00,3.03892008850358,3.0777809212868856,3.0156035888335966,3.0700087547302246,208700,0.0,0.0
2009-04-28 00:00:00-04:00,3.0661226244384316,3.1244139671325684,3.035033957749044,3.1244139671325684,160500,0.0,0.0
2009-04-29 00:00:00-04:00,3.1827053332046713,3.2176801781749695,3.0933255032638334,3.1127560138702393,304700,0.0,0.0
2009-04-30 00:00:00-04:00,3.206021369175375,3.206021369175375,3.108869206473091,3.1282997131347656,227400,0.0,0.0
2009-05-01 00:00:00-04:00,3.1399565747726323,3.2837416718390053,3.1205260761191362,3.2720835208892822,308800,0.0,0.0
2009-05-04 00:00:00-04:00,3.283743935923245,3.439187661721019,3.283743935923245,3.345921277999878,314400,0.0,0.0
2009-05-05 00:00:00-04:00,3.345920818696937,3.400326170848728,3.3303764853115885,3.384781837463379,242100,0.0,0.0
2009-05-06 00:00:00-04:00,3.4080980184255254,3.443072485411523,3.3731231808334416,3.4197561740875244,267300,0.0,0.0
2009-05-07 00:00:00-04:00,3.458616649364302,3.4780471549327445,3.4197560088334855,3.4430723190307617,276900,0.0,0.0
2009-05-08 00:00:00-04:00,3.4780475191824984,3.5907440185546875,3.4741613435406036,3.5907440185546875,304300,0.0,0.0
2009-05-11 00:00:00-04:00,3.5829728644847427,3.633492047666049,3.524681328226531,3.5713143348693848,243400,0.0,0.0
2009-05-12 00:00:00-04:00,3.5674266025467927,3.6334900856018066,3.5402237520732034,3.6334900856018066,230100,0.0,0.0
2009-05-13 00:00:00-04:00,3.629549671926241,3.629549671926241,3.3970377445220947,3.3970377445220947,268000,0.13,0.0
2009-05-14 00:00:00-04:00,3.365510386348865,3.5467908211287025,3.3182198871669266,3.471914291381836,232200,0.0,0.0
2009-05-15 00:00:00-04:00,3.4679735579606747,3.48767802791558,3.32610167495056,3.4167420864105225,160700,0.0,0.0
2009-05-18 00:00:00-04:00,3.4482696527291914,3.562555146186382,3.4482696527291914,3.5507326126098633,149700,0.0,0.0
2009-05-19 00:00:00-04:00,3.586199570255353,3.6650170647576936,3.5231451988220215,3.5231451988220215,293800,0.0,0.0
2009-05-20 00:00:00-04:00,3.5625565169531574,3.6413740641758956,3.5428520361895455,3.578320026397705,198500,0.0,0.0
2009-05-21 00:00:00-04:00,3.5664962055959677,3.5783187394695233,3.4679742130426625,3.554673671722412,308800,0.0,0.0
2009-05-22 00:00:00-04:00,3.566495793023148,3.6571358352877774,3.507382378830469,3.6216678619384766,185600,0.0,0.0
2009-05-26 00:00:00-04:00,3.629549535736126,3.7201895713806152,3.629549535736126,3.7201895713806152,246100,0.0,0.0
2009-05-27 00:00:00-04:00,3.732010665337736,3.8068871637966577,3.6650157255333373,3.680779218673706,208000,0.0,0.0
2009-05-28 00:00:00-04:00,3.7201882665840484,3.8502375723641076,3.716247674639674,3.8384146690368652,152000,0.0,0.0
2009-05-29 00:00:00-04:00,3.9132924303799017,3.9408784593291397,3.8462974665047898,3.92905592918396,229200,0.0,0.0
2009-06-01 00:00:00-04:00,3.980287700147663,3.9960512001631763,3.9369377932313876,3.976346731185913,291200,0.0,0.0
2009-06-02 00:00:00-04:00,3.9054114818573,3.93693848744761,3.830534937538201,3.9054114818573,463400,0.0,0.0
2009-06-03 00:00:00-04:00,3.850240536368137,3.850240536368137,3.71230956468551,3.751718521118164,340600,0.0,0.0
2009-06-04 00:00:00-04:00,3.751715632958656,3.8384146690368652,3.7004841793680567,3.8384146690368652,243500,0.0,0.0
2009-06-05 00:00:00-04:00,3.8778254459236665,3.9132934211706534,3.814771434743046,3.9054114818573,195700,0.0,0.0
2009-06-08 00:00:00-04:00,3.8975306166440347,3.901471211175143,3.838417188697975,3.889648675918579,124100,0.0,0.0
2009-06-09 00:00:00-04:00,3.9014715813300884,3.940880537033081,3.9014715813300884,3.940880537033081,132700,0.0,0.0
2009-06-10 00:00:00-04:00,3.9645259856212083,3.976348521999444,3.9014715813300884,3.940880537033081,117400,0.0,0.0
2009-06-11 00:00:00-04:00,3.9528201027961556,3.9846655506238484,3.940877775140008,3.9448585510253906,170600,0.1,0.0
2009-06-12 00:00:00-04:00,3.944860852005763,4.040397251213845,3.9408800737984504,3.9886486530303955,122700,0.0,0.0
2009-06-15 00:00:00-04:00,3.968743145441717,3.968743145441717,3.877187190863433,3.9209749698638916,137100,0.0,0.0
2009-06-16 00:00:00-04:00,3.9647627940328856,3.9806855209315013,3.885149159539806,3.9090330600738525,103200,0.0,0.0
2009-06-17 00:00:00-04:00,3.88912980155043,3.8970909749102876,3.8015546168255527,3.84932279586792,160500,0.0,0.0
2009-06-18 00:00:00-04:00,3.8453420193741206,3.869226298709175,3.8055353933193516,3.84932279586792,94100,0.0,0.0
2009-06-19 00:00:00-04:00,3.8811690254636932,3.9050533095797095,3.789613425545902,3.865246295928955,126400,0.0,0.0
2009-06-22 00:00:00-04:00,3.841363356242545,3.8453441349264073,3.630387021161203,3.642328977584839,296900,0.0,0.0
2009-06-23 00:00:00-04:00,3.662231108434014,3.7020381209846973,3.526887721315059,3.6542699337005615,250300,0.0,0.0
2009-06-24 00:00:00-04:00,3.6781519981833815,3.757765603844309,3.6781519981833815,3.733881711959839,120800,0.0,0.0
2009-06-25 00:00:00-04:00,3.7498076990679534,3.8174794177267892,3.721943007724179,3.8095178604125977,129100,0.0,0.0
2009-06-26 00:00:00-04:00,3.837382606162265,3.8891315854348876,3.80155636054061,3.8533053398132324,96800,0.0,0.0
2009-06-29 00:00:00-04:00,3.8533055820929194,3.920977299271423,3.829421290300767,3.8811702728271484,128000,0.0,0.0
2009-06-30 00:00:00-04:00,3.9368976356303595,3.9368976356303595,3.7935927314323092,3.845341682434082,91000,0.0,0.0
2009-07-01 00:00:00-04:00,3.8493248990787947,3.9209773966060197,3.8493248990787947,3.8851511478424072,133100,0.0,0.0
2009-07-02 00:00:00-04:00,3.8413608082751174,3.901071310043335,3.7856314621780185,3.901071310043335,134000,0.0,0.0
2009-07-06 00:00:00-04:00,3.761747650417022,3.885149065618965,3.761747650417022,3.837380886077881,128700,0.0,0.0
2009-07-07 00:00:00-04:00,3.8334017252141717,3.8572856352372416,3.78165274732698,3.8214597702026367,119800,0.0,0.0
2009-07-08 00:00:00-04:00,3.833402152727224,3.849324887727659,3.773691611754632,3.8095178604125977,126800,0.0,0.0
2009-07-09 00:00:00-04:00,3.857284250181784,3.877187754472756,3.829419571951085,3.8413615226745605,101400,0.0,0.0
2009-07-10 00:00:00-04:00,3.8254405117307515,3.8811702728271484,3.8254405117307515,3.8811702728271484,106200,0.0,0.0
2009-07-13 00:00:00-04:00,3.9093202593997574,3.9133419022057425,3.869100762847541,3.9052982330322266,115900,0.1,0.0
2009-07-14 00:00:00-04:00,3.8811667894674486,3.913342236029296,3.8811667894674486,3.909320592880249,92300,0.0,0.0
2009-07-15 00:00:00-04:00,3.9294325063201954,4.0018271091622415,3.921388448470085,3.981717348098755,139300,0.0,0.0
2009-07-16 00:00:00-04:00,3.957586216669938,4.017915120490639,3.957586216669938,3.993783712387085,91100,0.0,0.0
2009-07-17 00:00:00-04:00,3.9857401633723515,4.0138936042785645,3.949542663029012,4.0138936042785645,125300,0.0,0.0
2009-07-20 00:00:00-04:00,4.017914651447396,4.078243931787195,3.997804891334129,4.0621562004089355,125000,0.0,0.0
2009-07-21 00:00:00-04:00,4.086286567359839,4.114439994227493,4.005847930908203,4.005847930908203,122400,0.0,0.0
2009-07-22 00:00:00-04:00,4.0138936042785645,4.042047428746643,3.9696524280599634,4.0138936042785645,130400,0.0,0.0
2009-07-23 00:00:00-04:00,4.001825506290253,4.1144395861533685,4.001825506290253,4.09030818939209,131100,0.0,0.0
2009-07-24 00:00:00-04:00,4.034002081378807,4.1184627606936575,4.034002081378807,4.102375030517578,98800,0.0,0.0
2009-07-27 00:00:00-04:00,4.126506431840654,4.18281329041282,4.082264890320573,4.106396675109863,187100,0.0,0.0
2009-07-28 00:00:00-04:00,4.090308658420206,4.118462085723877,4.054111175565954,4.118462085723877,187200,0.0,0.0
2009-07-29 00:00:00-04:00,4.082265534586949,4.142594814300537,4.082265534586949,4.142594814300537,184100,0.0,0.0
2009-07-30 00:00:00-04:00,4.162703319779326,4.214988142788657,4.146615593416073,4.178791046142578,187100,0.0,0.0
2009-07-31 00:00:00-04:00,4.210966673926626,4.243142127990723,4.1466157657984315,4.243142127990723,191900,0.0,0.0
2009-08-03 00:00:00-04:00,4.251186820781236,4.30347204208374,4.243143147114107,4.30347204208374,228900,0.0,0.0
2009-08-04 00:00:00-04:00,4.2712943077958645,4.33966722361732,4.263250638408282,4.331623554229736,259100,0.0,0.0
2009-08-05 00:00:00-04:00,4.331624503033054,4.359777927398682,4.303470695105787,4.359777927398682,180100,0.0,0.0
2009-08-06 00:00:00-04:00,4.371844478280703,4.42412969341207,4.331625347568531,4.383910179138184,188800,0.0,0.0
2009-08-07 00:00:00-04:00,4.424127861775496,4.480435081734798,4.291404056607155,4.331623554229736,356900,0.0,0.0
2009-08-10 00:00:00-04:00,4.335647062993135,4.4402174949646,4.303471604472948,4.4402174949646,190100,0.0,0.0
2009-08-11 00:00:00-04:00,4.440220110830208,4.464351910717968,4.36380344771587,4.40000057220459,128500,0.0,0.0
2009-08-12 00:00:00-04:00,4.424352703055324,4.444647977071206,4.367526400331042,4.387821674346924,122500,0.1,0.0
2009-08-13 00:00:00-04:00,4.420293642163663,4.4811790727617336,4.3431716838326375,4.464942932128906,115200,0.0,0.0
2009-08-14 00:00:00-04:00,4.473061795635,4.473061795635,4.379703684155957,4.395939826965332,111200,0.0,0.0
2009-08-17 00:00:00-04:00,4.261991830843486,4.367526959558897,4.180811111485555,4.343172550201416,232400,0.0,0.0
2009-08-18 00:00:00-04:00,4.3188193624762965,4.395940963993606,4.314760228948996,4.351291656494141,110300,0.0,0.0
2009-08-19 00:00:00-04:00,4.326935787004119,4.375644211647113,4.282286494523079,4.314758777618408,117400,0.0,0.0
2009-08-20 00:00:00-04:00,4.30663989284628,4.448706401246243,4.30663989284628,4.347230434417725,157900,0.0,0.0
2009-08-21 00:00:00-04:00,4.391881144383379,4.408117288855952,4.347231843858857,4.359408855438232,141600,0.0,0.0
2009-08-24 00:00:00-04:00,4.395939968654014,4.45276666386854,4.375644692713099,4.424353122711182,205100,0.0,0.0
2009-08-25 00:00:00-04:00,4.420293736697352,4.44870688663742,4.395939331677197,4.408116340637207,78400,0.0,0.0
2009-08-26 00:00:00-04:00,4.452766367530121,4.452766367530121,4.387821798521505,4.428411960601807,140100,0.0,0.0
2009-08-27 00:00:00-04:00,4.399997553641873,4.452765097688138,4.363466147217531,4.444646835327148,151100,0.0,0.0
2009-08-28 00:00:00-04:00,4.4243522056991855,4.460883617401123,4.399998189297968,4.460883617401123,114400,0.0,0.0
2009-08-31 00:00:00-04:00,4.481181186582042,4.50553560256958,4.416236593415684,4.50553560256958,184000,0.0,0.0
2009-09-01 00:00:00-04:00,4.436532120175163,4.4852405677356,4.383764538542941,4.391882419586182,180500,0.0,0.0
2009-09-02 00:00:00-04:00,4.347230009595608,4.444646835327148,4.330993871973684,4.444646835327148,234000,0.0,0.0
2009-09-03 00:00:00-04:00,4.440590743160979,4.460886025852913,4.3878235501024,4.448709011077881,124600,0.0,0.0
2009-09-04 00:00:00-04:00,4.432470650863252,4.485238204694972,4.416234510230424,4.464942932128906,115000,0.0,0.0
2009-09-08 00:00:00-04:00,4.485238584168133,4.521770000457764,4.444648035601842,4.521770000457764,123200,0.0,0.0
2009-09-09 00:00:00-04:00,4.49335564058607,4.517710042695789,4.4771195015462855,4.501473903656006,125500,0.0,0.0
2009-09-10 00:00:00-04:00,4.497415066537763,4.558300495147705,4.497415066537763,4.558300495147705,174600,0.0,0.0
2009-09-11 00:00:00-04:00,4.550113150241429,4.578781996425162,4.537826725064637,4.554208755493164,102200,0.1,0.0
2009-09-14 00:00:00-04:00,4.492773094577623,4.57468318939209,4.492773094577623,4.57468318939209,98200,0.0,0.0
2009-09-15 00:00:00-04:00,4.546013853079691,4.586968697082839,4.492772204355341,4.570586681365967,248800,0.0,0.0
2009-09-16 00:00:00-04:00,4.550110405434896,4.619734090400981,4.550110405434896,4.603352069854736,172900,0.0,0.0
2009-09-17 00:00:00-04:00,4.578778191255358,4.66887908844517,4.578778191255358,4.611542224884033,164200,0.0,0.0
2009-09-18 00:00:00-04:00,4.6361163085062955,4.664785138617524,4.599256663061998,4.619734287261963,136500,0.0,0.0
2009-09-21 00:00:00-04:00,4.541918696491131,4.607446765778597,4.541918696491131,4.599255561828613,139500,0.0,0.0
2009-09-22 00:00:00-04:00,4.607446575623916,4.648401812527363,4.586968957172193,4.61563777923584,119800,0.0,0.0
2009-09-23 00:00:00-04:00,4.611543226944599,4.6524980825906415,4.607447624206543,4.607447624206543,111200,0.0,0.0
2009-09-24 00:00:00-04:00,4.615637517520912,4.640210345807189,4.558300267222829,4.570586681365967,144300,0.0,0.0
2009-09-25 00:00:00-04:00,4.5828756805235,4.656594988120529,4.578780467217887,4.644308567047119,132200,0.0,0.0
2009-09-28 00:00:00-04:00,4.652494757109555,4.7016407831034215,4.636112748444933,4.693449974060059,107400,0.0,0.0
2009-09-29 00:00:00-04:00,4.677070465337497,4.697548084758246,4.636115226495999,4.656592845916748,139900,0.0,0.0
2009-09-30 00:00:00-04:00,4.701643296179912,4.705738898179683,4.632020015074333,4.656592845916748,151900,0.0,0.0
2009-10-01 00:00:00-04:00,4.660691712279243,4.660691712279243,4.525539876250886,4.550112724304199,274800,0.0,0.0
2009-10-02 00:00:00-04:00,4.4231505086723075,4.521442646723679,4.4231505086723075,4.509156227111816,288100,0.0,0.0
2009-10-05 00:00:00-04:00,4.509158269459317,4.566495180669956,4.509158269459317,4.554208755493164,230200,0.0,0.0
2009-10-06 00:00:00-04:00,4.570586940526431,4.664783829173125,4.5664913387204695,4.61563777923584,181900,0.0,0.0
2009-10-07 00:00:00-04:00,4.632018638297277,4.6770690751700785,4.615636625745531,4.652495861053467,183000,0.0,0.0
2009-10-08 00:00:00-04:00,4.664784020827285,4.69754805546493,4.664784020827285,4.685261249542236,152100,0.0,0.0
2009-10-09 00:00:00-04:00,4.7016425132751465,4.7016425132751465,4.6811652878423144,4.7016425132751465,186100,0.0,0.0
2009-10-12 00:00:00-04:00,4.791744743357715,4.791744743357715,4.65659299758805,4.677070617675781,188600,0.0,0.0
2009-10-13 00:00:00-04:00,4.685335678332025,4.701862419591295,4.644018628169552,4.668808937072754,125200,0.1,0.0
2009-10-14 00:00:00-04:00,4.701858564249714,4.701858564249714,4.644014820257597,4.664673328399658,100700,0.0,0.0
2009-10-15 00:00:00-04:00,4.648147647737129,4.668806160532743,4.6068306221459,4.615094184875488,152100,0.0,0.0
2009-10-16 00:00:00-04:00,4.5696443286462545,4.648146179641103,4.5696443286462545,4.631619453430176,121600,0.0,0.0
2009-10-19 00:00:00-04:00,4.639885363205534,4.705992701168455,4.62749040972494,4.677070617675781,167700,0.0,0.0
2009-10-20 00:00:00-04:00,4.6894683837890625,4.697731559028387,4.648151325506427,4.6894683837890625,163500,0.0,0.0
2009-10-21 00:00:00-04:00,4.6812010651010345,4.6812010651010345,4.62748908996582,4.62748908996582,133900,0.0,0.0
2009-10-22 00:00:00-04:00,4.6274928866829335,4.672941730486622,4.61509792656769,4.656414985656738,136500,0.0,0.0
2009-10-23 00:00:00-04:00,4.664674379167948,4.664674379167948,4.615094184875488,4.615094184875488,115200,0.0,0.0
2009-10-26 00:00:00-04:00,4.610962889668574,4.677069822361853,4.5861729869227945,4.590304374694824,161100,0.0,0.0
2009-10-27 00:00:00-04:00,4.5696443286462545,4.648146179641103,4.5696443286462545,4.631619453430176,189800,0.0,0.0
2009-10-28 00:00:00-04:00,4.594434826124143,4.631620063503802,4.524196131968852,4.544854640960693,166500,0.0,0.0
2009-10-29 00:00:00-04:00,4.511802889391984,4.631621813995519,4.511802889391984,4.623358249664307,142100,0.0,0.0
2009-10-30 00:00:00-04:00,4.664672568094993,4.664672568094993,4.524195208459596,4.528326988220215,103500,0.0,0.0
2009-11-02 00:00:00-05:00,4.511803513452872,4.6192275004466286,4.4704864741388155,4.5613837242126465,122400,0.0,0.0
2009-11-03 00:00:00-05:00,4.528327437492366,4.569644451141357,4.52006387715127,4.569644451141357,118800,0.0,0.0
2009-11-04 00:00:00-05:00,4.582040722013849,4.627489134941514,4.569645771947823,4.615094184875488,219500,0.0,0.0
2009-11-05 00:00:00-05:00,4.598568344727539,4.623358249664307,4.590304780396327,4.623358249664307,182600,0.0,0.0
2009-11-06 00:00:00-05:00,4.594437493406683,4.652281273359161,4.586174321429765,4.648149490356445,209600,0.0,0.0
2009-11-09 00:00:00-05:00,4.660544445336079,4.697729704303493,4.6316227523740965,4.648149490356445,220800,0.0,0.0
2009-11-10 00:00:00-05:00,4.656487430836977,4.660656270566226,4.593956425148005,4.639812469482422,126900,0.1,0.0
2009-11-11 00:00:00-05:00,4.639809563949508,4.702340530480455,4.614796938799816,4.623134613037109,167200,0.0,0.0
2009-11-12 00:00:00-05:00,4.61063194642747,4.631475352480103,4.564775498961711,4.581450462341309,153700,0.0,0.0
2009-11-13 00:00:00-05:00,4.593954673426676,4.618966907139872,4.556435925294595,4.614798069000244,129600,0.0,0.0
2009-11-16 00:00:00-05:00,4.62730598449707,4.648149386381704,4.593956064406768,4.62730598449707,290800,0.0,0.0
2009-11-17 00:00:00-05:00,4.598123627542648,4.639811218470211,4.598123627542648,4.631473541259766,125800,0.0,0.0
2009-11-18 00:00:00-05:00,4.643981423956403,4.643981423956403,4.585618858992202,4.598124980926514,169700,0.0,0.0
2009-11-19 00:00:00-05:00,4.564773998884978,4.573111676616092,4.535592921950793,4.548099040985107,183000,0.0,0.0
2009-11-20 00:00:00-05:00,4.5689426572365,4.593955291879261,4.527255065352677,4.556436538696289,188500,0.0,0.0
2009-11-23 00:00:00-05:00,4.585616725251388,4.602291679258903,4.5439291414514695,4.560604095458984,173600,0.0,0.0
2009-11-24 00:00:00-05:00,4.564772933351429,4.577279049466499,4.5439291414514695,4.560604095458984,146700,0.0,0.0
2009-11-25 00:00:00-05:00,4.560604365871937,4.623135745279501,4.556435925294595,4.614798069000244,150400,0.0,0.0
2009-11-27 00:00:00-05:00,4.548098276744388,4.58144818694017,4.443879707991997,4.568942070007324,152700,0.0,0.0
2009-11-30 00:00:00-05:00,4.627303841143158,4.627303841143158,4.5355914045945624,4.589785099029541,136500,0.0,0.0
2009-12-01 00:00:00-05:00,4.6064581871032715,4.618964296892475,4.568939460173596,4.6064581871032715,147400,0.0,0.0
2009-12-02 00:00:00-05:00,4.593955399750622,4.6189676374183595,4.568942764520535,4.577280044555664,140300,0.0,0.0
2009-12-03 00:00:00-05:00,4.585616504154858,4.602291457358387,4.543928922364917,4.552266597747803,171500,0.0,0.0
2009-12-04 00:00:00-05:00,4.614797795373972,4.614797795373972,4.548097979343915,4.560604095458984,179900,0.0,0.0
2009-12-07 00:00:00-05:00,4.543930022593738,4.58144877577671,4.543930022593738,4.556436538696289,202400,0.0,0.0
2009-12-08 00:00:00-05:00,4.556436645686666,4.577280044555664,4.527255171657838,4.577280044555664,175800,0.0,0.0
2009-12-09 00:00:00-05:00,4.560604066845469,4.585616696480941,4.543929112942574,4.573110580444336,178800,0.0,0.0
2009-12-10 00:00:00-05:00,4.573114305006186,4.618970366195939,4.564776622483003,4.602295398712158,221000,0.0,0.0
2009-12-11 00:00:00-05:00,4.593879251062471,4.661188772496934,4.5854653602849655,4.619120121002197,206900,0.1,0.0
2009-12-14 00:00:00-05:00,4.62753516265817,4.6696038246154785,4.602293885244487,4.6696038246154785,190500,0.0,0.0
2009-12-15 00:00:00-05:00,4.678017626392936,4.694845012052041,4.648569801788632,4.690638065338135,188400,0.0,0.0
2009-12-16 00:00:00-05:00,4.682222096051988,4.715876849565688,4.673808207075409,4.699049472808838,163200,0.0,0.0
2009-12-17 00:00:00-05:00,4.682223821140102,4.7116716410150765,4.661189492145211,4.707464694976807,181000,0.0,0.0
2009-12-18 00:00:00-05:00,4.757945492055967,4.757945492055967,4.673808207075409,4.699049472808838,131600,0.0,0.0
2009-12-21 00:00:00-05:00,4.694844158086315,4.741119761128973,4.690637212137629,4.715878486633301,157000,0.0,0.0
2009-12-22 00:00:00-05:00,4.703257762473328,4.741119471304125,4.703257762473328,4.720085144042969,152000,0.0,0.0
2009-12-23 00:00:00-05:00,4.736911977372554,4.766359791412092,4.720084597750478,4.753739356994629,214700,0.0,0.0
2009-12-24 00:00:00-05:00,4.7579458566292585,4.778979778289795,4.73270458896174,4.778979778289795,99200,0.0,0.0
2009-12-28 00:00:00-05:00,4.778979982836317,4.8126347403692495,4.766359549060556,4.795807361602783,168100,0.0,0.0
2009-12-29 00:00:00-05:00,4.787317820803382,4.812782455988355,4.766097358940345,4.804294109344482,118600,0.1,0.0
2009-12-30 00:00:00-05:00,4.770343365123037,4.817028480108396,4.770343365123037,4.787319660186768,102600,0.0,0.0
2009-12-31 00:00:00-05:00,4.7958074881829456,4.8297600746154785,4.7745870204759235,4.8297600746154785,152300,0.0,0.0
2010-01-04 00:00:00-05:00,4.8042954324177005,4.8297600746154785,4.7745870204759235,4.8297600746154785,208900,0.0,0.0
2010-01-05 00:00:00-05:00,4.817028644219957,4.859469180951791,4.8085402940255015,4.85098123550415,165400,0.0,0.0
2010-01-06 00:00:00-05:00,4.8594711703955635,4.872203296152903,4.842494867803452,4.855226993560791,145700,0.0,0.0
2010-01-07 00:00:00-05:00,4.842492794125588,4.867957439482642,4.821272323785846,4.863713264465332,178900,0.0,0.0
2010-01-08 00:00:00-05:00,4.834004606877849,4.872200965881348,4.834004606877849,4.872200965881348,326000,0.0,0.0
2010-01-11 00:00:00-05:00,4.880689925391545,4.901910397320876,4.8509815075385845,4.889178276062012,185900,0.0,0.0
2010-01-12 00:00:00-05:00,4.85947199894959,4.8976687874812495,4.846739871021387,4.880692481994629,180700,0.0,0.0
2010-01-13 00:00:00-05:00,4.876445717950306,4.940107133319158,4.876445717950306,4.918886661529541,169400,0.0,0.0
2010-01-14 00:00:00-05:00,4.9316190535917555,4.957083702087402,4.914642756176944,4.957083702087402,125200,0.0,0.0
2010-01-15 00:00:00-05:00,4.9316190535917555,4.957083702087402,4.923131107257778,4.957083702087402,121100,0.0,0.0
2010-01-19 00:00:00-05:00,4.944350000483677,5.029231872133144,4.944350000483677,5.024987697601318,172300,0.0,0.0
2010-01-20 00:00:00-05:00,5.012254862048832,5.033474922180176,4.991034397170786,5.033474922180176,162500,0.0,0.0
2010-01-21 00:00:00-05:00,5.016499915742194,5.046208736077321,4.978303150130462,5.012256145477295,144000,0.0,0.0
2010-01-22 00:00:00-05:00,4.978301443217794,5.016498195732987,4.96132515373845,4.974057674407959,182800,0.0,0.0
2010-01-25 00:00:00-05:00,4.965573813007199,5.02499108223356,4.944353330801568,4.9952826499938965,206100,0.0,0.0
2010-01-26 00:00:00-05:00,4.952839190443831,5.029232725999795,4.952839190443831,4.9783034324646,154300,0.0,0.0
2010-01-27 00:00:00-05:00,4.97405841020569,4.986790528011956,4.931617477855833,4.952837944030762,111800,0.0,0.0
2010-01-28 00:00:00-05:00,4.952840446683489,4.965572570923253,4.923132021875065,4.927375793457031,99200,0.0,0.0
2010-01-29 00:00:00-05:00,4.948595111767934,4.948595111767934,4.876445750056312,4.889178276062012,154400,0.0,0.0
2010-02-01 00:00:00-05:00,4.918884667129388,4.94434889915479,4.910396319956474,4.93161678314209,113300,0.0,0.0
2010-02-02 00:00:00-05:00,4.9231292555092985,5.008010710656692,4.9231292555092985,5.0037665367126465,181500,0.0,0.0
2010-02-03 00:00:00-05:00,4.974060405234161,5.024989301632845,4.965572053460935,5.016500949859619,171500,0.0,0.0
2010-02-04 00:00:00-05:00,4.986791661448063,4.995280011746022,4.935862773900764,4.944350719451904,180000,0.0,0.0
2010-02-05 00:00:00-05:00,4.914644407428189,4.9316207105468,4.732148845342881,4.859471321105957,284200,0.0,0.0
2010-02-08 00:00:00-05:00,4.817027866597664,4.872200514967738,4.812783692185582,4.84249210357666,117600,0.0,0.0
2010-02-09 00:00:00-05:00,4.884933443292535,4.93586232622061,4.829760385600426,4.914641857147217,212400,0.0,0.0
2010-02-10 00:00:00-05:00,4.901798147823358,4.940327631544586,4.897517003349353,4.906079292297363,117400,0.1,0.0
2010-02-11 00:00:00-05:00,4.927484606394979,4.927484606394979,4.893236267147757,4.906079292297363,62400,0.0,0.0
2010-02-12 00:00:00-05:00,4.884673412256791,4.927484035491943,4.880392268278803,4.927484035491943,119600,0.0,0.0
2010-02-16 00:00:00-05:00,4.914642509416406,4.983139614809743,4.867551132213973,4.961734294891357,297100,0.0,0.0
2010-02-17 00:00:00-05:00,4.99169624082445,4.99169624082445,4.93604263095708,4.978853225708008,213600,0.0,0.0
2010-02-18 00:00:00-05:00,4.978857885443992,4.978857885443992,4.944609540898902,4.948890686035156,151300,0.0,0.0
2010-02-19 00:00:00-05:00,4.931765570392317,4.97885693306585,4.927484426074979,4.9660139083862305,141400,0.0,0.0
2010-02-22 00:00:00-05:00,4.97885646366075,4.98741834321582,4.9660134401919676,4.983137607574463,150400,0.0,0.0
2010-02-23 00:00:00-05:00,4.957451932848758,4.995981417593411,4.957451932848758,4.987419128417969,215100,0.0,0.0
2010-02-24 00:00:00-05:00,4.983139252685772,5.051635944828947,4.97029581670456,5.043073654174805,210100,0.0,0.0
2010-02-25 00:00:00-05:00,5.0088236972155205,5.068758487701416,5.0088236972155205,5.068758487701416,119600,0.0,0.0
2010-02-26 00:00:00-05:00,5.094446559135769,5.124414170422523,5.055917473091406,5.115851879119873,142700,0.0,0.0
2010-03-01 00:00:00-05:00,5.158663752095178,5.158663752095178,5.103010070143354,5.141539573669434,123400,0.0,0.0
2010-03-02 00:00:00-05:00,5.15866061195924,5.188627803894764,5.137255299888563,5.1500983238220215,259600,0.0,0.0
2010-03-03 00:00:00-05:00,5.158662524157502,5.18006784416264,5.115851884147224,5.167224407196045,188500,0.0,0.0
2010-03-04 00:00:00-05:00,5.141538994176232,5.184349231279223,5.141538994176232,5.162944316864014,165000,0.0,0.0
2010-03-05 00:00:00-05:00,5.158662697528283,5.218597105629904,5.15010040592946,5.214316368103027,168100,0.0,0.0
2010-03-08 00:00:00-05:00,5.205752743396627,5.210033888099708,5.175785547019922,5.1929097175598145,152400,0.0,0.0
2010-03-09 00:00:00-05:00,5.1629454682409435,5.205755714890952,5.1629454682409435,5.188631534576416,122100,0.0,0.0
2010-03-10 00:00:00-05:00,5.175784795981453,5.214314276173453,5.1672225078177325,5.184346675872803,200200,0.0,0.0
2010-03-11 00:00:00-05:00,5.197297575696211,5.223197910945601,5.171397240446822,5.180030822753906,114300,0.1,0.0
2010-03-12 00:00:00-05:00,5.188666334661061,5.223199853388255,5.180032749143255,5.205933094024658,129300,0.0,0.0
2010-03-15 00:00:00-04:00,5.201614867674909,5.223198413848877,5.162764566896148,5.223198413848877,175300,0.0,0.0
2010-03-16 00:00:00-04:00,5.227515235501335,5.240465611303239,5.197298515307434,5.231832027435303,142900,0.0,0.0
2010-03-17 00:00:00-04:00,5.218881622279703,5.249098339920116,5.218881622279703,5.223198413848877,143200,0.0,0.0
2010-03-18 00:00:00-04:00,5.223200293856954,5.23615026155371,5.2016167399143285,5.214566707611084,151600,0.0,0.0
2010-03-19 00:00:00-04:00,5.192978382110596,5.218878705377696,5.192978382110596,5.192978382110596,118200,0.0,0.0
2010-03-22 00:00:00-04:00,5.175714993494226,5.218882089708418,5.16708182125455,5.201615333557129,167300,0.0,0.0
2010-03-23 00:00:00-04:00,5.21888157941433,5.266365051269531,5.201614824951358,5.266365051269531,114400,0.0,0.0
2010-03-24 00:00:00-04:00,5.244781548350942,5.262048302955736,5.210248039141355,5.223198413848877,182600,0.0,0.0
2010-03-25 00:00:00-04:00,5.23614881936927,5.262048747629203,5.223198855239304,5.231832027435303,120600,0.0,0.0
2010-03-26 00:00:00-04:00,5.244783878326416,5.262050640601903,5.22320073423612,5.244783878326416,118300,0.0,0.0
2010-03-29 00:00:00-04:00,5.257733811398357,5.283633746771681,5.2318334643529845,5.27500057220459,120100,0.0,0.0
2010-03-30 00:00:00-04:00,5.262047339953282,5.283630882177266,5.249097379287623,5.257730960845947,140000,0.0,0.0
2010-03-31 00:00:00-04:00,5.274998619039917,5.283631790410419,5.257731864627017,5.262048244476318,130700,0.0,0.0
2010-04-01 00:00:00-04:00,5.292263495140998,5.322480201721191,5.257729998571706,5.322480201721191,137400,0.0,0.0
2010-04-05 00:00:00-04:00,5.326798418231795,5.361331924049193,5.309531665323097,5.357015132904053,127100,0.0,0.0
2010-04-06 00:00:00-04:00,5.34838197789591,5.37859869265636,5.309531680819981,5.361331939697266,171700,0.0,0.0
2010-04-07 00:00:00-04:00,5.3613338416908345,5.3613338416908345,5.32248353083232,5.339750289916992,115200,0.0,0.0
2010-04-08 00:00:00-04:00,5.339748413809832,5.352698375655398,5.326798451964267,5.348381996154785,108700,0.0,0.0
2010-04-09 00:00:00-04:00,5.348381996154785,5.357015166827874,5.326798451964267,5.348381996154785,103800,0.0,0.0
2010-04-12 00:00:00-04:00,5.348383871920484,5.387233771082475,5.339750286547591,5.378600597381592,186900,0.0,0.0
2010-04-13 00:00:00-04:00,5.356842846265774,5.4134135246276855,5.356842846265774,5.4134135246276855,98600,0.1,0.0
2010-04-14 00:00:00-04:00,5.417765032314965,5.426468468649292,5.378600398815869,5.404710292816162,212600,0.0,0.0
2010-04-15 00:00:00-04:00,5.3960068564818355,5.413413314147802,5.361193941149903,5.404710292816162,141400,0.0,0.0
2010-04-16 00:00:00-04:00,5.391656222749415,5.400359245161629,5.330733405852967,5.343788146972656,175400,0.0,0.0
2010-04-19 00:00:00-04:00,5.308975227318325,5.382952785334463,5.300272204906111,5.343788146972656,170600,0.0,0.0
2010-04-20 00:00:00-04:00,5.361191936970278,5.39600483928807,5.343785485811383,5.391653537750244,183700,0.0,0.0
2010-04-21 00:00:00-04:00,5.391652769158949,5.417762234674068,5.339433423126238,5.365542888641357,127700,0.0,0.0
2010-04-22 00:00:00-04:00,5.352489482068233,5.378598954052487,5.339434746076106,5.369895935058594,157700,0.0,0.0
2010-04-23 00:00:00-04:00,5.382954222049423,5.430821895599365,5.356844732841399,5.430821895599365,118800,0.0,0.0
2010-04-26 00:00:00-04:00,5.426467326944158,5.452576800448445,5.409060872940433,5.448225498199463,170000,0.0,0.0
2010-04-27 00:00:00-04:00,5.443869620007907,5.4525726328564526,5.374243857210415,5.387298583984375,188700,0.0,0.0
2010-04-28 00:00:00-04:00,5.387302701685129,5.448225498199463,5.387302701685129,5.448225498199463,142900,0.0,0.0
2010-04-29 00:00:00-04:00,5.461278942880222,5.504794860092903,5.439520776772631,5.496091842651367,169100,0.0,0.0
2010-04-30 00:00:00-04:00,5.513502117648954,5.513502117648954,5.461282731763902,5.478689193725586,175000,0.0,0.0
2010-05-03 00:00:00-04:00,5.487388523810611,5.522201424302473,5.48303722250101,5.509146690368652,175600,0.0,0.0
2010-05-04 00:00:00-04:00,5.474336726886576,5.4917431864711626,5.443875526364232,5.469985008239746,239600,0.0,0.0
2010-05-05 00:00:00-04:00,5.4177630318756425,5.478685818712912,5.404708297197132,5.426466464996338,202000,0.0,0.0
2010-05-06 00:00:00-04:00,5.422118204018414,5.435172947016873,4.634474849729613,5.087043285369873,836300,0.0,0.0
2010-05-07 00:00:00-04:00,5.134907875461496,5.243698294793297,5.113149708594633,5.20018196105957,315900,0.0,0.0
2010-05-10 00:00:00-04:00,5.339434259795202,5.396004915609858,5.308972658584383,5.352488994598389,176000,0.0,0.0
2010-05-11 00:00:00-04:00,5.287218461612255,5.3960089683532715,5.287218461612255,5.3960089683532715,163700,0.0,0.0
2010-05-12 00:00:00-04:00,5.409166732505516,5.4398755745875595,5.391618762976263,5.4311017990112305,128400,0.1,0.0
2010-05-13 00:00:00-04:00,5.4310990071035725,5.453034062333366,5.365293841414194,5.409163951873779,153000,0.0,0.0
2010-05-14 00:00:00-04:00,5.396004709780065,5.396004709780065,5.277555626922897,5.3345866203308105,185200,0.0,0.0
2010-05-17 00:00:00-04:00,5.352134586119669,5.3652954558671855,5.273168949258062,5.3345866203308105,142900,0.0,0.0
2010-05-18 00:00:00-04:00,5.3477491507186405,5.374071316764021,5.3345882768842685,5.369684219360352,164500,0.0,0.0
2010-05-19 00:00:00-04:00,5.352135478000464,5.374070543485926,5.251234762494546,5.286330699920654,355300,0.0,0.0
2010-05-20 00:00:00-04:00,5.159109767723662,5.159109767723662,5.066982792643714,5.11523962020874,375800,0.0,0.0
2010-05-21 00:00:00-04:00,5.049433194231461,5.229299988148428,5.023111030508114,5.189816951751709,253200,0.0,0.0
2010-05-24 00:00:00-04:00,5.21175070059443,5.295103430951025,5.176654770088864,5.277555465698242,174300,0.0,0.0
2010-05-25 00:00:00-04:00,5.14594828186828,5.27755830116227,5.115239430771145,5.268784523010254,339600,0.0,0.0
2010-05-26 00:00:00-04:00,5.2907203800801135,5.343364311924595,5.260011106054915,5.281946182250977,111600,0.0,0.0
2010-05-27 00:00:00-04:00,5.391619288002063,5.391619288002063,5.317040305646227,5.369684219360352,175000,0.0,0.0
2010-05-28 00:00:00-04:00,5.404780331620324,5.404780331620324,5.268783654847508,5.356523513793945,102900,0.0,0.0
2010-06-01 00:00:00-04:00,5.308262732996565,5.369680379218391,5.290714774307995,5.299488544464111,78400,0.0,0.0
2010-06-02 00:00:00-04:00,5.08891549639351,5.2161383628845215,5.08891549639351,5.2161383628845215,471000,0.0,0.0
2010-06-03 00:00:00-04:00,5.211752133123921,5.220525908973673,5.172269095858522,5.207365036010742,315900,0.0,0.0
2010-06-04 00:00:00-04:00,5.102080159839031,5.1591112000917505,5.071371299078663,5.07575798034668,190900,0.0,0.0
2010-06-07 00:00:00-04:00,5.102079521626516,5.159110554745297,5.097692422530425,5.128401279449463,209200,0.0,0.0
2010-06-08 00:00:00-04:00,5.128399569484827,5.159108834541257,5.128399569484827,5.154721736907959,136100,0.0,0.0
2010-06-09 00:00:00-04:00,5.189819411664335,5.202980290575808,5.124014598730169,5.128401279449463,200700,0.0,0.0
2010-06-10 00:00:00-04:00,5.163495320008772,5.207365036010742,5.163495320008772,5.207365036010742,141200,0.0,0.0
2010-06-11 00:00:00-04:00,5.171592080750997,5.215756143876206,5.153926539736858,5.189257621765137,126600,0.079,0.0
2010-06-14 00:00:00-04:00,5.184840130521182,5.2334206748186105,5.167174592916564,5.198089599609375,128600,0.0,0.0
2010-06-15 00:00:00-04:00,5.189256319963276,5.233420372009277,5.189256319963276,5.233420372009277,172900,0.0,0.0
2010-06-16 00:00:00-04:00,5.1936748837605755,5.23342246224126,5.1804254101471585,5.211340427398682,119200,0.0,0.0
2010-06-17 00:00:00-04:00,5.180423236143326,5.229003776645763,5.1627576999186955,5.184839725494385,124500,0.0,0.0
2010-06-18 00:00:00-04:00,5.184840928035591,5.255503089323073,5.184840928035591,5.215755939483643,211200,0.0,0.0
2010-06-21 00:00:00-04:00,5.229003882568754,5.246669419151232,5.1936728094037985,5.233420372009277,144800,0.0,0.0
2010-06-22 00:00:00-04:00,5.2157541013138955,5.246668680687128,5.198088567217827,5.202504634857178,104800,0.0,0.0
2010-06-23 00:00:00-04:00,5.206927103185275,5.22900915145874,5.18926154880251,5.22900915145874,163900,0.0,0.0
2010-06-24 00:00:00-04:00,5.220173175244473,5.251088193601181,5.215757105061913,5.242255210876465,163800,0.0,0.0
2010-06-25 00:00:00-04:00,5.242257237950227,5.286421326291562,5.242257237950227,5.2820048332214355,123000,0.0,0.0
2010-06-28 00:00:00-04:00,5.2864191021483755,5.317333698272705,5.259920576056248,5.317333698272705,118200,0.0,0.0
2010-06-29 00:00:00-04:00,5.277586302035075,5.295251846313477,5.215757107650568,5.295251846313477,202200,0.0,0.0
2010-06-30 00:00:00-04:00,5.321752428492644,5.321752428492644,5.233424672989937,5.2820048332214355,247400,0.0,0.0
2010-07-01 00:00:00-04:00,5.167174072473782,5.317331337578868,5.158341515150917,5.312914848327637,389800,0.0,0.0
2010-07-02 00:00:00-04:00,5.28641923372419,5.317333830617964,5.237838671542779,5.304084777832031,144900,0.0,0.0
2010-07-06 00:00:00-04:00,5.317333554891287,5.3305826069902,5.220172856746461,5.2245893478393555,137900,0.0,0.0
2010-07-07 00:00:00-04:00,5.22017194353849,5.277585054163055,5.22017194353849,5.273168563842773,173300,0.0,0.0
2010-07-08 00:00:00-04:00,5.2687514451742326,5.2687514451742326,5.220170903687708,5.233420372009277,245400,0.0,0.0
2010-07-09 00:00:00-04:00,5.202510609294574,5.255507272442867,5.202510609294574,5.22900915145874,177700,0.0,0.0
2010-07-12 00:00:00-04:00,5.198091560792279,5.264337246508457,5.198091560792279,5.242255210876465,125000,0.0,0.0
2010-07-13 00:00:00-04:00,5.259596442237315,5.317394256591797,5.237366448408381,5.317394256591797,42600,0.079,0.0
2010-07-14 00:00:00-04:00,5.2818267036130075,5.317394525940215,5.277380619821635,5.299610614776611,106200,0.0,0.0
2010-07-15 00:00:00-04:00,5.317392985879182,5.339622974395752,5.290716914858945,5.339622974395752,150400,0.0,0.0
2010-07-16 00:00:00-04:00,5.344066823803934,5.3485124804481545,5.312944683284867,5.326282501220703,155100,0.0,0.0
2010-07-19 00:00:00-04:00,5.348515666405292,5.370745658874512,5.317393931349487,5.370745658874512,76100,0.0,0.0
2010-07-20 00:00:00-04:00,5.2818239221066525,5.375189512547995,5.2818239221066525,5.361851692199707,254200,0.0,0.0
2010-07-21 00:00:00-04:00,5.366294609936158,5.388524581835108,5.348510717217288,5.384078502655029,261600,0.0,0.0
2010-07-22 00:00:00-04:00,5.388526939734157,5.455216884613037,5.3751891203590345,5.455216884613037,409800,0.0,0.0
2010-07-23 00:00:00-04:00,5.455218317876433,5.486340045928955,5.38852835547593,5.486340045928955,119900,0.0,0.0
2010-07-26 00:00:00-04:00,5.504123849005084,5.52635383605957,5.477447779739353,5.52635383605957,184700,0.0,0.0
2010-07-27 00:00:00-04:00,5.535243936805989,5.539690017700195,5.5130139563365645,5.539690017700195,227700,0.0,0.0
2010-07-28 00:00:00-04:00,5.535245734760465,5.539691817098845,5.468556195691757,5.5130157470703125,110000,0.0,0.0
2010-07-29 00:00:00-04:00,5.521906644920815,5.535244464874268,5.513014482284079,5.535244464874268,134300,0.0,0.0
2010-07-30 00:00:00-04:00,5.530801449635852,5.5530314445495605,5.495233627374674,5.5530314445495605,109100,0.0,0.0
2010-08-02 00:00:00-04:00,5.588597188836523,5.588597188836523,5.5396915574121595,5.5663676261901855,145800,0.0,0.0
2010-08-03 00:00:00-04:00,5.566366999983484,5.610826544276267,5.548582673464354,5.606380462646484,124000,0.0,0.0
2010-08-04 00:00:00-04:00,5.597488886649079,5.628610610961914,5.570812820094011,5.628610610961914,145100,0.0,0.0
2010-08-05 00:00:00-04:00,5.606374645893024,5.637496761009851,5.593036838843664,5.615266799926758,178200,0.0,0.0
2010-08-06 00:00:00-04:00,5.606381524969832,5.668625407576006,5.606381524969832,5.66417932510376,146900,0.0,0.0
2010-08-09 00:00:00-04:00,5.668620941336637,5.71752653799393,5.655283128430362,5.713080883026123,122000,0.0,0.0
2010-08-10 00:00:00-04:00,5.6997463412981375,5.6997463412981375,5.664178534488298,5.686408519744873,81100,0.0,0.0
2010-08-11 00:00:00-04:00,5.615273004112992,5.664178633329511,5.615273004112992,5.646394729614258,235900,0.0,0.0
2010-08-12 00:00:00-04:00,5.632525705361942,5.708580493927002,5.632525705361942,5.708580493927002,234200,0.079,0.0
2010-08-13 00:00:00-04:00,5.726473108223226,5.735420500460641,5.704103987646456,5.730947017669678,93000,0.0,0.0
2010-08-16 00:00:00-04:00,5.71305180653936,5.730947017669678,5.7085778970929075,5.730947017669678,181900,0.0,0.0
2010-08-17 00:00:00-04:00,5.730950833702839,5.775688677990206,5.704107785805801,5.713055610656738,120300,0.0,0.0
2010-08-18 00:00:00-04:00,5.699630078200005,5.766737439930314,5.69068268596259,5.730947017669678,334700,0.0,0.0
2010-08-19 00:00:00-04:00,5.748844336458466,5.762265643062892,5.699632167816162,5.699632167816162,187000,0.0,0.0
2010-08-20 00:00:00-04:00,5.699631506955107,5.748843669891357,5.699631506955107,5.748843669891357,152400,0.0,0.0
2010-08-23 00:00:00-04:00,5.784636497497559,5.798057808105794,5.748846051438418,5.784636497497559,138400,0.0,0.0
2010-08-24 00:00:00-04:00,5.771212583250787,5.829372142822227,5.748843882893442,5.789107799530029,245800,0.0,0.0
2010-08-25 00:00:00-04:00,5.7712123995397,5.869636299270277,5.7712123995397,5.838319778442383,163200,0.0,0.0
2010-08-26 00:00:00-04:00,5.824896617066078,5.918846149610245,5.807000980403805,5.90989875793457,400400,0.0,0.0
2010-08-27 00:00:00-04:00,5.9501681093919085,5.954642022333712,5.909903746227318,5.941220283508301,207000,0.0,0.0
2010-08-30 00:00:00-04:00,5.914373829104757,5.932269042627465,5.865161671925652,5.869635581970215,146700,0.0,0.0
2010-08-31 00:00:00-04:00,5.88753080368042,5.905426017228013,5.847266466534448,5.88753080368042,122300,0.0,0.0
2010-09-01 00:00:00-04:00,5.892008521115924,5.9591155086196945,5.88753460817412,5.941220283508301,266600,0.0,0.0
2010-09-02 00:00:00-04:00,5.918851145455104,5.977010733731088,5.918851145455104,5.941220283508301,296400,0.0,0.0
2010-09-03 00:00:00-04:00,5.927799916617933,5.959116458892822,5.9054307749976305,5.959116458892822,152900,0.0,0.0
2010-09-07 00:00:00-04:00,5.918850194324374,5.9770097732543945,5.918850194324374,5.9770097732543945,152200,0.0,0.0
2010-09-08 00:00:00-04:00,6.0396444806258955,6.079908845428336,5.932273125589948,5.981484889984131,110700,0.0,0.0
2010-09-09 00:00:00-04:00,5.981483964803488,5.98595787723528,5.923324383157504,5.936746120452881,145600,0.0,0.0
2010-09-10 00:00:00-04:00,5.959110980162591,5.959110980162591,5.909899255167267,5.945689678192139,88300,0.0,0.0
2010-09-13 00:00:00-04:00,5.98124484206779,5.98124484206779,5.877732157370447,5.886733055114746,115200,0.079,0.0
2010-09-14 00:00:00-04:00,5.891236983512656,5.931742118827169,5.868734082870469,5.873234748840332,101100,0.0,0.0
2010-09-15 00:00:00-04:00,5.864229679107666,5.895733891609156,5.85972944521333,5.864229679107666,98700,0.0,0.0
2010-09-16 00:00:00-04:00,5.855228782112137,5.8867325654067715,5.850728119010945,5.864229679107666,94900,0.0,0.0
2010-09-17 00:00:00-04:00,5.886732262420083,5.886732262420083,5.823724269866943,5.823724269866943,122600,0.0,0.0
2010-09-20 00:00:00-04:00,5.84172679280856,5.864229679107666,5.8372265589142245,5.864229679107666,95800,0.0,0.0
2010-09-21 00:00:00-04:00,5.855228782112137,5.873231005310051,5.8462274559097525,5.864229679107666,92700,0.0,0.0
2010-09-22 00:00:00-04:00,5.873232726333725,5.904736518859863,5.864231397493696,5.904736518859863,107700,0.0,0.0
2010-09-23 00:00:00-04:00,5.8732318972707125,5.931739238851084,5.8732318972707125,5.895734786987305,141900,0.0,0.0
2010-09-24 00:00:00-04:00,5.8957384712866485,5.963246753416029,5.8957384712866485,5.927242279052734,166200,0.0,0.0
2010-09-27 00:00:00-04:00,5.927235036447462,5.945237251631849,5.904732160165314,5.91373348236084,85900,0.0,0.0
2010-09-28 00:00:00-04:00,5.927242001765196,5.940743571718005,5.8957381954729176,5.9317426681518555,126200,0.0,0.0
2010-09-29 00:00:00-04:00,5.927235036447462,5.963239466816235,5.91373348236084,5.91373348236084,128500,0.0,0.0
2010-09-30 00:00:00-04:00,5.954241781972513,5.954241781972513,5.904735767274679,5.909236431121826,74600,0.0,0.0
2010-10-01 00:00:00-04:00,5.918240547180176,5.954245019118055,5.895738074124372,5.918240547180176,124900,0.0,0.0
2010-10-04 00:00:00-04:00,5.909236349134491,5.9452408009982705,5.886733459417899,5.895734786987305,138700,0.0,0.0
2010-10-05 00:00:00-04:00,5.900234234865829,5.94073934511362,5.900234234865829,5.922737121582031,114100,0.0,0.0
2010-10-06 00:00:00-04:00,5.92273799345634,5.936239555790853,5.895734868787313,5.909236431121826,181200,0.0,0.0
2010-10-07 00:00:00-04:00,5.909239765425727,5.9317426681518555,5.900238432652407,5.9317426681518555,95200,0.0,0.0
2010-10-08 00:00:00-04:00,5.913738486600806,5.958743848042238,5.913738486600806,5.954243183135986,96800,0.0,0.0
2010-10-11 00:00:00-04:00,5.949742672046249,5.958743572235107,5.922739113065657,5.958743572235107,76000,0.0,0.0
2010-10-12 00:00:00-04:00,5.940742417502551,5.9857482142107195,5.93174151568517,5.9722466468811035,141800,0.0,0.0
2010-10-13 00:00:00-04:00,5.971794276404116,5.976321896684566,5.953684227059949,5.96273946762085,120800,0.079,0.0
2010-10-14 00:00:00-04:00,5.958208753339933,5.9808464112091855,5.917461055530761,5.944626331329346,139000,0.0,0.0
2010-10-15 00:00:00-04:00,5.926515678949204,5.926515678949204,5.863130329820958,5.881240367889404,190500,0.0,0.0
2010-10-18 00:00:00-04:00,5.863132953643799,5.903880665477239,5.82238524181036,5.863132953643799,138300,0.0,0.0
2010-10-19 00:00:00-04:00,5.845019057015884,5.872184324268685,5.845019057015884,5.867656707763672,75600,0.0,0.0
2010-10-20 00:00:00-04:00,5.863131464167565,5.92198920722163,5.858603845830148,5.903879165649414,103600,0.0,0.0
2010-10-21 00:00:00-04:00,5.899350972757157,5.94009867027047,5.890296168741647,5.912933826446533,90100,0.0,0.0
2010-10-22 00:00:00-04:00,5.912935554028404,5.931045599128041,5.876715032051594,5.890297889709473,104900,0.0,0.0
2010-10-25 00:00:00-04:00,5.908407406354971,5.917462212206153,5.894824981689453,5.894824981689453,122400,0.0,0.0
2010-10-26 00:00:00-04:00,5.890297889709473,5.917462741470162,5.881242651270887,5.890297889709473,108100,0.0,0.0
2010-10-27 00:00:00-04:00,5.8767138874023646,5.90840678398683,5.8767138874023646,5.903879165649414,118600,0.0,0.0
2010-10-28 00:00:00-04:00,5.903879165649414,5.90840678398683,5.872186700842398,5.903879165649414,74400,0.0,0.0
2010-10-29 00:00:00-04:00,5.912935554028404,5.912935554028404,5.8857702704901795,5.890297889709473,72700,0.0,0.0
2010-11-01 00:00:00-04:00,5.876714070030718,5.926517009735107,5.876714070030718,5.926517009735107,129300,0.0,0.0
2010-11-02 00:00:00-04:00,5.9355712880138665,5.9491541422424765,5.912934061187699,5.931044101715088,201400,0.0,0.0
2010-11-03 00:00:00-04:00,5.935571095470681,5.9536811354106005,5.917461055530761,5.944626331329346,130700,0.0,0.0
2010-11-04 00:00:00-04:00,5.949157141405491,5.976322000002549,5.926519471389516,5.953684329986572,177200,0.0,0.0
2010-11-05 00:00:00-04:00,5.926515625715676,5.9672633189480155,5.926515625715676,5.958208084106445,126200,0.0,0.0
2010-11-08 00:00:00-05:00,5.921988008294891,5.958208084106445,5.921988008294891,5.958208084106445,101100,0.0,0.0
2010-11-09 00:00:00-05:00,5.953684175713779,5.9717942249017595,5.935574126525797,5.967267036437988,131800,0.0,0.0
2010-11-10 00:00:00-05:00,5.934925026325068,5.962254112992052,5.893931613515139,5.912150859832764,119700,0.079,0.0
2010-11-11 00:00:00-05:00,5.884820690629685,5.930369011873404,5.875710852628548,5.903039932250977,116900,0.0,0.0
2010-11-12 00:00:00-05:00,5.875714167710488,5.875714167710488,5.821056412008673,5.843830585479736,123800,0.0,0.0
2010-11-15 00:00:00-05:00,5.839271239461634,5.839271239461634,5.711736572791111,5.739065647125244,207500,0.0,0.0
2010-11-16 00:00:00-05:00,5.702629776014666,5.711739182033478,5.493108225008799,5.684410095214844,456800,0.0,0.0
2010-11-17 00:00:00-05:00,5.661635356383615,5.757286491671176,5.657080436993487,5.7345123291015625,153800,0.0,0.0
2010-11-18 00:00:00-05:00,5.734514677126864,5.775508099660924,5.734514677126864,5.770953178405762,175000,0.0,0.0
2010-11-19 00:00:00-05:00,5.7208503477425765,5.775508099660924,5.698076175847966,5.770953178405762,98800,0.0,0.0
2010-11-22 00:00:00-05:00,5.757288849021475,5.784617507790049,5.739069598382026,5.770953178405762,124500,0.0,0.0
2010-11-23 00:00:00-05:00,5.761839368959305,5.784613525174267,5.734510729006072,5.739065647125244,89200,0.0,0.0
2010-11-24 00:00:00-05:00,5.748180043101275,5.83472182503095,5.748180043101275,5.816502571105957,171800,0.0,0.0
2010-11-26 00:00:00-05:00,5.766398906707764,5.816502177396041,5.757289497552508,5.766398906707764,61800,0.0,0.0
2010-11-29 00:00:00-05:00,5.752732172266536,5.807389907505566,5.752732172266536,5.802834987640381,84600,0.0,0.0
2010-11-30 00:00:00-05:00,5.780061126764956,5.8210545389460195,5.780061126764956,5.807390213012695,96900,0.0,0.0
2010-12-01 00:00:00-05:00,5.811944576824398,5.839273226075272,5.798279817817912,5.821053981781006,176500,0.0,0.0
2010-12-02 00:00:00-05:00,5.798282490323032,5.821056664783045,5.766398906707764,5.766398906707764,169300,0.0,0.0
2010-12-03 00:00:00-05:00,5.725403021145701,5.766396430695461,5.725403021145701,5.75728702545166,191700,0.0,0.0
2010-12-06 00:00:00-05:00,5.739068294007371,5.752732620286032,5.72540353334761,5.743622779846191,149200,0.0,0.0
2010-12-07 00:00:00-05:00,5.729958002817586,5.729958002817586,5.679855187483125,5.707183837890625,250500,0.0,0.0
2010-12-08 00:00:00-05:00,5.684410315767453,5.684410315767453,5.579649753390405,5.58420467376709,160900,0.0,0.0
2010-12-09 00:00:00-05:00,5.511329737354635,5.584206752992171,5.456671541245206,5.461226463317871,534800,0.0,0.0
2010-12-10 00:00:00-05:00,5.433893435436454,5.488551153266497,5.433893435436454,5.452112674713135,301800,0.0,0.0
2010-12-13 00:00:00-05:00,5.428748607635498,5.451654369647095,5.387517536975575,5.428748607635498,337700,0.069,0.0
2010-12-14 00:00:00-05:00,5.405844688415527,5.447075776462953,5.387519808938848,5.405844688415527,400900,0.0,0.0
2010-12-15 00:00:00-05:00,5.378355295214977,5.4012614958830705,5.341705548905802,5.369193077087402,334600,0.0,0.0
2010-12-16 00:00:00-05:00,5.341705158661781,5.437910844919815,5.337123831482968,5.410423755645752,241300,0.0,0.0
2010-12-17 00:00:00-05:00,5.392100392233101,5.460818571541107,5.387519063772694,5.415006160736084,261700,0.0,0.0
2010-12-20 00:00:00-05:00,5.465402909203993,5.465402909203993,5.415009142192201,5.419590473175049,240500,0.0,0.0
2010-12-21 00:00:00-05:00,5.405845107437991,5.479144631026364,5.405845107437991,5.442494869232178,191700,0.0,0.0
2010-12-22 00:00:00-05:00,5.419587064763191,5.488305238689553,5.419587064763191,5.47456169128418,267300,0.0,0.0
2010-12-23 00:00:00-05:00,5.469980936933666,5.506631128691424,5.460818716668882,5.4974684715271,236000,0.0,0.0
2010-12-27 00:00:00-05:00,5.492886436705439,5.515792639771581,5.488305108712314,5.5066304206848145,202600,0.0,0.0
2010-12-28 00:00:00-05:00,5.502050128126977,5.515793677793277,5.492887470416399,5.511212348937988,148700,0.0,0.0
2010-12-29 00:00:00-05:00,5.533788602324103,5.552219187567838,5.506142504748594,5.53839635848999,189000,0.069,0.0
2010-12-30 00:00:00-05:00,5.533788329696249,5.566041742428834,5.533788329696249,5.552218914031982,151600,0.0,0.0
2010-12-31 00:00:00-05:00,5.533788849660883,5.5890806078633934,5.533788849660883,5.575257778167725,178300,0.0,0.0
2011-01-03 00:00:00-05:00,5.566043337544597,5.593689441680908,5.547612747927029,5.593689441680908,271100,0.0,0.0
2011-01-04 00:00:00-05:00,5.579865095119725,5.5890806078633934,5.556827192100221,5.575257778167725,219700,0.0,0.0
2011-01-05 00:00:00-05:00,5.552219187567838,5.5706497728115725,5.524573089992328,5.53839635848999,238000,0.0,0.0
2011-01-06 00:00:00-05:00,5.55682725342509,5.561434570427937,5.496927738189697,5.496927738189697,308400,0.0,0.0
2011-01-07 00:00:00-05:00,5.48771622577803,5.529185184972549,5.48771622577803,5.510754585266113,163600,0.0,0.0
2011-01-10 00:00:00-05:00,5.515361109055749,5.524576187133789,5.501537832808598,5.524576187133789,137700,0.0,0.0
2011-01-11 00:00:00-05:00,5.506142661505047,5.547611589338999,5.506142661505047,5.529181003570557,135700,0.0,0.0
2011-01-12 00:00:00-05:00,5.5476103101273715,5.55682582059652,5.515356902324799,5.519964218139648,243800,0.0,0.0
2011-01-13 00:00:00-05:00,5.506145656740782,5.593691316328881,5.506145656740782,5.570652961730957,660000,0.0,0.0
2011-01-14 00:00:00-05:00,5.589082881397913,5.59829795847027,5.556829452514648,5.556829452514648,232600,0.0,0.0
2011-01-18 00:00:00-05:00,5.561435298017844,5.570650812068859,5.53378963470459,5.53378963470459,178600,0.0,0.0
2011-01-19 00:00:00-05:00,5.538396312409344,5.556826897499733,5.501534702808757,5.515357971191406,427200,0.0,0.0
2011-01-20 00:00:00-05:00,5.501535415649414,5.515358685823161,5.501535415649414,5.501535415649414,161400,0.0,0.0
2011-01-21 00:00:00-05:00,5.506142458936307,5.519965287899146,5.501534702808757,5.515357971191406,180100,0.0,0.0
2011-01-24 00:00:00-05:00,5.524574400009926,5.556828261399535,5.506143810395828,5.543004989624023,215000,0.0,0.0
2011-01-25 00:00:00-05:00,5.5430078790636,5.579869077506672,5.533792799162906,5.566046237945557,227300,0.0,0.0
2011-01-26 00:00:00-05:00,5.566044841630183,5.59369095323717,5.543006488527699,5.589083194732666,272700,0.0,0.0
2011-01-27 00:00:00-05:00,5.575260720534555,5.593691316328881,5.552222365936631,5.570652961730957,241800,0.0,0.0
2011-01-28 00:00:00-05:00,5.547614607133033,5.579868039918088,5.538399528945902,5.570652961730957,253800,0.0,0.0
2011-01-31 00:00:00-05:00,5.579867677723658,5.59369095323717,5.5522220055367075,5.589083194732666,171000,0.0,0.0
2011-02-01 00:00:00-05:00,5.579866169902794,5.607512274039105,5.5614355802852256,5.593689441680908,180000,0.0,0.0
2011-02-02 00:00:00-05:00,5.579865095119725,5.58447285149156,5.552219435728387,5.575257778167725,131300,0.0,0.0
2011-02-03 00:00:00-05:00,5.556828421254993,5.589081844152532,5.5430051490818215,5.584474086761475,251400,0.0,0.0
2011-02-04 00:00:00-05:00,5.566045202927359,5.579868039918088,5.5568301247402285,5.570652961730957,251200,0.0,0.0
2011-02-07 00:00:00-05:00,5.556829452514648,5.566044529587004,5.543006177776095,5.556829452514648,147300,0.0,0.0
2011-02-08 00:00:00-05:00,5.54761334246047,5.570651691806412,5.538398266374072,5.561436176300049,148000,0.0,0.0
2011-02-09 00:00:00-05:00,5.5476114314019505,5.566042016645685,5.519965333826442,5.53839635848999,228600,0.0,0.0
2011-02-10 00:00:00-05:00,5.529181877679083,5.566043055043352,5.519966363628067,5.53378963470459,161600,0.0,0.0
2011-02-11 00:00:00-05:00,5.533324678925455,5.565764907525973,5.519421976358916,5.551861763000488,139800,0.069,0.0
2011-02-14 00:00:00-05:00,5.54722782345094,5.565764907525973,5.54722782345094,5.551861763000488,251100,0.0,0.0
2011-02-15 00:00:00-05:00,5.5472283363342285,5.584302507912084,5.537959572460271,5.5472283363342285,254000,0.0,0.0
2011-02-16 00:00:00-05:00,5.55186227631222,5.570399804060135,5.5472283363342285,5.5472283363342285,232500,0.0,0.0
2011-02-17 00:00:00-05:00,5.542595337861209,5.584303901786742,5.542595337861209,5.56576681137085,182000,0.0,0.0
2011-02-18 00:00:00-05:00,5.561132433788037,5.584303907320641,5.537960960255434,5.556498050689697,366300,0.0,0.0
2011-02-22 00:00:00-05:00,5.537961006164551,5.561132479889244,5.533326623027793,5.537961006164551,223200,0.0,0.0
2011-02-23 00:00:00-05:00,5.542595337861209,5.607475375296383,5.542595337861209,5.56576681137085,344900,0.0,0.0
2011-02-24 00:00:00-05:00,5.561133335788807,5.584304813079761,5.561133335788807,5.579670429229736,164100,0.0,0.0
2011-02-25 00:00:00-05:00,5.579669384664481,5.6213779475881385,5.579669384664481,5.616743564605713,154200,0.0,0.0
2011-02-28 00:00:00-05:00,5.635282418078706,5.667722225189209,5.621379706739808,5.667722225189209,191300,0.0,0.0
2011-03-01 00:00:00-05:00,5.66308362531682,5.66308362531682,5.616740703021259,5.626009464263916,178000,0.0,0.0
2011-03-02 00:00:00-05:00,5.621377812476972,5.67698908105219,5.616743429605934,5.672354698181152,341300,0.0,0.0
2011-03-03 00:00:00-05:00,5.653818701067621,5.658453084834099,5.616744514854128,5.6213788986206055,214300,0.0,0.0
2011-03-04 00:00:00-05:00,5.626011892451623,5.626011892451623,5.593571656059974,5.6074748039245605,124100,0.0,0.0
2011-03-07 00:00:00-05:00,5.602840857617522,5.626012330570564,5.602840857617522,5.616743564605713,133200,0.0,0.0
2011-03-08 00:00:00-05:00,5.607475197972472,5.630646228790283,5.602840815025276,5.630646228790283,134100,0.0,0.0
2011-03-09 00:00:00-05:00,5.6074761892803355,5.630647224194398,5.6074761892803355,5.6213788986206055,158000,0.0,0.0
2011-03-10 00:00:00-05:00,5.61674352190778,5.635280611737478,5.607475197972472,5.630646228790283,122800,0.0,0.0
2011-03-11 00:00:00-05:00,5.634842149354889,5.658145968930795,5.620860035402701,5.639503002166748,127000,0.069,0.0
2011-03-14 00:00:00-04:00,5.620861657246024,5.653486747375903,5.620861657246024,5.6441650390625,124700,0.0,0.0
2011-03-15 00:00:00-04:00,5.625520443731171,5.653485116118937,5.597556215826794,5.639503002166748,454500,0.0,0.0
2011-03-16 00:00:00-04:00,5.639502953874793,5.65348506770725,5.5975561678940355,5.648824214935303,279200,0.0,0.0
2011-03-17 00:00:00-04:00,5.6581476015326055,5.6581476015326055,5.634843775232613,5.6441650390625,96000,0.0,0.0
2011-03-18 00:00:00-04:00,5.648823015862672,5.653483867645264,5.625519201433009,5.653483867645264,115400,0.0,0.0
2011-03-21 00:00:00-04:00,5.634842085230306,5.658145904541016,5.634842085230306,5.658145904541016,201000,0.0,0.0
2011-03-22 00:00:00-04:00,5.620861657246024,5.667468865362492,5.620861657246024,5.6441650390625,92400,0.0,0.0
2011-03-23 00:00:00-04:00,5.64416334626456,5.658145904541016,5.634842085230306,5.658145904541016,110500,0.0,0.0
2011-03-24 00:00:00-04:00,5.6488241990233785,5.658145904541016,5.634842085230306,5.658145904541016,198900,0.0,0.0
2011-03-25 00:00:00-04:00,5.658145904541016,5.667467165575269,5.6488241990233785,5.658145904541016,178600,0.0,0.0
2011-03-28 00:00:00-04:00,5.662805080413818,5.672126783902762,5.653483821408161,5.662805080413818,94300,0.0,0.0
2011-03-29 00:00:00-04:00,5.662806377259266,5.6767889356948436,5.634842149354889,5.639503002166748,161000,0.0,0.0
2011-03-30 00:00:00-04:00,5.653483867645264,5.672126830292337,5.63484090499819,5.653483867645264,125500,0.0,0.0
2011-03-31 00:00:00-04:00,5.66280632876776,5.66280632876776,5.639502953874793,5.648824214935303,166600,0.0,0.0
2011-04-01 00:00:00-04:00,5.639502415477213,5.676788345126373,5.639502415477213,5.667466640472412,170000,0.0,0.0
2011-04-04 00:00:00-04:00,5.667466640472412,5.676788345126373,5.658145380301793,5.667466640472412,86100,0.0,0.0
2011-04-05 00:00:00-04:00,5.6721296310424805,5.67679048512648,5.658147513273992,5.6721296310424805,137600,0.0,0.0
2011-04-06 00:00:00-04:00,5.672126783902762,5.686108894652891,5.662805080413818,5.662805080413818,163200,0.0,0.0
2011-04-07 00:00:00-04:00,5.66746593215829,5.676787635647234,5.658144673152632,5.662805080413818,154300,0.0,0.0
2011-04-08 00:00:00-04:00,5.667466640472412,5.667466640472412,5.653484527974813,5.667466640472412,91900,0.0,0.0
2011-04-11 00:00:00-04:00,5.667465978509746,5.672126830292337,5.648823015862672,5.653483867645264,113300,0.0,0.0
2011-04-12 00:00:00-04:00,5.648825805105993,5.6721296310424805,5.648825805105993,5.6721296310424805,114300,0.0,0.0
2011-04-13 00:00:00-04:00,5.681034685383017,5.690409544735479,5.6529110013614305,5.676347255706787,129200,0.069,0.0
2011-04-14 00:00:00-04:00,5.657597389235416,5.681034088134766,5.657597389235416,5.681034088134766,145400,0.0,0.0
2011-04-15 00:00:00-04:00,5.676345201800822,5.709156750644138,5.676345201800822,5.699781894683838,99200,0.0,0.0
2011-04-18 00:00:00-04:00,5.676344041413481,5.699780729505449,5.671657061409204,5.690406322479248,141800,0.0,0.0
2011-04-19 00:00:00-04:00,5.699783648264664,5.727907777780427,5.695096218842391,5.723220348358154,152400,0.0,0.0
2011-04-20 00:00:00-04:00,5.737280487571484,5.751342771666551,5.732593059539795,5.732593059539795,172300,0.0,0.0
2011-04-21 00:00:00-04:00,5.727906555183629,5.760717660100403,5.723219126761867,5.751343250274658,125500,0.0,0.0
2011-04-25 00:00:00-04:00,5.737277732542706,5.765401840209961,5.737277732542706,5.765401840209961,149700,0.0,0.0
2011-04-26 00:00:00-04:00,5.756026988648367,5.784151096315623,5.751340009885096,5.765401840209961,194100,0.0,0.0
2011-04-27 00:00:00-04:00,5.751346396728501,5.784157519595626,5.751346396728501,5.774782657623291,137300,0.0,0.0
2011-04-28 00:00:00-04:00,5.774778487916673,5.7888407707214355,5.76071665212961,5.7888407707214355,149500,0.0,0.0
2011-04-29 00:00:00-04:00,5.821650762718195,5.821650762718195,5.779464816362356,5.793526649475098,125000,0.0,0.0
2011-05-02 00:00:00-04:00,5.788841902911975,5.816965579986572,5.788841902911975,5.816965579986572,149000,0.0,0.0
2011-05-03 00:00:00-04:00,5.807589124924529,5.840400218963623,5.807589124924529,5.840400218963623,157000,0.0,0.0
2011-05-04 00:00:00-04:00,5.831027657046302,5.840402514466512,5.8216532466438995,5.826340675354004,92000,0.0,0.0
2011-05-05 00:00:00-04:00,5.82633814394028,5.840399976943236,5.821650717266758,5.831025123596191,122100,0.0,0.0
2011-05-06 00:00:00-04:00,5.8310253652280934,5.849774625681523,5.821650958510194,5.840400218963623,102000,0.0,0.0
2011-05-09 00:00:00-04:00,5.831026855772729,5.8779002423970335,5.831026855772729,5.873212814331055,147000,0.0,0.0
2011-05-10 00:00:00-04:00,5.85915097715086,5.882587670463013,5.85915097715086,5.873212814331055,145500,0.0,0.0
2011-05-11 00:00:00-04:00,5.86383840521684,5.8779002423970335,5.845089139970667,5.873212814331055,133900,0.0,0.0
2011-05-12 00:00:00-04:00,5.868028741608287,5.901021980452752,5.858602423004899,5.8868818283081055,102700,0.069,0.0
2011-05-13 00:00:00-04:00,5.8868818283081055,5.901021980452752,5.868028741608287,5.8868818283081055,116400,0.0,0.0
2011-05-16 00:00:00-04:00,5.872743174300801,5.915162739323144,5.872743174300801,5.905735969543457,112500,0.0,0.0
2011-05-17 00:00:00-04:00,5.901022609555512,5.905735544613126,5.877456136295077,5.891595840454102,121400,0.0,0.0
2011-05-18 00:00:00-04:00,5.882165416200184,5.910445256438352,5.877452484071166,5.896305561065674,161600,0.0,0.0
2011-05-19 00:00:00-04:00,5.886882455903397,5.901022609555512,5.882169071352691,5.891595840454102,167900,0.0,0.0
2011-05-20 00:00:00-04:00,5.891593024579941,5.891593024579941,5.872739944881,5.877453327178955,130900,0.0,0.0
2011-05-23 00:00:00-04:00,5.872740268707275,5.886879966887933,5.86331350359157,5.872740268707275,215600,0.0,0.0
2011-05-24 00:00:00-04:00,5.877456136295077,5.891595840454102,5.872742751744372,5.891595840454102,126200,0.0,0.0
2011-05-25 00:00:00-04:00,5.891596264367051,5.905735969543457,5.882169494587364,5.905735969543457,127000,0.0,0.0
2011-05-26 00:00:00-04:00,5.896305561065674,5.905731874816522,5.886878797822014,5.896305561065674,76800,0.0,0.0
2011-05-27 00:00:00-04:00,5.882169740530439,5.938729462587165,5.882169740530439,5.92930269241333,185000,0.0,0.0
2011-05-31 00:00:00-04:00,5.967006905483275,5.967006905483275,5.929300736214264,5.9434404373168945,157100,0.0,0.0
2011-06-01 00:00:00-04:00,5.9293005636170335,5.9717201151831185,5.9293005636170335,5.952867031097412,224200,0.0,0.0
2011-06-02 00:00:00-04:00,5.934015523177727,5.967008316717864,5.924588753884488,5.957581996917725,175700,0.0,0.0
2011-06-03 00:00:00-04:00,5.934014119746139,5.948153820848769,5.919874418643508,5.9434404373168945,92600,0.0,0.0
2011-06-06 00:00:00-04:00,5.957580587912519,5.967006905483275,5.9434404373168945,5.9434404373168945,283600,0.0,0.0
2011-06-07 00:00:00-04:00,5.952869742352924,5.962296063942538,5.948156356811523,5.948156356811523,236800,0.0,0.0
2011-06-08 00:00:00-04:00,5.952866810522968,5.976433277130127,5.952866810522968,5.976433277130127,202700,0.0,0.0
2011-06-09 00:00:00-04:00,5.971721221258369,6.004714012145996,5.957581517948394,6.004714012145996,164900,0.0,0.0
2011-06-10 00:00:00-04:00,5.999999294244322,5.999999294244322,5.971719893910103,5.976433277130127,165600,0.0,0.0
2011-06-13 00:00:00-04:00,5.975959745012452,5.990177262902816,5.94752561313648,5.952264785766602,40400,0.069,0.0
2011-06-14 00:00:00-04:00,5.971222125306973,5.975960846858441,5.9333096411804656,5.938048362731934,154600,0.0,0.0
2011-06-15 00:00:00-04:00,5.9333096411804656,5.94752670973979,5.928570467676536,5.938048362731934,179300,0.0,0.0
2011-06-16 00:00:00-04:00,5.92856957024349,5.9380474638641765,5.91909122467041,5.91909122467041,227300,0.0,0.0
2011-06-17 00:00:00-04:00,5.93804591544499,5.957002149695683,5.909611790045087,5.914350509643555,116800,0.0,0.0
2011-06-20 00:00:00-04:00,5.919089479665851,5.93330699383401,5.900133246060564,5.904872417449951,114700,0.0,0.0
2011-06-21 00:00:00-04:00,5.914352051883871,5.9380474638641765,5.904874158263183,5.91909122467041,140400,0.0,0.0
2011-06-22 00:00:00-04:00,5.9333096411804656,5.94752670973979,5.9190921206686795,5.938048362731934,127200,0.0,0.0
2011-06-23 00:00:00-04:00,5.919091115754908,5.957003593444824,5.909613222308621,5.957003593444824,125100,0.0,0.0
2011-06-24 00:00:00-04:00,5.947526762948007,5.9617438316345215,5.928570520715165,5.9617438316345215,161100,0.0,0.0
2011-06-27 00:00:00-04:00,5.94752670973979,5.961743778299116,5.938048362731934,5.938048362731934,92400,0.0,0.0
2011-06-28 00:00:00-04:00,5.933310287737986,5.933310287737986,5.895397347527614,5.923831939697266,133200,0.0,0.0
2011-06-29 00:00:00-04:00,5.91435294716475,5.94752670973979,5.91435294716475,5.938048362731934,99600,0.0,0.0
2011-06-30 00:00:00-04:00,5.966480833858268,5.966480833858268,5.914350847724758,5.928568363189697,163000,0.0,0.0
2011-07-01 00:00:00-04:00,5.9190921206686795,5.95226588324372,5.909614225613283,5.938048362731934,123000,0.0,0.0
2011-07-05 00:00:00-04:00,5.933308547198494,5.957003506444345,5.933308547198494,5.952264785766602,127700,0.0,0.0
2011-07-06 00:00:00-04:00,5.938047884985677,5.98069953918457,5.938047884985677,5.98069953918457,142500,0.0,0.0
2011-07-07 00:00:00-04:00,5.985436690363949,5.990175861885645,5.971219627751132,5.975958347320557,141000,0.0,0.0
2011-07-08 00:00:00-04:00,5.966482305020083,5.999655612046586,5.966482305020083,5.9949164390563965,56000,0.0,0.0
2011-07-11 00:00:00-04:00,5.985436753460456,5.9996538162231445,5.961741347554458,5.9996538162231445,76500,0.0,0.0
2011-07-12 00:00:00-04:00,5.97596005757183,6.018611709568965,5.971221336646238,6.009133815765381,121500,0.0,0.0
2011-07-13 00:00:00-04:00,6.008654594421387,6.018184796301177,6.003889947906529,6.008654594421387,32000,0.069,0.0
2011-07-14 00:00:00-04:00,6.027715956732024,6.027715956732024,5.9705360953246815,5.980066299438477,125400,0.0,0.0
2011-07-15 00:00:00-04:00,5.975301197381579,5.9848314014953745,5.956241243579131,5.980066299438477,117700,0.0,0.0
2011-07-18 00:00:00-04:00,5.970535135137362,5.9800653377185,5.870470280160754,5.918120384216309,374800,0.0,0.0
2011-07-19 00:00:00-04:00,5.918123489457875,5.932418346405029,5.918123489457875,5.932418346405029,152600,0.0,0.0
2011-07-20 00:00:00-04:00,5.9133583856670535,5.951478307143005,5.9133583856670535,5.932418346405029,132800,0.0,0.0
2011-07-21 00:00:00-04:00,5.927652397098791,5.961007664451463,5.927652397098791,5.956242561340332,120900,0.0,0.0
2011-07-22 00:00:00-04:00,5.946709632873535,5.965770036592716,5.941944986368776,5.946709632873535,104000,0.0,0.0
2011-07-25 00:00:00-04:00,5.94194562054237,5.951475368994018,5.932415417665638,5.937180519104004,109800,0.0,0.0
2011-07-26 00:00:00-04:00,5.927650678094219,5.937180881552744,5.908590725602281,5.913355827331543,202800,0.0,0.0
2011-07-27 00:00:00-04:00,5.908587701836813,5.913352801127499,5.86093807220459,5.86093807220459,289700,0.0,0.0
2011-07-28 00:00:00-04:00,5.8657051988373565,5.894294895613066,5.8657051988373565,5.884765148162842,157600,0.0,0.0
2011-07-29 00:00:00-04:00,5.8990599965506965,5.8990599965506965,5.846645249511871,5.884765148162842,163000,0.0,0.0
2011-08-01 00:00:00-04:00,5.889528077058082,5.93241306413974,5.889528077058082,5.903823375701904,127600,0.0,0.0
2011-08-02 00:00:00-04:00,5.889531316197278,5.941946531202268,5.889531316197278,5.908591270446777,161000,0.0,0.0
2011-08-03 00:00:00-04:00,5.899062687282495,5.956242561340332,5.899062687282495,5.956242561340332,207300,0.0,0.0
2011-08-04 00:00:00-04:00,5.932415779823481,5.95147573231542,5.913355827331543,5.913355827331543,273700,0.0,0.0
2011-08-05 00:00:00-04:00,5.941946740304727,5.946711388215908,5.818056806110603,5.865706920623779,326100,0.0,0.0
2011-08-08 00:00:00-04:00,5.808525941521917,5.813291043316897,5.494036493855077,5.536921501159668,815700,0.0,0.0
2011-08-09 00:00:00-04:00,5.546452518845185,5.779937087968153,5.546452518845185,5.7608771324157715,377500,0.0,0.0
2011-08-10 00:00:00-04:00,5.7608771324157715,5.784702190462545,5.698932163264236,5.7608771324157715,216400,0.0,0.0
2011-08-11 00:00:00-04:00,5.774774709380146,5.8658290458301945,5.774774709380146,5.827490329742432,143400,0.069,0.0
2011-08-12 00:00:00-04:00,5.83228350185891,5.83228350185891,5.798737235408699,5.822698593139648,202500,0.0,0.0
2011-08-15 00:00:00-04:00,5.813113843619189,5.884998827196217,5.813113843619189,5.8658294677734375,192800,0.0,0.0
2011-08-16 00:00:00-04:00,5.837073348072961,5.837073348072961,5.793942192175531,5.808319091796875,137900,0.0,0.0
2011-08-17 00:00:00-04:00,5.798737741635516,5.817907103713912,5.7891528320794965,5.803529739379883,137100,0.0,0.0
2011-08-18 00:00:00-04:00,5.779569705652272,5.779569705652272,5.712476694466885,5.7316460609436035,187700,0.0,0.0
2011-08-19 00:00:00-04:00,5.722059541265567,5.74602135688653,5.698098182678223,5.698098182678223,109300,0.0,0.0
2011-08-22 00:00:00-04:00,5.7556055172614125,5.765189968042884,5.7076818922533725,5.712474346160889,61800,0.0,0.0
2011-08-23 00:00:00-04:00,5.760400901744732,5.813116550445557,5.70289233966446,5.813116550445557,143000,0.0,0.0
2011-08-24 00:00:00-04:00,5.8131123064247205,5.8179047592715145,5.760396696210361,5.774773597717285,105200,0.0,0.0
2011-08-25 00:00:00-04:00,5.7651877817864055,5.784357133113567,5.717264631985192,5.72684907913208,102700,0.0,0.0
2011-08-26 00:00:00-04:00,5.726852353610536,5.765191078186035,5.674136721577637,5.765191078186035,78000,0.0,0.0
2011-08-29 00:00:00-04:00,5.774775950336765,5.808322219864015,5.7364372260102945,5.7939453125,144400,0.0,0.0
2011-08-30 00:00:00-04:00,5.769983495537545,5.822699127228031,5.765191040738325,5.7939453125,56300,0.0,0.0
2011-08-31 00:00:00-04:00,5.841866805085221,5.841866805085221,5.784358735176036,5.798736095428467,105500,0.0,0.0
2011-09-01 00:00:00-04:00,5.789150499224209,5.82269675508485,5.769981144870491,5.774773597717285,169400,0.0,0.0
2011-09-02 00:00:00-04:00,5.746020521860995,5.813113504442855,5.736436071225617,5.779567241668701,138500,0.0,0.0
2011-09-06 00:00:00-04:00,5.74602044379755,5.827490329742432,5.717266635248502,5.827490329742432,220000,0.0,0.0
2011-09-07 00:00:00-04:00,5.841870299071774,5.861039667173249,5.8227009309702975,5.851455211639404,113700,0.0,0.0
2011-09-08 00:00:00-04:00,5.837077174617409,5.837077174617409,5.808322899491219,5.817907810211182,56700,0.0,0.0
2011-09-09 00:00:00-04:00,5.798736599973011,5.803528596773924,5.779567241668701,5.779567241668701,81100,0.0,0.0
2011-09-12 00:00:00-04:00,5.7508158683776855,5.76519278007917,5.741230955887507,5.7508158683776855,90700,0.0,0.0
2011-09-13 00:00:00-04:00,5.735869763115619,5.764790318047215,5.731050053690875,5.745510101318359,105000,0.069,0.0
2011-09-14 00:00:00-04:00,5.75033346706465,5.764793522730566,5.711773012170951,5.755153179168701,93000,0.0,0.0
2011-09-15 00:00:00-04:00,5.7503342628479,5.759974148066939,5.735873745503925,5.7503342628479,130700,0.0,0.0
2011-09-16 00:00:00-04:00,5.745512930266055,5.764793156488014,5.731052875518799,5.731052875518799,76400,0.0,0.0
2011-09-19 00:00:00-04:00,5.721409498744805,5.731049836582343,5.697309113827571,5.726229667663574,52900,0.0,0.0
2011-09-20 00:00:00-04:00,5.716593515388903,5.769614492962922,5.716593515388903,5.7503342628479,68900,0.0,0.0
2011-09-21 00:00:00-04:00,5.75033346706465,5.85155477607983,5.735872951721852,5.755153179168701,143700,0.0,0.0
2011-09-22 00:00:00-04:00,5.7021292827463395,5.750330052580808,5.7021292827463395,5.726229667663574,77700,0.0,0.0
2011-09-23 00:00:00-04:00,5.731049957898591,5.740689836263578,5.6973092344295875,5.716589450836182,79300,0.0,0.0
2011-09-26 00:00:00-04:00,5.726231966815147,5.726231966815147,5.649111071856311,5.6973114013671875,119300,0.0,0.0
2011-09-27 00:00:00-04:00,5.711773189930425,5.711773189930425,5.6828526180216565,5.692492961883545,107700,0.0,0.0
2011-09-28 00:00:00-04:00,5.692493637093846,5.702133522422265,5.644292831420898,5.644292831420898,73000,0.0,0.0
2011-09-29 00:00:00-04:00,5.658749365054829,5.687669922382633,5.625009097902946,5.639469146728516,96300,0.0,0.0
2011-09-30 00:00:00-04:00,5.615370693689114,5.615370693689114,5.388828165218389,5.5334296226501465,354800,0.0,0.0
2011-10-03 00:00:00-04:00,5.480408544033598,5.53342904221851,5.465948491742581,5.490048885345459,170400,0.0,0.0
2011-10-04 00:00:00-04:00,5.465949598599866,5.514149935889438,5.398468574782223,5.427389144897461,290600,0.0,0.0
2011-10-05 00:00:00-04:00,5.432207656425848,5.475587808826261,5.422567316107938,5.461127758026123,134700,0.0,0.0
2011-10-06 00:00:00-04:00,5.437028191971751,5.490049152412679,5.432208480758137,5.470768928527832,199000,0.0,0.0
2011-10-07 00:00:00-04:00,5.475588941167406,5.499689337269369,5.441848662430752,5.465949058532715,127100,0.0,0.0
2011-10-10 00:00:00-04:00,5.480410045360487,5.586451530456543,5.480410045360487,5.586451530456543,137300,0.0,0.0
2011-10-11 00:00:00-04:00,5.576810025396268,5.610550762529175,5.5575298011818095,5.567170143127441,106700,0.0,0.0
2011-10-12 00:00:00-04:00,5.599678979032165,5.609384017444684,5.565712270111751,5.589974403381348,120500,0.077,0.0
2011-10-13 00:00:00-04:00,5.580271913791172,5.580271913791172,5.546305189356255,5.556009769439697,72500,0.0,0.0
2011-10-14 00:00:00-04:00,5.565712785367244,5.619089113292399,5.565712785367244,5.609384536743164,70800,0.0,0.0
2011-10-17 00:00:00-04:00,5.589975369571225,5.6142370442725875,5.58512284952624,5.599679946899414,66500,0.0,0.0
2011-10-18 00:00:00-04:00,5.589977145985905,5.6627631187438965,5.585124624398858,5.6627631187438965,139500,0.0,0.0
2011-10-19 00:00:00-04:00,5.6336462501966205,5.667613425268697,5.628794193267822,5.628794193267822,93100,0.0,0.0
2011-10-20 00:00:00-04:00,5.628795456185247,5.67246675491333,5.623942935405954,5.67246675491333,115700,0.0,0.0
2011-10-21 00:00:00-04:00,5.672467582040073,5.735548973083496,5.667615523315133,5.735548973083496,105400,0.0,0.0
2011-10-24 00:00:00-04:00,5.720990258590972,5.7840716318512415,5.720990258590972,5.759809494018555,80200,0.0,0.0
2011-10-25 00:00:00-04:00,5.759808316139557,5.7840704490106445,5.754955797013,5.764660835266113,90000,0.0,0.0
2011-10-26 00:00:00-04:00,5.774364798875286,5.8083319664001465,5.764660224412216,5.8083319664001465,107500,0.0,0.0
2011-10-27 00:00:00-04:00,5.832597289917324,5.9005307366358,5.832597289917324,5.852006912231445,163400,0.0,0.0
2011-10-28 00:00:00-04:00,5.842302604038642,5.885974375425191,5.832598023042718,5.866564750671387,98900,0.0,0.0
2011-10-31 00:00:00-04:00,5.861711502075195,5.890826166977333,5.852006922282416,5.861711502075195,95800,0.0,0.0
2011-11-01 00:00:00-04:00,5.779217317487644,5.856855764238789,5.779217317487644,5.8083319664001465,112500,0.0,0.0
2011-11-02 00:00:00-04:00,5.827746702562397,5.885975588827781,5.827746702562397,5.881123065948486,103600,0.0,0.0
2011-11-03 00:00:00-04:00,5.881119238087563,5.895676334488577,5.8471525255646135,5.871414661407471,96500,0.0,0.0
2011-11-04 00:00:00-04:00,5.871416510282355,5.871416510282355,5.842301845550537,5.842301845550537,93200,0.0,0.0
2011-11-07 00:00:00-05:00,5.83744748612277,5.871414661407471,5.832595429163599,5.871414661407471,52200,0.0,0.0
2011-11-08 00:00:00-05:00,5.866563294828487,5.866563294828487,5.852006195566104,5.856858253479004,69200,0.0,0.0
2011-11-09 00:00:00-05:00,5.808336515061872,5.842303246425331,5.808336515061872,5.8228936195373535,92800,0.0,0.0
2011-11-10 00:00:00-05:00,5.835585439666014,5.860002208677732,5.80628568942086,5.811168670654297,119400,0.076,0.0
2011-11-11 00:00:00-05:00,5.816054184834081,5.8502373941737495,5.811170736153757,5.820937633514404,90900,0.0,0.0
2011-11-14 00:00:00-05:00,5.820937327311082,5.825820775734518,5.801403999328613,5.801403999328613,65700,0.0,0.0
2011-11-15 00:00:00-05:00,5.7818706713461445,5.811170430464211,5.7818706713461445,5.801403999328613,103800,0.0,0.0
2011-11-16 00:00:00-05:00,5.801404304504408,5.8404709625244005,5.781870975494413,5.820937633514404,125300,0.0,0.0
2011-11-17 00:00:00-05:00,5.8014057461205715,5.820939079984489,5.762339078392736,5.806289196014404,111800,0.0,0.0
2011-11-18 00:00:00-05:00,5.77698596410918,5.79651928783531,5.77698596410918,5.781869411468506,77800,0.0,0.0
2011-11-21 00:00:00-05:00,5.781872412256654,5.860005747712325,5.733038844741151,5.806289196014404,282800,0.0,0.0
2011-11-22 00:00:00-05:00,5.825822957049354,5.864889627641704,5.791639270997462,5.850239276885986,202500,0.0,0.0
2011-11-23 00:00:00-05:00,5.835589163938947,5.835589163938947,5.742805941333531,5.757455825805664,168100,0.0,0.0
2011-11-25 00:00:00-05:00,5.776988662547831,5.806288894678787,5.776988662547831,5.786755561828613,77100,0.0,0.0
2011-11-28 00:00:00-05:00,5.855120511660754,5.855120511660754,5.801403976349551,5.8307037353515625,118600,0.0,0.0
2011-11-29 00:00:00-05:00,5.830707702107483,5.845358057286713,5.806291374898612,5.840474605560303,191100,0.0,0.0
2011-11-30 00:00:00-05:00,5.889305591583252,5.913721908013607,5.845355476870399,5.889305591583252,211600,0.0,0.0
2011-12-01 00:00:00-05:00,5.884421069224716,5.884421069224716,5.820937633514404,5.820937633514404,137700,0.0,0.0
2011-12-02 00:00:00-05:00,5.830706570275386,5.884423597415396,5.830706570275386,5.860006809234619,156100,0.0,0.0
2011-12-05 00:00:00-05:00,5.889305528547969,5.97720529132147,5.884422079029614,5.962555408477783,392400,0.0,0.0
2011-12-06 00:00:00-05:00,5.972320080417783,6.0065037512532795,5.96743709805092,5.9869704246521,235700,0.0,0.0
2011-12-07 00:00:00-05:00,5.972320728011219,5.9820876252264785,5.947904416395654,5.952787399291992,195000,0.0,0.0
2011-12-08 00:00:00-05:00,5.952789955971326,5.9723232930799774,5.933256618862676,5.947906970977783,115200,0.0,0.0
2011-12-09 00:00:00-05:00,5.957670359987731,5.991854031730327,5.952786911780039,5.982087135314941,130700,0.0,0.0
2011-12-12 00:00:00-05:00,5.991427019809459,6.001257314081713,5.927531981976728,5.942276954650879,175900,0.079,0.0
2011-12-13 00:00:00-05:00,5.966852221597284,5.981597194271435,5.912786540568346,5.942276954650879,152500,0.0,0.0
2011-12-14 00:00:00-05:00,5.976683096276894,5.976683096276894,5.912787578493772,5.947193145751953,150200,0.0,0.0
2011-12-15 00:00:00-05:00,5.932446660378624,5.9521067801889025,5.917701687704473,5.942276954650879,102500,0.0,0.0
2011-12-16 00:00:00-05:00,5.966853141784668,6.02583351031125,5.947193018942474,5.966853141784668,152000,0.0,0.0
2011-12-19 00:00:00-05:00,6.001257314081713,6.011087139619737,5.927531981976728,5.942276954650879,128100,0.0,0.0
2011-12-20 00:00:00-05:00,5.952105675634856,5.991425907958613,5.947190998144993,5.98651123046875,147400,0.0,0.0
2011-12-21 00:00:00-05:00,6.006170951924185,6.006170951924185,5.966850722184428,5.991425514221191,115800,0.0,0.0
2011-12-22 00:00:00-05:00,5.996343105254961,6.074983596801758,5.996343105254961,6.074983596801758,212300,0.0,0.0
2011-12-23 00:00:00-05:00,6.0700667463041125,6.074981423717028,6.045491484302992,6.06023645401001,164000,0.0,0.0
2011-12-27 00:00:00-05:00,6.055322564938322,6.06023771210575,6.006172499466741,6.050407886505127,145300,0.0,0.0
2011-12-28 00:00:00-05:00,6.074646240529264,6.094433343393721,6.005391616384537,6.030125141143799,127000,0.079,0.0
2011-12-29 00:00:00-05:00,6.025180235420442,6.040020448362728,5.995499337774007,6.015286445617676,117900,0.0,0.0
2011-12-30 00:00:00-05:00,6.015284723074629,6.069699607883814,6.010337829589844,6.010337829589844,133500,0.0,0.0
2012-01-03 00:00:00-05:00,6.044965077737733,6.074645492498707,6.040018184690342,6.0499114990234375,107800,0.0,0.0
2012-01-04 00:00:00-05:00,5.975711959489958,6.07959438890832,5.970765064812454,6.035073280334473,178900,0.0,0.0
2012-01-05 00:00:00-05:00,6.040018476442479,6.06969936439882,6.010337588486137,6.054858684539795,128100,0.0,0.0
2012-01-06 00:00:00-05:00,6.069698782643588,6.089485882130735,6.044964790344238,6.044964790344238,139700,0.0,0.0
2012-01-09 00:00:00-05:00,6.069700279680265,6.119167804718018,6.069700279680265,6.119167804718018,146900,0.0,0.0
2012-01-10 00:00:00-05:00,6.1834765137352905,6.1834765137352905,6.119168301381025,6.14390230178833,159500,0.0,0.0
2012-01-11 00:00:00-05:00,6.153792937158687,6.1636867217147655,6.138952732086182,6.138952732086182,100200,0.0,0.0
2012-01-12 00:00:00-05:00,6.173580065162924,6.193367634373334,6.134005870265338,6.163686752319336,179300,0.0,0.0
2012-01-13 00:00:00-05:00,6.143900686822555,6.173581102100168,6.129060479183748,6.148847579956055,102000,0.0,0.0
2012-01-17 00:00:00-05:00,6.168636868165771,6.173583291291608,6.114221967924789,6.129062652587891,100400,0.0,0.0
2012-01-18 00:00:00-05:00,6.119166713981315,6.242836212174376,6.119166713981315,6.173581123352051,212300,0.0,0.0
2012-01-19 00:00:00-05:00,6.193370256862183,6.237890891152344,6.188423362464893,6.208210468292236,114300,0.0,0.0
2012-01-20 00:00:00-05:00,6.2131561986546835,6.2477835094246545,6.183475309593475,6.188422203063965,118600,0.0,0.0
2012-01-23 00:00:00-05:00,6.193370849301579,6.257678595570572,6.193370849301579,6.242838382720947,129300,0.0,0.0
2012-01-24 00:00:00-05:00,6.252730554479088,6.257676976307765,6.218102771107914,6.247783660888672,152200,0.0,0.0
2012-01-25 00:00:00-05:00,6.242833028202264,6.302194300448071,6.237886137574749,6.297247409820557,264600,0.0,0.0
2012-01-26 00:00:00-05:00,6.307147902399647,6.34672212600708,6.302201006508228,6.34672212600708,195900,0.0,0.0
2012-01-27 00:00:00-05:00,6.326928504346336,6.381342887878418,6.321981613544836,6.381342887878418,123400,0.0,0.0
2012-01-30 00:00:00-05:00,6.381348713484718,6.396189399437451,6.371455394611467,6.391242504119873,106400,0.0,0.0
2012-01-31 00:00:00-05:00,6.38134564566002,6.401132745655801,6.366505438603604,6.371452331542969,125600,0.0,0.0
2012-02-01 00:00:00-05:00,6.386293411254883,6.411027407569805,6.326932103156112,6.386293411254883,252900,0.0,0.0
2012-02-02 00:00:00-05:00,6.396184367948145,6.420917881555873,6.381343693669669,6.411024570465088,96200,0.0,0.0
2012-02-03 00:00:00-05:00,6.425865283896438,6.4357590675354,6.396184876502689,6.4357590675354,207700,0.0,0.0
2012-02-06 00:00:00-05:00,6.425865283896438,6.445652379412793,6.406078188380082,6.4357590675354,162900,0.0,0.0
2012-02-07 00:00:00-05:00,6.415974025313573,6.514909534557532,6.411027131910944,6.49512243270874,389500,0.0,0.0
2012-02-08 00:00:00-05:00,6.509963304732442,6.519857092546197,6.470389097000956,6.490176200866699,174200,0.0,0.0
2012-02-09 00:00:00-05:00,6.4852295138589415,6.554484615479381,6.4852295138589415,6.509963512420654,223300,0.0,0.0
2012-02-10 00:00:00-05:00,6.505016803741455,6.514910592152815,6.440709066114802,6.505016803741455,176400,0.0,0.0
2012-02-13 00:00:00-05:00,6.519449710845947,6.534379615025274,6.5045193320535235,6.519449710845947,25400,0.079,0.0
2012-02-14 00:00:00-05:00,6.529401909844873,6.534378702080353,6.499542105658056,6.514472007751465,137300,0.0,0.0
2012-02-15 00:00:00-05:00,6.5094945630039724,6.5094945630039724,6.46968117833709,6.479634761810303,107200,0.0,0.0
2012-02-16 00:00:00-05:00,6.494566132035814,6.529402732849121,6.474659435197768,6.529402732849121,99800,0.0,0.0
2012-02-17 00:00:00-05:00,6.539356407956082,6.539356407956082,6.499543013735813,6.519449710845947,86100,0.0,0.0
2012-02-21 00:00:00-05:00,6.509497734222983,6.524427642093192,6.484614238030494,6.499544620513916,105000,0.0,0.0
2012-02-22 00:00:00-05:00,6.494564098280633,6.519447580189268,6.474657407676314,6.489587306976318,108100,0.0,0.0
2012-02-23 00:00:00-05:00,6.4895890823638425,6.5144725710799705,6.484612289698003,6.504518985748291,94500,0.0,0.0
2012-02-24 00:00:00-05:00,6.494563327350472,6.524423122406006,6.484609745923371,6.524423122406006,114800,0.0,0.0
2012-02-27 00:00:00-05:00,6.514470015591789,6.529399913119557,6.504516434164689,6.524423122406006,94800,0.0,0.0
2012-02-28 00:00:00-05:00,6.519449056779366,6.594099044799805,6.509495471916348,6.594099044799805,216900,0.0,0.0
2012-02-29 00:00:00-05:00,6.599076624344886,6.609029735782026,6.554286436344995,6.559263229370117,120300,0.0,0.0
2012-03-01 00:00:00-05:00,6.584146068492031,6.604053240058034,6.564239371539121,6.579169750213623,87000,0.0,0.0
2012-03-02 00:00:00-05:00,6.564239325981878,6.5891228156535915,6.554286214881046,6.584146022796631,87200,0.0,0.0
2012-03-05 00:00:00-05:00,6.569216428282245,6.579170014465031,6.5443329374383925,6.549309730529785,95700,0.0,0.0
2012-03-06 00:00:00-05:00,6.519448842867726,6.559262231787371,6.509495258331299,6.509495258331299,161000,0.0,0.0
2012-03-07 00:00:00-05:00,6.514472437034271,6.584145634470106,6.514472437034271,6.574192523956299,125700,0.0,0.0
2012-03-08 00:00:00-05:00,6.55926244700534,6.594099044799805,6.554285654573831,6.594099044799805,93800,0.0,0.0
2012-03-09 00:00:00-05:00,6.574192957322122,6.594099654275032,6.564239371539121,6.579169750213623,106000,0.0,0.0
2012-03-12 00:00:00-04:00,6.564238764823799,6.594099044799805,6.55926244700534,6.594099044799805,119700,0.0,0.0
2012-03-13 00:00:00-04:00,6.5885900489242974,6.633648872375488,6.573570600260455,6.633648872375488,40200,0.079,0.0
2012-03-14 00:00:00-04:00,6.603611135373419,6.608617778656303,6.5385266825350525,6.543532848358154,192800,0.0,0.0
2012-03-15 00:00:00-04:00,6.5435326243903535,6.5435326243903535,6.493467625654451,6.503480434417725,151400,0.0,0.0
2012-03-16 00:00:00-04:00,6.498474414308485,6.498474414308485,6.418370026683698,6.4434027671813965,193900,0.0,0.0
2012-03-19 00:00:00-04:00,6.423375482951971,6.57857806338157,6.423375482951971,6.548538684844971,219700,0.0,0.0
2012-03-20 00:00:00-04:00,6.518500879048911,6.608618074881335,6.45842211188089,6.55354642868042,178300,0.0,0.0
2012-03-21 00:00:00-04:00,6.578579427351058,6.588592237299447,6.498474560464831,6.513494491577148,154000,0.0,0.0
2012-03-22 00:00:00-04:00,6.528514205031144,6.5635597574348745,6.45341645632034,6.473442554473877,145900,0.0,0.0
2012-03-23 00:00:00-04:00,6.498475853992906,6.678711243538172,6.478449752650089,6.623639106750488,389700,0.0,0.0
2012-03-26 00:00:00-04:00,6.628644356558575,6.673703194462977,6.558553255338232,6.608618259429932,178100,0.0,0.0
2012-03-27 00:00:00-04:00,6.62363558829315,6.633648872375488,6.578577242301623,6.633648872375488,103700,0.0,0.0
2012-03-28 00:00:00-04:00,6.633651072642815,6.678709911039243,6.5835855905446,6.643664360046387,206200,0.0,0.0
2012-03-29 00:00:00-04:00,6.633646541968866,6.633646541968866,6.578574931241713,6.603607177734375,74200,0.0,0.0
2012-03-30 00:00:00-04:00,6.628643874328058,6.628643874328058,6.528513395969283,6.543532848358154,124300,0.0,0.0
2012-04-02 00:00:00-04:00,6.533516123619726,6.603607177734375,6.528509483337395,6.603607177734375,123700,0.0,0.0
2012-04-03 00:00:00-04:00,6.588590424411153,6.60861651625746,6.5335187911987305,6.5335187911987305,85900,0.0,0.0
2012-04-04 00:00:00-04:00,6.533520848934489,6.543533659281337,6.448409812416995,6.473442554473877,119100,0.0,0.0
2012-04-05 00:00:00-04:00,6.473441530668135,6.5435326243903535,6.473441530668135,6.503480434417725,107100,0.0,0.0
2012-04-09 00:00:00-04:00,6.498473791306204,6.528513172515559,6.4884609825429305,6.503480434417725,96400,0.0,0.0
2012-04-10 00:00:00-04:00,6.5084878478730435,6.543533398882139,6.493468394220548,6.513494491577148,94300,0.0,0.0
2012-04-11 00:00:00-04:00,6.503480948527004,6.563559238235221,6.4934681389722035,6.55354642868042,101800,0.0,0.0
2012-04-12 00:00:00-04:00,6.578227043151855,6.628596026236679,6.568152958319608,6.5782270431518555,40600,0.079,0.0
2012-04-13 00:00:00-04:00,6.603411882940695,6.613485968670638,6.558079938232494,6.59837532043457,75200,0.0,0.0
2012-04-16 00:00:00-04:00,6.603411294514865,6.618522421763236,6.578227043151855,6.5782270431518555,54500,0.0,0.0
2012-04-17 00:00:00-04:00,6.5882970716116125,6.618518829345703,6.568149393241733,6.618518829345703,85300,0.0,0.0
2012-04-18 00:00:00-04:00,6.608447340972404,6.613484382629395,6.583262613046178,6.6134843826293945,58300,0.0,0.0
2012-04-19 00:00:00-04:00,6.608447340972404,6.618521424286387,6.583262613046178,6.6134843826293945,62900,0.0,0.0
2012-04-20 00:00:00-04:00,6.618522436039726,6.628596040534898,6.5832636194096095,6.62355899810791,130500,0.0,0.0
2012-04-23 00:00:00-04:00,6.608449251357868,6.668892327638592,6.603412208244757,6.65881872177124,126600,0.0,0.0
2012-04-24 00:00:00-04:00,6.643702030181885,6.653776107973873,6.613480757522856,6.643702030181885,113300,0.0,0.0
2012-04-25 00:00:00-04:00,6.658813146869868,6.658813146869868,6.613480757522856,6.643702030181885,98200,0.0,0.0
2012-04-26 00:00:00-04:00,6.638671029677665,6.65881872177124,6.638671029677665,6.65881872177124,65100,0.0,0.0
2012-04-27 00:00:00-04:00,6.633632619257283,6.668890953063965,6.628595577182394,6.668890953063965,94200,0.0,0.0
2012-04-30 00:00:00-04:00,6.658815977403948,6.678963661193848,6.648741895329662,6.678963661193848,100000,0.0,0.0
2012-05-01 00:00:00-04:00,6.663853645324707,6.673927729072867,6.648743000061219,6.663853645324707,75000,0.0,0.0
2012-05-02 00:00:00-04:00,6.638672771501214,6.684005210695585,6.638672771501214,6.673931121826172,96000,0.0,0.0
2012-05-03 00:00:00-04:00,6.668889890752905,6.825034807690194,6.663852849480384,6.774665355682373,401300,0.0,0.0
2012-05-04 00:00:00-04:00,6.734370876281735,6.850220439067743,6.7192602308257365,6.76459264755249,346700,0.0,0.0
2012-05-07 00:00:00-04:00,6.74444496015824,6.80488802234099,6.739407918219987,6.76459264755249,191000,0.0,0.0
2012-05-08 00:00:00-04:00,6.754518985748292,6.7998514053077495,6.729334254842061,6.754518985748291,187300,0.0,0.0
2012-05-09 00:00:00-04:00,6.759555762118784,6.759555762118784,6.7192603863973215,6.749481678009033,155000,0.0,0.0
2012-05-10 00:00:00-04:00,6.769629209131984,6.774666251070236,6.729333834343483,6.76459264755249,134900,0.0,0.0
2012-05-11 00:00:00-04:00,6.769153516996133,6.779287212541913,6.743820244534081,6.753953456878662,45800,0.079,0.0
2012-05-14 00:00:00-04:00,6.733686870359937,6.759020627232266,6.713419961502319,6.723553657531738,139800,0.0,0.0
2012-05-15 00:00:00-04:00,6.718480381308006,6.753947317073942,6.672879759208509,6.683012962341309,143000,0.0,0.0
2012-05-16 00:00:00-04:00,6.677954151432943,6.713421127292333,6.657687239055962,6.667820453643799,102400,0.0,0.0
2012-05-17 00:00:00-04:00,6.672889602060908,6.672889602060908,6.52088746525194,6.541154384613037,188200,0.0,0.0
2012-05-18 00:00:00-04:00,6.541151023146677,6.596885385149177,6.536084175109863,6.536084175109863,211200,0.0,0.0
2012-05-21 00:00:00-04:00,6.536084049218708,6.637419075198272,6.536084049218708,6.60701847076416,185700,0.0,0.0
2012-05-22 00:00:00-04:00,6.632351398468018,6.647551457185038,6.576617044503683,6.632351398468018,136600,0.0,0.0
2012-05-23 00:00:00-04:00,6.6272813560076616,6.657681941986084,6.581680718640488,6.657681941986084,119000,0.0,0.0
2012-05-24 00:00:00-04:00,6.632348200870886,6.672881993374834,6.607014459755686,6.657681941986084,167400,0.0,0.0
2012-05-25 00:00:00-04:00,6.657687239055962,6.6830205171262085,6.63742032667898,6.667820453643799,92700,0.0,0.0
2012-05-29 00:00:00-04:00,6.6627516746521,6.693152276011636,6.622217861640162,6.6627516746521,93900,0.0,0.0
2012-05-30 00:00:00-04:00,6.652618224690639,6.652618224690639,6.612084413130697,6.617151260375977,117200,0.0,0.0
2012-05-31 00:00:00-04:00,6.586751762716523,6.647552490234374,6.551284792464751,6.647552490234375,209200,0.0,0.0
2012-06-01 00:00:00-04:00,6.601951569011896,6.6222184774023685,6.55128453963632,6.5968852043151855,165300,0.0,0.0
2012-06-04 00:00:00-04:00,6.571551251246405,6.617151914559792,6.556350708007812,6.5563507080078125,125400,0.0,0.0
2012-06-05 00:00:00-04:00,6.551284966671329,6.596885634322602,6.551284966671329,6.586751937866211,88900,0.0,0.0
2012-06-06 00:00:00-04:00,6.596889892108337,6.642490105989803,6.571556117817598,6.576622486114502,119700,0.0,0.0
2012-06-07 00:00:00-04:00,6.596884354596006,6.6323513189106675,6.586750660105446,6.617151260375977,100400,0.0,0.0
2012-06-08 00:00:00-04:00,6.622219032688705,6.647552791101385,6.576618364186132,6.612085819244385,129800,0.0,0.0
2012-06-11 00:00:00-04:00,6.612085264807738,6.6728859899791555,6.586751508519344,6.5968852043151855,192800,0.0,0.0
2012-06-12 00:00:00-04:00,6.60701748157022,6.693151950836182,6.60701748157022,6.693151950836182,131200,0.0,0.0
2012-06-13 00:00:00-04:00,6.651865609340432,6.707934798811411,6.646768277722625,6.7028374671936035,146800,0.079,0.0
2012-06-14 00:00:00-04:00,6.702841867242554,6.728328055953578,6.656967310893052,6.71303653717041,196000,0.0,0.0
2012-06-15 00:00:00-04:00,6.71303344591679,6.723227625041759,6.6365754011001465,6.651866912841797,170100,0.0,0.0
2012-06-18 00:00:00-04:00,6.63147515756828,6.651863992976843,6.621280496809909,6.646766662597656,111400,0.0,0.0
2012-06-19 00:00:00-04:00,6.651869975929124,6.718133872134339,6.651869975929124,6.71303653717041,113600,0.0,0.0
2012-06-20 00:00:00-04:00,6.723227374118101,6.758908214994798,6.707935862947158,6.753810882568359,135700,0.0,0.0
2012-06-21 00:00:00-04:00,6.748713187715494,6.7792966945233255,6.73851900951845,6.764005184173584,86500,0.0,0.0
2012-06-22 00:00:00-04:00,6.789489803964631,6.80478179801556,6.753809456729012,6.794587135314941,126000,0.0,0.0
2012-06-25 00:00:00-04:00,6.779296760962923,6.7843940931655755,6.743615921652709,6.769102096557617,106700,0.0,0.0
2012-06-26 00:00:00-04:00,6.784398526959784,6.840467759506711,6.769106520358072,6.825176239013672,223700,0.0,0.0
2012-06-27 00:00:00-04:00,6.840462444769456,6.840462444769456,6.789490101251021,6.82007360458374,117000,0.0,0.0
2012-06-28 00:00:00-04:00,6.820077558692447,6.845563745227912,6.769105185621517,6.789494037628174,110100,0.0,0.0
2012-06-29 00:00:00-04:00,6.855755100555263,6.855755100555263,6.753810882568359,6.753810882568359,142500,0.0,0.0
2012-07-02 00:00:00-04:00,6.789494037628174,6.814980224163639,6.774202520150325,6.789494037628174,89200,0.0,0.0
2012-07-03 00:00:00-04:00,6.794590039274241,6.860853916824151,6.784395858324975,6.840465068817139,87700,0.0,0.0
2012-07-05 00:00:00-04:00,6.845557907052887,6.85065475112632,6.758905238398434,6.784391403198242,134600,0.0,0.0
2012-07-06 00:00:00-04:00,6.758906788079322,6.820073305958214,6.758906788079322,6.794587135314941,104400,0.0,0.0
2012-07-09 00:00:00-04:00,6.804781392944884,6.881239414215087,6.804781392944884,6.881239414215088,130700,0.0,0.0
2012-07-10 00:00:00-04:00,6.86594874388727,6.9016290933470446,6.835365239987247,6.8710455894470215,140300,0.0,0.0
2012-07-11 00:00:00-04:00,6.876141558368482,6.937308067937953,6.8608500525031655,6.916919231414795,110100,0.0,0.0
2012-07-12 00:00:00-04:00,6.890774041657622,6.921536641872787,6.844630874767288,6.906155586242676,128000,0.079,0.0
2012-07-13 00:00:00-04:00,6.931788065055482,6.977931212375823,6.921533706347804,6.962550163269043,125400,0.0,0.0
2012-07-16 00:00:00-04:00,6.972805557860344,7.003567660643939,6.967678377744809,6.993313789367676,75500,0.0,0.0
2012-07-17 00:00:00-04:00,7.013822419316221,7.0497117042541495,7.003568058502622,7.04971170425415,69900,0.0,0.0
2012-07-18 00:00:00-04:00,7.049712298935989,7.095855948579987,6.9933147765682575,7.003568649291992,143300,0.0,0.0
2012-07-19 00:00:00-04:00,7.039455706353027,7.039455706353027,6.972804332384335,6.977931022644043,127200,0.0,0.0
2012-07-20 00:00:00-04:00,6.97793323405034,7.0138230109706035,6.97793323405034,7.003568649291992,71700,0.0,0.0
2012-07-23 00:00:00-04:00,6.972806822956871,7.0548397638696745,6.967679641911096,7.01894998550415,110400,0.0,0.0
2012-07-24 00:00:00-04:00,7.039458013656376,7.054839556341229,7.024076959926406,7.034331321716309,93900,0.0,0.0
2012-07-25 00:00:00-04:00,7.049712375446278,7.07534779096615,7.0189497790314554,7.034331321716309,149600,0.0,0.0
2012-07-26 00:00:00-04:00,7.070220818052101,7.08047518014365,7.013823293413273,7.01894998550415,136500,0.0,0.0
2012-07-27 00:00:00-04:00,7.04458452384735,7.080474297740114,7.03945734344055,7.04971170425415,100100,0.0,0.0
2012-07-30 00:00:00-04:00,7.059964381332565,7.075345429929894,7.0445828437805185,7.044582843780518,75000,0.0,0.0
2012-07-31 00:00:00-04:00,7.070221195907996,7.095856613552012,7.059967322223343,7.075348377227783,92500,0.0,0.0
2012-08-01 00:00:00-04:00,7.08560023162292,7.121490001678468,7.044583770663538,7.121490001678467,166500,0.0,0.0
2012-08-02 00:00:00-04:00,7.111234188079835,7.126615235556274,7.070217735506206,7.111234188079834,137300,0.0,0.0
2012-08-03 00:00:00-04:00,7.111236765942783,7.1214911272807955,7.054839245448298,7.095855712890625,175800,0.0,0.0
2012-08-06 00:00:00-04:00,7.095856364008107,7.116364599611111,7.065093766126148,7.070220947265625,89600,0.0,0.0
2012-08-07 00:00:00-04:00,7.106106694157921,7.111233872740937,7.0445820180257135,7.085598468780518,85300,0.0,0.0
2012-08-08 00:00:00-04:00,7.100982026939511,7.100982026939511,7.039456844329834,7.039456844329834,98700,0.0,0.0
2012-08-09 00:00:00-04:00,7.0804751254004445,7.095856179463952,6.988187823109618,6.998441696166992,191300,0.0,0.0
2012-08-10 00:00:00-04:00,7.029203608106295,7.049711841176979,6.983059961458543,7.013822555541992,84000,0.0,0.0
2012-08-13 00:00:00-04:00,7.0133038287178495,7.100970163461422,6.982362566892899,7.085499286651611,133900,0.079,0.0
2012-08-14 00:00:00-04:00,7.095815263555715,7.126756042564244,7.070030953185396,7.106128692626953,165100,0.0,0.0
2012-08-15 00:00:00-04:00,7.116445369244122,7.116445369244122,7.085504086459166,7.09066104888916,113300,0.0,0.0
2012-08-16 00:00:00-04:00,7.106131444384135,7.106131444384135,7.054563295469217,7.09066104888916,109200,0.0,0.0
2012-08-17 00:00:00-04:00,7.090660142032401,7.090660142032401,7.023621114401428,7.028778076171875,113600,0.0,0.0
2012-08-20 00:00:00-04:00,7.039092127187475,7.049406051635742,6.982367018106959,7.049406051635742,156600,0.0,0.0
2012-08-21 00:00:00-04:00,7.054562679281595,7.075190035404847,7.0390917933429344,7.070033073425293,85100,0.0,0.0
2012-08-22 00:00:00-04:00,7.070031314473744,7.070031314473744,6.992678871204788,7.023619651794434,101300,0.0,0.0
2012-08-23 00:00:00-04:00,7.033933162689209,7.044246591685589,6.951423271744112,7.033933162689209,185800,0.0,0.0
2012-08-24 00:00:00-04:00,7.018464770085925,7.059719484289024,7.018464770085925,7.049406051635742,139300,0.0,0.0
2012-08-27 00:00:00-04:00,7.054558516621334,7.085499286651611,7.0339311726695914,7.085499286651611,88100,0.0,0.0
2012-08-28 00:00:00-04:00,7.070029224033825,7.080342650582658,7.039087960797936,7.0648722648620605,132100,0.0,0.0
2012-08-29 00:00:00-04:00,7.064874353777189,7.085501704768567,7.0236196517944345,7.023619651794434,135200,0.0,0.0
2012-08-30 00:00:00-04:00,7.018464770085925,7.049406051635742,7.013308299656777,7.049406051635742,95100,0.0,0.0
2012-08-31 00:00:00-04:00,7.080347124029173,7.095818011319154,7.04424937060923,7.09066104888916,105900,0.0,0.0
2012-09-04 00:00:00-04:00,7.095815263555715,7.111285653059979,7.075187913618423,7.106128692626953,150800,0.0,0.0
2012-09-05 00:00:00-04:00,7.095817423507475,7.106130855718099,7.039091825066659,7.07519006729126,208300,0.0,0.0
2012-09-06 00:00:00-04:00,7.080346235814523,7.11128751471796,7.07003280404334,7.100974082946777,115400,0.0,0.0
2012-09-07 00:00:00-04:00,7.106131171714298,7.137072453312004,7.085503814580823,7.1216020584106445,200200,0.0,0.0
2012-09-10 00:00:00-04:00,7.126756622915263,7.131913583768235,7.044247216447133,7.054561138153076,127300,0.0,0.0
2012-09-11 00:00:00-04:00,7.075189765826404,7.116444476501023,7.064875842260276,7.100974082946777,152800,0.0,0.0
2012-09-12 00:00:00-04:00,7.105640107843944,7.147132857801923,7.105640107843944,7.13157320022583,139700,0.079,0.0
2012-09-13 00:00:00-04:00,7.147134143480486,7.167880522191485,7.136761201441328,7.152320861816406,162700,0.0,0.0
2012-09-14 00:00:00-04:00,7.173063734495945,7.19899681886736,7.141944428956202,7.157504081726074,174100,0.0,0.0
2012-09-17 00:00:00-04:00,7.152317822885731,7.157504539017881,7.121198020725306,7.141944885253906,124700,0.0,0.0
2012-09-18 00:00:00-04:00,7.131571334493546,7.178250789642335,7.1263846184475765,7.178250789642334,171700,0.0,0.0
2012-09-19 00:00:00-04:00,7.188626766204834,7.199000202682303,7.1678803878825725,7.188626766204834,141700,0.0,0.0
2012-09-20 00:00:00-04:00,7.178252712626571,7.198999087735733,7.17306599519113,7.193812370300293,96700,0.0,0.0
2012-09-21 00:00:00-04:00,7.193816192366331,7.25086863057027,7.188629472175192,7.209375858306885,166000,0.0,0.0
2012-09-24 00:00:00-04:00,7.219744999816148,7.235304656491972,7.188625191831933,7.224931716918945,115700,0.0,0.0
2012-09-25 00:00:00-04:00,7.24567955238349,7.281985590162027,7.224933174419659,7.256052494049072,222100,0.0,0.0
2012-09-26 00:00:00-04:00,7.256050166699174,7.3338494300842285,7.240490511875166,7.3338494300842285,172700,0.0,0.0
2012-09-27 00:00:00-04:00,7.328667632644457,7.333854352611319,7.271615196907486,7.313107967376709,161800,0.0,0.0
2012-09-28 00:00:00-04:00,7.323474433017677,7.354594230651856,7.323474433017677,7.3545942306518555,163400,0.0,0.0
2012-10-01 00:00:00-04:00,7.354598059058042,7.427210133615042,7.349411340980353,7.370157718658447,225000,0.0,0.0
2012-10-02 00:00:00-04:00,7.411644791731952,7.416831505833144,7.271606973425716,7.3027262687683105,190600,0.0,0.0
2012-10-03 00:00:00-04:00,7.307918071746826,7.333851165679048,7.26642531930832,7.307918071746826,217600,0.0,0.0
2012-10-04 00:00:00-04:00,7.323476137149542,7.3597821639772905,7.276796677152426,7.297543048858643,105400,0.0,0.0
2012-10-05 00:00:00-04:00,7.30792094146276,7.344226990445162,7.29754750196332,7.323480606079102,141000,0.0,0.0
2012-10-08 00:00:00-04:00,7.33385436867176,7.3494140339735825,7.318294208737096,7.344227313995361,101500,0.0,0.0
2012-10-09 00:00:00-04:00,7.349405706414482,7.349405706414482,7.2456738975520345,7.3027262687683105,205200,0.0,0.0
2012-10-10 00:00:00-04:00,7.328661918640137,7.349408287699238,7.292355896444823,7.328661918640137,155200,0.0,0.0
2012-10-11 00:00:00-04:00,7.307279492952628,7.422025848746745,7.3020636138491835,7.3855156898498535,95400,0.079,0.0
2012-10-12 00:00:00-04:00,7.390730544154216,7.432456576368818,7.338572755179194,7.354220390319824,83300,0.0,0.0
2012-10-15 00:00:00-04:00,7.375087554360623,7.411597728729248,7.34379276389193,7.411597728729248,94800,0.0,0.0
2012-10-16 00:00:00-04:00,7.406379975001568,7.442890637553718,7.380301072439659,7.432458877563477,98900,0.0,0.0
2012-10-17 00:00:00-04:00,7.442890637553718,7.458537780125385,7.411595854996688,7.432458877563477,144600,0.0,0.0
2012-10-18 00:00:00-04:00,7.432455698533467,7.432455698533467,7.375082535368026,7.3959455490112305,145000,0.0,0.0
2012-10-19 00:00:00-04:00,7.406381135104289,7.46897021260833,7.401165254292176,7.416812896728516,124800,0.0,0.0
2012-10-22 00:00:00-04:00,7.42724416093897,7.432460041751082,7.395949870893835,7.416812896728516,83600,0.0,0.0
2012-10-23 00:00:00-04:00,7.375085449876939,7.448105777777809,7.36986957005154,7.427242755889893,147700,0.0,0.0
2012-10-24 00:00:00-04:00,7.416809783389936,7.453319938921393,7.401162147521972,7.401162147521973,85900,0.0,0.0
2012-10-25 00:00:00-04:00,7.4376747575585975,7.442890637553718,7.406379975001568,7.432458877563477,112700,0.0,0.0
2012-10-26 00:00:00-04:00,7.437671460251332,7.458534473569021,7.422023827202961,7.4533185958862305,91900,0.0,0.0
2012-10-31 00:00:00-04:00,7.46375173549236,7.46375173549236,7.3490048922571845,7.422025203704834,128100,0.0,0.0
2012-11-01 00:00:00-04:00,7.422025290297807,7.495046100010957,7.422025290297807,7.474183082580566,122000,0.0,0.0
2012-11-02 00:00:00-04:00,7.495045226273695,7.531555378167302,7.474182211275418,7.515908241271973,206500,0.0,0.0
2012-11-05 00:00:00-05:00,7.515908566837924,7.515908566837924,7.432456503229929,7.442888259887695,127700,0.0,0.0
2012-11-06 00:00:00-05:00,7.4376747575585975,7.448106020135144,7.427242997568356,7.432458877563477,101700,0.0,0.0
2012-11-07 00:00:00-05:00,7.4011628297465775,7.422025848746745,7.38029981074641,7.3855156898498535,162700,0.0,0.0
2012-11-08 00:00:00-05:00,7.3646526708496864,7.453320625953801,7.3646526708496864,7.3855156898498535,143200,0.0,0.0
2012-11-09 00:00:00-05:00,7.364652707822899,7.406378746032715,7.364652707822899,7.406378746032715,136800,0.0,0.0
2012-11-12 00:00:00-05:00,7.395946736450716,7.40116211763875,7.364651962254707,7.390730857849121,129700,0.0,0.0
2012-11-13 00:00:00-05:00,7.395456430467043,7.426926176865868,7.343006186198868,7.374476432800293,158400,0.079,0.0
2012-11-14 00:00:00-05:00,7.369226773493358,7.369226773493358,7.295796576745557,7.3325114250183105,423700,0.0,0.0
2012-11-15 00:00:00-05:00,7.28531087443241,7.301045746674523,7.101735530865002,7.154185771942139,452400,0.0,0.0
2012-11-16 00:00:00-05:00,7.154182489013698,7.290552152871988,7.148937367272364,7.238102436065674,270000,0.0,0.0
2012-11-19 00:00:00-05:00,7.253836599890095,7.348246781298511,7.253836599890095,7.306286811828613,186600,0.0,0.0
2012-11-20 00:00:00-05:00,7.280061115585252,7.374471289338804,7.280061115585252,7.353491306304932,265300,0.0,0.0
2012-11-21 00:00:00-05:00,7.374470065779129,7.3849598054545,7.301039887242863,7.337754726409912,178300,0.0,0.0
2012-11-23 00:00:00-05:00,7.3849598054545,7.390204925393269,7.322019866795772,7.337754726409912,49300,0.0,0.0
2012-11-26 00:00:00-05:00,7.322021484374999,7.332511226367761,7.306286621284717,7.322021484375,164800,0.0,0.0
2012-11-27 00:00:00-05:00,7.358735724427474,7.4059408100053465,7.3377557419708905,7.395451068878174,238700,0.0,0.0
2012-11-28 00:00:00-05:00,7.35874105939828,7.37972105706503,7.35874105939828,7.374476432800293,206000,0.0,0.0
2012-11-29 00:00:00-05:00,7.3639802821841585,7.432165345006498,7.3639802821841585,7.390205383300781,192900,0.0,0.0
2012-11-30 00:00:00-05:00,7.400697212799761,7.442657186350535,7.353492617706897,7.42692232131958,170000,0.0,0.0
2012-12-03 00:00:00-05:00,7.390205771937301,7.4006955128142655,7.37971553085811,7.384960651397705,124100,0.0,0.0
2012-12-04 00:00:00-05:00,7.379715909945584,7.411186134597518,7.348246185495901,7.353491306304932,149400,0.0,0.0
2012-12-05 00:00:00-05:00,7.353496382893355,7.358741007120834,7.332515885173053,7.343006134033203,109800,0.0,0.0
2012-12-06 00:00:00-05:00,7.316775960843966,7.358735926911711,7.285306236394283,7.353491306304932,172000,0.0,0.0
2012-12-07 00:00:00-05:00,7.259086143962382,7.395456377928765,7.259086143962382,7.343006134033203,267200,0.0,0.0
2012-12-10 00:00:00-05:00,7.3377572708092895,7.405942353050262,7.316777283981478,7.400697231292725,213000,0.0,0.0
2012-12-11 00:00:00-05:00,7.4216763495875195,7.4216763495875195,7.369226638757169,7.405941486358643,255900,0.0,0.0
2012-12-12 00:00:00-05:00,7.400141611017563,7.410690878483943,7.289376817704372,7.3790435791015625,71200,0.079,0.0
2012-12-13 00:00:00-05:00,7.394868333248284,7.394868333248284,7.310475692833414,7.357946395874023,361400,0.0,0.0
2012-12-14 00:00:00-05:00,7.331570935652064,7.357943594301644,7.294649515352629,7.326296806335449,312800,0.0,0.0
2012-12-17 00:00:00-05:00,7.305200158836496,7.331572319447054,7.263004098239539,7.289376258850098,414400,0.0,0.0
2012-12-18 00:00:00-05:00,7.094220221775736,7.342122485409891,7.094220221775736,7.305201053619385,485700,0.0,0.0
2012-12-19 00:00:00-05:00,7.294646763716212,7.315744782074102,7.241901466313271,7.278823375701904,400100,0.0,0.0
2012-12-20 00:00:00-05:00,7.247179528086813,7.3210228788113545,7.241904895245773,7.299924850463867,242500,0.0,0.0
2012-12-21 00:00:00-05:00,7.2366320458639715,7.305200775879955,7.189161347928539,7.294651508331299,217400,0.0,0.0
2012-12-24 00:00:00-05:00,7.29464985066671,7.34739517039042,7.278826455956256,7.3210225105285645,124000,0.0,0.0
2012-12-26 00:00:00-05:00,7.2841010885319575,7.3210225105285645,7.278826455956256,7.3210225105285645,293600,0.0,0.0
2012-12-27 00:00:00-05:00,7.304578784480199,7.315187931060791,7.283359479526867,7.315187931060791,73200,0.079,0.0
2012-12-28 00:00:00-05:00,7.283355702788084,7.320488961305122,7.2727465617087965,7.288660526275635,384900,0.0,0.0
2012-12-31 00:00:00-05:00,7.278054730720742,7.315187500410895,7.235617135104555,7.283359050750732,922400,0.0,0.0
2013-01-02 00:00:00-05:00,7.293964361464256,7.378839502181612,7.267440753516146,7.373534679412842,344200,0.0,0.0
2013-01-03 00:00:00-05:00,7.384149119059686,7.384149119059686,7.315187895980287,7.341711521148682,258300,0.0,0.0
2013-01-04 00:00:00-05:00,7.352319673801365,7.389452946375921,7.331100877714193,7.384148120880127,292600,0.0,0.0
2013-01-07 00:00:00-05:00,7.368236541748047,7.394759666043443,7.34701773877403,7.368236541748047,279300,0.0,0.0
2013-01-08 00:00:00-05:00,7.373539352949105,7.458415053358576,7.373539352949105,7.437196254730225,338900,0.0,0.0
2013-01-09 00:00:00-05:00,7.458416938781738,7.484940064349947,7.437198134789457,7.458416938781738,348200,0.0,0.0
2013-01-10 00:00:00-05:00,7.453110602905194,7.553899774996176,7.447805776506697,7.537985801696777,481000,0.0,0.0
2013-01-11 00:00:00-05:00,7.500853061676025,7.5379858348365705,7.484938582410571,7.500853061676025,249700,0.0,0.0
2013-01-14 00:00:00-05:00,7.490241509848625,7.516765129337153,7.479632365590792,7.511460304260254,246500,0.0,0.0
2013-01-15 00:00:00-05:00,7.506155936695109,7.532679557800292,7.490241966390397,7.532679557800293,341200,0.0,0.0
2013-01-16 00:00:00-05:00,7.500851160002422,7.575116687495142,7.490241509848625,7.511460304260254,343700,0.0,0.0
2013-01-17 00:00:00-05:00,7.522075570322737,7.569818019866943,7.500856760069349,7.569818019866943,283700,0.0,0.0
2013-01-18 00:00:00-05:00,7.548591114396171,7.580419550724249,7.5326771491800475,7.575114727020264,254600,0.0,0.0
2013-01-22 00:00:00-05:00,7.564508914947511,7.580422887168002,7.532680464610473,7.56450891494751,297500,0.0,0.0
2013-01-23 00:00:00-05:00,7.569812829705946,7.591031625410894,7.522070412895816,7.532679557800293,424600,0.0,0.0
2013-01-24 00:00:00-05:00,7.532681008414752,7.56450946104957,7.479634261884844,7.500853061676025,327300,0.0,0.0
2013-01-25 00:00:00-05:00,7.490241509848625,7.522069954414051,7.479632365590792,7.511460304260254,295500,0.0,0.0
2013-01-28 00:00:00-05:00,7.522069972198049,7.527374291391524,7.469022733095578,7.490241527557373,248200,0.0,0.0
2013-01-29 00:00:00-05:00,7.479635238647461,7.484939559865877,7.447806781856177,7.479635238647461,218400,0.0,0.0
2013-01-30 00:00:00-05:00,7.4743270987807175,7.484936242411549,7.442498656096355,7.469022274017334,221100,0.0,0.0
2013-01-31 00:00:00-05:00,7.453109269304056,7.500851686555689,7.437195298852178,7.463718414306641,232400,0.0,0.0
2013-02-01 00:00:00-05:00,7.45841689849064,7.516768482680145,7.45841689849064,7.49554967880249,280900,0.0,0.0
2013-02-04 00:00:00-05:00,7.495548837767105,7.495548837767105,7.378845176586598,7.405368804931641,457400,0.0,0.0
2013-02-05 00:00:00-05:00,7.394757731035678,7.4318910059455625,7.368234613680662,7.389453411102295,404400,0.0,0.0
2013-02-06 00:00:00-05:00,7.389452881600545,7.4637184143066415,7.373538405252668,7.463718414306641,292500,0.0,0.0
2013-02-07 00:00:00-05:00,7.463719373593615,7.479633851986927,7.352320554320753,7.437196254730225,426100,0.0,0.0
2013-02-08 00:00:00-05:00,7.4531083005683625,7.484936237335206,7.431889507425156,7.484936237335205,213700,0.0,0.0
2013-02-11 00:00:00-05:00,7.4796319235441,7.484936242411549,7.431889512465522,7.469022274017334,244500,0.0,0.0
2013-02-12 00:00:00-05:00,7.479632383274458,7.495546352646814,7.458413588812663,7.490241527557373,282200,0.0,0.0
2013-02-13 00:00:00-05:00,7.473707114733428,7.505714140298593,7.46303776705004,7.484375953674316,234000,0.079,0.0
2013-02-14 00:00:00-05:00,7.4897075593539615,7.4897075593539615,7.447031203587797,7.452365875244141,229900,0.0,0.0
2013-02-15 00:00:00-05:00,7.484376357239157,7.484376357239157,7.425696468043945,7.441699981689453,267000,0.0,0.0
2013-02-19 00:00:00-05:00,7.441696531931454,7.457700038158193,7.420358354048372,7.452365875244141,306500,0.0,0.0
2013-02-20 00:00:00-05:00,7.3616791743676995,7.4630354015209015,7.228315423052134,7.457700729370117,264800,0.0,0.0
2013-02-21 00:00:00-05:00,7.441699305010171,7.4843756766792815,7.441699305010171,7.463037490844727,294600,0.0,0.0
2013-02-22 00:00:00-05:00,7.463034145580173,7.489706993103028,7.431027135546549,7.489706993103027,260000,0.0,0.0
2013-02-25 00:00:00-05:00,7.4843756766792815,7.495045023967799,7.463037490844727,7.463037490844727,204300,0.0,0.0
2013-02-26 00:00:00-05:00,7.468371946531924,7.5217176639327095,7.463037273043352,7.511048316955566,306800,0.0,0.0
2013-02-27 00:00:00-05:00,7.489707183924078,7.521714703515434,7.447030830297113,7.468369007110596,317800,0.0,0.0
2013-02-28 00:00:00-05:00,7.484374327168217,7.511047181837635,7.457701472498798,7.505712509155273,234100,0.0,0.0
2013-03-01 00:00:00-05:00,7.495044805232316,7.5323865021673875,7.484375458255173,7.511048316955566,189600,0.0,0.0
2013-03-04 00:00:00-05:00,7.516381854519997,7.5377200365070545,7.4950436725329395,7.505712509155273,147700,0.0,0.0
2013-03-05 00:00:00-05:00,7.511048697623435,7.516383371382374,7.479041672554787,7.495045185089111,295700,0.0,0.0
2013-03-06 00:00:00-05:00,7.505714140298593,7.511048814140287,7.473707114733428,7.484375953674316,222900,0.0,0.0
2013-03-07 00:00:00-05:00,7.46837232503691,7.49504518508911,7.46837232503691,7.495045185089111,194900,0.0,0.0
2013-03-08 00:00:00-05:00,7.489710892541065,7.489710892541065,7.468372705161732,7.479042053222656,254900,0.0,0.0
2013-03-11 00:00:00-04:00,7.48971062751601,7.48971062751601,7.468372440891734,7.484375953674316,256800,0.0,0.0
2013-03-12 00:00:00-04:00,7.484376357239157,7.484376357239157,7.436365307560108,7.441699981689453,290600,0.0,0.0
2013-03-13 00:00:00-04:00,7.462620446756027,7.516269972250322,7.462620446756027,7.489445209503174,75400,0.079,0.0
2013-03-14 00:00:00-04:00,7.489445209503175,7.516269972250322,7.4840801546257865,7.489445209503174,376300,0.0,0.0
2013-03-15 00:00:00-04:00,7.500173340295712,7.50553839412349,7.425064633265603,7.457253932952881,342300,0.0,0.0
2013-03-18 00:00:00-04:00,7.4357975503231355,7.489447089282954,7.419702893291159,7.473352432250977,192000,0.0,0.0
2013-03-19 00:00:00-04:00,7.462617911222359,7.478712558746338,7.4304286161744,7.478712558746338,184700,0.0,0.0
2013-03-20 00:00:00-04:00,7.4787182707736015,7.500177987742421,7.4787182707736015,7.494813442230225,192600,0.0,0.0
2013-03-21 00:00:00-04:00,7.484077651011571,7.516267457867799,7.467983003403268,7.510902404785156,211500,0.0,0.0
2013-03-22 00:00:00-04:00,7.510902404785156,7.5216325109504405,7.494807757176854,7.510902404785156,156300,0.0,0.0
2013-03-25 00:00:00-04:00,7.516272075722184,7.521637132101015,7.48408224908914,7.500176906585693,204800,0.0,0.0
2013-03-26 00:00:00-04:00,7.510902404785156,7.5216325109504405,7.489442704094213,7.510902404785156,231700,0.0,0.0
2013-03-27 00:00:00-04:00,7.4894449221200565,7.521634738509412,7.484079867448535,7.516269683837891,179500,0.0,0.0
2013-03-28 00:00:00-04:00,7.543092211641384,7.5806465599406305,7.505537351702515,7.510902404785156,331600,0.0,0.0
2013-04-01 00:00:00-04:00,7.48944730546797,7.527001676839907,7.48944730546797,7.500176906585693,232500,0.0,0.0
2013-04-02 00:00:00-04:00,7.5001761365829935,7.53773101573931,7.5001761365829935,7.527000904083252,201900,0.0,0.0
2013-04-03 00:00:00-04:00,7.527000080264661,7.537730190746324,7.500175315700331,7.505540370941162,200900,0.0,0.0
2013-04-04 00:00:00-04:00,7.505546112800481,7.559195682971895,7.505546112800481,7.553830623626709,243700,0.0,0.0
2013-04-05 00:00:00-04:00,7.537732803415089,7.591381839499321,7.537732803415089,7.580652236938477,252700,0.0,0.0
2013-04-08 00:00:00-04:00,7.586014014747884,7.639663027640658,7.5806489599666715,7.628933429718018,424100,0.0,0.0
2013-04-09 00:00:00-04:00,7.628933145092412,7.650392851776845,7.618203035930313,7.639662742614746,221200,0.0,0.0
2013-04-10 00:00:00-04:00,7.586015757692161,7.645029838925078,7.586015757692161,7.6182050704956055,308900,0.0,0.0
2013-04-11 00:00:00-04:00,7.617663517233949,7.639243280163706,7.6122684478759775,7.612268447875977,63200,0.079,0.0
2013-04-12 00:00:00-04:00,7.623062474124834,7.650037320168924,7.60148270019004,7.628457546234131,143200,0.0,0.0
2013-04-15 00:00:00-04:00,7.628454320216647,7.644639015197754,7.606874555407778,7.644639015197754,227400,0.0,0.0
2013-04-16 00:00:00-04:00,7.644640759793336,7.6716156005859375,7.633850617675377,7.6716156005859375,156100,0.0,0.0
2013-04-17 00:00:00-04:00,7.666222402981556,7.693197250366211,7.655432258226726,7.693197250366211,221300,0.0,0.0
2013-04-18 00:00:00-04:00,7.6878003798813825,7.709380149841309,7.639245768845974,7.709380149841309,149000,0.0,0.0
2013-04-19 00:00:00-04:00,7.698588007705081,7.72016777061692,7.666218106086256,7.714772701263428,207300,0.0,0.0
2013-04-22 00:00:00-04:00,7.6878003798813825,7.720170292072421,7.6878003798813825,7.709380149841309,163300,0.0,0.0
2013-04-23 00:00:00-04:00,7.698590522112496,7.720170292072421,7.671615681037013,7.709380149841309,237200,0.0,0.0
2013-04-24 00:00:00-04:00,7.714772701263427,7.714772701263427,7.67700773029111,7.714772701263428,171500,0.0,0.0
2013-04-25 00:00:00-04:00,7.693196160686559,7.714775932637197,7.682406017460066,7.698591232299805,231300,0.0,0.0
2013-04-26 00:00:00-04:00,7.703983966687964,7.736353874206543,7.6824041998429875,7.736353874206543,194000,0.0,0.0
2013-04-29 00:00:00-04:00,7.709375842834591,7.736350668840013,7.703980774733104,7.730955600738525,200000,0.0,0.0
2013-04-30 00:00:00-04:00,7.741752217610666,7.7795166969299325,7.725566999757459,7.779516696929932,352400,0.0,0.0
2013-05-01 00:00:00-04:00,7.7633328437805185,7.774122475695173,7.736357992240131,7.763332843780518,173500,0.0,0.0
2013-05-02 00:00:00-04:00,7.7741210752527925,7.7741210752527925,7.741751670837402,7.741751670837402,204700,0.0,0.0
2013-05-03 00:00:00-04:00,7.768720377773586,7.774115446103778,7.747140618954849,7.757930755615234,163400,0.0,0.0
2013-05-06 00:00:00-04:00,7.7417457369415,7.747140290540974,7.714770910936077,7.730955600738525,156000,0.0,0.0
2013-05-07 00:00:00-04:00,7.7471462285716965,7.757936373045098,7.714776824156306,7.741751670837402,202500,0.0,0.0
2013-05-08 00:00:00-04:00,7.720172441642166,7.7795166969299325,7.720172441642166,7.779516696929932,199000,0.0,0.0
2013-05-09 00:00:00-04:00,7.7525353586424615,7.763325494845436,7.7201659790375645,7.730955600738525,204600,0.0,0.0
2013-05-10 00:00:00-04:00,7.720170497894287,7.730960125910754,7.698590727359038,7.720170497894287,396500,0.0,0.0
2013-05-13 00:00:00-04:00,7.725053359726219,7.725053359726219,7.665379677771057,7.714203834533691,302400,0.079,0.0
2013-05-14 00:00:00-04:00,7.725051403045654,7.730476422947065,7.703351840798383,7.725051403045654,192200,0.0,0.0
2013-05-15 00:00:00-04:00,7.708776817269513,7.746750921648702,7.708776817269513,7.730476379394531,262600,0.0,0.0
2013-05-16 00:00:00-04:00,7.730478718416895,7.752178287107584,7.719628675392287,7.735903739929199,197000,0.0,0.0
2013-05-17 00:00:00-04:00,7.735901442848476,7.746750965292925,7.719626383144243,7.725051403045654,212600,0.0,0.0
2013-05-20 00:00:00-04:00,7.719626383144243,7.730476422947065,7.703351840798383,7.725051403045654,255400,0.0,0.0
2013-05-21 00:00:00-04:00,7.730476379394531,7.730476379394531,7.708776817269513,7.730476379394531,204700,0.0,0.0
2013-05-22 00:00:00-04:00,7.746752014245531,7.7521770348815195,7.6653787741394765,7.708777904510498,534900,0.0,0.0
2013-05-23 00:00:00-04:00,7.703352972511155,7.703352972511155,7.665378862339183,7.697927951812744,269900,0.0,0.0
2013-05-24 00:00:00-04:00,7.697925219965876,7.703350238739051,7.6545261044970125,7.676225662231445,225600,0.0,0.0
2013-05-28 00:00:00-04:00,7.692502647832693,7.70335217074184,7.5840043145908576,7.594854354858398,351200,0.0,0.0
2013-05-29 00:00:00-04:00,7.584009956188695,7.594860004527378,7.486362107934457,7.535186290740967,494300,0.0,0.0
2013-05-30 00:00:00-04:00,7.529752254486085,7.5840008791749565,7.513477718815239,7.529752254486084,389100,0.0,0.0
2013-05-31 00:00:00-04:00,7.556876975304959,7.56230147573066,7.410404599289434,7.421254634857178,404900,0.0,0.0
2013-06-03 00:00:00-04:00,7.410406724419995,7.410406724419995,7.247659765739019,7.312758445739746,696100,0.0,0.0
2013-06-04 00:00:00-04:00,7.312759744388696,7.361583892399341,7.296485200837951,7.329034805297852,381700,0.0,0.0
2013-06-05 00:00:00-04:00,7.312759744388696,7.345309348848596,7.285635677590259,7.329034805297852,323000,0.0,0.0
2013-06-06 00:00:00-04:00,7.296486682471655,7.394134998321533,7.296486682471655,7.394134998321533,277400,0.0,0.0
2013-06-07 00:00:00-04:00,7.383283408585851,7.383283408585851,7.323609737712774,7.339884281158447,288300,0.0,0.0
2013-06-10 00:00:00-04:00,7.323610190451614,7.345309755506762,7.247661454079373,7.2693610191345215,357700,0.0,0.0
2013-06-11 00:00:00-04:00,7.193412095831901,7.253085764551452,7.128313407040103,7.150012969970703,606800,0.0,0.0
2013-06-12 00:00:00-04:00,7.111264084148685,7.138552232104183,7.034857894447048,7.05668830871582,215800,0.079,0.0
2013-06-13 00:00:00-04:00,7.023943656391514,7.149468950764762,6.942079718675473,7.100350379943848,776500,0.0,0.0
2013-06-14 00:00:00-04:00,7.056687794611838,7.187670270681947,7.056687794611838,7.138551712036133,376100,0.0,0.0
2013-06-17 00:00:00-04:00,7.214958416649409,7.231331096038649,7.127636765936003,7.138551712036133,247400,0.0,0.0
2013-06-18 00:00:00-04:00,7.11126661876016,7.133097040809774,7.045775352611319,7.094893932342529,450200,0.0,0.0
2013-06-19 00:00:00-04:00,7.122179551522136,7.122179551522136,7.05668830871582,7.05668830871582,275800,0.0,0.0
2013-06-20 00:00:00-04:00,7.013026756193633,7.171297373422813,6.952992732793479,6.9966535568237305,661100,0.0,0.0
2013-06-21 00:00:00-04:00,6.985736244936008,7.007566649557018,6.903871837248793,6.931159973144531,291100,0.0,0.0
2013-06-24 00:00:00-04:00,6.843843042474898,6.86567346204905,6.723775474577932,6.778351783752441,554100,0.0,0.0
2013-06-25 00:00:00-04:00,6.805637216986994,6.860212983860173,6.76197639529723,6.81655216217041,596800,0.0,0.0
2013-06-26 00:00:00-04:00,6.849301958310959,7.01848760905876,6.849301958310959,6.991199970245361,505000,0.0,0.0
2013-06-27 00:00:00-04:00,6.985739189961288,7.089433525506734,6.985739189961288,7.083975791931152,226500,0.0,0.0
2013-06-28 00:00:00-04:00,7.089433525506734,7.111263939330939,7.029400017609699,7.083975791931152,258400,0.0,0.0
2013-07-01 00:00:00-04:00,7.08397450355633,7.165838930866865,7.06214409370246,7.073059558868408,258200,0.0,0.0
2013-07-02 00:00:00-04:00,7.100352547506396,7.100352547506396,7.023945800628965,7.040318489074707,273100,0.0,0.0
2013-07-03 00:00:00-04:00,6.985740180969503,7.056689166082637,6.985740180969503,7.0184855461120605,240700,0.0,0.0
2013-07-05 00:00:00-04:00,7.007569099312214,7.013026832494894,6.871128892613699,6.882043838500977,513900,0.0,0.0
2013-07-08 00:00:00-04:00,6.909331983936297,6.991196420242256,6.87658662579638,6.882043838500977,397500,0.0,0.0
2013-07-09 00:00:00-04:00,6.887501531390581,6.969365967217619,6.887501531390581,6.91478967666626,352400,0.0,0.0
2013-07-10 00:00:00-04:00,6.882043942401598,6.947535180148259,6.882043942401598,6.920247554779053,243700,0.0,0.0
2013-07-11 00:00:00-04:00,6.991091692641746,7.035026766433564,6.96363299166594,7.029534816741943,451100,0.079,0.0
2013-07-12 00:00:00-04:00,7.002073359332848,7.029532575294114,6.969122195431132,6.974614143371582,170300,0.0,0.0
2013-07-15 00:00:00-04:00,6.985604786939321,7.0460147014137755,6.985604786939321,7.035031318664551,233800,0.0,0.0
2013-07-16 00:00:00-04:00,7.029532575294114,7.035024523234564,6.952646875350765,6.974614143371582,308800,0.0,0.0
2013-07-17 00:00:00-04:00,7.007570259574582,7.100931345577262,6.996586355931277,7.084455490112305,274000,0.0,0.0
2013-07-18 00:00:00-04:00,7.100930430109232,7.100930430109232,7.029536636856058,7.056995868682861,295800,0.0,0.0
2013-07-19 00:00:00-04:00,7.067976119580946,7.067976119580946,7.018549628912239,7.0515007972717285,182500,0.0,0.0
2013-07-22 00:00:00-04:00,7.035027938077784,7.062486643626682,7.013060659393923,7.024044036865234,350100,0.0,0.0
2013-07-23 00:00:00-04:00,7.013062597705658,7.073472499847412,7.013062597705658,7.073472499847412,248600,0.0,0.0
2013-07-24 00:00:00-04:00,7.0460147014137755,7.0460147014137755,6.991096216443189,7.035031318664551,368300,0.0,0.0
2013-07-25 00:00:00-04:00,7.002076499009275,7.024043776880047,6.947158042461735,7.018551826477051,410600,0.0,0.0
2013-07-26 00:00:00-04:00,6.9691289272032515,7.0460147014137755,6.9691289272032515,7.035031318664551,175400,0.0,0.0
2013-07-29 00:00:00-04:00,7.002076148986816,7.02404342575948,6.985600822342616,7.002076148986816,159200,0.0,0.0
2013-07-30 00:00:00-04:00,6.991092248729889,7.0075680991152804,6.974616922085689,7.002076148986816,265400,0.0,0.0
2013-07-31 00:00:00-04:00,7.002076365734257,7.002076365734257,6.952649860530481,6.996584415435791,278400,0.0,0.0
2013-08-01 00:00:00-04:00,6.991093984851966,7.002077887836563,6.930684089660644,6.9306840896606445,280900,0.0,0.0
2013-08-02 00:00:00-04:00,6.936176554424477,6.996586454086084,6.936176554424477,6.980111122131348,225100,0.0,0.0
2013-08-05 00:00:00-04:00,6.963634445393816,6.980109774166919,6.897732606560149,6.914207935333252,316300,0.0,0.0
2013-08-06 00:00:00-04:00,6.897729826968055,6.908713200477044,6.881253981092999,6.886745929718018,433300,0.0,0.0
2013-08-07 00:00:00-04:00,6.881254305498686,6.941664695739747,6.875762880355831,6.941664695739746,212900,0.0,0.0
2013-08-08 00:00:00-04:00,6.925187659389499,6.980106091312031,6.919696235190031,6.974614143371582,267400,0.0,0.0
2013-08-09 00:00:00-04:00,6.974614143371581,6.974614143371581,6.9361715552703975,6.974614143371582,218500,0.0,0.0
2013-08-12 00:00:00-04:00,6.952651886379213,6.996586454086084,6.952651886379213,6.980111122131348,274300,0.0,0.0
2013-08-13 00:00:00-04:00,6.985081354302514,6.985081354302514,6.929819425421608,6.9574503898620605,309100,0.079,0.0
2013-08-14 00:00:00-04:00,6.935346214553768,6.951924583584629,6.885610580444336,6.885610580444336,358900,0.0,0.0
2013-08-15 00:00:00-04:00,6.846924436710294,6.863502798218245,6.7806104636618825,6.80824089050293,674700,0.0,0.0
2013-08-16 00:00:00-04:00,6.786136232820126,6.82481977902749,6.786136232820126,6.80824089050293,291100,0.0,0.0
2013-08-19 00:00:00-04:00,6.797194344710158,6.808246419017895,6.6977230408553385,6.741932392120361,463000,0.0,0.0
2013-08-20 00:00:00-04:00,6.747456703079728,6.808244411389678,6.741930404046947,6.802718639373779,404200,0.0,0.0
2013-08-21 00:00:00-04:00,6.7529831536179135,6.8027187919950185,6.741930555304382,6.764035224914551,484000,0.0,0.0
2013-08-22 00:00:00-04:00,6.752982991747458,6.797192329908088,6.752982991747458,6.791666030883789,258100,0.0,0.0
2013-08-23 00:00:00-04:00,6.775088746882757,6.846929064664094,6.769562446972585,6.83587646484375,270300,0.0,0.0
2013-08-26 00:00:00-04:00,6.830349922180176,6.846928821321471,6.819297849769593,6.830349922180176,226300,0.0,0.0
2013-08-27 00:00:00-04:00,6.830350583259708,6.835876883508339,6.808245909282181,6.824824810028076,379300,0.0,0.0
2013-08-28 00:00:00-04:00,6.808243835782187,6.8414011001586905,6.791665467102354,6.841401100158691,388800,0.0,0.0
2013-08-29 00:00:00-04:00,6.7806150553786075,6.857981146151111,6.769562455544269,6.84692907333374,337000,0.0,0.0
2013-08-30 00:00:00-04:00,6.880086179509878,6.880086179509878,6.824824758491856,6.8745598793029785,175600,0.0,0.0
2013-09-03 00:00:00-04:00,6.885610434649471,6.902188803329304,6.8414011001586905,6.841401100158691,304200,0.0,0.0
2013-09-04 00:00:00-04:00,6.830349200882147,6.924294178027592,6.830349200882147,6.918768405914307,290800,0.0,0.0
2013-09-05 00:00:00-04:00,6.89666152646762,6.9077141220309155,6.8745568623577915,6.902187824249268,346800,0.0,0.0
2013-09-06 00:00:00-04:00,6.9021891938475,6.913241791603958,6.880084525351452,6.89113712310791,288200,0.0,0.0
2013-09-09 00:00:00-04:00,6.880084991455077,6.896663362196027,6.869032919966745,6.880084991455078,240100,0.0,0.0
2013-09-10 00:00:00-04:00,6.885612479716779,6.89113877992368,6.846929432302464,6.8745598793029785,353000,0.0,0.0
2013-09-11 00:00:00-04:00,6.874559265856401,6.880085565570166,6.8137715500558285,6.830349922180176,470000,0.0,0.0
2013-09-12 00:00:00-04:00,6.835355267921904,6.84647896481044,6.80198470766336,6.82423210144043,338900,0.079,0.0
2013-09-13 00:00:00-04:00,6.863163953919375,6.863163953919375,6.835355242209705,6.8464789390563965,169400,0.0,0.0
2013-09-16 00:00:00-04:00,6.868721056201624,6.913214752030069,6.8520355224609375,6.8520355224609375,375400,0.0,0.0
2013-09-17 00:00:00-04:00,6.874287128448486,6.879848976878377,6.852040265135982,6.874287128448486,234000,0.0,0.0
2013-09-18 00:00:00-04:00,6.890970159984654,7.013327598365189,6.868723304787569,6.996642589569092,266700,0.0,0.0
2013-09-19 00:00:00-04:00,6.974398680227708,7.013330560664989,6.9187812535398,6.941028118133545,308500,0.0,0.0
2013-09-20 00:00:00-04:00,6.92434360650995,6.952152321878892,6.913220438606651,6.918781757354736,200600,0.0,0.0
2013-09-23 00:00:00-04:00,6.918780268807289,6.952150826151906,6.907657103297094,6.9354658126831055,250800,0.0,0.0
2013-09-24 00:00:00-04:00,6.913217032608638,6.99664260720629,6.913217032608638,6.974395751953125,330800,0.0,0.0
2013-09-25 00:00:00-04:00,6.963273498654692,7.03557538986206,6.952149804372366,7.0355753898620605,373000,0.0,0.0
2013-09-26 00:00:00-04:00,7.030015919051299,7.05782410124504,7.018892221848142,7.052262783050537,288800,0.0,0.0
2013-09-27 00:00:00-04:00,7.06338539820331,7.130125984988652,6.95771293506161,7.119002819061279,465300,0.0,0.0
2013-09-30 00:00:00-04:00,7.102320461937726,7.258048556027917,7.08007306094618,7.252486705780029,1681700,0.0,0.0
2013-10-01 00:00:00-04:00,7.207992149336891,7.213553998955693,7.157936563582017,7.17462158203125,563200,0.0,0.0
2013-10-02 00:00:00-04:00,7.169056452234226,7.174617768489836,7.124562739748002,7.141247749328613,462100,0.0,0.0
2013-10-03 00:00:00-04:00,7.152375189057357,7.152375189057357,7.096758280396519,7.146813869476318,352800,0.0,0.0
2013-10-04 00:00:00-04:00,7.124566999930542,7.152375189057357,7.113443299954049,7.146813869476318,235100,0.0,0.0
2013-10-07 00:00:00-04:00,7.130126029431052,7.141249725834794,7.057823594027842,7.091194152832031,320400,0.0,0.0
2013-10-08 00:00:00-04:00,7.057823189632104,7.057823189632104,7.0077681499044076,7.024453163146973,284400,0.0,0.0
2013-10-09 00:00:00-04:00,7.002202961875418,7.052258508132948,7.002202961875418,7.046696662902832,169400,0.0,0.0
2013-10-10 00:00:00-04:00,7.085633775473349,7.091195624829755,7.063386908454875,7.080071926116943,202500,0.0,0.0
2013-10-11 00:00:00-04:00,7.09742008663783,7.09742008663783,7.063835845853511,7.091822624206543,172200,0.081,0.0
2013-10-14 00:00:00-04:00,7.0638358728508654,7.069433335303544,7.03584909439087,7.035849094390869,133300,0.0,0.0
2013-10-15 00:00:00-04:00,7.030252294484058,7.047044148346199,7.0078629780667345,7.041446685791016,264300,0.0,0.0
2013-10-16 00:00:00-04:00,7.0414476039397895,7.0750318498465985,7.035850140654741,7.058239459991455,196700,0.0,0.0
2013-10-17 00:00:00-04:00,7.0582425946327065,7.164592309065752,7.0582425946327065,7.147800445556641,263800,0.0,0.0
2013-10-18 00:00:00-04:00,7.1645920143638735,7.175786411641583,7.125410289382657,7.153397083282471,265800,0.0,0.0
2013-10-21 00:00:00-04:00,7.136604870584009,7.186980990373188,7.114215543322558,7.158994197845459,309100,0.0,0.0
2013-10-22 00:00:00-04:00,7.153397083282471,7.186981342722985,7.125410289382657,7.153397083282471,647300,0.0,0.0
2013-10-23 00:00:00-04:00,7.153395221907739,7.2485499761248064,7.153395221907739,7.231758117675781,406300,0.0,0.0
2013-10-24 00:00:00-04:00,7.220564563815368,7.298927474498418,7.2149676324694525,7.28773307800293,314400,0.0,0.0
2013-10-25 00:00:00-04:00,7.287732561237526,7.3045244216918945,7.287732561237526,7.3045244216918945,288700,0.0,0.0
2013-10-28 00:00:00-04:00,7.2877304952469535,7.326911669800926,7.270938105749422,7.315716743469238,259800,0.0,0.0
2013-10-29 00:00:00-04:00,7.310122489929199,7.321316886555055,7.293330094284921,7.310122489929199,309700,0.0,0.0
2013-10-30 00:00:00-04:00,7.315720520496913,7.315720520496913,7.265344393602601,7.276539325714111,270000,0.0,0.0
2013-10-31 00:00:00-04:00,7.304527605631913,7.304527605631913,7.2485540013144245,7.259748935699463,329700,0.0,0.0
2013-11-01 00:00:00-04:00,7.231762133540719,7.276540803473169,7.231762133540719,7.259748935699463,335800,0.0,0.0
2013-11-04 00:00:00-05:00,7.248552610183519,7.310123669876905,7.248552610183519,7.298928737640381,462500,0.0,0.0
2013-11-05 00:00:00-05:00,7.2877343392076055,7.304526203758643,7.276539406971081,7.298928737640381,229200,0.0,0.0
2013-11-06 00:00:00-05:00,7.310121886444557,7.3157188173936,7.298926956939232,7.3045244216918945,359600,0.0,0.0
2013-11-07 00:00:00-05:00,7.282135486602784,7.293329882904195,7.231759368737314,7.282135486602783,448100,0.0,0.0
2013-11-08 00:00:00-05:00,7.24855089187622,7.259745821458927,7.186980380582199,7.248550891876221,344700,0.0,0.0
2013-11-11 00:00:00-05:00,7.242953427084866,7.2541483566675735,7.214967170735345,7.248550891876221,193100,0.0,0.0
2013-11-12 00:00:00-05:00,7.242950890209637,7.254145815871272,7.18138040048095,7.186977863311768,346700,0.0,0.0
2013-11-13 00:00:00-05:00,7.181909327594407,7.1988077873631235,7.159377868838667,7.170643329620361,567000,0.081,0.0
2013-11-14 00:00:00-05:00,7.148114950887533,7.215709893472819,7.148114950887533,7.181912422180176,330600,0.0,0.0
2013-11-15 00:00:00-05:00,7.210075146982768,7.2326066099936455,7.1706446838193925,7.1988091468811035,197800,0.0,0.0
2013-11-18 00:00:00-05:00,7.221339837650124,7.221339837650124,7.1706439169989,7.187542915344238,210500,0.0,0.0
2013-11-19 00:00:00-05:00,7.1424832728605905,7.187546214749274,7.1424832728605905,7.165014743804932,277700,0.0,0.0
2013-11-20 00:00:00-05:00,7.159378246169752,7.170643707545187,7.1030493277154445,7.125580787658691,242400,0.0,0.0
2013-11-21 00:00:00-05:00,7.108679651609297,7.136844100236608,7.108679651609297,7.114312648773193,191700,0.0,0.0
2013-11-22 00:00:00-05:00,7.108679651609297,7.193172997491231,7.108679651609297,7.114312648773193,277000,0.0,0.0
2013-11-25 00:00:00-05:00,7.080517768859862,7.103049228488354,7.080517768859862,7.080517768859863,289000,0.0,0.0
2013-11-26 00:00:00-05:00,7.080517343148317,7.114314799155189,7.080517343148317,7.103048801422119,298600,0.0,0.0
2013-11-27 00:00:00-05:00,7.086147606326905,7.11994504928589,7.086147606326905,7.119945049285889,224000,0.0,0.0
2013-11-29 00:00:00-05:00,7.136843502169316,7.136843502169316,7.091780603018758,7.119945049285889,172700,0.0,0.0
2013-12-02 00:00:00-05:00,7.103048801422119,7.148111717969722,7.086150342014852,7.103048801422119,255200,0.0,0.0
2013-12-03 00:00:00-05:00,7.063622079695632,7.125583483685103,7.05798907828043,7.10868501663208,304200,0.0,0.0
2013-12-04 00:00:00-05:00,7.0974190324027315,7.108684497217412,7.069254564577216,7.086153030395508,373600,0.0,0.0
2013-12-05 00:00:00-05:00,7.069252014160156,7.097416471824609,7.046720555467064,7.069252014160156,288800,0.0,0.0
2013-12-06 00:00:00-05:00,7.05798907828043,7.114318018047283,7.0523566140578104,7.10868501663208,374700,0.0,0.0
2013-12-09 00:00:00-05:00,7.091784073490236,7.210074375945627,7.08615107404179,7.187542915344238,674000,0.0,0.0
2013-12-10 00:00:00-05:00,7.153746923598307,7.210075855255127,7.148113922994125,7.210075855255127,321400,0.0,0.0
2013-12-11 00:00:00-05:00,7.187962137159829,7.221974272732698,7.176624398226774,7.199299335479736,306300,0.081,0.0
2013-12-12 00:00:00-05:00,7.1596229983787545,7.216310108163507,7.14261691950468,7.187966823577881,550200,0.0,0.0
2013-12-13 00:00:00-05:00,7.17096241905234,7.182300168879387,7.125612500971487,7.13128137588501,443300,0.0,0.0
2013-12-16 00:00:00-05:00,7.131279394326065,7.159623220404155,7.108604441586297,7.1199421882629395,432600,0.0,0.0
2013-12-17 00:00:00-05:00,7.114275291758107,7.142619125712057,7.09160033271768,7.13128137588501,374700,0.0,0.0
2013-12-18 00:00:00-05:00,7.108599586467888,7.199299335479736,7.108599586467888,7.199299335479736,397000,0.0,0.0
2013-12-19 00:00:00-05:00,7.221975859338024,7.221975859338024,7.170957104157196,7.182294845581055,572400,0.0,0.0
2013-12-20 00:00:00-05:00,7.153955156069538,7.2163111480020365,7.148286282090153,7.2106428146362305,380900,0.0,0.0
2013-12-23 00:00:00-05:00,7.216312485069305,7.3240189481795905,7.216312485069305,7.312681198120117,694600,0.0,0.0
2013-12-24 00:00:00-05:00,7.335354262203051,7.386373043060303,7.2900043549107245,7.386373043060303,276200,0.0,0.0
2013-12-26 00:00:00-05:00,7.3693673701056674,7.482742144599965,7.250323721733264,7.437392234802246,685800,0.0,0.0
2013-12-27 00:00:00-05:00,7.426552669415152,7.483591916060582,7.426552669415152,7.449368476867676,351800,0.081,0.0
2013-12-30 00:00:00-05:00,7.437960301155535,7.460776108608059,7.409440405846941,7.449368476867676,409000,0.0,0.0
2013-12-31 00:00:00-05:00,7.4151444937030115,7.455072020751988,7.40373631799087,7.449368476867676,659000,0.0,0.0
2014-01-02 00:00:00-05:00,7.43225500784616,7.466478985459965,7.4094392040941806,7.460774898529053,212300,0.0,0.0
2014-01-03 00:00:00-05:00,7.443663181707985,7.460774898529052,7.4094392040941806,7.460774898529053,160700,0.0,0.0
2014-01-06 00:00:00-05:00,7.449368745843563,7.50640799454852,7.415144761443166,7.49500036239624,263300,0.0,0.0
2014-01-07 00:00:00-05:00,7.477888098210153,7.49500036239624,7.443664657781533,7.49500036239624,190400,0.0,0.0
2014-01-08 00:00:00-05:00,7.489297714942282,7.489297714942282,7.4037380094692935,7.4208502769470215,297200,0.0,0.0
2014-01-09 00:00:00-05:00,7.415146079883414,7.449370070368962,7.403737901730939,7.443665981292725,275500,0.0,0.0
2014-01-10 00:00:00-05:00,7.42655640808224,7.489299774169922,7.42655640808224,7.489299774169922,235700,0.0,0.0
2014-01-13 00:00:00-05:00,7.466479616962865,7.506407140912918,7.443663811281161,7.472183704376221,337400,0.0,0.0
2014-01-14 00:00:00-05:00,7.437964077244836,7.466483987032356,7.39803652992553,7.4151482582092285,464400,0.0,0.0
2014-01-15 00:00:00-05:00,7.403740141669978,7.403740141669978,7.3581085031983635,7.375220775604248,436600,0.0,0.0
2014-01-16 00:00:00-05:00,7.38662576675415,7.403737489057204,7.352402322148042,7.38662576675415,292700,0.0,0.0
2014-01-17 00:00:00-05:00,7.3752208573764815,7.437964224977605,7.369516766511276,7.426556587219238,484500,0.0,0.0
2014-01-21 00:00:00-05:00,7.415148405488829,7.443668315842809,7.403740223758418,7.426556587219238,464100,0.0,0.0
2014-01-22 00:00:00-05:00,7.420852348961139,7.466483987032356,7.386628348421708,7.4151482582092285,433200,0.0,0.0
2014-01-23 00:00:00-05:00,7.420850168959651,7.460777704549562,7.415146079883414,7.443665981292725,352800,0.0,0.0
2014-01-24 00:00:00-05:00,7.420850385600466,7.483593735355151,7.398034572601318,7.398034572601318,315500,0.0,0.0
2014-01-27 00:00:00-05:00,7.398036594840056,7.415148323273901,7.363812594000325,7.375220775604248,268600,0.0,0.0
2014-01-28 00:00:00-05:00,7.386628413236132,7.386628413236132,7.3581085031983635,7.375220775604248,355700,0.0,0.0
2014-01-29 00:00:00-05:00,7.369516338556719,7.369516338556719,7.323884702229037,7.335292339324951,381000,0.0,0.0
2014-01-30 00:00:00-05:00,7.352404956368441,7.392332504038094,7.346700865566479,7.375220775604248,487100,0.0,0.0
2014-01-31 00:00:00-05:00,7.346700865566479,7.386628413236132,7.335292683962556,7.375220775604248,220400,0.0,0.0
2014-02-03 00:00:00-05:00,7.363810581116651,7.398034572601318,7.358106491873891,7.398034572601318,456000,0.0,0.0
2014-02-04 00:00:00-05:00,7.37521654371394,7.392328262329102,7.3581042811270505,7.392328262329102,337800,0.0,0.0
2014-02-05 00:00:00-05:00,7.363810593719209,7.386626406757404,7.340994780681013,7.380922317504883,257000,0.0,0.0
2014-02-06 00:00:00-05:00,7.386628413236132,7.398036594840056,7.375220775604248,7.375220775604248,383100,0.0,0.0
2014-02-07 00:00:00-05:00,7.369510899790322,7.45507001876831,7.369510899790322,7.4550700187683105,477100,0.0,0.0
2014-02-10 00:00:00-05:00,7.426554258035888,7.443665981292725,7.415146079883414,7.443665981292725,262800,0.0,0.0
2014-02-11 00:00:00-05:00,7.420848581559082,7.455072020751988,7.40373631799087,7.449368476867676,295000,0.0,0.0
2014-02-12 00:00:00-05:00,7.4384670946016325,7.484383514224052,7.4384670946016325,7.461425304412842,298700,0.081,0.0
2014-02-13 00:00:00-05:00,7.449941327447057,7.50159740447998,7.449941327447057,7.5015974044799805,196600,0.0,0.0
2014-02-14 00:00:00-05:00,7.501596458496279,7.530294336269706,7.490117635806803,7.513075828552246,280200,0.0,0.0
2014-02-18 00:00:00-05:00,7.501597884071697,7.518816942427893,7.478639686963365,7.50733757019043,387100,0.0,0.0
2014-02-19 00:00:00-05:00,7.507341929363516,7.5360398292541495,7.490123408375902,7.53603982925415,231300,0.0,0.0
2014-02-20 00:00:00-05:00,7.5245571956038795,7.55899477005005,7.51307836903294,7.558994770050049,305000,0.0,0.0
2014-02-21 00:00:00-05:00,7.576210971991238,7.581950657208795,7.547513093269965,7.570471286773682,221800,0.0,0.0
2014-02-24 00:00:00-05:00,7.587693691253662,7.587693691253662,7.558995799866579,7.587693691253662,218600,0.0,0.0
2014-02-25 00:00:00-05:00,7.576213441073342,7.610651016235352,7.570473753985226,7.610651016235352,165000,0.0,0.0
2014-02-26 00:00:00-05:00,7.593431638133309,7.662306785583496,7.570473438105468,7.662306785583496,334700,0.0,0.0
2014-02-27 00:00:00-05:00,7.656566781295689,7.719701691913029,7.645087408074368,7.70822286605835,498900,0.0,0.0
2014-02-28 00:00:00-05:00,7.719702323300394,7.748400211334229,7.702483809426768,7.7484002113342285,418100,0.0,0.0
2014-03-03 00:00:00-05:00,7.719704838655738,7.805798530809639,7.719704838655738,7.78857946395874,405300,0.0,0.0
2014-03-04 00:00:00-05:00,7.765616671563173,7.840230941772461,7.765616671563173,7.840230941772461,500600,0.0,0.0
2014-03-05 00:00:00-05:00,7.81153930397906,7.863195420587374,7.805800161196899,7.857455730438232,354100,0.0,0.0
2014-03-06 00:00:00-05:00,7.863189139973149,7.863189139973149,7.828752121318355,7.845970630645752,292200,0.0,0.0
2014-03-07 00:00:00-05:00,7.863190014351108,7.863190014351108,7.742659340923369,7.8230133056640625,439300,0.0,0.0
2014-03-10 00:00:00-04:00,7.79431661324169,7.834493328069046,7.73692083717402,7.7484002113342285,472000,0.0,0.0
2014-03-11 00:00:00-04:00,7.759881018859304,7.782839224053755,7.736922266298066,7.754141330718994,312900,0.0,0.0
2014-03-12 00:00:00-04:00,7.73739211343457,7.7951340675353995,7.731618358558955,7.7951340675354,224600,0.081,0.0
2014-03-13 00:00:00-04:00,7.77781579458759,7.79513816966637,7.743170493761655,7.789363861083984,330400,0.0,0.0
2014-03-14 00:00:00-04:00,7.772041486005205,7.789363861083985,7.772041486005205,7.789363861083984,196200,0.0,0.0
2014-03-17 00:00:00-04:00,7.77781579458759,7.789363861083985,7.772041486005205,7.789363861083984,155400,0.0,0.0
2014-03-18 00:00:00-04:00,7.795133289909315,7.818229959111955,7.777810925674343,7.812455654144287,178300,0.0,0.0
2014-03-19 00:00:00-04:00,7.841330987310569,7.841330987310569,7.737395642787017,7.760492324829102,258000,0.0,0.0
2014-03-20 00:00:00-04:00,7.743167799979122,7.748942106552675,7.70274875530062,7.714296817779541,242900,0.0,0.0
2014-03-21 00:00:00-04:00,7.72584766906906,7.777815341949462,7.720073360822717,7.777815341949463,143700,0.0,0.0
2014-03-24 00:00:00-04:00,7.760492038013587,7.777814961906176,7.743169664789315,7.766266345977783,420800,0.0,0.0
2014-03-25 00:00:00-04:00,7.748940724521971,7.7951340675353995,7.748940724521971,7.7951340675354,159000,0.0,0.0
2014-03-26 00:00:00-04:00,7.78358467997398,7.824004264079622,7.78358467997398,7.812455654144287,183900,0.0,0.0
2014-03-27 00:00:00-04:00,7.800907594876982,7.818229959111955,7.78358467997398,7.812455654144287,272600,0.0,0.0
2014-03-28 00:00:00-04:00,7.8124596588997495,7.82978258268268,7.806685901640419,7.818233966827393,183800,0.0,0.0
2014-03-31 00:00:00-04:00,7.8182320795807785,7.847103061581502,7.795135404113835,7.8066840171813965,240700,0.0,0.0
2014-04-01 00:00:00-04:00,7.795135290583359,7.829780578613281,7.777812921902484,7.829780578613281,188500,0.0,0.0
2014-04-02 00:00:00-04:00,7.812457355377029,7.881747378073473,7.789360681144881,7.847102642059326,308000,0.0,0.0
2014-04-03 00:00:00-04:00,7.8297791303040745,7.8759724720205995,7.818230519540908,7.84132719039917,272400,0.0,0.0
2014-04-04 00:00:00-04:00,7.824004824922491,7.8759724720205995,7.818230519540908,7.84132719039917,216100,0.0,0.0
2014-04-07 00:00:00-04:00,7.818234368350391,7.881750106811523,7.818234368350391,7.881750106811523,194100,0.0,0.0
2014-04-08 00:00:00-04:00,7.858653424583081,7.881750106811523,7.841331050578834,7.881750106811523,292800,0.0,0.0
2014-04-09 00:00:00-04:00,7.875977269185722,7.922170639038086,7.858654342489782,7.922170639038086,195600,0.0,0.0
2014-04-10 00:00:00-04:00,7.916395619827047,7.922169928207584,7.847105571265672,7.8759765625,257500,0.0,0.0
2014-04-11 00:00:00-04:00,7.864936886590884,7.888171537722822,7.859128085318455,7.876554489135742,181900,0.081,0.0
2014-04-14 00:00:00-04:00,7.876554460125547,7.888171508669839,7.853319809079185,7.870745658874512,329200,0.0,0.0
2014-04-15 00:00:00-04:00,7.876554624035005,7.89398047419296,7.853319972505134,7.888171672821045,261300,0.0,0.0
2014-04-16 00:00:00-04:00,7.876553698603596,7.882361945335299,7.818466799624767,7.830083847045898,333800,0.0,0.0
2014-04-17 00:00:00-04:00,7.83008681754133,7.859130278048945,7.824278568606154,7.8533220291137695,127000,0.0,0.0
2014-04-21 00:00:00-04:00,7.876554624035005,7.888171672821045,7.8475111711332195,7.888171672821045,189600,0.0,0.0
2014-04-22 00:00:00-04:00,7.876554624035005,7.89398047419296,7.87074582266309,7.888171672821045,209200,0.0,0.0
2014-04-23 00:00:00-04:00,7.893980026245117,7.92883172458335,7.882362424160534,7.893980026245117,251300,0.0,0.0
2014-04-24 00:00:00-04:00,7.8881733188392555,7.923025580385546,7.876556267629095,7.917216777801514,167100,0.0,0.0
2014-04-25 00:00:00-04:00,7.911403886522547,7.9404473304748535,7.899786841316194,7.9404473304748535,140100,0.0,0.0
2014-04-28 00:00:00-04:00,7.94626074275764,7.94626074275764,7.917217281945982,7.923026084899902,158100,0.0,0.0
2014-04-29 00:00:00-04:00,7.9172126861045315,7.946256130056839,7.899786841316194,7.9404473304748535,285600,0.0,0.0
2014-04-30 00:00:00-04:00,7.940451173040352,7.94625997543335,7.911407715033254,7.94625997543335,184900,0.0,0.0
2014-05-01 00:00:00-04:00,7.923022128852719,7.963682621312071,7.923022128852719,7.957873821258545,161100,0.0,0.0
2014-05-02 00:00:00-04:00,7.946260770235422,7.992730086111587,7.940451967261415,7.981112480163574,169900,0.0,0.0
2014-05-05 00:00:00-04:00,7.981112480163575,7.981112480163575,7.9520690192514865,7.981112480163574,220700,0.0,0.0
2014-05-06 00:00:00-04:00,7.94625997543335,7.95206822386846,7.9230253198192475,7.94625997543335,201200,0.0,0.0
2014-05-07 00:00:00-04:00,7.9404479750556325,7.957873821258545,7.9404479750556325,7.957873821258545,157400,0.0,0.0
2014-05-08 00:00:00-04:00,7.957873821258545,7.969491421365595,7.928830374948582,7.957873821258545,244200,0.0,0.0
2014-05-09 00:00:00-04:00,7.940451117263082,7.952068168009587,7.928833512558696,7.934642314910889,113600,0.0,0.0
2014-05-12 00:00:00-04:00,7.934639175002107,7.963682621312071,7.934639175002107,7.957873821258545,216300,0.0,0.0
2014-05-13 00:00:00-04:00,7.940931308489997,7.975990295410157,7.935087958252454,7.975990295410156,219900,0.081,0.0
2014-05-14 00:00:00-04:00,7.975988015162051,8.005204200744629,7.975988015162051,8.005204200744629,226500,0.0,0.0
2014-05-15 00:00:00-04:00,7.987677862659865,8.011050708893768,7.970148367297591,7.993521213531494,193100,0.0,0.0
2014-05-16 00:00:00-04:00,7.975988015162051,8.034420386327206,7.975988015162051,8.005204200744629,347300,0.0,0.0
2014-05-19 00:00:00-04:00,8.011047549311622,8.022733689193219,7.981831363729045,8.005204200744629,180200,0.0,0.0
2014-05-20 00:00:00-04:00,7.993521879190263,8.00520802465407,7.981835176473799,7.987678527832031,142400,0.0,0.0
2014-05-21 00:00:00-04:00,7.9876758503357514,8.005205341281846,7.9876758503357514,7.999361991882324,144300,0.0,0.0
2014-05-22 00:00:00-04:00,8.005204200744629,8.016890897878616,7.999360852177635,8.005204200744629,114900,0.0,0.0
2014-05-23 00:00:00-04:00,7.9935205425687945,8.022736179969405,7.9935205425687945,8.01689338684082,241700,0.0,0.0
2014-05-27 00:00:00-04:00,8.01105040532962,8.022736549377441,7.993520910631593,8.022736549377441,205000,0.0,0.0
2014-05-28 00:00:00-04:00,7.9993695730487255,8.063645362854004,7.9993695730487255,8.063645362854004,360900,0.0,0.0
2014-05-29 00:00:00-04:00,8.046115855294836,8.069488717791392,8.040272500357448,8.063645362854004,259100,0.0,0.0
2014-05-30 00:00:00-04:00,8.051949501037598,8.08116568526408,8.022733316811115,8.051949501037598,225400,0.0,0.0
2014-06-02 00:00:00-04:00,8.034423828125,8.040267179195176,8.022737125984648,8.034423828125,215200,0.0,0.0
2014-06-03 00:00:00-04:00,8.016894727370536,8.022737521476111,7.987678527832031,7.987678527832031,408900,0.0,0.0
2014-06-04 00:00:00-04:00,7.987677190289661,8.005206684176375,7.940931501756717,7.952617645263672,306800,0.0,0.0
2014-06-05 00:00:00-04:00,7.94677571657607,7.981834708163167,7.94093236556068,7.97014856338501,320500,0.0,0.0
2014-06-06 00:00:00-04:00,7.964301875280455,8.005204200744629,7.964301875280455,8.005204200744629,271500,0.0,0.0
2014-06-09 00:00:00-04:00,7.993521879190263,8.00520802465407,7.975991825115567,7.987678527832031,224000,0.0,0.0
2014-06-10 00:00:00-04:00,7.993520910631593,8.022736549377441,7.993520910631593,8.022736549377441,150000,0.0,0.0
2014-06-11 00:00:00-04:00,8.016893193279596,8.040266036987305,8.011049843039531,8.040266036987305,129700,0.0,0.0
2014-06-12 00:00:00-04:00,8.04672878231514,8.070240020751953,8.017340154683229,8.070240020751953,159300,0.081,0.0
2014-06-13 00:00:00-04:00,8.07612642877103,8.07612642877103,8.040859814456523,8.05261516571045,173400,0.0,0.0
2014-06-16 00:00:00-04:00,8.05260673206238,8.070240020751953,8.04672878231514,8.070240020751953,162200,0.0,0.0
2014-06-17 00:00:00-04:00,8.052607887320697,8.064363788501721,8.034974596101382,8.040852546691895,187800,0.0,0.0
2014-06-18 00:00:00-04:00,8.05261516571045,8.05261516571045,7.993837288335364,8.05261516571045,200700,0.0,0.0
2014-06-19 00:00:00-04:00,8.040857944068541,8.064369201660156,8.034979989532488,8.064369201660156,203300,0.0,0.0
2014-06-20 00:00:00-04:00,8.052607887320697,8.064363788501721,8.005585403701042,8.040852546691895,227300,0.0,0.0
2014-06-23 00:00:00-04:00,8.046729746889815,8.052607697341653,8.005585214831365,8.011463165283203,240000,0.0,0.0
2014-06-24 00:00:00-04:00,8.017338752746582,8.029094089633345,7.999704906588376,8.017338752746582,148700,0.0,0.0
2014-06-25 00:00:00-04:00,8.017344119660562,8.046732761826625,8.011466167006382,8.029099464416504,208800,0.0,0.0
2014-06-26 00:00:00-04:00,8.023221511762324,8.034977417070683,8.017344119660562,8.029099464416504,182300,0.0,0.0
2014-06-27 00:00:00-04:00,8.023225946746543,8.05261516571045,8.023225946746543,8.05261516571045,168800,0.0,0.0
2014-06-30 00:00:00-04:00,8.05260772591335,8.08199691772461,8.046729775440657,8.08199691772461,230900,0.0,0.0
2014-07-01 00:00:00-04:00,8.070241016779223,8.08199691772461,8.05260772591335,8.08199691772461,189600,0.0,0.0
2014-07-02 00:00:00-04:00,8.06436107239009,8.06436107239009,8.034971889888155,8.058483123779297,185900,0.0,0.0
2014-07-03 00:00:00-04:00,8.034977594551046,8.034977594551046,7.982077140599774,7.987955093383789,295900,0.0,0.0
2014-07-07 00:00:00-04:00,7.982079317349571,8.034979785727046,7.982079317349571,8.023223876953125,166100,0.0,0.0
2014-07-08 00:00:00-04:00,8.023218534102092,8.08199691772461,8.023218534102092,8.08199691772461,375700,0.0,0.0
2014-07-09 00:00:00-04:00,8.081996610203014,8.11138580089601,8.070240709704942,8.105507850646973,352300,0.0,0.0
2014-07-10 00:00:00-04:00,8.10551120747291,8.11138916015625,8.070244051925298,8.11138916015625,257400,0.0,0.0
2014-07-11 00:00:00-04:00,8.10015320337863,8.159278635610628,8.094240547383048,8.129715919494629,235000,0.081,0.0
2014-07-14 00:00:00-04:00,8.135625703128108,8.14745044708252,8.129713049220047,8.14745044708252,115900,0.0,0.0
2014-07-15 00:00:00-04:00,8.141542062203856,8.147454154940766,8.111979343071441,8.123804092407227,313000,0.0,0.0
2014-07-16 00:00:00-04:00,8.129715919494629,8.129715919494629,8.10015320337863,8.129715919494629,172800,0.0,0.0
2014-07-17 00:00:00-04:00,8.129720495988778,8.129720495988778,8.076507689797076,8.082420349121094,168000,0.0,0.0
2014-07-18 00:00:00-04:00,8.082413651798358,8.117888450622559,8.076500997373738,8.117888450622559,183200,0.0,0.0
2014-07-21 00:00:00-04:00,8.117895177340742,8.129720495988778,8.076507689797076,8.082420349121094,197700,0.0,0.0
2014-07-22 00:00:00-04:00,8.088333935265476,8.111984011409316,8.082421275263941,8.10015869140625,189700,0.0,0.0
2014-07-23 00:00:00-04:00,8.100154029873687,8.129716749006104,8.09424137327481,8.123804092407227,203900,0.0,0.0
2014-07-24 00:00:00-04:00,8.111981391906738,8.11789348613686,8.100156075722277,8.111981391906738,155900,0.0,0.0
2014-07-25 00:00:00-04:00,8.100156075722277,8.11789348613686,8.088331323399924,8.111981391906738,141200,0.0,0.0
2014-07-28 00:00:00-04:00,8.11789348613686,8.12380614422909,8.100156075722277,8.111981391906738,166100,0.0,0.0
2014-07-29 00:00:00-04:00,8.111976360059698,8.117888450622559,8.088326306222978,8.117888450622559,246600,0.0,0.0
2014-07-30 00:00:00-04:00,8.106070300672732,8.106070300672732,8.064682813751364,8.076507568359375,205800,0.0,0.0
2014-07-31 00:00:00-04:00,8.058770509885447,8.058770509885447,7.95234489440918,7.95234489440918,575100,0.0,0.0
2014-08-01 00:00:00-04:00,7.952338344824527,7.9937263633458375,7.952338344824527,7.958250999450684,334700,0.0,0.0
2014-08-04 00:00:00-04:00,7.964163654076839,7.9937263633458375,7.946425690198372,7.958250999450684,186000,0.0,0.0
2014-08-05 00:00:00-04:00,7.958254250896299,7.964166907938146,7.899128808201853,7.916866779327393,208800,0.0,0.0
2014-08-06 00:00:00-04:00,7.8991261658348995,7.952338933687091,7.8991261658348995,7.922776222229004,219500,0.0,0.0
2014-08-07 00:00:00-04:00,7.922778342873987,7.975991124969342,7.922778342873987,7.970078468322754,188400,0.0,0.0
2014-08-08 00:00:00-04:00,7.970080742954424,8.00555612909653,7.970080742954424,7.987818717956543,244100,0.0,0.0
2014-08-11 00:00:00-04:00,7.993731353794714,8.017381423202185,7.987818695477314,8.005556106567383,177100,0.0,0.0
2014-08-12 00:00:00-04:00,8.023292808349108,8.029205466143793,7.999642741032448,8.017380714416504,151300,0.0,0.0
2014-08-13 00:00:00-04:00,8.012027030891078,8.029871029905172,8.000130653381348,8.000130653381348,159900,0.081,0.0
2014-08-14 00:00:00-04:00,8.006078677736777,8.035819053649902,8.000130489104055,8.035819053649902,97300,0.0,0.0
2014-08-15 00:00:00-04:00,8.035819254690079,8.065559631347249,8.035819254690079,8.05366325378418,116100,0.0,0.0
2014-08-18 00:00:00-04:00,8.059613474984404,8.077457478578285,8.023924900545998,8.047717094421387,216900,0.0,0.0
2014-08-19 00:00:00-04:00,8.047713787273743,8.05366197511089,8.02986979101272,8.041766166687012,126900,0.0,0.0
2014-08-20 00:00:00-04:00,8.035817978849865,8.047713787273743,8.02986979101272,8.041766166687012,131800,0.0,0.0
2014-08-21 00:00:00-04:00,8.035817978849865,8.047713787273743,8.02986979101272,8.041766166687012,146900,0.0,0.0
2014-08-22 00:00:00-04:00,8.029870865017179,8.041767242282624,8.012026866369501,8.035819053649902,131900,0.0,0.0
2014-08-25 00:00:00-04:00,8.041766166687012,8.05366197511089,8.023921603175575,8.041766166687012,184800,0.0,0.0
2014-08-26 00:00:00-04:00,8.047715065002645,8.05366325378418,8.041767443471613,8.05366325378418,227500,0.0,0.0
2014-08-27 00:00:00-04:00,8.08935169670233,8.08935169670233,8.047714943112718,8.059611320495605,157100,0.0,0.0
2014-08-28 00:00:00-04:00,8.047713787273743,8.059610162948035,8.02986979101272,8.041766166687012,293200,0.0,0.0
2014-08-29 00:00:00-04:00,8.065562691154044,8.071510314941406,8.047718118039802,8.071510314941406,163500,0.0,0.0
2014-09-02 00:00:00-04:00,8.05366197511089,8.077454159209058,8.02986979101272,8.041766166687012,202600,0.0,0.0
2014-09-03 00:00:00-04:00,8.053663052297582,8.053663052297582,8.017974487751733,8.035819053649902,271600,0.0,0.0
2014-09-04 00:00:00-04:00,8.01797166489667,8.02391985143524,7.988231866704408,8.006075859069824,424600,0.0,0.0
2014-09-05 00:00:00-04:00,8.012025833129883,8.041766205207656,8.000129457398607,8.012025833129883,250600,0.0,0.0
2014-09-08 00:00:00-04:00,8.012024045608392,8.029868037973808,7.994179485992686,8.006075859069824,186000,0.0,0.0
2014-09-09 00:00:00-04:00,7.9941827407543515,8.000130929714674,7.964442930453784,7.9822869300842285,166700,0.0,0.0
2014-09-10 00:00:00-04:00,7.988235119044551,7.9941827407543515,7.958494741493462,7.9822869300842285,286000,0.0,0.0
2014-09-11 00:00:00-04:00,7.988868237966873,7.994851975032448,7.970915314685151,7.982883930206299,161900,0.081,0.0
2014-09-12 00:00:00-04:00,7.970915141475507,7.970915141475507,7.905089469624593,7.917057514190674,221400,0.0,0.0
2014-09-15 00:00:00-04:00,7.899108882604956,7.9230455537066735,7.881156521952482,7.905093193054199,186300,0.0,0.0
2014-09-16 00:00:00-04:00,7.887137505293385,7.929026519377123,7.881153197368561,7.893121242523193,158900,0.0,0.0
2014-09-17 00:00:00-04:00,7.893121717410932,7.905090333980669,7.881153671536245,7.899106025695801,240100,0.0,0.0
2014-09-18 00:00:00-04:00,7.917055130511562,7.940992353826641,7.911071395377607,7.923039436340332,244000,0.0,0.0
2014-09-19 00:00:00-04:00,7.923040482455102,7.9589457514736415,7.917056175836197,7.952961444854736,227900,0.0,0.0
2014-09-22 00:00:00-04:00,7.929024125002029,7.958945084895722,7.905087471226044,7.91107177734375,108600,0.0,0.0
2014-09-23 00:00:00-04:00,7.911073774670822,7.946978479052323,7.9050894670422425,7.929026126861572,251200,0.0,0.0
2014-09-24 00:00:00-04:00,7.929028595436625,7.95296526270825,7.923044285944928,7.946980953216553,159600,0.0,0.0
2014-09-25 00:00:00-04:00,7.94697935058465,7.94697935058465,7.869185054966508,7.899106025695801,295200,0.0,0.0
2014-09-26 00:00:00-04:00,7.869187351345748,7.893124020775351,7.791393603720953,7.875171661376953,350800,0.0,0.0
2014-09-29 00:00:00-04:00,7.8213145588505615,7.905093193054199,7.8213145588505615,7.905093193054199,325200,0.0,0.0
2014-09-30 00:00:00-04:00,7.923045699514036,7.964935302734375,7.887140977548336,7.964935302734375,337400,0.0,0.0
2014-10-01 00:00:00-04:00,7.935007764213542,7.976896762127201,7.935007764213542,7.970912456512451,241300,0.0,0.0
2014-10-02 00:00:00-04:00,7.935009095410308,7.964930057808877,7.935009095410308,7.9589457511901855,282700,0.0,0.0
2014-10-03 00:00:00-04:00,7.9589457511901855,7.97689810035137,7.946977137952802,7.9589457511901855,297400,0.0,0.0
2014-10-06 00:00:00-04:00,7.952961155078898,8.012803077697754,7.952961155078898,8.012803077697754,178700,0.0,0.0
2014-10-07 00:00:00-04:00,7.982880214806991,8.006816864013672,7.982880214806991,8.006816864013672,122700,0.0,0.0
2014-10-08 00:00:00-04:00,7.988869836411708,8.036743166684989,7.988869836411708,8.03075885772705,204600,0.0,0.0
2014-10-09 00:00:00-04:00,8.018784903269646,8.036737818195707,8.000832559038319,8.006816864013672,310000,0.0,0.0
2014-10-10 00:00:00-04:00,8.013442990917866,8.013442990917866,7.9532365798950195,7.9532365798950195,136200,0.081,0.0
2014-10-13 00:00:00-04:00,7.9532367897018625,7.9893607521027,7.911092645376638,7.917112827301025,189100,0.0,0.0
2014-10-14 00:00:00-04:00,7.929151228958021,7.989357617950699,7.929151228958021,7.971295356750488,271200,0.0,0.0
2014-10-15 00:00:00-04:00,7.905075146427126,7.983343285402182,7.905075146427126,7.965281009674072,301800,0.0,0.0
2014-10-16 00:00:00-04:00,7.935173155073333,8.049564622055371,7.9231316458274526,8.025482177734375,193900,0.0,0.0
2014-10-17 00:00:00-04:00,8.031506057530953,8.139877386229644,8.025485300565249,8.061609268188477,260400,0.0,0.0
2014-10-20 00:00:00-04:00,8.07365205507237,8.115796215132228,8.067631296729216,8.079672813415527,141900,0.0,0.0
2014-10-21 00:00:00-04:00,8.085693446266022,8.115796089172363,8.07967268801631,8.115796089172363,237600,0.0,0.0
2014-10-22 00:00:00-04:00,8.103755146844048,8.13987912217121,8.07967268801631,8.115796089172363,236300,0.0,0.0
2014-10-23 00:00:00-04:00,8.12783237946078,8.206100463867188,8.109770690496452,8.206100463867188,403900,0.0,0.0
2014-10-24 00:00:00-04:00,8.200079969566477,8.200079969566477,8.157935835922801,8.182018280029297,167300,0.0,0.0
2014-10-27 00:00:00-04:00,8.151916287395522,8.16395779831564,8.091709881136621,8.09773063659668,247100,0.0,0.0
2014-10-28 00:00:00-04:00,8.121815879320705,8.188043063831193,8.109774938427641,8.17600154876709,305100,0.0,0.0
2014-10-29 00:00:00-04:00,8.16395986631912,8.18804232008881,8.14589759536361,8.1699800491333,281200,0.0,0.0
2014-10-30 00:00:00-04:00,8.145897502081178,8.176000712491314,8.139877319335938,8.139877319335938,164100,0.0,0.0
2014-10-31 00:00:00-04:00,8.188040463455193,8.188040463455193,8.139875566837175,8.15191650390625,135900,0.0,0.0
2014-11-03 00:00:00-05:00,8.145895748286284,8.169978196595293,8.139875566837175,8.15191650390625,175300,0.0,0.0
2014-11-04 00:00:00-05:00,8.145893893005873,8.151914647254573,8.115790695933097,8.1338529586792,182700,0.0,0.0
2014-11-05 00:00:00-05:00,8.151914647254573,8.157935401503275,8.127832204430497,8.1338529586792,148200,0.0,0.0
2014-11-06 00:00:00-05:00,8.139880115455265,8.188045038988157,8.11579707951764,8.157941818237305,281000,0.0,0.0
2014-11-07 00:00:00-05:00,8.15191650390625,8.169978196595293,8.12783405559724,8.15191650390625,142200,0.0,0.0
2014-11-10 00:00:00-05:00,8.139880115455265,8.163962577221712,8.127838597486452,8.157941818237305,211300,0.0,0.0
2014-11-11 00:00:00-05:00,8.13987414638562,8.18803903459861,8.133853391816308,8.182018280029297,184600,0.0,0.0
2014-11-12 00:00:00-05:00,8.176570964610834,8.188684680331528,8.158400968643551,8.170514106750488,142300,0.081,0.0
2014-11-13 00:00:00-05:00,8.18262812889727,8.188684986984438,8.128117561340332,8.128117561340332,122500,0.0,0.0
2014-11-14 00:00:00-05:00,8.14023004783253,8.14023004783253,8.067549489449904,8.08572006225586,203300,0.0,0.0
2014-11-17 00:00:00-05:00,8.061490566479737,8.079660555714879,8.04937685524728,8.067546844482422,159600,0.0,0.0
2014-11-18 00:00:00-05:00,8.067546844482422,8.103887400566249,8.061490566479737,8.067546844482422,149600,0.0,0.0
2014-11-19 00:00:00-05:00,8.067547727461093,8.073604583740234,8.061491448795561,8.073604583740234,93600,0.0,0.0
2014-11-20 00:00:00-05:00,8.079660555714879,8.079660555714879,8.055433710863507,8.067546844482422,142100,0.0,0.0
2014-11-21 00:00:00-05:00,8.079663709492257,8.109947421780657,8.06754999353139,8.091776847839355,139400,0.0,0.0
2014-11-24 00:00:00-05:00,8.097831726074219,8.103888582573882,8.07966173418886,8.097831726074219,179300,0.0,0.0
2014-11-25 00:00:00-05:00,8.085720709957727,8.140230699900886,8.07966385187056,8.128117561340332,183500,0.0,0.0
2014-11-26 00:00:00-05:00,8.116003253801045,8.152343822062342,8.109946973768944,8.146286964416504,124100,0.0,0.0
2014-11-28 00:00:00-05:00,8.164454180142924,8.188681602478027,8.146284191005135,8.188681602478027,76300,0.0,0.0
2014-12-01 00:00:00-05:00,8.176570675031961,8.176570675031961,8.134173826738563,8.146286964416504,165600,0.0,0.0
2014-12-02 00:00:00-05:00,8.164457032017099,8.164457032017099,8.122060183348376,8.140230178833008,151600,0.0,0.0
2014-12-03 00:00:00-05:00,8.128116535926456,8.134173393249512,8.103889684247942,8.134173393249512,182500,0.0,0.0
2014-12-04 00:00:00-05:00,8.122057477316327,8.134171188679309,8.097830632203912,8.109944343566895,420000,0.0,0.0
2014-12-05 00:00:00-05:00,8.097833199846098,8.097833199846098,8.031209499065458,8.08572006225586,459700,0.0,0.0
2014-12-08 00:00:00-05:00,8.067548908188472,8.079662622519658,8.025152063256705,8.03726577758789,301100,0.0,0.0
2014-12-09 00:00:00-05:00,8.031208038330078,8.037264894830429,8.006981189942307,8.031208038330078,210900,0.0,0.0
2014-12-10 00:00:00-05:00,8.00744331695105,8.025724987804473,7.92822196836777,7.946503639221191,464600,0.081,0.0
2014-12-11 00:00:00-05:00,7.946502803047774,8.025724143294962,7.946502803047774,8.007442474365234,351300,0.0,0.0
2014-12-12 00:00:00-05:00,7.970879020940746,7.989160690938351,7.9099393460636485,7.940409183502197,285700,0.0,0.0
2014-12-15 00:00:00-05:00,7.940408064583718,7.9586903131688995,7.909938231438809,7.916032314300537,263300,0.0,0.0
2014-12-16 00:00:00-05:00,7.916033800356263,7.958691807232698,7.873376374643664,7.946503639221191,395600,0.0,0.0
2014-12-17 00:00:00-05:00,7.891655034400465,8.056191752793051,7.8733733705224935,8.037909507751465,254700,0.0,0.0
2014-12-18 00:00:00-05:00,8.056194305419922,8.098851728372512,8.025724468526443,8.056194305419922,244800,0.0,0.0
2014-12-19 00:00:00-05:00,8.07447645854262,8.153697806743454,8.062288290589953,8.129322052001953,270100,0.0,0.0
2014-12-22 00:00:00-05:00,8.129318409014022,8.159788234077427,8.129318409014022,8.153694152832031,301700,0.0,0.0
2014-12-23 00:00:00-05:00,8.14760372276712,8.14760372276712,8.117133884049286,8.129322052001953,185900,0.0,0.0
2014-12-24 00:00:00-05:00,8.129321202785526,8.147602871640927,8.092757283910949,8.1232271194458,96700,0.0,0.0
2014-12-26 00:00:00-05:00,8.117130583972664,8.123224665471406,8.08056725730741,8.086661338806152,353100,0.0,0.0
2014-12-29 00:00:00-05:00,8.124066326745057,8.124066326745057,8.062752384725444,8.068883895874023,406700,0.081,0.0
2014-12-30 00:00:00-05:00,8.068881949112468,8.081144968450953,8.013699531555176,8.013699531555176,477900,0.0,0.0
2014-12-31 00:00:00-05:00,8.02596386079816,8.062751755351817,7.921730518341064,7.9217305183410645,1216500,0.0,0.0
2015-01-02 00:00:00-05:00,7.970778182886212,8.019829078771503,7.970778182886212,7.995303630828857,425700,0.0,0.0
2015-01-05 00:00:00-05:00,7.989174077611151,8.013699531555176,7.9830431526748535,8.013699531555176,250800,0.0,0.0
2015-01-06 00:00:00-05:00,8.019830703735352,8.06888160955925,7.989173741412185,8.019830703735352,311000,0.0,0.0
2015-01-07 00:00:00-05:00,8.025960358865529,8.075011253356934,8.013697342876284,8.075011253356934,267300,0.0,0.0
2015-01-08 00:00:00-05:00,8.087277350307897,8.111802808670177,8.075014913493284,8.105671882629395,273200,0.0,0.0
2015-01-09 00:00:00-05:00,8.117934319444009,8.124065830217841,8.062751891945618,8.105671882629395,288700,0.0,0.0
2015-01-12 00:00:00-05:00,8.093410058174799,8.136330055206855,8.087278546494057,8.111804008483887,148700,0.0,0.0
2015-01-13 00:00:00-05:00,8.130198543526113,8.154724005515943,8.087278546494057,8.111804008483887,273900,0.0,0.0
2015-01-14 00:00:00-05:00,8.050488358587806,8.16698412375768,8.050488358587806,8.136327743530273,250400,0.0,0.0
2015-01-15 00:00:00-05:00,8.148591838608999,8.179248809814453,8.130197889778964,8.179248809814453,218800,0.0,0.0
2015-01-16 00:00:00-05:00,8.16698538512508,8.252824783325195,8.16698538512508,8.252824783325195,206200,0.0,0.0
2015-01-20 00:00:00-05:00,8.25895742894338,8.295745329845683,8.25895742894338,8.277351379394531,324200,0.0,0.0
2015-01-21 00:00:00-05:00,8.277348091766733,8.301873544204872,8.17924628201417,8.29574203491211,245100,0.0,0.0
2015-01-22 00:00:00-05:00,8.295738018383538,8.295738018383538,8.222161696692396,8.271212577819824,223500,0.0,0.0
2015-01-23 00:00:00-05:00,8.258957090400779,8.289614063051468,8.246694067447256,8.283482551574707,178600,0.0,0.0
2015-01-26 00:00:00-05:00,8.289613170953189,8.295744097037044,8.25282469078478,8.265087127685547,216000,0.0,0.0
2015-01-27 00:00:00-05:00,8.25282158597226,8.26508401825975,8.240558568951936,8.258953094482422,206100,0.0,0.0
2015-01-28 00:00:00-05:00,8.271219164559765,8.277350675766646,8.228299755577787,8.234431266784668,231100,0.0,0.0
2015-01-29 00:00:00-05:00,8.234431966764127,8.28348289112263,8.234431966764127,8.277351379394531,146600,0.0,0.0
2015-01-30 00:00:00-05:00,8.271218638502457,8.295744097037044,8.24669317996787,8.265087127685547,368100,0.0,0.0
2015-02-02 00:00:00-05:00,8.28348289112263,8.289614402850727,8.234431966764127,8.277351379394531,239700,0.0,0.0
2015-02-03 00:00:00-05:00,8.277348706507011,8.301874160766602,8.258954761995556,8.301874160766602,175900,0.0,0.0
2015-02-04 00:00:00-05:00,8.27121658247397,8.314136562790399,8.258954148621354,8.29574203491211,237200,0.0,0.0
2015-02-05 00:00:00-05:00,8.308008012748635,8.308008012748635,8.258957090400779,8.283482551574707,163300,0.0,0.0
2015-02-06 00:00:00-05:00,8.277344084143909,8.295738018383538,8.271212577819824,8.271212577819824,180200,0.0,0.0
2015-02-09 00:00:00-05:00,8.271219528621184,8.308008012748635,8.265088017144423,8.283482551574707,172400,0.0,0.0
2015-02-10 00:00:00-05:00,8.295744097037044,8.295744097037044,8.24669317996787,8.265087127685547,128300,0.0,0.0
2015-02-11 00:00:00-05:00,8.278040098687564,8.29654523960214,8.265702945899298,8.290376663208008,196500,0.081,0.0
2015-02-12 00:00:00-05:00,8.290377194260815,8.321219489939306,8.284209205739405,8.302714347839355,214700,0.0,0.0
2015-02-13 00:00:00-05:00,8.302714347839355,8.321219489939306,8.290377194260815,8.302714347839355,121100,0.0,0.0
2015-02-17 00:00:00-05:00,8.29037500632282,8.315048718700329,8.265701293945312,8.265701293945312,187600,0.0,0.0
2015-02-18 00:00:00-05:00,8.265701293945312,8.284207019429223,8.247196156729109,8.265701293945312,153200,0.0,0.0
2015-02-19 00:00:00-05:00,8.259534957772988,8.302713815996274,8.259534957772988,8.290376663208008,117200,0.0,0.0
2015-02-20 00:00:00-05:00,8.290377194260815,8.302714347839355,8.265703475371591,8.302714347839355,139600,0.0,0.0
2015-02-23 00:00:00-05:00,8.290377239959216,8.302714393605763,8.23486181335335,8.284209251403809,289700,0.0,0.0
2015-02-24 00:00:00-05:00,8.284205854337019,8.315047549270544,8.265700131455757,8.271868705749512,188000,0.0,0.0
2015-02-25 00:00:00-05:00,8.284205854337019,8.308879563244412,8.259532145429626,8.271868705749512,218800,0.0,0.0
2015-02-26 00:00:00-05:00,8.284211105889625,8.284211105889625,8.228695078588196,8.241031646728516,265000,0.0,0.0
2015-02-27 00:00:00-05:00,8.265698259491309,8.271866832388044,8.247193129068599,8.253361701965332,146300,0.0,0.0
2015-03-02 00:00:00-05:00,8.27186991000928,8.278038485201085,8.204017347702543,8.247196197509766,345500,0.0,0.0
2015-03-03 00:00:00-05:00,8.234856571542622,8.290371962810754,8.234856571542622,8.253361701965332,207900,0.0,0.0
2015-03-04 00:00:00-05:00,8.23486181335335,8.29654581678249,8.23486181335335,8.284209251403809,167700,0.0,0.0
2015-03-05 00:00:00-05:00,8.290377194260815,8.302714347839355,8.271872052160862,8.302714347839355,149200,0.0,0.0
2015-03-06 00:00:00-05:00,8.278036102265439,8.284204675681545,8.191677839242585,8.197846412658691,225400,0.0,0.0
2015-03-09 00:00:00-04:00,8.173177507555675,8.197851227443996,8.167008930516625,8.179346084594727,162300,0.0,0.0
2015-03-10 00:00:00-04:00,8.173175811767578,8.185512963285943,8.167007236008397,8.173175811767578,158600,0.0,0.0
2015-03-11 00:00:00-04:00,8.16758823766195,8.186207194272097,8.148969281051803,8.161381721496582,113900,0.081,0.0
2015-03-12 00:00:00-04:00,8.161383623684454,8.198622137469952,8.161383623684454,8.167590141296387,253300,0.0,0.0
2015-03-13 00:00:00-04:00,8.186207194272097,8.186207194272097,8.124143808276289,8.161381721496582,183700,0.0,0.0
2015-03-16 00:00:00-04:00,8.242067337036133,8.26068689158896,8.223448374369458,8.242067337036133,473500,0.0,0.0
2015-03-17 00:00:00-04:00,8.242067319875588,8.291718281474116,8.229654875419032,8.260686874389648,346200,0.0,0.0
2015-03-18 00:00:00-04:00,8.260687256491257,8.34136962890625,8.24827421957438,8.34136962890625,292000,0.0,0.0
2015-03-19 00:00:00-04:00,8.322750653447208,8.353782653808594,8.310338208434361,8.353782653808594,224300,0.0,0.0
2015-03-20 00:00:00-04:00,8.353782834843917,8.409640318327668,8.353782834843917,8.403433799743652,283500,0.0,0.0
2015-03-23 00:00:00-04:00,8.415846457005173,8.422052383422852,8.384814457372132,8.422052383422852,312400,0.0,0.0
2015-03-24 00:00:00-04:00,8.409638596049936,8.471701993521044,8.397225561424072,8.45928955078125,525700,0.0,0.0
2015-03-25 00:00:00-04:00,8.459292236363211,8.465498755646534,8.403434746585818,8.40964126586914,511700,0.0,0.0
2015-03-26 00:00:00-04:00,8.397226718273549,8.415846272777479,8.366194719319816,8.372401237487793,328200,0.0,0.0
2015-03-27 00:00:00-04:00,8.353782274870014,8.37860775565577,8.353782274870014,8.372401237487793,643000,0.0,0.0
2015-03-30 00:00:00-04:00,8.366192809088615,8.39101887609205,8.366192809088615,8.378605842590332,264400,0.0,0.0
2015-03-31 00:00:00-04:00,8.372401617270954,8.409640136081853,8.353782653808594,8.353782653808594,370300,0.0,0.0
2015-04-01 00:00:00-04:00,8.353782084223104,8.409639562687834,8.304131123784707,8.328956604003906,271300,0.0,0.0
2015-04-02 00:00:00-04:00,8.310340113246033,8.372403536308173,8.310340113246033,8.347578048706055,218900,0.0,0.0
2015-04-06 00:00:00-04:00,8.335163870978064,8.409640318327668,8.335163870978064,8.403433799743652,177100,0.0,0.0
2015-04-07 00:00:00-04:00,8.372401403348459,8.440671920776367,8.372401403348459,8.440671920776367,174500,0.0,0.0
2015-04-08 00:00:00-04:00,8.428256404667101,8.446875362176177,8.397224414227983,8.415843963623047,197500,0.0,0.0
2015-04-09 00:00:00-04:00,8.428256404667101,8.446875362176177,8.409637447158024,8.415843963623047,150400,0.0,0.0
2015-04-10 00:00:00-04:00,8.409640318327668,8.415846836911681,8.391021354461815,8.403433799743652,160600,0.0,0.0
2015-04-13 00:00:00-04:00,8.416545206846456,8.447763966487534,8.397814189241133,8.441520690917969,139700,0.081,0.0
2015-04-14 00:00:00-04:00,8.441519050906907,8.466493934678008,8.441519050906907,8.45400619506836,130400,0.0,0.0
2015-04-15 00:00:00-04:00,8.45400984301605,8.466497588014224,8.44152269346633,8.460253715515137,183600,0.0,0.0
2015-04-16 00:00:00-04:00,8.460249004787206,8.47898001640645,8.422786386100595,8.435274124145508,216500,0.0,0.0
2015-04-17 00:00:00-04:00,8.429032948882211,8.447763966487534,8.404058060259011,8.441520690917969,133500,0.0,0.0
2015-04-20 00:00:00-04:00,8.44151909313501,8.503956005151,8.435275223298952,8.497712135314941,216400,0.0,0.0
2015-04-21 00:00:00-04:00,8.491468818449109,8.491468818449109,8.435275181102082,8.45400619506836,161300,0.0,0.0
2015-04-22 00:00:00-04:00,8.460253715515137,8.460253715515137,8.435278820967245,8.460253715515137,119000,0.0,0.0
2015-04-23 00:00:00-04:00,8.454012085520077,8.491474735003456,8.41030615732998,8.447768211364746,273000,0.0,0.0
2015-04-24 00:00:00-04:00,8.447764329967738,8.472739219665527,8.441521054129545,8.472739219665527,109900,0.0,0.0
2015-04-27 00:00:00-04:00,8.460250955801929,8.485225842203075,8.460250955801929,8.478981971740723,151800,0.0,0.0
2015-04-28 00:00:00-04:00,8.460250729024892,8.510200500488281,8.460250729024892,8.510200500488281,155700,0.0,0.0
2015-04-29 00:00:00-04:00,8.47273810127837,8.485225842203075,8.460250955801929,8.478981971740723,176800,0.0,0.0
2015-04-30 00:00:00-04:00,8.466493934678008,8.472737209034635,8.435275181102082,8.45400619506836,180700,0.0,0.0
2015-05-01 00:00:00-04:00,8.447764463762773,8.472739353856113,8.410302426346938,8.422789573669434,191300,0.0,0.0
2015-05-04 00:00:00-04:00,8.422786607509574,8.42903047669616,8.366592975726563,8.40405559539795,226900,0.0,0.0
2015-05-05 00:00:00-04:00,8.379078703112729,8.397809710728893,8.366590967736622,8.385322570800781,254600,0.0,0.0
2015-05-06 00:00:00-04:00,8.379083075480514,8.397814092870885,8.335377169753546,8.341620445251465,160700,0.0,0.0
2015-05-07 00:00:00-04:00,8.341621300989168,8.354109044162692,8.316646410090483,8.322890281677246,195500,0.0,0.0
2015-05-08 00:00:00-04:00,8.322888436692919,8.354107192257917,8.297913551330566,8.297913551330566,263900,0.0,0.0
2015-05-11 00:00:00-04:00,8.29167148911052,8.304159232238742,8.272940469866553,8.279184341430664,264000,0.0,0.0
2015-05-12 00:00:00-04:00,8.272938665968214,8.329132306895564,8.272938665968214,8.297913551330566,220400,0.0,0.0
2015-05-13 00:00:00-04:00,8.29225986378207,8.361362413735861,8.29225986378207,8.298542022705078,226300,0.081,0.0
2015-05-14 00:00:00-04:00,8.279694888972571,8.323668796563311,8.279694888972571,8.30482292175293,250800,0.0,0.0
2015-05-15 00:00:00-04:00,8.304824488292878,8.317388207503175,8.285978010827927,8.29226016998291,159400,0.0,0.0
2015-05-18 00:00:00-04:00,8.298544254625243,8.298544254625243,8.273416211274592,8.279698371887207,209800,0.0,0.0
2015-05-19 00:00:00-04:00,8.273416211274592,8.285979933400013,8.260851890049361,8.279698371887207,189400,0.0,0.0
2015-05-20 00:00:00-04:00,8.292258567853331,8.298540725794552,8.273412693129222,8.28597640991211,134600,0.0,0.0
2015-05-21 00:00:00-04:00,8.279697078356556,8.292260798519157,8.267132759094238,8.267132759094238,210600,0.0,0.0
2015-05-22 00:00:00-04:00,8.267132111837064,8.273414270976374,8.24200407437949,8.260849952697754,199600,0.0,0.0
2015-05-26 00:00:00-04:00,8.260849952697754,8.304824467573258,8.24200407437949,8.260849952697754,259800,0.0,0.0
2015-05-27 00:00:00-04:00,8.273413986112693,8.298542022705078,8.24828594952031,8.298542022705078,173900,0.0,0.0
2015-05-28 00:00:00-04:00,8.29225986378207,8.298542022705078,8.279696145035702,8.298542022705078,154200,0.0,0.0
2015-05-29 00:00:00-04:00,8.323670366658158,8.329952525813143,8.279696450772613,8.29226016998291,228300,0.0,0.0
2015-06-01 00:00:00-04:00,8.30482292175293,8.323668796563311,8.292258605812972,8.30482292175293,188600,0.0,0.0
2015-06-02 00:00:00-04:00,8.292262094012628,8.298544254625243,8.273416211274592,8.279698371887207,143600,0.0,0.0
2015-06-03 00:00:00-04:00,8.279698667802888,8.285980229540195,8.229442579305436,8.242006301879883,239800,0.0,0.0
2015-06-04 00:00:00-04:00,8.229441303368818,8.242005023995318,8.210594823779457,8.216876983642578,106000,0.0,0.0
2015-06-05 00:00:00-04:00,8.204312261816767,8.210593821813587,8.10379951357197,8.110081672668457,305900,0.0,0.0
2015-06-08 00:00:00-04:00,8.091235475939236,8.135209389684128,8.066107439642206,8.128927230834961,271500,0.0,0.0
2015-06-09 00:00:00-04:00,8.103797950783491,8.141490298993913,8.103797950783491,8.122644424438477,251200,0.0,0.0
2015-06-10 00:00:00-04:00,8.097521465542941,8.097521465542941,8.066111255537281,8.072393417358398,301200,0.0,0.0
2015-06-11 00:00:00-04:00,8.073023425099999,8.123598306457387,8.05405739241587,8.110954284667969,243500,0.081,0.0
2015-06-12 00:00:00-04:00,8.110952479763771,8.117274489251665,8.091987054200102,8.104630470275879,202000,0.0,0.0
2015-06-15 00:00:00-04:00,8.104632273773259,8.123598306457387,8.091988854883983,8.110954284667969,201900,0.0,0.0
2015-06-16 00:00:00-04:00,8.117274477521601,8.142561912536621,8.098309051985337,8.142561912536621,116500,0.0,0.0
2015-06-17 00:00:00-04:00,8.123597541468818,8.155206387165515,8.110953520870071,8.13624095916748,166900,0.0,0.0
2015-06-18 00:00:00-04:00,8.136238651845103,8.148882668858185,8.10462921221231,8.123595237731934,208000,0.0,0.0
2015-06-19 00:00:00-04:00,8.117272475533602,8.148881912231445,8.10462845969452,8.148881912231445,176700,0.0,0.0
2015-06-22 00:00:00-04:00,8.129915888472823,8.155203317251127,8.123594483453141,8.148881912231445,142200,0.0,0.0
2015-06-23 00:00:00-04:00,8.148885642880423,8.155207050794113,8.104632170083773,8.117276191711426,201600,0.0,0.0
2015-06-24 00:00:00-04:00,8.129919714451953,8.142563736241371,8.085666843989275,8.110954284667969,243500,0.0,0.0
2015-06-25 00:00:00-04:00,8.117273337071024,8.12359534566156,8.054054456965517,8.079341888427734,305200,0.0,0.0
2015-06-26 00:00:00-04:00,8.07934360443567,8.07934360443567,7.9845158670364444,8.054056167602539,262800,0.0,0.0
2015-06-29 00:00:00-04:00,8.035092271084777,8.035092271084777,7.959229946136475,7.959229946136475,320900,0.0,0.0
2015-06-30 00:00:00-04:00,7.984516333661697,8.016125782275418,7.9781943233589345,8.009803771972656,190200,0.0,0.0
2015-07-01 00:00:00-04:00,8.016125885697853,8.041413324335066,7.978194426291986,8.0034818649292,174500,0.0,0.0
2015-07-02 00:00:00-04:00,7.997159648352138,8.028769096558685,7.997159648352138,8.016125679016113,145600,0.0,0.0
2015-07-06 00:00:00-04:00,7.990831991520154,8.028762817382812,7.9718659756892185,8.028762817382812,144500,0.0,0.0
2015-07-07 00:00:00-04:00,8.066700187469129,8.066700187469129,8.022446720836115,8.054056167602539,194800,0.0,0.0
2015-07-08 00:00:00-04:00,8.009801566279261,8.035088997626712,7.952904695022515,7.990836143493652,396000,0.0,0.0
2015-07-09 00:00:00-04:00,7.997159854544872,8.009803875313526,7.984516436676313,8.0034818649292,184400,0.0,0.0
2015-07-10 00:00:00-04:00,8.009797404451483,8.028762817382812,7.9718659756892185,8.028762817382812,112000,0.0,0.0
2015-07-13 00:00:00-04:00,8.016682301481058,8.042132061523818,7.991232541438298,8.010319709777832,163600,0.081,0.0
2015-07-14 00:00:00-04:00,7.997593250376363,8.02304300635868,7.991231266458317,8.003955841064453,224800,0.0,0.0
2015-07-15 00:00:00-04:00,8.003955536576175,8.023042701144282,7.997592946130131,8.016680717468262,353400,0.0,0.0
2015-07-16 00:00:00-04:00,8.01667911781218,8.054853439331055,8.003953939459286,8.054853439331055,136000,0.0,0.0
2015-07-17 00:00:00-04:00,8.054857126475278,8.061219718564226,7.978507841718424,7.984870433807373,227700,0.0,0.0
2015-07-20 00:00:00-04:00,7.965781841440727,7.984869007527993,7.959419250488281,7.959419250488281,313900,0.0,0.0
2015-07-21 00:00:00-04:00,7.9466935727637145,7.95941875387464,7.927606407867358,7.940330982208252,266300,0.0,0.0
2015-07-22 00:00:00-04:00,7.927610734884757,7.95306050422747,7.9085235595703125,7.9085235595703125,318400,0.0,0.0
2015-07-23 00:00:00-04:00,7.902160965542043,7.914885546828218,7.883073790227599,7.9085235595703125,246600,0.0,0.0
2015-07-24 00:00:00-04:00,7.889429112926131,7.908516878886635,7.883067131042481,7.8830671310424805,212100,0.0,0.0
2015-07-27 00:00:00-04:00,7.88307140744927,7.889433392784169,7.82580929204392,7.863983631134033,217300,0.0,0.0
2015-07-28 00:00:00-04:00,7.870340665588121,7.883065840812381,7.838528334297225,7.851253509521484,247400,0.0,0.0
2015-07-29 00:00:00-04:00,7.838528967105235,7.8703413009643555,7.838528967105235,7.8703413009643555,175500,0.0,0.0
2015-07-30 00:00:00-04:00,7.851257320992762,7.889431651658146,7.844894730291849,7.876707077026367,178400,0.0,0.0
2015-07-31 00:00:00-04:00,7.914881706237794,7.933969479060515,7.902157131126049,7.914881706237793,163300,0.0,0.0
2015-08-03 00:00:00-04:00,7.88942989984535,7.9530545791868095,7.88942989984535,7.946691989898682,227300,0.0,0.0
2015-08-04 00:00:00-04:00,7.933969493448569,7.972143825623102,7.927606902496124,7.959419250488281,218900,0.0,0.0
2015-08-05 00:00:00-04:00,7.9530545791868095,7.965779757763065,7.92124223951608,7.946691989898682,310500,0.0,0.0
2015-08-06 00:00:00-04:00,7.927604831215677,7.972141742706299,7.927604831215677,7.972141742706299,458500,0.0,0.0
2015-08-07 00:00:00-04:00,7.946697066124974,8.00395919275646,7.946697066124974,7.978509426116943,283300,0.0,0.0
2015-08-10 00:00:00-04:00,7.984872019469398,7.997596599404006,7.972146832764491,7.978509426116943,227500,0.0,0.0
2015-08-11 00:00:00-04:00,7.984869007527993,8.00395617361526,7.953056659535836,7.959419250488281,212700,0.0,0.0
2015-08-12 00:00:00-04:00,7.915231886434404,8.02409839630127,7.915231886434404,8.02409839630127,221000,0.081,0.0
2015-08-13 00:00:00-04:00,7.998481618410296,8.03050128324925,7.998481618410296,8.00488567352295,212500,0.0,0.0
2015-08-14 00:00:00-04:00,7.992080137477602,8.004888251828291,7.95365701587455,7.966464519500732,130800,0.0,0.0
2015-08-17 00:00:00-04:00,7.940846311124673,7.998481585452441,7.940846311124673,7.9472503662109375,125700,0.0,0.0
2015-08-18 00:00:00-04:00,7.940849448990781,8.004888803710282,7.940849448990781,7.9920806884765625,154300,0.0,0.0
2015-08-19 00:00:00-04:00,7.979271908157616,8.036907196044922,7.960060349103331,8.036907196044922,210800,0.0,0.0
2015-08-20 00:00:00-04:00,8.030503944638017,8.036908001873037,7.9792727082068735,7.9856767654418945,233600,0.0,0.0
2015-08-21 00:00:00-04:00,7.979272365570069,8.011292039645708,7.947252691494429,7.979272365570068,176400,0.0,0.0
2015-08-24 00:00:00-04:00,7.838386827666976,7.953657419778841,7.767944027334468,7.934445858001709,729800,0.0,0.0
2015-08-25 00:00:00-04:00,7.90242121098992,7.940844310377948,7.806362241071546,7.831977844238281,289200,0.0,0.0
2015-08-26 00:00:00-04:00,7.857597674045334,7.902424847534692,7.7999623877164845,7.812769889831543,332800,0.0,0.0
2015-08-27 00:00:00-04:00,7.825575437296497,7.876806650411021,7.806363274335375,7.85119104385376,266900,0.0,0.0
2015-08-28 00:00:00-04:00,7.844785951183726,7.844785951183726,7.825574401489713,7.831977844238281,185700,0.0,0.0
2015-08-31 00:00:00-04:00,7.825577791236719,7.844789349252459,7.79355812072754,7.793558120727539,262100,0.0,0.0
2015-09-01 00:00:00-04:00,7.7871498143013955,7.8063613618315895,7.7487267192410085,7.761534214019775,246800,0.0,0.0
2015-09-02 00:00:00-04:00,7.761538107723597,7.8063652780237005,7.761538107723597,7.787153720855713,140800,0.0,0.0
2015-09-03 00:00:00-04:00,7.7871542748769915,7.838385504786095,7.7871542748769915,7.812769889831543,242600,0.0,0.0
2015-09-04 00:00:00-04:00,7.799962121819551,7.851193349982207,7.799962121819551,7.825577735900879,210300,0.0,0.0
2015-09-08 00:00:00-04:00,7.831976538580801,7.857592748201249,7.799957498003344,7.819169044494629,232700,0.0,0.0
2015-09-09 00:00:00-04:00,7.812766294544268,7.838381897711004,7.806362241071546,7.831977844238281,164000,0.0,0.0
2015-09-10 00:00:00-04:00,7.831979702523524,7.8768074767446645,7.812768148271207,7.863999366760254,233500,0.0,0.0
2015-09-11 00:00:00-04:00,7.8517510040385305,7.883982658386231,7.8517510040385305,7.8839826583862305,129500,0.081,0.0
2015-09-14 00:00:00-04:00,7.871091399899127,7.89043051860929,7.851752281188965,7.851752281188965,207900,0.0,0.0
2015-09-15 00:00:00-04:00,7.851752281188965,7.871091399899127,7.83885912552919,7.851752281188965,135700,0.0,0.0
2015-09-16 00:00:00-04:00,7.845305703359077,7.858198244239352,7.83885912552919,7.851752281188965,171000,0.0,0.0
2015-09-17 00:00:00-04:00,7.8517512643538065,7.903322650755192,7.825965571153113,7.890429496765137,171500,0.0,0.0
2015-09-18 00:00:00-04:00,7.864642900263221,7.916214280741326,7.864642900263221,7.903321743011475,163300,0.0,0.0
2015-09-21 00:00:00-04:00,7.916216398547335,7.929109554505811,7.864645004272461,7.864645004272461,198400,0.0,0.0
2015-09-22 00:00:00-04:00,7.851750605806504,7.890428834973787,7.8453040293521665,7.877536296844482,122200,0.0,0.0
2015-09-23 00:00:00-04:00,7.877536989160785,7.896876105444043,7.864643835118999,7.871090412139893,119400,0.0,0.0
2015-09-24 00:00:00-04:00,7.858196966040431,7.890429235167531,7.858196966040431,7.8839826583862305,175900,0.0,0.0
2015-09-25 00:00:00-04:00,7.8904307014098976,7.896877279389136,7.864645004272461,7.864645004272461,148900,0.0,0.0
2015-09-28 00:00:00-04:00,7.851754705204986,7.877540409705672,7.800183296203614,7.800183296203613,233500,0.0,0.0
2015-09-29 00:00:00-04:00,7.8001827394907,7.825968442151015,7.774397036830386,7.806628704071045,292300,0.0,0.0
2015-09-30 00:00:00-04:00,7.832409907310911,7.845303058624268,7.806624219463489,7.845303058624268,287900,0.0,0.0
2015-10-01 00:00:00-04:00,7.825964927673341,7.851750618753838,7.819518351208374,7.82596492767334,208600,0.0,0.0
2015-10-02 00:00:00-04:00,7.813071008530774,7.8388566970825195,7.800178471644555,7.8388566970825195,249100,0.0,0.0
2015-10-05 00:00:00-04:00,7.845304718835742,7.883982951402256,7.845304718835742,7.871090412139893,201300,0.0,0.0
2015-10-06 00:00:00-04:00,7.851750605806504,7.890428834973787,7.83885745289783,7.877536296844482,342600,0.0,0.0
2015-10-07 00:00:00-04:00,7.871091806526632,8.03869915008545,7.871091806526632,8.03869915008545,396700,0.0,0.0
2015-10-08 00:00:00-04:00,8.006461143493652,8.058032502326212,8.00001456994481,8.006461143493652,196900,0.0,0.0
2015-10-09 00:00:00-04:00,8.000019583685816,8.006466161274833,7.967787310520209,7.980680465698242,144600,0.0,0.0
2015-10-12 00:00:00-04:00,7.954894770121652,7.980680465698242,7.954894770121652,7.980680465698242,116900,0.0,0.0
2015-10-13 00:00:00-04:00,7.981326748095546,8.03972679801778,7.968348684189206,8.007282257080078,267700,0.081,0.0
2015-10-14 00:00:00-04:00,8.020259625335548,8.052704165962478,8.007282180381662,8.026748657226562,320200,0.0,0.0
2015-10-15 00:00:00-04:00,8.01377303554135,8.059195031456438,8.007284002173972,8.04621696472168,168300,0.0,0.0
2015-10-16 00:00:00-04:00,8.059192657470703,8.065681688926617,8.059192657470703,8.059192657470703,158300,0.0,0.0
2015-10-19 00:00:00-04:00,8.065685656446153,8.078663106913503,8.0527075871504,8.072174072265625,120900,0.0,0.0
2015-10-20 00:00:00-04:00,8.072174321541635,8.098129842106266,8.05919687067353,8.091641426086426,155400,0.0,0.0
2015-10-21 00:00:00-04:00,8.091640303303624,8.104617752370999,8.052706718444824,8.052706718444824,136700,0.0,0.0
2015-10-22 00:00:00-04:00,8.078663356389898,8.111107911802794,8.078663356389898,8.091641426086426,192500,0.0,0.0
2015-10-23 00:00:00-04:00,8.098128571117961,8.124084706437243,8.091640156116467,8.117595672607422,182400,0.0,0.0
2015-10-26 00:00:00-04:00,8.130575662110608,8.150042769683221,8.117598209224052,8.143553733825684,202300,0.0,0.0
2015-10-27 00:00:00-04:00,8.143550326164098,8.175994873046875,8.130572259879683,8.175994873046875,169700,0.0,0.0
2015-10-28 00:00:00-04:00,8.1889726355461,8.1889726355461,8.130572572676009,8.150039672851562,252900,0.0,0.0
2015-10-29 00:00:00-04:00,8.143551189098376,8.150040222928197,8.098128571117961,8.117595672607422,149600,0.0,0.0
2015-10-30 00:00:00-04:00,8.143549430213017,8.143549430213017,8.104615854471493,8.130571365356445,215100,0.0,0.0
2015-11-02 00:00:00-05:00,8.143550639459711,8.15652808741513,8.11759512472059,8.150039672851562,292300,0.0,0.0
2015-11-03 00:00:00-05:00,8.150042769683221,8.163020222569777,8.137064697968146,8.143553733825684,200100,0.0,0.0
2015-11-04 00:00:00-05:00,8.150040776910107,8.169507260894434,8.137062708368308,8.163018226623535,275500,0.0,0.0
2015-11-05 00:00:00-05:00,8.169504629913984,8.188971107629152,8.156526565551758,8.156526565551758,307200,0.0,0.0
2015-11-06 00:00:00-05:00,8.143551189098376,8.169506705589333,8.098128571117961,8.117595672607422,162300,0.0,0.0
2015-11-09 00:00:00-05:00,8.111107911802794,8.117596946651057,8.05919687067353,8.091641426086426,394800,0.0,0.0
2015-11-10 00:00:00-05:00,8.091638797755142,8.091638797755142,8.05270522014041,8.085149765014648,273900,0.0,0.0
2015-11-11 00:00:00-05:00,8.098127994004146,8.098127994004146,8.039728550182584,8.04621696472168,350800,0.0,0.0
2015-11-12 00:00:00-05:00,8.046872734572865,8.06646784117726,8.007683767158886,8.014215469360352,254400,0.081,0.0
2015-11-13 00:00:00-05:00,8.03380995306734,8.040341655268806,8.014215469360352,8.014215469360352,297500,0.0,0.0
2015-11-16 00:00:00-05:00,8.014211638349156,8.033806112689453,7.99461654111175,8.00767993927002,213200,0.0,0.0
2015-11-17 00:00:00-05:00,8.007683767158886,8.02074654866441,7.988088660554491,8.014215469360352,161400,0.0,0.0
2015-11-18 00:00:00-05:00,8.033808969009572,8.033808969009572,7.994619383498502,8.001151084899902,135200,0.0,0.0
2015-11-19 00:00:00-05:00,8.014214284683096,8.014214284683096,7.975024700164794,7.975024700164795,185100,0.0,0.0
2015-11-20 00:00:00-05:00,8.001148065051437,8.007679763987598,7.909706148636467,7.922769546508789,161400,0.0,0.0
2015-11-23 00:00:00-05:00,7.916239658486381,7.975023716565043,7.916239658486381,7.961960315704346,266300,0.0,0.0
2015-11-24 00:00:00-05:00,7.975024700164794,7.994619180975288,7.961961297692922,7.975024700164795,198000,0.0,0.0
2015-11-25 00:00:00-05:00,7.981558297695897,7.99462108037397,7.961963189332593,7.968494892120361,207700,0.0,0.0
2015-11-27 00:00:00-05:00,7.97502162638346,7.994616099641733,7.929300981148465,7.948895454406738,159200,0.0,0.0
2015-11-30 00:00:00-05:00,7.968491824558343,7.988086302481066,7.942365646362305,7.942365646362305,280500,0.0,0.0
2015-12-01 00:00:00-05:00,7.975025288770956,8.066467244131099,7.961961885334924,8.04687213897705,279700,0.0,0.0
2015-12-02 00:00:00-05:00,8.0403427094001,8.112189574343502,8.0403427094001,8.086063385009766,303800,0.0,0.0
2015-12-03 00:00:00-05:00,8.092592210063566,8.09912328790121,8.053402628551382,8.07952880859375,351900,0.0,0.0
2015-12-04 00:00:00-05:00,8.086061217315464,8.151376361691513,8.066466736292382,8.118719100952148,328200,0.0,0.0
2015-12-07 00:00:00-05:00,8.092594027085715,8.11872021299417,7.994620362755956,8.014215469360352,343600,0.0,0.0
2015-12-08 00:00:00-05:00,8.001149161989844,8.014212561653128,7.9815546853921004,7.994617462158203,229900,0.0,0.0
2015-12-09 00:00:00-05:00,7.981556401400731,8.00768258344716,7.948898518118365,7.975024700164795,238900,0.0,0.0
2015-12-10 00:00:00-05:00,7.9691064738157475,7.9822571156432,7.942805817217957,7.95595645904541,394200,0.081,0.0
2015-12-11 00:00:00-05:00,7.942805970646102,7.969106627751932,7.831028021182044,7.863903999328613,608100,0.0,0.0
2015-12-14 00:00:00-05:00,7.824453766532356,7.83760441040613,7.673225124327239,7.686375141143799,792400,0.0,0.0
2015-12-15 00:00:00-05:00,7.699523502060342,7.850752099425228,7.699523502060342,7.824451446533203,701100,0.0,0.0
2015-12-16 00:00:00-05:00,7.811304636032025,7.929657936096191,7.811304636032025,7.929657936096191,393400,0.0,0.0
2015-12-17 00:00:00-05:00,7.916505160620168,7.9888318094998105,7.916505160620168,7.95595645904541,391100,0.0,0.0
2015-12-18 00:00:00-05:00,7.942806579189909,8.172937816790434,7.942806579189909,8.0874605178833,799100,0.0,0.0
2015-12-21 00:00:00-05:00,8.0874605178833,8.120336498548687,8.0874605178833,8.0874605178833,614000,0.0,0.0
2015-12-22 00:00:00-05:00,8.133485925127708,8.146636567263673,7.975681981838889,7.988831996917725,399000,0.0,0.0
2015-12-23 00:00:00-05:00,8.048009932563255,8.218964545605587,8.008559253896399,8.186088562011719,686500,0.0,0.0
2015-12-24 00:00:00-05:00,8.17294114146119,8.225542481100636,8.17294114146119,8.179515838623047,167100,0.0,0.0
2015-12-28 00:00:00-05:00,8.172938544808511,8.218964545605587,8.15321257841785,8.186088562011719,419600,0.0,0.0
2015-12-29 00:00:00-05:00,8.193369630180054,8.266169940197683,8.173515114932275,8.180132865905762,630000,0.081,0.0
2015-12-30 00:00:00-05:00,8.173512098617884,8.199984986233378,8.04776540907171,8.153656959533691,393300,0.0,0.0
2015-12-31 00:00:00-05:00,8.153657199266762,8.279403892510128,8.107329802368389,8.16689395904541,633100,0.0,0.0
2016-01-04 00:00:00-05:00,8.100713131594585,8.133804406859465,8.074240237615397,8.12056827545166,191400,0.0,0.0
2016-01-05 00:00:00-05:00,8.127184384332542,8.246312698763356,8.120566635546847,8.206603050231934,337800,0.0,0.0
2016-01-06 00:00:00-05:00,8.180129847149187,8.199984986233378,8.127184071918196,8.153656959533691,210200,0.0,0.0
2016-01-07 00:00:00-05:00,8.127186025573774,8.166895682124345,8.11394989416597,8.12056827545166,209700,0.0,0.0
2016-01-08 00:00:00-05:00,8.166892214307596,8.2198379797842,8.094091313404782,8.193365097045898,409500,0.0,0.0
2016-01-11 00:00:00-05:00,8.147036094112797,8.173508971600311,8.074235207649748,8.087471961975098,293900,0.0,0.0
2016-01-12 00:00:00-05:00,8.11394846310913,8.133802972300888,8.094093322753906,8.094093322753906,193700,0.0,0.0
2016-01-13 00:00:00-05:00,8.061003825696996,8.061003825696996,7.935257110298961,7.961730003356934,789600,0.0,0.0
2016-01-14 00:00:00-05:00,7.95510935402702,8.02129124696853,7.928635839454424,7.941872596740723,488000,0.0,0.0
2016-01-15 00:00:00-05:00,7.915399866802188,7.948491129496209,7.882308604108167,7.888926982879639,462900,0.0,0.0
2016-01-19 00:00:00-05:00,7.915397536574626,7.928633659057626,7.835978908187166,7.849215030670166,647100,0.0,0.0
2016-01-20 00:00:00-05:00,7.809506032058013,7.888924660445473,7.743323526153554,7.849215030670166,423200,0.0,0.0
2016-01-21 00:00:00-05:00,7.8227460028522176,7.90216467030879,7.736708955316732,7.816128253936768,352900,0.0,0.0
2016-01-22 00:00:00-05:00,7.842605423166448,7.941878653874355,7.835987039475572,7.915405750274658,219700,0.0,0.0
2016-01-25 00:00:00-05:00,7.895548258260356,7.935257283130406,7.895548258260356,7.90878438949585,138900,0.0,0.0
2016-01-26 00:00:00-05:00,7.922017509815974,8.01467227935791,7.922017509815974,8.01467227935791,229400,0.0,0.0
2016-01-27 00:00:00-05:00,7.988198668975864,7.988198668975864,7.928634533326507,7.948489665985107,169400,0.0,0.0
2016-01-28 00:00:00-05:00,7.961729323499928,7.9948205947875985,7.935256432702492,7.994820594787598,128500,0.0,0.0
2016-01-29 00:00:00-05:00,8.03453097741569,8.107331275939941,8.001439703117917,8.107331275939941,261900,0.0,0.0
2016-02-01 00:00:00-05:00,8.04776604310749,8.100711822509766,8.03452991383866,8.100711822509766,216400,0.0,0.0
2016-02-02 00:00:00-05:00,8.061002535827539,8.061002535827539,7.968347109368979,7.98820161819458,165700,0.0,0.0
2016-02-03 00:00:00-05:00,8.027909625611679,8.034528004254827,7.928635839454424,7.941872596740723,339300,0.0,0.0
2016-02-04 00:00:00-05:00,7.941872596740723,7.9948183635592605,7.895545208565332,7.941872596740723,319600,0.0,0.0
2016-02-05 00:00:00-05:00,7.915401331725076,7.994819998190931,7.902164571732372,7.98820161819458,362800,0.0,0.0
2016-02-08 00:00:00-05:00,7.974964013418758,7.988200139798363,7.842599593806013,7.888926982879639,400000,0.0,0.0
2016-02-09 00:00:00-05:00,7.822747793553781,7.869075833547643,7.756565871105362,7.809511661529541,313300,0.0,0.0
2016-02-10 00:00:00-05:00,7.816129480575767,7.835983992764949,7.789656587269002,7.822747230529785,225900,0.0,0.0
2016-02-11 00:00:00-05:00,7.823414077458524,7.876725196838379,7.790094468966446,7.876725196838379,429900,0.081,0.0
2016-02-12 00:00:00-05:00,7.890051480478732,7.896715527748784,7.783429266232024,7.810084819793701,293700,0.0,0.0
2016-02-16 00:00:00-05:00,7.863395232034183,7.863395232034183,7.730117476003462,7.850067138671875,208100,0.0,0.0
2016-02-17 00:00:00-05:00,7.850067138671876,7.896714829921481,7.836739680828039,7.850067138671875,252400,0.0,0.0
2016-02-18 00:00:00-05:00,7.850065961702532,7.903377056121826,7.850065961702532,7.903377056121826,178700,0.0,0.0
2016-02-19 00:00:00-05:00,7.910038776639559,7.916702820362661,7.836736202239991,7.83673620223999,161100,0.0,0.0
2016-02-22 00:00:00-05:00,7.843405363947804,7.896716477482859,7.830077267804739,7.870060920715332,293300,0.0,0.0
2016-02-23 00:00:00-05:00,7.876724333268261,7.890052429411326,7.863396872643799,7.870060920715332,191500,0.0,0.0
2016-02-24 00:00:00-05:00,7.876726237326413,7.93670141343093,7.870062823162722,7.916709899902344,282200,0.0,0.0
2016-02-25 00:00:00-05:00,7.896718386373757,7.923373949584791,7.876726237326413,7.916709899902344,267700,0.0,0.0
2016-02-26 00:00:00-05:00,7.94336044726147,7.94336044726147,7.8967133999772265,7.910040855407715,163100,0.0,0.0
2016-02-29 00:00:00-05:00,7.923370749141837,7.93669820760469,7.903378608169808,7.930034160614014,188100,0.0,0.0
2016-03-01 00:00:00-05:00,7.936696419606041,8.036655195391727,7.936696419606041,8.029991149902344,265000,0.0,0.0
2016-03-02 00:00:00-05:00,8.029995191878857,8.049986702891575,8.003339632022342,8.036659240722656,280400,0.0,0.0
2016-03-03 00:00:00-05:00,8.01000024983196,8.076638803169695,7.99667215785337,8.056647300720215,190900,0.0,0.0
2016-03-04 00:00:00-05:00,8.049984222943362,8.116623419814537,8.029992718089403,8.10329532623291,267700,0.0,0.0
2016-03-07 00:00:00-05:00,8.10329258290944,8.14327621459961,8.089965129358227,8.14327621459961,193800,0.0,0.0
2016-03-08 00:00:00-05:00,8.143280850115367,8.189927917375586,8.129952753458946,8.176600456237793,263300,0.0,0.0
2016-03-09 00:00:00-05:00,8.189927101135254,8.203255196463344,8.176599641325726,8.189927101135254,236200,0.0,0.0
2016-03-10 00:00:00-05:00,8.229910751600961,8.229910751600961,8.169935593661682,8.189927101135254,208500,0.0,0.0
2016-03-11 00:00:00-05:00,8.214062464266384,8.240883867142223,8.17383004021628,8.220767974853516,349100,0.076,0.0
2016-03-14 00:00:00-04:00,8.20735809017526,8.254296031312125,8.20735809017526,8.234179496765137,389900,0.0,0.0
2016-03-15 00:00:00-04:00,8.214062464266384,8.234178356555093,8.20065144309212,8.220767974853516,125400,0.0,0.0
2016-03-16 00:00:00-04:00,8.200656867688117,8.267710738969065,8.200656867688117,8.247594833374023,110000,0.0,0.0
2016-03-17 00:00:00-04:00,8.254299445026106,8.267709834130763,8.22747802734375,8.22747802734375,181100,0.0,0.0
2016-03-18 00:00:00-04:00,8.220769113206586,8.281117437902,8.220769113206586,8.234179496765137,213500,0.0,0.0
2016-03-21 00:00:00-04:00,8.220771691496324,8.261003494262695,8.220771691496324,8.261003494262695,167900,0.0,0.0
2016-03-22 00:00:00-04:00,8.234182079260789,8.274414521500136,8.234182079260789,8.261003494262695,125400,0.0,0.0
2016-03-23 00:00:00-04:00,8.274413967140944,8.314645767211914,8.267708453971473,8.314645767211914,145000,0.0,0.0
2016-03-24 00:00:00-04:00,8.301236595633785,8.341468401594627,8.301236595633785,8.334763526916504,187300,0.0,0.0
2016-03-28 00:00:00-04:00,8.334762306720332,8.354878206755817,8.314645767211914,8.314645767211914,226100,0.0,0.0
2016-03-29 00:00:00-04:00,8.314647392587057,8.368290229483254,8.307942517579827,8.341468811035156,159700,0.0,0.0
2016-03-30 00:00:00-04:00,8.368285679381225,8.388402211884095,8.361580808019644,8.381696701049805,261900,0.0,0.0
2016-03-31 00:00:00-04:00,8.381701961247918,8.455460708296581,8.374996446205374,8.395112991333008,344300,0.0,0.0
2016-04-01 00:00:00-04:00,8.388404752657145,8.44204757663398,8.388404752657145,8.42863655090332,179000,0.0,0.0
2016-04-04 00:00:00-04:00,8.428638740734192,8.44875528455663,8.388406932035455,8.401817321777344,182600,0.0,0.0
2016-04-05 00:00:00-04:00,8.395109861908628,8.421931272607546,8.368287811736838,8.374993324279785,347400,0.0,0.0
2016-04-06 00:00:00-04:00,8.38169643451288,8.421928858766526,8.38169643451288,8.408517837524414,156800,0.0,0.0
2016-04-07 00:00:00-04:00,8.395107954830014,8.44204525302237,8.395107954830014,8.421929359436035,159700,0.0,0.0
2016-04-08 00:00:00-04:00,8.421929503303604,8.46216129116353,8.421929503303604,8.455455780029297,156700,0.0,0.0
2016-04-11 00:00:00-04:00,8.488985061645508,8.502396087650899,8.46886916211034,8.488985061645508,292800,0.0,0.0
2016-04-12 00:00:00-04:00,8.502397273013809,8.502397273013809,8.475575856736633,8.482280731201172,364700,0.0,0.0
2016-04-13 00:00:00-04:00,8.472833118979851,8.526800155639648,8.445849600649952,8.526800155639648,285600,0.076,0.0
2016-04-14 00:00:00-04:00,8.499821662902832,8.506567063970216,8.479583529686069,8.499821662902832,305500,0.0,0.0
2016-04-15 00:00:00-04:00,8.493074874188826,8.506566318479447,8.472837386083823,8.479582786560059,133100,0.0,0.0
2016-04-18 00:00:00-04:00,8.493076233437783,8.533551216125488,8.486330188543748,8.533551216125488,166800,0.0,0.0
2016-04-19 00:00:00-04:00,8.520053859015503,8.553783416748047,8.513307818801433,8.553783416748047,194200,0.0,0.0
2016-04-20 00:00:00-04:00,8.547040690046169,8.547040690046169,8.533548604387425,8.540294647216797,399700,0.0,0.0
2016-04-21 00:00:00-04:00,8.540294647216797,8.547040690046169,8.526803204896106,8.540294647216797,439300,0.0,0.0
2016-04-22 00:00:00-04:00,8.52005836122812,8.547041893005371,8.513312317449271,8.547041893005371,166800,0.0,0.0
2016-04-25 00:00:00-04:00,8.53354575193101,8.547037833079838,8.499816835734617,8.506562232971191,233200,0.0,0.0
2016-04-26 00:00:00-04:00,8.526803721460713,8.540295164598732,8.5133116349846,8.520057678222656,176500,0.0,0.0
2016-04-27 00:00:00-04:00,8.5065676798876,8.540297261019523,8.5065676798876,8.533551216125488,182800,0.0,0.0
2016-04-28 00:00:00-04:00,8.499820851106968,8.587516846651175,8.499820851106968,8.580771446228027,289000,0.0,0.0
2016-04-29 00:00:00-04:00,8.594261703175667,8.594261703175667,8.50656507640799,8.540294647216797,313000,0.0,0.0
2016-05-02 00:00:00-04:00,8.540295849226522,8.601008956559872,8.52005836122812,8.547041893005371,375900,0.0,0.0
2016-05-03 00:00:00-04:00,8.553783673969546,8.553783673969546,8.520054115222718,8.526800155639648,203300,0.0,0.0
2016-05-04 00:00:00-04:00,8.526797692745125,8.614494262821328,8.526797692745125,8.587510108947754,309700,0.0,0.0
2016-05-05 00:00:00-04:00,8.594258371356858,8.594258371356858,8.553783416748047,8.553783416748047,257200,0.0,0.0
2016-05-06 00:00:00-04:00,8.56727737959478,8.621244430541992,8.56053133739188,8.621244430541992,219900,0.0,0.0
2016-05-09 00:00:00-04:00,8.62124328558954,8.62124328558954,8.58751372239252,8.607751846313477,234300,0.0,0.0
2016-05-10 00:00:00-04:00,8.6145002525849,8.6145002525849,8.580770680128001,8.59426212310791,236600,0.0,0.0
2016-05-11 00:00:00-04:00,8.607754209425904,8.6145002525849,8.580770680128001,8.59426212310791,183500,0.0,0.0
2016-05-12 00:00:00-04:00,8.60512110270512,8.632266568601393,8.56440258026123,8.56440258026123,156600,0.076,0.0
2016-05-13 00:00:00-04:00,8.571184933467002,8.598330386140587,8.53725295582536,8.577971458435059,122300,0.0,0.0
2016-05-16 00:00:00-04:00,8.564398408498946,8.632262363782228,8.564398408498946,8.577971458435059,264800,0.0,0.0
2016-05-17 00:00:00-04:00,8.557616051987422,8.632266568601393,8.557616051987422,8.56440258026123,196600,0.0,0.0
2016-05-18 00:00:00-04:00,8.571187530841152,8.611905398591167,8.489751148142284,8.503323554992676,211900,0.0,0.0
2016-05-19 00:00:00-04:00,8.523684625495338,8.598334494213912,8.503325040863858,8.591547966003418,325600,0.0,0.0
2016-05-20 00:00:00-04:00,8.59154620734329,8.611905140608414,8.53725528717041,8.53725528717041,120400,0.0,0.0
2016-05-23 00:00:00-04:00,8.557617104008816,8.59154910235029,8.544044692991648,8.584762573242188,94200,0.0,0.0
2016-05-24 00:00:00-04:00,8.605118190292941,8.639049525779964,8.482963311503692,8.516895294189453,285900,0.0,0.0
2016-05-25 00:00:00-04:00,8.544043562927866,8.611906903435946,8.537257034717372,8.591547966003418,383900,0.0,0.0
2016-05-26 00:00:00-04:00,8.611905539035995,8.700128450198237,8.605119659099552,8.679769515991211,758500,0.0,0.0
2016-05-27 00:00:00-04:00,8.652625774553034,8.68655776977539,8.652625774553034,8.68655776977539,158500,0.0,0.0
2016-05-31 00:00:00-04:00,8.686555268942241,8.693341795472687,8.632264351096254,8.672982215881348,156900,0.0,0.0
2016-06-01 00:00:00-04:00,8.67976845472802,8.686554981033533,8.652622996704741,8.659409523010254,136400,0.0,0.0
2016-06-02 00:00:00-04:00,8.672981928422509,8.672981928422509,8.652622996704741,8.659409523010254,116100,0.0,0.0
2016-06-03 00:00:00-04:00,8.67298298885592,8.693342570261795,8.645837527513603,8.679769515991211,208500,0.0,0.0
2016-06-06 00:00:00-04:00,8.679769515991211,8.686556043126503,8.679769515991211,8.679769515991211,276000,0.0,0.0
2016-06-07 00:00:00-04:00,8.679769515991211,8.686556043126503,8.659410581784186,8.679769515991211,432700,0.0,0.0
2016-06-08 00:00:00-04:00,8.66619590554169,8.727272699681714,8.66619590554169,8.713700294494629,294300,0.0,0.0
2016-06-09 00:00:00-04:00,8.720488677848797,8.788352012634277,8.706915622572362,8.788352012634277,249800,0.0,0.0
2016-06-10 00:00:00-04:00,8.781570157700516,8.815502166748047,8.75442467990234,8.815502166748047,294300,0.0,0.0
2016-06-13 00:00:00-04:00,8.84007281662173,8.84007281662173,8.771810095667908,8.785462379455566,229200,0.076,0.0
2016-06-14 00:00:00-04:00,8.771810095667908,8.799115314250988,8.758157160872484,8.785462379455566,224300,0.0,0.0
2016-06-15 00:00:00-04:00,8.792287780003795,8.853724677112965,8.7718090313033,8.833245277404785,223900,0.0,0.0
2016-06-16 00:00:00-04:00,8.833249463816255,8.84007593362097,8.785465477199232,8.826423645019531,285000,0.0,0.0
2016-06-17 00:00:00-04:00,8.805944373594174,8.819597313417546,8.78546561486712,8.81277084350586,123800,0.0,0.0
2016-06-20 00:00:00-04:00,8.819592995273684,8.840071743974178,8.792287780003795,8.833245277404785,151400,0.0,0.0
2016-06-21 00:00:00-04:00,8.840076072144601,8.840076072144601,8.79911855469049,8.81277084350586,169800,0.0,0.0
2016-06-22 00:00:00-04:00,8.805944373594174,8.826423783329233,8.792292084778804,8.81277084350586,184800,0.0,0.0
2016-06-23 00:00:00-04:00,8.83324634922402,8.83324634922402,8.785462379455566,8.785462379455566,168600,0.0,0.0
2016-06-24 00:00:00-04:00,8.737678409687113,8.792288846853278,8.689893788910899,8.785462379455566,226500,0.0,0.0
2016-06-27 00:00:00-04:00,8.771808234028335,8.799113446816435,8.710371342503203,8.744503021240234,373200,0.0,0.0
2016-06-28 00:00:00-04:00,8.764983628270196,8.805941130640937,8.764983628270196,8.785462379455566,220500,0.0,0.0
2016-06-29 00:00:00-04:00,8.764983313390687,8.85372543334961,8.764983313390687,8.85372543334961,364000,0.0,0.0
2016-06-30 00:00:00-04:00,8.867378034941265,8.887857437133789,8.840072816358994,8.887857437133789,290100,0.0,0.0
2016-07-01 00:00:00-04:00,8.853722309205542,8.962943141074238,8.853722309205542,8.956116676330566,183300,0.0,0.0
2016-07-05 00:00:00-04:00,8.94246884533429,8.94246884533429,8.915163623787027,8.921989440917969,187900,0.0,0.0
2016-07-06 00:00:00-04:00,8.928812744331433,8.997076099508266,8.915160463900628,8.990249633789062,224600,0.0,0.0
2016-07-07 00:00:00-04:00,9.003905666799579,9.003905666799579,8.969774625993887,8.997079849243164,221200,0.0,0.0
2016-07-08 00:00:00-04:00,8.997080100612582,9.072169303894043,8.976600694347544,9.072169303894043,186500,0.0,0.0
2016-07-11 00:00:00-04:00,9.06534283513903,9.078995772649055,9.058517017391909,9.072169303894043,150000,0.0,0.0
2016-07-12 00:00:00-04:00,9.078995528344397,9.078995528344397,9.02438508178958,9.031210899353027,362600,0.0,0.0
2016-07-13 00:00:00-04:00,9.0490629746742,9.09712303780057,9.0490629746742,9.055928230285645,171600,0.076,0.0
2016-07-14 00:00:00-04:00,9.06279416823475,9.090257155071825,9.014734104962184,9.028465270996094,259200,0.0,0.0
2016-07-15 00:00:00-04:00,9.02846404679569,9.062792939379575,9.02846404679569,9.04906177520752,121300,0.0,0.0
2016-07-18 00:00:00-04:00,9.06279482005491,9.083391897971797,9.055928909159514,9.076526641845703,117000,0.0,0.0
2016-07-19 00:00:00-04:00,9.090256145539957,9.103987964818113,9.069659071391904,9.083390235900879,150600,0.0,0.0
2016-07-20 00:00:00-04:00,9.103987125748324,9.124584197998047,9.08338939872948,9.124584197998047,206100,0.0,0.0
2016-07-21 00:00:00-04:00,9.13145147033128,9.13145147033128,9.090256664912324,9.117719650268555,184200,0.0,0.0
2016-07-22 00:00:00-04:00,9.124584358675667,9.131450267802853,9.097121376936059,9.11085319519043,134700,0.0,0.0
2016-07-25 00:00:00-04:00,9.097119331359863,9.110851146526501,9.097119331359863,9.097119331359863,119400,0.0,0.0
2016-07-26 00:00:00-04:00,9.110852120881107,9.117717374429642,9.069657325744629,9.069657325744629,160000,0.0,0.0
2016-07-27 00:00:00-04:00,9.06279141742704,9.076523234062218,9.049060255560917,9.069657325744629,117600,0.0,0.0
2016-07-28 00:00:00-04:00,9.076522263378893,9.103985238943183,9.069656355795574,9.097119331359863,149900,0.0,0.0
2016-07-29 00:00:00-04:00,9.117718449548482,9.117718449548482,9.103987286063244,9.11085319519043,189900,0.0,0.0
2016-08-01 00:00:00-04:00,9.131448214507472,9.131448214507472,9.097119331359863,9.097119331359863,238900,0.0,0.0
2016-08-02 00:00:00-04:00,9.083386590871955,9.097118404639737,9.042192459106445,9.042192459106445,284500,0.0,0.0
2016-08-03 00:00:00-04:00,9.03532882428516,9.090254783630371,9.03532882428516,9.090254783630371,232800,0.0,0.0
2016-08-04 00:00:00-04:00,9.117718449548482,9.117718449548482,9.103987286063244,9.11085319519043,132200,0.0,0.0
2016-08-05 00:00:00-04:00,9.097119331359863,9.110851146526501,9.097119331359863,9.097119331359863,168400,0.0,0.0
2016-08-08 00:00:00-04:00,9.103987286063244,9.11085319519043,9.090255467808873,9.11085319519043,126600,0.0,0.0
2016-08-09 00:00:00-04:00,9.117715416816319,9.158910203108096,9.110850164741784,9.152044296264648,169500,0.0,0.0
2016-08-10 00:00:00-04:00,9.138317328424389,9.179511478839995,9.138317328424389,9.172645568847656,209100,0.0,0.0
2016-08-11 00:00:00-04:00,9.169882248841597,9.25274255325254,9.169882248841597,9.225122451782227,338400,0.076,0.0
2016-08-12 00:00:00-04:00,9.225120544862248,9.273456206330232,9.225120544862248,9.26655101776123,185800,0.0,0.0
2016-08-15 00:00:00-04:00,9.266556331904486,9.273461524433447,9.211316108703613,9.211316108703613,196000,0.0,0.0
2016-08-16 00:00:00-04:00,9.225120323981495,9.225120323981495,9.176785322185843,9.197500228881836,205300,0.0,0.0
2016-08-17 00:00:00-04:00,9.1975005959277,9.218216161965403,9.176785688405035,9.204405784606934,156000,0.0,0.0
2016-08-18 00:00:00-04:00,9.204407540308281,9.232027641778595,9.204407540308281,9.225122451782227,173500,0.0,0.0
2016-08-19 00:00:00-04:00,9.218214988708496,9.225119517993914,9.211309800908127,9.218214988708496,128600,0.0,0.0
2016-08-22 00:00:00-04:00,9.218216161965403,9.225120692129599,9.1975005959277,9.204405784606934,134800,0.0,0.0
2016-08-23 00:00:00-04:00,9.225121277648775,9.245836845001296,9.211311557928841,9.238931655883789,190000,0.0,0.0
2016-08-24 00:00:00-04:00,9.252740127633126,9.349410786694454,9.238930409775788,9.280360221862793,311600,0.0,0.0
2016-08-25 00:00:00-04:00,9.252739769553843,9.363220800711904,9.252739769553843,9.356315612792969,297500,0.0,0.0
2016-08-26 00:00:00-04:00,9.342506843971439,9.418462607115037,9.342506843971439,9.397747039794922,300700,0.0,0.0
2016-08-29 00:00:00-04:00,9.404649591328276,9.432269681493848,9.397744404158159,9.42536449432373,227700,0.0,0.0
2016-08-30 00:00:00-04:00,9.432271738033347,9.432271738033347,9.37012635698239,9.404651641845703,226900,0.0,0.0
2016-08-31 00:00:00-04:00,9.418458215443124,9.452982827848235,9.390838130410172,9.446078300476074,267800,0.0,0.0
2016-09-01 00:00:00-04:00,9.446084193415492,9.459893915289777,9.29417330170727,9.342508316040039,310600,0.0,0.0
2016-09-02 00:00:00-04:00,9.33560048499553,9.363220577497856,9.321790109486892,9.328695297241211,196700,0.0,0.0
2016-09-06 00:00:00-04:00,9.383935852121809,9.383935852121809,9.266550289731331,9.335600852966309,270400,0.0,0.0
2016-09-07 00:00:00-04:00,9.34940991278729,9.370124816894531,9.321789821139326,9.370124816894531,191400,0.0,0.0
2016-09-08 00:00:00-04:00,9.34941057050432,9.370125476068823,9.335600852966309,9.335600852966309,176500,0.0,0.0
2016-09-09 00:00:00-04:00,9.335602258315497,9.335602258315497,9.183691391439396,9.190596580505371,260400,0.0,0.0
2016-09-12 00:00:00-04:00,9.218215503732287,9.280360221862793,9.204405127359959,9.280360221862793,179700,0.0,0.0
2016-09-13 00:00:00-04:00,9.249807427088108,9.29147351865826,9.020645579102416,9.090088844299316,304200,0.076,0.0
2016-09-14 00:00:00-04:00,9.138697425813167,9.159530137489286,9.124809172115741,9.131752967834473,199700,0.0,0.0
2016-09-15 00:00:00-04:00,9.15258553421206,9.180362701416016,9.103974994910208,9.180362701416016,197700,0.0,0.0
2016-09-16 00:00:00-04:00,9.152587931618928,9.208142280578613,9.138699013248969,9.208142280578613,92400,0.0,0.0
2016-09-19 00:00:00-04:00,9.270642741872056,9.305363719468273,9.194255001735906,9.242865562438965,222900,0.0,0.0
2016-09-20 00:00:00-04:00,9.270638767877282,9.277582563063849,9.145641182880313,9.19425106048584,236000,0.0,0.0
2016-09-21 00:00:00-04:00,9.235921397558917,9.26369857788086,9.17342257626949,9.26369857788086,175000,0.0,0.0
2016-09-22 00:00:00-04:00,9.27758326596096,9.340082063194538,9.263695012275699,9.326193809509277,282400,0.0,0.0
2016-09-23 00:00:00-04:00,9.340083336963682,9.340083336963682,9.235919102208793,9.249807357788086,162800,0.0,0.0
2016-09-26 00:00:00-04:00,9.263696033058501,9.270640491796334,9.187308311462402,9.187308311462402,165100,0.0,0.0
2016-09-27 00:00:00-04:00,9.228976936913377,9.277586836911722,9.215088677882513,9.26369857788086,193800,0.0,0.0
2016-09-28 00:00:00-04:00,9.291472737535786,9.353971538506789,9.270640024632119,9.312305450439453,200900,0.0,0.0
2016-09-29 00:00:00-04:00,9.298417907965748,9.298417907965748,9.242863561128466,9.249807357788086,146400,0.0,0.0
2016-09-30 00:00:00-04:00,9.263694008661089,9.326192799123643,9.256749551440828,9.270638465881348,244800,0.0,0.0
2016-10-03 00:00:00-04:00,9.291469241055891,9.333134651184082,9.291469241055891,9.333134651184082,156500,0.0,0.0
2016-10-04 00:00:00-04:00,9.305360239434629,9.319249155087073,9.201196021081087,9.222028732299805,237400,0.0,0.0
2016-10-05 00:00:00-04:00,9.235917288350436,9.242861745906273,9.131752411792618,9.145641326904297,284100,0.0,0.0
2016-10-06 00:00:00-04:00,9.138697425813167,9.159530137489286,9.10397579817966,9.131752967834473,283500,0.0,0.0
2016-10-07 00:00:00-04:00,9.173417787380837,9.208139410222252,9.09703074693762,9.110918998718262,245000,0.0,0.0
2016-10-10 00:00:00-04:00,9.15258749558915,9.15953129218325,9.124810322432616,9.13869857788086,125800,0.0,0.0
2016-10-11 00:00:00-04:00,9.152588214101725,9.152588214101725,9.06925668809028,9.076200485229492,310300,0.0,0.0
2016-10-12 00:00:00-04:00,9.048970633512349,9.090864308937643,9.035005853078124,9.076899528503418,200600,0.071,0.0
2016-10-13 00:00:00-04:00,9.041981579954541,9.069910454363882,9.034999194882984,9.055946350097656,179300,0.0,0.0
2016-10-14 00:00:00-04:00,9.05594933284815,9.076895829085064,9.035002170734128,9.041984558105469,162300,0.0,0.0
2016-10-17 00:00:00-04:00,9.069913428716399,9.069913428716399,8.979144390650369,9.000091552734375,292700,0.0,0.0
2016-10-18 00:00:00-04:00,9.014055661579937,9.021038048941271,8.972162669166142,9.000091552734375,177000,0.0,0.0
2016-10-19 00:00:00-04:00,8.98612679088896,9.04896694547681,8.98612679088896,9.041984558105469,186000,0.0,0.0
2016-10-20 00:00:00-04:00,9.041985096221943,9.062931593705448,9.02103859873844,9.035002708435059,134100,0.0,0.0
2016-10-21 00:00:00-04:00,9.014061796583393,9.035008307046562,9.007079404469817,9.028026580810547,214000,0.0,0.0
2016-10-24 00:00:00-04:00,9.028020986525323,9.055949871795713,9.028020986525323,9.035002708435059,209700,0.0,0.0
2016-10-25 00:00:00-04:00,9.03500449047069,9.062933381249685,9.028022767183902,9.048969268798828,360000,0.0,0.0
2016-10-26 00:00:00-04:00,9.05594933284815,9.05594933284815,9.035002170734128,9.041984558105469,132400,0.0,0.0
2016-10-27 00:00:00-04:00,9.048973091273716,9.055955483387292,9.014061796583393,9.028026580810547,252800,0.0,0.0
2016-10-28 00:00:00-04:00,9.021039962768555,9.028022351611213,9.007075185083234,9.021039962768555,162600,0.0,0.0
2016-10-31 00:00:00-04:00,9.014056740304074,9.035003239017666,8.930270079572518,8.986127853393555,243800,0.0,0.0
2016-11-01 00:00:00-04:00,8.972162367942794,9.007072971823195,8.951215206562049,8.958197593688965,125700,0.0,0.0
2016-11-02 00:00:00-04:00,8.972162475655946,8.979144196989592,8.874411052336868,8.902339935302734,257000,0.0,0.0
2016-11-03 00:00:00-04:00,8.874408317024345,8.923283680680738,8.874408317024345,8.888372421264648,162700,0.0,0.0
2016-11-04 00:00:00-04:00,8.888373673172678,8.937249709590045,8.888373673172678,8.909320831298828,206900,0.0,0.0
2016-11-07 00:00:00-05:00,8.944235629848293,8.965182130374238,8.832519406663009,8.846484184265137,284400,0.0,0.0
2016-11-08 00:00:00-05:00,8.846485962170153,8.902343752050081,8.839503571965817,8.881397247314453,168800,0.0,0.0
2016-11-09 00:00:00-05:00,8.783646173712052,8.85346874711375,8.741753162372962,8.755717277526855,286600,0.0,0.0
2016-11-10 00:00:00-05:00,8.700241470985175,8.721307242872347,8.615977713767665,8.62299919128418,701400,0.071,0.0
2016-11-11 00:00:00-05:00,8.601935386657715,8.644067609736506,8.5176716101691,8.601935386657715,345200,0.0,0.0
2016-11-14 00:00:00-05:00,8.573846230546415,8.58086837832981,8.461494544687575,8.52469253540039,587600,0.0,0.0
2016-11-15 00:00:00-05:00,8.524693055877096,8.615978973628101,8.524693055877096,8.5949125289917,401700,0.0,0.0
2016-11-16 00:00:00-05:00,8.601931744346187,8.672151863187915,8.594909598528279,8.644063949584961,409900,0.0,0.0
2016-11-17 00:00:00-05:00,8.672152292072237,8.672152292072237,8.622997938584609,8.65108585357666,251100,0.0,0.0
2016-11-18 00:00:00-05:00,8.69321828860472,8.69321828860472,8.65810822652782,8.672152519226074,241600,0.0,0.0
2016-11-21 00:00:00-05:00,8.707260238547525,8.707260238547525,8.64406294255485,8.665128707885742,297000,0.0,0.0
2016-11-22 00:00:00-05:00,8.665130372876947,8.70726191163424,8.630020310800049,8.672152519226074,515900,0.0,0.0
2016-11-23 00:00:00-05:00,8.630023711174555,8.665133787085415,8.594913635263696,8.637045860290527,332200,0.0,0.0
2016-11-25 00:00:00-05:00,8.6230011882662,8.700243485855568,8.6230011882662,8.686199188232422,72000,0.0,0.0
2016-11-28 00:00:00-05:00,8.700242932764358,8.735352335252314,8.700242932764358,8.721308708190918,271000,0.0,0.0
2016-11-29 00:00:00-05:00,8.721304598903137,8.75641465451693,8.721304598903137,8.74939250946045,195200,0.0,0.0
2016-11-30 00:00:00-05:00,8.693217989085689,8.735349526391365,8.637042159565643,8.700240135192871,249100,0.0,0.0
2016-12-01 00:00:00-05:00,8.686196142255593,8.700240434953846,8.665130372876947,8.672152519226074,264800,0.0,0.0
2016-12-02 00:00:00-05:00,8.700244062800472,8.76344139728857,8.693221913523233,8.735353469848633,152300,0.0,0.0
2016-12-05 00:00:00-05:00,8.742373627719006,8.791527991793888,8.742373627719006,8.784505844116211,307700,0.0,0.0
2016-12-06 00:00:00-05:00,8.777483332304861,8.833659172058105,8.777483332304861,8.833659172058105,308800,0.0,0.0
2016-12-07 00:00:00-05:00,8.840684654856897,8.94601422671575,8.833662504821218,8.931970596313477,407800,0.0,0.0
2016-12-08 00:00:00-05:00,8.946793361334047,8.946793361334047,8.840872636536243,8.904424667358398,471500,0.071,0.0
2016-12-09 00:00:00-05:00,8.9609198066581,8.975042935424296,8.83381501490157,8.840876579284668,375300,0.0,0.0
2016-12-12 00:00:00-05:00,8.84793590842952,8.87618148754824,8.812628766174184,8.869120597839355,339900,0.0,0.0
2016-12-13 00:00:00-05:00,8.84087422962838,8.87618069530471,8.81262797960305,8.854996681213379,411200,0.0,0.0
2016-12-14 00:00:00-05:00,8.854999253792094,8.911490423399393,8.798508084184798,8.805569648742676,339100,0.0,0.0
2016-12-15 00:00:00-05:00,8.812631268290662,8.83381596371534,8.777324789438701,8.784385681152344,318000,0.0,0.0
2016-12-16 00:00:00-05:00,8.826753056903481,8.840876185039878,8.805569038126702,8.83381462097168,234000,0.0,0.0
2016-12-19 00:00:00-05:00,8.862058243719712,8.869119806226044,8.833812667122048,8.854996681213379,379200,0.0,0.0
2016-12-20 00:00:00-05:00,8.840875018720633,8.890304613821465,8.840875018720633,8.869120597839355,276900,0.0,0.0
2016-12-21 00:00:00-05:00,8.854998982533441,8.883244566471832,8.847937418191883,8.862060546875,331200,0.0,0.0
2016-12-22 00:00:00-05:00,8.862061173307731,8.946797931112693,8.840877152213464,8.939736366271973,374900,0.0,0.0
2016-12-23 00:00:00-05:00,8.953858324816185,8.996226361463112,8.93267363306492,8.975042343139648,286200,0.0,0.0
2016-12-27 00:00:00-05:00,8.975040228494224,9.010347366333008,8.939733090655443,9.010347366333008,242100,0.0,0.0
2016-12-28 00:00:00-05:00,9.060766843606931,9.1388766574119,9.018161059679517,9.082069396972656,513400,0.071,0.0
2016-12-29 00:00:00-05:00,9.096269875571322,9.167278599445897,9.096269875571322,9.153077125549316,305600,0.0,0.0
2016-12-30 00:00:00-05:00,9.167277916970823,9.231186237737253,9.167277916970823,9.209883689880371,465200,0.0,0.0
2017-01-03 00:00:00-05:00,9.181479983592622,9.316397021721537,9.181479983592622,9.30219554901123,879500,0.0,0.0
2017-01-04 00:00:00-05:00,9.302198115603474,9.34480322268545,9.25959233132553,9.309298515319824,1125100,0.0,0.0
2017-01-05 00:00:00-05:00,9.280892340120747,9.337699585451272,9.266690867386007,9.29509449005127,1019800,0.0,0.0
2017-01-06 00:00:00-05:00,9.295094847923277,9.323498471682113,9.238287600405606,9.259590148925781,287700,0.0,0.0
2017-01-09 00:00:00-05:00,9.25248846019363,9.28089208206914,9.216983763550301,9.231185913085938,400100,0.0,0.0
2017-01-10 00:00:00-05:00,9.202782956362226,9.231186580290672,9.181480407714844,9.181480407714844,254400,0.0,0.0
2017-01-11 00:00:00-05:00,9.160180654973027,9.216987924368514,9.160180654973027,9.202786445617676,291700,0.0,0.0
2017-01-12 00:00:00-05:00,9.181482955676017,9.20988658748678,9.181482955676017,9.195684432983398,344900,0.0,0.0
2017-01-13 00:00:00-05:00,9.174375534057617,9.202779146226396,9.16727446171654,9.174375534057617,282300,0.0,0.0
2017-01-17 00:00:00-05:00,9.18858202303808,9.245389955616297,9.167279471568689,9.238288879394531,476300,0.0,0.0
2017-01-18 00:00:00-05:00,9.216984429728543,9.238287655571737,9.181480407714844,9.181480407714844,363200,0.0,0.0
2017-01-19 00:00:00-05:00,9.195682870453659,9.195682870453659,9.145976692529894,9.167279243469238,241000,0.0,0.0
2017-01-20 00:00:00-05:00,9.153077125549316,9.160177523899687,9.124673500560318,9.153077125549316,190800,0.0,0.0
2017-01-23 00:00:00-05:00,9.138874633224269,9.188580805800097,9.12467315985795,9.181480407714844,189300,0.0,0.0
2017-01-24 00:00:00-05:00,9.181482955676017,9.20988658748678,9.174381878424327,9.195684432983398,183000,0.0,0.0
2017-01-25 00:00:00-05:00,9.202782956362226,9.209884031643291,9.145975708505333,9.181480407714844,312500,0.0,0.0
2017-01-26 00:00:00-05:00,9.174379650070488,9.216984748840332,9.124673475773726,9.216984748840332,235100,0.0,0.0
2017-01-27 00:00:00-05:00,9.216985650729237,9.252490354642159,9.216985650729237,9.238288879394531,181100,0.0,0.0
2017-01-30 00:00:00-05:00,9.266692507085688,9.266692507085688,9.224086726951002,9.238288879394531,201400,0.0,0.0
2017-01-31 00:00:00-05:00,9.224087332303583,9.266693115234375,9.216986255615794,9.266693115234375,220600,0.0,0.0
2017-02-01 00:00:00-05:00,9.259592038546586,9.266693115234375,9.245390562366952,9.266693115234375,154700,0.0,0.0
2017-02-02 00:00:00-05:00,9.238288568869859,9.252490043640137,9.20278386615035,9.252490043640137,347000,0.0,0.0
2017-02-03 00:00:00-05:00,9.245392446200256,9.280896482481584,9.238291368065557,9.273796081542969,204000,0.0,0.0
2017-02-06 00:00:00-05:00,9.28089459141401,9.287995668101798,9.245390562366952,9.266693115234375,177900,0.0,0.0
2017-02-07 00:00:00-05:00,9.295094506068805,9.295094506068805,9.266690883354597,9.287993431091309,157500,0.0,0.0
2017-02-08 00:00:00-05:00,9.287993399105146,9.30219554901123,9.259589776488754,9.30219554901123,253200,0.0,0.0
2017-02-09 00:00:00-05:00,9.287994975968209,9.337701154686782,9.273793500846857,9.32349967956543,229600,0.0,0.0
2017-02-10 00:00:00-05:00,9.33059886269269,9.33059886269269,9.316396713256836,9.316396713256836,198500,0.0,0.0
2017-02-13 00:00:00-05:00,9.309971186743802,9.359947808200918,9.288552731959381,9.295692443847656,173000,0.071,0.0
2017-02-14 00:00:00-05:00,9.274273037685033,9.374226958564364,9.274273037685033,9.34566879272461,246900,0.0,0.0
2017-02-15 00:00:00-05:00,9.345671957041713,9.345671957041713,9.217159826810173,9.245718002319336,316300,0.0,0.0
2017-02-16 00:00:00-05:00,9.231436456537407,9.295692502174251,9.231436456537407,9.281413078308105,194600,0.0,0.0
2017-02-17 00:00:00-05:00,9.302832597636462,9.35280990600586,9.281414140266996,9.35280990600586,131700,0.0,0.0
2017-02-21 00:00:00-05:00,9.352811766312639,9.381369942112409,9.259997524743236,9.317113876342773,268900,0.0,0.0
2017-02-22 00:00:00-05:00,9.338529586791992,9.352809010925393,9.29569267615263,9.338529586791992,181400,0.0,0.0
2017-02-23 00:00:00-05:00,9.345667006781458,9.381364877479436,9.338527296465813,9.367085456848145,155800,0.0,0.0
2017-02-24 00:00:00-05:00,9.374227580925634,9.424204204243091,9.374227580925634,9.40992546081543,230400,0.0,0.0
2017-02-27 00:00:00-05:00,9.445624686127008,9.445624686127008,9.409927479459775,9.43134593963623,246100,0.0,0.0
2017-02-28 00:00:00-05:00,9.452762097745468,9.488459976599634,9.424203930838218,9.459901809692383,302100,0.0,0.0
2017-03-01 00:00:00-05:00,9.445622939934646,9.452762652300418,9.274273928438792,9.309971809387207,590300,0.0,0.0
2017-03-02 00:00:00-05:00,9.32425084353901,9.352809010925393,9.309971419405612,9.338529586791992,194300,0.0,0.0
2017-03-03 00:00:00-05:00,9.295693565766962,9.35280990600586,9.295693565766962,9.35280990600586,160700,0.0,0.0
2017-03-06 00:00:00-05:00,9.345671157166583,9.374229330231516,9.281415097550346,9.302833557128906,229200,0.0,0.0
2017-03-07 00:00:00-05:00,9.295695858785662,9.359951246744275,9.288556144274487,9.324254035949707,198700,0.0,0.0
2017-03-08 00:00:00-05:00,9.30997248216286,9.30997248216286,9.195739799577384,9.231437683105469,332600,0.0,0.0
2017-03-09 00:00:00-05:00,9.245714728315447,9.245714728315447,9.117203324471745,9.145761489868164,369100,0.0,0.0
2017-03-10 00:00:00-05:00,9.145762950319172,9.188599864814075,9.110065067653101,9.138623237609863,265000,0.0,0.0
2017-03-13 00:00:00-04:00,9.132164032055549,9.153701962610544,9.053190478889787,9.08908748626709,279200,0.071,0.0
2017-03-14 00:00:00-04:00,9.089083531148782,9.11780098761852,9.038828153496286,9.110621452331543,243100,0.0,0.0
2017-03-15 00:00:00-04:00,9.096265454387543,9.232673237259025,9.096265454387543,9.225494384765625,271000,0.0,0.0
2017-03-16 00:00:00-04:00,9.225494384765625,9.225494384765625,9.175238309241733,9.225494384765625,182800,0.0,0.0
2017-03-17 00:00:00-04:00,9.239848953407728,9.290104323470796,9.218311035477564,9.26138687133789,158500,0.0,0.0
2017-03-20 00:00:00-04:00,9.247027941409073,9.318821225161635,9.247027941409073,9.275745391845703,206000,0.0,0.0
2017-03-21 00:00:00-04:00,9.239851416697991,9.297286336275617,9.189596033237134,9.21113395690918,328200,0.0,0.0
2017-03-22 00:00:00-04:00,9.18241959537988,9.290109934754389,9.18241959537988,9.247034072875977,173600,0.0,0.0
2017-03-23 00:00:00-04:00,9.232673749521108,9.311647293435383,9.2254948966294,9.290108680725098,148400,0.0,0.0
2017-03-24 00:00:00-04:00,9.290107031520751,9.340363100911443,9.282928179903452,9.326004028320312,192300,0.0,0.0
2017-03-27 00:00:00-04:00,9.311644139279348,9.340361595153809,9.311644139279348,9.340361595153809,161700,0.0,0.0
2017-03-28 00:00:00-04:00,9.311645365002802,9.354721212145634,9.311645365002802,9.333183288574219,207600,0.0,0.0
2017-03-29 00:00:00-04:00,9.347542762756348,9.361901150862064,9.326004153580362,9.347542762756348,123900,0.0,0.0
2017-03-30 00:00:00-04:00,9.354719017711567,9.44087137646582,9.354719017711567,9.419333457946777,196500,0.0,0.0
2017-03-31 00:00:00-04:00,9.404977511781164,9.45523289624547,9.397797975521044,9.448053359985352,191300,0.0,0.0
2017-04-03 00:00:00-04:00,9.419335350123685,9.462411880493164,9.419335350123685,9.462411880493164,165000,0.0,0.0
2017-04-04 00:00:00-04:00,9.448056499400142,9.469594430658892,9.440876960754395,9.440876960754395,173000,0.0,0.0
2017-04-05 00:00:00-04:00,9.433698654174805,9.455236586683288,9.41933957605013,9.433698654174805,159200,0.0,0.0
2017-04-06 00:00:00-04:00,9.412155814282402,9.476770267497507,9.412155814282402,9.462411880493164,123700,0.0,0.0
2017-04-07 00:00:00-04:00,9.46959181801037,9.491130428005135,9.46959181801037,9.476771354675293,157100,0.0,0.0
2017-04-10 00:00:00-04:00,9.483951699236657,9.51266916366436,9.476772161960142,9.498310089111328,137700,0.0,0.0
2017-04-11 00:00:00-04:00,9.51346778369331,9.53512191772461,9.484595375527409,9.53512191772461,169700,0.071,0.0
2017-04-12 00:00:00-04:00,9.520685282754862,9.54234010496147,9.506249422989628,9.52790355682373,121100,0.0,0.0
2017-04-13 00:00:00-04:00,9.53512009765047,9.563992500305176,9.520683552136928,9.563992500305176,89200,0.0,0.0
2017-04-17 00:00:00-04:00,9.563995116404794,9.578431665867255,9.491813745837618,9.499032020568848,120000,0.0,0.0
2017-04-18 00:00:00-04:00,9.491812870075165,9.571212508047761,9.491812870075165,9.54955768585205,167900,0.0,0.0
2017-04-19 00:00:00-04:00,9.556776128285021,9.585648536682129,9.542340268272726,9.585648536682129,191900,0.0,0.0
2017-04-20 00:00:00-04:00,9.556774227548404,9.571210773061946,9.53512009765047,9.563992500305176,136300,0.0,0.0
2017-04-21 00:00:00-04:00,9.549560727640163,9.556779004004612,9.527906586919539,9.542343139648438,73000,0.0,0.0
2017-04-24 00:00:00-04:00,9.549556042736317,9.571210861206055,9.527901912638962,9.571210861206055,108500,0.0,0.0
2017-04-25 00:00:00-04:00,9.571212676669832,9.60008508506694,9.571212676669832,9.585648536682129,178700,0.0,0.0
2017-04-26 00:00:00-04:00,9.57843008520105,9.614520076156376,9.56399353812096,9.592865943908691,145700,0.0,0.0
2017-04-27 00:00:00-04:00,9.607304573059082,9.621740434895225,9.592868022850338,9.607304573059082,162600,0.0,0.0
2017-04-28 00:00:00-04:00,9.621735756659971,9.67948055267334,9.592863358653288,9.67948055267334,194200,0.0,0.0
2017-05-01 00:00:00-04:00,9.665044697856132,9.701134679085285,9.657826426261394,9.67948055267334,153700,0.0,0.0
2017-05-02 00:00:00-04:00,9.686703455324677,9.701139317043436,9.571213808084204,9.578432083129883,201300,0.0,0.0
2017-05-03 00:00:00-04:00,9.578431982182796,9.614521980285645,9.54234129570736,9.614521980285645,207500,0.0,0.0
2017-05-04 00:00:00-04:00,9.614521285968962,9.650611969838094,9.600085425444831,9.636176109313965,207500,0.0,0.0
2017-05-05 00:00:00-04:00,9.643397400652603,9.701142241681382,9.643397400652603,9.672269821166992,241300,0.0,0.0
2017-05-08 00:00:00-04:00,9.665048518734764,9.679484379258893,9.621739560417296,9.636176109313965,137000,0.0,0.0
2017-05-09 00:00:00-04:00,9.636175767656452,9.636175767656452,9.578430950862238,9.585648536682129,175900,0.0,0.0
2017-05-10 00:00:00-04:00,9.585646718480161,9.607301536949901,9.556774315559561,9.571210861206055,132800,0.0,0.0
2017-05-11 00:00:00-04:00,9.571938420654785,9.65902262688003,9.564681980201224,9.644508361816406,158700,0.071,0.0
2017-05-12 00:00:00-04:00,9.629993108438326,9.666277380609435,9.586451012923613,9.622735977172852,143600,0.0,0.0
2017-05-15 00:00:00-04:00,9.622738280016769,9.644508986945068,9.622738280016769,9.637251853942871,127100,0.0,0.0
2017-05-16 00:00:00-04:00,9.64450856219775,9.702564239501953,9.629994988910832,9.702564239501953,125000,0.0,0.0
2017-05-17 00:00:00-04:00,9.680792184734774,9.702562887671032,9.644507218455564,9.68804931640625,136900,0.0,0.0
2017-05-18 00:00:00-04:00,9.680790570097306,9.68804770055838,9.644505609869983,9.67353343963623,151800,0.0,0.0
2017-05-19 00:00:00-04:00,9.64450806661842,9.738848710409657,9.622737361767589,9.659022331237793,194600,0.0,0.0
2017-05-22 00:00:00-04:00,9.680792184734774,9.753361425215026,9.666277921391822,9.68804931640625,139700,0.0,0.0
2017-05-23 00:00:00-04:00,9.680793238693743,9.724334649306664,9.680793238693743,9.71707820892334,248000,0.0,0.0
2017-05-24 00:00:00-04:00,9.724334649306664,9.724334649306664,9.702563944000204,9.71707820892334,153000,0.0,0.0
2017-05-25 00:00:00-04:00,9.724332294720757,9.782387956199596,9.724332294720757,9.76061725616455,190500,0.0,0.0
2017-05-26 00:00:00-04:00,9.775131625516385,9.789645195007324,9.75336023316285,9.789645195007324,248500,0.0,0.0
2017-05-30 00:00:00-04:00,9.767874386868924,9.78964508690397,9.73158942542513,9.76061725616455,285400,0.0,0.0
2017-05-31 00:00:00-04:00,9.738847836830013,9.775132803045436,9.731590705171294,9.767875671386719,227400,0.0,0.0
2017-06-01 00:00:00-04:00,9.760618539728,9.775132803045436,9.753361408069281,9.767875671386719,156100,0.0,0.0
2017-06-02 00:00:00-04:00,9.775132614136679,9.811417579650879,9.753361219581265,9.811417579650879,169200,0.0,0.0
2017-06-05 00:00:00-04:00,9.811417579650879,9.811417579650879,9.775132614136679,9.811417579650879,135500,0.0,0.0
2017-06-06 00:00:00-04:00,9.804159564199837,9.833187395578449,9.775131732821226,9.818673133850098,144900,0.0,0.0
2017-06-07 00:00:00-04:00,9.818674191860683,9.847702026367188,9.78964635735418,9.847702026367188,181400,0.0,0.0
2017-06-08 00:00:00-04:00,9.825928180220409,9.862213134765625,9.811414613649088,9.862213134765625,208700,0.0,0.0
2017-06-09 00:00:00-04:00,9.85495971471026,9.86947397882249,9.818674746507886,9.833189010620117,137000,0.0,0.0
2017-06-12 00:00:00-04:00,9.818673651288773,9.833187913782018,9.782388687133789,9.782388687133789,99700,0.0,0.0
2017-06-13 00:00:00-04:00,9.805005129105275,9.826891802886516,9.775823593139648,9.775823593139648,297100,0.071,0.0
2017-06-14 00:00:00-04:00,9.790414754487154,9.863368942611565,9.790414754487154,9.819596290588379,178500,0.0,0.0
2017-06-15 00:00:00-04:00,9.812300895299613,9.84148243188462,9.73934740170845,9.768528938293457,250400,0.0,0.0
2017-06-16 00:00:00-04:00,9.761232219378561,9.83418570429389,9.761232219378561,9.812299728393555,121600,0.0,0.0
2017-06-19 00:00:00-04:00,9.826893769589006,9.84148419262052,9.753939567202925,9.783121109008789,154000,0.0,0.0
2017-06-20 00:00:00-04:00,9.775822638064575,9.812299728393555,9.768527776592883,9.812299728393555,114500,0.0,0.0
2017-06-21 00:00:00-04:00,9.81230270005782,9.841484242010134,9.783121158105509,9.790416717529297,176200,0.0,0.0
2017-06-22 00:00:00-04:00,9.812300631433105,9.870663703033655,9.790414653518573,9.805005073547363,151000,0.0,0.0
2017-06-23 00:00:00-04:00,9.797706604003906,9.819592573860282,9.775819938405093,9.797706604003906,108500,0.0,0.0
2017-06-26 00:00:00-04:00,9.826893818905397,9.848779801433922,9.761235175576983,9.790416717529297,186200,0.0,0.0
2017-06-27 00:00:00-04:00,9.790411048804302,9.819592573860282,9.783115493604697,9.797706604003906,138000,0.0,0.0
2017-06-28 00:00:00-04:00,9.805006018946761,9.870664654763864,9.7612340588972,9.841483116149902,231800,0.0,0.0
2017-06-29 00:00:00-04:00,9.834187893487995,9.834187893487995,9.6955757542725,9.739348411560059,217700,0.0,0.0
2017-06-30 00:00:00-04:00,9.768527776592883,9.83418570429389,9.732050686263904,9.812299728393555,167800,0.0,0.0
2017-07-03 00:00:00-04:00,9.834187683368079,9.834187683368079,9.739348203466509,9.74664306640625,115000,0.0,0.0
2017-07-05 00:00:00-04:00,9.739348203466509,9.761234183771274,9.69557554711421,9.74664306640625,109300,0.0,0.0
2017-07-06 00:00:00-04:00,9.72475814819336,9.78312123254205,9.710167724977609,9.72475814819336,200600,0.0,0.0
2017-07-07 00:00:00-04:00,9.724756079135478,9.797710266920891,9.695574543169853,9.775823593139648,159600,0.0,0.0
2017-07-10 00:00:00-04:00,9.768527776592883,9.83418570429389,9.761232219378561,9.812299728393555,131400,0.0,0.0
2017-07-11 00:00:00-04:00,9.79041470899381,9.805005129105275,9.73934719498964,9.775823593139648,129100,0.0,0.0
2017-07-12 00:00:00-04:00,9.77655900209728,9.886572515169048,9.77655900209728,9.871904373168945,184100,0.071,0.0
2017-07-13 00:00:00-04:00,9.86457258698725,9.86457258698725,9.813233027102292,9.835235595703125,150900,0.0,0.0
2017-07-14 00:00:00-04:00,9.842565536499023,9.864568095080823,9.842565536499023,9.842565536499023,166100,0.0,0.0
2017-07-17 00:00:00-04:00,9.849899570531923,9.893904685974121,9.849899570531923,9.893904685974121,211800,0.0,0.0
2017-07-18 00:00:00-04:00,9.886570023540864,9.886570023540864,9.835230490305886,9.857233047485352,190200,0.0,0.0
2017-07-19 00:00:00-04:00,9.871898358211178,9.871898358211178,9.857229525699953,9.864563941955566,176800,0.0,0.0
2017-07-20 00:00:00-04:00,9.864570240459182,9.893907224764792,9.842567677092193,9.879239082336426,129800,0.0,0.0
2017-07-21 00:00:00-04:00,9.879238163347729,9.893906304411631,9.879238163347729,9.886571884155273,89100,0.0,0.0
2017-07-24 00:00:00-04:00,9.886572515169048,9.886572515169048,9.849901810444363,9.871904373168945,140200,0.0,0.0
2017-07-25 00:00:00-04:00,9.857233675737314,9.871902514424333,9.827896697812006,9.842565536499023,201000,0.0,0.0
2017-07-26 00:00:00-04:00,9.835226976381547,9.864563941955566,9.835226976381547,9.864563941955566,115400,0.0,0.0
2017-07-27 00:00:00-04:00,9.849895808892773,9.864563941955566,9.849895808892773,9.864563941955566,129400,0.0,0.0
2017-07-28 00:00:00-04:00,9.864563941955566,9.864563941955566,9.849895808892773,9.864563941955566,158800,0.0,0.0
2017-07-31 00:00:00-04:00,9.87923654730962,9.893904685974121,9.864567709196422,9.893904685974121,236600,0.0,0.0
2017-08-01 00:00:00-04:00,9.871903743091371,9.90124072466799,9.842566761514751,9.886571884155273,205100,0.0,0.0
2017-08-02 00:00:00-04:00,9.901241302490234,9.915910143859003,9.864569898517168,9.901241302490234,267900,0.0,0.0
2017-08-03 00:00:00-04:00,9.90123863976711,9.967247009277344,9.886569802343207,9.967247009277344,113200,0.0,0.0
2017-08-04 00:00:00-04:00,9.95258050492031,9.95258050492031,9.893906540367777,9.923243522644043,113400,0.0,0.0
2017-08-07 00:00:00-04:00,9.937908172607422,9.952576307835464,9.923239337930845,9.937908172607422,151000,0.0,0.0
2017-08-08 00:00:00-04:00,9.930577943075317,9.937912363506591,9.908575381230325,9.923243522644043,186200,0.0,0.0
2017-08-09 00:00:00-04:00,9.908573440807292,9.923241579348508,9.893904602817383,9.915907859802246,166400,0.0,0.0
2017-08-10 00:00:00-04:00,9.915911944605496,9.915911944605496,9.747223735474858,9.80589771270752,530300,0.0,0.0
2017-08-11 00:00:00-04:00,9.799257998158907,9.821378022545995,9.74027079767141,9.791884422302246,193700,0.071,0.0
2017-08-14 00:00:00-04:00,9.814008481313783,9.872995701824951,9.777141292698518,9.806634902954102,169400,0.0,0.0
2017-08-15 00:00:00-04:00,9.799261324594422,9.821381356490326,9.784514871058198,9.806634902954102,158900,0.0,0.0
2017-08-16 00:00:00-04:00,9.784511783234201,9.806631808149405,9.762391055136083,9.7992582321167,158000,0.0,0.0
2017-08-17 00:00:00-04:00,9.784513962906752,9.799260415074283,9.755019652205553,9.769766807556152,160400,0.0,0.0
2017-08-18 00:00:00-04:00,9.77713699090927,9.850870632514999,9.769763415793848,9.828750610351562,127500,0.0,0.0
2017-08-21 00:00:00-04:00,9.821377035236143,9.850870632514999,9.814004163303547,9.828750610351562,86400,0.0,0.0
2017-08-22 00:00:00-04:00,9.85087277777405,9.917233561898804,9.836126327514648,9.836126327514648,188300,0.0,0.0
2017-08-23 00:00:00-04:00,9.828754822703383,9.887742042541504,9.828754822703383,9.887742042541504,125800,0.0,0.0
2017-08-24 00:00:00-04:00,9.887738947671712,9.895112523639325,9.872992498919396,9.880365371704102,138600,0.0,0.0
2017-08-25 00:00:00-04:00,9.88774087453862,9.902488029347685,9.84350081647751,9.872994422912598,211900,0.0,0.0
2017-08-28 00:00:00-04:00,9.865620845508065,9.880367297134086,9.84350081647751,9.872994422912598,113900,0.0,0.0
2017-08-29 00:00:00-04:00,9.858244130898408,9.909857749938965,9.858244130898408,9.909857749938965,117800,0.0,0.0
2017-08-30 00:00:00-04:00,9.887736791405269,9.917230385661,9.887736791405269,9.902483940124512,85900,0.0,0.0
2017-08-31 00:00:00-04:00,9.924603226219222,9.93197680003366,9.909856078590348,9.917229652404785,147200,0.0,0.0
2017-09-01 00:00:00-04:00,9.917233196396442,9.976220401626017,9.917233196396442,9.94672679901123,107400,0.0,0.0
2017-09-05 00:00:00-04:00,9.92460396002062,9.946723979916731,9.87299034586878,9.902483940124512,156000,0.0,0.0
2017-09-06 00:00:00-04:00,9.909860529513104,9.99096847153539,9.909860529513104,9.98359489440918,130600,0.0,0.0
2017-09-07 00:00:00-04:00,9.968847041054815,9.983593490049884,9.946726312787831,9.96147346496582,139300,0.0,0.0
2017-09-08 00:00:00-04:00,9.924603226219222,9.939349670665393,9.917229652404785,9.917229652404785,91900,0.0,0.0
2017-09-11 00:00:00-04:00,9.924609415666646,9.93198299407959,9.924609415666646,9.93198299407959,107700,0.0,0.0
2017-09-12 00:00:00-04:00,9.93197847511305,9.939351346988257,9.909857749938965,9.909857749938965,160100,0.0,0.0
2017-09-13 00:00:00-04:00,9.931980349295312,9.94672679901123,9.887739593781655,9.94672679901123,119600,0.0,0.0
2017-09-14 00:00:00-04:00,9.954880788076576,9.969705261234143,9.910405954796891,9.962292671203613,85900,0.071,0.0
2017-09-15 00:00:00-04:00,9.947468124440823,9.98453036741574,9.93264294448946,9.954880714416504,94800,0.0,0.0
2017-09-18 00:00:00-04:00,9.95488245520176,10.006769180297852,9.95488245520176,10.006769180297852,126500,0.0,0.0
2017-09-19 00:00:00-04:00,10.006766868885803,10.006766868885803,9.969704627990723,9.969704627990723,126700,0.0,0.0
2017-09-20 00:00:00-04:00,9.969706930841953,10.006769180297852,9.969706930841953,10.006769180297852,115400,0.0,0.0
2017-09-21 00:00:00-04:00,10.006769180297852,10.021594362841657,9.984532113385757,10.006769180297852,107800,0.0,0.0
2017-09-22 00:00:00-04:00,10.00676790649043,10.02159308714707,9.969705661752354,9.99935531616211,143000,0.0,0.0
2017-09-25 00:00:00-04:00,9.984532506553284,10.05124441682014,9.969707323425698,10.043831825256348,779700,0.0,0.0
2017-09-26 00:00:00-04:00,10.021590308266667,10.058651835824454,10.006765131720892,10.02900218963623,93100,0.0,0.0
2017-09-27 00:00:00-04:00,10.036414777909117,10.043827366182006,9.999352543448005,10.02900218963623,103900,0.0,0.0
2017-09-28 00:00:00-04:00,10.021589910366272,10.036414379420126,9.999352146430544,10.014177322387695,145700,0.0,0.0
2017-09-29 00:00:00-04:00,10.029005130274351,10.05865478515625,10.021593246731525,10.05865478515625,145600,0.0,0.0
2017-10-02 00:00:00-04:00,10.080894543984463,10.110544204711914,10.029007107533673,10.110544204711914,157900,0.0,0.0
2017-10-03 00:00:00-04:00,10.103128588711087,10.125365650874704,10.043829285005797,10.051241874694824,160700,0.0,0.0
2017-10-04 00:00:00-04:00,10.095719020896352,10.110544204711914,10.058656768261121,10.110544204711914,219800,0.0,0.0
2017-10-05 00:00:00-04:00,10.088301954633687,10.103127131873999,9.96970336432463,9.984528541564941,178300,0.0,0.0
2017-10-06 00:00:00-04:00,9.984528541564941,10.021590777762361,9.962290775704474,9.984528541564941,142600,0.0,0.0
2017-10-09 00:00:00-04:00,9.977117455999066,9.977117455999066,9.917818151911089,9.947467803955078,248200,0.0,0.0
2017-10-10 00:00:00-04:00,9.977119836941338,9.999356904555123,9.962294653929725,9.991944313049316,167600,0.0,0.0
2017-10-11 00:00:00-04:00,9.991942725833791,9.99935531616211,9.969705661752354,9.99935531616211,190400,0.0,0.0
2017-10-12 00:00:00-04:00,9.977119445800781,9.99935651254279,9.954882379058773,9.977119445800781,197400,0.0,0.0
2017-10-13 00:00:00-04:00,10.00468272793453,10.027031037947884,9.989783380965648,10.012131690979004,198600,0.067,0.0
2017-10-16 00:00:00-04:00,10.012129693479244,10.034478709473758,10.012129693479244,10.027029037475586,89000,0.0,0.0
2017-10-17 00:00:00-04:00,10.03448123523612,10.064279220289382,10.03448123523612,10.041930198669434,116900,0.0,0.0
2017-10-18 00:00:00-04:00,10.056826070278808,10.064275741577148,10.027028095525202,10.064275741577148,108700,0.0,0.0
2017-10-19 00:00:00-04:00,10.04937987254275,10.056829546416065,10.027031561362802,10.041930198669434,120300,0.0,0.0
2017-10-20 00:00:00-04:00,10.034480094909668,10.049378730523204,10.019580748856209,10.034480094909668,96800,0.0,0.0
2017-10-23 00:00:00-04:00,10.027029037475586,10.079175320583138,10.019579365477414,10.027029037475586,156300,0.0,0.0
2017-10-24 00:00:00-04:00,10.027027549241017,10.034477220133493,9.989779905218366,9.99722957611084,128400,0.0,0.0
2017-10-25 00:00:00-04:00,9.97488517359793,10.04193010652255,9.9450871888181,9.98233413696289,315600,0.0,0.0
2017-10-26 00:00:00-04:00,9.98232968313306,9.98232968313306,9.922733740163405,9.930183410644531,206900,0.0,0.0
2017-10-27 00:00:00-04:00,9.937635088391934,9.967433065895547,9.937635088391934,9.952533721923828,114400,0.0,0.0
2017-10-30 00:00:00-04:00,9.945082751606785,9.95998138212936,9.930183410644531,9.930183410644531,128000,0.0,0.0
2017-10-31 00:00:00-04:00,9.959983393909686,9.98233169942744,9.937635088391934,9.952533721923828,178300,0.0,0.0
2017-11-01 00:00:00-04:00,9.96743393448391,10.012130549414396,9.96743393448391,10.004681587219238,149100,0.0,0.0
2017-11-02 00:00:00-04:00,9.989784756477295,10.056830406188965,9.97488611789696,10.056830406188965,218400,0.0,0.0
2017-11-03 00:00:00-04:00,10.02702989468448,10.041928529514681,9.989782241949152,10.004681587219238,149400,0.0,0.0
2017-11-06 00:00:00-05:00,10.02703241858823,10.056830406188965,10.012133069567831,10.056830406188965,105400,0.0,0.0
2017-11-07 00:00:00-05:00,10.034477220133493,10.056825522371195,9.982330234325891,9.99722957611084,155900,0.0,0.0
2017-11-08 00:00:00-05:00,9.997233914848243,10.01213255265939,9.989784240722656,9.989784240722656,141600,0.0,0.0
2017-11-09 00:00:00-05:00,9.967435219458986,9.982333856209879,9.915288925170898,9.915288925170898,228200,0.0,0.0
2017-11-10 00:00:00-05:00,9.907838914249519,9.937636897176768,9.878040931322271,9.892939567565918,84000,0.0,0.0
2017-11-13 00:00:00-05:00,9.863141056373692,9.870590729316492,9.818444439596725,9.82589340209961,197600,0.0,0.0
2017-11-14 00:00:00-05:00,9.801183322122172,9.85359583804786,9.801183322122172,9.838621139526367,189800,0.067,0.0
2017-11-15 00:00:00-05:00,9.823644707005746,9.846107109489331,9.756256785488088,9.778719902038574,365800,0.0,0.0
2017-11-16 00:00:00-05:00,9.801183322122172,9.861083544342094,9.801183322122172,9.838621139526367,203200,0.0,0.0
2017-11-17 00:00:00-05:00,9.83862355176138,9.96591173370399,9.83862355176138,9.950936317443848,257800,0.0,0.0
2017-11-20 00:00:00-05:00,9.935961981346809,9.973399095242256,9.868574033827521,9.883548736572266,198800,0.0,0.0
2017-11-21 00:00:00-05:00,9.89103466995193,9.920984784133802,9.87605925582747,9.89852237701416,188300,0.0,0.0
2017-11-22 00:00:00-05:00,9.891034155564173,9.935959681534133,9.891034155564173,9.920984268188477,130600,0.0,0.0
2017-11-24 00:00:00-05:00,9.913498490860642,9.950936317443848,9.913498490860642,9.950936317443848,68300,0.0,0.0
2017-11-27 00:00:00-05:00,9.958424025573919,9.980886435896982,9.935961615250855,9.950936317443848,118000,0.0,0.0
2017-11-28 00:00:00-05:00,9.980887805781636,9.980887805781636,9.928475269811775,9.943449974060059,196000,0.0,0.0
2017-11-29 00:00:00-05:00,9.92098656453489,9.943448975685593,9.876061028166305,9.883548736572266,202800,0.0,0.0
2017-11-30 00:00:00-05:00,9.913496971130371,9.928472385094796,9.891034564250775,9.913496971130371,218900,0.0,0.0
2017-12-01 00:00:00-05:00,9.91349710475462,9.950934926103267,9.90600939767148,9.928472518920898,141000,0.0,0.0
2017-12-04 00:00:00-05:00,9.91349710475462,9.950934926103267,9.91349710475462,9.928472518920898,145000,0.0,0.0
2017-12-05 00:00:00-05:00,9.92098756065401,9.950937683217823,9.906012142338481,9.943449974060059,134000,0.0,0.0
2017-12-06 00:00:00-05:00,9.943444866886596,10.010832786560059,9.943444866886596,10.010832786560059,195600,0.0,0.0
2017-12-07 00:00:00-05:00,9.96591173370399,9.988374144027054,9.943448609313776,9.950936317443848,152700,0.0,0.0
2017-12-08 00:00:00-05:00,9.943448609313776,9.958424025573919,9.943448609313776,9.950936317443848,122600,0.0,0.0
2017-12-11 00:00:00-05:00,9.971257311174098,9.993833541870117,9.971257311174098,9.993833541870117,152400,0.067,0.0
2017-12-12 00:00:00-05:00,9.971252038505732,10.008879548225783,9.956200747543688,9.986303329467773,205700,0.0,0.0
2017-12-13 00:00:00-05:00,9.978777683986753,9.986303329467773,9.971252038505732,9.986303329467773,224800,0.0,0.0
2017-12-14 00:00:00-05:00,9.978777683986753,9.99382825726374,9.978777683986753,9.986303329467773,190200,0.0,0.0
2017-12-15 00:00:00-05:00,9.993830737804492,10.159391391055031,9.978780160791842,10.10671329498291,282000,0.0,0.0
2017-12-18 00:00:00-05:00,10.099187743435612,10.166917134848104,10.061560224019203,10.076611518859863,247800,0.0,0.0
2017-12-19 00:00:00-05:00,10.084139829933706,10.084139829933706,10.016411133496172,10.031461715698242,281700,0.0,0.0
2017-12-20 00:00:00-05:00,10.031461715698242,10.038987365642017,10.016411133496172,10.031461715698242,200900,0.0,0.0
2017-12-21 00:00:00-05:00,10.016405193706804,10.054031985741801,9.978777683986753,9.986303329467773,269500,0.0,0.0
2017-12-22 00:00:00-05:00,9.986303329467773,10.016405193706804,9.971252038505732,9.986303329467773,270300,0.0,0.0
2017-12-26 00:00:00-05:00,9.971252038505732,10.016405193706804,9.971252038505732,9.986303329467773,222000,0.0,0.0
2017-12-27 00:00:00-05:00,9.986308610095067,10.023935422026621,9.986308610095067,9.993833541870117,198700,0.0,0.0
2017-12-28 00:00:00-05:00,9.991562544931433,10.059635379983554,9.983998736297977,10.052071571350098,254600,0.067,0.0
2017-12-29 00:00:00-05:00,10.036939993112611,10.07475757598877,10.029376188007717,10.07475757598877,278000,0.0,0.0
2018-01-02 00:00:00-05:00,10.05963479846615,10.05963479846615,9.923489136232082,9.938616752624512,852300,0.0,0.0
2018-01-03 00:00:00-05:00,9.953740369241666,10.036940789347513,9.946176563536731,10.029376983642578,847500,0.0,0.0
2018-01-04 00:00:00-05:00,9.99156100789908,10.10501523464994,9.99156100789908,10.014251708984375,738600,0.0,0.0
2018-01-05 00:00:00-05:00,10.021819178319076,10.052073697928941,10.021819178319076,10.044509887695312,254400,0.0,0.0
2018-01-08 00:00:00-05:00,10.021819178319076,10.074764407305178,10.021819178319076,10.044509887695312,186500,0.0,0.0
2018-01-09 00:00:00-05:00,10.044504613257867,10.059632225781511,10.01425010953485,10.036941528320312,246100,0.0,0.0
2018-01-10 00:00:00-05:00,10.021816548979249,10.021816548979249,9.938616822211698,9.961307525634766,359900,0.0,0.0
2018-01-11 00:00:00-05:00,9.938619162271106,9.984000579802348,9.931055352241023,9.946182250976562,395800,0.0,0.0
2018-01-12 00:00:00-05:00,9.938611932231554,9.9991209258045,9.938611932231554,9.991557121276855,148000,0.0,0.0
2018-01-16 00:00:00-05:00,9.968870667548096,9.99156136945448,9.953743052060902,9.976433753967285,233600,0.0,0.0
2018-01-17 00:00:00-05:00,10.006687901514482,10.05963383247935,9.961306499343891,10.014251708984375,285700,0.0,0.0
2018-01-18 00:00:00-05:00,10.006686274641124,10.006686274641124,9.953741073608398,9.953741073608398,212200,0.0,0.0
2018-01-19 00:00:00-05:00,9.976432128029641,9.976432128029641,9.915923118591309,9.915923118591309,196500,0.0,0.0
2018-01-22 00:00:00-05:00,9.9461800570199,9.9461800570199,9.908362457860653,9.931053161621094,164500,0.0,0.0
2018-01-23 00:00:00-05:00,9.915923118591309,9.961305236332203,9.908360033404735,9.915923118591309,237500,0.0,0.0
2018-01-24 00:00:00-05:00,9.908360033404735,9.961305236332203,9.908360033404735,9.915923118591309,202000,0.0,0.0
2018-01-25 00:00:00-05:00,9.915923118591309,9.961305236332203,9.90079622689387,9.915923118591309,305300,0.0,0.0
2018-01-26 00:00:00-05:00,9.915923118591309,9.946177623310474,9.893232420383008,9.915923118591309,199400,0.0,0.0
2018-01-29 00:00:00-05:00,9.923486031884957,9.94617672805086,9.847850137557208,9.862977027893066,279400,0.0,0.0
2018-01-30 00:00:00-05:00,9.855416227988966,9.855416227988966,9.794907205541676,9.832725524902344,253000,0.0,0.0
2018-01-31 00:00:00-05:00,9.81003475189209,9.847853070983197,9.81003475189209,9.81003475189209,188700,0.0,0.0
2018-02-01 00:00:00-05:00,9.8175979862135,9.86298011406983,9.651198533830676,9.779780387878418,442300,0.0,0.0
2018-02-02 00:00:00-05:00,9.711703300476074,9.75708468711897,9.704139495594212,9.711703300476074,324000,0.0,0.0
2018-02-05 00:00:00-05:00,9.651199710071868,9.719272549490523,9.56799925241594,9.613381385803223,416600,0.0,0.0
2018-02-06 00:00:00-05:00,9.530181069924351,9.673889827816572,9.507489643948347,9.65876293182373,420100,0.0,0.0
2018-02-07 00:00:00-05:00,9.636071858009092,9.719272313646108,9.628508049073996,9.69658088684082,226500,0.0,0.0
2018-02-08 00:00:00-05:00,9.696577415200935,9.711705027655029,9.567995594638193,9.583123207092285,346400,0.0,0.0
2018-02-09 00:00:00-05:00,9.58312285369304,9.66632255514959,9.522613848756597,9.620941162109375,549300,0.0,0.0
2018-02-12 00:00:00-05:00,9.620944526866806,9.68901736155865,9.590690013817598,9.628507614135742,198200,0.0,0.0
2018-02-13 00:00:00-05:00,9.636068052681368,9.651195664577596,9.61337735616126,9.620941162109375,168600,0.0,0.0
2018-02-14 00:00:00-05:00,9.618663278022686,9.649077995477256,9.595852421217772,9.61106014251709,213800,0.067,0.0
2018-02-15 00:00:00-05:00,9.618663787841797,9.63387150994717,9.57304207181388,9.618663787841797,267000,0.0,0.0
2018-02-16 00:00:00-05:00,9.618660373788323,9.694697507038319,9.6110572405784,9.66428279876709,155800,0.0,0.0
2018-02-20 00:00:00-05:00,9.656682891415983,9.679493750666436,9.626268170700662,9.633872032165527,222600,0.0,0.0
2018-02-21 00:00:00-05:00,9.641474723815918,9.702304157866033,9.618663142189085,9.641474723815918,229500,0.0,0.0
2018-02-22 00:00:00-05:00,9.641471209370716,9.709904479018267,9.641471209370716,9.656678199768066,173700,0.0,0.0
2018-02-23 00:00:00-05:00,9.664282057538637,9.709904479018267,9.656678199768066,9.656678199768066,202400,0.0,0.0
2018-02-26 00:00:00-05:00,9.68709659576416,9.717511313288378,9.656681878239944,9.68709659576416,281300,0.0,0.0
2018-02-27 00:00:00-05:00,9.664283097382933,9.687093948005224,9.656679238794213,9.679490089416504,193600,0.0,0.0
2018-02-28 00:00:00-05:00,9.664282057538637,9.717507611645047,9.656678199768066,9.656678199768066,201500,0.0,0.0
2018-03-01 00:00:00-05:00,9.664285580298698,9.694700297323756,9.626267002731364,9.641474723815918,134200,0.0,0.0
2018-03-02 00:00:00-05:00,9.603453849568531,9.633868559319867,9.595849990844727,9.595849990844727,196400,0.0,0.0
2018-03-05 00:00:00-05:00,9.603457311450207,9.656682891415983,9.603457311450207,9.633872032165527,152100,0.0,0.0
2018-03-06 00:00:00-05:00,9.649079029951116,9.656682891415983,9.626268170700662,9.633872032165527,102600,0.0,0.0
2018-03-07 00:00:00-05:00,9.64147224676064,9.687093948005224,9.64147224676064,9.679490089416504,156900,0.0,0.0
2018-03-08 00:00:00-05:00,9.664286752880848,9.679493750666436,9.618664309235797,9.633872032165527,119900,0.0,0.0
2018-03-09 00:00:00-05:00,9.649079029951116,9.656682891415983,9.626268170700662,9.633872032165527,141500,0.0,0.0
2018-03-12 00:00:00-04:00,9.649075082059554,9.68709364868455,9.64147194884963,9.66428279876709,125600,0.0,0.0
2018-03-13 00:00:00-04:00,9.679492131092635,9.679492131092635,9.633870420225156,9.649077415466309,174900,0.0,0.0
2018-03-14 00:00:00-04:00,9.646785736083984,9.669717669422903,9.639141515306672,9.646785736083984,131900,0.067,0.0
2018-03-15 00:00:00-04:00,9.646782439906106,9.662070876236875,9.600918588899338,9.639138221740723,212100,0.0,0.0
2018-03-16 00:00:00-04:00,9.63149512491275,9.639138614396728,9.593274761521668,9.608562469482422,233500,0.0,0.0
2018-03-19 00:00:00-04:00,9.60856536119044,9.646785736083984,9.60856536119044,9.646785736083984,163200,0.0,0.0
2018-03-20 00:00:00-04:00,9.639138138508276,9.662070792806409,9.631494649401661,9.654426574707031,164500,0.0,0.0
2018-03-21 00:00:00-04:00,9.646782312393025,9.662070748521709,9.593274243928153,9.616206169128418,182400,0.0,0.0
2018-03-22 00:00:00-04:00,9.593274761521668,9.63149512491275,9.593274761521668,9.608562469482422,187600,0.0,0.0
2018-03-23 00:00:00-04:00,9.593275504441985,9.623851651724161,9.593275504441985,9.600919723510742,137700,0.0,0.0
2018-03-26 00:00:00-04:00,9.616206169128418,9.62385038719276,9.58563002586381,9.616206169128418,268700,0.0,0.0
2018-03-27 00:00:00-04:00,9.608564689031232,9.631497349758932,9.593276977539062,9.593276977539062,161600,0.0,0.0
2018-03-28 00:00:00-04:00,9.593274370733953,9.654426658071491,9.593274370733953,9.639138221740723,121000,0.0,0.0
2018-03-29 00:00:00-04:00,9.631496157227074,9.715580382505456,9.631496157227074,9.685004234313965,302900,0.0,0.0
2018-04-02 00:00:00-04:00,9.700293943189669,9.700293943189669,9.669717788696289,9.669717788696289,152000,0.0,0.0
2018-04-03 00:00:00-04:00,9.66207282424775,9.692648974081102,9.66207282424775,9.677360534667969,107700,0.0,0.0
2018-04-04 00:00:00-04:00,9.662074296817712,9.685006230439493,9.662074296817712,9.669717788696289,102800,0.0,0.0
2018-04-05 00:00:00-04:00,9.654427403041938,9.677359330314832,9.623851257013802,9.631495475769043,204800,0.0,0.0
2018-04-06 00:00:00-04:00,9.585632757296496,9.631497349758932,9.585632757296496,9.593276977539062,314800,0.0,0.0
2018-04-09 00:00:00-04:00,9.600919847613207,9.63913948546532,9.600919847613207,9.623851776123047,152700,0.0,0.0
2018-04-10 00:00:00-04:00,9.669717669422903,9.669717669422903,9.631498023522376,9.646785736083984,154800,0.0,0.0
2018-04-11 00:00:00-04:00,9.631495475769043,9.654427403041938,9.631495475769043,9.631495475769043,151400,0.0,0.0
2018-04-12 00:00:00-04:00,9.654429956861296,9.662074177638608,9.631498023522376,9.646785736083984,119500,0.0,0.0
2018-04-13 00:00:00-04:00,9.644478797912598,9.66753312334578,9.636793778473606,9.644478797912598,139400,0.067,0.0
2018-04-16 00:00:00-04:00,9.652164879469343,9.667534187154763,9.652164879469343,9.659849166870117,141000,0.0,0.0
2018-04-17 00:00:00-04:00,9.667533766244778,9.68290380614488,9.644479439278465,9.652164459228516,253000,0.0,0.0
2018-04-18 00:00:00-04:00,9.65216299387098,9.705956659586894,9.65216299387098,9.682902336120605,332300,0.0,0.0
2018-04-19 00:00:00-04:00,9.675216786248589,9.69058609008789,9.652162464047793,9.69058609008789,170700,0.0,0.0
2018-04-20 00:00:00-04:00,9.682900600800865,9.705954920135476,9.629106211841977,9.636791229248047,195300,0.0,0.0
2018-04-23 00:00:00-04:00,9.652162530524032,9.667531834469184,9.606053152921184,9.629107475280762,147400,0.0,0.0
2018-04-24 00:00:00-04:00,9.62910640856578,9.64447644369193,9.598367071197092,9.613737106323242,188100,0.0,0.0
2018-04-25 00:00:00-04:00,9.59836788988726,9.62142294454296,9.575313568115234,9.575313568115234,208000,0.0,0.0
2018-04-26 00:00:00-04:00,9.582997745063816,9.606052064811955,9.582997745063816,9.590682029724121,128300,0.0,0.0
2018-04-27 00:00:00-04:00,9.598367071197092,9.621422123886317,9.598367071197092,9.613737106323242,122400,0.0,0.0
2018-04-30 00:00:00-04:00,9.636791229248047,9.659845548582657,9.613736909913436,9.636791229248047,160700,0.0,0.0
2018-05-01 00:00:00-04:00,9.636793026107751,9.65216306378576,9.606053683635468,9.621423721313477,106400,0.0,0.0
2018-05-02 00:00:00-04:00,9.644478024768176,9.644478024768176,9.59068362589143,9.598368644714355,123600,0.0,0.0
2018-05-03 00:00:00-04:00,9.590682363059605,9.621422434303676,9.590682363059605,9.60605239868164,72500,0.0,0.0
2018-05-04 00:00:00-04:00,9.590682871668692,9.629107229877851,9.575313568115234,9.575313568115234,166200,0.0,0.0
2018-05-07 00:00:00-04:00,9.590681857695229,9.636791229248047,9.567627538360618,9.636791229248047,170500,0.0,0.0
2018-05-08 00:00:00-04:00,9.590682053634017,9.621422123886317,9.582997768954554,9.613737106323242,162800,0.0,0.0
2018-05-09 00:00:00-04:00,9.606053663537281,9.613738682360207,9.582999339952236,9.598368644714355,117500,0.0,0.0
2018-05-10 00:00:00-04:00,9.59836820146206,9.613738238398124,9.5599438420056,9.567628860473633,94600,0.0,0.0
2018-05-11 00:00:00-04:00,9.567628860473633,9.590683182994029,9.552259556421268,9.567628860473633,199400,0.0,0.0
2018-05-14 00:00:00-04:00,9.596213193209753,9.603939789646265,9.534401895415227,9.557580947875977,208700,0.067,0.0
2018-05-15 00:00:00-04:00,9.557586568756763,9.557586568756763,9.457142966556907,9.472596168518066,378600,0.0,0.0
2018-05-16 00:00:00-04:00,9.518952439531612,9.542132237941171,9.480320915880505,9.526679039001465,192200,0.0,0.0
2018-05-17 00:00:00-04:00,9.526678155885069,9.557583814050469,9.526678155885069,9.534404754638672,211500,0.0,0.0
2018-05-18 00:00:00-04:00,9.542132377624512,9.588490501424088,9.542132377624512,9.542132377624512,222900,0.0,0.0
2018-05-21 00:00:00-04:00,9.542134340704028,9.580765872868213,9.503502071690598,9.573040008544922,161200,0.0,0.0
2018-05-22 00:00:00-04:00,9.54986002455047,9.565313226603498,9.503501892089844,9.503501892089844,173300,0.0,0.0
2018-05-23 00:00:00-04:00,9.495775470518064,9.573040008544922,9.495775470518064,9.573040008544922,130800,0.0,0.0
2018-05-24 00:00:00-04:00,9.549858240358379,9.565311439524299,9.526679178458592,9.542132377624512,129000,0.0,0.0
2018-05-25 00:00:00-04:00,9.534401895415227,9.588486596773238,9.534401895415227,9.557580947875977,92000,0.0,0.0
2018-05-29 00:00:00-04:00,9.549854351439462,9.573034140749003,9.534401895415227,9.557580947875977,141300,0.0,0.0
2018-05-30 00:00:00-04:00,9.55758483994134,9.57303803910726,9.53440577804155,9.542132377624512,126400,0.0,0.0
2018-05-31 00:00:00-04:00,9.56531047821045,9.588489537780742,9.53440481983372,9.56531047821045,183900,0.0,0.0
2018-06-01 00:00:00-04:00,9.565313407372386,9.603945676385816,9.565313407372386,9.573040008544922,88500,0.0,0.0
2018-06-04 00:00:00-04:00,9.5884904163479,9.603943615376707,9.549858155624966,9.580763816833496,123000,0.0,0.0
2018-06-05 00:00:00-04:00,9.565310412804072,9.58848947221587,9.526678155885069,9.534404754638672,131400,0.0,0.0
2018-06-06 00:00:00-04:00,9.526678155885069,9.534404754638672,9.495772497719669,9.534404754638672,151700,0.0,0.0
2018-06-07 00:00:00-04:00,9.526679039001465,9.542132237941171,9.511226576910838,9.526679039001465,119700,0.0,0.0
2018-06-08 00:00:00-04:00,9.503500116558802,9.542132377624512,9.495773516975843,9.542132377624512,136700,0.0,0.0
2018-06-11 00:00:00-04:00,9.542131353392275,9.542131353392275,9.503499096473272,9.534404754638672,113900,0.0,0.0
2018-06-12 00:00:00-04:00,9.52668082119407,9.52668082119407,9.488048553466797,9.488048553466797,154200,0.0,0.0
2018-06-13 00:00:00-04:00,9.488048553466797,9.503501755297394,9.480322689400719,9.488048553466797,160200,0.0,0.0
2018-06-14 00:00:00-04:00,9.501254651649901,9.509023639772344,9.493486404418945,9.493486404418945,176900,0.067,0.0
2018-06-15 00:00:00-04:00,9.49348678785568,9.516793012272846,9.49348678785568,9.50125503540039,110400,0.0,0.0
2018-06-18 00:00:00-04:00,9.485716819763184,9.501254054139483,9.477947832129313,9.485716819763184,227300,0.0,0.0
2018-06-19 00:00:00-04:00,9.477947206495227,9.532329375451138,9.454640986023488,9.462409973144531,284700,0.0,0.0
2018-06-20 00:00:00-04:00,9.462412238492696,9.493487453525038,9.454643249511719,9.454643249511719,238100,0.0,0.0
2018-06-21 00:00:00-04:00,9.477945050683244,9.477945050683244,9.446869850158691,9.446869850158691,188300,0.0,0.0
2018-06-22 00:00:00-04:00,9.431337715136678,9.454643942897277,9.423568725585938,9.423568725585938,236600,0.0,0.0
2018-06-25 00:00:00-04:00,9.431333653867371,9.431333653867371,9.400258449937466,9.408026695251465,216200,0.0,0.0
2018-06-26 00:00:00-04:00,9.423569781894924,9.423569781894924,9.376956580257128,9.384725570678711,415400,0.0,0.0
2018-06-27 00:00:00-04:00,9.384725570678711,9.408031801051758,9.369188330727248,9.384725570678711,510600,0.0,0.0
2018-06-28 00:00:00-04:00,9.392489758801014,9.400258745250383,9.345876580996135,9.369183540344238,420100,0.0,0.0
2018-06-29 00:00:00-04:00,9.392494561100294,9.392494561100294,9.369188330727248,9.384725570678711,308800,0.0,0.0
2018-07-02 00:00:00-04:00,9.37695149132156,9.423564667662069,9.37695149132156,9.408026695251465,126700,0.0,0.0
2018-07-03 00:00:00-04:00,9.400258449937466,9.423564667662069,9.400258449937466,9.408026695251465,146800,0.0,0.0
2018-07-05 00:00:00-04:00,9.42356428103843,9.446870497806842,9.361413875728486,9.40025806427002,603900,0.0,0.0
2018-07-06 00:00:00-04:00,9.39248843446353,9.454638835512636,9.39248843446353,9.446869850158691,179300,0.0,0.0
2018-07-09 00:00:00-04:00,9.431334765551748,9.462409973144531,9.423565778430705,9.462409973144531,193600,0.0,0.0
2018-07-10 00:00:00-04:00,9.454640986023488,9.462409973144531,9.431334765551748,9.462409973144531,237100,0.0,0.0
2018-07-11 00:00:00-04:00,9.462412956259701,9.477950194508658,9.439105987548828,9.439105987548828,201700,0.0,0.0
2018-07-12 00:00:00-04:00,9.462412956259701,9.470181204938367,9.423568749299871,9.439105987548828,207300,0.0,0.0
2018-07-13 00:00:00-04:00,9.460196927572666,9.475821062539639,9.444573537605452,9.468008995056152,148100,0.067,0.0
2018-07-16 00:00:00-04:00,9.460192680358887,9.47581680831131,9.44456929740589,9.460192680358887,226000,0.0,0.0
2018-07-17 00:00:00-04:00,9.468005991397805,9.468005991397805,9.43675847637667,9.444570541381836,302900,0.0,0.0
2018-07-18 00:00:00-04:00,9.444571354438246,9.460194740794025,9.405511771049419,9.421135902404785,311400,0.0,0.0
2018-07-19 00:00:00-04:00,9.436758910652491,9.46019436174695,9.413323459558033,9.452383041381836,246000,0.0,0.0
2018-07-20 00:00:00-04:00,9.43675847637667,9.483630121408133,9.43675847637667,9.444570541381836,241900,0.0,0.0
2018-07-23 00:00:00-04:00,9.452381361382102,9.468004744335097,9.40550972252426,9.460192680358887,441000,0.0,0.0
2018-07-24 00:00:00-04:00,9.47581680831131,9.47581680831131,9.43675723342968,9.460192680358887,353100,0.0,0.0
2018-07-25 00:00:00-04:00,9.452381361382102,9.468004744335097,9.44456929740589,9.460192680358887,217100,0.0,0.0
2018-07-26 00:00:00-04:00,9.444570976017163,9.475818492476295,9.444570976017163,9.452383041381836,274100,0.0,0.0
2018-07-27 00:00:00-04:00,9.460195455172311,9.483631653975124,9.436760001369143,9.47581958770752,394400,0.0,0.0
2018-07-30 00:00:00-04:00,9.47581958770752,9.491442975243084,9.460195455172311,9.47581958770752,330500,0.0,0.0
2018-07-31 00:00:00-04:00,9.48363179259496,9.499255180358887,9.475819726213167,9.499255180358887,278300,0.0,0.0
2018-08-01 00:00:00-04:00,9.499255475957618,9.514879609207393,9.48363208770752,9.48363208770752,161900,0.0,0.0
2018-08-02 00:00:00-04:00,9.49144458770752,9.507068722897051,9.483633265112525,9.49144458770752,143800,0.0,0.0
2018-08-03 00:00:00-04:00,9.491443113977095,9.514879313122469,9.48363179259496,9.499255180358887,173400,0.0,0.0
2018-08-06 00:00:00-04:00,9.499255094062924,9.530502614306567,9.499255094062924,9.51487922668457,199700,0.0,0.0
2018-08-07 00:00:00-04:00,9.499255369686708,9.569562478524796,9.499255369686708,9.561750411987305,302600,0.0,0.0
2018-08-08 00:00:00-04:00,9.546128361949519,9.569563819847167,9.53050422668457,9.53050422668457,191100,0.0,0.0
2018-08-09 00:00:00-04:00,9.53831334676893,9.553936732206136,9.530501281550556,9.546125411987305,178100,0.0,0.0
2018-08-10 00:00:00-04:00,9.530501281550556,9.56174879742451,9.530501281550556,9.546125411987305,333000,0.0,0.0
2018-08-13 00:00:00-04:00,9.546128407651775,9.577375933331496,9.546128407651775,9.569563865661621,182300,0.0,0.0
2018-08-14 00:00:00-04:00,9.567205611643555,9.582914918947305,9.543640527042852,9.57505989074707,172800,0.067,0.0
2018-08-15 00:00:00-04:00,9.56720659040648,9.66146469116211,9.559351561402645,9.66146469116211,355800,0.0,0.0
2018-08-16 00:00:00-04:00,9.65360966292515,9.708593367762772,9.63790035401303,9.685029029846191,313200,0.0,0.0
2018-08-17 00:00:00-04:00,9.653608326174048,9.685027688744396,9.653608326174048,9.677172660827637,183400,0.0,0.0
2018-08-20 00:00:00-04:00,9.685028079252236,9.724302471322918,9.677173051018755,9.708592414855957,271100,0.0,0.0
2018-08-21 00:00:00-04:00,9.724302678813268,9.74786701491979,9.70073834270675,9.732157707214355,190700,0.0,0.0
2018-08-22 00:00:00-04:00,9.732159996692337,9.771433649743365,9.732159996692337,9.763579368591309,192100,0.0,0.0
2018-08-23 00:00:00-04:00,9.732158842338151,9.77928752004811,9.724303813020883,9.740013122558594,227500,0.0,0.0
2018-08-24 00:00:00-04:00,9.755723181193131,9.77928752004811,9.732158842338151,9.740013122558594,216700,0.0,0.0
2018-08-27 00:00:00-04:00,9.747865676879883,9.763575731525616,9.740010649557016,9.747865676879883,215400,0.0,0.0
2018-08-28 00:00:00-04:00,9.747867970401721,9.771432308818008,9.732158661156468,9.755722999572754,169000,0.0,0.0
2018-08-29 00:00:00-04:00,9.747867970401721,9.779287337989041,9.747867970401721,9.755722999572754,143000,0.0,0.0
2018-08-30 00:00:00-04:00,9.740013122558594,9.755723181193131,9.732158842338151,9.740013122558594,249100,0.0,0.0
2018-08-31 00:00:00-04:00,9.740011986518702,9.74786701491979,9.724302678813268,9.732157707214355,250000,0.0,0.0
2018-09-04 00:00:00-04:00,9.732157707214355,9.74786701491979,9.716447650412183,9.732157707214355,148500,0.0,0.0
2018-09-05 00:00:00-04:00,9.732157499556399,9.75572183516012,9.708592414855957,9.708592414855957,247200,0.0,0.0
2018-09-06 00:00:00-04:00,9.692887681577634,9.74787140696548,9.692887681577634,9.7243070602417,151300,0.0,0.0
2018-09-07 00:00:00-04:00,9.724302471322918,9.732157499556399,9.708592414855957,9.708592414855957,148900,0.0,0.0
2018-09-10 00:00:00-04:00,9.70859318662147,9.724303244337273,9.69288387800245,9.700738906860352,169100,0.0,0.0
2018-09-11 00:00:00-04:00,9.70074271351792,9.740016375025194,9.70074271351792,9.7243070602417,141400,0.0,0.0
2018-09-12 00:00:00-04:00,9.740014277844393,9.779288679992337,9.732159996692337,9.763579368591309,134700,0.0,0.0
2018-09-13 00:00:00-04:00,9.800690750631311,9.824382781982422,9.800690750631311,9.824382781982422,194400,0.067,0.0
2018-09-14 00:00:00-04:00,9.816489348764224,9.824386193185788,9.777002114030964,9.784899711608887,152000,0.0,0.0
2018-09-17 00:00:00-04:00,9.76120662689209,9.784899418917147,9.76120662689209,9.76120662689209,105200,0.0,0.0
2018-09-18 00:00:00-04:00,9.761206060831158,9.80859088897705,9.745411620220057,9.80859088897705,235600,0.0,0.0
2018-09-19 00:00:00-04:00,9.80069376767238,9.80069376767238,9.73751449584961,9.73751449584961,291700,0.0,0.0
2018-09-20 00:00:00-04:00,9.753314099936167,9.808595799485316,9.713826848905345,9.777006149291992,165300,0.0,0.0
2018-09-21 00:00:00-04:00,9.769104516453039,9.808591751186299,9.769104516453039,9.784899711608887,108500,0.0,0.0
2018-09-24 00:00:00-04:00,9.76910400390625,9.784899198233385,9.761206406742684,9.76910400390625,113500,0.0,0.0
2018-09-25 00:00:00-04:00,9.777002079970199,9.777002079970199,9.698027610778809,9.698027610778809,188100,0.0,0.0
2018-09-26 00:00:00-04:00,9.713825586658997,9.729620033124942,9.65854314113676,9.674338340759277,184400,0.0,0.0
2018-09-27 00:00:00-04:00,9.666440740948019,9.69803038703648,9.65854314113676,9.674338340759277,132400,0.0,0.0
2018-09-28 00:00:00-04:00,9.68223329803376,9.72172053315637,9.666438102722168,9.666438102722168,175800,0.0,0.0
2018-10-01 00:00:00-04:00,9.690130291739532,9.777001601069818,9.674335097412397,9.76910400390625,201600,0.0,0.0
2018-10-02 00:00:00-04:00,9.761203529608729,9.824382781982422,9.705921872070771,9.824382781982422,294500,0.0,0.0
2018-10-03 00:00:00-04:00,9.78489852493677,9.800692965020774,9.650642395019531,9.650642395019531,184000,0.0,0.0
2018-10-04 00:00:00-04:00,9.634849904289357,9.658541947638955,9.587465817590163,9.595362663269043,155000,0.0,0.0
2018-10-05 00:00:00-04:00,9.579566734968472,9.61905396987258,9.555874695288553,9.587464332580566,227900,0.0,0.0
2018-10-08 00:00:00-04:00,9.540078635776409,9.595360307740073,9.445309732486004,9.469001770019531,184700,0.0,0.0
2018-10-09 00:00:00-04:00,9.492695387322525,9.50848982933481,9.492695387322525,9.500592231750488,167700,0.0,0.0
2018-10-10 00:00:00-04:00,9.476901902853713,9.50059394672703,9.326851287447388,9.366337776184082,432900,0.0,0.0
2018-10-11 00:00:00-04:00,9.350539671286242,9.453206158759713,9.247873183812771,9.279462814331055,465800,0.0,0.0
2018-10-12 00:00:00-04:00,9.356506879808837,9.38827767155363,9.316793200758989,9.372392654418945,248500,0.067,0.0
2018-10-15 00:00:00-04:00,9.356506879808837,9.38827767155363,9.348564749979207,9.372392654418945,217000,0.0,0.0
2018-10-16 00:00:00-04:00,9.372390769504694,9.523301810573356,9.372390769504694,9.515358924865723,222600,0.0,0.0
2018-10-17 00:00:00-04:00,9.523306610669051,9.531249500380191,9.459765007931235,9.475650787353516,132000,0.0,0.0
2018-10-18 00:00:00-04:00,9.443878242765685,9.491534057284568,9.4359353545207,9.451820373535156,263700,0.0,0.0
2018-10-19 00:00:00-04:00,9.451825076921317,9.48359588823543,9.435940050002205,9.443882942199707,165000,0.0,0.0
2018-10-22 00:00:00-04:00,9.443879288406016,9.475650087428152,9.420050621032715,9.420050621032715,204000,0.0,0.0
2018-10-23 00:00:00-04:00,9.34062445101795,9.380338141072702,9.308853650469276,9.364452362060547,222400,0.0,0.0
2018-10-24 00:00:00-04:00,9.356506879808837,9.38827767155363,9.356506879808837,9.372392654418945,135400,0.0,0.0
2018-10-25 00:00:00-04:00,9.35650947255447,9.388280273103144,9.348567340524028,9.364452362060547,235600,0.0,0.0
2018-10-26 00:00:00-04:00,9.332678528404141,9.356506431702703,9.316792754554841,9.324735641479492,187400,0.0,0.0
2018-10-29 00:00:00-04:00,9.324737731160756,9.356508528503827,9.253253247769953,9.26119613647461,386100,0.0,0.0
2018-10-30 00:00:00-04:00,9.253256005789547,9.292969703674316,9.253256005789547,9.292969703674316,180400,0.0,0.0
2018-10-31 00:00:00-04:00,9.292967371256971,9.340623948252652,9.285024482178425,9.308853149414062,333400,0.0,0.0
2018-11-01 00:00:00-04:00,9.308853650469276,9.380338141072702,9.308853650469276,9.364452362060547,199400,0.0,0.0
2018-11-02 00:00:00-04:00,9.364449767113891,9.404163446163738,9.340621862674151,9.372392654418945,248400,0.0,0.0
2018-11-05 00:00:00-05:00,9.364449767113891,9.404163446163738,9.324736088064043,9.372392654418945,312400,0.0,0.0
2018-11-06 00:00:00-05:00,9.372394826003504,9.404165625109593,9.372394826003504,9.380337715148926,270300,0.0,0.0
2018-11-07 00:00:00-05:00,9.380340212662441,9.45976685283719,9.380340212662441,9.404168128967285,204500,0.0,0.0
2018-11-08 00:00:00-05:00,9.420051837937864,9.44388050838941,9.404166815112529,9.427994728088379,206600,0.0,0.0
2018-11-09 00:00:00-05:00,9.412109705263045,9.459765531214744,9.396223924962014,9.427994728088379,145000,0.0,0.0
2018-11-12 00:00:00-05:00,9.420048292450467,9.451819083619045,9.404163275603883,9.435934066772461,161900,0.0,0.0
2018-11-13 00:00:00-05:00,9.412107647659603,9.427992667012274,9.34062316688375,9.348566055297852,354800,0.0,0.0
2018-11-14 00:00:00-05:00,9.346165845064178,9.394095236658444,9.346165845064178,9.362142562866211,226200,0.067,0.0
2018-11-15 00:00:00-05:00,9.346165845064178,9.370130159955393,9.322201530172961,9.362142562866211,110900,0.0,0.0
2018-11-16 00:00:00-05:00,9.314218908865824,9.322207272687702,9.29025457921249,9.306230545043945,289700,0.0,0.0
2018-11-19 00:00:00-05:00,9.290252729992163,9.306228692643609,9.218358993530273,9.218358993530273,365400,0.0,0.0
2018-11-20 00:00:00-05:00,9.154454732177491,9.266289531581618,9.154454732177491,9.250312805175781,364600,0.0,0.0
2018-11-21 00:00:00-05:00,9.218359174575651,9.258300224706923,9.210370812186962,9.234335899353027,260200,0.0,0.0
2018-11-23 00:00:00-05:00,9.21037097036411,9.282264709472656,9.21037097036411,9.282264709472656,150900,0.0,0.0
2018-11-26 00:00:00-05:00,9.298241434524414,9.298241434524414,9.242323658655444,9.282264709472656,284900,0.0,0.0
2018-11-27 00:00:00-05:00,9.290253470913353,9.298241833782244,9.242324055512217,9.25830078125,206900,0.0,0.0
2018-11-28 00:00:00-05:00,9.258299048190423,9.394098144292515,9.250310686816873,9.290251731872559,428100,0.0,0.0
2018-11-29 00:00:00-05:00,9.290253071998535,9.32220576028987,9.250312021181323,9.282264709472656,291500,0.0,0.0
2018-11-30 00:00:00-05:00,9.314219086892136,9.354160144952635,9.290254756780763,9.3222074508667,247300,0.0,0.0
2018-12-03 00:00:00-05:00,9.354155540466309,9.38610821882387,9.338178820381556,9.354155540466309,213400,0.0,0.0
2018-12-04 00:00:00-05:00,9.338179981389864,9.386109385791201,9.314215660095215,9.314215660095215,247400,0.0,0.0
2018-12-06 00:00:00-05:00,9.29824182197468,9.354158838361487,9.24232404377566,9.274276733398438,324200,0.0,0.0
2018-12-07 00:00:00-05:00,9.274274616729441,9.386109385791201,9.258298656470354,9.314215660095215,302800,0.0,0.0
2018-12-10 00:00:00-05:00,9.306229035238113,9.33019412281575,9.26628874623308,9.282264709472656,269800,0.0,0.0
2018-12-11 00:00:00-05:00,9.33019238216634,9.338179981389864,9.298239699836127,9.314215660095215,289900,0.0,0.0
2018-12-12 00:00:00-05:00,9.335912369475219,9.360015199155516,9.287706710114625,9.311809539794922,329400,0.067,0.0
2018-12-13 00:00:00-05:00,9.3118055475024,9.343942895369452,9.23949632324783,9.303771018981934,374500,0.0,0.0
2018-12-14 00:00:00-05:00,9.311808853540658,9.319843384913682,9.239499603613616,9.271636962890625,380700,0.0,0.0
2018-12-17 00:00:00-05:00,9.263599395751953,9.279668453232023,9.231462047006644,9.263599395751953,397400,0.0,0.0
2018-12-18 00:00:00-05:00,9.263597709968272,9.295735052865247,9.07880817986434,9.102910995483398,1179000,0.0,0.0
2018-12-19 00:00:00-05:00,9.078812159312882,9.199327056447267,9.078812159312882,9.110949516296387,432600,0.0,0.0
2018-12-20 00:00:00-05:00,9.110948647261036,9.151120531212435,8.974364701555256,9.062742233276367,878500,0.0,0.0
2018-12-21 00:00:00-05:00,9.030604278142102,9.110948040695979,8.95026128180313,8.966329574584961,444000,0.0,0.0
2018-12-24 00:00:00-05:00,8.918125593245787,8.966331246796493,8.885988235473633,8.885988235473633,274100,0.0,0.0
2018-12-26 00:00:00-05:00,8.885984864558564,8.998465190983955,8.885984864558564,8.97436237335205,748800,0.0,0.0
2018-12-27 00:00:00-05:00,8.92615709662791,9.014535382772399,8.92615709662791,8.98239803314209,840900,0.0,0.0
2018-12-28 00:00:00-05:00,9.02847060408076,9.052718742434447,8.971891357644015,9.044635772705078,1532400,0.067,0.0
2018-12-31 00:00:00-05:00,9.052718551156294,9.068884490273456,9.004222275473614,9.036553382873535,997500,0.0,0.0
2019-01-02 00:00:00-05:00,9.028471684401985,9.14163096165021,8.99614057245028,9.117382049560547,829600,0.0,0.0
2019-01-03 00:00:00-05:00,9.109302733926192,9.165882005047427,9.09313678741455,9.09313678741455,831600,0.0,0.0
2019-01-04 00:00:00-05:00,9.117379687263409,9.270953007369314,9.10929748949545,9.2467041015625,942800,0.0,0.0
2019-01-07 00:00:00-05:00,9.287121620914647,9.489191285969367,9.270956448544261,9.448777198791504,479200,0.0,0.0
2019-01-08 00:00:00-05:00,9.44877414609372,9.521519325344537,9.440691947937012,9.440691947937012,233700,0.0,0.0
2019-01-09 00:00:00-05:00,9.497272507791527,9.50535547790481,9.456858428059565,9.473024368286133,269300,0.0,0.0
2019-01-10 00:00:00-05:00,9.473024217346437,9.489189386480978,9.384113089185908,9.424527168273926,358900,0.0,0.0
2019-01-11 00:00:00-05:00,9.408362578794385,9.473024800985316,9.392196637829407,9.416444778442383,356500,0.0,0.0
2019-01-14 00:00:00-05:00,9.41644304096384,9.456857115084777,9.41644304096384,9.440691947937012,171000,0.0,0.0
2019-01-15 00:00:00-05:00,9.432609543683837,9.473023620224396,9.432609543683837,9.456857681274414,141700,0.0,0.0
2019-01-16 00:00:00-05:00,9.456858428059565,9.489189537678245,9.448775457946283,9.473024368286133,188900,0.0,0.0
2019-01-17 00:00:00-05:00,9.432608604431152,9.473022676947478,9.408360469255085,9.432608604431152,320000,0.0,0.0
2019-01-18 00:00:00-05:00,9.44877530739296,9.473024217346437,9.416444198289433,9.424527168273926,301400,0.0,0.0
2019-01-22 00:00:00-05:00,9.408363882448239,9.46494314199649,9.408363882448239,9.448777198791504,272900,0.0,0.0
2019-01-23 00:00:00-05:00,9.46494314199649,9.489191285969367,9.440694998023611,9.448777198791504,215900,0.0,0.0
2019-01-24 00:00:00-05:00,9.473025511537765,9.513439596147098,9.473025511537765,9.481107711791992,165000,0.0,0.0
2019-01-25 00:00:00-05:00,9.50535774230957,9.513440714348413,9.489191798231886,9.50535774230957,112100,0.0,0.0
2019-01-28 00:00:00-05:00,9.497274770270728,9.513440714348413,9.448777708872317,9.50535774230957,190000,0.0,0.0
2019-01-29 00:00:00-05:00,9.489187240600586,9.513436145070427,9.473022075121628,9.489187240600586,156100,0.0,0.0
2019-01-30 00:00:00-05:00,9.505352379426592,9.578097545064347,9.489186444469665,9.561931610107422,166600,0.0,0.0
2019-01-31 00:00:00-05:00,9.570018281292505,9.699342727661133,9.56193531068584,9.699342727661133,172200,0.0,0.0
2019-02-01 00:00:00-05:00,9.658926372821641,9.7074234142163,9.650843404116811,9.69125747680664,246500,0.0,0.0
2019-02-04 00:00:00-05:00,9.675095205150603,9.691260376562779,9.62659814924497,9.6427640914917,291700,0.0,0.0
2019-02-05 00:00:00-05:00,9.642762748319992,9.715507936628253,9.642762748319992,9.658927917480469,515400,0.0,0.0
2019-02-06 00:00:00-05:00,9.658925998959171,9.707423038476684,9.650843030567204,9.683174133300781,157600,0.0,0.0
2019-02-07 00:00:00-05:00,9.699340070084716,9.699340070084716,9.667008967351139,9.683174133300781,208500,0.0,0.0
2019-02-08 00:00:00-05:00,9.675096140239537,9.707427257023214,9.658930196430385,9.667013168334961,565100,0.0,0.0
2019-02-11 00:00:00-05:00,9.667009511403014,9.739754689356179,9.667009511403014,9.715506553649902,281500,0.0,0.0
2019-02-12 00:00:00-05:00,9.715509603954352,9.755922919208295,9.715509603954352,9.723591804504395,326200,0.0,0.0
2019-02-13 00:00:00-05:00,9.715509603954352,9.755922919208295,9.715509603954352,9.723591804504395,409800,0.0,0.0
2019-02-14 00:00:00-05:00,9.704896304479234,9.769921450754737,9.704896304479234,9.75366497039795,184900,0.067,0.0
2019-02-15 00:00:00-05:00,9.753661646014944,9.794302057903616,9.753661646014944,9.786173820495605,230500,0.0,0.0
2019-02-19 00:00:00-05:00,9.794304053479348,9.859328415689292,9.786175814415218,9.843071937561035,191700,0.0,0.0
2019-02-20 00:00:00-05:00,9.826818391537005,9.891842768019576,9.826818391537005,9.834946632385254,179900,0.0,0.0
2019-02-21 00:00:00-05:00,9.859329223632812,9.867457463363026,9.82681703986356,9.859329223632812,132300,0.0,0.0
2019-02-22 00:00:00-05:00,9.843072262350992,9.851200501683326,9.802432615992453,9.82681655883789,281400,0.0,0.0
2019-02-25 00:00:00-05:00,9.826816234584319,9.859328415689292,9.818687995520191,9.843071937561035,137800,0.0,0.0
2019-02-26 00:00:00-05:00,9.84307091186832,9.899967804236763,9.834943448802651,9.85119915008545,188100,0.0,0.0
2019-02-27 00:00:00-05:00,9.843072661924294,9.899969564408762,9.79430477425372,9.802433013916016,247700,0.0,0.0
2019-02-28 00:00:00-05:00,9.867456436157227,9.875583899889763,9.81055953912032,9.867456436157227,206900,0.0,0.0
2019-03-01 00:00:00-05:00,9.891841007956673,9.891841007956673,9.85120058609832,9.883712768554688,118600,0.0,0.0
2019-03-04 00:00:00-05:00,9.867456595884553,9.924352718690928,9.867456595884553,9.916224479675293,191700,0.0,0.0
2019-03-05 00:00:00-05:00,9.89996821963729,9.93248039871855,9.875583503962725,9.891839981079102,193100,0.0,0.0
2019-03-06 00:00:00-05:00,9.916224066916643,9.924352305593944,9.843071469123942,9.87558364868164,263000,0.0,0.0
2019-03-07 00:00:00-05:00,9.859327801997841,9.924352160160362,9.859327801997841,9.891839981079102,610800,0.0,0.0
2019-03-08 00:00:00-05:00,9.891839566019634,9.899967804236763,9.834943448802651,9.85119915008545,318500,0.0,0.0
2019-03-11 00:00:00-04:00,9.859328197273165,9.875583899889763,9.851199958389103,9.867456436157227,234400,0.0,0.0
2019-03-12 00:00:00-04:00,9.86745691897659,9.916224804364147,9.86745691897659,9.899969100952148,354800,0.0,0.0
2019-03-13 00:00:00-04:00,9.867454238166479,9.99750293073682,9.867454238166479,9.948734283447266,214300,0.0,0.0
2019-03-14 00:00:00-04:00,9.95445727020414,9.970802442937687,9.929938341976973,9.946284294128418,96300,0.067,0.0
2019-03-15 00:00:00-04:00,9.946285259825089,9.96263043414561,9.929939306086595,9.954458236694336,120700,0.0,0.0
2019-03-18 00:00:00-04:00,9.96263043414561,10.011667515943117,9.946285259825089,9.954458236694336,208000,0.0,0.0
2019-03-19 00:00:00-04:00,9.98714922645089,10.044358504907436,9.954458098844585,9.978976249694824,413500,0.0,0.0
2019-03-20 00:00:00-04:00,9.970800998681662,10.077047334022739,9.970800998681662,10.06887435913086,370500,0.0,0.0
2019-03-21 00:00:00-04:00,10.093397930158481,10.101570129394531,10.077051972850093,10.101570129394531,346500,0.0,0.0
2019-03-22 00:00:00-04:00,10.12608716517854,10.191469423306701,10.09339603611446,10.1097412109375,460700,0.0,0.0
2019-03-25 00:00:00-04:00,10.10973933017195,10.12608528137207,10.10156635457189,10.12608528137207,335500,0.0,0.0
2019-03-26 00:00:00-04:00,10.1097412109375,10.158778294242621,10.10156823381698,10.1097412109375,291000,0.0,0.0
2019-03-27 00:00:00-04:00,10.12608528137207,10.166948600536665,10.11791230577201,10.12608528137207,364400,0.0,0.0
2019-03-28 00:00:00-04:00,10.150603428754398,10.191467527336844,10.12608528137207,10.12608528137207,263400,0.0,0.0
2019-03-29 00:00:00-04:00,10.14243221282959,10.17512334148377,10.126087038211494,10.14243221282959,204300,0.0,0.0
2019-04-01 00:00:00-04:00,10.183294269228089,10.183294269228089,10.14243017177931,10.166948318481445,300000,0.0,0.0
2019-04-02 00:00:00-04:00,10.158781866642023,10.199645207778477,10.158781866642023,10.191473007202148,266900,0.0,0.0
2019-04-03 00:00:00-04:00,10.199639333977217,10.232331235128896,10.17512118753128,10.207812309265137,533300,0.0,0.0
2019-04-04 00:00:00-04:00,10.215984315724898,10.232330264750576,10.191466171604128,10.199638366699219,577000,0.0,0.0
2019-04-05 00:00:00-04:00,10.232331275939941,10.240503471842633,10.20781234997839,10.232331275939941,408300,0.0,0.0
2019-04-08 00:00:00-04:00,10.232331275939941,10.24867644716315,10.224158300619424,10.232331275939941,150700,0.0,0.0
2019-04-09 00:00:00-04:00,10.232330205712724,10.265021324157715,10.232330205712724,10.265021324157715,234100,0.0,0.0
2019-04-10 00:00:00-04:00,10.27319610797352,10.338578361339335,10.27319610797352,10.31406021118164,236700,0.0,0.0
2019-04-11 00:00:00-04:00,10.322233451324664,10.330406428058605,10.20781411530338,10.256851196289062,207800,0.0,0.0
2019-04-12 00:00:00-04:00,10.270822659943683,10.295472414919105,10.229739212583592,10.246172904968262,92200,0.067,0.0
2019-04-15 00:00:00-04:00,10.237956058775927,10.254388967559015,10.213306303800506,10.246172904968262,96700,0.0,0.0
2019-04-16 00:00:00-04:00,10.254386004549483,10.295469440038495,10.246169944332765,10.287253379821777,270900,0.0,0.0
2019-04-17 00:00:00-04:00,10.287255036407048,10.37763798215641,10.287255036407048,10.344771385192871,152400,0.0,0.0
2019-04-18 00:00:00-04:00,10.352986194450843,10.377635941425828,10.352986194450843,10.36941909790039,117100,0.0,0.0
2019-04-22 00:00:00-04:00,10.369419239428227,10.394068986739647,10.352986335754395,10.352986335754395,168100,0.0,0.0
2019-04-23 00:00:00-04:00,10.352987980759206,10.418721173101684,10.352987980759206,10.402287483215332,204700,0.0,0.0
2019-04-24 00:00:00-04:00,10.418717706142866,10.418717706142866,10.270817680787147,10.320117950439453,287100,0.0,0.0
2019-04-25 00:00:00-04:00,10.320117737260952,10.402283806849256,10.320117737260952,10.38585090637207,137300,0.0,0.0
2019-04-26 00:00:00-04:00,10.394069712726822,10.43515315018294,10.361203119482205,10.418720245361328,389800,0.0,0.0
2019-04-29 00:00:00-04:00,10.418718432443592,10.443368177187507,10.37763500213623,10.37763500213623,259200,0.0,0.0
2019-04-30 00:00:00-04:00,10.344770214660594,10.418720245361328,10.344770214660594,10.418720245361328,242900,0.0,0.0
2019-05-01 00:00:00-04:00,10.418718105570102,10.500884180005716,10.418718105570102,10.476234436035156,398800,0.0,0.0
2019-05-02 00:00:00-04:00,10.492668121083017,10.51731786505358,10.435151007016731,10.476234436035156,136700,0.0,0.0
2019-05-03 00:00:00-04:00,10.468015568605809,10.509098989677163,10.468015568605809,10.500882148742676,184200,0.0,0.0
2019-05-06 00:00:00-04:00,10.48445013041303,10.558400137827723,10.451583547517737,10.550183296203613,148100,0.0,0.0
2019-05-07 00:00:00-04:00,10.52553653717041,10.533752597521259,10.509102849265975,10.52553653717041,148900,0.0,0.0
2019-05-08 00:00:00-04:00,10.525532671546138,10.525532671546138,10.484449250474784,10.500882148742676,189300,0.0,0.0
2019-05-09 00:00:00-04:00,10.533749881608458,10.533749881608458,10.394066704840697,10.426933288574219,264100,0.0,0.0
2019-05-10 00:00:00-04:00,10.451585740529438,10.468018643624557,10.410502307389674,10.435152053833008,248000,0.0,0.0
2019-05-13 00:00:00-04:00,10.410501589661868,10.410501589661868,10.254384711214145,10.37763500213623,288900,0.0,0.0
2019-05-14 00:00:00-04:00,10.383419080628524,10.424721622165197,10.325595995145456,10.366898536682129,772800,0.067,0.0
2019-05-15 00:00:00-04:00,10.358636132679337,10.449501078588863,10.358636132679337,10.43298053741455,163200,0.0,0.0
2019-05-16 00:00:00-04:00,10.474283177226647,10.515584924467433,10.449501183545777,10.490803718566895,372900,0.0,0.0
2019-05-17 00:00:00-04:00,10.5073231115168,10.5073231115168,10.466020584106445,10.466020584106445,212900,0.0,0.0
2019-05-20 00:00:00-04:00,10.466023321669619,10.490804529485697,10.449501991271973,10.449501991271973,209500,0.0,0.0
2019-05-21 00:00:00-04:00,10.44950018666091,10.490802717741754,10.40819844336032,10.441240310668945,217900,0.0,0.0
2019-05-22 00:00:00-04:00,10.441242032635145,10.466023240258458,10.358636956850251,10.416460037231445,209200,0.0,0.0
2019-05-23 00:00:00-04:00,10.383417338330966,10.441241201891868,10.358636132679337,10.43298053741455,313900,0.0,0.0
2019-05-24 00:00:00-04:00,10.408200221573482,10.43298142934369,10.391678891206416,10.424720764160156,87500,0.0,0.0
2019-05-28 00:00:00-04:00,10.424718943668484,10.466021474593006,10.408198403966827,10.45776081085205,129600,0.0,0.0
2019-05-29 00:00:00-04:00,10.466023344936575,10.466023344936575,10.375158390888696,10.40820026397705,184000,0.0,0.0
2019-05-30 00:00:00-04:00,10.40820026397705,10.424720806631031,10.383418268325489,10.40820026397705,124900,0.0,0.0
2019-05-31 00:00:00-04:00,10.399938458138987,10.408199122450181,10.35863592436333,10.383417129516602,143100,0.0,0.0
2019-06-03 00:00:00-04:00,10.416459208459914,10.449501078588863,10.391678002808284,10.43298053741455,151600,0.0,0.0
2019-06-04 00:00:00-04:00,10.43298140994063,10.482543825388872,10.366897664156049,10.39993953704834,208500,0.0,0.0
2019-06-05 00:00:00-04:00,10.416458279927529,10.466021474593006,10.408198403966827,10.45776081085205,153400,0.0,0.0
2019-06-06 00:00:00-04:00,10.466023525511481,10.507326064529634,10.441242317212751,10.499065399169922,151600,0.0,0.0
2019-06-07 00:00:00-04:00,10.50732806165313,10.556890487670898,10.50732806165313,10.556890487670898,175900,0.0,0.0
2019-06-10 00:00:00-04:00,10.54862698517063,10.59818939416419,10.540366321078274,10.581668853759766,162600,0.0,0.0
2019-06-11 00:00:00-04:00,10.631231245133351,10.680794441825055,10.57340817214327,10.622970581054688,205900,0.0,0.0
2019-06-12 00:00:00-04:00,10.622972672075383,10.664275212818392,10.622972672075383,10.647754669189453,161900,0.0,0.0
2019-06-13 00:00:00-04:00,10.645263250900605,10.711692288979814,10.620352559595052,10.628656387329102,93300,0.067,0.0
2019-06-14 00:00:00-04:00,10.63695872984825,10.695083932077514,10.620351076699038,10.645261764526367,91300,0.0,0.0
2019-06-17 00:00:00-04:00,10.636961402397048,10.670175925144171,10.628657573736096,10.653568267822266,190600,0.0,0.0
2019-06-18 00:00:00-04:00,10.703389167785645,10.711692203556883,10.653566993675259,10.703389167785645,218500,0.0,0.0
2019-06-19 00:00:00-04:00,10.686781512449986,10.711692203556883,10.670174649010917,10.703389167785645,158100,0.0,0.0
2019-06-20 00:00:00-04:00,10.711692488261685,10.794729183353821,10.711692488261685,10.761514663696289,355300,0.0,0.0
2019-06-21 00:00:00-04:00,10.7532073896805,10.761511214907872,10.728296705894738,10.744903564453125,158000,0.0,0.0
2019-06-24 00:00:00-04:00,10.736603922454766,10.753210786258704,10.719996266754219,10.728300094604492,179200,0.0,0.0
2019-06-25 00:00:00-04:00,10.736603922454766,10.736603922454766,10.686781747249734,10.728300094604492,295100,0.0,0.0
2019-06-26 00:00:00-04:00,10.753210786258704,10.761514614108977,10.719996266754219,10.728300094604492,135000,0.0,0.0
2019-06-27 00:00:00-04:00,10.719996266754219,10.753210786258704,10.703389402950283,10.728300094604492,228300,0.0,0.0
2019-06-28 00:00:00-04:00,10.761514478223816,10.803032825054323,10.703389267799064,10.769818305969238,757900,0.0,0.0
2019-07-01 00:00:00-04:00,10.80303229151144,10.81133611884675,10.76981777406676,10.78642463684082,165000,0.0,0.0
2019-07-02 00:00:00-04:00,10.803031261610332,10.869460290166716,10.786423608522993,10.861156463623047,217200,0.0,0.0
2019-07-03 00:00:00-04:00,10.861155384616275,10.910977547032198,10.852851558897553,10.902673721313477,239400,0.0,0.0
2019-07-05 00:00:00-04:00,10.877764171440434,10.919281720574702,10.811335142549822,10.894371032714844,237200,0.0,0.0
2019-07-08 00:00:00-04:00,10.93588619010912,10.93588619010912,10.83624267578125,10.83624267578125,232500,0.0,0.0
2019-07-09 00:00:00-04:00,10.844551086425781,10.877765605249126,10.803032739922454,10.844551086425781,163300,0.0,0.0
2019-07-10 00:00:00-04:00,10.919283260469271,10.944194743738766,10.902676396852875,10.910980224609375,153000,0.0,0.0
2019-07-11 00:00:00-04:00,10.894370136419623,10.977406811649589,10.894370136419623,10.927584648132324,300300,0.0,0.0
2019-07-12 00:00:00-04:00,10.97515652776982,10.97515652776982,10.866657578775051,10.883349418640137,100300,0.067,0.0
2019-07-15 00:00:00-04:00,10.925082444730833,10.941774288006842,10.866659799341528,10.933428764343262,83400,0.0,0.0
2019-07-16 00:00:00-04:00,10.916735090447,10.933427728089756,10.875004292288887,10.89169692993164,136900,0.0,0.0
2019-07-17 00:00:00-04:00,10.908387511303824,10.975156462263016,10.833272242487562,10.958464622497559,203700,0.0,0.0
2019-07-18 00:00:00-04:00,10.958466134272454,10.983504295349121,10.941773496255484,10.983504295349121,121400,0.0,0.0
2019-07-19 00:00:00-04:00,10.966812133789062,10.975157656605631,10.950119496258392,10.966812133789062,66300,0.0,0.0
2019-07-22 00:00:00-04:00,10.983506040428532,11.058621331541774,10.983506040428532,11.016890525817871,311200,0.0,0.0
2019-07-23 00:00:00-04:00,11.025235176086426,11.058619656418793,10.966812534491979,11.025235176086426,193000,0.0,0.0
2019-07-24 00:00:00-04:00,11.033583805254196,11.050275650940748,10.966814830610062,11.000199317932129,101600,0.0,0.0
2019-07-25 00:00:00-04:00,11.025233639262447,11.025233639262447,10.87500310073325,10.883349418640137,296400,0.0,0.0
2019-07-26 00:00:00-04:00,10.966811432827836,11.066964863764094,10.941772478132235,11.058618545532227,446800,0.0,0.0
2019-07-29 00:00:00-04:00,11.142078932981647,11.15042445436376,11.033579195527864,11.050271034240723,517500,0.0,0.0
2019-07-30 00:00:00-04:00,11.083659248007462,11.142082693090147,11.058621083514256,11.12539005279541,463900,0.0,0.0
2019-07-31 00:00:00-04:00,11.175465105766769,11.192156947017892,11.108696148864773,11.158772468566895,839500,0.0,0.0
2019-08-01 00:00:00-04:00,11.167121324254822,11.225543975830078,11.167121324254822,11.225543975830078,491000,0.0,0.0
2019-08-02 00:00:00-04:00,11.225544999902855,11.2672758102417,11.217198678645286,11.2672758102417,318200,0.0,0.0
2019-08-05 00:00:00-04:00,11.267273986296106,11.283966626109041,11.192158699035645,11.192158699035645,417000,0.0,0.0
2019-08-06 00:00:00-04:00,11.192158699035645,11.25058134648317,11.183812379129177,11.192158699035645,412200,0.0,0.0
2019-08-07 00:00:00-04:00,11.20885133884858,11.267273986296106,11.175466855171585,11.192158699035645,471000,0.0,0.0
2019-08-08 00:00:00-04:00,11.208854923843488,11.233893095622125,11.167124106913008,11.183815956115723,337600,0.0,0.0
2019-08-09 00:00:00-04:00,11.2088504642817,11.250580468660317,11.20050414502645,11.233888626098633,333200,0.0,0.0
2019-08-12 00:00:00-04:00,11.2505807071992,11.267273346063622,11.24223518371582,11.24223518371582,282300,0.0,0.0
2019-08-13 00:00:00-04:00,11.267273897564055,11.40915815106114,11.250581257882576,11.384119987487793,729900,0.0,0.0
2019-08-14 00:00:00-04:00,11.398376369865424,11.42353812435856,11.348052061001397,11.381601333618164,329300,0.067,0.0
2019-08-15 00:00:00-04:00,11.431927666533158,11.440315186141818,11.36482910941966,11.37321662902832,222500,0.0,0.0
2019-08-16 00:00:00-04:00,11.398380254815647,11.406767775798027,11.356443449781782,11.36483097076416,237100,0.0,0.0
2019-08-19 00:00:00-04:00,11.37321755521464,11.440316117792358,11.339668273925781,11.339668273925781,209600,0.0,0.0
2019-08-20 00:00:00-04:00,11.339665222590655,11.373214494851904,11.30611515045166,11.30611515045166,288500,0.0,0.0
2019-08-21 00:00:00-04:00,11.373218491746538,11.406767775798027,11.322894165730295,11.36483097076416,576200,0.0,0.0
2019-08-22 00:00:00-04:00,11.373218491746538,11.406767775798027,11.356443449781782,11.36483097076416,217900,0.0,0.0
2019-08-23 00:00:00-04:00,11.389990868367747,11.398378387976408,11.348054070202338,11.37321662902832,191100,0.0,0.0
2019-08-26 00:00:00-04:00,11.406763887989053,11.406763887989053,11.364827097248657,11.381601333618164,225400,0.0,0.0
2019-08-27 00:00:00-04:00,11.398376369865424,11.406763887989053,11.373214615372287,11.381601333618164,204300,0.0,0.0
2019-08-28 00:00:00-04:00,11.423538243817069,11.482249271540926,11.415150725605729,11.457087516784668,426500,0.0,0.0
2019-08-29 00:00:00-04:00,11.457090450280745,11.591287576511236,11.457090450280745,11.499027252197266,400000,0.0,0.0
2019-08-30 00:00:00-04:00,11.540962079170662,11.557736317140003,11.507412803354146,11.515799522399902,214500,0.0,0.0
2019-09-03 00:00:00-04:00,11.599674257280402,11.616449296784012,11.53257569902178,11.54935073852539,206300,0.0,0.0
2019-09-04 00:00:00-04:00,11.566122093069866,11.60805888149017,11.566122093069866,11.599671363830566,238400,0.0,0.0
2019-09-05 00:00:00-04:00,11.62483592420216,11.649998483257448,11.532575607299805,11.532575607299805,311400,0.0,0.0
2019-09-06 00:00:00-04:00,11.599675160355458,11.666773723837936,11.599675160355458,11.624836921691895,556900,0.0,0.0
2019-09-09 00:00:00-04:00,11.624837003539897,11.666773805981206,11.490639875630087,11.582901000976562,282900,0.0,0.0
2019-09-10 00:00:00-04:00,11.566124978151091,11.599674257280402,11.524188179269975,11.54935073852539,285000,0.0,0.0
2019-09-11 00:00:00-04:00,11.582898986439172,11.599673224571477,11.56612394842903,11.591285705566406,394200,0.0,0.0
2019-09-12 00:00:00-04:00,11.599674165024771,11.608061684709869,11.532575607299805,11.532575607299805,354400,0.0,0.0
2019-09-13 00:00:00-04:00,11.513191123961814,11.538476091986947,11.36147970822173,11.386765480041504,417400,0.067,0.0
2019-09-16 00:00:00-04:00,11.412049095640299,11.454191239884407,11.386764130611652,11.437334060668945,244800,0.0,0.0
2019-09-17 00:00:00-04:00,11.454188552830987,11.454188552830987,11.4036178308426,11.420475006103516,247800,0.0,0.0
2019-09-18 00:00:00-04:00,11.428907211149813,11.44576358795166,11.369907882856822,11.44576358795166,356400,0.0,0.0
2019-09-19 00:00:00-04:00,11.496332379510111,11.496332379510111,11.437333061206253,11.462618827819824,240900,0.0,0.0
2019-09-20 00:00:00-04:00,11.46262053573282,11.496334092446373,11.454191945605782,11.487905502319336,209000,0.0,0.0
2019-09-23 00:00:00-04:00,11.496335081332989,11.513191459242412,11.471049308776855,11.471049308776855,253300,0.0,0.0
2019-09-24 00:00:00-04:00,11.471046432623574,11.487903610101036,11.454190058940574,11.479475021362305,192500,0.0,0.0
2019-09-25 00:00:00-04:00,11.479476204913055,11.479476204913055,11.437334060668945,11.437334060668945,360800,0.0,0.0
2019-09-26 00:00:00-04:00,11.479475021362305,11.487903610101036,11.428905096518845,11.479475021362305,307900,0.0,0.0
2019-09-27 00:00:00-04:00,11.487906490480944,11.487906490480944,11.42047937125392,11.471049308776855,318200,0.0,0.0
2019-09-30 00:00:00-04:00,11.471046432623574,11.513188572522767,11.454190058940574,11.479475021362305,405200,0.0,0.0
2019-10-01 00:00:00-04:00,11.479476204913055,11.487904794520786,11.437334060668945,11.437334060668945,228400,0.0,0.0
2019-10-02 00:00:00-04:00,11.437331807009597,11.462617570850378,11.344619750976562,11.344619750976562,346100,0.0,0.0
2019-10-03 00:00:00-04:00,11.369906441097118,11.386763619556005,11.336192887973858,11.361477851867676,349400,0.0,0.0
2019-10-04 00:00:00-04:00,11.403619524711374,11.454190254211426,11.378334561858585,11.454190254211426,216200,0.0,0.0
2019-10-07 00:00:00-04:00,11.471044924297544,11.513187058655474,11.420475006103516,11.420475006103516,461900,0.0,0.0
2019-10-08 00:00:00-04:00,11.445762848739015,11.479476403959966,11.403620703764188,11.412049293518066,230600,0.0,0.0
2019-10-09 00:00:00-04:00,11.487904993713844,11.487904993713844,11.378335738297116,11.412049293518066,637800,0.0,0.0
2019-10-10 00:00:00-04:00,11.420476944357222,11.445761907745537,11.37833480284704,11.403619766235352,276100,0.0,0.0
2019-10-11 00:00:00-04:00,11.432452938635516,11.466377908946964,11.40701001971774,11.440934181213379,258100,0.084,0.0
2019-10-14 00:00:00-04:00,11.47486070775932,11.491823196411133,11.457899027923482,11.491823196411133,247300,0.0,0.0
2019-10-15 00:00:00-04:00,11.500304207280145,11.517265886771659,11.432455062866211,11.432455062866211,328400,0.0,0.0
2019-10-16 00:00:00-04:00,11.466378646830789,11.466378646830789,11.423973240028419,11.449416160583496,369400,0.0,0.0
2019-10-17 00:00:00-04:00,11.45789879532742,11.474860474818934,11.432455062866211,11.432455062866211,337200,0.0,0.0
2019-10-18 00:00:00-04:00,11.432457263617426,11.457901000976562,11.415495580860783,11.457901000976562,291000,0.0,0.0
2019-10-21 00:00:00-04:00,11.457899159722604,11.457899159722604,11.415493746421262,11.423974990844727,269200,0.0,0.0
2019-10-22 00:00:00-04:00,11.457901000976562,11.491825175305962,11.449419755190183,11.457901000976562,483000,0.0,0.0
2019-10-23 00:00:00-04:00,11.45789879532742,11.466380039481157,11.432455062866211,11.432455062866211,271600,0.0,0.0
2019-10-24 00:00:00-04:00,11.457896666369102,11.457896666369102,11.432452938635516,11.440934181213379,203400,0.0,0.0
2019-10-25 00:00:00-04:00,11.466379165649414,11.483340843848309,11.44941667863462,11.466379165649414,170400,0.0,0.0
2019-10-28 00:00:00-04:00,11.483340843848309,11.483340843848309,11.457897922142017,11.466379165649414,323100,0.0,0.0
2019-10-29 00:00:00-04:00,11.466379165649414,11.474859600340912,11.44941667863462,11.466379165649414,363700,0.0,0.0
2019-10-30 00:00:00-04:00,11.483340843848309,11.483340843848309,11.44941667863462,11.466379165649414,370600,0.0,0.0
2019-10-31 00:00:00-04:00,11.50030444073704,11.50030444073704,11.466380272249388,11.491823196411133,371200,0.0,0.0
2019-11-01 00:00:00-04:00,11.500304812019017,11.542709417385609,11.483342322819578,11.508785247802734,281600,0.0,0.0
2019-11-04 00:00:00-05:00,11.508786051148794,11.525748541532263,11.483343124389648,11.483343124389648,328900,0.0,0.0
2019-11-05 00:00:00-05:00,11.508784358306142,11.508784358306142,11.466379756216938,11.474860191345215,489700,0.0,0.0
2019-11-06 00:00:00-05:00,11.525747451927879,11.559671620671685,11.517266207537933,11.551190376281738,364700,0.0,0.0
2019-11-07 00:00:00-05:00,11.551193311886735,11.576636242706627,11.491826203701592,11.517269134521484,325500,0.0,0.0
2019-11-08 00:00:00-05:00,11.534229497847974,11.534229497847974,11.50878576291001,11.525748252868652,339900,0.0,0.0
2019-11-11 00:00:00-05:00,11.525747321065891,11.619038581848145,11.51726607677224,11.619038581848145,294000,0.0,0.0
2019-11-12 00:00:00-05:00,11.619037472722688,11.635999959690794,11.585113307602374,11.593594551086426,340700,0.0,0.0
2019-11-13 00:00:00-05:00,11.602076902076814,11.619038581848145,11.576633169195857,11.619038581848145,466200,0.0,0.0
2019-11-14 00:00:00-05:00,11.656584334930606,11.70778491759575,11.656584334930606,11.682184219360352,510000,0.084,0.0
2019-11-15 00:00:00-05:00,11.68218972906838,11.707790439377924,11.63952350616455,11.63952350616455,263700,0.0,0.0
2019-11-18 00:00:00-05:00,11.622452238873338,11.656585693359375,11.605385918533193,11.656585693359375,357200,0.0,0.0
2019-11-19 00:00:00-05:00,11.673652368846819,11.673652368846819,11.6139182154889,11.622451782226562,351900,0.0,0.0
2019-11-20 00:00:00-05:00,11.61391830444336,11.622451871246382,11.596851984643035,11.61391830444336,285700,0.0,0.0
2019-11-21 00:00:00-05:00,11.622454192339783,11.622454192339783,11.579787163609456,11.5883207321167,263900,0.0,0.0
2019-11-22 00:00:00-05:00,11.579785346984863,11.58831891415337,11.554185459285105,11.579785346984863,181400,0.0,0.0
2019-11-25 00:00:00-05:00,11.588318646391818,11.605385780334473,11.571252326254902,11.605385780334473,218800,0.0,0.0
2019-11-26 00:00:00-05:00,11.613920623832541,11.622454192339783,11.5883207321167,11.5883207321167,237000,0.0,0.0
2019-11-27 00:00:00-05:00,11.588318735514314,11.605385869588225,11.562718848209187,11.59685230255127,201200,0.0,0.0
2019-11-29 00:00:00-05:00,11.59685230255127,11.59685230255127,11.571252415246144,11.59685230255127,116700,0.0,0.0
2019-12-02 00:00:00-05:00,11.613920623832541,11.613920623832541,11.579787163609456,11.5883207321167,416100,0.0,0.0
2019-12-03 00:00:00-05:00,11.57978507942049,11.65658555455096,11.57978507942049,11.605385780334473,469200,0.0,0.0
2019-12-04 00:00:00-05:00,11.63098993606137,11.665123402668055,11.613922795855007,11.63952350616455,588500,0.0,0.0
2019-12-05 00:00:00-05:00,11.656585197783008,11.699252217528015,11.622451744748144,11.690718650817871,402500,0.0,0.0
2019-12-06 00:00:00-05:00,11.699254035949707,11.724853926253433,11.673654145645983,11.699254035949707,374800,0.0,0.0
2019-12-09 00:00:00-05:00,11.699253945762173,11.724853835868553,11.699253945762173,11.70778751373291,236000,0.0,0.0
2019-12-10 00:00:00-05:00,11.716319768370683,11.767520360206332,11.707787014569575,11.741920471191406,321600,0.0,0.0
2019-12-11 00:00:00-05:00,11.750455534634767,11.776055426908565,11.741921965941533,11.767521858215332,327400,0.0,0.0
2019-12-12 00:00:00-05:00,11.767519315192736,11.793119201934264,11.733385861602121,11.750452995300293,496600,0.0,0.0
2019-12-13 00:00:00-05:00,11.753890006274547,11.796818914981927,11.745304879573736,11.771061897277832,258000,0.084,0.0
2019-12-16 00:00:00-05:00,11.753889233802608,11.771061123677347,11.728132217791279,11.745304107666016,350900,0.0,0.0
2019-12-17 00:00:00-05:00,11.745303556407407,11.839746489883515,11.745303556407407,11.831160545349121,265600,0.0,0.0
2019-12-18 00:00:00-05:00,11.856917204971941,11.882674217224121,11.822574249035481,11.882674217224121,360700,0.0,0.0
2019-12-19 00:00:00-05:00,11.882672495026398,11.882672495026398,11.81398659310837,11.848329544067383,242900,0.0,0.0
2019-12-20 00:00:00-05:00,11.865502329855563,11.899845285792022,11.865502329855563,11.882674217224121,2304600,0.0,0.0
2019-12-23 00:00:00-05:00,11.882674203420422,11.917017159316986,11.882674203420422,11.891260147094727,379500,0.0,0.0
2019-12-24 00:00:00-05:00,11.891260147094727,11.92560310299129,11.882674203420422,11.891260147094727,228700,0.0,0.0
2019-12-26 00:00:00-05:00,11.899846255378666,11.925604088530223,11.874089241027832,11.874089241027832,455400,0.0,0.0
2019-12-27 00:00:00-05:00,11.934188447371552,12.037218135756936,11.908431434675542,12.011460304260254,650700,0.0,0.0
2019-12-30 00:00:00-05:00,12.049463470257082,12.075376064629575,12.040825664217412,12.066739082336426,371600,0.084,0.0
2019-12-31 00:00:00-05:00,12.066740481000165,12.075377464294434,12.040827059877508,12.075377464294434,698200,0.0,0.0
2020-01-02 00:00:00-05:00,12.075377464294434,12.109928692457975,12.066740481000165,12.075377464294434,627300,0.0,0.0
2020-01-03 00:00:00-05:00,12.04082846204528,12.144480511113066,12.032191477745226,12.127204895019531,641200,0.0,0.0
2020-01-06 00:00:00-05:00,12.135841173303094,12.135841173303094,12.075377348344098,12.118565559387207,602300,0.0,0.0
2020-01-07 00:00:00-05:00,12.135843276977539,12.144481085432794,12.109930675358527,12.135843276977539,464100,0.0,0.0
2020-01-08 00:00:00-05:00,12.22221607676366,12.265404285351355,12.135840483334833,12.153115272521973,620200,0.0,0.0
2020-01-09 00:00:00-05:00,12.213580564146005,12.213580564146005,12.118566329067258,12.144479751586914,435400,0.0,0.0
2020-01-10 00:00:00-05:00,12.144480454141874,12.204943462692182,12.12720483812938,12.187667846679688,493100,0.0,0.0
2020-01-13 00:00:00-05:00,12.179030483235433,12.204943082700694,12.170392675498118,12.196305274963379,304800,0.0,0.0
2020-01-14 00:00:00-05:00,12.204943656921387,12.222218449462082,12.196305848777678,12.204943656921387,326500,0.0,0.0
2020-01-15 00:00:00-05:00,12.213580457812439,12.265405654907227,12.213580457812439,12.265405654907227,280200,0.0,0.0
2020-01-16 00:00:00-05:00,12.28267894023682,12.394967944307666,12.274041134443717,12.334504127502441,418300,0.0,0.0
2020-01-17 00:00:00-05:00,12.369054526928357,12.377692332721459,12.334504127502441,12.334504127502441,378900,0.0,0.0
2020-01-21 00:00:00-05:00,12.34314473146516,12.34314473146516,12.299956516455449,12.317232131958008,416800,0.0,0.0
2020-01-22 00:00:00-05:00,12.343144611715825,12.37769501863906,12.334506804048345,12.360420227050781,300100,0.0,0.0
2020-01-23 00:00:00-05:00,12.377693554631655,12.481344763141715,12.36905574798584,12.36905574798584,504100,0.0,0.0
2020-01-24 00:00:00-05:00,12.30859446286738,12.43815828560941,12.299956655018791,12.394970893859863,379900,0.0,0.0
2020-01-27 00:00:00-05:00,12.386330138514563,12.438155325780185,12.325867145455838,12.334504127502441,382600,0.0,0.0
2020-01-28 00:00:00-05:00,12.386334671111163,12.386334671111163,12.299958229064941,12.299958229064941,781300,0.0,0.0
2020-01-29 00:00:00-05:00,12.343143396454849,12.360419010088911,12.282680396228823,12.325868606567383,562700,0.0,0.0
2020-01-30 00:00:00-05:00,12.325867145455838,12.351779739088649,12.308591533869631,12.334504127502441,382100,0.0,0.0
2020-01-31 00:00:00-05:00,12.317231958396189,12.438157970223392,12.308594150766623,12.420883178710938,339100,0.0,0.0
2020-02-03 00:00:00-05:00,12.429518343733582,12.49861914258541,12.334504127502441,12.334504127502441,312600,0.0,0.0
2020-02-04 00:00:00-05:00,12.308593042965594,12.52453327178955,12.25676702559934,12.52453327178955,356700,0.0,0.0
2020-02-05 00:00:00-05:00,12.481343542268451,12.697283744812012,12.464068754413148,12.697283744812012,401900,0.0,0.0
2020-02-06 00:00:00-05:00,12.705925624354121,12.818214664528176,12.697287815783787,12.73183822631836,421600,0.0,0.0
2020-02-07 00:00:00-05:00,12.73183540038632,12.878674818502772,12.73183540038632,12.852762222290039,396000,0.0,0.0
2020-02-10 00:00:00-05:00,12.69728601788191,12.809575042156137,12.610910415649414,12.610910415649414,771600,0.0,0.0
2020-02-11 00:00:00-05:00,12.610908267831741,12.783660266621249,12.610908267831741,12.654095649719238,1369400,0.0,0.0
2020-02-12 00:00:00-05:00,12.680010912418819,12.714561317204158,12.593634488582158,12.636822700500488,599300,0.0,0.0
2020-02-13 00:00:00-05:00,12.631613009338512,12.675050633919868,12.527363207445525,12.605550765991211,332400,0.084,0.0
2020-02-14 00:00:00-05:00,12.614237272935732,12.657674064937366,12.570799652430399,12.631611824035645,287100,0.0,0.0
2020-02-18 00:00:00-05:00,12.648986699110324,12.7706110374696,12.640299009655044,12.744548797607422,238500,0.0,0.0
2020-02-19 00:00:00-05:00,12.76192216700055,12.770609855651855,12.727172240898918,12.770609855651855,290900,0.0,0.0
2020-02-20 00:00:00-05:00,12.761923348014319,12.80536096678706,12.744548797607422,12.744548797607422,410300,0.0,0.0
2020-02-21 00:00:00-05:00,12.761922108240972,12.796672034182606,12.71848532219162,12.735859870910645,224200,0.0,0.0
2020-02-24 00:00:00-05:00,12.718486446517865,12.753236375531424,12.64029889911144,12.675048828125,284600,0.0,0.0
2020-02-25 00:00:00-05:00,12.709799375244506,12.744549305948032,12.544736583024978,12.631611824035645,610800,0.0,0.0
2020-02-26 00:00:00-05:00,12.631611660573526,12.69242383139182,12.51867418012263,12.527361869812012,304600,0.0,0.0
2020-02-27 00:00:00-05:00,12.423110533038791,12.431798221647021,11.945298430132762,12.084298133850098,1170900,0.0,0.0
2020-02-28 00:00:00-05:00,11.945298806702812,11.962674184467023,11.728111555671852,11.901861190795898,817400,0.0,0.0
2020-03-02 00:00:00-05:00,11.988734403620409,12.44917106628418,11.945296795028701,12.44917106628418,614700,0.0,0.0
2020-03-03 00:00:00-05:00,12.492611261086351,12.58817335696852,12.388361475986628,12.440485954284668,410900,0.0,0.0
2020-03-04 00:00:00-05:00,12.56211180006585,12.622923970884143,12.501299629247557,12.527361869812012,400600,0.0,0.0
2020-03-05 00:00:00-05:00,12.483923469466681,12.614236321150148,12.440485852238858,12.466548919677734,297000,0.0,0.0
2020-03-06 00:00:00-05:00,12.379673403127573,12.4665486356036,12.24936138291715,12.457860946655273,512300,0.0,0.0
2020-03-09 00:00:00-04:00,11.728111946842096,12.145111085048068,11.728111946842096,11.980049133300781,451200,0.0,0.0
2020-03-10 00:00:00-04:00,12.145110259095727,12.188547873497365,11.432736365521773,11.658611297607422,744400,0.0,0.0
2020-03-11 00:00:00-04:00,11.597802089469523,11.693364202697856,10.86805263280576,10.972302436828613,839200,0.0,0.0
2020-03-12 00:00:00-04:00,10.390241646776811,10.511866846870081,9.825554933958985,10.094866752624512,1116600,0.0,0.0
2020-03-13 00:00:00-04:00,10.32588309394005,10.605906770672346,10.32588309394005,10.562152862548828,858000,0.084,0.0
2020-03-16 00:00:00-04:00,9.538313984288946,9.96710122549713,9.407053111891024,9.669575691223145,731700,0.0,0.0
2020-03-17 00:00:00-04:00,9.582069080240926,9.713330803526427,9.503312213176901,9.634573936462402,849900,0.0,0.0
2020-03-18 00:00:00-04:00,9.153283697096368,9.363301477619428,9.057025756324085,9.065775871276855,2502600,0.0,0.0
2020-03-19 00:00:00-04:00,8.671993618335524,8.925765349640216,8.330714882688602,8.759501457214355,902700,0.0,0.0
2020-03-20 00:00:00-04:00,8.83825647891403,9.310796873092347,8.584484801198572,8.619487762451172,1070500,0.0,0.0
2020-03-23 00:00:00-04:00,8.313211441040039,8.92576369610412,7.9806828832540635,8.313211441040039,1540100,0.0,0.0
2020-03-24 00:00:00-04:00,8.40071769707725,9.293293482965042,8.34821284636089,8.671990394592285,1038700,0.0,0.0
2020-03-25 00:00:00-04:00,8.733245634610801,9.61707133545464,8.706993625690224,9.599570274353027,1050600,0.0,0.0
2020-03-26 00:00:00-04:00,9.65207549633485,10.238375720768062,9.599571471943579,10.098363876342773,884700,0.0,0.0
2020-03-27 00:00:00-04:00,9.99335524393736,10.142118041008477,9.809589484881066,10.063361167907715,359700,0.0,0.0
2020-03-30 00:00:00-04:00,9.844592479767412,10.168370087846501,9.83584153060776,10.054610252380371,605100,0.0,0.0
2020-03-31 00:00:00-04:00,10.133369873160492,10.334637585719076,10.019610006851147,10.203375816345215,717400,0.0,0.0
2020-04-01 00:00:00-04:00,9.914597907161307,10.500898118895908,9.914597907161307,10.124615669250488,905200,0.0,0.0
2020-04-02 00:00:00-04:00,10.13336702432192,10.38713870565675,10.019607189994383,10.080862998962402,425400,0.0,0.0
2020-04-03 00:00:00-04:00,10.063361678560316,10.150869505231956,9.354550619222188,9.993355751037598,278800,0.0,0.0
2020-04-06 00:00:00-04:00,10.115864977067348,10.500897518897597,10.115864977067348,10.3433837890625,566200,0.0,0.0
2020-04-07 00:00:00-04:00,10.44839188232865,10.500896733190572,10.395887866003022,10.45714282989502,459300,0.0,0.0
2020-04-08 00:00:00-04:00,10.500899932437646,10.737170581495036,10.465896966044316,10.675914764404297,783700,0.0,0.0
2020-04-09 00:00:00-04:00,10.859679470554376,11.393475698331276,10.780922595338998,11.227210998535156,432700,0.0,0.0
2020-04-13 00:00:00-04:00,11.22721243518964,11.314720270968046,11.157206500381545,11.1659574508667,728500,0.0,0.0
2020-04-14 00:00:00-04:00,11.363270623544501,11.609915869375422,11.319227609708003,11.486593246459961,412100,0.084,0.0
2020-04-15 00:00:00-04:00,11.416124178262312,11.53063787002755,11.380889260801215,11.468976974487305,425900,0.0,0.0
2020-04-16 00:00:00-04:00,11.407314860250892,11.67157715247112,11.407314860250892,11.653959274291992,219900,0.0,0.0
2020-04-17 00:00:00-04:00,11.838943745128201,11.838943745128201,11.715621948242188,11.715621948242188,300400,0.0,0.0
2020-04-20 00:00:00-04:00,11.609915733337402,11.69800260004489,11.486593111866961,11.609915733337402,361100,0.0,0.0
2020-04-21 00:00:00-04:00,11.557063163132678,11.609915956225146,11.213522108198253,11.222331047058105,381300,0.0,0.0
2020-04-22 00:00:00-04:00,11.24875801467501,11.389697678058463,11.23114013671875,11.23114013671875,260600,0.0,0.0
2020-04-23 00:00:00-04:00,11.266374255847948,11.310418107557322,11.16066951578541,11.1782865524292,238400,0.0,0.0
2020-04-24 00:00:00-04:00,11.248759255424917,11.30161121499001,10.984496937399205,11.046157836914062,309300,0.0,0.0
2020-04-27 00:00:00-04:00,11.107817928621868,11.143052845791749,11.037348094282105,11.05496597290039,415900,0.0,0.0
2020-04-28 00:00:00-04:00,11.160671550238304,11.248759269714355,11.081392770723205,11.248759269714355,308300,0.0,0.0
2020-04-29 00:00:00-04:00,11.398506299498415,11.468976974487305,11.33684540395817,11.468976974487305,438800,0.0,0.0
2020-04-30 00:00:00-04:00,11.504211124047872,11.521828161569145,11.275183755804864,11.486593246459961,265400,0.0,0.0
2020-05-01 00:00:00-04:00,11.433741238104043,11.601107726403786,11.416124199374265,11.539446830749512,604000,0.0,0.0
2020-05-04 00:00:00-04:00,11.530637373925511,11.865369495437532,11.504211396983333,11.84775161743164,260500,0.0,0.0
2020-05-05 00:00:00-04:00,11.847753537730389,11.979885123990657,11.821327556505054,11.91822338104248,408800,0.0,0.0
2020-05-06 00:00:00-04:00,11.927029397842668,11.979882187404517,11.750854832747487,11.777280807495117,313600,0.0,0.0
2020-05-07 00:00:00-04:00,11.803707713336209,11.927030338663997,11.68038592807508,11.706811904907227,210100,0.0,0.0
2020-05-08 00:00:00-04:00,11.750855734763805,11.750855734763805,11.609916071868886,11.63634204864502,364200,0.0,0.0
2020-05-11 00:00:00-04:00,11.66276881430424,11.750856529605247,11.636342835740624,11.68919563293457,234200,0.0,0.0
2020-05-12 00:00:00-04:00,11.68919357955101,11.742045527394,11.601105879723939,11.618722915649414,190800,0.0,0.0
2020-05-13 00:00:00-04:00,11.61872428586958,11.74204691215786,11.433740766470496,11.442549705505371,498300,0.0,0.0
2020-05-14 00:00:00-04:00,11.419498359757652,11.481560579720869,11.277641373822107,11.321971893310547,292300,0.084,0.0
2020-05-15 00:00:00-04:00,11.30423919145279,11.37516768344269,11.23331069946289,11.23331069946289,281300,0.0,0.0
2020-05-18 00:00:00-04:00,11.392900270466086,11.446096216883998,11.233310740143708,11.26877498626709,271900,0.0,0.0
2020-05-19 00:00:00-04:00,11.29537331378457,11.570221864012852,11.29537331378457,11.561355590820312,205800,0.0,0.0
2020-05-20 00:00:00-04:00,11.579086526223339,11.827336222335372,11.579086526223339,11.756407737731934,195100,0.0,0.0
2020-05-21 00:00:00-04:00,11.738679132967604,11.98692975791944,11.738679132967604,11.898268699645996,201700,0.0,0.0
2020-05-22 00:00:00-04:00,11.951462745666504,12.013525814740165,11.933731044170015,11.951462745666504,212600,0.0,0.0
2020-05-26 00:00:00-04:00,12.040124822720019,12.164250125982141,11.898267816440137,11.969196319580078,285700,0.0,0.0
2020-05-27 00:00:00-04:00,12.08445556041292,12.128786087036133,12.040125033789707,12.128786087036133,333000,0.0,0.0
2020-05-28 00:00:00-04:00,12.16424797666699,12.16424797666699,11.729809914778155,11.79187297821045,614000,0.0,0.0
2020-05-29 00:00:00-04:00,11.924864845092861,12.048990138480628,11.880534322773347,11.995793342590332,335900,0.0,0.0
2020-06-01 00:00:00-04:00,12.07558852118725,12.40363304456754,12.06672224731725,12.359302520751953,248500,0.0,0.0
2020-06-02 00:00:00-04:00,12.39476677069754,12.527758342144306,12.332704544676366,12.359302520751953,189200,0.0,0.0
2020-06-03 00:00:00-04:00,12.412498588778616,12.536623879058775,12.341570093056916,12.492293357849121,385700,0.0,0.0
2020-06-04 00:00:00-04:00,12.421364898663539,12.527757642559031,12.181980590747903,12.50115966796875,250800,0.0,0.0
2020-06-05 00:00:00-04:00,12.705080886286582,12.705080886286582,12.456831111375376,12.598688125610352,527900,0.0,0.0
2020-06-08 00:00:00-04:00,12.660746261358327,12.660746261358327,12.359299780879805,12.412496566772461,279200,0.0,0.0
2020-06-09 00:00:00-04:00,12.279505825974038,12.492291277707377,12.279505825974038,12.377032279968262,189200,0.0,0.0
2020-06-10 00:00:00-04:00,12.403630068186882,12.43022888341422,12.22630886100902,12.235175132751465,349300,0.0,0.0
2020-06-11 00:00:00-04:00,12.102183108027848,12.102183108027848,11.800737490677868,11.924861907958984,302800,0.0,0.0
2020-06-12 00:00:00-04:00,12.044418975341426,12.10687124590505,11.964122712703409,12.008731842041016,230000,0.084,0.0
2020-06-15 00:00:00-04:00,11.919512949626316,12.106870602204085,11.81245155541735,12.044418334960938,398500,0.0,0.0
2020-06-16 00:00:00-04:00,12.115789626836317,12.187163872140511,12.026571394782017,12.133633613586426,341400,0.0,0.0
2020-06-17 00:00:00-04:00,12.205007923292738,12.303147298391824,12.142554820185934,12.196085929870605,269900,0.0,0.0
2020-06-18 00:00:00-04:00,12.196089371857749,12.222854508829695,12.169324234885803,12.205011367797852,127700,0.0,0.0
2020-06-19 00:00:00-04:00,12.231772489690663,12.338833853283917,12.231772489690663,12.294224739074707,272300,0.0,0.0
2020-06-22 00:00:00-04:00,12.28530555433113,12.29422669791591,12.222852444148335,12.249617576599121,163000,0.0,0.0
2020-06-23 00:00:00-04:00,12.258540528306595,12.258540528306595,12.1336359998836,12.142557144165039,301700,0.0,0.0
2020-06-24 00:00:00-04:00,12.17824129265995,12.187163285605612,12.062258787758646,12.124711036682129,226500,0.0,0.0
2020-06-25 00:00:00-04:00,12.053340330523767,12.133636588892573,12.01765319912078,12.044418334960938,165800,0.0,0.0
2020-06-26 00:00:00-04:00,12.053339320963623,12.089026449377538,11.776763437619582,11.874903678894043,271600,0.0,0.0
2020-06-29 00:00:00-04:00,11.937354395905597,11.946276389566405,11.803527043537922,11.86598014831543,210500,0.0,0.0
2020-06-30 00:00:00-04:00,11.892746337717824,11.946277453602455,11.75891982427858,11.776762962341309,447000,0.0,0.0
2020-07-01 00:00:00-04:00,11.785683859932291,11.946276341792016,11.785683859932291,11.910589218139648,255400,0.0,0.0
2020-07-02 00:00:00-04:00,11.99980729881082,12.0533384128226,11.928433047360578,11.937355041503906,180400,0.0,0.0
2020-07-06 00:00:00-04:00,11.981962486031549,12.080101855341553,11.946275365296268,12.06225872039795,285500,0.0,0.0
2020-07-07 00:00:00-04:00,12.106868634814308,12.222852005738577,12.080103503323535,12.089025497436523,245800,0.0,0.0
2020-07-08 00:00:00-04:00,12.160401134424486,12.258540528306595,12.142557144165039,12.142557144165039,222500,0.0,0.0
2020-07-09 00:00:00-04:00,12.106871035832679,12.133637023479835,11.990887641906738,11.990887641906738,271700,0.0,0.0
2020-07-10 00:00:00-04:00,12.035494383606787,12.124712623040283,12.035494383606787,12.089025497436523,189000,0.0,0.0
2020-07-13 00:00:00-04:00,12.20500962107465,12.20500962107465,12.115791376138837,12.178243637084961,290400,0.0,0.0
2020-07-14 00:00:00-04:00,12.199790882155241,12.289560719810973,12.127974669583942,12.280584335327148,716700,0.084,0.0
2020-07-15 00:00:00-04:00,12.298535296154904,12.352397871973412,12.244673576452996,12.32546615600586,248500,0.0,0.0
2020-07-16 00:00:00-04:00,12.2985366577802,12.352399239562073,12.208766829632673,12.262628555297852,170100,0.0,0.0
2020-07-17 00:00:00-04:00,12.307511121760124,12.307511121760124,12.16387874422363,12.20876407623291,169400,0.0,0.0
2020-07-20 00:00:00-04:00,12.253649711608887,12.271604188558113,12.127971797430622,12.253649711608887,327300,0.0,0.0
2020-07-21 00:00:00-04:00,12.289560719810973,12.33444606669723,12.217744507239674,12.280584335327148,227000,0.0,0.0
2020-07-22 00:00:00-04:00,12.289558057499054,12.34342063331756,12.289558057499054,12.32546615600586,322700,0.0,0.0
2020-07-23 00:00:00-04:00,12.307510933849535,12.370349884033203,12.307510933849535,12.370349884033203,433400,0.0,0.0
2020-07-24 00:00:00-04:00,12.361374804877665,12.3883056640625,12.316489468825221,12.3883056640625,245900,0.0,0.0
2020-07-27 00:00:00-04:00,12.379328622907838,12.513983777094477,12.379328622907838,12.487052917480469,523500,0.0,0.0
2020-07-28 00:00:00-04:00,12.50500578935095,12.567844739089121,12.496028551926502,12.531936645507812,225000,0.0,0.0
2020-07-29 00:00:00-04:00,12.558870359844537,12.612732940532926,12.549893120377027,12.58580207824707,230400,0.0,0.0
2020-07-30 00:00:00-04:00,12.594775199890137,12.612729674175432,12.540913489267156,12.594775199890137,129300,0.0,0.0
2020-07-31 00:00:00-04:00,12.675571087572795,12.801249863667339,12.675571087572795,12.711479187011719,271600,0.0,0.0
2020-08-03 00:00:00-04:00,12.711479716967611,12.908974700173792,12.67557161603164,12.882043838500977,321700,0.0,0.0
2020-08-04 00:00:00-04:00,12.882043085070997,12.953859282742641,12.837157747497068,12.92692756652832,271100,0.0,0.0
2020-08-05 00:00:00-04:00,12.962835412994467,13.016697988257869,12.88204283427425,12.908973693847656,278200,0.0,0.0
2020-08-06 00:00:00-04:00,12.971811644543493,12.989766120276332,12.908972691711599,12.935903549194336,197700,0.0,0.0
2020-08-07 00:00:00-04:00,12.971813201904297,12.971813201904297,12.891019763639722,12.971813201904297,184200,0.0,0.0
2020-08-10 00:00:00-04:00,12.971811995651585,12.989766471870398,12.926926661221096,12.953858375549316,155600,0.0,0.0
2020-08-11 00:00:00-04:00,12.971812300140721,12.971812300140721,12.81920267316476,12.891018867492676,212900,0.0,0.0
2020-08-12 00:00:00-04:00,12.935905264399176,12.944882503455911,12.801250103014695,12.837158203125,213700,0.0,0.0
2020-08-13 00:00:00-04:00,12.894948645156925,12.894948645156925,12.75949784586349,12.804648399353027,207900,0.084,0.0
2020-08-14 00:00:00-04:00,12.786589766987499,12.79562005128594,12.479566990242974,12.58792781829834,812300,0.0,0.0
2020-08-17 00:00:00-04:00,12.596957065035559,12.633077338078932,12.54277708605812,12.560836791992188,256000,0.0,0.0
2020-08-18 00:00:00-04:00,12.569866180419922,12.569866180419922,12.49762563947758,12.569866180419922,211700,0.0,0.0
2020-08-19 00:00:00-04:00,12.605986305796892,12.714347115963177,12.515685200070736,12.533745765686035,450200,0.0,0.0
2020-08-20 00:00:00-04:00,12.551806649620197,12.624047196519502,12.506656953689568,12.596957206726074,529500,0.0,0.0
2020-08-21 00:00:00-04:00,12.633078413460074,12.651138982106772,12.524717585105826,12.578898429870605,168100,0.0,0.0
2020-08-24 00:00:00-04:00,12.605987548828125,12.624047255049058,12.54277728529198,12.605987548828125,252900,0.0,0.0
2020-08-25 00:00:00-04:00,12.615017632144864,12.615017632144864,12.506656813014748,12.560836791992188,183100,0.0,0.0
2020-08-26 00:00:00-04:00,12.533747001593888,12.615017832526219,12.533747001593888,12.605987548828125,449100,0.0,0.0
2020-08-27 00:00:00-04:00,12.651136884956092,12.687257155086598,12.452474968650721,12.55180549621582,461500,0.0,0.0
2020-08-28 00:00:00-04:00,12.569868110876767,12.596958102596782,12.488597274541416,12.58792781829834,274200,0.0,0.0
2020-08-31 00:00:00-04:00,12.624047255049058,12.633077538747152,12.551806707814821,12.605987548828125,398100,0.0,0.0
2020-09-01 00:00:00-04:00,12.615016156206753,12.669196128845215,12.560835322393151,12.669196128845215,336400,0.0,0.0
2020-09-02 00:00:00-04:00,12.687256839550583,12.714346826180936,12.642106287716567,12.705316543579102,210200,0.0,0.0
2020-09-03 00:00:00-04:00,12.732407391384601,12.759497378014952,12.57889603185403,12.705316543579102,249700,0.0,0.0
2020-09-04 00:00:00-04:00,12.70531896569624,12.840770647020536,12.560837861223908,12.578898429870605,289000,0.0,0.0
2020-09-08 00:00:00-04:00,12.578897699320287,12.642107963562012,12.452476309661572,12.642107963562012,400400,0.0,0.0
2020-09-09 00:00:00-04:00,12.678226411343338,12.723376962658817,12.624045577529738,12.669196128845215,373200,0.0,0.0
2020-09-10 00:00:00-04:00,12.696286976339584,12.696286976339584,12.651136425024108,12.669196128845215,148800,0.0,0.0
2020-09-11 00:00:00-04:00,12.705318427103764,12.705318427103764,12.66016872975159,12.68725872039795,177900,0.0,0.0
2020-09-14 00:00:00-04:00,12.745398192194964,12.763567386997236,12.681807743096797,12.709060668945312,184600,0.084,0.0
2020-09-15 00:00:00-04:00,12.736312655360962,12.74539638511929,12.709058867021668,12.718143463134766,153600,0.0,0.0
2020-09-16 00:00:00-04:00,12.718143873336722,12.75448139260635,12.645468834797468,12.663637161254883,139600,0.0,0.0
2020-09-17 00:00:00-04:00,12.64547061920166,12.672723545910845,12.618217692492474,12.64547061920166,119400,0.0,0.0
2020-09-18 00:00:00-04:00,12.645469166575802,12.736313400310744,12.645469166575802,12.69997501373291,166100,0.0,0.0
2020-09-21 00:00:00-04:00,12.681806643397184,12.690891240010552,12.545541159615942,12.590962409973145,188500,0.0,0.0
2020-09-22 00:00:00-04:00,12.618215172251276,12.681805610656738,12.572793059238197,12.681805610656738,235700,0.0,0.0
2020-09-23 00:00:00-04:00,12.627301589180378,12.645470784794375,12.445613964815072,12.45469856262207,220300,0.0,0.0
2020-09-24 00:00:00-04:00,12.481949162322833,12.74539638511929,12.409274126127587,12.718143463134766,331000,0.0,0.0
2020-09-25 00:00:00-04:00,12.709059124577037,12.872578392507522,12.581878241835357,12.845325469970703,506900,0.0,0.0
2020-09-28 00:00:00-04:00,12.899829677941632,12.908914273085918,12.736311297117865,12.772648811340332,265000,0.0,0.0
2020-09-29 00:00:00-04:00,12.754479976608767,12.818070411682129,12.745395381211228,12.818070411682129,198800,0.0,0.0
2020-09-30 00:00:00-04:00,12.890749287951937,12.963425206459519,12.836243432014951,12.91800308227539,412300,0.0,0.0
2020-10-01 00:00:00-04:00,12.89074993133545,12.954341254909085,12.872581600567983,12.89074993133545,151800,0.0,0.0
2020-10-02 00:00:00-04:00,12.854408939412158,12.890746457509781,12.709058867021668,12.718143463134766,188700,0.0,0.0
2020-10-05 00:00:00-04:00,12.727227723669817,12.76356524080933,12.627298901770093,12.681805610656738,207300,0.0,0.0
2020-10-06 00:00:00-04:00,12.67272335307759,12.799905119710074,12.67272335307759,12.727230072021484,131700,0.0,0.0
2020-10-07 00:00:00-04:00,12.790818911875977,12.83624102755171,12.600046719121734,12.663637161254883,288900,0.0,0.0
2020-10-08 00:00:00-04:00,12.690891283443273,12.69997501373291,12.627299973286886,12.69997501373291,226900,0.0,0.0
2020-10-09 00:00:00-04:00,12.754480199811205,12.754480199811205,12.627298461084107,12.636383056640625,241100,0.0,0.0
2020-10-12 00:00:00-04:00,12.699974041789273,12.699974041789273,12.636383602854357,12.690890312194824,222700,0.0,0.0
2020-10-13 00:00:00-04:00,12.681806686798815,12.718144207021828,12.645469166575802,12.69997501373291,185600,0.0,0.0
2020-10-14 00:00:00-04:00,12.731048051631666,12.767605225017018,12.721908540387387,12.74018669128418,158200,0.084,0.0
2020-10-15 00:00:00-04:00,12.740187171536421,12.740187171536421,12.676212333598409,12.712769508361816,126000,0.0,0.0
2020-10-16 00:00:00-04:00,12.758466217537768,12.758466217537768,12.694491379485312,12.749326705932617,133400,0.0,0.0
2020-10-19 00:00:00-04:00,12.767608076140885,12.776746717834142,12.685354199757855,12.703632354736328,162400,0.0,0.0
2020-10-20 00:00:00-04:00,12.758465665052844,12.7950228382986,12.667072296142578,12.667072296142578,166300,0.0,0.0
2020-10-21 00:00:00-04:00,12.712770473027295,12.731049497591938,12.65793514251709,12.65793514251709,174100,0.0,0.0
2020-10-22 00:00:00-04:00,12.703630026431913,12.776744376129425,12.667072851583157,12.694491386413574,149700,0.0,0.0
2020-10-23 00:00:00-04:00,12.703629522668795,12.731048056411927,12.657933709613769,12.685351371765137,156000,0.0,0.0
2020-10-26 00:00:00-04:00,12.703632354736328,12.740189536285236,12.657936531494165,12.703632354736328,166700,0.0,0.0
2020-10-27 00:00:00-04:00,12.721908545164217,12.749326207315585,12.657933709613769,12.685351371765137,213800,0.0,0.0
2020-10-28 00:00:00-04:00,12.68535179940751,12.731048485594803,12.612237450144557,12.639655113220215,188700,0.0,0.0
2020-10-29 00:00:00-04:00,12.66707416563181,12.712770856831158,12.575681654825004,12.59395980834961,190400,0.0,0.0
2020-10-30 00:00:00-04:00,12.657934165989102,12.657934165989102,12.566540793400382,12.621376991271973,175500,0.0,0.0
2020-11-02 00:00:00-05:00,12.676213264465332,12.721909954173237,12.63965608701738,12.676213264465332,165400,0.0,0.0
2020-11-03 00:00:00-05:00,12.667072782971497,12.703629957622239,12.584819793701172,12.584819793701172,181700,0.0,0.0
2020-11-04 00:00:00-05:00,12.630515171128122,12.795022887158092,12.630515171128122,12.74018669128418,217900,0.0,0.0
2020-11-05 00:00:00-05:00,12.776744936368223,12.93211315418602,12.776744936368223,12.868138313293457,426800,0.0,0.0
2020-11-06 00:00:00-05:00,12.886416885958349,12.959531236300915,12.849859710787067,12.877277374267578,220000,0.0,0.0
2020-11-09 00:00:00-05:00,13.06006325012399,13.087480913604502,12.840720199096294,12.877277374267578,308300,0.0,0.0
2020-11-10 00:00:00-05:00,12.9046959819743,12.941253159820441,12.877278316487661,12.932113647460938,195800,0.0,0.0
2020-11-11 00:00:00-05:00,12.93211474965332,13.105762012916195,12.886418927144932,13.078344345092773,297100,0.0,0.0
2020-11-12 00:00:00-05:00,13.078342950455694,13.178874969482422,13.032646261228324,13.178874969482422,158300,0.0,0.0
2020-11-13 00:00:00-05:00,13.219323118740183,13.219323118740183,13.15497342633891,13.191744804382324,210500,0.084,0.0
2020-11-16 00:00:00-05:00,13.265287560469153,13.265287560469153,13.1365872989678,13.191744804382324,226700,0.0,0.0
2020-11-17 00:00:00-05:00,13.191745795508595,13.302059937926995,13.14578135032621,13.219324111938477,153200,0.0,0.0
2020-11-18 00:00:00-05:00,13.274480183832841,13.320444627072817,13.173359110063963,13.256094932556152,187700,0.0,0.0
2020-11-19 00:00:00-05:00,13.23770958921134,13.329638481140137,13.219324336844913,13.329638481140137,145900,0.0,0.0
2020-11-20 00:00:00-05:00,13.393988609313965,13.430759991925783,13.292867526306196,13.393988609313965,314100,0.0,0.0
2020-11-23 00:00:00-05:00,13.393987808109875,13.467530568934315,13.393987808109875,13.449145317077637,172900,0.0,0.0
2020-11-24 00:00:00-05:00,13.513494683814011,13.65138801451856,13.430758860731052,13.596230506896973,242900,0.0,0.0
2020-11-25 00:00:00-05:00,13.660579681396484,13.669772745099626,13.60542305257524,13.660579681396484,179900,0.0,0.0
2020-11-27 00:00:00-05:00,13.660580597448936,13.669773661768549,13.605423964928994,13.633002281188965,146600,0.0,0.0
2020-11-30 00:00:00-05:00,13.669774374908778,13.669774374908778,13.52268884491712,13.651389122009277,263500,0.0,0.0
2020-12-01 00:00:00-05:00,13.651388614665125,13.669773866881352,13.559459723487354,13.587038040161133,199000,0.0,0.0
2020-12-02 00:00:00-05:00,13.559459534117424,13.633002295353,13.504302024841309,13.504302024841309,292000,0.0,0.0
2020-12-03 00:00:00-05:00,13.513493101934499,13.614615041287008,13.513493101934499,13.57784366607666,235200,0.0,0.0
2020-12-04 00:00:00-05:00,13.605421978309737,13.614615041287008,13.541071414167574,13.57784366607666,171700,0.0,0.0
2020-12-07 00:00:00-05:00,13.587037965441695,13.60542409425569,13.531881332397461,13.531881332397461,219600,0.0,0.0
2020-12-08 00:00:00-05:00,13.587037318156487,13.761702026772928,13.587037318156487,13.697351455688477,383500,0.0,0.0
2020-12-09 00:00:00-05:00,13.780087394125967,13.780087394125967,13.706544635151621,13.724930763244629,229700,0.0,0.0
2020-12-10 00:00:00-05:00,13.697351811890524,13.761702384648425,13.587037671489796,13.706544876098633,149300,0.0,0.0
2020-12-11 00:00:00-05:00,13.715737186916536,13.715737186916536,13.660579681396484,13.660579681396484,216400,0.0,0.0
2020-12-14 00:00:00-05:00,13.793710493614599,13.802955819443056,13.673523902893066,13.673523902893066,203200,0.084,0.0
2020-12-15 00:00:00-05:00,13.692012981222462,13.76597381598579,13.590316172160861,13.645787239074707,212200,0.0,0.0
2020-12-16 00:00:00-05:00,13.627298766458779,13.719750265523112,13.599563669412614,13.70125961303711,174300,0.0,0.0
2020-12-17 00:00:00-05:00,13.765975952148438,13.775220396666356,13.71975020282751,13.765975952148438,243500,0.0,0.0
2020-12-18 00:00:00-05:00,13.802955289174065,13.849180153174924,13.710503797806815,13.830690383911133,235500,0.0,0.0
2020-12-21 00:00:00-05:00,13.821444442206511,13.867670185829153,13.793709348706017,13.80295467376709,217300,0.0,0.0
2020-12-22 00:00:00-05:00,13.802956988904251,13.821446760444918,13.77522100906894,13.79371166229248,153700,0.0,0.0
2020-12-23 00:00:00-05:00,13.79371166229248,13.839937413668459,13.765976564140043,13.79371166229248,189600,0.0,0.0
2020-12-24 00:00:00-05:00,13.83993768379692,13.85842745569847,13.812201703420257,13.84918212890625,130300,0.0,0.0
2020-12-28 00:00:00-05:00,13.867672099011443,13.867672099011443,13.71975040435791,13.71975040435791,355200,0.0,0.0
2020-12-29 00:00:00-05:00,13.7844655161883,13.812200612691875,13.71974999711902,13.728995323181152,224100,0.0,0.0
2020-12-30 00:00:00-05:00,13.751307697339001,13.797796406567816,13.704818988110189,13.732712745666504,214400,0.084,0.0
2020-12-31 00:00:00-05:00,13.788499948481217,13.807095788822602,13.67692756652832,13.67692756652832,420800,0.0,0.0
2021-01-04 00:00:00-05:00,13.732710860531022,13.760603727560012,13.621137619018555,13.621137619018555,320800,0.0,0.0
2021-01-05 00:00:00-05:00,13.621140769571024,13.807095623970755,13.556057102550195,13.742011070251465,331500,0.0,0.0
2021-01-06 00:00:00-05:00,13.714118148403383,13.788499735221558,13.658331514940521,13.69552230834961,373600,0.0,0.0
2021-01-07 00:00:00-05:00,13.732714200854005,13.844286582806902,13.67692756652832,13.67692756652832,273800,0.0,0.0
2021-01-08 00:00:00-05:00,13.779201767664484,13.844286320929728,13.72341602109251,13.807095527648926,203100,0.0,0.0
2021-01-11 00:00:00-05:00,13.834987287410296,13.900070948738753,13.807094416369297,13.872178077697754,325700,0.0,0.0
2021-01-12 00:00:00-05:00,13.853581175081233,13.881474930678035,13.751306731321241,13.779199600219727,287000,0.0,0.0
2021-01-13 00:00:00-05:00,13.769904330595875,13.834987995254227,13.760606410873702,13.797797203063965,163500,0.0,0.0
2021-01-14 00:00:00-05:00,13.797795843610766,13.816390794524581,13.676925559226772,13.788497924804688,211800,0.0,0.0
2021-01-15 00:00:00-05:00,13.76060561652444,13.853582148283689,13.732712745666504,13.732712745666504,185400,0.0,0.0
2021-01-19 00:00:00-05:00,13.8256904809401,13.890774147506889,13.797797607654111,13.807095527648926,266000,0.0,0.0
2021-01-20 00:00:00-05:00,13.844285206656757,13.93726173902621,13.76990362608184,13.872178077697754,171600,0.0,0.0
2021-01-21 00:00:00-05:00,13.918667193656143,13.94656006551161,13.397995227729742,13.881476402282715,274900,0.0,0.0
2021-01-22 00:00:00-05:00,13.918667193656143,13.927964226475693,13.862880563246796,13.881476402282715,166700,0.0,0.0
2021-01-25 00:00:00-05:00,13.900071001036723,13.927963872182666,13.844285258744838,13.91866683959961,246900,0.0,0.0
2021-01-26 00:00:00-05:00,13.900073219691125,13.918669061222177,13.779202909834858,13.834989547729492,259100,0.0,0.0
2021-01-27 00:00:00-05:00,13.853582643728837,13.94656006551161,13.78849898049994,13.881476402282715,230000,0.0,0.0
2021-01-28 00:00:00-05:00,13.881477065157165,13.881477065157165,13.751308845785113,13.76060676574707,150700,0.0,0.0
2021-01-29 00:00:00-05:00,13.825689771873368,13.890773435102265,13.742010269608553,13.881476402282715,117200,0.0,0.0
2021-02-01 00:00:00-05:00,13.900071354620223,13.909369274138182,13.853582643728837,13.881476402282715,191700,0.0,0.0
2021-02-02 00:00:00-05:00,13.881474844817907,13.927962663795075,13.807093270416468,13.844284057617188,205900,0.0,0.0
2021-02-03 00:00:00-05:00,13.872179772800939,14.086026621410124,13.844286898351587,13.890774726867676,279200,0.0,0.0
2021-02-04 00:00:00-05:00,13.946560344075097,14.095323512540151,13.927964504667752,14.048834800720215,190100,0.0,0.0
2021-02-05 00:00:00-05:00,14.086024794168983,14.086024794168983,13.965155391668157,13.983750343322754,167300,0.0,0.0
2021-02-08 00:00:00-05:00,13.98375184626223,14.076729274623336,13.955858972433287,13.974453926086426,155000,0.0,0.0
2021-02-09 00:00:00-05:00,14.0581319761605,14.086024847096391,14.00234623428872,14.03023910522461,181500,0.0,0.0
2021-02-10 00:00:00-05:00,14.086026210644334,14.086026210644334,14.00234758973645,14.039538383483887,183600,0.0,0.0
2021-02-11 00:00:00-05:00,14.086025998521094,14.113919758435467,14.002347378873337,14.058133125305176,191300,0.0,0.0
2021-02-12 00:00:00-05:00,14.099273101873617,14.136671668788978,14.00577623875913,14.04317569732666,141600,0.084,0.0
2021-02-16 00:00:00-05:00,14.024474166365078,14.033824029805814,13.818781628929148,13.856180191040039,185900,0.0,0.0
2021-02-17 00:00:00-05:00,13.828131452036278,13.874879877451551,13.725285629444318,13.865530014038086,217400,0.0,0.0
2021-02-18 00:00:00-05:00,13.884230245134026,13.940327644348145,13.790733390907716,13.940327644348145,163100,0.0,0.0
2021-02-19 00:00:00-05:00,13.930976055217814,13.99642420173119,13.874878662951462,13.912277221679688,166100,0.0,0.0
2021-02-22 00:00:00-05:00,13.959026336669922,14.005773868664253,13.893578186904225,13.959026336669922,149300,0.0,0.0
2021-02-23 00:00:00-05:00,13.977725291725438,13.977725291725438,13.856179745857144,13.930976867675781,237900,0.0,0.0
2021-02-24 00:00:00-05:00,13.89357852935791,13.949676817446662,13.790732708122578,13.89357852935791,206500,0.0,0.0
2021-02-25 00:00:00-05:00,13.893580354444234,13.930978920865465,13.323251993607395,13.435447692871094,465900,0.0,0.0
2021-02-26 00:00:00-05:00,13.491544989674049,13.575691980806234,13.323251007409677,13.444796562194824,335400,0.0,0.0
2021-03-01 00:00:00-05:00,13.47284436873992,13.622438613433312,13.407397109599572,13.594389915466309,233100,0.0,0.0
2021-03-02 00:00:00-05:00,13.594389693222231,13.659836951292636,13.547641269606792,13.63178825378418,224700,0.0,0.0
2021-03-03 00:00:00-05:00,13.687886786164906,13.762683908631487,13.566341239243703,13.753334045410156,182500,0.0,0.0
2021-03-04 00:00:00-05:00,13.753333717809051,13.828130838493983,13.641138036781653,13.650487899780273,163100,0.0,0.0
2021-03-05 00:00:00-05:00,13.650487797827223,13.73463388923029,13.613089237764079,13.659836769104004,113900,0.0,0.0
2021-03-08 00:00:00-05:00,13.697237200416916,13.790734059173861,13.669188499450684,13.669188499450684,149100,0.0,0.0
2021-03-09 00:00:00-05:00,13.772032737731934,13.828131024827561,13.753333903134742,13.772032737731934,113700,0.0,0.0
2021-03-10 00:00:00-05:00,13.837480807427001,13.865529504985577,13.77203265758763,13.790732383728027,113900,0.0,0.0
2021-03-11 00:00:00-05:00,13.884229884103945,13.884229884103945,13.82813159469646,13.846831321716309,123500,0.0,0.0
2021-03-12 00:00:00-05:00,13.85999553677565,13.8693987341855,13.681339269679789,13.70014476776123,157300,0.084,0.0
2021-03-15 00:00:00-04:00,13.70014355913953,13.70014355913953,13.559099197387695,13.559099197387695,230800,0.0,0.0
2021-03-16 00:00:00-04:00,13.606115132884925,13.606115132884925,13.465069865590445,13.493279457092285,261000,0.0,0.0
2021-03-17 00:00:00-04:00,13.493277408559461,13.493277408559461,13.380440853159289,13.436859130859375,244400,0.0,0.0
2021-03-18 00:00:00-04:00,13.342830437935842,13.352233634712206,13.135965489285011,13.211189270019531,462600,0.0,0.0
2021-03-19 00:00:00-04:00,13.211187590012159,13.324023246765137,13.173575704427835,13.324023246765137,357700,0.0,0.0
2021-03-22 00:00:00-04:00,13.352234158513754,13.502681725884779,13.352234158513754,13.48387622833252,275500,0.0,0.0
2021-03-23 00:00:00-04:00,13.465070009401524,13.634323973267287,13.465070009401524,13.587308883666992,291300,0.0,0.0
2021-03-24 00:00:00-04:00,13.63432417362483,13.737756654874829,13.587309083333643,13.681339263916016,165400,0.0,0.0
2021-03-25 00:00:00-04:00,13.681339295248357,13.728354385647215,13.6343242048495,13.690742492675781,148900,0.0,0.0
2021-03-26 00:00:00-04:00,13.690742461321905,13.765966247092498,13.540293993042457,13.681339263916016,147400,0.0,0.0
2021-03-29 00:00:00-04:00,13.681337315424337,13.841188061605521,13.634322231829024,13.653128623962402,182600,0.0,0.0
2021-03-30 00:00:00-04:00,13.653129655659637,13.72835343640116,13.653129655659637,13.70954704284668,87100,0.0,0.0
2021-03-31 00:00:00-04:00,13.794174226178164,13.89760670205645,13.709547247396744,13.803577423095703,282000,0.0,0.0
2021-04-01 00:00:00-04:00,13.765965640374091,13.916413205284481,13.765965640374091,13.86939811706543,161100,0.0,0.0
2021-04-05 00:00:00-04:00,13.841189288882521,13.869397982845678,13.80357739801891,13.812979698181152,187900,0.0,0.0
2021-04-06 00:00:00-04:00,13.75656216206489,13.803577249322498,13.718950271606445,13.718950271606445,237000,0.0,0.0
2021-04-07 00:00:00-04:00,13.756563714309591,13.794175609012036,13.530892346094914,13.540294647216797,351200,0.0,0.0
2021-04-08 00:00:00-04:00,13.577904907674197,13.709546971657389,13.549696214227154,13.671935081481934,451100,0.0,0.0
2021-04-09 00:00:00-04:00,13.671935081481934,13.700143774928977,13.634323191306478,13.671935081481934,184100,0.0,0.0
2021-04-12 00:00:00-04:00,13.681338349253158,13.756562129994682,13.671935152475918,13.70954704284668,210400,0.0,0.0
2021-04-13 00:00:00-04:00,13.728354558665275,13.803578345556186,13.671936270127956,13.794175148010254,299200,0.0,0.0
2021-04-14 00:00:00-04:00,13.797957232239531,13.807414581724185,13.722300240167275,13.75067138671875,207300,0.084,0.0
2021-04-15 00:00:00-04:00,13.750670862030335,13.826327851215726,13.722299716561427,13.807414054870605,266800,0.0,0.0
2021-04-16 00:00:00-04:00,13.816871065364463,13.968185951806353,13.760128772113433,13.911442756652832,273500,0.0,0.0
2021-04-19 00:00:00-04:00,13.91144352495246,13.939814673144854,13.845243878536028,13.864157676696777,295900,0.0,0.0
2021-04-20 00:00:00-04:00,13.911442618521798,13.911442618521798,13.712842790310173,13.82632827758789,221000,0.0,0.0
2021-04-21 00:00:00-04:00,13.826328837213264,13.987100176172925,13.788500339922903,13.968186378479004,175300,0.0,0.0
2021-04-22 00:00:00-04:00,13.996556330668703,13.996556330668703,13.939813138627759,13.958727836608887,144900,0.0,0.0
2021-04-23 00:00:00-04:00,13.9681854222991,14.015470364248314,13.92089957844743,13.9303560256958,163200,0.0,0.0
2021-04-26 00:00:00-04:00,13.968186430701646,14.02492872589807,13.835786238739123,13.892528533935547,232300,0.0,0.0
2021-04-27 00:00:00-04:00,13.949272155761719,14.043843853171971,13.901986307056594,13.949272155761719,199200,0.0,0.0
2021-04-28 00:00:00-04:00,13.977642059326172,14.043842602378316,13.95872826267018,13.977642059326172,133600,0.0,0.0
2021-04-29 00:00:00-04:00,13.977644621509686,14.091130127955598,13.901987617212411,14.043845176696777,233700,0.0,0.0
2021-04-30 00:00:00-04:00,14.081671578331656,14.166785019043042,13.95872873921188,13.996557235717773,234900,0.0,0.0
2021-05-03 00:00:00-04:00,14.091128932283555,14.157329481853342,13.996558135887877,14.03438663482666,223400,0.0,0.0
2021-05-04 00:00:00-04:00,14.11950218099405,14.157330683142689,14.015473123658325,14.043845176696777,268300,0.0,0.0
2021-05-05 00:00:00-04:00,14.128955990001025,14.17624183432676,14.015470504760742,14.015470504760742,235300,0.0,0.0
2021-05-06 00:00:00-04:00,14.062755298241159,14.119498487572374,13.996555662273405,14.091126441955566,186000,0.0,0.0
2021-05-07 00:00:00-04:00,14.119500109054291,14.176242402999389,14.100585409804259,14.157328605651855,133500,0.0,0.0
2021-05-10 00:00:00-04:00,14.185698034973814,14.25189767052826,14.138412194476757,14.204612731933594,198600,0.0,0.0
2021-05-11 00:00:00-04:00,14.091127873022673,14.195156913711152,14.072214075926352,14.110042572021484,175500,0.0,0.0
2021-05-12 00:00:00-04:00,14.1384145415215,14.185700389868236,13.968186750136809,14.02492904663086,275600,0.0,0.0
2021-05-13 00:00:00-04:00,14.085799665636596,14.180909177229768,14.009710786505812,14.10482120513916,170800,0.084,0.0
2021-05-14 00:00:00-04:00,14.104819525972076,14.161885951766408,14.066775544455876,14.095308303833008,137500,0.0,0.0
2021-05-17 00:00:00-04:00,14.095308303833008,14.152374729627342,14.028731562939676,14.095308303833008,214900,0.0,0.0
2021-05-18 00:00:00-04:00,14.123842689088747,14.152375449918067,14.095309021219315,14.142864227294922,170800,0.0,0.0
2021-05-19 00:00:00-04:00,14.123842681497035,14.190419425743032,14.066776252828957,14.180908203125,260100,0.0,0.0
2021-05-20 00:00:00-04:00,14.228463172912598,14.237974395372696,14.133352762391805,14.228463172912598,204200,0.0,0.0
2021-05-21 00:00:00-04:00,14.237974381497141,14.333083884885147,14.218951936595483,14.304551124572754,182300,0.0,0.0
2021-05-24 00:00:00-04:00,14.31406257582095,14.333084113986555,14.266507369846773,14.295040130615234,169700,0.0,0.0
2021-05-25 00:00:00-04:00,14.285530051869754,14.295040367590158,14.247485160827637,14.247485160827637,121500,0.0,0.0
2021-05-26 00:00:00-04:00,14.304551620600824,14.352106827463912,14.26650763651838,14.32357406616211,167500,0.0,0.0
2021-05-27 00:00:00-04:00,14.295039902121925,14.323573569474414,14.256995919358703,14.304551124572754,182500,0.0,0.0
2021-05-28 00:00:00-04:00,14.304552790955077,14.361619225267805,14.285531250877636,14.352108001708984,133700,0.0,0.0
2021-06-01 00:00:00-04:00,14.35210655919227,14.380639319960732,14.295040130615234,14.295040130615234,160800,0.0,0.0
2021-06-02 00:00:00-04:00,14.34259464403069,14.409171384955691,14.34259464403069,14.361617088317871,147300,0.0,0.0
2021-06-03 00:00:00-04:00,14.361618033783428,14.437706001861105,14.295040381435365,14.399662017822266,172600,0.0,0.0
2021-06-04 00:00:00-04:00,14.428196879549045,14.504284858703613,14.409174431240274,14.504284858703613,156800,0.0,0.0
2021-06-07 00:00:00-04:00,14.523307307012386,14.532817624126512,14.456729644971944,14.504284858703613,185400,0.0,0.0
2021-06-08 00:00:00-04:00,14.561348436911167,14.561348436911167,14.390150063914618,14.428194046020508,175200,0.0,0.0
2021-06-09 00:00:00-04:00,14.504284858703613,14.504284858703613,14.43770810370343,14.504284858703613,182400,0.0,0.0
2021-06-10 00:00:00-04:00,14.599391450231076,14.61841298650175,14.4281930885949,14.46623706817627,241100,0.0,0.0
2021-06-11 00:00:00-04:00,14.475749694227634,14.542326438194111,14.456727249071434,14.485260009765625,166400,0.0,0.0
2021-06-14 00:00:00-04:00,14.517777969194778,14.584723951206577,14.508213996887207,14.508213996887207,132400,0.084,0.0
2021-06-15 00:00:00-04:00,14.613414525263822,14.613414525263822,14.450830649110388,14.498649597167969,155000,0.0,0.0
2021-06-16 00:00:00-04:00,14.498649737243605,14.651669642849779,14.460394760842062,14.479522705078125,129400,0.0,0.0
2021-06-17 00:00:00-04:00,14.527340741527118,14.54646868576318,14.441267728676582,14.479522705078125,213700,0.0,0.0
2021-06-18 00:00:00-04:00,14.479523231498945,14.536905242152162,14.422140308775113,14.469959259033203,151600,0.0,0.0
2021-06-21 00:00:00-04:00,14.5273410769267,14.66123395345864,14.46995906703487,14.575160026550293,265800,0.0,0.0
2021-06-22 00:00:00-04:00,14.632543963620215,14.642107936622539,14.441269063927079,14.489087104797363,183100,0.0,0.0
2021-06-23 00:00:00-04:00,14.556032895288974,14.613414904791894,14.48908600144144,14.594287872314453,159100,0.0,0.0
2021-06-24 00:00:00-04:00,14.565596054211452,14.66123395345864,14.536905049265538,14.575160026550293,150300,0.0,0.0
2021-06-25 00:00:00-04:00,14.622980259994337,14.65167126745917,14.594289252529503,14.603853225708008,111000,0.0,0.0
2021-06-28 00:00:00-04:00,14.651671874532486,14.756873759713587,14.651671874532486,14.728181838989258,186200,0.0,0.0
2021-06-29 00:00:00-04:00,14.756872462801015,14.82381844779944,14.728180544598285,14.785563468933105,153700,0.0,0.0
2021-06-30 00:00:00-04:00,14.871636152880184,14.948146104199894,14.785562229627867,14.909891128540039,446100,0.0,0.0
2021-07-01 00:00:00-04:00,14.919455763416476,15.187240604934445,14.871636813699189,15.034220695495605,269000,0.0,0.0
2021-07-02 00:00:00-04:00,15.062912570792799,15.062912570792799,14.938583659172698,14.96727466583252,245500,0.0,0.0
2021-07-06 00:00:00-04:00,14.929018160334685,14.98640107985975,14.862072180947578,14.909891128540039,166100,0.0,0.0
2021-07-07 00:00:00-04:00,14.919456385093563,15.005529403686523,14.909892412337465,15.005529403686523,132400,0.0,0.0
2021-07-08 00:00:00-04:00,15.015094046211928,15.015094046211928,14.900329104231421,14.976839065551758,151100,0.0,0.0
2021-07-09 00:00:00-04:00,14.938583041486458,14.957710986515869,14.84294605255127,14.84294605255127,136500,0.0,0.0
2021-07-12 00:00:00-04:00,14.929017597722892,15.235058303538914,14.929017597722892,15.158548355102539,507600,0.0,0.0
2021-07-13 00:00:00-04:00,15.177675865310833,15.2541858161625,15.139420889885,15.235058784484863,293800,0.0,0.0
2021-07-14 00:00:00-04:00,15.286976607367789,15.315820620321121,15.104302443190816,15.210061073303223,237700,0.084,0.0
2021-07-15 00:00:00-04:00,15.190832818369955,15.20044748946208,15.113917283443971,15.181218147277832,224900,0.0,0.0
2021-07-16 00:00:00-04:00,15.190833020680186,15.315820995825867,15.075459716754679,15.085073471069336,1173600,0.0,0.0
2021-07-19 00:00:00-04:00,15.065844871791555,15.113917310432512,14.767796485742021,14.835098266601562,257100,0.0,0.0
2021-07-20 00:00:00-04:00,14.854327200745177,15.06584538786758,14.825484103334793,15.027387619018555,176100,0.0,0.0
2021-07-21 00:00:00-04:00,15.06584406603335,15.258132893407598,15.037000971153576,15.152374267578125,181800,0.0,0.0
2021-07-22 00:00:00-04:00,15.20044731922427,15.219675744287667,15.123530868254212,15.210061073303223,176400,0.0,0.0
2021-07-23 00:00:00-04:00,15.219676774374737,15.335050083280198,14.863942176023171,14.969700813293457,293900,0.0,0.0
2021-07-26 00:00:00-04:00,14.979315454976032,15.05623099409254,14.844712803069365,14.86394214630127,182500,0.0,0.0
2021-07-27 00:00:00-04:00,14.883169993842209,14.998544214935782,14.863941568263623,14.91201400756836,196100,0.0,0.0
2021-07-28 00:00:00-04:00,14.950472285950534,14.998544726896176,14.883170501864416,14.931242942810059,189400,0.0,0.0
2021-07-29 00:00:00-04:00,14.979314975069988,14.979314975069988,14.902399438417692,14.950471878051758,160300,0.0,0.0
2021-07-30 00:00:00-04:00,14.979314665618931,15.056230200682263,14.777411156851313,14.835098266601562,587200,0.0,0.0
2021-08-02 00:00:00-04:00,14.835099048358966,14.912014587475474,14.835099048358966,14.86394214630127,158200,0.0,0.0
2021-08-03 00:00:00-04:00,14.912013939501028,14.988929475275311,14.863941500415722,14.979314804077148,144400,0.0,0.0
2021-08-04 00:00:00-04:00,14.98892862583183,15.027386391539517,14.950470860124144,15.01777172088623,161200,0.0,0.0
2021-08-05 00:00:00-04:00,15.027386938798816,15.075459376910466,14.998543842694025,15.037001609802246,161800,0.0,0.0
2021-08-06 00:00:00-04:00,15.04661526019368,15.05622993113084,14.950471301538531,14.998543739318848,151800,0.0,0.0
2021-08-09 00:00:00-04:00,15.037001914360616,15.065845011049595,14.940857036190005,14.979314804077148,120600,0.0,0.0
2021-08-10 00:00:00-04:00,14.998544419908603,15.017772845749967,14.960086651320346,14.988929748535156,135200,0.0,0.0
2021-08-11 00:00:00-04:00,15.037001506162005,15.037001506162005,14.969699726507367,14.998543739318848,136900,0.0,0.0
2021-08-12 00:00:00-04:00,15.037001914360616,15.037001914360616,14.92162861069919,14.979314804077148,183800,0.0,0.0
2021-08-13 00:00:00-04:00,15.031417394245327,15.031417394245327,14.973417951156842,14.983084678649902,88200,0.0839,0.0
2021-08-16 00:00:00-04:00,14.98308524862931,14.992751976490107,14.94441925905603,14.963751792907715,103900,0.0,0.0
2021-08-17 00:00:00-04:00,14.934752397133321,15.002418569681586,14.896086407907129,14.905753135681152,133500,0.0,0.0
2021-08-18 00:00:00-04:00,14.896085739135742,14.915419193815797,14.867086478985515,14.896085739135742,91200,0.0,0.0
2021-08-19 00:00:00-04:00,14.915420081904871,14.915420081904871,14.847753908365576,14.867087364196777,127400,0.0,0.0
2021-08-20 00:00:00-04:00,14.86708707933749,14.886419612928359,14.857420351607106,14.876753807067871,131900,0.0,0.0
2021-08-23 00:00:00-04:00,14.886420117320053,14.89608684537797,14.789755602350658,14.828421592712402,162100,0.0,0.0
2021-08-24 00:00:00-04:00,14.876753572012772,14.876753572012772,14.751088879113004,14.789754867553711,168600,0.0,0.0
2021-08-25 00:00:00-04:00,14.799421358530855,14.799421358530855,14.654423212793898,14.70275592803955,179100,0.0,0.0
2021-08-26 00:00:00-04:00,14.70275664953713,14.712423377434602,14.606091214302234,14.615757942199707,239400,0.0,0.0
2021-08-27 00:00:00-04:00,14.625424670097178,14.69308992163966,14.57709195247973,14.615757942199707,345600,0.0,0.0
2021-08-30 00:00:00-04:00,14.635091195704376,14.780088424682617,14.615757740176665,14.780088424682617,152800,0.0,0.0
2021-08-31 00:00:00-04:00,14.86708691240632,14.86708691240632,14.73175549131018,14.818754196166992,284600,0.0,0.0
2021-09-01 00:00:00-04:00,14.83808708190918,14.954085043309512,14.78008764027409,14.83808708190918,240400,0.0,0.0
2021-09-02 00:00:00-04:00,14.886420183758934,14.934752902394306,14.838088386993494,14.857420921325684,142500,0.0,0.0
2021-09-03 00:00:00-04:00,14.84775367528981,14.905753120003046,14.751089163260948,14.780088424682617,178300,0.0,0.0
2021-09-07 00:00:00-04:00,14.809087552752606,14.973418235778809,14.809087552752606,14.973418235778809,187000,0.0,0.0
2021-09-08 00:00:00-04:00,15.041083904841603,15.050749710325407,14.954085202398359,15.021750450134277,167900,0.0,0.0
2021-09-09 00:00:00-04:00,15.021751470261407,15.099083450602604,14.983085480090809,15.050750732421875,152900,0.0,0.0
2021-09-10 00:00:00-04:00,15.099081639191887,15.099081639191887,15.06041565365998,15.07974910736084,132400,0.0,0.0
2021-09-13 00:00:00-04:00,15.079749913303036,15.157081888499885,15.041083925704614,15.147415161132812,162200,0.0,0.0
2021-09-14 00:00:00-04:00,15.199798407384721,15.199798407384721,15.063738500175127,15.11233139038086,124800,0.0839,0.0
2021-09-15 00:00:00-04:00,15.122048377990723,15.199796622456923,15.102610853458081,15.122048377990723,146600,0.0,0.0
2021-09-16 00:00:00-04:00,15.112330722311306,15.209515571594238,15.112330722311306,15.209515571594238,73600,0.0,0.0
2021-09-17 00:00:00-04:00,15.238673126086342,15.238673126086342,15.034583720760816,15.083176612854004,109100,0.0,0.0
2021-09-20 00:00:00-04:00,15.044300664611026,15.063738191027326,14.98598993902667,15.015145301818848,152900,0.0,0.0
2021-09-21 00:00:00-04:00,15.083176393384527,15.228954140710606,15.04430133880977,15.141487121582031,303800,0.0,0.0
2021-09-22 00:00:00-04:00,15.209515571594238,15.248389696673861,15.160923610368897,15.209515571594238,162300,0.0,0.0
2021-09-23 00:00:00-04:00,15.238671490010821,15.267826851403584,15.112330354865877,15.180359840393066,102800,0.0,0.0
2021-09-24 00:00:00-04:00,15.17064033565796,15.199796622456923,15.09289209119176,15.122048377990723,234100,0.0,0.0
2021-09-27 00:00:00-04:00,15.160924561541508,15.170642398296907,14.879086905324128,14.985990524291992,248800,0.0,0.0
2021-09-28 00:00:00-04:00,14.956835310115176,15.015146038560639,14.830494162706914,14.849930763244629,157900,0.0,0.0
2021-09-29 00:00:00-04:00,14.84993045397378,14.84993045397378,14.509782073573135,14.529218673706055,355000,0.0,0.0
2021-09-30 00:00:00-04:00,14.626404091566194,14.830493485470178,14.587529965433639,14.723588943481445,273500,0.0,0.0
2021-10-01 00:00:00-04:00,14.772182726857839,14.820775619172412,14.684715706058075,14.791620254516602,125400,0.0,0.0
2021-10-04 00:00:00-04:00,14.79161866682286,14.820774028349211,14.694432892625382,14.743025779724121,134800,0.0,0.0
2021-10-05 00:00:00-04:00,14.713871501183135,14.820775119203004,14.713871501183135,14.752745628356934,140900,0.0,0.0
2021-10-06 00:00:00-04:00,14.743026516161054,14.869367658195817,14.655559500380656,14.801337242126465,122600,0.0,0.0
2021-10-07 00:00:00-04:00,14.811056268599089,14.898523285933823,14.772182141653905,14.820775032043457,100300,0.0,0.0
2021-10-08 00:00:00-04:00,14.81105685534303,14.830494383001792,14.772182726857839,14.791620254516602,111900,0.0,0.0
2021-10-11 00:00:00-04:00,14.811054495092073,14.94711438652426,14.811054495092073,14.83049201965332,137300,0.0,0.0
2021-10-12 00:00:00-04:00,14.840213015184782,14.888804980235967,14.781901359558105,14.781901359558105,196200,0.0,0.0
2021-10-13 00:00:00-04:00,14.78190149068722,14.81105685534303,14.772182726857839,14.791620254516602,182400,0.0,0.0
2021-10-14 00:00:00-04:00,14.814974233186772,14.834519501617057,14.746567657620167,14.775884628295898,142500,0.0839,0.0
2021-10-15 00:00:00-04:00,14.785658000944357,14.80520233838104,14.70747878725814,14.727023124694824,138700,0.0,0.0
2021-10-18 00:00:00-04:00,14.727023221463622,14.83452033996582,14.678161911565981,14.83452033996582,135900,0.0,0.0
2021-10-19 00:00:00-04:00,14.83452143311526,14.92247328856374,14.83452143311526,14.912700653076172,150600,0.0,0.0
2021-10-20 00:00:00-04:00,14.912700563583693,14.951790173329568,14.7661138280593,14.805203437805176,159000,0.0,0.0
2021-10-21 00:00:00-04:00,14.785657665853986,14.805202002847732,14.727022790933306,14.736795425415039,130100,0.0,0.0
2021-10-22 00:00:00-04:00,14.77588627283996,14.824748517384304,14.658617445115413,14.756341934204102,143800,0.0,0.0
2021-10-25 00:00:00-04:00,14.736796522082384,14.75634179250035,14.668389939559084,14.678162574768066,164900,0.0,0.0
2021-10-26 00:00:00-04:00,14.746568495817364,15.225416415940787,14.69770625393401,14.971333503723145,230600,0.0,0.0
2021-10-27 00:00:00-04:00,15.0104230623274,15.039740966544516,14.961561752571697,15.000651359558105,189300,0.0,0.0
2021-10-28 00:00:00-04:00,15.000650925631325,15.02996789703064,14.89315381055098,14.902926445007324,142200,0.0,0.0
2021-10-29 00:00:00-04:00,14.902927113356125,14.951789355859441,14.854064870852808,14.883381843566895,132300,0.0,0.0
2021-11-01 00:00:00-04:00,14.932243485918255,14.951788754921928,14.854064273843006,14.87360954284668,181200,0.0,0.0
2021-11-02 00:00:00-04:00,14.89315387988063,14.912699148884304,14.854064273843006,14.87360954284668,112500,0.0,0.0
2021-11-03 00:00:00-04:00,14.893153927708095,14.902926562241316,14.834519984448225,14.844291687011719,131600,0.0,0.0
2021-11-04 00:00:00-04:00,14.814976162140125,14.97133460206195,14.805203526652557,14.912700653076172,192300,0.0,0.0
2021-11-05 00:00:00-04:00,14.863836908344844,14.951788754921928,14.854064273843006,14.87360954284668,283300,0.0,0.0
2021-11-08 00:00:00-05:00,14.893153927708095,14.932243533871251,14.824747349915004,14.844291687011719,247500,0.0,0.0
2021-11-09 00:00:00-05:00,14.89315381055098,14.932243416406639,14.873609473608012,14.902926445007324,213300,0.0,0.0
2021-11-10 00:00:00-05:00,14.990878072213238,15.303594914490846,14.844291353418331,14.854063987731934,162600,0.0,0.0
2021-11-11 00:00:00-05:00,14.902927113356125,14.902927113356125,14.854064870852808,14.883381843566895,153900,0.0,0.0
2021-11-12 00:00:00-05:00,14.926519845278516,14.956000151858937,14.838081736934031,14.887213706970215,105300,0.0839,0.0
2021-11-15 00:00:00-05:00,14.88721348984907,14.926519627584115,14.838081520529446,14.906867027282715,162000,0.0,0.0
2021-11-16 00:00:00-05:00,14.906867135914899,14.926519736359516,14.847907460316547,14.897040367126465,118800,0.0,0.0
2021-11-17 00:00:00-05:00,14.867560222907306,14.88721282232751,14.76929441440967,14.798774719238281,119200,0.0,0.0
2021-11-18 00:00:00-05:00,14.76929508100202,14.83808152490783,14.700509574228455,14.739815711975098,177500,0.0,0.0
2021-11-19 00:00:00-05:00,14.788948670420249,14.847907408681314,14.739815763781195,14.818428039550781,126100,0.0,0.0
2021-11-22 00:00:00-05:00,14.818427480556249,14.828254248939816,14.592417430527512,14.700509071350098,216100,0.0,0.0
2021-11-23 00:00:00-05:00,14.729989160527268,14.78894883658303,14.641550115009755,14.720162391662598,341700,0.0,0.0
2021-11-24 00:00:00-05:00,14.739816618401285,14.779122758565064,14.641550799425689,14.66120433807373,165900,0.0,0.0
2021-11-26 00:00:00-05:00,14.690683364868164,14.710336903055932,14.661203994718791,14.690683364868164,89800,0.0,0.0
2021-11-29 00:00:00-05:00,14.690683425079103,14.710336963347421,14.562938237731876,14.60224437713623,144400,0.0,0.0
2021-11-30 00:00:00-05:00,14.641550064086914,14.651376832917407,14.572764556537976,14.641550064086914,172500,0.0,0.0
2021-12-01 00:00:00-05:00,14.631723403930664,14.70050890758492,14.55311113200231,14.631723403930664,131100,0.0,0.0
2021-12-02 00:00:00-05:00,14.631724232388677,14.710336508768108,14.631724232388677,14.641550064086914,103700,0.0,0.0
2021-12-03 00:00:00-05:00,14.680856704711914,14.710337012212323,14.621897963975673,14.680856704711914,173300,0.0,0.0
2021-12-06 00:00:00-05:00,14.690682302966533,14.729988439368583,14.680855534582966,14.700509071350098,109800,0.0,0.0
2021-12-07 00:00:00-05:00,14.749642589403143,14.857734234720013,14.729989051818848,14.729989051818848,145400,0.0,0.0
2021-12-08 00:00:00-05:00,14.79877617370187,14.838082313537598,14.759470033866144,14.838082313537598,144800,0.0,0.0
2021-12-09 00:00:00-05:00,14.828255544295592,14.857734914889313,14.818428775053587,14.838082313537598,113100,0.0,0.0
2021-12-10 00:00:00-05:00,14.857734521363927,14.867561290345659,14.769295474792886,14.788949012756348,186000,0.0,0.0
2021-12-13 00:00:00-05:00,14.808601831817747,14.838082139197384,14.729989553069947,14.769295692443848,159200,0.0,0.0
2021-12-14 00:00:00-05:00,14.792912640325964,14.842321353775992,14.773148777988823,14.832439422607422,164500,0.0839,0.0
2021-12-15 00:00:00-05:00,14.871966204888878,14.911492987170336,14.753385858044506,14.832439422607422,140700,0.0,0.0
2021-12-16 00:00:00-05:00,14.881848093791026,14.901611013679213,14.77314873603112,14.82255744934082,127600,0.0,0.0
2021-12-17 00:00:00-05:00,14.842320947861365,14.980664210866577,14.802793224268104,14.970782279968262,141200,0.0,0.0
2021-12-20 00:00:00-05:00,14.881848654726868,14.970783211165118,14.68421379403869,14.723740577697754,253200,0.0,0.0
2021-12-21 00:00:00-05:00,14.783030667171625,14.852202300369512,14.733621953861924,14.82255744934082,168800,0.0,0.0
2021-12-22 00:00:00-05:00,14.921374510262286,14.990546141764893,14.901610648465656,14.970782279968262,193200,0.0,0.0
2021-12-23 00:00:00-05:00,14.97078327535383,14.99054713846453,14.901611639252101,14.98066520690918,329800,0.0,0.0
2021-12-27 00:00:00-05:00,15.00042891383901,15.00042891383901,14.891729552647632,14.94113826751709,264200,0.0,0.0
2021-12-28 00:00:00-05:00,14.980665092831133,15.010309944878577,14.941138309303593,14.951020240783691,189900,0.0,0.0
2021-12-29 00:00:00-05:00,14.990546909704351,14.990546909704351,14.901611411849105,14.921375274658203,117900,0.0,0.0
2021-12-30 00:00:00-05:00,14.955060506721821,15.02461862355113,14.845753811523458,14.855690956115723,248200,0.0839,0.0
2021-12-31 00:00:00-05:00,14.88550189227173,14.955060958862305,14.845754260359243,14.955060958862305,182600,0.0,0.0
2022-01-03 00:00:00-05:00,14.984871789031095,14.984871789031095,14.756323137215174,14.776196479797363,251500,0.0,0.0
2022-01-04 00:00:00-05:00,14.766258632519552,14.766258632519552,14.627142398084459,14.726511001586914,240000,0.0,0.0
2022-01-05 00:00:00-05:00,14.706638441628318,14.736448929497696,14.17004492168788,14.239603042602539,550500,0.0,0.0
2022-01-06 00:00:00-05:00,14.23960237226592,14.289287148148164,14.160107109917641,14.259476661682129,356400,0.0,0.0
2022-01-07 00:00:00-05:00,14.29922457056391,14.348908399752794,14.24953979371673,14.279350280761719,183700,0.0,0.0
2022-01-10 00:00:00-05:00,14.269413418222433,14.31909819605277,14.20979244295268,14.299224853515625,223200,0.0,0.0
2022-01-11 00:00:00-05:00,14.358845710754395,14.398593343160274,14.289287590958685,14.358845710754395,242100,0.0,0.0
2022-01-12 00:00:00-05:00,14.358845176256464,14.428404241121195,14.34890803161032,14.388655662536621,201000,0.0,0.0
2022-01-13 00:00:00-05:00,14.358845402291342,14.388655889040772,14.269412994384766,14.269412994384766,201400,0.0,0.0
2022-01-14 00:00:00-05:00,14.259476857655887,14.299224489376293,14.030927264519827,14.070674896240234,477200,0.0,0.0
2022-01-18 00:00:00-05:00,14.070675358086868,14.110422991111927,13.812315269594833,13.832189559936523,646600,0.0,0.0
2022-01-19 00:00:00-05:00,13.8321894186289,13.941495171416575,13.78250464094057,13.82225227355957,454200,0.0,0.0
2022-01-20 00:00:00-05:00,13.861999343738619,13.961368895083435,13.782504081726074,13.782504081726074,368100,0.0,0.0
2022-01-21 00:00:00-05:00,13.812314735444259,13.951431919481175,13.712946130553565,13.86199951171875,1087800,0.0,0.0
2022-01-24 00:00:00-05:00,13.752694076253455,13.782504563635923,13.355216804634535,13.613576889038086,620400,0.0,0.0
2022-01-25 00:00:00-05:00,13.484396373677123,13.563891635679806,13.385027770002907,13.444648742675781,599500,0.0,0.0
2022-01-26 00:00:00-05:00,13.553955748830004,13.583766235848598,13.484396682242222,13.53408145904541,288200,0.0,0.0
2022-01-27 00:00:00-05:00,13.593702986412667,13.603639183358437,13.524143921842665,13.57382869720459,245300,0.0,0.0
2022-01-28 00:00:00-05:00,13.534081764681336,13.623514175415039,13.454586499064337,13.623514175415039,235200,0.0,0.0
2022-01-31 00:00:00-05:00,13.623513472566515,13.623513472566515,13.494333435688818,13.57382869720459,283800,0.0,0.0
2022-02-01 00:00:00-05:00,13.563892252373131,13.653324663106835,13.563892252373131,13.623514175415039,232100,0.0,0.0
2022-02-02 00:00:00-05:00,13.623513390695358,13.72288294082204,13.623513390695358,13.703008651733398,308600,0.0,0.0
2022-02-03 00:00:00-05:00,13.643386956511497,13.643386956511497,13.56389169416604,13.583765983581543,225700,0.0,0.0
2022-02-04 00:00:00-05:00,13.544018184268154,13.573828670363051,13.474460067493968,13.504270553588867,239300,0.0,0.0
2022-02-07 00:00:00-05:00,13.494333802393626,13.534081434231643,13.434712828465749,13.464523315429688,289700,0.0,0.0
2022-02-08 00:00:00-05:00,13.43471322243599,13.514208488443206,13.414838932105026,13.424776077270508,285100,0.0,0.0
2022-02-09 00:00:00-05:00,13.454585945355603,13.623513614754271,13.454585945355603,13.583765983581543,247700,0.0,0.0
2022-02-10 00:00:00-05:00,13.563891946064006,13.603639577974896,13.464523340115925,13.53408145904541,576300,0.0,0.0
2022-02-11 00:00:00-05:00,13.534081754989307,13.563892242659755,13.186290205078576,13.216100692749023,425800,0.0,0.0
2022-02-14 00:00:00-05:00,13.180000305175781,13.199999809265137,12.789999961853027,12.899999618530273,767200,0.0839,0.0
2022-02-15 00:00:00-05:00,12.899999618530273,13.0,12.75,12.779999732971191,518400,0.0,0.0
2022-02-16 00:00:00-05:00,12.75,12.890000343322754,12.75,12.819999694824219,516100,0.0,0.0
2022-02-17 00:00:00-05:00,12.789999961853027,12.880000114440918,12.720000267028809,12.75,495300,0.0,0.0
2022-02-18 00:00:00-05:00,12.75,12.850000381469727,12.75,12.8100004196167,215600,0.0,0.0
2022-02-22 00:00:00-05:00,12.6899995803833,12.789999961853027,12.609999656677246,12.649999618530273,386500,0.0,0.0
2022-02-23 00:00:00-05:00,12.649999618530273,12.699999809265137,12.619999885559082,12.619999885559082,219900,0.0,0.0
2022-02-24 00:00:00-05:00,12.5,12.710000038146973,12.470000267028809,12.65999984741211,279100,0.0,0.0
2022-02-25 00:00:00-05:00,12.699999809265137,12.84000015258789,12.699999809265137,12.770000457763672,250400,0.0,0.0
2022-02-28 00:00:00-05:00,12.770000457763672,12.90999984741211,12.760000228881836,12.880000114440918,274800,0.0,0.0
2022-03-01 00:00:00-05:00,12.899999618530273,13.069999694824219,12.899999618530273,12.979999542236328,316500,0.0,0.0
2022-03-02 00:00:00-05:00,12.970000267028809,13.029999732971191,12.90999984741211,12.949999809265137,272000,0.0,0.0
2022-03-03 00:00:00-05:00,12.989999771118164,13.079999923706055,12.970000267028809,13.0600004196167,208400,0.0,0.0
2022-03-04 00:00:00-05:00,13.0600004196167,13.079999923706055,12.880000114440918,12.890000343322754,226100,0.0,0.0
2022-03-07 00:00:00-05:00,12.850000381469727,13.029999732971191,12.670000076293945,12.6899995803833,255100,0.0,0.0
2022-03-08 00:00:00-05:00,12.65999984741211,12.760000228881836,12.529999732971191,12.609999656677246,477600,0.0,0.0
2022-03-09 00:00:00-05:00,12.59000015258789,12.6899995803833,12.520000457763672,12.539999961853027,293700,0.0,0.0
2022-03-10 00:00:00-05:00,12.579999923706055,12.600000381469727,12.399999618530273,12.460000038146973,269500,0.0,0.0
2022-03-11 00:00:00-05:00,12.449999809265137,12.539999961853027,12.399999618530273,12.420000076293945,389400,0.0,0.0
2022-03-14 00:00:00-04:00,12.3100004196167,12.369999885559082,12.020000457763672,12.039999961853027,545500,0.0,0.0
2022-03-15 00:00:00-04:00,12.0,12.149999618530273,12.0,12.050000190734863,327200,0.0,0.0
2022-03-16 00:00:00-04:00,12.029999732971191,12.1899995803833,11.989999771118164,12.109999656677246,449500,0.0,0.0
2022-03-17 00:00:00-04:00,12.109999656677246,12.399999618530273,12.109999656677246,12.369999885559082,268800,0.0,0.0
2022-03-18 00:00:00-04:00,12.399999618530273,12.460000038146973,12.369999885559082,12.4399995803833,242900,0.0,0.0
2022-03-21 00:00:00-04:00,12.430000305175781,12.460000038146973,12.300000190734863,12.319999694824219,251700,0.0,0.0
2022-03-22 00:00:00-04:00,12.289999961853027,12.319999694824219,12.220000267028809,12.260000228881836,196400,0.0,0.0
2022-03-23 00:00:00-04:00,12.180000305175781,12.279999732971191,12.170000076293945,12.170000076293945,309900,0.0,0.0
2022-03-24 00:00:00-04:00,12.199999809265137,12.25,12.119999885559082,12.229999542236328,211400,0.0,0.0
2022-03-25 00:00:00-04:00,12.210000038146973,12.210000038146973,12.0600004196167,12.130000114440918,340000,0.0,0.0
2022-03-28 00:00:00-04:00,12.100000381469727,12.210000038146973,12.100000381469727,12.199999809265137,331000,0.0,0.0
2022-03-29 00:00:00-04:00,12.289999961853027,12.359999656677246,12.25,12.3100004196167,231700,0.0,0.0
2022-03-30 00:00:00-04:00,12.300000190734863,12.390000343322754,12.279999732971191,12.390000343322754,232700,0.0,0.0
2022-03-31 00:00:00-04:00,12.470000267028809,12.569999694824219,12.40999984741211,12.5600004196167,635500,0.0,0.0
2022-04-01 00:00:00-04:00,12.569999694824219,12.699999809265137,12.449999809265137,12.649999618530273,298700,0.0,0.0
2022-04-04 00:00:00-04:00,12.649999618530273,13.0,12.649999618530273,13.0,320200,0.0,0.0
2022-04-05 00:00:00-04:00,12.829999923706055,12.960000038146973,12.6899995803833,12.800000190734863,286400,0.0,0.0
2022-04-06 00:00:00-04:00,12.720000267028809,12.720000267028809,12.460000038146973,12.59000015258789,250000,0.0,0.0
2022-04-07 00:00:00-04:00,12.529999732971191,12.569999694824219,12.4399995803833,12.520000457763672,237500,0.0,0.0
2022-04-08 00:00:00-04:00,12.470000267028809,12.539999961853027,12.319999694824219,12.329999923706055,239400,0.0,0.0
2022-04-11 00:00:00-04:00,12.25,12.279999732971191,12.109999656677246,12.140000343322754,829800,0.0,0.0
2022-04-12 00:00:00-04:00,12.140000343322754,12.34000015258789,12.140000343322754,12.300000190734863,232600,0.0,0.0
2022-04-13 00:00:00-04:00,12.170000076293945,12.239999771118164,12.109999656677246,12.119999885559082,180800,0.0,0.0
2022-04-14 00:00:00-04:00,12.020000457763672,12.109999656677246,11.960000038146973,11.960000038146973,196300,0.0,0.0
2022-04-18 00:00:00-04:00,11.829999923706055,12.020000457763672,11.819999694824219,11.84000015258789,380000,0.0,0.0
2022-04-19 00:00:00-04:00,11.789999961853027,12.0600004196167,11.770000457763672,12.010000228881836,468000,0.0,0.0
2022-04-20 00:00:00-04:00,11.989999771118164,12.100000381469727,11.970000267028809,12.0600004196167,292900,0.0,0.0
2022-04-21 00:00:00-04:00,12.050000190734863,12.0600004196167,11.949999809265137,11.960000038146973,265300,0.0,0.0
2022-04-22 00:00:00-04:00,11.9399995803833,11.949999809265137,11.850000381469727,11.869999885559082,162900,0.0,0.0
2022-04-25 00:00:00-04:00,11.850000381469727,11.949999809265137,11.819999694824219,11.880000114440918,182700,0.0,0.0
2022-04-26 00:00:00-04:00,11.850000381469727,11.930000305175781,11.6899995803833,11.710000038146973,428000,0.0,0.0
2022-04-27 00:00:00-04:00,11.729999542236328,11.779999732971191,11.619999885559082,11.619999885559082,605200,0.0,0.0
2022-04-28 00:00:00-04:00,11.640000343322754,11.680000305175781,11.59000015258789,11.649999618530273,424800,0.0,0.0
2022-04-29 00:00:00-04:00,11.600000381469727,11.609999656677246,11.5,11.5,408300,0.0,0.0
2022-05-02 00:00:00-04:00,11.470000267028809,11.479999542236328,11.40999984741211,11.4399995803833,345800,0.0,0.0
2022-05-03 00:00:00-04:00,11.380000114440918,11.510000228881836,11.380000114440918,11.430000305175781,295800,0.0,0.0
2022-05-04 00:00:00-04:00,11.399999618530273,11.630000114440918,11.380000114440918,11.609999656677246,232200,0.0,0.0
2022-05-05 00:00:00-04:00,11.529999732971191,11.539999961853027,11.319999694824219,11.399999618530273,563800,0.0,0.0
2022-05-06 00:00:00-04:00,11.329999923706055,11.4399995803833,11.279999732971191,11.279999732971191,244500,0.0,0.0
2022-05-09 00:00:00-04:00,11.1899995803833,11.260000228881836,11.15999984741211,11.210000038146973,566200,0.0,0.0
2022-05-10 00:00:00-04:00,11.239999771118164,11.319999694824219,11.149999618530273,11.239999771118164,352700,0.0,0.0
2022-05-11 00:00:00-04:00,11.149999618530273,11.359999656677246,11.149999618530273,11.180000305175781,322600,0.0,0.0
2022-05-12 00:00:00-04:00,11.180000305175781,11.300000190734863,11.130000114440918,11.170000076293945,317500,0.0,0.0
2022-05-13 00:00:00-04:00,11.09000015258789,11.15999984741211,11.050000190734863,11.069999694824219,184400,0.0,0.0
2022-05-16 00:00:00-04:00,11.039999961853027,11.069999694824219,11.020000457763672,11.050000190734863,208700,0.0,0.0
2022-05-17 00:00:00-04:00,11.0600004196167,11.09000015258789,10.960000038146973,11.079999923706055,302100,0.0,0.0
2022-05-18 00:00:00-04:00,11.010000228881836,11.0600004196167,10.960000038146973,11.039999961853027,289000,0.0,0.0
2022-05-19 00:00:00-04:00,10.979999542236328,11.119999885559082,10.979999542236328,11.050000190734863,203200,0.0,0.0
2022-05-20 00:00:00-04:00,11.050000190734863,11.15999984741211,11.050000190734863,11.130000114440918,199200,0.0,0.0
2022-05-23 00:00:00-04:00,11.109999656677246,11.229999542236328,10.970000267028809,10.970000267028809,308600,0.0,0.0
2022-05-24 00:00:00-04:00,10.960000038146973,11.09000015258789,10.960000038146973,11.050000190734863,275000,0.0,0.0
2022-05-25 00:00:00-04:00,11.069999694824219,11.239999771118164,11.020000457763672,11.220000267028809,273200,0.0,0.0
2022-05-26 00:00:00-04:00,11.180000305175781,11.460000038146973,11.180000305175781,11.390000343322754,363000,0.0,0.0
2022-05-27 00:00:00-04:00,11.489999771118164,11.680000305175781,11.470000267028809,11.670000076293945,331900,0.0,0.0
2022-05-31 00:00:00-04:00,11.6899995803833,11.710000038146973,11.479999542236328,11.539999961853027,233300,0.0,0.0
2022-06-01 00:00:00-04:00,11.539999961853027,11.630000114440918,11.399999618530273,11.460000038146973,184700,0.0,0.0
2022-06-02 00:00:00-04:00,11.359999656677246,11.680000305175781,11.359999656677246,11.579999923706055,278900,0.0,0.0
2022-06-03 00:00:00-04:00,11.470000267028809,11.65999984741211,11.449999809265137,11.449999809265137,213700,0.0,0.0
2022-06-06 00:00:00-04:00,11.520000457763672,11.59000015258789,11.399999618530273,11.430000305175781,206600,0.0,0.0
2022-06-07 00:00:00-04:00,11.470000267028809,11.539999961853027,11.420000076293945,11.510000228881836,222000,0.0,0.0
2022-06-08 00:00:00-04:00,11.430000305175781,11.460000038146973,11.329999923706055,11.329999923706055,231300,0.0,0.0
2022-06-09 00:00:00-04:00,11.220000267028809,11.289999961853027,11.170000076293945,11.199999809265137,194900,0.0,0.0
2022-06-10 00:00:00-04:00,11.140000343322754,11.140000343322754,11.069999694824219,11.100000381469727,157300,0.0,0.0
2022-06-13 00:00:00-04:00,11.0600004196167,11.069999694824219,10.649999618530273,10.6899995803833,541100,0.0,0.0
2022-06-14 00:00:00-04:00,10.579999923706055,10.640000343322754,10.3100004196167,10.319999694824219,897500,0.0,0.0
2022-06-15 00:00:00-04:00,10.34000015258789,10.489999771118164,10.34000015258789,10.4399995803833,311800,0.0,0.0
2022-06-16 00:00:00-04:00,10.34000015258789,10.369999885559082,10.239999771118164,10.300000190734863,500200,0.0,0.0
2022-06-17 00:00:00-04:00,10.3100004196167,10.5600004196167,10.300000190734863,10.529999732971191,371500,0.0,0.0
2022-06-21 00:00:00-04:00,10.510000228881836,10.600000381469727,10.5,10.520000457763672,219700,0.0,0.0
2022-06-22 00:00:00-04:00,10.520000457763672,10.649999618530273,10.5,10.579999923706055,176600,0.0,0.0
2022-06-23 00:00:00-04:00,10.609999656677246,10.739999771118164,10.579999923706055,10.670000076293945,689000,0.0,0.0
2022-06-24 00:00:00-04:00,10.729999542236328,10.880000114440918,10.729999542236328,10.789999961853027,227800,0.0,0.0
2022-06-27 00:00:00-04:00,10.770000457763672,10.869999885559082,10.649999618530273,10.699999809265137,216600,0.0,0.0
2022-06-28 00:00:00-04:00,10.710000038146973,10.84000015258789,10.710000038146973,10.739999771118164,185500,0.0,0.0
2022-06-29 00:00:00-04:00,10.710000038146973,10.800000190734863,10.699999809265137,10.710000038146973,122100,0.0,0.0
2022-06-30 00:00:00-04:00,10.710000038146973,10.930000305175781,10.710000038146973,10.890000343322754,406100,0.0,0.0
2022-07-01 00:00:00-04:00,10.850000381469727,11.0,10.850000381469727,10.9399995803833,220300,0.0,0.0
2022-07-05 00:00:00-04:00,10.899999618530273,10.930000305175781,10.84000015258789,10.899999618530273,233600,0.0,0.0
2022-07-06 00:00:00-04:00,10.899999618530273,10.949999809265137,10.829999923706055,10.869999885559082,164000,0.0,0.0
2022-07-07 00:00:00-04:00,10.84000015258789,10.960000038146973,10.800000190734863,10.960000038146973,158700,0.0,0.0
2022-07-08 00:00:00-04:00,10.869999885559082,10.899999618530273,10.770000457763672,10.819999694824219,162300,0.0,0.0
2022-07-11 00:00:00-04:00,10.819999694824219,11.100000381469727,10.819999694824219,10.960000038146973,396100,0.0,0.0
2022-07-12 00:00:00-04:00,10.899999618530273,11.170000076293945,10.899999618530273,11.010000228881836,305500,0.0,0.0
2022-07-13 00:00:00-04:00,10.920000076293945,11.109999656677246,10.850000381469727,11.010000228881836,281600,0.0,0.0
2022-07-14 00:00:00-04:00,10.800000190734863,10.960000038146973,10.800000190734863,10.920000076293945,296700,0.0,0.0
2022-07-15 00:00:00-04:00,10.9399995803833,10.970000267028809,10.819999694824219,10.819999694824219,814200,0.0,0.0
2022-07-18 00:00:00-04:00,10.819999694824219,10.869999885559082,10.680000305175781,10.680000305175781,163200,0.0,0.0
2022-07-19 00:00:00-04:00,10.680000305175781,10.90999984741211,10.680000305175781,10.850000381469727,215300,0.0,0.0
2022-07-20 00:00:00-04:00,10.800000190734863,11.1899995803833,10.800000190734863,11.119999885559082,279100,0.0,0.0
2022-07-21 00:00:00-04:00,11.039999961853027,11.180000305175781,11.039999961853027,11.119999885559082,454000,0.0,0.0
2022-07-22 00:00:00-04:00,11.140000343322754,11.220000267028809,11.100000381469727,11.109999656677246,339200,0.0,0.0
2022-07-25 00:00:00-04:00,11.239999771118164,11.329999923706055,11.180000305175781,11.279999732971191,230100,0.0,0.0
2022-07-26 00:00:00-04:00,11.279999732971191,11.359999656677246,11.239999771118164,11.260000228881836,177200,0.0,0.0
2022-07-27 00:00:00-04:00,11.3100004196167,11.449999809265137,11.300000190734863,11.40999984741211,246700,0.0,0.0
2022-07-28 00:00:00-04:00,11.390000343322754,11.640000343322754,11.369999885559082,11.579999923706055,199900,0.0,0.0
2022-07-29 00:00:00-04:00,11.619999885559082,11.6899995803833,11.550000190734863,11.670000076293945,298300,0.0,0.0
2022-08-01 00:00:00-04:00,11.699999809265137,11.8100004196167,11.430000305175781,11.4399995803833,340900,0.0,0.0
2022-08-02 00:00:00-04:00,11.479999542236328,11.600000381469727,11.399999618530273,11.40999984741211,317400,0.0,0.0
2022-08-03 00:00:00-04:00,11.40999984741211,11.5600004196167,11.399999618530273,11.449999809265137,371700,0.0,0.0
2022-08-04 00:00:00-04:00,11.430000305175781,11.65999984741211,11.430000305175781,11.5,310200,0.0,0.0
2022-08-05 00:00:00-04:00,11.40999984741211,11.649999618530273,11.3100004196167,11.350000381469727,202600,0.0,0.0
2022-08-08 00:00:00-04:00,11.420000076293945,11.5600004196167,11.420000076293945,11.5,198600,0.0,0.0
2022-08-09 00:00:00-04:00,11.470000267028809,11.630000114440918,11.449999809265137,11.569999694824219,250400,0.0,0.0
2022-08-10 00:00:00-04:00,11.6899995803833,11.729999542236328,11.619999885559082,11.6899995803833,242400,0.0,0.0
2022-08-11 00:00:00-04:00,11.670000076293945,11.729999542236328,11.609999656677246,11.65999984741211,192300,0.0,0.0
2022-08-12 00:00:00-04:00,11.59000015258789,11.720000267028809,11.579999923706055,11.670000076293945,104400,0.0,0.0
2022-08-15 00:00:00-04:00,11.739999771118164,11.789999961853027,11.630000114440918,11.6899995803833,264900,0.0,0.0
2022-08-16 00:00:00-04:00,11.65999984741211,11.75,11.619999885559082,11.75,157500,0.0,0.0
2022-08-17 00:00:00-04:00,11.699999809265137,11.710000038146973,11.329999923706055,11.380000114440918,192800,0.0,0.0
2022-08-18 00:00:00-04:00,11.329999923706055,11.479999542236328,11.329999923706055,11.380000114440918,214800,0.0,0.0
2022-08-19 00:00:00-04:00,11.319999694824219,11.350000381469727,11.170000076293945,11.239999771118164,212100,0.0,0.0
2022-08-22 00:00:00-04:00,11.1899995803833,11.210000038146973,11.109999656677246,11.180000305175781,206100,0.0,0.0
2022-08-23 00:00:00-04:00,11.180000305175781,11.239999771118164,11.149999618530273,11.229999542236328,211500,0.0,0.0
2022-08-24 00:00:00-04:00,11.180000305175781,11.279999732971191,11.170000076293945,11.199999809265137,122200,0.0,0.0
2022-08-25 00:00:00-04:00,11.199999809265137,11.34000015258789,11.140000343322754,11.239999771118164,207700,0.0,0.0
2022-08-26 00:00:00-04:00,11.220000267028809,11.25,11.170000076293945,11.180000305175781,133100,0.0,0.0
2022-08-29 00:00:00-04:00,11.15999984741211,11.270000457763672,11.15999984741211,11.170000076293945,141100,0.0,0.0
2022-08-30 00:00:00-04:00,11.15999984741211,11.229999542236328,11.050000190734863,11.09000015258789,94300,0.0,0.0
2022-08-31 00:00:00-04:00,11.210000038146973,11.3100004196167,10.90999984741211,10.949999809265137,257000,0.0,0.0
2022-09-01 00:00:00-04:00,10.899999618530273,10.970000267028809,10.8100004196167,10.90999984741211,173800,0.0,0.0
2022-09-02 00:00:00-04:00,10.899999618530273,11.050000190734863,10.890000343322754,10.90999984741211,126100,0.0,0.0
2022-09-06 00:00:00-04:00,11.0,11.079999923706055,10.819999694824219,10.819999694824219,95600,0.0,0.0
2022-09-07 00:00:00-04:00,10.850000381469727,10.989999771118164,10.84000015258789,10.970000267028809,122500,0.0,0.0
2022-09-08 00:00:00-04:00,10.949999809265137,10.989999771118164,10.899999618530273,10.930000305175781,130700,0.0,0.0
2022-09-09 00:00:00-04:00,10.90999984741211,10.979999542236328,10.829999923706055,10.90999984741211,183600,0.0,0.0
2022-09-12 00:00:00-04:00,10.920000076293945,11.050000190734863,10.920000076293945,11.0,124500,0.0,0.0
2022-09-13 00:00:00-04:00,10.90999984741211,11.0,10.850000381469727,10.899999618530273,168100,0.0,0.0
2022-09-14 00:00:00-04:00,10.869999885559082,10.869999885559082,10.720000267028809,10.760000228881836,165000,0.0,0.0
2022-09-15 00:00:00-04:00,10.720000267028809,10.760000228881836,10.510000228881836,10.510000228881836,159800,0.0,0.0
2022-09-16 00:00:00-04:00,10.40999984741211,10.539999961853027,10.380000114440918,10.520000457763672,203600,0.0,0.0
2022-09-19 00:00:00-04:00,10.5,10.5600004196167,10.449999809265137,10.520000457763672,116300,0.0,0.0
2022-09-20 00:00:00-04:00,10.449999809265137,10.470000267028809,10.380000114440918,10.380000114440918,155000,0.0,0.0
2022-09-21 00:00:00-04:00,10.350000381469727,10.510000228881836,10.350000381469727,10.399999618530273,167600,0.0,0.0
2022-09-22 00:00:00-04:00,10.350000381469727,10.369999885559082,10.180000305175781,10.220000267028809,209500,0.0,0.0
2022-09-23 00:00:00-04:00,10.100000381469727,10.229999542236328,10.0,10.039999961853027,341500,0.0,0.0
2022-09-26 00:00:00-04:00,10.0,10.109999656677246,9.869999885559082,9.869999885559082,224200,0.0,0.0
2022-09-27 00:00:00-04:00,9.880000114440918,9.989999771118164,9.699999809265137,9.699999809265137,334300,0.0,0.0
2022-09-28 00:00:00-04:00,9.760000228881836,10.0,9.760000228881836,9.920000076293945,253100,0.0,0.0
2022-09-29 00:00:00-04:00,9.869999885559082,9.869999885559082,9.569999694824219,9.59000015258789,335700,0.0,0.0
2022-09-30 00:00:00-04:00,9.6899995803833,9.770000457763672,9.539999961853027,9.539999961853027,611300,0.0,0.0
2022-10-03 00:00:00-04:00,9.609999656677246,9.869999885559082,9.539999961853027,9.789999961853027,268800,0.0,0.0
2022-10-04 00:00:00-04:00,9.9399995803833,10.149999618530273,9.9399995803833,10.109999656677246,278500,0.0,0.0
2022-10-05 00:00:00-04:00,10.0,10.119999885559082,9.979999542236328,10.050000190734863,228700,0.0,0.0
2022-10-06 00:00:00-04:00,10.0600004196167,10.100000381469727,9.960000038146973,9.970000267028809,178400,0.0,0.0
2022-10-07 00:00:00-04:00,9.880000114440918,9.949999809265137,9.84000015258789,9.880000114440918,235000,0.0,0.0
2022-10-10 00:00:00-04:00,9.859999656677246,9.859999656677246,9.779999732971191,9.819999694824219,218800,0.0,0.0
2022-10-11 00:00:00-04:00,9.760000228881836,9.869999885559082,9.760000228881836,9.770000457763672,224800,0.0,0.0
2022-10-12 00:00:00-04:00,9.720000267028809,9.800000190734863,9.699999809265137,9.720000267028809,197500,0.0,0.0
2022-10-13 00:00:00-04:00,9.449999809265137,9.760000228881836,9.380000114440918,9.59000015258789,401700,0.0,0.0
2022-10-14 00:00:00-04:00,9.59000015258789,9.630000114440918,9.369999885559082,9.369999885559082,212800,0.0,0.0
2022-10-17 00:00:00-04:00,9.449999809265137,9.579999923706055,9.449999809265137,9.5,177000,0.0,0.0
2022-10-18 00:00:00-04:00,9.600000381469727,9.829999923706055,9.550000190734863,9.720000267028809,457400,0.0,0.0
2022-10-19 00:00:00-04:00,9.609999656677246,9.75,9.579999923706055,9.600000381469727,430200,0.0,0.0
2022-10-20 00:00:00-04:00,9.569999694824219,9.59000015258789,9.369999885559082,9.369999885559082,275900,0.0,0.0
2022-10-21 00:00:00-04:00,9.270000457763672,9.449999809265137,9.270000457763672,9.380000114440918,252100,0.0,0.0
2022-10-24 00:00:00-04:00,9.380000114440918,9.520000457763672,9.380000114440918,9.430000305175781,261500,0.0,0.0
2022-10-25 00:00:00-04:00,9.5,9.649999618530273,9.5,9.5600004196167,276000,0.0,0.0
2022-10-26 00:00:00-04:00,9.600000381469727,9.710000038146973,9.59000015258789,9.65999984741211,167600,0.0,0.0
2022-10-27 00:00:00-04:00,9.579999923706055,9.850000381469727,9.579999923706055,9.6899995803833,271300,0.0,0.0
2022-10-28 00:00:00-04:00,9.6899995803833,9.8100004196167,9.670000076293945,9.760000228881836,259900,0.0,0.0
2022-10-31 00:00:00-04:00,9.829999923706055,9.880000114440918,9.760000228881836,9.850000381469727,276100,0.0,0.0
2022-11-01 00:00:00-04:00,9.859999656677246,9.989999771118164,9.84000015258789,9.970000267028809,251000,0.0,0.0
2022-11-02 00:00:00-04:00,10.010000228881836,10.140000343322754,9.970000267028809,10.050000190734863,419800,0.0,0.0
2022-11-03 00:00:00-04:00,9.930000305175781,10.300000190734863,9.899999618530273,10.220000267028809,616800,0.0,0.0
2022-11-04 00:00:00-04:00,10.220000267028809,10.220000267028809,10.140000343322754,10.140000343322754,221600,0.0,0.0
2022-11-07 00:00:00-05:00,10.170000076293945,10.199999809265137,10.149999618530273,10.170000076293945,270900,0.0,0.0
2022-11-08 00:00:00-05:00,10.170000076293945,10.34000015258789,10.149999618530273,10.239999771118164,214800,0.0,0.0
2022-11-09 00:00:00-05:00,10.170000076293945,10.279999732971191,10.149999618530273,10.199999809265137,305200,0.0,0.0
2022-11-10 00:00:00-05:00,10.479999542236328,10.539999961853027,10.350000381469727,10.520000457763672,556800,0.0,0.0
2022-11-11 00:00:00-05:00,10.529999732971191,10.609999656677246,10.529999732971191,10.539999961853027,677500,0.0,0.0
2022-11-14 00:00:00-05:00,10.470000267028809,10.5,10.350000381469727,10.380000114440918,255000,0.0,0.0
2022-11-15 00:00:00-05:00,10.449999809265137,10.619999885559082,10.40999984741211,10.550000190734863,243700,0.0,0.0
2022-11-16 00:00:00-05:00,10.59000015258789,10.710000038146973,10.539999961853027,10.670000076293945,213400,0.0,0.0
2022-11-17 00:00:00-05:00,10.600000381469727,10.609999656677246,10.430000305175781,10.5,183800,0.0,0.0
2022-11-18 00:00:00-05:00,10.529999732971191,10.59000015258789,10.479999542236328,10.539999961853027,156900,0.0,0.0
2022-11-21 00:00:00-05:00,10.470000267028809,10.600000381469727,10.4399995803833,10.569999694824219,262800,0.0,0.0
2022-11-22 00:00:00-05:00,10.5600004196167,10.720000267028809,10.489999771118164,10.640000343322754,218000,0.0,0.0
2022-11-23 00:00:00-05:00,10.640000343322754,10.710000038146973,10.449999809265137,10.5,305000,0.0,0.0
2022-11-25 00:00:00-05:00,10.479999542236328,10.510000228881836,10.4399995803833,10.4399995803833,83800,0.0,0.0
2022-11-28 00:00:00-05:00,10.449999809265137,10.630000114440918,10.449999809265137,10.5,275400,0.0,0.0
2022-11-29 00:00:00-05:00,10.529999732971191,10.5600004196167,10.4399995803833,10.470000267028809,199500,0.0,0.0
2022-11-30 00:00:00-05:00,10.550000190734863,10.680000305175781,10.460000038146973,10.680000305175781,314700,0.0,0.0
2022-12-01 00:00:00-05:00,10.699999809265137,10.779999732971191,10.640000343322754,10.670000076293945,237000,0.0,0.0
2022-12-02 00:00:00-05:00,10.550000190734863,10.989999771118164,10.550000190734863,10.829999923706055,233500,0.0,0.0
2022-12-05 00:00:00-05:00,10.760000228881836,10.760000228881836,10.619999885559082,10.710000038146973,288900,0.0,0.0
2022-12-06 00:00:00-05:00,10.6899995803833,10.800000190734863,10.579999923706055,10.579999923706055,214900,0.0,0.0
2022-12-07 00:00:00-05:00,10.539999961853027,10.75,10.5,10.600000381469727,370900,0.0,0.0
2022-12-08 00:00:00-05:00,10.569999694824219,10.600000381469727,10.449999809265137,10.510000228881836,426800,0.0,0.0
2022-12-09 00:00:00-05:00,10.4399995803833,10.479999542236328,10.359999656677246,10.399999618530273,268100,0.0,0.0
2022-12-12 00:00:00-05:00,10.40999984741211,10.539999961853027,10.399999618530273,10.40999984741211,266200,0.0,0.0
2022-12-13 00:00:00-05:00,10.5600004196167,10.729999542236328,10.420000076293945,10.489999771118164,440200,0.0,0.0
2022-12-14 00:00:00-05:00,10.399999618530273,10.449999809265137,10.3100004196167,10.40999984741211,553500,0.0,0.0
2022-12-15 00:00:00-05:00,10.34000015258789,10.449999809265137,10.34000015258789,10.369999885559082,448800,0.0,0.0
2022-12-16 00:00:00-05:00,10.369999885559082,10.40999984741211,10.350000381469727,10.390000343322754,382700,0.0,0.0
2022-12-19 00:00:00-05:00,10.380000114440918,10.390000343322754,10.25,10.25,402000,0.0,0.0
2022-12-20 00:00:00-05:00,10.220000267028809,10.260000228881836,10.109999656677246,10.130000114440918,487300,0.0,0.0
2022-12-21 00:00:00-05:00,10.170000076293945,10.279999732971191,10.170000076293945,10.25,435900,0.0,0.0
2022-12-22 00:00:00-05:00,10.210000038146973,10.300000190734863,10.180000305175781,10.279999732971191,501300,0.0,0.0
2022-12-23 00:00:00-05:00,10.279999732971191,10.319999694824219,10.25,10.289999961853027,453500,0.0,0.0
2022-12-27 00:00:00-05:00,10.279999732971191,10.279999732971191,10.039999961853027,10.039999961853027,597500,0.0,0.0
2022-12-28 00:00:00-05:00,10.039999961853027,10.15999984741211,10.020000457763672,10.050000190734863,567200,0.0,0.0
2022-12-29 00:00:00-05:00,10.069999694824219,10.180000305175781,10.069999694824219,10.140000343322754,503900,0.0,0.0
2022-12-30 00:00:00-05:00,10.0600004196167,10.149999618530273,9.989999771118164,10.100000381469727,680400,0.0,0.0
2023-01-03 00:00:00-05:00,10.15999984741211,10.270000457763672,10.109999656677246,10.25,302200,0.0,0.0
2023-01-04 00:00:00-05:00,10.260000228881836,10.3100004196167,10.239999771118164,10.279999732971191,339200,0.0,0.0
2023-01-05 00:00:00-05:00,10.229999542236328,10.3100004196167,10.220000267028809,10.260000228881836,211800,0.0,0.0
2023-01-06 00:00:00-05:00,10.279999732971191,10.520000457763672,10.279999732971191,10.5,218500,0.0,0.0
2023-01-09 00:00:00-05:00,10.5,10.539999961853027,10.470000267028809,10.520000457763672,333700,0.0,0.0
2023-01-10 00:00:00-05:00,10.5,10.579999923706055,10.479999542236328,10.520000457763672,522000,0.0,0.0
2023-01-11 00:00:00-05:00,10.520000457763672,10.59000015258789,10.520000457763672,10.569999694824219,460500,0.0,0.0
2023-01-12 00:00:00-05:00,10.5,10.6899995803833,10.399999618530273,10.6899995803833,564400,0.0,0.0
2023-01-13 00:00:00-05:00,10.600000381469727,10.680000305175781,10.539999961853027,10.619999885559082,499000,0.0,0.0
2023-01-17 00:00:00-05:00,10.65999984741211,10.800000190734863,10.640000343322754,10.800000190734863,419500,0.0,0.0
2023-01-18 00:00:00-05:00,10.869999885559082,11.0,10.869999885559082,10.9399995803833,479200,0.0,0.0
2023-01-19 00:00:00-05:00,10.9399995803833,10.949999809265137,10.850000381469727,10.920000076293945,326800,0.0,0.0
2023-01-20 00:00:00-05:00,10.90999984741211,11.0,10.84000015258789,10.859999656677246,945000,0.0,0.0
2023-01-23 00:00:00-05:00,10.880000114440918,11.130000114440918,10.829999923706055,11.109999656677246,517300,0.0,0.0
2023-01-24 00:00:00-05:00,11.130000114440918,11.149999618530273,11.0,11.079999923706055,369900,0.0,0.0
2023-01-25 00:00:00-05:00,11.069999694824219,11.149999618530273,10.899999618530273,11.130000114440918,440600,0.0,0.0
2023-01-26 00:00:00-05:00,11.149999618530273,11.199999809265137,11.109999656677246,11.149999618530273,374400,0.0,0.0
2023-01-27 00:00:00-05:00,11.199999809265137,11.25,11.15999984741211,11.1899995803833,294800,0.0,0.0
2023-01-30 00:00:00-05:00,11.229999542236328,11.25,11.170000076293945,11.220000267028809,257000,0.0,0.0
2023-01-31 00:00:00-05:00,11.25,11.319999694824219,11.25,11.319999694824219,407200,0.0,0.0
2023-02-01 00:00:00-05:00,11.380000114440918,11.380000114440918,11.25,11.380000114440918,490100,0.0,0.0
2023-02-02 00:00:00-05:00,11.420000076293945,11.460000038146973,11.399999618530273,11.460000038146973,288800,0.0,0.0
2023-02-03 00:00:00-05:00,11.4399995803833,11.460000038146973,11.3100004196167,11.350000381469727,208100,0.0,0.0
2023-02-06 00:00:00-05:00,11.329999923706055,11.34000015258789,11.119999885559082,11.180000305175781,282200,0.0,0.0
2023-02-07 00:00:00-05:00,11.210000038146973,11.270000457763672,11.140000343322754,11.270000457763672,261400,0.0,0.0
2023-02-08 00:00:00-05:00,11.289999961853027,11.300000190734863,11.170000076293945,11.270000457763672,152800,0.0,0.0
2023-02-09 00:00:00-05:00,11.300000190734863,11.3100004196167,11.149999618530273,11.180000305175781,201500,0.0,0.0
2023-02-10 00:00:00-05:00,11.170000076293945,11.229999542236328,11.140000343322754,11.180000305175781,160400,0.0,0.0
2023-02-13 00:00:00-05:00,11.1899995803833,11.229999542236328,11.130000114440918,11.15999984741211,208500,0.0,0.0
2023-02-14 00:00:00-05:00,11.069999694824219,11.170000076293945,10.949999809265137,10.979999542236328,215500,0.0,0.0
2023-02-15 00:00:00-05:00,10.949999809265137,10.970000267028809,10.819999694824219,10.850000381469727,134200,0.0,0.0
2023-02-16 00:00:00-05:00,10.850000381469727,10.859999656677246,10.720000267028809,10.789999961853027,231500,0.0,0.0
2023-02-17 00:00:00-05:00,10.800000190734863,10.84000015258789,10.75,10.84000015258789,148600,0.0,0.0
2023-02-21 00:00:00-05:00,10.800000190734863,10.800000190734863,10.579999923706055,10.609999656677246,143300,0.0,0.0
2023-02-22 00:00:00-05:00,10.670000076293945,10.770000457763672,10.619999885559082,10.640000343322754,322100,0.0,0.0
2023-02-23 00:00:00-05:00,10.699999809265137,10.760000228881836,10.630000114440918,10.729999542236328,170700,0.0,0.0
2023-02-24 00:00:00-05:00,10.720000267028809,10.770000457763672,10.539999961853027,10.539999961853027,342300,0.0,0.0
2023-02-27 00:00:00-05:00,10.630000114440918,10.760000228881836,10.630000114440918,10.6899995803833,144100,0.0,0.0
2023-02-28 00:00:00-05:00,10.6899995803833,10.75,10.640000343322754,10.720000267028809,155100,0.0,0.0
2023-03-01 00:00:00-05:00,10.760000228881836,10.760000228881836,10.600000381469727,10.649999618530273,169000,0.0,0.0
2023-03-02 00:00:00-05:00,10.5,10.640000343322754,10.4399995803833,10.529999732971191,276000,0.0,0.0
2023-03-03 00:00:00-05:00,10.550000190734863,10.720000267028809,10.550000190734863,10.619999885559082,189600,0.0,0.0
2023-03-06 00:00:00-05:00,10.630000114440918,10.720000267028809,10.569999694824219,10.609999656677246,237300,0.0,0.0
2023-03-07 00:00:00-05:00,10.65999984741211,10.710000038146973,10.489999771118164,10.529999732971191,296300,0.0,0.0
2023-03-08 00:00:00-05:00,10.59000015258789,10.609999656677246,10.470000267028809,10.5,144900,0.0,0.0
2023-03-09 00:00:00-05:00,10.460000038146973,10.5,10.279999732971191,10.279999732971191,325100,0.0,0.0
2023-03-10 00:00:00-05:00,10.369999885559082,10.470000267028809,10.220000267028809,10.260000228881836,347200,0.0,0.0
2023-03-13 00:00:00-04:00,10.239999771118164,10.319999694824219,10.069999694824219,10.170000076293945,420600,0.0,0.0
2023-03-14 00:00:00-04:00,10.180000305175781,10.260000228881836,10.140000343322754,10.1899995803833,280400,0.0,0.0
2023-03-15 00:00:00-04:00,10.050000190734863,10.210000038146973,10.050000190734863,10.140000343322754,465200,0.0,0.0
2023-03-16 00:00:00-04:00,10.149999618530273,10.1899995803833,10.100000381469727,10.170000076293945,409100,0.0,0.0
2023-03-17 00:00:00-04:00,10.109999656677246,10.270000457763672,10.079999923706055,10.079999923706055,207400,0.0,0.0
2023-03-20 00:00:00-04:00,10.100000381469727,10.180000305175781,10.0600004196167,10.0600004196167,185300,0.0,0.0
2023-03-21 00:00:00-04:00,10.069999694824219,10.109999656677246,10.039999961853027,10.069999694824219,443800,0.0,0.0
2023-03-22 00:00:00-04:00,10.119999885559082,10.199999809265137,10.029999732971191,10.119999885559082,425500,0.0,0.0
2023-03-23 00:00:00-04:00,10.119999885559082,10.229999542236328,10.09000015258789,10.15999984741211,277600,0.0,0.0
2023-03-24 00:00:00-04:00,10.15999984741211,10.25,10.140000343322754,10.15999984741211,194000,0.0,0.0
2023-03-27 00:00:00-04:00,10.239999771118164,10.289999961853027,10.050000190734863,10.100000381469727,346000,0.0,0.0
2023-03-28 00:00:00-04:00,10.149999618530273,10.149999618530273,10.069999694824219,10.079999923706055,213500,0.0,0.0
2023-03-29 00:00:00-04:00,10.100000381469727,10.25,10.100000381469727,10.229999542236328,311500,0.0,0.0
2023-03-30 00:00:00-04:00,10.3100004196167,10.3100004196167,10.119999885559082,10.15999984741211,666300,0.0,0.0
2023-03-31 00:00:00-04:00,10.279999732971191,10.319999694824219,10.239999771118164,10.289999961853027,406200,0.0,0.0
2023-04-03 00:00:00-04:00,10.319999694824219,10.420000076293945,10.3100004196167,10.369999885559082,300000,0.0,0.0
2023-04-04 00:00:00-04:00,10.4399995803833,10.470000267028809,10.380000114440918,10.4399995803833,260900,0.0,0.0
2023-04-05 00:00:00-04:00,10.399999618530273,10.4399995803833,10.380000114440918,10.399999618530273,210800,0.0,0.0
2023-04-06 00:00:00-04:00,10.399999618530273,10.399999618530273,10.300000190734863,10.350000381469727,393400,0.0,0.0
2023-04-10 00:00:00-04:00,10.399999618530273,10.399999618530273,10.300000190734863,10.380000114440918,217700,0.0,0.0
2023-04-11 00:00:00-04:00,10.369999885559082,10.4399995803833,10.369999885559082,10.420000076293945,181500,0.0,0.0
2023-04-12 00:00:00-04:00,10.5,10.5,10.420000076293945,10.4399995803833,254500,0.0,0.0
2023-04-13 00:00:00-04:00,10.420000076293945,10.489999771118164,10.40999984741211,10.489999771118164,268800,0.0,0.0
2023-04-14 00:00:00-04:00,10.5,10.5,10.40999984741211,10.40999984741211,259100,0.0,0.0
2023-04-17 00:00:00-04:00,10.449999809265137,10.460000038146973,10.390000343322754,10.430000305175781,304300,0.0,0.0
2023-04-18 00:00:00-04:00,10.4399995803833,10.470000267028809,10.390000343322754,10.390000343322754,198300,0.0,0.0
2023-04-19 00:00:00-04:00,10.359999656677246,10.399999618530273,10.3100004196167,10.329999923706055,158200,0.0,0.0
2023-04-20 00:00:00-04:00,10.34000015258789,10.430000305175781,10.319999694824219,10.34000015258789,141500,0.0,0.0
2023-04-21 00:00:00-04:00,10.369999885559082,10.399999618530273,10.300000190734863,10.3100004196167,125800,0.0,0.0
2023-04-24 00:00:00-04:00,10.34000015258789,10.449999809265137,10.34000015258789,10.40999984741211,188900,0.0,0.0
2023-04-25 00:00:00-04:00,10.4399995803833,10.449999809265137,10.300000190734863,10.319999694824219,199400,0.0,0.0
2023-04-26 00:00:00-04:00,10.359999656677246,10.399999618530273,10.3100004196167,10.380000114440918,421300,0.0,0.0
2023-04-27 00:00:00-04:00,10.380000114440918,10.380000114440918,10.3100004196167,10.34000015258789,152800,0.0,0.0
2023-04-28 00:00:00-04:00,10.390000343322754,10.449999809265137,10.380000114440918,10.420000076293945,207600,0.0,0.0
2023-05-01 00:00:00-04:00,10.369999885559082,10.420000076293945,10.25,10.260000228881836,245900,0.0,0.0
2023-05-02 00:00:00-04:00,10.270000457763672,10.34000015258789,10.25,10.300000190734863,259600,0.0,0.0
2023-05-03 00:00:00-04:00,10.3100004196167,10.390000343322754,10.3100004196167,10.350000381469727,287600,0.0,0.0
2023-05-04 00:00:00-04:00,10.329999923706055,10.350000381469727,10.260000228881836,10.270000457763672,243100,0.0,0.0
2023-05-05 00:00:00-04:00,10.329999923706055,10.380000114440918,10.270000457763672,10.329999923706055,223400,0.0,0.0
2023-05-08 00:00:00-04:00,10.329999923706055,10.359999656677246,10.260000228881836,10.300000190734863,224300,0.0,0.0
2023-05-09 00:00:00-04:00,10.3100004196167,10.34000015258789,10.25,10.3100004196167,169300,0.0,0.0
2023-05-10 00:00:00-04:00,10.390000343322754,10.420000076293945,10.3100004196167,10.390000343322754,296700,0.0,0.0
2023-05-11 00:00:00-04:00,10.399999618530273,10.460000038146973,10.329999923706055,10.460000038146973,240200,0.0,0.0
2023-05-12 00:00:00-04:00,10.350000381469727,10.380000114440918,10.300000190734863,10.319999694824219,202300,0.0,0.0
2023-05-15 00:00:00-04:00,10.300000190734863,10.390000343322754,10.279999732971191,10.390000343322754,276700,0.0,0.0
2023-05-16 00:00:00-04:00,10.329999923706055,10.34000015258789,10.260000228881836,10.260000228881836,122300,0.0,0.0
2023-05-17 00:00:00-04:00,10.289999961853027,10.390000343322754,10.25,10.350000381469727,219500,0.0,0.0
2023-05-18 00:00:00-04:00,10.319999694824219,10.319999694824219,10.239999771118164,10.270000457763672,172800,0.0,0.0
2023-05-19 00:00:00-04:00,10.229999542236328,10.270000457763672,10.210000038146973,10.239999771118164,149200,0.0,0.0
2023-05-22 00:00:00-04:00,10.270000457763672,10.350000381469727,10.25,10.300000190734863,152700,0.0,0.0
2023-05-23 00:00:00-04:00,10.270000457763672,10.270000457763672,10.220000267028809,10.220000267028809,140000,0.0,0.0
2023-05-24 00:00:00-04:00,10.210000038146973,10.210000038146973,10.039999961853027,10.100000381469727,303800,0.0,0.0
2023-05-25 00:00:00-04:00,10.140000343322754,10.180000305175781,9.949999809265137,9.970000267028809,334500,0.0,0.0
2023-05-26 00:00:00-04:00,9.970000267028809,10.199999809265137,9.970000267028809,10.100000381469727,184200,0.0,0.0
2023-05-30 00:00:00-04:00,10.149999618530273,10.229999542236328,10.149999618530273,10.229999542236328,134500,0.0,0.0
2023-05-31 00:00:00-04:00,10.239999771118164,10.420000076293945,10.149999618530273,10.329999923706055,427600,0.0,0.0
2023-06-01 00:00:00-04:00,10.329999923706055,10.390000343322754,10.279999732971191,10.34000015258789,184700,0.0,0.0
2023-06-02 00:00:00-04:00,10.369999885559082,10.40999984741211,10.270000457763672,10.279999732971191,183700,0.0,0.0
2023-06-05 00:00:00-04:00,10.239999771118164,10.34000015258789,10.140000343322754,10.149999618530273,283000,0.0,0.0
2023-06-06 00:00:00-04:00,10.180000305175781,10.279999732971191,10.180000305175781,10.260000228881836,176400,0.0,0.0
2023-06-07 00:00:00-04:00,10.229999542236328,10.260000228881836,10.180000305175781,10.1899995803833,231700,0.0,0.0
2023-06-08 00:00:00-04:00,10.199999809265137,10.220000267028809,10.170000076293945,10.180000305175781,184400,0.0,0.0
2023-06-09 00:00:00-04:00,10.180000305175781,10.180000305175781,10.0600004196167,10.130000114440918,244500,0.0,0.0
2023-06-12 00:00:00-04:00,10.15999984741211,10.1899995803833,10.119999885559082,10.170000076293945,205500,0.0,0.0
2023-06-13 00:00:00-04:00,10.229999542236328,10.239999771118164,10.180000305175781,10.239999771118164,229400,0.0,0.0
2023-06-14 00:00:00-04:00,10.15999984741211,10.260000228881836,10.149999618530273,10.239999771118164,265600,0.0,0.0
2023-06-15 00:00:00-04:00,10.260000228881836,10.359999656677246,10.229999542236328,10.350000381469727,207900,0.0,0.0
2023-06-16 00:00:00-04:00,10.319999694824219,10.329999923706055,10.170000076293945,10.199999809265137,287800,0.0,0.0
2023-06-20 00:00:00-04:00,10.260000228881836,10.289999961853027,10.210000038146973,10.25,177900,0.0,0.0
2023-06-21 00:00:00-04:00,10.180000305175781,10.239999771118164,10.140000343322754,10.1899995803833,240100,0.0,0.0
2023-06-22 00:00:00-04:00,10.180000305175781,10.239999771118164,10.130000114440918,10.15999984741211,251100,0.0,0.0
2023-06-23 00:00:00-04:00,10.15999984741211,10.220000267028809,10.15999984741211,10.15999984741211,171100,0.0,0.0
2023-06-26 00:00:00-04:00,10.15999984741211,10.220000267028809,10.15999984741211,10.170000076293945,193000,0.0,0.0
2023-06-27 00:00:00-04:00,10.170000076293945,10.239999771118164,10.15999984741211,10.180000305175781,192800,0.0,0.0
2023-06-28 00:00:00-04:00,10.180000305175781,10.260000228881836,10.180000305175781,10.25,171900,0.0,0.0
2023-06-29 00:00:00-04:00,10.229999542236328,10.229999542236328,10.100000381469727,10.119999885559082,261000,0.0,0.0
2023-06-30 00:00:00-04:00,10.180000305175781,10.199999809265137,10.09000015258789,10.149999618530273,337300,0.0,0.0
2023-07-03 00:00:00-04:00,10.149999618530273,10.180000305175781,10.109999656677246,10.170000076293945,173300,0.0,0.0
2023-07-05 00:00:00-04:00,10.170000076293945,10.210000038146973,10.149999618530273,10.149999618530273,215900,0.0,0.0
2023-07-06 00:00:00-04:00,10.079999923706055,10.119999885559082,10.029999732971191,10.079999923706055,201000,0.0,0.0
2023-07-07 00:00:00-04:00,10.050000190734863,10.149999618530273,10.050000190734863,10.100000381469727,181500,0.0,0.0
2023-07-10 00:00:00-04:00,10.15999984741211,10.170000076293945,10.109999656677246,10.109999656677246,203500,0.0,0.0
2023-07-11 00:00:00-04:00,10.119999885559082,10.149999618530273,10.109999656677246,10.140000343322754,172700,0.0,0.0
2023-07-12 00:00:00-04:00,10.15999984741211,10.260000228881836,10.149999618530273,10.220000267028809,261400,0.0,0.0
2023-07-13 00:00:00-04:00,10.199999809265137,10.279999732971191,10.1899995803833,10.279999732971191,211600,0.0,0.0
2023-07-14 00:00:00-04:00,10.279999732971191,10.289999961853027,10.180000305175781,10.180000305175781,218600,0.0,0.0
2023-07-17 00:00:00-04:00,10.1899995803833,10.229999542236328,10.140000343322754,10.1899995803833,228800,0.0,0.0
2023-07-18 00:00:00-04:00,10.15999984741211,10.239999771118164,10.140000343322754,10.1899995803833,208300,0.0,0.0
2023-07-19 00:00:00-04:00,10.239999771118164,10.25,10.199999809265137,10.239999771118164,218400,0.0,0.0
2023-07-20 00:00:00-04:00,10.220000267028809,10.239999771118164,10.149999618530273,10.15999984741211,289400,0.0,0.0
2023-07-21 00:00:00-04:00,10.229999542236328,10.239999771118164,10.149999618530273,10.149999618530273,623500,0.0,0.0
2023-07-24 00:00:00-04:00,10.180000305175781,10.199999809265137,10.130000114440918,10.140000343322754,185600,0.0,0.0
2023-07-25 00:00:00-04:00,10.130000114440918,10.15999984741211,10.109999656677246,10.109999656677246,164500,0.0,0.0
2023-07-26 00:00:00-04:00,10.180000305175781,10.1899995803833,10.119999885559082,10.149999618530273,263900,0.0,0.0
2023-07-27 00:00:00-04:00,10.180000305175781,10.180000305175781,10.100000381469727,10.109999656677246,224700,0.0,0.0
2023-07-28 00:00:00-04:00,10.140000343322754,10.289999961853027,10.119999885559082,10.289999961853027,268600,0.0,0.0
2023-07-31 00:00:00-04:00,10.350000381469727,10.40999984741211,10.239999771118164,10.260000228881836,426600,0.0,0.0
2023-08-01 00:00:00-04:00,10.210000038146973,10.239999771118164,10.140000343322754,10.149999618530273,248900,0.0,0.0
2023-08-02 00:00:00-04:00,10.130000114440918,10.170000076293945,10.09000015258789,10.130000114440918,268200,0.0,0.0
2023-08-03 00:00:00-04:00,10.079999923706055,10.109999656677246,10.0,10.010000228881836,297400,0.0,0.0
2023-08-04 00:00:00-04:00,10.100000381469727,10.140000343322754,10.039999961853027,10.119999885559082,153900,0.0,0.0
2023-08-07 00:00:00-04:00,10.130000114440918,10.210000038146973,10.100000381469727,10.15999984741211,213900,0.0,0.0
2023-08-08 00:00:00-04:00,10.149999618530273,10.180000305175781,10.119999885559082,10.119999885559082,215500,0.0,0.0
2023-08-09 00:00:00-04:00,10.180000305175781,10.180000305175781,10.130000114440918,10.15999984741211,118200,0.0,0.0
2023-08-10 00:00:00-04:00,10.170000076293945,10.199999809265137,10.130000114440918,10.140000343322754,135300,0.0,0.0
2023-08-11 00:00:00-04:00,10.09000015258789,10.140000343322754,10.09000015258789,10.119999885559082,222000,0.0,0.0
2023-08-14 00:00:00-04:00,10.09000015258789,10.100000381469727,10.029999732971191,10.050000190734863,227700,0.0,0.0
2023-08-15 00:00:00-04:00,10.020000457763672,10.050000190734863,9.979999542236328,9.979999542236328,194200,0.0,0.0
2023-08-16 00:00:00-04:00,9.970000267028809,9.989999771118164,9.899999618530273,9.920000076293945,252100,0.0,0.0
2023-08-17 00:00:00-04:00,9.90999984741211,9.90999984741211,9.8100004196167,9.819999694824219,236400,0.0,0.0
2023-08-18 00:00:00-04:00,9.84000015258789,9.890000343322754,9.84000015258789,9.84000015258789,195300,0.0,0.0
2023-08-21 00:00:00-04:00,9.869999885559082,9.869999885559082,9.789999961853027,9.819999694824219,244400,0.0,0.0
2023-08-22 00:00:00-04:00,9.869999885559082,9.920000076293945,9.819999694824219,9.819999694824219,234900,0.0,0.0
2023-08-23 00:00:00-04:00,9.850000381469727,9.960000038146973,9.850000381469727,9.930000305175781,219600,0.0,0.0
2023-08-24 00:00:00-04:00,10.010000228881836,10.010000228881836,9.920000076293945,9.930000305175781,255800,0.0,0.0
2023-08-25 00:00:00-04:00,9.9399995803833,9.970000267028809,9.859999656677246,9.880000114440918,382500,0.0,0.0
2023-08-28 00:00:00-04:00,9.880000114440918,9.9399995803833,9.880000114440918,9.920000076293945,325800,0.0,0.0
2023-08-29 00:00:00-04:00,9.930000305175781,10.039999961853027,9.899999618530273,10.020000457763672,253700,0.0,0.0
2023-08-30 00:00:00-04:00,10.039999961853027,10.130000114440918,10.039999961853027,10.130000114440918,281200,0.0,0.0
2023-08-31 00:00:00-04:00,10.180000305175781,10.199999809265137,10.149999618530273,10.15999984741211,245300,0.0,0.0
2023-09-01 00:00:00-04:00,10.1899995803833,10.210000038146973,10.079999923706055,10.180000305175781,310500,0.0,0.0
2023-09-05 00:00:00-04:00,10.109999656677246,10.170000076293945,10.09000015258789,10.149999618530273,153400,0.0,0.0
2023-09-06 00:00:00-04:00,10.180000305175781,10.180000305175781,10.069999694824219,10.109999656677246,172500,0.0,0.0
2023-09-07 00:00:00-04:00,10.109999656677246,10.119999885559082,10.069999694824219,10.069999694824219,121500,0.0,0.0
2023-09-08 00:00:00-04:00,10.119999885559082,10.119999885559082,10.050000190734863,10.100000381469727,112400,0.0,0.0
2023-09-11 00:00:00-04:00,10.09000015258789,10.109999656677246,10.0600004196167,10.079999923706055,110700,0.0,0.0
2023-09-12 00:00:00-04:00,10.079999923706055,10.100000381469727,10.020000457763672,10.069999694824219,233400,0.0,0.0
2023-09-13 00:00:00-04:00,10.100000381469727,10.130000114440918,10.050000190734863,10.0600004196167,201600,0.0,0.0
2023-09-14 00:00:00-04:00,10.020000457763672,10.029999732971191,9.949999809265137,10.010000228881836,191700,0.0,0.0
2023-09-15 00:00:00-04:00,9.949999809265137,9.979999542236328,9.859999656677246,9.920000076293945,289700,0.0,0.0
2023-09-18 00:00:00-04:00,9.899999618530273,9.9399995803833,9.880000114440918,9.920000076293945,166100,0.0,0.0
2023-09-19 00:00:00-04:00,9.920000076293945,9.920000076293945,9.859999656677246,9.890000343322754,207100,0.0,0.0
2023-09-20 00:00:00-04:00,9.9399995803833,9.9399995803833,9.850000381469727,9.859999656677246,158700,0.0,0.0
2023-09-21 00:00:00-04:00,9.84000015258789,9.84000015258789,9.6899995803833,9.720000267028809,368500,0.0,0.0
2023-09-22 00:00:00-04:00,9.789999961853027,9.84000015258789,9.75,9.84000015258789,240000,0.0,0.0
2023-09-25 00:00:00-04:00,9.789999961853027,9.800000190734863,9.699999809265137,9.720000267028809,226300,0.0,0.0
2023-09-26 00:00:00-04:00,9.699999809265137,9.739999771118164,9.680000305175781,9.6899995803833,297300,0.0,0.0
2023-09-27 00:00:00-04:00,9.720000267028809,9.75,9.630000114440918,9.630000114440918,349600,0.0,0.0
2023-09-28 00:00:00-04:00,9.65999984741211,9.65999984741211,9.569999694824219,9.630000114440918,357400,0.0,0.0
2023-09-29 00:00:00-04:00,9.710000038146973,9.729999542236328,9.680000305175781,9.680000305175781,341600,0.0,0.0
2023-10-02 00:00:00-04:00,9.680000305175781,9.729999542236328,9.649999618530273,9.670000076293945,271900,0.0,0.0
2023-10-03 00:00:00-04:00,9.619999885559082,9.649999618530273,9.510000228881836,9.520000457763672,315400,0.0,0.0
2023-10-04 00:00:00-04:00,9.550000190734863,9.609999656677246,9.529999732971191,9.609999656677246,323800,0.0,0.0
2023-10-05 00:00:00-04:00,9.609999656677246,9.640000343322754,9.550000190734863,9.579999923706055,355400,0.0,0.0
2023-10-06 00:00:00-04:00,9.5600004196167,9.5600004196167,9.460000038146973,9.520000457763672,459000,0.0,0.0
2023-10-09 00:00:00-04:00,9.550000190734863,9.640000343322754,9.539999961853027,9.640000343322754,183400,0.0,0.0
2023-10-10 00:00:00-04:00,9.59000015258789,9.729999542236328,9.569999694824219,9.670000076293945,283400,0.0,0.0
2023-10-11 00:00:00-04:00,9.739999771118164,9.8100004196167,9.729999542236328,9.779999732971191,299600,0.0,0.0
2023-10-12 00:00:00-04:00,9.789999961853027,9.850000381469727,9.710000038146973,9.739999771118164,269500,0.0,0.0
2023-10-13 00:00:00-04:00,9.6899995803833,9.720000267028809,9.609999656677246,9.65999984741211,241100,0.0,0.0
2023-10-16 00:00:00-04:00,9.65999984741211,9.65999984741211,9.5,9.539999961853027,359800,0.0,0.0
2023-10-17 00:00:00-04:00,9.5,9.520000457763672,9.430000305175781,9.470000267028809,346000,0.0,0.0
2023-10-18 00:00:00-04:00,9.4399995803833,9.479999542236328,9.40999984741211,9.430000305175781,198000,0.0,0.0
2023-10-19 00:00:00-04:00,9.4399995803833,9.4399995803833,9.25,9.279999732971191,319800,0.0,0.0
2023-10-20 00:00:00-04:00,9.329999923706055,9.34000015258789,9.130000114440918,9.15999984741211,754800,0.0,0.0
2023-10-23 00:00:00-04:00,9.170000076293945,9.180000305175781,9.100000381469727,9.119999885559082,811400,0.0,0.0
2023-10-24 00:00:00-04:00,9.15999984741211,9.199999809265137,9.140000343322754,9.199999809265137,416000,0.0,0.0
2023-10-25 00:00:00-04:00,9.170000076293945,9.170000076293945,9.109999656677246,9.119999885559082,445100,0.0,0.0
2023-10-26 00:00:00-04:00,9.109999656677246,9.180000305175781,9.109999656677246,9.15999984741211,271300,0.0,0.0
2023-10-27 00:00:00-04:00,9.15999984741211,9.199999809265137,9.149999618530273,9.15999984741211,308300,0.0,0.0
2023-10-30 00:00:00-04:00,9.15999984741211,9.220000267028809,9.140000343322754,9.180000305175781,291300,0.0,0.0
2023-10-31 00:00:00-04:00,9.229999542236328,9.25,9.199999809265137,9.220000267028809,359300,0.0,0.0
2023-11-01 00:00:00-04:00,9.260000228881836,9.380000114440918,9.239999771118164,9.369999885559082,432200,0.0,0.0
2023-11-02 00:00:00-04:00,9.430000305175781,9.579999923706055,9.430000305175781,9.5600004196167,478300,0.0,0.0
2023-11-03 00:00:00-04:00,9.65999984741211,9.699999809265137,9.630000114440918,9.699999809265137,516800,0.0,0.0
2023-11-06 00:00:00-05:00,9.699999809265137,9.699999809265137,9.529999732971191,9.579999923706055,481800,0.0,0.0
2023-11-07 00:00:00-05:00,9.609999656677246,9.649999618530273,9.569999694824219,9.630000114440918,408500,0.0,0.0
2023-11-08 00:00:00-05:00,9.640000343322754,9.65999984741211,9.59000015258789,9.65999984741211,369800,0.0,0.0
2023-11-09 00:00:00-05:00,9.649999618530273,9.65999984741211,9.539999961853027,9.550000190734863,356100,0.0,0.0
2023-11-10 00:00:00-05:00,9.600000381469727,9.609999656677246,9.420000076293945,9.510000228881836,1255300,0.0,0.0
2023-11-13 00:00:00-05:00,9.539999961853027,9.539999961853027,9.470000267028809,9.520000457763672,278400,0.0,0.0
2023-11-14 00:00:00-05:00,9.579999923706055,9.630000114440918,9.579999923706055,9.630000114440918,536500,0.0,0.0
2023-11-15 00:00:00-05:00,9.630000114440918,9.640000343322754,9.600000381469727,9.640000343322754,347600,0.0,0.0
2023-11-16 00:00:00-05:00,9.65999984741211,9.779999732971191,9.65999984741211,9.760000228881836,407200,0.0,0.0
2023-11-17 00:00:00-05:00,9.800000190734863,9.8100004196167,9.710000038146973,9.729999542236328,538700,0.0,0.0
2023-11-20 00:00:00-05:00,9.760000228881836,9.859999656677246,9.75,9.850000381469727,415100,0.0,0.0
2023-11-21 00:00:00-05:00,9.829999923706055,9.899999618530273,9.819999694824219,9.880000114440918,401200,0.0,0.0
2023-11-22 00:00:00-05:00,9.9399995803833,9.989999771118164,9.920000076293945,9.930000305175781,359200,0.0,0.0
2023-11-24 00:00:00-05:00,9.9399995803833,9.9399995803833,9.880000114440918,9.899999618530273,133100,0.0,0.0
2023-11-27 00:00:00-05:00,9.920000076293945,9.979999542236328,9.899999618530273,9.960000038146973,254400,0.0,0.0
2023-11-28 00:00:00-05:00,9.979999542236328,10.039999961853027,9.930000305175781,10.0,244400,0.0,0.0
2023-11-29 00:00:00-05:00,10.079999923706055,10.109999656677246,10.039999961853027,10.09000015258789,310900,0.0,0.0
2023-11-30 00:00:00-05:00,10.069999694824219,10.09000015258789,10.0,10.020000457763672,394600,0.0,0.0
2023-12-01 00:00:00-05:00,10.020000457763672,10.180000305175781,10.020000457763672,10.170000076293945,397200,0.0,0.0
2023-12-04 00:00:00-05:00,10.149999618530273,10.199999809265137,10.119999885559082,10.15999984741211,330800,0.0,0.0
2023-12-05 00:00:00-05:00,10.220000267028809,10.260000228881836,10.199999809265137,10.25,366800,0.0,0.0
2023-12-06 00:00:00-05:00,10.239999771118164,10.289999961853027,10.239999771118164,10.25,326200,0.0,0.0
2023-12-07 00:00:00-05:00,10.25,10.3100004196167,10.220000267028809,10.25,498600,0.0,0.0
2023-12-08 00:00:00-05:00,10.1899995803833,10.239999771118164,10.180000305175781,10.229999542236328,195500,0.0,0.0
2023-12-11 00:00:00-05:00,10.220000267028809,10.229999542236328,10.140000343322754,10.170000076293945,359000,0.0,0.0
2023-12-12 00:00:00-05:00,10.15999984741211,10.199999809265137,10.130000114440918,10.180000305175781,251800,0.0,0.0
2023-12-13 00:00:00-05:00,10.25,10.350000381469727,10.199999809265137,10.34000015258789,346300,0.0,0.0
2023-12-14 00:00:00-05:00,10.34000015258789,10.399999618530273,10.3100004196167,10.399999618530273,469600,0.0,0.0
2023-12-15 00:00:00-05:00,10.40999984741211,10.470000267028809,10.380000114440918,10.4399995803833,219500,0.0,0.0
2023-12-18 00:00:00-05:00,10.470000267028809,10.510000228881836,10.399999618530273,10.40999984741211,410000,0.0,0.0
2023-12-19 00:00:00-05:00,10.479999542236328,10.479999542236328,10.359999656677246,10.369999885559082,387400,0.0,0.0
2023-12-20 00:00:00-05:00,10.369999885559082,10.399999618530273,10.229999542236328,10.270000457763672,465300,0.0,0.0
2023-12-21 00:00:00-05:00,10.329999923706055,10.350000381469727,10.25,10.289999961853027,529300,0.0,0.0
2023-12-22 00:00:00-05:00,10.289999961853027,10.350000381469727,10.220000267028809,10.260000228881836,332500,0.0,0.0
2023-12-26 00:00:00-05:00,10.25,10.359999656677246,10.25,10.350000381469727,351300,0.0,0.0
2023-12-27 00:00:00-05:00,10.369999885559082,10.40999984741211,10.350000381469727,10.390000343322754,308100,0.0,0.0
2023-12-28 00:00:00-05:00,10.40999984741211,10.4399995803833,10.329999923706055,10.369999885559082,392200,0.0,0.0
2023-12-29 00:00:00-05:00,10.390000343322754,10.430000305175781,10.319999694824219,10.319999694824219,357600,0.0,0.0
2024-01-02 00:00:00-05:00,10.319999694824219,10.369999885559082,10.300000190734863,10.359999656677246,220700,0.0,0.0
2024-01-03 00:00:00-05:00,10.359999656677246,10.449999809265137,10.3100004196167,10.449999809265137,213300,0.0,0.0
2024-01-04 00:00:00-05:00,10.430000305175781,10.489999771118164,10.390000343322754,10.489999771118164,356600,0.0,0.0
2024-01-05 00:00:00-05:00,10.479999542236328,10.520000457763672,10.4399995803833,10.510000228881836,199900,0.0,0.0
2024-01-08 00:00:00-05:00,10.579999923706055,10.6899995803833,10.510000228881836,10.6899995803833,339000,0.0,0.0
2024-01-09 00:00:00-05:00,10.6899995803833,10.729999542236328,10.649999618530273,10.720000267028809,299700,0.0,0.0
2024-01-10 00:00:00-05:00,10.6899995803833,10.770000457763672,10.680000305175781,10.760000228881836,311500,0.0,0.0
2024-01-11 00:00:00-05:00,10.680000305175781,10.699999809265137,10.619999885559082,10.649999618530273,214000,0.0,0.0
2024-01-12 00:00:00-05:00,10.680000305175781,10.760000228881836,10.649999618530273,10.6899995803833,241400,0.0,0.0
2024-01-16 00:00:00-05:00,10.649999618530273,10.720000267028809,10.619999885559082,10.619999885559082,428600,0.0,0.0
2024-01-17 00:00:00-05:00,10.619999885559082,10.6899995803833,10.579999923706055,10.630000114440918,364300,0.0,0.0
2024-01-18 00:00:00-05:00,10.680000305175781,10.760000228881836,10.680000305175781,10.699999809265137,455500,0.0,0.0
2024-01-19 00:00:00-05:00,10.75,10.760000228881836,10.609999656677246,10.630000114440918,1487300,0.0,0.0
2024-01-22 00:00:00-05:00,10.699999809265137,10.729999542236328,10.569999694824219,10.640000343322754,344900,0.0,0.0
2024-01-23 00:00:00-05:00,10.640000343322754,10.680000305175781,10.630000114440918,10.640000343322754,236300,0.0,0.0
2024-01-24 00:00:00-05:00,10.6899995803833,10.739999771118164,10.680000305175781,10.699999809265137,210300,0.0,0.0
2024-01-25 00:00:00-05:00,10.770000457763672,10.8100004196167,10.710000038146973,10.8100004196167,304600,0.0,0.0
2024-01-26 00:00:00-05:00,10.800000190734863,10.829999923706055,10.770000457763672,10.8100004196167,220100,0.0,0.0
2024-01-29 00:00:00-05:00,10.819999694824219,10.90999984741211,10.8100004196167,10.869999885559082,261100,0.0,0.0
2024-01-30 00:00:00-05:00,10.890000343322754,10.930000305175781,10.850000381469727,10.90999984741211,343000,0.0,0.0
2024-01-31 00:00:00-05:00,10.949999809265137,10.960000038146973,10.90999984741211,10.9399995803833,398000,0.0,0.0
2024-02-01 00:00:00-05:00,10.960000038146973,11.130000114440918,10.949999809265137,11.119999885559082,319000,0.0,0.0
2024-02-02 00:00:00-05:00,11.0600004196167,11.0600004196167,10.869999885559082,10.949999809265137,262700,0.0,0.0
2024-02-05 00:00:00-05:00,10.930000305175781,10.949999809265137,10.819999694824219,10.90999984741211,254600,0.0,0.0
2024-02-06 00:00:00-05:00,10.979999542236328,11.0,10.949999809265137,10.970000267028809,290200,0.0,0.0
2024-02-07 00:00:00-05:00,11.010000228881836,11.010000228881836,10.9399995803833,10.949999809265137,234700,0.0,0.0
2024-02-08 00:00:00-05:00,10.949999809265137,10.960000038146973,10.850000381469727,10.859999656677246,181100,0.0,0.0
2024-02-09 00:00:00-05:00,10.899999618530273,10.930000305175781,10.829999923706055,10.850000381469727,301200,0.0,0.0
2024-02-12 00:00:00-05:00,10.90999984741211,10.9399995803833,10.869999885559082,10.880000114440918,179100,0.0,0.0
2024-02-13 00:00:00-05:00,10.8100004196167,10.819999694824219,10.699999809265137,10.739999771118164,290100,0.0,0.0
2024-02-14 00:00:00-05:00,10.720000267028809,10.770000457763672,10.65999984741211,10.670000076293945,160200,0.0,0.0
2024-02-15 00:00:00-05:00,10.6899995803833,10.720000267028809,10.65999984741211,10.720000267028809,118300,0.0,0.0
2024-02-16 00:00:00-05:00,10.6899995803833,10.720000267028809,10.65999984741211,10.670000076293945,184100,0.0,0.0
2024-02-20 00:00:00-05:00,10.739999771118164,10.760000228881836,10.680000305175781,10.710000038146973,167900,0.0,0.0
2024-02-21 00:00:00-05:00,10.729999542236328,10.75,10.670000076293945,10.710000038146973,154800,0.0,0.0
2024-02-22 00:00:00-05:00,10.739999771118164,10.75,10.630000114440918,10.65999984741211,434200,0.0,0.0
2024-02-23 00:00:00-05:00,10.649999618530273,10.6899995803833,10.640000343322754,10.649999618530273,238700,0.0,0.0
2024-02-26 00:00:00-05:00,10.630000114440918,10.65999984741211,10.600000381469727,10.630000114440918,234100,0.0,0.0
2024-02-27 00:00:00-05:00,10.630000114440918,10.630000114440918,10.569999694824219,10.600000381469727,185400,0.0,0.0
2024-02-28 00:00:00-05:00,10.609999656677246,10.670000076293945,10.550000190734863,10.670000076293945,253000,0.0,0.0
2024-02-29 00:00:00-05:00,10.720000267028809,10.739999771118164,10.680000305175781,10.710000038146973,228800,0.0,0.0
2024-03-01 00:00:00-05:00,10.65999984741211,10.75,10.65999984741211,10.670000076293945,373000,0.0,0.0
2024-03-04 00:00:00-05:00,10.649999618530273,10.680000305175781,10.609999656677246,10.680000305175781,218300,0.0,0.0
2024-03-05 00:00:00-05:00,10.739999771118164,10.739999771118164,10.630000114440918,10.670000076293945,195400,0.0,0.0
2024-03-06 00:00:00-05:00,10.729999542236328,10.739999771118164,10.65999984741211,10.6899995803833,165700,0.0,0.0
2024-03-07 00:00:00-05:00,10.6899995803833,10.819999694824219,10.680000305175781,10.819999694824219,262600,0.0,0.0
2024-03-08 00:00:00-05:00,10.789999961853027,10.930000305175781,10.760000228881836,10.90999984741211,284400,0.0,0.0
2024-03-11 00:00:00-04:00,10.960000038146973,10.970000267028809,10.90999984741211,10.920000076293945,209900,0.0,0.0
2024-03-12 00:00:00-04:00,10.949999809265137,11.0,10.930000305175781,11.0,277200,0.0,0.0
2024-03-13 00:00:00-04:00,11.050000190734863,11.050000190734863,10.970000267028809,11.020000457763672,298300,0.0,0.0
2024-03-14 00:00:00-04:00,10.9399995803833,10.9399995803833,10.859999656677246,10.880000114440918,175700,0.0,0.0
2024-03-15 00:00:00-04:00,10.90999984741211,10.90999984741211,10.819999694824219,10.850000381469727,191400,0.0,0.0
2024-03-18 00:00:00-04:00,10.850000381469727,10.869999885559082,10.800000190734863,10.8100004196167,121900,0.0,0.0
2024-03-19 00:00:00-04:00,10.829999923706055,10.829999923706055,10.800000190734863,10.800000190734863,153600,0.0,0.0
2024-03-20 00:00:00-04:00,10.8100004196167,10.819999694824219,10.670000076293945,10.710000038146973,291300,0.0,0.0
2024-03-21 00:00:00-04:00,10.739999771118164,10.75,10.649999618530273,10.670000076293945,261200,0.0,0.0
2024-03-22 00:00:00-04:00,10.779999732971191,10.779999732971191,10.680000305175781,10.6899995803833,180500,0.0,0.0
2024-03-25 00:00:00-04:00,10.729999542236328,10.729999542236328,10.65999984741211,10.680000305175781,201900,0.0,0.0
2024-03-26 00:00:00-04:00,10.739999771118164,10.739999771118164,10.6899995803833,10.720000267028809,189300,0.0,0.0
2024-03-27 00:00:00-04:00,10.75,10.75,10.699999809265137,10.75,226800,0.0,0.0
2024-03-28 00:00:00-04:00,10.760000228881836,10.770000457763672,10.6899995803833,10.6899995803833,702500,0.0,0.0
2024-04-01 00:00:00-04:00,10.680000305175781,10.680000305175781,10.579999923706055,10.59000015258789,378000,0.0,0.0
2024-04-02 00:00:00-04:00,10.539999961853027,10.59000015258789,10.5,10.59000015258789,187100,0.0,0.0
2024-04-03 00:00:00-04:00,10.529999732971191,10.550000190734863,10.479999542236328,10.520000457763672,292700,0.0,0.0
2024-04-04 00:00:00-04:00,10.529999732971191,10.619999885559082,10.510000228881836,10.609999656677246,346300,0.0,0.0
2024-04-05 00:00:00-04:00,10.609999656677246,10.65999984741211,10.5600004196167,10.5600004196167,167100,0.0,0.0
2024-04-08 00:00:00-04:00,10.600000381469727,10.65999984741211,10.550000190734863,10.569999694824219,265500,0.0,0.0
2024-04-09 00:00:00-04:00,10.600000381469727,10.640000343322754,10.579999923706055,10.600000381469727,79500,0.0,0.0
2024-04-10 00:00:00-04:00,10.539999961853027,10.579999923706055,10.380000114440918,10.4399995803833,277400,0.0,0.0
2024-04-11 00:00:00-04:00,10.470000267028809,10.470000267028809,10.3100004196167,10.350000381469727,311200,0.0,0.0
2024-04-12 00:00:00-04:00,10.300000190734863,10.34000015258789,10.199999809265137,10.229999542236328,266900,0.0,0.0
2024-04-15 00:00:00-04:00,10.199999809265137,10.220000267028809,10.020000457763672,10.029999732971191,362300,0.0,0.0
2024-04-16 00:00:00-04:00,9.979999542236328,10.020000457763672,9.920000076293945,10.010000228881836,501600,0.0,0.0
2024-04-17 00:00:00-04:00,10.119999885559082,10.119999885559082,10.029999732971191,10.09000015258789,277100,0.0,0.0
2024-04-18 00:00:00-04:00,10.109999656677246,10.149999618530273,10.020000457763672,10.079999923706055,213400,0.0,0.0
2024-04-19 00:00:00-04:00,10.069999694824219,10.109999656677246,10.0600004196167,10.100000381469727,214500,0.0,0.0
2024-04-22 00:00:00-04:00,10.109999656677246,10.119999885559082,10.0600004196167,10.100000381469727,228200,0.0,0.0
2024-04-23 00:00:00-04:00,10.119999885559082,10.1899995803833,10.09000015258789,10.15999984741211,187700,0.0,0.0
2024-04-24 00:00:00-04:00,10.180000305175781,10.180000305175781,10.100000381469727,10.140000343322754,238400,0.0,0.0
2024-04-25 00:00:00-04:00,10.09000015258789,10.100000381469727,10.0,10.100000381469727,281400,0.0,0.0
2024-04-26 00:00:00-04:00,10.109999656677246,10.170000076293945,10.0600004196167,10.09000015258789,417400,0.0,0.0
2024-04-29 00:00:00-04:00,10.09000015258789,10.1899995803833,10.09000015258789,10.1899995803833,218300,0.0,0.0
2024-04-30 00:00:00-04:00,10.15999984741211,10.1899995803833,10.100000381469727,10.119999885559082,198200,0.0,0.0
2024-05-01 00:00:00-04:00,10.15999984741211,10.220000267028809,10.140000343322754,10.210000038146973,329800,0.0,0.0
2024-05-02 00:00:00-04:00,10.1899995803833,10.239999771118164,10.180000305175781,10.239999771118164,300200,0.0,0.0
2024-05-03 00:00:00-04:00,10.3100004196167,10.380000114440918,10.300000190734863,10.380000114440918,258400,0.0,0.0
2024-05-06 00:00:00-04:00,10.369999885559082,10.460000038146973,10.359999656677246,10.460000038146973,229700,0.0,0.0
2024-05-07 00:00:00-04:00,10.5600004196167,10.5600004196167,10.430000305175781,10.5,287300,0.0,0.0
2024-05-08 00:00:00-04:00,10.5,10.539999961853027,10.40999984741211,10.489999771118164,292700,0.0,0.0
2024-05-09 00:00:00-04:00,10.489999771118164,10.5,10.430000305175781,10.5,244000,0.0,0.0
2024-05-10 00:00:00-04:00,10.489999771118164,10.489999771118164,10.390000343322754,10.430000305175781,189300,0.0,0.0
2024-05-13 00:00:00-04:00,10.430000305175781,10.470000267028809,10.399999618530273,10.430000305175781,160900,0.0,0.0
2024-05-14 00:00:00-04:00,10.34000015258789,10.390000343322754,10.300000190734863,10.369999885559082,250100,0.0,0.0
2024-05-15 00:00:00-04:00,10.460000038146973,10.5,10.449999809265137,10.479999542236328,281300,0.0,0.0
2024-05-16 00:00:00-04:00,10.460000038146973,10.489999771118164,10.4399995803833,10.479999542236328,211500,0.0,0.0
2024-05-17 00:00:00-04:00,10.489999771118164,10.489999771118164,10.420000076293945,10.430000305175781,135200,0.0,0.0
2024-05-20 00:00:00-04:00,10.4399995803833,10.489999771118164,10.40999984741211,10.489999771118164,173900,0.0,0.0
2024-05-21 00:00:00-04:00,10.520000457763672,10.529999732971191,10.470000267028809,10.529999732971191,129400,0.0,0.0
2024-05-22 00:00:00-04:00,10.529999732971191,10.579999923706055,10.520000457763672,10.5600004196167,175800,0.0,0.0
2024-05-23 00:00:00-04:00,10.539999961853027,10.539999961853027,10.430000305175781,10.4399995803833,176000,0.0,0.0
2024-05-24 00:00:00-04:00,10.510000228881836,10.510000228881836,10.399999618530273,10.449999809265137,109400,0.0,0.0
2024-05-28 00:00:00-04:00,10.420000076293945,10.420000076293945,10.359999656677246,10.399999618530273,165900,0.0,0.0
2024-05-29 00:00:00-04:00,10.359999656677246,10.380000114440918,10.329999923706055,10.359999656677246,143900,0.0,0.0
2024-05-30 00:00:00-04:00,10.390000343322754,10.470000267028809,10.380000114440918,10.460000038146973,166500,0.0,0.0
2024-05-31 00:00:00-04:00,10.5600004196167,10.59000015258789,10.5,10.59000015258789,273600,0.0,0.0
2024-06-03 00:00:00-04:00,10.600000381469727,10.680000305175781,10.550000190734863,10.680000305175781,185700,0.0,0.0
2024-06-04 00:00:00-04:00,10.6899995803833,10.779999732971191,10.630000114440918,10.640000343322754,141400,0.0,0.0
2024-06-05 00:00:00-04:00,10.699999809265137,10.739999771118164,10.59000015258789,10.640000343322754,121600,0.0,0.0
2024-06-06 00:00:00-04:00,10.670000076293945,10.729999542236328,10.619999885559082,10.710000038146973,125200,0.0,0.0
2024-06-07 00:00:00-04:00,10.680000305175781,10.710000038146973,10.65999984741211,10.6899995803833,182000,0.0,0.0
2024-06-10 00:00:00-04:00,10.710000038146973,10.729999542236328,10.630000114440918,10.6899995803833,91300,0.0,0.0
2024-06-11 00:00:00-04:00,10.680000305175781,10.699999809265137,10.630000114440918,10.640000343322754,79800,0.0,0.0
2024-06-12 00:00:00-04:00,10.789999961853027,10.869999885559082,10.729999542236328,10.739999771118164,299400,0.0,0.0
2024-06-13 00:00:00-04:00,10.739999771118164,10.829999923706055,10.729999542236328,10.819999694824219,121200,0.0,0.0
2024-06-14 00:00:00-04:00,10.65999984741211,10.710000038146973,10.569999694824219,10.640000343322754,177000,0.0,0.0
2024-06-17 00:00:00-04:00,10.619999885559082,10.6899995803833,10.5600004196167,10.619999885559082,120000,0.0,0.0
2024-06-18 00:00:00-04:00,10.670000076293945,10.670000076293945,10.579999923706055,10.619999885559082,123700,0.0,0.0
2024-06-20 00:00:00-04:00,10.569999694824219,10.640000343322754,10.520000457763672,10.609999656677246,206200,0.0,0.0
2024-06-21 00:00:00-04:00,10.609999656677246,10.670000076293945,10.539999961853027,10.609999656677246,154500,0.0,0.0
2024-06-24 00:00:00-04:00,10.59000015258789,10.640000343322754,10.489999771118164,10.529999732971191,207000,0.0,0.0
2024-06-25 00:00:00-04:00,10.529999732971191,10.529999732971191,10.470000267028809,10.529999732971191,167200,0.0,0.0
2024-06-26 00:00:00-04:00,10.510000228881836,10.529999732971191,10.470000267028809,10.520000457763672,197600,0.0,0.0
2024-06-27 00:00:00-04:00,10.529999732971191,10.619999885559082,10.529999732971191,10.609999656677246,200900,0.0,0.0
2024-06-28 00:00:00-04:00,10.640000343322754,10.779999732971191,10.630000114440918,10.710000038146973,583100,0.0,0.0
2024-07-01 00:00:00-04:00,10.710000038146973,10.710000038146973,10.619999885559082,10.670000076293945,213000,0.0,0.0
2024-07-02 00:00:00-04:00,10.680000305175781,10.680000305175781,10.600000381469727,10.619999885559082,120400,0.0,0.0
2024-07-03 00:00:00-04:00,10.609999656677246,10.6899995803833,10.609999656677246,10.670000076293945,139000,0.0,0.0
2024-07-05 00:00:00-04:00,10.65999984741211,10.770000457763672,10.65999984741211,10.770000457763672,140800,0.0,0.0
2024-07-08 00:00:00-04:00,10.789999961853027,10.819999694824219,10.720000267028809,10.729999542236328,238300,0.0,0.0
2024-07-09 00:00:00-04:00,10.789999961853027,10.819999694824219,10.710000038146973,10.75,216200,0.0,0.0
2024-07-10 00:00:00-04:00,10.75,10.850000381469727,10.75,10.84000015258789,262100,0.0,0.0
2024-07-11 00:00:00-04:00,10.880000114440918,10.989999771118164,10.850000381469727,10.949999809265137,315100,0.0,0.0
2024-07-12 00:00:00-04:00,10.989999771118164,11.069999694824219,10.960000038146973,10.979999542236328,257100,0.0,0.0
2024-07-15 00:00:00-04:00,10.920000076293945,10.9399995803833,10.739999771118164,10.779999732971191,335500,0.0,0.0
2024-07-16 00:00:00-04:00,10.789999961853027,10.850000381469727,10.720000267028809,10.75,332400,0.0,0.0
2024-07-17 00:00:00-04:00,10.789999961853027,10.800000190734863,10.670000076293945,10.6899995803833,316600,0.0,0.0
2024-07-18 00:00:00-04:00,10.699999809265137,10.760000228881836,10.600000381469727,10.630000114440918,448900,0.0,0.0
2024-07-19 00:00:00-04:00,10.630000114440918,10.699999809265137,10.510000228881836,10.510000228881836,1287700,0.0,0.0
2024-07-22 00:00:00-04:00,10.59000015258789,10.630000114440918,10.539999961853027,10.569999694824219,322500,0.0,0.0
2024-07-23 00:00:00-04:00,10.59000015258789,10.65999984741211,10.579999923706055,10.619999885559082,281300,0.0,0.0
2024-07-24 00:00:00-04:00,10.609999656677246,10.649999618530273,10.579999923706055,10.609999656677246,241700,0.0,0.0
2024-07-25 00:00:00-04:00,10.670000076293945,10.6899995803833,10.609999656677246,10.619999885559082,123700,0.0,0.0
2024-07-26 00:00:00-04:00,10.710000038146973,10.739999771118164,10.65999984741211,10.710000038146973,265000,0.0,0.0
2024-07-29 00:00:00-04:00,10.75,10.75,10.680000305175781,10.699999809265137,207000,0.0,0.0
2024-07-30 00:00:00-04:00,10.720000267028809,10.800000190734863,10.720000267028809,10.800000190734863,167700,0.0,0.0
2024-07-31 00:00:00-04:00,10.899999618530273,10.90999984741211,10.789999961853027,10.829999923706055,299100,0.0,0.0
2024-08-01 00:00:00-04:00,10.869999885559082,10.90999984741211,10.819999694824219,10.850000381469727,285200,0.0,0.0
2024-08-02 00:00:00-04:00,10.880000114440918,10.989999771118164,10.859999656677246,10.949999809265137,404100,0.0,0.0
2024-08-05 00:00:00-04:00,10.5600004196167,10.739999771118164,10.520000457763672,10.630000114440918,427000,0.0,0.0
2024-08-06 00:00:00-04:00,10.649999618530273,10.739999771118164,10.609999656677246,10.739999771118164,314300,0.0,0.0
2024-08-07 00:00:00-04:00,10.8100004196167,10.880000114440918,10.75,10.789999961853027,198300,0.0,0.0
2024-08-08 00:00:00-04:00,10.779999732971191,10.920000076293945,10.779999732971191,10.859999656677246,187300,0.0,0.0
2024-08-09 00:00:00-04:00,10.90999984741211,10.920000076293945,10.899999618530273,10.90999984741211,105100,0.0,0.0
2024-08-12 00:00:00-04:00,10.90999984741211,10.989999771118164,10.90999984741211,10.979999542236328,161800,0.0,0.0
2024-08-13 00:00:00-04:00,11.0,11.0,10.949999809265137,10.989999771118164,250900,0.0,0.0
2024-08-14 00:00:00-04:00,11.0,11.029999732971191,11.0,11.020000457763672,262800,0.0,0.0
2024-08-15 00:00:00-04:00,10.930000305175781,10.979999542236328,10.930000305175781,10.970000267028809,229100,0.0,0.0
2024-08-16 00:00:00-04:00,10.960000038146973,10.989999771118164,10.960000038146973,10.970000267028809,169300,0.0,0.0
2024-08-19 00:00:00-04:00,10.9399995803833,11.020000457763672,10.9399995803833,11.0,133900,0.0,0.0
2024-08-20 00:00:00-04:00,11.020000457763672,11.050000190734863,10.979999542236328,11.039999961853027,265000,0.0,0.0
2024-08-21 00:00:00-04:00,11.039999961853027,11.069999694824219,11.029999732971191,11.050000190734863,128600,0.0,0.0
2024-08-22 00:00:00-04:00,11.020000457763672,11.039999961853027,11.0,11.0,201500,0.0,0.0
2024-08-23 00:00:00-04:00,11.039999961853027,11.039999961853027,10.960000038146973,11.010000228881836,223700,0.0,0.0
2024-08-26 00:00:00-04:00,11.050000190734863,11.050000190734863,10.979999542236328,11.0,226700,0.0,0.0
2024-08-27 00:00:00-04:00,11.020000457763672,11.039999961853027,10.979999542236328,11.029999732971191,155800,0.0,0.0
2024-08-28 00:00:00-04:00,11.050000190734863,11.050000190734863,10.989999771118164,11.0,194300,0.0,0.0
2024-08-29 00:00:00-04:00,11.029999732971191,11.039999961853027,10.979999542236328,11.039999961853027,175900,0.0,0.0
2024-08-30 00:00:00-04:00,11.069999694824219,11.100000381469727,11.0,11.010000228881836,218900,0.0,0.0
2024-09-03 00:00:00-04:00,11.020000457763672,11.050000190734863,10.979999542236328,11.010000228881836,331800,0.0,0.0
2024-09-04 00:00:00-04:00,10.979999542236328,11.0,10.960000038146973,10.970000267028809,269000,0.0,0.0
2024-09-05 00:00:00-04:00,10.979999542236328,11.0,10.960000038146973,10.979999542236328,461100,0.0,0.0
2024-09-06 00:00:00-04:00,10.979999542236328,11.029999732971191,10.960000038146973,11.0,263200,0.0,0.0
2024-09-09 00:00:00-04:00,11.050000190734863,11.050000190734863,11.010000228881836,11.039999961853027,270500,0.0,0.0
2024-09-10 00:00:00-04:00,11.0600004196167,11.119999885559082,11.050000190734863,11.079999923706055,343200,0.0,0.0
2024-09-11 00:00:00-04:00,11.140000343322754,11.140000343322754,11.069999694824219,11.09000015258789,305500,0.0,0.0
2024-09-12 00:00:00-04:00,11.109999656677246,11.149999618530273,11.109999656677246,11.119999885559082,283500,0.0,0.0
2024-09-13 00:00:00-04:00,11.140000343322754,11.15999984741211,11.09000015258789,11.149999618530273,367700,0.0,0.0
2024-09-16 00:00:00-04:00,11.100000381469727,11.109999656677246,11.029999732971191,11.079999923706055,265300,0.0,0.0
2024-09-17 00:00:00-04:00,11.079999923706055,11.119999885559082,11.0600004196167,11.100000381469727,272900,0.0,0.0
2024-09-18 00:00:00-04:00,11.130000114440918,11.210000038146973,11.09000015258789,11.170000076293945,472500,0.0,0.0
2024-09-19 00:00:00-04:00,11.180000305175781,11.180000305175781,11.069999694824219,11.130000114440918,508200,0.0,0.0
2024-09-20 00:00:00-04:00,11.15999984741211,11.170000076293945,11.0600004196167,11.100000381469727,251000,0.0,0.0
2024-09-23 00:00:00-04:00,11.079999923706055,11.09000015258789,11.039999961853027,11.079999923706055,332100,0.0,0.0
2024-09-24 00:00:00-04:00,11.109999656677246,11.180000305175781,11.09000015258789,11.180000305175781,256500,0.0,0.0
2024-09-25 00:00:00-04:00,11.170000076293945,11.180000305175781,11.09000015258789,11.149999618530273,238200,0.0,0.0
2024-09-26 00:00:00-04:00,11.170000076293945,11.170000076293945,11.109999656677246,11.140000343322754,193300,0.0,0.0
2024-09-27 00:00:00-04:00,11.180000305175781,11.239999771118164,11.149999618530273,11.1899995803833,240200,0.0,0.0
2024-09-30 00:00:00-04:00,11.239999771118164,11.289999961853027,11.180000305175781,11.279999732971191,308400,0.0,0.0
2024-10-01 00:00:00-04:00,11.300000190734863,11.300000190734863,11.199999809265137,11.25,324700,0.0,0.0
2024-10-02 00:00:00-04:00,11.25,11.25,11.199999809265137,11.239999771118164,140000,0.0,0.0
2024-10-03 00:00:00-04:00,11.239999771118164,11.239999771118164,11.180000305175781,11.239999771118164,148100,0.0,0.0
2024-10-04 00:00:00-04:00,11.220000267028809,11.220000267028809,11.15999984741211,11.1899995803833,165600,0.0,0.0
2024-10-07 00:00:00-04:00,11.15999984741211,11.1899995803833,11.149999618530273,11.149999618530273,179300,0.0,0.0
2024-10-08 00:00:00-04:00,11.180000305175781,11.1899995803833,11.109999656677246,11.109999656677246,229800,0.0,0.0
2024-10-09 00:00:00-04:00,11.1899995803833,11.1899995803833,11.119999885559082,11.170000076293945,150700,0.0,0.0
2024-10-10 00:00:00-04:00,11.15999984741211,11.170000076293945,11.130000114440918,11.130000114440918,125300,0.0,0.0
2024-10-11 00:00:00-04:00,11.15999984741211,11.180000305175781,11.130000114440918,11.130000114440918,163400,0.0,0.0
2024-10-14 00:00:00-04:00,11.15999984741211,11.180000305175781,11.140000343322754,11.15999984741211,167400,0.0,0.0
2024-10-15 00:00:00-04:00,11.119999885559082,11.149999618530273,11.039999961853027,11.109999656677246,188200,0.0,0.0
2024-10-16 00:00:00-04:00,11.130000114440918,11.15999984741211,11.050000190734863,11.149999618530273,329200,0.0,0.0
2024-10-17 00:00:00-04:00,11.130000114440918,11.130000114440918,11.050000190734863,11.069999694824219,216400,0.0,0.0
2024-10-18 00:00:00-04:00,11.069999694824219,11.100000381469727,11.050000190734863,11.050000190734863,164200,0.0,0.0
2024-10-21 00:00:00-04:00,11.039999961853027,11.050000190734863,10.899999618530273,10.989999771118164,368500,0.0,0.0
2024-10-22 00:00:00-04:00,10.960000038146973,10.960000038146973,10.869999885559082,10.899999618530273,339900,0.0,0.0
2024-10-23 00:00:00-04:00,10.850000381469727,10.850000381469727,10.75,10.819999694824219,333700,0.0,0.0
2024-10-24 00:00:00-04:00,10.829999923706055,10.90999984741211,10.789999961853027,10.800000190734863,202700,0.0,0.0
2024-10-25 00:00:00-04:00,10.829999923706055,10.859999656677246,10.8100004196167,10.84000015258789,166200,0.0,0.0
2024-10-28 00:00:00-04:00,10.899999618530273,10.899999618530273,10.739999771118164,10.760000228881836,225400,0.0,0.0
2024-10-29 00:00:00-04:00,10.699999809265137,10.850000381469727,10.680000305175781,10.6899995803833,198800,0.0,0.0
2024-10-30 00:00:00-04:00,10.699999809265137,10.770000457763672,10.699999809265137,10.739999771118164,192600,0.0,0.0
2024-10-31 00:00:00-04:00,10.770000457763672,10.789999961853027,10.720000267028809,10.779999732971191,343900,0.0,0.0
2024-11-01 00:00:00-04:00,10.789999961853027,10.829999923706055,10.720000267028809,10.75,375500,0.0,0.0
2024-11-04 00:00:00-05:00,10.739999771118164,10.859999656677246,10.739999771118164,10.770000457763672,276500,0.0,0.0
2024-11-05 00:00:00-05:00,10.8100004196167,10.84000015258789,10.760000228881836,10.8100004196167,182300,0.0,0.0
2024-11-06 00:00:00-05:00,10.789999961853027,10.84000015258789,10.720000267028809,10.8100004196167,404000,0.0,0.0
2024-11-07 00:00:00-05:00,10.859999656677246,11.0600004196167,10.829999923706055,11.020000457763672,180100,0.0,0.0
2024-11-08 00:00:00-05:00,11.050000190734863,11.079999923706055,11.020000457763672,11.0600004196167,274800,0.0,0.0
2024-11-11 00:00:00-05:00,11.100000381469727,11.109999656677246,10.960000038146973,11.079999923706055,261800,0.0,0.0
2024-11-12 00:00:00-05:00,11.069999694824219,11.069999694824219,10.90999984741211,10.920000076293945,187600,0.0,0.0
2024-11-13 00:00:00-05:00,11.010000228881836,11.020000457763672,10.899999618530273,10.930000305175781,211600,0.0,0.0
2024-11-14 00:00:00-05:00,10.949999809265137,10.960000038146973,10.8100004196167,10.869999885559082,246800,0.0,0.0
2024-11-15 00:00:00-05:00,10.819999694824219,10.829999923706055,10.59000015258789,10.75,463800,0.0,0.0
2024-11-18 00:00:00-05:00,10.729999542236328,10.760000228881836,10.59000015258789,10.649999618530273,338500,0.0,0.0
2024-11-19 00:00:00-05:00,10.649999618530273,10.729999542236328,10.630000114440918,10.729999542236328,242200,0.0,0.0
2024-11-20 00:00:00-05:00,10.699999809265137,10.729999542236328,10.65999984741211,10.710000038146973,171300,0.0,0.0
2024-11-21 00:00:00-05:00,10.720000267028809,10.779999732971191,10.680000305175781,10.75,229900,0.0,0.0
2024-11-22 00:00:00-05:00,10.779999732971191,10.890000343322754,10.75,10.859999656677246,173600,0.0,0.0
2024-11-25 00:00:00-05:00,10.890000343322754,10.930000305175781,10.890000343322754,10.890000343322754,198500,0.0,0.0
2024-11-26 00:00:00-05:00,10.890000343322754,10.960000038146973,10.859999656677246,10.899999618530273,245200,0.0,0.0
2024-11-27 00:00:00-05:00,10.899999618530273,11.0,10.819999694824219,10.970000267028809,237900,0.0,0.0
2024-11-29 00:00:00-05:00,11.029999732971191,11.029999732971191,10.949999809265137,10.979999542236328,166700,0.0,0.0
2024-12-02 00:00:00-05:00,10.9399995803833,11.0,10.90999984741211,10.960000038146973,406700,0.0,0.0
2024-12-03 00:00:00-05:00,11.0,11.010000228881836,10.90999984741211,11.010000228881836,272700,0.0,0.0
2024-12-04 00:00:00-05:00,10.9399995803833,11.010000228881836,10.930000305175781,10.989999771118164,271800,0.0,0.0
2024-12-05 00:00:00-05:00,11.020000457763672,11.039999961853027,10.970000267028809,11.029999732971191,248700,0.0,0.0
2024-12-06 00:00:00-05:00,11.029999732971191,11.050000190734863,10.989999771118164,11.020000457763672,262200,0.0,0.0
2024-12-09 00:00:00-05:00,11.029999732971191,11.050000190734863,11.010000228881836,11.010000228881836,392200,0.0,0.0
2024-12-10 00:00:00-05:00,11.039999961853027,11.0600004196167,11.010000228881836,11.020000457763672,256700,0.0,0.0
2024-12-11 00:00:00-05:00,11.069999694824219,11.069999694824219,11.039999961853027,11.039999961853027,261500,0.0,0.0
2024-12-12 00:00:00-05:00,11.039999961853027,11.039999961853027,10.970000267028809,10.979999542236328,265300,0.0,0.0
2024-12-13 00:00:00-05:00,11.010000228881836,11.020000457763672,10.9399995803833,10.9399995803833,306200,0.0,0.0
2024-12-16 00:00:00-05:00,10.869999885559082,10.90999984741211,10.8100004196167,10.819999694824219,249300,0.0,0.0
2024-12-17 00:00:00-05:00,10.84000015258789,10.859999656677246,10.710000038146973,10.75,335900,0.0,0.0
2024-12-18 00:00:00-05:00,10.729999542236328,10.84000015258789,10.550000190734863,10.579999923706055,314600,0.0,0.0
2024-12-19 00:00:00-05:00,10.609999656677246,10.630000114440918,10.380000114440918,10.390000343322754,539400,0.0,0.0
2024-12-20 00:00:00-05:00,10.420000076293945,10.510000228881836,10.40999984741211,10.479999542236328,542300,0.0,0.0
2024-12-23 00:00:00-05:00,10.460000038146973,10.510000228881836,10.4399995803833,10.460000038146973,327900,0.0,0.0
2024-12-24 00:00:00-05:00,10.5,10.579999923706055,10.449999809265137,10.550000190734863,249300,0.0,0.0
2024-12-26 00:00:00-05:00,10.5,10.569999694824219,10.470000267028809,10.510000228881836,401800,0.0,0.0
2024-12-27 00:00:00-05:00,10.449999809265137,10.510000228881836,10.40999984741211,10.420000076293945,297000,0.0,0.0
2024-12-30 00:00:00-05:00,10.40999984741211,10.449999809265137,10.380000114440918,10.420000076293945,266900,0.0,0.0
2024-12-31 00:00:00-05:00,10.449999809265137,10.470000267028809,10.399999618530273,10.460000038146973,257400,0.0,0.0
2025-01-02 00:00:00-05:00,10.520000457763672,10.520000457763672,10.449999809265137,10.5,159400,0.0,0.0
2025-01-03 00:00:00-05:00,10.600000381469727,10.600000381469727,10.510000228881836,10.579999923706055,313800,0.0,0.0
