Date,Open,High,Low,Close,Volume,Dividends,Stock Splits
2022-07-28 00:00:00-04:00,13.859999656677246,14.25,13.819999694824219,14.09000015258789,1934400,0.0,0.0
2022-07-29 00:00:00-04:00,14.300000190734863,14.350000381469727,13.90999984741211,13.979999542236328,725100,0.0,0.0
2022-08-01 00:00:00-04:00,13.970000267028809,14.079999923706055,13.899999618530273,13.930000305175781,245800,0.0,0.0
2022-08-02 00:00:00-04:00,13.930000305175781,14.020000457763672,13.850000381469727,14.010000228881836,88800,0.0,0.0
2022-08-03 00:00:00-04:00,14.020000457763672,14.020000457763672,13.949999809265137,14.015000343322754,145500,0.0,0.0
2022-08-04 00:00:00-04:00,14.020000457763672,14.1899995803833,14.0,14.130000114440918,101100,0.0,0.0
2022-08-05 00:00:00-04:00,14.15999984741211,14.1899995803833,13.960000038146973,14.020000457763672,73300,0.0,0.0
2022-08-08 00:00:00-04:00,14.0,14.029999732971191,13.90999984741211,13.989999771118164,154400,0.0,0.0
2022-08-09 00:00:00-04:00,13.989999771118164,14.020000457763672,13.970000267028809,13.979999542236328,48200,0.0,0.0
2022-08-10 00:00:00-04:00,13.989999771118164,14.029999732971191,13.949999809265137,14.0,59700,0.0,0.0
2022-08-11 00:00:00-04:00,14.0,14.020000457763672,13.949999809265137,14.0,106600,0.0,0.0
2022-08-12 00:00:00-04:00,14.0,14.050000190734863,13.930000305175781,14.039999961853027,103500,0.0,0.0
2022-08-15 00:00:00-04:00,14.039999961853027,14.069999694824219,14.010000228881836,14.069999694824219,25900,0.0,0.0
2022-08-16 00:00:00-04:00,13.970000267028809,14.079999923706055,13.960000038146973,14.0600004196167,75900,0.0,0.0
2022-08-17 00:00:00-04:00,14.010000228881836,14.149999618530273,14.0,14.140000343322754,78400,0.0,0.0
2022-08-18 00:00:00-04:00,14.140000343322754,14.1899995803833,14.0600004196167,14.1899995803833,49200,0.0,0.0
2022-08-19 00:00:00-04:00,14.140000343322754,14.1899995803833,14.095000267028809,14.130000114440918,62800,0.0,0.0
2022-08-22 00:00:00-04:00,14.350000381469727,14.350000381469727,14.079999923706055,14.119999885559082,28300,0.0,0.0
2022-08-23 00:00:00-04:00,14.180000305175781,14.180000305175781,14.09000015258789,14.140000343322754,30200,0.0,0.0
2022-08-24 00:00:00-04:00,14.12399959564209,14.180000305175781,14.100000381469727,14.15999984741211,23100,0.0,0.0
2022-08-25 00:00:00-04:00,14.149999618530273,14.170000076293945,14.130000114440918,14.170000076293945,19500,0.0,0.0
2022-08-26 00:00:00-04:00,14.109999656677246,14.1899995803833,14.050000190734863,14.0600004196167,36800,0.0,0.0
2022-08-29 00:00:00-04:00,14.020000457763672,14.069999694824219,14.020000457763672,14.050000190734863,19500,0.0,0.0
2022-08-30 00:00:00-04:00,14.170000076293945,14.170000076293945,14.010000228881836,14.010000228881836,27500,0.0,0.0
2022-08-31 00:00:00-04:00,14.109999656677246,14.15999984741211,14.039999961853027,14.039999961853027,43000,0.0,0.0
2022-09-01 00:00:00-04:00,14.010000228881836,14.149999618530273,14.010000228881836,14.149999618530273,49500,0.0,0.0
2022-09-02 00:00:00-04:00,14.081000328063965,14.144000053405762,14.069999694824219,14.130000114440918,35600,0.0,0.0
2022-09-06 00:00:00-04:00,14.130000114440918,14.1899995803833,14.079999923706055,14.1899995803833,115300,0.0,0.0
2022-09-07 00:00:00-04:00,14.1899995803833,14.239999771118164,14.100000381469727,14.239999771118164,61100,0.0,0.0
2022-09-08 00:00:00-04:00,14.130000114440918,14.239999771118164,14.130000114440918,14.199999809265137,19000,0.0,0.0
2022-09-09 00:00:00-04:00,14.239999771118164,14.239999771118164,14.1899995803833,14.199999809265137,23100,0.0,0.0
2022-09-12 00:00:00-04:00,14.239999771118164,14.239999771118164,14.149999618530273,14.199999809265137,28500,0.0,0.0
2022-09-13 00:00:00-04:00,14.149999618530273,14.25,14.109999656677246,14.220000267028809,66600,0.0,0.0
2022-09-14 00:00:00-04:00,14.239999771118164,14.380000114440918,14.175000190734863,14.380000114440918,202200,0.0,0.0
2022-09-15 00:00:00-04:00,14.289999961853027,14.489999771118164,14.199999809265137,14.399999618530273,124900,0.0,0.0
2022-09-16 00:00:00-04:00,14.279999732971191,14.529999732971191,14.0600004196167,14.520000457763672,510400,0.0,0.0
2022-09-19 00:00:00-04:00,14.350000381469727,14.569999694824219,14.1899995803833,14.529999732971191,142400,0.0,0.0
2022-09-20 00:00:00-04:00,14.399999618530273,14.619999885559082,14.3100004196167,14.609999656677246,96600,0.0,0.0
2022-09-21 00:00:00-04:00,14.5,14.59000015258789,14.279999732971191,14.319999694824219,36300,0.0,0.0
2022-09-22 00:00:00-04:00,14.319999694824219,14.479999542236328,14.279999732971191,14.470000267028809,14000,0.0,0.0
2022-09-23 00:00:00-04:00,14.430000305175781,14.520000457763672,14.399999618530273,14.470000267028809,27500,0.0,0.0
2022-09-26 00:00:00-04:00,14.449999809265137,14.460000038146973,14.300000190734863,14.350000381469727,17000,0.0,0.0
2022-09-27 00:00:00-04:00,14.279999732971191,14.350000381469727,14.09000015258789,14.199999809265137,47600,0.0,0.0
2022-09-28 00:00:00-04:00,14.09000015258789,14.350000381469727,14.039999961853027,14.300000190734863,37100,0.0,0.0
2022-09-29 00:00:00-04:00,14.319999694824219,14.350000381469727,14.149999618530273,14.350000381469727,16900,0.0,0.0
2022-09-30 00:00:00-04:00,14.350000381469727,14.5,14.300000190734863,14.390000343322754,31600,0.0,0.0
2022-10-03 00:00:00-04:00,14.449999809265137,14.449999809265137,14.34000015258789,14.449999809265137,15100,0.0,0.0
2022-10-04 00:00:00-04:00,14.449999809265137,14.5,14.430000305175781,14.489999771118164,15400,0.0,0.0
2022-10-05 00:00:00-04:00,14.5,14.670000076293945,14.324999809265137,14.600000381469727,39100,0.0,0.0
2022-10-06 00:00:00-04:00,14.649999618530273,14.65999984741211,14.539999961853027,14.649999618530273,15500,0.0,0.0
2022-10-07 00:00:00-04:00,14.670000076293945,14.899999618530273,14.670000076293945,14.899999618530273,12100,0.0,0.0
2022-10-10 00:00:00-04:00,14.90999984741211,14.991999626159668,14.880000114440918,14.979999542236328,10000,0.0,0.0
2022-10-11 00:00:00-04:00,14.899999618530273,15.069999694824219,14.869999885559082,15.0,17900,0.0,0.0
2022-10-12 00:00:00-04:00,15.050000190734863,15.109999656677246,14.680000305175781,15.039999961853027,13200,0.0,0.0
2022-10-13 00:00:00-04:00,15.0,15.680000305175781,14.9399995803833,15.600000381469727,20700,0.0,0.0
2022-10-14 00:00:00-04:00,15.710000038146973,15.979999542236328,15.649999618530273,15.789999961853027,10800,0.0,0.0
2022-10-17 00:00:00-04:00,15.869999885559082,15.880000114440918,15.5600004196167,15.8100004196167,12100,0.0,0.0
2022-10-18 00:00:00-04:00,15.78499984741211,15.836999893188477,15.619999885559082,15.779999732971191,6000,0.0,0.0
2022-10-19 00:00:00-04:00,15.829999923706055,15.970000267028809,15.399999618530273,15.59000015258789,36700,0.0,0.0
2022-10-20 00:00:00-04:00,15.579999923706055,15.579999923706055,15.119999885559082,15.5600004196167,9600,0.0,0.0
2022-10-21 00:00:00-04:00,15.600000381469727,15.600000381469727,15.229999542236328,15.300000190734863,8400,0.0,0.0
2022-10-24 00:00:00-04:00,15.550000190734863,15.880000114440918,15.484999656677246,15.789999961853027,4500,0.0,0.0
2022-10-25 00:00:00-04:00,15.78499984741211,15.880000114440918,15.680000305175781,15.680000305175781,6000,0.0,0.0
2022-10-26 00:00:00-04:00,15.680000305175781,15.680000305175781,15.425000190734863,15.59000015258789,3700,0.0,0.0
2022-10-27 00:00:00-04:00,15.729999542236328,15.850000381469727,15.510000228881836,15.59000015258789,7800,0.0,0.0
2022-10-28 00:00:00-04:00,15.600000381469727,15.890000343322754,15.585000038146973,15.789999961853027,10600,0.0,0.0
2022-10-31 00:00:00-04:00,15.789999961853027,15.880000114440918,15.789999961853027,15.84000015258789,6000,0.0,0.0
2022-11-01 00:00:00-04:00,15.899999618530273,15.899999618530273,15.819999694824219,15.899999618530273,5200,0.0,0.0
2022-11-02 00:00:00-04:00,15.720000267028809,15.880000114440918,15.720000267028809,15.850000381469727,6900,0.0,0.0
2022-11-03 00:00:00-04:00,15.84000015258789,15.925000190734863,15.699999809265137,15.899999618530273,12000,0.0,0.0
2022-11-04 00:00:00-04:00,15.800000190734863,15.899999618530273,15.720000267028809,15.899999618530273,2400,0.0,0.0
2022-11-07 00:00:00-05:00,15.949999809265137,15.949999809265137,15.869999885559082,15.869999885559082,2300,0.0,0.0
2022-11-08 00:00:00-05:00,15.9399995803833,15.9399995803833,15.529999732971191,15.789999961853027,28300,0.0,0.0
2022-11-09 00:00:00-05:00,15.675000190734863,15.78499984741211,15.489999771118164,15.704999923706055,6100,0.0,0.0
2022-11-10 00:00:00-05:00,15.8100004196167,15.8100004196167,15.619999885559082,15.75,3400,0.0,0.0
2022-11-11 00:00:00-05:00,15.829999923706055,16.0,15.710000038146973,16.0,40600,0.0,0.0
2022-11-14 00:00:00-05:00,15.91100025177002,16.90999984741211,15.91100025177002,16.700000762939453,25900,0.0,0.0
2022-11-15 00:00:00-05:00,16.75,16.75,16.365999221801758,16.75,23700,0.0,0.0
2022-11-16 00:00:00-05:00,16.6200008392334,16.6200008392334,16.399999618530273,16.479999542236328,12100,0.0,0.0
2022-11-17 00:00:00-05:00,16.549999237060547,16.700000762939453,16.399999618530273,16.700000762939453,20600,0.0,0.0
2022-11-18 00:00:00-05:00,16.520000457763672,16.75,16.488000869750977,16.75,14700,0.0,0.0
2022-11-21 00:00:00-05:00,16.639999389648438,16.670000076293945,16.510000228881836,16.670000076293945,9400,0.0,0.0
2022-11-22 00:00:00-05:00,16.649999618530273,16.65999984741211,16.426000595092773,16.65999984741211,6200,0.0,0.0
2022-11-23 00:00:00-05:00,16.6200008392334,16.649999618530273,16.46500015258789,16.649999618530273,5700,0.0,0.0
2022-11-25 00:00:00-05:00,16.6299991607666,16.6299991607666,16.6299991607666,16.6299991607666,300,0.0,0.0
2022-11-28 00:00:00-05:00,16.649999618530273,16.75,16.479999542236328,16.75,7600,0.0,0.0
2022-11-29 00:00:00-05:00,16.649999618530273,16.670000076293945,16.559999465942383,16.670000076293945,2400,0.0,0.0
2022-11-30 00:00:00-05:00,16.649999618530273,16.68000030517578,16.256000518798828,16.68000030517578,6300,0.0,0.0
2022-12-01 00:00:00-05:00,16.649999618530273,16.729999542236328,16.420000076293945,16.729999542236328,24300,0.0,0.0
2022-12-02 00:00:00-05:00,16.719999313354492,16.75,16.364999771118164,16.75,10200,0.0,0.0
2022-12-05 00:00:00-05:00,16.700000762939453,16.700000762939453,16.288000106811523,16.549999237060547,2200,0.0,0.0
2022-12-06 00:00:00-05:00,16.6200008392334,16.6200008392334,16.450000762939453,16.579999923706055,4800,0.0,0.0
2022-12-07 00:00:00-05:00,16.510000228881836,16.510000228881836,16.049999237060547,16.239999771118164,3300,0.0,0.0
2022-12-08 00:00:00-05:00,16.350000381469727,16.5,15.869999885559082,16.389999389648438,6700,0.0,0.0
2022-12-09 00:00:00-05:00,16.489999771118164,16.489999771118164,16.020000457763672,16.290000915527344,1900,0.0,0.0
2022-12-12 00:00:00-05:00,16.569000244140625,16.569000244140625,16.049999237060547,16.049999237060547,800,0.0,0.0
2022-12-13 00:00:00-05:00,16.209999084472656,16.209999084472656,15.600000381469727,16.15999984741211,12800,0.0,0.0
2022-12-14 00:00:00-05:00,16.107999801635742,16.1200008392334,15.90999984741211,16.1200008392334,3900,0.0,0.0
2022-12-15 00:00:00-05:00,16.1200008392334,16.200000762939453,16.010000228881836,16.200000762939453,18300,0.0,0.0
2022-12-16 00:00:00-05:00,16.200000762939453,16.56999969482422,16.149999618530273,16.56999969482422,10000,0.0,0.0
2022-12-19 00:00:00-05:00,16.600000381469727,16.600000381469727,16.350000381469727,16.459999084472656,8200,0.0,0.0
2022-12-20 00:00:00-05:00,16.530000686645508,16.549999237060547,16.25,16.549999237060547,8900,0.0,0.0
2022-12-21 00:00:00-05:00,16.600000381469727,16.610000610351562,15.920000076293945,16.3700008392334,9100,0.0,0.0
2022-12-22 00:00:00-05:00,16.5,16.5,16.0,16.440000534057617,3000,0.0,0.0
2022-12-23 00:00:00-05:00,16.43000030517578,16.43000030517578,15.899999618530273,16.059999465942383,2600,0.0,0.0
2022-12-27 00:00:00-05:00,16.15999984741211,16.489999771118164,16.1299991607666,16.200000762939453,4500,0.0,0.0
2022-12-28 00:00:00-05:00,16.6200008392334,16.6200008392334,15.899999618530273,15.930000305175781,8700,0.0,0.0
2022-12-29 00:00:00-05:00,16.125,16.350000381469727,15.850000381469727,16.219999313354492,16400,0.0,0.0
2022-12-30 00:00:00-05:00,16.290000915527344,16.350000381469727,16.0,16.049999237060547,9300,0.0,0.0
2023-01-03 00:00:00-05:00,15.989999771118164,16.299999237060547,15.979999542236328,16.200000762939453,9400,0.0,0.0
2023-01-04 00:00:00-05:00,16.329999923706055,16.329999923706055,15.989999771118164,15.989999771118164,7000,0.0,0.0
2023-01-05 00:00:00-05:00,16.299999237060547,16.299999237060547,15.770000457763672,15.770000457763672,27700,0.0,0.0
2023-01-06 00:00:00-05:00,15.949999809265137,16.399999618530273,15.949999809265137,16.31999969482422,12100,0.0,0.0
2023-01-09 00:00:00-05:00,16.309999465942383,16.450000762939453,15.880000114440918,15.880000114440918,33000,0.0,0.0
2023-01-10 00:00:00-05:00,16.010000228881836,16.225000381469727,16.003000259399414,16.15999984741211,31200,0.0,0.0
2023-01-11 00:00:00-05:00,16.149999618530273,16.280000686645508,16.049999237060547,16.139999389648438,4000,0.0,0.0
2023-01-12 00:00:00-05:00,16.1200008392334,16.139999389648438,16.020000457763672,16.020000457763672,1000,0.0,0.0
2023-01-13 00:00:00-05:00,16.149999618530273,16.200000762939453,16.059999465942383,16.059999465942383,1600,0.0,0.0
2023-01-17 00:00:00-05:00,16.25,16.280000686645508,16.024999618530273,16.260000228881836,3600,0.0,0.0
2023-01-18 00:00:00-05:00,16.260000228881836,16.489999771118164,16.059999465942383,16.149999618530273,22200,0.0,0.0
2023-01-19 00:00:00-05:00,16.18000030517578,16.270000457763672,15.979999542236328,16.270000457763672,16700,0.0,0.0
2023-01-20 00:00:00-05:00,16.290000915527344,16.290000915527344,15.949999809265137,16.149999618530273,15100,0.0,0.0
2023-01-23 00:00:00-05:00,16.149999618530273,16.229999542236328,16.139999389648438,16.219999313354492,5600,0.0,0.0
2023-01-24 00:00:00-05:00,16.219999313354492,16.219999313354492,15.899999618530273,15.949999809265137,7600,0.0,0.0
2023-01-25 00:00:00-05:00,15.949999809265137,15.949999809265137,15.680000305175781,15.680000305175781,12500,0.0,0.0
2023-01-26 00:00:00-05:00,15.680000305175781,15.958999633789062,15.680000305175781,15.84000015258789,2900,0.0,0.0
2023-01-27 00:00:00-05:00,15.75,15.8100004196167,15.630000114440918,15.630000114440918,3800,0.0,0.0
2023-01-30 00:00:00-05:00,15.609999656677246,15.949999809265137,15.520000457763672,15.779999732971191,8700,0.0,0.0
2023-01-31 00:00:00-05:00,15.899999618530273,15.899999618530273,15.75,15.75,1200,0.0,0.0
2023-02-01 00:00:00-05:00,15.789999961853027,15.850000381469727,15.75,15.779999732971191,9400,0.0,0.0
2023-02-02 00:00:00-05:00,15.890000343322754,15.899999618530273,15.720000267028809,15.720000267028809,4100,0.0,0.0
2023-02-03 00:00:00-05:00,15.829999923706055,15.829999923706055,15.6899995803833,15.6899995803833,2500,0.0,0.0
2023-02-06 00:00:00-05:00,15.779999732971191,15.899999618530273,15.779999732971191,15.899999618530273,1400,0.0,0.0
2023-02-07 00:00:00-05:00,15.899999618530273,15.899999618530273,15.850000381469727,15.880000114440918,2300,0.0,0.0
2023-02-08 00:00:00-05:00,15.899999618530273,15.949999809265137,15.850000381469727,15.914999961853027,6900,0.0,0.0
2023-02-09 00:00:00-05:00,15.949999809265137,15.949999809265137,15.84000015258789,15.949999809265137,5500,0.0,0.0
2023-02-10 00:00:00-05:00,15.949999809265137,15.949999809265137,15.680000305175781,15.949999809265137,5000,0.0,0.0
2023-02-13 00:00:00-05:00,15.949999809265137,15.949999809265137,15.699999809265137,15.880000114440918,1500,0.0,0.0
2023-02-14 00:00:00-05:00,15.920000076293945,15.949999809265137,15.449999809265137,15.449999809265137,29200,0.0,0.0
2023-02-15 00:00:00-05:00,15.569999694824219,15.880000114440918,15.470000267028809,15.720000267028809,2500,0.0,0.0
2023-02-16 00:00:00-05:00,15.593999862670898,15.800000190734863,15.479999542236328,15.479999542236328,3200,0.0,0.0
2023-02-17 00:00:00-05:00,15.479999542236328,15.861000061035156,15.479999542236328,15.510000228881836,3700,0.0,0.0
2023-02-21 00:00:00-05:00,15.479999542236328,15.630000114440918,15.479999542236328,15.630000114440918,4600,0.0,0.0
2023-02-22 00:00:00-05:00,15.699999809265137,15.800000190734863,15.59000015258789,15.600000381469727,24500,0.0,0.0
2023-02-23 00:00:00-05:00,15.699999809265137,15.850000381469727,15.6899995803833,15.800000190734863,4200,0.0,0.0
2023-02-24 00:00:00-05:00,15.550000190734863,15.699999809265137,15.479999542236328,15.510000228881836,5000,0.0,0.0
2023-02-27 00:00:00-05:00,15.600000381469727,15.779999732971191,15.550000190734863,15.779999732971191,7100,0.0,0.0
2023-02-28 00:00:00-05:00,15.800000190734863,15.890000343322754,15.729999542236328,15.800000190734863,11300,0.0,0.0
2023-03-01 00:00:00-05:00,15.84000015258789,15.850000381469727,15.699999809265137,15.710000038146973,9200,0.0,0.0
2023-03-02 00:00:00-05:00,15.699999809265137,15.710000038146973,15.539999961853027,15.710000038146973,5800,0.0,0.0
2023-03-03 00:00:00-05:00,15.39799976348877,15.619999885559082,15.39799976348877,15.588000297546387,2100,0.0,0.0
2023-03-06 00:00:00-05:00,15.670000076293945,15.670000076293945,15.34000015258789,15.520000457763672,4200,0.0,0.0
2023-03-07 00:00:00-05:00,15.369999885559082,15.579999923706055,15.369999885559082,15.40999984741211,1300,0.0,0.0
2023-03-08 00:00:00-05:00,15.520000457763672,15.550000190734863,15.359999656677246,15.359999656677246,11100,0.0,0.0
2023-03-09 00:00:00-05:00,15.399999618530273,15.399999618530273,14.854999542236328,14.949999809265137,21600,0.0,0.0
2023-03-10 00:00:00-05:00,14.899999618530273,14.899999618530273,14.65999984741211,14.65999984741211,14300,0.0,0.0
2023-03-13 00:00:00-04:00,14.0,14.0,13.0,13.8100004196167,36300,0.0,0.0
2023-03-14 00:00:00-04:00,14.460000038146973,14.670000076293945,14.154000282287598,14.510000228881836,17800,0.0,0.0
2023-03-15 00:00:00-04:00,14.550000190734863,14.725000381469727,13.90999984741211,13.949999809265137,34400,0.0,0.0
2023-03-16 00:00:00-04:00,13.949999809265137,14.444999694824219,13.949999809265137,14.079999923706055,5000,0.0,0.0
2023-03-17 00:00:00-04:00,13.979999542236328,14.125,13.260000228881836,13.260000228881836,20800,0.0,0.0
2023-03-20 00:00:00-04:00,13.5600004196167,13.899999618530273,13.550000190734863,13.569999694824219,21600,0.0,0.0
2023-03-21 00:00:00-04:00,13.760000228881836,14.5,13.760000228881836,14.130000114440918,10500,0.0,0.0
2023-03-22 00:00:00-04:00,14.25,14.260000228881836,13.819999694824219,13.90999984741211,10600,0.0,0.0
2023-03-23 00:00:00-04:00,13.84000015258789,13.97700023651123,13.65999984741211,13.710000038146973,10900,0.0,0.0
2023-03-24 00:00:00-04:00,14.100000381469727,14.166000366210938,13.807999610900879,13.960000038146973,6200,0.0,0.0
2023-03-27 00:00:00-04:00,14.081000328063965,14.081000328063965,13.949999809265137,14.069999694824219,6500,0.0,0.0
2023-03-28 00:00:00-04:00,13.75,14.069999694824219,13.75,14.050000190734863,18400,0.0,0.0
2023-03-29 00:00:00-04:00,13.90999984741211,14.079999923706055,13.880000114440918,13.880000114440918,19300,0.0,0.0
2023-03-30 00:00:00-04:00,13.954000473022461,14.079999923706055,13.78600025177002,13.8100004196167,10000,0.0,0.0
2023-03-31 00:00:00-04:00,14.029999732971191,14.079999923706055,13.84000015258789,13.880000114440918,20700,0.0,0.0
2023-04-03 00:00:00-04:00,13.960000038146973,14.0,13.875,13.979999542236328,11000,0.0,0.0
2023-04-04 00:00:00-04:00,13.859999656677246,13.890000343322754,13.65999984741211,13.65999984741211,9500,0.0,0.0
2023-04-05 00:00:00-04:00,13.65999984741211,13.65999984741211,13.109999656677246,13.109999656677246,52200,0.0,0.0
2023-04-06 00:00:00-04:00,13.125,13.270000457763672,12.75,13.140000343322754,65500,0.0,0.0
2023-04-10 00:00:00-04:00,13.020000457763672,13.100000381469727,12.470000267028809,13.020000457763672,28400,0.0,0.0
2023-04-11 00:00:00-04:00,13.050000190734863,13.100000381469727,12.899999618530273,12.979999542236328,9400,0.0,0.0
2023-04-12 00:00:00-04:00,12.829999923706055,13.029999732971191,12.8100004196167,12.8100004196167,10100,0.0,0.0
2023-04-13 00:00:00-04:00,12.8100004196167,12.9399995803833,12.8100004196167,12.899999618530273,17700,0.0,0.0
2023-04-14 00:00:00-04:00,12.810999870300293,12.970000267028809,12.8100004196167,12.90999984741211,2100,0.0,0.0
2023-04-17 00:00:00-04:00,12.859999656677246,12.880000114440918,12.71500015258789,12.789999961853027,9300,0.0,0.0
2023-04-18 00:00:00-04:00,12.710000038146973,12.710000038146973,12.520000457763672,12.520000457763672,12700,0.0,0.0
2023-04-19 00:00:00-04:00,12.59000015258789,12.600000381469727,12.152000427246094,12.489999771118164,29500,0.0,0.0
2023-04-20 00:00:00-04:00,12.489999771118164,12.489999771118164,12.270000457763672,12.270000457763672,11000,0.0,0.0
2023-04-21 00:00:00-04:00,12.25,12.550000190734863,12.081999778747559,12.199999809265137,10500,0.0,0.0
2023-04-24 00:00:00-04:00,12.100000381469727,12.4399995803833,12.100000381469727,12.260000228881836,3100,0.0,0.0
2023-04-25 00:00:00-04:00,12.175000190734863,12.25,12.100000381469727,12.100000381469727,5400,0.0,0.0
2023-04-26 00:00:00-04:00,12.21399974822998,12.21399974822998,11.970000267028809,11.970000267028809,1100,0.0,0.0
2023-04-27 00:00:00-04:00,12.0,12.210000038146973,11.75,11.972999572753906,14600,0.0,0.0
2023-04-28 00:00:00-04:00,11.850000381469727,12.0,11.654999732971191,11.90999984741211,14600,0.0,0.0
2023-05-01 00:00:00-04:00,11.800000190734863,11.800000190734863,10.779999732971191,10.869999885559082,21900,0.0,0.0
2023-05-02 00:00:00-04:00,10.541000366210938,10.824999809265137,10.324999809265137,10.609999656677246,59800,0.0,0.0
2023-05-03 00:00:00-04:00,10.470000267028809,10.989999771118164,10.470000267028809,10.649999618530273,10200,0.0,0.0
2023-05-04 00:00:00-04:00,10.569999694824219,10.609999656677246,10.40999984741211,10.460000038146973,16200,0.0,0.0
2023-05-05 00:00:00-04:00,10.65999984741211,11.729999542236328,10.611000061035156,11.1899995803833,29400,0.0,0.0
2023-05-08 00:00:00-04:00,11.050000190734863,11.579999923706055,10.880000114440918,11.25,25900,0.0,0.0
2023-05-09 00:00:00-04:00,11.140000343322754,11.140000343322754,10.949999809265137,11.0,3400,0.0,0.0
2023-05-10 00:00:00-04:00,10.899999618530273,11.079999923706055,10.710000038146973,11.039999961853027,16600,0.0,0.0
2023-05-11 00:00:00-04:00,10.670000076293945,10.880000114440918,10.40999984741211,10.659000396728516,10200,0.0,0.0
2023-05-12 00:00:00-04:00,11.0600004196167,11.0600004196167,10.6850004196167,10.770000457763672,17800,0.0,0.0
2023-05-15 00:00:00-04:00,10.90999984741211,11.100000381469727,10.90999984741211,10.994999885559082,24300,0.0,0.0
2023-05-16 00:00:00-04:00,11.093000411987305,11.138999938964844,10.829999923706055,10.829999923706055,16800,0.0,0.0
2023-05-17 00:00:00-04:00,11.0,11.173999786376953,10.899999618530273,11.0,37300,0.0,0.0
2023-05-18 00:00:00-04:00,11.100000381469727,11.100000381469727,10.930000305175781,10.960000038146973,69900,0.0,0.0
2023-05-19 00:00:00-04:00,10.979999542236328,11.0,10.854999542236328,10.880000114440918,88300,0.0,0.0
2023-05-22 00:00:00-04:00,11.008000373840332,11.354999542236328,10.880000114440918,10.989999771118164,16400,0.0,0.0
2023-05-23 00:00:00-04:00,10.979999542236328,11.359000205993652,10.979999542236328,11.149999618530273,39000,0.0,0.0
2023-05-24 00:00:00-04:00,11.149999618530273,11.559000015258789,11.0600004196167,11.399999618530273,26700,0.0,0.0
2023-05-25 00:00:00-04:00,11.479999542236328,11.539999961853027,11.319999694824219,11.319999694824219,7100,0.0,0.0
2023-05-26 00:00:00-04:00,11.380000114440918,12.0,11.380000114440918,11.949999809265137,24900,0.0,0.0
2023-05-30 00:00:00-04:00,11.9399995803833,12.149999618530273,11.930000305175781,12.029999732971191,16700,0.0,0.0
2023-05-31 00:00:00-04:00,12.135000228881836,12.239999771118164,12.069999694824219,12.069999694824219,14800,0.0,0.0
2023-06-01 00:00:00-04:00,12.1899995803833,12.510000228881836,12.1899995803833,12.5,24000,0.0,0.0
2023-06-02 00:00:00-04:00,12.550000190734863,13.119999885559082,12.119999885559082,12.899999618530273,28600,0.0,0.0
2023-06-05 00:00:00-04:00,12.899999618530273,12.899999618530273,12.369999885559082,12.6850004196167,26800,0.0,0.0
2023-06-06 00:00:00-04:00,12.84000015258789,13.149999618530273,12.770000457763672,13.130000114440918,4200,0.0,0.0
2023-06-07 00:00:00-04:00,13.359999656677246,13.460000038146973,13.319999694824219,13.319999694824219,1800,0.0,0.0
2023-06-08 00:00:00-04:00,13.210000038146973,13.479999542236328,13.210000038146973,13.430000305175781,1400,0.0,0.0
2023-06-09 00:00:00-04:00,13.364999771118164,13.430000305175781,13.140000343322754,13.260000228881836,6000,0.0,0.0
2023-06-12 00:00:00-04:00,13.449999809265137,13.449999809265137,13.15999984741211,13.244999885559082,3700,0.0,0.0
2023-06-13 00:00:00-04:00,13.210000038146973,13.279999732971191,13.069999694824219,13.069999694824219,20200,0.0,0.0
2023-06-14 00:00:00-04:00,13.119999885559082,13.1899995803833,13.109999656677246,13.1899995803833,17600,0.0,0.0
2023-06-15 00:00:00-04:00,13.140999794006348,13.140999794006348,13.0600004196167,13.100000381469727,10300,0.0,0.0
2023-06-16 00:00:00-04:00,13.029999732971191,13.100000381469727,12.960000038146973,13.100000381469727,16700,0.0,0.0
2023-06-20 00:00:00-04:00,13.039999961853027,13.100000381469727,12.930000305175781,13.050000190734863,8500,0.0,0.0
2023-06-21 00:00:00-04:00,13.079999923706055,13.09000015258789,13.010000228881836,13.039999961853027,8600,0.0,0.0
2023-06-22 00:00:00-04:00,12.720000267028809,13.0,12.720000267028809,12.949999809265137,2400,0.0,0.0
2023-06-23 00:00:00-04:00,13.0,13.0,13.0,13.0,1400,0.0,0.0
2023-06-26 00:00:00-04:00,13.0,13.09000015258789,12.800000190734863,12.869999885559082,12700,0.0,0.0
2023-06-27 00:00:00-04:00,13.109999656677246,13.109999656677246,12.890000343322754,12.890000343322754,1400,0.0,0.0
2023-06-28 00:00:00-04:00,12.930000305175781,12.930000305175781,12.90999984741211,12.90999984741211,1300,0.0,0.0
2023-06-29 00:00:00-04:00,12.930000305175781,13.199999809265137,12.930000305175781,13.079999923706055,2100,0.0,0.0
2023-06-30 00:00:00-04:00,12.960000038146973,13.079999923706055,12.960000038146973,13.079999923706055,1800,0.0,0.0
2023-07-03 00:00:00-04:00,13.100000381469727,13.319999694824219,13.0600004196167,13.319999694824219,1600,0.0,0.0
2023-07-05 00:00:00-04:00,13.199999809265137,13.199999809265137,13.010000228881836,13.050000190734863,6400,0.0,0.0
2023-07-06 00:00:00-04:00,13.050000190734863,13.09000015258789,13.04800033569336,13.09000015258789,700,0.0,0.0
2023-07-07 00:00:00-04:00,13.0,13.09000015258789,12.960000038146973,13.09000015258789,3500,0.0,0.0
2023-07-10 00:00:00-04:00,13.050000190734863,13.149999618530273,12.960000038146973,12.960000038146973,18900,0.0,0.0
2023-07-11 00:00:00-04:00,13.0,13.0,12.835000038146973,12.920999526977539,16200,0.0,0.0
2023-07-12 00:00:00-04:00,12.954999923706055,12.954999923706055,12.819999694824219,12.848999977111816,28300,0.0,0.0
2023-07-13 00:00:00-04:00,12.899999618530273,12.920000076293945,12.890999794006348,12.899999618530273,8900,0.0,0.0
2023-07-14 00:00:00-04:00,12.880000114440918,12.920000076293945,12.8100004196167,12.829999923706055,11200,0.0,0.0
2023-07-17 00:00:00-04:00,12.854999542236328,13.0,12.854999542236328,13.0,15700,0.0,0.0
2023-07-18 00:00:00-04:00,12.989999771118164,13.0,12.795000076293945,13.0,16500,0.0,0.0
2023-07-19 00:00:00-04:00,13.0,13.329999923706055,12.960000038146973,13.069999694824219,28800,0.0,0.0
2023-07-20 00:00:00-04:00,13.15999984741211,13.399999618530273,12.949999809265137,12.960000038146973,15800,0.0,0.0
2023-07-21 00:00:00-04:00,12.960000038146973,13.079999923706055,12.854999542236328,12.970000267028809,7600,0.0,0.0
2023-07-24 00:00:00-04:00,12.979999542236328,13.34000015258789,12.84000015258789,12.84000015258789,3800,0.0,0.0
2023-07-25 00:00:00-04:00,12.84000015258789,12.869999885559082,12.579999923706055,12.670000076293945,15300,0.0,0.0
2023-07-26 00:00:00-04:00,12.699999809265137,12.899999618530273,12.600000381469727,12.869999885559082,30200,0.0,0.0
2023-07-27 00:00:00-04:00,12.710000038146973,12.979999542236328,12.350000381469727,12.5600004196167,46300,0.0,0.0
2023-07-28 00:00:00-04:00,12.5,13.0,12.449999809265137,12.859999656677246,87400,0.0,0.0
2023-07-31 00:00:00-04:00,12.850000381469727,12.869999885559082,12.569999694824219,12.760000228881836,15200,0.0,0.0
2023-08-01 00:00:00-04:00,12.800000190734863,12.960000038146973,12.720000267028809,12.720000267028809,3200,0.0,0.0
2023-08-02 00:00:00-04:00,12.619999885559082,12.739999771118164,12.619999885559082,12.6899995803833,4200,0.0,0.0
2023-08-03 00:00:00-04:00,12.75,13.109999656677246,12.6899995803833,12.779999732971191,15800,0.0,0.0
2023-08-04 00:00:00-04:00,12.890000343322754,12.890000343322754,12.119999885559082,12.4399995803833,62000,0.0,0.0
2023-08-07 00:00:00-04:00,12.5,12.5,12.350000381469727,12.350000381469727,14600,0.0,0.0
2023-08-08 00:00:00-04:00,12.289999961853027,12.65999984741211,12.15999984741211,12.170000076293945,25800,0.0,0.0
2023-08-09 00:00:00-04:00,12.270000457763672,12.470000267028809,12.270000457763672,12.350000381469727,1900,0.0,0.0
2023-08-10 00:00:00-04:00,12.350000381469727,12.600000381469727,12.350000381469727,12.487000465393066,9100,0.0,0.0
2023-08-11 00:00:00-04:00,12.520000457763672,12.654999732971191,12.40999984741211,12.40999984741211,12200,0.0,0.0
2023-08-14 00:00:00-04:00,12.319999694824219,12.34000015258789,12.109999656677246,12.3100004196167,27700,0.0,0.0
2023-08-15 00:00:00-04:00,12.140000343322754,12.270000457763672,11.789999961853027,12.010000228881836,20400,0.0,0.0
2023-08-16 00:00:00-04:00,12.109999656677246,12.369999885559082,11.920000076293945,12.149999618530273,72000,0.0,0.0
2023-08-17 00:00:00-04:00,12.020000457763672,12.020000457763672,11.75,11.779999732971191,16200,0.0,0.0
2023-08-18 00:00:00-04:00,11.949999809265137,12.109999656677246,11.789999961853027,11.84000015258789,6900,0.0,0.0
2023-08-21 00:00:00-04:00,11.819999694824219,12.09000015258789,11.819999694824219,11.84000015258789,18100,0.0,0.0
2023-08-22 00:00:00-04:00,11.989999771118164,11.989999771118164,11.904999732971191,11.979999542236328,2700,0.0,0.0
2023-08-23 00:00:00-04:00,11.949999809265137,12.189000129699707,11.829999923706055,12.0,5000,0.0,0.0
2023-08-24 00:00:00-04:00,12.0,12.170000076293945,11.984999656677246,12.170000076293945,2500,0.0,0.0
2023-08-25 00:00:00-04:00,12.170000076293945,12.3100004196167,12.140000343322754,12.289999961853027,6300,0.0,0.0
2023-08-28 00:00:00-04:00,12.069999694824219,12.489999771118164,12.069999694824219,12.399999618530273,23800,0.0,0.0
2023-08-29 00:00:00-04:00,12.34000015258789,12.460000038146973,12.34000015258789,12.460000038146973,2500,0.0,0.0
2023-08-30 00:00:00-04:00,12.390000343322754,12.399999618530273,12.260000228881836,12.260000228881836,6300,0.0,0.0
2023-08-31 00:00:00-04:00,12.380000114440918,12.380000114440918,12.260000228881836,12.260000228881836,6500,0.0,0.0
2023-09-01 00:00:00-04:00,12.199999809265137,12.220000267028809,12.0,12.0,5800,0.0,0.0
2023-09-05 00:00:00-04:00,12.0,12.01099967956543,11.880000114440918,11.899999618530273,8300,0.0,0.0
2023-09-06 00:00:00-04:00,11.899999618530273,11.899999618530273,11.649999618530273,11.649999618530273,22600,0.0,0.0
2023-09-07 00:00:00-04:00,11.609999656677246,11.890000343322754,11.609999656677246,11.710000038146973,5400,0.0,0.0
2023-09-08 00:00:00-04:00,11.5600004196167,11.800000190734863,11.5600004196167,11.800000190734863,3800,0.0,0.0
2023-09-11 00:00:00-04:00,12.029000282287598,12.079999923706055,11.640000343322754,11.640000343322754,5100,0.0,0.0
2023-09-12 00:00:00-04:00,11.710000038146973,12.050000190734863,11.579999923706055,11.579999923706055,12600,0.0,0.0
2023-09-13 00:00:00-04:00,11.600000381469727,11.850000381469727,11.569999694824219,11.600000381469727,7700,0.0,0.0
2023-09-14 00:00:00-04:00,11.680000305175781,11.965999603271484,11.579999923706055,11.960000038146973,4100,0.0,0.0
2023-09-15 00:00:00-04:00,11.970000267028809,12.09000015258789,11.949999809265137,12.09000015258789,6500,0.0,0.0
2023-09-18 00:00:00-04:00,12.039999961853027,12.039999961853027,12.039999961853027,12.039999961853027,200,0.0,0.0
2023-09-19 00:00:00-04:00,12.020000457763672,12.020000457763672,12.020000457763672,12.020000457763672,200,0.0,0.0
2023-09-20 00:00:00-04:00,12.039999961853027,12.039999961853027,11.850000381469727,11.850000381469727,4500,0.0,0.0
2023-09-21 00:00:00-04:00,11.850000381469727,11.920000076293945,11.569999694824219,11.59000015258789,9100,0.0,0.0
2023-09-22 00:00:00-04:00,11.694999694824219,11.699999809265137,11.569999694824219,11.569999694824219,4300,0.0,0.0
2023-09-25 00:00:00-04:00,11.729999542236328,11.729999542236328,11.529999732971191,11.529999732971191,5200,0.0,0.0
2023-09-26 00:00:00-04:00,11.770999908447266,11.770999908447266,11.369999885559082,11.369999885559082,21200,0.0,0.0
2023-09-27 00:00:00-04:00,11.364999771118164,11.364999771118164,11.149999618530273,11.149999618530273,13700,0.0,0.0
2023-09-28 00:00:00-04:00,11.119999885559082,11.119999885559082,10.979999542236328,10.979999542236328,5100,0.0,0.0
2023-09-29 00:00:00-04:00,10.960000038146973,11.095999717712402,10.899999618530273,10.97700023651123,15000,0.0,0.0
2023-10-02 00:00:00-04:00,11.270000457763672,11.270000457763672,10.829999923706055,10.899999618530273,6400,0.0,0.0
2023-10-03 00:00:00-04:00,10.8100004196167,10.829000473022461,10.270000457763672,10.592000007629395,11200,0.0,0.0
2023-10-04 00:00:00-04:00,10.619999885559082,10.92199993133545,10.510000228881836,10.699999809265137,18300,0.0,0.0
2023-10-05 00:00:00-04:00,10.699999809265137,10.699999809265137,10.510000228881836,10.510000228881836,10900,0.0,0.0
2023-10-06 00:00:00-04:00,10.90999984741211,10.90999984741211,10.5,10.699999809265137,6200,0.0,0.0
2023-10-09 00:00:00-04:00,10.609999656677246,10.609999656677246,10.508999824523926,10.600000381469727,900,0.0,0.0
2023-10-10 00:00:00-04:00,10.6899995803833,10.770000457763672,10.571999549865723,10.770000457763672,4800,0.0,0.0
2023-10-11 00:00:00-04:00,10.649999618530273,10.760000228881836,10.649999618530273,10.6899995803833,1900,0.0,0.0
2023-10-12 00:00:00-04:00,10.704999923706055,10.704999923706055,9.819999694824219,10.109999656677246,22500,0.0,0.0
2023-10-13 00:00:00-04:00,10.336000442504883,10.336000442504883,10.010000228881836,10.050000190734863,15600,0.0,0.0
2023-10-16 00:00:00-04:00,10.1899995803833,10.569999694824219,10.119999885559082,10.119999885559082,14600,0.0,0.0
2023-10-17 00:00:00-04:00,10.029999732971191,10.380000114440918,9.98799991607666,10.0,34200,0.0,0.0
2023-10-18 00:00:00-04:00,10.010000228881836,10.380000114440918,10.0,10.100000381469727,12900,0.0,0.0
2023-10-19 00:00:00-04:00,10.020000457763672,10.277999877929688,10.0,10.010000228881836,20500,0.0,0.0
2023-10-20 00:00:00-04:00,10.029999732971191,10.149999618530273,10.0,10.144000053405762,12500,0.0,0.0
2023-10-23 00:00:00-04:00,10.130000114440918,10.149999618530273,10.0,10.0,10600,0.0,0.0
2023-10-24 00:00:00-04:00,10.095999717712402,10.3100004196167,10.079999923706055,10.079999923706055,3400,0.0,0.0
2023-10-25 00:00:00-04:00,10.260000228881836,10.260000228881836,10.0,10.079999923706055,21700,0.0,0.0
2023-10-26 00:00:00-04:00,9.961999893188477,10.270000457763672,9.899999618530273,10.109999656677246,12600,0.0,0.0
2023-10-27 00:00:00-04:00,10.0600004196167,10.270000457763672,10.050000190734863,10.050000190734863,2000,0.0,0.0
2023-10-30 00:00:00-04:00,10.0,10.0,10.0,10.0,900,0.0,0.0
2023-10-31 00:00:00-04:00,10.0,10.1899995803833,9.880000114440918,10.119999885559082,49300,0.0,0.0
2023-11-01 00:00:00-04:00,10.180000305175781,10.380000114440918,10.180000305175781,10.300000190734863,12900,0.0,0.0
2023-11-02 00:00:00-04:00,10.347000122070312,10.600000381469727,10.222000122070312,10.569999694824219,13300,0.0,0.0
2023-11-03 00:00:00-04:00,10.904000282287598,10.904000282287598,10.710000038146973,10.75,24400,0.0,0.0
2023-11-06 00:00:00-05:00,10.765000343322754,10.800000190734863,10.65999984741211,10.699999809265137,24300,0.0,0.0
2023-11-07 00:00:00-05:00,10.755000114440918,10.800000190734863,10.300000190734863,10.600000381469727,28400,0.0,0.0
2023-11-08 00:00:00-05:00,10.807999610900879,10.833999633789062,10.600000381469727,10.630000114440918,5700,0.0,0.0
2023-11-09 00:00:00-05:00,10.869999885559082,10.942999839782715,10.619999885559082,10.940999984741211,8400,0.0,0.0
2023-11-10 00:00:00-05:00,10.800999641418457,10.918999671936035,10.65999984741211,10.75,3600,0.0,0.0
2023-11-13 00:00:00-05:00,10.859999656677246,10.944000244140625,10.670000076293945,10.899999618530273,4100,0.0,0.0
2023-11-14 00:00:00-05:00,10.925000190734863,11.300000190734863,10.78499984741211,11.199999809265137,13100,0.0,0.0
2023-11-15 00:00:00-05:00,11.680000305175781,11.680000305175781,11.371000289916992,11.5,5300,0.0,0.0
2023-11-16 00:00:00-05:00,11.274999618530273,11.449999809265137,11.274999618530273,11.350000381469727,1800,0.0,0.0
2023-11-17 00:00:00-05:00,11.640000343322754,11.652000427246094,11.300000190734863,11.59000015258789,5500,0.0,0.0
2023-11-20 00:00:00-05:00,11.670000076293945,11.670000076293945,11.529999732971191,11.649999618530273,4300,0.0,0.0
2023-11-21 00:00:00-05:00,11.369999885559082,11.579999923706055,11.369999885559082,11.420000076293945,5300,0.0,0.0
2023-11-22 00:00:00-05:00,11.619999885559082,11.619999885559082,11.588000297546387,11.619999885559082,3400,0.0,0.0
2023-11-24 00:00:00-05:00,11.739999771118164,11.739999771118164,11.574999809265137,11.670000076293945,5400,0.0,0.0
2023-11-27 00:00:00-05:00,11.727999687194824,11.739999771118164,11.510000228881836,11.510000228881836,8100,0.0,0.0
2023-11-28 00:00:00-05:00,11.479999542236328,11.850000381469727,11.479999542236328,11.850000381469727,2200,0.0,0.0
2023-11-29 00:00:00-05:00,11.850000381469727,12.050000190734863,11.520000457763672,12.010000228881836,12200,0.0,0.0
2023-11-30 00:00:00-05:00,12.0600004196167,12.109999656677246,12.010000228881836,12.109999656677246,1200,0.0,0.0
2023-12-01 00:00:00-05:00,11.930000305175781,12.199999809265137,11.930000305175781,12.199999809265137,4800,0.0,0.0
2023-12-04 00:00:00-05:00,12.239999771118164,12.239999771118164,12.065999984741211,12.140999794006348,2600,0.0,0.0
2023-12-05 00:00:00-05:00,12.300000190734863,12.300000190734863,12.175999641418457,12.270000457763672,3500,0.0,0.0
2023-12-06 00:00:00-05:00,12.270000457763672,12.300000190734863,12.109999656677246,12.130000114440918,8000,0.0,0.0
2023-12-07 00:00:00-05:00,12.289999961853027,12.390000343322754,12.1899995803833,12.390000343322754,4200,0.0,0.0
2023-12-08 00:00:00-05:00,12.229000091552734,12.649999618530273,12.229000091552734,12.529999732971191,8900,0.0,0.0
2023-12-11 00:00:00-05:00,12.489999771118164,12.623000144958496,12.489999771118164,12.54800033569336,2400,0.0,0.0
2023-12-12 00:00:00-05:00,12.640000343322754,12.640000343322754,12.199999809265137,12.199999809265137,4300,0.0,0.0
2023-12-13 00:00:00-05:00,12.170000076293945,12.649999618530273,12.170000076293945,12.369999885559082,12400,0.0,0.0
2023-12-14 00:00:00-05:00,12.600000381469727,12.670000076293945,12.390000343322754,12.649999618530273,8500,0.0,0.0
2023-12-15 00:00:00-05:00,12.600000381469727,12.710000038146973,12.5,12.600000381469727,20000,0.0,0.0
2023-12-18 00:00:00-05:00,12.390000343322754,12.67199993133545,12.25,12.520000457763672,13500,0.0,0.0
2023-12-19 00:00:00-05:00,12.5,12.625,12.5,12.600000381469727,72200,0.0,0.0
2023-12-20 00:00:00-05:00,12.720000267028809,12.720000267028809,12.506999969482422,12.600000381469727,9100,0.0,0.0
2023-12-21 00:00:00-05:00,12.539999961853027,12.600000381469727,12.510000228881836,12.59000015258789,3800,0.0,0.0
2023-12-22 00:00:00-05:00,12.489999771118164,12.600000381469727,12.34000015258789,12.4399995803833,2900,0.0,0.0
2023-12-26 00:00:00-05:00,12.600000381469727,12.600000381469727,12.489999771118164,12.489999771118164,1400,0.0,0.0
2023-12-27 00:00:00-05:00,12.47700023651123,12.720000267028809,12.470000267028809,12.470000267028809,6000,0.0,0.0
2023-12-28 00:00:00-05:00,12.600000381469727,12.609999656677246,12.600000381469727,12.609999656677246,1700,0.0,0.0
2023-12-29 00:00:00-05:00,12.619999885559082,12.619999885559082,12.5,12.5600004196167,15200,0.0,0.0
2024-01-02 00:00:00-05:00,12.5600004196167,12.638999938964844,12.520000457763672,12.609999656677246,18500,0.0,0.0
2024-01-03 00:00:00-05:00,12.600000381469727,12.699999809265137,12.524999618530273,12.699999809265137,5400,0.0,0.0
2024-01-04 00:00:00-05:00,12.710000038146973,12.880000114440918,12.640000343322754,12.880000114440918,5900,0.0,0.0
2024-01-05 00:00:00-05:00,12.826000213623047,12.895000457763672,12.680000305175781,12.680000305175781,8000,0.0,0.0
2024-01-08 00:00:00-05:00,12.8100004196167,13.029000282287598,12.680000305175781,13.029000282287598,4300,0.0,0.0
2024-01-09 00:00:00-05:00,13.093000411987305,13.239999771118164,13.093000411987305,13.210000038146973,7900,0.0,0.0
2024-01-10 00:00:00-05:00,13.20199966430664,13.239999771118164,13.140000343322754,13.229999542236328,8300,0.0,0.0
2024-01-11 00:00:00-05:00,13.229999542236328,13.239999771118164,13.09000015258789,13.170000076293945,10300,0.0,0.0
2024-01-12 00:00:00-05:00,13.220000267028809,13.220000267028809,13.220000267028809,13.220000267028809,700,0.0,0.0
2024-01-16 00:00:00-05:00,13.239999771118164,13.239999771118164,13.147000312805176,13.182999610900879,2400,0.0,0.0
2024-01-17 00:00:00-05:00,12.972000122070312,13.100000381469727,12.805000305175781,12.805000305175781,5500,0.0,0.0
2024-01-18 00:00:00-05:00,12.960000038146973,13.0,12.78499984741211,12.989999771118164,3300,0.0,0.0
2024-01-19 00:00:00-05:00,12.989999771118164,13.0,12.630000114440918,12.989999771118164,3700,0.0,0.0
2024-01-22 00:00:00-05:00,13.0,13.149999618530273,12.98799991607666,13.149999618530273,11800,0.0,0.0
2024-01-23 00:00:00-05:00,13.100000381469727,13.25,12.989999771118164,13.210000038146973,15000,0.0,0.0
2024-01-24 00:00:00-05:00,13.149999618530273,13.5,13.149999618530273,13.5,8900,0.0,0.0
2024-01-25 00:00:00-05:00,13.5,13.510000228881836,13.399999618530273,13.5,5100,0.0,0.0
2024-01-26 00:00:00-05:00,13.510000228881836,13.510000228881836,13.5,13.510000228881836,4300,0.0,0.0
2024-01-29 00:00:00-05:00,13.48799991607666,13.510000228881836,13.449999809265137,13.510000228881836,7700,0.0,0.0
2024-01-30 00:00:00-05:00,13.32699966430664,13.510000228881836,13.32699966430664,13.510000228881836,5000,0.0,0.0
2024-01-31 00:00:00-05:00,13.609999656677246,13.609999656677246,13.40999984741211,13.40999984741211,1100,0.0,0.0
2024-02-01 00:00:00-05:00,13.335000038146973,13.619999885559082,13.145999908447266,13.619999885559082,1700,0.0,0.0
2024-02-02 00:00:00-05:00,13.39900016784668,13.630000114440918,13.39900016784668,13.619999885559082,2200,0.0,0.0
2024-02-05 00:00:00-05:00,13.210000038146973,13.300000190734863,13.170000076293945,13.170000076293945,3700,0.0,0.0
2024-02-06 00:00:00-05:00,13.031000137329102,13.220000267028809,12.829999923706055,12.829999923706055,3900,0.0,0.0
2024-02-07 00:00:00-05:00,12.545000076293945,12.873000144958496,12.545000076293945,12.649999618530273,2200,0.0,0.0
2024-02-08 00:00:00-05:00,12.517999649047852,12.829999923706055,12.517999649047852,12.539999961853027,9000,0.0,0.0
2024-02-09 00:00:00-05:00,12.510000228881836,12.869999885559082,12.510000228881836,12.869999885559082,5000,0.0,0.0
2024-02-12 00:00:00-05:00,12.85099983215332,12.949999809265137,12.6899995803833,12.6899995803833,3500,0.0,0.0
2024-02-13 00:00:00-05:00,12.763999938964844,12.906000137329102,12.763999938964844,12.850000381469727,2000,0.0,0.0
2024-02-14 00:00:00-05:00,12.836000442504883,12.949999809265137,12.819999694824219,12.949999809265137,5000,0.0,0.0
2024-02-15 00:00:00-05:00,12.949999809265137,13.128000259399414,12.829000473022461,13.128000259399414,4100,0.0,0.0
2024-02-16 00:00:00-05:00,13.180000305175781,13.180000305175781,12.930000305175781,13.170000076293945,1000,0.0,0.0
2024-02-20 00:00:00-05:00,12.869999885559082,13.100000381469727,12.845000267028809,13.050000190734863,20100,0.0,0.0
2024-02-21 00:00:00-05:00,13.050000190734863,13.050000190734863,12.890000343322754,13.039999961853027,8300,0.0,0.0
2024-02-22 00:00:00-05:00,12.765999794006348,13.050000190734863,12.765999794006348,12.899999618530273,1800,0.0,0.0
2024-02-23 00:00:00-05:00,12.914999961853027,13.085000038146973,12.914999961853027,13.039999961853027,10800,0.0,0.0
2024-02-26 00:00:00-05:00,12.979999542236328,12.996000289916992,12.800000190734863,12.800000190734863,800,0.0,0.0
2024-02-27 00:00:00-05:00,12.859999656677246,12.984999656677246,12.789999961853027,12.800000190734863,5500,0.0,0.0
2024-02-28 00:00:00-05:00,12.918999671936035,12.918999671936035,12.875,12.904000282287598,3500,0.0,0.0
2024-02-29 00:00:00-05:00,12.899999618530273,12.984999656677246,12.880000114440918,12.930000305175781,14400,0.0,0.0
2024-03-01 00:00:00-05:00,13.0600004196167,13.0600004196167,12.899999618530273,12.899999618530273,2400,0.0,0.0
2024-03-04 00:00:00-05:00,13.010000228881836,13.050000190734863,12.970000267028809,13.050000190734863,3000,0.0,0.0
2024-03-05 00:00:00-05:00,13.069000244140625,13.069000244140625,13.0,13.029999732971191,1900,0.0,0.0
2024-03-06 00:00:00-05:00,13.029999732971191,13.050000190734863,13.008999824523926,13.008999824523926,4600,0.0,0.0
2024-03-07 00:00:00-05:00,13.050000190734863,13.050000190734863,12.84000015258789,12.84000015258789,1500,0.0,0.0
2024-03-08 00:00:00-05:00,12.961000442504883,13.0,12.850000381469727,13.0,5500,0.0,0.0
2024-03-11 00:00:00-04:00,12.925000190734863,12.927000045776367,12.918000221252441,12.927000045776367,1700,0.0,0.0
2024-03-12 00:00:00-04:00,12.968999862670898,12.968999862670898,12.829999923706055,12.829999923706055,1800,0.0,0.0
2024-03-13 00:00:00-04:00,12.90999984741211,12.979000091552734,12.800000190734863,12.800000190734863,1900,0.0,0.0
2024-03-14 00:00:00-04:00,12.800000190734863,12.855999946594238,12.694000244140625,12.779999732971191,2900,0.0,0.0
2024-03-15 00:00:00-04:00,12.90999984741211,13.140000343322754,12.899999618530273,13.140000343322754,27500,0.0,0.0
2024-03-18 00:00:00-04:00,12.902999877929688,13.210000038146973,12.835000038146973,13.010000228881836,13800,0.0,0.0
2024-03-19 00:00:00-04:00,13.050000190734863,13.279999732971191,12.835000038146973,13.069999694824219,30700,0.0,0.0
2024-03-20 00:00:00-04:00,13.199999809265137,13.199999809265137,13.069999694824219,13.109999656677246,3400,0.0,0.0
2024-03-21 00:00:00-04:00,13.04800033569336,13.0600004196167,12.960000038146973,12.960000038146973,17200,0.0,0.0
2024-03-22 00:00:00-04:00,12.904999732971191,13.020999908447266,12.890000343322754,13.0,1400,0.0,0.0
2024-03-25 00:00:00-04:00,12.899999618530273,12.899999618530273,12.800000190734863,12.800000190734863,600,0.0,0.0
2024-03-26 00:00:00-04:00,12.760000228881836,12.847000122070312,12.760000228881836,12.847000122070312,2500,0.0,0.0
2024-03-27 00:00:00-04:00,12.869999885559082,12.949999809265137,12.869999885559082,12.949999809265137,2000,0.0,0.0
2024-03-28 00:00:00-04:00,12.824999809265137,12.979999542236328,12.824999809265137,12.979999542236328,2800,0.0,0.0
2024-04-01 00:00:00-04:00,12.979999542236328,12.979999542236328,12.680000305175781,12.949999809265137,6800,0.0,0.0
2024-04-02 00:00:00-04:00,12.850000381469727,12.859999656677246,12.850000381469727,12.859999656677246,1700,0.0,0.0
2024-04-03 00:00:00-04:00,12.734999656677246,12.789999961853027,12.734999656677246,12.789999961853027,700,0.0,0.0
2024-04-04 00:00:00-04:00,12.8149995803833,12.9399995803833,12.8149995803833,12.9399995803833,600,0.0,0.0
2024-04-05 00:00:00-04:00,12.9399995803833,12.9399995803833,12.9399995803833,12.9399995803833,0,0.0,0.0
2024-04-08 00:00:00-04:00,12.949999809265137,12.949999809265137,12.9399995803833,12.9399995803833,1200,0.0,0.0
2024-04-09 00:00:00-04:00,12.9399995803833,12.9399995803833,12.9399995803833,12.9399995803833,400,0.0,0.0
2024-04-10 00:00:00-04:00,12.6899995803833,12.91100025177002,12.6899995803833,12.91100025177002,600,0.0,0.0
2024-04-11 00:00:00-04:00,12.859999656677246,12.89799976348877,12.859999656677246,12.869999885559082,1200,0.0,0.0
2024-04-12 00:00:00-04:00,12.817999839782715,12.960000038146973,12.817999839782715,12.960000038146973,500,0.0,0.0
2024-04-15 00:00:00-04:00,12.720000267028809,12.979999542236328,12.680000305175781,12.859999656677246,1800,0.0,0.0
2024-04-16 00:00:00-04:00,12.859999656677246,12.859999656677246,12.859999656677246,12.859999656677246,0,0.0,0.0
2024-04-17 00:00:00-04:00,12.824999809265137,13.0,12.789999961853027,12.850000381469727,22500,0.0,0.0
2024-04-18 00:00:00-04:00,12.890000343322754,12.899999618530273,12.630000114440918,12.649999618530273,1500,0.0,0.0
2024-04-19 00:00:00-04:00,12.890000343322754,12.890000343322754,12.609999656677246,12.609999656677246,7100,0.0,0.0
2024-04-22 00:00:00-04:00,12.517999649047852,12.5600004196167,12.220000267028809,12.220000267028809,3300,0.0,0.0
2024-04-23 00:00:00-04:00,12.630000114440918,12.630000114440918,12.220000267028809,12.5,2400,0.0,0.0
2024-04-24 00:00:00-04:00,12.649999618530273,12.649999618530273,12.460000038146973,12.460000038146973,900,0.0,0.0
2024-04-25 00:00:00-04:00,12.399999618530273,12.399999618530273,12.270000457763672,12.270000457763672,2000,0.0,0.0
2024-04-26 00:00:00-04:00,12.270000457763672,12.270000457763672,12.270000457763672,12.270000457763672,0,0.0,0.0
2024-04-29 00:00:00-04:00,12.329000473022461,12.34000015258789,12.25,12.338000297546387,2000,0.0,0.0
2024-04-30 00:00:00-04:00,12.5600004196167,12.5600004196167,11.390000343322754,11.600000381469727,19000,0.0,0.0
2024-05-01 00:00:00-04:00,11.399999618530273,11.550000190734863,11.390000343322754,11.524999618530273,17600,0.0,0.0
2024-05-02 00:00:00-04:00,11.600000381469727,11.789999961853027,11.600000381469727,11.609999656677246,4500,0.0,0.0
2024-05-03 00:00:00-04:00,11.65999984741211,11.65999984741211,11.449999809265137,11.449999809265137,3500,0.0,0.0
2024-05-06 00:00:00-04:00,11.600000381469727,11.859999656677246,11.489999771118164,11.579999923706055,7900,0.0,0.0
2024-05-07 00:00:00-04:00,11.600000381469727,11.9399995803833,11.600000381469727,11.880000114440918,6500,0.0,0.0
2024-05-08 00:00:00-04:00,11.579999923706055,11.579999923706055,11.569999694824219,11.569999694824219,400,0.0,0.0
2024-05-09 00:00:00-04:00,11.65999984741211,11.949999809265137,11.65999984741211,11.940999984741211,2100,0.0,0.0
2024-05-10 00:00:00-04:00,11.75,11.989999771118164,11.600000381469727,11.916000366210938,10000,0.0,0.0
2024-05-13 00:00:00-04:00,11.770000457763672,12.289999961853027,11.760000228881836,12.270000457763672,18200,0.0,0.0
2024-05-14 00:00:00-04:00,12.175000190734863,12.220000267028809,12.0,12.220000267028809,6100,0.0,0.0
2024-05-15 00:00:00-04:00,12.253000259399414,12.600000381469727,12.253000259399414,12.571000099182129,5600,0.0,0.0
2024-05-16 00:00:00-04:00,12.510000228881836,12.680000305175781,12.33899974822998,12.585000038146973,5100,0.0,0.0
2024-05-17 00:00:00-04:00,12.569999694824219,12.595000267028809,12.520000457763672,12.520000457763672,1300,0.0,0.0
2024-05-20 00:00:00-04:00,12.420000076293945,12.545999526977539,12.420000076293945,12.545999526977539,1400,0.0,0.0
2024-05-21 00:00:00-04:00,12.545999526977539,12.545999526977539,12.545999526977539,12.545999526977539,0,0.0,0.0
2024-05-22 00:00:00-04:00,12.5,12.600000381469727,12.399999618530273,12.600000381469727,4500,0.0,0.0
2024-05-23 00:00:00-04:00,12.449999809265137,12.449999809265137,12.350000381469727,12.399999618530273,10000,0.0,0.0
2024-05-24 00:00:00-04:00,12.256999969482422,12.276000022888184,12.210000038146973,12.210000038146973,1300,0.0,0.0
2024-05-28 00:00:00-04:00,12.15999984741211,12.324999809265137,12.079999923706055,12.130000114440918,11200,0.0,0.0
2024-05-29 00:00:00-04:00,12.041999816894531,12.25,12.010000228881836,12.25,9100,0.0,0.0
2024-05-30 00:00:00-04:00,12.069999694824219,12.300000190734863,11.949999809265137,12.0600004196167,13700,0.0,0.0
2024-05-31 00:00:00-04:00,12.182999610900879,12.300000190734863,12.0,12.0,4300,0.0,0.0
2024-06-03 00:00:00-04:00,12.050000190734863,12.380000114440918,12.050000190734863,12.350000381469727,7200,0.0,0.0
2024-06-04 00:00:00-04:00,12.331000328063965,12.350000381469727,12.15999984741211,12.350000381469727,2200,0.0,0.0
2024-06-05 00:00:00-04:00,12.243000030517578,12.34000015258789,12.243000030517578,12.34000015258789,800,0.0,0.0
2024-06-06 00:00:00-04:00,12.34000015258789,12.350000381469727,12.149999618530273,12.350000381469727,4000,0.0,0.0
2024-06-07 00:00:00-04:00,12.220000267028809,12.369999885559082,12.220000267028809,12.369999885559082,900,0.0,0.0
2024-06-10 00:00:00-04:00,12.260000228881836,12.270000457763672,12.25,12.270000457763672,1500,0.0,0.0
2024-06-11 00:00:00-04:00,12.395000457763672,12.420000076293945,12.25,12.350000381469727,3600,0.0,0.0
2024-06-12 00:00:00-04:00,12.399999618530273,12.59000015258789,12.350000381469727,12.5,5000,0.0,0.0
2024-06-13 00:00:00-04:00,12.494999885559082,12.630000114440918,12.40999984741211,12.630000114440918,3300,0.0,0.0
2024-06-14 00:00:00-04:00,12.5,12.5,12.430000305175781,12.430000305175781,1100,0.0,0.0
2024-06-17 00:00:00-04:00,12.369999885559082,12.630000114440918,12.369999885559082,12.630000114440918,1200,0.0,0.0
2024-06-18 00:00:00-04:00,12.369999885559082,12.579000473022461,12.369999885559082,12.390000343322754,2400,0.0,0.0
2024-06-20 00:00:00-04:00,12.579999923706055,12.579999923706055,12.449999809265137,12.579999923706055,1900,0.0,0.0
2024-06-21 00:00:00-04:00,12.550000190734863,12.600000381469727,12.359999656677246,12.359999656677246,7300,0.0,0.0
2024-06-24 00:00:00-04:00,12.484000205993652,12.579999923706055,12.460000038146973,12.579999923706055,4600,0.0,0.0
2024-06-25 00:00:00-04:00,12.536999702453613,12.579999923706055,12.5,12.5,3200,0.0,0.0
2024-06-26 00:00:00-04:00,12.569999694824219,12.579999923706055,12.5,12.5,3400,0.0,0.0
2024-06-27 00:00:00-04:00,12.579999923706055,12.579999923706055,12.550000190734863,12.579999923706055,1800,0.0,0.0
2024-06-28 00:00:00-04:00,12.5,12.52299976348877,12.381999969482422,12.479999542236328,3200,0.0,0.0
2024-07-01 00:00:00-04:00,12.510000228881836,12.649999618530273,12.510000228881836,12.600000381469727,1800,0.0,0.0
2024-07-02 00:00:00-04:00,12.510000228881836,12.649999618530273,12.430000305175781,12.550000190734863,2600,0.0,0.0
2024-07-03 00:00:00-04:00,12.579999923706055,12.649999618530273,12.479999542236328,12.479999542236328,2000,0.0,0.0
2024-07-05 00:00:00-04:00,12.579999923706055,12.630000114440918,12.574999809265137,12.600000381469727,3500,0.0,0.0
2024-07-08 00:00:00-04:00,12.5,12.619999885559082,12.5,12.619999885559082,1100,0.0,0.0
2024-07-09 00:00:00-04:00,12.619999885559082,12.619999885559082,12.619999885559082,12.619999885559082,0,0.0,0.0
2024-07-10 00:00:00-04:00,12.600000381469727,12.600000381469727,12.5,12.5,1800,0.0,0.0
2024-07-11 00:00:00-04:00,12.5,12.630000114440918,12.5,12.600000381469727,8200,0.0,0.0
2024-07-12 00:00:00-04:00,12.619999885559082,12.880000114440918,12.600000381469727,12.829999923706055,13800,0.0,0.0
2024-07-15 00:00:00-04:00,12.850000381469727,13.0,12.845000267028809,12.845000267028809,12700,0.0,0.0
2024-07-16 00:00:00-04:00,12.880000114440918,13.125,12.824999809265137,13.043000221252441,31400,0.0,0.0
2024-07-17 00:00:00-04:00,13.149999618530273,13.149999618530273,13.100000381469727,13.149999618530273,3300,0.0,0.0
2024-07-18 00:00:00-04:00,13.100000381469727,13.100000381469727,12.899999618530273,12.899999618530273,5400,0.0,0.0
2024-07-19 00:00:00-04:00,12.887999534606934,13.0,12.887999534606934,12.90999984741211,2800,0.0,0.0
2024-07-22 00:00:00-04:00,13.0,13.210000038146973,12.951000213623047,13.199999809265137,8500,0.0,0.0
2024-07-23 00:00:00-04:00,13.210000038146973,13.579999923706055,13.199000358581543,13.579999923706055,21500,0.0,0.0
2024-07-24 00:00:00-04:00,13.819999694824219,13.9399995803833,13.699999809265137,13.699999809265137,7700,0.0,0.0
2024-07-25 00:00:00-04:00,13.5600004196167,13.84000015258789,13.5600004196167,13.829999923706055,7100,0.0,0.0
2024-07-26 00:00:00-04:00,13.9399995803833,14.15999984741211,13.930000305175781,14.079999923706055,4700,0.0,0.0
2024-07-29 00:00:00-04:00,14.050000190734863,14.140000343322754,14.0,14.029999732971191,5700,0.0,0.0
2024-07-30 00:00:00-04:00,14.020000457763672,14.170000076293945,13.890000343322754,13.890000343322754,5500,0.0,0.0
2024-07-31 00:00:00-04:00,13.994999885559082,14.149999618530273,13.989999771118164,14.149999618530273,5500,0.0,0.0
2024-08-01 00:00:00-04:00,14.079999923706055,14.079999923706055,13.859999656677246,13.979999542236328,5300,0.0,0.0
2024-08-02 00:00:00-04:00,13.609999656677246,13.609999656677246,13.609999656677246,13.609999656677246,300,0.0,0.0
2024-08-05 00:00:00-04:00,13.710000038146973,13.710000038146973,12.5,13.0,11000,0.0,0.0
2024-08-06 00:00:00-04:00,13.0,13.0,13.0,13.0,0,0.0,0.0
2024-08-07 00:00:00-04:00,13.100000381469727,13.100000381469727,13.0,13.0,2000,0.0,0.0
2024-08-08 00:00:00-04:00,13.4399995803833,13.4399995803833,13.3100004196167,13.3100004196167,800,0.0,0.0
2024-08-09 00:00:00-04:00,13.0,13.289999961853027,13.0,13.289999961853027,900,0.0,0.0
2024-08-12 00:00:00-04:00,13.329999923706055,13.329999923706055,12.989999771118164,13.145000457763672,5800,0.0,0.0
2024-08-13 00:00:00-04:00,13.145000457763672,13.145000457763672,13.145000457763672,13.145000457763672,0,0.0,0.0
2024-08-14 00:00:00-04:00,13.0,13.0,12.831000328063965,12.831000328063965,1800,0.0,0.0
2024-08-15 00:00:00-04:00,13.29699993133545,13.29699993133545,13.050000190734863,13.09000015258789,2400,0.0,0.0
2024-08-16 00:00:00-04:00,13.489999771118164,13.489999771118164,13.489999771118164,13.489999771118164,200,0.0,0.0
2024-08-19 00:00:00-04:00,13.244999885559082,13.446999549865723,13.050000190734863,13.100000381469727,12500,0.0,0.0
2024-08-20 00:00:00-04:00,13.15999984741211,13.4399995803833,13.050000190734863,13.289999961853027,14600,0.0,0.0
2024-08-21 00:00:00-04:00,13.130000114440918,13.529999732971191,13.029999732971191,13.137999534606934,12300,0.0,0.0
2024-08-22 00:00:00-04:00,13.15999984741211,13.6899995803833,13.100000381469727,13.48799991607666,15100,0.0,0.0
2024-08-23 00:00:00-04:00,13.510000228881836,13.65999984741211,13.25,13.399999618530273,7000,0.0,0.0
2024-08-26 00:00:00-04:00,13.260000228881836,13.770000457763672,13.260000228881836,13.770000457763672,5400,0.0,0.0
2024-08-27 00:00:00-04:00,13.755000114440918,13.755000114440918,13.472999572753906,13.720000267028809,4700,0.0,0.0
2024-08-28 00:00:00-04:00,13.579999923706055,13.776000022888184,13.449999809265137,13.449999809265137,9600,0.0,0.0
2024-08-29 00:00:00-04:00,13.569999694824219,13.744999885559082,13.449999809265137,13.569999694824219,8700,0.0,0.0
2024-08-30 00:00:00-04:00,13.385000228881836,13.869999885559082,13.329999923706055,13.869999885559082,2700,0.0,0.0
2024-09-03 00:00:00-04:00,13.59000015258789,13.819999694824219,13.529999732971191,13.723999977111816,11400,0.0,0.0
2024-09-04 00:00:00-04:00,13.579999923706055,13.819999694824219,13.470999717712402,13.5,9600,0.0,0.0
2024-09-05 00:00:00-04:00,13.6899995803833,13.854000091552734,13.239999771118164,13.585000038146973,16900,0.0,0.0
2024-09-06 00:00:00-04:00,13.420000076293945,13.9399995803833,13.300000190734863,13.800000190734863,16700,0.0,0.0
2024-09-09 00:00:00-04:00,13.430000305175781,13.670000076293945,13.140000343322754,13.199999809265137,8900,0.0,0.0
2024-09-10 00:00:00-04:00,13.210000038146973,13.399999618530273,13.0600004196167,13.114999771118164,5700,0.0,0.0
2024-09-11 00:00:00-04:00,13.1899995803833,13.449999809265137,12.9399995803833,13.20199966430664,6000,0.0,0.0
2024-09-12 00:00:00-04:00,13.0,13.390000343322754,13.0,13.149999618530273,6800,0.0,0.0
2024-09-13 00:00:00-04:00,13.210000038146973,13.40999984741211,13.020000457763672,13.300000190734863,9200,0.0,0.0
2024-09-16 00:00:00-04:00,13.194999694824219,13.565999984741211,13.194999694824219,13.329999923706055,10900,0.0,0.0
2024-09-17 00:00:00-04:00,13.510000228881836,13.65999984741211,13.359999656677246,13.65999984741211,20200,0.0,0.0
2024-09-18 00:00:00-04:00,13.5,13.850000381469727,13.140000343322754,13.609999656677246,18300,0.0,0.0
2024-09-19 00:00:00-04:00,13.880000114440918,14.010000228881836,13.699999809265137,14.0,25800,0.0,0.0
2024-09-20 00:00:00-04:00,14.0,14.619999885559082,13.829999923706055,14.619999885559082,95400,0.0,0.0
2024-09-23 00:00:00-04:00,14.489999771118164,14.770000457763672,14.071999549865723,14.479999542236328,8600,0.0,0.0
2024-09-24 00:00:00-04:00,14.470000267028809,14.470000267028809,14.265000343322754,14.289999961853027,1000,0.0,0.0
2024-09-25 00:00:00-04:00,14.279999732971191,14.425000190734863,14.25,14.425000190734863,6800,0.0,0.0
2024-09-26 00:00:00-04:00,14.5,14.699999809265137,14.251999855041504,14.619999885559082,11900,0.0,0.0
2024-09-27 00:00:00-04:00,14.385000228881836,14.84000015258789,14.260000228881836,14.6899995803833,15200,0.0,0.0
2024-09-30 00:00:00-04:00,14.699999809265137,14.699999809265137,14.319999694824219,14.319999694824219,3100,0.0,0.0
2024-10-01 00:00:00-04:00,14.279999732971191,14.279999732971191,14.279999732971191,14.279999732971191,400,0.0,0.0
2024-10-02 00:00:00-04:00,14.5,14.522000312805176,14.350000381469727,14.359999656677246,2900,0.0,0.0
2024-10-03 00:00:00-04:00,14.5,14.550000190734863,14.380000114440918,14.380000114440918,3000,0.0,0.0
2024-10-04 00:00:00-04:00,14.380000114440918,14.380000114440918,14.380000114440918,14.380000114440918,500,0.0,0.0
2024-10-07 00:00:00-04:00,14.420000076293945,14.663999557495117,14.3100004196167,14.550000190734863,14900,0.0,0.0
2024-10-08 00:00:00-04:00,14.369999885559082,14.550000190734863,14.319999694824219,14.40999984741211,19400,0.0,0.0
2024-10-09 00:00:00-04:00,14.319999694824219,14.479999542236328,14.319999694824219,14.479999542236328,26300,0.0,0.0
2024-10-10 00:00:00-04:00,14.319999694824219,14.479999542236328,14.319999694824219,14.479999542236328,2500,0.0,0.0
2024-10-11 00:00:00-04:00,14.449999809265137,14.75,14.4399995803833,14.699999809265137,9700,0.0,0.0
2024-10-14 00:00:00-04:00,14.699999809265137,15.0,14.630000114440918,14.789999961853027,11200,0.0,0.0
2024-10-15 00:00:00-04:00,14.664999961853027,15.300000190734863,14.664999961853027,14.84000015258789,13400,0.0,0.0
2024-10-16 00:00:00-04:00,15.010000228881836,15.180000305175781,14.800000190734863,15.109999656677246,16800,0.0,0.0
2024-10-17 00:00:00-04:00,15.050000190734863,15.050000190734863,15.050000190734863,15.050000190734863,700,0.0,0.0
2024-10-18 00:00:00-04:00,15.045000076293945,15.07800006866455,14.960000038146973,15.07800006866455,5900,0.0,0.0
2024-10-21 00:00:00-04:00,14.930000305175781,15.0,14.710000038146973,14.760000228881836,3700,0.0,0.0
2024-10-22 00:00:00-04:00,14.989999771118164,15.0,14.86400032043457,14.989999771118164,14500,0.0,0.0
2024-10-23 00:00:00-04:00,14.970000267028809,15.0,14.819999694824219,15.0,5400,0.0,0.0
2024-10-24 00:00:00-04:00,15.0,15.050000190734863,14.949999809265137,14.979999542236328,5400,0.0,0.0
2024-10-25 00:00:00-04:00,15.0,15.0,14.920000076293945,14.989999771118164,6100,0.0,0.0
2024-10-28 00:00:00-04:00,14.989999771118164,15.024999618530273,14.881999969482422,14.989999771118164,26600,0.0,0.0
2024-10-29 00:00:00-04:00,14.729999542236328,14.944999694824219,14.729999542236328,14.944999694824219,900,0.0,0.0
2024-10-30 00:00:00-04:00,14.770000457763672,14.770000457763672,14.770000457763672,14.770000457763672,400,0.0,0.0
2024-10-31 00:00:00-04:00,14.75,15.0,14.75,15.0,1600,0.0,0.0
2024-11-01 00:00:00-04:00,15.0,15.100000381469727,14.880000114440918,15.100000381469727,3400,0.0,0.0
2024-11-04 00:00:00-05:00,14.789999961853027,14.789999961853027,14.789999961853027,14.789999961853027,100,0.0,0.0
2024-11-05 00:00:00-05:00,14.800000190734863,15.300000190734863,14.800000190734863,15.100000381469727,21300,0.0,0.0
2024-11-06 00:00:00-05:00,15.100000381469727,15.425000190734863,15.039999961853027,15.329999923706055,22800,0.0,0.0
2024-11-07 00:00:00-05:00,15.100000381469727,15.100000381469727,15.0600004196167,15.0600004196167,2300,0.0,0.0
2024-11-08 00:00:00-05:00,15.390000343322754,15.675000190734863,15.289999961853027,15.289999961853027,16700,0.0,0.0
2024-11-11 00:00:00-05:00,15.390000343322754,15.390000343322754,15.005000114440918,15.199999809265137,2200,0.0,0.0
2024-11-12 00:00:00-05:00,15.649999618530273,15.649999618530273,14.979999542236328,15.09000015258789,10000,0.0,0.0
2024-11-13 00:00:00-05:00,14.899999618530273,14.954999923706055,14.899999618530273,14.954999923706055,1200,0.0,0.0
2024-11-14 00:00:00-05:00,14.954999923706055,14.954999923706055,14.954999923706055,14.954999923706055,0,0.0,0.0
2024-11-15 00:00:00-05:00,14.904999732971191,15.0,14.8100004196167,15.0,900,0.0,0.0
2024-11-18 00:00:00-05:00,15.0,15.199999809265137,14.899999618530273,15.010000228881836,13900,0.0,0.0
2024-11-19 00:00:00-05:00,15.1899995803833,15.199999809265137,14.902000427246094,15.199999809265137,7800,0.0,0.0
2024-11-20 00:00:00-05:00,15.039999961853027,15.180000305175781,14.970000267028809,15.0,13200,0.0,0.0
2024-11-21 00:00:00-05:00,15.050000190734863,15.050000190734863,14.960000038146973,14.989999771118164,5800,0.0,0.0
2024-11-22 00:00:00-05:00,14.949999809265137,15.0,14.890000343322754,14.890000343322754,4700,0.0,0.0
2024-11-25 00:00:00-05:00,14.911999702453613,14.989999771118164,14.699999809265137,14.770000457763672,9900,0.0,0.0
2024-11-26 00:00:00-05:00,14.859999656677246,14.979999542236328,14.800000190734863,14.899999618530273,9000,0.0,0.0
2024-11-27 00:00:00-05:00,14.805999755859375,14.899999618530273,14.789999961853027,14.789999961853027,4500,0.0,0.0
2024-11-29 00:00:00-05:00,14.90999984741211,15.0,14.859999656677246,14.989999771118164,1500,0.0,0.0
2024-12-02 00:00:00-05:00,14.850000381469727,15.100000381469727,14.8100004196167,15.100000381469727,4600,0.0,0.0
2024-12-03 00:00:00-05:00,14.859999656677246,15.149999618530273,14.859999656677246,14.970000267028809,5400,0.0,0.0
2024-12-04 00:00:00-05:00,15.0649995803833,15.368000030517578,15.0649995803833,15.368000030517578,5300,0.0,0.0
2024-12-05 00:00:00-05:00,15.399999618530273,15.75,15.149999618530273,15.680000305175781,15200,0.0,0.0
2024-12-06 00:00:00-05:00,15.435999870300293,15.5,15.25,15.399999618530273,7700,0.0,0.0
2024-12-09 00:00:00-05:00,15.199999809265137,15.479999542236328,15.1899995803833,15.350000381469727,18100,0.0,0.0
2024-12-10 00:00:00-05:00,15.220000267028809,15.331999778747559,15.050000190734863,15.050000190734863,6300,0.0,0.0
2024-12-11 00:00:00-05:00,15.289999961853027,15.395999908447266,14.979999542236328,15.079999923706055,5700,0.0,0.0
2024-12-12 00:00:00-05:00,15.210000038146973,15.210000038146973,15.050000190734863,15.050000190734863,3300,0.0,0.0
2024-12-13 00:00:00-05:00,15.210000038146973,15.359999656677246,15.210000038146973,15.229999542236328,6300,0.0,0.0
2024-12-16 00:00:00-05:00,15.180000305175781,15.369999885559082,15.029999732971191,15.369999885559082,2800,0.0,0.0
2024-12-17 00:00:00-05:00,15.029999732971191,15.253999710083008,14.875,15.079999923706055,8200,0.0,0.0
2024-12-18 00:00:00-05:00,14.859999656677246,15.006999969482422,14.670000076293945,14.670000076293945,7500,0.0,0.0
2024-12-19 00:00:00-05:00,15.0,15.0,14.8149995803833,14.920000076293945,3400,0.0,0.0
2024-12-20 00:00:00-05:00,15.0,15.050000190734863,14.949000358581543,15.050000190734863,7600,0.0,0.0
2024-12-23 00:00:00-05:00,15.09000015258789,15.180000305175781,15.050000190734863,15.119999885559082,7400,0.0,0.0
2024-12-24 00:00:00-05:00,15.119999885559082,15.119999885559082,15.100000381469727,15.100000381469727,400,0.0,0.0
2024-12-26 00:00:00-05:00,15.180000305175781,15.180000305175781,14.920000076293945,14.920000076293945,900,0.0,0.0
2024-12-27 00:00:00-05:00,15.052000045776367,15.052000045776367,14.880000114440918,14.899999618530273,3800,0.0,0.0
2024-12-30 00:00:00-05:00,14.965999603271484,15.010000228881836,14.779999732971191,14.779999732971191,3300,0.0,0.0
2024-12-31 00:00:00-05:00,15.029999732971191,15.1899995803833,14.84000015258789,14.84000015258789,2100,0.0,0.0
2025-01-02 00:00:00-05:00,14.890000343322754,14.989999771118164,14.890000343322754,14.989999771118164,900,0.0,0.0
2025-01-03 00:00:00-05:00,15.0,15.0,14.670000076293945,14.899999618530273,7800,0.0,0.0
