Date,Open,High,Low,Close,Volume,Dividends,Stock Splits
2007-06-07 00:00:00-04:00,16.040000915527344,21.239999771118164,16.0,19.700000762939453,11840000,0.0,0.0
2007-06-08 00:00:00-04:00,21.5,26.40999984741211,21.389999389648438,25.15999984741211,0,0.0,0.0
2007-06-11 00:00:00-04:00,27.170000076293945,27.899999618530273,24.639999389648438,24.959999084472656,1881400,0.0,0.0
2007-06-12 00:00:00-04:00,24.969999313354492,25.850000381469727,23.8799991607666,24.059999465942383,1109400,0.0,0.0
2007-06-13 00:00:00-04:00,24.020000457763672,24.979999542236328,23.510000228881836,23.940000534057617,1095000,0.0,0.0
2007-06-14 00:00:00-04:00,23.860000610351562,24.719999313354492,23.6200008392334,24.049999237060547,484600,0.0,0.0
2007-06-15 00:00:00-04:00,24.489999771118164,27.450000762939453,23.760000228881836,27.049999237060547,1415100,0.0,0.0
2007-06-18 00:00:00-04:00,27.799999237060547,30.0,26.270000457763672,26.600000381469727,1730100,0.0,0.0
2007-06-19 00:00:00-04:00,26.600000381469727,26.950000762939453,24.200000762939453,24.610000610351562,706500,0.0,0.0
2007-06-20 00:00:00-04:00,24.959999084472656,25.190000534057617,23.5,23.969999313354492,595300,0.0,0.0
2007-06-21 00:00:00-04:00,23.969999313354492,24.450000762939453,23.079999923706055,24.040000915527344,389300,0.0,0.0
2007-06-22 00:00:00-04:00,24.440000534057617,24.479999542236328,23.5,24.40999984741211,183900,0.0,0.0
2007-06-25 00:00:00-04:00,24.850000381469727,24.850000381469727,23.719999313354492,23.75,176600,0.0,0.0
2007-06-26 00:00:00-04:00,24.200000762939453,24.200000762939453,23.270000457763672,23.739999771118164,150400,0.0,0.0
2007-06-27 00:00:00-04:00,24.1200008392334,24.420000076293945,23.530000686645508,23.899999618530273,239600,0.0,0.0
2007-06-28 00:00:00-04:00,24.3799991607666,26.850000381469727,23.5,26.739999771118164,416200,0.0,0.0
2007-06-29 00:00:00-04:00,26.899999618530273,26.899999618530273,24.540000915527344,24.920000076293945,554500,0.0,0.0
2007-07-02 00:00:00-04:00,25.540000915527344,25.959999084472656,23.200000762939453,23.860000610351562,436900,0.0,0.0
2007-07-03 00:00:00-04:00,24.0,24.049999237060547,22.760000228881836,23.329999923706055,263500,0.0,0.0
2007-07-05 00:00:00-04:00,23.350000381469727,23.68000030517578,22.110000610351562,22.34000015258789,263300,0.0,0.0
2007-07-06 00:00:00-04:00,22.229999542236328,23.299999237060547,22.149999618530273,23.049999237060547,362300,0.0,0.0
2007-07-09 00:00:00-04:00,22.889999389648438,24.93000030517578,22.510000228881836,24.290000915527344,359400,0.0,0.0
2007-07-10 00:00:00-04:00,24.1200008392334,25.75,23.969999313354492,25.0,397500,0.0,0.0
2007-07-11 00:00:00-04:00,25.290000915527344,25.979999542236328,24.770000457763672,24.989999771118164,368200,0.0,0.0
2007-07-12 00:00:00-04:00,25.0,25.43000030517578,23.40999984741211,24.899999618530273,473500,0.0,0.0
2007-07-13 00:00:00-04:00,24.559999465942383,25.84000015258789,24.389999389648438,25.719999313354492,185900,0.0,0.0
2007-07-16 00:00:00-04:00,25.030000686645508,25.399999618530273,23.549999237060547,23.799999237060547,395000,0.0,0.0
2007-07-17 00:00:00-04:00,23.899999618530273,24.0,23.18000030517578,23.309999465942383,454400,0.0,0.0
2007-07-18 00:00:00-04:00,23.18000030517578,23.530000686645508,22.260000228881836,23.290000915527344,329800,0.0,0.0
2007-07-19 00:00:00-04:00,23.5,24.1200008392334,22.200000762939453,22.350000381469727,408900,0.0,0.0
2007-07-20 00:00:00-04:00,22.90999984741211,23.200000762939453,22.110000610351562,23.200000762939453,212400,0.0,0.0
2007-07-23 00:00:00-04:00,23.09000015258789,23.600000381469727,23.0,23.299999237060547,120500,0.0,0.0
2007-07-24 00:00:00-04:00,23.3799991607666,24.100000381469727,22.979999542236328,23.299999237060547,262300,0.0,0.0
2007-07-25 00:00:00-04:00,23.5,23.959999084472656,23.25,23.770000457763672,195200,0.0,0.0
2007-07-26 00:00:00-04:00,23.850000381469727,23.850000381469727,22.780000686645508,23.450000762939453,184100,0.0,0.0
2007-07-27 00:00:00-04:00,23.0,23.420000076293945,22.100000381469727,22.15999984741211,357300,0.0,0.0
2007-07-30 00:00:00-04:00,22.700000762939453,23.549999237060547,22.540000915527344,23.059999465942383,337800,0.0,0.0
2007-07-31 00:00:00-04:00,23.5,23.5,22.700000762939453,22.799999237060547,309400,0.0,0.0
2007-08-01 00:00:00-04:00,22.299999237060547,22.3700008392334,19.530000686645508,20.1299991607666,1101900,0.0,0.0
2007-08-02 00:00:00-04:00,20.6200008392334,21.34000015258789,19.600000381469727,20.270000457763672,577000,0.0,0.0
2007-08-03 00:00:00-04:00,20.3799991607666,20.610000610351562,19.790000915527344,20.059999465942383,253000,0.0,0.0
2007-08-06 00:00:00-04:00,20.06999969482422,20.459999084472656,19.709999084472656,20.299999237060547,138900,0.0,0.0
2007-08-07 00:00:00-04:00,20.530000686645508,20.739999771118164,20.0,20.1200008392334,216900,0.0,0.0
2007-08-08 00:00:00-04:00,20.010000228881836,21.3799991607666,20.010000228881836,20.899999618530273,254400,0.0,0.0
2007-08-09 00:00:00-04:00,20.989999771118164,21.969999313354492,20.290000915527344,21.18000030517578,312800,0.0,0.0
2007-08-10 00:00:00-04:00,21.709999084472656,21.709999084472656,18.75,19.829999923706055,765700,0.0,0.0
2007-08-13 00:00:00-04:00,19.329999923706055,20.1200008392334,19.149999618530273,19.389999389648438,135100,0.0,0.0
2007-08-14 00:00:00-04:00,19.459999084472656,19.889999389648438,18.6299991607666,18.940000534057617,94900,0.0,0.0
2007-08-15 00:00:00-04:00,18.809999465942383,19.059999465942383,17.809999465942383,17.979999542236328,214600,0.0,0.0
2007-08-16 00:00:00-04:00,17.530000686645508,17.950000762939453,16.520000457763672,17.219999313354492,578500,0.0,0.0
2007-08-17 00:00:00-04:00,18.18000030517578,18.809999465942383,17.600000381469727,17.989999771118164,607900,0.0,0.0
2007-08-20 00:00:00-04:00,18.0,18.350000381469727,17.65999984741211,18.0,340700,0.0,0.0
2007-08-21 00:00:00-04:00,18.0,18.5,17.6299991607666,17.860000610351562,128800,0.0,0.0
2007-08-22 00:00:00-04:00,18.1200008392334,18.1200008392334,17.260000228881836,17.899999618530273,211500,0.0,0.0
2007-08-23 00:00:00-04:00,18.229999542236328,18.229999542236328,17.149999618530273,17.610000610351562,263300,0.0,0.0
2007-08-24 00:00:00-04:00,17.579999923706055,18.5,17.40999984741211,18.239999771118164,156700,0.0,0.0
2007-08-27 00:00:00-04:00,18.389999389648438,18.389999389648438,17.5,17.549999237060547,163200,0.0,0.0
2007-08-28 00:00:00-04:00,17.5,17.709999084472656,17.0,17.15999984741211,96800,0.0,0.0
2007-08-29 00:00:00-04:00,17.450000762939453,18.149999618530273,16.889999389648438,18.040000915527344,676500,0.0,0.0
2007-08-30 00:00:00-04:00,17.670000076293945,18.290000915527344,17.34000015258789,18.18000030517578,340600,0.0,0.0
2007-08-31 00:00:00-04:00,18.290000915527344,19.8799991607666,18.209999084472656,19.260000228881836,282200,0.0,0.0
2007-09-04 00:00:00-04:00,19.0,19.25,18.59000015258789,19.139999389648438,178700,0.0,0.0
2007-09-05 00:00:00-04:00,18.889999389648438,19.489999771118164,18.889999389648438,19.110000610351562,107600,0.0,0.0
2007-09-06 00:00:00-04:00,18.950000762939453,19.43000030517578,18.149999618530273,18.5,338500,0.0,0.0
2007-09-07 00:00:00-04:00,18.389999389648438,18.389999389648438,17.739999771118164,18.049999237060547,106000,0.0,0.0
2007-09-10 00:00:00-04:00,17.989999771118164,18.43000030517578,17.510000228881836,17.75,183000,0.0,0.0
2007-09-11 00:00:00-04:00,18.040000915527344,18.610000610351562,17.739999771118164,18.100000381469727,293500,0.0,0.0
2007-09-12 00:00:00-04:00,18.1200008392334,18.1200008392334,17.5,17.600000381469727,103500,0.0,0.0
2007-09-13 00:00:00-04:00,17.950000762939453,17.950000762939453,17.059999465942383,17.059999465942383,59100,0.0,0.0
2007-09-14 00:00:00-04:00,17.260000228881836,17.3799991607666,16.610000610351562,16.690000534057617,173900,0.0,0.0
2007-09-17 00:00:00-04:00,16.809999465942383,17.239999771118164,16.6200008392334,17.010000228881836,187100,0.0,0.0
2007-09-18 00:00:00-04:00,17.139999389648438,17.440000534057617,16.93000030517578,17.049999237060547,143300,0.0,0.0
2007-09-19 00:00:00-04:00,17.200000762939453,17.84000015258789,16.950000762939453,17.100000381469727,129500,0.0,0.0
2007-09-20 00:00:00-04:00,17.030000686645508,17.690000534057617,17.030000686645508,17.510000228881836,118200,0.0,0.0
2007-09-21 00:00:00-04:00,17.549999237060547,18.809999465942383,17.549999237060547,18.799999237060547,229500,0.0,0.0
2007-09-24 00:00:00-04:00,18.760000228881836,19.299999237060547,17.989999771118164,18.299999237060547,165800,0.0,0.0
2007-09-25 00:00:00-04:00,18.739999771118164,18.90999984741211,18.059999465942383,18.90999984741211,202400,0.0,0.0
2007-09-26 00:00:00-04:00,19.049999237060547,20.25,18.899999618530273,19.860000610351562,194000,0.0,0.0
2007-09-27 00:00:00-04:00,20.139999389648438,21.59000015258789,19.93000030517578,21.040000915527344,325600,0.0,0.0
2007-09-28 00:00:00-04:00,21.010000228881836,21.5,20.040000915527344,20.149999618530273,1542300,0.0,0.0
2007-10-01 00:00:00-04:00,20.200000762939453,21.1299991607666,20.200000762939453,20.850000381469727,297100,0.0,0.0
2007-10-02 00:00:00-04:00,20.969999313354492,22.700000762939453,20.610000610351562,22.469999313354492,407400,0.0,0.0
2007-10-03 00:00:00-04:00,22.389999389648438,25.0,22.260000228881836,23.469999313354492,738200,0.0,0.0
2007-10-04 00:00:00-04:00,23.709999084472656,24.270000457763672,22.670000076293945,23.200000762939453,310900,0.0,0.0
2007-10-05 00:00:00-04:00,23.280000686645508,25.549999237060547,23.280000686645508,24.459999084472656,864300,0.0,0.0
2007-10-08 00:00:00-04:00,24.459999084472656,26.5,24.459999084472656,25.90999984741211,568600,0.0,0.0
2007-10-09 00:00:00-04:00,26.09000015258789,26.639999389648438,24.559999465942383,25.079999923706055,279800,0.0,0.0
2007-10-10 00:00:00-04:00,25.260000228881836,25.899999618530273,24.350000381469727,25.0,293500,0.0,0.0
2007-10-11 00:00:00-04:00,25.030000686645508,25.290000915527344,22.940000534057617,23.969999313354492,297500,0.0,0.0
2007-10-12 00:00:00-04:00,23.969999313354492,25.5,23.40999984741211,24.3799991607666,302600,0.0,0.0
2007-10-15 00:00:00-04:00,24.200000762939453,26.0,24.200000762939453,24.700000762939453,388800,0.0,0.0
2007-10-16 00:00:00-04:00,24.860000610351562,25.18000030517578,24.40999984741211,24.469999313354492,178000,0.0,0.0
2007-10-17 00:00:00-04:00,24.690000534057617,25.420000076293945,23.65999984741211,24.280000686645508,333200,0.0,0.0
2007-10-18 00:00:00-04:00,24.280000686645508,25.139999389648438,24.1200008392334,24.940000534057617,160100,0.0,0.0
2007-10-19 00:00:00-04:00,25.059999465942383,25.5,24.610000610351562,24.950000762939453,348300,0.0,0.0
2007-10-22 00:00:00-04:00,24.75,25.940000534057617,24.520000457763672,25.6200008392334,259100,0.0,0.0
2007-10-23 00:00:00-04:00,26.219999313354492,27.1200008392334,25.65999984741211,26.65999984741211,891400,0.0,0.0
2007-10-24 00:00:00-04:00,24.0,25.739999771118164,22.5,24.0,945200,0.0,0.0
2007-10-25 00:00:00-04:00,24.0,24.459999084472656,22.6200008392334,23.290000915527344,309200,0.0,0.0
2007-10-26 00:00:00-04:00,23.6299991607666,24.0,22.799999237060547,23.200000762939453,234500,0.0,0.0
2007-10-29 00:00:00-04:00,23.280000686645508,23.280000686645508,22.31999969482422,23.139999389648438,476100,0.0,0.0
2007-10-30 00:00:00-04:00,22.950000762939453,23.139999389648438,22.31999969482422,22.649999618530273,265800,0.0,0.0
2007-10-31 00:00:00-04:00,22.5,22.690000534057617,22.0,22.06999969482422,3974500,0.0,0.0
2007-11-01 00:00:00-04:00,22.0,22.68000030517578,21.5,22.09000015258789,1120800,0.0,0.0
2007-11-02 00:00:00-04:00,22.25,22.450000762939453,21.25,21.760000228881836,633200,0.0,0.0
2007-11-05 00:00:00-05:00,21.219999313354492,22.049999237060547,21.219999313354492,21.780000686645508,308000,0.0,0.0
2007-11-06 00:00:00-05:00,21.790000915527344,22.670000076293945,21.170000076293945,22.549999237060547,702600,0.0,0.0
2007-11-07 00:00:00-05:00,22.260000228881836,22.549999237060547,21.6200008392334,21.700000762939453,245100,0.0,0.0
2007-11-08 00:00:00-05:00,22.440000534057617,22.440000534057617,20.43000030517578,20.450000762939453,414400,0.0,0.0
2007-11-09 00:00:00-05:00,20.15999984741211,20.829999923706055,18.59000015258789,20.790000915527344,652200,0.0,0.0
2007-11-12 00:00:00-05:00,20.56999969482422,21.190000534057617,19.799999237060547,20.540000915527344,251200,0.0,0.0
2007-11-13 00:00:00-05:00,20.649999618530273,21.1200008392334,20.440000534057617,21.1200008392334,173500,0.0,0.0
2007-11-14 00:00:00-05:00,21.209999084472656,21.440000534057617,20.149999618530273,20.399999618530273,178800,0.0,0.0
2007-11-15 00:00:00-05:00,20.43000030517578,20.809999465942383,19.75,20.360000610351562,194700,0.0,0.0
2007-11-16 00:00:00-05:00,20.5,21.6200008392334,20.18000030517578,21.600000381469727,235000,0.0,0.0
2007-11-19 00:00:00-05:00,21.540000915527344,21.829999923706055,20.68000030517578,21.43000030517578,282600,0.0,0.0
2007-11-20 00:00:00-05:00,21.0,21.5,20.520000457763672,20.799999237060547,401800,0.0,0.0
2007-11-21 00:00:00-05:00,20.639999389648438,21.280000686645508,19.530000686645508,19.989999771118164,264300,0.0,0.0
2007-11-23 00:00:00-05:00,20.5,21.06999969482422,20.31999969482422,20.690000534057617,107800,0.0,0.0
2007-11-26 00:00:00-05:00,20.809999465942383,21.18000030517578,19.75,19.850000381469727,243900,0.0,0.0
2007-11-27 00:00:00-05:00,19.979999542236328,19.979999542236328,18.93000030517578,19.010000228881836,325000,0.0,0.0
2007-11-28 00:00:00-05:00,19.479999542236328,20.40999984741211,19.25,20.299999237060547,353500,0.0,0.0
2007-11-29 00:00:00-05:00,20.329999923706055,21.549999237060547,19.84000015258789,21.469999313354492,383200,0.0,0.0
2007-11-30 00:00:00-05:00,21.329999923706055,21.950000762939453,21.1200008392334,21.809999465942383,956000,0.0,0.0
2007-12-03 00:00:00-05:00,21.700000762939453,22.489999771118164,21.18000030517578,22.360000610351562,562400,0.0,0.0
2007-12-04 00:00:00-05:00,19.90999984741211,20.280000686645508,19.0,19.719999313354492,4658000,0.0,0.0
2007-12-05 00:00:00-05:00,19.489999771118164,20.040000915527344,19.229999542236328,19.799999237060547,1704600,0.0,0.0
2007-12-06 00:00:00-05:00,19.559999465942383,19.950000762939453,19.31999969482422,19.399999618530273,745600,0.0,0.0
2007-12-07 00:00:00-05:00,19.5,19.639999389648438,18.979999542236328,19.329999923706055,839500,0.0,0.0
2007-12-10 00:00:00-05:00,19.299999237060547,19.479999542236328,18.6200008392334,18.84000015258789,941000,0.0,0.0
2007-12-11 00:00:00-05:00,18.809999465942383,19.6299991607666,18.530000686645508,18.950000762939453,1129700,0.0,0.0
2007-12-12 00:00:00-05:00,19.260000228881836,19.299999237060547,17.40999984741211,18.25,1485900,0.0,0.0
2007-12-13 00:00:00-05:00,17.450000762939453,17.989999771118164,17.229999542236328,17.489999771118164,1517600,0.0,0.0
2007-12-14 00:00:00-05:00,17.149999618530273,17.399999618530273,16.809999465942383,16.950000762939453,677200,0.0,0.0
2007-12-17 00:00:00-05:00,16.93000030517578,17.1200008392334,16.270000457763672,16.75,915500,0.0,0.0
2007-12-18 00:00:00-05:00,17.0,17.079999923706055,16.600000381469727,16.790000915527344,620200,0.0,0.0
2007-12-19 00:00:00-05:00,16.6200008392334,17.0,16.280000686645508,16.3700008392334,615500,0.0,0.0
2007-12-20 00:00:00-05:00,16.25,16.280000686645508,15.199999809265137,15.600000381469727,1007900,0.0,0.0
2007-12-21 00:00:00-05:00,15.5,15.5,14.649999618530273,14.979999542236328,1282000,0.0,0.0
2007-12-24 00:00:00-05:00,14.6899995803833,14.890000343322754,14.369999885559082,14.569999694824219,492600,0.0,0.0
2007-12-26 00:00:00-05:00,14.579999923706055,14.850000381469727,14.010000228881836,14.75,926700,0.0,0.0
2007-12-27 00:00:00-05:00,14.489999771118164,14.550000190734863,14.020000457763672,14.109999656677246,525400,0.0,0.0
2007-12-28 00:00:00-05:00,14.4399995803833,14.5,13.819999694824219,14.050000190734863,777100,0.0,0.0
2007-12-31 00:00:00-05:00,14.010000228881836,15.020000457763672,13.9399995803833,14.84000015258789,804100,0.0,0.0
2008-01-02 00:00:00-05:00,15.0,15.270000457763672,14.029999732971191,14.130000114440918,1519800,0.0,0.0
2008-01-03 00:00:00-05:00,14.289999961853027,14.289999961853027,12.369999885559082,12.680000305175781,1822400,0.0,0.0
2008-01-04 00:00:00-05:00,12.449999809265137,12.6899995803833,11.050000190734863,11.15999984741211,2881300,0.0,0.0
2008-01-07 00:00:00-05:00,11.020000457763672,11.430000305175781,10.289999961853027,11.199999809265137,1698100,0.0,0.0
2008-01-08 00:00:00-05:00,11.1899995803833,12.0600004196167,10.800000190734863,11.510000228881836,1019200,0.0,0.0
2008-01-09 00:00:00-05:00,11.489999771118164,11.699999809265137,11.130000114440918,11.180000305175781,1213000,0.0,0.0
2008-01-10 00:00:00-05:00,11.050000190734863,11.680000305175781,11.050000190734863,11.34000015258789,1010200,0.0,0.0
2008-01-11 00:00:00-05:00,11.289999961853027,11.350000381469727,10.619999885559082,11.010000228881836,791800,0.0,0.0
2008-01-14 00:00:00-05:00,11.1899995803833,11.289999961853027,10.75,10.779999732971191,693500,0.0,0.0
2008-01-15 00:00:00-05:00,10.619999885559082,10.739999771118164,9.220000267028809,9.699999809265137,1141100,0.0,0.0
2008-01-16 00:00:00-05:00,9.5,9.850000381469727,9.3100004196167,9.329999923706055,761400,0.0,0.0
2008-01-17 00:00:00-05:00,9.329999923706055,9.760000228881836,8.399999618530273,8.8100004196167,1199300,0.0,0.0
2008-01-18 00:00:00-05:00,8.899999618530273,9.289999961853027,8.899999618530273,9.239999771118164,1080400,0.0,0.0
2008-01-22 00:00:00-05:00,9.0600004196167,9.199999809265137,8.539999961853027,9.079999923706055,503200,0.0,0.0
2008-01-23 00:00:00-05:00,9.170000076293945,10.029999732971191,8.279999732971191,10.0,1363900,0.0,0.0
2008-01-24 00:00:00-05:00,10.100000381469727,10.460000038146973,9.880000114440918,10.270000457763672,901400,0.0,0.0
2008-01-25 00:00:00-05:00,10.5,10.710000038146973,9.859999656677246,9.960000038146973,1043800,0.0,0.0
2008-01-28 00:00:00-05:00,10.0,10.630000114440918,9.65999984741211,10.4399995803833,614100,0.0,0.0
2008-01-29 00:00:00-05:00,10.609999656677246,10.609999656677246,9.960000038146973,10.359999656677246,867400,0.0,0.0
2008-01-30 00:00:00-05:00,10.460000038146973,10.479999542236328,9.949999809265137,10.020000457763672,531900,0.0,0.0
2008-01-31 00:00:00-05:00,9.859999656677246,10.3100004196167,9.5600004196167,10.1899995803833,754700,0.0,0.0
2008-02-01 00:00:00-05:00,13.470000267028809,14.699999809265137,12.880000114440918,14.6899995803833,3434900,0.0,0.0
2008-02-04 00:00:00-05:00,14.890000343322754,14.890000343322754,13.329999923706055,13.539999961853027,1599500,0.0,0.0
2008-02-05 00:00:00-05:00,13.680000305175781,13.680000305175781,12.649999618530273,12.779999732971191,816800,0.0,0.0
2008-02-06 00:00:00-05:00,12.899999618530273,13.270000457763672,12.550000190734863,12.75,540800,0.0,0.0
2008-02-07 00:00:00-05:00,12.899999618530273,12.989999771118164,12.0600004196167,12.300000190734863,1070500,0.0,0.0
2008-02-08 00:00:00-05:00,12.34000015258789,12.640000343322754,11.9399995803833,12.0,520400,0.0,0.0
2008-02-11 00:00:00-05:00,12.220000267028809,12.90999984741211,12.100000381469727,12.779999732971191,662500,0.0,0.0
2008-02-12 00:00:00-05:00,12.800000190734863,13.25,12.800000190734863,12.949999809265137,697300,0.0,0.0
2008-02-13 00:00:00-05:00,13.270000457763672,13.5,12.890000343322754,13.4399995803833,551700,0.0,0.0
2008-02-14 00:00:00-05:00,13.5,13.649999618530273,13.210000038146973,13.4399995803833,431400,0.0,0.0
2008-02-15 00:00:00-05:00,13.329999923706055,13.380000114440918,13.039999961853027,13.199999809265137,493600,0.0,0.0
2008-02-19 00:00:00-05:00,13.109999656677246,13.15999984741211,12.569999694824219,12.760000228881836,572100,0.0,0.0
2008-02-20 00:00:00-05:00,12.760000228881836,13.699999809265137,12.670000076293945,13.460000038146973,462400,0.0,0.0
2008-02-21 00:00:00-05:00,13.520000457763672,13.550000190734863,13.010000228881836,13.079999923706055,232900,0.0,0.0
2008-02-22 00:00:00-05:00,13.149999618530273,13.359999656677246,12.319999694824219,12.960000038146973,544600,0.0,0.0
2008-02-25 00:00:00-05:00,13.729999542236328,13.960000038146973,13.25,13.569999694824219,539300,0.0,0.0
2008-02-26 00:00:00-05:00,13.84000015258789,14.289999961853027,13.430000305175781,13.869999885559082,551800,0.0,0.0
2008-02-27 00:00:00-05:00,14.100000381469727,14.109999656677246,13.569999694824219,13.670000076293945,397100,0.0,0.0
2008-02-28 00:00:00-05:00,13.600000381469727,13.760000228881836,12.979999542236328,13.0,533800,0.0,0.0
2008-02-29 00:00:00-05:00,12.90999984741211,13.0,11.550000190734863,11.680000305175781,1469100,0.0,0.0
2008-03-03 00:00:00-05:00,11.699999809265137,11.770000457763672,10.529999732971191,10.890000343322754,1227500,0.0,0.0
2008-03-04 00:00:00-05:00,10.869999885559082,11.430000305175781,10.5,11.390000343322754,743100,0.0,0.0
2008-03-05 00:00:00-05:00,11.470000267028809,11.819999694824219,11.220000267028809,11.579999923706055,514700,0.0,0.0
2008-03-06 00:00:00-05:00,11.520000457763672,11.640000343322754,11.029999732971191,11.100000381469727,405900,0.0,0.0
2008-03-07 00:00:00-05:00,11.0,11.4399995803833,10.609999656677246,11.020000457763672,525600,0.0,0.0
2008-03-10 00:00:00-04:00,10.970000267028809,11.0,9.770000457763672,9.949999809265137,843700,0.0,0.0
2008-03-11 00:00:00-04:00,10.239999771118164,10.670000076293945,9.890000343322754,10.600000381469727,580700,0.0,0.0
2008-03-12 00:00:00-04:00,10.680000305175781,10.75,10.079999923706055,10.479999542236328,457400,0.0,0.0
2008-03-13 00:00:00-04:00,10.3100004196167,11.079999923706055,10.039999961853027,11.050000190734863,393500,0.0,0.0
2008-03-14 00:00:00-04:00,11.229999542236328,11.229999542236328,10.270000457763672,10.520000457763672,314700,0.0,0.0
2008-03-17 00:00:00-04:00,10.34000015258789,10.350000381469727,9.890000343322754,9.9399995803833,662800,0.0,0.0
2008-03-18 00:00:00-04:00,10.149999618530273,10.550000190734863,10.0,10.539999961853027,544800,0.0,0.0
2008-03-19 00:00:00-04:00,10.710000038146973,11.130000114440918,10.710000038146973,11.029999732971191,643700,0.0,0.0
2008-03-20 00:00:00-04:00,11.229999542236328,11.390000343322754,10.979999542236328,11.220000267028809,660200,0.0,0.0
2008-03-24 00:00:00-04:00,11.399999618530273,13.100000381469727,11.239999771118164,12.829999923706055,810500,0.0,0.0
2008-03-25 00:00:00-04:00,12.84000015258789,13.170000076293945,12.220000267028809,13.069999694824219,539900,0.0,0.0
2008-03-26 00:00:00-04:00,13.0,13.100000381469727,12.199999809265137,12.600000381469727,451300,0.0,0.0
2008-03-27 00:00:00-04:00,12.640000343322754,12.989999771118164,12.359999656677246,12.470000267028809,309500,0.0,0.0
2008-03-28 00:00:00-04:00,12.579999923706055,13.199999809265137,11.949999809265137,12.199999809265137,545300,0.0,0.0
2008-03-31 00:00:00-04:00,12.0,12.220000267028809,11.5,12.0,826400,0.0,0.0
2008-04-01 00:00:00-04:00,12.09000015258789,12.3100004196167,11.800000190734863,12.199999809265137,517100,0.0,0.0
2008-04-02 00:00:00-04:00,12.029999732971191,12.34000015258789,11.859999656677246,12.100000381469727,438500,0.0,0.0
2008-04-03 00:00:00-04:00,11.949999809265137,12.649999618530273,11.949999809265137,12.619999885559082,350800,0.0,0.0
2008-04-04 00:00:00-04:00,12.579999923706055,12.579999923706055,12.079999923706055,12.109999656677246,549900,0.0,0.0
2008-04-07 00:00:00-04:00,12.229999542236328,12.539999961853027,12.09000015258789,12.239999771118164,311400,0.0,0.0
2008-04-08 00:00:00-04:00,12.09000015258789,12.8100004196167,12.020000457763672,12.65999984741211,455100,0.0,0.0
2008-04-09 00:00:00-04:00,12.699999809265137,12.930000305175781,12.350000381469727,12.760000228881836,617100,0.0,0.0
2008-04-10 00:00:00-04:00,12.899999618530273,13.149999618530273,12.449999809265137,12.970000267028809,746300,0.0,0.0
2008-04-11 00:00:00-04:00,12.800000190734863,12.800000190734863,12.109999656677246,12.3100004196167,558400,0.0,0.0
2008-04-14 00:00:00-04:00,12.369999885559082,12.390000343322754,11.720000267028809,12.229999542236328,622900,0.0,0.0
2008-04-15 00:00:00-04:00,12.6899995803833,12.739999771118164,12.010000228881836,12.479999542236328,466700,0.0,0.0
2008-04-16 00:00:00-04:00,12.789999961853027,13.800000190734863,12.510000228881836,13.65999984741211,1015100,0.0,0.0
2008-04-17 00:00:00-04:00,13.59000015258789,14.300000190734863,13.300000190734863,14.239999771118164,857400,0.0,0.0
2008-04-18 00:00:00-04:00,14.449999809265137,15.329999923706055,14.300000190734863,15.3100004196167,1286800,0.0,0.0
2008-04-21 00:00:00-04:00,15.220000267028809,15.479999542236328,14.600000381469727,15.300000190734863,1252600,0.0,0.0
2008-04-22 00:00:00-04:00,14.880000114440918,16.110000610351562,14.819999694824219,16.040000915527344,1196600,0.0,0.0
2008-04-23 00:00:00-04:00,14.100000381469727,14.25,12.380000114440918,12.550000190734863,4012800,0.0,0.0
2008-04-24 00:00:00-04:00,12.550000190734863,12.65999984741211,11.90999984741211,12.270000457763672,1302700,0.0,0.0
2008-04-25 00:00:00-04:00,12.630000114440918,13.390000343322754,12.289999961853027,13.229999542236328,1424000,0.0,0.0
2008-04-28 00:00:00-04:00,13.199999809265137,13.390000343322754,12.859999656677246,13.229999542236328,764400,0.0,0.0
2008-04-29 00:00:00-04:00,13.15999984741211,13.15999984741211,12.149999618530273,12.390000343322754,749300,0.0,0.0
2008-04-30 00:00:00-04:00,12.520000457763672,12.760000228881836,12.220000267028809,12.65999984741211,530000,0.0,0.0
2008-05-01 00:00:00-04:00,12.65999984741211,12.670000076293945,12.0,12.399999618530273,832300,0.0,0.0
2008-05-02 00:00:00-04:00,12.520000457763672,12.520000457763672,12.0,12.359999656677246,614700,0.0,0.0
2008-05-05 00:00:00-04:00,12.430000305175781,12.510000228881836,12.079999923706055,12.479999542236328,510900,0.0,0.0
2008-05-06 00:00:00-04:00,12.40999984741211,13.050000190734863,12.100000381469727,13.020000457763672,608200,0.0,0.0
2008-05-07 00:00:00-04:00,13.0600004196167,13.0600004196167,12.4399995803833,12.460000038146973,238600,0.0,0.0
2008-05-08 00:00:00-04:00,12.5,12.819999694824219,12.399999618530273,12.8100004196167,414100,0.0,0.0
2008-05-09 00:00:00-04:00,12.609999656677246,13.140000343322754,12.5600004196167,13.050000190734863,406900,0.0,0.0
2008-05-12 00:00:00-04:00,13.050000190734863,13.149999618530273,12.579999923706055,13.020000457763672,485800,0.0,0.0
2008-05-13 00:00:00-04:00,13.0,13.239999771118164,12.609999656677246,13.15999984741211,359000,0.0,0.0
2008-05-14 00:00:00-04:00,13.220000267028809,13.300000190734863,12.949999809265137,13.15999984741211,258300,0.0,0.0
2008-05-15 00:00:00-04:00,13.199999809265137,13.640000343322754,12.949999809265137,13.569999694824219,452600,0.0,0.0
2008-05-16 00:00:00-04:00,13.670000076293945,13.699999809265137,13.449999809265137,13.65999984741211,347000,0.0,0.0
2008-05-19 00:00:00-04:00,13.739999771118164,14.829999923706055,13.670000076293945,14.050000190734863,1127200,0.0,0.0
2008-05-20 00:00:00-04:00,14.039999961853027,14.050000190734863,13.789999961853027,14.0,270500,0.0,0.0
2008-05-21 00:00:00-04:00,14.100000381469727,14.100000381469727,13.149999618530273,13.359999656677246,493900,0.0,0.0
2008-05-22 00:00:00-04:00,13.399999618530273,13.520000457763672,13.050000190734863,13.15999984741211,432200,0.0,0.0
2008-05-23 00:00:00-04:00,13.239999771118164,13.569999694824219,13.0,13.3100004196167,335400,0.0,0.0
2008-05-27 00:00:00-04:00,13.4399995803833,13.5,12.90999984741211,13.489999771118164,638100,0.0,0.0
2008-05-28 00:00:00-04:00,13.619999885559082,14.119999885559082,13.380000114440918,13.430000305175781,783700,0.0,0.0
2008-05-29 00:00:00-04:00,13.430000305175781,14.050000190734863,13.380000114440918,13.930000305175781,409300,0.0,0.0
2008-05-30 00:00:00-04:00,14.0,14.300000190734863,13.819999694824219,14.279999732971191,550800,0.0,0.0
2008-06-02 00:00:00-04:00,14.5,14.550000190734863,13.829999923706055,14.0600004196167,624700,0.0,0.0
2008-06-03 00:00:00-04:00,14.170000076293945,14.239999771118164,13.890000343322754,14.239999771118164,531700,0.0,0.0
2008-06-04 00:00:00-04:00,14.130000114440918,14.390000343322754,13.949999809265137,14.0600004196167,378200,0.0,0.0
2008-06-05 00:00:00-04:00,14.130000114440918,14.289999961853027,13.779999732971191,14.010000228881836,450000,0.0,0.0
2008-06-06 00:00:00-04:00,13.920000076293945,14.09000015258789,13.130000114440918,13.289999961853027,580000,0.0,0.0
2008-06-09 00:00:00-04:00,13.390000343322754,13.600000381469727,12.600000381469727,12.850000381469727,635100,0.0,0.0
2008-06-10 00:00:00-04:00,12.699999809265137,13.1899995803833,12.600000381469727,13.100000381469727,577200,0.0,0.0
2008-06-11 00:00:00-04:00,13.130000114440918,13.170000076293945,12.220000267028809,12.229999542236328,671000,0.0,0.0
2008-06-12 00:00:00-04:00,12.579999923706055,12.739999771118164,12.130000114440918,12.40999984741211,581300,0.0,0.0
2008-06-13 00:00:00-04:00,12.5600004196167,13.020000457763672,12.5,13.010000228881836,494200,0.0,0.0
2008-06-16 00:00:00-04:00,13.0,13.899999618530273,12.850000381469727,13.8100004196167,880400,0.0,0.0
2008-06-17 00:00:00-04:00,9.630000114440918,10.5,9.520000457763672,10.279999732971191,10360700,0.0,0.0
2008-06-18 00:00:00-04:00,10.25,10.300000190734863,9.739999771118164,9.989999771118164,2201400,0.0,0.0
2008-06-19 00:00:00-04:00,10.180000305175781,10.180000305175781,9.84000015258789,10.0,1261000,0.0,0.0
2008-06-20 00:00:00-04:00,9.869999885559082,9.989999771118164,9.649999618530273,9.960000038146973,1579700,0.0,0.0
2008-06-23 00:00:00-04:00,9.829999923706055,9.90999984741211,9.1899995803833,9.239999771118164,1206800,0.0,0.0
2008-06-24 00:00:00-04:00,9.229999542236328,9.329999923706055,8.859999656677246,8.90999984741211,2218700,0.0,0.0
2008-06-25 00:00:00-04:00,9.029999732971191,9.5,8.920000076293945,9.40999984741211,2960000,0.0,0.0
2008-06-26 00:00:00-04:00,9.300000190734863,9.470000267028809,8.869999885559082,8.979999542236328,1559600,0.0,0.0
2008-06-27 00:00:00-04:00,8.979999542236328,9.069999694824219,8.729999542236328,8.90999984741211,10165300,0.0,0.0
2008-06-30 00:00:00-04:00,8.930000305175781,9.0600004196167,8.75,8.819999694824219,1696600,0.0,0.0
2008-07-01 00:00:00-04:00,8.720000267028809,8.859999656677246,8.229999542236328,8.369999885559082,1740300,0.0,0.0
2008-07-02 00:00:00-04:00,8.380000114440918,8.520000457763672,8.079999923706055,8.130000114440918,1460600,0.0,0.0
2008-07-03 00:00:00-04:00,8.25,8.25,8.010000228881836,8.140000343322754,562300,0.0,0.0
2008-07-07 00:00:00-04:00,8.220000267028809,8.319999694824219,7.96999979019165,8.130000114440918,896600,0.0,0.0
2008-07-08 00:00:00-04:00,8.15999984741211,9.289999961853027,8.050000190734863,9.289999961853027,1479900,0.0,0.0
2008-07-09 00:00:00-04:00,9.3100004196167,9.3100004196167,8.40999984741211,8.430000305175781,1494500,0.0,0.0
2008-07-10 00:00:00-04:00,8.430000305175781,8.880000114440918,8.260000228881836,8.470000267028809,584000,0.0,0.0
2008-07-11 00:00:00-04:00,8.380000114440918,8.9399995803833,8.1899995803833,8.75,756700,0.0,0.0
2008-07-14 00:00:00-04:00,8.84000015258789,8.84000015258789,8.0,8.130000114440918,935500,0.0,0.0
2008-07-15 00:00:00-04:00,8.010000228881836,8.399999618530273,7.800000190734863,7.920000076293945,1051800,0.0,0.0
2008-07-16 00:00:00-04:00,7.96999979019165,8.3100004196167,7.789999961853027,8.270000457763672,859300,0.0,0.0
2008-07-17 00:00:00-04:00,8.34000015258789,8.529999732971191,8.050000190734863,8.449999809265137,562200,0.0,0.0
2008-07-18 00:00:00-04:00,8.4399995803833,8.84000015258789,8.279999732971191,8.670000076293945,622600,0.0,0.0
2008-07-21 00:00:00-04:00,8.720000267028809,8.880000114440918,8.5,8.680000305175781,345500,0.0,0.0
2008-07-22 00:00:00-04:00,8.729999542236328,9.34000015258789,8.550000190734863,8.989999771118164,1257500,0.0,0.0
2008-07-23 00:00:00-04:00,10.25,11.0,9.75,10.539999961853027,3449600,0.0,0.0
2008-07-24 00:00:00-04:00,10.699999809265137,10.890000343322754,10.470000267028809,10.600000381469727,2043400,0.0,0.0
2008-07-25 00:00:00-04:00,10.630000114440918,10.930000305175781,10.4399995803833,10.880000114440918,1267300,0.0,0.0
2008-07-28 00:00:00-04:00,10.8100004196167,11.380000114440918,10.8100004196167,11.029999732971191,1932700,0.0,0.0
2008-07-29 00:00:00-04:00,11.0600004196167,11.8100004196167,11.0600004196167,11.75,1999900,0.0,0.0
2008-07-30 00:00:00-04:00,11.770000457763672,11.880000114440918,11.020000457763672,11.300000190734863,1577700,0.0,0.0
2008-07-31 00:00:00-04:00,11.170000076293945,11.600000381469727,11.050000190734863,11.260000228881836,1493300,0.0,0.0
2008-08-01 00:00:00-04:00,11.270000457763672,11.520000457763672,10.90999984741211,11.430000305175781,1069000,0.0,0.0
2008-08-04 00:00:00-04:00,11.449999809265137,11.579999923706055,11.069999694824219,11.369999885559082,881600,0.0,0.0
2008-08-05 00:00:00-04:00,11.529999732971191,11.579999923706055,11.329999923706055,11.539999961853027,1092200,0.0,0.0
2008-08-06 00:00:00-04:00,11.529999732971191,11.550000190734863,11.380000114440918,11.479999542236328,618300,0.0,0.0
2008-08-07 00:00:00-04:00,11.390000343322754,11.390000343322754,10.920000076293945,10.979999542236328,572300,0.0,0.0
2008-08-08 00:00:00-04:00,11.010000228881836,11.600000381469727,10.9399995803833,11.4399995803833,661400,0.0,0.0
2008-08-11 00:00:00-04:00,11.449999809265137,11.5,11.239999771118164,11.470000267028809,1069400,0.0,0.0
2008-08-12 00:00:00-04:00,11.369999885559082,11.489999771118164,11.170000076293945,11.34000015258789,953500,0.0,0.0
2008-08-13 00:00:00-04:00,11.329999923706055,11.420000076293945,10.649999618530273,10.989999771118164,703900,0.0,0.0
2008-08-14 00:00:00-04:00,10.880000114440918,11.300000190734863,10.859999656677246,11.140000343322754,676400,0.0,0.0
2008-08-15 00:00:00-04:00,11.369999885559082,11.569999694824219,11.15999984741211,11.449999809265137,881200,0.0,0.0
2008-08-18 00:00:00-04:00,11.399999618530273,11.649999618530273,11.319999694824219,11.510000228881836,989300,0.0,0.0
2008-08-19 00:00:00-04:00,11.5,11.600000381469727,11.109999656677246,11.300000190734863,585800,0.0,0.0
2008-08-20 00:00:00-04:00,11.40999984741211,11.680000305175781,11.260000228881836,11.470000267028809,1058500,0.0,0.0
2008-08-21 00:00:00-04:00,11.430000305175781,11.619999885559082,11.369999885559082,11.40999984741211,941300,0.0,0.0
2008-08-22 00:00:00-04:00,11.510000228881836,11.609999656677246,11.350000381469727,11.479999542236328,885500,0.0,0.0
2008-08-25 00:00:00-04:00,11.569999694824219,11.569999694824219,10.859999656677246,10.930000305175781,695000,0.0,0.0
2008-08-26 00:00:00-04:00,10.930000305175781,11.15999984741211,10.40999984741211,10.579999923706055,1083900,0.0,0.0
2008-08-27 00:00:00-04:00,10.380000114440918,11.050000190734863,10.380000114440918,10.90999984741211,618300,0.0,0.0
2008-08-28 00:00:00-04:00,10.930000305175781,11.220000267028809,10.859999656677246,11.100000381469727,716000,0.0,0.0
2008-08-29 00:00:00-04:00,11.0600004196167,11.149999618530273,10.90999984741211,11.020000457763672,458600,0.0,0.0
2008-09-02 00:00:00-04:00,11.430000305175781,11.479999542236328,10.399999618530273,10.529999732971191,727800,0.0,0.0
2008-09-03 00:00:00-04:00,10.520000457763672,10.869999885559082,10.489999771118164,10.600000381469727,640000,0.0,0.0
2008-09-04 00:00:00-04:00,10.5,10.5,10.0,10.050000190734863,525500,0.0,0.0
2008-09-05 00:00:00-04:00,10.079999923706055,10.350000381469727,9.359999656677246,9.380000114440918,1009300,0.0,0.0
2008-09-08 00:00:00-04:00,9.729999542236328,10.399999618530273,9.3100004196167,9.510000228881836,653600,0.0,0.0
2008-09-09 00:00:00-04:00,9.539999961853027,9.539999961853027,8.270000457763672,8.289999961853027,1404900,0.0,0.0
2008-09-10 00:00:00-04:00,8.529999732971191,8.529999732971191,7.889999866485596,7.900000095367432,1466300,0.0,0.0
2008-09-11 00:00:00-04:00,7.909999847412109,8.300000190734863,7.809999942779541,8.300000190734863,921900,0.0,0.0
2008-09-12 00:00:00-04:00,8.260000228881836,9.029999732971191,8.170000076293945,8.5600004196167,1001800,0.0,0.0
2008-09-15 00:00:00-04:00,8.479999542236328,8.569999694824219,7.980000019073486,8.010000228881836,617100,0.0,0.0
2008-09-16 00:00:00-04:00,8.100000381469727,8.699999809265137,7.900000095367432,8.619999885559082,959400,0.0,0.0
2008-09-17 00:00:00-04:00,8.489999771118164,8.609999656677246,7.889999866485596,7.889999866485596,906300,0.0,0.0
2008-09-18 00:00:00-04:00,8.300000190734863,8.5,7.849999904632568,8.449999809265137,1703800,0.0,0.0
2008-09-19 00:00:00-04:00,8.989999771118164,10.0,8.600000381469727,10.0,2634300,0.0,0.0
2008-09-22 00:00:00-04:00,9.989999771118164,9.989999771118164,8.869999885559082,9.140000343322754,853700,0.0,0.0
2008-09-23 00:00:00-04:00,9.15999984741211,9.34000015258789,8.65999984741211,9.100000381469727,813200,0.0,0.0
2008-09-24 00:00:00-04:00,9.109999656677246,9.970000267028809,9.109999656677246,9.199999809265137,1291800,0.0,0.0
2008-09-25 00:00:00-04:00,9.25,9.84000015258789,9.15999984741211,9.670000076293945,570000,0.0,0.0
2008-09-26 00:00:00-04:00,9.4399995803833,10.220000267028809,9.430000305175781,10.15999984741211,878300,0.0,0.0
2008-09-29 00:00:00-04:00,9.510000228881836,9.609999656677246,8.760000228881836,9.09000015258789,1361400,0.0,0.0
2008-09-30 00:00:00-04:00,9.239999771118164,9.779999732971191,8.760000228881836,9.5600004196167,842400,0.0,0.0
2008-10-01 00:00:00-04:00,9.449999809265137,9.699999809265137,9.3100004196167,9.470000267028809,470700,0.0,0.0
2008-10-02 00:00:00-04:00,9.399999618530273,9.470000267028809,7.920000076293945,8.149999618530273,1193100,0.0,0.0
2008-10-03 00:00:00-04:00,8.300000190734863,8.550000190734863,7.940000057220459,7.940000057220459,601200,0.0,0.0
2008-10-06 00:00:00-04:00,7.75,10.0,6.5,7.190000057220459,1310900,0.0,0.0
2008-10-07 00:00:00-04:00,8.5,8.5,6.800000190734863,6.840000152587891,867900,0.0,0.0
2008-10-08 00:00:00-04:00,6.590000152587891,7.0,6.309999942779541,6.579999923706055,1217500,0.0,0.0
2008-10-09 00:00:00-04:00,6.869999885559082,6.989999771118164,6.179999828338623,6.25,830300,0.0,0.0
2008-10-10 00:00:00-04:00,6.050000190734863,7.369999885559082,5.809999942779541,7.159999847412109,1182400,0.0,0.0
2008-10-13 00:00:00-04:00,7.460000038146973,7.829999923706055,7.269999980926514,7.800000190734863,801700,0.0,0.0
2008-10-14 00:00:00-04:00,8.25,8.449999809265137,7.409999847412109,7.5,1085800,0.0,0.0
2008-10-15 00:00:00-04:00,7.409999847412109,7.550000190734863,6.21999979019165,6.300000190734863,708600,0.0,0.0
2008-10-16 00:00:00-04:00,6.389999866485596,7.190000057220459,6.0,7.170000076293945,1020800,0.0,0.0
2008-10-17 00:00:00-04:00,6.820000171661377,7.570000171661377,6.760000228881836,7.0,775200,0.0,0.0
2008-10-20 00:00:00-04:00,7.150000095367432,7.5,7.150000095367432,7.5,553800,0.0,0.0
2008-10-21 00:00:00-04:00,7.0,8.470000267028809,6.800000190734863,7.989999771118164,1517400,0.0,0.0
2008-10-22 00:00:00-04:00,7.0,8.1899995803833,6.940000057220459,7.519999980926514,956200,0.0,0.0
2008-10-23 00:00:00-04:00,7.46999979019165,7.989999771118164,6.909999847412109,7.159999847412109,1435500,0.0,0.0
2008-10-24 00:00:00-04:00,6.510000228881836,7.360000133514404,6.5,7.0,985000,0.0,0.0
2008-10-27 00:00:00-04:00,6.869999885559082,7.139999866485596,6.710000038146973,6.889999866485596,399300,0.0,0.0
2008-10-28 00:00:00-04:00,7.059999942779541,7.5,6.900000095367432,7.480000019073486,478800,0.0,0.0
2008-10-29 00:00:00-04:00,7.5,7.820000171661377,7.25,7.579999923706055,590200,0.0,0.0
2008-10-30 00:00:00-04:00,7.800000190734863,7.820000171661377,7.429999828338623,7.78000020980835,546900,0.0,0.0
2008-10-31 00:00:00-04:00,7.659999847412109,7.949999809265137,7.519999980926514,7.78000020980835,637000,0.0,0.0
2008-11-03 00:00:00-05:00,7.78000020980835,7.789999961853027,7.349999904632568,7.599999904632568,407500,0.0,0.0
2008-11-04 00:00:00-05:00,7.75,8.170000076293945,7.710000038146973,8.109999656677246,529900,0.0,0.0
2008-11-05 00:00:00-05:00,8.029999732971191,8.09000015258789,7.519999980926514,7.619999885559082,481500,0.0,0.0
2008-11-06 00:00:00-05:00,7.599999904632568,7.889999866485596,7.289999961853027,7.409999847412109,740600,0.0,0.0
2008-11-07 00:00:00-05:00,7.5,7.980000019073486,7.5,7.78000020980835,361300,0.0,0.0
2008-11-10 00:00:00-05:00,7.989999771118164,7.989999771118164,7.519999980926514,7.599999904632568,237800,0.0,0.0
2008-11-11 00:00:00-05:00,7.510000228881836,7.800000190734863,7.28000020980835,7.309999942779541,373600,0.0,0.0
2008-11-12 00:00:00-05:00,7.199999809265137,7.539999961853027,6.800000190734863,6.880000114440918,557200,0.0,0.0
2008-11-13 00:00:00-05:00,6.869999885559082,7.369999885559082,6.400000095367432,7.28000020980835,730500,0.0,0.0
2008-11-14 00:00:00-05:00,7.269999980926514,7.269999980926514,6.75,6.75,445200,0.0,0.0
2008-11-17 00:00:00-05:00,6.75,7.010000228881836,6.570000171661377,6.639999866485596,452700,0.0,0.0
2008-11-18 00:00:00-05:00,6.690000057220459,7.380000114440918,6.690000057220459,7.309999942779541,1098900,0.0,0.0
2008-11-19 00:00:00-05:00,7.28000020980835,7.710000038146973,7.199999809265137,7.25,1095800,0.0,0.0
2008-11-20 00:00:00-05:00,7.110000133514404,7.639999866485596,6.760000228881836,7.119999885559082,1213600,0.0,0.0
2008-11-21 00:00:00-05:00,7.380000114440918,7.619999885559082,6.989999771118164,7.510000228881836,1797800,0.0,0.0
2008-11-24 00:00:00-05:00,7.650000095367432,8.600000381469727,7.480000019073486,8.489999771118164,1053500,0.0,0.0
2008-11-25 00:00:00-05:00,8.550000190734863,8.829999923706055,8.0,8.489999771118164,930500,0.0,0.0
2008-11-26 00:00:00-05:00,8.5,9.479999542236328,8.430000305175781,9.369999885559082,898200,0.0,0.0
2008-11-28 00:00:00-05:00,9.149999618530273,9.770000457763672,9.149999618530273,9.760000228881836,209200,0.0,0.0
2008-12-01 00:00:00-05:00,9.460000038146973,9.460000038146973,8.130000114440918,8.149999618530273,725500,0.0,0.0
2008-12-02 00:00:00-05:00,8.420000076293945,9.319999694824219,8.289999961853027,9.09000015258789,792400,0.0,0.0
2008-12-03 00:00:00-05:00,8.770000457763672,9.170000076293945,8.539999961853027,9.149999618530273,559600,0.0,0.0
2008-12-04 00:00:00-05:00,8.979999542236328,9.699999809265137,8.979999542236328,9.229999542236328,678000,0.0,0.0
2008-12-05 00:00:00-05:00,9.039999961853027,9.59000015258789,8.779999732971191,9.569999694824219,574200,0.0,0.0
2008-12-08 00:00:00-05:00,9.800000190734863,10.229999542236328,9.699999809265137,10.0600004196167,665100,0.0,0.0
2008-12-09 00:00:00-05:00,9.880000114440918,10.390000343322754,9.579999923706055,9.699999809265137,548400,0.0,0.0
2008-12-10 00:00:00-05:00,9.899999618530273,10.289999961853027,9.65999984741211,9.989999771118164,396900,0.0,0.0
2008-12-11 00:00:00-05:00,9.84000015258789,10.050000190734863,9.119999885559082,9.260000228881836,497400,0.0,0.0
2008-12-12 00:00:00-05:00,8.949999809265137,9.59000015258789,8.720000267028809,9.289999961853027,675800,0.0,0.0
2008-12-15 00:00:00-05:00,8.829999923706055,8.829999923706055,7.650000095367432,8.0600004196167,1098400,0.0,0.0
2008-12-16 00:00:00-05:00,8.15999984741211,8.710000038146973,8.15999984741211,8.670000076293945,664100,0.0,0.0
2008-12-17 00:00:00-05:00,8.550000190734863,9.039999961853027,8.510000228881836,8.869999885559082,700500,0.0,0.0
2008-12-18 00:00:00-05:00,8.680000305175781,9.25,8.329999923706055,8.59000015258789,898300,0.0,0.0
2008-12-19 00:00:00-05:00,8.899999618530273,9.010000228881836,8.3100004196167,8.75,1403500,0.0,0.0
2008-12-22 00:00:00-05:00,8.770000457763672,8.859999656677246,8.140000343322754,8.5600004196167,568300,0.0,0.0
2008-12-23 00:00:00-05:00,8.630000114440918,8.800000190734863,8.300000190734863,8.449999809265137,341100,0.0,0.0
2008-12-24 00:00:00-05:00,8.430000305175781,8.640000343322754,8.430000305175781,8.5600004196167,113700,0.0,0.0
2008-12-26 00:00:00-05:00,8.649999618530273,8.739999771118164,8.4399995803833,8.550000190734863,90800,0.0,0.0
2008-12-29 00:00:00-05:00,8.550000190734863,8.680000305175781,8.100000381469727,8.25,241700,0.0,0.0
2008-12-30 00:00:00-05:00,8.369999885559082,8.710000038146973,8.369999885559082,8.680000305175781,338900,0.0,0.0
2008-12-31 00:00:00-05:00,8.720000267028809,9.0600004196167,8.720000267028809,8.960000038146973,713100,0.0,0.0
2009-01-02 00:00:00-05:00,9.0,9.140000343322754,8.65999984741211,8.979999542236328,666500,0.0,0.0
2009-01-05 00:00:00-05:00,8.979999542236328,9.239999771118164,8.619999885559082,8.979999542236328,673900,0.0,0.0
2009-01-06 00:00:00-05:00,8.989999771118164,9.180000305175781,8.930000305175781,9.09000015258789,931500,0.0,0.0
2009-01-07 00:00:00-05:00,8.970000267028809,9.270000457763672,8.869999885559082,9.119999885559082,587900,0.0,0.0
2009-01-08 00:00:00-05:00,9.050000190734863,9.279999732971191,8.779999732971191,9.270000457763672,689200,0.0,0.0
2009-01-09 00:00:00-05:00,9.239999771118164,9.239999771118164,8.75,8.859999656677246,495500,0.0,0.0
2009-01-12 00:00:00-05:00,8.84000015258789,8.979999542236328,8.640000343322754,8.739999771118164,332500,0.0,0.0
2009-01-13 00:00:00-05:00,8.710000038146973,9.039999961853027,8.609999656677246,9.010000228881836,486500,0.0,0.0
2009-01-14 00:00:00-05:00,8.819999694824219,9.010000228881836,8.420000076293945,8.4399995803833,653700,0.0,0.0
2009-01-15 00:00:00-05:00,8.449999809265137,8.880000114440918,8.069999694824219,8.829999923706055,497000,0.0,0.0
2009-01-16 00:00:00-05:00,8.90999984741211,8.949999809265137,8.350000381469727,8.699999809265137,423500,0.0,0.0
2009-01-20 00:00:00-05:00,8.529999732971191,8.640000343322754,8.0,8.0,601400,0.0,0.0
2009-01-21 00:00:00-05:00,8.130000114440918,8.619999885559082,7.75,8.5600004196167,536800,0.0,0.0
2009-01-22 00:00:00-05:00,8.300000190734863,8.449999809265137,7.800000190734863,8.149999618530273,451100,0.0,0.0
2009-01-23 00:00:00-05:00,7.900000095367432,8.390000343322754,7.800000190734863,8.300000190734863,452800,0.0,0.0
2009-01-26 00:00:00-05:00,8.34000015258789,8.609999656677246,8.149999618530273,8.420000076293945,486300,0.0,0.0
2009-01-27 00:00:00-05:00,8.430000305175781,8.670000076293945,8.34000015258789,8.449999809265137,418500,0.0,0.0
2009-01-28 00:00:00-05:00,8.449999809265137,8.84000015258789,8.420000076293945,8.800000190734863,502500,0.0,0.0
2009-01-29 00:00:00-05:00,8.630000114440918,8.920000076293945,8.289999961853027,8.319999694824219,779300,0.0,0.0
2009-01-30 00:00:00-05:00,7.5,7.579999923706055,6.78000020980835,6.860000133514404,1975900,0.0,0.0
2009-02-02 00:00:00-05:00,6.730000019073486,6.789999961853027,6.269999980926514,6.53000020980835,1397300,0.0,0.0
2009-02-03 00:00:00-05:00,6.039999961853027,7.289999961853027,6.039999961853027,6.960000038146973,1148500,0.0,0.0
2009-02-04 00:00:00-05:00,6.940000057220459,7.28000020980835,6.579999923706055,6.650000095367432,722400,0.0,0.0
2009-02-05 00:00:00-05:00,6.559999942779541,7.03000020980835,6.5,6.940000057220459,818600,0.0,0.0
2009-02-06 00:00:00-05:00,6.909999847412109,7.21999979019165,6.909999847412109,7.150000095367432,437600,0.0,0.0
2009-02-09 00:00:00-05:00,7.150000095367432,7.25,6.860000133514404,6.989999771118164,412000,0.0,0.0
2009-02-10 00:00:00-05:00,7.050000190734863,7.329999923706055,7.0,7.110000133514404,779400,0.0,0.0
2009-02-11 00:00:00-05:00,6.679999828338623,7.130000114440918,6.679999828338623,7.0,437100,0.0,0.0
2009-02-12 00:00:00-05:00,6.869999885559082,7.170000076293945,6.809999942779541,7.119999885559082,358900,0.0,0.0
2009-02-13 00:00:00-05:00,7.159999847412109,7.539999961853027,7.139999866485596,7.489999771118164,668300,0.0,0.0
2009-02-17 00:00:00-05:00,7.28000020980835,7.300000190734863,6.75,6.840000152587891,1114400,0.0,0.0
2009-02-18 00:00:00-05:00,6.590000152587891,6.75,6.5,6.650000095367432,675000,0.0,0.0
2009-02-19 00:00:00-05:00,6.670000076293945,6.840000152587891,6.599999904632568,6.78000020980835,512300,0.0,0.0
2009-02-20 00:00:00-05:00,6.849999904632568,6.960000038146973,6.659999847412109,6.840000152587891,645400,0.0,0.0
2009-02-23 00:00:00-05:00,6.849999904632568,6.869999885559082,6.650000095367432,6.659999847412109,579600,0.0,0.0
2009-02-24 00:00:00-05:00,6.769999980926514,7.239999771118164,6.570000171661377,7.210000038146973,1678800,0.0,0.0
2009-02-25 00:00:00-05:00,7.079999923706055,7.460000038146973,7.0,7.159999847412109,601700,0.0,0.0
2009-02-26 00:00:00-05:00,7.230000019073486,7.28000020980835,7.03000020980835,7.090000152587891,425900,0.0,0.0
2009-02-27 00:00:00-05:00,6.960000038146973,7.460000038146973,6.960000038146973,7.199999809265137,552100,0.0,0.0
2009-03-02 00:00:00-05:00,7.010000228881836,7.159999847412109,6.619999885559082,6.710000038146973,722000,0.0,0.0
2009-03-03 00:00:00-05:00,6.840000152587891,6.900000095367432,6.519999980926514,6.539999961853027,594800,0.0,0.0
2009-03-04 00:00:00-05:00,6.690000057220459,6.809999942779541,6.5,6.659999847412109,686900,0.0,0.0
2009-03-05 00:00:00-05:00,6.539999961853027,6.639999866485596,6.130000114440918,6.139999866485596,644000,0.0,0.0
2009-03-06 00:00:00-05:00,6.190000057220459,6.329999923706055,5.809999942779541,5.949999809265137,673700,0.0,0.0
2009-03-09 00:00:00-04:00,5.869999885559082,6.110000133514404,5.690000057220459,5.71999979019165,567200,0.0,0.0
2009-03-10 00:00:00-04:00,5.860000133514404,6.550000190734863,5.860000133514404,6.550000190734863,611300,0.0,0.0
2009-03-11 00:00:00-04:00,6.570000171661377,6.630000114440918,6.369999885559082,6.449999809265137,289200,0.0,0.0
2009-03-12 00:00:00-04:00,6.389999866485596,7.170000076293945,6.25,7.139999866485596,727000,0.0,0.0
2009-03-13 00:00:00-04:00,7.0,7.25,7.0,7.179999828338623,417900,0.0,0.0
2009-03-16 00:00:00-04:00,7.25,7.389999866485596,7.039999961853027,7.119999885559082,385400,0.0,0.0
2009-03-17 00:00:00-04:00,7.090000152587891,7.590000152587891,7.0,7.559999942779541,496200,0.0,0.0
2009-03-18 00:00:00-04:00,7.480000019073486,7.989999771118164,7.480000019073486,7.960000038146973,575800,0.0,0.0
2009-03-19 00:00:00-04:00,8.079999923706055,8.149999618530273,7.679999828338623,7.800000190734863,402100,0.0,0.0
2009-03-20 00:00:00-04:00,7.909999847412109,7.909999847412109,7.349999904632568,7.489999771118164,751500,0.0,0.0
2009-03-23 00:00:00-04:00,7.800000190734863,8.3100004196167,7.650000095367432,8.3100004196167,540400,0.0,0.0
2009-03-24 00:00:00-04:00,8.3100004196167,8.369999885559082,7.519999980926514,7.559999942779541,711300,0.0,0.0
2009-03-25 00:00:00-04:00,7.670000076293945,7.840000152587891,7.150000095367432,7.590000152587891,635300,0.0,0.0
2009-03-26 00:00:00-04:00,7.710000038146973,7.889999866485596,7.539999961853027,7.820000171661377,555100,0.0,0.0
2009-03-27 00:00:00-04:00,7.730000019073486,7.809999942779541,7.429999828338623,7.480000019073486,538400,0.0,0.0
2009-03-30 00:00:00-04:00,7.320000171661377,7.539999961853027,7.0,7.179999828338623,656900,0.0,0.0
2009-03-31 00:00:00-04:00,7.329999923706055,7.739999771118164,7.260000228881836,7.400000095367432,1121300,0.0,0.0
2009-04-01 00:00:00-04:00,7.599999904632568,8.180000305175781,7.409999847412109,8.069999694824219,1084700,0.0,0.0
2009-04-02 00:00:00-04:00,8.260000228881836,8.300000190734863,7.96999979019165,8.15999984741211,976000,0.0,0.0
2009-04-03 00:00:00-04:00,8.109999656677246,8.5,8.010000228881836,8.449999809265137,550300,0.0,0.0
2009-04-06 00:00:00-04:00,8.420000076293945,8.449999809265137,8.260000228881836,8.380000114440918,431800,0.0,0.0
2009-04-07 00:00:00-04:00,8.239999771118164,8.34000015258789,8.020000457763672,8.029999732971191,384200,0.0,0.0
2009-04-08 00:00:00-04:00,8.140000343322754,8.399999618530273,8.100000381469727,8.390000343322754,363400,0.0,0.0
2009-04-09 00:00:00-04:00,8.399999618530273,8.710000038146973,8.359999656677246,8.65999984741211,535000,0.0,0.0
2009-04-13 00:00:00-04:00,8.539999961853027,8.680000305175781,8.170000076293945,8.59000015258789,455300,0.0,0.0
2009-04-14 00:00:00-04:00,8.4399995803833,8.850000381469727,8.319999694824219,8.600000381469727,440100,0.0,0.0
2009-04-15 00:00:00-04:00,8.489999771118164,8.899999618530273,8.460000038146973,8.899999618530273,449900,0.0,0.0
2009-04-16 00:00:00-04:00,8.899999618530273,9.369999885559082,8.819999694824219,9.319999694824219,726100,0.0,0.0
2009-04-17 00:00:00-04:00,9.329999923706055,9.680000305175781,9.260000228881836,9.4399995803833,1050100,0.0,0.0
2009-04-20 00:00:00-04:00,9.210000038146973,9.399999618530273,8.890000343322754,9.050000190734863,529500,0.0,0.0
2009-04-21 00:00:00-04:00,8.970000267028809,9.5,8.899999618530273,9.289999961853027,936300,0.0,0.0
2009-04-22 00:00:00-04:00,8.289999961853027,8.489999771118164,7.900000095367432,7.929999828338623,1188500,0.0,0.0
2009-04-23 00:00:00-04:00,8.40999984741211,8.59000015258789,8.220000267028809,8.329999923706055,869300,0.0,0.0
2009-04-24 00:00:00-04:00,8.539999961853027,8.539999961853027,8.220000267028809,8.449999809265137,695300,0.0,0.0
2009-04-27 00:00:00-04:00,8.449999809265137,8.5,8.15999984741211,8.260000228881836,653600,0.0,0.0
2009-04-28 00:00:00-04:00,8.25,8.3100004196167,8.100000381469727,8.140000343322754,569100,0.0,0.0
2009-04-29 00:00:00-04:00,8.260000228881836,8.289999961853027,8.050000190734863,8.079999923706055,714900,0.0,0.0
2009-04-30 00:00:00-04:00,8.220000267028809,8.619999885559082,8.0600004196167,8.4399995803833,1344900,0.0,0.0
2009-05-01 00:00:00-04:00,8.260000228881836,8.75,8.260000228881836,8.710000038146973,559100,0.0,0.0
2009-05-04 00:00:00-04:00,8.880000114440918,8.960000038146973,8.720000267028809,8.850000381469727,610900,0.0,0.0
2009-05-05 00:00:00-04:00,8.529999732971191,8.84000015258789,8.479999542236328,8.600000381469727,620900,0.0,0.0
2009-05-06 00:00:00-04:00,8.5,8.829999923706055,8.369999885559082,8.75,609400,0.0,0.0
2009-05-07 00:00:00-04:00,8.630000114440918,8.869999885559082,8.229999542236328,8.34000015258789,614100,0.0,0.0
2009-05-08 00:00:00-04:00,8.550000190734863,8.619999885559082,8.300000190734863,8.600000381469727,458300,0.0,0.0
2009-05-11 00:00:00-04:00,8.460000038146973,8.510000228881836,8.0600004196167,8.109999656677246,724400,0.0,0.0
2009-05-12 00:00:00-04:00,8.15999984741211,8.1899995803833,7.949999809265137,8.039999961853027,584800,0.0,0.0
2009-05-13 00:00:00-04:00,7.940000057220459,8.100000381469727,7.920000076293945,7.940000057220459,568000,0.0,0.0
2009-05-14 00:00:00-04:00,8.0,8.180000305175781,7.900000095367432,8.050000190734863,487500,0.0,0.0
2009-05-15 00:00:00-04:00,8.029999732971191,8.399999618530273,7.96999979019165,8.119999885559082,436400,0.0,0.0
2009-05-18 00:00:00-04:00,8.050000190734863,8.220000267028809,7.920000076293945,8.15999984741211,822800,0.0,0.0
2009-05-19 00:00:00-04:00,8.079999923706055,8.3100004196167,8.050000190734863,8.239999771118164,723800,0.0,0.0
2009-05-20 00:00:00-04:00,8.350000381469727,8.529999732971191,8.15999984741211,8.380000114440918,628000,0.0,0.0
2009-05-21 00:00:00-04:00,8.199999809265137,8.220000267028809,7.900000095367432,8.100000381469727,578800,0.0,0.0
2009-05-22 00:00:00-04:00,8.180000305175781,8.34000015258789,8.0,8.25,409000,0.0,0.0
2009-05-26 00:00:00-04:00,8.140000343322754,8.579999923706055,8.140000343322754,8.520000457763672,582000,0.0,0.0
2009-05-27 00:00:00-04:00,8.479999542236328,8.5600004196167,8.229999542236328,8.229999542236328,808500,0.0,0.0
2009-05-28 00:00:00-04:00,8.329999923706055,8.420000076293945,8.050000190734863,8.319999694824219,664500,0.0,0.0
2009-05-29 00:00:00-04:00,8.329999923706055,8.5600004196167,8.210000038146973,8.539999961853027,863500,0.0,0.0
2009-06-01 00:00:00-04:00,8.720000267028809,9.109999656677246,8.640000343322754,9.079999923706055,939600,0.0,0.0
2009-06-02 00:00:00-04:00,8.960000038146973,9.239999771118164,8.829999923706055,9.130000114440918,844500,0.0,0.0
2009-06-03 00:00:00-04:00,9.069999694824219,9.489999771118164,9.0,9.40999984741211,1324700,0.0,0.0
2009-06-04 00:00:00-04:00,9.449999809265137,10.4399995803833,9.359999656677246,10.380000114440918,1547200,0.0,0.0
2009-06-05 00:00:00-04:00,10.529999732971191,10.529999732971191,9.800000190734863,9.9399995803833,863200,0.0,0.0
2009-06-08 00:00:00-04:00,9.90999984741211,10.140000343322754,9.739999771118164,10.010000228881836,451000,0.0,0.0
2009-06-09 00:00:00-04:00,10.0,10.399999618530273,9.880000114440918,10.289999961853027,637000,0.0,0.0
2009-06-10 00:00:00-04:00,10.329999923706055,10.390000343322754,9.699999809265137,10.020000457763672,922000,0.0,0.0
2009-06-11 00:00:00-04:00,10.020000457763672,10.319999694824219,10.010000228881836,10.170000076293945,605800,0.0,0.0
2009-06-12 00:00:00-04:00,10.029999732971191,10.130000114440918,9.9399995803833,10.119999885559082,460700,0.0,0.0
2009-06-15 00:00:00-04:00,9.930000305175781,10.100000381469727,9.65999984741211,10.069999694824219,719500,0.0,0.0
2009-06-16 00:00:00-04:00,10.130000114440918,10.170000076293945,9.5600004196167,9.579999923706055,628700,0.0,0.0
2009-06-17 00:00:00-04:00,9.569999694824219,9.800000190734863,9.460000038146973,9.649999618530273,531500,0.0,0.0
2009-06-18 00:00:00-04:00,9.619999885559082,9.619999885559082,9.350000381469727,9.449999809265137,370000,0.0,0.0
2009-06-19 00:00:00-04:00,9.649999618530273,9.859999656677246,9.40999984741211,9.449999809265137,752100,0.0,0.0
2009-06-22 00:00:00-04:00,9.510000228881836,9.699999809265137,8.979999542236328,8.979999542236328,654200,0.0,0.0
2009-06-23 00:00:00-04:00,9.09000015258789,9.239999771118164,8.989999771118164,9.0600004196167,454200,0.0,0.0
2009-06-24 00:00:00-04:00,9.180000305175781,9.449999809265137,9.100000381469727,9.199999809265137,443800,0.0,0.0
2009-06-25 00:00:00-04:00,9.15999984741211,9.260000228881836,9.0,9.1899995803833,461300,0.0,0.0
2009-06-26 00:00:00-04:00,9.100000381469727,9.210000038146973,8.979999542236328,9.100000381469727,1178600,0.0,0.0
2009-06-29 00:00:00-04:00,9.119999885559082,9.40999984741211,9.029999732971191,9.210000038146973,370500,0.0,0.0
2009-06-30 00:00:00-04:00,9.25,9.329999923706055,9.0600004196167,9.130000114440918,319600,0.0,0.0
2009-07-01 00:00:00-04:00,9.180000305175781,9.430000305175781,9.0600004196167,9.329999923706055,221100,0.0,0.0
2009-07-02 00:00:00-04:00,9.279999732971191,9.279999732971191,8.789999961853027,8.8100004196167,749300,0.0,0.0
2009-07-06 00:00:00-04:00,8.789999961853027,8.960000038146973,8.510000228881836,8.619999885559082,338800,0.0,0.0
2009-07-07 00:00:00-04:00,8.619999885559082,8.649999618530273,8.4399995803833,8.470000267028809,233000,0.0,0.0
2009-07-08 00:00:00-04:00,8.539999961853027,8.579999923706055,8.300000190734863,8.390000343322754,435000,0.0,0.0
2009-07-09 00:00:00-04:00,8.479999542236328,8.729999542236328,8.350000381469727,8.520000457763672,394900,0.0,0.0
2009-07-10 00:00:00-04:00,8.489999771118164,8.640000343322754,8.15999984741211,8.489999771118164,383700,0.0,0.0
2009-07-13 00:00:00-04:00,8.510000228881836,8.619999885559082,8.220000267028809,8.510000228881836,431800,0.0,0.0
2009-07-14 00:00:00-04:00,8.529999732971191,8.829999923706055,8.520000457763672,8.819999694824219,305500,0.0,0.0
2009-07-15 00:00:00-04:00,8.979999542236328,9.079999923706055,8.829999923706055,8.869999885559082,622500,0.0,0.0
2009-07-16 00:00:00-04:00,8.789999961853027,8.90999984741211,8.729999542236328,8.890000343322754,298700,0.0,0.0
2009-07-17 00:00:00-04:00,8.899999618530273,9.100000381469727,8.670000076293945,9.0,574800,0.0,0.0
2009-07-20 00:00:00-04:00,7.550000190734863,7.789999961853027,7.159999847412109,7.329999923706055,3449900,0.0,0.0
2009-07-21 00:00:00-04:00,7.400000095367432,7.46999979019165,6.940000057220459,7.170000076293945,1724300,0.0,0.0
2009-07-22 00:00:00-04:00,7.159999847412109,7.309999942779541,7.059999942779541,7.110000133514404,1160800,0.0,0.0
2009-07-23 00:00:00-04:00,7.130000114440918,7.5,7.050000190734863,7.460000038146973,1507700,0.0,0.0
2009-07-24 00:00:00-04:00,7.369999885559082,7.489999771118164,7.309999942779541,7.46999979019165,593300,0.0,0.0
2009-07-27 00:00:00-04:00,7.480000019073486,7.579999923706055,7.329999923706055,7.550000190734863,529600,0.0,0.0
2009-07-28 00:00:00-04:00,7.510000228881836,7.599999904632568,7.309999942779541,7.340000152587891,658800,0.0,0.0
2009-07-29 00:00:00-04:00,7.300000190734863,7.420000076293945,7.25,7.289999961853027,527800,0.0,0.0
2009-07-30 00:00:00-04:00,7.420000076293945,7.449999809265137,7.03000020980835,7.070000171661377,899500,0.0,0.0
2009-07-31 00:00:00-04:00,6.760000228881836,6.900000095367432,6.489999771118164,6.769999980926514,1421600,0.0,0.0
2009-08-03 00:00:00-04:00,6.920000076293945,7.019999980926514,6.760000228881836,6.96999979019165,752100,0.0,0.0
2009-08-04 00:00:00-04:00,6.920000076293945,7.46999979019165,6.920000076293945,7.28000020980835,853300,0.0,0.0
2009-08-05 00:00:00-04:00,7.28000020980835,7.309999942779541,7.019999980926514,7.199999809265137,450100,0.0,0.0
2009-08-06 00:00:00-04:00,7.019999980926514,7.269999980926514,7.0,7.119999885559082,376600,0.0,0.0
2009-08-07 00:00:00-04:00,7.5,7.599999904632568,7.21999979019165,7.510000228881836,641900,0.0,0.0
2009-08-10 00:00:00-04:00,7.5,7.710000038146973,7.380000114440918,7.449999809265137,506400,0.0,0.0
2009-08-11 00:00:00-04:00,7.46999979019165,7.639999866485596,7.349999904632568,7.369999885559082,527200,0.0,0.0
2009-08-12 00:00:00-04:00,7.369999885559082,7.880000114440918,7.360000133514404,7.699999809265137,658300,0.0,0.0
2009-08-13 00:00:00-04:00,7.769999980926514,7.860000133514404,7.53000020980835,7.650000095367432,351800,0.0,0.0
2009-08-14 00:00:00-04:00,7.659999847412109,7.659999847412109,7.28000020980835,7.46999979019165,435500,0.0,0.0
2009-08-17 00:00:00-04:00,7.28000020980835,7.449999809265137,7.010000228881836,7.099999904632568,407100,0.0,0.0
2009-08-18 00:00:00-04:00,7.159999847412109,7.21999979019165,7.0,7.010000228881836,477000,0.0,0.0
2009-08-19 00:00:00-04:00,6.909999847412109,7.210000038146973,6.849999904632568,7.190000057220459,474600,0.0,0.0
2009-08-20 00:00:00-04:00,7.150000095367432,7.230000019073486,7.059999942779541,7.230000019073486,414900,0.0,0.0
2009-08-21 00:00:00-04:00,7.329999923706055,7.380000114440918,7.099999904632568,7.28000020980835,556400,0.0,0.0
2009-08-24 00:00:00-04:00,7.300000190734863,7.449999809265137,7.150000095367432,7.170000076293945,411900,0.0,0.0
2009-08-25 00:00:00-04:00,7.25,7.300000190734863,7.0,7.010000228881836,391200,0.0,0.0
2009-08-26 00:00:00-04:00,7.03000020980835,7.199999809265137,6.900000095367432,7.010000228881836,643100,0.0,0.0
2009-08-27 00:00:00-04:00,7.139999866485596,7.159999847412109,6.900000095367432,7.019999980926514,624400,0.0,0.0
2009-08-28 00:00:00-04:00,6.96999979019165,7.21999979019165,6.96999979019165,7.130000114440918,541100,0.0,0.0
2009-08-31 00:00:00-04:00,7.079999923706055,7.210000038146973,6.949999809265137,7.0,627600,0.0,0.0
2009-09-01 00:00:00-04:00,7.0,7.050000190734863,6.800000190734863,6.900000095367432,673600,0.0,0.0
2009-09-02 00:00:00-04:00,6.900000095367432,7.0,6.800000190734863,6.940000057220459,263500,0.0,0.0
2009-09-03 00:00:00-04:00,6.949999809265137,7.03000020980835,6.900000095367432,7.010000228881836,307800,0.0,0.0
2009-09-04 00:00:00-04:00,7.010000228881836,7.039999961853027,6.900000095367432,7.0,422900,0.0,0.0
2009-09-08 00:00:00-04:00,7.050000190734863,7.110000133514404,7.010000228881836,7.079999923706055,368600,0.0,0.0
2009-09-09 00:00:00-04:00,7.079999923706055,7.170000076293945,7.03000020980835,7.159999847412109,306500,0.0,0.0
2009-09-10 00:00:00-04:00,7.199999809265137,7.199999809265137,7.010000228881836,7.039999961853027,371800,0.0,0.0
2009-09-11 00:00:00-04:00,7.050000190734863,7.159999847412109,7.039999961853027,7.110000133514404,285400,0.0,0.0
2009-09-14 00:00:00-04:00,7.079999923706055,7.21999979019165,7.03000020980835,7.199999809265137,587600,0.0,0.0
2009-09-15 00:00:00-04:00,7.25,8.220000267028809,7.25,8.180000305175781,1934100,0.0,0.0
2009-09-16 00:00:00-04:00,8.25,8.75,8.199999809265137,8.649999618530273,850800,0.0,0.0
2009-09-17 00:00:00-04:00,8.680000305175781,8.739999771118164,8.229999542236328,8.289999961853027,764600,0.0,0.0
2009-09-18 00:00:00-04:00,8.350000381469727,8.350000381469727,8.069999694824219,8.130000114440918,1009400,0.0,0.0
2009-09-21 00:00:00-04:00,8.119999885559082,8.300000190734863,7.900000095367432,8.15999984741211,374700,0.0,0.0
2009-09-22 00:00:00-04:00,8.430000305175781,9.050000190734863,8.359999656677246,8.640000343322754,1741300,0.0,0.0
2009-09-23 00:00:00-04:00,8.680000305175781,8.970000267028809,8.609999656677246,8.630000114440918,732200,0.0,0.0
2009-09-24 00:00:00-04:00,8.65999984741211,8.779999732971191,8.220000267028809,8.359999656677246,841300,0.0,0.0
2009-09-25 00:00:00-04:00,8.289999961853027,8.399999618530273,8.199999809265137,8.329999923706055,335800,0.0,0.0
2009-09-28 00:00:00-04:00,8.3100004196167,8.609999656677246,8.279999732971191,8.289999961853027,524600,0.0,0.0
2009-09-29 00:00:00-04:00,8.279999732971191,8.300000190734863,8.0600004196167,8.130000114440918,365000,0.0,0.0
2009-09-30 00:00:00-04:00,8.180000305175781,8.180000305175781,7.909999847412109,7.949999809265137,367600,0.0,0.0
2009-10-01 00:00:00-04:00,7.909999847412109,7.929999828338623,7.460000038146973,7.489999771118164,614900,0.0,0.0
2009-10-02 00:00:00-04:00,7.389999866485596,7.389999866485596,7.25,7.25,509600,0.0,0.0
2009-10-05 00:00:00-04:00,7.349999904632568,7.610000133514404,7.179999828338623,7.610000133514404,604400,0.0,0.0
2009-10-06 00:00:00-04:00,7.639999866485596,7.809999942779541,7.550000190734863,7.730000019073486,496400,0.0,0.0
2009-10-07 00:00:00-04:00,7.71999979019165,8.020000457763672,7.599999904632568,7.949999809265137,669600,0.0,0.0
2009-10-08 00:00:00-04:00,8.15999984741211,8.210000038146973,7.96999979019165,7.980000019073486,722000,0.0,0.0
2009-10-09 00:00:00-04:00,8.020000457763672,8.210000038146973,8.010000228881836,8.199999809265137,332000,0.0,0.0
2009-10-12 00:00:00-04:00,8.329999923706055,8.329999923706055,8.109999656677246,8.180000305175781,556700,0.0,0.0
2009-10-13 00:00:00-04:00,8.210000038146973,8.270000457763672,8.109999656677246,8.119999885559082,466100,0.0,0.0
2009-10-14 00:00:00-04:00,8.229999542236328,8.260000228881836,8.130000114440918,8.180000305175781,433200,0.0,0.0
2009-10-15 00:00:00-04:00,8.149999618530273,8.199999809265137,8.069999694824219,8.130000114440918,468400,0.0,0.0
2009-10-16 00:00:00-04:00,8.109999656677246,8.170000076293945,8.010000228881836,8.0600004196167,425400,0.0,0.0
2009-10-19 00:00:00-04:00,8.130000114440918,8.170000076293945,8.010000228881836,8.119999885559082,373100,0.0,0.0
2009-10-20 00:00:00-04:00,8.149999618530273,8.15999984741211,8.0,8.020000457763672,536900,0.0,0.0
2009-10-21 00:00:00-04:00,8.300000190734863,8.380000114440918,8.130000114440918,8.15999984741211,1291700,0.0,0.0
2009-10-22 00:00:00-04:00,8.1899995803833,8.420000076293945,8.140000343322754,8.40999984741211,594300,0.0,0.0
2009-10-23 00:00:00-04:00,8.430000305175781,8.449999809265137,8.020000457763672,8.0600004196167,770200,0.0,0.0
2009-10-26 00:00:00-04:00,8.039999961853027,8.050000190734863,7.75,7.789999961853027,786100,0.0,0.0
2009-10-27 00:00:00-04:00,7.860000133514404,7.989999771118164,7.789999961853027,7.789999961853027,455600,0.0,0.0
2009-10-28 00:00:00-04:00,7.800000190734863,7.900000095367432,7.599999904632568,7.610000133514404,711900,0.0,0.0
2009-10-29 00:00:00-04:00,7.650000095367432,7.730000019073486,7.550000190734863,7.619999885559082,562800,0.0,0.0
2009-10-30 00:00:00-04:00,7.599999904632568,7.599999904632568,7.409999847412109,7.429999828338623,911700,0.0,0.0
2009-11-02 00:00:00-05:00,7.510000228881836,7.570000171661377,7.150000095367432,7.21999979019165,783600,0.0,0.0
2009-11-03 00:00:00-05:00,7.179999828338623,7.46999979019165,7.119999885559082,7.449999809265137,631600,0.0,0.0
2009-11-04 00:00:00-05:00,7.510000228881836,7.570000171661377,7.21999979019165,7.230000019073486,460100,0.0,0.0
2009-11-05 00:00:00-05:00,7.329999923706055,7.5,7.28000020980835,7.440000057220459,425700,0.0,0.0
2009-11-06 00:00:00-05:00,7.409999847412109,7.570000171661377,7.369999885559082,7.460000038146973,433400,0.0,0.0
2009-11-09 00:00:00-05:00,7.570000171661377,7.659999847412109,7.409999847412109,7.659999847412109,497700,0.0,0.0
2009-11-10 00:00:00-05:00,7.679999828338623,7.679999828338623,7.400000095367432,7.46999979019165,406700,0.0,0.0
2009-11-11 00:00:00-05:00,7.599999904632568,7.829999923706055,7.510000228881836,7.760000228881836,704500,0.0,0.0
2009-11-12 00:00:00-05:00,7.769999980926514,7.789999961853027,7.559999942779541,7.739999771118164,581400,0.0,0.0
2009-11-13 00:00:00-05:00,7.840000152587891,7.849999904632568,7.659999847412109,7.800000190734863,517700,0.0,0.0
2009-11-16 00:00:00-05:00,7.989999771118164,8.0600004196167,7.909999847412109,8.039999961853027,617400,0.0,0.0
2009-11-17 00:00:00-05:00,8.100000381469727,8.380000114440918,8.050000190734863,8.369999885559082,781400,0.0,0.0
2009-11-18 00:00:00-05:00,8.40999984741211,8.59000015258789,8.0600004196167,8.260000228881836,863500,0.0,0.0
2009-11-19 00:00:00-05:00,8.149999618530273,8.279999732971191,7.920000076293945,8.0600004196167,661600,0.0,0.0
2009-11-20 00:00:00-05:00,8.020000457763672,8.149999618530273,7.829999923706055,7.929999828338623,433500,0.0,0.0
2009-11-23 00:00:00-05:00,8.079999923706055,8.229999542236328,7.980000019073486,8.1899995803833,765300,0.0,0.0
2009-11-24 00:00:00-05:00,8.210000038146973,8.210000038146973,8.020000457763672,8.140000343322754,339400,0.0,0.0
2009-11-25 00:00:00-05:00,8.149999618530273,8.220000267028809,8.100000381469727,8.119999885559082,295400,0.0,0.0
2009-11-27 00:00:00-05:00,7.880000114440918,8.140000343322754,7.880000114440918,8.079999923706055,284100,0.0,0.0
2009-11-30 00:00:00-05:00,8.039999961853027,8.239999771118164,8.010000228881836,8.229999542236328,597400,0.0,0.0
2009-12-01 00:00:00-05:00,8.279999732971191,8.460000038146973,8.199999809265137,8.449999809265137,455800,0.0,0.0
2009-12-02 00:00:00-05:00,8.479999542236328,8.859999656677246,8.420000076293945,8.829999923706055,945700,0.0,0.0
2009-12-03 00:00:00-05:00,8.84000015258789,9.079999923706055,8.550000190734863,8.890000343322754,1095000,0.0,0.0
2009-12-04 00:00:00-05:00,9.100000381469727,9.199999809265137,8.829999923706055,9.09000015258789,733000,0.0,0.0
2009-12-07 00:00:00-05:00,9.100000381469727,9.260000228881836,9.029999732971191,9.100000381469727,458600,0.0,0.0
2009-12-08 00:00:00-05:00,9.109999656677246,9.229999542236328,8.960000038146973,9.210000038146973,477800,0.0,0.0
2009-12-09 00:00:00-05:00,9.1899995803833,9.390000343322754,9.0,9.359999656677246,1061100,0.0,0.0
2009-12-10 00:00:00-05:00,9.609999656677246,9.800000190734863,9.260000228881836,9.369999885559082,2088200,0.0,0.0
2009-12-11 00:00:00-05:00,9.529999732971191,9.550000190734863,9.15999984741211,9.329999923706055,989600,0.0,0.0
2009-12-14 00:00:00-05:00,9.5,9.550000190734863,9.300000190734863,9.350000381469727,718500,0.0,0.0
2009-12-15 00:00:00-05:00,9.369999885559082,9.479999542236328,9.239999771118164,9.239999771118164,525200,0.0,0.0
2009-12-16 00:00:00-05:00,9.359999656677246,9.399999618530273,9.220000267028809,9.319999694824219,762100,0.0,0.0
2009-12-17 00:00:00-05:00,9.34000015258789,9.369999885559082,9.119999885559082,9.15999984741211,515800,0.0,0.0
2009-12-18 00:00:00-05:00,9.270000457763672,9.300000190734863,9.0600004196167,9.119999885559082,891900,0.0,0.0
2009-12-21 00:00:00-05:00,9.199999809265137,9.279999732971191,9.010000228881836,9.0600004196167,748300,0.0,0.0
2009-12-22 00:00:00-05:00,9.039999961853027,9.039999961853027,8.649999618530273,8.869999885559082,798700,0.0,0.0
2009-12-23 00:00:00-05:00,8.899999618530273,8.949999809265137,8.760000228881836,8.850000381469727,387900,0.0,0.0
2009-12-24 00:00:00-05:00,8.90999984741211,8.949999809265137,8.819999694824219,8.9399995803833,169100,0.0,0.0
2009-12-28 00:00:00-05:00,9.0,9.010000228881836,8.850000381469727,8.9399995803833,298300,0.0,0.0
2009-12-29 00:00:00-05:00,8.970000267028809,9.0,8.8100004196167,8.850000381469727,309300,0.0,0.0
2009-12-30 00:00:00-05:00,8.800000190734863,8.970000267028809,8.800000190734863,8.949999809265137,340600,0.0,0.0
2009-12-31 00:00:00-05:00,8.970000267028809,8.979999542236328,8.850000381469727,8.869999885559082,375800,0.0,0.0
2010-01-04 00:00:00-05:00,8.949999809265137,9.09000015258789,8.890000343322754,9.079999923706055,931700,0.0,0.0
2010-01-05 00:00:00-05:00,9.109999656677246,9.229999542236328,8.979999542236328,9.210000038146973,1027600,0.0,0.0
2010-01-06 00:00:00-05:00,9.239999771118164,9.239999771118164,9.039999961853027,9.109999656677246,511500,0.0,0.0
2010-01-07 00:00:00-05:00,9.109999656677246,9.270000457763672,8.949999809265137,9.15999984741211,637300,0.0,0.0
2010-01-08 00:00:00-05:00,9.09000015258789,9.270000457763672,9.029999732971191,9.270000457763672,656400,0.0,0.0
2010-01-11 00:00:00-05:00,8.859999656677246,9.149999618530273,8.449999809265137,8.550000190734863,2191000,0.0,0.0
2010-01-12 00:00:00-05:00,8.489999771118164,8.5,8.170000076293945,8.319999694824219,875000,0.0,0.0
2010-01-13 00:00:00-05:00,8.3100004196167,8.350000381469727,8.050000190734863,8.239999771118164,652500,0.0,0.0
2010-01-14 00:00:00-05:00,8.220000267028809,8.329999923706055,8.170000076293945,8.260000228881836,527500,0.0,0.0
2010-01-15 00:00:00-05:00,8.300000190734863,8.329999923706055,8.069999694824219,8.170000076293945,562300,0.0,0.0
2010-01-19 00:00:00-05:00,8.170000076293945,8.279999732971191,8.109999656677246,8.170000076293945,562700,0.0,0.0
2010-01-20 00:00:00-05:00,8.140000343322754,8.239999771118164,7.989999771118164,8.210000038146973,536000,0.0,0.0
2010-01-21 00:00:00-05:00,8.210000038146973,8.40999984741211,8.109999656677246,8.319999694824219,702500,0.0,0.0
2010-01-22 00:00:00-05:00,8.270000457763672,8.270000457763672,7.900000095367432,7.920000076293945,759700,0.0,0.0
2010-01-25 00:00:00-05:00,7.960000038146973,7.96999979019165,7.699999809265137,7.78000020980835,528100,0.0,0.0
2010-01-26 00:00:00-05:00,7.730000019073486,7.869999885559082,7.510000228881836,7.800000190734863,776600,0.0,0.0
2010-01-27 00:00:00-05:00,7.510000228881836,7.599999904632568,7.21999979019165,7.320000171661377,1697000,0.0,0.0
2010-01-28 00:00:00-05:00,7.489999771118164,7.489999771118164,7.019999980926514,7.059999942779541,775300,0.0,0.0
2010-01-29 00:00:00-05:00,7.079999923706055,7.159999847412109,6.800000190734863,6.849999904632568,825400,0.0,0.0
2010-02-01 00:00:00-05:00,6.860000133514404,7.090000152587891,6.809999942779541,7.03000020980835,731900,0.0,0.0
2010-02-02 00:00:00-05:00,7.070000171661377,7.210000038146973,7.0,7.139999866485596,1066300,0.0,0.0
2010-02-03 00:00:00-05:00,7.150000095367432,7.25,6.960000038146973,7.0,541400,0.0,0.0
2010-02-04 00:00:00-05:00,6.949999809265137,7.050000190734863,6.710000038146973,6.800000190734863,781400,0.0,0.0
2010-02-05 00:00:00-05:00,6.800000190734863,6.940000057220459,6.760000228881836,6.909999847412109,654400,0.0,0.0
2010-02-08 00:00:00-05:00,6.880000114440918,6.900000095367432,6.78000020980835,6.789999961853027,525800,0.0,0.0
2010-02-09 00:00:00-05:00,6.849999904632568,6.949999809265137,6.789999961853027,6.820000171661377,429000,0.0,0.0
2010-02-10 00:00:00-05:00,6.820000171661377,7.03000020980835,6.78000020980835,7.0,542000,0.0,0.0
2010-02-11 00:00:00-05:00,7.010000228881836,7.309999942779541,6.900000095367432,7.309999942779541,683900,0.0,0.0
2010-02-12 00:00:00-05:00,7.269999980926514,7.559999942779541,7.25,7.550000190734863,1034300,0.0,0.0
2010-02-16 00:00:00-05:00,7.670000076293945,7.75,7.559999942779541,7.690000057220459,658700,0.0,0.0
2010-02-17 00:00:00-05:00,7.670000076293945,7.730000019073486,7.380000114440918,7.440000057220459,717500,0.0,0.0
2010-02-18 00:00:00-05:00,7.460000038146973,7.619999885559082,7.400000095367432,7.610000133514404,474700,0.0,0.0
2010-02-19 00:00:00-05:00,7.570000171661377,7.650000095367432,7.409999847412109,7.630000114440918,544300,0.0,0.0
2010-02-22 00:00:00-05:00,7.619999885559082,7.75,7.599999904632568,7.610000133514404,358000,0.0,0.0
2010-02-23 00:00:00-05:00,7.570000171661377,7.630000114440918,7.190000057220459,7.510000228881836,913900,0.0,0.0
2010-02-24 00:00:00-05:00,7.570000171661377,7.769999980926514,7.5,7.769999980926514,521400,0.0,0.0
2010-02-25 00:00:00-05:00,7.659999847412109,7.71999979019165,7.519999980926514,7.559999942779541,590100,0.0,0.0
2010-02-26 00:00:00-05:00,7.539999961853027,7.659999847412109,7.5,7.579999923706055,346400,0.0,0.0
2010-03-01 00:00:00-05:00,7.630000114440918,7.690000057220459,7.489999771118164,7.599999904632568,514200,0.0,0.0
2010-03-02 00:00:00-05:00,7.599999904632568,8.100000381469727,7.539999961853027,8.069999694824219,945600,0.0,0.0
2010-03-03 00:00:00-05:00,8.119999885559082,8.149999618530273,7.880000114440918,8.119999885559082,626000,0.0,0.0
2010-03-04 00:00:00-05:00,8.109999656677246,8.170000076293945,7.96999979019165,8.050000190734863,142000,0.0,0.0
2010-03-05 00:00:00-05:00,8.069999694824219,8.1899995803833,7.980000019073486,8.1899995803833,450500,0.0,0.0
2010-03-08 00:00:00-05:00,8.149999618530273,8.239999771118164,8.069999694824219,8.149999618530273,413800,0.0,0.0
2010-03-09 00:00:00-05:00,8.119999885559082,8.300000190734863,8.020000457763672,8.300000190734863,433600,0.0,0.0
2010-03-10 00:00:00-05:00,8.260000228881836,8.579999923706055,8.210000038146973,8.399999618530273,895900,0.0,0.0
2010-03-11 00:00:00-05:00,8.399999618530273,8.5,8.199999809265137,8.4399995803833,546500,0.0,0.0
2010-03-12 00:00:00-05:00,8.430000305175781,8.430000305175781,8.079999923706055,8.25,465200,0.0,0.0
2010-03-15 00:00:00-04:00,8.25,8.390000343322754,8.119999885559082,8.170000076293945,400200,0.0,0.0
2010-03-16 00:00:00-04:00,8.170000076293945,8.25,8.119999885559082,8.239999771118164,311600,0.0,0.0
2010-03-17 00:00:00-04:00,8.229999542236328,8.300000190734863,8.100000381469727,8.130000114440918,1085900,0.0,0.0
2010-03-18 00:00:00-04:00,8.100000381469727,8.199999809265137,8.029999732971191,8.130000114440918,605500,0.0,0.0
2010-03-19 00:00:00-04:00,8.020000457763672,8.210000038146973,7.920000076293945,8.020000457763672,915400,0.0,0.0
2010-03-22 00:00:00-04:00,7.880000114440918,8.069999694824219,7.880000114440918,8.050000190734863,978600,0.0,0.0
2010-03-23 00:00:00-04:00,8.050000190734863,8.34000015258789,8.039999961853027,8.3100004196167,677100,0.0,0.0
2010-03-24 00:00:00-04:00,8.3100004196167,8.3100004196167,8.050000190734863,8.079999923706055,557600,0.0,0.0
2010-03-25 00:00:00-04:00,8.15999984741211,8.34000015258789,8.069999694824219,8.170000076293945,752000,0.0,0.0
2010-03-26 00:00:00-04:00,8.220000267028809,8.369999885559082,8.15999984741211,8.34000015258789,477600,0.0,0.0
2010-03-29 00:00:00-04:00,8.449999809265137,8.520000457763672,8.369999885559082,8.399999618530273,608300,0.0,0.0
2010-03-30 00:00:00-04:00,8.399999618530273,8.4399995803833,8.149999618530273,8.430000305175781,545900,0.0,0.0
2010-03-31 00:00:00-04:00,8.380000114440918,8.789999961853027,8.350000381469727,8.520000457763672,765500,0.0,0.0
2010-04-01 00:00:00-04:00,8.529999732971191,8.789999961853027,8.40999984741211,8.460000038146973,605100,0.0,0.0
2010-04-05 00:00:00-04:00,8.479999542236328,8.65999984741211,8.479999542236328,8.609999656677246,380500,0.0,0.0
2010-04-06 00:00:00-04:00,8.510000228881836,8.84000015258789,8.470000267028809,8.84000015258789,595100,0.0,0.0
2010-04-07 00:00:00-04:00,8.829999923706055,8.90999984741211,8.710000038146973,8.760000228881836,603000,0.0,0.0
2010-04-08 00:00:00-04:00,8.770000457763672,8.770000457763672,8.550000190734863,8.670000076293945,248400,0.0,0.0
2010-04-09 00:00:00-04:00,8.670000076293945,8.949999809265137,8.600000381469727,8.90999984741211,748400,0.0,0.0
2010-04-12 00:00:00-04:00,9.069999694824219,9.239999771118164,8.960000038146973,9.220000267028809,1012100,0.0,0.0
2010-04-13 00:00:00-04:00,9.220000267028809,9.569999694824219,9.109999656677246,9.5600004196167,1508400,0.0,0.0
2010-04-14 00:00:00-04:00,9.600000381469727,10.100000381469727,9.5,10.050000190734863,1659600,0.0,0.0
2010-04-15 00:00:00-04:00,9.789999961853027,9.949999809265137,9.739999771118164,9.90999984741211,860100,0.0,0.0
2010-04-16 00:00:00-04:00,9.890000343322754,9.899999618530273,9.680000305175781,9.789999961853027,900800,0.0,0.0
2010-04-19 00:00:00-04:00,9.729999542236328,9.8100004196167,9.460000038146973,9.710000038146973,659300,0.0,0.0
2010-04-20 00:00:00-04:00,9.75,10.039999961853027,9.65999984741211,10.0,1086700,0.0,0.0
2010-04-21 00:00:00-04:00,10.0,10.039999961853027,9.710000038146973,10.0,936700,0.0,0.0
2010-04-22 00:00:00-04:00,9.9399995803833,10.069999694824219,9.770000457763672,10.0,884900,0.0,0.0
2010-04-23 00:00:00-04:00,9.949999809265137,10.0,9.819999694824219,10.0,872700,0.0,0.0
2010-04-26 00:00:00-04:00,9.989999771118164,10.010000228881836,9.890000343322754,9.970000267028809,548300,0.0,0.0
2010-04-27 00:00:00-04:00,9.670000076293945,9.979999542236328,9.59000015258789,9.59000015258789,944600,0.0,0.0
2010-04-28 00:00:00-04:00,9.630000114440918,9.770000457763672,9.510000228881836,9.720000267028809,540200,0.0,0.0
2010-04-29 00:00:00-04:00,9.770000457763672,9.869999885559082,9.6899995803833,9.75,657000,0.0,0.0
2010-04-30 00:00:00-04:00,9.75,9.800000190734863,9.100000381469727,9.140000343322754,1123900,0.0,0.0
2010-05-03 00:00:00-04:00,9.15999984741211,9.359999656677246,8.930000305175781,9.279999732971191,836600,0.0,0.0
2010-05-04 00:00:00-04:00,9.15999984741211,9.15999984741211,8.84000015258789,8.979999542236328,731100,0.0,0.0
2010-05-05 00:00:00-04:00,8.930000305175781,8.979999542236328,8.789999961853027,8.789999961853027,637700,0.0,0.0
2010-05-06 00:00:00-04:00,8.720000267028809,8.899999618530273,7.510000228881836,8.210000038146973,1455300,0.0,0.0
2010-05-07 00:00:00-04:00,8.119999885559082,8.25,7.75,7.869999885559082,1242000,0.0,0.0
2010-05-10 00:00:00-04:00,8.25,8.3100004196167,8.039999961853027,8.180000305175781,1049100,0.0,0.0
2010-05-11 00:00:00-04:00,8.109999656677246,8.3100004196167,7.960000038146973,8.239999771118164,901200,0.0,0.0
2010-05-12 00:00:00-04:00,8.229999542236328,8.5,8.220000267028809,8.430000305175781,621300,0.0,0.0
2010-05-13 00:00:00-04:00,8.390000343322754,8.5,8.039999961853027,8.119999885559082,766300,0.0,0.0
2010-05-14 00:00:00-04:00,8.050000190734863,8.09000015258789,7.659999847412109,7.739999771118164,1081000,0.0,0.0
2010-05-17 00:00:00-04:00,7.670000076293945,7.889999866485596,7.5,7.849999904632568,1103100,0.0,0.0
2010-05-18 00:00:00-04:00,7.960000038146973,8.0,7.679999828338623,7.699999809265137,561200,0.0,0.0
2010-05-19 00:00:00-04:00,7.639999866485596,7.690000057220459,7.400000095367432,7.550000190734863,663000,0.0,0.0
2010-05-20 00:00:00-04:00,7.400000095367432,7.5,7.099999904632568,7.150000095367432,937900,0.0,0.0
2010-05-21 00:00:00-04:00,6.949999809265137,6.949999809265137,6.610000133514404,6.900000095367432,2698500,0.0,0.0
2010-05-24 00:00:00-04:00,6.889999866485596,6.940000057220459,6.639999866485596,6.659999847412109,829100,0.0,0.0
2010-05-25 00:00:00-04:00,6.650000095367432,7.130000114440918,6.630000114440918,7.03000020980835,1883900,0.0,0.0
2010-05-26 00:00:00-04:00,7.170000076293945,7.400000095367432,6.960000038146973,7.0,1410900,0.0,0.0
2010-05-27 00:00:00-04:00,7.170000076293945,7.340000152587891,7.150000095367432,7.25,990300,0.0,0.0
2010-05-28 00:00:00-04:00,7.269999980926514,7.329999923706055,7.0,7.039999961853027,1144500,0.0,0.0
2010-06-01 00:00:00-04:00,6.949999809265137,7.0,6.690000057220459,6.699999809265137,1003600,0.0,0.0
2010-06-02 00:00:00-04:00,6.71999979019165,6.789999961853027,6.650000095367432,6.71999979019165,935200,0.0,0.0
2010-06-03 00:00:00-04:00,6.699999809265137,6.889999866485596,6.690000057220459,6.869999885559082,703900,0.0,0.0
2010-06-04 00:00:00-04:00,6.739999771118164,6.840000152587891,6.380000114440918,6.440000057220459,946800,0.0,0.0
2010-06-07 00:00:00-04:00,6.449999809265137,6.559999942779541,6.159999847412109,6.179999828338623,1101400,0.0,0.0
2010-06-08 00:00:00-04:00,6.230000019073486,6.420000076293945,5.889999866485596,5.940000057220459,1118500,0.0,0.0
2010-06-09 00:00:00-04:00,6.039999961853027,6.039999961853027,5.699999809265137,5.760000228881836,1544800,0.0,0.0
2010-06-10 00:00:00-04:00,5.840000152587891,6.019999980926514,5.809999942779541,5.989999771118164,745500,0.0,0.0
2010-06-11 00:00:00-04:00,6.190000057220459,6.570000171661377,6.099999904632568,6.449999809265137,1379100,0.0,0.0
2010-06-14 00:00:00-04:00,6.53000020980835,6.940000057220459,6.429999828338623,6.789999961853027,1918100,0.0,0.0
2010-06-15 00:00:00-04:00,6.949999809265137,7.119999885559082,6.849999904632568,7.010000228881836,1160000,0.0,0.0
2010-06-16 00:00:00-04:00,6.989999771118164,7.179999828338623,6.929999828338623,7.0,713600,0.0,0.0
2010-06-17 00:00:00-04:00,7.090000152587891,7.139999866485596,6.820000171661377,6.900000095367432,835800,0.0,0.0
2010-06-18 00:00:00-04:00,7.0,7.400000095367432,6.989999771118164,7.309999942779541,1565200,0.0,0.0
2010-06-21 00:00:00-04:00,7.460000038146973,7.5,7.130000114440918,7.190000057220459,723600,0.0,0.0
2010-06-22 00:00:00-04:00,7.21999979019165,7.309999942779541,6.989999771118164,7.0,637500,0.0,0.0
2010-06-23 00:00:00-04:00,7.0,7.039999961853027,6.829999923706055,6.940000057220459,729600,0.0,0.0
2010-06-24 00:00:00-04:00,6.940000057220459,6.980000019073486,6.730000019073486,6.730000019073486,750800,0.0,0.0
2010-06-25 00:00:00-04:00,6.789999961853027,6.96999979019165,6.659999847412109,6.900000095367432,1157900,0.0,0.0
2010-06-28 00:00:00-04:00,6.880000114440918,6.940000057220459,6.75,6.869999885559082,785900,0.0,0.0
2010-06-29 00:00:00-04:00,6.75,6.769999980926514,6.5,6.53000020980835,938400,0.0,0.0
2010-06-30 00:00:00-04:00,6.550000190734863,6.800000190734863,6.420000076293945,6.429999828338623,674200,0.0,0.0
2010-07-01 00:00:00-04:00,6.420000076293945,6.480000019073486,6.230000019073486,6.449999809265137,733300,0.0,0.0
2010-07-02 00:00:00-04:00,6.519999980926514,6.519999980926514,6.25,6.329999923706055,349100,0.0,0.0
2010-07-06 00:00:00-04:00,6.46999979019165,6.619999885559082,6.21999979019165,6.300000190734863,647200,0.0,0.0
2010-07-07 00:00:00-04:00,6.340000152587891,6.519999980926514,6.320000171661377,6.489999771118164,718000,0.0,0.0
2010-07-08 00:00:00-04:00,6.550000190734863,6.71999979019165,6.389999866485596,6.670000076293945,763600,0.0,0.0
2010-07-09 00:00:00-04:00,6.650000095367432,6.78000020980835,6.570000171661377,6.599999904632568,779300,0.0,0.0
2010-07-12 00:00:00-04:00,6.539999961853027,6.610000133514404,6.369999885559082,6.489999771118164,775900,0.0,0.0
2010-07-13 00:00:00-04:00,6.599999904632568,6.690000057220459,6.519999980926514,6.670000076293945,861500,0.0,0.0
2010-07-14 00:00:00-04:00,6.630000114440918,6.869999885559082,6.630000114440918,6.789999961853027,806900,0.0,0.0
2010-07-15 00:00:00-04:00,6.78000020980835,6.889999866485596,6.650000095367432,6.840000152587891,441700,0.0,0.0
2010-07-16 00:00:00-04:00,6.769999980926514,6.849999904632568,6.389999866485596,6.429999828338623,788800,0.0,0.0
2010-07-19 00:00:00-04:00,6.429999828338623,6.510000228881836,6.389999866485596,6.489999771118164,304000,0.0,0.0
2010-07-20 00:00:00-04:00,6.389999866485596,6.590000152587891,6.320000171661377,6.590000152587891,525000,0.0,0.0
2010-07-21 00:00:00-04:00,6.610000133514404,6.619999885559082,6.309999942779541,6.360000133514404,881200,0.0,0.0
2010-07-22 00:00:00-04:00,6.480000019073486,7.039999961853027,6.400000095367432,6.989999771118164,1607900,0.0,0.0
2010-07-23 00:00:00-04:00,7.880000114440918,9.170000076293945,7.610000133514404,9.140000343322754,8481900,0.0,0.0
2010-07-26 00:00:00-04:00,9.130000114440918,9.869999885559082,9.050000190734863,9.550000190734863,4290800,0.0,0.0
2010-07-27 00:00:00-04:00,9.270000457763672,9.460000038146973,8.859999656677246,9.369999885559082,2782300,0.0,0.0
2010-07-28 00:00:00-04:00,9.3100004196167,9.390000343322754,9.010000228881836,9.050000190734863,1131200,0.0,0.0
2010-07-29 00:00:00-04:00,9.220000267028809,9.220000267028809,8.829999923706055,8.930000305175781,1117900,0.0,0.0
2010-07-30 00:00:00-04:00,8.770000457763672,9.180000305175781,8.760000228881836,9.050000190734863,938900,0.0,0.0
2010-08-02 00:00:00-04:00,9.170000076293945,9.1899995803833,8.899999618530273,9.050000190734863,845600,0.0,0.0
2010-08-03 00:00:00-04:00,9.180000305175781,9.180000305175781,8.90999984741211,8.970000267028809,827100,0.0,0.0
2010-08-04 00:00:00-04:00,9.039999961853027,9.420000076293945,9.010000228881836,9.420000076293945,1491300,0.0,0.0
2010-08-05 00:00:00-04:00,9.300000190734863,9.40999984741211,9.140000343322754,9.210000038146973,688900,0.0,0.0
2010-08-06 00:00:00-04:00,9.140000343322754,9.210000038146973,8.819999694824219,8.989999771118164,968100,0.0,0.0
2010-08-09 00:00:00-04:00,9.039999961853027,9.25,8.920000076293945,9.1899995803833,614900,0.0,0.0
2010-08-10 00:00:00-04:00,9.029999732971191,9.079999923706055,8.869999885559082,8.949999809265137,797800,0.0,0.0
2010-08-11 00:00:00-04:00,8.720000267028809,8.739999771118164,8.420000076293945,8.539999961853027,944400,0.0,0.0
2010-08-12 00:00:00-04:00,8.380000114440918,8.4399995803833,8.220000267028809,8.279999732971191,555500,0.0,0.0
2010-08-13 00:00:00-04:00,8.270000457763672,8.270000457763672,8.0600004196167,8.09000015258789,513700,0.0,0.0
2010-08-16 00:00:00-04:00,8.050000190734863,8.619999885559082,7.940000057220459,8.460000038146973,833000,0.0,0.0
2010-08-17 00:00:00-04:00,8.510000228881836,8.640000343322754,8.380000114440918,8.520000457763672,629900,0.0,0.0
2010-08-18 00:00:00-04:00,8.470000267028809,8.510000228881836,8.319999694824219,8.369999885559082,377800,0.0,0.0
2010-08-19 00:00:00-04:00,8.300000190734863,8.359999656677246,7.980000019073486,8.079999923706055,742500,0.0,0.0
2010-08-20 00:00:00-04:00,8.0600004196167,8.239999771118164,7.940000057220459,8.100000381469727,499300,0.0,0.0
2010-08-23 00:00:00-04:00,8.140000343322754,8.380000114440918,8.050000190734863,8.050000190734863,547500,0.0,0.0
2010-08-24 00:00:00-04:00,7.909999847412109,8.300000190734863,7.869999885559082,8.279999732971191,930900,0.0,0.0
2010-08-25 00:00:00-04:00,8.15999984741211,8.550000190734863,8.130000114440918,8.539999961853027,972800,0.0,0.0
2010-08-26 00:00:00-04:00,8.579999923706055,8.789999961853027,8.270000457763672,8.289999961853027,938900,0.0,0.0
2010-08-27 00:00:00-04:00,8.40999984741211,8.720000267028809,8.1899995803833,8.710000038146973,908800,0.0,0.0
2010-08-30 00:00:00-04:00,8.649999618530273,8.699999809265137,8.40999984741211,8.420000076293945,707900,0.0,0.0
2010-08-31 00:00:00-04:00,8.420000076293945,8.529999732971191,8.260000228881836,8.4399995803833,871900,0.0,0.0
2010-09-01 00:00:00-04:00,8.609999656677246,8.819999694824219,8.5,8.800000190734863,717400,0.0,0.0
2010-09-02 00:00:00-04:00,8.770000457763672,9.09000015258789,8.710000038146973,9.020000457763672,645200,0.0,0.0
2010-09-03 00:00:00-04:00,9.170000076293945,9.569999694824219,9.170000076293945,9.489999771118164,1372900,0.0,0.0
2010-09-07 00:00:00-04:00,9.470000267028809,9.5600004196167,9.300000190734863,9.460000038146973,1229800,0.0,0.0
2010-09-08 00:00:00-04:00,9.5,9.859999656677246,9.399999618530273,9.8100004196167,2060800,0.0,0.0
2010-09-09 00:00:00-04:00,10.010000228881836,10.149999618530273,9.869999885559082,9.979999542236328,2742600,0.0,0.0
2010-09-10 00:00:00-04:00,9.989999771118164,10.359999656677246,9.970000267028809,9.970000267028809,2348700,0.0,0.0
2010-09-13 00:00:00-04:00,10.09000015258789,10.59000015258789,10.069999694824219,10.470000267028809,3587500,0.0,0.0
2010-09-14 00:00:00-04:00,10.449999809265137,11.3100004196167,10.350000381469727,11.09000015258789,3605700,0.0,0.0
2010-09-15 00:00:00-04:00,11.0,11.140000343322754,10.9399995803833,11.09000015258789,1081200,0.0,0.0
2010-09-16 00:00:00-04:00,11.020000457763672,11.25,10.859999656677246,11.0600004196167,1754500,0.0,0.0
2010-09-17 00:00:00-04:00,11.199999809265137,11.399999618530273,11.0,11.119999885559082,1740800,0.0,0.0
2010-09-20 00:00:00-04:00,11.180000305175781,12.0,11.09000015258789,11.979999542236328,2081700,0.0,0.0
2010-09-21 00:00:00-04:00,11.9399995803833,12.220000267028809,11.649999618530273,11.899999618530273,2855300,0.0,0.0
2010-09-22 00:00:00-04:00,11.859999656677246,11.90999984741211,11.569999694824219,11.899999618530273,1386900,0.0,0.0
2010-09-23 00:00:00-04:00,11.779999732971191,12.630000114440918,11.770000457763672,12.550000190734863,2247000,0.0,0.0
2010-09-24 00:00:00-04:00,12.729999542236328,12.899999618530273,12.550000190734863,12.829999923706055,1691700,0.0,0.0
2010-09-27 00:00:00-04:00,12.109999656677246,12.529999732971191,11.649999618530273,11.779999732971191,4096200,0.0,0.0
2010-09-28 00:00:00-04:00,11.859999656677246,11.890000343322754,11.430000305175781,11.789999961853027,2370000,0.0,0.0
2010-09-29 00:00:00-04:00,11.829999923706055,12.300000190734863,11.819999694824219,12.069999694824219,2196600,0.0,0.0
2010-09-30 00:00:00-04:00,12.1899995803833,12.260000228881836,11.5600004196167,11.670000076293945,1580900,0.0,0.0
2010-10-01 00:00:00-04:00,11.739999771118164,11.9399995803833,11.449999809265137,11.800000190734863,1931300,0.0,0.0
2010-10-04 00:00:00-04:00,11.3100004196167,11.399999618530273,10.829999923706055,11.289999961853027,2351800,0.0,0.0
2010-10-05 00:00:00-04:00,11.380000114440918,11.890000343322754,11.239999771118164,11.680000305175781,2403800,0.0,0.0
2010-10-06 00:00:00-04:00,11.710000038146973,11.899999618530273,11.270000457763672,11.34000015258789,1296100,0.0,0.0
2010-10-07 00:00:00-04:00,11.420000076293945,11.609999656677246,11.15999984741211,11.5600004196167,1037600,0.0,0.0
2010-10-08 00:00:00-04:00,11.59000015258789,11.949999809265137,11.260000228881836,11.84000015258789,852700,0.0,0.0
2010-10-11 00:00:00-04:00,11.859999656677246,11.970000267028809,11.720000267028809,11.84000015258789,863700,0.0,0.0
2010-10-12 00:00:00-04:00,11.75,12.170000076293945,11.550000190734863,12.029999732971191,1309900,0.0,0.0
2010-10-13 00:00:00-04:00,12.100000381469727,12.1899995803833,11.970000267028809,12.069999694824219,1444100,0.0,0.0
2010-10-14 00:00:00-04:00,12.010000228881836,12.130000114440918,11.720000267028809,11.890000343322754,872300,0.0,0.0
2010-10-15 00:00:00-04:00,12.489999771118164,12.5,12.039999961853027,12.449999809265137,2096800,0.0,0.0
2010-10-18 00:00:00-04:00,12.449999809265137,12.479999542236328,11.800000190734863,12.329999923706055,3459200,0.0,0.0
2010-10-19 00:00:00-04:00,8.100000381469727,8.390000343322754,7.789999961853027,7.949999809265137,18745500,0.0,0.0
2010-10-20 00:00:00-04:00,8.1899995803833,8.289999961853027,7.96999979019165,8.130000114440918,4921400,0.0,0.0
2010-10-21 00:00:00-04:00,8.220000267028809,8.300000190734863,8.100000381469727,8.210000038146973,2547200,0.0,0.0
2010-10-22 00:00:00-04:00,8.25,8.25,8.119999885559082,8.140000343322754,1760100,0.0,0.0
2010-10-25 00:00:00-04:00,8.25,8.479999542236328,8.210000038146973,8.430000305175781,1554000,0.0,0.0
2010-10-26 00:00:00-04:00,8.449999809265137,8.489999771118164,8.270000457763672,8.289999961853027,1790200,0.0,0.0
2010-10-27 00:00:00-04:00,8.270000457763672,8.399999618530273,8.210000038146973,8.399999618530273,1364700,0.0,0.0
2010-10-28 00:00:00-04:00,8.479999542236328,8.510000228881836,8.119999885559082,8.25,2171800,0.0,0.0
2010-10-29 00:00:00-04:00,8.289999961853027,8.329999923706055,8.180000305175781,8.1899995803833,952300,0.0,0.0
2010-11-01 00:00:00-04:00,8.199999809265137,8.380000114440918,8.09000015258789,8.140000343322754,1325500,0.0,0.0
2010-11-02 00:00:00-04:00,8.220000267028809,8.260000228881836,8.170000076293945,8.229999542236328,1054500,0.0,0.0
2010-11-03 00:00:00-04:00,8.260000228881836,8.569999694824219,8.25,8.569999694824219,2365000,0.0,0.0
2010-11-04 00:00:00-04:00,8.739999771118164,8.75,8.479999542236328,8.569999694824219,1873800,0.0,0.0
2010-11-05 00:00:00-04:00,8.649999618530273,8.649999618530273,8.390000343322754,8.539999961853027,1352800,0.0,0.0
2010-11-08 00:00:00-05:00,8.579999923706055,8.819999694824219,8.579999923706055,8.739999771118164,1697200,0.0,0.0
2010-11-09 00:00:00-05:00,8.789999961853027,8.819999694824219,8.510000228881836,8.5600004196167,1092700,0.0,0.0
2010-11-10 00:00:00-05:00,8.619999885559082,8.670000076293945,8.380000114440918,8.649999618530273,888100,0.0,0.0
2010-11-11 00:00:00-05:00,8.470000267028809,8.640000343322754,8.319999694824219,8.609999656677246,729600,0.0,0.0
2010-11-12 00:00:00-05:00,8.5,8.600000381469727,8.140000343322754,8.149999618530273,1576800,0.0,0.0
2010-11-15 00:00:00-05:00,8.220000267028809,8.449999809265137,8.220000267028809,8.3100004196167,992700,0.0,0.0
2010-11-16 00:00:00-05:00,8.239999771118164,8.34000015258789,8.100000381469727,8.210000038146973,1702600,0.0,0.0
2010-11-17 00:00:00-05:00,8.260000228881836,8.420000076293945,8.1899995803833,8.34000015258789,1123200,0.0,0.0
2010-11-18 00:00:00-05:00,8.479999542236328,8.479999542236328,8.149999618530273,8.199999809265137,2242400,0.0,0.0
2010-11-19 00:00:00-05:00,8.239999771118164,8.430000305175781,8.140000343322754,8.420000076293945,1161700,0.0,0.0
2010-11-22 00:00:00-05:00,8.449999809265137,8.770000457763672,8.399999618530273,8.670000076293945,1442100,0.0,0.0
2010-11-23 00:00:00-05:00,8.600000381469727,8.600000381469727,8.279999732971191,8.399999618530273,2445900,0.0,0.0
2010-11-24 00:00:00-05:00,8.5,8.59000015258789,8.319999694824219,8.34000015258789,2159800,0.0,0.0
2010-11-26 00:00:00-05:00,8.279999732971191,8.550000190734863,8.279999732971191,8.420000076293945,711500,0.0,0.0
2010-11-29 00:00:00-05:00,8.420000076293945,8.470000267028809,8.199999809265137,8.25,1440200,0.0,0.0
2010-11-30 00:00:00-05:00,8.25,8.300000190734863,8.119999885559082,8.180000305175781,1614800,0.0,0.0
2010-12-01 00:00:00-05:00,8.359999656677246,8.40999984741211,8.220000267028809,8.239999771118164,1626100,0.0,0.0
2010-12-02 00:00:00-05:00,8.300000190734863,8.619999885559082,8.260000228881836,8.5600004196167,1904100,0.0,0.0
2010-12-03 00:00:00-05:00,8.5600004196167,8.960000038146973,8.5,8.90999984741211,2117100,0.0,0.0
2010-12-06 00:00:00-05:00,9.0,9.359999656677246,8.880000114440918,9.3100004196167,1987600,0.0,0.0
2010-12-07 00:00:00-05:00,9.5,9.75,9.380000114440918,9.5600004196167,2827400,0.0,0.0
2010-12-08 00:00:00-05:00,9.970000267028809,10.140000343322754,9.800000190734863,10.0600004196167,2680200,0.0,0.0
2010-12-09 00:00:00-05:00,10.289999961853027,10.300000190734863,9.850000381469727,9.960000038146973,2456600,0.0,0.0
2010-12-10 00:00:00-05:00,10.010000228881836,10.399999618530273,9.989999771118164,10.300000190734863,1341300,0.0,0.0
2010-12-13 00:00:00-05:00,10.369999885559082,10.5,10.260000228881836,10.260000228881836,1054900,0.0,0.0
2010-12-14 00:00:00-05:00,10.770000457763672,10.829999923706055,9.979999542236328,10.0600004196167,2513700,0.0,0.0
2010-12-15 00:00:00-05:00,10.079999923706055,10.399999618530273,10.0,10.15999984741211,1153300,0.0,0.0
2010-12-16 00:00:00-05:00,10.399999618530273,11.0,10.359999656677246,11.0,2086400,0.0,0.0
2010-12-17 00:00:00-05:00,10.970000267028809,11.050000190734863,10.84000015258789,10.90999984741211,1825400,0.0,0.0
2010-12-20 00:00:00-05:00,10.800000190734863,10.899999618530273,10.720000267028809,10.800000190734863,1079700,0.0,0.0
2010-12-21 00:00:00-05:00,10.920000076293945,10.949999809265137,10.649999618530273,10.710000038146973,982000,0.0,0.0
2010-12-22 00:00:00-05:00,10.739999771118164,10.739999771118164,10.3100004196167,10.420000076293945,1175700,0.0,0.0
2010-12-23 00:00:00-05:00,10.380000114440918,10.5,10.25,10.3100004196167,812200,0.0,0.0
2010-12-27 00:00:00-05:00,10.199999809265137,10.539999961853027,10.100000381469727,10.5,742000,0.0,0.0
2010-12-28 00:00:00-05:00,10.4399995803833,10.489999771118164,10.210000038146973,10.260000228881836,703600,0.0,0.0
2010-12-29 00:00:00-05:00,10.270000457763672,10.4399995803833,10.270000457763672,10.300000190734863,509800,0.0,0.0
2010-12-30 00:00:00-05:00,10.270000457763672,10.390000343322754,10.25,10.300000190734863,485800,0.0,0.0
2010-12-31 00:00:00-05:00,10.270000457763672,10.390000343322754,10.100000381469727,10.329999923706055,669600,0.0,0.0
2011-01-03 00:00:00-05:00,10.40999984741211,10.6899995803833,10.279999732971191,10.579999923706055,1248100,0.0,0.0
2011-01-04 00:00:00-05:00,10.600000381469727,10.640000343322754,10.199999809265137,10.350000381469727,849200,0.0,0.0
2011-01-05 00:00:00-05:00,10.260000228881836,10.640000343322754,10.199999809265137,10.640000343322754,731500,0.0,0.0
2011-01-06 00:00:00-05:00,10.609999656677246,11.149999618530273,10.520000457763672,11.0600004196167,1152100,0.0,0.0
2011-01-07 00:00:00-05:00,11.0600004196167,11.100000381469727,10.5600004196167,10.75,1229500,0.0,0.0
2011-01-10 00:00:00-05:00,10.630000114440918,10.75,10.430000305175781,10.720000267028809,969800,0.0,0.0
2011-01-11 00:00:00-05:00,10.779999732971191,10.9399995803833,10.489999771118164,10.5,928500,0.0,0.0
2011-01-12 00:00:00-05:00,10.609999656677246,10.6899995803833,10.34000015258789,10.399999618530273,1364600,0.0,0.0
2011-01-13 00:00:00-05:00,10.350000381469727,10.460000038146973,10.170000076293945,10.220000267028809,1239800,0.0,0.0
2011-01-14 00:00:00-05:00,10.239999771118164,10.619999885559082,10.15999984741211,10.619999885559082,1265600,0.0,0.0
2011-01-18 00:00:00-05:00,10.550000190734863,10.640000343322754,10.180000305175781,10.34000015258789,1820000,0.0,0.0
2011-01-19 00:00:00-05:00,10.34000015258789,10.449999809265137,9.770000457763672,9.789999961853027,2088100,0.0,0.0
2011-01-20 00:00:00-05:00,9.6899995803833,9.6899995803833,9.279999732971191,9.5,1934200,0.0,0.0
2011-01-21 00:00:00-05:00,9.579999923706055,9.59000015258789,9.109999656677246,9.229999542236328,1633400,0.0,0.0
2011-01-24 00:00:00-05:00,9.199999809265137,9.449999809265137,9.119999885559082,9.350000381469727,1603700,0.0,0.0
2011-01-25 00:00:00-05:00,9.350000381469727,9.380000114440918,8.829999923706055,9.039999961853027,2139100,0.0,0.0
2011-01-26 00:00:00-05:00,9.109999656677246,9.390000343322754,8.949999809265137,9.1899995803833,1739200,0.0,0.0
2011-01-27 00:00:00-05:00,9.239999771118164,9.239999771118164,8.9399995803833,8.979999542236328,1802400,0.0,0.0
2011-01-28 00:00:00-05:00,7.340000152587891,7.75,7.21999979019165,7.369999885559082,11204300,0.0,0.0
2011-01-31 00:00:00-05:00,7.5,7.510000228881836,7.130000114440918,7.340000152587891,4377700,0.0,0.0
2011-02-01 00:00:00-05:00,7.380000114440918,7.869999885559082,7.360000133514404,7.75,2288800,0.0,0.0
2011-02-02 00:00:00-05:00,7.75,7.800000190734863,7.590000152587891,7.599999904632568,1377200,0.0,0.0
2011-02-03 00:00:00-05:00,7.599999904632568,7.940000057220459,7.559999942779541,7.78000020980835,1678600,0.0,0.0
2011-02-04 00:00:00-05:00,7.929999828338623,8.479999542236328,7.860000133514404,8.449999809265137,3920600,0.0,0.0
2011-02-07 00:00:00-05:00,8.600000381469727,8.869999885559082,8.529999732971191,8.569999694824219,3622700,0.0,0.0
2011-02-08 00:00:00-05:00,8.729999542236328,8.800000190734863,8.5,8.579999923706055,1644100,0.0,0.0
2011-02-09 00:00:00-05:00,8.569999694824219,8.65999984741211,8.430000305175781,8.489999771118164,1658800,0.0,0.0
2011-02-10 00:00:00-05:00,8.420000076293945,8.699999809265137,8.300000190734863,8.579999923706055,1131900,0.0,0.0
2011-02-11 00:00:00-05:00,8.569999694824219,8.819999694824219,8.520000457763672,8.770000457763672,1119900,0.0,0.0
2011-02-14 00:00:00-05:00,8.789999961853027,8.800000190734863,8.229999542236328,8.329999923706055,2008800,0.0,0.0
2011-02-15 00:00:00-05:00,8.3100004196167,8.369999885559082,8.050000190734863,8.069999694824219,1478800,0.0,0.0
2011-02-16 00:00:00-05:00,8.09000015258789,8.289999961853027,8.050000190734863,8.180000305175781,1420600,0.0,0.0
2011-02-17 00:00:00-05:00,8.140000343322754,8.600000381469727,8.100000381469727,8.550000190734863,2711300,0.0,0.0
2011-02-18 00:00:00-05:00,8.600000381469727,8.65999984741211,8.199999809265137,8.279999732971191,1480000,0.0,0.0
2011-02-22 00:00:00-05:00,8.149999618530273,8.15999984741211,7.849999904632568,7.860000133514404,1950800,0.0,0.0
2011-02-23 00:00:00-05:00,7.860000133514404,8.0,7.510000228881836,7.690000057220459,1818500,0.0,0.0
2011-02-24 00:00:00-05:00,7.71999979019165,7.929999828338623,7.619999885559082,7.880000114440918,1149700,0.0,0.0
2011-02-25 00:00:00-05:00,7.949999809265137,8.180000305175781,7.929999828338623,8.130000114440918,1354800,0.0,0.0
2011-02-28 00:00:00-05:00,8.1899995803833,8.1899995803833,7.78000020980835,8.010000228881836,1359500,0.0,0.0
2011-03-01 00:00:00-05:00,8.0600004196167,8.0600004196167,7.639999866485596,7.71999979019165,1320400,0.0,0.0
2011-03-02 00:00:00-05:00,7.710000038146973,7.960000038146973,7.710000038146973,7.889999866485596,923200,0.0,0.0
2011-03-03 00:00:00-05:00,8.039999961853027,8.279999732971191,7.960000038146973,8.199999809265137,1776200,0.0,0.0
2011-03-04 00:00:00-05:00,8.199999809265137,8.239999771118164,8.0,8.149999618530273,969100,0.0,0.0
2011-03-07 00:00:00-05:00,8.180000305175781,8.270000457763672,7.869999885559082,7.96999979019165,1180900,0.0,0.0
2011-03-08 00:00:00-05:00,8.0,8.449999809265137,7.949999809265137,8.350000381469727,1606100,0.0,0.0
2011-03-09 00:00:00-05:00,8.069999694824219,8.25,7.900000095367432,8.149999618530273,1436600,0.0,0.0
2011-03-10 00:00:00-05:00,8.069999694824219,8.1899995803833,7.78000020980835,7.869999885559082,2070200,0.0,0.0
2011-03-11 00:00:00-05:00,7.840000152587891,7.880000114440918,7.619999885559082,7.829999923706055,1370100,0.0,0.0
2011-03-14 00:00:00-04:00,7.730000019073486,8.029999732971191,7.619999885559082,7.96999979019165,1023000,0.0,0.0
2011-03-15 00:00:00-04:00,7.610000133514404,7.920000076293945,7.599999904632568,7.809999942779541,1589600,0.0,0.0
2011-03-16 00:00:00-04:00,7.840000152587891,7.949999809265137,7.449999809265137,7.590000152587891,2561600,0.0,0.0
2011-03-17 00:00:00-04:00,7.769999980926514,7.789999961853027,7.539999961853027,7.550000190734863,1723600,0.0,0.0
2011-03-18 00:00:00-04:00,7.699999809265137,7.75,7.550000190734863,7.599999904632568,1854200,0.0,0.0
2011-03-21 00:00:00-04:00,7.690000057220459,7.739999771118164,7.599999904632568,7.670000076293945,1005500,0.0,0.0
2011-03-22 00:00:00-04:00,7.650000095367432,8.180000305175781,7.559999942779541,8.0,2411000,0.0,0.0
2011-03-23 00:00:00-04:00,8.100000381469727,8.239999771118164,7.940000057220459,8.119999885559082,1941100,0.0,0.0
2011-03-24 00:00:00-04:00,8.25,8.520000457763672,8.149999618530273,8.399999618530273,1952200,0.0,0.0
2011-03-25 00:00:00-04:00,8.470000267028809,8.579999923706055,8.239999771118164,8.359999656677246,901900,0.0,0.0
2011-03-28 00:00:00-04:00,8.399999618530273,8.420000076293945,8.25,8.3100004196167,543700,0.0,0.0
2011-03-29 00:00:00-04:00,8.300000190734863,8.420000076293945,8.229999542236328,8.279999732971191,562300,0.0,0.0
2011-03-30 00:00:00-04:00,8.369999885559082,8.399999618530273,8.170000076293945,8.34000015258789,971100,0.0,0.0
2011-03-31 00:00:00-04:00,8.270000457763672,8.470000267028809,8.270000457763672,8.390000343322754,816600,0.0,0.0
2011-04-01 00:00:00-04:00,8.520000457763672,8.550000190734863,8.220000267028809,8.270000457763672,565400,0.0,0.0
2011-04-04 00:00:00-04:00,8.300000190734863,8.3100004196167,7.960000038146973,8.039999961853027,1046200,0.0,0.0
2011-04-05 00:00:00-04:00,8.050000190734863,8.390000343322754,8.0,8.329999923706055,995400,0.0,0.0
2011-04-06 00:00:00-04:00,8.40999984741211,8.600000381469727,8.25,8.569999694824219,1191000,0.0,0.0
2011-04-07 00:00:00-04:00,8.579999923706055,8.75,8.539999961853027,8.59000015258789,873100,0.0,0.0
2011-04-08 00:00:00-04:00,8.65999984741211,8.729999542236328,8.579999923706055,8.699999809265137,1134200,0.0,0.0
2011-04-11 00:00:00-04:00,8.699999809265137,8.739999771118164,8.130000114440918,8.130000114440918,1976700,0.0,0.0
2011-04-12 00:00:00-04:00,8.100000381469727,8.130000114440918,7.800000190734863,7.820000171661377,1307500,0.0,0.0
2011-04-13 00:00:00-04:00,7.920000076293945,8.029999732971191,7.829999923706055,7.889999866485596,1394800,0.0,0.0
2011-04-14 00:00:00-04:00,7.820000171661377,8.029999732971191,7.820000171661377,8.010000228881836,555500,0.0,0.0
2011-04-15 00:00:00-04:00,7.980000019073486,8.050000190734863,7.889999866485596,8.010000228881836,701800,0.0,0.0
2011-04-18 00:00:00-04:00,7.880000114440918,8.020000457763672,7.820000171661377,8.0,2604100,0.0,0.0
2011-04-19 00:00:00-04:00,8.039999961853027,8.09000015258789,7.809999942779541,7.820000171661377,811600,0.0,0.0
2011-04-20 00:00:00-04:00,7.989999771118164,8.130000114440918,7.900000095367432,8.050000190734863,1291300,0.0,0.0
2011-04-21 00:00:00-04:00,8.210000038146973,8.229999542236328,8.010000228881836,8.100000381469727,876600,0.0,0.0
2011-04-25 00:00:00-04:00,8.079999923706055,8.289999961853027,8.039999961853027,8.279999732971191,693900,0.0,0.0
2011-04-26 00:00:00-04:00,8.289999961853027,8.390000343322754,8.180000305175781,8.380000114440918,1202100,0.0,0.0
2011-04-27 00:00:00-04:00,8.399999618530273,8.449999809265137,8.050000190734863,8.1899995803833,1125900,0.0,0.0
2011-04-28 00:00:00-04:00,8.109999656677246,8.199999809265137,7.909999847412109,8.0,1300000,0.0,0.0
2011-04-29 00:00:00-04:00,7.599999904632568,8.25,7.449999809265137,7.820000171661377,3041500,0.0,0.0
2011-05-02 00:00:00-04:00,7.820000171661377,7.889999866485596,7.5,7.53000020980835,1615000,0.0,0.0
2011-05-03 00:00:00-04:00,7.5,7.639999866485596,7.349999904632568,7.449999809265137,1551100,0.0,0.0
2011-05-04 00:00:00-04:00,7.440000057220459,7.570000171661377,7.320000171661377,7.519999980926514,1925500,0.0,0.0
2011-05-05 00:00:00-04:00,7.46999979019165,7.739999771118164,7.46999979019165,7.599999904632568,1764800,0.0,0.0
2011-05-06 00:00:00-04:00,7.75,7.789999961853027,7.349999904632568,7.510000228881836,1240900,0.0,0.0
2011-05-09 00:00:00-04:00,7.510000228881836,7.670000076293945,7.460000038146973,7.599999904632568,546200,0.0,0.0
2011-05-10 00:00:00-04:00,7.630000114440918,7.860000133514404,7.610000133514404,7.800000190734863,1081900,0.0,0.0
2011-05-11 00:00:00-04:00,7.78000020980835,7.78000020980835,7.489999771118164,7.550000190734863,996500,0.0,0.0
2011-05-12 00:00:00-04:00,7.46999979019165,7.659999847412109,7.369999885559082,7.619999885559082,805000,0.0,0.0
2011-05-13 00:00:00-04:00,7.579999923706055,7.690000057220459,7.5,7.570000171661377,871100,0.0,0.0
2011-05-16 00:00:00-04:00,7.53000020980835,7.590000152587891,7.389999866485596,7.389999866485596,959600,0.0,0.0
2011-05-17 00:00:00-04:00,7.340000152587891,7.389999866485596,7.050000190734863,7.110000133514404,1519600,0.0,0.0
2011-05-18 00:00:00-04:00,7.110000133514404,7.25,7.019999980926514,7.25,820000,0.0,0.0
2011-05-19 00:00:00-04:00,7.309999942779541,7.349999904632568,7.199999809265137,7.25,1199700,0.0,0.0
2011-05-20 00:00:00-04:00,7.210000038146973,7.28000020980835,7.079999923706055,7.190000057220459,1135700,0.0,0.0
2011-05-23 00:00:00-04:00,7.099999904632568,7.150000095367432,6.849999904632568,6.989999771118164,1292100,0.0,0.0
2011-05-24 00:00:00-04:00,7.0,7.019999980926514,6.840000152587891,6.849999904632568,722700,0.0,0.0
2011-05-25 00:00:00-04:00,6.880000114440918,6.989999771118164,6.820000171661377,6.929999828338623,667100,0.0,0.0
2011-05-26 00:00:00-04:00,6.920000076293945,7.0,6.900000095367432,6.940000057220459,626300,0.0,0.0
2011-05-27 00:00:00-04:00,6.980000019073486,7.130000114440918,6.929999828338623,7.010000228881836,946400,0.0,0.0
2011-05-31 00:00:00-04:00,7.070000171661377,7.179999828338623,6.880000114440918,7.099999904632568,1171800,0.0,0.0
2011-06-01 00:00:00-04:00,7.079999923706055,7.130000114440918,6.800000190734863,6.800000190734863,813100,0.0,0.0
2011-06-02 00:00:00-04:00,6.800000190734863,6.920000076293945,6.789999961853027,6.840000152587891,511100,0.0,0.0
2011-06-03 00:00:00-04:00,6.75,6.769999980926514,6.610000133514404,6.619999885559082,689300,0.0,0.0
2011-06-06 00:00:00-04:00,6.650000095367432,6.739999771118164,6.53000020980835,6.550000190734863,756400,0.0,0.0
2011-06-07 00:00:00-04:00,6.579999923706055,6.639999866485596,6.46999979019165,6.510000228881836,506200,0.0,0.0
2011-06-08 00:00:00-04:00,6.449999809265137,6.519999980926514,6.179999828338623,6.210000038146973,1224700,0.0,0.0
2011-06-09 00:00:00-04:00,6.25,6.400000095367432,6.150000095367432,6.309999942779541,903800,0.0,0.0
2011-06-10 00:00:00-04:00,6.289999961853027,6.309999942779541,6.099999904632568,6.119999885559082,762100,0.0,0.0
2011-06-13 00:00:00-04:00,6.139999866485596,6.239999771118164,6.119999885559082,6.130000114440918,728200,0.0,0.0
2011-06-14 00:00:00-04:00,6.21999979019165,6.309999942779541,6.150000095367432,6.300000190734863,517700,0.0,0.0
2011-06-15 00:00:00-04:00,6.210000038146973,6.260000228881836,6.050000190734863,6.070000171661377,663600,0.0,0.0
2011-06-16 00:00:00-04:00,6.059999942779541,6.170000076293945,5.929999828338623,6.050000190734863,843200,0.0,0.0
2011-06-17 00:00:00-04:00,6.119999885559082,6.119999885559082,5.909999847412109,6.019999980926514,1357400,0.0,0.0
2011-06-20 00:00:00-04:00,6.019999980926514,6.139999866485596,6.0,6.050000190734863,603800,0.0,0.0
2011-06-21 00:00:00-04:00,6.119999885559082,6.5,6.119999885559082,6.460000038146973,1224900,0.0,0.0
2011-06-22 00:00:00-04:00,6.420000076293945,6.559999942779541,6.360000133514404,6.380000114440918,668700,0.0,0.0
2011-06-23 00:00:00-04:00,6.289999961853027,6.590000152587891,6.230000019073486,6.579999923706055,1007500,0.0,0.0
2011-06-24 00:00:00-04:00,6.579999923706055,6.699999809265137,6.5,6.579999923706055,3897300,0.0,0.0
2011-06-27 00:00:00-04:00,6.610000133514404,6.849999904632568,6.579999923706055,6.840000152587891,842400,0.0,0.0
2011-06-28 00:00:00-04:00,6.849999904632568,6.860000133514404,6.619999885559082,6.710000038146973,701000,0.0,0.0
2011-06-29 00:00:00-04:00,6.699999809265137,6.840000152587891,6.599999904632568,6.800000190734863,675500,0.0,0.0
2011-06-30 00:00:00-04:00,6.809999942779541,6.949999809265137,6.800000190734863,6.909999847412109,548600,0.0,0.0
2011-07-01 00:00:00-04:00,6.949999809265137,7.090000152587891,6.869999885559082,7.010000228881836,828500,0.0,0.0
2011-07-05 00:00:00-04:00,7.019999980926514,7.039999961853027,6.849999904632568,7.03000020980835,884300,0.0,0.0
2011-07-06 00:00:00-04:00,7.03000020980835,7.239999771118164,7.019999980926514,7.239999771118164,1221800,0.0,0.0
2011-07-07 00:00:00-04:00,7.309999942779541,7.599999904632568,7.260000228881836,7.599999904632568,1705800,0.0,0.0
2011-07-08 00:00:00-04:00,7.46999979019165,7.489999771118164,7.239999771118164,7.28000020980835,1173500,0.0,0.0
2011-07-11 00:00:00-04:00,7.159999847412109,7.269999980926514,6.960000038146973,7.019999980926514,1040300,0.0,0.0
2011-07-12 00:00:00-04:00,6.980000019073486,6.989999771118164,6.739999771118164,6.739999771118164,1137700,0.0,0.0
2011-07-13 00:00:00-04:00,6.820000171661377,6.869999885559082,6.659999847412109,6.730000019073486,1138800,0.0,0.0
2011-07-14 00:00:00-04:00,6.739999771118164,6.78000020980835,6.489999771118164,6.5,766700,0.0,0.0
2011-07-15 00:00:00-04:00,6.5,6.559999942779541,6.440000057220459,6.510000228881836,710100,0.0,0.0
2011-07-18 00:00:00-04:00,6.480000019073486,6.480000019073486,6.139999866485596,6.199999809265137,830000,0.0,0.0
2011-07-19 00:00:00-04:00,6.150000095367432,6.710000038146973,6.139999866485596,6.570000171661377,1952300,0.0,0.0
2011-07-20 00:00:00-04:00,7.050000190734863,7.139999866485596,6.75,7.090000152587891,3329700,0.0,0.0
2011-07-21 00:00:00-04:00,7.079999923706055,7.300000190734863,7.010000228881836,7.25,1444000,0.0,0.0
2011-07-22 00:00:00-04:00,7.239999771118164,7.329999923706055,7.119999885559082,7.230000019073486,752100,0.0,0.0
2011-07-25 00:00:00-04:00,7.070000171661377,7.130000114440918,7.0,7.010000228881836,658400,0.0,0.0
2011-07-26 00:00:00-04:00,6.989999771118164,7.119999885559082,6.980000019073486,7.050000190734863,518800,0.0,0.0
2011-07-27 00:00:00-04:00,6.940000057220459,7.019999980926514,6.539999961853027,6.579999923706055,1796100,0.0,0.0
2011-07-28 00:00:00-04:00,6.550000190734863,6.739999771118164,6.5,6.53000020980835,954800,0.0,0.0
2011-07-29 00:00:00-04:00,6.460000038146973,6.659999847412109,6.25,6.429999828338623,1206800,0.0,0.0
2011-08-01 00:00:00-04:00,6.909999847412109,7.179999828338623,6.760000228881836,7.090000152587891,2675400,0.0,0.0
2011-08-02 00:00:00-04:00,7.0,7.449999809265137,7.0,7.090000152587891,2319600,0.0,0.0
2011-08-03 00:00:00-04:00,7.070000171661377,7.25,6.800000190734863,7.199999809265137,1385300,0.0,0.0
2011-08-04 00:00:00-04:00,7.099999904632568,7.099999904632568,6.630000114440918,6.630000114440918,1661300,0.0,0.0
2011-08-05 00:00:00-04:00,6.71999979019165,6.929999828338623,6.28000020980835,6.71999979019165,2397600,0.0,0.0
2011-08-08 00:00:00-04:00,6.309999942779541,6.599999904632568,6.110000133514404,6.150000095367432,3406200,0.0,0.0
2011-08-09 00:00:00-04:00,6.300000190734863,6.519999980926514,6.0,6.510000228881836,2385000,0.0,0.0
2011-08-10 00:00:00-04:00,6.840000152587891,6.860000133514404,6.139999866485596,6.159999847412109,2085600,0.0,0.0
2011-08-11 00:00:00-04:00,6.25,6.900000095367432,6.21999979019165,6.789999961853027,1912800,0.0,0.0
2011-08-12 00:00:00-04:00,6.860000133514404,6.940000057220459,6.599999904632568,6.869999885559082,1041400,0.0,0.0
2011-08-15 00:00:00-04:00,6.920000076293945,7.150000095367432,6.820000171661377,7.139999866485596,921300,0.0,0.0
2011-08-16 00:00:00-04:00,6.980000019073486,7.050000190734863,6.619999885559082,6.829999923706055,1310500,0.0,0.0
2011-08-17 00:00:00-04:00,6.849999904632568,6.920000076293945,6.619999885559082,6.789999961853027,968700,0.0,0.0
2011-08-18 00:00:00-04:00,6.5,6.550000190734863,6.230000019073486,6.46999979019165,2254700,0.0,0.0
2011-08-19 00:00:00-04:00,6.420000076293945,7.0,6.329999923706055,6.599999904632568,2033300,0.0,0.0
2011-08-22 00:00:00-04:00,6.889999866485596,6.900000095367432,6.619999885559082,6.849999904632568,1839600,0.0,0.0
2011-08-23 00:00:00-04:00,6.869999885559082,7.090000152587891,6.739999771118164,7.079999923706055,1258800,0.0,0.0
2011-08-24 00:00:00-04:00,7.050000190734863,7.380000114440918,7.0,7.349999904632568,1509400,0.0,0.0
2011-08-25 00:00:00-04:00,7.300000190734863,7.440000057220459,6.96999979019165,7.059999942779541,1336500,0.0,0.0
2011-08-26 00:00:00-04:00,7.010000228881836,7.309999942779541,6.909999847412109,7.289999961853027,911700,0.0,0.0
2011-08-29 00:00:00-04:00,7.289999961853027,7.710000038146973,7.269999980926514,7.699999809265137,1427800,0.0,0.0
2011-08-30 00:00:00-04:00,7.599999904632568,7.820000171661377,7.5,7.690000057220459,1034500,0.0,0.0
2011-08-31 00:00:00-04:00,7.75,7.849999904632568,7.389999866485596,7.519999980926514,1145400,0.0,0.0
2011-09-01 00:00:00-04:00,7.550000190734863,7.699999809265137,7.199999809265137,7.210000038146973,1054500,0.0,0.0
2011-09-02 00:00:00-04:00,7.090000152587891,7.239999771118164,6.900000095367432,6.989999771118164,1186700,0.0,0.0
2011-09-06 00:00:00-04:00,6.730000019073486,7.039999961853027,6.650000095367432,7.019999980926514,1033500,0.0,0.0
2011-09-07 00:00:00-04:00,7.190000057220459,7.659999847412109,7.179999828338623,7.619999885559082,1391600,0.0,0.0
2011-09-08 00:00:00-04:00,7.550000190734863,7.769999980926514,7.460000038146973,7.550000190734863,1034600,0.0,0.0
2011-09-09 00:00:00-04:00,7.510000228881836,7.630000114440918,7.090000152587891,7.21999979019165,1088800,0.0,0.0
2011-09-12 00:00:00-04:00,7.059999942779541,7.690000057220459,7.03000020980835,7.690000057220459,1675800,0.0,0.0
2011-09-13 00:00:00-04:00,7.699999809265137,8.100000381469727,7.650000095367432,8.050000190734863,2200300,0.0,0.0
2011-09-14 00:00:00-04:00,8.09000015258789,8.449999809265137,7.920000076293945,8.289999961853027,2305300,0.0,0.0
2011-09-15 00:00:00-04:00,8.390000343322754,8.970000267028809,8.069999694824219,8.600000381469727,5049500,0.0,0.0
2011-09-16 00:00:00-04:00,8.6899995803833,8.699999809265137,8.079999923706055,8.279999732971191,2833200,0.0,0.0
2011-09-19 00:00:00-04:00,8.15999984741211,8.210000038146973,7.900000095367432,8.039999961853027,1531400,0.0,0.0
2011-09-20 00:00:00-04:00,8.130000114440918,8.420000076293945,8.100000381469727,8.199999809265137,1837300,0.0,0.0
2011-09-21 00:00:00-04:00,8.180000305175781,8.279999732971191,7.820000171661377,7.829999923706055,1057800,0.0,0.0
2011-09-22 00:00:00-04:00,7.5,7.769999980926514,7.420000076293945,7.619999885559082,1685000,0.0,0.0
2011-09-23 00:00:00-04:00,7.619999885559082,7.900000095367432,7.539999961853027,7.869999885559082,926000,0.0,0.0
2011-09-26 00:00:00-04:00,7.929999828338623,8.0,7.590000152587891,7.949999809265137,1113300,0.0,0.0
2011-09-27 00:00:00-04:00,8.100000381469727,8.609999656677246,8.050000190734863,8.40999984741211,2335700,0.0,0.0
2011-09-28 00:00:00-04:00,8.40999984741211,8.529999732971191,7.920000076293945,7.940000057220459,1263400,0.0,0.0
2011-09-29 00:00:00-04:00,8.199999809265137,8.229999542236328,7.610000133514404,8.0,1276200,0.0,0.0
2011-09-30 00:00:00-04:00,7.789999961853027,8.010000228881836,7.710000038146973,7.71999979019165,911100,0.0,0.0
2011-10-03 00:00:00-04:00,7.579999923706055,7.769999980926514,7.119999885559082,7.179999828338623,1976700,0.0,0.0
2011-10-04 00:00:00-04:00,7.070000171661377,7.570000171661377,7.03000020980835,7.53000020980835,2218900,0.0,0.0
2011-10-05 00:00:00-04:00,7.579999923706055,7.929999828338623,7.409999847412109,7.789999961853027,1341700,0.0,0.0
2011-10-06 00:00:00-04:00,7.78000020980835,8.170000076293945,7.75,8.100000381469727,1406200,0.0,0.0
2011-10-07 00:00:00-04:00,8.140000343322754,8.239999771118164,7.849999904632568,7.889999866485596,1116500,0.0,0.0
2011-10-10 00:00:00-04:00,8.130000114440918,8.300000190734863,8.029999732971191,8.270000457763672,1108500,0.0,0.0
2011-10-11 00:00:00-04:00,8.15999984741211,8.609999656677246,8.079999923706055,8.390000343322754,1656700,0.0,0.0
2011-10-12 00:00:00-04:00,8.520000457763672,8.5600004196167,8.220000267028809,8.3100004196167,1361300,0.0,0.0
2011-10-13 00:00:00-04:00,8.220000267028809,8.279999732971191,8.029999732971191,8.180000305175781,1249800,0.0,0.0
2011-10-14 00:00:00-04:00,8.300000190734863,8.329999923706055,8.029999732971191,8.1899995803833,1067400,0.0,0.0
2011-10-17 00:00:00-04:00,8.100000381469727,8.180000305175781,7.760000228881836,7.789999961853027,1670200,0.0,0.0
2011-10-18 00:00:00-04:00,7.820000171661377,8.029999732971191,7.619999885559082,7.989999771118164,2075200,0.0,0.0
2011-10-19 00:00:00-04:00,7.920000076293945,7.929999828338623,7.110000133514404,7.119999885559082,2928100,0.0,0.0
2011-10-20 00:00:00-04:00,7.139999866485596,7.170000076293945,6.860000133514404,7.050000190734863,1357300,0.0,0.0
2011-10-21 00:00:00-04:00,7.21999979019165,7.5,6.980000019073486,7.050000190734863,1629700,0.0,0.0
2011-10-24 00:00:00-04:00,7.070000171661377,7.449999809265137,7.070000171661377,7.360000133514404,1392200,0.0,0.0
2011-10-25 00:00:00-04:00,7.320000171661377,7.400000095367432,7.0,7.010000228881836,1477900,0.0,0.0
2011-10-26 00:00:00-04:00,7.019999980926514,7.159999847412109,6.869999885559082,7.079999923706055,1335800,0.0,0.0
2011-10-27 00:00:00-04:00,7.090000152587891,7.579999923706055,6.949999809265137,7.5,2029600,0.0,0.0
2011-10-28 00:00:00-04:00,7.480000019073486,7.75,7.21999979019165,7.710000038146973,998700,0.0,0.0
2011-10-31 00:00:00-04:00,7.519999980926514,7.570000171661377,7.289999961853027,7.309999942779541,1461500,0.0,0.0
2011-11-01 00:00:00-04:00,7.0,7.179999828338623,6.920000076293945,7.039999961853027,1559600,0.0,0.0
2011-11-02 00:00:00-04:00,7.239999771118164,7.300000190734863,7.0,7.199999809265137,895900,0.0,0.0
2011-11-03 00:00:00-04:00,7.360000133514404,7.420000076293945,7.059999942779541,7.420000076293945,1004600,0.0,0.0
2011-11-04 00:00:00-04:00,7.300000190734863,7.400000095367432,7.230000019073486,7.329999923706055,526100,0.0,0.0
2011-11-07 00:00:00-05:00,7.329999923706055,7.400000095367432,7.050000190734863,7.289999961853027,775200,0.0,0.0
2011-11-08 00:00:00-05:00,7.369999885559082,7.380000114440918,7.099999904632568,7.320000171661377,877800,0.0,0.0
2011-11-09 00:00:00-05:00,7.110000133514404,7.260000228881836,6.940000057220459,6.96999979019165,1225000,0.0,0.0
2011-11-10 00:00:00-05:00,7.119999885559082,7.130000114440918,6.880000114440918,6.929999828338623,1092600,0.0,0.0
2011-11-11 00:00:00-05:00,7.070000171661377,7.25,7.0,7.239999771118164,882100,0.0,0.0
2011-11-14 00:00:00-05:00,7.199999809265137,7.300000190734863,7.0,7.050000190734863,896400,0.0,0.0
2011-11-15 00:00:00-05:00,7.039999961853027,7.179999828338623,6.949999809265137,7.079999923706055,1103400,0.0,0.0
2011-11-16 00:00:00-05:00,7.0,7.179999828338623,6.96999979019165,7.03000020980835,1591500,0.0,0.0
2011-11-17 00:00:00-05:00,7.039999961853027,7.159999847412109,6.96999979019165,7.039999961853027,911900,0.0,0.0
2011-11-18 00:00:00-05:00,7.090000152587891,7.139999866485596,6.929999828338623,6.960000038146973,685000,0.0,0.0
2011-11-21 00:00:00-05:00,6.820000171661377,6.829999923706055,6.550000190734863,6.570000171661377,966100,0.0,0.0
2011-11-22 00:00:00-05:00,6.550000190734863,6.619999885559082,6.380000114440918,6.420000076293945,831800,0.0,0.0
2011-11-23 00:00:00-05:00,6.349999904632568,6.369999885559082,6.210000038146973,6.239999771118164,857400,0.0,0.0
2011-11-25 00:00:00-05:00,6.199999809265137,6.260000228881836,6.070000171661377,6.119999885559082,515000,0.0,0.0
2011-11-28 00:00:00-05:00,6.369999885559082,6.599999904632568,6.369999885559082,6.570000171661377,1174900,0.0,0.0
2011-11-29 00:00:00-05:00,6.579999923706055,6.579999923706055,6.409999847412109,6.460000038146973,551100,0.0,0.0
2011-11-30 00:00:00-05:00,6.670000076293945,6.900000095367432,6.630000114440918,6.900000095367432,1180700,0.0,0.0
2011-12-01 00:00:00-05:00,6.849999904632568,6.949999809265137,6.730000019073486,6.739999771118164,639800,0.0,0.0
2011-12-02 00:00:00-05:00,6.889999866485596,7.070000171661377,6.760000228881836,6.96999979019165,599100,0.0,0.0
2011-12-05 00:00:00-05:00,7.079999923706055,7.190000057220459,6.949999809265137,7.150000095367432,1213400,0.0,0.0
2011-12-06 00:00:00-05:00,7.150000095367432,7.150000095367432,6.900000095367432,7.010000228881836,618800,0.0,0.0
2011-12-07 00:00:00-05:00,6.920000076293945,6.949999809265137,6.769999980926514,6.840000152587891,618100,0.0,0.0
2011-12-08 00:00:00-05:00,6.800000190734863,6.880000114440918,6.590000152587891,6.610000133514404,582500,0.0,0.0
2011-12-09 00:00:00-05:00,6.619999885559082,6.909999847412109,6.619999885559082,6.849999904632568,594200,0.0,0.0
2011-12-12 00:00:00-05:00,6.730000019073486,6.889999866485596,6.5,6.630000114440918,563200,0.0,0.0
2011-12-13 00:00:00-05:00,6.71999979019165,6.900000095367432,6.449999809265137,6.539999961853027,611700,0.0,0.0
2011-12-14 00:00:00-05:00,6.5,6.570000171661377,6.239999771118164,6.28000020980835,775500,0.0,0.0
2011-12-15 00:00:00-05:00,6.380000114440918,6.409999847412109,6.230000019073486,6.380000114440918,632300,0.0,0.0
2011-12-16 00:00:00-05:00,6.429999828338623,6.570000171661377,6.269999980926514,6.440000057220459,1426000,0.0,0.0
2011-12-19 00:00:00-05:00,6.5,6.5,6.190000057220459,6.21999979019165,607800,0.0,0.0
2011-12-20 00:00:00-05:00,6.389999866485596,6.460000038146973,6.309999942779541,6.400000095367432,912500,0.0,0.0
2011-12-21 00:00:00-05:00,6.400000095367432,6.400000095367432,6.150000095367432,6.199999809265137,1058000,0.0,0.0
2011-12-22 00:00:00-05:00,6.199999809265137,6.400000095367432,6.159999847412109,6.369999885559082,824600,0.0,0.0
2011-12-23 00:00:00-05:00,6.389999866485596,6.400000095367432,6.28000020980835,6.340000152587891,359200,0.0,0.0
2011-12-27 00:00:00-05:00,6.289999961853027,6.449999809265137,6.269999980926514,6.360000133514404,369800,0.0,0.0
2011-12-28 00:00:00-05:00,6.329999923706055,6.340000152587891,6.139999866485596,6.150000095367432,585100,0.0,0.0
2011-12-29 00:00:00-05:00,6.179999828338623,6.25,6.119999885559082,6.139999866485596,887500,0.0,0.0
2011-12-30 00:00:00-05:00,6.139999866485596,6.320000171661377,6.070000171661377,6.28000020980835,1124200,0.0,0.0
2012-01-03 00:00:00-05:00,6.449999809265137,6.559999942779541,6.320000171661377,6.53000020980835,1089100,0.0,0.0
2012-01-04 00:00:00-05:00,6.460000038146973,6.53000020980835,6.260000228881836,6.440000057220459,649900,0.0,0.0
2012-01-05 00:00:00-05:00,6.389999866485596,6.449999809265137,6.260000228881836,6.409999847412109,480000,0.0,0.0
2012-01-06 00:00:00-05:00,6.389999866485596,6.599999904632568,6.349999904632568,6.550000190734863,541200,0.0,0.0
2012-01-09 00:00:00-05:00,6.570000171661377,6.980000019073486,6.510000228881836,6.900000095367432,1167700,0.0,0.0
2012-01-10 00:00:00-05:00,7.0,7.230000019073486,6.980000019073486,7.019999980926514,1365200,0.0,0.0
2012-01-11 00:00:00-05:00,7.019999980926514,7.230000019073486,7.0,7.070000171661377,1123800,0.0,0.0
2012-01-12 00:00:00-05:00,7.110000133514404,7.199999809265137,7.03000020980835,7.159999847412109,792000,0.0,0.0
2012-01-13 00:00:00-05:00,7.130000114440918,7.260000228881836,7.050000190734863,7.179999828338623,693400,0.0,0.0
2012-01-17 00:00:00-05:00,7.25,7.400000095367432,7.25,7.329999923706055,652500,0.0,0.0
2012-01-18 00:00:00-05:00,7.349999904632568,7.619999885559082,7.320000171661377,7.619999885559082,701600,0.0,0.0
2012-01-19 00:00:00-05:00,7.679999828338623,7.739999771118164,7.46999979019165,7.579999923706055,1067800,0.0,0.0
2012-01-20 00:00:00-05:00,7.550000190734863,7.630000114440918,7.510000228881836,7.550000190734863,963200,0.0,0.0
2012-01-23 00:00:00-05:00,7.539999961853027,7.579999923706055,7.349999904632568,7.389999866485596,742400,0.0,0.0
2012-01-24 00:00:00-05:00,7.360000133514404,7.409999847412109,7.21999979019165,7.389999866485596,1044600,0.0,0.0
2012-01-25 00:00:00-05:00,7.420000076293945,7.440000057220459,7.329999923706055,7.400000095367432,1389600,0.0,0.0
2012-01-26 00:00:00-05:00,7.460000038146973,7.489999771118164,7.320000171661377,7.389999866485596,648000,0.0,0.0
2012-01-27 00:00:00-05:00,7.340000152587891,7.5,7.320000171661377,7.409999847412109,842200,0.0,0.0
2012-01-30 00:00:00-05:00,7.260000228881836,7.389999866485596,7.230000019073486,7.269999980926514,681700,0.0,0.0
2012-01-31 00:00:00-05:00,7.320000171661377,7.400000095367432,7.119999885559082,7.139999866485596,817800,0.0,0.0
2012-02-01 00:00:00-05:00,7.190000057220459,7.28000020980835,6.949999809265137,6.949999809265137,1707800,0.0,0.0
2012-02-02 00:00:00-05:00,6.960000038146973,7.340000152587891,6.869999885559082,7.309999942779541,1141000,0.0,0.0
2012-02-03 00:00:00-05:00,8.239999771118164,8.899999618530273,8.130000114440918,8.380000114440918,5149000,0.0,0.0
2012-02-06 00:00:00-05:00,8.239999771118164,8.25,7.829999923706055,8.0,2042500,0.0,0.0
2012-02-07 00:00:00-05:00,7.909999847412109,8.180000305175781,7.900000095367432,8.09000015258789,1132500,0.0,0.0
2012-02-08 00:00:00-05:00,8.09000015258789,8.100000381469727,7.920000076293945,8.0600004196167,864500,0.0,0.0
2012-02-09 00:00:00-05:00,8.0600004196167,8.100000381469727,7.909999847412109,7.960000038146973,506100,0.0,0.0
2012-02-10 00:00:00-05:00,7.889999866485596,7.940000057220459,7.800000190734863,7.849999904632568,550100,0.0,0.0
2012-02-13 00:00:00-05:00,7.900000095367432,7.980000019073486,7.860000133514404,7.960000038146973,613600,0.0,0.0
2012-02-14 00:00:00-05:00,7.900000095367432,7.940000057220459,7.760000228881836,7.869999885559082,697900,0.0,0.0
2012-02-15 00:00:00-05:00,7.949999809265137,8.529999732971191,7.869999885559082,8.489999771118164,2629900,0.0,0.0
2012-02-16 00:00:00-05:00,8.1899995803833,8.5600004196167,8.170000076293945,8.520000457763672,1632300,0.0,0.0
2012-02-17 00:00:00-05:00,8.489999771118164,8.5600004196167,8.270000457763672,8.369999885559082,930100,0.0,0.0
2012-02-21 00:00:00-05:00,8.369999885559082,8.600000381469727,8.329999923706055,8.390000343322754,1086900,0.0,0.0
2012-02-22 00:00:00-05:00,8.359999656677246,8.380000114440918,8.029999732971191,8.0600004196167,611700,0.0,0.0
2012-02-23 00:00:00-05:00,8.050000190734863,8.199999809265137,7.949999809265137,8.170000076293945,640700,0.0,0.0
2012-02-24 00:00:00-05:00,8.1899995803833,8.289999961853027,8.069999694824219,8.180000305175781,581900,0.0,0.0
2012-02-27 00:00:00-05:00,8.09000015258789,8.319999694824219,7.980000019073486,8.270000457763672,900700,0.0,0.0
2012-02-28 00:00:00-05:00,8.239999771118164,8.239999771118164,8.029999732971191,8.029999732971191,957700,0.0,0.0
2012-02-29 00:00:00-05:00,8.050000190734863,8.260000228881836,7.960000038146973,7.960000038146973,1199600,0.0,0.0
2012-03-01 00:00:00-05:00,7.980000019073486,8.09000015258789,7.840000152587891,7.869999885559082,1119400,0.0,0.0
2012-03-02 00:00:00-05:00,7.880000114440918,8.050000190734863,7.730000019073486,7.75,639500,0.0,0.0
2012-03-05 00:00:00-05:00,7.739999771118164,7.840000152587891,7.650000095367432,7.679999828338623,495300,0.0,0.0
2012-03-06 00:00:00-05:00,7.599999904632568,7.650000095367432,7.440000057220459,7.480000019073486,662700,0.0,0.0
2012-03-07 00:00:00-05:00,7.480000019073486,7.699999809265137,7.480000019073486,7.659999847412109,573100,0.0,0.0
2012-03-08 00:00:00-05:00,7.739999771118164,7.989999771118164,7.650000095367432,7.909999847412109,618700,0.0,0.0
2012-03-09 00:00:00-05:00,7.909999847412109,7.949999809265137,7.800000190734863,7.909999847412109,435600,0.0,0.0
2012-03-12 00:00:00-04:00,7.900000095367432,7.900000095367432,7.5,7.519999980926514,676000,0.0,0.0
2012-03-13 00:00:00-04:00,7.599999904632568,7.820000171661377,7.53000020980835,7.820000171661377,1006000,0.0,0.0
2012-03-14 00:00:00-04:00,7.809999942779541,8.069999694824219,7.659999847412109,7.739999771118164,754500,0.0,0.0
2012-03-15 00:00:00-04:00,7.739999771118164,7.900000095367432,7.670000076293945,7.860000133514404,526800,0.0,0.0
2012-03-16 00:00:00-04:00,7.889999866485596,7.960000038146973,7.650000095367432,7.690000057220459,784700,0.0,0.0
2012-03-19 00:00:00-04:00,7.679999828338623,7.940000057220459,7.599999904632568,7.840000152587891,680100,0.0,0.0
2012-03-20 00:00:00-04:00,7.75,7.820000171661377,7.570000171661377,7.710000038146973,605200,0.0,0.0
2012-03-21 00:00:00-04:00,7.75,7.840000152587891,7.650000095367432,7.829999923706055,662500,0.0,0.0
2012-03-22 00:00:00-04:00,7.730000019073486,7.820000171661377,7.650000095367432,7.739999771118164,493300,0.0,0.0
2012-03-23 00:00:00-04:00,7.75,7.75,7.610000133514404,7.630000114440918,631100,0.0,0.0
2012-03-26 00:00:00-04:00,7.710000038146973,8.039999961853027,7.679999828338623,8.039999961853027,974200,0.0,0.0
2012-03-27 00:00:00-04:00,8.020000457763672,8.319999694824219,8.020000457763672,8.15999984741211,967700,0.0,0.0
2012-03-28 00:00:00-04:00,8.180000305175781,8.229999542236328,8.029999732971191,8.199999809265137,655500,0.0,0.0
2012-03-29 00:00:00-04:00,8.109999656677246,8.170000076293945,7.96999979019165,8.119999885559082,457600,0.0,0.0
2012-03-30 00:00:00-04:00,8.210000038146973,8.300000190734863,8.119999885559082,8.119999885559082,555900,0.0,0.0
2012-04-02 00:00:00-04:00,8.050000190734863,8.149999618530273,7.769999980926514,7.789999961853027,1204200,0.0,0.0
2012-04-03 00:00:00-04:00,7.739999771118164,7.78000020980835,7.480000019073486,7.510000228881836,1083800,0.0,0.0
2012-04-04 00:00:00-04:00,7.460000038146973,7.460000038146973,7.150000095367432,7.289999961853027,907700,0.0,0.0
2012-04-05 00:00:00-04:00,7.230000019073486,7.590000152587891,7.159999847412109,7.53000020980835,965100,0.0,0.0
2012-04-09 00:00:00-04:00,7.349999904632568,7.349999904632568,7.150000095367432,7.170000076293945,680300,0.0,0.0
2012-04-10 00:00:00-04:00,7.380000114440918,7.519999980926514,7.170000076293945,7.179999828338623,1171700,0.0,0.0
2012-04-11 00:00:00-04:00,7.289999961853027,7.510000228881836,7.289999961853027,7.489999771118164,703200,0.0,0.0
2012-04-12 00:00:00-04:00,7.53000020980835,7.800000190734863,7.510000228881836,7.78000020980835,702700,0.0,0.0
2012-04-13 00:00:00-04:00,7.769999980926514,7.769999980926514,7.409999847412109,7.489999771118164,653000,0.0,0.0
2012-04-16 00:00:00-04:00,7.510000228881836,7.679999828338623,7.329999923706055,7.550000190734863,687100,0.0,0.0
2012-04-17 00:00:00-04:00,7.630000114440918,7.800000190734863,7.570000171661377,7.679999828338623,572800,0.0,0.0
2012-04-18 00:00:00-04:00,7.619999885559082,7.710000038146973,7.579999923706055,7.679999828338623,670700,0.0,0.0
2012-04-19 00:00:00-04:00,7.639999866485596,7.929999828338623,7.599999904632568,7.630000114440918,876300,0.0,0.0
2012-04-20 00:00:00-04:00,7.78000020980835,8.140000343322754,7.699999809265137,7.889999866485596,1416000,0.0,0.0
2012-04-23 00:00:00-04:00,7.71999979019165,8.0,7.429999828338623,7.489999771118164,1265900,0.0,0.0
2012-04-24 00:00:00-04:00,7.510000228881836,7.550000190734863,7.369999885559082,7.53000020980835,634900,0.0,0.0
2012-04-25 00:00:00-04:00,7.670000076293945,8.09000015258789,7.650000095367432,8.0600004196167,1514800,0.0,0.0
2012-04-26 00:00:00-04:00,7.5,8.039999961853027,7.25,7.559999942779541,2931500,0.0,0.0
2012-04-27 00:00:00-04:00,7.539999961853027,7.539999961853027,7.25,7.400000095367432,921800,0.0,0.0
2012-04-30 00:00:00-04:00,7.420000076293945,7.420000076293945,7.099999904632568,7.159999847412109,979200,0.0,0.0
2012-05-01 00:00:00-04:00,7.139999866485596,7.329999923706055,7.03000020980835,7.070000171661377,795500,0.0,0.0
2012-05-02 00:00:00-04:00,7.039999961853027,7.039999961853027,6.849999904632568,6.960000038146973,964800,0.0,0.0
2012-05-03 00:00:00-04:00,6.929999828338623,7.099999904632568,6.860000133514404,6.920000076293945,904800,0.0,0.0
2012-05-04 00:00:00-04:00,6.860000133514404,6.889999866485596,6.670000076293945,6.710000038146973,860400,0.0,0.0
2012-05-07 00:00:00-04:00,6.619999885559082,6.789999961853027,6.550000190734863,6.630000114440918,1215800,0.0,0.0
2012-05-08 00:00:00-04:00,6.550000190734863,6.820000171661377,6.539999961853027,6.800000190734863,820200,0.0,0.0
2012-05-09 00:00:00-04:00,6.679999828338623,6.809999942779541,6.599999904632568,6.630000114440918,900100,0.0,0.0
2012-05-10 00:00:00-04:00,6.679999828338623,6.849999904632568,6.440000057220459,6.480000019073486,845000,0.0,0.0
2012-05-11 00:00:00-04:00,6.449999809265137,6.53000020980835,6.300000190734863,6.409999847412109,780700,0.0,0.0
2012-05-14 00:00:00-04:00,6.309999942779541,6.400000095367432,6.199999809265137,6.210000038146973,907600,0.0,0.0
2012-05-15 00:00:00-04:00,6.199999809265137,6.300000190734863,6.110000133514404,6.130000114440918,933800,0.0,0.0
2012-05-16 00:00:00-04:00,6.179999828338623,6.239999771118164,6.019999980926514,6.03000020980835,999600,0.0,0.0
2012-05-17 00:00:00-04:00,6.269999980926514,6.559999942779541,6.260000228881836,6.400000095367432,1679700,0.0,0.0
2012-05-18 00:00:00-04:00,6.400000095367432,6.449999809265137,6.119999885559082,6.170000076293945,1121900,0.0,0.0
2012-05-21 00:00:00-04:00,6.179999828338623,6.420000076293945,6.03000020980835,6.389999866485596,904100,0.0,0.0
2012-05-22 00:00:00-04:00,6.400000095367432,6.539999961853027,6.21999979019165,6.300000190734863,812700,0.0,0.0
2012-05-23 00:00:00-04:00,6.210000038146973,6.53000020980835,6.110000133514404,6.460000038146973,892000,0.0,0.0
2012-05-24 00:00:00-04:00,6.46999979019165,6.489999771118164,6.21999979019165,6.340000152587891,640100,0.0,0.0
2012-05-25 00:00:00-04:00,6.309999942779541,6.460000038146973,6.21999979019165,6.420000076293945,463600,0.0,0.0
2012-05-29 00:00:00-04:00,6.489999771118164,6.699999809265137,6.480000019073486,6.619999885559082,646200,0.0,0.0
2012-05-30 00:00:00-04:00,6.53000020980835,6.550000190734863,6.329999923706055,6.380000114440918,513700,0.0,0.0
2012-05-31 00:00:00-04:00,6.369999885559082,6.539999961853027,6.210000038146973,6.409999847412109,1625800,0.0,0.0
2012-06-01 00:00:00-04:00,6.400000095367432,6.400000095367432,6.150000095367432,6.159999847412109,1187700,0.0,0.0
2012-06-04 00:00:00-04:00,6.21999979019165,6.329999923706055,6.150000095367432,6.21999979019165,558800,0.0,0.0
2012-06-05 00:00:00-04:00,6.210000038146973,6.380000114440918,6.170000076293945,6.369999885559082,654700,0.0,0.0
2012-06-06 00:00:00-04:00,6.449999809265137,6.860000133514404,6.429999828338623,6.75,757500,0.0,0.0
2012-06-07 00:00:00-04:00,6.840000152587891,6.940000057220459,6.650000095367432,6.670000076293945,566000,0.0,0.0
2012-06-08 00:00:00-04:00,6.639999866485596,6.800000190734863,6.46999979019165,6.769999980926514,375700,0.0,0.0
2012-06-11 00:00:00-04:00,6.840000152587891,6.840000152587891,6.429999828338623,6.440000057220459,509100,0.0,0.0
2012-06-12 00:00:00-04:00,6.449999809265137,6.71999979019165,6.409999847412109,6.699999809265137,477600,0.0,0.0
2012-06-13 00:00:00-04:00,6.670000076293945,6.820000171661377,6.610000133514404,6.690000057220459,746200,0.0,0.0
2012-06-14 00:00:00-04:00,6.679999828338623,6.840000152587891,6.570000171661377,6.809999942779541,379500,0.0,0.0
2012-06-15 00:00:00-04:00,6.78000020980835,7.0,6.75,6.96999979019165,733100,0.0,0.0
2012-06-18 00:00:00-04:00,6.889999866485596,6.949999809265137,6.789999961853027,6.869999885559082,466300,0.0,0.0
2012-06-19 00:00:00-04:00,6.920000076293945,7.190000057220459,6.809999942779541,7.139999866485596,675900,0.0,0.0
2012-06-20 00:00:00-04:00,7.119999885559082,7.21999979019165,7.0,7.090000152587891,438400,0.0,0.0
2012-06-21 00:00:00-04:00,7.050000190734863,7.059999942779541,6.699999809265137,6.71999979019165,530400,0.0,0.0
2012-06-22 00:00:00-04:00,6.75,6.900000095367432,6.699999809265137,6.860000133514404,3817700,0.0,0.0
2012-06-25 00:00:00-04:00,6.71999979019165,6.800000190734863,6.630000114440918,6.659999847412109,430700,0.0,0.0
2012-06-26 00:00:00-04:00,6.659999847412109,6.789999961853027,6.610000133514404,6.659999847412109,715600,0.0,0.0
2012-06-27 00:00:00-04:00,6.679999828338623,6.849999904632568,6.650000095367432,6.789999961853027,478400,0.0,0.0
2012-06-28 00:00:00-04:00,6.710000038146973,6.78000020980835,6.480000019073486,6.570000171661377,572900,0.0,0.0
2012-06-29 00:00:00-04:00,6.739999771118164,6.860000133514404,6.659999847412109,6.840000152587891,900300,0.0,0.0
2012-07-02 00:00:00-04:00,6.880000114440918,6.929999828338623,6.809999942779541,6.909999847412109,741700,0.0,0.0
2012-07-03 00:00:00-04:00,6.900000095367432,7.019999980926514,6.889999866485596,7.0,428500,0.0,0.0
2012-07-05 00:00:00-04:00,6.960000038146973,7.400000095367432,6.960000038146973,7.389999866485596,626900,0.0,0.0
2012-07-06 00:00:00-04:00,7.309999942779541,7.360000133514404,6.940000057220459,7.0,580600,0.0,0.0
2012-07-09 00:00:00-04:00,6.96999979019165,7.019999980926514,6.829999923706055,6.940000057220459,352400,0.0,0.0
2012-07-10 00:00:00-04:00,7.0,7.099999904632568,6.730000019073486,6.760000228881836,486100,0.0,0.0
2012-07-11 00:00:00-04:00,6.760000228881836,6.860000133514404,6.590000152587891,6.679999828338623,554000,0.0,0.0
2012-07-12 00:00:00-04:00,6.590000152587891,6.639999866485596,6.21999979019165,6.269999980926514,1194300,0.0,0.0
2012-07-13 00:00:00-04:00,6.269999980926514,6.400000095367432,6.179999828338623,6.199999809265137,832400,0.0,0.0
2012-07-16 00:00:00-04:00,6.179999828338623,6.289999961853027,6.099999904632568,6.25,474400,0.0,0.0
2012-07-17 00:00:00-04:00,6.300000190734863,6.360000133514404,6.119999885559082,6.210000038146973,345300,0.0,0.0
2012-07-18 00:00:00-04:00,6.210000038146973,6.449999809265137,6.210000038146973,6.440000057220459,411400,0.0,0.0
2012-07-19 00:00:00-04:00,6.579999923706055,6.590000152587891,6.369999885559082,6.429999828338623,554000,0.0,0.0
2012-07-20 00:00:00-04:00,6.360000133514404,6.429999828338623,6.260000228881836,6.260000228881836,556900,0.0,0.0
2012-07-23 00:00:00-04:00,6.099999904632568,6.190000057220459,6.079999923706055,6.090000152587891,831500,0.0,0.0
2012-07-24 00:00:00-04:00,6.269999980926514,6.449999809265137,6.159999847412109,6.440000057220459,1039400,0.0,0.0
2012-07-25 00:00:00-04:00,6.179999828338623,6.46999979019165,5.78000020980835,5.820000171661377,2900500,0.0,0.0
2012-07-26 00:00:00-04:00,6.0,6.050000190734863,5.860000133514404,5.860000133514404,959600,0.0,0.0
2012-07-27 00:00:00-04:00,5.949999809265137,6.0,5.71999979019165,5.829999923706055,1281200,0.0,0.0
2012-07-30 00:00:00-04:00,5.849999904632568,5.860000133514404,5.559999942779541,5.590000152587891,1191600,0.0,0.0
2012-07-31 00:00:00-04:00,5.590000152587891,5.670000076293945,5.5,5.519999980926514,1258300,0.0,0.0
2012-08-01 00:00:00-04:00,5.579999923706055,5.590000152587891,5.380000114440918,5.380000114440918,932700,0.0,0.0
2012-08-02 00:00:00-04:00,5.340000152587891,5.610000133514404,5.289999961853027,5.53000020980835,1018600,0.0,0.0
2012-08-03 00:00:00-04:00,5.610000133514404,5.699999809265137,5.559999942779541,5.579999923706055,611100,0.0,0.0
2012-08-06 00:00:00-04:00,5.630000114440918,5.71999979019165,5.409999847412109,5.650000095367432,1246200,0.0,0.0
2012-08-07 00:00:00-04:00,5.699999809265137,5.949999809265137,5.650000095367432,5.809999942779541,548200,0.0,0.0
2012-08-08 00:00:00-04:00,5.769999980926514,5.840000152587891,5.71999979019165,5.760000228881836,305200,0.0,0.0
2012-08-09 00:00:00-04:00,5.769999980926514,6.110000133514404,5.769999980926514,6.110000133514404,603500,0.0,0.0
2012-08-10 00:00:00-04:00,6.099999904632568,6.130000114440918,5.989999771118164,6.050000190734863,326400,0.0,0.0
2012-08-13 00:00:00-04:00,6.050000190734863,6.099999904632568,5.78000020980835,5.909999847412109,491500,0.0,0.0
2012-08-14 00:00:00-04:00,5.960000038146973,5.980000019073486,5.650000095367432,5.699999809265137,553300,0.0,0.0
2012-08-15 00:00:00-04:00,5.670000076293945,5.760000228881836,5.670000076293945,5.730000019073486,260600,0.0,0.0
2012-08-16 00:00:00-04:00,5.690000057220459,5.889999866485596,5.690000057220459,5.860000133514404,596500,0.0,0.0
2012-08-17 00:00:00-04:00,5.840000152587891,6.039999961853027,5.800000190734863,6.03000020980835,577600,0.0,0.0
2012-08-20 00:00:00-04:00,5.980000019073486,5.980000019073486,5.820000171661377,5.829999923706055,500700,0.0,0.0
2012-08-21 00:00:00-04:00,5.829999923706055,5.880000114440918,5.699999809265137,5.730000019073486,434600,0.0,0.0
2012-08-22 00:00:00-04:00,5.75,5.840000152587891,5.71999979019165,5.78000020980835,380700,0.0,0.0
2012-08-23 00:00:00-04:00,5.769999980926514,5.820000171661377,5.610000133514404,5.650000095367432,498900,0.0,0.0
2012-08-24 00:00:00-04:00,5.619999885559082,5.71999979019165,5.599999904632568,5.71999979019165,412400,0.0,0.0
2012-08-27 00:00:00-04:00,5.760000228881836,5.800000190734863,5.670000076293945,5.78000020980835,387600,0.0,0.0
2012-08-28 00:00:00-04:00,5.78000020980835,5.940000057220459,5.71999979019165,5.889999866485596,463700,0.0,0.0
2012-08-29 00:00:00-04:00,5.889999866485596,6.0,5.840000152587891,5.929999828338623,414200,0.0,0.0
2012-08-30 00:00:00-04:00,5.829999923706055,5.860000133514404,5.679999828338623,5.699999809265137,556400,0.0,0.0
2012-08-31 00:00:00-04:00,5.760000228881836,5.769999980926514,5.630000114440918,5.679999828338623,528100,0.0,0.0
2012-09-04 00:00:00-04:00,5.670000076293945,5.699999809265137,5.550000190734863,5.650000095367432,602400,0.0,0.0
2012-09-05 00:00:00-04:00,5.630000114440918,5.679999828338623,5.559999942779541,5.630000114440918,396800,0.0,0.0
2012-09-06 00:00:00-04:00,5.690000057220459,5.880000114440918,5.670000076293945,5.849999904632568,893400,0.0,0.0
2012-09-07 00:00:00-04:00,5.849999904632568,6.050000190734863,5.849999904632568,6.03000020980835,665800,0.0,0.0
2012-09-10 00:00:00-04:00,5.989999771118164,6.010000228881836,5.849999904632568,5.860000133514404,571000,0.0,0.0
2012-09-11 00:00:00-04:00,5.869999885559082,5.920000076293945,5.699999809265137,5.71999979019165,1006500,0.0,0.0
2012-09-12 00:00:00-04:00,5.75,5.880000114440918,5.75,5.789999961853027,685300,0.0,0.0
2012-09-13 00:00:00-04:00,5.78000020980835,5.900000095367432,5.760000228881836,5.880000114440918,810900,0.0,0.0
2012-09-14 00:00:00-04:00,5.900000095367432,6.179999828338623,5.900000095367432,6.150000095367432,1423600,0.0,0.0
2012-09-17 00:00:00-04:00,6.099999904632568,6.139999866485596,5.96999979019165,6.050000190734863,788100,0.0,0.0
2012-09-18 00:00:00-04:00,6.039999961853027,6.090000152587891,5.940000057220459,5.949999809265137,755300,0.0,0.0
2012-09-19 00:00:00-04:00,5.960000038146973,5.980000019073486,5.78000020980835,5.820000171661377,1116600,0.0,0.0
2012-09-20 00:00:00-04:00,5.800000190734863,5.829999923706055,5.699999809265137,5.71999979019165,778300,0.0,0.0
2012-09-21 00:00:00-04:00,5.789999961853027,5.809999942779541,5.650000095367432,5.690000057220459,1005500,0.0,0.0
2012-09-24 00:00:00-04:00,5.639999866485596,5.739999771118164,5.599999904632568,5.610000133514404,470500,0.0,0.0
2012-09-25 00:00:00-04:00,5.650000095367432,5.71999979019165,5.510000228881836,5.53000020980835,755300,0.0,0.0
2012-09-26 00:00:00-04:00,5.53000020980835,5.559999942779541,5.400000095367432,5.510000228881836,592200,0.0,0.0
2012-09-27 00:00:00-04:00,5.53000020980835,5.619999885559082,5.46999979019165,5.570000171661377,473900,0.0,0.0
2012-09-28 00:00:00-04:00,5.519999980926514,5.590000152587891,5.480000019073486,5.480000019073486,397100,0.0,0.0
2012-10-01 00:00:00-04:00,5.519999980926514,5.579999923706055,5.409999847412109,5.480000019073486,566100,0.0,0.0
2012-10-02 00:00:00-04:00,5.489999771118164,5.510000228881836,5.380000114440918,5.440000057220459,577500,0.0,0.0
2012-10-03 00:00:00-04:00,5.440000057220459,5.510000228881836,5.369999885559082,5.369999885559082,583600,0.0,0.0
2012-10-04 00:00:00-04:00,5.400000095367432,5.400000095367432,5.300000190734863,5.349999904632568,423800,0.0,0.0
2012-10-05 00:00:00-04:00,5.380000114440918,5.519999980926514,5.360000133514404,5.389999866485596,326500,0.0,0.0
2012-10-08 00:00:00-04:00,5.349999904632568,5.400000095367432,5.320000171661377,5.380000114440918,268500,0.0,0.0
2012-10-09 00:00:00-04:00,5.380000114440918,5.380000114440918,5.130000114440918,5.139999866485596,779800,0.0,0.0
2012-10-10 00:00:00-04:00,5.179999828338623,5.25,5.059999942779541,5.170000076293945,646000,0.0,0.0
2012-10-11 00:00:00-04:00,5.199999809265137,5.28000020980835,5.179999828338623,5.21999979019165,302400,0.0,0.0
2012-10-12 00:00:00-04:00,5.210000038146973,5.300000190734863,5.150000095367432,5.199999809265137,390300,0.0,0.0
2012-10-15 00:00:00-04:00,5.199999809265137,5.199999809265137,4.949999809265137,4.960000038146973,1196200,0.0,0.0
2012-10-16 00:00:00-04:00,5.0,5.099999904632568,4.929999828338623,5.079999923706055,731700,0.0,0.0
2012-10-17 00:00:00-04:00,5.079999923706055,5.179999828338623,5.039999961853027,5.079999923706055,604400,0.0,0.0
2012-10-18 00:00:00-04:00,5.099999904632568,5.199999809265137,4.949999809265137,4.949999809265137,944900,0.0,0.0
2012-10-19 00:00:00-04:00,4.920000076293945,4.96999979019165,4.75,4.829999923706055,1138000,0.0,0.0
2012-10-22 00:00:00-04:00,4.820000171661377,4.909999847412109,4.679999828338623,4.71999979019165,723000,0.0,0.0
2012-10-23 00:00:00-04:00,4.670000076293945,4.75,4.570000171661377,4.699999809265137,1469500,0.0,0.0
2012-10-24 00:00:00-04:00,4.75,4.809999942779541,4.619999885559082,4.699999809265137,1426600,0.0,0.0
2012-10-25 00:00:00-04:00,5.099999904632568,5.25,4.75,4.889999866485596,2593900,0.0,0.0
2012-10-26 00:00:00-04:00,4.909999847412109,5.0,4.849999904632568,4.880000114440918,946500,0.0,0.0
2012-10-31 00:00:00-04:00,4.900000095367432,4.960000038146973,4.900000095367432,4.920000076293945,687200,0.0,0.0
2012-11-01 00:00:00-04:00,4.949999809265137,5.139999866485596,4.929999828338623,5.059999942779541,1105600,0.0,0.0
2012-11-02 00:00:00-04:00,5.110000133514404,5.110000133514404,4.949999809265137,5.019999980926514,839000,0.0,0.0
2012-11-05 00:00:00-05:00,5.039999961853027,5.349999904632568,5.019999980926514,5.070000171661377,1102900,0.0,0.0
2012-11-06 00:00:00-05:00,5.019999980926514,5.150000095367432,5.010000228881836,5.050000190734863,633200,0.0,0.0
2012-11-07 00:00:00-05:00,4.989999771118164,5.019999980926514,4.809999942779541,4.809999942779541,813300,0.0,0.0
2012-11-08 00:00:00-05:00,4.789999961853027,4.929999828338623,4.789999961853027,4.829999923706055,817100,0.0,0.0
2012-11-09 00:00:00-05:00,4.800000190734863,4.869999885559082,4.800000190734863,4.829999923706055,544400,0.0,0.0
2012-11-12 00:00:00-05:00,4.849999904632568,4.96999979019165,4.820000171661377,4.900000095367432,385900,0.0,0.0
2012-11-13 00:00:00-05:00,4.849999904632568,4.889999866485596,4.71999979019165,4.739999771118164,622300,0.0,0.0
2012-11-14 00:00:00-05:00,4.760000228881836,4.789999961853027,4.610000133514404,4.650000095367432,467800,0.0,0.0
2012-11-15 00:00:00-05:00,4.610000133514404,4.679999828338623,4.519999980926514,4.539999961853027,626000,0.0,0.0
2012-11-16 00:00:00-05:00,4.519999980926514,4.550000190734863,4.329999923706055,4.349999904632568,1123500,0.0,0.0
2012-11-19 00:00:00-05:00,4.429999828338623,4.550000190734863,4.409999847412109,4.53000020980835,598700,0.0,0.0
2012-11-20 00:00:00-05:00,4.510000228881836,4.559999942779541,4.400000095367432,4.550000190734863,644400,0.0,0.0
2012-11-21 00:00:00-05:00,4.550000190734863,4.78000020980835,4.539999961853027,4.760000228881836,685000,0.0,0.0
2012-11-23 00:00:00-05:00,4.789999961853027,4.880000114440918,4.710000038146973,4.860000133514404,425200,0.0,0.0
2012-11-26 00:00:00-05:00,4.869999885559082,5.449999809265137,4.869999885559082,5.389999866485596,1883700,0.0,0.0
2012-11-27 00:00:00-05:00,5.400000095367432,5.489999771118164,5.269999980926514,5.269999980926514,688500,0.0,0.0
2012-11-28 00:00:00-05:00,5.239999771118164,5.460000038146973,5.119999885559082,5.409999847412109,594100,0.0,0.0
2012-11-29 00:00:00-05:00,5.480000019073486,5.610000133514404,5.429999828338623,5.559999942779541,798900,0.0,0.0
2012-11-30 00:00:00-05:00,5.510000228881836,5.639999866485596,5.5,5.579999923706055,780700,0.0,0.0
2012-12-03 00:00:00-05:00,5.610000133514404,5.650000095367432,5.480000019073486,5.610000133514404,1189500,0.0,0.0
2012-12-04 00:00:00-05:00,5.599999904632568,5.980000019073486,5.570000171661377,5.889999866485596,1909900,0.0,0.0
2012-12-05 00:00:00-05:00,5.96999979019165,5.980000019073486,5.71999979019165,5.789999961853027,927500,0.0,0.0
2012-12-06 00:00:00-05:00,5.769999980926514,5.909999847412109,5.659999847412109,5.730000019073486,1240000,0.0,0.0
2012-12-07 00:00:00-05:00,5.78000020980835,5.840000152587891,5.679999828338623,5.789999961853027,435300,0.0,0.0
2012-12-10 00:00:00-05:00,5.849999904632568,5.849999904632568,5.670000076293945,5.71999979019165,652800,0.0,0.0
2012-12-11 00:00:00-05:00,5.809999942779541,5.889999866485596,5.71999979019165,5.809999942779541,864900,0.0,0.0
2012-12-12 00:00:00-05:00,5.96999979019165,5.989999771118164,5.75,5.78000020980835,512200,0.0,0.0
2012-12-13 00:00:00-05:00,5.809999942779541,5.940000057220459,5.75,5.800000190734863,442100,0.0,0.0
2012-12-14 00:00:00-05:00,5.789999961853027,5.840000152587891,5.739999771118164,5.800000190734863,365600,0.0,0.0
2012-12-17 00:00:00-05:00,5.820000171661377,5.860000133514404,5.71999979019165,5.840000152587891,391000,0.0,0.0
2012-12-18 00:00:00-05:00,5.840000152587891,5.949999809265137,5.809999942779541,5.920000076293945,913300,0.0,0.0
2012-12-19 00:00:00-05:00,5.949999809265137,5.960000038146973,5.78000020980835,5.940000057220459,467700,0.0,0.0
2012-12-20 00:00:00-05:00,5.940000057220459,6.150000095367432,5.849999904632568,6.070000171661377,929200,0.0,0.0
2012-12-21 00:00:00-05:00,5.949999809265137,5.96999979019165,5.75,5.940000057220459,1050800,0.0,0.0
2012-12-24 00:00:00-05:00,5.929999828338623,6.0,5.880000114440918,6.0,224300,0.0,0.0
2012-12-26 00:00:00-05:00,6.0,6.110000133514404,5.840000152587891,5.929999828338623,529600,0.0,0.0
2012-12-27 00:00:00-05:00,5.949999809265137,5.949999809265137,5.659999847412109,5.829999923706055,637000,0.0,0.0
2012-12-28 00:00:00-05:00,5.760000228881836,5.949999809265137,5.690000057220459,5.800000190734863,478400,0.0,0.0
2012-12-31 00:00:00-05:00,5.769999980926514,5.829999923706055,5.659999847412109,5.809999942779541,1055200,0.0,0.0
2013-01-02 00:00:00-05:00,6.010000228881836,6.360000133514404,5.960000038146973,6.340000152587891,1859700,0.0,0.0
2013-01-03 00:00:00-05:00,6.329999923706055,6.440000057220459,6.260000228881836,6.389999866485596,894300,0.0,0.0
2013-01-04 00:00:00-05:00,6.420000076293945,6.5,6.300000190734863,6.5,697100,0.0,0.0
2013-01-07 00:00:00-05:00,6.440000057220459,6.650000095367432,6.440000057220459,6.610000133514404,1140200,0.0,0.0
2013-01-08 00:00:00-05:00,6.579999923706055,6.590000152587891,6.380000114440918,6.460000038146973,675000,0.0,0.0
2013-01-09 00:00:00-05:00,6.460000038146973,6.550000190734863,6.369999885559082,6.510000228881836,846100,0.0,0.0
2013-01-10 00:00:00-05:00,6.53000020980835,6.699999809265137,6.460000038146973,6.659999847412109,1391100,0.0,0.0
2013-01-11 00:00:00-05:00,6.639999866485596,6.639999866485596,6.480000019073486,6.489999771118164,856100,0.0,0.0
2013-01-14 00:00:00-05:00,6.46999979019165,6.650000095367432,6.380000114440918,6.53000020980835,1034900,0.0,0.0
2013-01-15 00:00:00-05:00,6.460000038146973,6.559999942779541,6.409999847412109,6.559999942779541,370600,0.0,0.0
2013-01-16 00:00:00-05:00,6.53000020980835,6.590000152587891,6.5,6.53000020980835,347800,0.0,0.0
2013-01-17 00:00:00-05:00,6.900000095367432,7.039999961853027,6.789999961853027,6.789999961853027,1087600,0.0,0.0
2013-01-18 00:00:00-05:00,6.760000228881836,6.78000020980835,6.650000095367432,6.710000038146973,472900,0.0,0.0
2013-01-22 00:00:00-05:00,6.679999828338623,6.679999828338623,6.550000190734863,6.570000171661377,596500,0.0,0.0
2013-01-23 00:00:00-05:00,6.550000190734863,6.630000114440918,6.429999828338623,6.449999809265137,670100,0.0,0.0
2013-01-24 00:00:00-05:00,6.440000057220459,6.840000152587891,6.429999828338623,6.820000171661377,1363500,0.0,0.0
2013-01-25 00:00:00-05:00,6.880000114440918,7.130000114440918,6.880000114440918,7.070000171661377,1422400,0.0,0.0
2013-01-28 00:00:00-05:00,7.059999942779541,7.119999885559082,7.0,7.070000171661377,690000,0.0,0.0
2013-01-29 00:00:00-05:00,7.079999923706055,7.079999923706055,6.929999828338623,7.0,938100,0.0,0.0
2013-01-30 00:00:00-05:00,6.96999979019165,6.989999771118164,6.610000133514404,6.630000114440918,1032700,0.0,0.0
2013-01-31 00:00:00-05:00,6.840000152587891,7.199999809265137,6.690000057220459,7.130000114440918,1648100,0.0,0.0
2013-02-01 00:00:00-05:00,7.150000095367432,7.28000020980835,7.090000152587891,7.230000019073486,1517000,0.0,0.0
2013-02-04 00:00:00-05:00,7.5,7.75,7.199999809265137,7.309999942779541,2182900,0.0,0.0
2013-02-05 00:00:00-05:00,7.320000171661377,7.559999942779541,7.25,7.510000228881836,1302400,0.0,0.0
2013-02-06 00:00:00-05:00,7.179999828338623,7.25,6.670000076293945,6.840000152587891,2705300,0.0,0.0
2013-02-07 00:00:00-05:00,6.860000133514404,7.110000133514404,6.840000152587891,7.110000133514404,970500,0.0,0.0
2013-02-08 00:00:00-05:00,7.010000228881836,7.159999847412109,6.860000133514404,6.989999771118164,1211300,0.0,0.0
2013-02-11 00:00:00-05:00,6.989999771118164,7.0,6.769999980926514,6.789999961853027,1045200,0.0,0.0
2013-02-12 00:00:00-05:00,6.78000020980835,6.929999828338623,6.75,6.869999885559082,1080500,0.0,0.0
2013-02-13 00:00:00-05:00,6.900000095367432,6.940000057220459,6.659999847412109,6.769999980926514,1182300,0.0,0.0
2013-02-14 00:00:00-05:00,6.699999809265137,6.820000171661377,6.650000095367432,6.78000020980835,715900,0.0,0.0
2013-02-15 00:00:00-05:00,6.820000171661377,6.880000114440918,6.679999828338623,6.699999809265137,677100,0.0,0.0
2013-02-19 00:00:00-05:00,6.650000095367432,6.860000133514404,6.610000133514404,6.829999923706055,1197700,0.0,0.0
2013-02-20 00:00:00-05:00,6.829999923706055,6.940000057220459,6.590000152587891,6.599999904632568,1164000,0.0,0.0
2013-02-21 00:00:00-05:00,6.590000152587891,6.590000152587891,6.309999942779541,6.440000057220459,876600,0.0,0.0
2013-02-22 00:00:00-05:00,6.46999979019165,6.579999923706055,6.400000095367432,6.5,621100,0.0,0.0
2013-02-25 00:00:00-05:00,6.53000020980835,6.699999809265137,6.480000019073486,6.559999942779541,1078500,0.0,0.0
2013-02-26 00:00:00-05:00,6.590000152587891,6.659999847412109,6.380000114440918,6.489999771118164,980100,0.0,0.0
2013-02-27 00:00:00-05:00,6.460000038146973,6.739999771118164,6.420000076293945,6.590000152587891,674600,0.0,0.0
2013-02-28 00:00:00-05:00,6.559999942779541,6.630000114440918,6.429999828338623,6.489999771118164,747800,0.0,0.0
2013-03-01 00:00:00-05:00,6.409999847412109,6.480000019073486,6.340000152587891,6.420000076293945,1002400,0.0,0.0
2013-03-04 00:00:00-05:00,6.389999866485596,6.579999923706055,6.389999866485596,6.53000020980835,604700,0.0,0.0
2013-03-05 00:00:00-05:00,6.400000095367432,6.659999847412109,6.400000095367432,6.579999923706055,554200,0.0,0.0
2013-03-06 00:00:00-05:00,6.590000152587891,6.699999809265137,6.539999961853027,6.690000057220459,538800,0.0,0.0
2013-03-07 00:00:00-05:00,7.0,7.139999866485596,6.849999904632568,7.130000114440918,2300800,0.0,0.0
2013-03-08 00:00:00-05:00,7.059999942779541,7.199999809265137,6.96999979019165,7.190000057220459,904000,0.0,0.0
2013-03-11 00:00:00-04:00,7.150000095367432,7.260000228881836,7.050000190734863,7.190000057220459,1032600,0.0,0.0
2013-03-12 00:00:00-04:00,7.159999847412109,7.190000057220459,7.090000152587891,7.159999847412109,608800,0.0,0.0
2013-03-13 00:00:00-04:00,7.150000095367432,7.21999979019165,7.059999942779541,7.159999847412109,499000,0.0,0.0
2013-03-14 00:00:00-04:00,7.159999847412109,7.210000038146973,7.139999866485596,7.199999809265137,555700,0.0,0.0
2013-03-15 00:00:00-04:00,7.199999809265137,7.199999809265137,7.039999961853027,7.110000133514404,1609900,0.0,0.0
2013-03-18 00:00:00-04:00,7.0,7.170000076293945,6.889999866485596,7.019999980926514,1096800,0.0,0.0
2013-03-19 00:00:00-04:00,7.369999885559082,7.460000038146973,7.199999809265137,7.320000171661377,1774200,0.0,0.0
2013-03-20 00:00:00-04:00,7.400000095367432,7.400000095367432,7.150000095367432,7.190000057220459,1600600,0.0,0.0
2013-03-21 00:00:00-04:00,7.150000095367432,7.21999979019165,7.0,7.050000190734863,1514600,0.0,0.0
2013-03-22 00:00:00-04:00,7.050000190734863,7.170000076293945,7.0,7.019999980926514,545800,0.0,0.0
2013-03-25 00:00:00-04:00,7.03000020980835,7.159999847412109,6.960000038146973,7.139999866485596,756500,0.0,0.0
2013-03-26 00:00:00-04:00,7.139999866485596,7.25,6.980000019073486,7.050000190734863,575600,0.0,0.0
2013-03-27 00:00:00-04:00,6.980000019073486,7.070000171661377,6.860000133514404,7.050000190734863,565700,0.0,0.0
2013-03-28 00:00:00-04:00,7.059999942779541,7.099999904632568,6.949999809265137,7.0,1016400,0.0,0.0
2013-04-01 00:00:00-04:00,6.96999979019165,6.989999771118164,6.579999923706055,6.619999885559082,998600,0.0,0.0
2013-04-02 00:00:00-04:00,6.650000095367432,6.730000019073486,6.5,6.519999980926514,948600,0.0,0.0
2013-04-03 00:00:00-04:00,6.519999980926514,6.579999923706055,6.230000019073486,6.28000020980835,1580400,0.0,0.0
2013-04-04 00:00:00-04:00,6.300000190734863,6.429999828338623,6.28000020980835,6.349999904632568,661800,0.0,0.0
2013-04-05 00:00:00-04:00,6.210000038146973,6.329999923706055,6.159999847412109,6.21999979019165,908500,0.0,0.0
2013-04-08 00:00:00-04:00,6.199999809265137,6.340000152587891,6.170000076293945,6.309999942779541,547600,0.0,0.0
2013-04-09 00:00:00-04:00,6.340000152587891,6.46999979019165,6.239999771118164,6.460000038146973,852500,0.0,0.0
2013-04-10 00:00:00-04:00,6.510000228881836,6.880000114440918,6.510000228881836,6.800000190734863,851000,0.0,0.0
2013-04-11 00:00:00-04:00,6.800000190734863,6.96999979019165,6.789999961853027,6.960000038146973,690100,0.0,0.0
2013-04-12 00:00:00-04:00,6.900000095367432,7.079999923706055,6.880000114440918,7.010000228881836,809200,0.0,0.0
2013-04-15 00:00:00-04:00,6.929999828338623,6.980000019073486,6.349999904632568,6.409999847412109,1076100,0.0,0.0
2013-04-16 00:00:00-04:00,6.53000020980835,6.71999979019165,6.400000095367432,6.570000171661377,672600,0.0,0.0
2013-04-17 00:00:00-04:00,6.46999979019165,6.480000019073486,6.239999771118164,6.25,950500,0.0,0.0
2013-04-18 00:00:00-04:00,6.289999961853027,6.489999771118164,6.119999885559082,6.170000076293945,791500,0.0,0.0
2013-04-19 00:00:00-04:00,6.199999809265137,6.340000152587891,6.150000095367432,6.260000228881836,797800,0.0,0.0
2013-04-22 00:00:00-04:00,6.289999961853027,6.480000019073486,6.059999942779541,6.480000019073486,884600,0.0,0.0
2013-04-23 00:00:00-04:00,6.559999942779541,6.619999885559082,6.360000133514404,6.619999885559082,583300,0.0,0.0
2013-04-24 00:00:00-04:00,6.579999923706055,6.690000057220459,6.460000038146973,6.659999847412109,837100,0.0,0.0
2013-04-25 00:00:00-04:00,7.800000190734863,8.550000190734863,7.75,8.220000267028809,9067900,0.0,0.0
2013-04-26 00:00:00-04:00,8.09000015258789,8.3100004196167,8.050000190734863,8.210000038146973,2502900,0.0,0.0
2013-04-29 00:00:00-04:00,8.25,8.430000305175781,8.170000076293945,8.279999732971191,2058500,0.0,0.0
2013-04-30 00:00:00-04:00,8.289999961853027,8.430000305175781,8.199999809265137,8.420000076293945,1346700,0.0,0.0
2013-05-01 00:00:00-04:00,8.350000381469727,8.430000305175781,8.210000038146973,8.239999771118164,1446400,0.0,0.0
2013-05-02 00:00:00-04:00,8.3100004196167,8.34000015258789,8.1899995803833,8.319999694824219,1264300,0.0,0.0
2013-05-03 00:00:00-04:00,8.430000305175781,8.600000381469727,8.369999885559082,8.460000038146973,1769300,0.0,0.0
2013-05-06 00:00:00-04:00,8.489999771118164,8.770000457763672,8.479999542236328,8.699999809265137,1451800,0.0,0.0
2013-05-07 00:00:00-04:00,8.649999618530273,8.850000381469727,8.5600004196167,8.84000015258789,1126900,0.0,0.0
2013-05-08 00:00:00-04:00,8.800000190734863,8.829999923706055,8.550000190734863,8.680000305175781,883800,0.0,0.0
2013-05-09 00:00:00-04:00,8.600000381469727,8.8100004196167,8.569999694824219,8.65999984741211,557800,0.0,0.0
2013-05-10 00:00:00-04:00,8.649999618530273,8.720000267028809,8.529999732971191,8.619999885559082,1107800,0.0,0.0
2013-05-13 00:00:00-04:00,8.579999923706055,8.829999923706055,8.579999923706055,8.760000228881836,1226100,0.0,0.0
2013-05-14 00:00:00-04:00,8.789999961853027,8.960000038146973,8.75,8.859999656677246,1191700,0.0,0.0
2013-05-15 00:00:00-04:00,8.789999961853027,9.199999809265137,8.760000228881836,9.130000114440918,2061600,0.0,0.0
2013-05-16 00:00:00-04:00,9.140000343322754,9.699999809265137,9.100000381469727,9.619999885559082,2413200,0.0,0.0
2013-05-17 00:00:00-04:00,9.670000076293945,10.1899995803833,9.670000076293945,10.079999923706055,2839200,0.0,0.0
2013-05-20 00:00:00-04:00,9.960000038146973,10.170000076293945,9.779999732971191,9.800000190734863,2745400,0.0,0.0
2013-05-21 00:00:00-04:00,9.800000190734863,9.8100004196167,9.390000343322754,9.75,2121100,0.0,0.0
2013-05-22 00:00:00-04:00,9.739999771118164,10.079999923706055,9.739999771118164,9.90999984741211,2232300,0.0,0.0
2013-05-23 00:00:00-04:00,9.550000190734863,9.779999732971191,9.119999885559082,9.149999618530273,5881200,0.0,0.0
2013-05-24 00:00:00-04:00,8.949999809265137,9.050000190734863,8.8100004196167,9.039999961853027,8527000,0.0,0.0
2013-05-28 00:00:00-04:00,9.199999809265137,9.529999732971191,9.15999984741211,9.430000305175781,2677000,0.0,0.0
2013-05-29 00:00:00-04:00,9.380000114440918,9.84000015258789,9.289999961853027,9.710000038146973,3640400,0.0,0.0
2013-05-30 00:00:00-04:00,9.729999542236328,10.229999542236328,9.6899995803833,10.130000114440918,3060900,0.0,0.0
2013-05-31 00:00:00-04:00,10.100000381469727,10.960000038146973,10.100000381469727,10.529999732971191,5455500,0.0,0.0
2013-06-03 00:00:00-04:00,10.619999885559082,10.8100004196167,10.279999732971191,10.550000190734863,2725900,0.0,0.0
2013-06-04 00:00:00-04:00,10.390000343322754,10.699999809265137,10.300000190734863,10.430000305175781,1984800,0.0,0.0
2013-06-05 00:00:00-04:00,10.479999542236328,10.619999885559082,10.260000228881836,10.539999961853027,1584100,0.0,0.0
2013-06-06 00:00:00-04:00,11.050000190734863,11.25,10.720000267028809,11.210000038146973,3642200,0.0,0.0
2013-06-07 00:00:00-04:00,11.100000381469727,11.4399995803833,11.010000228881836,11.15999984741211,2037500,0.0,0.0
2013-06-10 00:00:00-04:00,11.420000076293945,11.4399995803833,11.100000381469727,11.34000015258789,1111300,0.0,0.0
2013-06-11 00:00:00-04:00,11.220000267028809,11.649999618530273,11.050000190734863,11.449999809265137,1567700,0.0,0.0
2013-06-12 00:00:00-04:00,11.550000190734863,11.600000381469727,11.319999694824219,11.390000343322754,1270200,0.0,0.0
2013-06-13 00:00:00-04:00,11.40999984741211,11.579999923706055,11.210000038146973,11.529999732971191,1153500,0.0,0.0
2013-06-14 00:00:00-04:00,11.539999961853027,11.569999694824219,11.220000267028809,11.239999771118164,1031500,0.0,0.0
2013-06-17 00:00:00-04:00,11.130000114440918,11.140000343322754,10.789999961853027,10.979999542236328,2602400,0.0,0.0
2013-06-18 00:00:00-04:00,10.970000267028809,11.229999542236328,10.899999618530273,11.180000305175781,1252500,0.0,0.0
2013-06-19 00:00:00-04:00,11.15999984741211,11.34000015258789,10.90999984741211,11.010000228881836,890600,0.0,0.0
2013-06-20 00:00:00-04:00,10.84000015258789,11.050000190734863,10.600000381469727,10.65999984741211,1481000,0.0,0.0
2013-06-21 00:00:00-04:00,10.720000267028809,10.899999618530273,10.220000267028809,10.699999809265137,2609700,0.0,0.0
2013-06-24 00:00:00-04:00,10.529999732971191,10.699999809265137,10.229999542236328,10.40999984741211,1585800,0.0,0.0
2013-06-25 00:00:00-04:00,10.520000457763672,10.710000038146973,10.449999809265137,10.670000076293945,1137000,0.0,0.0
2013-06-26 00:00:00-04:00,10.75,10.789999961853027,10.460000038146973,10.479999542236328,1075200,0.0,0.0
2013-06-27 00:00:00-04:00,10.539999961853027,10.779999732971191,10.449999809265137,10.75,924900,0.0,0.0
2013-06-28 00:00:00-04:00,10.720000267028809,10.75,10.5600004196167,10.670000076293945,1129800,0.0,0.0
2013-07-01 00:00:00-04:00,10.699999809265137,10.970000267028809,10.649999618530273,10.859999656677246,878000,0.0,0.0
2013-07-02 00:00:00-04:00,10.8100004196167,11.09000015258789,10.720000267028809,11.050000190734863,923500,0.0,0.0
2013-07-03 00:00:00-04:00,10.989999771118164,11.1899995803833,10.880000114440918,10.899999618530273,571800,0.0,0.0
2013-07-05 00:00:00-04:00,11.199999809265137,11.279999732971191,10.960000038146973,11.25,825600,0.0,0.0
2013-07-08 00:00:00-04:00,11.300000190734863,11.399999618530273,11.100000381469727,11.180000305175781,915700,0.0,0.0
2013-07-09 00:00:00-04:00,11.25,11.510000228881836,11.050000190734863,11.4399995803833,2097400,0.0,0.0
2013-07-10 00:00:00-04:00,11.470000267028809,11.569999694824219,11.300000190734863,11.399999618530273,1200300,0.0,0.0
2013-07-11 00:00:00-04:00,11.5,11.649999618530273,11.420000076293945,11.489999771118164,1586000,0.0,0.0
2013-07-12 00:00:00-04:00,11.4399995803833,11.75,11.350000381469727,11.579999923706055,780900,0.0,0.0
2013-07-15 00:00:00-04:00,11.569999694824219,11.75,11.550000190734863,11.640000343322754,818100,0.0,0.0
2013-07-16 00:00:00-04:00,11.619999885559082,11.739999771118164,11.40999984741211,11.529999732971191,779500,0.0,0.0
2013-07-17 00:00:00-04:00,11.800000190734863,12.0,11.65999984741211,12.0,1638500,0.0,0.0
2013-07-18 00:00:00-04:00,12.0,12.15999984741211,11.859999656677246,11.970000267028809,1071700,0.0,0.0
2013-07-19 00:00:00-04:00,11.890000343322754,12.0,11.84000015258789,11.970000267028809,550200,0.0,0.0
2013-07-22 00:00:00-04:00,12.010000228881836,12.020000457763672,11.6899995803833,11.890000343322754,1062000,0.0,0.0
2013-07-23 00:00:00-04:00,11.930000305175781,11.970000267028809,11.609999656677246,11.609999656677246,1542000,0.0,0.0
2013-07-24 00:00:00-04:00,11.720000267028809,11.800000190734863,11.579999923706055,11.779999732971191,2100700,0.0,0.0
2013-07-25 00:00:00-04:00,11.350000381469727,11.460000038146973,10.15999984741211,11.149999618530273,5543500,0.0,0.0
2013-07-26 00:00:00-04:00,11.079999923706055,11.25,10.789999961853027,10.850000381469727,1937000,0.0,0.0
2013-07-29 00:00:00-04:00,10.84000015258789,11.010000228881836,10.59000015258789,10.670000076293945,1866500,0.0,0.0
2013-07-30 00:00:00-04:00,10.699999809265137,11.0,10.619999885559082,10.890000343322754,1318600,0.0,0.0
2013-07-31 00:00:00-04:00,10.899999618530273,11.0,10.890000343322754,10.90999984741211,1599900,0.0,0.0
2013-08-01 00:00:00-04:00,11.0,11.140000343322754,10.90999984741211,10.970000267028809,1294300,0.0,0.0
2013-08-02 00:00:00-04:00,10.899999618530273,11.0,10.850000381469727,10.960000038146973,831000,0.0,0.0
2013-08-05 00:00:00-04:00,10.970000267028809,11.350000381469727,10.90999984741211,11.1899995803833,1540900,0.0,0.0
2013-08-06 00:00:00-04:00,11.149999618530273,11.1899995803833,10.920000076293945,10.989999771118164,1158300,0.0,0.0
2013-08-07 00:00:00-04:00,10.979999542236328,11.109999656677246,10.869999885559082,10.9399995803833,1358000,0.0,0.0
2013-08-08 00:00:00-04:00,11.0,11.109999656677246,10.920000076293945,10.989999771118164,872100,0.0,0.0
2013-08-09 00:00:00-04:00,10.970000267028809,11.069999694824219,10.8100004196167,10.970000267028809,960000,0.0,0.0
2013-08-12 00:00:00-04:00,10.970000267028809,11.079999923706055,10.970000267028809,11.020000457763672,825500,0.0,0.0
2013-08-13 00:00:00-04:00,11.0,11.079999923706055,10.890000343322754,11.029999732971191,888500,0.0,0.0
2013-08-14 00:00:00-04:00,11.0600004196167,11.0600004196167,10.729999542236328,10.8100004196167,1182400,0.0,0.0
2013-08-15 00:00:00-04:00,10.649999618530273,10.699999809265137,10.359999656677246,10.430000305175781,1342300,0.0,0.0
2013-08-16 00:00:00-04:00,10.329999923706055,10.630000114440918,10.260000228881836,10.380000114440918,1584000,0.0,0.0
2013-08-19 00:00:00-04:00,10.399999618530273,10.770000457763672,10.380000114440918,10.390000343322754,1625800,0.0,0.0
2013-08-20 00:00:00-04:00,10.4399995803833,10.520000457763672,10.319999694824219,10.460000038146973,839700,0.0,0.0
2013-08-21 00:00:00-04:00,10.430000305175781,10.489999771118164,10.210000038146973,10.210000038146973,940900,0.0,0.0
2013-08-22 00:00:00-04:00,10.229999542236328,10.229999542236328,9.84000015258789,9.949999809265137,1763200,0.0,0.0
2013-08-23 00:00:00-04:00,9.960000038146973,10.119999885559082,9.899999618530273,10.079999923706055,1370000,0.0,0.0
2013-08-26 00:00:00-04:00,10.079999923706055,10.1899995803833,9.90999984741211,9.930000305175781,1059700,0.0,0.0
2013-08-27 00:00:00-04:00,9.819999694824219,9.880000114440918,9.430000305175781,9.470000267028809,2041700,0.0,0.0
2013-08-28 00:00:00-04:00,9.5,9.640000343322754,9.449999809265137,9.460000038146973,899400,0.0,0.0
2013-08-29 00:00:00-04:00,9.479999542236328,9.619999885559082,9.460000038146973,9.489999771118164,754600,0.0,0.0
2013-08-30 00:00:00-04:00,9.470000267028809,9.489999771118164,9.239999771118164,9.270000457763672,762900,0.0,0.0
2013-09-03 00:00:00-04:00,9.390000343322754,10.25,9.369999885559082,10.140000343322754,3546500,0.0,0.0
2013-09-04 00:00:00-04:00,10.34000015258789,10.510000228881836,10.050000190734863,10.449999809265137,1515500,0.0,0.0
2013-09-05 00:00:00-04:00,10.670000076293945,10.720000267028809,10.460000038146973,10.5,1574500,0.0,0.0
2013-09-06 00:00:00-04:00,10.600000381469727,10.710000038146973,10.319999694824219,10.699999809265137,1562900,0.0,0.0
2013-09-09 00:00:00-04:00,10.729999542236328,11.0600004196167,10.720000267028809,11.0,1638500,0.0,0.0
2013-09-10 00:00:00-04:00,11.050000190734863,11.130000114440918,10.949999809265137,11.09000015258789,1706500,0.0,0.0
2013-09-11 00:00:00-04:00,11.029999732971191,11.220000267028809,10.880000114440918,11.130000114440918,2144500,0.0,0.0
2013-09-12 00:00:00-04:00,11.149999618530273,11.449999809265137,11.130000114440918,11.3100004196167,2105300,0.0,0.0
2013-09-13 00:00:00-04:00,11.4399995803833,11.4399995803833,11.050000190734863,11.109999656677246,1999700,0.0,0.0
2013-09-16 00:00:00-04:00,11.359999656677246,11.359999656677246,10.960000038146973,11.109999656677246,1501900,0.0,0.0
2013-09-17 00:00:00-04:00,11.079999923706055,11.34000015258789,11.0600004196167,11.279999732971191,837600,0.0,0.0
2013-09-18 00:00:00-04:00,11.279999732971191,11.489999771118164,11.079999923706055,11.300000190734863,1005300,0.0,0.0
2013-09-19 00:00:00-04:00,11.3100004196167,11.430000305175781,11.15999984741211,11.350000381469727,767000,0.0,0.0
2013-09-20 00:00:00-04:00,11.359999656677246,11.390000343322754,11.119999885559082,11.15999984741211,1382200,0.0,0.0
2013-09-23 00:00:00-04:00,11.199999809265137,11.199999809265137,10.920000076293945,11.0600004196167,1922600,0.0,0.0
2013-09-24 00:00:00-04:00,11.0600004196167,11.449999809265137,11.0,11.329999923706055,1260200,0.0,0.0
2013-09-25 00:00:00-04:00,11.3100004196167,11.460000038146973,11.170000076293945,11.220000267028809,675600,0.0,0.0
2013-09-26 00:00:00-04:00,11.279999732971191,11.649999618530273,11.279999732971191,11.5600004196167,1338700,0.0,0.0
2013-09-27 00:00:00-04:00,11.489999771118164,11.59000015258789,11.260000228881836,11.399999618530273,1334100,0.0,0.0
2013-09-30 00:00:00-04:00,11.229999542236328,11.460000038146973,11.1899995803833,11.319999694824219,1090400,0.0,0.0
2013-10-01 00:00:00-04:00,11.319999694824219,11.510000228881836,11.25,11.470000267028809,992800,0.0,0.0
2013-10-02 00:00:00-04:00,11.329999923706055,11.420000076293945,11.270000457763672,11.319999694824219,884100,0.0,0.0
2013-10-03 00:00:00-04:00,11.149999618530273,11.319999694824219,11.119999885559082,11.210000038146973,1604500,0.0,0.0
2013-10-04 00:00:00-04:00,11.25,11.779999732971191,11.1899995803833,11.729999542236328,1382900,0.0,0.0
2013-10-07 00:00:00-04:00,11.59000015258789,11.699999809265137,11.460000038146973,11.479999542236328,749800,0.0,0.0
2013-10-08 00:00:00-04:00,11.470000267028809,11.529999732971191,10.960000038146973,10.989999771118164,1331000,0.0,0.0
2013-10-09 00:00:00-04:00,11.010000228881836,11.170000076293945,10.649999618530273,10.899999618530273,1403600,0.0,0.0
2013-10-10 00:00:00-04:00,11.109999656677246,11.460000038146973,11.109999656677246,11.460000038146973,2260700,0.0,0.0
2013-10-11 00:00:00-04:00,11.449999809265137,11.5600004196167,11.3100004196167,11.520000457763672,1199200,0.0,0.0
2013-10-14 00:00:00-04:00,11.40999984741211,11.489999771118164,11.319999694824219,11.399999618530273,1152900,0.0,0.0
2013-10-15 00:00:00-04:00,11.390000343322754,11.520000457763672,11.25,11.34000015258789,760800,0.0,0.0
2013-10-16 00:00:00-04:00,11.390000343322754,11.40999984741211,11.229999542236328,11.239999771118164,897700,0.0,0.0
2013-10-17 00:00:00-04:00,11.1899995803833,11.5,11.140000343322754,11.399999618530273,822800,0.0,0.0
2013-10-18 00:00:00-04:00,11.539999961853027,11.779999732971191,11.369999885559082,11.739999771118164,1227500,0.0,0.0
2013-10-21 00:00:00-04:00,11.789999961853027,11.90999984741211,11.6899995803833,11.779999732971191,933900,0.0,0.0
2013-10-22 00:00:00-04:00,11.84000015258789,11.850000381469727,11.5600004196167,11.609999656677246,742000,0.0,0.0
2013-10-23 00:00:00-04:00,11.510000228881836,11.670000076293945,11.279999732971191,11.4399995803833,1548400,0.0,0.0
2013-10-24 00:00:00-04:00,10.449999809265137,10.890000343322754,9.90999984741211,10.399999618530273,6900900,0.0,0.0
2013-10-25 00:00:00-04:00,10.510000228881836,10.600000381469727,10.220000267028809,10.260000228881836,1582000,0.0,0.0
2013-10-28 00:00:00-04:00,10.260000228881836,10.319999694824219,9.760000228881836,10.270000457763672,2854300,0.0,0.0
2013-10-29 00:00:00-04:00,10.329999923706055,10.550000190734863,10.270000457763672,10.489999771118164,1849600,0.0,0.0
2013-10-30 00:00:00-04:00,10.449999809265137,10.539999961853027,10.239999771118164,10.34000015258789,2438100,0.0,0.0
2013-10-31 00:00:00-04:00,10.3100004196167,10.430000305175781,10.199999809265137,10.199999809265137,1694400,0.0,0.0
2013-11-01 00:00:00-04:00,10.1899995803833,10.3100004196167,9.829999923706055,9.890000343322754,1620300,0.0,0.0
2013-11-04 00:00:00-05:00,9.899999618530273,9.9399995803833,9.779999732971191,9.819999694824219,1292700,0.0,0.0
2013-11-05 00:00:00-05:00,9.75,9.850000381469727,9.65999984741211,9.6899995803833,1290400,0.0,0.0
2013-11-06 00:00:00-05:00,9.75,9.800000190734863,9.520000457763672,9.630000114440918,1606700,0.0,0.0
2013-11-07 00:00:00-05:00,9.710000038146973,9.75,9.380000114440918,9.390000343322754,1827900,0.0,0.0
2013-11-08 00:00:00-05:00,9.40999984741211,9.59000015258789,9.279999732971191,9.319999694824219,2560500,0.0,0.0
2013-11-11 00:00:00-05:00,9.3100004196167,9.5,9.300000190734863,9.399999618530273,1197400,0.0,0.0
2013-11-12 00:00:00-05:00,9.420000076293945,9.539999961853027,9.289999961853027,9.390000343322754,1707000,0.0,0.0
2013-11-13 00:00:00-05:00,9.34000015258789,9.4399995803833,9.239999771118164,9.260000228881836,1270300,0.0,0.0
2013-11-14 00:00:00-05:00,9.229999542236328,9.229999542236328,8.9399995803833,9.010000228881836,1891100,0.0,0.0
2013-11-15 00:00:00-05:00,9.0,9.0600004196167,8.859999656677246,8.890000343322754,1695500,0.0,0.0
2013-11-18 00:00:00-05:00,8.90999984741211,8.989999771118164,8.75,8.770000457763672,1191700,0.0,0.0
2013-11-19 00:00:00-05:00,8.75,8.880000114440918,8.609999656677246,8.729999542236328,1457100,0.0,0.0
2013-11-20 00:00:00-05:00,8.729999542236328,8.789999961853027,8.59000015258789,8.600000381469727,948300,0.0,0.0
2013-11-21 00:00:00-05:00,8.609999656677246,8.989999771118164,8.600000381469727,8.930000305175781,1191900,0.0,0.0
2013-11-22 00:00:00-05:00,8.960000038146973,8.960000038146973,8.819999694824219,8.899999618530273,847600,0.0,0.0
2013-11-25 00:00:00-05:00,9.0,9.09000015258789,8.859999656677246,9.0,1391000,0.0,0.0
2013-11-26 00:00:00-05:00,9.0,9.0600004196167,8.890000343322754,9.010000228881836,835500,0.0,0.0
2013-11-27 00:00:00-05:00,9.029999732971191,9.180000305175781,9.020000457763672,9.15999984741211,730100,0.0,0.0
2013-11-29 00:00:00-05:00,9.1899995803833,9.319999694824219,9.109999656677246,9.300000190734863,564800,0.0,0.0
2013-12-02 00:00:00-05:00,9.289999961853027,9.289999961853027,9.0,9.0600004196167,1250600,0.0,0.0
2013-12-03 00:00:00-05:00,9.0,9.119999885559082,8.949999809265137,9.100000381469727,920100,0.0,0.0
2013-12-04 00:00:00-05:00,9.069999694824219,9.369999885559082,9.069999694824219,9.319999694824219,687300,0.0,0.0
2013-12-05 00:00:00-05:00,9.300000190734863,9.390000343322754,9.25,9.329999923706055,697200,0.0,0.0
2013-12-06 00:00:00-05:00,9.449999809265137,9.579999923706055,9.350000381469727,9.430000305175781,1024000,0.0,0.0
2013-12-09 00:00:00-05:00,9.430000305175781,9.529999732971191,9.239999771118164,9.319999694824219,928600,0.0,0.0
2013-12-10 00:00:00-05:00,9.289999961853027,9.319999694824219,9.029999732971191,9.109999656677246,1008000,0.0,0.0
2013-12-11 00:00:00-05:00,9.109999656677246,9.130000114440918,8.899999618530273,8.970000267028809,851300,0.0,0.0
2013-12-12 00:00:00-05:00,8.949999809265137,9.0,8.829999923706055,8.890000343322754,640900,0.0,0.0
2013-12-13 00:00:00-05:00,8.920000076293945,9.149999618530273,8.920000076293945,9.0600004196167,1032400,0.0,0.0
2013-12-16 00:00:00-05:00,9.119999885559082,9.319999694824219,9.0,9.199999809265137,1408500,0.0,0.0
2013-12-17 00:00:00-05:00,9.220000267028809,9.390000343322754,9.119999885559082,9.300000190734863,549400,0.0,0.0
2013-12-18 00:00:00-05:00,9.34000015258789,9.489999771118164,9.0,9.300000190734863,863700,0.0,0.0
2013-12-19 00:00:00-05:00,9.289999961853027,9.289999961853027,9.010000228881836,9.050000190734863,699600,0.0,0.0
2013-12-20 00:00:00-05:00,9.239999771118164,9.449999809265137,9.100000381469727,9.229999542236328,4919300,0.0,0.0
2013-12-23 00:00:00-05:00,9.300000190734863,9.729999542236328,9.25,9.579999923706055,2259700,0.0,0.0
2013-12-24 00:00:00-05:00,9.600000381469727,9.819999694824219,9.600000381469727,9.75,887000,0.0,0.0
2013-12-26 00:00:00-05:00,9.789999961853027,9.970000267028809,9.65999984741211,9.710000038146973,1282000,0.0,0.0
2013-12-27 00:00:00-05:00,9.770000457763672,9.880000114440918,9.699999809265137,9.789999961853027,591800,0.0,0.0
2013-12-30 00:00:00-05:00,9.8100004196167,9.9399995803833,9.720000267028809,9.729999542236328,1751700,0.0,0.0
2013-12-31 00:00:00-05:00,9.789999961853027,9.819999694824219,9.649999618530273,9.779999732971191,1017500,0.0,0.0
2014-01-02 00:00:00-05:00,9.770000457763672,9.970000267028809,9.630000114440918,9.8100004196167,1221900,0.0,0.0
2014-01-03 00:00:00-05:00,9.819999694824219,9.949999809265137,9.739999771118164,9.880000114440918,706000,0.0,0.0
2014-01-06 00:00:00-05:00,9.899999618530273,9.9399995803833,9.770000457763672,9.789999961853027,1114300,0.0,0.0
2014-01-07 00:00:00-05:00,9.829999923706055,9.9399995803833,9.770000457763672,9.890000343322754,1089900,0.0,0.0
2014-01-08 00:00:00-05:00,9.880000114440918,10.140000343322754,9.850000381469727,9.989999771118164,1585300,0.0,0.0
2014-01-09 00:00:00-05:00,10.0600004196167,10.140000343322754,9.479999542236328,9.510000228881836,2499100,0.0,0.0
2014-01-10 00:00:00-05:00,9.539999961853027,9.5600004196167,9.0600004196167,9.279999732971191,2089000,0.0,0.0
2014-01-13 00:00:00-05:00,9.220000267028809,9.380000114440918,8.960000038146973,9.020000457763672,2587500,0.0,0.0
2014-01-14 00:00:00-05:00,9.069999694824219,9.260000228881836,8.930000305175781,9.039999961853027,2904200,0.0,0.0
2014-01-15 00:00:00-05:00,9.050000190734863,9.289999961853027,9.010000228881836,9.130000114440918,1436400,0.0,0.0
2014-01-16 00:00:00-05:00,9.149999618530273,9.210000038146973,8.720000267028809,8.829999923706055,3111000,0.0,0.0
2014-01-17 00:00:00-05:00,8.84000015258789,8.899999618530273,8.489999771118164,8.529999732971191,2669700,0.0,0.0
2014-01-21 00:00:00-05:00,7.980000019073486,7.989999771118164,7.210000038146973,7.559999942779541,7549100,0.0,0.0
2014-01-22 00:00:00-05:00,7.539999961853027,7.800000190734863,7.5,7.619999885559082,1947300,0.0,0.0
2014-01-23 00:00:00-05:00,7.599999904632568,7.739999771118164,7.360000133514404,7.400000095367432,2034100,0.0,0.0
2014-01-24 00:00:00-05:00,7.360000133514404,7.409999847412109,7.25,7.329999923706055,2183200,0.0,0.0
2014-01-27 00:00:00-05:00,7.380000114440918,7.400000095367432,7.119999885559082,7.199999809265137,2138400,0.0,0.0
2014-01-28 00:00:00-05:00,7.25,7.340000152587891,7.079999923706055,7.190000057220459,3594300,0.0,0.0
2014-01-29 00:00:00-05:00,7.139999866485596,7.210000038146973,6.960000038146973,7.059999942779541,4601300,0.0,0.0
2014-01-30 00:00:00-05:00,8.420000076293945,9.15999984741211,8.100000381469727,9.109999656677246,10076000,0.0,0.0
2014-01-31 00:00:00-05:00,8.850000381469727,9.3100004196167,8.710000038146973,8.729999542236328,4128100,0.0,0.0
2014-02-03 00:00:00-05:00,8.65999984741211,8.729999542236328,8.210000038146973,8.229999542236328,3048300,0.0,0.0
2014-02-04 00:00:00-05:00,8.289999961853027,8.489999771118164,8.25,8.449999809265137,1880500,0.0,0.0
2014-02-05 00:00:00-05:00,8.380000114440918,8.420000076293945,8.149999618530273,8.229999542236328,2214300,0.0,0.0
2014-02-06 00:00:00-05:00,8.270000457763672,8.390000343322754,8.079999923706055,8.380000114440918,2432000,0.0,0.0
2014-02-07 00:00:00-05:00,8.390000343322754,8.539999961853027,8.350000381469727,8.510000228881836,1300200,0.0,0.0
2014-02-10 00:00:00-05:00,8.470000267028809,8.760000228881836,8.449999809265137,8.630000114440918,2019100,0.0,0.0
2014-02-11 00:00:00-05:00,8.600000381469727,8.699999809265137,8.5600004196167,8.630000114440918,1130900,0.0,0.0
2014-02-12 00:00:00-05:00,8.6899995803833,8.829999923706055,8.640000343322754,8.720000267028809,1389800,0.0,0.0
2014-02-13 00:00:00-05:00,8.619999885559082,8.779999732971191,8.539999961853027,8.729999542236328,1084900,0.0,0.0
2014-02-14 00:00:00-05:00,8.739999771118164,8.800000190734863,8.59000015258789,8.609999656677246,1088500,0.0,0.0
2014-02-18 00:00:00-05:00,8.630000114440918,8.8100004196167,8.619999885559082,8.779999732971191,1089500,0.0,0.0
2014-02-19 00:00:00-05:00,8.65999984741211,8.6899995803833,8.399999618530273,8.4399995803833,1728300,0.0,0.0
2014-02-20 00:00:00-05:00,8.479999542236328,8.550000190734863,8.270000457763672,8.449999809265137,1438200,0.0,0.0
2014-02-21 00:00:00-05:00,8.510000228881836,8.510000228881836,8.319999694824219,8.329999923706055,886000,0.0,0.0
2014-02-24 00:00:00-05:00,8.369999885559082,8.510000228881836,8.3100004196167,8.479999542236328,1005700,0.0,0.0
2014-02-25 00:00:00-05:00,8.520000457763672,8.649999618530273,8.300000190734863,8.34000015258789,865600,0.0,0.0
2014-02-26 00:00:00-05:00,8.380000114440918,8.550000190734863,8.319999694824219,8.520000457763672,856800,0.0,0.0
2014-02-27 00:00:00-05:00,8.470000267028809,8.5,8.329999923706055,8.40999984741211,918300,0.0,0.0
2014-02-28 00:00:00-05:00,8.430000305175781,8.520000457763672,8.260000228881836,8.319999694824219,1264900,0.0,0.0
2014-03-03 00:00:00-05:00,8.199999809265137,8.25,8.09000015258789,8.170000076293945,1074800,0.0,0.0
2014-03-04 00:00:00-05:00,8.319999694824219,8.739999771118164,8.319999694824219,8.609999656677246,2157600,0.0,0.0
2014-03-05 00:00:00-05:00,8.600000381469727,8.779999732971191,8.600000381469727,8.720000267028809,1006200,0.0,0.0
2014-03-06 00:00:00-05:00,8.779999732971191,9.149999618530273,8.729999542236328,9.0,2596400,0.0,0.0
2014-03-07 00:00:00-05:00,9.050000190734863,9.119999885559082,8.720000267028809,8.9399995803833,1368600,0.0,0.0
2014-03-10 00:00:00-04:00,8.930000305175781,8.930000305175781,8.550000190734863,8.630000114440918,1006600,0.0,0.0
2014-03-11 00:00:00-04:00,8.609999656677246,8.6899995803833,8.40999984741211,8.449999809265137,1028500,0.0,0.0
2014-03-12 00:00:00-04:00,8.850000381469727,9.75,8.829999923706055,9.710000038146973,5588500,0.0,0.0
2014-03-13 00:00:00-04:00,9.779999732971191,9.8100004196167,9.199999809265137,9.270000457763672,2544400,0.0,0.0
2014-03-14 00:00:00-04:00,9.239999771118164,9.470000267028809,9.15999984741211,9.369999885559082,996400,0.0,0.0
2014-03-17 00:00:00-04:00,9.449999809265137,9.569999694824219,9.199999809265137,9.260000228881836,1267100,0.0,0.0
2014-03-18 00:00:00-04:00,9.279999732971191,9.520000457763672,9.279999732971191,9.5,947800,0.0,0.0
2014-03-19 00:00:00-04:00,9.460000038146973,9.460000038146973,9.25,9.369999885559082,794600,0.0,0.0
2014-03-20 00:00:00-04:00,9.890000343322754,9.90999984741211,9.649999618530273,9.670000076293945,2260900,0.0,0.0
2014-03-21 00:00:00-04:00,9.720000267028809,9.869999885559082,9.5600004196167,9.699999809265137,1833700,0.0,0.0
2014-03-24 00:00:00-04:00,9.710000038146973,9.819999694824219,9.260000228881836,9.460000038146973,1253300,0.0,0.0
2014-03-25 00:00:00-04:00,9.539999961853027,9.640000343322754,9.199999809265137,9.350000381469727,845900,0.0,0.0
2014-03-26 00:00:00-04:00,9.520000457763672,9.59000015258789,9.0,9.039999961853027,1376600,0.0,0.0
2014-03-27 00:00:00-04:00,9.050000190734863,9.15999984741211,8.729999542236328,8.949999809265137,1503500,0.0,0.0
2014-03-28 00:00:00-04:00,8.949999809265137,9.100000381469727,8.649999618530273,8.760000228881836,896900,0.0,0.0
2014-03-31 00:00:00-04:00,8.859999656677246,9.130000114440918,8.800000190734863,9.079999923706055,1503600,0.0,0.0
2014-04-01 00:00:00-04:00,9.079999923706055,9.25,9.0600004196167,9.15999984741211,1026100,0.0,0.0
2014-04-02 00:00:00-04:00,9.199999809265137,9.239999771118164,9.010000228881836,9.130000114440918,1191800,0.0,0.0
2014-04-03 00:00:00-04:00,9.15999984741211,9.289999961853027,8.710000038146973,8.819999694824219,1966200,0.0,0.0
2014-04-04 00:00:00-04:00,8.920000076293945,9.0,8.430000305175781,8.5,1553400,0.0,0.0
2014-04-07 00:00:00-04:00,8.4399995803833,8.5600004196167,8.220000267028809,8.399999618530273,1288000,0.0,0.0
2014-04-08 00:00:00-04:00,8.369999885559082,8.649999618530273,8.350000381469727,8.460000038146973,960200,0.0,0.0
2014-04-09 00:00:00-04:00,8.520000457763672,8.6899995803833,8.350000381469727,8.579999923706055,930000,0.0,0.0
2014-04-10 00:00:00-04:00,8.539999961853027,8.609999656677246,8.119999885559082,8.1899995803833,1425600,0.0,0.0
2014-04-11 00:00:00-04:00,8.109999656677246,8.25,7.940000057220459,8.09000015258789,1282600,0.0,0.0
2014-04-14 00:00:00-04:00,8.199999809265137,8.260000228881836,8.100000381469727,8.229999542236328,1037900,0.0,0.0
2014-04-15 00:00:00-04:00,8.300000190734863,8.350000381469727,7.889999866485596,8.140000343322754,1543300,0.0,0.0
2014-04-16 00:00:00-04:00,8.239999771118164,8.260000228881836,8.050000190734863,8.130000114440918,1116200,0.0,0.0
2014-04-17 00:00:00-04:00,8.109999656677246,8.649999618530273,8.0600004196167,8.619999885559082,1810900,0.0,0.0
2014-04-21 00:00:00-04:00,8.670000076293945,8.920000076293945,8.670000076293945,8.8100004196167,1905700,0.0,0.0
2014-04-22 00:00:00-04:00,8.850000381469727,9.069999694824219,8.850000381469727,9.010000228881836,2395900,0.0,0.0
2014-04-23 00:00:00-04:00,8.989999771118164,9.010000228881836,8.649999618530273,8.819999694824219,2984300,0.0,0.0
2014-04-24 00:00:00-04:00,9.5,9.579999923706055,8.770000457763672,9.350000381469727,4575800,0.0,0.0
2014-04-25 00:00:00-04:00,9.25,9.319999694824219,8.859999656677246,8.869999885559082,2244800,0.0,0.0
2014-04-28 00:00:00-04:00,8.930000305175781,9.0,8.40999984741211,8.600000381469727,2162700,0.0,0.0
2014-04-29 00:00:00-04:00,9.0,9.050000190734863,8.720000267028809,8.930000305175781,3526000,0.0,0.0
2014-04-30 00:00:00-04:00,8.880000114440918,9.039999961853027,8.760000228881836,8.960000038146973,1173000,0.0,0.0
2014-05-01 00:00:00-04:00,8.899999618530273,8.979999542236328,8.680000305175781,8.979999542236328,1762700,0.0,0.0
2014-05-02 00:00:00-04:00,9.0,9.100000381469727,8.899999618530273,8.949999809265137,1764800,0.0,0.0
2014-05-05 00:00:00-04:00,8.84000015258789,8.9399995803833,8.630000114440918,8.75,1261400,0.0,0.0
2014-05-06 00:00:00-04:00,8.680000305175781,8.680000305175781,8.380000114440918,8.399999618530273,1832400,0.0,0.0
2014-05-07 00:00:00-04:00,8.4399995803833,8.449999809265137,8.050000190734863,8.1899995803833,1880200,0.0,0.0
2014-05-08 00:00:00-04:00,8.199999809265137,8.5,8.100000381469727,8.15999984741211,1313000,0.0,0.0
2014-05-09 00:00:00-04:00,8.130000114440918,8.260000228881836,8.050000190734863,8.260000228881836,902200,0.0,0.0
2014-05-12 00:00:00-04:00,8.300000190734863,8.720000267028809,8.15999984741211,8.6899995803833,1404600,0.0,0.0
2014-05-13 00:00:00-04:00,8.720000267028809,8.84000015258789,8.569999694824219,8.59000015258789,1596300,0.0,0.0
2014-05-14 00:00:00-04:00,8.539999961853027,8.699999809265137,8.279999732971191,8.289999961853027,867000,0.0,0.0
2014-05-15 00:00:00-04:00,8.270000457763672,8.34000015258789,8.0600004196167,8.260000228881836,1168300,0.0,0.0
2014-05-16 00:00:00-04:00,8.25,8.34000015258789,8.050000190734863,8.34000015258789,1167800,0.0,0.0
2014-05-19 00:00:00-04:00,8.359999656677246,9.420000076293945,8.359999656677246,9.380000114440918,4357900,0.0,0.0
2014-05-20 00:00:00-04:00,9.300000190734863,9.300000190734863,9.0600004196167,9.260000228881836,2009300,0.0,0.0
2014-05-21 00:00:00-04:00,9.34000015258789,9.34000015258789,8.90999984741211,8.960000038146973,1019600,0.0,0.0
2014-05-22 00:00:00-04:00,8.960000038146973,9.319999694824219,8.880000114440918,9.15999984741211,1438700,0.0,0.0
2014-05-23 00:00:00-04:00,9.15999984741211,9.279999732971191,9.010000228881836,9.229999542236328,740700,0.0,0.0
2014-05-27 00:00:00-04:00,9.3100004196167,9.399999618530273,9.239999771118164,9.34000015258789,1250700,0.0,0.0
2014-05-28 00:00:00-04:00,9.350000381469727,9.5,9.260000228881836,9.399999618530273,1196300,0.0,0.0
2014-05-29 00:00:00-04:00,9.420000076293945,9.479999542236328,9.329999923706055,9.380000114440918,705000,0.0,0.0
2014-05-30 00:00:00-04:00,9.350000381469727,9.390000343322754,9.050000190734863,9.100000381469727,1009300,0.0,0.0
2014-06-02 00:00:00-04:00,9.130000114440918,9.1899995803833,8.779999732971191,8.829999923706055,727700,0.0,0.0
2014-06-03 00:00:00-04:00,8.789999961853027,8.869999885559082,8.640000343322754,8.680000305175781,876900,0.0,0.0
2014-06-04 00:00:00-04:00,8.640000343322754,8.75,8.510000228881836,8.609999656677246,1166800,0.0,0.0
2014-06-05 00:00:00-04:00,8.949999809265137,9.300000190734863,8.729999542236328,9.199999809265137,3821100,0.0,0.0
2014-06-06 00:00:00-04:00,9.170000076293945,9.449999809265137,9.119999885559082,9.140000343322754,1261000,0.0,0.0
2014-06-09 00:00:00-04:00,9.100000381469727,9.359999656677246,9.069999694824219,9.270000457763672,1259800,0.0,0.0
2014-06-10 00:00:00-04:00,9.220000267028809,9.350000381469727,9.020000457763672,9.140000343322754,1317800,0.0,0.0
2014-06-11 00:00:00-04:00,9.09000015258789,9.15999984741211,9.039999961853027,9.079999923706055,1107500,0.0,0.0
2014-06-12 00:00:00-04:00,9.029999732971191,9.100000381469727,8.920000076293945,8.979999542236328,1149600,0.0,0.0
2014-06-13 00:00:00-04:00,8.949999809265137,9.170000076293945,8.770000457763672,9.130000114440918,1255800,0.0,0.0
2014-06-16 00:00:00-04:00,9.09000015258789,9.399999618530273,9.010000228881836,9.279999732971191,1289000,0.0,0.0
2014-06-17 00:00:00-04:00,9.25,9.539999961853027,9.119999885559082,9.420000076293945,1912800,0.0,0.0
2014-06-18 00:00:00-04:00,9.430000305175781,9.649999618530273,9.359999656677246,9.529999732971191,1262600,0.0,0.0
2014-06-19 00:00:00-04:00,9.539999961853027,9.539999961853027,9.220000267028809,9.300000190734863,892800,0.0,0.0
2014-06-20 00:00:00-04:00,9.359999656677246,9.359999656677246,9.149999618530273,9.300000190734863,1138400,0.0,0.0
2014-06-23 00:00:00-04:00,9.289999961853027,9.390000343322754,9.1899995803833,9.329999923706055,845800,0.0,0.0
2014-06-24 00:00:00-04:00,9.300000190734863,9.529999732971191,9.220000267028809,9.239999771118164,979600,0.0,0.0
2014-06-25 00:00:00-04:00,9.180000305175781,9.199999809265137,9.020000457763672,9.15999984741211,1641300,0.0,0.0
2014-06-26 00:00:00-04:00,9.130000114440918,9.270000457763672,9.029999732971191,9.25,758800,0.0,0.0
2014-06-27 00:00:00-04:00,9.119999885559082,9.579999923706055,9.119999885559082,9.550000190734863,2169200,0.0,0.0
2014-06-30 00:00:00-04:00,9.539999961853027,9.539999961853027,9.100000381469727,9.199999809265137,3082000,0.0,0.0
2014-07-01 00:00:00-04:00,9.149999618530273,9.3100004196167,9.149999618530273,9.239999771118164,1933500,0.0,0.0
2014-07-02 00:00:00-04:00,9.210000038146973,9.640000343322754,9.199999809265137,9.529999732971191,3109000,0.0,0.0
2014-07-03 00:00:00-04:00,9.539999961853027,9.680000305175781,9.380000114440918,9.5,819300,0.0,0.0
2014-07-07 00:00:00-04:00,9.5,9.5,9.260000228881836,9.260000228881836,1032700,0.0,0.0
2014-07-08 00:00:00-04:00,9.229999542236328,9.25,8.779999732971191,8.789999961853027,2827500,0.0,0.0
2014-07-09 00:00:00-04:00,8.84000015258789,8.90999984741211,8.5,8.59000015258789,3503400,0.0,0.0
2014-07-10 00:00:00-04:00,8.479999542236328,8.710000038146973,8.319999694824219,8.6899995803833,1822800,0.0,0.0
2014-07-11 00:00:00-04:00,8.670000076293945,8.779999732971191,8.609999656677246,8.729999542236328,779200,0.0,0.0
2014-07-14 00:00:00-04:00,8.569999694824219,9.0,8.569999694824219,8.960000038146973,1554000,0.0,0.0
2014-07-15 00:00:00-04:00,8.949999809265137,9.069999694824219,8.75,8.829999923706055,1659200,0.0,0.0
2014-07-16 00:00:00-04:00,8.869999885559082,8.930000305175781,8.640000343322754,8.869999885559082,1293400,0.0,0.0
2014-07-17 00:00:00-04:00,8.800000190734863,8.970000267028809,8.760000228881836,8.859999656677246,890300,0.0,0.0
2014-07-18 00:00:00-04:00,8.84000015258789,9.199999809265137,8.84000015258789,9.119999885559082,1673600,0.0,0.0
2014-07-21 00:00:00-04:00,9.0600004196167,9.1899995803833,8.960000038146973,9.140000343322754,1496900,0.0,0.0
2014-07-22 00:00:00-04:00,9.1899995803833,9.399999618530273,9.15999984741211,9.289999961853027,3137600,0.0,0.0
2014-07-23 00:00:00-04:00,9.199999809265137,9.3100004196167,9.0600004196167,9.140000343322754,3874500,0.0,0.0
2014-07-24 00:00:00-04:00,9.630000114440918,9.649999618530273,8.800000190734863,9.069999694824219,4552300,0.0,0.0
2014-07-25 00:00:00-04:00,8.949999809265137,9.149999618530273,8.819999694824219,9.130000114440918,2178300,0.0,0.0
2014-07-28 00:00:00-04:00,9.149999618530273,9.199999809265137,8.930000305175781,9.050000190734863,1822900,0.0,0.0
2014-07-29 00:00:00-04:00,9.0600004196167,9.119999885559082,8.970000267028809,9.0,1207500,0.0,0.0
2014-07-30 00:00:00-04:00,9.029999732971191,9.239999771118164,9.029999732971191,9.239999771118164,1843700,0.0,0.0
2014-07-31 00:00:00-04:00,9.119999885559082,9.329999923706055,9.119999885559082,9.199999809265137,2202200,0.0,0.0
2014-08-01 00:00:00-04:00,9.199999809265137,9.199999809265137,8.880000114440918,8.880000114440918,1737800,0.0,0.0
2014-08-04 00:00:00-04:00,8.970000267028809,9.039999961853027,8.699999809265137,8.880000114440918,1076200,0.0,0.0
2014-08-05 00:00:00-04:00,8.800000190734863,9.140000343322754,8.770000457763672,8.899999618530273,1572600,0.0,0.0
2014-08-06 00:00:00-04:00,8.829999923706055,9.229999542236328,8.770000457763672,9.210000038146973,1526800,0.0,0.0
2014-08-07 00:00:00-04:00,9.229999542236328,9.359999656677246,9.039999961853027,9.09000015258789,1277200,0.0,0.0
2014-08-08 00:00:00-04:00,9.100000381469727,9.270000457763672,9.09000015258789,9.220000267028809,846800,0.0,0.0
2014-08-11 00:00:00-04:00,9.270000457763672,9.329999923706055,9.170000076293945,9.220000267028809,1407900,0.0,0.0
2014-08-12 00:00:00-04:00,9.180000305175781,9.1899995803833,8.979999542236328,9.050000190734863,1374400,0.0,0.0
2014-08-13 00:00:00-04:00,9.09000015258789,9.130000114440918,9.039999961853027,9.050000190734863,602300,0.0,0.0
2014-08-14 00:00:00-04:00,9.020000457763672,9.130000114440918,8.920000076293945,9.119999885559082,863200,0.0,0.0
2014-08-15 00:00:00-04:00,9.220000267028809,9.25,9.010000228881836,9.100000381469727,1232900,0.0,0.0
2014-08-18 00:00:00-04:00,9.140000343322754,9.319999694824219,9.140000343322754,9.1899995803833,1322300,0.0,0.0
2014-08-19 00:00:00-04:00,9.170000076293945,9.369999885559082,9.149999618530273,9.350000381469727,1539600,0.0,0.0
2014-08-20 00:00:00-04:00,9.289999961853027,9.399999618530273,9.210000038146973,9.270000457763672,925200,0.0,0.0
2014-08-21 00:00:00-04:00,9.229999542236328,9.380000114440918,9.149999618530273,9.369999885559082,781500,0.0,0.0
2014-08-22 00:00:00-04:00,9.380000114440918,9.619999885559082,9.300000190734863,9.569999694824219,1666300,0.0,0.0
2014-08-25 00:00:00-04:00,9.619999885559082,9.930000305175781,9.600000381469727,9.829999923706055,2079100,0.0,0.0
2014-08-26 00:00:00-04:00,9.819999694824219,10.600000381469727,9.789999961853027,10.550000190734863,5794200,0.0,0.0
2014-08-27 00:00:00-04:00,10.529999732971191,10.569999694824219,10.329999923706055,10.369999885559082,1780600,0.0,0.0
2014-08-28 00:00:00-04:00,10.329999923706055,10.489999771118164,10.140000343322754,10.430000305175781,1863700,0.0,0.0
2014-08-29 00:00:00-04:00,10.4399995803833,10.619999885559082,10.359999656677246,10.579999923706055,2045800,0.0,0.0
2014-09-02 00:00:00-04:00,10.630000114440918,10.699999809265137,10.470000267028809,10.59000015258789,1807200,0.0,0.0
2014-09-03 00:00:00-04:00,10.630000114440918,10.75,10.350000381469727,10.420000076293945,1926700,0.0,0.0
2014-09-04 00:00:00-04:00,10.289999961853027,10.5,10.25,10.350000381469727,1507300,0.0,0.0
2014-09-05 00:00:00-04:00,10.289999961853027,10.350000381469727,10.15999984741211,10.329999923706055,901900,0.0,0.0
2014-09-08 00:00:00-04:00,10.75,11.25,10.739999771118164,11.1899995803833,4097600,0.0,0.0
2014-09-09 00:00:00-04:00,11.199999809265137,11.239999771118164,10.84000015258789,10.869999885559082,1800100,0.0,0.0
2014-09-10 00:00:00-04:00,10.90999984741211,11.270000457763672,10.850000381469727,11.25,1956500,0.0,0.0
2014-09-11 00:00:00-04:00,11.229999542236328,11.380000114440918,11.100000381469727,11.260000228881836,2082500,0.0,0.0
2014-09-12 00:00:00-04:00,11.25,11.329999923706055,11.0600004196167,11.109999656677246,1418600,0.0,0.0
2014-09-15 00:00:00-04:00,11.25,11.25,10.979999542236328,11.09000015258789,1377000,0.0,0.0
2014-09-16 00:00:00-04:00,11.039999961853027,11.199999809265137,10.970000267028809,11.140000343322754,1194600,0.0,0.0
2014-09-17 00:00:00-04:00,11.140000343322754,11.260000228881836,11.0600004196167,11.069999694824219,1693100,0.0,0.0
2014-09-18 00:00:00-04:00,11.130000114440918,11.640000343322754,11.100000381469727,11.5600004196167,2467700,0.0,0.0
2014-09-19 00:00:00-04:00,11.65999984741211,11.84000015258789,11.1899995803833,11.34000015258789,3113700,0.0,0.0
2014-09-22 00:00:00-04:00,11.220000267028809,11.3100004196167,11.09000015258789,11.220000267028809,1656100,0.0,0.0
2014-09-23 00:00:00-04:00,11.170000076293945,11.25,10.739999771118164,10.899999618530273,2886900,0.0,0.0
2014-09-24 00:00:00-04:00,10.920000076293945,11.0,10.720000267028809,10.789999961853027,2245700,0.0,0.0
2014-09-25 00:00:00-04:00,10.710000038146973,10.9399995803833,10.6899995803833,10.739999771118164,1619400,0.0,0.0
2014-09-26 00:00:00-04:00,10.779999732971191,10.850000381469727,10.600000381469727,10.609999656677246,1206600,0.0,0.0
2014-09-29 00:00:00-04:00,10.529999732971191,10.890000343322754,10.510000228881836,10.819999694824219,1626400,0.0,0.0
2014-09-30 00:00:00-04:00,10.779999732971191,10.84000015258789,10.640000343322754,10.670000076293945,1381100,0.0,0.0
2014-10-01 00:00:00-04:00,10.6899995803833,10.729999542236328,10.34000015258789,10.40999984741211,1466500,0.0,0.0
2014-10-02 00:00:00-04:00,10.399999618530273,10.59000015258789,10.170000076293945,10.59000015258789,1567200,0.0,0.0
2014-10-03 00:00:00-04:00,10.670000076293945,10.930000305175781,10.529999732971191,10.529999732971191,1181500,0.0,0.0
2014-10-06 00:00:00-04:00,10.529999732971191,10.579999923706055,10.119999885559082,10.140000343322754,1326000,0.0,0.0
2014-10-07 00:00:00-04:00,10.09000015258789,10.34000015258789,9.829999923706055,10.079999923706055,1597300,0.0,0.0
2014-10-08 00:00:00-04:00,10.069999694824219,10.260000228881836,9.829999923706055,10.170000076293945,1459700,0.0,0.0
2014-10-09 00:00:00-04:00,10.15999984741211,10.199999809265137,9.670000076293945,9.680000305175781,1719800,0.0,0.0
2014-10-10 00:00:00-04:00,9.630000114440918,9.779999732971191,9.270000457763672,9.270000457763672,1360900,0.0,0.0
2014-10-13 00:00:00-04:00,9.270000457763672,9.899999618530273,9.149999618530273,9.739999771118164,2117800,0.0,0.0
2014-10-14 00:00:00-04:00,9.8100004196167,9.989999771118164,9.729999542236328,9.859999656677246,2102700,0.0,0.0
2014-10-15 00:00:00-04:00,9.75,10.270000457763672,9.649999618530273,10.1899995803833,1906600,0.0,0.0
2014-10-16 00:00:00-04:00,10.010000228881836,10.529999732971191,9.960000038146973,10.40999984741211,1901800,0.0,0.0
2014-10-17 00:00:00-04:00,10.5600004196167,10.710000038146973,10.210000038146973,10.350000381469727,2175700,0.0,0.0
2014-10-20 00:00:00-04:00,10.3100004196167,10.579999923706055,10.1899995803833,10.569999694824219,2054900,0.0,0.0
2014-10-21 00:00:00-04:00,10.550000190734863,10.850000381469727,10.550000190734863,10.829999923706055,1633500,0.0,0.0
2014-10-22 00:00:00-04:00,10.850000381469727,10.90999984741211,10.600000381469727,10.609999656677246,2855700,0.0,0.0
2014-10-23 00:00:00-04:00,12.25,13.960000038146973,12.170000076293945,13.890000343322754,23814000,0.0,0.0
2014-10-24 00:00:00-04:00,13.510000228881836,13.890000343322754,13.050000190734863,13.779999732971191,6838400,0.0,0.0
2014-10-27 00:00:00-04:00,13.430000305175781,13.869999885559082,13.34000015258789,13.869999885559082,3842300,0.0,0.0
2014-10-28 00:00:00-04:00,13.970000267028809,14.5,13.8100004196167,14.390000343322754,4328300,0.0,0.0
2014-10-29 00:00:00-04:00,14.399999618530273,14.479999542236328,14.100000381469727,14.460000038146973,2686800,0.0,0.0
2014-10-30 00:00:00-04:00,14.4399995803833,14.699999809265137,14.289999961853027,14.4399995803833,2683900,0.0,0.0
2014-10-31 00:00:00-04:00,14.720000267028809,14.729999542236328,14.329999923706055,14.529999732971191,2637000,0.0,0.0
2014-11-03 00:00:00-05:00,14.529999732971191,14.789999961853027,14.369999885559082,14.40999984741211,2660600,0.0,0.0
2014-11-04 00:00:00-05:00,14.680000305175781,14.699999809265137,14.300000190734863,14.569999694824219,2609100,0.0,0.0
2014-11-05 00:00:00-05:00,14.960000038146973,14.979999542236328,13.529999732971191,13.850000381469727,5500300,0.0,0.0
2014-11-06 00:00:00-05:00,13.449999809265137,13.84000015258789,13.449999809265137,13.779999732971191,2749900,0.0,0.0
2014-11-07 00:00:00-05:00,13.6899995803833,13.989999771118164,13.600000381469727,13.989999771118164,1825600,0.0,0.0
2014-11-10 00:00:00-05:00,13.979999542236328,14.479999542236328,13.850000381469727,14.369999885559082,2868600,0.0,0.0
2014-11-11 00:00:00-05:00,14.460000038146973,14.489999771118164,14.170000076293945,14.40999984741211,3121100,0.0,0.0
2014-11-12 00:00:00-05:00,14.260000228881836,14.479999542236328,14.260000228881836,14.420000076293945,1402600,0.0,0.0
2014-11-13 00:00:00-05:00,14.380000114440918,14.479999542236328,13.789999961853027,13.84000015258789,2613600,0.0,0.0
2014-11-14 00:00:00-05:00,13.8100004196167,14.0,13.600000381469727,13.989999771118164,2357300,0.0,0.0
2014-11-17 00:00:00-05:00,13.989999771118164,14.149999618530273,13.710000038146973,13.710000038146973,1541700,0.0,0.0
2014-11-18 00:00:00-05:00,13.770000457763672,14.039999961853027,13.720000267028809,13.819999694824219,1486700,0.0,0.0
2014-11-19 00:00:00-05:00,13.819999694824219,13.819999694824219,13.359999656677246,13.40999984741211,1816800,0.0,0.0
2014-11-20 00:00:00-05:00,13.350000381469727,13.8100004196167,13.279999732971191,13.720000267028809,1649700,0.0,0.0
2014-11-21 00:00:00-05:00,13.9399995803833,14.0,13.520000457763672,13.609999656677246,1535800,0.0,0.0
2014-11-24 00:00:00-05:00,13.609999656677246,13.680000305175781,13.420000076293945,13.569999694824219,914700,0.0,0.0
2014-11-25 00:00:00-05:00,13.569999694824219,13.770000457763672,13.510000228881836,13.529999732971191,649100,0.0,0.0
2014-11-26 00:00:00-05:00,13.569999694824219,13.800000190734863,13.510000228881836,13.680000305175781,974000,0.0,0.0
2014-11-28 00:00:00-05:00,13.729999542236328,13.920000076293945,13.609999656677246,13.630000114440918,507000,0.0,0.0
2014-12-01 00:00:00-05:00,13.609999656677246,13.850000381469727,13.539999961853027,13.640000343322754,1626700,0.0,0.0
2014-12-02 00:00:00-05:00,13.619999885559082,14.149999618530273,13.579999923706055,14.050000190734863,1998000,0.0,0.0
2014-12-03 00:00:00-05:00,14.020000457763672,14.75,14.020000457763672,14.619999885559082,3186200,0.0,0.0
2014-12-04 00:00:00-05:00,14.600000381469727,14.779999732971191,14.15999984741211,14.25,1895600,0.0,0.0
2014-12-05 00:00:00-05:00,14.289999961853027,14.75,14.199999809265137,14.649999618530273,1523800,0.0,0.0
2014-12-08 00:00:00-05:00,14.680000305175781,14.710000038146973,14.069999694824219,14.069999694824219,1035900,0.0,0.0
2014-12-09 00:00:00-05:00,13.949999809265137,14.479999542236328,13.449999809265137,14.40999984741211,1644000,0.0,0.0
2014-12-10 00:00:00-05:00,14.350000381469727,14.479999542236328,13.850000381469727,13.890000343322754,1189200,0.0,0.0
2014-12-11 00:00:00-05:00,14.029999732971191,14.319999694824219,13.930000305175781,14.0,1143400,0.0,0.0
2014-12-12 00:00:00-05:00,13.819999694824219,14.350000381469727,13.75,14.050000190734863,1016000,0.0,0.0
2014-12-15 00:00:00-05:00,14.100000381469727,14.350000381469727,13.869999885559082,13.880000114440918,1178100,0.0,0.0
2014-12-16 00:00:00-05:00,14.029999732971191,14.279999732971191,13.789999961853027,14.109999656677246,1555300,0.0,0.0
2014-12-17 00:00:00-05:00,14.119999885559082,14.949999809265137,13.899999618530273,14.920000076293945,2943200,0.0,0.0
2014-12-18 00:00:00-05:00,15.100000381469727,15.449999809265137,14.90999984741211,15.25,2444900,0.0,0.0
2014-12-19 00:00:00-05:00,15.25,15.600000381469727,15.15999984741211,15.489999771118164,2677000,0.0,0.0
2014-12-22 00:00:00-05:00,15.479999542236328,15.739999771118164,15.25,15.34000015258789,1191200,0.0,0.0
2014-12-23 00:00:00-05:00,15.430000305175781,15.460000038146973,15.0600004196167,15.170000076293945,1057700,0.0,0.0
2014-12-24 00:00:00-05:00,15.210000038146973,15.329999923706055,15.100000381469727,15.220000267028809,329400,0.0,0.0
2014-12-26 00:00:00-05:00,15.220000267028809,15.220000267028809,14.6899995803833,14.90999984741211,1025900,0.0,0.0
2014-12-29 00:00:00-05:00,14.979999542236328,15.0,14.609999656677246,14.770000457763672,806400,0.0,0.0
2014-12-30 00:00:00-05:00,14.760000228881836,14.880000114440918,14.529999732971191,14.649999618530273,609700,0.0,0.0
2014-12-31 00:00:00-05:00,14.6899995803833,15.149999618530273,14.5600004196167,14.720000267028809,1313500,0.0,0.0
2015-01-02 00:00:00-05:00,14.770000457763672,14.920000076293945,14.210000038146973,14.4399995803833,1508900,0.0,0.0
2015-01-05 00:00:00-05:00,14.270000457763672,14.539999961853027,14.149999618530273,14.319999694824219,1079000,0.0,0.0
2015-01-06 00:00:00-05:00,13.9399995803833,13.949999809265137,13.0,13.119999885559082,3628700,0.0,0.0
2015-01-07 00:00:00-05:00,13.1899995803833,13.5600004196167,13.149999618530273,13.520000457763672,1912500,0.0,0.0
2015-01-08 00:00:00-05:00,13.619999885559082,14.140000343322754,13.569999694824219,14.039999961853027,1535700,0.0,0.0
2015-01-09 00:00:00-05:00,14.039999961853027,14.220000267028809,13.979999542236328,14.0,1223500,0.0,0.0
2015-01-12 00:00:00-05:00,14.0,14.100000381469727,13.75,13.789999961853027,1105700,0.0,0.0
2015-01-13 00:00:00-05:00,14.010000228881836,14.130000114440918,13.609999656677246,13.779999732971191,1149200,0.0,0.0
2015-01-14 00:00:00-05:00,13.770000457763672,14.039999961853027,13.520000457763672,13.760000228881836,902400,0.0,0.0
2015-01-15 00:00:00-05:00,13.75,13.84000015258789,13.100000381469727,13.140000343322754,1532000,0.0,0.0
2015-01-16 00:00:00-05:00,13.09000015258789,13.539999961853027,13.079999923706055,13.510000228881836,1551500,0.0,0.0
2015-01-20 00:00:00-05:00,13.630000114440918,13.829999923706055,13.460000038146973,13.649999618530273,3104800,0.0,0.0
2015-01-21 00:00:00-05:00,13.640000343322754,14.399999618530273,13.5600004196167,14.079999923706055,1865300,0.0,0.0
2015-01-22 00:00:00-05:00,14.149999618530273,14.5,13.8100004196167,14.399999618530273,2728300,0.0,0.0
2015-01-23 00:00:00-05:00,16.5,17.489999771118164,16.360000610351562,16.989999771118164,12351700,0.0,0.0
2015-01-26 00:00:00-05:00,16.950000762939453,17.049999237060547,16.600000381469727,16.690000534057617,3198500,0.0,0.0
2015-01-27 00:00:00-05:00,16.5,16.739999771118164,16.170000076293945,16.579999923706055,1879900,0.0,0.0
2015-01-28 00:00:00-05:00,16.700000762939453,16.959999084472656,16.3700008392334,16.3700008392334,1681600,0.0,0.0
2015-01-29 00:00:00-05:00,16.399999618530273,16.700000762939453,16.18000030517578,16.68000030517578,1947200,0.0,0.0
2015-01-30 00:00:00-05:00,16.5,16.719999313354492,16.100000381469727,16.1200008392334,1707400,0.0,0.0
2015-02-02 00:00:00-05:00,16.170000076293945,16.420000076293945,15.800000190734863,16.420000076293945,1307900,0.0,0.0
2015-02-03 00:00:00-05:00,16.459999084472656,16.75,16.31999969482422,16.43000030517578,1094300,0.0,0.0
2015-02-04 00:00:00-05:00,16.270000457763672,16.530000686645508,16.209999084472656,16.3700008392334,1189800,0.0,0.0
2015-02-05 00:00:00-05:00,16.5,17.219999313354492,16.469999313354492,17.049999237060547,2177400,0.0,0.0
2015-02-06 00:00:00-05:00,17.049999237060547,17.049999237060547,16.540000915527344,16.649999618530273,1282400,0.0,0.0
2015-02-09 00:00:00-05:00,16.56999969482422,17.020000457763672,16.5,16.889999389648438,1204200,0.0,0.0
2015-02-10 00:00:00-05:00,17.079999923706055,17.479999542236328,16.950000762939453,17.309999465942383,1783900,0.0,0.0
2015-02-11 00:00:00-05:00,17.280000686645508,17.959999084472656,17.15999984741211,17.719999313354492,2053900,0.0,0.0
2015-02-12 00:00:00-05:00,17.84000015258789,17.920000076293945,17.350000381469727,17.65999984741211,1660500,0.0,0.0
2015-02-13 00:00:00-05:00,17.709999084472656,18.040000915527344,17.520000457763672,17.559999465942383,1625300,0.0,0.0
2015-02-17 00:00:00-05:00,17.489999771118164,17.5,17.149999618530273,17.239999771118164,966400,0.0,0.0
2015-02-18 00:00:00-05:00,17.110000610351562,17.15999984741211,16.799999237060547,17.15999984741211,1420100,0.0,0.0
2015-02-19 00:00:00-05:00,17.149999618530273,17.469999313354492,17.110000610351562,17.3799991607666,1174000,0.0,0.0
2015-02-20 00:00:00-05:00,17.3799991607666,17.729999542236328,17.299999237060547,17.649999618530273,1058400,0.0,0.0
2015-02-23 00:00:00-05:00,17.65999984741211,17.670000076293945,17.399999618530273,17.5,1060700,0.0,0.0
2015-02-24 00:00:00-05:00,17.469999313354492,17.709999084472656,17.299999237060547,17.3799991607666,1120600,0.0,0.0
2015-02-25 00:00:00-05:00,17.600000381469727,17.600000381469727,17.25,17.329999923706055,1207900,0.0,0.0
2015-02-26 00:00:00-05:00,17.260000228881836,17.469999313354492,17.059999465942383,17.360000610351562,1298400,0.0,0.0
2015-02-27 00:00:00-05:00,17.3799991607666,17.399999618530273,17.010000228881836,17.049999237060547,1353400,0.0,0.0
2015-03-02 00:00:00-05:00,17.010000228881836,17.5,16.950000762939453,17.43000030517578,1536100,0.0,0.0
2015-03-03 00:00:00-05:00,17.40999984741211,17.440000534057617,17.010000228881836,17.100000381469727,1233500,0.0,0.0
2015-03-04 00:00:00-05:00,17.139999389648438,17.219999313354492,16.940000534057617,17.06999969482422,870400,0.0,0.0
2015-03-05 00:00:00-05:00,17.0,17.489999771118164,16.969999313354492,17.31999969482422,899700,0.0,0.0
2015-03-06 00:00:00-05:00,17.200000762939453,17.479999542236328,17.1200008392334,17.309999465942383,1269000,0.0,0.0
2015-03-09 00:00:00-04:00,17.360000610351562,18.200000762939453,17.31999969482422,18.170000076293945,2131500,0.0,0.0
2015-03-10 00:00:00-04:00,18.1299991607666,18.1299991607666,17.829999923706055,17.940000534057617,1537700,0.0,0.0
2015-03-11 00:00:00-04:00,17.93000030517578,18.489999771118164,17.850000381469727,18.329999923706055,1457200,0.0,0.0
2015-03-12 00:00:00-04:00,18.360000610351562,18.700000762939453,18.31999969482422,18.68000030517578,1055800,0.0,0.0
2015-03-13 00:00:00-04:00,18.040000915527344,18.75,18.040000915527344,18.489999771118164,1212300,0.0,0.0
2015-03-16 00:00:00-04:00,18.56999969482422,19.010000228881836,18.520000457763672,18.969999313354492,1278300,0.0,0.0
2015-03-17 00:00:00-04:00,18.860000610351562,19.299999237060547,18.799999237060547,19.170000076293945,1254500,0.0,0.0
2015-03-18 00:00:00-04:00,19.09000015258789,19.450000762939453,18.959999084472656,19.209999084472656,1102800,0.0,0.0
2015-03-19 00:00:00-04:00,19.15999984741211,19.479999542236328,18.940000534057617,19.09000015258789,1770700,0.0,0.0
2015-03-20 00:00:00-04:00,19.18000030517578,19.18000030517578,18.6200008392334,19.1200008392334,1872800,0.0,0.0
2015-03-23 00:00:00-04:00,19.06999969482422,19.079999923706055,18.8700008392334,18.950000762939453,915000,0.0,0.0
2015-03-24 00:00:00-04:00,18.90999984741211,18.950000762939453,18.399999618530273,18.489999771118164,1279300,0.0,0.0
2015-03-25 00:00:00-04:00,18.479999542236328,18.489999771118164,17.770000457763672,17.799999237060547,1100700,0.0,0.0
2015-03-26 00:00:00-04:00,17.649999618530273,18.93000030517578,17.559999465942383,18.719999313354492,2289900,0.0,0.0
2015-03-27 00:00:00-04:00,19.3700008392334,19.700000762939453,19.110000610351562,19.59000015258789,2516600,0.0,0.0
2015-03-30 00:00:00-04:00,19.59000015258789,19.719999313354492,19.15999984741211,19.40999984741211,1474500,0.0,0.0
2015-03-31 00:00:00-04:00,19.93000030517578,20.229999542236328,19.479999542236328,19.670000076293945,2110900,0.0,0.0
2015-04-01 00:00:00-04:00,19.56999969482422,19.850000381469727,19.1200008392334,19.329999923706055,1169000,0.0,0.0
2015-04-02 00:00:00-04:00,18.780000686645508,19.059999465942383,18.3799991607666,18.899999618530273,1871800,0.0,0.0
2015-04-06 00:00:00-04:00,18.75,19.190000534057617,18.649999618530273,18.979999542236328,892000,0.0,0.0
2015-04-07 00:00:00-04:00,18.979999542236328,19.579999923706055,18.90999984741211,19.200000762939453,882800,0.0,0.0
2015-04-08 00:00:00-04:00,19.15999984741211,19.510000228881836,19.010000228881836,19.43000030517578,931400,0.0,0.0
2015-04-09 00:00:00-04:00,19.90999984741211,20.59000015258789,19.149999618530273,20.06999969482422,2906100,0.0,0.0
2015-04-10 00:00:00-04:00,20.399999618530273,20.469999313354492,19.549999237060547,19.93000030517578,1396000,0.0,0.0
2015-04-13 00:00:00-04:00,19.959999084472656,20.229999542236328,19.770000457763672,19.799999237060547,1299500,0.0,0.0
2015-04-14 00:00:00-04:00,20.1200008392334,20.56999969482422,20.020000457763672,20.3700008392334,2700600,0.0,0.0
2015-04-15 00:00:00-04:00,20.389999389648438,20.40999984741211,19.860000610351562,20.030000686645508,1725800,0.0,0.0
2015-04-16 00:00:00-04:00,20.110000610351562,20.479999542236328,20.049999237060547,20.3799991607666,1665700,0.0,0.0
2015-04-17 00:00:00-04:00,20.229999542236328,20.260000228881836,19.3700008392334,19.5,2601600,0.0,0.0
2015-04-20 00:00:00-04:00,19.780000686645508,19.989999771118164,19.610000610351562,19.950000762939453,1880300,0.0,0.0
2015-04-21 00:00:00-04:00,20.030000686645508,20.3799991607666,19.75,20.219999313354492,3410500,0.0,0.0
2015-04-22 00:00:00-04:00,20.8700008392334,20.93000030517578,19.520000457763672,19.790000915527344,4959100,0.0,0.0
2015-04-23 00:00:00-04:00,19.700000762939453,19.84000015258789,19.280000686645508,19.34000015258789,2046500,0.0,0.0
2015-04-24 00:00:00-04:00,19.399999618530273,20.15999984741211,19.25,20.149999618530273,3263000,0.0,0.0
2015-04-27 00:00:00-04:00,20.200000762939453,20.649999618530273,19.90999984741211,20.0,3581000,0.0,0.0
2015-04-28 00:00:00-04:00,19.950000762939453,20.229999542236328,19.709999084472656,20.110000610351562,2489700,0.0,0.0
2015-04-29 00:00:00-04:00,20.020000457763672,20.170000076293945,19.709999084472656,19.790000915527344,1472200,0.0,0.0
2015-04-30 00:00:00-04:00,19.729999542236328,19.799999237060547,18.700000762939453,18.799999237060547,3492800,0.0,0.0
2015-05-01 00:00:00-04:00,18.81999969482422,19.100000381469727,18.540000915527344,18.68000030517578,2118300,0.0,0.0
2015-05-04 00:00:00-04:00,18.709999084472656,19.260000228881836,18.579999923706055,19.110000610351562,1794800,0.0,0.0
2015-05-05 00:00:00-04:00,19.09000015258789,19.1299991607666,18.010000228881836,18.010000228881836,3282900,0.0,0.0
2015-05-06 00:00:00-04:00,18.059999465942383,18.18000030517578,17.579999923706055,18.0,3411700,0.0,0.0
2015-05-07 00:00:00-04:00,18.030000686645508,19.170000076293945,18.0,19.010000228881836,2318300,0.0,0.0
2015-05-08 00:00:00-04:00,18.850000381469727,19.600000381469727,18.850000381469727,19.469999313354492,2018100,0.0,0.0
2015-05-11 00:00:00-04:00,19.479999542236328,19.799999237060547,19.329999923706055,19.34000015258789,1272000,0.0,0.0
2015-05-12 00:00:00-04:00,19.350000381469727,19.56999969482422,19.020000457763672,19.520000457763672,1253700,0.0,0.0
2015-05-13 00:00:00-04:00,19.600000381469727,19.65999984741211,19.149999618530273,19.190000534057617,946000,0.0,0.0
2015-05-14 00:00:00-04:00,19.350000381469727,19.979999542236328,19.219999313354492,19.950000762939453,1919100,0.0,0.0
2015-05-15 00:00:00-04:00,19.940000534057617,20.0,19.610000610351562,19.709999084472656,831200,0.0,0.0
2015-05-18 00:00:00-04:00,19.75,20.489999771118164,19.65999984741211,20.270000457763672,1833900,0.0,0.0
2015-05-19 00:00:00-04:00,20.5,20.559999465942383,20.1299991607666,20.200000762939453,1101500,0.0,0.0
2015-05-20 00:00:00-04:00,20.309999465942383,20.450000762939453,20.010000228881836,20.049999237060547,1141100,0.0,0.0
2015-05-21 00:00:00-04:00,19.8700008392334,20.0,19.350000381469727,19.690000534057617,1457900,0.0,0.0
2015-05-22 00:00:00-04:00,19.690000534057617,19.8799991607666,19.549999237060547,19.68000030517578,759000,0.0,0.0
2015-05-26 00:00:00-04:00,19.65999984741211,19.75,19.329999923706055,19.399999618530273,1181400,0.0,0.0
2015-05-27 00:00:00-04:00,19.969999313354492,19.989999771118164,19.299999237060547,19.690000534057617,2526600,0.0,0.0
2015-05-28 00:00:00-04:00,19.65999984741211,20.790000915527344,19.649999618530273,20.489999771118164,2473500,0.0,0.0
2015-05-29 00:00:00-04:00,20.489999771118164,20.799999237060547,20.360000610351562,20.639999389648438,1602300,0.0,0.0
2015-06-01 00:00:00-04:00,20.799999237060547,21.489999771118164,20.760000228881836,21.06999969482422,1884100,0.0,0.0
2015-06-02 00:00:00-04:00,20.950000762939453,21.110000610351562,20.649999618530273,20.850000381469727,1453300,0.0,0.0
2015-06-03 00:00:00-04:00,20.90999984741211,21.280000686645508,20.760000228881836,21.280000686645508,1044700,0.0,0.0
2015-06-04 00:00:00-04:00,21.18000030517578,21.489999771118164,20.860000610351562,20.940000534057617,1526200,0.0,0.0
2015-06-05 00:00:00-04:00,20.940000534057617,21.520000457763672,20.68000030517578,21.399999618530273,989700,0.0,0.0
2015-06-08 00:00:00-04:00,21.43000030517578,21.610000610351562,20.899999618530273,21.209999084472656,1137400,0.0,0.0
2015-06-09 00:00:00-04:00,21.239999771118164,21.420000076293945,20.850000381469727,21.290000915527344,852400,0.0,0.0
2015-06-10 00:00:00-04:00,21.280000686645508,21.530000686645508,21.190000534057617,21.479999542236328,956600,0.0,0.0
2015-06-11 00:00:00-04:00,21.610000610351562,21.860000610351562,21.34000015258789,21.40999984741211,740300,0.0,0.0
2015-06-12 00:00:00-04:00,21.360000610351562,21.670000076293945,21.059999465942383,21.520000457763672,945300,0.0,0.0
2015-06-15 00:00:00-04:00,21.649999618530273,22.3700008392334,21.280000686645508,22.280000686645508,1700400,0.0,0.0
2015-06-16 00:00:00-04:00,22.290000915527344,22.43000030517578,22.06999969482422,22.420000076293945,1167800,0.0,0.0
2015-06-17 00:00:00-04:00,22.450000762939453,22.56999969482422,22.170000076293945,22.3700008392334,1186300,0.0,0.0
2015-06-18 00:00:00-04:00,22.450000762939453,22.860000610351562,22.239999771118164,22.739999771118164,1249200,0.0,0.0
2015-06-19 00:00:00-04:00,22.799999237060547,22.90999984741211,22.170000076293945,22.690000534057617,1626500,0.0,0.0
2015-06-22 00:00:00-04:00,22.8700008392334,22.950000762939453,22.399999618530273,22.729999542236328,841000,0.0,0.0
2015-06-23 00:00:00-04:00,22.799999237060547,22.799999237060547,21.649999618530273,22.100000381469727,2142100,0.0,0.0
2015-06-24 00:00:00-04:00,22.100000381469727,22.229999542236328,21.440000534057617,21.790000915527344,1460700,0.0,0.0
2015-06-25 00:00:00-04:00,21.940000534057617,21.979999542236328,21.549999237060547,21.690000534057617,629100,0.0,0.0
2015-06-26 00:00:00-04:00,21.81999969482422,21.81999969482422,20.90999984741211,21.239999771118164,2300900,0.0,0.0
2015-06-29 00:00:00-04:00,20.81999969482422,21.719999313354492,20.700000762939453,21.010000228881836,1418500,0.0,0.0
2015-06-30 00:00:00-04:00,21.40999984741211,21.440000534057617,20.649999618530273,20.979999542236328,1369400,0.0,0.0
2015-07-01 00:00:00-04:00,21.170000076293945,21.59000015258789,21.110000610351562,21.5,1121000,0.0,0.0
2015-07-02 00:00:00-04:00,21.510000228881836,21.600000381469727,21.079999923706055,21.209999084472656,1013200,0.0,0.0
2015-07-06 00:00:00-04:00,21.049999237060547,21.3799991607666,20.850000381469727,21.049999237060547,1140100,0.0,0.0
2015-07-07 00:00:00-04:00,21.100000381469727,21.110000610351562,19.780000686645508,20.739999771118164,1619100,0.0,0.0
2015-07-08 00:00:00-04:00,20.479999542236328,20.75,19.989999771118164,20.06999969482422,1238400,0.0,0.0
2015-07-09 00:00:00-04:00,20.34000015258789,20.899999618530273,19.540000915527344,19.700000762939453,2593500,0.0,0.0
2015-07-10 00:00:00-04:00,20.0,20.329999923706055,19.729999542236328,20.209999084472656,1098300,0.0,0.0
2015-07-13 00:00:00-04:00,20.31999969482422,20.440000534057617,20.040000915527344,20.25,1172700,0.0,0.0
2015-07-14 00:00:00-04:00,20.18000030517578,20.90999984741211,20.18000030517578,20.889999389648438,1761700,0.0,0.0
2015-07-15 00:00:00-04:00,20.860000610351562,21.209999084472656,20.700000762939453,21.149999618530273,1198200,0.0,0.0
2015-07-16 00:00:00-04:00,21.299999237060547,21.75,21.15999984741211,21.649999618530273,1198200,0.0,0.0
2015-07-17 00:00:00-04:00,21.579999923706055,21.729999542236328,21.25,21.610000610351562,1281200,0.0,0.0
2015-07-20 00:00:00-04:00,21.450000762939453,21.649999618530273,21.190000534057617,21.229999542236328,924700,0.0,0.0
2015-07-21 00:00:00-04:00,21.149999618530273,21.770000457763672,21.06999969482422,21.690000534057617,1269300,0.0,0.0
2015-07-22 00:00:00-04:00,21.479999542236328,21.579999923706055,21.010000228881836,21.290000915527344,2334600,0.0,0.0
2015-07-23 00:00:00-04:00,22.049999237060547,24.239999771118164,22.049999237060547,23.149999618530273,7967700,0.0,0.0
2015-07-24 00:00:00-04:00,23.219999313354492,23.600000381469727,23.020000457763672,23.059999465942383,3108100,0.0,0.0
2015-07-27 00:00:00-04:00,22.920000076293945,23.3700008392334,22.729999542236328,23.100000381469727,1468300,0.0,0.0
2015-07-28 00:00:00-04:00,23.239999771118164,23.309999465942383,22.649999618530273,22.959999084472656,1356200,0.0,0.0
2015-07-29 00:00:00-04:00,22.979999542236328,23.040000915527344,22.469999313354492,22.989999771118164,1198700,0.0,0.0
2015-07-30 00:00:00-04:00,23.1200008392334,23.600000381469727,22.610000610351562,23.520000457763672,1695300,0.0,0.0
2015-07-31 00:00:00-04:00,23.530000686645508,24.030000686645508,23.18000030517578,23.940000534057617,2384500,0.0,0.0
2015-08-03 00:00:00-04:00,23.950000762939453,24.43000030517578,23.770000457763672,24.059999465942383,1921600,0.0,0.0
2015-08-04 00:00:00-04:00,24.110000610351562,24.190000534057617,23.549999237060547,23.899999618530273,1001500,0.0,0.0
2015-08-05 00:00:00-04:00,24.100000381469727,24.3799991607666,23.8700008392334,23.959999084472656,1294700,0.0,0.0
2015-08-06 00:00:00-04:00,23.760000228881836,24.260000228881836,23.079999923706055,23.31999969482422,1011200,0.0,0.0
2015-08-07 00:00:00-04:00,23.190000534057617,23.75,22.899999618530273,23.729999542236328,958000,0.0,0.0
2015-08-10 00:00:00-04:00,23.809999465942383,24.239999771118164,23.75,24.059999465942383,1262300,0.0,0.0
2015-08-11 00:00:00-04:00,23.81999969482422,24.729999542236328,23.639999389648438,23.770000457763672,1520000,0.0,0.0
2015-08-12 00:00:00-04:00,23.510000228881836,24.1299991607666,23.020000457763672,24.049999237060547,1248100,0.0,0.0
2015-08-13 00:00:00-04:00,24.209999084472656,24.469999313354492,23.709999084472656,23.860000610351562,1139600,0.0,0.0
2015-08-14 00:00:00-04:00,23.809999465942383,24.149999618530273,23.450000762939453,24.1200008392334,844600,0.0,0.0
2015-08-17 00:00:00-04:00,24.290000915527344,24.739999771118164,24.059999465942383,24.719999313354492,1578200,0.0,0.0
2015-08-18 00:00:00-04:00,24.8700008392334,25.239999771118164,24.399999618530273,24.479999542236328,1443500,0.0,0.0
2015-08-19 00:00:00-04:00,24.350000381469727,24.889999389648438,24.110000610351562,24.549999237060547,1143300,0.0,0.0
2015-08-20 00:00:00-04:00,24.31999969482422,24.450000762939453,21.520000457763672,21.530000686645508,3694600,0.0,0.0
2015-08-21 00:00:00-04:00,20.8799991607666,21.5,20.469999313354492,21.06999969482422,3767600,0.0,0.0
2015-08-24 00:00:00-04:00,19.049999237060547,20.760000228881836,18.350000381469727,19.719999313354492,3602400,0.0,0.0
2015-08-25 00:00:00-04:00,21.0,21.149999618530273,20.399999618530273,20.40999984741211,2074400,0.0,0.0
2015-08-26 00:00:00-04:00,21.0,21.15999984741211,20.260000228881836,21.030000686645508,2809000,0.0,0.0
2015-08-27 00:00:00-04:00,21.350000381469727,22.520000457763672,21.350000381469727,22.510000228881836,2702500,0.0,0.0
2015-08-28 00:00:00-04:00,22.290000915527344,22.709999084472656,21.84000015258789,22.290000915527344,1571700,0.0,0.0
2015-08-31 00:00:00-04:00,22.15999984741211,22.469999313354492,21.709999084472656,21.81999969482422,2045400,0.0,0.0
2015-09-01 00:00:00-04:00,21.280000686645508,21.790000915527344,21.079999923706055,21.510000228881836,1458300,0.0,0.0
2015-09-02 00:00:00-04:00,21.860000610351562,22.049999237060547,21.5,22.049999237060547,927300,0.0,0.0
2015-09-03 00:00:00-04:00,22.049999237060547,22.459999084472656,21.790000915527344,21.920000076293945,1563300,0.0,0.0
2015-09-04 00:00:00-04:00,21.610000610351562,21.969999313354492,21.360000610351562,21.40999984741211,1140100,0.0,0.0
2015-09-08 00:00:00-04:00,20.8799991607666,20.93000030517578,20.280000686645508,20.56999969482422,4683000,0.0,0.0
2015-09-09 00:00:00-04:00,21.190000534057617,21.190000534057617,20.450000762939453,20.850000381469727,2843200,0.0,0.0
2015-09-10 00:00:00-04:00,20.75,21.100000381469727,20.56999969482422,20.889999389648438,1466000,0.0,0.0
2015-09-11 00:00:00-04:00,20.709999084472656,20.790000915527344,19.75,20.209999084472656,2430400,0.0,0.0
2015-09-14 00:00:00-04:00,20.25,20.579999923706055,20.25,20.40999984741211,1157800,0.0,0.0
2015-09-15 00:00:00-04:00,20.399999618530273,20.90999984741211,20.31999969482422,20.84000015258789,1223300,0.0,0.0
2015-09-16 00:00:00-04:00,20.920000076293945,21.030000686645508,20.479999542236328,20.969999313354492,754500,0.0,0.0
2015-09-17 00:00:00-04:00,20.850000381469727,21.469999313354492,20.75,21.239999771118164,1025800,0.0,0.0
2015-09-18 00:00:00-04:00,20.979999542236328,21.270000457763672,20.739999771118164,21.030000686645508,2860000,0.0,0.0
2015-09-21 00:00:00-04:00,21.059999465942383,21.34000015258789,20.809999465942383,21.06999969482422,1397600,0.0,0.0
2015-09-22 00:00:00-04:00,20.75,20.950000762939453,20.190000534057617,20.549999237060547,1443200,0.0,0.0
2015-09-23 00:00:00-04:00,20.709999084472656,21.0,20.489999771118164,20.760000228881836,1129000,0.0,0.0
2015-09-24 00:00:00-04:00,20.530000686645508,20.639999389648438,19.969999313354492,20.540000915527344,1592200,0.0,0.0
2015-09-25 00:00:00-04:00,20.739999771118164,20.860000610351562,19.979999542236328,20.110000610351562,1395700,0.0,0.0
2015-09-28 00:00:00-04:00,20.079999923706055,20.299999237060547,19.3700008392334,19.420000076293945,1650700,0.0,0.0
2015-09-29 00:00:00-04:00,19.420000076293945,19.579999923706055,19.030000686645508,19.209999084472656,1379300,0.0,0.0
2015-09-30 00:00:00-04:00,19.3700008392334,19.600000381469727,19.100000381469727,19.559999465942383,1253400,0.0,0.0
2015-10-01 00:00:00-04:00,19.59000015258789,20.149999618530273,19.09000015258789,20.100000381469727,2045300,0.0,0.0
2015-10-02 00:00:00-04:00,19.860000610351562,20.760000228881836,19.65999984741211,20.739999771118164,1510100,0.0,0.0
2015-10-05 00:00:00-04:00,20.799999237060547,21.420000076293945,20.540000915527344,20.860000610351562,1960500,0.0,0.0
2015-10-06 00:00:00-04:00,20.81999969482422,20.959999084472656,20.229999542236328,20.510000228881836,1447300,0.0,0.0
2015-10-07 00:00:00-04:00,20.549999237060547,20.799999237060547,17.760000228881836,19.719999313354492,8121500,0.0,0.0
2015-10-08 00:00:00-04:00,20.5,20.5,19.739999771118164,19.850000381469727,1790000,0.0,0.0
2015-10-09 00:00:00-04:00,19.579999923706055,19.770000457763672,19.139999389648438,19.219999313354492,1985100,0.0,0.0
2015-10-12 00:00:00-04:00,19.270000457763672,19.469999313354492,18.329999923706055,18.350000381469727,2951800,0.0,0.0
2015-10-13 00:00:00-04:00,18.260000228881836,18.389999389648438,17.25,17.270000457763672,4449000,0.0,0.0
2015-10-14 00:00:00-04:00,17.350000381469727,17.510000228881836,16.979999542236328,17.049999237060547,3341500,0.0,0.0
2015-10-15 00:00:00-04:00,17.110000610351562,18.010000228881836,17.100000381469727,17.989999771118164,2941700,0.0,0.0
2015-10-16 00:00:00-04:00,17.959999084472656,18.389999389648438,17.670000076293945,18.309999465942383,2641100,0.0,0.0
2015-10-19 00:00:00-04:00,18.200000762939453,18.280000686645508,17.809999465942383,18.06999969482422,1280100,0.0,0.0
2015-10-20 00:00:00-04:00,18.030000686645508,18.149999618530273,17.809999465942383,18.030000686645508,1647700,0.0,0.0
2015-10-21 00:00:00-04:00,18.100000381469727,18.149999618530273,17.670000076293945,17.690000534057617,1268100,0.0,0.0
2015-10-22 00:00:00-04:00,17.84000015258789,19.059999465942383,17.760000228881836,18.6299991607666,3052200,0.0,0.0
2015-10-23 00:00:00-04:00,18.84000015258789,18.93000030517578,18.030000686645508,18.450000762939453,2031000,0.0,0.0
2015-10-26 00:00:00-04:00,18.440000534057617,18.68000030517578,18.190000534057617,18.290000915527344,2072600,0.0,0.0
2015-10-27 00:00:00-04:00,18.280000686645508,18.450000762939453,17.920000076293945,18.299999237060547,3371700,0.0,0.0
2015-10-28 00:00:00-04:00,20.09000015258789,21.139999389648438,19.600000381469727,21.1200008392334,7496500,0.0,0.0
2015-10-29 00:00:00-04:00,21.010000228881836,21.010000228881836,19.479999542236328,19.670000076293945,3567100,0.0,0.0
2015-10-30 00:00:00-04:00,19.549999237060547,19.989999771118164,19.43000030517578,19.760000228881836,2042000,0.0,0.0
2015-11-02 00:00:00-05:00,19.5,20.100000381469727,19.450000762939453,20.040000915527344,2358800,0.0,0.0
2015-11-03 00:00:00-05:00,20.100000381469727,20.700000762939453,20.0,20.350000381469727,2159300,0.0,0.0
2015-11-04 00:00:00-05:00,20.360000610351562,20.479999542236328,20.1299991607666,20.450000762939453,1459500,0.0,0.0
2015-11-05 00:00:00-05:00,20.3799991607666,20.760000228881836,20.200000762939453,20.729999542236328,2089700,0.0,0.0
2015-11-06 00:00:00-05:00,20.350000381469727,21.06999969482422,20.350000381469727,20.8799991607666,1586300,0.0,0.0
2015-11-09 00:00:00-05:00,20.860000610351562,20.959999084472656,20.270000457763672,20.40999984741211,1714300,0.0,0.0
2015-11-10 00:00:00-05:00,20.290000915527344,20.510000228881836,20.049999237060547,20.469999313354492,1496300,0.0,0.0
2015-11-11 00:00:00-05:00,20.5,21.25,20.329999923706055,20.989999771118164,1978500,0.0,0.0
2015-11-12 00:00:00-05:00,20.84000015258789,21.09000015258789,20.6200008392334,20.799999237060547,1753500,0.0,0.0
2015-11-13 00:00:00-05:00,20.700000762939453,20.75,20.31999969482422,20.549999237060547,1318700,0.0,0.0
2015-11-16 00:00:00-05:00,20.56999969482422,20.940000534057617,20.489999771118164,20.93000030517578,1103200,0.0,0.0
2015-11-17 00:00:00-05:00,21.0,21.350000381469727,20.829999923706055,20.8700008392334,1150400,0.0,0.0
2015-11-18 00:00:00-05:00,20.670000076293945,21.290000915527344,20.450000762939453,21.15999984741211,1591000,0.0,0.0
2015-11-19 00:00:00-05:00,21.219999313354492,21.299999237060547,20.920000076293945,20.989999771118164,928400,0.0,0.0
2015-11-20 00:00:00-05:00,21.139999389648438,21.860000610351562,21.1200008392334,21.649999618530273,1796100,0.0,0.0
2015-11-23 00:00:00-05:00,21.649999618530273,22.18000030517578,21.600000381469727,22.030000686645508,1395800,0.0,0.0
2015-11-24 00:00:00-05:00,22.06999969482422,22.219999313354492,21.93000030517578,22.079999923706055,1220800,0.0,0.0
2015-11-25 00:00:00-05:00,22.059999465942383,22.5,21.959999084472656,22.170000076293945,792100,0.0,0.0
2015-11-27 00:00:00-05:00,22.229999542236328,22.65999984741211,22.06999969482422,22.43000030517578,631600,0.0,0.0
2015-11-30 00:00:00-05:00,22.440000534057617,22.780000686645508,22.43000030517578,22.520000457763672,1134100,0.0,0.0
2015-12-01 00:00:00-05:00,22.6200008392334,22.709999084472656,22.1299991607666,22.479999542236328,1385100,0.0,0.0
2015-12-02 00:00:00-05:00,22.479999542236328,22.850000381469727,22.40999984741211,22.510000228881836,1119200,0.0,0.0
2015-12-03 00:00:00-05:00,22.649999618530273,22.770000457763672,21.739999771118164,21.770000457763672,1370400,0.0,0.0
2015-12-04 00:00:00-05:00,21.950000762939453,22.579999923706055,21.860000610351562,22.520000457763672,1492500,0.0,0.0
2015-12-07 00:00:00-05:00,22.549999237060547,22.600000381469727,22.0,22.059999465942383,1015600,0.0,0.0
2015-12-08 00:00:00-05:00,21.760000228881836,22.030000686645508,21.420000076293945,21.93000030517578,878100,0.0,0.0
2015-12-09 00:00:00-05:00,21.899999618530273,22.049999237060547,21.360000610351562,21.489999771118164,996100,0.0,0.0
2015-12-10 00:00:00-05:00,20.5,20.8799991607666,20.25,20.469999313354492,2888000,0.0,0.0
2015-12-11 00:00:00-05:00,20.209999084472656,20.540000915527344,19.649999618530273,19.739999771118164,1694900,0.0,0.0
2015-12-14 00:00:00-05:00,19.81999969482422,19.920000076293945,18.799999237060547,18.959999084472656,2624300,0.0,0.0
2015-12-15 00:00:00-05:00,19.100000381469727,19.75,18.969999313354492,19.1200008392334,2222100,0.0,0.0
2015-12-16 00:00:00-05:00,18.989999771118164,19.1299991607666,18.18000030517578,18.559999465942383,2547800,0.0,0.0
2015-12-17 00:00:00-05:00,18.6299991607666,18.700000762939453,17.68000030517578,18.010000228881836,4152900,0.0,0.0
2015-12-18 00:00:00-05:00,17.940000534057617,18.559999465942383,17.719999313354492,17.739999771118164,4405400,0.0,0.0
2015-12-21 00:00:00-05:00,17.770000457763672,18.200000762939453,17.479999542236328,18.079999923706055,3081100,0.0,0.0
2015-12-22 00:00:00-05:00,18.260000228881836,18.260000228881836,17.559999465942383,18.0,1911900,0.0,0.0
2015-12-23 00:00:00-05:00,18.110000610351562,18.399999618530273,17.8700008392334,18.290000915527344,1518600,0.0,0.0
2015-12-24 00:00:00-05:00,18.209999084472656,18.670000076293945,18.149999618530273,18.510000228881836,1009300,0.0,0.0
2015-12-28 00:00:00-05:00,18.479999542236328,18.5,18.139999389648438,18.5,926700,0.0,0.0
2015-12-29 00:00:00-05:00,18.600000381469727,19.15999984741211,18.510000228881836,18.739999771118164,1158700,0.0,0.0
2015-12-30 00:00:00-05:00,18.690000534057617,18.8700008392334,18.34000015258789,18.389999389648438,1066900,0.0,0.0
2015-12-31 00:00:00-05:00,18.260000228881836,18.540000915527344,18.1200008392334,18.1200008392334,1277400,0.0,0.0
2016-01-04 00:00:00-05:00,17.780000686645508,17.8700008392334,17.34000015258789,17.600000381469727,2515700,0.0,0.0
2016-01-05 00:00:00-05:00,17.549999237060547,17.780000686645508,16.969999313354492,17.260000228881836,2306800,0.0,0.0
2016-01-06 00:00:00-05:00,17.030000686645508,17.299999237060547,16.920000076293945,17.1200008392334,1780400,0.0,0.0
2016-01-07 00:00:00-05:00,16.780000686645508,17.170000076293945,16.5,16.709999084472656,3012600,0.0,0.0
2016-01-08 00:00:00-05:00,16.780000686645508,16.940000534057617,16.0,16.020000457763672,2933100,0.0,0.0
2016-01-11 00:00:00-05:00,16.0,16.389999389648438,15.8100004196167,16.299999237060547,2060800,0.0,0.0
2016-01-12 00:00:00-05:00,16.459999084472656,16.56999969482422,15.949999809265137,16.190000534057617,1456500,0.0,0.0
2016-01-13 00:00:00-05:00,16.34000015258789,16.420000076293945,15.3100004196167,15.420000076293945,2304600,0.0,0.0
2016-01-14 00:00:00-05:00,15.579999923706055,15.880000114440918,15.220000267028809,15.670000076293945,3391500,0.0,0.0
2016-01-15 00:00:00-05:00,15.100000381469727,15.34000015258789,14.569999694824219,14.800000190734863,3001800,0.0,0.0
2016-01-19 00:00:00-05:00,15.0,15.069999694824219,14.289999961853027,14.539999961853027,1973600,0.0,0.0
2016-01-20 00:00:00-05:00,14.319999694824219,14.5,13.619999885559082,14.359999656677246,3877200,0.0,0.0
2016-01-21 00:00:00-05:00,14.430000305175781,14.800000190734863,14.119999885559082,14.220000267028809,1519100,0.0,0.0
2016-01-22 00:00:00-05:00,14.489999771118164,15.100000381469727,14.40999984741211,14.989999771118164,2760300,0.0,0.0
2016-01-25 00:00:00-05:00,14.9399995803833,14.9399995803833,14.359999656677246,14.390000343322754,1064900,0.0,0.0
2016-01-26 00:00:00-05:00,14.5,14.75,14.149999618530273,14.5,1200000,0.0,0.0
2016-01-27 00:00:00-05:00,14.510000228881836,14.9399995803833,14.239999771118164,14.350000381469727,1124500,0.0,0.0
2016-01-28 00:00:00-05:00,14.529999732971191,14.720000267028809,14.239999771118164,14.350000381469727,1327300,0.0,0.0
2016-01-29 00:00:00-05:00,14.34000015258789,15.319999694824219,14.34000015258789,15.319999694824219,2389300,0.0,0.0
2016-02-01 00:00:00-05:00,15.079999923706055,15.1899995803833,14.899999618530273,15.010000228881836,1431100,0.0,0.0
2016-02-02 00:00:00-05:00,14.970000267028809,15.109999656677246,14.40999984741211,14.569999694824219,1393700,0.0,0.0
2016-02-03 00:00:00-05:00,14.75,15.420000076293945,14.6899995803833,15.390000343322754,2408700,0.0,0.0
2016-02-04 00:00:00-05:00,15.380000114440918,15.84000015258789,15.100000381469727,15.6899995803833,2039100,0.0,0.0
2016-02-05 00:00:00-05:00,15.600000381469727,15.859999656677246,14.350000381469727,14.399999618530273,2892100,0.0,0.0
2016-02-08 00:00:00-05:00,13.720000267028809,14.180000305175781,13.020000457763672,13.279999732971191,4017500,0.0,0.0
2016-02-09 00:00:00-05:00,13.079999923706055,13.75,13.050000190734863,13.359999656677246,2321600,0.0,0.0
2016-02-10 00:00:00-05:00,13.510000228881836,14.270000457763672,13.5,13.8100004196167,3533000,0.0,0.0
2016-02-11 00:00:00-05:00,13.699999809265137,14.239999771118164,13.529999732971191,13.960000038146973,3875500,0.0,0.0
2016-02-12 00:00:00-05:00,14.100000381469727,15.369999885559082,13.220000267028809,14.819999694824219,8129200,0.0,0.0
2016-02-16 00:00:00-05:00,14.989999771118164,15.140000343322754,13.899999618530273,14.710000038146973,3890200,0.0,0.0
2016-02-17 00:00:00-05:00,14.729999542236328,15.0600004196167,14.619999885559082,14.930000305175781,2530800,0.0,0.0
2016-02-18 00:00:00-05:00,14.930000305175781,15.050000190734863,14.550000190734863,14.739999771118164,1565400,0.0,0.0
2016-02-19 00:00:00-05:00,14.65999984741211,15.229999542236328,14.529999732971191,15.130000114440918,1479600,0.0,0.0
2016-02-22 00:00:00-05:00,15.380000114440918,15.779999732971191,15.300000190734863,15.640000343322754,1978800,0.0,0.0
2016-02-23 00:00:00-05:00,15.600000381469727,15.609999656677246,15.1899995803833,15.199999809265137,1182700,0.0,0.0
2016-02-24 00:00:00-05:00,15.0,15.460000038146973,14.880000114440918,15.430000305175781,952500,0.0,0.0
2016-02-25 00:00:00-05:00,15.5,15.8100004196167,15.34000015258789,15.800000190734863,1345200,0.0,0.0
2016-02-26 00:00:00-05:00,15.90999984741211,15.930000305175781,15.539999961853027,15.600000381469727,1418400,0.0,0.0
2016-02-29 00:00:00-05:00,15.65999984741211,15.989999771118164,15.5,15.6899995803833,1678800,0.0,0.0
2016-03-01 00:00:00-05:00,15.800000190734863,16.040000915527344,15.579999923706055,16.0,1059100,0.0,0.0
2016-03-02 00:00:00-05:00,16.010000228881836,16.030000686645508,15.100000381469727,15.420000076293945,2521400,0.0,0.0
2016-03-03 00:00:00-05:00,15.010000228881836,15.050000190734863,14.15999984741211,14.710000038146973,4319200,0.0,0.0
2016-03-04 00:00:00-05:00,14.760000228881836,15.489999771118164,14.729999542236328,15.390000343322754,2904400,0.0,0.0
2016-03-07 00:00:00-05:00,15.260000228881836,15.680000305175781,15.170000076293945,15.420000076293945,2127300,0.0,0.0
2016-03-08 00:00:00-05:00,15.260000228881836,15.420000076293945,14.8100004196167,15.039999961853027,2082900,0.0,0.0
2016-03-09 00:00:00-05:00,15.09000015258789,15.739999771118164,15.09000015258789,15.15999984741211,1918100,0.0,0.0
2016-03-10 00:00:00-05:00,15.229999542236328,15.59000015258789,14.979999542236328,15.270000457763672,2261500,0.0,0.0
2016-03-11 00:00:00-05:00,15.539999961853027,15.649999618530273,15.1899995803833,15.630000114440918,2568700,0.0,0.0
2016-03-14 00:00:00-04:00,15.550000190734863,16.170000076293945,15.380000114440918,15.930000305175781,1761400,0.0,0.0
2016-03-15 00:00:00-04:00,15.779999732971191,15.960000038146973,15.640000343322754,15.84000015258789,2032800,0.0,0.0
2016-03-16 00:00:00-04:00,15.699999809265137,16.010000228881836,15.640000343322754,15.979999542236328,969400,0.0,0.0
2016-03-17 00:00:00-04:00,15.930000305175781,16.420000076293945,15.729999542236328,16.350000381469727,1223500,0.0,0.0
2016-03-18 00:00:00-04:00,16.440000534057617,16.600000381469727,16.270000457763672,16.3799991607666,1497300,0.0,0.0
2016-03-21 00:00:00-04:00,16.299999237060547,17.040000915527344,16.299999237060547,16.81999969482422,1462900,0.0,0.0
2016-03-22 00:00:00-04:00,16.5,16.5,15.130000114440918,15.5600004196167,7219300,0.0,0.0
2016-03-23 00:00:00-04:00,15.5600004196167,15.6899995803833,14.930000305175781,15.0,2513500,0.0,0.0
2016-03-24 00:00:00-04:00,14.949999809265137,15.59000015258789,14.770000457763672,15.300000190734863,2051200,0.0,0.0
2016-03-28 00:00:00-04:00,15.289999961853027,15.460000038146973,15.050000190734863,15.239999771118164,1356300,0.0,0.0
2016-03-29 00:00:00-04:00,15.210000038146973,15.850000381469727,15.039999961853027,15.800000190734863,1485800,0.0,0.0
2016-03-30 00:00:00-04:00,15.949999809265137,16.040000915527344,15.510000228881836,15.760000228881836,1869600,0.0,0.0
2016-03-31 00:00:00-04:00,15.779999732971191,16.25,15.65999984741211,16.059999465942383,1487000,0.0,0.0
2016-04-01 00:00:00-04:00,15.890000343322754,15.9399995803833,15.699999809265137,15.819999694824219,1132300,0.0,0.0
2016-04-04 00:00:00-04:00,15.789999961853027,15.859999656677246,15.279999732971191,15.390000343322754,2404700,0.0,0.0
2016-04-05 00:00:00-04:00,15.279999732971191,15.460000038146973,15.079999923706055,15.119999885559082,1502200,0.0,0.0
2016-04-06 00:00:00-04:00,15.09000015258789,15.279999732971191,14.800000190734863,15.229999542236328,2375600,0.0,0.0
2016-04-07 00:00:00-04:00,15.109999656677246,15.180000305175781,14.59000015258789,14.670000076293945,1834800,0.0,0.0
2016-04-08 00:00:00-04:00,14.960000038146973,15.4399995803833,14.899999618530273,15.09000015258789,1739100,0.0,0.0
2016-04-11 00:00:00-04:00,15.1899995803833,15.390000343322754,14.9399995803833,15.0,1559600,0.0,0.0
2016-04-12 00:00:00-04:00,14.819999694824219,15.029999732971191,14.65999984741211,14.970000267028809,1522500,0.0,0.0
2016-04-13 00:00:00-04:00,15.100000381469727,15.5,15.069999694824219,15.449999809265137,1610000,0.0,0.0
2016-04-14 00:00:00-04:00,15.489999771118164,15.59000015258789,15.260000228881836,15.319999694824219,1411700,0.0,0.0
2016-04-15 00:00:00-04:00,15.470000267028809,15.520000457763672,15.180000305175781,15.260000228881836,2504200,0.0,0.0
2016-04-18 00:00:00-04:00,15.220000267028809,15.220000267028809,14.850000381469727,14.979999542236328,3158500,0.0,0.0
2016-04-19 00:00:00-04:00,15.069999694824219,15.069999694824219,14.430000305175781,14.579999923706055,3887500,0.0,0.0
2016-04-20 00:00:00-04:00,14.510000228881836,14.84000015258789,14.390000343322754,14.6899995803833,2197700,0.0,0.0
2016-04-21 00:00:00-04:00,14.710000038146973,14.800000190734863,14.539999961853027,14.729999542236328,1539300,0.0,0.0
2016-04-22 00:00:00-04:00,14.75,14.9399995803833,14.5600004196167,14.65999984741211,3117400,0.0,0.0
2016-04-25 00:00:00-04:00,14.670000076293945,14.819999694824219,14.300000190734863,14.770000457763672,3586100,0.0,0.0
2016-04-26 00:00:00-04:00,14.869999885559082,15.279999732971191,14.789999961853027,15.119999885559082,1926200,0.0,0.0
2016-04-27 00:00:00-04:00,15.050000190734863,15.710000038146973,15.050000190734863,15.569999694824219,3100300,0.0,0.0
2016-04-28 00:00:00-04:00,12.920000076293945,13.0,11.760000228881836,12.010000228881836,20431500,0.0,0.0
2016-04-29 00:00:00-04:00,12.069999694824219,12.229999542236328,11.800000190734863,11.890000343322754,7577600,0.0,0.0
2016-05-02 00:00:00-04:00,11.880000114440918,12.100000381469727,11.789999961853027,11.859999656677246,3175600,0.0,0.0
2016-05-03 00:00:00-04:00,11.760000228881836,12.0,11.5,11.520000457763672,2750800,0.0,0.0
2016-05-04 00:00:00-04:00,12.020000457763672,12.319999694824219,11.989999771118164,12.140000343322754,5294600,0.0,0.0
2016-05-05 00:00:00-04:00,12.149999618530273,12.279999732971191,11.84000015258789,11.880000114440918,3018300,0.0,0.0
2016-05-06 00:00:00-04:00,12.15999984741211,12.15999984741211,11.569999694824219,12.0,3391800,0.0,0.0
2016-05-09 00:00:00-04:00,11.960000038146973,12.369999885559082,11.930000305175781,12.25,2826800,0.0,0.0
2016-05-10 00:00:00-04:00,12.350000381469727,12.350000381469727,12.020000457763672,12.170000076293945,1718000,0.0,0.0
2016-05-11 00:00:00-04:00,12.09000015258789,12.25,12.039999961853027,12.09000015258789,1126600,0.0,0.0
2016-05-12 00:00:00-04:00,12.130000114440918,12.220000267028809,11.819999694824219,11.850000381469727,1558100,0.0,0.0
2016-05-13 00:00:00-04:00,11.710000038146973,11.970000267028809,11.710000038146973,11.880000114440918,1919600,0.0,0.0
2016-05-16 00:00:00-04:00,11.90999984741211,12.1899995803833,11.869999885559082,12.069999694824219,1691900,0.0,0.0
2016-05-17 00:00:00-04:00,12.050000190734863,12.15999984741211,11.899999618530273,11.930000305175781,1468500,0.0,0.0
2016-05-18 00:00:00-04:00,11.90999984741211,12.15999984741211,11.880000114440918,12.119999885559082,1803100,0.0,0.0
2016-05-19 00:00:00-04:00,12.069999694824219,12.199999809265137,11.989999771118164,12.15999984741211,2248100,0.0,0.0
2016-05-20 00:00:00-04:00,12.199999809265137,12.380000114440918,12.199999809265137,12.350000381469727,2128200,0.0,0.0
2016-05-23 00:00:00-04:00,12.390000343322754,12.989999771118164,12.359999656677246,12.890000343322754,3312500,0.0,0.0
2016-05-24 00:00:00-04:00,12.960000038146973,13.0600004196167,12.760000228881836,12.970000267028809,2172500,0.0,0.0
2016-05-25 00:00:00-04:00,12.979999542236328,13.260000228881836,12.949999809265137,13.100000381469727,1803900,0.0,0.0
2016-05-26 00:00:00-04:00,13.149999618530273,13.180000305175781,13.0,13.0600004196167,1680500,0.0,0.0
2016-05-27 00:00:00-04:00,13.0,13.25,12.869999885559082,13.199999809265137,1640200,0.0,0.0
2016-05-31 00:00:00-04:00,13.1899995803833,13.220000267028809,13.039999961853027,13.109999656677246,1514200,0.0,0.0
2016-06-01 00:00:00-04:00,13.0,13.220000267028809,13.0,13.210000038146973,1817600,0.0,0.0
2016-06-02 00:00:00-04:00,13.630000114440918,13.8100004196167,13.1899995803833,13.359999656677246,2832300,0.0,0.0
2016-06-03 00:00:00-04:00,13.460000038146973,13.529999732971191,13.270000457763672,13.470000267028809,2651300,0.0,0.0
2016-06-06 00:00:00-04:00,13.460000038146973,13.460000038146973,13.270000457763672,13.289999961853027,1885600,0.0,0.0
2016-06-07 00:00:00-04:00,13.34000015258789,13.34000015258789,13.119999885559082,13.260000228881836,3043500,0.0,0.0
2016-06-08 00:00:00-04:00,13.289999961853027,13.329999923706055,13.130000114440918,13.149999618530273,3275900,0.0,0.0
2016-06-09 00:00:00-04:00,13.09000015258789,13.170000076293945,12.930000305175781,13.0,2327100,0.0,0.0
2016-06-10 00:00:00-04:00,12.869999885559082,12.890000343322754,12.619999885559082,12.6899995803833,1972200,0.0,0.0
2016-06-13 00:00:00-04:00,12.640000343322754,12.75,12.470000267028809,12.489999771118164,1683100,0.0,0.0
2016-06-14 00:00:00-04:00,12.460000038146973,12.529999732971191,12.279999732971191,12.479999542236328,1539400,0.0,0.0
2016-06-15 00:00:00-04:00,12.489999771118164,12.619999885559082,12.420000076293945,12.460000038146973,1784800,0.0,0.0
2016-06-16 00:00:00-04:00,12.329999923706055,12.479999542236328,12.149999618530273,12.399999618530273,1608900,0.0,0.0
2016-06-17 00:00:00-04:00,12.420000076293945,12.5,12.100000381469727,12.149999618530273,2607400,0.0,0.0
2016-06-20 00:00:00-04:00,12.180000305175781,12.210000038146973,11.649999618530273,11.670000076293945,4027800,0.0,0.0
2016-06-21 00:00:00-04:00,11.640000343322754,11.640000343322754,11.149999618530273,11.449999809265137,4150000,0.0,0.0
2016-06-22 00:00:00-04:00,11.5,11.699999809265137,11.430000305175781,11.550000190734863,2356200,0.0,0.0
2016-06-23 00:00:00-04:00,11.710000038146973,12.130000114440918,11.670000076293945,12.130000114440918,3328600,0.0,0.0
2016-06-24 00:00:00-04:00,11.470000267028809,11.630000114440918,10.949999809265137,10.960000038146973,5078900,0.0,0.0
2016-06-27 00:00:00-04:00,10.859999656677246,10.90999984741211,10.109999656677246,10.180000305175781,3678000,0.0,0.0
2016-06-28 00:00:00-04:00,10.430000305175781,10.550000190734863,10.180000305175781,10.369999885559082,2903900,0.0,0.0
2016-06-29 00:00:00-04:00,10.510000228881836,10.960000038146973,10.460000038146973,10.90999984741211,3958000,0.0,0.0
2016-06-30 00:00:00-04:00,10.890000343322754,11.289999961853027,10.770000457763672,11.279999732971191,2657200,0.0,0.0
2016-07-01 00:00:00-04:00,11.289999961853027,11.510000228881836,11.0600004196167,11.119999885559082,2026300,0.0,0.0
2016-07-05 00:00:00-04:00,11.010000228881836,11.069999694824219,10.800000190734863,10.850000381469727,914100,0.0,0.0
2016-07-06 00:00:00-04:00,10.699999809265137,10.90999984741211,10.550000190734863,10.850000381469727,1347500,0.0,0.0
2016-07-07 00:00:00-04:00,10.890000343322754,10.989999771118164,10.619999885559082,10.760000228881836,1597200,0.0,0.0
2016-07-08 00:00:00-04:00,10.869999885559082,11.350000381469727,10.8100004196167,11.319999694824219,1782000,0.0,0.0
2016-07-11 00:00:00-04:00,11.430000305175781,11.539999961853027,11.40999984741211,11.449999809265137,1352200,0.0,0.0
2016-07-12 00:00:00-04:00,11.619999885559082,11.920000076293945,11.579999923706055,11.770000457763672,2029200,0.0,0.0
2016-07-13 00:00:00-04:00,11.869999885559082,11.970000267028809,11.640000343322754,11.739999771118164,1601000,0.0,0.0
2016-07-14 00:00:00-04:00,11.979999542236328,12.029999732971191,11.8100004196167,11.84000015258789,1649300,0.0,0.0
2016-07-15 00:00:00-04:00,12.119999885559082,12.260000228881836,11.920000076293945,12.100000381469727,2791200,0.0,0.0
2016-07-18 00:00:00-04:00,12.15999984741211,12.420000076293945,12.079999923706055,12.390000343322754,2530800,0.0,0.0
2016-07-19 00:00:00-04:00,12.199999809265137,12.369999885559082,11.859999656677246,11.869999885559082,2710800,0.0,0.0
2016-07-20 00:00:00-04:00,12.0,12.239999771118164,11.819999694824219,12.130000114440918,3048900,0.0,0.0
2016-07-21 00:00:00-04:00,12.130000114440918,12.3100004196167,12.039999961853027,12.100000381469727,2940700,0.0,0.0
2016-07-22 00:00:00-04:00,12.079999923706055,12.210000038146973,11.979999542236328,12.109999656677246,1494600,0.0,0.0
2016-07-25 00:00:00-04:00,12.390000343322754,12.6899995803833,12.229999542236328,12.520000457763672,3104300,0.0,0.0
2016-07-26 00:00:00-04:00,12.520000457763672,12.739999771118164,12.460000038146973,12.720000267028809,2904200,0.0,0.0
2016-07-27 00:00:00-04:00,12.800000190734863,13.239999771118164,12.300000190734863,12.510000228881836,5621600,0.0,0.0
2016-07-28 00:00:00-04:00,8.399999618530273,8.640000343322754,8.199999809265137,8.3100004196167,21151700,0.0,0.0
2016-07-29 00:00:00-04:00,8.359999656677246,8.8100004196167,8.279999732971191,8.760000228881836,10599300,0.0,0.0
2016-08-01 00:00:00-04:00,8.800000190734863,8.800000190734863,8.449999809265137,8.619999885559082,5905300,0.0,0.0
2016-08-02 00:00:00-04:00,8.539999961853027,8.850000381469727,8.479999542236328,8.619999885559082,4917700,0.0,0.0
2016-08-03 00:00:00-04:00,8.59000015258789,8.979999542236328,8.59000015258789,8.899999618530273,6695900,0.0,0.0
2016-08-04 00:00:00-04:00,8.9399995803833,9.020000457763672,8.920000076293945,9.020000457763672,3979700,0.0,0.0
2016-08-05 00:00:00-04:00,9.199999809265137,9.40999984741211,9.039999961853027,9.359999656677246,2603600,0.0,0.0
2016-08-08 00:00:00-04:00,9.399999618530273,9.489999771118164,9.25,9.289999961853027,2068700,0.0,0.0
2016-08-09 00:00:00-04:00,9.260000228881836,9.430000305175781,9.239999771118164,9.40999984741211,1800300,0.0,0.0
2016-08-10 00:00:00-04:00,9.470000267028809,9.470000267028809,9.119999885559082,9.180000305175781,2356900,0.0,0.0
2016-08-11 00:00:00-04:00,9.25,9.270000457763672,9.020000457763672,9.0600004196167,1790000,0.0,0.0
2016-08-12 00:00:00-04:00,9.039999961853027,9.15999984741211,8.930000305175781,9.0600004196167,2272300,0.0,0.0
2016-08-15 00:00:00-04:00,9.15999984741211,9.460000038146973,9.039999961853027,9.350000381469727,2409100,0.0,0.0
2016-08-16 00:00:00-04:00,9.229999542236328,9.569999694824219,9.180000305175781,9.300000190734863,2723400,0.0,0.0
2016-08-17 00:00:00-04:00,9.260000228881836,9.289999961853027,9.010000228881836,9.09000015258789,3294600,0.0,0.0
2016-08-18 00:00:00-04:00,9.100000381469727,9.130000114440918,8.869999885559082,8.949999809265137,4676700,0.0,0.0
2016-08-19 00:00:00-04:00,8.949999809265137,9.100000381469727,8.899999618530273,9.039999961853027,3371800,0.0,0.0
2016-08-22 00:00:00-04:00,8.899999618530273,9.130000114440918,8.899999618530273,9.09000015258789,2759600,0.0,0.0
2016-08-23 00:00:00-04:00,9.119999885559082,9.220000267028809,8.960000038146973,9.020000457763672,4842500,0.0,0.0
2016-08-24 00:00:00-04:00,9.050000190734863,9.180000305175781,8.859999656677246,8.869999885559082,2712200,0.0,0.0
2016-08-25 00:00:00-04:00,8.489999771118164,8.649999618530273,8.260000228881836,8.609999656677246,3835600,0.0,0.0
2016-08-26 00:00:00-04:00,8.59000015258789,8.699999809265137,8.529999732971191,8.630000114440918,2318100,0.0,0.0
2016-08-29 00:00:00-04:00,8.680000305175781,8.680000305175781,8.539999961853027,8.569999694824219,2604100,0.0,0.0
2016-08-30 00:00:00-04:00,8.600000381469727,8.789999961853027,8.579999923706055,8.649999618530273,1648300,0.0,0.0
2016-08-31 00:00:00-04:00,8.609999656677246,8.770000457763672,8.529999732971191,8.579999923706055,1776500,0.0,0.0
2016-09-01 00:00:00-04:00,8.5600004196167,8.8100004196167,8.539999961853027,8.800000190734863,1835100,0.0,0.0
2016-09-02 00:00:00-04:00,8.880000114440918,8.9399995803833,8.760000228881836,8.850000381469727,1406600,0.0,0.0
2016-09-06 00:00:00-04:00,8.779999732971191,9.069999694824219,8.770000457763672,8.920000076293945,2245400,0.0,0.0
2016-09-07 00:00:00-04:00,8.920000076293945,8.970000267028809,8.75,8.789999961853027,2095000,0.0,0.0
2016-09-08 00:00:00-04:00,8.789999961853027,8.84000015258789,8.670000076293945,8.729999542236328,2738200,0.0,0.0
2016-09-09 00:00:00-04:00,8.680000305175781,8.869999885559082,8.5,8.600000381469727,2854500,0.0,0.0
2016-09-12 00:00:00-04:00,8.550000190734863,8.630000114440918,8.369999885559082,8.600000381469727,1870800,0.0,0.0
2016-09-13 00:00:00-04:00,8.479999542236328,8.6899995803833,8.40999984741211,8.489999771118164,2828000,0.0,0.0
2016-09-14 00:00:00-04:00,8.529999732971191,8.609999656677246,8.34000015258789,8.399999618530273,2928900,0.0,0.0
2016-09-15 00:00:00-04:00,8.4399995803833,8.569999694824219,8.399999618530273,8.470000267028809,2097900,0.0,0.0
2016-09-16 00:00:00-04:00,8.449999809265137,8.510000228881836,8.350000381469727,8.489999771118164,2358900,0.0,0.0
2016-09-19 00:00:00-04:00,8.520000457763672,8.630000114440918,8.479999542236328,8.529999732971191,1464700,0.0,0.0
2016-09-20 00:00:00-04:00,8.600000381469727,8.619999885559082,8.4399995803833,8.479999542236328,1370300,0.0,0.0
2016-09-21 00:00:00-04:00,8.529999732971191,8.699999809265137,8.489999771118164,8.699999809265137,1625400,0.0,0.0
2016-09-22 00:00:00-04:00,8.8100004196167,8.930000305175781,8.729999542236328,8.920000076293945,1921800,0.0,0.0
2016-09-23 00:00:00-04:00,8.829999923706055,8.960000038146973,8.819999694824219,8.850000381469727,1151800,0.0,0.0
2016-09-26 00:00:00-04:00,8.789999961853027,8.890000343322754,8.6899995803833,8.710000038146973,1121400,0.0,0.0
2016-09-27 00:00:00-04:00,8.65999984741211,8.960000038146973,8.65999984741211,8.960000038146973,935700,0.0,0.0
2016-09-28 00:00:00-04:00,8.989999771118164,9.210000038146973,8.960000038146973,9.100000381469727,1810000,0.0,0.0
2016-09-29 00:00:00-04:00,9.130000114440918,9.199999809265137,8.859999656677246,8.869999885559082,1716700,0.0,0.0
2016-09-30 00:00:00-04:00,8.819999694824219,9.079999923706055,8.760000228881836,9.029999732971191,1631900,0.0,0.0
2016-10-03 00:00:00-04:00,8.949999809265137,9.09000015258789,8.920000076293945,8.960000038146973,1430000,0.0,0.0
2016-10-04 00:00:00-04:00,8.949999809265137,9.170000076293945,8.949999809265137,9.079999923706055,2535200,0.0,0.0
2016-10-05 00:00:00-04:00,9.149999618530273,9.569999694824219,9.039999961853027,9.489999771118164,2486300,0.0,0.0
2016-10-06 00:00:00-04:00,9.539999961853027,9.619999885559082,9.369999885559082,9.569999694824219,1691300,0.0,0.0
2016-10-07 00:00:00-04:00,9.569999694824219,9.619999885559082,9.3100004196167,9.420000076293945,1694000,0.0,0.0
2016-10-10 00:00:00-04:00,9.479999542236328,9.579999923706055,9.4399995803833,9.4399995803833,864900,0.0,0.0
2016-10-11 00:00:00-04:00,9.34000015258789,9.470000267028809,9.039999961853027,9.050000190734863,1578100,0.0,0.0
2016-10-12 00:00:00-04:00,9.010000228881836,9.079999923706055,8.710000038146973,8.890000343322754,1607800,0.0,0.0
2016-10-13 00:00:00-04:00,8.800000190734863,8.880000114440918,8.640000343322754,8.8100004196167,1642300,0.0,0.0
2016-10-14 00:00:00-04:00,8.890000343322754,8.989999771118164,8.779999732971191,8.84000015258789,1286800,0.0,0.0
2016-10-17 00:00:00-04:00,8.819999694824219,8.890000343322754,8.619999885559082,8.619999885559082,1582000,0.0,0.0
2016-10-18 00:00:00-04:00,8.75,8.859999656677246,8.65999984741211,8.779999732971191,1404500,0.0,0.0
2016-10-19 00:00:00-04:00,8.760000228881836,8.970000267028809,8.729999542236328,8.920000076293945,1200100,0.0,0.0
2016-10-20 00:00:00-04:00,8.90999984741211,9.020000457763672,8.819999694824219,8.890000343322754,1257400,0.0,0.0
2016-10-21 00:00:00-04:00,8.760000228881836,8.859999656677246,8.670000076293945,8.800000190734863,1305500,0.0,0.0
2016-10-24 00:00:00-04:00,8.890000343322754,9.029999732971191,8.8100004196167,8.880000114440918,1907400,0.0,0.0
2016-10-25 00:00:00-04:00,8.960000038146973,8.960000038146973,8.6899995803833,8.779999732971191,1428400,0.0,0.0
2016-10-26 00:00:00-04:00,8.779999732971191,9.25,8.760000228881836,9.229999542236328,4276300,0.0,0.0
2016-10-27 00:00:00-04:00,7.989999771118164,8.600000381469727,7.820000171661377,7.940000057220459,10066500,0.0,0.0
2016-10-28 00:00:00-04:00,7.909999847412109,8.170000076293945,7.840000152587891,7.929999828338623,3210200,0.0,0.0
2016-10-31 00:00:00-04:00,7.949999809265137,8.039999961853027,7.699999809265137,7.800000190734863,2657400,0.0,0.0
2016-11-01 00:00:00-04:00,7.869999885559082,7.889999866485596,7.510000228881836,7.590000152587891,2995000,0.0,0.0
2016-11-02 00:00:00-04:00,7.539999961853027,7.78000020980835,7.380000114440918,7.409999847412109,3111500,0.0,0.0
2016-11-03 00:00:00-04:00,7.449999809265137,7.46999979019165,7.340000152587891,7.340000152587891,1904400,0.0,0.0
2016-11-04 00:00:00-04:00,7.329999923706055,7.400000095367432,7.230000019073486,7.320000171661377,2511500,0.0,0.0
2016-11-07 00:00:00-05:00,7.489999771118164,7.789999961853027,7.369999885559082,7.710000038146973,1476600,0.0,0.0
2016-11-08 00:00:00-05:00,7.699999809265137,8.1899995803833,7.610000133514404,7.900000095367432,2212400,0.0,0.0
2016-11-09 00:00:00-05:00,7.75,8.229999542236328,7.599999904632568,8.149999618530273,2636700,0.0,0.0
2016-11-10 00:00:00-05:00,8.329999923706055,8.510000228881836,8.119999885559082,8.329999923706055,1808700,0.0,0.0
2016-11-11 00:00:00-05:00,8.3100004196167,8.579999923706055,8.210000038146973,8.510000228881836,2395000,0.0,0.0
2016-11-14 00:00:00-05:00,8.59000015258789,8.680000305175781,8.489999771118164,8.59000015258789,1455200,0.0,0.0
2016-11-15 00:00:00-05:00,8.59000015258789,8.770000457763672,8.489999771118164,8.6899995803833,1162300,0.0,0.0
2016-11-16 00:00:00-05:00,8.609999656677246,8.710000038146973,8.510000228881836,8.65999984741211,1146600,0.0,0.0
2016-11-17 00:00:00-05:00,8.619999885559082,8.619999885559082,8.220000267028809,8.229999542236328,2056200,0.0,0.0
2016-11-18 00:00:00-05:00,8.279999732971191,8.3100004196167,8.149999618530273,8.210000038146973,2243800,0.0,0.0
2016-11-21 00:00:00-05:00,8.25,8.369999885559082,8.170000076293945,8.369999885559082,1618800,0.0,0.0
2016-11-22 00:00:00-05:00,8.390000343322754,8.59000015258789,8.300000190734863,8.539999961853027,1814200,0.0,0.0
2016-11-23 00:00:00-05:00,8.5600004196167,8.649999618530273,8.430000305175781,8.619999885559082,1335900,0.0,0.0
2016-11-25 00:00:00-05:00,8.619999885559082,8.649999618530273,8.489999771118164,8.569999694824219,504100,0.0,0.0
2016-11-28 00:00:00-05:00,8.5,8.630000114440918,8.420000076293945,8.510000228881836,1550800,0.0,0.0
2016-11-29 00:00:00-05:00,8.520000457763672,8.649999618530273,8.489999771118164,8.5,1126700,0.0,0.0
2016-11-30 00:00:00-05:00,8.59000015258789,8.59000015258789,8.430000305175781,8.5,1783800,0.0,0.0
2016-12-01 00:00:00-05:00,8.520000457763672,8.609999656677246,8.3100004196167,8.359999656677246,1764000,0.0,0.0
2016-12-02 00:00:00-05:00,8.319999694824219,8.350000381469727,8.100000381469727,8.180000305175781,1477100,0.0,0.0
2016-12-05 00:00:00-05:00,8.270000457763672,8.489999771118164,8.25,8.34000015258789,1097400,0.0,0.0
2016-12-06 00:00:00-05:00,8.350000381469727,8.489999771118164,8.239999771118164,8.470000267028809,1050100,0.0,0.0
2016-12-07 00:00:00-05:00,8.470000267028809,8.520000457763672,8.319999694824219,8.479999542236328,2326700,0.0,0.0
2016-12-08 00:00:00-05:00,8.579999923706055,9.09000015258789,8.579999923706055,9.09000015258789,2931700,0.0,0.0
2016-12-09 00:00:00-05:00,9.130000114440918,9.15999984741211,8.75,8.850000381469727,1566300,0.0,0.0
2016-12-12 00:00:00-05:00,8.770000457763672,8.850000381469727,8.520000457763672,8.680000305175781,2257000,0.0,0.0
2016-12-13 00:00:00-05:00,8.729999542236328,8.800000190734863,8.579999923706055,8.680000305175781,1151000,0.0,0.0
2016-12-14 00:00:00-05:00,8.649999618530273,9.010000228881836,8.630000114440918,8.90999984741211,2359900,0.0,0.0
2016-12-15 00:00:00-05:00,8.949999809265137,9.119999885559082,8.850000381469727,9.069999694824219,1894700,0.0,0.0
2016-12-16 00:00:00-05:00,9.069999694824219,9.069999694824219,8.760000228881836,8.859999656677246,2446100,0.0,0.0
2016-12-19 00:00:00-05:00,8.880000114440918,9.050000190734863,8.859999656677246,8.970000267028809,892200,0.0,0.0
2016-12-20 00:00:00-05:00,9.0,9.100000381469727,8.829999923706055,8.869999885559082,871600,0.0,0.0
2016-12-21 00:00:00-05:00,8.890000343322754,8.960000038146973,8.710000038146973,8.710000038146973,933700,0.0,0.0
2016-12-22 00:00:00-05:00,8.729999542236328,8.75,8.390000343322754,8.420000076293945,1878900,0.0,0.0
2016-12-23 00:00:00-05:00,8.4399995803833,8.5,8.289999961853027,8.449999809265137,1470600,0.0,0.0
2016-12-27 00:00:00-05:00,8.4399995803833,8.600000381469727,8.420000076293945,8.520000457763672,1466400,0.0,0.0
2016-12-28 00:00:00-05:00,8.579999923706055,8.619999885559082,8.4399995803833,8.460000038146973,1093800,0.0,0.0
2016-12-29 00:00:00-05:00,8.489999771118164,8.600000381469727,8.420000076293945,8.550000190734863,1118500,0.0,0.0
2016-12-30 00:00:00-05:00,8.569999694824219,8.59000015258789,8.420000076293945,8.489999771118164,1361700,0.0,0.0
2017-01-03 00:00:00-05:00,8.609999656677246,8.720000267028809,8.470000267028809,8.720000267028809,1670400,0.0,0.0
2017-01-04 00:00:00-05:00,8.779999732971191,8.90999984741211,8.75,8.90999984741211,1880600,0.0,0.0
2017-01-05 00:00:00-05:00,8.880000114440918,8.90999984741211,8.65999984741211,8.789999961853027,1383100,0.0,0.0
2017-01-06 00:00:00-05:00,8.800000190734863,8.890000343322754,8.739999771118164,8.84000015258789,1725400,0.0,0.0
2017-01-09 00:00:00-05:00,8.850000381469727,8.880000114440918,8.680000305175781,8.680000305175781,1138200,0.0,0.0
2017-01-10 00:00:00-05:00,8.680000305175781,8.729999542236328,8.479999542236328,8.529999732971191,1068000,0.0,0.0
2017-01-11 00:00:00-05:00,8.539999961853027,8.84000015258789,8.510000228881836,8.779999732971191,1477800,0.0,0.0
2017-01-12 00:00:00-05:00,8.739999771118164,8.779999732971191,8.59000015258789,8.699999809265137,1099100,0.0,0.0
2017-01-13 00:00:00-05:00,8.729999542236328,8.84000015258789,8.680000305175781,8.729999542236328,531700,0.0,0.0
2017-01-17 00:00:00-05:00,8.649999618530273,8.649999618530273,8.399999618530273,8.430000305175781,1152100,0.0,0.0
2017-01-18 00:00:00-05:00,8.5,8.5,8.350000381469727,8.430000305175781,1066500,0.0,0.0
2017-01-19 00:00:00-05:00,8.420000076293945,8.649999618530273,8.380000114440918,8.539999961853027,1155800,0.0,0.0
2017-01-20 00:00:00-05:00,8.569999694824219,8.6899995803833,8.5600004196167,8.600000381469727,969700,0.0,0.0
2017-01-23 00:00:00-05:00,8.569999694824219,8.59000015258789,8.430000305175781,8.520000457763672,777200,0.0,0.0
2017-01-24 00:00:00-05:00,8.539999961853027,8.850000381469727,8.539999961853027,8.819999694824219,1541100,0.0,0.0
2017-01-25 00:00:00-05:00,8.899999618530273,9.020000457763672,8.880000114440918,8.890000343322754,1567900,0.0,0.0
2017-01-26 00:00:00-05:00,8.90999984741211,8.930000305175781,8.640000343322754,8.680000305175781,1064200,0.0,0.0
2017-01-27 00:00:00-05:00,8.710000038146973,8.90999984741211,8.609999656677246,8.890000343322754,1694400,0.0,0.0
2017-01-30 00:00:00-05:00,8.819999694824219,8.890000343322754,8.720000267028809,8.859999656677246,1584000,0.0,0.0
2017-01-31 00:00:00-05:00,8.8100004196167,9.010000228881836,8.699999809265137,9.010000228881836,1939100,0.0,0.0
2017-02-01 00:00:00-05:00,9.050000190734863,9.130000114440918,8.819999694824219,9.010000228881836,1996300,0.0,0.0
2017-02-02 00:00:00-05:00,9.0,9.029999732971191,8.850000381469727,9.010000228881836,2158600,0.0,0.0
2017-02-03 00:00:00-05:00,9.119999885559082,9.399999618530273,9.029999732971191,9.369999885559082,3043900,0.0,0.0
2017-02-06 00:00:00-05:00,9.289999961853027,9.399999618530273,9.109999656677246,9.34000015258789,2677200,0.0,0.0
2017-02-07 00:00:00-05:00,9.359999656677246,9.5,9.25,9.300000190734863,3176000,0.0,0.0
2017-02-08 00:00:00-05:00,9.239999771118164,9.25,9.039999961853027,9.180000305175781,2527800,0.0,0.0
2017-02-09 00:00:00-05:00,9.140000343322754,9.460000038146973,9.140000343322754,9.399999618530273,5214200,0.0,0.0
2017-02-10 00:00:00-05:00,10.989999771118164,12.300000190734863,10.930000305175781,11.960000038146973,16639300,0.0,0.0
2017-02-13 00:00:00-05:00,11.9399995803833,12.5,11.550000190734863,12.100000381469727,6173400,0.0,0.0
2017-02-14 00:00:00-05:00,11.979999542236328,12.380000114440918,11.869999885559082,12.329999923706055,5204600,0.0,0.0
2017-02-15 00:00:00-05:00,12.300000190734863,12.300000190734863,11.729999542236328,11.75,3924000,0.0,0.0
2017-02-16 00:00:00-05:00,11.449999809265137,11.90999984741211,11.3100004196167,11.449999809265137,4309600,0.0,0.0
2017-02-17 00:00:00-05:00,11.390000343322754,11.399999618530273,11.25,11.359999656677246,2063800,0.0,0.0
2017-02-21 00:00:00-05:00,11.350000381469727,11.520000457763672,11.279999732971191,11.300000190734863,2088600,0.0,0.0
2017-02-22 00:00:00-05:00,11.289999961853027,11.319999694824219,11.0600004196167,11.199999809265137,2106800,0.0,0.0
2017-02-23 00:00:00-05:00,11.239999771118164,11.239999771118164,10.8100004196167,11.029999732971191,2641400,0.0,0.0
2017-02-24 00:00:00-05:00,10.819999694824219,11.079999923706055,10.819999694824219,10.869999885559082,1385200,0.0,0.0
2017-02-27 00:00:00-05:00,10.869999885559082,11.050000190734863,10.819999694824219,11.050000190734863,2172200,0.0,0.0
2017-02-28 00:00:00-05:00,11.020000457763672,11.020000457763672,10.779999732971191,10.850000381469727,2097400,0.0,0.0
2017-03-01 00:00:00-05:00,11.010000228881836,11.119999885559082,10.869999885559082,10.920000076293945,1615500,0.0,0.0
2017-03-02 00:00:00-05:00,10.899999618530273,10.920000076293945,10.75,10.770000457763672,1196300,0.0,0.0
2017-03-03 00:00:00-05:00,10.770000457763672,10.899999618530273,10.680000305175781,10.890000343322754,1650900,0.0,0.0
2017-03-06 00:00:00-05:00,10.739999771118164,10.84000015258789,10.6899995803833,10.819999694824219,1180600,0.0,0.0
2017-03-07 00:00:00-05:00,10.779999732971191,10.850000381469727,10.609999656677246,10.6899995803833,1626500,0.0,0.0
2017-03-08 00:00:00-05:00,10.710000038146973,10.899999618530273,10.600000381469727,10.640000343322754,1416200,0.0,0.0
2017-03-09 00:00:00-05:00,10.640000343322754,10.649999618530273,10.329999923706055,10.489999771118164,1508000,0.0,0.0
2017-03-10 00:00:00-05:00,10.539999961853027,10.59000015258789,10.390000343322754,10.479999542236328,1280900,0.0,0.0
2017-03-13 00:00:00-04:00,10.460000038146973,10.579999923706055,10.329999923706055,10.350000381469727,1103400,0.0,0.0
2017-03-14 00:00:00-04:00,10.300000190734863,10.350000381469727,10.149999618530273,10.180000305175781,1172400,0.0,0.0
2017-03-15 00:00:00-04:00,10.229999542236328,10.359999656677246,10.199999809265137,10.350000381469727,1111200,0.0,0.0
2017-03-16 00:00:00-04:00,11.100000381469727,11.510000228881836,10.960000038146973,11.199999809265137,3700900,0.0,0.0
2017-03-17 00:00:00-04:00,11.1899995803833,11.40999984741211,11.119999885559082,11.130000114440918,2067500,0.0,0.0
2017-03-20 00:00:00-04:00,11.119999885559082,11.149999618530273,10.899999618530273,10.90999984741211,1134200,0.0,0.0
2017-03-21 00:00:00-04:00,11.039999961853027,11.149999618530273,10.5,10.5,2864600,0.0,0.0
2017-03-22 00:00:00-04:00,10.489999771118164,10.699999809265137,10.449999809265137,10.6899995803833,1466900,0.0,0.0
2017-03-23 00:00:00-04:00,10.6899995803833,10.970000267028809,10.609999656677246,10.859999656677246,1448500,0.0,0.0
2017-03-24 00:00:00-04:00,10.899999618530273,11.050000190734863,10.710000038146973,10.850000381469727,1952000,0.0,0.0
2017-03-27 00:00:00-04:00,10.59000015258789,10.920000076293945,10.579999923706055,10.880000114440918,941900,0.0,0.0
2017-03-28 00:00:00-04:00,10.800000190734863,10.8100004196167,10.579999923706055,10.59000015258789,2087500,0.0,0.0
2017-03-29 00:00:00-04:00,10.550000190734863,10.579999923706055,10.359999656677246,10.420000076293945,2608900,0.0,0.0
2017-03-30 00:00:00-04:00,10.390000343322754,10.5,10.329999923706055,10.399999618530273,1474500,0.0,0.0
2017-03-31 00:00:00-04:00,10.380000114440918,10.430000305175781,10.220000267028809,10.229999542236328,1497700,0.0,0.0
2017-04-03 00:00:00-04:00,10.25,10.279999732971191,10.050000190734863,10.149999618530273,1593900,0.0,0.0
2017-04-04 00:00:00-04:00,10.119999885559082,10.3100004196167,10.0,10.300000190734863,2508500,0.0,0.0
2017-04-05 00:00:00-04:00,10.34000015258789,10.449999809265137,9.619999885559082,9.630000114440918,2746400,0.0,0.0
2017-04-06 00:00:00-04:00,9.630000114440918,9.9399995803833,9.579999923706055,9.930000305175781,2970800,0.0,0.0
2017-04-07 00:00:00-04:00,9.899999618530273,9.930000305175781,9.789999961853027,9.869999885559082,2418900,0.0,0.0
2017-04-10 00:00:00-04:00,9.850000381469727,9.869999885559082,9.510000228881836,9.640000343322754,1551800,0.0,0.0
2017-04-11 00:00:00-04:00,9.619999885559082,9.710000038146973,9.489999771118164,9.510000228881836,1432600,0.0,0.0
2017-04-12 00:00:00-04:00,9.479999542236328,9.539999961853027,9.319999694824219,9.350000381469727,961400,0.0,0.0
2017-04-13 00:00:00-04:00,9.420000076293945,9.670000076293945,9.359999656677246,9.449999809265137,1457900,0.0,0.0
2017-04-17 00:00:00-04:00,9.479999542236328,9.770000457763672,9.449999809265137,9.75,1518700,0.0,0.0
2017-04-18 00:00:00-04:00,9.649999618530273,9.729999542236328,9.520000457763672,9.59000015258789,1239300,0.0,0.0
2017-04-19 00:00:00-04:00,9.670000076293945,9.739999771118164,9.520000457763672,9.539999961853027,1370600,0.0,0.0
2017-04-20 00:00:00-04:00,9.600000381469727,9.770000457763672,9.539999961853027,9.720000267028809,936500,0.0,0.0
2017-04-21 00:00:00-04:00,9.630000114440918,9.859999656677246,9.569999694824219,9.630000114440918,1636400,0.0,0.0
2017-04-24 00:00:00-04:00,9.789999961853027,10.25,9.710000038146973,10.180000305175781,2373000,0.0,0.0
2017-04-25 00:00:00-04:00,10.270000457763672,10.369999885559082,10.130000114440918,10.140000343322754,1082300,0.0,0.0
2017-04-26 00:00:00-04:00,10.140000343322754,10.170000076293945,9.960000038146973,9.979999542236328,1034800,0.0,0.0
2017-04-27 00:00:00-04:00,10.0,10.239999771118164,9.930000305175781,10.239999771118164,2287800,0.0,0.0
2017-04-28 00:00:00-04:00,10.279999732971191,10.3100004196167,9.890000343322754,9.920000076293945,1368600,0.0,0.0
2017-05-01 00:00:00-04:00,9.960000038146973,10.010000228881836,9.829999923706055,9.859999656677246,1201100,0.0,0.0
2017-05-02 00:00:00-04:00,9.899999618530273,9.960000038146973,9.779999732971191,9.920000076293945,1463400,0.0,0.0
2017-05-03 00:00:00-04:00,9.880000114440918,10.010000228881836,9.720000267028809,9.989999771118164,1216100,0.0,0.0
2017-05-04 00:00:00-04:00,10.079999923706055,10.34000015258789,9.770000457763672,9.949999809265137,3826400,0.0,0.0
2017-05-05 00:00:00-04:00,9.720000267028809,9.930000305175781,9.130000114440918,9.550000190734863,5230200,0.0,0.0
2017-05-08 00:00:00-04:00,9.489999771118164,9.539999961853027,9.170000076293945,9.289999961853027,3770900,0.0,0.0
2017-05-09 00:00:00-04:00,9.289999961853027,9.59000015258789,9.25,9.579999923706055,1746200,0.0,0.0
2017-05-10 00:00:00-04:00,9.550000190734863,9.649999618530273,9.430000305175781,9.489999771118164,1253100,0.0,0.0
2017-05-11 00:00:00-04:00,9.4399995803833,9.529999732971191,9.319999694824219,9.460000038146973,849400,0.0,0.0
2017-05-12 00:00:00-04:00,9.430000305175781,9.59000015258789,9.229999542236328,9.510000228881836,1223200,0.0,0.0
2017-05-15 00:00:00-04:00,9.539999961853027,9.739999771118164,9.539999961853027,9.619999885559082,1155000,0.0,0.0
2017-05-16 00:00:00-04:00,9.619999885559082,9.699999809265137,9.539999961853027,9.670000076293945,1505500,0.0,0.0
2017-05-17 00:00:00-04:00,9.520000457763672,9.550000190734863,9.210000038146973,9.220000267028809,1580500,0.0,0.0
2017-05-18 00:00:00-04:00,9.229999542236328,9.3100004196167,9.119999885559082,9.140000343322754,1308600,0.0,0.0
2017-05-19 00:00:00-04:00,9.180000305175781,9.289999961853027,9.09000015258789,9.1899995803833,1122900,0.0,0.0
2017-05-22 00:00:00-04:00,9.229999542236328,9.850000381469727,9.229999542236328,9.819999694824219,2021800,0.0,0.0
2017-05-23 00:00:00-04:00,9.829999923706055,9.949999809265137,9.699999809265137,9.829999923706055,1450000,0.0,0.0
2017-05-24 00:00:00-04:00,9.819999694824219,9.819999694824219,9.65999984741211,9.779999732971191,925900,0.0,0.0
2017-05-25 00:00:00-04:00,9.800000190734863,9.850000381469727,9.3100004196167,9.510000228881836,2241500,0.0,0.0
2017-05-26 00:00:00-04:00,10.0,10.380000114440918,9.880000114440918,10.350000381469727,3567500,0.0,0.0
2017-05-30 00:00:00-04:00,10.369999885559082,10.510000228881836,10.029999732971191,10.029999732971191,1416200,0.0,0.0
2017-05-31 00:00:00-04:00,10.050000190734863,10.050000190734863,9.569999694824219,9.720000267028809,1131700,0.0,0.0
2017-06-01 00:00:00-04:00,10.050000190734863,10.289999961853027,9.899999618530273,10.260000228881836,2114200,0.0,0.0
2017-06-02 00:00:00-04:00,10.220000267028809,10.390000343322754,10.069999694824219,10.289999961853027,1489300,0.0,0.0
2017-06-05 00:00:00-04:00,10.260000228881836,10.510000228881836,10.180000305175781,10.479999542236328,2260900,0.0,0.0
2017-06-06 00:00:00-04:00,10.399999618530273,10.720000267028809,10.359999656677246,10.600000381469727,1725500,0.0,0.0
2017-06-07 00:00:00-04:00,10.600000381469727,10.739999771118164,10.350000381469727,10.729999542236328,2167800,0.0,0.0
2017-06-08 00:00:00-04:00,10.739999771118164,11.229999542236328,10.609999656677246,11.170000076293945,2630800,0.0,0.0
2017-06-09 00:00:00-04:00,11.199999809265137,11.470000267028809,10.329999923706055,10.520000457763672,2743900,0.0,0.0
2017-06-12 00:00:00-04:00,10.5,10.890000343322754,10.25,10.829999923706055,1841400,0.0,0.0
2017-06-13 00:00:00-04:00,10.90999984741211,11.0600004196167,10.800000190734863,10.960000038146973,997900,0.0,0.0
2017-06-14 00:00:00-04:00,11.710000038146973,11.75,11.039999961853027,11.390000343322754,4672100,0.0,0.0
2017-06-15 00:00:00-04:00,11.210000038146973,11.489999771118164,11.0600004196167,11.460000038146973,2200400,0.0,0.0
2017-06-16 00:00:00-04:00,11.449999809265137,11.899999618530273,11.34000015258789,11.520000457763672,3274000,0.0,0.0
2017-06-19 00:00:00-04:00,11.75,11.8100004196167,11.369999885559082,11.569999694824219,1701200,0.0,0.0
2017-06-20 00:00:00-04:00,11.489999771118164,11.630000114440918,11.239999771118164,11.260000228881836,1719900,0.0,0.0
2017-06-21 00:00:00-04:00,11.279999732971191,11.430000305175781,11.130000114440918,11.180000305175781,901600,0.0,0.0
2017-06-22 00:00:00-04:00,11.569999694824219,11.979999542236328,11.40999984741211,11.760000228881836,2020000,0.0,0.0
2017-06-23 00:00:00-04:00,11.859999656677246,12.270000457763672,11.739999771118164,12.010000228881836,5328800,0.0,0.0
2017-06-26 00:00:00-04:00,12.0,12.09000015258789,11.59000015258789,11.960000038146973,1758500,0.0,0.0
2017-06-27 00:00:00-04:00,11.949999809265137,11.949999809265137,11.40999984741211,11.460000038146973,1710400,0.0,0.0
2017-06-28 00:00:00-04:00,11.5600004196167,11.6899995803833,11.40999984741211,11.550000190734863,1063400,0.0,0.0
2017-06-29 00:00:00-04:00,11.5600004196167,11.5600004196167,10.59000015258789,10.880000114440918,3325800,0.0,0.0
2017-06-30 00:00:00-04:00,10.890000343322754,10.9399995803833,10.520000457763672,10.670000076293945,2154700,0.0,0.0
2017-07-03 00:00:00-04:00,10.760000228881836,10.930000305175781,10.5600004196167,10.59000015258789,1113600,0.0,0.0
2017-07-05 00:00:00-04:00,10.59000015258789,10.720000267028809,10.520000457763672,10.640000343322754,969100,0.0,0.0
2017-07-06 00:00:00-04:00,10.5,10.619999885559082,10.399999618530273,10.460000038146973,999700,0.0,0.0
2017-07-07 00:00:00-04:00,10.470000267028809,10.699999809265137,10.4399995803833,10.600000381469727,1198600,0.0,0.0
2017-07-10 00:00:00-04:00,10.579999923706055,10.899999618530273,10.460000038146973,10.789999961853027,1601200,0.0,0.0
2017-07-11 00:00:00-04:00,10.760000228881836,10.890000343322754,10.670000076293945,10.890000343322754,1147400,0.0,0.0
2017-07-12 00:00:00-04:00,10.920000076293945,11.130000114440918,10.920000076293945,11.09000015258789,1038300,0.0,0.0
2017-07-13 00:00:00-04:00,11.15999984741211,11.40999984741211,11.140000343322754,11.300000190734863,1421800,0.0,0.0
2017-07-14 00:00:00-04:00,11.3100004196167,11.470000267028809,11.210000038146973,11.380000114440918,1250500,0.0,0.0
2017-07-17 00:00:00-04:00,11.369999885559082,11.390000343322754,11.109999656677246,11.3100004196167,1116800,0.0,0.0
2017-07-18 00:00:00-04:00,11.699999809265137,11.90999984741211,11.529999732971191,11.579999923706055,2002000,0.0,0.0
2017-07-19 00:00:00-04:00,11.720000267028809,12.010000228881836,11.609999656677246,11.949999809265137,1963800,0.0,0.0
2017-07-20 00:00:00-04:00,11.970000267028809,12.289999961853027,11.84000015258789,12.15999984741211,3266600,0.0,0.0
2017-07-21 00:00:00-04:00,12.210000038146973,12.380000114440918,12.109999656677246,12.329999923706055,1540600,0.0,0.0
2017-07-24 00:00:00-04:00,12.279999732971191,12.279999732971191,11.880000114440918,12.210000038146973,1654700,0.0,0.0
2017-07-25 00:00:00-04:00,12.210000038146973,12.25,11.949999809265137,12.210000038146973,1626800,0.0,0.0
2017-07-26 00:00:00-04:00,12.220000267028809,12.239999771118164,11.890000343322754,12.100000381469727,1870600,0.0,0.0
2017-07-27 00:00:00-04:00,12.15999984741211,12.170000076293945,11.649999618530273,11.770000457763672,2278500,0.0,0.0
2017-07-28 00:00:00-04:00,11.680000305175781,11.880000114440918,11.550000190734863,11.729999542236328,1075900,0.0,0.0
2017-07-31 00:00:00-04:00,11.739999771118164,11.800000190734863,11.609999656677246,11.729999542236328,1411900,0.0,0.0
2017-08-01 00:00:00-04:00,11.84000015258789,11.859999656677246,11.600000381469727,11.720000267028809,898600,0.0,0.0
2017-08-02 00:00:00-04:00,11.680000305175781,11.720000267028809,11.300000190734863,11.470000267028809,1980800,0.0,0.0
2017-08-03 00:00:00-04:00,11.5,11.670000076293945,11.260000228881836,11.470000267028809,2355700,0.0,0.0
2017-08-04 00:00:00-04:00,9.989999771118164,10.029999732971191,9.300000190734863,9.569999694824219,11490900,0.0,0.0
2017-08-07 00:00:00-04:00,9.460000038146973,9.59000015258789,9.010000228881836,9.25,5620100,0.0,0.0
2017-08-08 00:00:00-04:00,9.25,9.390000343322754,9.100000381469727,9.140000343322754,3016100,0.0,0.0
2017-08-09 00:00:00-04:00,9.050000190734863,9.130000114440918,8.9399995803833,9.050000190734863,2386400,0.0,0.0
2017-08-10 00:00:00-04:00,9.010000228881836,9.020000457763672,8.640000343322754,8.699999809265137,2135900,0.0,0.0
2017-08-11 00:00:00-04:00,8.75,8.829999923706055,8.630000114440918,8.670000076293945,1702400,0.0,0.0
2017-08-14 00:00:00-04:00,8.75,8.979999542236328,8.710000038146973,8.890000343322754,1742800,0.0,0.0
2017-08-15 00:00:00-04:00,8.890000343322754,8.899999618530273,8.59000015258789,8.600000381469727,1540100,0.0,0.0
2017-08-16 00:00:00-04:00,8.520000457763672,8.609999656677246,8.380000114440918,8.550000190734863,1855700,0.0,0.0
2017-08-17 00:00:00-04:00,8.4399995803833,8.59000015258789,8.329999923706055,8.390000343322754,1563800,0.0,0.0
2017-08-18 00:00:00-04:00,8.319999694824219,8.4399995803833,8.270000457763672,8.399999618530273,1455800,0.0,0.0
2017-08-21 00:00:00-04:00,8.399999618530273,8.399999618530273,8.119999885559082,8.300000190734863,1803300,0.0,0.0
2017-08-22 00:00:00-04:00,8.359999656677246,8.520000457763672,8.289999961853027,8.5,1321000,0.0,0.0
2017-08-23 00:00:00-04:00,8.399999618530273,8.630000114440918,8.319999694824219,8.5600004196167,1236500,0.0,0.0
2017-08-24 00:00:00-04:00,8.670000076293945,8.760000228881836,8.5600004196167,8.65999984741211,1223400,0.0,0.0
2017-08-25 00:00:00-04:00,8.699999809265137,8.710000038146973,8.510000228881836,8.630000114440918,1115000,0.0,0.0
2017-08-28 00:00:00-04:00,8.649999618530273,8.710000038146973,8.520000457763672,8.699999809265137,893200,0.0,0.0
2017-08-29 00:00:00-04:00,8.5600004196167,8.789999961853027,8.399999618530273,8.779999732971191,1688100,0.0,0.0
2017-08-30 00:00:00-04:00,8.75,8.880000114440918,8.579999923706055,8.630000114440918,1482700,0.0,0.0
2017-08-31 00:00:00-04:00,8.5,8.699999809265137,8.40999984741211,8.460000038146973,1471900,0.0,0.0
2017-09-01 00:00:00-04:00,8.470000267028809,8.550000190734863,8.359999656677246,8.529999732971191,1959900,0.0,0.0
2017-09-05 00:00:00-04:00,8.470000267028809,8.520000457763672,8.25,8.319999694824219,1997800,0.0,0.0
2017-09-06 00:00:00-04:00,8.350000381469727,8.430000305175781,8.239999771118164,8.260000228881836,1456100,0.0,0.0
2017-09-07 00:00:00-04:00,8.300000190734863,8.300000190734863,8.149999618530273,8.239999771118164,1479400,0.0,0.0
2017-09-08 00:00:00-04:00,8.180000305175781,8.229999542236328,8.119999885559082,8.1899995803833,1779100,0.0,0.0
2017-09-11 00:00:00-04:00,8.260000228881836,8.319999694824219,8.210000038146973,8.220000267028809,959000,0.0,0.0
2017-09-12 00:00:00-04:00,8.260000228881836,8.529999732971191,8.220000267028809,8.449999809265137,939400,0.0,0.0
2017-09-13 00:00:00-04:00,8.430000305175781,8.569999694824219,8.359999656677246,8.40999984741211,945200,0.0,0.0
2017-09-14 00:00:00-04:00,8.350000381469727,8.350000381469727,8.149999618530273,8.270000457763672,1095700,0.0,0.0
2017-09-15 00:00:00-04:00,8.270000457763672,8.470000267028809,8.149999618530273,8.369999885559082,3370700,0.0,0.0
2017-09-18 00:00:00-04:00,8.40999984741211,8.680000305175781,8.399999618530273,8.529999732971191,1698500,0.0,0.0
2017-09-19 00:00:00-04:00,8.520000457763672,8.539999961853027,8.390000343322754,8.4399995803833,1019900,0.0,0.0
2017-09-20 00:00:00-04:00,8.449999809265137,8.479999542236328,8.220000267028809,8.289999961853027,1190500,0.0,0.0
2017-09-21 00:00:00-04:00,8.260000228881836,8.460000038146973,8.119999885559082,8.40999984741211,1385500,0.0,0.0
2017-09-22 00:00:00-04:00,8.329999923706055,8.510000228881836,8.300000190734863,8.449999809265137,833500,0.0,0.0
2017-09-25 00:00:00-04:00,8.449999809265137,8.520000457763672,8.289999961853027,8.380000114440918,1118800,0.0,0.0
2017-09-26 00:00:00-04:00,8.40999984741211,8.550000190734863,8.369999885559082,8.449999809265137,707100,0.0,0.0
2017-09-27 00:00:00-04:00,8.5,8.9399995803833,8.479999542236328,8.739999771118164,1464200,0.0,0.0
2017-09-28 00:00:00-04:00,8.739999771118164,8.850000381469727,8.619999885559082,8.779999732971191,1062300,0.0,0.0
2017-09-29 00:00:00-04:00,8.789999961853027,8.989999771118164,8.739999771118164,8.869999885559082,1152800,0.0,0.0
2017-10-02 00:00:00-04:00,8.869999885559082,9.09000015258789,8.819999694824219,9.0,921100,0.0,0.0
2017-10-03 00:00:00-04:00,9.020000457763672,9.069999694824219,8.84000015258789,8.960000038146973,743400,0.0,0.0
2017-10-04 00:00:00-04:00,8.949999809265137,8.960000038146973,8.819999694824219,8.84000015258789,499500,0.0,0.0
2017-10-05 00:00:00-04:00,8.850000381469727,8.899999618530273,8.75,8.760000228881836,1098800,0.0,0.0
2017-10-06 00:00:00-04:00,8.75,8.960000038146973,8.729999542236328,8.869999885559082,962800,0.0,0.0
2017-10-09 00:00:00-04:00,8.890000343322754,8.9399995803833,8.829999923706055,8.890000343322754,545300,0.0,0.0
2017-10-10 00:00:00-04:00,8.960000038146973,8.989999771118164,8.729999542236328,8.770000457763672,975900,0.0,0.0
2017-10-11 00:00:00-04:00,8.760000228881836,8.84000015258789,8.579999923706055,8.59000015258789,1043500,0.0,0.0
2017-10-12 00:00:00-04:00,8.529999732971191,8.65999984741211,8.420000076293945,8.579999923706055,887300,0.0,0.0
2017-10-13 00:00:00-04:00,8.550000190734863,8.630000114440918,8.420000076293945,8.59000015258789,1385900,0.0,0.0
2017-10-16 00:00:00-04:00,8.930000305175781,8.970000267028809,8.489999771118164,8.5,1295200,0.0,0.0
2017-10-17 00:00:00-04:00,8.479999542236328,8.609999656677246,8.430000305175781,8.460000038146973,964900,0.0,0.0
2017-10-18 00:00:00-04:00,8.529999732971191,8.59000015258789,8.399999618530273,8.460000038146973,874800,0.0,0.0
2017-10-19 00:00:00-04:00,8.369999885559082,8.579999923706055,8.359999656677246,8.479999542236328,1391800,0.0,0.0
2017-10-20 00:00:00-04:00,8.579999923706055,8.729999542236328,8.5,8.670000076293945,792600,0.0,0.0
2017-10-23 00:00:00-04:00,8.670000076293945,8.789999961853027,8.510000228881836,8.739999771118164,1175000,0.0,0.0
2017-10-24 00:00:00-04:00,8.760000228881836,8.899999618530273,8.600000381469727,8.600000381469727,717500,0.0,0.0
2017-10-25 00:00:00-04:00,8.510000228881836,8.649999618530273,8.34000015258789,8.539999961853027,749800,0.0,0.0
2017-10-26 00:00:00-04:00,8.550000190734863,8.609999656677246,8.390000343322754,8.430000305175781,563900,0.0,0.0
2017-10-27 00:00:00-04:00,8.430000305175781,8.489999771118164,8.359999656677246,8.4399995803833,998100,0.0,0.0
2017-10-30 00:00:00-04:00,8.369999885559082,8.529999732971191,8.350000381469727,8.510000228881836,851400,0.0,0.0
2017-10-31 00:00:00-04:00,8.529999732971191,8.609999656677246,8.359999656677246,8.369999885559082,1080100,0.0,0.0
2017-11-01 00:00:00-04:00,8.4399995803833,8.579999923706055,8.289999961853027,8.399999618530273,894500,0.0,0.0
2017-11-02 00:00:00-04:00,8.34000015258789,8.399999618530273,7.769999980926514,7.820000171661377,2165900,0.0,0.0
2017-11-03 00:00:00-04:00,7.849999904632568,8.039999961853027,7.769999980926514,7.940000057220459,1438500,0.0,0.0
2017-11-06 00:00:00-05:00,7.960000038146973,8.34000015258789,7.929999828338623,8.279999732971191,1224100,0.0,0.0
2017-11-07 00:00:00-05:00,8.1899995803833,8.279999732971191,8.010000228881836,8.109999656677246,1409500,0.0,0.0
2017-11-08 00:00:00-05:00,8.210000038146973,8.710000038146973,8.149999618530273,8.710000038146973,3252800,0.0,0.0
2017-11-09 00:00:00-05:00,7.389999866485596,7.389999866485596,6.340000152587891,6.369999885559082,11613900,0.0,0.0
2017-11-10 00:00:00-05:00,6.329999923706055,6.510000228881836,6.289999961853027,6.360000133514404,4042800,0.0,0.0
2017-11-13 00:00:00-05:00,6.309999942779541,6.889999866485596,6.269999980926514,6.849999904632568,5636500,0.0,0.0
2017-11-14 00:00:00-05:00,6.860000133514404,6.889999866485596,6.510000228881836,6.579999923706055,2269400,0.0,0.0
2017-11-15 00:00:00-05:00,6.489999771118164,7.03000020980835,6.489999771118164,6.889999866485596,5391600,0.0,0.0
2017-11-16 00:00:00-05:00,6.920000076293945,7.179999828338623,6.920000076293945,7.059999942779541,2968300,0.0,0.0
2017-11-17 00:00:00-05:00,7.03000020980835,7.130000114440918,6.940000057220459,7.039999961853027,1481700,0.0,0.0
2017-11-20 00:00:00-05:00,7.050000190734863,7.170000076293945,7.03000020980835,7.070000171661377,1284300,0.0,0.0
2017-11-21 00:00:00-05:00,7.110000133514404,7.25,7.039999961853027,7.170000076293945,1372900,0.0,0.0
2017-11-22 00:00:00-05:00,7.179999828338623,7.369999885559082,7.170000076293945,7.320000171661377,1160100,0.0,0.0
2017-11-24 00:00:00-05:00,7.369999885559082,7.460000038146973,7.289999961853027,7.360000133514404,497000,0.0,0.0
2017-11-27 00:00:00-05:00,7.340000152587891,7.389999866485596,7.179999828338623,7.28000020980835,699400,0.0,0.0
2017-11-28 00:00:00-05:00,7.269999980926514,7.340000152587891,7.139999866485596,7.300000190734863,1082700,0.0,0.0
2017-11-29 00:00:00-05:00,7.159999847412109,7.340000152587891,7.059999942779541,7.25,1203700,0.0,0.0
2017-11-30 00:00:00-05:00,7.28000020980835,7.360000133514404,7.210000038146973,7.239999771118164,875200,0.0,0.0
2017-12-01 00:00:00-05:00,7.230000019073486,7.260000228881836,6.940000057220459,7.050000190734863,1208400,0.0,0.0
2017-12-04 00:00:00-05:00,7.050000190734863,7.070000171661377,6.769999980926514,6.769999980926514,1497300,0.0,0.0
2017-12-05 00:00:00-05:00,6.769999980926514,6.920000076293945,6.699999809265137,6.760000228881836,1380000,0.0,0.0
2017-12-06 00:00:00-05:00,6.710000038146973,6.78000020980835,6.630000114440918,6.699999809265137,1104900,0.0,0.0
2017-12-07 00:00:00-05:00,6.71999979019165,6.75,6.579999923706055,6.679999828338623,1157900,0.0,0.0
2017-12-08 00:00:00-05:00,6.710000038146973,6.940000057220459,6.619999885559082,6.659999847412109,1405200,0.0,0.0
2017-12-11 00:00:00-05:00,6.639999866485596,6.929999828338623,6.610000133514404,6.900000095367432,2809200,0.0,0.0
2017-12-12 00:00:00-05:00,6.900000095367432,6.900000095367432,6.659999847412109,6.679999828338623,1365000,0.0,0.0
2017-12-13 00:00:00-05:00,6.690000057220459,6.989999771118164,6.679999828338623,6.920000076293945,1699900,0.0,0.0
2017-12-14 00:00:00-05:00,6.909999847412109,6.949999809265137,6.71999979019165,6.75,1358000,0.0,0.0
2017-12-15 00:00:00-05:00,6.789999961853027,6.909999847412109,6.699999809265137,6.71999979019165,3012600,0.0,0.0
2017-12-18 00:00:00-05:00,6.739999771118164,6.829999923706055,6.639999866485596,6.71999979019165,1464700,0.0,0.0
2017-12-19 00:00:00-05:00,6.699999809265137,6.860000133514404,6.670000076293945,6.739999771118164,1546300,0.0,0.0
2017-12-20 00:00:00-05:00,6.769999980926514,6.840000152587891,6.710000038146973,6.78000020980835,864500,0.0,0.0
2017-12-21 00:00:00-05:00,6.800000190734863,7.010000228881836,6.789999961853027,6.960000038146973,1195700,0.0,0.0
2017-12-22 00:00:00-05:00,6.929999828338623,6.989999771118164,6.809999942779541,6.900000095367432,659200,0.0,0.0
2017-12-26 00:00:00-05:00,6.880000114440918,6.949999809265137,6.78000020980835,6.860000133514404,665800,0.0,0.0
2017-12-27 00:00:00-05:00,6.880000114440918,7.03000020980835,6.820000171661377,6.840000152587891,831000,0.0,0.0
2017-12-28 00:00:00-05:00,6.809999942779541,6.889999866485596,6.699999809265137,6.78000020980835,921400,0.0,0.0
2017-12-29 00:00:00-05:00,6.769999980926514,6.769999980926514,6.320000171661377,6.329999923706055,3644800,0.0,0.0
2018-01-02 00:00:00-05:00,6.369999885559082,6.699999809265137,6.309999942779541,6.670000076293945,1660700,0.0,0.0
2018-01-03 00:00:00-05:00,6.699999809265137,7.079999923706055,6.630000114440918,6.929999828338623,1812800,0.0,0.0
2018-01-04 00:00:00-05:00,6.980000019073486,7.059999942779541,6.840000152587891,6.949999809265137,1072000,0.0,0.0
2018-01-05 00:00:00-05:00,7.019999980926514,7.179999828338623,6.920000076293945,7.079999923706055,1321700,0.0,0.0
2018-01-08 00:00:00-05:00,7.050000190734863,7.150000095367432,6.880000114440918,7.139999866485596,1027300,0.0,0.0
2018-01-09 00:00:00-05:00,7.159999847412109,7.190000057220459,6.860000133514404,6.869999885559082,1223700,0.0,0.0
2018-01-10 00:00:00-05:00,6.820000171661377,6.960000038146973,6.71999979019165,6.739999771118164,1099000,0.0,0.0
2018-01-11 00:00:00-05:00,6.78000020980835,7.099999904632568,6.78000020980835,7.079999923706055,1863200,0.0,0.0
2018-01-12 00:00:00-05:00,7.099999904632568,7.230000019073486,7.019999980926514,7.079999923706055,730100,0.0,0.0
2018-01-16 00:00:00-05:00,7.099999904632568,7.199999809265137,6.829999923706055,6.940000057220459,985400,0.0,0.0
2018-01-17 00:00:00-05:00,6.980000019073486,7.070000171661377,6.889999866485596,6.980000019073486,868900,0.0,0.0
2018-01-18 00:00:00-05:00,6.989999771118164,6.989999771118164,6.730000019073486,6.789999961853027,1190500,0.0,0.0
2018-01-19 00:00:00-05:00,6.809999942779541,6.920000076293945,6.690000057220459,6.75,1399100,0.0,0.0
2018-01-22 00:00:00-05:00,6.71999979019165,6.789999961853027,6.559999942779541,6.71999979019165,1291100,0.0,0.0
2018-01-23 00:00:00-05:00,6.760000228881836,6.849999904632568,6.639999866485596,6.809999942779541,1158300,0.0,0.0
2018-01-24 00:00:00-05:00,6.809999942779541,6.809999942779541,6.539999961853027,6.679999828338623,1316300,0.0,0.0
2018-01-25 00:00:00-05:00,6.71999979019165,6.809999942779541,6.53000020980835,6.570000171661377,1158200,0.0,0.0
2018-01-26 00:00:00-05:00,6.650000095367432,6.670000076293945,6.480000019073486,6.550000190734863,1128100,0.0,0.0
2018-01-29 00:00:00-05:00,6.550000190734863,6.599999904632568,6.460000038146973,6.480000019073486,943500,0.0,0.0
2018-01-30 00:00:00-05:00,6.400000095367432,6.550000190734863,6.380000114440918,6.539999961853027,1098300,0.0,0.0
2018-01-31 00:00:00-05:00,6.590000152587891,6.599999904632568,6.440000057220459,6.46999979019165,777400,0.0,0.0
2018-02-01 00:00:00-05:00,6.420000076293945,6.570000171661377,6.380000114440918,6.519999980926514,800300,0.0,0.0
2018-02-02 00:00:00-05:00,6.449999809265137,6.550000190734863,6.420000076293945,6.46999979019165,956800,0.0,0.0
2018-02-05 00:00:00-05:00,6.429999828338623,6.489999771118164,6.239999771118164,6.25,1805500,0.0,0.0
2018-02-06 00:00:00-05:00,6.119999885559082,6.980000019073486,6.099999904632568,6.829999923706055,3321200,0.0,0.0
2018-02-07 00:00:00-05:00,6.849999904632568,7.079999923706055,6.699999809265137,6.900000095367432,3123400,0.0,0.0
2018-02-08 00:00:00-05:00,8.260000228881836,9.050000190734863,8.0600004196167,8.960000038146973,12252700,0.0,0.0
2018-02-09 00:00:00-05:00,9.0,9.520000457763672,8.949999809265137,9.329999923706055,7065900,0.0,0.0
2018-02-12 00:00:00-05:00,9.34000015258789,9.380000114440918,8.850000381469727,9.09000015258789,3624600,0.0,0.0
2018-02-13 00:00:00-05:00,9.050000190734863,9.470000267028809,9.050000190734863,9.4399995803833,2359000,0.0,0.0
2018-02-14 00:00:00-05:00,9.380000114440918,9.630000114440918,9.15999984741211,9.5600004196167,1949600,0.0,0.0
2018-02-15 00:00:00-05:00,9.640000343322754,9.640000343322754,9.380000114440918,9.600000381469727,1549500,0.0,0.0
2018-02-16 00:00:00-05:00,9.460000038146973,9.850000381469727,9.40999984741211,9.819999694824219,2105500,0.0,0.0
2018-02-20 00:00:00-05:00,9.729999542236328,10.229999542236328,9.510000228881836,9.979999542236328,2731500,0.0,0.0
2018-02-21 00:00:00-05:00,9.850000381469727,10.1899995803833,9.800000190734863,9.930000305175781,1642100,0.0,0.0
2018-02-22 00:00:00-05:00,9.989999771118164,10.140000343322754,9.869999885559082,9.90999984741211,817400,0.0,0.0
2018-02-23 00:00:00-05:00,10.0,10.0,9.65999984741211,9.949999809265137,1357600,0.0,0.0
2018-02-26 00:00:00-05:00,9.989999771118164,10.210000038146973,9.699999809265137,10.149999618530273,1367600,0.0,0.0
2018-02-27 00:00:00-05:00,10.109999656677246,10.25,9.8100004196167,9.899999618530273,1383200,0.0,0.0
2018-02-28 00:00:00-05:00,9.920000076293945,10.100000381469727,9.850000381469727,9.949999809265137,1950300,0.0,0.0
2018-03-01 00:00:00-05:00,9.979999542236328,10.229999542236328,9.84000015258789,10.010000228881836,2525300,0.0,0.0
2018-03-02 00:00:00-05:00,9.890000343322754,10.470000267028809,9.75,10.40999984741211,2419300,0.0,0.0
2018-03-05 00:00:00-05:00,10.350000381469727,10.550000190734863,10.279999732971191,10.470000267028809,1833800,0.0,0.0
2018-03-06 00:00:00-05:00,10.479999542236328,10.979999542236328,10.479999542236328,10.819999694824219,2311400,0.0,0.0
2018-03-07 00:00:00-05:00,10.640000343322754,10.930000305175781,10.520000457763672,10.90999984741211,1690800,0.0,0.0
2018-03-08 00:00:00-05:00,10.989999771118164,11.170000076293945,10.869999885559082,11.0,1276900,0.0,0.0
2018-03-09 00:00:00-05:00,11.140000343322754,11.329999923706055,11.029999732971191,11.270000457763672,1658200,0.0,0.0
2018-03-12 00:00:00-04:00,11.369999885559082,11.579999923706055,11.3100004196167,11.4399995803833,1724200,0.0,0.0
2018-03-13 00:00:00-04:00,11.5,11.670000076293945,11.380000114440918,11.489999771118164,1899900,0.0,0.0
2018-03-14 00:00:00-04:00,11.579999923706055,11.670000076293945,11.289999961853027,11.289999961853027,1830700,0.0,0.0
2018-03-15 00:00:00-04:00,11.270000457763672,11.34000015258789,11.0600004196167,11.329999923706055,1636000,0.0,0.0
2018-03-16 00:00:00-04:00,11.34000015258789,11.40999984741211,11.210000038146973,11.260000228881836,1571200,0.0,0.0
2018-03-19 00:00:00-04:00,10.869999885559082,10.979999542236328,10.619999885559082,10.899999618530273,1630300,0.0,0.0
2018-03-20 00:00:00-04:00,10.9399995803833,11.0,10.739999771118164,10.800000190734863,1018200,0.0,0.0
2018-03-21 00:00:00-04:00,10.770000457763672,11.15999984741211,10.770000457763672,11.039999961853027,1064000,0.0,0.0
2018-03-22 00:00:00-04:00,10.880000114440918,11.170000076293945,10.819999694824219,10.920000076293945,961600,0.0,0.0
2018-03-23 00:00:00-04:00,10.890000343322754,10.899999618530273,10.619999885559082,10.630000114440918,1170500,0.0,0.0
2018-03-26 00:00:00-04:00,10.789999961853027,11.020000457763672,10.609999656677246,11.020000457763672,1302300,0.0,0.0
2018-03-27 00:00:00-04:00,11.050000190734863,11.199999809265137,10.859999656677246,10.90999984741211,1053200,0.0,0.0
2018-03-28 00:00:00-04:00,10.890000343322754,10.979999542236328,10.579999923706055,10.619999885559082,898700,0.0,0.0
2018-03-29 00:00:00-04:00,10.6899995803833,10.920000076293945,10.609999656677246,10.859999656677246,934400,0.0,0.0
2018-04-02 00:00:00-04:00,10.869999885559082,10.869999885559082,10.569999694824219,10.670000076293945,960400,0.0,0.0
2018-04-03 00:00:00-04:00,10.789999961853027,10.920000076293945,10.75,10.829999923706055,1151300,0.0,0.0
2018-04-04 00:00:00-04:00,10.640000343322754,11.100000381469727,10.640000343322754,11.069999694824219,826700,0.0,0.0
2018-04-05 00:00:00-04:00,11.170000076293945,11.270000457763672,11.09000015258789,11.15999984741211,761700,0.0,0.0
2018-04-06 00:00:00-04:00,11.0,11.1899995803833,10.710000038146973,10.869999885559082,919500,0.0,0.0
2018-04-09 00:00:00-04:00,10.649999618530273,10.699999809265137,10.359999656677246,10.380000114440918,1644300,0.0,0.0
2018-04-10 00:00:00-04:00,10.470000267028809,10.850000381469727,10.460000038146973,10.8100004196167,1094700,0.0,0.0
2018-04-11 00:00:00-04:00,10.779999732971191,11.100000381469727,10.329999923706055,11.010000228881836,780300,0.0,0.0
2018-04-12 00:00:00-04:00,11.199999809265137,11.449999809265137,11.15999984741211,11.300000190734863,1013000,0.0,0.0
2018-04-13 00:00:00-04:00,11.380000114440918,11.420000076293945,11.199999809265137,11.34000015258789,812100,0.0,0.0
2018-04-16 00:00:00-04:00,11.329999923706055,11.369999885559082,10.979999542236328,11.020000457763672,1159100,0.0,0.0
2018-04-17 00:00:00-04:00,11.09000015258789,11.550000190734863,10.960000038146973,11.550000190734863,1198100,0.0,0.0
2018-04-18 00:00:00-04:00,11.489999771118164,11.6899995803833,11.399999618530273,11.640000343322754,936900,0.0,0.0
2018-04-19 00:00:00-04:00,11.369999885559082,11.600000381469727,11.369999885559082,11.420000076293945,527500,0.0,0.0
2018-04-20 00:00:00-04:00,11.369999885559082,11.609999656677246,11.15999984741211,11.569999694824219,763900,0.0,0.0
2018-04-23 00:00:00-04:00,11.609999656677246,11.649999618530273,11.40999984741211,11.449999809265137,619400,0.0,0.0
2018-04-24 00:00:00-04:00,11.489999771118164,11.800000190734863,11.3100004196167,11.680000305175781,883200,0.0,0.0
2018-04-25 00:00:00-04:00,11.699999809265137,11.729999542236328,11.34000015258789,11.609999656677246,864000,0.0,0.0
2018-04-26 00:00:00-04:00,11.640000343322754,11.800000190734863,11.520000457763672,11.789999961853027,845600,0.0,0.0
2018-04-27 00:00:00-04:00,11.8100004196167,11.880000114440918,11.539999961853027,11.75,795000,0.0,0.0
2018-04-30 00:00:00-04:00,11.789999961853027,11.890000343322754,11.630000114440918,11.720000267028809,617800,0.0,0.0
2018-05-01 00:00:00-04:00,11.729999542236328,11.970000267028809,11.600000381469727,11.9399995803833,1282500,0.0,0.0
2018-05-02 00:00:00-04:00,11.970000267028809,12.289999961853027,11.920000076293945,12.020000457763672,1762800,0.0,0.0
2018-05-03 00:00:00-04:00,11.90999984741211,12.0600004196167,11.710000038146973,12.0,874900,0.0,0.0
2018-05-04 00:00:00-04:00,11.979999542236328,12.199999809265137,11.880000114440918,12.010000228881836,1357400,0.0,0.0
2018-05-07 00:00:00-04:00,12.039999961853027,12.390000343322754,11.829999923706055,12.100000381469727,2177700,0.0,0.0
2018-05-08 00:00:00-04:00,11.8100004196167,12.010000228881836,11.739999771118164,11.800000190734863,1698800,0.0,0.0
2018-05-09 00:00:00-04:00,11.869999885559082,11.920000076293945,11.65999984741211,11.760000228881836,2315100,0.0,0.0
2018-05-10 00:00:00-04:00,10.359999656677246,10.5,9.279999732971191,9.350000381469727,6355400,0.0,0.0
2018-05-11 00:00:00-04:00,9.470000267028809,10.300000190734863,9.390000343322754,10.15999984741211,3461200,0.0,0.0
2018-05-14 00:00:00-04:00,10.229999542236328,10.229999542236328,9.770000457763672,9.90999984741211,2711000,0.0,0.0
2018-05-15 00:00:00-04:00,9.869999885559082,10.029999732971191,9.680000305175781,9.949999809265137,1562900,0.0,0.0
2018-05-16 00:00:00-04:00,9.949999809265137,10.050000190734863,9.800000190734863,10.050000190734863,1266600,0.0,0.0
2018-05-17 00:00:00-04:00,10.0,10.140000343322754,9.979999542236328,10.020000457763672,1123800,0.0,0.0
2018-05-18 00:00:00-04:00,10.069999694824219,10.25,9.970000267028809,10.09000015258789,1138200,0.0,0.0
2018-05-21 00:00:00-04:00,10.180000305175781,10.260000228881836,10.069999694824219,10.15999984741211,588100,0.0,0.0
2018-05-22 00:00:00-04:00,10.149999618530273,10.300000190734863,10.079999923706055,10.100000381469727,592500,0.0,0.0
2018-05-23 00:00:00-04:00,10.050000190734863,10.170000076293945,9.979999542236328,10.079999923706055,447500,0.0,0.0
2018-05-24 00:00:00-04:00,10.109999656677246,10.140000343322754,9.9399995803833,9.970000267028809,770400,0.0,0.0
2018-05-25 00:00:00-04:00,9.949999809265137,10.109999656677246,9.880000114440918,10.069999694824219,950800,0.0,0.0
2018-05-29 00:00:00-04:00,9.5,9.520000457763672,8.960000038146973,9.010000228881836,2587800,0.0,0.0
2018-05-30 00:00:00-04:00,9.170000076293945,9.220000267028809,8.8100004196167,8.899999618530273,1449900,0.0,0.0
2018-05-31 00:00:00-04:00,8.920000076293945,9.09000015258789,8.720000267028809,8.800000190734863,1632100,0.0,0.0
2018-06-01 00:00:00-04:00,8.84000015258789,8.899999618530273,8.569999694824219,8.770000457763672,2937700,0.0,0.0
2018-06-04 00:00:00-04:00,8.800000190734863,8.989999771118164,8.710000038146973,8.90999984741211,1523900,0.0,0.0
2018-06-05 00:00:00-04:00,8.920000076293945,9.050000190734863,8.850000381469727,8.859999656677246,2588000,0.0,0.0
2018-06-06 00:00:00-04:00,8.84000015258789,9.039999961853027,8.699999809265137,9.020000457763672,2231300,0.0,0.0
2018-06-07 00:00:00-04:00,9.069999694824219,9.380000114440918,9.0,9.270000457763672,1567900,0.0,0.0
2018-06-08 00:00:00-04:00,9.220000267028809,9.34000015258789,9.069999694824219,9.199999809265137,1187200,0.0,0.0
2018-06-11 00:00:00-04:00,9.1899995803833,9.430000305175781,9.180000305175781,9.380000114440918,1179400,0.0,0.0
2018-06-12 00:00:00-04:00,9.369999885559082,9.579999923706055,9.319999694824219,9.510000228881836,534900,0.0,0.0
2018-06-13 00:00:00-04:00,9.510000228881836,9.649999618530273,9.390000343322754,9.5600004196167,647600,0.0,0.0
2018-06-14 00:00:00-04:00,9.600000381469727,9.859999656677246,9.550000190734863,9.850000381469727,1043400,0.0,0.0
2018-06-15 00:00:00-04:00,9.789999961853027,9.9399995803833,9.699999809265137,9.920000076293945,1255700,0.0,0.0
2018-06-18 00:00:00-04:00,9.829999923706055,9.960000038146973,9.65999984741211,9.9399995803833,704400,0.0,0.0
2018-06-19 00:00:00-04:00,9.850000381469727,9.90999984741211,9.6899995803833,9.720000267028809,958900,0.0,0.0
2018-06-20 00:00:00-04:00,9.789999961853027,10.0,9.649999618530273,9.989999771118164,1299400,0.0,0.0
2018-06-21 00:00:00-04:00,9.529999732971191,9.720000267028809,9.239999771118164,9.3100004196167,1438200,0.0,0.0
2018-06-22 00:00:00-04:00,9.369999885559082,9.4399995803833,9.210000038146973,9.390000343322754,1708800,0.0,0.0
2018-06-25 00:00:00-04:00,9.350000381469727,9.5,9.119999885559082,9.369999885559082,973500,0.0,0.0
2018-06-26 00:00:00-04:00,9.390000343322754,9.710000038146973,9.270000457763672,9.680000305175781,766200,0.0,0.0
2018-06-27 00:00:00-04:00,9.65999984741211,9.789999961853027,9.539999961853027,9.550000190734863,692600,0.0,0.0
2018-06-28 00:00:00-04:00,9.5600004196167,9.699999809265137,9.489999771118164,9.6899995803833,738900,0.0,0.0
2018-06-29 00:00:00-04:00,9.710000038146973,9.970000267028809,9.65999984741211,9.930000305175781,1309400,0.0,0.0
2018-07-02 00:00:00-04:00,9.850000381469727,9.960000038146973,9.6899995803833,9.9399995803833,925700,0.0,0.0
2018-07-03 00:00:00-04:00,9.949999809265137,9.949999809265137,9.75,9.770000457763672,447300,0.0,0.0
2018-07-05 00:00:00-04:00,9.819999694824219,10.069999694824219,9.739999771118164,9.949999809265137,1043800,0.0,0.0
2018-07-06 00:00:00-04:00,9.960000038146973,10.239999771118164,9.949999809265137,10.199999809265137,788400,0.0,0.0
2018-07-09 00:00:00-04:00,10.25,10.25,10.0,10.050000190734863,756000,0.0,0.0
2018-07-10 00:00:00-04:00,10.079999923706055,10.25,10.020000457763672,10.170000076293945,722900,0.0,0.0
2018-07-11 00:00:00-04:00,10.050000190734863,10.130000114440918,9.789999961853027,9.8100004196167,1092000,0.0,0.0
2018-07-12 00:00:00-04:00,9.84000015258789,9.9399995803833,9.670000076293945,9.6899995803833,1785900,0.0,0.0
2018-07-13 00:00:00-04:00,9.75,9.970000267028809,9.619999885559082,9.619999885559082,1745500,0.0,0.0
2018-07-16 00:00:00-04:00,9.65999984741211,9.65999984741211,8.90999984741211,8.9399995803833,1993500,0.0,0.0
2018-07-17 00:00:00-04:00,8.850000381469727,9.010000228881836,8.850000381469727,8.880000114440918,1890200,0.0,0.0
2018-07-18 00:00:00-04:00,8.90999984741211,9.220000267028809,8.779999732971191,9.010000228881836,2120000,0.0,0.0
2018-07-19 00:00:00-04:00,8.979999542236328,9.140000343322754,8.819999694824219,9.020000457763672,1184600,0.0,0.0
2018-07-20 00:00:00-04:00,9.050000190734863,9.130000114440918,8.920000076293945,8.970000267028809,952900,0.0,0.0
2018-07-23 00:00:00-04:00,8.899999618530273,8.899999618530273,8.729999542236328,8.84000015258789,1483000,0.0,0.0
2018-07-24 00:00:00-04:00,9.149999618530273,9.9399995803833,8.970000267028809,9.0,9742400,0.0,0.0
2018-07-25 00:00:00-04:00,8.65999984741211,9.210000038146973,8.649999618530273,8.930000305175781,3808900,0.0,0.0
2018-07-26 00:00:00-04:00,8.890000343322754,9.029999732971191,8.829999923706055,8.899999618530273,1739700,0.0,0.0
2018-07-27 00:00:00-04:00,8.869999885559082,8.90999984741211,8.239999771118164,8.40999984741211,4921900,0.0,0.0
2018-07-30 00:00:00-04:00,8.40999984741211,8.479999542236328,8.260000228881836,8.3100004196167,4229600,0.0,0.0
2018-07-31 00:00:00-04:00,8.300000190734863,8.449999809265137,8.279999732971191,8.319999694824219,2929700,0.0,0.0
2018-08-01 00:00:00-04:00,8.279999732971191,8.520000457763672,8.270000457763672,8.4399995803833,1964500,0.0,0.0
2018-08-02 00:00:00-04:00,8.350000381469727,8.579999923706055,8.239999771118164,8.5600004196167,1956500,0.0,0.0
2018-08-03 00:00:00-04:00,8.630000114440918,8.8100004196167,8.430000305175781,8.470000267028809,1723500,0.0,0.0
2018-08-06 00:00:00-04:00,8.420000076293945,8.680000305175781,8.399999618530273,8.539999961853027,2675100,0.0,0.0
2018-08-07 00:00:00-04:00,8.619999885559082,8.800000190734863,8.600000381469727,8.6899995803833,2013500,0.0,0.0
2018-08-08 00:00:00-04:00,8.75,9.40999984741211,7.989999771118164,8.25,4252800,0.0,0.0
2018-08-09 00:00:00-04:00,8.260000228881836,8.829999923706055,8.260000228881836,8.569999694824219,1993900,0.0,0.0
2018-08-10 00:00:00-04:00,8.5,8.6899995803833,8.399999618530273,8.609999656677246,1190200,0.0,0.0
2018-08-13 00:00:00-04:00,8.609999656677246,8.710000038146973,8.430000305175781,8.4399995803833,1428700,0.0,0.0
2018-08-14 00:00:00-04:00,8.4399995803833,8.529999732971191,8.380000114440918,8.430000305175781,1034500,0.0,0.0
2018-08-15 00:00:00-04:00,8.390000343322754,8.609999656677246,8.239999771118164,8.59000015258789,1433500,0.0,0.0
2018-08-16 00:00:00-04:00,8.59000015258789,8.680000305175781,8.489999771118164,8.630000114440918,1831900,0.0,0.0
2018-08-17 00:00:00-04:00,8.600000381469727,8.75,8.5,8.729999542236328,1157100,0.0,0.0
2018-08-20 00:00:00-04:00,8.739999771118164,8.819999694824219,8.600000381469727,8.779999732971191,945600,0.0,0.0
2018-08-21 00:00:00-04:00,8.789999961853027,9.039999961853027,8.770000457763672,8.869999885559082,1530000,0.0,0.0
2018-08-22 00:00:00-04:00,8.859999656677246,9.029999732971191,8.760000228881836,8.989999771118164,1069200,0.0,0.0
2018-08-23 00:00:00-04:00,9.0,9.140000343322754,8.930000305175781,8.960000038146973,877700,0.0,0.0
2018-08-24 00:00:00-04:00,9.010000228881836,9.15999984741211,8.970000267028809,9.109999656677246,856100,0.0,0.0
2018-08-27 00:00:00-04:00,9.15999984741211,9.180000305175781,8.989999771118164,9.020000457763672,1012600,0.0,0.0
2018-08-28 00:00:00-04:00,9.050000190734863,9.149999618530273,8.859999656677246,8.869999885559082,963500,0.0,0.0
2018-08-29 00:00:00-04:00,8.84000015258789,9.050000190734863,8.84000015258789,9.0,1479300,0.0,0.0
2018-08-30 00:00:00-04:00,9.149999618530273,9.539999961853027,9.0,9.0600004196167,2930300,0.0,0.0
2018-08-31 00:00:00-04:00,9.039999961853027,9.130000114440918,8.930000305175781,8.949999809265137,1096900,0.0,0.0
2018-09-04 00:00:00-04:00,8.779999732971191,8.880000114440918,8.619999885559082,8.6899995803833,1125000,0.0,0.0
2018-09-05 00:00:00-04:00,8.699999809265137,8.699999809265137,8.40999984741211,8.449999809265137,934500,0.0,0.0
2018-09-06 00:00:00-04:00,8.029999732971191,8.09000015258789,7.590000152587891,7.599999904632568,5231200,0.0,0.0
2018-09-07 00:00:00-04:00,7.269999980926514,7.460000038146973,7.210000038146973,7.239999771118164,8491900,0.0,0.0
2018-09-10 00:00:00-04:00,7.28000020980835,7.480000019073486,7.079999923706055,7.420000076293945,6166700,0.0,0.0
2018-09-11 00:00:00-04:00,7.300000190734863,7.429999828338623,7.230000019073486,7.409999847412109,3930600,0.0,0.0
2018-09-12 00:00:00-04:00,7.389999866485596,7.409999847412109,7.139999866485596,7.210000038146973,2497900,0.0,0.0
2018-09-13 00:00:00-04:00,7.25,7.349999904632568,7.039999961853027,7.179999828338623,2277800,0.0,0.0
2018-09-14 00:00:00-04:00,7.190000057220459,7.239999771118164,7.03000020980835,7.050000190734863,1716800,0.0,0.0
2018-09-17 00:00:00-04:00,7.010000228881836,7.139999866485596,7.010000228881836,7.03000020980835,1512900,0.0,0.0
2018-09-18 00:00:00-04:00,7.090000152587891,7.159999847412109,7.010000228881836,7.130000114440918,1740500,0.0,0.0
2018-09-19 00:00:00-04:00,7.170000076293945,7.269999980926514,7.070000171661377,7.139999866485596,1387400,0.0,0.0
2018-09-20 00:00:00-04:00,7.150000095367432,7.380000114440918,7.139999866485596,7.300000190734863,2891500,0.0,0.0
2018-09-21 00:00:00-04:00,7.28000020980835,7.360000133514404,6.989999771118164,7.03000020980835,3784600,0.0,0.0
2018-09-24 00:00:00-04:00,7.03000020980835,7.199999809265137,6.860000133514404,6.989999771118164,2873400,0.0,0.0
2018-09-25 00:00:00-04:00,7.309999942779541,7.489999771118164,7.119999885559082,7.429999828338623,4325300,0.0,0.0
2018-09-26 00:00:00-04:00,7.429999828338623,7.5,7.239999771118164,7.260000228881836,2489200,0.0,0.0
2018-09-27 00:00:00-04:00,7.309999942779541,7.5,7.21999979019165,7.21999979019165,2724200,0.0,0.0
2018-09-28 00:00:00-04:00,7.190000057220459,7.300000190734863,7.010000228881836,7.300000190734863,2112900,0.0,0.0
2018-10-01 00:00:00-04:00,6.21999979019165,6.699999809265137,5.849999904632568,6.179999828338623,12022800,0.0,0.0
2018-10-02 00:00:00-04:00,6.28000020980835,6.570000171661377,6.210000038146973,6.300000190734863,4124600,0.0,0.0
2018-10-03 00:00:00-04:00,6.269999980926514,6.550000190734863,6.199999809265137,6.389999866485596,3062100,0.0,0.0
2018-10-04 00:00:00-04:00,6.369999885559082,6.420000076293945,6.239999771118164,6.28000020980835,1580800,0.0,0.0
2018-10-05 00:00:00-04:00,6.289999961853027,6.320000171661377,5.980000019073486,6.099999904632568,2434800,0.0,0.0
2018-10-08 00:00:00-04:00,6.039999961853027,6.139999866485596,5.940000057220459,5.989999771118164,1328500,0.0,0.0
2018-10-09 00:00:00-04:00,5.989999771118164,6.099999904632568,5.900000095367432,5.929999828338623,1247100,0.0,0.0
2018-10-10 00:00:00-04:00,5.900000095367432,5.949999809265137,5.800000190734863,5.829999923706055,2103100,0.0,0.0
2018-10-11 00:00:00-04:00,5.829999923706055,5.880000114440918,5.650000095367432,5.699999809265137,3152700,0.0,0.0
2018-10-12 00:00:00-04:00,5.849999904632568,5.949999809265137,5.699999809265137,5.920000076293945,2611100,0.0,0.0
2018-10-15 00:00:00-04:00,5.889999866485596,6.139999866485596,5.730000019073486,6.050000190734863,3107600,0.0,0.0
2018-10-16 00:00:00-04:00,6.079999923706055,6.340000152587891,6.019999980926514,6.320000171661377,2635700,0.0,0.0
2018-10-17 00:00:00-04:00,6.320000171661377,6.320000171661377,6.019999980926514,6.25,2346700,0.0,0.0
2018-10-18 00:00:00-04:00,6.210000038146973,6.420000076293945,6.119999885559082,6.389999866485596,2559200,0.0,0.0
2018-10-19 00:00:00-04:00,6.380000114440918,6.380000114440918,5.989999771118164,6.170000076293945,2993300,0.0,0.0
2018-10-22 00:00:00-04:00,6.210000038146973,6.260000228881836,5.960000038146973,6.059999942779541,2885800,0.0,0.0
2018-10-23 00:00:00-04:00,5.909999847412109,6.059999942779541,5.699999809265137,5.980000019073486,2631000,0.0,0.0
2018-10-24 00:00:00-04:00,5.980000019073486,6.010000228881836,5.619999885559082,5.630000114440918,2761100,0.0,0.0
2018-10-25 00:00:00-04:00,5.690000057220459,5.980000019073486,5.630000114440918,5.869999885559082,2439400,0.0,0.0
2018-10-26 00:00:00-04:00,5.75,5.75,5.329999923706055,5.360000133514404,5004400,0.0,0.0
2018-10-29 00:00:00-04:00,5.429999828338623,5.510000228881836,5.239999771118164,5.340000152587891,3150600,0.0,0.0
2018-10-30 00:00:00-04:00,5.309999942779541,5.480000019073486,5.28000020980835,5.420000076293945,2870800,0.0,0.0
2018-10-31 00:00:00-04:00,5.5,5.590000152587891,5.360000133514404,5.539999961853027,4061000,0.0,0.0
2018-11-01 00:00:00-04:00,5.579999923706055,5.889999866485596,5.550000190734863,5.880000114440918,3529800,0.0,0.0
2018-11-02 00:00:00-04:00,5.920000076293945,6.130000114440918,5.840000152587891,6.110000133514404,3635000,0.0,0.0
2018-11-05 00:00:00-05:00,6.110000133514404,6.289999961853027,6.019999980926514,6.269999980926514,3695000,0.0,0.0
2018-11-06 00:00:00-05:00,6.300000190734863,6.329999923706055,6.079999923706055,6.230000019073486,4119500,0.0,0.0
2018-11-07 00:00:00-05:00,4.46999979019165,4.5,4.110000133514404,4.150000095367432,21130700,0.0,0.0
2018-11-08 00:00:00-05:00,4.190000057220459,4.460000038146973,4.119999885559082,4.440000057220459,8223500,0.0,0.0
2018-11-09 00:00:00-05:00,4.630000114440918,4.820000171661377,4.510000228881836,4.699999809265137,8391600,0.0,0.0
2018-11-12 00:00:00-05:00,4.769999980926514,4.78000020980835,4.53000020980835,4.550000190734863,3484700,0.0,0.0
2018-11-13 00:00:00-05:00,4.409999847412109,4.510000228881836,4.289999961853027,4.400000095367432,5241700,0.0,0.0
2018-11-14 00:00:00-05:00,4.5,4.78000020980835,4.349999904632568,4.710000038146973,4155100,0.0,0.0
2018-11-15 00:00:00-05:00,4.75,5.059999942779541,4.619999885559082,5.019999980926514,5205600,0.0,0.0
2018-11-16 00:00:00-05:00,4.960000038146973,5.070000171661377,4.829999923706055,4.900000095367432,5235400,0.0,0.0
2018-11-19 00:00:00-05:00,4.869999885559082,4.909999847412109,4.590000152587891,4.590000152587891,2796200,0.0,0.0
2018-11-20 00:00:00-05:00,4.519999980926514,4.599999904632568,4.360000133514404,4.369999885559082,4301200,0.0,0.0
2018-11-21 00:00:00-05:00,4.429999828338623,4.75,4.420000076293945,4.570000171661377,3021000,0.0,0.0
2018-11-23 00:00:00-05:00,4.510000228881836,4.590000152587891,4.400000095367432,4.5,628100,0.0,0.0
2018-11-26 00:00:00-05:00,4.53000020980835,4.650000095367432,4.409999847412109,4.489999771118164,2266400,0.0,0.0
2018-11-27 00:00:00-05:00,4.460000038146973,4.480000019073486,4.349999904632568,4.400000095367432,1952900,0.0,0.0
2018-11-28 00:00:00-05:00,4.389999866485596,4.460000038146973,4.340000152587891,4.389999866485596,2442700,0.0,0.0
2018-11-29 00:00:00-05:00,4.389999866485596,4.46999979019165,4.329999923706055,4.369999885559082,1960500,0.0,0.0
2018-11-30 00:00:00-05:00,4.360000133514404,4.400000095367432,4.110000133514404,4.309999942779541,4235100,0.0,0.0
2018-12-03 00:00:00-05:00,4.389999866485596,4.440000057220459,4.260000228881836,4.380000114440918,2060800,0.0,0.0
2018-12-04 00:00:00-05:00,4.409999847412109,4.639999866485596,4.380000114440918,4.409999847412109,2175200,0.0,0.0
2018-12-06 00:00:00-05:00,4.300000190734863,4.599999904632568,4.239999771118164,4.579999923706055,3394100,0.0,0.0
2018-12-07 00:00:00-05:00,4.590000152587891,4.619999885559082,4.329999923706055,4.380000114440918,1803000,0.0,0.0
2018-12-10 00:00:00-05:00,4.349999904632568,4.449999809265137,4.300000190734863,4.349999904632568,2625900,0.0,0.0
2018-12-11 00:00:00-05:00,4.389999866485596,4.420000076293945,4.210000038146973,4.230000019073486,1744500,0.0,0.0
2018-12-12 00:00:00-05:00,4.289999961853027,4.46999979019165,4.230000019073486,4.389999866485596,1611200,0.0,0.0
2018-12-13 00:00:00-05:00,4.480000019073486,4.550000190734863,4.230000019073486,4.230000019073486,1709100,0.0,0.0
2018-12-14 00:00:00-05:00,4.210000038146973,4.239999771118164,4.119999885559082,4.130000114440918,1536300,0.0,0.0
2018-12-17 00:00:00-05:00,4.130000114440918,4.159999847412109,3.9800000190734863,4.019999980926514,2490000,0.0,0.0
2018-12-18 00:00:00-05:00,4.070000171661377,4.079999923706055,3.859999895095825,3.880000114440918,6514000,0.0,0.0
2018-12-19 00:00:00-05:00,3.869999885559082,4.019999980926514,3.75,3.869999885559082,3078000,0.0,0.0
2018-12-20 00:00:00-05:00,3.8299999237060547,3.940000057220459,3.75,3.859999895095825,2838200,0.0,0.0
2018-12-21 00:00:00-05:00,3.880000114440918,3.880000114440918,3.5399999618530273,3.6700000762939453,4035100,0.0,0.0
2018-12-24 00:00:00-05:00,3.6500000953674316,3.819999933242798,3.6500000953674316,3.7200000286102295,1176700,0.0,0.0
2018-12-26 00:00:00-05:00,3.75,3.799999952316284,3.559999942779541,3.7899999618530273,2044700,0.0,0.0
2018-12-27 00:00:00-05:00,3.7300000190734863,3.8399999141693115,3.690000057220459,3.8399999141693115,1434600,0.0,0.0
2018-12-28 00:00:00-05:00,3.880000114440918,4.010000228881836,3.8299999237060547,3.9200000762939453,1465200,0.0,0.0
2018-12-31 00:00:00-05:00,3.9200000762939453,4.059999942779541,3.9000000953674316,3.990000009536743,2454100,0.0,0.0
2019-01-02 00:00:00-05:00,3.9200000762939453,4.039999961853027,3.809999942779541,4.03000020980835,1402200,0.0,0.0
2019-01-03 00:00:00-05:00,3.9800000190734863,4.099999904632568,3.9000000953674316,4.050000190734863,1384600,0.0,0.0
2019-01-04 00:00:00-05:00,4.110000133514404,4.230000019073486,4.079999923706055,4.230000019073486,1943700,0.0,0.0
2019-01-07 00:00:00-05:00,4.21999979019165,4.409999847412109,4.179999828338623,4.300000190734863,3904400,0.0,0.0
2019-01-08 00:00:00-05:00,4.329999923706055,4.510000228881836,4.21999979019165,4.389999866485596,6097200,0.0,0.0
2019-01-09 00:00:00-05:00,4.420000076293945,4.429999828338623,4.289999961853027,4.329999923706055,1968300,0.0,0.0
2019-01-10 00:00:00-05:00,4.289999961853027,4.380000114440918,4.239999771118164,4.360000133514404,1272000,0.0,0.0
2019-01-11 00:00:00-05:00,4.340000152587891,4.449999809265137,4.28000020980835,4.289999961853027,1633900,0.0,0.0
2019-01-14 00:00:00-05:00,4.260000228881836,4.300000190734863,4.159999847412109,4.159999847412109,1247800,0.0,0.0
2019-01-15 00:00:00-05:00,4.190000057220459,4.360000133514404,4.150000095367432,4.289999961853027,1040200,0.0,0.0
2019-01-16 00:00:00-05:00,4.289999961853027,4.349999904632568,4.190000057220459,4.210000038146973,1251100,0.0,0.0
2019-01-17 00:00:00-05:00,4.199999809265137,4.21999979019165,4.119999885559082,4.21999979019165,1371000,0.0,0.0
2019-01-18 00:00:00-05:00,4.21999979019165,4.269999980926514,4.170000076293945,4.21999979019165,1142100,0.0,0.0
2019-01-22 00:00:00-05:00,4.239999771118164,4.260000228881836,4.070000171661377,4.099999904632568,1407700,0.0,0.0
2019-01-23 00:00:00-05:00,4.130000114440918,4.21999979019165,4.090000152587891,4.150000095367432,984300,0.0,0.0
2019-01-24 00:00:00-05:00,4.150000095367432,4.269999980926514,4.150000095367432,4.170000076293945,1466700,0.0,0.0
2019-01-25 00:00:00-05:00,4.210000038146973,4.380000114440918,4.210000038146973,4.369999885559082,1483000,0.0,0.0
2019-01-28 00:00:00-05:00,4.329999923706055,4.409999847412109,4.300000190734863,4.360000133514404,1036600,0.0,0.0
2019-01-29 00:00:00-05:00,4.369999885559082,4.460000038146973,4.329999923706055,4.360000133514404,1467400,0.0,0.0
2019-01-30 00:00:00-05:00,4.369999885559082,4.449999809265137,4.260000228881836,4.380000114440918,1374100,0.0,0.0
2019-01-31 00:00:00-05:00,4.389999866485596,4.53000020980835,4.389999866485596,4.400000095367432,1419000,0.0,0.0
2019-02-01 00:00:00-05:00,4.460000038146973,5.170000076293945,4.460000038146973,5.159999847412109,7501700,0.0,0.0
2019-02-04 00:00:00-05:00,5.139999866485596,5.230000019073486,4.809999942779541,4.929999828338623,3662300,0.0,0.0
2019-02-05 00:00:00-05:00,4.860000133514404,5.070000171661377,4.789999961853027,4.889999866485596,1788100,0.0,0.0
2019-02-06 00:00:00-05:00,4.909999847412109,4.96999979019165,4.820000171661377,4.849999904632568,1045300,0.0,0.0
2019-02-07 00:00:00-05:00,4.840000152587891,4.920000076293945,4.539999961853027,4.539999961853027,2425500,0.0,0.0
2019-02-08 00:00:00-05:00,4.539999961853027,4.579999923706055,4.46999979019165,4.510000228881836,1488800,0.0,0.0
2019-02-11 00:00:00-05:00,4.53000020980835,4.610000133514404,4.480000019073486,4.590000152587891,1768800,0.0,0.0
2019-02-12 00:00:00-05:00,4.599999904632568,4.869999885559082,4.599999904632568,4.78000020980835,2889100,0.0,0.0
2019-02-13 00:00:00-05:00,4.78000020980835,4.929999828338623,4.710000038146973,4.739999771118164,1212000,0.0,0.0
2019-02-14 00:00:00-05:00,4.760000228881836,4.880000114440918,4.679999828338623,4.800000190734863,1835000,0.0,0.0
2019-02-15 00:00:00-05:00,4.849999904632568,5.010000228881836,4.789999961853027,4.989999771118164,1778400,0.0,0.0
2019-02-19 00:00:00-05:00,4.929999828338623,5.110000133514404,4.900000095367432,5.010000228881836,1828000,0.0,0.0
2019-02-20 00:00:00-05:00,4.980000019073486,5.010000228881836,4.800000190734863,4.900000095367432,3263600,0.0,0.0
2019-02-21 00:00:00-05:00,4.909999847412109,5.010000228881836,4.820000171661377,4.849999904632568,3174000,0.0,0.0
2019-02-22 00:00:00-05:00,5.019999980926514,5.590000152587891,5.019999980926514,5.260000228881836,7690800,0.0,0.0
2019-02-25 00:00:00-05:00,5.409999847412109,5.739999771118164,5.239999771118164,5.28000020980835,4995200,0.0,0.0
2019-02-26 00:00:00-05:00,5.380000114440918,5.550000190734863,5.360000133514404,5.409999847412109,4097400,0.0,0.0
2019-02-27 00:00:00-05:00,5.429999828338623,5.460000038146973,5.039999961853027,5.320000171661377,3439100,0.0,0.0
2019-02-28 00:00:00-05:00,5.289999961853027,5.320000171661377,5.050000190734863,5.110000133514404,2859700,0.0,0.0
2019-03-01 00:00:00-05:00,5.159999847412109,5.239999771118164,5.059999942779541,5.139999866485596,3124200,0.0,0.0
2019-03-04 00:00:00-05:00,5.320000171661377,5.329999923706055,5.059999942779541,5.199999809265137,2325600,0.0,0.0
2019-03-05 00:00:00-05:00,5.210000038146973,5.210000038146973,5.010000228881836,5.050000190734863,1832500,0.0,0.0
2019-03-06 00:00:00-05:00,5.039999961853027,5.039999961853027,4.699999809265137,4.860000133514404,9693000,0.0,0.0
2019-03-07 00:00:00-05:00,4.860000133514404,4.860000133514404,4.550000190734863,4.610000133514404,4480600,0.0,0.0
2019-03-08 00:00:00-05:00,4.550000190734863,4.630000114440918,4.480000019073486,4.539999961853027,3306400,0.0,0.0
2019-03-11 00:00:00-04:00,4.800000190734863,5.050000190734863,4.739999771118164,4.980000019073486,5350900,0.0,0.0
2019-03-12 00:00:00-04:00,5.010000228881836,5.03000020980835,4.820000171661377,4.849999904632568,2426400,0.0,0.0
2019-03-13 00:00:00-04:00,4.860000133514404,4.96999979019165,4.829999923706055,4.889999866485596,2021200,0.0,0.0
2019-03-14 00:00:00-04:00,4.889999866485596,4.889999866485596,4.730000019073486,4.75,1806600,0.0,0.0
2019-03-15 00:00:00-04:00,4.769999980926514,4.929999828338623,4.75,4.769999980926514,3967000,0.0,0.0
2019-03-18 00:00:00-04:00,4.769999980926514,4.869999885559082,4.71999979019165,4.789999961853027,2666800,0.0,0.0
2019-03-19 00:00:00-04:00,4.809999942779541,4.820000171661377,4.650000095367432,4.690000057220459,2911600,0.0,0.0
2019-03-20 00:00:00-04:00,4.639999866485596,4.650000095367432,4.510000228881836,4.53000020980835,3336900,0.0,0.0
2019-03-21 00:00:00-04:00,4.510000228881836,4.590000152587891,4.46999979019165,4.519999980926514,1898400,0.0,0.0
2019-03-22 00:00:00-04:00,4.489999771118164,4.539999961853027,4.239999771118164,4.320000171661377,5058300,0.0,0.0
2019-03-25 00:00:00-04:00,4.309999942779541,4.360000133514404,4.190000057220459,4.349999904632568,4527300,0.0,0.0
2019-03-26 00:00:00-04:00,4.369999885559082,4.389999866485596,4.199999809265137,4.320000171661377,3008300,0.0,0.0
2019-03-27 00:00:00-04:00,4.329999923706055,4.400000095367432,4.210000038146973,4.230000019073486,2396700,0.0,0.0
2019-03-28 00:00:00-04:00,4.230000019073486,4.340000152587891,4.210000038146973,4.309999942779541,3434000,0.0,0.0
2019-03-29 00:00:00-04:00,4.360000133514404,4.369999885559082,4.239999771118164,4.340000152587891,1904500,0.0,0.0
2019-04-01 00:00:00-04:00,4.360000133514404,4.539999961853027,4.300000190734863,4.519999980926514,2341300,0.0,0.0
2019-04-02 00:00:00-04:00,4.510000228881836,4.639999866485596,4.510000228881836,4.559999942779541,2254400,0.0,0.0
2019-04-03 00:00:00-04:00,4.619999885559082,4.760000228881836,4.610000133514404,4.639999866485596,1490100,0.0,0.0
2019-04-04 00:00:00-04:00,4.630000114440918,4.769999980926514,4.610000133514404,4.71999979019165,1424400,0.0,0.0
2019-04-05 00:00:00-04:00,4.739999771118164,4.789999961853027,4.659999847412109,4.690000057220459,1225100,0.0,0.0
2019-04-08 00:00:00-04:00,4.659999847412109,4.730000019073486,4.619999885559082,4.730000019073486,1116900,0.0,0.0
2019-04-09 00:00:00-04:00,4.699999809265137,4.760000228881836,4.639999866485596,4.679999828338623,1533200,0.0,0.0
2019-04-10 00:00:00-04:00,4.659999847412109,4.760000228881836,4.639999866485596,4.75,1176500,0.0,0.0
2019-04-11 00:00:00-04:00,4.769999980926514,4.78000020980835,4.659999847412109,4.710000038146973,884100,0.0,0.0
2019-04-12 00:00:00-04:00,4.559999942779541,4.940000057220459,4.53000020980835,4.909999847412109,3584200,0.0,0.0
2019-04-15 00:00:00-04:00,4.929999828338623,5.079999923706055,4.860000133514404,5.03000020980835,2115300,0.0,0.0
2019-04-16 00:00:00-04:00,5.019999980926514,5.039999961853027,4.789999961853027,5.0,2442600,0.0,0.0
2019-04-17 00:00:00-04:00,5.039999961853027,5.130000114440918,4.900000095367432,4.989999771118164,3107800,0.0,0.0
2019-04-18 00:00:00-04:00,4.980000019073486,5.039999961853027,4.820000171661377,4.840000152587891,2171400,0.0,0.0
2019-04-22 00:00:00-04:00,4.820000171661377,4.849999904632568,4.679999828338623,4.710000038146973,2297400,0.0,0.0
2019-04-23 00:00:00-04:00,4.710000038146973,4.739999771118164,4.619999885559082,4.639999866485596,2034400,0.0,0.0
2019-04-24 00:00:00-04:00,4.639999866485596,4.670000076293945,4.53000020980835,4.550000190734863,1671000,0.0,0.0
2019-04-25 00:00:00-04:00,4.519999980926514,4.53000020980835,4.329999923706055,4.420000076293945,2814300,0.0,0.0
2019-04-26 00:00:00-04:00,4.409999847412109,4.420000076293945,4.269999980926514,4.289999961853027,2861500,0.0,0.0
2019-04-29 00:00:00-04:00,4.320000171661377,4.46999979019165,4.269999980926514,4.369999885559082,3070300,0.0,0.0
2019-04-30 00:00:00-04:00,4.340000152587891,4.380000114440918,4.199999809265137,4.340000152587891,3110900,0.0,0.0
2019-05-01 00:00:00-04:00,4.349999904632568,4.489999771118164,4.300000190734863,4.320000171661377,1996500,0.0,0.0
2019-05-02 00:00:00-04:00,4.320000171661377,4.409999847412109,4.25,4.309999942779541,1251600,0.0,0.0
2019-05-03 00:00:00-04:00,4.320000171661377,4.440000057220459,4.260000228881836,4.429999828338623,2507900,0.0,0.0
2019-05-06 00:00:00-04:00,4.28000020980835,4.429999828338623,4.159999847412109,4.409999847412109,4795300,0.0,0.0
2019-05-07 00:00:00-04:00,4.409999847412109,4.429999828338623,4.230000019073486,4.25,3207000,0.0,0.0
2019-05-08 00:00:00-04:00,4.260000228881836,4.519999980926514,4.179999828338623,4.420000076293945,4917700,0.0,0.0
2019-05-09 00:00:00-04:00,3.6600000858306885,3.700000047683716,3.109999895095825,3.240000009536743,15665000,0.0,0.0
2019-05-10 00:00:00-04:00,3.2699999809265137,3.2699999809265137,3.0999999046325684,3.240000009536743,3940600,0.0,0.0
2019-05-13 00:00:00-04:00,3.180000066757202,3.259999990463257,3.130000114440918,3.1600000858306885,3256200,0.0,0.0
2019-05-14 00:00:00-04:00,3.1700000762939453,3.200000047683716,3.0799999237060547,3.130000114440918,4683800,0.0,0.0
2019-05-15 00:00:00-04:00,3.200000047683716,3.369999885559082,3.200000047683716,3.200000047683716,3434000,0.0,0.0
2019-05-16 00:00:00-04:00,3.2100000381469727,3.3399999141693115,3.200000047683716,3.2899999618530273,3754600,0.0,0.0
2019-05-17 00:00:00-04:00,3.2200000286102295,3.319999933242798,3.119999885559082,3.130000114440918,2636000,0.0,0.0
2019-05-20 00:00:00-04:00,3.109999895095825,3.1600000858306885,3.0,3.0299999713897705,3213400,0.0,0.0
2019-05-21 00:00:00-04:00,3.200000047683716,3.380000114440918,3.190000057220459,3.3299999237060547,3750100,0.0,0.0
2019-05-22 00:00:00-04:00,3.3299999237060547,3.369999885559082,3.200000047683716,3.2300000190734863,1950900,0.0,0.0
2019-05-23 00:00:00-04:00,3.200000047683716,3.25,3.059999942779541,3.0799999237060547,2268900,0.0,0.0
2019-05-24 00:00:00-04:00,3.109999895095825,3.1700000762939453,3.059999942779541,3.1600000858306885,2136400,0.0,0.0
2019-05-28 00:00:00-04:00,3.1600000858306885,3.2200000286102295,3.140000104904175,3.140000104904175,2485900,0.0,0.0
2019-05-29 00:00:00-04:00,3.2699999809265137,3.2699999809265137,3.130000114440918,3.25,2703300,0.0,0.0
2019-05-30 00:00:00-04:00,3.25,3.25,3.1700000762939453,3.2200000286102295,1044200,0.0,0.0
2019-05-31 00:00:00-04:00,3.1500000953674316,3.200000047683716,3.0399999618530273,3.109999895095825,2834500,0.0,0.0
2019-06-03 00:00:00-04:00,2.990000009536743,3.130000114440918,2.9700000286102295,3.0799999237060547,3516500,0.0,0.0
2019-06-04 00:00:00-04:00,3.119999885559082,3.2300000190734863,3.109999895095825,3.180000066757202,2033900,0.0,0.0
2019-06-05 00:00:00-04:00,3.200000047683716,3.2300000190734863,3.0199999809265137,3.069999933242798,4031400,0.0,0.0
2019-06-06 00:00:00-04:00,3.069999933242798,3.140000104904175,2.859999895095825,2.9700000286102295,4565600,0.0,0.0
2019-06-07 00:00:00-04:00,2.9800000190734863,3.059999942779541,2.880000114440918,3.0,3136000,0.0,0.0
2019-06-10 00:00:00-04:00,3.0299999713897705,3.130000114440918,3.0199999809265137,3.059999942779541,1580600,0.0,0.0
2019-06-11 00:00:00-04:00,3.119999885559082,3.200000047683716,3.069999933242798,3.119999885559082,991800,0.0,0.0
2019-06-12 00:00:00-04:00,3.109999895095825,3.2300000190734863,3.0799999237060547,3.109999895095825,1509800,0.0,0.0
2019-06-13 00:00:00-04:00,3.130000114440918,3.2899999618530273,3.119999885559082,3.259999990463257,2476400,0.0,0.0
2019-06-14 00:00:00-04:00,3.25,3.25,3.0999999046325684,3.140000104904175,1380700,0.0,0.0
2019-06-17 00:00:00-04:00,3.1500000953674316,3.240000009536743,3.140000104904175,3.200000047683716,853500,0.0,0.0
2019-06-18 00:00:00-04:00,3.2100000381469727,3.309999942779541,3.200000047683716,3.2799999713897705,1357900,0.0,0.0
2019-06-19 00:00:00-04:00,3.2799999713897705,3.319999933242798,3.119999885559082,3.140000104904175,1469200,0.0,0.0
2019-06-20 00:00:00-04:00,3.1600000858306885,3.2799999713897705,3.140000104904175,3.190000057220459,1853600,0.0,0.0
2019-06-21 00:00:00-04:00,3.190000057220459,3.190000057220459,3.0799999237060547,3.0899999141693115,1820000,0.0,0.0
2019-06-24 00:00:00-04:00,3.0999999046325684,3.1500000953674316,3.009999990463257,3.0299999713897705,2084000,0.0,0.0
2019-06-25 00:00:00-04:00,3.059999942779541,3.119999885559082,2.9600000381469727,2.9700000286102295,1472400,0.0,0.0
2019-06-26 00:00:00-04:00,2.990000009536743,3.059999942779541,2.9000000953674316,2.9100000858306885,2285000,0.0,0.0
2019-06-27 00:00:00-04:00,2.930000066757202,3.0199999809265137,2.869999885559082,2.9200000762939453,2338500,0.0,0.0
2019-06-28 00:00:00-04:00,2.940000057220459,2.990000009536743,2.880000114440918,2.9100000858306885,5091700,0.0,0.0
2019-07-01 00:00:00-04:00,2.950000047683716,3.109999895095825,2.950000047683716,3.059999942779541,2553100,0.0,0.0
2019-07-02 00:00:00-04:00,3.059999942779541,3.0799999237060547,2.9600000381469727,2.9800000190734863,947900,0.0,0.0
2019-07-03 00:00:00-04:00,2.990000009536743,3.0399999618530273,2.940000057220459,3.009999990463257,603200,0.0,0.0
2019-07-05 00:00:00-04:00,3.009999990463257,3.009999990463257,2.9200000762939453,2.990000009536743,1283100,0.0,0.0
2019-07-08 00:00:00-04:00,2.9600000381469727,2.9800000190734863,2.809999942779541,2.819999933242798,1960900,0.0,0.0
2019-07-09 00:00:00-04:00,2.819999933242798,2.930000066757202,2.799999952316284,2.9200000762939453,1662000,0.0,0.0
2019-07-10 00:00:00-04:00,2.930000066757202,2.990000009536743,2.869999885559082,2.9100000858306885,824400,0.0,0.0
2019-07-11 00:00:00-04:00,2.9200000762939453,2.940000057220459,2.819999933242798,2.8499999046325684,1310800,0.0,0.0
2019-07-12 00:00:00-04:00,2.8499999046325684,2.9000000953674316,2.809999942779541,2.869999885559082,1732400,0.0,0.0
2019-07-15 00:00:00-04:00,2.869999885559082,2.9200000762939453,2.819999933242798,2.859999895095825,1405500,0.0,0.0
2019-07-16 00:00:00-04:00,2.8499999046325684,2.950000047683716,2.819999933242798,2.9200000762939453,2757800,0.0,0.0
2019-07-17 00:00:00-04:00,2.9000000953674316,3.240000009536743,2.869999885559082,3.200000047683716,4878600,0.0,0.0
2019-07-18 00:00:00-04:00,3.200000047683716,3.4700000286102295,3.200000047683716,3.450000047683716,6856800,0.0,0.0
2019-07-19 00:00:00-04:00,3.4800000190734863,3.490000009536743,3.359999895095825,3.4200000762939453,2543000,0.0,0.0
2019-07-22 00:00:00-04:00,3.4200000762939453,3.5299999713897705,3.3299999237060547,3.369999885559082,2121700,0.0,0.0
2019-07-23 00:00:00-04:00,3.609999895095825,3.759999990463257,3.4800000190734863,3.75,6814500,0.0,0.0
2019-07-24 00:00:00-04:00,3.7699999809265137,3.799999952316284,3.630000114440918,3.7300000190734863,4044700,0.0,0.0
2019-07-25 00:00:00-04:00,3.7200000286102295,3.7200000286102295,3.5899999141693115,3.6500000953674316,2107600,0.0,0.0
2019-07-26 00:00:00-04:00,3.6600000858306885,3.740000009536743,3.5999999046325684,3.700000047683716,1868400,0.0,0.0
2019-07-29 00:00:00-04:00,3.7100000381469727,3.809999942779541,3.609999895095825,3.75,2110700,0.0,0.0
2019-07-30 00:00:00-04:00,3.680000066757202,3.799999952316284,3.6500000953674316,3.7899999618530273,1654800,0.0,0.0
2019-07-31 00:00:00-04:00,3.809999942779541,3.950000047683716,3.7799999713897705,3.859999895095825,2942800,0.0,0.0
2019-08-01 00:00:00-04:00,3.8299999237060547,3.950000047683716,3.690000057220459,3.740000009536743,2433800,0.0,0.0
2019-08-02 00:00:00-04:00,3.680000066757202,3.7300000190734863,3.569999933242798,3.700000047683716,2450900,0.0,0.0
2019-08-05 00:00:00-04:00,3.5899999141693115,3.609999895095825,3.450000047683716,3.5399999618530273,2541900,0.0,0.0
2019-08-06 00:00:00-04:00,3.5399999618530273,3.799999952316284,3.5399999618530273,3.7699999809265137,3909100,0.0,0.0
2019-08-07 00:00:00-04:00,3.7100000381469727,4.059999942779541,3.7100000381469727,3.9700000286102295,4765700,0.0,0.0
2019-08-08 00:00:00-04:00,4.650000095367432,4.800000190734863,4.239999771118164,4.559999942779541,10175000,0.0,0.0
2019-08-09 00:00:00-04:00,4.519999980926514,4.559999942779541,4.369999885559082,4.519999980926514,2711800,0.0,0.0
2019-08-12 00:00:00-04:00,4.5,4.679999828338623,4.46999979019165,4.590000152587891,2277400,0.0,0.0
2019-08-13 00:00:00-04:00,4.579999923706055,4.829999923706055,4.5,4.78000020980835,2393900,0.0,0.0
2019-08-14 00:00:00-04:00,4.650000095367432,4.760000228881836,4.610000133514404,4.710000038146973,1815500,0.0,0.0
2019-08-15 00:00:00-04:00,4.769999980926514,4.789999961853027,4.590000152587891,4.730000019073486,1789700,0.0,0.0
2019-08-16 00:00:00-04:00,4.699999809265137,4.880000114440918,4.690000057220459,4.760000228881836,1718300,0.0,0.0
2019-08-19 00:00:00-04:00,4.800000190734863,4.96999979019165,4.699999809265137,4.860000133514404,3280900,0.0,0.0
2019-08-20 00:00:00-04:00,4.880000114440918,4.96999979019165,4.769999980926514,4.829999923706055,1660600,0.0,0.0
2019-08-21 00:00:00-04:00,4.900000095367432,5.0,4.849999904632568,4.989999771118164,2153000,0.0,0.0
2019-08-22 00:00:00-04:00,5.0,5.199999809265137,5.0,5.139999866485596,2595700,0.0,0.0
2019-08-23 00:00:00-04:00,5.150000095367432,5.190000057220459,4.849999904632568,4.849999904632568,2491500,0.0,0.0
2019-08-26 00:00:00-04:00,4.960000038146973,4.96999979019165,4.869999885559082,4.880000114440918,1019500,0.0,0.0
2019-08-27 00:00:00-04:00,4.949999809265137,5.03000020980835,4.78000020980835,4.829999923706055,2594900,0.0,0.0
2019-08-28 00:00:00-04:00,4.820000171661377,5.150000095367432,4.820000171661377,4.960000038146973,2277500,0.0,0.0
2019-08-29 00:00:00-04:00,5.059999942779541,5.320000171661377,5.050000190734863,5.300000190734863,2849900,0.0,0.0
2019-08-30 00:00:00-04:00,5.320000171661377,5.449999809265137,5.210000038146973,5.329999923706055,2521200,0.0,0.0
2019-09-03 00:00:00-04:00,5.269999980926514,5.329999923706055,5.099999904632568,5.179999828338623,2846200,0.0,0.0
2019-09-04 00:00:00-04:00,5.260000228881836,5.320000171661377,5.119999885559082,5.179999828338623,1896800,0.0,0.0
2019-09-05 00:00:00-04:00,5.269999980926514,5.380000114440918,5.210000038146973,5.349999904632568,3232400,0.0,0.0
2019-09-06 00:00:00-04:00,5.360000133514404,5.360000133514404,5.119999885559082,5.269999980926514,3083100,0.0,0.0
2019-09-09 00:00:00-04:00,5.300000190734863,5.420000076293945,5.159999847412109,5.21999979019165,1612300,0.0,0.0
2019-09-10 00:00:00-04:00,5.190000057220459,5.489999771118164,5.139999866485596,5.480000019073486,2261900,0.0,0.0
2019-09-11 00:00:00-04:00,5.5,5.710000038146973,4.869999885559082,5.5,8959800,0.0,0.0
2019-09-12 00:00:00-04:00,5.480000019073486,5.550000190734863,5.340000152587891,5.489999771118164,2846800,0.0,0.0
2019-09-13 00:00:00-04:00,5.5,5.559999942779541,5.329999923706055,5.360000133514404,2655400,0.0,0.0
2019-09-16 00:00:00-04:00,5.320000171661377,5.670000076293945,5.300000190734863,5.610000133514404,2775700,0.0,0.0
2019-09-17 00:00:00-04:00,5.559999942779541,5.579999923706055,5.449999809265137,5.460000038146973,1308000,0.0,0.0
2019-09-18 00:00:00-04:00,5.460000038146973,5.53000020980835,5.349999904632568,5.389999866485596,1577100,0.0,0.0
2019-09-19 00:00:00-04:00,5.429999828338623,5.449999809265137,5.320000171661377,5.340000152587891,969700,0.0,0.0
2019-09-20 00:00:00-04:00,5.329999923706055,5.579999923706055,5.329999923706055,5.460000038146973,3040000,0.0,0.0
2019-09-23 00:00:00-04:00,5.429999828338623,5.53000020980835,5.329999923706055,5.429999828338623,1132900,0.0,0.0
2019-09-24 00:00:00-04:00,5.46999979019165,5.510000228881836,5.239999771118164,5.340000152587891,1835500,0.0,0.0
2019-09-25 00:00:00-04:00,5.300000190734863,5.559999942779541,5.300000190734863,5.510000228881836,1729100,0.0,0.0
2019-09-26 00:00:00-04:00,5.480000019073486,5.559999942779541,5.380000114440918,5.460000038146973,1830700,0.0,0.0
2019-09-27 00:00:00-04:00,5.489999771118164,5.690000057220459,5.449999809265137,5.599999904632568,2903500,0.0,0.0
2019-09-30 00:00:00-04:00,5.679999828338623,5.690000057220459,5.429999828338623,5.449999809265137,1554200,0.0,0.0
2019-10-01 00:00:00-04:00,5.519999980926514,5.659999847412109,5.25,5.28000020980835,1603600,0.0,0.0
2019-10-02 00:00:00-04:00,5.25,5.380000114440918,5.139999866485596,5.300000190734863,1999000,0.0,0.0
2019-10-03 00:00:00-04:00,5.260000228881836,5.369999885559082,5.139999866485596,5.320000171661377,1488500,0.0,0.0
2019-10-04 00:00:00-04:00,5.349999904632568,5.420000076293945,5.25,5.380000114440918,907700,0.0,0.0
2019-10-07 00:00:00-04:00,5.329999923706055,5.460000038146973,5.329999923706055,5.429999828338623,1022000,0.0,0.0
2019-10-08 00:00:00-04:00,5.349999904632568,5.409999847412109,5.21999979019165,5.309999942779541,1153500,0.0,0.0
2019-10-09 00:00:00-04:00,5.369999885559082,5.389999866485596,5.28000020980835,5.320000171661377,837500,0.0,0.0
2019-10-10 00:00:00-04:00,5.300000190734863,5.309999942779541,5.070000171661377,5.150000095367432,2725900,0.0,0.0
2019-10-11 00:00:00-04:00,5.21999979019165,5.429999828338623,5.150000095367432,5.389999866485596,2168300,0.0,0.0
2019-10-14 00:00:00-04:00,5.409999847412109,5.460000038146973,5.300000190734863,5.329999923706055,1261400,0.0,0.0
2019-10-15 00:00:00-04:00,5.320000171661377,5.460000038146973,5.309999942779541,5.460000038146973,1301400,0.0,0.0
2019-10-16 00:00:00-04:00,5.46999979019165,5.590000152587891,5.429999828338623,5.489999771118164,1469800,0.0,0.0
2019-10-17 00:00:00-04:00,5.5,5.559999942779541,5.389999866485596,5.429999828338623,1519100,0.0,0.0
2019-10-18 00:00:00-04:00,5.380000114440918,5.599999904632568,5.380000114440918,5.510000228881836,1720700,0.0,0.0
2019-10-21 00:00:00-04:00,5.599999904632568,5.690000057220459,5.539999961853027,5.639999866485596,1216900,0.0,0.0
2019-10-22 00:00:00-04:00,5.590000152587891,5.650000095367432,5.440000057220459,5.5,1094700,0.0,0.0
2019-10-23 00:00:00-04:00,5.489999771118164,5.590000152587891,5.449999809265137,5.5,1394300,0.0,0.0
2019-10-24 00:00:00-04:00,5.46999979019165,5.489999771118164,5.380000114440918,5.440000057220459,1038600,0.0,0.0
2019-10-25 00:00:00-04:00,5.400000095367432,5.53000020980835,5.389999866485596,5.429999828338623,1615600,0.0,0.0
2019-10-28 00:00:00-04:00,5.46999979019165,5.539999961853027,5.440000057220459,5.460000038146973,1052800,0.0,0.0
2019-10-29 00:00:00-04:00,5.449999809265137,5.480000019073486,5.320000171661377,5.420000076293945,1006500,0.0,0.0
2019-10-30 00:00:00-04:00,5.420000076293945,5.440000057220459,5.329999923706055,5.420000076293945,1234900,0.0,0.0
2019-10-31 00:00:00-04:00,5.429999828338623,5.599999904632568,5.389999866485596,5.590000152587891,2094500,0.0,0.0
2019-11-01 00:00:00-04:00,5.579999923706055,5.760000228881836,5.550000190734863,5.679999828338623,2741100,0.0,0.0
2019-11-04 00:00:00-05:00,5.739999771118164,5.869999885559082,5.679999828338623,5.829999923706055,3660400,0.0,0.0
2019-11-05 00:00:00-05:00,5.829999923706055,6.5,5.829999923706055,5.929999828338623,6530600,0.0,0.0
2019-11-06 00:00:00-05:00,5.949999809265137,5.949999809265137,5.590000152587891,5.630000114440918,3740800,0.0,0.0
2019-11-07 00:00:00-05:00,5.480000019073486,5.570000171661377,4.929999828338623,5.210000038146973,4886100,0.0,0.0
2019-11-08 00:00:00-05:00,5.150000095367432,5.289999961853027,5.050000190734863,5.230000019073486,2782700,0.0,0.0
2019-11-11 00:00:00-05:00,5.190000057220459,5.440000057220459,5.050000190734863,5.269999980926514,3356400,0.0,0.0
2019-11-12 00:00:00-05:00,5.900000095367432,5.949999809265137,5.039999961853027,5.389999866485596,5738200,0.0,0.0
2019-11-13 00:00:00-05:00,5.53000020980835,6.0,5.489999771118164,6.0,5209700,0.0,0.0
2019-11-14 00:00:00-05:00,5.989999771118164,6.389999866485596,5.96999979019165,6.360000133514404,5610400,0.0,0.0
2019-11-15 00:00:00-05:00,6.389999866485596,6.75,6.349999904632568,6.710000038146973,5270900,0.0,0.0
2019-11-18 00:00:00-05:00,6.800000190734863,6.849999904632568,6.619999885559082,6.800000190734863,3029100,0.0,0.0
2019-11-19 00:00:00-05:00,6.760000228881836,6.800000190734863,6.5,6.650000095367432,2840500,0.0,0.0
2019-11-20 00:00:00-05:00,6.579999923706055,6.679999828338623,6.389999866485596,6.650000095367432,2456700,0.0,0.0
2019-11-21 00:00:00-05:00,6.679999828338623,6.75,6.46999979019165,6.510000228881836,1937500,0.0,0.0
2019-11-22 00:00:00-05:00,6.519999980926514,6.550000190734863,6.329999923706055,6.409999847412109,1618400,0.0,0.0
2019-11-25 00:00:00-05:00,6.460000038146973,6.559999942779541,6.449999809265137,6.519999980926514,1461100,0.0,0.0
2019-11-26 00:00:00-05:00,6.46999979019165,6.570000171661377,6.380000114440918,6.420000076293945,1162400,0.0,0.0
2019-11-27 00:00:00-05:00,6.440000057220459,6.480000019073486,6.440000057220459,6.46999979019165,839200,0.0,0.0
2019-11-29 00:00:00-05:00,6.460000038146973,6.489999771118164,6.369999885559082,6.380000114440918,541600,0.0,0.0
2019-12-02 00:00:00-05:00,6.449999809265137,6.480000019073486,6.139999866485596,6.150000095367432,1380400,0.0,0.0
2019-12-03 00:00:00-05:00,6.070000171661377,6.119999885559082,5.989999771118164,6.059999942779541,1361900,0.0,0.0
2019-12-04 00:00:00-05:00,6.099999904632568,6.139999866485596,6.0,6.059999942779541,1270000,0.0,0.0
2019-12-05 00:00:00-05:00,6.039999961853027,6.119999885559082,5.880000114440918,5.989999771118164,1041900,0.0,0.0
2019-12-06 00:00:00-05:00,5.889999866485596,6.179999828338623,5.889999866485596,6.119999885559082,1564100,0.0,0.0
2019-12-09 00:00:00-05:00,6.119999885559082,6.159999847412109,5.980000019073486,6.079999923706055,1635400,0.0,0.0
2019-12-10 00:00:00-05:00,6.099999904632568,6.320000171661377,6.090000152587891,6.289999961853027,1192600,0.0,0.0
2019-12-11 00:00:00-05:00,6.340000152587891,6.489999771118164,6.300000190734863,6.480000019073486,1651400,0.0,0.0
2019-12-12 00:00:00-05:00,6.480000019073486,6.670000076293945,6.480000019073486,6.599999904632568,2101400,0.0,0.0
2019-12-13 00:00:00-05:00,6.599999904632568,6.96999979019165,6.599999904632568,6.949999809265137,2565300,0.0,0.0
2019-12-16 00:00:00-05:00,7.150000095367432,7.389999866485596,7.079999923706055,7.210000038146973,3579000,0.0,0.0
2019-12-17 00:00:00-05:00,7.190000057220459,7.639999866485596,7.159999847412109,7.599999904632568,3903300,0.0,0.0
2019-12-18 00:00:00-05:00,7.590000152587891,7.670000076293945,7.340000152587891,7.559999942779541,4313000,0.0,0.0
2019-12-19 00:00:00-05:00,7.489999771118164,7.739999771118164,7.460000038146973,7.559999942779541,4643000,0.0,0.0
2019-12-20 00:00:00-05:00,7.400000095367432,7.570000171661377,7.340000152587891,7.53000020980835,7182900,0.0,0.0
2019-12-23 00:00:00-05:00,7.53000020980835,7.71999979019165,7.449999809265137,7.679999828338623,1574900,0.0,0.0
2019-12-24 00:00:00-05:00,7.690000057220459,7.860000133514404,7.630000114440918,7.699999809265137,1200600,0.0,0.0
2019-12-26 00:00:00-05:00,7.739999771118164,7.860000133514404,7.659999847412109,7.760000228881836,2101600,0.0,0.0
2019-12-27 00:00:00-05:00,7.800000190734863,7.829999923706055,7.670000076293945,7.78000020980835,1733200,0.0,0.0
2019-12-30 00:00:00-05:00,7.809999942779541,7.860000133514404,7.679999828338623,7.739999771118164,2323400,0.0,0.0
2019-12-31 00:00:00-05:00,7.690000057220459,8.079999923706055,7.690000057220459,7.940000057220459,4039900,0.0,0.0
2020-01-02 00:00:00-05:00,8.130000114440918,8.25,7.980000019073486,8.220000267028809,3550600,0.0,0.0
2020-01-03 00:00:00-05:00,8.079999923706055,8.25,8.020000457763672,8.109999656677246,2189700,0.0,0.0
2020-01-06 00:00:00-05:00,8.010000228881836,8.170000076293945,8.010000228881836,8.100000381469727,2624600,0.0,0.0
2020-01-07 00:00:00-05:00,8.0600004196167,8.100000381469727,7.820000171661377,7.929999828338623,2389000,0.0,0.0
2020-01-08 00:00:00-05:00,7.96999979019165,8.050000190734863,7.800000190734863,8.0,1888000,0.0,0.0
2020-01-09 00:00:00-05:00,8.130000114440918,8.140000343322754,7.940000057220459,7.96999979019165,1534200,0.0,0.0
2020-01-10 00:00:00-05:00,7.96999979019165,7.989999771118164,7.760000228881836,7.869999885559082,1758800,0.0,0.0
2020-01-13 00:00:00-05:00,7.920000076293945,8.0,7.809999942779541,7.96999979019165,1170200,0.0,0.0
2020-01-14 00:00:00-05:00,7.989999771118164,7.989999771118164,7.769999980926514,7.920000076293945,1248800,0.0,0.0
2020-01-15 00:00:00-05:00,7.920000076293945,7.980000019073486,7.78000020980835,7.849999904632568,1190700,0.0,0.0
2020-01-16 00:00:00-05:00,7.960000038146973,8.220000267028809,7.860000133514404,8.220000267028809,4237500,0.0,0.0
2020-01-17 00:00:00-05:00,8.270000457763672,8.34000015258789,8.0600004196167,8.119999885559082,2062700,0.0,0.0
2020-01-21 00:00:00-05:00,8.100000381469727,8.140000343322754,8.0,8.029999732971191,1376700,0.0,0.0
2020-01-22 00:00:00-05:00,8.069999694824219,8.149999618530273,8.020000457763672,8.029999732971191,772000,0.0,0.0
2020-01-23 00:00:00-05:00,7.989999771118164,8.119999885559082,7.949999809265137,8.029999732971191,1093300,0.0,0.0
2020-01-24 00:00:00-05:00,8.010000228881836,8.100000381469727,7.889999866485596,7.920000076293945,1123300,0.0,0.0
2020-01-27 00:00:00-05:00,7.690000057220459,7.889999866485596,7.619999885559082,7.78000020980835,1377600,0.0,0.0
2020-01-28 00:00:00-05:00,7.860000133514404,7.909999847412109,7.78000020980835,7.789999961853027,1142500,0.0,0.0
2020-01-29 00:00:00-05:00,7.820000171661377,7.840000152587891,7.480000019073486,7.590000152587891,1784200,0.0,0.0
2020-01-30 00:00:00-05:00,7.510000228881836,7.75,7.510000228881836,7.670000076293945,1384500,0.0,0.0
2020-01-31 00:00:00-05:00,7.630000114440918,7.690000057220459,7.28000020980835,7.369999885559082,2268100,0.0,0.0
2020-02-03 00:00:00-05:00,7.369999885559082,7.630000114440918,7.329999923706055,7.460000038146973,1809000,0.0,0.0
2020-02-04 00:00:00-05:00,7.619999885559082,7.849999904632568,7.590000152587891,7.840000152587891,1627500,0.0,0.0
2020-02-05 00:00:00-05:00,8.0,8.020000457763672,7.809999942779541,7.949999809265137,1818900,0.0,0.0
2020-02-06 00:00:00-05:00,7.900000095367432,7.989999771118164,7.769999980926514,7.840000152587891,1256400,0.0,0.0
2020-02-07 00:00:00-05:00,7.800000190734863,7.849999904632568,7.449999809265137,7.489999771118164,1416900,0.0,0.0
2020-02-10 00:00:00-05:00,7.449999809265137,7.800000190734863,7.380000114440918,7.789999961853027,887300,0.0,0.0
2020-02-11 00:00:00-05:00,7.880000114440918,7.989999771118164,7.800000190734863,7.880000114440918,1446100,0.0,0.0
2020-02-12 00:00:00-05:00,7.940000057220459,8.09000015258789,7.820000171661377,8.09000015258789,1589600,0.0,0.0
2020-02-13 00:00:00-05:00,8.0,8.109999656677246,7.699999809265137,8.050000190734863,2036300,0.0,0.0
2020-02-14 00:00:00-05:00,8.039999961853027,8.09000015258789,7.869999885559082,7.940000057220459,1272400,0.0,0.0
2020-02-18 00:00:00-05:00,7.860000133514404,8.0600004196167,7.730000019073486,8.050000190734863,1164300,0.0,0.0
2020-02-19 00:00:00-05:00,8.079999923706055,8.270000457763672,8.029999732971191,8.100000381469727,3445300,0.0,0.0
2020-02-20 00:00:00-05:00,8.050000190734863,8.329999923706055,7.949999809265137,8.319999694824219,3157300,0.0,0.0
2020-02-21 00:00:00-05:00,8.270000457763672,8.350000381469727,7.989999771118164,8.140000343322754,1556400,0.0,0.0
2020-02-24 00:00:00-05:00,7.690000057220459,8.1899995803833,7.639999866485596,8.09000015258789,2587300,0.0,0.0
2020-02-25 00:00:00-05:00,8.069999694824219,8.119999885559082,7.730000019073486,7.880000114440918,2615300,0.0,0.0
2020-02-26 00:00:00-05:00,8.1899995803833,8.199999809265137,6.929999828338623,7.0,7996800,0.0,0.0
2020-02-27 00:00:00-05:00,6.789999961853027,7.300000190734863,6.75,6.769999980926514,4017200,0.0,0.0
2020-02-28 00:00:00-05:00,6.599999904632568,6.900000095367432,6.519999980926514,6.800000190734863,4371600,0.0,0.0
2020-03-02 00:00:00-05:00,6.889999866485596,7.119999885559082,6.659999847412109,7.110000133514404,2178400,0.0,0.0
2020-03-03 00:00:00-05:00,7.119999885559082,7.329999923706055,6.869999885559082,7.079999923706055,2305100,0.0,0.0
2020-03-04 00:00:00-05:00,6.559999942779541,6.579999923706055,5.840000152587891,5.889999866485596,18103600,0.0,0.0
2020-03-05 00:00:00-05:00,5.510000228881836,5.75,5.449999809265137,5.5,15333200,0.0,0.0
2020-03-06 00:00:00-05:00,5.320000171661377,5.610000133514404,5.269999980926514,5.369999885559082,6304600,0.0,0.0
2020-03-09 00:00:00-04:00,4.940000057220459,4.980000019073486,4.5,4.539999961853027,4426900,0.0,0.0
2020-03-10 00:00:00-04:00,4.960000038146973,4.96999979019165,4.300000190734863,4.590000152587891,6278300,0.0,0.0
2020-03-11 00:00:00-04:00,4.409999847412109,4.610000133514404,4.289999961853027,4.380000114440918,3730500,0.0,0.0
2020-03-12 00:00:00-04:00,4.0,4.320000171661377,3.9000000953674316,4.079999923706055,2928500,0.0,0.0
2020-03-13 00:00:00-04:00,4.309999942779541,4.460000038146973,4.010000228881836,4.25,2562200,0.0,0.0
2020-03-16 00:00:00-04:00,3.7799999713897705,4.119999885559082,3.680000066757202,3.859999895095825,3871800,0.0,0.0
2020-03-17 00:00:00-04:00,3.890000104904175,4.46999979019165,3.799999952316284,4.449999809265137,3928300,0.0,0.0
2020-03-18 00:00:00-04:00,4.230000019073486,4.679999828338623,4.099999904632568,4.369999885559082,5681600,0.0,0.0
2020-03-19 00:00:00-04:00,4.389999866485596,5.409999847412109,4.320000171661377,5.269999980926514,5667400,0.0,0.0
2020-03-20 00:00:00-04:00,5.300000190734863,5.409999847412109,4.739999771118164,4.800000190734863,3554600,0.0,0.0
2020-03-23 00:00:00-04:00,4.869999885559082,4.920000076293945,4.199999809265137,4.489999771118164,3123400,0.0,0.0
2020-03-24 00:00:00-04:00,4.730000019073486,5.139999866485596,4.71999979019165,4.800000190734863,2974900,0.0,0.0
2020-03-25 00:00:00-04:00,4.829999923706055,5.239999771118164,4.619999885559082,5.139999866485596,4073900,0.0,0.0
2020-03-26 00:00:00-04:00,5.210000038146973,5.550000190734863,5.199999809265137,5.489999771118164,3064900,0.0,0.0
2020-03-27 00:00:00-04:00,5.349999904632568,5.409999847412109,5.059999942779541,5.139999866485596,1883500,0.0,0.0
2020-03-30 00:00:00-04:00,5.090000152587891,5.510000228881836,5.059999942779541,5.480000019073486,3058100,0.0,0.0
2020-03-31 00:00:00-04:00,5.480000019073486,5.519999980926514,5.159999847412109,5.300000190734863,2578500,0.0,0.0
2020-04-01 00:00:00-04:00,5.150000095367432,5.199999809265137,4.75,4.769999980926514,1838700,0.0,0.0
2020-04-02 00:00:00-04:00,5.059999942779541,5.230000019073486,4.929999828338623,4.989999771118164,2986400,0.0,0.0
2020-04-03 00:00:00-04:00,4.949999809265137,5.21999979019165,4.849999904632568,5.150000095367432,2039400,0.0,0.0
2020-04-06 00:00:00-04:00,5.28000020980835,5.639999866485596,5.21999979019165,5.590000152587891,2819700,0.0,0.0
2020-04-07 00:00:00-04:00,5.71999979019165,5.900000095367432,5.460000038146973,5.639999866485596,3999300,0.0,0.0
2020-04-08 00:00:00-04:00,5.900000095367432,5.900000095367432,5.5,5.730000019073486,2749200,0.0,0.0
2020-04-09 00:00:00-04:00,5.800000190734863,5.96999979019165,5.619999885559082,5.78000020980835,2324300,0.0,0.0
2020-04-13 00:00:00-04:00,5.730000019073486,5.769999980926514,5.510000228881836,5.71999979019165,1458600,0.0,0.0
2020-04-14 00:00:00-04:00,5.929999828338623,6.079999923706055,5.789999961853027,5.920000076293945,2349200,0.0,0.0
2020-04-15 00:00:00-04:00,5.78000020980835,5.800000190734863,5.579999923706055,5.699999809265137,2109300,0.0,0.0
2020-04-16 00:00:00-04:00,5.739999771118164,5.869999885559082,5.550000190734863,5.679999828338623,1848000,0.0,0.0
2020-04-17 00:00:00-04:00,5.880000114440918,6.050000190734863,5.849999904632568,5.980000019073486,2169400,0.0,0.0
2020-04-20 00:00:00-04:00,5.769999980926514,6.159999847412109,5.75,6.099999904632568,2911300,0.0,0.0
2020-04-21 00:00:00-04:00,5.909999847412109,6.059999942779541,5.809999942779541,5.869999885559082,2953900,0.0,0.0
2020-04-22 00:00:00-04:00,6.050000190734863,6.110000133514404,5.929999828338623,5.96999979019165,1075400,0.0,0.0
2020-04-23 00:00:00-04:00,5.96999979019165,6.130000114440918,5.900000095367432,5.940000057220459,1173900,0.0,0.0
2020-04-24 00:00:00-04:00,5.949999809265137,6.110000133514404,5.869999885559082,6.079999923706055,1158200,0.0,0.0
2020-04-27 00:00:00-04:00,6.010000228881836,6.21999979019165,6.0,6.159999847412109,1776200,0.0,0.0
2020-04-28 00:00:00-04:00,6.260000228881836,6.429999828338623,6.179999828338623,6.360000133514404,1773600,0.0,0.0
2020-04-29 00:00:00-04:00,6.5,6.519999980926514,6.340000152587891,6.389999866485596,2404700,0.0,0.0
2020-04-30 00:00:00-04:00,6.329999923706055,6.409999847412109,6.090000152587891,6.170000076293945,1930500,0.0,0.0
2020-05-01 00:00:00-04:00,6.0,6.099999904632568,5.650000095367432,5.659999847412109,4723000,0.0,0.0
2020-05-04 00:00:00-04:00,5.599999904632568,5.75,5.460000038146973,5.739999771118164,2433100,0.0,0.0
2020-05-05 00:00:00-04:00,5.860000133514404,6.110000133514404,5.840000152587891,6.0,3862600,0.0,0.0
2020-05-06 00:00:00-04:00,6.050000190734863,6.050000190734863,5.409999847412109,5.409999847412109,4621100,0.0,0.0
2020-05-07 00:00:00-04:00,5.53000020980835,5.739999771118164,5.460000038146973,5.699999809265137,3638000,0.0,0.0
2020-05-08 00:00:00-04:00,5.849999904632568,6.090000152587891,5.769999980926514,6.070000171661377,2364700,0.0,0.0
2020-05-11 00:00:00-04:00,5.980000019073486,6.03000020980835,5.599999904632568,5.630000114440918,2643700,0.0,0.0
2020-05-12 00:00:00-04:00,6.059999942779541,6.090000152587891,5.519999980926514,5.800000190734863,4779400,0.0,0.0
2020-05-13 00:00:00-04:00,4.929999828338623,5.119999885559082,4.210000038146973,4.329999923706055,16763500,0.0,0.0
2020-05-14 00:00:00-04:00,4.260000228881836,4.320000171661377,3.9800000190734863,4.090000152587891,5890500,0.0,0.0
2020-05-15 00:00:00-04:00,4.070000171661377,4.420000076293945,4.039999961853027,4.260000228881836,4309200,0.0,0.0
2020-05-18 00:00:00-04:00,4.440000057220459,4.610000133514404,4.239999771118164,4.570000171661377,5592600,0.0,0.0
2020-05-19 00:00:00-04:00,4.619999885559082,4.730000019073486,4.489999771118164,4.489999771118164,2181900,0.0,0.0
2020-05-20 00:00:00-04:00,4.519999980926514,4.869999885559082,4.46999979019165,4.849999904632568,3562100,0.0,0.0
2020-05-21 00:00:00-04:00,4.869999885559082,4.920000076293945,4.639999866485596,4.639999866485596,2946000,0.0,0.0
2020-05-22 00:00:00-04:00,4.639999866485596,4.71999979019165,4.5,4.599999904632568,1687100,0.0,0.0
2020-05-26 00:00:00-04:00,4.760000228881836,4.809999942779541,4.550000190734863,4.630000114440918,2472500,0.0,0.0
2020-05-27 00:00:00-04:00,4.739999771118164,4.929999828338623,4.550000190734863,4.889999866485596,2856300,0.0,0.0
2020-05-28 00:00:00-04:00,4.949999809265137,5.070000171661377,4.809999942779541,4.989999771118164,2458200,0.0,0.0
2020-05-29 00:00:00-04:00,4.960000038146973,5.0,4.800000190734863,4.980000019073486,1606300,0.0,0.0
2020-06-01 00:00:00-04:00,5.070000171661377,5.139999866485596,4.960000038146973,5.070000171661377,1470100,0.0,0.0
2020-06-02 00:00:00-04:00,5.130000114440918,5.239999771118164,5.019999980926514,5.079999923706055,1676700,0.0,0.0
2020-06-03 00:00:00-04:00,5.110000133514404,5.269999980926514,5.099999904632568,5.139999866485596,1622900,0.0,0.0
2020-06-04 00:00:00-04:00,5.119999885559082,5.309999942779541,5.099999904632568,5.179999828338623,1821500,0.0,0.0
2020-06-05 00:00:00-04:00,5.309999942779541,5.449999809265137,5.170000076293945,5.28000020980835,2621800,0.0,0.0
2020-06-08 00:00:00-04:00,5.300000190734863,5.539999961853027,5.300000190734863,5.460000038146973,2795400,0.0,0.0
2020-06-09 00:00:00-04:00,5.360000133514404,5.590000152587891,5.239999771118164,5.489999771118164,3052400,0.0,0.0
2020-06-10 00:00:00-04:00,5.650000095367432,5.679999828338623,5.349999904632568,5.380000114440918,1776700,0.0,0.0
2020-06-11 00:00:00-04:00,5.170000076293945,5.170000076293945,4.840000152587891,4.940000057220459,3483500,0.0,0.0
2020-06-12 00:00:00-04:00,5.179999828338623,5.340000152587891,5.010000228881836,5.119999885559082,2110400,0.0,0.0
2020-06-15 00:00:00-04:00,4.980000019073486,5.239999771118164,4.860000133514404,5.179999828338623,2386500,0.0,0.0
2020-06-16 00:00:00-04:00,5.940000057220459,5.989999771118164,5.590000152587891,5.880000114440918,9713600,0.0,0.0
2020-06-17 00:00:00-04:00,5.900000095367432,5.940000057220459,5.550000190734863,5.610000133514404,3688000,0.0,0.0
2020-06-18 00:00:00-04:00,5.550000190734863,5.989999771118164,5.539999961853027,5.940000057220459,3186700,0.0,0.0
2020-06-19 00:00:00-04:00,6.199999809265137,6.369999885559082,5.989999771118164,6.0,5485900,0.0,0.0
2020-06-22 00:00:00-04:00,6.230000019073486,6.25,5.960000038146973,6.070000171661377,3225200,0.0,0.0
2020-06-23 00:00:00-04:00,6.099999904632568,6.139999866485596,5.880000114440918,5.980000019073486,2317700,0.0,0.0
2020-06-24 00:00:00-04:00,5.900000095367432,5.920000076293945,5.630000114440918,5.75,3201400,0.0,0.0
2020-06-25 00:00:00-04:00,5.699999809265137,5.920000076293945,5.579999923706055,5.880000114440918,2285200,0.0,0.0
2020-06-26 00:00:00-04:00,5.800000190734863,6.019999980926514,5.679999828338623,5.960000038146973,8278200,0.0,0.0
2020-06-29 00:00:00-04:00,6.019999980926514,6.090000152587891,5.78000020980835,5.829999923706055,2533400,0.0,0.0
2020-06-30 00:00:00-04:00,5.849999904632568,5.980000019073486,5.769999980926514,5.920000076293945,2948400,0.0,0.0
2020-07-01 00:00:00-04:00,6.019999980926514,6.380000114440918,6.010000228881836,6.159999847412109,2749700,0.0,0.0
2020-07-02 00:00:00-04:00,6.300000190734863,6.349999904632568,5.900000095367432,5.909999847412109,2946100,0.0,0.0
2020-07-06 00:00:00-04:00,6.019999980926514,6.340000152587891,6.019999980926514,6.25,2365100,0.0,0.0
2020-07-07 00:00:00-04:00,6.179999828338623,6.300000190734863,5.989999771118164,6.010000228881836,1796900,0.0,0.0
2020-07-08 00:00:00-04:00,6.03000020980835,6.170000076293945,5.940000057220459,6.119999885559082,1563900,0.0,0.0
2020-07-09 00:00:00-04:00,6.130000114440918,6.300000190734863,6.090000152587891,6.269999980926514,1783200,0.0,0.0
2020-07-10 00:00:00-04:00,6.28000020980835,6.28000020980835,6.090000152587891,6.139999866485596,1438400,0.0,0.0
2020-07-13 00:00:00-04:00,6.260000228881836,6.329999923706055,5.820000171661377,5.849999904632568,3375700,0.0,0.0
2020-07-14 00:00:00-04:00,5.869999885559082,6.099999904632568,5.820000171661377,6.090000152587891,1824300,0.0,0.0
2020-07-15 00:00:00-04:00,6.210000038146973,6.269999980926514,6.079999923706055,6.210000038146973,1909100,0.0,0.0
2020-07-16 00:00:00-04:00,6.139999866485596,6.150000095367432,5.960000038146973,6.110000133514404,1786900,0.0,0.0
2020-07-17 00:00:00-04:00,6.170000076293945,6.420000076293945,6.159999847412109,6.389999866485596,2317200,0.0,0.0
2020-07-20 00:00:00-04:00,6.5,7.199999809265137,6.46999979019165,7.039999961853027,7544800,0.0,0.0
2020-07-21 00:00:00-04:00,7.059999942779541,7.239999771118164,6.800000190734863,7.130000114440918,4733000,0.0,0.0
2020-07-22 00:00:00-04:00,7.150000095367432,7.630000114440918,7.139999866485596,7.579999923706055,5288000,0.0,0.0
2020-07-23 00:00:00-04:00,7.599999904632568,7.840000152587891,7.510000228881836,7.800000190734863,4235600,0.0,0.0
2020-07-24 00:00:00-04:00,7.699999809265137,7.789999961853027,7.570000171661377,7.699999809265137,3403400,0.0,0.0
2020-07-27 00:00:00-04:00,7.800000190734863,7.96999979019165,7.650000095367432,7.929999828338623,4384800,0.0,0.0
2020-07-28 00:00:00-04:00,7.849999904632568,8.039999961853027,7.679999828338623,7.690000057220459,5517500,0.0,0.0
2020-07-29 00:00:00-04:00,7.739999771118164,8.140000343322754,7.619999885559082,8.0600004196167,3513000,0.0,0.0
2020-07-30 00:00:00-04:00,7.940000057220459,8.010000228881836,7.679999828338623,7.96999979019165,1919800,0.0,0.0
2020-07-31 00:00:00-04:00,8.020000457763672,8.039999961853027,7.800000190734863,7.889999866485596,2131700,0.0,0.0
2020-08-03 00:00:00-04:00,7.989999771118164,8.079999923706055,7.829999923706055,8.020000457763672,2732500,0.0,0.0
2020-08-04 00:00:00-04:00,8.020000457763672,8.289999961853027,7.920000076293945,8.109999656677246,2461200,0.0,0.0
2020-08-05 00:00:00-04:00,8.15999984741211,8.359999656677246,7.75,7.800000190734863,5426500,0.0,0.0
2020-08-06 00:00:00-04:00,8.399999618530273,9.25,8.34000015258789,8.960000038146973,13381400,0.0,0.0
2020-08-07 00:00:00-04:00,8.800000190734863,8.890000343322754,8.149999618530273,8.319999694824219,4336200,0.0,0.0
2020-08-10 00:00:00-04:00,8.399999618530273,8.399999618530273,7.809999942779541,8.029999732971191,4623600,0.0,0.0
2020-08-11 00:00:00-04:00,8.0600004196167,8.489999771118164,8.029999732971191,8.1899995803833,4064300,0.0,0.0
2020-08-12 00:00:00-04:00,8.25,8.329999923706055,8.109999656677246,8.199999809265137,2874900,0.0,0.0
2020-08-13 00:00:00-04:00,8.199999809265137,8.479999542236328,8.029999732971191,8.199999809265137,2997800,0.0,0.0
2020-08-14 00:00:00-04:00,8.199999809265137,8.300000190734863,7.909999847412109,7.989999771118164,1620200,0.0,0.0
2020-08-17 00:00:00-04:00,8.380000114440918,8.680000305175781,8.109999656677246,8.1899995803833,4335400,0.0,0.0
2020-08-18 00:00:00-04:00,8.119999885559082,8.220000267028809,8.020000457763672,8.100000381469727,3009600,0.0,0.0
2020-08-19 00:00:00-04:00,8.069999694824219,8.140000343322754,7.900000095367432,7.929999828338623,2241600,0.0,0.0
2020-08-20 00:00:00-04:00,7.849999904632568,8.020000457763672,7.659999847412109,7.75,3154600,0.0,0.0
2020-08-21 00:00:00-04:00,7.730000019073486,7.75,7.5,7.599999904632568,1881900,0.0,0.0
2020-08-24 00:00:00-04:00,7.639999866485596,7.75,7.329999923706055,7.429999828338623,3235400,0.0,0.0
2020-08-25 00:00:00-04:00,7.429999828338623,7.53000020980835,7.320000171661377,7.5,2085900,0.0,0.0
2020-08-26 00:00:00-04:00,7.5,7.539999961853027,7.360000133514404,7.46999979019165,2514900,0.0,0.0
2020-08-27 00:00:00-04:00,7.440000057220459,7.440000057220459,7.21999979019165,7.320000171661377,1586700,0.0,0.0
2020-08-28 00:00:00-04:00,7.349999904632568,7.480000019073486,7.329999923706055,7.400000095367432,1069300,0.0,0.0
2020-08-31 00:00:00-04:00,7.369999885559082,7.420000076293945,7.210000038146973,7.289999961853027,1790300,0.0,0.0
2020-09-01 00:00:00-04:00,7.320000171661377,7.349999904632568,7.210000038146973,7.260000228881836,1911300,0.0,0.0
2020-09-02 00:00:00-04:00,7.400000095367432,7.519999980926514,7.269999980926514,7.320000171661377,2463800,0.0,0.0
2020-09-03 00:00:00-04:00,6.630000114440918,6.769999980926514,5.760000228881836,6.380000114440918,10587600,0.0,0.0
2020-09-04 00:00:00-04:00,6.510000228881836,6.53000020980835,6.010000228881836,6.28000020980835,3061000,0.0,0.0
2020-09-08 00:00:00-04:00,6.03000020980835,6.260000228881836,6.0,6.0,2340800,0.0,0.0
2020-09-09 00:00:00-04:00,6.119999885559082,6.360000133514404,6.03000020980835,6.260000228881836,4058800,0.0,0.0
2020-09-10 00:00:00-04:00,6.320000171661377,6.409999847412109,6.070000171661377,6.110000133514404,2369700,0.0,0.0
2020-09-11 00:00:00-04:00,6.150000095367432,6.28000020980835,6.110000133514404,6.260000228881836,2508300,0.0,0.0
2020-09-14 00:00:00-04:00,6.329999923706055,6.420000076293945,6.309999942779541,6.400000095367432,2041500,0.0,0.0
2020-09-15 00:00:00-04:00,6.489999771118164,6.519999980926514,6.360000133514404,6.400000095367432,1640900,0.0,0.0
2020-09-16 00:00:00-04:00,6.389999866485596,6.5,6.289999961853027,6.300000190734863,1780900,0.0,0.0
2020-09-17 00:00:00-04:00,6.210000038146973,6.300000190734863,6.130000114440918,6.239999771118164,3715500,0.0,0.0
2020-09-18 00:00:00-04:00,6.300000190734863,6.380000114440918,6.159999847412109,6.210000038146973,2961800,0.0,0.0
2020-09-21 00:00:00-04:00,6.03000020980835,6.260000228881836,5.96999979019165,6.199999809265137,2873300,0.0,0.0
2020-09-22 00:00:00-04:00,6.269999980926514,6.269999980926514,6.010000228881836,6.190000057220459,1504000,0.0,0.0
2020-09-23 00:00:00-04:00,6.170000076293945,6.300000190734863,5.900000095367432,5.909999847412109,3029100,0.0,0.0
2020-09-24 00:00:00-04:00,5.840000152587891,5.960000038146973,5.789999961853027,5.869999885559082,2910600,0.0,0.0
2020-09-25 00:00:00-04:00,5.860000133514404,5.980000019073486,5.78000020980835,5.840000152587891,1269500,0.0,0.0
2020-09-28 00:00:00-04:00,5.980000019073486,6.0,5.889999866485596,5.960000038146973,1108300,0.0,0.0
2020-09-29 00:00:00-04:00,5.960000038146973,6.260000228881836,5.940000057220459,6.190000057220459,1429300,0.0,0.0
2020-09-30 00:00:00-04:00,6.190000057220459,6.269999980926514,6.090000152587891,6.159999847412109,1599600,0.0,0.0
2020-10-01 00:00:00-04:00,6.239999771118164,6.25,6.050000190734863,6.130000114440918,1201300,0.0,0.0
2020-10-02 00:00:00-04:00,5.949999809265137,6.150000095367432,5.929999828338623,6.130000114440918,1041800,0.0,0.0
2020-10-05 00:00:00-04:00,6.199999809265137,6.289999961853027,6.179999828338623,6.28000020980835,1224500,0.0,0.0
2020-10-06 00:00:00-04:00,6.21999979019165,6.420000076293945,6.21999979019165,6.309999942779541,1653000,0.0,0.0
2020-10-07 00:00:00-04:00,6.480000019073486,6.5,6.349999904632568,6.449999809265137,1252000,0.0,0.0
2020-10-08 00:00:00-04:00,6.570000171661377,6.900000095367432,6.5,6.769999980926514,1993400,0.0,0.0
2020-10-09 00:00:00-04:00,6.769999980926514,6.989999771118164,6.690000057220459,6.940000057220459,2107000,0.0,0.0
2020-10-12 00:00:00-04:00,6.980000019073486,7.0,6.730000019073486,6.78000020980835,1434800,0.0,0.0
2020-10-13 00:00:00-04:00,6.699999809265137,6.789999961853027,6.650000095367432,6.699999809265137,696100,0.0,0.0
2020-10-14 00:00:00-04:00,6.78000020980835,6.829999923706055,6.650000095367432,6.670000076293945,1393900,0.0,0.0
2020-10-15 00:00:00-04:00,6.559999942779541,6.75,6.519999980926514,6.730000019073486,925900,0.0,0.0
2020-10-16 00:00:00-04:00,6.71999979019165,6.820000171661377,6.659999847412109,6.690000057220459,1085600,0.0,0.0
2020-10-19 00:00:00-04:00,6.769999980926514,6.940000057220459,6.739999771118164,6.769999980926514,1159900,0.0,0.0
2020-10-20 00:00:00-04:00,6.800000190734863,6.900000095367432,6.489999771118164,6.510000228881836,1266300,0.0,0.0
2020-10-21 00:00:00-04:00,6.510000228881836,6.699999809265137,6.510000228881836,6.519999980926514,1010400,0.0,0.0
2020-10-22 00:00:00-04:00,6.519999980926514,6.679999828338623,6.400000095367432,6.650000095367432,1480200,0.0,0.0
2020-10-23 00:00:00-04:00,6.699999809265137,6.739999771118164,6.559999942779541,6.679999828338623,1334900,0.0,0.0
2020-10-26 00:00:00-04:00,6.630000114440918,6.769999980926514,6.519999980926514,6.710000038146973,1185700,0.0,0.0
2020-10-27 00:00:00-04:00,6.730000019073486,6.889999866485596,6.599999904632568,6.659999847412109,1002400,0.0,0.0
2020-10-28 00:00:00-04:00,6.46999979019165,6.550000190734863,6.320000171661377,6.360000133514404,1161300,0.0,0.0
2020-10-29 00:00:00-04:00,6.429999828338623,6.53000020980835,6.309999942779541,6.5,1538400,0.0,0.0
2020-10-30 00:00:00-04:00,6.489999771118164,6.519999980926514,6.210000038146973,6.260000228881836,1189400,0.0,0.0
2020-11-02 00:00:00-05:00,6.300000190734863,6.420000076293945,6.03000020980835,6.170000076293945,1574800,0.0,0.0
2020-11-03 00:00:00-05:00,6.289999961853027,6.599999904632568,6.260000228881836,6.409999847412109,1866200,0.0,0.0
2020-11-04 00:00:00-05:00,6.480000019073486,6.599999904632568,6.320000171661377,6.53000020980835,1186700,0.0,0.0
2020-11-05 00:00:00-05:00,6.699999809265137,7.170000076293945,6.559999942779541,7.150000095367432,3118700,0.0,0.0
2020-11-06 00:00:00-05:00,7.210000038146973,7.25,6.630000114440918,6.699999809265137,3563700,0.0,0.0
2020-11-09 00:00:00-05:00,7.099999904632568,7.199999809265137,6.820000171661377,7.039999961853027,3861200,0.0,0.0
2020-11-10 00:00:00-05:00,7.039999961853027,7.25,6.880000114440918,7.170000076293945,2945300,0.0,0.0
2020-11-11 00:00:00-05:00,7.210000038146973,7.309999942779541,6.869999885559082,6.96999979019165,1400700,0.0,0.0
2020-11-12 00:00:00-05:00,6.920000076293945,6.940000057220459,6.480000019073486,6.809999942779541,1667500,0.0,0.0
2020-11-13 00:00:00-05:00,6.880000114440918,6.989999771118164,6.78000020980835,6.860000133514404,1440600,0.0,0.0
2020-11-16 00:00:00-05:00,6.960000038146973,6.989999771118164,6.829999923706055,6.909999847412109,2063800,0.0,0.0
2020-11-17 00:00:00-05:00,6.860000133514404,6.909999847412109,6.78000020980835,6.880000114440918,965800,0.0,0.0
2020-11-18 00:00:00-05:00,6.960000038146973,7.130000114440918,6.880000114440918,6.989999771118164,1972600,0.0,0.0
2020-11-19 00:00:00-05:00,6.980000019073486,7.170000076293945,6.800000190734863,7.159999847412109,1385800,0.0,0.0
2020-11-20 00:00:00-05:00,7.480000019073486,7.849999904632568,7.400000095367432,7.840000152587891,5360400,0.0,0.0
2020-11-23 00:00:00-05:00,8.100000381469727,8.300000190734863,7.929999828338623,8.239999771118164,4527700,0.0,0.0
2020-11-24 00:00:00-05:00,8.399999618530273,8.489999771118164,8.220000267028809,8.369999885559082,3574700,0.0,0.0
2020-11-25 00:00:00-05:00,8.449999809265137,8.5,8.220000267028809,8.420000076293945,2505600,0.0,0.0
2020-11-27 00:00:00-05:00,8.5,8.59000015258789,8.430000305175781,8.5,1600500,0.0,0.0
2020-11-30 00:00:00-05:00,8.670000076293945,8.800000190734863,8.279999732971191,8.460000038146973,3280100,0.0,0.0
2020-12-01 00:00:00-05:00,8.59000015258789,8.630000114440918,8.239999771118164,8.3100004196167,2383900,0.0,0.0
2020-12-02 00:00:00-05:00,8.270000457763672,8.390000343322754,8.170000076293945,8.25,2883000,0.0,0.0
2020-12-03 00:00:00-05:00,8.25,8.699999809265137,8.100000381469727,8.569999694824219,5249000,0.0,0.0
2020-12-04 00:00:00-05:00,8.779999732971191,8.819999694824219,8.5600004196167,8.779999732971191,4969600,0.0,0.0
2020-12-07 00:00:00-05:00,8.84000015258789,8.979999542236328,8.779999732971191,8.960000038146973,3090300,0.0,0.0
2020-12-08 00:00:00-05:00,8.979999542236328,9.279999732971191,8.930000305175781,9.270000457763672,4865800,0.0,0.0
2020-12-09 00:00:00-05:00,9.359999656677246,9.380000114440918,8.529999732971191,8.539999961853027,3180900,0.0,0.0
2020-12-10 00:00:00-05:00,8.40999984741211,9.039999961853027,8.399999618530273,9.020000457763672,2788500,0.0,0.0
2020-12-11 00:00:00-05:00,8.930000305175781,9.489999771118164,8.779999732971191,9.420000076293945,4696100,0.0,0.0
2020-12-14 00:00:00-05:00,9.539999961853027,10.010000228881836,9.5,9.779999732971191,4615400,0.0,0.0
2020-12-15 00:00:00-05:00,9.779999732971191,10.369999885559082,9.760000228881836,10.210000038146973,4713300,0.0,0.0
2020-12-16 00:00:00-05:00,10.15999984741211,10.329999923706055,10.0600004196167,10.100000381469727,2222700,0.0,0.0
2020-12-17 00:00:00-05:00,10.170000076293945,10.649999618530273,10.140000343322754,10.319999694824219,5000800,0.0,0.0
2020-12-18 00:00:00-05:00,10.470000267028809,11.199999809265137,10.420000076293945,11.1899995803833,8416600,0.0,0.0
2020-12-21 00:00:00-05:00,11.010000228881836,11.180000305175781,10.640000343322754,11.039999961853027,5401100,0.0,0.0
2020-12-22 00:00:00-05:00,11.130000114440918,11.510000228881836,11.09000015258789,11.300000190734863,5032200,0.0,0.0
2020-12-23 00:00:00-05:00,11.470000267028809,11.470000267028809,10.829999923706055,11.029999732971191,2607700,0.0,0.0
2020-12-24 00:00:00-05:00,11.050000190734863,11.09000015258789,10.869999885559082,10.970000267028809,1137900,0.0,0.0
2020-12-28 00:00:00-05:00,11.140000343322754,11.430000305175781,10.729999542236328,10.9399995803833,2486800,0.0,0.0
2020-12-29 00:00:00-05:00,10.960000038146973,11.020000457763672,10.34000015258789,10.630000114440918,2619300,0.0,0.0
2020-12-30 00:00:00-05:00,10.680000305175781,10.779999732971191,10.539999961853027,10.619999885559082,1264500,0.0,0.0
2020-12-31 00:00:00-05:00,10.579999923706055,10.649999618530273,10.4399995803833,10.479999542236328,1742500,0.0,0.0
2021-01-04 00:00:00-05:00,10.510000228881836,10.600000381469727,10.109999656677246,10.300000190734863,3358300,0.0,0.0
2021-01-05 00:00:00-05:00,10.289999961853027,10.550000190734863,10.289999961853027,10.319999694824219,2703800,0.0,0.0
2021-01-06 00:00:00-05:00,10.220000267028809,10.319999694824219,9.569999694824219,9.739999771118164,5392000,0.0,0.0
2021-01-07 00:00:00-05:00,9.850000381469727,10.09000015258789,9.4399995803833,9.789999961853027,3393300,0.0,0.0
2021-01-08 00:00:00-05:00,9.729999542236328,9.930000305175781,9.100000381469727,9.199999809265137,6178800,0.0,0.0
2021-01-11 00:00:00-05:00,9.079999923706055,9.59000015258789,9.0,9.40999984741211,3186200,0.0,0.0
2021-01-12 00:00:00-05:00,9.479999542236328,9.859999656677246,9.449999809265137,9.65999984741211,2262800,0.0,0.0
2021-01-13 00:00:00-05:00,9.699999809265137,9.9399995803833,9.239999771118164,9.270000457763672,2593900,0.0,0.0
2021-01-14 00:00:00-05:00,9.359999656677246,9.890000343322754,9.359999656677246,9.739999771118164,2610400,0.0,0.0
2021-01-15 00:00:00-05:00,9.770000457763672,9.930000305175781,9.520000457763672,9.619999885559082,2047700,0.0,0.0
2021-01-19 00:00:00-05:00,9.75,9.989999771118164,9.489999771118164,9.899999618530273,2048600,0.0,0.0
2021-01-20 00:00:00-05:00,10.180000305175781,10.180000305175781,9.460000038146973,9.59000015258789,2357200,0.0,0.0
2021-01-21 00:00:00-05:00,9.640000343322754,9.819999694824219,9.510000228881836,9.649999618530273,1713100,0.0,0.0
2021-01-22 00:00:00-05:00,9.489999771118164,9.729999542236328,9.380000114440918,9.729999542236328,1371400,0.0,0.0
2021-01-25 00:00:00-05:00,9.84000015258789,9.989999771118164,9.59000015258789,9.6899995803833,2271000,0.0,0.0
2021-01-26 00:00:00-05:00,9.640000343322754,9.75,9.329999923706055,9.729999542236328,2283400,0.0,0.0
2021-01-27 00:00:00-05:00,9.600000381469727,10.949999809265137,9.479999542236328,10.270000457763672,8064200,0.0,0.0
2021-01-28 00:00:00-05:00,10.15999984741211,10.180000305175781,9.649999618530273,10.010000228881836,2822700,0.0,0.0
2021-01-29 00:00:00-05:00,10.140000343322754,10.529999732971191,9.760000228881836,9.850000381469727,2756700,0.0,0.0
2021-02-01 00:00:00-05:00,9.960000038146973,10.25,9.710000038146973,10.0,2228000,0.0,0.0
2021-02-02 00:00:00-05:00,10.010000228881836,10.069999694824219,9.489999771118164,9.710000038146973,5704100,0.0,0.0
2021-02-03 00:00:00-05:00,9.90999984741211,9.949999809265137,9.5,9.619999885559082,2554900,0.0,0.0
2021-02-04 00:00:00-05:00,9.600000381469727,9.649999618530273,9.4399995803833,9.600000381469727,2375200,0.0,0.0
2021-02-05 00:00:00-05:00,9.649999618530273,9.90999984741211,9.579999923706055,9.90999984741211,1789600,0.0,0.0
2021-02-08 00:00:00-05:00,10.010000228881836,10.149999618530273,9.880000114440918,10.079999923706055,2129200,0.0,0.0
2021-02-09 00:00:00-05:00,10.15999984741211,10.510000228881836,10.020000457763672,10.470000267028809,2681700,0.0,0.0
2021-02-10 00:00:00-05:00,10.720000267028809,10.960000038146973,10.210000038146973,10.449999809265137,3017200,0.0,0.0
2021-02-11 00:00:00-05:00,10.489999771118164,10.600000381469727,10.1899995803833,10.399999618530273,2283500,0.0,0.0
2021-02-12 00:00:00-05:00,10.359999656677246,10.779999732971191,10.329999923706055,10.699999809265137,2361100,0.0,0.0
2021-02-16 00:00:00-05:00,10.760000228881836,10.920000076293945,10.619999885559082,10.680000305175781,1527100,0.0,0.0
2021-02-17 00:00:00-05:00,10.729999542236328,11.100000381469727,10.319999694824219,10.539999961853027,5350800,0.0,0.0
2021-02-18 00:00:00-05:00,10.3100004196167,10.5,10.15999984741211,10.390000343322754,2504600,0.0,0.0
2021-02-19 00:00:00-05:00,10.40999984741211,10.779999732971191,10.40999984741211,10.649999618530273,4079100,0.0,0.0
2021-02-22 00:00:00-05:00,10.550000190734863,10.640000343322754,10.010000228881836,10.1899995803833,2348300,0.0,0.0
2021-02-23 00:00:00-05:00,9.960000038146973,10.079999923706055,9.069999694824219,10.020000457763672,4238400,0.0,0.0
2021-02-24 00:00:00-05:00,9.789999961853027,9.90999984741211,9.220000267028809,9.449999809265137,5597800,0.0,0.0
2021-02-25 00:00:00-05:00,9.229999542236328,9.680000305175781,9.229999542236328,9.420000076293945,3919800,0.0,0.0
2021-02-26 00:00:00-05:00,9.489999771118164,9.949999809265137,9.399999618530273,9.819999694824219,3708000,0.0,0.0
2021-03-01 00:00:00-05:00,10.029999732971191,10.100000381469727,9.529999732971191,9.760000228881836,2680400,0.0,0.0
2021-03-02 00:00:00-05:00,9.649999618530273,9.770000457763672,9.34000015258789,9.390000343322754,2131700,0.0,0.0
2021-03-03 00:00:00-05:00,9.390000343322754,9.4399995803833,9.180000305175781,9.239999771118164,2318100,0.0,0.0
2021-03-04 00:00:00-05:00,9.180000305175781,9.350000381469727,8.550000190734863,8.699999809265137,3953100,0.0,0.0
2021-03-05 00:00:00-05:00,8.760000228881836,8.890000343322754,7.960000038146973,8.390000343322754,4103600,0.0,0.0
2021-03-08 00:00:00-05:00,8.319999694824219,8.569999694824219,8.109999656677246,8.25,3385800,0.0,0.0
2021-03-09 00:00:00-05:00,8.4399995803833,8.670000076293945,8.359999656677246,8.609999656677246,2201000,0.0,0.0
2021-03-10 00:00:00-05:00,8.770000457763672,9.069999694824219,8.649999618530273,8.989999771118164,3183600,0.0,0.0
2021-03-11 00:00:00-05:00,9.289999961853027,9.739999771118164,9.279999732971191,9.649999618530273,3337700,0.0,0.0
2021-03-12 00:00:00-05:00,9.619999885559082,9.90999984741211,9.430000305175781,9.850000381469727,2523700,0.0,0.0
2021-03-15 00:00:00-04:00,9.899999618530273,10.220000267028809,9.699999809265137,10.100000381469727,2867400,0.0,0.0
2021-03-16 00:00:00-04:00,10.180000305175781,10.359999656677246,9.930000305175781,10.229999542236328,2254500,0.0,0.0
2021-03-17 00:00:00-04:00,10.100000381469727,10.359999656677246,9.869999885559082,10.34000015258789,1993300,0.0,0.0
2021-03-18 00:00:00-04:00,10.199999809265137,10.680000305175781,9.970000267028809,10.010000228881836,3829900,0.0,0.0
2021-03-19 00:00:00-04:00,9.9399995803833,10.359999656677246,9.850000381469727,10.239999771118164,3279700,0.0,0.0
2021-03-22 00:00:00-04:00,10.3100004196167,10.4399995803833,10.069999694824219,10.220000267028809,1305600,0.0,0.0
2021-03-23 00:00:00-04:00,10.220000267028809,10.270000457763672,9.829999923706055,9.960000038146973,1861100,0.0,0.0
2021-03-24 00:00:00-04:00,9.949999809265137,10.0600004196167,9.449999809265137,9.460000038146973,2087500,0.0,0.0
2021-03-25 00:00:00-04:00,9.300000190734863,9.789999961853027,9.170000076293945,9.720000267028809,1614500,0.0,0.0
2021-03-26 00:00:00-04:00,9.819999694824219,10.130000114440918,9.789999961853027,10.130000114440918,1386600,0.0,0.0
2021-03-29 00:00:00-04:00,10.289999961853027,10.300000190734863,9.579999923706055,9.699999809265137,1937600,0.0,0.0
2021-03-30 00:00:00-04:00,9.630000114440918,9.680000305175781,9.380000114440918,9.59000015258789,1672600,0.0,0.0
2021-03-31 00:00:00-04:00,9.609999656677246,9.850000381469727,9.5600004196167,9.630000114440918,1854000,0.0,0.0
2021-04-01 00:00:00-04:00,9.739999771118164,10.25,9.739999771118164,10.119999885559082,2076000,0.0,0.0
2021-04-05 00:00:00-04:00,10.270000457763672,10.470000267028809,10.069999694824219,10.149999618530273,1499100,0.0,0.0
2021-04-06 00:00:00-04:00,10.1899995803833,10.199999809265137,9.84000015258789,9.970000267028809,1454300,0.0,0.0
2021-04-07 00:00:00-04:00,10.079999923706055,10.079999923706055,9.800000190734863,9.869999885559082,881400,0.0,0.0
2021-04-08 00:00:00-04:00,9.920000076293945,10.010000228881836,9.699999809265137,9.979999542236328,1648700,0.0,0.0
2021-04-09 00:00:00-04:00,10.0,10.300000190734863,9.979999542236328,10.050000190734863,1556600,0.0,0.0
2021-04-12 00:00:00-04:00,10.029999732971191,10.069999694824219,9.869999885559082,10.050000190734863,717100,0.0,0.0
2021-04-13 00:00:00-04:00,10.039999961853027,10.289999961853027,10.0,10.170000076293945,956900,0.0,0.0
2021-04-14 00:00:00-04:00,10.199999809265137,10.359999656677246,9.970000267028809,10.029999732971191,1709100,0.0,0.0
2021-04-15 00:00:00-04:00,10.029999732971191,10.119999885559082,9.739999771118164,10.09000015258789,1244400,0.0,0.0
2021-04-16 00:00:00-04:00,10.149999618530273,10.1899995803833,9.869999885559082,9.880000114440918,969100,0.0,0.0
2021-04-19 00:00:00-04:00,9.869999885559082,9.989999771118164,9.5,9.600000381469727,1791700,0.0,0.0
2021-04-20 00:00:00-04:00,9.539999961853027,9.710000038146973,9.149999618530273,9.3100004196167,1921800,0.0,0.0
2021-04-21 00:00:00-04:00,9.25,9.550000190734863,9.140000343322754,9.479999542236328,1209400,0.0,0.0
2021-04-22 00:00:00-04:00,9.5,9.699999809265137,9.359999656677246,9.369999885559082,1280900,0.0,0.0
2021-04-23 00:00:00-04:00,9.369999885559082,9.550000190734863,9.020000457763672,9.430000305175781,1845700,0.0,0.0
2021-04-26 00:00:00-04:00,9.40999984741211,9.770000457763672,9.40999984741211,9.739999771118164,1180700,0.0,0.0
2021-04-27 00:00:00-04:00,9.800000190734863,9.84000015258789,9.529999732971191,9.600000381469727,1423600,0.0,0.0
2021-04-28 00:00:00-04:00,9.550000190734863,9.6899995803833,9.470000267028809,9.640000343322754,2022500,0.0,0.0
2021-04-29 00:00:00-04:00,9.6899995803833,9.6899995803833,9.329999923706055,9.510000228881836,936800,0.0,0.0
2021-04-30 00:00:00-04:00,9.25,9.390000343322754,9.100000381469727,9.220000267028809,1649600,0.0,0.0
2021-05-03 00:00:00-04:00,9.319999694824219,9.470000267028809,9.0600004196167,9.270000457763672,2934300,0.0,0.0
2021-05-04 00:00:00-04:00,9.229999542236328,9.239999771118164,8.6899995803833,8.789999961853027,2613300,0.0,0.0
2021-05-05 00:00:00-04:00,9.279999732971191,9.359999656677246,8.489999771118164,8.579999923706055,2630200,0.0,0.0
2021-05-06 00:00:00-04:00,8.489999771118164,8.720000267028809,8.199999809265137,8.680000305175781,3589600,0.0,0.0
2021-05-07 00:00:00-04:00,8.65999984741211,9.100000381469727,8.630000114440918,8.800000190734863,1822200,0.0,0.0
2021-05-10 00:00:00-04:00,8.760000228881836,8.84000015258789,8.600000381469727,8.6899995803833,1600200,0.0,0.0
2021-05-11 00:00:00-04:00,8.390000343322754,8.770000457763672,8.199999809265137,8.760000228881836,1646700,0.0,0.0
2021-05-12 00:00:00-04:00,8.619999885559082,8.710000038146973,8.300000190734863,8.420000076293945,2865500,0.0,0.0
2021-05-13 00:00:00-04:00,8.770000457763672,8.960000038146973,8.449999809265137,8.600000381469727,1833700,0.0,0.0
2021-05-14 00:00:00-04:00,8.600000381469727,8.800000190734863,8.600000381469727,8.65999984741211,1534000,0.0,0.0
2021-05-17 00:00:00-04:00,8.630000114440918,8.779999732971191,8.569999694824219,8.710000038146973,1102800,0.0,0.0
2021-05-18 00:00:00-04:00,8.710000038146973,8.880000114440918,8.619999885559082,8.680000305175781,1244400,0.0,0.0
2021-05-19 00:00:00-04:00,8.630000114440918,8.930000305175781,8.569999694824219,8.800000190734863,4301200,0.0,0.0
2021-05-20 00:00:00-04:00,8.859999656677246,9.109999656677246,8.75,9.050000190734863,1947000,0.0,0.0
2021-05-21 00:00:00-04:00,9.149999618530273,9.34000015258789,9.0,9.0600004196167,2140100,0.0,0.0
2021-05-24 00:00:00-04:00,9.210000038146973,9.460000038146973,9.130000114440918,9.359999656677246,1915000,0.0,0.0
2021-05-25 00:00:00-04:00,9.369999885559082,9.5,9.199999809265137,9.229999542236328,1994600,0.0,0.0
2021-05-26 00:00:00-04:00,9.239999771118164,9.479999542236328,9.239999771118164,9.4399995803833,1540000,0.0,0.0
2021-05-27 00:00:00-04:00,9.449999809265137,9.569999694824219,9.40999984741211,9.5,1745500,0.0,0.0
2021-05-28 00:00:00-04:00,9.600000381469727,9.640000343322754,9.479999542236328,9.600000381469727,1119500,0.0,0.0
2021-06-01 00:00:00-04:00,9.600000381469727,9.699999809265137,9.529999732971191,9.6899995803833,1155600,0.0,0.0
2021-06-02 00:00:00-04:00,9.59000015258789,9.869999885559082,9.5,9.850000381469727,1866200,0.0,0.0
2021-06-03 00:00:00-04:00,9.84000015258789,10.300000190734863,9.75,10.220000267028809,5290500,0.0,0.0
2021-06-04 00:00:00-04:00,10.25,10.359999656677246,10.119999885559082,10.239999771118164,2429300,0.0,0.0
2021-06-07 00:00:00-04:00,10.069999694824219,10.869999885559082,9.9399995803833,10.75,3090900,0.0,0.0
2021-06-08 00:00:00-04:00,10.640000343322754,10.890000343322754,10.569999694824219,10.619999885559082,1497300,0.0,0.0
2021-06-09 00:00:00-04:00,10.619999885559082,10.770000457763672,10.510000228881836,10.569999694824219,1320900,0.0,0.0
2021-06-10 00:00:00-04:00,10.579999923706055,10.65999984741211,10.420000076293945,10.5600004196167,1701700,0.0,0.0
2021-06-11 00:00:00-04:00,10.600000381469727,10.630000114440918,10.4399995803833,10.550000190734863,696500,0.0,0.0
2021-06-14 00:00:00-04:00,10.600000381469727,10.640000343322754,10.380000114440918,10.449999809265137,1640800,0.0,0.0
2021-06-15 00:00:00-04:00,10.449999809265137,10.449999809265137,10.140000343322754,10.229999542236328,1216500,0.0,0.0
2021-06-16 00:00:00-04:00,10.25,10.289999961853027,10.029999732971191,10.180000305175781,2857500,0.0,0.0
2021-06-17 00:00:00-04:00,10.079999923706055,10.140000343322754,9.90999984741211,9.949999809265137,2627800,0.0,0.0
2021-06-18 00:00:00-04:00,9.819999694824219,9.920000076293945,9.569999694824219,9.770000457763672,3162600,0.0,0.0
2021-06-21 00:00:00-04:00,9.850000381469727,10.0,9.729999542236328,9.880000114440918,1772400,0.0,0.0
2021-06-22 00:00:00-04:00,9.890000343322754,10.329999923706055,9.880000114440918,10.319999694824219,1839000,0.0,0.0
2021-06-23 00:00:00-04:00,10.390000343322754,10.789999961853027,10.350000381469727,10.619999885559082,2910600,0.0,0.0
2021-06-24 00:00:00-04:00,10.6899995803833,10.829999923706055,10.640000343322754,10.739999771118164,1366600,0.0,0.0
2021-06-25 00:00:00-04:00,10.800000190734863,10.869999885559082,10.600000381469727,10.640000343322754,5142700,0.0,0.0
2021-06-28 00:00:00-04:00,10.630000114440918,10.699999809265137,10.5600004196167,10.569999694824219,1093500,0.0,0.0
2021-06-29 00:00:00-04:00,10.619999885559082,10.670000076293945,10.270000457763672,10.34000015258789,1132400,0.0,0.0
2021-06-30 00:00:00-04:00,10.34000015258789,10.369999885559082,10.180000305175781,10.199999809265137,885900,0.0,0.0
2021-07-01 00:00:00-04:00,10.329999923706055,10.329999923706055,10.140000343322754,10.279999732971191,755500,0.0,0.0
2021-07-02 00:00:00-04:00,10.300000190734863,10.369999885559082,10.1899995803833,10.289999961853027,690900,0.0,0.0
2021-07-06 00:00:00-04:00,10.25,10.25,9.930000305175781,10.180000305175781,2325600,0.0,0.0
2021-07-07 00:00:00-04:00,10.020000457763672,10.300000190734863,9.880000114440918,10.050000190734863,751800,0.0,0.0
2021-07-08 00:00:00-04:00,9.90999984741211,10.199999809265137,9.8100004196167,10.079999923706055,918600,0.0,0.0
2021-07-09 00:00:00-04:00,10.170000076293945,10.25,10.029999732971191,10.220000267028809,585100,0.0,0.0
2021-07-12 00:00:00-04:00,10.220000267028809,10.239999771118164,9.800000190734863,9.989999771118164,1729900,0.0,0.0
2021-07-13 00:00:00-04:00,10.050000190734863,10.119999885559082,9.930000305175781,9.949999809265137,845600,0.0,0.0
2021-07-14 00:00:00-04:00,10.0,10.130000114440918,9.789999961853027,9.90999984741211,966500,0.0,0.0
2021-07-15 00:00:00-04:00,9.899999618530273,9.899999618530273,9.229999542236328,9.4399995803833,2485600,0.0,0.0
2021-07-16 00:00:00-04:00,9.470000267028809,9.630000114440918,9.1899995803833,9.210000038146973,1248400,0.0,0.0
2021-07-19 00:00:00-04:00,9.069999694824219,9.3100004196167,9.010000228881836,9.170000076293945,1231700,0.0,0.0
2021-07-20 00:00:00-04:00,9.199999809265137,9.420000076293945,9.09000015258789,9.329999923706055,1987200,0.0,0.0
2021-07-21 00:00:00-04:00,9.369999885559082,9.59000015258789,9.350000381469727,9.550000190734863,914600,0.0,0.0
2021-07-22 00:00:00-04:00,9.550000190734863,9.649999618530273,9.289999961853027,9.479999542236328,662500,0.0,0.0
2021-07-23 00:00:00-04:00,9.489999771118164,9.539999961853027,9.319999694824219,9.489999771118164,575800,0.0,0.0
2021-07-26 00:00:00-04:00,9.5,9.600000381469727,9.4399995803833,9.520000457763672,639900,0.0,0.0
2021-07-27 00:00:00-04:00,9.489999771118164,9.520000457763672,9.079999923706055,9.350000381469727,1203900,0.0,0.0
2021-07-28 00:00:00-04:00,9.489999771118164,9.779999732971191,9.279999732971191,9.720000267028809,3315900,0.0,0.0
2021-07-29 00:00:00-04:00,9.84000015258789,9.979999542236328,9.770000457763672,9.899999618530273,1231100,0.0,0.0
2021-07-30 00:00:00-04:00,9.920000076293945,10.010000228881836,9.84000015258789,9.90999984741211,1320400,0.0,0.0
2021-08-02 00:00:00-04:00,9.739999771118164,9.970000267028809,9.739999771118164,9.859999656677246,1474100,0.0,0.0
2021-08-03 00:00:00-04:00,9.84000015258789,9.930000305175781,9.720000267028809,9.859999656677246,2688700,0.0,0.0
2021-08-04 00:00:00-04:00,9.5,9.979999542236328,8.9399995803833,9.710000038146973,4911900,0.0,0.0
2021-08-05 00:00:00-04:00,9.680000305175781,10.109999656677246,9.569999694824219,10.050000190734863,2262100,0.0,0.0
2021-08-06 00:00:00-04:00,10.020000457763672,10.140000343322754,9.710000038146973,9.720000267028809,1874000,0.0,0.0
2021-08-09 00:00:00-04:00,9.550000190734863,9.670000076293945,9.4399995803833,9.460000038146973,1561400,0.0,0.0
2021-08-10 00:00:00-04:00,9.4399995803833,9.460000038146973,9.130000114440918,9.239999771118164,2422600,0.0,0.0
2021-08-11 00:00:00-04:00,9.220000267028809,9.239999771118164,8.920000076293945,9.109999656677246,1538100,0.0,0.0
2021-08-12 00:00:00-04:00,9.109999656677246,9.109999656677246,8.789999961853027,8.869999885559082,1351000,0.0,0.0
2021-08-13 00:00:00-04:00,8.880000114440918,8.880000114440918,8.699999809265137,8.739999771118164,927000,0.0,0.0
2021-08-16 00:00:00-04:00,8.649999618530273,8.699999809265137,8.569999694824219,8.609999656677246,1056700,0.0,0.0
2021-08-17 00:00:00-04:00,8.510000228881836,8.800000190734863,8.369999885559082,8.779999732971191,2994200,0.0,0.0
2021-08-18 00:00:00-04:00,8.789999961853027,8.8100004196167,8.510000228881836,8.720000267028809,2958900,0.0,0.0
2021-08-19 00:00:00-04:00,8.65999984741211,9.0,8.510000228881836,8.6899995803833,3940100,0.0,0.0
2021-08-20 00:00:00-04:00,8.539999961853027,8.6899995803833,8.300000190734863,8.489999771118164,4326400,0.0,0.0
2021-08-23 00:00:00-04:00,8.550000190734863,8.729999542236328,8.5,8.600000381469727,2916300,0.0,0.0
2021-08-24 00:00:00-04:00,8.649999618530273,8.829999923706055,8.550000190734863,8.75,2991700,0.0,0.0
2021-08-25 00:00:00-04:00,8.800000190734863,8.8100004196167,8.579999923706055,8.579999923706055,1175800,0.0,0.0
2021-08-26 00:00:00-04:00,8.539999961853027,8.609999656677246,8.3100004196167,8.3100004196167,2502200,0.0,0.0
2021-08-27 00:00:00-04:00,8.289999961853027,8.539999961853027,8.25,8.399999618530273,2219100,0.0,0.0
2021-08-30 00:00:00-04:00,8.489999771118164,8.489999771118164,8.25,8.350000381469727,3305700,0.0,0.0
2021-08-31 00:00:00-04:00,8.34000015258789,8.550000190734863,8.3100004196167,8.470000267028809,2937000,0.0,0.0
2021-09-01 00:00:00-04:00,8.550000190734863,8.699999809265137,8.34000015258789,8.680000305175781,2351600,0.0,0.0
2021-09-02 00:00:00-04:00,8.739999771118164,9.069999694824219,8.619999885559082,9.020000457763672,1901100,0.0,0.0
2021-09-03 00:00:00-04:00,8.989999771118164,9.039999961853027,8.75,8.84000015258789,1747900,0.0,0.0
2021-09-07 00:00:00-04:00,8.609999656677246,8.920000076293945,8.550000190734863,8.760000228881836,1931600,0.0,0.0
2021-09-08 00:00:00-04:00,8.789999961853027,8.789999961853027,8.5,8.609999656677246,1819800,0.0,0.0
2021-09-09 00:00:00-04:00,8.550000190734863,8.710000038146973,8.510000228881836,8.529999732971191,2486200,0.0,0.0
2021-09-10 00:00:00-04:00,8.520000457763672,8.640000343322754,8.319999694824219,8.350000381469727,1578100,0.0,0.0
2021-09-13 00:00:00-04:00,8.420000076293945,8.569999694824219,8.34000015258789,8.539999961853027,1914000,0.0,0.0
2021-09-14 00:00:00-04:00,8.619999885559082,8.619999885559082,8.319999694824219,8.369999885559082,1519000,0.0,0.0
2021-09-15 00:00:00-04:00,8.300000190734863,8.489999771118164,8.239999771118164,8.449999809265137,2586500,0.0,0.0
2021-09-16 00:00:00-04:00,8.4399995803833,8.520000457763672,8.3100004196167,8.470000267028809,1474100,0.0,0.0
2021-09-17 00:00:00-04:00,8.510000228881836,8.510000228881836,8.289999961853027,8.369999885559082,2014200,0.0,0.0
2021-09-20 00:00:00-04:00,8.199999809265137,8.270000457763672,8.109999656677246,8.210000038146973,2258200,0.0,0.0
2021-09-21 00:00:00-04:00,8.239999771118164,8.289999961853027,8.0,8.029999732971191,1289300,0.0,0.0
2021-09-22 00:00:00-04:00,8.100000381469727,8.239999771118164,8.069999694824219,8.109999656677246,1304900,0.0,0.0
2021-09-23 00:00:00-04:00,8.220000267028809,8.5600004196167,8.119999885559082,8.520000457763672,2021700,0.0,0.0
2021-09-24 00:00:00-04:00,8.210000038146973,8.279999732971191,8.100000381469727,8.210000038146973,1982700,0.0,0.0
2021-09-27 00:00:00-04:00,8.34000015258789,8.699999809265137,8.270000457763672,8.630000114440918,2169900,0.0,0.0
2021-09-28 00:00:00-04:00,8.630000114440918,8.680000305175781,8.25,8.289999961853027,1646300,0.0,0.0
2021-09-29 00:00:00-04:00,8.3100004196167,8.390000343322754,8.220000267028809,8.350000381469727,1204300,0.0,0.0
2021-09-30 00:00:00-04:00,8.350000381469727,8.479999542236328,8.279999732971191,8.319999694824219,1125500,0.0,0.0
2021-10-01 00:00:00-04:00,8.420000076293945,8.470000267028809,8.260000228881836,8.380000114440918,1171100,0.0,0.0
2021-10-04 00:00:00-04:00,8.380000114440918,8.380000114440918,8.119999885559082,8.140000343322754,1379700,0.0,0.0
2021-10-05 00:00:00-04:00,8.140000343322754,8.300000190734863,8.140000343322754,8.270000457763672,1378200,0.0,0.0
2021-10-06 00:00:00-04:00,8.039999961853027,8.199999809265137,7.75,7.949999809265137,2797200,0.0,0.0
2021-10-07 00:00:00-04:00,8.020000457763672,8.279999732971191,8.020000457763672,8.140000343322754,1704900,0.0,0.0
2021-10-08 00:00:00-04:00,8.149999618530273,8.170000076293945,7.889999866485596,7.929999828338623,982600,0.0,0.0
2021-10-11 00:00:00-04:00,7.889999866485596,8.020000457763672,7.860000133514404,7.880000114440918,763800,0.0,0.0
2021-10-12 00:00:00-04:00,7.880000114440918,8.039999961853027,7.829999923706055,7.989999771118164,1768800,0.0,0.0
2021-10-13 00:00:00-04:00,8.020000457763672,8.119999885559082,7.96999979019165,8.0600004196167,1634400,0.0,0.0
2021-10-14 00:00:00-04:00,8.140000343322754,8.359999656677246,8.100000381469727,8.260000228881836,1506900,0.0,0.0
2021-10-15 00:00:00-04:00,8.40999984741211,8.420000076293945,8.0,8.0600004196167,1352800,0.0,0.0
2021-10-18 00:00:00-04:00,7.809999942779541,7.820000171661377,7.449999809265137,7.650000095367432,3883800,0.0,0.0
2021-10-19 00:00:00-04:00,7.710000038146973,7.809999942779541,7.570000171661377,7.670000076293945,1469200,0.0,0.0
2021-10-20 00:00:00-04:00,7.710000038146973,7.869999885559082,7.670000076293945,7.820000171661377,967700,0.0,0.0
2021-10-21 00:00:00-04:00,7.840000152587891,7.869999885559082,7.730000019073486,7.789999961853027,636900,0.0,0.0
2021-10-22 00:00:00-04:00,7.789999961853027,7.820000171661377,7.429999828338623,7.449999809265137,1086400,0.0,0.0
2021-10-25 00:00:00-04:00,7.429999828338623,7.489999771118164,7.230000019073486,7.239999771118164,2281700,0.0,0.0
2021-10-26 00:00:00-04:00,7.260000228881836,7.489999771118164,7.230000019073486,7.28000020980835,1228700,0.0,0.0
2021-10-27 00:00:00-04:00,7.28000020980835,7.389999866485596,7.230000019073486,7.300000190734863,1431500,0.0,0.0
2021-10-28 00:00:00-04:00,7.320000171661377,7.46999979019165,7.260000228881836,7.449999809265137,1372900,0.0,0.0
2021-10-29 00:00:00-04:00,7.389999866485596,7.699999809265137,7.349999904632568,7.590000152587891,1546100,0.0,0.0
2021-11-01 00:00:00-04:00,7.570000171661377,7.889999866485596,7.539999961853027,7.820000171661377,1400600,0.0,0.0
2021-11-02 00:00:00-04:00,7.900000095367432,8.140000343322754,7.900000095367432,8.029999732971191,1932400,0.0,0.0
2021-11-03 00:00:00-04:00,8.0,8.34000015258789,7.860000133514404,8.300000190734863,3112800,0.0,0.0
2021-11-04 00:00:00-04:00,8.550000190734863,9.119999885559082,8.5,8.869999885559082,5180300,0.0,0.0
2021-11-05 00:00:00-04:00,8.899999618530273,9.109999656677246,8.829999923706055,8.90999984741211,2628300,0.0,0.0
2021-11-08 00:00:00-05:00,8.930000305175781,9.170000076293945,8.800000190734863,9.029999732971191,2171200,0.0,0.0
2021-11-09 00:00:00-05:00,9.039999961853027,9.09000015258789,8.6899995803833,8.899999618530273,3449400,0.0,0.0
2021-11-10 00:00:00-05:00,8.8100004196167,9.029999732971191,8.640000343322754,8.680000305175781,3441700,0.0,0.0
2021-11-11 00:00:00-05:00,8.710000038146973,8.869999885559082,8.619999885559082,8.720000267028809,1022400,0.0,0.0
2021-11-12 00:00:00-05:00,8.75,8.819999694824219,8.680000305175781,8.789999961853027,1060400,0.0,0.0
2021-11-15 00:00:00-05:00,8.84000015258789,8.84000015258789,8.479999542236328,8.579999923706055,3237500,0.0,0.0
2021-11-16 00:00:00-05:00,8.550000190734863,8.850000381469727,8.470000267028809,8.760000228881836,1816400,0.0,0.0
2021-11-17 00:00:00-05:00,8.680000305175781,8.880000114440918,8.569999694824219,8.829999923706055,1850200,0.0,0.0
2021-11-18 00:00:00-05:00,8.84000015258789,8.84000015258789,8.479999542236328,8.6899995803833,2035900,0.0,0.0
2021-11-19 00:00:00-05:00,8.649999618530273,8.6899995803833,8.5,8.65999984741211,1667500,0.0,0.0
2021-11-22 00:00:00-05:00,8.75,8.920000076293945,8.619999885559082,8.630000114440918,1427300,0.0,0.0
2021-11-23 00:00:00-05:00,8.579999923706055,8.65999984741211,8.239999771118164,8.390000343322754,3016600,0.0,0.0
2021-11-24 00:00:00-05:00,8.369999885559082,8.489999771118164,8.220000267028809,8.449999809265137,2082200,0.0,0.0
2021-11-26 00:00:00-05:00,8.199999809265137,8.460000038146973,8.079999923706055,8.15999984741211,1356700,0.0,0.0
2021-11-29 00:00:00-05:00,8.399999618530273,8.460000038146973,8.130000114440918,8.260000228881836,1228500,0.0,0.0
2021-11-30 00:00:00-05:00,8.180000305175781,8.260000228881836,7.889999866485596,8.130000114440918,2276500,0.0,0.0
2021-12-01 00:00:00-05:00,8.279999732971191,8.430000305175781,7.980000019073486,8.029999732971191,3473900,0.0,0.0
2021-12-02 00:00:00-05:00,8.010000228881836,8.170000076293945,7.820000171661377,8.069999694824219,3033600,0.0,0.0
2021-12-03 00:00:00-05:00,8.069999694824219,8.140000343322754,7.940000057220459,8.069999694824219,1702200,0.0,0.0
2021-12-06 00:00:00-05:00,7.96999979019165,8.149999618530273,7.829999923706055,8.050000190734863,1505800,0.0,0.0
2021-12-07 00:00:00-05:00,8.15999984741211,8.550000190734863,8.149999618530273,8.399999618530273,1375700,0.0,0.0
2021-12-08 00:00:00-05:00,8.40999984741211,8.529999732971191,8.289999961853027,8.430000305175781,1916500,0.0,0.0
2021-12-09 00:00:00-05:00,8.460000038146973,9.0,8.449999809265137,8.869999885559082,5988300,0.0,0.0
2021-12-10 00:00:00-05:00,8.84000015258789,9.199999809265137,8.75,9.09000015258789,2637600,0.0,0.0
2021-12-13 00:00:00-05:00,9.0600004196167,9.260000228881836,8.920000076293945,8.920000076293945,2097500,0.0,0.0
2021-12-14 00:00:00-05:00,8.829999923706055,8.9399995803833,8.710000038146973,8.899999618530273,2027200,0.0,0.0
2021-12-15 00:00:00-05:00,8.850000381469727,9.15999984741211,8.739999771118164,9.15999984741211,1685200,0.0,0.0
2021-12-16 00:00:00-05:00,9.239999771118164,9.4399995803833,9.010000228881836,9.0600004196167,2817000,0.0,0.0
2021-12-17 00:00:00-05:00,8.920000076293945,9.399999618530273,8.859999656677246,9.289999961853027,4034300,0.0,0.0
2021-12-20 00:00:00-05:00,9.0600004196167,9.270000457763672,9.0600004196167,9.25,1479000,0.0,0.0
2021-12-21 00:00:00-05:00,9.390000343322754,9.390000343322754,9.149999618530273,9.289999961853027,1233300,0.0,0.0
2021-12-22 00:00:00-05:00,9.279999732971191,9.449999809265137,9.229999542236328,9.430000305175781,1121200,0.0,0.0
2021-12-23 00:00:00-05:00,9.40999984741211,9.640000343322754,9.319999694824219,9.550000190734863,977900,0.0,0.0
2021-12-27 00:00:00-05:00,9.640000343322754,9.850000381469727,9.550000190734863,9.829999923706055,1009100,0.0,0.0
2021-12-28 00:00:00-05:00,9.819999694824219,9.819999694824219,9.640000343322754,9.699999809265137,880200,0.0,0.0
2021-12-29 00:00:00-05:00,9.710000038146973,9.859999656677246,9.680000305175781,9.760000228881836,829000,0.0,0.0
2021-12-30 00:00:00-05:00,9.739999771118164,9.829999923706055,9.59000015258789,9.609999656677246,1978500,0.0,0.0
2021-12-31 00:00:00-05:00,9.609999656677246,9.850000381469727,9.550000190734863,9.59000015258789,1103000,0.0,0.0
2022-01-03 00:00:00-05:00,9.59000015258789,9.75,9.470000267028809,9.600000381469727,2338800,0.0,0.0
2022-01-04 00:00:00-05:00,9.609999656677246,9.779999732971191,9.5600004196167,9.720000267028809,1295100,0.0,0.0
2022-01-05 00:00:00-05:00,9.699999809265137,9.729999542236328,9.319999694824219,9.399999618530273,2625200,0.0,0.0
2022-01-06 00:00:00-05:00,9.289999961853027,9.520000457763672,9.210000038146973,9.279999732971191,1455300,0.0,0.0
2022-01-07 00:00:00-05:00,9.270000457763672,9.369999885559082,8.960000038146973,9.079999923706055,1675200,0.0,0.0
2022-01-10 00:00:00-05:00,9.069999694824219,9.170000076293945,8.949999809265137,9.170000076293945,1862800,0.0,0.0
2022-01-11 00:00:00-05:00,9.210000038146973,9.3100004196167,9.010000228881836,9.300000190734863,2598700,0.0,0.0
2022-01-12 00:00:00-05:00,9.34000015258789,9.539999961853027,9.220000267028809,9.239999771118164,1143400,0.0,0.0
2022-01-13 00:00:00-05:00,9.239999771118164,9.390000343322754,9.100000381469727,9.130000114440918,1180200,0.0,0.0
2022-01-14 00:00:00-05:00,9.039999961853027,9.140000343322754,8.890000343322754,9.029999732971191,878600,0.0,0.0
2022-01-18 00:00:00-05:00,8.890000343322754,9.0,8.739999771118164,8.75,2010000,0.0,0.0
2022-01-19 00:00:00-05:00,8.760000228881836,8.829999923706055,8.420000076293945,8.460000038146973,2271300,0.0,0.0
2022-01-20 00:00:00-05:00,8.479999542236328,8.539999961853027,8.25,8.25,1811100,0.0,0.0
2022-01-21 00:00:00-05:00,8.069999694824219,8.220000267028809,7.880000114440918,7.949999809265137,2601100,0.0,0.0
2022-01-24 00:00:00-05:00,8.029999732971191,8.619999885559082,7.960000038146973,8.579999923706055,4274300,0.0,0.0
2022-01-25 00:00:00-05:00,8.460000038146973,8.529999732971191,8.199999809265137,8.3100004196167,2907000,0.0,0.0
2022-01-26 00:00:00-05:00,8.359999656677246,8.59000015258789,8.15999984741211,8.260000228881836,2455900,0.0,0.0
2022-01-27 00:00:00-05:00,8.3100004196167,8.399999618530273,7.869999885559082,7.929999828338623,4220000,0.0,0.0
2022-01-28 00:00:00-05:00,7.880000114440918,8.109999656677246,7.570000171661377,7.940000057220459,2862200,0.0,0.0
2022-01-31 00:00:00-05:00,7.960000038146973,8.420000076293945,7.889999866485596,8.420000076293945,2358400,0.0,0.0
2022-02-01 00:00:00-05:00,8.390000343322754,8.449999809265137,8.239999771118164,8.399999618530273,2177600,0.0,0.0
2022-02-02 00:00:00-05:00,8.390000343322754,8.4399995803833,8.0600004196167,8.270000457763672,2026800,0.0,0.0
2022-02-03 00:00:00-05:00,8.100000381469727,8.260000228881836,7.989999771118164,8.010000228881836,1995900,0.0,0.0
2022-02-04 00:00:00-05:00,7.96999979019165,8.34000015258789,7.949999809265137,8.279999732971191,2476000,0.0,0.0
2022-02-07 00:00:00-05:00,8.34000015258789,8.390000343322754,8.220000267028809,8.25,1685300,0.0,0.0
2022-02-08 00:00:00-05:00,8.270000457763672,8.4399995803833,8.029999732971191,8.40999984741211,1240200,0.0,0.0
2022-02-09 00:00:00-05:00,8.520000457763672,8.600000381469727,8.399999618530273,8.569999694824219,1114700,0.0,0.0
2022-02-10 00:00:00-05:00,8.359999656677246,8.680000305175781,8.329999923706055,8.40999984741211,3220300,0.0,0.0
2022-02-11 00:00:00-05:00,8.430000305175781,8.430000305175781,7.949999809265137,8.069999694824219,2443100,0.0,0.0
2022-02-14 00:00:00-05:00,8.020000457763672,8.149999618530273,7.940000057220459,8.020000457763672,2136200,0.0,0.0
2022-02-15 00:00:00-05:00,8.140000343322754,8.489999771118164,8.140000343322754,8.470000267028809,1870900,0.0,0.0
2022-02-16 00:00:00-05:00,8.350000381469727,8.600000381469727,8.350000381469727,8.489999771118164,2937000,0.0,0.0
2022-02-17 00:00:00-05:00,8.850000381469727,8.970000267028809,8.210000038146973,8.720000267028809,3905000,0.0,0.0
2022-02-18 00:00:00-05:00,8.65999984741211,9.239999771118164,8.59000015258789,9.050000190734863,3433600,0.0,0.0
2022-02-22 00:00:00-05:00,8.850000381469727,9.239999771118164,8.850000381469727,9.079999923706055,2772000,0.0,0.0
2022-02-23 00:00:00-05:00,9.119999885559082,9.25,8.890000343322754,9.010000228881836,2372800,0.0,0.0
2022-02-24 00:00:00-05:00,8.649999618530273,9.149999618530273,8.579999923706055,9.119999885559082,3403800,0.0,0.0
2022-02-25 00:00:00-05:00,9.180000305175781,9.1899995803833,8.970000267028809,9.170000076293945,2145500,0.0,0.0
2022-02-28 00:00:00-05:00,9.069999694824219,9.25,9.050000190734863,9.229999542236328,2408500,0.0,0.0
2022-03-01 00:00:00-05:00,9.170000076293945,9.1899995803833,8.899999618530273,8.970000267028809,2195000,0.0,0.0
2022-03-02 00:00:00-05:00,8.979999542236328,9.199999809265137,8.970000267028809,9.140000343322754,1296400,0.0,0.0
2022-03-03 00:00:00-05:00,9.149999618530273,9.210000038146973,8.930000305175781,9.100000381469727,1195000,0.0,0.0
2022-03-04 00:00:00-05:00,8.970000267028809,9.029999732971191,8.15999984741211,8.4399995803833,4002000,0.0,0.0
2022-03-07 00:00:00-05:00,8.289999961853027,8.359999656677246,7.809999942779541,7.860000133514404,3098200,0.0,0.0
2022-03-08 00:00:00-05:00,7.820000171661377,7.849999904632568,7.46999979019165,7.590000152587891,3095500,0.0,0.0
2022-03-09 00:00:00-05:00,7.760000228881836,8.199999809265137,7.75,8.109999656677246,2308300,0.0,0.0
2022-03-10 00:00:00-05:00,7.949999809265137,8.25,7.929999828338623,8.1899995803833,1742400,0.0,0.0
2022-03-11 00:00:00-05:00,8.289999961853027,8.449999809265137,8.020000457763672,8.029999732971191,2397200,0.0,0.0
2022-03-14 00:00:00-04:00,8.0600004196167,8.210000038146973,7.739999771118164,7.769999980926514,1915200,0.0,0.0
2022-03-15 00:00:00-04:00,7.800000190734863,8.020000457763672,7.769999980926514,7.929999828338623,1334000,0.0,0.0
2022-03-16 00:00:00-04:00,8.010000228881836,8.239999771118164,7.989999771118164,8.199999809265137,1689300,0.0,0.0
2022-03-17 00:00:00-04:00,8.130000114440918,8.5,8.130000114440918,8.470000267028809,1883600,0.0,0.0
2022-03-18 00:00:00-04:00,8.489999771118164,8.739999771118164,8.430000305175781,8.550000190734863,2019500,0.0,0.0
2022-03-21 00:00:00-04:00,8.529999732971191,8.59000015258789,8.3100004196167,8.380000114440918,1239100,0.0,0.0
2022-03-22 00:00:00-04:00,8.380000114440918,8.579999923706055,8.380000114440918,8.489999771118164,1045500,0.0,0.0
2022-03-23 00:00:00-04:00,8.399999618530273,8.460000038146973,8.220000267028809,8.220000267028809,1714100,0.0,0.0
2022-03-24 00:00:00-04:00,8.479999542236328,8.8100004196167,8.40999984741211,8.579999923706055,3590100,0.0,0.0
2022-03-25 00:00:00-04:00,8.770000457763672,8.770000457763672,8.510000228881836,8.699999809265137,2702200,0.0,0.0
2022-03-28 00:00:00-04:00,8.65999984741211,8.729999542236328,8.550000190734863,8.670000076293945,1575000,0.0,0.0
2022-03-29 00:00:00-04:00,8.760000228881836,8.90999984741211,8.680000305175781,8.859999656677246,2430900,0.0,0.0
2022-03-30 00:00:00-04:00,9.0,9.010000228881836,8.600000381469727,8.670000076293945,1798200,0.0,0.0
2022-03-31 00:00:00-04:00,8.640000343322754,8.819999694824219,8.59000015258789,8.670000076293945,1536000,0.0,0.0
2022-04-01 00:00:00-04:00,8.680000305175781,8.869999885559082,8.550000190734863,8.819999694824219,1976000,0.0,0.0
2022-04-04 00:00:00-04:00,8.829999923706055,8.949999809265137,8.770000457763672,8.930000305175781,2175800,0.0,0.0
2022-04-05 00:00:00-04:00,8.890000343322754,8.970000267028809,8.619999885559082,8.760000228881836,1433900,0.0,0.0
2022-04-06 00:00:00-04:00,8.630000114440918,8.630000114440918,7.920000076293945,8.09000015258789,3906200,0.0,0.0
2022-04-07 00:00:00-04:00,8.050000190734863,8.15999984741211,7.860000133514404,8.119999885559082,3109300,0.0,0.0
2022-04-08 00:00:00-04:00,8.039999961853027,8.069999694824219,7.75,7.840000152587891,1937700,0.0,0.0
2022-04-11 00:00:00-04:00,7.760000228881836,7.860000133514404,7.639999866485596,7.679999828338623,1939300,0.0,0.0
2022-04-12 00:00:00-04:00,7.769999980926514,7.940000057220459,7.630000114440918,7.690000057220459,1155400,0.0,0.0
2022-04-13 00:00:00-04:00,7.679999828338623,7.900000095367432,7.670000076293945,7.880000114440918,1369800,0.0,0.0
2022-04-14 00:00:00-04:00,7.929999828338623,7.949999809265137,7.630000114440918,7.630000114440918,1339900,0.0,0.0
2022-04-18 00:00:00-04:00,7.630000114440918,7.699999809265137,7.550000190734863,7.610000133514404,1264100,0.0,0.0
2022-04-19 00:00:00-04:00,7.610000133514404,7.800000190734863,7.579999923706055,7.760000228881836,1038200,0.0,0.0
2022-04-20 00:00:00-04:00,7.860000133514404,7.96999979019165,7.769999980926514,7.78000020980835,830400,0.0,0.0
2022-04-21 00:00:00-04:00,7.920000076293945,7.989999771118164,7.670000076293945,7.699999809265137,1475600,0.0,0.0
2022-04-22 00:00:00-04:00,7.690000057220459,7.789999961853027,7.570000171661377,7.71999979019165,2123100,0.0,0.0
2022-04-25 00:00:00-04:00,7.710000038146973,8.109999656677246,7.690000057220459,8.100000381469727,2995700,0.0,0.0
2022-04-26 00:00:00-04:00,8.010000228881836,8.119999885559082,7.730000019073486,7.730000019073486,1749900,0.0,0.0
2022-04-27 00:00:00-04:00,7.699999809265137,7.809999942779541,7.559999942779541,7.699999809265137,1940300,0.0,0.0
2022-04-28 00:00:00-04:00,7.789999961853027,8.0600004196167,7.610000133514404,7.909999847412109,1681100,0.0,0.0
2022-04-29 00:00:00-04:00,7.849999904632568,7.980000019073486,7.630000114440918,7.690000057220459,1437000,0.0,0.0
2022-05-02 00:00:00-04:00,7.690000057220459,7.949999809265137,7.690000057220459,7.940000057220459,1556800,0.0,0.0
2022-05-03 00:00:00-04:00,7.880000114440918,8.010000228881836,7.78000020980835,7.889999866485596,2152400,0.0,0.0
2022-05-04 00:00:00-04:00,6.880000114440918,6.940000057220459,6.329999923706055,6.739999771118164,12534900,0.0,0.0
2022-05-05 00:00:00-04:00,6.579999923706055,6.739999771118164,6.309999942779541,6.329999923706055,4227900,0.0,0.0
2022-05-06 00:00:00-04:00,6.059999942779541,6.260000228881836,5.829999923706055,5.920000076293945,4405100,0.0,0.0
2022-05-09 00:00:00-04:00,5.880000114440918,6.119999885559082,5.699999809265137,5.739999771118164,3382600,0.0,0.0
2022-05-10 00:00:00-04:00,5.840000152587891,5.929999828338623,5.539999961853027,5.690000057220459,1730200,0.0,0.0
2022-05-11 00:00:00-04:00,5.650000095367432,5.829999923706055,5.550000190734863,5.570000171661377,2291000,0.0,0.0
2022-05-12 00:00:00-04:00,5.440000057220459,5.699999809265137,5.440000057220459,5.619999885559082,2323700,0.0,0.0
2022-05-13 00:00:00-04:00,5.730000019073486,5.960000038146973,5.690000057220459,5.949999809265137,2789700,0.0,0.0
2022-05-16 00:00:00-04:00,5.889999866485596,6.019999980926514,5.730000019073486,5.75,1604400,0.0,0.0
2022-05-17 00:00:00-04:00,5.840000152587891,5.960000038146973,5.820000171661377,5.949999809265137,1395600,0.0,0.0
2022-05-18 00:00:00-04:00,5.809999942779541,5.989999771118164,5.760000228881836,5.78000020980835,1830300,0.0,0.0
2022-05-19 00:00:00-04:00,5.610000133514404,5.769999980926514,5.480000019073486,5.670000076293945,2842500,0.0,0.0
2022-05-20 00:00:00-04:00,5.900000095367432,5.900000095367432,5.5,5.599999904632568,2866700,0.0,0.0
2022-05-23 00:00:00-04:00,5.599999904632568,5.690000057220459,5.519999980926514,5.599999904632568,1454000,0.0,0.0
2022-05-24 00:00:00-04:00,5.510000228881836,5.559999942779541,5.28000020980835,5.309999942779541,1668000,0.0,0.0
2022-05-25 00:00:00-04:00,5.289999961853027,5.389999866485596,5.239999771118164,5.369999885559082,1863000,0.0,0.0
2022-05-26 00:00:00-04:00,5.349999904632568,5.650000095367432,5.349999904632568,5.599999904632568,1998600,0.0,0.0
2022-05-27 00:00:00-04:00,5.670000076293945,5.860000133514404,5.619999885559082,5.840000152587891,3361400,0.0,0.0
2022-05-31 00:00:00-04:00,5.789999961853027,5.829999923706055,5.670000076293945,5.730000019073486,2105000,0.0,0.0
2022-06-01 00:00:00-04:00,5.75,5.809999942779541,5.570000171661377,5.659999847412109,1533000,0.0,0.0
2022-06-02 00:00:00-04:00,5.599999904632568,6.010000228881836,5.590000152587891,5.96999979019165,2028300,0.0,0.0
2022-06-03 00:00:00-04:00,5.920000076293945,5.920000076293945,5.670000076293945,5.730000019073486,1190900,0.0,0.0
2022-06-06 00:00:00-04:00,5.730000019073486,5.920000076293945,5.630000114440918,5.690000057220459,1442400,0.0,0.0
2022-06-07 00:00:00-04:00,5.639999866485596,5.78000020980835,5.579999923706055,5.710000038146973,882100,0.0,0.0
2022-06-08 00:00:00-04:00,5.690000057220459,5.789999961853027,5.519999980926514,5.739999771118164,1234200,0.0,0.0
2022-06-09 00:00:00-04:00,5.690000057220459,5.769999980926514,5.53000020980835,5.539999961853027,1166400,0.0,0.0
2022-06-10 00:00:00-04:00,5.429999828338623,5.510000228881836,5.199999809265137,5.21999979019165,2461000,0.0,0.0
2022-06-13 00:00:00-04:00,5.019999980926514,5.179999828338623,4.869999885559082,4.900000095367432,1943300,0.0,0.0
2022-06-14 00:00:00-04:00,5.0,5.0,4.800000190734863,4.889999866485596,1779300,0.0,0.0
2022-06-15 00:00:00-04:00,4.900000095367432,5.099999904632568,4.849999904632568,5.0,2152500,0.0,0.0
2022-06-16 00:00:00-04:00,4.880000114440918,4.929999828338623,4.670000076293945,4.71999979019165,3301100,0.0,0.0
2022-06-17 00:00:00-04:00,4.760000228881836,5.0,4.75,4.860000133514404,3646300,0.0,0.0
2022-06-21 00:00:00-04:00,4.909999847412109,5.099999904632568,4.860000133514404,5.039999961853027,1310500,0.0,0.0
2022-06-22 00:00:00-04:00,4.960000038146973,5.170000076293945,4.940000057220459,5.070000171661377,2033600,0.0,0.0
2022-06-23 00:00:00-04:00,5.110000133514404,5.300000190734863,5.039999961853027,5.300000190734863,1376100,0.0,0.0
2022-06-24 00:00:00-04:00,5.360000133514404,5.5,5.289999961853027,5.300000190734863,3686500,0.0,0.0
2022-06-27 00:00:00-04:00,5.360000133514404,5.53000020980835,5.329999923706055,5.46999979019165,1822300,0.0,0.0
2022-06-28 00:00:00-04:00,5.519999980926514,5.650000095367432,5.460000038146973,5.46999979019165,4418600,0.0,0.0
2022-06-29 00:00:00-04:00,5.420000076293945,5.46999979019165,5.260000228881836,5.400000095367432,1273400,0.0,0.0
2022-06-30 00:00:00-04:00,5.269999980926514,5.409999847412109,5.210000038146973,5.360000133514404,1248100,0.0,0.0
2022-07-01 00:00:00-04:00,5.340000152587891,5.440000057220459,5.300000190734863,5.429999828338623,1620900,0.0,0.0
2022-07-05 00:00:00-04:00,5.320000171661377,5.510000228881836,5.199999809265137,5.5,1255100,0.0,0.0
2022-07-06 00:00:00-04:00,5.260000228881836,5.610000133514404,5.239999771118164,5.460000038146973,2348000,0.0,0.0
2022-07-07 00:00:00-04:00,5.510000228881836,5.78000020980835,5.46999979019165,5.78000020980835,1097500,0.0,0.0
2022-07-08 00:00:00-04:00,5.78000020980835,5.840000152587891,5.710000038146973,5.769999980926514,1183700,0.0,0.0
2022-07-11 00:00:00-04:00,5.710000038146973,5.809999942779541,5.579999923706055,5.630000114440918,829000,0.0,0.0
2022-07-12 00:00:00-04:00,5.610000133514404,5.699999809265137,5.570000171661377,5.659999847412109,1036100,0.0,0.0
2022-07-13 00:00:00-04:00,5.559999942779541,5.599999904632568,5.460000038146973,5.570000171661377,1046700,0.0,0.0
2022-07-14 00:00:00-04:00,5.460000038146973,5.730000019073486,5.460000038146973,5.710000038146973,932600,0.0,0.0
2022-07-15 00:00:00-04:00,5.809999942779541,5.880000114440918,5.619999885559082,5.840000152587891,1142000,0.0,0.0
2022-07-18 00:00:00-04:00,5.889999866485596,5.909999847412109,5.639999866485596,5.679999828338623,1380200,0.0,0.0
2022-07-19 00:00:00-04:00,5.739999771118164,6.019999980926514,5.710000038146973,6.0,1743500,0.0,0.0
2022-07-20 00:00:00-04:00,6.0,6.199999809265137,5.929999828338623,6.150000095367432,1320700,0.0,0.0
2022-07-21 00:00:00-04:00,6.150000095367432,6.329999923706055,6.119999885559082,6.329999923706055,1299500,0.0,0.0
2022-07-22 00:00:00-04:00,6.349999904632568,6.349999904632568,6.099999904632568,6.190000057220459,1293100,0.0,0.0
2022-07-25 00:00:00-04:00,6.179999828338623,6.21999979019165,6.019999980926514,6.199999809265137,1139700,0.0,0.0
2022-07-26 00:00:00-04:00,6.170000076293945,6.21999979019165,6.039999961853027,6.099999904632568,880400,0.0,0.0
2022-07-27 00:00:00-04:00,6.190000057220459,6.269999980926514,6.150000095367432,6.260000228881836,1452500,0.0,0.0
2022-07-28 00:00:00-04:00,6.309999942779541,6.460000038146973,6.199999809265137,6.309999942779541,2162100,0.0,0.0
2022-07-29 00:00:00-04:00,6.380000114440918,6.590000152587891,5.840000152587891,6.550000190734863,3367600,0.0,0.0
2022-08-01 00:00:00-04:00,6.440000057220459,6.519999980926514,6.300000190734863,6.360000133514404,1653800,0.0,0.0
2022-08-02 00:00:00-04:00,6.329999923706055,6.579999923706055,6.28000020980835,6.480000019073486,1296300,0.0,0.0
2022-08-03 00:00:00-04:00,5.599999904632568,5.659999847412109,4.96999979019165,5.130000114440918,24395300,0.0,0.0
2022-08-04 00:00:00-04:00,5.130000114440918,5.28000020980835,4.929999828338623,5.099999904632568,25602300,0.0,0.0
2022-08-05 00:00:00-04:00,5.03000020980835,5.139999866485596,4.960000038146973,5.039999961853027,8183200,0.0,0.0
2022-08-08 00:00:00-04:00,5.039999961853027,5.349999904632568,4.960000038146973,5.010000228881836,4631300,0.0,0.0
2022-08-09 00:00:00-04:00,5.079999923706055,5.190000057220459,5.0,5.170000076293945,5118700,0.0,0.0
2022-08-10 00:00:00-04:00,5.25,5.429999828338623,5.210000038146973,5.420000076293945,4862900,0.0,0.0
2022-08-11 00:00:00-04:00,5.46999979019165,5.550000190734863,5.300000190734863,5.349999904632568,3208400,0.0,0.0
2022-08-12 00:00:00-04:00,5.389999866485596,5.650000095367432,5.369999885559082,5.630000114440918,2455800,0.0,0.0
2022-08-15 00:00:00-04:00,5.579999923706055,5.739999771118164,5.510000228881836,5.630000114440918,5715700,0.0,0.0
2022-08-16 00:00:00-04:00,5.519999980926514,5.800000190734863,5.519999980926514,5.789999961853027,1885800,0.0,0.0
2022-08-17 00:00:00-04:00,5.699999809265137,5.710000038146973,5.489999771118164,5.619999885559082,1388400,0.0,0.0
2022-08-18 00:00:00-04:00,5.650000095367432,5.769999980926514,5.650000095367432,5.75,2588600,0.0,0.0
2022-08-19 00:00:00-04:00,5.610000133514404,5.690000057220459,5.489999771118164,5.590000152587891,2112000,0.0,0.0
2022-08-22 00:00:00-04:00,5.5,5.71999979019165,5.440000057220459,5.519999980926514,1839000,0.0,0.0
2022-08-23 00:00:00-04:00,5.510000228881836,5.690000057220459,5.440000057220459,5.460000038146973,958400,0.0,0.0
2022-08-24 00:00:00-04:00,5.449999809265137,5.610000133514404,5.440000057220459,5.579999923706055,1273000,0.0,0.0
2022-08-25 00:00:00-04:00,5.590000152587891,5.96999979019165,5.590000152587891,5.960000038146973,4177400,0.0,0.0
2022-08-26 00:00:00-04:00,5.960000038146973,6.0,5.769999980926514,5.78000020980835,2021200,0.0,0.0
2022-08-29 00:00:00-04:00,5.710000038146973,5.809999942779541,5.670000076293945,5.679999828338623,4555600,0.0,0.0
2022-08-30 00:00:00-04:00,5.760000228881836,5.840000152587891,5.659999847412109,5.710000038146973,3030900,0.0,0.0
2022-08-31 00:00:00-04:00,5.789999961853027,5.809999942779541,5.449999809265137,5.480000019073486,2717800,0.0,0.0
2022-09-01 00:00:00-04:00,5.369999885559082,5.420000076293945,5.099999904632568,5.110000133514404,3061800,0.0,0.0
2022-09-02 00:00:00-04:00,5.179999828338623,5.25,5.0,5.039999961853027,1670100,0.0,0.0
2022-09-06 00:00:00-04:00,5.010000228881836,5.070000171661377,4.840000152587891,4.900000095367432,2200100,0.0,0.0
2022-09-07 00:00:00-04:00,4.880000114440918,5.090000152587891,4.829999923706055,5.039999961853027,1634500,0.0,0.0
2022-09-08 00:00:00-04:00,4.980000019073486,5.150000095367432,4.880000114440918,5.130000114440918,1664100,0.0,0.0
2022-09-09 00:00:00-04:00,5.21999979019165,5.340000152587891,5.170000076293945,5.329999923706055,1858000,0.0,0.0
2022-09-12 00:00:00-04:00,5.360000133514404,5.570000171661377,5.360000133514404,5.559999942779541,2405300,0.0,0.0
2022-09-13 00:00:00-04:00,5.360000133514404,5.400000095367432,5.090000152587891,5.090000152587891,1675400,0.0,0.0
2022-09-14 00:00:00-04:00,5.090000152587891,5.289999961853027,5.019999980926514,5.289999961853027,1969800,0.0,0.0
2022-09-15 00:00:00-04:00,5.230000019073486,5.269999980926514,4.96999979019165,5.019999980926514,2359600,0.0,0.0
2022-09-16 00:00:00-04:00,4.929999828338623,4.980000019073486,4.849999904632568,4.940000057220459,3714300,0.0,0.0
2022-09-19 00:00:00-04:00,4.849999904632568,4.96999979019165,4.840000152587891,4.940000057220459,1902300,0.0,0.0
2022-09-20 00:00:00-04:00,4.880000114440918,4.889999866485596,4.71999979019165,4.800000190734863,1337200,0.0,0.0
2022-09-21 00:00:00-04:00,4.789999961853027,4.989999771118164,4.78000020980835,4.78000020980835,2451100,0.0,0.0
2022-09-22 00:00:00-04:00,4.760000228881836,4.820000171661377,4.610000133514404,4.78000020980835,2295900,0.0,0.0
2022-09-23 00:00:00-04:00,4.710000038146973,4.710000038146973,4.510000228881836,4.579999923706055,2779500,0.0,0.0
2022-09-26 00:00:00-04:00,4.539999961853027,4.920000076293945,4.53000020980835,4.699999809265137,2091400,0.0,0.0
2022-09-27 00:00:00-04:00,4.769999980926514,4.909999847412109,4.650000095367432,4.769999980926514,1656900,0.0,0.0
2022-09-28 00:00:00-04:00,4.78000020980835,5.03000020980835,4.699999809265137,5.0,1867600,0.0,0.0
2022-09-29 00:00:00-04:00,4.920000076293945,4.929999828338623,4.679999828338623,4.829999923706055,1799800,0.0,0.0
2022-09-30 00:00:00-04:00,4.829999923706055,5.0,4.809999942779541,4.840000152587891,3002100,0.0,0.0
2022-10-03 00:00:00-04:00,4.960000038146973,5.130000114440918,4.909999847412109,5.039999961853027,3009700,0.0,0.0
2022-10-04 00:00:00-04:00,5.179999828338623,5.460000038146973,5.150000095367432,5.400000095367432,2791800,0.0,0.0
2022-10-05 00:00:00-04:00,5.320000171661377,5.420000076293945,5.170000076293945,5.400000095367432,1460200,0.0,0.0
2022-10-06 00:00:00-04:00,5.360000133514404,5.440000057220459,5.25,5.340000152587891,1535700,0.0,0.0
2022-10-07 00:00:00-04:00,5.21999979019165,5.239999771118164,4.900000095367432,4.960000038146973,2217600,0.0,0.0
2022-10-10 00:00:00-04:00,4.989999771118164,4.989999771118164,4.71999979019165,4.829999923706055,1427700,0.0,0.0
2022-10-11 00:00:00-04:00,4.739999771118164,4.75,4.369999885559082,4.389999866485596,2341700,0.0,0.0
2022-10-12 00:00:00-04:00,4.380000114440918,4.510000228881836,4.260000228881836,4.46999979019165,2383500,0.0,0.0
2022-10-13 00:00:00-04:00,4.349999904632568,4.570000171661377,4.260000228881836,4.519999980926514,2698500,0.0,0.0
2022-10-14 00:00:00-04:00,4.619999885559082,4.619999885559082,4.440000057220459,4.489999771118164,1933900,0.0,0.0
2022-10-17 00:00:00-04:00,4.519999980926514,4.860000133514404,4.510000228881836,4.840000152587891,2019300,0.0,0.0
2022-10-18 00:00:00-04:00,4.940000057220459,5.019999980926514,4.78000020980835,4.880000114440918,1253300,0.0,0.0
2022-10-19 00:00:00-04:00,4.900000095367432,4.920000076293945,4.730000019073486,4.809999942779541,816300,0.0,0.0
2022-10-20 00:00:00-04:00,4.789999961853027,4.929999828338623,4.690000057220459,4.710000038146973,1245000,0.0,0.0
2022-10-21 00:00:00-04:00,4.71999979019165,4.980000019073486,4.659999847412109,4.940000057220459,2158400,0.0,0.0
2022-10-24 00:00:00-04:00,4.960000038146973,4.989999771118164,4.820000171661377,4.929999828338623,1192300,0.0,0.0
2022-10-25 00:00:00-04:00,4.960000038146973,5.510000228881836,4.929999828338623,5.489999771118164,3177100,0.0,0.0
2022-10-26 00:00:00-04:00,5.449999809265137,5.579999923706055,5.329999923706055,5.5,2558500,0.0,0.0
2022-10-27 00:00:00-04:00,5.559999942779541,5.699999809265137,5.53000020980835,5.599999904632568,1570000,0.0,0.0
2022-10-28 00:00:00-04:00,5.699999809265137,5.760000228881836,5.639999866485596,5.710000038146973,1837800,0.0,0.0
2022-10-31 00:00:00-04:00,5.670000076293945,5.739999771118164,5.599999904632568,5.610000133514404,2119200,0.0,0.0
2022-11-01 00:00:00-04:00,5.699999809265137,5.809999942779541,5.639999866485596,5.710000038146973,1799900,0.0,0.0
2022-11-02 00:00:00-04:00,5.679999828338623,5.679999828338623,5.230000019073486,5.230000019073486,1970000,0.0,0.0
2022-11-03 00:00:00-04:00,5.840000152587891,6.329999923706055,5.710000038146973,6.25,7679800,0.0,0.0
2022-11-04 00:00:00-04:00,6.389999866485596,6.5,6.150000095367432,6.400000095367432,5764700,0.0,0.0
2022-11-07 00:00:00-05:00,6.289999961853027,6.619999885559082,6.230000019073486,6.599999904632568,3479000,0.0,0.0
2022-11-08 00:00:00-05:00,6.639999866485596,6.730000019073486,6.369999885559082,6.650000095367432,4162800,0.0,0.0
2022-11-09 00:00:00-05:00,6.53000020980835,6.53000020980835,6.179999828338623,6.320000171661377,3310300,0.0,0.0
2022-11-10 00:00:00-05:00,6.670000076293945,6.710000038146973,6.420000076293945,6.670000076293945,3940100,0.0,0.0
2022-11-11 00:00:00-05:00,6.730000019073486,7.0,6.639999866485596,6.900000095367432,2963600,0.0,0.0
2022-11-14 00:00:00-05:00,6.860000133514404,6.900000095367432,6.519999980926514,6.53000020980835,2816400,0.0,0.0
2022-11-15 00:00:00-05:00,6.590000152587891,6.889999866485596,6.590000152587891,6.809999942779541,1185200,0.0,0.0
2022-11-16 00:00:00-05:00,6.690000057220459,6.699999809265137,6.489999771118164,6.53000020980835,1642400,0.0,0.0
2022-11-17 00:00:00-05:00,6.429999828338623,6.519999980926514,6.329999923706055,6.429999828338623,1706100,0.0,0.0
2022-11-18 00:00:00-05:00,6.570000171661377,6.659999847412109,6.429999828338623,6.46999979019165,1526500,0.0,0.0
2022-11-21 00:00:00-05:00,6.46999979019165,6.550000190734863,6.369999885559082,6.510000228881836,1278600,0.0,0.0
2022-11-22 00:00:00-05:00,6.53000020980835,6.53000020980835,6.340000152587891,6.389999866485596,846700,0.0,0.0
2022-11-23 00:00:00-05:00,6.400000095367432,6.539999961853027,6.380000114440918,6.429999828338623,665700,0.0,0.0
2022-11-25 00:00:00-05:00,6.400000095367432,6.590000152587891,6.400000095367432,6.5,418300,0.0,0.0
2022-11-28 00:00:00-05:00,6.409999847412109,6.510000228881836,6.309999942779541,6.369999885559082,1631400,0.0,0.0
2022-11-29 00:00:00-05:00,6.400000095367432,6.510000228881836,6.329999923706055,6.46999979019165,929800,0.0,0.0
2022-11-30 00:00:00-05:00,6.519999980926514,6.789999961853027,6.389999866485596,6.75,2678000,0.0,0.0
2022-12-01 00:00:00-05:00,6.760000228881836,6.849999904632568,6.650000095367432,6.739999771118164,1143000,0.0,0.0
2022-12-02 00:00:00-05:00,6.610000133514404,6.760000228881836,6.5,6.71999979019165,988800,0.0,0.0
2022-12-05 00:00:00-05:00,6.659999847412109,6.789999961853027,6.570000171661377,6.78000020980835,986300,0.0,0.0
2022-12-06 00:00:00-05:00,6.639999866485596,6.699999809265137,6.480000019073486,6.570000171661377,2003500,0.0,0.0
2022-12-07 00:00:00-05:00,6.550000190734863,6.610000133514404,6.369999885559082,6.389999866485596,1282400,0.0,0.0
2022-12-08 00:00:00-05:00,6.630000114440918,7.389999866485596,6.630000114440918,7.230000019073486,6339600,0.0,0.0
2022-12-09 00:00:00-05:00,7.239999771118164,7.239999771118164,6.920000076293945,6.929999828338623,2821500,0.0,0.0
2022-12-12 00:00:00-05:00,6.929999828338623,7.119999885559082,6.900000095367432,7.010000228881836,1752200,0.0,0.0
2022-12-13 00:00:00-05:00,7.380000114440918,7.380000114440918,6.920000076293945,7.0,1781600,0.0,0.0
2022-12-14 00:00:00-05:00,7.010000228881836,7.21999979019165,6.929999828338623,7.0,3859100,0.0,0.0
2022-12-15 00:00:00-05:00,6.869999885559082,6.929999828338623,6.699999809265137,6.739999771118164,1552200,0.0,0.0
2022-12-16 00:00:00-05:00,6.550000190734863,6.75,6.550000190734863,6.679999828338623,2811500,0.0,0.0
2022-12-19 00:00:00-05:00,6.690000057220459,6.75,6.300000190734863,6.409999847412109,4023600,0.0,0.0
2022-12-20 00:00:00-05:00,6.400000095367432,6.739999771118164,6.389999866485596,6.679999828338623,2098100,0.0,0.0
2022-12-21 00:00:00-05:00,6.71999979019165,6.849999904632568,6.690000057220459,6.739999771118164,1169000,0.0,0.0
2022-12-22 00:00:00-05:00,6.690000057220459,6.690000057220459,6.400000095367432,6.559999942779541,1310600,0.0,0.0
2022-12-23 00:00:00-05:00,6.539999961853027,6.619999885559082,6.429999828338623,6.510000228881836,1236900,0.0,0.0
2022-12-27 00:00:00-05:00,6.5,6.590000152587891,6.440000057220459,6.460000038146973,807100,0.0,0.0
2022-12-28 00:00:00-05:00,6.440000057220459,6.579999923706055,6.429999828338623,6.559999942779541,814800,0.0,0.0
2022-12-29 00:00:00-05:00,6.650000095367432,6.78000020980835,6.590000152587891,6.730000019073486,1063300,0.0,0.0
2022-12-30 00:00:00-05:00,6.650000095367432,6.789999961853027,6.650000095367432,6.739999771118164,1093700,0.0,0.0
2023-01-03 00:00:00-05:00,6.829999923706055,6.980000019073486,6.630000114440918,6.769999980926514,1001100,0.0,0.0
2023-01-04 00:00:00-05:00,6.869999885559082,6.96999979019165,6.690000057220459,6.820000171661377,2219800,0.0,0.0
2023-01-05 00:00:00-05:00,6.769999980926514,6.900000095367432,6.659999847412109,6.829999923706055,1840400,0.0,0.0
2023-01-06 00:00:00-05:00,6.699999809265137,7.010000228881836,6.699999809265137,7.010000228881836,1689700,0.0,0.0
2023-01-09 00:00:00-05:00,7.099999904632568,7.25,7.059999942779541,7.099999904632568,1862500,0.0,0.0
2023-01-10 00:00:00-05:00,7.050000190734863,7.179999828338623,7.019999980926514,7.099999904632568,1441100,0.0,0.0
2023-01-11 00:00:00-05:00,7.119999885559082,7.130000114440918,6.920000076293945,7.110000133514404,1540900,0.0,0.0
2023-01-12 00:00:00-05:00,7.170000076293945,7.170000076293945,6.96999979019165,6.989999771118164,1117400,0.0,0.0
2023-01-13 00:00:00-05:00,6.909999847412109,7.130000114440918,6.909999847412109,7.130000114440918,5454500,0.0,0.0
2023-01-17 00:00:00-05:00,7.059999942779541,7.420000076293945,7.059999942779541,7.389999866485596,2215900,0.0,0.0
2023-01-18 00:00:00-05:00,7.440000057220459,7.510000228881836,7.179999828338623,7.190000057220459,1716500,0.0,0.0
2023-01-19 00:00:00-05:00,7.099999904632568,7.260000228881836,7.010000228881836,7.170000076293945,1872500,0.0,0.0
2023-01-20 00:00:00-05:00,7.199999809265137,7.340000152587891,7.03000020980835,7.340000152587891,1488000,0.0,0.0
2023-01-23 00:00:00-05:00,7.360000133514404,7.769999980926514,7.360000133514404,7.769999980926514,2961600,0.0,0.0
2023-01-24 00:00:00-05:00,7.690000057220459,7.739999771118164,7.389999866485596,7.579999923706055,1740600,0.0,0.0
2023-01-25 00:00:00-05:00,7.5,7.559999942779541,7.369999885559082,7.46999979019165,1237700,0.0,0.0
2023-01-26 00:00:00-05:00,7.579999923706055,7.670000076293945,7.329999923706055,7.5,1294400,0.0,0.0
2023-01-27 00:00:00-05:00,7.480000019073486,7.53000020980835,7.300000190734863,7.460000038146973,1098900,0.0,0.0
2023-01-30 00:00:00-05:00,7.360000133514404,7.389999866485596,7.059999942779541,7.070000171661377,2194200,0.0,0.0
2023-01-31 00:00:00-05:00,7.070000171661377,7.380000114440918,6.980000019073486,7.320000171661377,3358600,0.0,0.0
2023-02-01 00:00:00-05:00,7.28000020980835,7.639999866485596,7.079999923706055,7.619999885559082,2234800,0.0,0.0
2023-02-02 00:00:00-05:00,7.730000019073486,7.739999771118164,7.489999771118164,7.559999942779541,3702100,0.0,0.0
2023-02-03 00:00:00-05:00,7.449999809265137,7.71999979019165,7.420000076293945,7.539999961853027,1694000,0.0,0.0
2023-02-06 00:00:00-05:00,7.420000076293945,7.570000171661377,7.420000076293945,7.519999980926514,2058600,0.0,0.0
2023-02-07 00:00:00-05:00,7.46999979019165,7.570000171661377,7.269999980926514,7.409999847412109,1405300,0.0,0.0
2023-02-08 00:00:00-05:00,7.360000133514404,7.429999828338623,7.289999961853027,7.380000114440918,1093400,0.0,0.0
2023-02-09 00:00:00-05:00,7.449999809265137,7.519999980926514,7.300000190734863,7.300000190734863,1594000,0.0,0.0
2023-02-10 00:00:00-05:00,7.25,7.329999923706055,7.150000095367432,7.190000057220459,1112400,0.0,0.0
2023-02-13 00:00:00-05:00,7.210000038146973,7.260000228881836,7.139999866485596,7.210000038146973,1327400,0.0,0.0
2023-02-14 00:00:00-05:00,7.150000095367432,7.25,7.059999942779541,7.159999847412109,2737000,0.0,0.0
2023-02-15 00:00:00-05:00,7.150000095367432,7.239999771118164,7.03000020980835,7.179999828338623,1334200,0.0,0.0
2023-02-16 00:00:00-05:00,7.010000228881836,7.420000076293945,6.96999979019165,7.329999923706055,2673900,0.0,0.0
2023-02-17 00:00:00-05:00,7.329999923706055,7.329999923706055,7.119999885559082,7.190000057220459,2848000,0.0,0.0
2023-02-21 00:00:00-05:00,7.099999904632568,7.159999847412109,6.929999828338623,6.949999809265137,2148600,0.0,0.0
2023-02-22 00:00:00-05:00,6.949999809265137,7.050000190734863,6.840000152587891,6.889999866485596,1931200,0.0,0.0
2023-02-23 00:00:00-05:00,7.0,7.25,7.0,7.210000038146973,4650400,0.0,0.0
2023-02-24 00:00:00-05:00,7.309999942779541,7.309999942779541,6.809999942779541,6.829999923706055,3788900,0.0,0.0
2023-02-27 00:00:00-05:00,6.849999904632568,7.170000076293945,6.769999980926514,6.989999771118164,2175600,0.0,0.0
2023-02-28 00:00:00-05:00,6.949999809265137,7.179999828338623,6.909999847412109,7.070000171661377,3520600,0.0,0.0
2023-03-01 00:00:00-05:00,7.079999923706055,7.199999809265137,7.050000190734863,7.059999942779541,2404900,0.0,0.0
2023-03-02 00:00:00-05:00,7.010000228881836,7.300000190734863,6.949999809265137,7.28000020980835,3274800,0.0,0.0
2023-03-03 00:00:00-05:00,7.420000076293945,7.559999942779541,7.289999961853027,7.329999923706055,3290000,0.0,0.0
2023-03-06 00:00:00-05:00,7.429999828338623,7.539999961853027,7.190000057220459,7.25,3766300,0.0,0.0
2023-03-07 00:00:00-05:00,7.21999979019165,7.239999771118164,6.840000152587891,6.840000152587891,4179600,0.0,0.0
2023-03-08 00:00:00-05:00,6.989999771118164,7.449999809265137,6.920000076293945,7.409999847412109,3526000,0.0,0.0
2023-03-09 00:00:00-05:00,7.420000076293945,7.5,7.329999923706055,7.380000114440918,2776000,0.0,0.0
2023-03-10 00:00:00-05:00,7.400000095367432,7.449999809265137,7.059999942779541,7.190000057220459,2603000,0.0,0.0
2023-03-13 00:00:00-04:00,7.050000190734863,7.110000133514404,6.699999809265137,6.849999904632568,3221600,0.0,0.0
2023-03-14 00:00:00-04:00,7.019999980926514,7.800000190734863,6.949999809265137,7.380000114440918,11082500,0.0,0.0
2023-03-15 00:00:00-04:00,7.269999980926514,7.539999961853027,7.130000114440918,7.360000133514404,4953200,0.0,0.0
2023-03-16 00:00:00-04:00,7.289999961853027,7.639999866485596,7.179999828338623,7.590000152587891,1933600,0.0,0.0
2023-03-17 00:00:00-04:00,7.53000020980835,7.619999885559082,7.369999885559082,7.389999866485596,2075800,0.0,0.0
2023-03-20 00:00:00-04:00,7.360000133514404,7.510000228881836,7.320000171661377,7.429999828338623,2046900,0.0,0.0
2023-03-21 00:00:00-04:00,7.570000171661377,7.590000152587891,7.400000095367432,7.460000038146973,2044000,0.0,0.0
2023-03-22 00:00:00-04:00,7.449999809265137,7.53000020980835,7.21999979019165,7.21999979019165,2917500,0.0,0.0
2023-03-23 00:00:00-04:00,7.300000190734863,7.420000076293945,7.110000133514404,7.190000057220459,1570600,0.0,0.0
2023-03-24 00:00:00-04:00,7.130000114440918,7.409999847412109,7.050000190734863,7.389999866485596,3069900,0.0,0.0
2023-03-27 00:00:00-04:00,7.440000057220459,7.510000228881836,7.320000171661377,7.5,3080400,0.0,0.0
2023-03-28 00:00:00-04:00,7.489999771118164,7.679999828338623,7.489999771118164,7.679999828338623,1933600,0.0,0.0
2023-03-29 00:00:00-04:00,7.739999771118164,7.739999771118164,7.559999942779541,7.599999904632568,2142600,0.0,0.0
2023-03-30 00:00:00-04:00,7.71999979019165,7.78000020980835,7.579999923706055,7.619999885559082,1811600,0.0,0.0
2023-03-31 00:00:00-04:00,7.619999885559082,7.800000190734863,7.550000190734863,7.760000228881836,2392900,0.0,0.0
2023-04-03 00:00:00-04:00,7.730000019073486,7.730000019073486,7.460000038146973,7.590000152587891,1716000,0.0,0.0
2023-04-04 00:00:00-04:00,7.599999904632568,7.619999885559082,7.460000038146973,7.510000228881836,1131500,0.0,0.0
2023-04-05 00:00:00-04:00,7.449999809265137,7.5,7.28000020980835,7.340000152587891,1711700,0.0,0.0
2023-04-06 00:00:00-04:00,6.949999809265137,7.369999885559082,6.949999809265137,7.309999942779541,1719600,0.0,0.0
2023-04-10 00:00:00-04:00,7.25,7.389999866485596,7.21999979019165,7.349999904632568,1327300,0.0,0.0
2023-04-11 00:00:00-04:00,7.349999904632568,7.349999904632568,7.039999961853027,7.050000190734863,2686400,0.0,0.0
2023-04-12 00:00:00-04:00,7.119999885559082,7.150000095367432,6.980000019073486,7.019999980926514,2132100,0.0,0.0
2023-04-13 00:00:00-04:00,7.079999923706055,7.079999923706055,6.960000038146973,7.0,1411900,0.0,0.0
2023-04-14 00:00:00-04:00,7.019999980926514,7.050000190734863,6.940000057220459,6.949999809265137,1266100,0.0,0.0
2023-04-17 00:00:00-04:00,6.900000095367432,6.949999809265137,6.820000171661377,6.829999923706055,1395700,0.0,0.0
2023-04-18 00:00:00-04:00,6.880000114440918,6.880000114440918,6.559999942779541,6.570000171661377,2317800,0.0,0.0
2023-04-19 00:00:00-04:00,6.5,6.539999961853027,6.349999904632568,6.480000019073486,3328000,0.0,0.0
2023-04-20 00:00:00-04:00,6.380000114440918,6.420000076293945,6.28000020980835,6.340000152587891,2647400,0.0,0.0
2023-04-21 00:00:00-04:00,6.329999923706055,6.360000133514404,6.25,6.28000020980835,1482300,0.0,0.0
2023-04-24 00:00:00-04:00,6.28000020980835,6.340000152587891,6.210000038146973,6.239999771118164,1059900,0.0,0.0
2023-04-25 00:00:00-04:00,6.170000076293945,6.25,6.010000228881836,6.019999980926514,2177400,0.0,0.0
2023-04-26 00:00:00-04:00,6.090000152587891,6.260000228881836,6.050000190734863,6.199999809265137,2499300,0.0,0.0
2023-04-27 00:00:00-04:00,6.25,6.289999961853027,6.050000190734863,6.21999979019165,2101500,0.0,0.0
2023-04-28 00:00:00-04:00,6.179999828338623,6.349999904632568,6.139999866485596,6.329999923706055,1992500,0.0,0.0
2023-05-01 00:00:00-04:00,6.329999923706055,6.380000114440918,6.170000076293945,6.210000038146973,1173300,0.0,0.0
2023-05-02 00:00:00-04:00,6.050000190734863,6.159999847412109,5.800000190734863,5.869999885559082,3246600,0.0,0.0
2023-05-03 00:00:00-04:00,5.880000114440918,5.929999828338623,5.710000038146973,5.71999979019165,3022300,0.0,0.0
2023-05-04 00:00:00-04:00,5.550000190734863,5.690000057220459,5.230000019073486,5.380000114440918,5552100,0.0,0.0
2023-05-05 00:00:00-04:00,5.460000038146973,5.539999961853027,5.389999866485596,5.409999847412109,2599100,0.0,0.0
2023-05-08 00:00:00-04:00,5.409999847412109,5.46999979019165,5.139999866485596,5.199999809265137,2406100,0.0,0.0
2023-05-09 00:00:00-04:00,5.150000095367432,5.21999979019165,5.050000190734863,5.130000114440918,2625600,0.0,0.0
2023-05-10 00:00:00-04:00,5.210000038146973,5.210000038146973,5.070000171661377,5.130000114440918,2134000,0.0,0.0
2023-05-11 00:00:00-04:00,5.079999923706055,5.110000133514404,4.900000095367432,4.909999847412109,2122500,0.0,0.0
2023-05-12 00:00:00-04:00,4.920000076293945,4.960000038146973,4.809999942779541,4.860000133514404,2709700,0.0,0.0
2023-05-15 00:00:00-04:00,4.860000133514404,4.96999979019165,4.840000152587891,4.929999828338623,1974500,0.0,0.0
2023-05-16 00:00:00-04:00,4.889999866485596,5.0,4.860000133514404,4.860000133514404,2136900,0.0,0.0
2023-05-17 00:00:00-04:00,4.900000095367432,5.139999866485596,4.900000095367432,5.059999942779541,5387800,0.0,0.0
2023-05-18 00:00:00-04:00,4.989999771118164,5.090000152587891,4.96999979019165,5.070000171661377,3161100,0.0,0.0
2023-05-19 00:00:00-04:00,5.139999866485596,5.150000095367432,5.0,5.010000228881836,2214900,0.0,0.0
2023-05-22 00:00:00-04:00,4.980000019073486,5.03000020980835,4.880000114440918,4.949999809265137,2683600,0.0,0.0
2023-05-23 00:00:00-04:00,4.96999979019165,5.090000152587891,4.889999866485596,4.940000057220459,2532000,0.0,0.0
2023-05-24 00:00:00-04:00,4.889999866485596,4.920000076293945,4.71999979019165,4.789999961853027,3005200,0.0,0.0
2023-05-25 00:00:00-04:00,4.820000171661377,4.889999866485596,4.699999809265137,4.71999979019165,2389900,0.0,0.0
2023-05-26 00:00:00-04:00,4.679999828338623,5.010000228881836,4.679999828338623,4.920000076293945,3772000,0.0,0.0
2023-05-30 00:00:00-04:00,5.099999904632568,5.179999828338623,4.980000019073486,5.150000095367432,3944500,0.0,0.0
2023-05-31 00:00:00-04:00,5.090000152587891,5.110000133514404,4.800000190734863,4.900000095367432,7550200,0.0,0.0
2023-06-01 00:00:00-04:00,4.900000095367432,4.929999828338623,4.690000057220459,4.789999961853027,3643900,0.0,0.0
2023-06-02 00:00:00-04:00,4.829999923706055,4.889999866485596,4.730000019073486,4.880000114440918,3706700,0.0,0.0
2023-06-05 00:00:00-04:00,4.840000152587891,4.889999866485596,4.739999771118164,4.760000228881836,2735800,0.0,0.0
2023-06-06 00:00:00-04:00,4.659999847412109,4.75,4.480000019073486,4.650000095367432,7119400,0.0,0.0
2023-06-07 00:00:00-04:00,4.650000095367432,4.889999866485596,4.650000095367432,4.71999979019165,3817400,0.0,0.0
2023-06-08 00:00:00-04:00,4.739999771118164,4.739999771118164,4.519999980926514,4.519999980926514,2638800,0.0,0.0
2023-06-09 00:00:00-04:00,4.519999980926514,4.579999923706055,4.440000057220459,4.510000228881836,2256600,0.0,0.0
2023-06-12 00:00:00-04:00,4.550000190734863,4.650000095367432,4.519999980926514,4.639999866485596,3937100,0.0,0.0
2023-06-13 00:00:00-04:00,4.659999847412109,4.860000133514404,4.650000095367432,4.75,3955600,0.0,0.0
2023-06-14 00:00:00-04:00,4.730000019073486,4.929999828338623,4.710000038146973,4.869999885559082,3488400,0.0,0.0
2023-06-15 00:00:00-04:00,4.869999885559082,4.989999771118164,4.760000228881836,4.940000057220459,1788000,0.0,0.0
2023-06-16 00:00:00-04:00,5.0,5.139999866485596,4.880000114440918,5.070000171661377,5303900,0.0,0.0
2023-06-20 00:00:00-04:00,5.070000171661377,5.230000019073486,4.800000190734863,4.889999866485596,4293400,0.0,0.0
2023-06-21 00:00:00-04:00,4.889999866485596,4.940000057220459,4.650000095367432,4.699999809265137,1917900,0.0,0.0
2023-06-22 00:00:00-04:00,4.679999828338623,4.71999979019165,4.599999904632568,4.659999847412109,1503500,0.0,0.0
2023-06-23 00:00:00-04:00,4.599999904632568,4.619999885559082,4.489999771118164,4.519999980926514,5292600,0.0,0.0
2023-06-26 00:00:00-04:00,4.489999771118164,4.610000133514404,4.489999771118164,4.510000228881836,1623800,0.0,0.0
2023-06-27 00:00:00-04:00,4.519999980926514,4.610000133514404,4.420000076293945,4.550000190734863,1630800,0.0,0.0
2023-06-28 00:00:00-04:00,4.539999961853027,4.619999885559082,4.449999809265137,4.610000133514404,1337400,0.0,0.0
2023-06-29 00:00:00-04:00,4.610000133514404,4.71999979019165,4.590000152587891,4.639999866485596,1459400,0.0,0.0
2023-06-30 00:00:00-04:00,4.679999828338623,4.880000114440918,4.639999866485596,4.829999923706055,3666000,0.0,0.0
2023-07-03 00:00:00-04:00,4.78000020980835,4.800000190734863,4.679999828338623,4.690000057220459,1128400,0.0,0.0
2023-07-05 00:00:00-04:00,4.670000076293945,4.690000057220459,4.590000152587891,4.610000133514404,1664000,0.0,0.0
2023-07-06 00:00:00-04:00,4.460000038146973,4.570000171661377,4.449999809265137,4.519999980926514,1683200,0.0,0.0
2023-07-07 00:00:00-04:00,4.510000228881836,4.699999809265137,4.489999771118164,4.639999866485596,1494100,0.0,0.0
2023-07-10 00:00:00-04:00,4.619999885559082,4.889999866485596,4.599999904632568,4.849999904632568,2146700,0.0,0.0
2023-07-11 00:00:00-04:00,4.829999923706055,5.050000190734863,4.829999923706055,5.03000020980835,3744900,0.0,0.0
2023-07-12 00:00:00-04:00,5.139999866485596,5.190000057220459,5.050000190734863,5.139999866485596,3091000,0.0,0.0
2023-07-13 00:00:00-04:00,5.139999866485596,5.239999771118164,5.03000020980835,5.059999942779541,1921800,0.0,0.0
2023-07-14 00:00:00-04:00,4.960000038146973,4.96999979019165,4.630000114440918,4.710000038146973,3416400,0.0,0.0
2023-07-17 00:00:00-04:00,4.71999979019165,4.840000152587891,4.639999866485596,4.650000095367432,1416600,0.0,0.0
2023-07-18 00:00:00-04:00,4.639999866485596,4.75,4.579999923706055,4.710000038146973,1499600,0.0,0.0
2023-07-19 00:00:00-04:00,4.699999809265137,4.769999980926514,4.670000076293945,4.679999828338623,1163400,0.0,0.0
2023-07-20 00:00:00-04:00,4.630000114440918,4.650000095367432,4.510000228881836,4.619999885559082,1499800,0.0,0.0
2023-07-21 00:00:00-04:00,4.659999847412109,4.739999771118164,4.630000114440918,4.739999771118164,4681500,0.0,0.0
2023-07-24 00:00:00-04:00,4.71999979019165,4.820000171661377,4.650000095367432,4.71999979019165,2223200,0.0,0.0
2023-07-25 00:00:00-04:00,4.71999979019165,4.789999961853027,4.619999885559082,4.710000038146973,1310800,0.0,0.0
2023-07-26 00:00:00-04:00,4.690000057220459,4.739999771118164,4.630000114440918,4.710000038146973,1122800,0.0,0.0
2023-07-27 00:00:00-04:00,4.739999771118164,4.829999923706055,4.679999828338623,4.690000057220459,1931300,0.0,0.0
2023-07-28 00:00:00-04:00,4.699999809265137,4.75,4.480000019073486,4.480000019073486,1853300,0.0,0.0
2023-07-31 00:00:00-04:00,4.489999771118164,4.579999923706055,4.429999828338623,4.5,3175200,0.0,0.0
2023-08-01 00:00:00-04:00,4.5,4.53000020980835,4.309999942779541,4.340000152587891,1700400,0.0,0.0
2023-08-02 00:00:00-04:00,4.300000190734863,4.349999904632568,4.21999979019165,4.269999980926514,2492800,0.0,0.0
2023-08-03 00:00:00-04:00,4.269999980926514,4.269999980926514,3.990000009536743,4.019999980926514,3712200,0.0,0.0
2023-08-04 00:00:00-04:00,4.039999961853027,4.190000057220459,3.950000047683716,4.010000228881836,3325700,0.0,0.0
2023-08-07 00:00:00-04:00,4.010000228881836,4.059999942779541,3.8399999141693115,3.859999895095825,3339400,0.0,0.0
2023-08-08 00:00:00-04:00,3.7799999713897705,3.8399999141693115,3.680000066757202,3.7300000190734863,4735800,0.0,0.0
2023-08-09 00:00:00-04:00,3.7300000190734863,3.7699999809265137,3.619999885559082,3.690000057220459,3822900,0.0,0.0
2023-08-10 00:00:00-04:00,3.8399999141693115,4.320000171661377,3.7899999618530273,4.159999847412109,7226300,0.0,0.0
2023-08-11 00:00:00-04:00,4.090000152587891,4.239999771118164,3.950000047683716,4.210000038146973,4743100,0.0,0.0
2023-08-14 00:00:00-04:00,4.179999828338623,4.300000190734863,4.130000114440918,4.260000228881836,2101600,0.0,0.0
2023-08-15 00:00:00-04:00,4.239999771118164,4.360000133514404,4.159999847412109,4.190000057220459,2390400,0.0,0.0
2023-08-16 00:00:00-04:00,4.110000133514404,4.210000038146973,3.8399999141693115,3.930000066757202,4307100,0.0,0.0
2023-08-17 00:00:00-04:00,3.930000066757202,4.130000114440918,3.9200000762939453,3.930000066757202,2733800,0.0,0.0
2023-08-18 00:00:00-04:00,3.890000104904175,4.099999904632568,3.880000114440918,4.070000171661377,2386700,0.0,0.0
2023-08-21 00:00:00-04:00,4.059999942779541,4.130000114440918,3.940000057220459,3.950000047683716,1745400,0.0,0.0
2023-08-22 00:00:00-04:00,3.950000047683716,4.159999847412109,3.940000057220459,4.139999866485596,2183500,0.0,0.0
2023-08-23 00:00:00-04:00,4.119999885559082,4.179999828338623,4.03000020980835,4.110000133514404,1539700,0.0,0.0
2023-08-24 00:00:00-04:00,4.110000133514404,4.119999885559082,3.9600000381469727,4.0,1234100,0.0,0.0
2023-08-25 00:00:00-04:00,4.010000228881836,4.119999885559082,4.0,4.099999904632568,1211800,0.0,0.0
2023-08-28 00:00:00-04:00,4.099999904632568,4.159999847412109,3.930000066757202,3.9800000190734863,1591300,0.0,0.0
2023-08-29 00:00:00-04:00,3.990000009536743,4.139999866485596,3.950000047683716,4.110000133514404,1257500,0.0,0.0
2023-08-30 00:00:00-04:00,4.099999904632568,4.289999961853027,4.070000171661377,4.210000038146973,2014700,0.0,0.0
2023-08-31 00:00:00-04:00,4.329999923706055,4.789999961853027,4.320000171661377,4.679999828338623,5545200,0.0,0.0
2023-09-01 00:00:00-04:00,4.670000076293945,4.820000171661377,4.480000019073486,4.539999961853027,2251900,0.0,0.0
2023-09-05 00:00:00-04:00,4.53000020980835,4.53000020980835,4.380000114440918,4.420000076293945,1362300,0.0,0.0
2023-09-06 00:00:00-04:00,4.409999847412109,4.460000038146973,4.300000190734863,4.349999904632568,1761000,0.0,0.0
2023-09-07 00:00:00-04:00,4.300000190734863,4.340000152587891,4.190000057220459,4.190000057220459,1518800,0.0,0.0
2023-09-08 00:00:00-04:00,4.25,4.25,4.090000152587891,4.210000038146973,1077800,0.0,0.0
2023-09-11 00:00:00-04:00,4.21999979019165,4.269999980926514,4.070000171661377,4.099999904632568,1474800,0.0,0.0
2023-09-12 00:00:00-04:00,4.099999904632568,4.110000133514404,4.019999980926514,4.090000152587891,1163900,0.0,0.0
2023-09-13 00:00:00-04:00,4.059999942779541,4.170000076293945,4.03000020980835,4.159999847412109,2185300,0.0,0.0
2023-09-14 00:00:00-04:00,4.199999809265137,4.429999828338623,4.190000057220459,4.320000171661377,3253800,0.0,0.0
2023-09-15 00:00:00-04:00,4.320000171661377,4.329999923706055,4.179999828338623,4.269999980926514,3788900,0.0,0.0
2023-09-18 00:00:00-04:00,4.25,4.329999923706055,4.190000057220459,4.300000190734863,1373300,0.0,0.0
2023-09-19 00:00:00-04:00,4.300000190734863,4.309999942779541,4.199999809265137,4.210000038146973,1333100,0.0,0.0
2023-09-20 00:00:00-04:00,4.21999979019165,4.300000190734863,4.210000038146973,4.210000038146973,1558000,0.0,0.0
2023-09-21 00:00:00-04:00,4.179999828338623,4.199999809265137,4.050000190734863,4.079999923706055,1297600,0.0,0.0
2023-09-22 00:00:00-04:00,4.099999904632568,4.179999828338623,4.059999942779541,4.139999866485596,1597900,0.0,0.0
2023-09-25 00:00:00-04:00,4.059999942779541,4.159999847412109,4.059999942779541,4.099999904632568,1786200,0.0,0.0
2023-09-26 00:00:00-04:00,4.090000152587891,4.110000133514404,3.8299999237060547,3.8399999141693115,2098000,0.0,0.0
2023-09-27 00:00:00-04:00,3.8299999237060547,3.950000047683716,3.8299999237060547,3.890000104904175,1162800,0.0,0.0
2023-09-28 00:00:00-04:00,4.179999828338623,4.179999828338623,3.9700000286102295,4.010000228881836,2067100,0.0,0.0
2023-09-29 00:00:00-04:00,4.03000020980835,4.239999771118164,4.03000020980835,4.179999828338623,1817400,0.0,0.0
2023-10-02 00:00:00-04:00,4.139999866485596,4.199999809265137,4.059999942779541,4.099999904632568,1292900,0.0,0.0
2023-10-03 00:00:00-04:00,4.059999942779541,4.110000133514404,3.940000057220459,3.9700000286102295,1404000,0.0,0.0
2023-10-04 00:00:00-04:00,3.9600000381469727,4.010000228881836,3.869999885559082,3.990000009536743,1069100,0.0,0.0
2023-10-05 00:00:00-04:00,3.940000057220459,3.9800000190734863,3.690000057220459,3.700000047683716,2444300,0.0,0.0
2023-10-06 00:00:00-04:00,3.6600000858306885,3.799999952316284,3.559999942779541,3.7799999713897705,1866600,0.0,0.0
2023-10-09 00:00:00-04:00,3.7200000286102295,3.75,3.640000104904175,3.700000047683716,1148600,0.0,0.0
2023-10-10 00:00:00-04:00,3.7100000381469727,3.880000114440918,3.7100000381469727,3.759999990463257,1810400,0.0,0.0
2023-10-11 00:00:00-04:00,3.75,3.7799999713897705,3.630000114440918,3.690000057220459,3332100,0.0,0.0
2023-10-12 00:00:00-04:00,3.700000047683716,3.700000047683716,3.5199999809265137,3.559999942779541,1277000,0.0,0.0
2023-10-13 00:00:00-04:00,3.549999952316284,3.569999933242798,3.4200000762939453,3.430000066757202,1573100,0.0,0.0
2023-10-16 00:00:00-04:00,3.4600000381469727,3.609999895095825,3.4600000381469727,3.5799999237060547,1381800,0.0,0.0
2023-10-17 00:00:00-04:00,3.5299999713897705,3.5299999713897705,3.4100000858306885,3.4600000381469727,2491800,0.0,0.0
2023-10-18 00:00:00-04:00,3.430000066757202,3.430000066757202,3.2899999618530273,3.319999933242798,1584100,0.0,0.0
2023-10-19 00:00:00-04:00,3.309999942779541,3.380000114440918,3.240000009536743,3.25,1418800,0.0,0.0
2023-10-20 00:00:00-04:00,3.25,3.2799999713897705,3.190000057220459,3.25,2081100,0.0,0.0
2023-10-23 00:00:00-04:00,3.240000009536743,3.259999990463257,3.0799999237060547,3.0899999141693115,2116400,0.0,0.0
2023-10-24 00:00:00-04:00,3.119999885559082,3.190000057220459,3.0799999237060547,3.1700000762939453,1291200,0.0,0.0
2023-10-25 00:00:00-04:00,3.130000114440918,3.190000057220459,3.0399999618530273,3.049999952316284,2592000,0.0,0.0
2023-10-26 00:00:00-04:00,3.059999942779541,3.140000104904175,3.0,3.109999895095825,1424900,0.0,0.0
2023-10-27 00:00:00-04:00,3.109999895095825,3.109999895095825,2.9600000381469727,2.9800000190734863,2353500,0.0,0.0
2023-10-30 00:00:00-04:00,3.0199999809265137,3.059999942779541,2.819999933242798,2.869999885559082,1751300,0.0,0.0
2023-10-31 00:00:00-04:00,2.880000114440918,3.009999990463257,2.8399999141693115,2.930000066757202,1554400,0.0,0.0
2023-11-01 00:00:00-04:00,2.9100000858306885,3.0,2.8299999237060547,2.950000047683716,2612400,0.0,0.0
2023-11-02 00:00:00-04:00,3.0,3.049999952316284,2.930000066757202,3.049999952316284,1418200,0.0,0.0
2023-11-03 00:00:00-04:00,3.1600000858306885,3.2300000190734863,3.130000114440918,3.1600000858306885,2970900,0.0,0.0
2023-11-06 00:00:00-05:00,3.180000066757202,3.200000047683716,3.0799999237060547,3.119999885559082,1703700,0.0,0.0
2023-11-07 00:00:00-05:00,3.049999952316284,3.0999999046325684,2.9800000190734863,3.0899999141693115,3384500,0.0,0.0
2023-11-08 00:00:00-05:00,3.130000114440918,3.309999942779541,3.069999933242798,3.2899999618530273,4800600,0.0,0.0
2023-11-09 00:00:00-05:00,3.6500000953674316,4.230000019073486,3.609999895095825,3.7699999809265137,12329500,0.0,0.0
2023-11-10 00:00:00-05:00,3.799999952316284,4.010000228881836,3.680000066757202,3.990000009536743,4253100,0.0,0.0
2023-11-13 00:00:00-05:00,3.9800000190734863,4.050000190734863,3.8299999237060547,3.9600000381469727,2649000,0.0,0.0
2023-11-14 00:00:00-05:00,4.150000095367432,4.429999828338623,4.050000190734863,4.429999828338623,3857400,0.0,0.0
2023-11-15 00:00:00-05:00,4.449999809265137,4.590000152587891,4.369999885559082,4.400000095367432,2967200,0.0,0.0
2023-11-16 00:00:00-05:00,4.360000133514404,4.360000133514404,4.090000152587891,4.21999979019165,2498700,0.0,0.0
2023-11-17 00:00:00-05:00,4.269999980926514,4.360000133514404,4.21999979019165,4.269999980926514,1983300,0.0,0.0
2023-11-20 00:00:00-05:00,4.25,4.289999961853027,4.150000095367432,4.21999979019165,2372200,0.0,0.0
2023-11-21 00:00:00-05:00,4.159999847412109,4.21999979019165,4.050000190734863,4.139999866485596,5179200,0.0,0.0
2023-11-22 00:00:00-05:00,4.130000114440918,4.389999866485596,4.130000114440918,4.210000038146973,1722800,0.0,0.0
2023-11-24 00:00:00-05:00,4.190000057220459,4.260000228881836,4.110000133514404,4.21999979019165,582900,0.0,0.0
2023-11-27 00:00:00-05:00,4.170000076293945,4.190000057220459,3.990000009536743,4.010000228881836,1664400,0.0,0.0
2023-11-28 00:00:00-05:00,3.990000009536743,4.010000228881836,3.8499999046325684,3.9600000381469727,1404600,0.0,0.0
2023-11-29 00:00:00-05:00,4.0,4.079999923706055,3.880000114440918,3.9100000858306885,2406900,0.0,0.0
2023-11-30 00:00:00-05:00,3.9200000762939453,4.019999980926514,3.799999952316284,3.890000104904175,2455200,0.0,0.0
2023-12-01 00:00:00-05:00,3.8499999046325684,4.269999980926514,3.7899999618530273,4.230000019073486,4395000,0.0,0.0
2023-12-04 00:00:00-05:00,4.230000019073486,4.340000152587891,4.090000152587891,4.199999809265137,2335800,0.0,0.0
2023-12-05 00:00:00-05:00,4.230000019073486,4.269999980926514,4.090000152587891,4.239999771118164,2763400,0.0,0.0
2023-12-06 00:00:00-05:00,4.329999923706055,4.550000190734863,4.289999961853027,4.420000076293945,6686500,0.0,0.0
2023-12-07 00:00:00-05:00,4.429999828338623,4.539999961853027,4.269999980926514,4.420000076293945,2908200,0.0,0.0
2023-12-08 00:00:00-05:00,4.409999847412109,4.539999961853027,4.409999847412109,4.5,3191800,0.0,0.0
2023-12-11 00:00:00-05:00,4.5,4.639999866485596,4.460000038146973,4.519999980926514,2871400,0.0,0.0
2023-12-12 00:00:00-05:00,4.53000020980835,4.53000020980835,4.400000095367432,4.460000038146973,1880700,0.0,0.0
2023-12-13 00:00:00-05:00,4.5,4.679999828338623,4.389999866485596,4.670000076293945,2562900,0.0,0.0
2023-12-14 00:00:00-05:00,4.670000076293945,5.0,4.670000076293945,4.829999923706055,4025500,0.0,0.0
2023-12-15 00:00:00-05:00,4.880000114440918,5.019999980926514,4.670000076293945,4.690000057220459,4638300,0.0,0.0
2023-12-18 00:00:00-05:00,4.679999828338623,4.679999828338623,4.53000020980835,4.610000133514404,2053600,0.0,0.0
2023-12-19 00:00:00-05:00,4.650000095367432,4.820000171661377,4.619999885559082,4.699999809265137,2001800,0.0,0.0
2023-12-20 00:00:00-05:00,4.679999828338623,4.760000228881836,4.559999942779541,4.579999923706055,1755300,0.0,0.0
2023-12-21 00:00:00-05:00,4.599999904632568,4.739999771118164,4.550000190734863,4.71999979019165,1768900,0.0,0.0
2023-12-22 00:00:00-05:00,4.75,4.860000133514404,4.699999809265137,4.75,1447900,0.0,0.0
2023-12-26 00:00:00-05:00,4.75,4.889999866485596,4.75,4.849999904632568,1389400,0.0,0.0
2023-12-27 00:00:00-05:00,4.849999904632568,4.900000095367432,4.809999942779541,4.849999904632568,1063100,0.0,0.0
2023-12-28 00:00:00-05:00,4.849999904632568,4.960000038146973,4.800000190734863,4.809999942779541,2001300,0.0,0.0
2023-12-29 00:00:00-05:00,4.840000152587891,4.840000152587891,4.710000038146973,4.75,2001800,0.0,0.0
2024-01-02 00:00:00-05:00,4.71999979019165,4.869999885559082,4.559999942779541,4.710000038146973,2290100,0.0,0.0
2024-01-03 00:00:00-05:00,4.659999847412109,4.679999828338623,4.539999961853027,4.550000190734863,2461100,0.0,0.0
2024-01-04 00:00:00-05:00,4.590000152587891,4.590000152587891,4.179999828338623,4.289999961853027,4713900,0.0,0.0
2024-01-05 00:00:00-05:00,4.21999979019165,4.389999866485596,4.21999979019165,4.380000114440918,2176400,0.0,0.0
2024-01-08 00:00:00-05:00,4.179999828338623,4.53000020980835,4.179999828338623,4.5,1939900,0.0,0.0
2024-01-09 00:00:00-05:00,4.400000095367432,4.550000190734863,4.349999904632568,4.489999771118164,2910300,0.0,0.0
2024-01-10 00:00:00-05:00,4.46999979019165,4.630000114440918,4.420000076293945,4.579999923706055,2419300,0.0,0.0
2024-01-11 00:00:00-05:00,4.769999980926514,5.130000114440918,4.71999979019165,4.849999904632568,4925400,0.0,0.0
2024-01-12 00:00:00-05:00,4.889999866485596,5.070000171661377,4.800000190734863,4.840000152587891,2058300,0.0,0.0
2024-01-16 00:00:00-05:00,4.800000190734863,4.889999866485596,4.71999979019165,4.889999866485596,1408300,0.0,0.0
2024-01-17 00:00:00-05:00,4.760000228881836,4.900000095367432,4.730000019073486,4.889999866485596,2758600,0.0,0.0
2024-01-18 00:00:00-05:00,4.940000057220459,5.170000076293945,4.929999828338623,5.150000095367432,3176600,0.0,0.0
2024-01-19 00:00:00-05:00,5.170000076293945,5.230000019073486,4.869999885559082,4.980000019073486,3029400,0.0,0.0
2024-01-22 00:00:00-05:00,5.050000190734863,5.150000095367432,4.96999979019165,5.090000152587891,2030200,0.0,0.0
2024-01-23 00:00:00-05:00,5.179999828338623,5.230000019073486,5.050000190734863,5.139999866485596,1957400,0.0,0.0
2024-01-24 00:00:00-05:00,5.25,5.25,5.110000133514404,5.130000114440918,2001700,0.0,0.0
2024-01-25 00:00:00-05:00,5.190000057220459,5.300000190734863,5.150000095367432,5.28000020980835,2786900,0.0,0.0
2024-01-26 00:00:00-05:00,5.320000171661377,5.369999885559082,5.099999904632568,5.119999885559082,1793800,0.0,0.0
2024-01-29 00:00:00-05:00,5.130000114440918,5.25,5.079999923706055,5.25,2003100,0.0,0.0
2024-01-30 00:00:00-05:00,5.199999809265137,5.21999979019165,5.130000114440918,5.199999809265137,1640200,0.0,0.0
2024-01-31 00:00:00-05:00,5.119999885559082,5.159999847412109,4.909999847412109,4.940000057220459,2065900,0.0,0.0
2024-02-01 00:00:00-05:00,4.96999979019165,5.130000114440918,4.940000057220459,5.090000152587891,1606400,0.0,0.0
2024-02-02 00:00:00-05:00,5.039999961853027,5.179999828338623,4.989999771118164,5.179999828338623,1235200,0.0,0.0
2024-02-05 00:00:00-05:00,5.079999923706055,5.139999866485596,4.96999979019165,4.980000019073486,1767100,0.0,0.0
2024-02-06 00:00:00-05:00,5.03000020980835,5.230000019073486,4.980000019073486,5.230000019073486,2699100,0.0,0.0
2024-02-07 00:00:00-05:00,5.269999980926514,5.559999942779541,5.25,5.46999979019165,6064300,0.0,0.0
2024-02-08 00:00:00-05:00,5.449999809265137,5.480000019073486,5.210000038146973,5.210000038146973,2255300,0.0,0.0
2024-02-09 00:00:00-05:00,5.230000019073486,5.369999885559082,5.170000076293945,5.349999904632568,1995800,0.0,0.0
2024-02-12 00:00:00-05:00,5.360000133514404,5.480000019073486,5.320000171661377,5.329999923706055,1699600,0.0,0.0
2024-02-13 00:00:00-05:00,5.059999942779541,5.130000114440918,4.789999961853027,4.860000133514404,4953000,0.0,0.0
2024-02-14 00:00:00-05:00,5.0,5.079999923706055,4.820000171661377,5.050000190734863,1392300,0.0,0.0
2024-02-15 00:00:00-05:00,5.099999904632568,5.21999979019165,5.03000020980835,5.210000038146973,2853700,0.0,0.0
2024-02-16 00:00:00-05:00,5.150000095367432,5.239999771118164,5.059999942779541,5.110000133514404,1620500,0.0,0.0
2024-02-20 00:00:00-05:00,4.980000019073486,5.079999923706055,4.960000038146973,5.039999961853027,2271200,0.0,0.0
2024-02-21 00:00:00-05:00,4.960000038146973,5.03000020980835,4.820000171661377,4.880000114440918,1505900,0.0,0.0
2024-02-22 00:00:00-05:00,4.920000076293945,5.159999847412109,4.909999847412109,5.159999847412109,2105500,0.0,0.0
2024-02-23 00:00:00-05:00,5.130000114440918,5.130000114440918,4.929999828338623,4.949999809265137,1424900,0.0,0.0
2024-02-26 00:00:00-05:00,4.929999828338623,5.190000057220459,4.900000095367432,5.179999828338623,1873600,0.0,0.0
2024-02-27 00:00:00-05:00,5.230000019073486,5.360000133514404,5.170000076293945,5.21999979019165,1456300,0.0,0.0
2024-02-28 00:00:00-05:00,5.150000095367432,5.269999980926514,5.079999923706055,5.110000133514404,1885800,0.0,0.0
2024-02-29 00:00:00-05:00,5.199999809265137,5.230000019073486,5.010000228881836,5.019999980926514,2144300,0.0,0.0
2024-03-01 00:00:00-05:00,5.019999980926514,5.380000114440918,4.619999885559082,5.349999904632568,5704400,0.0,0.0
2024-03-04 00:00:00-05:00,5.400000095367432,5.480000019073486,5.210000038146973,5.369999885559082,2746300,0.0,0.0
2024-03-05 00:00:00-05:00,5.239999771118164,5.320000171661377,5.110000133514404,5.150000095367432,2628900,0.0,0.0
2024-03-06 00:00:00-05:00,5.28000020980835,5.71999979019165,5.239999771118164,5.510000228881836,8574800,0.0,0.0
2024-03-07 00:00:00-05:00,5.269999980926514,5.349999904632568,4.53000020980835,4.860000133514404,16461100,0.0,0.0
2024-03-08 00:00:00-05:00,4.900000095367432,4.920000076293945,4.610000133514404,4.630000114440918,4731500,0.0,0.0
2024-03-11 00:00:00-04:00,4.590000152587891,4.670000076293945,4.489999771118164,4.510000228881836,3910100,0.0,0.0
2024-03-12 00:00:00-04:00,4.489999771118164,4.650000095367432,4.440000057220459,4.610000133514404,2693600,0.0,0.0
2024-03-13 00:00:00-04:00,4.599999904632568,4.639999866485596,4.409999847412109,4.449999809265137,2049000,0.0,0.0
2024-03-14 00:00:00-04:00,4.409999847412109,4.579999923706055,4.409999847412109,4.510000228881836,2799400,0.0,0.0
2024-03-15 00:00:00-04:00,4.449999809265137,4.570000171661377,4.409999847412109,4.53000020980835,4069600,0.0,0.0
2024-03-18 00:00:00-04:00,4.5,4.769999980926514,4.460000038146973,4.710000038146973,3064000,0.0,0.0
2024-03-19 00:00:00-04:00,4.75,5.039999961853027,4.690000057220459,5.03000020980835,4561700,0.0,0.0
2024-03-20 00:00:00-04:00,5.03000020980835,5.320000171661377,5.010000228881836,5.260000228881836,5520500,0.0,0.0
2024-03-21 00:00:00-04:00,5.340000152587891,5.369999885559082,5.21999979019165,5.360000133514404,4107600,0.0,0.0
2024-03-22 00:00:00-04:00,5.340000152587891,5.440000057220459,5.210000038146973,5.420000076293945,2943000,0.0,0.0
2024-03-25 00:00:00-04:00,5.429999828338623,5.570000171661377,5.269999980926514,5.329999923706055,2527300,0.0,0.0
2024-03-26 00:00:00-04:00,5.360000133514404,5.409999847412109,5.070000171661377,5.099999904632568,2944700,0.0,0.0
2024-03-27 00:00:00-04:00,5.159999847412109,5.710000038146973,5.130000114440918,5.510000228881836,5314900,0.0,0.0
2024-03-28 00:00:00-04:00,5.53000020980835,6.039999961853027,5.349999904632568,6.03000020980835,9956200,0.0,0.0
2024-04-01 00:00:00-04:00,6.03000020980835,6.619999885559082,5.980000019073486,6.5,10172800,0.0,0.0
2024-04-02 00:00:00-04:00,6.320000171661377,6.369999885559082,5.860000133514404,5.869999885559082,4884500,0.0,0.0
2024-04-03 00:00:00-04:00,5.829999923706055,6.300000190734863,5.800000190734863,6.25,6782400,0.0,0.0
2024-04-04 00:00:00-04:00,6.329999923706055,6.400000095367432,5.940000057220459,5.949999809265137,3419300,0.0,0.0
2024-04-05 00:00:00-04:00,5.989999771118164,6.0,5.789999961853027,5.800000190734863,2406400,0.0,0.0
2024-04-08 00:00:00-04:00,5.800000190734863,5.809999942779541,5.440000057220459,5.440000057220459,4655700,0.0,0.0
2024-04-09 00:00:00-04:00,5.46999979019165,5.659999847412109,5.440000057220459,5.460000038146973,4197300,0.0,0.0
2024-04-10 00:00:00-04:00,5.320000171661377,5.380000114440918,5.090000152587891,5.130000114440918,4342200,0.0,0.0
2024-04-11 00:00:00-04:00,5.179999828338623,5.25,5.070000171661377,5.099999904632568,5681600,0.0,0.0
2024-04-12 00:00:00-04:00,4.980000019073486,5.010000228881836,4.75,4.789999961853027,4143300,0.0,0.0
2024-04-15 00:00:00-04:00,4.840000152587891,4.860000133514404,4.519999980926514,4.539999961853027,4009600,0.0,0.0
2024-04-16 00:00:00-04:00,4.539999961853027,4.75,4.489999771118164,4.650000095367432,3496000,0.0,0.0
2024-04-17 00:00:00-04:00,4.710000038146973,4.929999828338623,4.710000038146973,4.78000020980835,2782800,0.0,0.0
2024-04-18 00:00:00-04:00,4.789999961853027,4.840000152587891,4.650000095367432,4.659999847412109,1970100,0.0,0.0
2024-04-19 00:00:00-04:00,4.599999904632568,4.800000190734863,4.599999904632568,4.71999979019165,2252900,0.0,0.0
2024-04-22 00:00:00-04:00,4.769999980926514,4.860000133514404,4.639999866485596,4.820000171661377,2356500,0.0,0.0
2024-04-23 00:00:00-04:00,4.789999961853027,4.929999828338623,4.78000020980835,4.889999866485596,1676200,0.0,0.0
2024-04-24 00:00:00-04:00,4.829999923706055,5.010000228881836,4.809999942779541,4.980000019073486,1660800,0.0,0.0
2024-04-25 00:00:00-04:00,4.920000076293945,5.050000190734863,4.860000133514404,4.96999979019165,1872400,0.0,0.0
2024-04-26 00:00:00-04:00,4.980000019073486,5.119999885559082,4.929999828338623,5.099999904632568,1326400,0.0,0.0
2024-04-29 00:00:00-04:00,5.119999885559082,5.21999979019165,4.96999979019165,5.010000228881836,2297100,0.0,0.0
2024-04-30 00:00:00-04:00,4.889999866485596,5.0,4.809999942779541,4.820000171661377,2485500,0.0,0.0
2024-05-01 00:00:00-04:00,4.75,5.159999847412109,4.75,4.989999771118164,1542600,0.0,0.0
2024-05-02 00:00:00-04:00,5.099999904632568,5.269999980926514,4.949999809265137,5.260000228881836,1563500,0.0,0.0
2024-05-03 00:00:00-04:00,5.46999979019165,5.639999866485596,5.21999979019165,5.239999771118164,1976800,0.0,0.0
2024-05-06 00:00:00-04:00,5.289999961853027,5.360000133514404,5.230000019073486,5.300000190734863,1178300,0.0,0.0
2024-05-07 00:00:00-04:00,5.369999885559082,5.420000076293945,5.190000057220459,5.260000228881836,954100,0.0,0.0
2024-05-08 00:00:00-04:00,5.130000114440918,5.340000152587891,5.090000152587891,5.21999979019165,2069100,0.0,0.0
2024-05-09 00:00:00-04:00,5.239999771118164,5.239999771118164,5.019999980926514,5.059999942779541,1614200,0.0,0.0
2024-05-10 00:00:00-04:00,5.090000152587891,5.119999885559082,5.010000228881836,5.059999942779541,1401000,0.0,0.0
2024-05-13 00:00:00-04:00,5.079999923706055,5.139999866485596,4.929999828338623,5.010000228881836,2952000,0.0,0.0
2024-05-14 00:00:00-04:00,5.360000133514404,5.820000171661377,5.25,5.800000190734863,6780900,0.0,0.0
2024-05-15 00:00:00-04:00,5.599999904632568,5.880000114440918,5.340000152587891,5.349999904632568,8584200,0.0,0.0
2024-05-16 00:00:00-04:00,5.349999904632568,5.619999885559082,5.28000020980835,5.309999942779541,3922000,0.0,0.0
2024-05-17 00:00:00-04:00,5.340000152587891,5.429999828338623,5.199999809265137,5.260000228881836,2815700,0.0,0.0
2024-05-20 00:00:00-04:00,5.28000020980835,5.46999979019165,5.269999980926514,5.340000152587891,3089400,0.0,0.0
2024-05-21 00:00:00-04:00,5.269999980926514,5.320000171661377,5.119999885559082,5.230000019073486,1562000,0.0,0.0
2024-05-22 00:00:00-04:00,5.150000095367432,5.269999980926514,5.130000114440918,5.150000095367432,1679300,0.0,0.0
2024-05-23 00:00:00-04:00,5.139999866485596,5.199999809265137,5.050000190734863,5.110000133514404,1956700,0.0,0.0
2024-05-24 00:00:00-04:00,5.159999847412109,5.489999771118164,5.159999847412109,5.460000038146973,2000500,0.0,0.0
2024-05-28 00:00:00-04:00,5.510000228881836,5.679999828338623,5.400000095367432,5.599999904632568,2892600,0.0,0.0
2024-05-29 00:00:00-04:00,5.510000228881836,5.739999771118164,5.510000228881836,5.710000038146973,2502600,0.0,0.0
2024-05-30 00:00:00-04:00,5.699999809265137,5.699999809265137,5.460000038146973,5.460000038146973,2585500,0.0,0.0
2024-05-31 00:00:00-04:00,5.480000019073486,5.789999961853027,5.460000038146973,5.71999979019165,3143800,0.0,0.0
2024-06-03 00:00:00-04:00,5.789999961853027,5.949999809265137,5.679999828338623,5.940000057220459,2627100,0.0,0.0
2024-06-04 00:00:00-04:00,5.869999885559082,5.900000095367432,5.369999885559082,5.429999828338623,2849700,0.0,0.0
2024-06-05 00:00:00-04:00,5.460000038146973,5.610000133514404,5.460000038146973,5.510000228881836,1378200,0.0,0.0
2024-06-06 00:00:00-04:00,5.510000228881836,5.679999828338623,5.480000019073486,5.519999980926514,1448900,0.0,0.0
2024-06-07 00:00:00-04:00,5.420000076293945,5.460000038146973,5.360000133514404,5.409999847412109,2303300,0.0,0.0
2024-06-10 00:00:00-04:00,5.329999923706055,5.46999979019165,5.210000038146973,5.449999809265137,2100200,0.0,0.0
2024-06-11 00:00:00-04:00,5.400000095367432,5.510000228881836,5.309999942779541,5.389999866485596,1923600,0.0,0.0
2024-06-12 00:00:00-04:00,5.590000152587891,5.710000038146973,5.420000076293945,5.449999809265137,2134400,0.0,0.0
2024-06-13 00:00:00-04:00,5.440000057220459,5.5,5.179999828338623,5.239999771118164,1857100,0.0,0.0
2024-06-14 00:00:00-04:00,5.170000076293945,5.260000228881836,5.130000114440918,5.230000019073486,1406900,0.0,0.0
2024-06-17 00:00:00-04:00,5.190000057220459,5.329999923706055,5.039999961853027,5.309999942779541,1868300,0.0,0.0
2024-06-18 00:00:00-04:00,5.289999961853027,5.340000152587891,5.130000114440918,5.159999847412109,6252400,0.0,0.0
2024-06-20 00:00:00-04:00,5.119999885559082,5.21999979019165,5.039999961853027,5.090000152587891,1520800,0.0,0.0
2024-06-21 00:00:00-04:00,5.070000171661377,5.199999809265137,5.050000190734863,5.159999847412109,2425500,0.0,0.0
2024-06-24 00:00:00-04:00,5.159999847412109,5.349999904632568,5.130000114440918,5.230000019073486,1866600,0.0,0.0
2024-06-25 00:00:00-04:00,5.190000057220459,5.239999771118164,5.050000190734863,5.070000171661377,1676100,0.0,0.0
2024-06-26 00:00:00-04:00,5.019999980926514,5.190000057220459,4.96999979019165,5.179999828338623,1525800,0.0,0.0
2024-06-27 00:00:00-04:00,5.199999809265137,5.289999961853027,5.119999885559082,5.260000228881836,3322700,0.0,0.0
2024-06-28 00:00:00-04:00,6.21999979019165,6.289999961853027,6.079999923706055,6.090000152587891,51980300,0.0,0.0
2024-07-01 00:00:00-04:00,6.110000133514404,6.150000095367432,5.989999771118164,6.110000133514404,15311100,0.0,0.0
2024-07-02 00:00:00-04:00,6.119999885559082,6.210000038146973,6.110000133514404,6.199999809265137,6286400,0.0,0.0
2024-07-03 00:00:00-04:00,6.190000057220459,6.260000228881836,6.179999828338623,6.260000228881836,7623700,0.0,0.0
2024-07-05 00:00:00-04:00,6.21999979019165,6.239999771118164,6.139999866485596,6.150000095367432,4221400,0.0,0.0
2024-07-08 00:00:00-04:00,6.199999809265137,6.21999979019165,6.099999904632568,6.119999885559082,5377100,0.0,0.0
2024-07-09 00:00:00-04:00,6.099999904632568,6.119999885559082,6.059999942779541,6.059999942779541,9744200,0.0,0.0
2024-07-10 00:00:00-04:00,6.099999904632568,6.119999885559082,6.019999980926514,6.050000190734863,4834700,0.0,0.0
2024-07-11 00:00:00-04:00,6.079999923706055,6.159999847412109,6.050000190734863,6.150000095367432,12073500,0.0,0.0
2024-07-12 00:00:00-04:00,6.159999847412109,6.190000057220459,6.03000020980835,6.070000171661377,5327100,0.0,0.0
2024-07-15 00:00:00-04:00,6.079999923706055,6.119999885559082,6.050000190734863,6.119999885559082,7172500,0.0,0.0
2024-07-16 00:00:00-04:00,6.119999885559082,6.139999866485596,6.090000152587891,6.099999904632568,5739400,0.0,0.0
2024-07-17 00:00:00-04:00,6.099999904632568,6.119999885559082,6.039999961853027,6.059999942779541,7063100,0.0,0.0
2024-07-18 00:00:00-04:00,6.059999942779541,6.070000171661377,5.96999979019165,6.0,6401000,0.0,0.0
2024-07-19 00:00:00-04:00,6.019999980926514,6.050000190734863,5.96999979019165,5.989999771118164,3682900,0.0,0.0
2024-07-22 00:00:00-04:00,6.010000228881836,6.039999961853027,5.96999979019165,5.989999771118164,4904200,0.0,0.0
2024-07-23 00:00:00-04:00,5.980000019073486,6.0,5.920000076293945,5.920000076293945,14112600,0.0,0.0
2024-07-24 00:00:00-04:00,5.909999847412109,5.980000019073486,5.900000095367432,5.900000095367432,4656000,0.0,0.0
2024-07-25 00:00:00-04:00,5.920000076293945,5.980000019073486,5.889999866485596,5.980000019073486,8787300,0.0,0.0
2024-07-26 00:00:00-04:00,6.0,6.090000152587891,5.960000038146973,6.019999980926514,10714100,0.0,0.0
2024-07-29 00:00:00-04:00,6.039999961853027,6.050000190734863,5.960000038146973,5.980000019073486,3132600,0.0,0.0
2024-07-30 00:00:00-04:00,6.0,6.039999961853027,5.929999828338623,5.940000057220459,4775700,0.0,0.0
2024-07-31 00:00:00-04:00,5.96999979019165,6.03000020980835,5.929999828338623,5.940000057220459,4920000,0.0,0.0
2024-08-01 00:00:00-04:00,5.960000038146973,6.099999904632568,5.920000076293945,6.0,12119700,0.0,0.0
2024-08-02 00:00:00-04:00,6.019999980926514,6.019999980926514,5.869999885559082,5.880000114440918,6655200,0.0,0.0
2024-08-05 00:00:00-04:00,5.820000171661377,5.849999904632568,5.639999866485596,5.760000228881836,6480500,0.0,0.0
2024-08-06 00:00:00-04:00,5.78000020980835,5.829999923706055,5.730000019073486,5.789999961853027,10821400,0.0,0.0
2024-08-07 00:00:00-04:00,5.829999923706055,5.889999866485596,5.690000057220459,5.690000057220459,4848700,0.0,0.0
2024-08-08 00:00:00-04:00,5.739999771118164,5.769999980926514,5.679999828338623,5.679999828338623,2851000,0.0,0.0
2024-08-09 00:00:00-04:00,5.699999809265137,5.710000038146973,5.550000190734863,5.630000114440918,5428200,0.0,0.0
2024-08-12 00:00:00-04:00,5.670000076293945,5.679999828338623,5.579999923706055,5.630000114440918,4182000,0.0,0.0
2024-08-13 00:00:00-04:00,5.659999847412109,5.820000171661377,5.659999847412109,5.809999942779541,2760700,0.0,0.0
2024-08-14 00:00:00-04:00,5.789999961853027,5.869999885559082,5.760000228881836,5.860000133514404,2622000,0.0,0.0
2024-08-15 00:00:00-04:00,5.940000057220459,6.010000228881836,5.860000133514404,5.860000133514404,4325900,0.0,0.0
2024-08-16 00:00:00-04:00,5.869999885559082,6.059999942779541,5.829999923706055,6.03000020980835,6033400,0.0,0.0
2024-08-19 00:00:00-04:00,6.0,6.179999828338623,6.0,6.159999847412109,7737400,0.0,0.0
2024-08-20 00:00:00-04:00,6.150000095367432,6.190000057220459,5.96999979019165,6.039999961853027,5579500,0.0,0.0
2024-08-21 00:00:00-04:00,6.079999923706055,6.079999923706055,5.980000019073486,6.050000190734863,1988600,0.0,0.0
2024-08-22 00:00:00-04:00,6.079999923706055,6.139999866485596,6.010000228881836,6.010000228881836,2405600,0.0,0.0
2024-08-23 00:00:00-04:00,6.050000190734863,6.119999885559082,6.010000228881836,6.070000171661377,2939300,0.0,0.0
2024-08-26 00:00:00-04:00,6.090000152587891,6.159999847412109,6.079999923706055,6.119999885559082,2286200,0.0,0.0
2024-08-27 00:00:00-04:00,6.099999904632568,6.150000095367432,6.079999923706055,6.090000152587891,2476300,0.0,0.0
2024-08-28 00:00:00-04:00,6.090000152587891,6.110000133514404,6.050000190734863,6.050000190734863,1194400,0.0,0.0
2024-08-29 00:00:00-04:00,6.130000114440918,6.230000019073486,6.119999885559082,6.170000076293945,8978800,0.0,0.0
2024-08-30 00:00:00-04:00,6.199999809265137,6.309999942779541,6.170000076293945,6.289999961853027,4314600,0.0,0.0
2024-09-03 00:00:00-04:00,6.21999979019165,6.309999942779541,6.190000057220459,6.190000057220459,7727400,0.0,0.0
2024-09-04 00:00:00-04:00,6.190000057220459,6.25,6.130000114440918,6.179999828338623,3642100,0.0,0.0
2024-09-05 00:00:00-04:00,6.179999828338623,6.25,6.159999847412109,6.210000038146973,4570700,0.0,0.0
2024-09-06 00:00:00-04:00,6.230000019073486,6.260000228881836,6.159999847412109,6.239999771118164,7441800,0.0,0.0
2024-09-09 00:00:00-04:00,6.25,6.309999942779541,6.210000038146973,6.28000020980835,10541800,0.0,0.0
2024-09-10 00:00:00-04:00,6.28000020980835,6.28000020980835,6.170000076293945,6.25,6707900,0.0,0.0
2024-09-11 00:00:00-04:00,6.25,6.440000057220459,6.239999771118164,6.429999828338623,9382600,0.0,0.0
2024-09-12 00:00:00-04:00,6.429999828338623,6.570000171661377,6.329999923706055,6.46999979019165,21366700,0.0,0.0
2024-09-13 00:00:00-04:00,6.489999771118164,6.53000020980835,6.400000095367432,6.460000038146973,12522800,0.0,0.0
2024-09-16 00:00:00-04:00,6.599999904632568,6.760000228881836,6.579999923706055,6.699999809265137,40918400,0.0,0.0
2024-09-17 00:00:00-04:00,6.699999809265137,6.71999979019165,6.639999866485596,6.659999847412109,16499100,0.0,0.0
2024-09-18 00:00:00-04:00,6.650000095367432,6.760000228881836,6.639999866485596,6.650000095367432,14766400,0.0,0.0
2024-09-19 00:00:00-04:00,6.690000057220459,6.699999809265137,6.650000095367432,6.690000057220459,27288600,0.0,0.0
2024-09-20 00:00:00-04:00,6.670000076293945,6.739999771118164,6.659999847412109,6.699999809265137,14754300,0.0,0.0
2024-09-23 00:00:00-04:00,6.679999828338623,6.829999923706055,6.670000076293945,6.789999961853027,16561500,0.0,0.0
2024-09-24 00:00:00-04:00,6.78000020980835,6.909999847412109,6.78000020980835,6.889999866485596,19091600,0.0,0.0
2024-09-25 00:00:00-04:00,6.820000171661377,6.909999847412109,6.800000190734863,6.840000152587891,38334900,0.0,0.0
2024-09-26 00:00:00-04:00,6.840000152587891,6.869999885559082,6.78000020980835,6.789999961853027,43699200,0.0,0.0
2024-09-27 00:00:00-04:00,6.789999961853027,6.920000076293945,6.739999771118164,6.78000020980835,35806400,0.0,0.0
2024-09-30 00:00:00-04:00,6.730000019073486,6.78000020980835,6.639999866485596,6.75,3064800,0.0,0.0
2024-10-01 00:00:00-04:00,6.71999979019165,6.849999904632568,6.71999979019165,6.739999771118164,4909900,0.0,0.0
2024-10-02 00:00:00-04:00,6.760000228881836,6.800000190734863,6.730000019073486,6.739999771118164,5442400,0.0,0.0
2024-10-03 00:00:00-04:00,6.71999979019165,6.849999904632568,6.710000038146973,6.840000152587891,3326800,0.0,0.0
2024-10-04 00:00:00-04:00,6.860000133514404,6.880000114440918,6.71999979019165,6.75,3735100,0.0,0.0
2024-10-07 00:00:00-04:00,6.71999979019165,6.760000228881836,6.710000038146973,6.739999771118164,1778600,0.0,0.0
2024-10-08 00:00:00-04:00,6.75,6.75,6.650000095367432,6.670000076293945,3948000,0.0,0.0
2024-10-09 00:00:00-04:00,6.650000095367432,6.690000057220459,6.639999866485596,6.650000095367432,1361300,0.0,0.0
2024-10-10 00:00:00-04:00,6.619999885559082,6.670000076293945,6.590000152587891,6.630000114440918,990300,0.0,0.0
2024-10-11 00:00:00-04:00,6.630000114440918,6.670000076293945,6.610000133514404,6.670000076293945,1278600,0.0,0.0
2024-10-14 00:00:00-04:00,6.659999847412109,6.699999809265137,6.659999847412109,6.699999809265137,1436600,0.0,0.0
2024-10-15 00:00:00-04:00,6.699999809265137,6.75,6.690000057220459,6.699999809265137,855600,0.0,0.0
2024-10-16 00:00:00-04:00,6.699999809265137,6.75,6.690000057220459,6.739999771118164,888000,0.0,0.0
2024-10-17 00:00:00-04:00,6.730000019073486,6.769999980926514,6.659999847412109,6.71999979019165,955400,0.0,0.0
2024-10-18 00:00:00-04:00,6.75,6.889999866485596,6.739999771118164,6.869999885559082,1785000,0.0,0.0
2024-10-21 00:00:00-04:00,6.869999885559082,6.869999885559082,6.739999771118164,6.760000228881836,1198200,0.0,0.0
2024-10-22 00:00:00-04:00,6.739999771118164,6.760000228881836,6.739999771118164,6.75,396500,0.0,0.0
2024-10-23 00:00:00-04:00,6.739999771118164,6.760000228881836,6.670000076293945,6.690000057220459,1814300,0.0,0.0
2024-10-24 00:00:00-04:00,6.699999809265137,6.820000171661377,6.699999809265137,6.820000171661377,2364400,0.0,0.0
2024-10-25 00:00:00-04:00,6.820000171661377,6.840000152587891,6.760000228881836,6.769999980926514,508100,0.0,0.0
2024-10-28 00:00:00-04:00,6.78000020980835,6.78000020980835,6.71999979019165,6.739999771118164,536200,0.0,0.0
2024-10-29 00:00:00-04:00,6.739999771118164,6.789999961853027,6.739999771118164,6.789999961853027,757400,0.0,0.0
2024-10-30 00:00:00-04:00,6.769999980926514,6.809999942779541,6.730000019073486,6.739999771118164,883000,0.0,0.0
2024-10-31 00:00:00-04:00,6.760000228881836,6.760000228881836,6.71999979019165,6.71999979019165,572400,0.0,0.0
2024-11-01 00:00:00-04:00,6.710000038146973,6.75,6.670000076293945,6.71999979019165,1071300,0.0,0.0
2024-11-04 00:00:00-05:00,6.71999979019165,6.760000228881836,6.699999809265137,6.71999979019165,788400,0.0,0.0
2024-11-05 00:00:00-05:00,6.71999979019165,6.739999771118164,6.690000057220459,6.710000038146973,668000,0.0,0.0
2024-11-06 00:00:00-05:00,6.639999866485596,6.760000228881836,6.630000114440918,6.699999809265137,1720400,0.0,0.0
2024-11-07 00:00:00-05:00,6.699999809265137,6.730000019073486,6.639999866485596,6.650000095367432,1083100,0.0,0.0
2024-11-08 00:00:00-05:00,6.679999828338623,6.679999828338623,6.610000133514404,6.650000095367432,784200,0.0,0.0
2024-11-11 00:00:00-05:00,6.630000114440918,6.679999828338623,6.630000114440918,6.659999847412109,779900,0.0,0.0
2024-11-12 00:00:00-05:00,6.670000076293945,6.670000076293945,6.639999866485596,6.650000095367432,480400,0.0,0.0
2024-11-13 00:00:00-05:00,6.659999847412109,6.670000076293945,6.610000133514404,6.630000114440918,1398500,0.0,0.0
2024-11-14 00:00:00-05:00,6.630000114440918,6.670000076293945,6.630000114440918,6.639999866485596,998600,0.0,0.0
2024-11-15 00:00:00-05:00,6.659999847412109,6.679999828338623,6.619999885559082,6.639999866485596,952200,0.0,0.0
2024-11-18 00:00:00-05:00,6.619999885559082,6.650000095367432,6.610000133514404,6.639999866485596,868000,0.0,0.0
2024-11-19 00:00:00-05:00,6.610000133514404,6.639999866485596,6.610000133514404,6.630000114440918,705700,0.0,0.0
2024-11-20 00:00:00-05:00,6.619999885559082,6.630000114440918,6.610000133514404,6.610000133514404,591100,0.0,0.0
2024-11-21 00:00:00-05:00,6.639999866485596,6.690000057220459,6.599999904632568,6.610000133514404,1703700,0.0,0.0
2024-11-22 00:00:00-05:00,6.630000114440918,6.650000095367432,6.610000133514404,6.639999866485596,769200,0.0,0.0
2024-11-25 00:00:00-05:00,6.619999885559082,6.659999847412109,6.610000133514404,6.619999885559082,862800,0.0,0.0
2024-11-26 00:00:00-05:00,6.619999885559082,6.639999866485596,6.599999904632568,6.610000133514404,528400,0.0,0.0
2024-11-27 00:00:00-05:00,6.619999885559082,6.650000095367432,6.599999904632568,6.610000133514404,1635200,0.0,0.0
2024-11-29 00:00:00-05:00,6.619999885559082,6.630000114440918,6.610000133514404,6.610000133514404,372200,0.0,0.0
2024-12-02 00:00:00-05:00,6.599999904632568,6.650000095367432,6.599999904632568,6.619999885559082,521500,0.0,0.0
2024-12-03 00:00:00-05:00,6.619999885559082,6.659999847412109,6.619999885559082,6.630000114440918,605700,0.0,0.0
2024-12-04 00:00:00-05:00,6.630000114440918,6.650000095367432,6.619999885559082,6.639999866485596,569200,0.0,0.0
2024-12-05 00:00:00-05:00,6.630000114440918,6.639999866485596,6.619999885559082,6.630000114440918,577500,0.0,0.0
2024-12-06 00:00:00-05:00,6.639999866485596,6.639999866485596,6.619999885559082,6.630000114440918,278100,0.0,0.0
2024-12-09 00:00:00-05:00,6.510000228881836,6.630000114440918,6.510000228881836,6.599999904632568,770600,0.0,0.0
2024-12-10 00:00:00-05:00,6.610000133514404,6.639999866485596,6.610000133514404,6.610000133514404,715100,0.0,0.0
2024-12-11 00:00:00-05:00,6.619999885559082,6.630000114440918,6.599999904632568,6.599999904632568,1336900,0.0,0.0
2024-12-12 00:00:00-05:00,6.699999809265137,6.699999809265137,6.579999923706055,6.579999923706055,771800,0.0,0.0
2024-12-13 00:00:00-05:00,6.579999923706055,6.610000133514404,6.579999923706055,6.590000152587891,1187800,0.0,0.0
2024-12-16 00:00:00-05:00,6.590000152587891,6.610000133514404,6.590000152587891,6.610000133514404,1116400,0.0,0.0
2024-12-17 00:00:00-05:00,6.610000133514404,6.619999885559082,6.570000171661377,6.599999904632568,1308700,0.0,0.0
2024-12-18 00:00:00-05:00,6.610000133514404,6.610000133514404,6.550000190734863,6.579999923706055,1180200,0.0,0.0
2024-12-19 00:00:00-05:00,6.570000171661377,6.610000133514404,6.559999942779541,6.559999942779541,845500,0.0,0.0
2024-12-20 00:00:00-05:00,6.559999942779541,6.599999904632568,6.559999942779541,6.599999904632568,1293800,0.0,0.0
2024-12-23 00:00:00-05:00,6.570000171661377,6.590000152587891,6.559999942779541,6.590000152587891,626700,0.0,0.0
2024-12-24 00:00:00-05:00,6.570000171661377,6.619999885559082,6.570000171661377,6.619999885559082,299200,0.0,0.0
2024-12-26 00:00:00-05:00,6.579999923706055,6.630000114440918,6.570000171661377,6.610000133514404,581300,0.0,0.0
2024-12-27 00:00:00-05:00,6.599999904632568,6.619999885559082,6.570000171661377,6.570000171661377,450800,0.0,0.0
2024-12-30 00:00:00-05:00,6.559999942779541,6.570000171661377,6.559999942779541,6.559999942779541,427500,0.0,0.0
2024-12-31 00:00:00-05:00,6.559999942779541,6.579999923706055,6.550000190734863,6.570000171661377,530700,0.0,0.0
2025-01-02 00:00:00-05:00,6.579999923706055,6.619999885559082,6.570000171661377,6.570000171661377,560000,0.0,0.0
2025-01-03 00:00:00-05:00,6.579999923706055,6.619999885559082,6.570000171661377,6.590000152587891,358500,0.0,0.0
