Date,Open,High,Low,Close,Volume,Dividends,Stock Splits,Capital Gains
2009-09-28 00:00:00-04:00,18.91695785522461,18.91695785522461,18.91695785522461,18.91695785522461,100,0.0,0.0,0.0
2009-09-29 00:00:00-04:00,18.98500110539142,18.98500110539142,18.84890768007608,18.901832580566406,20800,0.0,0.0,0.0
2009-09-30 00:00:00-04:00,18.682570179687296,18.780860514308287,18.682570179687296,18.735496520996094,800,0.0,0.0,0.0
2009-10-01 00:00:00-04:00,18.65232707276934,18.65232707276934,18.56915855407715,18.56915855407715,28400,0.0,0.0,0.0
2009-10-02 00:00:00-04:00,18.56915855407715,18.56915855407715,18.56915855407715,18.56915855407715,0,0.0,0.0,0.0
2009-10-05 00:00:00-04:00,18.56915855407715,18.56915855407715,18.56915855407715,18.56915855407715,0,0.0,0.0,0.0
2009-10-06 00:00:00-04:00,18.81110954284668,18.81110954284668,18.81110954284668,18.81110954284668,400,0.0,0.0,0.0
2009-10-07 00:00:00-04:00,18.81110954284668,18.81110954284668,18.81110954284668,18.81110954284668,0,0.0,0.0,0.0
2009-10-08 00:00:00-04:00,19.015247522757893,19.015247522757893,19.007686614990234,19.007686614990234,1300,0.0,0.0,0.0
2009-10-09 00:00:00-04:00,19.000120162963867,19.000120162963867,19.000120162963867,19.000120162963867,100,0.0,0.0,0.0
2009-10-12 00:00:00-04:00,19.000120162963867,19.000120162963867,19.000120162963867,19.000120162963867,0,0.0,0.0,0.0
2009-10-13 00:00:00-04:00,19.000120162963867,19.000120162963867,19.000120162963867,19.000120162963867,0,0.0,0.0,0.0
2009-10-14 00:00:00-04:00,19.279862770351816,19.43107795715332,19.279862770351816,19.43107795715332,106000,0.0,0.0,0.0
2009-10-15 00:00:00-04:00,19.43107795715332,19.43107795715332,19.43107795715332,19.43107795715332,0,0.0,0.0,0.0
2009-10-16 00:00:00-04:00,19.355477903734517,19.355477903734517,19.31011390686035,19.31011390686035,15200,0.0,0.0,0.0
2009-10-19 00:00:00-04:00,19.31011390686035,19.31011390686035,19.31011390686035,19.31011390686035,0,0.0,0.0,0.0
2009-10-20 00:00:00-04:00,19.499128341674805,19.499128341674805,19.499128341674805,19.499128341674805,500,0.0,0.0,0.0
2009-10-21 00:00:00-04:00,19.242069244384766,19.242069244384766,19.234508337082783,19.242069244384766,43200,0.0,0.0,0.0
2009-10-22 00:00:00-04:00,19.27986699701456,19.28742790222168,19.257184281393208,19.28742790222168,3700,0.0,0.0,0.0
2009-10-23 00:00:00-04:00,19.23451097206224,19.272314071655273,19.23451097206224,19.272314071655273,10200,0.0,0.0,0.0
2009-10-26 00:00:00-04:00,19.26474713094,19.26474713094,19.037925720214844,19.037925720214844,7400,0.0,0.0,0.0
2009-10-27 00:00:00-04:00,19.007686614990234,19.007686614990234,19.007686614990234,19.007686614990234,1000,0.0,0.0,0.0
2009-10-28 00:00:00-04:00,18.88670860716035,18.88670860716035,18.788419723510742,18.788419723510742,2500,0.0,0.0,0.0
2009-10-29 00:00:00-04:00,19.01525115966797,19.01525115966797,19.01525115966797,19.01525115966797,200,0.0,0.0,0.0
2009-10-30 00:00:00-04:00,18.97743189250297,18.97743189250297,18.599395406365836,18.614517211914062,19200,0.0,0.0,0.0
2009-11-02 00:00:00-05:00,18.780861333356857,18.788422239587852,18.470871388363154,18.57672119140625,24900,0.0,0.0,0.0
2009-11-03 00:00:00-05:00,18.523799896240234,18.523799896240234,18.523799896240234,18.523799896240234,400,0.0,0.0,0.0
2009-11-04 00:00:00-05:00,18.83378706459923,18.932077407836914,18.83378706459923,18.932077407836914,3200,0.0,0.0,0.0
2009-11-05 00:00:00-05:00,18.932077407836914,18.932077407836914,18.932077407836914,18.932077407836914,0,0.0,0.0,0.0
2009-11-06 00:00:00-05:00,19.090848922729492,19.090848922729492,19.090848922729492,19.090848922729492,2000,0.0,0.0,0.0
2009-11-09 00:00:00-05:00,19.385720323632437,19.423524856567383,19.385720323632437,19.423524856567383,1400,0.0,0.0,0.0
2009-11-10 00:00:00-05:00,19.514250829868082,19.55205535888672,19.514250829868082,19.55205535888672,300,0.0,0.0,0.0
2009-11-11 00:00:00-05:00,19.70326805114746,19.70326805114746,19.70326805114746,19.70326805114746,400,0.0,0.0,0.0
2009-11-12 00:00:00-05:00,19.70326805114746,19.70326805114746,19.70326805114746,19.70326805114746,0,0.0,0.0,0.0
2009-11-13 00:00:00-05:00,19.506698608398438,19.506698608398438,19.506698608398438,19.506698608398438,1000,0.0,0.0,0.0
2009-11-16 00:00:00-05:00,19.506698608398438,19.506698608398438,19.506698608398438,19.506698608398438,0,0.0,0.0,0.0
2009-11-17 00:00:00-05:00,19.862051010131836,19.862051010131836,19.862051010131836,19.862051010131836,100,0.0,0.0,0.0
2009-11-18 00:00:00-05:00,19.89228630065918,19.89228630065918,19.89228630065918,19.89228630065918,700,0.0,0.0,0.0
2009-11-19 00:00:00-05:00,19.5974178314209,19.5974178314209,19.5974178314209,19.5974178314209,200,0.0,0.0,0.0
2009-11-20 00:00:00-05:00,19.5974178314209,19.5974178314209,19.5974178314209,19.5974178314209,0,0.0,0.0,0.0
2009-11-23 00:00:00-05:00,19.831798553466797,19.831798553466797,19.831798553466797,19.831798553466797,300,0.0,0.0,0.0
2009-11-24 00:00:00-05:00,19.846920581916855,19.884723663330078,19.846920581916855,19.884723663330078,7800,0.0,0.0,0.0
2009-11-25 00:00:00-05:00,19.914976119995117,19.914976119995117,19.914976119995117,19.914976119995117,400,0.0,0.0,0.0
2009-11-27 00:00:00-05:00,19.400841903924647,19.68815058239955,19.332795187554037,19.68058967590332,1100,0.0,0.0,0.0
2009-11-30 00:00:00-05:00,19.62766695743375,19.688154220581055,19.62766695743375,19.688154220581055,800,0.0,0.0,0.0
2009-12-01 00:00:00-05:00,19.688154220581055,19.688154220581055,19.688154220581055,19.688154220581055,0,0.0,0.0,0.0
2009-12-02 00:00:00-05:00,19.907411575317383,19.907411575317383,19.907411575317383,19.907411575317383,500,0.0,0.0,0.0
2009-12-03 00:00:00-05:00,19.907411575317383,19.907411575317383,19.907411575317383,19.907411575317383,0,0.0,0.0,0.0
2009-12-04 00:00:00-05:00,20.043499822418834,20.043499822418834,19.945209503173828,19.945209503173828,6200,0.0,0.0,0.0
2009-12-07 00:00:00-05:00,19.862051010131836,19.862051010131836,19.862051010131836,19.862051010131836,200,0.0,0.0,0.0
2009-12-08 00:00:00-05:00,19.665462400354972,19.665462400354972,19.544490814208984,19.544490814208984,400,0.0,0.0,0.0
2009-12-09 00:00:00-05:00,19.544490814208984,19.544490814208984,19.544490814208984,19.544490814208984,0,0.0,0.0,0.0
2009-12-10 00:00:00-05:00,19.756191078974826,19.763751983642578,19.756191078974826,19.763751983642578,400,0.0,0.0,0.0
2009-12-11 00:00:00-05:00,19.84692036270311,19.84692036270311,19.831798553466797,19.831798553466797,200,0.0,0.0,0.0
2009-12-14 00:00:00-05:00,19.907411575317383,19.907411575317383,19.907411575317383,19.907411575317383,300,0.0,0.0,0.0
2009-12-15 00:00:00-05:00,19.84692036270311,19.84692036270311,19.831798553466797,19.831798553466797,6000,0.0,0.0,0.0
2009-12-16 00:00:00-05:00,19.831798553466797,19.831798553466797,19.831798553466797,19.831798553466797,0,0.0,0.0,0.0
2009-12-17 00:00:00-05:00,19.71082926977745,19.71082926977745,19.627660751342773,19.627660751342773,300,0.0,0.0,0.0
2009-12-18 00:00:00-05:00,19.627660751342773,19.627660751342773,19.627660751342773,19.627660751342773,0,0.0,0.0,0.0
2009-12-21 00:00:00-05:00,19.95277677475457,19.95277677475457,19.930095495456758,19.93765640258789,8500,0.0,0.0,0.0
2009-12-22 00:00:00-05:00,19.99813322694295,20.00569268857998,19.97545051574707,19.97545051574707,15500,0.0,0.0,0.0
2009-12-23 00:00:00-05:00,20.09333610534668,20.09333610534668,20.09333610534668,20.09333610534668,0,0.155,0.0,0.0
2009-12-24 00:00:00-05:00,20.062915802001953,20.062915802001953,20.062915802001953,20.062915802001953,200,0.0,0.0,0.0
2009-12-28 00:00:00-05:00,20.085735321044922,20.085735321044922,20.085735321044922,20.085735321044922,400,0.0,0.0,0.0
2009-12-29 00:00:00-05:00,20.146577835083008,20.154183361367544,20.146577835083008,20.146577835083008,600,0.0,0.0,0.0
2009-12-30 00:00:00-05:00,20.062914007016193,20.100941629929302,20.040098883873817,20.09333610534668,14700,0.0,0.0,0.0
2009-12-31 00:00:00-05:00,20.078129794667376,20.10094637380001,20.032498087007944,20.085735321044922,7000,0.0,0.0,0.0
2010-01-04 00:00:00-05:00,20.100948553959032,20.29108238220215,20.100948553959032,20.29108238220215,4400,0.0,0.0,0.0
2010-01-05 00:00:00-05:00,20.260658264160156,20.260658264160156,20.260658264160156,20.260658264160156,200,0.0,0.0,0.0
2010-01-06 00:00:00-05:00,20.32910357919728,20.359525680541992,20.32910357919728,20.359525680541992,300,0.0,0.0,0.0
2010-01-07 00:00:00-05:00,20.283472854767748,20.36713218688965,20.283472854767748,20.36713218688965,600,0.0,0.0,0.0
2010-01-08 00:00:00-05:00,20.36713218688965,20.36713218688965,20.36713218688965,20.36713218688965,300,0.0,0.0,0.0
2010-01-11 00:00:00-05:00,20.420364039033682,20.465995730627125,20.420364039033682,20.45078468322754,4900,0.0,0.0,0.0
2010-01-12 00:00:00-05:00,20.38234446892025,20.38234446892025,20.253053416181178,20.31389617919922,18200,0.0,0.0,0.0
2010-01-13 00:00:00-05:00,20.31389617919922,20.31389617919922,20.31389617919922,20.31389617919922,0,0.0,0.0,0.0
2010-01-14 00:00:00-05:00,20.51924329063493,20.54966540077132,20.4584005209682,20.534454345703125,5300,0.0,0.0,0.0
2010-01-15 00:00:00-05:00,20.50402136099774,20.50402136099774,20.29107250540735,20.32149314880371,8400,0.0,0.0,0.0
2010-01-19 00:00:00-05:00,20.564882278442383,20.564882278442383,20.564882278442383,20.564882278442383,300,0.0,0.0,0.0
2010-01-20 00:00:00-05:00,20.41276890087734,20.41276890087734,20.199818480754832,20.298688888549805,8300,0.0,0.0,0.0
2010-01-21 00:00:00-05:00,20.108548498624565,20.108548498624565,19.948835372924805,19.948835372924805,8300,0.0,0.0,0.0
2010-01-22 00:00:00-05:00,19.865175240234695,19.933622057062745,19.507722854614258,19.507722854614258,7800,0.0,0.0,0.0
2010-01-25 00:00:00-05:00,19.56096629523399,19.68265182035163,19.56096629523399,19.637020111083984,7000,0.0,0.0,0.0
2010-01-26 00:00:00-05:00,19.530545690990703,19.667442269762134,19.530545690990703,19.652231216430664,6500,0.0,0.0,0.0
2010-01-27 00:00:00-05:00,19.50772990998886,19.50772990998886,19.484914779663086,19.484914779663086,800,0.0,0.0,0.0
2010-01-28 00:00:00-05:00,19.50772990998886,19.50772990998886,19.484914779663086,19.484914779663086,2800,0.0,0.0,0.0
2010-01-29 00:00:00-05:00,19.477307293179862,19.560965180301245,19.469701766967773,19.469701766967773,1400,0.0,0.0,0.0
2010-02-01 00:00:00-05:00,19.3480224609375,19.3480224609375,19.3480224609375,19.3480224609375,400,0.0,0.0,0.0
2010-02-02 00:00:00-05:00,19.62180247291753,19.65983009338379,19.62180247291753,19.65983009338379,2000,0.0,0.0,0.0
2010-02-03 00:00:00-05:00,19.675045013427734,19.675045013427734,19.675045013427734,19.675045013427734,100,0.0,0.0,0.0
2010-02-04 00:00:00-05:00,19.492521025737844,19.492521025737844,19.150280977303147,19.157886505126953,3600,0.0,0.0,0.0
2010-02-05 00:00:00-05:00,19.07422792754198,19.07422792754198,18.884094076011216,18.975358963012695,1800,0.0,0.0,0.0
2010-02-08 00:00:00-05:00,19.12745620325659,19.12745620325659,19.013376235961914,19.013376235961914,6100,0.0,0.0,0.0
2010-02-09 00:00:00-05:00,19.0361961964908,19.271961697593447,19.0361961964908,19.15027618408203,6400,0.0,0.0,0.0
2010-02-10 00:00:00-05:00,19.013377381340337,19.18830010510333,19.013377381340337,19.180694580078125,1800,0.0,0.0,0.0
2010-02-11 00:00:00-05:00,19.097041383925347,19.294780731201172,19.005776511872686,19.294780731201172,6000,0.0,0.0,0.0
2010-02-12 00:00:00-05:00,19.04379948144116,19.20351115515374,19.036193956415953,19.180694580078125,12900,0.0,0.0,0.0
2010-02-16 00:00:00-05:00,19.431671142578125,19.431671142578125,19.431671142578125,19.431671142578125,200,0.0,0.0,0.0
2010-02-17 00:00:00-05:00,19.65983009338379,19.65983009338379,19.65983009338379,19.65983009338379,300,0.0,0.0,0.0
2010-02-18 00:00:00-05:00,19.796730041503906,19.796730041503906,19.796730041503906,19.796730041503906,200,0.0,0.0,0.0
2010-02-19 00:00:00-05:00,19.81194619870964,19.81194619870964,19.758708953857422,19.758708953857422,500,0.0,0.0,0.0
2010-02-22 00:00:00-05:00,19.789124406901085,19.789124406901085,19.766307830810547,19.766307830810547,4500,0.0,0.0,0.0
2010-02-23 00:00:00-05:00,19.56095735269004,19.56095735269004,19.545747756958008,19.545747756958008,400,0.0,0.0,0.0
2010-02-24 00:00:00-05:00,19.545747756958008,19.545747756958008,19.545747756958008,19.545747756958008,0,0.0,0.0,0.0
2010-02-25 00:00:00-05:00,19.424072265625,19.424072265625,19.424072265625,19.424072265625,500,0.0,0.0,0.0
2010-02-26 00:00:00-05:00,19.69786077145229,19.713071823120117,19.69786077145229,19.713071823120117,600,0.0,0.0,0.0
2010-03-01 00:00:00-05:00,19.84236341080139,19.857574462890625,19.84236341080139,19.857574462890625,9600,0.0,0.0,0.0
2010-03-02 00:00:00-05:00,19.99447327691688,19.99447327691688,19.941234588623047,19.941234588623047,500,0.0,0.0,0.0
2010-03-03 00:00:00-05:00,19.979254636608662,20.002069758036743,19.941227016552887,19.956438064575195,2000,0.0,0.0,0.0
2010-03-04 00:00:00-05:00,19.971655819534014,20.002076475189202,19.94883923983822,19.96405029296875,900,0.0,0.0,0.0
2010-03-05 00:00:00-05:00,20.17700037444154,20.268263790608366,20.17700037444154,20.260658264160156,1000,0.0,0.0,0.0
2010-03-08 00:00:00-05:00,20.260658264160156,20.260658264160156,20.260658264160156,20.260658264160156,0,0.0,0.0,0.0
2010-03-09 00:00:00-05:00,20.260658264160156,20.260658264160156,20.260658264160156,20.260658264160156,0,0.0,0.0,0.0
2010-03-10 00:00:00-05:00,20.397557334489928,20.420373916625977,20.397557334489928,20.420373916625977,500,0.0,0.0,0.0
2010-03-11 00:00:00-05:00,20.33671456606648,20.420373916625977,20.31389798393043,20.420373916625977,2700,0.0,0.0,0.0
2010-03-12 00:00:00-05:00,20.45839500427246,20.45839500427246,20.45839500427246,20.45839500427246,1000,0.0,0.0,0.0
2010-03-15 00:00:00-04:00,20.397550582885742,20.397550582885742,20.397550582885742,20.397550582885742,1000,0.0,0.0,0.0
2010-03-16 00:00:00-04:00,20.54967121906743,20.564882278442383,20.54967121906743,20.564882278442383,1000,0.0,0.0,0.0
2010-03-17 00:00:00-04:00,20.709373474121094,20.709373474121094,20.709373474121094,20.709373474121094,200,0.0,0.0,0.0
2010-03-18 00:00:00-04:00,20.747404098510742,20.747404098510742,20.747404098510742,20.747404098510742,300,0.0,0.0,0.0
2010-03-19 00:00:00-04:00,20.747404098510742,20.747404098510742,20.747404098510742,20.747404098510742,0,0.0,0.0,0.0
2010-03-22 00:00:00-04:00,20.54205640695793,20.7702163920568,20.54205640695793,20.755006790161133,2100,0.0,0.0,0.0
2010-03-23 00:00:00-04:00,20.755006790161133,20.755006790161133,20.755006790161133,20.755006790161133,0,0.0,0.0,0.0
2010-03-24 00:00:00-04:00,20.826744079589844,20.826744079589844,20.826744079589844,20.826744079589844,0,0.094,0.0,0.0
2010-03-25 00:00:00-04:00,21.009904344922788,21.009904344922788,20.880166413485032,20.91069221496582,2000,0.0,0.0,0.0
2010-03-26 00:00:00-04:00,20.742801666259766,20.742801666259766,20.742801666259766,20.742801666259766,1800,0.0,0.0,0.0
2010-03-29 00:00:00-04:00,20.742801666259766,20.742801666259766,20.742801666259766,20.742801666259766,0,0.0,0.0,0.0
2010-03-30 00:00:00-04:00,20.742801666259766,20.742801666259766,20.742801666259766,20.742801666259766,0,0.0,0.0,0.0
2010-03-31 00:00:00-04:00,20.742801666259766,20.742801666259766,20.742801666259766,20.742801666259766,0,0.0,0.0,0.0
2010-04-01 00:00:00-04:00,20.971742118757692,20.979373931884766,20.971742118757692,20.979373931884766,200,0.0,0.0,0.0
2010-04-05 00:00:00-04:00,21.101481367895772,21.116744995117188,21.101481367895772,21.116744995117188,3000,0.0,0.0,0.0
2010-04-06 00:00:00-04:00,21.170166015625,21.170166015625,21.170166015625,21.170166015625,100,0.0,0.0,0.0
2010-04-07 00:00:00-04:00,21.101478412964575,21.162531457681105,21.025161743164062,21.025161743164062,4900,0.0,0.0,0.0
2010-04-08 00:00:00-04:00,21.025161743164062,21.025161743164062,21.025161743164062,21.025161743164062,0,0.0,0.0,0.0
2010-04-09 00:00:00-04:00,21.17780113220215,21.17780113220215,21.17780113220215,21.17780113220215,2800,0.0,0.0,0.0
2010-04-12 00:00:00-04:00,21.292266845703125,21.322794092266776,21.292266845703125,21.292266845703125,2600,0.0,0.0,0.0
2010-04-13 00:00:00-04:00,21.277007623700527,21.277007623700527,21.26174545288086,21.26174545288086,1900,0.0,0.0,0.0
2010-04-14 00:00:00-04:00,21.490699768066406,21.490699768066406,21.490699768066406,21.490699768066406,100,0.0,0.0,0.0
2010-04-15 00:00:00-04:00,21.55175018310547,21.55175018310547,21.55175018310547,21.55175018310547,800,0.0,0.0,0.0
2010-04-16 00:00:00-04:00,21.223590420790888,21.223590420790888,21.208328247070312,21.208328247070312,900,0.0,0.0,0.0
2010-04-19 00:00:00-04:00,21.193056205609725,21.292266845703125,21.193056205609725,21.292266845703125,3900,0.0,0.0,0.0
2010-04-20 00:00:00-04:00,21.444905211628786,21.460168838500977,21.444905211628786,21.460168838500977,2000,0.0,0.0,0.0
2010-04-21 00:00:00-04:00,21.505957079749912,21.505957079749912,21.39911460876465,21.39911460876465,9800,0.0,0.0,0.0
2010-04-22 00:00:00-04:00,21.292270955962888,21.33806037902832,21.292270955962888,21.33806037902832,15300,0.0,0.0,0.0
2010-04-23 00:00:00-04:00,21.42200698271607,21.444902420043945,21.42200698271607,21.444902420043945,1900,0.0,0.0,0.0
2010-04-26 00:00:00-04:00,21.582281861726585,21.582281861726585,21.521228790283203,21.521228790283203,2100,0.0,0.0,0.0
2010-04-27 00:00:00-04:00,21.368591179107014,21.414380609774426,21.063325881958008,21.063325881958008,1100,0.0,0.0,0.0
2010-04-28 00:00:00-04:00,21.11674477652266,21.170166015625,21.040428096825202,21.170166015625,3900,0.0,0.0,0.0
2010-04-29 00:00:00-04:00,21.414379119873047,21.414379119873047,21.414379119873047,21.414379119873047,200,0.0,0.0,0.0
2010-04-30 00:00:00-04:00,21.17779915660941,21.17779915660941,21.078588485717773,21.078588485717773,9100,0.0,0.0,0.0
2010-05-03 00:00:00-04:00,21.21595823661134,21.21595823661134,21.18543243408203,21.18543243408203,1800,0.0,0.0,0.0
2010-05-04 00:00:00-04:00,21.078587738749583,21.078587738749583,20.803848266601562,20.803848266601562,4200,0.0,0.0,0.0
2010-05-05 00:00:00-04:00,20.773321302158028,20.773321302158028,20.60542576439713,20.620689392089844,1700,0.0,0.0,0.0
2010-05-06 00:00:00-04:00,20.628318103438932,20.643580273216564,19.536993633079046,20.09410285949707,3300,0.0,0.0,0.0
2010-05-07 00:00:00-04:00,19.689621833905868,19.918571805139617,19.689621833905868,19.834623336791992,5200,0.0,0.0,0.0
2010-05-10 00:00:00-04:00,20.63595404523248,20.63595404523248,20.605426788330078,20.605426788330078,2800,0.0,0.0,0.0
2010-05-11 00:00:00-04:00,20.483312606811523,20.483312606811523,20.483312606811523,20.483312606811523,1000,0.0,0.0,0.0
2010-05-12 00:00:00-04:00,20.71226795734568,20.803848266601562,20.69700578548606,20.803848266601562,1800,0.0,0.0,0.0
2010-05-13 00:00:00-04:00,20.803848266601562,20.803848266601562,20.803848266601562,20.803848266601562,0,0.0,0.0,0.0
2010-05-14 00:00:00-04:00,20.208579505377426,20.216211318969727,20.208579505377426,20.216211318969727,800,0.0,0.0,0.0
2010-05-17 00:00:00-04:00,20.20094615954224,20.239105224609375,20.20094615954224,20.239105224609375,1200,0.0,0.0,0.0
2010-05-18 00:00:00-04:00,19.918581008911133,19.918581008911133,19.918581008911133,19.918581008911133,2000,0.0,0.0,0.0
2010-05-19 00:00:00-04:00,19.82699673416853,19.842260360717773,19.72015425956292,19.842260360717773,3500,0.0,0.0,0.0
2010-05-20 00:00:00-04:00,19.369099696836344,19.46068000793457,19.2317314136185,19.46068000793457,3800,0.0,0.0,0.0
2010-05-21 00:00:00-04:00,19.063833834041958,19.262256622314453,19.063833834041958,19.262256622314453,1200,0.0,0.0,0.0
2010-05-24 00:00:00-04:00,19.262256622314453,19.262256622314453,19.262256622314453,19.262256622314453,0,0.0,0.0,0.0
2010-05-25 00:00:00-04:00,18.834885887000965,19.00278142634508,18.78909645911069,18.995149612426758,4000,0.0,0.0,0.0
2010-05-26 00:00:00-04:00,18.995149612426758,18.995149612426758,18.995149612426758,18.995149612426758,0,0.0,0.0,0.0
2010-05-27 00:00:00-04:00,19.308042526245117,19.308042526245117,19.308042526245117,19.308042526245117,200,0.0,0.0,0.0
2010-05-28 00:00:00-04:00,19.552262750733647,19.552262750733647,19.45305061340332,19.45305061340332,1400,0.0,0.0,0.0
2010-06-01 00:00:00-04:00,19.239362716674805,19.239362716674805,19.239362716674805,19.239362716674805,200,0.0,0.0,0.0
2010-06-02 00:00:00-04:00,19.430155168876357,19.45305061340332,19.430155168876357,19.45305061340332,1700,0.0,0.0,0.0
2010-06-03 00:00:00-04:00,19.666733502234155,19.666733502234155,19.498836517333984,19.498836517333984,2500,0.0,0.0,0.0
2010-06-04 00:00:00-04:00,19.25463227209526,19.308053532794965,18.88068199157715,18.88068199157715,600,0.0,0.0,0.0
2010-06-07 00:00:00-04:00,19.010413834228153,19.010413834228153,18.964624404907227,18.964624404907227,900,0.0,0.0,0.0
2010-06-08 00:00:00-04:00,18.743309387572978,18.766204833984375,18.743309387572978,18.766204833984375,1600,0.0,0.0,0.0
2010-06-09 00:00:00-04:00,19.109627743067005,19.109627743067005,18.888309478759766,18.888309478759766,500,0.0,0.0,0.0
2010-06-10 00:00:00-04:00,18.888309478759766,18.888309478759766,18.888309478759766,18.888309478759766,0,0.0,0.0,0.0
2010-06-11 00:00:00-04:00,18.888309478759766,18.888309478759766,18.888309478759766,18.888309478759766,0,0.0,0.0,0.0
2010-06-14 00:00:00-04:00,19.559895631241545,19.559895631241545,19.407263681580286,19.422527313232422,1800,0.0,0.0,0.0
2010-06-15 00:00:00-04:00,19.498843287215387,19.689634323120117,19.498843287215387,19.689634323120117,800,0.0,0.0,0.0
2010-06-16 00:00:00-04:00,19.78121566772461,19.78121566772461,19.78121566772461,19.78121566772461,200,0.0,0.0,0.0
2010-06-17 00:00:00-04:00,19.78121566772461,19.78121566772461,19.78121566772461,19.78121566772461,0,0.0,0.0,0.0
2010-06-18 00:00:00-04:00,19.78121566772461,19.78121566772461,19.78121566772461,19.78121566772461,0,0.0,0.0,0.0
2010-06-21 00:00:00-04:00,19.78121566772461,19.78121566772461,19.78121566772461,19.78121566772461,0,0.0,0.0,0.0
2010-06-22 00:00:00-04:00,19.6972599029541,19.6972599029541,19.6972599029541,19.6972599029541,1200,0.0,0.0,0.0
2010-06-23 00:00:00-04:00,19.48357618592447,19.491208000106045,19.323310999350856,19.399627685546875,800,0.0,0.0,0.0
2010-06-24 00:00:00-04:00,19.399627685546875,19.399627685546875,19.399627685546875,19.399627685546875,0,0.0,0.0,0.0
2010-06-25 00:00:00-04:00,19.147784161748312,19.163047790527344,19.140152347358796,19.163047790527344,400,0.0,0.0,0.0
2010-06-28 00:00:00-04:00,19.163047790527344,19.163047790527344,19.163047790527344,19.163047790527344,0,0.0,0.0,0.0
2010-06-29 00:00:00-04:00,18.666984767602937,18.666984767602937,18.613563537597656,18.613563537597656,1200,0.0,0.0,0.0
2010-06-30 00:00:00-04:00,18.54488827163277,18.590679168701172,18.54488827163277,18.590679168701172,1800,0.0,0.0,0.0
2010-07-01 00:00:00-04:00,18.338830802835556,18.361724790438423,18.04119586342041,18.262514114379883,6600,0.0,0.0,0.0
2010-07-02 00:00:00-04:00,18.416684255674205,18.416684255674205,18.240264892578125,18.240264892578125,1300,0.121,0.0,0.0
2010-07-06 00:00:00-04:00,18.240264892578125,18.240264892578125,18.240264892578125,18.240264892578125,0,0.0,0.0,0.0
2010-07-07 00:00:00-04:00,18.59311027564964,18.79254150390625,18.59311027564964,18.79254150390625,1500,0.0,0.0,0.0
2010-07-08 00:00:00-04:00,18.90759453775837,19.00731086730957,18.90759453775837,19.00731086730957,3300,0.0,0.0,0.0
2010-07-09 00:00:00-04:00,19.00731086730957,19.00731086730957,19.00731086730957,19.00731086730957,0,0.0,0.0,0.0
2010-07-12 00:00:00-04:00,19.176057815551758,19.176057815551758,19.176057815551758,19.176057815551758,500,0.0,0.0,0.0
2010-07-13 00:00:00-04:00,19.398497700943402,19.413837432861328,19.398497700943402,19.413837432861328,500,0.0,0.0,0.0
2010-07-14 00:00:00-04:00,19.413837432861328,19.413837432861328,19.413837432861328,19.413837432861328,0,0.0,0.0,0.0
2010-07-15 00:00:00-04:00,19.3064553975344,19.467533583692727,19.29111419989538,19.429182052612305,3900,0.0,0.0,0.0
2010-07-16 00:00:00-04:00,19.39083299981274,19.39083299981274,19.114697259086853,19.12236785888672,400,0.0,0.0,0.0
2010-07-19 00:00:00-04:00,19.12236785888672,19.12236785888672,19.12236785888672,19.12236785888672,0,0.0,0.0,0.0
2010-07-20 00:00:00-04:00,18.815550794074323,19.13770866394043,18.815550794074323,19.13770866394043,200,0.0,0.0,0.0
2010-07-21 00:00:00-04:00,19.229747772216797,19.229747772216797,19.229747772216797,19.229747772216797,500,0.0,0.0,0.0
2010-07-22 00:00:00-04:00,19.482875066705304,19.482875066705304,19.44452353506313,19.475204467773438,1600,0.0,0.0,0.0
2010-07-23 00:00:00-04:00,19.475204467773438,19.475204467773438,19.475204467773438,19.475204467773438,0,0.0,0.0,0.0
2010-07-26 00:00:00-04:00,19.71298868546234,19.71298868546234,19.68230628967285,19.68230628967285,1200,0.0,0.0,0.0
2010-07-27 00:00:00-04:00,19.759017458683235,19.80503960482196,19.728335052578984,19.7973690032959,3600,0.0,0.0,0.0
2010-07-28 00:00:00-04:00,19.736000061035156,19.736000061035156,19.736000061035156,19.736000061035156,500,0.0,0.0,0.0
2010-07-29 00:00:00-04:00,19.651628088706797,19.651628088706797,19.459867477416992,19.459867477416992,1200,0.0,0.0,0.0
2010-07-30 00:00:00-04:00,19.406170298475953,19.63628387451172,19.406170298475953,19.63628387451172,400,0.0,0.0,0.0
2010-08-02 00:00:00-04:00,19.63628387451172,19.63628387451172,19.63628387451172,19.63628387451172,0,0.0,0.0,0.0
2010-08-03 00:00:00-04:00,19.63628387451172,19.63628387451172,19.63628387451172,19.63628387451172,0,0.0,0.0,0.0
2010-08-04 00:00:00-04:00,19.950769057322717,19.950769057322717,19.927757263183594,19.927757263183594,7000,0.0,0.0,0.0
2010-08-05 00:00:00-04:00,19.927757263183594,19.927757263183594,19.927757263183594,19.927757263183594,0,0.0,0.0,0.0
2010-08-06 00:00:00-04:00,19.90475184620512,19.912420983127888,19.7513427734375,19.7513427734375,700,0.0,0.0,0.0
2010-08-09 00:00:00-04:00,19.7513427734375,19.7513427734375,19.7513427734375,19.7513427734375,0,0.0,0.0,0.0
2010-08-10 00:00:00-04:00,19.7513427734375,19.7513427734375,19.7513427734375,19.7513427734375,0,0.0,0.0,0.0
2010-08-11 00:00:00-04:00,19.659301392904293,19.659301392904293,19.429189195786364,19.467540740966797,3400,0.0,0.0,0.0
2010-08-12 00:00:00-04:00,19.183725531596643,19.337133093259,19.183725531596643,19.329463958740234,1000,0.0,0.0,0.0
2010-08-13 00:00:00-04:00,19.329463958740234,19.329463958740234,19.329463958740234,19.329463958740234,0,0.0,0.0,0.0
2010-08-16 00:00:00-04:00,19.130035295370817,19.199069219136934,19.130035295370817,19.19139862060547,400,0.0,0.0,0.0
2010-08-17 00:00:00-04:00,19.544248580932617,19.544248580932617,19.544248580932617,19.544248580932617,300,0.0,0.0,0.0
2010-08-18 00:00:00-04:00,19.452200079455462,19.559585571289062,19.444529478179117,19.559585571289062,1500,0.0,0.0,0.0
2010-08-19 00:00:00-04:00,19.559585571289062,19.559585571289062,19.559585571289062,19.559585571289062,0,0.0,0.0,0.0
2010-08-20 00:00:00-04:00,19.559585571289062,19.559585571289062,19.559585571289062,19.559585571289062,0,0.0,0.0,0.0
2010-08-23 00:00:00-04:00,19.559585571289062,19.559585571289062,19.559585571289062,19.559585571289062,0,0.0,0.0,0.0
2010-08-24 00:00:00-04:00,18.73884355219089,18.73884355219089,18.715831756591797,18.715831756591797,800,0.0,0.0,0.0
2010-08-25 00:00:00-04:00,18.600779696451248,18.63146209716797,18.600779696451248,18.63146209716797,300,0.0,0.0,0.0
2010-08-26 00:00:00-04:00,18.63146209716797,18.63146209716797,18.63146209716797,18.63146209716797,0,0.0,0.0,0.0
2010-08-27 00:00:00-04:00,18.63146209716797,18.63146209716797,18.63146209716797,18.63146209716797,0,0.0,0.0,0.0
2010-08-30 00:00:00-04:00,18.892257690429688,18.892257690429688,18.892257690429688,18.892257690429688,500,0.0,0.0,0.0
2010-08-31 00:00:00-04:00,18.600774297228348,18.63912582397461,18.562422770482087,18.63912582397461,800,0.0,0.0,0.0
2010-09-01 00:00:00-04:00,18.96128505371271,19.19139862060547,18.96128505371271,19.19139862060547,8300,0.0,0.0,0.0
2010-09-02 00:00:00-04:00,19.19139862060547,19.19139862060547,19.19139862060547,19.19139862060547,0,0.0,0.0,0.0
2010-09-03 00:00:00-04:00,19.19139862060547,19.19139862060547,19.19139862060547,19.19139862060547,0,0.0,0.0,0.0
2010-09-07 00:00:00-04:00,19.4445247958522,19.4445247958522,19.406171798706055,19.406171798706055,6500,0.0,0.0,0.0
2010-09-08 00:00:00-04:00,19.50588607788086,19.582590601093,19.50588607788086,19.50588607788086,3900,0.0,0.0,0.0
2010-09-09 00:00:00-04:00,19.70531951998796,19.720659255981445,19.70531951998796,19.720659255981445,700,0.0,0.0,0.0
2010-09-10 00:00:00-04:00,19.69764892048259,19.72832985548682,19.69764892048259,19.720659255981445,1600,0.0,0.0,0.0
2010-09-13 00:00:00-04:00,19.966120697601315,19.97379129966015,19.874074935913086,19.874074935913086,5600,0.0,0.0,0.0
2010-09-14 00:00:00-04:00,19.874074935913086,19.874074935913086,19.874074935913086,19.874074935913086,0,0.0,0.0,0.0
2010-09-15 00:00:00-04:00,19.950777053833008,19.98145799529881,19.93543585159132,19.950777053833008,12800,0.0,0.0,0.0
2010-09-16 00:00:00-04:00,19.950777053833008,19.950777053833008,19.950777053833008,19.950777053833008,0,0.0,0.0,0.0
2010-09-17 00:00:00-04:00,20.111852645874023,20.111852645874023,20.111852645874023,20.111852645874023,300,0.0,0.0,0.0
2010-09-20 00:00:00-04:00,20.065832362273138,20.357309341430664,20.065832362273138,20.357309341430664,62500,0.0,0.0,0.0
2010-09-21 00:00:00-04:00,20.265254488898783,20.34195899963379,20.2575838915236,20.34195899963379,4200,0.0,0.0,0.0
2010-09-22 00:00:00-04:00,20.21157065442928,20.242251594399196,20.21157065442928,20.234580993652344,5000,0.0,0.0,0.0
2010-09-23 00:00:00-04:00,20.052769956801185,20.08358405162829,20.052769956801185,20.06817626953125,1400,0.114,0.0,0.0
2010-09-24 00:00:00-04:00,20.291586867604284,20.430253982543945,20.291586867604284,20.430253982543945,2600,0.0,0.0,0.0
2010-09-27 00:00:00-04:00,20.391735076904297,20.391735076904297,20.391735076904297,20.391735076904297,100,0.0,0.0,0.0
2010-09-28 00:00:00-04:00,20.229960213238282,20.453367233276367,20.229960213238282,20.453367233276367,4500,0.0,0.0,0.0
2010-09-29 00:00:00-04:00,20.330103689414337,20.414845025756442,20.30699348449707,20.30699348449707,4700,0.0,0.0,0.0
2010-09-30 00:00:00-04:00,20.45335851142366,20.45335851142366,20.32239532470703,20.32239532470703,2200,0.0,0.0,0.0
2010-10-01 00:00:00-04:00,20.32239532470703,20.32239532470703,20.32239532470703,20.32239532470703,0,0.0,0.0,0.0
2010-10-04 00:00:00-04:00,20.32239532470703,20.32239532470703,20.32239532470703,20.32239532470703,0,0.0,0.0,0.0
2010-10-05 00:00:00-04:00,20.32239532470703,20.32239532470703,20.32239532470703,20.32239532470703,0,0.0,0.0,0.0
2010-10-06 00:00:00-04:00,20.615140914916992,20.615140914916992,20.615140914916992,20.615140914916992,900,0.0,0.0,0.0
2010-10-07 00:00:00-04:00,20.64595603942871,20.64595603942871,20.64595603942871,20.64595603942871,600,0.0,0.0,0.0
2010-10-08 00:00:00-04:00,20.64595603942871,20.64595603942871,20.64595603942871,20.64595603942871,0,0.0,0.0,0.0
2010-10-11 00:00:00-04:00,20.64595603942871,20.64595603942871,20.64595603942871,20.64595603942871,0,0.0,0.0,0.0
2010-10-12 00:00:00-04:00,20.64595603942871,20.64595603942871,20.64595603942871,20.64595603942871,0,0.0,0.0,0.0
2010-10-13 00:00:00-04:00,20.969504771806495,21.008024215698242,20.961800883028147,21.008024215698242,1800,0.0,0.0,0.0
2010-10-14 00:00:00-04:00,20.792324659736998,20.853954315185547,20.792324659736998,20.853954315185547,1300,0.0,0.0,0.0
2010-10-15 00:00:00-04:00,20.907886617009623,20.907886617009623,20.900182723999023,20.900182723999023,800,0.0,0.0,0.0
2010-10-18 00:00:00-04:00,20.900182723999023,20.900182723999023,20.900182723999023,20.900182723999023,0,0.0,0.0,0.0
2010-10-19 00:00:00-04:00,20.861658709830294,20.900176694403697,20.746103286743164,20.746103286743164,79200,0.0,0.0,0.0
2010-10-20 00:00:00-04:00,20.746103286743164,20.746103286743164,20.746103286743164,20.746103286743164,0,0.0,0.0,0.0
2010-10-21 00:00:00-04:00,21.115894450001733,21.177524145528515,20.91559757219772,20.938709259033203,8500,0.0,0.0,0.0
2010-10-22 00:00:00-04:00,20.938709259033203,20.938709259033203,20.938709259033203,20.938709259033203,0,0.0,0.0,0.0
2010-10-25 00:00:00-04:00,20.938709259033203,20.938709259033203,20.938709259033203,20.938709259033203,0,0.0,0.0,0.0
2010-10-26 00:00:00-04:00,20.99262073600232,21.085065950902457,20.99262073600232,21.077362060546875,4800,0.0,0.0,0.0
2010-10-27 00:00:00-04:00,21.008024215698242,21.008024215698242,21.008024215698242,21.008024215698242,1900,0.0,0.0,0.0
2010-10-28 00:00:00-04:00,21.008024215698242,21.008024215698242,21.008024215698242,21.008024215698242,0,0.0,0.0,0.0
2010-10-29 00:00:00-04:00,21.077362060546875,21.077362060546875,21.077362060546875,21.077362060546875,800,0.0,0.0,0.0
2010-11-01 00:00:00-04:00,21.223735809326172,21.223735809326172,21.223735809326172,21.223735809326172,100,0.0,0.0,0.0
2010-11-02 00:00:00-04:00,21.223735809326172,21.223735809326172,21.223735809326172,21.223735809326172,0,0.0,0.0,0.0
2010-11-03 00:00:00-04:00,21.28535880615977,21.28535880615977,21.185211181640625,21.185211181640625,1700,0.0,0.0,0.0
2010-11-04 00:00:00-04:00,21.185211181640625,21.185211181640625,21.185211181640625,21.185211181640625,0,0.0,0.0,0.0
2010-11-05 00:00:00-04:00,21.71677277800437,21.77069854736328,21.71677277800437,21.77069854736328,300,0.0,0.0,0.0
2010-11-08 00:00:00-05:00,21.77069854736328,21.77069854736328,21.77069854736328,21.77069854736328,0,0.0,0.0,0.0
2010-11-09 00:00:00-05:00,21.77069854736328,21.77069854736328,21.77069854736328,21.77069854736328,0,0.0,0.0,0.0
2010-11-10 00:00:00-05:00,21.655148685559055,21.678258895874023,21.593519009106824,21.678258895874023,1400,0.0,0.0,0.0
2010-11-11 00:00:00-05:00,21.562699688323214,21.562699688323214,21.501070022583008,21.501070022583008,200,0.0,0.0,0.0
2010-11-12 00:00:00-05:00,21.339296340942383,21.339296340942383,21.339296340942383,21.339296340942383,200,0.0,0.0,0.0
2010-11-15 00:00:00-05:00,21.339296340942383,21.339296340942383,21.339296340942383,21.339296340942383,0,0.0,0.0,0.0
2010-11-16 00:00:00-05:00,21.246845718012445,21.246845718012445,20.977215401590982,21.03884506225586,5400,0.0,0.0,0.0
2010-11-17 00:00:00-05:00,21.04654884338379,21.04654884338379,21.04654884338379,21.04654884338379,200,0.0,0.0,0.0
2010-11-18 00:00:00-05:00,21.04654884338379,21.04654884338379,21.04654884338379,21.04654884338379,0,0.0,0.0,0.0
2010-11-19 00:00:00-05:00,21.04654884338379,21.04654884338379,21.04654884338379,21.04654884338379,0,0.0,0.0,0.0
2010-11-22 00:00:00-05:00,21.223735809326172,21.223735809326172,21.223735809326172,21.223735809326172,100,0.0,0.0,0.0
2010-11-23 00:00:00-05:00,21.08506951335625,21.08506951335625,20.96951260786531,20.992624282836914,900,0.0,0.0,0.0
2010-11-24 00:00:00-05:00,20.992624282836914,20.992624282836914,20.992624282836914,20.992624282836914,0,0.0,0.0,0.0
2010-11-26 00:00:00-05:00,21.13129021559165,21.146697998046875,21.13129021559165,21.146697998046875,600,0.0,0.0,0.0
2010-11-29 00:00:00-05:00,20.977210573754697,21.185211181640625,20.946396485197525,21.185211181640625,2300,0.0,0.0,0.0
2010-11-30 00:00:00-05:00,20.915583301813346,21.092768371891196,20.915583301813346,21.077362060546875,1400,0.0,0.0,0.0
2010-12-01 00:00:00-05:00,21.32389259338379,21.32389259338379,21.32389259338379,21.32389259338379,100,0.0,0.0,0.0
2010-12-02 00:00:00-05:00,21.32389259338379,21.32389259338379,21.32389259338379,21.32389259338379,0,0.0,0.0,0.0
2010-12-03 00:00:00-05:00,21.685958862304688,21.685958862304688,21.685958862304688,21.685958862304688,100,0.0,0.0,0.0
2010-12-06 00:00:00-05:00,21.755294799804688,21.755294799804688,21.755294799804688,21.755294799804688,1200,0.0,0.0,0.0
2010-12-07 00:00:00-05:00,21.816921528844286,21.847737095388997,21.724477767944336,21.724477767944336,3500,0.0,0.0,0.0
2010-12-08 00:00:00-05:00,21.75529681941596,21.75529681941596,21.74759292602539,21.74759292602539,500,0.0,0.0,0.0
2010-12-09 00:00:00-05:00,21.74759292602539,21.74759292602539,21.74759292602539,21.74759292602539,0,0.0,0.0,0.0
2010-12-10 00:00:00-05:00,21.917074117608657,22.00181400027666,21.917074117608657,21.994110107421875,500,0.0,0.0,0.0
2010-12-13 00:00:00-05:00,22.12506675720215,22.12506675720215,22.12506675720215,22.12506675720215,200,0.0,0.0,0.0
2010-12-14 00:00:00-05:00,22.12506675720215,22.12506675720215,22.12506675720215,22.12506675720215,0,0.0,0.0,0.0
2010-12-15 00:00:00-05:00,22.06344234148628,22.109665695823875,22.05573844909668,22.05573844909668,2500,0.0,0.0,0.0
2010-12-16 00:00:00-05:00,22.02492434890551,22.05573844909668,21.955590786766344,22.05573844909668,3800,0.0,0.0,0.0
2010-12-17 00:00:00-05:00,22.094252664328394,22.12506675720215,22.094252664328394,22.12506675720215,1100,0.0,0.0,0.0
2010-12-20 00:00:00-05:00,22.1558837890625,22.1558837890625,22.1558837890625,22.1558837890625,200,0.0,0.0,0.0
2010-12-21 00:00:00-05:00,22.24833824474543,22.27915382385254,22.24833824474543,22.27915382385254,1000,0.0,0.0,0.0
2010-12-22 00:00:00-05:00,22.352698156188747,22.352698156188747,22.344955444335938,22.344955444335938,200,0.145,0.0,0.0
2010-12-23 00:00:00-05:00,22.360434791228236,22.360434791228236,22.352693557739258,22.352693557739258,500,0.0,0.0,0.0
2010-12-27 00:00:00-05:00,22.360442330464405,22.36818504333496,22.360442330464405,22.36818504333496,1100,0.0,0.0,0.0
2010-12-28 00:00:00-05:00,22.360442330464405,22.36818504333496,22.360442330464405,22.36818504333496,1300,0.0,0.0,0.0
2010-12-29 00:00:00-05:00,22.36818504333496,22.36818504333496,22.36818504333496,22.36818504333496,0,0.0,0.0,0.0
2010-12-30 00:00:00-05:00,22.39915668094586,22.41464210723046,22.34495916572131,22.360443115234375,800,0.0,0.0,0.0
2010-12-31 00:00:00-05:00,22.3449508474793,22.352693557739258,22.3449508474793,22.352693557739258,2400,0.0,0.0,0.0
2011-01-03 00:00:00-05:00,22.592713591460733,22.685623168945312,22.592713591460733,22.685623168945312,400,0.0,0.0,0.0
2011-01-04 00:00:00-05:00,22.600461175351118,22.608203887939453,22.561747612409444,22.608203887939453,600,0.0,0.0,0.0
2011-01-05 00:00:00-05:00,22.608203887939453,22.608203887939453,22.608203887939453,22.608203887939453,0,0.0,0.0,0.0
2011-01-06 00:00:00-05:00,22.66240692138672,22.66240692138672,22.66240692138672,22.66240692138672,100,0.0,0.0,0.0
2011-01-07 00:00:00-05:00,22.608203887939453,22.608203887939453,22.608203887939453,22.608203887939453,100,0.0,0.0,0.0
2011-01-10 00:00:00-05:00,22.608201446452696,22.646913528442383,22.600458734700506,22.646913528442383,500,0.0,0.0,0.0
2011-01-11 00:00:00-05:00,22.646913528442383,22.646913528442383,22.646913528442383,22.646913528442383,0,0.0,0.0,0.0
2011-01-12 00:00:00-05:00,22.646913528442383,22.646913528442383,22.646913528442383,22.646913528442383,0,0.0,0.0,0.0
2011-01-13 00:00:00-05:00,22.925649754120403,22.925649754120403,22.86370952468994,22.88693618774414,3500,0.0,0.0,0.0
2011-01-14 00:00:00-05:00,22.96436074373316,22.98758888244629,22.96436074373316,22.98758888244629,300,0.0,0.0,0.0
2011-01-18 00:00:00-05:00,23.049525431031277,23.057268142700195,23.049525431031277,23.057268142700195,600,0.0,0.0,0.0
2011-01-19 00:00:00-05:00,23.057268142700195,23.057268142700195,23.057268142700195,23.057268142700195,0,0.0,0.0,0.0
2011-01-20 00:00:00-05:00,22.6933650970459,22.6933650970459,22.6933650970459,22.6933650970459,1000,0.0,0.0,0.0
2011-01-21 00:00:00-05:00,22.94886589050293,22.94886589050293,22.94886589050293,22.94886589050293,200,0.0,0.0,0.0
2011-01-24 00:00:00-05:00,23.049525431031277,23.057268142700195,23.049525431031277,23.057268142700195,200,0.0,0.0,0.0
2011-01-25 00:00:00-05:00,23.057268142700195,23.057268142700195,23.057268142700195,23.057268142700195,0,0.0,0.0,0.0
2011-01-26 00:00:00-05:00,23.150190353393555,23.150190353393555,23.150190353393555,23.150190353393555,100,0.0,0.0,0.0
2011-01-27 00:00:00-05:00,23.173412322998047,23.173412322998047,23.173412322998047,23.173412322998047,500,0.0,0.0,0.0
2011-01-28 00:00:00-05:00,23.150177628038545,23.150177628038545,22.863704681396484,22.863704681396484,1100,0.0,0.0,0.0
2011-01-31 00:00:00-05:00,22.840477668783564,22.871448516845703,22.840477668783564,22.871448516845703,1700,0.0,0.0,0.0
2011-02-01 00:00:00-05:00,23.15791879168068,23.328254005952825,23.15791879168068,23.320512771606445,2600,0.0,0.0,0.0
2011-02-02 00:00:00-05:00,23.320512771606445,23.320512771606445,23.320512771606445,23.320512771606445,0,0.0,0.0,0.0
2011-02-03 00:00:00-05:00,23.320521762459855,23.359233856201172,23.320521762459855,23.359233856201172,2300,0.0,0.0,0.0
2011-02-04 00:00:00-05:00,23.3205203067352,23.343746970821435,23.25858007455253,23.33600425720215,2200,0.0,0.0,0.0
2011-02-07 00:00:00-05:00,23.56827095082548,23.56827095082548,23.506330745672063,23.53730010986328,600,0.0,0.0,0.0
2011-02-08 00:00:00-05:00,23.52182278675263,23.62247657775879,23.50633883771217,23.62247657775879,4000,0.0,0.0,0.0
2011-02-09 00:00:00-05:00,23.568273644739133,23.568273644739133,23.529560089111328,23.529560089111328,1100,0.0,0.0,0.0
2011-02-10 00:00:00-05:00,23.452140070994254,23.552792379850647,23.452140070994254,23.5450496673584,3100,0.0,0.0,0.0
2011-02-11 00:00:00-05:00,23.653447656117994,23.67667579650879,23.606992852107997,23.67667579650879,1100,0.0,0.0,0.0
2011-02-14 00:00:00-05:00,23.676674471051555,23.73087198549109,23.676674471051555,23.723129272460938,1100,0.0,0.0,0.0
2011-02-15 00:00:00-05:00,23.653443257810995,23.653443257810995,23.630216598510742,23.630216598510742,1400,0.0,0.0,0.0
2011-02-16 00:00:00-05:00,23.761846331351492,23.83152928209691,23.761846331351492,23.816043853759766,998300,0.0,0.0,0.0
2011-02-17 00:00:00-05:00,23.761841987419576,23.854751586914062,23.761841987419576,23.854751586914062,16400,0.0,0.0,0.0
2011-02-18 00:00:00-05:00,23.870232561564478,23.955400909196776,23.847004427636257,23.932172775268555,12400,0.0,0.0,0.0
2011-02-22 00:00:00-05:00,23.60699279678917,23.60699279678917,23.475369621759622,23.483112335205078,7100,0.0,0.0,0.0
2011-02-23 00:00:00-05:00,23.27406872934503,23.39794921875,23.27406872934503,23.39794921875,9800,0.0,0.0,0.0
2011-02-24 00:00:00-05:00,23.32826299979075,23.359233856201172,23.111472912004643,23.359233856201172,3600,0.0,0.0,0.0
2011-02-25 00:00:00-05:00,23.53730010986328,23.5837548945356,23.53730010986328,23.53730010986328,7900,0.0,0.0,0.0
2011-02-28 00:00:00-05:00,23.684416804235084,23.684416804235084,23.59924843904087,23.62247657775879,5500,0.0,0.0,0.0
2011-03-01 00:00:00-05:00,23.49859828966392,23.49859828966392,23.33600425720215,23.33600425720215,9700,0.0,0.0,0.0
2011-03-02 00:00:00-05:00,23.397937864539887,23.40568057596692,23.351483072748906,23.38245391845703,5600,0.0,0.0,0.0
2011-03-03 00:00:00-05:00,23.692160233940918,23.76958588857165,23.692160233940918,23.738615036010742,8200,0.0,0.0,0.0
2011-03-04 00:00:00-05:00,23.730874762665806,23.73861747660207,23.459885681983344,23.591508865356445,6500,0.0,0.0,0.0
2011-03-07 00:00:00-05:00,23.69215331542698,23.69215331542698,23.33599599883825,23.413421630859375,3800,0.0,0.0,0.0
2011-03-08 00:00:00-05:00,23.40568170669791,23.62247320681438,23.40568170669791,23.599245071411133,4900,0.0,0.0,0.0
2011-03-09 00:00:00-05:00,23.576024914255605,23.83152856706554,23.560539486383078,23.591508865356445,15600,0.0,0.0,0.0
2011-03-10 00:00:00-05:00,23.25083573225116,23.3050332470181,23.142439225945765,23.15792465209961,6500,0.0,0.0,0.0
2011-03-11 00:00:00-05:00,23.14243303051215,23.30502700805664,23.111463663266754,23.30502700805664,8100,0.0,0.0,0.0
2011-03-14 00:00:00-04:00,23.04952917752673,23.18115234375,23.02630103874445,23.18115234375,7700,0.0,0.0,0.0
2011-03-15 00:00:00-04:00,22.515298448391814,22.9256534576416,22.515298448391814,22.9256534576416,11800,0.0,0.0,0.0
2011-03-16 00:00:00-04:00,22.770802616436907,22.83274285722208,22.283023404850155,22.39141845703125,25400,0.0,0.0,0.0
2011-03-17 00:00:00-04:00,22.6933650970459,22.747562594837518,22.60819823341809,22.6933650970459,577700,0.0,0.0,0.0
2011-03-18 00:00:00-04:00,22.863709935728767,22.87919388578608,22.770798851526955,22.778541564941406,449000,0.0,0.0,0.0
2011-03-21 00:00:00-04:00,23.150182480508594,23.173410620282674,23.119213104248047,23.119213104248047,1400,0.0,0.0,0.0
2011-03-22 00:00:00-04:00,23.111467806976822,23.24309096410382,23.072754245015123,23.088239669799805,29700,0.0,0.0,0.0
2011-03-23 00:00:00-04:00,23.06501504871958,23.173410078253454,23.06501504871958,23.15792465209961,1400,0.0,0.0,0.0
2011-03-24 00:00:00-04:00,23.293517164870668,23.348068490605666,23.293517164870668,23.34027671813965,3200,0.194,0.0,0.0
2011-03-25 00:00:00-04:00,23.44159524211439,23.44938850402832,23.44159524211439,23.44938850402832,700,0.0,0.0,0.0
2011-03-28 00:00:00-04:00,23.480560420244004,23.480560420244004,23.355871200561523,23.355871200561523,2200,0.0,0.0,0.0
2011-03-29 00:00:00-04:00,23.48056286476533,23.55070074394025,23.472771088335136,23.511735916137695,1700,0.0,0.0,0.0
2011-03-30 00:00:00-04:00,23.72993385932156,23.72993385932156,23.683174299913034,23.690967559814453,1300,0.0,0.0,0.0
2011-03-31 00:00:00-04:00,23.644210815429688,23.69096889105329,23.644210815429688,23.644210815429688,2000,0.0,0.0,0.0
2011-04-01 00:00:00-04:00,23.792280197143555,23.792280197143555,23.792280197143555,23.792280197143555,200,0.0,0.0,0.0
2011-04-04 00:00:00-04:00,23.745529174804688,23.745529174804688,23.745529174804688,23.745529174804688,1900,0.0,0.0,0.0
2011-04-05 00:00:00-04:00,23.66758794183668,23.8312419313697,23.66758794183668,23.73772430419922,1900,0.0,0.0,0.0
2011-04-06 00:00:00-04:00,23.83124301493235,23.83124301493235,23.776691682607662,23.807863235473633,2200,0.0,0.0,0.0
2011-04-07 00:00:00-04:00,23.714346012215792,23.73772430419922,23.706552752750564,23.73772430419922,700,0.0,0.0,0.0
2011-04-08 00:00:00-04:00,23.854625132520532,23.854625132520532,23.620831774254867,23.698762893676758,2100,0.0,0.0,0.0
2011-04-11 00:00:00-04:00,23.76890000803425,23.76890000803425,23.620831034411673,23.644210815429688,1200,0.0,0.0,0.0
2011-04-12 00:00:00-04:00,23.433801980200457,23.464975027856184,23.41821545637259,23.44938850402832,2600,0.0,0.0,0.0
2011-04-13 00:00:00-04:00,23.527319306241697,23.527319306241697,23.340285482172963,23.433801651000977,16600,0.0,0.0,0.0
2011-04-14 00:00:00-04:00,23.301317440939332,23.488351251104042,23.262352621226405,23.441593170166016,128500,0.0,0.0,0.0
2011-04-15 00:00:00-04:00,23.472761400786347,23.51172621250756,23.472761400786347,23.50393295288086,1100,0.0,0.0,0.0
2011-04-18 00:00:00-04:00,23.153246996967525,23.223384857177734,23.13766196190831,23.223384857177734,3400,0.0,0.0,0.0
2011-04-19 00:00:00-04:00,23.277936677915047,23.394832611083984,23.277936677915047,23.394832611083984,1100,0.0,0.0,0.0
2011-04-20 00:00:00-04:00,23.706554079617295,23.706554079617295,23.690967559814453,23.690967559814453,1700,0.0,0.0,0.0
2011-04-21 00:00:00-04:00,23.77669765302502,23.815662475494776,23.77669765302502,23.800077438354492,2300,0.0,0.0,0.0
2011-04-25 00:00:00-04:00,23.761105162968516,23.807863235473633,23.761105162968516,23.807863235473633,800,0.0,0.0,0.0
2011-04-26 00:00:00-04:00,23.870212777117924,24.010488510131836,23.839041217788516,24.010488510131836,1500,0.0,0.0,0.0
2011-04-27 00:00:00-04:00,24.033869028097953,24.065040588378906,24.033869028097953,24.065040588378906,400,0.0,0.0,0.0
2011-04-28 00:00:00-04:00,24.119587032728116,24.2520694732666,24.119587032728116,24.2520694732666,4900,0.0,0.0,0.0
2011-04-29 00:00:00-04:00,24.275448424677798,24.322206497192383,24.275448424677798,24.322206497192383,1000,0.0,0.0,0.0
2011-05-02 00:00:00-04:00,24.400144577026367,24.400144577026367,24.400144577026367,24.400144577026367,100,0.0,0.0,0.0
2011-05-03 00:00:00-04:00,24.400144577026367,24.400144577026367,24.400144577026367,24.400144577026367,0,0.0,0.0,0.0
2011-05-04 00:00:00-04:00,24.18972679616929,24.18972679616929,23.99489974975586,23.99489974975586,1400,0.0,0.0,0.0
2011-05-05 00:00:00-04:00,23.99490476317595,23.99490476317595,23.831249237060547,23.831249237060547,2500,0.0,0.0,0.0
2011-05-06 00:00:00-04:00,24.127390841816577,24.135184105313822,23.9091854095459,23.9091854095459,1100,0.0,0.0,0.0
2011-05-09 00:00:00-04:00,23.948142764509875,23.948142764509875,23.91697120666504,23.91697120666504,1500,0.0,0.0,0.0
2011-05-10 00:00:00-04:00,24.111793518066406,24.111793518066406,24.111793518066406,24.111793518066406,100,0.0,0.0,0.0
2011-05-11 00:00:00-04:00,24.111795848387864,24.111795848387864,23.89358901977539,23.89358901977539,1100,0.0,0.0,0.0
2011-05-12 00:00:00-04:00,23.815654198168453,24.02606773376465,23.815654198168453,24.02606773376465,600,0.0,0.0,0.0
2011-05-13 00:00:00-04:00,24.033865571531763,24.033865571531763,23.82345199584961,23.82345199584961,500,0.0,0.0,0.0
2011-05-16 00:00:00-04:00,23.82345199584961,23.82345199584961,23.82345199584961,23.82345199584961,0,0.0,0.0,0.0
2011-05-17 00:00:00-04:00,23.636415894240766,23.722140265537504,23.636415894240766,23.67538070678711,146900,0.0,0.0,0.0
2011-05-18 00:00:00-04:00,23.77670290291883,23.9091854095459,23.77670290291883,23.9091854095459,1300,0.0,0.0,0.0
2011-05-19 00:00:00-04:00,23.963725710476517,23.963725710476517,23.948139190673828,23.948139190673828,1100,0.0,0.0,0.0
2011-05-20 00:00:00-04:00,23.878005981445312,23.878005981445312,23.878005981445312,23.878005981445312,200,0.0,0.0,0.0
2011-05-23 00:00:00-04:00,23.44159803696277,23.519529178980786,23.43380477411968,23.511735916137695,2800,0.0,0.0,0.0
2011-05-24 00:00:00-04:00,23.581872283382523,23.581872283382523,23.488354621674123,23.55069923400879,1300,0.0,0.0,0.0
2011-05-25 00:00:00-04:00,23.59745216369629,23.59745216369629,23.59745216369629,23.59745216369629,600,0.0,0.0,0.0
2011-05-26 00:00:00-04:00,23.636416889734882,23.667589930214724,23.613037109375,23.613037109375,1100,0.0,0.0,0.0
2011-05-27 00:00:00-04:00,23.745517563664446,23.745517563664446,23.714346012215792,23.73772430419922,900,0.0,0.0,0.0
2011-05-31 00:00:00-04:00,23.932551098794853,23.96372413635254,23.87799976948115,23.96372413635254,1000,0.0,0.0,0.0
2011-06-01 00:00:00-04:00,23.753319595699654,23.753319595699654,23.511734408704427,23.55069923400879,1300,0.0,0.0,0.0
2011-06-02 00:00:00-04:00,23.4104144093682,23.48055076599121,23.4104144093682,23.48055076599121,400,0.0,0.0,0.0
2011-06-03 00:00:00-04:00,23.35586381619987,23.35586381619987,23.238967895507812,23.238967895507812,3502800,0.0,0.0,0.0
2011-06-06 00:00:00-04:00,23.090900842125073,23.16883195782182,22.98179817199707,22.98179817199707,8100,0.0,0.0,0.0
2011-06-07 00:00:00-04:00,23.12207930898503,23.161044132771007,22.95842377897588,22.966217041015625,3400,0.0,0.0,0.0
2011-06-08 00:00:00-04:00,22.966211073910877,22.966211073910877,22.935039520263672,22.935039520263672,300,0.0,0.0,0.0
2011-06-09 00:00:00-04:00,22.981797674896768,23.153244936591253,22.981797674896768,23.067522048950195,2100,0.0,0.0,0.0
2011-06-10 00:00:00-04:00,22.9428301925196,22.9428301925196,22.755796432495117,22.755796432495117,5200,0.0,0.0,0.0
2011-06-13 00:00:00-04:00,22.85711231445941,22.872698837154058,22.810354232788086,22.810354232788086,600,0.0,0.0,0.0
2011-06-14 00:00:00-04:00,23.059731940915565,23.09090349893338,23.036352157592773,23.036352157592773,9500,0.0,0.0,0.0
2011-06-15 00:00:00-04:00,22.70124842415339,22.70124842415339,22.615525528336512,22.693456649780273,1600,0.0,0.0,0.0
2011-06-16 00:00:00-04:00,22.77917637915531,22.802556158262263,22.615522384643555,22.615522384643555,1600,0.0,0.0,0.0
2011-06-17 00:00:00-04:00,22.911661575046782,22.911661575046782,22.80255889892578,22.80255889892578,700,0.0,0.0,0.0
2011-06-20 00:00:00-04:00,22.880490925582162,22.880490925582162,22.864904403686523,22.864904403686523,600,0.0,0.0,0.0
2011-06-21 00:00:00-04:00,23.11428144193335,23.200005820879102,23.11428144193335,23.168832778930664,5100,0.0,0.0,0.0
2011-06-22 00:00:00-04:00,23.15324476944482,23.176624549403073,23.05193536245044,23.059728622436523,7000,0.0,0.0,0.0
2011-06-23 00:00:00-04:00,22.71683428121674,22.71683428121674,22.662282943725586,22.662282943725586,400,0.0,0.0,0.0
2011-06-24 00:00:00-04:00,22.724625215209745,22.732418474969524,22.623315811157227,22.623315811157227,6100,0.0,0.0,0.0
2011-06-27 00:00:00-04:00,22.623315811157227,22.623315811157227,22.623315811157227,22.623315811157227,0,0.0,0.0,0.0
2011-06-28 00:00:00-04:00,23.098690368084295,23.122070144937346,23.098690368084295,23.114276885986328,900,0.0,0.0,0.0
2011-06-29 00:00:00-04:00,23.301314641580635,23.394832278634325,23.246763305971157,23.37924575805664,5000,0.0,0.0,0.0
2011-06-30 00:00:00-04:00,23.59744669339865,23.628618240356445,23.566273660028806,23.628618240356445,2000,0.0,0.0,0.0
2011-07-01 00:00:00-04:00,23.78448981726812,23.878005981445312,23.78448981726812,23.878005981445312,300,0.0,0.0,0.0
2011-07-05 00:00:00-04:00,23.90220132960612,23.91781234741211,23.870976316212978,23.91781234741211,700,0.051,0.0,0.0
2011-07-06 00:00:00-04:00,23.949038410701316,23.949038410701316,23.92561964962981,23.933425903320312,1000,0.0,0.0,0.0
2011-07-07 00:00:00-04:00,24.20663747823007,24.23005623799678,24.20663747823007,24.22224998474121,9100,0.0,0.0,0.0
2011-07-08 00:00:00-04:00,24.003683381357646,24.042713165283203,23.902205049816715,24.042713165283203,63300,0.0,0.0,0.0
2011-07-11 00:00:00-04:00,23.683634665070443,23.683634665070443,23.628992371380743,23.66802215576172,1500,0.0,0.0,0.0
2011-07-12 00:00:00-04:00,23.621182383205223,23.761691966993382,23.543121337890625,23.543121337890625,1900,0.0,0.0,0.0
2011-07-13 00:00:00-04:00,23.691439722315323,23.831949321210555,23.691439722315323,23.70705223083496,2500,0.0,0.0,0.0
2011-07-14 00:00:00-04:00,23.636798906139763,23.636798906139763,23.53531908332132,23.574350357055664,3500,0.0,0.0,0.0
2011-07-15 00:00:00-04:00,23.574346838413625,23.61337661743164,23.51970306334152,23.61337661743164,3400,0.0,0.0,0.0
2011-07-18 00:00:00-04:00,23.511897060982882,23.511897060982882,23.28552018570112,23.371387481689453,6500,0.0,0.0,0.0
2011-07-19 00:00:00-04:00,23.582147709962097,23.824137064374135,23.574342946559476,23.800718307495117,6200,0.0,0.0,0.0
2011-07-20 00:00:00-04:00,23.816333245888583,23.816333245888583,23.80852699279785,23.80852699279785,2200,0.0,0.0,0.0
2011-07-21 00:00:00-04:00,23.910002176339983,24.1676025390625,23.8865849090227,24.1676025390625,900,0.0,0.0,0.0
2011-07-22 00:00:00-04:00,24.050511735805056,24.17540879113171,24.050511735805056,24.1676025390625,4300,0.0,0.0,0.0
2011-07-25 00:00:00-04:00,24.034908399610746,24.042713165283203,24.034908399610746,24.042713165283203,500,0.0,0.0,0.0
2011-07-26 00:00:00-04:00,23.93342485410868,24.042709423203508,23.90220132960612,23.91781234741211,819800,0.0,0.0,0.0
2011-07-27 00:00:00-04:00,23.605566410525284,23.707046201201884,23.457250595092773,23.457250595092773,5300,0.0,0.0,0.0
2011-07-28 00:00:00-04:00,23.574346686095996,23.65240624362767,23.519702911376953,23.519702911376953,4500,0.0,0.0,0.0
2011-07-29 00:00:00-04:00,23.21527308488529,23.363588966471315,23.21527308488529,23.246498107910156,149000,0.0,0.0,0.0
2011-08-01 00:00:00-04:00,23.32455645525216,23.32455645525216,22.981090153473193,23.19965934753418,2900,0.0,0.0,0.0
2011-08-02 00:00:00-04:00,22.957665685896004,22.96547193930106,22.72348403930664,22.72348403930664,19600,0.0,0.0,0.0
2011-08-03 00:00:00-04:00,22.465882265847842,22.770318685672528,22.3878212254365,22.73128890991211,50300,0.0,0.0,0.0
2011-08-04 00:00:00-04:00,22.38002186517172,22.38002186517172,21.708698795324803,21.71650505065918,6400,0.0,0.0,0.0
2011-08-05 00:00:00-04:00,22.052160969130256,22.052160969130256,21.388644323608396,21.747724533081055,7500,0.0,0.0,0.0
2011-08-08 00:00:00-04:00,21.177880146574743,21.177880146574743,20.264569341056223,20.34263038635254,23100,0.0,0.0,0.0
2011-08-09 00:00:00-04:00,20.725127041190383,21.240327835083008,20.061611904949345,21.240327835083008,5500,0.0,0.0,0.0
2011-08-10 00:00:00-04:00,20.654878943965354,20.95151070254707,20.280187606811523,20.280187606811523,4800,0.0,0.0,0.0
2011-08-11 00:00:00-04:00,20.475337257714965,21.41206698548856,20.475337257714965,21.27936363220215,6300,0.0,0.0,0.0
2011-08-12 00:00:00-04:00,21.404257191946645,21.404257191946645,21.279360114078223,21.318389892578125,3300,0.0,0.0,0.0
2011-08-15 00:00:00-04:00,21.615021535823832,21.747724866965545,21.513541729655724,21.724306106567383,2400,0.0,0.0,0.0
2011-08-16 00:00:00-04:00,21.607217264924504,21.630634538580708,21.435482650695032,21.599411010742188,38500,0.0,0.0,0.0
2011-08-17 00:00:00-04:00,21.763340144759926,21.79456516473584,21.57599449157715,21.57599449157715,13300,0.0,0.0,0.0
2011-08-18 00:00:00-04:00,20.90467084497964,20.90467084497964,20.58462186675403,20.71732521057129,12700,0.0,0.0,0.0
2011-08-19 00:00:00-04:00,20.818805515624977,20.818805515624977,20.373859405517578,20.373859405517578,2100,0.0,0.0,0.0
2011-08-22 00:00:00-04:00,20.850027393743645,20.850027393743645,20.412887573242188,20.412887573242188,5000,0.0,0.0,0.0
2011-08-23 00:00:00-04:00,20.7407467059217,20.98273468017578,20.662685636806856,20.98273468017578,146400,0.0,0.0,0.0
2011-08-24 00:00:00-04:00,21.076407935776718,21.22472381591797,21.076407935776718,21.22472381591797,1200,0.0,0.0,0.0
2011-08-25 00:00:00-04:00,21.482317015041097,21.482317015041097,21.013952255249023,21.013952255249023,7400,0.0,0.0,0.0
2011-08-26 00:00:00-04:00,20.93589380484447,21.388646114601993,20.83441548062757,21.248136520385742,8000,0.0,0.0,0.0
2011-08-29 00:00:00-04:00,21.661854532465657,21.89603614807129,21.661854532465657,21.89603614807129,4000,0.0,0.0,0.0
2011-08-30 00:00:00-04:00,21.74772341688991,21.85700798034668,21.646243617488185,21.85700798034668,2200,0.0,0.0,0.0
2011-08-31 00:00:00-04:00,22.067782834415503,22.223903500876187,21.911660679063605,22.05997657775879,32200,0.0,0.0,0.0
2011-09-01 00:00:00-04:00,21.942880541460312,21.981910326667066,21.786758422851562,21.786758422851562,800,0.0,0.0,0.0
2011-09-02 00:00:00-04:00,21.35742119749424,21.404257229554535,21.25594139099121,21.25594139099121,1200,0.0,0.0,0.0
2011-09-06 00:00:00-04:00,20.68610053977184,20.974925994873047,20.678294285429562,20.974925994873047,19000,0.0,0.0,0.0
2011-09-07 00:00:00-04:00,21.497930263580212,21.59940857874282,21.497930263580212,21.591602325439453,6000,0.0,0.0,0.0
2011-09-08 00:00:00-04:00,21.49012490330034,21.54476718980399,21.49012490330034,21.51354217529297,800,0.0,0.0,0.0
2011-09-09 00:00:00-04:00,21.263749239243303,21.263749239243303,20.834415687227985,20.935894012451172,1300,0.0,0.0,0.0
2011-09-12 00:00:00-04:00,20.600232886286662,20.81099728333009,20.600232886286662,20.71732521057129,7000,0.0,0.0,0.0
2011-09-13 00:00:00-04:00,21.060794387173065,21.29497757937169,21.037377110176873,21.209110260009766,95600,0.0,0.0,0.0
2011-09-14 00:00:00-04:00,21.373038857705627,21.67747688293457,21.35742783476115,21.67747688293457,2700,0.0,0.0,0.0
2011-09-15 00:00:00-04:00,21.716497584403253,21.833588396380513,21.646242799438806,21.810171127319336,28800,0.0,0.0,0.0
2011-09-16 00:00:00-04:00,21.935068130493164,21.974097904746085,21.927261877864492,21.935068130493164,5100,0.0,0.0,0.0
2011-09-19 00:00:00-04:00,21.552577768111142,21.802371978759766,21.544771512917006,21.802371978759766,1900,0.0,0.0,0.0
2011-09-20 00:00:00-04:00,21.919462777687055,22.09900218005999,21.86482048034668,21.86482048034668,6800,0.0,0.0,0.0
2011-09-21 00:00:00-04:00,21.716499924774208,21.716499924774208,21.25594139099121,21.25594139099121,700,0.0,0.0,0.0
2011-09-22 00:00:00-04:00,20.662679450050895,20.670485703514164,20.342630502510044,20.49875259399414,5700,0.0,0.0,0.0
2011-09-23 00:00:00-04:00,20.4563780683982,20.691780327808456,20.401451323528274,20.66039276123047,9300,0.136,0.0,0.0
2011-09-26 00:00:00-04:00,20.69178530701927,20.982112884521484,20.69178530701927,20.982112884521484,900,0.0,0.0,0.0
2011-09-27 00:00:00-04:00,21.58630261618379,21.704002984448678,21.241046905517578,21.241046905517578,48800,0.0,0.0,0.0
2011-09-28 00:00:00-04:00,21.397985188754543,21.397985188754543,21.00564956665039,21.00564956665039,2100,0.0,0.0,0.0
2011-09-29 00:00:00-04:00,21.288132554456862,21.288132554456862,21.091964721679688,21.091964721679688,27600,0.0,0.0,0.0
2011-09-30 00:00:00-04:00,20.92718404576951,20.92718404576951,20.864410400390625,20.864410400390625,300,0.0,0.0,0.0
2011-10-03 00:00:00-04:00,20.62116431536827,20.62116431536827,20.06404685974121,20.06404685974121,5200,0.0,0.0,0.0
2011-10-04 00:00:00-04:00,19.781566606777996,20.5662380595811,19.68740687056116,20.472078323364258,213000,0.0,0.0,0.0
2011-10-05 00:00:00-04:00,20.527001437984833,20.754556837249698,20.432841718500015,20.731016159057617,2800,0.0,0.0,0.0
2011-10-06 00:00:00-04:00,20.83303033065986,21.013505935668945,20.74671747258661,21.013505935668945,1700,0.0,0.0,0.0
2011-10-07 00:00:00-04:00,21.115503962257254,21.280285708820763,20.98210978518839,21.084117889404297,13800,0.0,0.0,0.0
2011-10-10 00:00:00-04:00,21.084117889404297,21.084117889404297,21.084117889404297,21.084117889404297,0,0.0,0.0,0.0
2011-10-11 00:00:00-04:00,21.711853336587794,21.813859939575195,21.711853336587794,21.813859939575195,7300,0.0,0.0,0.0
2011-10-12 00:00:00-04:00,21.955097874344887,22.064952850341797,21.955097874344887,22.064952850341797,600,0.0,0.0,0.0
2011-10-13 00:00:00-04:00,21.860945814983445,21.91587257385254,21.77463148153662,21.91587257385254,2500,0.0,0.0,0.0
2011-10-14 00:00:00-04:00,22.221895217895508,22.221895217895508,22.221895217895508,22.221895217895508,500,0.0,0.0,0.0
2011-10-17 00:00:00-04:00,22.057110907735478,22.057110907735478,21.970796585083008,21.970796585083008,3400,0.0,0.0,0.0
2011-10-18 00:00:00-04:00,21.774633406932185,22.433757564927443,21.71970664320626,22.323904037475586,49200,0.0,0.0,0.0
2011-10-19 00:00:00-04:00,22.229739017694634,22.24543280369951,22.041418075561523,22.041418075561523,1100,0.0,0.0,0.0
2011-10-20 00:00:00-04:00,22.03356927078822,22.03356927078822,21.860942129638204,21.900175094604492,1400,0.0,0.0,0.0
2011-10-21 00:00:00-04:00,22.410215377807617,22.410215377807617,22.410215377807617,22.410215377807617,200,0.0,0.0,0.0
2011-10-24 00:00:00-04:00,22.724075258743163,22.76330971331836,22.724075258743163,22.731922149658203,2400,0.0,0.0,0.0
2011-10-25 00:00:00-04:00,22.60638424348603,22.60638424348603,22.472990036010742,22.472990036010742,4300,0.0,0.0,0.0
2011-10-26 00:00:00-04:00,22.488682021537752,22.598535537719727,22.30820796019825,22.598535537719727,4700,0.0,0.0,0.0
2011-10-27 00:00:00-04:00,23.21842747347967,23.320434099715143,23.202733685861304,23.241968154907227,6400,0.0,0.0,0.0
2011-10-28 00:00:00-04:00,23.281199277756127,23.281199277756127,23.234119415283203,23.234119415283203,1000,0.0,0.0,0.0
2011-10-31 00:00:00-04:00,23.006567819203323,23.037955397153144,22.818246841430664,22.818246841430664,1500,0.0,0.0,0.0
2011-11-01 00:00:00-04:00,22.19835287442375,22.19835287442375,22.190505981445312,22.190505981445312,300,0.0,0.0,0.0
2011-11-02 00:00:00-04:00,22.410209417964094,22.488676838570502,22.339588889082485,22.44159698486328,1300,0.0,0.0,0.0
2011-11-03 00:00:00-04:00,22.66915428023029,22.912403470492833,22.574994558602423,22.86532211303711,66700,0.0,0.0,0.0
2011-11-04 00:00:00-04:00,22.708386416701156,22.716233308805975,22.520065496110387,22.637765884399414,4600,0.0,0.0,0.0
2011-11-07 00:00:00-05:00,22.637765884399414,22.637765884399414,22.637765884399414,22.637765884399414,0,0.0,0.0,0.0
2011-11-08 00:00:00-05:00,22.99087318426079,23.147808074951172,22.99087318426079,23.147808074951172,2000,0.0,0.0,0.0
2011-11-09 00:00:00-05:00,22.653461460635054,22.71623510579775,22.30820566391933,22.37097930908203,5500,0.0,0.0,0.0
2011-11-10 00:00:00-05:00,22.55929946899414,22.55929946899414,22.55929946899414,22.55929946899414,300,0.0,0.0,0.0
2011-11-11 00:00:00-05:00,22.91241178834852,22.96733856201172,22.91241178834852,22.96733856201172,700,0.0,0.0,0.0
2011-11-14 00:00:00-05:00,22.841782930951037,22.86532211303711,22.8025484664046,22.86532211303711,14200,0.0,0.0,0.0
2011-11-15 00:00:00-05:00,22.724076131725585,22.9594783782959,22.724076131725585,22.9594783782959,14600,0.0,0.0,0.0
2011-11-16 00:00:00-05:00,22.873176284043563,22.873176284043563,22.50438117980957,22.50438117980957,1600,0.0,0.0,0.0
2011-11-17 00:00:00-05:00,22.370977321215598,22.370977321215598,22.04926223126388,22.096342086791992,700,0.0,0.0,0.0
2011-11-18 00:00:00-05:00,22.245433101548677,22.245433101548677,22.14342498779297,22.14342498779297,800,0.0,0.0,0.0
2011-11-21 00:00:00-05:00,21.813864533366612,21.813864533366612,21.664778043499723,21.76678466796875,3000,0.0,0.0,0.0
2011-11-22 00:00:00-05:00,21.672619281417912,21.704005351278568,21.476451480703798,21.617691040039062,5100,0.0,0.0,0.0
2011-11-23 00:00:00-05:00,21.3430676111351,21.3430676111351,21.20967338244142,21.28813934326172,22000,0.0,0.0,0.0
2011-11-25 00:00:00-05:00,21.28813934326172,21.28813934326172,21.28813934326172,21.28813934326172,0,0.0,0.0,0.0
2011-11-28 00:00:00-05:00,21.649081230420126,21.72754865954437,21.649081230420126,21.719701766967773,1000,0.0,0.0,0.0
2011-11-29 00:00:00-05:00,21.806012401720356,21.845245361328125,21.790318619220656,21.845245361328125,7000,0.0,0.0,0.0
2011-11-30 00:00:00-05:00,22.386667609104737,22.629915237426758,22.386667609104737,22.629915237426758,3300,0.0,0.0,0.0
2011-12-01 00:00:00-05:00,22.692694423277345,22.708388208725456,22.653461456298828,22.653461456298828,19400,0.0,0.0,0.0
2011-12-02 00:00:00-05:00,22.810392306750785,22.810392306750785,22.676998138427734,22.676998138427734,700,0.0,0.0,0.0
2011-12-05 00:00:00-05:00,23.006563253150087,23.006563253150087,22.85747528076172,22.85747528076172,400,0.0,0.0,0.0
2011-12-06 00:00:00-05:00,22.888866424560547,22.888866424560547,22.888866424560547,22.888866424560547,100,0.0,0.0,0.0
2011-12-07 00:00:00-05:00,22.826084338175963,22.943784713745117,22.6926901800932,22.943784713745117,1700,0.0,0.0,0.0
2011-12-08 00:00:00-05:00,22.896712483193046,22.896712483193046,22.527915954589844,22.527915954589844,300,0.0,0.0,0.0
2011-12-09 00:00:00-05:00,22.6142304662785,22.920251846313477,22.6142304662785,22.920251846313477,6400,0.0,0.0,0.0
2011-12-12 00:00:00-05:00,22.5514506103776,22.5671443939209,22.418056443542707,22.5671443939209,1000,0.0,0.0,0.0
2011-12-13 00:00:00-05:00,22.63776979101862,22.684849655130517,22.347440719604492,22.347440719604492,1400,0.0,0.0,0.0
2011-12-14 00:00:00-05:00,22.182659088466878,22.19835287442375,22.182659088466878,22.190505981445312,3000,0.0,0.0,0.0
2011-12-15 00:00:00-05:00,22.276823766773326,22.276823766773326,22.237590789794922,22.237590789794922,600,0.0,0.0,0.0
2011-12-16 00:00:00-05:00,22.347442219831635,22.347442219831635,22.26112937927246,22.26112937927246,900,0.0,0.0,0.0
2011-12-19 00:00:00-05:00,22.13557862724525,22.13557862724525,22.12773323059082,22.12773323059082,300,0.0,0.0,0.0
2011-12-20 00:00:00-05:00,22.62207621831954,22.62207621831954,22.598535537719727,22.598535537719727,300,0.0,0.0,0.0
2011-12-21 00:00:00-05:00,22.551452576538352,22.567146361449925,22.551452576538352,22.55929946899414,800,0.0,0.0,0.0
2011-12-22 00:00:00-05:00,22.714052717996505,22.864057540893555,22.714052717996505,22.864057540893555,1500,0.176,0.0,0.0
2011-12-23 00:00:00-05:00,23.029842376708984,23.029842376708984,23.029842376708984,23.029842376708984,500,0.0,0.0,0.0
2011-12-27 00:00:00-05:00,23.093002102187373,23.132476717112056,23.093002102187373,23.116687774658203,1900,0.0,0.0,0.0
2011-12-28 00:00:00-05:00,23.077214260568788,23.077214260568788,22.99036979675293,22.99036979675293,800,0.0,0.0,0.0
2011-12-29 00:00:00-05:00,23.014051928009817,23.029842376708984,22.98247253647156,23.029842376708984,3800,0.0,0.0,0.0
2011-12-30 00:00:00-05:00,23.029842376708984,23.029842376708984,23.029842376708984,23.029842376708984,200,0.0,0.0,0.0
2012-01-03 00:00:00-05:00,23.029842376708984,23.029842376708984,23.029842376708984,23.029842376708984,0,0.0,0.0,0.0
2012-01-04 00:00:00-05:00,23.250912172654274,23.393021742456533,23.19564558311604,23.385128021240234,1200,0.0,0.0,0.0
2012-01-05 00:00:00-05:00,23.408804212552354,23.464069277380702,23.393013763784232,23.448280334472656,5300,0.0,0.0,0.0
2012-01-06 00:00:00-05:00,23.393023021545325,23.44039438659685,23.393023021545325,23.4088134765625,800,0.0,0.0,0.0
2012-01-09 00:00:00-05:00,23.424602650764097,23.424602650764097,23.385128021240234,23.385128021240234,300,0.0,0.0,0.0
2012-01-10 00:00:00-05:00,23.653554120241232,23.661449345952164,23.58250010056348,23.645660400390625,1600,0.0,0.0,0.0
2012-01-11 00:00:00-05:00,23.543018979772253,23.637760162353516,23.519334813521947,23.637760162353516,6500,0.0,0.0,0.0
2012-01-12 00:00:00-05:00,23.637762428641913,23.69302749633789,23.637762428641913,23.69302749633789,3700,0.0,0.0,0.0
2012-01-13 00:00:00-05:00,23.471972966446117,23.519344329833984,23.40091742722494,23.519344329833984,27100,0.0,0.0,0.0
2012-01-17 00:00:00-05:00,23.78777266443593,23.795667891049252,23.65355682373047,23.65355682373047,26500,0.0,0.0,0.0
2012-01-18 00:00:00-05:00,23.606185445966815,23.89040756225586,23.606185445966815,23.89040756225586,9400,0.0,0.0,0.0
2012-01-19 00:00:00-05:00,24.000933402174816,24.000933402174816,23.993038177490234,23.993038177490234,700,0.0,0.0,0.0
2012-01-20 00:00:00-05:00,23.96146405183998,24.040414810180664,23.96146405183998,24.040414810180664,700,0.0,0.0,0.0
2012-01-23 00:00:00-05:00,23.977246769460955,24.07988166809082,23.977246769460955,24.07988166809082,127200,0.0,0.0,0.0
2012-01-24 00:00:00-05:00,23.9061904071576,24.008825302124023,23.85881906561009,24.008825302124023,26000,0.0,0.0,0.0
2012-01-25 00:00:00-05:00,23.95356476098385,24.119359970092773,23.95356476098385,24.119359970092773,400,0.0,0.0,0.0
2012-01-26 00:00:00-05:00,24.30094497865641,24.30094497865641,24.016722924423913,24.02461814880371,4900,0.0,0.0,0.0
2012-01-27 00:00:00-05:00,23.96935915460204,24.04830840667496,23.953568701843274,23.961463928222656,835000,0.0,0.0,0.0
2012-01-30 00:00:00-05:00,23.86672271753051,23.96935915460204,23.85882749115113,23.961463928222656,24700,0.0,0.0,0.0
2012-01-31 00:00:00-05:00,24.07198762583586,24.095673298617704,23.87461153690064,23.96935272216797,841800,0.0,0.0,0.0
2012-02-01 00:00:00-05:00,24.143047332763672,24.253577479894904,24.143047332763672,24.143047332763672,5400,0.0,0.0,0.0
2012-02-02 00:00:00-05:00,24.21410369873047,24.22989415054354,24.150943397338548,24.21410369873047,12600,0.0,0.0,0.0
2012-02-03 00:00:00-05:00,24.4509555361461,24.561487197875977,24.435166589493633,24.561487197875977,18600,0.0,0.0,0.0
2012-02-06 00:00:00-05:00,24.466750015109866,24.537805557250977,24.45095955999836,24.537805557250977,1900,0.0,0.0,0.0
2012-02-07 00:00:00-05:00,24.46674443950927,24.640434888572404,24.419374590830294,24.616750717163086,8300,0.0,0.0,0.0
2012-02-08 00:00:00-05:00,24.648327363359602,24.66411781311035,24.585167070216766,24.66411781311035,4400,0.0,0.0,0.0
2012-02-09 00:00:00-05:00,24.719384437713476,24.727279663085938,24.719384437713476,24.727279663085938,5800,0.0,0.0,0.0
2012-02-10 00:00:00-05:00,24.498324371012096,24.506219596455548,24.450953018351374,24.46674346923828,4000,0.0,0.0,0.0
2012-02-13 00:00:00-05:00,24.679912343918158,24.711491742781444,24.679912343918158,24.703598022460938,1100,0.0,0.0,0.0
2012-02-14 00:00:00-05:00,24.664118302377418,24.679908752441406,24.57727233288567,24.679908752441406,2000,0.0,0.0,0.0
2012-02-15 00:00:00-05:00,24.553589576682647,24.585168972767786,24.54569435119629,24.54569435119629,800,0.0,0.0,0.0
2012-02-16 00:00:00-05:00,24.569383584305275,24.82992003962901,24.545697904417477,24.80623435974121,8800,0.0,0.0,0.0
2012-02-17 00:00:00-05:00,24.86939239501953,24.86939239501953,24.86939239501953,24.86939239501953,400,0.0,0.0,0.0
2012-02-21 00:00:00-05:00,25.058871734642143,25.058871734642143,24.91676068889158,24.92465591430664,7700,0.0,0.0,0.0
2012-02-22 00:00:00-05:00,24.900975348223724,24.900975348223724,24.822024588505617,24.829919815063477,7000,0.0,0.0,0.0
2012-02-23 00:00:00-05:00,24.782543944684388,24.956235885620117,24.774648719563654,24.956235885620117,51100,0.0,0.0,0.0
2012-02-24 00:00:00-05:00,24.97991921435102,25.003604888916016,24.97991921435102,25.003604888916016,1900,0.0,0.0,0.0
2012-02-27 00:00:00-05:00,24.97202054528771,25.082552172152695,24.97202054528771,25.058866500854492,1500,0.0,0.0,0.0
2012-02-28 00:00:00-05:00,25.114134455032392,25.114134455032392,25.090450286865234,25.090450286865234,1200,0.0,0.0,0.0
2012-02-29 00:00:00-05:00,25.106240379704104,25.145716504890114,25.035184860229492,25.035184860229492,1200,0.0,0.0,0.0
2012-03-01 00:00:00-05:00,25.16150913447011,25.208878982936323,25.16150913447011,25.19308853149414,500,0.0,0.0,0.0
2012-03-02 00:00:00-05:00,25.114139556884766,25.114139556884766,25.114139556884766,25.114139556884766,200,0.0,0.0,0.0
2012-03-05 00:00:00-05:00,24.964139309048175,24.987823486328125,24.964139309048175,24.987823486328125,400,0.0,0.0,0.0
2012-03-06 00:00:00-05:00,24.711489924511355,24.711489924511355,24.593064552232033,24.60095977783203,7300,0.0,0.0,0.0
2012-03-07 00:00:00-05:00,24.7351774947701,24.837812423706055,24.7351774947701,24.837812423706055,400,0.0,0.0,0.0
2012-03-08 00:00:00-05:00,25.003605465940886,25.035184860229492,24.97202456579208,25.035184860229492,2000,0.0,0.0,0.0
2012-03-09 00:00:00-05:00,25.12992752385699,25.20098304748535,25.12992752385699,25.20098304748535,1000,0.0,0.0,0.0
2012-03-12 00:00:00-04:00,25.20098304748535,25.20098304748535,25.20098304748535,25.20098304748535,0,0.0,0.0,0.0
2012-03-13 00:00:00-04:00,25.287825674544365,25.61941909790039,25.287825674544365,25.61941909790039,2200,0.0,0.0,0.0
2012-03-14 00:00:00-04:00,25.643114238308975,25.68258887395682,25.603639602661133,25.603639602661133,2900,0.0,0.0,0.0
2012-03-15 00:00:00-04:00,25.658891422009212,25.73784065246582,25.658891422009212,25.73784065246582,400,0.0,0.0,0.0
2012-03-16 00:00:00-04:00,25.769431924055077,25.80890655517578,25.769431924055077,25.80890655517578,500,0.0,0.0,0.0
2012-03-19 00:00:00-04:00,25.951019433658956,25.951019433658956,25.911544799804688,25.911544799804688,1700,0.0,0.0,0.0
2012-03-20 00:00:00-04:00,25.698374659624744,25.872066638970985,25.698374659624744,25.832592010498047,1600,0.0,0.0,0.0
2012-03-21 00:00:00-04:00,25.769427807009002,25.840483336362627,25.769427807009002,25.81679916381836,12800,0.0,0.0,0.0
2012-03-22 00:00:00-04:00,25.579946029417727,25.63521110137302,25.556258847350787,25.56415557861328,46900,0.0,0.0,0.0
2012-03-23 00:00:00-04:00,25.606187392893148,25.709276087139088,25.606187392893148,25.70134735107422,3100,0.143,0.0,0.0
2012-03-26 00:00:00-04:00,26.01061809721441,26.01061809721441,26.002689361572266,26.002689361572266,300,0.0,0.0,0.0
2012-03-27 00:00:00-04:00,26.07405702412226,26.07405702412226,25.95510482788086,25.95510482788086,500,0.0,0.0,0.0
2012-03-28 00:00:00-04:00,25.947179428231294,25.947179428231294,25.788577487883884,25.85201644897461,600,0.0,0.0,0.0
2012-03-29 00:00:00-04:00,25.661696495062525,25.67755699157715,25.61411500551866,25.67755699157715,2000,0.0,0.0,0.0
2012-03-30 00:00:00-04:00,25.939249932742364,25.947181694246648,25.820300735904052,25.923389434814453,5300,0.0,0.0,0.0
2012-04-02 00:00:00-04:00,25.97096984650451,26.105779535653813,25.9313201158771,26.097850799560547,23200,0.0,0.0,0.0
2012-04-03 00:00:00-04:00,26.04233705463423,26.04233705463423,25.844085403190633,25.970966339111328,1200,0.0,0.0,0.0
2012-04-04 00:00:00-04:00,25.71720249138665,25.77271270751953,25.71720249138665,25.77271270751953,2324100,0.0,0.0,0.0
2012-04-05 00:00:00-04:00,25.772715393518844,25.772715393518844,25.748926162719727,25.748926162719727,400,0.0,0.0,0.0
2012-04-09 00:00:00-04:00,25.447590099909654,25.55068183809028,25.42380086228377,25.487239837646484,2700,0.0,0.0,0.0
2012-04-10 00:00:00-04:00,25.447577541773672,25.463438034057617,25.447577541773672,25.463438034057617,1500,0.0,0.0,0.0
2012-04-11 00:00:00-04:00,25.328629442873655,25.328629442873655,25.217607498168945,25.217607498168945,74200,0.0,0.0,0.0
2012-04-12 00:00:00-04:00,25.392072620691426,25.558603286743164,25.392072620691426,25.558603286743164,10200,0.0,0.0,0.0
2012-04-13 00:00:00-04:00,25.320700708163596,25.33656120300293,25.296909965904593,25.33656120300293,784400,0.0,0.0,0.0
2012-04-16 00:00:00-04:00,25.281047961197373,25.28897820814342,25.170027529032613,25.217607498168945,20200,0.0,0.0,0.0
2012-04-17 00:00:00-04:00,25.471373328858984,25.637907028198242,25.463444593214433,25.637907028198242,4200,0.0,0.0,0.0
2012-04-18 00:00:00-04:00,25.503094077534215,25.574464797973633,25.503094077534215,25.574464797973633,4700,0.0,0.0,0.0
2012-04-19 00:00:00-04:00,25.471374819266384,25.53481680845645,25.328634881209553,25.344493865966797,2336500,0.0,0.0,0.0
2012-04-20 00:00:00-04:00,25.471369324569945,25.52687954059629,25.392069880269425,25.407930374145508,40400,0.0,0.0,0.0
2012-04-23 00:00:00-04:00,25.114525187447498,25.185895919799805,25.066945203392766,25.185895919799805,1012000,0.0,0.0,0.0
2012-04-24 00:00:00-04:00,25.185885869023146,25.273117065429688,25.185885869023146,25.273117065429688,1300,0.0,0.0,0.0
2012-04-25 00:00:00-04:00,25.558604424204923,25.62204640937961,25.55067568859826,25.606185913085938,534600,0.0,0.0,0.0
2012-04-26 00:00:00-04:00,25.645836769574466,25.661697266565923,25.629976272583008,25.629976272583008,310300,0.0,0.0,0.0
2012-04-27 00:00:00-04:00,25.875812177202118,25.883740913996835,25.780649185180664,25.780649185180664,700,0.0,0.0,0.0
2012-04-30 00:00:00-04:00,25.725134788094994,25.725134788094994,25.677556324866885,25.709274291992188,1400,0.0,0.0,0.0
2012-05-01 00:00:00-04:00,25.709274716446554,26.01061809721441,25.709274716446554,26.002689361572266,1200,0.0,0.0,0.0
2012-05-02 00:00:00-04:00,25.701348714053697,25.79650867728124,25.669627717950956,25.7885799407959,1200,0.0,0.0,0.0
2012-05-03 00:00:00-04:00,25.780649275046628,25.780649275046628,25.59032934050192,25.614118576049805,1600,0.0,0.0,0.0
2012-05-04 00:00:00-04:00,25.471372063344162,25.471372063344162,25.19382095336914,25.19382095336914,16000,0.0,0.0,0.0
2012-05-07 00:00:00-04:00,25.15417185199057,25.23347282409668,25.15417185199057,25.23347282409668,500,0.0,0.0,0.0
2012-05-08 00:00:00-04:00,24.92420188637731,25.09073257446289,24.92420188637731,25.09073257446289,800,0.0,0.0,0.0
2012-05-09 00:00:00-04:00,24.979708970133228,25.035219192504883,24.979708970133228,25.035219192504883,600,0.0,0.0,0.0
2012-05-10 00:00:00-04:00,25.05108070373535,25.05108070373535,25.05108070373535,25.05108070373535,500,0.0,0.0,0.0
2012-05-11 00:00:00-04:00,25.051076276792756,25.051076276792756,24.932125600403353,24.94005584716797,1500,0.0,0.0,0.0
2012-05-14 00:00:00-04:00,24.678366598873158,24.781456793616968,24.64664560815809,24.662506103515625,4300,0.0,0.0,0.0
2012-05-15 00:00:00-04:00,24.654582799353754,24.741814035847213,24.50391107610338,24.519771575927734,6100,0.0,0.0,0.0
2012-05-16 00:00:00-04:00,24.725942646261032,24.725942646261032,24.456320318155644,24.464250564575195,4200,0.0,0.0,0.0
2012-05-17 00:00:00-04:00,24.35323186316435,24.35323186316435,24.16291046142578,24.16291046142578,800,0.0,0.0,0.0
2012-05-18 00:00:00-04:00,24.242210718578555,24.242210718578555,23.94879913330078,23.94879913330078,6700,0.0,0.0,0.0
2012-05-21 00:00:00-04:00,24.012240421328833,24.194631576538086,24.012240421328833,24.194631576538086,1000,0.0,0.0,0.0
2012-05-22 00:00:00-04:00,24.44046584463318,24.535627312564788,24.26600491805549,24.33737564086914,16100,0.0,0.0,0.0
2012-05-23 00:00:00-04:00,24.154976665349764,24.218418635815755,24.012236769420763,24.131187438964844,5900,0.0,0.0,0.0
2012-05-24 00:00:00-04:00,24.353230031443506,24.361160278320312,24.210490125280753,24.361160278320312,1000,0.0,0.0,0.0
2012-05-25 00:00:00-04:00,24.3690983170104,24.392889065247715,24.258077850317093,24.297727584838867,1300,0.0,0.0,0.0
2012-05-29 00:00:00-04:00,24.51976002077621,24.51976002077621,24.416669845581055,24.416669845581055,300,0.0,0.0,0.0
2012-05-30 00:00:00-04:00,24.345305532401884,24.345305532401884,24.21049433712322,24.26600456237793,1600,0.0,0.0,0.0
2012-05-31 00:00:00-04:00,24.234284967969064,24.273936211539507,24.059824033879977,24.258075714111328,11000,0.0,0.0,0.0
2012-06-01 00:00:00-04:00,23.806063911212497,23.806063911212497,23.61574246541659,23.66332244873047,24700,0.0,0.0,0.0
2012-06-04 00:00:00-04:00,23.647458522695786,23.655388770855435,23.568157553639452,23.639528274536133,7200,0.0,0.0,0.0
2012-06-05 00:00:00-04:00,23.734692632851033,23.750553131103516,23.687112650633946,23.750553131103516,5400,0.0,0.0,0.0
2012-06-06 00:00:00-04:00,24.186703592353975,24.26600456237793,24.186703592353975,24.26600456237793,700,0.0,0.0,0.0
2012-06-07 00:00:00-04:00,24.575278456140953,24.575278456140953,24.297725797286457,24.32944679260254,6200,0.0,0.0,0.0
2012-06-08 00:00:00-04:00,24.35323266080421,24.503904342651367,24.35323266080421,24.503904342651367,900,0.0,0.0,0.0
2012-06-11 00:00:00-04:00,24.535629273304565,24.535629273304565,24.22635561221671,24.242216110229492,16200,0.0,0.0,0.0
2012-06-12 00:00:00-04:00,24.31358560226713,24.480117797851562,24.23428462877646,24.480117797851562,719700,0.0,0.0,0.0
2012-06-13 00:00:00-04:00,24.543558461952276,24.543558461952276,24.321516036987305,24.321516036987305,4400,0.0,0.0,0.0
2012-06-14 00:00:00-04:00,24.495976204957557,24.670438645031652,24.495976204957557,24.638717651367188,900,0.0,0.0,0.0
2012-06-15 00:00:00-04:00,24.733879291791816,24.884549475124924,24.733879291791816,24.868690490722656,11800,0.0,0.0,0.0
2012-06-18 00:00:00-04:00,24.757664459822998,24.963846348602868,24.757664459822998,24.900405883789062,3600,0.0,0.0,0.0
2012-06-19 00:00:00-04:00,25.051083467322062,25.217614159559325,25.04315321828119,25.13038444519043,1800,0.0,0.0,0.0
2012-06-20 00:00:00-04:00,25.098662203983235,25.201753923860252,25.051082224638602,25.074872970581055,4204500,0.0,0.0,0.0
2012-06-21 00:00:00-04:00,25.170035739202145,25.170035739202145,24.567350387573242,24.567350387573242,566200,0.0,0.0,0.0
2012-06-22 00:00:00-04:00,24.678367999635707,24.678367999635707,24.654577255249023,24.654577255249023,500,0.0,0.0,0.0
2012-06-25 00:00:00-04:00,24.503901697023,24.503901697023,24.297719815845777,24.361160278320312,19400,0.0,0.0,0.0
2012-06-26 00:00:00-04:00,24.417128444084586,24.521064466052664,24.345172150048967,24.51306915283203,5700,0.25,0.0,0.0
2012-06-27 00:00:00-04:00,24.688966751098633,24.720948010823626,24.688966751098633,24.688966751098633,1600,0.0,0.0,0.0
2012-06-28 00:00:00-04:00,24.521066169851345,24.632997512817383,24.417130140661474,24.632997512817383,3400,0.0,0.0,0.0
2012-06-29 00:00:00-04:00,25.072727547674848,25.152677625736832,25.024755670897672,25.144683837890625,3800,0.0,0.0,0.0
2012-07-02 00:00:00-04:00,25.25661404452663,25.25661404452663,25.128692095373367,25.17666244506836,2000,0.0,0.0,0.0
2012-07-03 00:00:00-04:00,25.35255930234777,25.44850154393825,25.35255930234777,25.384540557861328,700,0.0,0.0,0.0
2012-07-05 00:00:00-04:00,25.392532296651748,25.392532296651748,25.328571319580078,25.328571319580078,1500,0.0,0.0,0.0
2012-07-06 00:00:00-04:00,25.096710791168675,25.112701416015625,24.984779467139862,25.112701416015625,7000,0.0,0.0,0.0
2012-07-09 00:00:00-04:00,25.008767546081312,25.056737899780273,25.008767546081312,25.056737899780273,300,0.0,0.0,0.0
2012-07-10 00:00:00-04:00,25.14469095072651,25.14469095072651,24.84087507832872,24.888845443725586,1500,0.0,0.0,0.0
2012-07-11 00:00:00-04:00,24.904827704115604,24.94480426597015,24.744926031547152,24.920818328857422,6800,0.0,0.0,0.0
2012-07-12 00:00:00-04:00,24.760916341639653,24.864853882591976,24.617005286778724,24.776906967163086,14500,0.0,0.0,0.0
2012-07-13 00:00:00-04:00,24.880847567679464,25.200652492724153,24.880847567679464,25.184661865234375,5300,0.0,0.0,0.0
2012-07-16 00:00:00-04:00,25.144682665709528,25.184657702876983,25.0887154787452,25.112701416015625,3100,0.0,0.0,0.0
2012-07-17 00:00:00-04:00,25.24062704223422,25.304588025990665,25.01676436156172,25.296592712402344,4300,0.0,0.0,0.0
2012-07-18 00:00:00-04:00,25.448507598648078,25.45650291442871,25.448507598648078,25.45650291442871,2800,0.0,0.0,0.0
2012-07-19 00:00:00-04:00,25.576423061554628,25.600409002763524,25.552437120345733,25.56043243408203,2300,0.0,0.0,0.0
2012-07-20 00:00:00-04:00,25.312580694074665,25.336566632332786,25.312580694074665,25.328571319580078,700,0.0,0.0,0.0
2012-07-23 00:00:00-04:00,25.08072682395488,25.120701869303087,25.08072682395488,25.096715927124023,600,0.0,0.0,0.0
2012-07-24 00:00:00-04:00,24.952802571170967,24.952802571170967,24.768914928196377,24.824880599975586,1600,0.0,0.0,0.0
2012-07-25 00:00:00-04:00,24.752920150756836,24.752920150756836,24.752920150756836,24.752920150756836,500,0.0,0.0,0.0
2012-07-26 00:00:00-04:00,25.200649807661875,25.28859519958496,25.12069820368179,25.28859519958496,268400,0.0,0.0,0.0
2012-07-27 00:00:00-04:00,25.67235565185547,25.67235565185547,25.67235565185547,25.67235565185547,400,0.0,0.0,0.0
2012-07-30 00:00:00-04:00,25.712343705606667,25.736328125,25.712343705606667,25.736328125,16300,0.0,0.0,0.0
2012-07-31 00:00:00-04:00,25.66436785673576,25.728330365115788,25.648380279541016,25.648380279541016,3800,0.0,0.0,0.0
2012-08-01 00:00:00-04:00,25.640386251764728,25.704348767156382,25.568429946899414,25.568429946899414,13300,0.0,0.0,0.0
2012-08-02 00:00:00-04:00,25.32856970545701,25.400525990695797,25.32856970545701,25.336565017700195,5400,0.0,0.0,0.0
2012-08-03 00:00:00-04:00,25.776297610957467,25.87223830637389,25.776297610957467,25.82426643371582,8400,0.0,0.0,0.0
2012-08-06 00:00:00-04:00,25.936204418763698,26.00816072129318,25.912220001220703,25.912220001220703,1300,0.0,0.0,0.0
2012-08-07 00:00:00-04:00,26.016155826594268,26.032146453857422,26.016155826594268,26.032146453857422,4800,0.0,0.0,0.0
2012-08-08 00:00:00-04:00,25.976187725725357,26.04814404269029,25.976187725725357,26.02415657043457,6500,0.0,0.0,0.0
2012-08-09 00:00:00-04:00,26.02415657043457,26.02415657043457,26.02415657043457,26.02415657043457,0,0.0,0.0,0.0
2012-08-10 00:00:00-04:00,26.00016685419517,26.08811378479004,26.00016685419517,26.08811378479004,1600,0.0,0.0,0.0
2012-08-13 00:00:00-04:00,26.06413087554912,26.08012150662651,26.056137084960938,26.056137084960938,1400,0.0,0.0,0.0
2012-08-14 00:00:00-04:00,26.120093809399243,26.120093809399243,26.09610939025879,26.09610939025879,500,0.0,0.0,0.0
2012-08-15 00:00:00-04:00,26.136073566267505,26.160061025329956,26.08810474794148,26.112089157104492,3800,0.0,0.0,0.0
2012-08-16 00:00:00-04:00,26.28799238624873,26.29598617553711,26.28799238624873,26.29598617553711,600,0.0,0.0,0.0
2012-08-17 00:00:00-04:00,26.34395408630371,26.34395408630371,26.303979046092035,26.34395408630371,2700,0.0,0.0,0.0
2012-08-20 00:00:00-04:00,26.29598088884283,26.359943389892578,26.29598088884283,26.359943389892578,3100,0.0,0.0,0.0
2012-08-21 00:00:00-04:00,26.39192389996763,26.39192389996763,26.25600814819336,26.25600814819336,2000,0.0,0.0,0.0
2012-08-22 00:00:00-04:00,26.192040519412092,26.27199363708496,26.192040519412092,26.27199363708496,2500,0.0,0.0,0.0
2012-08-23 00:00:00-04:00,26.18405366968504,26.18405366968504,26.128087997436523,26.128087997436523,5100,0.0,0.0,0.0
2012-08-24 00:00:00-04:00,26.072125621329995,26.287994548679738,26.072125621329995,26.240022659301758,1900,0.0,0.0,0.0
2012-08-27 00:00:00-04:00,26.232026471226305,26.327967191310595,26.216035842895508,26.216035842895508,500,0.0,0.0,0.0
2012-08-28 00:00:00-04:00,26.216034920258412,26.26400375366211,26.2080380814242,26.26400375366211,4500,0.0,0.0,0.0
2012-08-29 00:00:00-04:00,26.26399953228296,26.295980782678715,26.192043243842463,26.23202133178711,11800,0.0,0.0,0.0
2012-08-30 00:00:00-04:00,26.09611172396424,26.09611172396424,25.99217414855957,25.99217414855957,3500,0.0,0.0,0.0
2012-08-31 00:00:00-04:00,26.216038005484368,26.240022425008814,26.14408169701027,26.160072326660156,1900,0.0,0.0,0.0
2012-09-04 00:00:00-04:00,26.136079203461286,26.136079203461286,26.032144708071357,26.120088577270508,3800,0.0,0.0,0.0
2012-09-05 00:00:00-04:00,26.128087997436523,26.176059880749705,26.072122325188005,26.128087997436523,4400,0.0,0.0,0.0
2012-09-06 00:00:00-04:00,26.272000936085067,26.6397762298584,26.272000936085067,26.6397762298584,3800,0.0,0.0,0.0
2012-09-07 00:00:00-04:00,26.687741410970194,26.74370706988385,26.687741410970194,26.72771644592285,12900,0.0,0.0,0.0
2012-09-10 00:00:00-04:00,26.703734572273053,26.703734572273053,26.56781578063965,26.56781578063965,2000,0.0,0.0,0.0
2012-09-11 00:00:00-04:00,26.647775650024414,26.647775650024414,26.647775650024414,26.647775650024414,2600,0.0,0.0,0.0
2012-09-12 00:00:00-04:00,26.74371412073358,26.759704748910426,26.703739075241693,26.711732864379883,5100,0.0,0.0,0.0
2012-09-13 00:00:00-04:00,26.71173368266785,27.15146529635027,26.703739893284784,27.11149024963379,5900,0.0,0.0,0.0
2012-09-14 00:00:00-04:00,27.223424257613573,27.31137119891446,27.199439837222737,27.247411727905273,12900,0.0,0.0,0.0
2012-09-17 00:00:00-04:00,27.231413280215904,27.231413280215904,27.12747573852539,27.12747573852539,7500,0.0,0.0,0.0
2012-09-18 00:00:00-04:00,27.231424015928113,27.231424015928113,27.151470856222385,27.159467697143555,192700,0.0,0.0,0.0
2012-09-19 00:00:00-04:00,27.191449941548402,27.25541247879376,27.191449941548402,27.239421844482422,1800,0.0,0.0,0.0
2012-09-20 00:00:00-04:00,27.023532268671474,27.199426062192607,27.023532268671474,27.183435440063477,7900,0.0,0.0,0.0
2012-09-21 00:00:00-04:00,27.367336879760323,27.367336879760323,27.247411727905273,27.247411727905273,6800,0.0,0.0,0.0
2012-09-24 00:00:00-04:00,27.03326920313707,27.154023470115035,27.03326920313707,27.137922286987305,38400,0.234,0.0,0.0
2012-09-25 00:00:00-04:00,27.2747807225175,27.2747807225175,26.920560836791992,26.920560836791992,4100,0.0,0.0,0.0
2012-09-26 00:00:00-04:00,26.832010171308653,26.848108284140135,26.719301884580638,26.79175567626953,4900,0.0,0.0,0.0
2012-09-27 00:00:00-04:00,26.848106462842505,27.049366640437988,26.84005740697279,27.00911521911621,1900,0.0,0.0,0.0
2012-09-28 00:00:00-04:00,26.92055770529252,26.92055770529252,26.81590463394422,26.872257232666016,11000,0.0,0.0,0.0
2012-10-01 00:00:00-04:00,27.041311875457414,27.041311875457414,26.944707870483402,26.9447078704834,3400,0.0,0.0,0.0
2012-10-02 00:00:00-04:00,27.089617866739573,27.097666921638872,26.86420440673828,26.86420440673828,5900,0.0,0.0,0.0
2012-10-03 00:00:00-04:00,27.001059833917466,27.113765015593813,27.001059833917466,27.105712890625,500,0.0,0.0,0.0
2012-10-04 00:00:00-04:00,27.210374204570837,27.306978225708008,27.210374204570837,27.306978225708008,2200,0.0,0.0,0.0
2012-10-05 00:00:00-04:00,27.459939872729862,27.459939872729862,27.242578506469727,27.242578506469727,10400,0.0,0.0,0.0
2012-10-08 00:00:00-04:00,27.186222032702112,27.21842439445209,27.162071796882753,27.194271087646484,2900,0.0,0.0,0.0
2012-10-09 00:00:00-04:00,27.15402601299211,27.15402601299211,26.92861557006836,26.92861557006836,1200,0.0,0.0,0.0
2012-10-10 00:00:00-04:00,26.928607216838508,26.928607216838508,26.7353961321328,26.74344825744629,7500,0.0,0.0,0.0
2012-10-11 00:00:00-04:00,26.896411269746455,26.896411269746455,26.751503689417248,26.75955581665039,5000,0.0,0.0,0.0
2012-10-12 00:00:00-04:00,26.783704032528313,26.783704032528313,26.638796463148708,26.662946701049805,2800,0.0,0.0,0.0
2012-10-15 00:00:00-04:00,26.670993875112767,26.848100705144535,26.670993875112767,26.840051651000977,2300,0.0,0.0,0.0
2012-10-16 00:00:00-04:00,27.017165468513653,27.121818542480472,27.001064286906516,27.12181854248047,900,0.0,0.0,0.0
2012-10-17 00:00:00-04:00,27.202324524979268,27.28282736224894,27.202324524979268,27.22647476196289,9100,0.0,0.0,0.0
2012-10-18 00:00:00-04:00,27.17816613690504,27.194267315546643,27.162068029249255,27.18621826171875,2100,0.0,0.0,0.0
2012-10-19 00:00:00-04:00,27.009113250100174,27.009113250100174,26.695147887297754,26.783702850341797,11600,0.0,0.0,0.0
2012-10-22 00:00:00-04:00,26.630750622999003,26.75150489807129,26.58244707037796,26.75150489807129,3800,0.0,0.0,0.0
2012-10-23 00:00:00-04:00,26.3731308425279,26.45363675164528,26.365081787109375,26.365081787109375,2000,0.0,0.0,0.0
2012-10-24 00:00:00-04:00,26.421431754623764,26.437532934842466,26.292625383860273,26.300674438476562,42200,0.0,0.0,0.0
2012-10-25 00:00:00-04:00,26.48584289546303,26.48584289546303,26.28458270042452,26.316781997680664,900,0.0,0.0,0.0
2012-10-26 00:00:00-04:00,26.34897941556259,26.445583431155104,26.228225163818518,26.429485321044922,30200,0.0,0.0,0.0
2012-10-31 00:00:00-04:00,26.48584481741498,26.48584481741498,26.268483422482078,26.373136520385742,1300,0.0,0.0,0.0
2012-11-01 00:00:00-04:00,26.558284759521484,26.558284759521484,26.558284759521484,26.558284759521484,100,0.0,0.0,0.0
2012-11-02 00:00:00-04:00,26.751502266170434,26.751502266170434,26.39728546142578,26.39728546142578,4600,0.0,0.0,0.0
2012-11-05 00:00:00-05:00,26.276525497436523,26.276525497436523,26.276525497436523,26.276525497436523,100,0.0,0.0,0.0
2012-11-06 00:00:00-05:00,26.509986305408454,26.606590314258973,26.509986305408454,26.598541259765625,1000,0.0,0.0,0.0
2012-11-07 00:00:00-05:00,26.365085517514874,26.365085517514874,25.970614184491886,26.035018920898438,6500,0.0,0.0,0.0
2012-11-08 00:00:00-05:00,25.922308624350833,25.93840980529785,25.922308624350833,25.93840980529785,400,0.0,0.0,0.0
2012-11-09 00:00:00-05:00,25.584190735445716,25.898154541547665,25.584190735445716,25.704946517944336,7000,0.0,0.0,0.0
2012-11-12 00:00:00-05:00,25.817653596803517,25.817653596803517,25.71299898712203,25.769350051879883,6300,0.0,0.0,0.0
2012-11-13 00:00:00-05:00,25.79350276370627,25.80960394497536,25.79350276370627,25.801551818847656,2500,0.0,0.0,0.0
2012-11-14 00:00:00-05:00,25.52783161059105,25.52783161059105,25.350723266601562,25.350723266601562,4700,0.0,0.0,0.0
2012-11-15 00:00:00-05:00,25.246073033840144,25.286324448569076,25.16556866888923,25.205820083618164,5200,0.0,0.0,0.0
2012-11-16 00:00:00-05:00,25.254122090547085,25.382928452450678,25.09311337042112,25.326574325561523,11600,0.0,0.0,0.0
2012-11-19 00:00:00-05:00,25.7451948671534,25.825700759887695,25.73714427787997,25.825700759887695,4500,0.0,0.0,0.0
2012-11-20 00:00:00-05:00,25.841804548714162,25.841804548714162,25.769350764817386,25.833755493164062,800,0.0,0.0,0.0
2012-11-21 00:00:00-05:00,25.946455001831055,25.9625561803837,25.938405948047635,25.946455001831055,2000,0.0,0.0,0.0
2012-11-23 00:00:00-05:00,26.083310549535746,26.292619705200195,26.083310549535746,26.292619705200195,800,0.0,0.0,0.0
2012-11-26 00:00:00-05:00,26.171871300310134,26.268478393554688,26.155773189089203,26.268478393554688,7900,0.0,0.0,0.0
2012-11-27 00:00:00-05:00,26.300680136899132,26.31678132060639,26.099419947038612,26.131622314453125,5400,0.0,0.0,0.0
2012-11-28 00:00:00-05:00,26.067214415288337,26.332876205444336,26.067214415288337,26.332876205444336,10400,0.0,0.0,0.0
2012-11-29 00:00:00-05:00,26.461688350625028,26.50193977355957,26.37313337757701,26.50193977355957,1800,0.0,0.0,0.0
2012-11-30 00:00:00-05:00,26.421428091415002,26.453630447387695,26.389225735442306,26.453630447387695,2900,0.0,0.0,0.0
2012-12-03 00:00:00-05:00,26.542198741380194,26.550247798929146,26.34093852179675,26.348987579345703,3500,0.0,0.0,0.0
2012-12-04 00:00:00-05:00,26.38118033957007,26.38118033957007,26.300674438476562,26.300674438476562,4300,0.0,0.0,0.0
2012-12-05 00:00:00-05:00,26.316785207175418,26.453643753405522,26.276533777456176,26.348987579345703,16300,0.0,0.0,0.0
2012-12-06 00:00:00-05:00,26.365081787109375,26.365081787109375,26.365081787109375,26.365081787109375,4000,0.0,0.0,0.0
2012-12-07 00:00:00-05:00,26.534136433389595,26.534136433389595,26.437532424926758,26.437532424926758,500,0.0,0.0,0.0
2012-12-10 00:00:00-05:00,26.46168839553213,26.52609312912607,26.46168839553213,26.4938907623291,1600,0.0,0.0,0.0
2012-12-11 00:00:00-05:00,26.590492321144648,26.767602251085535,26.590492321144648,26.695148468017578,9400,0.0,0.0,0.0
2012-12-12 00:00:00-05:00,26.783705301726116,26.880309328894786,26.70319938659668,26.70319938659668,5000,0.0,0.0,0.0
2012-12-13 00:00:00-05:00,26.703196220956297,26.751499764307617,26.477785827289384,26.542190551757812,8200,0.0,0.0,0.0
2012-12-14 00:00:00-05:00,26.413382190557567,26.437532424926758,26.413382190557567,26.437532424926758,900,0.0,0.0,0.0
2012-12-17 00:00:00-05:00,26.542193698311113,26.70319938659668,26.542193698311113,26.70319938659668,9000,0.0,0.0,0.0
2012-12-18 00:00:00-05:00,26.944712354161798,27.017166137695312,26.944712354161798,27.017166137695312,900,0.0,0.0,0.0
2012-12-19 00:00:00-05:00,26.93448775632795,26.959047079008858,26.795310974121094,26.795310974121094,19300,0.559,0.0,0.0
2012-12-20 00:00:00-05:00,26.795310974121094,26.795310974121094,26.795310974121094,26.795310974121094,0,0.0,0.0,0.0
2012-12-21 00:00:00-05:00,26.582451039228438,26.729813192585258,26.525143882145876,26.697065353393555,29900,0.0,0.0,0.0
2012-12-24 00:00:00-05:00,26.615201950073242,26.631575873480106,26.59883114967294,26.615201950073242,27000,0.0,0.0,0.0
2012-12-26 00:00:00-05:00,26.664317143363927,26.664317143363927,26.41052607766663,26.484207153320312,13100,0.0,0.0,0.0
2012-12-27 00:00:00-05:00,26.4924047209473,26.4924047209473,26.222239643627805,26.32866859436035,3000,0.0,0.0,0.0
2012-12-28 00:00:00-05:00,26.279538938920936,26.35322001763965,26.16492462158203,26.16492462158203,69900,0.0,0.0,0.0
2012-12-31 00:00:00-05:00,26.132171538384082,26.615189562039674,26.132171538384082,26.607004165649414,8500,0.0,0.0,0.0
2013-01-02 00:00:00-05:00,27.171891979483362,27.25376156375285,27.073651601365288,27.245573043823242,8500,0.0,0.0,0.0
2013-01-03 00:00:00-05:00,27.26195583692391,27.319263003068592,27.17190082640903,27.22920799255371,2800,0.0,0.0,0.0
2013-01-04 00:00:00-05:00,27.270141374910747,27.36838177426299,27.23739353412467,27.360193252563477,4200,0.0,0.0,0.0
2013-01-07 00:00:00-05:00,27.245583909823605,27.278331756591797,27.18009133929378,27.278331756591797,3700,0.0,0.0,0.0
2013-01-08 00:00:00-05:00,27.237394238645987,27.237394238645987,27.139153836752662,27.18827247619629,600,0.0,0.0,0.0
2013-01-09 00:00:00-05:00,27.30288126201988,27.30288126201988,27.27832194727857,27.286510467529297,900,0.0,0.0,0.0
2013-01-10 00:00:00-05:00,27.36837167447366,27.41749341752531,27.302876017071465,27.39293098449707,10300,0.0,0.0,0.0
2013-01-11 00:00:00-05:00,27.482988066626895,27.50754737854004,27.482988066626895,27.50754737854004,3100,0.0,0.0,0.0
2013-01-14 00:00:00-05:00,27.43387355906335,27.46662139892578,27.43387355906335,27.46662139892578,2500,0.0,0.0,0.0
2013-01-15 00:00:00-05:00,27.36018954004191,27.409311294555664,27.36018954004191,27.409311294555664,1400,0.0,0.0,0.0
2013-01-16 00:00:00-05:00,27.425681213803273,27.499362273327726,27.409307298019495,27.482988357543945,3600,0.0,0.0,0.0
2013-01-17 00:00:00-05:00,27.581230270167968,27.679473770359376,27.55667095662276,27.630352020263672,6000,0.0,0.0,0.0
2013-01-18 00:00:00-05:00,27.597607429148717,27.671288501445993,27.4993670404209,27.663103103637695,157600,0.0,0.0,0.0
2013-01-22 00:00:00-05:00,27.679477395884433,27.720410631489745,27.630355639354644,27.704036712646484,6000,0.0,0.0,0.0
2013-01-23 00:00:00-05:00,27.802281185735804,27.884150791975472,27.794095786614914,27.86777687072754,2500,0.0,0.0,0.0
2013-01-24 00:00:00-05:00,27.77771766824704,27.949639130864355,27.77771766824704,27.843210220336914,164000,0.0,0.0,0.0
2013-01-25 00:00:00-05:00,27.941456782618996,27.974201500734978,27.859587179813985,27.949642181396484,10400,0.0,0.0,0.0
2013-01-28 00:00:00-05:00,27.998759177072746,27.998759177072746,27.884144875661633,27.941452026367188,13200,0.0,0.0,0.0
2013-01-29 00:00:00-05:00,27.900507986806232,28.096988677978516,27.900507986806232,28.096988677978516,5900,0.0,0.0,0.0
2013-01-30 00:00:00-05:00,28.105192865222996,28.105192865222996,27.925082862057995,27.949642181396484,35900,0.0,0.0,0.0
2013-01-31 00:00:00-05:00,27.93326943271312,27.949643353961054,27.859588348600496,27.86777687072754,14000,0.0,0.0,0.0
2013-02-01 00:00:00-05:00,28.02331819395248,28.162494932045647,28.02331819395248,28.154306411743164,8200,0.0,0.0,0.0
2013-02-04 00:00:00-05:00,27.990564987240557,27.990564987240557,27.81864356994629,27.81864356994629,17200,0.0,0.0,0.0
2013-02-05 00:00:00-05:00,27.99875944310435,28.195240212245846,27.99875944310435,28.121559143066406,2300,0.0,0.0,0.0
2013-02-06 00:00:00-05:00,28.039701247774808,28.1297562624122,28.031515847810713,28.11338233947754,9900,0.0,0.0,0.0
2013-02-07 00:00:00-05:00,28.11337651937686,28.12975043892175,27.95782896820914,28.064254760742188,1500,0.0,0.0,0.0
2013-02-08 00:00:00-05:00,28.219799713535554,28.244359026370738,28.20342579731037,28.236173629760742,5300,0.0,0.0,0.0
2013-02-11 00:00:00-05:00,28.195243264721874,28.24436502382803,28.195243264721874,28.227991104125977,8300,0.0,0.0,0.0
2013-02-12 00:00:00-05:00,28.244365121298312,28.301672278950335,28.244365121298312,28.27711296081543,1600,0.0,0.0,0.0
2013-02-13 00:00:00-05:00,28.326231597085236,28.35079403822601,28.227991201539755,28.27711296081543,3500,0.0,0.0,0.0
2013-02-14 00:00:00-05:00,28.22797949087648,28.334408363651075,28.22797949087648,28.301660537719727,5600,0.0,0.0,0.0
2013-02-15 00:00:00-05:00,28.334421360792497,28.350795281268972,28.162499880298526,28.260740280151367,4500,0.0,0.0,0.0
2013-02-19 00:00:00-05:00,28.31803924941486,28.489960680181113,28.31803924941486,28.481775283813477,8600,0.0,0.0,0.0
2013-02-20 00:00:00-05:00,28.481783052363603,28.481783052363603,28.17068481445312,28.170684814453125,5400,0.0,0.0,0.0
2013-02-21 00:00:00-05:00,28.056060791015625,28.08062010132689,27.93325799344956,28.056060791015625,4300,0.0,0.0,0.0
2013-02-22 00:00:00-05:00,28.113375850786156,28.219804763793945,28.0888165335558,28.219804763793945,26600,0.0,0.0,0.0
2013-02-25 00:00:00-05:00,28.375350493202845,28.375350493202845,27.90870475769043,27.90870475769043,10300,0.0,0.0,0.0
2013-02-26 00:00:00-05:00,27.88414638370943,27.949638935341152,27.777717473926522,27.91689109802246,8800,0.0,0.0,0.0
2013-02-27 00:00:00-05:00,28.03969608030728,28.326231871341637,28.03969608030728,28.268924713134766,20200,0.0,0.0,0.0
2013-02-28 00:00:00-05:00,28.277111919335272,28.416285547648283,28.219804763793945,28.219804763793945,800,0.0,0.0,0.0
2013-03-01 00:00:00-05:00,28.03969608030728,28.326231871341637,28.03969608030728,28.268924713134766,8000,0.0,0.0,0.0
2013-03-04 00:00:00-05:00,28.2279818901972,28.408091825124025,28.195234061482353,28.3917179107666,6500,0.0,0.0,0.0
2013-03-05 00:00:00-05:00,28.563639568877115,28.760123419825103,28.563639568877115,28.69462776184082,11400,0.0,0.0,0.0
2013-03-06 00:00:00-05:00,28.76832068237054,28.76832068237054,28.719202041625973,28.719202041625977,1900,0.0,0.0,0.0
2013-03-07 00:00:00-05:00,28.784694004527616,28.809253324388745,28.768320083618164,28.768320083618164,5000,0.0,0.0,0.0
2013-03-08 00:00:00-05:00,28.833808042271997,28.891115188598633,28.833808042271997,28.891115188598633,2500,0.0,0.0,0.0
2013-03-11 00:00:00-04:00,28.88292771715234,28.948423385620117,28.858368402979607,28.948423385620117,4700,0.0,0.0,0.0
2013-03-12 00:00:00-04:00,28.932051647615786,28.940237045288086,28.86655597421499,28.940237045288086,2800,0.0,0.0,0.0
2013-03-13 00:00:00-04:00,28.923868550701332,28.997546504629568,28.923868550701332,28.964801788330078,1500,0.0,0.0,0.0
2013-03-14 00:00:00-04:00,29.071226515607183,29.103974353711752,29.063041117583907,29.095788955688477,1600,0.0,0.0,0.0
2013-03-15 00:00:00-04:00,29.095787321228197,29.095787321228197,29.00573233300235,29.08759880065918,2200,0.0,0.0,0.0
2013-03-18 00:00:00-04:00,28.84199665819249,29.046665953061584,28.84199665819249,28.940237045288086,7200,0.0,0.0,0.0
2013-03-19 00:00:00-04:00,29.046663659440657,29.046663659440657,28.76831331547793,28.899301528930664,10100,0.0,0.0,0.0
2013-03-20 00:00:00-04:00,29.038470935033843,29.063030242919922,29.030282417068776,29.063030242919922,3200,0.0,0.0,0.0
2013-03-21 00:00:00-04:00,28.89930058535733,28.94842233492527,28.86655275231204,28.891115188598633,23300,0.0,0.0,0.0
2013-03-22 00:00:00-04:00,28.932052689555764,29.038481601162122,28.932052689555764,28.99754524230957,61000,0.0,0.0,0.0
2013-03-25 00:00:00-04:00,29.130813976679637,29.130813976679637,28.933371325461493,28.98273277282715,4100,0.172,0.0,0.0
2013-03-26 00:00:00-04:00,29.10613441467285,29.10613441467285,29.10613441467285,29.10613441467285,2100,0.0,0.0,0.0
2013-03-27 00:00:00-04:00,29.03209474986057,29.171947479248047,28.99096177876099,29.171947479248047,4700,0.0,0.0,0.0
2013-03-28 00:00:00-04:00,29.180179471743358,29.278899241924,29.180179471743358,29.23776626586914,4500,0.0,0.0,0.0
2013-04-01 00:00:00-04:00,29.221310986876347,29.245990143626443,29.11436274388467,29.139041900634766,1200,0.0,0.0,0.0
2013-04-02 00:00:00-04:00,29.254221712782353,29.38584912643372,29.254221712782353,29.328262329101562,2200,0.0,0.0,0.0
2013-04-03 00:00:00-04:00,29.38584327697754,29.38584327697754,29.38584327697754,29.38584327697754,200,0.0,0.0,0.0
2013-04-04 00:00:00-04:00,29.139038822024897,29.204854084064618,29.12258814475939,29.188400268554688,1300,0.0,0.0,0.0
2013-04-05 00:00:00-04:00,28.859342022651596,29.06501007080078,28.851113543308223,29.06501007080078,30500,0.0,0.0,0.0
2013-04-08 00:00:00-04:00,29.040322378176892,29.040322378176892,28.999189403834592,29.023868560791016,800,0.0,0.0,0.0
2013-04-09 00:00:00-04:00,29.311808510114506,29.41052828579176,29.311808510114506,29.328262329101562,4400,0.0,0.0,0.0
2013-04-10 00:00:00-04:00,29.43519708746256,29.706680297851562,29.43519708746256,29.706680297851562,7200,0.0,0.0,0.0
2013-04-11 00:00:00-04:00,29.673775407278228,29.830081939697266,29.673775407278228,29.830081939697266,5300,0.0,0.0,0.0
2013-04-12 00:00:00-04:00,29.665565669527147,29.698470178015167,29.607978856865717,29.657337188720703,4400,0.0,0.0,0.0
2013-04-15 00:00:00-04:00,29.58328835401289,29.58328835401289,29.089686342783796,29.13081932067871,55700,0.0,0.0,0.0
2013-04-16 00:00:00-04:00,29.221320665724306,29.377627273988917,29.221320665724306,29.369401931762695,2600,0.0,0.0,0.0
2013-04-17 00:00:00-04:00,29.27066773930598,29.27066773930598,28.958051538267053,28.99095916748047,2100,0.0,0.0,0.0
2013-04-18 00:00:00-04:00,28.916915009479677,28.974501784388664,28.851099759158622,28.900461196899414,3800,0.0,0.0,0.0
2013-04-19 00:00:00-04:00,28.93337092043375,29.10613441467285,28.93337092043375,29.10613441467285,1400,0.0,0.0,0.0
2013-04-22 00:00:00-04:00,29.171950415034644,29.171950415034644,29.023869193578033,29.15549659729004,1600,0.0,0.0,0.0
2013-04-23 00:00:00-04:00,29.33648920926095,29.52570343017578,29.213087129503553,29.52570343017578,5700,0.0,0.0,0.0
2013-04-24 00:00:00-04:00,29.509248556768277,29.566835355067,29.476344056486962,29.51747703552246,2400,0.0,0.0,0.0
2013-04-25 00:00:00-04:00,29.71491734232955,29.723145821292007,29.58328992313715,29.59151840209961,2400,0.0,0.0,0.0
2013-04-26 00:00:00-04:00,29.58328992313715,29.649105201855956,29.550382283777747,29.59151840209961,10400,0.0,0.0,0.0
2013-04-29 00:00:00-04:00,29.66555190723385,29.821858449338237,29.62441579877712,29.780725479125977,2800,0.0,0.0,0.0
2013-04-30 00:00:00-04:00,29.698465798590036,29.863000869750973,29.665561294954216,29.863000869750977,3500,0.0,0.0,0.0
2013-05-01 00:00:00-04:00,29.747819405763146,29.747819405763146,29.583284378051758,29.583284378051758,1100,0.0,0.0,0.0
2013-05-02 00:00:00-04:00,29.706685667231874,29.879446029663086,29.706685667231874,29.879446029663086,2700,0.0,0.0,0.0
2013-05-03 00:00:00-04:00,30.20028874469356,30.208517222213505,30.175609588623047,30.175609588623047,2000,0.0,0.0,0.0
2013-05-06 00:00:00-04:00,30.192072829768765,30.257884979248043,30.183844349680324,30.257884979248047,1400,0.0,0.0,0.0
2013-05-07 00:00:00-04:00,30.282549857381643,30.34836196899414,30.241413757099508,30.34836196899414,2800,0.0,0.0,0.0
2013-05-08 00:00:00-04:00,30.438854117207836,30.496440887451172,30.430628780706048,30.496440887451172,1700,0.0,0.0,0.0
2013-05-09 00:00:00-04:00,30.43886107877076,30.51290167719484,30.356595141963705,30.36482048034668,163900,0.0,0.0,0.0
2013-05-10 00:00:00-04:00,30.397736520273806,30.46354866027832,30.389508041369993,30.46354866027832,5400,0.0,0.0,0.0
2013-05-13 00:00:00-04:00,30.455316397895235,30.54581081579889,30.414183427460248,30.488224029541016,6500,0.0,0.0,0.0
2013-05-14 00:00:00-04:00,30.570489278354557,30.833744049072266,30.570489278354557,30.833744049072266,2100,0.0,0.0,0.0
2013-05-15 00:00:00-04:00,30.833748320689022,30.998283359742892,30.81729450295915,30.973604202270508,2900,0.0,0.0,0.0
2013-05-16 00:00:00-04:00,30.94893381062216,30.973616115833092,30.8502140045166,30.8502140045166,2100,0.0,0.0,0.0
2013-05-17 00:00:00-04:00,30.990047139627627,31.03118324279785,30.981821801940022,31.03118324279785,900,0.0,0.0,0.0
2013-05-20 00:00:00-04:00,31.08054129584173,31.245076292469257,31.08054129584173,31.12167739868164,3700,0.0,0.0,0.0
2013-05-21 00:00:00-04:00,31.18750383621542,31.245090640743285,31.121691690288785,31.212182998657227,1900,0.0,0.0,0.0
2013-05-22 00:00:00-04:00,31.26976472356817,31.376712973851912,30.932469292591723,30.948923110961914,19900,0.0,0.0,0.0
2013-05-23 00:00:00-04:00,30.60340619873487,30.87488639046175,30.60340619873487,30.841981887817383,4100,0.0,0.0,0.0
2013-05-24 00:00:00-04:00,30.71857805633008,30.841980133524782,30.68567041731214,30.809072494506836,3100,0.0,0.0,0.0
2013-05-28 00:00:00-04:00,31.21218238968883,31.294451493298855,31.006514338031888,31.080554962158203,6600,0.0,0.0,0.0
2013-05-29 00:00:00-04:00,30.907796839568164,30.932476003355077,30.726807936475733,30.88311767578125,6500,0.0,0.0,0.0
2013-05-30 00:00:00-04:00,31.03942211302913,31.11346273747402,31.006514471443527,31.022968292236328,4100,0.0,0.0,0.0
2013-05-31 00:00:00-04:00,30.907786270631473,30.907786270631473,30.52935791015625,30.52935791015625,2200,0.0,0.0,0.0
2013-06-03 00:00:00-04:00,30.595172732516055,30.636308846045903,30.414187013613102,30.628080368041992,9200,0.0,0.0,0.0
2013-06-04 00:00:00-04:00,30.776161589663857,30.850202200474794,30.488227624424034,30.628080368041992,32800,0.0,0.0,0.0
2013-06-05 00:00:00-04:00,30.52113213122317,30.55403976675937,30.175611372827632,30.233198165893555,26400,0.0,0.0,0.0
2013-06-06 00:00:00-04:00,30.150922495912802,30.356590444348104,30.011066659089998,30.34836196899414,11000,0.0,0.0,0.0
2013-06-07 00:00:00-04:00,30.603404505256947,30.858430862426758,30.586950685722574,30.858430862426758,26000,0.0,0.0,0.0
2013-06-10 00:00:00-04:00,30.874882874377747,30.899565171356866,30.77616310119629,30.77616310119629,12200,0.0,0.0,0.0
2013-06-11 00:00:00-04:00,30.512904093842817,30.759705062055154,30.496450277529384,30.52935791015625,6500,0.0,0.0,0.0
2013-06-12 00:00:00-04:00,30.74326263063238,30.74326263063238,30.27433967590332,30.27433967590332,4700,0.0,0.0,0.0
2013-06-13 00:00:00-04:00,30.249647081138566,30.702116012573246,30.233193266037112,30.702116012573242,1200,0.0,0.0,0.0
2013-06-14 00:00:00-04:00,30.521130487927365,30.603399572338397,30.48822599240764,30.53758430480957,2600,0.0,0.0,0.0
2013-06-17 00:00:00-04:00,30.73502375692326,30.89133029360103,30.644529342651367,30.644529342651367,15600,0.0,0.0,0.0
2013-06-18 00:00:00-04:00,30.899566521919223,31.014740118705777,30.891338043151528,30.9571533203125,36500,0.0,0.0,0.0
2013-06-19 00:00:00-04:00,30.957145554251262,30.957145554251262,30.644529342651367,30.644529342651367,4100,0.0,0.0,0.0
2013-06-20 00:00:00-04:00,30.323693803401063,30.323693803401063,29.788955688476562,29.788955688476562,44500,0.0,0.0,0.0
2013-06-21 00:00:00-04:00,29.92881514271766,30.00285576532721,29.714918615958805,29.904132843017578,7600,0.0,0.0,0.0
2013-06-24 00:00:00-04:00,29.616197562496552,29.706692001612307,29.426983343547807,29.59151840209961,6100,0.0,0.0,0.0
2013-06-25 00:00:00-04:00,29.83830451965332,29.8794374791883,29.70667716619519,29.83830451965332,3300,0.0,0.0,0.0
2013-06-26 00:00:00-04:00,30.06043993621468,30.15093437128775,29.96994550114161,30.118026733398438,7500,0.0,0.0,0.0
2013-06-27 00:00:00-04:00,30.282555652771173,30.34836777697861,30.2578733602295,30.266101837158203,8200,0.0,0.0,0.0
2013-06-28 00:00:00-04:00,30.035755008425046,30.25787683735894,30.035755008425046,30.068662643432617,9100,0.0,0.0,0.0
2013-07-01 00:00:00-04:00,30.47177646929987,30.47177646929987,30.28256225585937,30.282562255859375,8300,0.0,0.0,0.0
2013-07-02 00:00:00-04:00,30.227991125694945,30.376816274029075,30.227991125694945,30.25279426574707,1200,0.184,0.0,0.0
2013-07-03 00:00:00-04:00,30.120504893553417,30.203184127807617,30.120504893553417,30.203184127807617,1100,0.0,0.0,0.0
2013-07-05 00:00:00-04:00,30.467758863660254,30.517368292387992,30.33547020772997,30.492565155029297,2400,0.0,0.0,0.0
2013-07-08 00:00:00-04:00,30.773673321749822,30.84808587424342,30.70752742886228,30.74886703491211,8000,0.0,0.0,0.0
2013-07-09 00:00:00-04:00,31.01345511808235,31.03826141357422,30.848096636194555,31.03826141357422,21100,0.0,0.0,0.0
2013-07-10 00:00:00-04:00,30.98038315412,31.029989433623374,30.91423724276796,30.996919631958008,8600,0.0,0.0,0.0
2013-07-11 00:00:00-04:00,31.385515660802742,31.39378547668457,31.319372903801305,31.39378547668457,7100,0.0,0.0,0.0
2013-07-12 00:00:00-04:00,31.37724497451893,31.402048110961914,31.37724497451893,31.402048110961914,2100,0.0,0.0,0.0
2013-07-15 00:00:00-04:00,31.509529171138468,31.575671910306063,31.509529171138468,31.55913543701172,5000,0.0,0.0,0.0
2013-07-16 00:00:00-04:00,31.509539856628418,31.509539856628418,31.393787658323998,31.459930419921875,2500,0.0,0.0,0.0
2013-07-17 00:00:00-04:00,31.575689516218105,31.575689516218105,31.509546740170748,31.542619705200195,4400,0.0,0.0,0.0
2013-07-18 00:00:00-04:00,31.65835929085481,31.732771855459994,31.641822814941406,31.641822814941406,1400,0.0,0.0,0.0
2013-07-19 00:00:00-04:00,31.60049151782358,31.699707245402323,31.57568522042056,31.69144058227539,4700,0.0,0.0,0.0
2013-07-22 00:00:00-04:00,31.757566452026367,31.774102923492755,31.724493509093588,31.757566452026367,2700,0.0,0.0,0.0
2013-07-23 00:00:00-04:00,31.716232802729174,31.815448496138444,31.716232802729174,31.77410888671875,13600,0.0,0.0,0.0
2013-07-24 00:00:00-04:00,31.881605177412624,31.881605177412624,31.699707049632366,31.724510192871094,2600,0.0,0.0,0.0
2013-07-25 00:00:00-04:00,31.575680505537736,31.683166034204778,31.575680505537736,31.65009307861328,7400,0.0,0.0,0.0
2013-07-26 00:00:00-04:00,31.61703394895859,31.732786178588867,31.526084867388597,31.732786178588867,700,0.0,0.0,0.0
2013-07-29 00:00:00-04:00,31.7162375506484,31.7162375506484,31.65009164246683,31.683164596557617,2100,0.0,0.0,0.0
2013-07-30 00:00:00-04:00,31.74931050473919,31.774113643302027,31.658361457994776,31.683164596557617,1400,0.0,0.0,0.0
2013-07-31 00:00:00-04:00,31.807185890740502,31.807185890740502,31.749309799372696,31.7906494140625,400,0.0,0.0,0.0
2013-08-01 00:00:00-04:00,31.947742462158203,31.947742462158203,31.947742462158203,31.947742462158203,900,0.0,0.0,0.0
2013-08-02 00:00:00-04:00,31.956005867577822,32.05522155761719,31.956005867577822,32.05522155761719,4500,0.0,0.0,0.0
2013-08-05 00:00:00-04:00,32.03042579055572,32.03869245245619,32.005619496833035,32.01388931274414,1400,0.0,0.0,0.0
2013-08-06 00:00:00-04:00,31.94773812030555,31.94773812030555,31.80718281315792,31.86505889892578,7100,0.0,0.0,0.0
2013-08-07 00:00:00-04:00,31.699713440744834,31.782392704217305,31.641837325511755,31.74932289123535,26300,0.0,0.0,0.0
2013-08-08 00:00:00-04:00,31.840252846564187,31.906398747368993,31.823719525373132,31.881595611572266,2900,0.0,0.0,0.0
2013-08-09 00:00:00-04:00,31.840253567622586,31.840253567622586,31.666625305093184,31.798913955688477,6900,0.0,0.0,0.0
2013-08-12 00:00:00-04:00,31.600493188855776,31.732781883959884,31.600493188855776,31.67490577697754,4300,0.0,0.0,0.0
2013-08-13 00:00:00-04:00,31.782377480112785,31.856790043198277,31.741037868178676,31.798913955688477,13000,0.0,0.0,0.0
2013-08-14 00:00:00-04:00,31.79065799094223,31.79065799094223,31.674905776977543,31.67490577697754,8200,0.0,0.0,0.0
2013-08-15 00:00:00-04:00,31.418588836743584,31.418588836743584,31.19535111652755,31.228424072265625,2900,0.0,0.0,0.0
2013-08-16 00:00:00-04:00,31.195349917958417,31.27803230412684,31.12093734741211,31.12093734741211,3900,0.0,0.0,0.0
2013-08-19 00:00:00-04:00,31.071339174316364,31.187091391134228,30.97212028503418,30.97212028503418,17600,0.0,0.0,0.0
2013-08-20 00:00:00-04:00,30.98036893900331,31.145727333488612,30.96383246875294,31.11265754699707,12300,0.0,0.0,0.0
2013-08-21 00:00:00-04:00,31.112657546997074,31.112657546997074,31.112657546997074,31.11265754699707,0,0.0,0.0,0.0
2013-08-22 00:00:00-04:00,30.972112228968353,31.16227698627898,30.972112228968353,31.145740509033203,1700,0.0,0.0,0.0
2013-08-23 00:00:00-04:00,31.21187880940741,31.302827835083008,31.120929783731814,31.302827835083008,8700,0.0,0.0,0.0
2013-08-26 00:00:00-04:00,31.352440797107118,31.368977273853684,31.187082337662346,31.2366886138916,3400,0.0,0.0,0.0
2013-08-27 00:00:00-04:00,30.831567821297103,30.914247082793366,30.666206144292925,30.67447280883789,10000,0.0,0.0,0.0
2013-08-28 00:00:00-04:00,30.773681875453203,30.790218353271488,30.75714539763492,30.790218353271484,8200,0.0,0.0,0.0
2013-08-29 00:00:00-04:00,30.939033186731937,30.939033186731937,30.848087310791012,30.848087310791016,2800,0.0,0.0,0.0
2013-08-30 00:00:00-04:00,30.881148213993516,30.881148213993516,30.71578982970087,30.74059295654297,3800,0.0,0.0,0.0
2013-09-03 00:00:00-04:00,30.996906462619865,30.996906462619865,30.82327509609507,30.856348037719727,2300,0.0,0.0,0.0
2013-09-04 00:00:00-04:00,31.079588657124074,31.14573139273679,31.071321997926088,31.12919807434082,2500,0.0,0.0,0.0
2013-09-05 00:00:00-04:00,31.170547485351562,31.170547485351562,31.170547485351562,31.170547485351562,200,0.0,0.0,0.0
2013-09-06 00:00:00-04:00,31.29457760936223,31.29457760936223,31.02173351556672,31.17882537841797,5200,0.0,0.0,0.0
2013-09-09 00:00:00-04:00,31.261498748725263,31.45166352367043,31.261498748725263,31.44339370727539,7300,0.0,0.0,0.0
2013-09-10 00:00:00-04:00,31.666629556409028,31.666629556409028,31.62528993892498,31.65009307861328,2200,0.0,0.0,0.0
2013-09-11 00:00:00-04:00,31.66664047375115,31.774126039474748,31.608764358518076,31.74932289123535,4000,0.0,0.0,0.0
2013-09-12 00:00:00-04:00,31.798916781864868,31.840256397473098,31.683164596557617,31.683164596557617,6000,0.0,0.0,0.0
2013-09-13 00:00:00-04:00,31.782389363808228,31.815462327325857,31.774122699934523,31.80719566345215,3100,0.0,0.0,0.0
2013-09-16 00:00:00-04:00,32.18751665236017,32.18751665236017,31.947742462158203,31.947742462158203,1100,0.0,0.0,0.0
2013-09-17 00:00:00-04:00,31.947742462158203,31.947742462158203,31.947742462158203,31.947742462158203,0,0.0,0.0,0.0
2013-09-18 00:00:00-04:00,32.10484979327182,32.52651908854724,32.04697052332052,32.47690963745117,6700,0.0,0.0,0.0
2013-09-19 00:00:00-04:00,32.59264650643983,32.59264650643983,32.37767862770778,32.42728805541992,7100,0.0,0.0,0.0
2013-09-20 00:00:00-04:00,32.42728805541992,32.42728805541992,32.42728805541992,32.42728805541992,0,0.0,0.0,0.0
2013-09-23 00:00:00-04:00,32.21232101826387,32.21232101826387,32.03869273075011,32.08003234863281,7600,0.0,0.0,0.0
2013-09-24 00:00:00-04:00,32.03019644358046,32.138179779052734,31.996969339414655,32.138179779052734,700,0.18,0.0,0.0
2013-09-25 00:00:00-04:00,31.963721926461357,31.963721926461357,31.913881301879883,31.913881301879883,1400,0.0,0.0,0.0
2013-09-26 00:00:00-04:00,31.98034531238832,31.98034531238832,31.930504672464572,31.96373176574707,500,0.0,0.0,0.0
2013-09-27 00:00:00-04:00,31.814225275833028,31.897293041053445,31.814225275833028,31.88898468017578,7000,0.0,0.0,0.0
2013-09-30 00:00:00-04:00,31.56501929593534,31.747765158478064,31.56501929593534,31.623165130615234,8500,0.0,0.0,0.0
2013-10-01 00:00:00-04:00,31.805911704912468,31.930508566853195,31.72284396157491,31.864057540893555,4000,0.0,0.0,0.0
2013-10-02 00:00:00-04:00,31.75606589380151,31.84743881225586,31.75606589380151,31.84743881225586,1200,0.0,0.0,0.0
2013-10-03 00:00:00-04:00,31.79761639837862,31.80592476047796,31.481968350261205,31.565032958984375,41700,0.0,0.0,0.0
2013-10-04 00:00:00-04:00,31.52348613470474,31.81421530003584,31.52348613470474,31.805910110473633,6200,0.0,0.0,0.0
2013-10-07 00:00:00-04:00,31.57333815237201,31.706243427556107,31.55672776559674,31.565032958984375,2100,0.0,0.0,0.0
2013-10-08 00:00:00-04:00,31.54011239745793,31.581644699432598,31.216156005859375,31.216156005859375,8800,0.0,0.0,0.0
2013-10-09 00:00:00-04:00,31.174607741900445,31.34074005033414,31.083234813826405,31.19952964782715,3100,0.0,0.0,0.0
2013-10-10 00:00:00-04:00,31.6148676765288,31.88898336870474,31.60655931599283,31.880678176879883,2300,0.0,0.0,0.0
2013-10-11 00:00:00-04:00,31.93050709180406,32.12155813958911,31.93050709180406,32.05510711669922,9800,0.0,0.0,0.0
2013-10-14 00:00:00-04:00,31.888971464513116,32.26276833131522,31.85574437219517,32.24615478515625,6500,0.0,0.0,0.0
2013-10-15 00:00:00-04:00,32.10495044222254,32.21293375952757,32.04680460407044,32.08002853393555,5900,0.0,0.0,0.0
2013-10-16 00:00:00-04:00,32.27108427395426,32.49536246877328,32.27108427395426,32.47044372558594,7000,0.0,0.0,0.0
2013-10-17 00:00:00-04:00,32.32092315731545,32.6282659250521,32.32092315731545,32.61165237426758,16000,0.0,0.0,0.0
2013-10-18 00:00:00-04:00,32.852536900307975,32.952215014436675,32.81100461681353,32.91899108886719,5100,0.0,0.0,0.0
2013-10-21 00:00:00-04:00,32.99375751696858,32.99375751696858,32.902384572529535,32.927303314208984,6100,0.0,0.0,0.0
2013-10-22 00:00:00-04:00,33.060207867995594,33.1848079112402,33.03528912683096,33.151580810546875,15800,0.0,0.0,0.0
2013-10-23 00:00:00-04:00,32.943914691794156,32.99375534057617,32.943914691794156,32.99375534057617,400,0.0,0.0,0.0
2013-10-24 00:00:00-04:00,33.05190756954848,33.16819927047799,33.05190756954848,33.11835861206055,3500,0.0,0.0,0.0
2013-10-25 00:00:00-04:00,33.20140892371155,33.20140892371155,33.15987347917459,33.18479537963867,900,0.0,0.0,0.0
2013-10-28 00:00:00-04:00,33.292802975967206,33.326026916503906,33.292802975967206,33.326026916503906,500,0.0,0.0,0.0
2013-10-29 00:00:00-04:00,33.450625229562455,33.47554397583008,33.32602516080158,33.47554397583008,5500,0.0,0.0,0.0
2013-10-30 00:00:00-04:00,33.53367569884467,33.53367569884467,33.276173646024304,33.34262466430664,900,0.0,0.0,0.0
2013-10-31 00:00:00-04:00,33.218027816760994,33.34262466430664,33.218027816760994,33.34262466430664,1800,0.0,0.0,0.0
2013-11-01 00:00:00-04:00,33.19311898722354,33.3343326058521,33.14328149605805,33.30110549926758,4400,0.0,0.0,0.0
2013-11-04 00:00:00-05:00,33.40908654700277,33.40908654700277,33.30940524355285,33.3509407043457,900,0.0,0.0,0.0
2013-11-05 00:00:00-05:00,33.23465395042702,33.375867580376266,33.23465395042702,33.326026916503906,4000,0.0,0.0,0.0
2013-11-06 00:00:00-05:00,33.54199819082558,33.54199819082558,33.44231686833233,33.47554397583008,1100,0.0,0.0,0.0
2013-11-07 00:00:00-05:00,33.575221822674365,33.575221822674365,33.17650604248047,33.17650604248047,2000,0.0,0.0,0.0
2013-11-08 00:00:00-05:00,33.34263708202683,33.52538299560547,33.34263708202683,33.52538299560547,400,0.0,0.0,0.0
2013-11-11 00:00:00-05:00,33.45891350181101,33.517059326171875,33.45891350181101,33.517059326171875,200,0.0,0.0,0.0
2013-11-12 00:00:00-05:00,33.45891189575195,33.45891189575195,33.45891189575195,33.45891189575195,500,0.0,0.0,0.0
2013-11-13 00:00:00-05:00,33.708126068115234,33.708126068115234,33.708126068115234,33.708126068115234,200,0.0,0.0,0.0
2013-11-14 00:00:00-05:00,33.649977444059616,33.89917755126953,33.649977444059616,33.89917755126953,3000,0.0,0.0,0.0
2013-11-15 00:00:00-05:00,33.924084720553964,33.990535736083984,33.907471174493985,33.990535736083984,1700,0.0,0.0,0.0
2013-11-18 00:00:00-05:00,34.06530821311008,34.073616573691055,34.057003021240234,34.057003021240234,1500,0.0,0.0,0.0
2013-11-19 00:00:00-05:00,34.0237705558839,34.0237705558839,33.890865325927734,33.890865325927734,1100,0.0,0.0,0.0
2013-11-20 00:00:00-05:00,33.94900353863566,33.97392544214177,33.7330337767455,33.78287124633789,2900,0.0,0.0,0.0
2013-11-21 00:00:00-05:00,33.99885390716796,34.04869455973431,33.99885390716796,34.04038619995117,1300,0.0,0.0,0.0
2013-11-22 00:00:00-05:00,34.06530913749755,34.231441497802734,34.06530913749755,34.231441497802734,3600,0.0,0.0,0.0
2013-11-25 00:00:00-05:00,34.29789248382915,34.29789248382915,34.2231330871582,34.2231330871582,6400,0.0,0.0,0.0
2013-11-26 00:00:00-05:00,34.22313254267512,34.30619712933866,34.198210631707354,34.23974609375,4600,0.0,0.0,0.0
2013-11-27 00:00:00-05:00,34.28126525878906,34.31449234821424,34.223119436649824,34.28126525878906,2700,0.0,0.0,0.0
2013-11-29 00:00:00-05:00,34.372638170353476,34.42247563578159,34.28126525878906,34.28126525878906,2800,0.0,0.0,0.0
2013-12-02 00:00:00-05:00,34.28128652598499,34.28128652598499,34.18991355773522,34.2148323059082,8500,0.0,0.0,0.0
2013-12-03 00:00:00-05:00,34.13175800368932,34.13175800368932,33.973934028907564,34.065303802490234,1800,0.0,0.0,0.0
2013-12-04 00:00:00-05:00,33.932403564453125,34.140068220707334,33.932403564453125,33.932403564453125,500,0.0,0.0,0.0
2013-12-05 00:00:00-05:00,33.93240138410765,33.99885559082031,33.91579100114047,33.99885559082031,1700,0.0,0.0,0.0
2013-12-06 00:00:00-05:00,34.21484094021791,34.30621393152617,34.21484094021791,34.28960037231445,3500,0.0,0.0,0.0
2013-12-09 00:00:00-05:00,34.4058620310104,34.4058620310104,34.33110583299872,34.380943298339844,2300,0.0,0.0,0.0
2013-12-10 00:00:00-05:00,34.26466369628906,34.32280953876166,34.223131404338744,34.26466369628906,20800,0.0,0.0,0.0
2013-12-11 00:00:00-05:00,34.272971271732594,34.272971271732594,33.990547230625744,33.99885559082031,2300,0.0,0.0,0.0
2013-12-12 00:00:00-05:00,33.82442305180322,33.8659553527832,33.82442305180322,33.8659553527832,400,0.0,0.0,0.0
2013-12-13 00:00:00-05:00,33.824417659151585,33.824417659151585,33.70812596746354,33.807804107666016,4500,0.0,0.0,0.0
2013-12-16 00:00:00-05:00,33.849336794427806,34.023774333982075,33.849336794427806,33.99885559082031,1700,0.0,0.0,0.0
2013-12-17 00:00:00-05:00,33.93239433908456,33.93239433908456,33.799489121963916,33.87424850463867,2200,0.0,0.0,0.0
2013-12-18 00:00:00-05:00,33.81610733831979,34.26466369628906,33.64166981090199,34.26466369628906,5200,0.0,0.0,0.0
2013-12-19 00:00:00-05:00,34.339421908550136,34.39756774902344,34.272967708745995,34.39756774902344,6800,0.0,0.0,0.0
2013-12-20 00:00:00-05:00,34.56371518888105,34.680006920663,34.53048807445419,34.605247497558594,8000,0.0,0.0,0.0
2013-12-23 00:00:00-05:00,34.71298753609082,34.77980587230271,34.696282155481455,34.746395111083984,12100,0.229,0.0,0.0
2013-12-24 00:00:00-05:00,34.80485588864948,34.87167739868164,34.80485588864948,34.87167739868164,3100,0.0,0.0,0.0
2013-12-26 00:00:00-05:00,34.99697175780514,35.06379009234415,34.99697175780514,35.05543899536133,2700,0.0,0.0,0.0
2013-12-27 00:00:00-05:00,35.57327920498549,35.57327920498549,35.00530924422409,35.02201461791992,5200,0.0,0.0,0.0
2013-12-30 00:00:00-05:00,35.05542536531159,35.05542536531159,35.02201461791992,35.02201461791992,1000,0.0,0.0,0.0
2013-12-31 00:00:00-05:00,35.08884883922222,35.113908504242616,35.047086979155814,35.08049774169922,1100,0.0,0.0,0.0
2014-01-02 00:00:00-05:00,35.072153572389816,35.072153572389816,34.80487060546875,34.80487060546875,7400,0.0,0.0,0.0
2014-01-03 00:00:00-05:00,34.971900199265654,34.988605573774706,34.83826038941763,34.92178726196289,2600,0.0,0.0,0.0
2014-01-06 00:00:00-05:00,34.996957827028446,34.996957827028446,34.72967822281392,34.813201904296875,4500,0.0,0.0,0.0
2014-01-07 00:00:00-05:00,34.938497093162894,34.98861003685797,34.93014281173051,34.98025894165039,3700,0.0,0.0,0.0
2014-01-08 00:00:00-05:00,34.9635575638457,34.9635575638457,34.90509033203125,34.90509033203125,2800,0.0,0.0,0.0
2014-01-09 00:00:00-05:00,34.86332548544584,34.93849808935664,34.86332548544584,34.88838195800781,2800,0.0,0.0,0.0
2014-01-10 00:00:00-05:00,34.86332548544584,34.95520028024803,34.84662010832957,34.88838195800781,2700,0.0,0.0,0.0
2014-01-13 00:00:00-05:00,34.821566665912705,34.821566665912705,34.55428695678711,34.55428695678711,40200,0.0,0.0,0.0
2014-01-14 00:00:00-05:00,34.73803287478038,34.955196380615234,34.67121137376994,34.955196380615234,1300,0.0,0.0,0.0
2014-01-15 00:00:00-05:00,35.08884030460987,35.18071828614402,35.05543273641783,35.16401290893555,7400,0.0,0.0,0.0
2014-01-16 00:00:00-05:00,35.0804847597258,35.130600884994806,35.063779384636135,35.10554122924805,3900,0.0,0.0,0.0
2014-01-17 00:00:00-05:00,35.01366650870551,35.04707726198543,34.98025894165039,34.98025894165039,1700,0.0,0.0,0.0
2014-01-21 00:00:00-05:00,35.18071098208576,35.18071098208576,34.871669533453044,35.0136604309082,2700,0.0,0.0,0.0
2014-01-22 00:00:00-05:00,35.022030500361105,35.09720312297092,35.01367621661241,35.08049774169922,1800,0.0,0.0,0.0
2014-01-23 00:00:00-05:00,34.88002657373151,34.88002657373151,34.61274692076996,34.69627380371094,3900,0.0,0.0,0.0
2014-01-24 00:00:00-05:00,34.537582017042396,34.537582017042396,34.053138732910156,34.053138732910156,7200,0.0,0.0,0.0
2014-01-27 00:00:00-05:00,34.07819341447997,34.12830955277363,33.78585723999697,33.869380950927734,40100,0.0,0.0,0.0
2014-01-28 00:00:00-05:00,33.95291209659271,34.06149229714421,33.919501333549604,34.00302505493164,8300,0.0,0.0,0.0
2014-01-29 00:00:00-05:00,33.90279563027268,33.90279563027268,33.80256652832031,33.80256652832031,3400,0.0,0.0,0.0
2014-01-30 00:00:00-05:00,33.96961029056372,34.1283098032122,33.86938119946625,34.07819366455078,11600,0.0,0.0,0.0
2014-01-31 00:00:00-05:00,33.794214509692715,34.028086678225215,33.744101548470404,33.8276252746582,6600,0.0,0.0,0.0
2014-02-03 00:00:00-05:00,33.74408953489937,33.78585138312522,33.050830746696136,33.05918502807617,17600,0.0,0.0,0.0
2014-02-04 00:00:00-05:00,33.17611904234165,33.351520714323875,33.17611904234165,33.27634811401367,7500,0.0,0.0,0.0
2014-02-05 00:00:00-05:00,33.192821333678374,33.30975577079851,33.192821333678374,33.26799392700195,5000,0.0,0.0,0.0
2014-02-06 00:00:00-05:00,33.476808568200035,33.6522102355957,33.476808568200035,33.6522102355957,1400,0.0,0.0,0.0
2014-02-07 00:00:00-05:00,33.90279791085214,34.111610412597656,33.86938714587863,34.111610412597656,2200,0.0,0.0,0.0
2014-02-10 00:00:00-05:00,34.161716556079774,34.178418747449506,34.06148429051146,34.15336227416992,3200,0.0,0.0,0.0
2014-02-11 00:00:00-05:00,34.26193483480555,34.58768162965279,34.26193483480555,34.57097625732422,2800,0.0,0.0,0.0
2014-02-12 00:00:00-05:00,34.66286641212613,34.696277168542686,34.545931950893284,34.56263732910156,2600,0.0,0.0,0.0
2014-02-13 00:00:00-05:00,34.77145086212787,34.77145086212787,34.75474548339844,34.75474548339844,700,0.0,0.0,0.0
2014-02-14 00:00:00-05:00,34.8633321912299,34.98861776436268,34.8633321912299,34.9719123840332,2900,0.0,0.0,0.0
2014-02-18 00:00:00-05:00,35.013665691001655,35.02201997223894,34.93014199597726,34.99696350097656,2300,0.0,0.0,0.0
2014-02-19 00:00:00-05:00,35.02202911180012,35.02202911180012,34.746395111083984,34.746395111083984,4000,0.0,0.0,0.0
2014-02-20 00:00:00-05:00,34.69626948542728,34.93013835610522,34.69626948542728,34.92178726196289,2000,0.0,0.0,0.0
2014-02-21 00:00:00-05:00,34.93849808935664,34.99696531615116,34.88838195800781,34.88838195800781,3100,0.0,0.0,0.0
2014-02-24 00:00:00-05:00,34.96355810531423,35.230837793812434,34.96355810531423,35.03037643432617,3600,0.0,0.0,0.0
2014-02-25 00:00:00-05:00,35.07214020417336,35.12225315256096,34.9134407043457,34.9134407043457,1000,0.0,0.0,0.0
2014-02-26 00:00:00-05:00,35.08884147813815,35.08884147813815,34.92179407291641,34.938499450683594,4000,0.0,0.0,0.0
2014-02-27 00:00:00-05:00,34.95519603966555,35.130600884994806,34.888377725531384,35.10554122924805,3500,0.0,0.0,0.0
2014-02-28 00:00:00-05:00,35.389530446091676,35.4396465773265,35.205777670680426,35.24753952026367,5700,0.0,0.0,0.0
2014-03-03 00:00:00-05:00,34.89673450804667,35.03037434432247,34.84662156083388,34.930145263671875,44700,0.0,0.0,0.0
2014-03-04 00:00:00-05:00,35.31436173318093,35.556584948166005,35.31436173318093,35.53152847290039,4700,0.0,0.0,0.0
2014-03-05 00:00:00-05:00,35.50646881140954,35.59834680235044,35.50646881140954,35.53152847290039,12100,0.0,0.0,0.0
2014-03-06 00:00:00-05:00,35.62340391471096,35.673516861656225,35.60669853698754,35.648460388183594,2000,0.0,0.0,0.0
2014-03-07 00:00:00-05:00,35.698574338343334,35.698574338343334,35.564934510953194,35.615047454833984,1000,0.0,0.0,0.0
2014-03-10 00:00:00-04:00,35.43129664065606,35.66516876220703,35.43129664065606,35.66516876220703,3100,0.0,0.0,0.0
2014-03-11 00:00:00-04:00,35.63175455522193,35.68187068775191,35.50646581700947,35.51482009887695,6600,0.0,0.0,0.0
2014-03-12 00:00:00-04:00,35.33941235226692,35.4897575378418,35.33941235226692,35.4897575378418,9400,0.0,0.0,0.0
2014-03-13 00:00:00-04:00,35.64010056536749,35.64010056536749,35.03872299194336,35.03872299194336,5900,0.0,0.0,0.0
2014-03-14 00:00:00-04:00,35.04708572887191,35.105552968124236,34.946856631043005,34.96356201171875,2500,0.0,0.0,0.0
2014-03-17 00:00:00-04:00,35.3227090400869,35.33941441570668,35.25588753760778,35.29764938354492,4800,0.0,0.0,0.0
2014-03-18 00:00:00-04:00,35.54823303222656,35.54823303222656,35.464706139558224,35.54823303222656,8900,0.0,0.0,0.0
2014-03-19 00:00:00-04:00,35.581623226654294,35.598328597029834,35.45633772817317,35.50645065307617,1800,0.0,0.0,0.0
2014-03-20 00:00:00-04:00,35.306009822826134,35.54823303222656,35.306009822826134,35.54823303222656,3500,0.0,0.0,0.0
2014-03-21 00:00:00-04:00,35.8071470697832,35.8071470697832,35.43128413762662,35.47304916381836,5800,0.0,0.0,0.0
2014-03-24 00:00:00-04:00,35.23918867896896,35.39788818359375,35.23918867896896,35.39788818359375,1400,0.0,0.0,0.0
2014-03-25 00:00:00-04:00,35.56652939501316,35.56652939501316,35.356771610706026,35.51618957519531,3300,0.191,0.0,0.0
2014-03-26 00:00:00-04:00,35.40711609052201,35.40711609052201,35.39033508300781,35.39033508300781,1300,0.0,0.0,0.0
2014-03-27 00:00:00-04:00,35.10506604225484,35.27287292480469,35.10506604225484,35.27287292480469,500,0.0,0.0,0.0
2014-03-28 00:00:00-04:00,35.53297407922609,35.541366184544145,35.30643844604492,35.30643844604492,1900,0.0,0.0,0.0
2014-03-31 00:00:00-04:00,35.625251472193526,35.66720237733029,35.625251472193526,35.6588134765625,2000,0.0,0.0,0.0
2014-04-01 00:00:00-04:00,35.83501923284222,35.85180023972563,35.7846794128418,35.7846794128418,1600,0.0,0.0,0.0
2014-04-02 00:00:00-04:00,35.7846794128418,35.7846794128418,35.7846794128418,35.7846794128418,0,0.0,0.0,0.0
2014-04-03 00:00:00-04:00,35.927304144118835,35.927304144118835,35.86857223510742,35.86857223510742,1100,0.0,0.0,0.0
2014-04-04 00:00:00-04:00,36.09512355138728,36.09512355138728,35.5078010559082,35.5078010559082,1700,0.0,0.0,0.0
2014-04-07 00:00:00-04:00,35.36516175106077,35.36516175106077,35.09667205810547,35.09667205810547,4100,0.0,0.0,0.0
2014-04-08 00:00:00-04:00,35.07989225946685,35.24769592285156,35.029549240061606,35.24769592285156,700,0.0,0.0,0.0
2014-04-09 00:00:00-04:00,35.440671020950724,35.650428771972656,35.39032800847173,35.650428771972656,1100,0.0,0.0,0.0
2014-04-10 00:00:00-04:00,35.58331260740307,35.58331260740307,35.063114166259766,35.063114166259766,14400,0.0,0.0,0.0
2014-04-11 00:00:00-04:00,34.68554321185607,34.9372518829296,34.66876220703125,34.66876220703125,8900,0.0,0.0,0.0
2014-04-14 00:00:00-04:00,34.92886927014833,34.94565027799475,34.75267028808594,34.75267028808594,700,0.0,0.0,0.0
2014-04-15 00:00:00-04:00,34.987596890087275,35.088279724121094,34.7023261931168,35.088279724121094,3500,0.0,0.0,0.0
2014-04-16 00:00:00-04:00,35.247697812511106,35.42389678955078,35.247697812511106,35.42389678955078,1500,0.0,0.0,0.0
2014-04-17 00:00:00-04:00,35.558149998919724,35.64205185481505,35.52458797630133,35.62527084350586,8000,0.0,0.0,0.0
2014-04-21 00:00:00-04:00,35.516180287613004,35.633644104003906,35.516180287613004,35.633644104003906,5600,0.0,0.0,0.0
2014-04-22 00:00:00-04:00,35.86019773602082,35.935710678026624,35.851805630992246,35.92731857299805,2900,0.0,0.0,0.0
2014-04-23 00:00:00-04:00,35.73433273454153,35.7846757500388,35.73433273454153,35.76789474487305,1400,0.0,0.0,0.0
2014-04-24 00:00:00-04:00,35.76788971798418,35.83501052856445,35.76788971798418,35.83501052856445,1700,0.0,0.0,0.0
2014-04-25 00:00:00-04:00,35.65043021575498,35.65043021575498,35.51618537769023,35.524574279785156,900,0.0,0.0,0.0
2014-04-28 00:00:00-04:00,35.7762882656422,35.80145817631539,35.39872360229492,35.39872360229492,700,0.0,0.0,0.0
2014-04-29 00:00:00-04:00,35.79305902554454,35.910522842589785,35.79305902554454,35.90213394165039,3700,0.0,0.0,0.0
2014-04-30 00:00:00-04:00,35.826631376531274,35.952484130859375,35.826631376531274,35.952484130859375,2100,0.0,0.0,0.0
2014-05-01 00:00:00-04:00,36.01120550746752,36.01120550746752,35.918914794921875,35.918914794921875,3200,0.0,0.0,0.0
2014-05-02 00:00:00-04:00,36.00281705579765,36.00281705579765,35.86857223510742,35.86857223510742,1100,0.0,0.0,0.0
2014-05-05 00:00:00-04:00,35.80984315089782,35.944087982177734,35.80984315089782,35.944087982177734,900,0.0,0.0,0.0
2014-05-06 00:00:00-04:00,35.826622759607936,35.826622759607936,35.74271774291992,35.74271774291992,4700,0.0,0.0,0.0
2014-05-07 00:00:00-04:00,35.75111305407406,35.809844970703125,35.72594314713287,35.809844970703125,1300,0.0,0.0,0.0
2014-05-08 00:00:00-04:00,35.85179138183594,36.04476811234173,35.742716464367795,35.85179138183594,1800,0.0,0.0,0.0
2014-05-09 00:00:00-04:00,35.77628958112641,35.8853645324707,35.75111966952773,35.8853645324707,1500,0.0,0.0,0.0
2014-05-12 00:00:00-04:00,36.07834803290428,36.229373931884766,36.07834803290428,36.229373931884766,7300,0.0,0.0,0.0
2014-05-13 00:00:00-04:00,36.288094023855685,36.288094023855685,36.21258109901705,36.23775100708008,9900,0.0,0.0,0.0
2014-05-14 00:00:00-04:00,36.179008336553125,36.246132338973425,36.179008336553125,36.1957893371582,4800,0.0,0.0,0.0
2014-05-15 00:00:00-04:00,35.851796186273,35.851796186273,35.67560043489285,35.776283264160156,2500,0.0,0.0,0.0
2014-05-16 00:00:00-04:00,35.70917231822457,35.9021491279477,35.70917231822457,35.876976013183594,2900,0.0,0.0,0.0
2014-05-19 00:00:00-04:00,35.85178860866544,36.069938426727624,35.85178860866544,36.061546325683594,9600,0.0,0.0,0.0
2014-05-20 00:00:00-04:00,35.97765151421277,35.97765151421277,35.793063663140074,35.843406677246094,1300,0.0,0.0,0.0
2014-05-21 00:00:00-04:00,36.02799179359254,36.08672371048441,36.011210788673516,36.07833480834961,9100,0.0,0.0,0.0
2014-05-22 00:00:00-04:00,36.22936561060573,36.27131652832031,36.22936561060573,36.27131652832031,6200,0.0,0.0,0.0
2014-05-23 00:00:00-04:00,36.21257258528947,36.33842849731445,36.21257258528947,36.33842849731445,2400,0.0,0.0,0.0
2014-05-27 00:00:00-04:00,36.50624077086257,36.55658378774244,36.497851868374035,36.548194885253906,1100,0.0,0.0,0.0
2014-05-28 00:00:00-04:00,36.48946639108084,36.59853813691792,36.48946639108084,36.55658721923828,1900,0.0,0.0,0.0
2014-05-29 00:00:00-04:00,36.648867589039924,36.72438049316406,36.53979268293869,36.72438049316406,2900,0.0,0.0,0.0
2014-05-30 00:00:00-04:00,36.716007232666016,36.716007232666016,36.716007232666016,36.716007232666016,300,0.0,0.0,0.0
2014-06-02 00:00:00-04:00,36.66566251788901,36.83346939086914,36.66566251788901,36.83346939086914,935300,0.0,0.0,0.0
2014-06-03 00:00:00-04:00,36.78312301635742,36.78312301635742,36.67404807876397,36.78312301635742,13100,0.0,0.0,0.0
2014-06-04 00:00:00-04:00,36.741175450697575,36.8586393015887,36.73278334669113,36.83346939086914,1300,0.0,0.0,0.0
2014-06-05 00:00:00-04:00,36.79151585145394,37.11034859507152,36.79151585145394,37.05161666870117,3300,0.0,0.0,0.0
2014-06-06 00:00:00-04:00,37.202632904052734,37.202632904052734,37.202632904052734,37.202632904052734,600,0.0,0.0,0.0
2014-06-09 00:00:00-04:00,37.24459098967873,37.30332291216076,37.24459098967873,37.25298309326172,11500,0.0,0.0,0.0
2014-06-10 00:00:00-04:00,37.27815300271124,37.2949340092275,37.21942108022921,37.25298309326172,4900,0.0,0.0,0.0
2014-06-11 00:00:00-04:00,37.20264114836533,37.219422155366324,37.13551712036133,37.13551712036133,5000,0.0,0.0,0.0
2014-06-12 00:00:00-04:00,37.21103101000407,37.21103101000407,36.816688537597656,36.816688537597656,2900,0.0,0.0,0.0
2014-06-13 00:00:00-04:00,36.90057224092707,37.04320913369191,36.90057224092707,37.00125503540039,5800,0.0,0.0,0.0
2014-06-16 00:00:00-04:00,37.026443098072896,37.12712593323537,36.94253806822948,37.03483200073242,10700,0.0,0.0,0.0
2014-06-17 00:00:00-04:00,37.02643830008664,37.12712112220236,37.001265194070804,37.1103401184082,11900,0.0,0.0,0.0
2014-06-18 00:00:00-04:00,37.169098052933855,37.420806884765625,37.093585083319184,37.420806884765625,3000,0.0,0.0,0.0
2014-06-19 00:00:00-04:00,37.412391662597656,37.445953670075795,37.32009774235737,37.412391662597656,9200,0.0,0.0,0.0
2014-06-20 00:00:00-04:00,37.538246604866316,37.538246604866316,37.47112259167216,37.4879035949707,3400,0.0,0.0,0.0
2014-06-23 00:00:00-04:00,37.4879035949707,37.50468459826924,37.42077958177655,37.4879035949707,3700,0.0,0.0,0.0
2014-06-24 00:00:00-04:00,37.504694080110326,37.58020701372018,37.353668212890625,37.353668212890625,5300,0.0,0.0,0.0
2014-06-25 00:00:00-04:00,37.15230211569565,37.42918395996094,37.15230211569565,37.42918395996094,5000,0.0,0.0,0.0
2014-06-26 00:00:00-04:00,37.261377921483515,37.42079270776343,37.261377921483515,37.370452880859375,1600,0.0,0.0,0.0
2014-06-27 00:00:00-04:00,37.34527403814558,37.47951889038086,37.33688513516514,37.47951889038086,1000,0.0,0.0,0.0
2014-06-30 00:00:00-04:00,37.49629317930408,37.52146628503498,37.445953369140625,37.445953369140625,2200,0.0,0.0,0.0
2014-07-01 00:00:00-04:00,37.56342777177439,37.79835548709183,37.56342777177439,37.78996658325195,2800,0.0,0.0,0.0
2014-07-02 00:00:00-04:00,37.77478992523929,37.77478992523929,37.7663688659668,37.7663688659668,1700,0.172,0.0,0.0
2014-07-03 00:00:00-04:00,37.90113269965327,37.90113269965327,37.8927116394043,37.8927116394043,900,0.0,0.0,0.0
2014-07-07 00:00:00-04:00,37.83375715070276,37.8927174331358,37.7832243556449,37.80849075317383,4500,0.0,0.0,0.0
2014-07-08 00:00:00-04:00,37.597940202750365,37.6232066078933,37.57267379760742,37.57267379760742,1900,0.0,0.0,0.0
2014-07-09 00:00:00-04:00,37.732683667262926,37.74110794067383,37.648460210667444,37.74110794067383,4600,0.0,0.0,0.0
2014-07-10 00:00:00-04:00,37.41262476585689,37.64003192995677,37.38735837415198,37.63161087036133,3900,0.0,0.0,0.0
2014-07-11 00:00:00-04:00,37.656876353195784,37.69056701660156,37.54738651650474,37.69056701660156,4100,0.0,0.0,0.0
2014-07-14 00:00:00-04:00,37.87586735811861,37.95166975414034,37.8590220242339,37.8674430847168,241900,0.0,0.0,0.0
2014-07-15 00:00:00-04:00,37.90956484413556,37.960100859161905,37.875877380371094,37.875877380371094,27500,0.0,0.0,0.0
2014-07-16 00:00:00-04:00,38.02748071365471,38.02748071365471,37.98536576299952,38.01063537597656,2000,0.0,0.0,0.0
2014-07-17 00:00:00-04:00,37.85902024401467,37.85902024401467,37.53054428100586,37.53054428100586,1300,0.0,0.0,0.0
2014-07-18 00:00:00-04:00,37.83375388997339,37.96851656629793,37.816911768351865,37.9348258972168,2900,0.0,0.0,0.0
2014-07-21 00:00:00-04:00,37.88429641723633,37.88429641723633,37.88429641723633,37.88429641723633,1000,0.0,0.0,0.0
2014-07-22 00:00:00-04:00,38.06117142490506,38.1201285053512,38.04432608578904,38.08644104003906,1300,0.0,0.0,0.0
2014-07-23 00:00:00-04:00,38.14539208003569,38.21277021291033,38.14539208003569,38.187503814697266,2800,0.0,0.0,0.0
2014-07-24 00:00:00-04:00,38.128546377315224,38.21276984582931,38.128546377315224,38.170658111572266,2400,0.0,0.0,0.0
2014-07-25 00:00:00-04:00,37.98535666172763,38.0695833299377,37.94324493408203,37.94324493408203,2200,0.0,0.0,0.0
2014-07-28 00:00:00-04:00,37.79164051206616,38.00220236526252,37.72426238976115,37.96009063720703,4300,0.0,0.0,0.0
2014-07-29 00:00:00-04:00,37.909551736068934,38.01904479097316,37.90113067626953,37.90113067626953,4700,0.0,0.0,0.0
2014-07-30 00:00:00-04:00,37.9011410223338,37.943252758663604,37.71584552697926,37.85060501098633,3200,0.0,0.0,0.0
2014-07-31 00:00:00-04:00,37.51370754490594,37.564240342845544,37.06731414794922,37.06731414794922,17500,0.0,0.0,0.0
2014-08-01 00:00:00-04:00,36.99992806493217,37.05888512514321,36.79778727783802,36.92412567138672,7600,0.0,0.0,0.0
2014-08-04 00:00:00-04:00,37.01675948049792,37.2694329596749,36.991489883537895,37.21047592163086,3600,0.0,0.0,0.0
2014-08-05 00:00:00-04:00,37.0588878440634,37.06730890488903,36.78094464303178,36.873592376708984,2200,0.0,0.0,0.0
2014-08-06 00:00:00-04:00,36.84832763671875,36.86517297204584,36.84832763671875,36.84832763671875,3000,0.0,0.0,0.0
2014-08-07 00:00:00-04:00,37.10099980383744,37.10099980383744,36.62091901082647,36.65460968017578,16100,0.0,0.0,0.0
2014-08-08 00:00:00-04:00,36.713571218024676,37.016780853271484,36.713571218024676,37.016780853271484,3000,0.0,0.0,0.0
2014-08-11 00:00:00-04:00,37.28628756474859,37.319978227133575,37.26944223355609,37.311553955078125,800,0.0,0.0,0.0
2014-08-12 00:00:00-04:00,37.176797410973606,37.176797410973606,37.02519263136406,37.04203796386719,11400,0.0,0.0,0.0
2014-08-13 00:00:00-04:00,37.30313438065407,37.378936767578125,37.22733199373002,37.378936767578125,16100,0.0,0.0,0.0
2014-08-14 00:00:00-04:00,37.49685921470442,37.538970947265625,37.48001387909609,37.538970947265625,2800,0.0,0.0,0.0
2014-08-15 00:00:00-04:00,37.49686813354492,37.5305588127751,37.42106571173703,37.49686813354492,2700,0.0,0.0,0.0
2014-08-18 00:00:00-04:00,37.82533048069667,37.82533048069667,37.80006408691406,37.80006408691406,800,0.0,0.0,0.0
2014-08-19 00:00:00-04:00,37.9348278693994,38.06116306564309,37.9348278693994,38.05274200439453,10000,0.0,0.0,0.0
2014-08-20 00:00:00-04:00,38.05274433602858,38.187503814697266,38.05274433602858,38.187503814697266,1500,0.0,0.0,0.0
2014-08-21 00:00:00-04:00,38.23804486590281,38.28857766899191,38.18750884989387,38.271732330322266,2600,0.0,0.0,0.0
2014-08-22 00:00:00-04:00,38.170659576339794,38.25488304808589,38.170659576339794,38.238040924072266,4700,0.0,0.0,0.0
2014-08-25 00:00:00-04:00,38.322287550994474,38.48231352917109,38.322287550994474,38.38124465942383,2900,0.0,0.0,0.0
2014-08-26 00:00:00-04:00,38.406482011974155,38.48228441015633,38.406482011974155,38.4485969543457,5500,0.0,0.0,0.0
2014-08-27 00:00:00-04:00,38.532849570505434,38.532849570505434,38.38124465942383,38.38124465942383,6600,0.0,0.0,0.0
2014-08-28 00:00:00-04:00,38.37278366088867,38.37278366088867,38.37278366088867,38.37278366088867,300,0.0,0.0,0.0
2014-08-29 00:00:00-04:00,38.38964475427684,38.45702288735352,38.35595408127879,38.42333221435547,3000,0.0,0.0,0.0
2014-09-02 00:00:00-04:00,38.60865202604624,38.60865202604624,38.36439931231238,38.38124465942383,10500,0.0,0.0,0.0
2014-09-03 00:00:00-04:00,38.57492374093417,38.57492374093417,38.4064736468941,38.41489791870117,5200,0.0,0.0,0.0
2014-09-04 00:00:00-04:00,38.57494310111129,38.625479118562055,38.322269439697266,38.322269439697266,915600,0.0,0.0,0.0
2014-09-05 00:00:00-04:00,38.33068176535463,38.490710844343575,38.33068176535463,38.4738655090332,1000,0.0,0.0,0.0
2014-09-08 00:00:00-04:00,38.5075588968506,38.52440423334962,38.31384234649094,38.42333221435547,4100,0.0,0.0,0.0
2014-09-09 00:00:00-04:00,38.40649312985966,38.40649312985966,38.22962188720703,38.22962188720703,10200,0.0,0.0,0.0
2014-09-10 00:00:00-04:00,38.170655717649275,38.37279652749267,38.170655717649275,38.36437225341797,4800,0.0,0.0,0.0
2014-09-11 00:00:00-04:00,38.271732330322266,38.271732330322266,38.271732330322266,38.271732330322266,300,0.0,0.0,0.0
2014-09-12 00:00:00-04:00,38.30541616119702,38.30541616119702,38.179080963134766,38.179080963134766,1900,0.0,0.0,0.0
2014-09-15 00:00:00-04:00,38.25487886351178,38.25487886351178,38.17907967498342,38.22119140625,1300,0.0,0.0,0.0
2014-09-16 00:00:00-04:00,38.25488803465979,38.54967665003617,38.25488803465979,38.524410247802734,1000,0.0,0.0,0.0
2014-09-17 00:00:00-04:00,38.4907131779337,38.60862731933594,38.448601443564236,38.60862731933594,2000,0.0,0.0,0.0
2014-09-18 00:00:00-04:00,38.743404388427734,38.743404388427734,38.70129263493752,38.743404388427734,3800,0.0,0.0,0.0
2014-09-19 00:00:00-04:00,38.86973247490545,38.86973247490545,38.734972971995205,38.79393005371094,2600,0.0,0.0,0.0
2014-09-22 00:00:00-04:00,38.440181732177734,38.440181732177734,38.440181732177734,38.440181732177734,700,0.0,0.0,0.0
2014-09-23 00:00:00-04:00,38.32225164495703,38.4401657513361,38.2801399230957,38.2801399230957,6500,0.0,0.0,0.0
2014-09-24 00:00:00-04:00,38.22422912870576,38.52927780151367,38.22422912870576,38.52927780151367,3000,0.274,0.0,0.0
2014-09-25 00:00:00-04:00,38.266596526321116,38.266596526321116,37.9615478515625,37.9615478515625,4500,0.0,0.0,0.0
2014-09-26 00:00:00-04:00,38.08016580920179,38.30048011184884,38.037798668663704,38.249637603759766,4100,0.0,0.0,0.0
2014-09-29 00:00:00-04:00,37.986960416798404,38.21574362835132,37.927642539559606,38.14795684814453,4400,0.0,0.0,0.0
2014-09-30 00:00:00-04:00,38.04628878885362,38.258127806091316,38.037813418016256,38.12255096435547,5400,0.0,0.0,0.0
2014-10-01 00:00:00-04:00,37.81749495228972,37.88528174385113,37.51244630924772,37.61412811279297,5100,0.0,0.0,0.0
2014-10-02 00:00:00-04:00,37.605660676704105,37.6564999686285,37.39382167393467,37.62260818481445,8100,0.0,0.0,0.0
2014-10-03 00:00:00-04:00,37.851384328235476,38.054751154818064,37.809017182149205,38.037803649902344,10700,0.0,0.0,0.0
2014-10-06 00:00:00-04:00,38.19880294493666,38.19880294493666,37.859859314854624,37.97001647949219,55200,0.0,0.0,0.0
2014-10-07 00:00:00-04:00,37.77511470138154,37.84290146943141,37.529380798339844,37.529380798339844,3600,0.0,0.0,0.0
2014-10-08 00:00:00-04:00,37.3599260032919,38.080177307128906,37.2836638343345,38.080177307128906,2300,0.0,0.0,0.0
2014-10-09 00:00:00-04:00,37.98696275656897,37.98696275656897,37.26670837402344,37.26670837402344,3700,0.0,0.0,0.0
2014-10-10 00:00:00-04:00,37.393811345113036,37.393811345113036,36.89387130737305,36.89387130737305,10300,0.0,0.0,0.0
2014-10-13 00:00:00-04:00,36.82608503029659,36.87692754574291,36.37698745727539,36.37698745727539,6400,0.0,0.0,0.0
2014-10-14 00:00:00-04:00,36.49561389113127,36.65661032877577,36.18209315154743,36.21598815917969,22800,0.0,0.0,0.0
2014-10-15 00:00:00-04:00,35.84314744602187,36.012619241876536,34.76700525961123,35.96177673339844,26800,0.0,0.0,0.0
2014-10-16 00:00:00-04:00,35.53810084097524,36.04651625687998,35.35168476430874,35.927886962890625,32700,0.0,0.0,0.0
2014-10-17 00:00:00-04:00,36.34307991035597,36.588813801637635,36.25834564624745,36.419342041015625,3000,0.0,0.0,0.0
2014-10-20 00:00:00-04:00,36.34309667215296,36.74135500843464,36.34309667215296,36.732879638671875,10100,0.0,0.0,0.0
2014-10-21 00:00:00-04:00,37.07180704149283,37.292118072509766,37.07180704149283,37.292118072509766,1900,0.0,0.0,0.0
2014-10-22 00:00:00-04:00,37.436183708307205,37.537865510656864,37.25823974609375,37.25823974609375,11200,0.0,0.0,0.0
2014-10-23 00:00:00-04:00,37.64802192920296,37.7751266039028,37.5971794128418,37.5971794128418,8900,0.0,0.0,0.0
2014-10-24 00:00:00-04:00,37.63107211664935,37.851383209228516,37.563285331396514,37.851383209228516,2800,0.0,0.0,0.0
2014-10-27 00:00:00-04:00,37.83445532402169,37.85987497545048,37.6565080667981,37.80903244018555,3300,0.0,0.0,0.0
2014-10-28 00:00:00-04:00,37.944588936031806,38.19032287597656,37.944588936031806,38.19032287597656,1200,0.0,0.0,0.0
2014-10-29 00:00:00-04:00,38.33438998159317,38.36828176772197,38.071708436551944,38.12255096435547,2000,0.0,0.0,0.0
2014-10-30 00:00:00-04:00,38.24965511014467,38.48691379167276,38.17339292930963,38.45302200317383,41200,0.0,0.0,0.0
2014-10-31 00:00:00-04:00,38.91057516938722,38.91057516938722,38.76652624092105,38.83431625366211,8800,0.0,0.0,0.0
2014-11-03 00:00:00-05:00,38.902119757664046,38.99532944905014,38.800437927246094,38.800437927246094,7800,0.0,0.0,0.0
2014-11-04 00:00:00-05:00,38.81737893052065,38.84279857576211,38.62248744138747,38.75806427001953,42300,0.0,0.0,0.0
2014-11-05 00:00:00-05:00,38.978358116164124,39.04614811661626,38.87667634789104,39.02072525024414,22400,0.0,0.0,0.0
2014-11-06 00:00:00-05:00,39.02921048968459,39.16478729248047,39.01226298528436,39.16478729248047,4700,0.0,0.0,0.0
2014-11-07 00:00:00-05:00,39.147837313572495,39.215624094482706,39.07157516479492,39.07157516479492,3800,0.0,0.0,0.0
2014-11-10 00:00:00-05:00,39.22410740392719,39.308841705322266,39.16479274646936,39.308841705322266,13000,0.0,0.0,0.0
2014-11-11 00:00:00-05:00,39.342727968467145,39.351200103759766,39.26646582121079,39.351200103759766,12600,0.0,0.0,0.0
2014-11-12 00:00:00-05:00,39.30882503259416,39.34272003173828,39.30882503259416,39.34272003173828,1700,0.0,0.0,0.0
2014-11-13 00:00:00-05:00,39.39357437397897,39.444413655574756,39.39357437397897,39.410518646240234,25000,0.0,0.0,0.0
2014-11-14 00:00:00-05:00,39.40204620361328,39.40204620361328,39.300364408806665,39.40204620361328,17200,0.0,0.0,0.0
2014-11-17 00:00:00-05:00,39.27493923202793,39.44441103503547,39.27493923202793,39.42746353149414,9800,0.0,0.0,0.0
2014-11-18 00:00:00-05:00,39.48678548951524,39.69862447439978,39.48678548951524,39.64778518676758,2600,0.0,0.0,0.0
2014-11-19 00:00:00-05:00,39.65625486043629,39.65625486043629,39.444415888711305,39.55457305908203,7000,0.0,0.0,0.0
2014-11-20 00:00:00-05:00,39.4783159637154,39.656259947011186,39.4783159637154,39.63084030151367,1000,0.0,0.0,0.0
2014-11-21 00:00:00-05:00,39.96976564066824,40.00366064344763,39.740982452920825,39.80876922607422,2200,0.0,0.0,0.0
2014-11-24 00:00:00-05:00,39.93588549509702,39.93588549509702,39.893518345492964,39.92741012573242,4100,0.0,0.0,0.0
2014-11-25 00:00:00-05:00,40.02908848843877,40.02908848843877,39.89351169287072,39.99519348144531,2600,0.0,0.0,0.0
2014-11-26 00:00:00-05:00,39.9274034674584,39.99519348144531,39.9274034674584,39.99519348144531,3600,0.0,0.0,0.0
2014-11-28 00:00:00-05:00,40.03755329546701,40.06297292985638,39.96976329388845,40.003658294677734,1853200,0.0,0.0,0.0
2014-12-01 00:00:00-05:00,39.84267906119855,39.84267906119855,39.61389255587476,39.68168258666992,7600,0.0,0.0,0.0
2014-12-02 00:00:00-05:00,39.77487939277153,39.9612986998814,39.77487939277153,39.94435119628906,900,0.0,0.0,0.0
2014-12-03 00:00:00-05:00,40.02908895792215,40.12229537963867,40.01214145422665,40.12229537963867,1600,0.0,0.0,0.0
2014-12-04 00:00:00-05:00,39.978240748114,40.029083251953125,39.851136104718876,40.029083251953125,1600,0.0,0.0,0.0
2014-12-05 00:00:00-05:00,40.088402184868336,40.21550360947438,40.088402184868336,40.15618896484375,1800,0.0,0.0,0.0
2014-12-08 00:00:00-05:00,40.03757572060149,40.13925754751636,39.817264556884766,39.817264556884766,5400,0.0,0.0,0.0
2014-12-09 00:00:00-05:00,39.38509656954476,39.774879455566406,39.300362283855115,39.774879455566406,16500,0.0,0.0,0.0
2014-12-10 00:00:00-05:00,39.69014465724703,39.69014465724703,39.19020462036133,39.19020462036133,17700,0.0,0.0,0.0
2014-12-11 00:00:00-05:00,39.55458218396911,39.67321151831683,39.291900634765625,39.291900634765625,1600,0.0,0.0,0.0
2014-12-12 00:00:00-05:00,39.03769655124595,39.17327340240493,38.72417568901713,38.74112319946289,8900,0.0,0.0,0.0
2014-12-15 00:00:00-05:00,38.94447294426814,38.98684008904027,38.35979858863856,38.47842788696289,15500,0.0,0.0,0.0
2014-12-16 00:00:00-05:00,38.16490966886578,38.52927295641094,38.12254252128275,38.17338180541992,8700,0.0,0.0,0.0
2014-12-17 00:00:00-05:00,38.24118301133667,38.87670010816134,38.24118301133667,38.800437927246094,9900,0.0,0.0,0.0
2014-12-18 00:00:00-05:00,39.43595366544526,39.817264556884766,39.29190144760945,39.817264556884766,5900,0.0,0.0,0.0
2014-12-19 00:00:00-05:00,39.93588937670917,40.11383336178546,39.77488966719637,39.98672866821289,6500,0.0,0.0,0.0
2014-12-22 00:00:00-05:00,40.037568402058454,40.11383056640625,39.995201251288876,40.11383056640625,3200,0.0,0.0,0.0
2014-12-23 00:00:00-05:00,40.274829492983436,40.274829492983436,40.190095186267236,40.2070426940918,3200,0.0,0.0,0.0
2014-12-24 00:00:00-05:00,40.27249957650327,40.33201113959655,40.24699554750242,40.3065071105957,15600,0.157,0.0,0.0
2014-12-26 00:00:00-05:00,40.40003052086272,40.41703428972425,40.32351518255449,40.340518951416016,2700,0.0,0.0,0.0
2014-12-29 00:00:00-05:00,40.22149732838832,40.42553607614187,40.22149732838832,40.40003204345703,4700,0.0,0.0,0.0
2014-12-30 00:00:00-05:00,40.25549212481096,40.25549212481096,40.22998809814453,40.22998809814453,2500,0.0,0.0,0.0
2014-12-31 00:00:00-05:00,40.221486920968644,40.221486920968644,40.00044121777148,40.127967834472656,1400,0.0,0.0,0.0
2015-01-02 00:00:00-05:00,39.87291192830279,39.87291192830279,39.60085821329877,39.73688507080078,5000,0.0,0.0,0.0
2015-01-05 00:00:00-05:00,39.4733463806677,39.490350149607785,38.96324628501438,39.06526565551758,2900,0.0,0.0,0.0
2015-01-06 00:00:00-05:00,39.056761591587666,39.107772897679276,38.4871499343491,38.767704010009766,14400,0.0,0.0,0.0
2015-01-07 00:00:00-05:00,39.014234087552005,39.15026092529297,38.88671075143364,39.15026092529297,2600,0.0,0.0,0.0
2015-01-08 00:00:00-05:00,39.498850722116416,39.84741988027711,39.498850722116416,39.770904541015625,3500,0.0,0.0,0.0
2015-01-09 00:00:00-05:00,39.71137857522698,39.71137857522698,39.44782835797158,39.57535171508789,7500,0.0,0.0,0.0
2015-01-12 00:00:00-05:00,39.150277167672236,39.243796265505594,39.14177690565874,39.218292236328125,1700,0.0,0.0,0.0
2015-01-13 00:00:00-05:00,39.456337081371586,39.677379560335886,38.818710429608544,39.0822639465332,4800,0.0,0.0,0.0
2015-01-14 00:00:00-05:00,38.64868238843224,38.85272437766585,38.402132597356704,38.82721710205078,2600,0.0,0.0,0.0
2015-01-15 00:00:00-05:00,39.01425654012139,39.01425654012139,38.46164861264661,38.4786491394043,6800,0.0,0.0,0.0
2015-01-16 00:00:00-05:00,38.46164336592152,38.988747188217665,38.46164336592152,38.98024368286133,10200,0.0,0.0,0.0
2015-01-20 00:00:00-05:00,39.099269786589154,39.13327407836914,38.733696894073795,39.13327407836914,9300,0.0,0.0,0.0
2015-01-21 00:00:00-05:00,39.20128999472208,39.328813388709115,39.15027869124501,39.27780532836914,2800,0.0,0.0,0.0
2015-01-22 00:00:00-05:00,39.19278705440068,39.8729248046875,39.19278705440068,39.8729248046875,6600,0.0,0.0,0.0
2015-01-23 00:00:00-05:00,39.821899634771334,39.855907159071926,39.66036875904755,39.66886901855469,17300,0.0,0.0,0.0
2015-01-26 00:00:00-05:00,39.54134242399548,39.66886901855469,39.51583840233805,39.66886901855469,11800,0.0,0.0,0.0
2015-01-27 00:00:00-05:00,39.19278244533171,39.3373128353689,38.980240234146315,39.090763092041016,12800,0.0,0.0,0.0
2015-01-28 00:00:00-05:00,39.22679421540306,39.22679421540306,38.563663482666016,38.563663482666016,5100,0.0,0.0,0.0
2015-01-29 00:00:00-05:00,38.6571809321051,38.88672692434864,38.359619871135926,38.87822341918945,41800,0.0,0.0,0.0
2015-01-30 00:00:00-05:00,38.82721672044901,38.86972776501053,38.427639495297136,38.461647033691406,1853400,0.0,0.0,0.0
2015-02-02 00:00:00-05:00,38.631673039650266,38.92073059082031,38.2235923632579,38.92073059082031,5500,0.0,0.0,0.0
2015-02-03 00:00:00-05:00,39.12476479678982,39.38831826693427,39.08225700951137,39.33730697631836,10200,0.0,0.0,0.0
2015-02-04 00:00:00-05:00,39.29479918903991,39.558349416048074,39.29479918903991,39.33730697631836,15700,0.0,0.0,0.0
2015-02-05 00:00:00-05:00,39.50735203500778,39.796409606933594,39.50735203500778,39.796409606933594,116500,0.0,0.0,0.0
2015-02-06 00:00:00-05:00,39.83040588898778,40.00044029294589,39.67737524973912,39.68587875366211,3500,0.0,0.0,0.0
2015-02-09 00:00:00-05:00,39.64337719228938,39.67738148391461,39.481843023737234,39.54985809326172,15800,0.0,0.0,0.0
2015-02-10 00:00:00-05:00,39.753897803750846,39.92393223865171,39.66038194553561,39.91543197631836,2200,0.0,0.0,0.0
2015-02-11 00:00:00-05:00,39.915424721732066,40.02594757080078,39.82190563737673,40.02594757080078,4000,0.0,0.0,0.0
2015-02-12 00:00:00-05:00,40.204485602635266,40.28950119018555,40.17047807036044,40.28950119018555,1900,0.0,0.0,0.0
2015-02-13 00:00:00-05:00,40.4340203857187,40.47652816772461,40.38300910143008,40.47652816772461,2000,0.0,0.0,0.0
2015-02-17 00:00:00-05:00,40.5445443353194,40.5445443353194,40.4680290222168,40.4680290222168,400,0.0,0.0,0.0
2015-02-18 00:00:00-05:00,40.58705956486913,40.58705956486913,40.43402892282876,40.578556060791016,6200,0.0,0.0,0.0
2015-02-19 00:00:00-05:00,40.37453270045215,40.59557524338313,40.37453270045215,40.50205612182617,7000,0.0,0.0,0.0
2015-02-20 00:00:00-05:00,40.47654832453622,40.76560592651367,40.357525178393296,40.76560592651367,6100,0.0,0.0,0.0
2015-02-23 00:00:00-05:00,40.74008301757454,40.74008301757454,40.655067443847656,40.655067443847656,1800,0.0,0.0,0.0
2015-02-24 00:00:00-05:00,40.85061590993633,40.91012747481626,40.782604082846575,40.8591194152832,59200,0.0,0.0,0.0
2015-02-25 00:00:00-05:00,40.85061604484366,40.96963917499659,40.774100712154336,40.7826042175293,9700,0.0,0.0,0.0
2015-02-26 00:00:00-05:00,40.816587161739704,40.90160595533748,40.731571611277296,40.84209442138672,2700,0.0,0.0,0.0
2015-02-27 00:00:00-05:00,40.791099129184246,40.86761445183702,40.723087310791016,40.723087310791016,11400,0.0,0.0,0.0
2015-03-02 00:00:00-05:00,40.75709667584768,40.93563461303711,40.75709667584768,40.93563461303711,1600,0.0,0.0,0.0
2015-03-03 00:00:00-05:00,40.92713143205469,40.92713143205469,40.663581141546985,40.74009323120117,4300,0.0,0.0,0.0
2015-03-04 00:00:00-05:00,40.595559825810675,40.706082676870174,40.442529183770304,40.578556060791016,4000,0.0,0.0,0.0
2015-03-05 00:00:00-05:00,40.78260768566346,40.78260768566346,40.612573238212306,40.67208480834961,3700,0.0,0.0,0.0
2015-03-06 00:00:00-05:00,40.502031459242495,40.57004650373634,40.22147750854492,40.22147750854492,1500,0.0,0.0,0.0
2015-03-09 00:00:00-04:00,40.12797353305191,40.35751952982993,40.12797353305191,40.29800796508789,3600,0.0,0.0,0.0
2015-03-10 00:00:00-04:00,39.95792648883768,39.95792648883768,39.66036875904755,39.66886901855469,4900,0.0,0.0,0.0
2015-03-11 00:00:00-04:00,39.67737444962919,39.67737444962919,39.49033952786976,39.50734329223633,3800,0.0,0.0,0.0
2015-03-12 00:00:00-04:00,39.583861183005645,39.932430267333984,39.583861183005645,39.932430267333984,4000,0.0,0.0,0.0
2015-03-13 00:00:00-04:00,39.83041214720769,39.83041214720769,39.49884679111835,39.54985809326172,3100,0.0,0.0,0.0
2015-03-16 00:00:00-04:00,39.83039748897693,40.22147750854492,39.83039748897693,40.22147750854492,4000,0.0,0.0,0.0
2015-03-17 00:00:00-04:00,39.98343745266889,40.14497159957525,39.98343745266889,40.127967834472656,2800,0.0,0.0,0.0
2015-03-18 00:00:00-04:00,40.01743939163892,40.59555435180664,39.90691655548259,40.59555435180664,1000,0.0,0.0,0.0
2015-03-19 00:00:00-04:00,40.49355115415133,40.49355115415133,40.40003204345703,40.40003204345703,1000,0.0,0.0,0.0
2015-03-20 00:00:00-04:00,40.56155316122591,40.80810289456671,40.56155316122591,40.723087310791016,800,0.0,0.0,0.0
2015-03-23 00:00:00-04:00,40.68907970395073,40.79109905291815,40.68907970395073,40.7570915222168,2100,0.0,0.0,0.0
2015-03-24 00:00:00-04:00,40.723086019076334,40.723086019076334,40.49354005839907,40.51054382324219,5700,0.0,0.0,0.0
2015-03-25 00:00:00-04:00,40.51653306298948,40.51653306298948,39.95214080810547,39.95214080810547,3900,0.277,0.0,0.0
2015-03-26 00:00:00-04:00,39.75546646118164,39.92649187914508,39.635744101666184,39.75546646118164,5900,0.0,0.0,0.0
2015-03-27 00:00:00-04:00,39.80676842020628,39.82387161254883,39.78966522786374,39.82387161254883,1500,0.0,0.0,0.0
2015-03-30 00:00:00-04:00,40.22579519320792,40.34551429749291,40.22579519320792,40.32841110229492,5100,0.0,0.0,0.0
2015-03-31 00:00:00-04:00,40.1488232981276,40.174476454029154,39.96924468261634,39.9777946472168,5800,0.0,0.0,0.0
2015-04-01 00:00:00-04:00,39.65284089621876,39.81531958400227,39.65284089621876,39.678497314453125,3200,0.0,0.0,0.0
2015-04-02 00:00:00-04:00,39.94358687967279,39.94358687967279,39.84097099752433,39.85807418823242,4900,0.0,0.0,0.0
2015-04-06 00:00:00-04:00,39.678509089295886,40.285657886714084,39.678509089295886,40.23434829711914,3300,0.0,0.0,0.0
2015-04-07 00:00:00-04:00,40.354055232129106,40.354055232129106,40.1402702331543,40.1402702331543,1700,0.0,0.0,0.0
2015-04-08 00:00:00-04:00,40.268538721408866,40.277088685233544,40.07185693244223,40.17447280883789,5100,0.0,0.0,0.0
2015-04-09 00:00:00-04:00,40.25999207511297,40.4310174624987,40.15737292816133,40.37971115112305,5500,0.0,0.0,0.0
2015-04-10 00:00:00-04:00,40.4823373949277,40.68757247924805,40.4823373949277,40.68757247924805,3700,0.0,0.0,0.0
2015-04-13 00:00:00-04:00,40.696117255220436,40.713220448574056,40.49088219707759,40.49943542480469,2900,0.0,0.0,0.0
2015-04-14 00:00:00-04:00,40.4652189876765,40.61914442752774,40.32839673693092,40.584938049316406,11500,0.0,0.0,0.0
2015-04-15 00:00:00-04:00,40.64480090336697,40.79017639160156,40.64480090336697,40.79017639160156,1200,0.0,0.0,0.0
2015-04-16 00:00:00-04:00,40.764530182691814,40.798736572265625,40.764530182691814,40.798736572265625,400,0.0,0.0,0.0
2015-04-17 00:00:00-04:00,40.58494151736812,40.58494151736812,40.140268348921985,40.22578430175781,6300,0.0,0.0,0.0
2015-04-20 00:00:00-04:00,40.5678393733822,40.72176483035765,40.5678393733822,40.67900848388672,1700,0.0,0.0,0.0
2015-04-21 00:00:00-04:00,40.7303256939769,40.7303256939769,40.53364385365205,40.64480972290039,10000,0.0,0.0,0.0
2015-04-22 00:00:00-04:00,40.730330858753305,40.86715316772461,40.730330858753305,40.86715316772461,1300,0.0,0.0,0.0
2015-04-23 00:00:00-04:00,40.79017724999952,41.04671858875925,40.773074059135524,41.01251220703125,3600,0.0,0.0,0.0
2015-04-24 00:00:00-04:00,41.02961350510394,41.0809230753289,41.01251031502895,41.063819885253906,1500,0.0,0.0,0.0
2015-04-27 00:00:00-04:00,41.17499594825996,41.18354591369242,40.96976089477539,40.96976089477539,102100,0.0,0.0,0.0
2015-04-28 00:00:00-04:00,40.850034892280405,41.02961349487305,40.850034892280405,41.02961349487305,600,0.0,0.0,0.0
2015-04-29 00:00:00-04:00,40.97831849311647,41.012524885418834,40.79018985965567,40.93556213378906,3500,0.0,0.0,0.0
2015-04-30 00:00:00-04:00,40.75597680090781,40.75597680090781,40.48233223145107,40.49943542480469,32300,0.0,0.0,0.0
2015-05-01 00:00:00-04:00,40.773087218662866,40.86715316772461,40.75598402227881,40.86715316772461,5500,0.0,0.0,0.0
2015-05-04 00:00:00-04:00,41.02106355132815,41.260501688237646,41.02106355132815,41.098026275634766,3900,0.0,0.0,0.0
2015-05-05 00:00:00-04:00,40.79018333029271,40.8585928418459,40.66191101074219,40.66191101074219,2200,0.0,0.0,0.0
2015-05-06 00:00:00-04:00,40.67047684683731,40.67047684683731,40.31986942842068,40.38827896118164,2500,0.0,0.0,0.0
2015-05-07 00:00:00-04:00,40.36260880949302,40.70466285356401,40.354055582683614,40.602046966552734,17900,0.0,0.0,0.0
2015-05-08 00:00:00-04:00,40.961204709043116,41.18353965962919,40.961204709043116,41.15788650512695,8200,0.0,0.0,0.0
2015-05-11 00:00:00-04:00,41.08092742460558,41.20064650570529,40.91844873274142,40.96120834350586,6000,0.0,0.0,0.0
2015-05-12 00:00:00-04:00,40.69611116604294,40.86713981188829,40.5678388661339,40.85003662109375,7100,0.0,0.0,0.0
2015-05-13 00:00:00-04:00,40.867150583279866,40.88425377858231,40.79018783546932,40.82439422607422,1600,0.0,0.0,0.0
2015-05-14 00:00:00-04:00,41.02960611727938,41.294700622558594,41.02960611727938,41.294700622558594,4000,0.0,0.0,0.0
2015-05-15 00:00:00-04:00,41.286157604065124,41.286157604065124,41.243401257056895,41.2690544128418,1900,0.0,0.0,0.0
2015-05-18 00:00:00-04:00,41.28616212210775,41.474293984051904,41.26905892901278,41.46574401855469,3800,0.0,0.0,0.0
2015-05-19 00:00:00-04:00,41.40588501877359,41.44009140810867,41.37168189153934,41.397335052490234,2000,0.0,0.0,0.0
2015-05-20 00:00:00-04:00,41.35457229614258,41.35457229614258,41.35457229614258,41.35457229614258,300,0.0,0.0,0.0
2015-05-21 00:00:00-04:00,41.397322427206824,41.54269790649414,41.32035970572527,41.54269790649414,11000,0.0,0.0,0.0
2015-05-22 00:00:00-04:00,41.51704336268287,41.51704336268287,41.422977447509766,41.422977447509766,1900,0.0,0.0,0.0
2015-05-26 00:00:00-04:00,41.23485672620882,41.23485672620882,40.927005767822266,40.927005767822266,2300,0.0,0.0,0.0
2015-05-27 00:00:00-04:00,41.15788286272672,41.28615188598633,41.14932963724958,41.28615188598633,21500,0.0,0.0,0.0
2015-05-28 00:00:00-04:00,41.277601235444834,41.277601235444834,41.12367580041598,41.260498046875,1400,0.0,0.0,0.0
2015-05-29 00:00:00-04:00,41.21774532355102,41.25195170369246,41.02961349487305,41.02961349487305,1800,0.0,0.0,0.0
2015-06-01 00:00:00-04:00,41.13222887262975,41.20064163208008,40.969753462085116,41.20064163208008,37700,0.0,0.0,0.0
2015-06-02 00:00:00-04:00,40.94410651946722,41.20919784730116,40.83293739954631,41.046722412109375,96600,0.0,0.0,0.0
2015-06-03 00:00:00-04:00,41.31181073513689,41.31181073513689,41.149332062492334,41.20064163208008,6300,0.0,0.0,0.0
2015-06-04 00:00:00-04:00,41.038168457733654,41.038168457733654,40.773073893568345,40.85003662109375,3700,0.0,0.0,0.0
2015-06-05 00:00:00-04:00,40.78163337747872,40.89280251254317,40.62770788649743,40.798736572265625,2500,0.0,0.0,0.0
2015-06-08 00:00:00-04:00,40.68755460347224,40.68755460347224,40.54217913634392,40.610591888427734,6000,0.0,0.0,0.0
2015-06-09 00:00:00-04:00,40.48230745868791,40.619129659689236,40.48230745868791,40.51651382446289,5700,0.0,0.0,0.0
2015-06-10 00:00:00-04:00,40.74741901395603,41.07236983899987,40.74741901395603,41.02961349487305,6300,0.0,0.0,0.0
2015-06-11 00:00:00-04:00,41.098032681170295,41.15789222472737,41.098032681170295,41.14078903198242,3200,0.0,0.0,0.0
2015-06-12 00:00:00-04:00,40.89280251254317,40.89280251254317,40.74743025000577,40.798736572265625,1500,0.0,0.0,0.0
2015-06-15 00:00:00-04:00,40.40535824874316,40.62769317626953,40.40535824874316,40.62769317626953,800,0.0,0.0,0.0
2015-06-16 00:00:00-04:00,40.67902126960113,40.892806331250114,40.67902126960113,40.86715316772461,4600,0.0,0.0,0.0
2015-06-17 00:00:00-04:00,40.83293861758396,41.00396728515625,40.730322721880796,41.00396728515625,2200,0.0,0.0,0.0
2015-06-18 00:00:00-04:00,41.25195327435532,41.38877553803063,41.25195327435532,41.34601593017578,6400,0.0,0.0,0.0
2015-06-19 00:00:00-04:00,41.32035424490025,41.328907469545506,41.10656929816045,41.12367248535156,4100,0.0,0.0,0.0
2015-06-22 00:00:00-04:00,41.48284134314481,41.48284134314481,41.35457229614258,41.35457229614258,14100,0.0,0.0,0.0
2015-06-23 00:00:00-04:00,41.42298698528291,41.4571933736038,41.34602424261128,41.44009017944336,6500,0.0,0.0,0.0
2015-06-24 00:00:00-04:00,41.33747153927218,41.44008743533904,41.16644287109375,41.16644287109375,9100,0.0,0.0,0.0
2015-06-25 00:00:00-04:00,41.00395912567055,41.07236862182617,41.00395912567055,41.07236862182617,1700,0.0,0.0,0.0
2015-06-26 00:00:00-04:00,41.02106925447394,41.046722412109375,41.02106925447394,41.046722412109375,1900,0.0,0.0,0.0
2015-06-29 00:00:00-04:00,40.62770255513503,40.738871675611335,40.413917541503906,40.413917541503906,1200,0.0,0.0,0.0
2015-06-30 00:00:00-04:00,40.59350313025492,40.59350313025492,40.148829869939995,40.28565216064453,7900,0.0,0.0,0.0
2015-07-01 00:00:00-04:00,40.64481286212362,40.64481286212362,40.396824682100124,40.55074691772461,6800,0.0,0.0,0.0
2015-07-02 00:00:00-04:00,40.67021874354734,40.67021874354734,40.42951347159756,40.584251403808594,2400,0.249,0.0,0.0
2015-07-06 00:00:00-04:00,40.2318128466051,40.57567581220047,40.1458487448664,40.39514923095703,7300,0.0,0.0,0.0
2015-07-07 00:00:00-04:00,40.15443581806054,40.61864974504057,40.051278260727074,40.59286117553711,8900,0.0,0.0,0.0
2015-07-08 00:00:00-04:00,40.24040782089966,40.24040782089966,39.982508978855684,39.99970245361328,3100,0.0,0.0,0.0
2015-07-09 00:00:00-04:00,40.53268004923885,40.53268004923885,40.06846618652344,40.06846618652344,3400,0.0,0.0,0.0
2015-07-10 00:00:00-04:00,40.54127250960786,40.61004638671875,40.4810970067953,40.61004638671875,2300,0.0,0.0,0.0
2015-07-13 00:00:00-04:00,40.9453239440918,40.9453239440918,40.9453239440918,40.9453239440918,1000,0.0,0.0,0.0
2015-07-14 00:00:00-04:00,41.08286120745997,41.314968157025895,41.08286120745997,41.30636978149414,2600,0.0,0.0,0.0
2015-07-15 00:00:00-04:00,41.332164062206644,41.332164062206644,41.22900322566856,41.25479507446289,600,0.0,0.0,0.0
2015-07-16 00:00:00-04:00,41.52988751947202,41.564271188512784,41.52988751947202,41.547080993652344,1400,0.0,0.0,0.0
2015-07-17 00:00:00-04:00,41.62443045543556,41.753379821777344,41.615835361361455,41.753379821777344,8900,0.0,0.0,0.0
2015-07-20 00:00:00-04:00,41.753377318338316,41.82215118408203,41.753377318338316,41.82215118408203,1400,0.0,0.0,0.0
2015-07-21 00:00:00-04:00,41.65023675384733,41.65023675384733,41.54707919255721,41.58146286010742,3800,0.0,0.0,0.0
2015-07-22 00:00:00-04:00,41.40952049693517,41.5556633429755,41.28916949391307,41.478294372558594,4300,0.0,0.0,0.0
2015-07-23 00:00:00-04:00,41.52129402229542,41.52129402229542,41.229011485520665,41.23760986328125,11000,0.0,0.0,0.0
2015-07-24 00:00:00-04:00,40.910924757323585,40.91951985248293,40.773380279541016,40.773380279541016,3400,0.0,0.0,0.0
2015-07-27 00:00:00-04:00,40.67883540632668,40.69602888339064,40.53269577026367,40.53269577026367,1200,0.0,0.0,0.0
2015-07-28 00:00:00-04:00,40.704621207730504,41.065677642822266,40.68743101115871,41.065677642822266,1500,0.0,0.0,0.0
2015-07-29 00:00:00-04:00,41.160234058312916,41.41812960006866,41.15163568197321,41.400936126708984,12300,0.0,0.0,0.0
2015-07-30 00:00:00-04:00,41.177428161301414,41.38374328613281,41.177428161301414,41.38374328613281,2400,0.0,0.0,0.0
2015-07-31 00:00:00-04:00,41.42672202312335,41.46110896762314,41.263388955728615,41.280582427978516,6400,0.0,0.0,0.0
2015-08-03 00:00:00-04:00,41.32356747321256,41.32356747321256,40.97970456185447,41.117252349853516,3400,0.0,0.0,0.0
2015-08-04 00:00:00-04:00,41.151639827811174,41.194621875880756,40.99690183130464,41.014095306396484,35300,0.0,0.0,0.0
2015-08-05 00:00:00-04:00,41.25479378633895,41.42672194989496,41.18601989746094,41.18601989746094,5900,0.0,0.0,0.0
2015-08-06 00:00:00-04:00,41.297783849909905,41.297783849909905,40.74760574928392,40.90234375,6800,0.0,0.0,0.0
2015-08-07 00:00:00-04:00,40.833562720141835,40.833562720141835,40.60145575958268,40.69601821899414,1500,0.0,0.0,0.0
2015-08-10 00:00:00-04:00,41.065678380592516,41.24620496172156,41.05708000283193,41.23760986328125,5600,0.0,0.0,0.0
2015-08-11 00:00:00-04:00,40.94533094450894,40.97971462062867,40.670241859627716,40.8593635559082,4500,0.0,0.0,0.0
2015-08-12 00:00:00-04:00,40.55847253277473,40.936719080049066,40.36934761947782,40.82496643066406,6000,0.0,0.0,0.0
2015-08-13 00:00:00-04:00,40.73900927158289,41.005503236203296,40.73900927158289,40.850765228271484,4000,0.0,0.0,0.0
2015-08-14 00:00:00-04:00,40.850759625477735,40.988304138183594,40.80777758012963,40.988304138183594,1700,0.0,0.0,0.0
2015-08-17 00:00:00-04:00,40.94531842524835,41.177425384521484,40.94531842524835,41.177425384521484,9000,0.0,0.0,0.0
2015-08-18 00:00:00-04:00,41.12585316878419,41.160240120568204,41.02269559275235,41.065677642822266,26300,0.0,0.0,0.0
2015-08-19 00:00:00-04:00,40.79057698233762,40.962508413023286,40.558470042809866,40.781978607177734,5900,0.0,0.0,0.0
2015-08-20 00:00:00-04:00,40.463913806553265,40.463913806553265,39.97391128540039,39.97391128540039,4000,0.0,0.0,0.0
2015-08-21 00:00:00-04:00,39.39794548274285,39.55268019004439,38.564080030318614,38.632850646972656,7900,0.0,0.0,0.0
2015-08-24 00:00:00-04:00,37.85915826329772,38.62424970395341,33.86176634610644,37.274593353271484,31800,0.0,0.0,0.0
2015-08-25 00:00:00-04:00,38.538301945885,38.538301945885,36.97372817993164,36.97372817993164,18800,0.0,0.0,0.0
2015-08-26 00:00:00-04:00,37.42933953317985,38.0139045715332,36.922143493412094,38.0139045715332,14100,0.0,0.0,0.0
2015-08-27 00:00:00-04:00,38.589858689110216,38.96810846116627,38.22880566595018,38.88214111328125,15800,0.0,0.0,0.0
2015-08-28 00:00:00-04:00,38.91652939704946,38.95951143281754,38.81337185534223,38.942317962646484,25300,0.0,0.0,0.0
2015-08-31 00:00:00-04:00,38.71882115407568,38.74460972749544,38.65864562988281,38.65864562988281,5100,0.0,0.0,0.0
2015-09-01 00:00:00-04:00,38.00529291053433,38.00529291053433,37.489501953125,37.489501953125,6500,0.0,0.0,0.0
2015-09-02 00:00:00-04:00,37.76459174910107,38.22020721435547,37.74739827955877,38.22020721435547,12000,0.0,0.0,0.0
2015-09-03 00:00:00-04:00,38.53829174360726,38.581273789248456,38.25460433959961,38.25460433959961,3900,0.0,0.0,0.0
2015-09-04 00:00:00-04:00,37.73021687297621,37.73021687297621,37.498109878925334,37.64425277709961,7400,0.0,0.0,0.0
2015-09-08 00:00:00-04:00,38.36636040650104,38.45232449806301,38.36636040650104,38.443729400634766,1400,0.0,0.0,0.0
2015-09-09 00:00:00-04:00,38.89934473440816,38.89934473440816,38.06547927856445,38.06547927856445,3900,0.0,0.0,0.0
2015-09-10 00:00:00-04:00,38.05688688772501,38.52969598049017,37.962324413307954,38.2803955078125,9900,0.0,0.0,0.0
2015-09-11 00:00:00-04:00,38.04828158010718,38.40933793672393,38.031091387271644,38.366355895996094,3000,0.0,0.0,0.0
2015-09-14 00:00:00-04:00,38.33197396859276,38.33197396859276,38.22021802461811,38.23741149902344,7000,0.0,0.0,0.0
2015-09-15 00:00:00-04:00,38.42654130592491,38.87356185913086,38.39215435275821,38.87356185913086,2400,0.0,0.0,0.0
2015-09-16 00:00:00-04:00,38.899336094351746,39.14003811914461,38.899336094351746,39.13144302368164,3800,0.0,0.0,0.0
2015-09-17 00:00:00-04:00,39.06266914270132,39.311969542276294,39.06266914270132,39.13144302368164,2400,0.0,0.0,0.0
2015-09-18 00:00:00-04:00,38.53828874866319,38.778990809003986,38.521095275878906,38.521095275878906,4400,0.0,0.0,0.0
2015-09-21 00:00:00-04:00,38.5984681958491,38.85636375524649,38.42653672981085,38.60706329345703,10500,0.0,0.0,0.0
2015-09-22 00:00:00-04:00,38.134257684814564,38.168644637009336,37.936537628675005,38.142852783203125,4500,0.0,0.0,0.0
2015-09-23 00:00:00-04:00,38.15143329229046,38.15143329229046,37.98809698552569,38.11704635620117,6100,0.0,0.0,0.0
2015-09-24 00:00:00-04:00,37.79899105094212,38.0139045715332,37.55828567794246,38.0139045715332,5200,0.0,0.0,0.0
2015-09-25 00:00:00-04:00,38.15987548971715,38.315348309684836,37.926666259765625,37.926666259765625,14300,0.209,0.0,0.0
2015-09-28 00:00:00-04:00,37.70210856020903,37.70210856020903,37.05430603027344,37.05430603027344,3800,0.0,0.0,0.0
2015-09-29 00:00:00-04:00,36.97655261479409,37.11475029258917,36.829715728759766,36.829715728759766,4500,0.0,0.0,0.0
2015-09-30 00:00:00-04:00,37.425693156358044,37.69344928414188,37.40841803603452,37.67617416381836,4600,0.0,0.0,0.0
2015-10-01 00:00:00-04:00,37.80573426879755,37.80573426879755,37.51206382589929,37.658897399902344,3600,0.0,0.0,0.0
2015-10-02 00:00:00-04:00,37.33068740619931,38.36716842651367,37.27886203722647,38.36716842651367,4900,0.0,0.0,0.0
2015-10-05 00:00:00-04:00,38.71265979155177,39.06679153442383,38.68674875752703,39.06679153442383,5500,0.0,0.0,0.0
2015-10-06 00:00:00-04:00,39.05816535877326,39.11862664983258,38.790405859158206,38.91996765136719,4000,0.0,0.0,0.0
2015-10-07 00:00:00-04:00,39.23090192151423,39.23090192151423,38.91995961522349,39.127254486083984,5900,0.0,0.0,0.0
2015-10-08 00:00:00-04:00,39.1186231244226,39.61958853303711,39.066797753230915,39.55049133300781,8700,0.0,0.0,0.0
2015-10-09 00:00:00-04:00,39.52456934136002,39.662767009533255,39.49865830823139,39.50729751586914,3900,0.0,0.0,0.0
2015-10-12 00:00:00-04:00,39.61957927923451,39.61957927923451,39.52456776835438,39.576393127441406,1800,0.0,0.0,0.0
2015-10-13 00:00:00-04:00,39.45547755941084,39.68868677419094,39.386377068412536,39.40365219116211,9900,0.0,0.0,0.0
2015-10-14 00:00:00-04:00,39.325917304380695,39.403653712308355,39.17044448852539,39.17044448852539,11900,0.0,0.0,0.0
2015-10-15 00:00:00-04:00,39.34318412508703,39.82687759399414,39.34318412508703,39.82687759399414,4100,0.0,0.0,0.0
2015-10-16 00:00:00-04:00,39.92189957666863,40.02554702758789,39.82688804045386,40.02554702758789,3800,0.0,0.0,0.0
2015-10-19 00:00:00-04:00,39.965080291553555,40.00826644897461,39.878704681818846,40.00826644897461,4300,0.0,0.0,0.0
2015-10-20 00:00:00-04:00,40.04281448648577,40.06872552053216,39.93916705540775,39.98235321044922,1900,0.0,0.0,0.0
2015-10-21 00:00:00-04:00,39.99962986052959,40.016904982185046,39.79233169555664,39.79233169555664,2500,0.0,0.0,0.0
2015-10-22 00:00:00-04:00,40.1982940295971,40.310577392578125,40.1982940295971,40.310577392578125,1000,0.0,0.0,0.0
2015-10-23 00:00:00-04:00,40.872003349113555,41.05338718975665,40.81154206889919,40.975650787353516,12600,0.0,0.0,0.0
2015-10-26 00:00:00-04:00,40.906554643651496,40.949740802785776,40.84609336188496,40.941104888916016,9300,0.0,0.0,0.0
2015-10-27 00:00:00-04:00,40.75971494285011,40.854726463340626,40.716528786688734,40.78562927246094,1900,0.0,0.0,0.0
2015-10-28 00:00:00-04:00,40.86334964097599,41.13110568107234,40.86334964097599,41.11383056640625,1400,0.0,0.0,0.0
2015-10-29 00:00:00-04:00,41.26068657981503,41.30387273911618,41.226136334417006,41.23477554321289,2000,0.0,0.0,0.0
2015-10-30 00:00:00-04:00,41.32978039640222,41.32978039640222,41.036109924316406,41.036109924316406,5800,0.0,0.0,0.0
2015-11-02 00:00:00-05:00,41.087928517918044,41.45933532714844,41.087928517918044,41.45933532714844,4900,0.0,0.0,0.0
2015-11-03 00:00:00-05:00,41.502529816148744,41.8307505426843,41.502529816148744,41.71846389770508,5100,0.0,0.0,0.0
2015-11-04 00:00:00-05:00,41.701184859316626,41.701184859316626,41.48525079804031,41.58890151977539,9800,0.0,0.0,0.0
2015-11-05 00:00:00-05:00,41.52843527672712,41.58889654305804,41.41614865573033,41.4938850402832,4300,0.0,0.0,0.0
2015-11-06 00:00:00-05:00,41.47660992206124,41.545707100057186,41.338412271177454,41.4938850402832,700,0.0,0.0,0.0
2015-11-09 00:00:00-05:00,41.42479197069987,41.42479197069987,41.0274740652631,41.15703582763672,6400,0.0,0.0,0.0
2015-11-10 00:00:00-05:00,41.07066461432279,41.22613742784469,41.00156741658685,41.2088623046875,7500,0.0,0.0,0.0
2015-11-11 00:00:00-05:00,41.1915789933759,41.32114074385386,41.07929565751333,41.200218200683594,5700,0.0,0.0,0.0
2015-11-12 00:00:00-05:00,40.846095949838265,40.846095949838265,40.60424751255619,40.638797760009766,2600,0.0,0.0,0.0
2015-11-13 00:00:00-05:00,40.22419903030888,40.33648567132857,40.14646263189409,40.24147415161133,14400,0.0,0.0,0.0
2015-11-16 00:00:00-05:00,40.18102493408463,40.509245747555596,40.172385723394264,40.500606536865234,35400,0.0,0.0,0.0
2015-11-17 00:00:00-05:00,40.77699656314892,40.98429475861128,40.60424861607913,40.69062423706055,2100,0.0,0.0,0.0
2015-11-18 00:00:00-05:00,40.828831928168036,41.34707260131836,40.828831928168036,41.34707260131836,7100,0.0,0.0,0.0
2015-11-19 00:00:00-05:00,41.329776201627155,41.329776201627155,41.30386516977347,41.32114028930664,1100,0.0,0.0,0.0
2015-11-20 00:00:00-05:00,41.48525342981127,41.55435391535164,41.37297008314693,41.450706481933594,5100,0.0,0.0,0.0
2015-11-23 00:00:00-05:00,41.442068836183516,41.51116932432901,41.303871154785156,41.303871154785156,7000,0.0,0.0,0.0
2015-11-24 00:00:00-05:00,41.139760886786945,41.545714707212845,41.08793552263167,41.450706481933594,10500,0.0,0.0,0.0
2015-11-25 00:00:00-05:00,41.476622455017036,41.51117270190098,41.39024683780719,41.46798324584961,8900,0.0,0.0,0.0
2015-11-27 00:00:00-05:00,41.39888000488281,41.39888000488281,41.39888000488281,41.39888000488281,400,0.0,0.0,0.0
2015-11-30 00:00:00-05:00,41.26069098089772,41.442074846245575,41.23477994153178,41.28660202026367,2600,0.0,0.0,0.0
2015-12-01 00:00:00-05:00,41.459342490086065,41.580265045166016,41.398881212546094,41.580265045166016,8200,0.0,0.0,0.0
2015-12-02 00:00:00-05:00,41.67528408521842,41.683920000042704,41.28660202026367,41.28660202026367,30500,0.0,0.0,0.0
2015-12-03 00:00:00-05:00,41.079307556152344,41.079307556152344,41.079307556152344,41.079307556152344,400,0.0,0.0,0.0
2015-12-04 00:00:00-05:00,40.716529692329885,41.45934345644059,40.716529692329885,41.38160705566406,4200,0.0,0.0,0.0
2015-12-07 00:00:00-05:00,41.40751684939056,41.40751684939056,41.05338509978083,41.15703582763672,1500,0.0,0.0,0.0
2015-12-08 00:00:00-05:00,40.837455843047586,41.113851226815974,40.78563376789906,41.04475402832031,2700,0.0,0.0,0.0
2015-12-09 00:00:00-05:00,40.56968484962177,40.71651840209961,40.46603414739918,40.71651840209961,1400,0.0,0.0,0.0
2015-12-10 00:00:00-05:00,40.86335754394531,40.94972983908894,40.86335754394531,40.86335754394531,800,0.0,0.0,0.0
2015-12-11 00:00:00-05:00,40.276028621924006,40.276028621924006,39.956443786621094,39.956443786621094,13400,0.0,0.0,0.0
2015-12-14 00:00:00-05:00,39.956444359988204,40.04281997680664,39.585040739794,40.04281997680664,12400,0.0,0.0,0.0
2015-12-15 00:00:00-05:00,40.53514440529337,40.7942646336473,40.53514440529337,40.74243927001953,7600,0.0,0.0,0.0
2015-12-16 00:00:00-05:00,40.716537154421125,41.30387822462036,40.716537154421125,41.29524230957031,7300,0.0,0.0,0.0
2015-12-17 00:00:00-05:00,40.84608900430184,40.98428667572383,40.828813883512545,40.897911071777344,3200,0.0,0.0,0.0
2015-12-18 00:00:00-05:00,40.52651245277521,40.52651245277521,40.02554702758789,40.02554702758789,11600,0.0,0.0,0.0
2015-12-21 00:00:00-05:00,40.137826004512455,40.206923193600325,39.98235321044922,39.98235321044922,3700,0.0,0.0,0.0
2015-12-22 00:00:00-05:00,40.28466969894696,40.62152640564464,40.2501194482874,40.55242919921875,4100,0.0,0.0,0.0
2015-12-23 00:00:00-05:00,40.80289792114555,40.941095575874485,40.80289792114555,40.88063430786133,2600,0.0,0.0,0.0
2015-12-24 00:00:00-05:00,40.984891291464834,41.03701400756836,40.92408311290932,41.03701400756836,3800,0.27,0.0,0.0
2015-12-28 00:00:00-05:00,40.759022470638875,40.802459716796875,40.759022470638875,40.802459716796875,1300,0.0,0.0,0.0
2015-12-29 00:00:00-05:00,41.04569568975337,41.36711079163011,41.04569568975337,41.280242919921875,12100,0.0,0.0,0.0
2015-12-30 00:00:00-05:00,41.236808236314246,41.24549369780882,40.99357223510742,40.99357223510742,12200,0.0,0.0,0.0
2015-12-31 00:00:00-05:00,40.83721421811811,40.83721421811811,40.7329720938405,40.81984329223633,700,0.0,0.0,0.0
2016-01-04 00:00:00-05:00,39.89033979991148,39.977210998535156,39.56892464949736,39.977210998535156,11900,0.0,0.0,0.0
2016-01-05 00:00:00-05:00,40.09880768160108,40.09880768160108,39.85557507243248,40.09012222290039,5300,0.0,0.0,0.0
2016-01-06 00:00:00-05:00,39.40385818481445,39.647090813625695,39.36042426021188,39.40385818481445,4600,0.0,0.0,0.0
2016-01-07 00:00:00-05:00,38.79578477963325,39.256190481498955,38.526489065332306,38.604671478271484,9300,0.0,0.0,0.0
2016-01-08 00:00:00-05:00,38.86526831695135,38.917387698391394,38.222434997558594,38.222434997558594,9300,0.0,0.0,0.0
2016-01-11 00:00:00-05:00,38.04870361920818,38.344058990478516,37.89233881595939,38.344058990478516,5600,0.0,0.0,0.0
2016-01-12 00:00:00-05:00,38.674171245305914,38.674171245305914,38.19639127090886,38.6307373046875,4600,0.0,0.0,0.0
2016-01-13 00:00:00-05:00,38.734969669608525,38.76102936465704,37.59698215474129,37.60567092895508,6500,0.0,0.0,0.0
2016-01-14 00:00:00-05:00,37.536178644193356,38.56123541794361,37.536178644193356,38.50042724609375,1500,0.0,0.0,0.0
2016-01-15 00:00:00-05:00,37.23214550038494,37.53618642263919,36.99759822587557,37.458003997802734,73400,0.0,0.0,0.0
2016-01-19 00:00:00-05:00,37.84890380071751,37.88365227017675,37.23213337989982,37.649105072021484,11400,0.0,0.0,0.0
2016-01-20 00:00:00-05:00,36.89334572400455,37.258194728124536,36.207078333820846,37.067081451416016,10000,0.0,0.0,0.0
2016-01-21 00:00:00-05:00,37.1278976805247,37.518806430986956,36.78910501563533,37.27557373046875,9100,0.0,0.0,0.0
2016-01-22 00:00:00-05:00,37.80546823091968,37.90971032097932,37.788093996943694,37.874961853027344,149100,0.0,0.0,0.0
2016-01-25 00:00:00-05:00,37.86628457127167,37.86628457127167,37.39719009399414,37.39719009399414,2300,0.0,0.0,0.0
2016-01-26 00:00:00-05:00,37.55355397978821,37.94446603440163,37.55355397978821,37.90971755981445,17400,0.0,0.0,0.0
2016-01-27 00:00:00-05:00,37.779422474240114,38.040029452429124,37.379821572966286,37.458003997802734,2600,0.0,0.0,0.0
2016-01-28 00:00:00-05:00,37.85758668029461,37.85758668029461,37.449300512212496,37.788089752197266,3800,0.0,0.0,0.0
2016-01-29 00:00:00-05:00,37.87497695655012,38.59599304199219,37.87497695655012,38.59599304199219,7200,0.0,0.0,0.0
2016-02-01 00:00:00-05:00,38.22244363232179,38.674163818359375,38.22244363232179,38.674163818359375,600,0.0,0.0,0.0
2016-02-02 00:00:00-05:00,38.23980816734222,38.23980816734222,37.79677355463021,37.892330169677734,4300,0.0,0.0,0.0
2016-02-03 00:00:00-05:00,37.527495982134496,38.048709869384766,37.45799902980936,38.048709869384766,5500,0.0,0.0,0.0
2016-02-04 00:00:00-05:00,37.92707731859342,38.231118070672515,37.82283524842282,38.07475662231445,3400,0.0,0.0,0.0
2016-02-05 00:00:00-05:00,37.553551672253256,37.5969856059199,37.28425598144531,37.28425598144531,2300,0.0,0.0,0.0
2016-02-08 00:00:00-05:00,36.8933472173579,37.04102325439453,36.48506095106202,37.04102325439453,1300,0.0,0.0,0.0
2016-02-09 00:00:00-05:00,36.46768523873464,37.10182992241695,36.46768523873464,37.067081451416016,4200,0.0,0.0,0.0
2016-02-10 00:00:00-05:00,37.07576883598019,37.47536629611897,37.07576883598019,37.127891540527344,5300,0.0,0.0,0.0
2016-02-11 00:00:00-05:00,36.293939332970425,36.632728576660156,36.08545517399026,36.632728576660156,36100,0.0,0.0,0.0
2016-02-12 00:00:00-05:00,36.80647316651459,37.14526246157993,36.80647316651459,37.127891540527344,4300,0.0,0.0,0.0
2016-02-16 00:00:00-05:00,37.70991857884077,37.76204129041359,37.48406012295237,37.744667053222656,8500,0.0,0.0,0.0
2016-02-17 00:00:00-05:00,38.248509167493665,38.4830564141508,38.248509167493665,38.4135627746582,6500,0.0,0.0,0.0
2016-02-18 00:00:00-05:00,38.57860789032314,38.57860789032314,38.22244433700744,38.23981857299805,9100,0.0,0.0,0.0
2016-02-19 00:00:00-05:00,38.02264556848631,38.20507007557114,37.961837399458034,38.118202209472656,2700,0.0,0.0,0.0
2016-02-22 00:00:00-05:00,38.587289437977105,38.77840270069477,38.587289437977105,38.68284606933594,6900,0.0,0.0,0.0
2016-02-23 00:00:00-05:00,38.569926885637344,38.569926885637344,38.21376329117012,38.24850845336914,8000,0.0,0.0,0.0
2016-02-24 00:00:00-05:00,37.67516525177352,38.33537292480469,37.63173132128906,38.33537292480469,2200,0.0,0.0,0.0
2016-02-25 00:00:00-05:00,38.37880278381338,38.73496627807617,38.37880278381338,38.73496627807617,11800,0.0,0.0,0.0
2016-02-26 00:00:00-05:00,39.0911394046356,39.0911394046356,38.778409759191,38.79578399658203,5700,0.0,0.0,0.0
2016-02-29 00:00:00-05:00,38.856585059814215,38.856585059814215,38.46567307454519,38.56122970581055,4700,0.0,0.0,0.0
2016-03-01 00:00:00-05:00,38.71759711136134,39.360430565361476,38.64810348362425,39.351741790771484,6600,0.0,0.0,0.0
2016-03-02 00:00:00-05:00,39.256181001271074,39.50810241699219,39.24749554139623,39.50810241699219,4000,0.0,0.0,0.0
2016-03-03 00:00:00-05:00,39.43861601721502,39.5428581237793,39.3256851353889,39.5428581237793,3100,0.0,0.0,0.0
2016-03-04 00:00:00-05:00,39.68184258911454,39.881641309990556,39.63840866088867,39.63840866088867,4300,0.0,0.0,0.0
2016-03-07 00:00:00-05:00,39.59498596638403,39.82084444551592,39.55154871203803,39.71660232543945,2700,0.0,0.0,0.0
2016-03-08 00:00:00-05:00,39.56891476236934,39.638411703903,39.351741790771484,39.351741790771484,5300,0.0,0.0,0.0
2016-03-09 00:00:00-05:00,39.59497951723624,39.60366497841242,39.48204863916562,39.4907341003418,11300,0.0,0.0,0.0
2016-03-10 00:00:00-05:00,39.79477635539092,39.79477635539092,39.169317139181544,39.55154037475586,5200,0.0,0.0,0.0
2016-03-11 00:00:00-05:00,39.95113421770544,40.15961837768555,39.890322747765595,40.15961837768555,1600,0.0,0.0,0.0
2016-03-14 00:00:00-04:00,40.07275835316983,40.203060150146484,39.95114201713964,40.203060150146484,2200,0.0,0.0,0.0
2016-03-15 00:00:00-04:00,39.82083645933984,40.04669489317521,39.82083645933984,39.99457550048828,2200,0.0,0.0,0.0
2016-03-16 00:00:00-04:00,40.081434498593794,40.272547732964604,40.0293151174351,40.18567657470703,11800,0.0,0.0,0.0
2016-03-17 00:00:00-04:00,40.25517646695682,40.65477388299289,40.25517646695682,40.57659149169922,6800,0.0,0.0,0.0
2016-03-18 00:00:00-04:00,40.75902436509745,40.76771314025155,40.602662864088245,40.74165344238281,8200,0.0,0.0,0.0
2016-03-21 00:00:00-04:00,40.68952884162001,40.802459716796875,40.68952884162001,40.802459716796875,18500,0.0,0.0,0.0
2016-03-22 00:00:00-04:00,40.6200284905137,40.87194991638704,40.6200284905137,40.76770782470703,3300,0.0,0.0,0.0
2016-03-23 00:00:00-04:00,40.48973120584515,40.48973120584515,40.33336639404297,40.33336639404297,1300,0.0,0.0,0.0
2016-03-24 00:00:00-04:00,40.08144381411629,40.203060150146484,40.064069578426746,40.203060150146484,2200,0.0,0.0,0.0
2016-03-28 00:00:00-04:00,40.454981624534,40.454981624534,40.17700048090499,40.324676513671875,35600,0.0,0.0,0.0
2016-03-29 00:00:00-04:00,40.22912832395798,40.62003707885742,40.22912832395798,40.62003707885742,1500,0.0,0.0,0.0
2016-03-30 00:00:00-04:00,40.9761960534082,40.99357028936952,40.74165215242211,40.8111457824707,3600,0.0,0.0,0.0
2016-03-31 00:00:00-04:00,40.81114575680136,40.88932816167977,40.68952941894531,40.68952941894531,2300,0.0,0.0,0.0
2016-04-01 00:00:00-04:00,40.74165327798724,40.94145202636719,40.74165327798724,40.94145202636719,1500,0.0,0.0,0.0
2016-04-04 00:00:00-04:00,41.01962485313319,41.02831031242693,40.845885843094365,40.88063430786133,57100,0.0,0.0,0.0
2016-04-05 00:00:00-04:00,40.620015451466344,40.620015451466344,40.53314762191702,40.55052185058594,5100,0.0,0.0,0.0
2016-04-06 00:00:00-04:00,40.49841407516276,40.82851791381836,40.49841407516276,40.82851791381836,3600,0.0,0.0,0.0
2016-04-07 00:00:00-04:00,40.715583759600854,40.715583759600854,40.46366565595319,40.59396743774414,4000,0.0,0.0,0.0
2016-04-08 00:00:00-04:00,40.845886472085546,40.845886472085546,40.4462890625,40.4462890625,10900,0.0,0.0,0.0
2016-04-11 00:00:00-04:00,40.785085848966936,40.871953714473214,40.60266134312577,40.646095275878906,7700,0.0,0.0,0.0
2016-04-12 00:00:00-04:00,40.61134664734601,40.915387489240636,40.507104546381655,40.84589385986328,4300,0.0,0.0,0.0
2016-04-13 00:00:00-04:00,41.11517953219529,41.28022976134793,41.07174229639043,41.262855529785156,5500,0.0,0.0,0.0
2016-04-14 00:00:00-04:00,41.32367435373923,41.401856759061666,41.21943225124155,41.33236312866211,104200,0.0,0.0,0.0
2016-04-15 00:00:00-04:00,41.29761241503072,41.31498665013675,41.149933073527706,41.19336700439453,34700,0.0,0.0,0.0
2016-04-18 00:00:00-04:00,41.11518808688215,41.51478555458132,41.11518808688215,41.471351623535156,10500,0.0,0.0,0.0
2016-04-19 00:00:00-04:00,41.65377997360421,41.65377997360421,41.47135545806503,41.59297180175781,2700,0.0,0.0,0.0
2016-04-20 00:00:00-04:00,41.65378211023972,41.81883239746094,41.65378211023972,41.81883239746094,6200,0.0,0.0,0.0
2016-04-21 00:00:00-04:00,41.7058961222211,41.7058961222211,41.480037689208984,41.480037689208984,4200,0.0,0.0,0.0
2016-04-22 00:00:00-04:00,41.34972552949434,41.45397092430565,41.193360751073385,41.36709976196289,4500,0.0,0.0,0.0
2016-04-25 00:00:00-04:00,41.26285155793791,41.349719393594306,41.17598372228151,41.341033935546875,8400,0.0,0.0,0.0
2016-04-26 00:00:00-04:00,41.47134626657016,41.47134626657016,41.288918477666506,41.375789642333984,4900,0.0,0.0,0.0
2016-04-27 00:00:00-04:00,41.30629562855782,41.47134919618769,41.219427771549924,41.41053771972656,2600,0.0,0.0,0.0
2016-04-28 00:00:00-04:00,41.34104023912259,41.506090477554395,41.288917541503906,41.288917541503906,7800,0.0,0.0,0.0
2016-04-29 00:00:00-04:00,40.92407605292736,41.0109439176501,40.576597966443146,40.802459716796875,52400,0.0,0.0,0.0
2016-05-02 00:00:00-04:00,40.941458155146044,41.11519723177048,40.93276937872633,41.089134216308594,41600,0.0,0.0,0.0
2016-05-03 00:00:00-04:00,40.898013531909086,40.898013531909086,40.672151797153056,40.77639389038086,2800,0.0,0.0,0.0
2016-05-04 00:00:00-04:00,40.55052715777811,40.55052715777811,40.4984044649496,40.52446746826172,3000,0.0,0.0,0.0
2016-05-05 00:00:00-04:00,40.672157665982404,40.75034007563376,40.41155073841017,40.51579284667969,7700,0.0,0.0,0.0
2016-05-06 00:00:00-04:00,40.42022632246957,40.63739926134171,40.42022632246957,40.6113395690918,1400,0.0,0.0,0.0
2016-05-09 00:00:00-04:00,40.654776959005815,40.76770782470703,40.654776959005815,40.76770782470703,1000,0.0,0.0,0.0
2016-05-10 00:00:00-04:00,40.906707386599855,41.184688568115234,40.85458467239182,41.184688568115234,1600,0.0,0.0,0.0
2016-05-11 00:00:00-04:00,41.14993258254883,41.14993258254883,40.86326599121094,40.86326599121094,1200,0.0,0.0,0.0
2016-05-12 00:00:00-04:00,41.115187426547834,41.115187426547834,40.672152721121364,40.86326599121094,3600,0.0,0.0,0.0
2016-05-13 00:00:00-04:00,40.776402100734515,40.845899052743896,40.48973545818846,40.54185485839844,3200,0.0,0.0,0.0
2016-05-16 00:00:00-04:00,40.61135065981093,41.010948181152344,40.61135065981093,41.010948181152344,23100,0.0,0.0,0.0
2016-05-17 00:00:00-04:00,40.95013689063776,40.95013689063776,40.36811489042509,40.45498275756836,19700,0.0,0.0,0.0
2016-05-18 00:00:00-04:00,40.33335991504258,40.75033157493541,40.33335991504258,40.46366500854492,3600,0.0,0.0,0.0
2016-05-19 00:00:00-04:00,40.49841838316068,40.49841838316068,40.10750633709027,40.35074234008789,1400,0.0,0.0,0.0
2016-05-20 00:00:00-04:00,40.66347011651058,40.785086455546775,40.61134740815362,40.654781341552734,7400,0.0,0.0,0.0
2016-05-23 00:00:00-04:00,40.62003286931476,40.69821527495184,40.60266194699248,40.654781341552734,2800,0.0,0.0,0.0
2016-05-24 00:00:00-04:00,41.08043631637149,41.11518478393555,41.054373308800315,41.11518478393555,10800,0.0,0.0,0.0
2016-05-25 00:00:00-04:00,41.31498742330769,41.480037689208984,41.31498742330769,41.480037689208984,900,0.0,0.0,0.0
2016-05-26 00:00:00-04:00,41.38448695885609,41.497417848381275,41.367112720944746,41.462669372558594,4100,0.0,0.0,0.0
2016-05-27 00:00:00-04:00,41.45398030552324,41.506099700927734,41.445291530424655,41.506099700927734,4600,0.0,0.0,0.0
2016-05-31 00:00:00-04:00,41.636415287558336,41.70590893683918,41.34974528555619,41.53217315673828,2200,0.0,0.0,0.0
2016-06-01 00:00:00-04:00,41.60165996205227,41.60165996205227,41.45398391050145,41.462669372558594,9100,0.0,0.0,0.0
2016-06-02 00:00:00-04:00,41.514792098215715,41.645093911892616,41.497417860299386,41.584285736083984,6400,0.0,0.0,0.0
2016-06-03 00:00:00-04:00,41.584283630395085,41.60165786743164,41.488726983592464,41.60165786743164,2400,0.0,0.0,0.0
2016-06-06 00:00:00-04:00,41.77537708347091,41.79275131225586,41.671135024556506,41.79275131225586,65800,0.0,0.0,0.0
2016-06-07 00:00:00-04:00,41.79275078133752,41.99254943913334,41.79275078133752,41.90568161010742,2200,0.0,0.0,0.0
2016-06-08 00:00:00-04:00,41.85356946598938,41.94043731689453,41.85356946598938,41.94043731689453,700,0.0,0.0,0.0
2016-06-09 00:00:00-04:00,41.7406419791268,41.853572845458984,41.7406419791268,41.853572845458984,14300,0.0,0.0,0.0
2016-06-10 00:00:00-04:00,41.67983603093854,41.67983603093854,41.41922912953407,41.51478576660156,4400,0.0,0.0,0.0
2016-06-13 00:00:00-04:00,41.53215961826737,41.54084507892213,41.19336700439453,41.19336700439453,5000,0.0,0.0,0.0
2016-06-14 00:00:00-04:00,41.14993304188791,41.14993304188791,40.95882308346153,41.07175064086914,4500,0.0,0.0,0.0
2016-06-15 00:00:00-04:00,41.297603549490134,41.297603549490134,41.175987243652344,41.175987243652344,1500,0.0,0.0,0.0
2016-06-16 00:00:00-04:00,40.97620841989653,41.149947518146924,40.65479324210179,41.14126205444336,4600,0.0,0.0,0.0
2016-06-17 00:00:00-04:00,41.03700295412673,41.03700295412673,41.002254486083984,41.002254486083984,700,0.0,0.0,0.0
2016-06-20 00:00:00-04:00,41.42791896458525,41.488727137540394,41.280242919921875,41.280242919921875,5400,0.0,0.0,0.0
2016-06-21 00:00:00-04:00,41.341040070158066,41.40184822689999,41.26285768094759,41.36709976196289,4700,0.0,0.0,0.0
2016-06-22 00:00:00-04:00,41.54084965841001,41.54084965841001,41.35842514038086,41.35842514038086,2200,0.0,0.0,0.0
2016-06-23 00:00:00-04:00,41.679833778950304,41.731956481933594,41.58427714704579,41.731956481933594,6800,0.0,0.0,0.0
2016-06-24 00:00:00-04:00,40.40285812923998,40.993568876377054,40.26386756013694,40.39417266845703,20600,0.0,0.0,0.0
2016-06-27 00:00:00-04:00,40.0206211565303,40.0206211565303,39.56021567573654,39.69051742553711,3800,0.0,0.0,0.0
2016-06-28 00:00:00-04:00,40.02062881515288,40.39416653422901,40.02062881515288,40.368106842041016,14300,0.0,0.0,0.0
2016-06-29 00:00:00-04:00,40.71559556229242,41.14125612597821,40.71559556229242,41.03701400756836,10800,0.0,0.0,0.0
2016-06-30 00:00:00-04:00,41.106499312395,41.54084525044972,41.106499312395,41.471351623535156,9300,0.0,0.0,0.0
2016-07-01 00:00:00-04:00,41.62770191388545,41.8014409051275,41.62770191388545,41.636390686035156,3400,0.0,0.0,0.0
2016-07-05 00:00:00-04:00,41.49741461384669,41.49741461384669,41.323675562072516,41.349735260009766,106300,0.0,0.0,0.0
2016-07-06 00:00:00-04:00,41.30339418744904,41.65305388478147,41.21598093041693,41.626827239990234,4900,0.297,0.0,0.0
2016-07-07 00:00:00-04:00,41.71425364405424,41.87160021140622,41.53942375426285,41.6705436706543,4200,0.0,0.0,0.0
2016-07-08 00:00:00-04:00,41.924032921461304,42.23872595165803,41.924032921461304,42.17753601074219,7200,0.0,0.0,0.0
2016-07-11 00:00:00-04:00,42.326155945995914,42.509729175973405,42.326155945995914,42.457279205322266,3100,0.0,0.0,0.0
2016-07-12 00:00:00-04:00,42.58840780738366,42.71952774855606,42.56218115146644,42.62337112426758,12700,0.0,0.0,0.0
2016-07-13 00:00:00-04:00,42.69330442724226,42.69330442724226,42.52721783458252,42.62337112426758,30200,0.0,0.0,0.0
2016-07-14 00:00:00-04:00,42.89433666068142,42.95552660351021,42.79818008349281,42.903079986572266,5600,0.0,0.0,0.0
2016-07-15 00:00:00-04:00,43.05168874108525,43.05168874108525,42.754478979843924,42.84189224243164,5500,0.0,0.0,0.0
2016-07-18 00:00:00-04:00,42.85063493190011,42.99049815072083,42.85063493190011,42.97301483154297,3300,0.0,0.0,0.0
2016-07-19 00:00:00-04:00,42.833158185320436,42.93805478188145,42.833158185320436,42.89434814453125,4200,0.0,0.0,0.0
2016-07-20 00:00:00-04:00,43.02546908520713,43.14784899706973,43.02546908520713,43.069175720214844,3700,0.0,0.0,0.0
2016-07-21 00:00:00-04:00,43.095399687197094,43.095399687197094,42.938053131103516,42.938053131103516,2000,0.0,0.0,0.0
2016-07-22 00:00:00-04:00,42.95554612690488,43.09540939331055,42.938062801778756,43.09540939331055,9200,0.0,0.0,0.0
2016-07-25 00:00:00-04:00,43.0079907603593,43.0079907603593,42.85064418837117,42.929317474365234,7700,0.0,0.0,0.0
2016-07-26 00:00:00-04:00,42.973026338778624,43.0516996288449,42.84190307713381,42.86812973022461,4300,0.0,0.0,0.0
2016-07-27 00:00:00-04:00,43.03420808090077,43.03420808090077,42.81567157632504,42.88560485839844,1300,0.0,0.0,0.0
2016-07-28 00:00:00-04:00,42.83316030152646,42.973023548718764,42.83316030152646,42.946800231933594,5200,0.0,0.0,0.0
2016-07-29 00:00:00-04:00,43.086666107177734,43.1216327547593,43.06918278338695,43.086666107177734,3700,0.0,0.0,0.0
2016-08-01 00:00:00-04:00,43.06917085708287,43.095394168206006,42.964274277988196,42.99049758911133,1700,0.0,0.0,0.0
2016-08-02 00:00:00-04:00,43.016733024382575,43.016733024382575,42.632109902895714,42.8593864440918,5200,0.0,0.0,0.0
2016-08-03 00:00:00-04:00,42.81567975864607,42.87686972485284,42.81567975864607,42.86812973022461,800,0.0,0.0,0.0
2016-08-04 00:00:00-04:00,42.946800231933594,42.946800231933594,42.946800231933594,42.946800231933594,2100,0.0,0.0,0.0
2016-08-05 00:00:00-04:00,43.086654035079306,43.34015715711408,43.086654035079306,43.31393051147461,4200,0.0,0.0,0.0
2016-08-08 00:00:00-04:00,43.27022933959961,43.313935975042334,43.244006025254485,43.27022933959961,30500,0.0,0.0,0.0
2016-08-09 00:00:00-04:00,43.40135743986836,43.40135743986836,43.31394082459297,43.348907470703125,120000,0.0,0.0,0.0
2016-08-10 00:00:00-04:00,43.35763882557296,43.35763882557296,43.16532897949219,43.16532897949219,2700,0.0,0.0,0.0
2016-08-11 00:00:00-04:00,43.38386427411746,43.4712775349581,43.30519100552002,43.41008758544922,3300,0.0,0.0,0.0
2016-08-12 00:00:00-04:00,43.38386917114258,43.41883247866408,43.3401625357888,43.38386917114258,6700,0.0,0.0,0.0
2016-08-15 00:00:00-04:00,43.48876081954841,43.57617408031971,43.48876081954841,43.514984130859375,7600,0.0,0.0,0.0
2016-08-16 00:00:00-04:00,43.36638485124084,43.39260816492861,43.296451568603516,43.296451568603516,5500,0.0,0.0,0.0
2016-08-17 00:00:00-04:00,43.21777825152344,43.33141816839897,43.20903825850338,43.30519485473633,2900,0.0,0.0,0.0
2016-08-18 00:00:00-04:00,43.39260426636066,43.41882757769242,43.30519100552002,43.41008758544922,10200,0.0,0.0,0.0
2016-08-19 00:00:00-04:00,43.51499077484647,43.51499077484647,43.23526429614633,43.3314208984375,4900,0.0,0.0,0.0
2016-08-22 00:00:00-04:00,43.348907470703125,43.38387411681328,43.24401086697556,43.348907470703125,2800,0.0,0.0,0.0
2016-08-23 00:00:00-04:00,43.54121081131233,43.54121081131233,43.41008758544922,43.41008758544922,1500,0.0,0.0,0.0
2016-08-24 00:00:00-04:00,43.34015884060382,43.427572103858516,43.112879020778024,43.16532897949219,9500,0.0,0.0,0.0
2016-08-25 00:00:00-04:00,43.14785494001043,43.23526822206567,43.12163162231445,43.12163162231445,4000,0.0,0.0,0.0
2016-08-26 00:00:00-04:00,43.244001842277584,43.401348382333346,42.95553207397461,42.95553207397461,2300,0.0,0.0,0.0
2016-08-29 00:00:00-04:00,43.07791506226556,43.34016153755307,43.07791506226556,43.296451568603516,5000,0.0,0.0,0.0
2016-08-30 00:00:00-04:00,43.30520475241143,43.34017140168842,43.17408148492428,43.23527145385742,11000,0.0,0.0,0.0
2016-08-31 00:00:00-04:00,43.235267131168015,43.235267131168015,43.016730596941,43.14785385131836,3200,0.0,0.0,0.0
2016-09-01 00:00:00-04:00,43.10414452788468,43.139107836886126,43.06917788428056,43.112884521484375,2700,0.0,0.0,0.0
2016-09-02 00:00:00-04:00,43.34889714925915,43.34889714925915,43.27896387369007,43.31393051147461,2000,0.0,0.0,0.0
2016-09-06 00:00:00-04:00,43.366396721912665,43.47129333997952,43.29646342013252,43.401363372802734,3900,0.0,0.0,0.0
2016-09-07 00:00:00-04:00,43.497495382254236,43.50623870800128,43.35763218171715,43.45378875732422,3100,0.0,0.0,0.0
2016-09-08 00:00:00-04:00,43.375129134886635,43.42757910205292,43.35764581249787,43.39261245727539,3300,0.0,0.0,0.0
2016-09-09 00:00:00-04:00,43.086658873293096,43.086658873293096,42.43104934692383,42.43104934692383,11900,0.0,0.0,0.0
2016-09-12 00:00:00-04:00,42.19503826700899,43.034217834472656,42.19503826700899,43.034217834472656,6600,0.0,0.0,0.0
2016-09-13 00:00:00-04:00,42.667069176569065,42.667069176569065,42.33489274951994,42.43104934692383,6800,0.0,0.0,0.0
2016-09-14 00:00:00-04:00,42.527205379996616,42.61461864851156,42.40482213563227,42.44853210449219,4400,0.0,0.0,0.0
2016-09-15 00:00:00-04:00,42.387341894733964,42.88560485839844,42.387341894733964,42.88560485839844,1600,0.0,0.0,0.0
2016-09-16 00:00:00-04:00,42.71951020629746,42.798183472536024,42.605873637532234,42.69328689575195,4500,0.0,0.0,0.0
2016-09-19 00:00:00-04:00,42.71951020629746,42.78070015397167,42.59713031094903,42.69328689575195,4000,0.0,0.0,0.0
2016-09-20 00:00:00-04:00,42.82442701523042,42.82442701523042,42.69330374156052,42.754493713378906,2600,0.0,0.0,0.0
2016-09-21 00:00:00-04:00,42.920583842901024,43.07793045043945,42.7632372353626,43.07793045043945,41000,0.0,0.0,0.0
2016-09-22 00:00:00-04:00,43.36638585008056,43.436315799726096,43.3401625357888,43.38386917114258,4300,0.0,0.0,0.0
2016-09-23 00:00:00-04:00,43.235267697865076,43.24401102672637,43.11288777063034,43.13037109375,4600,0.0,0.0,0.0
2016-09-26 00:00:00-04:00,42.86705601673396,42.86705601673396,42.69151457771821,42.72662353515625,2300,0.2,0.0,0.0
2016-09-27 00:00:00-04:00,42.90216752998306,43.03382110595703,42.90216752998306,43.03382110595703,1900,0.0,0.0,0.0
2016-09-28 00:00:00-04:00,43.0250440171848,43.23569107055664,43.0250440171848,43.23569107055664,1900,0.0,0.0,0.0
2016-09-29 00:00:00-04:00,43.218148373994794,43.24447842376119,43.016273498535156,43.016273498535156,1400,0.0,0.0,0.0
2016-09-30 00:00:00-04:00,42.98994010439959,43.31468963623047,42.98994010439959,43.31468963623047,6300,0.0,0.0,0.0
2016-10-03 00:00:00-04:00,43.09525729564781,43.09525729564781,42.91971920581703,43.00748825073242,2500,0.0,0.0,0.0
2016-10-04 00:00:00-04:00,43.15669656730343,43.18302995948271,42.796838123815014,42.875831604003906,8500,0.0,0.0,0.0
2016-10-05 00:00:00-04:00,43.07770567517605,43.130365762256474,43.07770567517605,43.09525680541992,700,0.0,0.0,0.0
2016-10-06 00:00:00-04:00,43.016264083324636,43.11281204223633,42.94604951659078,43.11281204223633,3200,0.0,0.0,0.0
2016-10-07 00:00:00-04:00,42.94604466710442,43.077701568603516,42.94604466710442,43.077701568603516,1200,0.0,0.0,0.0
2016-10-10 00:00:00-04:00,43.15669453829804,43.288351448481194,43.15669453829804,43.25324249267578,2500,0.0,0.0,0.0
2016-10-11 00:00:00-04:00,42.82317149402364,42.82317149402364,42.56863657485952,42.72662353515625,2200,0.0,0.0,0.0
2016-10-12 00:00:00-04:00,42.761734025438194,42.91094207763672,42.7002950218065,42.91094207763672,2300,0.0,0.0,0.0
2016-10-13 00:00:00-04:00,42.472090902680776,42.7002957901401,42.32288284779745,42.6915168762207,4000,0.0,0.0,0.0
2016-10-14 00:00:00-04:00,42.86705296936956,42.89338301148909,42.656402587890625,42.656402587890625,6200,0.0,0.0,0.0
2016-10-17 00:00:00-04:00,42.559866347095024,42.60375087530898,42.524757385253906,42.524757385253906,2200,0.0,0.0,0.0
2016-10-18 00:00:00-04:00,42.81439539585014,42.81439539585014,42.72662634465822,42.75295639038086,1700,0.0,0.0,0.0
2016-10-19 00:00:00-04:00,42.9021675168688,42.91972199662823,42.884613037109375,42.884613037109375,8900,0.0,0.0,0.0
2016-10-20 00:00:00-04:00,42.73540798605141,42.8407348802653,42.691523454216544,42.805625915527344,3500,0.0,0.0,0.0
2016-10-21 00:00:00-04:00,42.62129268519267,42.84949417296735,42.62129268519267,42.831939697265625,5900,0.0,0.0,0.0
2016-10-24 00:00:00-04:00,42.99872337358617,42.99872337358617,42.92850544166042,42.98994445800781,2000,0.0,0.0,0.0
2016-10-25 00:00:00-04:00,42.9636111002408,43.051380160216155,42.88461760699297,42.90217208862305,30300,0.0,0.0,0.0
2016-10-26 00:00:00-04:00,42.70907793658552,42.919728376838144,42.68274788711963,42.805625915527344,7200,0.0,0.0,0.0
2016-10-27 00:00:00-04:00,42.981158969365055,42.981158969365055,42.788063049316406,42.788063049316406,2400,0.0,0.0,0.0
2016-10-28 00:00:00-04:00,42.71784004797527,42.77928239100054,42.43697511489163,42.70906448364258,154600,0.0,0.0,0.0
2016-10-31 00:00:00-04:00,42.603763580322266,42.67397817676856,42.55987903902135,42.603763580322266,4800,0.0,0.0,0.0
2016-11-01 00:00:00-04:00,42.612514656422995,42.612514656422995,42.04200925107531,42.18244171142578,5300,0.0,0.0,0.0
2016-11-02 00:00:00-04:00,42.147351064406024,42.279004669815514,42.02447302675367,42.1649055480957,11100,0.0,0.0,0.0
2016-11-03 00:00:00-04:00,42.1649055480957,42.1649055480957,42.1649055480957,42.1649055480957,0,0.0,0.0,0.0
2016-11-04 00:00:00-04:00,41.87525764238243,42.03324463252254,41.734825134277344,41.734825134277344,1600,0.0,0.0,0.0
2016-11-07 00:00:00-05:00,42.52476755491784,42.66520008769144,42.52476755491784,42.5949821472168,2600,0.0,0.0,0.0
2016-11-08 00:00:00-05:00,42.55108461802954,42.89338860290176,42.55108461802954,42.884613037109375,900,0.0,0.0,0.0
2016-11-09 00:00:00-05:00,42.384323286295405,43.54289219792389,42.384323286295405,43.43756866455078,12000,0.0,0.0,0.0
2016-11-10 00:00:00-05:00,43.63066103254357,43.6657699928837,43.25324807932396,43.393680572509766,1100,0.0,0.0,0.0
2016-11-11 00:00:00-05:00,43.40246486256492,43.40246486256492,43.139154323749416,43.19181442260742,2800,0.0,0.0,0.0
2016-11-14 00:00:00-05:00,43.40245640900897,43.40245640900897,43.19180601008014,43.26202392578125,2400,0.0,0.0,0.0
2016-11-15 00:00:00-05:00,43.29713567484732,43.569221745293305,43.29713567484732,43.52533721923828,30200,0.0,0.0,0.0
2016-11-16 00:00:00-05:00,43.43757728425077,43.560455322265625,43.43757728425077,43.560455322265625,7100,0.0,0.0,0.0
2016-11-17 00:00:00-05:00,43.613100694348994,43.771087646484375,43.613100694348994,43.771087646484375,65700,0.0,0.0,0.0
2016-11-18 00:00:00-05:00,43.74475556667012,43.74475556667012,43.62187757588151,43.674537658691406,10800,0.0,0.0,0.0
2016-11-21 00:00:00-05:00,43.867648024273834,43.990526055585555,43.78865452583412,43.98175048828125,8100,0.0,0.0,0.0
2016-11-22 00:00:00-05:00,44.09584862395006,44.09584862395006,43.885198199395994,44.069515228271484,8800,0.0,0.0,0.0
2016-11-23 00:00:00-05:00,43.93785579227683,44.06950936044047,43.902746834830076,44.060733795166016,3800,0.0,0.0,0.0
2016-11-25 00:00:00-05:00,44.20994262179708,44.22749710083008,44.095843530344425,44.22749710083008,1600,0.0,0.0,0.0
2016-11-28 00:00:00-05:00,44.095852952288666,44.15729196794453,43.98175048828125,43.98175048828125,3900,0.0,0.0,0.0
2016-11-29 00:00:00-05:00,44.13094987927819,44.16605883793213,44.09584426879883,44.09584426879883,4500,0.0,0.0,0.0
2016-11-30 00:00:00-05:00,44.209937010456244,44.209937010456244,44.087059020996094,44.087059020996094,6200,0.0,0.0,0.0
2016-12-01 00:00:00-05:00,43.823767110557,43.88520613128676,43.788658142089844,43.788658142089844,2400,0.0,0.0,0.0
2016-12-02 00:00:00-05:00,43.88518853833607,43.946627534435805,43.75353163345139,43.82374954223633,4400,0.0,0.0,0.0
2016-12-05 00:00:00-05:00,44.025624837719256,44.13972727533398,44.00807035899588,44.060733795166016,3300,0.0,0.0,0.0
2016-12-06 00:00:00-05:00,44.09584963081559,44.20117317141008,44.03440727161257,44.1923942565918,9900,0.0,0.0,0.0
2016-12-07 00:00:00-05:00,44.1660669153164,44.543479919433594,44.1309579502415,44.543479919433594,6300,0.0,0.0,0.0
2016-12-08 00:00:00-05:00,44.71023937319949,44.92966536740121,44.71023937319949,44.798011779785156,5900,0.0,0.0,0.0
2016-12-09 00:00:00-05:00,44.86822406645039,45.140313490713915,44.86822406645039,45.131534576416016,2000,0.0,0.0,0.0
2016-12-12 00:00:00-05:00,45.1929746287284,45.1929746287284,45.105202231096634,45.16664123535156,4100,0.0,0.0,0.0
2016-12-13 00:00:00-05:00,45.280747721912604,45.605497251714866,45.280747721912604,45.508949279785156,4700,0.0,0.0,0.0
2016-12-14 00:00:00-05:00,45.48262429534513,45.587947845458984,45.44751532924875,45.587947845458984,1800,0.0,0.0,0.0
2016-12-15 00:00:00-05:00,45.254411352866086,45.37728935518481,45.24563243945792,45.350955963134766,3000,0.0,0.0,0.0
2016-12-16 00:00:00-05:00,45.44750466081092,45.491392532216715,45.21052421755255,45.219303131103516,7500,0.0,0.0,0.0
2016-12-19 00:00:00-05:00,45.324623107910156,45.4299466250541,45.2807385881147,45.324623107910156,26100,0.0,0.0,0.0
2016-12-20 00:00:00-05:00,45.44751052125035,45.55283740839671,45.43873495474229,45.465065002441406,4000,0.0,0.0,0.0
2016-12-21 00:00:00-05:00,45.47383934415364,45.49139382357937,45.438730385302165,45.447505950927734,3400,0.0,0.0,0.0
2016-12-22 00:00:00-05:00,45.351353566850236,45.38664039175712,45.263139869719886,45.31606674194336,5600,0.261,0.0,0.0
2016-12-23 00:00:00-05:00,45.333713092750635,45.404286747138705,45.333713092750635,45.351356506347656,17100,0.0,0.0,0.0
2016-12-27 00:00:00-05:00,45.44838583189465,45.59834977413639,45.44838583189465,45.49249267578125,8800,0.0,0.0,0.0
2016-12-28 00:00:00-05:00,45.54541975302791,45.55423977513975,45.18373827398966,45.20138168334961,4100,0.0,0.0,0.0
2016-12-29 00:00:00-05:00,45.20138474017739,45.20138474017739,45.06024082088896,45.08670425415039,8900,0.0,0.0,0.0
2016-12-30 00:00:00-05:00,44.954384287339586,44.99849113500981,44.83970715642435,44.93674087524414,4500,0.0,0.0,0.0
2017-01-03 00:00:00-05:00,45.263153962358246,45.34254766054945,45.09554317443354,45.227867126464844,5600,0.0,0.0,0.0
2017-01-04 00:00:00-05:00,45.421922398589984,45.536599519667845,45.421922398589984,45.49249267578125,5400,0.0,0.0,0.0
2017-01-05 00:00:00-05:00,45.56308453424617,45.56308453424617,45.38665372302619,45.52779769897461,2000,0.0,0.0,0.0
2017-01-06 00:00:00-05:00,45.61600435330684,45.78361511230469,45.53661066881768,45.78361511230469,1400,0.0,0.0,0.0
2017-01-09 00:00:00-05:00,45.61599262872911,45.68656627019667,45.607172606113885,45.65127944946289,4400,0.0,0.0,0.0
2017-01-10 00:00:00-05:00,45.62482158456169,45.783608932105764,45.571891347001376,45.589534759521484,2200,0.0,0.0,0.0
2017-01-11 00:00:00-05:00,45.52778462877135,45.52778462877135,45.43074754220106,45.43956756591797,4100,0.0,0.0,0.0
2017-01-12 00:00:00-05:00,45.5542441160553,45.58070755004883,45.368993347827505,45.58070755004883,4300,0.0,0.0,0.0
2017-01-13 00:00:00-05:00,45.69538291674138,45.721849712904515,45.6424560546875,45.6424560546875,1500,0.0,0.0,0.0
2017-01-17 00:00:00-05:00,45.554258656045036,45.60718890606291,45.457221546914425,45.48368835449219,5600,0.0,0.0,0.0
2017-01-18 00:00:00-05:00,45.53660921521072,45.616002897165494,45.49250236193299,45.56307601928711,5000,0.0,0.0,0.0
2017-01-19 00:00:00-05:00,45.65128088783413,45.65128088783413,45.46603012084961,45.46603012084961,1600,0.0,0.0,0.0
2017-01-20 00:00:00-05:00,45.633642485112055,45.68657272368943,45.53660539695533,45.55424880981445,7600,0.0,0.0,0.0
2017-01-23 00:00:00-05:00,45.59834977413639,45.59834977413639,45.39545560014884,45.49249267578125,5200,0.0,0.0,0.0
2017-01-24 00:00:00-05:00,45.545421794026616,45.80124282836914,45.50131495121835,45.80124282836914,14000,0.0,0.0,0.0
2017-01-25 00:00:00-05:00,45.97767670123353,46.11882062693036,45.96885667812475,46.10117721557617,6200,0.0,0.0,0.0
2017-01-26 00:00:00-05:00,46.012958092193436,46.136458591957066,46.012958092193436,46.030601501464844,9100,0.0,0.0,0.0
2017-01-27 00:00:00-05:00,46.18939221041167,46.18939221041167,46.0129614698825,46.048248291015625,1000,0.0,0.0,0.0
2017-01-30 00:00:00-05:00,45.8718254338014,45.8718254338014,45.59835757072747,45.757144927978516,6500,0.0,0.0,0.0
2017-01-31 00:00:00-05:00,45.668921547026656,45.70420836674607,45.483670791204204,45.69538497924805,11900,0.0,0.0,0.0
2017-02-01 00:00:00-05:00,45.9159372834675,45.9159372834675,45.686579611991775,45.85418701171875,2300,0.0,0.0,0.0
2017-02-02 00:00:00-05:00,45.810066658612065,45.810066658612065,45.69538617409344,45.792423248291016,2700,0.0,0.0,0.0
2017-02-03 00:00:00-05:00,46.004150237848805,46.136470794677734,45.99532684831127,46.136470794677734,3200,0.0,0.0,0.0
2017-02-06 00:00:00-05:00,45.99531467535481,46.03942151595796,45.942387812685524,46.02177810668945,3800,0.0,0.0,0.0
2017-02-07 00:00:00-05:00,46.14529595339617,46.14529595339617,46.01297202635691,46.08354568481445,5200,0.0,0.0,0.0
2017-02-08 00:00:00-05:00,46.04824697821007,46.09235382080078,45.96002992789225,46.09235382080078,3900,0.0,0.0,0.0
2017-02-09 00:00:00-05:00,46.18939738255032,46.4011116027832,46.18939738255032,46.4011116027832,5900,0.0,0.0,0.0
2017-02-10 00:00:00-05:00,46.58637413894861,46.58637413894861,46.51580047607422,46.51580047607422,1300,0.0,0.0,0.0
2017-02-13 00:00:00-05:00,46.64812321086601,46.85983746376561,46.64812321086601,46.8333740234375,7000,0.0,0.0,0.0
2017-02-14 00:00:00-05:00,46.753975074020225,47.05390636947791,46.753975074020225,47.027442932128906,7200,0.0,0.0,0.0
2017-02-15 00:00:00-05:00,47.00979089874624,47.19504165649414,47.00979089874624,47.19504165649414,1800,0.0,0.0,0.0
2017-02-16 00:00:00-05:00,47.27444751038612,47.30091094970703,47.20387385201401,47.30091094970703,9000,0.0,0.0,0.0
2017-02-17 00:00:00-05:00,47.28325784585215,47.31854466780724,47.13329390024784,47.23915100097656,4800,0.0,0.0,0.0
2017-02-21 00:00:00-05:00,47.61848919811084,47.697882887073014,47.53027548376952,47.59202575683594,3900,0.0,0.0,0.0
2017-02-22 00:00:00-05:00,47.55673042034959,47.671410920594674,47.53908700760905,47.61848068237305,6900,0.0,0.0,0.0
2017-02-23 00:00:00-05:00,47.724335160033846,47.724335160033846,47.52144097241956,47.71551513671875,3100,0.0,0.0,0.0
2017-02-24 00:00:00-05:00,47.58318753881583,47.60965433698084,47.51261726236084,47.56554412841797,2600,0.0,0.0,0.0
2017-02-27 00:00:00-05:00,47.803734709088296,47.803734709088296,47.71552100454241,47.77727127075195,1200,0.0,0.0,0.0
2017-02-28 00:00:00-05:00,47.706701572978446,47.74198503615298,47.60966447768985,47.6273078918457,76300,0.0,0.0,0.0
2017-03-01 00:00:00-05:00,48.094847445020555,48.43888561434015,48.094847445020555,48.40359878540039,8000,0.0,0.0,0.0
2017-03-02 00:00:00-05:00,48.359490031406715,48.359490031406715,48.20952606201172,48.20952606201172,1300,0.0,0.0,0.0
2017-03-03 00:00:00-05:00,48.138954607242404,48.138954607242404,48.02427409502158,48.13013458251953,6700,0.0,0.0,0.0
2017-03-06 00:00:00-05:00,47.98016138035405,48.112485290994485,47.90076770699715,48.05955505371094,10400,0.0,0.0,0.0
2017-03-07 00:00:00-05:00,47.91841638812283,48.01545348457694,47.86548614501953,47.86548614501953,3700,0.0,0.0,0.0
2017-03-08 00:00:00-05:00,47.97134074434287,47.98898415654549,47.80373001098633,47.80373001098633,4300,0.0,0.0,0.0
2017-03-09 00:00:00-05:00,47.8654797074742,47.97134017944336,47.75962260064179,47.97134017944336,2500,0.0,0.0,0.0
2017-03-10 00:00:00-05:00,48.20070752822991,48.20070752822991,47.92724299998774,48.03310012817383,3300,0.0,0.0,0.0
2017-03-13 00:00:00-04:00,48.130136348618585,48.130136348618585,48.00663244200577,48.06838607788086,2800,0.0,0.0,0.0
2017-03-14 00:00:00-04:00,47.88313205826274,47.927242279052734,47.812561762246034,47.927242279052734,3100,0.0,0.0,0.0
2017-03-15 00:00:00-04:00,48.00661372325293,48.33301173004012,48.00661372325293,48.19186782836914,2700,0.0,0.0,0.0
2017-03-16 00:00:00-04:00,48.28009634665348,48.35067000175187,48.13013237727503,48.20070266723633,2100,0.0,0.0,0.0
2017-03-17 00:00:00-04:00,48.350667499092,48.350667499092,48.10366308416981,48.156593322753906,5600,0.0,0.0,0.0
2017-03-20 00:00:00-04:00,47.997806549072266,47.997806549072266,47.997806549072266,47.997806549072266,500,0.0,0.0,0.0
2017-03-21 00:00:00-04:00,47.72433497604934,47.72433497604934,47.442047119140625,47.442047119140625,6000,0.0,0.0,0.0
2017-03-22 00:00:00-04:00,47.39793091831836,47.57436163535127,47.38911089677792,47.512611389160156,36200,0.0,0.0,0.0
2017-03-23 00:00:00-04:00,47.45969141170648,47.68905240291226,47.415584564208984,47.415584564208984,3500,0.0,0.0,0.0
2017-03-24 00:00:00-04:00,47.51129373185462,47.59105541133294,47.28973388671875,47.28973388671875,3500,0.248,0.0,0.0
2017-03-27 00:00:00-04:00,47.02387584039742,47.43154525756836,47.02387584039742,47.43154525756836,2100,0.0,0.0,0.0
2017-03-28 00:00:00-04:00,47.3163231321046,47.78602895318566,47.3163231321046,47.73285675048828,29400,0.0,0.0,0.0
2017-03-29 00:00:00-04:00,47.6619669848321,47.76831817626953,47.6619669848321,47.76831817626953,3200,0.0,0.0,0.0
2017-03-30 00:00:00-04:00,47.75946425626703,47.91012678648097,47.75946425626703,47.88353729248047,10500,0.0,0.0,0.0
2017-03-31 00:00:00-04:00,47.82148338819832,47.839208584175516,47.77717208862305,47.77717208862305,1800,0.0,0.0,0.0
2017-04-03 00:00:00-04:00,47.7949015142683,47.7949015142683,47.555616418503455,47.74172592163086,11500,0.0,0.0,0.0
2017-04-04 00:00:00-04:00,47.65310607591362,47.81262948233382,47.62651996842224,47.76831817626953,2200,0.0,0.0,0.0
2017-04-05 00:00:00-04:00,47.936693082419424,48.078491262434056,47.62651062011719,47.62651062011719,2900,0.0,0.0,0.0
2017-04-06 00:00:00-04:00,47.70626958069752,47.83034255852619,47.66195490512863,47.72399139404297,3600,0.0,0.0,0.0
2017-04-07 00:00:00-04:00,47.608786325618446,47.80375671386719,47.608786325618446,47.80375671386719,1300,0.0,0.0,0.0
2017-04-10 00:00:00-04:00,47.856931438606,47.910107023935815,47.61764637572473,47.75058364868164,6000,0.0,0.0,0.0
2017-04-11 00:00:00-04:00,47.37835805478827,47.53788141907255,47.37835805478827,47.511295318603516,1200,0.0,0.0,0.0
2017-04-12 00:00:00-04:00,47.5644738649138,47.5644738649138,47.4049538600837,47.458126068115234,23400,0.0,0.0,0.0
2017-04-13 00:00:00-04:00,47.44040080049251,47.55561288561335,47.20998001098633,47.20998001098633,6700,0.0,0.0,0.0
2017-04-17 00:00:00-04:00,47.236571674852826,47.47585678100586,47.236571674852826,47.47585678100586,6800,0.0,0.0,0.0
2017-04-18 00:00:00-04:00,47.39608893831065,47.52016192970711,47.30746633895188,47.44926452636719,3600,0.0,0.0,0.0
2017-04-19 00:00:00-04:00,47.51129991227498,47.5467503034846,47.31632614135742,47.31632614135742,4300,0.0,0.0,0.0
2017-04-20 00:00:00-04:00,47.458130365325395,47.75059105892239,47.458130365325395,47.70627975463867,6000,0.0,0.0,0.0
2017-04-21 00:00:00-04:00,47.493573712340606,47.5999215029852,47.458123321880635,47.46698760986328,7000,0.0,0.0,0.0
2017-04-24 00:00:00-04:00,47.98100791300031,48.087355710658684,47.936696612370625,48.034183502197266,68500,0.0,0.0,0.0
2017-04-25 00:00:00-04:00,48.255750248409605,48.415273657950344,48.255750248409605,48.35323715209961,5900,0.0,0.0,0.0
2017-04-26 00:00:00-04:00,48.3886697648529,48.468431445879794,48.379808858398796,48.406394958496094,5000,0.0,0.0,0.0
2017-04-27 00:00:00-04:00,48.31778124231138,48.41526813488038,48.30005604541378,48.335506439208984,5200,0.0,0.0,0.0
2017-04-28 00:00:00-04:00,48.362087658280146,48.362087658280146,48.308912072959544,48.326637268066406,2200,0.0,0.0,0.0
2017-05-01 00:00:00-04:00,48.406396890267544,48.52160896317865,48.3620855947587,48.46843338012695,27600,0.0,0.0,0.0
2017-05-02 00:00:00-04:00,48.424119341835215,48.477294921875,48.406394148488616,48.477294921875,1100,0.0,0.0,0.0
2017-05-03 00:00:00-04:00,48.362094465636176,48.459581362078374,48.31778316199948,48.397544860839844,10100,0.0,0.0,0.0
2017-05-04 00:00:00-04:00,48.53933204435973,48.53933204435973,48.34435829572688,48.48615646362305,2900,0.0,0.0,0.0
2017-05-05 00:00:00-04:00,48.521621504402795,48.601383209228516,48.4950353963729,48.601383209228516,900,0.0,0.0,0.0
2017-05-08 00:00:00-04:00,48.654545465401924,48.66340637207031,48.57478378244612,48.66340637207031,7000,0.0,0.0,0.0
2017-05-09 00:00:00-04:00,48.7431761099139,48.7431761099139,48.62796401977539,48.62796401977539,3500,0.0,0.0,0.0
2017-05-10 00:00:00-04:00,48.53046798706055,48.610229668175855,48.53046798706055,48.53046798706055,4000,0.0,0.0,0.0
2017-05-11 00:00:00-04:00,48.50388358990852,48.548194885253906,48.406396711707586,48.548194885253906,3300,0.0,0.0,0.0
2017-05-12 00:00:00-04:00,48.53933415752922,48.54819506433693,48.45957247331924,48.46843338012695,2700,0.0,0.0,0.0
2017-05-15 00:00:00-04:00,48.672261990471185,48.7431627590552,48.672261990471185,48.68998718261719,2500,0.0,0.0,0.0
2017-05-16 00:00:00-04:00,48.79634727807769,48.79634727807769,48.654549095657956,48.74317169189453,10800,0.0,0.0,0.0
2017-05-17 00:00:00-04:00,48.424122068137606,48.424122068137606,47.89237976074219,47.89237976074219,4100,0.0,0.0,0.0
2017-05-18 00:00:00-04:00,48.03418644274267,48.03418644274267,47.9366995469481,47.945560455322266,1600,0.0,0.0,0.0
2017-05-19 00:00:00-04:00,48.11394168825458,48.39753804849388,48.11394168825458,48.326637268066406,2900,0.0,0.0,0.0
2017-05-22 00:00:00-04:00,48.415260365867795,48.610230738984,48.415260365867795,48.53933334350586,6800,0.0,0.0,0.0
2017-05-23 00:00:00-04:00,48.6191060968177,48.69886779785156,48.6191060968177,48.69886779785156,2700,0.0,0.0,0.0
2017-05-24 00:00:00-04:00,48.707727445195125,48.7697639465332,48.707727445195125,48.7697639465332,1600,0.0,0.0,0.0
2017-05-25 00:00:00-04:00,48.92042163839792,49.07994502069018,48.92042163839792,49.04449462890625,4000,0.0,0.0,0.0
2017-05-26 00:00:00-04:00,49.017907891495476,49.088805293411,49.017907891495476,49.0356330871582,4700,0.0,0.0,0.0
2017-05-30 00:00:00-04:00,48.90269644250595,49.06221982479821,48.90269644250595,49.04449462890625,31400,0.0,0.0,0.0
2017-05-31 00:00:00-04:00,48.86724072842965,48.94700241088867,48.86724072842965,48.94700241088867,1400,0.0,0.0,0.0
2017-06-01 00:00:00-04:00,49.062219045480845,49.27491463133506,49.062219045480845,49.23946762084961,8400,0.0,0.0,0.0
2017-06-02 00:00:00-04:00,49.407847545352055,49.4787483215332,49.38126144465166,49.4787483215332,1500,0.0,0.0,0.0
2017-06-05 00:00:00-04:00,49.55851300740588,49.55851300740588,49.514201706952335,49.549652099609375,5200,0.0,0.0,0.0
2017-06-06 00:00:00-04:00,49.40785239719203,49.45216369628906,49.40785239719203,49.45216369628906,1000,0.0,0.0,0.0
2017-06-07 00:00:00-04:00,49.41671478251918,49.42557907104492,49.35467828578105,49.42557907104492,1900,0.0,0.0,0.0
2017-06-08 00:00:00-04:00,49.54080092515786,49.54080092515786,49.38127750759494,49.40786361694336,1100,0.0,0.0,0.0
2017-06-09 00:00:00-04:00,49.67372293533118,49.72689852200677,49.443302154541016,49.443302154541016,1700,0.0,0.0,0.0
2017-06-12 00:00:00-04:00,49.328086217998255,49.328086217998255,49.3192253112793,49.3192253112793,2900,0.0,0.0,0.0
2017-06-13 00:00:00-04:00,49.46989251668499,49.58510460736709,49.381269911997634,49.53192901611328,4000,0.0,0.0,0.0
2017-06-14 00:00:00-04:00,49.6205550015363,49.6205550015363,49.43444212251578,49.53192901611328,3300,0.0,0.0,0.0
2017-06-15 00:00:00-04:00,49.31036399523358,49.398989971439235,49.23060230701614,49.35467529296875,4200,0.0,0.0,0.0
2017-06-16 00:00:00-04:00,49.310371204174515,49.390132904052734,49.2040233979155,49.390132904052734,4700,0.0,0.0,0.0
2017-06-19 00:00:00-04:00,49.70030662893412,49.8332405090332,49.70030662893412,49.8332405090332,3100,0.0,0.0,0.0
2017-06-20 00:00:00-04:00,49.6914488071843,49.78007140544773,49.576236724853516,49.576236724853516,2400,0.0,0.0,0.0
2017-06-21 00:00:00-04:00,49.76235129855715,49.76235129855715,49.53192712598589,49.593963623046875,6100,0.0,0.0,0.0
2017-06-22 00:00:00-04:00,49.59397166931996,49.67373337572994,49.54966036147799,49.55852127075195,2800,0.0,0.0,0.0
2017-06-23 00:00:00-04:00,49.70917741446166,49.70917741446166,49.549654022051264,49.611690521240234,2100,0.0,0.0,0.0
2017-06-26 00:00:00-04:00,49.780079937161084,49.780079937161084,49.62942081814499,49.66487121582031,10300,0.0,0.0,0.0
2017-06-27 00:00:00-04:00,49.50533559655097,49.55850779921305,49.24832534790039,49.24832534790039,1000,0.0,0.0,0.0
2017-06-28 00:00:00-04:00,49.60282602351533,49.66486251821493,49.585100827781815,49.65599822998047,2000,0.0,0.0,0.0
2017-06-29 00:00:00-04:00,49.73576448516031,49.73576448516031,49.009048297065206,49.21288299560547,8900,0.0,0.0,0.0
2017-06-30 00:00:00-04:00,49.602824645609275,49.602824645609275,49.248327502257276,49.35467529296875,3000,0.0,0.0,0.0
2017-07-03 00:00:00-04:00,49.56737284490171,49.611684141376195,49.452160769479875,49.54078674316406,13100,0.0,0.0,0.0
2017-07-05 00:00:00-04:00,49.47876441618741,49.53193663488427,49.35468801751033,49.40786361694336,4400,0.0,0.0,0.0
2017-07-06 00:00:00-04:00,49.34283567071,49.34283567071,49.057823181152344,49.057823181152344,1600,0.277,0.0,0.0
2017-07-07 00:00:00-04:00,49.16470133384515,49.387367550576684,49.13797907745793,49.36064529418945,2900,0.0,0.0,0.0
2017-07-10 00:00:00-04:00,49.48534330583768,49.48534330583768,49.4408073425293,49.4408073425293,700,0.0,0.0,0.0
2017-07-11 00:00:00-04:00,49.39627270429454,49.431900114399625,49.22704760272064,49.36064529418945,23400,0.0,0.0,0.0
2017-07-12 00:00:00-04:00,49.65456022541939,49.77925274783769,49.61002766707234,49.770347595214844,26200,0.0,0.0,0.0
2017-07-13 00:00:00-04:00,49.788166560547594,49.832699123601614,49.752539151057675,49.80597686767578,6300,0.0,0.0,0.0
2017-07-14 00:00:00-04:00,49.80597926877293,50.04645919799805,49.80597926877293,50.04645919799805,4000,0.0,0.0,0.0
2017-07-17 00:00:00-04:00,50.09099206165874,50.09099206165874,49.97520468120671,50.019737243652344,22000,0.0,0.0,0.0
2017-07-18 00:00:00-04:00,49.94848193188597,50.09098815917969,49.86832196668223,50.09098815917969,10700,0.0,0.0,0.0
2017-07-19 00:00:00-04:00,50.0019249269636,50.33146997534795,50.0019249269636,50.31365966796875,34200,0.0,0.0,0.0
2017-07-20 00:00:00-04:00,50.447259435879815,50.447259435879815,50.33147204744723,50.393821716308594,3500,0.0,0.0,0.0
2017-07-21 00:00:00-04:00,50.19787228430302,50.31365966796875,50.19787228430302,50.31365966796875,4700,0.0,0.0,0.0
2017-07-24 00:00:00-04:00,50.304739970580265,50.3403673726783,50.22458001466772,50.28692626953125,3100,0.0,0.0,0.0
2017-07-25 00:00:00-04:00,50.47398262913624,50.48289118157427,50.41163635253906,50.41163635253906,3600,0.0,0.0,0.0
2017-07-26 00:00:00-04:00,50.580855261153275,50.580855261153275,50.42053532390583,50.4472541809082,2000,0.0,0.0,0.0
2017-07-27 00:00:00-04:00,50.66993001136579,50.66993001136579,50.153346091329595,50.41163635253906,5300,0.0,0.0,0.0
2017-07-28 00:00:00-04:00,50.251306406820355,50.367093782202936,50.23349610071526,50.35818862915039,6500,0.0,0.0,0.0
2017-07-31 00:00:00-04:00,50.32257080078125,50.42054449109179,50.32257080078125,50.32257080078125,16800,0.0,0.0,0.0
2017-08-01 00:00:00-04:00,50.482879638671875,50.49178479145649,50.393814520359854,50.482879638671875,6100,0.0,0.0,0.0
2017-08-02 00:00:00-04:00,50.5808554765353,50.5808554765353,50.3760029775394,50.49178695678711,3900,0.0,0.0,0.0
2017-08-03 00:00:00-04:00,50.51850797841717,50.5719456913451,50.45616171492355,50.500694274902344,63500,0.0,0.0,0.0
2017-08-04 00:00:00-04:00,50.64320361038516,50.64320361038516,50.52741622924805,50.52741622924805,4300,0.0,0.0,0.0
2017-08-07 00:00:00-04:00,50.56304304622661,50.71445443718752,50.56304304622661,50.669921875,2200,0.0,0.0,0.0
2017-08-08 00:00:00-04:00,50.607582092285156,50.81243462268693,50.527422111030795,50.607582092285156,3700,0.0,0.0,0.0
2017-08-09 00:00:00-04:00,50.34038020888226,50.58086013793945,50.34038020888226,50.58086013793945,4000,0.0,0.0,0.0
2017-08-10 00:00:00-04:00,50.18005778279231,50.242404050480346,49.87723159790039,49.87723159790039,12600,0.0,0.0,0.0
2017-08-11 00:00:00-04:00,50.01972867947895,50.03754238093057,49.984101276575736,50.001914978027344,1000,0.0,0.0,0.0
2017-08-14 00:00:00-04:00,50.26021560067507,50.49178695678711,50.26021560067507,50.49178695678711,1900,0.0,0.0,0.0
2017-08-15 00:00:00-04:00,50.491779965453006,50.545221069902205,50.438342258619954,50.53631591796875,4400,0.0,0.0,0.0
2017-08-16 00:00:00-04:00,50.58085445796308,50.678828128904826,50.48288078702133,50.54522705078125,12200,0.0,0.0,0.0
2017-08-17 00:00:00-04:00,50.34927983924886,50.34927983924886,49.77034976031984,49.77925491333008,2100,0.0,0.0,0.0
2017-08-18 00:00:00-04:00,49.734724807036656,49.957391017061425,49.61003227304146,49.67237854003906,6800,0.0,0.0,0.0
2017-08-21 00:00:00-04:00,49.5387821869261,49.73472955770216,49.5387821869261,49.6901969909668,3200,0.0,0.0,0.0
2017-08-22 00:00:00-04:00,50.08209424182142,50.242414219071264,50.06428053350283,50.2335090637207,37700,0.0,0.0,0.0
2017-08-23 00:00:00-04:00,50.073185174411364,50.16225031142848,50.073185174411364,50.11771774291992,1900,0.0,0.0,0.0
2017-08-24 00:00:00-04:00,50.13552253906429,50.13552253906429,49.9395751953125,49.9395751953125,7400,0.0,0.0,0.0
2017-08-25 00:00:00-04:00,50.126616073045206,50.144429777546804,50.019737243652344,50.019737243652344,1300,0.0,0.0,0.0
2017-08-28 00:00:00-04:00,50.135516040106346,50.135516040106346,50.001914978027344,50.001914978027344,8600,0.0,0.0,0.0
2017-08-29 00:00:00-04:00,49.74364139960864,50.14444134934513,49.74364139960864,50.135536193847656,2800,0.0,0.0,0.0
2017-08-30 00:00:00-04:00,50.32256122170705,50.42944004642051,50.32256122170705,50.35818862915039,1000,0.0,0.0,0.0
2017-08-31 00:00:00-04:00,50.545232937132326,50.73227175019409,50.545232937132326,50.62539291381836,5300,0.0,0.0,0.0
2017-09-01 00:00:00-04:00,50.767888764261016,50.82132987031262,50.723356208026146,50.75898361206055,3100,0.0,0.0,0.0
2017-09-05 00:00:00-04:00,50.64320109346401,50.64320109346401,50.19786869327191,50.35818862915039,4100,0.0,0.0,0.0
2017-09-06 00:00:00-04:00,50.500697283113325,50.598670959472656,50.491788732016985,50.598670959472656,2200,0.0,0.0,0.0
2017-09-07 00:00:00-04:00,50.56304363846204,50.598671047676035,50.50069737114592,50.52741622924805,1200,0.0,0.0,0.0
2017-09-08 00:00:00-04:00,50.49178695678711,50.51850921151988,50.49178695678711,50.49178695678711,900,0.0,0.0,0.0
2017-09-11 00:00:00-04:00,50.74117715705485,50.99056222568109,50.74117715705485,50.94602966308594,3700,0.0,0.0,0.0
2017-09-12 00:00:00-04:00,51.13306591963068,51.1419710726598,51.052905951902325,51.12416076660156,1900,0.0,0.0,0.0
2017-09-13 00:00:00-04:00,51.177591999798736,51.186500549316406,51.12415429315727,51.186500549316406,700,0.0,0.0,0.0
2017-09-14 00:00:00-04:00,51.17760560536846,51.19541931152344,51.08854047221062,51.19541931152344,2800,0.0,0.0,0.0
2017-09-15 00:00:00-04:00,51.21322530193997,51.29338526875202,51.14197048805525,51.266666412353516,2700,0.0,0.0,0.0
2017-09-18 00:00:00-04:00,51.33791609575294,51.43588976272915,51.33791609575294,51.346824645996094,2000,0.0,0.0,0.0
2017-09-19 00:00:00-04:00,51.47152689050839,51.47152689050839,51.42699432373047,51.42699432373047,1600,0.0,0.0,0.0
2017-09-20 00:00:00-04:00,51.435888548755315,51.47151595365423,51.26666347190995,51.444793701171875,2600,0.0,0.0,0.0
2017-09-21 00:00:00-04:00,51.31119724025631,51.409170907232514,51.31119724025631,51.346824645996094,2200,0.0,0.0,0.0
2017-09-22 00:00:00-04:00,51.275569915771484,51.40026243844192,51.24885106023251,51.275569915771484,4900,0.0,0.0,0.0
2017-09-25 00:00:00-04:00,51.26668519622199,51.26668519622199,51.088551493859384,51.10636520385742,1300,0.0,0.0,0.0
2017-09-26 00:00:00-04:00,51.20475140394359,51.21369552612305,51.20475140394359,51.21369552612305,600,0.25,0.0,0.0
2017-09-27 00:00:00-04:00,51.21369856298691,51.41944751016099,51.177915247177985,51.41050338745117,4300,0.0,0.0,0.0
2017-09-28 00:00:00-04:00,51.249472532544175,51.45522144219629,51.249472532544175,51.401546478271484,5000,0.0,0.0,0.0
2017-09-29 00:00:00-04:00,51.46416554583766,51.58045959472656,51.46416554583766,51.58045959472656,1700,0.0,0.0,0.0
2017-10-02 00:00:00-04:00,51.60729771028192,51.79515838623047,51.60729771028192,51.79515838623047,5000,0.0,0.0,0.0
2017-10-03 00:00:00-04:00,51.88462055327371,51.938295527168194,51.86672889530889,51.92934799194336,5100,0.0,0.0,0.0
2017-10-04 00:00:00-04:00,52.00985027321401,52.00985027321401,51.974066963114105,51.99195861816406,1400,0.0,0.0,0.0
2017-10-05 00:00:00-04:00,52.296112060546875,52.296112060546875,52.296112060546875,52.296112060546875,800,0.0,0.0,0.0
2017-10-06 00:00:00-04:00,52.15298748188529,52.33190064522061,52.15298748188529,52.26033401489258,6300,0.0,0.0,0.0
2017-10-09 00:00:00-04:00,52.349796355898306,52.35874047913941,52.17088317871094,52.17088317871094,8000,0.0,0.0,0.0
2017-10-10 00:00:00-04:00,52.367684250671054,52.367684250671054,52.26033430458395,52.3050651550293,3400,0.0,0.0,0.0
2017-10-11 00:00:00-04:00,52.278228090717676,52.43030548095703,52.278228090717676,52.43030548095703,62000,0.0,0.0,0.0
2017-10-12 00:00:00-04:00,52.37662517082152,52.403464361944664,52.3318977355957,52.3318977355957,1500,0.0,0.0,0.0
2017-10-13 00:00:00-04:00,52.394515373841344,52.45713446391718,52.367679595947266,52.367679595947266,4300,0.0,0.0,0.0
2017-10-16 00:00:00-04:00,52.43029455133285,52.51974941224829,52.39451124197299,52.50185775756836,15500,0.0,0.0,0.0
2017-10-17 00:00:00-04:00,52.51081146837977,52.54659478194908,52.439244841241155,52.53764724731445,6100,0.0,0.0,0.0
2017-10-18 00:00:00-04:00,52.57344116267519,52.63606026780674,52.57344116267519,52.600276947021484,1700,0.0,0.0,0.0
2017-10-19 00:00:00-04:00,52.38557389760304,52.564483642578125,52.358734705869054,52.564483642578125,7100,0.0,0.0,0.0
2017-10-20 00:00:00-04:00,52.72551435317328,52.85075597401164,52.69867856923626,52.797080993652344,3000,0.0,0.0,0.0
2017-10-23 00:00:00-04:00,52.88652828608512,52.88652828608512,52.618160247802734,52.618160247802734,3900,0.0,0.0,0.0
2017-10-24 00:00:00-04:00,52.752341930674255,52.752341930674255,52.707611083984375,52.707611083984375,3700,0.0,0.0,0.0
2017-10-25 00:00:00-04:00,52.67183358454475,52.67183358454475,52.278223955636406,52.564483642578125,4900,0.0,0.0,0.0
2017-10-26 00:00:00-04:00,52.60921242024621,52.636048198439106,52.573429107666016,52.573429107666016,26900,0.0,0.0,0.0
2017-10-27 00:00:00-04:00,52.85074282286728,53.101219177246094,52.7702320786049,53.101219177246094,6000,0.0,0.0,0.0
2017-10-30 00:00:00-04:00,52.89547348022461,52.95809257263648,52.86863428884481,52.89547348022461,2000,0.0,0.0,0.0
2017-10-31 00:00:00-04:00,53.03860764849647,53.03860764849647,52.967041015625,52.967041015625,1900,0.0,0.0,0.0
2017-11-01 00:00:00-04:00,53.17278238743244,53.17278238743244,53.00281677731602,53.101219177246094,16000,0.0,0.0,0.0
2017-11-02 00:00:00-04:00,52.975993380434275,53.03861248366293,52.92231840088749,52.9938850402832,2200,0.0,0.0,0.0
2017-11-03 00:00:00-04:00,53.18173195933151,53.289078484966545,53.02965458657106,53.27118682861328,7400,0.0,0.0,0.0
2017-11-06 00:00:00-05:00,53.226460301975855,53.34275436401367,53.226460301975855,53.34275436401367,2400,0.0,0.0,0.0
2017-11-07 00:00:00-05:00,53.34275345402632,53.40537254502047,53.21751527203803,53.27118682861328,4600,0.0,0.0,0.0
2017-11-08 00:00:00-05:00,53.2622587285808,53.38749694824219,53.2622587285808,53.38749694824219,1400,0.0,0.0,0.0
2017-11-09 00:00:00-05:00,53.22646404561218,53.22646404561218,52.90442102807813,53.20857238769531,7100,0.0,0.0,0.0
2017-11-10 00:00:00-05:00,53.07439181193821,53.2264657904897,53.07439181193821,53.21752166748047,4400,0.0,0.0,0.0
2017-11-13 00:00:00-05:00,53.119123669986216,53.244361877441406,53.04755703002027,53.244361877441406,3200,0.0,0.0,0.0
2017-11-14 00:00:00-05:00,53.04755547469554,53.065447134162454,52.904425611445355,53.01177215576172,6300,0.0,0.0,0.0
2017-11-15 00:00:00-05:00,52.79707172997479,52.89547413712537,52.734452636785264,52.7433967590332,3500,0.0,0.0,0.0
2017-11-16 00:00:00-05:00,53.06544427644405,53.280140765999896,53.00282517792462,53.21752166748047,2900,0.0,0.0,0.0
2017-11-17 00:00:00-05:00,53.16384601837653,53.16384601837653,53.05649948120117,53.05649948120117,1100,0.0,0.0,0.0
2017-11-20 00:00:00-05:00,53.18172992150848,53.18172992150848,53.01176089890767,53.101219177246094,2900,0.0,0.0,0.0
2017-11-21 00:00:00-05:00,53.28014327107485,53.52167555349946,53.28014327107485,53.45905303955078,2200,0.0,0.0,0.0
2017-11-22 00:00:00-05:00,53.459050969070354,53.53956172676036,53.39643187003201,53.46799850463867,3300,0.0,0.0,0.0
2017-11-24 00:00:00-05:00,53.584279450885404,53.593223571777344,53.584279450885404,53.593223571777344,600,0.0,0.0,0.0
2017-11-27 00:00:00-05:00,53.584293365478516,53.65585658864973,53.5485100476504,53.584293365478516,2900,0.0,0.0,0.0
2017-11-28 00:00:00-05:00,53.74530614570893,53.95999919280439,53.71846695545866,53.9152717590332,2700,0.0,0.0,0.0
2017-11-29 00:00:00-05:00,54.24625802561269,54.24625802561269,53.95999835891957,53.97789001464844,1800,0.0,0.0,0.0
2017-11-30 00:00:00-05:00,54.26415466366662,54.65776088838797,54.26415466366662,54.3893928527832,4700,0.0,0.0,0.0
2017-12-01 00:00:00-05:00,54.523579418810165,54.523579418810165,53.69163610684877,54.32677459716797,10300,0.0,0.0,0.0
2017-12-04 00:00:00-05:00,54.84561649160392,54.84561649160392,54.335716247558594,54.335716247558594,5300,0.0,0.0,0.0
2017-12-05 00:00:00-05:00,54.52358506373788,54.52358506373788,54.15681457519531,54.15681457519531,6100,0.0,0.0,0.0
2017-12-06 00:00:00-05:00,54.20153942794517,54.290994308687196,54.19259530486495,54.21048355102539,2400,0.0,0.0,0.0
2017-12-07 00:00:00-05:00,54.264157683699395,54.34466844011007,54.264157683699395,54.273101806640625,1600,0.0,0.0,0.0
2017-12-08 00:00:00-05:00,54.505684405927305,54.62197846723754,54.505684405927305,54.577247619628906,2000,0.0,0.0,0.0
2017-12-11 00:00:00-05:00,54.57725518768834,54.791951683533554,54.57725518768834,54.756168365478516,1300,0.0,0.0,0.0
2017-12-12 00:00:00-05:00,54.845627496118375,55.006649017333984,54.845627496118375,55.006649017333984,1000,0.0,0.0,0.0
2017-12-13 00:00:00-05:00,55.06927340102658,55.06927340102658,54.94403177391254,54.97087097167969,2600,0.0,0.0,0.0
2017-12-14 00:00:00-05:00,55.04242194686045,55.078205260925095,54.78300145110341,54.85456466674805,4100,0.0,0.0,0.0
2017-12-15 00:00:00-05:00,55.015573760632066,55.319725036621094,54.98873798737782,55.319725036621094,11600,0.0,0.0,0.0
2017-12-18 00:00:00-05:00,55.579157037226686,55.668611902848944,55.543373725984026,55.57020950317383,242100,0.0,0.0,0.0
2017-12-19 00:00:00-05:00,55.58810523650843,55.58810523650843,55.30184555053711,55.30184555053711,3200,0.0,0.0,0.0
2017-12-20 00:00:00-05:00,55.373412178272254,55.38235630049683,55.26606223666953,55.30184555053711,20200,0.0,0.0,0.0
2017-12-21 00:00:00-05:00,55.538118672830095,55.592022966049434,55.4572639465332,55.4572639465332,7500,0.263,0.0,0.0
2017-12-22 00:00:00-05:00,55.40335464477539,55.40335464477539,55.33148568737755,55.40335464477539,20700,0.0,0.0,0.0
2017-12-26 00:00:00-05:00,55.3225132664817,55.38539990062288,55.250640869140625,55.250640869140625,16900,0.0,0.0,0.0
2017-12-27 00:00:00-05:00,55.367424479793854,55.367424479793854,55.322505950927734,55.322505950927734,11100,0.0,0.0,0.0
2017-12-28 00:00:00-05:00,55.44828248495571,55.44828248495571,55.3584419948411,55.43929672241211,35800,0.0,0.0,0.0
2017-12-29 00:00:00-05:00,55.57406323869287,55.57406323869287,55.22369384765625,55.22369384765625,83400,0.0,0.0,0.0
2018-01-02 00:00:00-05:00,55.52014501045451,55.54709886789478,55.394371765946204,55.493194580078125,8200,0.0,0.0,0.0
2018-01-03 00:00:00-05:00,55.78068273679724,55.95137452437714,55.78068273679724,55.906455993652344,9200,0.0,0.0,0.0
2018-01-04 00:00:00-05:00,56.202919817124524,56.38259392516449,56.18495172090774,56.25682067871094,34000,0.0,0.0,0.0
2018-01-05 00:00:00-05:00,56.53532903066819,56.661102294921875,56.39158766765478,56.661102294921875,5600,0.0,0.0,0.0
2018-01-08 00:00:00-05:00,56.679069448751015,56.750938415527344,56.580246620752256,56.750938415527344,17700,0.0,0.0,0.0
2018-01-09 00:00:00-05:00,56.95756378523838,57.020450409638066,56.79585434333518,56.831787109375,31100,0.0,0.0,0.0
2018-01-10 00:00:00-05:00,56.71500477216245,56.89468232693246,56.64313237942872,56.76890563964844,9200,0.0,0.0,0.0
2018-01-11 00:00:00-05:00,57.02045012472042,57.12825527642921,56.8946768765495,57.06536865234375,14600,0.0,0.0,0.0
2018-01-12 00:00:00-05:00,57.24505283036424,57.57745065874804,57.24505283036424,57.532535552978516,9300,0.0,0.0,0.0
2018-01-16 00:00:00-05:00,58.026636906461135,58.026636906461135,57.352852128736004,57.4965934753418,8100,0.0,0.0,0.0
2018-01-17 00:00:00-05:00,57.73916323538386,58.09851837158203,57.56847485763981,58.09851837158203,8500,0.0,0.0,0.0
2018-01-18 00:00:00-05:00,58.07156641811833,58.08953794422957,57.85595608368614,57.94579315185547,22800,0.0,0.0,0.0
2018-01-19 00:00:00-05:00,58.134454570614764,58.134454570614764,57.93680890299932,58.09851837158203,2800,0.0,0.0,0.0
2018-01-22 00:00:00-05:00,58.26920451734629,58.61058807373047,58.26920451734629,58.61058807373047,14700,0.0,0.0,0.0
2018-01-23 00:00:00-05:00,58.7363716617319,58.83519449752345,58.6645061163529,58.790279388427734,11400,0.0,0.0,0.0
2018-01-24 00:00:00-05:00,59.014877255572735,59.06877812974613,58.57466393605844,58.75434494018555,8100,0.0,0.0,0.0
2018-01-25 00:00:00-05:00,58.987923390877,59.077760460655654,58.70043380097878,58.78129196166992,7800,0.0,0.0,0.0
2018-01-26 00:00:00-05:00,59.086723327757696,59.43709945678711,58.97892161494299,59.43709945678711,20900,0.0,0.0,0.0
2018-01-29 00:00:00-05:00,59.45507045324268,59.46405621497618,59.14961624145508,59.14961624145508,24300,0.0,0.0,0.0
2018-01-30 00:00:00-05:00,58.826215516289686,58.826215516289686,58.475839282647385,58.529747009277344,17300,0.0,0.0,0.0
2018-01-31 00:00:00-05:00,58.79026904087587,58.89807076703505,58.350055811965674,58.61058807373047,6300,0.0,0.0,0.0
2018-02-01 00:00:00-05:00,58.41294256343732,58.844170031392125,58.36802746214975,58.46685028076172,5800,0.0,0.0,0.0
2018-02-02 00:00:00-05:00,58.341089638660534,58.341089638660534,57.245059489284785,57.28997802734375,16700,0.0,0.0,0.0
2018-02-05 00:00:00-05:00,56.876724957502354,57.27201291090878,54.63076366687849,54.891292572021484,29700,0.0,0.0,0.0
2018-02-06 00:00:00-05:00,53.90305975368672,56.04121541682761,53.90305975368672,55.933406829833984,27400,0.0,0.0,0.0
2018-02-07 00:00:00-05:00,55.81661754794878,56.58922859468559,55.636940002441406,55.636940002441406,33700,0.0,0.0,0.0
2018-02-08 00:00:00-05:00,55.79865779093579,55.79865779093579,53.50777816772461,53.50777816772461,41300,0.0,0.0,0.0
2018-02-09 00:00:00-05:00,54.1096909885201,54.630755575763494,52.71719587998247,54.271400451660156,44500,0.0,0.0,0.0
2018-02-12 00:00:00-05:00,54.73856353407481,55.286578584104554,54.540917863030735,55.07096481323242,5500,0.0,0.0,0.0
2018-02-13 00:00:00-05:00,54.93620769843474,55.313527503281804,54.78348056761722,55.250640869140625,8100,0.0,0.0,0.0
2018-02-14 00:00:00-05:00,55.05299426833842,56.01426529052687,55.02604383332559,55.97833251953125,5700,0.0,0.0,0.0
2018-02-15 00:00:00-05:00,56.454468904748175,56.652114545152905,55.89747160468334,56.58024215698242,9900,0.0,0.0,0.0
2018-02-16 00:00:00-05:00,56.598211235679656,57.164194307614416,56.598211235679656,56.82280731201172,8700,0.0,0.0,0.0
2018-02-20 00:00:00-05:00,56.60719791059032,56.768907372111926,56.32870094790878,56.400569915771484,7500,0.0,0.0,0.0
2018-02-21 00:00:00-05:00,56.58923186342307,56.86772881933526,56.13105392456055,56.13105392456055,3500,0.0,0.0,0.0
2018-02-22 00:00:00-05:00,56.355645776776385,56.6341461388199,56.10409927368164,56.10409927368164,7300,0.0,0.0,0.0
2018-02-23 00:00:00-05:00,56.60718876485478,56.966543827302374,56.38259270759101,56.95756149291992,4900,0.0,0.0,0.0
2018-02-26 00:00:00-05:00,57.39778040622039,57.846972619043605,57.39778040622039,57.79307174682617,10600,0.0,0.0,0.0
2018-02-27 00:00:00-05:00,57.918838769042715,57.918838769042715,57.35285568237305,57.35285568237305,7900,0.0,0.0,0.0
2018-02-28 00:00:00-05:00,57.46965378826632,57.49660422483602,56.715010720732764,56.73297882080078,9700,0.0,0.0,0.0
2018-03-01 00:00:00-05:00,56.65212072615106,56.65212072615106,55.41234931145847,55.71780014038086,15800,0.0,0.0,0.0
2018-03-02 00:00:00-05:00,55.27758527262772,56.04121398925781,55.151812018069954,56.04121398925781,7300,0.0,0.0,0.0
2018-03-05 00:00:00-05:00,55.73575958114059,56.6341438293457,55.73575958114059,56.6341438293457,9500,0.0,0.0,0.0
2018-03-06 00:00:00-05:00,56.876717004211486,56.876717004211486,56.44549290795922,56.571266174316406,7300,0.0,0.0,0.0
2018-03-07 00:00:00-05:00,56.05918060014707,56.51735507632469,56.05918060014707,56.220890045166016,2600,0.0,0.0,0.0
2018-03-08 00:00:00-05:00,56.64312976553324,56.90366203657383,56.625161668178976,56.82280731201172,10400,0.0,0.0,0.0
2018-03-09 00:00:00-05:00,57.32591143424227,57.79307174682617,57.17318429980878,57.79307174682617,8400,0.0,0.0,0.0
2018-03-12 00:00:00-04:00,58.1254728734607,58.17938060284545,57.837990115217295,57.90986251831055,11600,0.0,0.0,0.0
2018-03-13 00:00:00-04:00,58.17937362186045,58.18835253057251,57.343875885009766,57.343875885009766,6800,0.0,0.0,0.0
2018-03-14 00:00:00-04:00,57.67626767869357,57.67626767869357,57.047401428222656,57.047401428222656,68400,0.0,0.0,0.0
2018-03-15 00:00:00-04:00,57.16420452024207,57.415751074013315,57.047413580106245,57.146236419677734,10000,0.0,0.0,0.0
2018-03-16 00:00:00-04:00,57.20911422532657,57.361837915946566,57.092323303222656,57.092323303222656,11100,0.0,0.0,0.0
2018-03-19 00:00:00-04:00,56.98451863441102,56.98451863441102,56.01426190777008,56.33768081665039,23600,0.0,0.0,0.0
2018-03-20 00:00:00-04:00,56.454475087692394,56.499393621686416,56.25682942564134,56.38260269165039,9100,0.0,0.0,0.0
2018-03-21 00:00:00-04:00,56.50837810558594,56.75992463190995,56.2747962508013,56.373619079589844,7300,0.0,0.0,0.0
2018-03-22 00:00:00-04:00,55.75482849158799,55.75482849158799,54.78965055686051,54.82572937011719,24200,0.254,0.0,0.0
2018-03-23 00:00:00-04:00,54.98808995690802,54.997112239963506,53.680137634277344,53.680137634277344,11900,0.0,0.0,0.0
2018-03-26 00:00:00-04:00,54.510017009160144,54.690424835316335,54.04997688041221,54.6092414855957,8900,0.0,0.0,0.0
2018-03-27 00:00:00-04:00,55.40302435054692,55.44812888289353,53.97780990600586,53.97780990600586,125000,0.0,0.0,0.0
2018-03-28 00:00:00-04:00,54.23037485980191,54.35665928288349,53.87858155521967,53.93270492553711,377200,0.0,0.0,0.0
2018-03-29 00:00:00-04:00,54.21234045011175,55.06025615179675,54.095078294724026,54.78964614868164,42500,0.0,0.0,0.0
2018-04-02 00:00:00-04:00,54.564134803657105,54.564134803657105,52.9494902583872,53.454627990722656,17500,0.0,0.0,0.0
2018-04-03 00:00:00-04:00,53.6891637594922,54.149200439453125,53.607980411146976,54.149200439453125,32600,0.0,0.0,0.0
2018-04-04 00:00:00-04:00,53.38246567160191,54.915926839248705,53.38246567160191,54.83474349975586,33300,0.0,0.0,0.0
2018-04-05 00:00:00-04:00,55.0241762684758,55.31282740968672,55.0241762684758,55.13241958618164,11900,0.0,0.0,0.0
2018-04-06 00:00:00-04:00,54.78062588607983,54.9610337084757,53.63504017100805,54.01389694213867,7700,0.0,0.0,0.0
2018-04-09 00:00:00-04:00,54.40176892218065,55.00613112969652,54.40176892218065,54.57315444946289,2000,0.0,0.0,0.0
2018-04-10 00:00:00-04:00,54.961032699209454,55.25870267585237,54.771606037619144,55.195560455322266,4400,0.0,0.0,0.0
2018-04-11 00:00:00-04:00,54.83473728939096,55.150448328888835,54.79865504459342,54.81669616699219,7000,0.0,0.0,0.0
2018-04-12 00:00:00-04:00,55.195564981476515,55.50225726676912,55.16850501074262,55.42107391357422,4900,0.0,0.0,0.0
2018-04-13 00:00:00-04:00,55.70069864247825,55.70069864247825,55.0241719383186,55.14143753051758,6900,0.0,0.0,0.0
2018-04-16 00:00:00-04:00,55.55637224917116,55.74579889765377,55.412046692090215,55.61951446533203,4400,0.0,0.0,0.0
2018-04-17 00:00:00-04:00,55.98033461075961,56.28702687451085,55.953271200933365,56.268985748291016,6100,0.0,0.0,0.0
2018-04-18 00:00:00-04:00,56.47646262686514,56.47646262686514,56.15172918463599,56.250953674316406,3500,0.0,0.0,0.0
2018-04-19 00:00:00-04:00,56.10662117546369,56.10662117546369,55.74580551940557,56.00739669799805,5900,0.0,0.0,0.0
2018-04-20 00:00:00-04:00,55.98934937927683,55.98934937927683,55.24066162109375,55.24066162109375,4200,0.0,0.0,0.0
2018-04-23 00:00:00-04:00,55.50224722884984,55.61951281581056,55.24065953008108,55.40302276611328,2400,0.0,0.0,0.0
2018-04-24 00:00:00-04:00,55.61951965113432,55.65560190401694,54.41981399122803,54.663360595703125,6300,0.0,0.0,0.0
2018-04-25 00:00:00-04:00,54.67237480216972,54.71747589111328,54.28449924346857,54.71747589111328,1800,0.0,0.0,0.0
2018-04-26 00:00:00-04:00,54.99711033089447,55.54735258442466,54.99711033089447,55.34890365600586,6700,0.0,0.0,0.0
2018-04-27 00:00:00-04:00,55.69168678884617,55.69168678884617,55.321852281803814,55.38499450683594,10700,0.0,0.0,0.0
2018-04-30 00:00:00-04:00,55.59245715011651,55.69168162052821,55.024173736572266,55.024173736572266,1900,0.0,0.0,0.0
2018-05-01 00:00:00-04:00,54.93397923215754,55.06928253173828,54.53708129500333,55.06928253173828,3400,0.0,0.0,0.0
2018-05-02 00:00:00-04:00,55.12340060295939,55.15948285576705,54.92495165351029,55.04221725463867,2500,0.0,0.0,0.0
2018-05-03 00:00:00-04:00,54.12213486385973,54.708459367948606,53.88760712681977,54.6904182434082,3900,0.0,0.0,0.0
2018-05-04 00:00:00-04:00,54.47393091430419,55.47519100992014,54.47393091430419,55.35792541503906,3100,0.0,0.0,0.0
2018-05-07 00:00:00-04:00,55.457145167500805,55.67363521340644,55.457145167500805,55.46616744995117,42800,0.0,0.0,0.0
2018-05-08 00:00:00-04:00,55.36694440741163,55.44812774658203,55.29477990993011,55.44812774658203,2500,0.0,0.0,0.0
2018-05-09 00:00:00-04:00,55.64658104193993,56.0795577646138,55.61050222912861,56.00739669799805,12900,0.0,0.0,0.0
2018-05-10 00:00:00-04:00,56.2599605356269,56.692937219381975,56.23290056820246,56.584693908691406,8900,0.0,0.0,0.0
2018-05-11 00:00:00-04:00,56.557637440456666,56.85530742352061,56.51253634496128,56.72902297973633,5800,0.0,0.0,0.0
2018-05-14 00:00:00-04:00,56.99061233927458,57.04473571674427,56.79216339621195,56.84628677368164,32600,0.0,0.0,0.0
2018-05-15 00:00:00-04:00,56.71097339089571,56.71097339089571,56.259955621256985,56.458404541015625,14000,0.0,0.0,0.0
2018-05-16 00:00:00-04:00,56.512532921477145,56.756079510596955,56.49449179617331,56.62979507446289,22900,0.0,0.0,0.0
2018-05-17 00:00:00-04:00,56.683911789687805,56.88236070371834,56.48546287565728,56.665870666503906,5500,0.0,0.0,0.0
2018-05-18 00:00:00-04:00,56.54861824884041,56.59372278779513,56.41331495495588,56.503517150878906,4000,0.0,0.0,0.0
2018-05-21 00:00:00-04:00,56.86433559694629,56.990620053810495,56.801193368514184,56.891395568847656,5100,0.0,0.0,0.0
2018-05-22 00:00:00-04:00,57.00865430336027,57.06277424063284,56.69293975830078,56.69293975830078,5500,0.0,0.0,0.0
2018-05-23 00:00:00-04:00,56.575674459931136,56.87334442138672,56.458408867361236,56.87334442138672,5600,0.0,0.0,0.0
2018-05-24 00:00:00-04:00,56.719999872698786,56.78314208984375,56.7019587476584,56.78314208984375,1800,0.0,0.0,0.0
2018-05-25 00:00:00-04:00,56.819228611720106,56.819228611720106,56.62077966234881,56.72902297973633,1800,0.0,0.0,0.0
2018-05-29 00:00:00-04:00,56.38624867781791,56.38624867781791,55.754826456459426,56.07053756713867,6100,0.0,0.0,0.0
2018-05-30 00:00:00-04:00,56.34114736468861,56.801187485323354,56.296046269193226,56.72902297973633,4000,0.0,0.0,0.0
2018-05-31 00:00:00-04:00,56.64783365531526,56.74705811953311,56.36820482814787,56.521549224853516,15100,0.0,0.0,0.0
2018-06-01 00:00:00-04:00,56.801181122552094,57.06276882351991,56.801181122552094,57.04473114013672,12700,0.0,0.0,0.0
2018-06-04 00:00:00-04:00,57.28828481494216,57.42359154402946,57.24318371891075,57.37849044799805,77100,0.0,0.0,0.0
2018-06-05 00:00:00-04:00,57.41456648921199,57.44162645570446,57.19807643429421,57.360443115234375,23000,0.0,0.0,0.0
2018-06-06 00:00:00-04:00,57.70321812087371,57.87460708618164,57.432604689543865,57.87460708618164,17500,0.0,0.0,0.0
2018-06-07 00:00:00-04:00,58.11815764239993,58.11815764239993,57.79342425539587,57.964813232421875,140300,0.0,0.0,0.0
2018-06-08 00:00:00-04:00,57.92873597691546,58.05502042920008,57.81146692694654,58.0369758605957,27000,0.0,0.0,0.0
2018-06-11 00:00:00-04:00,58.36169349536783,58.36169349536783,58.05500473188313,58.190311431884766,5000,0.0,0.0,0.0
2018-06-12 00:00:00-04:00,58.27149881525574,58.27149881525574,58.082072163690796,58.10011672973633,2800,0.0,0.0,0.0
2018-06-13 00:00:00-04:00,58.334644273074,58.334644273074,57.964813232421875,57.964813232421875,6400,0.0,0.0,0.0
2018-06-14 00:00:00-04:00,58.244448517842216,58.244448517842216,58.04599955030826,58.1181640625,3500,0.0,0.0,0.0
2018-06-15 00:00:00-04:00,58.08207456232522,58.14521678212114,57.82048339974618,58.0189323425293,5400,0.0,0.0,0.0
2018-06-18 00:00:00-04:00,57.61301123142652,57.9557857135214,57.55889129914335,57.88362121582031,21800,0.0,0.0,0.0
2018-06-19 00:00:00-04:00,57.64006857692616,57.73027074857389,57.35141749846267,57.631046295166016,15800,0.0,0.0,0.0
2018-06-20 00:00:00-04:00,57.81145656766303,57.9377478793039,57.68517557900007,57.793418884277344,8300,0.0,0.0,0.0
2018-06-21 00:00:00-04:00,57.95579136996633,57.95579136996633,57.4235901909526,57.44163131713867,38100,0.0,0.0,0.0
2018-06-22 00:00:00-04:00,57.829506614188666,57.92873108717773,57.51379206913321,57.58595657348633,4600,0.0,0.0,0.0
2018-06-25 00:00:00-04:00,57.27926136558513,57.27926136558513,56.35016578628467,56.68391799926758,23300,0.0,0.0,0.0
2018-06-26 00:00:00-04:00,56.963551091799204,56.963551091799204,56.72000106014438,56.95452880859375,2800,0.0,0.0,0.0
2018-06-27 00:00:00-04:00,57.035717388810895,57.29730856989995,56.46743392944336,56.46743392944336,8000,0.0,0.0,0.0
2018-06-28 00:00:00-04:00,56.44035993341427,56.900399957004666,56.34113547965978,56.738033294677734,42500,0.0,0.0,0.0
2018-06-29 00:00:00-04:00,57.24317978688293,57.29730316299874,56.86432647705078,56.86432647705078,8200,0.0,0.0,0.0
2018-07-02 00:00:00-04:00,56.49448607172544,57.00864604731146,56.476444948249664,56.98158264160156,27900,0.0,0.0,0.0
2018-07-03 00:00:00-04:00,57.122046049716644,57.122046049716644,56.587432861328125,56.587432861328125,2800,0.285,0.0,0.0
2018-07-05 00:00:00-04:00,56.868322804367786,57.122039794921875,56.859263088120834,57.122039794921875,6700,0.0,0.0,0.0
2018-07-06 00:00:00-04:00,57.12204987387577,57.77445671298794,57.12204987387577,57.69290542602539,3000,0.0,0.0,0.0
2018-07-09 00:00:00-04:00,57.9194275603727,58.209386879437844,57.9194275603727,58.15502166748047,5800,0.0,0.0,0.0
2018-07-10 00:00:00-04:00,58.4812311424797,58.4812311424797,58.34531118923814,58.47216796875,11100,0.0,0.0,0.0
2018-07-11 00:00:00-04:00,57.99191322272339,58.25468990909483,57.99191322272339,58.010032653808594,10900,0.0,0.0,0.0
2018-07-12 00:00:00-04:00,58.327182429226845,58.61714172363281,58.327182429226845,58.61714172363281,41000,0.0,0.0,0.0
2018-07-13 00:00:00-04:00,58.626204576426275,58.71682248307453,58.44498258948109,58.69869613647461,5000,0.0,0.0,0.0
2018-07-16 00:00:00-04:00,58.69868953463376,58.69868953463376,58.562769603123954,58.61714172363281,13900,0.0,0.0,0.0
2018-07-17 00:00:00-04:00,58.399675753405056,58.979594428465056,58.399675753405056,58.943355560302734,9200,0.0,0.0,0.0
2018-07-18 00:00:00-04:00,58.93429859082497,59.05209220769272,58.86180702051714,59.00679016113281,6400,0.0,0.0,0.0
2018-07-19 00:00:00-04:00,58.87086678567882,58.87086678567882,58.65339900052629,58.716827392578125,9400,0.0,0.0,0.0
2018-07-20 00:00:00-04:00,58.680576703050356,58.83461608327133,58.61714831630198,58.69869613647461,5900,0.0,0.0,0.0
2018-07-23 00:00:00-04:00,58.58996755641803,58.78025272266123,58.52653225449441,58.7530632019043,15500,0.0,0.0,0.0
2018-07-24 00:00:00-04:00,59.14268782200281,59.32391670060728,58.9614658565732,59.11550521850586,6300,0.0,0.0,0.0
2018-07-25 00:00:00-04:00,59.169881910194626,59.73167419433594,59.09739035315208,59.73167419433594,9700,0.0,0.0,0.0
2018-07-26 00:00:00-04:00,59.46888983151212,59.577627153081856,59.36015942311688,59.423587799072266,5400,0.0,0.0,0.0
2018-07-27 00:00:00-04:00,59.51421732693437,59.51421732693437,58.81650497395722,59.00679016113281,7200,0.0,0.0,0.0
2018-07-30 00:00:00-04:00,59.197072850837706,59.197072850837706,58.63527357441875,58.74401092529297,6900,0.0,0.0,0.0
2018-07-31 00:00:00-04:00,58.94334487863923,59.10644740851605,58.8346075543298,58.979583740234375,8600,0.0,0.0,0.0
2018-08-01 00:00:00-04:00,59.03396748306045,59.19707004505298,58.852738573526516,58.97053909301758,3900,0.0,0.0,0.0
2018-08-02 00:00:00-04:00,58.94335230445596,59.35110522393031,58.94335230445596,59.260494232177734,76300,0.0,0.0,0.0
2018-08-03 00:00:00-04:00,59.34203175558176,59.58668899536133,59.34203175558176,59.58668899536133,6300,0.0,0.0,0.0
2018-08-06 00:00:00-04:00,59.62295089197205,59.82229232788086,59.53233297825981,59.82229232788086,7700,0.0,0.0,0.0
2018-08-07 00:00:00-04:00,60.01255937719162,60.12128976719898,59.94913101196289,59.94913101196289,8700,0.0,0.0,0.0
2018-08-08 00:00:00-04:00,59.97632348655972,60.11223649645151,59.89476876745019,60.02162551879883,7000,0.0,0.0,0.0
2018-08-09 00:00:00-04:00,60.12130872637635,60.12130872637635,59.95820617675781,59.95820617675781,8400,0.0,0.0,0.0
2018-08-10 00:00:00-04:00,59.59574314149984,59.67729785626061,59.36921225286027,59.44170379638672,26700,0.0,0.0,0.0
2018-08-13 00:00:00-04:00,59.631997982098916,59.695426364037225,59.25142769046909,59.3782844543457,7300,0.0,0.0,0.0
2018-08-14 00:00:00-04:00,59.441708686231216,59.704485368250765,59.41452608346621,59.66823959350586,11700,0.0,0.0,0.0
2018-08-15 00:00:00-04:00,58.925232408665316,59.18800915273646,58.85274084205749,59.1427001953125,137500,0.0,0.0,0.0
2018-08-16 00:00:00-04:00,59.659184975673284,59.86759648204559,59.62294610890699,59.695430755615234,41000,0.0,0.0,0.0
2018-08-17 00:00:00-04:00,59.64106326663643,59.86759419774842,59.5685717095185,59.83134841918945,6300,0.0,0.0,0.0
2018-08-20 00:00:00-04:00,60.003531490438974,60.03977727947923,59.849492071900904,59.976348876953125,4200,0.0,0.0,0.0
2018-08-21 00:00:00-04:00,60.16661508048208,60.25722606787392,60.13036930289031,60.17567825317383,3200,0.0,0.0,0.0
2018-08-22 00:00:00-04:00,60.14849090576172,60.19379985768036,59.94008631855702,60.14849090576172,6400,0.0,0.0,0.0
2018-08-23 00:00:00-04:00,60.20285876347631,60.20285876347631,60.00351045024493,60.03069305419922,5500,0.0,0.0,0.0
2018-08-24 00:00:00-04:00,60.103194797652435,60.39315414428711,60.103194797652435,60.39315414428711,5900,0.0,0.0,0.0
2018-08-27 00:00:00-04:00,60.65592679283231,60.90964033988483,60.65592679283231,60.8824577331543,7100,0.0,0.0,0.0
2018-08-28 00:00:00-04:00,60.98213173088099,61.027433770914385,60.81902917777432,60.89151382446289,6700,0.0,0.0,0.0
2018-08-29 00:00:00-04:00,60.89150083504129,61.30832375875574,60.89150083504129,61.23583221435547,7400,0.0,0.0,0.0
2018-08-30 00:00:00-04:00,61.15428553245625,61.25395969080728,60.91869835196753,61.045555114746094,6000,0.0,0.0,0.0
2018-08-31 00:00:00-04:00,60.90057232018872,61.13616641506448,60.8190245064866,60.9640007019043,16900,0.0,0.0,0.0
2018-09-04 00:00:00-04:00,60.964001184754515,61.00931013484241,60.71935082853535,60.873390197753906,7400,0.0,0.0,0.0
2018-09-05 00:00:00-04:00,60.74653515929681,60.80996354331693,60.53812366141619,60.72840881347656,52500,0.0,0.0,0.0
2018-09-06 00:00:00-04:00,60.746538539822865,60.746538539822865,60.311596087212344,60.610618591308594,2400,0.0,0.0,0.0
2018-09-07 00:00:00-04:00,60.32972809594764,60.61062427957684,60.32972809594764,60.356910705566406,1600,0.0,0.0,0.0
2018-09-10 00:00:00-04:00,60.57438093798223,60.619689897957926,60.48376993120751,60.520015716552734,5800,0.0,0.0,0.0
2018-09-11 00:00:00-04:00,60.37502398693078,60.84621221621627,60.37502398693078,60.701229095458984,83100,0.0,0.0,0.0
2018-09-12 00:00:00-04:00,60.76465808703428,60.88245860211548,60.655927658560266,60.809967041015625,10100,0.0,0.0,0.0
2018-09-13 00:00:00-04:00,61.09992926272737,61.19960343566107,60.99119191593349,61.09086608886719,7500,0.0,0.0,0.0
2018-09-14 00:00:00-04:00,61.3808126909496,61.3808126909496,61.01836185672543,61.145225524902344,2700,0.0,0.0,0.0
2018-09-17 00:00:00-04:00,60.94588513279333,61.00025034537386,60.75559997558594,60.75559997558594,5900,0.0,0.0,0.0
2018-09-18 00:00:00-04:00,61.18145768603481,61.29019499834584,61.045544687113406,61.172401428222656,5100,0.0,0.0,0.0
2018-09-19 00:00:00-04:00,61.43519914157867,61.43519914157867,61.199605007396094,61.32646179199219,10800,0.0,0.0,0.0
2018-09-20 00:00:00-04:00,61.85201061402773,61.85201061402773,61.52580550304514,61.80670166015625,4700,0.0,0.0,0.0
2018-09-21 00:00:00-04:00,62.02417233022848,62.02417233022848,61.77952194213867,61.77952194213867,2600,0.0,0.0,0.0
2018-09-24 00:00:00-04:00,61.82482751297038,61.82482751297038,61.480496057920234,61.5892333984375,2400,0.0,0.0,0.0
2018-09-25 00:00:00-04:00,61.53486197002911,61.68890133532286,61.48955302109565,61.52579879760742,5300,0.0,0.0,0.0
2018-09-26 00:00:00-04:00,61.7241558447338,61.82423979495305,61.2783317565918,61.2783317565918,7100,0.278,0.0,0.0
2018-09-27 00:00:00-04:00,61.57857967095061,61.82423584295099,61.57857967095061,61.77874755859375,4900,0.0,0.0,0.0
2018-09-28 00:00:00-04:00,61.56946240011183,61.715041530076164,61.487579345703125,61.487579345703125,5300,0.0,0.0,0.0
2018-10-01 00:00:00-04:00,61.997112391683594,62.097196340380485,61.751456207716735,61.8879280090332,134800,0.0,0.0,0.0
2018-10-02 00:00:00-04:00,61.860641552842985,62.05170904069638,61.77875846159072,61.94253158569336,6400,0.0,0.0,0.0
2018-10-03 00:00:00-04:00,62.06990198011719,62.18817985512387,61.79694449428982,61.8879280090332,13200,0.0,0.0,0.0
2018-10-04 00:00:00-04:00,61.733244452813075,61.733244452813075,61.050857800184495,61.414798736572266,5900,0.0,0.0,0.0
2018-10-05 00:00:00-04:00,61.47849031284446,61.56038032403062,60.705120130911645,61.09635543823242,14600,0.0,0.0,0.0
2018-10-08 00:00:00-04:00,60.78700330274426,61.160044686871274,60.623230221692744,60.9871711730957,79500,0.0,0.0,0.0
2018-10-09 00:00:00-04:00,61.10544794067072,61.214625352621525,60.96896923413685,61.041751861572266,8200,0.0,0.0,0.0
2018-10-10 00:00:00-04:00,60.923477392820665,60.923477392820665,58.84902315170102,58.88541793823242,169000,0.0,0.0,0.0
2018-10-11 00:00:00-04:00,58.68525846751125,59.08559423495716,57.3477793731776,57.802703857421875,46000,0.0,0.0,0.0
2018-10-12 00:00:00-04:00,58.83992897017699,58.98550813176733,57.96647482542443,58.566978454589844,51400,0.0,0.0,0.0
2018-10-15 00:00:00-04:00,58.53058458361078,58.594273732407885,58.15754318237305,58.15754318237305,5400,0.0,0.0,0.0
2018-10-16 00:00:00-04:00,58.69435916716987,59.41314068852891,58.548779999584696,59.34035110473633,22000,0.0,0.0,0.0
2018-10-17 00:00:00-04:00,59.54961558747578,59.6406060427613,59.003707563748314,59.53142166137695,59000,0.0,0.0,0.0
2018-10-18 00:00:00-04:00,59.32214989285101,59.385839042899775,58.28492262543,58.694358825683594,130400,0.0,0.0,0.0
2018-10-19 00:00:00-04:00,58.776244485748606,59.249369856858976,58.52148787434935,58.65796661376953,6300,0.0,0.0,0.0
2018-10-22 00:00:00-04:00,58.758036140201455,58.758036140201455,58.39409523826072,58.43959045410156,21800,0.0,0.0,0.0
2018-10-23 00:00:00-04:00,57.466056128489825,58.40320285144667,57.06572386376527,58.10295104980469,27600,0.0,0.0,0.0
2018-10-24 00:00:00-04:00,58.04835392374447,58.057454355575864,56.39242935180664,56.39242935180664,11100,0.0,0.0,0.0
2018-10-25 00:00:00-04:00,56.547117446356744,57.793609620140735,56.46523089649949,57.402374267578125,25300,0.0,0.0,0.0
2018-10-26 00:00:00-04:00,56.73816923095526,56.992925773109135,55.73733351244094,56.36513137817383,36000,0.0,0.0,0.0
2018-10-29 00:00:00-04:00,57.02933216191703,57.3750757329112,55.109550332247025,55.919315338134766,29800,0.0,0.0,0.0
2018-10-30 00:00:00-04:00,55.855625552843996,56.892852783203125,55.855625552843996,56.892852783203125,137100,0.0,0.0,0.0
2018-10-31 00:00:00-04:00,57.43876266479492,57.95737626587325,57.33867872935908,57.43876266479492,24600,0.0,0.0,0.0
2018-11-01 00:00:00-04:00,57.702614525232796,58.05745850526598,57.43876098682593,57.957374572753906,11600,0.0,0.0,0.0
2018-11-02 00:00:00-04:00,58.21213991204076,58.21213991204076,57.33868568539823,57.57524490356445,48100,0.0,0.0,0.0
2018-11-05 00:00:00-05:00,57.75721184922514,58.002871486132804,57.50245524982388,57.88459014892578,10300,0.0,0.0,0.0
2018-11-06 00:00:00-05:00,57.89369330803494,58.26673126220703,57.8845928743145,58.26673126220703,13100,0.0,0.0,0.0
2018-11-07 00:00:00-05:00,58.9218116443857,59.631492614746094,58.69434943893195,59.631492614746094,32800,0.0,0.0,0.0
2018-11-08 00:00:00-05:00,59.40403301051145,59.6132943613986,59.2857551574707,59.2857551574707,25000,0.0,0.0,0.0
2018-11-09 00:00:00-05:00,59.09468435340034,59.09468435340034,58.59427161425466,58.921817779541016,14200,0.0,0.0,0.0
2018-11-12 00:00:00-05:00,58.72164726693859,58.72164726693859,57.67531967163086,57.67531967163086,8100,0.0,0.0,0.0
2018-11-13 00:00:00-05:00,57.811793712954646,58.18483158294843,57.411458018757976,57.58433151245117,13000,0.0,0.0,0.0
2018-11-14 00:00:00-05:00,58.09384346498672,58.09384346498672,56.88374638718762,57.1294059753418,13700,0.0,0.0,0.0
2018-11-15 00:00:00-05:00,56.83826159187136,57.7481104870405,56.60169893548045,57.71171569824219,9900,0.0,0.0,0.0
2018-11-16 00:00:00-05:00,57.70261960730379,58.10295537261105,57.64803089079705,57.93918228149414,34400,0.0,0.0,0.0
2018-11-19 00:00:00-05:00,57.82999723067124,57.82999723067124,56.79276657104492,56.79276657104492,11200,0.0,0.0,0.0
2018-11-20 00:00:00-05:00,56.01029635528295,56.19226334831907,55.78283414318988,55.84652328491211,12100,0.0,0.0,0.0
2018-11-21 00:00:00-05:00,56.31965078786207,56.36514254071335,56.05579376220703,56.05579376220703,1100,0.0,0.0,0.0
2018-11-23 00:00:00-05:00,55.646357152406694,55.83742458349561,55.646357152406694,55.719146728515625,2700,0.0,0.0,0.0
2018-11-26 00:00:00-05:00,56.16498105822674,56.492527269328065,56.11948930019571,56.410640716552734,23200,0.0,0.0,0.0
2018-11-27 00:00:00-05:00,56.20136475759431,56.71997833251953,56.19226432530553,56.71997833251953,28200,0.0,0.0,0.0
2018-11-28 00:00:00-05:00,56.983839131368775,57.93007937534287,56.90195258930582,57.866390228271484,86700,0.0,0.0,0.0
2018-11-29 00:00:00-05:00,57.84819594687724,58.31221389770508,57.69351982580311,58.31221389770508,301100,0.0,0.0,0.0
2018-11-30 00:00:00-05:00,58.102943905027196,58.46688480696793,58.00285998345361,58.43959045410156,28300,0.0,0.0,0.0
2018-12-03 00:00:00-05:00,59.340351727881995,59.43133523777978,58.89452767026507,59.0673942565918,43200,0.0,0.0,0.0
2018-12-04 00:00:00-05:00,58.92181399826017,58.92181399826017,57.220394134521484,57.220394134521484,25600,0.0,0.0,0.0
2018-12-06 00:00:00-05:00,56.31965036866409,56.59260435453842,55.69185238327506,56.556209564208984,19800,0.0,0.0,0.0
2018-12-07 00:00:00-05:00,57.01113476651752,57.45696227680987,55.801037474235365,55.919315338134766,124100,0.0,0.0,0.0
2018-12-10 00:00:00-05:00,55.755538347486656,56.18316843244566,54.800197716074315,56.02849578857422,94000,0.0,0.0,0.0
2018-12-11 00:00:00-05:00,56.74726844902542,56.74726844902542,55.81922226037536,56.01939010620117,9800,0.0,0.0,0.0
2018-12-12 00:00:00-05:00,56.9929309320199,57.02932571870702,56.34693908691406,56.34693908691406,28300,0.0,0.0,0.0
2018-12-13 00:00:00-05:00,56.70178705702386,56.70178705702386,56.11948427643696,56.37424087524414,33900,0.0,0.0,0.0
2018-12-14 00:00:00-05:00,55.96479944261131,55.96479944261131,55.05495062177303,55.16413497924805,21800,0.0,0.0,0.0
2018-12-17 00:00:00-05:00,54.92636295578063,55.22815433784337,53.865514284605915,54.194740295410156,28800,0.31,0.0,0.0
2018-12-18 00:00:00-05:00,54.53311428317041,54.60627445238562,53.838073488132245,54.231319427490234,24500,0.0,0.0,0.0
2018-12-19 00:00:00-05:00,54.149015286569444,54.85319983652402,52.859535393441035,53.26192855834961,19700,0.0,0.0,0.0
2018-12-20 00:00:00-05:00,53.02414569690893,53.289358717236,52.127911841774285,52.43885040283203,24400,0.0,0.0,0.0
2018-12-21 00:00:00-05:00,52.594317962032505,52.99671109336261,51.112788812173385,51.2316780090332,46700,0.0,0.0,0.0
2018-12-24 00:00:00-05:00,50.87501267289569,50.87501267289569,49.96963163800202,49.97877883911133,30600,0.0,0.0,0.0
2018-12-26 00:00:00-05:00,50.353739779490645,52.50287179359726,49.94220289695404,52.47543716430664,77200,0.0,0.0,0.0
2018-12-27 00:00:00-05:00,51.734679717046966,52.932708740234375,51.02135132312259,52.932708740234375,100400,0.0,0.0,0.0
2018-12-28 00:00:00-05:00,53.24363440189609,53.63688034077356,52.731499263474554,53.0150032043457,120200,0.0,0.0,0.0
2018-12-31 00:00:00-05:00,53.31680531416782,53.399112701416016,52.93270649943354,53.399112701416016,69500,0.0,0.0,0.0
2019-01-02 00:00:00-05:00,52.512021813586045,53.664325223074556,52.512021813586045,53.380821228027344,34000,0.0,0.0,0.0
2019-01-03 00:00:00-05:00,53.005851475490346,53.005851475490346,51.92671203613281,51.92671203613281,12000,0.0,0.0,0.0
2019-01-04 00:00:00-05:00,52.92354430505556,53.93866729736328,52.77722049013233,53.93866729736328,47500,0.0,0.0,0.0
2019-01-07 00:00:00-05:00,53.92038196959,54.55140632132498,53.801496256086985,54.26790237426758,19700,0.0,0.0,0.0
2019-01-08 00:00:00-05:00,54.8531909126319,54.8531909126319,54.27703937664944,54.697723388671875,13100,0.0,0.0,0.0
2019-01-09 00:00:00-05:00,54.944662450534636,55.100130022525974,54.716031205627885,54.89893341064453,10100,0.0,0.0,0.0
2019-01-10 00:00:00-05:00,54.64285401328195,55.2190055847168,54.56969035846828,55.2190055847168,25200,0.0,0.0,0.0
2019-01-11 00:00:00-05:00,54.93550524050318,55.08182907104492,54.725164952139146,55.08182907104492,14400,0.0,0.0,0.0
2019-01-14 00:00:00-05:00,54.908072425430625,54.990379800867686,54.761748590057564,54.88063430786133,23200,0.0,0.0,0.0
2019-01-15 00:00:00-05:00,55.14584204295065,55.511653340498725,55.14584204295065,55.49336242675781,20000,0.0,0.0,0.0
2019-01-16 00:00:00-05:00,55.56652876215193,55.84088901009036,55.56652876215193,55.57567596435547,17700,0.0,0.0,0.0
2019-01-17 00:00:00-05:00,55.447639110803294,56.170111045055705,55.447639110803294,55.97806167602539,53200,0.0,0.0,0.0
2019-01-18 00:00:00-05:00,56.517633089972136,56.7188296664211,56.24327634212785,56.70968246459961,11900,0.0,0.0,0.0
2019-01-22 00:00:00-05:00,56.407885482634505,56.407885482634505,55.62139365864474,55.96891403198242,35700,0.0,0.0,0.0
2019-01-23 00:00:00-05:00,56.19756398761461,56.36217877268076,55.52081392804975,56.08782196044922,30500,0.0,0.0,0.0
2019-01-24 00:00:00-05:00,56.07865838150421,56.13353112338213,55.74942890750696,56.05122375488281,82700,0.0,0.0,0.0
2019-01-25 00:00:00-05:00,56.453620237856434,56.70054237327956,56.38046006178785,56.426185607910156,37300,0.0,0.0,0.0
2019-01-28 00:00:00-05:00,55.98721898254601,55.98721898254601,55.6396985220764,55.92320251464844,29300,0.0,0.0,0.0
2019-01-29 00:00:00-05:00,55.94147827790775,56.09694930226313,55.667121545755165,55.7860107421875,32100,0.0,0.0,0.0
2019-01-30 00:00:00-05:00,56.19755513111511,56.99319080778856,56.13353866797102,56.72797775268555,35600,0.0,0.0,0.0
2019-01-31 00:00:00-05:00,56.78283575270421,57.42300370649832,56.78283575270421,57.413856506347656,23500,0.0,0.0,0.0
2019-02-01 00:00:00-05:00,57.358994765563885,57.62420429784703,57.194380027658404,57.404720306396484,114100,0.0,0.0,0.0
2019-02-04 00:00:00-05:00,57.37729625652866,57.779685974121094,57.33156721863124,57.779685974121094,10200,0.0,0.0,0.0
2019-02-05 00:00:00-05:00,57.83456203149478,58.09062791290195,57.83456203149478,58.0357551574707,15600,0.0,0.0,0.0
2019-02-06 00:00:00-05:00,58.072328482092864,58.072328482092864,57.807115436004494,57.871131896972656,18200,0.0,0.0,0.0
2019-02-07 00:00:00-05:00,57.61505382065431,57.61505382065431,56.9383040344283,57.304115295410156,22500,0.0,0.0,0.0
2019-02-08 00:00:00-05:00,56.92002529928555,57.34070587158203,56.8651525551722,57.34070587158203,34000,0.0,0.0,0.0
2019-02-11 00:00:00-05:00,57.48702823530138,57.48702823530138,57.27668795451448,57.423011779785156,7500,0.0,0.0,0.0
2019-02-12 00:00:00-05:00,57.74310162478831,58.21865499139963,57.74310162478831,58.09976577758789,34100,0.0,0.0,0.0
2019-02-13 00:00:00-05:00,58.24609171860439,58.502161072080405,58.24609171860439,58.31010818481445,16300,0.0,0.0,0.0
2019-02-14 00:00:00-05:00,57.962575475009274,58.3832559925676,57.953428274529635,58.14548110961914,164800,0.0,0.0,0.0
2019-02-15 00:00:00-05:00,58.54787464374563,58.80394744873047,58.54787464374563,58.80394744873047,212500,0.0,0.0,0.0
2019-02-19 00:00:00-05:00,58.69420711131079,59.05087125653461,58.69420711131079,58.858821868896484,3700,0.0,0.0,0.0
2019-02-20 00:00:00-05:00,58.84967085214882,59.0051383972168,58.84967085214882,59.0051383972168,5000,0.0,0.0,0.0
2019-02-21 00:00:00-05:00,58.83138815342931,58.91369204486608,58.593609727159915,58.75822448730469,7100,0.0,0.0,0.0
2019-02-22 00:00:00-05:00,59.014275509499086,59.197184628840354,58.895389814879366,59.178890228271484,8600,0.0,0.0,0.0
2019-02-25 00:00:00-05:00,59.53557366750639,59.60873733905678,59.30694242686522,59.31608963012695,9300,0.0,0.0,0.0
2019-02-26 00:00:00-05:00,59.14232162806186,59.46240393688958,59.14232162806186,59.242919921875,30500,0.0,0.0,0.0
2019-02-27 00:00:00-05:00,59.087448122729654,59.297784920300224,58.968562410071094,59.233768463134766,150300,0.0,0.0,0.0
2019-02-28 00:00:00-05:00,59.1606167140607,59.2337734017274,59.06915864425287,59.1240348815918,32000,0.0,0.0,0.0
2019-03-01 00:00:00-05:00,59.42583151295866,59.56300466715951,59.21548771439848,59.45326614379883,12500,0.0,0.0,0.0
2019-03-04 00:00:00-05:00,59.76418387318525,59.77333107322749,58.831371809687006,59.252052307128906,18600,0.0,0.0,0.0
2019-03-05 00:00:00-05:00,59.169751540950536,59.35266068660759,59.1331766890896,59.19719314575195,16800,0.0,0.0,0.0
2019-03-06 00:00:00-05:00,59.13318391730784,59.16061854819228,58.84967645120213,58.9228401184082,23600,0.0,0.0,0.0
2019-03-07 00:00:00-05:00,58.63933905096313,58.63933905096313,58.20951123195783,58.3649787902832,4500,0.0,0.0,0.0
2019-03-08 00:00:00-05:00,57.9351523203194,58.273529052734375,57.81626659246781,58.273529052734375,6100,0.0,0.0,0.0
2019-03-11 00:00:00-04:00,58.37411899711315,59.19719270324108,58.37411899711315,59.188045501708984,54400,0.0,0.0,0.0
2019-03-12 00:00:00-04:00,59.2154913260631,59.544720870768124,59.2154913260631,59.31608963012695,24000,0.0,0.0,0.0
2019-03-13 00:00:00-04:00,59.498978334021594,59.99282253904753,59.498978334021594,59.7916259765625,18400,0.0,0.0,0.0
2019-03-14 00:00:00-04:00,59.74590392516965,59.855642430328636,59.73675672398301,59.7916259765625,7600,0.0,0.0,0.0
2019-03-15 00:00:00-04:00,59.95623666528468,60.23059686420664,59.87393279196991,60.03854751586914,34600,0.0,0.0,0.0
2019-03-18 00:00:00-04:00,60.16658066328377,60.32204818725586,60.16658066328377,60.32204818725586,8600,0.0,0.0,0.0
2019-03-19 00:00:00-04:00,60.541536893935906,60.733593235350924,60.19401999366497,60.22145462036133,9000,0.0,0.0,0.0
2019-03-20 00:00:00-04:00,60.22697830200195,60.43820043230523,60.02493486839798,60.22697830200195,18100,0.276,0.0,0.0
2019-03-21 00:00:00-04:00,59.969832989598025,60.88820711190955,59.969832989598025,60.82392120361328,47000,0.0,0.0,0.0
2019-03-22 00:00:00-04:00,60.291258031110246,60.31880813166117,59.67594909667969,59.67594909667969,7900,0.0,0.0,0.0
2019-03-25 00:00:00-04:00,59.56574231253425,59.767785727543924,59.31777739169944,59.611663818359375,9900,0.0,0.0,0.0
2019-03-26 00:00:00-04:00,60.06165765447981,60.26370104428325,59.79532836852411,59.942264556884766,11400,0.0,0.0,0.0
2019-03-27 00:00:00-04:00,60.05247470707341,60.05247470707341,59.39124431253419,59.64838790893555,6400,0.0,0.0,0.0
2019-03-28 00:00:00-04:00,59.84126627077829,59.90555218455096,59.74024454818708,59.86881637573242,5300,0.0,0.0,0.0
2019-03-29 00:00:00-04:00,60.13514582363168,60.272896348606075,60.015752693135056,60.26371765136719,6400,0.0,0.0,0.0
2019-04-01 00:00:00-04:00,60.7688082218732,61.00758743286133,60.640236417488325,61.00758743286133,14500,0.0,0.0,0.0
2019-04-02 00:00:00-04:00,61.00758335308758,61.06268354938556,60.90656165544971,61.04431915283203,9500,0.0,0.0,0.0
2019-04-03 00:00:00-04:00,61.33821679035611,61.35658119237248,60.970865690273556,61.14535903930664,6100,0.0,0.0,0.0
2019-04-04 00:00:00-04:00,61.255546658432316,61.28310376565489,61.08106035251726,61.264732360839844,9700,0.0,0.0,0.0
2019-04-05 00:00:00-04:00,61.494327187645496,61.531062991422026,61.439226985299776,61.52187728881836,6700,0.0,0.0,0.0
2019-04-08 00:00:00-04:00,61.50351270974124,61.59534871559396,61.32901939397438,61.56779861450195,5100,0.0,0.0,0.0
2019-04-09 00:00:00-04:00,61.384118465585715,61.39330416799324,61.19126075485561,61.264732360839844,4600,0.0,0.0,0.0
2019-04-10 00:00:00-04:00,61.36575644902565,61.475963862279166,61.31065624571803,61.43922805786133,6900,0.0,0.0,0.0
2019-04-11 00:00:00-04:00,61.521874454039114,61.521874454039114,61.310652350354346,61.43003845214844,1700,0.0,0.0,0.0
2019-04-12 00:00:00-04:00,61.8249324514693,61.8249324514693,61.668810565557806,61.79738235473633,43800,0.0,0.0,0.0
2019-04-15 00:00:00-04:00,61.7882080078125,61.797393710623794,61.613714687589464,61.7882080078125,8900,0.0,0.0,0.0
2019-04-16 00:00:00-04:00,62.05453661750058,62.05453661750058,61.760657190687745,61.84330749511719,3600,0.0,0.0,0.0
2019-04-17 00:00:00-04:00,62.164736717421995,62.164736717421995,61.69636402750322,61.81575012207031,20500,0.0,0.0,0.0
2019-04-18 00:00:00-04:00,61.97186295686436,61.97186295686436,61.62287645198779,61.925941467285156,3000,0.0,0.0,0.0
2019-04-22 00:00:00-04:00,61.86168136108206,62.03617468622456,61.76984535029493,62.0269889831543,4700,0.0,0.0,0.0
2019-04-23 00:00:00-04:00,62.12799837411898,62.559635246507035,62.091262575762855,62.5045280456543,8900,0.0,0.0,0.0
2019-04-24 00:00:00-04:00,62.51371125112685,62.541261347134764,62.339217967560955,62.38513946533203,6200,0.0,0.0,0.0
2019-04-25 00:00:00-04:00,62.40349969401882,62.54125717149769,62.31166371124503,62.41268539428711,9700,0.0,0.0,0.0
2019-04-26 00:00:00-04:00,62.44943740616219,62.69739532470703,62.30249419025548,62.69739532470703,4300,0.0,0.0,0.0
2019-04-29 00:00:00-04:00,62.743319922850354,62.8902631459973,62.67903401438319,62.81679153442383,11600,0.0,0.0,0.0
2019-04-30 00:00:00-04:00,62.74333524935776,62.825992584228516,62.4310913338555,62.825992584228516,5200,0.0,0.0,0.0
2019-05-01 00:00:00-04:00,63.037198788406286,63.037198788406286,62.431075515041584,62.44025421142578,5700,0.0,0.0,0.0
2019-05-02 00:00:00-04:00,62.284142907989406,62.51373647621506,61.89842739496383,62.164756774902344,4600,0.0,0.0,0.0
2019-05-03 00:00:00-04:00,62.50453327396403,62.82596978480799,62.50453327396403,62.7708625793457,38700,0.0,0.0,0.0
2019-05-06 00:00:00-04:00,61.72392298697836,62.65148279835433,61.72392298697836,62.51372528076172,8400,0.0,0.0,0.0
2019-05-07 00:00:00-04:00,61.99025111085236,61.99025111085236,60.99840541148554,61.43922805786133,17000,0.0,0.0,0.0
2019-05-08 00:00:00-04:00,61.40249669788623,61.68719044443338,61.37494659423828,61.37494659423828,11700,0.0,0.0,0.0
2019-05-09 00:00:00-04:00,60.87902532444486,61.255555095358204,60.55759576228982,61.21882629394531,22300,0.0,0.0,0.0
2019-05-10 00:00:00-04:00,61.00760220345648,61.4759750366211,60.32800721479378,61.475975036621094,3800,0.0,0.0,0.0
2019-05-13 00:00:00-04:00,60.291258634331214,60.35554453847255,59.7494142937359,59.98819351196289,33100,0.0,0.0,0.0
2019-05-14 00:00:00-04:00,60.16267937225973,60.686152243023535,60.080022073382715,60.383087158203125,10600,0.0,0.0,0.0
2019-05-15 00:00:00-04:00,60.04329294909762,61.025952903682075,60.04329294909762,60.86064529418945,9800,0.0,0.0,0.0
2019-05-16 00:00:00-04:00,61.44841403057696,61.742293460572455,61.32902091403491,61.40249252319336,22300,0.0,0.0,0.0
2019-05-17 00:00:00-04:00,60.9249216310613,61.61370206135502,60.9249216310613,61.10860061645508,20800,0.0,0.0,0.0
2019-05-20 00:00:00-04:00,60.71371913707215,60.92494128010064,60.51167569129594,60.65861892700195,16100,0.0,0.0,0.0
2019-05-21 00:00:00-04:00,61.10860061645508,61.20962230676244,60.96165742814006,61.10860061645508,105600,0.0,0.0,0.0
2019-05-22 00:00:00-04:00,60.85145809128636,61.08105157200409,60.85145809128636,60.9616584777832,22500,0.0,0.0,0.0
2019-05-23 00:00:00-04:00,60.46574972597439,60.46574972597439,59.868812143132864,60.272891998291016,11700,0.0,0.0,0.0
2019-05-24 00:00:00-04:00,60.49329908910409,60.57594938753943,60.3279914855957,60.3279914855957,7600,0.0,0.0,0.0
2019-05-28 00:00:00-04:00,60.39228472846632,60.62187826088195,59.91472625732421,59.91472625732422,3100,0.0,0.0,0.0
2019-05-29 00:00:00-04:00,59.53818937919986,59.60247528031385,59.14328827046033,59.45553207397461,3700,0.0,0.0,0.0
2019-05-30 00:00:00-04:00,59.55656850844351,59.685140342474696,59.30861054470892,59.52901840209961,10700,0.0,0.0,0.0
2019-05-31 00:00:00-04:00,58.88615158064467,59.02390209446575,58.72084045410156,58.72084045410156,3900,0.0,0.0,0.0
2019-06-03 00:00:00-04:00,58.75757153073185,58.83103963329623,58.14226259639409,58.40858840942383,137600,0.0,0.0,0.0
2019-06-04 00:00:00-04:00,58.95962239821588,59.70351028442383,58.89533648277956,59.70351028442383,11300,0.0,0.0,0.0
2019-06-05 00:00:00-04:00,60.07086381543461,60.208614349365234,59.832084545555595,60.208614349365234,4000,0.0,0.0,0.0
2019-06-06 00:00:00-04:00,60.245335408801246,60.741258229437264,60.245335408801246,60.575950622558594,2900,0.0,0.0,0.0
2019-06-07 00:00:00-04:00,60.84227708395054,61.466771679945644,60.84227708395054,61.30146408081055,18800,0.0,0.0,0.0
2019-06-10 00:00:00-04:00,61.65964571857774,61.944339489955134,61.595359802246094,61.595359802246094,7100,0.0,0.0,0.0
2019-06-11 00:00:00-04:00,62.0820809313557,62.0820809313557,61.54024363512926,61.65044403076172,12100,0.0,0.0,0.0
2019-06-12 00:00:00-04:00,61.59537682685419,61.59537682685419,61.43925484498888,61.44844055175781,2500,0.0,0.0,0.0
2019-06-13 00:00:00-04:00,61.65045219496166,61.78820971438265,61.54943048116217,61.641273498535156,7900,0.0,0.0,0.0
2019-06-14 00:00:00-04:00,61.55861618422716,61.751473908761156,61.521880378605665,61.641273498535156,8900,0.0,0.0,0.0
2019-06-17 00:00:00-04:00,61.70964224296505,61.87592598441063,61.70964224296505,61.72811508178711,5600,0.394,0.0,0.0
2019-06-18 00:00:00-04:00,62.16227926290831,62.57798494850048,62.16227926290831,62.33780288696289,55900,0.0,0.0,0.0
2019-06-19 00:00:00-04:00,62.43018741150401,62.61494394631,62.226950994411396,62.541038513183594,14600,0.0,0.0,0.0
2019-06-20 00:00:00-04:00,63.19696070857682,63.19696070857682,62.71658228706231,63.11381530761719,8400,0.0,0.0,0.0
2019-06-21 00:00:00-04:00,63.049127930047554,63.289317057509535,63.049127930047554,63.14150619506836,9600,0.0,0.0,0.0
2019-06-24 00:00:00-04:00,63.10456142227328,63.169226920728114,62.98447036743164,62.98447036743164,7400,0.0,0.0,0.0
2019-06-25 00:00:00-04:00,63.039896876646594,63.039896876646594,62.35628916150425,62.39324188232422,20100,0.0,0.0,0.0
2019-06-26 00:00:00-04:00,62.624196428215164,62.63343637120881,62.3193417415278,62.3747673034668,8600,0.0,0.0,0.0
2019-06-27 00:00:00-04:00,62.50409790716144,62.651901737375624,62.50409790716144,62.605709075927734,10200,0.0,0.0,0.0
2019-06-28 00:00:00-04:00,62.69810526282747,62.873621901118774,62.66115253686829,62.845909118652344,54600,0.0,0.0,0.0
2019-07-01 00:00:00-04:00,63.584944181301594,63.64960968427559,63.15999844061375,63.36322784423828,30700,0.0,0.0,0.0
2019-07-02 00:00:00-04:00,63.400179743826314,63.566463470458984,63.390946849243655,63.566463470458984,8600,0.0,0.0,0.0
2019-07-03 00:00:00-04:00,63.760448695339676,64.11149597167969,63.760448695339676,64.11149597167969,11900,0.0,0.0,0.0
2019-07-05 00:00:00-04:00,63.84361009731967,64.09303218175437,63.57570812632735,63.90827560424805,22800,0.0,0.0,0.0
2019-07-08 00:00:00-04:00,63.594162503376594,63.7142605871015,63.594162503376594,63.668067932128906,6500,0.0,0.0,0.0
2019-07-09 00:00:00-04:00,63.39094249040288,63.80664825439453,63.38170254844443,63.80664825439453,4700,0.0,0.0,0.0
2019-07-10 00:00:00-04:00,64.05607580266316,64.29626497812944,64.02836302241921,64.13922119140625,9700,0.0,0.0,0.0
2019-07-11 00:00:00-04:00,64.33321048283014,64.39787597881418,64.20387949086205,64.28701782226562,7400,0.0,0.0,0.0
2019-07-12 00:00:00-04:00,64.40712422827133,64.59188079833984,64.37017150465536,64.59188079833984,9900,0.0,0.0,0.0
2019-07-15 00:00:00-04:00,64.6380679035466,64.6380679035466,64.50873690602371,64.57340240478516,6800,0.0,0.0,0.0
2019-07-16 00:00:00-04:00,64.61959599260993,64.61959599260993,64.36093396564836,64.41636657714844,18200,0.0,0.0,0.0
2019-07-17 00:00:00-04:00,64.39787201775228,64.39787201775228,63.982166290283196,63.9821662902832,15100,0.0,0.0,0.0
2019-07-18 00:00:00-04:00,63.926732903655314,64.1854019165039,63.86206741244565,64.1854019165039,4400,0.0,0.0,0.0
2019-07-19 00:00:00-04:00,64.50873609023333,64.50873609023333,63.84360122680664,63.84360122680664,9000,0.0,0.0,0.0
2019-07-22 00:00:00-04:00,63.963687407472925,64.03759284178093,63.834356421438976,64.00988006591797,10300,0.0,0.0,0.0
2019-07-23 00:00:00-04:00,64.19465097118342,64.4071273803711,64.1392254070526,64.4071273803711,10200,0.0,0.0,0.0
2019-07-24 00:00:00-04:00,64.27778053577471,64.72119903564453,64.2500677605341,64.72119903564453,13900,0.0,0.0,0.0
2019-07-25 00:00:00-04:00,64.6934911913455,64.6934911913455,64.2315927741027,64.36092376708984,22700,0.0,0.0,0.0
2019-07-26 00:00:00-04:00,64.47179797054947,64.92445655866423,64.47179797054947,64.89674377441406,6300,0.0,0.0,0.0
2019-07-29 00:00:00-04:00,64.8597829239055,64.8597829239055,64.67502635336595,64.82283020019531,18800,0.0,0.0,0.0
2019-07-30 00:00:00-04:00,64.48103456401458,64.63807836527994,64.48103456401458,64.54570007324219,5500,0.0,0.0,0.0
2019-07-31 00:00:00-04:00,64.64731601029662,64.6750287921214,63.437137169191786,63.90827560424805,13300,0.0,0.0,0.0
2019-08-01 00:00:00-04:00,63.908262993275564,64.64730325348985,63.289320827952004,63.335506439208984,29200,0.0,0.0,0.0
2019-08-02 00:00:00-04:00,63.18771987777964,63.18771987777964,62.5410577114325,62.89210510253906,6900,0.0,0.0,0.0
2019-08-05 00:00:00-04:00,61.88515866622103,61.88515866622103,60.55489578725957,61.07221984863281,20400,0.0,0.0,0.0
2019-08-06 00:00:00-04:00,61.487909139682856,61.857429247572355,61.11839607980319,61.82047653198242,8200,0.0,0.0,0.0
2019-08-07 00:00:00-04:00,61.19229874221709,61.894386291503906,60.62878212408048,61.894386291503906,10300,0.0,0.0,0.0
2019-08-08 00:00:00-04:00,62.25466450564533,62.98446480837188,62.20847184739285,62.96599197387695,7900,0.0,0.0,0.0
2019-08-09 00:00:00-04:00,62.87360568064758,62.98446382992532,62.263903479644995,62.624183654785156,8500,0.0,0.0,0.0
2019-08-12 00:00:00-04:00,62.19923427036924,62.310085365011616,61.69114325989308,61.92209243774414,9900,0.0,0.0,0.0
2019-08-13 00:00:00-04:00,61.90362898504289,63.1415133828595,61.90362898504289,62.87361145019531,13400,0.0,0.0,0.0
2019-08-14 00:00:00-04:00,61.92211937280624,61.92211937280624,61.10918045043945,61.10918045043945,8500,0.0,0.0,0.0
2019-08-15 00:00:00-04:00,61.24773274346022,61.340111017001796,60.74888160872312,61.25696563720703,37400,0.0,0.0,0.0
2019-08-16 00:00:00-04:00,61.571066081018046,62.0976300430992,61.571066081018046,62.05143737792969,5700,0.0,0.0,0.0
2019-08-19 00:00:00-04:00,62.79972755299313,62.9198186341074,62.661156583699885,62.88286590576172,4900,0.0,0.0,0.0
2019-08-20 00:00:00-04:00,62.698087870662995,62.77198625407045,62.36552047729492,62.36552047729492,10900,0.0,0.0,0.0
2019-08-21 00:00:00-04:00,62.85513861429221,62.97522966768899,62.81818589447536,62.87361145019531,4600,0.0,0.0,0.0
2019-08-22 00:00:00-04:00,62.93828433510863,63.00294984037542,62.45791301712837,62.956764221191406,10700,0.0,0.0,0.0
2019-08-23 00:00:00-04:00,62.55951768018833,62.84589242026633,60.970586126187904,61.03525161743164,14600,0.0,0.0,0.0
2019-08-26 00:00:00-04:00,61.73733691320483,61.949806213378906,61.44172224269459,61.949806213378906,12400,0.0,0.0,0.0
2019-08-27 00:00:00-04:00,62.25467315054214,62.32857859480483,61.53411268900862,61.74658203125,7100,0.0,0.0,0.0
2019-08-28 00:00:00-04:00,61.32163344512527,62.125339256056265,61.32163344512527,62.08838653564453,5200,0.0,0.0,0.0
2019-08-29 00:00:00-04:00,62.67961627982936,62.975230996591584,62.661143443536446,62.8643798828125,6700,0.0,0.0,0.0
2019-08-30 00:00:00-04:00,63.233891163353114,63.233891163353114,62.716567185988495,62.919803619384766,7700,0.0,0.0,0.0
2019-09-03 00:00:00-04:00,62.485617846220435,62.58723606270922,62.217715916205506,62.49485778808594,28900,0.0,0.0,0.0
2019-09-04 00:00:00-04:00,63.01217853256583,63.19694212034667,62.827421992795195,63.18770217895508,15900,0.0,0.0,0.0
2019-09-05 00:00:00-04:00,63.76045652285431,64.19464217709746,63.76045652285431,64.02835845947266,14200,0.0,0.0,0.0
2019-09-06 00:00:00-04:00,64.16692939882846,64.16692939882846,64.02835845947266,64.02835845947266,3700,0.0,0.0,0.0
2019-09-09 00:00:00-04:00,64.13921662055945,64.13921662055945,63.843601905672095,64.02835845947266,4100,0.0,0.0,0.0
2019-09-10 00:00:00-04:00,63.658853273327516,63.87132263183594,63.56646793692041,63.87132263183594,7200,0.0,0.0,0.0
2019-09-11 00:00:00-04:00,64.10226789406026,64.37940979003906,63.97293688873981,64.37940979003906,3600,0.0,0.0,0.0
2019-09-12 00:00:00-04:00,64.66575977636145,64.9059488575446,64.51794894239998,64.6288070678711,11800,0.0,0.0,0.0
2019-09-13 00:00:00-04:00,64.75815538808568,64.79510810648469,64.58263878570334,64.6103515625,3400,0.0,0.0,0.0
2019-09-16 00:00:00-04:00,64.22234802762941,64.61958091866035,64.22234802762941,64.33320617675781,15600,0.0,0.0,0.0
2019-09-17 00:00:00-04:00,64.32398445910849,64.53646087646484,64.32398445910849,64.53646087646484,2700,0.0,0.0,0.0
2019-09-18 00:00:00-04:00,64.45330355752152,64.59187449555704,64.12074317345123,64.5826416015625,5600,0.0,0.0,0.0
2019-09-19 00:00:00-04:00,64.75816577628252,64.97987507423177,64.6288347651445,64.65654754638672,7000,0.0,0.0,0.0
2019-09-20 00:00:00-04:00,64.77663708064459,64.77663708064459,64.43482971191406,64.43482971191406,3600,0.0,0.0,0.0
2019-09-23 00:00:00-04:00,64.12996976069408,64.40711160951007,64.12996976069408,64.33320617675781,3500,0.0,0.0,0.0
2019-09-24 00:00:00-04:00,64.55226867417989,64.63579804194835,63.559157175246064,63.72622299194336,5900,0.326,0.0,0.0
2019-09-25 00:00:00-04:00,63.7540522981582,64.19028000728466,63.70764238312647,64.16242980957031,17500,0.0,0.0,0.0
2019-09-26 00:00:00-04:00,64.15316469891982,64.19029122119937,63.67981039130571,63.958255767822266,9700,0.0,0.0,0.0
2019-09-27 00:00:00-04:00,64.21813311777247,64.21813311777247,63.373520684632446,63.57771301269531,4600,0.0,0.0,0.0
2019-09-30 00:00:00-04:00,63.781901539558206,64.11603313262789,63.781901539558206,63.976810455322266,10100,0.0,0.0,0.0
2019-10-01 00:00:00-04:00,64.1995818413819,64.26455149955311,63.25288009643555,63.25288009643555,9200,0.0,0.0,0.0
2019-10-02 00:00:00-04:00,62.89086954005725,62.89086954005725,61.944161251874625,62.074100494384766,13500,0.0,0.0,0.0
2019-10-03 00:00:00-04:00,62.12052953895757,62.556757307983546,61.4151398043377,62.5474739074707,24600,0.0,0.0,0.0
2019-10-04 00:00:00-04:00,62.798060675893545,63.577696178986564,62.798060675893545,63.56841278076172,51400,0.0,0.0,0.0
2019-10-07 00:00:00-04:00,63.503463003285766,63.64268569553967,63.36424031103187,63.3735237121582,4800,0.0,0.0,0.0
2019-10-08 00:00:00-04:00,62.83519566534563,62.918732107737846,62.296878814697266,62.296878814697266,13700,0.0,0.0,0.0
2019-10-09 00:00:00-04:00,62.74236690944175,63.104341544827996,62.71452379612866,62.890872955322266,18800,0.0,0.0,0.0
2019-10-10 00:00:00-04:00,62.965131101959244,63.51273840084167,62.965131101959244,63.345672607421875,25600,0.0,0.0,0.0
2019-10-11 00:00:00-04:00,64.18098940676616,64.41302479357213,64.01392364501953,64.01392364501953,26100,0.0,0.0,0.0
2019-10-14 00:00:00-04:00,63.94897492743908,64.11604074380621,63.9025650024414,63.902565002441406,13800,0.0,0.0,0.0
2019-10-15 00:00:00-04:00,64.18100996192145,64.75645337355553,64.18100996192145,64.59867095947266,52500,0.0,0.0,0.0
2019-10-16 00:00:00-04:00,64.48729233953328,64.58010509892574,64.33878625957765,64.45944213867188,53900,0.0,0.0,0.0
2019-10-17 00:00:00-04:00,64.71003452392864,64.79356387031368,64.4965588367915,64.54296875,50100,0.0,0.0,0.0
2019-10-18 00:00:00-04:00,64.53367686914356,64.63577299985643,64.13457574394536,64.3387680053711,15300,0.0,0.0,0.0
2019-10-21 00:00:00-04:00,64.61722707736045,64.72859954833984,64.51513092485658,64.72859954833984,15800,0.0,0.0,0.0
2019-10-22 00:00:00-04:00,64.8399698929432,64.92349923431624,64.46871185302734,64.46871185302734,38500,0.0,0.0,0.0
2019-10-23 00:00:00-04:00,64.55226811594493,64.59867095947266,64.41304542304108,64.59867095947266,14900,0.0,0.0,0.0
2019-10-24 00:00:00-04:00,64.69146582219312,64.8306884765625,64.65434639010908,64.8306884765625,11400,0.0,0.0,0.0
2019-10-25 00:00:00-04:00,64.67292179394916,65.21124574480828,64.67292179394916,65.08130645751953,10500,0.0,0.0,0.0
2019-10-28 00:00:00-04:00,65.43399057047483,65.62889947988181,65.43399057047483,65.5824966430664,26500,0.0,0.0,0.0
2019-10-29 00:00:00-04:00,65.5082450895998,65.71243740345561,65.44327545166016,65.44327545166016,23900,0.0,0.0,0.0
2019-10-30 00:00:00-04:00,65.39686101232019,65.72170917956441,65.32260797947609,65.71243286132812,36000,0.0,0.0,0.0
2019-10-31 00:00:00-04:00,65.45255853576803,65.48968505859375,65.2576496018032,65.48968505859375,4400,0.0,0.0,0.0
2019-11-01 00:00:00-04:00,65.94446935795865,66.12081146240234,65.89805944138136,66.12081146240234,6100,0.0,0.0,0.0
2019-11-04 00:00:00-05:00,66.49208344705261,66.53849337332863,66.3807038726865,66.40855407714844,5300,0.0,0.0,0.0
2019-11-05 00:00:00-05:00,66.47351482737778,66.47351482737778,66.31572534785667,66.35285186767578,33300,0.0,0.0,0.0
2019-11-06 00:00:00-05:00,66.35286491088355,66.4364013671875,66.21364220448433,66.4364013671875,18200,0.0,0.0,0.0
2019-11-07 00:00:00-05:00,66.75192980277254,66.92827894006412,66.63127396634822,66.64983367919922,17900,0.0,0.0,0.0
2019-11-08 00:00:00-05:00,66.61272167256706,66.84475708007812,66.54775204171031,66.84475708007812,7600,0.0,0.0,0.0
2019-11-11 00:00:00-05:00,66.67770668364125,66.77980285298882,66.6591469624691,66.74268341064453,15800,0.0,0.0,0.0
2019-11-12 00:00:00-05:00,66.80763474208474,67.0582298555932,66.77978454622081,66.87260437011719,12300,0.0,0.0,0.0
2019-11-13 00:00:00-05:00,66.81691437518249,66.99326355194648,66.81691437518249,66.94685363769531,13400,0.0,0.0,0.0
2019-11-14 00:00:00-05:00,66.90045049771103,67.03967315866718,66.71481792271662,66.9932632446289,32100,0.0,0.0,0.0
2019-11-15 00:00:00-05:00,67.31810771765781,67.46661376953125,67.1881684628477,67.46661376953125,51200,0.0,0.0,0.0
2019-11-18 00:00:00-05:00,67.46660686764366,67.60582242558527,67.41091356330945,67.52229309082031,11600,0.0,0.0,0.0
2019-11-19 00:00:00-05:00,67.78217576665851,67.78217576665851,67.42948452946071,67.55014038085938,8800,0.0,0.0,0.0
2019-11-20 00:00:00-05:00,67.42020302158616,67.47588924976868,66.9468488385601,67.26242065429688,19900,0.0,0.0,0.0
2019-11-21 00:00:00-05:00,67.16033056150086,67.29026982639705,67.12320404565068,67.25314331054688,2400,0.0,0.0,0.0
2019-11-22 00:00:00-05:00,67.39238928503953,67.39238928503953,67.20676372274148,67.35526275634766,7500,0.0,0.0,0.0
2019-11-25 00:00:00-05:00,67.60583233137184,67.8378677368164,67.60583233137184,67.8378677368164,8100,0.0,0.0,0.0
2019-11-26 00:00:00-05:00,67.96782150032277,68.08847737511195,67.93069498165856,68.03279113769531,11500,0.0,0.0,0.0
2019-11-27 00:00:00-05:00,68.19058368534017,68.3390827009505,68.1070472356165,68.30195617675781,6100,0.0,0.0,0.0
2019-11-29 00:00:00-05:00,68.21840019707537,68.27408642106171,68.07917755595184,68.1255874633789,12000,0.0,0.0,0.0
2019-12-02 00:00:00-05:00,68.29267696294995,68.29267696294995,67.42022138428962,67.53160095214844,11300,0.0,0.0,0.0
2019-12-03 00:00:00-05:00,66.86333042818868,67.0860824584961,66.58488507943488,67.0860824584961,18400,0.0,0.0,0.0
2019-12-04 00:00:00-05:00,67.53159205985177,67.55943517786018,67.43877930610407,67.47589874267578,9600,0.0,0.0,0.0
2019-12-05 00:00:00-05:00,67.59655186633624,67.59655186633624,67.36451647512774,67.5594253540039,8400,0.0,0.0,0.0
2019-12-06 00:00:00-05:00,68.190565136297,68.32050439504542,68.15343862220338,68.22769165039062,38700,0.0,0.0,0.0
2019-12-09 00:00:00-05:00,68.16271803482711,68.26481417232431,68.00492858886719,68.00492858886719,6200,0.0,0.0,0.0
2019-12-10 00:00:00-05:00,67.95855328585404,68.0513660626741,67.86574050903397,67.8843002319336,14900,0.0,0.0,0.0
2019-12-11 00:00:00-05:00,68.01424288267513,68.12562246903677,67.92143010128778,68.1070556640625,4800,0.0,0.0,0.0
2019-12-12 00:00:00-05:00,68.12559599898061,68.8124188117771,68.09775288349891,68.72888946533203,24800,0.0,0.0,0.0
2019-12-13 00:00:00-05:00,68.7196036392822,68.94235563642674,68.50612795953155,68.76600646972656,3500,0.0,0.0,0.0
2019-12-16 00:00:00-05:00,69.20783044927369,69.40399875491438,69.20783044927369,69.3012466430664,7600,0.473,0.0,0.0
2019-12-17 00:00:00-05:00,69.40400885875945,69.40400885875945,69.29191368588236,69.31059265136719,6600,0.0,0.0,0.0
2019-12-18 00:00:00-05:00,69.41334603682527,69.4693971876082,69.30125798857178,69.338623046875,8800,0.0,0.0,0.0
2019-12-19 00:00:00-05:00,69.37598454248116,69.59083185709773,69.37598454248116,69.553466796875,11300,0.0,0.0,0.0
2019-12-20 00:00:00-05:00,70.02986386211948,70.02986386211948,69.87106769786436,69.93645477294922,8000,0.0,0.0,0.0
2019-12-23 00:00:00-05:00,70.13261358274069,70.13261358274069,69.99249639048277,70.02986145019531,11400,0.0,0.0,0.0
2019-12-24 00:00:00-05:00,70.01116621675308,70.02050926212554,69.96446524320174,69.97380828857422,2900,0.0,0.0,0.0
2019-12-26 00:00:00-05:00,70.12326238419071,70.36613168076,70.12326238419071,70.3567886352539,6900,0.0,0.0,0.0
2019-12-27 00:00:00-05:00,70.59967303527847,70.59967303527847,70.36614673425677,70.43153381347656,20500,0.0,0.0,0.0
2019-12-30 00:00:00-05:00,70.3848096384413,70.3848096384413,69.96446524320174,69.97380828857422,22900,0.0,0.0,0.0
2019-12-31 00:00:00-05:00,69.79634186194923,70.19800738403805,69.79634186194923,70.1793212890625,12100,0.0,0.0,0.0
2020-01-02 00:00:00-05:00,70.50625316825884,70.92659759521484,70.41283696079658,70.92659759521484,64600,0.0,0.0,0.0
2020-01-03 00:00:00-05:00,70.19800381174439,70.6557133421533,70.16063875035188,70.3941650390625,26300,0.0,0.0,0.0
2020-01-06 00:00:00-05:00,69.91777198770106,70.65571594238281,69.63754470692962,70.65571594238281,13500,0.0,0.0,0.0
2020-01-07 00:00:00-05:00,70.59032384995643,70.59966689664893,70.4128415960817,70.4875717163086,16300,0.0,0.0,0.0
2020-01-08 00:00:00-05:00,70.62766755024072,71.10406301429083,70.53425849153494,70.87053680419922,25000,0.0,0.0,0.0
2020-01-09 00:00:00-05:00,71.29089877949929,71.41232987321116,71.22551170955347,71.38430786132812,28500,0.0,0.0,0.0
2020-01-10 00:00:00-05:00,71.5617979154877,71.58047688322958,71.16013240579666,71.20684051513672,11400,0.0,0.0,0.0
2020-01-13 00:00:00-05:00,71.44969269959851,71.72992706298828,71.39364867758293,71.72992706298828,14800,0.0,0.0,0.0
2020-01-14 00:00:00-05:00,71.6552148273147,71.83269711018745,71.47773254444193,71.56180572509766,90600,0.0,0.0,0.0
2020-01-15 00:00:00-05:00,71.5617878702856,71.87938016391516,71.5617878702856,71.72992706298828,14700,0.0,0.0,0.0
2020-01-16 00:00:00-05:00,72.01016640131793,72.22501373291016,71.99148743305896,72.22501373291016,8700,0.0,0.0,0.0
2020-01-17 00:00:00-05:00,72.43052135132282,72.54261654600816,72.30909023540679,72.51458740234375,17600,0.0,0.0,0.0
2020-01-21 00:00:00-05:00,72.31842686853578,72.5706392773962,72.30909094721318,72.43986511230469,10000,0.0,0.0,0.0
2020-01-22 00:00:00-05:00,72.66402864472137,72.74809467374104,72.43984544068005,72.47720336914062,5300,0.0,0.0,0.0
2020-01-23 00:00:00-05:00,72.43051668835447,72.52392578125,72.0568731901154,72.52392578125,19000,0.0,0.0,0.0
2020-01-24 00:00:00-05:00,72.74809947053878,72.74809947053878,71.58981119218625,71.86070251464844,11900,0.0,0.0,0.0
2020-01-27 00:00:00-05:00,70.63703456181136,71.00133500303195,70.40350827248243,70.7491226196289,17700,0.0,0.0,0.0
2020-01-28 00:00:00-05:00,71.14145531486565,71.62718688219479,70.99199506236002,71.5431137084961,15800,0.0,0.0,0.0
2020-01-29 00:00:00-05:00,71.85140004141267,71.87942206875697,71.51512145996094,71.51512145996094,20100,0.0,0.0,0.0
2020-01-30 00:00:00-05:00,71.029357324444,71.78598022460938,70.91726213948526,71.78598022460938,14100,0.0,0.0,0.0
2020-01-31 00:00:00-05:00,71.68321038701697,71.68321038701697,70.26337402807006,70.51557922363281,27200,0.0,0.0,0.0
2020-02-03 00:00:00-05:00,70.80518006607632,71.4030068497414,70.80518006607632,71.04804229736328,13900,0.0,0.0,0.0
2020-02-04 00:00:00-05:00,71.92611332302843,72.40250905608687,71.92611332302843,72.14096069335938,23100,0.0,0.0,0.0
2020-02-05 00:00:00-05:00,72.88823086837306,72.94427490234375,72.53327344212964,72.94427490234375,12800,0.0,0.0,0.0
2020-02-06 00:00:00-05:00,73.38329405186245,73.38329405186245,72.95360656295605,73.23384094238281,10500,0.0,0.0,0.0
2020-02-07 00:00:00-05:00,73.22450761083263,73.27121572248608,72.81349903358559,72.96295928955078,22700,0.0,0.0,0.0
2020-02-10 00:00:00-05:00,72.79480544218008,73.50472726209394,72.79480544218008,73.4953842163086,11500,0.0,0.0,0.0
2020-02-11 00:00:00-05:00,73.8596753035037,74.02781447317776,73.53274000876388,73.61680603027344,18500,0.0,0.0,0.0
2020-02-12 00:00:00-05:00,73.9437552188531,74.10255135845159,73.8503390175311,74.09320831298828,24300,0.0,0.0,0.0
2020-02-13 00:00:00-05:00,73.74759613974089,74.20531277828374,73.74759613974089,73.97178649902344,10500,0.0,0.0,0.0
2020-02-14 00:00:00-05:00,74.25202049601074,74.25202049601074,73.85969802165037,74.12124633789062,24100,0.0,0.0,0.0
2020-02-18 00:00:00-05:00,73.99047405581562,74.037182167753,73.6168305402884,73.92508697509766,36000,0.0,0.0,0.0
2020-02-19 00:00:00-05:00,74.38278198242188,74.50422019902909,74.31739491450104,74.38278198242188,26600,0.0,0.0,0.0
2020-02-20 00:00:00-05:00,74.36412800210438,74.36412800210438,73.26188339635313,74.00917053222656,7400,0.0,0.0,0.0
2020-02-21 00:00:00-05:00,73.75693847509521,73.75693847509521,73.00965866466257,73.1871337890625,9800,0.0,0.0,0.0
2020-02-24 00:00:00-05:00,70.94528531042036,71.45904600820091,70.52494083162313,70.70242309570312,28700,0.0,0.0,0.0
2020-02-25 00:00:00-05:00,71.07605423934035,71.11341929885513,68.46990725975608,68.56331634521484,42200,0.0,0.0,0.0
2020-02-26 00:00:00-05:00,69.12378908749733,69.6749077688858,68.39518812657,68.42321014404297,115200,0.0,0.0,0.0
2020-02-27 00:00:00-05:00,66.7605071056645,67.66659038929673,65.35000610351562,65.35000610351562,145300,0.0,0.0,0.0
2020-02-28 00:00:00-05:00,63.154834820795244,64.98567962646484,62.6784393115345,64.98567962646484,92900,0.0,0.0,0.0
2020-03-02 00:00:00-05:00,65.35000538350234,67.90011596679688,64.89229578581381,67.90011596679688,41700,0.0,0.0,0.0
2020-03-03 00:00:00-05:00,68.29242674018634,68.76882235275767,65.47142525187715,65.96650695800781,43300,0.0,0.0,0.0
2020-03-04 00:00:00-05:00,67.30227312883807,68.80618286132812,66.95665168742056,68.80618286132812,36000,0.0,0.0,0.0
2020-03-05 00:00:00-05:00,67.28360426566272,67.72263490114923,66.09729365898588,66.56434631347656,17200,0.0,0.0,0.0
2020-03-06 00:00:00-05:00,64.51864229822084,65.48076946055872,63.98620264883693,65.4153823852539,18900,0.0,0.0,0.0
2020-03-09 00:00:00-04:00,60.46463152609044,62.36086390401525,60.389901401182826,60.558040618896484,44100,0.0,0.0,0.0
2020-03-10 00:00:00-04:00,62.89328821234356,63.46309280395508,60.576704792569124,63.46309280395508,232100,0.0,0.0,0.0
2020-03-11 00:00:00-04:00,61.83776645209984,62.08997886767688,59.86680374860122,60.6047477722168,31700,0.0,0.0,0.0
2020-03-12 00:00:00-04:00,56.04630310718116,58.783231193981415,54.82262420654297,54.82262420654297,380200,0.0,0.0,0.0
2020-03-13 00:00:00-04:00,57.99859065172802,59.95087061652267,55.41111888074851,59.91350555419922,229100,0.0,0.0,0.0
2020-03-16 00:00:00-04:00,53.01980319761005,57.02711487810629,52.683528359312184,53.01046371459961,67200,0.0,0.0,0.0
2020-03-17 00:00:00-04:00,54.29953463691199,56.77491120429643,53.29069934092489,56.298519134521484,157200,0.0,0.0,0.0
2020-03-18 00:00:00-04:00,53.10388576703137,54.68252603094088,50.918079185973504,53.74842071533203,44500,0.0,0.0,0.0
2020-03-19 00:00:00-04:00,53.20662346684992,54.80394226738685,52.01097012796773,53.81379318237305,139600,0.0,0.0,0.0
2020-03-20 00:00:00-04:00,54.65448954742961,54.682515124371825,51.43182970201013,51.553260803222656,112200,0.0,0.0,0.0
2020-03-23 00:00:00-04:00,51.74008255722995,51.74008255722995,49.29272811546575,50.049354553222656,100700,0.0,0.0,0.0
2020-03-24 00:00:00-04:00,53.14123644959888,54.69185071122737,52.69286644707922,54.67316818237305,725400,0.0,0.0,0.0
2020-03-25 00:00:00-04:00,55.39945416104785,57.24797684565205,53.963795162777565,55.174251556396484,60400,0.264,0.0,0.0
2020-03-26 00:00:00-04:00,55.868620302668404,58.702400220274725,55.868620302668404,58.41151428222656,71700,0.0,0.0,0.0
2020-03-27 00:00:00-04:00,56.62867265965746,58.298916019677755,56.38470645892131,56.60990905761719,320100,0.0,0.0,0.0
2020-03-30 00:00:00-04:00,57.12599766480521,58.68363803509269,56.9289440360748,58.56165313720703,82000,0.0,0.0,0.0
2020-03-31 00:00:00-04:00,58.524113341238554,58.983900326313005,57.613928330785185,57.754676818847656,269900,0.0,0.0,0.0
2020-04-01 00:00:00-04:00,55.95307229813478,56.35655775399175,54.89274980394268,55.31500244140625,297800,0.0,0.0,0.0
2020-04-02 00:00:00-04:00,55.10855569930586,56.58174514770508,54.930272879888264,56.58174514770508,44100,0.0,0.0,0.0
2020-04-03 00:00:00-04:00,56.525459732835635,56.62867386414799,55.146102287734905,55.756019592285156,467300,0.0,0.0,0.0
2020-04-06 00:00:00-04:00,57.95172302592157,59.72518392606797,57.6420735090371,59.44367980957031,46800,0.0,0.0,0.0
2020-04-07 00:00:00-04:00,61.58309130983195,61.58309130983195,59.396766662597656,59.396766662597656,25800,0.0,0.0,0.0
2020-04-08 00:00:00-04:00,59.98793403936061,61.526807412443596,59.575066708366855,61.226539611816406,293900,0.0,0.0,0.0
2020-04-09 00:00:00-04:00,62.13672446068793,62.53082458174907,61.60187225097677,62.071041107177734,95400,0.0,0.0,0.0
2020-04-13 00:00:00-04:00,61.883347789490266,62.07101956219856,60.719811434483354,61.63938522338867,57600,0.0,0.0,0.0
2020-04-14 00:00:00-04:00,62.99997599984271,63.7224998474121,62.774777015705915,63.72249984741211,88400,0.0,0.0,0.0
2020-04-15 00:00:00-04:00,62.3900741214407,62.76541064798724,61.96782500341883,62.427608489990234,53600,0.0,0.0,0.0
2020-04-16 00:00:00-04:00,62.849849559220985,62.97183085827963,62.11794028802791,62.821693420410156,49200,0.0,0.0,0.0
2020-04-17 00:00:00-04:00,64.14475758334316,64.32304401452265,63.41285541589752,64.26673889160156,79100,0.0,0.0,0.0
2020-04-20 00:00:00-04:00,63.544206509152055,64.24795952189261,63.2533242214153,63.3471565246582,34400,0.0,0.0,0.0
2020-04-21 00:00:00-04:00,62.305622086997744,62.37130543687272,61.09516564591766,61.329750061035156,53600,0.0,0.0,0.0
2020-04-22 00:00:00-04:00,62.58711157768209,63.00936776958074,62.22116050673833,62.69971466064453,33300,0.0,0.0,0.0
2020-04-23 00:00:00-04:00,62.9343079361678,63.713129929023864,62.690338134765625,62.690338134765625,50400,0.0,0.0,0.0
2020-04-24 00:00:00-04:00,63.11258452812907,63.68497099646499,62.57773242021896,63.49729919433594,42300,0.0,0.0,0.0
2020-04-27 00:00:00-04:00,63.966483228290166,64.55764059740574,63.957105005155825,64.3418197631836,45400,0.0,0.0,0.0
2020-04-28 00:00:00-04:00,65.02679155640547,65.13000925403048,63.769415584858564,63.77880096435547,23800,0.0,0.0,0.0
2020-04-29 00:00:00-04:00,65.3176794079615,65.84314616102498,64.94234294479578,65.53349304199219,35200,0.0,0.0,0.0
2020-04-30 00:00:00-04:00,65.21444579875676,65.33642707698716,64.6983573928861,65.22383117675781,38500,0.0,0.0,0.0
2020-05-01 00:00:00-04:00,63.806946518733156,64.18228293004444,63.23456010224644,63.431610107421875,48400,0.0,0.0,0.0
2020-05-04 00:00:00-04:00,62.849865071620215,63.69436331175757,62.71849120158562,63.638065338134766,43600,0.0,0.0,0.0
2020-05-05 00:00:00-04:00,64.2761220114674,64.9141918302019,64.22920227050781,64.22920227050781,21200,0.0,0.0,0.0
2020-05-06 00:00:00-04:00,64.75468799680726,64.76406621955482,63.938331604003906,63.938331604003906,21100,0.0,0.0,0.0
2020-05-07 00:00:00-04:00,64.5857549741251,65.0267746293676,64.53883524780117,64.6326675415039,26700,0.0,0.0,0.0
2020-05-08 00:00:00-04:00,65.24260515448026,65.6836249244042,65.13938745688328,65.62732696533203,17800,0.0,0.0,0.0
2020-05-11 00:00:00-04:00,65.30830560288162,66.09651303112588,65.16755350937919,65.82439422607422,23000,0.0,0.0,0.0
2020-05-12 00:00:00-04:00,66.1809417399807,66.1809417399807,64.57638549804688,64.57638549804688,34700,0.0,0.0,0.0
2020-05-13 00:00:00-04:00,64.42627434621734,64.73592036769797,62.96246256552674,63.60053253173828,22200,0.0,0.0,0.0
2020-05-14 00:00:00-04:00,63.0469043321747,64.26673889160156,62.52143041894768,64.26673889160156,18200,0.0,0.0,0.0
2020-05-15 00:00:00-04:00,63.70373134973759,64.57638549804688,63.59112827420039,64.57638549804688,456700,0.0,0.0,0.0
2020-05-18 00:00:00-04:00,65.9369798611025,66.63135483806045,65.88068189608613,66.2654037475586,27000,0.0,0.0,0.0
2020-05-19 00:00:00-04:00,66.32170402904211,66.48121970812515,65.7211685180664,65.7211685180664,31200,0.0,0.0,0.0
2020-05-20 00:00:00-04:00,66.64073321418168,66.92223735781197,66.42491957515317,66.7908706665039,74700,0.0,0.0,0.0
2020-05-21 00:00:00-04:00,66.76272209532559,66.8565544241313,66.05896889086105,66.31231689453125,54700,0.0,0.0,0.0
2020-05-22 00:00:00-04:00,66.35923286613001,66.44367980957031,65.9463620521177,66.44367980957031,47200,0.0,0.0,0.0
2020-05-26 00:00:00-04:00,67.76673461073679,67.78549821058284,66.95037841796875,66.95037841796875,21800,0.0,0.0,0.0
2020-05-27 00:00:00-04:00,67.55091145267014,67.91686248779297,66.54689066111193,67.91686248779297,35300,0.0,0.0,0.0
2020-05-28 00:00:00-04:00,68.29220145284988,68.68630148094167,67.79488372802734,67.79488372802734,32500,0.0,0.0,0.0
2020-05-29 00:00:00-04:00,67.6635301434096,68.28282928466797,67.14744155990402,68.28282928466797,50600,0.0,0.0,0.0
2020-06-01 00:00:00-04:00,68.12330269965673,68.51740274094753,68.12330269965673,68.41419219970703,27900,0.0,0.0,0.0
2020-06-02 00:00:00-04:00,68.64876158231054,68.93964385986328,68.23589087176168,68.93964385986328,22400,0.0,0.0,0.0
2020-06-03 00:00:00-04:00,69.4275936509326,69.86861344696636,69.3712956885274,69.66217803955078,45300,0.0,0.0,0.0
2020-06-04 00:00:00-04:00,69.55896184730041,69.8310806030841,69.02410971598697,69.49327850341797,46500,0.0,0.0,0.0
2020-06-05 00:00:00-04:00,70.71311518868076,71.47316627943835,70.71311518868076,71.16351318359375,48400,0.0,0.0,0.0
2020-06-08 00:00:00-04:00,71.66084747719547,71.99864959716797,71.22921302588573,71.99864959716797,26600,0.0,0.0,0.0
2020-06-09 00:00:00-04:00,71.62332019254016,71.99865671393762,71.35120139350073,71.73591613769531,69200,0.0,0.0,0.0
2020-06-10 00:00:00-04:00,72.15815316666435,72.19568752468977,71.38871672450989,71.60453033447266,16100,0.0,0.0,0.0
2020-06-11 00:00:00-04:00,70.10320179410799,70.10320179410799,67.40079206185037,67.4195556640625,84200,0.0,0.0,0.0
2020-06-12 00:00:00-04:00,69.31499038403848,69.31499038403848,66.9879103455016,68.23590087890625,64200,0.0,0.0,0.0
2020-06-15 00:00:00-04:00,66.7439104738095,68.96682422061563,66.59320104666692,68.7313461303711,20100,0.276,0.0,0.0
2020-06-16 00:00:00-04:00,70.67168862823132,70.67168862823132,69.04218414503856,70.08770751953125,159200,0.0,0.0,0.0
2020-06-17 00:00:00-04:00,70.47388624634613,70.47388624634613,69.81455043367006,69.93699645996094,27900,0.0,0.0,0.0
2020-06-18 00:00:00-04:00,69.81455383809708,69.99351231813792,69.59791081124123,69.89932250976562,20100,0.0,0.0,0.0
2020-06-19 00:00:00-04:00,70.96367934083699,70.96367934083699,69.35300994075617,69.60733032226562,18800,0.0,0.0,0.0
2020-06-22 00:00:00-04:00,69.6638509137481,70.12538604831062,69.28708445878542,70.09712982177734,14400,0.0,0.0,0.0
2020-06-23 00:00:00-04:00,70.6434432281651,71.0390447855494,70.40796508407122,70.4644775390625,15800,0.0,0.0,0.0
2020-06-24 00:00:00-04:00,70.01235757652903,70.15364588822217,68.41110202104332,68.68425750732422,143700,0.0,0.0,0.0
2020-06-25 00:00:00-04:00,68.59006236928988,69.56023101538075,68.28865068131775,69.53197479248047,26700,0.0,0.0,0.0
2020-06-26 00:00:00-04:00,69.37184358157991,69.37184358157991,67.79885173694441,67.80826568603516,309300,0.0,0.0,0.0
2020-06-29 00:00:00-04:00,68.10969369498702,68.6560046947026,67.58222497041882,68.6465835571289,45600,0.0,0.0,0.0
2020-06-30 00:00:00-04:00,68.72192096598751,69.91815361858771,68.64656625683368,69.72976684570312,37600,0.0,0.0,0.0
2020-07-01 00:00:00-04:00,70.01236273990004,70.53041033935125,69.90875178276528,70.24784088134766,38600,0.0,0.0,0.0
2020-07-02 00:00:00-04:00,71.11441493941835,71.3122157610089,70.53042642837181,70.67171478271484,150600,0.0,0.0,0.0
2020-07-06 00:00:00-04:00,71.6606816618455,71.9244159271713,71.48171604485167,71.85848236083984,55200,0.0,0.0,0.0
2020-07-07 00:00:00-04:00,71.77372297270284,72.1222331524389,71.1803207397461,71.1803207397461,40800,0.0,0.0,0.0
2020-07-08 00:00:00-04:00,71.45347616093618,71.89617614444421,71.11438711766286,71.867919921875,231200,0.0,0.0,0.0
2020-07-09 00:00:00-04:00,72.19758464479203,72.19758464479203,70.76587381717525,71.63243865966797,42500,0.0,0.0,0.0
2020-07-10 00:00:00-04:00,71.78314241732033,72.4048080444336,71.27450886410618,72.4048080444336,17400,0.0,0.0,0.0
2020-07-13 00:00:00-04:00,72.98879646209939,73.59161987769737,71.49115906009808,71.575927734375,644500,0.0,0.0,0.0
2020-07-14 00:00:00-04:00,71.28393265792758,72.55551299526238,70.85065380449164,72.4990005493164,61100,0.0,0.0,0.0
2020-07-15 00:00:00-04:00,73.13950455225196,73.22427322495629,72.48958264996485,72.94170379638672,40200,0.0,0.0,0.0
2020-07-16 00:00:00-04:00,72.52726063369109,72.72506139125451,72.28236137785078,72.60261535644531,19500,0.0,0.0,0.0
2020-07-17 00:00:00-04:00,72.89459910046568,73.01704512381237,72.41422177065434,72.81924438476562,39200,0.0,0.0,0.0
2020-07-20 00:00:00-04:00,72.78157952000824,73.84594529986356,72.60262102227856,73.76116943359375,109500,0.0,0.0,0.0
2020-07-21 00:00:00-04:00,74.18502978590853,74.18502978590853,73.45975314372424,73.64813995361328,33600,0.0,0.0,0.0
2020-07-22 00:00:00-04:00,73.6575438213719,74.11908605275246,73.59161024349197,74.10966491699219,86400,0.0,0.0,0.0
2020-07-23 00:00:00-04:00,73.95897226697784,74.10968172844605,72.71564795475572,72.95112609863281,62600,0.0,0.0,0.0
2020-07-24 00:00:00-04:00,72.41422998705542,72.70622774696905,72.1504956384021,72.48016357421875,48900,0.0,0.0,0.0
2020-07-27 00:00:00-04:00,72.50842911351634,73.12066650390625,72.50842911351634,73.12066650390625,29400,0.0,0.0,0.0
2020-07-28 00:00:00-04:00,72.86635356826132,73.23369887841281,72.61203316201966,72.70623016357422,238800,0.0,0.0,0.0
2020-07-29 00:00:00-04:00,72.91344204975374,73.55393558048976,72.91344204975374,73.3749771118164,23700,0.0,0.0,0.0
2020-07-30 00:00:00-04:00,72.72506995413488,73.3278934347033,72.34830348222394,73.23370361328125,22900,0.0,0.0,0.0
2020-07-31 00:00:00-04:00,73.57280430030285,73.75177001953125,72.78159386612501,73.75177001953125,15900,0.0,0.0,0.0
2020-08-03 00:00:00-04:00,74.36397599469264,74.64655256976049,74.27920733390476,74.50526428222656,38000,0.0,0.0,0.0
2020-08-04 00:00:00-04:00,74.38282294036203,74.68423461914062,74.34514558223705,74.68423461914062,54700,0.0,0.0,0.0
2020-08-05 00:00:00-04:00,75.02332049314668,75.28705480268157,75.02332049314668,75.27763366699219,36600,0.0,0.0,0.0
2020-08-06 00:00:00-04:00,75.26823627422333,75.90872991757067,75.12694795268742,75.8427963256836,22000,0.0,0.0,0.0
2020-08-07 00:00:00-04:00,75.76744187640733,75.80511923779763,75.29648563836147,75.71092224121094,31700,0.0,0.0,0.0
2020-08-10 00:00:00-04:00,75.92755161601065,75.9463867002071,75.39066188865444,75.86161804199219,49000,0.0,0.0,0.0
2020-08-11 00:00:00-04:00,75.98407208697411,76.24780641092688,75.06100195313938,75.10809326171875,74000,0.0,0.0,0.0
2020-08-12 00:00:00-04:00,75.81452775605091,76.5303831987287,75.79569266981632,76.3514175415039,96900,0.0,0.0,0.0
2020-08-13 00:00:00-04:00,76.26667211017539,76.63401748655018,76.06887130645232,76.28550720214844,34300,0.0,0.0,0.0
2020-08-14 00:00:00-04:00,76.12536128193611,76.33258316354625,76.03117147744645,76.21955108642578,93600,0.0,0.0,0.0
2020-08-17 00:00:00-04:00,76.63400726490012,76.68110576788597,76.53039630730935,76.60575103759766,14000,0.0,0.0,0.0
2020-08-18 00:00:00-04:00,76.71875586275677,77.02958865415681,76.54921135710408,76.90714263916016,16100,0.0,0.0,0.0
2020-08-19 00:00:00-04:00,77.12378635255133,77.17088484803381,76.53038411506807,76.63399505615234,28000,0.0,0.0,0.0
2020-08-20 00:00:00-04:00,76.32317301576795,77.0955410217383,76.29491678897503,77.07670593261719,28700,0.0,0.0,0.0
2020-08-21 00:00:00-04:00,77.12379731565264,77.49114263672516,76.95425276852512,77.42520904541016,52200,0.0,0.0,0.0
2020-08-24 00:00:00-04:00,78.27293316917051,78.27293316917051,77.76429951876767,78.0562973022461,31100,0.0,0.0,0.0
2020-08-25 00:00:00-04:00,78.1692972239937,78.45187377929688,78.01859499772691,78.45187377929688,34200,0.0,0.0,0.0
2020-08-26 00:00:00-04:00,78.63085358447921,79.53508866374307,78.56492000118565,79.47856903076172,49200,0.0,0.0,0.0
2020-08-27 00:00:00-04:00,79.86476126624898,80.09081825277335,79.26193784470262,79.65753936767578,99600,0.0,0.0,0.0
2020-08-28 00:00:00-04:00,80.07195671189588,80.18498157470766,79.73286775102123,80.17556762695312,37700,0.0,0.0,0.0
2020-08-31 00:00:00-04:00,80.23209182476516,80.53350348016608,80.06254731946335,80.1473159790039,27200,0.0,0.0,0.0
2020-09-01 00:00:00-04:00,80.53352594393883,80.90087127685547,80.31688288764872,80.90087127685547,64200,0.0,0.0,0.0
2020-09-02 00:00:00-04:00,81.5130843646424,82.01229669134612,80.93851733566113,81.99346160888672,18700,0.0,0.0,0.0
2020-09-03 00:00:00-04:00,81.39065154706206,81.39065154706206,78.20698312922363,78.87574005126953,167700,0.0,0.0,0.0
2020-09-04 00:00:00-04:00,78.79098451197038,79.29019700269608,76.34201337307273,78.0939712524414,39800,0.0,0.0,0.0
2020-09-08 00:00:00-04:00,76.42676268073639,76.86946260709253,75.64497375488281,75.64497375488281,34200,0.0,0.0,0.0
2020-09-09 00:00:00-04:00,76.79413282303487,77.96210243025114,76.69994300065375,77.45347595214844,24800,0.0,0.0,0.0
2020-09-10 00:00:00-04:00,77.85848182584954,78.07511765187517,75.7862702502864,75.99349212646484,96700,0.0,0.0,0.0
2020-09-11 00:00:00-04:00,76.45502683239046,76.69050492946168,75.3247348409371,76.0594253540039,30800,0.0,0.0,0.0
2020-09-14 00:00:00-04:00,76.83178993522439,77.4911257043044,76.7658563583164,77.1332015991211,24400,0.0,0.0,0.0
2020-09-15 00:00:00-04:00,77.86790610807152,78.01861556027956,77.29333889741729,77.60417175292969,18900,0.0,0.0,0.0
2020-09-16 00:00:00-04:00,77.86790204965715,77.98093413292203,77.08611297607422,77.08611297607422,29800,0.0,0.0,0.0
2020-09-17 00:00:00-04:00,75.88989497046205,76.69051921236888,75.72977155932519,76.25724029541016,22500,0.0,0.0,0.0
2020-09-18 00:00:00-04:00,76.64341612122024,76.64341612122024,74.90087239708966,75.59789276123047,18000,0.0,0.0,0.0
2020-09-21 00:00:00-04:00,74.46760991768389,74.91973114013672,73.62930825537738,74.91973114013672,68500,0.0,0.0,0.0
2020-09-22 00:00:00-04:00,75.33418049734202,75.78629456659263,74.74077090039319,75.72978210449219,29500,0.0,0.0,0.0
2020-09-23 00:00:00-04:00,75.75622879629955,75.75622879629955,73.78031158447266,73.78031158447266,17600,0.298,0.0,0.0
2020-09-24 00:00:00-04:00,73.48722591726181,74.7635367183837,73.2130542734281,74.07337951660156,22300,0.0,0.0,0.0
2020-09-25 00:00:00-04:00,73.91267368511483,75.32134246826172,73.76140355951046,75.32134246826172,56500,0.0,0.0,0.0
2020-09-28 00:00:00-04:00,76.40856159088644,76.62601056058121,76.13438993907803,76.51255798339844,22400,0.0,0.0,0.0
2020-09-29 00:00:00-04:00,76.58818571538376,76.60709086996305,76.03038628040461,76.2005615234375,18400,0.0,0.0,0.0
2020-09-30 00:00:00-04:00,76.33293909704118,77.50526094858982,76.33293909704118,76.76782989501953,22900,0.0,0.0,0.0
2020-10-01 00:00:00-04:00,77.43907376146656,77.64705934543348,76.91909176915946,77.28780364990234,90900,0.0,0.0,0.0
2020-10-02 00:00:00-04:00,75.97367582014193,76.8150959868382,75.97367582014193,76.33293151855469,33500,0.0,0.0,0.0
2020-10-05 00:00:00-04:00,76.96636833425114,77.6943359375,76.96636833425114,77.6943359375,368800,0.0,0.0,0.0
2020-10-06 00:00:00-04:00,77.75105892091354,78.10086565848245,76.38966392598667,76.61656188964844,53600,0.0,0.0,0.0
2020-10-07 00:00:00-04:00,77.25945262202923,77.94960276255321,77.2216350890892,77.79833984375,57900,0.0,0.0,0.0
2020-10-08 00:00:00-04:00,78.3844985961914,78.4034037556551,78.13868824542335,78.3844985961914,166200,0.0,0.0,0.0
2020-10-09 00:00:00-04:00,78.78156280500836,79.2353587095365,78.78156280500836,79.2164535522461,47700,0.0,0.0,0.0
2020-10-12 00:00:00-04:00,79.92552054798018,81.06001758731756,79.79316280048937,80.65348815917969,274800,0.0,0.0,0.0
2020-10-13 00:00:00-04:00,80.79530502396544,80.79530502396544,80.0106074832572,80.19023895263672,28000,0.0,0.0,0.0
2020-10-14 00:00:00-04:00,80.37932144161684,80.483317851489,79.41499961993289,79.70807647705078,28800,0.0,0.0,0.0
2020-10-15 00:00:00-04:00,78.68703427009709,79.51899836050251,78.57358167065034,79.32991790771484,135100,0.0,0.0,0.0
2020-10-16 00:00:00-04:00,79.85934452304322,80.20914406262317,79.42445373535156,79.42445373535156,37800,0.0,0.0,0.0
2020-10-19 00:00:00-04:00,79.74588770181127,79.85934028895952,77.94959474322283,78.11032104492188,29400,0.0,0.0,0.0
2020-10-20 00:00:00-04:00,78.37504336977189,79.12192340447594,78.20486808068796,78.42230987548828,51700,0.0,0.0,0.0
2020-10-21 00:00:00-04:00,78.31830699245792,78.80992765938637,78.14813893039364,78.23322296142578,213100,0.0,0.0,0.0
2020-10-22 00:00:00-04:00,78.38451081555945,78.6208650169626,77.72271472385596,78.5168685913086,23400,0.0,0.0,0.0
2020-10-23 00:00:00-04:00,78.64921191568158,78.66811707461866,78.13868606890226,78.65866088867188,37100,0.0,0.0,0.0
2020-10-26 00:00:00-04:00,77.84559795727807,78.15758716067845,76.54092566981662,77.24053192138672,31200,0.0,0.0,0.0
2020-10-27 00:00:00-04:00,77.37288719511048,77.514701120578,77.10817171448093,77.2688980102539,18500,0.0,0.0,0.0
2020-10-28 00:00:00-04:00,75.8696747413673,76.0114886601105,74.37591492812265,74.46100616455078,81200,0.0,0.0,0.0
2020-10-29 00:00:00-04:00,74.79190626403987,75.96422080428935,74.22465775830342,75.2740707397461,136100,0.0,0.0,0.0
2020-10-30 00:00:00-04:00,74.85808099387894,75.09443512593678,73.43050001662196,74.29083251953125,184400,0.0,0.0,0.0
2020-11-02 00:00:00-05:00,75.07553462099177,75.49151301437905,74.35701599538663,74.85808563232422,45200,0.0,0.0,0.0
2020-11-03 00:00:00-05:00,75.77514630373295,76.75838049000623,75.52933595392545,76.31403350830078,130400,0.0,0.0,0.0
2020-11-04 00:00:00-05:00,77.58089819243246,79.2542899222325,77.42017907190812,78.33723449707031,149800,0.0,0.0,0.0
2020-11-05 00:00:00-05:00,79.71753424894683,80.26587765500584,79.57572030421339,79.97279357910156,39300,0.0,0.0,0.0
2020-11-06 00:00:00-05:00,79.89714338188062,80.20912531749492,79.19753004030953,79.86878204345703,64600,0.0,0.0,0.0
2020-11-09 00:00:00-05:00,82.3363219306041,82.59158843232412,80.36986103494357,80.46440124511719,43100,0.0,0.0,0.0
2020-11-10 00:00:00-05:00,80.24696116173362,80.41713644408449,79.48117599763296,80.17133331298828,40700,0.0,0.0,0.0
2020-11-11 00:00:00-05:00,80.88039584043804,81.10729381273613,80.65349065518346,80.93711853027344,23700,0.0,0.0,0.0
2020-11-12 00:00:00-05:00,80.80476072558898,80.965479821988,79.93497915488744,80.17133331298828,74400,0.0,0.0,0.0
2020-11-13 00:00:00-05:00,80.84258838781619,81.35311429884905,80.57787285164153,81.22075653076172,38100,0.0,0.0,0.0
2020-11-16 00:00:00-05:00,81.96760835645561,82.04324340820312,81.54217381304801,82.04324340820312,118400,0.0,0.0,0.0
2020-11-17 00:00:00-05:00,81.63671100838505,82.0337841959719,81.4570867833083,81.74070739746094,64100,0.0,0.0,0.0
2020-11-18 00:00:00-05:00,81.89198654765634,81.95816541956951,80.90875244140625,80.90875244140625,42700,0.0,0.0,0.0
2020-11-19 00:00:00-05:00,80.7102139640711,81.33418514015246,80.54948766774109,81.28691864013672,33600,0.0,0.0,0.0
2020-11-20 00:00:00-05:00,81.16401689461577,81.26801330178732,80.62512969970703,80.62512969970703,27600,0.0,0.0,0.0
2020-11-23 00:00:00-05:00,81.17347717285156,81.36255762471939,80.58731623133028,81.17347717285156,24700,0.0,0.0,0.0
2020-11-24 00:00:00-05:00,81.82580691269024,82.5159569686409,81.5327228715598,82.40251159667969,85300,0.0,0.0,0.0
2020-11-25 00:00:00-05:00,82.53488310596738,82.56324445368831,82.13780259900274,82.46870422363281,346500,0.0,0.0,0.0
2020-11-27 00:00:00-05:00,82.72397413622272,82.90360564535084,82.58216016654043,82.77124786376953,8100,0.0,0.0,0.0
2020-11-30 00:00:00-05:00,82.74286493125756,82.74286493125756,81.89199568683257,82.4781494140625,29900,0.0,0.0,0.0
2020-12-01 00:00:00-05:00,83.1966612703712,83.71664328849353,83.1966612703712,83.36683654785156,115000,0.0,0.0,0.0
2020-12-02 00:00:00-05:00,83.04538815627959,83.56537015564886,82.90358144095708,83.49919128417969,27700,0.0,0.0,0.0
2020-12-03 00:00:00-05:00,83.66936480942482,83.83954007721647,83.28174056108325,83.33847045898438,40600,0.0,0.0,0.0
2020-12-04 00:00:00-05:00,83.53702568773787,84.09481811523438,83.53702568773787,84.09481811523438,28200,0.0,0.0,0.0
2020-12-07 00:00:00-05:00,84.15154650927579,84.17045167047843,83.84901343933225,84.16099548339844,33900,0.0,0.0,0.0
2020-12-08 00:00:00-05:00,83.92463342508002,84.3973417533372,83.83954938821293,84.36898040771484,36600,0.0,0.0,0.0
2020-12-09 00:00:00-05:00,84.62424753085952,84.62424753085952,83.26284522789521,83.51810455322266,66100,0.0,0.0,0.0
2020-12-10 00:00:00-05:00,83.18720010786569,83.71663827999464,83.13047742308453,83.54646301269531,21200,0.0,0.0,0.0
2020-12-11 00:00:00-05:00,83.19664268585132,83.44245296795954,82.70502933458953,83.37627410888672,159000,0.0,0.0,0.0
2020-12-14 00:00:00-05:00,83.81853373733946,84.14120848939102,83.0972671508789,83.0972671508789,31900,0.336,0.0,0.0
2020-12-15 00:00:00-05:00,83.8469950587583,84.1222152709961,83.47687307277604,84.1222152709961,21400,0.0,0.0,0.0
2020-12-16 00:00:00-05:00,84.25509529769417,84.53980791385774,83.97987503288073,84.35948944091797,71100,0.0,0.0,0.0
2020-12-17 00:00:00-05:00,84.81502980066298,84.8624770772359,84.6442036758065,84.8340072631836,18900,0.0,0.0,0.0
2020-12-18 00:00:00-05:00,85.09973583611203,85.09973583611203,83.99886198788262,84.53981018066406,43800,0.0,0.0,0.0
2020-12-21 00:00:00-05:00,83.77106237334094,84.50182116329418,83.12572023960193,84.27405548095703,44300,0.0,0.0,0.0
2020-12-22 00:00:00-05:00,84.52082125531956,84.52082125531956,83.99885779182152,84.22662353515625,24400,0.0,0.0,0.0
2020-12-23 00:00:00-05:00,84.46387543295458,84.72011097033972,84.169677734375,84.169677734375,108400,0.0,0.0,0.0
2020-12-24 00:00:00-05:00,84.46387198583453,84.53979630512481,84.27406842815041,84.53030395507812,102800,0.0,0.0,0.0
2020-12-28 00:00:00-05:00,85.25156567370338,85.44136922062611,85.02379272874668,85.33697509765625,118900,0.0,0.0,0.0
2020-12-29 00:00:00-05:00,85.70711076622753,85.84946706941828,85.16616260653659,85.25157928466797,33700,0.0,0.0,0.0
2020-12-30 00:00:00-05:00,85.42241613553398,85.5552801043979,85.23260529391176,85.28005981445312,40100,0.0,0.0,0.0
2020-12-31 00:00:00-05:00,85.34648100856433,85.80201973032081,85.10922291694044,85.6881332397461,142500,0.0,0.0,0.0
2021-01-04 00:00:00-05:00,86.13417569305076,86.13417569305076,83.64770839932329,84.59674072265625,83800,0.0,0.0,0.0
2021-01-05 00:00:00-05:00,84.47338004045454,85.30852598628611,84.46388768864311,85.1092300415039,67600,0.0,0.0,0.0
2021-01-06 00:00:00-05:00,84.61572627051004,86.08672204207002,84.34999113526251,85.22310638427734,60300,0.0,0.0,0.0
2021-01-07 00:00:00-05:00,85.96335061781146,86.77002665422577,85.93488080625622,86.5802230834961,103900,0.0,0.0,0.0
2021-01-08 00:00:00-05:00,86.94085636691587,87.20658427316599,86.21958973527809,87.18760681152344,399100,0.0,0.0,0.0
2021-01-11 00:00:00-05:00,86.4188661951426,86.92185208158712,86.3714189314547,86.48529815673828,93400,0.0,0.0,0.0
2021-01-12 00:00:00-05:00,86.50429924831636,86.58970868346522,85.86844931817879,86.38092041015625,36100,0.0,0.0,0.0
2021-01-13 00:00:00-05:00,86.32396981054038,86.94084220127849,86.32396981054038,86.694091796875,78300,0.0,0.0,0.0
2021-01-14 00:00:00-05:00,86.90288944528098,86.95982906763368,86.26703952720256,86.2955093383789,27900,0.0,0.0,0.0
2021-01-15 00:00:00-05:00,86.01080044807101,86.16264910160423,85.33698833923762,85.64067840576172,50100,0.0,0.0,0.0
2021-01-19 00:00:00-05:00,86.33348561874958,86.53278157011805,85.9538711797197,86.39991760253906,205600,0.0,0.0,0.0
2021-01-20 00:00:00-05:00,86.96932160572402,87.92784628046576,86.9028896326553,87.65262603759766,480400,0.0,0.0,0.0
2021-01-21 00:00:00-05:00,88.00378355052946,88.0891929968074,87.66213128433154,87.90887451171875,109300,0.0,0.0,0.0
2021-01-22 00:00:00-05:00,87.51027250456349,87.87090219253398,87.45333288028979,87.6336441040039,35500,0.0,0.0,0.0
2021-01-25 00:00:00-05:00,87.87090528428192,88.06071610610984,86.62767517361472,88.05122375488281,70900,0.0,0.0,0.0
2021-01-26 00:00:00-05:00,88.16511764696449,88.36441359620223,87.92785953017533,87.95632934570312,64300,0.0,0.0,0.0
2021-01-27 00:00:00-05:00,87.31097797207502,87.31097797207502,85.39393577200505,85.78303527832031,46900,0.0,0.0,0.0
2021-01-28 00:00:00-05:00,86.16265074210331,87.56721461131619,86.16265074210331,86.50430297851562,94400,0.0,0.0,0.0
2021-01-29 00:00:00-05:00,86.13418147111352,86.26704542604956,84.39745046518054,84.85298919677734,92400,0.0,0.0,0.0
2021-02-01 00:00:00-05:00,85.74508232665627,86.47584138420015,85.22311881181092,86.25756072998047,41100,0.0,0.0,0.0
2021-02-02 00:00:00-05:00,87.13066545853582,87.85193213581034,87.0547483666197,87.53874969482422,40500,0.0,0.0,0.0
2021-02-03 00:00:00-05:00,87.88038860407924,88.00376743572343,87.40587245908904,87.67160034179688,52600,0.0,0.0,0.0
2021-02-04 00:00:00-05:00,87.96581254805744,88.44981384277344,87.73803956644035,88.44981384277344,27900,0.0,0.0,0.0
2021-02-05 00:00:00-05:00,89.00976029628801,89.00976029628801,88.58269132095286,88.80097198486328,23000,0.0,0.0,0.0
2021-02-08 00:00:00-05:00,89.31344766858075,89.40834946889346,88.98128774721467,89.39885711669922,69300,0.0,0.0,0.0
2021-02-09 00:00:00-05:00,89.19956262224437,89.50325273253614,89.19956262224437,89.3419189453125,20500,0.0,0.0,0.0
2021-02-10 00:00:00-05:00,89.71203459900167,89.74050441346229,88.63963055790893,89.19007110595703,32500,0.0,0.0,0.0
2021-02-11 00:00:00-05:00,89.53170448468165,89.58865134674504,88.93381673708032,89.36088562011719,308100,0.0,0.0,0.0
2021-02-12 00:00:00-05:00,89.24700491930535,89.80693054199219,89.1710805919959,89.80693054199219,44100,0.0,0.0,0.0
2021-02-16 00:00:00-05:00,90.08214321108333,90.12010537154077,89.52221763555518,89.75947570800781,28800,0.0,0.0,0.0
2021-02-17 00:00:00-05:00,89.11413039237604,89.78794242607155,89.05718353338017,89.73100280761719,119500,0.0,0.0,0.0
2021-02-18 00:00:00-05:00,89.04770007626692,89.5317013231926,88.73451768787383,89.3798599243164,40400,0.0,0.0,0.0
2021-02-19 00:00:00-05:00,89.69305002903988,89.69305002903988,88.87688162330775,88.94331359863281,34100,0.0,0.0,0.0
2021-02-22 00:00:00-05:00,88.28848210009276,88.7060586687462,88.1176559802384,88.14612579345703,33300,0.0,0.0,0.0
2021-02-23 00:00:00-05:00,87.4343428157066,88.50675394403304,86.77951545509627,88.2505111694336,55900,0.0,0.0,0.0
2021-02-24 00:00:00-05:00,88.03222714098173,89.15208540423515,87.56719615908077,89.09513854980469,22400,0.0,0.0,0.0
2021-02-25 00:00:00-05:00,88.65859396760408,89.04770067833691,86.58970330506838,86.99778747558594,40200,0.0,0.0,0.0
2021-02-26 00:00:00-05:00,87.5102546275351,87.61464874440557,86.06772892979721,86.48529815673828,362700,0.0,0.0,0.0
2021-03-01 00:00:00-05:00,87.78549777445342,88.81993962411893,87.67161127885336,88.57319641113281,53600,0.0,0.0,0.0
2021-03-02 00:00:00-05:00,88.79145645871318,88.79145645871318,87.84242419304744,87.88038635253906,150000,0.0,0.0,0.0
2021-03-03 00:00:00-05:00,87.74752880051365,87.88988509883195,86.56123838209786,86.5802230834961,60700,0.0,0.0,0.0
2021-03-04 00:00:00-05:00,86.53276603959489,87.15912359711655,84.46387532076788,85.47933959960938,85500,0.0,0.0,0.0
2021-03-05 00:00:00-05:00,86.49483208992979,87.22559125935109,84.9004570045629,87.09272003173828,56100,0.0,0.0,0.0
2021-03-08 00:00:00-05:00,87.5577165899324,87.76650484145792,86.32397178030423,86.3904037475586,45800,0.0,0.0,0.0
2021-03-09 00:00:00-05:00,87.5577205583638,88.48776814207787,87.3963795672552,87.91835021972656,57600,0.0,0.0,0.0
2021-03-10 00:00:00-05:00,88.57319072552768,88.6965623241014,88.0512200382116,88.31694793701172,42000,0.0,0.0,0.0
2021-03-11 00:00:00-05:00,89.0951425594367,89.75946946038928,88.85788450349817,89.31342315673828,83600,0.0,0.0,0.0
2021-03-12 00:00:00-05:00,88.78199469932193,89.28498077392578,88.64913072642821,89.28498077392578,40600,0.0,0.0,0.0
2021-03-15 00:00:00-04:00,89.43680096439051,89.75947570800781,88.83891322840493,89.75947570800781,45800,0.0,0.0,0.0
2021-03-16 00:00:00-04:00,90.0062254041137,90.26246819561078,89.70253533901732,89.86387634277344,30600,0.0,0.0,0.0
2021-03-17 00:00:00-04:00,89.3608891576886,90.27195934080888,89.22801796797526,90.01571655273438,32200,0.0,0.0,0.0
2021-03-18 00:00:00-04:00,89.32291743083246,89.72150923566711,88.50674912157592,88.6206283569336,23900,0.0,0.0,0.0
2021-03-19 00:00:00-04:00,88.67758398123185,88.80095557857882,88.022749351027,88.51624298095703,30000,0.0,0.0,0.0
2021-03-22 00:00:00-04:00,88.49725454129866,89.58864304273123,88.49725454129866,89.2659683227539,19600,0.0,0.0,0.0
2021-03-23 00:00:00-04:00,89.22801356814878,89.6550824470335,88.72502760815416,88.7345199584961,110100,0.0,0.0,0.0
2021-03-24 00:00:00-04:00,89.14260410397488,89.41782433945505,88.34541320800781,88.34541320800781,95100,0.0,0.0,0.0
2021-03-25 00:00:00-04:00,88.02832760830199,88.7995921232438,87.59985297238853,88.5805892944336,71500,0.307,0.0,0.0
2021-03-26 00:00:00-04:00,88.9233915339751,90.02791515000192,88.80912821574823,89.99934387207031,29700,0.0,0.0,0.0
2021-03-29 00:00:00-04:00,89.7517828553148,90.21834535130382,89.39947641128241,90.06599426269531,41100,0.0,0.0,0.0
2021-03-30 00:00:00-04:00,89.8565338814,89.88509789803491,89.38044756548297,89.68514251708984,58800,0.0,0.0,0.0
2021-03-31 00:00:00-04:00,89.99933244630935,90.58015819401645,89.91364041689302,90.19929504394531,50000,0.0,0.0,0.0
2021-04-01 00:00:00-04:00,90.85629647178023,91.20860290527344,90.75155691762006,91.20860290527344,49400,0.0,0.0,0.0
2021-04-05 00:00:00-04:00,91.78942850812777,92.69398945816269,91.78942850812777,92.6463851928711,202500,0.0,0.0,0.0
2021-04-06 00:00:00-04:00,92.55116719514128,92.77969383323786,92.36073559456071,92.5035629272461,95700,0.0,0.0,0.0
2021-04-07 00:00:00-04:00,92.45596060159396,92.78921956804577,92.41787282478509,92.74161529541016,34100,0.0,0.0,0.0
2021-04-08 00:00:00-04:00,93.23672749289497,93.26529150497345,92.97012036082984,93.22721099853516,48200,0.0,0.0,0.0
2021-04-09 00:00:00-04:00,93.132000317113,93.9699168601132,93.132000317113,93.94135284423828,40200,0.0,0.0,0.0
2021-04-12 00:00:00-04:00,93.90325208914736,94.01750813685483,93.74137724739597,93.93181610107422,29500,0.0,0.0,0.0
2021-04-13 00:00:00-04:00,94.0365566162359,94.55073062967669,93.98894508620452,94.41742706298828,31700,0.0,0.0,0.0
2021-04-14 00:00:00-04:00,94.45551612281189,94.53169167196017,93.82708600358906,93.89373779296875,82400,0.0,0.0,0.0
2021-04-15 00:00:00-04:00,94.59832774797236,95.04584994425707,94.5792874960981,95.02680969238281,58500,0.0,0.0,0.0
2021-04-16 00:00:00-04:00,95.44575241239352,95.44575241239352,94.94110223935193,95.30292510986328,20300,0.0,0.0,0.0
2021-04-19 00:00:00-04:00,95.1220395922104,95.1886913804067,94.55073751274219,94.81734466552734,36700,0.0,0.0,0.0
2021-04-20 00:00:00-04:00,94.60785437814123,94.73163418032898,93.88420128846846,94.18889617919922,35800,0.0,0.0,0.0
2021-04-21 00:00:00-04:00,94.07464803067128,94.95064500697758,93.96990847214555,94.92208099365234,26800,0.0,0.0,0.0
2021-04-22 00:00:00-04:00,94.93159728705164,95.01729659134537,93.78899316946719,94.03656005859375,42400,0.0,0.0,0.0
2021-04-23 00:00:00-04:00,94.09367673129951,95.29341599514639,94.09367673129951,94.99823760986328,44100,0.0,0.0,0.0
2021-04-26 00:00:00-04:00,95.22676496878772,95.27436923069362,95.03632612766711,95.17915344238281,42000,0.0,0.0,0.0
2021-04-27 00:00:00-04:00,95.32197986907241,95.45528342436548,94.84589366745463,95.12202453613281,35700,0.0,0.0,0.0
2021-04-28 00:00:00-04:00,95.29341680561652,95.41719660404674,95.02680969238281,95.02680969238281,19200,0.0,0.0,0.0
2021-04-29 00:00:00-04:00,95.79807743969393,95.79807743969393,94.83638116423533,95.6266860961914,38500,0.0,0.0,0.0
2021-04-30 00:00:00-04:00,95.12202548075213,95.29341680561652,94.97919816594865,95.02680969238281,28700,0.0,0.0,0.0
2021-05-03 00:00:00-04:00,95.62669494008203,95.70287049190586,95.13156838222802,95.2553482055664,27100,0.0,0.0,0.0
2021-05-04 00:00:00-04:00,94.68403736002575,94.68403736002575,93.76042885675321,94.46503448486328,36200,0.0,0.0,0.0
2021-05-05 00:00:00-04:00,94.95066293135092,94.95066293135092,94.474576580724,94.48410034179688,13300,0.0,0.0,0.0
2021-05-06 00:00:00-04:00,94.6173804631849,95.34102630615234,94.20794601265098,95.34102630615234,22600,0.0,0.0,0.0
2021-05-07 00:00:00-04:00,95.56005548797197,96.15992169091898,95.48387992631163,95.96949005126953,37600,0.0,0.0,0.0
2021-05-10 00:00:00-04:00,95.9694784450964,95.9694784450964,94.84591447224075,94.85543823242188,80000,0.0,0.0,0.0
2021-05-11 00:00:00-04:00,93.64616583864418,94.19842764342658,93.28434289645907,94.03656005859375,55800,0.0,0.0,0.0
2021-05-12 00:00:00-04:00,93.35100571627167,93.55096109725855,92.0560503555465,92.1893539428711,70100,0.0,0.0,0.0
2021-05-13 00:00:00-04:00,92.50355787971584,93.60807417891421,92.50355787971584,93.22721099853516,28200,0.0,0.0,0.0
2021-05-14 00:00:00-04:00,94.02702382376137,94.76971712810013,93.97941229830423,94.63641357421875,12800,0.0,0.0,0.0
2021-05-17 00:00:00-04:00,94.2936482045311,94.484087076746,93.79852166577271,94.32221221923828,42000,0.0,0.0,0.0
2021-05-18 00:00:00-04:00,94.3317207250757,94.41742001983947,93.5414158783054,93.58902740478516,18100,0.0,0.0,0.0
2021-05-19 00:00:00-04:00,92.54164965512624,93.35099484520305,92.17981944780966,93.33194732666016,20900,0.0,0.0,0.0
2021-05-20 00:00:00-04:00,93.4747826989906,94.70308622867897,93.4747826989906,94.36982727050781,57100,0.0,0.0,0.0
2021-05-21 00:00:00-04:00,94.82685396080893,95.01729281583914,94.26507568359375,94.26507568359375,18700,0.0,0.0,0.0
2021-05-24 00:00:00-04:00,94.80779869418994,95.55049194994915,94.80779869418994,95.30292510986328,19800,0.0,0.0,0.0
2021-05-25 00:00:00-04:00,95.60765380598227,95.66478183707504,95.11251998817684,95.1982192993164,35200,0.0,0.0,0.0
2021-05-26 00:00:00-04:00,95.2648696899414,95.44577754057583,95.08395457480668,95.2648696899414,24600,0.0,0.0,0.0
2021-05-27 00:00:00-04:00,95.59810934476309,95.59810934476309,95.18867492675781,95.18867492675781,48100,0.0,0.0,0.0
2021-05-28 00:00:00-04:00,95.56955373627459,95.73142131321495,95.36959838867188,95.36959838867188,46000,0.0,0.0,0.0
2021-06-01 00:00:00-04:00,96.00754376276835,96.00754376276835,95.14106340149023,95.18867492675781,27500,0.0,0.0,0.0
2021-06-02 00:00:00-04:00,95.30294476701272,95.56003541749425,95.15060094019022,95.40768432617188,24500,0.0,0.0,0.0
2021-06-03 00:00:00-04:00,94.81734048163666,95.28390297842326,94.56024983529525,95.01729583740234,19700,0.0,0.0,0.0
2021-06-04 00:00:00-04:00,95.51242569523413,95.95042419433594,95.4743379216818,95.95042419433594,17600,0.0,0.0,0.0
2021-06-07 00:00:00-04:00,95.93138393980978,95.96947171336211,95.71238105800887,95.95042419433594,19000,0.0,0.0,0.0
2021-06-08 00:00:00-04:00,96.15990736565077,96.15990736565077,95.53147723682585,95.87425994873047,30200,0.0,0.0,0.0
2021-06-09 00:00:00-04:00,96.04564734038209,96.14086314209213,95.79808044433594,95.79808044433594,92500,0.0,0.0,0.0
2021-06-10 00:00:00-04:00,96.16750616934114,96.52071484681916,96.04340936633172,96.34888458251953,17400,0.257,0.0,0.0
2021-06-11 00:00:00-04:00,96.53979942610404,96.53979942610404,96.16750175107676,96.45388793945312,15700,0.0,0.0,0.0
2021-06-14 00:00:00-04:00,96.54934532464497,96.83573150634766,96.32024074914473,96.83573150634766,14600,0.0,0.0,0.0
2021-06-15 00:00:00-04:00,96.95985668675802,96.95985668675802,96.49209925059911,96.53982543945312,94800,0.0,0.0,0.0
2021-06-16 00:00:00-04:00,96.78800645883172,96.78800645883172,95.72838769079982,96.08159637451172,18100,0.0,0.0,0.0
2021-06-17 00:00:00-04:00,95.95747934323212,96.50160723587383,95.83338255477095,96.30113983154297,116800,0.0,0.0,0.0
2021-06-18 00:00:00-04:00,95.6806672243758,95.6806672243758,95.11744292661898,95.16517639160156,19200,0.0,0.0,0.0
2021-06-21 00:00:00-04:00,95.5088411356761,96.35844441127827,95.36564801755227,96.32025909423828,20300,0.0,0.0,0.0
2021-06-22 00:00:00-04:00,96.3584405081089,97.08393965316738,96.28206987712247,96.912109375,18100,0.0,0.0,0.0
2021-06-23 00:00:00-04:00,96.94073580711834,97.09346975760076,96.74980926513672,96.74980926513672,37600,0.0,0.0,0.0
2021-06-24 00:00:00-04:00,97.26532340387801,97.49442802627097,97.26532340387801,97.29396057128906,31100,0.0,0.0,0.0
2021-06-25 00:00:00-04:00,97.44668494820036,97.6853376793922,97.37031432627415,97.58032989501953,49800,0.0,0.0,0.0
2021-06-28 00:00:00-04:00,97.80944353444488,97.93354034423828,97.6280651113511,97.93354034423828,26500,0.0,0.0,0.0
2021-06-29 00:00:00-04:00,98.00990295410156,98.10536259098633,97.96217677721091,98.00990295410156,13300,0.0,0.0,0.0
2021-06-30 00:00:00-04:00,97.87626477250224,98.15310283677962,97.84762760776734,98.1435546875,33600,0.0,0.0,0.0
2021-07-01 00:00:00-04:00,98.23901556544091,98.53494262695312,98.14354864473057,98.53494262695312,51200,0.0,0.0,0.0
2021-07-02 00:00:00-04:00,98.7926865369617,99.43228141742992,98.67813788257023,99.4131851196289,60300,0.0,0.0,0.0
2021-07-06 00:00:00-04:00,99.49910389352617,99.49910389352617,98.70677504616809,99.4131851196289,62600,0.0,0.0,0.0
2021-07-07 00:00:00-04:00,99.57548058576342,99.78549619110998,99.26046446084818,99.71867370605469,77600,0.0,0.0,0.0
2021-07-08 00:00:00-04:00,98.32492453421604,99.05997173636268,98.22946489905591,98.93587493896484,96400,0.0,0.0,0.0
2021-07-09 00:00:00-04:00,99.29863002323856,99.93822490912444,99.20317038273585,99.88094329833984,19200,0.0,0.0,0.0
2021-07-12 00:00:00-04:00,99.96687117448873,100.29143543836874,99.95732302463803,100.25325012207031,25800,0.0,0.0,0.0
2021-07-13 00:00:00-04:00,100.14823952139083,100.60644870462231,100.04323173292036,100.07186889648438,52700,0.0,0.0,0.0
2021-07-14 00:00:00-04:00,100.63508455290797,100.63508455290797,100.03368227661298,100.26278686523438,27500,0.0,0.0,0.0
2021-07-15 00:00:00-04:00,100.05277337103487,100.11959584756794,99.53728257359253,99.91912841796875,24200,0.0,0.0,0.0
2021-07-16 00:00:00-04:00,100.27233387351515,100.27233387351515,99.21271514892578,99.21271514892578,21900,0.0,0.0,0.0
2021-07-19 00:00:00-04:00,98.09584259923119,98.1817541057775,97.23669111824306,97.75218200683594,59200,0.0,0.0,0.0
2021-07-20 00:00:00-04:00,98.03853340211026,99.45136069379065,97.83806599345142,99.15543365478516,39100,0.0,0.0,0.0
2021-07-21 00:00:00-04:00,99.35592305493971,99.91914009681976,99.35592305493971,99.8905029296875,70300,0.0,0.0,0.0
2021-07-22 00:00:00-04:00,100.0241308195909,100.29142071132594,99.90003402217201,100.21505737304688,16200,0.0,0.0,0.0
2021-07-23 00:00:00-04:00,100.73054201664164,101.35104057706998,100.60644521779733,101.26512908935547,32900,0.0,0.0,0.0
2021-07-26 00:00:00-04:00,101.1410270887522,101.52287292480469,101.13148622310096,101.52287292480469,15200,0.0,0.0,0.0
2021-07-27 00:00:00-04:00,101.28423115877129,101.28423115877129,100.28189392405179,100.96920776367188,27400,0.0,0.0,0.0
2021-07-28 00:00:00-04:00,101.03602646661363,101.226953039731,100.7496475315937,100.97875213623047,23400,0.0,0.0,0.0
2021-07-29 00:00:00-04:00,101.20786292848435,101.46561199717496,101.20786292848435,101.22695922851562,23200,0.0,0.0,0.0
2021-07-30 00:00:00-04:00,100.54918238729525,100.90238381019246,100.47281175630505,100.59690856933594,11300,0.0,0.0,0.0
2021-08-02 00:00:00-04:00,101.19831136424668,101.19831136424668,100.4250715230159,100.4632568359375,112100,0.0,0.0,0.0
2021-08-03 00:00:00-04:00,100.70190906968621,101.21739986686309,100.23415173419566,101.19831085205078,22500,0.0,0.0,0.0
2021-08-04 00:00:00-04:00,100.95010780524866,101.12193806730515,100.81646285510513,100.92147064208984,36500,0.0,0.0,0.0
2021-08-05 00:00:00-04:00,101.17920901829956,101.50378051718016,100.89283011316135,101.45604705810547,64000,0.0,0.0,0.0
2021-08-06 00:00:00-04:00,101.57059101284656,101.63741347780946,101.43694608292077,101.58013916015625,16300,0.0,0.0,0.0
2021-08-09 00:00:00-04:00,101.63742866812021,101.63742866812021,101.35104247084718,101.5610580444336,12700,0.0,0.0,0.0
2021-08-10 00:00:00-04:00,101.73290737514174,101.7519963930897,101.36060961876487,101.55152893066406,34700,0.0,0.0,0.0
2021-08-11 00:00:00-04:00,101.88562897571566,101.88562897571566,101.46559783092498,101.67561340332031,17800,0.0,0.0,0.0
2021-08-12 00:00:00-04:00,101.75197798035104,102.06700134277344,101.47514721312317,102.06700134277344,43600,0.0,0.0,0.0
2021-08-13 00:00:00-04:00,102.19110034680064,102.26746368408203,102.15291503660833,102.26746368408203,15600,0.0,0.0,0.0
2021-08-16 00:00:00-04:00,101.97154626455587,102.60159301757812,101.49424076672831,102.60159301757812,18300,0.0,0.0,0.0
2021-08-17 00:00:00-04:00,101.92380928272499,102.1433730087112,101.28422168566205,101.89517211914062,43000,0.0,0.0,0.0
2021-08-18 00:00:00-04:00,101.6469774673824,101.96199354667455,100.86419677734375,100.86419677734375,17100,0.0,0.0,0.0
2021-08-19 00:00:00-04:00,100.12915265984444,101.27468300898225,99.8904998968487,100.96920776367188,28400,0.0,0.0,0.0
2021-08-20 00:00:00-04:00,101.2269326508939,101.89515731445262,101.0264652518263,101.83788299560547,43500,0.0,0.0,0.0
2021-08-23 00:00:00-04:00,102.19112029953676,102.99299012082999,102.19112029953676,102.76388549804688,43800,0.0,0.0,0.0
2021-08-24 00:00:00-04:00,102.90706646233197,103.0216151186399,102.79251052292025,102.84978485107422,31500,0.0,0.0,0.0
2021-08-25 00:00:00-04:00,103.00253362286918,103.06935610496149,102.84979235917004,102.90707397460938,42100,0.0,0.0,0.0
2021-08-26 00:00:00-04:00,102.84979147642106,102.99298458913393,102.42021942138672,102.42021942138672,113400,0.0,0.0,0.0
2021-08-27 00:00:00-04:00,102.65886686253027,103.28890632947702,102.50612560805598,103.26026916503906,25500,0.0,0.0,0.0
2021-08-30 00:00:00-04:00,103.44164790912762,104.00486489978836,103.44164790912762,103.86167907714844,16200,0.0,0.0,0.0
2021-08-31 00:00:00-04:00,103.89986186591288,103.89986186591288,103.47028981211295,103.66120910644531,44100,0.0,0.0,0.0
2021-09-01 00:00:00-04:00,103.81393516524969,104.02395072812187,103.66119392566877,103.68029022216797,155200,0.0,0.0,0.0
2021-09-02 00:00:00-04:00,104.01441250800282,104.15760561300186,103.66120382008569,103.89985656738281,16100,0.0,0.0,0.0
2021-09-03 00:00:00-04:00,103.80439680753639,104.07168671890986,103.59438122485614,103.95713806152344,26600,0.0,0.0,0.0
2021-09-07 00:00:00-04:00,104.00484972977861,104.00484972977861,103.56572961048992,103.80438232421875,103900,0.0,0.0,0.0
2021-09-08 00:00:00-04:00,103.6707503589902,103.74712098488398,103.15525955886278,103.5848388671875,39200,0.0,0.0,0.0
2021-09-09 00:00:00-04:00,103.54664876306869,103.91894644319474,103.07889144654426,103.08843231201172,28600,0.0,0.0,0.0
2021-09-10 00:00:00-04:00,103.58483139485531,103.60392040839986,102.24837467053749,102.26746368408203,47600,0.0,0.0,0.0
2021-09-13 00:00:00-04:00,102.90706523173858,102.90706523173858,102.0097285915036,102.4583969116211,23800,0.0,0.0,0.0
2021-09-14 00:00:00-04:00,102.8593270328519,102.89751234377384,101.79016017634727,101.98108673095703,26500,0.0,0.0,0.0
2021-09-15 00:00:00-04:00,102.17201192987177,102.94524449236542,101.90472202101489,102.84978485107422,39700,0.0,0.0,0.0
2021-09-16 00:00:00-04:00,102.56342221173504,102.80207499440709,102.04793132719082,102.67797088623047,14300,0.0,0.0,0.0
2021-09-17 00:00:00-04:00,102.60160183154693,102.64932801556725,101.6565316208275,101.75199127197266,80300,0.0,0.0,0.0
2021-09-20 00:00:00-04:00,100.3773516901687,100.49190035307164,98.80224202731529,100.05278015136719,38600,0.0,0.0,0.0
2021-09-21 00:00:00-04:00,100.52054887004128,100.80692782199283,99.90005021615619,100.0241470336914,1048600,0.0,0.0,0.0
2021-09-22 00:00:00-04:00,100.54916938311406,101.27466843437823,100.23414603335017,100.89282989501953,130700,0.0,0.0,0.0
2021-09-23 00:00:00-04:00,101.38922487916355,102.36293209552458,101.29376524384077,102.03836059570312,20800,0.0,0.0,0.0
2021-09-24 00:00:00-04:00,101.69732768040755,102.27210386094207,101.54405013430465,102.19546508789062,16000,0.374,0.0,0.0
2021-09-27 00:00:00-04:00,101.95597462016634,102.01345004573918,101.63026348834373,101.8122787475586,18400,0.0,0.0,0.0
2021-09-28 00:00:00-04:00,100.95010941552492,101.08422361244533,99.57064806024712,99.66644287109375,26600,0.0,0.0,0.0
2021-09-29 00:00:00-04:00,99.9825721912894,100.39449645518833,99.71433648913093,99.76223754882812,34900,0.0,0.0,0.0
2021-09-30 00:00:00-04:00,100.1837598069105,100.31787402549993,98.65102065969074,98.70849609375,41700,0.0,0.0,0.0
2021-10-01 00:00:00-04:00,99.02463437898544,100.11671157500676,98.29658047874543,99.79100036621094,49500,0.0,0.0,0.0
2021-10-04 00:00:00-04:00,99.48443539073169,99.6281312725716,97.81758216394684,98.31571960449219,56500,0.0,0.0,0.0
2021-10-05 00:00:00-04:00,98.73722317755548,99.96341436328011,98.6605844012787,99.44611358642578,24500,0.0,0.0,0.0
2021-10-06 00:00:00-04:00,98.6222676669935,99.9825804021455,98.25824443289713,99.96341705322266,125000,0.0,0.0,0.0
2021-10-07 00:00:00-04:00,100.7393682096873,101.44825861170924,100.72020486146525,100.78726196289062,38400,0.0,0.0,0.0
2021-10-08 00:00:00-04:00,101.12255082186999,101.12255082186999,100.56693795250426,100.63399505615234,66900,0.0,0.0,0.0
2021-10-11 00:00:00-04:00,100.52860592251372,101.14170145268146,99.89634704589844,99.89634704589844,20100,0.0,0.0,0.0
2021-10-12 00:00:00-04:00,100.19332034902618,100.19332034902618,99.41737286158266,99.5993881225586,28800,0.0,0.0,0.0
2021-10-13 00:00:00-04:00,99.9250962948944,100.01131674651353,99.20662420233134,99.94425964355469,41700,0.0,0.0,0.0
2021-10-14 00:00:00-04:00,101.07465228470579,101.63984680175781,100.94053808375527,101.63984680175781,17300,0.0,0.0,0.0
2021-10-15 00:00:00-04:00,102.17632014507794,102.54992506843179,102.04219862333478,102.53076171875,22100,0.0,0.0,0.0
2021-10-18 00:00:00-04:00,102.1188287394175,102.92352125821193,102.02303392516659,102.90435791015625,55000,0.0,0.0,0.0
2021-10-19 00:00:00-04:00,103.33543885043383,103.69946204450156,103.16300527247009,103.68988037109375,33900,0.0,0.0,0.0
2021-10-20 00:00:00-04:00,103.91980644953672,104.0634950207841,103.68989011818881,104.00601959228516,16900,0.0,0.0,0.0
2021-10-21 00:00:00-04:00,103.89105814439417,104.35088348388672,103.83358271771102,104.35088348388672,27400,0.0,0.0,0.0
2021-10-22 00:00:00-04:00,104.20719382343823,104.41794681208017,103.6228359217224,104.14013671875,204000,0.0,0.0,0.0
2021-10-25 00:00:00-04:00,104.42752659099901,104.8011314972909,103.96770123242953,104.69575500488281,17500,0.0,0.0,0.0
2021-10-26 00:00:00-04:00,105.21305537078715,105.51002149801442,104.89692589483006,104.98313903808594,33900,0.0,0.0,0.0
2021-10-27 00:00:00-04:00,105.09810680675325,105.29927813473981,104.61912536621094,104.61912536621094,26200,0.0,0.0,0.0
2021-10-28 00:00:00-04:00,105.00230355216931,105.59624312189172,104.93524644822291,105.57707977294922,40600,0.0,0.0,0.0
2021-10-29 00:00:00-04:00,104.91608972222137,105.95069137014127,104.6957623562075,105.85489654541016,22500,0.0,0.0,0.0
2021-11-01 00:00:00-04:00,106.19976276751095,106.19976276751095,105.51961001700569,105.94110870361328,27100,0.0,0.0,0.0
2021-11-02 00:00:00-04:00,105.95067354407445,106.38176114584945,105.94109187061045,106.30512237548828,43100,0.0,0.0,0.0
2021-11-03 00:00:00-04:00,106.26680764193806,107.12897557455243,106.1039557292986,107.04275512695312,28200,0.0,0.0,0.0
2021-11-04 00:00:00-04:00,107.3109901227764,107.60796356201172,107.15771987459871,107.60796356201172,20200,0.0,0.0,0.0
2021-11-05 00:00:00-04:00,108.02946708011213,108.39349763965902,107.67502550414471,107.96240997314453,44100,0.0,0.0,0.0
2021-11-08 00:00:00-05:00,108.05820616046711,108.22105808147606,107.847453176255,107.9815673828125,52100,0.0,0.0,0.0
2021-11-09 00:00:00-05:00,108.19232159918673,108.19232159918673,107.25351483391637,107.51216888427734,138600,0.0,0.0,0.0
2021-11-10 00:00:00-05:00,107.02361324633878,107.51217635756637,106.23808398352027,106.64042663574219,36800,0.0,0.0,0.0
2021-11-11 00:00:00-05:00,107.13856189008739,107.13856189008739,106.59252335663864,106.61168670654297,21300,0.0,0.0,0.0
2021-11-12 00:00:00-05:00,106.73621016381004,107.46426391601562,106.669153062204,107.46426391601562,25000,0.0,0.0,0.0
2021-11-15 00:00:00-05:00,107.74207550922944,107.78039489763887,107.22477472871616,107.38762664794922,29300,0.0,0.0,0.0
2021-11-16 00:00:00-05:00,107.31100131885347,108.14443167667922,107.31100131885347,107.84746551513672,56500,0.0,0.0,0.0
2021-11-17 00:00:00-05:00,107.85702626948414,107.85702626948414,107.66543663628407,107.67501831054688,19100,0.0,0.0,0.0
2021-11-18 00:00:00-05:00,107.99114063681033,108.2593690290108,107.42593883152317,108.16357421875,39500,0.0,0.0,0.0
2021-11-19 00:00:00-05:00,108.31685719592618,108.53719186325438,108.04862877217106,108.13484191894531,269000,0.0,0.0,0.0
2021-11-22 00:00:00-05:00,108.57549987938309,109.10238234108498,107.59838104248047,107.59838104248047,31100,0.0,0.0,0.0
2021-11-23 00:00:00-05:00,107.46426382416107,107.8378687197434,106.95654472548127,107.75165557861328,47500,0.0,0.0,0.0
2021-11-24 00:00:00-05:00,107.28223973319743,108.02944946289062,107.04274906041498,108.02944946289062,43800,0.0,0.0,0.0
2021-11-26 00:00:00-05:00,106.45840227686904,106.69789297449343,105.45254573205226,105.65371704101562,29800,0.0,0.0,0.0
2021-11-29 00:00:00-05:00,106.95655031308675,107.44511339770858,106.4584055538357,107.14813995361328,41300,0.0,0.0,0.0
2021-11-30 00:00:00-05:00,106.56377662702606,107.00443862475832,105.17473353218908,105.33758544921875,50300,0.0,0.0,0.0
2021-12-01 00:00:00-05:00,106.52545441521202,107.12897562265091,103.92937625099566,104.0443344116211,35500,0.0,0.0,0.0
2021-12-02 00:00:00-05:00,103.81443130506732,105.62498041303498,103.81443130506732,105.28011322021484,142300,0.0,0.0,0.0
2021-12-03 00:00:00-05:00,105.73037090444824,105.73037090444824,103.31630023508477,104.29342651367188,50300,0.0,0.0,0.0
2021-12-06 00:00:00-05:00,104.8107199574698,105.88363368246884,104.26467411127001,105.46212768554688,316900,0.0,0.0,0.0
2021-12-07 00:00:00-05:00,106.89906031166034,107.88576808849994,106.87990427237959,107.73249053955078,39400,0.0,0.0,0.0
2021-12-08 00:00:00-05:00,107.92410027590624,108.12527160125475,107.45469320808303,108.08695220947266,145100,0.0,0.0,0.0
2021-12-09 00:00:00-05:00,107.83787491578306,107.94325141122509,107.34931182861328,107.34931182861328,14200,0.0,0.0,0.0
2021-12-10 00:00:00-05:00,107.9719836478235,108.4413833618164,107.5504776874436,108.4413833618164,73500,0.0,0.0,0.0
2021-12-13 00:00:00-05:00,108.31743009793698,108.31743009793698,107.38539748647905,107.44304656982422,20200,0.341,0.0,0.0
2021-12-14 00:00:00-05:00,106.47258683976382,107.01067187110111,105.9441197640554,106.62632751464844,65500,0.0,0.0,0.0
2021-12-15 00:00:00-05:00,106.74162500284496,108.51921672364948,106.08824913106841,108.48078155517578,51200,0.0,0.0,0.0
2021-12-16 00:00:00-05:00,108.93238652557915,108.94198981970818,107.00106144560601,107.41423034667969,68400,0.0,0.0,0.0
2021-12-17 00:00:00-05:00,106.56866734542427,107.2989134829151,105.78075746470957,106.32845306396484,44500,0.0,0.0,0.0
2021-12-20 00:00:00-05:00,105.08896010398024,105.26191470226394,104.40675233596095,105.25230407714844,90500,0.0,0.0,0.0
2021-12-21 00:00:00-05:00,106.06903190622626,107.08753825177068,105.38682413413903,107.04911041259766,234300,0.0,0.0,0.0
2021-12-22 00:00:00-05:00,107.03950334411233,108.18291853186001,106.9530223762017,108.13488006591797,51000,0.0,0.0,0.0
2021-12-23 00:00:00-05:00,108.48078840293684,109.16299619220159,108.29822317385216,108.85552215576172,32900,0.0,0.0,0.0
2021-12-27 00:00:00-05:00,109.10533851563005,110.30641002139102,109.09572789097152,110.26797485351562,32700,0.0,0.0,0.0
2021-12-28 00:00:00-05:00,110.49858623582118,110.60428112215966,110.01815760001327,110.14306640625,56700,0.0,0.0,0.0
2021-12-29 00:00:00-05:00,110.23916143680393,110.45054388531551,109.9220767678974,110.21994018554688,31900,0.0,0.0,0.0
2021-12-30 00:00:00-05:00,110.29682414361068,110.56586304834298,109.82600606032916,109.96052551269531,21100,0.0,0.0,0.0
2021-12-31 00:00:00-05:00,109.86441357935435,110.08541397064452,109.48007654699418,109.4992904663086,30700,0.0,0.0,0.0
2022-01-03 00:00:00-05:00,109.72988879960232,110.42170715332031,109.3551550797982,110.42170715332031,102800,0.0,0.0,0.0
2022-01-04 00:00:00-05:00,110.72919165603433,110.82527591854321,109.79715891510358,110.18150329589844,143900,0.0,0.0,0.0
2022-01-05 00:00:00-05:00,109.93168058688879,110.11423847797079,107.98113422759776,108.01956939697266,53200,0.0,0.0,0.0
2022-01-06 00:00:00-05:00,107.64483636845999,108.33665476024956,107.24127808350244,107.7697525024414,99600,0.0,0.0,0.0
2022-01-07 00:00:00-05:00,107.76975297468277,108.01957058222222,107.00106424026845,107.39501190185547,59500,0.0,0.0,0.0
2022-01-10 00:00:00-05:00,106.62632498046472,107.40461696898356,105.14660400828366,107.30853271484375,118400,0.0,0.0,0.0
2022-01-11 00:00:00-05:00,107.32774713677931,108.32703951218966,106.65515002388712,108.31743621826172,41500,0.0,0.0,0.0
2022-01-12 00:00:00-05:00,108.86513078609524,109.12455902146611,108.22135084876913,108.59608459472656,50700,0.0,0.0,0.0
2022-01-13 00:00:00-05:00,109.02847512064568,109.06691029096787,106.7416301364104,106.991455078125,85400,0.0,0.0,0.0
2022-01-14 00:00:00-05:00,106.24198791540144,107.1644100137359,106.04981939394979,107.08753967285156,75200,0.0,0.0,0.0
2022-01-18 00:00:00-05:00,106.00175583942523,106.00175583942523,105.02168481500125,105.15620422363281,45700,0.0,0.0,0.0
2022-01-19 00:00:00-05:00,105.49252112920625,105.95372851610028,104.08005976166972,104.09927368164062,262100,0.0,0.0,0.0
2022-01-20 00:00:00-05:00,104.71423035465843,105.68469093630631,102.96547038568467,103.03273010253906,97100,0.0,0.0,0.0
2022-01-21 00:00:00-05:00,102.60034682123994,103.12882129687398,100.98610617747394,101.01493072509766,139000,0.0,0.0,0.0
2022-01-24 00:00:00-05:00,99.3814580482114,101.28395848301578,96.84479568897788,101.15904235839844,216000,0.0,0.0,0.0
2022-01-25 00:00:00-05:00,99.76581016112347,101.19748541293735,98.43982246265348,99.90032958984375,101700,0.0,0.0,0.0
2022-01-26 00:00:00-05:00,101.73556208040407,102.23521195115731,98.84338706193525,99.83306884765625,303200,0.0,0.0,0.0
2022-01-27 00:00:00-05:00,100.86118728199746,101.57221959844956,99.17007645971765,99.42951202392578,141000,0.0,0.0,0.0
2022-01-28 00:00:00-05:00,99.74659119602669,102.02382557283464,98.68003903619658,101.9565658569336,350700,0.0,0.0,0.0
2022-01-31 00:00:00-05:00,101.98538927440738,103.97436351492486,101.60104490318349,103.93592834472656,95700,0.0,0.0,0.0
2022-02-01 00:00:00-05:00,104.33947537973465,104.76225487554822,103.2825339709591,104.67578125,107200,0.0,0.0,0.0
2022-02-02 00:00:00-05:00,105.39643856897614,105.75195107487022,104.62774980406681,105.617431640625,77200,0.0,0.0,0.0
2022-02-03 00:00:00-05:00,103.83985587016066,104.35871973058872,102.6676087037225,102.85017395019531,177700,0.0,0.0,0.0
2022-02-04 00:00:00-05:00,103.01350114614601,104.45478696872557,102.43698828326593,103.59962463378906,69900,0.0,0.0,0.0
2022-02-07 00:00:00-05:00,103.71493055788326,103.98396940626417,102.85976821949019,103.1288070678711,80100,0.0,0.0,0.0
2022-02-08 00:00:00-05:00,102.99428716274828,104.13770226302792,102.63876735432858,103.9455337524414,103100,0.0,0.0,0.0
2022-02-09 00:00:00-05:00,104.92561502255762,105.39644038127113,104.85835530427848,105.3099594116211,78600,0.0,0.0,0.0
2022-02-10 00:00:00-05:00,103.94554707701336,105.33878728425917,103.02312491258887,103.46511840820312,134900,0.0,0.0,0.0
2022-02-11 00:00:00-05:00,103.50353546091304,103.92631496129266,100.94765187153948,101.31278228759766,247900,0.0,0.0,0.0
2022-02-14 00:00:00-05:00,101.09179132251921,101.62986904162486,100.23662894861528,101.00531768798828,192500,0.0,0.0,0.0
2022-02-15 00:00:00-05:00,102.23521208278467,102.75407587350001,101.97577652204751,102.66759490966797,82600,0.0,0.0,0.0
2022-02-16 00:00:00-05:00,102.24482544237473,102.98468231345925,101.69712976189452,102.7732925415039,108400,0.0,0.0,0.0
2022-02-17 00:00:00-05:00,101.92774447300057,102.06226390897483,100.34232845672169,100.45763397216797,102100,0.0,0.0,0.0
2022-02-18 00:00:00-05:00,100.50567230100735,100.76510787771575,99.16047061235047,99.66973114013672,105600,0.0,0.0,0.0
2022-02-22 00:00:00-05:00,99.06437585946863,99.90993488720214,97.79604464862702,98.65120697021484,127700,0.0,0.0,0.0
2022-02-23 00:00:00-05:00,99.41029282815917,99.51598771490856,96.75832469557687,96.8255844116211,213900,0.0,0.0,0.0
2022-02-24 00:00:00-05:00,94.2600938789188,98.5166917499133,94.11596382661246,98.35334777832031,265900,0.0,0.0,0.0
2022-02-25 00:00:00-05:00,98.70885525692552,100.50565338134766,98.3533354831148,100.50565338134766,483000,0.0,0.0,0.0
2022-02-28 00:00:00-05:00,99.39107497045838,100.6786201496541,99.02594452860488,100.30388641357422,167100,0.0,0.0,0.0
2022-03-01 00:00:00-05:00,100.10211529040465,100.46723843074115,98.34374464596928,98.92025756835938,122700,0.0,0.0,0.0
2022-03-02 00:00:00-05:00,99.44872568581005,101.01492036913166,99.17968682789066,100.688232421875,172600,0.0,0.0,0.0
2022-03-03 00:00:00-05:00,101.20709109777256,101.36082443848042,99.61206461972111,100.00601959228516,191400,0.0,0.0,0.0
2022-03-04 00:00:00-05:00,99.25655681139766,99.40067953422376,98.22843984760351,99.1124267578125,107300,0.0,0.0,0.0
2022-03-07 00:00:00-05:00,98.94908626983539,99.02594928113014,96.16259868183003,96.2298583984375,272400,0.0,0.0,0.0
2022-03-08 00:00:00-05:00,96.104939677297,97.88253146842135,95.12486850010266,95.43234252929688,97400,0.0,0.0,0.0
2022-03-09 00:00:00-05:00,97.45015037439046,98.4686641471379,97.18111149014916,97.98823547363281,116000,0.0,0.0,0.0
2022-03-10 00:00:00-05:00,97.02737209686737,97.69996926567211,96.36437822278889,97.45975494384766,81100,0.0,0.0,0.0
2022-03-11 00:00:00-05:00,98.14196233978645,98.2188326818405,96.124163510803,96.2298583984375,86500,0.0,0.0,0.0
2022-03-14 00:00:00-04:00,96.24907429510085,97.12345795971325,95.18252210216635,95.4515609741211,92200,0.0,0.0,0.0
2022-03-15 00:00:00-04:00,95.9512038111625,97.73839884983576,95.8358983042046,97.59426879882812,66200,0.0,0.0,0.0
2022-03-16 00:00:00-04:00,98.53591065694619,99.86189097896523,97.3732669718773,99.82345581054688,114100,0.0,0.0,0.0
2022-03-17 00:00:00-04:00,99.45833825406396,101.16866302490234,99.36225399303828,101.16866302490234,130400,0.0,0.0,0.0
2022-03-18 00:00:00-04:00,100.75549655548518,102.42738619642684,100.71706138398821,102.31208801269531,58000,0.0,0.0,0.0
2022-03-21 00:00:00-04:00,102.24482829526546,102.7732954091402,101.5914450413357,102.31208801269531,59500,0.0,0.0,0.0
2022-03-22 00:00:00-04:00,102.6291461637512,103.83021755816176,102.6291461637512,103.61882781982422,219500,0.0,0.0,0.0
2022-03-23 00:00:00-04:00,103.05194703241335,103.44590205032283,102.32169342041016,102.32169342041016,36300,0.0,0.0,0.0
2022-03-24 00:00:00-04:00,102.86807030872905,103.90879821777344,102.55970730071078,103.90879821777344,54100,0.307,0.0,0.0
2022-03-25 00:00:00-04:00,103.96662312204842,104.36171716652271,103.39808176277626,104.30389404296875,82200,0.0,0.0,0.0
2022-03-28 00:00:00-04:00,104.1978915593033,105.20971165458717,103.93771324014848,105.2000732421875,33600,0.0,0.0,0.0
2022-03-29 00:00:00-04:00,106.0480616772457,106.57805665094463,105.53732882163817,106.4913330078125,97500,0.0,0.0,0.0
2022-03-30 00:00:00-04:00,106.22151246614214,106.28896663678496,105.37350877582878,105.81678009033203,66500,0.0,0.0,0.0
2022-03-31 00:00:00-04:00,105.75898089771317,105.75898089771317,104.09188848788247,104.14971160888672,86300,0.0,0.0,0.0
2022-04-01 00:00:00-04:00,104.46770460181881,104.48697407262705,103.62933925856157,104.43878936767578,80800,0.0,0.0,0.0
2022-04-04 00:00:00-04:00,104.44842584715143,105.47951528723492,104.27497120527039,105.42169952392578,94800,0.0,0.0,0.0
2022-04-05 00:00:00-04:00,105.07478291064,105.58550838945457,103.77387686325415,104.04369354248047,184400,0.0,0.0,0.0
2022-04-06 00:00:00-04:00,102.88734187371077,103.43661372266796,102.14534589780355,102.89698028564453,111800,0.0,0.0,0.0
2022-04-07 00:00:00-04:00,102.58861138342958,103.84134019256881,102.20315579969798,103.32097625732422,87800,0.0,0.0,0.0
2022-04-08 00:00:00-04:00,103.17643519968878,103.61006816039395,102.75243329894299,102.95479583740234,61300,0.0,0.0,0.0
2022-04-11 00:00:00-04:00,102.1742579633541,102.24171214574274,100.96971374073235,101.04680633544922,244400,0.0,0.0,0.0
2022-04-12 00:00:00-04:00,101.93334456804787,102.30916176057126,100.33371373483753,100.71916198730469,261400,0.0,0.0,0.0
2022-04-13 00:00:00-04:00,100.65171054483112,102.00080152101287,100.58425636361974,101.88516998291016,130700,0.0,0.0,0.0
2022-04-14 00:00:00-04:00,101.88516007057184,102.0296994791381,100.43970716928017,100.48788452148438,56500,0.0,0.0,0.0
2022-04-18 00:00:00-04:00,100.23735008416833,100.85408349788173,99.9289870532889,100.41080474853516,106400,0.0,0.0,0.0
2022-04-19 00:00:00-04:00,100.36260381414806,102.22241997498999,100.36260381414806,102.07787322998047,55400,0.0,0.0,0.0
2022-04-20 00:00:00-04:00,102.47296558346498,102.5307886958903,101.57679188833528,101.76951599121094,225500,0.0,0.0,0.0
2022-04-21 00:00:00-04:00,102.6078869953484,103.070427808805,100.04461364294237,100.2855224609375,72400,0.0,0.0,0.0
2022-04-22 00:00:00-04:00,99.96753220700965,100.04462480183582,97.37535803558156,97.5198974609375,102700,0.0,0.0,0.0
2022-04-25 00:00:00-04:00,96.8935314335639,98.22334548820352,96.03589661288304,98.18479919433594,137700,0.0,0.0,0.0
2022-04-26 00:00:00-04:00,97.57772051767803,97.59698999039442,95.24571731345257,95.28426361083984,72700,0.0,0.0,0.0
2022-04-27 00:00:00-04:00,95.46735122678939,96.76825744341959,95.0144414483287,95.50589752197266,110800,0.0,0.0,0.0
2022-04-28 00:00:00-04:00,96.72008445822492,98.46426212033353,95.85281115730331,98.06916809082031,154800,0.0,0.0,0.0
2022-04-29 00:00:00-04:00,97.0862563948894,97.51025827916477,94.1664426146113,94.31098937988281,154000,0.0,0.0,0.0
2022-05-02 00:00:00-04:00,94.29171083928452,95.20716876802643,92.79808056389574,95.00479888916016,238700,0.0,0.0,0.0
2022-05-03 00:00:00-04:00,95.05298298180499,95.8335252022908,94.7831662809928,95.32279968261719,266600,0.0,0.0,0.0
2022-05-04 00:00:00-04:00,95.51554993783064,98.3582716188083,94.64827654893665,98.17517852783203,177900,0.0,0.0,0.0
2022-05-05 00:00:00-04:00,97.12480198701185,97.19225616339043,93.6557164053419,94.5711669921875,198300,0.0,0.0,0.0
2022-05-06 00:00:00-04:00,94.03153462373696,94.93734680915632,92.82699049508267,94.13753509521484,372200,0.0,0.0,0.0
2022-05-09 00:00:00-04:00,92.58609350860115,92.89445655088976,90.71663842925187,91.11173248291016,308400,0.0,0.0,0.0
2022-05-10 00:00:00-04:00,92.59571632929824,92.88480987219742,90.40826734146897,91.3140869140625,493700,0.0,0.0,0.0
2022-05-11 00:00:00-04:00,91.07317361437529,92.32589508430104,89.60844385168957,89.78189849853516,512300,0.0,0.0,0.0
2022-05-12 00:00:00-04:00,88.8857230573467,90.39863027011971,87.90281823043065,89.56027221679688,365200,0.0,0.0,0.0
2022-05-13 00:00:00-04:00,90.56245911274425,91.98863540317534,90.45645862943393,91.71881866455078,122000,0.0,0.0,0.0
2022-05-16 00:00:00-04:00,91.35263548029108,92.25844772344247,90.79372520450436,91.36226654052734,158200,0.0,0.0,0.0
2022-05-17 00:00:00-04:00,92.76917187630747,93.20281219482422,91.93081382735943,93.20281219482422,207200,0.0,0.0,0.0
2022-05-18 00:00:00-04:00,92.0753715414669,92.12354890350191,89.12664202180149,89.46391296386719,152000,0.0,0.0,0.0
2022-05-19 00:00:00-04:00,88.69298798307534,89.71443898037302,88.27862453761344,88.77008056640625,268000,0.0,0.0,0.0
2022-05-20 00:00:00-04:00,89.6180895409221,89.70481319541068,86.64045977221024,88.77972412109375,202400,0.0,0.0,0.0
2022-05-23 00:00:00-04:00,89.35790751093522,90.65881373786675,88.99172137977162,90.51426696777344,285900,0.0,0.0,0.0
2022-05-24 00:00:00-04:00,89.38681718706587,90.03245110754841,88.24008876713846,89.73372650146484,348200,0.0,0.0,0.0
2022-05-25 00:00:00-04:00,89.40607718847745,91.05389258134318,89.35789983721972,90.62989807128906,190700,0.0,0.0,0.0
2022-05-26 00:00:00-04:00,90.69735842773726,92.71135270566676,90.66844319266718,92.35480499267578,57900,0.0,0.0,0.0
2022-05-27 00:00:00-04:00,92.95226424936575,94.63862609863281,92.88481006947323,94.63862609863281,58900,0.0,0.0,0.0
2022-05-31 00:00:00-04:00,94.35916948229402,94.91807973658248,93.47262674567006,94.15680694580078,45900,0.0,0.0,0.0
2022-06-01 00:00:00-04:00,94.68680297278473,95.00479702199549,92.91371026637584,93.49188995361328,70700,0.0,0.0,0.0
2022-06-02 00:00:00-04:00,93.30881316639304,95.2649917602539,92.83662654915094,95.2649917602539,113400,0.0,0.0,0.0
2022-06-03 00:00:00-04:00,94.07009479266236,94.43627361507826,93.38591450891018,93.56900024414062,103700,0.0,0.0,0.0
2022-06-06 00:00:00-04:00,94.51333992865518,95.00478857554,93.5400663412969,93.83879089355469,56000,0.0,0.0,0.0
2022-06-07 00:00:00-04:00,92.9233538187109,94.76389344930934,92.86553805237446,94.67716979980469,54500,0.0,0.0,0.0
2022-06-08 00:00:00-04:00,94.28207007026053,94.77352611016067,93.65571303441253,93.7809829711914,53900,0.0,0.0,0.0
2022-06-09 00:00:00-04:00,93.42633413399282,93.95782739760517,91.55162048339844,91.55162048339844,64300,0.273,0.0,0.0
2022-06-10 00:00:00-04:00,90.16008689396705,90.16974504589969,88.84585571289062,88.84585571289062,64600,0.0,0.0,0.0
2022-06-13 00:00:00-04:00,86.50729750860667,86.96148134410085,85.21239730519692,85.50230407714844,133700,0.0,0.0,0.0
2022-06-14 00:00:00-04:00,85.88883651456291,86.0531209505593,84.57460526240456,85.24138641357422,127200,0.0,0.0,0.0
2022-06-15 00:00:00-04:00,85.9854801156116,87.60894187538975,84.96114822557341,86.58460998535156,221000,0.0,0.0,0.0
2022-06-16 00:00:00-04:00,84.61326361581798,84.69057307458365,83.28937415447581,83.88850402832031,134000,0.0,0.0,0.0
2022-06-17 00:00:00-04:00,83.77255149560295,84.78721054639175,83.2797128865706,84.11077117919922,445500,0.0,0.0,0.0
2022-06-21 00:00:00-04:00,85.32835527827888,86.60393171128489,85.32835527827888,86.30435943603516,156500,0.0,0.0,0.0
2022-06-22 00:00:00-04:00,85.24138616406107,87.17407830891489,85.24138616406107,86.19806671142578,157900,0.0,0.0,0.0
2022-06-23 00:00:00-04:00,86.66190757754231,87.29003393759237,85.94681361836139,87.14508056640625,156300,0.0,0.0,0.0
2022-06-24 00:00:00-04:00,87.8408596522102,89.87018493426324,87.8408596522102,89.86051940917969,171400,0.0,0.0,0.0
2022-06-27 00:00:00-04:00,90.16975163563825,90.16975163563825,89.17441633884017,89.44499206542969,88600,0.0,0.0,0.0
2022-06-28 00:00:00-04:00,89.8991582237439,90.42098589635441,87.47362794160082,87.50262451171875,91500,0.0,0.0,0.0
2022-06-29 00:00:00-04:00,87.56062316894531,88.00514150270823,87.07745010538095,87.56062316894531,73100,0.0,0.0,0.0
2022-06-30 00:00:00-04:00,86.6039434977539,87.46399097032652,85.6665865647479,86.78754425048828,141200,0.0,0.0,0.0
2022-07-01 00:00:00-04:00,86.62326037752776,87.71522877305655,85.94682108341884,87.66691589355469,112700,0.0,0.0,0.0
2022-07-05 00:00:00-04:00,86.53630012349518,87.9278335571289,85.86951892505162,87.9278335571289,122000,0.0,0.0,0.0
2022-07-06 00:00:00-04:00,87.8988309186607,88.816864038517,87.5026328940383,88.29503631591797,153000,0.0,0.0,0.0
2022-07-07 00:00:00-04:00,88.66224651533526,89.77354590258852,88.66224651533526,89.61892700195312,76400,0.0,0.0,0.0
2022-07-08 00:00:00-04:00,89.07779167279303,90.02481417852702,88.9038490645005,89.62860870361328,243400,0.0,0.0,0.0
2022-07-11 00:00:00-04:00,89.01980599272117,89.07778439987283,88.32403561635856,88.49797821044922,49100,0.0,0.0,0.0
2022-07-12 00:00:00-04:00,88.43998646687216,88.95215606183875,87.29003969097334,87.6475830078125,65900,0.0,0.0,0.0
2022-07-13 00:00:00-04:00,86.43000094172807,87.88917830180621,86.29471307221931,87.22240447998047,124300,0.0,0.0,0.0
2022-07-14 00:00:00-04:00,86.14975125122305,87.18374122284669,85.47330459720234,87.03878784179688,100300,0.0,0.0,0.0
2022-07-15 00:00:00-04:00,88.15976256775998,88.72990325777819,87.74423342807503,88.7202377319336,68400,0.0,0.0,0.0
2022-07-18 00:00:00-04:00,89.45467185951529,89.61894895220033,87.69592198351175,87.94717407226562,66700,0.0,0.0,0.0
2022-07-19 00:00:00-04:00,88.85552438078979,90.334040163958,88.6139378464509,90.27605438232422,1304700,0.0,0.0,0.0
2022-07-20 00:00:00-04:00,90.31470062901762,91.21340274724608,89.99580466421246,90.87518310546875,107600,0.0,0.0,0.0
2022-07-21 00:00:00-04:00,90.73023366770545,91.793212890625,90.15042748907983,91.793212890625,58900,0.0,0.0,0.0
2022-07-22 00:00:00-04:00,91.83187385743234,92.03480566510558,90.33404174194806,90.90418243408203,108900,0.0,0.0,0.0
2022-07-25 00:00:00-04:00,91.06845436804844,91.07811989338306,90.43066977604038,90.93316650390625,133800,0.0,0.0,0.0
2022-07-26 00:00:00-04:00,90.41133573292468,90.49831071278632,89.5126335950766,89.67691802978516,79000,0.0,0.0,0.0
2022-07-27 00:00:00-04:00,90.59494161301669,92.53729922553764,90.48864295837993,92.17974853515625,105900,0.0,0.0,0.0
2022-07-28 00:00:00-04:00,92.2860461805373,93.28138141521885,91.41633327603661,93.21373748779297,109200,0.0,0.0,0.0
2022-07-29 00:00:00-04:00,93.60994355514592,94.86618898364796,93.436000973029,94.70191192626953,231200,0.0,0.0,0.0
2022-08-01 00:00:00-04:00,94.12211261822115,95.04013847395649,93.9385044980198,94.43134307861328,47100,0.0,0.0,0.0
2022-08-02 00:00:00-04:00,93.99648379695165,94.94350623799265,93.52297626274904,93.83220672607422,65600,0.0,0.0,0.0
2022-08-03 00:00:00-04:00,94.31538027892883,95.7648994657135,94.31538027892883,95.49432373046875,55900,0.0,0.0,0.0
2022-08-04 00:00:00-04:00,95.49431701904135,95.65859407923213,95.02080951564159,95.50398254394531,37100,0.0,0.0,0.0
2022-08-05 00:00:00-04:00,94.43133955247261,95.41700930421817,94.37336114726271,95.26239776611328,56500,0.0,0.0,0.0
2022-08-08 00:00:00-04:00,95.5619531982985,96.1514248348354,94.85652476285907,95.0691146850586,41800,0.0,0.0,0.0
2022-08-09 00:00:00-04:00,94.86619412588006,94.9531691079706,94.42167580807168,94.67292785644531,38500,0.0,0.0,0.0
2022-08-10 00:00:00-04:00,96.34469864243758,96.70224933659483,95.98715532091563,96.63460540771484,59400,0.0,0.0,0.0
2022-08-11 00:00:00-04:00,97.25307478161434,97.60095998125942,96.38336178250168,96.55730438232422,49200,0.0,0.0,0.0
2022-08-12 00:00:00-04:00,97.05013915905309,98.1807623270999,96.7602323798759,98.17109680175781,31300,0.0,0.0,0.0
2022-08-15 00:00:00-04:00,97.73624483378488,98.79922407871547,97.73624483378488,98.70259094238281,28600,0.0,0.0,0.0
2022-08-16 00:00:00-04:00,98.4126892435664,99.21475832456052,98.2097574349961,98.84754943847656,51100,0.0,0.0,0.0
2022-08-17 00:00:00-04:00,98.0261552527561,98.7412493353147,97.78456871664235,98.13245391845703,54200,0.0,0.0,0.0
2022-08-18 00:00:00-04:00,98.15177741696705,98.52865182280085,97.83288142045046,98.39336395263672,30700,0.0,0.0,0.0
2022-08-19 00:00:00-04:00,97.7942193964223,97.7942193964223,96.96316118588904,97.08879089355469,79100,0.0,0.0,0.0
2022-08-22 00:00:00-04:00,95.9001729483359,95.90983847246933,94.85652489360109,94.98214721679688,31000,0.0,0.0,0.0
2022-08-23 00:00:00-04:00,94.9048454114853,95.46532789420357,94.7019136241498,94.80821228027344,55000,0.0,0.0,0.0
2022-08-24 00:00:00-04:00,94.71157322181536,95.36868879462183,94.5956090480372,95.08844757080078,38500,0.0,0.0,0.0
2022-08-25 00:00:00-04:00,95.38802073898803,96.4026870727539,95.24306735235926,96.4026870727539,28700,0.0,0.0,0.0
2022-08-26 00:00:00-04:00,96.32537466871963,96.40268412224023,93.12677159881639,93.1460952758789,50500,0.0,0.0,0.0
2022-08-29 00:00:00-04:00,92.48898407185867,93.04946657762821,92.25706307288478,92.49864959716797,36100,0.0,0.0,0.0
2022-08-30 00:00:00-04:00,92.7402397424398,92.77889447255063,90.9621590205209,91.49365234375,53000,0.0,0.0,0.0
2022-08-31 00:00:00-04:00,91.9091722896795,92.18941352549406,90.75921814489485,90.77854919433594,181100,0.0,0.0,0.0
2022-09-01 00:00:00-04:00,90.17941196503767,91.16508167977025,89.6769152692718,91.12643432617188,52200,0.0,0.0,0.0
2022-09-02 00:00:00-04:00,92.02514957376198,92.1797611281332,89.68658622490979,90.05380249023438,64200,0.0,0.0,0.0
2022-09-06 00:00:00-04:00,90.31469743326657,90.43066160890199,89.1840743682025,89.70590209960938,69400,0.0,0.0,0.0
2022-09-07 00:00:00-04:00,89.63826455157883,91.31970466843751,89.54163141799118,91.17475128173828,53700,0.0,0.0,0.0
2022-09-08 00:00:00-04:00,90.56595257972077,91.88984194380076,90.39200999659494,91.7448959350586,92500,0.0,0.0,0.0
2022-09-09 00:00:00-04:00,92.30538325881662,93.4650030907247,92.28605957930445,93.2813949584961,38900,0.0,0.0,0.0
2022-09-12 00:00:00-04:00,93.82254439209035,94.40235798160484,93.7259112513833,94.30571746826172,53700,0.0,0.0,0.0
2022-09-13 00:00:00-04:00,92.2183966000658,92.35368444662433,89.91849583593616,90.10209655761719,238800,0.0,0.0,0.0
2022-09-14 00:00:00-04:00,90.4403169527126,90.84618786851746,89.80253243810742,90.54661560058594,27300,0.0,0.0,0.0
2022-09-15 00:00:00-04:00,90.04411989297803,90.77854491175381,89.30969487420225,89.51262664794922,38000,0.0,0.0,0.0
2022-09-16 00:00:00-04:00,88.48831668417606,88.96182423346416,88.08245307050053,88.89418029785156,50400,0.0,0.0,0.0
2022-09-19 00:00:00-04:00,88.01480151864284,89.44498956858835,88.01480151864284,89.41600036621094,39500,0.0,0.0,0.0
2022-09-20 00:00:00-04:00,88.52695714988295,89.00046462287119,87.937485503401,88.55594635009766,47900,0.0,0.0,0.0
2022-09-21 00:00:00-04:00,89.01980636902421,89.58994703545407,86.97114996025599,87.01947021484375,100300,0.0,0.0,0.0
2022-09-22 00:00:00-04:00,86.8165166092462,87.16440174105739,86.26569971265087,86.42031860351562,48300,0.0,0.0,0.0
2022-09-23 00:00:00-04:00,85.56995749654946,85.56995749654946,83.90784088133543,84.912841796875,108100,0.0,0.0,0.0
2022-09-26 00:00:00-04:00,84.49042850110033,85.43234111771514,83.95635204576163,84.17969512939453,191600,0.425,0.0,0.0
2022-09-27 00:00:00-04:00,85.04392274152796,85.51973159741627,83.54851607169674,83.95635223388672,113900,0.0,0.0,0.0
2022-09-28 00:00:00-04:00,84.14084999702318,85.92756497838748,83.77184903591744,85.53914642333984,144200,0.0,0.0,0.0
2022-09-29 00:00:00-04:00,84.66521766061483,84.70406025867557,83.0144405811397,83.71359252929688,166000,0.0,0.0,0.0
2022-09-30 00:00:00-04:00,83.53880392567437,84.37390125664642,82.34442553011138,82.4415283203125,116400,0.0,0.0,0.0
2022-10-03 00:00:00-04:00,83.11154076505969,84.82057798378375,82.9755953803454,84.43215942382812,90200,0.0,0.0,0.0
2022-10-04 00:00:00-04:00,85.71394527598386,86.97630388790904,85.71394527598386,86.9568862915039,170400,0.0,0.0,0.0
2022-10-05 00:00:00-04:00,85.88872192375862,87.35499844221765,85.39349549197131,86.85005950927734,73100,0.0,0.0,0.0
2022-10-06 00:00:00-04:00,86.5490368661472,87.21905872836274,85.92757010438456,86.04409790039062,87700,0.0,0.0,0.0
2022-10-07 00:00:00-04:00,84.92739418442032,84.92739418442032,83.12125415844089,83.54851531982422,113100,0.0,0.0,0.0
2022-10-10 00:00:00-04:00,83.69417535988,83.78156564960979,82.28615895477714,82.83965301513672,36100,0.0,0.0,0.0
2022-10-11 00:00:00-04:00,82.28615862269567,83.32517404438694,81.76179466102884,82.20848083496094,80500,0.0,0.0,0.0
2022-10-12 00:00:00-04:00,82.3152848489406,82.77167609458886,82.01426398839291,82.1016616821289,233600,0.0,0.0,0.0
2022-10-13 00:00:00-04:00,80.35378168535505,84.56810335605115,80.14986361178597,84.25736999511719,342500,0.0,0.0,0.0
2022-10-14 00:00:00-04:00,84.80115058901538,85.17014410367085,82.22788626123123,82.33470153808594,99400,0.0,0.0,0.0
2022-10-17 00:00:00-04:00,83.80099842938249,84.78174634465523,83.80099842938249,84.55841064453125,96600,0.0,0.0,0.0
2022-10-18 00:00:00-04:00,86.31599475893233,86.5004952634797,84.67493003987923,85.44205474853516,68300,0.0,0.0,0.0
2022-10-19 00:00:00-04:00,85.05362779964054,85.69451954721978,84.45158605812207,85.03421020507812,52700,0.0,0.0,0.0
2022-10-20 00:00:00-04:00,84.84971546208973,85.96641614095108,84.23796117764654,84.44187927246094,175000,0.0,0.0,0.0
2022-10-21 00:00:00-04:00,84.18939572568353,86.56845468965938,84.08258044032102,86.46163940429688,65200,0.0,0.0,0.0
2022-10-24 00:00:00-04:00,86.6364355145332,87.77255375628494,86.26743452737168,87.52008056640625,83000,0.0,0.0,0.0
2022-10-25 00:00:00-04:00,87.55892079023879,88.89896449300042,87.4909480957848,88.8795394897461,49400,0.0,0.0,0.0
2022-10-26 00:00:00-04:00,87.72399613185817,89.2194028158644,87.72399613185817,88.0250244140625,127100,0.0,0.0,0.0
2022-10-27 00:00:00-04:00,88.15125068679436,88.51053913477122,87.2190506306985,87.34528350830078,75600,0.0,0.0,0.0
2022-10-28 00:00:00-04:00,87.18021685319087,89.48159083624917,87.18021685319087,89.46216583251953,58600,0.0,0.0,0.0
2022-10-31 00:00:00-04:00,88.86983183214969,89.16114762909872,88.53968084351133,88.74359893798828,57600,0.0,0.0,0.0
2022-11-01 00:00:00-04:00,89.55926690302209,89.65636968636524,87.92791495406777,88.20951080322266,383100,0.0,0.0,0.0
2022-11-02 00:00:00-04:00,88.14153291859503,88.97663014136334,85.96639958435681,85.98582458496094,190500,0.0,0.0,0.0
2022-11-03 00:00:00-04:00,85.09246624580787,85.64596026968289,84.71376019833906,84.93710327148438,84700,0.0,0.0,0.0
2022-11-04 00:00:00-04:00,86.30626988056042,86.52961295448455,84.63608271053769,86.0052490234375,61200,0.0,0.0,0.0
2022-11-07 00:00:00-05:00,86.32568482082706,87.05396673876126,85.98582140748447,86.93743896484375,392800,0.0,0.0,0.0
2022-11-08 00:00:00-05:00,87.22877645288473,88.04444884836022,86.38396655031202,87.403564453125,106100,0.0,0.0,0.0
2022-11-09 00:00:00-05:00,86.81121014303095,87.06368329404545,85.48087911059092,85.52943420410156,50400,0.0,0.0,0.0
2022-11-10 00:00:00-05:00,88.5105451935338,90.30697273945297,88.20951691331071,90.19044494628906,123400,0.0,0.0,0.0
2022-11-11 00:00:00-05:00,90.36524284950508,91.33628567370684,89.94769413875957,91.2003402709961,151100,0.0,0.0,0.0
2022-11-14 00:00:00-05:00,90.7536412331019,91.54989587513404,90.43319539450592,90.48175048828125,46100,0.0,0.0,0.0
2022-11-15 00:00:00-05:00,91.94805343187556,92.12284144804758,90.31670108375985,91.2489013671875,52100,0.0,0.0,0.0
2022-11-16 00:00:00-05:00,90.85074924860379,90.98669462884969,90.4234955143171,90.54972839355469,243900,0.0,0.0,0.0
2022-11-17 00:00:00-05:00,89.4039046416545,90.53031777443339,89.39419213989795,90.35552978515625,60000,0.0,0.0,0.0
2022-11-18 00:00:00-05:00,90.99642417606879,90.99642417606879,90.05451143044128,90.7148208618164,20100,0.0,0.0,0.0
2022-11-21 00:00:00-05:00,90.38465629978879,90.49147158947302,89.86029235273925,90.23899841308594,41100,0.0,0.0,0.0
2022-11-22 00:00:00-05:00,90.58857684907731,91.48193437947306,90.31668607099756,91.46251678466797,217900,0.0,0.0,0.0
2022-11-23 00:00:00-05:00,91.38482484869681,92.18107952940555,91.34598225348326,92.08397674560547,60600,0.0,0.0,0.0
2022-11-25 00:00:00-05:00,91.83151709071704,92.13253798732217,91.83151709071704,91.91891479492188,10600,0.0,0.0,0.0
2022-11-28 00:00:00-05:00,91.28772893764005,91.64701000559617,90.39436399740528,90.5982894897461,51700,0.0,0.0,0.0
2022-11-29 00:00:00-05:00,90.6274142665986,90.82161983742041,89.89913226331537,90.31668090820312,121300,0.0,0.0,0.0
2022-11-30 00:00:00-05:00,90.34580670907948,93.27835217653134,89.9768131786683,93.23950958251953,87900,0.0,0.0,0.0
2022-12-01 00:00:00-05:00,93.42401820060107,93.7056214753982,92.57920837620964,93.22981262207031,43700,0.0,0.0,0.0
2022-12-02 00:00:00-05:00,91.88977399289386,93.09387235307507,91.88977399289386,93.08415985107422,76100,0.0,0.0,0.0
2022-12-05 00:00:00-05:00,92.46268960766191,92.65689518958514,91.17120100331506,91.46251678466797,40200,0.0,0.0,0.0
2022-12-06 00:00:00-05:00,91.32656960259493,91.48193258338962,89.55927217130623,90.00595092773438,39700,0.0,0.0,0.0
2022-12-07 00:00:00-05:00,89.71463157893905,90.35552329641997,89.59810379163316,89.88941955566406,52500,0.0,0.0,0.0
2022-12-08 00:00:00-05:00,90.21957476006664,90.76335626487361,90.01564928729665,90.62741088867188,49500,0.0,0.0,0.0
2022-12-09 00:00:00-05:00,90.3263981215021,90.93815982777016,89.9768295288086,89.9768295288086,64500,0.0,0.0,0.0
2022-12-12 00:00:00-05:00,90.07393444732585,91.2003402709961,90.05450944209927,91.2003402709961,24700,0.0,0.0,0.0
2022-12-13 00:00:00-05:00,93.67279295857136,93.82878041653419,91.36216876663813,91.9568862915039,96800,0.376,0.0,0.0
2022-12-14 00:00:00-05:00,91.88864290452864,92.7270968990355,90.83569964097404,91.39141845703125,49700,0.0,0.0,0.0
2022-12-15 00:00:00-05:00,90.21173205068786,90.3579754056895,88.7005705509936,89.05154418945312,55700,0.0,0.0,0.0
2022-12-16 00:00:00-05:00,88.48608082633714,88.75906445384908,87.55013377276224,88.08634948730469,236000,0.0,0.0,0.0
2022-12-19 00:00:00-05:00,88.16435497337135,88.16435497337135,86.89692237207916,87.2966537475586,94600,0.0,0.0,0.0
2022-12-20 00:00:00-05:00,87.02366308062618,87.71587369720673,86.8481725413349,87.41364288330078,135200,0.0,0.0,0.0
2022-12-21 00:00:00-05:00,87.89136199114894,88.93455365966176,87.89136199114894,88.6420669555664,245400,0.0,0.0,0.0
2022-12-22 00:00:00-05:00,87.70612667334386,87.70612667334386,86.019474539417,87.31614685058594,103500,0.0,0.0,0.0
2022-12-23 00:00:00-05:00,87.17965192572652,87.78412100140122,86.70193056492903,87.76461791992188,69900,0.0,0.0,0.0
2022-12-27 00:00:00-05:00,87.69638318016831,87.73538190984767,87.15041584115157,87.3746566772461,80300,0.0,0.0,0.0
2022-12-28 00:00:00-05:00,87.35514140893227,87.75487275370556,86.31194970981767,86.38019561767578,74800,0.0,0.0,0.0
2022-12-29 00:00:00-05:00,86.99442658225917,88.07660969618803,86.99442658225917,87.87187194824219,50900,0.0,0.0,0.0
2022-12-30 00:00:00-05:00,87.20889015789069,87.71586608886719,86.79941474781035,87.71586608886719,54100,0.0,0.0,0.0
2023-01-03 00:00:00-05:00,88.2228366967244,88.64206365659433,86.71167528379463,87.33563995361328,406200,0.0,0.0,0.0
2023-01-04 00:00:00-05:00,87.72562566004213,88.32033575013202,87.14065223409153,87.8328628540039,83900,0.0,0.0,0.0
2023-01-05 00:00:00-05:00,87.44289377430405,87.44289377430405,86.75068312837442,86.83842468261719,51500,0.0,0.0,0.0
2023-01-06 00:00:00-05:00,87.50139030713257,89.01255935458781,86.89692120050117,88.75907135009766,60100,0.0,0.0,0.0
2023-01-09 00:00:00-05:00,89.34403343400075,90.08499433231516,88.690821526475,88.72982025146484,33900,0.0,0.0,0.0
2023-01-10 00:00:00-05:00,88.49582521414422,89.29528045654297,88.49582521414422,89.29528045654297,129800,0.0,0.0,0.0
2023-01-11 00:00:00-05:00,89.66576624816632,90.49446868896484,89.49027570696519,90.49446868896484,68700,0.0,0.0,0.0
2023-01-12 00:00:00-05:00,90.72845517939153,91.13793807482969,89.72426217988682,90.84545135498047,92300,0.0,0.0,0.0
2023-01-13 00:00:00-05:00,90.06548961712997,91.34267366308185,90.06548961712997,91.22567749023438,56500,0.0,0.0,0.0
2023-01-17 00:00:00-05:00,91.14768806206231,91.5669150871807,90.89420748929062,91.04044342041016,42900,0.0,0.0,0.0
2023-01-18 00:00:00-05:00,91.40116334365165,91.49865643023574,89.57801212772182,89.62676239013672,178300,0.0,0.0,0.0
2023-01-19 00:00:00-05:00,89.03205108642578,89.55852271650258,88.72006872470392,89.03205108642578,51700,0.0,0.0,0.0
2023-01-20 00:00:00-05:00,89.43178501674416,90.7674560546875,89.04180519378944,90.7674560546875,57600,0.0,0.0,0.0
2023-01-23 00:00:00-05:00,90.93318849060016,92.25911532987836,90.77720103563878,91.84963989257812,129500,0.0,0.0,0.0
2023-01-24 00:00:00-05:00,91.47916044693598,91.92763459414623,90.64070651659858,91.81063842773438,107100,0.0,0.0,0.0
2023-01-25 00:00:00-05:00,90.71871246440882,91.82039857463255,90.26048673415096,91.74240112304688,141900,0.0,0.0,0.0
2023-01-26 00:00:00-05:00,92.3468661478359,92.80509185791016,91.69365425563245,92.80509185791016,38600,0.0,0.0,0.0
2023-01-27 00:00:00-05:00,92.52235029296452,93.56554191557893,92.52235029296452,93.09756469726562,45400,0.0,0.0,0.0
2023-01-30 00:00:00-05:00,92.35661841131568,92.80509258432,91.76190088144678,91.83014678955078,50400,0.0,0.0,0.0
2023-01-31 00:00:00-05:00,91.89839586233649,93.1365737915039,91.89839586233649,93.1365737915039,51100,0.0,0.0,0.0
2023-02-01 00:00:00-05:00,92.82460070733015,94.77449255902472,92.18114026415944,94.09203338623047,115300,0.0,0.0,0.0
2023-02-02 00:00:00-05:00,95.25220899268743,95.9541712126631,94.74524041061984,95.58369445800781,62300,0.0,0.0,0.0
2023-02-03 00:00:00-05:00,94.4040028620203,95.7494253777459,94.22851232186079,94.61849212646484,280400,0.0,0.0,0.0
2023-02-06 00:00:00-05:00,94.00426757373752,94.25775555183442,93.59479214328962,94.04326629638672,36600,0.0,0.0,0.0
2023-02-07 00:00:00-05:00,93.8970286632358,95.58368818884382,93.62404502631571,95.3302001953125,62200,0.0,0.0,0.0
2023-02-08 00:00:00-05:00,94.91096586129028,95.09620793127002,94.12126219579041,94.2382583618164,34000,0.0,0.0,0.0
2023-02-09 00:00:00-05:00,95.10597490989544,95.10597490989544,93.39006805419922,93.39006805419922,72700,0.0,0.0,0.0
2023-02-10 00:00:00-05:00,93.029324687372,93.58504348530803,92.9318315968693,93.53630065917969,35100,0.0,0.0,0.0
2023-02-13 00:00:00-05:00,93.78977973511185,94.64773676986324,93.69228664613898,94.63798522949219,16100,0.0,0.0,0.0
2023-02-14 00:00:00-05:00,94.31625914154608,95.15471316489668,93.83853775929867,94.69648742675781,54100,0.0,0.0,0.0
2023-02-15 00:00:00-05:00,94.21876585136674,94.94022369384766,93.99453247246898,94.94022369384766,21700,0.0,0.0,0.0
2023-02-16 00:00:00-05:00,93.83852774628785,94.72573194261071,93.546041048144,93.56554412841797,302000,0.0,0.0,0.0
2023-02-17 00:00:00-05:00,93.18531839708996,93.35105739266031,92.59060088287077,93.30230712890625,46300,0.0,0.0,0.0
2023-02-21 00:00:00-05:00,92.38585905989024,92.58084522975278,91.48890333908396,91.51815795898438,49900,0.0,0.0,0.0
2023-02-22 00:00:00-05:00,91.67414852966404,91.96663523266561,91.11842974455773,91.37191772460938,70500,0.0,0.0,0.0
2023-02-23 00:00:00-05:00,92.11288981154915,92.17138418398083,90.95270183667559,91.8886489868164,53000,0.0,0.0,0.0
2023-02-24 00:00:00-05:00,90.80646143099368,91.03070226304494,90.32874001796775,90.83570861816406,27700,0.0,0.0,0.0
2023-02-27 00:00:00-05:00,91.57665443516629,91.87888523690003,90.9916884738366,91.13793182373047,35600,0.0,0.0,0.0
2023-02-28 00:00:00-05:00,90.99170490330519,91.49867351113033,90.82596588134766,90.82596588134766,63000,0.0,0.0,0.0
2023-03-01 00:00:00-05:00,90.65045809219268,90.87469144676277,90.22147958676025,90.41646575927734,68600,0.0,0.0,0.0
2023-03-02 00:00:00-05:00,89.94850879740167,91.22568551749056,89.89975852819732,91.04044342041016,40700,0.0,0.0,0.0
2023-03-03 00:00:00-05:00,91.4694163365578,92.6101011583056,91.39141888594779,92.60035705566406,26500,0.0,0.0,0.0
2023-03-06 00:00:00-05:00,92.92208451072764,93.4973064172861,92.74659396411192,92.83434295654297,47400,0.0,0.0,0.0
2023-03-07 00:00:00-05:00,92.77584716499953,92.83434153355937,91.35241973190928,91.39141845703125,33300,0.0,0.0,0.0
2023-03-08 00:00:00-05:00,91.40116179411949,91.69364848715891,91.07942791942524,91.51815795898438,507300,0.0,0.0,0.0
2023-03-09 00:00:00-05:00,91.62540795714912,92.11288084863838,89.67551639119209,89.89974975585938,71000,0.0,0.0,0.0
2023-03-10 00:00:00-05:00,89.79251276288312,90.29948877857571,88.49583297604043,88.74932098388672,46100,0.0,0.0,0.0
2023-03-13 00:00:00-04:00,88.01810460576792,89.80225718410685,87.80361534215392,88.8663101196289,101900,0.0,0.0,0.0
2023-03-14 00:00:00-04:00,90.06548509127663,90.66995412991116,89.36353040420371,90.47496795654297,65900,0.0,0.0,0.0
2023-03-15 00:00:00-04:00,89.09053776297354,90.14348093221903,88.88580005310563,90.12398529052734,135700,0.0,0.0,0.0
2023-03-16 00:00:00-04:00,89.60727251874765,91.83989186681107,89.52927506915913,91.76190185546875,81100,0.0,0.0,0.0
2023-03-17 00:00:00-04:00,91.64491727570415,91.83990348609828,90.53347951231389,90.94295501708984,66100,0.0,0.0,0.0
2023-03-20 00:00:00-04:00,90.94295263660842,91.64491487684847,90.81621234699445,91.5669174194336,113000,0.0,0.0,0.0
2023-03-21 00:00:00-04:00,92.4346110104158,92.90258827783877,92.05438273486737,92.71734619140625,66100,0.0,0.0,0.0
2023-03-22 00:00:00-04:00,92.76609959611756,93.65329645632924,91.40117391139145,91.42066955566406,72100,0.0,0.0,0.0
2023-03-23 00:00:00-04:00,92.15569827920218,93.0267529949118,91.23570488494951,91.79357147216797,81200,0.361,0.0,0.0
2023-03-24 00:00:00-04:00,91.3335620319586,92.29270474182498,91.03994493565446,92.25355529785156,81500,0.0,0.0,0.0
2023-03-27 00:00:00-04:00,92.7331175688623,92.82119821247579,92.2633317352795,92.32205963134766,60000,0.0,0.0,0.0
2023-03-28 00:00:00-04:00,92.16547092312835,92.20462036869083,91.74462371707325,92.10675048828125,47500,0.0,0.0,0.0
2023-03-29 00:00:00-04:00,92.99737419975187,93.42801062511369,92.84078388770682,93.40843963623047,75700,0.0,0.0,0.0
2023-03-30 00:00:00-04:00,93.99566793374034,94.00545716184097,93.51610029471424,93.97608947753906,41600,0.0,0.0,0.0
2023-03-31 00:00:00-04:00,94.10332814000253,95.33650955031052,94.10332814000253,95.23863220214844,38400,0.0,0.0,0.0
2023-04-03 00:00:00-04:00,95.10160770744652,95.72798387328248,95.10160770744652,95.69862365722656,44900,0.0,0.0,0.0
2023-04-04 00:00:00-04:00,95.77691560628281,95.99223379775168,95.08202983099208,95.29734802246094,197000,0.0,0.0,0.0
2023-04-05 00:00:00-04:00,95.22884050394038,95.26798247872884,94.71990522778002,95.0722427368164,115700,0.0,0.0,0.0
2023-04-06 00:00:00-04:00,94.86672380398358,95.59096988607106,94.62204536721141,95.5322494506836,35900,0.0,0.0,0.0
2023-04-10 00:00:00-04:00,94.89608473203391,95.5224609375,94.64161706512787,95.5224609375,37200,0.0,0.0,0.0
2023-04-11 00:00:00-04:00,95.5518149583796,95.66926328940987,95.2288451152839,95.30713653564453,78100,0.0,0.0,0.0
2023-04-12 00:00:00-04:00,95.8258594685119,95.865001444544,94.81777811135507,94.93522644042969,50700,0.0,0.0,0.0
2023-04-13 00:00:00-04:00,95.22884996681437,96.40330346897925,95.22884996681437,96.32500457763672,25100,0.0,0.0,0.0
2023-04-14 00:00:00-04:00,96.16841657622192,96.66755521980738,95.6594812372413,96.1977767944336,60100,0.0,0.0,0.0
2023-04-17 00:00:00-04:00,96.0705422371997,96.45223999023438,95.82586380745988,96.45223999023438,34000,0.0,0.0,0.0
2023-04-18 00:00:00-04:00,96.89265657809463,96.89265657809463,96.2075599729255,96.47180938720703,35800,0.0,0.0,0.0
2023-04-19 00:00:00-04:00,95.95309160874903,96.69691610813271,95.95309160874903,96.48159790039062,76200,0.0,0.0,0.0
2023-04-20 00:00:00-04:00,95.69863285548098,96.34458753876996,95.58119197996925,95.87480163574219,81800,0.0,0.0,0.0
2023-04-21 00:00:00-04:00,96.03138804338153,96.06074825877945,95.63990108175932,96.02159881591797,28600,0.0,0.0,0.0
2023-04-24 00:00:00-04:00,95.88459402167321,96.17820368711419,95.64970479592165,96.03140258789062,30300,0.0,0.0,0.0
2023-04-25 00:00:00-04:00,95.64969520998702,95.75734684963092,94.57310414361692,94.58289337158203,47300,0.0,0.0,0.0
2023-04-26 00:00:00-04:00,95.0428877075781,95.15054681160136,94.2109825585744,94.31864166259766,184900,0.0,0.0,0.0
2023-04-27 00:00:00-04:00,94.97437705442535,96.36414869747597,94.96458782680024,96.29563903808594,17000,0.0,0.0,0.0
2023-04-28 00:00:00-04:00,96.09012232666569,97.03947591868706,96.09012232666569,97.0198974609375,39500,0.0,0.0,0.0
2023-05-01 00:00:00-04:00,96.95137945445003,97.36244489490524,96.94159769341034,97.02967834472656,22800,0.0,0.0,0.0
2023-05-02 00:00:00-04:00,96.83393832820468,96.83393832820468,95.38543872991816,95.95309448242188,72000,0.0,0.0,0.0
2023-05-03 00:00:00-04:00,95.99223379775168,96.61860991821071,95.28755879548717,95.29734802246094,53200,0.0,0.0,0.0
2023-05-04 00:00:00-04:00,94.90587603065975,95.07225558046137,94.33822024863755,94.61225891113281,57300,0.0,0.0,0.0
2023-05-05 00:00:00-04:00,95.44416755349442,96.67734904598673,95.44416755349442,96.43267059326172,47800,0.0,0.0,0.0
2023-05-08 00:00:00-04:00,96.45223307646715,96.647972819431,96.33478475049331,96.54031372070312,28000,0.0,0.0,0.0
2023-05-09 00:00:00-04:00,96.17818769061893,96.39350588965993,96.10967803337793,96.13904571533203,34200,0.0,0.0,0.0
2023-05-10 00:00:00-04:00,96.74584961481439,96.93180761083347,95.73777567911893,96.64797973632812,29800,0.0,0.0,0.0
2023-05-11 00:00:00-04:00,96.54031992071555,96.65776825423217,96.10968349814767,96.55989837646484,29200,0.0,0.0,0.0
2023-05-12 00:00:00-04:00,96.81436607662467,96.83394453389295,95.81608129875696,96.3641586303711,24100,0.0,0.0,0.0
2023-05-15 00:00:00-04:00,96.4620277649397,96.66755676269531,96.18798910126556,96.66755676269531,19000,0.0,0.0,0.0
2023-05-16 00:00:00-04:00,96.37394325912041,96.68713135752212,96.18798525891548,96.22713470458984,35100,0.0,0.0,0.0
2023-05-17 00:00:00-04:00,96.62841502457412,97.4896804649929,96.40330756913856,97.3526611328125,24900,0.0,0.0,0.0
2023-05-18 00:00:00-04:00,97.36244828095867,98.36073303222656,97.36244828095867,98.36073303222656,39200,0.0,0.0,0.0
2023-05-19 00:00:00-04:00,98.43902038810994,98.6934805600456,97.96923455216499,98.21391296386719,295300,0.0,0.0,0.0
2023-05-22 00:00:00-04:00,98.20413668573883,98.59562368948195,98.01818614588085,98.2432861328125,22400,0.0,0.0,0.0
2023-05-23 00:00:00-04:00,97.90073079334219,98.05732857042184,97.17648474183126,97.2547836303711,32200,0.0,0.0,0.0
2023-05-24 00:00:00-04:00,96.77520752574605,96.88286662961363,96.32500012184207,96.5794677734375,51100,0.0,0.0,0.0
2023-05-25 00:00:00-04:00,97.61690291022711,97.74414047083641,97.029676180239,97.54839324951172,45000,0.0,0.0,0.0
2023-05-26 00:00:00-04:00,97.70499741323299,99.15348961075408,97.70499741323299,98.93817138671875,57700,0.0,0.0,0.0
2023-05-30 00:00:00-04:00,99.62327565843398,99.62327565843398,98.70328232414244,99.03604888916016,40300,0.0,0.0,0.0
2023-05-31 00:00:00-04:00,98.68370963012798,98.91859884038274,98.28243340674076,98.5662612915039,199300,0.0,0.0,0.0
2023-06-01 00:00:00-04:00,98.59562559449657,99.84837805708477,98.42924604146394,99.59391784667969,72500,0.0,0.0,0.0
2023-06-02 00:00:00-04:00,100.16155204527043,101.04239582972312,100.09304238797925,100.8564453125,39400,0.0,0.0,0.0
2023-06-05 00:00:00-04:00,100.89559564273524,101.35559229420689,100.582407545328,100.74879455566406,42100,0.0,0.0,0.0
2023-06-06 00:00:00-04:00,100.57262118042162,100.94452969563302,100.4551728491477,100.80751037597656,58300,0.0,0.0,0.0
2023-06-07 00:00:00-04:00,100.97437852635872,101.15106189823005,100.10077949010736,100.18911743164062,35600,0.3,0.0,0.0
2023-06-08 00:00:00-04:00,100.23820393065117,101.0038294163735,100.23820393065117,100.93511962890625,29700,0.0,0.0,0.0
2023-06-09 00:00:00-04:00,101.18050799226287,101.66147648169482,100.98418897396067,101.15106201171875,49600,0.0,0.0,0.0
2023-06-12 00:00:00-04:00,101.37683464256456,102.15227803070822,101.23941505365869,102.1130142211914,38300,0.0,0.0,0.0
2023-06-13 00:00:00-04:00,102.65287646727096,102.8590058390359,102.26024588299252,102.77066040039062,101900,0.0,0.0,0.0
2023-06-14 00:00:00-04:00,102.84919029333884,103.24182088631488,102.08356475587865,102.91790008544922,93200,0.0,0.0,0.0
2023-06-15 00:00:00-04:00,102.72158075368031,104.61601629416825,102.72158075368031,104.26264953613281,148400,0.0,0.0,0.0
2023-06-16 00:00:00-04:00,104.77307303796795,104.77307303796795,103.77187212995526,103.88965606689453,211600,0.0,0.0,0.0
2023-06-20 00:00:00-04:00,103.42832705568219,103.65408460251011,102.89827685310362,103.40869140625,113000,0.0,0.0,0.0
2023-06-21 00:00:00-04:00,103.2516329264168,103.2516329264168,102.6332373432601,102.7412109375,171700,0.0,0.0,0.0
2023-06-22 00:00:00-04:00,102.43692490565226,103.33015214523131,102.43692490565226,103.3105239868164,24000,0.0,0.0,0.0
2023-06-23 00:00:00-04:00,102.55471801757812,103.00624055663542,102.41729095118168,102.55471801757812,29800,0.0,0.0,0.0
2023-06-26 00:00:00-04:00,102.50564200653761,102.81974498522186,101.86761822485862,101.89706420898438,23800,0.0,0.0,0.0
2023-06-27 00:00:00-04:00,102.17190098368637,103.12402772172584,102.05411704994495,102.96697998046875,28400,0.0,0.0,0.0
2023-06-28 00:00:00-04:00,102.72158440129162,103.3596081531119,102.63323896424309,103.074951171875,38100,0.0,0.0,0.0
2023-06-29 00:00:00-04:00,103.04551426862089,103.42832705568219,102.87864120367144,103.40869140625,42600,0.0,0.0,0.0
2023-06-30 00:00:00-04:00,104.12524077607917,104.88104851054501,104.12524077607917,104.67491912841797,38400,0.0,0.0,0.0
2023-07-03 00:00:00-04:00,104.57675867414461,104.77307022297285,104.56694085006153,104.76325988769531,40100,0.0,0.0,0.0
2023-07-05 00:00:00-04:00,104.39025865807861,104.84178121660752,104.39025865807861,104.64546966552734,37600,0.0,0.0,0.0
2023-07-06 00:00:00-04:00,103.75223073525753,103.91910378468934,103.24181622957497,103.840576171875,59500,0.0,0.0,0.0
2023-07-07 00:00:00-04:00,103.61481086993516,104.40007201829057,103.36941769717475,103.38905334472656,25100,0.0,0.0,0.0
2023-07-10 00:00:00-04:00,103.26143822969753,103.48720323087245,103.01604507089235,103.46757507324219,17900,0.0,0.0,0.0
2023-07-11 00:00:00-04:00,103.6933374473202,104.15467780571286,103.36941666519702,104.08596801757812,28100,0.0,0.0,0.0
2023-07-12 00:00:00-04:00,104.98901192490827,105.31293270344605,104.67490896993972,104.91048431396484,49100,0.0,0.0,0.0
2023-07-13 00:00:00-04:00,105.54850745025297,106.03929378266467,105.46997983975386,105.93132019042969,70900,0.0,0.0,0.0
2023-07-14 00:00:00-04:00,106.25524512921602,106.47119232214477,105.83316856725676,105.9018783569336,16900,0.0,0.0,0.0
2023-07-17 00:00:00-04:00,106.06874540421705,106.61843121813318,106.00985343761393,106.36322021484375,70100,0.0,0.0,0.0
2023-07-18 00:00:00-04:00,106.36321611378999,107.42331640460509,106.23561436146798,107.22699737548828,37900,0.0,0.0,0.0
2023-07-19 00:00:00-04:00,107.51165959228639,107.83558038951631,107.27608423466717,107.46258544921875,50100,0.0,0.0,0.0
2023-07-20 00:00:00-04:00,107.06995766921432,107.44295261929597,106.53990748406306,106.58898162841797,84100,0.0,0.0,0.0
2023-07-21 00:00:00-04:00,107.10920978471808,107.10920978471808,106.56934183411167,106.61842346191406,31700,0.0,0.0,0.0
2023-07-24 00:00:00-04:00,106.88344215530275,107.2858905247413,106.75584041047833,107.10920715332031,40000,0.0,0.0,0.0
2023-07-25 00:00:00-04:00,107.1190319388591,107.72760974225697,107.1190319388591,107.42332458496094,29100,0.0,0.0,0.0
2023-07-26 00:00:00-04:00,107.16810648750192,107.68833881447729,107.02086908638682,107.36441802978516,31200,0.0,0.0,0.0
2023-07-27 00:00:00-04:00,108.25765138667697,108.43433476799402,106.58897334339262,106.77547454833984,25100,0.0,0.0,0.0
2023-07-28 00:00:00-04:00,107.59018747832268,108.09079166722731,107.59018747832268,107.91410827636719,15700,0.0,0.0,0.0
2023-07-31 00:00:00-04:00,107.99262118202405,108.20856836628052,107.73741768136198,108.11041259765625,27900,0.0,0.0,0.0
2023-08-01 00:00:00-04:00,107.77668815804806,107.94355372391895,107.71778870218347,107.84539794921875,202000,0.0,0.0,0.0
2023-08-02 00:00:00-04:00,107.02086215370063,107.0797541148096,106.0687355088134,106.21597290039062,50500,0.0,0.0,0.0
2023-08-03 00:00:00-04:00,105.69575593049788,106.38285387239809,105.54851851757472,105.96077728271484,24400,0.0,0.0,0.0
2023-08-04 00:00:00-04:00,106.51046233146917,106.94234925367178,105.37183433473987,105.44054412841797,31800,0.0,0.0,0.0
2023-08-07 00:00:00-04:00,105.84299426487935,106.41230827244215,105.72520283575416,106.35340881347656,21300,0.0,0.0,0.0
2023-08-08 00:00:00-04:00,105.86261094290698,106.05892997015516,105.24422285688685,106.00003051757812,36700,0.0,0.0,0.0
2023-08-09 00:00:00-04:00,106.1374594904724,106.1374594904724,105.01846714689172,105.11662292480469,17800,0.0,0.0,0.0
2023-08-10 00:00:00-04:00,106.14726314492249,106.60860347721388,105.07735257752746,105.25403594970703,22900,0.0,0.0,0.0
2023-08-11 00:00:00-04:00,104.79271080907156,105.33257133819073,104.77307515998015,105.1264419555664,230000,0.0,0.0,0.0
2023-08-14 00:00:00-04:00,104.89085157662144,105.84297822353125,104.89085157662144,105.83316040039062,25600,0.0,0.0,0.0
2023-08-15 00:00:00-04:00,105.43071480698254,105.4797889428835,104.5472979839156,104.704345703125,25900,0.0,0.0,0.0
2023-08-16 00:00:00-04:00,104.46878142429293,104.95956776801528,103.89946746826172,103.89946746826172,25500,0.0,0.0,0.0
2023-08-17 00:00:00-04:00,104.20375871520065,104.2135690500055,103.04550265978675,103.3105239868164,32200,0.0,0.0,0.0
2023-08-18 00:00:00-04:00,102.34857308875247,103.43811928856701,102.34857308875247,103.1927261352539,27200,0.0,0.0,0.0
2023-08-21 00:00:00-04:00,103.39885452757943,104.16448744942008,103.0651234367913,104.01725006103516,109600,0.0,0.0,0.0
2023-08-22 00:00:00-04:00,104.50804710930242,104.50804710930242,103.60500201793153,103.72278594970703,49700,0.0,0.0,0.0
2023-08-23 00:00:00-04:00,104.14485419206838,105.12642681873972,104.10559038834495,104.99882507324219,52300,0.0,0.0,0.0
2023-08-24 00:00:00-04:00,105.41109423927998,105.41109423927998,103.41850280761719,103.41850280761719,54200,0.0,0.0,0.0
2023-08-25 00:00:00-04:00,103.78169862403897,104.46879660960292,103.03570117627928,104.15469360351562,27000,0.0,0.0,0.0
2023-08-28 00:00:00-04:00,104.7338080160636,104.97920120025196,104.36081307206737,104.84178161621094,27000,0.0,0.0,0.0
2023-08-29 00:00:00-04:00,104.75343800271506,106.5104540051954,104.75343800271506,106.46137237548828,40300,0.0,0.0,0.0
2023-08-30 00:00:00-04:00,106.57917409416594,107.02087884899889,106.47120048941903,106.93254089355469,34200,0.0,0.0,0.0
2023-08-31 00:00:00-04:00,107.06994867754688,107.36441598536453,106.80491986282532,106.83436584472656,26500,0.0,0.0,0.0
2023-09-01 00:00:00-04:00,107.4625822125212,107.52147417795082,106.63805725247964,106.92271423339844,15500,0.0,0.0,0.0
2023-09-05 00:00:00-04:00,106.80492588860785,107.06013689415926,106.68714195435766,106.75585174560547,31400,0.0,0.0,0.0
2023-09-06 00:00:00-04:00,106.50063830503407,106.50063830503407,105.4699839710761,105.9018783569336,42800,0.0,0.0,0.0
2023-09-07 00:00:00-04:00,105.00865121364181,105.79390488389244,105.00865121364181,105.64666748046875,39100,0.0,0.0,0.0
2023-09-08 00:00:00-04:00,105.64667323245102,106.19635906924032,105.60740942347994,105.82335662841797,18100,0.0,0.0,0.0
2023-09-11 00:00:00-04:00,106.5889868420285,106.76567024572107,106.21599187370248,106.69696044921875,13500,0.0,0.0,0.0
2023-09-12 00:00:00-04:00,106.46138202626057,106.61843726451629,105.9215214945699,106.02948760986328,24600,0.0,0.0,0.0
2023-09-13 00:00:00-04:00,106.00985236677606,106.51045654426247,105.85279713901348,106.22579956054688,9300,0.0,0.0,0.0
2023-09-14 00:00:00-04:00,106.8147323713504,107.32514683945281,106.5595213928968,107.10920715332031,26900,0.0,0.0,0.0
2023-09-15 00:00:00-04:00,106.84417968010679,106.84417968010679,105.68592367279268,105.7742691040039,46000,0.0,0.0,0.0
2023-09-18 00:00:00-04:00,105.60739074345972,106.18652246233805,105.60739074345972,105.92150115966797,41000,0.0,0.0,0.0
2023-09-19 00:00:00-04:00,105.55832659267503,105.74482779773938,105.07735807776749,105.68592834472656,26100,0.0,0.0,0.0
2023-09-20 00:00:00-04:00,105.94114008238168,105.99022171210319,104.53749084472656,104.53749084472656,29200,0.0,0.0,0.0
2023-09-21 00:00:00-04:00,103.76204203659466,103.88964378279294,102.84917918922501,102.88844299316406,24800,0.0,0.0,0.0
2023-09-22 00:00:00-04:00,103.11421576398843,103.51665667928197,102.57434778014968,102.63323974609375,38600,0.0,0.0,0.0
2023-09-25 00:00:00-04:00,102.39767344914132,103.09458923339844,102.3682274635652,103.09458923339844,38300,0.0,0.0,0.0
2023-09-26 00:00:00-04:00,102.45895085488014,102.45895085488014,101.38478848492284,101.5818862915039,59700,0.415,0.0,0.0
2023-09-27 00:00:00-04:00,101.78883988165218,101.90709857318987,100.6851146495062,101.55233001708984,41300,0.0,0.0,0.0
2023-09-28 00:00:00-04:00,101.325667960795,102.50822478526926,101.325667960795,102.11404418945312,29700,0.0,0.0,0.0
2023-09-29 00:00:00-04:00,102.68560726996547,102.87284831267172,101.6015956133503,101.86767578125,51300,0.0,0.0,0.0
2023-10-02 00:00:00-04:00,101.84796471863257,102.36041152634492,101.43407057906619,102.13375091552734,46900,0.0,0.0,0.0
2023-10-03 00:00:00-04:00,101.68044492978719,101.96623114837267,100.42890564558104,100.7343978881836,67800,0.0,0.0,0.0
2023-10-04 00:00:00-04:00,100.76394359226822,101.6213021026028,100.64568491268378,101.48333740234375,31900,0.0,0.0,0.0
2023-10-05 00:00:00-04:00,101.39465372726606,101.62131434414559,100.68511660131146,101.40451049804688,32900,0.0,0.0,0.0
2023-10-06 00:00:00-04:00,100.7836576342665,103.03052761412454,100.62598690078391,102.69546508789062,43900,0.0,0.0,0.0
2023-10-09 00:00:00-04:00,102.31112696344469,103.49368370095424,102.22243859146205,103.31629943847656,81400,0.0,0.0,0.0
2023-10-10 00:00:00-04:00,103.6020907107779,104.49886883702227,103.45427675019938,103.84845733642578,282200,0.0,0.0,0.0
2023-10-11 00:00:00-04:00,104.15396032772816,104.34119385649748,103.7006466245563,104.33134460449219,64300,0.0,0.0,0.0
2023-10-12 00:00:00-04:00,104.4791534688471,104.62697494535239,103.34587302550267,103.79918670654297,38100,0.0,0.0,0.0
2023-10-13 00:00:00-04:00,104.1441021506103,104.4495943659339,102.91226900041787,103.29660034179688,103200,0.0,0.0,0.0
2023-10-16 00:00:00-04:00,103.69077965212963,104.53828138900583,103.65136009244793,104.2623519897461,53700,0.0,0.0,0.0
2023-10-17 00:00:00-04:00,103.51341510963783,104.63684645976046,103.32617404511284,104.18353271484375,178500,0.0,0.0,0.0
2023-10-18 00:00:00-04:00,103.74006514598032,104.04556490301498,102.62649060031153,102.90242004394531,51900,0.0,0.0,0.0
2023-10-19 00:00:00-04:00,103.05022851707349,103.44441660896693,101.94650336347439,102.1633071899414,92100,0.0,0.0,0.0
2023-10-20 00:00:00-04:00,101.956370847681,102.06477277230617,100.8427963256836,100.8427963256836,37500,0.0,0.0,0.0
2023-10-23 00:00:00-04:00,100.33035296995509,101.51291741084472,100.07413706516552,100.7343978881836,55000,0.0,0.0,0.0
2023-10-24 00:00:00-04:00,101.22712303636888,101.73956232317424,100.96104286323859,101.52275848388672,95500,0.0,0.0,0.0
2023-10-25 00:00:00-04:00,101.079299318744,101.08915608899724,100.01499368677784,100.06427001953125,71400,0.0,0.0,0.0
2023-10-26 00:00:00-04:00,99.66022976260129,99.81790801991123,98.3791277552671,98.58607482910156,57100,0.0,0.0,0.0
2023-10-27 00:00:00-04:00,98.98026005399812,99.05909166183041,97.92581117429819,98.31014251708984,46400,0.0,0.0,0.0
2023-10-30 00:00:00-04:00,98.96054128400444,99.85731938214046,98.88170216182517,99.571533203125,51600,0.0,0.0,0.0
2023-10-31 00:00:00-04:00,99.75878345134343,100.26136598499636,99.28575619309653,100.21209716796875,58900,0.0,0.0,0.0
2023-11-01 00:00:00-04:00,100.43875521253756,101.58190009045565,100.42890595975499,101.34538269042969,168700,0.0,0.0,0.0
2023-11-02 00:00:00-04:00,102.30128160284556,103.26704214371073,102.30128160284556,103.21776580810547,372700,0.0,0.0,0.0
2023-11-03 00:00:00-04:00,103.66122378033945,104.32148453242134,103.63166098823322,104.0455551147461,53800,0.0,0.0,0.0
2023-11-06 00:00:00-05:00,104.22294449590693,104.42003479862029,103.92730152332376,104.380615234375,29700,0.0,0.0,0.0
2023-11-07 00:00:00-05:00,104.4397511666989,104.96204724968726,104.19338452238263,104.85364532470703,44100,0.0,0.0,0.0
2023-11-08 00:00:00-05:00,104.94232177734375,105.06058045983603,104.44958854472787,104.94232177734375,40400,0.0,0.0,0.0
2023-11-09 00:00:00-05:00,105.10986298651999,105.12956900884078,104.06526335920881,104.10468292236328,40600,0.0,0.0,0.0
2023-11-10 00:00:00-05:00,104.54813666469074,105.88837169705181,104.33134035171668,105.81938934326172,34300,0.0,0.0,0.0
2023-11-13 00:00:00-05:00,105.45477003767297,106.00662886006587,105.30694856209985,105.77996826171875,22500,0.0,0.0,0.0
2023-11-14 00:00:00-05:00,107.1103630233798,107.8888825095354,107.06108668787743,107.61294555664062,63900,0.0,0.0,0.0
2023-11-15 00:00:00-05:00,107.81989666195626,108.10567533938016,107.5439597179906,107.72134399414062,26400,0.0,0.0,0.0
2023-11-16 00:00:00-05:00,107.63264298834326,108.01697428849478,107.48482152247452,107.98741149902344,61000,0.0,0.0,0.0
2023-11-17 00:00:00-05:00,108.09581340609306,108.18450177450705,107.74104489541288,107.98741149902344,22300,0.0,0.0,0.0
2023-11-20 00:00:00-05:00,107.9480036399659,109.11085443578163,107.9480036399659,108.89405059814453,46600,0.0,0.0,0.0
2023-11-21 00:00:00-05:00,108.6181235423352,108.76594502744686,108.40131969997316,108.75608825683594,29200,0.0,0.0,0.0
2023-11-22 00:00:00-05:00,109.15027648031474,109.49518826689108,108.93347263774874,109.16012573242188,32600,0.0,0.0,0.0
2023-11-24 00:00:00-05:00,109.13056293907434,109.21925883763001,109.03201778841154,109.16012573242188,5700,0.0,0.0,0.0
2023-11-27 00:00:00-05:00,109.0812870460861,109.19953821180441,108.91375203046422,108.97288513183594,17000,0.0,0.0,0.0
2023-11-28 00:00:00-05:00,108.844769944942,109.34735995601685,108.78564436193763,109.1798324584961,41100,0.0,0.0,0.0
2023-11-29 00:00:00-05:00,109.68243170380497,109.88937878025583,108.90391221514892,109.02216339111328,19500,0.0,0.0,0.0
2023-11-30 00:00:00-05:00,109.2488117436022,109.37691967601836,108.65753337462498,109.29808807373047,43100,0.0,0.0,0.0
2023-12-01 00:00:00-05:00,109.18968740809188,109.87951092668402,109.00244637368297,109.731689453125,175100,0.0,0.0,0.0
2023-12-04 00:00:00-05:00,109.00245055482553,109.13055849361736,108.51957407328874,109.0418701171875,55900,0.0,0.0,0.0
2023-12-05 00:00:00-05:00,108.69697007516176,109.4656328278918,108.69697007516176,109.15028381347656,246500,0.0,0.0,0.0
2023-12-06 00:00:00-05:00,109.71198277549367,109.71198277549367,108.6575339642336,108.71665954589844,38000,0.0,0.0,0.0
2023-12-07 00:00:00-05:00,109.24881796715692,109.80067680717166,109.16012207157581,109.66271209716797,43500,0.0,0.0,0.0
2023-12-08 00:00:00-05:00,109.41635478581875,110.21458032145,109.3966487620744,110.10618591308594,40200,0.0,0.0,0.0
2023-12-11 00:00:00-05:00,109.89921470544743,110.47078704833984,109.89921470544743,110.47078704833984,30700,0.0,0.0,0.0
2023-12-12 00:00:00-05:00,110.29341394261384,111.00295105817315,110.18501202115266,110.96353149414062,33100,0.0,0.0,0.0
2023-12-13 00:00:00-05:00,111.13106731921381,112.42203370272479,111.0226729081537,112.38261413574219,36200,0.0,0.0,0.0
2023-12-14 00:00:00-05:00,112.84577880886789,112.84577880886789,111.79132988182968,112.43187713623047,132100,0.0,0.0,0.0
2023-12-15 00:00:00-05:00,112.29390631503603,112.73737075764963,112.16579837482116,112.4712905883789,62300,0.0,0.0,0.0
2023-12-18 00:00:00-05:00,112.7078114745617,113.35821548472865,112.68809793329153,113.16112518310547,78000,0.0,0.0,0.0
2023-12-19 00:00:00-05:00,113.29908416808739,113.8115234375,113.19068225212291,113.8115234375,123500,0.0,0.0,0.0
2023-12-20 00:00:00-05:00,113.58600589111437,114.03109666293989,112.19140625,112.19140625,133800,0.422,0.0,0.0
2023-12-21 00:00:00-05:00,112.90355246029469,113.3585286326224,112.39911923933056,113.328857421875,149400,0.0,0.0,0.0
2023-12-22 00:00:00-05:00,113.54645919397446,113.87285006642207,113.03213304123857,113.46733093261719,140300,0.0,0.0,0.0
2023-12-26 00:00:00-05:00,113.49700018258606,114.05088291034173,113.49700018258606,113.90252685546875,39000,0.0,0.0,0.0
2023-12-27 00:00:00-05:00,113.89263577062165,114.100341796875,113.764050459546,114.100341796875,34600,0.0,0.0,0.0
2023-12-28 00:00:00-05:00,114.10033607887023,114.32782038599632,114.09044316018641,114.13990020751953,167500,0.0,0.0,0.0
2023-12-29 00:00:00-05:00,114.03110311807471,114.20913792766608,113.33874217140334,113.83328247070312,213200,0.0,0.0,0.0
2024-01-02 00:00:00-05:00,112.92333172930792,113.30907256453443,112.56726210508558,113.11125946044922,213900,0.0,0.0,0.0
2024-01-03 00:00:00-05:00,112.47824808945728,112.89366013427485,112.24087085614528,112.34966278076172,209000,0.0,0.0,0.0
2024-01-04 00:00:00-05:00,112.18151953203632,112.84420172115088,111.95403522047094,111.96392059326172,87900,0.0,0.0,0.0
2024-01-05 00:00:00-05:00,112.0232686639,112.70572913312826,111.75621268134834,112.08261108398438,58600,0.0,0.0,0.0
2024-01-08 00:00:00-05:00,112.26064654444203,113.79372447163313,112.26064654444203,113.76404571533203,41300,0.0,0.0,0.0
2024-01-09 00:00:00-05:00,113.27939982043371,113.89263250853647,113.05191550842306,113.67503356933594,74300,0.0,0.0,0.0
2024-01-10 00:00:00-05:00,113.78383054508164,114.61465460808924,113.78383054508164,114.45640563964844,73900,0.0,0.0,0.0
2024-01-11 00:00:00-05:00,114.7333469939843,114.82236062384113,113.46732506211409,114.45640563964844,69100,0.0,0.0,0.0
2024-01-12 00:00:00-05:00,114.73335987741874,114.9311729967037,114.27838366619386,114.60478210449219,54000,0.0,0.0,0.0
2024-01-16 00:00:00-05:00,114.17947097514643,114.61466132342112,113.76405137321703,114.19924926757812,50100,0.0,0.0,0.0
2024-01-17 00:00:00-05:00,113.42776341953281,113.71459769883477,113.08158671902565,113.67503356933594,113800,0.0,0.0,0.0
2024-01-18 00:00:00-05:00,114.12011805627796,114.80258609187213,113.77394135202229,114.69378662109375,104200,0.0,0.0,0.0
2024-01-19 00:00:00-05:00,115.10920074463752,116.28620910644531,114.96084468733935,116.28620910644531,80700,0.0,0.0,0.0
2024-01-22 00:00:00-05:00,116.6719503695379,116.84009226580815,116.28620952699492,116.41478729248047,116500,0.0,0.0,0.0
2024-01-23 00:00:00-05:00,116.56315133109037,116.86977145929373,116.34555238400617,116.85987854003906,48100,0.0,0.0,0.0
2024-01-24 00:00:00-05:00,117.5423408873026,117.91819636400078,117.02802226930315,117.05769348144531,60200,0.0,0.0,0.0
2024-01-25 00:00:00-05:00,117.44341852220111,117.73025277777501,117.0181135978792,117.5621109008789,58000,0.0,0.0,0.0
2024-01-26 00:00:00-05:00,117.39398334614407,117.82917369555192,117.30496216475369,117.46321868896484,51000,0.0,0.0,0.0
2024-01-29 00:00:00-05:00,117.60168817995532,118.47207641601562,117.49288870718699,118.47207641601562,57000,0.0,0.0,0.0
2024-01-30 00:00:00-05:00,118.4423995554472,118.4720707654986,118.12589407142221,118.35338592529297,46500,0.0,0.0,0.0
2024-01-31 00:00:00-05:00,117.60168480191386,117.8489549518144,116.33566284179688,116.33566284179688,67700,0.0,0.0,0.0
2024-02-01 00:00:00-05:00,116.76096660287145,117.84895374204798,116.7411807652743,117.81928253173828,203600,0.0,0.0,0.0
2024-02-02 00:00:00-05:00,118.02699204589099,119.71831899841443,118.02699204589099,119.32268524169922,348100,0.0,0.0,0.0
2024-02-05 00:00:00-05:00,119.28312408431218,119.39192355877263,118.50174947049915,118.98640441894531,29100,0.0,0.0,0.0
2024-02-06 00:00:00-05:00,119.32268573767907,119.36224986812367,118.76880300362724,119.29301452636719,75600,0.0,0.0,0.0
2024-02-07 00:00:00-05:00,119.76777021161419,120.42056705142716,119.73809900000202,120.311767578125,29400,0.0,0.0,0.0
2024-02-08 00:00:00-05:00,120.39089965820312,120.40079257774974,120.1634077851507,120.39089965820312,32600,0.0,0.0,0.0
2024-02-09 00:00:00-05:00,120.59859835557235,121.24150225743227,120.55903422587939,121.15248107910156,23000,0.0,0.0,0.0
2024-02-12 00:00:00-05:00,121.18215759345796,121.61735549304112,120.86565208814834,120.98434448242188,24400,0.0,0.0,0.0
2024-02-13 00:00:00-05:00,119.31278950514478,119.80732980283912,118.62043610680715,119.34246826171875,65500,0.0,0.0,0.0
2024-02-14 00:00:00-05:00,120.12384456377312,120.55904247408422,119.42159819237172,120.48980712890625,109600,0.0,0.0,0.0
2024-02-15 00:00:00-05:00,120.5392574138889,121.13270427439659,120.35132968206173,121.06346893310547,32600,0.0,0.0,0.0
2024-02-16 00:00:00-05:00,121.21183116602309,121.23160945784596,120.40078537173416,120.51947021484375,32500,0.0,0.0,0.0
2024-02-20 00:00:00-05:00,120.0941672760859,120.13373140648436,119.21388612645735,119.76776885986328,39000,0.0,0.0,0.0
2024-02-21 00:00:00-05:00,119.35235400182484,119.78755187988281,118.98639900989981,119.78755187988281,45000,0.0,0.0,0.0
2024-02-22 00:00:00-05:00,121.528341986635,122.69545745360138,121.4393208043132,122.53720092773438,25000,0.0,0.0,0.0
2024-02-23 00:00:00-05:00,123.00206330550911,123.19987640592612,122.49763008953386,122.63610076904297,43200,0.0,0.0,0.0
2024-02-26 00:00:00-05:00,122.68556127207995,122.82403195548846,122.10199978107005,122.11189270019531,54400,0.0,0.0,0.0
2024-02-27 00:00:00-05:00,122.2800341081173,122.31959823837457,121.74592966877363,122.29981994628906,89100,0.0,0.0,0.0
2024-02-28 00:00:00-05:00,121.92397266897211,122.11190041379173,121.76572368340302,121.95365142822266,38300,0.0,0.0,0.0
2024-02-29 00:00:00-05:00,122.48773384540627,122.79435395264045,121.75581633843007,122.52729797363281,26700,0.0,0.0,0.0
2024-03-01 00:00:00-05:00,122.73500904887544,123.70431136518509,122.55698178364295,123.62518310546875,101200,0.0,0.0,0.0
2024-03-04 00:00:00-05:00,123.34824893762956,123.76366100624263,123.28890651242386,123.3383560180664,88400,0.0,0.0,0.0
2024-03-05 00:00:00-05:00,122.69545184545761,122.7646871858382,121.39975112392636,121.9437484741211,198200,0.0,0.0,0.0
2024-03-06 00:00:00-05:00,122.80425692861331,123.08119830279406,122.23058834147518,122.53720092773438,48500,0.0,0.0,0.0
2024-03-07 00:00:00-05:00,123.31857475797182,124.04060694697759,123.07130459744863,123.83289337158203,58400,0.0,0.0,0.0
2024-03-08 00:00:00-05:00,124.02081848050702,124.61426534397113,122.84381012660803,122.90316009521484,34300,0.0,0.0,0.0
2024-03-11 00:00:00-04:00,122.58665699134546,122.95261199881433,122.20091614525933,122.75479888916016,60900,0.0,0.0,0.0
2024-03-12 00:00:00-04:00,123.4768212820877,124.42634532017681,122.74490373439338,124.29776000976562,58400,0.0,0.0,0.0
2024-03-13 00:00:00-04:00,124.248304345943,124.3669891852549,123.86256352600745,124.05048370361328,16400,0.0,0.0,0.0
2024-03-14 00:00:00-04:00,124.48568448185775,124.48568448185775,123.3779114971629,124.03070831298828,32400,0.0,0.0,0.0
2024-03-15 00:00:00-04:00,122.85371257787426,123.46694532714979,122.64600653685035,122.94273376464844,67500,0.0,0.0,0.0
2024-03-18 00:00:00-04:00,124.05049472963242,124.4856926353537,123.763660432324,123.84278869628906,29500,0.0,0.0,0.0
2024-03-19 00:00:00-04:00,123.60540800468554,124.57470279993315,123.3185737153733,124.52525329589844,26000,0.0,0.0,0.0
2024-03-20 00:00:00-04:00,124.64393885357,125.73193359375,124.38678332051512,125.73193359375,47000,0.0,0.0,0.0
2024-03-21 00:00:00-04:00,126.41123776034108,126.51040564899519,125.94514036103939,125.9947280883789,48800,0.335,0.0,0.0
2024-03-22 00:00:00-04:00,125.88564803242065,126.21290132629154,125.7765610791219,125.91539764404297,80700,0.0,0.0,0.0
2024-03-25 00:00:00-04:00,125.47904465434034,125.7468062799457,125.34020809514683,125.44929504394531,46100,0.0,0.0,0.0
2024-03-26 00:00:00-04:00,125.76663376634355,125.87572071248336,125.1319502066346,125.22119903564453,49800,0.0,0.0,0.0
2024-03-27 00:00:00-04:00,125.85589062297956,126.03438828165409,125.22119949491793,126.004638671875,27900,0.0,0.0,0.0
2024-03-28 00:00:00-04:00,126.01456022125687,126.28231428058592,125.91539233135816,126.06414794921875,240800,0.0,0.0,0.0
2024-04-01 00:00:00-04:00,126.22281013120985,126.29222840803088,125.60796469823076,125.94513702392578,29400,0.0,0.0,0.0
2024-04-02 00:00:00-04:00,124.91377908235565,125.15178353101429,124.49726940569674,125.10220336914062,113500,0.0,0.0,0.0
2024-04-03 00:00:00-04:00,124.83444574011743,125.63772307484419,124.83444574011743,125.23112487792969,92100,0.0,0.0,0.0
2024-04-04 00:00:00-04:00,126.07406338855243,126.29223729277423,123.65433502197266,123.65433502197266,257200,0.0,0.0,0.0
2024-04-05 00:00:00-04:00,124.0014208224578,125.52863051691617,123.9518330951863,125.03278350830078,286900,0.0,0.0,0.0
2024-04-08 00:00:00-04:00,125.20136876509208,125.37987398953678,124.8443583162027,125.04269409179688,38200,0.0,0.0,0.0
2024-04-09 00:00:00-04:00,125.44930314914538,125.44930314914538,123.95184294563681,125.18154907226562,38700,0.0,0.0,0.0
2024-04-10 00:00:00-04:00,123.92208489223063,124.45760057553842,123.59482404698281,124.1402587890625,122600,0.0,0.0,0.0
2024-04-11 00:00:00-04:00,124.53694447207356,125.50880043420034,123.74358618109116,125.2906265258789,36900,0.0,0.0,0.0
2024-04-12 00:00:00-04:00,124.36835026851027,124.69560354384885,123.11881368895646,123.45598602294922,38800,0.0,0.0,0.0
2024-04-15 00:00:00-04:00,124.41793129209542,124.49726862982887,121.7601910062243,121.86927795410156,89900,0.0,0.0,0.0
2024-04-16 00:00:00-04:00,122.04778850683839,122.46429819907699,121.48252319136448,121.72052764892578,86600,0.0,0.0,0.0
2024-04-17 00:00:00-04:00,122.30562717635665,122.41471412551002,120.72882972606472,120.97675323486328,53800,0.0,0.0,0.0
2024-04-18 00:00:00-04:00,121.33375994946182,121.76018867408031,120.58998944601271,120.66932678222656,88700,0.0,0.0,0.0
2024-04-19 00:00:00-04:00,120.5503226432401,120.81808426559888,119.18178761948663,119.50904846191406,73500,0.0,0.0,0.0
2024-04-22 00:00:00-04:00,120.17348839801208,121.20485114468067,119.56855440654276,120.5701675415039,59900,0.0,0.0,0.0
2024-04-23 00:00:00-04:00,121.22467078269378,122.1469464927145,121.0362540701689,122.09736633300781,60600,0.0,0.0,0.0
2024-04-24 00:00:00-04:00,122.55354981667925,122.55354981667925,121.47259939164461,122.0378646850586,72800,0.0,0.0,0.0
2024-04-25 00:00:00-04:00,120.0644001113498,121.55194120840923,120.03465049997266,121.3734359741211,60700,0.0,0.0,0.0
2024-04-26 00:00:00-04:00,122.4047991005627,123.09898192166571,122.11720691295565,122.6824722290039,42000,0.0,0.0,0.0
2024-04-29 00:00:00-04:00,123.13864571357207,123.32707000013126,122.41471330967892,123.08906555175781,42700,0.0,0.0,0.0
2024-04-30 00:00:00-04:00,122.78163418399511,122.99980807893941,121.0858383178711,121.0858383178711,56800,0.0,0.0,0.0
2024-05-01 00:00:00-04:00,120.91725028337628,122.48412862648838,120.65940772369363,120.66932678222656,176100,0.0,0.0,0.0
2024-05-02 00:00:00-04:00,121.57177173564162,122.09737594528904,120.81808969415809,121.89903259277344,100100,0.0,0.0,0.0
2024-05-03 00:00:00-04:00,123.64441093468486,123.75349788235957,122.90064041837083,123.62458038330078,217500,0.0,0.0,0.0
2024-05-06 00:00:00-04:00,124.1303402832303,124.83444213867188,124.01134184153737,124.83444213867188,60800,0.0,0.0,0.0
2024-05-07 00:00:00-04:00,125.04269584683796,125.31045747027561,124.86419818591283,125.02286529541016,325800,0.0,0.0,0.0
2024-05-08 00:00:00-04:00,124.57660601104737,125.1022026331713,124.48734961455985,125.02286529541016,120500,0.0,0.0,0.0
2024-05-09 00:00:00-04:00,124.98319578111291,125.61787934685904,124.88402789259476,125.55838012695312,41300,0.0,0.0,0.0
2024-05-10 00:00:00-04:00,125.99473255834003,126.19306834268467,125.54846569452681,125.85589599609375,35800,0.0,0.0,0.0
2024-05-13 00:00:00-04:00,126.1930623887142,126.1930623887142,125.707134443779,125.83605194091797,45900,0.0,0.0,0.0
2024-05-14 00:00:00-04:00,125.69721528300948,126.54015367505546,125.69721528300948,126.4509048461914,33600,0.0,0.0,0.0
2024-05-15 00:00:00-04:00,126.92692137647752,128.07728255859223,126.83767254223837,128.0277099609375,28800,0.0,0.0,0.0
2024-05-16 00:00:00-04:00,128.08720606930945,128.51362724389512,127.79960632324219,127.79960632324219,28700,0.0,0.0,0.0
2024-05-17 00:00:00-04:00,127.91861373964848,127.98802445056604,127.51201557039738,127.9582748413086,25400,0.0,0.0,0.0
2024-05-20 00:00:00-04:00,127.95827540837647,128.53345974331864,127.8987761895979,128.12686157226562,39100,0.0,0.0,0.0
2024-05-21 00:00:00-04:00,127.92852688362404,128.58304855983684,127.92852688362404,128.5532989501953,74800,0.0,0.0,0.0
2024-05-22 00:00:00-04:00,128.34504905111334,128.58306108347688,127.74011504273405,128.14671325683594,60300,0.0,0.0,0.0
2024-05-23 00:00:00-04:00,129.1383991196873,129.1383991196873,127.11533480382084,127.45252227783203,42700,0.0,0.0,0.0
2024-05-24 00:00:00-04:00,127.82934347519434,128.34502856363864,127.7004335521198,128.20619201660156,20400,0.0,0.0,0.0
2024-05-28 00:00:00-04:00,128.52356144361286,128.52356144361286,127.79961385536264,128.4144744873047,31300,0.0,0.0,0.0
2024-05-29 00:00:00-04:00,127.44259270720703,127.93843971582403,127.44259270720703,127.6607666015625,52500,0.0,0.0,0.0
2024-05-30 00:00:00-04:00,127.18475862343877,127.21450823360541,126.28231342958438,126.59966278076172,133800,0.0,0.0,0.0
2024-05-31 00:00:00-04:00,126.95668172029731,127.64095306396484,125.61788864511725,127.64095306396484,64100,0.0,0.0,0.0
2024-06-03 00:00:00-04:00,128.1466905710936,128.17644017836608,126.68889928654751,127.96817779541016,573700,0.0,0.0,0.0
2024-06-04 00:00:00-04:00,127.75003129709816,128.37478824174948,127.36325610138795,128.2657012939453,115200,0.0,0.0,0.0
2024-06-05 00:00:00-04:00,128.81114875922847,129.7830047607422,128.44422677674962,129.7830047607422,130700,0.0,0.0,0.0
2024-06-06 00:00:00-04:00,129.97141356768407,130.04083941125418,129.56481539490096,129.9615020751953,93800,0.0,0.0,0.0
2024-06-07 00:00:00-04:00,129.70364878630545,130.43750777791277,129.52515113356407,129.82266235351562,54600,0.0,0.0,0.0
2024-06-10 00:00:00-04:00,129.66399214654666,130.2094268798828,129.52515559006562,130.2094268798828,110000,0.0,0.0,0.0
2024-06-11 00:00:00-04:00,129.71039567210812,130.64485376990078,129.40222654811038,130.63491821289062,89300,0.318,0.0,0.0
2024-06-12 00:00:00-04:00,131.8278230537283,132.35469572527845,131.54947579965608,131.7383575439453,244900,0.0,0.0,0.0
2024-06-13 00:00:00-04:00,132.37458026477788,132.37458026477788,131.44012228034615,132.11610412597656,84300,0.0,0.0,0.0
2024-06-14 00:00:00-04:00,131.7681862013074,132.4441680908203,131.7681862013074,132.4441680908203,24500,0.0,0.0,0.0
2024-06-17 00:00:00-04:00,132.33481040954854,133.79614108847701,132.17576566948165,133.5078582763672,107800,0.0,0.0,0.0
2024-06-18 00:00:00-04:00,133.527752196154,133.76632690429688,133.40844967329392,133.76632690429688,159200,0.0,0.0,0.0
2024-06-20 00:00:00-04:00,134.0347373558049,134.20373282874203,132.990927511157,133.32891845703125,98000,0.0,0.0,0.0
2024-06-21 00:00:00-04:00,133.52773594359968,133.52773594359968,133.02073441292933,133.17979431152344,86700,0.0,0.0,0.0
2024-06-24 00:00:00-04:00,133.20963454765575,133.68679914056554,132.55352375191168,132.5734100341797,75800,0.0,0.0,0.0
2024-06-25 00:00:00-04:00,132.93126956123277,133.39849853515625,132.82191777651053,133.39849853515625,134400,0.0,0.0,0.0
2024-06-26 00:00:00-04:00,133.09033709613487,133.8557844643181,133.05056453461577,133.65696716308594,46800,0.0,0.0,0.0
2024-06-27 00:00:00-04:00,133.73650098750184,134.06455636998294,133.47804000529925,133.7862091064453,135800,0.0,0.0,0.0
2024-06-28 00:00:00-04:00,134.17390003297731,134.88965442978045,133.159912109375,133.159912109375,131500,0.0,0.0,0.0
2024-07-01 00:00:00-04:00,133.58738772694036,133.95520049209026,132.99092065537886,133.80609130859375,132500,0.0,0.0,0.0
2024-07-02 00:00:00-04:00,133.358738776001,134.74053955078125,133.358738776001,134.74053955078125,197100,0.0,0.0,0.0
2024-07-03 00:00:00-04:00,134.78030964566278,135.56564331054688,134.78030964566278,135.56564331054688,23400,0.0,0.0,0.0
2024-07-05 00:00:00-04:00,135.66504370679843,136.55972906043118,135.51593453745508,136.5299072265625,56700,0.0,0.0,0.0
2024-07-08 00:00:00-04:00,136.59952105632922,136.75858097212068,136.3211737880884,136.5100555419922,52200,0.0,0.0,0.0
2024-07-09 00:00:00-04:00,136.93750029109245,137.02696579777916,136.67903932662398,136.78839111328125,175900,0.0,0.0,0.0
2024-07-10 00:00:00-04:00,137.1064945498084,138.15030429171955,136.98720720860268,138.05088806152344,92000,0.0,0.0,0.0
2024-07-11 00:00:00-04:00,138.1503133974885,138.1503133974885,136.18199629392313,136.3808135986328,241000,0.0,0.0,0.0
2024-07-12 00:00:00-04:00,136.55973924827722,137.99124805591433,136.4006945120411,137.14627075195312,65500,0.0,0.0,0.0
2024-07-15 00:00:00-04:00,137.72283348445947,138.3789442023811,137.07667349088604,137.60354614257812,134800,0.0,0.0,0.0
2024-07-16 00:00:00-04:00,138.02108565126085,138.12050189544877,137.46439108890243,138.03103637695312,82900,0.0,0.0,0.0
2024-07-17 00:00:00-04:00,136.4603463686733,136.70887179688305,135.86387927345453,135.92352294921875,57800,0.0,0.0,0.0
2024-07-18 00:00:00-04:00,136.43052998726165,136.43052998726165,134.20373660067895,134.64114379882812,99800,0.0,0.0,0.0
2024-07-19 00:00:00-04:00,134.55166022052515,135.19782020546296,133.70666777672625,133.91543579101562,52400,0.0,0.0,0.0
2024-07-22 00:00:00-04:00,134.90954623964012,135.50599814889884,134.49201018373475,135.27735900878906,101100,0.0,0.0,0.0
2024-07-23 00:00:00-04:00,135.29723733293827,135.90363993140107,135.07853376176894,135.16799926757812,40300,0.0,0.0,0.0
2024-07-24 00:00:00-04:00,133.75638453383937,133.84585004483534,131.71847304913294,131.87753295898438,59500,0.0,0.0,0.0
2024-07-25 00:00:00-04:00,131.78807013198326,133.18974200583034,130.67466590913546,130.90330505371094,70800,0.0,0.0,0.0
2024-07-26 00:00:00-04:00,132.046525541987,133.100270876368,131.7880645707122,132.33480834960938,143100,0.0,0.0,0.0
2024-07-29 00:00:00-04:00,132.8914976121719,133.0605082365261,132.10616400467856,132.43421936035156,57400,0.0,0.0,0.0
2024-07-30 00:00:00-04:00,132.88156267579132,132.9710281817225,130.74425024501556,131.46994018554688,81900,0.0,0.0,0.0
2024-07-31 00:00:00-04:00,133.44821702331308,134.49201166823403,133.13009719983341,133.86573791503906,48800,0.0,0.0,0.0
2024-08-01 00:00:00-04:00,134.37271412002806,135.0089385499103,131.1418838558724,132.06640625,551100,0.0,0.0,0.0
2024-08-02 00:00:00-04:00,129.9787869825395,130.33666417295228,128.52739194120244,129.55133056640625,84400,0.0,0.0,0.0
2024-08-05 00:00:00-04:00,123.37795690865737,126.93684265092317,123.23878328382183,125.57492065429688,81800,0.0,0.0,0.0
2024-08-06 00:00:00-04:00,126.07197761471046,128.45782321772245,125.56498362277682,126.72808837890625,93100,0.0,0.0,0.0
2024-08-07 00:00:00-04:00,128.21923346682203,128.96480974442755,125.71410051120084,125.80357360839844,75500,0.0,0.0,0.0
2024-08-08 00:00:00-04:00,127.41399898204705,129.01450314884926,126.80759640533847,128.9051513671875,100000,0.0,0.0,0.0
2024-08-09 00:00:00-04:00,128.6268203217574,129.65074387490063,128.59699848380475,129.49168395996094,36100,0.0,0.0,0.0
2024-08-12 00:00:00-04:00,129.90919932154472,130.2969135359761,129.29286113841576,129.74020385742188,22400,0.0,0.0,0.0
2024-08-13 00:00:00-04:00,130.50566954756695,132.01670837402344,130.50566954756695,132.01670837402344,191600,0.0,0.0,0.0
2024-08-14 00:00:00-04:00,132.21552894216606,132.6827579647129,131.5991907289292,132.4441680908203,53500,0.0,0.0,0.0
2024-08-15 00:00:00-04:00,133.92537977278602,134.9095458984375,133.81602798104697,134.9095458984375,76900,0.0,0.0,0.0
2024-08-16 00:00:00-04:00,134.3329668796784,135.2773604560324,134.3329668796784,135.04872131347656,84300,0.0,0.0,0.0
2024-08-19 00:00:00-04:00,135.1680123637546,136.36093139648438,135.09841796219104,136.36093139648438,63500,0.0,0.0,0.0
2024-08-20 00:00:00-04:00,136.30127654419078,136.85797103589948,136.12233036112028,136.34103393554688,33800,0.0,0.0,0.0
2024-08-21 00:00:00-04:00,136.57962423697964,136.96732327131596,136.30127699021443,136.7088623046875,30800,0.0,0.0,0.0
2024-08-22 00:00:00-04:00,137.18602703600303,137.31526510388946,135.19782374562618,135.3767547607422,38500,0.0,0.0,0.0
2024-08-23 00:00:00-04:00,136.21182138704378,137.0667494696398,135.75452792337168,136.8082733154297,35200,0.0,0.0,0.0
2024-08-26 00:00:00-04:00,136.98721708847472,137.16614811318826,136.04282350864756,136.4503936767578,62600,0.0,0.0,0.0
2024-08-27 00:00:00-04:00,136.04281800800894,136.8281516438118,136.0030454471553,136.69891357421875,84300,0.0,0.0,0.0
2024-08-28 00:00:00-04:00,136.66908093657491,136.7088534942852,135.00893311864914,135.86386108398438,39100,0.0,0.0,0.0
2024-08-29 00:00:00-04:00,136.41063026832921,137.1562065093372,135.53581595820114,135.8141632080078,42300,0.0,0.0,0.0
2024-08-30 00:00:00-04:00,136.45038830509858,137.2655589468044,135.66505466845857,137.21585083007812,37000,0.0,0.0,0.0
2024-09-03 00:00:00-04:00,136.41062808713517,136.4205636427596,133.6569623004493,134.1241912841797,90800,0.0,0.0,0.0
2024-09-04 00:00:00-04:00,133.53767346037418,134.74052793529097,133.52773790486117,133.83590698242188,69700,0.0,0.0,0.0
2024-09-05 00:00:00-04:00,133.76631716345722,134.49200712919492,133.1599145431045,133.51779174804688,46400,0.0,0.0,0.0
2024-09-06 00:00:00-04:00,133.7265607408463,133.7265607408463,130.99278115151117,131.22142028808594,62500,0.0,0.0,0.0
2024-09-09 00:00:00-04:00,132.21552957146528,132.9611058660412,131.79800866675737,132.66287231445312,71400,0.0,0.0,0.0
2024-09-10 00:00:00-04:00,133.29908315741037,133.48796489302694,132.10616424204773,133.46807861328125,32900,0.0,0.0,0.0
2024-09-11 00:00:00-04:00,133.5575626770813,135.23758172294538,131.3904131934142,135.0785369873047,19000,0.0,0.0,0.0
2024-09-12 00:00:00-04:00,135.26742476536003,136.30128385271388,134.88966126767878,136.231689453125,20200,0.0,0.0,0.0
2024-09-13 00:00:00-04:00,136.44044238620134,137.05678051418928,136.44044238620134,136.7486114501953,21200,0.0,0.0,0.0
2024-09-16 00:00:00-04:00,136.51998320016625,136.93750407837211,136.30127962080303,136.91761779785156,76600,0.0,0.0,0.0
2024-09-17 00:00:00-04:00,137.54391204080935,137.7129075098276,136.510052945407,136.81822204589844,26200,0.0,0.0,0.0
2024-09-18 00:00:00-04:00,137.1661410637366,137.84213807175155,136.41062927246094,136.41062927246094,37400,0.0,0.0,0.0
2024-09-19 00:00:00-04:00,138.82628966356017,139.43269227815955,138.32923883745536,138.99530029296875,22100,0.0,0.0,0.0
2024-09-20 00:00:00-04:00,138.67717983706325,139.11458698900333,138.29941635697185,138.77659606933594,24500,0.0,0.0,0.0
2024-09-23 00:00:00-04:00,139.0748209435722,139.2139945740012,138.73683000807154,139.11459350585938,31500,0.0,0.0,0.0
2024-09-24 00:00:00-04:00,139.2935228751818,139.51222645879918,138.52807550130885,139.4923553466797,24400,0.0,0.0,0.0
2024-09-25 00:00:00-04:00,139.40158623177805,139.7007771149848,139.10239534857135,139.3417510986328,37100,0.449,0.0,0.0
2024-09-26 00:00:00-04:00,140.47866871178616,140.49861882929065,139.46142576378978,139.7705841064453,36400,0.0,0.0,0.0
2024-09-27 00:00:00-04:00,140.08971675809556,140.08971675809556,139.26196193207784,139.4414825439453,46300,0.0,0.0,0.0
2024-09-30 00:00:00-04:00,139.2120942519921,140.18945212415983,138.7234305333883,140.05979919433594,38500,0.0,0.0,0.0
2024-10-01 00:00:00-04:00,139.98998828817972,139.98998828817972,138.05523778238415,138.80320739746094,109200,0.0,0.0,0.0
2024-10-02 00:00:00-04:00,138.55388960752475,139.06251870484337,137.96549047286337,138.74337768554688,118000,0.0,0.0,0.0
2024-10-03 00:00:00-04:00,138.33449673750593,139.04256613316795,138.10510842737892,138.57383728027344,38600,0.0,0.0,0.0
2024-10-04 00:00:00-04:00,139.6409468729751,139.989990234375,138.71345662429553,139.989990234375,19500,0.0,0.0,0.0
2024-10-07 00:00:00-04:00,139.60104273457273,139.71074555194105,138.44419464480194,138.54391479492188,23900,0.0,0.0,0.0
2024-10-08 00:00:00-04:00,139.27193916316918,140.18946196830225,139.20213657738708,140.11964416503906,41200,0.0,0.0,0.0
2024-10-09 00:00:00-04:00,140.15953256051608,141.1867582116158,140.04982973665972,141.0371551513672,52700,0.0,0.0,0.0
2024-10-10 00:00:00-04:00,140.8376932552148,141.21666939640167,140.47866723132213,140.96734619140625,43400,0.0,0.0,0.0
2024-10-11 00:00:00-04:00,140.87758263211472,141.84495791483317,140.82773016355745,141.70533752441406,30900,0.0,0.0,0.0
2024-10-14 00:00:00-04:00,142.154106883502,143.10154720327148,142.154106883502,142.79237365722656,12800,0.0,0.0,0.0
2024-10-15 00:00:00-04:00,142.83227537565287,142.85222549245552,141.29643594893636,141.5956268310547,27400,0.0,0.0,0.0
2024-10-16 00:00:00-04:00,141.6554604976976,142.24387480618236,141.37621973527237,142.17405700683594,37500,0.0,0.0,0.0
2024-10-17 00:00:00-04:00,143.1214905433238,143.1214905433238,142.1940155029297,142.1940155029297,55400,0.0,0.0,0.0
2024-10-18 00:00:00-04:00,142.5530400379691,142.99185131945276,142.4034369824737,142.77244567871094,22300,0.0,0.0,0.0
2024-10-21 00:00:00-04:00,142.5729832446002,142.94197670547027,141.99455160318104,142.79237365722656,27100,0.0,0.0,0.0
2024-10-22 00:00:00-04:00,142.11422680370632,143.06165193890152,142.11422680370632,142.8223114013672,49100,0.0,0.0,0.0
2024-10-23 00:00:00-04:00,142.28376327646225,142.37351597710372,140.57840109435165,141.23660278320312,34100,0.0,0.0,0.0
2024-10-24 00:00:00-04:00,141.81504085453548,141.81504085453548,140.9673510587702,141.61558532714844,13500,0.0,0.0,0.0
2024-10-25 00:00:00-04:00,142.19400813282002,142.82230746147695,141.59562637052957,141.68539428710938,35500,0.0,0.0,0.0
2024-10-28 00:00:00-04:00,142.41341375889942,142.55303414109764,141.9646350459394,141.9945526123047,275400,0.0,0.0,0.0
2024-10-29 00:00:00-04:00,141.82501071209018,142.70261799682058,141.56570485417532,142.40342712402344,57900,0.0,0.0,0.0
2024-10-30 00:00:00-04:00,142.2738002706309,142.81233170878158,141.79508875062905,141.974609375,80900,0.0,0.0,0.0
2024-10-31 00:00:00-04:00,140.88755849793543,140.88755849793543,138.94284057617188,138.94284057617188,94500,0.0,0.0,0.0
2024-11-01 00:00:00-04:00,139.7905362286235,140.72799393752646,139.65091583905163,139.72073364257812,66700,0.0,0.0,0.0
2024-11-04 00:00:00-05:00,139.6708649847821,139.87032050885645,138.90294523874076,139.28192138671875,58100,0.0,0.0,0.0
2024-11-05 00:00:00-05:00,139.591082561144,140.90750122070312,139.48137973805729,140.90750122070312,55900,0.0,0.0,0.0
2024-11-06 00:00:00-05:00,143.77970784536623,144.76703324163648,143.31097899014026,144.57754516601562,52100,0.0,0.0,0.0
2024-11-07 00:00:00-05:00,145.14599702528747,146.0834547541461,145.14599702528747,145.8939666748047,52500,0.0,0.0,0.0
2024-11-08 00:00:00-05:00,146.02361320599212,146.74166525540195,146.00366308865273,146.44247436523438,46900,0.0,0.0,0.0
2024-11-11 00:00:00-05:00,146.73169584031518,146.89125112445095,146.1033965011261,146.49234008789062,49500,0.0,0.0,0.0
2024-11-12 00:00:00-05:00,146.46242796621178,146.62199847376067,145.59478805982158,146.12335205078125,49500,0.0,0.0,0.0
2024-11-13 00:00:00-05:00,146.28289794921875,146.78154434018415,145.7643166592005,146.28289794921875,33400,0.0,0.0,0.0
2024-11-14 00:00:00-05:00,146.3327636666387,146.41254891421931,145.2955858830507,145.40528869628906,28600,0.0,0.0,0.0
2024-11-15 00:00:00-05:00,144.4478942540963,144.4478942540963,142.88215237629407,143.29103088378906,40600,0.0,0.0,0.0
2024-11-18 00:00:00-05:00,143.37080287681715,144.08885488731292,143.2112475991914,143.85948181152344,39800,0.0,0.0,0.0
2024-11-19 00:00:00-05:00,142.96193270157897,144.67727757978727,142.95195003413068,144.4977569580078,30500,0.0,0.0,0.0
2024-11-20 00:00:00-05:00,144.56758018794218,144.56758018794218,143.18134371638325,144.43792724609375,231100,0.0,0.0,0.0
2024-11-21 00:00:00-05:00,145.10610320116672,145.44517910284353,143.58024642614052,145.03628540039062,43400,0.0,0.0,0.0
2024-11-22 00:00:00-05:00,144.98643736660907,145.5848039377177,144.94653713137987,145.4651336669922,71200,0.0,0.0,0.0
2024-11-25 00:00:00-05:00,146.34275424340814,146.71174771811775,145.43521412279065,145.82415771484375,94100,0.0,0.0,0.0
2024-11-26 00:00:00-05:00,146.2330562792126,146.90124066633481,146.1034033383968,146.78155517578125,121600,0.0,0.0,0.0
2024-11-27 00:00:00-05:00,146.60204981678208,146.60204981678208,145.79424503830296,146.16323852539062,36600,0.0,0.0,0.0
2024-11-29 00:00:00-05:00,146.2529911957244,147.3101344054096,146.2529911957244,147.09072875976562,14500,0.0,0.0,0.0
2024-12-02 00:00:00-05:00,147.35001297162043,147.7289891097707,147.34004552179357,147.63922119140625,60900,0.0,0.0,0.0
2024-12-03 00:00:00-05:00,147.5893682629184,147.7987912309919,147.340045060701,147.72898864746094,30700,0.0,0.0,0.0
2024-12-04 00:00:00-05:00,148.39716955448998,149.05538644524208,148.34730187170933,148.97560119628906,66600,0.0,0.0,0.0
2024-12-05 00:00:00-05:00,149.05539430045647,149.23489970695047,148.68638560241706,148.77613830566406,92300,0.0,0.0,0.0
2024-12-06 00:00:00-05:00,148.86590574285788,149.39446972801477,148.81603805761117,149.17506408691406,19700,0.0,0.0,0.0
2024-12-09 00:00:00-05:00,149.15510458898356,149.15510458898356,148.25754718091406,148.40713500976562,20200,0.0,0.0,0.0
2024-12-10 00:00:00-05:00,148.55674198921025,148.84595020514024,147.938410106133,147.9982452392578,28800,0.0,0.0,0.0
2024-12-11 00:00:00-05:00,148.73624299583346,149.60388283547914,148.73624299583346,149.42437744140625,58400,0.0,0.0,0.0
2024-12-12 00:00:00-05:00,149.21494566660968,149.30471358497783,148.56671142578125,148.56671142578125,29500,0.0,0.0,0.0
2024-12-13 00:00:00-05:00,149.20497427968917,149.4542974761182,148.3273517586653,148.66644287109375,26000,0.0,0.0,0.0
2024-12-16 00:00:00-05:00,149.20498458376588,149.83328395175099,149.10524921131446,149.5640106201172,61500,0.0,0.0,0.0
2024-12-17 00:00:00-05:00,148.9199981689453,149.19000244140625,148.6300048828125,148.99000549316406,29300,0.406,0.0,0.0
2024-12-18 00:00:00-05:00,149.02999877929688,149.5,144.50999450683594,144.50999450683594,74800,0.0,0.0,0.0
2024-12-19 00:00:00-05:00,145.9199981689453,146.0800018310547,144.5,144.5,42700,0.0,0.0,0.0
2024-12-20 00:00:00-05:00,143.92999267578125,147.2100067138672,143.67999267578125,146.0,123600,0.0,0.0,0.0
2024-12-23 00:00:00-05:00,146.19000244140625,147.32000732421875,145.64999389648438,147.11000061035156,23800,0.0,0.0,0.0
2024-12-24 00:00:00-05:00,147.52999877929688,148.75,147.36000061035156,148.75,16900,0.0,0.0,0.0
2024-12-26 00:00:00-05:00,148.47999572753906,149.1300048828125,148.38999938964844,148.85000610351562,16300,0.0,0.0,0.0
2024-12-27 00:00:00-05:00,147.9600067138672,147.9600067138672,146.25,147.1699981689453,28700,0.0,0.0,0.0
2024-12-30 00:00:00-05:00,145.42999267578125,146.33999633789062,144.63999938964844,145.42999267578125,40700,0.0,0.0,0.0
2024-12-31 00:00:00-05:00,145.86000061035156,146.02000427246094,144.5399932861328,144.7100067138672,52100,0.0,0.0,0.0
2025-01-02 00:00:00-05:00,145.47000122070312,146.0800018310547,143.49000549316406,144.5399932861328,59000,0.0,0.0,0.0
2025-01-03 00:00:00-05:00,145.22999572753906,146.52000427246094,145.16000366210938,146.32000732421875,23300,0.0,0.0,0.0
