Date,Open,High,Low,Close,Volume,Dividends,Stock Splits
1997-02-04 00:00:00-05:00,11.0,11.0,10.3125,10.5625,26677600,0.0,0.0
1997-02-05 00:00:00-05:00,10.625,10.75,10.125,10.125,6762800,0.0,0.0
1997-02-06 00:00:00-05:00,10.1875,10.375,10.125,10.3125,2238200,0.0,0.0
1997-02-07 00:00:00-05:00,10.25,10.3125,10.25,10.25,1405800,0.0,0.0
1997-02-10 00:00:00-05:00,10.25,10.625,10.25,10.5,1666800,0.0,0.0
1997-02-11 00:00:00-05:00,10.5,10.625,10.4375,10.5,1444200,0.0,0.0
1997-02-12 00:00:00-05:00,10.5,10.5625,10.3125,10.375,780000,0.0,0.0
1997-02-13 00:00:00-05:00,10.4375,10.4375,10.0,10.0,1518600,0.0,0.0
1997-02-14 00:00:00-05:00,10.0625,10.125,10.0,10.0,511600,0.0,0.0
1997-02-18 00:00:00-05:00,10.0625,10.0625,10.0,10.0625,746000,0.0,0.0
1997-02-19 00:00:00-05:00,10.0,10.0625,10.0,10.0,1593000,0.0,0.0
1997-02-20 00:00:00-05:00,10.0,10.0625,10.0,10.0,614000,0.0,0.0
1997-02-21 00:00:00-05:00,10.0,10.0625,10.0,10.0,756400,0.0,0.0
1997-02-24 00:00:00-05:00,10.0,10.0625,10.0,10.0,244400,0.0,0.0
1997-02-25 00:00:00-05:00,10.0,10.0625,10.0,10.0,836800,0.0,0.0
1997-02-26 00:00:00-05:00,10.0,10.1875,10.0,10.125,2607200,0.0,0.0
1997-02-27 00:00:00-05:00,10.125,10.125,10.0,10.0,2115000,0.0,0.0
1997-02-28 00:00:00-05:00,10.0,10.0625,10.0,10.0625,188400,0.0,0.0
1997-03-03 00:00:00-05:00,10.0625,10.0625,10.0,10.0,2307000,0.0,0.0
1997-03-04 00:00:00-05:00,10.0,10.0625,9.375,9.5,1624600,0.0,0.0
1997-03-05 00:00:00-05:00,9.5,9.625,9.4375,9.5625,795800,0.0,0.0
1997-03-06 00:00:00-05:00,9.5625,9.6875,9.5625,9.6875,1049000,0.0,0.0
1997-03-07 00:00:00-05:00,9.625,9.8125,9.5625,9.8125,417000,0.0,0.0
1997-03-10 00:00:00-05:00,9.8125,10.0,9.75,9.8125,567000,0.0,0.0
1997-03-11 00:00:00-05:00,9.8125,9.8125,9.5625,9.625,438800,0.0,0.0
1997-03-12 00:00:00-05:00,9.6875,9.6875,9.5,9.5,72200,0.0,0.0
1997-03-13 00:00:00-05:00,9.5,9.5,8.75,8.8125,269200,0.0,0.0
1997-03-14 00:00:00-05:00,8.875,8.875,8.375,8.4375,322200,0.0,0.0
1997-03-17 00:00:00-05:00,8.5,8.5,8.3125,8.4375,445800,0.0,0.0
1997-03-18 00:00:00-05:00,8.4375,8.5,8.3125,8.3125,397200,0.0,0.0
1997-03-19 00:00:00-05:00,8.3125,8.4375,8.25,8.25,215800,0.0,0.0
1997-03-20 00:00:00-05:00,8.25,8.4375,8.25,8.4375,182600,0.0,0.0
1997-03-21 00:00:00-05:00,8.4375,8.4375,8.3125,8.3125,65400,0.0,0.0
1997-03-24 00:00:00-05:00,8.25,8.25,7.6875,8.125,825200,0.0,0.0
1997-03-25 00:00:00-05:00,8.0625,8.0625,7.6875,7.75,499600,0.0,0.0
1997-03-26 00:00:00-05:00,7.6875,7.9375,7.6875,7.8125,248200,0.0,0.0
1997-03-27 00:00:00-05:00,7.8125,7.8125,7.625,7.625,692000,0.0,0.0
1997-03-31 00:00:00-05:00,7.625,7.625,7.3125,7.5,745800,0.0,0.0
1997-04-01 00:00:00-05:00,7.5,7.5,7.1875,7.3125,1067800,0.0,0.0
1997-04-02 00:00:00-05:00,7.3125,7.3125,7.1875,7.3125,344000,0.0,0.0
1997-04-03 00:00:00-05:00,7.3125,7.4375,7.1875,7.4375,1059000,0.0,0.0
1997-04-04 00:00:00-05:00,7.375,7.5,7.25,7.5,338000,0.0,0.0
1997-04-07 00:00:00-04:00,7.5625,8.5,7.5625,8.0,750800,0.0,0.0
1997-04-08 00:00:00-04:00,7.6875,7.8125,7.5625,7.625,201000,0.0,0.0
1997-04-09 00:00:00-04:00,7.6875,7.6875,7.59375,7.625,219400,0.0,0.0
1997-04-10 00:00:00-04:00,7.625,7.6875,7.5625,7.625,74600,0.0,0.0
1997-04-11 00:00:00-04:00,7.625,7.625,7.5,7.5,301000,0.0,0.0
1997-04-14 00:00:00-04:00,7.5,7.5,7.3125,7.5,577000,0.0,0.0
1997-04-15 00:00:00-04:00,7.5,7.5625,7.3125,7.375,290200,0.0,0.0
1997-04-16 00:00:00-04:00,7.375,7.4375,7.375,7.4375,272000,0.0,0.0
1997-04-17 00:00:00-04:00,7.4375,7.5,7.375,7.5,432200,0.0,0.0
1997-04-18 00:00:00-04:00,7.5,7.5,7.25,7.25,337400,0.0,0.0
1997-04-21 00:00:00-04:00,7.1875,7.25,7.0,7.0625,482600,0.0,0.0
1997-04-22 00:00:00-04:00,7.0,7.0625,6.9375,7.0,246000,0.0,0.0
1997-04-23 00:00:00-04:00,7.0625,7.25,7.0625,7.0625,89000,0.0,0.0
1997-04-24 00:00:00-04:00,7.0,7.0625,6.9375,6.9375,71800,0.0,0.0
1997-04-25 00:00:00-04:00,7.0,7.0,6.875,6.875,67600,0.0,0.0
1997-04-28 00:00:00-04:00,6.875,6.875,6.75,6.75,398200,0.0,0.0
1997-04-29 00:00:00-04:00,6.8125,7.0,6.75,7.0,154800,0.0,0.0
1997-04-30 00:00:00-04:00,7.0,7.75,7.0,7.5,191200,0.0,0.0
1997-05-01 00:00:00-04:00,7.5,7.5625,7.4375,7.5625,95400,0.0,0.0
1997-05-02 00:00:00-04:00,7.5625,7.5625,7.375,7.375,134800,0.0,0.0
1997-05-05 00:00:00-04:00,7.4375,7.5,7.3125,7.5,140400,0.0,0.0
1997-05-06 00:00:00-04:00,7.5,7.6875,7.375,7.5,161400,0.0,0.0
1997-05-07 00:00:00-04:00,7.5625,8.0,7.5625,7.9375,38800,0.0,0.0
1997-05-08 00:00:00-04:00,7.75,7.8125,7.625,7.625,135600,0.0,0.0
1997-05-09 00:00:00-04:00,7.625,7.875,7.625,7.8125,88600,0.0,0.0
1997-05-12 00:00:00-04:00,7.8125,8.5625,7.8125,8.3125,95400,0.0,0.0
1997-05-13 00:00:00-04:00,8.3125,8.3125,8.125,8.1875,83200,0.0,0.0
1997-05-14 00:00:00-04:00,8.1875,8.1875,7.8125,7.8125,163200,0.0,0.0
1997-05-15 00:00:00-04:00,7.8125,7.8125,7.6875,7.6875,18200,0.0,0.0
1997-05-16 00:00:00-04:00,7.6875,7.6875,7.5625,7.5625,77600,0.0,0.0
1997-05-19 00:00:00-04:00,7.5625,7.625,7.3125,7.375,69600,0.0,0.0
1997-05-20 00:00:00-04:00,7.3125,7.625,7.3125,7.375,201000,0.0,0.0
1997-05-21 00:00:00-04:00,7.375,7.4375,7.3125,7.4375,108200,0.0,0.0
1997-05-22 00:00:00-04:00,7.4375,7.5,7.375,7.4375,104000,0.0,0.0
1997-05-23 00:00:00-04:00,7.5,7.5,7.4375,7.5,13800,0.0,0.0
1997-05-27 00:00:00-04:00,7.5,7.5,7.4375,7.4375,20400,0.0,0.0
1997-05-28 00:00:00-04:00,7.4375,7.4375,7.25,7.25,67000,0.0,0.0
1997-05-29 00:00:00-04:00,7.3125,7.375,7.25,7.3125,79200,0.0,0.0
1997-05-30 00:00:00-04:00,7.1875,7.25,7.1875,7.25,56600,0.0,0.0
1997-06-02 00:00:00-04:00,7.25,7.375,7.25,7.375,54800,0.0,0.0
1997-06-03 00:00:00-04:00,7.4375,7.4375,7.25,7.3125,140600,0.0,0.0
1997-06-04 00:00:00-04:00,7.3125,7.3125,7.1875,7.1875,31400,0.0,0.0
1997-06-05 00:00:00-04:00,7.25,7.3125,7.1875,7.25,92800,0.0,0.0
1997-06-06 00:00:00-04:00,7.25,7.5,7.0625,7.5,262200,0.0,0.0
1997-06-09 00:00:00-04:00,7.3125,7.6875,7.3125,7.625,137400,0.0,0.0
1997-06-10 00:00:00-04:00,7.6875,7.6875,7.375,7.4375,53800,0.0,0.0
1997-06-11 00:00:00-04:00,7.375,7.375,7.1875,7.25,58400,0.0,0.0
1997-06-12 00:00:00-04:00,7.25,7.3125,7.25,7.3125,23600,0.0,0.0
1997-06-13 00:00:00-04:00,7.3125,7.3125,7.125,7.25,86200,0.0,0.0
1997-06-16 00:00:00-04:00,7.3125,7.375,6.9375,6.9375,599800,0.0,0.0
1997-06-17 00:00:00-04:00,7.0,7.0625,6.9375,7.0,270200,0.0,0.0
1997-06-18 00:00:00-04:00,7.0,7.3125,6.9375,7.1875,1090800,0.0,0.0
1997-06-19 00:00:00-04:00,7.25,7.4375,7.125,7.1875,315000,0.0,0.0
1997-06-20 00:00:00-04:00,7.25,7.4375,7.1875,7.4375,440000,0.0,0.0
1997-06-23 00:00:00-04:00,7.4375,7.4375,7.375,7.375,526600,0.0,0.0
1997-06-24 00:00:00-04:00,7.4375,7.4375,7.03125,7.125,318200,0.0,0.0
1997-06-25 00:00:00-04:00,7.1875,7.1875,7.03125,7.0625,188400,0.0,0.0
1997-06-26 00:00:00-04:00,7.0625,7.125,7.0,7.03125,137600,0.0,0.0
1997-06-27 00:00:00-04:00,7.125,7.3125,7.0,7.03125,156200,0.0,0.0
1997-06-30 00:00:00-04:00,7.125,7.28125,7.0625,7.15625,345800,0.0,0.0
1997-07-01 00:00:00-04:00,7.15625,7.15625,6.84375,7.03125,148000,0.0,0.0
1997-07-02 00:00:00-04:00,7.03125,7.21875,7.03125,7.21875,456600,0.0,0.0
1997-07-03 00:00:00-04:00,7.15625,7.375,7.15625,7.28125,65600,0.0,0.0
1997-07-07 00:00:00-04:00,7.3125,7.3125,7.125,7.1875,119800,0.0,0.0
1997-07-08 00:00:00-04:00,7.25,7.25,6.9375,7.0,96400,0.0,0.0
1997-07-09 00:00:00-04:00,7.0625,7.21875,6.9375,7.09375,97600,0.0,0.0
1997-07-10 00:00:00-04:00,7.125,7.1875,7.0625,7.125,108600,0.0,0.0
1997-07-11 00:00:00-04:00,7.21875,7.21875,7.0,7.0,995200,0.0,0.0
1997-07-14 00:00:00-04:00,7.0625,7.0625,6.96875,6.96875,90400,0.0,0.0
1997-07-15 00:00:00-04:00,7.03125,7.0625,6.90625,7.0,230600,0.0,0.0
1997-07-16 00:00:00-04:00,7.0,7.0,6.84375,6.875,61800,0.0,0.0
1997-07-17 00:00:00-04:00,6.875,7.0,6.75,7.0,232200,0.0,0.0
1997-07-18 00:00:00-04:00,7.0,7.0,6.90625,6.9375,253200,0.0,0.0
1997-07-21 00:00:00-04:00,6.9375,6.9375,6.75,6.75,140400,0.0,0.0
1997-07-22 00:00:00-04:00,6.78125,7.0,6.78125,7.0,319400,0.0,0.0
1997-07-23 00:00:00-04:00,7.0,7.0,6.9375,6.9375,69800,0.0,0.0
1997-07-24 00:00:00-04:00,6.96875,6.96875,6.5,6.6875,3916000,0.0,0.0
1997-07-25 00:00:00-04:00,6.6875,6.78125,6.6875,6.78125,285000,0.0,0.0
1997-07-28 00:00:00-04:00,6.8125,6.9375,6.75,6.90625,1006400,0.0,0.0
1997-07-29 00:00:00-04:00,6.90625,7.25,6.90625,7.25,143400,0.0,0.0
1997-07-30 00:00:00-04:00,7.25,7.375,7.0,7.0,178000,0.0,0.0
1997-07-31 00:00:00-04:00,7.03125,7.53125,7.03125,7.09375,176400,0.0,0.0
1997-08-01 00:00:00-04:00,7.0625,7.25,6.9375,7.25,56600,0.0,0.0
1997-08-04 00:00:00-04:00,7.21875,7.21875,7.0625,7.0625,103600,0.0,0.0
1997-08-05 00:00:00-04:00,7.0625,7.09375,7.0,7.09375,70600,0.0,0.0
1997-08-06 00:00:00-04:00,7.09375,7.59375,7.09375,7.375,339000,0.0,0.0
1997-08-07 00:00:00-04:00,7.40625,7.5,7.1875,7.21875,165400,0.0,0.0
1997-08-08 00:00:00-04:00,7.1875,7.21875,7.0,7.0,94400,0.0,0.0
1997-08-11 00:00:00-04:00,7.03125,7.0625,6.5625,6.78125,117800,0.0,0.0
1997-08-12 00:00:00-04:00,6.75,6.875,6.6875,6.75,72400,0.0,0.0
1997-08-13 00:00:00-04:00,6.625,6.6875,6.5,6.59375,1109600,0.0,0.0
1997-08-14 00:00:00-04:00,6.625,6.875,6.625,6.84375,52200,0.0,0.0
1997-08-15 00:00:00-04:00,6.84375,6.84375,6.5,6.6875,162400,0.0,0.0
1997-08-18 00:00:00-04:00,6.71875,6.71875,6.59375,6.59375,63000,0.0,0.0
1997-08-19 00:00:00-04:00,6.59375,6.625,6.3125,6.46875,165000,0.0,0.0
1997-08-20 00:00:00-04:00,6.46875,6.625,6.4375,6.53125,77800,0.0,0.0
1997-08-21 00:00:00-04:00,6.53125,6.65625,6.53125,6.5625,347600,0.0,0.0
1997-08-22 00:00:00-04:00,6.5625,6.625,6.5625,6.59375,282000,0.0,0.0
1997-08-25 00:00:00-04:00,6.65625,6.65625,6.53125,6.59375,60400,0.0,0.0
1997-08-26 00:00:00-04:00,6.59375,6.625,6.53125,6.59375,99800,0.0,0.0
1997-08-27 00:00:00-04:00,6.625,6.625,6.53125,6.625,161800,0.0,0.0
1997-08-28 00:00:00-04:00,6.625,6.75,6.5625,6.75,154800,0.0,0.0
1997-08-29 00:00:00-04:00,6.8125,6.90625,6.59375,6.875,162000,0.0,0.0
1997-09-02 00:00:00-04:00,6.90625,6.9375,6.84375,6.875,189400,0.0,0.0
1997-09-03 00:00:00-04:00,6.84375,6.96875,6.8125,6.90625,73200,0.0,0.0
1997-09-04 00:00:00-04:00,7.1875,7.46875,7.1875,7.25,680200,0.0,0.0
1997-09-05 00:00:00-04:00,7.5,7.59375,7.34375,7.375,549000,0.0,0.0
1997-09-08 00:00:00-04:00,7.4375,7.5,7.4375,7.4375,222600,0.0,0.0
1997-09-09 00:00:00-04:00,7.4375,7.4375,7.3125,7.34375,191800,0.0,0.0
1997-09-10 00:00:00-04:00,7.375,7.4375,7.34375,7.40625,201000,0.0,0.0
1997-09-11 00:00:00-04:00,7.40625,7.4375,7.34375,7.34375,101600,0.0,0.0
1997-09-12 00:00:00-04:00,7.375,7.375,7.0,7.0625,131400,0.0,0.0
1997-09-15 00:00:00-04:00,7.0625,7.0625,6.5,6.5,337800,0.0,0.0
1997-09-16 00:00:00-04:00,6.59375,6.9375,6.59375,6.90625,285400,0.0,0.0
1997-09-17 00:00:00-04:00,6.96875,7.25,6.96875,7.21875,146600,0.0,0.0
1997-09-18 00:00:00-04:00,7.21875,7.5,7.21875,7.40625,313800,0.0,0.0
1997-09-19 00:00:00-04:00,7.34375,7.9375,7.34375,7.75,389200,0.0,0.0
1997-09-22 00:00:00-04:00,7.71875,7.8125,7.6875,7.71875,212400,0.0,0.0
1997-09-23 00:00:00-04:00,7.71875,7.75,7.59375,7.71875,139800,0.0,0.0
1997-09-24 00:00:00-04:00,7.75,8.1875,7.6875,8.125,655000,0.0,0.0
1997-09-25 00:00:00-04:00,8.0,8.125,8.0,8.125,188200,0.0,0.0
1997-09-26 00:00:00-04:00,8.09375,8.25,7.9375,7.96875,71400,0.0,0.0
1997-09-29 00:00:00-04:00,7.96875,7.96875,7.71875,7.71875,132000,0.0,0.0
1997-09-30 00:00:00-04:00,7.78125,8.28125,7.75,8.28125,1359400,0.0,0.0
1997-10-01 00:00:00-04:00,8.21875,8.5,8.21875,8.5,460000,0.0,0.0
1997-10-02 00:00:00-04:00,8.5,9.0625,8.5,9.0625,541200,0.0,0.0
1997-10-03 00:00:00-04:00,9.21875,9.25,8.75,8.84375,374400,0.0,0.0
1997-10-06 00:00:00-04:00,8.78125,8.8125,8.5625,8.5625,261200,0.0,0.0
1997-10-07 00:00:00-04:00,8.5625,8.625,8.25,8.34375,313400,0.0,0.0
1997-10-08 00:00:00-04:00,8.375,8.40625,8.28125,8.34375,108600,0.0,0.0
1997-10-09 00:00:00-04:00,8.34375,8.34375,8.125,8.25,223400,0.0,0.0
1997-10-10 00:00:00-04:00,8.1875,8.21875,8.03125,8.21875,82600,0.0,0.0
1997-10-13 00:00:00-04:00,8.25,8.28125,8.1875,8.1875,67200,0.0,0.0
1997-10-14 00:00:00-04:00,8.21875,8.21875,8.15625,8.15625,171000,0.0,0.0
1997-10-15 00:00:00-04:00,8.125,8.15625,8.0625,8.09375,150600,0.0,0.0
1997-10-16 00:00:00-04:00,8.09375,8.09375,7.875,7.875,701800,0.0,0.0
1997-10-17 00:00:00-04:00,7.84375,7.84375,7.46875,7.78125,656000,0.0,0.0
1997-10-20 00:00:00-04:00,7.71875,7.71875,7.21875,7.25,1684400,0.0,0.0
1997-10-21 00:00:00-04:00,7.28125,7.59375,7.25,7.5625,150600,0.0,0.0
1997-10-22 00:00:00-04:00,7.59375,7.625,7.5,7.625,194800,0.0,0.0
1997-10-23 00:00:00-04:00,7.5,7.59375,7.4375,7.53125,251600,0.0,0.0
1997-10-24 00:00:00-04:00,7.5625,7.59375,7.5,7.53125,167800,0.0,0.0
1997-10-27 00:00:00-05:00,7.375,7.375,6.96875,7.03125,233800,0.0,0.0
1997-10-28 00:00:00-05:00,6.78125,7.0,6.75,7.0,346600,0.0,0.0
1997-10-29 00:00:00-05:00,7.03125,7.46875,7.0,7.3125,170200,0.0,0.0
1997-10-30 00:00:00-05:00,7.125,7.1875,6.875,6.90625,69000,0.0,0.0
1997-10-31 00:00:00-05:00,6.90625,6.9375,6.75,6.9375,681800,0.0,0.0
1997-11-03 00:00:00-05:00,7.0625,7.125,7.0,7.09375,92400,0.0,0.0
1997-11-04 00:00:00-05:00,7.03125,7.125,7.0,7.125,46200,0.0,0.0
1997-11-05 00:00:00-05:00,7.125,7.125,6.65625,6.6875,271600,0.0,0.0
1997-11-06 00:00:00-05:00,6.6875,7.0,6.65625,6.9375,589400,0.0,0.0
1997-11-07 00:00:00-05:00,6.875,7.03125,6.625,7.0,426800,0.0,0.0
1997-11-10 00:00:00-05:00,7.0,7.0625,6.9375,7.0,88800,0.0,0.0
1997-11-11 00:00:00-05:00,7.0,7.0,6.75,6.90625,537000,0.0,0.0
1997-11-12 00:00:00-05:00,6.90625,6.90625,6.59375,6.59375,67200,0.0,0.0
1997-11-13 00:00:00-05:00,6.625,6.65625,6.34375,6.375,161800,0.0,0.0
1997-11-14 00:00:00-05:00,6.375,6.4375,6.25,6.3125,203000,0.0,0.0
1997-11-17 00:00:00-05:00,6.5625,6.6875,6.5,6.59375,272400,0.0,0.0
1997-11-18 00:00:00-05:00,6.59375,6.625,6.53125,6.5625,27000,0.0,0.0
1997-11-19 00:00:00-05:00,6.5,6.53125,6.3125,6.4375,203800,0.0,0.0
1997-11-20 00:00:00-05:00,6.4375,6.65625,6.40625,6.625,82200,0.0,0.0
1997-11-21 00:00:00-05:00,6.46875,6.5,6.375,6.4375,68800,0.0,0.0
1997-11-24 00:00:00-05:00,6.3125,6.34375,6.09375,6.125,168400,0.0,0.0
1997-11-25 00:00:00-05:00,6.0625,6.09375,5.78125,5.875,161200,0.0,0.0
1997-11-26 00:00:00-05:00,5.75,5.90625,5.6875,5.71875,210800,0.0,0.0
1997-11-28 00:00:00-05:00,5.8125,5.96875,5.78125,5.96875,36000,0.0,0.0
1997-12-01 00:00:00-05:00,5.96875,6.03125,5.9375,6.0,71000,0.0,0.0
1997-12-02 00:00:00-05:00,6.0,6.0,5.875,5.875,24800,0.0,0.0
1997-12-03 00:00:00-05:00,5.875,5.875,5.59375,5.59375,140800,0.0,0.0
1997-12-04 00:00:00-05:00,5.59375,5.71875,5.25,5.3125,333800,0.0,0.0
1997-12-05 00:00:00-05:00,5.28125,5.28125,4.625,4.96875,370400,0.0,0.0
1997-12-08 00:00:00-05:00,5.0,5.0625,4.625,4.75,506200,0.0,0.0
1997-12-09 00:00:00-05:00,4.78125,4.78125,4.375,4.53125,370600,0.0,0.0
1997-12-10 00:00:00-05:00,4.59375,4.625,4.3125,4.46875,379800,0.0,0.0
1997-12-11 00:00:00-05:00,4.46875,4.625,4.375,4.5625,279200,0.0,0.0
1997-12-12 00:00:00-05:00,4.5,5.0,4.5,4.9375,286400,0.0,0.0
1997-12-15 00:00:00-05:00,4.9375,4.9375,4.65625,4.71875,114600,0.0,0.0
1997-12-16 00:00:00-05:00,4.65625,4.875,4.625,4.78125,223600,0.0,0.0
1997-12-17 00:00:00-05:00,4.75,4.75,4.59375,4.625,370000,0.0,0.0
1997-12-18 00:00:00-05:00,4.5625,4.59375,4.4375,4.5,446600,0.0,0.0
1997-12-19 00:00:00-05:00,4.5,4.5,4.40625,4.4375,166000,0.0,0.0
1997-12-22 00:00:00-05:00,4.46875,4.71875,4.46875,4.625,535600,0.0,0.0
1997-12-23 00:00:00-05:00,4.625,4.75,4.46875,4.5,166000,0.0,0.0
1997-12-24 00:00:00-05:00,4.4375,4.53125,4.375,4.5,53600,0.0,0.0
1997-12-26 00:00:00-05:00,4.5,4.5,4.40625,4.4375,71400,0.0,0.0
1997-12-29 00:00:00-05:00,4.40625,4.5,4.375,4.40625,197800,0.0,0.0
1997-12-30 00:00:00-05:00,4.40625,4.59375,4.375,4.53125,268800,0.0,0.0
1997-12-31 00:00:00-05:00,4.59375,4.71875,4.375,4.5,404000,0.0,0.0
1998-01-02 00:00:00-05:00,4.53125,4.78125,4.4375,4.78125,341200,0.0,0.0
1998-01-05 00:00:00-05:00,4.90625,4.90625,4.625,4.6875,183000,0.0,0.0
1998-01-06 00:00:00-05:00,4.6875,4.71875,4.59375,4.625,113000,0.0,0.0
1998-01-07 00:00:00-05:00,4.5,4.5,4.03125,4.25,360200,0.0,0.0
1998-01-08 00:00:00-05:00,4.21875,4.21875,3.875,3.90625,402200,0.0,0.0
1998-01-09 00:00:00-05:00,3.9375,3.96875,3.65625,3.78125,304200,0.0,0.0
1998-01-12 00:00:00-05:00,3.84375,4.0,3.8125,3.96875,191400,0.0,0.0
1998-01-13 00:00:00-05:00,4.0,4.0,3.8125,3.875,177400,0.0,0.0
1998-01-14 00:00:00-05:00,3.9375,4.0,3.75,3.84375,292400,0.0,0.0
1998-01-15 00:00:00-05:00,3.875,3.875,3.65625,3.6875,341200,0.0,0.0
1998-01-16 00:00:00-05:00,3.75,3.75,3.6875,3.75,651800,0.0,0.0
1998-01-20 00:00:00-05:00,3.75,3.78125,3.6875,3.6875,246200,0.0,0.0
1998-01-21 00:00:00-05:00,3.6875,3.71875,3.5625,3.5625,130800,0.0,0.0
1998-01-22 00:00:00-05:00,3.53125,3.5625,3.375,3.46875,293200,0.0,0.0
1998-01-23 00:00:00-05:00,3.40625,3.5,3.25,3.40625,1835400,0.0,0.0
1998-01-26 00:00:00-05:00,3.46875,3.625,3.3125,3.5,199400,0.0,0.0
1998-01-27 00:00:00-05:00,3.5,3.90625,3.4375,3.875,252000,0.0,0.0
1998-01-28 00:00:00-05:00,3.90625,4.125,3.84375,4.0,422000,0.0,0.0
1998-01-29 00:00:00-05:00,4.0625,4.09375,3.96875,3.96875,425800,0.0,0.0
1998-01-30 00:00:00-05:00,4.03125,4.0625,3.75,3.84375,362800,0.0,0.0
1998-02-02 00:00:00-05:00,4.0625,4.09375,3.875,3.9375,287000,0.0,0.0
1998-02-03 00:00:00-05:00,3.96875,4.125,3.90625,4.0,490400,0.0,0.0
1998-02-04 00:00:00-05:00,4.0,4.03125,3.96875,4.0,846200,0.0,0.0
1998-02-05 00:00:00-05:00,4.375,4.96875,4.25,4.5625,920000,0.0,0.0
1998-02-06 00:00:00-05:00,4.625,4.8125,4.40625,4.40625,348000,0.0,0.0
1998-02-09 00:00:00-05:00,4.625,4.875,4.59375,4.8125,391200,0.0,0.0
1998-02-10 00:00:00-05:00,4.875,5.0,4.875,4.90625,468400,0.0,0.0
1998-02-11 00:00:00-05:00,4.90625,4.90625,4.65625,4.6875,406600,0.0,0.0
1998-02-12 00:00:00-05:00,4.6875,4.78125,4.59375,4.78125,144200,0.0,0.0
1998-02-13 00:00:00-05:00,4.78125,4.78125,4.65625,4.6875,115600,0.0,0.0
1998-02-17 00:00:00-05:00,4.6875,4.6875,4.5625,4.59375,84800,0.0,0.0
1998-02-18 00:00:00-05:00,4.59375,4.625,4.5,4.5,110800,0.0,0.0
1998-02-19 00:00:00-05:00,4.5,4.59375,4.5,4.5625,142800,0.0,0.0
1998-02-20 00:00:00-05:00,4.5,4.71875,4.5,4.59375,125200,0.0,0.0
1998-02-23 00:00:00-05:00,4.59375,4.65625,4.5,4.5,74800,0.0,0.0
1998-02-24 00:00:00-05:00,4.53125,4.59375,4.4375,4.5625,76400,0.0,0.0
1998-02-25 00:00:00-05:00,4.6875,4.71875,4.53125,4.5625,164800,0.0,0.0
1998-02-26 00:00:00-05:00,4.59375,4.65625,4.5,4.5625,190000,0.0,0.0
1998-02-27 00:00:00-05:00,4.5,4.625,4.5,4.625,96200,0.0,0.0
1998-03-02 00:00:00-05:00,4.875,5.0,4.875,5.0,982800,0.0,0.0
1998-03-03 00:00:00-05:00,4.9375,5.0,4.875,4.9375,180800,0.0,0.0
1998-03-04 00:00:00-05:00,4.96875,5.40625,4.9375,5.1875,930000,0.0,0.0
1998-03-05 00:00:00-05:00,5.1875,5.1875,4.96875,4.96875,319400,0.0,0.0
1998-03-06 00:00:00-05:00,5.0,5.03125,4.96875,5.03125,286200,0.0,0.0
1998-03-09 00:00:00-05:00,4.96875,5.0,4.875,5.0,295200,0.0,0.0
1998-03-10 00:00:00-05:00,5.0625,5.46875,5.0625,5.4375,621800,0.0,0.0
1998-03-11 00:00:00-05:00,5.4375,5.4375,5.28125,5.375,475000,0.0,0.0
1998-03-12 00:00:00-05:00,5.46875,5.46875,5.3125,5.40625,292200,0.0,0.0
1998-03-13 00:00:00-05:00,5.4375,5.5625,5.375,5.5625,2022200,0.0,0.0
1998-03-16 00:00:00-05:00,5.75,5.8125,5.6875,5.75,398400,0.0,0.0
1998-03-17 00:00:00-05:00,5.78125,5.9375,5.6875,5.84375,490000,0.0,0.0
1998-03-18 00:00:00-05:00,6.03125,6.0625,5.8125,5.8125,601200,0.0,0.0
1998-03-19 00:00:00-05:00,5.875,5.90625,5.75,5.875,110600,0.0,0.0
1998-03-20 00:00:00-05:00,5.90625,5.90625,5.78125,5.78125,105200,0.0,0.0
1998-03-23 00:00:00-05:00,5.84375,5.96875,5.75,5.90625,321000,0.0,0.0
1998-03-24 00:00:00-05:00,5.9375,5.9375,5.8125,5.8125,285000,0.0,0.0
1998-03-25 00:00:00-05:00,5.8125,5.84375,5.75,5.84375,279400,0.0,0.0
1998-03-26 00:00:00-05:00,5.75,5.875,5.75,5.78125,990600,0.0,0.0
1998-03-27 00:00:00-05:00,5.78125,5.8125,5.6875,5.6875,373200,0.0,0.0
1998-03-30 00:00:00-05:00,5.625,5.75,5.625,5.6875,222200,0.0,0.0
1998-03-31 00:00:00-05:00,5.78125,5.9375,5.71875,5.8125,246400,0.0,0.0
1998-04-01 00:00:00-05:00,5.8125,5.96875,5.75,5.96875,230200,0.0,0.0
1998-04-02 00:00:00-05:00,6.1875,6.1875,5.96875,6.03125,523000,0.0,0.0
1998-04-03 00:00:00-05:00,6.1875,6.1875,6.03125,6.125,193800,0.0,0.0
1998-04-06 00:00:00-04:00,6.25,6.4375,6.0,6.125,490400,0.0,0.0
1998-04-07 00:00:00-04:00,6.1875,6.25,6.0625,6.1875,243800,0.0,0.0
1998-04-08 00:00:00-04:00,6.1875,6.3125,6.125,6.25,185800,0.0,0.0
1998-04-09 00:00:00-04:00,6.3125,6.375,6.25,6.3125,124600,0.0,0.0
1998-04-13 00:00:00-04:00,6.34375,6.4375,6.3125,6.34375,108800,0.0,0.0
1998-04-14 00:00:00-04:00,6.40625,6.46875,6.3125,6.40625,186400,0.0,0.0
1998-04-15 00:00:00-04:00,6.40625,6.53125,6.3125,6.40625,126000,0.0,0.0
1998-04-16 00:00:00-04:00,6.40625,6.5,6.21875,6.28125,107000,0.0,0.0
1998-04-17 00:00:00-04:00,6.28125,6.4375,6.1875,6.375,82600,0.0,0.0
1998-04-20 00:00:00-04:00,6.40625,6.40625,6.1875,6.3125,93600,0.0,0.0
1998-04-21 00:00:00-04:00,6.34375,6.46875,6.1875,6.46875,204400,0.0,0.0
1998-04-22 00:00:00-04:00,6.46875,6.75,6.46875,6.6875,178200,0.0,0.0
1998-04-23 00:00:00-04:00,6.71875,6.71875,6.4375,6.4375,119600,0.0,0.0
1998-04-24 00:00:00-04:00,6.5,6.59375,6.1875,6.25,88600,0.0,0.0
1998-04-27 00:00:00-04:00,6.0,6.0625,5.90625,5.9375,358200,0.0,0.0
1998-04-28 00:00:00-04:00,6.0,6.3125,6.0,6.125,215600,0.0,0.0
1998-04-29 00:00:00-04:00,6.1875,6.3125,6.15625,6.3125,66800,0.0,0.0
1998-04-30 00:00:00-04:00,6.375,6.4375,6.28125,6.375,126400,0.0,0.0
1998-05-01 00:00:00-04:00,6.40625,6.40625,6.25,6.34375,61800,0.0,0.0
1998-05-04 00:00:00-04:00,6.28125,6.34375,6.15625,6.25,56600,0.0,0.0
1998-05-05 00:00:00-04:00,6.28125,6.375,6.1875,6.34375,78200,0.0,0.0
1998-05-06 00:00:00-04:00,6.1875,6.21875,5.625,6.03125,455600,0.0,0.0
1998-05-07 00:00:00-04:00,6.09375,6.09375,5.8125,5.8125,302200,0.0,0.0
1998-05-08 00:00:00-04:00,5.8125,5.875,5.40625,5.5,326600,0.0,0.0
1998-05-11 00:00:00-04:00,5.5625,5.75,5.46875,5.5,82000,0.0,0.0
1998-05-12 00:00:00-04:00,5.625,5.6875,5.375,5.4375,95400,0.0,0.0
1998-05-13 00:00:00-04:00,5.46875,5.5,5.34375,5.40625,63800,0.0,0.0
1998-05-14 00:00:00-04:00,5.46875,5.46875,5.03125,5.1875,220600,0.0,0.0
1998-05-15 00:00:00-04:00,5.1875,5.1875,5.0,5.03125,101000,0.0,0.0
1998-05-18 00:00:00-04:00,4.96875,5.0,4.875,4.96875,112800,0.0,0.0
1998-05-19 00:00:00-04:00,5.03125,5.125,4.96875,5.0,143000,0.0,0.0
1998-05-20 00:00:00-04:00,4.96875,5.0,4.875,4.9375,176000,0.0,0.0
1998-05-21 00:00:00-04:00,4.875,4.875,4.3125,4.75,322400,0.0,0.0
1998-05-22 00:00:00-04:00,4.6875,4.71875,4.375,4.59375,103200,0.0,0.0
1998-05-26 00:00:00-04:00,4.65625,4.78125,4.59375,4.625,142600,0.0,0.0
1998-05-27 00:00:00-04:00,4.6875,4.71875,4.625,4.71875,52600,0.0,0.0
1998-05-28 00:00:00-04:00,4.75,4.8125,4.625,4.78125,50400,0.0,0.0
1998-05-29 00:00:00-04:00,4.8125,5.0625,4.8125,4.84375,975000,0.0,0.0
1998-06-01 00:00:00-04:00,4.8125,4.8125,4.625,4.65625,253600,0.0,0.0
1998-06-02 00:00:00-04:00,4.65625,4.65625,4.5,4.53125,40800,0.0,0.0
1998-06-03 00:00:00-04:00,4.53125,4.53125,4.375,4.4375,99000,0.0,0.0
1998-06-04 00:00:00-04:00,4.34375,4.34375,4.25,4.3125,193600,0.0,0.0
1998-06-05 00:00:00-04:00,4.3125,5.0,4.3125,4.8125,107600,0.0,0.0
1998-06-08 00:00:00-04:00,4.875,5.0,4.75,4.8125,116800,0.0,0.0
1998-06-09 00:00:00-04:00,4.75,4.75,4.59375,4.6875,57600,0.0,0.0
1998-06-10 00:00:00-04:00,4.625,4.65625,4.28125,4.40625,333800,0.0,0.0
1998-06-11 00:00:00-04:00,4.375,4.625,4.1875,4.46875,108200,0.0,0.0
1998-06-12 00:00:00-04:00,4.53125,4.6875,4.40625,4.40625,154200,0.0,0.0
1998-06-15 00:00:00-04:00,4.4375,4.46875,4.28125,4.40625,146600,0.0,0.0
1998-06-16 00:00:00-04:00,4.4375,4.4375,4.3125,4.40625,56600,0.0,0.0
1998-06-17 00:00:00-04:00,4.34375,4.6875,4.34375,4.59375,96400,0.0,0.0
1998-06-18 00:00:00-04:00,4.59375,4.59375,4.25,4.25,132200,0.0,0.0
1998-06-19 00:00:00-04:00,4.1875,4.25,4.09375,4.1875,474200,0.0,0.0
1998-06-22 00:00:00-04:00,4.1875,4.21875,4.125,4.21875,100400,0.0,0.0
1998-06-23 00:00:00-04:00,4.15625,4.21875,4.0625,4.125,140200,0.0,0.0
1998-06-24 00:00:00-04:00,4.1875,4.25,4.15625,4.1875,46800,0.0,0.0
1998-06-25 00:00:00-04:00,4.25,4.46875,4.25,4.40625,381200,0.0,0.0
1998-06-26 00:00:00-04:00,4.40625,4.40625,4.25,4.28125,59200,0.0,0.0
1998-06-29 00:00:00-04:00,4.25,4.65625,4.09375,4.625,498600,0.0,0.0
1998-06-30 00:00:00-04:00,4.5625,5.09375,4.5625,5.09375,706800,0.0,0.0
1998-07-01 00:00:00-04:00,5.15625,5.5,5.15625,5.25,186800,0.0,0.0
1998-07-02 00:00:00-04:00,5.25,5.34375,5.25,5.3125,46400,0.0,0.0
1998-07-06 00:00:00-04:00,5.375,5.4375,5.125,5.375,144000,0.0,0.0
1998-07-07 00:00:00-04:00,5.375,5.40625,5.25,5.3125,142800,0.0,0.0
1998-07-08 00:00:00-04:00,5.3125,5.34375,5.15625,5.1875,62800,0.0,0.0
1998-07-09 00:00:00-04:00,5.15625,5.1875,4.65625,4.8125,84200,0.0,0.0
1998-07-10 00:00:00-04:00,4.875,4.90625,4.65625,4.65625,39600,0.0,0.0
1998-07-13 00:00:00-04:00,4.6875,4.71875,4.53125,4.5625,44200,0.0,0.0
1998-07-14 00:00:00-04:00,4.625,4.625,4.53125,4.53125,77600,0.0,0.0
1998-07-15 00:00:00-04:00,4.59375,4.71875,4.5625,4.59375,156800,0.0,0.0
1998-07-16 00:00:00-04:00,4.5625,4.625,4.4375,4.46875,108200,0.0,0.0
1998-07-17 00:00:00-04:00,4.53125,4.5625,4.3125,4.34375,128800,0.0,0.0
1998-07-20 00:00:00-04:00,4.40625,4.4375,4.125,4.28125,459400,0.0,0.0
1998-07-21 00:00:00-04:00,4.28125,4.5,4.25,4.5,194800,0.0,0.0
1998-07-22 00:00:00-04:00,4.5,4.59375,4.5,4.5625,152800,0.0,0.0
1998-07-23 00:00:00-04:00,4.5,4.5,4.3125,4.4375,97200,0.0,0.0
1998-07-24 00:00:00-04:00,4.375,4.46875,4.375,4.46875,53200,0.0,0.0
1998-07-27 00:00:00-04:00,4.28125,4.40625,4.25,4.3125,84000,0.0,0.0
1998-07-28 00:00:00-04:00,4.3125,4.4375,4.25,4.375,50000,0.0,0.0
1998-07-29 00:00:00-04:00,4.40625,4.40625,4.25,4.34375,101600,0.0,0.0
1998-07-30 00:00:00-04:00,4.375,4.40625,4.28125,4.3125,60200,0.0,0.0
1998-07-31 00:00:00-04:00,4.3125,4.34375,4.3125,4.3125,75800,0.0,0.0
1998-08-03 00:00:00-04:00,4.3125,4.375,4.3125,4.34375,84200,0.0,0.0
1998-08-04 00:00:00-04:00,4.34375,4.4375,4.3125,4.34375,105800,0.0,0.0
1998-08-05 00:00:00-04:00,4.34375,4.375,4.25,4.3125,160400,0.0,0.0
1998-08-06 00:00:00-04:00,4.28125,4.28125,4.15625,4.21875,121000,0.0,0.0
1998-08-07 00:00:00-04:00,4.15625,4.28125,4.125,4.21875,85400,0.0,0.0
1998-08-10 00:00:00-04:00,4.15625,4.25,4.125,4.1875,64200,0.0,0.0
1998-08-11 00:00:00-04:00,4.15625,4.15625,4.03125,4.09375,129600,0.0,0.0
1998-08-12 00:00:00-04:00,4.03125,4.125,4.0,4.0625,130400,0.0,0.0
1998-08-13 00:00:00-04:00,4.0,4.0,3.84375,3.875,74800,0.0,0.0
1998-08-14 00:00:00-04:00,3.90625,3.90625,3.5,3.65625,89000,0.0,0.0
1998-08-17 00:00:00-04:00,3.59375,3.78125,3.5625,3.59375,64000,0.0,0.0
1998-08-18 00:00:00-04:00,3.53125,3.71875,3.4375,3.625,91600,0.0,0.0
1998-08-19 00:00:00-04:00,3.625,3.625,3.5,3.5,47800,0.0,0.0
1998-08-20 00:00:00-04:00,3.5625,3.65625,3.4375,3.46875,89800,0.0,0.0
1998-08-21 00:00:00-04:00,3.46875,3.53125,3.375,3.4375,78400,0.0,0.0
1998-08-24 00:00:00-04:00,3.5,3.59375,3.46875,3.5,48800,0.0,0.0
1998-08-25 00:00:00-04:00,3.4375,3.59375,3.4375,3.5,60600,0.0,0.0
1998-08-26 00:00:00-04:00,3.5,3.5625,3.4375,3.5,73800,0.0,0.0
1998-08-27 00:00:00-04:00,3.4375,3.4375,3.25,3.25,87400,0.0,0.0
1998-08-28 00:00:00-04:00,3.3125,3.53125,3.15625,3.28125,126200,0.0,0.0
1998-08-31 00:00:00-04:00,3.34375,3.40625,2.78125,2.84375,112400,0.0,0.0
1998-09-01 00:00:00-04:00,2.78125,3.8125,2.71875,3.75,396200,0.0,0.0
1998-09-02 00:00:00-04:00,3.75,3.8125,3.65625,3.65625,181200,0.0,0.0
1998-09-03 00:00:00-04:00,3.59375,3.65625,3.4375,3.65625,69400,0.0,0.0
1998-09-04 00:00:00-04:00,3.71875,3.84375,3.71875,3.75,130200,0.0,0.0
1998-09-08 00:00:00-04:00,3.75,3.96875,3.75,3.96875,172000,0.0,0.0
1998-09-09 00:00:00-04:00,4.0,4.0,3.90625,3.96875,81800,0.0,0.0
1998-09-10 00:00:00-04:00,3.90625,3.96875,3.875,3.9375,298200,0.0,0.0
1998-09-11 00:00:00-04:00,3.90625,3.9375,3.84375,3.875,14200,0.0,0.0
1998-09-14 00:00:00-04:00,3.84375,3.84375,3.4375,3.5625,85000,0.0,0.0
1998-09-15 00:00:00-04:00,3.5,3.53125,3.40625,3.40625,40000,0.0,0.0
1998-09-16 00:00:00-04:00,3.375,3.46875,3.375,3.375,31800,0.0,0.0
1998-09-17 00:00:00-04:00,3.3125,3.34375,3.25,3.25,83800,0.0,0.0
1998-09-18 00:00:00-04:00,3.25,3.375,3.25,3.28125,32800,0.0,0.0
1998-09-21 00:00:00-04:00,3.25,3.25,3.03125,3.03125,58200,0.0,0.0
1998-09-22 00:00:00-04:00,3.03125,3.21875,2.875,3.0,199800,0.0,0.0
1998-09-23 00:00:00-04:00,3.0625,3.09375,2.96875,2.96875,81200,0.0,0.0
1998-09-24 00:00:00-04:00,3.0,3.0,2.9375,3.0,139600,0.0,0.0
1998-09-25 00:00:00-04:00,2.96875,3.0,2.875,2.96875,102600,0.0,0.0
1998-09-28 00:00:00-04:00,3.0,3.0,2.9375,2.9375,154400,0.0,0.0
1998-09-29 00:00:00-04:00,2.96875,3.0,2.9375,3.0,40200,0.0,0.0
1998-09-30 00:00:00-04:00,2.96875,2.96875,2.875,2.9375,158000,0.0,0.0
1998-10-01 00:00:00-04:00,2.90625,2.90625,2.75,2.75,105600,0.0,0.0
1998-10-02 00:00:00-04:00,2.78125,2.78125,2.625,2.65625,61800,0.0,0.0
1998-10-05 00:00:00-04:00,2.59375,2.625,2.5,2.53125,68400,0.0,0.0
1998-10-06 00:00:00-04:00,2.5,2.625,2.375,2.375,82800,0.0,0.0
1998-10-07 00:00:00-04:00,2.34375,2.34375,2.15625,2.1875,96600,0.0,0.0
1998-10-08 00:00:00-04:00,2.1875,2.25,2.0625,2.15625,133600,0.0,0.0
1998-10-09 00:00:00-04:00,2.125,2.15625,2.0625,2.09375,43400,0.0,0.0
1998-10-12 00:00:00-04:00,2.0625,2.125,1.9375,1.96875,133800,0.0,0.0
1998-10-13 00:00:00-04:00,1.9375,2.0,1.9375,2.0,104400,0.0,0.0
1998-10-14 00:00:00-04:00,2.0,2.0,1.9375,1.96875,128800,0.0,0.0
1998-10-15 00:00:00-04:00,1.9375,2.0,1.9375,2.0,196600,0.0,0.0
1998-10-16 00:00:00-04:00,2.03125,2.03125,1.8125,1.84375,490000,0.0,0.0
1998-10-19 00:00:00-04:00,1.84375,1.96875,1.8125,1.9375,388600,0.0,0.0
1998-10-20 00:00:00-04:00,1.9375,2.4375,1.9375,2.21875,1379000,0.0,0.0
1998-10-21 00:00:00-04:00,2.1875,2.375,2.1875,2.3125,201600,0.0,0.0
1998-10-22 00:00:00-04:00,2.375,2.71875,2.375,2.71875,204600,0.0,0.0
1998-10-23 00:00:00-04:00,2.78125,2.875,2.75,2.8125,137400,0.0,0.0
1998-10-26 00:00:00-05:00,2.875,3.375,2.875,3.28125,298200,0.0,0.0
1998-10-27 00:00:00-05:00,3.4375,3.75,3.125,3.21875,362600,0.0,0.0
1998-10-28 00:00:00-05:00,3.15625,3.1875,2.96875,3.125,167800,0.0,0.0
1998-10-29 00:00:00-05:00,3.125,3.1875,3.0,3.03125,43200,0.0,0.0
1998-10-30 00:00:00-05:00,3.09375,3.125,3.03125,3.0625,50600,0.0,0.0
1998-11-02 00:00:00-05:00,3.125,3.15625,3.0,3.0,106400,0.0,0.0
1998-11-03 00:00:00-05:00,2.90625,2.90625,2.5,2.625,401400,0.0,0.0
1998-11-04 00:00:00-05:00,2.71875,2.71875,2.5625,2.625,287200,0.0,0.0
1998-11-05 00:00:00-05:00,2.53125,2.625,2.375,2.5625,290400,0.0,0.0
1998-11-06 00:00:00-05:00,2.5,2.65625,2.40625,2.625,279000,0.0,0.0
1998-11-09 00:00:00-05:00,2.5625,2.6875,2.5,2.65625,138400,0.0,0.0
1998-11-10 00:00:00-05:00,2.625,2.875,2.59375,2.84375,277600,0.0,0.0
1998-11-11 00:00:00-05:00,2.875,2.875,2.71875,2.71875,83600,0.0,0.0
1998-11-12 00:00:00-05:00,2.71875,2.90625,2.71875,2.875,308200,0.0,0.0
1998-11-13 00:00:00-05:00,2.90625,2.90625,2.78125,2.78125,59000,0.0,0.0
1998-11-16 00:00:00-05:00,2.78125,2.96875,2.75,2.90625,181800,0.0,0.0
1998-11-17 00:00:00-05:00,2.84375,2.875,2.78125,2.8125,48400,0.0,0.0
1998-11-18 00:00:00-05:00,2.84375,2.875,2.78125,2.78125,49200,0.0,0.0
1998-11-19 00:00:00-05:00,2.78125,2.90625,2.75,2.84375,126200,0.0,0.0
1998-11-20 00:00:00-05:00,2.84375,2.84375,2.78125,2.8125,62800,0.0,0.0
1998-11-23 00:00:00-05:00,2.8125,2.84375,2.75,2.8125,124800,0.0,0.0
1998-11-24 00:00:00-05:00,2.84375,2.84375,2.78125,2.78125,121200,0.0,0.0
1998-11-25 00:00:00-05:00,2.78125,2.84375,2.75,2.84375,75400,0.0,0.0
1998-11-27 00:00:00-05:00,2.8125,2.84375,2.8125,2.8125,35800,0.0,0.0
1998-11-30 00:00:00-05:00,2.75,2.8125,2.65625,2.6875,98800,0.0,0.0
1998-12-01 00:00:00-05:00,2.6875,2.71875,2.65625,2.6875,86000,0.0,0.0
1998-12-02 00:00:00-05:00,2.6875,2.75,2.6875,2.71875,68000,0.0,0.0
1998-12-03 00:00:00-05:00,2.71875,2.84375,2.6875,2.8125,101800,0.0,0.0
1998-12-04 00:00:00-05:00,2.84375,2.875,2.65625,2.78125,332000,0.0,0.0
1998-12-07 00:00:00-05:00,2.75,2.78125,2.6875,2.71875,170400,0.0,0.0
1998-12-08 00:00:00-05:00,2.6875,2.6875,2.46875,2.5,246400,0.0,0.0
1998-12-09 00:00:00-05:00,2.53125,2.53125,2.25,2.46875,245400,0.0,0.0
1998-12-10 00:00:00-05:00,2.34375,2.40625,2.28125,2.34375,142400,0.0,0.0
1998-12-11 00:00:00-05:00,2.28125,2.4375,2.25,2.40625,153800,0.0,0.0
1998-12-14 00:00:00-05:00,2.375,2.4375,2.21875,2.21875,207400,0.0,0.0
1998-12-15 00:00:00-05:00,2.1875,2.21875,2.03125,2.0625,372400,0.0,0.0
1998-12-16 00:00:00-05:00,2.0625,2.09375,2.0,2.0625,252000,0.0,0.0
1998-12-17 00:00:00-05:00,2.0,2.1875,2.0,2.15625,111000,0.0,0.0
1998-12-18 00:00:00-05:00,2.15625,2.28125,2.15625,2.25,153200,0.0,0.0
1998-12-21 00:00:00-05:00,2.3125,2.3125,2.125,2.15625,222600,0.0,0.0
1998-12-22 00:00:00-05:00,2.125,2.125,2.0625,2.0625,162800,0.0,0.0
1998-12-23 00:00:00-05:00,2.0625,2.28125,2.03125,2.25,156400,0.0,0.0
1998-12-24 00:00:00-05:00,2.25,2.625,2.25,2.625,406600,0.0,0.0
1998-12-28 00:00:00-05:00,2.625,2.65625,2.46875,2.5,288600,0.0,0.0
1998-12-29 00:00:00-05:00,2.4375,2.46875,2.3125,2.34375,206200,0.0,0.0
1998-12-30 00:00:00-05:00,2.3125,2.375,2.25,2.3125,366400,0.0,0.0
1998-12-31 00:00:00-05:00,2.3125,2.78125,2.3125,2.6875,505800,0.0,0.0
1999-01-04 00:00:00-05:00,2.75,2.84375,2.75,2.75,205600,0.0,0.0
1999-01-05 00:00:00-05:00,2.78125,2.8125,2.75,2.78125,99000,0.0,0.0
1999-01-06 00:00:00-05:00,2.78125,2.8125,2.71875,2.75,108600,0.0,0.0
1999-01-07 00:00:00-05:00,2.78125,2.78125,2.625,2.65625,77400,0.0,0.0
1999-01-08 00:00:00-05:00,2.65625,2.6875,2.53125,2.625,108000,0.0,0.0
1999-01-11 00:00:00-05:00,2.65625,2.65625,2.5,2.53125,65800,0.0,0.0
1999-01-12 00:00:00-05:00,2.46875,2.5625,2.375,2.4375,119600,0.0,0.0
1999-01-13 00:00:00-05:00,2.3125,2.46875,2.3125,2.40625,203000,0.0,0.0
1999-01-14 00:00:00-05:00,2.375,2.4375,2.34375,2.40625,53200,0.0,0.0
1999-01-15 00:00:00-05:00,2.375,2.46875,2.34375,2.46875,77800,0.0,0.0
1999-01-19 00:00:00-05:00,2.40625,2.53125,2.375,2.53125,180000,0.0,0.0
1999-01-20 00:00:00-05:00,2.5,2.53125,2.4375,2.4375,65000,0.0,0.0
1999-01-21 00:00:00-05:00,2.46875,2.46875,2.375,2.40625,50600,0.0,0.0
1999-01-22 00:00:00-05:00,2.375,2.46875,2.375,2.4375,65800,0.0,0.0
1999-01-25 00:00:00-05:00,2.4375,2.46875,2.375,2.375,51800,0.0,0.0
1999-01-26 00:00:00-05:00,2.4375,2.4375,2.375,2.40625,26600,0.0,0.0
1999-01-27 00:00:00-05:00,2.40625,2.4375,2.375,2.4375,61800,0.0,0.0
1999-01-28 00:00:00-05:00,2.40625,2.5,2.375,2.46875,80200,0.0,0.0
1999-01-29 00:00:00-05:00,2.4375,2.5,2.4375,2.4375,98800,0.0,0.0
1999-02-01 00:00:00-05:00,2.46875,2.46875,2.125,2.21875,1627400,0.0,0.0
1999-02-02 00:00:00-05:00,2.21875,2.25,2.1875,2.21875,62600,0.0,0.0
1999-02-03 00:00:00-05:00,2.21875,2.25,2.1875,2.25,55200,0.0,0.0
1999-02-04 00:00:00-05:00,2.25,2.375,2.25,2.34375,226000,0.0,0.0
1999-02-05 00:00:00-05:00,2.375,2.5,2.34375,2.40625,82200,0.0,0.0
1999-02-08 00:00:00-05:00,2.40625,2.4375,2.40625,2.4375,77200,0.0,0.0
1999-02-09 00:00:00-05:00,2.4375,2.46875,2.40625,2.4375,49000,0.0,0.0
1999-02-10 00:00:00-05:00,2.375,2.375,2.28125,2.28125,38000,0.0,0.0
1999-02-11 00:00:00-05:00,2.3125,2.3125,2.25,2.3125,42000,0.0,0.0
1999-02-12 00:00:00-05:00,2.28125,2.28125,2.21875,2.21875,80800,0.0,0.0
1999-02-16 00:00:00-05:00,2.1875,2.21875,2.09375,2.15625,125600,0.0,0.0
1999-02-17 00:00:00-05:00,2.125,2.15625,2.0625,2.09375,41000,0.0,0.0
1999-02-18 00:00:00-05:00,2.0625,2.125,1.96875,2.0,271600,0.0,0.0
1999-02-19 00:00:00-05:00,2.0625,2.15625,1.96875,2.125,184000,0.0,0.0
1999-02-22 00:00:00-05:00,2.1875,2.25,2.15625,2.1875,27000,0.0,0.0
1999-02-23 00:00:00-05:00,2.25,2.3125,2.15625,2.21875,193800,0.0,0.0
1999-02-24 00:00:00-05:00,2.21875,2.28125,2.21875,2.25,75400,0.0,0.0
1999-02-25 00:00:00-05:00,2.25,2.28125,2.1875,2.21875,32800,0.0,0.0
1999-02-26 00:00:00-05:00,2.25,2.25,2.1875,2.25,25000,0.0,0.0
1999-03-01 00:00:00-05:00,2.25,2.25,2.1875,2.21875,13200,0.0,0.0
1999-03-02 00:00:00-05:00,2.21875,2.25,2.1875,2.21875,36800,0.0,0.0
1999-03-03 00:00:00-05:00,2.21875,2.21875,2.125,2.125,53600,0.0,0.0
1999-03-04 00:00:00-05:00,2.125,2.21875,2.125,2.1875,54400,0.0,0.0
1999-03-05 00:00:00-05:00,2.21875,2.28125,2.125,2.25,112400,0.0,0.0
1999-03-08 00:00:00-05:00,2.21875,2.21875,2.125,2.15625,85200,0.0,0.0
1999-03-09 00:00:00-05:00,2.15625,2.1875,2.03125,2.09375,92600,0.0,0.0
1999-03-10 00:00:00-05:00,2.0625,2.09375,2.03125,2.03125,75400,0.0,0.0
1999-03-11 00:00:00-05:00,1.96875,2.0625,1.96875,2.0,164200,0.0,0.0
1999-03-12 00:00:00-05:00,2.0,2.0625,2.0,2.03125,91600,0.0,0.0
1999-03-15 00:00:00-05:00,2.09375,2.125,2.0625,2.125,95000,0.0,0.0
1999-03-16 00:00:00-05:00,2.0625,2.15625,2.0625,2.125,66800,0.0,0.0
1999-03-17 00:00:00-05:00,2.125,2.15625,2.09375,2.09375,22800,0.0,0.0
1999-03-18 00:00:00-05:00,2.09375,2.09375,2.03125,2.0625,52600,0.0,0.0
1999-03-19 00:00:00-05:00,2.0625,2.0625,2.0,2.0,92800,0.0,0.0
1999-03-22 00:00:00-05:00,2.03125,2.0625,1.96875,2.03125,75600,0.0,0.0
1999-03-23 00:00:00-05:00,1.96875,2.0,1.90625,1.90625,77600,0.0,0.0
1999-03-24 00:00:00-05:00,1.9375,2.0625,1.90625,1.96875,103600,0.0,0.0
1999-03-25 00:00:00-05:00,1.96875,2.03125,1.96875,1.96875,49200,0.0,0.0
1999-03-26 00:00:00-05:00,1.96875,2.0,1.9375,1.96875,45800,0.0,0.0
1999-03-29 00:00:00-05:00,1.9375,2.0,1.875,1.9375,51000,0.0,0.0
1999-03-30 00:00:00-05:00,1.96875,1.96875,1.90625,1.9375,50400,0.0,0.0
1999-03-31 00:00:00-05:00,1.9375,2.0,1.9375,1.96875,37600,0.0,0.0
1999-04-01 00:00:00-05:00,1.9375,2.0,1.9375,1.96875,61800,0.0,0.0
1999-04-05 00:00:00-04:00,1.96875,2.0,1.9375,1.9375,48800,0.0,0.0
1999-04-06 00:00:00-04:00,2.0,2.03125,1.96875,1.96875,115600,0.0,0.0
1999-04-07 00:00:00-04:00,1.9375,1.96875,1.875,1.90625,77000,0.0,0.0
1999-04-08 00:00:00-04:00,1.875,1.90625,1.84375,1.875,107400,0.0,0.0
1999-04-09 00:00:00-04:00,1.875,2.09375,1.875,2.03125,211200,0.0,0.0
1999-04-12 00:00:00-04:00,2.0,2.03125,1.90625,1.9375,68400,0.0,0.0
1999-04-13 00:00:00-04:00,1.90625,1.9375,1.875,1.90625,52400,0.0,0.0
1999-04-14 00:00:00-04:00,1.9375,2.03125,1.90625,1.96875,61400,0.0,0.0
1999-04-15 00:00:00-04:00,1.9375,2.0625,1.90625,2.03125,63200,0.0,0.0
1999-04-16 00:00:00-04:00,2.09375,2.125,2.03125,2.03125,86000,0.0,0.0
1999-04-19 00:00:00-04:00,2.09375,2.125,2.03125,2.0625,44400,0.0,0.0
1999-04-20 00:00:00-04:00,2.03125,2.03125,1.96875,1.96875,50200,0.0,0.0
1999-04-21 00:00:00-04:00,1.96875,2.03125,1.96875,2.0,48000,0.0,0.0
1999-04-22 00:00:00-04:00,1.9375,1.96875,1.9375,1.96875,75800,0.0,0.0
1999-04-23 00:00:00-04:00,2.0,2.0,1.84375,1.9375,131200,0.0,0.0
1999-04-26 00:00:00-04:00,1.90625,1.96875,1.90625,1.9375,36800,0.0,0.0
1999-04-27 00:00:00-04:00,1.96875,2.125,1.9375,2.03125,185200,0.0,0.0
1999-04-28 00:00:00-04:00,2.0625,2.21875,2.03125,2.1875,103000,0.0,0.0
1999-04-29 00:00:00-04:00,2.25,2.40625,2.21875,2.34375,278200,0.0,0.0
1999-04-30 00:00:00-04:00,2.28125,2.28125,2.21875,2.25,52400,0.0,0.0
1999-05-03 00:00:00-04:00,2.25,2.3125,2.25,2.3125,19000,0.0,0.0
1999-05-04 00:00:00-04:00,2.34375,2.46875,2.34375,2.46875,123400,0.0,0.0
1999-05-05 00:00:00-04:00,2.46875,2.46875,2.375,2.46875,42400,0.0,0.0
1999-05-06 00:00:00-04:00,2.5,2.5,2.4375,2.4375,131000,0.0,0.0
1999-05-07 00:00:00-04:00,2.4375,2.4375,2.15625,2.25,107600,0.0,0.0
1999-05-10 00:00:00-04:00,2.5,2.59375,2.46875,2.5,716600,0.0,0.0
1999-05-11 00:00:00-04:00,2.5,2.5,2.4375,2.5,117400,0.0,0.0
1999-05-12 00:00:00-04:00,2.5,2.53125,2.46875,2.5,62400,0.0,0.0
1999-05-13 00:00:00-04:00,2.5,2.5,2.46875,2.5,71000,0.0,0.0
1999-05-14 00:00:00-04:00,2.5,2.5,2.4375,2.46875,181800,0.0,0.0
1999-05-17 00:00:00-04:00,2.40625,2.53125,2.40625,2.5,195600,0.0,0.0
1999-05-18 00:00:00-04:00,2.5,2.75,2.5,2.65625,234400,0.0,0.0
1999-05-19 00:00:00-04:00,2.625,2.6875,2.5625,2.59375,154800,0.0,0.0
1999-05-20 00:00:00-04:00,2.625,2.6875,2.59375,2.625,64800,0.0,0.0
1999-05-21 00:00:00-04:00,2.625,2.6875,2.625,2.625,14000,0.0,0.0
1999-05-24 00:00:00-04:00,2.53125,2.625,2.5,2.53125,115000,0.0,0.0
1999-05-25 00:00:00-04:00,2.34375,2.40625,2.34375,2.34375,78000,0.0,0.0
1999-05-26 00:00:00-04:00,2.375,2.40625,2.34375,2.40625,27800,0.0,0.0
1999-05-27 00:00:00-04:00,2.34375,2.4375,2.34375,2.40625,22000,0.0,0.0
1999-05-28 00:00:00-04:00,2.375,2.5,2.3125,2.5,97600,0.0,0.0
1999-06-01 00:00:00-04:00,2.40625,2.5,2.375,2.4375,53800,0.0,0.0
1999-06-02 00:00:00-04:00,2.4375,2.53125,2.375,2.53125,65400,0.0,0.0
1999-06-03 00:00:00-04:00,2.53125,2.6875,2.5,2.6875,114000,0.0,0.0
1999-06-04 00:00:00-04:00,2.6875,2.9375,2.6875,2.78125,334800,0.0,0.0
1999-06-07 00:00:00-04:00,2.84375,2.96875,2.8125,2.9375,774800,0.0,0.0
1999-06-08 00:00:00-04:00,3.0,3.15625,3.0,3.125,1505400,0.0,0.0
1999-06-09 00:00:00-04:00,3.125,3.5625,3.125,3.28125,469000,0.0,0.0
1999-06-10 00:00:00-04:00,3.28125,3.34375,3.0,3.03125,187200,0.0,0.0
1999-06-11 00:00:00-04:00,3.0625,3.0625,2.96875,3.03125,54400,0.0,0.0
1999-06-14 00:00:00-04:00,3.09375,3.09375,2.8125,3.0,103000,0.0,0.0
1999-06-15 00:00:00-04:00,2.96875,3.09375,2.96875,3.09375,84600,0.0,0.0
1999-06-16 00:00:00-04:00,3.03125,3.1875,3.03125,3.03125,94200,0.0,0.0
1999-06-17 00:00:00-04:00,3.0625,3.09375,3.0,3.03125,98200,0.0,0.0
1999-06-18 00:00:00-04:00,3.03125,3.03125,2.84375,2.90625,132200,0.0,0.0
1999-06-21 00:00:00-04:00,2.9375,2.96875,2.875,2.90625,54800,0.0,0.0
1999-06-22 00:00:00-04:00,2.90625,3.0,2.90625,2.9375,52800,0.0,0.0
1999-06-23 00:00:00-04:00,2.9375,3.0,2.9375,2.9375,40600,0.0,0.0
1999-06-24 00:00:00-04:00,2.96875,3.0,2.875,2.90625,64000,0.0,0.0
1999-06-25 00:00:00-04:00,2.875,2.875,2.8125,2.875,45800,0.0,0.0
1999-06-28 00:00:00-04:00,2.8125,2.8125,2.53125,2.53125,143400,0.0,0.0
1999-06-29 00:00:00-04:00,2.5,2.6875,2.5,2.6875,275200,0.0,0.0
1999-06-30 00:00:00-04:00,2.59375,2.6875,2.59375,2.6875,31800,0.0,0.0
1999-07-01 00:00:00-04:00,2.625,2.71875,2.59375,2.65625,93200,0.0,0.0
1999-07-02 00:00:00-04:00,2.71875,2.71875,2.5625,2.65625,93200,0.0,0.0
1999-07-06 00:00:00-04:00,2.625,2.6875,2.59375,2.65625,53400,0.0,0.0
1999-07-07 00:00:00-04:00,2.59375,2.59375,2.46875,2.5,149800,0.0,0.0
1999-07-08 00:00:00-04:00,2.5,2.5,2.375,2.46875,142200,0.0,0.0
1999-07-09 00:00:00-04:00,2.4375,2.4375,2.125,2.21875,399200,0.0,0.0
1999-07-12 00:00:00-04:00,2.21875,2.25,2.125,2.15625,381400,0.0,0.0
1999-07-13 00:00:00-04:00,2.15625,2.21875,2.0625,2.125,168000,0.0,0.0
1999-07-14 00:00:00-04:00,2.125,2.1875,2.125,2.15625,104800,0.0,0.0
1999-07-15 00:00:00-04:00,2.1875,2.5,2.125,2.3125,1021600,0.0,0.0
1999-07-16 00:00:00-04:00,2.375,2.40625,2.25,2.25,216000,0.0,0.0
1999-07-19 00:00:00-04:00,2.28125,2.34375,2.1875,2.1875,82000,0.0,0.0
1999-07-20 00:00:00-04:00,2.25,2.28125,2.21875,2.21875,52400,0.0,0.0
1999-07-21 00:00:00-04:00,2.25,2.25,2.0625,2.09375,1126600,0.0,0.0
1999-07-22 00:00:00-04:00,2.09375,2.09375,2.0,2.0,350800,0.0,0.0
1999-07-23 00:00:00-04:00,2.0625,2.0625,1.96875,2.0,246600,0.0,0.0
1999-07-26 00:00:00-04:00,2.0,2.0625,1.96875,2.0,145600,0.0,0.0
1999-07-27 00:00:00-04:00,2.0,2.03125,1.96875,2.03125,115800,0.0,0.0
1999-07-28 00:00:00-04:00,2.03125,2.03125,1.96875,2.03125,156200,0.0,0.0
1999-07-29 00:00:00-04:00,2.03125,2.03125,2.0,2.0,49600,0.0,0.0
1999-07-30 00:00:00-04:00,2.03125,2.0625,1.75,2.0,1901600,0.0,0.0
1999-08-02 00:00:00-04:00,2.0,2.03125,1.96875,1.96875,39400,0.0,0.0
1999-08-03 00:00:00-04:00,1.96875,2.0,1.9375,1.96875,37800,0.0,0.0
1999-08-04 00:00:00-04:00,1.96875,1.96875,1.875,1.9375,101200,0.0,0.0
1999-08-05 00:00:00-04:00,1.9375,1.96875,1.90625,1.90625,47800,0.0,0.0
1999-08-06 00:00:00-04:00,1.90625,1.96875,1.875,1.90625,55200,0.0,0.0
1999-08-09 00:00:00-04:00,1.90625,1.90625,1.75,1.8125,166600,0.0,0.0
1999-08-10 00:00:00-04:00,1.8125,1.84375,1.8125,1.8125,42000,0.0,0.0
1999-08-11 00:00:00-04:00,1.8125,1.875,1.78125,1.78125,65800,0.0,0.0
1999-08-12 00:00:00-04:00,1.84375,1.875,1.78125,1.84375,38200,0.0,0.0
1999-08-13 00:00:00-04:00,1.875,1.875,1.8125,1.8125,25800,0.0,0.0
1999-08-16 00:00:00-04:00,1.84375,1.84375,1.8125,1.8125,55200,0.0,0.0
1999-08-17 00:00:00-04:00,1.84375,1.875,1.8125,1.84375,41400,0.0,0.0
1999-08-18 00:00:00-04:00,1.84375,1.875,1.8125,1.84375,43200,0.0,0.0
1999-08-19 00:00:00-04:00,1.875,1.875,1.8125,1.84375,81400,0.0,0.0
1999-08-20 00:00:00-04:00,1.875,1.90625,1.8125,1.84375,140200,0.0,0.0
1999-08-23 00:00:00-04:00,1.875,1.875,1.8125,1.84375,73200,0.0,0.0
1999-08-24 00:00:00-04:00,1.875,1.875,1.8125,1.84375,67800,0.0,0.0
1999-08-25 00:00:00-04:00,1.84375,1.84375,1.75,1.75,646800,0.0,0.0
1999-08-26 00:00:00-04:00,1.75,1.8125,1.6875,1.71875,96400,0.0,0.0
1999-08-27 00:00:00-04:00,1.71875,1.75,1.6875,1.71875,87600,0.0,0.0
1999-08-30 00:00:00-04:00,1.71875,1.78125,1.6875,1.71875,46000,0.0,0.0
1999-08-31 00:00:00-04:00,1.75,1.78125,1.6875,1.71875,85000,0.0,0.0
1999-09-01 00:00:00-04:00,1.71875,1.75,1.6875,1.71875,42800,0.0,0.0
1999-09-02 00:00:00-04:00,1.75,1.75,1.65625,1.6875,79200,0.0,0.0
1999-09-03 00:00:00-04:00,1.6875,1.71875,1.65625,1.6875,123400,0.0,0.0
1999-09-07 00:00:00-04:00,1.78125,1.9375,1.78125,1.84375,422000,0.0,0.0
1999-09-08 00:00:00-04:00,1.875,2.0,1.84375,2.0,187000,0.0,0.0
1999-09-09 00:00:00-04:00,2.0,2.0,1.90625,1.90625,65000,0.0,0.0
1999-09-10 00:00:00-04:00,1.9375,1.9375,1.90625,1.9375,52200,0.0,0.0
1999-09-13 00:00:00-04:00,1.875,1.96875,1.875,1.875,58600,0.0,0.0
1999-09-14 00:00:00-04:00,1.9375,1.9375,1.84375,1.84375,38400,0.0,0.0
1999-09-15 00:00:00-04:00,1.8125,1.84375,1.75,1.8125,89800,0.0,0.0
1999-09-16 00:00:00-04:00,1.84375,1.9375,1.8125,1.875,113800,0.0,0.0
1999-09-17 00:00:00-04:00,1.90625,1.9375,1.84375,1.875,184200,0.0,0.0
1999-09-20 00:00:00-04:00,1.875,1.9375,1.875,1.875,45400,0.0,0.0
1999-09-21 00:00:00-04:00,1.90625,1.90625,1.78125,1.8125,34800,0.0,0.0
1999-09-22 00:00:00-04:00,1.84375,1.875,1.625,1.71875,450600,0.0,0.0
1999-09-23 00:00:00-04:00,1.78125,1.84375,1.625,1.71875,224600,0.0,0.0
1999-09-24 00:00:00-04:00,1.71875,1.75,1.6875,1.6875,55200,0.0,0.0
1999-09-27 00:00:00-04:00,1.75,1.78125,1.71875,1.71875,95200,0.0,0.0
1999-09-28 00:00:00-04:00,1.75,1.75,1.65625,1.65625,89800,0.0,0.0
1999-09-29 00:00:00-04:00,1.65625,1.6875,1.625,1.65625,47600,0.0,0.0
1999-09-30 00:00:00-04:00,1.6875,1.6875,1.625,1.6875,21600,0.0,0.0
1999-10-01 00:00:00-04:00,1.6875,1.71875,1.65625,1.6875,55000,0.0,0.0
1999-10-04 00:00:00-04:00,1.71875,1.71875,1.625,1.65625,61400,0.0,0.0
1999-10-05 00:00:00-04:00,1.6875,1.71875,1.65625,1.65625,22400,0.0,0.0
1999-10-06 00:00:00-04:00,1.65625,1.6875,1.59375,1.625,123000,0.0,0.0
1999-10-07 00:00:00-04:00,1.6875,1.6875,1.5625,1.5625,106600,0.0,0.0
1999-10-08 00:00:00-04:00,1.5625,1.65625,1.5625,1.59375,21200,0.0,0.0
1999-10-11 00:00:00-04:00,1.625,1.625,1.5,1.53125,473000,0.0,0.0
1999-10-12 00:00:00-04:00,1.53125,1.53125,1.5,1.5,61000,0.0,0.0
1999-10-13 00:00:00-04:00,1.5,1.5625,1.5,1.53125,56200,0.0,0.0
1999-10-14 00:00:00-04:00,1.53125,1.5625,1.5,1.5625,45600,0.0,0.0
1999-10-15 00:00:00-04:00,1.5,1.53125,1.46875,1.5,72000,0.0,0.0
1999-10-18 00:00:00-04:00,1.5625,1.5625,1.46875,1.5,464200,0.0,0.0
1999-10-19 00:00:00-04:00,1.5,1.5,1.46875,1.5,47200,0.0,0.0
1999-10-20 00:00:00-04:00,1.46875,1.53125,1.46875,1.53125,110400,0.0,0.0
1999-10-21 00:00:00-04:00,1.53125,1.53125,1.46875,1.46875,45400,0.0,0.0
1999-10-22 00:00:00-04:00,1.5,1.5,1.46875,1.46875,49000,0.0,0.0
1999-10-25 00:00:00-04:00,1.5,1.5,1.375,1.375,106000,0.0,0.0
1999-10-26 00:00:00-04:00,1.4375,1.4375,1.125,1.125,437800,0.0,0.0
1999-10-27 00:00:00-04:00,1.15625,1.25,0.875,0.90625,1931800,0.0,0.0
1999-10-28 00:00:00-04:00,1.125,1.375,1.09375,1.34375,536400,0.0,0.0
1999-10-29 00:00:00-04:00,1.40625,1.53125,1.34375,1.40625,213400,0.0,0.0
1999-11-01 00:00:00-05:00,1.375,1.4375,1.3125,1.4375,95800,0.0,0.0
1999-11-02 00:00:00-05:00,1.46875,1.5,1.375,1.4375,132600,0.0,0.0
1999-11-03 00:00:00-05:00,1.4375,1.4375,1.359375,1.375,83800,0.0,0.0
1999-11-04 00:00:00-05:00,1.40625,1.5,1.28125,1.5,462200,0.0,0.0
1999-11-05 00:00:00-05:00,1.5,1.5,1.40625,1.5,150200,0.0,0.0
1999-11-08 00:00:00-05:00,1.46875,1.5,1.40625,1.4375,201000,0.0,0.0
1999-11-09 00:00:00-05:00,1.4375,1.46875,1.375,1.375,45200,0.0,0.0
1999-11-10 00:00:00-05:00,1.40625,1.40625,1.375,1.40625,72600,0.0,0.0
1999-11-11 00:00:00-05:00,1.40625,1.46875,1.40625,1.46875,82400,0.0,0.0
1999-11-12 00:00:00-05:00,1.40625,1.4375,1.34375,1.34375,116200,0.0,0.0
1999-11-15 00:00:00-05:00,1.34375,1.375,1.3125,1.34375,88200,0.0,0.0
1999-11-16 00:00:00-05:00,1.34375,1.40625,1.34375,1.40625,98000,0.0,0.0
1999-11-17 00:00:00-05:00,1.40625,1.4375,1.34375,1.34375,56200,0.0,0.0
1999-11-18 00:00:00-05:00,1.34375,1.40625,1.3125,1.375,166600,0.0,0.0
1999-11-19 00:00:00-05:00,1.375,1.40625,1.34375,1.40625,101400,0.0,0.0
1999-11-22 00:00:00-05:00,1.3125,1.375,1.28125,1.375,222800,0.0,0.0
1999-11-23 00:00:00-05:00,1.34375,1.375,1.3125,1.3125,58000,0.0,0.0
1999-11-24 00:00:00-05:00,1.3125,1.375,1.28125,1.3125,76800,0.0,0.0
1999-11-26 00:00:00-05:00,1.28125,1.40625,1.28125,1.375,113600,0.0,0.0
1999-11-29 00:00:00-05:00,1.34375,1.375,1.21875,1.25,206200,0.0,0.0
1999-11-30 00:00:00-05:00,1.25,1.25,1.1875,1.21875,181600,0.0,0.0
1999-12-01 00:00:00-05:00,1.34375,1.53125,1.34375,1.46875,1049400,0.0,0.0
1999-12-02 00:00:00-05:00,1.59375,1.625,1.53125,1.5625,376000,0.0,0.0
1999-12-03 00:00:00-05:00,1.625,1.625,1.4375,1.5,179800,0.0,0.0
1999-12-06 00:00:00-05:00,1.4375,1.5,1.34375,1.5,182400,0.0,0.0
1999-12-07 00:00:00-05:00,1.5,1.5,1.34375,1.375,540600,0.0,0.0
1999-12-08 00:00:00-05:00,1.375,1.40625,1.28125,1.28125,179400,0.0,0.0
1999-12-09 00:00:00-05:00,1.28125,1.34375,1.25,1.3125,119800,0.0,0.0
1999-12-10 00:00:00-05:00,1.28125,1.3125,1.25,1.28125,83600,0.0,0.0
1999-12-13 00:00:00-05:00,1.28125,1.3125,1.21875,1.21875,422000,0.0,0.0
1999-12-14 00:00:00-05:00,1.25,1.28125,1.1875,1.1875,149000,0.0,0.0
1999-12-15 00:00:00-05:00,1.1875,1.25,1.09375,1.09375,278400,0.0,0.0
1999-12-16 00:00:00-05:00,1.15625,1.15625,1.0625,1.0625,258000,0.0,0.0
1999-12-17 00:00:00-05:00,1.0625,1.125,1.03125,1.0625,363800,0.0,0.0
1999-12-20 00:00:00-05:00,1.09375,1.125,0.96875,1.0625,577200,0.0,0.0
1999-12-21 00:00:00-05:00,1.0625,1.1875,1.0625,1.125,346800,0.0,0.0
1999-12-22 00:00:00-05:00,1.15625,1.1875,1.125,1.1875,401600,0.0,0.0
1999-12-23 00:00:00-05:00,1.1875,1.25,1.125,1.25,265800,0.0,0.0
1999-12-27 00:00:00-05:00,1.21875,1.25,1.1875,1.25,320000,0.0,0.0
1999-12-28 00:00:00-05:00,1.25,1.3125,1.15625,1.15625,285200,0.0,0.0
1999-12-29 00:00:00-05:00,1.1875,1.1875,1.125,1.1875,163800,0.0,0.0
1999-12-30 00:00:00-05:00,1.125,1.1875,1.0625,1.1875,445800,0.0,0.0
1999-12-31 00:00:00-05:00,1.15625,1.1875,1.0625,1.15625,240000,0.0,0.0
2000-01-03 00:00:00-05:00,1.125,1.1875,1.125,1.125,148200,0.0,0.0
2000-01-04 00:00:00-05:00,1.09375,1.125,1.0625,1.09375,107000,0.0,0.0
2000-01-05 00:00:00-05:00,1.0625,1.09375,1.0625,1.0625,61600,0.0,0.0
2000-01-06 00:00:00-05:00,1.0625,1.15625,1.0625,1.125,149000,0.0,0.0
2000-01-07 00:00:00-05:00,1.125,1.46875,1.09375,1.1875,240600,0.0,0.0
2000-01-10 00:00:00-05:00,1.21875,1.25,1.1875,1.21875,191200,0.0,0.0
2000-01-11 00:00:00-05:00,1.21875,1.25,1.125,1.15625,206000,0.0,0.0
2000-01-12 00:00:00-05:00,1.15625,1.1875,1.09375,1.09375,254400,0.0,0.0
2000-01-13 00:00:00-05:00,1.125,1.125,1.0,1.0,683800,0.0,0.0
2000-01-14 00:00:00-05:00,1.0,1.03125,0.96875,1.0,990000,0.0,0.0
2000-01-18 00:00:00-05:00,1.0,1.03125,0.96875,1.0,827200,0.0,0.0
2000-01-19 00:00:00-05:00,1.0,1.0,0.96875,1.0,196200,0.0,0.0
2000-01-20 00:00:00-05:00,1.0,1.0,0.65625,0.71875,19896400,0.0,0.0
2000-01-21 00:00:00-05:00,0.75,0.78125,0.71875,0.78125,3789400,0.0,0.0
2000-01-24 00:00:00-05:00,0.78125,0.78125,0.75,0.78125,1602000,0.0,0.0
2000-01-25 00:00:00-05:00,0.78125,0.8125,0.75,0.78125,657600,0.0,0.0
2000-01-26 00:00:00-05:00,0.78125,0.8125,0.75,0.78125,375200,0.0,0.0
2000-01-27 00:00:00-05:00,0.78125,0.78125,0.75,0.78125,1212000,0.0,0.0
2000-01-28 00:00:00-05:00,0.75,0.78125,0.71875,0.75,800000,0.0,0.0
2000-01-31 00:00:00-05:00,0.78125,0.8125,0.75,0.78125,2004600,0.0,0.0
2000-02-01 00:00:00-05:00,0.8125,0.875,0.78125,0.84375,1307400,0.0,0.0
2000-02-02 00:00:00-05:00,0.84375,0.875,0.8125,0.84375,738200,0.0,0.0
2000-02-03 00:00:00-05:00,0.875,0.90625,0.8125,0.8125,1134600,0.0,0.0
2000-02-04 00:00:00-05:00,0.84375,0.875,0.8125,0.84375,836400,0.0,0.0
2000-02-07 00:00:00-05:00,0.875,0.90625,0.84375,0.875,1136800,0.0,0.0
2000-02-08 00:00:00-05:00,0.875,0.90625,0.84375,0.84375,1335400,0.0,0.0
2000-02-09 00:00:00-05:00,0.875,0.875,0.78125,0.8125,1051200,0.0,0.0
2000-02-10 00:00:00-05:00,0.8125,0.8125,0.75,0.78125,954400,0.0,0.0
2000-02-11 00:00:00-05:00,0.78125,0.78125,0.6875,0.75,1382000,0.0,0.0
2000-02-14 00:00:00-05:00,0.78125,0.78125,0.71875,0.75,1103200,0.0,0.0
2000-02-15 00:00:00-05:00,0.75,0.78125,0.75,0.78125,628400,0.0,0.0
2000-02-16 00:00:00-05:00,0.78125,0.78125,0.75,0.75,919000,0.0,0.0
2000-02-17 00:00:00-05:00,0.78125,0.78125,0.75,0.75,413000,0.0,0.0
2000-02-18 00:00:00-05:00,0.78125,0.8125,0.75,0.8125,687400,0.0,0.0
2000-02-22 00:00:00-05:00,0.8125,0.8125,0.78125,0.8125,425000,0.0,0.0
2000-02-23 00:00:00-05:00,0.8125,0.8125,0.78125,0.8125,454600,0.0,0.0
2000-02-24 00:00:00-05:00,0.8125,0.8125,0.78125,0.8125,644600,0.0,0.0
2000-02-25 00:00:00-05:00,0.8125,0.8125,0.78125,0.8125,476000,0.0,0.0
2000-02-28 00:00:00-05:00,0.8125,0.84375,0.78125,0.8125,541800,0.0,0.0
2000-02-29 00:00:00-05:00,0.8125,0.84375,0.78125,0.8125,716000,0.0,0.0
2000-03-01 00:00:00-05:00,0.8125,0.84375,0.78125,0.8125,534000,0.0,0.0
2000-03-02 00:00:00-05:00,0.8125,0.84375,0.78125,0.84375,611000,0.0,0.0
2000-03-03 00:00:00-05:00,0.84375,0.875,0.8125,0.8125,1761800,0.0,0.0
2000-03-06 00:00:00-05:00,0.875,1.0625,0.875,1.03125,3680400,0.0,0.0
2000-03-07 00:00:00-05:00,1.09375,1.28125,1.0625,1.21875,2764200,0.0,0.0
2000-03-08 00:00:00-05:00,1.21875,1.3125,1.21875,1.28125,1728600,0.0,0.0
2000-03-09 00:00:00-05:00,1.34375,1.34375,1.25,1.3125,871400,0.0,0.0
2000-03-10 00:00:00-05:00,1.28125,1.3125,1.25,1.28125,1059400,0.0,0.0
2000-03-13 00:00:00-05:00,1.25,1.25,1.1875,1.25,725400,0.0,0.0
2000-03-14 00:00:00-05:00,1.25,1.25,1.1875,1.1875,632200,0.0,0.0
2000-03-15 00:00:00-05:00,1.1875,1.21875,1.0,1.0625,2599400,0.0,0.0
2000-03-16 00:00:00-05:00,1.09375,1.15625,1.0625,1.125,641800,0.0,0.0
2000-03-17 00:00:00-05:00,1.15625,1.15625,1.09375,1.125,552000,0.0,0.0
2000-03-20 00:00:00-05:00,1.15625,1.15625,1.125,1.15625,578800,0.0,0.0
2000-03-21 00:00:00-05:00,1.15625,1.15625,1.0625,1.09375,1067000,0.0,0.0
2000-03-22 00:00:00-05:00,1.09375,1.1875,1.09375,1.15625,729400,0.0,0.0
2000-03-23 00:00:00-05:00,1.15625,1.40625,1.15625,1.3125,1429400,0.0,0.0
2000-03-24 00:00:00-05:00,1.375,1.4375,1.34375,1.4375,1213000,0.0,0.0
2000-03-27 00:00:00-05:00,1.4375,1.71875,1.40625,1.65625,1492200,0.0,0.0
2000-03-28 00:00:00-05:00,1.6875,2.0,1.65625,1.9375,1821800,0.0,0.0
2000-03-29 00:00:00-05:00,2.0,2.125,1.90625,1.9375,1203000,0.0,0.0
2000-03-30 00:00:00-05:00,1.90625,1.9375,1.5,1.75,1223800,0.0,0.0
2000-03-31 00:00:00-05:00,1.78125,1.8125,1.59375,1.65625,457000,0.0,0.0
2000-04-03 00:00:00-04:00,1.78125,1.96875,1.78125,1.90625,765000,0.0,0.0
2000-04-04 00:00:00-04:00,1.9375,1.96875,1.6875,1.875,1035600,0.0,0.0
2000-04-05 00:00:00-04:00,1.875,1.96875,1.78125,1.84375,436800,0.0,0.0
2000-04-06 00:00:00-04:00,1.9375,2.0625,1.65625,1.71875,2200000,0.0,0.0
2000-04-07 00:00:00-04:00,1.75,1.75,1.4375,1.53125,1066200,0.0,0.0
2000-04-10 00:00:00-04:00,1.59375,1.625,1.5,1.5625,500800,0.0,0.0
2000-04-11 00:00:00-04:00,1.53125,1.5625,1.40625,1.46875,484800,0.0,0.0
2000-04-12 00:00:00-04:00,1.46875,1.46875,1.21875,1.3125,1167400,0.0,0.0
2000-04-13 00:00:00-04:00,1.25,1.28125,1.1875,1.234375,333000,0.0,0.0
2000-04-14 00:00:00-04:00,1.21875,1.25,1.125,1.25,897200,0.0,0.0
2000-04-17 00:00:00-04:00,1.1875,1.21875,1.09375,1.09375,547600,0.0,0.0
2000-04-18 00:00:00-04:00,1.09375,1.15625,1.03125,1.15625,382400,0.0,0.0
2000-04-19 00:00:00-04:00,1.125,1.125,1.03125,1.09375,461200,0.0,0.0
2000-04-20 00:00:00-04:00,1.125,1.15625,1.09375,1.125,214800,0.0,0.0
2000-04-24 00:00:00-04:00,1.125,1.1875,1.09375,1.125,283200,0.0,0.0
2000-04-25 00:00:00-04:00,1.15625,1.1875,1.125,1.1875,368000,0.0,0.0
2000-04-26 00:00:00-04:00,1.1875,1.21875,1.15625,1.15625,163200,0.0,0.0
2000-04-27 00:00:00-04:00,1.15625,1.1875,1.125,1.15625,143400,0.0,0.0
2000-04-28 00:00:00-04:00,1.1875,1.3125,1.15625,1.28125,341800,0.0,0.0
2000-05-01 00:00:00-04:00,1.3125,1.34375,1.28125,1.28125,131600,0.0,0.0
2000-05-02 00:00:00-04:00,1.34375,1.4375,1.3125,1.375,360800,0.0,0.0
2000-05-03 00:00:00-04:00,1.40625,1.4375,1.34375,1.375,410800,0.0,0.0
2000-05-04 00:00:00-04:00,1.4375,1.5625,1.4375,1.5,960800,0.0,0.0
2000-05-05 00:00:00-04:00,1.5,1.53125,1.46875,1.5,392800,0.0,0.0
2000-05-08 00:00:00-04:00,1.46875,1.46875,1.34375,1.34375,375600,0.0,0.0
2000-05-09 00:00:00-04:00,1.375,1.40625,1.25,1.25,178200,0.0,0.0
2000-05-10 00:00:00-04:00,1.25,1.28125,1.21875,1.21875,205400,0.0,0.0
2000-05-11 00:00:00-04:00,1.25,1.25,1.21875,1.21875,100000,0.0,0.0
2000-05-12 00:00:00-04:00,1.25,1.40625,1.21875,1.28125,460200,0.0,0.0
2000-05-15 00:00:00-04:00,1.3125,1.34375,1.1875,1.1875,239000,0.0,0.0
2000-05-16 00:00:00-04:00,1.21875,1.3125,1.1875,1.1875,218800,0.0,0.0
2000-05-17 00:00:00-04:00,1.25,1.28125,1.21875,1.21875,188200,0.0,0.0
2000-05-18 00:00:00-04:00,1.28125,1.28125,1.21875,1.21875,216600,0.0,0.0
2000-05-19 00:00:00-04:00,1.25,1.25,1.1875,1.21875,190400,0.0,0.0
2000-05-22 00:00:00-04:00,1.25,1.28125,1.15625,1.1875,439000,0.0,0.0
2000-05-23 00:00:00-04:00,1.1875,1.21875,1.15625,1.21875,155000,0.0,0.0
2000-05-24 00:00:00-04:00,1.25,1.25,1.1875,1.21875,174400,0.0,0.0
2000-05-25 00:00:00-04:00,1.25,1.25,1.21875,1.21875,88200,0.0,0.0
2000-05-26 00:00:00-04:00,1.25,1.28125,1.21875,1.25,439200,0.0,0.0
2000-05-30 00:00:00-04:00,1.3125,1.375,1.28125,1.375,309200,0.0,0.0
2000-05-31 00:00:00-04:00,1.3125,1.375,1.3125,1.34375,192400,0.0,0.0
2000-06-01 00:00:00-04:00,1.34375,1.375,1.3125,1.34375,163200,0.0,0.0
2000-06-02 00:00:00-04:00,1.34375,1.40625,1.3125,1.34375,211000,0.0,0.0
2000-06-05 00:00:00-04:00,1.34375,1.46875,1.34375,1.4375,536800,0.0,0.0
2000-06-06 00:00:00-04:00,1.5,1.6875,1.46875,1.65625,1342600,0.0,0.0
2000-06-07 00:00:00-04:00,1.6875,1.8125,1.625,1.6875,1254800,0.0,0.0
2000-06-08 00:00:00-04:00,1.71875,1.71875,1.5625,1.625,392800,0.0,0.0
2000-06-09 00:00:00-04:00,1.5625,1.625,1.5625,1.59375,325000,0.0,0.0
2000-06-12 00:00:00-04:00,1.59375,1.59375,1.5625,1.5625,240200,0.0,0.0
2000-06-13 00:00:00-04:00,1.53125,1.6875,1.53125,1.625,253800,0.0,0.0
2000-06-14 00:00:00-04:00,1.65625,1.75,1.65625,1.6875,380000,0.0,0.0
2000-06-15 00:00:00-04:00,1.65625,1.75,1.65625,1.6875,312200,0.0,0.0
2000-06-16 00:00:00-04:00,1.65625,1.6875,1.65625,1.65625,390200,0.0,0.0
2000-06-19 00:00:00-04:00,1.625,1.65625,1.5625,1.625,300600,0.0,0.0
2000-06-20 00:00:00-04:00,1.59375,1.625,1.5625,1.5625,371400,0.0,0.0
2000-06-21 00:00:00-04:00,1.5,1.59375,1.5,1.59375,270000,0.0,0.0
2000-06-22 00:00:00-04:00,1.59375,1.59375,1.5625,1.5625,141800,0.0,0.0
2000-06-23 00:00:00-04:00,1.5625,1.59375,1.5625,1.59375,111800,0.0,0.0
2000-06-26 00:00:00-04:00,1.5625,1.59375,1.5625,1.59375,43600,0.0,0.0
2000-06-27 00:00:00-04:00,1.5625,1.59375,1.5625,1.5625,162400,0.0,0.0
2000-06-28 00:00:00-04:00,1.5625,1.5625,1.53125,1.53125,145600,0.0,0.0
2000-06-29 00:00:00-04:00,1.53125,1.59375,1.53125,1.5625,335600,0.0,0.0
2000-06-30 00:00:00-04:00,1.59375,1.6875,1.59375,1.6875,376200,0.0,0.0
2000-07-03 00:00:00-04:00,1.625,1.6875,1.59375,1.625,71600,0.0,0.0
2000-07-05 00:00:00-04:00,1.625,1.6875,1.625,1.65625,146200,0.0,0.0
2000-07-06 00:00:00-04:00,1.65625,1.71875,1.59375,1.6875,423200,0.0,0.0
2000-07-07 00:00:00-04:00,1.65625,1.6875,1.65625,1.65625,78600,0.0,0.0
2000-07-10 00:00:00-04:00,1.625,1.6875,1.625,1.6875,66000,0.0,0.0
2000-07-11 00:00:00-04:00,1.6875,1.71875,1.65625,1.65625,224600,0.0,0.0
2000-07-12 00:00:00-04:00,1.65625,1.6875,1.65625,1.6875,123200,0.0,0.0
2000-07-13 00:00:00-04:00,1.6875,1.6875,1.65625,1.65625,83600,0.0,0.0
2000-07-14 00:00:00-04:00,1.65625,1.6875,1.65625,1.65625,65000,0.0,0.0
2000-07-17 00:00:00-04:00,1.625,1.71875,1.625,1.6875,199600,0.0,0.0
2000-07-18 00:00:00-04:00,1.6875,1.71875,1.65625,1.6875,226600,0.0,0.0
2000-07-19 00:00:00-04:00,1.6875,1.71875,1.65625,1.65625,109800,0.0,0.0
2000-07-20 00:00:00-04:00,1.6875,1.6875,1.65625,1.65625,269400,0.0,0.0
2000-07-21 00:00:00-04:00,1.65625,1.6875,1.65625,1.65625,227200,0.0,0.0
2000-07-24 00:00:00-04:00,1.65625,1.6875,1.65625,1.65625,125800,0.0,0.0
2000-07-25 00:00:00-04:00,1.65625,1.6875,1.65625,1.65625,317800,0.0,0.0
2000-07-26 00:00:00-04:00,1.65625,1.6875,1.65625,1.65625,359400,0.0,0.0
2000-07-27 00:00:00-04:00,1.65625,1.6875,1.65625,1.65625,175800,0.0,0.0
2000-07-28 00:00:00-04:00,1.65625,1.65625,1.625,1.625,259200,0.0,0.0
2000-07-31 00:00:00-04:00,1.625,1.65625,1.625,1.65625,130000,0.0,0.0
2000-08-01 00:00:00-04:00,1.75,2.0,1.75,1.90625,1428000,0.0,0.0
2000-08-02 00:00:00-04:00,1.9375,2.0,1.90625,2.0,844400,0.0,0.0
2000-08-03 00:00:00-04:00,1.96875,2.0,1.90625,2.0,336800,0.0,0.0
2000-08-04 00:00:00-04:00,2.0,2.0,1.90625,1.9375,195400,0.0,0.0
2000-08-07 00:00:00-04:00,1.875,1.9375,1.84375,1.90625,140000,0.0,0.0
2000-08-08 00:00:00-04:00,1.90625,2.28125,1.875,2.21875,1106800,0.0,0.0
2000-08-09 00:00:00-04:00,2.1875,2.25,2.125,2.15625,416600,0.0,0.0
2000-08-10 00:00:00-04:00,2.125,2.15625,2.0625,2.09375,251400,0.0,0.0
2000-08-11 00:00:00-04:00,2.09375,2.1875,2.0625,2.125,107400,0.0,0.0
2000-08-14 00:00:00-04:00,2.125,2.28125,2.09375,2.28125,365200,0.0,0.0
2000-08-15 00:00:00-04:00,2.25,2.34375,2.21875,2.28125,191400,0.0,0.0
2000-08-16 00:00:00-04:00,2.28125,2.3125,2.1875,2.25,212200,0.0,0.0
2000-08-17 00:00:00-04:00,2.25,2.25,2.1875,2.25,99400,0.0,0.0
2000-08-18 00:00:00-04:00,2.25,2.25,2.15625,2.21875,164800,0.0,0.0
2000-08-21 00:00:00-04:00,2.21875,2.25,2.1875,2.1875,131000,0.0,0.0
2000-08-22 00:00:00-04:00,2.21875,2.25,2.1875,2.1875,120600,0.0,0.0
2000-08-23 00:00:00-04:00,2.1875,2.34375,2.1875,2.28125,199600,0.0,0.0
2000-08-24 00:00:00-04:00,2.25,2.3125,2.25,2.3125,68600,0.0,0.0
2000-08-25 00:00:00-04:00,2.25,2.34375,2.21875,2.34375,90800,0.0,0.0
2000-08-28 00:00:00-04:00,2.375,2.375,2.28125,2.28125,166600,0.0,0.0
2000-08-29 00:00:00-04:00,2.25,2.40625,2.21875,2.40625,210600,0.0,0.0
2000-08-30 00:00:00-04:00,2.375,2.4375,2.3125,2.375,159400,0.0,0.0
2000-08-31 00:00:00-04:00,2.375,2.4375,2.34375,2.34375,167200,0.0,0.0
2000-09-01 00:00:00-04:00,2.3125,2.40625,2.3125,2.3125,41600,0.0,0.0
2000-09-05 00:00:00-04:00,2.3125,2.375,2.3125,2.34375,139600,0.0,0.0
2000-09-06 00:00:00-04:00,2.34375,2.4375,2.34375,2.40625,112200,0.0,0.0
2000-09-07 00:00:00-04:00,2.46875,2.6875,2.375,2.65625,613000,0.0,0.0
2000-09-08 00:00:00-04:00,2.59375,2.59375,2.5,2.5,404800,0.0,0.0
2000-09-11 00:00:00-04:00,2.46875,2.5,2.3125,2.375,167000,0.0,0.0
2000-09-12 00:00:00-04:00,2.34375,2.375,2.1875,2.3125,158000,0.0,0.0
2000-09-13 00:00:00-04:00,2.375,2.46875,2.28125,2.34375,133000,0.0,0.0
2000-09-14 00:00:00-04:00,2.40625,2.4375,2.375,2.40625,42200,0.0,0.0
2000-09-15 00:00:00-04:00,2.40625,2.4375,2.3125,2.4375,94600,0.0,0.0
2000-09-18 00:00:00-04:00,2.46875,2.5,2.34375,2.40625,262600,0.0,0.0
2000-09-19 00:00:00-04:00,2.40625,2.46875,2.3125,2.4375,299400,0.0,0.0
2000-09-20 00:00:00-04:00,2.4375,2.5,2.375,2.375,170000,0.0,0.0
2000-09-21 00:00:00-04:00,2.375,2.40625,2.28125,2.28125,64600,0.0,0.0
2000-09-22 00:00:00-04:00,2.25,2.25,2.125,2.1875,249000,0.0,0.0
2000-09-25 00:00:00-04:00,2.21875,2.21875,2.0625,2.15625,170200,0.0,0.0
2000-09-26 00:00:00-04:00,2.125,2.125,1.9375,2.0,366800,0.0,0.0
2000-09-27 00:00:00-04:00,2.0,2.0,1.90625,1.9375,155000,0.0,0.0
2000-09-28 00:00:00-04:00,1.9375,2.125,1.9375,2.0625,115800,0.0,0.0
2000-09-29 00:00:00-04:00,2.25,2.3125,2.21875,2.28125,104200,0.0,0.0
2000-10-02 00:00:00-04:00,2.25,2.53125,2.21875,2.4375,420000,0.0,0.0
2000-10-03 00:00:00-04:00,2.375,2.375,2.3125,2.34375,108400,0.0,0.0
2000-10-04 00:00:00-04:00,2.3125,2.46875,2.28125,2.34375,416000,0.0,0.0
2000-10-05 00:00:00-04:00,2.375,2.40625,2.34375,2.34375,84400,0.0,0.0
2000-10-06 00:00:00-04:00,2.34375,2.40625,2.3125,2.3125,57600,0.0,0.0
2000-10-09 00:00:00-04:00,2.25,2.28125,2.1875,2.1875,87400,0.0,0.0
2000-10-10 00:00:00-04:00,2.21875,2.21875,2.125,2.15625,83000,0.0,0.0
2000-10-11 00:00:00-04:00,2.0625,2.09375,2.0,2.09375,156600,0.0,0.0
2000-10-12 00:00:00-04:00,2.0625,2.0625,2.0,2.03125,50000,0.0,0.0
2000-10-13 00:00:00-04:00,2.03125,2.3125,2.03125,2.28125,196000,0.0,0.0
2000-10-16 00:00:00-04:00,2.3125,2.3125,2.125,2.15625,74400,0.0,0.0
2000-10-17 00:00:00-04:00,2.1875,2.25,2.09375,2.125,51600,0.0,0.0
2000-10-18 00:00:00-04:00,2.0625,2.15625,2.03125,2.15625,152000,0.0,0.0
2000-10-19 00:00:00-04:00,2.125,2.1875,2.09375,2.15625,86000,0.0,0.0
2000-10-20 00:00:00-04:00,2.125,2.15625,2.09375,2.125,134800,0.0,0.0
2000-10-23 00:00:00-04:00,2.09375,2.125,2.0625,2.09375,161000,0.0,0.0
2000-10-24 00:00:00-04:00,2.09375,2.09375,1.875,2.0,113400,0.0,0.0
2000-10-25 00:00:00-04:00,1.9375,2.0,1.8125,1.96875,179600,0.0,0.0
2000-10-26 00:00:00-04:00,1.9375,2.0,1.8125,1.84375,162400,0.0,0.0
2000-10-27 00:00:00-04:00,1.84375,1.875,1.8125,1.84375,111200,0.0,0.0
2000-10-30 00:00:00-05:00,1.78125,1.875,1.6875,1.75,306800,0.0,0.0
2000-10-31 00:00:00-05:00,1.71875,1.84375,1.71875,1.84375,389400,0.0,0.0
2000-11-01 00:00:00-05:00,1.8125,2.0,1.8125,2.0,136400,0.0,0.0
2000-11-02 00:00:00-05:00,2.0,2.0625,1.9375,2.0,157600,0.0,0.0
2000-11-03 00:00:00-05:00,2.0,2.0625,1.9375,2.03125,186200,0.0,0.0
2000-11-06 00:00:00-05:00,2.0,2.09375,2.0,2.03125,112400,0.0,0.0
2000-11-07 00:00:00-05:00,2.03125,2.25,2.03125,2.25,291000,0.0,0.0
2000-11-08 00:00:00-05:00,2.1875,2.21875,2.125,2.125,125600,0.0,0.0
2000-11-09 00:00:00-05:00,2.15625,2.1875,2.125,2.125,54200,0.0,0.0
2000-11-10 00:00:00-05:00,2.125,2.125,2.0,2.0,85400,0.0,0.0
2000-11-13 00:00:00-05:00,2.1875,2.28125,2.09375,2.25,422200,0.0,0.0
2000-11-14 00:00:00-05:00,2.21875,2.28125,2.1875,2.28125,225400,0.0,0.0
2000-11-15 00:00:00-05:00,2.28125,2.3125,2.1875,2.1875,67000,0.0,0.0
2000-11-16 00:00:00-05:00,2.1875,2.1875,2.125,2.15625,37200,0.0,0.0
2000-11-17 00:00:00-05:00,2.125,2.1875,2.125,2.15625,81400,0.0,0.0
2000-11-20 00:00:00-05:00,2.1875,2.1875,2.0,2.09375,222600,0.0,0.0
2000-11-21 00:00:00-05:00,2.125,2.125,2.0,2.125,81400,0.0,0.0
2000-11-22 00:00:00-05:00,2.03125,2.0625,2.0,2.03125,186800,0.0,0.0
2000-11-24 00:00:00-05:00,2.03125,2.09375,2.03125,2.0625,73800,0.0,0.0
2000-11-27 00:00:00-05:00,2.0625,2.0625,2.03125,2.0625,67400,0.0,0.0
2000-11-28 00:00:00-05:00,2.0,2.0625,2.0,2.03125,41800,0.0,0.0
2000-11-29 00:00:00-05:00,2.03125,2.0625,2.0,2.0625,80400,0.0,0.0
2000-11-30 00:00:00-05:00,2.03125,2.03125,2.0,2.0,75200,0.0,0.0
2000-12-01 00:00:00-05:00,2.0,2.0625,1.9375,1.96875,64600,0.0,0.0
2000-12-04 00:00:00-05:00,1.96875,2.0,1.9375,1.9375,79800,0.0,0.0
2000-12-05 00:00:00-05:00,1.9375,1.96875,1.9375,1.9375,26400,0.0,0.0
2000-12-06 00:00:00-05:00,1.9375,2.0,1.875,2.0,150000,0.0,0.0
2000-12-07 00:00:00-05:00,1.96875,1.96875,1.90625,1.9375,31600,0.0,0.0
2000-12-08 00:00:00-05:00,1.875,2.03125,1.875,2.0,139600,0.0,0.0
2000-12-11 00:00:00-05:00,2.0,2.03125,1.96875,2.03125,55400,0.0,0.0
2000-12-12 00:00:00-05:00,1.96875,2.0,1.96875,2.0,50800,0.0,0.0
2000-12-13 00:00:00-05:00,1.96875,1.96875,1.875,1.96875,67600,0.0,0.0
2000-12-14 00:00:00-05:00,1.9375,1.96875,1.90625,1.9375,44600,0.0,0.0
2000-12-15 00:00:00-05:00,1.90625,1.9375,1.875,1.90625,151200,0.0,0.0
2000-12-18 00:00:00-05:00,1.9375,1.9375,1.90625,1.90625,146400,0.0,0.0
2000-12-19 00:00:00-05:00,1.90625,2.125,1.90625,2.09375,329400,0.0,0.0
2000-12-20 00:00:00-05:00,2.0,2.0,1.875,1.96875,221400,0.0,0.0
2000-12-21 00:00:00-05:00,1.96875,2.0,1.9375,1.96875,62800,0.0,0.0
2000-12-22 00:00:00-05:00,1.9375,1.96875,1.875,1.90625,97000,0.0,0.0
2000-12-26 00:00:00-05:00,1.84375,1.9375,1.84375,1.90625,98600,0.0,0.0
2000-12-27 00:00:00-05:00,1.84375,2.0,1.84375,2.0,124800,0.0,0.0
2000-12-28 00:00:00-05:00,1.9375,2.0,1.9375,2.0,98800,0.0,0.0
2000-12-29 00:00:00-05:00,1.96875,2.0,1.9375,1.96875,148600,0.0,0.0
2001-01-02 00:00:00-05:00,1.96875,2.0,1.9375,2.0,111200,0.0,0.0
2001-01-03 00:00:00-05:00,1.96875,2.15625,1.9375,2.15625,255000,0.0,0.0
2001-01-04 00:00:00-05:00,2.09375,2.3125,2.09375,2.28125,463800,0.0,0.0
2001-01-05 00:00:00-05:00,2.25,2.25,2.125,2.21875,220800,0.0,0.0
2001-01-08 00:00:00-05:00,2.28125,2.28125,2.03125,2.0625,138000,0.0,0.0
2001-01-09 00:00:00-05:00,2.0625,2.21875,2.0625,2.1875,121400,0.0,0.0
2001-01-10 00:00:00-05:00,2.21875,2.25,2.0625,2.21875,231600,0.0,0.0
2001-01-11 00:00:00-05:00,2.28125,2.3125,2.25,2.3125,279400,0.0,0.0
2001-01-12 00:00:00-05:00,2.375,2.375,2.28125,2.34375,540800,0.0,0.0
2001-01-16 00:00:00-05:00,2.34375,2.5625,2.34375,2.5,508200,0.0,0.0
2001-01-17 00:00:00-05:00,2.46875,2.6875,2.46875,2.65625,320600,0.0,0.0
2001-01-18 00:00:00-05:00,2.65625,2.65625,2.53125,2.59375,176200,0.0,0.0
2001-01-19 00:00:00-05:00,2.59375,2.625,2.53125,2.5625,199000,0.0,0.0
2001-01-22 00:00:00-05:00,2.625,2.65625,2.4375,2.5,322400,0.0,0.0
2001-01-23 00:00:00-05:00,2.5,2.625,2.46875,2.625,127600,0.0,0.0
2001-01-24 00:00:00-05:00,2.59375,2.59375,2.5,2.53125,100000,0.0,0.0
2001-01-25 00:00:00-05:00,2.5625,2.59375,2.375,2.40625,130400,0.0,0.0
2001-01-26 00:00:00-05:00,2.375,2.375,2.09375,2.34375,225200,0.0,0.0
2001-01-29 00:00:00-05:00,2.3499999046325684,2.3499999046325684,2.1700000762939453,2.2249999046325684,84600,0.0,0.0
2001-01-30 00:00:00-05:00,2.244999885559082,2.5,2.200000047683716,2.5,262800,0.0,0.0
2001-01-31 00:00:00-05:00,2.5,2.5,2.424999952316284,2.424999952316284,69200,0.0,0.0
2001-02-01 00:00:00-05:00,2.375,2.424999952316284,2.325000047683716,2.365000009536743,36800,0.0,0.0
2001-02-02 00:00:00-05:00,2.3299999237060547,2.450000047683716,2.325000047683716,2.4000000953674316,53800,0.0,0.0
2001-02-05 00:00:00-05:00,2.4000000953674316,2.549999952316284,2.375,2.5199999809265137,94800,0.0,0.0
2001-02-06 00:00:00-05:00,2.424999952316284,2.549999952316284,2.4049999713897705,2.5199999809265137,85000,0.0,0.0
2001-02-07 00:00:00-05:00,2.549999952316284,2.619999885559082,2.5199999809265137,2.5850000381469727,134000,0.0,0.0
2001-02-08 00:00:00-05:00,2.565000057220459,2.625,2.565000057220459,2.5999999046325684,147800,0.0,0.0
2001-02-09 00:00:00-05:00,2.549999952316284,2.609999895095825,2.505000114440918,2.5250000953674316,209600,0.0,0.0
2001-02-12 00:00:00-05:00,2.505000114440918,2.5999999046325684,2.505000114440918,2.549999952316284,69400,0.0,0.0
2001-02-13 00:00:00-05:00,2.549999952316284,2.75,2.5250000953674316,2.75,285200,0.0,0.0
2001-02-14 00:00:00-05:00,2.744999885559082,2.744999885559082,2.609999895095825,2.625,203600,0.0,0.0
2001-02-15 00:00:00-05:00,2.6500000953674316,2.700000047683716,2.625,2.625,104200,0.0,0.0
2001-02-16 00:00:00-05:00,2.625,2.6700000762939453,2.450000047683716,2.549999952316284,176800,0.0,0.0
2001-02-20 00:00:00-05:00,2.559999942779541,2.575000047683716,2.4600000381469727,2.4749999046325684,100000,0.0,0.0
2001-02-21 00:00:00-05:00,2.549999952316284,2.700000047683716,2.5250000953674316,2.625,131200,0.0,0.0
2001-02-22 00:00:00-05:00,2.625,2.625,2.5999999046325684,2.625,234400,0.0,0.0
2001-02-23 00:00:00-05:00,2.625,2.625,2.549999952316284,2.5999999046325684,61200,0.0,0.0
2001-02-26 00:00:00-05:00,2.565000057220459,2.674999952316284,2.5250000953674316,2.625,93400,0.0,0.0
2001-02-27 00:00:00-05:00,2.634999990463257,2.694999933242798,2.549999952316284,2.569999933242798,65000,0.0,0.0
2001-02-28 00:00:00-05:00,2.619999885559082,2.619999885559082,2.5,2.575000047683716,54000,0.0,0.0
2001-03-01 00:00:00-05:00,2.450000047683716,2.5350000858306885,2.3499999046325684,2.5250000953674316,189000,0.0,0.0
2001-03-02 00:00:00-05:00,2.5,2.619999885559082,2.4000000953674316,2.5999999046325684,114000,0.0,0.0
2001-03-05 00:00:00-05:00,2.565000057220459,2.5999999046325684,2.549999952316284,2.549999952316284,130600,0.0,0.0
2001-03-06 00:00:00-05:00,2.609999895095825,2.825000047683716,2.5999999046325684,2.7750000953674316,428800,0.0,0.0
2001-03-07 00:00:00-05:00,2.825000047683716,3.0,2.7750000953674316,3.0,411000,0.0,0.0
2001-03-08 00:00:00-05:00,3.0,3.0,2.7750000953674316,2.8399999141693115,134600,0.0,0.0
2001-03-09 00:00:00-05:00,2.825000047683716,2.990000009536743,2.815000057220459,2.934999942779541,106400,0.0,0.0
2001-03-12 00:00:00-05:00,2.884999990463257,2.884999990463257,2.700000047683716,2.700000047683716,352200,0.0,0.0
2001-03-13 00:00:00-05:00,2.700000047683716,2.8499999046325684,2.700000047683716,2.765000104904175,144800,0.0,0.0
2001-03-14 00:00:00-05:00,2.7149999141693115,2.75,2.694999933242798,2.700000047683716,170400,0.0,0.0
2001-03-15 00:00:00-05:00,2.75,2.7750000953674316,2.700000047683716,2.7049999237060547,146600,0.0,0.0
2001-03-16 00:00:00-05:00,2.7249999046325684,2.7249999046325684,2.5999999046325684,2.5999999046325684,223800,0.0,0.0
2001-03-19 00:00:00-05:00,2.549999952316284,2.7200000286102295,2.549999952316284,2.674999952316284,272600,0.0,0.0
2001-03-20 00:00:00-05:00,2.674999952316284,2.875,2.5999999046325684,2.869999885559082,302800,0.0,0.0
2001-03-21 00:00:00-05:00,2.819999933242798,2.8350000381469727,2.7750000953674316,2.7899999618530273,139000,0.0,0.0
2001-03-22 00:00:00-05:00,2.75,2.8499999046325684,2.625,2.8499999046325684,298200,0.0,0.0
2001-03-23 00:00:00-05:00,2.799999952316284,3.049999952316284,2.799999952316284,3.005000114440918,784600,0.0,0.0
2001-03-26 00:00:00-05:00,3.0999999046325684,3.375,3.0999999046325684,3.3499999046325684,683400,0.0,0.0
2001-03-27 00:00:00-05:00,3.4749999046325684,3.825000047683716,3.3499999046325684,3.755000114440918,814200,0.0,0.0
2001-03-28 00:00:00-05:00,3.75,4.019999980926514,3.549999952316284,4.0,1248000,0.0,0.0
2001-03-29 00:00:00-05:00,4.0,4.264999866485596,3.799999952316284,3.924999952316284,1058000,0.0,0.0
2001-03-30 00:00:00-05:00,3.930000066757202,3.930000066757202,3.505000114440918,3.7699999809265137,582800,0.0,0.0
2001-04-02 00:00:00-04:00,3.7200000286102295,3.8550000190734863,3.625,3.819999933242798,331600,0.0,0.0
2001-04-03 00:00:00-04:00,3.7750000953674316,4.010000228881836,3.7699999809265137,3.875,279800,0.0,0.0
2001-04-04 00:00:00-04:00,3.825000047683716,3.940000057220459,3.700000047683716,3.8499999046325684,343000,0.0,0.0
2001-04-05 00:00:00-04:00,3.9000000953674316,3.994999885559082,3.8499999046325684,3.8499999046325684,133000,0.0,0.0
2001-04-06 00:00:00-04:00,3.9049999713897705,3.930000066757202,3.7750000953674316,3.8499999046325684,192600,0.0,0.0
2001-04-09 00:00:00-04:00,3.8499999046325684,3.8499999046325684,3.6649999618530273,3.7699999809265137,177000,0.0,0.0
2001-04-10 00:00:00-04:00,3.759999990463257,3.875,3.759999990463257,3.799999952316284,179600,0.0,0.0
2001-04-11 00:00:00-04:00,3.7750000953674316,3.875,3.7750000953674316,3.799999952316284,86800,0.0,0.0
2001-04-12 00:00:00-04:00,3.799999952316284,4.110000133514404,3.755000114440918,3.994999885559082,299000,0.0,0.0
2001-04-16 00:00:00-04:00,4.099999904632568,4.110000133514404,3.950000047683716,3.994999885559082,184600,0.0,0.0
2001-04-17 00:00:00-04:00,3.950000047683716,4.244999885559082,3.9200000762939453,4.175000190734863,161200,0.0,0.0
2001-04-18 00:00:00-04:00,4.184999942779541,4.239999771118164,4.0,4.019999980926514,230200,0.0,0.0
2001-04-19 00:00:00-04:00,4.070000171661377,4.125,3.9749999046325684,4.054999828338623,220600,0.0,0.0
2001-04-20 00:00:00-04:00,4.010000228881836,4.224999904632568,4.0,4.195000171661377,306800,0.0,0.0
2001-04-23 00:00:00-04:00,4.144999980926514,4.735000133514404,4.144999980926514,4.679999828338623,776200,0.0,0.0
2001-04-24 00:00:00-04:00,4.875,5.199999809265137,4.815000057220459,5.119999885559082,1257400,0.0,0.0
2001-04-25 00:00:00-04:00,5.070000171661377,5.125,4.75,4.949999809265137,507200,0.0,0.0
2001-04-26 00:00:00-04:00,4.909999847412109,5.0,4.900000095367432,4.914999961853027,184200,0.0,0.0
2001-04-27 00:00:00-04:00,4.965000152587891,5.420000076293945,4.965000152587891,5.204999923706055,480800,0.0,0.0
2001-04-30 00:00:00-04:00,5.0,5.25,4.974999904632568,5.050000190734863,303600,0.0,0.0
2001-05-01 00:00:00-04:00,5.0,5.025000095367432,4.914999961853027,5.025000095367432,275600,0.0,0.0
2001-05-02 00:00:00-04:00,5.0,5.215000152587891,4.954999923706055,5.150000095367432,217800,0.0,0.0
2001-05-03 00:00:00-04:00,5.150000095367432,5.550000190734863,5.050000190734863,5.349999904632568,383800,0.0,0.0
2001-05-04 00:00:00-04:00,5.300000190734863,5.710000038146973,5.03000020980835,5.275000095367432,228200,0.0,0.0
2001-05-07 00:00:00-04:00,5.324999809265137,5.619999885559082,5.275000095367432,5.489999771118164,452800,0.0,0.0
2001-05-08 00:00:00-04:00,5.75,6.25,5.75,6.239999771118164,739200,0.0,0.0
2001-05-09 00:00:00-04:00,6.190000057220459,6.295000076293945,6.005000114440918,6.284999847412109,470400,0.0,0.0
2001-05-10 00:00:00-04:00,6.324999809265137,6.934999942779541,5.375,5.824999809265137,807800,0.0,0.0
2001-05-11 00:00:00-04:00,5.974999904632568,6.599999904632568,5.934999942779541,6.53000020980835,611200,0.0,0.0
2001-05-14 00:00:00-04:00,7.050000190734863,7.269999980926514,7.050000190734863,7.199999809265137,838200,0.0,0.0
2001-05-15 00:00:00-04:00,7.5,7.744999885559082,7.269999980926514,7.5,926800,0.0,0.0
2001-05-16 00:00:00-04:00,7.449999809265137,7.449999809265137,7.025000095367432,7.059999942779541,549600,0.0,0.0
2001-05-17 00:00:00-04:00,6.925000190734863,7.125,6.204999923706055,6.775000095367432,1268000,0.0,0.0
2001-05-18 00:00:00-04:00,6.5,6.994999885559082,6.449999809265137,6.880000114440918,421200,0.0,0.0
2001-05-21 00:00:00-04:00,6.885000228881836,6.900000095367432,6.724999904632568,6.824999809265137,328600,0.0,0.0
2001-05-22 00:00:00-04:00,6.800000190734863,6.864999771118164,6.75,6.78000020980835,229200,0.0,0.0
2001-05-23 00:00:00-04:00,6.764999866485596,6.994999885559082,6.65500020980835,6.994999885559082,303200,0.0,0.0
2001-05-24 00:00:00-04:00,7.045000076293945,7.494999885559082,7.045000076293945,7.494999885559082,335200,0.0,0.0
2001-05-25 00:00:00-04:00,7.5,7.5,7.275000095367432,7.5,307000,0.0,0.0
2001-05-29 00:00:00-04:00,7.5,7.550000190734863,7.349999904632568,7.454999923706055,236200,0.0,0.0
2001-05-30 00:00:00-04:00,7.454999923706055,7.494999885559082,6.889999866485596,7.045000076293945,328400,0.0,0.0
2001-05-31 00:00:00-04:00,6.994999885559082,7.474999904632568,6.994999885559082,7.429999828338623,292000,0.0,0.0
2001-06-01 00:00:00-04:00,7.429999828338623,7.724999904632568,7.25,7.724999904632568,316600,0.0,0.0
2001-06-04 00:00:00-04:00,7.900000095367432,8.425000190734863,7.75,8.300000190734863,650000,0.0,0.0
2001-06-05 00:00:00-04:00,8.475000381469727,8.75,8.199999809265137,8.225000381469727,693400,0.0,0.0
2001-06-06 00:00:00-04:00,8.225000381469727,8.225000381469727,7.150000095367432,7.539999961853027,1287000,0.0,0.0
2001-06-07 00:00:00-04:00,7.5,7.605000019073486,6.71999979019165,7.400000095367432,851200,0.0,0.0
2001-06-08 00:00:00-04:00,7.425000190734863,7.474999904632568,7.400000095367432,7.474999904632568,241800,0.0,0.0
2001-06-11 00:00:00-04:00,7.474999904632568,7.574999809265137,7.0,7.375,418400,0.0,0.0
2001-06-12 00:00:00-04:00,7.199999809265137,7.5,7.010000228881836,7.5,914600,0.0,0.0
2001-06-13 00:00:00-04:00,7.625,7.724999904632568,7.255000114440918,7.300000190734863,323400,0.0,0.0
2001-06-14 00:00:00-04:00,7.199999809265137,7.5,6.949999809265137,7.005000114440918,518200,0.0,0.0
2001-06-15 00:00:00-04:00,6.25,6.574999809265137,5.75,6.525000095367432,1416000,0.0,0.0
2001-06-18 00:00:00-04:00,6.375,6.449999809265137,6.25,6.449999809265137,389200,0.0,0.0
2001-06-19 00:00:00-04:00,6.349999904632568,6.650000095367432,6.28000020980835,6.625,324400,0.0,0.0
2001-06-20 00:00:00-04:00,6.675000190734863,6.949999809265137,6.5,6.949999809265137,400000,0.0,0.0
2001-06-21 00:00:00-04:00,6.900000095367432,7.324999809265137,6.824999809265137,7.239999771118164,330600,0.0,0.0
2001-06-22 00:00:00-04:00,7.199999809265137,7.389999866485596,7.099999904632568,7.300000190734863,453400,0.0,0.0
2001-06-25 00:00:00-04:00,7.300000190734863,7.599999904632568,7.260000228881836,7.449999809265137,511200,0.0,0.0
2001-06-26 00:00:00-04:00,7.349999904632568,7.599999904632568,7.275000095367432,7.505000114440918,921600,0.0,0.0
2001-06-27 00:00:00-04:00,7.449999809265137,7.485000133514404,7.364999771118164,7.485000133514404,265600,0.0,0.0
2001-06-28 00:00:00-04:00,7.485000133514404,7.849999904632568,7.474999904632568,7.684999942779541,515800,0.0,0.0
2001-06-29 00:00:00-04:00,7.809999942779541,8.015000343322754,7.635000228881836,7.980000019073486,2379800,0.0,0.0
2001-07-02 00:00:00-04:00,7.949999809265137,8.25,7.849999904632568,8.050000190734863,465400,0.0,0.0
2001-07-03 00:00:00-04:00,8.074999809265137,8.375,8.024999618530273,8.25,84600,0.0,0.0
2001-07-05 00:00:00-04:00,8.175000190734863,8.3149995803833,7.949999809265137,8.274999618530273,216800,0.0,0.0
2001-07-06 00:00:00-04:00,8.25,8.300000190734863,7.849999904632568,7.849999904632568,185600,0.0,0.0
2001-07-09 00:00:00-04:00,7.875,8.149999618530273,7.824999809265137,8.149999618530273,288800,0.0,0.0
2001-07-10 00:00:00-04:00,8.109999656677246,8.109999656677246,7.800000190734863,7.849999904632568,184600,0.0,0.0
2001-07-11 00:00:00-04:00,7.824999809265137,7.824999809265137,7.349999904632568,7.699999809265137,482600,0.0,0.0
2001-07-12 00:00:00-04:00,7.650000095367432,7.789999961853027,7.644999980926514,7.755000114440918,245600,0.0,0.0
2001-07-13 00:00:00-04:00,7.769999980926514,7.945000171661377,7.659999847412109,7.849999904632568,902200,0.0,0.0
2001-07-16 00:00:00-04:00,7.800000190734863,7.949999809265137,7.679999828338623,7.940000057220459,293800,0.0,0.0
2001-07-17 00:00:00-04:00,7.940000057220459,8.890000343322754,7.934999942779541,8.505000114440918,1081400,0.0,0.0
2001-07-18 00:00:00-04:00,8.739999771118164,10.25,8.729999542236328,9.765000343322754,2342000,0.0,0.0
2001-07-19 00:00:00-04:00,9.649999618530273,9.694999694824219,9.300000190734863,9.444999694824219,936600,0.0,0.0
2001-07-20 00:00:00-04:00,9.149999618530273,9.404999732971191,9.149999618530273,9.260000228881836,238000,0.0,0.0
2001-07-23 00:00:00-04:00,9.25,9.399999618530273,8.925000190734863,9.0600004196167,818600,0.0,0.0
2001-07-24 00:00:00-04:00,9.100000381469727,9.100000381469727,8.425000190734863,8.625,1012000,0.0,0.0
2001-07-25 00:00:00-04:00,8.524999618530273,8.649999618530273,8.154999732971191,8.25,862600,0.0,0.0
2001-07-26 00:00:00-04:00,8.024999618530273,8.25,7.699999809265137,7.75,8053200,0.0,0.0
2001-07-27 00:00:00-04:00,7.775000095367432,7.949999809265137,7.760000228881836,7.800000190734863,738800,0.0,0.0
2001-07-30 00:00:00-04:00,7.875,7.920000076293945,7.170000076293945,7.710000038146973,2280000,0.0,0.0
2001-07-31 00:00:00-04:00,7.715000152587891,7.900000095367432,7.5,7.880000114440918,1181600,0.0,0.0
2001-08-01 00:00:00-04:00,8.024999618530273,8.170000076293945,7.875,8.029999732971191,2392600,0.0,0.0
2001-08-02 00:00:00-04:00,8.100000381469727,8.600000381469727,8.010000228881836,8.550000190734863,2376400,0.0,0.0
2001-08-03 00:00:00-04:00,8.555000305175781,9.045000076293945,8.524999618530273,8.880000114440918,1800200,0.0,0.0
2001-08-06 00:00:00-04:00,8.774999618530273,8.949999809265137,8.574999809265137,8.875,582200,0.0,0.0
2001-08-07 00:00:00-04:00,8.850000381469727,8.899999618530273,8.649999618530273,8.649999618530273,641800,0.0,0.0
2001-08-08 00:00:00-04:00,8.725000381469727,8.795000076293945,8.305000305175781,8.324999809265137,611200,0.0,0.0
2001-08-09 00:00:00-04:00,8.300000190734863,8.300000190734863,7.300000190734863,7.664999961853027,1921800,0.0,0.0
2001-08-10 00:00:00-04:00,7.664999961853027,8.050000190734863,7.550000190734863,7.949999809265137,665600,0.0,0.0
2001-08-13 00:00:00-04:00,7.974999904632568,8.199999809265137,7.75,8.010000228881836,561800,0.0,0.0
2001-08-14 00:00:00-04:00,8.010000228881836,8.350000381469727,8.010000228881836,8.265000343322754,865200,0.0,0.0
2001-08-15 00:00:00-04:00,8.475000381469727,8.550000190734863,8.199999809265137,8.545000076293945,791000,0.0,0.0
2001-08-16 00:00:00-04:00,8.425000190734863,8.494999885559082,8.100000381469727,8.475000381469727,584800,0.0,0.0
2001-08-17 00:00:00-04:00,8.350000381469727,8.350000381469727,7.659999847412109,7.690000057220459,580000,0.0,0.0
2001-08-20 00:00:00-04:00,7.574999809265137,8.175000190734863,7.5,8.130000114440918,631400,0.0,0.0
2001-08-21 00:00:00-04:00,8.149999618530273,8.25,7.949999809265137,8.125,1071000,0.0,0.0
2001-08-22 00:00:00-04:00,8.149999618530273,8.260000228881836,8.140000343322754,8.255000114440918,1099200,0.0,0.0
2001-08-23 00:00:00-04:00,8.199999809265137,8.600000381469727,7.875,7.989999771118164,455600,0.0,0.0
2001-08-24 00:00:00-04:00,7.925000190734863,7.994999885559082,7.385000228881836,7.635000228881836,2212800,0.0,0.0
2001-08-27 00:00:00-04:00,7.635000228881836,7.635000228881836,7.449999809265137,7.474999904632568,349400,0.0,0.0
2001-08-28 00:00:00-04:00,7.465000152587891,7.5,6.650000095367432,6.800000190734863,2165000,0.0,0.0
2001-08-29 00:00:00-04:00,7.050000190734863,7.119999885559082,6.795000076293945,6.875,843400,0.0,0.0
2001-08-30 00:00:00-04:00,7.025000095367432,7.244999885559082,6.75,7.204999923706055,710000,0.0,0.0
2001-08-31 00:00:00-04:00,7.224999904632568,7.550000190734863,7.079999923706055,7.099999904632568,420600,0.0,0.0
2001-09-04 00:00:00-04:00,7.400000095367432,7.614999771118164,6.949999809265137,7.150000095367432,600800,0.0,0.0
2001-09-05 00:00:00-04:00,7.025000095367432,7.364999771118164,6.849999904632568,6.889999866485596,517600,0.0,0.0
2001-09-06 00:00:00-04:00,6.900000095367432,7.125,6.900000095367432,6.974999904632568,813000,0.0,0.0
2001-09-07 00:00:00-04:00,7.0,7.074999809265137,6.75,6.75,423400,0.0,0.0
2001-09-10 00:00:00-04:00,6.625,6.625,6.199999809265137,6.25,1241200,0.0,0.0
2001-09-17 00:00:00-04:00,5.0,5.650000095367432,4.849999904632568,5.125,3011600,0.0,0.0
2001-09-18 00:00:00-04:00,5.0,5.074999809265137,4.824999809265137,4.974999904632568,2341000,0.0,0.0
2001-09-19 00:00:00-04:00,4.949999809265137,5.400000095367432,4.949999809265137,5.190000057220459,2413200,0.0,0.0
2001-09-20 00:00:00-04:00,5.190000057220459,5.400000095367432,5.190000057220459,5.275000095367432,1991400,0.0,0.0
2001-09-21 00:00:00-04:00,5.050000190734863,5.074999809265137,4.599999904632568,4.800000190734863,1704400,0.0,0.0
2001-09-24 00:00:00-04:00,4.849999904632568,5.550000190734863,4.849999904632568,5.505000114440918,759200,0.0,0.0
2001-09-25 00:00:00-04:00,5.550000190734863,5.650000095367432,5.125,5.179999828338623,1199000,0.0,0.0
2001-09-26 00:00:00-04:00,5.144999980926514,5.150000095367432,4.875,5.0,723600,0.0,0.0
2001-09-27 00:00:00-04:00,5.050000190734863,5.074999809265137,4.650000095367432,4.764999866485596,2000200,0.0,0.0
2001-09-28 00:00:00-04:00,5.449999809265137,5.699999809265137,5.324999809265137,5.625,1418600,0.0,0.0
2001-10-01 00:00:00-04:00,5.639999866485596,6.099999904632568,5.355000019073486,5.949999809265137,827000,0.0,0.0
2001-10-02 00:00:00-04:00,6.0,6.460000038146973,6.0,6.199999809265137,761000,0.0,0.0
2001-10-03 00:00:00-04:00,6.150000095367432,7.449999809265137,6.099999904632568,7.130000114440918,1041800,0.0,0.0
2001-10-04 00:00:00-04:00,7.130000114440918,7.400000095367432,7.130000114440918,7.244999885559082,1144000,0.0,0.0
2001-10-05 00:00:00-04:00,7.224999904632568,7.574999809265137,7.199999809265137,7.574999809265137,1175400,0.0,0.0
2001-10-08 00:00:00-04:00,7.449999809265137,7.650000095367432,7.400000095367432,7.460000038146973,681000,0.0,0.0
2001-10-09 00:00:00-04:00,7.409999847412109,7.474999904632568,7.199999809265137,7.425000190734863,156400,0.0,0.0
2001-10-10 00:00:00-04:00,7.425000190734863,7.75,7.199999809265137,7.744999885559082,485400,0.0,0.0
2001-10-11 00:00:00-04:00,7.744999885559082,8.074999809265137,7.704999923706055,7.84499979019165,698200,0.0,0.0
2001-10-12 00:00:00-04:00,7.949999809265137,8.149999618530273,7.53000020980835,7.994999885559082,1082800,0.0,0.0
2001-10-15 00:00:00-04:00,8.024999618530273,8.175000190734863,7.974999904632568,8.100000381469727,349000,0.0,0.0
2001-10-16 00:00:00-04:00,8.024999618530273,8.149999618530273,7.989999771118164,8.03499984741211,446600,0.0,0.0
2001-10-17 00:00:00-04:00,8.15999984741211,8.180000305175781,7.735000133514404,8.005000114440918,710200,0.0,0.0
2001-10-18 00:00:00-04:00,8.25,8.649999618530273,8.114999771118164,8.640000343322754,1264600,0.0,0.0
2001-10-19 00:00:00-04:00,8.635000228881836,9.149999618530273,8.635000228881836,9.029999732971191,1414400,0.0,0.0
2001-10-22 00:00:00-04:00,8.949999809265137,9.100000381469727,8.90999984741211,9.029999732971191,728200,0.0,0.0
2001-10-23 00:00:00-04:00,9.029999732971191,9.154999732971191,9.029999732971191,9.050000190734863,766600,0.0,0.0
2001-10-24 00:00:00-04:00,9.050000190734863,9.0600004196167,8.704999923706055,8.800000190734863,521600,0.0,0.0
2001-10-25 00:00:00-04:00,8.675000190734863,8.720000267028809,8.050000190734863,8.680000305175781,1233000,0.0,0.0
2001-10-26 00:00:00-04:00,8.75,9.199999809265137,8.75,9.039999961853027,766600,0.0,0.0
2001-10-29 00:00:00-05:00,9.039999961853027,9.039999961853027,8.425000190734863,8.449999809265137,1367200,0.0,0.0
2001-10-30 00:00:00-05:00,8.5,8.890000343322754,8.0600004196167,8.739999771118164,768600,0.0,0.0
2001-10-31 00:00:00-05:00,8.864999771118164,9.324999809265137,8.859999656677246,9.149999618530273,710400,0.0,0.0
2001-11-01 00:00:00-05:00,9.024999618530273,9.625,8.725000381469727,9.625,740400,0.0,0.0
2001-11-02 00:00:00-05:00,9.5,9.5,8.949999809265137,9.300000190734863,665200,0.0,0.0
2001-11-05 00:00:00-05:00,9.550000190734863,9.600000381469727,9.274999618530273,9.430000305175781,452800,0.0,0.0
2001-11-06 00:00:00-05:00,9.475000381469727,10.050000190734863,9.390000343322754,9.994999885559082,634800,0.0,0.0
2001-11-07 00:00:00-05:00,9.994999885559082,10.244999885559082,9.850000381469727,9.949999809265137,722400,0.0,0.0
2001-11-08 00:00:00-05:00,9.949999809265137,10.050000190734863,9.104999542236328,9.244999885559082,555200,0.0,0.0
2001-11-09 00:00:00-05:00,9.244999885559082,9.595000267028809,9.239999771118164,9.345000267028809,358800,0.0,0.0
2001-11-12 00:00:00-05:00,9.25,9.739999771118164,9.100000381469727,9.600000381469727,162400,0.0,0.0
2001-11-13 00:00:00-05:00,9.600000381469727,9.600000381469727,9.399999618530273,9.5,695400,0.0,0.0
2001-11-14 00:00:00-05:00,9.75,9.899999618530273,9.680000305175781,9.75,1129000,0.0,0.0
2001-11-15 00:00:00-05:00,9.699999809265137,9.774999618530273,9.675000190734863,9.725000381469727,628400,0.0,0.0
2001-11-16 00:00:00-05:00,9.699999809265137,9.699999809265137,9.0,9.28499984741211,630800,0.0,0.0
2001-11-19 00:00:00-05:00,9.649999618530273,9.850000381469727,9.524999618530273,9.649999618530273,444000,0.0,0.0
2001-11-20 00:00:00-05:00,9.649999618530273,9.649999618530273,9.25,9.274999618530273,450800,0.0,0.0
2001-11-21 00:00:00-05:00,9.300000190734863,9.324999809265137,8.895000457763672,9.125,581200,0.0,0.0
2001-11-23 00:00:00-05:00,9.125,9.734999656677246,9.125,9.489999771118164,300800,0.0,0.0
2001-11-26 00:00:00-05:00,9.614999771118164,9.850000381469727,9.529999732971191,9.710000038146973,475000,0.0,0.0
2001-11-27 00:00:00-05:00,9.710000038146973,9.9399995803833,9.675000190734863,9.824999809265137,545200,0.0,0.0
2001-11-28 00:00:00-05:00,9.824999809265137,9.824999809265137,9.625,9.699999809265137,710200,0.0,0.0
2001-11-29 00:00:00-05:00,9.704999923706055,10.5,9.704999923706055,10.25,879200,0.0,0.0
2001-11-30 00:00:00-05:00,10.255000114440918,10.324999809265137,9.954999923706055,9.975000381469727,445200,0.0,0.0
2001-12-03 00:00:00-05:00,9.949999809265137,10.149999618530273,9.925000190734863,10.0,465800,0.0,0.0
2001-12-04 00:00:00-05:00,10.114999771118164,10.625,10.114999771118164,10.5,679000,0.0,0.0
2001-12-05 00:00:00-05:00,10.574999809265137,11.0,10.53499984741211,10.930000305175781,1343800,0.0,0.0
2001-12-06 00:00:00-05:00,10.975000381469727,11.125,10.670000076293945,11.0,1610800,0.0,0.0
2001-12-07 00:00:00-05:00,11.0,11.149999618530273,10.925000190734863,11.010000228881836,1175000,0.0,0.0
2001-12-10 00:00:00-05:00,11.050000190734863,11.050000190734863,10.755000114440918,10.824999809265137,281600,0.0,0.0
2001-12-11 00:00:00-05:00,10.949999809265137,11.024999618530273,10.805000305175781,10.899999618530273,302800,0.0,0.0
2001-12-12 00:00:00-05:00,10.890000343322754,11.125,10.854999542236328,10.994999885559082,331400,0.0,0.0
2001-12-13 00:00:00-05:00,10.899999618530273,11.390000343322754,10.864999771118164,11.050000190734863,511800,0.0,0.0
2001-12-14 00:00:00-05:00,11.100000381469727,11.600000381469727,11.074999809265137,11.600000381469727,923600,0.0,0.0
2001-12-17 00:00:00-05:00,11.600000381469727,12.0,11.375,11.5600004196167,974400,0.0,0.0
2001-12-18 00:00:00-05:00,11.854999542236328,11.949999809265137,10.449999809265137,11.324999809265137,1835400,0.0,0.0
2001-12-19 00:00:00-05:00,11.324999809265137,11.625,10.925000190734863,11.520000457763672,609600,0.0,0.0
2001-12-20 00:00:00-05:00,11.524999618530273,11.619999885559082,10.850000381469727,11.25,809200,0.0,0.0
2001-12-21 00:00:00-05:00,11.350000381469727,11.399999618530273,11.0,11.09000015258789,533400,0.0,0.0
2001-12-24 00:00:00-05:00,11.125,11.225000381469727,10.875,10.960000038146973,228000,0.0,0.0
2001-12-26 00:00:00-05:00,10.994999885559082,11.350000381469727,10.994999885559082,11.34000015258789,425200,0.0,0.0
2001-12-27 00:00:00-05:00,11.5,11.850000381469727,11.425000190734863,11.635000228881836,673000,0.0,0.0
2001-12-28 00:00:00-05:00,11.574999809265137,11.75,11.460000038146973,11.460000038146973,473000,0.0,0.0
2001-12-31 00:00:00-05:00,11.475000381469727,11.805000305175781,11.260000228881836,11.369999885559082,546800,0.0,0.0
2002-01-02 00:00:00-05:00,11.399999618530273,11.399999618530273,11.085000038146973,11.225000381469727,494200,0.0,0.0
2002-01-03 00:00:00-05:00,11.225000381469727,11.369999885559082,10.989999771118164,11.029999732971191,406400,0.0,0.0
2002-01-04 00:00:00-05:00,11.100000381469727,11.260000228881836,10.125,10.274999618530273,1546600,0.0,0.0
2002-01-07 00:00:00-05:00,10.274999618530273,10.75,10.125,10.640000343322754,889600,0.0,0.0
2002-01-08 00:00:00-05:00,10.75,10.75,10.324999809265137,10.734999656677246,517400,0.0,0.0
2002-01-09 00:00:00-05:00,10.609999656677246,10.675000190734863,10.350000381469727,10.375,529800,0.0,0.0
2002-01-10 00:00:00-05:00,10.375,10.375,9.675000190734863,10.114999771118164,878000,0.0,0.0
2002-01-11 00:00:00-05:00,10.119999885559082,10.484999656677246,10.0,10.0,625800,0.0,0.0
2002-01-14 00:00:00-05:00,9.875,10.170000076293945,9.850000381469727,9.904999732971191,358800,0.0,0.0
2002-01-15 00:00:00-05:00,9.904999732971191,10.390000343322754,9.904999732971191,10.350000381469727,341400,0.0,0.0
2002-01-16 00:00:00-05:00,10.354999542236328,10.505000114440918,10.25,10.300000190734863,335400,0.0,0.0
2002-01-17 00:00:00-05:00,10.300000190734863,10.475000381469727,10.050000190734863,10.470000267028809,269600,0.0,0.0
2002-01-18 00:00:00-05:00,10.475000381469727,10.925000190734863,10.449999809265137,10.649999618530273,644000,0.0,0.0
2002-01-22 00:00:00-05:00,10.649999618530273,10.819999694824219,10.0,10.074999809265137,574600,0.0,0.0
2002-01-23 00:00:00-05:00,10.25,10.350000381469727,10.010000228881836,10.225000381469727,359600,0.0,0.0
2002-01-24 00:00:00-05:00,10.5,11.199999809265137,10.449999809265137,10.779999732971191,1022000,0.0,0.0
2002-01-25 00:00:00-05:00,10.800000190734863,10.899999618530273,10.539999961853027,10.604999542236328,430600,0.0,0.0
2002-01-28 00:00:00-05:00,10.604999542236328,10.604999542236328,10.225000381469727,10.255000114440918,370800,0.0,0.0
2002-01-29 00:00:00-05:00,10.274999618530273,10.395000457763672,9.949999809265137,10.125,665600,0.0,0.0
2002-01-30 00:00:00-05:00,10.125,10.399999618530273,9.850000381469727,10.3100004196167,343000,0.0,0.0
2002-01-31 00:00:00-05:00,10.350000381469727,10.699999809265137,10.350000381469727,10.53499984741211,510600,0.0,0.0
2002-02-01 00:00:00-05:00,10.585000038146973,10.585000038146973,10.180000305175781,10.449999809265137,329800,0.0,0.0
2002-02-04 00:00:00-05:00,10.5,10.71500015258789,10.385000228881836,10.5,991000,0.0,0.0
2002-02-05 00:00:00-05:00,10.550000190734863,10.550000190734863,10.260000228881836,10.274999618530273,233200,0.0,0.0
2002-02-06 00:00:00-05:00,10.875,12.239999771118164,10.875,12.204999923706055,2079400,0.0,0.0
2002-02-07 00:00:00-05:00,12.329999923706055,12.875,12.175000190734863,12.180000305175781,1329200,0.0,0.0
2002-02-08 00:00:00-05:00,12.1850004196167,12.220000267028809,11.375,12.164999961853027,1533400,0.0,0.0
2002-02-11 00:00:00-05:00,12.170000076293945,12.824999809265137,12.050000190734863,12.774999618530273,875200,0.0,0.0
2002-02-12 00:00:00-05:00,12.5,12.75,12.3149995803833,12.574999809265137,694800,0.0,0.0
2002-02-13 00:00:00-05:00,12.574999809265137,13.225000381469727,12.574999809265137,12.930000305175781,792400,0.0,0.0
2002-02-14 00:00:00-05:00,13.050000190734863,13.100000381469727,12.350000381469727,12.550000190734863,872800,0.0,0.0
2002-02-15 00:00:00-05:00,12.550000190734863,12.75,12.369999885559082,12.604999542236328,746600,0.0,0.0
2002-02-19 00:00:00-05:00,12.604999542236328,12.850000381469727,12.449999809265137,12.555000305175781,1429800,0.0,0.0
2002-02-20 00:00:00-05:00,12.555000305175781,13.649999618530273,12.555000305175781,13.5,860000,0.0,0.0
2002-02-21 00:00:00-05:00,13.375,14.510000228881836,13.135000228881836,14.255000114440918,2097600,0.0,0.0
2002-02-22 00:00:00-05:00,13.975000381469727,13.979999542236328,12.5,13.0,8067600,0.0,0.0
2002-02-25 00:00:00-05:00,13.0,13.5649995803833,12.3100004196167,13.510000228881836,4243000,0.0,0.0
2002-02-26 00:00:00-05:00,13.5,13.505000114440918,12.800000190734863,13.3100004196167,6253000,0.0,0.0
2002-02-27 00:00:00-05:00,13.274999618530273,13.5600004196167,12.975000381469727,13.505000114440918,1693800,0.0,0.0
2002-02-28 00:00:00-05:00,13.5,13.625,13.100000381469727,13.369999885559082,975200,0.0,0.0
2002-03-01 00:00:00-05:00,13.369999885559082,13.574999809265137,13.255000114440918,13.28499984741211,1044600,0.0,0.0
2002-03-04 00:00:00-05:00,13.244999885559082,13.489999771118164,13.0,13.260000228881836,1267200,0.0,0.0
2002-03-05 00:00:00-05:00,13.260000228881836,13.449999809265137,13.175000190734863,13.274999618530273,844400,0.0,0.0
2002-03-06 00:00:00-05:00,13.524999618530273,14.25,13.375,13.899999618530273,2520200,0.0,0.0
2002-03-07 00:00:00-05:00,14.25,14.850000381469727,13.989999771118164,14.154999732971191,3195800,0.0,0.0
2002-03-08 00:00:00-05:00,14.5,14.850000381469727,14.300000190734863,14.515000343322754,1725400,0.0,0.0
2002-03-11 00:00:00-05:00,14.430000305175781,14.470000267028809,14.125,14.225000381469727,1253000,0.0,0.0
2002-03-12 00:00:00-05:00,14.100000381469727,14.300000190734863,13.875,14.039999961853027,1222600,0.0,0.0
2002-03-13 00:00:00-05:00,14.074999809265137,14.539999961853027,14.074999809265137,14.324999809265137,969000,0.0,0.0
2002-03-14 00:00:00-05:00,14.300000190734863,14.539999961853027,14.260000228881836,14.475000381469727,1055800,0.0,0.0
2002-03-15 00:00:00-05:00,14.449999809265137,14.494999885559082,13.899999618530273,14.399999618530273,1574600,0.0,0.0
2002-03-18 00:00:00-05:00,14.5,14.75,14.350000381469727,14.699999809265137,1006200,0.0,0.0
2002-03-19 00:00:00-05:00,14.824999809265137,15.039999961853027,14.239999771118164,14.239999771118164,1662400,0.0,0.0
2002-03-20 00:00:00-05:00,14.25,14.25,13.25,13.475000381469727,4413600,0.0,0.0
2002-03-21 00:00:00-05:00,13.475000381469727,13.5,12.494999885559082,13.0,4344400,0.0,0.0
2002-03-22 00:00:00-05:00,13.050000190734863,13.319999694824219,12.930000305175781,13.09000015258789,1760000,0.0,0.0
2002-03-25 00:00:00-05:00,13.119999885559082,13.130000114440918,12.5,12.510000228881836,1745800,0.0,0.0
2002-03-26 00:00:00-05:00,12.515000343322754,12.734999656677246,12.454999923706055,12.59000015258789,2383200,0.0,0.0
2002-03-27 00:00:00-05:00,12.614999771118164,12.744999885559082,12.510000228881836,12.675000190734863,1385200,0.0,0.0
2002-03-28 00:00:00-05:00,12.725000381469727,13.074999809265137,12.6850004196167,12.930000305175781,1612000,0.0,0.0
2002-04-01 00:00:00-05:00,12.920000076293945,13.375,12.375,13.255000114440918,3291800,0.0,0.0
2002-04-02 00:00:00-05:00,13.050000190734863,13.0600004196167,12.449999809265137,12.479999542236328,3945600,0.0,0.0
2002-04-03 00:00:00-05:00,12.604999542236328,13.015000343322754,12.604999542236328,12.675000190734863,2687000,0.0,0.0
2002-04-04 00:00:00-05:00,12.675000190734863,12.875,12.529999732971191,12.850000381469727,1252000,0.0,0.0
2002-04-05 00:00:00-05:00,13.024999618530273,13.609999656677246,13.024999618530273,13.505000114440918,2714400,0.0,0.0
2002-04-08 00:00:00-04:00,13.505000114440918,14.489999771118164,13.380000114440918,14.350000381469727,2129000,0.0,0.0
2002-04-09 00:00:00-04:00,14.354999542236328,14.800000190734863,14.300000190734863,14.725000381469727,3862200,0.0,0.0
2002-04-10 00:00:00-04:00,14.675000190734863,15.350000381469727,14.670000076293945,15.015000343322754,1666600,0.0,0.0
2002-04-11 00:00:00-04:00,14.975000381469727,15.0,14.725000381469727,14.854999542236328,1618200,0.0,0.0
2002-04-12 00:00:00-04:00,14.859999656677246,15.449999809265137,14.859999656677246,15.449999809265137,1181400,0.0,0.0
2002-04-15 00:00:00-04:00,15.46500015258789,15.489999771118164,14.96500015258789,15.015000343322754,777200,0.0,0.0
2002-04-16 00:00:00-04:00,15.050000190734863,15.449999809265137,15.010000228881836,15.125,1031200,0.0,0.0
2002-04-17 00:00:00-04:00,15.125,15.170000076293945,14.255000114440918,14.454999923706055,1397200,0.0,0.0
2002-04-18 00:00:00-04:00,14.074999809265137,14.265000343322754,13.649999618530273,14.25,2181400,0.0,0.0
2002-04-19 00:00:00-04:00,14.255000114440918,14.649999618530273,14.25,14.420000076293945,525200,0.0,0.0
2002-04-22 00:00:00-04:00,14.350000381469727,14.350000381469727,13.925000190734863,13.994999885559082,730200,0.0,0.0
2002-04-23 00:00:00-04:00,13.399999618530273,13.899999618530273,13.210000038146973,13.585000038146973,2819000,0.0,0.0
2002-04-24 00:00:00-04:00,13.550000190734863,13.975000381469727,13.550000190734863,13.789999961853027,943800,0.0,0.0
2002-04-25 00:00:00-04:00,13.739999771118164,14.430000305175781,13.675000190734863,14.225000381469727,1358800,0.0,0.0
2002-04-26 00:00:00-04:00,14.225000381469727,15.0,14.149999618530273,14.6850004196167,1999600,0.0,0.0
2002-04-29 00:00:00-04:00,14.635000228881836,14.925000190734863,14.1850004196167,14.274999618530273,817600,0.0,0.0
2002-04-30 00:00:00-04:00,14.279999732971191,14.805000305175781,14.279999732971191,14.75,1672200,0.0,0.0
2002-05-01 00:00:00-04:00,14.725000381469727,14.925000190734863,14.125,14.75,1637400,0.0,0.0
2002-05-02 00:00:00-04:00,14.899999618530273,15.899999618530273,14.899999618530273,15.800000190734863,2981200,0.0,0.0
2002-05-03 00:00:00-04:00,15.800000190734863,16.5,15.454999923706055,15.960000038146973,3243000,0.0,0.0
2002-05-06 00:00:00-04:00,15.960000038146973,16.6299991607666,15.850000381469727,16.149999618530273,2048600,0.0,0.0
2002-05-07 00:00:00-04:00,16.149999618530273,16.170000076293945,15.779999732971191,16.010000228881836,912400,0.0,0.0
2002-05-08 00:00:00-04:00,16.049999237060547,16.549999237060547,15.994999885559082,16.03499984741211,1235400,0.0,0.0
2002-05-09 00:00:00-04:00,15.975000381469727,17.0,15.975000381469727,16.649999618530273,2274400,0.0,0.0
2002-05-10 00:00:00-04:00,16.639999389648438,16.639999389648438,15.880000114440918,16.110000610351562,1469000,0.0,0.0
2002-05-13 00:00:00-04:00,16.110000610351562,16.299999237060547,16.110000610351562,16.28499984741211,1003000,0.0,0.0
2002-05-14 00:00:00-04:00,16.28499984741211,16.299999237060547,14.800000190734863,15.210000038146973,5850800,0.0,0.0
2002-05-15 00:00:00-04:00,15.175000190734863,15.819999694824219,14.899999618530273,15.699999809265137,1921600,0.0,0.0
2002-05-16 00:00:00-04:00,15.649999618530273,15.65999984741211,14.875,15.005000114440918,1610800,0.0,0.0
2002-05-17 00:00:00-04:00,14.510000228881836,14.925000190734863,13.699999809265137,14.699999809265137,6142800,0.0,0.0
2002-05-20 00:00:00-04:00,14.625,14.755000114440918,14.244999885559082,14.25,1622400,0.0,0.0
2002-05-21 00:00:00-04:00,14.255000114440918,14.574999809265137,13.930000305175781,14.050000190734863,1959600,0.0,0.0
2002-05-22 00:00:00-04:00,14.010000228881836,14.25,13.925000190734863,14.024999618530273,1105200,0.0,0.0
2002-05-23 00:00:00-04:00,13.949999809265137,14.359999656677246,13.850000381469727,14.359999656677246,592000,0.0,0.0
2002-05-24 00:00:00-04:00,14.359999656677246,14.425000190734863,14.010000228881836,14.074999809265137,539000,0.0,0.0
2002-05-28 00:00:00-04:00,14.079999923706055,14.079999923706055,13.25,13.265000343322754,2508200,0.0,0.0
2002-05-29 00:00:00-04:00,13.199999809265137,13.515000343322754,13.024999618530273,13.199999809265137,1367000,0.0,0.0
2002-05-30 00:00:00-04:00,13.074999809265137,13.074999809265137,12.399999618530273,12.8149995803833,3392800,0.0,0.0
2002-05-31 00:00:00-04:00,12.800000190734863,13.475000381469727,12.774999618530273,13.234999656677246,1781600,0.0,0.0
2002-06-03 00:00:00-04:00,13.239999771118164,13.324999809265137,12.460000038146973,12.475000381469727,1876600,0.0,0.0
2002-06-04 00:00:00-04:00,12.475000381469727,12.625,11.899999618530273,12.3100004196167,1796200,0.0,0.0
2002-06-05 00:00:00-04:00,12.289999961853027,13.375,12.289999961853027,12.614999771118164,1919000,0.0,0.0
2002-06-06 00:00:00-04:00,12.625,12.829999923706055,12.100000381469727,12.140000343322754,2146800,0.0,0.0
2002-06-07 00:00:00-04:00,12.024999618530273,12.140000343322754,11.625,11.800000190734863,2963600,0.0,0.0
2002-06-10 00:00:00-04:00,11.774999618530273,12.475000381469727,11.675000190734863,12.425000190734863,2031200,0.0,0.0
2002-06-11 00:00:00-04:00,12.425000190734863,12.654999732971191,11.800000190734863,11.949999809265137,1293000,0.0,0.0
2002-06-12 00:00:00-04:00,11.949999809265137,11.989999771118164,11.125,11.890000343322754,1892600,0.0,0.0
2002-06-13 00:00:00-04:00,12.0,12.074999809265137,11.449999809265137,11.5600004196167,1584600,0.0,0.0
2002-06-14 00:00:00-04:00,11.4350004196167,11.800000190734863,10.975000381469727,11.324999809265137,2529400,0.0,0.0
2002-06-17 00:00:00-04:00,10.949999809265137,11.850000381469727,10.725000381469727,11.625,3510400,0.0,0.0
2002-06-18 00:00:00-04:00,11.449999809265137,11.75,11.125,11.710000038146973,2235800,0.0,0.0
2002-06-19 00:00:00-04:00,11.694999694824219,12.289999961853027,11.574999809265137,11.819999694824219,1279400,0.0,0.0
2002-06-20 00:00:00-04:00,11.819999694824219,12.1899995803833,11.074999809265137,11.399999618530273,2144600,0.0,0.0
2002-06-21 00:00:00-04:00,11.390000343322754,11.625,10.899999618530273,11.274999618530273,1227000,0.0,0.0
2002-06-24 00:00:00-04:00,11.260000228881836,11.265000343322754,10.744999885559082,10.954999923706055,1912400,0.0,0.0
2002-06-25 00:00:00-04:00,11.050000190734863,11.375,10.574999809265137,10.6899995803833,1152000,0.0,0.0
2002-06-26 00:00:00-04:00,10.475000381469727,10.600000381469727,10.024999618530273,10.574999809265137,1020000,0.0,0.0
2002-06-27 00:00:00-04:00,11.0,11.100000381469727,10.354999542236328,10.975000381469727,1487200,0.0,0.0
2002-06-28 00:00:00-04:00,11.0,11.25,10.744999885559082,10.824999809265137,1819200,0.0,0.0
2002-07-01 00:00:00-04:00,10.875,11.024999618530273,10.145000457763672,10.25,3274600,0.0,0.0
2002-07-02 00:00:00-04:00,10.25,10.295000076293945,9.300000190734863,9.649999618530273,3438800,0.0,0.0
2002-07-03 00:00:00-04:00,9.654999732971191,9.875,9.25,9.725000381469727,1387200,0.0,0.0
2002-07-05 00:00:00-04:00,9.850000381469727,10.359999656677246,9.850000381469727,10.180000305175781,599800,0.0,0.0
2002-07-08 00:00:00-04:00,10.25,10.425000190734863,9.920000076293945,10.125,898800,0.0,0.0
2002-07-09 00:00:00-04:00,10.125,10.449999809265137,10.100000381469727,10.100000381469727,1762200,0.0,0.0
2002-07-10 00:00:00-04:00,10.300000190734863,10.300000190734863,9.300000190734863,9.494999885559082,2217400,0.0,0.0
2002-07-11 00:00:00-04:00,9.420000076293945,9.619999885559082,8.994999885559082,9.25,1176400,0.0,0.0
2002-07-12 00:00:00-04:00,9.25,9.725000381469727,9.199999809265137,9.260000228881836,766800,0.0,0.0
2002-07-15 00:00:00-04:00,9.210000038146973,9.210000038146973,8.550000190734863,9.0600004196167,1831400,0.0,0.0
2002-07-16 00:00:00-04:00,9.0600004196167,9.225000381469727,8.84000015258789,9.024999618530273,993800,0.0,0.0
2002-07-17 00:00:00-04:00,9.050000190734863,9.274999618530273,8.369999885559082,8.875,1426000,0.0,0.0
2002-07-18 00:00:00-04:00,8.850000381469727,9.109999656677246,8.524999618530273,8.625,1086400,0.0,0.0
2002-07-19 00:00:00-04:00,8.5,8.574999809265137,8.204999923706055,8.3149995803833,705400,0.0,0.0
2002-07-22 00:00:00-04:00,8.3149995803833,8.3149995803833,7.739999771118164,7.744999885559082,2528200,0.0,0.0
2002-07-23 00:00:00-04:00,7.699999809265137,8.050000190734863,7.505000114440918,7.724999904632568,2312200,0.0,0.0
2002-07-24 00:00:00-04:00,7.599999904632568,8.649999618530273,7.349999904632568,8.59000015258789,1104000,0.0,0.0
2002-07-25 00:00:00-04:00,8.59000015258789,8.75,8.045000076293945,8.25,1136400,0.0,0.0
2002-07-26 00:00:00-04:00,8.295000076293945,8.600000381469727,8.295000076293945,8.460000038146973,712200,0.0,0.0
2002-07-29 00:00:00-04:00,8.460000038146973,9.654999732971191,8.460000038146973,9.479999542236328,1126000,0.0,0.0
2002-07-30 00:00:00-04:00,9.399999618530273,9.489999771118164,8.979999542236328,9.225000381469727,1260200,0.0,0.0
2002-07-31 00:00:00-04:00,9.125,9.25,8.779999732971191,8.850000381469727,571800,0.0,0.0
2002-08-01 00:00:00-04:00,8.5,8.550000190734863,8.074999809265137,8.175000190734863,2345200,0.0,0.0
2002-08-02 00:00:00-04:00,8.050000190734863,8.125,7.539999961853027,7.585000038146973,1265000,0.0,0.0
2002-08-05 00:00:00-04:00,7.599999904632568,7.704999923706055,6.800000190734863,6.800000190734863,1376600,0.0,0.0
2002-08-06 00:00:00-04:00,6.824999809265137,7.474999904632568,6.824999809265137,7.099999904632568,1934000,0.0,0.0
2002-08-07 00:00:00-04:00,7.150000095367432,7.349999904632568,6.875,7.085000038146973,1072800,0.0,0.0
2002-08-08 00:00:00-04:00,7.099999904632568,7.300000190734863,6.5,7.050000190734863,2694200,0.0,0.0
2002-08-09 00:00:00-04:00,7.0,7.40500020980835,6.940000057220459,7.400000095367432,589800,0.0,0.0
2002-08-12 00:00:00-04:00,7.400000095367432,7.400000095367432,7.105000019073486,7.239999771118164,500200,0.0,0.0
2002-08-13 00:00:00-04:00,7.239999771118164,7.735000133514404,7.199999809265137,7.360000133514404,901800,0.0,0.0
2002-08-14 00:00:00-04:00,7.364999771118164,7.525000095367432,7.105000019073486,7.324999809265137,1369800,0.0,0.0
2002-08-15 00:00:00-04:00,7.375,7.829999923706055,7.340000152587891,7.559999942779541,989400,0.0,0.0
2002-08-16 00:00:00-04:00,7.559999942779541,7.699999809265137,7.389999866485596,7.650000095367432,934800,0.0,0.0
2002-08-19 00:00:00-04:00,7.610000133514404,8.100000381469727,7.599999904632568,7.900000095367432,1229000,0.0,0.0
2002-08-20 00:00:00-04:00,7.900000095367432,8.274999618530273,7.784999847412109,8.199999809265137,1234800,0.0,0.0
2002-08-21 00:00:00-04:00,8.199999809265137,8.949999809265137,7.849999904632568,8.524999618530273,1993400,0.0,0.0
2002-08-22 00:00:00-04:00,8.475000381469727,8.649999618530273,7.974999904632568,8.3100004196167,2061800,0.0,0.0
2002-08-23 00:00:00-04:00,8.3100004196167,8.375,8.125,8.239999771118164,345800,0.0,0.0
2002-08-26 00:00:00-04:00,8.300000190734863,8.475000381469727,7.840000152587891,8.449999809265137,622600,0.0,0.0
2002-08-27 00:00:00-04:00,8.5,8.75,7.925000190734863,8.050000190734863,2159800,0.0,0.0
2002-08-28 00:00:00-04:00,8.0,8.0,7.599999904632568,7.744999885559082,1443400,0.0,0.0
2002-08-29 00:00:00-04:00,7.644999980926514,7.96999979019165,7.514999866485596,7.90500020980835,1033600,0.0,0.0
2002-08-30 00:00:00-04:00,7.849999904632568,8.175000190734863,7.755000114440918,8.074999809265137,539600,0.0,0.0
2002-09-03 00:00:00-04:00,8.0,8.199999809265137,7.78000020980835,8.175000190734863,959000,0.0,0.0
2002-09-04 00:00:00-04:00,8.199999809265137,8.574999809265137,8.199999809265137,8.489999771118164,975600,0.0,0.0
2002-09-05 00:00:00-04:00,8.399999618530273,8.585000038146973,8.274999618530273,8.510000228881836,1009800,0.0,0.0
2002-09-06 00:00:00-04:00,9.25,9.600000381469727,9.149999618530273,9.510000228881836,2090000,0.0,0.0
2002-09-09 00:00:00-04:00,9.550000190734863,10.279999732971191,9.550000190734863,10.25,1717000,0.0,0.0
2002-09-10 00:00:00-04:00,10.25,10.614999771118164,10.0,10.550000190734863,1735000,0.0,0.0
2002-09-11 00:00:00-04:00,10.675000190734863,10.725000381469727,10.050000190734863,10.100000381469727,1692600,0.0,0.0
2002-09-12 00:00:00-04:00,9.975000381469727,9.975000381469727,9.395000457763672,9.399999618530273,3064600,0.0,0.0
2002-09-13 00:00:00-04:00,9.345000267028809,9.619999885559082,9.149999618530273,9.25,1705600,0.0,0.0
2002-09-16 00:00:00-04:00,9.25,9.609999656677246,9.204999923706055,9.460000038146973,1040400,0.0,0.0
2002-09-17 00:00:00-04:00,9.399999618530273,9.404999732971191,8.800000190734863,9.079999923706055,3162800,0.0,0.0
2002-09-18 00:00:00-04:00,8.899999618530273,8.904999732971191,8.125,8.25,3696200,0.0,0.0
2002-09-19 00:00:00-04:00,8.100000381469727,8.470000267028809,8.005000114440918,8.300000190734863,1817000,0.0,0.0
2002-09-20 00:00:00-04:00,8.274999618530273,8.449999809265137,8.244999885559082,8.324999809265137,678800,0.0,0.0
2002-09-23 00:00:00-04:00,8.199999809265137,8.260000228881836,7.614999771118164,7.775000095367432,1950400,0.0,0.0
2002-09-24 00:00:00-04:00,7.650000095367432,7.840000152587891,7.449999809265137,7.699999809265137,2350800,0.0,0.0
2002-09-25 00:00:00-04:00,8.0,8.550000190734863,7.925000190734863,8.1850004196167,4103600,0.0,0.0
2002-09-26 00:00:00-04:00,8.1899995803833,8.350000381469727,7.880000114440918,7.994999885559082,2954400,0.0,0.0
2002-09-27 00:00:00-04:00,8.050000190734863,8.274999618530273,7.625,7.679999828338623,2372000,0.0,0.0
2002-09-30 00:00:00-04:00,7.679999828338623,8.050000190734863,7.434999942779541,8.024999618530273,7946400,0.0,0.0
2002-10-01 00:00:00-04:00,8.199999809265137,8.524999618530273,7.760000228881836,8.149999618530273,12682000,0.0,0.0
2002-10-02 00:00:00-04:00,8.149999618530273,8.25,7.889999866485596,7.985000133514404,11412000,0.0,0.0
2002-10-03 00:00:00-04:00,7.974999904632568,8.109999656677246,7.894999980926514,7.925000190734863,3852200,0.0,0.0
2002-10-04 00:00:00-04:00,8.0,8.0,7.539999961853027,7.684999942779541,6751600,0.0,0.0
2002-10-07 00:00:00-04:00,7.684999942779541,7.699999809265137,7.15500020980835,7.25,4826200,0.0,0.0
2002-10-08 00:00:00-04:00,7.125,7.25,6.960000038146973,7.025000095367432,7146400,0.0,0.0
2002-10-09 00:00:00-04:00,6.989999771118164,7.074999809265137,6.849999904632568,6.934999942779541,7291400,0.0,0.0
2002-10-10 00:00:00-04:00,6.824999809265137,7.260000228881836,6.449999809265137,7.144999980926514,9593400,0.0,0.0
2002-10-11 00:00:00-04:00,7.125,7.675000190734863,7.099999904632568,7.224999904632568,4473200,0.0,0.0
2002-10-14 00:00:00-04:00,7.25,7.409999847412109,7.099999904632568,7.369999885559082,1506600,0.0,0.0
2002-10-15 00:00:00-04:00,7.574999809265137,8.050000190734863,7.559999942779541,7.894999980926514,4049200,0.0,0.0
2002-10-16 00:00:00-04:00,7.894999980926514,7.894999980926514,7.304999828338623,7.489999771118164,1893200,0.0,0.0
2002-10-17 00:00:00-04:00,7.724999904632568,7.75,7.425000190734863,7.425000190734863,3040800,0.0,0.0
2002-10-18 00:00:00-04:00,7.449999809265137,7.855000019073486,7.449999809265137,7.775000095367432,2629200,0.0,0.0
2002-10-21 00:00:00-04:00,7.78000020980835,8.899999618530273,7.675000190734863,8.75,3918400,0.0,0.0
2002-10-22 00:00:00-04:00,8.550000190734863,9.25,8.399999618530273,8.930000305175781,4394200,0.0,0.0
2002-10-23 00:00:00-04:00,8.885000228881836,9.119999885559082,8.71500015258789,8.994999885559082,2868400,0.0,0.0
2002-10-24 00:00:00-04:00,9.0,9.34000015258789,8.520000457763672,8.6850004196167,2140600,0.0,0.0
2002-10-25 00:00:00-04:00,8.524999618530273,8.649999618530273,8.319999694824219,8.550000190734863,2030800,0.0,0.0
2002-10-28 00:00:00-05:00,8.675000190734863,9.069999694824219,8.625,8.649999618530273,2532400,0.0,0.0
2002-10-29 00:00:00-05:00,8.649999618530273,8.75,8.375,8.550000190734863,2868200,0.0,0.0
2002-10-30 00:00:00-05:00,8.550000190734863,8.600000381469727,7.949999809265137,8.25,2993200,0.0,0.0
2002-10-31 00:00:00-05:00,8.229999542236328,8.234999656677246,7.760000228881836,8.194999694824219,1904400,0.0,0.0
2002-11-01 00:00:00-05:00,8.194999694824219,8.399999618530273,8.0,8.135000228881836,1847200,0.0,0.0
2002-11-04 00:00:00-05:00,8.300000190734863,9.0649995803833,8.25,8.774999618530273,2405800,0.0,0.0
2002-11-05 00:00:00-05:00,8.649999618530273,8.699999809265137,8.350000381469727,8.595000267028809,1550000,0.0,0.0
2002-11-06 00:00:00-05:00,8.595000267028809,8.625,8.3100004196167,8.425000190734863,1339400,0.0,0.0
2002-11-07 00:00:00-05:00,8.399999618530273,8.399999618530273,7.994999885559082,8.005000114440918,1839000,0.0,0.0
2002-11-08 00:00:00-05:00,8.005000114440918,8.135000228881836,7.815000057220459,8.104999542236328,1158600,0.0,0.0
2002-11-11 00:00:00-05:00,7.949999809265137,8.069999694824219,7.900000095367432,8.0,1945200,0.0,0.0
2002-11-12 00:00:00-05:00,8.015000343322754,8.100000381469727,7.960000038146973,8.055000305175781,1178600,0.0,0.0
2002-11-13 00:00:00-05:00,8.03499984741211,8.03499984741211,7.704999923706055,7.914999961853027,1721400,0.0,0.0
2002-11-14 00:00:00-05:00,8.0,8.074999809265137,7.789999961853027,7.989999771118164,1636800,0.0,0.0
2002-11-15 00:00:00-05:00,7.989999771118164,8.260000228881836,7.974999904632568,8.234999656677246,1138000,0.0,0.0
2002-11-18 00:00:00-05:00,8.255000114440918,8.494999885559082,8.199999809265137,8.475000381469727,1606600,0.0,0.0
2002-11-19 00:00:00-05:00,8.449999809265137,8.449999809265137,8.020000457763672,8.020000457763672,1233400,0.0,0.0
2002-11-20 00:00:00-05:00,8.0,8.5,8.0,8.470000267028809,2762600,0.0,0.0
2002-11-21 00:00:00-05:00,8.5,9.3149995803833,8.475000381469727,9.274999618530273,3353400,0.0,0.0
2002-11-22 00:00:00-05:00,9.149999618530273,10.050000190734863,9.109999656677246,9.65999984741211,4253400,0.0,0.0
2002-11-25 00:00:00-05:00,9.664999961853027,10.0,9.524999618530273,9.574999809265137,1214400,0.0,0.0
2002-11-26 00:00:00-05:00,9.539999961853027,9.550000190734863,9.119999885559082,9.119999885559082,1002200,0.0,0.0
2002-11-27 00:00:00-05:00,9.300000190734863,9.744999885559082,9.300000190734863,9.744999885559082,908800,0.0,0.0
2002-11-29 00:00:00-05:00,9.675000190734863,9.850000381469727,9.574999809265137,9.850000381469727,478800,0.0,0.0
2002-12-02 00:00:00-05:00,9.949999809265137,10.199999809265137,9.609999656677246,9.649999618530273,1178000,0.0,0.0
2002-12-03 00:00:00-05:00,9.699999809265137,9.989999771118164,9.40999984741211,9.574999809265137,1980800,0.0,0.0
2002-12-04 00:00:00-05:00,9.550000190734863,10.050000190734863,9.375,9.890000343322754,1749800,0.0,0.0
2002-12-05 00:00:00-05:00,9.625,10.234999656677246,9.600000381469727,10.199999809265137,2303000,0.0,0.0
2002-12-06 00:00:00-05:00,10.175000190734863,10.234999656677246,9.899999618530273,10.149999618530273,2458200,0.0,0.0
2002-12-09 00:00:00-05:00,9.949999809265137,10.005000114440918,9.444999694824219,9.680000305175781,2877000,0.0,0.0
2002-12-10 00:00:00-05:00,9.680000305175781,9.800000190734863,9.475000381469727,9.75,2242200,0.0,0.0
2002-12-11 00:00:00-05:00,9.75,9.859999656677246,9.449999809265137,9.779999732971191,1948800,0.0,0.0
2002-12-12 00:00:00-05:00,9.760000228881836,10.024999618530273,9.5,9.579999923706055,1184000,0.0,0.0
2002-12-13 00:00:00-05:00,9.53499984741211,9.550000190734863,9.079999923706055,9.100000381469727,2719800,0.0,0.0
2002-12-16 00:00:00-05:00,9.149999618530273,9.449999809265137,9.149999618530273,9.4399995803833,2864200,0.0,0.0
2002-12-17 00:00:00-05:00,9.199999809265137,9.449999809265137,8.789999961853027,8.789999961853027,3114000,0.0,0.0
2002-12-18 00:00:00-05:00,8.75,8.850000381469727,8.350000381469727,8.680000305175781,5226600,0.0,0.0
2002-12-19 00:00:00-05:00,8.654999732971191,8.800000190734863,8.510000228881836,8.75,1907000,0.0,0.0
2002-12-20 00:00:00-05:00,8.75,8.819999694824219,8.475000381469727,8.59000015258789,3752400,0.0,0.0
2002-12-23 00:00:00-05:00,8.5649995803833,9.010000228881836,8.524999618530273,8.975000381469727,3123200,0.0,0.0
2002-12-24 00:00:00-05:00,8.850000381469727,8.975000381469727,8.8149995803833,8.854999542236328,653400,0.0,0.0
2002-12-26 00:00:00-05:00,8.895000457763672,9.0,8.824999809265137,8.975000381469727,479200,0.0,0.0
2002-12-27 00:00:00-05:00,8.899999618530273,8.9399995803833,8.725000381469727,8.75,761800,0.0,0.0
2002-12-30 00:00:00-05:00,8.774999618530273,8.984999656677246,8.699999809265137,8.925000190734863,799600,0.0,0.0
2002-12-31 00:00:00-05:00,8.984999656677246,9.010000228881836,8.835000038146973,8.9399995803833,2040200,0.0,0.0
2003-01-02 00:00:00-05:00,8.9399995803833,8.984999656677246,8.680000305175781,8.9350004196167,2993200,0.0,0.0
2003-01-03 00:00:00-05:00,8.885000228881836,8.9350004196167,8.664999961853027,8.725000381469727,1179600,0.0,0.0
2003-01-06 00:00:00-05:00,8.774999618530273,8.899999618530273,8.635000228881836,8.635000228881836,1548200,0.0,0.0
2003-01-07 00:00:00-05:00,8.630000114440918,8.850000381469727,8.595000267028809,8.649999618530273,1025200,0.0,0.0
2003-01-08 00:00:00-05:00,8.649999618530273,8.78499984741211,8.5649995803833,8.579999923706055,1338200,0.0,0.0
2003-01-09 00:00:00-05:00,8.600000381469727,8.850000381469727,8.550000190734863,8.800000190734863,2261800,0.0,0.0
2003-01-10 00:00:00-05:00,8.800000190734863,9.0,8.800000190734863,8.895000457763672,1798000,0.0,0.0
2003-01-13 00:00:00-05:00,8.899999618530273,9.0,8.640000343322754,8.6850004196167,1320400,0.0,0.0
2003-01-14 00:00:00-05:00,8.649999618530273,8.875,8.635000228881836,8.864999771118164,1315400,0.0,0.0
2003-01-15 00:00:00-05:00,8.899999618530273,9.539999961853027,8.899999618530273,9.539999961853027,7714200,0.0,0.0
2003-01-16 00:00:00-05:00,9.539999961853027,9.795000076293945,9.015000343322754,9.46500015258789,6296000,0.0,0.0
2003-01-17 00:00:00-05:00,9.414999961853027,9.420000076293945,9.024999618530273,9.074999809265137,1657000,0.0,0.0
2003-01-21 00:00:00-05:00,9.039999961853027,9.149999618530273,8.5,8.524999618530273,1923800,0.0,0.0
2003-01-22 00:00:00-05:00,8.524999618530273,8.739999771118164,8.039999961853027,8.145000457763672,2913200,0.0,0.0
2003-01-23 00:00:00-05:00,8.149999618530273,8.25,7.889999866485596,7.949999809265137,2745400,0.0,0.0
2003-01-24 00:00:00-05:00,7.949999809265137,8.03499984741211,7.849999904632568,7.954999923706055,2356600,0.0,0.0
2003-01-27 00:00:00-05:00,7.960000038146973,8.175000190734863,7.900000095367432,7.960000038146973,1735200,0.0,0.0
2003-01-28 00:00:00-05:00,7.985000133514404,8.25,7.985000133514404,8.15999984741211,2375800,0.0,0.0
2003-01-29 00:00:00-05:00,8.100000381469727,8.149999618530273,8.024999618530273,8.149999618530273,1688800,0.0,0.0
2003-01-30 00:00:00-05:00,8.130000114440918,8.199999809265137,8.029999732971191,8.0600004196167,1346600,0.0,0.0
2003-01-31 00:00:00-05:00,8.03499984741211,8.135000228881836,7.900000095367432,8.109999656677246,1439800,0.0,0.0
2003-02-03 00:00:00-05:00,8.149999618530273,8.630000114440918,8.100000381469727,8.5,2292000,0.0,0.0
2003-02-04 00:00:00-05:00,8.460000038146973,8.460000038146973,8.25,8.324999809265137,1850800,0.0,0.0
2003-02-05 00:00:00-05:00,8.3100004196167,8.4350004196167,8.25,8.3149995803833,798800,0.0,0.0
2003-02-06 00:00:00-05:00,8.274999618530273,8.300000190734863,7.650000095367432,7.769999980926514,2315800,0.0,0.0
2003-02-07 00:00:00-05:00,7.840000152587891,7.875,7.449999809265137,7.5,1722600,0.0,0.0
2003-02-10 00:00:00-05:00,7.550000190734863,7.550000190734863,7.389999866485596,7.519999980926514,1417200,0.0,0.0
2003-02-11 00:00:00-05:00,7.525000095367432,7.619999885559082,7.364999771118164,7.400000095367432,1131000,0.0,0.0
2003-02-12 00:00:00-05:00,7.340000152587891,7.400000095367432,7.054999828338623,7.224999904632568,2287600,0.0,0.0
2003-02-13 00:00:00-05:00,7.224999904632568,7.224999904632568,6.909999847412109,7.074999809265137,2679200,0.0,0.0
2003-02-14 00:00:00-05:00,7.099999904632568,7.400000095367432,7.050000190734863,7.295000076293945,1912400,0.0,0.0
2003-02-18 00:00:00-05:00,7.34499979019165,7.614999771118164,7.340000152587891,7.550000190734863,2335400,0.0,0.0
2003-02-19 00:00:00-05:00,7.550000190734863,7.550000190734863,7.230000019073486,7.289999961853027,1017000,0.0,0.0
2003-02-20 00:00:00-05:00,7.340000152587891,7.449999809265137,7.054999828338623,7.059999942779541,1863600,0.0,0.0
2003-02-21 00:00:00-05:00,7.019999980926514,7.03000020980835,6.900000095367432,7.0,2846600,0.0,0.0
2003-02-24 00:00:00-05:00,7.0,7.0,6.46999979019165,6.760000228881836,4141000,0.0,0.0
2003-02-25 00:00:00-05:00,6.625,7.215000152587891,6.625,7.204999923706055,2476400,0.0,0.0
2003-02-26 00:00:00-05:00,7.15500020980835,7.199999809265137,6.980000019073486,7.135000228881836,1817200,0.0,0.0
2003-02-27 00:00:00-05:00,7.215000152587891,7.449999809265137,7.204999923706055,7.400000095367432,1672800,0.0,0.0
2003-02-28 00:00:00-05:00,7.400000095367432,7.630000114440918,7.284999847412109,7.525000095367432,1491400,0.0,0.0
2003-03-03 00:00:00-05:00,7.525000095367432,7.679999828338623,7.295000076293945,7.324999809265137,1305600,0.0,0.0
2003-03-04 00:00:00-05:00,7.25,7.255000114440918,6.949999809265137,7.025000095367432,3894400,0.0,0.0
2003-03-05 00:00:00-05:00,6.800000190734863,7.025000095367432,6.650000095367432,6.875,2617400,0.0,0.0
2003-03-06 00:00:00-05:00,6.875,6.875,6.239999771118164,6.559999942779541,5836200,0.0,0.0
2003-03-07 00:00:00-05:00,6.525000095367432,6.945000171661377,6.519999980926514,6.875,1836400,0.0,0.0
2003-03-10 00:00:00-05:00,6.880000114440918,6.880000114440918,6.550000190734863,6.585000038146973,1039200,0.0,0.0
2003-03-11 00:00:00-05:00,6.585000038146973,6.650000095367432,6.224999904632568,6.375,4154400,0.0,0.0
2003-03-12 00:00:00-05:00,6.375,6.425000190734863,6.295000076293945,6.324999809265137,1881200,0.0,0.0
2003-03-13 00:00:00-05:00,6.349999904632568,6.614999771118164,6.34499979019165,6.599999904632568,2038200,0.0,0.0
2003-03-14 00:00:00-05:00,6.650000095367432,6.699999809265137,6.425000190734863,6.65500020980835,881400,0.0,0.0
2003-03-17 00:00:00-05:00,6.650000095367432,7.119999885559082,6.400000095367432,7.114999771118164,2886600,0.0,0.0
2003-03-18 00:00:00-05:00,7.114999771118164,7.199999809265137,6.974999904632568,7.130000114440918,1473600,0.0,0.0
2003-03-19 00:00:00-05:00,7.099999904632568,7.099999904632568,6.800000190734863,7.034999847412109,1001000,0.0,0.0
2003-03-20 00:00:00-05:00,7.034999847412109,7.275000095367432,6.875,7.264999866485596,1017600,0.0,0.0
2003-03-21 00:00:00-05:00,7.364999771118164,7.599999904632568,7.255000114440918,7.599999904632568,2592200,0.0,0.0
2003-03-24 00:00:00-05:00,7.5,7.525000095367432,7.300000190734863,7.5,1837800,0.0,0.0
2003-03-25 00:00:00-05:00,7.5,7.525000095367432,7.324999809265137,7.505000114440918,735200,0.0,0.0
2003-03-26 00:00:00-05:00,7.505000114440918,7.550000190734863,7.324999809265137,7.375,697200,0.0,0.0
2003-03-27 00:00:00-05:00,7.380000114440918,7.380000114440918,7.175000190734863,7.235000133514404,892800,0.0,0.0
2003-03-28 00:00:00-05:00,7.235000133514404,7.289999961853027,7.03000020980835,7.09499979019165,852800,0.0,0.0
2003-03-31 00:00:00-05:00,7.449999809265137,7.449999809265137,7.034999847412109,7.284999847412109,3548600,0.0,0.0
2003-04-01 00:00:00-05:00,7.284999847412109,7.284999847412109,7.0,7.125,1869800,0.0,0.0
2003-04-02 00:00:00-05:00,7.5,7.869999885559082,7.449999809265137,7.804999828338623,5304800,0.0,0.0
2003-04-03 00:00:00-05:00,7.925000190734863,8.399999618530273,7.824999809265137,8.25,4120200,0.0,0.0
2003-04-04 00:00:00-05:00,8.25,8.635000228881836,8.239999771118164,8.550000190734863,4153200,0.0,0.0
2003-04-07 00:00:00-04:00,8.625,9.079999923706055,8.569999694824219,8.654999732971191,3705400,0.0,0.0
2003-04-08 00:00:00-04:00,8.654999732971191,8.654999732971191,8.4399995803833,8.550000190734863,3858000,0.0,0.0
2003-04-09 00:00:00-04:00,8.510000228881836,8.75,8.475000381469727,8.574999809265137,1365200,0.0,0.0
2003-04-10 00:00:00-04:00,8.5,8.649999618530273,8.390000343322754,8.59000015258789,1682200,0.0,0.0
2003-04-11 00:00:00-04:00,8.600000381469727,8.824999809265137,8.510000228881836,8.579999923706055,2455200,0.0,0.0
2003-04-14 00:00:00-04:00,8.539999961853027,9.0,8.479999542236328,8.850000381469727,1905600,0.0,0.0
2003-04-15 00:00:00-04:00,8.824999809265137,9.03499984741211,8.75,8.979999542236328,1859600,0.0,0.0
2003-04-16 00:00:00-04:00,8.984999656677246,9.050000190734863,8.899999618530273,8.920000076293945,1063000,0.0,0.0
2003-04-17 00:00:00-04:00,8.920000076293945,9.100000381469727,8.75,9.050000190734863,1442000,0.0,0.0
2003-04-21 00:00:00-04:00,9.055000305175781,9.225000381469727,8.975000381469727,9.1850004196167,1203600,0.0,0.0
2003-04-22 00:00:00-04:00,9.1850004196167,9.65999984741211,9.135000228881836,9.619999885559082,2472800,0.0,0.0
2003-04-23 00:00:00-04:00,9.609999656677246,9.850000381469727,9.609999656677246,9.774999618530273,2689400,0.0,0.0
2003-04-24 00:00:00-04:00,9.649999618530273,9.649999618530273,9.289999961853027,9.34000015258789,3051000,0.0,0.0
2003-04-25 00:00:00-04:00,9.34000015258789,9.395000457763672,9.1899995803833,9.380000114440918,1706800,0.0,0.0
2003-04-28 00:00:00-04:00,9.359999656677246,9.970000267028809,9.359999656677246,9.9350004196167,4144000,0.0,0.0
2003-04-29 00:00:00-04:00,9.925000190734863,10.600000381469727,9.899999618530273,10.479999542236328,5231000,0.0,0.0
2003-04-30 00:00:00-04:00,10.475000381469727,10.625,10.375,10.574999809265137,1662200,0.0,0.0
2003-05-01 00:00:00-04:00,10.569999694824219,10.569999694824219,10.210000038146973,10.524999618530273,2246400,0.0,0.0
2003-05-02 00:00:00-04:00,10.524999618530273,10.96500015258789,10.404999732971191,10.949999809265137,1982600,0.0,0.0
2003-05-05 00:00:00-04:00,10.954999923706055,11.5,10.954999923706055,11.300000190734863,3938600,0.0,0.0
2003-05-06 00:00:00-04:00,11.239999771118164,11.265000343322754,10.875,10.989999771118164,2770200,0.0,0.0
2003-05-07 00:00:00-04:00,10.989999771118164,11.0,10.65999984741211,10.699999809265137,1443400,0.0,0.0
2003-05-08 00:00:00-04:00,10.574999809265137,11.199999809265137,10.510000228881836,10.800000190734863,2276400,0.0,0.0
2003-05-09 00:00:00-04:00,10.859999656677246,10.930000305175781,10.755000114440918,10.824999809265137,928600,0.0,0.0
2003-05-12 00:00:00-04:00,10.835000038146973,11.489999771118164,10.75,11.380000114440918,2026800,0.0,0.0
2003-05-13 00:00:00-04:00,11.175000190734863,11.505000114440918,11.130000114440918,11.449999809265137,1534600,0.0,0.0
2003-05-14 00:00:00-04:00,11.425000190734863,11.444999694824219,11.210000038146973,11.244999885559082,2121600,0.0,0.0
2003-05-15 00:00:00-04:00,11.300000190734863,11.399999618530273,10.970000267028809,11.020000457763672,1177200,0.0,0.0
2003-05-16 00:00:00-04:00,11.024999618530273,11.024999618530273,10.524999618530273,10.75,2089400,0.0,0.0
2003-05-19 00:00:00-04:00,10.600000381469727,10.800000190734863,10.460000038146973,10.585000038146973,1006600,0.0,0.0
2003-05-20 00:00:00-04:00,10.829999923706055,10.829999923706055,10.255000114440918,10.399999618530273,1560000,0.0,0.0
2003-05-21 00:00:00-04:00,10.375,10.595000267028809,10.375,10.5,1354800,0.0,0.0
2003-05-22 00:00:00-04:00,10.510000228881836,10.869999885559082,10.324999809265137,10.760000228881836,2847400,0.0,0.0
2003-05-23 00:00:00-04:00,10.765000343322754,11.204999923706055,10.760000228881836,11.149999618530273,1590400,0.0,0.0
2003-05-27 00:00:00-04:00,11.125,11.550000190734863,11.104999542236328,11.524999618530273,1672400,0.0,0.0
2003-05-28 00:00:00-04:00,11.524999618530273,12.0,11.505000114440918,11.970000267028809,3242400,0.0,0.0
2003-05-29 00:00:00-04:00,12.0,12.050000190734863,11.845000267028809,11.845000267028809,2173200,0.0,0.0
2003-05-30 00:00:00-04:00,11.859999656677246,11.925000190734863,11.505000114440918,11.625,2355600,0.0,0.0
2003-06-02 00:00:00-04:00,11.649999618530273,11.770000457763672,11.539999961853027,11.720000267028809,3154600,0.0,0.0
2003-06-03 00:00:00-04:00,11.725000381469727,11.880000114440918,11.600000381469727,11.824999809265137,2737000,0.0,0.0
2003-06-04 00:00:00-04:00,11.819999694824219,12.380000114440918,11.774999618530273,12.359999656677246,4458200,0.0,0.0
2003-06-05 00:00:00-04:00,13.100000381469727,14.75,13.100000381469727,14.699999809265137,9859800,0.0,0.0
2003-06-06 00:00:00-04:00,14.625,15.430000305175781,14.569999694824219,14.699999809265137,4874800,0.0,0.0
2003-06-09 00:00:00-04:00,14.574999809265137,14.574999809265137,13.550000190734863,13.6850004196167,3745200,0.0,0.0
2003-06-10 00:00:00-04:00,13.975000381469727,14.869999885559082,13.954999923706055,14.71500015258789,3483000,0.0,0.0
2003-06-11 00:00:00-04:00,14.71500015258789,15.050000190734863,14.600000381469727,14.899999618530273,1753800,0.0,0.0
2003-06-12 00:00:00-04:00,15.0,15.5,15.0,15.5,2494200,0.0,0.0
2003-06-13 00:00:00-04:00,15.475000381469727,15.479999542236328,14.914999961853027,15.100000381469727,1642200,0.0,0.0
2003-06-16 00:00:00-04:00,15.050000190734863,15.800000190734863,15.0,15.800000190734863,1434400,0.0,0.0
2003-06-17 00:00:00-04:00,16.0,16.0,15.199999809265137,15.260000228881836,1886200,0.0,0.0
2003-06-18 00:00:00-04:00,15.135000228881836,15.449999809265137,15.024999618530273,15.375,1783400,0.0,0.0
2003-06-19 00:00:00-04:00,15.364999771118164,15.5,14.800000190734863,14.850000381469727,1589600,0.0,0.0
2003-06-20 00:00:00-04:00,14.899999618530273,15.220000267028809,14.595000267028809,14.755000114440918,3000600,0.0,0.0
2003-06-23 00:00:00-04:00,14.75,14.875,14.25,14.375,1698000,0.0,0.0
2003-06-24 00:00:00-04:00,14.25,14.449999809265137,13.925000190734863,13.975000381469727,2296200,0.0,0.0
2003-06-25 00:00:00-04:00,13.975000381469727,14.725000381469727,13.920000076293945,14.680000305175781,1949400,0.0,0.0
2003-06-26 00:00:00-04:00,14.680000305175781,14.895000457763672,14.515000343322754,14.885000228881836,1264000,0.0,0.0
2003-06-27 00:00:00-04:00,14.890000343322754,15.5,14.850000381469727,15.319999694824219,2737800,0.0,0.0
2003-06-30 00:00:00-04:00,15.375,15.425000190734863,14.914999961853027,15.074999809265137,1759400,0.0,0.0
2003-07-01 00:00:00-04:00,15.074999809265137,15.074999809265137,14.579999923706055,15.029999732971191,797600,0.0,0.0
2003-07-02 00:00:00-04:00,15.029999732971191,15.270000457763672,14.9399995803833,15.135000228881836,854400,0.0,0.0
2003-07-03 00:00:00-04:00,15.145000457763672,15.449999809265137,15.100000381469727,15.229999542236328,498800,0.0,0.0
2003-07-07 00:00:00-04:00,15.350000381469727,15.649999618530273,15.350000381469727,15.5,1873600,0.0,0.0
2003-07-08 00:00:00-04:00,15.5,16.079999923706055,15.470000267028809,16.065000534057617,1847600,0.0,0.0
2003-07-09 00:00:00-04:00,16.065000534057617,16.360000610351562,16.049999237060547,16.2450008392334,1965600,0.0,0.0
2003-07-10 00:00:00-04:00,16.149999618530273,16.225000381469727,15.774999618530273,15.845000267028809,1751800,0.0,0.0
2003-07-11 00:00:00-04:00,15.845000267028809,17.75,15.6850004196167,17.225000381469727,8351600,0.0,0.0
2003-07-14 00:00:00-04:00,17.700000762939453,19.0,17.450000762939453,17.75,6308200,0.0,0.0
2003-07-15 00:00:00-04:00,17.75,18.225000381469727,17.424999237060547,17.7549991607666,4171000,0.0,0.0
2003-07-16 00:00:00-04:00,17.774999618530273,17.8799991607666,16.799999237060547,17.475000381469727,3552800,0.0,0.0
2003-07-17 00:00:00-04:00,17.375,17.46500015258789,17.1299991607666,17.325000762939453,1869400,0.0,0.0
2003-07-18 00:00:00-04:00,17.325000762939453,17.600000381469727,17.149999618530273,17.5,1945000,0.0,0.0
2003-07-21 00:00:00-04:00,17.475000381469727,17.549999237060547,17.049999237060547,17.315000534057617,2292600,0.0,0.0
2003-07-22 00:00:00-04:00,17.325000762939453,17.75,17.139999389648438,17.53499984741211,1483800,0.0,0.0
2003-07-23 00:00:00-04:00,17.65999984741211,17.670000076293945,17.139999389648438,17.549999237060547,1581800,0.0,0.0
2003-07-24 00:00:00-04:00,17.799999237060547,18.649999618530273,17.799999237060547,18.174999237060547,2559000,0.0,0.0
2003-07-25 00:00:00-04:00,18.174999237060547,18.270000457763672,17.80500030517578,18.25,1096600,0.0,0.0
2003-07-28 00:00:00-04:00,18.2549991607666,18.270000457763672,17.950000762939453,18.0,1004400,0.0,0.0
2003-07-29 00:00:00-04:00,18.125,18.209999084472656,17.924999237060547,18.010000228881836,1470200,0.0,0.0
2003-07-30 00:00:00-04:00,18.014999389648438,18.014999389648438,17.209999084472656,17.225000381469727,2317600,0.0,0.0
2003-07-31 00:00:00-04:00,17.28499984741211,18.0,17.2549991607666,17.75,2162800,0.0,0.0
2003-08-01 00:00:00-04:00,17.549999237060547,17.579999923706055,17.125,17.450000762939453,1538400,0.0,0.0
2003-08-04 00:00:00-04:00,17.5,17.545000076293945,17.299999237060547,17.375,1010200,0.0,0.0
2003-08-05 00:00:00-04:00,17.280000686645508,17.3700008392334,16.975000381469727,16.985000610351562,1041200,0.0,0.0
2003-08-06 00:00:00-04:00,16.860000610351562,17.19499969482422,16.674999237060547,16.885000228881836,1639800,0.0,0.0
2003-08-07 00:00:00-04:00,16.885000228881836,16.885000228881836,16.450000762939453,16.68000030517578,993400,0.0,0.0
2003-08-08 00:00:00-04:00,16.670000076293945,16.899999618530273,16.530000686645508,16.895000457763672,2108000,0.0,0.0
2003-08-11 00:00:00-04:00,16.875,17.094999313354492,16.829999923706055,17.049999237060547,2043400,0.0,0.0
2003-08-12 00:00:00-04:00,17.049999237060547,17.475000381469727,17.0049991607666,17.375,1709600,0.0,0.0
2003-08-13 00:00:00-04:00,17.5,17.530000686645508,17.399999618530273,17.479999542236328,1662200,0.0,0.0
2003-08-14 00:00:00-04:00,17.524999618530273,17.610000610351562,17.450000762939453,17.549999237060547,1183000,0.0,0.0
2003-08-15 00:00:00-04:00,17.645000457763672,17.8700008392334,17.575000762939453,17.704999923706055,296200,0.0,0.0
2003-08-18 00:00:00-04:00,17.725000381469727,18.3700008392334,17.725000381469727,18.0,1370000,0.0,0.0
2003-08-19 00:00:00-04:00,18.125,18.19499969482422,17.854999542236328,18.075000762939453,1993400,0.0,0.0
2003-08-20 00:00:00-04:00,18.024999618530273,18.28499984741211,17.860000610351562,18.21500015258789,1262800,0.0,0.0
2003-08-21 00:00:00-04:00,18.219999313354492,18.405000686645508,18.049999237060547,18.354999542236328,906200,0.0,0.0
2003-08-22 00:00:00-04:00,18.475000381469727,18.625,17.950000762939453,18.104999542236328,1485800,0.0,0.0
2003-08-25 00:00:00-04:00,18.25,18.469999313354492,18.020000457763672,18.44499969482422,986200,0.0,0.0
2003-08-26 00:00:00-04:00,18.2549991607666,18.4950008392334,17.950000762939453,18.4950008392334,1223200,0.0,0.0
2003-08-27 00:00:00-04:00,18.549999237060547,18.594999313354492,18.219999313354492,18.5,1034400,0.0,0.0
2003-08-28 00:00:00-04:00,18.6200008392334,19.290000915527344,18.559999465942383,19.135000228881836,2284400,0.0,0.0
2003-08-29 00:00:00-04:00,19.049999237060547,19.360000610351562,18.950000762939453,19.274999618530273,881800,0.0,0.0
2003-09-02 00:00:00-04:00,19.274999618530273,19.649999618530273,19.225000381469727,19.565000534057617,2410800,0.0,0.0
2003-09-03 00:00:00-04:00,19.25,19.309999465942383,18.635000228881836,18.75,3131800,0.0,0.0
2003-09-04 00:00:00-04:00,18.760000228881836,18.905000686645508,18.375,18.8700008392334,1957200,0.0,0.0
2003-09-05 00:00:00-04:00,18.5,18.5049991607666,17.5,17.725000381469727,7327400,0.0,0.0
2003-09-08 00:00:00-04:00,17.700000762939453,17.774999618530273,16.915000915527344,17.399999618530273,6265000,0.0,0.0
2003-09-09 00:00:00-04:00,17.399999618530273,17.479999542236328,17.09000015258789,17.239999771118164,3381600,0.0,0.0
2003-09-10 00:00:00-04:00,17.225000381469727,17.239999771118164,16.5,16.5,3663000,0.0,0.0
2003-09-11 00:00:00-04:00,16.610000610351562,17.170000076293945,16.579999923706055,17.0,2151000,0.0,0.0
2003-09-12 00:00:00-04:00,16.975000381469727,17.354999542236328,16.854999542236328,17.28499984741211,1514800,0.0,0.0
2003-09-15 00:00:00-04:00,17.225000381469727,17.5,17.075000762939453,17.475000381469727,1714600,0.0,0.0
2003-09-16 00:00:00-04:00,17.450000762939453,18.024999618530273,17.399999618530273,18.014999389648438,1841200,0.0,0.0
2003-09-17 00:00:00-04:00,17.975000381469727,18.0,17.684999465942383,17.834999084472656,1346000,0.0,0.0
2003-09-18 00:00:00-04:00,17.829999923706055,18.485000610351562,17.600000381469727,18.469999313354492,3399600,0.0,0.0
2003-09-19 00:00:00-04:00,18.424999237060547,18.424999237060547,17.809999465942383,17.96500015258789,2774400,0.0,0.0
2003-09-22 00:00:00-04:00,16.700000762939453,17.674999237060547,16.700000762939453,17.625,6498600,0.0,0.0
2003-09-23 00:00:00-04:00,17.524999618530273,17.979999542236328,17.350000381469727,17.96500015258789,1902600,0.0,0.0
2003-09-24 00:00:00-04:00,17.84000015258789,17.8700008392334,17.079999923706055,17.149999618530273,2568200,0.0,0.0
2003-09-25 00:00:00-04:00,17.25,17.299999237060547,16.7450008392334,16.985000610351562,2099600,0.0,0.0
2003-09-26 00:00:00-04:00,16.924999237060547,16.96500015258789,16.424999237060547,16.450000762939453,2371800,0.0,0.0
2003-09-29 00:00:00-04:00,16.524999618530273,17.045000076293945,16.524999618530273,16.815000534057617,2650200,0.0,0.0
2003-09-30 00:00:00-04:00,16.815000534057617,16.815000534057617,16.260000228881836,16.329999923706055,3374800,0.0,0.0
2003-10-01 00:00:00-04:00,16.3799991607666,17.114999771118164,16.09000015258789,17.094999313354492,2641400,0.0,0.0
2003-10-02 00:00:00-04:00,17.094999313354492,17.43000030517578,16.985000610351562,17.25,1919200,0.0,0.0
2003-10-03 00:00:00-04:00,17.5,18.084999084472656,17.364999771118164,17.690000534057617,2503800,0.0,0.0
2003-10-06 00:00:00-04:00,17.899999618530273,18.354999542236328,17.80500030517578,18.334999084472656,2025000,0.0,0.0
2003-10-07 00:00:00-04:00,18.334999084472656,18.5049991607666,18.0,18.469999313354492,2045600,0.0,0.0
2003-10-08 00:00:00-04:00,18.489999771118164,18.690000534057617,18.399999618530273,18.454999923706055,1344600,0.0,0.0
2003-10-09 00:00:00-04:00,18.454999923706055,19.454999923706055,18.454999923706055,19.010000228881836,3436000,0.0,0.0
2003-10-10 00:00:00-04:00,19.075000762939453,19.075000762939453,18.7450008392334,18.975000381469727,1458600,0.0,0.0
2003-10-13 00:00:00-04:00,19.174999237060547,19.375,19.059999465942383,19.28499984741211,1056800,0.0,0.0
2003-10-14 00:00:00-04:00,19.40999984741211,19.625,19.299999237060547,19.625,2630000,0.0,0.0
2003-10-15 00:00:00-04:00,17.0,17.125,15.875,16.155000686645508,23094000,0.0,0.0
2003-10-16 00:00:00-04:00,16.25,16.84000015258789,16.125,16.735000610351562,6088800,0.0,0.0
2003-10-17 00:00:00-04:00,16.739999771118164,16.825000762939453,16.25,16.3799991607666,2720800,0.0,0.0
2003-10-20 00:00:00-04:00,16.549999237060547,16.6200008392334,16.0,16.184999465942383,2532200,0.0,0.0
2003-10-21 00:00:00-04:00,16.184999465942383,16.229999542236328,15.470000267028809,15.524999618530273,5918400,0.0,0.0
2003-10-22 00:00:00-04:00,15.399999618530273,15.454999923706055,15.039999961853027,15.274999618530273,5153400,0.0,0.0
2003-10-23 00:00:00-04:00,15.175000190734863,15.739999771118164,15.15999984741211,15.649999618530273,3947400,0.0,0.0
2003-10-24 00:00:00-04:00,15.5,15.600000381469727,15.34000015258789,15.460000038146973,2044800,0.0,0.0
2003-10-27 00:00:00-05:00,15.625,15.914999961853027,15.614999771118164,15.890000343322754,1660200,0.0,0.0
2003-10-28 00:00:00-05:00,15.895000457763672,15.989999771118164,15.725000381469727,15.960000038146973,2214200,0.0,0.0
2003-10-29 00:00:00-05:00,15.960000038146973,15.960000038146973,15.154999732971191,15.369999885559082,3961600,0.0,0.0
2003-10-30 00:00:00-05:00,15.475000381469727,15.654999732971191,15.300000190734863,15.5649995803833,3686400,0.0,0.0
2003-10-31 00:00:00-05:00,15.699999809265137,15.859999656677246,15.664999961853027,15.755000114440918,1625200,0.0,0.0
2003-11-03 00:00:00-05:00,15.800000190734863,16.174999237060547,15.795000076293945,15.9350004196167,1701200,0.0,0.0
2003-11-04 00:00:00-05:00,15.975000381469727,16.065000534057617,15.850000381469727,15.994999885559082,1723600,0.0,0.0
2003-11-05 00:00:00-05:00,16.049999237060547,16.2549991607666,15.960000038146973,16.0,1267200,0.0,0.0
2003-11-06 00:00:00-05:00,16.0,16.075000762939453,15.75,16.05500030517578,1067000,0.0,0.0
2003-11-07 00:00:00-05:00,16.350000381469727,16.424999237060547,16.155000686645508,16.350000381469727,1215400,0.0,0.0
2003-11-10 00:00:00-05:00,16.325000762939453,16.40999984741211,15.680000305175781,15.880000114440918,3045200,0.0,0.0
2003-11-11 00:00:00-05:00,15.975000381469727,16.110000610351562,15.850000381469727,16.059999465942383,1531000,0.0,0.0
2003-11-12 00:00:00-05:00,16.149999618530273,16.56999969482422,16.045000076293945,16.545000076293945,1690000,0.0,0.0
2003-11-13 00:00:00-05:00,16.545000076293945,17.149999618530273,16.5,17.014999389648438,3145600,0.0,0.0
2003-11-14 00:00:00-05:00,17.0,17.010000228881836,16.520000457763672,16.625,1519200,0.0,0.0
2003-11-17 00:00:00-05:00,16.625,16.625,16.350000381469727,16.4950008392334,2329400,0.0,0.0
2003-11-18 00:00:00-05:00,16.5,16.5,15.720000267028809,15.78499984741211,3890400,0.0,0.0
2003-11-19 00:00:00-05:00,15.875,16.049999237060547,15.375,15.800000190734863,3912200,0.0,0.0
2003-11-20 00:00:00-05:00,15.805000305175781,15.9399995803833,15.654999732971191,15.765000343322754,1968200,0.0,0.0
2003-11-21 00:00:00-05:00,15.920000076293945,16.1200008392334,15.824999809265137,16.0,1070800,0.0,0.0
2003-11-24 00:00:00-05:00,16.100000381469727,16.75,16.05500030517578,16.71500015258789,2854800,0.0,0.0
2003-11-25 00:00:00-05:00,16.71500015258789,16.825000762939453,16.614999771118164,16.790000915527344,3079400,0.0,0.0
2003-11-26 00:00:00-05:00,16.854999542236328,17.045000076293945,16.5,16.565000534057617,1482400,0.0,0.0
2003-11-28 00:00:00-05:00,16.600000381469727,16.690000534057617,16.46500015258789,16.46500015258789,550800,0.0,0.0
2003-12-01 00:00:00-05:00,16.690000534057617,16.954999923706055,16.655000686645508,16.860000610351562,1821000,0.0,0.0
2003-12-02 00:00:00-05:00,16.825000762939453,16.825000762939453,16.690000534057617,16.735000610351562,1391600,0.0,0.0
2003-12-03 00:00:00-05:00,16.924999237060547,17.0049991607666,16.545000076293945,16.559999465942383,2221200,0.0,0.0
2003-12-04 00:00:00-05:00,16.75,16.799999237060547,15.414999961853027,15.574999809265137,4146400,0.0,0.0
2003-12-05 00:00:00-05:00,15.579999923706055,15.600000381469727,15.239999771118164,15.399999618530273,2973800,0.0,0.0
2003-12-08 00:00:00-05:00,15.399999618530273,15.649999618530273,15.3100004196167,15.460000038146973,1078400,0.0,0.0
2003-12-09 00:00:00-05:00,15.949999809265137,15.989999771118164,15.34000015258789,15.475000381469727,1960800,0.0,0.0
2003-12-10 00:00:00-05:00,15.444999694824219,15.444999694824219,14.789999961853027,14.899999618530273,2108800,0.0,0.0
2003-12-11 00:00:00-05:00,15.050000190734863,15.175000190734863,14.824999809265137,14.904999732971191,3746800,0.0,0.0
2003-12-12 00:00:00-05:00,14.90999984741211,14.96500015258789,14.399999618530273,14.574999809265137,4123200,0.0,0.0
2003-12-15 00:00:00-05:00,14.895000457763672,14.989999771118164,14.744999885559082,14.824999809265137,2624800,0.0,0.0
2003-12-16 00:00:00-05:00,14.805000305175781,14.890000343322754,14.614999771118164,14.850000381469727,2410200,0.0,0.0
2003-12-17 00:00:00-05:00,14.75,15.5,14.354999542236328,14.979999542236328,4447600,0.0,0.0
2003-12-18 00:00:00-05:00,15.350000381469727,15.734999656677246,15.3100004196167,15.694999694824219,4070600,0.0,0.0
2003-12-19 00:00:00-05:00,15.770000457763672,15.859999656677246,15.524999618530273,15.800000190734863,2624000,0.0,0.0
2003-12-22 00:00:00-05:00,15.699999809265137,16.049999237060547,15.475000381469727,15.675000190734863,934000,0.0,0.0
2003-12-23 00:00:00-05:00,15.680000305175781,15.875,15.555000305175781,15.744999885559082,625000,0.0,0.0
2003-12-24 00:00:00-05:00,15.619999885559082,15.6850004196167,15.444999694824219,15.604999542236328,393400,0.0,0.0
2003-12-26 00:00:00-05:00,15.574999809265137,15.845000267028809,15.539999961853027,15.630000114440918,284600,0.0,0.0
2003-12-29 00:00:00-05:00,15.635000228881836,15.875,15.569999694824219,15.78499984741211,706000,0.0,0.0
2003-12-30 00:00:00-05:00,15.475000381469727,15.800000190734863,15.319999694824219,15.399999618530273,1917000,0.0,0.0
2003-12-31 00:00:00-05:00,15.5,15.5,15.300000190734863,15.46500015258789,1823600,0.0,0.0
2004-01-02 00:00:00-05:00,15.414999961853027,15.53499984741211,15.199999809265137,15.239999771118164,2135800,0.0,0.0
2004-01-05 00:00:00-05:00,15.5,15.609999656677246,15.385000228881836,15.5,1686800,0.0,0.0
2004-01-06 00:00:00-05:00,15.505000114440918,15.899999618530273,15.350000381469727,15.850000381469727,1449400,0.0,0.0
2004-01-07 00:00:00-05:00,15.800000190734863,16.125,15.600000381469727,16.125,1768200,0.0,0.0
2004-01-08 00:00:00-05:00,16.125,16.155000686645508,15.515000343322754,15.579999923706055,1558800,0.0,0.0
2004-01-09 00:00:00-05:00,15.529999732971191,15.5600004196167,15.024999618530273,15.149999618530273,2366400,0.0,0.0
2004-01-12 00:00:00-05:00,15.100000381469727,15.104999542236328,14.779999732971191,14.875,3278400,0.0,0.0
2004-01-13 00:00:00-05:00,14.854999542236328,14.944999694824219,14.520000457763672,14.574999809265137,4309800,0.0,0.0
2004-01-14 00:00:00-05:00,14.574999809265137,14.869999885559082,14.5649995803833,14.755000114440918,2783000,0.0,0.0
2004-01-15 00:00:00-05:00,14.774999618530273,14.800000190734863,14.5649995803833,14.680000305175781,1135200,0.0,0.0
2004-01-16 00:00:00-05:00,15.25,17.075000762939453,15.1850004196167,16.540000915527344,9666800,0.0,0.0
2004-01-20 00:00:00-05:00,16.649999618530273,16.700000762939453,16.3799991607666,16.674999237060547,2955200,0.0,0.0
2004-01-21 00:00:00-05:00,16.674999237060547,17.649999618530273,16.625,17.549999237060547,5446600,0.0,0.0
2004-01-22 00:00:00-05:00,17.850000381469727,18.549999237060547,17.565000534057617,17.69499969482422,4670800,0.0,0.0
2004-01-23 00:00:00-05:00,17.514999389648438,17.575000762939453,17.094999313354492,17.290000915527344,2366600,0.0,0.0
2004-01-26 00:00:00-05:00,17.165000915527344,17.354999542236328,16.950000762939453,17.280000686645508,1459000,0.0,0.0
2004-01-27 00:00:00-05:00,17.03499984741211,17.075000762939453,16.7549991607666,16.825000762939453,2326800,0.0,0.0
2004-01-28 00:00:00-05:00,16.854999542236328,17.174999237060547,16.405000686645508,16.5,2345000,0.0,0.0
2004-01-29 00:00:00-05:00,16.625,16.639999389648438,16.100000381469727,16.299999237060547,1442400,0.0,0.0
2004-01-30 00:00:00-05:00,16.375,16.815000534057617,16.299999237060547,16.674999237060547,1489200,0.0,0.0
2004-02-02 00:00:00-05:00,16.725000381469727,17.024999618530273,16.450000762939453,16.6200008392334,1345400,0.0,0.0
2004-02-03 00:00:00-05:00,16.549999237060547,16.645000457763672,16.395000457763672,16.454999923706055,860000,0.0,0.0
2004-02-04 00:00:00-05:00,16.329999923706055,16.7450008392334,16.200000762939453,16.40999984741211,2312000,0.0,0.0
2004-02-05 00:00:00-05:00,16.5,16.815000534057617,16.5,16.610000610351562,1311600,0.0,0.0
2004-02-06 00:00:00-05:00,16.719999313354492,17.200000762939453,16.700000762939453,17.024999618530273,1648600,0.0,0.0
2004-02-09 00:00:00-05:00,17.299999237060547,17.5,17.0,17.0,992400,0.0,0.0
2004-02-10 00:00:00-05:00,17.0,17.1200008392334,16.875,16.989999771118164,603200,0.0,0.0
2004-02-11 00:00:00-05:00,16.989999771118164,17.200000762939453,16.790000915527344,17.0,1730600,0.0,0.0
2004-02-12 00:00:00-05:00,17.0,17.1200008392334,16.809999465942383,16.9950008392334,2228800,0.0,0.0
2004-02-13 00:00:00-05:00,16.9950008392334,17.155000686645508,16.9950008392334,17.104999542236328,2060400,0.0,0.0
2004-02-17 00:00:00-05:00,17.200000762939453,17.600000381469727,17.084999084472656,17.489999771118164,2030400,0.0,0.0
2004-02-18 00:00:00-05:00,17.614999771118164,17.934999465942383,17.424999237060547,17.53499984741211,2085000,0.0,0.0
2004-02-19 00:00:00-05:00,17.825000762939453,17.850000381469727,17.46500015258789,17.549999237060547,1921600,0.0,0.0
2004-02-20 00:00:00-05:00,17.530000686645508,17.540000915527344,17.18000030517578,17.350000381469727,1712800,0.0,0.0
2004-02-23 00:00:00-05:00,17.475000381469727,17.489999771118164,16.75,16.975000381469727,2116600,0.0,0.0
2004-02-24 00:00:00-05:00,16.979999542236328,16.979999542236328,16.5,16.600000381469727,2649200,0.0,0.0
2004-02-25 00:00:00-05:00,16.649999618530273,16.774999618530273,16.5049991607666,16.700000762939453,1200200,0.0,0.0
2004-02-26 00:00:00-05:00,16.700000762939453,16.834999084472656,16.55500030517578,16.594999313354492,1536600,0.0,0.0
2004-02-27 00:00:00-05:00,16.674999237060547,17.225000381469727,16.639999389648438,17.0,4385400,0.0,0.0
2004-03-01 00:00:00-05:00,17.100000381469727,18.100000381469727,17.100000381469727,17.690000534057617,4446800,0.0,0.0
2004-03-02 00:00:00-05:00,17.549999237060547,17.700000762939453,17.329999923706055,17.385000228881836,1520600,0.0,0.0
2004-03-03 00:00:00-05:00,17.350000381469727,17.350000381469727,16.8700008392334,17.040000915527344,2841000,0.0,0.0
2004-03-04 00:00:00-05:00,17.040000915527344,17.040000915527344,15.5,16.5,13953400,0.0,0.0
2004-03-05 00:00:00-05:00,16.5049991607666,17.100000381469727,16.43000030517578,16.889999389648438,2155800,0.0,0.0
2004-03-08 00:00:00-05:00,17.139999389648438,17.299999237060547,16.75,16.774999618530273,2141600,0.0,0.0
2004-03-09 00:00:00-05:00,16.795000076293945,16.875,16.44499969482422,16.575000762939453,1261600,0.0,0.0
2004-03-10 00:00:00-05:00,16.739999771118164,16.739999771118164,16.0,16.059999465942383,3244000,0.0,0.0
2004-03-11 00:00:00-05:00,16.010000228881836,16.149999618530273,15.84000015258789,15.854999542236328,2276400,0.0,0.0
2004-03-12 00:00:00-05:00,15.979999542236328,16.219999313354492,15.335000038146973,15.425000190734863,4396000,0.0,0.0
2004-03-15 00:00:00-05:00,15.449999809265137,15.449999809265137,14.675000190734863,14.6850004196167,5977800,0.0,0.0
2004-03-16 00:00:00-05:00,14.800000190734863,14.800000190734863,14.25,14.5600004196167,5244200,0.0,0.0
2004-03-17 00:00:00-05:00,14.774999618530273,14.774999618530273,14.225000381469727,14.390000343322754,6262800,0.0,0.0
2004-03-18 00:00:00-05:00,14.635000228881836,14.635000228881836,14.175000190734863,14.255000114440918,3287400,0.0,0.0
2004-03-19 00:00:00-05:00,14.350000381469727,14.385000228881836,14.039999961853027,14.140000343322754,1900000,0.0,0.0
2004-03-22 00:00:00-05:00,14.0,14.024999618530273,13.729999542236328,13.925000190734863,3434400,0.0,0.0
2004-03-23 00:00:00-05:00,14.024999618530273,14.069999694824219,13.404999732971191,13.600000381469727,6336400,0.0,0.0
2004-03-24 00:00:00-05:00,13.625,13.850000381469727,13.335000038146973,13.670000076293945,6379600,0.0,0.0
2004-03-25 00:00:00-05:00,13.875,14.529999732971191,13.800000190734863,14.220000267028809,5039000,0.0,0.0
2004-03-26 00:00:00-05:00,14.449999809265137,14.725000381469727,14.289999961853027,14.289999961853027,3832000,0.0,0.0
2004-03-29 00:00:00-05:00,14.600000381469727,14.625,14.0600004196167,14.354999542236328,4676000,0.0,0.0
2004-03-30 00:00:00-05:00,14.125,14.479999542236328,13.645000457763672,14.25,12683200,0.0,0.0
2004-03-31 00:00:00-05:00,14.324999809265137,14.78499984741211,14.25,14.600000381469727,7410200,0.0,0.0
2004-04-01 00:00:00-05:00,14.949999809265137,14.949999809265137,14.654999732971191,14.765000343322754,4988200,0.0,0.0
2004-04-02 00:00:00-05:00,14.744999885559082,14.75,14.119999885559082,14.494999885559082,4987600,0.0,0.0
2004-04-05 00:00:00-04:00,14.949999809265137,15.149999618530273,14.720000267028809,15.130000114440918,3964800,0.0,0.0
2004-04-06 00:00:00-04:00,15.039999961853027,15.234999656677246,14.930000305175781,15.085000038146973,1853000,0.0,0.0
2004-04-07 00:00:00-04:00,14.984999656677246,15.029999732971191,14.640000343322754,14.885000228881836,1903600,0.0,0.0
2004-04-08 00:00:00-04:00,14.949999809265137,15.0,14.515000343322754,14.609999656677246,1622600,0.0,0.0
2004-04-12 00:00:00-04:00,14.524999618530273,15.074999809265137,14.524999618530273,14.904999732971191,1579400,0.0,0.0
2004-04-13 00:00:00-04:00,14.954999923706055,14.989999771118164,14.555000305175781,14.699999809265137,2543400,0.0,0.0
2004-04-14 00:00:00-04:00,14.625,14.960000038146973,14.510000228881836,14.850000381469727,3066000,0.0,0.0
2004-04-15 00:00:00-04:00,14.824999809265137,14.875,14.5,14.664999961853027,3488800,0.0,0.0
2004-04-16 00:00:00-04:00,14.475000381469727,14.515000343322754,14.145000457763672,14.255000114440918,3306000,0.0,0.0
2004-04-19 00:00:00-04:00,14.239999771118164,14.239999771118164,13.8100004196167,13.949999809265137,5822600,0.0,0.0
2004-04-20 00:00:00-04:00,13.954999923706055,14.255000114440918,13.859999656677246,13.864999771118164,3707600,0.0,0.0
2004-04-21 00:00:00-04:00,13.989999771118164,14.164999961853027,13.725000381469727,14.100000381469727,2715200,0.0,0.0
2004-04-22 00:00:00-04:00,14.100000381469727,14.279999732971191,13.835000038146973,14.050000190734863,2907000,0.0,0.0
2004-04-23 00:00:00-04:00,13.399999618530273,13.8100004196167,12.899999618530273,13.720000267028809,10881800,0.0,0.0
2004-04-26 00:00:00-04:00,13.845000267028809,13.979999542236328,13.625,13.739999771118164,2779000,0.0,0.0
2004-04-27 00:00:00-04:00,13.725000381469727,13.800000190734863,13.53499984741211,13.625,2470800,0.0,0.0
2004-04-28 00:00:00-04:00,13.600000381469727,13.600000381469727,13.130000114440918,13.274999618530273,3652400,0.0,0.0
2004-04-29 00:00:00-04:00,13.645000457763672,13.645000457763672,12.630000114440918,12.859999656677246,5783400,0.0,0.0
2004-04-30 00:00:00-04:00,12.899999618530273,13.194999694824219,12.869999885559082,12.960000038146973,4147000,0.0,0.0
2004-05-03 00:00:00-04:00,12.96500015258789,13.1899995803833,12.875,13.135000228881836,3284400,0.0,0.0
2004-05-04 00:00:00-04:00,13.074999809265137,13.15999984741211,12.899999618530273,13.0,2424400,0.0,0.0
2004-05-05 00:00:00-04:00,13.100000381469727,13.210000038146973,13.0,13.130000114440918,2218800,0.0,0.0
2004-05-06 00:00:00-04:00,13.125,13.175000190734863,12.699999809265137,12.84000015258789,2967200,0.0,0.0
2004-05-07 00:00:00-04:00,12.845000267028809,12.845000267028809,12.0600004196167,12.414999961853027,5505800,0.0,0.0
2004-05-10 00:00:00-04:00,12.274999618530273,12.3100004196167,12.015000343322754,12.135000228881836,5095600,0.0,0.0
2004-05-11 00:00:00-04:00,12.140000343322754,12.550000190734863,12.140000343322754,12.5,2904400,0.0,0.0
2004-05-12 00:00:00-04:00,11.005000114440918,11.649999618530273,10.789999961853027,10.850000381469727,25148000,0.0,0.0
2004-05-13 00:00:00-04:00,10.875,11.100000381469727,10.300000190734863,10.859999656677246,9227000,0.0,0.0
2004-05-14 00:00:00-04:00,10.859999656677246,11.25,10.630000114440918,11.125,5206000,0.0,0.0
2004-05-17 00:00:00-04:00,10.75,10.835000038146973,10.574999809265137,10.800000190734863,6459600,0.0,0.0
2004-05-18 00:00:00-04:00,10.805000305175781,11.229999542236328,10.805000305175781,11.21500015258789,3509200,0.0,0.0
2004-05-19 00:00:00-04:00,11.229999542236328,11.630000114440918,11.199999809265137,11.239999771118164,4316800,0.0,0.0
2004-05-20 00:00:00-04:00,11.239999771118164,11.239999771118164,10.899999618530273,11.03499984741211,3180200,0.0,0.0
2004-05-21 00:00:00-04:00,11.050000190734863,11.210000038146973,10.975000381469727,11.210000038146973,3387600,0.0,0.0
2004-05-24 00:00:00-04:00,11.25,11.574999809265137,11.229999542236328,11.380000114440918,1834400,0.0,0.0
2004-05-25 00:00:00-04:00,11.425000190734863,11.9350004196167,11.300000190734863,11.850000381469727,3392600,0.0,0.0
2004-05-26 00:00:00-04:00,11.875,11.914999961853027,11.59000015258789,11.614999771118164,2468600,0.0,0.0
2004-05-27 00:00:00-04:00,11.595000267028809,11.774999618530273,11.350000381469727,11.550000190734863,3519200,0.0,0.0
2004-05-28 00:00:00-04:00,11.550000190734863,11.574999809265137,11.390000343322754,11.4350004196167,2479400,0.0,0.0
2004-06-01 00:00:00-04:00,11.524999618530273,11.800000190734863,11.324999809265137,11.324999809265137,3628800,0.0,0.0
2004-06-02 00:00:00-04:00,11.5,11.524999618530273,10.925000190734863,11.0,5925400,0.0,0.0
2004-06-03 00:00:00-04:00,10.954999923706055,10.975000381469727,10.824999809265137,10.824999809265137,4812200,0.0,0.0
2004-06-04 00:00:00-04:00,11.199999809265137,11.270000457763672,10.824999809265137,10.854999542236328,4926200,0.0,0.0
2004-06-07 00:00:00-04:00,10.895000457763672,11.09000015258789,10.875,11.015000343322754,3177600,0.0,0.0
2004-06-08 00:00:00-04:00,11.039999961853027,11.335000038146973,11.0,11.229999542236328,2447000,0.0,0.0
2004-06-09 00:00:00-04:00,11.229999542236328,11.895000457763672,11.225000381469727,11.569999694824219,6923400,0.0,0.0
2004-06-10 00:00:00-04:00,11.569999694824219,11.59000015258789,11.25,11.25,2602400,0.0,0.0
2004-06-14 00:00:00-04:00,11.255000114440918,11.40999984741211,11.1850004196167,11.1850004196167,2912800,0.0,0.0
2004-06-15 00:00:00-04:00,11.350000381469727,11.399999618530273,11.125,11.15999984741211,2041800,0.0,0.0
2004-06-16 00:00:00-04:00,10.975000381469727,11.0,10.795000076293945,10.800000190734863,3244000,0.0,0.0
2004-06-17 00:00:00-04:00,10.5,11.239999771118164,10.21500015258789,10.755000114440918,5436400,0.0,0.0
2004-06-18 00:00:00-04:00,10.760000228881836,10.850000381469727,10.630000114440918,10.710000038146973,2939400,0.0,0.0
2004-06-21 00:00:00-04:00,10.734999656677246,10.800000190734863,10.604999542236328,10.664999961853027,2198400,0.0,0.0
2004-06-22 00:00:00-04:00,10.664999961853027,10.699999809265137,10.520000457763672,10.640000343322754,1489400,0.0,0.0
2004-06-23 00:00:00-04:00,10.585000038146973,10.664999961853027,10.555000305175781,10.630000114440918,1381200,0.0,0.0
2004-06-24 00:00:00-04:00,10.630000114440918,10.774999618530273,10.574999809265137,10.604999542236328,1748800,0.0,0.0
2004-06-25 00:00:00-04:00,10.579999923706055,10.694999694824219,10.484999656677246,10.520000457763672,1514800,0.0,0.0
2004-06-28 00:00:00-04:00,10.699999809265137,11.0,10.574999809265137,10.779999732971191,3227800,0.0,0.0
2004-06-29 00:00:00-04:00,10.75,10.819999694824219,10.670000076293945,10.71500015258789,2374800,0.0,0.0
2004-06-30 00:00:00-04:00,10.71500015258789,10.9350004196167,10.630000114440918,10.9350004196167,2039400,0.0,0.0
2004-07-01 00:00:00-04:00,10.835000038146973,10.885000228881836,10.5,10.510000228881836,2718400,0.0,0.0
2004-07-02 00:00:00-04:00,10.524999618530273,10.524999618530273,10.255000114440918,10.255000114440918,3745600,0.0,0.0
2004-07-06 00:00:00-04:00,10.255000114440918,10.260000228881836,10.029999732971191,10.029999732971191,3092000,0.0,0.0
2004-07-07 00:00:00-04:00,10.125,10.354999542236328,9.949999809265137,9.949999809265137,4770600,0.0,0.0
2004-07-08 00:00:00-04:00,9.9399995803833,9.989999771118164,9.680000305175781,9.6899995803833,4805800,0.0,0.0
2004-07-09 00:00:00-04:00,9.71500015258789,10.024999618530273,9.630000114440918,9.930000305175781,2717600,0.0,0.0
2004-07-12 00:00:00-04:00,10.0,10.020000457763672,9.71500015258789,9.944999694824219,2136800,0.0,0.0
2004-07-13 00:00:00-04:00,9.925000190734863,10.045000076293945,9.824999809265137,9.9350004196167,1215200,0.0,0.0
2004-07-14 00:00:00-04:00,9.824999809265137,9.829999923706055,9.489999771118164,9.524999618530273,3472400,0.0,0.0
2004-07-15 00:00:00-04:00,9.53499984741211,9.59000015258789,9.375,9.420000076293945,2705200,0.0,0.0
2004-07-16 00:00:00-04:00,9.460000038146973,9.53499984741211,9.225000381469727,9.225000381469727,2741800,0.0,0.0
2004-07-19 00:00:00-04:00,9.229999542236328,9.460000038146973,9.024999618530273,9.369999885559082,2894000,0.0,0.0
2004-07-20 00:00:00-04:00,9.350000381469727,9.420000076293945,9.210000038146973,9.369999885559082,1447600,0.0,0.0
2004-07-21 00:00:00-04:00,9.449999809265137,9.765000343322754,9.350000381469727,9.399999618530273,2667800,0.0,0.0
2004-07-22 00:00:00-04:00,9.385000228881836,9.600000381469727,9.265000343322754,9.595000267028809,4090800,0.0,0.0
2004-07-23 00:00:00-04:00,9.850000381469727,9.850000381469727,9.579999923706055,9.71500015258789,3046200,0.0,0.0
2004-07-26 00:00:00-04:00,9.664999961853027,9.795000076293945,9.600000381469727,9.71500015258789,2518600,0.0,0.0
2004-07-27 00:00:00-04:00,9.699999809265137,10.399999618530273,9.699999809265137,10.399999618530273,5103000,0.0,0.0
2004-07-28 00:00:00-04:00,10.375,10.375,10.050000190734863,10.199999809265137,2450600,0.0,0.0
2004-07-29 00:00:00-04:00,10.199999809265137,10.5,10.135000228881836,10.300000190734863,3118600,0.0,0.0
2004-07-30 00:00:00-04:00,10.274999618530273,10.470000267028809,10.25,10.399999618530273,2473400,0.0,0.0
2004-08-02 00:00:00-04:00,10.300000190734863,10.369999885559082,10.125,10.21500015258789,2819000,0.0,0.0
2004-08-03 00:00:00-04:00,10.21500015258789,10.21500015258789,9.604999542236328,9.654999732971191,8392200,0.0,0.0
2004-08-04 00:00:00-04:00,9.819999694824219,9.895000457763672,9.78499984741211,9.835000038146973,6611000,0.0,0.0
2004-08-05 00:00:00-04:00,9.850000381469727,9.899999618530273,9.600000381469727,9.600000381469727,3593400,0.0,0.0
2004-08-06 00:00:00-04:00,9.600000381469727,9.6850004196167,9.399999618530273,9.46500015258789,1889000,0.0,0.0
2004-08-09 00:00:00-04:00,9.46500015258789,9.609999656677246,9.399999618530273,9.404999732971191,1239000,0.0,0.0
2004-08-10 00:00:00-04:00,9.4399995803833,9.835000038146973,9.425000190734863,9.755000114440918,2202400,0.0,0.0
2004-08-11 00:00:00-04:00,9.744999885559082,9.779999732971191,9.529999732971191,9.734999656677246,1319600,0.0,0.0
2004-08-12 00:00:00-04:00,9.734999656677246,9.734999656677246,9.414999961853027,9.449999809265137,1245200,0.0,0.0
2004-08-13 00:00:00-04:00,9.449999809265137,9.53499984741211,9.319999694824219,9.380000114440918,1208600,0.0,0.0
2004-08-16 00:00:00-04:00,9.25,9.854999542236328,9.149999618530273,9.824999809265137,2972000,0.0,0.0
2004-08-17 00:00:00-04:00,9.625,9.90999984741211,9.375,9.734999656677246,9903600,0.0,0.0
2004-08-18 00:00:00-04:00,9.734999656677246,10.149999618530273,9.609999656677246,10.09000015258789,2521000,0.0,0.0
2004-08-19 00:00:00-04:00,9.975000381469727,10.005000114440918,9.725000381469727,9.84000015258789,3046600,0.0,0.0
2004-08-20 00:00:00-04:00,9.835000038146973,9.835000038146973,9.600000381469727,9.699999809265137,2568200,0.0,0.0
2004-08-23 00:00:00-04:00,9.694999694824219,9.800000190734863,9.53499984741211,9.53499984741211,1587200,0.0,0.0
2004-08-24 00:00:00-04:00,9.585000038146973,9.720000267028809,9.524999618530273,9.569999694824219,1833600,0.0,0.0
2004-08-25 00:00:00-04:00,9.569999694824219,9.739999771118164,9.505000114440918,9.675000190734863,936400,0.0,0.0
2004-08-26 00:00:00-04:00,9.6850004196167,9.774999618530273,9.625,9.680000305175781,1203000,0.0,0.0
2004-08-27 00:00:00-04:00,9.699999809265137,9.770000457763672,9.625,9.725000381469727,851000,0.0,0.0
2004-08-30 00:00:00-04:00,9.725000381469727,9.835000038146973,9.550000190734863,9.755000114440918,1550200,0.0,0.0
2004-08-31 00:00:00-04:00,9.755000114440918,9.800000190734863,9.614999771118164,9.789999961853027,1415400,0.0,0.0
2004-09-01 00:00:00-04:00,9.789999961853027,9.854999542236328,9.614999771118164,9.725000381469727,1496400,0.0,0.0
2004-09-02 00:00:00-04:00,9.725000381469727,10.484999656677246,9.694999694824219,10.399999618530273,2563400,0.0,0.0
2004-09-03 00:00:00-04:00,10.399999618530273,10.494999885559082,10.1899995803833,10.25,1664800,0.0,0.0
2004-09-07 00:00:00-04:00,10.274999618530273,10.75,10.234999656677246,10.65999984741211,2880600,0.0,0.0
2004-09-08 00:00:00-04:00,10.65999984741211,11.100000381469727,10.609999656677246,10.704999923706055,4398800,0.0,0.0
2004-09-09 00:00:00-04:00,10.704999923706055,10.710000038146973,10.414999961853027,10.449999809265137,3136800,0.0,0.0
2004-09-10 00:00:00-04:00,10.449999809265137,10.470000267028809,10.329999923706055,10.354999542236328,2041600,0.0,0.0
2004-09-13 00:00:00-04:00,10.395000457763672,10.699999809265137,10.395000457763672,10.595000267028809,3854800,0.0,0.0
2004-09-14 00:00:00-04:00,10.595000267028809,10.649999618530273,10.324999809265137,10.5,1755600,0.0,0.0
2004-09-15 00:00:00-04:00,10.5,10.600000381469727,10.444999694824219,10.449999809265137,1473000,0.0,0.0
2004-09-16 00:00:00-04:00,10.46500015258789,10.649999618530273,10.46500015258789,10.545000076293945,1484000,0.0,0.0
2004-09-17 00:00:00-04:00,10.545000076293945,10.96500015258789,10.505000114440918,10.800000190734863,2679600,0.0,0.0
2004-09-20 00:00:00-04:00,10.899999618530273,10.975000381469727,10.260000228881836,10.449999809265137,6111800,0.0,0.0
2004-09-21 00:00:00-04:00,10.449999809265137,10.600000381469727,10.369999885559082,10.550000190734863,2349400,0.0,0.0
2004-09-22 00:00:00-04:00,10.550000190734863,10.734999656677246,10.34000015258789,10.364999771118164,1343200,0.0,0.0
2004-09-23 00:00:00-04:00,10.324999809265137,10.444999694824219,10.21500015258789,10.369999885559082,1547600,0.0,0.0
2004-09-24 00:00:00-04:00,10.375,10.5600004196167,10.369999885559082,10.479999542236328,1558600,0.0,0.0
2004-09-27 00:00:00-04:00,10.479999542236328,10.479999542236328,10.234999656677246,10.234999656677246,1727400,0.0,0.0
2004-09-28 00:00:00-04:00,10.239999771118164,10.350000381469727,10.1850004196167,10.3149995803833,2095400,0.0,0.0
2004-09-29 00:00:00-04:00,10.274999618530273,10.425000190734863,10.25,10.399999618530273,2256800,0.0,0.0
2004-09-30 00:00:00-04:00,10.404999732971191,10.875,10.404999732971191,10.774999618530273,2522000,0.0,0.0
2004-10-01 00:00:00-04:00,10.795000076293945,11.555000305175781,10.75,11.430000305175781,6579000,0.0,0.0
2004-10-04 00:00:00-04:00,11.625,11.899999618530273,11.604999542236328,11.6850004196167,6739600,0.0,0.0
2004-10-05 00:00:00-04:00,11.6850004196167,11.774999618530273,11.454999923706055,11.515000343322754,2037000,0.0,0.0
2004-10-06 00:00:00-04:00,11.375,11.505000114440918,11.024999618530273,11.4399995803833,3757400,0.0,0.0
2004-10-07 00:00:00-04:00,11.444999694824219,11.574999809265137,11.375,11.4350004196167,2393600,0.0,0.0
2004-10-08 00:00:00-04:00,11.319999694824219,11.380000114440918,11.244999885559082,11.295000076293945,2571600,0.0,0.0
2004-10-11 00:00:00-04:00,11.300000190734863,11.555000305175781,11.255000114440918,11.475000381469727,1794200,0.0,0.0
2004-10-12 00:00:00-04:00,11.444999694824219,11.449999809265137,11.234999656677246,11.375,2420200,0.0,0.0
2004-10-13 00:00:00-04:00,11.399999618530273,11.645000457763672,11.390000343322754,11.5600004196167,2406800,0.0,0.0
2004-10-14 00:00:00-04:00,11.5600004196167,11.5600004196167,10.970000267028809,11.095000267028809,4405000,0.0,0.0
2004-10-15 00:00:00-04:00,11.095000267028809,11.529999732971191,11.024999618530273,11.399999618530273,2680200,0.0,0.0
2004-10-18 00:00:00-04:00,11.399999618530273,12.119999885559082,11.395000457763672,12.020000457763672,4397200,0.0,0.0
2004-10-19 00:00:00-04:00,12.045000076293945,12.449999809265137,12.045000076293945,12.25,5717200,0.0,0.0
2004-10-20 00:00:00-04:00,11.975000381469727,12.305000305175781,11.904999732971191,12.260000228881836,2308400,0.0,0.0
2004-10-21 00:00:00-04:00,12.260000228881836,12.425000190734863,12.03499984741211,12.354999542236328,1780000,0.0,0.0
2004-10-22 00:00:00-04:00,12.324999809265137,12.675000190734863,12.270000457763672,12.274999618530273,1857800,0.0,0.0
2004-10-25 00:00:00-04:00,12.25,12.6899995803833,12.0649995803833,12.59000015258789,2162600,0.0,0.0
2004-10-26 00:00:00-04:00,12.545000076293945,13.020000457763672,12.34000015258789,12.944999694824219,3141800,0.0,0.0
2004-10-27 00:00:00-04:00,13.050000190734863,13.300000190734863,12.970000267028809,13.069999694824219,2979800,0.0,0.0
2004-10-28 00:00:00-04:00,13.069999694824219,13.199999809265137,12.875,13.055000305175781,2374800,0.0,0.0
2004-10-29 00:00:00-04:00,13.0,13.244999885559082,13.0,13.170000076293945,1602400,0.0,0.0
2004-11-01 00:00:00-05:00,13.15999984741211,13.25,12.975000381469727,13.135000228881836,1329000,0.0,0.0
2004-11-02 00:00:00-05:00,13.010000228881836,13.175000190734863,12.800000190734863,12.854999542236328,3826200,0.0,0.0
2004-11-03 00:00:00-05:00,12.949999809265137,13.0,12.824999809265137,12.914999961853027,2021400,0.0,0.0
2004-11-04 00:00:00-05:00,12.914999961853027,13.265000343322754,12.895000457763672,13.265000343322754,2622800,0.0,0.0
2004-11-05 00:00:00-05:00,13.390000343322754,14.015000343322754,13.345000267028809,13.619999885559082,2644600,0.0,0.0
2004-11-08 00:00:00-05:00,13.5,13.5,13.130000114440918,13.225000381469727,1602000,0.0,0.0
2004-11-09 00:00:00-05:00,13.25,13.444999694824219,13.095000267028809,13.095000267028809,1317400,0.0,0.0
2004-11-10 00:00:00-05:00,13.180000305175781,13.3149995803833,13.100000381469727,13.15999984741211,1455800,0.0,0.0
2004-11-11 00:00:00-05:00,13.199999809265137,13.300000190734863,12.984999656677246,13.210000038146973,1534200,0.0,0.0
2004-11-12 00:00:00-05:00,13.21500015258789,13.579999923706055,13.149999618530273,13.539999961853027,948000,0.0,0.0
2004-11-15 00:00:00-05:00,13.550000190734863,13.739999771118164,13.449999809265137,13.635000228881836,1110000,0.0,0.0
2004-11-16 00:00:00-05:00,14.699999809265137,14.850000381469727,14.345000267028809,14.53499984741211,8340400,0.0,0.0
2004-11-17 00:00:00-05:00,14.625,15.125,14.625,14.75,4314200,0.0,0.0
2004-11-18 00:00:00-05:00,14.859999656677246,14.970000267028809,14.479999542236328,14.649999618530273,2343600,0.0,0.0
2004-11-19 00:00:00-05:00,14.625,14.625,14.295000076293945,14.295000076293945,1336400,0.0,0.0
2004-11-22 00:00:00-05:00,14.300000190734863,14.404999732971191,14.015000343322754,14.359999656677246,1588000,0.0,0.0
2004-11-23 00:00:00-05:00,14.425000190734863,14.550000190734863,14.300000190734863,14.329999923706055,1553600,0.0,0.0
2004-11-24 00:00:00-05:00,14.375,14.489999771118164,14.25,14.4399995803833,1516800,0.0,0.0
2004-11-26 00:00:00-05:00,14.524999618530273,14.574999809265137,14.260000228881836,14.449999809265137,521400,0.0,0.0
2004-11-29 00:00:00-05:00,14.449999809265137,14.529999732971191,14.34000015258789,14.369999885559082,1638800,0.0,0.0
2004-11-30 00:00:00-05:00,14.390000343322754,14.395000457763672,13.904999732971191,13.925000190734863,2182200,0.0,0.0
2004-12-01 00:00:00-05:00,14.149999618530273,14.175000190734863,13.75,13.944999694824219,2811800,0.0,0.0
2004-12-02 00:00:00-05:00,13.944999694824219,13.944999694824219,13.744999885559082,13.800000190734863,2100000,0.0,0.0
2004-12-03 00:00:00-05:00,13.75,14.220000267028809,13.744999885559082,14.055000305175781,1740200,0.0,0.0
2004-12-06 00:00:00-05:00,13.625,13.800000190734863,13.329999923706055,13.510000228881836,3089600,0.0,0.0
2004-12-07 00:00:00-05:00,13.399999618530273,13.670000076293945,13.25,13.25,1695200,0.0,0.0
2004-12-08 00:00:00-05:00,13.25,13.279999732971191,13.09000015258789,13.260000228881836,2111400,0.0,0.0
2004-12-09 00:00:00-05:00,13.25,13.345000267028809,13.024999618530273,13.319999694824219,1040600,0.0,0.0
2004-12-10 00:00:00-05:00,13.28499984741211,13.359999656677246,13.149999618530273,13.274999618530273,766200,0.0,0.0
2004-12-13 00:00:00-05:00,13.274999618530273,13.53499984741211,13.274999618530273,13.5,1376200,0.0,0.0
2004-12-14 00:00:00-05:00,13.524999618530273,13.850000381469727,13.40999984741211,13.725000381469727,1853400,0.0,0.0
2004-12-15 00:00:00-05:00,13.75,13.930000305175781,13.645000457763672,13.6899995803833,1557600,0.0,0.0
2004-12-16 00:00:00-05:00,13.729999542236328,13.739999771118164,13.524999618530273,13.725000381469727,1483800,0.0,0.0
2004-12-17 00:00:00-05:00,14.524999618530273,15.625,14.520000457763672,15.029999732971191,8106000,0.0,0.0
2004-12-20 00:00:00-05:00,14.949999809265137,15.34000015258789,14.899999618530273,15.015000343322754,2268000,0.0,0.0
2004-12-21 00:00:00-05:00,15.020000457763672,15.369999885559082,14.975000381469727,15.354999542236328,1741400,0.0,0.0
2004-12-22 00:00:00-05:00,15.305000305175781,15.359999656677246,15.204999923706055,15.289999961853027,1299400,0.0,0.0
2004-12-23 00:00:00-05:00,15.295000076293945,15.380000114440918,15.149999618530273,15.25,1114000,0.0,0.0
2004-12-27 00:00:00-05:00,15.25,15.369999885559082,15.039999961853027,15.225000381469727,744200,0.0,0.0
2004-12-28 00:00:00-05:00,15.199999809265137,15.399999618530273,15.194999694824219,15.270000457763672,1196000,0.0,0.0
2004-12-29 00:00:00-05:00,15.300000190734863,15.329999923706055,15.21500015258789,15.25,1374600,0.0,0.0
2004-12-30 00:00:00-05:00,15.300000190734863,15.550000190734863,15.239999771118164,15.505000114440918,1330200,0.0,0.0
2004-12-31 00:00:00-05:00,15.4350004196167,15.720000267028809,15.425000190734863,15.524999618530273,1009800,0.0,0.0
2005-01-03 00:00:00-05:00,15.5,15.699999809265137,15.0600004196167,15.100000381469727,2170800,0.0,0.0
2005-01-04 00:00:00-05:00,15.204999923706055,15.300000190734863,14.845000267028809,14.989999771118164,1385000,0.0,0.0
2005-01-05 00:00:00-05:00,14.920000076293945,15.055000305175781,14.71500015258789,14.930000305175781,1398600,0.0,0.0
2005-01-06 00:00:00-05:00,15.0,15.114999771118164,14.770000457763672,14.829999923706055,2013600,0.0,0.0
2005-01-07 00:00:00-05:00,14.930000305175781,15.085000038146973,14.755000114440918,14.9399995803833,1145400,0.0,0.0
2005-01-10 00:00:00-05:00,14.960000038146973,15.145000457763672,14.845000267028809,14.914999961853027,972800,0.0,0.0
2005-01-11 00:00:00-05:00,14.914999961853027,15.0,14.774999618530273,14.920000076293945,801400,0.0,0.0
2005-01-12 00:00:00-05:00,14.96500015258789,15.574999809265137,14.864999771118164,15.414999961853027,2874200,0.0,0.0
2005-01-13 00:00:00-05:00,15.375,15.375,15.074999809265137,15.09000015258789,1409600,0.0,0.0
2005-01-14 00:00:00-05:00,15.175000190734863,15.220000267028809,15.005000114440918,15.149999618530273,1294600,0.0,0.0
2005-01-18 00:00:00-05:00,15.149999618530273,15.194999694824219,15.0,15.149999618530273,1053400,0.0,0.0
2005-01-19 00:00:00-05:00,15.149999618530273,15.279999732971191,15.0,15.069999694824219,1454200,0.0,0.0
2005-01-20 00:00:00-05:00,14.875,15.074999809265137,14.819999694824219,14.954999923706055,1482600,0.0,0.0
2005-01-21 00:00:00-05:00,15.010000228881836,15.015000343322754,14.854999542236328,14.930000305175781,2939800,0.0,0.0
2005-01-24 00:00:00-05:00,15.050000190734863,15.1899995803833,14.050000190734863,14.380000114440918,3822800,0.0,0.0
2005-01-25 00:00:00-05:00,14.380000114440918,14.75,14.329999923706055,14.395000457763672,3273600,0.0,0.0
2005-01-26 00:00:00-05:00,14.399999618530273,14.444999694824219,14.079999923706055,14.234999656677246,2753600,0.0,0.0
2005-01-27 00:00:00-05:00,14.234999656677246,14.3149995803833,14.085000038146973,14.25,1528000,0.0,0.0
2005-01-28 00:00:00-05:00,14.175000190734863,14.244999885559082,14.100000381469727,14.1899995803833,1229400,0.0,0.0
2005-01-31 00:00:00-05:00,14.199999809265137,14.53499984741211,14.085000038146973,14.46500015258789,2122600,0.0,0.0
2005-02-01 00:00:00-05:00,14.574999809265137,14.699999809265137,14.454999923706055,14.699999809265137,1807000,0.0,0.0
2005-02-02 00:00:00-05:00,14.699999809265137,14.765000343322754,14.649999618530273,14.765000343322754,1059400,0.0,0.0
2005-02-03 00:00:00-05:00,16.075000762939453,17.049999237060547,15.850000381469727,16.674999237060547,9793200,0.0,0.0
2005-02-04 00:00:00-05:00,16.719999313354492,17.065000534057617,16.329999923706055,16.524999618530273,3980800,0.0,0.0
2005-02-07 00:00:00-05:00,16.549999237060547,16.674999237060547,16.239999771118164,16.299999237060547,2480000,0.0,0.0
2005-02-08 00:00:00-05:00,16.3799991607666,16.604999542236328,16.360000610351562,16.485000610351562,1318400,0.0,0.0
2005-02-09 00:00:00-05:00,16.524999618530273,16.549999237060547,16.260000228881836,16.264999389648438,1542800,0.0,0.0
2005-02-10 00:00:00-05:00,16.25,16.479999542236328,16.200000762939453,16.25,1071200,0.0,0.0
2005-02-11 00:00:00-05:00,16.274999618530273,16.399999618530273,16.149999618530273,16.299999237060547,1253000,0.0,0.0
2005-02-14 00:00:00-05:00,16.350000381469727,16.3799991607666,16.229999542236328,16.28499984741211,1140600,0.0,0.0
2005-02-15 00:00:00-05:00,16.28499984741211,16.565000534057617,16.225000381469727,16.270000457763672,1063200,0.0,0.0
2005-02-16 00:00:00-05:00,16.225000381469727,16.364999771118164,16.1299991607666,16.31999969482422,682600,0.0,0.0
2005-02-17 00:00:00-05:00,16.334999084472656,16.395000457763672,15.954999923706055,15.994999885559082,1438800,0.0,0.0
2005-02-18 00:00:00-05:00,16.0,16.174999237060547,15.739999771118164,15.760000228881836,1190200,0.0,0.0
2005-02-22 00:00:00-05:00,15.760000228881836,15.760000228881836,15.390000343322754,15.449999809265137,1514000,0.0,0.0
2005-02-23 00:00:00-05:00,16.75,17.399999618530273,16.149999618530273,16.420000076293945,4187000,0.0,0.0
2005-02-24 00:00:00-05:00,16.485000610351562,16.56999969482422,16.174999237060547,16.540000915527344,1194200,0.0,0.0
2005-02-25 00:00:00-05:00,16.579999923706055,16.649999618530273,16.424999237060547,16.469999313354492,1239000,0.0,0.0
2005-02-28 00:00:00-05:00,16.475000381469727,16.600000381469727,16.260000228881836,16.5,1188000,0.0,0.0
2005-03-01 00:00:00-05:00,16.540000915527344,16.65999984741211,16.459999084472656,16.604999542236328,1795200,0.0,0.0
2005-03-02 00:00:00-05:00,16.475000381469727,16.75,16.334999084472656,16.575000762939453,1148400,0.0,0.0
2005-03-03 00:00:00-05:00,16.549999237060547,16.75,16.514999389648438,16.604999542236328,1146400,0.0,0.0
2005-03-04 00:00:00-05:00,16.875,17.0,16.614999771118164,16.65999984741211,1485400,0.0,0.0
2005-03-07 00:00:00-05:00,16.670000076293945,16.854999542236328,16.53499984741211,16.799999237060547,770200,0.0,0.0
2005-03-08 00:00:00-05:00,16.75,16.90999984741211,16.549999237060547,16.68000030517578,804400,0.0,0.0
2005-03-09 00:00:00-05:00,16.450000762939453,16.584999084472656,16.375,16.440000534057617,661600,0.0,0.0
2005-03-10 00:00:00-05:00,16.434999465942383,16.450000762939453,16.145000457763672,16.25,674800,0.0,0.0
2005-03-11 00:00:00-05:00,16.170000076293945,16.25,16.0049991607666,16.06999969482422,926600,0.0,0.0
2005-03-14 00:00:00-05:00,16.100000381469727,16.239999771118164,15.90999984741211,16.19499969482422,625600,0.0,0.0
2005-03-15 00:00:00-05:00,16.274999618530273,16.469999313354492,16.05500030517578,16.174999237060547,739200,0.0,0.0
2005-03-16 00:00:00-05:00,16.135000228881836,16.190000534057617,15.899999618530273,16.020000457763672,1124600,0.0,0.0
2005-03-17 00:00:00-05:00,16.049999237060547,16.575000762939453,16.0,16.489999771118164,1360800,0.0,0.0
2005-03-18 00:00:00-05:00,16.5,16.540000915527344,16.135000228881836,16.334999084472656,1361800,0.0,0.0
2005-03-21 00:00:00-05:00,16.440000534057617,16.610000610351562,16.325000762939453,16.610000610351562,1415000,0.0,0.0
2005-03-22 00:00:00-05:00,16.600000381469727,16.829999923706055,16.43000030517578,16.5049991607666,1021600,0.0,0.0
2005-03-23 00:00:00-05:00,16.454999923706055,16.454999923706055,15.970000267028809,15.989999771118164,1123400,0.0,0.0
2005-03-24 00:00:00-05:00,16.149999618530273,16.329999923706055,15.9350004196167,16.145000457763672,1281600,0.0,0.0
2005-03-28 00:00:00-05:00,16.235000610351562,16.479999542236328,16.204999923706055,16.424999237060547,1205800,0.0,0.0
2005-03-29 00:00:00-05:00,16.434999465942383,16.80500030517578,16.204999923706055,16.600000381469727,2056800,0.0,0.0
2005-03-30 00:00:00-05:00,16.149999618530273,16.25,15.5,16.100000381469727,8067200,0.0,0.0
2005-03-31 00:00:00-05:00,16.104999542236328,16.104999542236328,15.6899995803833,15.75,2695000,0.0,0.0
2005-04-01 00:00:00-05:00,15.760000228881836,15.869999885559082,15.300000190734863,15.300000190734863,2188600,0.0,0.0
2005-04-04 00:00:00-04:00,15.300000190734863,15.305000305175781,14.864999771118164,15.239999771118164,2222800,0.0,0.0
2005-04-05 00:00:00-04:00,15.25,15.59000015258789,15.25,15.470000267028809,1185200,0.0,0.0
2005-04-06 00:00:00-04:00,15.420000076293945,15.75,15.345000267028809,15.6850004196167,1403600,0.0,0.0
2005-04-07 00:00:00-04:00,15.600000381469727,15.779999732971191,15.414999961853027,15.75,1316600,0.0,0.0
2005-04-08 00:00:00-04:00,15.75,15.75,15.475000381469727,15.574999809265137,833000,0.0,0.0
2005-04-11 00:00:00-04:00,15.550000190734863,15.550000190734863,15.125,15.244999885559082,1423600,0.0,0.0
2005-04-12 00:00:00-04:00,15.244999885559082,15.335000038146973,14.90999984741211,15.260000228881836,2041000,0.0,0.0
2005-04-13 00:00:00-04:00,15.270000457763672,15.270000457763672,14.975000381469727,15.029999732971191,1759200,0.0,0.0
2005-04-14 00:00:00-04:00,15.029999732971191,15.079999923706055,14.609999656677246,14.645000457763672,2042000,0.0,0.0
2005-04-15 00:00:00-04:00,14.645000457763672,14.649999618530273,14.055000305175781,14.15999984741211,2325200,0.0,0.0
2005-04-18 00:00:00-04:00,14.050000190734863,14.4399995803833,14.024999618530273,14.430000305175781,961800,0.0,0.0
2005-04-19 00:00:00-04:00,14.454999923706055,14.640000343322754,14.414999961853027,14.59000015258789,647800,0.0,0.0
2005-04-20 00:00:00-04:00,14.630000114440918,14.630000114440918,14.09000015258789,14.114999771118164,1113600,0.0,0.0
2005-04-21 00:00:00-04:00,14.300000190734863,14.550000190734863,14.274999618530273,14.510000228881836,1727600,0.0,0.0
2005-04-22 00:00:00-04:00,14.475000381469727,14.475000381469727,13.885000228881836,14.100000381469727,1219800,0.0,0.0
2005-04-25 00:00:00-04:00,14.100000381469727,14.494999885559082,13.904999732971191,14.470000267028809,1540800,0.0,0.0
2005-04-26 00:00:00-04:00,14.324999809265137,14.574999809265137,14.274999618530273,14.279999732971191,1832600,0.0,0.0
2005-04-27 00:00:00-04:00,14.279999732971191,14.279999732971191,13.885000228881836,14.09000015258789,1100800,0.0,0.0
2005-04-28 00:00:00-04:00,14.125,14.180000305175781,13.8100004196167,13.854999542236328,1231800,0.0,0.0
2005-04-29 00:00:00-04:00,13.864999771118164,14.0,13.444999694824219,13.640000343322754,1539000,0.0,0.0
2005-05-02 00:00:00-04:00,13.600000381469727,14.024999618530273,13.59000015258789,13.9399995803833,1496600,0.0,0.0
2005-05-03 00:00:00-04:00,13.9399995803833,14.055000305175781,13.824999809265137,14.029999732971191,1105400,0.0,0.0
2005-05-04 00:00:00-04:00,14.029999732971191,14.604999542236328,13.984999656677246,14.484999656677246,1440600,0.0,0.0
2005-05-05 00:00:00-04:00,14.484999656677246,14.5,14.15999984741211,14.329999923706055,841800,0.0,0.0
2005-05-06 00:00:00-04:00,14.375,14.425000190734863,14.194999694824219,14.229999542236328,664200,0.0,0.0
2005-05-09 00:00:00-04:00,14.350000381469727,14.574999809265137,14.229999542236328,14.5600004196167,1191200,0.0,0.0
2005-05-10 00:00:00-04:00,14.449999809265137,14.449999809265137,14.0,14.029999732971191,2937200,0.0,0.0
2005-05-11 00:00:00-04:00,14.125,14.149999618530273,13.760000228881836,13.859999656677246,3234000,0.0,0.0
2005-05-12 00:00:00-04:00,13.875,13.9350004196167,13.609999656677246,13.619999885559082,1987200,0.0,0.0
2005-05-13 00:00:00-04:00,13.515000343322754,13.539999961853027,12.895000457763672,13.399999618530273,4448600,0.0,0.0
2005-05-16 00:00:00-04:00,13.494999885559082,13.8149995803833,13.494999885559082,13.75,4272000,0.0,0.0
2005-05-17 00:00:00-04:00,13.75,13.875,13.694999694824219,13.875,2538200,0.0,0.0
2005-05-18 00:00:00-04:00,13.989999771118164,14.21500015258789,13.944999694824219,14.175000190734863,3003400,0.0,0.0
2005-05-19 00:00:00-04:00,14.1850004196167,14.279999732971191,14.079999923706055,14.199999809265137,2417800,0.0,0.0
2005-05-20 00:00:00-04:00,12.850000381469727,13.414999961853027,12.625,13.25,13156000,0.0,0.0
2005-05-23 00:00:00-04:00,13.239999771118164,13.4399995803833,13.0,13.420000076293945,3816600,0.0,0.0
2005-05-24 00:00:00-04:00,13.375,13.390000343322754,13.039999961853027,13.079999923706055,4250800,0.0,0.0
2005-05-25 00:00:00-04:00,12.979999542236328,13.074999809265137,12.4399995803833,12.550000190734863,5199200,0.0,0.0
2005-05-26 00:00:00-04:00,12.71500015258789,12.729999542236328,12.539999961853027,12.609999656677246,2415000,0.0,0.0
2005-05-27 00:00:00-04:00,12.539999961853027,12.670000076293945,12.510000228881836,12.600000381469727,2013200,0.0,0.0
2005-05-31 00:00:00-04:00,12.600000381469727,12.914999961853027,12.585000038146973,12.765000343322754,2659000,0.0,0.0
2005-06-01 00:00:00-04:00,12.770000457763672,12.989999771118164,12.645000457763672,12.654999732971191,2282000,0.0,0.0
2005-06-02 00:00:00-04:00,12.630000114440918,12.949999809265137,12.630000114440918,12.9350004196167,1729600,0.0,0.0
2005-06-03 00:00:00-04:00,12.9350004196167,13.175000190734863,12.899999618530273,13.069999694824219,3225400,0.0,0.0
2005-06-06 00:00:00-04:00,13.055000305175781,13.34000015258789,12.975000381469727,13.15999984741211,2780200,0.0,0.0
2005-06-07 00:00:00-04:00,13.15999984741211,13.375,13.104999542236328,13.130000114440918,2389000,0.0,0.0
2005-06-08 00:00:00-04:00,13.145000457763672,13.21500015258789,12.914999961853027,12.9350004196167,3439600,0.0,0.0
2005-06-09 00:00:00-04:00,12.875,12.970000267028809,12.319999694824219,12.369999885559082,5469600,0.0,0.0
2005-06-10 00:00:00-04:00,12.5,12.675000190734863,12.425000190734863,12.5600004196167,4662800,0.0,0.0
2005-06-13 00:00:00-04:00,12.59000015258789,12.75,12.454999923706055,12.505000114440918,4883800,0.0,0.0
2005-06-14 00:00:00-04:00,12.475000381469727,12.604999542236328,12.460000038146973,12.470000267028809,3018000,0.0,0.0
2005-06-15 00:00:00-04:00,12.494999885559082,12.555000305175781,12.420000076293945,12.420000076293945,1903400,0.0,0.0
2005-06-16 00:00:00-04:00,12.4399995803833,12.604999542236328,12.319999694824219,12.585000038146973,2616400,0.0,0.0
2005-06-17 00:00:00-04:00,12.630000114440918,12.979999542236328,12.600000381469727,12.925000190734863,4833200,0.0,0.0
2005-06-20 00:00:00-04:00,12.925000190734863,13.824999809265137,12.770000457763672,13.149999618530273,7264600,0.0,0.0
2005-06-21 00:00:00-04:00,13.25,13.619999885559082,13.25,13.324999809265137,2654200,0.0,0.0
2005-06-22 00:00:00-04:00,13.324999809265137,13.375,13.104999542236328,13.265000343322754,1165600,0.0,0.0
2005-06-23 00:00:00-04:00,13.295000076293945,13.395000457763672,13.045000076293945,13.0600004196167,1592800,0.0,0.0
2005-06-24 00:00:00-04:00,13.0,13.0649995803833,12.944999694824219,12.970000267028809,1590000,0.0,0.0
2005-06-27 00:00:00-04:00,12.925000190734863,12.930000305175781,12.654999732971191,12.729999542236328,2566600,0.0,0.0
2005-06-28 00:00:00-04:00,12.725000381469727,13.119999885559082,12.670000076293945,13.085000038146973,3051600,0.0,0.0
2005-06-29 00:00:00-04:00,13.079999923706055,13.420000076293945,13.020000457763672,13.329999923706055,2460000,0.0,0.0
2005-06-30 00:00:00-04:00,13.329999923706055,13.53499984741211,13.300000190734863,13.324999809265137,2109800,0.0,0.0
2005-07-01 00:00:00-04:00,13.324999809265137,13.430000305175781,13.199999809265137,13.375,1512400,0.0,0.0
2005-07-05 00:00:00-04:00,13.380000114440918,13.899999618530273,13.274999618530273,13.729999542236328,3273000,0.0,0.0
2005-07-06 00:00:00-04:00,13.649999618530273,13.65999984741211,13.050000190734863,13.050000190734863,4611800,0.0,0.0
2005-07-07 00:00:00-04:00,13.050000190734863,13.149999618530273,12.800000190734863,12.96500015258789,2876200,0.0,0.0
2005-07-08 00:00:00-04:00,12.875,13.300000190734863,12.875,13.229999542236328,1259200,0.0,0.0
2005-07-11 00:00:00-04:00,13.449999809265137,13.829999923706055,13.385000228881836,13.645000457763672,2481400,0.0,0.0
2005-07-12 00:00:00-04:00,13.645000457763672,13.694999694824219,13.520000457763672,13.595000267028809,1171800,0.0,0.0
2005-07-13 00:00:00-04:00,13.640000343322754,13.890000343322754,13.640000343322754,13.734999656677246,1650800,0.0,0.0
2005-07-14 00:00:00-04:00,13.75,13.9350004196167,13.600000381469727,13.614999771118164,1245800,0.0,0.0
2005-07-15 00:00:00-04:00,13.614999771118164,13.734999656677246,13.59000015258789,13.654999732971191,445200,0.0,0.0
2005-07-18 00:00:00-04:00,13.654999732971191,13.699999809265137,13.53499984741211,13.5649995803833,803800,0.0,0.0
2005-07-19 00:00:00-04:00,13.635000228881836,13.824999809265137,13.550000190734863,13.765000343322754,944400,0.0,0.0
2005-07-20 00:00:00-04:00,13.675000190734863,13.720000267028809,13.59000015258789,13.670000076293945,1094200,0.0,0.0
2005-07-21 00:00:00-04:00,13.670000076293945,13.800000190734863,13.574999809265137,13.630000114440918,782600,0.0,0.0
2005-07-22 00:00:00-04:00,13.619999885559082,13.720000267028809,13.484999656677246,13.585000038146973,706400,0.0,0.0
2005-07-25 00:00:00-04:00,13.5,13.635000228881836,13.204999923706055,13.255000114440918,1633000,0.0,0.0
2005-07-26 00:00:00-04:00,13.255000114440918,13.574999809265137,13.175000190734863,13.324999809265137,1270200,0.0,0.0
2005-07-27 00:00:00-04:00,13.34000015258789,13.729999542236328,13.34000015258789,13.729999542236328,1071400,0.0,0.0
2005-07-28 00:00:00-04:00,13.949999809265137,15.229999542236328,13.925000190734863,14.989999771118164,6476800,0.0,0.0
2005-07-29 00:00:00-04:00,14.954999923706055,14.960000038146973,14.579999923706055,14.609999656677246,1953200,0.0,0.0
2005-08-01 00:00:00-04:00,14.609999656677246,14.734999656677246,14.460000038146973,14.5649995803833,1142400,0.0,0.0
2005-08-02 00:00:00-04:00,14.5649995803833,14.71500015258789,14.3149995803833,14.425000190734863,4592400,0.0,0.0
2005-08-03 00:00:00-04:00,14.425000190734863,14.600000381469727,14.274999618530273,14.550000190734863,2212000,0.0,0.0
2005-08-04 00:00:00-04:00,14.449999809265137,14.630000114440918,14.380000114440918,14.574999809265137,1321000,0.0,0.0
2005-08-05 00:00:00-04:00,14.515000343322754,14.819999694824219,14.350000381469727,14.725000381469727,2302400,0.0,0.0
2005-08-08 00:00:00-04:00,14.744999885559082,14.949999809265137,14.65999984741211,14.704999923706055,1987800,0.0,0.0
2005-08-09 00:00:00-04:00,14.704999923706055,14.720000267028809,14.600000381469727,14.704999923706055,1046800,0.0,0.0
2005-08-10 00:00:00-04:00,14.704999923706055,14.975000381469727,14.6850004196167,14.829999923706055,1883600,0.0,0.0
2005-08-11 00:00:00-04:00,14.819999694824219,15.024999618530273,14.805000305175781,15.024999618530273,1385400,0.0,0.0
2005-08-12 00:00:00-04:00,14.994999885559082,15.204999923706055,14.824999809265137,15.204999923706055,2412000,0.0,0.0
2005-08-15 00:00:00-04:00,15.180000305175781,15.180000305175781,14.9399995803833,14.989999771118164,721600,0.0,0.0
2005-08-16 00:00:00-04:00,14.300000190734863,15.0,14.204999923706055,14.75,7969000,0.0,0.0
2005-08-17 00:00:00-04:00,14.75,14.864999771118164,14.604999542236328,14.755000114440918,4206400,0.0,0.0
2005-08-18 00:00:00-04:00,14.75,14.805000305175781,14.5,14.694999694824219,2789000,0.0,0.0
2005-08-19 00:00:00-04:00,14.699999809265137,14.699999809265137,14.46500015258789,14.505000114440918,1721800,0.0,0.0
2005-08-22 00:00:00-04:00,14.505000114440918,14.510000228881836,14.1850004196167,14.335000038146973,3293000,0.0,0.0
2005-08-23 00:00:00-04:00,16.899999618530273,17.125,15.725000381469727,16.030000686645508,20529600,0.0,0.0
2005-08-24 00:00:00-04:00,16.030000686645508,16.18000030517578,15.604999542236328,15.96500015258789,4239200,0.0,0.0
2005-08-25 00:00:00-04:00,16.030000686645508,16.094999313354492,15.765000343322754,15.875,1472800,0.0,0.0
2005-08-26 00:00:00-04:00,15.920000076293945,16.03499984741211,15.664999961853027,15.699999809265137,1803000,0.0,0.0
2005-08-29 00:00:00-04:00,15.699999809265137,16.0,15.630000114440918,15.984999656677246,1797200,0.0,0.0
2005-08-30 00:00:00-04:00,15.984999656677246,16.05500030517578,15.630000114440918,15.829999923706055,2022600,0.0,0.0
2005-08-31 00:00:00-04:00,15.829999923706055,15.949999809265137,15.680000305175781,15.930000305175781,2294000,0.0,0.0
2005-09-01 00:00:00-04:00,15.899999618530273,15.904999732971191,15.180000305175781,15.28499984741211,3614400,0.0,0.0
2005-09-02 00:00:00-04:00,15.28499984741211,15.380000114440918,15.055000305175781,15.239999771118164,1237400,0.0,0.0
2005-09-06 00:00:00-04:00,15.244999885559082,15.449999809265137,15.244999885559082,15.364999771118164,1233000,0.0,0.0
2005-09-07 00:00:00-04:00,15.5,15.574999809265137,15.375,15.5,1229400,0.0,0.0
2005-09-08 00:00:00-04:00,15.375,15.604999542236328,15.305000305175781,15.324999809265137,939600,0.0,0.0
2005-09-09 00:00:00-04:00,15.345000267028809,15.579999923706055,15.329999923706055,15.550000190734863,1171800,0.0,0.0
2005-09-12 00:00:00-04:00,15.550000190734863,15.6899995803833,15.5,15.649999618530273,1223600,0.0,0.0
2005-09-13 00:00:00-04:00,15.649999618530273,16.0,15.569999694824219,15.960000038146973,1917400,0.0,0.0
2005-09-14 00:00:00-04:00,15.949999809265137,15.949999809265137,15.524999618530273,15.595000267028809,1313800,0.0,0.0
2005-09-15 00:00:00-04:00,15.649999618530273,15.6899995803833,15.350000381469727,15.354999542236328,793400,0.0,0.0
2005-09-16 00:00:00-04:00,15.390000343322754,15.529999732971191,15.25,15.364999771118164,1062000,0.0,0.0
2005-09-19 00:00:00-04:00,15.380000114440918,15.744999885559082,15.265000343322754,15.3100004196167,1146000,0.0,0.0
2005-09-20 00:00:00-04:00,15.329999923706055,15.425000190734863,14.954999923706055,14.994999885559082,2317200,0.0,0.0
2005-09-21 00:00:00-04:00,15.774999618530273,15.774999618530273,15.399999618530273,15.675000190734863,5432400,0.0,0.0
2005-09-22 00:00:00-04:00,15.574999809265137,15.914999961853027,15.25,15.824999809265137,2679000,0.0,0.0
2005-09-23 00:00:00-04:00,15.869999885559082,15.895000457763672,15.479999542236328,15.725000381469727,1465600,0.0,0.0
2005-09-26 00:00:00-04:00,15.805000305175781,15.954999923706055,15.59000015258789,15.640000343322754,1517800,0.0,0.0
2005-09-27 00:00:00-04:00,15.630000114440918,15.789999961853027,15.489999771118164,15.574999809265137,1001200,0.0,0.0
2005-09-28 00:00:00-04:00,15.649999618530273,15.649999618530273,15.279999732971191,15.305000305175781,1093400,0.0,0.0
2005-09-29 00:00:00-04:00,15.305000305175781,15.539999961853027,15.104999542236328,15.539999961853027,1996000,0.0,0.0
2005-09-30 00:00:00-04:00,15.574999809265137,15.899999618530273,15.444999694824219,15.635000228881836,1767600,0.0,0.0
2005-10-03 00:00:00-04:00,15.635000228881836,15.819999694824219,15.364999771118164,15.579999923706055,1762400,0.0,0.0
2005-10-04 00:00:00-04:00,15.449999809265137,15.6899995803833,15.164999961853027,15.199999809265137,1831200,0.0,0.0
2005-10-05 00:00:00-04:00,15.1899995803833,15.21500015258789,14.4350004196167,14.880000114440918,2625000,0.0,0.0
2005-10-06 00:00:00-04:00,14.880000114440918,14.954999923706055,14.444999694824219,14.864999771118164,1912200,0.0,0.0
2005-10-07 00:00:00-04:00,14.800000190734863,14.800000190734863,13.885000228881836,14.359999656677246,6212000,0.0,0.0
2005-10-10 00:00:00-04:00,14.449999809265137,14.449999809265137,13.600000381469727,13.649999618530273,3905800,0.0,0.0
2005-10-11 00:00:00-04:00,13.739999771118164,13.850000381469727,13.324999809265137,13.404999732971191,2795400,0.0,0.0
2005-10-12 00:00:00-04:00,13.100000381469727,13.484999656677246,13.100000381469727,13.399999618530273,2710200,0.0,0.0
2005-10-13 00:00:00-04:00,13.475000381469727,13.800000190734863,13.354999542236328,13.65999984741211,3475000,0.0,0.0
2005-10-14 00:00:00-04:00,13.625,13.630000114440918,13.079999923706055,13.520000457763672,4454800,0.0,0.0
2005-10-17 00:00:00-04:00,13.524999618530273,13.645000457763672,13.399999618530273,13.630000114440918,2091800,0.0,0.0
2005-10-18 00:00:00-04:00,13.579999923706055,13.614999771118164,13.295000076293945,13.475000381469727,1809000,0.0,0.0
2005-10-19 00:00:00-04:00,13.40999984741211,13.574999809265137,13.050000190734863,13.574999809265137,1532800,0.0,0.0
2005-10-20 00:00:00-04:00,13.59000015258789,13.75,13.1899995803833,13.305000305175781,1502800,0.0,0.0
2005-10-21 00:00:00-04:00,13.329999923706055,13.875,13.329999923706055,13.789999961853027,3516600,0.0,0.0
2005-10-24 00:00:00-04:00,13.850000381469727,14.220000267028809,13.850000381469727,14.0,2198600,0.0,0.0
2005-10-25 00:00:00-04:00,13.914999961853027,13.975000381469727,13.75,13.899999618530273,1602200,0.0,0.0
2005-10-26 00:00:00-04:00,13.869999885559082,13.960000038146973,13.649999618530273,13.65999984741211,923400,0.0,0.0
2005-10-27 00:00:00-04:00,13.640000343322754,13.640000343322754,13.130000114440918,13.225000381469727,2352000,0.0,0.0
2005-10-28 00:00:00-04:00,13.225000381469727,13.380000114440918,13.005000114440918,13.255000114440918,2447800,0.0,0.0
2005-10-31 00:00:00-05:00,13.354999542236328,13.949999809265137,13.34000015258789,13.4350004196167,2403200,0.0,0.0
2005-11-01 00:00:00-05:00,13.430000305175781,13.595000267028809,13.170000076293945,13.375,2161600,0.0,0.0
2005-11-02 00:00:00-05:00,13.404999732971191,13.694999694824219,13.3149995803833,13.510000228881836,1473200,0.0,0.0
2005-11-03 00:00:00-05:00,13.524999618530273,13.729999542236328,13.475000381469727,13.574999809265137,1283200,0.0,0.0
2005-11-04 00:00:00-05:00,13.574999809265137,13.675000190734863,13.489999771118164,13.59000015258789,1283400,0.0,0.0
2005-11-07 00:00:00-05:00,13.600000381469727,13.675000190734863,13.510000228881836,13.65999984741211,1279000,0.0,0.0
2005-11-08 00:00:00-05:00,13.630000114440918,13.704999923706055,13.404999732971191,13.654999732971191,1119400,0.0,0.0
2005-11-09 00:00:00-05:00,13.645000457763672,13.654999732971191,13.289999961853027,13.625,2051000,0.0,0.0
2005-11-10 00:00:00-05:00,13.625,13.975000381469727,13.5,13.850000381469727,1634200,0.0,0.0
2005-11-11 00:00:00-05:00,13.875,14.515000343322754,13.875,14.164999961853027,1823200,0.0,0.0
2005-11-14 00:00:00-05:00,14.164999961853027,14.170000076293945,13.699999809265137,13.805000305175781,2765200,0.0,0.0
2005-11-15 00:00:00-05:00,13.875,14.239999771118164,13.725000381469727,13.925000190734863,1685000,0.0,0.0
2005-11-16 00:00:00-05:00,13.930000305175781,14.114999771118164,13.859999656677246,14.109999656677246,1761200,0.0,0.0
2005-11-17 00:00:00-05:00,14.104999542236328,14.270000457763672,13.920000076293945,14.260000228881836,2074400,0.0,0.0
2005-11-18 00:00:00-05:00,14.274999618530273,14.399999618530273,14.220000267028809,14.354999542236328,1318000,0.0,0.0
2005-11-21 00:00:00-05:00,14.354999542236328,14.78499984741211,14.199999809265137,14.670000076293945,2110800,0.0,0.0
2005-11-22 00:00:00-05:00,14.654999732971191,14.699999809265137,14.305000305175781,14.59000015258789,1180200,0.0,0.0
2005-11-23 00:00:00-05:00,14.550000190734863,14.680000305175781,14.444999694824219,14.545000076293945,1153200,0.0,0.0
2005-11-25 00:00:00-05:00,14.550000190734863,14.760000228881836,14.414999961853027,14.734999656677246,538200,0.0,0.0
2005-11-28 00:00:00-05:00,14.734999656677246,14.734999656677246,14.15999984741211,14.265000343322754,1087600,0.0,0.0
2005-11-29 00:00:00-05:00,14.279999732971191,14.404999732971191,13.954999923706055,14.074999809265137,1468800,0.0,0.0
2005-11-30 00:00:00-05:00,14.069999694824219,14.180000305175781,13.6850004196167,13.710000038146973,2426400,0.0,0.0
2005-12-01 00:00:00-05:00,13.75,14.045000076293945,13.604999542236328,13.654999732971191,3516800,0.0,0.0
2005-12-02 00:00:00-05:00,13.75,14.020000457763672,13.725000381469727,13.824999809265137,1707200,0.0,0.0
2005-12-05 00:00:00-05:00,13.800000190734863,13.800000190734863,13.359999656677246,13.385000228881836,3798600,0.0,0.0
2005-12-06 00:00:00-05:00,13.404999732971191,13.675000190734863,13.300000190734863,13.3149995803833,2926000,0.0,0.0
2005-12-07 00:00:00-05:00,13.319999694824219,13.494999885559082,13.204999923706055,13.404999732971191,1211000,0.0,0.0
2005-12-08 00:00:00-05:00,13.399999618530273,13.494999885559082,13.324999809265137,13.414999961853027,973600,0.0,0.0
2005-12-09 00:00:00-05:00,13.449999809265137,13.574999809265137,13.4350004196167,13.510000228881836,1189800,0.0,0.0
2005-12-12 00:00:00-05:00,13.574999809265137,13.6899995803833,13.225000381469727,13.295000076293945,2171400,0.0,0.0
2005-12-13 00:00:00-05:00,13.305000305175781,13.470000267028809,13.199999809265137,13.34000015258789,2924400,0.0,0.0
2005-12-14 00:00:00-05:00,13.380000114440918,13.645000457763672,13.319999694824219,13.550000190734863,1477600,0.0,0.0
2005-12-15 00:00:00-05:00,13.600000381469727,13.720000267028809,13.375,13.595000267028809,2005000,0.0,0.0
2005-12-16 00:00:00-05:00,13.774999618530273,13.805000305175781,13.619999885559082,13.694999694824219,2107600,0.0,0.0
2005-12-19 00:00:00-05:00,13.78499984741211,13.925000190734863,13.494999885559082,13.524999618530273,2257200,0.0,0.0
2005-12-20 00:00:00-05:00,13.574999809265137,13.850000381469727,13.479999542236328,13.755000114440918,3245000,0.0,0.0
2005-12-21 00:00:00-05:00,14.475000381469727,14.609999656677246,14.0649995803833,14.100000381469727,8489800,0.0,0.0
2005-12-22 00:00:00-05:00,14.010000228881836,14.229999542236328,13.930000305175781,14.154999732971191,2876800,0.0,0.0
2005-12-23 00:00:00-05:00,14.225000381469727,14.354999542236328,14.03499984741211,14.154999732971191,1495400,0.0,0.0
2005-12-27 00:00:00-05:00,14.154999732971191,14.260000228881836,13.975000381469727,13.984999656677246,1106800,0.0,0.0
2005-12-28 00:00:00-05:00,14.055000305175781,14.100000381469727,13.904999732971191,13.920000076293945,1275800,0.0,0.0
2005-12-29 00:00:00-05:00,13.899999618530273,14.140000343322754,13.899999618530273,13.96500015258789,2424200,0.0,0.0
2005-12-30 00:00:00-05:00,13.899999618530273,14.095000267028809,13.755000114440918,13.84000015258789,1830800,0.0,0.0
2006-01-03 00:00:00-05:00,14.119999885559082,14.300000190734863,13.869999885559082,14.28499984741211,3015400,0.0,0.0
2006-01-04 00:00:00-05:00,14.28499984741211,14.6850004196167,14.229999542236328,14.6850004196167,2708400,0.0,0.0
2006-01-05 00:00:00-05:00,14.645000457763672,14.654999732971191,14.354999542236328,14.449999809265137,1793400,0.0,0.0
2006-01-06 00:00:00-05:00,14.505000114440918,14.595000267028809,14.270000457763672,14.335000038146973,2026000,0.0,0.0
2006-01-09 00:00:00-05:00,14.335000038146973,14.800000190734863,14.279999732971191,14.699999809265137,2363200,0.0,0.0
2006-01-10 00:00:00-05:00,14.600000381469727,15.074999809265137,14.600000381469727,14.984999656677246,1665400,0.0,0.0
2006-01-11 00:00:00-05:00,14.984999656677246,15.0,14.649999618530273,14.755000114440918,1358800,0.0,0.0
2006-01-12 00:00:00-05:00,14.949999809265137,15.069999694824219,14.739999771118164,14.9350004196167,1858400,0.0,0.0
2006-01-13 00:00:00-05:00,14.890000343322754,15.024999618530273,14.739999771118164,14.795000076293945,1105200,0.0,0.0
2006-01-17 00:00:00-05:00,14.71500015258789,14.725000381469727,14.475000381469727,14.515000343322754,1855800,0.0,0.0
2006-01-18 00:00:00-05:00,14.425000190734863,14.600000381469727,14.279999732971191,14.399999618530273,2114000,0.0,0.0
2006-01-19 00:00:00-05:00,14.40999984741211,14.710000038146973,14.354999542236328,14.505000114440918,1288400,0.0,0.0
2006-01-20 00:00:00-05:00,14.510000228881836,14.744999885559082,14.274999618530273,14.274999618530273,1834600,0.0,0.0
2006-01-23 00:00:00-05:00,14.385000228881836,14.569999694824219,14.300000190734863,14.414999961853027,1102800,0.0,0.0
2006-01-24 00:00:00-05:00,14.475000381469727,14.5600004196167,14.28499984741211,14.5,777400,0.0,0.0
2006-01-25 00:00:00-05:00,14.579999923706055,14.744999885559082,14.555000305175781,14.609999656677246,1109600,0.0,0.0
2006-01-26 00:00:00-05:00,14.654999732971191,14.71500015258789,14.539999961853027,14.604999542236328,1033400,0.0,0.0
2006-01-27 00:00:00-05:00,14.675000190734863,14.979999542236328,14.579999923706055,14.734999656677246,1414200,0.0,0.0
2006-01-30 00:00:00-05:00,14.875,15.145000457763672,14.864999771118164,15.0649995803833,1907000,0.0,0.0
2006-01-31 00:00:00-05:00,15.095000267028809,15.140000343322754,14.875,14.944999694824219,1210800,0.0,0.0
2006-02-01 00:00:00-05:00,14.875,15.479999542236328,14.824999809265137,15.414999961853027,1900600,0.0,0.0
2006-02-02 00:00:00-05:00,15.364999771118164,15.40999984741211,15.175000190734863,15.194999694824219,2186600,0.0,0.0
2006-02-03 00:00:00-05:00,15.125,15.225000381469727,14.944999694824219,15.079999923706055,1105800,0.0,0.0
2006-02-06 00:00:00-05:00,15.050000190734863,15.095000267028809,14.680000305175781,14.800000190734863,2018600,0.0,0.0
2006-02-07 00:00:00-05:00,14.800000190734863,15.024999618530273,14.725000381469727,14.819999694824219,1134800,0.0,0.0
2006-02-08 00:00:00-05:00,14.84000015258789,14.850000381469727,14.675000190734863,14.75,1553400,0.0,0.0
2006-02-09 00:00:00-05:00,14.789999961853027,14.84000015258789,14.600000381469727,14.670000076293945,1639200,0.0,0.0
2006-02-10 00:00:00-05:00,14.680000305175781,14.739999771118164,14.595000267028809,14.664999961853027,1184800,0.0,0.0
2006-02-13 00:00:00-05:00,14.664999961853027,14.71500015258789,14.635000228881836,14.675000190734863,670200,0.0,0.0
2006-02-14 00:00:00-05:00,14.675000190734863,14.824999809265137,14.46500015258789,14.739999771118164,1416200,0.0,0.0
2006-02-15 00:00:00-05:00,14.739999771118164,15.03499984741211,14.645000457763672,14.899999618530273,3283400,0.0,0.0
2006-02-16 00:00:00-05:00,14.899999618530273,15.350000381469727,14.854999542236328,15.329999923706055,1986200,0.0,0.0
2006-02-17 00:00:00-05:00,15.329999923706055,15.720000267028809,15.180000305175781,15.635000228881836,2340600,0.0,0.0
2006-02-21 00:00:00-05:00,15.699999809265137,15.770000457763672,15.425000190734863,15.604999542236328,5081200,0.0,0.0
2006-02-22 00:00:00-05:00,15.604999542236328,15.779999732971191,15.46500015258789,15.765000343322754,773400,0.0,0.0
2006-02-23 00:00:00-05:00,15.699999809265137,15.925000190734863,15.699999809265137,15.864999771118164,1336200,0.0,0.0
2006-02-24 00:00:00-05:00,15.75,15.75,15.399999618530273,15.71500015258789,1154600,0.0,0.0
2006-02-27 00:00:00-05:00,15.71500015258789,15.864999771118164,15.640000343322754,15.819999694824219,755400,0.0,0.0
2006-02-28 00:00:00-05:00,15.78499984741211,15.869999885559082,15.640000343322754,15.710000038146973,1331600,0.0,0.0
2006-03-01 00:00:00-05:00,15.75,15.819999694824219,15.670000076293945,15.765000343322754,668400,0.0,0.0
2006-03-02 00:00:00-05:00,15.765000343322754,15.765000343322754,15.505000114440918,15.699999809265137,1047000,0.0,0.0
2006-03-03 00:00:00-05:00,15.600000381469727,15.774999618530273,15.545000076293945,15.649999618530273,905400,0.0,0.0
2006-03-06 00:00:00-05:00,15.65999984741211,15.65999984741211,15.479999542236328,15.625,590200,0.0,0.0
2006-03-07 00:00:00-05:00,15.550000190734863,15.59000015258789,15.385000228881836,15.385000228881836,673000,0.0,0.0
2006-03-08 00:00:00-05:00,15.385000228881836,15.475000381469727,15.140000343322754,15.395000457763672,926800,0.0,0.0
2006-03-09 00:00:00-05:00,15.385000228881836,15.40999984741211,15.154999732971191,15.265000343322754,620800,0.0,0.0
2006-03-10 00:00:00-05:00,15.270000457763672,15.625,15.140000343322754,15.5600004196167,987800,0.0,0.0
2006-03-13 00:00:00-05:00,16.75,17.770000457763672,16.575000762939453,17.68000030517578,8550600,0.0,0.0
2006-03-14 00:00:00-05:00,17.325000762939453,18.1299991607666,17.30500030517578,18.024999618530273,5480600,0.0,0.0
2006-03-15 00:00:00-05:00,18.0,18.200000762939453,17.649999618530273,17.71500015258789,3115200,0.0,0.0
2006-03-16 00:00:00-05:00,17.760000228881836,17.790000915527344,17.190000534057617,17.30500030517578,3360400,0.0,0.0
2006-03-17 00:00:00-05:00,17.174999237060547,17.600000381469727,17.079999923706055,17.389999389648438,2267800,0.0,0.0
2006-03-20 00:00:00-05:00,17.424999237060547,17.559999465942383,17.200000762939453,17.31999969482422,1195600,0.0,0.0
2006-03-21 00:00:00-05:00,17.274999618530273,17.454999923706055,17.114999771118164,17.170000076293945,944000,0.0,0.0
2006-03-22 00:00:00-05:00,17.184999465942383,17.540000915527344,17.145000457763672,17.454999923706055,1732400,0.0,0.0
2006-03-23 00:00:00-05:00,17.454999923706055,17.649999618530273,17.21500015258789,17.56999969482422,1902200,0.0,0.0
2006-03-24 00:00:00-05:00,17.56999969482422,17.684999465942383,17.5049991607666,17.639999389648438,1260400,0.0,0.0
2006-03-27 00:00:00-05:00,17.65999984741211,17.700000762939453,17.3799991607666,17.639999389648438,956600,0.0,0.0
2006-03-28 00:00:00-05:00,17.649999618530273,17.764999389648438,17.540000915527344,17.639999389648438,855400,0.0,0.0
2006-03-29 00:00:00-05:00,17.625,17.96500015258789,17.524999618530273,17.8700008392334,1092200,0.0,0.0
2006-03-30 00:00:00-05:00,17.5,17.799999237060547,16.725000381469727,16.75,5237000,0.0,0.0
2006-03-31 00:00:00-05:00,16.774999618530273,17.075000762939453,16.2549991607666,16.34000015258789,5738400,0.0,0.0
2006-04-03 00:00:00-04:00,16.334999084472656,16.350000381469727,15.904999732971191,15.979999542236328,4749800,0.0,0.0
2006-04-04 00:00:00-04:00,16.0,16.399999618530273,16.0,16.295000076293945,1818800,0.0,0.0
2006-04-05 00:00:00-04:00,16.344999313354492,16.549999237060547,16.225000381469727,16.479999542236328,1344200,0.0,0.0
2006-04-06 00:00:00-04:00,16.485000610351562,16.71500015258789,16.454999923706055,16.635000228881836,1764800,0.0,0.0
2006-04-07 00:00:00-04:00,16.684999465942383,16.795000076293945,16.559999465942383,16.649999618530273,2339800,0.0,0.0
2006-04-10 00:00:00-04:00,16.649999618530273,16.700000762939453,16.520000457763672,16.600000381469727,1724800,0.0,0.0
2006-04-11 00:00:00-04:00,16.5,16.579999923706055,16.354999542236328,16.44499969482422,1700400,0.0,0.0
2006-04-12 00:00:00-04:00,16.450000762939453,16.670000076293945,16.375,16.584999084472656,1194400,0.0,0.0
2006-04-13 00:00:00-04:00,16.584999084472656,16.9950008392334,16.565000534057617,16.735000610351562,1757000,0.0,0.0
2006-04-17 00:00:00-04:00,16.7450008392334,16.75,16.309999465942383,16.614999771118164,1913400,0.0,0.0
2006-04-18 00:00:00-04:00,16.985000610351562,17.5,16.924999237060547,17.385000228881836,2257200,0.0,0.0
2006-04-19 00:00:00-04:00,17.325000762939453,17.350000381469727,17.079999923706055,17.31999969482422,1407400,0.0,0.0
2006-04-20 00:00:00-04:00,17.219999313354492,17.475000381469727,17.209999084472656,17.399999618530273,769600,0.0,0.0
2006-04-21 00:00:00-04:00,17.350000381469727,17.75,17.2549991607666,17.725000381469727,1931400,0.0,0.0
2006-04-24 00:00:00-04:00,17.649999618530273,17.68000030517578,17.520000457763672,17.65999984741211,1864200,0.0,0.0
2006-04-25 00:00:00-04:00,17.649999618530273,17.739999771118164,17.424999237060547,17.700000762939453,1211400,0.0,0.0
2006-04-26 00:00:00-04:00,17.75,18.06999969482422,17.729999542236328,17.770000457763672,1236600,0.0,0.0
2006-04-27 00:00:00-04:00,17.674999237060547,17.9950008392334,17.584999084472656,17.7450008392334,956400,0.0,0.0
2006-04-28 00:00:00-04:00,17.649999618530273,17.850000381469727,17.55500030517578,17.655000686645508,1324000,0.0,0.0
2006-05-01 00:00:00-04:00,17.625,17.700000762939453,17.0,17.200000762939453,2985600,0.0,0.0
2006-05-02 00:00:00-04:00,17.204999923706055,17.280000686645508,16.915000915527344,17.145000457763672,1701000,0.0,0.0
2006-05-03 00:00:00-04:00,17.040000915527344,17.045000076293945,16.725000381469727,16.825000762939453,1812600,0.0,0.0
2006-05-04 00:00:00-04:00,16.825000762939453,17.014999389648438,16.725000381469727,16.969999313354492,1009400,0.0,0.0
2006-05-05 00:00:00-04:00,16.975000381469727,17.075000762939453,16.875,16.9950008392334,778200,0.0,0.0
2006-05-08 00:00:00-04:00,16.924999237060547,17.1200008392334,16.889999389648438,16.9950008392334,895200,0.0,0.0
2006-05-09 00:00:00-04:00,16.950000762939453,17.06999969482422,16.924999237060547,16.979999542236328,616000,0.0,0.0
2006-05-10 00:00:00-04:00,16.950000762939453,17.094999313354492,16.795000076293945,17.0,1494000,0.0,0.0
2006-05-11 00:00:00-04:00,16.950000762939453,16.975000381469727,16.579999923706055,16.645000457763672,1764200,0.0,0.0
2006-05-12 00:00:00-04:00,16.575000762939453,16.655000686645508,16.25,16.329999923706055,1451400,0.0,0.0
2006-05-15 00:00:00-04:00,16.655000686645508,16.655000686645508,16.200000762939453,16.264999389648438,1296400,0.0,0.0
2006-05-16 00:00:00-04:00,16.264999389648438,16.354999542236328,16.204999923706055,16.344999313354492,938200,0.0,0.0
2006-05-17 00:00:00-04:00,16.274999618530273,16.6200008392334,16.225000381469727,16.28499984741211,2719800,0.0,0.0
2006-05-18 00:00:00-04:00,16.280000686645508,16.405000686645508,16.235000610351562,16.2450008392334,1459800,0.0,0.0
2006-05-19 00:00:00-04:00,16.325000762939453,16.575000762939453,16.260000228881836,16.545000076293945,1326200,0.0,0.0
2006-05-22 00:00:00-04:00,16.450000762939453,16.450000762939453,16.114999771118164,16.34000015258789,1768400,0.0,0.0
2006-05-23 00:00:00-04:00,16.325000762939453,16.450000762939453,16.200000762939453,16.200000762939453,868600,0.0,0.0
2006-05-24 00:00:00-04:00,16.184999465942383,16.184999465942383,15.770000457763672,15.8100004196167,2585200,0.0,0.0
2006-05-25 00:00:00-04:00,15.925000190734863,15.975000381469727,15.78499984741211,15.880000114440918,1729400,0.0,0.0
2006-05-26 00:00:00-04:00,15.890000343322754,15.954999923706055,15.664999961853027,15.779999732971191,2134000,0.0,0.0
2006-05-30 00:00:00-04:00,16.225000381469727,16.399999618530273,15.890000343322754,15.960000038146973,2420800,0.0,0.0
2006-05-31 00:00:00-04:00,15.954999923706055,16.045000076293945,15.78499984741211,15.904999732971191,1851800,0.0,0.0
2006-06-01 00:00:00-04:00,15.930000305175781,16.010000228881836,15.795000076293945,15.845000267028809,2774200,0.0,0.0
2006-06-02 00:00:00-04:00,15.859999656677246,15.970000267028809,15.805000305175781,15.904999732971191,1304600,0.0,0.0
2006-06-05 00:00:00-04:00,15.819999694824219,15.875,15.515000343322754,15.53499984741211,1371600,0.0,0.0
2006-06-06 00:00:00-04:00,15.53499984741211,15.595000267028809,15.369999885559082,15.475000381469727,1666400,0.0,0.0
2006-06-07 00:00:00-04:00,15.444999694824219,15.654999732971191,15.380000114440918,15.399999618530273,1822000,0.0,0.0
2006-06-08 00:00:00-04:00,15.324999809265137,15.395000457763672,15.0,15.305000305175781,4102000,0.0,0.0
2006-06-09 00:00:00-04:00,15.300000190734863,15.444999694824219,15.149999618530273,15.305000305175781,1676200,0.0,0.0
2006-06-12 00:00:00-04:00,15.274999618530273,15.274999618530273,14.895000457763672,14.9399995803833,1412000,0.0,0.0
2006-06-13 00:00:00-04:00,14.899999618530273,15.104999542236328,14.850000381469727,14.914999961853027,1508600,0.0,0.0
2006-06-14 00:00:00-04:00,14.880000114440918,15.25,14.854999542236328,15.229999542236328,1387600,0.0,0.0
2006-06-15 00:00:00-04:00,15.21500015258789,15.680000305175781,15.175000190734863,15.619999885559082,1312000,0.0,0.0
2006-06-16 00:00:00-04:00,15.75,15.875,15.53499984741211,15.75,2028600,0.0,0.0
2006-06-19 00:00:00-04:00,17.350000381469727,17.625,16.7549991607666,16.94499969482422,10453400,0.0,0.0
2006-06-20 00:00:00-04:00,16.94499969482422,17.19499969482422,16.920000076293945,17.079999923706055,2810200,0.0,0.0
2006-06-21 00:00:00-04:00,17.084999084472656,17.584999084472656,17.079999923706055,17.344999313354492,2866600,0.0,0.0
2006-06-22 00:00:00-04:00,17.350000381469727,17.40999984741211,17.094999313354492,17.375,2113600,0.0,0.0
2006-06-23 00:00:00-04:00,17.3700008392334,17.670000076293945,17.25,17.614999771118164,1868400,0.0,0.0
2006-06-26 00:00:00-04:00,17.610000610351562,18.020000457763672,17.600000381469727,17.8799991607666,1981400,0.0,0.0
2006-06-27 00:00:00-04:00,17.825000762939453,17.934999465942383,17.405000686645508,17.600000381469727,1589200,0.0,0.0
2006-06-28 00:00:00-04:00,17.600000381469727,17.690000534057617,17.459999084472656,17.604999542236328,707600,0.0,0.0
2006-06-29 00:00:00-04:00,17.729999542236328,17.985000610351562,17.575000762939453,17.985000610351562,1780200,0.0,0.0
2006-06-30 00:00:00-04:00,17.985000610351562,18.045000076293945,17.600000381469727,17.729999542236328,1881400,0.0,0.0
2006-07-03 00:00:00-04:00,17.7450008392334,17.854999542236328,17.700000762939453,17.834999084472656,656400,0.0,0.0
2006-07-05 00:00:00-04:00,17.799999237060547,17.799999237060547,17.670000076293945,17.674999237060547,1373000,0.0,0.0
2006-07-06 00:00:00-04:00,17.674999237060547,17.729999542236328,17.475000381469727,17.485000610351562,1247200,0.0,0.0
2006-07-07 00:00:00-04:00,17.469999313354492,17.5,17.19499969482422,17.325000762939453,1077400,0.0,0.0
2006-07-10 00:00:00-04:00,17.329999923706055,17.5,17.28499984741211,17.350000381469727,1002400,0.0,0.0
2006-07-11 00:00:00-04:00,17.344999313354492,17.350000381469727,16.735000610351562,16.989999771118164,1602400,0.0,0.0
2006-07-12 00:00:00-04:00,16.920000076293945,16.985000610351562,16.690000534057617,16.84000015258789,1138200,0.0,0.0
2006-07-13 00:00:00-04:00,16.774999618530273,16.959999084472656,16.635000228881836,16.7549991607666,1609400,0.0,0.0
2006-07-14 00:00:00-04:00,16.75,16.770000457763672,16.139999389648438,16.2450008392334,2054800,0.0,0.0
2006-07-17 00:00:00-04:00,16.2450008392334,16.709999084472656,16.2450008392334,16.649999618530273,2583400,0.0,0.0
2006-07-18 00:00:00-04:00,16.700000762939453,16.764999389648438,16.399999618530273,16.645000457763672,1500000,0.0,0.0
2006-07-19 00:00:00-04:00,16.649999618530273,17.03499984741211,16.645000457763672,16.940000534057617,2075000,0.0,0.0
2006-07-20 00:00:00-04:00,16.934999465942383,17.0,16.7549991607666,16.889999389648438,1515000,0.0,0.0
2006-07-21 00:00:00-04:00,16.84000015258789,16.844999313354492,16.5049991607666,16.5049991607666,3640400,0.0,0.0
2006-07-24 00:00:00-04:00,16.645000457763672,17.084999084472656,16.614999771118164,17.040000915527344,839800,0.0,0.0
2006-07-25 00:00:00-04:00,16.975000381469727,17.40999984741211,16.774999618530273,17.385000228881836,1422400,0.0,0.0
2006-07-26 00:00:00-04:00,17.290000915527344,17.364999771118164,17.100000381469727,17.19499969482422,915600,0.0,0.0
2006-07-27 00:00:00-04:00,17.184999465942383,17.200000762939453,16.815000534057617,16.915000915527344,1053800,0.0,0.0
2006-07-28 00:00:00-04:00,16.924999237060547,17.18000030517578,16.875,17.15999984741211,1324400,0.0,0.0
2006-07-31 00:00:00-04:00,17.15999984741211,17.4950008392334,17.020000457763672,17.399999618530273,1714400,0.0,0.0
2006-08-01 00:00:00-04:00,17.375,17.389999389648438,17.100000381469727,17.200000762939453,1726400,0.0,0.0
2006-08-02 00:00:00-04:00,17.290000915527344,17.450000762939453,17.260000228881836,17.424999237060547,2433000,0.0,0.0
2006-08-03 00:00:00-04:00,17.405000686645508,17.8700008392334,17.364999771118164,17.84000015258789,1825800,0.0,0.0
2006-08-04 00:00:00-04:00,17.96500015258789,18.104999542236328,17.604999542236328,17.719999313354492,4116400,0.0,0.0
2006-08-07 00:00:00-04:00,17.549999237060547,17.549999237060547,17.399999618530273,17.489999771118164,2451600,0.0,0.0
2006-08-08 00:00:00-04:00,17.489999771118164,17.649999618530273,17.395000457763672,17.489999771118164,2351000,0.0,0.0
2006-08-09 00:00:00-04:00,17.4950008392334,17.545000076293945,17.350000381469727,17.43000030517578,1673800,0.0,0.0
2006-08-10 00:00:00-04:00,17.399999618530273,17.625,17.299999237060547,17.559999465942383,1424400,0.0,0.0
2006-08-11 00:00:00-04:00,17.510000228881836,17.610000610351562,17.454999923706055,17.479999542236328,1560400,0.0,0.0
2006-08-14 00:00:00-04:00,17.514999389648438,17.770000457763672,17.424999237060547,17.459999084472656,1325200,0.0,0.0
2006-08-15 00:00:00-04:00,17.674999237060547,17.81999969482422,17.579999923706055,17.815000534057617,1745600,0.0,0.0
2006-08-16 00:00:00-04:00,17.864999771118164,18.434999465942383,17.864999771118164,18.30500030517578,1385800,0.0,0.0
2006-08-17 00:00:00-04:00,18.299999237060547,18.604999542236328,18.260000228881836,18.600000381469727,1312000,0.0,0.0
2006-08-18 00:00:00-04:00,18.584999084472656,18.600000381469727,18.325000762939453,18.55500030517578,819200,0.0,0.0
2006-08-21 00:00:00-04:00,18.43000030517578,18.520000457763672,18.104999542236328,18.155000686645508,1502000,0.0,0.0
2006-08-22 00:00:00-04:00,18.100000381469727,18.295000076293945,18.03499984741211,18.2549991607666,937800,0.0,0.0
2006-08-23 00:00:00-04:00,18.315000534057617,18.350000381469727,18.049999237060547,18.170000076293945,808600,0.0,0.0
2006-08-24 00:00:00-04:00,18.200000762939453,18.200000762939453,17.81999969482422,17.94499969482422,1065400,0.0,0.0
2006-08-25 00:00:00-04:00,17.875,17.915000915527344,17.739999771118164,17.795000076293945,1203000,0.0,0.0
2006-08-28 00:00:00-04:00,17.760000228881836,17.975000381469727,17.760000228881836,17.8799991607666,1228200,0.0,0.0
2006-08-29 00:00:00-04:00,17.885000228881836,18.0,17.75,17.854999542236328,1255600,0.0,0.0
2006-08-30 00:00:00-04:00,17.8799991607666,18.235000610351562,17.725000381469727,18.21500015258789,2498000,0.0,0.0
2006-08-31 00:00:00-04:00,18.239999771118164,18.950000762939453,18.239999771118164,18.844999313354492,2053600,0.0,0.0
2006-09-01 00:00:00-04:00,18.825000762939453,18.844999313354492,18.59000015258789,18.774999618530273,820400,0.0,0.0
2006-09-05 00:00:00-04:00,18.729999542236328,18.9950008392334,18.690000534057617,18.959999084472656,1456600,0.0,0.0
2006-09-06 00:00:00-04:00,18.934999465942383,19.0,18.729999542236328,18.979999542236328,1972400,0.0,0.0
2006-09-07 00:00:00-04:00,18.979999542236328,19.190000534057617,18.760000228881836,19.135000228881836,1647400,0.0,0.0
2006-09-08 00:00:00-04:00,19.184999465942383,19.725000381469727,19.149999618530273,19.575000762939453,2759000,0.0,0.0
2006-09-11 00:00:00-04:00,19.5,19.719999313354492,19.229999542236328,19.510000228881836,1885600,0.0,0.0
2006-09-12 00:00:00-04:00,19.594999313354492,20.344999313354492,19.549999237060547,20.225000381469727,3748800,0.0,0.0
2006-09-13 00:00:00-04:00,20.19499969482422,20.774999618530273,20.18000030517578,20.655000686645508,3424000,0.0,0.0
2006-09-14 00:00:00-04:00,20.549999237060547,20.55500030517578,19.889999389648438,20.079999923706055,2792600,0.0,0.0
2006-09-15 00:00:00-04:00,20.18000030517578,20.420000076293945,20.010000228881836,20.260000228881836,3264800,0.0,0.0
2006-09-18 00:00:00-04:00,20.239999771118164,20.274999618530273,20.05500030517578,20.145000457763672,1926000,0.0,0.0
2006-09-19 00:00:00-04:00,20.350000381469727,20.354999542236328,19.875,20.06999969482422,2389400,0.0,0.0
2006-09-20 00:00:00-04:00,21.450000762939453,22.100000381469727,21.450000762939453,21.649999618530273,9899200,0.0,0.0
2006-09-21 00:00:00-04:00,21.399999618530273,21.540000915527344,20.549999237060547,20.69499969482422,5974000,0.0,0.0
2006-09-22 00:00:00-04:00,20.700000762939453,21.0049991607666,20.649999618530273,20.920000076293945,2132600,0.0,0.0
2006-09-25 00:00:00-04:00,21.0,21.049999237060547,20.75,21.020000457763672,2137200,0.0,0.0
2006-09-26 00:00:00-04:00,21.065000534057617,21.155000686645508,20.905000686645508,21.075000762939453,2618800,0.0,0.0
2006-09-27 00:00:00-04:00,21.075000762939453,21.100000381469727,20.950000762939453,21.049999237060547,2224000,0.0,0.0
2006-09-28 00:00:00-04:00,21.125,21.25,20.799999237060547,21.05500030517578,1692800,0.0,0.0
2006-09-29 00:00:00-04:00,21.174999237060547,21.30500030517578,20.770000457763672,20.854999542236328,1271200,0.0,0.0
2006-10-02 00:00:00-04:00,20.924999237060547,20.93000030517578,20.450000762939453,20.59000015258789,2608800,0.0,0.0
2006-10-03 00:00:00-04:00,20.59000015258789,20.975000381469727,20.450000762939453,20.825000762939453,2309600,0.0,0.0
2006-10-04 00:00:00-04:00,20.825000762939453,21.219999313354492,20.649999618530273,21.075000762939453,1475200,0.0,0.0
2006-10-05 00:00:00-04:00,21.0049991607666,21.584999084472656,20.959999084472656,21.4950008392334,1875000,0.0,0.0
2006-10-06 00:00:00-04:00,21.344999313354492,21.489999771118164,21.06999969482422,21.270000457763672,1299400,0.0,0.0
2006-10-09 00:00:00-04:00,21.209999084472656,21.424999237060547,21.075000762939453,21.329999923706055,1431800,0.0,0.0
2006-10-10 00:00:00-04:00,21.350000381469727,21.674999237060547,21.31999969482422,21.44499969482422,2217000,0.0,0.0
2006-10-11 00:00:00-04:00,21.350000381469727,21.7450008392334,21.309999465942383,21.69499969482422,1879400,0.0,0.0
2006-10-12 00:00:00-04:00,21.700000762939453,22.174999237060547,21.700000762939453,22.139999389648438,1456800,0.0,0.0
2006-10-13 00:00:00-04:00,22.110000610351562,22.174999237060547,21.975000381469727,22.104999542236328,1237600,0.0,0.0
2006-10-16 00:00:00-04:00,22.09000015258789,22.18000030517578,21.950000762939453,21.954999923706055,1295800,0.0,0.0
2006-10-17 00:00:00-04:00,21.950000762939453,21.979999542236328,21.55500030517578,21.895000457763672,1733800,0.0,0.0
2006-10-18 00:00:00-04:00,21.895000457763672,22.09000015258789,21.764999389648438,21.889999389648438,1025000,0.0,0.0
2006-10-19 00:00:00-04:00,21.93000030517578,22.165000915527344,21.81999969482422,22.145000457763672,1092800,0.0,0.0
2006-10-20 00:00:00-04:00,22.139999389648438,22.174999237060547,21.915000915527344,22.010000228881836,1295400,0.0,0.0
2006-10-23 00:00:00-04:00,21.950000762939453,22.264999389648438,21.934999465942383,22.125,2471600,0.0,0.0
2006-10-24 00:00:00-04:00,22.024999618530273,22.21500015258789,22.0049991607666,22.204999923706055,2629000,0.0,0.0
2006-10-25 00:00:00-04:00,22.2450008392334,22.25,21.889999389648438,22.094999313354492,1686400,0.0,0.0
2006-10-26 00:00:00-04:00,22.145000457763672,22.475000381469727,22.0,22.315000534057617,2181000,0.0,0.0
2006-10-27 00:00:00-04:00,22.295000076293945,22.395000457763672,22.09000015258789,22.125,1434600,0.0,0.0
2006-10-30 00:00:00-05:00,22.06999969482422,22.440000534057617,22.040000915527344,22.350000381469727,1814800,0.0,0.0
2006-10-31 00:00:00-05:00,22.385000228881836,22.399999618530273,22.014999389648438,22.149999618530273,1197400,0.0,0.0
2006-11-01 00:00:00-05:00,22.200000762939453,22.235000610351562,21.315000534057617,21.399999618530273,1610000,0.0,0.0
2006-11-02 00:00:00-05:00,21.274999618530273,21.795000076293945,21.19499969482422,21.690000534057617,1381600,0.0,0.0
2006-11-03 00:00:00-05:00,21.69499969482422,21.81999969482422,21.5,21.665000915527344,735600,0.0,0.0
2006-11-06 00:00:00-05:00,21.69499969482422,22.405000686645508,21.674999237060547,22.3700008392334,2359800,0.0,0.0
2006-11-07 00:00:00-05:00,22.40999984741211,22.479999542236328,21.889999389648438,21.895000457763672,1974200,0.0,0.0
2006-11-08 00:00:00-05:00,21.920000076293945,23.25,21.899999618530273,23.139999389648438,3348400,0.0,0.0
2006-11-09 00:00:00-05:00,23.225000381469727,23.5,23.170000076293945,23.424999237060547,2237200,0.0,0.0
2006-11-10 00:00:00-05:00,23.364999771118164,23.645000457763672,23.235000610351562,23.530000686645508,1571800,0.0,0.0
2006-11-13 00:00:00-05:00,23.375,23.674999237060547,23.315000534057617,23.514999389648438,2150200,0.0,0.0
2006-11-14 00:00:00-05:00,23.479999542236328,23.729999542236328,23.25,23.645000457763672,2731600,0.0,0.0
2006-11-15 00:00:00-05:00,23.645000457763672,23.84000015258789,23.565000534057617,23.735000610351562,1825200,0.0,0.0
2006-11-16 00:00:00-05:00,23.735000610351562,23.989999771118164,23.510000228881836,23.700000762939453,1733800,0.0,0.0
2006-11-17 00:00:00-05:00,23.649999618530273,23.649999618530273,23.235000610351562,23.375,1474000,0.0,0.0
2006-11-20 00:00:00-05:00,23.424999237060547,23.4950008392334,22.924999237060547,23.03499984741211,2749600,0.0,0.0
2006-11-21 00:00:00-05:00,23.110000610351562,23.405000686645508,23.020000457763672,23.059999465942383,1746800,0.0,0.0
2006-11-22 00:00:00-05:00,23.114999771118164,23.264999389648438,23.0049991607666,23.174999237060547,1282200,0.0,0.0
2006-11-24 00:00:00-05:00,22.975000381469727,23.21500015258789,22.825000762939453,23.03499984741211,433800,0.0,0.0
2006-11-27 00:00:00-05:00,22.899999618530273,22.975000381469727,22.415000915527344,22.489999771118164,2476800,0.0,0.0
2006-11-28 00:00:00-05:00,22.385000228881836,22.719999313354492,22.30500030517578,22.68000030517578,2400000,0.0,0.0
2006-11-29 00:00:00-05:00,22.700000762939453,23.15999984741211,22.700000762939453,23.15999984741211,1208600,0.0,0.0
2006-11-30 00:00:00-05:00,23.1299991607666,23.225000381469727,22.719999313354492,23.06999969482422,1274800,0.0,0.0
2006-12-01 00:00:00-05:00,23.1200008392334,23.415000915527344,23.100000381469727,23.3799991607666,1818600,0.0,0.0
2006-12-04 00:00:00-05:00,23.299999237060547,23.7450008392334,23.295000076293945,23.7450008392334,2392800,0.0,0.0
2006-12-05 00:00:00-05:00,23.75,24.600000381469727,23.7450008392334,24.4950008392334,3520800,0.0,0.0
2006-12-06 00:00:00-05:00,24.5,24.725000381469727,24.424999237060547,24.524999618530273,1888000,0.0,0.0
2006-12-07 00:00:00-05:00,24.549999237060547,24.600000381469727,24.200000762939453,24.200000762939453,869400,0.0,0.0
2006-12-08 00:00:00-05:00,24.155000686645508,24.670000076293945,24.09000015258789,24.514999389648438,843800,0.0,0.0
2006-12-11 00:00:00-05:00,24.53499984741211,24.780000686645508,24.475000381469727,24.700000762939453,965800,0.0,0.0
2006-12-12 00:00:00-05:00,24.704999923706055,24.799999237060547,24.165000915527344,24.325000762939453,1007200,0.0,0.0
2006-12-13 00:00:00-05:00,24.625,24.739999771118164,24.405000686645508,24.450000762939453,2083200,0.0,0.0
2006-12-14 00:00:00-05:00,24.540000915527344,24.799999237060547,24.475000381469727,24.514999389648438,1037200,0.0,0.0
2006-12-15 00:00:00-05:00,24.520000457763672,24.864999771118164,24.375,24.450000762939453,1303200,0.0,0.0
2006-12-18 00:00:00-05:00,24.46500015258789,24.700000762939453,24.184999465942383,24.25,1032600,0.0,0.0
2006-12-19 00:00:00-05:00,24.1200008392334,24.354999542236328,23.735000610351562,24.315000534057617,2094600,0.0,0.0
2006-12-20 00:00:00-05:00,27.125,27.600000381469727,26.274999618530273,26.385000228881836,10989400,0.0,0.0
2006-12-21 00:00:00-05:00,26.825000762939453,26.924999237060547,26.520000457763672,26.825000762939453,3157800,0.0,0.0
2006-12-22 00:00:00-05:00,26.825000762939453,26.905000686645508,26.5,26.735000610351562,2381800,0.0,0.0
2006-12-26 00:00:00-05:00,26.69499969482422,27.219999313354492,26.604999542236328,27.065000534057617,1397200,0.0,0.0
2006-12-27 00:00:00-05:00,27.114999771118164,27.520000457763672,27.0049991607666,27.219999313354492,1833400,0.0,0.0
2006-12-28 00:00:00-05:00,27.149999618530273,27.325000762939453,26.96500015258789,27.045000076293945,1481600,0.0,0.0
2006-12-29 00:00:00-05:00,26.96500015258789,27.200000762939453,26.6200008392334,26.815000534057617,1047600,0.0,0.0
2007-01-03 00:00:00-05:00,26.81999969482422,27.645000457763672,26.184999465942383,27.645000457763672,5612000,0.0,0.0
2007-01-04 00:00:00-05:00,27.299999237060547,27.84000015258789,27.079999923706055,27.700000762939453,2077000,0.0,0.0
2007-01-05 00:00:00-05:00,27.575000762939453,28.395000457763672,27.475000381469727,28.094999313354492,3042000,0.0,0.0
2007-01-08 00:00:00-05:00,27.899999618530273,28.18000030517578,27.485000610351562,27.700000762939453,2630800,0.0,0.0
2007-01-09 00:00:00-05:00,27.704999923706055,27.920000076293945,27.450000762939453,27.81999969482422,1602200,0.0,0.0
2007-01-10 00:00:00-05:00,27.844999313354492,27.979999542236328,27.020000457763672,27.895000457763672,1565000,0.0,0.0
2007-01-11 00:00:00-05:00,27.989999771118164,28.565000534057617,27.979999542236328,28.40999984741211,1637800,0.0,0.0
2007-01-12 00:00:00-05:00,28.5,28.584999084472656,28.225000381469727,28.46500015258789,1286000,0.0,0.0
2007-01-16 00:00:00-05:00,28.575000762939453,29.135000228881836,28.575000762939453,28.725000381469727,1659600,0.0,0.0
2007-01-17 00:00:00-05:00,28.674999237060547,28.825000762939453,28.6299991607666,28.65999984741211,1041000,0.0,0.0
2007-01-18 00:00:00-05:00,28.725000381469727,28.774999618530273,28.459999084472656,28.549999237060547,1368600,0.0,0.0
2007-01-19 00:00:00-05:00,28.485000610351562,28.799999237060547,28.40999984741211,28.774999618530273,952200,0.0,0.0
2007-01-22 00:00:00-05:00,28.725000381469727,28.895000457763672,28.104999542236328,28.44499969482422,1252200,0.0,0.0
2007-01-23 00:00:00-05:00,28.450000762939453,29.184999465942383,28.31999969482422,28.989999771118164,1297200,0.0,0.0
2007-01-24 00:00:00-05:00,29.0,29.264999389648438,28.950000762939453,29.2450008392334,1062600,0.0,0.0
2007-01-25 00:00:00-05:00,29.2450008392334,29.264999389648438,28.459999084472656,28.55500030517578,1075200,0.0,0.0
2007-01-26 00:00:00-05:00,28.579999923706055,28.704999923706055,28.114999771118164,28.545000076293945,1047400,0.0,0.0
2007-01-29 00:00:00-05:00,28.53499984741211,29.44499969482422,28.5,29.174999237060547,1819200,0.0,0.0
2007-01-30 00:00:00-05:00,29.2450008392334,29.44499969482422,28.674999237060547,28.825000762939453,2156200,0.0,0.0
2007-01-31 00:00:00-05:00,28.709999084472656,28.985000610351562,28.454999923706055,28.71500015258789,1742800,0.0,0.0
2007-02-01 00:00:00-05:00,28.7450008392334,29.084999084472656,28.725000381469727,28.9950008392334,1340400,0.0,0.0
2007-02-02 00:00:00-05:00,29.03499984741211,29.059999465942383,28.549999237060547,28.774999618530273,1709800,0.0,0.0
2007-02-05 00:00:00-05:00,29.299999237060547,29.299999237060547,28.5,28.575000762939453,2149800,0.0,0.0
2007-02-06 00:00:00-05:00,28.68000030517578,28.889999389648438,28.3799991607666,28.7450008392334,1537800,0.0,0.0
2007-02-07 00:00:00-05:00,28.75,28.7549991607666,27.905000686645508,28.09000015258789,2576000,0.0,0.0
2007-02-08 00:00:00-05:00,28.09000015258789,28.165000915527344,27.795000076293945,27.975000381469727,2148600,0.0,0.0
2007-02-09 00:00:00-05:00,27.90999984741211,28.09000015258789,27.405000686645508,27.424999237060547,1714200,0.0,0.0
2007-02-12 00:00:00-05:00,27.424999237060547,27.700000762939453,27.25,27.295000076293945,2171000,0.0,0.0
2007-02-13 00:00:00-05:00,27.295000076293945,27.645000457763672,27.295000076293945,27.559999465942383,1918200,0.0,0.0
2007-02-14 00:00:00-05:00,27.719999313354492,28.344999313354492,27.65999984741211,28.30500030517578,2628200,0.0,0.0
2007-02-15 00:00:00-05:00,28.3700008392334,28.43000030517578,28.075000762939453,28.21500015258789,1220200,0.0,0.0
2007-02-16 00:00:00-05:00,28.229999542236328,28.34000015258789,28.0,28.1200008392334,642600,0.0,0.0
2007-02-20 00:00:00-05:00,28.104999542236328,28.200000762939453,27.795000076293945,27.934999465942383,1330400,0.0,0.0
2007-02-21 00:00:00-05:00,27.760000228881836,27.9950008392334,27.549999237060547,27.780000686645508,1507000,0.0,0.0
2007-02-22 00:00:00-05:00,27.864999771118164,28.030000686645508,27.75,28.0,1417800,0.0,0.0
2007-02-23 00:00:00-05:00,28.25,28.670000076293945,28.184999465942383,28.375,2025600,0.0,0.0
2007-02-26 00:00:00-05:00,28.475000381469727,28.5,27.850000381469727,27.96500015258789,2669000,0.0,0.0
2007-02-27 00:00:00-05:00,27.600000381469727,27.774999618530273,26.110000610351562,26.594999313354492,3899600,0.0,0.0
2007-02-28 00:00:00-05:00,27.06999969482422,27.1200008392334,26.020000457763672,26.350000381469727,4066400,0.0,0.0
2007-03-01 00:00:00-05:00,26.09000015258789,26.200000762939453,25.125,25.850000381469727,2944800,0.0,0.0
2007-03-02 00:00:00-05:00,25.850000381469727,25.854999542236328,24.90999984741211,25.0,3888800,0.0,0.0
2007-03-05 00:00:00-05:00,24.700000762939453,24.829999923706055,24.2450008392334,24.2450008392334,3398800,0.0,0.0
2007-03-06 00:00:00-05:00,25.174999237060547,25.795000076293945,24.954999923706055,25.645000457763672,4347200,0.0,0.0
2007-03-07 00:00:00-05:00,25.56999969482422,26.635000228881836,25.375,26.239999771118164,3326000,0.0,0.0
2007-03-08 00:00:00-05:00,26.530000686645508,26.899999618530273,26.530000686645508,26.725000381469727,3174000,0.0,0.0
2007-03-09 00:00:00-05:00,26.75,26.75,26.450000762939453,26.475000381469727,1929600,0.0,0.0
2007-03-12 00:00:00-04:00,26.479999542236328,26.479999542236328,25.774999618530273,26.079999923706055,2596200,0.0,0.0
2007-03-13 00:00:00-04:00,25.979999542236328,25.979999542236328,25.225000381469727,25.40999984741211,4039000,0.0,0.0
2007-03-14 00:00:00-04:00,25.450000762939453,25.579999923706055,24.0,24.625,7410600,0.0,0.0
2007-03-15 00:00:00-04:00,24.53499984741211,25.264999389648438,24.53499984741211,25.190000534057617,3514400,0.0,0.0
2007-03-16 00:00:00-04:00,25.225000381469727,25.545000076293945,25.1200008392334,25.5,2973600,0.0,0.0
2007-03-19 00:00:00-04:00,25.700000762939453,27.15999984741211,25.625,27.03499984741211,5122400,0.0,0.0
2007-03-20 00:00:00-04:00,27.030000686645508,27.030000686645508,26.71500015258789,26.950000762939453,2501800,0.0,0.0
2007-03-21 00:00:00-04:00,27.03499984741211,27.424999237060547,26.56999969482422,27.280000686645508,1933000,0.0,0.0
2007-03-22 00:00:00-04:00,27.299999237060547,27.389999389648438,26.704999923706055,26.975000381469727,1670200,0.0,0.0
2007-03-23 00:00:00-04:00,26.940000534057617,27.0,26.670000076293945,26.7450008392334,1977800,0.0,0.0
2007-03-26 00:00:00-04:00,26.780000686645508,27.149999618530273,26.510000228881836,26.875,3458800,0.0,0.0
2007-03-27 00:00:00-04:00,27.209999084472656,27.5,26.799999237060547,27.389999389648438,4609800,0.0,2.0
2007-03-28 00:00:00-04:00,27.43000030517578,27.540000915527344,26.780000686645508,27.06999969482422,3127600,0.0,0.0
2007-03-29 00:00:00-04:00,25.549999237060547,27.75,24.6200008392334,24.709999084472656,10043100,0.0,0.0
2007-03-30 00:00:00-04:00,24.799999237060547,24.979999542236328,23.770000457763672,24.540000915527344,5748600,0.0,0.0
2007-04-02 00:00:00-04:00,24.149999618530273,25.0,24.149999618530273,24.950000762939453,3758600,0.0,0.0
2007-04-03 00:00:00-04:00,24.959999084472656,25.280000686645508,24.809999465942383,25.0,2657700,0.0,0.0
2007-04-04 00:00:00-04:00,25.0,25.25,24.8799991607666,25.1200008392334,2865100,0.0,0.0
2007-04-05 00:00:00-04:00,25.06999969482422,25.06999969482422,24.899999618530273,24.940000534057617,1694400,0.0,0.0
2007-04-09 00:00:00-04:00,24.889999389648438,25.139999389648438,24.75,24.93000030517578,2243700,0.0,0.0
2007-04-10 00:00:00-04:00,24.90999984741211,24.979999542236328,24.8799991607666,24.940000534057617,1909300,0.0,0.0
2007-04-11 00:00:00-04:00,24.940000534057617,25.0,24.700000762939453,24.75,2153800,0.0,0.0
2007-04-12 00:00:00-04:00,24.65999984741211,24.860000610351562,24.15999984741211,24.56999969482422,2208200,0.0,0.0
2007-04-13 00:00:00-04:00,24.450000762939453,24.549999237060547,24.270000457763672,24.43000030517578,1411900,0.0,0.0
2007-04-16 00:00:00-04:00,24.600000381469727,24.709999084472656,24.350000381469727,24.670000076293945,1478300,0.0,0.0
2007-04-17 00:00:00-04:00,24.670000076293945,25.06999969482422,24.610000610351562,24.90999984741211,1766100,0.0,0.0
2007-04-18 00:00:00-04:00,24.860000610351562,25.15999984741211,24.600000381469727,25.020000457763672,2595300,0.0,0.0
2007-04-19 00:00:00-04:00,24.8700008392334,24.950000762939453,24.280000686645508,24.780000686645508,1901800,0.0,0.0
2007-04-20 00:00:00-04:00,24.969999313354492,25.18000030517578,24.860000610351562,25.110000610351562,1803300,0.0,0.0
2007-04-23 00:00:00-04:00,25.110000610351562,25.479999542236328,25.0,25.31999969482422,2008500,0.0,0.0
2007-04-24 00:00:00-04:00,25.329999923706055,25.350000381469727,24.6299991607666,25.100000381469727,2487900,0.0,0.0
2007-04-25 00:00:00-04:00,25.15999984741211,25.920000076293945,25.1299991607666,25.790000915527344,2948800,0.0,0.0
2007-04-26 00:00:00-04:00,25.850000381469727,25.889999389648438,25.549999237060547,25.799999237060547,1814900,0.0,0.0
2007-04-27 00:00:00-04:00,25.670000076293945,25.979999542236328,25.31999969482422,25.34000015258789,1672300,0.0,0.0
2007-04-30 00:00:00-04:00,25.34000015258789,25.34000015258789,24.84000015258789,24.920000076293945,1928100,0.0,0.0
2007-05-01 00:00:00-04:00,24.84000015258789,24.969999313354492,24.350000381469727,24.549999237060547,3466100,0.0,0.0
2007-05-02 00:00:00-04:00,24.520000457763672,25.149999618530273,24.290000915527344,25.059999465942383,2266400,0.0,0.0
2007-05-03 00:00:00-04:00,25.010000228881836,25.170000076293945,24.700000762939453,24.81999969482422,1411800,0.0,0.0
2007-05-04 00:00:00-04:00,24.81999969482422,24.989999771118164,24.649999618530273,24.8700008392334,1003800,0.0,0.0
2007-05-07 00:00:00-04:00,24.8700008392334,25.75,24.8700008392334,25.649999618530273,2301700,0.0,0.0
2007-05-08 00:00:00-04:00,25.520000457763672,25.600000381469727,24.979999542236328,25.209999084472656,1217500,0.0,0.0
2007-05-09 00:00:00-04:00,25.18000030517578,25.559999465942383,25.100000381469727,25.5,732200,0.0,0.0
2007-05-10 00:00:00-04:00,25.280000686645508,25.5,24.950000762939453,24.979999542236328,1302500,0.0,0.0
2007-05-11 00:00:00-04:00,24.969999313354492,25.25,24.799999237060547,25.09000015258789,673100,0.0,0.0
2007-05-14 00:00:00-04:00,25.100000381469727,25.15999984741211,24.719999313354492,24.770000457763672,1251400,0.0,0.0
2007-05-15 00:00:00-04:00,24.739999771118164,25.010000228881836,24.399999618530273,24.600000381469727,1947300,0.0,0.0
2007-05-16 00:00:00-04:00,24.649999618530273,24.8799991607666,24.190000534057617,24.520000457763672,1561100,0.0,0.0
2007-05-17 00:00:00-04:00,24.520000457763672,24.760000228881836,24.280000686645508,24.649999618530273,1047000,0.0,0.0
2007-05-18 00:00:00-04:00,24.649999618530273,24.649999618530273,24.219999313354492,24.610000610351562,1763500,0.0,0.0
2007-05-21 00:00:00-04:00,24.549999237060547,24.690000534057617,23.100000381469727,23.59000015258789,5831000,0.0,0.0
2007-05-22 00:00:00-04:00,23.549999237060547,23.700000762939453,23.350000381469727,23.469999313354492,2745600,0.0,0.0
2007-05-23 00:00:00-04:00,23.530000686645508,24.1200008392334,23.469999313354492,23.559999465942383,2911100,0.0,0.0
2007-05-24 00:00:00-04:00,23.440000534057617,23.440000534057617,22.6299991607666,22.799999237060547,6701400,0.0,0.0
2007-05-25 00:00:00-04:00,22.950000762939453,23.0,22.719999313354492,22.889999389648438,2082900,0.0,0.0
2007-05-29 00:00:00-04:00,23.0,23.280000686645508,22.829999923706055,23.010000228881836,1729000,0.0,0.0
2007-05-30 00:00:00-04:00,22.90999984741211,23.700000762939453,22.829999923706055,23.649999618530273,2339000,0.0,0.0
2007-05-31 00:00:00-04:00,23.68000030517578,24.170000076293945,23.68000030517578,24.0,2805300,0.0,0.0
2007-06-01 00:00:00-04:00,24.040000915527344,24.639999389648438,23.920000076293945,24.239999771118164,2592900,0.0,0.0
2007-06-04 00:00:00-04:00,24.1299991607666,24.139999389648438,23.68000030517578,23.950000762939453,2698300,0.0,0.0
2007-06-05 00:00:00-04:00,23.93000030517578,24.0,23.59000015258789,23.8799991607666,1503900,0.0,0.0
2007-06-06 00:00:00-04:00,23.829999923706055,23.829999923706055,23.299999237060547,23.440000534057617,1880600,0.0,0.0
2007-06-07 00:00:00-04:00,22.610000610351562,23.459999084472656,22.610000610351562,23.110000610351562,2375300,0.0,0.0
2007-06-08 00:00:00-04:00,23.15999984741211,23.760000228881836,23.149999618530273,23.760000228881836,1510700,0.0,0.0
2007-06-11 00:00:00-04:00,23.799999237060547,24.049999237060547,23.56999969482422,23.68000030517578,1079600,0.0,0.0
2007-06-12 00:00:00-04:00,23.549999237060547,23.549999237060547,23.040000915527344,23.049999237060547,1572400,0.0,0.0
2007-06-13 00:00:00-04:00,23.09000015258789,23.450000762939453,23.049999237060547,23.360000610351562,1146800,0.0,0.0
2007-06-14 00:00:00-04:00,23.34000015258789,23.350000381469727,22.989999771118164,23.18000030517578,1757200,0.0,0.0
2007-06-15 00:00:00-04:00,23.399999618530273,23.709999084472656,23.209999084472656,23.270000457763672,1701300,0.0,0.0
2007-06-18 00:00:00-04:00,23.3700008392334,23.59000015258789,23.110000610351562,23.1299991607666,2196600,0.0,0.0
2007-06-19 00:00:00-04:00,23.100000381469727,23.229999542236328,22.760000228881836,23.190000534057617,3207100,0.0,0.0
2007-06-20 00:00:00-04:00,25.100000381469727,26.0,25.010000228881836,25.610000610351562,7233500,0.0,0.0
2007-06-21 00:00:00-04:00,25.6200008392334,26.56999969482422,25.530000686645508,26.459999084472656,3640400,0.0,0.0
2007-06-22 00:00:00-04:00,26.290000915527344,26.389999389648438,25.600000381469727,25.969999313354492,2893800,0.0,0.0
2007-06-25 00:00:00-04:00,25.760000228881836,26.229999542236328,25.43000030517578,25.549999237060547,2519300,0.0,0.0
2007-06-26 00:00:00-04:00,25.59000015258789,25.799999237060547,25.18000030517578,25.25,1990600,0.0,0.0
2007-06-27 00:00:00-04:00,25.200000762939453,25.75,25.06999969482422,25.6299991607666,1491200,0.0,0.0
2007-06-28 00:00:00-04:00,25.639999389648438,26.079999923706055,25.600000381469727,25.739999771118164,1359700,0.0,0.0
2007-06-29 00:00:00-04:00,25.799999237060547,26.1200008392334,25.3700008392334,25.5,1826600,0.0,0.0
2007-07-02 00:00:00-04:00,25.56999969482422,25.700000762939453,25.329999923706055,25.649999618530273,1414300,0.0,0.0
2007-07-03 00:00:00-04:00,25.93000030517578,26.34000015258789,25.93000030517578,26.299999237060547,1479400,0.0,0.0
2007-07-05 00:00:00-04:00,26.399999618530273,27.200000762939453,26.329999923706055,26.790000915527344,3118700,0.0,0.0
2007-07-06 00:00:00-04:00,26.600000381469727,27.420000076293945,26.579999923706055,27.399999618530273,2147000,0.0,0.0
2007-07-09 00:00:00-04:00,27.350000381469727,27.399999618530273,26.600000381469727,26.809999465942383,1776300,0.0,0.0
2007-07-10 00:00:00-04:00,26.75,26.850000381469727,25.93000030517578,25.979999542236328,1579800,0.0,0.0
2007-07-11 00:00:00-04:00,26.0,26.0,25.43000030517578,25.84000015258789,1645800,0.0,0.0
2007-07-12 00:00:00-04:00,26.079999923706055,26.549999237060547,25.739999771118164,25.90999984741211,1792400,0.0,0.0
2007-07-13 00:00:00-04:00,25.68000030517578,26.260000228881836,25.68000030517578,26.049999237060547,1270900,0.0,0.0
2007-07-16 00:00:00-04:00,26.030000686645508,26.469999313354492,26.020000457763672,26.229999542236328,1122200,0.0,0.0
2007-07-17 00:00:00-04:00,26.100000381469727,26.100000381469727,25.389999389648438,25.459999084472656,1408100,0.0,0.0
2007-07-18 00:00:00-04:00,25.219999313354492,25.489999771118164,25.020000457763672,25.280000686645508,1769700,0.0,0.0
2007-07-19 00:00:00-04:00,25.440000534057617,25.6299991607666,25.399999618530273,25.43000030517578,832000,0.0,0.0
2007-07-20 00:00:00-04:00,25.3799991607666,25.530000686645508,25.020000457763672,25.190000534057617,1274500,0.0,0.0
2007-07-23 00:00:00-04:00,25.399999618530273,25.6299991607666,25.170000076293945,25.5,1318200,0.0,0.0
2007-07-24 00:00:00-04:00,25.18000030517578,25.3799991607666,24.93000030517578,25.049999237060547,2947800,0.0,0.0
2007-07-25 00:00:00-04:00,25.15999984741211,25.229999542236328,23.860000610351562,24.209999084472656,2252000,0.0,0.0
2007-07-26 00:00:00-04:00,23.899999618530273,24.059999465942383,22.549999237060547,23.639999389648438,4648500,0.0,0.0
2007-07-27 00:00:00-04:00,23.639999389648438,23.969999313354492,23.229999542236328,23.3799991607666,2550700,0.0,0.0
2007-07-30 00:00:00-04:00,23.3799991607666,23.729999542236328,22.979999542236328,23.389999389648438,2937700,0.0,0.0
2007-07-31 00:00:00-04:00,23.700000762939453,24.25,23.700000762939453,23.93000030517578,3880900,0.0,0.0
2007-08-01 00:00:00-04:00,24.040000915527344,24.079999923706055,23.420000076293945,24.010000228881836,4952100,0.0,0.0
2007-08-02 00:00:00-04:00,24.030000686645508,24.100000381469727,23.65999984741211,23.989999771118164,2690800,0.0,0.0
2007-08-03 00:00:00-04:00,23.889999389648438,24.90999984741211,23.729999542236328,23.959999084472656,4611500,0.0,0.0
2007-08-06 00:00:00-04:00,24.149999618530273,25.25,23.43000030517578,23.5,6676800,0.0,0.0
2007-08-07 00:00:00-04:00,23.3700008392334,24.469999313354492,23.3700008392334,24.190000534057617,3181100,0.0,0.0
2007-08-08 00:00:00-04:00,24.479999542236328,25.549999237060547,24.270000457763672,25.049999237060547,2984600,0.0,0.0
2007-08-09 00:00:00-04:00,24.799999237060547,25.479999542236328,23.950000762939453,24.0,4786500,0.0,0.0
2007-08-10 00:00:00-04:00,23.59000015258789,23.940000534057617,22.940000534057617,23.1200008392334,4586300,0.0,0.0
2007-08-13 00:00:00-04:00,23.5,23.81999969482422,22.579999923706055,22.950000762939453,3700200,0.0,0.0
2007-08-14 00:00:00-04:00,22.940000534057617,23.06999969482422,21.6299991607666,21.940000534057617,3845800,0.0,0.0
2007-08-15 00:00:00-04:00,21.899999618530273,22.469999313354492,21.75,21.84000015258789,3308800,0.0,0.0
2007-08-16 00:00:00-04:00,21.610000610351562,21.690000534057617,20.329999923706055,21.270000457763672,7879300,0.0,0.0
2007-08-17 00:00:00-04:00,21.860000610351562,22.780000686645508,21.760000228881836,22.299999237060547,3727100,0.0,0.0
2007-08-20 00:00:00-04:00,22.469999313354492,23.049999237060547,22.399999618530273,22.8700008392334,3096900,0.0,0.0
2007-08-21 00:00:00-04:00,22.719999313354492,23.739999771118164,22.59000015258789,23.469999313354492,2531000,0.0,0.0
2007-08-22 00:00:00-04:00,23.520000457763672,23.81999969482422,23.209999084472656,23.81999969482422,1939300,0.0,0.0
2007-08-23 00:00:00-04:00,23.899999618530273,24.479999542236328,23.329999923706055,23.40999984741211,2468700,0.0,0.0
2007-08-24 00:00:00-04:00,23.329999923706055,23.690000534057617,22.860000610351562,23.600000381469727,2410000,0.0,0.0
2007-08-27 00:00:00-04:00,23.329999923706055,23.549999237060547,22.850000381469727,23.010000228881836,1678400,0.0,0.0
2007-08-28 00:00:00-04:00,22.899999618530273,22.989999771118164,22.31999969482422,22.40999984741211,1675700,0.0,0.0
2007-08-29 00:00:00-04:00,22.479999542236328,23.010000228881836,22.170000076293945,22.989999771118164,4460100,0.0,0.0
2007-08-30 00:00:00-04:00,22.75,22.84000015258789,22.010000228881836,22.25,2999000,0.0,0.0
2007-08-31 00:00:00-04:00,22.540000915527344,23.0,22.450000762939453,22.65999984741211,2140100,0.0,0.0
2007-09-04 00:00:00-04:00,22.75,23.770000457763672,22.610000610351562,23.520000457763672,2417900,0.0,0.0
2007-09-05 00:00:00-04:00,23.290000915527344,23.549999237060547,22.760000228881836,22.950000762939453,3894600,0.0,0.0
2007-09-06 00:00:00-04:00,22.950000762939453,23.450000762939453,22.559999465942383,23.329999923706055,2187000,0.0,0.0
2007-09-07 00:00:00-04:00,22.899999618530273,23.079999923706055,22.34000015258789,22.600000381469727,2901700,0.0,0.0
2007-09-10 00:00:00-04:00,22.770000457763672,23.239999771118164,21.889999389648438,22.93000030517578,2887000,0.0,0.0
2007-09-11 00:00:00-04:00,23.079999923706055,23.829999923706055,23.020000457763672,23.760000228881836,2605000,0.0,0.0
2007-09-12 00:00:00-04:00,23.549999237060547,24.149999618530273,23.1299991607666,23.190000534057617,2711300,0.0,0.0
2007-09-13 00:00:00-04:00,23.3700008392334,24.290000915527344,22.979999542236328,23.809999465942383,2255100,0.0,0.0
2007-09-14 00:00:00-04:00,23.559999465942383,23.940000534057617,23.299999237060547,23.510000228881836,3334500,0.0,0.0
2007-09-17 00:00:00-04:00,23.350000381469727,24.09000015258789,23.329999923706055,23.84000015258789,2538300,0.0,0.0
2007-09-18 00:00:00-04:00,23.84000015258789,25.3799991607666,23.84000015258789,25.059999465942383,3570600,0.0,0.0
2007-09-19 00:00:00-04:00,22.5,22.700000762939453,21.229999542236328,21.290000915527344,19982700,0.0,0.0
2007-09-20 00:00:00-04:00,21.350000381469727,22.219999313354492,20.989999771118164,22.1299991607666,7151900,0.0,0.0
2007-09-21 00:00:00-04:00,21.809999465942383,22.149999618530273,21.31999969482422,21.799999237060547,5050500,0.0,0.0
2007-09-24 00:00:00-04:00,21.799999237060547,22.290000915527344,20.600000381469727,20.84000015258789,5320000,0.0,0.0
2007-09-25 00:00:00-04:00,20.709999084472656,20.739999771118164,20.1299991607666,20.290000915527344,4198100,0.0,0.0
2007-09-26 00:00:00-04:00,20.350000381469727,21.0,20.350000381469727,20.8700008392334,3052100,0.0,0.0
2007-09-27 00:00:00-04:00,20.850000381469727,20.860000610351562,20.540000915527344,20.579999923706055,1993400,0.0,0.0
2007-09-28 00:00:00-04:00,20.6299991607666,20.709999084472656,20.1299991607666,20.329999923706055,2917400,0.0,0.0
2007-10-01 00:00:00-04:00,20.34000015258789,20.440000534057617,19.8700008392334,20.440000534057617,3069200,0.0,0.0
2007-10-02 00:00:00-04:00,20.510000228881836,21.200000762939453,20.360000610351562,21.1299991607666,2595900,0.0,0.0
2007-10-03 00:00:00-04:00,21.149999618530273,22.0,20.799999237060547,21.6299991607666,2927000,0.0,0.0
2007-10-04 00:00:00-04:00,21.739999771118164,21.899999618530273,21.260000228881836,21.43000030517578,1487000,0.0,0.0
2007-10-05 00:00:00-04:00,21.579999923706055,22.100000381469727,21.530000686645508,22.06999969482422,2464900,0.0,0.0
2007-10-08 00:00:00-04:00,21.739999771118164,21.950000762939453,21.469999313354492,21.790000915527344,2847100,0.0,0.0
2007-10-09 00:00:00-04:00,21.899999618530273,21.979999542236328,21.649999618530273,21.899999618530273,1603800,0.0,0.0
2007-10-10 00:00:00-04:00,21.799999237060547,22.049999237060547,21.65999984741211,21.979999542236328,2361300,0.0,0.0
2007-10-11 00:00:00-04:00,22.0,22.06999969482422,21.790000915527344,21.829999923706055,3116300,0.0,0.0
2007-10-12 00:00:00-04:00,21.899999618530273,22.110000610351562,21.709999084472656,21.84000015258789,1303800,0.0,0.0
2007-10-15 00:00:00-04:00,21.84000015258789,21.84000015258789,21.020000457763672,21.530000686645508,2564900,0.0,0.0
2007-10-16 00:00:00-04:00,21.200000762939453,21.489999771118164,20.84000015258789,20.959999084472656,3152700,0.0,0.0
2007-10-17 00:00:00-04:00,21.149999618530273,21.670000076293945,20.950000762939453,21.420000076293945,2268600,0.0,0.0
2007-10-18 00:00:00-04:00,21.309999465942383,21.729999542236328,20.90999984741211,21.260000228881836,1771400,0.0,0.0
2007-10-19 00:00:00-04:00,21.260000228881836,21.389999389648438,20.1299991607666,20.34000015258789,4472600,0.0,0.0
2007-10-22 00:00:00-04:00,20.209999084472656,21.040000915527344,20.020000457763672,20.790000915527344,2296200,0.0,0.0
2007-10-23 00:00:00-04:00,20.940000534057617,21.170000076293945,20.399999618530273,21.1200008392334,2871600,0.0,0.0
2007-10-24 00:00:00-04:00,20.700000762939453,21.059999465942383,20.5,20.940000534057617,2800500,0.0,0.0
2007-10-25 00:00:00-04:00,21.100000381469727,21.100000381469727,20.280000686645508,20.510000228881836,3457600,0.0,0.0
2007-10-26 00:00:00-04:00,20.850000381469727,21.0,20.270000457763672,20.299999237060547,4404400,0.0,0.0
2007-10-29 00:00:00-04:00,20.399999618530273,20.84000015258789,20.34000015258789,20.389999389648438,2869700,0.0,0.0
2007-10-30 00:00:00-04:00,20.0,20.549999237060547,19.790000915527344,20.459999084472656,3767800,0.0,0.0
2007-10-31 00:00:00-04:00,20.68000030517578,21.0,20.459999084472656,20.8700008392334,3868800,0.0,0.0
2007-11-01 00:00:00-04:00,20.530000686645508,20.530000686645508,19.65999984741211,19.790000915527344,6363700,0.0,0.0
2007-11-02 00:00:00-04:00,19.959999084472656,20.0,19.280000686645508,19.670000076293945,3692800,0.0,0.0
2007-11-05 00:00:00-05:00,19.75,19.799999237060547,19.0,19.15999984741211,3992200,0.0,0.0
2007-11-06 00:00:00-05:00,19.18000030517578,19.860000610351562,19.049999237060547,19.84000015258789,2750100,0.0,0.0
2007-11-07 00:00:00-05:00,19.510000228881836,19.510000228881836,18.670000076293945,18.8799991607666,6468000,0.0,0.0
2007-11-08 00:00:00-05:00,19.049999237060547,19.510000228881836,18.850000381469727,19.459999084472656,5878700,0.0,0.0
2007-11-09 00:00:00-05:00,19.25,20.829999923706055,18.899999618530273,19.959999084472656,5743600,0.0,0.0
2007-11-12 00:00:00-05:00,19.90999984741211,20.600000381469727,19.81999969482422,20.170000076293945,2565900,0.0,0.0
2007-11-13 00:00:00-05:00,20.270000457763672,21.350000381469727,20.270000457763672,21.34000015258789,3801500,0.0,0.0
2007-11-14 00:00:00-05:00,21.510000228881836,21.889999389648438,21.3799991607666,21.469999313354492,3184300,0.0,0.0
2007-11-15 00:00:00-05:00,23.469999313354492,24.100000381469727,22.719999313354492,23.09000015258789,9053000,0.0,0.0
2007-11-16 00:00:00-05:00,23.209999084472656,23.209999084472656,21.850000381469727,22.18000030517578,4190600,0.0,0.0
2007-11-19 00:00:00-05:00,22.200000762939453,22.200000762939453,21.389999389648438,21.450000762939453,4117400,0.0,0.0
2007-11-20 00:00:00-05:00,21.399999618530273,21.520000457763672,20.059999465942383,20.950000762939453,5249200,0.0,0.0
2007-11-21 00:00:00-05:00,21.0,21.059999465942383,20.399999618530273,20.649999618530273,3540900,0.0,0.0
2007-11-23 00:00:00-05:00,20.81999969482422,21.100000381469727,20.579999923706055,20.649999618530273,1055400,0.0,0.0
2007-11-26 00:00:00-05:00,20.65999984741211,22.040000915527344,20.65999984741211,21.040000915527344,2427000,0.0,0.0
2007-11-27 00:00:00-05:00,21.18000030517578,21.520000457763672,20.649999618530273,21.260000228881836,1965000,0.0,0.0
2007-11-28 00:00:00-05:00,21.469999313354492,22.8799991607666,21.260000228881836,22.43000030517578,3238000,0.0,0.0
2007-11-29 00:00:00-05:00,22.3799991607666,22.8799991607666,22.0,22.3799991607666,1802100,0.0,0.0
2007-11-30 00:00:00-05:00,22.649999618530273,23.920000076293945,22.639999389648438,22.8700008392334,2153800,0.0,0.0
2007-12-03 00:00:00-05:00,23.1299991607666,23.1299991607666,22.450000762939453,22.889999389648438,1498700,0.0,0.0
2007-12-04 00:00:00-05:00,22.649999618530273,23.469999313354492,22.639999389648438,23.030000686645508,1369100,0.0,0.0
2007-12-05 00:00:00-05:00,23.3700008392334,23.440000534057617,21.969999313354492,22.200000762939453,2383000,0.0,0.0
2007-12-06 00:00:00-05:00,22.0,22.290000915527344,21.5,22.190000534057617,4281700,0.0,0.0
2007-12-07 00:00:00-05:00,22.200000762939453,22.34000015258789,21.920000076293945,22.25,3274400,0.0,0.0
2007-12-10 00:00:00-05:00,22.360000610351562,23.200000762939453,21.920000076293945,23.190000534057617,2391100,0.0,0.0
2007-12-11 00:00:00-05:00,23.290000915527344,23.290000915527344,22.100000381469727,22.43000030517578,2879500,0.0,0.0
2007-12-12 00:00:00-05:00,22.989999771118164,23.25,22.280000686645508,22.579999923706055,3094300,0.0,0.0
2007-12-13 00:00:00-05:00,22.520000457763672,22.520000457763672,21.540000915527344,22.0,2924500,0.0,0.0
2007-12-14 00:00:00-05:00,22.0,22.0,21.40999984741211,21.43000030517578,1944400,0.0,0.0
2007-12-17 00:00:00-05:00,21.290000915527344,21.950000762939453,20.700000762939453,21.229999542236328,2997600,0.0,0.0
2007-12-18 00:00:00-05:00,21.280000686645508,21.979999542236328,20.420000076293945,21.610000610351562,5160000,0.0,0.0
2007-12-19 00:00:00-05:00,20.469999313354492,20.969999313354492,19.450000762939453,20.09000015258789,9793400,0.0,0.0
2007-12-20 00:00:00-05:00,19.899999618530273,19.899999618530273,18.780000686645508,19.329999923706055,5031700,0.0,0.0
2007-12-21 00:00:00-05:00,19.610000610351562,19.6200008392334,18.56999969482422,19.049999237060547,4548200,0.0,0.0
2007-12-24 00:00:00-05:00,19.06999969482422,19.600000381469727,19.049999237060547,19.559999465942383,585900,0.0,0.0
2007-12-26 00:00:00-05:00,19.56999969482422,19.579999923706055,18.940000534057617,19.149999618530273,1660500,0.0,0.0
2007-12-27 00:00:00-05:00,19.030000686645508,19.530000686645508,19.010000228881836,19.530000686645508,1540000,0.0,0.0
2007-12-28 00:00:00-05:00,19.90999984741211,19.90999984741211,18.93000030517578,19.59000015258789,2048200,0.0,0.0
2007-12-31 00:00:00-05:00,19.549999237060547,19.790000915527344,19.0,19.75,2157400,0.0,0.0
2008-01-02 00:00:00-05:00,19.8799991607666,20.239999771118164,19.3700008392334,20.06999969482422,3615600,0.0,0.0
2008-01-03 00:00:00-05:00,20.219999313354492,20.219999313354492,19.350000381469727,19.739999771118164,2146200,0.0,0.0
2008-01-04 00:00:00-05:00,19.510000228881836,19.540000915527344,18.860000610351562,19.540000915527344,4768500,0.0,0.0
2008-01-07 00:00:00-05:00,19.56999969482422,19.75,18.700000762939453,19.18000030517578,4070500,0.0,0.0
2008-01-08 00:00:00-05:00,19.219999313354492,19.389999389648438,18.790000915527344,19.020000457763672,2371100,0.0,0.0
2008-01-09 00:00:00-05:00,19.030000686645508,19.3799991607666,18.09000015258789,18.850000381469727,3772100,0.0,0.0
2008-01-10 00:00:00-05:00,19.0,19.450000762939453,18.25,19.15999984741211,3251800,0.0,0.0
2008-01-11 00:00:00-05:00,19.280000686645508,19.280000686645508,17.809999465942383,18.190000534057617,4451200,0.0,0.0
2008-01-14 00:00:00-05:00,18.34000015258789,18.34000015258789,17.489999771118164,17.790000915527344,2498600,0.0,0.0
2008-01-15 00:00:00-05:00,17.770000457763672,17.780000686645508,17.020000457763672,17.280000686645508,2310600,0.0,0.0
2008-01-16 00:00:00-05:00,17.18000030517578,17.350000381469727,16.100000381469727,17.040000915527344,6428600,0.0,0.0
2008-01-17 00:00:00-05:00,17.1200008392334,17.3799991607666,16.360000610351562,16.670000076293945,3984700,0.0,0.0
2008-01-18 00:00:00-05:00,16.700000762939453,17.299999237060547,15.970000267028809,16.6299991607666,4876500,0.0,0.0
2008-01-22 00:00:00-05:00,16.010000228881836,18.190000534057617,15.8100004196167,17.850000381469727,3902800,0.0,0.0
2008-01-23 00:00:00-05:00,17.389999389648438,20.0,17.389999389648438,20.0,6202900,0.0,0.0
2008-01-24 00:00:00-05:00,20.059999465942383,20.690000534057617,19.65999984741211,20.690000534057617,5884900,0.0,0.0
2008-01-25 00:00:00-05:00,21.989999771118164,21.989999771118164,20.360000610351562,20.8799991607666,7650700,0.0,0.0
2008-01-28 00:00:00-05:00,21.1299991607666,21.5,20.059999465942383,21.40999984741211,3147800,0.0,0.0
2008-01-29 00:00:00-05:00,21.479999542236328,21.950000762939453,20.34000015258789,21.799999237060547,3288800,0.0,0.0
2008-01-30 00:00:00-05:00,21.639999389648438,22.0,20.860000610351562,21.329999923706055,3800400,0.0,0.0
2008-01-31 00:00:00-05:00,21.059999465942383,23.0,21.049999237060547,22.110000610351562,4749200,0.0,0.0
2008-02-01 00:00:00-05:00,22.790000915527344,23.0,21.959999084472656,23.0,2629900,0.0,0.0
2008-02-04 00:00:00-05:00,22.989999771118164,22.989999771118164,22.1299991607666,22.6299991607666,2169200,0.0,0.0
2008-02-05 00:00:00-05:00,22.18000030517578,22.18000030517578,20.100000381469727,20.399999618530273,5141900,0.0,0.0
2008-02-06 00:00:00-05:00,20.889999389648438,20.889999389648438,19.850000381469727,20.309999465942383,2582300,0.0,0.0
2008-02-07 00:00:00-05:00,20.149999618530273,20.649999618530273,19.34000015258789,20.0,3378700,0.0,0.0
2008-02-08 00:00:00-05:00,20.0,20.110000610351562,19.219999313354492,19.899999618530273,2635200,0.0,0.0
2008-02-11 00:00:00-05:00,20.010000228881836,20.020000457763672,19.1200008392334,19.780000686645508,1408700,0.0,0.0
2008-02-12 00:00:00-05:00,20.139999389648438,20.459999084472656,19.110000610351562,19.290000915527344,1846400,0.0,0.0
2008-02-13 00:00:00-05:00,19.540000915527344,19.68000030517578,19.09000015258789,19.290000915527344,1845200,0.0,0.0
2008-02-14 00:00:00-05:00,19.280000686645508,19.399999618530273,18.719999313354492,18.850000381469727,1808100,0.0,0.0
2008-02-15 00:00:00-05:00,20.389999389648438,20.389999389648438,18.389999389648438,18.780000686645508,3176500,0.0,0.0
2008-02-19 00:00:00-05:00,19.190000534057617,19.3700008392334,18.809999465942383,18.850000381469727,2424600,0.0,0.0
2008-02-20 00:00:00-05:00,19.0,19.889999389648438,18.440000534057617,19.760000228881836,1983100,0.0,0.0
2008-02-21 00:00:00-05:00,19.969999313354492,20.149999618530273,19.229999542236328,19.329999923706055,3688400,0.0,0.0
2008-02-22 00:00:00-05:00,19.489999771118164,19.489999771118164,18.90999984741211,19.40999984741211,1674200,0.0,0.0
2008-02-25 00:00:00-05:00,19.479999542236328,20.309999465942383,19.1299991607666,20.309999465942383,1486300,0.0,0.0
2008-02-26 00:00:00-05:00,20.200000762939453,21.06999969482422,20.0,20.809999465942383,1739800,0.0,0.0
2008-02-27 00:00:00-05:00,21.0,21.010000228881836,19.920000076293945,20.020000457763672,1345300,0.0,0.0
2008-02-28 00:00:00-05:00,20.15999984741211,20.15999984741211,18.559999465942383,19.1200008392334,4531400,0.0,0.0
2008-02-29 00:00:00-05:00,19.190000534057617,19.290000915527344,18.149999618530273,18.360000610351562,2315700,0.0,0.0
2008-03-03 00:00:00-05:00,18.540000915527344,18.940000534057617,18.239999771118164,18.8799991607666,1526800,0.0,0.0
2008-03-04 00:00:00-05:00,18.989999771118164,18.989999771118164,17.899999618530273,18.530000686645508,2877100,0.0,0.0
2008-03-05 00:00:00-05:00,18.440000534057617,19.420000076293945,18.200000762939453,18.670000076293945,3046500,0.0,0.0
2008-03-06 00:00:00-05:00,18.700000762939453,18.829999923706055,17.989999771118164,18.530000686645508,2312900,0.0,0.0
2008-03-07 00:00:00-05:00,18.329999923706055,18.530000686645508,17.670000076293945,17.84000015258789,2738500,0.0,0.0
2008-03-10 00:00:00-04:00,18.360000610351562,18.549999237060547,17.299999237060547,17.43000030517578,3337100,0.0,0.0
2008-03-11 00:00:00-04:00,17.920000076293945,18.639999389648438,17.530000686645508,18.520000457763672,3428500,0.0,0.0
2008-03-12 00:00:00-04:00,18.639999389648438,19.639999389648438,18.31999969482422,18.610000610351562,2646300,0.0,0.0
2008-03-13 00:00:00-04:00,18.299999237060547,18.8799991607666,17.799999237060547,18.809999465942383,2368100,0.0,0.0
2008-03-14 00:00:00-04:00,18.760000228881836,19.350000381469727,18.31999969482422,19.149999618530273,2752200,0.0,0.0
2008-03-17 00:00:00-04:00,18.770000457763672,19.149999618530273,17.790000915527344,18.209999084472656,2108500,0.0,0.0
2008-03-18 00:00:00-04:00,18.899999618530273,20.56999969482422,18.729999542236328,20.5,3351600,0.0,0.0
2008-03-19 00:00:00-04:00,20.40999984741211,20.600000381469727,19.399999618530273,19.440000534057617,1847800,0.0,0.0
2008-03-20 00:00:00-04:00,19.420000076293945,20.739999771118164,18.860000610351562,20.549999237060547,3222100,0.0,0.0
2008-03-24 00:00:00-04:00,20.6299991607666,21.309999465942383,20.100000381469727,21.239999771118164,2278500,0.0,0.0
2008-03-25 00:00:00-04:00,21.290000915527344,21.440000534057617,21.0,21.440000534057617,1414300,0.0,0.0
2008-03-26 00:00:00-04:00,21.389999389648438,21.440000534057617,19.6200008392334,19.719999313354492,2958200,0.0,0.0
2008-03-27 00:00:00-04:00,19.760000228881836,19.81999969482422,19.06999969482422,19.190000534057617,2144700,0.0,0.0
2008-03-28 00:00:00-04:00,19.25,19.489999771118164,18.5,19.200000762939453,1791300,0.0,0.0
2008-03-31 00:00:00-04:00,19.280000686645508,19.6200008392334,18.790000915527344,19.420000076293945,1724700,0.0,0.0
2008-04-01 00:00:00-04:00,19.950000762939453,20.0,19.079999923706055,19.59000015258789,3785500,0.0,0.0
2008-04-02 00:00:00-04:00,19.09000015258789,21.290000915527344,19.049999237060547,20.059999465942383,5915000,0.0,0.0
2008-04-03 00:00:00-04:00,19.889999389648438,21.219999313354492,19.559999465942383,20.309999465942383,2128500,0.0,0.0
2008-04-04 00:00:00-04:00,20.270000457763672,20.549999237060547,19.770000457763672,20.360000610351562,1558000,0.0,0.0
2008-04-07 00:00:00-04:00,20.510000228881836,20.510000228881836,19.510000228881836,19.6299991607666,1304300,0.0,0.0
2008-04-08 00:00:00-04:00,19.530000686645508,19.75,19.15999984741211,19.399999618530273,1100400,0.0,0.0
2008-04-09 00:00:00-04:00,19.3700008392334,19.690000534057617,18.510000228881836,18.979999542236328,1920900,0.0,0.0
2008-04-10 00:00:00-04:00,19.020000457763672,19.510000228881836,18.649999618530273,18.8700008392334,988100,0.0,0.0
2008-04-11 00:00:00-04:00,18.510000228881836,19.459999084472656,18.260000228881836,18.610000610351562,1627100,0.0,0.0
2008-04-14 00:00:00-04:00,18.6200008392334,18.889999389648438,18.25,18.670000076293945,969900,0.0,0.0
2008-04-15 00:00:00-04:00,18.75,19.270000457763672,18.6299991607666,18.889999389648438,871100,0.0,0.0
2008-04-16 00:00:00-04:00,19.110000610351562,20.350000381469727,19.110000610351562,20.309999465942383,2376600,0.0,0.0
2008-04-17 00:00:00-04:00,20.030000686645508,20.860000610351562,19.770000457763672,20.649999618530273,1604600,0.0,0.0
2008-04-18 00:00:00-04:00,20.979999542236328,21.81999969482422,20.979999542236328,21.15999984741211,2181600,0.0,0.0
2008-04-21 00:00:00-04:00,21.010000228881836,21.010000228881836,19.959999084472656,20.90999984741211,1564400,0.0,0.0
2008-04-22 00:00:00-04:00,20.8700008392334,20.8700008392334,19.68000030517578,20.15999984741211,1199400,0.0,0.0
2008-04-23 00:00:00-04:00,20.170000076293945,20.639999389648438,19.950000762939453,20.149999618530273,1180400,0.0,0.0
2008-04-24 00:00:00-04:00,20.209999084472656,21.280000686645508,20.110000610351562,20.600000381469727,3028000,0.0,0.0
2008-04-25 00:00:00-04:00,21.100000381469727,21.290000915527344,20.43000030517578,21.049999237060547,2467500,0.0,0.0
2008-04-28 00:00:00-04:00,21.899999618530273,21.899999618530273,20.6200008392334,21.149999618530273,726200,0.0,0.0
2008-04-29 00:00:00-04:00,21.15999984741211,21.8799991607666,20.540000915527344,21.729999542236328,1237800,0.0,0.0
2008-04-30 00:00:00-04:00,21.729999542236328,21.989999771118164,20.530000686645508,20.75,1308700,0.0,0.0
2008-05-01 00:00:00-04:00,20.68000030517578,21.25,20.360000610351562,20.770000457763672,1824400,0.0,0.0
2008-05-02 00:00:00-04:00,20.969999313354492,21.68000030517578,20.700000762939453,21.309999465942383,2480600,0.0,0.0
2008-05-05 00:00:00-04:00,21.06999969482422,21.81999969482422,20.93000030517578,21.479999542236328,3289800,0.0,0.0
2008-05-06 00:00:00-04:00,21.649999618530273,21.649999618530273,20.770000457763672,21.06999969482422,1951700,0.0,0.0
2008-05-07 00:00:00-04:00,21.059999465942383,21.15999984741211,20.3700008392334,20.510000228881836,1366700,0.0,0.0
2008-05-08 00:00:00-04:00,20.549999237060547,21.110000610351562,20.3700008392334,20.75,2130000,0.0,0.0
2008-05-09 00:00:00-04:00,20.530000686645508,20.81999969482422,20.34000015258789,20.549999237060547,2404100,0.0,0.0
2008-05-12 00:00:00-04:00,20.530000686645508,20.770000457763672,20.309999465942383,20.65999984741211,1519300,0.0,0.0
2008-05-13 00:00:00-04:00,20.6299991607666,21.040000915527344,20.6299991607666,20.899999618530273,1860300,0.0,0.0
2008-05-14 00:00:00-04:00,20.940000534057617,21.3700008392334,20.829999923706055,20.940000534057617,1497600,0.0,0.0
2008-05-15 00:00:00-04:00,20.8799991607666,21.489999771118164,20.5,21.270000457763672,1801000,0.0,0.0
2008-05-16 00:00:00-04:00,21.809999465942383,21.809999465942383,20.0,21.190000534057617,2726100,0.0,0.0
2008-05-19 00:00:00-04:00,21.200000762939453,21.479999542236328,20.799999237060547,21.290000915527344,1666100,0.0,0.0
2008-05-20 00:00:00-04:00,21.350000381469727,21.459999084472656,20.829999923706055,21.459999084472656,1420800,0.0,0.0
2008-05-21 00:00:00-04:00,21.459999084472656,21.489999771118164,20.469999313354492,20.610000610351562,1812000,0.0,0.0
2008-05-22 00:00:00-04:00,20.68000030517578,20.68000030517578,19.93000030517578,20.030000686645508,1840500,0.0,0.0
2008-05-23 00:00:00-04:00,20.010000228881836,20.010000228881836,19.399999618530273,19.540000915527344,1353400,0.0,0.0
2008-05-27 00:00:00-04:00,19.549999237060547,20.219999313354492,19.360000610351562,19.719999313354492,1046000,0.0,0.0
2008-05-28 00:00:00-04:00,19.739999771118164,20.09000015258789,19.389999389648438,19.809999465942383,803000,0.0,0.0
2008-05-29 00:00:00-04:00,19.780000686645508,20.299999237060547,19.719999313354492,19.829999923706055,1131900,0.0,0.0
2008-05-30 00:00:00-04:00,19.829999923706055,20.0,19.549999237060547,19.65999984741211,1160500,0.0,0.0
2008-06-02 00:00:00-04:00,19.649999618530273,19.709999084472656,19.239999771118164,19.6299991607666,1265700,0.0,0.0
2008-06-03 00:00:00-04:00,19.639999389648438,19.68000030517578,19.100000381469727,19.3700008392334,1853400,0.0,0.0
2008-06-04 00:00:00-04:00,19.34000015258789,19.440000534057617,18.780000686645508,19.239999771118164,2533500,0.0,0.0
2008-06-05 00:00:00-04:00,19.350000381469727,19.950000762939453,19.030000686645508,19.1200008392334,2526700,0.0,0.0
2008-06-06 00:00:00-04:00,19.0,19.049999237060547,18.5,18.579999923706055,2234900,0.0,0.0
2008-06-09 00:00:00-04:00,18.760000228881836,18.799999237060547,18.3700008392334,18.450000762939453,1365000,0.0,0.0
2008-06-10 00:00:00-04:00,18.309999465942383,18.5,18.09000015258789,18.239999771118164,1590400,0.0,0.0
2008-06-11 00:00:00-04:00,18.270000457763672,18.31999969482422,17.700000762939453,17.780000686645508,1859200,0.0,0.0
2008-06-12 00:00:00-04:00,17.940000534057617,18.309999465942383,17.5,17.549999237060547,2081000,0.0,0.0
2008-06-13 00:00:00-04:00,17.84000015258789,17.969999313354492,17.6299991607666,17.8799991607666,2059900,0.0,0.0
2008-06-16 00:00:00-04:00,17.850000381469727,18.270000457763672,17.559999465942383,18.229999542236328,2491600,0.0,0.0
2008-06-17 00:00:00-04:00,18.43000030517578,18.56999969482422,18.09000015258789,18.34000015258789,3251400,0.0,0.0
2008-06-18 00:00:00-04:00,16.399999618530273,16.540000915527344,15.800000190734863,16.34000015258789,12901900,0.0,0.0
2008-06-19 00:00:00-04:00,16.389999389648438,16.450000762939453,15.529999732971191,15.760000228881836,6265500,0.0,0.0
2008-06-20 00:00:00-04:00,15.789999961853027,15.800000190734863,15.279999732971191,15.520000457763672,5125900,0.0,0.0
2008-06-23 00:00:00-04:00,15.5600004196167,15.90999984741211,15.039999961853027,15.079999923706055,3759200,0.0,0.0
2008-06-24 00:00:00-04:00,15.029999732971191,15.260000228881836,14.520000457763672,15.010000228881836,5212200,0.0,0.0
2008-06-25 00:00:00-04:00,15.09000015258789,16.079999923706055,14.869999885559082,15.470000267028809,3896500,0.0,0.0
2008-06-26 00:00:00-04:00,15.359999656677246,15.40999984741211,14.5,14.930000305175781,3055300,0.0,0.0
2008-06-27 00:00:00-04:00,14.930000305175781,15.130000114440918,14.600000381469727,14.850000381469727,3270000,0.0,0.0
2008-06-30 00:00:00-04:00,14.649999618530273,14.710000038146973,14.149999618530273,14.1899995803833,2731600,0.0,0.0
2008-07-01 00:00:00-04:00,14.199999809265137,14.289999961853027,13.640000343322754,14.15999984741211,3589900,0.0,0.0
2008-07-02 00:00:00-04:00,14.15999984741211,14.199999809265137,13.430000305175781,13.470000267028809,3882000,0.0,0.0
2008-07-03 00:00:00-04:00,13.479999542236328,14.100000381469727,12.970000267028809,13.149999618530273,2470600,0.0,0.0
2008-07-07 00:00:00-04:00,13.199999809265137,13.4399995803833,12.789999961853027,13.079999923706055,3254900,0.0,0.0
2008-07-08 00:00:00-04:00,13.220000267028809,13.720000267028809,12.640000343322754,13.609999656677246,4270800,0.0,0.0
2008-07-09 00:00:00-04:00,13.699999809265137,13.859999656677246,13.380000114440918,13.5,3864600,0.0,0.0
2008-07-10 00:00:00-04:00,13.380000114440918,13.729999542236328,12.970000267028809,13.050000190734863,4330000,0.0,0.0
2008-07-11 00:00:00-04:00,12.989999771118164,12.989999771118164,11.729999542236328,11.979999542236328,10022500,0.0,0.0
2008-07-14 00:00:00-04:00,12.050000190734863,12.470000267028809,11.489999771118164,11.770000457763672,4775800,0.0,0.0
2008-07-15 00:00:00-04:00,11.640000343322754,11.989999771118164,10.529999732971191,11.760000228881836,8902500,0.0,0.0
2008-07-16 00:00:00-04:00,11.770000457763672,12.569999694824219,11.520000457763672,12.350000381469727,4216200,0.0,0.0
2008-07-17 00:00:00-04:00,12.449999809265137,15.670000076293945,12.449999809265137,13.899999618530273,6184800,0.0,0.0
2008-07-18 00:00:00-04:00,15.369999885559082,15.369999885559082,13.350000381469727,13.520000457763672,3612700,0.0,0.0
2008-07-21 00:00:00-04:00,14.0600004196167,14.0600004196167,12.800000190734863,12.979999542236328,1787900,0.0,0.0
2008-07-22 00:00:00-04:00,12.930000305175781,13.930000305175781,12.75,13.739999771118164,3092400,0.0,0.0
2008-07-23 00:00:00-04:00,14.59000015258789,15.5,13.979999542236328,14.15999984741211,4128500,0.0,0.0
2008-07-24 00:00:00-04:00,14.010000228881836,14.869999885559082,13.15999984741211,13.319999694824219,1766900,0.0,0.0
2008-07-25 00:00:00-04:00,13.4399995803833,14.0600004196167,13.279999732971191,13.619999885559082,2864400,0.0,0.0
2008-07-28 00:00:00-04:00,13.5,13.800000190734863,12.729999542236328,12.890000343322754,3251600,0.0,0.0
2008-07-29 00:00:00-04:00,12.989999771118164,13.949999809265137,12.930000305175781,13.640000343322754,1897400,0.0,0.0
2008-07-30 00:00:00-04:00,13.75,14.109999656677246,13.319999694824219,13.59000015258789,3356400,0.0,0.0
2008-07-31 00:00:00-04:00,13.369999885559082,13.579999923706055,13.170000076293945,13.399999618530273,1992600,0.0,0.0
2008-08-01 00:00:00-04:00,13.140000343322754,14.140000343322754,13.0,14.100000381469727,2154900,0.0,0.0
2008-08-04 00:00:00-04:00,14.25,15.3100004196167,13.979999542236328,14.289999961853027,4671100,0.0,0.0
2008-08-05 00:00:00-04:00,14.40999984741211,15.569999694824219,14.260000228881836,15.5,3408900,0.0,0.0
2008-08-06 00:00:00-04:00,13.350000381469727,15.039999961853027,13.1899995803833,14.869999885559082,6086300,0.0,0.0
2008-08-07 00:00:00-04:00,14.720000267028809,14.859999656677246,14.279999732971191,14.579999923706055,3001000,0.0,0.0
2008-08-08 00:00:00-04:00,14.619999885559082,15.5,14.569999694824219,14.899999618530273,2925300,0.0,0.0
2008-08-11 00:00:00-04:00,14.850000381469727,16.100000381469727,14.6899995803833,15.619999885559082,2819900,0.0,0.0
2008-08-12 00:00:00-04:00,15.699999809265137,15.699999809265137,14.949999809265137,15.029999732971191,1661800,0.0,0.0
2008-08-13 00:00:00-04:00,14.829999923706055,15.050000190734863,14.329999923706055,14.920000076293945,2884500,0.0,0.0
2008-08-14 00:00:00-04:00,14.760000228881836,15.270000457763672,14.4399995803833,15.0600004196167,2158500,0.0,0.0
2008-08-15 00:00:00-04:00,15.170000076293945,15.600000381469727,14.989999771118164,15.199999809265137,2016200,0.0,0.0
2008-08-18 00:00:00-04:00,15.270000457763672,15.5600004196167,15.119999885559082,15.15999984741211,1507900,0.0,0.0
2008-08-19 00:00:00-04:00,15.050000190734863,15.09000015258789,14.640000343322754,14.949999809265137,1840000,0.0,0.0
2008-08-20 00:00:00-04:00,14.8100004196167,15.100000381469727,14.550000190734863,14.899999618530273,1177400,0.0,0.0
2008-08-21 00:00:00-04:00,14.880000114440918,14.949999809265137,14.520000457763672,14.829999923706055,1425900,0.0,0.0
2008-08-22 00:00:00-04:00,15.0,15.109999656677246,14.569999694824219,15.109999656677246,1808800,0.0,0.0
2008-08-25 00:00:00-04:00,14.930000305175781,14.930000305175781,14.5,14.600000381469727,1653000,0.0,0.0
2008-08-26 00:00:00-04:00,14.59000015258789,15.0,14.539999961853027,14.960000038146973,1196400,0.0,0.0
2008-08-27 00:00:00-04:00,14.979999542236328,15.25,14.699999809265137,14.970000267028809,1436600,0.0,0.0
2008-08-28 00:00:00-04:00,15.050000190734863,15.479999542236328,14.829999923706055,15.0,1310000,0.0,0.0
2008-08-29 00:00:00-04:00,14.859999656677246,15.100000381469727,14.699999809265137,14.800000190734863,958600,0.0,0.0
2008-09-02 00:00:00-04:00,15.15999984741211,15.65999984741211,14.75,15.300000190734863,1999100,0.0,0.0
2008-09-03 00:00:00-04:00,15.220000267028809,16.5,14.960000038146973,15.800000190734863,2561600,0.0,0.0
2008-09-04 00:00:00-04:00,15.670000076293945,16.09000015258789,15.510000228881836,15.869999885559082,2042700,0.0,0.0
2008-09-05 00:00:00-04:00,15.640000343322754,15.829999923706055,14.90999984741211,15.399999618530273,2245800,0.0,0.0
2008-09-08 00:00:00-04:00,15.920000076293945,16.530000686645508,15.829999923706055,16.5,3112400,0.0,0.0
2008-09-09 00:00:00-04:00,16.989999771118164,17.0,15.9399995803833,16.030000686645508,2672100,0.0,0.0
2008-09-10 00:00:00-04:00,16.09000015258789,16.260000228881836,15.029999732971191,15.729999542236328,2402700,0.0,0.0
2008-09-11 00:00:00-04:00,15.34000015258789,16.030000686645508,14.760000228881836,16.030000686645508,3013900,0.0,0.0
2008-09-12 00:00:00-04:00,15.930000305175781,16.0,15.3100004196167,15.65999984741211,2232800,0.0,0.0
2008-09-15 00:00:00-04:00,14.989999771118164,15.739999771118164,14.779999732971191,15.199999809265137,1855900,0.0,0.0
2008-09-16 00:00:00-04:00,15.09000015258789,15.529999732971191,14.609999656677246,15.329999923706055,3265600,0.0,0.0
2008-09-17 00:00:00-04:00,15.029999732971191,15.609999656677246,14.609999656677246,15.319999694824219,4038600,0.0,0.0
2008-09-18 00:00:00-04:00,15.569999694824219,17.1200008392334,14.390000343322754,15.1899995803833,6012200,0.0,0.0
2008-09-19 00:00:00-04:00,16.5,16.5,14.800000190734863,16.5,61900,0.0,0.0
2008-09-22 00:00:00-04:00,16.3799991607666,16.3799991607666,14.979999542236328,15.1899995803833,4825300,0.0,0.0
2008-09-23 00:00:00-04:00,15.15999984741211,15.550000190734863,14.0600004196167,14.319999694824219,6193600,0.0,0.0
2008-09-24 00:00:00-04:00,14.319999694824219,15.09000015258789,14.239999771118164,14.699999809265137,3977700,0.0,0.0
2008-09-25 00:00:00-04:00,14.829999923706055,15.149999618530273,14.569999694824219,14.760000228881836,2505400,0.0,0.0
2008-09-26 00:00:00-04:00,14.380000114440918,14.600000381469727,14.220000267028809,14.420000076293945,2381300,0.0,0.0
2008-09-29 00:00:00-04:00,14.069999694824219,14.390000343322754,13.710000038146973,14.09000015258789,3684600,0.0,0.0
2008-09-30 00:00:00-04:00,14.489999771118164,14.789999961853027,13.75,14.0,3720200,0.0,0.0
2008-10-01 00:00:00-04:00,13.920000076293945,14.0,13.149999618530273,13.359999656677246,3388700,0.0,0.0
2008-10-02 00:00:00-04:00,14.199999809265137,14.199999809265137,12.039999961853027,12.350000381469727,5116700,0.0,0.0
2008-10-03 00:00:00-04:00,12.550000190734863,12.640000343322754,11.579999923706055,11.979999542236328,3858300,0.0,0.0
2008-10-06 00:00:00-04:00,11.640000343322754,12.380000114440918,10.25,10.930000305175781,6744800,0.0,0.0
2008-10-07 00:00:00-04:00,11.149999618530273,11.149999618530273,10.0,10.100000381469727,4663400,0.0,0.0
2008-10-08 00:00:00-04:00,9.699999809265137,10.300000190734863,9.329999923706055,9.819999694824219,3632300,0.0,0.0
2008-10-09 00:00:00-04:00,10.369999885559082,10.369999885559082,9.489999771118164,10.100000381469727,3033800,0.0,0.0
2008-10-10 00:00:00-04:00,9.369999885559082,14.890000343322754,9.199999809265137,10.329999923706055,5970000,0.0,0.0
2008-10-13 00:00:00-04:00,11.4399995803833,11.4399995803833,10.279999732971191,10.859999656677246,2196700,0.0,0.0
2008-10-14 00:00:00-04:00,11.510000228881836,12.0,9.869999885559082,10.430000305175781,2712300,0.0,0.0
2008-10-15 00:00:00-04:00,10.260000228881836,10.369999885559082,9.430000305175781,9.550000190734863,2936200,0.0,0.0
2008-10-16 00:00:00-04:00,9.75,9.920000076293945,8.789999961853027,9.520000457763672,1836500,0.0,0.0
2008-10-17 00:00:00-04:00,9.149999618530273,9.979999542236328,9.149999618530273,9.65999984741211,2747500,0.0,0.0
2008-10-20 00:00:00-04:00,9.8100004196167,11.0,9.760000228881836,10.4399995803833,2718700,0.0,0.0
2008-10-21 00:00:00-04:00,10.270000457763672,10.630000114440918,9.970000267028809,10.020000457763672,1502300,0.0,0.0
2008-10-22 00:00:00-04:00,9.770000457763672,10.020000457763672,9.470000267028809,9.670000076293945,2504000,0.0,0.0
2008-10-23 00:00:00-04:00,9.800000190734863,10.0,9.460000038146973,9.770000457763672,1953100,0.0,0.0
2008-10-24 00:00:00-04:00,8.800000190734863,9.680000305175781,8.800000190734863,9.369999885559082,1810300,0.0,0.0
2008-10-27 00:00:00-04:00,9.180000305175781,9.739999771118164,9.15999984741211,9.289999961853027,1581700,0.0,0.0
2008-10-28 00:00:00-04:00,9.449999809265137,10.0,9.039999961853027,9.970000267028809,2455200,0.0,0.0
2008-10-29 00:00:00-04:00,9.949999809265137,10.34000015258789,9.779999732971191,10.0600004196167,2281500,0.0,0.0
2008-10-30 00:00:00-04:00,10.1899995803833,10.390000343322754,9.979999542236328,10.300000190734863,1434600,0.0,0.0
2008-10-31 00:00:00-04:00,10.350000381469727,10.880000114440918,10.079999923706055,10.619999885559082,1910200,0.0,0.0
2008-11-03 00:00:00-05:00,10.569999694824219,10.569999694824219,9.859999656677246,9.960000038146973,1690900,0.0,0.0
2008-11-04 00:00:00-05:00,10.170000076293945,10.430000305175781,9.869999885559082,10.3100004196167,1169900,0.0,0.0
2008-11-05 00:00:00-05:00,10.199999809265137,10.5,9.260000228881836,9.350000381469727,1893400,0.0,0.0
2008-11-06 00:00:00-05:00,9.3100004196167,9.579999923706055,8.920000076293945,8.949999809265137,1271900,0.0,0.0
2008-11-07 00:00:00-05:00,9.010000228881836,9.4399995803833,8.859999656677246,9.180000305175781,1873700,0.0,0.0
2008-11-10 00:00:00-05:00,9.449999809265137,9.449999809265137,8.4399995803833,8.510000228881836,1277700,0.0,0.0
2008-11-11 00:00:00-05:00,8.399999618530273,8.920000076293945,8.130000114440918,8.390000343322754,1893400,0.0,0.0
2008-11-12 00:00:00-05:00,8.40999984741211,8.520000457763672,8.15999984741211,8.270000457763672,2024400,0.0,0.0
2008-11-13 00:00:00-05:00,8.109999656677246,9.119999885559082,7.639999866485596,9.119999885559082,3230700,0.0,0.0
2008-11-14 00:00:00-05:00,8.970000267028809,9.319999694824219,7.96999979019165,8.359999656677246,2679700,0.0,0.0
2008-11-17 00:00:00-05:00,8.199999809265137,8.59000015258789,8.029999732971191,8.140000343322754,1934900,0.0,0.0
2008-11-18 00:00:00-05:00,8.069999694824219,8.380000114440918,7.78000020980835,8.09000015258789,2633100,0.0,0.0
2008-11-19 00:00:00-05:00,8.119999885559082,8.369999885559082,7.110000133514404,7.119999885559082,2720400,0.0,0.0
2008-11-20 00:00:00-05:00,7.0,7.230000019073486,6.199999809265137,6.230000019073486,4226300,0.0,0.0
2008-11-21 00:00:00-05:00,6.550000190734863,6.960000038146973,5.760000228881836,6.519999980926514,3667800,0.0,0.0
2008-11-24 00:00:00-05:00,6.599999904632568,7.400000095367432,6.539999961853027,7.289999961853027,2605800,0.0,0.0
2008-11-25 00:00:00-05:00,7.329999923706055,7.78000020980835,7.199999809265137,7.730000019073486,2339400,0.0,0.0
2008-11-26 00:00:00-05:00,7.170000076293945,7.949999809265137,6.900000095367432,7.840000152587891,2480200,0.0,0.0
2008-11-28 00:00:00-05:00,7.769999980926514,7.820000171661377,7.380000114440918,7.610000133514404,785800,0.0,0.0
2008-12-01 00:00:00-05:00,7.369999885559082,7.480000019073486,6.590000152587891,6.829999923706055,2069500,0.0,0.0
2008-12-02 00:00:00-05:00,6.869999885559082,7.150000095367432,6.730000019073486,7.139999866485596,1823300,0.0,0.0
2008-12-03 00:00:00-05:00,6.96999979019165,7.429999828338623,6.889999866485596,7.349999904632568,2144600,0.0,0.0
2008-12-04 00:00:00-05:00,7.190000057220459,8.119999885559082,7.179999828338623,7.550000190734863,2563500,0.0,0.0
2008-12-05 00:00:00-05:00,7.460000038146973,8.239999771118164,7.199999809265137,8.220000267028809,3167500,0.0,0.0
2008-12-08 00:00:00-05:00,8.40999984741211,8.739999771118164,8.3100004196167,8.59000015258789,2789600,0.0,0.0
2008-12-09 00:00:00-05:00,8.5,9.010000228881836,8.100000381469727,8.149999618530273,2492300,0.0,0.0
2008-12-10 00:00:00-05:00,8.260000228881836,8.90999984741211,8.140000343322754,8.579999923706055,1749900,0.0,0.0
2008-12-11 00:00:00-05:00,8.529999732971191,8.890000343322754,8.270000457763672,8.59000015258789,2744600,0.0,0.0
2008-12-12 00:00:00-05:00,8.300000190734863,8.550000190734863,7.949999809265137,8.3100004196167,1850000,0.0,0.0
2008-12-15 00:00:00-05:00,8.329999923706055,8.479999542236328,7.489999771118164,7.590000152587891,1849800,0.0,0.0
2008-12-16 00:00:00-05:00,7.760000228881836,8.029999732971191,7.570000171661377,7.929999828338623,2560300,0.0,0.0
2008-12-17 00:00:00-05:00,7.699999809265137,8.300000190734863,7.460000038146973,8.0600004196167,2281900,0.0,0.0
2008-12-18 00:00:00-05:00,8.0,8.300000190734863,7.889999866485596,8.199999809265137,2191800,0.0,0.0
2008-12-19 00:00:00-05:00,7.5,8.619999885559082,7.300000190734863,7.300000190734863,8866700,0.0,0.0
2008-12-22 00:00:00-05:00,7.289999961853027,7.679999828338623,7.210000038146973,7.519999980926514,3699200,0.0,0.0
2008-12-23 00:00:00-05:00,7.590000152587891,7.639999866485596,7.320000171661377,7.619999885559082,2398700,0.0,0.0
2008-12-24 00:00:00-05:00,7.610000133514404,7.730000019073486,7.389999866485596,7.429999828338623,1000000,0.0,0.0
2008-12-26 00:00:00-05:00,7.480000019073486,7.590000152587891,7.369999885559082,7.550000190734863,565900,0.0,0.0
2008-12-29 00:00:00-05:00,7.519999980926514,7.769999980926514,7.260000228881836,7.440000057220459,1470600,0.0,0.0
2008-12-30 00:00:00-05:00,7.480000019073486,7.929999828338623,7.409999847412109,7.929999828338623,1329800,0.0,0.0
2008-12-31 00:00:00-05:00,8.010000228881836,8.279999732971191,7.849999904632568,7.880000114440918,2678000,0.0,0.0
2009-01-02 00:00:00-05:00,7.869999885559082,8.420000076293945,7.840000152587891,8.319999694824219,1999900,0.0,0.0
2009-01-05 00:00:00-05:00,8.149999618530273,8.3100004196167,7.96999979019165,8.229999542236328,2637500,0.0,0.0
2009-01-06 00:00:00-05:00,8.380000114440918,8.65999984741211,8.149999618530273,8.510000228881836,2490900,0.0,0.0
2009-01-07 00:00:00-05:00,8.369999885559082,8.380000114440918,8.039999961853027,8.130000114440918,1994000,0.0,0.0
2009-01-08 00:00:00-05:00,8.119999885559082,8.4399995803833,7.949999809265137,8.399999618530273,2809000,0.0,0.0
2009-01-09 00:00:00-05:00,8.420000076293945,8.430000305175781,7.920000076293945,8.100000381469727,1440300,0.0,0.0
2009-01-12 00:00:00-05:00,8.010000228881836,8.199999809265137,7.650000095367432,7.829999923706055,1950900,0.0,0.0
2009-01-13 00:00:00-05:00,7.820000171661377,8.100000381469727,7.639999866485596,7.809999942779541,2318200,0.0,0.0
2009-01-14 00:00:00-05:00,7.639999866485596,7.699999809265137,7.260000228881836,7.400000095367432,1949000,0.0,0.0
2009-01-15 00:00:00-05:00,7.489999771118164,8.109999656677246,7.349999904632568,7.730000019073486,2765000,0.0,0.0
2009-01-16 00:00:00-05:00,8.0,8.180000305175781,7.53000020980835,8.109999656677246,1699500,0.0,0.0
2009-01-20 00:00:00-05:00,8.039999961853027,8.069999694824219,7.070000171661377,7.21999979019165,1964000,0.0,0.0
2009-01-21 00:00:00-05:00,7.309999942779541,7.429999828338623,6.920000076293945,7.289999961853027,1634900,0.0,0.0
2009-01-22 00:00:00-05:00,7.050000190734863,7.619999885559082,6.960000038146973,7.260000228881836,1289400,0.0,0.0
2009-01-23 00:00:00-05:00,7.059999942779541,7.78000020980835,7.0,7.550000190734863,1173500,0.0,0.0
2009-01-26 00:00:00-05:00,7.760000228881836,8.180000305175781,7.519999980926514,7.889999866485596,2137900,0.0,0.0
2009-01-27 00:00:00-05:00,7.889999866485596,8.380000114440918,7.860000133514404,8.289999961853027,2685500,0.0,0.0
2009-01-28 00:00:00-05:00,8.420000076293945,9.300000190734863,8.399999618530273,9.140000343322754,3013400,0.0,0.0
2009-01-29 00:00:00-05:00,8.979999542236328,9.430000305175781,8.720000267028809,8.859999656677246,3727100,0.0,0.0
2009-01-30 00:00:00-05:00,9.0,9.100000381469727,8.15999984741211,8.270000457763672,2352000,0.0,0.0
2009-02-02 00:00:00-05:00,8.109999656677246,8.430000305175781,7.960000038146973,8.130000114440918,3233700,0.0,0.0
2009-02-03 00:00:00-05:00,8.130000114440918,8.25,7.940000057220459,8.039999961853027,2499000,0.0,0.0
2009-02-04 00:00:00-05:00,8.09000015258789,8.15999984741211,7.809999942779541,8.109999656677246,2525200,0.0,0.0
2009-02-05 00:00:00-05:00,8.199999809265137,9.149999618530273,7.909999847412109,8.739999771118164,4113100,0.0,0.0
2009-02-06 00:00:00-05:00,8.729999542236328,9.75,8.729999542236328,9.279999732971191,3594200,0.0,0.0
2009-02-09 00:00:00-05:00,9.279999732971191,9.510000228881836,8.960000038146973,9.4399995803833,1396700,0.0,0.0
2009-02-10 00:00:00-05:00,9.390000343322754,9.720000267028809,8.520000457763672,8.609999656677246,2748800,0.0,0.0
2009-02-11 00:00:00-05:00,8.670000076293945,8.829999923706055,8.119999885559082,8.619999885559082,2099200,0.0,0.0
2009-02-12 00:00:00-05:00,8.420000076293945,8.710000038146973,8.029999732971191,8.65999984741211,2245900,0.0,0.0
2009-02-13 00:00:00-05:00,8.640000343322754,8.960000038146973,8.529999732971191,8.880000114440918,1725100,0.0,0.0
2009-02-17 00:00:00-05:00,8.539999961853027,9.039999961853027,8.489999771118164,8.8100004196167,3063400,0.0,0.0
2009-02-18 00:00:00-05:00,9.0,9.199999809265137,8.829999923706055,9.050000190734863,3014800,0.0,0.0
2009-02-19 00:00:00-05:00,9.130000114440918,9.300000190734863,8.510000228881836,8.630000114440918,2987200,0.0,0.0
2009-02-20 00:00:00-05:00,8.4399995803833,8.8100004196167,8.09000015258789,8.729999542236328,3219400,0.0,0.0
2009-02-23 00:00:00-05:00,8.84000015258789,9.489999771118164,8.600000381469727,8.680000305175781,2810900,0.0,0.0
2009-02-24 00:00:00-05:00,8.600000381469727,9.890000343322754,8.600000381469727,9.859999656677246,3855000,0.0,0.0
2009-02-25 00:00:00-05:00,9.880000114440918,10.010000228881836,9.34000015258789,9.779999732971191,2413100,0.0,0.0
2009-02-26 00:00:00-05:00,10.100000381469727,10.380000114440918,9.470000267028809,9.5600004196167,2749300,0.0,0.0
2009-02-27 00:00:00-05:00,9.350000381469727,9.8100004196167,9.199999809265137,9.430000305175781,3302000,0.0,0.0
2009-03-02 00:00:00-05:00,9.25,9.359999656677246,8.579999923706055,8.680000305175781,3545800,0.0,0.0
2009-03-03 00:00:00-05:00,8.680000305175781,8.989999771118164,8.510000228881836,8.829999923706055,4080400,0.0,0.0
2009-03-04 00:00:00-05:00,8.930000305175781,9.510000228881836,8.800000190734863,9.470000267028809,3894800,0.0,0.0
2009-03-05 00:00:00-05:00,9.40999984741211,9.40999984741211,8.829999923706055,8.9399995803833,4577700,0.0,0.0
2009-03-06 00:00:00-05:00,9.199999809265137,9.279999732971191,8.399999618530273,8.680000305175781,3490400,0.0,0.0
2009-03-09 00:00:00-04:00,8.680000305175781,9.3100004196167,8.5,8.970000267028809,2111900,0.0,0.0
2009-03-10 00:00:00-04:00,9.359999656677246,10.729999542236328,9.149999618530273,10.65999984741211,4731300,0.0,0.0
2009-03-11 00:00:00-04:00,10.789999961853027,11.100000381469727,10.479999542236328,10.800000190734863,2780700,0.0,0.0
2009-03-12 00:00:00-04:00,10.960000038146973,10.989999771118164,10.40999984741211,10.890000343322754,6607900,0.0,0.0
2009-03-13 00:00:00-04:00,11.0,11.369999885559082,10.800000190734863,11.34000015258789,2574800,0.0,0.0
2009-03-16 00:00:00-04:00,11.430000305175781,11.899999618530273,11.109999656677246,11.149999618530273,2538100,0.0,0.0
2009-03-17 00:00:00-04:00,11.149999618530273,11.819999694824219,10.800000190734863,11.8100004196167,3360200,0.0,0.0
2009-03-18 00:00:00-04:00,11.699999809265137,12.220000267028809,11.380000114440918,12.180000305175781,5285600,0.0,0.0
2009-03-19 00:00:00-04:00,12.359999656677246,12.5,11.430000305175781,11.489999771118164,4018900,0.0,0.0
2009-03-20 00:00:00-04:00,11.430000305175781,11.65999984741211,10.569999694824219,10.970000267028809,4349200,0.0,0.0
2009-03-23 00:00:00-04:00,11.5600004196167,12.199999809265137,10.979999542236328,12.199999809265137,3838200,0.0,0.0
2009-03-24 00:00:00-04:00,12.029999732971191,12.890000343322754,12.0,12.510000228881836,4166500,0.0,0.0
2009-03-25 00:00:00-04:00,12.649999618530273,12.979999542236328,12.109999656677246,12.609999656677246,2885700,0.0,0.0
2009-03-26 00:00:00-04:00,12.789999961853027,13.550000190734863,12.680000305175781,13.489999771118164,3986300,0.0,0.0
2009-03-27 00:00:00-04:00,13.25,13.489999771118164,13.010000228881836,13.260000228881836,4441200,0.0,0.0
2009-03-30 00:00:00-04:00,12.979999542236328,13.100000381469727,12.010000228881836,12.479999542236328,3470400,0.0,0.0
2009-03-31 00:00:00-04:00,12.399999618530273,12.75,11.800000190734863,12.4399995803833,4302800,0.0,0.0
2009-04-01 00:00:00-04:00,12.140000343322754,12.489999771118164,11.699999809265137,12.460000038146973,5868800,0.0,0.0
2009-04-02 00:00:00-04:00,13.739999771118164,14.0,13.170000076293945,13.229999542236328,10252300,0.0,0.0
2009-04-03 00:00:00-04:00,12.710000038146973,12.770000457763672,11.8100004196167,12.109999656677246,7072500,0.0,0.0
2009-04-06 00:00:00-04:00,11.960000038146973,12.0,11.489999771118164,11.760000228881836,3459900,0.0,0.0
2009-04-07 00:00:00-04:00,11.720000267028809,11.760000228881836,11.260000228881836,11.399999618530273,3354300,0.0,0.0
2009-04-08 00:00:00-04:00,10.960000038146973,11.529999732971191,10.920000076293945,11.470000267028809,3466400,0.0,0.0
2009-04-09 00:00:00-04:00,11.720000267028809,12.229999542236328,11.569999694824219,12.229999542236328,4441500,0.0,0.0
2009-04-13 00:00:00-04:00,12.140000343322754,12.140000343322754,11.399999618530273,11.710000038146973,2170900,0.0,0.0
2009-04-14 00:00:00-04:00,11.619999885559082,11.819999694824219,11.25,11.430000305175781,2205100,0.0,0.0
2009-04-15 00:00:00-04:00,11.369999885559082,11.489999771118164,10.880000114440918,11.09000015258789,2750100,0.0,0.0
2009-04-16 00:00:00-04:00,11.229999542236328,12.109999656677246,11.220000267028809,11.979999542236328,2865000,0.0,0.0
2009-04-17 00:00:00-04:00,11.970000267028809,12.960000038146973,11.869999885559082,12.800000190734863,4772500,0.0,0.0
2009-04-20 00:00:00-04:00,12.40999984741211,12.40999984741211,11.779999732971191,12.069999694824219,3019900,0.0,0.0
2009-04-21 00:00:00-04:00,12.050000190734863,12.229999542236328,11.739999771118164,12.130000114440918,4236300,0.0,0.0
2009-04-22 00:00:00-04:00,11.859999656677246,13.289999961853027,11.720000267028809,12.729999542236328,6228900,0.0,0.0
2009-04-23 00:00:00-04:00,12.869999885559082,13.130000114440918,12.489999771118164,12.710000038146973,3962900,0.0,0.0
2009-04-24 00:00:00-04:00,12.800000190734863,13.079999923706055,12.600000381469727,12.9399995803833,5483400,0.0,0.0
2009-04-27 00:00:00-04:00,12.75,13.029999732971191,12.399999618530273,12.670000076293945,4128900,0.0,0.0
2009-04-28 00:00:00-04:00,12.5,12.930000305175781,12.399999618530273,12.510000228881836,4394500,0.0,0.0
2009-04-29 00:00:00-04:00,12.65999984741211,13.09000015258789,12.460000038146973,12.529999732971191,3046800,0.0,0.0
2009-04-30 00:00:00-04:00,12.640000343322754,12.989999771118164,12.449999809265137,12.760000228881836,4147400,0.0,0.0
2009-05-01 00:00:00-04:00,12.75,12.890000343322754,12.170000076293945,12.300000190734863,3262800,0.0,0.0
2009-05-04 00:00:00-04:00,12.539999961853027,12.899999618530273,12.359999656677246,12.899999618530273,3020900,0.0,0.0
2009-05-05 00:00:00-04:00,12.84000015258789,13.609999656677246,12.75,13.520000457763672,5552400,0.0,0.0
2009-05-06 00:00:00-04:00,13.880000114440918,13.949999809265137,12.850000381469727,13.069999694824219,4230300,0.0,0.0
2009-05-07 00:00:00-04:00,13.3100004196167,13.489999771118164,12.220000267028809,12.34000015258789,5748100,0.0,0.0
2009-05-08 00:00:00-04:00,12.479999542236328,12.859999656677246,12.09000015258789,12.579999923706055,3298800,0.0,0.0
2009-05-11 00:00:00-04:00,12.359999656677246,12.649999618530273,12.0,12.329999923706055,2261000,0.0,0.0
2009-05-12 00:00:00-04:00,12.380000114440918,12.710000038146973,11.329999923706055,11.6899995803833,3542900,0.0,0.0
2009-05-13 00:00:00-04:00,11.449999809265137,11.449999809265137,10.579999923706055,10.65999984741211,4606400,0.0,0.0
2009-05-14 00:00:00-04:00,10.970000267028809,11.300000190734863,10.300000190734863,10.40999984741211,6497400,0.0,0.0
2009-05-15 00:00:00-04:00,10.350000381469727,10.9399995803833,10.34000015258789,10.529999732971191,3846600,0.0,0.0
2009-05-18 00:00:00-04:00,10.640000343322754,10.8100004196167,10.289999961853027,10.6899995803833,3433400,0.0,0.0
2009-05-19 00:00:00-04:00,10.739999771118164,10.779999732971191,10.359999656677246,10.550000190734863,2370600,0.0,0.0
2009-05-20 00:00:00-04:00,10.600000381469727,11.1899995803833,10.260000228881836,10.3100004196167,2607700,0.0,0.0
2009-05-21 00:00:00-04:00,10.210000038146973,10.210000038146973,9.779999732971191,9.920000076293945,2112000,0.0,0.0
2009-05-22 00:00:00-04:00,9.979999542236328,10.229999542236328,9.680000305175781,9.90999984741211,2339900,0.0,0.0
2009-05-26 00:00:00-04:00,9.770000457763672,10.699999809265137,9.609999656677246,10.619999885559082,4788500,0.0,0.0
2009-05-27 00:00:00-04:00,10.489999771118164,10.65999984741211,10.020000457763672,10.079999923706055,3264400,0.0,0.0
2009-05-28 00:00:00-04:00,10.800000190734863,11.34000015258789,10.800000190734863,11.100000381469727,5962700,0.0,0.0
2009-05-29 00:00:00-04:00,11.25,11.380000114440918,11.0,11.210000038146973,3161900,0.0,0.0
2009-06-01 00:00:00-04:00,11.369999885559082,12.550000190734863,11.3100004196167,12.470000267028809,4658700,0.0,0.0
2009-06-02 00:00:00-04:00,12.3100004196167,13.279999732971191,12.170000076293945,12.859999656677246,5810600,0.0,0.0
2009-06-03 00:00:00-04:00,12.670000076293945,12.869999885559082,12.380000114440918,12.670000076293945,3400600,0.0,0.0
2009-06-04 00:00:00-04:00,12.619999885559082,12.640000343322754,12.100000381469727,12.449999809265137,2934900,0.0,0.0
2009-06-05 00:00:00-04:00,12.569999694824219,12.779999732971191,12.109999656677246,12.460000038146973,3543500,0.0,0.0
2009-06-08 00:00:00-04:00,12.399999618530273,13.819999694824219,12.220000267028809,13.699999809265137,5536900,0.0,0.0
2009-06-09 00:00:00-04:00,13.6899995803833,14.09000015258789,13.220000267028809,13.609999656677246,4907900,0.0,0.0
2009-06-10 00:00:00-04:00,13.760000228881836,13.9399995803833,12.90999984741211,13.289999961853027,4375400,0.0,0.0
2009-06-11 00:00:00-04:00,13.380000114440918,13.729999542236328,13.3100004196167,13.59000015258789,3439600,0.0,0.0
2009-06-12 00:00:00-04:00,13.430000305175781,13.869999885559082,13.029999732971191,13.850000381469727,3265700,0.0,0.0
2009-06-15 00:00:00-04:00,13.640000343322754,13.640000343322754,12.859999656677246,13.0600004196167,3170000,0.0,0.0
2009-06-16 00:00:00-04:00,13.220000267028809,13.279999732971191,12.5600004196167,12.6899995803833,3484300,0.0,0.0
2009-06-17 00:00:00-04:00,12.699999809265137,12.8100004196167,12.1899995803833,12.609999656677246,5090300,0.0,0.0
2009-06-18 00:00:00-04:00,12.579999923706055,13.1899995803833,12.4399995803833,13.09000015258789,4674100,0.0,0.0
2009-06-19 00:00:00-04:00,13.960000038146973,15.399999618530273,13.920000076293945,15.3100004196167,14463100,0.0,0.0
2009-06-22 00:00:00-04:00,14.9399995803833,14.9399995803833,13.920000076293945,14.039999961853027,6565900,0.0,0.0
2009-06-23 00:00:00-04:00,14.0600004196167,14.25,13.649999618530273,13.8100004196167,3066000,0.0,0.0
2009-06-24 00:00:00-04:00,13.9399995803833,14.140000343322754,13.359999656677246,13.489999771118164,4609400,0.0,0.0
2009-06-25 00:00:00-04:00,13.529999732971191,14.359999656677246,13.470000267028809,14.279999732971191,4261700,0.0,0.0
2009-06-26 00:00:00-04:00,14.229999542236328,14.619999885559082,14.1899995803833,14.479999542236328,4131100,0.0,0.0
2009-06-29 00:00:00-04:00,14.529999732971191,14.6899995803833,14.239999771118164,14.520000457763672,3917400,0.0,0.0
2009-06-30 00:00:00-04:00,14.529999732971191,14.979999542236328,14.350000381469727,14.699999809265137,3876800,0.0,0.0
2009-07-01 00:00:00-04:00,14.84000015258789,14.989999771118164,14.640000343322754,14.710000038146973,3237500,0.0,0.0
2009-07-02 00:00:00-04:00,14.069999694824219,14.300000190734863,13.579999923706055,13.899999618530273,3509100,0.0,0.0
2009-07-06 00:00:00-04:00,13.760000228881836,14.079999923706055,13.539999961853027,13.90999984741211,2176100,0.0,0.0
2009-07-07 00:00:00-04:00,13.989999771118164,14.0,13.350000381469727,13.399999618530273,2568900,0.0,0.0
2009-07-08 00:00:00-04:00,13.479999542236328,13.739999771118164,13.0600004196167,13.5,2837600,0.0,0.0
2009-07-09 00:00:00-04:00,13.619999885559082,13.850000381469727,13.460000038146973,13.5600004196167,2397200,0.0,0.0
2009-07-10 00:00:00-04:00,13.479999542236328,13.75,13.399999618530273,13.550000190734863,2648000,0.0,0.0
2009-07-13 00:00:00-04:00,13.59000015258789,14.100000381469727,13.210000038146973,14.0,4194400,0.0,0.0
2009-07-14 00:00:00-04:00,14.25,14.470000267028809,14.109999656677246,14.460000038146973,8221000,0.0,0.0
2009-07-15 00:00:00-04:00,14.579999923706055,15.329999923706055,14.539999961853027,15.270000457763672,7925600,0.0,0.0
2009-07-16 00:00:00-04:00,15.229999542236328,15.5,14.8100004196167,15.369999885559082,4061200,0.0,0.0
2009-07-17 00:00:00-04:00,15.329999923706055,15.489999771118164,14.979999542236328,15.0600004196167,2773900,0.0,0.0
2009-07-20 00:00:00-04:00,15.199999809265137,15.420000076293945,14.90999984741211,15.220000267028809,3063900,0.0,0.0
2009-07-21 00:00:00-04:00,15.34000015258789,15.350000381469727,14.979999542236328,15.350000381469727,3150600,0.0,0.0
2009-07-22 00:00:00-04:00,15.260000228881836,16.0,15.1899995803833,15.779999732971191,2739400,0.0,0.0
2009-07-23 00:00:00-04:00,15.760000228881836,16.719999313354492,15.539999961853027,16.510000228881836,4580700,0.0,0.0
2009-07-24 00:00:00-04:00,16.31999969482422,16.399999618530273,15.979999542236328,16.3799991607666,2469600,0.0,0.0
2009-07-27 00:00:00-04:00,16.309999465942383,16.329999923706055,15.789999961853027,15.920000076293945,2963100,0.0,0.0
2009-07-28 00:00:00-04:00,15.859999656677246,16.049999237060547,15.5,15.989999771118164,2293500,0.0,0.0
2009-07-29 00:00:00-04:00,15.829999923706055,16.020000457763672,15.550000190734863,15.729999542236328,2263900,0.0,0.0
2009-07-30 00:00:00-04:00,15.930000305175781,16.6200008392334,15.90999984741211,16.030000686645508,2758400,0.0,0.0
2009-07-31 00:00:00-04:00,15.930000305175781,16.3700008392334,15.75,16.1299991607666,2834600,0.0,0.0
2009-08-03 00:00:00-04:00,16.290000915527344,16.690000534057617,16.06999969482422,16.649999618530273,1923300,0.0,0.0
2009-08-04 00:00:00-04:00,16.5,16.75,16.440000534057617,16.559999465942383,2256900,0.0,0.0
2009-08-05 00:00:00-04:00,16.610000610351562,16.649999618530273,16.09000015258789,16.299999237060547,1988800,0.0,0.0
2009-08-06 00:00:00-04:00,16.299999237060547,16.65999984741211,16.190000534057617,16.299999237060547,2249700,0.0,0.0
2009-08-07 00:00:00-04:00,16.530000686645508,17.530000686645508,16.40999984741211,17.399999618530273,3510900,0.0,0.0
2009-08-10 00:00:00-04:00,17.329999923706055,17.350000381469727,16.940000534057617,17.34000015258789,3164000,0.0,0.0
2009-08-11 00:00:00-04:00,17.239999771118164,17.440000534057617,16.93000030517578,16.989999771118164,3422500,0.0,0.0
2009-08-12 00:00:00-04:00,16.90999984741211,17.31999969482422,16.90999984741211,16.989999771118164,1992900,0.0,0.0
2009-08-13 00:00:00-04:00,16.899999618530273,17.399999618530273,16.729999542236328,17.309999465942383,2301400,0.0,0.0
2009-08-14 00:00:00-04:00,17.229999542236328,17.309999465942383,16.459999084472656,16.670000076293945,3206000,0.0,0.0
2009-08-17 00:00:00-04:00,16.360000610351562,16.5,15.960000038146973,16.030000686645508,2608200,0.0,0.0
2009-08-18 00:00:00-04:00,16.1200008392334,16.469999313354492,15.920000076293945,16.389999389648438,1747200,0.0,0.0
2009-08-19 00:00:00-04:00,16.15999984741211,16.719999313354492,16.040000915527344,16.549999237060547,1046300,0.0,0.0
2009-08-20 00:00:00-04:00,16.479999542236328,16.75,16.360000610351562,16.68000030517578,1536100,0.0,0.0
2009-08-21 00:00:00-04:00,16.850000381469727,17.309999465942383,16.729999542236328,17.139999389648438,1671400,0.0,0.0
2009-08-24 00:00:00-04:00,17.229999542236328,17.329999923706055,16.5,16.549999237060547,1637900,0.0,0.0
2009-08-25 00:00:00-04:00,16.6200008392334,17.3799991607666,16.56999969482422,17.209999084472656,1853400,0.0,0.0
2009-08-26 00:00:00-04:00,17.139999389648438,17.600000381469727,17.010000228881836,17.010000228881836,1934000,0.0,0.0
2009-08-27 00:00:00-04:00,16.940000534057617,17.280000686645508,16.709999084472656,17.1200008392334,1675100,0.0,0.0
2009-08-28 00:00:00-04:00,17.290000915527344,17.59000015258789,17.18000030517578,17.559999465942383,2589700,0.0,0.0
2009-08-31 00:00:00-04:00,17.34000015258789,17.43000030517578,17.149999618530273,17.309999465942383,2363200,0.0,0.0
2009-09-01 00:00:00-04:00,17.15999984741211,17.65999984741211,16.799999237060547,16.850000381469727,2755800,0.0,0.0
2009-09-02 00:00:00-04:00,16.780000686645508,17.190000534057617,16.639999389648438,16.979999542236328,2836100,0.0,0.0
2009-09-03 00:00:00-04:00,17.030000686645508,17.299999237060547,16.84000015258789,17.299999237060547,1643900,0.0,0.0
2009-09-04 00:00:00-04:00,17.209999084472656,17.5,17.079999923706055,17.280000686645508,1088400,0.0,0.0
2009-09-08 00:00:00-04:00,17.489999771118164,17.709999084472656,17.389999389648438,17.709999084472656,1811800,0.0,0.0
2009-09-09 00:00:00-04:00,17.670000076293945,18.110000610351562,17.540000915527344,17.889999389648438,1575500,0.0,0.0
2009-09-10 00:00:00-04:00,17.920000076293945,18.149999618530273,17.709999084472656,18.06999969482422,1642300,0.0,0.0
2009-09-11 00:00:00-04:00,18.059999465942383,18.190000534057617,17.8700008392334,17.959999084472656,2052100,0.0,0.0
2009-09-14 00:00:00-04:00,17.790000915527344,17.989999771118164,17.559999465942383,17.989999771118164,1380800,0.0,0.0
2009-09-15 00:00:00-04:00,18.100000381469727,19.43000030517578,18.010000228881836,19.420000076293945,5594000,0.0,0.0
2009-09-16 00:00:00-04:00,19.43000030517578,20.010000228881836,19.270000457763672,19.530000686645508,3438400,0.0,0.0
2009-09-17 00:00:00-04:00,19.420000076293945,19.489999771118164,18.719999313354492,18.790000915527344,2853200,0.0,0.0
2009-09-18 00:00:00-04:00,18.959999084472656,19.15999984741211,18.65999984741211,19.059999465942383,2974900,0.0,0.0
2009-09-21 00:00:00-04:00,18.90999984741211,19.40999984741211,18.68000030517578,19.329999923706055,3925200,0.0,0.0
2009-09-22 00:00:00-04:00,20.5,21.459999084472656,20.100000381469727,21.200000762939453,14966200,0.0,0.0
2009-09-23 00:00:00-04:00,21.649999618530273,21.649999618530273,20.520000457763672,20.549999237060547,3333700,0.0,0.0
2009-09-24 00:00:00-04:00,20.540000915527344,20.540000915527344,19.739999771118164,20.290000915527344,3958600,0.0,0.0
2009-09-25 00:00:00-04:00,20.040000915527344,20.489999771118164,19.84000015258789,20.31999969482422,2801500,0.0,0.0
2009-09-28 00:00:00-04:00,20.31999969482422,21.200000762939453,20.229999542236328,21.049999237060547,3008900,0.0,0.0
2009-09-29 00:00:00-04:00,21.049999237060547,21.139999389648438,20.700000762939453,20.81999969482422,3367600,0.0,0.0
2009-09-30 00:00:00-04:00,20.90999984741211,21.079999923706055,20.200000762939453,20.899999618530273,2831400,0.0,0.0
2009-10-01 00:00:00-04:00,20.75,20.790000915527344,19.469999313354492,19.56999969482422,5573100,0.0,0.0
2009-10-02 00:00:00-04:00,19.329999923706055,19.6299991607666,18.90999984741211,19.34000015258789,3679400,0.0,0.0
2009-10-05 00:00:00-04:00,19.3700008392334,19.93000030517578,19.260000228881836,19.809999465942383,2787500,0.0,0.0
2009-10-06 00:00:00-04:00,19.93000030517578,20.399999618530273,19.8799991607666,20.389999389648438,2851700,0.0,0.0
2009-10-07 00:00:00-04:00,20.280000686645508,20.690000534057617,20.170000076293945,20.3799991607666,4711700,0.0,0.0
2009-10-08 00:00:00-04:00,20.5,20.860000610351562,20.31999969482422,20.469999313354492,2664300,0.0,0.0
2009-10-09 00:00:00-04:00,20.3799991607666,20.56999969482422,20.190000534057617,20.459999084472656,1410800,0.0,0.0
2009-10-12 00:00:00-04:00,20.510000228881836,20.850000381469727,20.350000381469727,20.510000228881836,1573700,0.0,0.0
2009-10-13 00:00:00-04:00,20.450000762939453,20.739999771118164,20.290000915527344,20.709999084472656,1784600,0.0,0.0
2009-10-14 00:00:00-04:00,20.93000030517578,21.520000457763672,20.93000030517578,21.510000228881836,2642900,0.0,0.0
2009-10-15 00:00:00-04:00,21.389999389648438,21.639999389648438,21.18000030517578,21.639999389648438,1848100,0.0,0.0
2009-10-16 00:00:00-04:00,21.389999389648438,21.959999084472656,21.309999465942383,21.8700008392334,2880300,0.0,0.0
2009-10-19 00:00:00-04:00,21.850000381469727,22.149999618530273,21.700000762939453,21.979999542236328,2358000,0.0,0.0
2009-10-20 00:00:00-04:00,22.440000534057617,22.440000534057617,21.8799991607666,22.200000762939453,3462600,0.0,0.0
2009-10-21 00:00:00-04:00,22.18000030517578,23.06999969482422,22.06999969482422,22.209999084472656,4092100,0.0,0.0
2009-10-22 00:00:00-04:00,22.239999771118164,22.799999237060547,21.93000030517578,22.700000762939453,4167100,0.0,0.0
2009-10-23 00:00:00-04:00,22.860000610351562,22.959999084472656,22.200000762939453,22.31999969482422,2032400,0.0,0.0
2009-10-26 00:00:00-04:00,22.299999237060547,22.920000076293945,22.09000015258789,22.200000762939453,1295500,0.0,0.0
2009-10-27 00:00:00-04:00,22.110000610351562,22.209999084472656,21.06999969482422,21.110000610351562,2722100,0.0,0.0
2009-10-28 00:00:00-04:00,21.059999465942383,21.299999237060547,19.860000610351562,19.969999313354492,3644800,0.0,0.0
2009-10-29 00:00:00-04:00,20.110000610351562,20.90999984741211,20.059999465942383,20.68000030517578,2959100,0.0,0.0
2009-10-30 00:00:00-04:00,20.6200008392334,20.75,19.420000076293945,19.670000076293945,3775600,0.0,0.0
2009-11-02 00:00:00-05:00,19.84000015258789,20.040000915527344,19.260000228881836,19.719999313354492,2535900,0.0,0.0
2009-11-03 00:00:00-05:00,19.6299991607666,20.0,19.239999771118164,19.93000030517578,2049300,0.0,0.0
2009-11-04 00:00:00-05:00,20.15999984741211,20.59000015258789,19.940000534057617,20.299999237060547,3345600,0.0,0.0
2009-11-05 00:00:00-05:00,20.420000076293945,20.899999618530273,20.149999618530273,20.889999389648438,1951100,0.0,0.0
2009-11-06 00:00:00-05:00,20.610000610351562,21.280000686645508,20.540000915527344,20.940000534057617,1481800,0.0,0.0
2009-11-09 00:00:00-05:00,21.329999923706055,21.3700008392334,21.059999465942383,21.25,1296400,0.0,0.0
2009-11-10 00:00:00-05:00,21.170000076293945,21.34000015258789,20.8799991607666,21.18000030517578,2291600,0.0,0.0
2009-11-11 00:00:00-05:00,21.350000381469727,21.6200008392334,20.979999542236328,21.100000381469727,1523400,0.0,0.0
2009-11-12 00:00:00-05:00,21.020000457763672,21.229999542236328,20.65999984741211,20.799999237060547,1327600,0.0,0.0
2009-11-13 00:00:00-05:00,20.84000015258789,21.059999465942383,20.450000762939453,20.959999084472656,1160900,0.0,0.0
2009-11-16 00:00:00-05:00,21.229999542236328,21.420000076293945,20.889999389648438,21.270000457763672,1459000,0.0,0.0
2009-11-17 00:00:00-05:00,21.219999313354492,21.329999923706055,20.639999389648438,20.940000534057617,979700,0.0,0.0
2009-11-18 00:00:00-05:00,20.8700008392334,20.950000762939453,20.469999313354492,20.579999923706055,1144200,0.0,0.0
2009-11-19 00:00:00-05:00,20.25,20.360000610351562,19.8799991607666,20.15999984741211,1254200,0.0,0.0
2009-11-20 00:00:00-05:00,20.09000015258789,20.40999984741211,19.600000381469727,20.100000381469727,1511300,0.0,0.0
2009-11-23 00:00:00-05:00,20.350000381469727,20.6299991607666,20.0,20.239999771118164,1181700,0.0,0.0
2009-11-24 00:00:00-05:00,20.239999771118164,20.360000610351562,19.969999313354492,20.0,1385900,0.0,0.0
2009-11-25 00:00:00-05:00,20.100000381469727,20.5,20.0,20.31999969482422,1592500,0.0,0.0
2009-11-27 00:00:00-05:00,19.65999984741211,20.139999389648438,19.360000610351562,19.989999771118164,766000,0.0,0.0
2009-11-30 00:00:00-05:00,20.100000381469727,20.209999084472656,19.469999313354492,19.8799991607666,1770400,0.0,0.0
2009-12-01 00:00:00-05:00,20.1299991607666,20.399999618530273,19.959999084472656,20.15999984741211,1308800,0.0,0.0
2009-12-02 00:00:00-05:00,20.190000534057617,20.530000686645508,20.040000915527344,20.170000076293945,1181600,0.0,0.0
2009-12-03 00:00:00-05:00,20.110000610351562,20.260000228881836,19.600000381469727,19.6299991607666,1666500,0.0,0.0
2009-12-04 00:00:00-05:00,19.90999984741211,20.450000762939453,19.68000030517578,19.969999313354492,1493800,0.0,0.0
2009-12-07 00:00:00-05:00,19.920000076293945,20.5,19.920000076293945,20.299999237060547,1766100,0.0,0.0
2009-12-08 00:00:00-05:00,20.280000686645508,20.399999618530273,19.899999618530273,20.34000015258789,1800100,0.0,0.0
2009-12-09 00:00:00-05:00,20.350000381469727,20.3799991607666,19.920000076293945,20.309999465942383,1511500,0.0,0.0
2009-12-10 00:00:00-05:00,20.450000762939453,20.8700008392334,20.350000381469727,20.600000381469727,1874700,0.0,0.0
2009-12-11 00:00:00-05:00,20.780000686645508,21.100000381469727,20.610000610351562,20.989999771118164,2429100,0.0,0.0
2009-12-14 00:00:00-05:00,21.200000762939453,21.719999313354492,21.049999237060547,21.489999771118164,3176800,0.0,0.0
2009-12-15 00:00:00-05:00,21.479999542236328,21.510000228881836,21.06999969482422,21.170000076293945,2388800,0.0,0.0
2009-12-16 00:00:00-05:00,21.270000457763672,21.829999923706055,21.25,21.770000457763672,2049000,0.0,0.0
2009-12-17 00:00:00-05:00,21.59000015258789,21.959999084472656,21.469999313354492,21.81999969482422,2714900,0.0,0.0
2009-12-18 00:00:00-05:00,23.059999465942383,23.399999618530273,22.270000457763672,23.350000381469727,7724400,0.0,0.0
2009-12-21 00:00:00-05:00,23.59000015258789,24.15999984741211,23.510000228881836,24.030000686645508,2970100,0.0,0.0
2009-12-22 00:00:00-05:00,24.079999923706055,24.25,23.959999084472656,23.989999771118164,1818600,0.0,0.0
2009-12-23 00:00:00-05:00,24.059999465942383,24.299999237060547,23.790000915527344,24.25,1528200,0.0,0.0
2009-12-24 00:00:00-05:00,24.239999771118164,24.420000076293945,24.030000686645508,24.229999542236328,577900,0.0,0.0
2009-12-28 00:00:00-05:00,24.299999237060547,24.709999084472656,24.25,24.5,1728400,0.0,0.0
2009-12-29 00:00:00-05:00,24.540000915527344,24.6299991607666,24.350000381469727,24.399999618530273,867100,0.0,0.0
2009-12-30 00:00:00-05:00,24.459999084472656,24.579999923706055,24.219999313354492,24.459999084472656,968900,0.0,0.0
2009-12-31 00:00:00-05:00,24.489999771118164,24.75,24.25,24.25,1214400,0.0,0.0
2010-01-04 00:00:00-05:00,24.479999542236328,24.479999542236328,23.8700008392334,23.979999542236328,2122800,0.0,0.0
2010-01-05 00:00:00-05:00,24.030000686645508,24.1200008392334,23.600000381469727,24.1200008392334,1689300,0.0,0.0
2010-01-06 00:00:00-05:00,24.18000030517578,24.5,24.010000228881836,24.43000030517578,1566900,0.0,0.0
2010-01-07 00:00:00-05:00,24.360000610351562,24.68000030517578,24.110000610351562,24.200000762939453,1550800,0.0,0.0
2010-01-08 00:00:00-05:00,24.100000381469727,24.329999923706055,23.850000381469727,24.309999465942383,895000,0.0,0.0
2010-01-11 00:00:00-05:00,24.34000015258789,24.350000381469727,23.799999237060547,23.950000762939453,900800,0.0,0.0
2010-01-12 00:00:00-05:00,23.75,23.75,23.18000030517578,23.3700008392334,2092100,0.0,0.0
2010-01-13 00:00:00-05:00,23.40999984741211,23.540000915527344,23.030000686645508,23.489999771118164,1280300,0.0,0.0
2010-01-14 00:00:00-05:00,23.399999618530273,23.43000030517578,22.700000762939453,22.90999984741211,1164700,0.0,0.0
2010-01-15 00:00:00-05:00,22.739999771118164,23.09000015258789,22.40999984741211,22.559999465942383,1091900,0.0,0.0
2010-01-19 00:00:00-05:00,22.559999465942383,22.940000534057617,22.40999984741211,22.850000381469727,1792000,0.0,0.0
2010-01-20 00:00:00-05:00,22.59000015258789,22.65999984741211,22.31999969482422,22.399999618530273,1695000,0.0,0.0
2010-01-21 00:00:00-05:00,21.649999618530273,22.100000381469727,21.139999389648438,21.649999618530273,3750400,0.0,0.0
2010-01-22 00:00:00-05:00,21.59000015258789,21.940000534057617,21.200000762939453,21.290000915527344,1954500,0.0,0.0
2010-01-25 00:00:00-05:00,21.469999313354492,21.729999542236328,21.3700008392334,21.579999923706055,1066000,0.0,0.0
2010-01-26 00:00:00-05:00,21.510000228881836,21.81999969482422,21.360000610351562,21.40999984741211,677300,0.0,0.0
2010-01-27 00:00:00-05:00,21.31999969482422,21.510000228881836,20.850000381469727,21.34000015258789,1990200,0.0,0.0
2010-01-28 00:00:00-05:00,21.350000381469727,21.399999618530273,20.979999542236328,21.100000381469727,1583000,0.0,0.0
2010-01-29 00:00:00-05:00,21.190000534057617,21.43000030517578,20.610000610351562,20.6299991607666,2025700,0.0,0.0
2010-02-01 00:00:00-05:00,20.700000762939453,21.15999984741211,20.700000762939453,21.100000381469727,1043300,0.0,0.0
2010-02-02 00:00:00-05:00,21.18000030517578,21.690000534057617,20.989999771118164,21.639999389648438,984900,0.0,0.0
2010-02-03 00:00:00-05:00,21.440000534057617,21.670000076293945,21.239999771118164,21.489999771118164,1210500,0.0,0.0
2010-02-04 00:00:00-05:00,21.219999313354492,21.389999389648438,20.670000076293945,20.729999542236328,2022400,0.0,0.0
2010-02-05 00:00:00-05:00,20.739999771118164,20.81999969482422,19.729999542236328,20.239999771118164,2623300,0.0,0.0
2010-02-08 00:00:00-05:00,20.700000762939453,20.760000228881836,20.25,20.329999923706055,1292800,0.0,0.0
2010-02-09 00:00:00-05:00,20.889999389648438,20.950000762939453,20.399999618530273,20.75,2045100,0.0,0.0
2010-02-10 00:00:00-05:00,20.729999542236328,21.049999237060547,20.520000457763672,20.799999237060547,1259200,0.0,0.0
2010-02-11 00:00:00-05:00,20.850000381469727,21.229999542236328,20.559999465942383,21.209999084472656,1662100,0.0,0.0
2010-02-12 00:00:00-05:00,20.969999313354492,21.049999237060547,20.760000228881836,21.0,1716300,0.0,0.0
2010-02-16 00:00:00-05:00,21.149999618530273,21.290000915527344,20.989999771118164,21.18000030517578,990800,0.0,0.0
2010-02-17 00:00:00-05:00,21.290000915527344,21.420000076293945,21.010000228881836,21.190000534057617,1117000,0.0,0.0
2010-02-18 00:00:00-05:00,21.219999313354492,21.290000915527344,21.030000686645508,21.100000381469727,797600,0.0,0.0
2010-02-19 00:00:00-05:00,21.09000015258789,21.15999984741211,20.6299991607666,20.780000686645508,1741600,0.0,0.0
2010-02-22 00:00:00-05:00,20.90999984741211,20.90999984741211,20.489999771118164,20.559999465942383,1287000,0.0,0.0
2010-02-23 00:00:00-05:00,20.559999465942383,20.559999465942383,19.979999542236328,20.170000076293945,2383700,0.0,0.0
2010-02-24 00:00:00-05:00,20.3799991607666,20.5,20.200000762939453,20.420000076293945,2014800,0.0,0.0
2010-02-25 00:00:00-05:00,20.110000610351562,20.40999984741211,19.940000534057617,20.329999923706055,1358400,0.0,0.0
2010-02-26 00:00:00-05:00,20.3700008392334,20.3700008392334,20.010000228881836,20.190000534057617,1465100,0.0,0.0
2010-03-01 00:00:00-05:00,20.329999923706055,21.479999542236328,20.299999237060547,21.469999313354492,2768000,0.0,0.0
2010-03-02 00:00:00-05:00,21.5,22.0,21.5,21.700000762939453,2225500,0.0,0.0
2010-03-03 00:00:00-05:00,21.690000534057617,22.6200008392334,21.690000534057617,22.200000762939453,2153900,0.0,0.0
2010-03-04 00:00:00-05:00,22.190000534057617,22.549999237060547,22.18000030517578,22.520000457763672,1541200,0.0,0.0
2010-03-05 00:00:00-05:00,22.709999084472656,23.329999923706055,22.559999465942383,23.299999237060547,1951300,0.0,0.0
2010-03-08 00:00:00-05:00,23.329999923706055,23.729999542236328,23.190000534057617,23.229999542236328,1579200,0.0,0.0
2010-03-09 00:00:00-05:00,23.110000610351562,23.350000381469727,22.899999618530273,22.979999542236328,1146100,0.0,0.0
2010-03-10 00:00:00-05:00,22.920000076293945,23.350000381469727,22.90999984741211,23.290000915527344,1105100,0.0,0.0
2010-03-11 00:00:00-05:00,23.09000015258789,23.299999237060547,22.850000381469727,23.290000915527344,821100,0.0,0.0
2010-03-12 00:00:00-05:00,23.3700008392334,23.399999618530273,23.0,23.399999618530273,874200,0.0,0.0
2010-03-15 00:00:00-04:00,23.34000015258789,23.469999313354492,22.950000762939453,23.270000457763672,602300,0.0,0.0
2010-03-16 00:00:00-04:00,23.260000228881836,23.510000228881836,23.1200008392334,23.3700008392334,592000,0.0,0.0
2010-03-17 00:00:00-04:00,23.5,24.3700008392334,23.389999389648438,24.209999084472656,2105500,0.0,0.0
2010-03-18 00:00:00-04:00,24.09000015258789,24.239999771118164,23.670000076293945,23.8799991607666,1117900,0.0,0.0
2010-03-19 00:00:00-04:00,23.639999389648438,24.079999923706055,23.40999984741211,23.639999389648438,1355800,0.0,0.0
2010-03-22 00:00:00-04:00,23.399999618530273,24.200000762939453,23.270000457763672,24.010000228881836,1425400,0.0,0.0
2010-03-23 00:00:00-04:00,24.020000457763672,24.739999771118164,23.8799991607666,24.729999542236328,1572400,0.0,0.0
2010-03-24 00:00:00-04:00,24.610000610351562,24.90999984741211,24.360000610351562,24.450000762939453,1572000,0.0,0.0
2010-03-25 00:00:00-04:00,24.59000015258789,24.950000762939453,24.450000762939453,24.510000228881836,1288000,0.0,0.0
2010-03-26 00:00:00-04:00,24.690000534057617,25.149999618530273,24.6200008392334,25.010000228881836,1667900,0.0,0.0
2010-03-29 00:00:00-04:00,25.040000915527344,25.90999984741211,25.010000228881836,25.780000686645508,3630000,0.0,0.0
2010-03-30 00:00:00-04:00,25.75,26.09000015258789,25.649999618530273,25.90999984741211,2104900,0.0,0.0
2010-03-31 00:00:00-04:00,25.889999389648438,26.0,25.079999923706055,25.1200008392334,3183400,0.0,0.0
2010-04-01 00:00:00-04:00,26.1200008392334,26.350000381469727,25.399999618530273,26.079999923706055,5458700,0.0,0.0
2010-04-05 00:00:00-04:00,26.25,26.25,25.530000686645508,25.709999084472656,2559700,0.0,0.0
2010-04-06 00:00:00-04:00,25.5,25.600000381469727,25.09000015258789,25.459999084472656,2966800,0.0,0.0
2010-04-07 00:00:00-04:00,25.309999465942383,25.530000686645508,24.739999771118164,24.969999313354492,3520900,0.0,0.0
2010-04-08 00:00:00-04:00,24.889999389648438,24.920000076293945,24.520000457763672,24.68000030517578,2719800,0.0,0.0
2010-04-09 00:00:00-04:00,24.75,24.75,24.299999237060547,24.6299991607666,1532400,0.0,0.0
2010-04-12 00:00:00-04:00,24.559999465942383,24.579999923706055,24.06999969482422,24.329999923706055,2284500,0.0,0.0
2010-04-13 00:00:00-04:00,24.260000228881836,24.6299991607666,24.1200008392334,24.59000015258789,1916100,0.0,0.0
2010-04-14 00:00:00-04:00,24.75,25.780000686645508,24.530000686645508,25.780000686645508,2583500,0.0,0.0
2010-04-15 00:00:00-04:00,25.6299991607666,25.860000610351562,25.510000228881836,25.670000076293945,1826400,0.0,0.0
2010-04-16 00:00:00-04:00,25.56999969482422,25.639999389648438,24.979999542236328,25.190000534057617,1691800,0.0,0.0
2010-04-19 00:00:00-04:00,25.030000686645508,25.25,24.3700008392334,24.8799991607666,1561100,0.0,0.0
2010-04-20 00:00:00-04:00,25.059999465942383,25.229999542236328,24.780000686645508,25.06999969482422,1139500,0.0,0.0
2010-04-21 00:00:00-04:00,25.030000686645508,25.299999237060547,24.600000381469727,25.0,2782100,0.0,0.0
2010-04-22 00:00:00-04:00,24.770000457763672,25.639999389648438,24.469999313354492,25.540000915527344,1905600,0.0,0.0
2010-04-23 00:00:00-04:00,25.5,26.239999771118164,25.290000915527344,26.200000762939453,1842500,0.0,0.0
2010-04-26 00:00:00-04:00,26.110000610351562,26.5,25.649999618530273,25.700000762939453,2508100,0.0,0.0
2010-04-27 00:00:00-04:00,25.520000457763672,25.829999923706055,24.989999771118164,25.010000228881836,1914800,0.0,0.0
2010-04-28 00:00:00-04:00,25.190000534057617,25.329999923706055,24.579999923706055,24.709999084472656,1219300,0.0,0.0
2010-04-29 00:00:00-04:00,24.93000030517578,25.469999313354492,24.860000610351562,25.389999389648438,1043900,0.0,0.0
2010-04-30 00:00:00-04:00,25.469999313354492,25.489999771118164,24.549999237060547,24.56999969482422,1786600,0.0,0.0
2010-05-03 00:00:00-04:00,24.65999984741211,24.81999969482422,24.43000030517578,24.690000534057617,2103700,0.0,0.0
2010-05-04 00:00:00-04:00,24.299999237060547,24.389999389648438,23.40999984741211,24.040000915527344,2128500,0.0,0.0
2010-05-05 00:00:00-04:00,23.809999465942383,24.559999465942383,23.540000915527344,23.969999313354492,2013400,0.0,0.0
2010-05-06 00:00:00-04:00,23.75,23.8799991607666,21.1299991607666,22.690000534057617,2555700,0.0,0.0
2010-05-07 00:00:00-04:00,22.68000030517578,23.0,21.56999969482422,22.229999542236328,3116400,0.0,0.0
2010-05-10 00:00:00-04:00,23.079999923706055,23.75,23.020000457763672,23.75,2483000,0.0,0.0
2010-05-11 00:00:00-04:00,23.3700008392334,24.209999084472656,23.350000381469727,23.940000534057617,1239800,0.0,0.0
2010-05-12 00:00:00-04:00,24.110000610351562,24.700000762939453,23.940000534057617,24.6200008392334,1795000,0.0,0.0
2010-05-13 00:00:00-04:00,24.489999771118164,24.780000686645508,23.90999984741211,24.06999969482422,1561400,0.0,0.0
2010-05-14 00:00:00-04:00,23.829999923706055,23.899999618530273,22.920000076293945,23.219999313354492,1807600,0.0,0.0
2010-05-17 00:00:00-04:00,23.40999984741211,23.65999984741211,22.700000762939453,23.59000015258789,1129300,0.0,0.0
2010-05-18 00:00:00-04:00,23.899999618530273,24.34000015258789,22.790000915527344,22.850000381469727,2310400,0.0,0.0
2010-05-19 00:00:00-04:00,22.700000762939453,23.049999237060547,21.989999771118164,22.780000686645508,2553100,0.0,0.0
2010-05-20 00:00:00-04:00,21.969999313354492,22.600000381469727,21.65999984741211,21.790000915527344,2143500,0.0,0.0
2010-05-21 00:00:00-04:00,21.270000457763672,22.149999618530273,21.219999313354492,21.8700008392334,3494700,0.0,0.0
2010-05-24 00:00:00-04:00,21.809999465942383,22.149999618530273,21.649999618530273,21.700000762939453,1596700,0.0,0.0
2010-05-25 00:00:00-04:00,21.020000457763672,21.8700008392334,20.719999313354492,21.790000915527344,3567700,0.0,0.0
2010-05-26 00:00:00-04:00,21.889999389648438,22.31999969482422,21.34000015258789,21.469999313354492,1971000,0.0,0.0
2010-05-27 00:00:00-04:00,22.030000686645508,22.350000381469727,21.770000457763672,22.290000915527344,2058500,0.0,0.0
2010-05-28 00:00:00-04:00,22.190000534057617,22.329999923706055,21.479999542236328,21.729999542236328,2280100,0.0,0.0
2010-06-01 00:00:00-04:00,21.450000762939453,21.850000381469727,21.1200008392334,21.139999389648438,1597200,0.0,0.0
2010-06-02 00:00:00-04:00,21.520000457763672,21.889999389648438,20.950000762939453,21.8799991607666,1571400,0.0,0.0
2010-06-03 00:00:00-04:00,22.06999969482422,22.549999237060547,22.010000228881836,22.389999389648438,2617600,0.0,0.0
2010-06-04 00:00:00-04:00,21.719999313354492,21.8700008392334,20.75,20.93000030517578,2515100,0.0,0.0
2010-06-07 00:00:00-04:00,21.059999465942383,21.209999084472656,20.139999389648438,20.170000076293945,1689900,0.0,0.0
2010-06-08 00:00:00-04:00,20.239999771118164,20.489999771118164,19.479999542236328,19.6299991607666,4727500,0.0,0.0
2010-06-09 00:00:00-04:00,19.850000381469727,20.059999465942383,19.06999969482422,19.209999084472656,5405400,0.0,0.0
2010-06-10 00:00:00-04:00,19.600000381469727,19.850000381469727,19.3799991607666,19.780000686645508,2215800,0.0,0.0
2010-06-11 00:00:00-04:00,19.489999771118164,20.260000228881836,19.459999084472656,20.040000915527344,2179300,0.0,0.0
2010-06-14 00:00:00-04:00,20.350000381469727,21.139999389648438,20.219999313354492,20.829999923706055,2598100,0.0,0.0
2010-06-15 00:00:00-04:00,20.950000762939453,21.329999923706055,20.700000762939453,21.260000228881836,1589400,0.0,0.0
2010-06-16 00:00:00-04:00,21.079999923706055,21.889999389648438,20.920000076293945,21.600000381469727,4150000,0.0,0.0
2010-06-17 00:00:00-04:00,21.799999237060547,21.81999969482422,20.610000610351562,20.81999969482422,2243300,0.0,0.0
2010-06-18 00:00:00-04:00,20.739999771118164,21.079999923706055,20.600000381469727,20.670000076293945,2244000,0.0,0.0
2010-06-21 00:00:00-04:00,20.959999084472656,20.979999542236328,20.170000076293945,20.3700008392334,2834300,0.0,0.0
2010-06-22 00:00:00-04:00,20.420000076293945,20.809999465942383,19.8700008392334,20.0,3621600,0.0,0.0
2010-06-23 00:00:00-04:00,21.940000534057617,22.040000915527344,21.280000686645508,21.850000381469727,10311300,0.0,0.0
2010-06-24 00:00:00-04:00,21.979999542236328,22.0,21.1200008392334,21.34000015258789,4554500,0.0,0.0
2010-06-25 00:00:00-04:00,21.5,21.93000030517578,21.290000915527344,21.350000381469727,42565300,0.0,0.0
2010-06-28 00:00:00-04:00,21.270000457763672,21.40999984741211,20.81999969482422,20.93000030517578,5636500,0.0,0.0
2010-06-29 00:00:00-04:00,20.510000228881836,20.6299991607666,19.690000534057617,19.940000534057617,4434500,0.0,0.0
2010-06-30 00:00:00-04:00,19.93000030517578,20.459999084472656,19.760000228881836,19.899999618530273,3724400,0.0,0.0
2010-07-01 00:00:00-04:00,19.950000762939453,20.309999465942383,19.540000915527344,20.18000030517578,4564000,0.0,0.0
2010-07-02 00:00:00-04:00,20.290000915527344,20.389999389648438,19.649999618530273,19.760000228881836,2977300,0.0,0.0
2010-07-06 00:00:00-04:00,20.110000610351562,20.219999313354492,19.18000030517578,19.420000076293945,2974400,0.0,0.0
2010-07-07 00:00:00-04:00,19.440000534057617,20.15999984741211,19.420000076293945,20.149999618530273,2481800,0.0,0.0
2010-07-08 00:00:00-04:00,20.309999465942383,20.59000015258789,19.049999237060547,19.290000915527344,6650000,0.0,0.0
2010-07-09 00:00:00-04:00,19.200000762939453,19.5,19.110000610351562,19.350000381469727,4275400,0.0,0.0
2010-07-12 00:00:00-04:00,19.229999542236328,19.440000534057617,18.709999084472656,18.84000015258789,4533600,0.0,0.0
2010-07-13 00:00:00-04:00,19.100000381469727,19.709999084472656,19.010000228881836,19.6299991607666,2769400,0.0,0.0
2010-07-14 00:00:00-04:00,19.5,19.579999923706055,19.06999969482422,19.18000030517578,3420100,0.0,0.0
2010-07-15 00:00:00-04:00,19.139999389648438,19.75,18.940000534057617,19.610000610351562,6176200,0.0,0.0
2010-07-16 00:00:00-04:00,19.469999313354492,19.469999313354492,18.6200008392334,18.670000076293945,4105000,0.0,0.0
2010-07-19 00:00:00-04:00,18.739999771118164,19.260000228881836,18.6200008392334,19.15999984741211,2735400,0.0,0.0
2010-07-20 00:00:00-04:00,18.809999465942383,19.709999084472656,18.719999313354492,19.65999984741211,3115500,0.0,0.0
2010-07-21 00:00:00-04:00,19.799999237060547,20.0,19.3700008392334,19.520000457763672,3260900,0.0,0.0
2010-07-22 00:00:00-04:00,19.809999465942383,20.290000915527344,19.799999237060547,20.1299991607666,2545200,0.0,0.0
2010-07-23 00:00:00-04:00,20.010000228881836,21.040000915527344,19.90999984741211,20.989999771118164,3529200,0.0,0.0
2010-07-26 00:00:00-04:00,21.139999389648438,21.510000228881836,20.709999084472656,21.510000228881836,2073800,0.0,0.0
2010-07-27 00:00:00-04:00,21.639999389648438,21.809999465942383,21.040000915527344,21.1200008392334,3470300,0.0,0.0
2010-07-28 00:00:00-04:00,20.979999542236328,21.260000228881836,20.809999465942383,20.979999542236328,2759000,0.0,0.0
2010-07-29 00:00:00-04:00,21.06999969482422,21.270000457763672,20.450000762939453,20.889999389648438,2791600,0.0,0.0
2010-07-30 00:00:00-04:00,20.540000915527344,21.239999771118164,20.329999923706055,21.100000381469727,2424700,0.0,0.0
2010-08-02 00:00:00-04:00,21.469999313354492,21.84000015258789,21.0,21.709999084472656,3028200,0.0,0.0
2010-08-03 00:00:00-04:00,21.6200008392334,21.6200008392334,21.0,21.280000686645508,2289000,0.0,0.0
2010-08-04 00:00:00-04:00,21.34000015258789,21.510000228881836,21.1200008392334,21.43000030517578,1472300,0.0,0.0
2010-08-05 00:00:00-04:00,21.209999084472656,21.209999084472656,20.790000915527344,21.110000610351562,1445600,0.0,0.0
2010-08-06 00:00:00-04:00,20.809999465942383,20.979999542236328,20.360000610351562,20.799999237060547,2338100,0.0,0.0
2010-08-09 00:00:00-04:00,20.84000015258789,21.829999923706055,20.84000015258789,21.829999923706055,2849500,0.0,0.0
2010-08-10 00:00:00-04:00,21.510000228881836,21.809999465942383,21.25,21.540000915527344,3276700,0.0,0.0
2010-08-11 00:00:00-04:00,21.030000686645508,21.420000076293945,20.850000381469727,20.93000030517578,2598400,0.0,0.0
2010-08-12 00:00:00-04:00,20.510000228881836,21.049999237060547,20.329999923706055,20.889999389648438,2227800,0.0,0.0
2010-08-13 00:00:00-04:00,20.770000457763672,21.139999389648438,20.6299991607666,20.81999969482422,1659100,0.0,0.0
2010-08-16 00:00:00-04:00,20.6200008392334,21.3700008392334,20.530000686645508,20.809999465942383,1432500,0.0,0.0
2010-08-17 00:00:00-04:00,21.100000381469727,21.229999542236328,20.8799991607666,21.06999969482422,1622600,0.0,0.0
2010-08-18 00:00:00-04:00,21.020000457763672,21.739999771118164,20.780000686645508,21.6299991607666,2693800,0.0,0.0
2010-08-19 00:00:00-04:00,21.5,21.690000534057617,21.049999237060547,21.170000076293945,2396200,0.0,0.0
2010-08-20 00:00:00-04:00,21.010000228881836,21.59000015258789,20.899999618530273,21.559999465942383,2580800,0.0,0.0
2010-08-23 00:00:00-04:00,21.56999969482422,21.850000381469727,20.84000015258789,20.84000015258789,1525200,0.0,0.0
2010-08-24 00:00:00-04:00,20.5,20.920000076293945,20.079999923706055,20.68000030517578,2069900,0.0,0.0
2010-08-25 00:00:00-04:00,20.540000915527344,20.920000076293945,20.229999542236328,20.81999969482422,1390700,0.0,0.0
2010-08-26 00:00:00-04:00,20.850000381469727,21.010000228881836,20.459999084472656,20.479999542236328,1078200,0.0,0.0
2010-08-27 00:00:00-04:00,20.690000534057617,20.93000030517578,20.200000762939453,20.850000381469727,1246200,0.0,0.0
2010-08-30 00:00:00-04:00,20.790000915527344,20.889999389648438,20.260000228881836,20.280000686645508,1175000,0.0,0.0
2010-08-31 00:00:00-04:00,20.100000381469727,20.489999771118164,19.75,19.93000030517578,2242900,0.0,0.0
2010-09-01 00:00:00-04:00,20.239999771118164,20.979999542236328,20.239999771118164,20.780000686645508,1866200,0.0,0.0
2010-09-02 00:00:00-04:00,20.84000015258789,21.450000762939453,20.84000015258789,21.43000030517578,1079500,0.0,0.0
2010-09-03 00:00:00-04:00,21.770000457763672,22.059999465942383,21.3700008392334,21.700000762939453,1396600,0.0,0.0
2010-09-07 00:00:00-04:00,21.559999465942383,21.6299991607666,21.260000228881836,21.280000686645508,1085800,0.0,0.0
2010-09-08 00:00:00-04:00,21.389999389648438,22.5,21.329999923706055,22.280000686645508,3345800,0.0,0.0
2010-09-09 00:00:00-04:00,22.65999984741211,22.690000534057617,21.84000015258789,22.010000228881836,2112800,0.0,0.0
2010-09-10 00:00:00-04:00,22.049999237060547,22.43000030517578,22.010000228881836,22.389999389648438,1406800,0.0,0.0
2010-09-13 00:00:00-04:00,22.969999313354492,23.5,22.8799991607666,23.110000610351562,2132700,0.0,0.0
2010-09-14 00:00:00-04:00,23.09000015258789,23.84000015258789,23.09000015258789,23.540000915527344,2557100,0.0,0.0
2010-09-15 00:00:00-04:00,23.360000610351562,23.809999465942383,23.219999313354492,23.780000686645508,2165200,0.0,0.0
2010-09-16 00:00:00-04:00,23.68000030517578,23.68000030517578,23.31999969482422,23.479999542236328,1954600,0.0,0.0
2010-09-17 00:00:00-04:00,23.649999618530273,23.8700008392334,23.059999465942383,23.649999618530273,4492500,0.0,0.0
2010-09-20 00:00:00-04:00,24.260000228881836,24.799999237060547,23.889999389648438,23.889999389648438,5795000,0.0,0.0
2010-09-21 00:00:00-04:00,24.0,24.270000457763672,23.829999923706055,24.1200008392334,2520500,0.0,0.0
2010-09-22 00:00:00-04:00,24.950000762939453,26.190000534057617,24.93000030517578,26.15999984741211,9557200,0.0,0.0
2010-09-23 00:00:00-04:00,25.739999771118164,27.18000030517578,25.65999984741211,26.989999771118164,5778800,0.0,0.0
2010-09-24 00:00:00-04:00,27.040000915527344,27.510000228881836,26.690000534057617,27.350000381469727,3567300,0.0,0.0
2010-09-27 00:00:00-04:00,27.579999923706055,27.6200008392334,27.200000762939453,27.420000076293945,2587600,0.0,0.0
2010-09-28 00:00:00-04:00,27.440000534057617,27.6299991607666,26.90999984741211,27.510000228881836,3400600,0.0,0.0
2010-09-29 00:00:00-04:00,27.280000686645508,27.700000762939453,27.149999618530273,27.68000030517578,3220100,0.0,0.0
2010-09-30 00:00:00-04:00,27.75,27.989999771118164,27.5,27.860000610351562,2794600,0.0,0.0
2010-10-01 00:00:00-04:00,27.950000762939453,28.219999313354492,27.479999542236328,27.790000915527344,2605800,0.0,0.0
2010-10-04 00:00:00-04:00,27.649999618530273,27.989999771118164,27.25,27.729999542236328,4061000,0.0,0.0
2010-10-05 00:00:00-04:00,28.0,28.09000015258789,27.510000228881836,27.770000457763672,3690800,0.0,0.0
2010-10-06 00:00:00-04:00,27.68000030517578,27.90999984741211,27.5,27.860000610351562,3005600,0.0,0.0
2010-10-07 00:00:00-04:00,27.90999984741211,28.079999923706055,27.59000015258789,28.079999923706055,2288200,0.0,0.0
2010-10-08 00:00:00-04:00,28.18000030517578,30.049999237060547,28.15999984741211,29.649999618530273,5165900,0.0,0.0
2010-10-11 00:00:00-04:00,29.600000381469727,29.889999389648438,29.389999389648438,29.68000030517578,2139900,0.0,0.0
2010-10-12 00:00:00-04:00,29.450000762939453,29.68000030517578,29.1299991607666,29.43000030517578,2550500,0.0,0.0
2010-10-13 00:00:00-04:00,29.739999771118164,29.850000381469727,29.260000228881836,29.459999084472656,2776600,0.0,0.0
2010-10-14 00:00:00-04:00,29.43000030517578,29.59000015258789,29.040000915527344,29.459999084472656,2824400,0.0,0.0
2010-10-15 00:00:00-04:00,29.780000686645508,29.860000610351562,29.329999923706055,29.65999984741211,2492300,0.0,0.0
2010-10-18 00:00:00-04:00,29.56999969482422,29.56999969482422,28.979999542236328,29.389999389648438,2184500,0.0,0.0
2010-10-19 00:00:00-04:00,29.020000457763672,29.59000015258789,28.700000762939453,29.559999465942383,4123800,0.0,0.0
2010-10-20 00:00:00-04:00,29.649999618530273,29.989999771118164,29.40999984741211,29.709999084472656,1473500,0.0,0.0
2010-10-21 00:00:00-04:00,29.84000015258789,30.100000381469727,28.959999084472656,29.280000686645508,2357700,0.0,0.0
2010-10-22 00:00:00-04:00,29.3799991607666,29.540000915527344,29.15999984741211,29.540000915527344,1352900,0.0,0.0
2010-10-25 00:00:00-04:00,29.649999618530273,29.950000762939453,29.559999465942383,29.790000915527344,1623800,0.0,0.0
2010-10-26 00:00:00-04:00,29.579999923706055,30.139999389648438,29.329999923706055,29.899999618530273,1690700,0.0,0.0
2010-10-27 00:00:00-04:00,29.639999389648438,29.739999771118164,29.149999618530273,29.639999389648438,1608000,0.0,0.0
2010-10-28 00:00:00-04:00,29.809999465942383,29.899999618530273,29.229999542236328,29.479999542236328,1225200,0.0,0.0
2010-10-29 00:00:00-04:00,29.549999237060547,31.09000015258789,29.549999237060547,30.989999771118164,2765000,0.0,0.0
2010-11-01 00:00:00-04:00,31.139999389648438,31.170000076293945,30.329999923706055,30.520000457763672,1652500,0.0,0.0
2010-11-02 00:00:00-04:00,30.860000610351562,31.229999542236328,30.3799991607666,31.010000228881836,1552600,0.0,0.0
2010-11-03 00:00:00-04:00,31.100000381469727,31.450000762939453,30.729999542236328,31.440000534057617,1554800,0.0,0.0
2010-11-04 00:00:00-04:00,31.899999618530273,32.09000015258789,31.690000534057617,32.0099983215332,2135500,0.0,0.0
2010-11-05 00:00:00-04:00,32.119998931884766,32.939998626708984,32.11000061035156,32.349998474121094,2082000,0.0,0.0
2010-11-08 00:00:00-05:00,32.209999084472656,32.93000030517578,32.15999984741211,32.880001068115234,1566100,0.0,0.0
2010-11-09 00:00:00-05:00,32.90999984741211,33.15999984741211,32.119998931884766,32.369998931884766,1520200,0.0,0.0
2010-11-10 00:00:00-05:00,32.45000076293945,34.369998931884766,32.380001068115234,33.650001525878906,3715500,0.0,0.0
2010-11-11 00:00:00-05:00,33.470001220703125,33.90999984741211,33.099998474121094,33.7400016784668,1505500,0.0,0.0
2010-11-12 00:00:00-05:00,33.4900016784668,33.810001373291016,32.81999969482422,33.0,1520600,0.0,0.0
2010-11-15 00:00:00-05:00,33.099998474121094,33.4900016784668,32.83000183105469,32.86000061035156,1072300,0.0,0.0
2010-11-16 00:00:00-05:00,32.59000015258789,32.880001068115234,31.799999237060547,32.04999923706055,2214000,0.0,0.0
2010-11-17 00:00:00-05:00,32.060001373291016,32.40999984741211,31.940000534057617,32.2400016784668,2175400,0.0,0.0
2010-11-18 00:00:00-05:00,32.54999923706055,33.0,32.43000030517578,32.5099983215332,1604700,0.0,0.0
2010-11-19 00:00:00-05:00,32.470001220703125,32.619998931884766,32.0,32.560001373291016,1345800,0.0,0.0
2010-11-22 00:00:00-05:00,32.400001525878906,33.22999954223633,32.36000061035156,33.189998626708984,2075800,0.0,0.0
2010-11-23 00:00:00-05:00,32.81999969482422,33.220001220703125,32.470001220703125,32.810001373291016,1261700,0.0,0.0
2010-11-24 00:00:00-05:00,33.06999969482422,33.45000076293945,32.97999954223633,33.369998931884766,1595700,0.0,0.0
2010-11-26 00:00:00-05:00,33.130001068115234,33.25,32.900001525878906,33.060001373291016,510400,0.0,0.0
2010-11-29 00:00:00-05:00,32.84000015258789,32.90999984741211,32.349998474121094,32.810001373291016,1784500,0.0,0.0
2010-11-30 00:00:00-05:00,32.5,33.099998474121094,32.27000045776367,32.900001525878906,1381100,0.0,0.0
2010-12-01 00:00:00-05:00,33.380001068115234,33.689998626708984,33.18000030517578,33.54999923706055,1855100,0.0,0.0
2010-12-02 00:00:00-05:00,33.52000045776367,33.81999969482422,33.29999923706055,33.63999938964844,2153600,0.0,0.0
2010-12-03 00:00:00-05:00,33.41999816894531,34.650001525878906,33.290000915527344,34.54999923706055,2463400,0.0,0.0
2010-12-06 00:00:00-05:00,34.5,34.54999923706055,34.189998626708984,34.45000076293945,1499400,0.0,0.0
2010-12-07 00:00:00-05:00,34.900001525878906,35.220001220703125,34.45000076293945,34.529998779296875,1785100,0.0,0.0
2010-12-08 00:00:00-05:00,34.66999816894531,34.9900016784668,34.369998931884766,34.529998779296875,1141300,0.0,0.0
2010-12-09 00:00:00-05:00,34.09000015258789,34.7400016784668,33.61000061035156,34.59000015258789,1714300,0.0,0.0
2010-12-10 00:00:00-05:00,34.61000061035156,34.65999984741211,34.040000915527344,34.52000045776367,1567900,0.0,0.0
2010-12-13 00:00:00-05:00,34.61000061035156,34.95000076293945,34.27000045776367,34.619998931884766,2663600,0.0,0.0
2010-12-14 00:00:00-05:00,34.599998474121094,34.790000915527344,34.34000015258789,34.5,1596400,0.0,0.0
2010-12-15 00:00:00-05:00,34.5,34.970001220703125,34.33000183105469,34.7400016784668,1410300,0.0,0.0
2010-12-16 00:00:00-05:00,34.7599983215332,35.04999923706055,34.58000183105469,35.029998779296875,1928200,0.0,0.0
2010-12-17 00:00:00-05:00,34.720001220703125,35.52000045776367,34.65999984741211,35.5099983215332,4121000,0.0,0.0
2010-12-20 00:00:00-05:00,35.77000045776367,36.0,35.16999816894531,35.900001525878906,2922700,0.0,0.0
2010-12-21 00:00:00-05:00,34.459999084472656,34.5,32.20000076293945,33.16999816894531,11181300,0.0,0.0
2010-12-22 00:00:00-05:00,33.130001068115234,33.18000030517578,32.029998779296875,32.29999923706055,3897500,0.0,0.0
2010-12-23 00:00:00-05:00,32.34000015258789,32.77000045776367,32.34000015258789,32.59000015258789,2267800,0.0,0.0
2010-12-27 00:00:00-05:00,32.38999938964844,32.45000076293945,31.84000015258789,32.16999816894531,1564100,0.0,0.0
2010-12-28 00:00:00-05:00,32.16999816894531,32.290000915527344,31.670000076293945,31.84000015258789,1396900,0.0,0.0
2010-12-29 00:00:00-05:00,31.93000030517578,32.54999923706055,31.8700008392334,32.36000061035156,1406600,0.0,0.0
2010-12-30 00:00:00-05:00,32.41999816894531,32.650001525878906,32.189998626708984,32.25,1191500,0.0,0.0
2010-12-31 00:00:00-05:00,32.189998626708984,32.189998626708984,31.639999389648438,31.8799991607666,1154000,0.0,0.0
2011-01-03 00:00:00-05:00,31.8700008392334,32.540000915527344,31.489999771118164,32.400001525878906,2280400,0.0,0.0
2011-01-04 00:00:00-05:00,32.54999923706055,32.54999923706055,31.31999969482422,31.420000076293945,1778700,0.0,0.0
2011-01-05 00:00:00-05:00,31.459999084472656,32.290000915527344,31.18000030517578,32.27000045776367,2455700,0.0,0.0
2011-01-06 00:00:00-05:00,32.209999084472656,32.33000183105469,31.559999465942383,31.700000762939453,1938200,0.0,0.0
2011-01-07 00:00:00-05:00,31.799999237060547,31.84000015258789,31.100000381469727,31.530000686645508,1915000,0.0,0.0
2011-01-10 00:00:00-05:00,31.40999984741211,32.529998779296875,31.389999389648438,32.41999816894531,2938300,0.0,0.0
2011-01-11 00:00:00-05:00,32.470001220703125,32.790000915527344,31.920000076293945,32.380001068115234,1460200,0.0,0.0
2011-01-12 00:00:00-05:00,32.43000030517578,32.939998626708984,32.15999984741211,32.369998931884766,1777500,0.0,0.0
2011-01-13 00:00:00-05:00,32.22999954223633,32.400001525878906,32.0099983215332,32.380001068115234,1453800,0.0,0.0
2011-01-14 00:00:00-05:00,32.33000183105469,32.52000045776367,32.08000183105469,32.470001220703125,1765700,0.0,0.0
2011-01-18 00:00:00-05:00,32.27000045776367,32.459999084472656,31.950000762939453,32.040000915527344,1531600,0.0,0.0
2011-01-19 00:00:00-05:00,32.029998779296875,32.150001525878906,31.809999465942383,31.989999771118164,1489300,0.0,0.0
2011-01-20 00:00:00-05:00,31.81999969482422,32.11000061035156,31.690000534057617,31.899999618530273,2085400,0.0,0.0
2011-01-21 00:00:00-05:00,32.63999938964844,32.869998931884766,32.18000030517578,32.439998626708984,3245200,0.0,0.0
2011-01-24 00:00:00-05:00,32.349998474121094,32.400001525878906,31.8799991607666,32.2400016784668,1845600,0.0,0.0
2011-01-25 00:00:00-05:00,32.20000076293945,32.209999084472656,31.489999771118164,32.060001373291016,1263400,0.0,0.0
2011-01-26 00:00:00-05:00,32.18000030517578,32.41999816894531,31.940000534057617,32.20000076293945,1851400,0.0,0.0
2011-01-27 00:00:00-05:00,32.7599983215332,33.63999938964844,32.709999084472656,32.90999984741211,2725700,0.0,0.0
2011-01-28 00:00:00-05:00,34.459999084472656,34.47999954223633,32.40999984741211,32.58000183105469,2426900,0.0,0.0
2011-01-31 00:00:00-05:00,32.66999816894531,32.880001068115234,32.220001220703125,32.650001525878906,1837300,0.0,0.0
2011-02-01 00:00:00-05:00,32.849998474121094,33.43000030517578,32.84000015258789,33.2400016784668,1756700,0.0,0.0
2011-02-02 00:00:00-05:00,33.11000061035156,33.29999923706055,32.56999969482422,32.619998931884766,1131000,0.0,0.0
2011-02-03 00:00:00-05:00,32.56999969482422,33.45000076293945,32.56999969482422,33.31999969482422,1817600,0.0,0.0
2011-02-04 00:00:00-05:00,33.400001525878906,34.04999923706055,33.29999923706055,34.02000045776367,2141400,0.0,0.0
2011-02-07 00:00:00-05:00,34.18000030517578,34.45000076293945,34.150001525878906,34.22999954223633,1375900,0.0,0.0
2011-02-08 00:00:00-05:00,34.0,34.40999984741211,33.88999938964844,34.38999938964844,1271300,0.0,0.0
2011-02-09 00:00:00-05:00,34.310001373291016,34.72999954223633,34.2599983215332,34.650001525878906,1467400,0.0,0.0
2011-02-10 00:00:00-05:00,34.43000030517578,34.83000183105469,34.209999084472656,34.83000183105469,1310500,0.0,0.0
2011-02-11 00:00:00-05:00,34.599998474121094,35.470001220703125,34.27000045776367,35.45000076293945,1939500,0.0,0.0
2011-02-14 00:00:00-05:00,35.369998931884766,35.599998474121094,35.040000915527344,35.41999816894531,1328000,0.0,0.0
2011-02-15 00:00:00-05:00,35.25,35.7599983215332,35.16999816894531,35.65999984741211,2210100,0.0,0.0
2011-02-16 00:00:00-05:00,35.72999954223633,36.86000061035156,35.72999954223633,36.599998474121094,2144500,0.0,0.0
2011-02-17 00:00:00-05:00,36.43000030517578,36.709999084472656,36.150001525878906,36.41999816894531,1145700,0.0,0.0
2011-02-18 00:00:00-05:00,36.5,37.02000045776367,36.310001373291016,36.83000183105469,1414800,0.0,0.0
2011-02-22 00:00:00-05:00,36.45000076293945,36.560001373291016,35.61000061035156,35.689998626708984,1749900,0.0,0.0
2011-02-23 00:00:00-05:00,35.70000076293945,35.75,34.15999984741211,34.59000015258789,1844200,0.0,0.0
2011-02-24 00:00:00-05:00,34.540000915527344,34.88999938964844,33.47999954223633,34.0099983215332,2727900,0.0,0.0
2011-02-25 00:00:00-05:00,34.88999938964844,36.0099983215332,34.619998931884766,35.25,1985400,0.0,0.0
2011-02-28 00:00:00-05:00,35.5099983215332,35.52000045776367,35.13999938964844,35.369998931884766,1333500,0.0,0.0
2011-03-01 00:00:00-05:00,35.59000015258789,35.97999954223633,34.470001220703125,34.630001068115234,1254000,0.0,0.0
2011-03-02 00:00:00-05:00,34.630001068115234,35.029998779296875,34.540000915527344,34.86000061035156,1262500,0.0,0.0
2011-03-03 00:00:00-05:00,35.209999084472656,35.43000030517578,35.060001373291016,35.380001068115234,1018100,0.0,0.0
2011-03-04 00:00:00-05:00,35.25,35.38999938964844,34.72999954223633,35.150001525878906,1107800,0.0,0.0
2011-03-07 00:00:00-05:00,35.33000183105469,35.41999816894531,34.189998626708984,34.400001525878906,1698700,0.0,0.0
2011-03-08 00:00:00-05:00,34.529998779296875,35.099998474121094,34.130001068115234,34.970001220703125,2094200,0.0,0.0
2011-03-09 00:00:00-05:00,34.86000061035156,35.41999816894531,34.59000015258789,35.20000076293945,949200,0.0,0.0
2011-03-10 00:00:00-05:00,34.54999923706055,34.560001373291016,32.88999938964844,33.400001525878906,3492500,0.0,0.0
2011-03-11 00:00:00-05:00,33.31999969482422,33.63999938964844,32.720001220703125,33.45000076293945,2127800,0.0,0.0
2011-03-14 00:00:00-04:00,33.09000015258789,33.209999084472656,32.5,32.849998474121094,2103700,0.0,0.0
2011-03-15 00:00:00-04:00,31.920000076293945,33.22999954223633,31.299999237060547,33.060001373291016,3078800,0.0,0.0
2011-03-16 00:00:00-04:00,32.939998626708984,33.099998474121094,32.380001068115234,32.7599983215332,1647200,0.0,0.0
2011-03-17 00:00:00-04:00,33.29999923706055,33.58000183105469,32.790000915527344,32.84000015258789,1579900,0.0,0.0
2011-03-18 00:00:00-04:00,33.310001373291016,33.459999084472656,32.650001525878906,33.119998931884766,2742700,0.0,0.0
2011-03-21 00:00:00-04:00,33.5,33.95000076293945,33.09000015258789,33.81999969482422,1308600,0.0,0.0
2011-03-22 00:00:00-04:00,33.75,33.75,32.61000061035156,32.630001068115234,2348600,0.0,0.0
2011-03-23 00:00:00-04:00,32.439998626708984,32.52000045776367,31.469999313354492,32.279998779296875,3205800,0.0,0.0
2011-03-24 00:00:00-04:00,32.5099983215332,32.709999084472656,32.27000045776367,32.470001220703125,2969200,0.0,0.0
2011-03-25 00:00:00-04:00,33.209999084472656,33.439998626708984,32.959999084472656,33.0099983215332,2119900,0.0,0.0
2011-03-28 00:00:00-04:00,33.15999984741211,33.47999954223633,32.880001068115234,33.0,1596100,0.0,0.0
2011-03-29 00:00:00-04:00,32.939998626708984,33.970001220703125,32.650001525878906,33.95000076293945,2047100,0.0,0.0
2011-03-30 00:00:00-04:00,34.279998779296875,34.630001068115234,33.54999923706055,34.59000015258789,2799400,0.0,0.0
2011-03-31 00:00:00-04:00,33.470001220703125,33.650001525878906,31.850000381469727,32.099998474121094,9312500,0.0,0.0
2011-04-01 00:00:00-04:00,32.380001068115234,33.08000183105469,32.13999938964844,32.529998779296875,4239900,0.0,0.0
2011-04-04 00:00:00-04:00,32.58000183105469,32.58000183105469,31.68000030517578,32.02000045776367,2877000,0.0,0.0
2011-04-05 00:00:00-04:00,31.920000076293945,33.27000045776367,31.829999923706055,32.619998931884766,3251700,0.0,0.0
2011-04-06 00:00:00-04:00,32.939998626708984,33.209999084472656,32.2400016784668,32.5,1753900,0.0,0.0
2011-04-07 00:00:00-04:00,32.33000183105469,32.84000015258789,32.15999984741211,32.29999923706055,1817500,0.0,0.0
2011-04-08 00:00:00-04:00,32.779998779296875,32.869998931884766,32.11000061035156,32.31999969482422,1559500,0.0,0.0
2011-04-11 00:00:00-04:00,32.27000045776367,32.540000915527344,31.729999542236328,31.829999923706055,1519600,0.0,0.0
2011-04-12 00:00:00-04:00,31.600000381469727,31.920000076293945,30.950000762939453,31.8700008392334,3082200,0.0,0.0
2011-04-13 00:00:00-04:00,31.889999389648438,32.41999816894531,31.809999465942383,32.29999923706055,1895800,0.0,0.0
2011-04-14 00:00:00-04:00,31.969999313354492,32.290000915527344,31.65999984741211,32.2599983215332,2135400,0.0,0.0
2011-04-15 00:00:00-04:00,32.349998474121094,33.45000076293945,32.279998779296875,33.20000076293945,3206100,0.0,0.0
2011-04-18 00:00:00-04:00,32.779998779296875,32.93000030517578,32.40999984741211,32.81999969482422,1967700,0.0,0.0
2011-04-19 00:00:00-04:00,32.84000015258789,33.02000045776367,32.25,32.31999969482422,1433300,0.0,0.0
2011-04-20 00:00:00-04:00,32.72999954223633,33.81999969482422,32.72999954223633,33.47999954223633,2822900,0.0,0.0
2011-04-21 00:00:00-04:00,33.59000015258789,33.68000030517578,33.34000015258789,33.529998779296875,1045700,0.0,0.0
2011-04-25 00:00:00-04:00,33.380001068115234,33.4900016784668,32.9900016784668,33.2400016784668,1334200,0.0,0.0
2011-04-26 00:00:00-04:00,33.22999954223633,33.470001220703125,32.91999816894531,33.0,2100000,0.0,0.0
2011-04-27 00:00:00-04:00,33.0099983215332,33.349998474121094,32.959999084472656,33.22999954223633,1486300,0.0,0.0
2011-04-28 00:00:00-04:00,33.099998474121094,33.599998474121094,33.099998474121094,33.529998779296875,1792400,0.0,0.0
2011-04-29 00:00:00-04:00,33.4900016784668,34.849998474121094,33.40999984741211,34.70000076293945,3260000,0.0,0.0
2011-05-02 00:00:00-04:00,34.79999923706055,35.0,34.15999984741211,34.2599983215332,1929500,0.0,0.0
2011-05-03 00:00:00-04:00,34.220001220703125,34.68000030517578,34.029998779296875,34.5,1363300,0.0,0.0
2011-05-04 00:00:00-04:00,34.40999984741211,34.7400016784668,34.029998779296875,34.4900016784668,1689100,0.0,0.0
2011-05-05 00:00:00-04:00,34.33000183105469,34.900001525878906,33.810001373291016,33.849998474121094,2760700,0.0,0.0
2011-05-06 00:00:00-04:00,33.0,33.130001068115234,31.549999237060547,31.809999465942383,8369100,0.0,0.0
2011-05-09 00:00:00-04:00,31.770000457763672,32.16999816894531,31.540000915527344,31.790000915527344,2410100,0.0,0.0
2011-05-10 00:00:00-04:00,31.979999542236328,32.209999084472656,31.65999984741211,31.920000076293945,1836900,0.0,0.0
2011-05-11 00:00:00-04:00,31.8700008392334,32.0,31.229999542236328,31.6200008392334,2694300,0.0,0.0
2011-05-12 00:00:00-04:00,31.3700008392334,31.690000534057617,31.1200008392334,31.360000610351562,2729800,0.0,0.0
2011-05-13 00:00:00-04:00,31.420000076293945,31.510000228881836,30.709999084472656,30.93000030517578,2913800,0.0,0.0
2011-05-16 00:00:00-04:00,30.850000381469727,30.850000381469727,30.399999618530273,30.6299991607666,2309100,0.0,0.0
2011-05-17 00:00:00-04:00,30.510000228881836,30.610000610351562,30.040000915527344,30.200000762939453,2032300,0.0,0.0
2011-05-18 00:00:00-04:00,30.299999237060547,30.360000610351562,30.1299991607666,30.200000762939453,2605700,0.0,0.0
2011-05-19 00:00:00-04:00,30.200000762939453,30.40999984741211,29.799999237060547,29.959999084472656,2756900,0.0,0.0
2011-05-20 00:00:00-04:00,29.860000610351562,29.90999984741211,29.360000610351562,29.389999389648438,2386500,0.0,0.0
2011-05-23 00:00:00-04:00,28.969999313354492,29.190000534057617,28.75,28.81999969482422,3287500,0.0,0.0
2011-05-24 00:00:00-04:00,29.0,29.079999923706055,28.81999969482422,28.829999923706055,2901500,0.0,0.0
2011-05-25 00:00:00-04:00,28.6200008392334,29.0,28.389999389648438,28.850000381469727,2282500,0.0,0.0
2011-05-26 00:00:00-04:00,28.81999969482422,29.34000015258789,28.6200008392334,29.190000534057617,2230300,0.0,0.0
2011-05-27 00:00:00-04:00,29.270000457763672,29.6200008392334,29.209999084472656,29.459999084472656,1461400,0.0,0.0
2011-05-31 00:00:00-04:00,29.700000762939453,29.700000762939453,29.389999389648438,29.65999984741211,2546100,0.0,0.0
2011-06-01 00:00:00-04:00,29.479999542236328,29.6299991607666,28.739999771118164,28.75,2448600,0.0,0.0
2011-06-02 00:00:00-04:00,28.690000534057617,28.81999969482422,28.010000228881836,28.059999465942383,2953400,0.0,0.0
2011-06-03 00:00:00-04:00,28.040000915527344,28.079999923706055,27.5,27.940000534057617,2758300,0.0,0.0
2011-06-06 00:00:00-04:00,27.780000686645508,27.8700008392334,27.389999389648438,27.40999984741211,3002600,0.0,0.0
2011-06-07 00:00:00-04:00,27.56999969482422,27.75,27.360000610351562,27.3700008392334,1581500,0.0,0.0
2011-06-08 00:00:00-04:00,27.270000457763672,27.270000457763672,26.479999542236328,26.6200008392334,3576900,0.0,0.0
2011-06-09 00:00:00-04:00,26.670000076293945,27.229999542236328,26.520000457763672,27.09000015258789,2014500,0.0,0.0
2011-06-10 00:00:00-04:00,26.979999542236328,27.030000686645508,26.3700008392334,26.84000015258789,2746100,0.0,0.0
2011-06-13 00:00:00-04:00,26.90999984741211,27.469999313354492,26.81999969482422,27.010000228881836,2449400,0.0,0.0
2011-06-14 00:00:00-04:00,27.309999465942383,28.549999237060547,27.260000228881836,28.43000030517578,3177500,0.0,0.0
2011-06-15 00:00:00-04:00,28.1200008392334,28.389999389648438,27.850000381469727,27.969999313354492,2236100,0.0,0.0
2011-06-16 00:00:00-04:00,27.940000534057617,28.790000915527344,27.93000030517578,28.760000228881836,3734700,0.0,0.0
2011-06-17 00:00:00-04:00,29.020000457763672,29.56999969482422,28.959999084472656,29.25,4073500,0.0,0.0
2011-06-20 00:00:00-04:00,29.010000228881836,29.5,28.75,29.280000686645508,3002900,0.0,0.0
2011-06-21 00:00:00-04:00,29.290000915527344,30.600000381469727,28.989999771118164,30.520000457763672,4836800,0.0,0.0
2011-06-22 00:00:00-04:00,33.150001525878906,33.4900016784668,32.2400016784668,32.65999984741211,9105200,0.0,0.0
2011-06-23 00:00:00-04:00,32.38999938964844,32.9900016784668,31.8700008392334,32.54999923706055,4574200,0.0,0.0
2011-06-24 00:00:00-04:00,32.54999923706055,32.61000061035156,31.739999771118164,31.93000030517578,4570500,0.0,0.0
2011-06-27 00:00:00-04:00,31.530000686645508,32.5099983215332,31.139999389648438,32.189998626708984,2919600,0.0,0.0
2011-06-28 00:00:00-04:00,32.29999923706055,33.2599983215332,32.29999923706055,32.79999923706055,2968200,0.0,0.0
2011-06-29 00:00:00-04:00,32.9900016784668,33.619998931884766,32.81999969482422,32.81999969482422,2957800,0.0,0.0
2011-06-30 00:00:00-04:00,32.970001220703125,33.33000183105469,32.86000061035156,33.06999969482422,2110300,0.0,0.0
2011-07-01 00:00:00-04:00,33.02000045776367,33.84000015258789,32.68000030517578,33.68000030517578,2339300,0.0,0.0
2011-07-05 00:00:00-04:00,33.63999938964844,34.0,33.29999923706055,33.66999816894531,1885000,0.0,0.0
2011-07-06 00:00:00-04:00,33.70000076293945,34.099998474121094,33.650001525878906,33.849998474121094,2364400,0.0,0.0
2011-07-07 00:00:00-04:00,34.15999984741211,34.810001373291016,34.15999984741211,34.7400016784668,2815200,0.0,0.0
2011-07-08 00:00:00-04:00,34.25,34.45000076293945,34.04999923706055,34.43000030517578,1740600,0.0,0.0
2011-07-11 00:00:00-04:00,33.88999938964844,33.91999816894531,33.130001068115234,33.529998779296875,2135700,0.0,0.0
2011-07-12 00:00:00-04:00,33.689998626708984,33.79999923706055,32.97999954223633,33.099998474121094,3330400,0.0,0.0
2011-07-13 00:00:00-04:00,33.36000061035156,33.619998931884766,32.66999816894531,32.810001373291016,3075400,0.0,0.0
2011-07-14 00:00:00-04:00,32.97999954223633,33.189998626708984,32.310001373291016,32.470001220703125,2586300,0.0,0.0
2011-07-15 00:00:00-04:00,32.599998474121094,32.599998474121094,32.02000045776367,32.470001220703125,2117900,0.0,0.0
2011-07-18 00:00:00-04:00,32.380001068115234,32.40999984741211,31.90999984741211,32.150001525878906,2015300,0.0,0.0
2011-07-19 00:00:00-04:00,32.380001068115234,32.4900016784668,31.809999465942383,32.13999938964844,3287700,0.0,0.0
2011-07-20 00:00:00-04:00,32.29999923706055,32.29999923706055,31.850000381469727,32.04999923706055,1777900,0.0,0.0
2011-07-21 00:00:00-04:00,32.33000183105469,32.7400016784668,32.22999954223633,32.380001068115234,2305500,0.0,0.0
2011-07-22 00:00:00-04:00,32.18000030517578,32.58000183105469,32.16999816894531,32.5,1893000,0.0,0.0
2011-07-25 00:00:00-04:00,32.08000183105469,32.54999923706055,31.920000076293945,32.5099983215332,2364200,0.0,0.0
2011-07-26 00:00:00-04:00,32.38999938964844,33.2599983215332,32.16999816894531,33.13999938964844,2785900,0.0,0.0
2011-07-27 00:00:00-04:00,32.79999923706055,33.08000183105469,32.45000076293945,32.68000030517578,4205600,0.0,0.0
2011-07-28 00:00:00-04:00,32.70000076293945,33.09000015258789,32.20000076293945,32.279998779296875,2077800,0.0,0.0
2011-07-29 00:00:00-04:00,31.899999618530273,32.29999923706055,31.440000534057617,31.969999313354492,1750100,0.0,0.0
2011-08-01 00:00:00-04:00,32.25,32.349998474121094,30.90999984741211,31.31999969482422,2244600,0.0,0.0
2011-08-02 00:00:00-04:00,31.06999969482422,31.540000915527344,30.059999465942383,30.100000381469727,2507400,0.0,0.0
2011-08-03 00:00:00-04:00,30.030000686645508,30.270000457763672,29.170000076293945,30.209999084472656,2278000,0.0,0.0
2011-08-04 00:00:00-04:00,29.739999771118164,29.770000457763672,28.329999923706055,28.350000381469727,2879100,0.0,0.0
2011-08-05 00:00:00-04:00,28.65999984741211,29.06999969482422,27.440000534057617,28.850000381469727,5580700,0.0,0.0
2011-08-08 00:00:00-04:00,28.0,28.360000610351562,25.940000534057617,26.43000030517578,4832600,0.0,0.0
2011-08-09 00:00:00-04:00,26.81999969482422,27.329999923706055,25.25,27.329999923706055,4451500,0.0,0.0
2011-08-10 00:00:00-04:00,26.760000228881836,27.639999389648438,26.139999389648438,26.479999542236328,5295900,0.0,0.0
2011-08-11 00:00:00-04:00,26.59000015258789,28.0,26.260000228881836,27.6299991607666,3488400,0.0,0.0
2011-08-12 00:00:00-04:00,27.90999984741211,28.100000381469727,27.0,28.0,2458000,0.0,0.0
2011-08-15 00:00:00-04:00,28.190000534057617,28.360000610351562,27.739999771118164,28.139999389648438,1930400,0.0,0.0
2011-08-16 00:00:00-04:00,27.760000228881836,27.81999969482422,27.079999923706055,27.270000457763672,2518300,0.0,0.0
2011-08-17 00:00:00-04:00,27.469999313354492,27.799999237060547,26.59000015258789,27.09000015258789,1801500,0.0,0.0
2011-08-18 00:00:00-04:00,26.1200008392334,26.25,25.18000030517578,25.920000076293945,3170800,0.0,0.0
2011-08-19 00:00:00-04:00,25.489999771118164,26.700000762939453,25.34000015258789,25.489999771118164,2442600,0.0,0.0
2011-08-22 00:00:00-04:00,26.09000015258789,26.170000076293945,25.540000915527344,25.649999618530273,2513100,0.0,0.0
2011-08-23 00:00:00-04:00,25.719999313354492,26.6200008392334,25.329999923706055,26.450000762939453,2182500,0.0,0.0
2011-08-24 00:00:00-04:00,26.209999084472656,26.760000228881836,25.829999923706055,26.68000030517578,2275000,0.0,0.0
2011-08-25 00:00:00-04:00,26.8700008392334,27.139999389648438,25.8799991607666,25.969999313354492,1999600,0.0,0.0
2011-08-26 00:00:00-04:00,25.790000915527344,26.360000610351562,25.270000457763672,26.1299991607666,2040300,0.0,0.0
2011-08-29 00:00:00-04:00,26.420000076293945,27.59000015258789,26.329999923706055,27.59000015258789,2351800,0.0,0.0
2011-08-30 00:00:00-04:00,27.420000076293945,27.950000762939453,27.040000915527344,27.780000686645508,1639200,0.0,0.0
2011-08-31 00:00:00-04:00,27.90999984741211,28.770000457763672,27.90999984741211,28.110000610351562,3707500,0.0,0.0
2011-09-01 00:00:00-04:00,27.299999237060547,28.059999465942383,27.010000228881836,27.450000762939453,3447800,0.0,0.0
2011-09-02 00:00:00-04:00,26.700000762939453,27.290000915527344,26.440000534057617,26.459999084472656,2123400,0.0,0.0
2011-09-06 00:00:00-04:00,25.65999984741211,26.56999969482422,25.3700008392334,26.510000228881836,3032200,0.0,0.0
2011-09-07 00:00:00-04:00,26.889999389648438,27.610000610351562,26.65999984741211,27.479999542236328,1995800,0.0,0.0
2011-09-08 00:00:00-04:00,27.18000030517578,27.559999465942383,26.809999465942383,26.950000762939453,3074900,0.0,0.0
2011-09-09 00:00:00-04:00,26.670000076293945,27.079999923706055,25.979999542236328,26.31999969482422,3356400,0.0,0.0
2011-09-12 00:00:00-04:00,26.030000686645508,26.780000686645508,25.8799991607666,26.75,3548900,0.0,0.0
2011-09-13 00:00:00-04:00,26.75,27.18000030517578,26.43000030517578,26.950000762939453,3137700,0.0,0.0
2011-09-14 00:00:00-04:00,27.1299991607666,27.989999771118164,26.520000457763672,27.709999084472656,3333000,0.0,0.0
2011-09-15 00:00:00-04:00,27.989999771118164,28.770000457763672,27.690000534057617,28.540000915527344,3392400,0.0,0.0
2011-09-16 00:00:00-04:00,28.920000076293945,29.790000915527344,28.889999389648438,29.3799991607666,4573800,0.0,0.0
2011-09-19 00:00:00-04:00,28.709999084472656,28.899999618530273,28.25,28.719999313354492,3696700,0.0,0.0
2011-09-20 00:00:00-04:00,28.75,29.18000030517578,28.059999465942383,28.079999923706055,3020400,0.0,0.0
2011-09-21 00:00:00-04:00,28.149999618530273,28.389999389648438,27.309999465942383,27.43000030517578,3150200,0.0,0.0
2011-09-22 00:00:00-04:00,25.100000381469727,25.989999771118164,23.850000381469727,24.40999984741211,12819800,0.0,0.0
2011-09-23 00:00:00-04:00,24.030000686645508,24.579999923706055,24.0,24.1200008392334,4011500,0.0,0.0
2011-09-26 00:00:00-04:00,24.399999618530273,25.079999923706055,24.030000686645508,25.040000915527344,3255200,0.0,0.0
2011-09-27 00:00:00-04:00,25.84000015258789,26.049999237060547,25.31999969482422,25.559999465942383,3674000,0.0,0.0
2011-09-28 00:00:00-04:00,25.510000228881836,25.600000381469727,23.90999984741211,24.010000228881836,3682200,0.0,0.0
2011-09-29 00:00:00-04:00,24.56999969482422,24.690000534057617,23.239999771118164,24.0,4265200,0.0,0.0
2011-09-30 00:00:00-04:00,23.700000762939453,24.540000915527344,23.6299991607666,23.850000381469727,3977100,0.0,0.0
2011-10-03 00:00:00-04:00,23.639999389648438,23.940000534057617,23.18000030517578,23.40999984741211,5520500,0.0,0.0
2011-10-04 00:00:00-04:00,22.860000610351562,24.299999237060547,22.770000457763672,24.280000686645508,3709700,0.0,0.0
2011-10-05 00:00:00-04:00,23.969999313354492,24.1200008392334,23.3700008392334,24.040000915527344,3465700,0.0,0.0
2011-10-06 00:00:00-04:00,23.8700008392334,25.079999923706055,23.8700008392334,25.06999969482422,3211900,0.0,0.0
2011-10-07 00:00:00-04:00,25.270000457763672,26.030000686645508,25.270000457763672,25.579999923706055,3135500,0.0,0.0
2011-10-10 00:00:00-04:00,26.020000457763672,26.889999389648438,26.020000457763672,26.860000610351562,2917200,0.0,0.0
2011-10-11 00:00:00-04:00,26.729999542236328,28.010000228881836,26.469999313354492,27.860000610351562,3413600,0.0,0.0
2011-10-12 00:00:00-04:00,28.040000915527344,28.649999618530273,27.329999923706055,28.15999984741211,3356100,0.0,0.0
2011-10-13 00:00:00-04:00,28.079999923706055,28.280000686645508,27.239999771118164,27.670000076293945,2120200,0.0,0.0
2011-10-14 00:00:00-04:00,28.200000762939453,28.31999969482422,27.760000228881836,28.190000534057617,1798000,0.0,0.0
2011-10-17 00:00:00-04:00,28.110000610351562,28.260000228881836,27.200000762939453,27.270000457763672,1977400,0.0,0.0
2011-10-18 00:00:00-04:00,27.799999237060547,28.290000915527344,26.969999313354492,28.06999969482422,2789000,0.0,0.0
2011-10-19 00:00:00-04:00,28.040000915527344,28.3799991607666,27.719999313354492,27.889999389648438,1895300,0.0,0.0
2011-10-20 00:00:00-04:00,27.969999313354492,28.299999237060547,27.3799991607666,27.950000762939453,1929900,0.0,0.0
2011-10-21 00:00:00-04:00,28.399999618530273,29.6200008392334,28.399999618530273,29.559999465942383,2796600,0.0,0.0
2011-10-24 00:00:00-04:00,30.229999542236328,31.5,29.8700008392334,31.440000534057617,4063500,0.0,0.0
2011-10-25 00:00:00-04:00,31.0,31.260000228881836,30.670000076293945,30.729999542236328,3313400,0.0,0.0
2011-10-26 00:00:00-04:00,31.209999084472656,31.34000015258789,30.079999923706055,30.280000686645508,3410600,0.0,0.0
2011-10-27 00:00:00-04:00,31.389999389648438,31.729999542236328,30.93000030517578,31.31999969482422,4176000,0.0,0.0
2011-10-28 00:00:00-04:00,31.280000686645508,31.399999618530273,30.549999237060547,30.809999465942383,1645000,0.0,0.0
2011-10-31 00:00:00-04:00,30.3799991607666,30.549999237060547,30.020000457763672,30.059999465942383,1838200,0.0,0.0
2011-11-01 00:00:00-04:00,29.0,29.989999771118164,29.0,29.56999969482422,1936900,0.0,0.0
2011-11-02 00:00:00-04:00,30.25,30.59000015258789,29.770000457763672,30.219999313354492,1193000,0.0,0.0
2011-11-03 00:00:00-04:00,31.18000030517578,31.219999313354492,29.93000030517578,30.739999771118164,1711300,0.0,0.0
2011-11-04 00:00:00-04:00,30.389999389648438,30.389999389648438,29.139999389648438,29.860000610351562,2933400,0.0,0.0
2011-11-07 00:00:00-05:00,29.969999313354492,30.139999389648438,29.190000534057617,29.8700008392334,2774100,0.0,0.0
2011-11-08 00:00:00-05:00,30.100000381469727,30.209999084472656,28.950000762939453,29.56999969482422,2212500,0.0,0.0
2011-11-09 00:00:00-05:00,28.8799991607666,29.15999984741211,28.25,28.469999313354492,2232600,0.0,0.0
2011-11-10 00:00:00-05:00,29.040000915527344,29.280000686645508,28.1200008392334,28.3799991607666,2022000,0.0,0.0
2011-11-11 00:00:00-05:00,28.75,28.899999618530273,28.260000228881836,28.399999618530273,2641300,0.0,0.0
2011-11-14 00:00:00-05:00,28.260000228881836,28.540000915527344,27.829999923706055,28.010000228881836,2334400,0.0,0.0
2011-11-15 00:00:00-05:00,27.969999313354492,28.6200008392334,27.93000030517578,28.3799991607666,2378100,0.0,0.0
2011-11-16 00:00:00-05:00,28.260000228881836,28.760000228881836,28.020000457763672,28.18000030517578,2190000,0.0,0.0
2011-11-17 00:00:00-05:00,28.010000228881836,28.280000686645508,27.610000610351562,27.8700008392334,2669700,0.0,0.0
2011-11-18 00:00:00-05:00,28.049999237060547,28.100000381469727,27.549999237060547,27.6200008392334,1793400,0.0,0.0
2011-11-21 00:00:00-05:00,27.049999237060547,27.440000534057617,26.850000381469727,27.270000457763672,1788700,0.0,0.0
2011-11-22 00:00:00-05:00,27.260000228881836,27.75,27.059999465942383,27.530000686645508,1741700,0.0,0.0
2011-11-23 00:00:00-05:00,27.18000030517578,27.290000915527344,26.649999618530273,26.809999465942383,2034600,0.0,0.0
2011-11-25 00:00:00-05:00,26.760000228881836,27.440000534057617,26.709999084472656,27.020000457763672,1010300,0.0,0.0
2011-11-28 00:00:00-05:00,27.489999771118164,28.479999542236328,27.350000381469727,28.239999771118164,2217500,0.0,0.0
2011-11-29 00:00:00-05:00,28.350000381469727,28.809999465942383,28.049999237060547,28.479999542236328,1399800,0.0,0.0
2011-11-30 00:00:00-05:00,29.3799991607666,29.440000534057617,28.420000076293945,28.760000228881836,3594200,0.0,0.0
2011-12-01 00:00:00-05:00,28.600000381469727,29.309999465942383,28.440000534057617,29.18000030517578,1928800,0.0,0.0
2011-12-02 00:00:00-05:00,29.510000228881836,29.670000076293945,29.1200008392334,29.469999313354492,2354300,0.0,0.0
2011-12-05 00:00:00-05:00,29.940000534057617,32.0099983215332,29.93000030517578,31.200000762939453,4067200,0.0,0.0
2011-12-06 00:00:00-05:00,31.299999237060547,31.540000915527344,30.979999542236328,31.329999923706055,2184000,0.0,0.0
2011-12-07 00:00:00-05:00,31.06999969482422,31.559999465942383,30.809999465942383,31.290000915527344,2315400,0.0,0.0
2011-12-08 00:00:00-05:00,31.1299991607666,31.260000228881836,30.489999771118164,30.6299991607666,1860200,0.0,0.0
2011-12-09 00:00:00-05:00,30.690000534057617,31.299999237060547,30.59000015258789,31.149999618530273,2432100,0.0,0.0
2011-12-12 00:00:00-05:00,30.940000534057617,31.239999771118164,30.600000381469727,30.989999771118164,1555800,0.0,0.0
2011-12-13 00:00:00-05:00,31.149999618530273,31.3799991607666,30.209999084472656,30.43000030517578,1285500,0.0,0.0
2011-12-14 00:00:00-05:00,30.260000228881836,30.399999618530273,29.799999237060547,29.81999969482422,1522800,0.0,0.0
2011-12-15 00:00:00-05:00,30.299999237060547,30.540000915527344,30.010000228881836,30.049999237060547,3014800,0.0,0.0
2011-12-16 00:00:00-05:00,30.270000457763672,30.540000915527344,30.100000381469727,30.360000610351562,2721900,0.0,0.0
2011-12-19 00:00:00-05:00,30.639999389648438,31.1299991607666,30.020000457763672,30.139999389648438,2095200,0.0,0.0
2011-12-20 00:00:00-05:00,30.719999313354492,31.270000457763672,30.6299991607666,31.06999969482422,2378600,0.0,0.0
2011-12-21 00:00:00-05:00,29.8799991607666,29.899999618530273,28.530000686645508,29.350000381469727,5988400,0.0,0.0
2011-12-22 00:00:00-05:00,29.290000915527344,29.8799991607666,29.290000915527344,29.790000915527344,2200100,0.0,0.0
2011-12-23 00:00:00-05:00,29.809999465942383,30.309999465942383,29.75,30.299999237060547,1336900,0.0,0.0
2011-12-27 00:00:00-05:00,30.260000228881836,30.350000381469727,30.1200008392334,30.200000762939453,968400,0.0,0.0
2011-12-28 00:00:00-05:00,30.149999618530273,30.200000762939453,29.690000534057617,30.040000915527344,1728000,0.0,0.0
2011-12-29 00:00:00-05:00,30.170000076293945,30.90999984741211,30.139999389648438,30.81999969482422,1279800,0.0,0.0
2011-12-30 00:00:00-05:00,30.670000076293945,30.950000762939453,30.270000457763672,30.479999542236328,1130200,0.0,0.0
2012-01-03 00:00:00-05:00,30.81999969482422,31.1299991607666,30.389999389648438,30.520000457763672,2380200,0.0,0.0
2012-01-04 00:00:00-05:00,30.440000534057617,30.920000076293945,30.31999969482422,30.719999313354492,1465900,0.0,0.0
2012-01-05 00:00:00-05:00,30.540000915527344,31.030000686645508,29.989999771118164,30.90999984741211,2210200,0.0,0.0
2012-01-06 00:00:00-05:00,30.899999618530273,30.899999618530273,30.290000915527344,30.31999969482422,2338600,0.0,0.0
2012-01-09 00:00:00-05:00,30.440000534057617,30.440000534057617,29.850000381469727,30.079999923706055,2496400,0.0,0.0
2012-01-10 00:00:00-05:00,30.350000381469727,30.940000534057617,30.25,30.93000030517578,3208700,0.0,0.0
2012-01-11 00:00:00-05:00,30.889999389648438,31.809999465942383,30.860000610351562,31.75,1451900,0.0,0.0
2012-01-12 00:00:00-05:00,31.8799991607666,32.0099983215332,31.450000762939453,31.959999084472656,1300100,0.0,0.0
2012-01-13 00:00:00-05:00,31.799999237060547,32.900001525878906,31.799999237060547,32.63999938964844,2226200,0.0,0.0
2012-01-17 00:00:00-05:00,32.900001525878906,33.15999984741211,32.310001373291016,32.43000030517578,1375300,0.0,0.0
2012-01-18 00:00:00-05:00,32.41999816894531,33.119998931884766,32.29999923706055,33.02000045776367,1890900,0.0,0.0
2012-01-19 00:00:00-05:00,33.150001525878906,33.47999954223633,33.08000183105469,33.25,2301100,0.0,0.0
2012-01-20 00:00:00-05:00,33.08000183105469,33.209999084472656,32.380001068115234,32.45000076293945,2281000,0.0,0.0
2012-01-23 00:00:00-05:00,32.45000076293945,33.09000015258789,32.45000076293945,32.70000076293945,1658300,0.0,0.0
2012-01-24 00:00:00-05:00,32.4900016784668,32.75,32.40999984741211,32.56999969482422,1365800,0.0,0.0
2012-01-25 00:00:00-05:00,32.5099983215332,32.5099983215332,31.6200008392334,32.349998474121094,3460300,0.0,0.0
2012-01-26 00:00:00-05:00,32.56999969482422,32.619998931884766,31.59000015258789,31.770000457763672,1783700,0.0,0.0
2012-01-27 00:00:00-05:00,31.719999313354492,31.809999465942383,31.1200008392334,31.43000030517578,1843600,0.0,0.0
2012-01-30 00:00:00-05:00,31.260000228881836,31.479999542236328,31.139999389648438,31.290000915527344,1431700,0.0,0.0
2012-01-31 00:00:00-05:00,31.420000076293945,31.440000534057617,30.280000686645508,30.43000030517578,1982900,0.0,0.0
2012-02-01 00:00:00-05:00,30.75,30.84000015258789,30.469999313354492,30.5,2063900,0.0,0.0
2012-02-02 00:00:00-05:00,30.56999969482422,30.690000534057617,30.399999618530273,30.549999237060547,1464700,0.0,0.0
2012-02-03 00:00:00-05:00,30.270000457763672,30.549999237060547,29.510000228881836,29.700000762939453,6375000,0.0,0.0
2012-02-06 00:00:00-05:00,29.520000457763672,30.56999969482422,29.329999923706055,30.31999969482422,2556800,0.0,0.0
2012-02-07 00:00:00-05:00,30.049999237060547,30.40999984741211,29.530000686645508,30.360000610351562,1792900,0.0,0.0
2012-02-08 00:00:00-05:00,30.360000610351562,30.649999618530273,29.889999389648438,29.920000076293945,1547900,0.0,0.0
2012-02-09 00:00:00-05:00,29.989999771118164,30.43000030517578,29.709999084472656,30.40999984741211,1266000,0.0,0.0
2012-02-10 00:00:00-05:00,30.110000610351562,30.200000762939453,29.639999389648438,29.90999984741211,1535800,0.0,0.0
2012-02-13 00:00:00-05:00,30.1200008392334,30.34000015258789,29.559999465942383,29.6200008392334,1428100,0.0,0.0
2012-02-14 00:00:00-05:00,29.440000534057617,29.760000228881836,29.360000610351562,29.719999313354492,738900,0.0,0.0
2012-02-15 00:00:00-05:00,29.84000015258789,29.84000015258789,29.030000686645508,29.09000015258789,1832000,0.0,0.0
2012-02-16 00:00:00-05:00,29.06999969482422,29.760000228881836,29.06999969482422,29.65999984741211,1600500,0.0,0.0
2012-02-17 00:00:00-05:00,29.850000381469727,30.299999237060547,29.809999465942383,30.18000030517578,1429300,0.0,0.0
2012-02-21 00:00:00-05:00,30.200000762939453,30.350000381469727,29.8799991607666,29.950000762939453,1111700,0.0,0.0
2012-02-22 00:00:00-05:00,30.010000228881836,30.799999237060547,30.010000228881836,30.389999389648438,2014400,0.0,0.0
2012-02-23 00:00:00-05:00,30.34000015258789,30.510000228881836,30.06999969482422,30.219999313354492,1324000,0.0,0.0
2012-02-24 00:00:00-05:00,30.15999984741211,30.489999771118164,29.799999237060547,30.18000030517578,1020500,0.0,0.0
2012-02-27 00:00:00-05:00,29.969999313354492,30.780000686645508,29.84000015258789,30.670000076293945,1024200,0.0,0.0
2012-02-28 00:00:00-05:00,30.739999771118164,31.110000610351562,30.559999465942383,31.09000015258789,1265900,0.0,0.0
2012-02-29 00:00:00-05:00,31.079999923706055,31.219999313354492,30.68000030517578,30.690000534057617,1189200,0.0,0.0
2012-03-01 00:00:00-05:00,30.729999542236328,31.209999084472656,30.709999084472656,31.1200008392334,1092300,0.0,0.0
2012-03-02 00:00:00-05:00,32.59000015258789,33.150001525878906,32.150001525878906,32.2400016784668,4930400,0.0,0.0
2012-03-05 00:00:00-05:00,32.099998474121094,32.16999816894531,31.729999542236328,32.099998474121094,1891000,0.0,0.0
2012-03-06 00:00:00-05:00,31.690000534057617,32.2400016784668,31.510000228881836,32.06999969482422,2350400,0.0,0.0
2012-03-07 00:00:00-05:00,32.130001068115234,32.75,32.0,32.65999984741211,1994500,0.0,0.0
2012-03-08 00:00:00-05:00,33.060001373291016,33.880001068115234,32.83000183105469,33.58000183105469,2376100,0.0,0.0
2012-03-09 00:00:00-05:00,33.59000015258789,33.720001220703125,33.150001525878906,33.66999816894531,1671800,0.0,0.0
2012-03-12 00:00:00-04:00,33.619998931884766,33.91999816894531,33.2599983215332,33.380001068115234,1103200,0.0,0.0
2012-03-13 00:00:00-04:00,33.689998626708984,34.119998931884766,33.459999084472656,34.11000061035156,1018900,0.0,0.0
2012-03-14 00:00:00-04:00,34.04999923706055,34.439998626708984,33.959999084472656,34.279998779296875,842600,0.0,0.0
2012-03-15 00:00:00-04:00,34.18000030517578,34.56999969482422,34.02000045776367,34.5,817300,0.0,0.0
2012-03-16 00:00:00-04:00,34.56999969482422,34.7599983215332,34.18000030517578,34.209999084472656,1292500,0.0,0.0
2012-03-19 00:00:00-04:00,34.33000183105469,34.650001525878906,33.90999984741211,34.560001373291016,869700,0.0,0.0
2012-03-20 00:00:00-04:00,34.31999969482422,34.650001525878906,34.16999816894531,34.540000915527344,822500,0.0,0.0
2012-03-21 00:00:00-04:00,34.529998779296875,34.689998626708984,34.189998626708984,34.459999084472656,979600,0.0,0.0
2012-03-22 00:00:00-04:00,34.25,34.59000015258789,34.099998474121094,34.220001220703125,875000,0.0,0.0
2012-03-23 00:00:00-04:00,34.22999954223633,34.33000183105469,33.650001525878906,34.150001525878906,1312900,0.0,0.0
2012-03-26 00:00:00-04:00,34.41999816894531,34.97999954223633,34.209999084472656,34.97999954223633,1165400,0.0,0.0
2012-03-27 00:00:00-04:00,35.0,35.16999816894531,34.7599983215332,34.79999923706055,1027200,0.0,0.0
2012-03-28 00:00:00-04:00,34.77000045776367,34.869998931884766,34.0,34.16999816894531,963600,0.0,0.0
2012-03-29 00:00:00-04:00,33.849998474121094,34.27000045776367,33.689998626708984,34.189998626708984,1016600,0.0,0.0
2012-03-30 00:00:00-04:00,34.31999969482422,34.81999969482422,34.029998779296875,34.650001525878906,1603800,0.0,0.0
2012-04-02 00:00:00-04:00,34.529998779296875,34.9900016784668,34.369998931884766,34.5,2519800,0.0,0.0
2012-04-03 00:00:00-04:00,34.439998626708984,34.93000030517578,34.31999969482422,34.630001068115234,1292100,0.0,0.0
2012-04-04 00:00:00-04:00,34.29999923706055,35.130001068115234,34.29999923706055,34.91999816894531,1746600,0.0,0.0
2012-04-05 00:00:00-04:00,33.959999084472656,34.47999954223633,33.11000061035156,33.22999954223633,4465400,0.0,0.0
2012-04-09 00:00:00-04:00,32.75,33.0,32.290000915527344,32.779998779296875,2461100,0.0,0.0
2012-04-10 00:00:00-04:00,32.220001220703125,32.31999969482422,31.350000381469727,31.360000610351562,3312900,0.0,0.0
2012-04-11 00:00:00-04:00,31.459999084472656,31.850000381469727,31.3799991607666,31.739999771118164,2223400,0.0,0.0
2012-04-12 00:00:00-04:00,31.729999542236328,31.940000534057617,31.559999465942383,31.809999465942383,2021900,0.0,0.0
2012-04-13 00:00:00-04:00,31.719999313354492,31.899999618530273,31.239999771118164,31.309999465942383,1754600,0.0,0.0
2012-04-16 00:00:00-04:00,31.469999313354492,31.84000015258789,31.1200008392334,31.6299991607666,1156200,0.0,0.0
2012-04-17 00:00:00-04:00,31.829999923706055,32.38999938964844,31.649999618530273,32.2400016784668,1504700,0.0,0.0
2012-04-18 00:00:00-04:00,32.150001525878906,32.2599983215332,31.709999084472656,31.739999771118164,1429900,0.0,0.0
2012-04-19 00:00:00-04:00,31.739999771118164,31.889999389648438,30.889999389648438,31.260000228881836,1558500,0.0,0.0
2012-04-20 00:00:00-04:00,31.350000381469727,31.579999923706055,31.110000610351562,31.489999771118164,1494500,0.0,0.0
2012-04-23 00:00:00-04:00,31.209999084472656,31.329999923706055,30.850000381469727,31.170000076293945,1201600,0.0,0.0
2012-04-24 00:00:00-04:00,31.25,31.3700008392334,30.610000610351562,30.93000030517578,1490600,0.0,0.0
2012-04-25 00:00:00-04:00,31.260000228881836,31.579999923706055,30.90999984741211,31.25,1757200,0.0,0.0
2012-04-26 00:00:00-04:00,31.290000915527344,31.459999084472656,30.979999542236328,31.290000915527344,2316400,0.0,0.0
2012-04-27 00:00:00-04:00,31.350000381469727,31.5,31.149999618530273,31.290000915527344,1583000,0.0,0.0
2012-04-30 00:00:00-04:00,31.270000457763672,31.270000457763672,30.860000610351562,30.8700008392334,1976800,0.0,0.0
2012-05-01 00:00:00-04:00,30.8700008392334,31.510000228881836,30.84000015258789,30.989999771118164,2744700,0.0,0.0
2012-05-02 00:00:00-04:00,30.899999618530273,31.729999542236328,30.700000762939453,31.6200008392334,2545000,0.0,0.0
2012-05-03 00:00:00-04:00,30.93000030517578,30.93000030517578,30.09000015258789,30.43000030517578,3589400,0.0,0.0
2012-05-04 00:00:00-04:00,30.290000915527344,30.6299991607666,29.719999313354492,29.84000015258789,1607500,0.0,0.0
2012-05-07 00:00:00-04:00,29.790000915527344,29.969999313354492,29.600000381469727,29.84000015258789,1516900,0.0,0.0
2012-05-08 00:00:00-04:00,29.68000030517578,29.850000381469727,29.25,29.75,2632400,0.0,0.0
2012-05-09 00:00:00-04:00,29.389999389648438,29.809999465942383,29.15999984741211,29.420000076293945,1408000,0.0,0.0
2012-05-10 00:00:00-04:00,29.670000076293945,30.200000762939453,29.6299991607666,30.040000915527344,2114600,0.0,0.0
2012-05-11 00:00:00-04:00,29.780000686645508,30.110000610351562,29.59000015258789,29.59000015258789,1480300,0.0,0.0
2012-05-14 00:00:00-04:00,29.309999465942383,29.3799991607666,28.639999389648438,28.700000762939453,1363400,0.0,0.0
2012-05-15 00:00:00-04:00,28.6299991607666,28.93000030517578,28.43000030517578,28.479999542236328,2045500,0.0,0.0
2012-05-16 00:00:00-04:00,28.59000015258789,29.010000228881836,28.459999084472656,28.649999618530273,2574100,0.0,0.0
2012-05-17 00:00:00-04:00,28.68000030517578,28.719999313354492,28.020000457763672,28.020000457763672,2764200,0.0,0.0
2012-05-18 00:00:00-04:00,28.190000534057617,28.479999542236328,27.90999984741211,27.989999771118164,2075100,0.0,0.0
2012-05-21 00:00:00-04:00,28.040000915527344,28.579999923706055,27.75,28.469999313354492,1605300,0.0,0.0
2012-05-22 00:00:00-04:00,28.600000381469727,29.0,28.3799991607666,28.469999313354492,2077100,0.0,0.0
2012-05-23 00:00:00-04:00,28.329999923706055,28.940000534057617,28.049999237060547,28.850000381469727,1419800,0.0,0.0
2012-05-24 00:00:00-04:00,28.950000762939453,29.209999084472656,28.81999969482422,29.020000457763672,1837600,0.0,0.0
2012-05-25 00:00:00-04:00,29.06999969482422,29.299999237060547,29.0,29.110000610351562,1058600,0.0,0.0
2012-05-29 00:00:00-04:00,29.290000915527344,29.459999084472656,29.030000686645508,29.459999084472656,998800,0.0,0.0
2012-05-30 00:00:00-04:00,29.209999084472656,29.25,27.280000686645508,28.139999389648438,5244400,0.0,0.0
2012-05-31 00:00:00-04:00,28.06999969482422,28.40999984741211,27.75,28.209999084472656,2283700,0.0,0.0
2012-06-01 00:00:00-04:00,27.6200008392334,27.899999618530273,27.139999389648438,27.329999923706055,2403600,0.0,0.0
2012-06-04 00:00:00-04:00,27.459999084472656,27.540000915527344,26.790000915527344,27.3799991607666,1691100,0.0,0.0
2012-06-05 00:00:00-04:00,27.219999313354492,27.68000030517578,27.06999969482422,27.6299991607666,1498600,0.0,0.0
2012-06-06 00:00:00-04:00,27.84000015258789,28.459999084472656,27.799999237060547,28.459999084472656,1086400,0.0,0.0
2012-06-07 00:00:00-04:00,28.84000015258789,28.8799991607666,27.809999465942383,27.860000610351562,1796500,0.0,0.0
2012-06-08 00:00:00-04:00,27.719999313354492,28.239999771118164,27.459999084472656,28.149999618530273,3142600,0.0,0.0
2012-06-11 00:00:00-04:00,28.469999313354492,28.469999313354492,27.389999389648438,27.469999313354492,2638200,0.0,0.0
2012-06-12 00:00:00-04:00,27.59000015258789,27.75,26.850000381469727,27.5,2180400,0.0,0.0
2012-06-13 00:00:00-04:00,27.3799991607666,27.510000228881836,26.829999923706055,26.920000076293945,1492600,0.0,0.0
2012-06-14 00:00:00-04:00,27.030000686645508,27.520000457763672,26.889999389648438,27.34000015258789,1438100,0.0,0.0
2012-06-15 00:00:00-04:00,27.510000228881836,27.850000381469727,27.3700008392334,27.68000030517578,2378900,0.0,0.0
2012-06-18 00:00:00-04:00,27.43000030517578,27.760000228881836,27.040000915527344,27.6299991607666,1858800,0.0,0.0
2012-06-19 00:00:00-04:00,27.68000030517578,28.709999084472656,27.68000030517578,28.520000457763672,2211600,0.0,0.0
2012-06-20 00:00:00-04:00,28.489999771118164,28.59000015258789,27.889999389648438,27.899999618530273,2250900,0.0,0.0
2012-06-21 00:00:00-04:00,26.079999923706055,26.790000915527344,25.760000228881836,25.8799991607666,6993800,0.0,0.0
2012-06-22 00:00:00-04:00,25.760000228881836,26.010000228881836,25.469999313354492,25.729999542236328,4236100,0.0,0.0
2012-06-25 00:00:00-04:00,25.5,25.670000076293945,25.209999084472656,25.34000015258789,2853400,0.0,0.0
2012-06-26 00:00:00-04:00,25.34000015258789,25.729999542236328,25.229999542236328,25.489999771118164,2784900,0.0,0.0
2012-06-27 00:00:00-04:00,25.520000457763672,25.6299991607666,25.219999313354492,25.3799991607666,3135100,0.0,0.0
2012-06-28 00:00:00-04:00,25.389999389648438,25.40999984741211,24.829999923706055,25.219999313354492,4069600,0.0,0.0
2012-06-29 00:00:00-04:00,25.989999771118164,26.18000030517578,25.799999237060547,25.940000534057617,4651700,0.0,0.0
2012-07-02 00:00:00-04:00,26.049999237060547,26.190000534057617,25.790000915527344,26.100000381469727,2921600,0.0,0.0
2012-07-03 00:00:00-04:00,26.270000457763672,26.489999771118164,26.030000686645508,26.329999923706055,2896700,0.0,0.0
2012-07-05 00:00:00-04:00,26.3700008392334,26.969999313354492,26.170000076293945,26.790000915527344,2627500,0.0,0.0
2012-07-06 00:00:00-04:00,26.540000915527344,26.700000762939453,26.31999969482422,26.540000915527344,2218300,0.0,0.0
2012-07-09 00:00:00-04:00,26.5,26.56999969482422,26.18000030517578,26.350000381469727,1599000,0.0,0.0
2012-07-10 00:00:00-04:00,26.59000015258789,26.860000610351562,26.3799991607666,26.5,2151400,0.0,0.0
2012-07-11 00:00:00-04:00,26.440000534057617,26.5,26.020000457763672,26.1299991607666,1619300,0.0,0.0
2012-07-12 00:00:00-04:00,26.059999465942383,26.1200008392334,25.84000015258789,25.989999771118164,2145600,0.0,0.0
2012-07-13 00:00:00-04:00,26.040000915527344,26.3700008392334,25.969999313354492,26.299999237060547,1423100,0.0,0.0
2012-07-16 00:00:00-04:00,26.18000030517578,26.270000457763672,25.940000534057617,26.049999237060547,1091800,0.0,0.0
2012-07-17 00:00:00-04:00,26.06999969482422,26.31999969482422,25.90999984741211,26.25,1357600,0.0,0.0
2012-07-18 00:00:00-04:00,26.149999618530273,27.010000228881836,26.110000610351562,26.75,2381600,0.0,0.0
2012-07-19 00:00:00-04:00,26.799999237060547,27.559999465942383,26.690000534057617,27.280000686645508,2398500,0.0,0.0
2012-07-20 00:00:00-04:00,27.059999465942383,27.350000381469727,26.829999923706055,26.940000534057617,1774800,0.0,0.0
2012-07-23 00:00:00-04:00,26.440000534057617,27.299999237060547,26.219999313354492,27.209999084472656,1873600,0.0,0.0
2012-07-24 00:00:00-04:00,27.209999084472656,27.399999618530273,26.719999313354492,27.0,2550500,0.0,0.0
2012-07-25 00:00:00-04:00,27.139999389648438,27.219999313354492,26.68000030517578,26.75,2224100,0.0,0.0
2012-07-26 00:00:00-04:00,27.229999542236328,27.420000076293945,26.8799991607666,27.030000686645508,2008000,0.0,0.0
2012-07-27 00:00:00-04:00,27.280000686645508,28.100000381469727,27.190000534057617,28.0,1835500,0.0,0.0
2012-07-30 00:00:00-04:00,27.889999389648438,28.170000076293945,27.700000762939453,27.969999313354492,1766000,0.0,0.0
2012-07-31 00:00:00-04:00,27.860000610351562,27.920000076293945,27.56999969482422,27.829999923706055,2482400,0.0,0.0
2012-08-01 00:00:00-04:00,28.040000915527344,28.219999313354492,27.56999969482422,27.690000534057617,2507000,0.0,0.0
2012-08-02 00:00:00-04:00,27.360000610351562,27.690000534057617,26.600000381469727,26.940000534057617,2168100,0.0,0.0
2012-08-03 00:00:00-04:00,27.40999984741211,27.899999618530273,27.389999389648438,27.860000610351562,1147700,0.0,0.0
2012-08-06 00:00:00-04:00,28.040000915527344,28.5,27.979999542236328,28.440000534057617,1028400,0.0,0.0
2012-08-07 00:00:00-04:00,28.520000457763672,29.100000381469727,28.520000457763672,28.940000534057617,1367100,0.0,0.0
2012-08-08 00:00:00-04:00,28.739999771118164,29.139999389648438,28.739999771118164,28.90999984741211,1163100,0.0,0.0
2012-08-09 00:00:00-04:00,28.8700008392334,29.049999237060547,28.649999618530273,29.030000686645508,1397500,0.0,0.0
2012-08-10 00:00:00-04:00,28.969999313354492,28.989999771118164,28.670000076293945,28.989999771118164,741900,0.0,0.0
2012-08-13 00:00:00-04:00,28.90999984741211,28.950000762939453,28.600000381469727,28.860000610351562,1122700,0.0,0.0
2012-08-14 00:00:00-04:00,29.06999969482422,29.149999618530273,28.75,28.809999465942383,1435900,0.0,0.0
2012-08-15 00:00:00-04:00,28.809999465942383,29.329999923706055,28.770000457763672,29.299999237060547,1217400,0.0,0.0
2012-08-16 00:00:00-04:00,29.3799991607666,29.8799991607666,29.190000534057617,29.760000228881836,1217800,0.0,0.0
2012-08-17 00:00:00-04:00,29.799999237060547,30.059999465942383,29.719999313354492,29.979999542236328,1168200,0.0,0.0
2012-08-20 00:00:00-04:00,29.8799991607666,29.950000762939453,29.56999969482422,29.700000762939453,832300,0.0,0.0
2012-08-21 00:00:00-04:00,29.790000915527344,30.010000228881836,29.600000381469727,29.809999465942383,1585500,0.0,0.0
2012-08-22 00:00:00-04:00,29.790000915527344,30.020000457763672,29.649999618530273,29.899999618530273,1859400,0.0,0.0
2012-08-23 00:00:00-04:00,29.809999465942383,29.809999465942383,29.420000076293945,29.549999237060547,981700,0.0,0.0
2012-08-24 00:00:00-04:00,29.40999984741211,29.8700008392334,29.329999923706055,29.809999465942383,1000300,0.0,0.0
2012-08-27 00:00:00-04:00,29.950000762939453,29.989999771118164,29.579999923706055,29.670000076293945,856400,0.0,0.0
2012-08-28 00:00:00-04:00,29.56999969482422,29.809999465942383,29.360000610351562,29.68000030517578,1010300,0.0,0.0
2012-08-29 00:00:00-04:00,29.780000686645508,30.329999923706055,29.690000534057617,30.329999923706055,977400,0.0,0.0
2012-08-30 00:00:00-04:00,30.100000381469727,30.440000534057617,29.920000076293945,30.290000915527344,1182400,0.0,0.0
2012-08-31 00:00:00-04:00,30.540000915527344,30.68000030517578,30.3799991607666,30.59000015258789,1087200,0.0,0.0
2012-09-04 00:00:00-04:00,30.56999969482422,30.770000457763672,30.280000686645508,30.649999618530273,1301500,0.0,0.0
2012-09-05 00:00:00-04:00,30.6200008392334,31.6299991607666,30.420000076293945,31.6200008392334,2076900,0.0,0.0
2012-09-06 00:00:00-04:00,31.8700008392334,32.77000045776367,31.75,32.7599983215332,2923300,0.0,0.0
2012-09-07 00:00:00-04:00,32.779998779296875,33.279998779296875,32.22999954223633,32.2400016784668,2260300,0.0,0.0
2012-09-10 00:00:00-04:00,32.310001373291016,32.58000183105469,32.18000030517578,32.220001220703125,1912400,0.0,0.0
2012-09-11 00:00:00-04:00,32.209999084472656,32.560001373291016,32.119998931884766,32.209999084472656,1403300,0.0,0.0
2012-09-12 00:00:00-04:00,32.349998474121094,32.77000045776367,32.22999954223633,32.72999954223633,2137800,0.0,0.0
2012-09-13 00:00:00-04:00,32.7400016784668,33.380001068115234,32.439998626708984,33.34000015258789,1249800,0.0,0.0
2012-09-14 00:00:00-04:00,33.27000045776367,33.27000045776367,32.08000183105469,32.34000015258789,2972200,0.0,0.0
2012-09-17 00:00:00-04:00,32.25,32.290000915527344,31.719999313354492,31.93000030517578,2147700,0.0,0.0
2012-09-18 00:00:00-04:00,31.860000610351562,31.920000076293945,31.200000762939453,31.360000610351562,2553600,0.0,0.0
2012-09-19 00:00:00-04:00,31.510000228881836,32.09000015258789,31.3799991607666,31.969999313354492,2619200,0.0,0.0
2012-09-20 00:00:00-04:00,31.15999984741211,31.190000534057617,29.3799991607666,29.959999084472656,6454500,0.0,0.0
2012-09-21 00:00:00-04:00,30.059999465942383,30.149999618530273,29.219999313354492,29.280000686645508,3485900,0.0,0.0
2012-09-24 00:00:00-04:00,29.020000457763672,29.34000015258789,28.8700008392334,28.950000762939453,2023200,0.0,0.0
2012-09-25 00:00:00-04:00,29.0,29.31999969482422,28.450000762939453,28.450000762939453,2434400,0.0,0.0
2012-09-26 00:00:00-04:00,28.399999618530273,28.6200008392334,28.100000381469727,28.399999618530273,1530500,0.0,0.0
2012-09-27 00:00:00-04:00,28.440000534057617,28.59000015258789,28.209999084472656,28.3799991607666,1165600,0.0,0.0
2012-09-28 00:00:00-04:00,28.209999084472656,28.3799991607666,28.040000915527344,28.299999237060547,1741200,0.0,0.0
2012-10-01 00:00:00-04:00,28.360000610351562,28.90999984741211,28.350000381469727,28.420000076293945,1869100,0.0,0.0
2012-10-02 00:00:00-04:00,28.469999313354492,28.920000076293945,28.329999923706055,28.68000030517578,2302900,0.0,0.0
2012-10-03 00:00:00-04:00,28.709999084472656,28.81999969482422,28.290000915527344,28.31999969482422,1334800,0.0,0.0
2012-10-04 00:00:00-04:00,28.510000228881836,29.030000686645508,28.389999389648438,28.850000381469727,1848300,0.0,0.0
2012-10-05 00:00:00-04:00,29.059999465942383,29.690000534057617,29.049999237060547,29.190000534057617,1837400,0.0,0.0
2012-10-08 00:00:00-04:00,30.049999237060547,33.0,29.799999237060547,31.860000610351562,10037700,0.0,0.0
2012-10-09 00:00:00-04:00,31.790000915527344,32.209999084472656,31.530000686645508,31.6200008392334,3372600,0.0,0.0
2012-10-10 00:00:00-04:00,31.049999237060547,31.68000030517578,31.0,31.34000015258789,2408800,0.0,0.0
2012-10-11 00:00:00-04:00,31.579999923706055,31.8700008392334,31.190000534057617,31.25,1526000,0.0,0.0
2012-10-12 00:00:00-04:00,31.440000534057617,32.779998779296875,31.360000610351562,32.54999923706055,3728800,0.0,0.0
2012-10-15 00:00:00-04:00,32.650001525878906,33.0,32.13999938964844,32.9900016784668,2906300,0.0,0.0
2012-10-16 00:00:00-04:00,33.0,33.290000915527344,32.68000030517578,33.209999084472656,2955200,0.0,0.0
2012-10-17 00:00:00-04:00,33.130001068115234,33.65999984741211,32.970001220703125,33.54999923706055,2685600,0.0,0.0
2012-10-18 00:00:00-04:00,33.54999923706055,33.70000076293945,33.209999084472656,33.38999938964844,1356400,0.0,0.0
2012-10-19 00:00:00-04:00,33.560001373291016,33.97999954223633,33.27000045776367,33.29999923706055,3685200,0.0,0.0
2012-10-22 00:00:00-04:00,33.43000030517578,33.439998626708984,32.65999984741211,33.150001525878906,2384200,0.0,0.0
2012-10-23 00:00:00-04:00,32.86000061035156,33.279998779296875,32.66999816894531,33.060001373291016,2558400,0.0,0.0
2012-10-24 00:00:00-04:00,33.16999816894531,33.290000915527344,32.560001373291016,32.66999816894531,1610600,0.0,0.0
2012-10-25 00:00:00-04:00,33.0,33.09000015258789,32.349998474121094,32.779998779296875,1584900,0.0,0.0
2012-10-26 00:00:00-04:00,33.06999969482422,33.84000015258789,32.970001220703125,33.56999969482422,3170000,0.0,0.0
2012-10-31 00:00:00-04:00,33.56999969482422,34.0,33.310001373291016,33.75,1492500,0.0,0.0
2012-11-01 00:00:00-04:00,33.810001373291016,35.119998931884766,33.720001220703125,34.959999084472656,2615400,0.0,0.0
2012-11-02 00:00:00-04:00,35.5,36.0,34.540000915527344,34.68000030517578,2537200,0.0,0.0
2012-11-05 00:00:00-05:00,34.689998626708984,34.90999984741211,34.349998474121094,34.529998779296875,1478600,0.0,0.0
2012-11-06 00:00:00-05:00,35.38999938964844,36.150001525878906,34.630001068115234,34.72999954223633,3288900,0.0,0.0
2012-11-07 00:00:00-05:00,34.27000045776367,34.91999816894531,34.04999923706055,34.099998474121094,1714400,0.0,0.0
2012-11-08 00:00:00-05:00,34.099998474121094,34.54999923706055,33.779998779296875,33.880001068115234,2230200,0.0,0.0
2012-11-09 00:00:00-05:00,33.709999084472656,34.5,33.619998931884766,34.040000915527344,1740600,0.0,0.0
2012-11-12 00:00:00-05:00,34.11000061035156,34.61000061035156,33.790000915527344,33.880001068115234,1729000,0.0,0.0
2012-11-13 00:00:00-05:00,33.7599983215332,34.25,33.689998626708984,33.689998626708984,1676900,0.0,0.0
2012-11-14 00:00:00-05:00,33.880001068115234,34.16999816894531,32.959999084472656,33.040000915527344,1644900,0.0,0.0
2012-11-15 00:00:00-05:00,33.130001068115234,33.5,32.790000915527344,33.349998474121094,1575400,0.0,0.0
2012-11-16 00:00:00-05:00,33.400001525878906,33.7400016784668,33.099998474121094,33.310001373291016,2061800,0.0,0.0
2012-11-19 00:00:00-05:00,33.849998474121094,34.310001373291016,33.61000061035156,34.220001220703125,1776300,0.0,0.0
2012-11-20 00:00:00-05:00,34.15999984741211,34.439998626708984,33.7400016784668,34.25,1087900,0.0,0.0
2012-11-21 00:00:00-05:00,34.220001220703125,34.709999084472656,33.939998626708984,34.619998931884766,922300,0.0,0.0
2012-11-23 00:00:00-05:00,34.7400016784668,35.20000076293945,34.630001068115234,35.13999938964844,552400,0.0,0.0
2012-11-26 00:00:00-05:00,34.9900016784668,35.25,34.65999984741211,34.869998931884766,1184900,0.0,0.0
2012-11-27 00:00:00-05:00,34.75,35.7400016784668,34.619998931884766,35.27000045776367,1515600,0.0,0.0
2012-11-28 00:00:00-05:00,35.099998474121094,35.900001525878906,34.84000015258789,35.880001068115234,1567000,0.0,0.0
2012-11-29 00:00:00-05:00,36.33000183105469,36.38999938964844,35.88999938964844,36.2400016784668,1949500,0.0,0.0
2012-11-30 00:00:00-05:00,36.43000030517578,36.54999923706055,35.939998626708984,36.2599983215332,3141200,0.0,0.0
2012-12-03 00:00:00-05:00,36.599998474121094,36.650001525878906,35.959999084472656,35.9900016784668,2009300,0.0,0.0
2012-12-04 00:00:00-05:00,35.869998931884766,36.20000076293945,35.619998931884766,35.88999938964844,1359500,0.0,0.0
2012-12-05 00:00:00-05:00,35.86000061035156,35.959999084472656,34.58000183105469,35.38999938964844,2000700,0.0,0.0
2012-12-06 00:00:00-05:00,35.38999938964844,36.04999923706055,35.31999969482422,35.900001525878906,985900,0.0,0.0
2012-12-07 00:00:00-05:00,36.16999816894531,36.4900016784668,35.63999938964844,36.2400016784668,1914300,0.0,0.0
2012-12-10 00:00:00-05:00,36.15999984741211,36.5099983215332,36.0,36.2400016784668,1452600,0.0,0.0
2012-12-11 00:00:00-05:00,36.40999984741211,36.47999954223633,35.369998931884766,35.56999969482422,2485700,0.0,0.0
2012-12-12 00:00:00-05:00,35.81999969482422,35.970001220703125,35.0099983215332,35.2599983215332,2355600,0.0,0.0
2012-12-13 00:00:00-05:00,35.25,35.47999954223633,34.9900016784668,35.150001525878906,1507700,0.0,0.0
2012-12-14 00:00:00-05:00,34.95000076293945,35.279998779296875,34.880001068115234,35.06999969482422,1677600,0.0,0.0
2012-12-17 00:00:00-05:00,35.099998474121094,35.099998474121094,34.209999084472656,34.81999969482422,2397300,0.0,0.0
2012-12-18 00:00:00-05:00,34.970001220703125,35.4900016784668,34.810001373291016,35.119998931884766,2917500,0.0,0.0
2012-12-19 00:00:00-05:00,35.15999984741211,35.34000015258789,34.7599983215332,34.84000015258789,3180800,0.0,0.0
2012-12-20 00:00:00-05:00,36.779998779296875,38.2400016784668,36.54999923706055,37.970001220703125,7088500,0.0,0.0
2012-12-21 00:00:00-05:00,37.599998474121094,37.880001068115234,37.189998626708984,37.790000915527344,3112100,0.0,0.0
2012-12-24 00:00:00-05:00,37.40999984741211,37.560001373291016,37.0,37.5,1764000,0.0,0.0
2012-12-26 00:00:00-05:00,37.470001220703125,37.9900016784668,37.060001373291016,37.459999084472656,2586400,0.0,0.0
2012-12-27 00:00:00-05:00,37.459999084472656,37.599998474121094,37.029998779296875,37.290000915527344,2018800,0.0,0.0
2012-12-28 00:00:00-05:00,37.0099983215332,37.040000915527344,36.599998474121094,36.689998626708984,1704700,0.0,0.0
2012-12-31 00:00:00-05:00,36.56999969482422,37.61000061035156,36.40999984741211,37.540000915527344,2183700,0.0,0.0
2013-01-02 00:00:00-05:00,38.20000076293945,38.31999969482422,37.380001068115234,37.720001220703125,2597600,0.0,0.0
2013-01-03 00:00:00-05:00,37.81999969482422,38.310001373291016,37.52000045776367,37.939998626708984,2118900,0.0,0.0
2013-01-04 00:00:00-05:00,37.90999984741211,38.220001220703125,36.95000076293945,37.86000061035156,2194800,0.0,0.0
2013-01-07 00:00:00-05:00,37.56999969482422,37.75,37.13999938964844,37.209999084472656,1522600,0.0,0.0
2013-01-08 00:00:00-05:00,37.220001220703125,37.38999938964844,36.9900016784668,37.31999969482422,1137000,0.0,0.0
2013-01-09 00:00:00-05:00,37.34000015258789,37.77000045776367,37.34000015258789,37.66999816894531,1696200,0.0,0.0
2013-01-10 00:00:00-05:00,37.72999954223633,37.86000061035156,37.27000045776367,37.72999954223633,1900500,0.0,0.0
2013-01-11 00:00:00-05:00,37.689998626708984,37.77000045776367,37.18000030517578,37.5,945800,0.0,0.0
2013-01-14 00:00:00-05:00,37.5,37.689998626708984,37.02000045776367,37.47999954223633,672300,0.0,0.0
2013-01-15 00:00:00-05:00,37.27000045776367,38.20000076293945,37.220001220703125,37.90999984741211,2076200,0.0,0.0
2013-01-16 00:00:00-05:00,37.849998474121094,37.93000030517578,37.52000045776367,37.79999923706055,1274400,0.0,0.0
2013-01-17 00:00:00-05:00,37.959999084472656,38.5099983215332,37.939998626708984,38.29999923706055,1534500,0.0,0.0
2013-01-18 00:00:00-05:00,38.31999969482422,38.83000183105469,38.31999969482422,38.5,1832100,0.0,0.0
2013-01-22 00:00:00-05:00,38.439998626708984,38.560001373291016,37.95000076293945,38.54999923706055,1256400,0.0,0.0
2013-01-23 00:00:00-05:00,38.31999969482422,38.630001068115234,38.11000061035156,38.540000915527344,1192600,0.0,0.0
2013-01-24 00:00:00-05:00,38.689998626708984,39.5,38.439998626708984,38.7400016784668,1804900,0.0,0.0
2013-01-25 00:00:00-05:00,38.779998779296875,39.790000915527344,38.66999816894531,39.689998626708984,2030700,0.0,0.0
2013-01-28 00:00:00-05:00,39.66999816894531,40.11000061035156,39.41999816894531,39.779998779296875,1767600,0.0,0.0
2013-01-29 00:00:00-05:00,39.56999969482422,40.0,39.470001220703125,39.939998626708984,1835200,0.0,0.0
2013-01-30 00:00:00-05:00,39.849998474121094,39.95000076293945,38.9900016784668,39.130001068115234,1391200,0.0,0.0
2013-01-31 00:00:00-05:00,39.13999938964844,39.59000015258789,38.900001525878906,39.41999816894531,1054800,0.0,0.0
2013-02-01 00:00:00-05:00,39.459999084472656,39.59000015258789,38.93000030517578,39.25,1981100,0.0,0.0
2013-02-04 00:00:00-05:00,39.25,39.25,38.54999923706055,38.79999923706055,2413500,0.0,0.0
2013-02-05 00:00:00-05:00,39.0,39.9900016784668,38.939998626708984,39.779998779296875,1795100,0.0,0.0
2013-02-06 00:00:00-05:00,39.77000045776367,40.220001220703125,39.560001373291016,40.099998474121094,1500500,0.0,0.0
2013-02-07 00:00:00-05:00,39.41999816894531,39.75,38.7599983215332,39.38999938964844,2134800,0.0,0.0
2013-02-08 00:00:00-05:00,39.54999923706055,40.099998474121094,39.459999084472656,39.77000045776367,1398900,0.0,0.0
2013-02-11 00:00:00-05:00,40.0,40.02000045776367,39.439998626708984,39.61000061035156,982800,0.0,0.0
2013-02-12 00:00:00-05:00,39.54999923706055,39.650001525878906,39.34000015258789,39.619998931884766,1081200,0.0,0.0
2013-02-13 00:00:00-05:00,39.619998931884766,39.90999984741211,39.209999084472656,39.400001525878906,1165500,0.0,0.0
2013-02-14 00:00:00-05:00,39.22999954223633,39.95000076293945,39.16999816894531,39.720001220703125,1141700,0.0,0.0
2013-02-15 00:00:00-05:00,39.66999816894531,40.18000030517578,39.04999923706055,39.36000061035156,2000000,0.0,0.0
2013-02-19 00:00:00-05:00,39.5099983215332,40.15999984741211,39.36000061035156,40.04999923706055,1939500,0.0,0.0
2013-02-20 00:00:00-05:00,40.08000183105469,40.099998474121094,39.380001068115234,39.47999954223633,1680500,0.0,0.0
2013-02-21 00:00:00-05:00,39.33000183105469,39.33000183105469,38.43000030517578,38.5,1407800,0.0,0.0
2013-02-22 00:00:00-05:00,38.63999938964844,38.95000076293945,38.5099983215332,38.91999816894531,813200,0.0,0.0
2013-02-25 00:00:00-05:00,39.11000061035156,39.869998931884766,38.209999084472656,38.2400016784668,2636400,0.0,0.0
2013-02-26 00:00:00-05:00,38.349998474121094,38.58000183105469,37.810001373291016,38.31999969482422,1264100,0.0,0.0
2013-02-27 00:00:00-05:00,38.25,38.7400016784668,38.2400016784668,38.59000015258789,1207200,0.0,0.0
2013-02-28 00:00:00-05:00,38.619998931884766,39.08000183105469,38.400001525878906,38.40999984741211,1393900,0.0,0.0
2013-03-01 00:00:00-05:00,38.150001525878906,38.66999816894531,38.130001068115234,38.380001068115234,1180000,0.0,0.0
2013-03-04 00:00:00-05:00,38.41999816894531,39.95000076293945,38.38999938964844,39.40999984741211,1625100,0.0,0.0
2013-03-05 00:00:00-05:00,39.61000061035156,40.36000061035156,39.61000061035156,40.2400016784668,998800,0.0,0.0
2013-03-06 00:00:00-05:00,40.400001525878906,41.650001525878906,40.34000015258789,40.650001525878906,2321900,0.0,0.0
2013-03-07 00:00:00-05:00,40.72999954223633,41.0,40.56999969482422,40.90999984741211,1091200,0.0,0.0
2013-03-08 00:00:00-05:00,41.150001525878906,41.439998626708984,40.86000061035156,41.40999984741211,1073200,0.0,0.0
2013-03-11 00:00:00-04:00,41.290000915527344,41.54999923706055,41.18000030517578,41.369998931884766,1177800,0.0,0.0
2013-03-12 00:00:00-04:00,41.349998474121094,41.54999923706055,41.11000061035156,41.220001220703125,926400,0.0,0.0
2013-03-13 00:00:00-04:00,41.2599983215332,41.689998626708984,41.130001068115234,41.33000183105469,1037200,0.0,0.0
2013-03-14 00:00:00-04:00,41.38999938964844,41.59000015258789,41.20000076293945,41.470001220703125,696400,0.0,0.0
2013-03-15 00:00:00-04:00,41.29999923706055,41.939998626708984,40.900001525878906,41.65999984741211,1707200,0.0,0.0
2013-03-18 00:00:00-04:00,41.33000183105469,41.810001373291016,41.209999084472656,41.560001373291016,1078900,0.0,0.0
2013-03-19 00:00:00-04:00,41.58000183105469,41.77000045776367,40.790000915527344,41.040000915527344,1098700,0.0,0.0
2013-03-20 00:00:00-04:00,41.310001373291016,41.77000045776367,40.83000183105469,41.06999969482422,1549700,0.0,0.0
2013-03-21 00:00:00-04:00,40.900001525878906,41.08000183105469,40.11000061035156,40.18000030517578,1092100,0.0,0.0
2013-03-22 00:00:00-04:00,40.369998931884766,40.52000045776367,40.13999938964844,40.349998474121094,952100,0.0,0.0
2013-03-25 00:00:00-04:00,40.5,40.65999984741211,40.209999084472656,40.310001373291016,807100,0.0,0.0
2013-03-26 00:00:00-04:00,40.459999084472656,40.869998931884766,40.33000183105469,40.84000015258789,927900,0.0,0.0
2013-03-27 00:00:00-04:00,40.630001068115234,41.15999984741211,40.400001525878906,41.119998931884766,885100,0.0,0.0
2013-03-28 00:00:00-04:00,41.13999938964844,41.720001220703125,41.040000915527344,41.70000076293945,1658000,0.0,0.0
2013-04-01 00:00:00-04:00,41.66999816894531,41.84000015258789,40.939998626708984,41.18000030517578,1468800,0.0,0.0
2013-04-02 00:00:00-04:00,41.5,41.810001373291016,41.29999923706055,41.4900016784668,1500300,0.0,0.0
2013-04-03 00:00:00-04:00,42.0,42.45000076293945,40.70000076293945,40.70000076293945,2685600,0.0,0.0
2013-04-04 00:00:00-04:00,40.529998779296875,41.11000061035156,40.47999954223633,41.11000061035156,1160000,0.0,0.0
2013-04-05 00:00:00-04:00,40.59000015258789,41.43000030517578,40.34000015258789,41.349998474121094,1079100,0.0,0.0
2013-04-08 00:00:00-04:00,41.369998931884766,42.45000076293945,41.369998931884766,42.380001068115234,1486100,0.0,0.0
2013-04-09 00:00:00-04:00,42.560001373291016,42.790000915527344,41.599998474121094,41.68000030517578,2023000,0.0,0.0
2013-04-10 00:00:00-04:00,42.06999969482422,43.41999816894531,41.75,43.310001373291016,3658400,0.0,0.0
2013-04-11 00:00:00-04:00,43.720001220703125,45.279998779296875,43.720001220703125,45.20000076293945,2923600,0.0,0.0
2013-04-12 00:00:00-04:00,44.529998779296875,44.529998779296875,43.59000015258789,43.9900016784668,2763000,0.0,0.0
2013-04-15 00:00:00-04:00,43.849998474121094,43.90999984741211,42.09000015258789,42.09000015258789,2683500,0.0,0.0
2013-04-16 00:00:00-04:00,42.47999954223633,42.720001220703125,42.099998474121094,42.45000076293945,2820600,0.0,0.0
2013-04-17 00:00:00-04:00,42.029998779296875,42.029998779296875,40.52000045776367,41.529998779296875,4117500,0.0,0.0
2013-04-18 00:00:00-04:00,41.72999954223633,41.91999816894531,40.68000030517578,41.16999816894531,2312600,0.0,0.0
2013-04-19 00:00:00-04:00,41.369998931884766,42.790000915527344,40.93000030517578,42.7599983215332,3388000,0.0,0.0
2013-04-22 00:00:00-04:00,42.880001068115234,43.43000030517578,42.47999954223633,43.38999938964844,1938800,0.0,0.0
2013-04-23 00:00:00-04:00,43.72999954223633,44.16999816894531,43.5,44.099998474121094,1715000,0.0,0.0
2013-04-24 00:00:00-04:00,44.290000915527344,44.61000061035156,43.959999084472656,44.4900016784668,1267300,0.0,0.0
2013-04-25 00:00:00-04:00,44.7599983215332,45.29999923706055,44.7599983215332,45.0,2351500,0.0,0.0
2013-04-26 00:00:00-04:00,45.0,45.060001373291016,44.59000015258789,44.81999969482422,925200,0.0,0.0
2013-04-29 00:00:00-04:00,45.0,45.15999984741211,44.77000045776367,45.119998931884766,1682800,0.0,0.0
2013-04-30 00:00:00-04:00,45.959999084472656,46.84000015258789,45.75,46.040000915527344,3731700,0.0,0.0
2013-05-01 00:00:00-04:00,45.81999969482422,46.15999984741211,45.13999938964844,45.20000076293945,1609300,0.0,0.0
2013-05-02 00:00:00-04:00,45.31999969482422,46.040000915527344,45.099998474121094,46.0,1099500,0.0,0.0
2013-05-03 00:00:00-04:00,46.470001220703125,46.65999984741211,45.97999954223633,46.22999954223633,1467800,0.0,0.0
2013-05-06 00:00:00-04:00,46.220001220703125,46.43000030517578,45.93000030517578,46.25,1075900,0.0,0.0
2013-05-07 00:00:00-04:00,46.18000030517578,46.86000061035156,45.79999923706055,46.81999969482422,1163400,0.0,0.0
2013-05-08 00:00:00-04:00,46.65999984741211,47.13999938964844,46.560001373291016,47.09000015258789,1223500,0.0,0.0
2013-05-09 00:00:00-04:00,47.040000915527344,47.220001220703125,46.560001373291016,47.11000061035156,965600,0.0,0.0
2013-05-10 00:00:00-04:00,47.18000030517578,47.5099983215332,46.720001220703125,46.97999954223633,1125900,0.0,0.0
2013-05-13 00:00:00-04:00,46.880001068115234,47.209999084472656,46.650001525878906,47.06999969482422,915500,0.0,0.0
2013-05-14 00:00:00-04:00,47.36000061035156,48.220001220703125,47.36000061035156,48.06999969482422,1390300,0.0,0.0
2013-05-15 00:00:00-04:00,48.0099983215332,48.709999084472656,47.970001220703125,48.41999816894531,1472500,0.0,0.0
2013-05-16 00:00:00-04:00,48.29999923706055,48.86000061035156,47.56999969482422,47.720001220703125,1639000,0.0,0.0
2013-05-17 00:00:00-04:00,47.869998931884766,48.709999084472656,47.779998779296875,48.66999816894531,1063000,0.0,0.0
2013-05-20 00:00:00-04:00,47.84000015258789,48.02000045776367,47.5,47.84000015258789,1973300,0.0,0.0
2013-05-21 00:00:00-04:00,47.90999984741211,48.540000915527344,47.84000015258789,48.279998779296875,1326900,0.0,0.0
2013-05-22 00:00:00-04:00,48.27000045776367,48.630001068115234,47.130001068115234,47.41999816894531,1106900,0.0,0.0
2013-05-23 00:00:00-04:00,46.91999816894531,47.13999938964844,46.5,47.04999923706055,1282700,0.0,0.0
2013-05-24 00:00:00-04:00,46.66999816894531,47.0099983215332,46.43000030517578,46.709999084472656,1620000,0.0,0.0
2013-05-28 00:00:00-04:00,47.41999816894531,48.099998474121094,46.84000015258789,46.939998626708984,1725500,0.0,0.0
2013-05-29 00:00:00-04:00,46.59000015258789,46.939998626708984,46.310001373291016,46.66999816894531,1289800,0.0,0.0
2013-05-30 00:00:00-04:00,46.9900016784668,47.45000076293945,46.720001220703125,46.90999984741211,1470700,0.0,0.0
2013-05-31 00:00:00-04:00,46.81999969482422,47.68000030517578,46.61000061035156,46.77000045776367,1660400,0.0,0.0
2013-06-03 00:00:00-04:00,46.70000076293945,46.900001525878906,45.689998626708984,46.88999938964844,1283400,0.0,0.0
2013-06-04 00:00:00-04:00,46.779998779296875,47.560001373291016,45.83000183105469,46.119998931884766,1539400,0.0,0.0
2013-06-05 00:00:00-04:00,46.04999923706055,46.45000076293945,45.369998931884766,45.529998779296875,1228200,0.0,0.0
2013-06-06 00:00:00-04:00,45.59000015258789,46.54999923706055,45.369998931884766,46.529998779296875,1326300,0.0,0.0
2013-06-07 00:00:00-04:00,46.88999938964844,47.2400016784668,46.689998626708984,47.20000076293945,1337100,0.0,0.0
2013-06-10 00:00:00-04:00,47.20000076293945,47.45000076293945,46.70000076293945,47.09000015258789,1458400,0.0,0.0
2013-06-11 00:00:00-04:00,46.61000061035156,46.77000045776367,46.08000183105469,46.599998474121094,1086800,0.0,0.0
2013-06-12 00:00:00-04:00,46.959999084472656,47.099998474121094,45.849998474121094,45.880001068115234,782900,0.0,0.0
2013-06-13 00:00:00-04:00,45.849998474121094,47.09000015258789,45.779998779296875,46.9900016784668,993300,0.0,0.0
2013-06-14 00:00:00-04:00,46.81999969482422,47.310001373291016,46.369998931884766,46.40999984741211,1145100,0.0,0.0
2013-06-17 00:00:00-04:00,46.880001068115234,47.33000183105469,46.689998626708984,47.119998931884766,1118600,0.0,0.0
2013-06-18 00:00:00-04:00,47.18000030517578,48.29999923706055,46.810001373291016,48.209999084472656,1120800,0.0,0.0
2013-06-19 00:00:00-04:00,48.220001220703125,48.40999984741211,47.439998626708984,47.470001220703125,1211200,0.0,0.0
2013-06-20 00:00:00-04:00,47.06999969482422,47.189998626708984,44.25,44.56999969482422,3445300,0.0,0.0
2013-06-21 00:00:00-04:00,47.599998474121094,48.099998474121094,42.209999084472656,44.59000015258789,8563100,0.0,0.0
2013-06-24 00:00:00-04:00,44.0,44.709999084472656,43.41999816894531,43.9900016784668,2270500,0.0,0.0
2013-06-25 00:00:00-04:00,44.369998931884766,44.7400016784668,44.040000915527344,44.36000061035156,1714400,0.0,0.0
2013-06-26 00:00:00-04:00,44.939998626708984,45.97999954223633,44.869998931884766,45.88999938964844,2229600,0.0,0.0
2013-06-27 00:00:00-04:00,46.2599983215332,46.84000015258789,46.220001220703125,46.70000076293945,1482400,0.0,0.0
2013-06-28 00:00:00-04:00,46.599998474121094,46.88999938964844,46.15999984741211,46.15999984741211,2662400,0.0,0.0
2013-07-01 00:00:00-04:00,46.65999984741211,47.13999938964844,46.27000045776367,46.689998626708984,1324600,0.0,0.0
2013-07-02 00:00:00-04:00,46.65999984741211,47.2400016784668,46.279998779296875,46.52000045776367,837100,0.0,0.0
2013-07-03 00:00:00-04:00,46.369998931884766,46.9900016784668,46.279998779296875,46.79999923706055,481800,0.0,0.0
2013-07-05 00:00:00-04:00,47.15999984741211,47.47999954223633,46.650001525878906,47.33000183105469,578000,0.0,0.0
2013-07-08 00:00:00-04:00,47.84000015258789,48.63999938964844,47.790000915527344,48.08000183105469,1274900,0.0,0.0
2013-07-09 00:00:00-04:00,48.43000030517578,48.880001068115234,48.130001068115234,48.66999816894531,1069500,0.0,0.0
2013-07-10 00:00:00-04:00,48.63999938964844,48.65999984741211,47.9900016784668,48.529998779296875,1188300,0.0,0.0
2013-07-11 00:00:00-04:00,49.2400016784668,49.2400016784668,48.310001373291016,48.43000030517578,1110300,0.0,0.0
2013-07-12 00:00:00-04:00,48.45000076293945,48.709999084472656,47.95000076293945,48.0,1237200,0.0,0.0
2013-07-15 00:00:00-04:00,47.9900016784668,48.439998626708984,47.66999816894531,47.72999954223633,1109800,0.0,0.0
2013-07-16 00:00:00-04:00,47.84000015258789,47.9900016784668,47.25,47.630001068115234,963300,0.0,0.0
2013-07-17 00:00:00-04:00,47.849998474121094,47.9900016784668,47.58000183105469,47.86000061035156,655200,0.0,0.0
2013-07-18 00:00:00-04:00,47.88999938964844,48.36000061035156,47.86000061035156,47.9900016784668,701700,0.0,0.0
2013-07-19 00:00:00-04:00,48.040000915527344,48.11000061035156,47.810001373291016,47.84000015258789,730400,0.0,0.0
2013-07-22 00:00:00-04:00,47.900001525878906,48.459999084472656,47.81999969482422,48.38999938964844,598500,0.0,0.0
2013-07-23 00:00:00-04:00,48.45000076293945,48.869998931884766,47.880001068115234,48.04999923706055,606600,0.0,0.0
2013-07-24 00:00:00-04:00,48.189998626708984,48.29999923706055,47.02000045776367,47.16999816894531,986400,0.0,0.0
2013-07-25 00:00:00-04:00,47.0099983215332,47.38999938964844,46.4900016784668,46.75,1431600,0.0,0.0
2013-07-26 00:00:00-04:00,46.54999923706055,47.810001373291016,46.5099983215332,47.779998779296875,903400,0.0,0.0
2013-07-29 00:00:00-04:00,47.66999816894531,47.939998626708984,47.45000076293945,47.65999984741211,518400,0.0,0.0
2013-07-30 00:00:00-04:00,47.93000030517578,48.310001373291016,47.779998779296875,48.2599983215332,886400,0.0,0.0
2013-07-31 00:00:00-04:00,48.400001525878906,49.810001373291016,48.400001525878906,49.040000915527344,1619200,0.0,0.0
2013-08-01 00:00:00-04:00,49.5099983215332,49.84000015258789,49.380001068115234,49.72999954223633,1027500,0.0,0.0
2013-08-02 00:00:00-04:00,49.5,49.56999969482422,48.95000076293945,49.56999969482422,883400,0.0,0.0
2013-08-05 00:00:00-04:00,49.459999084472656,49.630001068115234,49.2400016784668,49.400001525878906,742700,0.0,0.0
2013-08-06 00:00:00-04:00,49.38999938964844,49.5099983215332,48.81999969482422,49.2400016784668,769000,0.0,0.0
2013-08-07 00:00:00-04:00,49.099998474121094,49.130001068115234,48.22999954223633,48.34000015258789,693500,0.0,0.0
2013-08-08 00:00:00-04:00,48.65999984741211,49.36000061035156,48.349998474121094,49.27000045776367,1012400,0.0,0.0
2013-08-09 00:00:00-04:00,49.16999816894531,49.689998626708984,48.970001220703125,49.380001068115234,785300,0.0,0.0
2013-08-12 00:00:00-04:00,49.06999969482422,49.650001525878906,48.810001373291016,49.5099983215332,660700,0.0,0.0
2013-08-13 00:00:00-04:00,49.59000015258789,50.0,49.290000915527344,49.7400016784668,521300,0.0,0.0
2013-08-14 00:00:00-04:00,49.59000015258789,50.0,49.560001373291016,49.61000061035156,541700,0.0,0.0
2013-08-15 00:00:00-04:00,49.119998931884766,49.16999816894531,48.04999923706055,48.08000183105469,673100,0.0,0.0
2013-08-16 00:00:00-04:00,47.88999938964844,48.43000030517578,47.47999954223633,47.47999954223633,918700,0.0,0.0
2013-08-19 00:00:00-04:00,47.5,47.880001068115234,47.119998931884766,47.189998626708984,823600,0.0,0.0
2013-08-20 00:00:00-04:00,47.2599983215332,48.40999984741211,47.2599983215332,48.279998779296875,663100,0.0,0.0
2013-08-21 00:00:00-04:00,48.08000183105469,48.40999984741211,47.5099983215332,47.86000061035156,636200,0.0,0.0
2013-08-22 00:00:00-04:00,47.869998931884766,48.810001373291016,47.709999084472656,48.54999923706055,723500,0.0,0.0
2013-08-23 00:00:00-04:00,48.75,48.900001525878906,48.33000183105469,48.86000061035156,637100,0.0,0.0
2013-08-26 00:00:00-04:00,48.86000061035156,49.400001525878906,48.79999923706055,48.84000015258789,684500,0.0,0.0
2013-08-27 00:00:00-04:00,48.09000015258789,48.16999816894531,47.310001373291016,47.34000015258789,694700,0.0,0.0
2013-08-28 00:00:00-04:00,47.34000015258789,47.95000076293945,47.15999984741211,47.720001220703125,413200,0.0,0.0
2013-08-29 00:00:00-04:00,47.4900016784668,48.29999923706055,47.25,48.04999923706055,404500,0.0,0.0
2013-08-30 00:00:00-04:00,48.08000183105469,48.209999084472656,47.310001373291016,47.560001373291016,614800,0.0,0.0
2013-09-03 00:00:00-04:00,48.25,48.720001220703125,47.59000015258789,48.02000045776367,606600,0.0,0.0
2013-09-04 00:00:00-04:00,48.150001525878906,49.22999954223633,47.84000015258789,49.04999923706055,887100,0.0,0.0
2013-09-05 00:00:00-04:00,49.04999923706055,50.63999938964844,48.90999984741211,49.9900016784668,1854700,0.0,0.0
2013-09-06 00:00:00-04:00,50.220001220703125,51.720001220703125,49.939998626708984,51.209999084472656,2005500,0.0,0.0
2013-09-09 00:00:00-04:00,51.310001373291016,51.47999954223633,50.72999954223633,51.349998474121094,1077500,0.0,0.0
2013-09-10 00:00:00-04:00,51.72999954223633,52.27000045776367,51.540000915527344,52.04999923706055,1305700,0.0,0.0
2013-09-11 00:00:00-04:00,52.15999984741211,52.25,51.72999954223633,51.7599983215332,954600,0.0,0.0
2013-09-12 00:00:00-04:00,51.619998931884766,51.779998779296875,50.939998626708984,51.119998931884766,821900,0.0,0.0
2013-09-13 00:00:00-04:00,51.2400016784668,51.439998626708984,51.040000915527344,51.08000183105469,554600,0.0,0.0
2013-09-16 00:00:00-04:00,51.720001220703125,51.810001373291016,50.779998779296875,50.91999816894531,1108900,0.0,0.0
2013-09-17 00:00:00-04:00,50.88999938964844,51.20000076293945,50.63999938964844,50.97999954223633,1062400,0.0,0.0
2013-09-18 00:00:00-04:00,51.06999969482422,51.349998474121094,50.310001373291016,51.130001068115234,1754100,0.0,0.0
2013-09-19 00:00:00-04:00,51.31999969482422,51.54999923706055,51.18000030517578,51.25,1378800,0.0,0.0
2013-09-20 00:00:00-04:00,51.400001525878906,51.880001068115234,51.04999923706055,51.189998626708984,1855400,0.0,0.0
2013-09-23 00:00:00-04:00,51.209999084472656,51.400001525878906,49.9900016784668,50.0099983215332,2398900,0.0,0.0
2013-09-24 00:00:00-04:00,52.0,52.470001220703125,50.209999084472656,51.790000915527344,4687400,0.0,0.0
2013-09-25 00:00:00-04:00,51.060001373291016,51.119998931884766,49.63999938964844,49.79999923706055,2114000,0.0,0.0
2013-09-26 00:00:00-04:00,49.79999923706055,50.02000045776367,49.20000076293945,49.4900016784668,1527400,0.0,0.0
2013-09-27 00:00:00-04:00,49.22999954223633,49.52000045776367,49.040000915527344,49.220001220703125,814600,0.0,0.0
2013-09-30 00:00:00-04:00,48.779998779296875,48.810001373291016,48.310001373291016,48.470001220703125,1871900,0.0,0.0
2013-10-01 00:00:00-04:00,48.56999969482422,49.150001525878906,48.470001220703125,48.79999923706055,1127100,0.0,0.0
2013-10-02 00:00:00-04:00,48.29999923706055,48.849998474121094,47.459999084472656,48.849998474121094,1538100,0.0,0.0
2013-10-03 00:00:00-04:00,48.849998474121094,49.04999923706055,47.880001068115234,48.040000915527344,1206200,0.0,0.0
2013-10-04 00:00:00-04:00,47.97999954223633,48.5,47.560001373291016,48.310001373291016,1220500,0.0,0.0
2013-10-07 00:00:00-04:00,48.47999954223633,49.369998931884766,48.279998779296875,48.279998779296875,2227900,0.0,0.0
2013-10-08 00:00:00-04:00,48.279998779296875,48.439998626708984,46.38999938964844,46.41999816894531,2417800,0.0,0.0
2013-10-09 00:00:00-04:00,46.599998474121094,46.7400016784668,45.90999984741211,46.27000045776367,1106600,0.0,0.0
2013-10-10 00:00:00-04:00,46.81999969482422,47.34000015258789,46.689998626708984,47.290000915527344,1021200,0.0,0.0
2013-10-11 00:00:00-04:00,47.34000015258789,47.95000076293945,47.02000045776367,47.93000030517578,1221700,0.0,0.0
2013-10-14 00:00:00-04:00,47.470001220703125,48.45000076293945,47.470001220703125,48.40999984741211,1479900,0.0,0.0
2013-10-15 00:00:00-04:00,48.25,48.34000015258789,47.349998474121094,47.5,1454000,0.0,0.0
2013-10-16 00:00:00-04:00,48.0099983215332,48.45000076293945,47.720001220703125,48.31999969482422,1224300,0.0,0.0
2013-10-17 00:00:00-04:00,48.11000061035156,48.95000076293945,48.029998779296875,48.869998931884766,1175800,0.0,0.0
2013-10-18 00:00:00-04:00,49.02000045776367,49.439998626708984,48.65999984741211,48.7400016784668,1041500,0.0,0.0
2013-10-21 00:00:00-04:00,48.540000915527344,48.7599983215332,47.97999954223633,48.75,1163800,0.0,0.0
2013-10-22 00:00:00-04:00,48.869998931884766,49.290000915527344,48.20000076293945,48.38999938964844,896400,0.0,0.0
2013-10-23 00:00:00-04:00,48.06999969482422,48.189998626708984,47.11000061035156,47.5099983215332,1016700,0.0,0.0
2013-10-24 00:00:00-04:00,47.5,48.060001373291016,47.400001525878906,47.790000915527344,869600,0.0,0.0
2013-10-25 00:00:00-04:00,47.79999923706055,48.0,47.290000915527344,47.7599983215332,865700,0.0,0.0
2013-10-28 00:00:00-04:00,47.75,47.779998779296875,47.18000030517578,47.529998779296875,1089100,0.0,0.0
2013-10-29 00:00:00-04:00,47.65999984741211,47.83000183105469,47.02000045776367,47.4900016784668,890300,0.0,0.0
2013-10-30 00:00:00-04:00,47.61000061035156,47.79999923706055,46.95000076293945,47.20000076293945,894100,0.0,0.0
2013-10-31 00:00:00-04:00,47.130001068115234,47.2599983215332,46.54999923706055,46.9900016784668,1415800,0.0,0.0
2013-11-01 00:00:00-04:00,47.0099983215332,48.18000030517578,47.0099983215332,47.81999969482422,1476800,0.0,0.0
2013-11-04 00:00:00-05:00,48.04999923706055,49.099998474121094,48.0,48.599998474121094,1268700,0.0,0.0
2013-11-05 00:00:00-05:00,48.209999084472656,49.25,48.130001068115234,48.7400016784668,1248300,0.0,0.0
2013-11-06 00:00:00-05:00,48.88999938964844,49.16999816894531,48.31999969482422,48.83000183105469,783800,0.0,0.0
2013-11-07 00:00:00-05:00,49.119998931884766,49.2400016784668,47.459999084472656,47.52000045776367,1044900,0.0,0.0
2013-11-08 00:00:00-05:00,47.459999084472656,47.9900016784668,47.27000045776367,47.560001373291016,1038400,0.0,0.0
2013-11-11 00:00:00-05:00,47.459999084472656,48.790000915527344,47.16999816894531,48.7599983215332,1084400,0.0,0.0
2013-11-12 00:00:00-05:00,48.619998931884766,49.41999816894531,48.459999084472656,49.029998779296875,1319800,0.0,0.0
2013-11-13 00:00:00-05:00,48.81999969482422,49.720001220703125,48.630001068115234,49.709999084472656,1047100,0.0,0.0
2013-11-14 00:00:00-05:00,49.68000030517578,49.79999923706055,49.11000061035156,49.56999969482422,731900,0.0,0.0
2013-11-15 00:00:00-05:00,49.5099983215332,49.95000076293945,49.369998931884766,49.939998626708984,1330200,0.0,0.0
2013-11-18 00:00:00-05:00,50.0,50.369998931884766,49.0099983215332,49.099998474121094,1538800,0.0,0.0
2013-11-19 00:00:00-05:00,49.099998474121094,49.41999816894531,48.58000183105469,48.83000183105469,1144600,0.0,0.0
2013-11-20 00:00:00-05:00,48.84000015258789,49.2599983215332,48.47999954223633,48.630001068115234,1156800,0.0,0.0
2013-11-21 00:00:00-05:00,48.900001525878906,49.619998931884766,48.65999984741211,49.279998779296875,1103700,0.0,0.0
2013-11-22 00:00:00-05:00,49.29999923706055,49.7400016784668,49.099998474121094,49.689998626708984,925200,0.0,0.0
2013-11-25 00:00:00-05:00,50.0,50.5,49.95000076293945,50.09000015258789,978800,0.0,0.0
2013-11-26 00:00:00-05:00,50.0099983215332,50.81999969482422,49.959999084472656,50.11000061035156,1189600,0.0,0.0
2013-11-27 00:00:00-05:00,50.33000183105469,50.58000183105469,50.13999938964844,50.45000076293945,527100,0.0,0.0
2013-11-29 00:00:00-05:00,50.63999938964844,51.0,50.2599983215332,50.349998474121094,542500,0.0,0.0
2013-12-02 00:00:00-05:00,50.38999938964844,52.09000015258789,50.099998474121094,51.5099983215332,1751900,0.0,0.0
2013-12-03 00:00:00-05:00,51.29999923706055,51.68000030517578,50.689998626708984,51.16999816894531,1317200,0.0,0.0
2013-12-04 00:00:00-05:00,51.0,51.470001220703125,50.119998931884766,50.689998626708984,1514600,0.0,0.0
2013-12-05 00:00:00-05:00,50.70000076293945,51.45000076293945,50.439998626708984,50.79999923706055,936500,0.0,0.0
2013-12-06 00:00:00-05:00,51.400001525878906,51.4900016784668,50.54999923706055,51.20000076293945,1299500,0.0,0.0
2013-12-09 00:00:00-05:00,51.47999954223633,52.630001068115234,51.27000045776367,51.95000076293945,1518300,0.0,0.0
2013-12-10 00:00:00-05:00,51.939998626708984,52.5,51.869998931884766,52.09000015258789,1031900,0.0,0.0
2013-12-11 00:00:00-05:00,52.06999969482422,52.22999954223633,51.16999816894531,51.2599983215332,992600,0.0,0.0
2013-12-12 00:00:00-05:00,51.2599983215332,51.31999969482422,50.7599983215332,51.09000015258789,965200,0.0,0.0
2013-12-13 00:00:00-05:00,51.16999816894531,51.34000015258789,50.779998779296875,50.95000076293945,606400,0.0,0.0
2013-12-16 00:00:00-05:00,51.15999984741211,52.220001220703125,51.15999984741211,51.83000183105469,1112900,0.0,0.0
2013-12-17 00:00:00-05:00,51.93000030517578,51.93000030517578,51.31999969482422,51.75,894800,0.0,0.0
2013-12-18 00:00:00-05:00,51.72999954223633,52.630001068115234,51.279998779296875,52.52000045776367,1788900,0.0,0.0
2013-12-19 00:00:00-05:00,52.5099983215332,53.08000183105469,52.209999084472656,53.04999923706055,1628400,0.0,0.0
2013-12-20 00:00:00-05:00,50.25,50.66999816894531,47.52000045776367,48.08000183105469,8382200,0.0,0.0
2013-12-23 00:00:00-05:00,48.459999084472656,48.65999984741211,47.279998779296875,47.439998626708984,3418700,0.0,0.0
2013-12-24 00:00:00-05:00,47.709999084472656,47.81999969482422,46.900001525878906,47.599998474121094,1222800,0.0,0.0
2013-12-26 00:00:00-05:00,47.790000915527344,48.150001525878906,47.369998931884766,47.470001220703125,1270900,0.0,0.0
2013-12-27 00:00:00-05:00,47.4900016784668,47.4900016784668,46.79999923706055,46.93000030517578,1286000,0.0,0.0
2013-12-30 00:00:00-05:00,46.91999816894531,47.27000045776367,46.61000061035156,47.099998474121094,1318000,0.0,0.0
2013-12-31 00:00:00-05:00,47.099998474121094,47.2400016784668,46.68000030517578,47.02000045776367,1165000,0.0,0.0
2014-01-02 00:00:00-05:00,47.02000045776367,47.25,46.56999969482422,46.900001525878906,1325100,0.0,0.0
2014-01-03 00:00:00-05:00,46.84000015258789,46.90999984741211,46.11000061035156,46.439998626708984,1457800,0.0,0.0
2014-01-06 00:00:00-05:00,46.54999923706055,46.630001068115234,45.560001373291016,45.810001373291016,2399400,0.0,0.0
2014-01-07 00:00:00-05:00,46.439998626708984,46.45000076293945,44.630001068115234,45.34000015258789,4122700,0.0,0.0
2014-01-08 00:00:00-05:00,45.220001220703125,45.38999938964844,44.70000076293945,45.25,2674600,0.0,0.0
2014-01-09 00:00:00-05:00,45.349998474121094,45.70000076293945,44.970001220703125,45.099998474121094,2434300,0.0,0.0
2014-01-10 00:00:00-05:00,45.099998474121094,46.099998474121094,44.630001068115234,45.970001220703125,4279700,0.0,0.0
2014-01-13 00:00:00-05:00,45.70000076293945,45.970001220703125,45.119998931884766,45.220001220703125,2312100,0.0,0.0
2014-01-14 00:00:00-05:00,45.459999084472656,46.04999923706055,45.38999938964844,45.66999816894531,1579000,0.0,0.0
2014-01-15 00:00:00-05:00,45.70000076293945,45.77000045776367,44.77000045776367,44.86000061035156,2185800,0.0,0.0
2014-01-16 00:00:00-05:00,44.7400016784668,44.939998626708984,43.900001525878906,44.65999984741211,3553300,0.0,0.0
2014-01-17 00:00:00-05:00,44.779998779296875,45.310001373291016,44.68000030517578,45.189998626708984,2448600,0.0,0.0
2014-01-21 00:00:00-05:00,45.25,45.470001220703125,44.81999969482422,45.029998779296875,1445200,0.0,0.0
2014-01-22 00:00:00-05:00,45.029998779296875,45.20000076293945,44.650001525878906,44.93000030517578,1668000,0.0,0.0
2014-01-23 00:00:00-05:00,44.75,45.0099983215332,44.56999969482422,44.77000045776367,3030700,0.0,0.0
2014-01-24 00:00:00-05:00,44.439998626708984,44.7599983215332,44.33000183105469,44.56999969482422,2866100,0.0,0.0
2014-01-27 00:00:00-05:00,44.58000183105469,44.970001220703125,44.380001068115234,44.810001373291016,2505200,0.0,0.0
2014-01-28 00:00:00-05:00,44.720001220703125,45.060001373291016,44.65999984741211,44.95000076293945,1921300,0.0,0.0
2014-01-29 00:00:00-05:00,44.7599983215332,45.119998931884766,44.68000030517578,44.72999954223633,3499900,0.0,0.0
2014-01-30 00:00:00-05:00,44.970001220703125,45.189998626708984,44.77000045776367,45.04999923706055,1998900,0.0,0.0
2014-01-31 00:00:00-05:00,44.5099983215332,45.36000061035156,44.5,45.11000061035156,1896900,0.0,0.0
2014-02-03 00:00:00-05:00,45.369998931884766,46.900001525878906,45.290000915527344,45.7599983215332,5083600,0.0,0.0
2014-02-04 00:00:00-05:00,45.83000183105469,46.099998474121094,45.43000030517578,45.70000076293945,1943300,0.0,0.0
2014-02-05 00:00:00-05:00,45.380001068115234,46.31999969482422,45.099998474121094,46.20000076293945,1903000,0.0,0.0
2014-02-06 00:00:00-05:00,46.09000015258789,47.22999954223633,45.93000030517578,47.150001525878906,2010700,0.0,0.0
2014-02-07 00:00:00-05:00,47.220001220703125,47.54999923706055,47.06999969482422,47.540000915527344,1763100,0.0,0.0
2014-02-10 00:00:00-05:00,47.41999816894531,47.540000915527344,46.90999984741211,47.220001220703125,1419800,0.0,0.0
2014-02-11 00:00:00-05:00,47.040000915527344,47.650001525878906,47.02000045776367,47.52000045776367,1313000,0.0,0.0
2014-02-12 00:00:00-05:00,47.52000045776367,47.720001220703125,46.900001525878906,47.02000045776367,958200,0.0,0.0
2014-02-13 00:00:00-05:00,46.790000915527344,47.439998626708984,46.43000030517578,47.36000061035156,1189400,0.0,0.0
2014-02-14 00:00:00-05:00,47.220001220703125,47.61000061035156,47.16999816894531,47.290000915527344,917900,0.0,0.0
2014-02-18 00:00:00-05:00,47.290000915527344,47.63999938964844,47.08000183105469,47.22999954223633,1203300,0.0,0.0
2014-02-19 00:00:00-05:00,47.380001068115234,48.0,47.34000015258789,47.369998931884766,1279800,0.0,0.0
2014-02-20 00:00:00-05:00,47.38999938964844,47.709999084472656,46.900001525878906,47.33000183105469,1632300,0.0,0.0
2014-02-21 00:00:00-05:00,47.2400016784668,47.369998931884766,46.88999938964844,47.04999923706055,1993600,0.0,0.0
2014-02-24 00:00:00-05:00,47.04999923706055,48.08000183105469,47.04999923706055,47.88999938964844,1481500,0.0,0.0
2014-02-25 00:00:00-05:00,47.900001525878906,48.40999984741211,47.790000915527344,48.18000030517578,1022800,0.0,0.0
2014-02-26 00:00:00-05:00,48.2599983215332,48.58000183105469,47.900001525878906,48.290000915527344,1549600,0.0,0.0
2014-02-27 00:00:00-05:00,47.9900016784668,48.689998626708984,47.86000061035156,48.68000030517578,1300700,0.0,0.0
2014-02-28 00:00:00-05:00,48.630001068115234,48.75,48.099998474121094,48.43000030517578,919900,0.0,0.0
2014-03-03 00:00:00-05:00,47.959999084472656,48.31999969482422,47.689998626708984,48.130001068115234,821100,0.0,0.0
2014-03-04 00:00:00-05:00,48.63999938964844,49.439998626708984,48.63999938964844,49.43000030517578,1423900,0.0,0.0
2014-03-05 00:00:00-05:00,49.310001373291016,49.68000030517578,48.95000076293945,49.099998474121094,1308500,0.0,0.0
2014-03-06 00:00:00-05:00,49.150001525878906,49.2400016784668,48.650001525878906,48.95000076293945,1818700,0.0,0.0
2014-03-07 00:00:00-05:00,49.11000061035156,49.43000030517578,48.38999938964844,48.599998474121094,1796800,0.0,0.0
2014-03-10 00:00:00-04:00,48.599998474121094,49.04999923706055,48.310001373291016,48.84000015258789,1879100,0.0,0.0
2014-03-11 00:00:00-04:00,48.88999938964844,49.040000915527344,48.47999954223633,48.529998779296875,1779700,0.0,0.0
2014-03-12 00:00:00-04:00,47.7400016784668,48.25,47.36000061035156,47.63999938964844,2333800,0.0,0.0
2014-03-13 00:00:00-04:00,47.869998931884766,48.150001525878906,46.939998626708984,47.13999938964844,1183300,0.0,0.0
2014-03-14 00:00:00-04:00,47.09000015258789,47.38999938964844,46.88999938964844,47.209999084472656,1544400,0.0,0.0
2014-03-17 00:00:00-04:00,47.47999954223633,47.790000915527344,47.36000061035156,47.560001373291016,941500,0.0,0.0
2014-03-18 00:00:00-04:00,47.54999923706055,48.0099983215332,47.529998779296875,47.90999984741211,837300,0.0,0.0
2014-03-19 00:00:00-04:00,48.0099983215332,48.290000915527344,47.02000045776367,47.349998474121094,1037300,0.0,0.0
2014-03-20 00:00:00-04:00,46.9900016784668,47.540000915527344,46.93000030517578,47.38999938964844,930300,0.0,0.0
2014-03-21 00:00:00-04:00,47.72999954223633,48.54999923706055,47.54999923706055,48.41999816894531,1988800,0.0,0.0
2014-03-24 00:00:00-04:00,48.5,48.66999816894531,47.310001373291016,47.52000045776367,1183700,0.0,0.0
2014-03-25 00:00:00-04:00,47.72999954223633,47.77000045776367,46.40999984741211,46.540000915527344,1447800,0.0,0.0
2014-03-26 00:00:00-04:00,46.650001525878906,46.65999984741211,45.130001068115234,45.31999969482422,2600100,0.0,0.0
2014-03-27 00:00:00-04:00,45.369998931884766,45.560001373291016,44.900001525878906,45.45000076293945,1574400,0.0,0.0
2014-03-28 00:00:00-04:00,45.4900016784668,46.02000045776367,45.40999984741211,45.66999816894531,1101400,0.0,0.0
2014-03-31 00:00:00-04:00,45.810001373291016,47.20000076293945,45.75,46.79999923706055,2346400,0.0,0.0
2014-04-01 00:00:00-04:00,47.0,47.630001068115234,46.970001220703125,47.5,1101200,0.0,0.0
2014-04-02 00:00:00-04:00,47.470001220703125,48.13999938964844,47.400001525878906,47.880001068115234,1314700,0.0,0.0
2014-04-03 00:00:00-04:00,47.90999984741211,48.29999923706055,47.13999938964844,47.560001373291016,3006200,0.0,0.0
2014-04-04 00:00:00-04:00,46.0,46.84000015258789,45.2400016784668,45.560001373291016,4239400,0.0,0.0
2014-04-07 00:00:00-04:00,45.45000076293945,45.63999938964844,43.380001068115234,43.68000030517578,2965400,0.0,0.0
2014-04-08 00:00:00-04:00,43.52000045776367,44.689998626708984,43.400001525878906,44.459999084472656,1736600,0.0,0.0
2014-04-09 00:00:00-04:00,44.459999084472656,45.20000076293945,44.459999084472656,45.040000915527344,1503900,0.0,0.0
2014-04-10 00:00:00-04:00,45.0099983215332,45.459999084472656,43.68000030517578,43.7599983215332,2399800,0.0,0.0
2014-04-11 00:00:00-04:00,43.400001525878906,43.68000030517578,42.65999984741211,42.880001068115234,2922900,0.0,0.0
2014-04-14 00:00:00-04:00,43.2400016784668,43.90999984741211,42.97999954223633,43.31999969482422,2191700,0.0,0.0
2014-04-15 00:00:00-04:00,43.34000015258789,43.47999954223633,42.540000915527344,43.369998931884766,1793100,0.0,0.0
2014-04-16 00:00:00-04:00,43.650001525878906,44.029998779296875,43.5099983215332,43.810001373291016,1064500,0.0,0.0
2014-04-17 00:00:00-04:00,43.7599983215332,44.65999984741211,43.7599983215332,44.439998626708984,1555400,0.0,0.0
2014-04-21 00:00:00-04:00,44.279998779296875,44.58000183105469,43.689998626708984,43.720001220703125,1441700,0.0,0.0
2014-04-22 00:00:00-04:00,43.7400016784668,44.16999816894531,43.4900016784668,43.5099983215332,1709000,0.0,0.0
2014-04-23 00:00:00-04:00,43.4900016784668,43.91999816894531,43.20000076293945,43.25,1581900,0.0,0.0
2014-04-24 00:00:00-04:00,43.380001068115234,43.70000076293945,43.04999923706055,43.540000915527344,1646800,0.0,0.0
2014-04-25 00:00:00-04:00,43.41999816894531,43.4900016784668,42.790000915527344,42.97999954223633,937100,0.0,0.0
2014-04-28 00:00:00-04:00,43.2400016784668,43.5099983215332,42.81999969482422,43.16999816894531,2517100,0.0,0.0
2014-04-29 00:00:00-04:00,43.189998626708984,43.84000015258789,43.13999938964844,43.68000030517578,1234100,0.0,0.0
2014-04-30 00:00:00-04:00,43.63999938964844,43.83000183105469,43.400001525878906,43.779998779296875,1278100,0.0,0.0
2014-05-01 00:00:00-04:00,43.869998931884766,44.58000183105469,43.810001373291016,44.47999954223633,1744300,0.0,0.0
2014-05-02 00:00:00-04:00,44.5,45.04999923706055,44.5,44.86000061035156,1127200,0.0,0.0
2014-05-05 00:00:00-04:00,44.540000915527344,45.02000045776367,44.2400016784668,44.29999923706055,1180700,0.0,0.0
2014-05-06 00:00:00-04:00,43.63999938964844,43.81999969482422,43.0,43.630001068115234,2938200,0.0,0.0
2014-05-07 00:00:00-04:00,43.79999923706055,44.34000015258789,43.599998474121094,44.11000061035156,2787200,0.0,0.0
2014-05-08 00:00:00-04:00,44.060001373291016,45.099998474121094,43.9900016784668,44.599998474121094,1910500,0.0,0.0
2014-05-09 00:00:00-04:00,44.63999938964844,45.040000915527344,44.38999938964844,44.97999954223633,1115600,0.0,0.0
2014-05-12 00:00:00-04:00,45.119998931884766,45.709999084472656,45.119998931884766,45.61000061035156,815700,0.0,0.0
2014-05-13 00:00:00-04:00,45.619998931884766,45.88999938964844,45.43000030517578,45.4900016784668,1451600,0.0,0.0
2014-05-14 00:00:00-04:00,45.470001220703125,45.5,44.720001220703125,44.79999923706055,939600,0.0,0.0
2014-05-15 00:00:00-04:00,44.599998474121094,44.709999084472656,43.849998474121094,44.189998626708984,1225200,0.0,0.0
2014-05-16 00:00:00-04:00,44.189998626708984,44.77000045776367,44.189998626708984,44.52000045776367,882900,0.0,0.0
2014-05-19 00:00:00-04:00,44.290000915527344,44.84000015258789,44.279998779296875,44.560001373291016,1079800,0.0,0.0
2014-05-20 00:00:00-04:00,44.369998931884766,44.369998931884766,43.72999954223633,43.880001068115234,1291100,0.0,0.0
2014-05-21 00:00:00-04:00,44.11000061035156,44.5099983215332,43.720001220703125,44.34000015258789,968100,0.0,0.0
2014-05-22 00:00:00-04:00,44.2599983215332,44.91999816894531,44.220001220703125,44.529998779296875,943400,0.0,0.0
2014-05-23 00:00:00-04:00,44.66999816894531,44.84000015258789,44.58000183105469,44.70000076293945,579600,0.0,0.0
2014-05-27 00:00:00-04:00,44.869998931884766,45.439998626708984,44.869998931884766,45.08000183105469,1171800,0.0,0.0
2014-05-28 00:00:00-04:00,45.0099983215332,45.25,44.84000015258789,44.880001068115234,1051900,0.0,0.0
2014-05-29 00:00:00-04:00,45.0099983215332,45.22999954223633,44.810001373291016,44.97999954223633,958400,0.0,0.0
2014-05-30 00:00:00-04:00,44.83000183105469,45.099998474121094,44.29999923706055,44.310001373291016,1515500,0.0,0.0
2014-06-02 00:00:00-04:00,44.380001068115234,44.5,43.9900016784668,44.29999923706055,1485900,0.0,0.0
2014-06-03 00:00:00-04:00,44.13999938964844,45.66999816894531,44.09000015258789,45.5099983215332,2101600,0.0,0.0
2014-06-04 00:00:00-04:00,45.349998474121094,46.22999954223633,45.27000045776367,46.0099983215332,1809900,0.0,0.0
2014-06-05 00:00:00-04:00,46.0099983215332,46.27000045776367,45.93000030517578,46.11000061035156,1345900,0.0,0.0
2014-06-06 00:00:00-04:00,46.09000015258789,46.56999969482422,46.09000015258789,46.43000030517578,1579400,0.0,0.0
2014-06-09 00:00:00-04:00,46.38999938964844,46.5,46.150001525878906,46.27000045776367,1136900,0.0,0.0
2014-06-10 00:00:00-04:00,46.209999084472656,46.38999938964844,46.0,46.11000061035156,853700,0.0,0.0
2014-06-11 00:00:00-04:00,45.97999954223633,46.08000183105469,45.630001068115234,45.720001220703125,945500,0.0,0.0
2014-06-12 00:00:00-04:00,45.529998779296875,45.560001373291016,43.86000061035156,43.869998931884766,2470200,0.0,0.0
2014-06-13 00:00:00-04:00,43.869998931884766,44.279998779296875,43.79999923706055,44.189998626708984,1183000,0.0,0.0
2014-06-16 00:00:00-04:00,44.22999954223633,44.5099983215332,43.88999938964844,44.29999923706055,1709800,0.0,0.0
2014-06-17 00:00:00-04:00,44.2400016784668,44.63999938964844,44.0099983215332,44.290000915527344,2965100,0.0,0.0
2014-06-18 00:00:00-04:00,44.22999954223633,45.0,44.060001373291016,44.95000076293945,1184000,0.0,0.0
2014-06-19 00:00:00-04:00,45.25,45.31999969482422,44.7599983215332,45.279998779296875,2457200,0.0,0.0
2014-06-20 00:00:00-04:00,51.900001525878906,53.66999816894531,50.720001220703125,52.75,12146300,0.0,0.0
2014-06-23 00:00:00-04:00,51.630001068115234,52.31999969482422,50.68000030517578,51.90999984741211,4569200,0.0,0.0
2014-06-24 00:00:00-04:00,51.0,51.41999816894531,49.88999938964844,50.06999969482422,4010600,0.0,0.0
2014-06-25 00:00:00-04:00,50.02000045776367,50.290000915527344,49.72999954223633,50.0099983215332,2185600,0.0,0.0
2014-06-26 00:00:00-04:00,50.29999923706055,51.619998931884766,50.220001220703125,51.56999969482422,2100200,0.0,0.0
2014-06-27 00:00:00-04:00,51.290000915527344,52.33000183105469,51.209999084472656,51.880001068115234,2331700,0.0,0.0
2014-06-30 00:00:00-04:00,51.599998474121094,52.15999984741211,51.529998779296875,52.0099983215332,1477300,0.0,0.0
2014-07-01 00:00:00-04:00,52.09000015258789,52.41999816894531,51.7599983215332,52.15999984741211,1688500,0.0,0.0
2014-07-02 00:00:00-04:00,52.04999923706055,52.7400016784668,52.04999923706055,52.599998474121094,1194700,0.0,0.0
2014-07-03 00:00:00-04:00,52.70000076293945,53.150001525878906,52.41999816894531,52.95000076293945,822300,0.0,0.0
2014-07-07 00:00:00-04:00,52.900001525878906,52.900001525878906,52.380001068115234,52.54999923706055,1004000,0.0,0.0
2014-07-08 00:00:00-04:00,52.31999969482422,52.5,51.810001373291016,52.16999816894531,1466300,0.0,0.0
2014-07-09 00:00:00-04:00,52.29999923706055,53.70000076293945,52.220001220703125,53.439998626708984,2567500,0.0,0.0
2014-07-10 00:00:00-04:00,52.52000045776367,52.599998474121094,51.939998626708984,52.43000030517578,2128300,0.0,0.0
2014-07-11 00:00:00-04:00,52.4900016784668,52.72999954223633,51.709999084472656,52.189998626708984,2045700,0.0,0.0
2014-07-14 00:00:00-04:00,52.630001068115234,52.72999954223633,52.290000915527344,52.459999084472656,1056700,0.0,0.0
2014-07-15 00:00:00-04:00,52.22999954223633,52.709999084472656,52.0,52.45000076293945,1372100,0.0,0.0
2014-07-16 00:00:00-04:00,52.56999969482422,52.939998626708984,52.380001068115234,52.59000015258789,1087400,0.0,0.0
2014-07-17 00:00:00-04:00,52.209999084472656,52.45000076293945,51.029998779296875,51.099998474121094,1462300,0.0,0.0
2014-07-18 00:00:00-04:00,51.529998779296875,52.189998626708984,51.439998626708984,52.150001525878906,800900,0.0,0.0
2014-07-21 00:00:00-04:00,51.66999816894531,51.970001220703125,51.290000915527344,51.65999984741211,963900,0.0,0.0
2014-07-22 00:00:00-04:00,51.81999969482422,51.81999969482422,51.16999816894531,51.31999969482422,895400,0.0,0.0
2014-07-23 00:00:00-04:00,51.40999984741211,51.40999984741211,50.7400016784668,50.84000015258789,1544600,0.0,0.0
2014-07-24 00:00:00-04:00,51.029998779296875,51.33000183105469,50.77000045776367,50.91999816894531,1134000,0.0,0.0
2014-07-25 00:00:00-04:00,50.68000030517578,50.720001220703125,50.18000030517578,50.41999816894531,1225600,0.0,0.0
2014-07-28 00:00:00-04:00,50.5099983215332,50.560001373291016,49.810001373291016,49.939998626708984,1172500,0.0,0.0
2014-07-29 00:00:00-04:00,50.060001373291016,50.290000915527344,49.43000030517578,49.43000030517578,1237800,0.0,0.0
2014-07-30 00:00:00-04:00,49.63999938964844,50.15999984741211,49.560001373291016,50.060001373291016,1492700,0.0,0.0
2014-07-31 00:00:00-04:00,49.5099983215332,49.970001220703125,48.63999938964844,48.810001373291016,1185600,0.0,0.0
2014-08-01 00:00:00-04:00,48.9900016784668,50.95000076293945,48.9900016784668,49.959999084472656,2033600,0.0,0.0
2014-08-04 00:00:00-04:00,49.959999084472656,50.849998474121094,49.849998474121094,50.68000030517578,1625400,0.0,0.0
2014-08-05 00:00:00-04:00,50.2400016784668,50.40999984741211,49.4900016784668,49.68000030517578,1266600,0.0,0.0
2014-08-06 00:00:00-04:00,49.459999084472656,50.45000076293945,49.45000076293945,50.029998779296875,732200,0.0,0.0
2014-08-07 00:00:00-04:00,50.189998626708984,50.31999969482422,49.279998779296875,49.38999938964844,698200,0.0,0.0
2014-08-08 00:00:00-04:00,49.47999954223633,50.630001068115234,49.47999954223633,50.56999969482422,749100,0.0,0.0
2014-08-11 00:00:00-04:00,50.619998931884766,50.939998626708984,50.34000015258789,50.599998474121094,618800,0.0,0.0
2014-08-12 00:00:00-04:00,50.43000030517578,50.70000076293945,49.88999938964844,50.0,559000,0.0,0.0
2014-08-13 00:00:00-04:00,49.43000030517578,50.040000915527344,49.38999938964844,49.810001373291016,748800,0.0,0.0
2014-08-14 00:00:00-04:00,49.95000076293945,50.84000015258789,49.90999984741211,50.70000076293945,948000,0.0,0.0
2014-08-15 00:00:00-04:00,50.86000061035156,50.93000030517578,49.900001525878906,50.400001525878906,833000,0.0,0.0
2014-08-18 00:00:00-04:00,50.599998474121094,51.20000076293945,50.59000015258789,50.91999816894531,672600,0.0,0.0
2014-08-19 00:00:00-04:00,50.9900016784668,51.290000915527344,50.869998931884766,50.959999084472656,659900,0.0,0.0
2014-08-20 00:00:00-04:00,50.619998931884766,51.369998931884766,50.5099983215332,51.25,790100,0.0,0.0
2014-08-21 00:00:00-04:00,51.38999938964844,51.45000076293945,50.790000915527344,51.08000183105469,913700,0.0,0.0
2014-08-22 00:00:00-04:00,51.09000015258789,51.36000061035156,50.630001068115234,51.2599983215332,1074100,0.0,0.0
2014-08-25 00:00:00-04:00,51.540000915527344,51.77000045776367,51.08000183105469,51.56999969482422,828300,0.0,0.0
2014-08-26 00:00:00-04:00,51.650001525878906,52.0,51.54999923706055,51.86000061035156,949600,0.0,0.0
2014-08-27 00:00:00-04:00,51.970001220703125,52.11000061035156,51.77000045776367,52.0,678000,0.0,0.0
2014-08-28 00:00:00-04:00,51.09000015258789,52.16999816894531,50.939998626708984,51.959999084472656,610200,0.0,0.0
2014-08-29 00:00:00-04:00,51.97999954223633,52.5099983215332,51.880001068115234,52.400001525878906,839700,0.0,0.0
2014-09-02 00:00:00-04:00,52.400001525878906,52.95000076293945,51.779998779296875,51.880001068115234,1350400,0.0,0.0
2014-09-03 00:00:00-04:00,52.27000045776367,52.91999816894531,51.95000076293945,52.79999923706055,1558100,0.0,0.0
2014-09-04 00:00:00-04:00,52.9900016784668,53.59000015258789,52.900001525878906,53.34000015258789,1683300,0.0,0.0
2014-09-05 00:00:00-04:00,53.279998779296875,53.77000045776367,53.040000915527344,53.709999084472656,1361300,0.0,0.0
2014-09-08 00:00:00-04:00,53.650001525878906,54.279998779296875,52.810001373291016,52.84000015258789,1239900,0.0,0.0
2014-09-09 00:00:00-04:00,52.599998474121094,52.720001220703125,51.939998626708984,52.2400016784668,1022100,0.0,0.0
2014-09-10 00:00:00-04:00,52.31999969482422,52.369998931884766,51.720001220703125,52.099998474121094,943900,0.0,0.0
2014-09-11 00:00:00-04:00,51.7599983215332,52.65999984741211,51.7599983215332,52.540000915527344,1482000,0.0,0.0
2014-09-12 00:00:00-04:00,52.58000183105469,53.22999954223633,52.38999938964844,52.529998779296875,1343600,0.0,0.0
2014-09-15 00:00:00-04:00,52.25,52.7599983215332,51.95000076293945,52.04999923706055,1569900,0.0,0.0
2014-09-16 00:00:00-04:00,51.77000045776367,52.529998779296875,51.4900016784668,52.130001068115234,1472900,0.0,0.0
2014-09-17 00:00:00-04:00,52.77000045776367,53.93000030517578,52.4900016784668,53.349998474121094,2162800,0.0,0.0
2014-09-18 00:00:00-04:00,53.56999969482422,53.650001525878906,53.20000076293945,53.52000045776367,1397000,0.0,0.0
2014-09-19 00:00:00-04:00,53.869998931884766,54.0099983215332,53.25,53.56999969482422,1872700,0.0,0.0
2014-09-22 00:00:00-04:00,53.5099983215332,53.83000183105469,52.720001220703125,52.810001373291016,2687000,0.0,0.0
2014-09-23 00:00:00-04:00,49.13999938964844,49.70000076293945,47.04999923706055,47.79999923706055,10021900,0.0,0.0
2014-09-24 00:00:00-04:00,47.77000045776367,48.790000915527344,47.77000045776367,48.47999954223633,3258100,0.0,0.0
2014-09-25 00:00:00-04:00,48.209999084472656,48.310001373291016,47.060001373291016,47.52000045776367,2645300,0.0,0.0
2014-09-26 00:00:00-04:00,47.65999984741211,47.84000015258789,47.119998931884766,47.5,1457700,0.0,0.0
2014-09-29 00:00:00-04:00,47.11000061035156,47.5,46.84000015258789,47.11000061035156,1504500,0.0,0.0
2014-09-30 00:00:00-04:00,47.04999923706055,47.04999923706055,46.439998626708984,46.45000076293945,2295800,0.0,0.0
2014-10-01 00:00:00-04:00,46.38999938964844,46.41999816894531,45.2400016784668,45.310001373291016,2683500,0.0,0.0
2014-10-02 00:00:00-04:00,46.130001068115234,46.20000076293945,45.2599983215332,46.04999923706055,2651400,0.0,0.0
2014-10-03 00:00:00-04:00,46.33000183105469,47.2599983215332,46.2599983215332,46.83000183105469,2458400,0.0,0.0
2014-10-06 00:00:00-04:00,46.88999938964844,47.40999984741211,46.7599983215332,46.900001525878906,1845800,0.0,0.0
2014-10-07 00:00:00-04:00,46.7599983215332,47.2599983215332,46.439998626708984,46.439998626708984,2477200,0.0,0.0
2014-10-08 00:00:00-04:00,46.38999938964844,47.4900016784668,46.15999984741211,47.41999816894531,1884400,0.0,0.0
2014-10-09 00:00:00-04:00,47.130001068115234,47.72999954223633,46.290000915527344,46.29999923706055,2100400,0.0,0.0
2014-10-10 00:00:00-04:00,46.25,46.41999816894531,45.400001525878906,45.599998474121094,1919700,0.0,0.0
2014-10-13 00:00:00-04:00,45.27000045776367,45.279998779296875,43.81999969482422,43.900001525878906,4993800,0.0,0.0
2014-10-14 00:00:00-04:00,44.119998931884766,45.220001220703125,43.869998931884766,44.58000183105469,2719900,0.0,0.0
2014-10-15 00:00:00-04:00,43.84000015258789,45.31999969482422,43.27000045776367,45.060001373291016,2641600,0.0,0.0
2014-10-16 00:00:00-04:00,44.5099983215332,46.439998626708984,44.34000015258789,45.880001068115234,3308300,0.0,0.0
2014-10-17 00:00:00-04:00,46.34000015258789,47.43000030517578,46.22999954223633,46.709999084472656,2546100,0.0,0.0
2014-10-20 00:00:00-04:00,46.58000183105469,47.5,46.58000183105469,47.08000183105469,1643800,0.0,0.0
2014-10-21 00:00:00-04:00,47.380001068115234,48.90999984741211,47.310001373291016,48.79999923706055,2689000,0.0,0.0
2014-10-22 00:00:00-04:00,48.709999084472656,49.939998626708984,48.27000045776367,48.33000183105469,2904800,0.0,0.0
2014-10-23 00:00:00-04:00,49.58000183105469,53.310001373291016,49.58000183105469,52.72999954223633,6202900,0.0,0.0
2014-10-24 00:00:00-04:00,52.709999084472656,53.90999984741211,52.31999969482422,53.58000183105469,2161500,0.0,0.0
2014-10-27 00:00:00-04:00,53.560001373291016,54.970001220703125,53.560001373291016,54.77000045776367,2466200,0.0,0.0
2014-10-28 00:00:00-04:00,55.0,56.45000076293945,54.84000015258789,55.7400016784668,3067400,0.0,0.0
2014-10-29 00:00:00-04:00,55.88999938964844,55.88999938964844,54.31999969482422,54.959999084472656,2808500,0.0,0.0
2014-10-30 00:00:00-04:00,54.88999938964844,55.93000030517578,54.810001373291016,55.7599983215332,1576200,0.0,0.0
2014-10-31 00:00:00-04:00,56.63999938964844,56.869998931884766,55.650001525878906,55.90999984741211,2376700,0.0,0.0
2014-11-03 00:00:00-05:00,55.880001068115234,56.869998931884766,55.880001068115234,56.31999969482422,1709400,0.0,0.0
2014-11-04 00:00:00-05:00,55.90999984741211,56.06999969482422,54.91999816894531,55.43000030517578,1648600,0.0,0.0
2014-11-05 00:00:00-05:00,55.900001525878906,56.68000030517578,55.459999084472656,56.56999969482422,1340600,0.0,0.0
2014-11-06 00:00:00-05:00,56.130001068115234,56.630001068115234,55.25,56.2599983215332,2550200,0.0,0.0
2014-11-07 00:00:00-05:00,56.38999938964844,56.45000076293945,55.5099983215332,55.63999938964844,2280600,0.0,0.0
2014-11-10 00:00:00-05:00,55.63999938964844,56.349998474121094,55.5,56.08000183105469,1337300,0.0,0.0
2014-11-11 00:00:00-05:00,55.900001525878906,56.13999938964844,55.52000045776367,55.7400016784668,1207600,0.0,0.0
2014-11-12 00:00:00-05:00,55.470001220703125,56.06999969482422,55.099998474121094,55.900001525878906,1358600,0.0,0.0
2014-11-13 00:00:00-05:00,56.119998931884766,56.529998779296875,55.63999938964844,55.849998474121094,1703200,0.0,0.0
2014-11-14 00:00:00-05:00,55.79999923706055,55.97999954223633,55.439998626708984,55.650001525878906,1347300,0.0,0.0
2014-11-17 00:00:00-05:00,54.2400016784668,55.08000183105469,54.040000915527344,54.65999984741211,2004400,0.0,0.0
2014-11-18 00:00:00-05:00,54.72999954223633,55.43000030517578,54.369998931884766,55.130001068115234,1148400,0.0,0.0
2014-11-19 00:00:00-05:00,55.189998626708984,55.459999084472656,54.790000915527344,55.029998779296875,1136000,0.0,0.0
2014-11-20 00:00:00-05:00,54.81999969482422,55.66999816894531,54.81999969482422,55.04999923706055,1183400,0.0,0.0
2014-11-21 00:00:00-05:00,55.66999816894531,56.36000061035156,55.18000030517578,56.09000015258789,1657200,0.0,0.0
2014-11-24 00:00:00-05:00,56.209999084472656,56.709999084472656,56.0,56.310001373291016,990300,0.0,0.0
2014-11-25 00:00:00-05:00,56.459999084472656,57.189998626708984,56.349998474121094,56.709999084472656,1522500,0.0,0.0
2014-11-26 00:00:00-05:00,56.86000061035156,56.900001525878906,55.9900016784668,56.25,862100,0.0,0.0
2014-11-28 00:00:00-05:00,56.52000045776367,57.279998779296875,56.2599983215332,56.97999954223633,610900,0.0,0.0
2014-12-01 00:00:00-05:00,56.63999938964844,56.63999938964844,55.86000061035156,56.13999938964844,1509900,0.0,0.0
2014-12-02 00:00:00-05:00,57.810001373291016,58.34000015258789,56.689998626708984,57.099998474121094,2328100,0.0,0.0
2014-12-03 00:00:00-05:00,56.529998779296875,58.900001525878906,56.529998779296875,58.72999954223633,1870500,0.0,0.0
2014-12-04 00:00:00-05:00,58.41999816894531,59.75,58.290000915527344,59.31999969482422,1796200,0.0,0.0
2014-12-05 00:00:00-05:00,59.150001525878906,59.18000030517578,58.599998474121094,59.06999969482422,1337600,0.0,0.0
2014-12-08 00:00:00-05:00,58.869998931884766,59.400001525878906,58.25,58.47999954223633,1416100,0.0,0.0
2014-12-09 00:00:00-05:00,57.97999954223633,59.54999923706055,57.93000030517578,59.45000076293945,1581000,0.0,0.0
2014-12-10 00:00:00-05:00,59.16999816894531,59.650001525878906,58.66999816894531,58.900001525878906,1465000,0.0,0.0
2014-12-11 00:00:00-05:00,59.02000045776367,60.65999984741211,59.02000045776367,59.5099983215332,2033800,0.0,0.0
2014-12-12 00:00:00-05:00,58.939998626708984,60.09000015258789,58.2599983215332,58.29999923706055,1843200,0.0,0.0
2014-12-15 00:00:00-05:00,58.81999969482422,59.2599983215332,57.81999969482422,58.84000015258789,2188600,0.0,0.0
2014-12-16 00:00:00-05:00,58.84000015258789,59.279998779296875,58.220001220703125,58.22999954223633,2752100,0.0,0.0
2014-12-17 00:00:00-05:00,58.25,60.33000183105469,58.15999984741211,60.11000061035156,2394200,0.0,0.0
2014-12-18 00:00:00-05:00,60.41999816894531,60.54999923706055,59.220001220703125,60.529998779296875,3831600,0.0,0.0
2014-12-19 00:00:00-05:00,65.56999969482422,67.43000030517578,64.66000366210938,67.31999969482422,6684400,0.0,0.0
2014-12-22 00:00:00-05:00,67.31999969482422,68.70999908447266,67.16999816894531,67.8499984741211,4509700,0.0,0.0
2014-12-23 00:00:00-05:00,67.66000366210938,68.30999755859375,67.44000244140625,67.76000213623047,3970000,0.0,0.0
2014-12-24 00:00:00-05:00,67.81999969482422,68.05999755859375,67.52999877929688,67.61000061035156,807100,0.0,0.0
2014-12-26 00:00:00-05:00,67.80000305175781,68.30999755859375,67.2300033569336,67.61000061035156,845500,0.0,0.0
2014-12-29 00:00:00-05:00,67.29000091552734,67.95999908447266,67.0199966430664,67.87000274658203,1028000,0.0,0.0
2014-12-30 00:00:00-05:00,67.37999725341797,67.86000061035156,67.08000183105469,67.23999786376953,1092600,0.0,0.0
2014-12-31 00:00:00-05:00,67.5199966430664,67.94999694824219,66.51000213623047,66.58000183105469,1618800,0.0,0.0
2015-01-02 00:00:00-05:00,67.04000091552734,67.70999908447266,65.86000061035156,66.47000122070312,2147400,0.0,0.0
2015-01-05 00:00:00-05:00,66.01000213623047,66.30999755859375,64.0999984741211,64.58000183105469,2115800,0.0,0.0
2015-01-06 00:00:00-05:00,64.97000122070312,65.08000183105469,63.060001373291016,63.77000045776367,2356800,0.0,0.0
2015-01-07 00:00:00-05:00,64.44000244140625,64.80000305175781,63.790000915527344,64.77999877929688,1653900,0.0,0.0
2015-01-08 00:00:00-05:00,65.66000366210938,66.30000305175781,65.4800033569336,66.08999633789062,1506500,0.0,0.0
2015-01-09 00:00:00-05:00,65.87999725341797,66.01000213623047,64.9000015258789,65.04000091552734,1544900,0.0,0.0
2015-01-12 00:00:00-05:00,64.93000030517578,65.2300033569336,64.18000030517578,64.3499984741211,1434000,0.0,0.0
2015-01-13 00:00:00-05:00,65.05999755859375,65.72000122070312,63.77000045776367,64.2699966430664,1271200,0.0,0.0
2015-01-14 00:00:00-05:00,63.97999954223633,64.08000183105469,62.58000183105469,63.41999816894531,1783400,0.0,0.0
2015-01-15 00:00:00-05:00,64.04000091552734,64.94000244140625,62.18000030517578,62.22999954223633,1283100,0.0,0.0
2015-01-16 00:00:00-05:00,61.93000030517578,63.560001373291016,61.83000183105469,63.5099983215332,1704700,0.0,0.0
2015-01-20 00:00:00-05:00,63.54999923706055,63.709999084472656,62.119998931884766,62.810001373291016,1148500,0.0,0.0
2015-01-21 00:00:00-05:00,62.599998474121094,63.36000061035156,62.209999084472656,63.0099983215332,1231000,0.0,0.0
2015-01-22 00:00:00-05:00,63.290000915527344,64.44000244140625,62.7599983215332,64.23999786376953,1084800,0.0,0.0
2015-01-23 00:00:00-05:00,64.37999725341797,65.8499984741211,64.2699966430664,64.87000274658203,1621400,0.0,0.0
2015-01-26 00:00:00-05:00,64.75,65.41999816894531,64.23999786376953,64.7699966430664,1397200,0.0,0.0
2015-01-27 00:00:00-05:00,63.900001525878906,64.51000213623047,63.38999938964844,63.70000076293945,1404800,0.0,0.0
2015-01-28 00:00:00-05:00,64.11000061035156,64.37999725341797,62.41999816894531,62.529998779296875,1172700,0.0,0.0
2015-01-29 00:00:00-05:00,62.599998474121094,63.45000076293945,62.220001220703125,63.310001373291016,918600,0.0,0.0
2015-01-30 00:00:00-05:00,62.70000076293945,63.20000076293945,62.02000045776367,62.099998474121094,1164500,0.0,0.0
2015-02-02 00:00:00-05:00,62.209999084472656,62.59000015258789,60.83000183105469,62.529998779296875,1253800,0.0,0.0
2015-02-03 00:00:00-05:00,63.20000076293945,63.90999984741211,62.75,63.75,1640100,0.0,0.0
2015-02-04 00:00:00-05:00,63.61000061035156,64.81999969482422,63.45000076293945,64.45999908447266,1567800,0.0,0.0
2015-02-05 00:00:00-05:00,64.66000366210938,64.9800033569336,64.23999786376953,64.52999877929688,1384200,0.0,0.0
2015-02-06 00:00:00-05:00,64.54000091552734,64.97000122070312,64.13999938964844,64.41999816894531,853400,0.0,0.0
2015-02-09 00:00:00-05:00,63.959999084472656,65.01000213623047,63.810001373291016,64.55000305175781,1333100,0.0,0.0
2015-02-10 00:00:00-05:00,65.05000305175781,65.73999786376953,64.9000015258789,65.66999816894531,1621200,0.0,0.0
2015-02-11 00:00:00-05:00,65.41999816894531,66.08000183105469,64.7699966430664,65.97000122070312,1380800,0.0,0.0
2015-02-12 00:00:00-05:00,66.04000091552734,66.66999816894531,65.51000213623047,66.58000183105469,1066400,0.0,0.0
2015-02-13 00:00:00-05:00,66.51000213623047,67.7300033569336,66.51000213623047,67.68000030517578,1284000,0.0,0.0
2015-02-17 00:00:00-05:00,67.66000366210938,68.08000183105469,67.01000213623047,67.4800033569336,1013200,0.0,0.0
2015-02-18 00:00:00-05:00,67.16999816894531,67.69000244140625,66.88999938964844,67.51000213623047,1041200,0.0,0.0
2015-02-19 00:00:00-05:00,67.55000305175781,68.41000366210938,67.33999633789062,68.30000305175781,1081900,0.0,0.0
2015-02-20 00:00:00-05:00,68.22000122070312,68.33000183105469,66.9800033569336,68.12999725341797,1143800,0.0,0.0
2015-02-23 00:00:00-05:00,68.19999694824219,68.33000183105469,67.26000213623047,67.61000061035156,584900,0.0,0.0
2015-02-24 00:00:00-05:00,66.5999984741211,67.66999816894531,65.87000274658203,67.27999877929688,876000,0.0,0.0
2015-02-25 00:00:00-05:00,67.41000366210938,68.1500015258789,67.4000015258789,68.0999984741211,686500,0.0,0.0
2015-02-26 00:00:00-05:00,68.12000274658203,68.30000305175781,67.56999969482422,67.7300033569336,870300,0.0,0.0
2015-02-27 00:00:00-05:00,67.75,67.9800033569336,66.98999786376953,67.11000061035156,878900,0.0,0.0
2015-03-02 00:00:00-05:00,67.31999969482422,68.2300033569336,67.1500015258789,67.7699966430664,1393700,0.0,0.0
2015-03-03 00:00:00-05:00,67.69000244140625,67.69000244140625,66.94999694824219,67.38999938964844,898600,0.0,0.0
2015-03-04 00:00:00-05:00,65.86000061035156,66.0,64.54000091552734,64.69000244140625,1739900,0.0,0.0
2015-03-05 00:00:00-05:00,64.69000244140625,65.0199966430664,64.52999877929688,64.62000274658203,1296400,0.0,0.0
2015-03-06 00:00:00-05:00,64.12000274658203,64.62999725341797,62.88999938964844,63.0,2098800,0.0,0.0
2015-03-09 00:00:00-04:00,62.84000015258789,63.45000076293945,62.459999084472656,63.20000076293945,1646200,0.0,0.0
2015-03-10 00:00:00-04:00,62.720001220703125,63.0,62.150001525878906,62.150001525878906,1753800,0.0,0.0
2015-03-11 00:00:00-04:00,62.22999954223633,62.45000076293945,61.97999954223633,62.0,1633700,0.0,0.0
2015-03-12 00:00:00-04:00,62.29999923706055,62.95000076293945,62.150001525878906,62.45000076293945,2225500,0.0,0.0
2015-03-13 00:00:00-04:00,62.66999816894531,63.41999816894531,62.310001373291016,63.31999969482422,1460800,0.0,0.0
2015-03-16 00:00:00-04:00,63.72999954223633,64.4000015258789,63.72999954223633,64.18000030517578,1474700,0.0,0.0
2015-03-17 00:00:00-04:00,63.959999084472656,64.86000061035156,63.849998474121094,64.72000122070312,1642400,0.0,0.0
2015-03-18 00:00:00-04:00,64.69000244140625,66.0,64.16000366210938,65.4800033569336,1197300,0.0,0.0
2015-03-19 00:00:00-04:00,65.20999908447266,65.83000183105469,65.16000366210938,65.63999938964844,976600,0.0,0.0
2015-03-20 00:00:00-04:00,66.13999938964844,66.69000244140625,65.5199966430664,66.55000305175781,2390800,0.0,0.0
2015-03-23 00:00:00-04:00,66.5,66.9800033569336,66.23999786376953,66.44999694824219,1034000,0.0,0.0
2015-03-24 00:00:00-04:00,66.4000015258789,67.83999633789062,66.2300033569336,67.30000305175781,1623400,0.0,0.0
2015-03-25 00:00:00-04:00,67.2300033569336,67.44999694824219,66.18000030517578,66.3499984741211,2103600,0.0,0.0
2015-03-26 00:00:00-04:00,65.87000274658203,66.19000244140625,65.26000213623047,65.80000305175781,1862800,0.0,0.0
2015-03-27 00:00:00-04:00,65.73999786376953,66.80999755859375,65.66000366210938,66.69000244140625,1824400,0.0,0.0
2015-03-30 00:00:00-04:00,67.19000244140625,69.29000091552734,66.97000122070312,69.22000122070312,1894600,0.0,0.0
2015-03-31 00:00:00-04:00,69.19000244140625,69.5999984741211,68.75,69.01000213623047,3272700,0.0,0.0
2015-04-01 00:00:00-04:00,69.01000213623047,69.20999908447266,67.66999816894531,68.38999938964844,2713500,0.0,0.0
2015-04-02 00:00:00-04:00,71.9800033569336,75.4000015258789,71.97000122070312,74.7300033569336,9037200,0.0,0.0
2015-04-06 00:00:00-04:00,74.16000366210938,75.22000122070312,73.7699966430664,73.94999694824219,3105900,0.0,0.0
2015-04-07 00:00:00-04:00,73.94999694824219,74.25,73.27999877929688,73.41999816894531,2881300,0.0,0.0
2015-04-08 00:00:00-04:00,73.62000274658203,74.06999969482422,73.36000061035156,74.06999969482422,2574700,0.0,0.0
2015-04-09 00:00:00-04:00,74.0,74.55000305175781,73.4000015258789,74.11000061035156,1486300,0.0,0.0
2015-04-10 00:00:00-04:00,74.01000213623047,74.13999938964844,73.11000061035156,73.19000244140625,1175000,0.0,0.0
2015-04-13 00:00:00-04:00,73.33999633789062,73.73999786376953,72.91000366210938,73.01000213623047,1241800,0.0,0.0
2015-04-14 00:00:00-04:00,72.81999969482422,73.08999633789062,71.86000061035156,72.45999908447266,887100,0.0,0.0
2015-04-15 00:00:00-04:00,72.56999969482422,72.91999816894531,72.37999725341797,72.4000015258789,1016500,0.0,0.0
2015-04-16 00:00:00-04:00,72.41999816894531,72.44999694824219,71.56999969482422,71.68000030517578,925600,0.0,0.0
2015-04-17 00:00:00-04:00,71.22000122070312,71.38999938964844,70.12999725341797,70.61000061035156,1417500,0.0,0.0
2015-04-20 00:00:00-04:00,70.97000122070312,71.25,70.7699966430664,70.97000122070312,1265000,0.0,0.0
2015-04-21 00:00:00-04:00,71.33000183105469,71.91000366210938,70.75,70.87999725341797,1175800,0.0,0.0
2015-04-22 00:00:00-04:00,71.19999694824219,71.5199966430664,70.45999908447266,70.83999633789062,1366800,0.0,0.0
2015-04-23 00:00:00-04:00,70.77999877929688,71.05000305175781,70.30000305175781,70.72000122070312,1024500,0.0,0.0
2015-04-24 00:00:00-04:00,70.83000183105469,70.83000183105469,69.80999755859375,69.97000122070312,845400,0.0,0.0
2015-04-27 00:00:00-04:00,70.0,70.22000122070312,68.73999786376953,68.80999755859375,941500,0.0,0.0
2015-04-28 00:00:00-04:00,68.95999908447266,69.61000061035156,68.3499984741211,69.38999938964844,1221800,0.0,0.0
2015-04-29 00:00:00-04:00,69.20999908447266,69.27999877929688,68.37000274658203,68.76000213623047,947500,0.0,0.0
2015-04-30 00:00:00-04:00,68.44000244140625,68.83000183105469,67.69000244140625,68.11000061035156,1416400,0.0,0.0
2015-05-01 00:00:00-04:00,68.25,69.81999969482422,68.16999816894531,69.80999755859375,1296000,0.0,0.0
2015-05-04 00:00:00-04:00,70.05000305175781,71.36000061035156,69.93000030517578,71.33000183105469,1611000,0.0,0.0
2015-05-05 00:00:00-04:00,71.11000061035156,71.83999633789062,70.20999908447266,70.30000305175781,1637300,0.0,0.0
2015-05-06 00:00:00-04:00,70.3499984741211,70.70999908447266,69.4000015258789,69.97000122070312,1337100,0.0,0.0
2015-05-07 00:00:00-04:00,69.93000030517578,71.02999877929688,69.77999877929688,70.83999633789062,1240300,0.0,0.0
2015-05-08 00:00:00-04:00,71.55999755859375,72.13999938964844,71.45999908447266,71.52999877929688,1105000,0.0,0.0
2015-05-11 00:00:00-04:00,71.3499984741211,72.25,71.26000213623047,71.3499984741211,1350900,0.0,0.0
2015-05-12 00:00:00-04:00,70.95999908447266,71.6500015258789,70.7300033569336,71.2699966430664,834900,0.0,0.0
2015-05-13 00:00:00-04:00,71.81999969482422,71.87000274658203,70.83999633789062,71.11000061035156,960900,0.0,0.0
2015-05-14 00:00:00-04:00,71.91000366210938,72.05000305175781,71.27999877929688,71.72000122070312,1596800,0.0,0.0
2015-05-15 00:00:00-04:00,71.91000366210938,72.44999694824219,71.73999786376953,72.26000213623047,1741200,0.0,0.0
2015-05-18 00:00:00-04:00,72.44999694824219,73.19999694824219,72.31999969482422,73.0,1520200,0.0,0.0
2015-05-19 00:00:00-04:00,72.94000244140625,73.05000305175781,72.12000274658203,72.26000213623047,1036600,0.0,0.0
2015-05-20 00:00:00-04:00,72.37999725341797,72.62999725341797,72.0999984741211,72.30000305175781,996700,0.0,0.0
2015-05-21 00:00:00-04:00,72.01000213623047,72.94000244140625,71.91999816894531,72.51000213623047,1298400,0.0,0.0
2015-05-22 00:00:00-04:00,72.55999755859375,72.8499984741211,71.93000030517578,72.41000366210938,1286200,0.0,0.0
2015-05-26 00:00:00-04:00,72.36000061035156,72.68000030517578,71.61000061035156,71.70999908447266,868300,0.0,0.0
2015-05-27 00:00:00-04:00,72.1500015258789,72.98999786376953,71.87000274658203,72.83999633789062,1839400,0.0,0.0
2015-05-28 00:00:00-04:00,72.91999816894531,73.1500015258789,72.16000366210938,72.37999725341797,858800,0.0,0.0
2015-05-29 00:00:00-04:00,72.13999938964844,72.41000366210938,71.04000091552734,71.04000091552734,1481200,0.0,0.0
2015-06-01 00:00:00-04:00,71.44000244140625,72.05000305175781,70.83000183105469,71.69999694824219,856200,0.0,0.0
2015-06-02 00:00:00-04:00,71.37000274658203,72.2300033569336,71.36000061035156,72.0999984741211,874000,0.0,0.0
2015-06-03 00:00:00-04:00,72.1500015258789,73.13999938964844,72.0999984741211,72.80999755859375,1064300,0.0,0.0
2015-06-04 00:00:00-04:00,72.4800033569336,73.19999694824219,72.38999938964844,73.08999633789062,1287100,0.0,0.0
2015-06-05 00:00:00-04:00,73.11000061035156,73.76000213623047,72.8499984741211,73.69999694824219,1376500,0.0,0.0
2015-06-08 00:00:00-04:00,73.1500015258789,73.4800033569336,72.1500015258789,72.16000366210938,1706400,0.0,0.0
2015-06-09 00:00:00-04:00,72.05000305175781,72.8499984741211,72.05000305175781,72.58999633789062,819100,0.0,0.0
2015-06-10 00:00:00-04:00,72.8499984741211,73.33999633789062,72.80999755859375,73.1500015258789,1078800,0.0,0.0
2015-06-11 00:00:00-04:00,73.47000122070312,73.69000244140625,72.66999816894531,72.77999877929688,798700,0.0,0.0
2015-06-12 00:00:00-04:00,72.52999877929688,73.12000274658203,72.37000274658203,72.86000061035156,1182300,0.0,0.0
2015-06-15 00:00:00-04:00,72.44999694824219,72.44999694824219,71.4000015258789,71.55000305175781,1685500,0.0,0.0
2015-06-16 00:00:00-04:00,71.56999969482422,72.22000122070312,71.54000091552734,72.19999694824219,1189300,0.0,0.0
2015-06-17 00:00:00-04:00,72.37999725341797,73.19000244140625,72.04000091552734,72.27999877929688,1370800,0.0,0.0
2015-06-18 00:00:00-04:00,72.4000015258789,72.87999725341797,71.72000122070312,71.95999908447266,2928200,0.0,0.0
2015-06-19 00:00:00-04:00,69.13999938964844,70.87999725341797,68.25,69.2699966430664,6855300,0.0,0.0
2015-06-22 00:00:00-04:00,69.51000213623047,69.73999786376953,67.88999938964844,68.02999877929688,4528100,0.0,0.0
2015-06-23 00:00:00-04:00,68.25,68.83999633789062,68.0999984741211,68.7300033569336,1999700,0.0,0.0
2015-06-24 00:00:00-04:00,68.66000366210938,69.1500015258789,68.11000061035156,68.12000274658203,1225100,0.0,0.0
2015-06-25 00:00:00-04:00,68.48999786376953,68.68000030517578,67.9000015258789,68.06999969482422,1158000,0.0,0.0
2015-06-26 00:00:00-04:00,68.02999877929688,68.44999694824219,67.76000213623047,68.41000366210938,2478800,0.0,0.0
2015-06-29 00:00:00-04:00,67.62000274658203,68.12000274658203,66.30999755859375,66.3499984741211,1533100,0.0,0.0
2015-06-30 00:00:00-04:00,66.81999969482422,67.19000244140625,65.95999908447266,66.20999908447266,1769400,0.0,0.0
2015-07-01 00:00:00-04:00,66.94999694824219,67.08000183105469,66.27999877929688,67.04000091552734,1447300,0.0,0.0
2015-07-02 00:00:00-04:00,67.33999633789062,67.5199966430664,66.54000091552734,66.66999816894531,1064500,0.0,0.0
2015-07-06 00:00:00-04:00,66.08000183105469,66.91000366210938,66.0,66.31999969482422,1422300,0.0,0.0
2015-07-07 00:00:00-04:00,66.63999938964844,66.70999908447266,65.48999786376953,66.5999984741211,1763800,0.0,0.0
2015-07-08 00:00:00-04:00,66.94999694824219,67.05000305175781,65.44000244140625,65.56999969482422,2080300,0.0,0.0
2015-07-09 00:00:00-04:00,66.70999908447266,66.70999908447266,66.16999816894531,66.25,1676600,0.0,0.0
2015-07-10 00:00:00-04:00,67.01000213623047,67.16999816894531,66.68000030517578,66.91999816894531,1106400,0.0,0.0
2015-07-13 00:00:00-04:00,67.68000030517578,68.36000061035156,67.36000061035156,68.2699966430664,1641000,0.0,0.0
2015-07-14 00:00:00-04:00,68.30000305175781,68.55000305175781,68.0,68.0199966430664,1267900,0.0,0.0
2015-07-15 00:00:00-04:00,68.0,68.04000091552734,67.43000030517578,67.55000305175781,1032000,0.0,0.0
2015-07-16 00:00:00-04:00,67.81999969482422,68.98999786376953,67.62999725341797,68.87000274658203,1198700,0.0,0.0
2015-07-17 00:00:00-04:00,68.4800033569336,68.63999938964844,67.76000213623047,67.94999694824219,850600,0.0,0.0
2015-07-20 00:00:00-04:00,68.08999633789062,68.80000305175781,67.83000183105469,68.16999816894531,724000,0.0,0.0
2015-07-21 00:00:00-04:00,68.16000366210938,68.33000183105469,66.77999877929688,66.87999725341797,897600,0.0,0.0
2015-07-22 00:00:00-04:00,66.87999725341797,66.91000366210938,66.0999984741211,66.31999969482422,1373300,0.0,0.0
2015-07-23 00:00:00-04:00,66.66000366210938,66.81999969482422,65.11000061035156,65.19000244140625,1818700,0.0,0.0
2015-07-24 00:00:00-04:00,65.56999969482422,65.66999816894531,63.08000183105469,63.18000030517578,1998300,0.0,0.0
2015-07-27 00:00:00-04:00,63.04999923706055,63.16999816894531,61.630001068115234,61.959999084472656,2074700,0.0,0.0
2015-07-28 00:00:00-04:00,62.310001373291016,62.810001373291016,61.04999923706055,62.66999816894531,1613300,0.0,0.0
2015-07-29 00:00:00-04:00,62.869998931884766,64.36000061035156,62.869998931884766,64.26000213623047,1548100,0.0,0.0
2015-07-30 00:00:00-04:00,64.11000061035156,64.2300033569336,63.54999923706055,63.9900016784668,1017900,0.0,0.0
2015-07-31 00:00:00-04:00,64.19000244140625,64.87000274658203,63.849998474121094,64.51000213623047,967100,0.0,0.0
2015-08-03 00:00:00-04:00,65.58000183105469,65.58000183105469,63.70000076293945,64.12999725341797,1061500,0.0,0.0
2015-08-04 00:00:00-04:00,64.12999725341797,65.29000091552734,64.12999725341797,64.76000213623047,1278900,0.0,0.0
2015-08-05 00:00:00-04:00,65.1500015258789,65.80000305175781,64.55000305175781,64.7699966430664,1005200,0.0,0.0
2015-08-06 00:00:00-04:00,64.25,64.31999969482422,61.63999938964844,62.099998474121094,2448200,0.0,0.0
2015-08-07 00:00:00-04:00,62.099998474121094,62.88999938964844,61.63999938964844,62.150001525878906,1193700,0.0,0.0
2015-08-10 00:00:00-04:00,62.61000061035156,63.810001373291016,62.5,63.40999984741211,1255800,0.0,0.0
2015-08-11 00:00:00-04:00,62.86000061035156,63.0,62.150001525878906,62.7599983215332,1493900,0.0,0.0
2015-08-12 00:00:00-04:00,62.11000061035156,62.65999984741211,60.849998474121094,62.5099983215332,1623200,0.0,0.0
2015-08-13 00:00:00-04:00,62.650001525878906,63.18000030517578,62.040000915527344,62.619998931884766,1076100,0.0,0.0
2015-08-14 00:00:00-04:00,62.540000915527344,63.369998931884766,62.22999954223633,63.130001068115234,1068100,0.0,0.0
2015-08-17 00:00:00-04:00,62.93000030517578,63.54999923706055,62.34000015258789,63.529998779296875,923800,0.0,0.0
2015-08-18 00:00:00-04:00,63.650001525878906,64.06999969482422,63.29999923706055,63.5,1173900,0.0,0.0
2015-08-19 00:00:00-04:00,63.09000015258789,63.09000015258789,61.83000183105469,62.529998779296875,964000,0.0,0.0
2015-08-20 00:00:00-04:00,61.77000045776367,62.439998626708984,61.2599983215332,61.31999969482422,994600,0.0,0.0
2015-08-21 00:00:00-04:00,60.849998474121094,61.220001220703125,59.5,59.58000183105469,2232400,0.0,0.0
2015-08-24 00:00:00-04:00,56.11000061035156,60.06999969482422,55.27000045776367,57.70000076293945,2524900,0.0,0.0
2015-08-25 00:00:00-04:00,59.5,60.099998474121094,57.119998931884766,57.18000030517578,1633100,0.0,0.0
2015-08-26 00:00:00-04:00,58.61000061035156,58.790000915527344,56.790000915527344,58.5,1870700,0.0,0.0
2015-08-27 00:00:00-04:00,59.150001525878906,60.40999984741211,58.63999938964844,60.0,1618000,0.0,0.0
2015-08-28 00:00:00-04:00,60.0,61.18000030517578,59.93000030517578,61.02000045776367,1501200,0.0,0.0
2015-08-31 00:00:00-04:00,60.65999984741211,62.0,60.630001068115234,61.0,1936300,0.0,0.0
2015-09-01 00:00:00-04:00,59.83000183105469,60.209999084472656,58.279998779296875,58.560001373291016,2182700,0.0,0.0
2015-09-02 00:00:00-04:00,59.16999816894531,59.84000015258789,58.31999969482422,59.84000015258789,2811600,0.0,0.0
2015-09-03 00:00:00-04:00,60.099998474121094,61.380001068115234,59.939998626708984,60.58000183105469,1357300,0.0,0.0
2015-09-04 00:00:00-04:00,59.459999084472656,60.38999938964844,59.279998779296875,60.02000045776367,1258100,0.0,0.0
2015-09-08 00:00:00-04:00,59.63999938964844,60.279998779296875,58.529998779296875,60.11000061035156,3181400,0.0,0.0
2015-09-09 00:00:00-04:00,60.720001220703125,61.189998626708984,59.43000030517578,59.58000183105469,1601000,0.0,0.0
2015-09-10 00:00:00-04:00,59.529998779296875,60.52000045776367,59.099998474121094,59.81999969482422,1387200,0.0,0.0
2015-09-11 00:00:00-04:00,59.86000061035156,60.52000045776367,59.56999969482422,60.209999084472656,1380200,0.0,0.0
2015-09-14 00:00:00-04:00,59.90999984741211,59.93000030517578,58.709999084472656,58.9900016784668,2526300,0.0,0.0
2015-09-15 00:00:00-04:00,59.2599983215332,61.220001220703125,58.54999923706055,60.81999969482422,2240400,0.0,0.0
2015-09-16 00:00:00-04:00,60.68000030517578,62.06999969482422,60.52000045776367,62.060001373291016,1807700,0.0,0.0
2015-09-17 00:00:00-04:00,62.099998474121094,62.959999084472656,61.68000030517578,61.959999084472656,2181200,0.0,0.0
2015-09-18 00:00:00-04:00,61.04999923706055,61.529998779296875,60.119998931884766,60.27000045776367,3182700,0.0,0.0
2015-09-21 00:00:00-04:00,60.75,62.68000030517578,60.72999954223633,62.65999984741211,3119300,0.0,0.0
2015-09-22 00:00:00-04:00,60.02000045776367,60.540000915527344,56.68000030517578,59.720001220703125,6101600,0.0,0.0
2015-09-23 00:00:00-04:00,58.54999923706055,59.88999938964844,57.880001068115234,59.31999969482422,3877300,0.0,0.0
2015-09-24 00:00:00-04:00,58.68000030517578,59.439998626708984,58.220001220703125,59.06999969482422,2017300,0.0,0.0
2015-09-25 00:00:00-04:00,59.66999816894531,60.31999969482422,59.310001373291016,59.72999954223633,1279600,0.0,0.0
2015-09-28 00:00:00-04:00,59.279998779296875,59.45000076293945,57.81999969482422,57.900001525878906,1682700,0.0,0.0
2015-09-29 00:00:00-04:00,57.880001068115234,58.310001373291016,57.290000915527344,57.959999084472656,1440600,0.0,0.0
2015-09-30 00:00:00-04:00,59.099998474121094,59.81999969482422,58.7599983215332,59.31999969482422,2284300,0.0,0.0
2015-10-01 00:00:00-04:00,59.54999923706055,59.75,57.709999084472656,58.650001525878906,2215100,0.0,0.0
2015-10-02 00:00:00-04:00,57.59000015258789,59.779998779296875,57.31999969482422,59.779998779296875,1728100,0.0,0.0
2015-10-05 00:00:00-04:00,60.099998474121094,60.59000015258789,59.63999938964844,60.47999954223633,1581700,0.0,0.0
2015-10-06 00:00:00-04:00,60.220001220703125,60.5,58.900001525878906,59.220001220703125,1418800,0.0,0.0
2015-10-07 00:00:00-04:00,59.59000015258789,60.33000183105469,58.849998474121094,59.47999954223633,1165800,0.0,0.0
2015-10-08 00:00:00-04:00,59.36000061035156,60.41999816894531,59.119998931884766,59.959999084472656,1468100,0.0,0.0
2015-10-09 00:00:00-04:00,59.15999984741211,59.2599983215332,57.959999084472656,58.77000045776367,2641400,0.0,0.0
2015-10-12 00:00:00-04:00,58.90999984741211,59.0,57.2599983215332,57.34000015258789,2430500,0.0,0.0
2015-10-13 00:00:00-04:00,57.209999084472656,57.65999984741211,56.75,56.90999984741211,2443900,0.0,0.0
2015-10-14 00:00:00-04:00,56.90999984741211,57.290000915527344,55.900001525878906,56.77000045776367,2092000,0.0,0.0
2015-10-15 00:00:00-04:00,56.970001220703125,57.220001220703125,56.25,56.97999954223633,1762100,0.0,0.0
2015-10-16 00:00:00-04:00,57.0099983215332,57.099998474121094,56.06999969482422,56.18000030517578,2319500,0.0,0.0
2015-10-19 00:00:00-04:00,56.119998931884766,56.939998626708984,56.0,56.849998474121094,2276300,0.0,0.0
2015-10-20 00:00:00-04:00,56.86000061035156,57.349998474121094,56.56999969482422,56.95000076293945,1462100,0.0,0.0
2015-10-21 00:00:00-04:00,57.2599983215332,57.34000015258789,56.66999816894531,57.29999923706055,2060200,0.0,0.0
2015-10-22 00:00:00-04:00,57.66999816894531,58.84000015258789,57.65999984741211,58.2400016784668,2329800,0.0,0.0
2015-10-23 00:00:00-04:00,58.7599983215332,58.83000183105469,57.47999954223633,58.04999923706055,1861300,0.0,0.0
2015-10-26 00:00:00-04:00,58.02000045776367,59.0,57.90999984741211,58.790000915527344,1534100,0.0,0.0
2015-10-27 00:00:00-04:00,58.4900016784668,58.84000015258789,57.849998474121094,58.209999084472656,1208000,0.0,0.0
2015-10-28 00:00:00-04:00,58.2400016784668,58.459999084472656,57.5,57.869998931884766,2230000,0.0,0.0
2015-10-29 00:00:00-04:00,57.91999816894531,58.54999923706055,57.68000030517578,58.40999984741211,2129000,0.0,0.0
2015-10-30 00:00:00-04:00,58.27000045776367,59.65999984741211,58.0099983215332,59.0099983215332,1492800,0.0,0.0
2015-11-02 00:00:00-05:00,59.08000183105469,59.34000015258789,58.529998779296875,58.77000045776367,1287500,0.0,0.0
2015-11-03 00:00:00-05:00,58.650001525878906,59.54999923706055,57.75,57.959999084472656,2286500,0.0,0.0
2015-11-04 00:00:00-05:00,57.40999984741211,58.25,56.22999954223633,57.150001525878906,2979500,0.0,0.0
2015-11-05 00:00:00-05:00,57.33000183105469,57.54999923706055,56.72999954223633,57.060001373291016,2195400,0.0,0.0
2015-11-06 00:00:00-05:00,56.79999923706055,57.689998626708984,56.619998931884766,57.29999923706055,1739900,0.0,0.0
2015-11-09 00:00:00-05:00,57.189998626708984,57.209999084472656,56.13999938964844,56.45000076293945,1779800,0.0,0.0
2015-11-10 00:00:00-05:00,56.43000030517578,56.66999816894531,55.779998779296875,56.5,1145000,0.0,0.0
2015-11-11 00:00:00-05:00,56.68000030517578,56.81999969482422,55.9900016784668,56.02000045776367,1192600,0.0,0.0
2015-11-12 00:00:00-05:00,55.599998474121094,56.099998474121094,55.45000076293945,55.45000076293945,1454000,0.0,0.0
2015-11-13 00:00:00-05:00,55.22999954223633,55.4900016784668,53.84000015258789,53.97999954223633,1832900,0.0,0.0
2015-11-16 00:00:00-05:00,53.79999923706055,55.04999923706055,53.459999084472656,55.02000045776367,1819900,0.0,0.0
2015-11-17 00:00:00-05:00,54.9900016784668,56.400001525878906,54.9900016784668,55.619998931884766,2071300,0.0,0.0
2015-11-18 00:00:00-05:00,55.900001525878906,56.689998626708984,55.65999984741211,56.68000030517578,1646900,0.0,0.0
2015-11-19 00:00:00-05:00,56.540000915527344,57.04999923706055,56.099998474121094,56.349998474121094,1426800,0.0,0.0
2015-11-20 00:00:00-05:00,56.70000076293945,57.650001525878906,56.599998474121094,57.40999984741211,1775800,0.0,0.0
2015-11-23 00:00:00-05:00,57.09000015258789,57.22999954223633,56.459999084472656,56.630001068115234,1727900,0.0,0.0
2015-11-24 00:00:00-05:00,56.15999984741211,57.59000015258789,56.150001525878906,57.310001373291016,1516400,0.0,0.0
2015-11-25 00:00:00-05:00,57.459999084472656,58.209999084472656,57.2599983215332,57.88999938964844,1252300,0.0,0.0
2015-11-27 00:00:00-05:00,57.86000061035156,57.86000061035156,56.93000030517578,57.40999984741211,727400,0.0,0.0
2015-11-30 00:00:00-05:00,57.310001373291016,57.63999938964844,56.84000015258789,57.29999923706055,1633700,0.0,0.0
2015-12-01 00:00:00-05:00,57.36000061035156,57.95000076293945,56.790000915527344,57.2599983215332,1787300,0.0,0.0
2015-12-02 00:00:00-05:00,57.27000045776367,58.11000061035156,56.52000045776367,57.97999954223633,3108000,0.0,0.0
2015-12-03 00:00:00-05:00,57.9900016784668,59.13999938964844,57.63999938964844,58.220001220703125,2912300,0.0,0.0
2015-12-04 00:00:00-05:00,58.34000015258789,59.560001373291016,58.130001068115234,59.220001220703125,1799700,0.0,0.0
2015-12-07 00:00:00-05:00,59.209999084472656,59.220001220703125,58.20000076293945,58.689998626708984,2152300,0.0,0.0
2015-12-08 00:00:00-05:00,58.279998779296875,59.75,58.20000076293945,59.25,1970700,0.0,0.0
2015-12-09 00:00:00-05:00,58.95000076293945,60.0,58.54999923706055,58.86000061035156,1588200,0.0,0.0
2015-12-10 00:00:00-05:00,58.779998779296875,59.16999816894531,58.470001220703125,58.650001525878906,1440500,0.0,0.0
2015-12-11 00:00:00-05:00,57.7599983215332,58.060001373291016,57.13999938964844,57.47999954223633,1921500,0.0,0.0
2015-12-14 00:00:00-05:00,57.650001525878906,58.720001220703125,57.20000076293945,57.86000061035156,2756500,0.0,0.0
2015-12-15 00:00:00-05:00,58.09000015258789,59.369998931884766,58.0,58.66999816894531,2746000,0.0,0.0
2015-12-16 00:00:00-05:00,58.75,59.040000915527344,57.220001220703125,58.65999984741211,3797800,0.0,0.0
2015-12-17 00:00:00-05:00,58.810001373291016,59.15999984741211,57.11000061035156,57.150001525878906,4761100,0.0,0.0
2015-12-18 00:00:00-05:00,53.439998626708984,53.900001525878906,50.56999969482422,53.4900016784668,20302000,0.0,0.0
2015-12-21 00:00:00-05:00,53.08000183105469,53.25,51.040000915527344,52.529998779296875,7230300,0.0,0.0
2015-12-22 00:00:00-05:00,52.65999984741211,52.790000915527344,51.189998626708984,51.619998931884766,4475300,0.0,0.0
2015-12-23 00:00:00-05:00,52.119998931884766,53.81999969482422,51.72999954223633,53.619998931884766,2922900,0.0,0.0
2015-12-24 00:00:00-05:00,53.52000045776367,53.75,53.0099983215332,53.22999954223633,849800,0.0,0.0
2015-12-28 00:00:00-05:00,53.0,53.31999969482422,52.29999923706055,53.18000030517578,1743000,0.0,0.0
2015-12-29 00:00:00-05:00,53.56999969482422,54.7599983215332,53.47999954223633,54.59000015258789,2071000,0.0,0.0
2015-12-30 00:00:00-05:00,54.369998931884766,54.959999084472656,54.25,54.560001373291016,1971000,0.0,0.0
2015-12-31 00:00:00-05:00,54.279998779296875,54.91999816894531,53.970001220703125,53.970001220703125,1689000,0.0,0.0
2016-01-04 00:00:00-05:00,53.099998474121094,53.099998474121094,51.91999816894531,52.369998931884766,3222900,0.0,0.0
2016-01-05 00:00:00-05:00,52.459999084472656,52.75,51.7400016784668,52.119998931884766,2752500,0.0,0.0
2016-01-06 00:00:00-05:00,49.779998779296875,50.720001220703125,47.70000076293945,48.310001373291016,7665800,0.0,0.0
2016-01-07 00:00:00-05:00,47.66999816894531,47.900001525878906,46.75,47.11000061035156,7094200,0.0,0.0
2016-01-08 00:00:00-05:00,47.70000076293945,47.9900016784668,46.70000076293945,46.79999923706055,4827200,0.0,0.0
2016-01-11 00:00:00-05:00,46.959999084472656,47.189998626708984,46.18000030517578,46.9900016784668,3452500,0.0,0.0
2016-01-12 00:00:00-05:00,48.06999969482422,48.689998626708984,46.86000061035156,47.65999984741211,3437700,0.0,0.0
2016-01-13 00:00:00-05:00,47.83000183105469,48.02000045776367,45.97999954223633,46.2400016784668,3750000,0.0,0.0
2016-01-14 00:00:00-05:00,46.2599983215332,47.349998474121094,45.439998626708984,47.060001373291016,3649300,0.0,0.0
2016-01-15 00:00:00-05:00,45.599998474121094,45.939998626708984,44.09000015258789,45.02000045776367,5513400,0.0,0.0
2016-01-19 00:00:00-05:00,45.15999984741211,45.5,42.38999938964844,42.9900016784668,5707900,0.0,0.0
2016-01-20 00:00:00-05:00,42.400001525878906,45.15999984741211,41.880001068115234,44.88999938964844,6224700,0.0,0.0
2016-01-21 00:00:00-05:00,44.939998626708984,47.119998931884766,44.869998931884766,45.779998779296875,4305100,0.0,0.0
2016-01-22 00:00:00-05:00,46.58000183105469,46.849998474121094,45.459999084472656,45.849998474121094,2392200,0.0,0.0
2016-01-25 00:00:00-05:00,45.68000030517578,45.86000061035156,44.900001525878906,44.97999954223633,3055900,0.0,0.0
2016-01-26 00:00:00-05:00,45.189998626708984,46.02000045776367,44.810001373291016,45.9900016784668,2451100,0.0,0.0
2016-01-27 00:00:00-05:00,45.56999969482422,46.04999923706055,44.220001220703125,44.63999938964844,4091900,0.0,0.0
2016-01-28 00:00:00-05:00,44.95000076293945,45.130001068115234,42.72999954223633,42.900001525878906,5784600,0.0,0.0
2016-01-29 00:00:00-05:00,43.189998626708984,44.29999923706055,42.970001220703125,44.18000030517578,4488600,0.0,0.0
2016-02-01 00:00:00-05:00,43.630001068115234,44.400001525878906,41.279998779296875,43.93000030517578,6358300,0.0,0.0
2016-02-02 00:00:00-05:00,43.529998779296875,43.560001373291016,41.970001220703125,42.369998931884766,3539200,0.0,0.0
2016-02-03 00:00:00-05:00,42.88999938964844,42.939998626708984,41.25,42.5099983215332,3041800,0.0,0.0
2016-02-04 00:00:00-05:00,42.560001373291016,44.02000045776367,41.9900016784668,43.900001525878906,3168800,0.0,0.0
2016-02-05 00:00:00-05:00,43.900001525878906,44.40999984741211,43.369998931884766,44.150001525878906,3118500,0.0,0.0
2016-02-08 00:00:00-05:00,43.75,43.91999816894531,42.25,42.650001525878906,2889900,0.0,0.0
2016-02-09 00:00:00-05:00,42.38999938964844,43.5099983215332,42.11000061035156,42.86000061035156,2622900,0.0,0.0
2016-02-10 00:00:00-05:00,43.0,44.400001525878906,42.709999084472656,43.130001068115234,2559300,0.0,0.0
2016-02-11 00:00:00-05:00,42.11000061035156,42.970001220703125,41.459999084472656,42.150001525878906,3104000,0.0,0.0
2016-02-12 00:00:00-05:00,42.880001068115234,43.75,42.09000015258789,43.630001068115234,2013500,0.0,0.0
2016-02-16 00:00:00-05:00,44.33000183105469,46.189998626708984,44.130001068115234,46.040000915527344,3070400,0.0,0.0
2016-02-17 00:00:00-05:00,46.7400016784668,48.939998626708984,46.689998626708984,47.95000076293945,4903900,0.0,0.0
2016-02-18 00:00:00-05:00,47.77000045776367,47.97999954223633,46.36000061035156,46.63999938964844,2956800,0.0,0.0
2016-02-19 00:00:00-05:00,46.31999969482422,46.31999969482422,44.29999923706055,45.36000061035156,3717800,0.0,0.0
2016-02-22 00:00:00-05:00,46.0099983215332,46.93000030517578,45.650001525878906,45.849998474121094,2478000,0.0,0.0
2016-02-23 00:00:00-05:00,45.81999969482422,46.33000183105469,44.540000915527344,45.470001220703125,2360600,0.0,0.0
2016-02-24 00:00:00-05:00,44.709999084472656,45.279998779296875,43.470001220703125,45.189998626708984,2421200,0.0,0.0
2016-02-25 00:00:00-05:00,45.220001220703125,46.27000045776367,44.75,46.2599983215332,2258300,0.0,0.0
2016-02-26 00:00:00-05:00,46.599998474121094,47.61000061035156,46.220001220703125,47.20000076293945,2347700,0.0,0.0
2016-02-29 00:00:00-05:00,47.16999816894531,47.380001068115234,46.25,46.2599983215332,2119700,0.0,0.0
2016-03-01 00:00:00-05:00,46.88999938964844,47.9900016784668,46.09000015258789,47.97999954223633,2802700,0.0,0.0
2016-03-02 00:00:00-05:00,47.90999984741211,48.540000915527344,46.7599983215332,47.720001220703125,2293600,0.0,0.0
2016-03-03 00:00:00-05:00,47.65999984741211,50.540000915527344,47.52000045776367,50.290000915527344,4314200,0.0,0.0
2016-03-04 00:00:00-05:00,50.43000030517578,53.02000045776367,50.25,51.349998474121094,4386000,0.0,0.0
2016-03-07 00:00:00-05:00,50.81999969482422,52.810001373291016,50.720001220703125,52.63999938964844,2874700,0.0,0.0
2016-03-08 00:00:00-05:00,52.099998474121094,53.22999954223633,50.47999954223633,50.70000076293945,2761600,0.0,0.0
2016-03-09 00:00:00-05:00,50.90999984741211,51.060001373291016,49.9900016784668,50.9900016784668,1371300,0.0,0.0
2016-03-10 00:00:00-05:00,50.97999954223633,51.66999816894531,50.36000061035156,50.97999954223633,1689200,0.0,0.0
2016-03-11 00:00:00-05:00,51.099998474121094,52.099998474121094,50.18000030517578,51.88999938964844,2486800,0.0,0.0
2016-03-14 00:00:00-04:00,51.5,51.849998474121094,50.189998626708984,50.83000183105469,1784400,0.0,0.0
2016-03-15 00:00:00-04:00,50.2599983215332,50.45000076293945,48.88999938964844,49.2400016784668,2223600,0.0,0.0
2016-03-16 00:00:00-04:00,49.130001068115234,50.119998931884766,48.52000045776367,50.09000015258789,2341000,0.0,0.0
2016-03-17 00:00:00-04:00,49.36000061035156,49.720001220703125,47.06999969482422,49.310001373291016,2463200,0.0,0.0
2016-03-18 00:00:00-04:00,49.560001373291016,50.439998626708984,49.439998626708984,50.2400016784668,3420800,0.0,0.0
2016-03-21 00:00:00-04:00,50.29999923706055,50.65999984741211,49.86000061035156,50.56999969482422,1520500,0.0,0.0
2016-03-22 00:00:00-04:00,50.119998931884766,50.650001525878906,49.959999084472656,50.20000076293945,2227500,0.0,0.0
2016-03-23 00:00:00-04:00,50.040000915527344,50.040000915527344,48.310001373291016,48.439998626708984,2114000,0.0,0.0
2016-03-24 00:00:00-04:00,48.209999084472656,48.88999938964844,47.11000061035156,48.83000183105469,2299400,0.0,0.0
2016-03-28 00:00:00-04:00,48.2400016784668,49.11000061035156,48.099998474121094,48.900001525878906,1584600,0.0,0.0
2016-03-29 00:00:00-04:00,48.54999923706055,50.58000183105469,48.52000045776367,50.43000030517578,2335100,0.0,0.0
2016-03-30 00:00:00-04:00,50.65999984741211,51.16999816894531,50.209999084472656,50.810001373291016,1701400,0.0,0.0
2016-03-31 00:00:00-04:00,50.810001373291016,51.369998931884766,50.279998779296875,51.099998474121094,2538100,0.0,0.0
2016-04-01 00:00:00-04:00,50.56999969482422,51.779998779296875,49.77000045776367,51.75,4399800,0.0,0.0
2016-04-04 00:00:00-04:00,51.7400016784668,51.75,50.790000915527344,51.150001525878906,3342700,0.0,0.0
2016-04-05 00:00:00-04:00,50.5,51.36000061035156,50.5,51.220001220703125,2620700,0.0,0.0
2016-04-06 00:00:00-04:00,51.400001525878906,53.470001220703125,51.20000076293945,53.290000915527344,5123400,0.0,0.0
2016-04-07 00:00:00-04:00,54.65999984741211,54.65999984741211,48.779998779296875,49.47999954223633,11247400,0.0,0.0
2016-04-08 00:00:00-04:00,49.75,51.689998626708984,49.43000030517578,50.97999954223633,4472100,0.0,0.0
2016-04-11 00:00:00-04:00,51.2599983215332,52.4900016784668,50.83000183105469,50.880001068115234,2842200,0.0,0.0
2016-04-12 00:00:00-04:00,51.15999984741211,51.97999954223633,51.06999969482422,51.59000015258789,2326000,0.0,0.0
2016-04-13 00:00:00-04:00,52.18000030517578,53.970001220703125,51.9900016784668,53.939998626708984,3045600,0.0,0.0
2016-04-14 00:00:00-04:00,54.20000076293945,54.33000183105469,53.15999984741211,53.619998931884766,3038800,0.0,0.0
2016-04-15 00:00:00-04:00,53.56999969482422,54.0,53.0099983215332,53.66999816894531,1975700,0.0,0.0
2016-04-18 00:00:00-04:00,53.2400016784668,53.790000915527344,52.7599983215332,53.43000030517578,1739800,0.0,0.0
2016-04-19 00:00:00-04:00,53.65999984741211,54.38999938964844,53.4900016784668,54.33000183105469,2332100,0.0,0.0
2016-04-20 00:00:00-04:00,54.38999938964844,54.400001525878906,53.2599983215332,54.13999938964844,2059900,0.0,0.0
2016-04-21 00:00:00-04:00,54.099998474121094,54.720001220703125,51.68000030517578,52.43000030517578,2919100,0.0,0.0
2016-04-22 00:00:00-04:00,51.54999923706055,53.560001373291016,50.630001068115234,53.220001220703125,2186000,0.0,0.0
2016-04-25 00:00:00-04:00,53.20000076293945,53.290000915527344,52.58000183105469,52.9900016784668,1344000,0.0,0.0
2016-04-26 00:00:00-04:00,53.380001068115234,55.869998931884766,53.06999969482422,55.470001220703125,2532200,0.0,0.0
2016-04-27 00:00:00-04:00,55.400001525878906,55.9900016784668,54.790000915527344,55.130001068115234,2357000,0.0,0.0
2016-04-28 00:00:00-04:00,54.849998474121094,55.36000061035156,53.779998779296875,53.93000030517578,1151800,0.0,0.0
2016-04-29 00:00:00-04:00,53.84000015258789,53.84000015258789,52.63999938964844,52.95000076293945,2613600,0.0,0.0
2016-05-02 00:00:00-04:00,53.209999084472656,53.279998779296875,51.95000076293945,52.20000076293945,2337300,0.0,0.0
2016-05-03 00:00:00-04:00,51.470001220703125,52.36000061035156,51.02000045776367,51.91999816894531,1811300,0.0,0.0
2016-05-04 00:00:00-04:00,51.54999923706055,52.189998626708984,50.9900016784668,51.290000915527344,1869300,0.0,0.0
2016-05-05 00:00:00-04:00,51.61000061035156,51.709999084472656,50.470001220703125,50.599998474121094,2077400,0.0,0.0
2016-05-06 00:00:00-04:00,50.40999984741211,50.83000183105469,49.84000015258789,50.40999984741211,1589600,0.0,0.0
2016-05-09 00:00:00-04:00,50.40999984741211,51.54999923706055,50.310001373291016,51.22999954223633,1382000,0.0,0.0
2016-05-10 00:00:00-04:00,51.439998626708984,52.79999923706055,51.20000076293945,52.5,1686500,0.0,0.0
2016-05-11 00:00:00-04:00,52.220001220703125,52.220001220703125,50.75,50.970001220703125,2178500,0.0,0.0
2016-05-12 00:00:00-04:00,51.150001525878906,51.29999923706055,50.4900016784668,51.0,1959000,0.0,0.0
2016-05-13 00:00:00-04:00,50.849998474121094,51.599998474121094,50.560001373291016,50.66999816894531,3717300,0.0,0.0
2016-05-16 00:00:00-04:00,50.65999984741211,51.09000015258789,50.29999923706055,50.63999938964844,2313400,0.0,0.0
2016-05-17 00:00:00-04:00,50.400001525878906,51.150001525878906,50.08000183105469,50.810001373291016,2286800,0.0,0.0
2016-05-18 00:00:00-04:00,50.790000915527344,51.130001068115234,50.31999969482422,50.790000915527344,3243300,0.0,0.0
2016-05-19 00:00:00-04:00,50.790000915527344,51.90999984741211,50.720001220703125,51.31999969482422,1909600,0.0,0.0
2016-05-20 00:00:00-04:00,51.5,52.72999954223633,51.310001373291016,52.72999954223633,2299700,0.0,0.0
2016-05-23 00:00:00-04:00,52.81999969482422,52.970001220703125,52.11000061035156,52.130001068115234,1515300,0.0,0.0
2016-05-24 00:00:00-04:00,52.279998779296875,53.13999938964844,51.90999984741211,52.88999938964844,1388400,0.0,0.0
2016-05-25 00:00:00-04:00,53.040000915527344,54.599998474121094,52.869998931884766,54.040000915527344,2317300,0.0,0.0
2016-05-26 00:00:00-04:00,54.08000183105469,54.41999816894531,53.150001525878906,53.38999938964844,1652300,0.0,0.0
2016-05-27 00:00:00-04:00,53.4900016784668,54.22999954223633,53.380001068115234,53.59000015258789,1986700,0.0,0.0
2016-05-31 00:00:00-04:00,53.83000183105469,54.15999984741211,53.470001220703125,53.65999984741211,2505500,0.0,0.0
2016-06-01 00:00:00-04:00,53.65999984741211,53.65999984741211,51.470001220703125,52.09000015258789,3458100,0.0,0.0
2016-06-02 00:00:00-04:00,51.77000045776367,52.29999923706055,51.11000061035156,52.09000015258789,3613800,0.0,0.0
2016-06-03 00:00:00-04:00,51.66999816894531,51.81999969482422,50.529998779296875,51.540000915527344,3729400,0.0,0.0
2016-06-06 00:00:00-04:00,51.27000045776367,52.0099983215332,50.7400016784668,51.91999816894531,2524800,0.0,0.0
2016-06-07 00:00:00-04:00,51.91999816894531,53.5,51.900001525878906,52.959999084472656,3061600,0.0,0.0
2016-06-08 00:00:00-04:00,53.130001068115234,53.4900016784668,52.5,52.52000045776367,1994100,0.0,0.0
2016-06-09 00:00:00-04:00,51.939998626708984,51.97999954223633,50.97999954223633,51.810001373291016,2414100,0.0,0.0
2016-06-10 00:00:00-04:00,51.150001525878906,51.150001525878906,49.13999938964844,49.25,2827500,0.0,0.0
2016-06-13 00:00:00-04:00,49.0099983215332,49.560001373291016,48.650001525878906,49.13999938964844,2334900,0.0,0.0
2016-06-14 00:00:00-04:00,48.880001068115234,49.36000061035156,48.400001525878906,48.900001525878906,2882200,0.0,0.0
2016-06-15 00:00:00-04:00,48.900001525878906,50.27000045776367,48.849998474121094,49.36000061035156,2658800,0.0,0.0
2016-06-16 00:00:00-04:00,48.93000030517578,49.439998626708984,47.869998931884766,49.20000076293945,2490900,0.0,0.0
2016-06-17 00:00:00-04:00,49.849998474121094,51.0099983215332,49.849998474121094,50.119998931884766,5855800,0.0,0.0
2016-06-20 00:00:00-04:00,50.7400016784668,51.84000015258789,50.61000061035156,50.630001068115234,6156800,0.0,0.0
2016-06-21 00:00:00-04:00,49.11000061035156,49.63999938964844,47.900001525878906,48.13999938964844,9808100,0.0,0.0
2016-06-22 00:00:00-04:00,47.97999954223633,48.2599983215332,46.36000061035156,46.5,6071400,0.0,0.0
2016-06-23 00:00:00-04:00,47.209999084472656,48.189998626708984,46.869998931884766,46.97999954223633,3706100,0.0,0.0
2016-06-24 00:00:00-04:00,45.689998626708984,46.68000030517578,45.470001220703125,46.31999969482422,4647900,0.0,0.0
2016-06-27 00:00:00-04:00,45.86000061035156,45.9900016784668,45.060001373291016,45.70000076293945,4530700,0.0,0.0
2016-06-28 00:00:00-04:00,46.61000061035156,47.290000915527344,46.22999954223633,46.709999084472656,2824500,0.0,0.0
2016-06-29 00:00:00-04:00,47.220001220703125,48.310001373291016,47.15999984741211,48.02000045776367,2751200,0.0,0.0
2016-06-30 00:00:00-04:00,47.90999984741211,49.130001068115234,47.380001068115234,49.029998779296875,3446000,0.0,0.0
2016-07-01 00:00:00-04:00,49.43000030517578,50.45000076293945,49.209999084472656,49.65999984741211,2408300,0.0,0.0
2016-07-05 00:00:00-04:00,49.06999969482422,49.20000076293945,47.0,47.7599983215332,3365700,0.0,0.0
2016-07-06 00:00:00-04:00,48.209999084472656,50.59000015258789,48.209999084472656,50.45000076293945,5203700,0.0,0.0
2016-07-07 00:00:00-04:00,50.400001525878906,51.09000015258789,49.9900016784668,50.439998626708984,1931500,0.0,0.0
2016-07-08 00:00:00-04:00,51.060001373291016,52.75,50.9900016784668,52.66999816894531,2457200,0.0,0.0
2016-07-11 00:00:00-04:00,52.7400016784668,53.66999816894531,52.68000030517578,53.31999969482422,2640800,0.0,0.0
2016-07-12 00:00:00-04:00,53.959999084472656,54.95000076293945,53.939998626708984,54.779998779296875,2874300,0.0,0.0
2016-07-13 00:00:00-04:00,54.689998626708984,55.0,54.279998779296875,54.599998474121094,1890800,0.0,0.0
2016-07-14 00:00:00-04:00,55.0099983215332,55.54999923706055,54.83000183105469,55.400001525878906,1769300,0.0,0.0
2016-07-15 00:00:00-04:00,55.77000045776367,55.779998779296875,55.09000015258789,55.22999954223633,1512300,0.0,0.0
2016-07-18 00:00:00-04:00,55.11000061035156,55.810001373291016,54.97999954223633,55.470001220703125,1987500,0.0,0.0
2016-07-19 00:00:00-04:00,54.95000076293945,55.290000915527344,54.4900016784668,54.720001220703125,1916300,0.0,0.0
2016-07-20 00:00:00-04:00,55.04999923706055,56.2400016784668,55.029998779296875,56.040000915527344,2236500,0.0,0.0
2016-07-21 00:00:00-04:00,57.11000061035156,58.720001220703125,56.58000183105469,57.560001373291016,4842900,0.0,0.0
2016-07-22 00:00:00-04:00,57.560001373291016,58.2599983215332,57.0099983215332,57.95000076293945,1445500,0.0,0.0
2016-07-25 00:00:00-04:00,57.869998931884766,58.220001220703125,57.369998931884766,57.79999923706055,1306600,0.0,0.0
2016-07-26 00:00:00-04:00,57.65999984741211,58.7400016784668,57.63999938964844,58.630001068115234,1405600,0.0,0.0
2016-07-27 00:00:00-04:00,58.63999938964844,58.91999816894531,58.040000915527344,58.439998626708984,1360400,0.0,0.0
2016-07-28 00:00:00-04:00,58.09000015258789,58.47999954223633,57.09000015258789,58.349998474121094,2012000,0.0,0.0
2016-07-29 00:00:00-04:00,58.33000183105469,58.47999954223633,57.720001220703125,58.2599983215332,1904000,0.0,0.0
2016-08-01 00:00:00-04:00,58.06999969482422,58.380001068115234,57.61000061035156,58.13999938964844,1226700,0.0,0.0
2016-08-02 00:00:00-04:00,57.970001220703125,58.15999984741211,55.25,55.56999969482422,3079200,0.0,0.0
2016-08-03 00:00:00-04:00,55.56999969482422,56.209999084472656,54.86000061035156,56.20000076293945,2001500,0.0,0.0
2016-08-04 00:00:00-04:00,56.27000045776367,57.7400016784668,56.27000045776367,57.52000045776367,2649800,0.0,0.0
2016-08-05 00:00:00-04:00,58.18000030517578,59.59000015258789,58.15999984741211,58.849998474121094,3295900,0.0,0.0
2016-08-08 00:00:00-04:00,58.790000915527344,58.939998626708984,58.34000015258789,58.68000030517578,1323200,0.0,0.0
2016-08-09 00:00:00-04:00,58.540000915527344,59.650001525878906,58.540000915527344,58.7400016784668,2154700,0.0,0.0
2016-08-10 00:00:00-04:00,58.77000045776367,58.790000915527344,58.13999938964844,58.36000061035156,968900,0.0,0.0
2016-08-11 00:00:00-04:00,58.90999984741211,59.810001373291016,58.54999923706055,59.16999816894531,2089800,0.0,0.0
2016-08-12 00:00:00-04:00,59.16999816894531,60.34000015258789,59.130001068115234,59.560001373291016,1433400,0.0,0.0
2016-08-15 00:00:00-04:00,59.68000030517578,60.529998779296875,59.47999954223633,60.5099983215332,1452800,0.0,0.0
2016-08-16 00:00:00-04:00,60.34000015258789,60.4900016784668,59.709999084472656,60.15999984741211,1181300,0.0,0.0
2016-08-17 00:00:00-04:00,60.08000183105469,60.150001525878906,58.5099983215332,58.81999969482422,1990300,0.0,0.0
2016-08-18 00:00:00-04:00,59.150001525878906,59.5099983215332,58.22999954223633,59.150001525878906,3130700,0.0,0.0
2016-08-19 00:00:00-04:00,58.93000030517578,59.54999923706055,57.91999816894531,59.29999923706055,2963600,0.0,0.0
2016-08-22 00:00:00-04:00,59.20000076293945,59.25,58.31999969482422,58.93000030517578,2371200,0.0,0.0
2016-08-23 00:00:00-04:00,59.400001525878906,59.779998779296875,59.02000045776367,59.09000015258789,1703600,0.0,0.0
2016-08-24 00:00:00-04:00,58.959999084472656,59.310001373291016,58.09000015258789,58.220001220703125,1311600,0.0,0.0
2016-08-25 00:00:00-04:00,57.900001525878906,58.779998779296875,57.900001525878906,58.380001068115234,1260900,0.0,0.0
2016-08-26 00:00:00-04:00,58.54999923706055,59.54999923706055,58.40999984741211,58.70000076293945,1510500,0.0,0.0
2016-08-29 00:00:00-04:00,58.70000076293945,59.689998626708984,58.58000183105469,59.47999954223633,1039400,0.0,0.0
2016-08-30 00:00:00-04:00,59.189998626708984,59.72999954223633,58.880001068115234,59.5,830200,0.0,0.0
2016-08-31 00:00:00-04:00,59.52000045776367,59.529998779296875,58.2599983215332,58.95000076293945,1471900,0.0,0.0
2016-09-01 00:00:00-04:00,59.029998779296875,59.47999954223633,58.38999938964844,59.0099983215332,1139100,0.0,0.0
2016-09-02 00:00:00-04:00,59.52000045776367,60.119998931884766,59.439998626708984,60.060001373291016,1029100,0.0,0.0
2016-09-06 00:00:00-04:00,59.9900016784668,60.099998474121094,59.2400016784668,59.52000045776367,2411800,0.0,0.0
2016-09-07 00:00:00-04:00,59.65999984741211,60.810001373291016,59.52000045776367,60.599998474121094,3740900,0.0,0.0
2016-09-08 00:00:00-04:00,60.29999923706055,60.540000915527344,59.939998626708984,60.16999816894531,1488500,0.0,0.0
2016-09-09 00:00:00-04:00,58.189998626708984,58.720001220703125,55.220001220703125,55.22999954223633,3490600,0.0,0.0
2016-09-12 00:00:00-04:00,54.939998626708984,57.11000061035156,54.720001220703125,56.79999923706055,2433000,0.0,0.0
2016-09-13 00:00:00-04:00,56.22999954223633,56.7599983215332,55.720001220703125,56.43000030517578,1860300,0.0,0.0
2016-09-14 00:00:00-04:00,56.58000183105469,57.060001373291016,55.95000076293945,56.72999954223633,1285900,0.0,0.0
2016-09-15 00:00:00-04:00,56.7400016784668,57.31999969482422,56.5099983215332,56.900001525878906,2349400,0.0,0.0
2016-09-16 00:00:00-04:00,56.61000061035156,56.7599983215332,55.88999938964844,56.5,4607100,0.0,0.0
2016-09-19 00:00:00-04:00,57.15999984741211,57.70000076293945,56.560001373291016,56.58000183105469,4378600,0.0,0.0
2016-09-20 00:00:00-04:00,56.81999969482422,57.150001525878906,55.65999984741211,55.7599983215332,3982100,0.0,0.0
2016-09-21 00:00:00-04:00,53.97999954223633,54.88999938964844,53.22999954223633,54.619998931884766,5553500,0.0,0.0
2016-09-22 00:00:00-04:00,55.150001525878906,55.5,54.290000915527344,54.349998474121094,2636100,0.0,0.0
2016-09-23 00:00:00-04:00,53.95000076293945,54.400001525878906,53.5099983215332,53.7400016784668,2616600,0.0,0.0
2016-09-26 00:00:00-04:00,53.47999954223633,54.130001068115234,53.220001220703125,53.59000015258789,2370200,0.0,0.0
2016-09-27 00:00:00-04:00,53.56999969482422,54.11000061035156,53.45000076293945,53.70000076293945,1545400,0.0,0.0
2016-09-28 00:00:00-04:00,53.68000030517578,53.88999938964844,52.779998779296875,53.119998931884766,1802300,0.0,0.0
2016-09-29 00:00:00-04:00,52.939998626708984,53.29999923706055,52.06999969482422,52.16999816894531,1498700,0.0,0.0
2016-09-30 00:00:00-04:00,52.290000915527344,53.63999938964844,51.849998474121094,53.349998474121094,2290000,0.0,0.0
2016-10-03 00:00:00-04:00,52.84000015258789,52.849998474121094,51.56999969482422,52.52000045776367,2194800,0.0,0.0
2016-10-04 00:00:00-04:00,52.68000030517578,52.84000015258789,51.52000045776367,51.650001525878906,2173900,0.0,0.0
2016-10-05 00:00:00-04:00,52.31999969482422,53.95000076293945,52.0099983215332,53.099998474121094,2837800,0.0,0.0
2016-10-06 00:00:00-04:00,52.77000045776367,53.09000015258789,52.58000183105469,52.779998779296875,1362000,0.0,0.0
2016-10-07 00:00:00-04:00,53.130001068115234,53.16999816894531,51.970001220703125,52.33000183105469,1800500,0.0,0.0
2016-10-10 00:00:00-04:00,52.75,53.33000183105469,52.619998931884766,52.63999938964844,974900,0.0,0.0
2016-10-11 00:00:00-04:00,52.439998626708984,52.47999954223633,50.93000030517578,51.13999938964844,1932900,0.0,0.0
2016-10-12 00:00:00-04:00,51.369998931884766,51.790000915527344,50.959999084472656,51.599998474121094,1689600,0.0,0.0
2016-10-13 00:00:00-04:00,51.11000061035156,51.619998931884766,50.61000061035156,51.5099983215332,1604000,0.0,0.0
2016-10-14 00:00:00-04:00,51.790000915527344,52.13999938964844,50.93000030517578,51.25,2190200,0.0,0.0
2016-10-17 00:00:00-04:00,51.25,51.439998626708984,50.95000076293945,51.11000061035156,1432200,0.0,0.0
2016-10-18 00:00:00-04:00,51.7400016784668,51.93000030517578,50.7599983215332,51.040000915527344,2122500,0.0,0.0
2016-10-19 00:00:00-04:00,51.189998626708984,51.939998626708984,51.029998779296875,51.7599983215332,1254600,0.0,0.0
2016-10-20 00:00:00-04:00,51.58000183105469,51.779998779296875,50.599998474121094,50.83000183105469,2469300,0.0,0.0
2016-10-21 00:00:00-04:00,50.45000076293945,50.540000915527344,49.84000015258789,50.04999923706055,2866700,0.0,0.0
2016-10-24 00:00:00-04:00,52.369998931884766,52.75,50.5099983215332,51.5,4061200,0.0,0.0
2016-10-25 00:00:00-04:00,51.130001068115234,51.279998779296875,50.599998474121094,50.93000030517578,1877600,0.0,0.0
2016-10-26 00:00:00-04:00,50.630001068115234,51.88999938964844,50.5099983215332,51.540000915527344,2474700,0.0,0.0
2016-10-27 00:00:00-04:00,51.5,51.529998779296875,50.5099983215332,50.59000015258789,2881000,0.0,0.0
2016-10-28 00:00:00-04:00,49.689998626708984,49.95000076293945,48.790000915527344,49.77000045776367,3640300,0.0,0.0
2016-10-31 00:00:00-04:00,49.810001373291016,50.06999969482422,49.36000061035156,49.939998626708984,1813200,0.0,0.0
2016-11-01 00:00:00-04:00,49.88999938964844,49.88999938964844,48.029998779296875,48.650001525878906,2225900,0.0,0.0
2016-11-02 00:00:00-04:00,48.47999954223633,49.20000076293945,48.34000015258789,48.72999954223633,1743100,0.0,0.0
2016-11-03 00:00:00-04:00,48.83000183105469,49.83000183105469,48.83000183105469,49.619998931884766,2776800,0.0,0.0
2016-11-04 00:00:00-04:00,49.58000183105469,51.84000015258789,49.380001068115234,50.5099983215332,3399000,0.0,0.0
2016-11-07 00:00:00-05:00,51.349998474121094,51.61000061035156,50.790000915527344,51.5099983215332,2654800,0.0,0.0
2016-11-08 00:00:00-05:00,49.90999984741211,50.40999984741211,48.470001220703125,48.68000030517578,4727800,0.0,0.0
2016-11-09 00:00:00-05:00,47.650001525878906,50.95000076293945,47.5,50.619998931884766,3231800,0.0,0.0
2016-11-10 00:00:00-05:00,50.88999938964844,53.5099983215332,50.880001068115234,52.72999954223633,3013400,0.0,0.0
2016-11-11 00:00:00-05:00,52.650001525878906,54.970001220703125,52.5,54.779998779296875,3067900,0.0,0.0
2016-11-14 00:00:00-05:00,54.47999954223633,58.15999984741211,54.40999984741211,56.88999938964844,4188600,0.0,0.0
2016-11-15 00:00:00-05:00,57.209999084472656,57.209999084472656,55.970001220703125,56.2400016784668,3479400,0.0,0.0
2016-11-16 00:00:00-05:00,56.08000183105469,56.310001373291016,55.130001068115234,56.0,2019300,0.0,0.0
2016-11-17 00:00:00-05:00,55.290000915527344,56.15999984741211,54.16999816894531,55.70000076293945,1998300,0.0,0.0
2016-11-18 00:00:00-05:00,55.65999984741211,56.20000076293945,55.150001525878906,55.22999954223633,1697300,0.0,0.0
2016-11-21 00:00:00-05:00,55.95000076293945,56.849998474121094,55.52000045776367,56.56999969482422,1736900,0.0,0.0
2016-11-22 00:00:00-05:00,57.060001373291016,57.86000061035156,57.0,57.79999923706055,1797500,0.0,0.0
2016-11-23 00:00:00-05:00,57.619998931884766,58.40999984741211,57.470001220703125,58.400001525878906,1381900,0.0,0.0
2016-11-25 00:00:00-05:00,58.36000061035156,58.86000061035156,58.2400016784668,58.380001068115234,455500,0.0,0.0
2016-11-28 00:00:00-05:00,58.279998779296875,58.61000061035156,57.31999969482422,57.369998931884766,1407900,0.0,0.0
2016-11-29 00:00:00-05:00,57.72999954223633,58.06999969482422,56.959999084472656,57.5099983215332,1141500,0.0,0.0
2016-11-30 00:00:00-05:00,57.560001373291016,58.040000915527344,57.349998474121094,57.790000915527344,1408600,0.0,0.0
2016-12-01 00:00:00-05:00,58.150001525878906,59.380001068115234,57.7599983215332,59.099998474121094,2332700,0.0,0.0
2016-12-02 00:00:00-05:00,59.15999984741211,59.27000045776367,57.900001525878906,57.9900016784668,2162800,0.0,0.0
2016-12-05 00:00:00-05:00,58.54999923706055,58.88999938964844,58.040000915527344,58.08000183105469,1956700,0.0,0.0
2016-12-06 00:00:00-05:00,58.65999984741211,60.560001373291016,58.65999984741211,60.5,2160300,0.0,0.0
2016-12-07 00:00:00-05:00,60.34000015258789,62.97999954223633,60.34000015258789,62.79999923706055,2005600,0.0,0.0
2016-12-08 00:00:00-05:00,62.869998931884766,64.87999725341797,62.77000045776367,64.16000366210938,2630100,0.0,0.0
2016-12-09 00:00:00-05:00,63.95000076293945,64.05999755859375,62.689998626708984,62.79999923706055,2251900,0.0,0.0
2016-12-12 00:00:00-05:00,62.779998779296875,63.33000183105469,62.08000183105469,62.79999923706055,3030600,0.0,0.0
2016-12-13 00:00:00-05:00,63.150001525878906,63.2599983215332,61.66999816894531,61.93000030517578,2328400,0.0,0.0
2016-12-14 00:00:00-05:00,61.95000076293945,62.31999969482422,61.27000045776367,61.41999816894531,2280900,0.0,0.0
2016-12-15 00:00:00-05:00,61.5099983215332,62.91999816894531,61.5099983215332,62.81999969482422,1880000,0.0,0.0
2016-12-16 00:00:00-05:00,62.93000030517578,63.84000015258789,61.93000030517578,62.150001525878906,2806200,0.0,0.0
2016-12-19 00:00:00-05:00,62.150001525878906,62.779998779296875,62.02000045776367,62.36000061035156,3334700,0.0,0.0
2016-12-20 00:00:00-05:00,61.869998931884766,66.63999938964844,61.72999954223633,66.16000366210938,4930000,0.0,0.0
2016-12-21 00:00:00-05:00,66.0199966430664,66.43000030517578,65.56999969482422,66.0,2365000,0.0,0.0
2016-12-22 00:00:00-05:00,65.76000213623047,66.06999969482422,63.58000183105469,64.05999755859375,2333800,0.0,0.0
2016-12-23 00:00:00-05:00,64.04000091552734,64.80000305175781,63.439998626708984,64.04000091552734,1069800,0.0,0.0
2016-12-27 00:00:00-05:00,64.22000122070312,64.66000366210938,63.91999816894531,64.30999755859375,1216100,0.0,0.0
2016-12-28 00:00:00-05:00,64.61000061035156,65.94999694824219,63.54999923706055,63.790000915527344,1703300,0.0,0.0
2016-12-29 00:00:00-05:00,64.0,64.5999984741211,63.5,63.900001525878906,1098700,0.0,0.0
2016-12-30 00:00:00-05:00,64.19999694824219,64.58000183105469,63.52000045776367,64.38999938964844,1811000,0.0,0.0
2017-01-03 00:00:00-05:00,65.02999877929688,65.91999816894531,64.0999984741211,64.81999969482422,2302500,0.0,0.0
2017-01-04 00:00:00-05:00,65.18000030517578,67.5999984741211,65.08000183105469,66.76000213623047,3485900,0.0,0.0
2017-01-05 00:00:00-05:00,66.16999816894531,67.16999816894531,65.33999633789062,66.37999725341797,2052200,0.0,0.0
2017-01-06 00:00:00-05:00,66.19000244140625,66.51000213623047,65.37000274658203,65.4000015258789,1277400,0.0,0.0
2017-01-09 00:00:00-05:00,65.45999908447266,65.87000274658203,64.8499984741211,65.19000244140625,1557400,0.0,0.0
2017-01-10 00:00:00-05:00,65.01000213623047,66.7300033569336,65.0,65.68000030517578,2462400,0.0,0.0
2017-01-11 00:00:00-05:00,67.08999633789062,68.05999755859375,66.25,66.88999938964844,2431900,0.0,0.0
2017-01-12 00:00:00-05:00,66.94999694824219,67.0999984741211,65.4800033569336,66.80999755859375,1278200,0.0,0.0
2017-01-13 00:00:00-05:00,66.81999969482422,67.51000213623047,66.7300033569336,67.16999816894531,1063000,0.0,0.0
2017-01-17 00:00:00-05:00,67.16999816894531,67.31999969482422,66.19999694824219,66.47000122070312,1402500,0.0,0.0
2017-01-18 00:00:00-05:00,66.25,66.38999938964844,65.22000122070312,65.68000030517578,2267600,0.0,0.0
2017-01-19 00:00:00-05:00,65.66999816894531,66.87999725341797,65.66999816894531,66.47000122070312,1994900,0.0,0.0
2017-01-20 00:00:00-05:00,66.68000030517578,67.11000061035156,66.11000061035156,66.6500015258789,1306600,0.0,0.0
2017-01-23 00:00:00-05:00,66.19999694824219,67.3499984741211,66.12999725341797,67.12999725341797,1768800,0.0,0.0
2017-01-24 00:00:00-05:00,67.51000213623047,68.72000122070312,67.30999755859375,68.20999908447266,2608700,0.0,0.0
2017-01-25 00:00:00-05:00,68.16000366210938,68.38999938964844,67.8499984741211,68.19999694824219,2866900,0.0,0.0
2017-01-26 00:00:00-05:00,68.33999633789062,68.86000061035156,67.55999755859375,67.66999816894531,1622700,0.0,0.0
2017-01-27 00:00:00-05:00,67.87000274658203,67.97000122070312,67.18000030517578,67.45999908447266,1084400,0.0,0.0
2017-01-30 00:00:00-05:00,67.30000305175781,67.47000122070312,66.22000122070312,66.88999938964844,2534500,0.0,0.0
2017-01-31 00:00:00-05:00,66.8499984741211,66.91999816894531,65.73999786376953,66.70999908447266,3275700,0.0,0.0
2017-02-01 00:00:00-05:00,65.0,66.55000305175781,64.69999694824219,65.19000244140625,2931700,0.0,0.0
2017-02-02 00:00:00-05:00,65.37000274658203,65.7699966430664,64.62999725341797,65.0,1689900,0.0,0.0
2017-02-03 00:00:00-05:00,65.02999877929688,66.11000061035156,65.02999877929688,65.69000244140625,1428400,0.0,0.0
2017-02-06 00:00:00-05:00,65.37000274658203,65.58999633789062,64.66999816894531,65.11000061035156,1340300,0.0,0.0
2017-02-07 00:00:00-05:00,65.16000366210938,65.8499984741211,65.0199966430664,65.83000183105469,1669400,0.0,0.0
2017-02-08 00:00:00-05:00,65.52999877929688,66.94000244140625,65.5,66.76000213623047,2276200,0.0,0.0
2017-02-09 00:00:00-05:00,66.83999633789062,67.68000030517578,66.11000061035156,67.44000244140625,1432600,0.0,0.0
2017-02-10 00:00:00-05:00,67.72000122070312,67.91000366210938,66.75,67.54000091552734,1531000,0.0,0.0
2017-02-13 00:00:00-05:00,67.79000091552734,67.94999694824219,67.02999877929688,67.5,1437200,0.0,0.0
2017-02-14 00:00:00-05:00,67.5,68.30999755859375,67.30000305175781,68.22000122070312,1308600,0.0,0.0
2017-02-15 00:00:00-05:00,67.91000366210938,68.86000061035156,67.79000091552734,68.5999984741211,1793100,0.0,0.0
2017-02-16 00:00:00-05:00,68.5,69.11000061035156,68.19999694824219,68.27999877929688,1606800,0.0,0.0
2017-02-17 00:00:00-05:00,67.62999725341797,67.6500015258789,66.38999938964844,67.0199966430664,2383500,0.0,0.0
2017-02-21 00:00:00-05:00,67.58000183105469,68.56999969482422,67.19000244140625,68.25,1658200,0.0,0.0
2017-02-22 00:00:00-05:00,67.86000061035156,68.23999786376953,67.30999755859375,67.55000305175781,1453400,0.0,0.0
2017-02-23 00:00:00-05:00,67.47000122070312,67.79000091552734,65.95999908447266,66.06999969482422,1368800,0.0,0.0
2017-02-24 00:00:00-05:00,65.86000061035156,66.23999786376953,64.88999938964844,65.83000183105469,1961200,0.0,0.0
2017-02-27 00:00:00-05:00,65.94000244140625,66.20999908447266,65.5999984741211,66.06999969482422,1397700,0.0,0.0
2017-02-28 00:00:00-05:00,65.72000122070312,65.94000244140625,64.18000030517578,64.54000091552734,3043000,0.0,0.0
2017-03-01 00:00:00-05:00,65.51000213623047,66.44000244140625,62.63999938964844,65.18000030517578,6524700,0.0,0.0
2017-03-02 00:00:00-05:00,64.91000366210938,66.1500015258789,64.80000305175781,65.02999877929688,1833100,0.0,0.0
2017-03-03 00:00:00-05:00,65.23999786376953,65.55000305175781,64.45999908447266,64.87000274658203,1943600,0.0,0.0
2017-03-06 00:00:00-05:00,64.30000305175781,64.54000091552734,63.77000045776367,63.900001525878906,1760200,0.0,0.0
2017-03-07 00:00:00-05:00,63.720001220703125,64.83000183105469,63.599998474121094,63.810001373291016,1882000,0.0,0.0
2017-03-08 00:00:00-05:00,64.05000305175781,65.13999938964844,63.880001068115234,64.61000061035156,1348200,0.0,0.0
2017-03-09 00:00:00-05:00,64.27999877929688,64.9800033569336,63.61000061035156,63.77000045776367,1266100,0.0,0.0
2017-03-10 00:00:00-05:00,64.1500015258789,64.81999969482422,63.849998474121094,64.19999694824219,1139200,0.0,0.0
2017-03-13 00:00:00-04:00,64.16000366210938,64.37000274658203,63.27000045776367,63.38999938964844,1667400,0.0,0.0
2017-03-14 00:00:00-04:00,63.18000030517578,63.38999938964844,62.18000030517578,62.97999954223633,2547900,0.0,0.0
2017-03-15 00:00:00-04:00,62.97999954223633,63.79999923706055,62.029998779296875,63.5099983215332,2689300,0.0,0.0
2017-03-16 00:00:00-04:00,63.56999969482422,63.959999084472656,62.650001525878906,63.540000915527344,1755600,0.0,0.0
2017-03-17 00:00:00-04:00,63.9900016784668,63.9900016784668,61.22999954223633,61.689998626708984,4293300,0.0,0.0
2017-03-20 00:00:00-04:00,61.59000015258789,62.0099983215332,60.93000030517578,61.16999816894531,2541600,0.0,0.0
2017-03-21 00:00:00-04:00,61.34000015258789,61.5,58.810001373291016,59.470001220703125,3509400,0.0,0.0
2017-03-22 00:00:00-04:00,59.43000030517578,61.0099983215332,58.91999816894531,60.06999969482422,2668900,0.0,0.0
2017-03-23 00:00:00-04:00,59.939998626708984,60.59000015258789,58.9900016784668,60.040000915527344,1862800,0.0,0.0
2017-03-24 00:00:00-04:00,60.209999084472656,60.65999984741211,59.18000030517578,59.599998474121094,1410300,0.0,0.0
2017-03-27 00:00:00-04:00,58.90999984741211,59.18000030517578,57.83000183105469,58.869998931884766,2728300,0.0,0.0
2017-03-28 00:00:00-04:00,58.880001068115234,59.91999816894531,58.63999938964844,59.7599983215332,2984300,0.0,0.0
2017-03-29 00:00:00-04:00,59.939998626708984,60.369998931884766,59.470001220703125,60.04999923706055,1489200,0.0,0.0
2017-03-30 00:00:00-04:00,59.91999816894531,60.72999954223633,59.91999816894531,60.060001373291016,1354900,0.0,0.0
2017-03-31 00:00:00-04:00,59.79999923706055,59.959999084472656,58.130001068115234,59.220001220703125,3993200,0.0,0.0
2017-04-03 00:00:00-04:00,58.20000076293945,58.5,56.0099983215332,56.66999816894531,5489900,0.0,0.0
2017-04-04 00:00:00-04:00,56.369998931884766,57.0,55.599998474121094,55.81999969482422,5023100,0.0,0.0
2017-04-05 00:00:00-04:00,57.0,58.04999923706055,56.5,56.65999984741211,7993300,0.0,0.0
2017-04-06 00:00:00-04:00,55.08000183105469,58.20000076293945,54.290000915527344,58.0,11001300,0.0,0.0
2017-04-07 00:00:00-04:00,57.79999923706055,58.16999816894531,55.709999084472656,56.5,7366300,0.0,0.0
2017-04-10 00:00:00-04:00,56.5099983215332,57.88999938964844,56.4900016784668,57.11000061035156,3355800,0.0,0.0
2017-04-11 00:00:00-04:00,57.099998474121094,57.61000061035156,56.349998474121094,57.2400016784668,2400700,0.0,0.0
2017-04-12 00:00:00-04:00,57.16999816894531,57.2400016784668,56.099998474121094,56.2400016784668,1620300,0.0,0.0
2017-04-13 00:00:00-04:00,56.150001525878906,56.5,55.369998931884766,55.369998931884766,1926200,0.0,0.0
2017-04-17 00:00:00-04:00,55.58000183105469,56.189998626708984,55.11000061035156,56.130001068115234,1687400,0.0,0.0
2017-04-18 00:00:00-04:00,55.75,55.939998626708984,55.04999923706055,55.61000061035156,2083300,0.0,0.0
2017-04-19 00:00:00-04:00,56.0,57.86000061035156,56.0,57.16999816894531,3641900,0.0,0.0
2017-04-20 00:00:00-04:00,57.5099983215332,58.900001525878906,57.5099983215332,58.79999923706055,3301800,0.0,0.0
2017-04-21 00:00:00-04:00,58.709999084472656,59.130001068115234,57.70000076293945,58.310001373291016,2821400,0.0,0.0
2017-04-24 00:00:00-04:00,59.689998626708984,59.88999938964844,58.849998474121094,59.689998626708984,2571200,0.0,0.0
2017-04-25 00:00:00-04:00,59.97999954223633,60.61000061035156,58.61000061035156,58.7400016784668,3042900,0.0,0.0
2017-04-26 00:00:00-04:00,58.90999984741211,60.47999954223633,58.709999084472656,59.959999084472656,4056400,0.0,0.0
2017-04-27 00:00:00-04:00,59.93000030517578,60.720001220703125,59.59000015258789,60.08000183105469,2006300,0.0,0.0
2017-04-28 00:00:00-04:00,60.060001373291016,60.060001373291016,58.310001373291016,58.5,3722200,0.0,0.0
2017-05-01 00:00:00-04:00,58.70000076293945,58.79999923706055,57.970001220703125,58.150001525878906,2152400,0.0,0.0
2017-05-02 00:00:00-04:00,58.18000030517578,58.59000015258789,56.529998779296875,57.880001068115234,3104800,0.0,0.0
2017-05-03 00:00:00-04:00,57.79999923706055,58.56999969482422,57.54999923706055,58.52000045776367,2088800,0.0,0.0
2017-05-04 00:00:00-04:00,58.599998474121094,59.2599983215332,58.45000076293945,58.709999084472656,1714000,0.0,0.0
2017-05-05 00:00:00-04:00,59.130001068115234,59.779998779296875,58.099998474121094,59.709999084472656,2180200,0.0,0.0
2017-05-08 00:00:00-04:00,59.810001373291016,60.72999954223633,59.54999923706055,60.279998779296875,2641500,0.0,0.0
2017-05-09 00:00:00-04:00,60.18000030517578,60.61000061035156,59.470001220703125,60.279998779296875,2184800,0.0,0.0
2017-05-10 00:00:00-04:00,60.189998626708984,60.470001220703125,59.54999923706055,59.93000030517578,1469500,0.0,0.0
2017-05-11 00:00:00-04:00,59.619998931884766,59.7400016784668,58.2599983215332,59.279998779296875,1741200,0.0,0.0
2017-05-12 00:00:00-04:00,58.95000076293945,59.459999084472656,58.59000015258789,59.38999938964844,1909700,0.0,0.0
2017-05-15 00:00:00-04:00,59.68000030517578,61.41999816894531,59.599998474121094,61.13999938964844,3147000,0.0,0.0
2017-05-16 00:00:00-04:00,61.33000183105469,61.7400016784668,60.65999984741211,61.65999984741211,3306300,0.0,0.0
2017-05-17 00:00:00-04:00,61.65999984741211,61.65999984741211,59.560001373291016,60.02000045776367,3084700,0.0,0.0
2017-05-18 00:00:00-04:00,61.22999954223633,64.66000366210938,61.029998779296875,63.709999084472656,7334500,0.0,0.0
2017-05-19 00:00:00-04:00,64.01000213623047,64.95999908447266,62.95000076293945,64.75,2533100,0.0,0.0
2017-05-22 00:00:00-04:00,65.05999755859375,65.80000305175781,64.9000015258789,65.02999877929688,1802200,0.0,0.0
2017-05-23 00:00:00-04:00,64.77999877929688,65.12000274658203,64.4000015258789,64.48999786376953,1986700,0.0,0.0
2017-05-24 00:00:00-04:00,64.27999877929688,64.83000183105469,63.970001220703125,64.51000213623047,1943100,0.0,0.0
2017-05-25 00:00:00-04:00,65.16999816894531,65.30999755859375,63.869998931884766,64.69000244140625,1735500,0.0,0.0
2017-05-26 00:00:00-04:00,64.47000122070312,64.91999816894531,64.05000305175781,64.72000122070312,1293000,0.0,0.0
2017-05-30 00:00:00-04:00,64.6500015258789,64.87000274658203,63.400001525878906,63.540000915527344,1662200,0.0,0.0
2017-05-31 00:00:00-04:00,63.68000030517578,63.7400016784668,61.779998779296875,62.83000183105469,2505000,0.0,0.0
2017-06-01 00:00:00-04:00,63.15999984741211,64.0,62.18000030517578,63.93000030517578,2706600,0.0,0.0
2017-06-02 00:00:00-04:00,63.88999938964844,64.33000183105469,62.84000015258789,63.599998474121094,1773700,0.0,0.0
2017-06-05 00:00:00-04:00,63.47999954223633,63.4900016784668,61.83000183105469,62.59000015258789,2609600,0.0,0.0
2017-06-06 00:00:00-04:00,62.04999923706055,62.34000015258789,61.15999984741211,61.63999938964844,2573900,0.0,0.0
2017-06-07 00:00:00-04:00,61.97999954223633,63.0,61.16999816894531,62.470001220703125,2444500,0.0,0.0
2017-06-08 00:00:00-04:00,62.470001220703125,62.88999938964844,60.54999923706055,60.7599983215332,2785100,0.0,0.0
2017-06-09 00:00:00-04:00,60.58000183105469,60.84000015258789,59.119998931884766,59.61000061035156,3397200,0.0,0.0
2017-06-12 00:00:00-04:00,59.560001373291016,60.79999923706055,59.560001373291016,60.79999923706055,2595100,0.0,0.0
2017-06-13 00:00:00-04:00,60.650001525878906,61.650001525878906,59.22999954223633,61.630001068115234,2618600,0.0,0.0
2017-06-14 00:00:00-04:00,61.66999816894531,61.95000076293945,60.7400016784668,61.83000183105469,1551700,0.0,0.0
2017-06-15 00:00:00-04:00,61.36000061035156,61.72999954223633,60.459999084472656,61.54999923706055,2221000,0.0,0.0
2017-06-16 00:00:00-04:00,61.369998931884766,61.369998931884766,59.79999923706055,60.689998626708984,3041600,0.0,0.0
2017-06-19 00:00:00-04:00,60.91999816894531,61.93000030517578,59.9900016784668,61.650001525878906,4013600,0.0,0.0
2017-06-20 00:00:00-04:00,61.459999084472656,61.59000015258789,59.13999938964844,59.2599983215332,5646300,0.0,0.0
2017-06-21 00:00:00-04:00,63.81999969482422,63.95000076293945,58.34000015258789,59.7400016784668,11719100,0.0,0.0
2017-06-22 00:00:00-04:00,59.81999969482422,63.04999923706055,59.63999938964844,62.5,6826100,0.0,0.0
2017-06-23 00:00:00-04:00,62.43000030517578,62.61000061035156,61.20000076293945,61.709999084472656,3205500,0.0,0.0
2017-06-26 00:00:00-04:00,62.0,63.59000015258789,61.849998474121094,63.380001068115234,3068400,0.0,0.0
2017-06-27 00:00:00-04:00,63.75,64.27999877929688,63.0,63.099998474121094,1818500,0.0,0.0
2017-06-28 00:00:00-04:00,63.04999923706055,63.61000061035156,61.650001525878906,62.09000015258789,2867200,0.0,0.0
2017-06-29 00:00:00-04:00,62.27000045776367,63.099998474121094,61.849998474121094,62.2599983215332,1472700,0.0,0.0
2017-06-30 00:00:00-04:00,62.459999084472656,63.459999084472656,62.25,63.060001373291016,2035500,0.0,0.0
2017-07-03 00:00:00-04:00,63.400001525878906,64.5,62.939998626708984,63.7400016784668,1320900,0.0,0.0
2017-07-05 00:00:00-04:00,63.529998779296875,64.04000091552734,62.220001220703125,63.369998931884766,2196400,0.0,0.0
2017-07-06 00:00:00-04:00,63.34000015258789,64.2300033569336,62.959999084472656,63.5099983215332,2096600,0.0,0.0
2017-07-07 00:00:00-04:00,63.619998931884766,64.47000122070312,63.130001068115234,63.95000076293945,2068300,0.0,0.0
2017-07-10 00:00:00-04:00,63.5099983215332,64.31999969482422,63.25,64.19999694824219,1777300,0.0,0.0
2017-07-11 00:00:00-04:00,64.3499984741211,64.5,63.15999984741211,63.66999816894531,1617500,0.0,0.0
2017-07-12 00:00:00-04:00,64.1500015258789,65.30000305175781,63.720001220703125,64.19999694824219,1708700,0.0,0.0
2017-07-13 00:00:00-04:00,64.43000030517578,65.69999694824219,64.20999908447266,65.02999877929688,1660100,0.0,0.0
2017-07-14 00:00:00-04:00,65.0199966430664,65.29000091552734,64.08000183105469,64.41999816894531,1367900,0.0,0.0
2017-07-17 00:00:00-04:00,64.5,65.45999908447266,64.3499984741211,65.02999877929688,1156000,0.0,0.0
2017-07-18 00:00:00-04:00,64.7699966430664,65.19000244140625,64.08999633789062,64.73999786376953,1622800,0.0,0.0
2017-07-19 00:00:00-04:00,64.9000015258789,65.37000274658203,64.6500015258789,64.83000183105469,1201800,0.0,0.0
2017-07-20 00:00:00-04:00,64.83000183105469,65.18000030517578,63.849998474121094,64.37999725341797,1157500,0.0,0.0
2017-07-21 00:00:00-04:00,64.58999633789062,66.19000244140625,64.44000244140625,66.08999633789062,2720300,0.0,0.0
2017-07-24 00:00:00-04:00,65.77999877929688,66.22000122070312,65.19000244140625,65.69999694824219,1528300,0.0,0.0
2017-07-25 00:00:00-04:00,65.97000122070312,66.55000305175781,65.55000305175781,66.18000030517578,2211600,0.0,0.0
2017-07-26 00:00:00-04:00,66.30000305175781,66.98999786376953,65.81999969482422,66.7300033569336,1840800,0.0,0.0
2017-07-27 00:00:00-04:00,66.79000091552734,67.25,65.94999694824219,66.4800033569336,1294100,0.0,0.0
2017-07-28 00:00:00-04:00,66.37999725341797,66.87999725341797,65.75,66.79000091552734,1002500,0.0,0.0
2017-07-31 00:00:00-04:00,66.83999633789062,67.06999969482422,65.94999694824219,66.25,1185500,0.0,0.0
2017-08-01 00:00:00-04:00,66.16000366210938,66.76000213623047,65.12999725341797,66.6500015258789,1323400,0.0,0.0
2017-08-02 00:00:00-04:00,65.5,66.44999694824219,65.37999725341797,65.72000122070312,1352300,0.0,0.0
2017-08-03 00:00:00-04:00,65.73999786376953,66.5,65.44000244140625,65.54000091552734,931400,0.0,0.0
2017-08-04 00:00:00-04:00,65.81999969482422,65.98999786376953,65.5,65.72000122070312,1077700,0.0,0.0
2017-08-07 00:00:00-04:00,65.61000061035156,66.31999969482422,65.29000091552734,65.83000183105469,1009100,0.0,0.0
2017-08-08 00:00:00-04:00,65.7699966430664,66.3499984741211,64.70999908447266,64.87000274658203,1019500,0.0,0.0
2017-08-09 00:00:00-04:00,64.51000213623047,65.25,64.08999633789062,65.2300033569336,1157500,0.0,0.0
2017-08-10 00:00:00-04:00,64.75,64.98999786376953,63.90999984741211,63.93000030517578,1567400,0.0,0.0
2017-08-11 00:00:00-04:00,63.7400016784668,64.94000244140625,63.709999084472656,64.41999816894531,944400,0.0,0.0
2017-08-14 00:00:00-04:00,64.9800033569336,65.54000091552734,64.5999984741211,64.91999816894531,916900,0.0,0.0
2017-08-15 00:00:00-04:00,64.81999969482422,65.77999877929688,63.959999084472656,64.45999908447266,1351200,0.0,0.0
2017-08-16 00:00:00-04:00,64.70999908447266,65.6500015258789,64.70999908447266,64.81999969482422,1203200,0.0,0.0
2017-08-17 00:00:00-04:00,64.45999908447266,65.29000091552734,63.939998626708984,63.970001220703125,1146100,0.0,0.0
2017-08-18 00:00:00-04:00,63.81999969482422,64.72000122070312,63.66999816894531,63.970001220703125,1230400,0.0,0.0
2017-08-21 00:00:00-04:00,64.0199966430664,64.48999786376953,63.58000183105469,64.13999938964844,1309600,0.0,0.0
2017-08-22 00:00:00-04:00,64.2699966430664,64.4000015258789,63.439998626708984,63.849998474121094,1668400,0.0,0.0
2017-08-23 00:00:00-04:00,63.529998779296875,64.33999633789062,63.279998779296875,64.05000305175781,1090200,0.0,0.0
2017-08-24 00:00:00-04:00,64.62999725341797,65.02999877929688,63.66999816894531,63.72999954223633,889200,0.0,0.0
2017-08-25 00:00:00-04:00,64.13999938964844,65.0,63.959999084472656,64.38999938964844,1550700,0.0,0.0
2017-08-28 00:00:00-04:00,64.30000305175781,64.4000015258789,63.119998931884766,63.47999954223633,1516700,0.0,0.0
2017-08-29 00:00:00-04:00,62.97999954223633,63.72999954223633,62.7400016784668,63.560001373291016,1896800,0.0,0.0
2017-08-30 00:00:00-04:00,63.66999816894531,66.06999969482422,63.66999816894531,65.98999786376953,1741200,0.0,0.0
2017-08-31 00:00:00-04:00,66.12999725341797,67.47000122070312,66.12999725341797,67.1500015258789,2155800,0.0,0.0
2017-09-01 00:00:00-04:00,67.66999816894531,68.80000305175781,67.44999694824219,68.12000274658203,2307800,0.0,0.0
2017-09-05 00:00:00-04:00,68.08999633789062,69.12000274658203,67.91999816894531,69.0199966430664,2147700,0.0,0.0
2017-09-06 00:00:00-04:00,69.30000305175781,69.38999938964844,68.44999694824219,69.08000183105469,1515100,0.0,0.0
2017-09-07 00:00:00-04:00,69.1500015258789,69.5199966430664,68.16999816894531,68.33999633789062,1589100,0.0,0.0
2017-09-08 00:00:00-04:00,68.5199966430664,68.86000061035156,67.58000183105469,68.47000122070312,1628200,0.0,0.0
2017-09-11 00:00:00-04:00,68.5,69.02999877929688,68.0199966430664,68.5,1181600,0.0,0.0
2017-09-12 00:00:00-04:00,68.76000213623047,68.87999725341797,67.76000213623047,68.3499984741211,1484400,0.0,0.0
2017-09-13 00:00:00-04:00,68.58999633789062,69.91999816894531,68.18000030517578,69.08999633789062,2463600,0.0,0.0
2017-09-14 00:00:00-04:00,68.95999908447266,69.7699966430664,68.87999725341797,69.45999908447266,1544600,0.0,0.0
2017-09-15 00:00:00-04:00,69.2699966430664,69.66000366210938,67.98999786376953,68.08000183105469,3229700,0.0,0.0
2017-09-18 00:00:00-04:00,68.25,69.01000213623047,68.08999633789062,68.33999633789062,2110200,0.0,0.0
2017-09-19 00:00:00-04:00,69.06999969482422,69.45999908447266,68.12999725341797,68.45999908447266,1873800,0.0,0.0
2017-09-20 00:00:00-04:00,68.9000015258789,69.12999725341797,68.52999877929688,68.66999816894531,1640700,0.0,0.0
2017-09-21 00:00:00-04:00,68.91000366210938,69.9800033569336,68.36000061035156,68.83999633789062,2714900,0.0,0.0
2017-09-22 00:00:00-04:00,71.4000015258789,74.5999984741211,70.33000183105469,74.19000244140625,8937500,0.0,0.0
2017-09-25 00:00:00-04:00,73.79000091552734,75.55999755859375,73.2699966430664,74.29000091552734,3214100,0.0,0.0
2017-09-26 00:00:00-04:00,73.5999984741211,74.4800033569336,72.87999725341797,73.58999633789062,3638400,0.0,0.0
2017-09-27 00:00:00-04:00,73.94999694824219,75.81999969482422,73.94999694824219,75.3499984741211,2866400,0.0,0.0
2017-09-28 00:00:00-04:00,75.23999786376953,75.94999694824219,74.83999633789062,75.93000030517578,1911200,0.0,0.0
2017-09-29 00:00:00-04:00,76.0999984741211,76.4000015258789,75.55000305175781,75.80999755859375,1402100,0.0,0.0
2017-10-02 00:00:00-04:00,76.02999877929688,76.58999633789062,75.5199966430664,76.58999633789062,1593200,0.0,0.0
2017-10-03 00:00:00-04:00,76.86000061035156,77.63999938964844,76.20999908447266,76.33000183105469,1730900,0.0,0.0
2017-10-04 00:00:00-04:00,76.16999816894531,76.86000061035156,75.83000183105469,76.44999694824219,1627100,0.0,0.0
2017-10-05 00:00:00-04:00,75.19999694824219,76.6500015258789,75.08999633789062,76.37000274658203,2142700,0.0,0.0
2017-10-06 00:00:00-04:00,76.25,76.97000122070312,76.25,76.80999755859375,1298000,0.0,0.0
2017-10-09 00:00:00-04:00,76.83000183105469,77.30999755859375,76.04000091552734,76.18000030517578,1045800,0.0,0.0
2017-10-10 00:00:00-04:00,76.18000030517578,76.91000366210938,75.91000366210938,76.2300033569336,1305300,0.0,0.0
2017-10-11 00:00:00-04:00,76.2699966430664,76.37000274658203,75.72000122070312,76.05999755859375,1313400,0.0,0.0
2017-10-12 00:00:00-04:00,76.23999786376953,76.31999969482422,75.44999694824219,75.69999694824219,1519500,0.0,0.0
2017-10-13 00:00:00-04:00,75.66000366210938,76.0,75.29000091552734,75.44000244140625,929400,0.0,0.0
2017-10-16 00:00:00-04:00,75.18000030517578,75.55000305175781,74.91000366210938,75.45999908447266,1470000,0.0,0.0
2017-10-17 00:00:00-04:00,75.25,75.7699966430664,75.19000244140625,75.37000274658203,1191700,0.0,0.0
2017-10-18 00:00:00-04:00,75.77999877929688,76.08000183105469,75.19999694824219,75.26000213623047,1057700,0.0,0.0
2017-10-19 00:00:00-04:00,74.81999969482422,75.06999969482422,74.36000061035156,74.83999633789062,1027200,0.0,0.0
2017-10-20 00:00:00-04:00,75.22000122070312,75.41999816894531,74.97000122070312,75.13999938964844,1143600,0.0,0.0
2017-10-23 00:00:00-04:00,75.02999877929688,75.58000183105469,74.3499984741211,74.38999938964844,1096500,0.0,0.0
2017-10-24 00:00:00-04:00,74.55999755859375,75.20999908447266,74.48999786376953,74.77999877929688,1355600,0.0,0.0
2017-10-25 00:00:00-04:00,74.47000122070312,74.63999938964844,73.52999877929688,74.16999816894531,1487200,0.0,0.0
2017-10-26 00:00:00-04:00,74.26000213623047,74.91000366210938,73.88999938964844,74.86000061035156,1319700,0.0,0.0
2017-10-27 00:00:00-04:00,74.63999938964844,74.63999938964844,73.6500015258789,74.36000061035156,1128500,0.0,0.0
2017-10-30 00:00:00-04:00,74.16000366210938,75.13999938964844,74.16000366210938,74.94999694824219,847100,0.0,0.0
2017-10-31 00:00:00-04:00,75.0,76.04000091552734,74.81999969482422,75.0999984741211,1135800,0.0,0.0
2017-11-01 00:00:00-04:00,75.30000305175781,75.51000213623047,74.16000366210938,74.45999908447266,1035300,0.0,0.0
2017-11-02 00:00:00-04:00,74.77999877929688,76.87999725341797,74.69000244140625,75.9800033569336,1270800,0.0,0.0
2017-11-03 00:00:00-04:00,75.9800033569336,76.13999938964844,75.06999969482422,75.19000244140625,698800,0.0,0.0
2017-11-06 00:00:00-05:00,75.30000305175781,75.79000091552734,74.86000061035156,74.91000366210938,719800,0.0,0.0
2017-11-07 00:00:00-05:00,74.7300033569336,74.9000015258789,72.91999816894531,73.41999816894531,1600300,0.0,0.0
2017-11-08 00:00:00-05:00,73.11000061035156,73.80000305175781,72.81999969482422,73.44000244140625,1357900,0.0,0.0
2017-11-09 00:00:00-05:00,72.95999908447266,73.3499984741211,71.80000305175781,72.18000030517578,1453500,0.0,0.0
2017-11-10 00:00:00-05:00,72.0,73.2699966430664,71.93000030517578,72.68000030517578,1336700,0.0,0.0
2017-11-13 00:00:00-05:00,72.66000366210938,73.0199966430664,72.20999908447266,72.3499984741211,1337500,0.0,0.0
2017-11-14 00:00:00-05:00,71.7300033569336,72.41000366210938,70.79000091552734,70.94000244140625,2539500,0.0,0.0
2017-11-15 00:00:00-05:00,70.45999908447266,71.31999969482422,69.75,70.72000122070312,2152400,0.0,0.0
2017-11-16 00:00:00-05:00,70.80999755859375,71.29000091552734,70.31999969482422,70.55000305175781,1643200,0.0,0.0
2017-11-17 00:00:00-05:00,69.08000183105469,69.93000030517578,68.66000366210938,69.44999694824219,2627200,0.0,0.0
2017-11-20 00:00:00-05:00,69.55000305175781,69.75,69.37000274658203,69.62000274658203,2879200,0.0,0.0
2017-11-21 00:00:00-05:00,69.66999816894531,69.66999816894531,68.45999908447266,68.75,2362300,0.0,0.0
2017-11-22 00:00:00-05:00,68.68000030517578,69.31999969482422,67.58999633789062,67.98999786376953,4742300,0.0,0.0
2017-11-24 00:00:00-05:00,68.23999786376953,68.80000305175781,67.75,68.05000305175781,1226100,0.0,0.0
2017-11-27 00:00:00-05:00,68.23999786376953,68.56999969482422,67.68000030517578,67.87000274658203,1487800,0.0,0.0
2017-11-28 00:00:00-05:00,67.98999786376953,68.5199966430664,66.62999725341797,67.45999908447266,3213300,0.0,0.0
2017-11-29 00:00:00-05:00,67.75,69.86000061035156,67.62999725341797,68.5,3607700,0.0,0.0
2017-11-30 00:00:00-05:00,68.66999816894531,69.16000366210938,67.94000244140625,68.91000366210938,1992400,0.0,0.0
2017-12-01 00:00:00-05:00,69.0199966430664,69.05000305175781,67.29000091552734,68.37999725341797,1571300,0.0,0.0
2017-12-04 00:00:00-05:00,69.45999908447266,70.93000030517578,69.08999633789062,70.70999908447266,2748800,0.0,0.0
2017-12-05 00:00:00-05:00,70.7300033569336,70.94999694824219,67.70999908447266,67.72000122070312,3143700,0.0,0.0
2017-12-06 00:00:00-05:00,67.23999786376953,67.37000274658203,65.55000305175781,66.55000305175781,2305900,0.0,0.0
2017-12-07 00:00:00-05:00,66.58000183105469,67.12000274658203,66.08000183105469,66.97000122070312,1828600,0.0,0.0
2017-12-08 00:00:00-05:00,67.06999969482422,67.69000244140625,66.70999908447266,67.4800033569336,1635700,0.0,0.0
2017-12-11 00:00:00-05:00,68.01000213623047,68.19999694824219,67.52999877929688,67.97000122070312,1107700,0.0,0.0
2017-12-12 00:00:00-05:00,66.86000061035156,68.1500015258789,66.81999969482422,66.86000061035156,1379600,0.0,0.0
2017-12-13 00:00:00-05:00,66.91000366210938,67.79000091552734,66.13999938964844,67.47000122070312,1614600,0.0,0.0
2017-12-14 00:00:00-05:00,68.5,69.25,66.83999633789062,67.08999633789062,2388700,0.0,0.0
2017-12-15 00:00:00-05:00,67.55000305175781,68.33999633789062,67.26000213623047,67.7300033569336,2828900,0.0,0.0
2017-12-18 00:00:00-05:00,68.19000244140625,69.08000183105469,68.04000091552734,68.5199966430664,2270300,0.0,0.0
2017-12-19 00:00:00-05:00,68.5199966430664,68.63999938964844,67.33999633789062,67.8499984741211,3866000,0.0,0.0
2017-12-20 00:00:00-05:00,68.26000213623047,68.87999725341797,67.33999633789062,68.47000122070312,4614600,0.0,0.0
2017-12-21 00:00:00-05:00,67.54000091552734,67.55999755859375,64.80999755859375,66.0,6327700,0.0,0.0
2017-12-22 00:00:00-05:00,66.08999633789062,66.16000366210938,64.77999877929688,65.2300033569336,2430500,0.0,0.0
2017-12-26 00:00:00-05:00,65.1500015258789,65.73999786376953,65.05000305175781,65.55000305175781,1882500,0.0,0.0
2017-12-27 00:00:00-05:00,65.62000274658203,65.66000366210938,64.83000183105469,64.91000366210938,1501400,0.0,0.0
2017-12-28 00:00:00-05:00,65.02999877929688,65.06999969482422,64.37999725341797,64.80999755859375,1338400,0.0,0.0
2017-12-29 00:00:00-05:00,65.13999938964844,65.33999633789062,64.12999725341797,64.12999725341797,1447300,0.0,0.0
2018-01-02 00:00:00-05:00,64.26000213623047,64.80999755859375,63.560001373291016,64.76000213623047,2715300,0.0,0.0
2018-01-03 00:00:00-05:00,65.0,67.0,64.80000305175781,66.94000244140625,4195800,0.0,0.0
2018-01-04 00:00:00-05:00,67.25,68.95999908447266,67.25,68.25,4085700,0.0,0.0
2018-01-05 00:00:00-05:00,68.5,71.16999816894531,68.5,71.04000091552734,3797000,0.0,0.0
2018-01-08 00:00:00-05:00,71.9000015258789,72.19000244140625,69.41000366210938,70.05000305175781,3627300,0.0,0.0
2018-01-09 00:00:00-05:00,69.83999633789062,69.97000122070312,69.02999877929688,69.80000305175781,2361900,0.0,0.0
2018-01-10 00:00:00-05:00,69.75,70.33999633789062,69.30000305175781,70.30000305175781,2131700,0.0,0.0
2018-01-11 00:00:00-05:00,70.43000030517578,72.11000061035156,70.43000030517578,71.91000366210938,1936300,0.0,0.0
2018-01-12 00:00:00-05:00,71.81999969482422,72.80999755859375,71.76000213623047,72.33000183105469,1904800,0.0,0.0
2018-01-16 00:00:00-05:00,72.70999908447266,72.87999725341797,71.0199966430664,71.33000183105469,1521200,0.0,0.0
2018-01-17 00:00:00-05:00,71.36000061035156,71.55999755859375,69.73999786376953,69.83999633789062,1659100,0.0,0.0
2018-01-18 00:00:00-05:00,71.63999938964844,71.63999938964844,70.2300033569336,70.54000091552734,1159500,0.0,0.0
2018-01-19 00:00:00-05:00,70.93000030517578,70.93000030517578,69.87999725341797,70.58000183105469,1202800,0.0,0.0
2018-01-22 00:00:00-05:00,70.94999694824219,71.56999969482422,70.62000274658203,71.48999786376953,1767500,0.0,0.0
2018-01-23 00:00:00-05:00,71.41999816894531,71.41999816894531,69.79000091552734,70.54000091552734,1643700,0.0,0.0
2018-01-24 00:00:00-05:00,70.62999725341797,71.18000030517578,70.19999694824219,70.94999694824219,1345200,0.0,0.0
2018-01-25 00:00:00-05:00,71.37000274658203,71.72000122070312,71.02999877929688,71.54000091552734,1347500,0.0,0.0
2018-01-26 00:00:00-05:00,71.83000183105469,72.41999816894531,71.19999694824219,72.41999816894531,1104600,0.0,0.0
2018-01-29 00:00:00-05:00,72.33000183105469,72.55000305175781,71.83000183105469,72.36000061035156,1387300,0.0,0.0
2018-01-30 00:00:00-05:00,71.7699966430664,72.26000213623047,71.20999908447266,71.81999969482422,2077700,0.0,0.0
2018-01-31 00:00:00-05:00,72.13999938964844,72.55000305175781,71.04000091552734,71.37000274658203,2280200,0.0,0.0
2018-02-01 00:00:00-05:00,71.0,71.05000305175781,70.04000091552734,70.80999755859375,1266300,0.0,0.0
2018-02-02 00:00:00-05:00,70.5999984741211,70.7300033569336,68.73999786376953,68.75,2090200,0.0,0.0
2018-02-05 00:00:00-05:00,68.08000183105469,68.19999694824219,64.80999755859375,64.81999969482422,6223000,0.0,0.0
2018-02-06 00:00:00-05:00,63.5099983215332,66.1500015258789,63.5099983215332,65.31999969482422,3749200,0.0,0.0
2018-02-07 00:00:00-05:00,64.88999938964844,66.05999755859375,64.58999633789062,65.4000015258789,1880200,0.0,0.0
2018-02-08 00:00:00-05:00,65.20999908447266,65.93000030517578,64.33000183105469,64.33999633789062,3096600,0.0,0.0
2018-02-09 00:00:00-05:00,64.93000030517578,65.33000183105469,62.439998626708984,64.48999786376953,3080100,0.0,0.0
2018-02-12 00:00:00-05:00,65.55999755859375,66.16000366210938,64.45999908447266,65.66000366210938,1473200,0.0,0.0
2018-02-13 00:00:00-05:00,65.22000122070312,65.29000091552734,62.310001373291016,63.38999938964844,2663400,0.0,0.0
2018-02-14 00:00:00-05:00,62.79999923706055,64.25,62.630001068115234,63.779998779296875,2730900,0.0,0.0
2018-02-15 00:00:00-05:00,62.27000045776367,64.36000061035156,59.70000076293945,64.33000183105469,3921300,0.0,0.0
2018-02-16 00:00:00-05:00,64.2699966430664,64.94000244140625,63.790000915527344,64.43000030517578,1445600,0.0,0.0
2018-02-20 00:00:00-05:00,64.1500015258789,64.81999969482422,63.16999816894531,63.310001373291016,1926900,0.0,0.0
2018-02-21 00:00:00-05:00,63.52000045776367,63.52000045776367,60.91999816894531,60.97999954223633,3071600,0.0,0.0
2018-02-22 00:00:00-05:00,61.220001220703125,62.08000183105469,60.869998931884766,61.040000915527344,1552300,0.0,0.0
2018-02-23 00:00:00-05:00,61.5099983215332,62.95000076293945,61.20000076293945,62.7599983215332,1511300,0.0,0.0
2018-02-26 00:00:00-05:00,62.849998474121094,63.25,62.16999816894531,62.88999938964844,1054000,0.0,0.0
2018-02-27 00:00:00-05:00,62.709999084472656,63.279998779296875,62.029998779296875,62.040000915527344,1474700,0.0,0.0
2018-02-28 00:00:00-05:00,62.119998931884766,63.310001373291016,61.86000061035156,61.91999816894531,1815200,0.0,0.0
2018-03-01 00:00:00-05:00,62.20000076293945,62.20000076293945,59.93000030517578,60.060001373291016,2078300,0.0,0.0
2018-03-02 00:00:00-05:00,59.72999954223633,60.13999938964844,59.029998779296875,59.970001220703125,2130400,0.0,0.0
2018-03-05 00:00:00-05:00,59.45000076293945,60.599998474121094,58.970001220703125,60.459999084472656,4780000,0.0,0.0
2018-03-06 00:00:00-05:00,60.84000015258789,61.7599983215332,60.209999084472656,61.4900016784668,2105200,0.0,0.0
2018-03-07 00:00:00-05:00,60.83000183105469,61.0,60.150001525878906,60.720001220703125,1670000,0.0,0.0
2018-03-08 00:00:00-05:00,60.939998626708984,61.060001373291016,60.40999984741211,60.7599983215332,1097900,0.0,0.0
2018-03-09 00:00:00-05:00,61.06999969482422,62.560001373291016,60.54999923706055,62.43000030517578,1788000,0.0,0.0
2018-03-12 00:00:00-04:00,62.650001525878906,63.18000030517578,62.40999984741211,62.5,1680600,0.0,0.0
2018-03-13 00:00:00-04:00,62.77000045776367,63.54999923706055,62.0099983215332,62.619998931884766,2322700,0.0,0.0
2018-03-14 00:00:00-04:00,63.0,63.220001220703125,62.099998474121094,62.79999923706055,1652600,0.0,0.0
2018-03-15 00:00:00-04:00,62.970001220703125,63.0,62.029998779296875,62.16999816894531,1297400,0.0,0.0
2018-03-16 00:00:00-04:00,62.209999084472656,63.380001068115234,62.04999923706055,62.869998931884766,1992700,0.0,0.0
2018-03-19 00:00:00-04:00,62.81999969482422,63.11000061035156,61.849998474121094,62.4900016784668,2205000,0.0,0.0
2018-03-20 00:00:00-04:00,61.77000045776367,62.630001068115234,61.2400016784668,61.93000030517578,2199100,0.0,0.0
2018-03-21 00:00:00-04:00,61.63999938964844,62.45000076293945,61.5,61.5099983215332,1528400,0.0,0.0
2018-03-22 00:00:00-04:00,61.150001525878906,61.56999969482422,59.97999954223633,60.0,1924700,0.0,0.0
2018-03-23 00:00:00-04:00,60.209999084472656,60.58000183105469,59.31999969482422,59.36000061035156,1672800,0.0,0.0
2018-03-26 00:00:00-04:00,60.41999816894531,60.7400016784668,59.54999923706055,60.59000015258789,1327800,0.0,0.0
2018-03-27 00:00:00-04:00,60.59000015258789,61.11000061035156,59.59000015258789,59.75,3134700,0.0,0.0
2018-03-28 00:00:00-04:00,60.040000915527344,60.970001220703125,59.58000183105469,60.63999938964844,2505100,0.0,0.0
2018-03-29 00:00:00-04:00,60.63999938964844,62.54999923706055,60.63999938964844,61.939998626708984,2180600,0.0,0.0
2018-04-02 00:00:00-04:00,61.52000045776367,61.83000183105469,59.34000015258789,59.91999816894531,2745400,0.0,0.0
2018-04-03 00:00:00-04:00,59.970001220703125,60.54999923706055,59.20000076293945,59.959999084472656,3319200,0.0,0.0
2018-04-04 00:00:00-04:00,57.91999816894531,62.880001068115234,57.04999923706055,62.72999954223633,5087200,0.0,0.0
2018-04-05 00:00:00-04:00,63.540000915527344,63.540000915527344,61.2400016784668,62.2400016784668,2822500,0.0,0.0
2018-04-06 00:00:00-04:00,61.68000030517578,62.61000061035156,59.869998931884766,60.29999923706055,2296700,0.0,0.0
2018-04-09 00:00:00-04:00,60.70000076293945,60.869998931884766,58.65999984741211,58.77000045776367,2804500,0.0,0.0
2018-04-10 00:00:00-04:00,59.86000061035156,60.88999938964844,59.0,60.81999969482422,2354300,0.0,0.0
2018-04-11 00:00:00-04:00,60.29999923706055,60.75,59.650001525878906,60.5,1433300,0.0,0.0
2018-04-12 00:00:00-04:00,60.619998931884766,61.599998474121094,60.369998931884766,61.0,2121400,0.0,0.0
2018-04-13 00:00:00-04:00,61.36000061035156,63.029998779296875,61.08000183105469,61.720001220703125,2873700,0.0,0.0
2018-04-16 00:00:00-04:00,62.040000915527344,62.790000915527344,61.279998779296875,62.0,1237700,0.0,0.0
2018-04-17 00:00:00-04:00,62.77000045776367,63.43000030517578,62.560001373291016,62.970001220703125,1344400,0.0,0.0
2018-04-18 00:00:00-04:00,63.310001373291016,64.18000030517578,63.060001373291016,63.27000045776367,1550300,0.0,0.0
2018-04-19 00:00:00-04:00,63.4900016784668,63.68000030517578,62.13999938964844,62.56999969482422,1308900,0.0,0.0
2018-04-20 00:00:00-04:00,62.560001373291016,62.9900016784668,60.869998931884766,61.15999984741211,1388300,0.0,0.0
2018-04-23 00:00:00-04:00,61.130001068115234,61.59000015258789,60.63999938964844,61.36000061035156,1242700,0.0,0.0
2018-04-24 00:00:00-04:00,61.83000183105469,62.97999954223633,61.02000045776367,61.31999969482422,1581000,0.0,0.0
2018-04-25 00:00:00-04:00,61.06999969482422,62.27000045776367,61.06999969482422,62.09000015258789,1292600,0.0,0.0
2018-04-26 00:00:00-04:00,62.70000076293945,62.709999084472656,61.369998931884766,62.09000015258789,1215000,0.0,0.0
2018-04-27 00:00:00-04:00,62.33000183105469,63.029998779296875,62.220001220703125,62.86000061035156,1459900,0.0,0.0
2018-04-30 00:00:00-04:00,63.02000045776367,63.65999984741211,62.5,62.5,1122000,0.0,0.0
2018-05-01 00:00:00-04:00,62.2400016784668,63.540000915527344,62.15999984741211,63.540000915527344,1299100,0.0,0.0
2018-05-02 00:00:00-04:00,63.189998626708984,64.2699966430664,62.93000030517578,63.52000045776367,1250300,0.0,0.0
2018-05-03 00:00:00-04:00,63.369998931884766,64.11000061035156,62.86000061035156,63.31999969482422,1139100,0.0,0.0
2018-05-04 00:00:00-04:00,63.060001373291016,65.16999816894531,63.02000045776367,64.95999908447266,1214400,0.0,0.0
2018-05-07 00:00:00-04:00,65.08999633789062,65.27999877929688,64.1500015258789,64.16999816894531,1705000,0.0,0.0
2018-05-08 00:00:00-04:00,63.849998474121094,64.18000030517578,62.47999954223633,63.150001525878906,2068300,0.0,0.0
2018-05-09 00:00:00-04:00,63.81999969482422,64.62999725341797,63.06999969482422,64.11000061035156,1440800,0.0,0.0
2018-05-10 00:00:00-04:00,64.41999816894531,64.41999816894531,63.189998626708984,63.279998779296875,1756900,0.0,0.0
2018-05-11 00:00:00-04:00,63.189998626708984,63.900001525878906,63.119998931884766,63.79999923706055,1192300,0.0,0.0
2018-05-14 00:00:00-04:00,63.77000045776367,64.91999816894531,63.77000045776367,64.77999877929688,1648000,0.0,0.0
2018-05-15 00:00:00-04:00,64.5999984741211,65.22000122070312,64.47000122070312,65.0,1509100,0.0,0.0
2018-05-16 00:00:00-04:00,64.98999786376953,66.56999969482422,64.98999786376953,65.9000015258789,1643700,0.0,0.0
2018-05-17 00:00:00-04:00,65.98999786376953,66.94000244140625,65.5999984741211,66.72000122070312,1253500,0.0,0.0
2018-05-18 00:00:00-04:00,66.54000091552734,66.80999755859375,65.58000183105469,65.87000274658203,1240400,0.0,0.0
2018-05-21 00:00:00-04:00,66.13999938964844,66.7699966430664,65.91000366210938,66.47000122070312,901300,0.0,0.0
2018-05-22 00:00:00-04:00,66.94000244140625,66.94000244140625,65.08999633789062,65.16000366210938,1143400,0.0,0.0
2018-05-23 00:00:00-04:00,64.87999725341797,67.5999984741211,64.76000213623047,66.0199966430664,2566000,0.0,0.0
2018-05-24 00:00:00-04:00,65.94000244140625,66.9800033569336,65.6500015258789,66.80999755859375,1483900,0.0,0.0
2018-05-25 00:00:00-04:00,66.66999816894531,67.77999877929688,66.41000366210938,67.27999877929688,1536700,0.0,0.0
2018-05-29 00:00:00-04:00,67.66000366210938,69.69000244140625,67.5199966430664,68.2699966430664,2019700,0.0,0.0
2018-05-30 00:00:00-04:00,68.66000366210938,69.75,68.3499984741211,69.25,1443000,0.0,0.0
2018-05-31 00:00:00-04:00,69.37000274658203,69.41000366210938,68.52999877929688,68.91999816894531,1114100,0.0,0.0
2018-06-01 00:00:00-04:00,69.47000122070312,70.66000366210938,69.08999633789062,69.88999938964844,1473300,0.0,0.0
2018-06-04 00:00:00-04:00,70.12000274658203,71.48999786376953,70.12000274658203,71.44999694824219,1514900,0.0,0.0
2018-06-05 00:00:00-04:00,71.19000244140625,71.73999786376953,71.0,71.62000274658203,1548900,0.0,0.0
2018-06-06 00:00:00-04:00,72.16000366210938,72.98999786376953,71.48999786376953,72.62000274658203,2158300,0.0,0.0
2018-06-07 00:00:00-04:00,72.87000274658203,73.97000122070312,72.62000274658203,73.08000183105469,1139300,0.0,0.0
2018-06-08 00:00:00-04:00,73.08000183105469,73.80000305175781,72.66999816894531,73.79000091552734,1400200,0.0,0.0
2018-06-11 00:00:00-04:00,74.05000305175781,74.45999908447266,73.54000091552734,73.81999969482422,1351100,0.0,0.0
2018-06-12 00:00:00-04:00,73.94000244140625,74.43000030517578,73.61000061035156,73.8499984741211,1993200,0.0,0.0
2018-06-13 00:00:00-04:00,74.0,74.12000274658203,72.69000244140625,73.08999633789062,1991200,0.0,0.0
2018-06-14 00:00:00-04:00,73.23999786376953,73.62999725341797,72.79000091552734,73.22000122070312,1273700,0.0,0.0
2018-06-15 00:00:00-04:00,72.48999786376953,73.41999816894531,72.12999725341797,72.38999938964844,3371800,0.0,0.0
2018-06-18 00:00:00-04:00,71.9800033569336,72.54000091552734,71.69000244140625,72.4000015258789,3115800,0.0,0.0
2018-06-19 00:00:00-04:00,71.98999786376953,72.93000030517578,71.86000061035156,72.75,1619400,0.0,0.0
2018-06-20 00:00:00-04:00,73.47000122070312,73.91999816894531,72.37999725341797,72.7699966430664,1292100,0.0,0.0
2018-06-21 00:00:00-04:00,72.48999786376953,72.55000305175781,70.26000213623047,71.05000305175781,3183700,0.0,0.0
2018-06-22 00:00:00-04:00,77.75,81.66999816894531,76.19999694824219,80.19000244140625,12402000,0.0,0.0
2018-06-25 00:00:00-04:00,79.4800033569336,79.51000213623047,76.16000366210938,76.72000122070312,3384900,0.0,0.0
2018-06-26 00:00:00-04:00,76.01000213623047,76.47000122070312,75.06999969482422,75.38999938964844,3008500,0.0,0.0
2018-06-27 00:00:00-04:00,75.8499984741211,76.20999908447266,74.30000305175781,74.30999755859375,1514700,0.0,0.0
2018-06-28 00:00:00-04:00,74.1500015258789,74.43000030517578,73.29000091552734,73.44999694824219,2601300,0.0,0.0
2018-06-29 00:00:00-04:00,73.4000015258789,73.70999908447266,72.81999969482422,72.87000274658203,1593700,0.0,0.0
2018-07-02 00:00:00-04:00,72.69000244140625,73.80000305175781,72.08000183105469,73.73999786376953,2116000,0.0,0.0
2018-07-03 00:00:00-04:00,74.16999816894531,74.87000274658203,74.01000213623047,74.19999694824219,928600,0.0,0.0
2018-07-05 00:00:00-04:00,74.7699966430664,76.16999816894531,74.37000274658203,76.11000061035156,2152000,0.0,0.0
2018-07-06 00:00:00-04:00,75.7699966430664,76.69999694824219,75.66000366210938,76.41000366210938,1210300,0.0,0.0
2018-07-09 00:00:00-04:00,77.0,77.25,76.48999786376953,76.5999984741211,1153400,0.0,0.0
2018-07-10 00:00:00-04:00,78.08999633789062,78.12000274658203,76.4800033569336,76.54000091552734,2248700,0.0,0.0
2018-07-11 00:00:00-04:00,75.87000274658203,76.31999969482422,75.44999694824219,75.72000122070312,1047100,0.0,0.0
2018-07-12 00:00:00-04:00,76.31999969482422,76.66000366210938,75.68000030517578,76.56999969482422,1103500,0.0,0.0
2018-07-13 00:00:00-04:00,76.56999969482422,77.7300033569336,76.56999969482422,76.91999816894531,1003200,0.0,0.0
2018-07-16 00:00:00-04:00,77.05000305175781,77.69000244140625,76.62999725341797,77.25,1261300,0.0,0.0
2018-07-17 00:00:00-04:00,77.0,77.77999877929688,77.0,77.66999816894531,655400,0.0,0.0
2018-07-18 00:00:00-04:00,76.87000274658203,77.41999816894531,76.73999786376953,77.37000274658203,1102400,0.0,0.0
2018-07-19 00:00:00-04:00,77.33000183105469,78.12999725341797,77.33000183105469,77.69999694824219,913300,0.0,0.0
2018-07-20 00:00:00-04:00,77.69999694824219,77.81999969482422,77.05000305175781,77.13999938964844,1122700,0.0,0.0
2018-07-23 00:00:00-04:00,77.0,78.27999877929688,76.9000015258789,77.70999908447266,1095800,0.0,0.0
2018-07-24 00:00:00-04:00,78.05000305175781,78.4000015258789,74.91999816894531,75.5999984741211,1465200,0.0,0.0
2018-07-25 00:00:00-04:00,74.33000183105469,75.29000091552734,74.11000061035156,75.19999694824219,1105600,0.0,0.0
2018-07-26 00:00:00-04:00,75.48999786376953,75.83000183105469,75.0,75.37000274658203,1090500,0.0,0.0
2018-07-27 00:00:00-04:00,75.58999633789062,76.05000305175781,74.47000122070312,74.81999969482422,933100,0.0,0.0
2018-07-30 00:00:00-04:00,74.86000061035156,75.54000091552734,74.61000061035156,75.08999633789062,1131100,0.0,0.0
2018-07-31 00:00:00-04:00,75.2300033569336,75.41999816894531,74.36000061035156,74.68000030517578,1296200,0.0,0.0
2018-08-01 00:00:00-04:00,74.22000122070312,75.01000213623047,72.9000015258789,73.2300033569336,1458300,0.0,0.0
2018-08-02 00:00:00-04:00,73.06999969482422,74.05000305175781,72.6500015258789,73.30000305175781,992500,0.0,0.0
2018-08-03 00:00:00-04:00,73.06999969482422,75.1500015258789,73.06999969482422,74.69000244140625,1699000,0.0,0.0
2018-08-06 00:00:00-04:00,74.69000244140625,75.72000122070312,73.9800033569336,75.44999694824219,1190800,0.0,0.0
2018-08-07 00:00:00-04:00,74.69000244140625,75.94000244140625,74.69000244140625,75.58000183105469,1656800,0.0,0.0
2018-08-08 00:00:00-04:00,75.69000244140625,75.81999969482422,74.77999877929688,74.93000030517578,995200,0.0,0.0
2018-08-09 00:00:00-04:00,75.2300033569336,75.5,74.12000274658203,74.16999816894531,1141700,0.0,0.0
2018-08-10 00:00:00-04:00,73.58000183105469,74.01000213623047,72.83999633789062,73.08000183105469,1199100,0.0,0.0
2018-08-13 00:00:00-04:00,73.5999984741211,73.91000366210938,72.19000244140625,72.38999938964844,1200200,0.0,0.0
2018-08-14 00:00:00-04:00,72.6500015258789,73.48999786376953,72.6500015258789,72.83999633789062,1135900,0.0,0.0
2018-08-15 00:00:00-04:00,72.37999725341797,73.08999633789062,72.08999633789062,72.76000213623047,1090100,0.0,0.0
2018-08-16 00:00:00-04:00,73.1500015258789,73.4000015258789,72.72000122070312,72.80000305175781,804300,0.0,0.0
2018-08-17 00:00:00-04:00,72.80000305175781,73.81999969482422,72.75,73.62999725341797,793900,0.0,0.0
2018-08-20 00:00:00-04:00,73.72000122070312,75.06999969482422,73.70999908447266,74.80000305175781,1157700,0.0,0.0
2018-08-21 00:00:00-04:00,75.18000030517578,75.88999938964844,75.16000366210938,75.81999969482422,876200,0.0,0.0
2018-08-22 00:00:00-04:00,75.81999969482422,76.5999984741211,75.33999633789062,75.33999633789062,720100,0.0,0.0
2018-08-23 00:00:00-04:00,75.5199966430664,75.55999755859375,74.5999984741211,75.02999877929688,534000,0.0,0.0
2018-08-24 00:00:00-04:00,74.97000122070312,75.79000091552734,74.72000122070312,75.48999786376953,733600,0.0,0.0
2018-08-27 00:00:00-04:00,76.25,77.05000305175781,76.25,76.66999816894531,1198800,0.0,0.0
2018-08-28 00:00:00-04:00,76.77999877929688,77.37999725341797,76.66999816894531,77.12000274658203,873400,0.0,0.0
2018-08-29 00:00:00-04:00,77.9000015258789,78.13999938964844,77.11000061035156,77.68000030517578,1069100,0.0,0.0
2018-08-30 00:00:00-04:00,77.36000061035156,77.6500015258789,77.08000183105469,77.20999908447266,720700,0.0,0.0
2018-08-31 00:00:00-04:00,76.87000274658203,78.19000244140625,76.87000274658203,78.05000305175781,1105600,0.0,0.0
2018-09-04 00:00:00-04:00,77.91000366210938,79.26000213623047,77.58999633789062,78.8499984741211,1661400,0.0,0.0
2018-09-05 00:00:00-04:00,78.9000015258789,79.93000030517578,78.44000244140625,78.86000061035156,1614300,0.0,0.0
2018-09-06 00:00:00-04:00,78.94999694824219,79.33000183105469,78.16999816894531,78.23999786376953,1012600,0.0,0.0
2018-09-07 00:00:00-04:00,78.13999938964844,79.5199966430664,77.93000030517578,78.86000061035156,896300,0.0,0.0
2018-09-10 00:00:00-04:00,79.56999969482422,80.30999755859375,79.52999877929688,79.94000244140625,1335900,0.0,0.0
2018-09-11 00:00:00-04:00,80.0,80.80000305175781,79.66000366210938,80.61000061035156,1342000,0.0,0.0
2018-09-12 00:00:00-04:00,80.56999969482422,80.80999755859375,80.26000213623047,80.68000030517578,739000,0.0,0.0
2018-09-13 00:00:00-04:00,80.81999969482422,80.91000366210938,80.06999969482422,80.18000030517578,768700,0.0,0.0
2018-09-14 00:00:00-04:00,80.19000244140625,80.68000030517578,79.4000015258789,80.5199966430664,724100,0.0,0.0
2018-09-17 00:00:00-04:00,80.6500015258789,80.87000274658203,79.66000366210938,79.8499984741211,775800,0.0,0.0
2018-09-18 00:00:00-04:00,79.55000305175781,79.55000305175781,77.7699966430664,78.05999755859375,1926100,0.0,0.0
2018-09-19 00:00:00-04:00,78.37000274658203,79.12999725341797,78.16000366210938,78.56999969482422,1000300,0.0,0.0
2018-09-20 00:00:00-04:00,78.36000061035156,79.02999877929688,77.98999786376953,78.44999694824219,1151100,0.0,0.0
2018-09-21 00:00:00-04:00,78.51000213623047,79.12000274658203,78.01000213623047,78.16999816894531,2157400,0.0,0.0
2018-09-24 00:00:00-04:00,78.12999725341797,78.69000244140625,75.36000061035156,75.87999725341797,2039700,0.0,0.0
2018-09-25 00:00:00-04:00,76.16000366210938,76.47000122070312,74.69999694824219,75.87999725341797,3470100,0.0,0.0
2018-09-26 00:00:00-04:00,79.30000305175781,79.44999694824219,72.6500015258789,74.66000366210938,6360800,0.0,0.0
2018-09-27 00:00:00-04:00,74.87999725341797,74.87999725341797,73.37999725341797,73.81999969482422,2803100,0.0,0.0
2018-09-28 00:00:00-04:00,73.77999877929688,76.19999694824219,73.69000244140625,74.66999816894531,2457700,0.0,0.0
2018-10-01 00:00:00-04:00,75.30999755859375,75.33999633789062,73.5199966430664,73.69000244140625,1585700,0.0,0.0
2018-10-02 00:00:00-04:00,73.8499984741211,74.19000244140625,72.97000122070312,73.1500015258789,1741200,0.0,0.0
2018-10-03 00:00:00-04:00,73.88999938964844,74.30000305175781,73.12999725341797,73.51000213623047,1554800,0.0,0.0
2018-10-04 00:00:00-04:00,73.2699966430664,73.56999969482422,71.81999969482422,72.30000305175781,2533200,0.0,0.0
2018-10-05 00:00:00-04:00,71.7699966430664,72.45999908447266,70.44000244140625,70.88999938964844,2318500,0.0,0.0
2018-10-08 00:00:00-04:00,70.69999694824219,71.19000244140625,70.33999633789062,71.02999877929688,1337600,0.0,0.0
2018-10-09 00:00:00-04:00,70.80000305175781,71.2699966430664,70.12999725341797,70.77999877929688,1801000,0.0,0.0
2018-10-10 00:00:00-04:00,70.61000061035156,70.77999877929688,68.56999969482422,68.61000061035156,1852100,0.0,0.0
2018-10-11 00:00:00-04:00,68.43000030517578,69.81999969482422,67.51000213623047,67.8499984741211,1624400,0.0,0.0
2018-10-12 00:00:00-04:00,68.91000366210938,68.93000030517578,66.88999938964844,67.86000061035156,1896900,0.0,0.0
2018-10-15 00:00:00-04:00,67.73999786376953,68.95999908447266,67.73999786376953,68.38999938964844,1042200,0.0,0.0
2018-10-16 00:00:00-04:00,68.87000274658203,70.86000061035156,68.33000183105469,70.76000213623047,1293000,0.0,0.0
2018-10-17 00:00:00-04:00,70.27999877929688,70.33999633789062,68.66000366210938,69.91999816894531,1434500,0.0,0.0
2018-10-18 00:00:00-04:00,69.61000061035156,69.62000274658203,68.05000305175781,68.41999816894531,1343500,0.0,0.0
2018-10-19 00:00:00-04:00,68.33999633789062,69.5199966430664,68.2300033569336,68.6500015258789,1081500,0.0,0.0
2018-10-22 00:00:00-04:00,68.94000244140625,69.27999877929688,68.01000213623047,68.43000030517578,746000,0.0,0.0
2018-10-23 00:00:00-04:00,67.5999984741211,69.41000366210938,66.9000015258789,69.0,1505900,0.0,0.0
2018-10-24 00:00:00-04:00,69.11000061035156,70.86000061035156,67.95999908447266,68.08999633789062,2072000,0.0,0.0
2018-10-25 00:00:00-04:00,68.44999694824219,71.16999816894531,68.36000061035156,70.6500015258789,1448500,0.0,0.0
2018-10-26 00:00:00-04:00,69.62000274658203,70.5999984741211,68.94999694824219,70.04000091552734,1661100,0.0,0.0
2018-10-29 00:00:00-04:00,71.2300033569336,72.1500015258789,69.7699966430664,70.66000366210938,1467600,0.0,0.0
2018-10-30 00:00:00-04:00,69.56999969482422,70.01000213623047,67.80000305175781,68.16000366210938,3267600,0.0,0.0
2018-10-31 00:00:00-04:00,69.22000122070312,69.47000122070312,67.83000183105469,67.91000366210938,2683500,0.0,0.0
2018-11-01 00:00:00-04:00,68.0999984741211,70.4800033569336,67.80999755859375,69.7300033569336,1825400,0.0,0.0
2018-11-02 00:00:00-04:00,70.2300033569336,70.7699966430664,68.94000244140625,69.79000091552734,1240600,0.0,0.0
2018-11-05 00:00:00-05:00,69.95999908447266,70.80000305175781,69.22000122070312,70.54000091552734,985900,0.0,0.0
2018-11-06 00:00:00-05:00,70.5199966430664,70.95999908447266,69.5999984741211,70.45999908447266,1124000,0.0,0.0
2018-11-07 00:00:00-05:00,70.7300033569336,70.8499984741211,67.4000015258789,68.1500015258789,2355600,0.0,0.0
2018-11-08 00:00:00-05:00,67.93000030517578,68.62000274658203,67.54000091552734,67.9800033569336,2109100,0.0,0.0
2018-11-09 00:00:00-05:00,67.66000366210938,68.62999725341797,65.44000244140625,65.72000122070312,2150000,0.0,0.0
2018-11-12 00:00:00-05:00,65.41999816894531,65.94000244140625,64.80000305175781,65.02999877929688,1619600,0.0,0.0
2018-11-13 00:00:00-05:00,65.4000015258789,66.51000213623047,65.12000274658203,65.56999969482422,1098700,0.0,0.0
2018-11-14 00:00:00-05:00,65.55000305175781,65.55999755859375,62.75,62.86000061035156,2768500,0.0,0.0
2018-11-15 00:00:00-05:00,62.5,63.5,61.54999923706055,63.209999084472656,1700900,0.0,0.0
2018-11-16 00:00:00-05:00,62.25,62.45000076293945,60.959999084472656,62.029998779296875,2264600,0.0,0.0
2018-11-19 00:00:00-05:00,61.970001220703125,63.099998474121094,61.970001220703125,62.209999084472656,1462700,0.0,0.0
2018-11-20 00:00:00-05:00,61.099998474121094,62.650001525878906,58.959999084472656,60.90999984741211,1723600,0.0,0.0
2018-11-21 00:00:00-05:00,61.02000045776367,62.77000045776367,60.97999954223633,62.459999084472656,1310400,0.0,0.0
2018-11-23 00:00:00-05:00,62.099998474121094,62.9900016784668,62.099998474121094,62.2400016784668,349000,0.0,0.0
2018-11-26 00:00:00-05:00,62.81999969482422,63.93000030517578,62.540000915527344,63.66999816894531,1295200,0.0,0.0
2018-11-27 00:00:00-05:00,63.459999084472656,65.05000305175781,63.40999984741211,64.6500015258789,1863400,0.0,0.0
2018-11-28 00:00:00-05:00,64.58999633789062,66.97000122070312,64.2300033569336,66.80999755859375,2702000,0.0,0.0
2018-11-29 00:00:00-05:00,66.4800033569336,66.80000305175781,65.73999786376953,66.08999633789062,1413700,0.0,0.0
2018-11-30 00:00:00-05:00,65.95999908447266,66.18000030517578,65.2699966430664,66.06999969482422,1361000,0.0,0.0
2018-12-03 00:00:00-05:00,67.12999725341797,67.68000030517578,65.66000366210938,65.66999816894531,2073500,0.0,0.0
2018-12-04 00:00:00-05:00,65.63999938964844,66.31999969482422,63.540000915527344,64.05000305175781,2187800,0.0,0.0
2018-12-06 00:00:00-05:00,63.15999984741211,64.55999755859375,62.2400016784668,64.5199966430664,2358300,0.0,0.0
2018-12-07 00:00:00-05:00,64.51000213623047,65.0999984741211,62.290000915527344,62.560001373291016,1611400,0.0,0.0
2018-12-10 00:00:00-05:00,62.560001373291016,62.900001525878906,61.4900016784668,62.34000015258789,1139300,0.0,0.0
2018-12-11 00:00:00-05:00,63.04999923706055,64.27999877929688,62.119998931884766,63.189998626708984,1824700,0.0,0.0
2018-12-12 00:00:00-05:00,63.88999938964844,64.29000091552734,63.16999816894531,63.34000015258789,1050200,0.0,0.0
2018-12-13 00:00:00-05:00,63.34000015258789,63.619998931884766,62.0099983215332,62.36000061035156,1593700,0.0,0.0
2018-12-14 00:00:00-05:00,61.9900016784668,62.529998779296875,60.93000030517578,61.209999084472656,1220100,0.0,0.0
2018-12-17 00:00:00-05:00,60.790000915527344,61.93000030517578,59.790000915527344,60.2599983215332,1762100,0.0,0.0
2018-12-18 00:00:00-05:00,60.63999938964844,61.09000015258789,59.33000183105469,59.7599983215332,2539700,0.0,0.0
2018-12-19 00:00:00-05:00,59.4900016784668,60.150001525878906,57.5,57.779998779296875,2598400,0.0,0.0
2018-12-20 00:00:00-05:00,57.5,57.66999816894531,55.2400016784668,56.720001220703125,3168900,0.0,0.0
2018-12-21 00:00:00-05:00,58.33000183105469,60.56999969482422,55.58000183105469,58.959999084472656,7549400,0.0,0.0
2018-12-24 00:00:00-05:00,59.29999923706055,60.47999954223633,57.9900016784668,59.04999923706055,1750500,0.0,0.0
2018-12-26 00:00:00-05:00,59.40999984741211,62.63999938964844,59.20000076293945,62.59000015258789,2100100,0.0,0.0
2018-12-27 00:00:00-05:00,61.95000076293945,63.189998626708984,60.91999816894531,63.18000030517578,1968700,0.0,0.0
2018-12-28 00:00:00-05:00,63.65999984741211,64.0999984741211,62.15999984741211,62.4900016784668,1634400,0.0,0.0
2018-12-31 00:00:00-05:00,62.83000183105469,62.959999084472656,61.88999938964844,62.72999954223633,1510900,0.0,0.0
2019-01-02 00:00:00-05:00,61.900001525878906,63.25,61.59000015258789,62.970001220703125,1369100,0.0,0.0
2019-01-03 00:00:00-05:00,62.58000183105469,62.88999938964844,61.77000045776367,61.88999938964844,1319100,0.0,0.0
2019-01-04 00:00:00-05:00,62.7400016784668,64.36000061035156,62.529998779296875,63.61000061035156,1254300,0.0,0.0
2019-01-07 00:00:00-05:00,64.38999938964844,66.5999984741211,64.25,66.43000030517578,2028700,0.0,0.0
2019-01-08 00:00:00-05:00,66.0,66.0,63.290000915527344,64.91000366210938,2899800,0.0,0.0
2019-01-09 00:00:00-05:00,65.12999725341797,66.63999938964844,65.12999725341797,65.63999938964844,1309300,0.0,0.0
2019-01-10 00:00:00-05:00,64.81999969482422,64.83999633789062,63.880001068115234,64.61000061035156,1205900,0.0,0.0
2019-01-11 00:00:00-05:00,64.54000091552734,65.5,64.5,64.98999786376953,1223700,0.0,0.0
2019-01-14 00:00:00-05:00,64.4000015258789,65.2699966430664,64.12999725341797,64.86000061035156,1129900,0.0,0.0
2019-01-15 00:00:00-05:00,64.52999877929688,64.94000244140625,63.93000030517578,64.38999938964844,1230500,0.0,0.0
2019-01-16 00:00:00-05:00,63.529998779296875,64.38999938964844,62.33000183105469,63.970001220703125,1943700,0.0,0.0
2019-01-17 00:00:00-05:00,63.540000915527344,64.7699966430664,63.52000045776367,64.55999755859375,1328800,0.0,0.0
2019-01-18 00:00:00-05:00,64.1500015258789,64.19999694824219,61.18000030517578,61.91999816894531,4091600,0.0,0.0
2019-01-22 00:00:00-05:00,61.220001220703125,61.93000030517578,59.040000915527344,59.45000076293945,3835200,0.0,0.0
2019-01-23 00:00:00-05:00,59.5,59.560001373291016,57.95000076293945,58.97999954223633,2694900,0.0,0.0
2019-01-24 00:00:00-05:00,59.16999816894531,60.06999969482422,58.95000076293945,59.439998626708984,1535400,0.0,0.0
2019-01-25 00:00:00-05:00,60.130001068115234,60.86000061035156,59.61000061035156,60.310001373291016,1545100,0.0,0.0
2019-01-28 00:00:00-05:00,59.959999084472656,60.130001068115234,58.18000030517578,60.08000183105469,2044300,0.0,0.0
2019-01-29 00:00:00-05:00,59.63999938964844,59.810001373291016,58.040000915527344,58.38999938964844,1916000,0.0,0.0
2019-01-30 00:00:00-05:00,58.529998779296875,59.4900016784668,57.97999954223633,58.970001220703125,1553400,0.0,0.0
2019-01-31 00:00:00-05:00,59.029998779296875,59.40999984741211,58.5099983215332,58.779998779296875,1665400,0.0,0.0
2019-02-01 00:00:00-05:00,58.75,59.36000061035156,58.040000915527344,59.189998626708984,3114400,0.0,0.0
2019-02-04 00:00:00-05:00,59.34000015258789,61.380001068115234,59.13999938964844,61.34000015258789,2763100,0.0,0.0
2019-02-05 00:00:00-05:00,61.619998931884766,62.25,60.7400016784668,61.939998626708984,2431200,0.0,0.0
2019-02-06 00:00:00-05:00,61.63999938964844,62.099998474121094,60.880001068115234,60.9900016784668,1344600,0.0,0.0
2019-02-07 00:00:00-05:00,60.81999969482422,60.90999984741211,59.7400016784668,60.119998931884766,1641700,0.0,0.0
2019-02-08 00:00:00-05:00,59.849998474121094,60.529998779296875,59.540000915527344,60.380001068115234,1206800,0.0,0.0
2019-02-11 00:00:00-05:00,60.38999938964844,61.36000061035156,60.04999923706055,60.689998626708984,1441000,0.0,0.0
2019-02-12 00:00:00-05:00,60.849998474121094,61.43000030517578,60.209999084472656,60.849998474121094,2379100,0.0,0.0
2019-02-13 00:00:00-05:00,61.08000183105469,61.529998779296875,60.290000915527344,61.36000061035156,1730400,0.0,0.0
2019-02-14 00:00:00-05:00,60.849998474121094,61.86000061035156,60.060001373291016,61.15999984741211,1443600,0.0,0.0
2019-02-15 00:00:00-05:00,61.779998779296875,62.470001220703125,61.4900016784668,62.060001373291016,1132100,0.0,0.0
2019-02-19 00:00:00-05:00,62.060001373291016,62.40999984741211,61.70000076293945,61.9900016784668,1244600,0.0,0.0
2019-02-20 00:00:00-05:00,62.22999954223633,62.880001068115234,62.16999816894531,62.400001525878906,1128600,0.0,0.0
2019-02-21 00:00:00-05:00,62.40999984741211,62.93000030517578,61.209999084472656,61.52000045776367,1015100,0.0,0.0
2019-02-22 00:00:00-05:00,61.380001068115234,61.7599983215332,60.459999084472656,60.540000915527344,1587300,0.0,0.0
2019-02-25 00:00:00-05:00,60.97999954223633,61.380001068115234,59.75,59.79999923706055,1471700,0.0,0.0
2019-02-26 00:00:00-05:00,59.939998626708984,61.099998474121094,59.68000030517578,60.95000076293945,2116900,0.0,0.0
2019-02-27 00:00:00-05:00,61.02000045776367,61.849998474121094,60.13999938964844,60.29999923706055,1837100,0.0,0.0
2019-02-28 00:00:00-05:00,60.27000045776367,62.18000030517578,60.0,62.099998474121094,1923000,0.0,0.0
2019-03-01 00:00:00-05:00,62.20000076293945,63.15999984741211,61.08000183105469,61.650001525878906,1985600,0.0,0.0
2019-03-04 00:00:00-05:00,61.439998626708984,61.619998931884766,59.220001220703125,59.83000183105469,2292700,0.0,0.0
2019-03-05 00:00:00-05:00,60.029998779296875,60.90999984741211,59.58000183105469,60.75,1698700,0.0,0.0
2019-03-06 00:00:00-05:00,61.060001373291016,61.689998626708984,60.84000015258789,61.0,1248100,0.0,0.0
2019-03-07 00:00:00-05:00,60.75,60.779998779296875,59.439998626708984,59.720001220703125,1046400,0.0,0.0
2019-03-08 00:00:00-05:00,59.7599983215332,59.790000915527344,58.189998626708984,58.380001068115234,1737800,0.0,0.0
2019-03-11 00:00:00-04:00,58.52000045776367,59.75,58.220001220703125,59.54999923706055,1618900,0.0,0.0
2019-03-12 00:00:00-04:00,59.619998931884766,61.720001220703125,59.619998931884766,60.9900016784668,3026600,0.0,0.0
2019-03-13 00:00:00-04:00,61.189998626708984,61.58000183105469,60.63999938964844,60.869998931884766,1766800,0.0,0.0
2019-03-14 00:00:00-04:00,60.779998779296875,60.970001220703125,59.93000030517578,60.61000061035156,1452200,0.0,0.0
2019-03-15 00:00:00-04:00,60.31999969482422,61.15999984741211,60.29999923706055,61.060001373291016,2186200,0.0,0.0
2019-03-18 00:00:00-04:00,61.09000015258789,61.16999816894531,60.099998474121094,60.4900016784668,1870200,0.0,0.0
2019-03-19 00:00:00-04:00,60.720001220703125,61.13999938964844,59.349998474121094,59.599998474121094,1700900,0.0,0.0
2019-03-20 00:00:00-04:00,59.529998779296875,61.22999954223633,59.529998779296875,60.619998931884766,2383700,0.0,0.0
2019-03-21 00:00:00-04:00,60.77000045776367,62.52000045776367,60.75,62.310001373291016,1610500,0.0,0.0
2019-03-22 00:00:00-04:00,62.15999984741211,62.619998931884766,61.5099983215332,61.630001068115234,1512700,0.0,0.0
2019-03-25 00:00:00-04:00,61.5,62.63999938964844,61.22999954223633,61.619998931884766,1425100,0.0,0.0
2019-03-26 00:00:00-04:00,61.790000915527344,63.33000183105469,61.790000915527344,62.880001068115234,2250500,0.0,0.0
2019-03-27 00:00:00-04:00,63.119998931884766,65.05999755859375,63.02000045776367,63.84000015258789,3141200,0.0,0.0
2019-03-28 00:00:00-04:00,64.19999694824219,64.81999969482422,63.41999816894531,63.68000030517578,3708900,0.0,0.0
2019-03-29 00:00:00-04:00,66.69000244140625,70.98999786376953,65.63999938964844,69.80000305175781,8830400,0.0,0.0
2019-04-01 00:00:00-04:00,71.05999755859375,71.23999786376953,68.23999786376953,69.06999969482422,3625700,0.0,0.0
2019-04-02 00:00:00-04:00,69.11000061035156,70.69999694824219,68.97000122070312,69.79000091552734,2409700,0.0,0.0
2019-04-03 00:00:00-04:00,70.22000122070312,71.73999786376953,70.22000122070312,71.19999694824219,2663300,0.0,0.0
2019-04-04 00:00:00-04:00,71.44999694824219,72.19000244140625,71.19999694824219,72.08999633789062,1179100,0.0,0.0
2019-04-05 00:00:00-04:00,72.19999694824219,72.4000015258789,71.63999938964844,72.04000091552734,1527100,0.0,0.0
2019-04-08 00:00:00-04:00,72.41999816894531,72.9800033569336,71.79000091552734,72.69999694824219,1320500,0.0,0.0
2019-04-09 00:00:00-04:00,72.8499984741211,73.7300033569336,72.55999755859375,73.30999755859375,1435300,0.0,0.0
2019-04-10 00:00:00-04:00,73.41000366210938,74.36000061035156,72.88999938964844,74.30999755859375,1140700,0.0,0.0
2019-04-11 00:00:00-04:00,74.06999969482422,74.62999725341797,73.31999969482422,73.9000015258789,1302400,0.0,0.0
2019-04-12 00:00:00-04:00,74.08999633789062,74.68000030517578,74.05000305175781,74.58000183105469,879300,0.0,0.0
2019-04-15 00:00:00-04:00,74.44999694824219,75.08999633789062,74.12999725341797,75.02999877929688,1092500,0.0,0.0
2019-04-16 00:00:00-04:00,75.19999694824219,76.01000213623047,74.98999786376953,75.94000244140625,1312400,0.0,0.0
2019-04-17 00:00:00-04:00,76.69999694824219,78.43000030517578,76.12000274658203,77.41999816894531,2672100,0.0,0.0
2019-04-18 00:00:00-04:00,77.29000091552734,77.36000061035156,75.80999755859375,77.0,1438800,0.0,0.0
2019-04-22 00:00:00-04:00,76.91000366210938,76.91000366210938,75.55000305175781,75.69999694824219,1167200,0.0,0.0
2019-04-23 00:00:00-04:00,76.0999984741211,77.54000091552734,75.80999755859375,77.33999633789062,1916500,0.0,0.0
2019-04-24 00:00:00-04:00,77.38999938964844,77.8499984741211,76.76000213623047,77.29000091552734,1087100,0.0,0.0
2019-04-25 00:00:00-04:00,76.91999816894531,77.27999877929688,76.33000183105469,76.33000183105469,1037700,0.0,0.0
2019-04-26 00:00:00-04:00,76.27999877929688,77.98999786376953,76.08000183105469,77.97000122070312,1165400,0.0,0.0
2019-04-29 00:00:00-04:00,77.69999694824219,78.19999694824219,77.19999694824219,77.31999969482422,1380300,0.0,0.0
2019-04-30 00:00:00-04:00,77.23999786376953,78.0,76.68000030517578,77.86000061035156,1900100,0.0,0.0
2019-05-01 00:00:00-04:00,77.94000244140625,79.26000213623047,77.7300033569336,78.3499984741211,1912600,0.0,0.0
2019-05-02 00:00:00-04:00,78.2699966430664,78.72000122070312,76.95999908447266,78.23999786376953,2085500,0.0,0.0
2019-05-03 00:00:00-04:00,78.0999984741211,78.79000091552734,77.58999633789062,78.62000274658203,905900,0.0,0.0
2019-05-06 00:00:00-04:00,77.6500015258789,78.66000366210938,77.41999816894531,78.30999755859375,775900,0.0,0.0
2019-05-07 00:00:00-04:00,77.75,78.41000366210938,77.05999755859375,77.68000030517578,1024900,0.0,0.0
2019-05-08 00:00:00-04:00,77.55000305175781,78.08999633789062,77.16000366210938,77.70999908447266,1058400,0.0,0.0
2019-05-09 00:00:00-04:00,77.06999969482422,78.77999877929688,77.0,78.52999877929688,772800,0.0,0.0
2019-05-10 00:00:00-04:00,78.5,79.61000061035156,77.38999938964844,79.06999969482422,1459700,0.0,0.0
2019-05-13 00:00:00-04:00,77.80000305175781,77.80000305175781,75.94999694824219,76.76000213623047,972100,0.0,0.0
2019-05-14 00:00:00-04:00,76.97000122070312,77.56999969482422,76.80999755859375,77.18000030517578,1341400,0.0,0.0
2019-05-15 00:00:00-04:00,76.62999725341797,77.04000091552734,75.83999633789062,75.9000015258789,1639700,0.0,0.0
2019-05-16 00:00:00-04:00,75.87999725341797,76.36000061035156,75.62999725341797,75.94000244140625,1616300,0.0,0.0
2019-05-17 00:00:00-04:00,75.37999725341797,77.26000213623047,75.0999984741211,76.38999938964844,997600,0.0,0.0
2019-05-20 00:00:00-04:00,75.94999694824219,77.43000030517578,75.80000305175781,76.86000061035156,1230900,0.0,0.0
2019-05-21 00:00:00-04:00,77.20999908447266,78.19999694824219,76.80000305175781,77.9800033569336,1067100,0.0,0.0
2019-05-22 00:00:00-04:00,77.27999877929688,78.38999938964844,77.02999877929688,77.9000015258789,1179700,0.0,0.0
2019-05-23 00:00:00-04:00,77.23999786376953,77.69000244140625,76.12999725341797,76.77999877929688,981000,0.0,0.0
2019-05-24 00:00:00-04:00,77.27999877929688,77.86000061035156,76.27999877929688,76.4800033569336,1029100,0.0,0.0
2019-05-28 00:00:00-04:00,76.77999877929688,77.6500015258789,76.18000030517578,76.23999786376953,1860300,0.0,0.0
2019-05-29 00:00:00-04:00,75.8499984741211,77.30999755859375,75.80999755859375,77.12999725341797,1309800,0.0,0.0
2019-05-30 00:00:00-04:00,77.2699966430664,78.4000015258789,77.2699966430664,78.08999633789062,1192200,0.0,0.0
2019-05-31 00:00:00-04:00,78.1500015258789,78.87999725341797,77.9000015258789,78.27999877929688,1812500,0.0,0.0
2019-06-03 00:00:00-04:00,78.05000305175781,80.0,77.79000091552734,79.41000366210938,2534800,0.0,0.0
2019-06-04 00:00:00-04:00,79.69999694824219,81.58999633789062,79.69999694824219,80.2699966430664,2585600,0.0,0.0
2019-06-05 00:00:00-04:00,80.58999633789062,80.91999816894531,79.87999725341797,80.04000091552734,1558400,0.0,0.0
2019-06-06 00:00:00-04:00,79.95999908447266,80.31999969482422,79.45999908447266,79.94999694824219,1876200,0.0,0.0
2019-06-07 00:00:00-04:00,80.37999725341797,80.56999969482422,79.69000244140625,79.88999938964844,1854600,0.0,0.0
2019-06-10 00:00:00-04:00,80.7699966430664,82.44999694824219,80.3499984741211,82.36000061035156,2575100,0.0,0.0
2019-06-11 00:00:00-04:00,82.98999786376953,83.33000183105469,80.54000091552734,81.22000122070312,1167500,0.0,0.0
2019-06-12 00:00:00-04:00,81.41000366210938,82.1500015258789,80.6500015258789,82.04000091552734,1369100,0.0,0.0
2019-06-13 00:00:00-04:00,82.16999816894531,82.5,81.61000061035156,82.1500015258789,1173200,0.0,0.0
2019-06-14 00:00:00-04:00,83.66999816894531,84.0,82.6500015258789,83.54000091552734,1631600,0.0,0.0
2019-06-17 00:00:00-04:00,84.5,84.98999786376953,83.41000366210938,83.87000274658203,1877400,0.0,0.0
2019-06-18 00:00:00-04:00,84.29000091552734,84.3499984741211,83.02999877929688,83.66999816894531,1269600,0.0,0.0
2019-06-19 00:00:00-04:00,84.30999755859375,84.44999694824219,82.19999694824219,83.48999786376953,1398600,0.0,0.0
2019-06-20 00:00:00-04:00,84.0,84.18000030517578,82.31999969482422,83.0,2788100,0.0,0.0
2019-06-21 00:00:00-04:00,87.76000213623047,88.63999938964844,83.26000213623047,85.63999938964844,10383200,0.0,0.0
2019-06-24 00:00:00-04:00,84.80999755859375,84.80999755859375,81.16000366210938,82.63999938964844,4026800,0.0,0.0
2019-06-25 00:00:00-04:00,82.86000061035156,84.45999908447266,82.72000122070312,83.37000274658203,2006900,0.0,0.0
2019-06-26 00:00:00-04:00,83.36000061035156,84.72000122070312,83.0,84.13999938964844,1696300,0.0,0.0
2019-06-27 00:00:00-04:00,84.75,87.05999755859375,84.66999816894531,86.86000061035156,1793300,0.0,0.0
2019-06-28 00:00:00-04:00,86.0,87.0999984741211,85.26000213623047,86.83000183105469,2175500,0.0,0.0
2019-07-01 00:00:00-04:00,87.75,88.2300033569336,86.36000061035156,87.16000366210938,1908400,0.0,0.0
2019-07-02 00:00:00-04:00,87.36000061035156,87.83000183105469,86.18000030517578,87.69000244140625,2423000,0.0,0.0
2019-07-03 00:00:00-04:00,87.69999694824219,89.08999633789062,87.68000030517578,88.9000015258789,1112900,0.0,0.0
2019-07-05 00:00:00-04:00,88.48999786376953,89.27999877929688,88.12999725341797,88.4800033569336,1280700,0.0,0.0
2019-07-08 00:00:00-04:00,88.44999694824219,88.97000122070312,87.58999633789062,87.80000305175781,1237900,0.0,0.0
2019-07-09 00:00:00-04:00,87.45999908447266,87.70999908447266,86.94000244140625,87.58000183105469,1364800,0.0,0.0
2019-07-10 00:00:00-04:00,87.5,88.0,87.2699966430664,87.41000366210938,1308900,0.0,0.0
2019-07-11 00:00:00-04:00,87.5999984741211,88.81999969482422,87.12000274658203,88.7699966430664,1061700,0.0,0.0
2019-07-12 00:00:00-04:00,88.80000305175781,89.37000274658203,88.08999633789062,88.94000244140625,1259800,0.0,0.0
2019-07-15 00:00:00-04:00,89.29000091552734,89.4000015258789,88.47000122070312,88.79000091552734,998900,0.0,0.0
2019-07-16 00:00:00-04:00,85.87999725341797,86.97000122070312,82.63999938964844,86.38999938964844,3757800,0.0,0.0
2019-07-17 00:00:00-04:00,85.0999984741211,85.81999969482422,84.62999725341797,85.1500015258789,1766700,0.0,0.0
2019-07-18 00:00:00-04:00,87.52999877929688,87.73999786376953,85.4800033569336,86.62999725341797,2115800,0.0,0.0
2019-07-19 00:00:00-04:00,86.37000274658203,87.08999633789062,84.66000366210938,84.83999633789062,1931800,0.0,0.0
2019-07-22 00:00:00-04:00,84.69999694824219,85.18000030517578,84.20999908447266,84.76000213623047,1186600,0.0,0.0
2019-07-23 00:00:00-04:00,85.6500015258789,86.23999786376953,85.0199966430664,86.23999786376953,1285600,0.0,0.0
2019-07-24 00:00:00-04:00,86.11000061035156,88.98999786376953,86.04000091552734,88.83999633789062,1536600,0.0,0.0
2019-07-25 00:00:00-04:00,88.75,89.55000305175781,88.3499984741211,89.33000183105469,1053600,0.0,0.0
2019-07-26 00:00:00-04:00,89.79000091552734,91.41999816894531,89.52999877929688,91.16999816894531,1418400,0.0,0.0
2019-07-29 00:00:00-04:00,91.2300033569336,92.01000213623047,90.97000122070312,91.33999633789062,1399300,0.0,0.0
2019-07-30 00:00:00-04:00,89.45999908447266,89.45999908447266,87.44000244140625,87.80000305175781,1597300,0.0,0.0
2019-07-31 00:00:00-04:00,87.87000274658203,88.83000183105469,87.47000122070312,87.76000213623047,1556500,0.0,0.0
2019-08-01 00:00:00-04:00,87.75,88.36000061035156,86.04000091552734,86.30000305175781,1033500,0.0,0.0
2019-08-02 00:00:00-04:00,86.31999969482422,86.80999755859375,85.79000091552734,86.0,1343400,0.0,0.0
2019-08-05 00:00:00-04:00,84.63999938964844,85.18000030517578,83.19000244140625,83.93000030517578,1244800,0.0,0.0
2019-08-06 00:00:00-04:00,83.97000122070312,85.91999816894531,83.29000091552734,85.88999938964844,1078100,0.0,0.0
2019-08-07 00:00:00-04:00,85.04000091552734,85.1500015258789,82.08000183105469,82.87000274658203,1821200,0.0,0.0
2019-08-08 00:00:00-04:00,83.18000030517578,84.37999725341797,82.9800033569336,84.02999877929688,1942400,0.0,0.0
2019-08-09 00:00:00-04:00,84.1500015258789,84.47000122070312,83.33999633789062,84.02999877929688,1066300,0.0,0.0
2019-08-12 00:00:00-04:00,84.33999633789062,84.98999786376953,83.05999755859375,83.9000015258789,914600,0.0,0.0
2019-08-13 00:00:00-04:00,83.4000015258789,86.66999816894531,83.23999786376953,85.38999938964844,1334900,0.0,0.0
2019-08-14 00:00:00-04:00,84.11000061035156,85.22000122070312,83.13999938964844,83.75,1244500,0.0,0.0
2019-08-15 00:00:00-04:00,83.68000030517578,84.5,83.25,84.25,873400,0.0,0.0
2019-08-16 00:00:00-04:00,84.48999786376953,85.30000305175781,84.1500015258789,85.02999877929688,1070100,0.0,0.0
2019-08-19 00:00:00-04:00,86.0,86.66999816894531,85.16999816894531,85.97000122070312,1403100,0.0,0.0
2019-08-20 00:00:00-04:00,86.05000305175781,86.05000305175781,83.18000030517578,83.33999633789062,1179400,0.0,0.0
2019-08-21 00:00:00-04:00,84.06999969482422,84.06999969482422,82.58000183105469,83.16999816894531,1333500,0.0,0.0
2019-08-22 00:00:00-04:00,83.5,84.0,82.98999786376953,83.72000122070312,935800,0.0,0.0
2019-08-23 00:00:00-04:00,82.4800033569336,82.9800033569336,80.62000274658203,80.83000183105469,1769500,0.0,0.0
2019-08-26 00:00:00-04:00,81.19999694824219,81.4800033569336,80.1500015258789,80.61000061035156,1264600,0.0,0.0
2019-08-27 00:00:00-04:00,80.81999969482422,81.05000305175781,79.45999908447266,79.52999877929688,1521700,0.0,0.0
2019-08-28 00:00:00-04:00,79.4800033569336,81.54000091552734,79.37000274658203,81.2699966430664,1142900,0.0,0.0
2019-08-29 00:00:00-04:00,81.9000015258789,83.69999694824219,81.9000015258789,82.79000091552734,860200,0.0,0.0
2019-08-30 00:00:00-04:00,83.48999786376953,84.51000213623047,82.88999938964844,83.27999877929688,1077300,0.0,0.0
2019-09-03 00:00:00-04:00,81.80999755859375,83.05999755859375,81.80999755859375,82.55999755859375,1349300,0.0,0.0
2019-09-04 00:00:00-04:00,83.19999694824219,85.2699966430664,83.19999694824219,84.97000122070312,1439400,0.0,0.0
2019-09-05 00:00:00-04:00,85.93000030517578,87.36000061035156,85.87000274658203,86.7300033569336,1255300,0.0,0.0
2019-09-06 00:00:00-04:00,86.5,87.3499984741211,85.54000091552734,86.0,1090200,0.0,0.0
2019-09-09 00:00:00-04:00,86.44999694824219,87.29000091552734,86.0999984741211,86.58999633789062,1047200,0.0,0.0
2019-09-10 00:00:00-04:00,86.2699966430664,87.30000305175781,85.11000061035156,87.30000305175781,1520600,0.0,0.0
2019-09-11 00:00:00-04:00,86.44000244140625,86.94000244140625,83.62999725341797,85.31999969482422,1630300,0.0,0.0
2019-09-12 00:00:00-04:00,85.48999786376953,87.5,85.37000274658203,86.52999877929688,1453000,0.0,0.0
2019-09-13 00:00:00-04:00,86.7699966430664,87.30000305175781,86.37000274658203,86.75,970200,0.0,0.0
2019-09-16 00:00:00-04:00,85.5,85.77999877929688,83.95999908447266,84.26000213623047,1031800,0.0,0.0
2019-09-17 00:00:00-04:00,83.5,86.33999633789062,83.11000061035156,86.08000183105469,1222600,0.0,0.0
2019-09-18 00:00:00-04:00,85.94000244140625,86.12000274658203,84.45999908447266,85.52999877929688,1270900,0.0,0.0
2019-09-19 00:00:00-04:00,85.86000061035156,86.55000305175781,85.04000091552734,86.30999755859375,1213700,0.0,0.0
2019-09-20 00:00:00-04:00,86.5999984741211,87.11000061035156,84.62999725341797,84.62999725341797,1660700,0.0,0.0
2019-09-23 00:00:00-04:00,84.5,87.20999908447266,84.26000213623047,86.9000015258789,2696900,0.0,0.0
2019-09-24 00:00:00-04:00,90.23999786376953,90.33000183105469,84.44999694824219,86.73999786376953,6352600,0.0,0.0
2019-09-25 00:00:00-04:00,86.62000274658203,87.62999725341797,85.29000091552734,86.08000183105469,1540500,0.0,0.0
2019-09-26 00:00:00-04:00,86.12999725341797,86.66999816894531,85.29000091552734,86.37999725341797,890600,0.0,0.0
2019-09-27 00:00:00-04:00,86.86000061035156,87.5199966430664,86.61000061035156,87.4800033569336,1071600,0.0,0.0
2019-09-30 00:00:00-04:00,87.29000091552734,88.3499984741211,87.11000061035156,88.0,1212400,0.0,0.0
2019-10-01 00:00:00-04:00,88.58000183105469,90.9000015258789,88.33999633789062,88.69000244140625,1758300,0.0,0.0
2019-10-02 00:00:00-04:00,88.2300033569336,88.41999816894531,85.05000305175781,85.5999984741211,1249500,0.0,0.0
2019-10-03 00:00:00-04:00,84.91000366210938,85.2699966430664,83.38999938964844,84.6500015258789,1005600,0.0,0.0
2019-10-04 00:00:00-04:00,84.5199966430664,85.66000366210938,84.30999755859375,85.5999984741211,860600,0.0,0.0
2019-10-07 00:00:00-04:00,85.43000030517578,87.06999969482422,85.37000274658203,86.30999755859375,1098500,0.0,0.0
2019-10-08 00:00:00-04:00,85.37000274658203,85.97000122070312,85.08999633789062,85.0999984741211,923000,0.0,0.0
2019-10-09 00:00:00-04:00,85.95999908447266,87.05000305175781,85.4800033569336,86.5999984741211,900200,0.0,0.0
2019-10-10 00:00:00-04:00,86.4000015258789,88.02999877929688,86.36000061035156,87.41000366210938,947100,0.0,0.0
2019-10-11 00:00:00-04:00,88.52999877929688,91.05999755859375,88.52999877929688,90.52999877929688,1754500,0.0,0.0
2019-10-14 00:00:00-04:00,90.0,90.44000244140625,89.43000030517578,90.02999877929688,676800,0.0,0.0
2019-10-15 00:00:00-04:00,90.75,93.05000305175781,90.75,92.41999816894531,1486500,0.0,0.0
2019-10-16 00:00:00-04:00,92.41999816894531,92.58000183105469,91.33000183105469,92.44000244140625,936500,0.0,0.0
2019-10-17 00:00:00-04:00,92.87000274658203,93.36000061035156,92.11000061035156,92.7300033569336,779200,0.0,0.0
2019-10-18 00:00:00-04:00,93.0999984741211,94.69999694824219,92.80999755859375,94.27999877929688,1680900,0.0,0.0
2019-10-21 00:00:00-04:00,95.0,96.36000061035156,94.73999786376953,96.0199966430664,1253400,0.0,0.0
2019-10-22 00:00:00-04:00,95.0199966430664,95.62000274658203,93.12999725341797,94.18000030517578,1658000,0.0,0.0
2019-10-23 00:00:00-04:00,93.56999969482422,94.87999725341797,93.37000274658203,94.62999725341797,790600,0.0,0.0
2019-10-24 00:00:00-04:00,95.38999938964844,96.27999877929688,94.48999786376953,95.12000274658203,892100,0.0,0.0
2019-10-25 00:00:00-04:00,94.9000015258789,95.70999908447266,94.54000091552734,94.7699966430664,859900,0.0,0.0
2019-10-28 00:00:00-04:00,94.91000366210938,95.66999816894531,94.58999633789062,94.9800033569336,951000,0.0,0.0
2019-10-29 00:00:00-04:00,95.16999816894531,96.0,94.7699966430664,95.3499984741211,707900,0.0,0.0
2019-10-30 00:00:00-04:00,94.94000244140625,95.73999786376953,94.66999816894531,94.7699966430664,813900,0.0,0.0
2019-10-31 00:00:00-04:00,94.69000244140625,94.87999725341797,92.58000183105469,93.16999816894531,983400,0.0,0.0
2019-11-01 00:00:00-04:00,93.79000091552734,94.95999908447266,93.1500015258789,94.86000061035156,839700,0.0,0.0
2019-11-04 00:00:00-05:00,95.58000183105469,96.05999755859375,95.16999816894531,95.41999816894531,758500,0.0,0.0
2019-11-05 00:00:00-05:00,95.41999816894531,96.19999694824219,95.20999908447266,95.48999786376953,849800,0.0,0.0
2019-11-06 00:00:00-05:00,95.4000015258789,95.4000015258789,93.55999755859375,94.2699966430664,761700,0.0,0.0
2019-11-07 00:00:00-05:00,94.54000091552734,95.44000244140625,93.91999816894531,94.08999633789062,772000,0.0,0.0
2019-11-08 00:00:00-05:00,94.22000122070312,94.5999984741211,93.45999908447266,93.87999725341797,780300,0.0,0.0
2019-11-11 00:00:00-05:00,93.37000274658203,94.62999725341797,93.37000274658203,94.16000366210938,648400,0.0,0.0
2019-11-12 00:00:00-05:00,93.80000305175781,96.47000122070312,93.80000305175781,95.26000213623047,1055100,0.0,0.0
2019-11-13 00:00:00-05:00,94.5,96.0,94.19000244140625,95.87999725341797,670500,0.0,0.0
2019-11-14 00:00:00-05:00,95.88999938964844,97.2699966430664,95.69000244140625,96.83999633789062,834900,0.0,0.0
2019-11-15 00:00:00-05:00,97.29000091552734,98.23999786376953,96.48999786376953,98.0,1172800,0.0,0.0
2019-11-18 00:00:00-05:00,98.30999755859375,99.88999938964844,97.7300033569336,99.7300033569336,1042600,0.0,0.0
2019-11-19 00:00:00-05:00,99.94000244140625,100.48999786376953,98.91999816894531,100.1500015258789,1164100,0.0,0.0
2019-11-20 00:00:00-05:00,99.91000366210938,99.91000366210938,98.27999877929688,99.56999969482422,686000,0.0,0.0
2019-11-21 00:00:00-05:00,99.6500015258789,99.6500015258789,97.94999694824219,98.18000030517578,594800,0.0,0.0
2019-11-22 00:00:00-05:00,98.44999694824219,98.69999694824219,96.62000274658203,97.58000183105469,742700,0.0,0.0
2019-11-25 00:00:00-05:00,97.98999786376953,98.58999633789062,97.37000274658203,97.83000183105469,765300,0.0,0.0
2019-11-26 00:00:00-05:00,97.66000366210938,98.69000244140625,97.0,98.63999938964844,1080100,0.0,0.0
2019-11-27 00:00:00-05:00,98.80999755859375,98.97000122070312,98.01000213623047,98.30999755859375,636900,0.0,0.0
2019-11-29 00:00:00-05:00,98.04000091552734,98.2699966430664,97.01000213623047,97.26000213623047,397600,0.0,0.0
2019-12-02 00:00:00-05:00,97.33999633789062,97.56999969482422,96.4000015258789,96.69000244140625,951200,0.0,0.0
2019-12-03 00:00:00-05:00,95.16000366210938,96.30999755859375,94.01000213623047,95.98999786376953,1535800,0.0,0.0
2019-12-04 00:00:00-05:00,96.80999755859375,98.05000305175781,96.38999938964844,96.41000366210938,938400,0.0,0.0
2019-12-05 00:00:00-05:00,96.62000274658203,97.1500015258789,95.86000061035156,96.08000183105469,1336400,0.0,0.0
2019-12-06 00:00:00-05:00,96.97000122070312,98.1500015258789,96.68000030517578,97.37000274658203,1310800,0.0,0.0
2019-12-09 00:00:00-05:00,97.08999633789062,97.19000244140625,96.4800033569336,96.69000244140625,911200,0.0,0.0
2019-12-10 00:00:00-05:00,96.75,97.30000305175781,96.37999725341797,96.94000244140625,991000,0.0,0.0
2019-12-11 00:00:00-05:00,96.98999786376953,99.11000061035156,96.55999755859375,99.02999877929688,810600,0.0,0.0
2019-12-12 00:00:00-05:00,98.69999694824219,99.75,98.06999969482422,99.05000305175781,840100,0.0,0.0
2019-12-13 00:00:00-05:00,99.0,99.41000366210938,97.77999877929688,97.87999725341797,1024300,0.0,0.0
2019-12-16 00:00:00-05:00,99.19999694824219,99.41999816894531,97.97000122070312,98.0,1616500,0.0,0.0
2019-12-17 00:00:00-05:00,98.2699966430664,99.1500015258789,98.06999969482422,98.9000015258789,945600,0.0,0.0
2019-12-18 00:00:00-05:00,99.44999694824219,99.79000091552734,98.27999877929688,98.63999938964844,1544600,0.0,0.0
2019-12-19 00:00:00-05:00,98.41999816894531,98.87999725341797,97.26000213623047,98.79000091552734,1984700,0.0,0.0
2019-12-20 00:00:00-05:00,94.4000015258789,95.0999984741211,92.5999984741211,92.70999908447266,6536100,0.0,0.0
2019-12-23 00:00:00-05:00,92.0999984741211,92.5,89.04000091552734,89.18000030517578,3562000,0.0,0.0
2019-12-24 00:00:00-05:00,89.04000091552734,89.33999633789062,88.56999969482422,88.86000061035156,959900,0.0,0.0
2019-12-26 00:00:00-05:00,88.94000244140625,89.37000274658203,87.91000366210938,89.02999877929688,1706800,0.0,0.0
2019-12-27 00:00:00-05:00,89.27999877929688,89.68000030517578,87.7300033569336,88.4000015258789,1377100,0.0,0.0
2019-12-30 00:00:00-05:00,88.3499984741211,88.37000274658203,86.95999908447266,87.43000030517578,1421400,0.0,0.0
2019-12-31 00:00:00-05:00,87.22000122070312,88.05000305175781,87.12999725341797,87.66999816894531,1256900,0.0,0.0
2020-01-02 00:00:00-05:00,87.97000122070312,89.51000213623047,87.80999755859375,89.51000213623047,2038800,0.0,0.0
2020-01-03 00:00:00-05:00,88.38999938964844,88.7300033569336,86.69999694824219,87.26000213623047,1475400,0.0,0.0
2020-01-06 00:00:00-05:00,86.48999786376953,87.58000183105469,86.18000030517578,87.05000305175781,1345200,0.0,0.0
2020-01-07 00:00:00-05:00,87.23999786376953,87.8499984741211,86.97000122070312,87.2300033569336,1187700,0.0,0.0
2020-01-08 00:00:00-05:00,87.22000122070312,87.81999969482422,86.94999694824219,87.08000183105469,1651100,0.0,0.0
2020-01-09 00:00:00-05:00,87.61000061035156,88.08000183105469,87.25,87.5999984741211,1153500,0.0,0.0
2020-01-10 00:00:00-05:00,87.9000015258789,89.80999755859375,87.9000015258789,89.08999633789062,2066100,0.0,0.0
2020-01-13 00:00:00-05:00,89.0199966430664,91.11000061035156,88.55999755859375,91.02999877929688,1340800,0.0,0.0
2020-01-14 00:00:00-05:00,90.87999725341797,93.13999938964844,90.81999969482422,91.94000244140625,1543600,0.0,0.0
2020-01-15 00:00:00-05:00,91.58999633789062,93.83000183105469,91.23999786376953,92.87999725341797,1343900,0.0,0.0
2020-01-16 00:00:00-05:00,93.26000213623047,94.87999725341797,93.0,94.69999694824219,1202500,0.0,0.0
2020-01-17 00:00:00-05:00,95.0,96.01000213623047,94.83000183105469,95.68000030517578,1703400,0.0,0.0
2020-01-21 00:00:00-05:00,95.37999725341797,96.12999725341797,94.7699966430664,95.9000015258789,1549000,0.0,0.0
2020-01-22 00:00:00-05:00,96.43000030517578,97.86000061035156,96.19000244140625,97.3499984741211,1162700,0.0,0.0
2020-01-23 00:00:00-05:00,96.97000122070312,98.19000244140625,96.44999694824219,98.11000061035156,746200,0.0,0.0
2020-01-24 00:00:00-05:00,98.31999969482422,98.31999969482422,95.88999938964844,96.7300033569336,1096200,0.0,0.0
2020-01-27 00:00:00-05:00,95.44000244140625,96.70999908447266,95.12000274658203,95.9800033569336,1015000,0.0,0.0
2020-01-28 00:00:00-05:00,96.37000274658203,99.0,96.01000213623047,98.56999969482422,1104600,0.0,0.0
2020-01-29 00:00:00-05:00,99.0,99.72000122070312,98.44999694824219,98.5,898100,0.0,0.0
2020-01-30 00:00:00-05:00,97.68000030517578,99.37999725341797,97.2300033569336,99.36000061035156,911200,0.0,0.0
2020-01-31 00:00:00-05:00,99.04000091552734,99.33000183105469,97.0199966430664,97.04000091552734,1231500,0.0,0.0
2020-02-03 00:00:00-05:00,96.5,97.54000091552734,94.97000122070312,95.05999755859375,1816700,0.0,0.0
2020-02-04 00:00:00-05:00,96.48999786376953,97.19000244140625,95.61000061035156,96.75,1208800,0.0,0.0
2020-02-05 00:00:00-05:00,97.97000122070312,98.44999694824219,97.13999938964844,97.97000122070312,772000,0.0,0.0
2020-02-06 00:00:00-05:00,98.16999816894531,98.41999816894531,96.97000122070312,96.97000122070312,955200,0.0,0.0
2020-02-07 00:00:00-05:00,96.8499984741211,97.80999755859375,96.20999908447266,96.30000305175781,1026100,0.0,0.0
2020-02-10 00:00:00-05:00,95.97000122070312,97.76000213623047,95.93000030517578,97.6500015258789,845600,0.0,0.0
2020-02-11 00:00:00-05:00,98.25,99.62999725341797,98.05000305175781,98.83999633789062,945100,0.0,0.0
2020-02-12 00:00:00-05:00,99.19000244140625,99.5199966430664,98.18000030517578,98.2300033569336,654400,0.0,0.0
2020-02-13 00:00:00-05:00,97.47000122070312,99.58999633789062,97.33000183105469,98.88999938964844,749900,0.0,0.0
2020-02-14 00:00:00-05:00,98.58000183105469,99.06999969482422,97.97000122070312,98.80999755859375,729900,0.0,0.0
2020-02-18 00:00:00-05:00,98.95999908447266,99.36000061035156,98.05000305175781,98.2699966430664,767900,0.0,0.0
2020-02-19 00:00:00-05:00,98.54000091552734,100.4000015258789,98.3499984741211,100.12999725341797,907300,0.0,0.0
2020-02-20 00:00:00-05:00,100.73999786376953,103.18000030517578,100.55000305175781,101.9000015258789,1081600,0.0,0.0
2020-02-21 00:00:00-05:00,101.43000030517578,101.66000366210938,100.38999938964844,101.20999908447266,864400,0.0,0.0
2020-02-24 00:00:00-05:00,98.31999969482422,99.41999816894531,97.26000213623047,97.44999694824219,948500,0.0,0.0
2020-02-25 00:00:00-05:00,97.77999877929688,98.08000183105469,93.01000213623047,93.29000091552734,1049900,0.0,0.0
2020-02-26 00:00:00-05:00,93.97000122070312,94.91999816894531,91.29000091552734,91.30000305175781,988900,0.0,0.0
2020-02-27 00:00:00-05:00,89.87999725341797,91.87000274658203,87.62999725341797,88.19000244140625,1507500,0.0,0.0
2020-02-28 00:00:00-05:00,85.7699966430664,87.30999755859375,84.01000213623047,87.30999755859375,2582300,0.0,0.0
2020-03-02 00:00:00-05:00,87.30000305175781,89.83999633789062,85.22000122070312,89.73999786376953,1827600,0.0,0.0
2020-03-03 00:00:00-05:00,89.44999694824219,91.13999938964844,84.94999694824219,86.16000366210938,1875500,0.0,0.0
2020-03-04 00:00:00-05:00,87.22000122070312,90.7699966430664,86.9000015258789,90.69999694824219,1238200,0.0,0.0
2020-03-05 00:00:00-05:00,88.02999877929688,88.08000183105469,85.0,85.93000030517578,1439200,0.0,0.0
2020-03-06 00:00:00-05:00,83.68000030517578,85.38999938964844,82.13999938964844,85.0,1680200,0.0,0.0
2020-03-09 00:00:00-04:00,80.0999984741211,80.5,75.19999694824219,75.20999908447266,2988800,0.0,0.0
2020-03-10 00:00:00-04:00,78.13999938964844,80.36000061035156,75.9000015258789,79.79000091552734,2251500,0.0,0.0
2020-03-11 00:00:00-04:00,76.91999816894531,78.12999725341797,75.05999755859375,76.20999908447266,2056200,0.0,0.0
2020-03-12 00:00:00-04:00,71.2300033569336,74.5999984741211,67.31999969482422,67.87000274658203,2535300,0.0,0.0
2020-03-13 00:00:00-04:00,72.44000244140625,72.55000305175781,65.12000274658203,69.19000244140625,2560700,0.0,0.0
2020-03-16 00:00:00-04:00,63.130001068115234,63.130001068115234,51.27000045776367,54.95000076293945,4720700,0.0,0.0
2020-03-17 00:00:00-04:00,55.400001525878906,57.599998474121094,49.41999816894531,53.7599983215332,3979300,0.0,0.0
2020-03-18 00:00:00-04:00,50.209999084472656,50.400001525878906,37.59000015258789,48.220001220703125,4240200,0.0,0.0
2020-03-19 00:00:00-04:00,47.2599983215332,49.63999938964844,41.5099983215332,48.130001068115234,3107400,0.0,0.0
2020-03-20 00:00:00-04:00,49.060001373291016,52.369998931884766,44.02000045776367,44.27000045776367,4444800,0.0,0.0
2020-03-23 00:00:00-04:00,44.099998474121094,48.22999954223633,43.13999938964844,47.70000076293945,2855500,0.0,0.0
2020-03-24 00:00:00-04:00,51.310001373291016,56.810001373291016,51.11000061035156,56.31999969482422,2259900,0.0,0.0
2020-03-25 00:00:00-04:00,58.119998931884766,68.23999786376953,54.2400016784668,63.880001068115234,3037000,0.0,0.0
2020-03-26 00:00:00-04:00,64.9000015258789,67.44999694824219,60.459999084472656,60.91999816894531,2736600,0.0,0.0
2020-03-27 00:00:00-04:00,57.7599983215332,59.27000045776367,53.439998626708984,58.93000030517578,2470300,0.0,0.0
2020-03-30 00:00:00-04:00,57.459999084472656,58.900001525878906,54.209999084472656,55.75,1984800,0.0,0.0
2020-03-31 00:00:00-04:00,55.0,55.7400016784668,53.220001220703125,53.83000183105469,2423900,0.0,0.0
2020-04-01 00:00:00-04:00,49.40999984741211,53.709999084472656,48.099998474121094,52.36000061035156,3424700,0.0,0.0
2020-04-02 00:00:00-04:00,49.0099983215332,52.83000183105469,48.2599983215332,50.20000076293945,4688300,0.0,0.0
2020-04-03 00:00:00-04:00,48.75,49.88999938964844,47.060001373291016,48.599998474121094,3316600,0.0,0.0
2020-04-06 00:00:00-04:00,52.36000061035156,55.56999969482422,50.279998779296875,54.45000076293945,2540500,0.0,0.0
2020-04-07 00:00:00-04:00,58.380001068115234,60.97999954223633,56.04999923706055,58.0099983215332,2786800,0.0,0.0
2020-04-08 00:00:00-04:00,59.0,64.12999725341797,57.70000076293945,63.220001220703125,2085500,0.0,0.0
2020-04-09 00:00:00-04:00,64.97000122070312,70.2699966430664,64.5,66.5,2834000,0.0,0.0
2020-04-13 00:00:00-04:00,66.11000061035156,66.47000122070312,61.779998779296875,62.599998474121094,1916100,0.0,0.0
2020-04-14 00:00:00-04:00,63.849998474121094,66.18000030517578,63.849998474121094,64.38999938964844,2067200,0.0,0.0
2020-04-15 00:00:00-04:00,62.380001068115234,63.880001068115234,60.810001373291016,61.58000183105469,1439200,0.0,0.0
2020-04-16 00:00:00-04:00,61.689998626708984,61.97999954223633,58.93000030517578,59.06999969482422,2340300,0.0,0.0
2020-04-17 00:00:00-04:00,61.88999938964844,65.8499984741211,61.88999938964844,65.22000122070312,4414700,0.0,0.0
2020-04-20 00:00:00-04:00,63.810001373291016,65.43000030517578,63.11000061035156,64.55999755859375,3915100,0.0,0.0
2020-04-21 00:00:00-04:00,61.349998474121094,64.01000213623047,61.22999954223633,63.58000183105469,3827900,0.0,0.0
2020-04-22 00:00:00-04:00,64.79000091552734,65.55000305175781,64.4000015258789,64.91000366210938,2430400,0.0,0.0
2020-04-23 00:00:00-04:00,65.02999877929688,66.83000183105469,64.83999633789062,65.98999786376953,2125900,0.0,0.0
2020-04-24 00:00:00-04:00,66.88999938964844,71.62000274658203,66.88999938964844,70.95999908447266,3321400,0.0,0.0
2020-04-27 00:00:00-04:00,71.86000061035156,75.80000305175781,71.83000183105469,74.97000122070312,2782100,0.0,0.0
2020-04-28 00:00:00-04:00,76.69000244140625,79.4800033569336,73.69000244140625,74.0999984741211,2527400,0.0,0.0
2020-04-29 00:00:00-04:00,76.19000244140625,80.26000213623047,75.26000213623047,78.98999786376953,1880800,0.0,0.0
2020-04-30 00:00:00-04:00,77.68000030517578,77.72000122070312,73.3499984741211,73.6500015258789,1969500,0.0,0.0
2020-05-01 00:00:00-04:00,70.9800033569336,71.9800033569336,70.16999816894531,71.06999969482422,2088200,0.0,0.0
2020-05-04 00:00:00-04:00,69.98999786376953,71.72000122070312,69.41000366210938,71.68000030517578,1932800,0.0,0.0
2020-05-05 00:00:00-04:00,73.04000091552734,74.4800033569336,72.76000213623047,72.97000122070312,1551000,0.0,0.0
2020-05-06 00:00:00-04:00,73.97000122070312,74.25,72.38999938964844,72.97000122070312,1445800,0.0,0.0
2020-05-07 00:00:00-04:00,73.73999786376953,74.94999694824219,72.36000061035156,72.87000274658203,1477400,0.0,0.0
2020-05-08 00:00:00-04:00,75.01000213623047,76.94000244140625,73.81999969482422,76.69000244140625,1577100,0.0,0.0
2020-05-11 00:00:00-04:00,76.19999694824219,76.86000061035156,74.33999633789062,75.95999908447266,1010800,0.0,0.0
2020-05-12 00:00:00-04:00,77.51000213623047,78.68000030517578,74.7300033569336,74.77999877929688,1725800,0.0,0.0
2020-05-13 00:00:00-04:00,74.41000366210938,74.98999786376953,72.44000244140625,73.94999694824219,1661300,0.0,0.0
2020-05-14 00:00:00-04:00,71.2300033569336,75.25,70.72000122070312,75.16999816894531,1371800,0.0,0.0
2020-05-15 00:00:00-04:00,74.12000274658203,75.97000122070312,72.97000122070312,75.80000305175781,1492100,0.0,0.0
2020-05-18 00:00:00-04:00,80.0199966430664,83.76000213623047,79.58000183105469,79.75,2049900,0.0,0.0
2020-05-19 00:00:00-04:00,79.66000366210938,81.19000244140625,78.41999816894531,78.94999694824219,1060100,0.0,0.0
2020-05-20 00:00:00-04:00,79.79000091552734,80.56999969482422,77.91999816894531,78.3499984741211,1251300,0.0,0.0
2020-05-21 00:00:00-04:00,78.55999755859375,80.52999877929688,77.79000091552734,80.41999816894531,969400,0.0,0.0
2020-05-22 00:00:00-04:00,80.68000030517578,81.79000091552734,79.76000213623047,81.55000305175781,1429400,0.0,0.0
2020-05-26 00:00:00-04:00,84.80000305175781,86.37000274658203,83.66999816894531,85.22000122070312,1776700,0.0,0.0
2020-05-27 00:00:00-04:00,87.81999969482422,89.80000305175781,86.05999755859375,89.20999908447266,2217300,0.0,0.0
2020-05-28 00:00:00-04:00,90.05999755859375,90.73999786376953,88.0,88.68000030517578,2034900,0.0,0.0
2020-05-29 00:00:00-04:00,87.51000213623047,89.69000244140625,85.93000030517578,88.05000305175781,1927800,0.0,0.0
2020-06-01 00:00:00-04:00,89.5999984741211,91.44999694824219,89.36000061035156,90.08999633789062,1735000,0.0,0.0
2020-06-02 00:00:00-04:00,91.16000366210938,92.0999984741211,89.87000274658203,92.02999877929688,1339600,0.0,0.0
2020-06-03 00:00:00-04:00,92.54000091552734,94.87000274658203,92.33000183105469,94.80000305175781,1252600,0.0,0.0
2020-06-04 00:00:00-04:00,93.69999694824219,94.91000366210938,92.48999786376953,93.12999725341797,1389800,0.0,0.0
2020-06-05 00:00:00-04:00,96.38999938964844,97.77999877929688,94.23999786376953,95.93000030517578,2024600,0.0,0.0
2020-06-08 00:00:00-04:00,97.05000305175781,98.44999694824219,96.88999938964844,98.3499984741211,1526800,0.0,0.0
2020-06-09 00:00:00-04:00,96.62999725341797,96.6500015258789,93.94999694824219,94.91999816894531,1763300,0.0,0.0
2020-06-10 00:00:00-04:00,94.7300033569336,94.7300033569336,90.83000183105469,91.98999786376953,1923700,0.0,0.0
2020-06-11 00:00:00-04:00,88.66999816894531,89.66000366210938,85.62999725341797,87.29000091552734,2155200,0.0,0.0
2020-06-12 00:00:00-04:00,91.0,92.0,87.63999938964844,89.9800033569336,1412900,0.0,0.0
2020-06-15 00:00:00-04:00,86.62000274658203,93.68000030517578,86.30000305175781,92.83000183105469,1648300,0.0,0.0
2020-06-16 00:00:00-04:00,96.5999984741211,97.76000213623047,94.05000305175781,96.36000061035156,1534100,0.0,0.0
2020-06-17 00:00:00-04:00,96.4800033569336,97.9800033569336,95.27999877929688,96.98999786376953,1348300,0.0,0.0
2020-06-18 00:00:00-04:00,96.01000213623047,98.69000244140625,95.95999908447266,97.91000366210938,1931900,0.0,0.0
2020-06-19 00:00:00-04:00,98.44999694824219,98.95999908447266,89.68000030517578,91.87000274658203,6567900,0.0,0.0
2020-06-22 00:00:00-04:00,92.5,94.79000091552734,91.70999908447266,93.95999908447266,2147700,0.0,0.0
2020-06-23 00:00:00-04:00,95.0,95.38999938964844,91.04000091552734,92.20999908447266,2191600,0.0,0.0
2020-06-24 00:00:00-04:00,91.0,92.62000274658203,88.51000213623047,89.44999694824219,1733800,0.0,0.0
2020-06-25 00:00:00-04:00,89.20999908447266,89.95999908447266,88.30999755859375,89.58999633789062,1683100,0.0,0.0
2020-06-26 00:00:00-04:00,89.37000274658203,89.8499984741211,86.12000274658203,86.58000183105469,2826600,0.0,0.0
2020-06-29 00:00:00-04:00,87.80000305175781,89.06999969482422,85.41999816894531,88.9800033569336,932000,0.0,0.0
2020-06-30 00:00:00-04:00,88.66000366210938,90.47000122070312,88.08000183105469,89.55000305175781,987300,0.0,0.0
2020-07-01 00:00:00-04:00,89.27999877929688,90.94000244140625,88.33999633789062,89.0199966430664,935000,0.0,0.0
2020-07-02 00:00:00-04:00,91.1500015258789,92.37999725341797,88.52999877929688,89.22000122070312,1255200,0.0,0.0
2020-07-06 00:00:00-04:00,90.58000183105469,91.69000244140625,89.56999969482422,90.37999725341797,1248700,0.0,0.0
2020-07-07 00:00:00-04:00,89.87000274658203,90.52999877929688,87.94000244140625,88.58999633789062,1275100,0.0,0.0
2020-07-08 00:00:00-04:00,88.73999786376953,89.63999938964844,87.66999816894531,88.69999694824219,1065500,0.0,0.0
2020-07-09 00:00:00-04:00,88.69000244140625,89.5,85.70999908447266,86.2300033569336,1440300,0.0,0.0
2020-07-10 00:00:00-04:00,86.44999694824219,88.20999908447266,85.87999725341797,88.19000244140625,968600,0.0,0.0
2020-07-13 00:00:00-04:00,89.06999969482422,90.33000183105469,87.19000244140625,87.27999877929688,1328100,0.0,0.0
2020-07-14 00:00:00-04:00,86.94999694824219,91.51000213623047,86.76000213623047,91.3499984741211,1131100,0.0,0.0
2020-07-15 00:00:00-04:00,92.58000183105469,95.05999755859375,92.18000030517578,95.04000091552734,1437800,0.0,0.0
2020-07-16 00:00:00-04:00,94.83999633789062,95.72000122070312,93.91000366210938,95.22000122070312,1023900,0.0,0.0
2020-07-17 00:00:00-04:00,95.55999755859375,95.95999908447266,94.55999755859375,95.0199966430664,927500,0.0,0.0
2020-07-20 00:00:00-04:00,94.20999908447266,94.54000091552734,92.55000305175781,93.3499984741211,982900,0.0,0.0
2020-07-21 00:00:00-04:00,93.80999755859375,96.31999969482422,93.70999908447266,95.2699966430664,847200,0.0,0.0
2020-07-22 00:00:00-04:00,95.30000305175781,98.19999694824219,95.30000305175781,97.8499984741211,1387200,0.0,0.0
2020-07-23 00:00:00-04:00,98.52999877929688,99.95999908447266,96.91999816894531,97.77999877929688,1323300,0.0,0.0
2020-07-24 00:00:00-04:00,97.05999755859375,98.26000213623047,96.51000213623047,97.45999908447266,933000,0.0,0.0
2020-07-27 00:00:00-04:00,97.87999725341797,98.3499984741211,96.55999755859375,97.7699966430664,961100,0.0,0.0
2020-07-28 00:00:00-04:00,97.44999694824219,99.44000244140625,97.05000305175781,97.16999816894531,926000,0.0,0.0
2020-07-29 00:00:00-04:00,97.51000213623047,99.16999816894531,97.4800033569336,98.68000030517578,1358300,0.0,0.0
2020-07-30 00:00:00-04:00,98.0,98.83999633789062,97.38999938964844,98.33000183105469,1267200,0.0,0.0
2020-07-31 00:00:00-04:00,98.55999755859375,98.69000244140625,96.05000305175781,96.97000122070312,1104700,0.0,0.0
2020-08-03 00:00:00-04:00,97.36000061035156,98.27999877929688,96.47000122070312,97.4000015258789,892600,0.0,0.0
2020-08-04 00:00:00-04:00,97.26000213623047,100.69999694824219,97.26000213623047,99.36000061035156,1444200,0.0,0.0
2020-08-05 00:00:00-04:00,100.30000305175781,101.11000061035156,99.44999694824219,100.36000061035156,954200,0.0,0.0
2020-08-06 00:00:00-04:00,99.68000030517578,101.1500015258789,99.18000030517578,100.6500015258789,1085500,0.0,0.0
2020-08-07 00:00:00-04:00,99.76000213623047,100.63999938964844,99.11000061035156,100.27999877929688,859700,0.0,0.0
2020-08-10 00:00:00-04:00,100.51000213623047,102.7699966430664,100.51000213623047,102.19999694824219,1375100,0.0,0.0
2020-08-11 00:00:00-04:00,103.0,104.83000183105469,102.5,103.98999786376953,1383800,0.0,0.0
2020-08-12 00:00:00-04:00,104.69999694824219,106.73999786376953,104.36000061035156,106.23999786376953,1484400,0.0,0.0
2020-08-13 00:00:00-04:00,105.45999908447266,105.86000061035156,104.08000183105469,104.36000061035156,831100,0.0,0.0
2020-08-14 00:00:00-04:00,104.5999984741211,104.93000030517578,103.58999633789062,104.3499984741211,575800,0.0,0.0
2020-08-17 00:00:00-04:00,104.2699966430664,106.4000015258789,104.2699966430664,105.62000274658203,1178600,0.0,0.0
2020-08-18 00:00:00-04:00,106.87000274658203,107.43000030517578,105.66000366210938,106.62999725341797,1236500,0.0,0.0
2020-08-19 00:00:00-04:00,107.06999969482422,107.5,105.70999908447266,106.77999877929688,788300,0.0,0.0
2020-08-20 00:00:00-04:00,105.69999694824219,107.66000366210938,105.41000366210938,106.12000274658203,640800,0.0,0.0
2020-08-21 00:00:00-04:00,106.12999725341797,107.41000366210938,105.63999938964844,106.91999816894531,677400,0.0,0.0
2020-08-24 00:00:00-04:00,107.80000305175781,108.9800033569336,106.94000244140625,108.80000305175781,651800,0.0,0.0
2020-08-25 00:00:00-04:00,108.81999969482422,109.30999755859375,106.98999786376953,107.04000091552734,657200,0.0,0.0
2020-08-26 00:00:00-04:00,106.87999725341797,107.66000366210938,106.36000061035156,107.2300033569336,605800,0.0,0.0
2020-08-27 00:00:00-04:00,107.77999877929688,108.41000366210938,106.26000213623047,106.54000091552734,736200,0.0,0.0
2020-08-28 00:00:00-04:00,107.08999633789062,107.88999938964844,106.44999694824219,107.25,624400,0.0,0.0
2020-08-31 00:00:00-04:00,107.29000091552734,107.7699966430664,106.18000030517578,106.93000030517578,1021800,0.0,0.0
2020-09-01 00:00:00-04:00,106.61000061035156,109.1500015258789,105.9000015258789,108.58000183105469,1087700,0.0,0.0
2020-09-02 00:00:00-04:00,108.48999786376953,109.05999755859375,106.63999938964844,108.5999984741211,1098300,0.0,0.0
2020-09-03 00:00:00-04:00,108.58000183105469,108.58999633789062,104.27999877929688,106.31999969482422,925200,0.0,0.0
2020-09-04 00:00:00-04:00,106.66000366210938,108.12000274658203,104.29000091552734,105.58000183105469,625500,0.0,0.0
2020-09-08 00:00:00-04:00,104.23999786376953,107.11000061035156,103.44000244140625,104.62000274658203,1336900,0.0,0.0
2020-09-09 00:00:00-04:00,105.01000213623047,105.83999633789062,103.91999816894531,105.1500015258789,1914700,0.0,0.0
2020-09-10 00:00:00-04:00,105.0,106.47000122070312,102.37000274658203,102.45999908447266,1029100,0.0,0.0
2020-09-11 00:00:00-04:00,102.88999938964844,103.05000305175781,101.08999633789062,101.62999725341797,1279800,0.0,0.0
2020-09-14 00:00:00-04:00,101.86000061035156,105.08999633789062,101.72000122070312,104.80000305175781,1108300,0.0,0.0
2020-09-15 00:00:00-04:00,105.98999786376953,106.44000244140625,104.76000213623047,105.01000213623047,914600,0.0,0.0
2020-09-16 00:00:00-04:00,105.69000244140625,106.0,104.31999969482422,104.51000213623047,948500,0.0,0.0
2020-09-17 00:00:00-04:00,103.2300033569336,104.2300033569336,102.1500015258789,102.98999786376953,839300,0.0,0.0
2020-09-18 00:00:00-04:00,102.45999908447266,104.75,102.44999694824219,103.06999969482422,1224500,0.0,0.0
2020-09-21 00:00:00-04:00,102.11000061035156,102.11000061035156,99.37999725341797,101.12000274658203,1251600,0.0,0.0
2020-09-22 00:00:00-04:00,104.4000015258789,105.77999877929688,103.51000213623047,104.30000305175781,1778900,0.0,0.0
2020-09-23 00:00:00-04:00,108.27999877929688,108.8499984741211,105.86000061035156,105.93000030517578,3925400,0.0,0.0
2020-09-24 00:00:00-04:00,100.0999984741211,100.25,91.69999694824219,94.27999877929688,7406400,0.0,0.0
2020-09-25 00:00:00-04:00,95.25,95.51000213623047,92.5,94.02999877929688,3435000,0.0,0.0
2020-09-28 00:00:00-04:00,95.87999725341797,96.27999877929688,94.44000244140625,95.05000305175781,1685700,0.0,0.0
2020-09-29 00:00:00-04:00,94.70999908447266,94.88999938964844,92.6500015258789,93.08000183105469,2104200,0.0,0.0
2020-09-30 00:00:00-04:00,93.02999877929688,93.48999786376953,91.13999938964844,91.91000366210938,2718800,0.0,0.0
2020-10-01 00:00:00-04:00,92.83999633789062,93.52999877929688,91.12999725341797,93.48999786376953,1764600,0.0,0.0
2020-10-02 00:00:00-04:00,93.55000305175781,95.86000061035156,93.02999877929688,95.55000305175781,2556300,0.0,0.0
2020-10-05 00:00:00-04:00,96.94999694824219,99.19000244140625,96.45999908447266,97.91000366210938,2243600,0.0,0.0
2020-10-06 00:00:00-04:00,98.81999969482422,98.83999633789062,93.0,93.1500015258789,2021200,0.0,0.0
2020-10-07 00:00:00-04:00,93.86000061035156,95.04000091552734,93.44000244140625,94.0999984741211,1542100,0.0,0.0
2020-10-08 00:00:00-04:00,94.56999969482422,96.0999984741211,93.52999877929688,95.94000244140625,764100,0.0,0.0
2020-10-09 00:00:00-04:00,96.80000305175781,97.29000091552734,94.6500015258789,94.95999908447266,2174900,0.0,0.0
2020-10-12 00:00:00-04:00,94.9800033569336,95.19999694824219,92.48999786376953,92.51000213623047,1878900,0.0,0.0
2020-10-13 00:00:00-04:00,92.5199966430664,95.44000244140625,92.12000274658203,93.12999725341797,2132500,0.0,0.0
2020-10-14 00:00:00-04:00,93.73999786376953,93.91999816894531,91.30999755859375,91.58000183105469,1963400,0.0,0.0
2020-10-15 00:00:00-04:00,90.5,93.7300033569336,90.25,93.12000274658203,1674300,0.0,0.0
2020-10-16 00:00:00-04:00,93.37999725341797,94.33000183105469,92.51000213623047,93.73999786376953,1251800,0.0,0.0
2020-10-19 00:00:00-04:00,94.76000213623047,95.76000213623047,91.93000030517578,92.04000091552734,1063600,0.0,0.0
2020-10-20 00:00:00-04:00,92.23999786376953,92.7699966430664,91.08000183105469,91.12999725341797,1178300,0.0,0.0
2020-10-21 00:00:00-04:00,93.06999969482422,93.88999938964844,89.68000030517578,89.80999755859375,1083600,0.0,0.0
2020-10-22 00:00:00-04:00,89.52999877929688,91.68000030517578,89.0,91.41999816894531,1075500,0.0,0.0
2020-10-23 00:00:00-04:00,91.91999816894531,92.04000091552734,89.58999633789062,90.94999694824219,950200,0.0,0.0
2020-10-26 00:00:00-04:00,90.13999938964844,90.3499984741211,87.2699966430664,88.79000091552734,1317300,0.0,0.0
2020-10-27 00:00:00-04:00,89.13999938964844,89.43000030517578,87.25,87.44000244140625,1267300,0.0,0.0
2020-10-28 00:00:00-04:00,85.02999877929688,88.45999908447266,84.69999694824219,87.87999725341797,1414000,0.0,0.0
2020-10-29 00:00:00-04:00,87.52999877929688,88.73999786376953,86.47000122070312,88.20999908447266,1381500,0.0,0.0
2020-10-30 00:00:00-04:00,87.41000366210938,88.44000244140625,85.79000091552734,86.44000244140625,1322600,0.0,0.0
2020-11-02 00:00:00-05:00,87.19999694824219,89.16000366210938,87.11000061035156,89.08000183105469,1174100,0.0,0.0
2020-11-03 00:00:00-05:00,90.12999725341797,93.95999908447266,90.12999725341797,93.12000274658203,1154700,0.0,0.0
2020-11-04 00:00:00-05:00,91.8499984741211,94.19000244140625,91.54000091552734,91.55000305175781,1056600,0.0,0.0
2020-11-05 00:00:00-05:00,92.91999816894531,94.2699966430664,92.44000244140625,93.31999969482422,718100,0.0,0.0
2020-11-06 00:00:00-05:00,93.62999725341797,93.76000213623047,92.11000061035156,92.75,682600,0.0,0.0
2020-11-09 00:00:00-05:00,96.69999694824219,101.16000366210938,95.83999633789062,95.97000122070312,1499000,0.0,0.0
2020-11-10 00:00:00-05:00,96.20999908447266,96.6500015258789,92.94000244140625,94.30999755859375,1367600,0.0,0.0
2020-11-11 00:00:00-05:00,94.38999938964844,94.93000030517578,92.69999694824219,93.41999816894531,1171400,0.0,0.0
2020-11-12 00:00:00-05:00,92.87999725341797,93.95999908447266,91.66000366210938,93.0999984741211,1083100,0.0,0.0
2020-11-13 00:00:00-05:00,93.87000274658203,95.70999908447266,93.77999877929688,95.4800033569336,924800,0.0,0.0
2020-11-16 00:00:00-05:00,97.27999877929688,98.2300033569336,95.08999633789062,97.58999633789062,886000,0.0,0.0
2020-11-17 00:00:00-05:00,96.79000091552734,96.79000091552734,94.30999755859375,94.7300033569336,1211700,0.0,0.0
2020-11-18 00:00:00-05:00,94.52999877929688,95.55000305175781,92.72000122070312,92.81999969482422,1394800,0.0,0.0
2020-11-19 00:00:00-05:00,92.68000030517578,94.55000305175781,92.05999755859375,94.52999877929688,959400,0.0,0.0
2020-11-20 00:00:00-05:00,94.45999908447266,95.37000274658203,93.76000213623047,94.55000305175781,1176000,0.0,0.0
2020-11-23 00:00:00-05:00,95.5,97.19999694824219,94.87999725341797,96.44000244140625,1249100,0.0,0.0
2020-11-24 00:00:00-05:00,97.36000061035156,97.81999969482422,95.81999969482422,96.04000091552734,1083200,0.0,0.0
2020-11-25 00:00:00-05:00,95.19999694824219,95.7699966430664,93.94000244140625,95.29000091552734,834600,0.0,0.0
2020-11-27 00:00:00-05:00,95.54000091552734,96.87000274658203,94.87999725341797,95.37000274658203,394100,0.0,0.0
2020-11-30 00:00:00-05:00,94.91000366210938,95.94999694824219,92.6500015258789,93.4800033569336,986100,0.0,0.0
2020-12-01 00:00:00-05:00,94.43000030517578,96.30999755859375,93.56999969482422,96.13999938964844,1301800,0.0,0.0
2020-12-02 00:00:00-05:00,95.47000122070312,96.69000244140625,93.30000305175781,96.47000122070312,1414200,0.0,0.0
2020-12-03 00:00:00-05:00,96.2699966430664,97.33999633789062,95.6500015258789,96.2699966430664,882100,0.0,0.0
2020-12-04 00:00:00-05:00,96.62000274658203,97.08999633789062,95.6500015258789,96.5,1007400,0.0,0.0
2020-12-07 00:00:00-05:00,96.43000030517578,97.30000305175781,95.58000183105469,96.05999755859375,1112500,0.0,0.0
2020-12-08 00:00:00-05:00,95.18000030517578,95.7699966430664,93.9000015258789,94.37999725341797,1219700,0.0,0.0
2020-12-09 00:00:00-05:00,92.87000274658203,95.08999633789062,92.16000366210938,94.87000274658203,1527100,0.0,0.0
2020-12-10 00:00:00-05:00,94.23999786376953,95.22000122070312,93.55000305175781,94.33999633789062,737900,0.0,0.0
2020-12-11 00:00:00-05:00,93.9000015258789,94.94999694824219,93.38999938964844,93.93000030517578,807700,0.0,0.0
2020-12-14 00:00:00-05:00,94.94000244140625,95.41000366210938,92.30000305175781,92.54000091552734,1455900,0.0,0.0
2020-12-15 00:00:00-05:00,93.87999725341797,96.37999725341797,93.80999755859375,96.12999725341797,1061900,0.0,0.0
2020-12-16 00:00:00-05:00,96.54000091552734,99.55000305175781,96.16000366210938,99.08000183105469,1567900,0.0,0.0
2020-12-17 00:00:00-05:00,98.72000122070312,99.9000015258789,97.01000213623047,99.79000091552734,1545000,0.0,0.0
2020-12-18 00:00:00-05:00,99.37000274658203,100.44000244140625,97.94000244140625,98.25,3965300,0.0,0.0
2020-12-21 00:00:00-05:00,97.5199966430664,100.68000030517578,97.20999908447266,100.45999908447266,2899700,0.0,0.0
2020-12-22 00:00:00-05:00,96.62000274658203,98.83000183105469,91.83000183105469,92.33000183105469,9158500,0.0,0.0
2020-12-23 00:00:00-05:00,92.94000244140625,94.01000213623047,92.0,93.18000030517578,2539300,0.0,0.0
2020-12-24 00:00:00-05:00,93.27999877929688,93.47000122070312,91.25,92.30000305175781,1042300,0.0,0.0
2020-12-28 00:00:00-05:00,92.83999633789062,92.83999633789062,90.87999725341797,91.0,1346100,0.0,0.0
2020-12-29 00:00:00-05:00,91.01000213623047,92.44999694824219,90.30000305175781,92.23999786376953,1225100,0.0,0.0
2020-12-30 00:00:00-05:00,91.79000091552734,94.8499984741211,91.75,94.62000274658203,1307800,0.0,0.0
2020-12-31 00:00:00-05:00,94.18000030517578,95.0,92.88999938964844,94.45999908447266,1171100,0.0,0.0
2021-01-04 00:00:00-05:00,94.30000305175781,94.37000274658203,92.12999725341797,93.30000305175781,1665400,0.0,0.0
2021-01-05 00:00:00-05:00,93.23999786376953,94.30999755859375,92.36000061035156,94.19999694824219,1532400,0.0,0.0
2021-01-06 00:00:00-05:00,94.05000305175781,98.33999633789062,94.05000305175781,97.95999908447266,1710400,0.0,0.0
2021-01-07 00:00:00-05:00,98.62000274658203,100.61000061035156,97.43000030517578,100.30000305175781,1819300,0.0,0.0
2021-01-08 00:00:00-05:00,100.33000183105469,103.1500015258789,100.33000183105469,102.0999984741211,1608100,0.0,0.0
2021-01-11 00:00:00-05:00,101.04000091552734,104.70999908447266,100.87999725341797,104.63999938964844,1049400,0.0,0.0
2021-01-12 00:00:00-05:00,104.26000213623047,106.63999938964844,103.86000061035156,106.5,1321400,0.0,0.0
2021-01-13 00:00:00-05:00,106.66000366210938,108.22000122070312,105.44000244140625,105.48999786376953,1289000,0.0,0.0
2021-01-14 00:00:00-05:00,105.93000030517578,107.2300033569336,105.2300033569336,106.3499984741211,973400,0.0,0.0
2021-01-15 00:00:00-05:00,105.37999725341797,107.0,104.86000061035156,106.44000244140625,1028800,0.0,0.0
2021-01-19 00:00:00-05:00,108.97000122070312,116.69999694824219,107.30000305175781,116.43000030517578,2771800,0.0,0.0
2021-01-20 00:00:00-05:00,117.05999755859375,124.91000366210938,116.7699966430664,122.79000091552734,4015400,0.0,0.0
2021-01-21 00:00:00-05:00,122.93000030517578,123.69999694824219,119.86000061035156,120.29000091552734,1961200,0.0,0.0
2021-01-22 00:00:00-05:00,119.77999877929688,120.4800033569336,117.69999694824219,118.63999938964844,1349600,0.0,0.0
2021-01-25 00:00:00-05:00,119.0199966430664,122.11000061035156,118.6500015258789,120.95999908447266,1777500,0.0,0.0
2021-01-26 00:00:00-05:00,121.26000213623047,128.5800018310547,121.08000183105469,127.79000091552734,2606100,0.0,0.0
2021-01-27 00:00:00-05:00,125.80999755859375,126.19999694824219,120.31999969482422,121.44999694824219,2598100,0.0,0.0
2021-01-28 00:00:00-05:00,121.48999786376953,123.52999877929688,120.20999908447266,121.29000091552734,1785600,0.0,0.0
2021-01-29 00:00:00-05:00,120.33999633789062,120.9800033569336,116.7699966430664,117.77999877929688,1508500,0.0,0.0
2021-02-01 00:00:00-05:00,119.61000061035156,120.0,116.73999786376953,116.91000366210938,1552900,0.0,0.0
2021-02-02 00:00:00-05:00,118.16000366210938,123.55999755859375,117.55999755859375,123.04000091552734,1360100,0.0,0.0
2021-02-03 00:00:00-05:00,122.81999969482422,124.08999633789062,121.29000091552734,123.30999755859375,880800,0.0,0.0
2021-02-04 00:00:00-05:00,123.76000213623047,126.0,123.47000122070312,125.66000366210938,869300,0.0,0.0
2021-02-05 00:00:00-05:00,126.91000366210938,127.48999786376953,125.55000305175781,126.16999816894531,1103300,0.0,0.0
2021-02-08 00:00:00-05:00,126.52999877929688,128.5500030517578,126.52999877929688,126.8499984741211,724000,0.0,0.0
2021-02-09 00:00:00-05:00,126.44000244140625,126.44000244140625,125.02999877929688,125.41999816894531,678700,0.0,0.0
2021-02-10 00:00:00-05:00,125.54000091552734,127.12999725341797,125.1500015258789,125.41999816894531,906000,0.0,0.0
2021-02-11 00:00:00-05:00,125.55000305175781,127.80000305175781,125.05000305175781,126.83999633789062,477500,0.0,0.0
2021-02-12 00:00:00-05:00,125.52999877929688,126.63999938964844,124.76000213623047,125.0999984741211,659900,0.0,0.0
2021-02-16 00:00:00-05:00,125.87000274658203,127.02999877929688,122.2699966430664,122.36000061035156,1181600,0.0,0.0
2021-02-17 00:00:00-05:00,121.75,123.16000366210938,119.52999877929688,122.51000213623047,927300,0.0,0.0
2021-02-18 00:00:00-05:00,121.70999908447266,122.47000122070312,119.37000274658203,120.23999786376953,982800,0.0,0.0
2021-02-19 00:00:00-05:00,120.80000305175781,122.7699966430664,120.69000244140625,121.31999969482422,923100,0.0,0.0
2021-02-22 00:00:00-05:00,120.77999877929688,121.58000183105469,119.31999969482422,119.37999725341797,751300,0.0,0.0
2021-02-23 00:00:00-05:00,118.80999755859375,119.54000091552734,115.56999969482422,119.26000213623047,760600,0.0,0.0
2021-02-24 00:00:00-05:00,119.26000213623047,121.98999786376953,119.0,121.83999633789062,774800,0.0,0.0
2021-02-25 00:00:00-05:00,121.8499984741211,124.19000244140625,118.26000213623047,118.91999816894531,982500,0.0,0.0
2021-02-26 00:00:00-05:00,119.29000091552734,122.0199966430664,118.4800033569336,119.51000213623047,1397900,0.0,0.0
2021-03-01 00:00:00-05:00,120.80999755859375,122.61000061035156,120.5,121.38999938964844,1578500,0.0,0.0
2021-03-02 00:00:00-05:00,121.58999633789062,121.91000366210938,119.62000274658203,120.9800033569336,1039300,0.0,0.0
2021-03-03 00:00:00-05:00,120.08999633789062,123.08999633789062,119.54000091552734,121.80000305175781,975200,0.0,0.0
2021-03-04 00:00:00-05:00,121.08999633789062,122.48999786376953,117.30000305175781,120.30000305175781,843300,0.0,0.0
2021-03-05 00:00:00-05:00,122.13999938964844,123.62999725341797,118.62000274658203,123.19999694824219,1622400,0.0,0.0
2021-03-08 00:00:00-05:00,123.66000366210938,129.9600067138672,123.37999725341797,129.1699981689453,1824200,0.0,0.0
2021-03-09 00:00:00-05:00,129.83999633789062,132.5399932861328,128.52999877929688,128.6699981689453,1722800,0.0,0.0
2021-03-10 00:00:00-05:00,130.1300048828125,135.1199951171875,129.63999938964844,133.5500030517578,1068300,0.0,0.0
2021-03-11 00:00:00-05:00,134.0399932861328,136.33999633789062,132.77000427246094,132.97000122070312,1135800,0.0,0.0
2021-03-12 00:00:00-05:00,133.22000122070312,135.07000732421875,132.24000549316406,133.75999450683594,735200,0.0,0.0
2021-03-15 00:00:00-04:00,133.47000122070312,134.5399932861328,132.5500030517578,134.35000610351562,1025100,0.0,0.0
2021-03-16 00:00:00-04:00,133.85000610351562,133.85000610351562,130.30999755859375,131.1199951171875,1065900,0.0,0.0
2021-03-17 00:00:00-04:00,131.5,132.35000610351562,130.19000244140625,132.0500030517578,823200,0.0,0.0
2021-03-18 00:00:00-04:00,131.88999938964844,136.42999267578125,130.91000366210938,134.55999755859375,1111200,0.0,0.0
2021-03-19 00:00:00-04:00,134.41000366210938,134.41000366210938,131.24000549316406,133.24000549316406,1811000,0.0,0.0
2021-03-22 00:00:00-04:00,133.49000549316406,133.99000549316406,130.41000366210938,132.3000030517578,818400,0.0,0.0
2021-03-23 00:00:00-04:00,131.55999755859375,132.3800048828125,130.55999755859375,131.02000427246094,685900,0.0,0.0
2021-03-24 00:00:00-04:00,131.02000427246094,132.6999969482422,128.16000366210938,128.35000610351562,1015300,0.0,0.0
2021-03-25 00:00:00-04:00,127.38999938964844,131.44000244140625,126.37000274658203,130.60000610351562,1158300,0.0,0.0
2021-03-26 00:00:00-04:00,132.3000030517578,133.94000244140625,130.97999572753906,133.80999755859375,659500,0.0,0.0
2021-03-29 00:00:00-04:00,135.3300018310547,136.4499969482422,133.08999633789062,134.57000732421875,1017900,0.0,0.0
2021-03-30 00:00:00-04:00,135.22999572753906,136.5399932861328,134.4199981689453,135.8300018310547,1408400,0.0,0.0
2021-03-31 00:00:00-04:00,133.41000366210938,135.4199981689453,132.5,132.66000366210938,1680100,0.0,0.0
2021-04-01 00:00:00-04:00,126.44999694824219,129.25,122.55999755859375,123.30999755859375,4638100,0.0,0.0
2021-04-05 00:00:00-04:00,125.56999969482422,128.52000427246094,122.86000061035156,128.05999755859375,2047300,0.0,0.0
2021-04-06 00:00:00-04:00,127.27999877929688,127.83000183105469,124.69000244140625,126.33000183105469,1516500,0.0,0.0
2021-04-07 00:00:00-04:00,126.04000091552734,127.44000244140625,124.83999633789062,126.0999984741211,865000,0.0,0.0
2021-04-08 00:00:00-04:00,126.08000183105469,128.24000549316406,124.69000244140625,128.14999389648438,1015700,0.0,0.0
2021-04-09 00:00:00-04:00,128.89999389648438,132.1199951171875,128.14999389648438,131.6300048828125,1095900,0.0,0.0
2021-04-12 00:00:00-04:00,131.25,132.35000610351562,130.47999572753906,132.10000610351562,1164000,0.0,0.0
2021-04-13 00:00:00-04:00,131.5,131.5,128.83999633789062,130.14999389648438,1228100,0.0,0.0
2021-04-14 00:00:00-04:00,130.67999267578125,131.88999938964844,129.44000244140625,129.6199951171875,766500,0.0,0.0
2021-04-15 00:00:00-04:00,129.02999877929688,129.7899932861328,127.79000091552734,129.19000244140625,722700,0.0,0.0
2021-04-16 00:00:00-04:00,130.30999755859375,130.60000610351562,129.19000244140625,129.97000122070312,660800,0.0,0.0
2021-04-19 00:00:00-04:00,130.0,130.3800048828125,128.82000732421875,130.10000610351562,708700,0.0,0.0
2021-04-20 00:00:00-04:00,130.5,130.88999938964844,126.4000015258789,127.80000305175781,680800,0.0,0.0
2021-04-21 00:00:00-04:00,127.52999877929688,129.52999877929688,126.86000061035156,128.92999267578125,532500,0.0,0.0
2021-04-22 00:00:00-04:00,129.7899932861328,130.8300018310547,128.3000030517578,129.0500030517578,683500,0.0,0.0
2021-04-23 00:00:00-04:00,129.69000244140625,131.60000610351562,128.36000061035156,131.0800018310547,583000,0.0,0.0
2021-04-26 00:00:00-04:00,131.99000549316406,132.3300018310547,130.30999755859375,131.42999267578125,1112700,0.0,0.0
2021-04-27 00:00:00-04:00,131.42999267578125,134.19000244140625,131.22999572753906,133.0500030517578,638400,0.0,0.0
2021-04-28 00:00:00-04:00,132.80999755859375,134.8000030517578,132.22000122070312,134.08999633789062,586700,0.0,0.0
2021-04-29 00:00:00-04:00,134.97999572753906,136.0,131.8699951171875,133.19000244140625,562800,0.0,0.0
2021-04-30 00:00:00-04:00,132.64999389648438,133.5,131.88999938964844,133.24000549316406,768100,0.0,0.0
2021-05-03 00:00:00-04:00,134.25,138.0,134.1999969482422,136.94000244140625,1343800,0.0,0.0
2021-05-04 00:00:00-04:00,136.8800048828125,137.9499969482422,134.99000549316406,137.41000366210938,895000,0.0,0.0
2021-05-05 00:00:00-04:00,138.0,138.77000427246094,137.1300048828125,137.89999389648438,1033100,0.0,0.0
2021-05-06 00:00:00-04:00,137.97999572753906,138.02000427246094,128.25,130.2899932861328,2555500,0.0,0.0
2021-05-07 00:00:00-04:00,129.77000427246094,130.6699981689453,128.52000427246094,129.99000549316406,1387300,0.0,0.0
2021-05-10 00:00:00-04:00,130.63999938964844,130.75999450683594,127.72000122070312,127.91000366210938,1251500,0.0,0.0
2021-05-11 00:00:00-04:00,126.69000244140625,127.26000213623047,122.73999786376953,123.41999816894531,1440400,0.0,0.0
2021-05-12 00:00:00-04:00,122.5,122.80000305175781,118.0199966430664,118.06999969482422,1192400,0.0,0.0
2021-05-13 00:00:00-04:00,118.4000015258789,122.08000183105469,117.33000183105469,121.11000061035156,1316400,0.0,0.0
2021-05-14 00:00:00-04:00,122.41999816894531,125.43000030517578,122.11000061035156,124.83000183105469,897700,0.0,0.0
2021-05-17 00:00:00-04:00,124.79000091552734,125.0,123.04000091552734,124.44000244140625,646400,0.0,0.0
2021-05-18 00:00:00-04:00,123.95999908447266,124.54000091552734,119.91000366210938,120.16000366210938,1163900,0.0,0.0
2021-05-19 00:00:00-04:00,116.30000305175781,117.58999633789062,113.86000061035156,115.91000366210938,1548500,0.0,0.0
2021-05-20 00:00:00-04:00,115.91999816894531,117.83999633789062,114.0199966430664,117.19000244140625,1118300,0.0,0.0
2021-05-21 00:00:00-04:00,118.02999877929688,119.06999969482422,116.44999694824219,116.68000030517578,1147100,0.0,0.0
2021-05-24 00:00:00-04:00,116.0,116.2699966430664,113.05999755859375,113.87999725341797,1909500,0.0,0.0
2021-05-25 00:00:00-04:00,114.62000274658203,115.30999755859375,112.8499984741211,113.37000274658203,1705000,0.0,0.0
2021-05-26 00:00:00-04:00,113.38999938964844,115.33999633789062,112.97000122070312,114.79000091552734,1174500,0.0,0.0
2021-05-27 00:00:00-04:00,116.06999969482422,116.63999938964844,114.75,115.79000091552734,849200,0.0,0.0
2021-05-28 00:00:00-04:00,116.16000366210938,116.19999694824219,115.0999984741211,115.19000244140625,535100,0.0,0.0
2021-06-01 00:00:00-04:00,117.4000015258789,118.11000061035156,116.08000183105469,116.69999694824219,865400,0.0,0.0
2021-06-02 00:00:00-04:00,116.9800033569336,117.80000305175781,114.25,114.69999694824219,1109600,0.0,0.0
2021-06-03 00:00:00-04:00,114.16000366210938,114.83999633789062,113.08999633789062,113.80999755859375,828300,0.0,0.0
2021-06-04 00:00:00-04:00,114.80999755859375,114.80999755859375,112.62999725341797,114.05000305175781,565500,0.0,0.0
2021-06-07 00:00:00-04:00,114.01000213623047,115.05000305175781,112.62999725341797,114.55999755859375,874300,0.0,0.0
2021-06-08 00:00:00-04:00,114.5199966430664,115.87000274658203,113.11000061035156,115.02999877929688,762700,0.0,0.0
2021-06-09 00:00:00-04:00,114.88999938964844,115.7300033569336,114.12999725341797,115.0,898400,0.0,0.0
2021-06-10 00:00:00-04:00,115.5,116.43000030517578,114.94000244140625,115.0,911400,0.0,0.0
2021-06-11 00:00:00-04:00,115.44000244140625,118.72000122070312,115.44000244140625,116.8499984741211,951500,0.0,0.0
2021-06-14 00:00:00-04:00,117.19000244140625,118.38999938964844,116.97000122070312,118.0999984741211,1133600,0.0,0.0
2021-06-15 00:00:00-04:00,117.94999694824219,119.19999694824219,117.54000091552734,118.83000183105469,1171100,0.0,0.0
2021-06-16 00:00:00-04:00,118.58000183105469,118.87000274658203,116.2699966430664,117.47000122070312,949100,0.0,0.0
2021-06-17 00:00:00-04:00,117.51000213623047,118.45999908447266,114.25,115.91999816894531,1395800,0.0,0.0
2021-06-18 00:00:00-04:00,113.18000030517578,114.72000122070312,113.05000305175781,113.16000366210938,1702100,0.0,0.0
2021-06-21 00:00:00-04:00,114.30999755859375,116.8499984741211,114.30999755859375,116.08999633789062,1030100,0.0,0.0
2021-06-22 00:00:00-04:00,116.11000061035156,117.81999969482422,115.4000015258789,117.44999694824219,1045500,0.0,0.0
2021-06-23 00:00:00-04:00,117.22000122070312,118.9800033569336,116.79000091552734,118.2699966430664,1311600,0.0,0.0
2021-06-24 00:00:00-04:00,119.25,120.7300033569336,119.08000183105469,119.43000030517578,1840500,0.0,0.0
2021-06-25 00:00:00-04:00,125.68000030517578,128.27999877929688,122.30000305175781,127.4000015258789,4464600,0.0,0.0
2021-06-28 00:00:00-04:00,127.55999755859375,129.33999633789062,124.83000183105469,129.00999450683594,1975900,0.0,0.0
2021-06-29 00:00:00-04:00,129.50999450683594,131.5500030517578,128.89999389648438,130.64999389648438,1946300,0.0,0.0
2021-06-30 00:00:00-04:00,130.07000732421875,131.30999755859375,129.02999877929688,129.14999389648438,1410500,0.0,0.0
2021-07-01 00:00:00-04:00,129.5,131.14999389648438,128.5399932861328,130.5800018310547,1055300,0.0,0.0
2021-07-02 00:00:00-04:00,130.75999450683594,134.3699951171875,130.36000061035156,133.82000732421875,1064600,0.0,0.0
2021-07-06 00:00:00-04:00,133.47999572753906,133.5,131.83999633789062,132.74000549316406,1199800,0.0,0.0
2021-07-07 00:00:00-04:00,132.02999877929688,137.52999877929688,132.02999877929688,136.8800048828125,1385900,0.0,0.0
2021-07-08 00:00:00-04:00,132.35000610351562,135.5,130.24000549316406,133.27000427246094,1287100,0.0,0.0
2021-07-09 00:00:00-04:00,135.4499969482422,135.66000366210938,133.3800048828125,134.83999633789062,743700,0.0,0.0
2021-07-12 00:00:00-04:00,134.47000122070312,136.4499969482422,134.0,135.4199981689453,682700,0.0,0.0
2021-07-13 00:00:00-04:00,134.32000732421875,135.05999755859375,131.52000427246094,131.74000549316406,1407900,0.0,0.0
2021-07-14 00:00:00-04:00,132.25999450683594,134.47000122070312,131.91000366210938,134.19000244140625,780100,0.0,0.0
2021-07-15 00:00:00-04:00,132.8000030517578,134.42999267578125,129.86000061035156,131.25999450683594,980700,0.0,0.0
2021-07-16 00:00:00-04:00,132.05999755859375,132.9499969482422,130.80999755859375,130.9499969482422,577500,0.0,0.0
2021-07-19 00:00:00-04:00,128.86000061035156,129.0800018310547,126.41000366210938,128.5500030517578,843500,0.0,0.0
2021-07-20 00:00:00-04:00,129.1199951171875,134.8000030517578,129.1199951171875,134.3800048828125,860600,0.0,0.0
2021-07-21 00:00:00-04:00,134.85000610351562,138.0,134.72000122070312,135.92999267578125,987900,0.0,0.0
2021-07-22 00:00:00-04:00,135.88999938964844,135.88999938964844,133.72000122070312,134.41000366210938,615700,0.0,0.0
2021-07-23 00:00:00-04:00,135.2899932861328,135.67999267578125,133.8000030517578,134.83999633789062,1060800,0.0,0.0
2021-07-26 00:00:00-04:00,134.33999633789062,135.27999877929688,133.4499969482422,135.08999633789062,635800,0.0,0.0
2021-07-27 00:00:00-04:00,133.8800048828125,135.58999633789062,133.38999938964844,134.97000122070312,747700,0.0,0.0
2021-07-28 00:00:00-04:00,135.39999389648438,136.61000061035156,133.00999450683594,133.3000030517578,518500,0.0,0.0
2021-07-29 00:00:00-04:00,134.02000427246094,135.61000061035156,133.0800018310547,134.97000122070312,725000,0.0,0.0
2021-07-30 00:00:00-04:00,133.72999572753906,136.4499969482422,133.27000427246094,133.9499969482422,616700,0.0,0.0
2021-08-02 00:00:00-04:00,135.6999969482422,137.16000366210938,134.89999389648438,136.5,1028200,0.0,0.0
2021-08-03 00:00:00-04:00,136.50999450683594,139.9499969482422,136.25999450683594,139.6999969482422,1438900,0.0,0.0
2021-08-04 00:00:00-04:00,138.91000366210938,139.89999389648438,135.91000366210938,136.6199951171875,1043600,0.0,0.0
2021-08-05 00:00:00-04:00,137.47000122070312,138.4199981689453,135.82000732421875,136.0,542800,0.0,0.0
2021-08-06 00:00:00-04:00,137.3699951171875,137.8300018310547,133.89999389648438,134.02000427246094,739100,0.0,0.0
2021-08-09 00:00:00-04:00,133.44000244140625,133.88999938964844,130.52000427246094,132.85000610351562,877100,0.0,0.0
2021-08-10 00:00:00-04:00,132.57000732421875,136.00999450683594,132.3800048828125,135.30999755859375,522700,0.0,0.0
2021-08-11 00:00:00-04:00,132.97999572753906,133.7899932861328,130.8800048828125,131.89999389648438,1346200,0.0,0.0
2021-08-12 00:00:00-04:00,132.1999969482422,132.88999938964844,128.74000549316406,129.33999633789062,880500,0.0,0.0
2021-08-13 00:00:00-04:00,128.86000061035156,129.75,127.7699966430664,128.08999633789062,714900,0.0,0.0
2021-08-16 00:00:00-04:00,127.1500015258789,129.25999450683594,124.66999816894531,129.07000732421875,1135100,0.0,0.0
2021-08-17 00:00:00-04:00,128.0,128.3699951171875,125.87999725341797,127.47000122070312,1162400,0.0,0.0
2021-08-18 00:00:00-04:00,126.9800033569336,127.97000122070312,124.52999877929688,124.62000274658203,810400,0.0,0.0
2021-08-19 00:00:00-04:00,123.3499984741211,124.63999938964844,122.51000213623047,124.23999786376953,600900,0.0,0.0
2021-08-20 00:00:00-04:00,124.0,124.9000015258789,123.12000274658203,124.76000213623047,514700,0.0,0.0
2021-08-23 00:00:00-04:00,125.77999877929688,125.83999633789062,124.08999633789062,124.91999816894531,608000,0.0,0.0
2021-08-24 00:00:00-04:00,125.05000305175781,126.4800033569336,125.05000305175781,125.54000091552734,508300,0.0,0.0
2021-08-25 00:00:00-04:00,125.86000061035156,128.0800018310547,125.4000015258789,127.4800033569336,592000,0.0,0.0
2021-08-26 00:00:00-04:00,127.26000213623047,127.81999969482422,125.75,126.26000213623047,559100,0.0,0.0
2021-08-27 00:00:00-04:00,126.62999725341797,127.3499984741211,125.54000091552734,126.58999633789062,428000,0.0,0.0
2021-08-30 00:00:00-04:00,127.0,128.1999969482422,125.5,126.48999786376953,516900,0.0,0.0
2021-08-31 00:00:00-04:00,126.83999633789062,126.83999633789062,124.2699966430664,125.20999908447266,1088400,0.0,0.0
2021-09-01 00:00:00-04:00,126.0199966430664,127.55000305175781,125.8499984741211,127.33999633789062,835300,0.0,0.0
2021-09-02 00:00:00-04:00,127.25,127.75,125.86000061035156,126.44000244140625,690800,0.0,0.0
2021-09-03 00:00:00-04:00,125.73999786376953,127.62999725341797,125.29000091552734,127.1500015258789,607400,0.0,0.0
2021-09-07 00:00:00-04:00,126.7699966430664,128.5800018310547,126.31999969482422,126.91999816894531,927800,0.0,0.0
2021-09-08 00:00:00-04:00,127.26000213623047,131.4199981689453,126.5,131.38999938964844,1138900,0.0,0.0
2021-09-09 00:00:00-04:00,131.5,134.66000366210938,131.19000244140625,133.22999572753906,1100500,0.0,0.0
2021-09-10 00:00:00-04:00,133.97000122070312,135.63999938964844,132.6999969482422,134.52999877929688,938300,0.0,0.0
2021-09-13 00:00:00-04:00,135.63999938964844,135.63999938964844,131.99000549316406,134.38999938964844,648800,0.0,0.0
2021-09-14 00:00:00-04:00,135.0,135.80999755859375,133.75999450683594,135.0,743800,0.0,0.0
2021-09-15 00:00:00-04:00,135.0,137.11000061035156,132.85000610351562,136.80999755859375,722500,0.0,0.0
2021-09-16 00:00:00-04:00,136.75999450683594,140.24000549316406,136.33999633789062,139.69000244140625,1215400,0.0,0.0
2021-09-17 00:00:00-04:00,139.02999877929688,142.0800018310547,138.89999389648438,140.2899932861328,1599700,0.0,0.0
2021-09-20 00:00:00-04:00,138.10000610351562,139.8699951171875,136.5399932861328,138.2100067138672,1091000,0.0,0.0
2021-09-21 00:00:00-04:00,139.10000610351562,140.83999633789062,136.67999267578125,136.97999572753906,918700,0.0,0.0
2021-09-22 00:00:00-04:00,138.3300018310547,141.66000366210938,137.50999450683594,140.50999450683594,1117900,0.0,0.0
2021-09-23 00:00:00-04:00,142.0,144.83999633789062,141.6199951171875,142.16000366210938,1134600,0.0,0.0
2021-09-24 00:00:00-04:00,142.17999267578125,144.50999450683594,141.75999450683594,144.4199981689453,851300,0.0,0.0
2021-09-27 00:00:00-04:00,145.52000427246094,146.97999572753906,144.86000061035156,145.24000549316406,1047100,0.0,0.0
2021-09-28 00:00:00-04:00,144.25999450683594,146.55999755859375,142.50999450683594,143.02999877929688,1080100,0.0,0.0
2021-09-29 00:00:00-04:00,143.82000732421875,147.72999572753906,143.82000732421875,146.4499969482422,1566000,0.0,0.0
2021-09-30 00:00:00-04:00,133.2100067138672,135.97999572753906,127.94999694824219,127.95999908447266,5753900,0.0,0.0
2021-10-01 00:00:00-04:00,129.0,129.10000610351562,122.97000122070312,127.18000030517578,2837600,0.0,0.0
2021-10-04 00:00:00-04:00,125.76000213623047,126.86000061035156,122.38999938964844,122.54000091552734,1923900,0.0,0.0
2021-10-05 00:00:00-04:00,122.43000030517578,127.68000030517578,121.6500015258789,126.2300033569336,1769400,0.0,0.0
2021-10-06 00:00:00-04:00,125.19000244140625,129.33999633789062,125.0,129.27000427246094,1432700,0.0,0.0
2021-10-07 00:00:00-04:00,130.25999450683594,132.8000030517578,129.33999633789062,131.35000610351562,916900,0.0,0.0
2021-10-08 00:00:00-04:00,131.3800048828125,132.39999389648438,129.77999877929688,130.5399932861328,821400,0.0,0.0
2021-10-11 00:00:00-04:00,130.0800018310547,130.74000549316406,129.13999938964844,129.27999877929688,682800,0.0,0.0
2021-10-12 00:00:00-04:00,129.6699981689453,132.6699981689453,129.6199951171875,131.55999755859375,783500,0.0,0.0
2021-10-13 00:00:00-04:00,132.17999267578125,133.69000244140625,131.25999450683594,133.35000610351562,721700,0.0,0.0
2021-10-14 00:00:00-04:00,134.5800018310547,136.58999633789062,134.11000061035156,135.63999938964844,603000,0.0,0.0
2021-10-15 00:00:00-04:00,137.0,137.82000732421875,135.8300018310547,136.7899932861328,535400,0.0,0.0
2021-10-18 00:00:00-04:00,135.91000366210938,138.07000732421875,135.91000366210938,137.52000427246094,509200,0.0,0.0
2021-10-19 00:00:00-04:00,138.6300048828125,138.89999389648438,135.92999267578125,138.5,727700,0.0,0.0
2021-10-20 00:00:00-04:00,139.0800018310547,141.00999450683594,138.10000610351562,138.55999755859375,727100,0.0,0.0
2021-10-21 00:00:00-04:00,139.0800018310547,142.55999755859375,138.5,141.89999389648438,664800,0.0,0.0
2021-10-22 00:00:00-04:00,142.32000732421875,144.41000366210938,141.77999877929688,143.42999267578125,619700,0.0,0.0
2021-10-25 00:00:00-04:00,143.44000244140625,144.11000061035156,139.9199981689453,139.97000122070312,921200,0.0,0.0
2021-10-26 00:00:00-04:00,140.38999938964844,140.38999938964844,135.63999938964844,137.44000244140625,1188700,0.0,0.0
2021-10-27 00:00:00-04:00,137.58999633789062,138.5800018310547,136.64999389648438,137.14999389648438,659900,0.0,0.0
2021-10-28 00:00:00-04:00,137.42999267578125,137.72999572753906,134.6300048828125,136.1199951171875,983800,0.0,0.0
2021-10-29 00:00:00-04:00,135.38999938964844,137.77000427246094,135.0,136.9199981689453,1079700,0.0,0.0
2021-11-01 00:00:00-04:00,138.05999755859375,139.35000610351562,136.5800018310547,138.9499969482422,1463900,0.0,0.0
2021-11-02 00:00:00-04:00,139.02000427246094,145.0500030517578,137.7899932861328,144.38999938964844,1911700,0.0,0.0
2021-11-03 00:00:00-04:00,144.91000366210938,147.57000732421875,144.52999877929688,147.50999450683594,1253600,0.0,0.0
2021-11-04 00:00:00-04:00,147.63999938964844,151.75999450683594,147.32000732421875,151.00999450683594,1213400,0.0,0.0
2021-11-05 00:00:00-04:00,152.77000427246094,154.74000549316406,152.75999450683594,154.69000244140625,1318300,0.0,0.0
2021-11-08 00:00:00-05:00,154.85000610351562,155.97999572753906,153.2100067138672,153.9499969482422,1547400,0.0,0.0
2021-11-09 00:00:00-05:00,153.27000427246094,155.2100067138672,153.0500030517578,154.85000610351562,1000600,0.0,0.0
2021-11-10 00:00:00-05:00,153.38999938964844,154.9499969482422,151.4600067138672,151.9499969482422,883300,0.0,0.0
2021-11-11 00:00:00-05:00,151.58999633789062,152.07000732421875,150.1199951171875,150.14999389648438,737200,0.0,0.0
2021-11-12 00:00:00-05:00,150.14999389648438,150.61000061035156,148.27999877929688,148.80999755859375,645500,0.0,0.0
2021-11-15 00:00:00-05:00,150.19000244140625,150.89999389648438,148.47999572753906,149.6199951171875,526700,0.0,0.0
2021-11-16 00:00:00-05:00,148.8699951171875,150.0,146.3300018310547,148.00999450683594,1292300,0.0,0.0
2021-11-17 00:00:00-05:00,147.9499969482422,148.11000061035156,145.41000366210938,147.3000030517578,1042000,0.0,0.0
2021-11-18 00:00:00-05:00,148.5,148.5,145.1300048828125,146.0399932861328,891500,0.0,0.0
2021-11-19 00:00:00-05:00,146.22999572753906,147.7100067138672,144.52999877929688,146.99000549316406,905000,0.0,0.0
2021-11-22 00:00:00-05:00,147.99000549316406,149.9600067138672,147.02000427246094,147.08999633789062,706000,0.0,0.0
2021-11-23 00:00:00-05:00,147.0,147.9199981689453,143.49000549316406,146.32000732421875,724800,0.0,0.0
2021-11-24 00:00:00-05:00,144.49000549316406,147.72000122070312,143.1199951171875,147.36000061035156,496600,0.0,0.0
2021-11-26 00:00:00-05:00,144.1199951171875,146.99000549316406,143.47000122070312,145.75,543400,0.0,0.0
2021-11-29 00:00:00-05:00,147.58999633789062,148.83999633789062,145.66000366210938,146.47999572753906,718200,0.0,0.0
2021-11-30 00:00:00-05:00,145.6199951171875,146.92999267578125,141.0399932861328,141.25,1285000,0.0,0.0
2021-12-01 00:00:00-05:00,143.32000732421875,147.3699951171875,140.25,140.30999755859375,937000,0.0,0.0
2021-12-02 00:00:00-05:00,140.5399932861328,144.92999267578125,140.22000122070312,144.08999633789062,953900,0.0,0.0
2021-12-03 00:00:00-05:00,144.75,145.6300048828125,141.24000549316406,142.67999267578125,776900,0.0,0.0
2021-12-06 00:00:00-05:00,143.92999267578125,147.99000549316406,142.8000030517578,144.5,911600,0.0,0.0
2021-12-07 00:00:00-05:00,149.39999389648438,152.27999877929688,149.39999389648438,149.91000366210938,1342200,0.0,0.0
2021-12-08 00:00:00-05:00,149.66000366210938,151.17999267578125,148.02999877929688,148.83999633789062,649800,0.0,0.0
2021-12-09 00:00:00-05:00,148.33999633789062,149.4499969482422,146.4499969482422,146.60000610351562,669800,0.0,0.0
2021-12-10 00:00:00-05:00,147.5399932861328,149.77000427246094,146.4600067138672,149.47999572753906,618900,0.0,0.0
2021-12-13 00:00:00-05:00,149.8300018310547,150.32000732421875,142.9600067138672,143.25,864700,0.0,0.0
2021-12-14 00:00:00-05:00,141.08999633789062,144.91000366210938,140.22000122070312,141.30999755859375,814300,0.0,0.0
2021-12-15 00:00:00-05:00,141.2899932861328,142.64999389648438,139.47999572753906,141.99000549316406,932500,0.0,0.0
2021-12-16 00:00:00-05:00,144.67999267578125,145.1699981689453,136.77999877929688,137.39999389648438,1040300,0.0,0.0
2021-12-17 00:00:00-05:00,137.0500030517578,138.82000732421875,134.80999755859375,137.5399932861328,2080100,0.0,0.0
2021-12-20 00:00:00-05:00,135.07000732421875,135.3000030517578,130.44000244140625,131.75,1272400,0.0,0.0
2021-12-21 00:00:00-05:00,133.5,137.17999267578125,132.72999572753906,136.99000549316406,1694400,0.0,0.0
2021-12-22 00:00:00-05:00,139.6999969482422,139.8000030517578,127.5199966430664,127.87000274658203,4585200,0.0,0.0
2021-12-23 00:00:00-05:00,128.1999969482422,131.1999969482422,126.02999877929688,126.30999755859375,1909900,0.0,0.0
2021-12-27 00:00:00-05:00,126.98999786376953,127.87999725341797,124.87000274658203,127.48999786376953,1447900,0.0,0.0
2021-12-28 00:00:00-05:00,126.94999694824219,128.6199951171875,126.0,127.91000366210938,1246900,0.0,0.0
2021-12-29 00:00:00-05:00,128.2899932861328,128.6699981689453,127.27999877929688,127.54000091552734,951900,0.0,0.0
2021-12-30 00:00:00-05:00,127.73999786376953,128.8800048828125,127.37000274658203,128.19000244140625,1161200,0.0,0.0
2021-12-31 00:00:00-05:00,127.4000015258789,130.74000549316406,127.4000015258789,130.22999572753906,1298500,0.0,0.0
2022-01-03 00:00:00-05:00,130.00999450683594,130.57000732421875,126.91999816894531,127.01000213623047,1031500,0.0,0.0
2022-01-04 00:00:00-05:00,127.9000015258789,129.0500030517578,123.02999877929688,123.86000061035156,1568200,0.0,0.0
2022-01-05 00:00:00-05:00,123.87000274658203,124.47000122070312,119.30999755859375,119.3499984741211,1198900,0.0,0.0
2022-01-06 00:00:00-05:00,121.36000061035156,121.36000061035156,118.30999755859375,119.0999984741211,1159200,0.0,0.0
2022-01-07 00:00:00-05:00,118.98999786376953,123.18000030517578,118.43000030517578,121.08000183105469,2329400,0.0,0.0
2022-01-10 00:00:00-05:00,119.58000183105469,119.70999908447266,115.37000274658203,118.66999816894531,1405500,0.0,0.0
2022-01-11 00:00:00-05:00,118.30000305175781,119.41999816894531,114.56999969482422,119.1500015258789,1519200,0.0,0.0
2022-01-12 00:00:00-05:00,118.83999633789062,120.25,115.36000061035156,119.26000213623047,1614000,0.0,0.0
2022-01-13 00:00:00-05:00,120.19000244140625,120.58000183105469,117.19000244140625,117.47000122070312,1362700,0.0,0.0
2022-01-14 00:00:00-05:00,116.05000305175781,116.75,111.63999938964844,113.4000015258789,1290500,0.0,0.0
2022-01-18 00:00:00-05:00,111.79000091552734,112.08999633789062,108.86000061035156,110.4000015258789,1854400,0.0,0.0
2022-01-19 00:00:00-05:00,110.97000122070312,112.68000030517578,107.58000183105469,107.62999725341797,1409000,0.0,0.0
2022-01-20 00:00:00-05:00,108.48999786376953,111.94999694824219,105.87000274658203,106.05999755859375,2158700,0.0,0.0
2022-01-21 00:00:00-05:00,105.0,109.56999969482422,102.47000122070312,108.0999984741211,2664400,0.0,0.0
2022-01-24 00:00:00-05:00,105.56999969482422,112.31999969482422,103.4800033569336,111.91999816894531,2378400,0.0,0.0
2022-01-25 00:00:00-05:00,109.4800033569336,111.63999938964844,106.77999877929688,109.94000244140625,2016300,0.0,0.0
2022-01-26 00:00:00-05:00,110.98999786376953,111.58999633789062,106.55999755859375,107.75,2433500,0.0,0.0
2022-01-27 00:00:00-05:00,110.4000015258789,110.5199966430664,104.54000091552734,105.54000091552734,2049700,0.0,0.0
2022-01-28 00:00:00-05:00,106.23999786376953,110.05000305175781,105.02999877929688,110.0,1594900,0.0,0.0
2022-01-31 00:00:00-05:00,109.4000015258789,111.61000061035156,108.41999816894531,111.16999816894531,1359700,0.0,0.0
2022-02-01 00:00:00-05:00,110.94999694824219,112.11000061035156,108.68000030517578,110.95999908447266,1102300,0.0,0.0
2022-02-02 00:00:00-05:00,110.94000244140625,111.11000061035156,107.95999908447266,109.80000305175781,1521700,0.0,0.0
2022-02-03 00:00:00-05:00,108.30999755859375,109.80000305175781,106.58999633789062,106.72000122070312,1514100,0.0,0.0
2022-02-04 00:00:00-05:00,106.11000061035156,107.7699966430664,103.43000030517578,106.25,1540700,0.0,0.0
2022-02-07 00:00:00-05:00,106.5,107.93000030517578,104.38999938964844,105.58999633789062,835200,0.0,0.0
2022-02-08 00:00:00-05:00,105.26000213623047,109.06999969482422,105.16000366210938,109.04000091552734,1476500,0.0,0.0
2022-02-09 00:00:00-05:00,110.80000305175781,114.43000030517578,110.80000305175781,112.69000244140625,2229200,0.0,0.0
2022-02-10 00:00:00-05:00,110.01000213623047,113.08999633789062,109.47000122070312,110.58999633789062,1200300,0.0,0.0
2022-02-11 00:00:00-05:00,110.44000244140625,111.43000030517578,107.5999984741211,108.4800033569336,1108400,0.0,0.0
2022-02-14 00:00:00-05:00,108.9000015258789,112.26000213623047,108.38999938964844,110.95999908447266,1058300,0.0,0.0
2022-02-15 00:00:00-05:00,112.45999908447266,113.54000091552734,110.69999694824219,113.31999969482422,1151900,0.0,0.0
2022-02-16 00:00:00-05:00,109.80000305175781,110.86000061035156,107.31999969482422,109.58000183105469,1553800,0.0,0.0
2022-02-17 00:00:00-05:00,109.7300033569336,110.12999725341797,106.54000091552734,107.4800033569336,1340700,0.0,0.0
2022-02-18 00:00:00-05:00,107.13999938964844,108.33999633789062,105.4800033569336,105.63999938964844,1532900,0.0,0.0
2022-02-22 00:00:00-05:00,104.7300033569336,105.47000122070312,99.9000015258789,101.16999816894531,1773800,0.0,0.0
2022-02-23 00:00:00-05:00,102.12000274658203,103.80999755859375,99.51000213623047,100.3499984741211,1620300,0.0,0.0
2022-02-24 00:00:00-05:00,97.58999633789062,105.41999816894531,96.38999938964844,105.1500015258789,1530600,0.0,0.0
2022-02-25 00:00:00-05:00,105.41000366210938,108.38999938964844,103.2699966430664,107.3499984741211,1252900,0.0,0.0
2022-02-28 00:00:00-05:00,107.0999984741211,109.54000091552734,106.63999938964844,109.33000183105469,1463400,0.0,0.0
2022-03-01 00:00:00-05:00,108.69000244140625,108.69999694824219,104.13999938964844,105.23999786376953,1659400,0.0,0.0
2022-03-02 00:00:00-05:00,105.33999633789062,107.2699966430664,104.0,105.80000305175781,1559800,0.0,0.0
2022-03-03 00:00:00-05:00,107.04000091552734,107.12999725341797,103.1500015258789,104.48999786376953,1048600,0.0,0.0
2022-03-04 00:00:00-05:00,103.4800033569336,104.7300033569336,101.80999755859375,103.06999969482422,1403300,0.0,0.0
2022-03-07 00:00:00-05:00,102.0999984741211,103.33999633789062,99.43000030517578,100.01000213623047,2641900,0.0,0.0
2022-03-08 00:00:00-05:00,100.01000213623047,104.8499984741211,98.66000366210938,99.94999694824219,1374100,0.0,0.0
2022-03-09 00:00:00-05:00,101.9800033569336,103.48999786376953,101.25,101.88999938964844,1336400,0.0,0.0
2022-03-10 00:00:00-05:00,99.94999694824219,101.48999786376953,98.52999877929688,100.75,1001200,0.0,0.0
2022-03-11 00:00:00-05:00,100.5,101.27999877929688,98.80000305175781,99.20999908447266,892400,0.0,0.0
2022-03-14 00:00:00-04:00,99.08999633789062,101.69999694824219,98.19999694824219,98.55000305175781,1248900,0.0,0.0
2022-03-15 00:00:00-04:00,98.95999908447266,102.29000091552734,98.61000061035156,100.91999816894531,1029000,0.0,0.0
2022-03-16 00:00:00-04:00,100.88999938964844,103.06999969482422,98.43000030517578,102.0199966430664,2006500,0.0,0.0
2022-03-17 00:00:00-04:00,100.73999786376953,103.95999908447266,99.69999694824219,103.91999816894531,1118200,0.0,0.0
2022-03-18 00:00:00-04:00,103.98999786376953,105.9000015258789,103.29000091552734,104.47000122070312,2572600,0.0,0.0
2022-03-21 00:00:00-04:00,104.47000122070312,105.68000030517578,101.37999725341797,102.58999633789062,1328700,0.0,0.0
2022-03-22 00:00:00-04:00,102.98999786376953,104.91999816894531,101.80000305175781,103.05000305175781,1655100,0.0,0.0
2022-03-23 00:00:00-04:00,102.12999725341797,102.70999908447266,98.54000091552734,98.91999816894531,1439300,0.0,0.0
2022-03-24 00:00:00-04:00,99.06999969482422,100.58000183105469,98.69999694824219,99.27999877929688,1436800,0.0,0.0
2022-03-25 00:00:00-04:00,99.87000274658203,99.87000274658203,95.88999938964844,97.2699966430664,1645300,0.0,0.0
2022-03-28 00:00:00-04:00,97.86000061035156,98.7300033569336,95.04000091552734,98.62999725341797,2218100,0.0,0.0
2022-03-29 00:00:00-04:00,101.25,104.61000061035156,100.62999725341797,103.81999969482422,2282900,0.0,0.0
2022-03-30 00:00:00-04:00,102.69999694824219,103.7300033569336,101.22000122070312,101.52999877929688,1304100,0.0,0.0
2022-03-31 00:00:00-04:00,101.16000366210938,101.22000122070312,96.4800033569336,96.4800033569336,1931000,0.0,0.0
2022-04-01 00:00:00-04:00,97.29000091552734,98.5199966430664,95.66000366210938,98.48999786376953,1527100,0.0,0.0
2022-04-04 00:00:00-04:00,98.55999755859375,102.56999969482422,98.2300033569336,101.37000274658203,1679400,0.0,0.0
2022-04-05 00:00:00-04:00,100.0,102.63999938964844,98.87000274658203,99.81999969482422,1489200,0.0,0.0
2022-04-06 00:00:00-04:00,96.06999969482422,98.4000015258789,95.22000122070312,97.76000213623047,2499000,0.0,0.0
2022-04-07 00:00:00-04:00,97.12000274658203,99.69999694824219,94.3499984741211,99.12000274658203,2007300,0.0,0.0
2022-04-08 00:00:00-04:00,98.63999938964844,103.2300033569336,97.86000061035156,102.22000122070312,2191800,0.0,0.0
2022-04-11 00:00:00-04:00,101.04000091552734,105.9000015258789,101.04000091552734,103.16999816894531,2923000,0.0,0.0
2022-04-12 00:00:00-04:00,99.62999725341797,101.5,93.2300033569336,93.33000183105469,8382700,0.0,0.0
2022-04-13 00:00:00-04:00,91.51000213623047,94.31999969482422,90.55000305175781,92.98999786376953,3595500,0.0,0.0
2022-04-14 00:00:00-04:00,93.69999694824219,94.61000061035156,91.5199966430664,91.79000091552734,2099900,0.0,0.0
2022-04-18 00:00:00-04:00,91.30000305175781,92.3499984741211,90.44000244140625,91.11000061035156,1601800,0.0,0.0
2022-04-19 00:00:00-04:00,91.43000030517578,96.7699966430664,91.29000091552734,96.29000091552734,1775400,0.0,0.0
2022-04-20 00:00:00-04:00,96.87000274658203,97.86000061035156,92.9800033569336,93.06999969482422,1746300,0.0,0.0
2022-04-21 00:00:00-04:00,93.5,93.86000061035156,90.0199966430664,90.66999816894531,2176300,0.0,0.0
2022-04-22 00:00:00-04:00,90.26000213623047,91.8499984741211,89.52999877929688,90.37999725341797,1811400,0.0,0.0
2022-04-25 00:00:00-04:00,89.61000061035156,90.6500015258789,87.48999786376953,90.44999694824219,2463600,0.0,0.0
2022-04-26 00:00:00-04:00,89.62000274658203,90.27999877929688,88.41999816894531,88.43000030517578,1476300,0.0,0.0
2022-04-27 00:00:00-04:00,88.05000305175781,90.81999969482422,87.1500015258789,88.87000274658203,1715700,0.0,0.0
2022-04-28 00:00:00-04:00,89.94000244140625,90.66000366210938,87.13999938964844,89.0999984741211,1414600,0.0,0.0
2022-04-29 00:00:00-04:00,88.77999877929688,89.8499984741211,85.6500015258789,85.77999877929688,1515600,0.0,0.0
2022-05-02 00:00:00-04:00,85.8499984741211,91.26000213623047,85.36000061035156,91.13999938964844,1953100,0.0,0.0
2022-05-03 00:00:00-04:00,90.87000274658203,95.66999816894531,90.3499984741211,95.06999969482422,2642900,0.0,0.0
2022-05-04 00:00:00-04:00,94.41000366210938,100.3499984741211,93.94000244140625,100.18000030517578,2433500,0.0,0.0
2022-05-05 00:00:00-04:00,98.33999633789062,98.55999755859375,90.7699966430664,92.37999725341797,2123700,0.0,0.0
2022-05-06 00:00:00-04:00,92.16999816894531,96.18000030517578,90.48999786376953,94.69999694824219,2218300,0.0,0.0
2022-05-09 00:00:00-04:00,92.94999694824219,96.0199966430664,92.19000244140625,92.80999755859375,2102400,0.0,0.0
2022-05-10 00:00:00-04:00,94.20999908447266,96.33000183105469,89.27999877929688,92.22000122070312,2486100,0.0,0.0
2022-05-11 00:00:00-04:00,91.87000274658203,93.9000015258789,89.4800033569336,89.79000091552734,1696000,0.0,0.0
2022-05-12 00:00:00-04:00,89.16000366210938,93.83000183105469,88.75,91.26000213623047,2663500,0.0,0.0
2022-05-13 00:00:00-04:00,92.16999816894531,95.55999755859375,91.26000213623047,91.66000366210938,2184600,0.0,0.0
2022-05-16 00:00:00-04:00,91.91000366210938,93.9000015258789,90.04000091552734,92.66000366210938,2800500,0.0,0.0
2022-05-17 00:00:00-04:00,94.61000061035156,97.54000091552734,94.37999725341797,97.47000122070312,1711400,0.0,0.0
2022-05-18 00:00:00-04:00,95.08000183105469,95.23999786376953,88.16999816894531,89.80000305175781,2236300,0.0,0.0
2022-05-19 00:00:00-04:00,89.80000305175781,92.19999694824219,88.02999877929688,90.80000305175781,2245600,0.0,0.0
2022-05-20 00:00:00-04:00,92.22000122070312,93.62999725341797,89.20999908447266,92.45999908447266,2106600,0.0,0.0
2022-05-23 00:00:00-04:00,93.18000030517578,93.29000091552734,89.51000213623047,90.88999938964844,1817100,0.0,0.0
2022-05-24 00:00:00-04:00,89.94999694824219,91.22000122070312,88.93000030517578,90.79000091552734,1504600,0.0,0.0
2022-05-25 00:00:00-04:00,89.75,96.33999633789062,89.47000122070312,95.94000244140625,1578700,0.0,0.0
2022-05-26 00:00:00-04:00,97.48999786376953,99.7300033569336,97.37000274658203,99.16000366210938,1475300,0.0,0.0
2022-05-27 00:00:00-04:00,99.31999969482422,100.30999755859375,97.79000091552734,100.29000091552734,1263900,0.0,0.0
2022-05-31 00:00:00-04:00,99.0199966430664,99.8499984741211,96.77999877929688,99.2699966430664,1716300,0.0,0.0
2022-06-01 00:00:00-04:00,100.01000213623047,100.81999969482422,97.6500015258789,98.45999908447266,1805300,0.0,0.0
2022-06-02 00:00:00-04:00,98.62000274658203,99.66000366210938,98.20999908447266,99.19000244140625,1158900,0.0,0.0
2022-06-03 00:00:00-04:00,97.62000274658203,98.30999755859375,94.86000061035156,96.3499984741211,1257900,0.0,0.0
2022-06-06 00:00:00-04:00,97.33000183105469,98.12999725341797,95.6500015258789,97.51000213623047,854700,0.0,0.0
2022-06-07 00:00:00-04:00,94.43000030517578,98.61000061035156,93.87000274658203,98.2300033569336,1336000,0.0,0.0
2022-06-08 00:00:00-04:00,98.56999969482422,103.01000213623047,98.56999969482422,102.23999786376953,1840400,0.0,0.0
2022-06-09 00:00:00-04:00,102.0,103.22000122070312,99.88999938964844,99.93000030517578,1102900,0.0,0.0
2022-06-10 00:00:00-04:00,97.61000061035156,99.3499984741211,95.31999969482422,96.02999877929688,1163700,0.0,0.0
2022-06-13 00:00:00-04:00,92.80999755859375,93.62000274658203,88.05999755859375,88.80999755859375,2047100,0.0,0.0
2022-06-14 00:00:00-04:00,89.08000183105469,91.77999877929688,89.08000183105469,89.79000091552734,1367600,0.0,0.0
2022-06-15 00:00:00-04:00,90.87999725341797,93.4000015258789,90.06999969482422,91.54000091552734,1115000,0.0,0.0
2022-06-16 00:00:00-04:00,89.02999877929688,89.55000305175781,84.37000274658203,85.76000213623047,2538800,0.0,0.0
2022-06-17 00:00:00-04:00,85.38999938964844,88.56999969482422,85.04000091552734,86.98999786376953,2731500,0.0,0.0
2022-06-21 00:00:00-04:00,88.81999969482422,89.62999725341797,87.5,87.68000030517578,1626800,0.0,0.0
2022-06-22 00:00:00-04:00,86.83999633789062,90.0999984741211,86.69999694824219,89.75,1828200,0.0,0.0
2022-06-23 00:00:00-04:00,90.97000122070312,92.0,88.61000061035156,91.76000213623047,2470800,0.0,0.0
2022-06-24 00:00:00-04:00,91.79000091552734,99.22000122070312,90.25,98.36000061035156,4320400,0.0,0.0
2022-06-27 00:00:00-04:00,99.48999786376953,101.05000305175781,96.30999755859375,98.62000274658203,2068800,0.0,0.0
2022-06-28 00:00:00-04:00,98.16000366210938,99.63999938964844,94.3499984741211,94.4000015258789,1934800,0.0,0.0
2022-06-29 00:00:00-04:00,94.3499984741211,94.3499984741211,91.69000244140625,93.56999969482422,1418300,0.0,0.0
2022-06-30 00:00:00-04:00,92.43000030517578,92.43000030517578,87.58999633789062,90.4800033569336,1985300,0.0,0.0
2022-07-01 00:00:00-04:00,90.79000091552734,93.9800033569336,90.33999633789062,92.66999816894531,1593000,0.0,0.0
2022-07-05 00:00:00-04:00,90.4000015258789,95.91000366210938,90.2300033569336,95.81999969482422,1568200,0.0,0.0
2022-07-06 00:00:00-04:00,95.8499984741211,96.18000030517578,92.2699966430664,92.9800033569336,1248600,0.0,0.0
2022-07-07 00:00:00-04:00,93.02999877929688,95.43000030517578,92.75,94.87000274658203,1173600,0.0,0.0
2022-07-08 00:00:00-04:00,94.41000366210938,94.8499984741211,92.47000122070312,92.66000366210938,1041700,0.0,0.0
2022-07-11 00:00:00-04:00,91.8499984741211,93.02999877929688,88.70999908447266,88.83999633789062,1104600,0.0,0.0
2022-07-12 00:00:00-04:00,88.91999816894531,92.18000030517578,88.91999816894531,91.23999786376953,1487900,0.0,0.0
2022-07-13 00:00:00-04:00,89.83999633789062,91.37000274658203,88.72000122070312,90.5999984741211,992700,0.0,0.0
2022-07-14 00:00:00-04:00,88.72000122070312,89.37000274658203,86.5999984741211,89.11000061035156,1252900,0.0,0.0
2022-07-15 00:00:00-04:00,90.0,92.5999984741211,89.75,91.55000305175781,1070000,0.0,0.0
2022-07-18 00:00:00-04:00,92.5999984741211,94.83999633789062,92.1500015258789,92.81999969482422,976800,0.0,0.0
2022-07-19 00:00:00-04:00,94.26000213623047,96.2699966430664,93.30000305175781,96.16000366210938,1323900,0.0,0.0
2022-07-20 00:00:00-04:00,95.93000030517578,96.80000305175781,94.4000015258789,96.61000061035156,1267200,0.0,0.0
2022-07-21 00:00:00-04:00,96.30000305175781,96.69999694824219,93.88999938964844,96.01000213623047,1077200,0.0,0.0
2022-07-22 00:00:00-04:00,96.48999786376953,98.48999786376953,93.69999694824219,94.3499984741211,854700,0.0,0.0
2022-07-25 00:00:00-04:00,94.37999725341797,95.62000274658203,92.83999633789062,94.62999725341797,1195600,0.0,0.0
2022-07-26 00:00:00-04:00,93.22000122070312,93.5199966430664,91.30000305175781,92.20999908447266,825400,0.0,0.0
2022-07-27 00:00:00-04:00,93.30000305175781,94.91999816894531,91.80000305175781,94.37000274658203,1094000,0.0,0.0
2022-07-28 00:00:00-04:00,94.26000213623047,98.26000213623047,93.58999633789062,97.9800033569336,1433400,0.0,0.0
2022-07-29 00:00:00-04:00,98.11000061035156,100.0199966430664,97.5,99.54000091552734,1209200,0.0,0.0
2022-08-01 00:00:00-04:00,98.7699966430664,102.58999633789062,98.7699966430664,101.95999908447266,1392400,0.0,0.0
2022-08-02 00:00:00-04:00,100.70999908447266,101.33000183105469,98.66000366210938,99.0199966430664,1275000,0.0,0.0
2022-08-03 00:00:00-04:00,100.52999877929688,100.9000015258789,98.4800033569336,99.80000305175781,1022700,0.0,0.0
2022-08-04 00:00:00-04:00,99.93000030517578,101.86000061035156,99.1500015258789,99.47000122070312,737200,0.0,0.0
2022-08-05 00:00:00-04:00,98.5999984741211,100.69999694824219,98.31999969482422,99.16999816894531,710800,0.0,0.0
2022-08-08 00:00:00-04:00,99.91999816894531,102.12000274658203,99.66999816894531,99.7699966430664,903900,0.0,0.0
2022-08-09 00:00:00-04:00,99.13999938964844,99.25,95.62999725341797,96.97000122070312,709800,0.0,0.0
2022-08-10 00:00:00-04:00,99.87999725341797,101.19000244140625,99.23999786376953,100.0199966430664,968400,0.0,0.0
2022-08-11 00:00:00-04:00,101.33999633789062,103.26000213623047,101.26000213623047,101.69999694824219,936800,0.0,0.0
2022-08-12 00:00:00-04:00,102.11000061035156,102.30000305175781,100.58000183105469,101.58999633789062,658200,0.0,0.0
2022-08-15 00:00:00-04:00,101.22000122070312,102.19999694824219,100.4800033569336,101.41999816894531,788700,0.0,0.0
2022-08-16 00:00:00-04:00,101.06999969482422,106.23999786376953,101.06999969482422,104.22000122070312,1336300,0.0,0.0
2022-08-17 00:00:00-04:00,103.05999755859375,103.05999755859375,98.97000122070312,100.01000213623047,1472600,0.0,0.0
2022-08-18 00:00:00-04:00,99.98999786376953,99.98999786376953,97.93000030517578,98.73999786376953,808900,0.0,0.0
2022-08-19 00:00:00-04:00,97.55999755859375,98.1500015258789,95.55999755859375,96.2699966430664,1016500,0.0,0.0
2022-08-22 00:00:00-04:00,93.97000122070312,94.43000030517578,89.69000244140625,89.86000061035156,1387300,0.0,0.0
2022-08-23 00:00:00-04:00,90.11000061035156,91.27999877929688,89.06999969482422,90.33999633789062,1125600,0.0,0.0
2022-08-24 00:00:00-04:00,90.63999938964844,92.05000305175781,90.05000305175781,90.91999816894531,842600,0.0,0.0
2022-08-25 00:00:00-04:00,91.70999908447266,93.47000122070312,90.83999633789062,93.23999786376953,858800,0.0,0.0
2022-08-26 00:00:00-04:00,94.0,94.41999816894531,89.61000061035156,90.0,935100,0.0,0.0
2022-08-29 00:00:00-04:00,89.0,91.0,88.45999908447266,90.69999694824219,1021500,0.0,0.0
2022-08-30 00:00:00-04:00,91.88999938964844,92.0999984741211,89.38999938964844,90.33000183105469,1140700,0.0,0.0
2022-08-31 00:00:00-04:00,90.33999633789062,90.7300033569336,88.33999633789062,88.44000244140625,1535400,0.0,0.0
2022-09-01 00:00:00-04:00,88.20999908447266,89.22000122070312,86.93000030517578,89.12000274658203,1113600,0.0,0.0
2022-09-02 00:00:00-04:00,90.33999633789062,90.55999755859375,87.05000305175781,87.55999755859375,1048700,0.0,0.0
2022-09-06 00:00:00-04:00,88.12000274658203,88.12000274658203,84.4000015258789,85.12999725341797,1698300,0.0,0.0
2022-09-07 00:00:00-04:00,84.95999908447266,88.69000244140625,84.80000305175781,88.5199966430664,1385400,0.0,0.0
2022-09-08 00:00:00-04:00,87.4800033569336,88.95999908447266,86.48999786376953,88.87999725341797,858100,0.0,0.0
2022-09-09 00:00:00-04:00,86.62000274658203,91.41999816894531,86.5,91.0,1961200,0.0,0.0
2022-09-12 00:00:00-04:00,92.43000030517578,93.33999633789062,90.5999984741211,91.08000183105469,1007500,0.0,0.0
2022-09-13 00:00:00-04:00,87.5,88.27999877929688,85.12999725341797,85.56999969482422,1240900,0.0,0.0
2022-09-14 00:00:00-04:00,85.93000030517578,86.51000213623047,83.30000305175781,85.4000015258789,1044400,0.0,0.0
2022-09-15 00:00:00-04:00,86.06999969482422,86.9000015258789,84.48999786376953,84.9800033569336,1090200,0.0,0.0
2022-09-16 00:00:00-04:00,84.25,85.54000091552734,83.08000183105469,84.7300033569336,1987600,0.0,0.0
2022-09-19 00:00:00-04:00,84.23999786376953,86.33000183105469,83.69999694824219,86.18000030517578,1089400,0.0,0.0
2022-09-20 00:00:00-04:00,84.76000213623047,85.08000183105469,80.5,82.19000244140625,1693100,0.0,0.0
2022-09-21 00:00:00-04:00,82.6500015258789,84.44000244140625,80.97000122070312,81.05999755859375,1272900,0.0,0.0
2022-09-22 00:00:00-04:00,80.55999755859375,81.55999755859375,79.56999969482422,79.7699966430664,1412500,0.0,0.0
2022-09-23 00:00:00-04:00,78.33000183105469,79.55999755859375,76.0,79.48999786376953,2517300,0.0,0.0
2022-09-26 00:00:00-04:00,79.48999786376953,81.37999725341797,79.08000183105469,79.97000122070312,1756000,0.0,0.0
2022-09-27 00:00:00-04:00,81.33999633789062,82.37000274658203,79.83999633789062,81.1500015258789,1532200,0.0,0.0
2022-09-28 00:00:00-04:00,82.3499984741211,86.8499984741211,82.12000274658203,86.41999816894531,3076900,0.0,0.0
2022-09-29 00:00:00-04:00,73.75,75.98999786376953,64.44000244140625,65.16000366210938,17197900,0.0,0.0
2022-09-30 00:00:00-04:00,65.0,67.66000366210938,63.61000061035156,66.0199966430664,5557300,0.0,0.0
2022-10-03 00:00:00-04:00,65.38999938964844,69.27999877929688,64.30000305175781,67.73999786376953,3580100,0.0,0.0
2022-10-04 00:00:00-04:00,69.16000366210938,70.16999816894531,67.19000244140625,68.44999694824219,2480600,0.0,0.0
2022-10-05 00:00:00-04:00,67.26000213623047,67.73999786376953,64.70999908447266,66.70999908447266,3143700,0.0,0.0
2022-10-06 00:00:00-04:00,66.88999938964844,67.83000183105469,64.4800033569336,65.38999938964844,2104500,0.0,0.0
2022-10-07 00:00:00-04:00,64.18000030517578,64.69000244140625,61.650001525878906,62.310001373291016,2247200,0.0,0.0
2022-10-10 00:00:00-04:00,62.400001525878906,65.04000091552734,61.869998931884766,63.599998474121094,2605000,0.0,0.0
2022-10-11 00:00:00-04:00,63.599998474121094,64.63999938964844,61.9900016784668,63.040000915527344,2310800,0.0,0.0
2022-10-12 00:00:00-04:00,63.18000030517578,63.290000915527344,61.72999954223633,62.11000061035156,1712500,0.0,0.0
2022-10-13 00:00:00-04:00,60.619998931884766,63.599998474121094,59.22999954223633,62.38999938964844,1978600,0.0,0.0
2022-10-14 00:00:00-04:00,63.0,63.75,60.11000061035156,60.20000076293945,1929200,0.0,0.0
2022-10-17 00:00:00-04:00,61.81999969482422,63.08000183105469,60.9900016784668,62.029998779296875,2476100,0.0,0.0
2022-10-18 00:00:00-04:00,63.70000076293945,64.97000122070312,59.79999923706055,60.689998626708984,5694100,0.0,0.0
2022-10-19 00:00:00-04:00,59.709999084472656,60.029998779296875,56.52000045776367,57.5,5548200,0.0,0.0
2022-10-20 00:00:00-04:00,57.91999816894531,58.849998474121094,56.43000030517578,56.470001220703125,2711900,0.0,0.0
2022-10-21 00:00:00-04:00,56.619998931884766,56.84000015258789,55.02000045776367,55.689998626708984,3294800,0.0,0.0
2022-10-24 00:00:00-04:00,55.279998779296875,58.470001220703125,54.849998474121094,58.22999954223633,4035200,0.0,0.0
2022-10-25 00:00:00-04:00,58.45000076293945,62.13999938964844,58.45000076293945,61.849998474121094,2076900,0.0,0.0
2022-10-26 00:00:00-04:00,61.900001525878906,62.91999816894531,61.0099983215332,61.54999923706055,1515700,0.0,0.0
2022-10-27 00:00:00-04:00,61.90999984741211,64.12999725341797,61.630001068115234,62.060001373291016,2377200,0.0,0.0
2022-10-28 00:00:00-04:00,61.810001373291016,63.81999969482422,61.349998474121094,63.790000915527344,1484200,0.0,0.0
2022-10-31 00:00:00-04:00,63.41999816894531,63.88999938964844,62.470001220703125,63.0099983215332,1312600,0.0,0.0
2022-11-01 00:00:00-04:00,64.83999633789062,64.8499984741211,62.06999969482422,64.3499984741211,2098900,0.0,0.0
2022-11-02 00:00:00-04:00,64.02999877929688,65.91999816894531,62.31999969482422,62.36000061035156,2331800,0.0,0.0
2022-11-03 00:00:00-04:00,61.540000915527344,64.4000015258789,60.7599983215332,63.400001525878906,2151900,0.0,0.0
2022-11-04 00:00:00-04:00,64.51000213623047,64.80999755859375,61.119998931884766,62.790000915527344,2781800,0.0,0.0
2022-11-07 00:00:00-05:00,63.29999923706055,65.08000183105469,61.31999969482422,64.62999725341797,3007800,0.0,0.0
2022-11-08 00:00:00-05:00,65.36000061035156,65.5,63.40999984741211,64.7699966430664,1896500,0.0,0.0
2022-11-09 00:00:00-05:00,64.2300033569336,65.01000213623047,62.65999984741211,64.66000366210938,3075100,0.0,0.0
2022-11-10 00:00:00-05:00,67.5,71.7300033569336,67.04000091552734,70.6500015258789,2868000,0.0,0.0
2022-11-11 00:00:00-05:00,70.58999633789062,75.93000030517578,70.36000061035156,74.58000183105469,2294700,0.0,0.0
2022-11-14 00:00:00-05:00,74.27999877929688,75.05000305175781,71.80999755859375,73.97000122070312,2608800,0.0,0.0
2022-11-15 00:00:00-05:00,76.19000244140625,76.63999938964844,72.0,72.66000366210938,1977600,0.0,0.0
2022-11-16 00:00:00-05:00,70.30000305175781,70.30999755859375,67.63999938964844,68.3499984741211,2775800,0.0,0.0
2022-11-17 00:00:00-05:00,67.2300033569336,67.25,64.62999725341797,67.2300033569336,2055900,0.0,0.0
2022-11-18 00:00:00-05:00,67.81999969482422,67.94999694824219,65.4000015258789,66.55999755859375,1758900,0.0,0.0
2022-11-21 00:00:00-05:00,66.62000274658203,67.1500015258789,65.5,66.20999908447266,1189600,0.0,0.0
2022-11-22 00:00:00-05:00,66.48999786376953,67.33999633789062,65.80999755859375,67.13999938964844,1430700,0.0,0.0
2022-11-23 00:00:00-05:00,67.18000030517578,67.18000030517578,65.94000244140625,66.58999633789062,735100,0.0,0.0
2022-11-25 00:00:00-05:00,66.13999938964844,67.87999725341797,66.13999938964844,66.76000213623047,568000,0.0,0.0
2022-11-28 00:00:00-05:00,66.0,66.66000366210938,65.33000183105469,65.55999755859375,1633900,0.0,0.0
2022-11-29 00:00:00-05:00,65.94000244140625,68.79000091552734,65.94000244140625,67.12000274658203,1724700,0.0,0.0
2022-11-30 00:00:00-05:00,66.6500015258789,69.38999938964844,65.48999786376953,69.36000061035156,1840600,0.0,0.0
2022-12-01 00:00:00-05:00,69.81999969482422,70.70999908447266,68.43000030517578,69.0999984741211,1262700,0.0,0.0
2022-12-02 00:00:00-05:00,68.08999633789062,69.76000213623047,67.1500015258789,69.58999633789062,1307500,0.0,0.0
2022-12-05 00:00:00-05:00,68.83000183105469,69.72000122070312,66.87000274658203,67.38999938964844,1425100,0.0,0.0
2022-12-06 00:00:00-05:00,67.33000183105469,67.41000366210938,64.11000061035156,65.58999633789062,1782900,0.0,0.0
2022-12-07 00:00:00-05:00,65.16000366210938,66.31999969482422,63.9900016784668,65.0999984741211,1572900,0.0,0.0
2022-12-08 00:00:00-05:00,65.33999633789062,65.8499984741211,63.959999084472656,65.4800033569336,1268700,0.0,0.0
2022-12-09 00:00:00-05:00,64.75,66.86000061035156,64.44999694824219,65.69999694824219,1200300,0.0,0.0
2022-12-12 00:00:00-05:00,65.66999816894531,66.13999938964844,65.0,65.86000061035156,1649200,0.0,0.0
2022-12-13 00:00:00-05:00,68.26000213623047,69.31999969482422,65.66999816894531,67.18000030517578,2178200,0.0,0.0
2022-12-14 00:00:00-05:00,66.66999816894531,68.08000183105469,65.26000213623047,67.70999908447266,2733100,0.0,0.0
2022-12-15 00:00:00-05:00,66.72000122070312,66.83999633789062,64.43000030517578,65.38999938964844,2611600,0.0,0.0
2022-12-16 00:00:00-05:00,64.30000305175781,64.83999633789062,60.650001525878906,61.439998626708984,7556500,0.0,0.0
2022-12-19 00:00:00-05:00,61.0,61.900001525878906,57.630001068115234,58.09000015258789,4305700,0.0,0.0
2022-12-20 00:00:00-05:00,57.31999969482422,58.58000183105469,56.27000045776367,57.7599983215332,4290900,0.0,0.0
2022-12-21 00:00:00-05:00,58.540000915527344,60.02000045776367,57.58000183105469,59.369998931884766,4610700,0.0,0.0
2022-12-22 00:00:00-05:00,52.099998474121094,57.279998779296875,52.099998474121094,57.20000076293945,16492900,0.0,0.0
2022-12-23 00:00:00-05:00,56.56999969482422,60.630001068115234,56.2599983215332,60.15999984741211,6668100,0.0,0.0
2022-12-27 00:00:00-05:00,59.810001373291016,61.11000061035156,58.220001220703125,60.41999816894531,4434500,0.0,0.0
2022-12-28 00:00:00-05:00,60.43000030517578,61.029998779296875,58.77000045776367,59.2400016784668,3137300,0.0,0.0
2022-12-29 00:00:00-05:00,59.88999938964844,61.91999816894531,59.52000045776367,61.2599983215332,2410800,0.0,0.0
2022-12-30 00:00:00-05:00,60.400001525878906,61.16999816894531,59.61000061035156,60.88999938964844,2141000,0.0,0.0
2023-01-03 00:00:00-05:00,61.70000076293945,63.25,59.65999984741211,60.63999938964844,2448500,0.0,0.0
2023-01-04 00:00:00-05:00,62.0,65.13999938964844,61.709999084472656,65.12000274658203,3238200,0.0,0.0
2023-01-05 00:00:00-05:00,63.79999923706055,64.0999984741211,62.810001373291016,63.34000015258789,2967300,0.0,0.0
2023-01-06 00:00:00-05:00,63.66999816894531,65.81999969482422,62.59000015258789,65.77999877929688,2428300,0.0,0.0
2023-01-09 00:00:00-05:00,66.22000122070312,68.06999969482422,66.01000213623047,67.06999969482422,2666600,0.0,0.0
2023-01-10 00:00:00-05:00,67.18000030517578,67.94999694824219,66.22000122070312,67.38999938964844,1974600,0.0,0.0
2023-01-11 00:00:00-05:00,66.0,68.66999816894531,66.0,67.43000030517578,3430500,0.0,0.0
2023-01-12 00:00:00-05:00,68.05999755859375,68.2699966430664,65.52999877929688,66.87999725341797,2957400,0.0,0.0
2023-01-13 00:00:00-05:00,65.37000274658203,66.66999816894531,64.86000061035156,65.0,2912900,0.0,0.0
2023-01-17 00:00:00-05:00,64.20999908447266,70.94999694824219,63.34000015258789,67.44000244140625,7422400,0.0,0.0
2023-01-18 00:00:00-05:00,67.45999908447266,68.77999877929688,63.349998474121094,63.40999984741211,2497400,0.0,0.0
2023-01-19 00:00:00-05:00,62.33000183105469,63.02000045776367,60.90999984741211,62.189998626708984,2559200,0.0,0.0
2023-01-20 00:00:00-05:00,62.619998931884766,66.0999984741211,62.02000045776367,66.08000183105469,2469000,0.0,0.0
2023-01-23 00:00:00-05:00,66.5199966430664,67.94999694824219,65.94000244140625,67.33000183105469,2038200,0.0,0.0
2023-01-24 00:00:00-05:00,66.87000274658203,68.04000091552734,66.48999786376953,66.72000122070312,1174600,0.0,0.0
2023-01-25 00:00:00-05:00,65.62999725341797,66.54000091552734,64.83999633789062,66.30999755859375,2605800,0.0,0.0
2023-01-26 00:00:00-05:00,67.26000213623047,67.55999755859375,65.02999877929688,66.26000213623047,1665600,0.0,0.0
2023-01-27 00:00:00-05:00,66.22000122070312,69.62000274658203,66.0999984741211,69.0999984741211,2275100,0.0,0.0
2023-01-30 00:00:00-05:00,68.69000244140625,71.58999633789062,67.87999725341797,69.04000091552734,3186100,0.0,0.0
2023-01-31 00:00:00-05:00,69.2300033569336,70.45999908447266,68.4000015258789,70.44999694824219,1960800,0.0,0.0
2023-02-01 00:00:00-05:00,70.19000244140625,76.3499984741211,70.19000244140625,75.83999633789062,3678300,0.0,0.0
2023-02-02 00:00:00-05:00,77.06999969482422,80.91999816894531,77.06999969482422,79.31999969482422,4546100,0.0,0.0
2023-02-03 00:00:00-05:00,77.69999694824219,79.98999786376953,77.47000122070312,78.19000244140625,1913100,0.0,0.0
2023-02-06 00:00:00-05:00,77.33999633789062,78.02999877929688,76.2300033569336,77.86000061035156,1164200,0.0,0.0
2023-02-07 00:00:00-05:00,77.0,77.11000061035156,75.05000305175781,76.16000366210938,1904600,0.0,0.0
2023-02-08 00:00:00-05:00,75.7300033569336,77.44999694824219,75.37000274658203,76.22000122070312,1323000,0.0,0.0
2023-02-09 00:00:00-05:00,77.16999816894531,77.5199966430664,73.72000122070312,74.4800033569336,1730400,0.0,0.0
2023-02-10 00:00:00-05:00,73.88999938964844,74.83999633789062,73.26000213623047,73.56999969482422,1510700,0.0,0.0
2023-02-13 00:00:00-05:00,73.41999816894531,75.25,73.0,75.0999984741211,1215700,0.0,0.0
2023-02-14 00:00:00-05:00,74.52999877929688,76.41999816894531,73.66999816894531,75.91000366210938,1306700,0.0,0.0
2023-02-15 00:00:00-05:00,74.44000244140625,75.69000244140625,72.58999633789062,75.55000305175781,1458600,0.0,0.0
2023-02-16 00:00:00-05:00,73.69999694824219,75.31999969482422,73.08000183105469,74.31999969482422,932200,0.0,0.0
2023-02-17 00:00:00-05:00,74.30999755859375,75.0999984741211,71.94000244140625,72.94999694824219,1791300,0.0,0.0
2023-02-21 00:00:00-05:00,72.0,72.04000091552734,67.5999984741211,68.58999633789062,2140300,0.0,0.0
2023-02-22 00:00:00-05:00,69.02999877929688,70.13999938964844,68.0999984741211,69.48999786376953,1603500,0.0,0.0
2023-02-23 00:00:00-05:00,70.0,70.0999984741211,67.55999755859375,69.11000061035156,1337900,0.0,0.0
2023-02-24 00:00:00-05:00,67.5,68.4800033569336,66.91000366210938,67.86000061035156,1466100,0.0,0.0
2023-02-27 00:00:00-05:00,69.01000213623047,69.23999786376953,66.93000030517578,67.12999725341797,1292100,0.0,0.0
2023-02-28 00:00:00-05:00,67.4000015258789,70.0,67.4000015258789,69.04000091552734,2109900,0.0,0.0
2023-03-01 00:00:00-05:00,68.36000061035156,69.3499984741211,67.80999755859375,68.76000213623047,1457500,0.0,0.0
2023-03-02 00:00:00-05:00,67.93000030517578,68.38999938964844,67.08000183105469,67.86000061035156,1628100,0.0,0.0
2023-03-03 00:00:00-05:00,68.43000030517578,70.43000030517578,68.18000030517578,70.3499984741211,1293000,0.0,0.0
2023-03-06 00:00:00-05:00,70.79000091552734,70.98999786376953,68.4800033569336,68.7699966430664,1118700,0.0,0.0
2023-03-07 00:00:00-05:00,68.75,70.1500015258789,68.47000122070312,68.80000305175781,1306300,0.0,0.0
2023-03-08 00:00:00-05:00,68.98999786376953,71.08999633789062,68.73999786376953,70.4800033569336,1396400,0.0,0.0
2023-03-09 00:00:00-05:00,70.22000122070312,71.12999725341797,66.2699966430664,66.37000274658203,1970900,0.0,0.0
2023-03-10 00:00:00-05:00,65.0199966430664,65.66000366210938,62.7599983215332,63.72999954223633,3444800,0.0,0.0
2023-03-13 00:00:00-04:00,61.70000076293945,62.75,59.31999969482422,61.209999084472656,4770700,0.0,0.0
2023-03-14 00:00:00-04:00,63.0099983215332,63.13999938964844,59.560001373291016,60.33000183105469,2732900,0.0,0.0
2023-03-15 00:00:00-04:00,58.939998626708984,59.459999084472656,57.66999816894531,59.130001068115234,3883900,0.0,0.0
2023-03-16 00:00:00-04:00,58.11000061035156,59.130001068115234,57.099998474121094,58.47999954223633,4364500,0.0,0.0
2023-03-17 00:00:00-04:00,58.18000030517578,58.33000183105469,55.95000076293945,56.2599983215332,4570000,0.0,0.0
2023-03-20 00:00:00-04:00,56.5,58.290000915527344,56.2599983215332,56.7599983215332,2988300,0.0,0.0
2023-03-21 00:00:00-04:00,58.0099983215332,60.599998474121094,58.0099983215332,59.119998931884766,2962900,0.0,0.0
2023-03-22 00:00:00-04:00,59.970001220703125,60.40999984741211,57.41999816894531,57.459999084472656,1664400,0.0,0.0
2023-03-23 00:00:00-04:00,57.880001068115234,58.310001373291016,55.77000045776367,56.72999954223633,1888200,0.0,0.0
2023-03-24 00:00:00-04:00,56.189998626708984,58.0099983215332,55.880001068115234,57.779998779296875,3122600,0.0,0.0
2023-03-27 00:00:00-04:00,58.619998931884766,58.97999954223633,57.5,58.27000045776367,2544300,0.0,0.0
2023-03-28 00:00:00-04:00,58.15999984741211,59.400001525878906,57.90999984741211,58.27000045776367,1328900,0.0,0.0
2023-03-29 00:00:00-04:00,58.93000030517578,59.720001220703125,58.220001220703125,59.529998779296875,1318400,0.0,0.0
2023-03-30 00:00:00-04:00,60.79999923706055,61.90999984741211,60.58000183105469,61.099998474121094,1911600,0.0,0.0
2023-03-31 00:00:00-04:00,61.33000183105469,64.43000030517578,61.13999938964844,64.27999877929688,2080400,0.0,0.0
2023-04-03 00:00:00-04:00,64.58000183105469,65.23999786376953,63.95000076293945,64.58000183105469,1797500,0.0,0.0
2023-04-04 00:00:00-04:00,64.91999816894531,65.0,62.84000015258789,63.5,2024200,0.0,0.0
2023-04-05 00:00:00-04:00,62.970001220703125,63.369998931884766,61.150001525878906,62.439998626708984,1871800,0.0,0.0
2023-04-06 00:00:00-04:00,62.5099983215332,64.61000061035156,61.970001220703125,64.33000183105469,1671100,0.0,0.0
2023-04-10 00:00:00-04:00,63.79999923706055,66.11000061035156,63.560001373291016,65.86000061035156,3867700,0.0,0.0
2023-04-11 00:00:00-04:00,69.6500015258789,73.56999969482422,69.12000274658203,72.20999908447266,12741100,0.0,0.0
2023-04-12 00:00:00-04:00,73.0,73.05999755859375,67.26000213623047,68.58000183105469,5388500,0.0,0.0
2023-04-13 00:00:00-04:00,69.66999816894531,70.27999877929688,67.12999725341797,69.01000213623047,3072000,0.0,0.0
2023-04-14 00:00:00-04:00,69.5999984741211,71.5,68.48999786376953,69.45999908447266,2795800,0.0,0.0
2023-04-17 00:00:00-04:00,69.23999786376953,69.80000305175781,68.45999908447266,69.5999984741211,1613800,0.0,0.0
2023-04-18 00:00:00-04:00,69.37000274658203,69.94000244140625,68.66999816894531,69.06999969482422,1506000,0.0,0.0
2023-04-19 00:00:00-04:00,67.95999908447266,68.33000183105469,67.20999908447266,68.12000274658203,1836800,0.0,0.0
2023-04-20 00:00:00-04:00,67.1500015258789,68.01000213623047,66.25,67.44999694824219,1913700,0.0,0.0
2023-04-21 00:00:00-04:00,67.72000122070312,69.26000213623047,66.6500015258789,69.16000366210938,1514300,0.0,0.0
2023-04-24 00:00:00-04:00,68.75,69.41999816894531,68.48999786376953,68.87999725341797,1136500,0.0,0.0
2023-04-25 00:00:00-04:00,68.43000030517578,68.80000305175781,67.3499984741211,67.36000061035156,1397200,0.0,0.0
2023-04-26 00:00:00-04:00,68.13999938964844,69.4800033569336,67.72000122070312,67.91999816894531,1912700,0.0,0.0
2023-04-27 00:00:00-04:00,68.05999755859375,70.43000030517578,67.83999633789062,70.4000015258789,1457700,0.0,0.0
2023-04-28 00:00:00-04:00,70.23999786376953,70.72000122070312,69.61000061035156,70.02999877929688,1308800,0.0,0.0
2023-05-01 00:00:00-04:00,70.08999633789062,70.94000244140625,69.66000366210938,70.4800033569336,1436300,0.0,0.0
2023-05-02 00:00:00-04:00,70.23999786376953,71.91999816894531,69.4800033569336,71.33000183105469,2274500,0.0,0.0
2023-05-03 00:00:00-04:00,71.30999755859375,72.87999725341797,70.61000061035156,70.66999816894531,1727600,0.0,0.0
2023-05-04 00:00:00-04:00,70.2699966430664,70.58000183105469,67.13999938964844,68.06999969482422,1960600,0.0,0.0
2023-05-05 00:00:00-04:00,69.25,71.30999755859375,68.98999786376953,70.61000061035156,1422200,0.0,0.0
2023-05-08 00:00:00-04:00,71.16000366210938,73.0199966430664,70.45999908447266,72.75,1709600,0.0,0.0
2023-05-09 00:00:00-04:00,71.80000305175781,72.97000122070312,71.37000274658203,72.52999877929688,1497900,0.0,0.0
2023-05-10 00:00:00-04:00,73.63999938964844,74.1500015258789,72.13999938964844,73.41000366210938,1666800,0.0,0.0
2023-05-11 00:00:00-04:00,73.25,73.55000305175781,71.11000061035156,72.2699966430664,995800,0.0,0.0
2023-05-12 00:00:00-04:00,73.0,73.25,70.25,71.16000366210938,919200,0.0,0.0
2023-05-15 00:00:00-04:00,71.06999969482422,71.94000244140625,70.26000213623047,71.69999694824219,1324800,0.0,0.0
2023-05-16 00:00:00-04:00,71.58999633789062,71.58999633789062,68.97000122070312,69.05999755859375,1276900,0.0,0.0
2023-05-17 00:00:00-04:00,69.55000305175781,72.44000244140625,69.30000305175781,71.94999694824219,1383500,0.0,0.0
2023-05-18 00:00:00-04:00,71.41000366210938,73.26000213623047,71.05999755859375,73.12999725341797,944200,0.0,0.0
2023-05-19 00:00:00-04:00,73.05999755859375,73.05999755859375,70.75,71.75,1183500,0.0,0.0
2023-05-22 00:00:00-04:00,71.91999816894531,72.43000030517578,71.25,72.20999908447266,949700,0.0,0.0
2023-05-23 00:00:00-04:00,71.80999755859375,73.83000183105469,71.55000305175781,71.9800033569336,1664000,0.0,0.0
2023-05-24 00:00:00-04:00,71.3499984741211,71.73999786376953,69.0999984741211,70.1500015258789,1344700,0.0,0.0
2023-05-25 00:00:00-04:00,70.12999725341797,71.62999725341797,70.0,71.0199966430664,937900,0.0,0.0
2023-05-26 00:00:00-04:00,71.23999786376953,72.86000061035156,70.80000305175781,72.4800033569336,935100,0.0,0.0
2023-05-30 00:00:00-04:00,73.16000366210938,74.4800033569336,72.63999938964844,73.95999908447266,1206300,0.0,0.0
2023-05-31 00:00:00-04:00,72.19999694824219,73.0199966430664,70.63999938964844,72.20999908447266,1721800,0.0,0.0
2023-06-01 00:00:00-04:00,72.48999786376953,72.56999969482422,71.13999938964844,71.80999755859375,1374500,0.0,0.0
2023-06-02 00:00:00-04:00,72.81999969482422,74.8499984741211,72.45999908447266,74.66000366210938,2017000,0.0,0.0
2023-06-05 00:00:00-04:00,74.66000366210938,75.72000122070312,73.5,75.26000213623047,1262500,0.0,0.0
2023-06-06 00:00:00-04:00,74.93000030517578,79.4000015258789,74.93000030517578,79.08000183105469,2781700,0.0,0.0
2023-06-07 00:00:00-04:00,80.0,81.12999725341797,78.72000122070312,79.12999725341797,2772400,0.0,0.0
2023-06-08 00:00:00-04:00,80.05000305175781,80.4800033569336,78.58000183105469,79.88999938964844,1379000,0.0,0.0
2023-06-09 00:00:00-04:00,80.37000274658203,80.70999908447266,78.30999755859375,78.80999755859375,1172200,0.0,0.0
2023-06-12 00:00:00-04:00,78.41000366210938,80.05000305175781,77.66999816894531,79.52999877929688,1327700,0.0,0.0
2023-06-13 00:00:00-04:00,80.19999694824219,81.22000122070312,80.13999938964844,80.61000061035156,1281200,0.0,0.0
2023-06-14 00:00:00-04:00,80.80000305175781,81.75,79.0999984741211,79.69999694824219,1325200,0.0,0.0
2023-06-15 00:00:00-04:00,78.70999908447266,81.13999938964844,78.62000274658203,80.8499984741211,1078700,0.0,0.0
2023-06-16 00:00:00-04:00,81.16000366210938,81.36000061035156,79.25,79.62999725341797,2315900,0.0,0.0
2023-06-20 00:00:00-04:00,79.31999969482422,80.16000366210938,78.37000274658203,78.58999633789062,1622800,0.0,0.0
2023-06-21 00:00:00-04:00,78.38999938964844,79.05999755859375,77.2699966430664,78.30000305175781,1706300,0.0,0.0
2023-06-22 00:00:00-04:00,77.97000122070312,78.68000030517578,77.02999877929688,78.31999969482422,2525800,0.0,0.0
2023-06-23 00:00:00-04:00,84.20999908447266,87.05999755859375,83.5,86.20999908447266,14440900,0.0,0.0
2023-06-26 00:00:00-04:00,86.41000366210938,86.5199966430664,80.95999908447266,81.25,4005500,0.0,0.0
2023-06-27 00:00:00-04:00,81.72000122070312,82.73999786376953,80.62000274658203,82.41999816894531,2283500,0.0,0.0
2023-06-28 00:00:00-04:00,82.41999816894531,85.08999633789062,82.11000061035156,84.37000274658203,4015300,0.0,0.0
2023-06-29 00:00:00-04:00,84.33000183105469,85.20999908447266,83.87000274658203,84.33999633789062,1731400,0.0,0.0
2023-06-30 00:00:00-04:00,85.30000305175781,85.66999816894531,83.33999633789062,83.69999694824219,1970000,0.0,0.0
2023-07-03 00:00:00-04:00,83.08999633789062,84.0,81.94000244140625,82.16000366210938,934100,0.0,0.0
2023-07-05 00:00:00-04:00,82.16999816894531,82.72000122070312,81.5,82.23999786376953,1415100,0.0,0.0
2023-07-06 00:00:00-04:00,81.33000183105469,81.66000366210938,80.37000274658203,81.02999877929688,1616500,0.0,0.0
2023-07-07 00:00:00-04:00,80.94999694824219,82.37000274658203,80.8499984741211,81.38999938964844,1570200,0.0,0.0
2023-07-10 00:00:00-04:00,81.08999633789062,83.26000213623047,81.0,82.6500015258789,1518100,0.0,0.0
2023-07-11 00:00:00-04:00,83.37000274658203,85.43000030517578,83.26000213623047,84.31999969482422,1551700,0.0,0.0
2023-07-12 00:00:00-04:00,85.08999633789062,85.4000015258789,83.69000244140625,84.19999694824219,1139900,0.0,0.0
2023-07-13 00:00:00-04:00,84.05000305175781,84.69000244140625,83.23999786376953,83.41999816894531,1182600,0.0,0.0
2023-07-14 00:00:00-04:00,84.2300033569336,84.94999694824219,83.01000213623047,83.4000015258789,898800,0.0,0.0
2023-07-17 00:00:00-04:00,83.22000122070312,84.5,82.73999786376953,83.69000244140625,1126500,0.0,0.0
2023-07-18 00:00:00-04:00,83.44999694824219,86.55999755859375,83.25,85.80999755859375,1452200,0.0,0.0
2023-07-19 00:00:00-04:00,87.5,87.5,85.01000213623047,85.13999938964844,1273100,0.0,0.0
2023-07-20 00:00:00-04:00,85.01000213623047,85.37000274658203,83.51000213623047,84.95999908447266,1129200,0.0,0.0
2023-07-21 00:00:00-04:00,85.5,85.5,81.5,83.27999877929688,1931000,0.0,0.0
2023-07-24 00:00:00-04:00,83.43000030517578,84.43000030517578,82.66000366210938,83.79000091552734,1236100,0.0,0.0
2023-07-25 00:00:00-04:00,83.37000274658203,83.83000183105469,81.27999877929688,81.80000305175781,1371500,0.0,0.0
2023-07-26 00:00:00-04:00,82.16999816894531,83.38999938964844,81.3499984741211,83.01000213623047,908900,0.0,0.0
2023-07-27 00:00:00-04:00,83.55999755859375,84.30000305175781,81.8499984741211,82.05999755859375,901500,0.0,0.0
2023-07-28 00:00:00-04:00,83.18000030517578,83.19999694824219,81.58000183105469,82.5199966430664,894700,0.0,0.0
2023-07-31 00:00:00-04:00,82.54000091552734,82.9000015258789,81.69000244140625,82.61000061035156,1232600,0.0,0.0
2023-08-01 00:00:00-04:00,81.83999633789062,84.19999694824219,81.83999633789062,84.08000183105469,995700,0.0,0.0
2023-08-02 00:00:00-04:00,83.36000061035156,83.4000015258789,82.4800033569336,83.23999786376953,1287300,0.0,0.0
2023-08-03 00:00:00-04:00,82.9800033569336,83.61000061035156,81.91000366210938,82.58999633789062,648900,0.0,0.0
2023-08-04 00:00:00-04:00,82.86000061035156,84.4000015258789,82.4000015258789,83.29000091552734,1097600,0.0,0.0
2023-08-07 00:00:00-04:00,83.43000030517578,84.80000305175781,82.58999633789062,84.75,764600,0.0,0.0
2023-08-08 00:00:00-04:00,83.38999938964844,86.0999984741211,83.01000213623047,85.83000183105469,885100,0.0,0.0
2023-08-09 00:00:00-04:00,85.83000183105469,86.55999755859375,84.61000061035156,84.87999725341797,1326600,0.0,0.0
2023-08-10 00:00:00-04:00,84.86000061035156,85.31999969482422,82.73999786376953,83.18000030517578,1663900,0.0,0.0
2023-08-11 00:00:00-04:00,82.8499984741211,85.51000213623047,81.98999786376953,85.19000244140625,1388300,0.0,0.0
2023-08-14 00:00:00-04:00,84.56999969482422,85.5,83.63999938964844,85.44000244140625,692900,0.0,0.0
2023-08-15 00:00:00-04:00,85.12000274658203,85.44000244140625,84.6500015258789,85.19000244140625,955500,0.0,0.0
2023-08-16 00:00:00-04:00,85.0,85.79000091552734,84.4800033569336,84.81999969482422,1214100,0.0,0.0
2023-08-17 00:00:00-04:00,85.41999816894531,85.77999877929688,81.63999938964844,81.6500015258789,1200500,0.0,0.0
2023-08-18 00:00:00-04:00,80.80000305175781,82.55999755859375,78.70999908447266,82.48999786376953,1648000,0.0,0.0
2023-08-21 00:00:00-04:00,82.38999938964844,82.66999816894531,79.3499984741211,80.9000015258789,1568900,0.0,0.0
2023-08-22 00:00:00-04:00,80.9000015258789,80.9000015258789,78.69999694824219,79.13999938964844,1469100,0.0,0.0
2023-08-23 00:00:00-04:00,78.76000213623047,79.47000122070312,78.01000213623047,79.22000122070312,1253300,0.0,0.0
2023-08-24 00:00:00-04:00,78.87999725341797,79.11000061035156,77.44000244140625,78.33000183105469,1642300,0.0,0.0
2023-08-25 00:00:00-04:00,78.62000274658203,79.4800033569336,77.51000213623047,78.41999816894531,1059600,0.0,0.0
2023-08-28 00:00:00-04:00,78.83000183105469,80.25,78.63999938964844,79.94999694824219,836600,0.0,0.0
2023-08-29 00:00:00-04:00,80.02999877929688,81.69000244140625,79.58000183105469,81.45999908447266,944400,0.0,0.0
2023-08-30 00:00:00-04:00,81.36000061035156,83.9800033569336,81.33000183105469,82.25,2054100,0.0,0.0
2023-08-31 00:00:00-04:00,82.31999969482422,82.56999969482422,81.33000183105469,81.68000030517578,968800,0.0,0.0
2023-09-01 00:00:00-04:00,82.72000122070312,83.68000030517578,82.37999725341797,83.58000183105469,1113600,0.0,0.0
2023-09-05 00:00:00-04:00,82.97000122070312,83.66000366210938,81.83000183105469,82.3499984741211,1179500,0.0,0.0
2023-09-06 00:00:00-04:00,81.97000122070312,82.69999694824219,80.8499984741211,81.55999755859375,1186200,0.0,0.0
2023-09-07 00:00:00-04:00,81.37000274658203,81.9000015258789,80.69000244140625,81.58999633789062,1693600,0.0,0.0
2023-09-08 00:00:00-04:00,81.37999725341797,82.41000366210938,80.94999694824219,81.18000030517578,967100,0.0,0.0
2023-09-11 00:00:00-04:00,81.86000061035156,82.77999877929688,80.8499984741211,81.13999938964844,980300,0.0,0.0
2023-09-12 00:00:00-04:00,80.22000122070312,82.18000030517578,80.08999633789062,81.55999755859375,691500,0.0,0.0
2023-09-13 00:00:00-04:00,81.56999969482422,81.75,80.36000061035156,80.54000091552734,668000,0.0,0.0
2023-09-14 00:00:00-04:00,81.05999755859375,83.91000366210938,80.97000122070312,83.8499984741211,1825500,0.0,0.0
2023-09-15 00:00:00-04:00,84.04000091552734,84.55999755859375,82.41000366210938,83.23999786376953,1983400,0.0,0.0
2023-09-18 00:00:00-04:00,83.01000213623047,83.58999633789062,81.98999786376953,82.41000366210938,936900,0.0,0.0
2023-09-19 00:00:00-04:00,82.12000274658203,82.12000274658203,80.2699966430664,82.04000091552734,1509000,0.0,0.0
2023-09-20 00:00:00-04:00,82.05000305175781,83.23999786376953,81.31999969482422,81.41999816894531,928500,0.0,0.0
2023-09-21 00:00:00-04:00,80.72000122070312,81.12000274658203,78.87000274658203,78.9000015258789,1452500,0.0,0.0
2023-09-22 00:00:00-04:00,79.12999725341797,79.5,76.43000030517578,76.66000366210938,1903300,0.0,0.0
2023-09-25 00:00:00-04:00,79.31999969482422,79.31999969482422,77.51000213623047,77.7699966430664,2805200,0.0,0.0
2023-09-26 00:00:00-04:00,77.08000183105469,78.69999694824219,76.7300033569336,78.25,2295000,0.0,0.0
2023-09-27 00:00:00-04:00,78.5199966430664,80.12999725341797,77.98999786376953,79.69000244140625,3992400,0.0,0.0
2023-09-28 00:00:00-04:00,70.38999938964844,73.31999969482422,68.9000015258789,69.01000213623047,13882000,0.0,0.0
2023-09-29 00:00:00-04:00,69.62000274658203,72.44000244140625,68.7300033569336,70.7300033569336,5053200,0.0,0.0
2023-10-02 00:00:00-04:00,70.55000305175781,71.5199966430664,69.5199966430664,69.73999786376953,2793500,0.0,0.0
2023-10-03 00:00:00-04:00,69.22000122070312,69.88999938964844,68.69999694824219,68.98999786376953,3447700,0.0,0.0
2023-10-04 00:00:00-04:00,68.7300033569336,69.23999786376953,67.94999694824219,68.19000244140625,3023600,0.0,0.0
2023-10-05 00:00:00-04:00,67.9000015258789,68.04000091552734,64.95999908447266,66.0999984741211,3394700,0.0,0.0
2023-10-06 00:00:00-04:00,65.77999877929688,67.12999725341797,64.37999725341797,66.20999908447266,2434400,0.0,0.0
2023-10-09 00:00:00-04:00,65.31999969482422,67.70999908447266,65.0,67.68000030517578,1490400,0.0,0.0
2023-10-10 00:00:00-04:00,67.41999816894531,70.38999938964844,67.41999816894531,70.04000091552734,2537000,0.0,0.0
2023-10-11 00:00:00-04:00,70.41000366210938,70.5999984741211,68.01000213623047,69.0999984741211,2129300,0.0,0.0
2023-10-12 00:00:00-04:00,68.77999877929688,68.9800033569336,67.0999984741211,68.3499984741211,1900800,0.0,0.0
2023-10-13 00:00:00-04:00,68.36000061035156,68.95999908447266,67.47000122070312,68.2300033569336,1532400,0.0,0.0
2023-10-16 00:00:00-04:00,68.48999786376953,68.95999908447266,67.25,68.2699966430664,2044800,0.0,0.0
2023-10-17 00:00:00-04:00,67.69999694824219,69.0999984741211,67.5199966430664,68.47000122070312,1663600,0.0,0.0
2023-10-18 00:00:00-04:00,67.62999725341797,67.72000122070312,64.83000183105469,64.86000061035156,3717100,0.0,0.0
2023-10-19 00:00:00-04:00,64.9000015258789,65.25,63.189998626708984,63.41999816894531,2454200,0.0,0.0
2023-10-20 00:00:00-04:00,63.72999954223633,64.05999755859375,62.790000915527344,62.84000015258789,1996700,0.0,0.0
2023-10-23 00:00:00-04:00,62.33000183105469,63.7400016784668,61.72999954223633,61.880001068115234,1995700,0.0,0.0
2023-10-24 00:00:00-04:00,62.119998931884766,63.029998779296875,61.84000015258789,62.0,1839300,0.0,0.0
2023-10-25 00:00:00-04:00,61.439998626708984,61.540000915527344,59.72999954223633,60.529998779296875,2072200,0.0,0.0
2023-10-26 00:00:00-04:00,60.349998474121094,61.0,59.86000061035156,60.38999938964844,1812500,0.0,0.0
2023-10-27 00:00:00-04:00,61.09000015258789,61.650001525878906,59.849998474121094,60.5099983215332,1676200,0.0,0.0
2023-10-30 00:00:00-04:00,61.0,61.470001220703125,59.65999984741211,60.66999816894531,1703500,0.0,0.0
2023-10-31 00:00:00-04:00,61.11000061035156,61.939998626708984,60.70000076293945,61.09000015258789,1443800,0.0,0.0
2023-11-01 00:00:00-04:00,61.04999923706055,61.529998779296875,59.77000045776367,61.4900016784668,1479500,0.0,0.0
2023-11-02 00:00:00-04:00,62.45000076293945,63.90999984741211,62.45000076293945,63.63999938964844,1776300,0.0,0.0
2023-11-03 00:00:00-04:00,64.76000213623047,67.51000213623047,64.62000274658203,66.97000122070312,2759300,0.0,0.0
2023-11-06 00:00:00-05:00,66.47000122070312,66.62000274658203,64.97000122070312,66.05000305175781,1741300,0.0,0.0
2023-11-07 00:00:00-05:00,65.87000274658203,65.87000274658203,63.439998626708984,64.33000183105469,2258500,0.0,0.0
2023-11-08 00:00:00-05:00,64.19999694824219,64.54000091552734,63.41999816894531,64.08000183105469,1049800,0.0,0.0
2023-11-09 00:00:00-05:00,64.5,64.5199966430664,62.31999969482422,62.5099983215332,1357000,0.0,0.0
2023-11-10 00:00:00-05:00,63.099998474121094,63.41999816894531,61.72999954223633,63.369998931884766,1608900,0.0,0.0
2023-11-13 00:00:00-05:00,62.45000076293945,63.97999954223633,62.45000076293945,63.59000015258789,1116500,0.0,0.0
2023-11-14 00:00:00-05:00,65.93000030517578,68.66999816894531,65.5199966430664,68.2300033569336,2381500,0.0,0.0
2023-11-15 00:00:00-05:00,68.3499984741211,69.0,67.43000030517578,67.93000030517578,1658200,0.0,0.0
2023-11-16 00:00:00-05:00,66.79000091552734,67.25,62.7599983215332,64.1500015258789,3338800,0.0,0.0
2023-11-17 00:00:00-05:00,65.16999816894531,65.58999633789062,63.290000915527344,63.970001220703125,2195900,0.0,0.0
2023-11-20 00:00:00-05:00,63.72999954223633,65.61000061035156,63.25,65.04000091552734,1639200,0.0,0.0
2023-11-21 00:00:00-05:00,64.18000030517578,64.52999877929688,63.45000076293945,64.22000122070312,1820700,0.0,0.0
2023-11-22 00:00:00-05:00,64.54000091552734,64.91000366210938,63.31999969482422,63.86000061035156,1583100,0.0,0.0
2023-11-24 00:00:00-05:00,64.0,64.33000183105469,63.349998474121094,64.16000366210938,490700,0.0,0.0
2023-11-27 00:00:00-05:00,63.77000045776367,64.44000244140625,63.33000183105469,63.900001525878906,1243800,0.0,0.0
2023-11-28 00:00:00-05:00,63.959999084472656,63.97999954223633,62.90999984741211,63.68000030517578,1412900,0.0,0.0
2023-11-29 00:00:00-05:00,63.68000030517578,65.05999755859375,62.97999954223633,63.15999984741211,2003900,0.0,0.0
2023-11-30 00:00:00-05:00,63.93000030517578,64.41000366210938,62.900001525878906,63.939998626708984,2031900,0.0,0.0
2023-12-01 00:00:00-05:00,63.75,67.5,63.2599983215332,67.38999938964844,2389500,0.0,0.0
2023-12-04 00:00:00-05:00,67.26000213623047,68.7300033569336,67.0,68.27999877929688,1609000,0.0,0.0
2023-12-05 00:00:00-05:00,66.19000244140625,66.80000305175781,64.72000122070312,65.30999755859375,2113100,0.0,0.0
2023-12-06 00:00:00-05:00,66.54000091552734,67.87000274658203,65.4800033569336,65.93000030517578,1532700,0.0,0.0
2023-12-07 00:00:00-05:00,66.2300033569336,67.05999755859375,65.8499984741211,66.87999725341797,1552400,0.0,0.0
2023-12-08 00:00:00-05:00,66.91999816894531,68.02999877929688,66.80999755859375,67.22000122070312,1641900,0.0,0.0
2023-12-11 00:00:00-05:00,67.23999786376953,68.0,66.45999908447266,67.0199966430664,1115600,0.0,0.0
2023-12-12 00:00:00-05:00,66.54000091552734,66.77999877929688,65.37999725341797,65.95999908447266,1311700,0.0,0.0
2023-12-13 00:00:00-05:00,65.97000122070312,71.44999694824219,65.93000030517578,71.05000305175781,2991900,0.0,0.0
2023-12-14 00:00:00-05:00,72.47000122070312,76.37999725341797,72.47000122070312,75.0,4292600,0.0,0.0
2023-12-15 00:00:00-05:00,75.16000366210938,76.66000366210938,74.27999877929688,74.73999786376953,3902200,0.0,0.0
2023-12-18 00:00:00-05:00,74.95999908447266,76.01000213623047,74.20999908447266,75.38999938964844,2705300,0.0,0.0
2023-12-19 00:00:00-05:00,75.19999694824219,77.43000030517578,75.01000213623047,76.63999938964844,3400500,0.0,0.0
2023-12-20 00:00:00-05:00,75.94000244140625,77.16999816894531,74.61000061035156,74.68000030517578,3818500,0.0,0.0
2023-12-21 00:00:00-05:00,84.19999694824219,84.19999694824219,77.2300033569336,78.55000305175781,7568000,0.0,0.0
2023-12-22 00:00:00-05:00,77.94000244140625,78.93000030517578,76.08999633789062,76.5199966430664,2308500,0.0,0.0
2023-12-26 00:00:00-05:00,76.41000366210938,76.47000122070312,74.31999969482422,76.18000030517578,2240700,0.0,0.0
2023-12-27 00:00:00-05:00,76.37999725341797,78.29000091552734,75.9800033569336,78.0,2110100,0.0,0.0
2023-12-28 00:00:00-05:00,77.41999816894531,78.0199966430664,76.7699966430664,77.83999633789062,1057200,0.0,0.0
2023-12-29 00:00:00-05:00,76.7300033569336,77.5199966430664,76.47000122070312,76.73999786376953,1408800,0.0,0.0
2024-01-02 00:00:00-05:00,76.55000305175781,77.62999725341797,75.41000366210938,76.19999694824219,2176300,0.0,0.0
2024-01-03 00:00:00-05:00,74.52999877929688,75.27999877929688,72.16000366210938,72.52999877929688,2473300,0.0,0.0
2024-01-04 00:00:00-05:00,72.13999938964844,72.86000061035156,71.5,71.83000183105469,1653400,0.0,0.0
2024-01-05 00:00:00-05:00,71.41999816894531,74.08999633789062,71.18000030517578,73.0,1536000,0.0,0.0
2024-01-08 00:00:00-05:00,72.81999969482422,73.88999938964844,72.18000030517578,73.01000213623047,1469600,0.0,0.0
2024-01-09 00:00:00-05:00,72.2300033569336,72.77999877929688,71.63999938964844,72.52999877929688,1462800,0.0,0.0
2024-01-10 00:00:00-05:00,72.58000183105469,72.87999725341797,71.20999908447266,72.58000183105469,1742700,0.0,0.0
2024-01-11 00:00:00-05:00,72.48999786376953,72.48999786376953,70.61000061035156,71.87999725341797,4046300,0.0,0.0
2024-01-12 00:00:00-05:00,72.2300033569336,72.76000213623047,69.16000366210938,69.58999633789062,2116500,0.0,0.0
2024-01-16 00:00:00-05:00,68.87000274658203,69.94000244140625,68.22000122070312,69.62000274658203,1762800,0.0,0.0
2024-01-17 00:00:00-05:00,68.26000213623047,69.25,66.86000061035156,67.83999633789062,2488600,0.0,0.0
2024-01-18 00:00:00-05:00,68.01000213623047,68.91000366210938,67.88999938964844,68.55999755859375,2159400,0.0,0.0
2024-01-19 00:00:00-05:00,68.63999938964844,70.16000366210938,67.0999984741211,69.1500015258789,1876600,0.0,0.0
2024-01-22 00:00:00-05:00,69.87000274658203,71.13999938964844,69.61000061035156,70.16000366210938,1379900,0.0,0.0
2024-01-23 00:00:00-05:00,70.98999786376953,71.66999816894531,68.68000030517578,69.22000122070312,1457500,0.0,0.0
2024-01-24 00:00:00-05:00,70.12999725341797,70.25,67.23999786376953,67.44999694824219,1647700,0.0,0.0
2024-01-25 00:00:00-05:00,68.51000213623047,69.19999694824219,67.5,69.08000183105469,1649400,0.0,0.0
2024-01-26 00:00:00-05:00,69.41999816894531,70.61000061035156,69.4000015258789,70.11000061035156,1859200,0.0,0.0
2024-01-29 00:00:00-05:00,69.91999816894531,73.06999969482422,69.56999969482422,72.94999694824219,2239400,0.0,0.0
2024-01-30 00:00:00-05:00,72.3499984741211,73.75,72.2699966430664,72.75,1930700,0.0,0.0
2024-01-31 00:00:00-05:00,71.97000122070312,73.97000122070312,71.04000091552734,71.18000030517578,2047500,0.0,0.0
2024-02-01 00:00:00-05:00,71.61000061035156,72.83999633789062,70.38999938964844,72.83999633789062,1961000,0.0,0.0
2024-02-02 00:00:00-05:00,71.43000030517578,73.98999786376953,70.1500015258789,72.79000091552734,1833900,0.0,0.0
2024-02-05 00:00:00-05:00,71.31999969482422,71.83000183105469,69.93000030517578,70.98999786376953,1661700,0.0,0.0
2024-02-06 00:00:00-05:00,70.97000122070312,72.30000305175781,70.58000183105469,71.83000183105469,2046200,0.0,0.0
2024-02-07 00:00:00-05:00,72.47000122070312,73.19000244140625,71.77999877929688,72.30000305175781,1979900,0.0,0.0
2024-02-08 00:00:00-05:00,72.01000213623047,73.38999938964844,71.9000015258789,73.30000305175781,1491000,0.0,0.0
2024-02-09 00:00:00-05:00,73.55999755859375,74.86000061035156,72.9000015258789,74.79000091552734,1821200,0.0,0.0
2024-02-12 00:00:00-05:00,75.13999938964844,77.47000122070312,75.08000183105469,76.94999694824219,1659000,0.0,0.0
2024-02-13 00:00:00-05:00,73.5199966430664,74.26000213623047,71.87000274658203,72.54000091552734,2504800,0.0,0.0
2024-02-14 00:00:00-05:00,72.95999908447266,73.4000015258789,71.66000366210938,72.76000213623047,1418300,0.0,0.0
2024-02-15 00:00:00-05:00,73.2699966430664,74.63999938964844,73.13999938964844,74.33000183105469,1113100,0.0,0.0
2024-02-16 00:00:00-05:00,72.41000366210938,73.12999725341797,71.33000183105469,71.87999725341797,1255200,0.0,0.0
2024-02-20 00:00:00-05:00,70.62999725341797,71.55999755859375,70.12000274658203,70.66000366210938,1131500,0.0,0.0
2024-02-21 00:00:00-05:00,70.16000366210938,71.19000244140625,69.61000061035156,70.62000274658203,886800,0.0,0.0
2024-02-22 00:00:00-05:00,73.63999938964844,73.6500015258789,71.08999633789062,72.88999938964844,1967100,0.0,0.0
2024-02-23 00:00:00-05:00,73.20999908447266,74.77999877929688,73.19000244140625,73.33000183105469,1464400,0.0,0.0
2024-02-26 00:00:00-05:00,73.01000213623047,75.11000061035156,73.01000213623047,73.95999908447266,1227500,0.0,0.0
2024-02-27 00:00:00-05:00,74.63999938964844,77.0,74.16000366210938,76.66000366210938,1435700,0.0,0.0
2024-02-28 00:00:00-05:00,76.06999969482422,76.80999755859375,75.4800033569336,76.70999908447266,1171600,0.0,0.0
2024-02-29 00:00:00-05:00,77.55999755859375,79.1500015258789,77.20999908447266,79.0,2193400,0.0,0.0
2024-03-01 00:00:00-05:00,78.66000366210938,79.56999969482422,76.91999816894531,79.30000305175781,1300600,0.0,0.0
2024-03-04 00:00:00-05:00,78.87000274658203,80.27999877929688,78.76000213623047,79.58000183105469,1053000,0.0,0.0
2024-03-05 00:00:00-05:00,79.19000244140625,80.62000274658203,78.61000061035156,80.12000274658203,1207500,0.0,0.0
2024-03-06 00:00:00-05:00,81.5,81.66000366210938,79.9000015258789,80.58000183105469,1993900,0.0,0.0
2024-03-07 00:00:00-05:00,80.87000274658203,81.62000274658203,79.88999938964844,80.66000366210938,1171900,0.0,0.0
2024-03-08 00:00:00-05:00,81.5,83.12000274658203,81.05999755859375,81.7699966430664,1545700,0.0,0.0
2024-03-11 00:00:00-04:00,81.3499984741211,82.02999877929688,80.41999816894531,81.12999725341797,1291600,0.0,0.0
2024-03-12 00:00:00-04:00,81.0,82.56999969482422,80.5999984741211,82.01000213623047,1277700,0.0,0.0
2024-03-13 00:00:00-04:00,81.80999755859375,83.38999938964844,81.80999755859375,83.22000122070312,1232300,0.0,0.0
2024-03-14 00:00:00-04:00,82.94999694824219,83.05000305175781,80.18000030517578,80.94000244140625,1594500,0.0,0.0
2024-03-15 00:00:00-04:00,80.7300033569336,81.94999694824219,80.12999725341797,80.73999786376953,1915500,0.0,0.0
2024-03-18 00:00:00-04:00,81.18000030517578,81.38999938964844,79.62000274658203,79.83000183105469,1208200,0.0,0.0
2024-03-19 00:00:00-04:00,78.88999938964844,81.27999877929688,78.88999938964844,80.8499984741211,1140700,0.0,0.0
2024-03-20 00:00:00-04:00,82.81999969482422,83.73999786376953,81.62999725341797,83.08000183105469,2050300,0.0,0.0
2024-03-21 00:00:00-04:00,83.9800033569336,87.02999877929688,83.8499984741211,86.44000244140625,2249700,0.0,0.0
2024-03-22 00:00:00-04:00,86.20999908447266,86.77999877929688,85.27999877929688,85.52999877929688,1328700,0.0,0.0
2024-03-25 00:00:00-04:00,85.91000366210938,86.9000015258789,85.2300033569336,85.77999877929688,1334500,0.0,0.0
2024-03-26 00:00:00-04:00,86.30000305175781,87.4000015258789,85.62999725341797,85.75,1640000,0.0,0.0
2024-03-27 00:00:00-04:00,86.01000213623047,87.20999908447266,85.70999908447266,86.9800033569336,1638000,0.0,0.0
2024-03-28 00:00:00-04:00,87.25,88.22000122070312,86.91999816894531,87.11000061035156,1937900,0.0,0.0
2024-04-01 00:00:00-04:00,86.33000183105469,86.61000061035156,85.08000183105469,85.94000244140625,2028900,0.0,0.0
2024-04-02 00:00:00-04:00,85.12999725341797,85.69999694824219,83.70999908447266,83.80999755859375,2115800,0.0,0.0
2024-04-03 00:00:00-04:00,83.68000030517578,84.19999694824219,82.73999786376953,83.62000274658203,2722500,0.0,0.0
2024-04-04 00:00:00-04:00,83.94000244140625,84.52999877929688,80.27999877929688,80.66999816894531,2161200,0.0,0.0
2024-04-05 00:00:00-04:00,80.5,81.86000061035156,80.02999877929688,81.48999786376953,1693800,0.0,0.0
2024-04-08 00:00:00-04:00,83.06999969482422,83.77999877929688,82.23999786376953,82.87000274658203,1758900,0.0,0.0
2024-04-09 00:00:00-04:00,83.05000305175781,84.0199966430664,82.80000305175781,83.38999938964844,1844400,0.0,0.0
2024-04-10 00:00:00-04:00,80.5199966430664,80.91999816894531,78.9000015258789,79.30000305175781,3605800,0.0,0.0
2024-04-11 00:00:00-04:00,73.37999725341797,74.45999908447266,68.5,71.9800033569336,14125500,0.0,0.0
2024-04-12 00:00:00-04:00,70.97000122070312,72.47000122070312,70.5,71.41000366210938,4230100,0.0,0.0
2024-04-15 00:00:00-04:00,71.05999755859375,71.93000030517578,69.0199966430664,69.45999908447266,3638000,0.0,0.0
2024-04-16 00:00:00-04:00,69.56999969482422,70.13999938964844,68.91999816894531,69.80000305175781,3049300,0.0,0.0
2024-04-17 00:00:00-04:00,69.98999786376953,70.25,68.51000213623047,68.52999877929688,2110200,0.0,0.0
2024-04-18 00:00:00-04:00,68.83000183105469,69.66999816894531,67.72000122070312,67.91000366210938,2508400,0.0,0.0
2024-04-19 00:00:00-04:00,68.0,68.75,67.87000274658203,68.33999633789062,1824400,0.0,0.0
2024-04-22 00:00:00-04:00,68.4000015258789,68.69000244140625,67.30999755859375,67.87999725341797,1884200,0.0,0.0
2024-04-23 00:00:00-04:00,68.19000244140625,70.0,68.0199966430664,69.69000244140625,1563100,0.0,0.0
2024-04-24 00:00:00-04:00,69.44000244140625,70.77999877929688,69.04000091552734,70.2699966430664,2882600,0.0,0.0
2024-04-25 00:00:00-04:00,69.04000091552734,69.55999755859375,67.6500015258789,69.22000122070312,2809800,0.0,0.0
2024-04-26 00:00:00-04:00,69.06999969482422,70.20999908447266,69.05000305175781,69.58999633789062,2625800,0.0,0.0
2024-04-29 00:00:00-04:00,70.0199966430664,70.6500015258789,69.18000030517578,69.3499984741211,1673600,0.0,0.0
2024-04-30 00:00:00-04:00,68.41999816894531,68.97000122070312,67.55999755859375,67.97000122070312,2072800,0.0,0.0
2024-05-01 00:00:00-04:00,67.9000015258789,69.19000244140625,67.0199966430664,67.20999908447266,1787400,0.0,0.0
2024-05-02 00:00:00-04:00,68.66999816894531,68.70999908447266,65.83000183105469,68.04000091552734,2950100,0.0,0.0
2024-05-03 00:00:00-04:00,69.43000030517578,70.33999633789062,68.6500015258789,68.70999908447266,1860200,0.0,0.0
2024-05-06 00:00:00-04:00,69.68000030517578,70.41000366210938,69.22000122070312,69.58999633789062,1794300,0.0,0.0
2024-05-07 00:00:00-04:00,69.95999908447266,70.91999816894531,69.22000122070312,69.2300033569336,1532900,0.0,0.0
2024-05-08 00:00:00-04:00,68.37999725341797,70.58000183105469,68.23999786376953,70.33999633789062,1674200,0.0,0.0
2024-05-09 00:00:00-04:00,70.5,71.58999633789062,70.43000030517578,71.04000091552734,1741500,0.0,0.0
2024-05-10 00:00:00-04:00,71.19000244140625,71.94000244140625,70.80999755859375,71.70999908447266,1404900,0.0,0.0
2024-05-13 00:00:00-04:00,72.41000366210938,76.79000091552734,72.23999786376953,74.9000015258789,3374700,0.0,0.0
2024-05-14 00:00:00-04:00,76.19999694824219,77.77999877929688,75.16000366210938,75.76000213623047,2178300,0.0,0.0
2024-05-15 00:00:00-04:00,76.62999725341797,76.6500015258789,74.16999816894531,74.3499984741211,1797600,0.0,0.0
2024-05-16 00:00:00-04:00,74.26000213623047,74.73999786376953,72.87999725341797,72.9800033569336,1568800,0.0,0.0
2024-05-17 00:00:00-04:00,72.4000015258789,73.18000030517578,71.80999755859375,72.81999969482422,1725700,0.0,0.0
2024-05-20 00:00:00-04:00,73.04000091552734,73.2699966430664,72.06999969482422,72.56999969482422,1170100,0.0,0.0
2024-05-21 00:00:00-04:00,72.55000305175781,72.83999633789062,71.4800033569336,71.97000122070312,1612100,0.0,0.0
2024-05-22 00:00:00-04:00,71.69999694824219,71.97000122070312,69.52999877929688,69.76000213623047,1733000,0.0,0.0
2024-05-23 00:00:00-04:00,69.87999725341797,69.94000244140625,68.43000030517578,68.93000030517578,1345600,0.0,0.0
2024-05-24 00:00:00-04:00,69.41999816894531,69.88999938964844,68.97000122070312,69.87999725341797,733800,0.0,0.0
2024-05-28 00:00:00-04:00,70.16999816894531,70.43000030517578,68.94000244140625,69.1500015258789,1271500,0.0,0.0
2024-05-29 00:00:00-04:00,67.91999816894531,68.5199966430664,66.87000274658203,67.43000030517578,1595200,0.0,0.0
2024-05-30 00:00:00-04:00,68.12000274658203,69.88999938964844,67.7699966430664,69.6500015258789,1568700,0.0,0.0
2024-05-31 00:00:00-04:00,70.05999755859375,70.83999633789062,69.30000305175781,70.26000213623047,2273300,0.0,0.0
2024-06-03 00:00:00-04:00,71.5,71.51000213623047,70.01000213623047,70.52999877929688,1551500,0.0,0.0
2024-06-04 00:00:00-04:00,69.94999694824219,71.13999938964844,69.6500015258789,70.9800033569336,1572300,0.0,0.0
2024-06-05 00:00:00-04:00,71.02999877929688,72.36000061035156,70.0999984741211,72.30000305175781,1345900,0.0,0.0
2024-06-06 00:00:00-04:00,70.5,71.75,69.88999938964844,70.06999969482422,1713600,0.0,0.0
2024-06-07 00:00:00-04:00,69.16000366210938,69.66000366210938,68.81999969482422,69.16999816894531,1766100,0.0,0.0
2024-06-10 00:00:00-04:00,69.02999877929688,69.37999725341797,68.36000061035156,68.47000122070312,1682500,0.0,0.0
2024-06-11 00:00:00-04:00,68.20999908447266,69.54000091552734,67.58999633789062,68.87999725341797,1675700,0.0,0.0
2024-06-12 00:00:00-04:00,70.77999877929688,73.0,70.08999633789062,70.0999984741211,2093200,0.0,0.0
2024-06-13 00:00:00-04:00,69.63999938964844,70.88999938964844,69.08000183105469,70.29000091552734,1348800,0.0,0.0
2024-06-14 00:00:00-04:00,69.36000061035156,69.94000244140625,68.01000213623047,69.91000366210938,2010900,0.0,0.0
2024-06-17 00:00:00-04:00,69.75,71.79000091552734,69.38999938964844,71.68000030517578,2075900,0.0,0.0
2024-06-18 00:00:00-04:00,71.25,72.04000091552734,70.30999755859375,71.5,2819900,0.0,0.0
2024-06-20 00:00:00-04:00,71.08999633789062,72.05000305175781,70.51000213623047,71.36000061035156,4955500,0.0,0.0
2024-06-21 00:00:00-04:00,73.73999786376953,74.8499984741211,70.66999816894531,71.62999725341797,5677800,0.0,0.0
2024-06-24 00:00:00-04:00,70.97000122070312,73.83000183105469,70.87999725341797,73.18000030517578,3581600,0.0,0.0
2024-06-25 00:00:00-04:00,73.0,73.6500015258789,71.23999786376953,71.7699966430664,2880600,0.0,0.0
2024-06-26 00:00:00-04:00,71.33000183105469,72.83000183105469,71.05000305175781,72.7300033569336,1936300,0.0,0.0
2024-06-27 00:00:00-04:00,73.01000213623047,73.48999786376953,72.19999694824219,73.33000183105469,1365400,0.0,0.0
2024-06-28 00:00:00-04:00,73.19000244140625,74.56999969482422,72.86000061035156,73.33999633789062,2223400,0.0,0.0
2024-07-01 00:00:00-04:00,73.1500015258789,73.95999908447266,71.18000030517578,71.20999908447266,1649300,0.0,0.0
2024-07-02 00:00:00-04:00,71.29000091552734,73.33000183105469,70.75,73.27999877929688,1900100,0.0,0.0
2024-07-03 00:00:00-04:00,73.69999694824219,74.61000061035156,72.80000305175781,72.87999725341797,1315100,0.0,0.0
2024-07-05 00:00:00-04:00,72.77999877929688,72.77999877929688,71.45999908447266,71.58000183105469,2293600,0.0,0.0
2024-07-08 00:00:00-04:00,72.19000244140625,73.33999633789062,72.12999725341797,73.0,1293600,0.0,0.0
2024-07-09 00:00:00-04:00,72.69999694824219,72.94999694824219,72.16000366210938,72.26000213623047,1280000,0.0,0.0
2024-07-10 00:00:00-04:00,73.0,77.3499984741211,72.7300033569336,76.93000030517578,4778500,0.0,0.0
2024-07-11 00:00:00-04:00,78.56999969482422,80.05999755859375,78.22000122070312,79.70999908447266,2759200,0.0,0.0
2024-07-12 00:00:00-04:00,78.5,81.69000244140625,77.69999694824219,80.93000030517578,2107600,0.0,0.0
2024-07-15 00:00:00-04:00,80.41000366210938,82.79000091552734,80.41000366210938,82.0,1567100,0.0,0.0
2024-07-16 00:00:00-04:00,82.72000122070312,84.2300033569336,82.08999633789062,84.0199966430664,1972000,0.0,0.0
2024-07-17 00:00:00-04:00,83.0199966430664,83.8499984741211,82.56999969482422,82.9000015258789,1446100,0.0,0.0
2024-07-18 00:00:00-04:00,82.58000183105469,84.26000213623047,81.48999786376953,81.81999969482422,1881500,0.0,0.0
2024-07-19 00:00:00-04:00,82.0199966430664,82.5199966430664,79.7300033569336,80.01000213623047,1459600,0.0,0.0
2024-07-22 00:00:00-04:00,80.5,80.88999938964844,78.94000244140625,80.79000091552734,1181700,0.0,0.0
2024-07-23 00:00:00-04:00,80.19999694824219,80.5999984741211,79.33000183105469,80.3499984741211,1117000,0.0,0.0
2024-07-24 00:00:00-04:00,80.0,82.08000183105469,79.86000061035156,79.9000015258789,1636300,0.0,0.0
2024-07-25 00:00:00-04:00,79.4800033569336,82.9000015258789,79.25,81.55000305175781,1247800,0.0,0.0
2024-07-26 00:00:00-04:00,82.61000061035156,83.62999725341797,82.12000274658203,83.0199966430664,1002700,0.0,0.0
2024-07-29 00:00:00-04:00,83.08000183105469,83.75,82.44999694824219,83.26000213623047,1022400,0.0,0.0
2024-07-30 00:00:00-04:00,83.55000305175781,84.48999786376953,82.66999816894531,84.31999969482422,1213400,0.0,0.0
2024-07-31 00:00:00-04:00,84.5,86.20999908447266,83.77999877929688,84.44000244140625,1478600,0.0,0.0
2024-08-01 00:00:00-04:00,85.0999984741211,85.7300033569336,80.19999694824219,81.5999984741211,2566900,0.0,0.0
2024-08-02 00:00:00-04:00,79.37000274658203,79.37000274658203,77.6500015258789,78.37999725341797,2140000,0.0,0.0
2024-08-05 00:00:00-04:00,74.80000305175781,76.80999755859375,73.27999877929688,74.69999694824219,2442300,0.0,0.0
2024-08-06 00:00:00-04:00,74.70999908447266,76.76000213623047,73.70999908447266,75.36000061035156,2220300,0.0,0.0
2024-08-07 00:00:00-04:00,76.66000366210938,77.0,73.62000274658203,73.7300033569336,2565400,0.0,0.0
2024-08-08 00:00:00-04:00,74.04000091552734,76.06999969482422,74.04000091552734,75.83000183105469,1162200,0.0,0.0
2024-08-09 00:00:00-04:00,75.81999969482422,75.83000183105469,74.38999938964844,75.69000244140625,1487300,0.0,0.0
2024-08-12 00:00:00-04:00,75.70999908447266,75.9800033569336,73.5,73.56999969482422,1118300,0.0,0.0
2024-08-13 00:00:00-04:00,73.9000015258789,77.01000213623047,73.58000183105469,76.81999969482422,1450700,0.0,0.0
2024-08-14 00:00:00-04:00,77.08999633789062,78.7300033569336,76.80000305175781,77.44999694824219,1414300,0.0,0.0
2024-08-15 00:00:00-04:00,79.3499984741211,80.5199966430664,78.61000061035156,79.83999633789062,1530400,0.0,0.0
2024-08-16 00:00:00-04:00,79.75,80.91000366210938,79.26000213623047,79.86000061035156,1114200,0.0,0.0
2024-08-19 00:00:00-04:00,80.0199966430664,81.19000244140625,79.37000274658203,80.30999755859375,1028800,0.0,0.0
2024-08-20 00:00:00-04:00,80.08999633789062,80.4800033569336,79.33999633789062,79.79000091552734,623200,0.0,0.0
2024-08-21 00:00:00-04:00,80.4800033569336,82.51000213623047,80.33000183105469,82.48999786376953,1257400,0.0,0.0
2024-08-22 00:00:00-04:00,82.30000305175781,82.5999984741211,81.66999816894531,82.12999725341797,653500,0.0,0.0
2024-08-23 00:00:00-04:00,83.05000305175781,85.94000244140625,82.37999725341797,85.77999877929688,1635200,0.0,0.0
2024-08-26 00:00:00-04:00,86.55000305175781,86.81999969482422,84.98999786376953,85.0199966430664,1524000,0.0,0.0
2024-08-27 00:00:00-04:00,84.54000091552734,84.81999969482422,83.27999877929688,84.41000366210938,1080500,0.0,0.0
2024-08-28 00:00:00-04:00,84.0199966430664,85.33000183105469,83.75,84.75,1053700,0.0,0.0
2024-08-29 00:00:00-04:00,85.47000122070312,85.88999938964844,83.97000122070312,85.30999755859375,1383300,0.0,0.0
2024-08-30 00:00:00-04:00,85.80999755859375,85.94000244140625,83.55999755859375,84.55000305175781,1163600,0.0,0.0
2024-09-03 00:00:00-04:00,83.52999877929688,84.22000122070312,82.43000030517578,83.02999877929688,1062000,0.0,0.0
2024-09-04 00:00:00-04:00,82.81999969482422,83.05000305175781,81.83000183105469,81.8499984741211,1544900,0.0,0.0
2024-09-05 00:00:00-04:00,82.3499984741211,82.5199966430664,80.58000183105469,80.91000366210938,1245600,0.0,0.0
2024-09-06 00:00:00-04:00,80.55000305175781,81.63999938964844,79.31999969482422,79.37999725341797,1047100,0.0,0.0
2024-09-09 00:00:00-04:00,79.68000030517578,81.55000305175781,79.68000030517578,80.62999725341797,1468900,0.0,0.0
2024-09-10 00:00:00-04:00,79.51000213623047,79.83000183105469,75.16000366210938,77.72000122070312,2987700,0.0,0.0
2024-09-11 00:00:00-04:00,76.88999938964844,76.88999938964844,73.83999633789062,75.19999694824219,1938600,0.0,0.0
2024-09-12 00:00:00-04:00,75.44000244140625,76.91000366210938,74.61000061035156,76.27999877929688,1232500,0.0,0.0
2024-09-13 00:00:00-04:00,77.16000366210938,78.94999694824219,77.16000366210938,78.77999877929688,1489400,0.0,0.0
2024-09-16 00:00:00-04:00,79.5999984741211,80.77999877929688,78.31999969482422,79.04000091552734,1271400,0.0,0.0
2024-09-17 00:00:00-04:00,79.7300033569336,80.5199966430664,78.91999816894531,79.38999938964844,1831600,0.0,0.0
2024-09-18 00:00:00-04:00,79.3499984741211,79.94000244140625,77.06999969482422,77.20999908447266,2652600,0.0,0.0
2024-09-19 00:00:00-04:00,79.4000015258789,79.44999694824219,77.0,77.38999938964844,2873500,0.0,0.0
2024-09-20 00:00:00-04:00,77.1500015258789,77.91000366210938,75.52999877929688,76.0999984741211,3706700,0.0,0.0
2024-09-23 00:00:00-04:00,76.41999816894531,77.18000030517578,75.83000183105469,76.44999694824219,1818100,0.0,0.0
2024-09-24 00:00:00-04:00,76.5,76.55000305175781,75.69000244140625,76.5,2471300,0.0,0.0
2024-09-25 00:00:00-04:00,76.41000366210938,76.41999816894531,74.36000061035156,74.48999786376953,3611900,0.0,0.0
2024-09-26 00:00:00-04:00,72.98999786376953,79.70999908447266,72.7300033569336,78.20999908447266,6531600,0.0,0.0
2024-09-27 00:00:00-04:00,78.87000274658203,79.16999816894531,76.29000091552734,77.31999969482422,2728200,0.0,0.0
2024-09-30 00:00:00-04:00,76.93000030517578,77.83000183105469,76.41000366210938,77.37999725341797,2010900,0.0,0.0
2024-10-01 00:00:00-04:00,76.81999969482422,78.61000061035156,75.83999633789062,78.16999816894531,2419700,0.0,0.0
2024-10-02 00:00:00-04:00,77.44999694824219,77.4800033569336,75.20999908447266,75.43000030517578,1681300,0.0,0.0
2024-10-03 00:00:00-04:00,74.86000061035156,74.86000061035156,73.69999694824219,74.19000244140625,1494800,0.0,0.0
2024-10-04 00:00:00-04:00,75.4000015258789,75.63999938964844,72.56999969482422,73.08999633789062,2158300,0.0,0.0
2024-10-07 00:00:00-04:00,72.5,73.12000274658203,71.05999755859375,72.2699966430664,2142200,0.0,0.0
2024-10-08 00:00:00-04:00,72.19999694824219,73.16000366210938,71.06999969482422,72.12999725341797,1878800,0.0,0.0
2024-10-09 00:00:00-04:00,72.13999938964844,72.13999938964844,71.0,71.19999694824219,1701100,0.0,0.0
2024-10-10 00:00:00-04:00,70.75,71.66000366210938,69.94999694824219,71.11000061035156,1909400,0.0,0.0
2024-10-11 00:00:00-04:00,71.19999694824219,72.37000274658203,71.19000244140625,72.13999938964844,1411700,0.0,0.0
2024-10-14 00:00:00-04:00,72.04000091552734,73.19000244140625,71.22000122070312,73.04000091552734,1490000,0.0,0.0
2024-10-15 00:00:00-04:00,73.19000244140625,75.66000366210938,73.19000244140625,73.66999816894531,1924200,0.0,0.0
2024-10-16 00:00:00-04:00,74.98999786376953,75.47000122070312,74.1500015258789,74.80999755859375,1250800,0.0,0.0
2024-10-17 00:00:00-04:00,75.01000213623047,75.30999755859375,74.26000213623047,75.12000274658203,1222700,0.0,0.0
2024-10-18 00:00:00-04:00,75.25,75.25,74.11000061035156,74.69999694824219,1198300,0.0,0.0
2024-10-21 00:00:00-04:00,74.36000061035156,74.37000274658203,71.80999755859375,71.94000244140625,2117400,0.0,0.0
2024-10-22 00:00:00-04:00,71.4000015258789,72.0199966430664,70.81999969482422,71.4800033569336,1659600,0.0,0.0
2024-10-23 00:00:00-04:00,71.41999816894531,73.29000091552734,71.37999725341797,72.0,1752900,0.0,0.0
2024-10-24 00:00:00-04:00,72.52999877929688,72.91999816894531,72.02999877929688,72.58000183105469,1079100,0.0,0.0
2024-10-25 00:00:00-04:00,72.58999633789062,72.73999786376953,71.94000244140625,72.0,1150000,0.0,0.0
2024-10-28 00:00:00-04:00,73.16000366210938,74.36000061035156,72.87999725341797,74.30999755859375,1198500,0.0,0.0
2024-10-29 00:00:00-04:00,73.5,74.02999877929688,73.0199966430664,73.70999908447266,994500,0.0,0.0
2024-10-30 00:00:00-04:00,73.87999725341797,75.70999908447266,73.66000366210938,74.05000305175781,1415400,0.0,0.0
2024-10-31 00:00:00-04:00,73.8499984741211,74.38999938964844,72.31999969482422,72.37999725341797,1296200,0.0,0.0
2024-11-01 00:00:00-04:00,72.62000274658203,74.26000213623047,72.05999755859375,72.30000305175781,1208300,0.0,0.0
2024-11-04 00:00:00-05:00,72.0,74.02999877929688,72.0,73.05999755859375,1251900,0.0,0.0
2024-11-05 00:00:00-05:00,72.3499984741211,73.98999786376953,72.02999877929688,73.87000274658203,1151600,0.0,0.0
2024-11-06 00:00:00-05:00,77.0,78.16000366210938,76.61000061035156,76.93000030517578,2566600,0.0,0.0
2024-11-07 00:00:00-05:00,77.0,77.37999725341797,75.44999694824219,76.44000244140625,1384100,0.0,0.0
2024-11-08 00:00:00-05:00,76.26000213623047,76.52999877929688,75.19000244140625,75.54000091552734,1390900,0.0,0.0
2024-11-11 00:00:00-05:00,75.69000244140625,77.43000030517578,75.62999725341797,76.77999877929688,1532500,0.0,0.0
2024-11-12 00:00:00-05:00,76.31999969482422,77.2300033569336,76.31999969482422,76.69000244140625,1508600,0.0,0.0
2024-11-13 00:00:00-05:00,77.5,78.91000366210938,76.69999694824219,77.86000061035156,2170000,0.0,0.0
2024-11-14 00:00:00-05:00,78.54000091552734,79.6500015258789,77.9000015258789,78.20999908447266,1465100,0.0,0.0
2024-11-15 00:00:00-05:00,77.94999694824219,78.41000366210938,77.16000366210938,78.02999877929688,1216000,0.0,0.0
2024-11-18 00:00:00-05:00,78.05000305175781,78.93000030517578,77.05999755859375,77.0999984741211,1933700,0.0,0.0
2024-11-19 00:00:00-05:00,75.6500015258789,75.81999969482422,74.36000061035156,75.30000305175781,1727600,0.0,0.0
2024-11-20 00:00:00-05:00,74.87000274658203,76.72000122070312,74.62999725341797,76.66000366210938,1924500,0.0,0.0
2024-11-21 00:00:00-05:00,77.91000366210938,81.33000183105469,77.5,80.62999725341797,3318100,0.0,0.0
2024-11-22 00:00:00-05:00,81.2699966430664,81.93000030517578,80.47000122070312,81.5999984741211,2052200,0.0,0.0
2024-11-25 00:00:00-05:00,83.08000183105469,86.48999786376953,82.18000030517578,85.1500015258789,3791200,0.0,0.0
2024-11-26 00:00:00-05:00,83.51000213623047,85.25,83.18000030517578,85.08999633789062,1605600,0.0,0.0
2024-11-27 00:00:00-05:00,85.6500015258789,86.36000061035156,84.02999877929688,84.58999633789062,1510900,0.0,0.0
2024-11-29 00:00:00-05:00,85.0,85.30999755859375,83.94999694824219,83.97000122070312,807500,0.0,0.0
2024-12-02 00:00:00-05:00,83.80999755859375,84.16000366210938,83.01000213623047,83.18000030517578,1553700,0.0,0.0
2024-12-03 00:00:00-05:00,83.22000122070312,84.66999816894531,82.7300033569336,84.22000122070312,2224900,0.0,0.0
2024-12-04 00:00:00-05:00,84.0,84.63999938964844,83.33000183105469,83.62999725341797,1680300,0.0,0.0
2024-12-05 00:00:00-05:00,84.18000030517578,85.4800033569336,84.18000030517578,84.55999755859375,1592300,0.0,0.0
2024-12-06 00:00:00-05:00,85.5,86.5999984741211,85.23999786376953,86.2300033569336,4643500,0.0,0.0
2024-12-09 00:00:00-05:00,86.44999694824219,87.9800033569336,86.41999816894531,87.19999694824219,2805900,0.0,0.0
2024-12-10 00:00:00-05:00,87.5,87.5,85.08999633789062,86.08000183105469,1486200,0.0,0.0
2024-12-11 00:00:00-05:00,87.0,87.87000274658203,86.55000305175781,87.0,1489000,0.0,0.0
2024-12-12 00:00:00-05:00,86.62999725341797,87.56999969482422,86.62000274658203,86.77999877929688,1281400,0.0,0.0
2024-12-13 00:00:00-05:00,86.79000091552734,86.79000091552734,85.52999877929688,86.26000213623047,1331100,0.0,0.0
2024-12-16 00:00:00-05:00,86.29000091552734,86.97000122070312,85.05000305175781,85.9800033569336,2407000,0.0,0.0
2024-12-17 00:00:00-05:00,85.19999694824219,85.87000274658203,83.08000183105469,83.12000274658203,3233500,0.0,0.0
2024-12-18 00:00:00-05:00,84.18000030517578,84.69000244140625,81.19999694824219,81.41999816894531,4153000,0.0,0.0
2024-12-19 00:00:00-05:00,91.25,91.25,82.98999786376953,84.2300033569336,5329400,0.0,0.0
2024-12-20 00:00:00-05:00,85.4000015258789,85.4000015258789,82.12000274658203,84.2699966430664,4192700,0.0,0.0
2024-12-23 00:00:00-05:00,84.11000061035156,84.19999694824219,82.52999877929688,83.69999694824219,1864100,0.0,0.0
2024-12-24 00:00:00-05:00,84.0,85.19999694824219,83.62999725341797,84.91000366210938,901600,0.0,0.0
2024-12-26 00:00:00-05:00,84.2300033569336,85.54000091552734,83.79000091552734,85.16999816894531,1160300,0.0,0.0
2024-12-27 00:00:00-05:00,84.0999984741211,85.30999755859375,83.2699966430664,83.7699966430664,1319900,0.0,0.0
2024-12-30 00:00:00-05:00,83.33000183105469,83.3499984741211,82.04000091552734,82.05999755859375,1149000,0.0,0.0
2024-12-31 00:00:00-05:00,82.2699966430664,82.38999938964844,81.44000244140625,81.76000213623047,1280200,0.0,0.0
2025-01-02 00:00:00-05:00,82.13999938964844,82.87000274658203,81.13999938964844,81.22000122070312,1713400,0.0,0.0
2025-01-03 00:00:00-05:00,80.75,81.33000183105469,79.5,80.06999969482422,1963200,0.0,0.0
