Date,Open,High,Low,Close,Volume,Dividends,Stock Splits
2017-11-22 00:00:00+09:00,2123.5661062672652,2496.995081578039,2123.5661062672652,2253.021484375,4570400,0.0,0.0
2017-11-23 00:00:00+09:00,2253.021484375,2253.021484375,2253.021484375,2253.021484375,0,0.0,0.0
2017-11-24 00:00:00+09:00,2496.9950623426394,2626.450439453125,2479.5683769623815,2626.450439453125,1887200,0.0,0.0
2017-11-27 00:00:00+09:00,2925.193799008303,3373.30859375,2808.1860470479705,3373.30859375,5725200,0.0,0.0
2017-11-28 00:00:00+09:00,3298.622574765458,3791.548816126636,3161.6986188317974,3495.295166015625,5778400,0.0,0.0
2017-11-29 00:00:00+09:00,3345.9236375762193,3669.562084663205,3228.915891321694,3266.2587890625,2269200,0.0,0.0
2017-11-30 00:00:00+09:00,3238.87399165588,3423.0989535179365,3019.7956586307323,3365.83984375,2412000,0.0,0.0
2017-12-01 00:00:00+09:00,3584.918121161488,3833.8707684643696,3410.6512680494716,3445.504638671875,3988000,0.0,0.0
2017-12-04 00:00:00+09:00,3360.860905177157,3550.0649265056486,3181.614990234375,3181.614990234375,1726000,0.0,0.0
2017-12-05 00:00:00+09:00,3236.384491952714,3664.5830555033813,3161.698695984575,3313.559814453125,3324800,0.0,0.0
2017-12-06 00:00:00+09:00,3388.2456102525866,3883.6613901499154,3343.4341326739336,3684.499267578125,6569600,0.0,0.0
2017-12-07 00:00:00+09:00,3808.975437821337,4070.3757129659384,3764.163962082262,3873.703125,5189200,0.0,0.0
2017-12-08 00:00:00+09:00,4000.669006892988,4020.5852185016647,3560.0228250510095,3622.260986328125,2348800,0.0,0.0
2017-12-11 00:00:00+09:00,3584.9181138239337,3754.2059136433973,3410.6512610686036,3619.771484375,1263200,0.0,0.0
2017-12-12 00:00:00+09:00,3657.1145030545113,3734.2898261278197,3311.0703125,3311.0703125,1283200,0.0,0.0
2017-12-13 00:00:00+09:00,3236.38443292356,3291.154015634574,3042.201366948146,3047.180419921875,1061200,0.0,0.0
2017-12-14 00:00:00+09:00,3196.5521345280044,3360.860889106547,3149.2511294220603,3355.8818359375,999600,0.0,0.0
2017-12-15 00:00:00+09:00,3380.7771709735575,3433.0572303185095,3261.2798924708104,3398.203857421875,815200,0.0,0.0
2017-12-18 00:00:00+09:00,3435.54638671875,3457.9521240234376,3211.489013671875,3286.1748046875,870800,0.0,0.0
2017-12-19 00:00:00+09:00,3236.384523376938,3278.706474836483,3149.251093901405,3211.4892578125,314400,0.0,0.0
2017-12-20 00:00:00+09:00,3482.8476200441114,3816.444175502232,3365.839872980442,3659.60400390625,3055600,0.0,0.0
2017-12-21 00:00:00+09:00,3682.0098476372873,3846.318603515625,3545.0858844053396,3846.318603515625,1923600,0.0,0.0
2017-12-22 00:00:00+09:00,3784.080377394153,3838.8499618038054,3654.624996062248,3704.41552734375,1234400,0.0,0.0
2017-12-25 00:00:00+09:00,3709.39453125,4451.2734375,3709.39453125,4451.2734375,4114400,0.0,0.0
2017-12-26 00:00:00+09:00,4727.611171978522,4924.2837799755225,4192.362935024661,4227.21630859375,4057600,0.0,0.0
2017-12-27 00:00:00+09:00,4506.042748508485,4832.170704339761,4466.210326422221,4603.13427734375,2675200,0.0,0.0
2017-12-28 00:00:00+09:00,4573.260338753328,4966.605539364665,4212.278983761911,4441.3154296875,3073600,0.0,0.0
2017-12-29 00:00:00+09:00,4598.155318549048,4742.5478515625,4413.930362635335,4742.5478515625,1585200,0.0,0.0
2018-01-01 00:00:00+09:00,4742.5478515625,4742.5478515625,4742.5478515625,4742.5478515625,0,0.0,0.0
2018-01-02 00:00:00+09:00,4742.5478515625,4742.5478515625,4742.5478515625,4742.5478515625,0,0.0,0.0
2018-01-03 00:00:00+09:00,4742.5478515625,4742.5478515625,4742.5478515625,4742.5478515625,0,0.0,0.0
2018-01-04 00:00:00+09:00,4929.2621556605345,4951.667892731719,4605.623731298984,4685.28857421875,1229200,0.0,0.0
2018-01-05 00:00:00+09:00,4613.092530224159,4675.330691722057,4443.804730949878,4588.197265625,588400,0.0,0.0
2018-01-08 00:00:00+09:00,4588.197265625,4588.197265625,4588.197265625,4588.197265625,0,0.0,0.0
2018-01-09 00:00:00+09:00,4662.883734931152,4662.883734931152,4277.007077742509,4423.88916015625,688000,0.0,0.0
2018-01-10 00:00:00+09:00,4356.6712135099615,4520.97995641948,4234.684419531683,4498.57421875,513600,0.0,0.0
2018-01-11 00:00:00+09:00,4408.951318774345,4575.749590009738,4279.495944084189,4394.01416015625,415200,0.0,0.0
2018-01-12 00:00:00+09:00,4344.223978361045,4369.119244712684,4279.4962858467825,4309.37060546875,192800,0.0,0.0
2018-01-15 00:00:00+09:00,4281.985626675104,4324.307577636428,4169.956932953953,4179.9150390625,342800,0.0,0.0
2018-01-16 00:00:00+09:00,4705.20508073613,4779.89087566845,4580.728755848931,4655.41455078125,1983200,0.0,0.0
2018-01-17 00:00:00+09:00,4702.715559629013,4794.828040151127,4533.427757588371,4555.83349609375,701600,0.0,0.0
2018-01-18 00:00:00+09:00,4605.6239072459275,4628.02964517307,4384.056054410853,4394.01416015625,326800,0.0,0.0
2018-01-19 00:00:00+09:00,4356.671217665312,4406.461745867201,4182.4043689587,4249.62158203125,343200,0.0,0.0
2018-01-22 00:00:00+09:00,4279.495944084189,4408.951318774345,4222.236836048159,4394.01416015625,257600,0.0,0.0
2018-01-23 00:00:00+09:00,4411.4411878360215,4655.414797547043,4381.56686827957,4630.51953125,411600,0.0,0.0
2018-01-24 00:00:00+09:00,4655.4145588743095,4759.974671961326,4461.231491712707,4506.04296875,459600,0.0,0.0
2018-01-25 00:00:00+09:00,4530.938449361687,4672.841466731807,4530.938449361687,4558.3232421875,214800,0.0,0.0
2018-01-26 00:00:00+09:00,4655.414405033506,4891.919414914888,4588.197191698798,4620.56103515625,1772000,0.0,0.0
2018-01-29 00:00:00+09:00,4720.142316235864,4777.401426612143,4593.1764627928105,4623.05078125,390400,0.0,0.0
2018-01-30 00:00:00+09:00,4618.071460954689,4637.987672107055,4426.377928613174,4525.958984375,302000,0.0,0.0
2018-01-31 00:00:00+09:00,4481.147703729282,4600.644975828729,4453.762912206492,4506.04296875,159200,0.0,0.0
2018-02-01 00:00:00+09:00,4580.728787280099,4580.728787280099,4496.08488577601,4528.44873046875,113600,0.0,0.0
2018-02-02 00:00:00+09:00,4461.231747159091,4511.022280051491,4279.496302101829,4381.56689453125,259200,0.0,0.0
2018-02-05 00:00:00+09:00,4232.195361960763,4234.6848886442685,4042.9913340142816,4227.21630859375,240800,0.0,0.0
2018-02-06 00:00:00+09:00,3654.6251124053974,3980.7531026813563,3502.763987162394,3741.758544921875,478000,0.0,0.0
2018-02-07 00:00:00+09:00,4040.5015634964925,4042.991090029762,3659.60400390625,3659.60400390625,217600,0.0,0.0
2018-02-08 00:00:00+09:00,3706.904981655659,3781.5907771221937,3667.0725574068406,3686.98876953125,105600,0.0,0.0
2018-02-09 00:00:00+09:00,3462.9312236638357,3604.834228515625,3428.0778540511155,3604.834228515625,162400,0.0,0.0
2018-02-12 00:00:00+09:00,3604.834228515625,3604.834228515625,3604.834228515625,3604.834228515625,0,0.0,0.0
2018-02-13 00:00:00+09:00,3709.3944795800267,3925.9832847635585,3699.4363735945767,3764.1640625,196000,0.0,0.0
2018-02-14 00:00:00+09:00,3846.3185456403266,3883.661444141689,3515.21151226158,3654.625,230400,0.0,0.0
2018-02-15 00:00:00+09:00,3726.8212186246305,3784.08032886402,3634.708736935177,3684.499267578125,100000,0.0,0.0
2018-02-16 00:00:00+09:00,3709.3947289347166,3754.206208881579,3664.5832489878544,3689.478515625,88800,0.0,0.0
2018-02-19 00:00:00+09:00,3811.4648681640624,4394.0140380859375,3784.080078125,4232.19482421875,446800,0.0,0.0
2018-02-20 00:00:00+09:00,4227.216221311037,4416.420245350871,4189.87332182949,4359.1611328125,335200,0.0,0.0
2018-02-21 00:00:00+09:00,4428.867922820096,4456.252716047202,4354.182123109808,4403.97265625,186400,0.0,0.0
2018-02-22 00:00:00+09:00,4451.273021566901,4488.615916043133,4371.608180017605,4418.9091796875,151200,0.0,0.0
2018-02-23 00:00:00+09:00,4421.399021693638,4488.616236550467,4384.056124550955,4461.2314453125,168800,0.0,0.0
2018-02-26 00:00:00+09:00,4421.309907792767,4620.917578573479,4241.663004090126,4346.45703125,150900,10.0,4.0
2018-02-27 00:00:00+09:00,4261.623631386861,4341.466697080292,4012.1140510948903,4101.9375,145800,0.0,0.0
2018-02-28 00:00:00+09:00,4096.947480721805,4291.564961535631,4002.133836222762,4236.6728515625,67400,0.0,0.0
2018-03-01 00:00:00+09:00,4191.760948905109,4191.760948905109,4062.0159671532842,4101.9375,57100,0.0,0.0
2018-03-02 00:00:00+09:00,3992.153234649123,4047.045341625548,3927.2807445860744,3982.1728515625,77300,0.0,0.0
2018-03-05 00:00:00+09:00,3992.1536458333335,3992.1536458333335,3667.7911621093754,3742.64404296875,91300,0.0,0.0
2018-03-06 00:00:00+09:00,3792.5458769049933,4037.0652821264994,3792.5458769049933,3847.43798828125,56400,0.0,0.0
2018-03-07 00:00:00+09:00,3797.535984867726,3952.2319316888816,3797.535984867726,3837.45751953125,28100,0.0,0.0
2018-03-08 00:00:00+09:00,3887.3592895350707,3917.3004393902834,3817.496606539575,3877.37890625,23800,0.0,0.0
2018-03-09 00:00:00+09:00,4241.662928388624,4371.407912080511,4047.0454528507926,4052.03564453125,326300,0.0,0.0
2018-03-12 00:00:00+09:00,4171.800474853516,4171.800474853516,3932.2712609863283,3992.153564453125,65500,0.0,0.0
2018-03-13 00:00:00+09:00,3992.1532914201184,4241.662872133876,3992.1532914201184,4216.7119140625,78400,0.0,0.0
2018-03-14 00:00:00+09:00,4146.848949259582,4341.4664089721255,4126.888184160859,4296.5546875,119400,0.0,0.0
2018-03-15 00:00:00+09:00,4326.49634765625,4391.368841911764,4241.6630859375,4241.6630859375,119900,0.0,0.0
2018-03-16 00:00:00+09:00,4251.643512228261,4271.604279891304,4052.035835597826,4131.87890625,57200,0.0,0.0
2018-03-19 00:00:00+09:00,4111.918116527428,4191.7611867512605,3912.3104409678435,3957.22216796875,55100,0.0,0.0
2018-03-20 00:00:00+09:00,3897.339999914764,4017.104609387177,3867.398847546661,4002.134033203125,36000,0.0,0.0
2018-03-21 00:00:00+09:00,4002.134033203125,4002.134033203125,4002.134033203125,4002.134033203125,0,0.0,0.0
2018-03-22 00:00:00+09:00,3982.173105393726,3982.173105393726,3882.369268165813,3897.33984375,32200,0.0,0.0
2018-03-23 00:00:00+09:00,3717.692934204932,3792.5458120748303,3667.791015625,3667.791015625,80000,0.0,0.0
2018-03-26 00:00:00+09:00,3692.7419346515853,3842.4476887590818,3538.0459887405054,3777.5751953125,54400,0.0,0.0
2018-03-27 00:00:00+09:00,3917.300631562709,3917.300631562709,3722.683147956409,3727.67333984375,45300,0.0,0.0
2018-03-28 00:00:00+09:00,3692.741900742135,3737.6536265619716,3617.88902437574,3687.751708984375,32300,0.0,0.0
2018-03-29 00:00:00+09:00,3757.614619140625,3757.614619140625,3667.7911621093754,3742.64404296875,22500,0.0,0.0
2018-03-30 00:00:00+09:00,3822.4869240785256,3942.25152744391,3782.5653896233976,3892.349609375,59400,0.0,0.0
2018-04-02 00:00:00+09:00,3892.349475312894,4071.9963741734887,3892.349475312894,3962.212158203125,72000,0.0,0.0
2018-04-03 00:00:00+09:00,3902.330120530013,3992.153575989783,3802.526281130268,3907.3203125,42300,0.0,0.0
2018-04-04 00:00:00+09:00,4017.1043928279432,4032.074968204942,3842.4476800962934,3862.408447265625,36600,0.0,0.0
2018-04-05 00:00:00+09:00,3932.2711967747873,3932.2711967747873,3802.5262080487155,3812.506591796875,39200,0.0,0.0
2018-04-06 00:00:00+09:00,3842.4479177590183,3842.4479177590183,3697.732346830432,3717.693115234375,41800,0.0,0.0
2018-04-09 00:00:00+09:00,3697.732096033772,3827.4770818595184,3697.732096033772,3802.526123046875,33700,0.0,0.0
2018-04-10 00:00:00+09:00,3762.6045774429563,3817.4966866629466,3722.683043464782,3772.5849609375,28100,0.0,0.0
2018-04-11 00:00:00+09:00,3742.6439581070354,3807.5164533808907,3712.7028064421793,3732.66357421875,30100,0.0,0.0
2018-04-12 00:00:00+09:00,3662.800940675162,3707.71266883058,3607.9088284852073,3652.820556640625,43700,0.0,0.0
2018-04-13 00:00:00+09:00,3762.6045889466454,3827.4770818595184,3667.7909454585997,3802.526123046875,40900,0.0,0.0
2018-04-16 00:00:00+09:00,3393.330549135852,3393.330549135852,3103.8994140625,3103.8994140625,271300,0.0,0.0
2018-04-17 00:00:00+09:00,3004.0955483845023,3019.066124207017,2695.7016864407115,2957.187744140625,287700,0.0,0.0
2018-04-18 00:00:00+09:00,2957.187697984686,3063.977803851835,2868.3622828241605,3009.085693359375,111100,0.0,0.0
2018-04-19 00:00:00+09:00,3009.085778102402,3143.8209621965393,2999.105394095429,3019.066162109375,105200,0.0,0.0
2018-04-20 00:00:00+09:00,2978.146317401439,2978.146317401439,2895.3091376613856,2930.240478515625,62100,0.0,0.0
2018-04-23 00:00:00+09:00,2913.273908619238,2952.197403801201,2756.581889553386,2768.558349609375,100400,0.0,0.0
2018-04-24 00:00:00+09:00,2756.5819108264336,2885.328857421875,2714.664300306987,2885.328857421875,96100,0.0,0.0
2018-04-25 00:00:00+09:00,2835.4270698223336,2894.3113349119208,2814.4682636040056,2843.411376953125,33500,0.0,0.0
2018-04-26 00:00:00+09:00,2882.3349761100812,2883.333014536712,2809.4781709660247,2826.44482421875,37600,0.0,0.0
2018-04-27 00:00:00+09:00,2869.3601719215353,2869.3601719215353,2814.4680642847757,2848.4013671875,26900,0.0,0.0
2018-04-30 00:00:00+09:00,2848.4013671875,2848.4013671875,2848.4013671875,2848.4013671875,0,0.0,0.0
2018-05-01 00:00:00+09:00,2854.3899035097947,2963.1760921400632,2840.417365520586,2942.21728515625,37300,0.0,0.0
2018-05-02 00:00:00+09:00,3019.0661300909323,3133.840544953893,2977.1485177061986,3044.01708984375,93700,0.0,0.0
2018-05-03 00:00:00+09:00,3044.01708984375,3044.01708984375,3044.01708984375,3044.01708984375,0,0.0,0.0
2018-05-04 00:00:00+09:00,3044.01708984375,3044.01708984375,3044.01708984375,3044.01708984375,0,0.0,0.0
2018-05-07 00:00:00+09:00,3088.928864460756,3093.9190564873484,2959.1838717693513,2963.176025390625,47300,0.0,0.0
2018-05-08 00:00:00+09:00,2969.164210585297,3044.01708984375,2969.164210585297,3044.01708984375,17800,0.0,0.0
2018-05-09 00:00:00+09:00,3053.9975489248145,3093.919085512067,2999.1054361173424,3024.056396484375,30200,0.0,0.0
2018-05-10 00:00:00+09:00,3063.9777405880404,3108.8894664272784,3029.0463982686324,3058.987548828125,29900,0.0,0.0
2018-05-11 00:00:00+09:00,3058.9876981372677,3078.948466151214,3004.095586098915,3019.066162109375,15500,0.0,0.0
2018-05-14 00:00:00+09:00,3019.0659370775943,3049.0070868667935,2894.311146289264,2907.28564453125,36600,0.0,0.0
2018-05-15 00:00:00+09:00,2957.1878371504868,2984.1348744785537,2909.2819930117003,2968.166259765625,19300,0.0,0.0
2018-05-16 00:00:00+09:00,2874.3505927857645,2916.2682055972236,2846.405517578125,2846.405517578125,39600,0.0,0.0
2018-05-17 00:00:00+09:00,2854.389750446118,2874.350517931755,2812.47213872628,2866.3662109375,23200,0.0,0.0
2018-05-18 00:00:00+09:00,2893.313206878156,2928.244549493105,2869.360286227906,2890.319091796875,19200,0.0,0.0
2018-05-21 00:00:00+09:00,2890.3192218023746,2974.1544478491287,2885.329029775782,2963.176025390625,19300,0.0,0.0
2018-05-22 00:00:00+09:00,2983.136556318392,3009.0855527935605,2942.2169849537036,2964.173828125,23100,0.0,0.0
2018-05-23 00:00:00+09:00,2993.116965449462,3103.899220589472,2936.228780377565,2967.16796875,55900,0.0,0.0
2018-05-24 00:00:00+09:00,2964.1741383173694,2989.1250990776166,2894.3114481886773,2914.272216796875,24700,0.0,0.0
2018-05-25 00:00:00+09:00,2894.311155987487,2894.311155987487,2846.405316164246,2851.3955078125,25300,0.0,0.0
2018-05-28 00:00:00+09:00,2857.3838595265356,2913.27400836813,2857.3838595265356,2894.311279296875,14500,0.0,0.0
2018-05-29 00:00:00+09:00,2875.3486311860374,2894.311360791221,2839.419248776215,2846.405517578125,18600,0.0,0.0
2018-05-30 00:00:00+09:00,2791.5133938186705,2844.4094288105866,2758.578126748232,2787.521240234375,21500,0.0,0.0
2018-05-31 00:00:00+09:00,2789.517360669714,2845.407511724277,2789.517360669714,2821.45458984375,11000,0.0,0.0
2018-06-01 00:00:00+09:00,2771.5526931473973,2879.3408425387975,2764.566424205362,2795.505615234375,18900,0.0,0.0
2018-06-04 00:00:00+09:00,2802.491909576721,2835.4271777448234,2794.5076021420296,2798.499755859375,18100,0.0,0.0
2018-06-05 00:00:00+09:00,2817.4623921165917,2817.4623921165917,2775.5447794814886,2787.521240234375,28000,0.0,0.0
2018-06-06 00:00:00+09:00,2777.540895782248,2788.519318295221,2704.684091832516,2734.625244140625,33300,0.0,0.0
2018-06-07 00:00:00+09:00,2734.625073601218,2754.5858405618105,2714.664306640625,2714.664306640625,20400,0.0,0.0
2018-06-08 00:00:00+09:00,2733.6271423225758,2743.607526193779,2642.805649094626,2669.752685546875,30900,0.0,0.0
2018-06-11 00:00:00+09:00,2623.842713473136,2648.793671189693,2565.9564915707238,2616.8564453125,43700,0.0,0.0
2018-06-12 00:00:00+09:00,2620.848719326762,3034.0365981543623,2620.848719326762,2974.154296875,128300,0.0,0.0
2018-06-13 00:00:00+09:00,2874.350568971508,2934.2328724917475,2799.4976895712084,2872.3544921875,75500,0.0,0.0
2018-06-14 00:00:00+09:00,2879.340622089382,2982.1385715088645,2879.340622089382,2913.27392578125,40400,0.0,0.0
2018-06-15 00:00:00+09:00,2881.3368165102133,2881.3368165102133,2800.4957073528435,2812.47216796875,33300,0.0,0.0
2018-06-18 00:00:00+09:00,2795.5053688456783,2799.497522174983,2644.801580664422,2709.674072265625,31300,0.0,0.0
2018-06-19 00:00:00+09:00,2683.7250960617857,2743.607396457363,2535.017383412769,2597.893798828125,37600,0.0,0.0
2018-06-20 00:00:00+09:00,2547.9920112344726,2573.9410093904053,2480.1254006728022,2555.976318359375,53800,0.0,0.0
2018-06-21 00:00:00+09:00,2535.0173386494826,2554.9781050955417,2507.072265625,2507.072265625,24700,0.0,0.0
2018-06-22 00:00:00+09:00,2481.123541463216,2494.09804107666,2393.296159464518,2395.292236328125,48200,0.0,0.0
2018-06-25 00:00:00+09:00,2395.292276907357,2395.292276907357,2197.6806640625,2197.6806640625,66900,0.0,0.0
2018-06-26 00:00:00+09:00,2145.782623499374,2235.6060821574874,2145.782623499374,2192.6904296875,45100,0.0,0.0
2018-06-27 00:00:00+09:00,2194.6863415533026,2195.684379907806,2111.849158129508,2144.784423828125,39500,0.0,0.0
2018-06-28 00:00:00+09:00,2194.686410418903,2532.0233848261746,2167.739374001754,2382.317626953125,173500,0.0,0.0
2018-06-29 00:00:00+09:00,2445.1941306178223,2868.3624209778045,2425.233362204616,2824.44873046875,330200,0.0,0.0
2018-07-02 00:00:00+09:00,2774.5464048740214,2813.4698976042687,2535.017218841732,2549.98779296875,185700,0.0,0.0
2018-07-03 00:00:00+09:00,2620.8488586072976,2724.644853007587,2497.092096053107,2589.90966796875,124600,0.0,0.0
2018-07-04 00:00:00+09:00,2515.056814925886,2544.9979674845276,2427.2294340872045,2449.186279296875,78100,0.0,0.0
2018-07-05 00:00:00+09:00,2402.2782367387554,2474.1369957936745,2195.6843044558627,2221.63330078125,127300,0.0,0.0
2018-07-06 00:00:00+09:00,2220.635477266728,2340.4000872766187,2203.6688241819934,2333.413818359375,64000,0.0,0.0
2018-07-09 00:00:00+09:00,2345.3902101516724,2832.432943153381,2345.3902101516724,2554.978271484375,510600,0.0,0.0
2018-07-10 00:00:00+09:00,2584.9192646039037,2724.644630258169,2445.193898949639,2451.18212890625,218800,0.0,0.0
2018-07-11 00:00:00+09:00,2401.2802846575796,2423.2371284906917,2301.4764490525267,2345.39013671875,112400,0.0,0.0
2018-07-12 00:00:00+09:00,2335.409854433478,2492.1018831283736,2325.4294704401727,2357.36669921875,143100,0.0,0.0
2018-07-13 00:00:00+09:00,2441.2018248092295,2617.8546142578125,2375.331293150436,2574.93896484375,207400,0.0,0.0
2018-07-16 00:00:00+09:00,2574.93896484375,2574.93896484375,2574.93896484375,2574.93896484375,0,0.0,0.0
2018-07-17 00:00:00+09:00,2391.299991276365,2557.9724030222546,2366.3490314341657,2413.2568359375,188100,0.0,0.0
2018-07-18 00:00:00+09:00,2461.1625838351833,2578.9311097445716,2445.1939701525544,2573.94091796875,120300,0.0,0.0
2018-07-19 00:00:00+09:00,2634.8212545955885,2758.5780104932596,2544.997802734375,2544.997802734375,294500,0.0,0.0
2018-07-20 00:00:00+09:00,2632.825141806723,2984.134637605042,2594.89968487395,2969.1640625,329300,0.0,0.0
2018-07-23 00:00:00+09:00,2889.3211370270637,3133.8405424058656,2749.5957625248916,2756.58203125,462400,0.0,0.0
2018-07-24 00:00:00+09:00,2892.3151036879594,3068.9678895239736,2855.3876851798664,3053.997314453125,497300,0.0,0.0
2018-07-25 00:00:00+09:00,3068.968039001061,3143.8209180010867,2924.252472934344,3014.075927734375,244200,0.0,0.0
2018-07-26 00:00:00+09:00,2974.154234973047,3053.997301683733,2864.370018245854,2881.336669921875,225600,0.0,0.0
2018-07-27 00:00:00+09:00,2834.428919631933,3128.85023346694,2826.4446128160685,3058.987548828125,295100,0.0,0.0
2018-07-30 00:00:00+09:00,3049.0071825070486,3353.4088815789473,3014.0758399906013,3318.4775390625,498500,0.0,0.0
2018-07-31 00:00:00+09:00,3303.506897347105,3313.487280722776,3153.80114671204,3253.60498046875,247600,0.0,0.0
2018-08-01 00:00:00+09:00,3253.6050860225505,3283.5462371209173,3113.879714230171,3208.693359375,151600,0.0,0.0
2018-08-02 00:00:00+09:00,3193.7228483606555,3193.7228483606555,2979.144594486424,3044.01708984375,209100,0.0,0.0
2018-08-03 00:00:00+09:00,3044.0170512780287,3163.7816565742132,2975.1524032327225,2982.138671875,180400,0.0,0.0
2018-08-06 00:00:00+09:00,2946.209275886194,2949.2033910039645,2779.536867663635,2808.47998046875,187900,0.0,0.0
2018-08-07 00:00:00+09:00,2820.4565797948985,2964.1741125233007,2762.570351334847,2911.278076171875,126200,0.0,0.0
2018-08-08 00:00:00+09:00,2961.1798763032048,3053.997445732324,2869.3603452550433,2897.305419921875,119700,0.0,0.0
2018-08-09 00:00:00+09:00,2859.38009229757,2940.2212048546744,2804.48797883287,2826.44482421875,95500,0.0,0.0
2018-08-10 00:00:00+09:00,2845.407472398546,2868.3623555501304,2728.636979844835,2730.633056640625,91600,0.0,0.0
2018-08-13 00:00:00+09:00,2680.7309670567965,2700.691733751188,2571.944788572362,2624.8408203125,117600,0.0,0.0
2018-08-14 00:00:00+09:00,2668.754760045638,2904.2918293690377,2654.782222034928,2798.499755859375,103900,0.0,0.0
2018-08-15 00:00:00+09:00,2843.4112197690824,2889.3209832332373,2764.566191211077,2796.50341796875,90300,0.0,0.0
2018-08-16 00:00:00+09:00,2709.674210258152,2754.5859375,2664.762483016304,2754.5859375,83500,0.0,0.0
2018-08-17 00:00:00+09:00,2794.507230542867,2914.2718261375617,2758.577851864459,2840.4169921875,93500,0.0,0.0
2018-08-20 00:00:00+09:00,2894.311279296875,2993.1170781418373,2879.3407037143047,2894.311279296875,101500,0.0,0.0
2018-08-21 00:00:00+09:00,2880.3386256890894,2885.3288173482874,2758.577949204658,2766.562255859375,91500,0.0,0.0
2018-08-22 00:00:00+09:00,2787.521101623837,2872.3543610717516,2699.6937271365837,2828.440673828125,62400,0.0,0.0
2018-08-23 00:00:00+09:00,2800.4957527496963,2879.3407864158494,2790.515368741322,2875.3486328125,56900,0.0,0.0
2018-08-24 00:00:00+09:00,2856.385793262945,2920.2602484582026,2844.4093329138336,2862.3740234375,65200,0.0,0.0
2018-08-27 00:00:00+09:00,2912.275873768192,2960.181714049506,2889.3209919667293,2940.220947265625,68900,0.0,0.0
2018-08-28 00:00:00+09:00,2962.1778332242584,3039.0267864446987,2859.3798828125,2859.3798828125,157100,0.0,0.0
2018-08-29 00:00:00+09:00,2885.329056843673,3034.0367806311883,2866.3663269647277,3024.056396484375,111200,0.0,0.0
2018-08-30 00:00:00+09:00,3068.9678895239736,3103.899231355954,2979.144439098882,3053.997314453125,113800,0.0,0.0
2018-08-31 00:00:00+09:00,2989.1249165196573,3183.7423985635082,2989.1249165196573,3093.9189453125,101700,0.0,0.0
2018-09-03 00:00:00+09:00,3093.918847975388,3138.830573187934,3024.056164311428,3053.997314453125,53700,0.0,0.0
2018-09-04 00:00:00+09:00,3313.487432065217,3468.183381453804,3203.703209918478,3213.68359375,978000,0.0,0.0
2018-09-05 00:00:00+09:00,3283.5460766423357,3567.986998175182,3268.5755018248174,3418.28125,899700,0.0,0.0
2018-09-06 00:00:00+09:00,3348.418853378296,3393.330581665039,3183.7425163269045,3193.722900390625,341000,0.0,0.0
2018-09-07 00:00:00+09:00,3128.850311549364,3403.310865194045,3088.928776473774,3383.35009765625,270900,0.0,0.0
2018-09-10 00:00:00+09:00,3403.310831705729,3548.0263949307528,3243.6246929746685,3293.526611328125,357500,0.0,0.0
2018-09-11 00:00:00+09:00,3278.556001752336,3358.399070288162,3143.8208235981306,3203.703125,189300,0.0,0.0
2018-09-12 00:00:00+09:00,3258.595186400182,3263.58537810983,3029.046367756371,3083.9384765625,175500,0.0,0.0
2018-09-13 00:00:00+09:00,3073.9582201086955,3223.6639775815215,3049.007260529891,3098.9091796875,147100,0.0,0.0
2018-09-14 00:00:00+09:00,3158.7916725434166,3238.634747994751,3068.9682126606654,3178.75244140625,103000,0.0,0.0
2018-09-17 00:00:00+09:00,3178.75244140625,3178.75244140625,3178.75244140625,3178.75244140625,0,0.0,0.0
2018-09-18 00:00:00+09:00,3178.7520933357923,3288.5363100601053,3178.7520933357923,3223.663818359375,79600,0.0,0.0
2018-09-19 00:00:00+09:00,3283.546258467662,3283.546258467662,3148.8110776490803,3153.80126953125,82000,0.0,0.0
2018-09-20 00:00:00+09:00,3128.850320360137,3158.7914717511435,3019.066098593115,3068.968017578125,94500,0.0,0.0
2018-09-21 00:00:00+09:00,3113.879915943053,3178.752414191867,3024.0564568293116,3088.928955078125,83700,0.0,0.0
2018-09-24 00:00:00+09:00,3088.928955078125,3088.928955078125,3088.928955078125,3088.928955078125,0,0.0,0.0
2018-09-25 00:00:00+09:00,3108.889489453125,3163.7815992187498,3073.958146875,3118.869873046875,50700,0.0,0.0
2018-09-26 00:00:00+09:00,3153.8013520262557,3288.5365363691494,3143.8209680008563,3278.55615234375,138500,0.0,0.0
2018-09-27 00:00:00+09:00,3283.5463569641115,3283.5463569641115,3143.8209800720215,3193.722900390625,106700,0.0,0.0
2018-09-28 00:00:00+09:00,3258.5953421243807,3278.556109916873,3193.72284679878,3273.56591796875,81400,0.0,0.0
2018-10-01 00:00:00+09:00,3328.4578798592806,3433.251906061747,3278.555962620011,3313.4873046875,142900,0.0,0.0
2018-10-02 00:00:00+09:00,3358.3992105536004,3602.918618157057,3123.860186933958,3478.163818359375,608900,0.0,0.0
2018-10-03 00:00:00+09:00,3543.036228700601,3797.536014142475,3453.2127750152335,3582.957763671875,773900,0.0,0.0
2018-10-04 00:00:00+09:00,3607.908713329082,3822.486963222789,3523.0754517431974,3667.791015625,527000,0.0,0.0
2018-10-05 00:00:00+09:00,3657.8104488820045,3912.3102209051726,3553.016425107759,3617.888916015625,579800,0.0,0.0
2018-10-08 00:00:00+09:00,3617.888916015625,3617.888916015625,3617.888916015625,3617.888916015625,0,0.0,0.0
2018-10-09 00:00:00+09:00,3548.0262005349864,3592.937924592391,3428.2616030485733,3443.232177734375,156500,0.0,0.0
2018-10-10 00:00:00+09:00,3453.2128057065215,3582.957795516304,3358.399159307065,3558.0068359375,139600,0.0,0.0
2018-10-11 00:00:00+09:00,3273.5657350522442,3383.3499517765576,3098.909026627201,3223.663818359375,333800,0.0,0.0
2018-10-12 00:00:00+09:00,3123.8600375071787,3348.4186664014646,3113.8796540007656,3258.59521484375,222300,0.0,0.0
2018-10-15 00:00:00+09:00,3468.183240624426,3543.0361163213565,3373.3695980749817,3398.320556640625,295400,0.0,0.0
2018-10-16 00:00:00+09:00,3592.9382080078126,4067.0064437866213,3567.9872482299807,3992.153564453125,974800,0.0,0.0
2018-10-17 00:00:00+09:00,4052.035608232164,4605.946879800847,3937.2612006098243,4161.81982421875,2011100,0.0,0.0
2018-10-18 00:00:00+09:00,4067.0063107512715,4331.486475744912,3957.222091319949,4291.56494140625,737300,0.0,0.0
2018-10-19 00:00:00+09:00,4191.76120923913,4371.408118206521,4151.839673913043,4246.6533203125,418300,0.0,0.0
2018-10-22 00:00:00+09:00,4196.75123252103,4321.506025402155,4062.016056209415,4226.6923828125,248200,0.0,0.0
2018-10-23 00:00:00+09:00,4156.829564269945,4251.643203791108,3987.1630514426,4096.947265625,229000,0.0,0.0
2018-10-24 00:00:00+09:00,4201.741612735493,4590.976583986524,4121.89854170964,4536.08447265625,662200,0.0,0.0
2018-10-25 00:00:00+09:00,4376.39782249814,4486.182032412575,4156.829402669271,4191.7607421875,548700,0.0,0.0
2018-10-26 00:00:00+09:00,4536.08436290496,4740.682227458429,4106.927866524513,4351.447265625,927900,0.0,0.0
2018-10-29 00:00:00+09:00,4486.182275226221,4635.888024121423,4386.378442629419,4446.2607421875,541500,0.0,0.0
2018-10-30 00:00:00+09:00,4381.388303321562,4785.593830165579,4316.515811358942,4680.7998046875,657900,0.0,0.0
2018-10-31 00:00:00+09:00,4740.682086200935,4805.5545779068425,4576.0057611013235,4735.69189453125,415700,0.0,0.0
2018-11-01 00:00:00+09:00,4770.623335255873,4770.623335255873,4436.2804864460995,4461.2314453125,389000,0.0,0.0
2018-11-02 00:00:00+09:00,4580.996401977539,4840.486394246419,4541.074864705403,4790.58447265625,518600,0.0,0.0
2018-11-05 00:00:00+09:00,4690.780629475911,4925.319660949707,4670.819860839843,4790.58447265625,351900,0.0,0.0
2018-11-06 00:00:00+09:00,4860.4468401517115,5050.074129603216,4735.692044459933,4810.544921875,461700,0.0,0.0
2018-11-07 00:00:00+09:00,4930.30954978416,5089.995689048424,4800.564561631944,4985.20166015625,563900,0.0,0.0
2018-11-08 00:00:00+09:00,5139.8971926510985,5549.092891483517,5060.054129464286,5449.2890625,705300,0.0,0.0
2018-11-09 00:00:00+09:00,5549.093302035551,5608.975603856078,5249.681792932913,5439.30908203125,487400,0.0,0.0
2018-11-12 00:00:00+09:00,5419.348080131951,5439.3088465412775,5000.17198553611,5070.03466796875,387400,0.0,0.0
2018-11-13 00:00:00+09:00,4835.495986461639,5179.819230079651,4770.623491287231,5109.95654296875,420800,0.0,0.0
2018-11-14 00:00:00+09:00,5080.015300529234,5080.015300529234,4531.094197328629,4640.87841796875,506300,0.0,0.0
2018-11-15 00:00:00+09:00,4580.996282998193,4785.594156203995,4491.172826468817,4660.83935546875,334900,0.0,0.0
2018-11-16 00:00:00+09:00,4640.878304783734,4875.417315885708,4431.29025230963,4456.2412109375,359400,0.0,0.0
2018-11-19 00:00:00+09:00,4456.241192032806,4566.025409529695,4221.702181925816,4511.13330078125,356800,0.0,0.0
2018-11-20 00:00:00+09:00,4421.309951082282,4501.153020176319,4331.486498351491,4351.447265625,164500,0.0,0.0
2018-11-21 00:00:00+09:00,4191.76114539827,4326.496325071786,4166.81018619947,4181.78076171875,220300,0.0,0.0
2018-11-22 00:00:00+09:00,4226.692364032452,4311.525622814685,4076.9866132402753,4281.58447265625,242500,0.0,0.0
2018-11-23 00:00:00+09:00,4281.58447265625,4281.58447265625,4281.58447265625,4281.58447265625,0,0.0,0.0
2018-11-26 00:00:00+09:00,4366.417947256808,4566.02562484569,4361.427755317085,4421.31005859375,284300,0.0,0.0
2018-11-27 00:00:00+09:00,4491.1726187396525,4600.9568383088435,4436.280508955057,4521.11376953125,208100,0.0,0.0
2018-11-28 00:00:00+09:00,4501.1531495996205,4600.956988836862,4426.300270171689,4595.966796875,232700,0.0,0.0
2018-11-29 00:00:00+09:00,4665.8294843410695,4755.6529396545875,4541.074685294517,4595.966796875,245700,0.0,0.0
2018-11-30 00:00:00+09:00,4620.917851056711,5089.995905051668,4600.957082801606,5010.15283203125,677800,0.0,0.0
2018-12-03 00:00:00+09:00,4990.191732395633,5339.505153663328,4890.387897747721,5199.77978515625,599800,0.0,0.0
2018-12-04 00:00:00+09:00,5289.603252108135,5299.583635602678,5020.132897755457,5030.11328125,278500,0.0,0.0
2018-12-05 00:00:00+09:00,4870.427167585784,5149.877906709559,4850.466400505515,5089.99560546875,255200,0.0,0.0
2018-12-06 00:00:00+09:00,5050.074351780186,5080.015504063467,4765.633405089009,4835.49609375,249300,0.0,0.0
2018-12-07 00:00:00+09:00,4990.191915760869,5010.152683423913,4840.486158288043,4935.2998046875,164300,0.0,0.0
2018-12-10 00:00:00+09:00,4820.524939903847,4880.407237293956,4426.299815418956,4541.07421875,275900,0.0,0.0
2018-12-11 00:00:00+09:00,4640.878595782153,4670.819748013006,4276.594576973446,4316.51611328125,163100,0.0,0.0
2018-12-12 00:00:00+09:00,4321.506199048913,4785.594047214674,4321.506199048913,4705.7509765625,323500,0.0,0.0
2018-12-13 00:00:00+09:00,4720.721695615125,4915.339186237736,4650.859006673675,4895.37841796875,248800,0.0,0.0
2018-12-14 00:00:00+09:00,4860.446970853692,4875.417546739278,4595.966796875,4595.966796875,218000,0.0,0.0
2018-12-17 00:00:00+09:00,4546.064587017759,4635.888036596594,4251.643280064907,4276.59423828125,277700,0.0,0.0
2018-12-18 00:00:00+09:00,4141.859269640008,4421.310015543431,4071.996583164153,4301.54541015625,255800,0.0,0.0
2018-12-19 00:00:00+09:00,4301.545196497594,4431.290179222578,4176.790405415877,4276.59423828125,197600,0.0,0.0
2018-12-20 00:00:00+09:00,4236.672858503457,4316.5159276860895,3937.261349068584,4037.065185546875,259700,0.0,0.0
2018-12-21 00:00:00+09:00,3937.2614107426907,4002.1339054697564,3572.9774018907056,3872.388916015625,360600,0.0,0.0
2018-12-24 00:00:00+09:00,3872.388916015625,3872.388916015625,3872.388916015625,3872.388916015625,0,0.0,0.0
2018-12-25 00:00:00+09:00,3428.261856270102,3757.6145236846965,3418.281472409053,3587.947998046875,255000,0.0,0.0
2018-12-26 00:00:00+09:00,3872.3887958829364,3917.300521608383,3657.8105507502482,3772.5849609375,204900,0.0,0.0
2018-12-27 00:00:00+09:00,4121.898374964626,4131.878758439117,3822.486870729908,3857.418212890625,230000,0.0,0.0
2018-12-28 00:00:00+09:00,3837.4575175676528,3882.3692440411364,3622.8792688610088,3722.68310546875,172500,0.0,0.0
2018-12-31 00:00:00+09:00,3722.68310546875,3722.68310546875,3722.68310546875,3722.68310546875,0,0.0,0.0
2019-01-04 00:00:00+09:00,3597.92853175172,3822.487177977556,3518.08545753809,3807.5166015625,160500,0.0,0.0
2019-01-07 00:00:00+09:00,3962.212306054191,4012.11422426646,3882.3692369145597,3922.290771484375,175800,0.0,0.0
2019-01-08 00:00:00+09:00,3987.1632334712785,4057.0259184132033,3897.3397814030895,3947.24169921875,128400,0.0,0.0
2019-01-09 00:00:00+09:00,3967.202594920355,3992.153554636835,3847.43798828125,3847.43798828125,112400,0.0,0.0
2019-01-10 00:00:00+09:00,3852.428158967391,3932.271229619565,3797.5360478940215,3902.330078125,76300,0.0,0.0
2019-01-11 00:00:00+09:00,3972.192591179306,3977.1827828767673,3852.4279904402315,3882.369140625,95400,0.0,0.0
2019-01-15 00:00:00+09:00,3892.34955907467,4101.937612255614,3887.3593673322666,3972.192626953125,226400,0.0,0.0
2019-01-16 00:00:00+09:00,3842.4474976794554,3857.418072345739,3528.0654296875,3528.0654296875,429500,0.0,0.0
2019-01-17 00:00:00+09:00,3398.3207782017703,3567.987307509935,3393.330586163295,3453.212890625,259900,0.0,0.0
2019-01-18 00:00:00+09:00,3493.134351366916,3632.8597254215924,3483.1539675058675,3587.947998046875,206600,0.0,0.0
2019-01-21 00:00:00+09:00,3682.7617528851633,3682.7617528851633,3248.615042179189,3283.54638671875,335900,0.0,0.0
2019-01-22 00:00:00+09:00,3278.556088654891,3368.379543138587,3163.781674592391,3328.4580078125,231400,0.0,0.0
2019-01-23 00:00:00+09:00,3293.526738369627,3443.2324992046097,3213.683665924302,3308.497314453125,171100,0.0,0.0
2019-01-24 00:00:00+09:00,3323.4677421467495,3383.3500438070514,3263.5854404864476,3348.418701171875,121700,0.0,0.0
2019-01-25 00:00:00+09:00,3378.3598760761556,3562.9969741778064,3378.3598760761556,3523.075439453125,254900,0.0,0.0
2019-01-28 00:00:00+09:00,3597.928338227855,3622.8792975775627,3443.232390259667,3468.183349609375,191400,0.0,0.0
2019-01-29 00:00:00+09:00,3413.2910583941602,3453.2125912408756,3323.467609489051,3418.28125,153800,0.0,0.0
2019-01-30 00:00:00+09:00,3348.418819646318,3458.203043241279,3213.6836361434107,3218.673828125,236000,0.0,0.0
2019-01-31 00:00:00+09:00,3273.565824096498,3383.3500438070514,3258.5952486814226,3348.418701171875,151700,0.0,0.0
2019-02-01 00:00:00+09:00,3348.418658538363,3443.2323016266328,3298.5167411234843,3343.428466796875,151100,0.0,0.0
2019-02-04 00:00:00+09:00,3398.3207782017703,3473.1736587789014,3368.3796259709175,3453.212890625,157900,0.0,0.0
2019-02-05 00:00:00+09:00,3483.154000090449,3508.1049599764833,3343.428624728654,3448.22265625,168400,0.0,0.0
2019-02-06 00:00:00+09:00,3463.19324418699,3468.183436181496,3353.4090203078636,3363.389404296875,91700,0.0,0.0
2019-02-07 00:00:00+09:00,3363.389416559646,3368.379608572346,3263.5855763056506,3278.55615234375,95900,0.0,0.0
2019-02-08 00:00:00+09:00,3243.6247566677876,3248.6149486011227,2964.1740084010244,3014.075927734375,248000,0.0,0.0
2019-02-12 00:00:00+09:00,3063.977721385467,3188.7325146014873,3049.0071461995444,3113.879638671875,101800,0.0,0.0
2019-02-13 00:00:00+09:00,3183.742452674279,3268.5757155198316,3118.8699575570913,3243.624755859375,99100,0.0,0.0
2019-02-14 00:00:00+09:00,3193.72283692185,3233.644372383373,3108.8895740661137,3128.850341796875,66300,0.0,0.0
2019-02-15 00:00:00+09:00,3058.9875801487974,3093.9189228258633,3009.0856620387026,3034.03662109375,108300,0.0,0.0
2019-02-18 00:00:00+09:00,3053.9976098672255,3123.8603002890245,3039.0270333482686,3088.928955078125,60000,0.0,0.0
2019-02-19 00:00:00+09:00,3088.928643288627,3243.6245850365226,3083.93845161934,3223.663818359375,100700,0.0,0.0
2019-02-20 00:00:00+09:00,3268.5757374651557,3283.5463133619423,3138.8307463596684,3188.732666015625,63900,0.0,0.0
2019-02-21 00:00:00+09:00,3173.761834456457,3183.7422175836787,3098.9089610022957,3158.791259765625,44000,0.0,0.0
2019-02-22 00:00:00+09:00,3857.418212890625,3857.418212890625,3857.418212890625,3857.418212890625,90900,0.0,0.0
2019-02-25 00:00:00+09:00,3992.153433866279,4062.016118958939,3857.418255473292,3862.408447265625,867000,0.0,0.0
2019-02-26 00:00:00+09:00,3839.938187053497,3839.938187053497,3615.234391972343,3735.076416015625,485300,2.5,0.0
2019-02-27 00:00:00+09:00,3695.1291123256888,3819.964555309665,3660.175188290176,3715.102783203125,284500,0.0,0.0
2019-02-28 00:00:00+09:00,3740.0698554144965,3755.0501085069445,3560.3068183051214,3595.2607421875,177900,0.0,0.0
2019-03-01 00:00:00+09:00,3575.286987472137,3655.18166875643,3570.293569891868,3640.201416015625,75600,0.0,0.0
2019-03-04 00:00:00+09:00,3640.201310358128,3695.1289021467965,3565.300048828125,3565.300048828125,97300,0.0,0.0
2019-03-05 00:00:00+09:00,3545.3264819905266,3680.148756657772,3480.412053447038,3640.201416015625,95700,0.0,0.0
2019-03-06 00:00:00+09:00,3645.1949351320986,3765.0369603967156,3540.333163025559,3715.102783203125,144100,0.0,0.0
2019-03-07 00:00:00+09:00,3700.1224089487696,3834.944682959049,3675.1553211690884,3780.01708984375,365500,0.0,0.0
2019-03-08 00:00:00+09:00,3799.990788386418,3804.984205979567,3495.3923152043267,3505.379150390625,356900,0.0,0.0
2019-03-11 00:00:00+09:00,3525.3527241253646,3605.247403425656,3280.6752687682215,3425.484375,206400,0.0,0.0
2019-03-12 00:00:00+09:00,3480.412137869799,3545.3265679878873,3440.4647962586682,3465.431884765625,68700,0.0,0.0
2019-03-13 00:00:00+09:00,3445.4581670802036,3560.3067726495437,3425.4844965464054,3490.39892578125,80000,0.0,0.0
2019-03-14 00:00:00+09:00,3500.385694077436,3535.339616842831,3360.570003015855,3395.52392578125,80800,0.0,0.0
2019-03-15 00:00:00+09:00,3360.570125459731,3440.4648089773473,3330.609619140625,3330.609619140625,74500,0.0,0.0
2019-03-18 00:00:00+09:00,3395.5239999328437,3530.3462764007654,3365.5634940510836,3485.405517578125,73600,0.0,0.0
2019-03-19 00:00:00+09:00,3520.3593850331763,3655.181659353596,3475.41862692637,3645.19482421875,112300,0.0,0.0
2019-03-20 00:00:00+09:00,3695.1288830634603,3695.1288830634603,3550.319778186649,3575.286865234375,102700,0.0,0.0
2019-03-22 00:00:00+09:00,3665.168445323519,3670.16186282396,3520.359337810737,3540.3330078125,68000,0.0,0.0
2019-03-25 00:00:00+09:00,3400.5172969177693,3450.451471615534,3365.563374629334,3420.490966796875,60600,0.0,0.0
2019-03-26 00:00:00+09:00,3490.3989163643973,3520.3594220842633,3405.5108168247766,3495.392333984375,71200,0.0,0.0
2019-03-27 00:00:00+09:00,3565.3000886336617,3705.1157783840013,3540.333001178244,3675.1552734375,120000,0.0,0.0
2019-03-28 00:00:00+09:00,3685.14213647361,3710.1092241190954,3605.2474560080577,3660.175048828125,96200,0.0,0.0
2019-03-29 00:00:00+09:00,3710.1092125844148,3710.1092125844148,3455.4449193922137,3535.339599609375,193400,0.0,0.0
2019-04-01 00:00:00+09:00,3395.52392578125,3515.3659466911768,3355.576585477941,3395.52392578125,256000,0.0,0.0
2019-04-02 00:00:00+09:00,3445.4581996372767,3445.4581996372767,3175.813644883055,3215.760986328125,180500,0.0,0.0
2019-04-03 00:00:00+09:00,3140.8595274446157,3265.6949617627643,3125.879275326438,3190.793701171875,89600,0.0,0.0
2019-04-04 00:00:00+09:00,3215.7608723958333,3270.688464936756,3135.8661923363097,3145.85302734375,71800,0.0,0.0
2019-04-05 00:00:00+09:00,3140.8597490188668,3210.7675971687304,3095.9189894939545,3200.78076171875,87000,0.0,0.0
2019-04-08 00:00:00+09:00,3195.787136970173,3245.721310985332,3160.8332151595614,3180.806884765625,55900,0.0,0.0
2019-04-09 00:00:00+09:00,3215.76097686531,3250.71490052689,3180.807053203731,3220.75439453125,46400,0.0,0.0
2019-04-10 00:00:00+09:00,3245.721379722037,3405.510739954507,3205.7740396639197,3275.681884765625,117400,0.0,0.0
2019-04-11 00:00:00+09:00,3320.6226235247673,3350.583128398675,3265.6950312559366,3285.668701171875,61100,0.0,0.0
2019-04-12 00:00:00+09:00,3280.6754258602255,3300.6490966417186,3185.800489648134,3210.767578125,87100,0.0,0.0
2019-04-15 00:00:00+09:00,3185.8004802443224,3225.7478216893924,3045.984785186578,3215.760986328125,133100,0.0,0.0
2019-04-16 00:00:00+09:00,3315.629365981072,3485.4055684560067,3245.7215179031577,3330.609619140625,345100,0.0,0.0
2019-04-17 00:00:00+09:00,3310.6359418352076,3335.603030386001,3180.807081371082,3205.774169921875,184400,0.0,0.0
2019-04-18 00:00:00+09:00,3225.747765174279,3255.708270733173,3095.918907752404,3115.892578125,129500,0.0,0.0
2019-04-19 00:00:00+09:00,3155.839928395867,3195.7872692616374,3070.9518290561045,3110.899169921875,71500,0.0,0.0
2019-04-22 00:00:00+09:00,3110.899188792648,3135.8662769852053,3055.971594769022,3100.912353515625,59700,0.0,0.0
2019-04-23 00:00:00+09:00,3100.9124010754867,3115.892654220779,3035.997970779221,3075.9453125,46100,0.0,0.0
2019-04-24 00:00:00+09:00,3085.932157488567,3140.8597525247715,3055.971651105183,3070.951904296875,44200,0.0,0.0
2019-04-25 00:00:00+09:00,3075.9453125,3110.8992365056815,3065.958477069805,3075.9453125,43500,0.0,0.0
2019-04-26 00:00:00+09:00,3075.945246664326,3120.8860051383176,3021.0176529738915,3110.899169921875,62900,0.0,0.0
2019-05-07 00:00:00+09:00,3110.899179342092,3165.8267731988544,3090.925508848724,3105.90576171875,42100,0.0,0.0
2019-05-08 00:00:00+09:00,3055.971435546875,3085.9319398169423,3035.9977660334966,3055.971435546875,42700,0.0,0.0
2019-05-09 00:00:00+09:00,3031.0044411694093,3065.9583638847075,2996.0505184541116,3006.037353515625,64300,0.0,0.0
2019-05-10 00:00:00+09:00,2984.0663385609437,3055.971551538316,2946.1163650451085,2968.08740234375,89800,0.0,0.0
2019-05-13 00:00:00+09:00,2966.0900224022603,2969.0860729299393,2791.3204082876487,2792.319091796875,121500,0.0,0.0
2019-05-14 00:00:00+09:00,2692.4506354583486,2768.3505791878865,2647.509879302701,2745.380859375,83100,0.0,0.0
2019-05-15 00:00:00+09:00,3075.945331585912,3225.7478639683427,3035.9979896172636,3065.95849609375,350500,0.0,0.0
2019-05-16 00:00:00+09:00,3090.925403978326,3095.918821432249,2996.0504723537892,3031.00439453125,105900,0.0,0.0
2019-05-17 00:00:00+09:00,3031.0044790414663,3160.8333364633413,3031.0044790414663,3115.892578125,74800,0.0,0.0
2019-05-20 00:00:00+09:00,3130.8727748325896,3240.7279599144345,3130.8727748325896,3145.85302734375,101900,0.0,0.0
2019-05-21 00:00:00+09:00,3120.885995718149,3155.8399188701924,3055.9715670072114,3115.892578125,61900,0.0,0.0
2019-05-22 00:00:00+09:00,3145.853131468346,3180.807055151328,3075.9452841023826,3090.925537109375,57800,0.0,0.0
2019-05-23 00:00:00+09:00,3080.9385317039178,3125.8792882441694,3045.984609950389,3050.97802734375,42700,0.0,0.0
2019-05-24 00:00:00+09:00,2981.0702539359027,3011.030759000585,2907.1676747763527,2960.097900390625,92200,0.0,0.0
2019-05-27 00:00:00+09:00,2995.0517525381033,3070.951696917195,2949.11231251918,3050.97802734375,54000,0.0,0.0
2019-05-28 00:00:00+09:00,3085.9321384028062,3125.8794800002534,3011.0308729075923,3080.938720703125,60500,0.0,0.0
2019-05-29 00:00:00+09:00,3021.017615497608,3060.9649558678243,2993.0544772384565,3001.0439453125,48000,0.0,0.0
2019-05-30 00:00:00+09:00,3050.978111292437,3050.978111292437,2974.0794813187813,3006.037353515625,60000,0.0,0.0
2019-05-31 00:00:00+09:00,3026.0109956095043,3085.9320054235536,3001.0439081869836,3021.017578125,65200,0.0,0.0
2019-06-03 00:00:00+09:00,2901.1756099871736,2951.10978571845,2804.3033090684967,2810.29541015625,112400,0.0,0.0
2019-06-04 00:00:00+09:00,2777.3388805139534,2813.291487381448,2704.4349832548673,2744.38232421875,97200,0.0,0.0
2019-06-05 00:00:00+09:00,2766.3533355127265,2843.251966138893,2766.3533355127265,2810.29541015625,64500,0.0,0.0
2019-06-06 00:00:00+09:00,2773.344049598852,2826.2742745281785,2743.383544921875,2743.383544921875,67200,0.0,0.0
2019-06-07 00:00:00+09:00,2708.429711869266,2735.3941669653095,2679.4678897290714,2721.41259765625,79400,0.0,0.0
2019-06-10 00:00:00+09:00,2726.4059264401353,2901.175537109375,2726.4059264401353,2901.175537109375,105600,0.0,0.0
2019-06-11 00:00:00+09:00,2851.241508462869,2942.121710659059,2851.241508462869,2900.177001953125,82000,0.0,0.0
2019-06-12 00:00:00+09:00,2860.2294911355475,2905.170247804926,2780.334812612208,2781.33349609375,106500,0.0,0.0
2019-06-13 00:00:00+09:00,2724.408589118083,2841.254558666036,2724.408589118083,2779.336181640625,77500,0.0,0.0
2019-06-14 00:00:00+09:00,2746.3796261270995,2792.319067145953,2713.4230706135745,2779.336181640625,104200,0.0,0.0
2019-06-17 00:00:00+09:00,2755.367813314375,2843.2519624885917,2755.367813314375,2838.258544921875,46700,0.0,0.0
2019-06-18 00:00:00+09:00,2815.288715898927,2872.2136739713774,2771.3466430008943,2791.3203125,45400,0.0,0.0
2019-06-19 00:00:00+09:00,2811.2941463030925,2867.220424169158,2802.305994503189,2808.298095703125,37600,0.0,0.0
2019-06-20 00:00:00+09:00,2819.283587828869,2874.211181640625,2819.283587828869,2874.211181640625,46800,0.0,0.0
2019-06-21 00:00:00+09:00,2881.2020190667376,2941.123031594989,2872.2138671875,2872.2138671875,74900,0.0,0.0
2019-06-24 00:00:00+09:00,2891.1887732781715,2936.1295314120293,2876.208520566886,2889.19140625,57700,0.0,0.0
2019-06-25 00:00:00+09:00,2935.130876595482,3026.0110772658422,2873.212498116775,2874.211181640625,135100,0.0,0.0
2019-06-26 00:00:00+09:00,2974.0795340256363,2974.0795340256363,2855.236194687473,2874.211181640625,108500,0.0,0.0
2019-06-27 00:00:00+09:00,2876.208493504772,2901.175581122001,2825.275634765625,2825.275634765625,262500,0.0,0.0
2019-06-28 00:00:00+09:00,2810.295407198961,2974.079503425198,2810.295407198961,2968.08740234375,177200,0.0,0.0
2019-07-01 00:00:00+09:00,2994.053271246189,3080.938739758003,2981.0703851467224,3070.951904296875,120000,0.0,0.0
2019-07-02 00:00:00+09:00,3080.9386364629095,3145.853064783846,3035.997878394569,3125.87939453125,150800,0.0,0.0
2019-07-03 00:00:00+09:00,3125.8792882441694,3130.8727056375305,3026.0109403769434,3050.97802734375,74600,0.0,0.0
2019-07-04 00:00:00+09:00,3055.9715213260138,3140.859619140625,3050.978103807507,3140.859619140625,60200,0.0,0.0
2019-07-05 00:00:00+09:00,3140.8597041960684,3140.8597041960684,3070.951857043851,3095.9189453125,41700,0.0,0.0
2019-07-08 00:00:00+09:00,3095.9189833603896,3135.8663250811687,3070.9518947849024,3075.9453125,51000,0.0,0.0
2019-07-09 00:00:00+09:00,3045.984665714634,3050.978083199412,2929.138696570827,2942.12158203125,65700,0.0,0.0
2019-07-10 00:00:00+09:00,2935.1308428548177,3006.037372233073,2921.149273681641,2996.050537109375,131800,0.0,0.0
2019-07-11 00:00:00+09:00,2989.0596753525947,3011.030712057492,2957.1018037818353,2985.06494140625,22800,0.0,0.0
2019-07-12 00:00:00+09:00,2996.0505228965726,3006.0373579728944,2891.188754595192,2899.17822265625,66200,0.0,0.0
2019-07-16 00:00:00+09:00,2611.557403069449,2711.425755003271,2607.562668992096,2647.510009765625,177800,0.0,0.0
2019-07-17 00:00:00+09:00,2646.5112836874146,2646.5112836874146,2535.657414823527,2565.617919921875,145400,0.0,0.0
2019-07-18 00:00:00+09:00,2532.661433652983,2558.6272054491096,2485.7233077138308,2502.700927734375,110200,0.0,0.0
2019-07-19 00:00:00+09:00,2509.691572913544,2547.6415449671513,2490.7165868867405,2498.7060546875,64800,0.0,0.0
2019-07-22 00:00:00+09:00,2449.770699346041,2480.729888779277,2426.8009781536407,2451.76806640625,77900,0.0,0.0
2019-07-23 00:00:00+09:00,2437.786558861826,2458.758913526348,2429.7970904181984,2444.77734375,62700,0.0,0.0
2019-07-24 00:00:00+09:00,2434.7903700201505,2453.765356496928,2351.8996396215975,2361.886474609375,148700,0.0,0.0
2019-07-25 00:00:00+09:00,2349.9023397510564,2415.8154525532536,2341.9128715326083,2377.865478515625,87300,0.0,0.0
2019-07-26 00:00:00+09:00,2382.8588363005115,2521.6758431093003,2381.8601527982896,2514.68505859375,115300,0.0,0.0
2019-07-29 00:00:00+09:00,2524.6719099765974,2553.6337317287025,2446.774596298522,2453.765380859375,109000,0.0,0.0
2019-07-30 00:00:00+09:00,2453.7654583951035,2526.669356833379,2449.770724234102,2515.683837890625,47300,0.0,0.0
2019-07-31 00:00:00+09:00,2499.704919801096,2499.704919801096,2413.8181347020573,2454.76416015625,67700,0.0,0.0
2019-08-01 00:00:00+09:00,2404.8298889334046,2471.741684015854,2404.8298889334046,2453.765380859375,32500,0.0,0.0
2019-08-02 00:00:00+09:00,2386.853702261428,2420.8089432141014,2371.873448899955,2416.814208984375,64300,0.0,0.0
2019-08-05 00:00:00+09:00,2369.8759018768073,2385.854837582677,2299.9680581636276,2330.92724609375,57000,0.0,0.0
2019-08-06 00:00:00+09:00,2207.0906529978747,2322.9379451914283,2207.0906529978747,2319.94189453125,44800,0.0,0.0
2019-08-07 00:00:00+09:00,2319.9417647590076,2319.9417647590076,2258.0233879122325,2310.95361328125,37600,0.0,0.0
2019-08-08 00:00:00+09:00,2310.9536954239647,2356.8931379431965,2275.9997717680276,2344.908935546875,26200,0.0,0.0
2019-08-09 00:00:00+09:00,2344.9088551301534,2383.8575115824856,2339.9154376362644,2361.886474609375,24900,0.0,0.0
2019-08-13 00:00:00+09:00,2311.952339998854,2317.9444410960427,2277.9971004481145,2313.94970703125,30200,0.0,0.0
2019-08-14 00:00:00+09:00,2317.9443408957645,2326.932492153008,2260.020699460196,2262.01806640625,40600,0.0,0.0
2019-08-15 00:00:00+09:00,2199.101198524383,2244.041958712211,2189.114362927088,2236.052490234375,48900,0.0,0.0
2019-08-16 00:00:00+09:00,2236.052447105776,2275.001105183992,2228.0629787820394,2233.056396484375,23600,0.0,0.0
2019-08-19 00:00:00+09:00,2237.0511298627002,2248.0366488039904,2182.12353515625,2182.12353515625,55000,0.0,0.0
2019-08-20 00:00:00+09:00,2187.1168360902866,2308.956221479791,2187.1168360902866,2297.970703125,49300,0.0,0.0
2019-08-21 00:00:00+09:00,2254.0287370408564,2288.9826607433065,2233.0563828193863,2266.012939453125,25000,0.0,0.0
2019-08-22 00:00:00+09:00,2272.004985637493,2287.983921800218,2217.077392578125,2217.077392578125,38800,0.0,0.0
2019-08-23 00:00:00+09:00,2207.090493348115,2264.015451773836,2207.090493348115,2252.03125,33600,0.0,0.0
2019-08-26 00:00:00+09:00,2191.1115473030577,2213.0825837846746,2164.1470934392555,2178.128662109375,34400,0.0,0.0
2019-08-27 00:00:00+09:00,2187.116769837939,2210.08648933852,2169.1404676200927,2175.132568359375,25700,0.0,0.0
2019-08-28 00:00:00+09:00,2175.1328079683876,2201.098580698956,2152.1630859375,2152.1630859375,25000,0.0,0.0
2019-08-29 00:00:00+09:00,2157.156445031205,2169.1406475036006,2075.2643948031687,2080.2578125,50400,0.0,0.0
2019-08-30 00:00:00+09:00,2093.240718390805,2184.120921336207,2085.2512500000003,2172.13671875,61100,0.0,0.0
2019-09-02 00:00:00+09:00,2162.1498497301495,2167.143267396963,2124.1998754623687,2164.147216796875,20800,0.0,0.0
2019-09-03 00:00:00+09:00,2154.16028938758,2226.065500716234,2150.1655554248773,2214.081298828125,24100,0.0,0.0
2019-09-04 00:00:00+09:00,2217.0774451927414,2232.0576982008,2188.115622710494,2215.080078125,20100,0.0,0.0
2019-09-05 00:00:00+09:00,2204.094436481435,2243.0430921328966,2204.094436481435,2229.0615234375,31600,0.0,0.0
2019-09-06 00:00:00+09:00,2206.091812551744,2244.041784881743,2205.093129069376,2224.068115234375,23300,0.0,0.0
2019-09-09 00:00:00+09:00,2212.083977279764,2270.0076209286244,2203.0958256790786,2268.01025390625,23000,0.0,0.0
2019-09-10 00:00:00+09:00,2285.9866006091274,2289.981334729895,2225.066905267425,2271.00634765625,37100,0.0,0.0
2019-09-11 00:00:00+09:00,2286.9852576622593,2381.8601919320913,2270.007637845553,2336.91943359375,52700,0.0,0.0
2019-09-12 00:00:00+09:00,2345.907523234448,2428.79825308905,2333.923321327759,2343.91015625,44500,0.0,0.0
2019-09-13 00:00:00+09:00,2362.885311597014,2363.8839951606647,2308.9563991598884,2332.9248046875,27500,0.0,0.0
2019-09-17 00:00:00+09:00,2321.939227967231,2331.9260633563376,2292.977405338823,2311.952392578125,23500,0.0,0.0
2019-09-18 00:00:00+09:00,2311.9524554251357,2311.9524554251357,2224.068301611999,2254.02880859375,33900,0.0,0.0
2019-09-19 00:00:00+09:00,2257.024807224026,2336.9194906655844,2257.024807224026,2306.958984375,23100,0.0,0.0
2019-09-20 00:00:00+09:00,2281.9918907308975,2331.926067770961,2279.994523649295,2283.9892578125,23000,0.0,0.0
2019-09-24 00:00:00+09:00,2296.9719695404333,2380.8613806019102,2296.9719695404333,2378.864013671875,42800,0.0,0.0
2019-09-25 00:00:00+09:00,2377.8654745631616,2410.82203090948,2346.906285268135,2405.82861328125,31800,0.0,0.0
2019-09-26 00:00:00+09:00,2436.78780662668,2445.775958372434,2363.8839091333407,2377.865478515625,42800,0.0,0.0
2019-09-27 00:00:00+09:00,2376.8667424530527,2396.8404125577003,2361.8864898745674,2379.86279296875,32200,0.0,0.0
2019-09-30 00:00:00+09:00,2180.126157584955,2234.055068491775,2128.1946137487585,2136.18408203125,214000,0.0,0.0
2019-10-01 00:00:00+09:00,2036.3156383113349,2112.2155836333854,2036.3156383113349,2042.3077392578125,97100,0.0,0.0
2019-10-02 00:00:00+09:00,2042.3077590215776,2156.157678106399,2039.3117085193453,2097.2353515625,84200,0.0,0.0
2019-10-03 00:00:00+09:00,2088.2471158082117,2088.2471158082117,2042.307676627352,2063.280029296875,43400,0.0,0.0
2019-10-04 00:00:00+09:00,2051.2960041814167,2135.185422073938,2047.3012699960584,2098.234130859375,31000,0.0,0.0
2019-10-07 00:00:00+09:00,2142.176124637593,2142.176124637593,2097.235366778063,2115.211669921875,24700,0.0,0.0
2019-10-08 00:00:00+09:00,2098.234126387095,2154.160404862905,2098.234126387095,2126.197265625,30100,0.0,0.0
2019-10-09 00:00:00+09:00,2144.1734384212855,2144.1734384212855,2097.235314711085,2117.208984375,17900,0.0,0.0
2019-10-10 00:00:00+09:00,2123.201258456346,2123.201258456346,2070.2710295296356,2078.260498046875,26000,0.0,0.0
2019-10-11 00:00:00+09:00,2059.2854581733077,2082.2551795787326,2047.3012557009122,2080.2578125,63600,0.0,0.0
2019-10-15 00:00:00+09:00,2009.3511708480223,2093.240583547443,2009.3511708480223,2089.245849609375,157100,0.0,0.0
2019-10-16 00:00:00+09:00,2127.1958791619936,2184.120839308582,2058.2867168792814,2059.285400390625,87500,0.0,0.0
2019-10-17 00:00:00+09:00,2062.2815124146236,2062.2815124146236,1998.3657657828874,2001.36181640625,69500,0.0,0.0
2019-10-18 00:00:00+09:00,2006.355233359935,2029.324954797107,1932.452651344686,1950.428955078125,76800,0.0,0.0
2019-10-21 00:00:00+09:00,1942.4394762972356,1989.3776024596882,1898.497400740897,1904.489501953125,91100,0.0,0.0
2019-10-23 00:00:00+09:00,1935.4486591045672,1957.4196965144229,1902.4921029897835,1947.432861328125,37200,0.0,0.0
2019-10-24 00:00:00+09:00,1977.3933915125128,1982.3868091678473,1943.4381514562374,1960.415771484375,44100,0.0,0.0
2019-10-25 00:00:00+09:00,1945.4354448536576,1947.4328118401604,1911.4802060831112,1921.467041015625,40600,0.0,0.0
2019-10-28 00:00:00+09:00,1948.4314969514949,1991.374887196966,1940.442028998849,1986.3814697265625,35600,0.0,0.0
2019-10-29 00:00:00+09:00,2013.3459302777087,2029.3248662322937,1984.3841088600236,2009.3511962890625,71800,0.0,0.0
2019-10-30 00:00:00+09:00,2035.3169485029905,2035.3169485029905,1971.4012052722785,2019.3380126953125,44200,0.0,0.0
2019-10-31 00:00:00+09:00,2011.3486540367855,2028.3262742545737,1985.3828819389919,1987.3802490234375,24600,0.0,0.0
2019-11-01 00:00:00+09:00,1970.4025462643988,1972.3999132651736,1948.4315092558754,1953.4249267578125,29300,0.0,0.0
2019-11-05 00:00:00+09:00,1953.4249854945738,1966.4078713899876,1909.48291015625,1909.48291015625,49500,0.0,0.0
2019-11-06 00:00:00+09:00,1910.4815070521543,1920.4683419034463,1903.49072265625,1903.49072265625,42100,0.0,0.0
2019-11-07 00:00:00+09:00,1902.4920561625695,1912.4788911030555,1879.5223357994519,1907.4854736328125,59200,0.0,0.0
2019-11-08 00:00:00+09:00,1889.5091996381987,1908.4841863153265,1813.6092529296875,1813.6092529296875,142400,0.0,0.0
2019-11-11 00:00:00+09:00,1803.622430974787,1851.559239771459,1797.630329875203,1845.567138671875,64900,0.0,0.0
2019-11-12 00:00:00+09:00,1837.5776761922066,1837.5776761922066,1802.623753003768,1803.6224365234375,54700,0.0,0.0
2019-11-13 00:00:00+09:00,1797.6302781797008,1806.6184295705993,1768.66845703125,1768.66845703125,64000,0.0,0.0
2019-11-14 00:00:00+09:00,1764.673784943665,1808.615859950751,1758.681683806335,1761.677734375,58200,0.0,0.0
2019-11-15 00:00:00+09:00,1747.6961500729346,1767.6698203594824,1721.7303787004225,1743.701416015625,54400,0.0,0.0
2019-11-18 00:00:00+09:00,1743.7013621162475,1786.6447519049063,1743.7013621162475,1759.6802978515625,40500,0.0,0.0
2019-11-19 00:00:00+09:00,1760.6790729226645,1817.6040344408675,1727.7225162542313,1788.6422119140625,155300,0.0,0.0
2019-11-20 00:00:00+09:00,1789.6408136663008,1857.5512909706022,1788.6421301765315,1819.601318359375,76400,0.0,0.0
2019-11-21 00:00:00+09:00,1822.5974309411588,1847.5645190362432,1783.6487735128271,1812.610595703125,58200,0.0,0.0
2019-11-22 00:00:00+09:00,1849.5618122687229,1852.557862720562,1809.614472910867,1838.5762939453125,43500,0.0,0.0
2019-11-25 00:00:00+09:00,1847.564509465144,1852.5579270582932,1814.6079533503605,1817.60400390625,49400,0.0,0.0
2019-11-26 00:00:00+09:00,1812.6105976687213,1816.6053317682668,1794.634294220767,1798.6290283203125,51200,0.0,0.0
2019-11-27 00:00:00+09:00,1792.636955577342,1798.6290568216116,1763.6751328967052,1783.6488037109375,49000,0.0,0.0
2019-11-28 00:00:00+09:00,1797.6303297418326,1806.6184813905418,1767.6698242461352,1780.6527099609375,38600,0.0,0.0
2019-11-29 00:00:00+09:00,1772.6632847631097,1802.623790984458,1768.6685506002634,1783.6488037109375,36800,0.0,0.0
2019-12-02 00:00:00+09:00,1797.6303575081834,1862.5447870848677,1797.6303575081834,1830.5869140625,80300,0.0,0.0
2019-12-03 00:00:00+09:00,1802.6237731504002,1847.5645320378062,1780.6527354721127,1844.5684814453125,44600,0.0,0.0
2019-12-04 00:00:00+09:00,2244.041748046875,2244.041748046875,2171.137855030666,2244.041748046875,771000,0.0,0.0
2019-12-05 00:00:00+09:00,2477.73376845579,2743.3835799871244,2387.8522532760157,2593.5810546875,2453800,0.0,0.0
2019-12-06 00:00:00+09:00,2743.383492434749,2932.1346682884687,2676.4716999363404,2745.380859375,2137300,0.0,0.0
2019-12-09 00:00:00+09:00,2636.5244004721667,2667.4835885080142,2506.6955474186134,2511.68896484375,391900,0.0,0.0
2019-12-10 00:00:00+09:00,2545.6441847153465,2616.5507116336635,2436.7876856435646,2521.67578125,303800,0.0,0.0
2019-12-11 00:00:00+09:00,2541.6495772993817,2665.486334700216,2501.702236202338,2558.627197265625,274200,0.0,0.0
2019-12-12 00:00:00+09:00,2509.6917015013655,2529.665372026645,2447.7733228729994,2456.761474609375,117000,0.0,0.0
2019-12-13 00:00:00+09:00,2506.6954876021155,2525.6704733648407,2356.8929684227064,2383.857421875,95800,0.0,0.0
2019-12-16 00:00:00+09:00,2356.8929888715943,2356.8929888715943,2290.9798798607785,2345.907470703125,96200,0.0,0.0
2019-12-17 00:00:00+09:00,2326.932473490961,2381.860064066928,2298.9693364704685,2378.864013671875,67400,0.0,0.0
2019-12-18 00:00:00+09:00,2376.8667003730793,2376.8667003730793,2086.2498054955304,2112.215576171875,379000,0.0,0.0
2019-12-19 00:00:00+09:00,2158.155034024108,2161.151084510953,2023.332762116077,2037.3143310546875,270100,0.0,0.0
2019-12-20 00:00:00+09:00,2038.3130945666082,2104.2262078646954,2038.3130945666082,2085.251220703125,141600,0.0,0.0
2019-12-23 00:00:00+09:00,2088.2473193051683,2106.223623345098,2040.3105085320224,2060.2841796875,63900,0.0,0.0
2019-12-24 00:00:00+09:00,2097.235383370807,2127.195888847533,2046.3025240603731,2054.2919921875,122200,0.0,0.0
2019-12-25 00:00:00+09:00,2038.3130332007197,2068.2735383433073,2027.3275146484375,2027.3275146484375,81600,0.0,0.0
2019-12-26 00:00:00+09:00,2020.3366829018019,2077.261641342436,2018.3393159389727,2066.276123046875,121600,0.0,0.0
2019-12-27 00:00:00+09:00,2092.242076965246,2136.1841539993607,2080.25787413776,2124.199951171875,78100,0.0,0.0
2019-12-30 00:00:00+09:00,2100.2313865639635,2128.194524378415,2054.2919458687934,2079.259033203125,62800,0.0,0.0
2020-01-06 00:00:00+09:00,2080.257748202052,2092.2419503040323,2036.315673828125,2036.315673828125,55200,0.0,0.0
2020-01-07 00:00:00+09:00,2058.2867491496795,2086.249887905716,2016.342041015625,2016.342041015625,65700,0.0,0.0
2020-01-08 00:00:00+09:00,2022.3340539315916,2055.2906088845507,1975.39593021071,2024.3314208984375,85700,0.0,0.0
2020-01-09 00:00:00+09:00,2037.3143061829367,2090.244530804356,2022.3340539315916,2024.3314208984375,64900,0.0,0.0
2020-01-10 00:00:00+09:00,2020.336758188101,2059.2854154146635,2011.3486065204327,2012.3472900390625,42600,0.0,0.0
2020-01-14 00:00:00+09:00,2018.3393571109516,2041.309077652046,1999.364370577004,2004.3577880859375,58700,0.0,0.0
2020-01-15 00:00:00+09:00,2047.301182362812,2215.0800109662036,2047.301182362812,2120.205078125,263300,0.0,0.0
2020-01-16 00:00:00+09:00,2122.202515833586,2153.1617054763346,2051.295984716323,2057.2880859375,91400,0.0,0.0
2020-01-17 00:00:00+09:00,2067.2749597886027,2088.247314453125,2030.3236682368258,2088.247314453125,58500,0.0,0.0
2020-01-20 00:00:00+09:00,2115.2116341066244,2116.210317597704,2035.3169548202552,2042.3077392578125,42100,0.0,0.0
2020-01-21 00:00:00+09:00,2042.3078947443526,2060.2841989523713,2021.3355398349975,2050.29736328125,36600,0.0,0.0
2020-01-22 00:00:00+09:00,2046.3025029500325,2057.2880215115015,2013.345947265625,2013.345947265625,39000,0.0,0.0
2020-01-23 00:00:00+09:00,2010.34992489107,2026.3288612041636,1990.3762544997032,1998.36572265625,37900,0.0,0.0
2020-01-24 00:00:00+09:00,1999.3643798828125,2029.3248850758616,1985.382810792723,1999.3643798828125,57400,0.0,0.0
2020-01-27 00:00:00+09:00,1978.39198767146,1982.3867216193073,1942.4393821408328,1954.423583984375,67300,0.0,0.0
2020-01-28 00:00:00+09:00,1937.4459814931831,2045.3037990196078,1927.4591465370327,2037.3143310546875,58500,0.0,0.0
2020-01-29 00:00:00+09:00,2019.3381223745682,2035.3170590501336,1987.3802490234375,1987.3802490234375,45500,0.0,0.0
2020-01-30 00:00:00+09:00,1973.39867215106,1990.3762923062059,1918.4710775314709,1978.39208984375,84300,0.0,0.0
2020-01-31 00:00:00+09:00,1997.3669645132518,2017.340634158384,1943.4380564713938,1959.4169921875,44000,0.0,0.0
2020-02-03 00:00:00+09:00,1895.501359588591,1941.440802444795,1888.5105748061253,1899.49609375,60100,0.0,0.0
2020-02-04 00:00:00+09:00,1900.494772987168,1951.427633429809,1897.4987223728951,1927.459228515625,60900,0.0,0.0
2020-02-05 00:00:00+09:00,1937.4459966859051,1979.3907038306515,1917.4723266169783,1976.3946533203125,31700,0.0,0.0
2020-02-06 00:00:00+09:00,1976.3947164372412,2027.3275767395653,1965.4091975485046,2020.3367919921875,33900,0.0,0.0
2020-02-07 00:00:00+09:00,2040.3104476966764,2040.3104476966764,1991.374954824852,2002.3604736328125,31400,0.0,0.0
2020-02-10 00:00:00+09:00,1990.3762638802998,2002.360466171601,1960.4157581520462,1993.372314453125,22500,0.0,0.0
2020-02-12 00:00:00+09:00,2003.3591813086518,2022.334168569302,1977.393409267762,2015.3433837890625,22100,0.0,0.0
2020-02-13 00:00:00+09:00,2017.3406964417404,2031.322265625,1983.3854569966813,2031.322265625,26400,0.0,0.0
2020-02-14 00:00:00+09:00,2025.3302001953125,2044.3051872780102,2005.3565295819465,2025.3302001953125,31500,0.0,0.0
2020-02-17 00:00:00+09:00,2025.3302178348536,2080.2578125,2006.3552305868939,2080.2578125,45900,0.0,0.0
2020-02-18 00:00:00+09:00,2085.2510877159552,2239.0483422697184,2070.2708356490302,2211.085205078125,159200,0.0,0.0
2020-02-19 00:00:00+09:00,2184.120824894647,2193.1089764374233,2027.3275146484375,2027.3275146484375,113800,0.0,0.0
2020-02-20 00:00:00+09:00,2052.2945882894614,2067.2748407587274,1985.3827939267392,1995.36962890625,59000,0.0,0.0
2020-02-21 00:00:00+09:00,1978.3919958287172,2057.2879916240067,1977.3933123376376,2042.3077392578125,36100,0.0,0.0
2020-02-25 00:00:00+09:00,1872.5316318464868,1969.4039349340117,1872.5316318464868,1941.4407958984375,59900,0.0,0.0
2020-02-26 00:00:00+09:00,1922.4657714586624,1971.4012638230647,1895.501316482359,1896.5,47800,0.0,0.0
2020-02-27 00:00:00+09:00,1890.0,1899.0,1701.0,1702.0,90700,2.5,0.0
2020-02-28 00:00:00+09:00,1568.0,1656.0,1568.0,1609.0,165100,0.0,0.0
2020-03-02 00:00:00+09:00,1609.0,1734.0,1586.0,1667.0,85900,0.0,0.0
2020-03-03 00:00:00+09:00,1717.0,1719.0,1645.0,1647.0,54000,0.0,0.0
2020-03-04 00:00:00+09:00,1630.0,1707.0,1630.0,1662.0,30000,0.0,0.0
2020-03-05 00:00:00+09:00,1692.0,1759.0,1633.0,1706.0,65200,0.0,0.0
2020-03-06 00:00:00+09:00,1661.0,1678.0,1609.0,1621.0,59900,0.0,0.0
2020-03-09 00:00:00+09:00,1559.0,1567.0,1418.0,1436.0,126100,0.0,0.0
2020-03-10 00:00:00+09:00,1256.0,1454.0,1256.0,1446.0,134900,0.0,0.0
2020-03-11 00:00:00+09:00,1450.0,1540.0,1401.0,1406.0,41700,0.0,0.0
2020-03-12 00:00:00+09:00,1380.0,1439.0,1270.0,1283.0,101500,0.0,0.0
2020-03-13 00:00:00+09:00,1103.0,1236.0,1081.0,1187.0,153200,0.0,0.0
2020-03-16 00:00:00+09:00,1200.0,1288.0,1166.0,1178.0,72700,0.0,0.0
2020-03-17 00:00:00+09:00,1148.0,1286.0,1148.0,1268.0,109700,0.0,0.0
2020-03-18 00:00:00+09:00,1298.0,1487.0,1294.0,1389.0,165900,0.0,0.0
2020-03-19 00:00:00+09:00,1449.0,1470.0,1347.0,1461.0,108600,0.0,0.0
2020-03-23 00:00:00+09:00,1521.0,1541.0,1161.0,1211.0,251000,0.0,0.0
2020-03-24 00:00:00+09:00,1217.0,1316.0,1217.0,1309.0,100800,0.0,0.0
2020-03-25 00:00:00+09:00,1400.0,1460.0,1313.0,1459.0,127600,0.0,0.0
2020-03-26 00:00:00+09:00,1374.0,1400.0,1256.0,1269.0,106700,0.0,0.0
2020-03-27 00:00:00+09:00,1309.0,1340.0,1250.0,1280.0,73300,0.0,0.0
2020-03-30 00:00:00+09:00,1250.0,1332.0,1244.0,1290.0,71600,0.0,0.0
2020-03-31 00:00:00+09:00,1273.0,1320.0,1233.0,1248.0,53100,0.0,0.0
2020-04-01 00:00:00+09:00,1240.0,1288.0,1196.0,1208.0,45100,0.0,0.0
2020-04-02 00:00:00+09:00,1250.0,1253.0,1152.0,1177.0,53800,0.0,0.0
2020-04-03 00:00:00+09:00,1228.0,1288.0,1096.0,1107.0,60900,0.0,0.0
2020-04-06 00:00:00+09:00,1077.0,1212.0,1074.0,1193.0,90900,0.0,0.0
2020-04-07 00:00:00+09:00,1233.0,1275.0,1200.0,1271.0,86700,0.0,0.0
2020-04-08 00:00:00+09:00,1260.0,1289.0,1204.0,1263.0,53800,0.0,0.0
2020-04-09 00:00:00+09:00,1264.0,1344.0,1262.0,1308.0,59500,0.0,0.0
2020-04-10 00:00:00+09:00,1327.0,1327.0,1266.0,1309.0,43700,0.0,0.0
2020-04-13 00:00:00+09:00,1310.0,1377.0,1290.0,1317.0,71500,0.0,0.0
2020-04-14 00:00:00+09:00,1167.0,1235.0,1102.0,1190.0,396500,0.0,0.0
2020-04-15 00:00:00+09:00,1223.0,1234.0,1160.0,1166.0,148400,0.0,0.0
2020-04-16 00:00:00+09:00,1182.0,1216.0,1133.0,1156.0,144000,0.0,0.0
2020-04-17 00:00:00+09:00,1185.0,1192.0,1141.0,1192.0,124800,0.0,0.0
2020-04-20 00:00:00+09:00,1197.0,1281.0,1176.0,1240.0,188700,0.0,0.0
2020-04-21 00:00:00+09:00,1240.0,1250.0,1151.0,1199.0,125400,0.0,0.0
2020-04-22 00:00:00+09:00,1169.0,1180.0,1132.0,1137.0,89000,0.0,0.0
2020-04-23 00:00:00+09:00,1151.0,1235.0,1151.0,1224.0,98500,0.0,0.0
2020-04-24 00:00:00+09:00,1230.0,1320.0,1222.0,1291.0,152100,0.0,0.0
2020-04-27 00:00:00+09:00,1321.0,1409.0,1310.0,1385.0,144200,0.0,0.0
2020-04-28 00:00:00+09:00,1399.0,1401.0,1316.0,1330.0,129700,0.0,0.0
2020-04-30 00:00:00+09:00,1390.0,1390.0,1328.0,1341.0,102300,0.0,0.0
2020-05-01 00:00:00+09:00,1343.0,1355.0,1303.0,1330.0,60600,0.0,0.0
2020-05-07 00:00:00+09:00,1316.0,1386.0,1312.0,1385.0,83100,0.0,0.0
2020-05-08 00:00:00+09:00,1411.0,1482.0,1364.0,1454.0,131000,0.0,0.0
2020-05-11 00:00:00+09:00,1474.0,1515.0,1411.0,1490.0,70500,0.0,0.0
2020-05-12 00:00:00+09:00,1490.0,1510.0,1450.0,1459.0,46900,0.0,0.0
2020-05-13 00:00:00+09:00,1429.0,1466.0,1408.0,1460.0,33000,0.0,0.0
2020-05-14 00:00:00+09:00,1425.0,1453.0,1336.0,1348.0,70500,0.0,0.0
2020-05-15 00:00:00+09:00,1388.0,1390.0,1309.0,1364.0,46000,0.0,0.0
2020-05-18 00:00:00+09:00,1394.0,1455.0,1363.0,1443.0,69700,0.0,0.0
2020-05-19 00:00:00+09:00,1457.0,1464.0,1414.0,1434.0,37900,0.0,0.0
2020-05-20 00:00:00+09:00,1422.0,1508.0,1404.0,1497.0,55400,0.0,0.0
2020-05-21 00:00:00+09:00,1509.0,1541.0,1480.0,1510.0,48600,0.0,0.0
2020-05-22 00:00:00+09:00,1550.0,1560.0,1495.0,1511.0,71100,0.0,0.0
2020-05-25 00:00:00+09:00,1551.0,1706.0,1550.0,1699.0,128000,0.0,0.0
2020-05-26 00:00:00+09:00,1815.0,1901.0,1753.0,1798.0,260000,0.0,0.0
2020-05-27 00:00:00+09:00,1781.0,1787.0,1712.0,1773.0,102500,0.0,0.0
2020-05-28 00:00:00+09:00,1780.0,1780.0,1716.0,1744.0,66500,0.0,0.0
2020-05-29 00:00:00+09:00,1728.0,1759.0,1711.0,1711.0,45900,0.0,0.0
2020-06-01 00:00:00+09:00,1735.0,1809.0,1721.0,1809.0,87500,0.0,0.0
2020-06-02 00:00:00+09:00,1829.0,2209.0,1783.0,2209.0,244800,0.0,0.0
2020-06-03 00:00:00+09:00,2064.0,2147.0,2010.0,2062.0,558100,0.0,0.0
2020-06-04 00:00:00+09:00,2084.0,2114.0,1955.0,1980.0,207900,0.0,0.0
2020-06-05 00:00:00+09:00,1951.0,1972.0,1913.0,1952.0,87100,0.0,0.0
2020-06-08 00:00:00+09:00,1990.0,2012.0,1938.0,1946.0,90500,0.0,0.0
2020-06-09 00:00:00+09:00,1946.0,1947.0,1854.0,1896.0,99700,0.0,0.0
2020-06-10 00:00:00+09:00,1890.0,1940.0,1874.0,1919.0,45100,0.0,0.0
2020-06-11 00:00:00+09:00,1910.0,1920.0,1784.0,1816.0,95900,0.0,0.0
2020-06-12 00:00:00+09:00,1637.0,1773.0,1630.0,1729.0,139400,0.0,0.0
2020-06-15 00:00:00+09:00,1728.0,1770.0,1650.0,1650.0,73200,0.0,0.0
2020-06-16 00:00:00+09:00,1723.0,1761.0,1684.0,1745.0,73600,0.0,0.0
2020-06-17 00:00:00+09:00,1744.0,1773.0,1694.0,1728.0,58400,0.0,0.0
2020-06-18 00:00:00+09:00,1728.0,1775.0,1695.0,1765.0,61400,0.0,0.0
2020-06-19 00:00:00+09:00,1765.0,1886.0,1765.0,1880.0,114700,0.0,0.0
2020-06-22 00:00:00+09:00,1880.0,1914.0,1830.0,1890.0,67900,0.0,0.0
2020-06-23 00:00:00+09:00,1911.0,1969.0,1865.0,1888.0,93200,0.0,0.0
2020-06-24 00:00:00+09:00,1905.0,1950.0,1847.0,1892.0,60500,0.0,0.0
2020-06-25 00:00:00+09:00,1890.0,1890.0,1816.0,1859.0,51700,0.0,0.0
2020-06-26 00:00:00+09:00,1859.0,1859.0,1766.0,1788.0,50700,0.0,0.0
2020-06-29 00:00:00+09:00,1767.0,1780.0,1688.0,1730.0,71400,0.0,0.0
2020-06-30 00:00:00+09:00,1770.0,1786.0,1676.0,1713.0,44800,0.0,0.0
2020-07-01 00:00:00+09:00,1701.0,1722.0,1643.0,1662.0,47100,0.0,0.0
2020-07-02 00:00:00+09:00,1670.0,1688.0,1556.0,1579.0,64400,0.0,0.0
2020-07-03 00:00:00+09:00,1584.0,1642.0,1584.0,1627.0,37200,0.0,0.0
2020-07-06 00:00:00+09:00,1650.0,1685.0,1638.0,1685.0,29500,0.0,0.0
2020-07-07 00:00:00+09:00,1710.0,1710.0,1631.0,1675.0,37000,0.0,0.0
2020-07-08 00:00:00+09:00,1657.0,1675.0,1622.0,1656.0,25300,0.0,0.0
2020-07-09 00:00:00+09:00,1674.0,1674.0,1580.0,1580.0,37100,0.0,0.0
2020-07-10 00:00:00+09:00,1585.0,1590.0,1534.0,1534.0,29600,0.0,0.0
2020-07-13 00:00:00+09:00,1540.0,1581.0,1540.0,1579.0,47400,0.0,0.0
2020-07-14 00:00:00+09:00,1497.0,1506.0,1399.0,1415.0,121200,0.0,0.0
2020-07-15 00:00:00+09:00,1421.0,1492.0,1421.0,1450.0,56200,0.0,0.0
2020-07-16 00:00:00+09:00,1429.0,1444.0,1387.0,1429.0,62700,0.0,0.0
2020-07-17 00:00:00+09:00,1430.0,1469.0,1386.0,1395.0,34100,0.0,0.0
2020-07-20 00:00:00+09:00,1409.0,1412.0,1338.0,1385.0,48500,0.0,0.0
2020-07-21 00:00:00+09:00,1403.0,1435.0,1402.0,1434.0,45400,0.0,0.0
2020-07-22 00:00:00+09:00,1450.0,1468.0,1386.0,1388.0,50300,0.0,0.0
2020-07-27 00:00:00+09:00,1367.0,1385.0,1325.0,1385.0,31200,0.0,0.0
2020-07-28 00:00:00+09:00,1385.0,1385.0,1320.0,1321.0,35000,0.0,0.0
2020-07-29 00:00:00+09:00,1311.0,1355.0,1295.0,1320.0,48300,0.0,0.0
2020-07-30 00:00:00+09:00,1340.0,1345.0,1282.0,1304.0,41800,0.0,0.0
2020-07-31 00:00:00+09:00,1302.0,1302.0,1220.0,1228.0,38400,0.0,0.0
2020-08-03 00:00:00+09:00,1250.0,1278.0,1245.0,1264.0,33400,0.0,0.0
2020-08-04 00:00:00+09:00,1264.0,1361.0,1264.0,1361.0,37000,0.0,0.0
2020-08-05 00:00:00+09:00,1290.0,1290.0,1241.0,1275.0,83200,0.0,0.0
2020-08-06 00:00:00+09:00,1271.0,1299.0,1246.0,1285.0,39600,0.0,0.0
2020-08-07 00:00:00+09:00,1298.0,1369.0,1285.0,1366.0,71900,0.0,0.0
2020-08-11 00:00:00+09:00,1367.0,1397.0,1323.0,1366.0,34400,0.0,0.0
2020-08-12 00:00:00+09:00,1388.0,1388.0,1334.0,1379.0,22600,0.0,0.0
2020-08-13 00:00:00+09:00,1399.0,1468.0,1388.0,1415.0,61800,0.0,0.0
2020-08-14 00:00:00+09:00,1410.0,1418.0,1365.0,1384.0,25300,0.0,0.0
2020-08-17 00:00:00+09:00,1399.0,1400.0,1358.0,1361.0,22100,0.0,0.0
2020-08-18 00:00:00+09:00,1352.0,1375.0,1336.0,1371.0,17000,0.0,0.0
2020-08-19 00:00:00+09:00,1370.0,1379.0,1350.0,1378.0,19000,0.0,0.0
2020-08-20 00:00:00+09:00,1358.0,1375.0,1332.0,1338.0,20500,0.0,0.0
2020-08-21 00:00:00+09:00,1336.0,1375.0,1335.0,1367.0,24900,0.0,0.0
2020-08-24 00:00:00+09:00,1380.0,1380.0,1336.0,1364.0,27500,0.0,0.0
2020-08-25 00:00:00+09:00,1388.0,1417.0,1380.0,1386.0,32400,0.0,0.0
2020-08-26 00:00:00+09:00,1416.0,1460.0,1400.0,1460.0,44900,0.0,0.0
2020-08-27 00:00:00+09:00,1461.0,1463.0,1401.0,1401.0,32200,0.0,0.0
2020-08-28 00:00:00+09:00,1425.0,1434.0,1350.0,1378.0,32800,0.0,0.0
2020-08-31 00:00:00+09:00,1378.0,1414.0,1370.0,1399.0,25000,0.0,0.0
2020-09-01 00:00:00+09:00,1385.0,1437.0,1375.0,1424.0,26300,0.0,0.0
2020-09-02 00:00:00+09:00,1435.0,1435.0,1365.0,1365.0,44100,0.0,0.0
2020-09-03 00:00:00+09:00,1365.0,1370.0,1305.0,1305.0,87500,0.0,0.0
2020-09-04 00:00:00+09:00,1285.0,1317.0,1265.0,1315.0,46600,0.0,0.0
2020-09-07 00:00:00+09:00,1304.0,1324.0,1289.0,1306.0,27700,0.0,0.0
2020-09-08 00:00:00+09:00,1306.0,1338.0,1300.0,1328.0,36300,0.0,0.0
2020-09-09 00:00:00+09:00,1298.0,1320.0,1287.0,1303.0,27800,0.0,0.0
2020-09-10 00:00:00+09:00,1323.0,1323.0,1275.0,1283.0,25400,0.0,0.0
2020-09-11 00:00:00+09:00,1285.0,1333.0,1269.0,1327.0,39100,0.0,0.0
2020-09-14 00:00:00+09:00,1355.0,1365.0,1311.0,1326.0,35500,0.0,0.0
2020-09-15 00:00:00+09:00,1312.0,1375.0,1312.0,1375.0,32500,0.0,0.0
2020-09-16 00:00:00+09:00,1360.0,1413.0,1360.0,1398.0,44600,0.0,0.0
2020-09-17 00:00:00+09:00,1404.0,1427.0,1383.0,1392.0,34900,0.0,0.0
2020-09-18 00:00:00+09:00,1389.0,1420.0,1383.0,1407.0,34300,0.0,0.0
2020-09-23 00:00:00+09:00,1400.0,1400.0,1371.0,1377.0,22400,0.0,0.0
2020-09-24 00:00:00+09:00,1390.0,1448.0,1347.0,1353.0,67100,0.0,0.0
2020-09-25 00:00:00+09:00,1345.0,1367.0,1336.0,1350.0,27900,0.0,0.0
2020-09-28 00:00:00+09:00,1350.0,1361.0,1303.0,1361.0,49200,0.0,0.0
2020-09-29 00:00:00+09:00,1334.0,1368.0,1334.0,1363.0,27900,0.0,0.0
2020-09-30 00:00:00+09:00,1369.0,1411.0,1354.0,1367.0,41500,0.0,0.0
2020-10-02 00:00:00+09:00,1390.0,1390.0,1288.0,1294.0,67200,0.0,0.0
2020-10-05 00:00:00+09:00,1301.0,1343.0,1301.0,1321.0,52600,0.0,0.0
2020-10-06 00:00:00+09:00,1313.0,1340.0,1296.0,1319.0,48100,0.0,0.0
2020-10-07 00:00:00+09:00,1309.0,1314.0,1292.0,1303.0,43900,0.0,0.0
2020-10-08 00:00:00+09:00,1320.0,1333.0,1300.0,1312.0,38200,0.0,0.0
2020-10-09 00:00:00+09:00,1306.0,1306.0,1275.0,1298.0,51200,0.0,0.0
2020-10-12 00:00:00+09:00,1306.0,1341.0,1296.0,1327.0,78100,0.0,0.0
2020-10-13 00:00:00+09:00,1195.0,1214.0,1180.0,1189.0,286600,0.0,0.0
2020-10-14 00:00:00+09:00,1180.0,1185.0,1162.0,1165.0,105200,0.0,0.0
2020-10-15 00:00:00+09:00,1153.0,1153.0,1090.0,1098.0,143800,0.0,0.0
2020-10-16 00:00:00+09:00,1085.0,1112.0,1041.0,1050.0,125500,0.0,0.0
2020-10-19 00:00:00+09:00,1080.0,1099.0,1064.0,1079.0,59700,0.0,0.0
2020-10-20 00:00:00+09:00,1090.0,1099.0,1043.0,1049.0,70900,0.0,0.0
2020-10-21 00:00:00+09:00,1065.0,1069.0,1046.0,1049.0,37300,0.0,0.0
2020-10-22 00:00:00+09:00,1041.0,1046.0,1001.0,1007.0,111500,0.0,0.0
2020-10-23 00:00:00+09:00,1001.0,1025.0,995.0,1015.0,65000,0.0,0.0
2020-10-26 00:00:00+09:00,1029.0,1039.0,1006.0,1007.0,55000,0.0,0.0
2020-10-27 00:00:00+09:00,994.0,1000.0,971.0,987.0,89200,0.0,0.0
2020-10-28 00:00:00+09:00,983.0,984.0,940.0,958.0,80300,0.0,0.0
2020-10-29 00:00:00+09:00,938.0,970.0,931.0,970.0,49300,0.0,0.0
2020-10-30 00:00:00+09:00,977.0,977.0,942.0,948.0,51200,0.0,0.0
2020-11-02 00:00:00+09:00,938.0,954.0,936.0,948.0,49900,0.0,0.0
2020-11-04 00:00:00+09:00,957.0,1098.0,943.0,1098.0,315700,0.0,0.0
2020-11-05 00:00:00+09:00,1068.0,1128.0,1021.0,1027.0,1452400,0.0,0.0
2020-11-06 00:00:00+09:00,1010.0,1018.0,953.0,953.0,522000,0.0,0.0
2020-11-09 00:00:00+09:00,974.0,974.0,942.0,942.0,200600,0.0,0.0
2020-11-10 00:00:00+09:00,952.0,977.0,936.0,972.0,219000,0.0,0.0
2020-11-11 00:00:00+09:00,979.0,1028.0,978.0,1003.0,288600,0.0,0.0
2020-11-12 00:00:00+09:00,1006.0,1026.0,981.0,994.0,145200,0.0,0.0
2020-11-13 00:00:00+09:00,981.0,1008.0,956.0,965.0,98100,0.0,0.0
2020-11-16 00:00:00+09:00,980.0,986.0,961.0,973.0,82700,0.0,0.0
2020-11-17 00:00:00+09:00,974.0,981.0,945.0,946.0,92600,0.0,0.0
2020-11-18 00:00:00+09:00,935.0,973.0,934.0,955.0,127600,0.0,0.0
2020-11-19 00:00:00+09:00,955.0,957.0,906.0,918.0,190100,0.0,0.0
2020-11-20 00:00:00+09:00,918.0,924.0,904.0,917.0,77400,0.0,0.0
2020-11-24 00:00:00+09:00,932.0,957.0,924.0,945.0,112300,0.0,0.0
2020-11-25 00:00:00+09:00,950.0,965.0,950.0,963.0,56700,0.0,0.0
2020-11-26 00:00:00+09:00,965.0,1022.0,960.0,988.0,161100,0.0,0.0
2020-11-27 00:00:00+09:00,985.0,1019.0,966.0,983.0,179200,0.0,0.0
2020-11-30 00:00:00+09:00,998.0,1008.0,980.0,988.0,106500,0.0,0.0
2020-12-01 00:00:00+09:00,983.0,1002.0,980.0,997.0,86000,0.0,0.0
2020-12-02 00:00:00+09:00,1004.0,1005.0,990.0,994.0,120000,0.0,0.0
2020-12-03 00:00:00+09:00,991.0,991.0,967.0,968.0,112900,0.0,0.0
2020-12-04 00:00:00+09:00,961.0,971.0,937.0,952.0,105400,0.0,0.0
2020-12-07 00:00:00+09:00,961.0,966.0,930.0,931.0,63400,0.0,0.0
2020-12-08 00:00:00+09:00,925.0,937.0,915.0,924.0,79600,0.0,0.0
2020-12-09 00:00:00+09:00,921.0,929.0,919.0,924.0,51900,0.0,0.0
2020-12-10 00:00:00+09:00,916.0,923.0,871.0,874.0,197400,0.0,0.0
2020-12-11 00:00:00+09:00,877.0,888.0,872.0,878.0,81500,0.0,0.0
2020-12-14 00:00:00+09:00,878.0,929.0,872.0,916.0,119300,0.0,0.0
2020-12-15 00:00:00+09:00,905.0,922.0,894.0,897.0,77600,0.0,0.0
2020-12-16 00:00:00+09:00,895.0,901.0,863.0,868.0,119300,0.0,0.0
2020-12-17 00:00:00+09:00,871.0,880.0,847.0,852.0,114400,0.0,0.0
2020-12-18 00:00:00+09:00,860.0,891.0,860.0,878.0,82500,0.0,0.0
2020-12-21 00:00:00+09:00,869.0,879.0,844.0,845.0,84000,0.0,0.0
2020-12-22 00:00:00+09:00,845.0,845.0,805.0,808.0,137200,0.0,0.0
2020-12-23 00:00:00+09:00,809.0,831.0,801.0,824.0,96900,0.0,0.0
2020-12-24 00:00:00+09:00,820.0,833.0,812.0,827.0,95900,0.0,0.0
2020-12-25 00:00:00+09:00,815.0,849.0,815.0,840.0,88100,0.0,0.0
2020-12-28 00:00:00+09:00,840.0,843.0,805.0,818.0,139400,0.0,0.0
2020-12-29 00:00:00+09:00,807.0,844.0,807.0,843.0,74400,0.0,0.0
2020-12-30 00:00:00+09:00,844.0,855.0,823.0,855.0,53800,0.0,0.0
2021-01-04 00:00:00+09:00,857.0,861.0,825.0,860.0,51700,0.0,0.0
2021-01-05 00:00:00+09:00,860.0,881.0,839.0,881.0,55500,0.0,0.0
2021-01-06 00:00:00+09:00,881.0,918.0,879.0,899.0,113100,0.0,0.0
2021-01-07 00:00:00+09:00,897.0,901.0,876.0,889.0,64900,0.0,0.0
2021-01-08 00:00:00+09:00,894.0,915.0,889.0,904.0,78500,0.0,0.0
2021-01-12 00:00:00+09:00,904.0,927.0,898.0,923.0,51000,0.0,0.0
2021-01-13 00:00:00+09:00,925.0,927.0,902.0,905.0,49300,0.0,0.0
2021-01-14 00:00:00+09:00,912.0,916.0,891.0,891.0,66300,0.0,0.0
2021-01-15 00:00:00+09:00,891.0,950.0,891.0,948.0,174600,0.0,0.0
2021-01-18 00:00:00+09:00,950.0,998.0,931.0,972.0,454100,0.0,0.0
2021-01-19 00:00:00+09:00,980.0,986.0,956.0,971.0,101700,0.0,0.0
2021-01-20 00:00:00+09:00,968.0,971.0,939.0,958.0,81300,0.0,0.0
2021-01-21 00:00:00+09:00,964.0,1002.0,964.0,978.0,149600,0.0,0.0
2021-01-22 00:00:00+09:00,978.0,984.0,963.0,963.0,56500,0.0,0.0
2021-01-25 00:00:00+09:00,961.0,986.0,953.0,975.0,68300,0.0,0.0
2021-01-26 00:00:00+09:00,975.0,1025.0,965.0,1006.0,181700,0.0,0.0
2021-01-27 00:00:00+09:00,999.0,1008.0,969.0,979.0,127200,0.0,0.0
2021-01-28 00:00:00+09:00,945.0,962.0,931.0,955.0,152800,0.0,0.0
2021-01-29 00:00:00+09:00,958.0,958.0,905.0,916.0,108500,0.0,0.0
2021-02-01 00:00:00+09:00,920.0,1010.0,920.0,991.0,210800,0.0,0.0
2021-02-02 00:00:00+09:00,978.0,1025.0,970.0,990.0,136900,0.0,0.0
2021-02-03 00:00:00+09:00,989.0,1005.0,983.0,998.0,79500,0.0,0.0
2021-02-04 00:00:00+09:00,998.0,1036.0,995.0,1035.0,203800,0.0,0.0
2021-02-05 00:00:00+09:00,1056.0,1061.0,1012.0,1020.0,170900,0.0,0.0
2021-02-08 00:00:00+09:00,1020.0,1025.0,992.0,1012.0,118400,0.0,0.0
2021-02-09 00:00:00+09:00,1015.0,1015.0,970.0,983.0,132200,0.0,0.0
2021-02-10 00:00:00+09:00,983.0,1019.0,977.0,1011.0,85500,0.0,0.0
2021-02-12 00:00:00+09:00,1011.0,1018.0,984.0,1011.0,91400,0.0,0.0
2021-02-15 00:00:00+09:00,1005.0,1005.0,987.0,999.0,54600,0.0,0.0
2021-02-16 00:00:00+09:00,992.0,1004.0,971.0,982.0,82200,0.0,0.0
2021-02-17 00:00:00+09:00,970.0,997.0,961.0,994.0,68100,0.0,0.0
2021-02-18 00:00:00+09:00,988.0,1001.0,968.0,970.0,75400,0.0,0.0
2021-02-19 00:00:00+09:00,963.0,963.0,935.0,957.0,114900,0.0,0.0
2021-02-22 00:00:00+09:00,953.0,1017.0,951.0,1017.0,134000,0.0,0.0
2021-02-24 00:00:00+09:00,1025.0,1033.0,986.0,986.0,108700,0.0,0.0
2021-02-25 00:00:00+09:00,990.0,1017.0,983.0,997.0,71100,0.0,0.0
2021-02-26 00:00:00+09:00,978.0,990.0,960.0,970.0,74300,0.0,0.0
2021-03-01 00:00:00+09:00,988.0,990.0,968.0,979.0,36900,0.0,0.0
2021-03-02 00:00:00+09:00,990.0,991.0,947.0,962.0,74700,0.0,0.0
2021-03-03 00:00:00+09:00,962.0,970.0,943.0,955.0,56400,0.0,0.0
2021-03-04 00:00:00+09:00,942.0,946.0,883.0,905.0,149300,0.0,0.0
2021-03-05 00:00:00+09:00,920.0,979.0,906.0,977.0,158200,0.0,0.0
2021-03-08 00:00:00+09:00,976.0,978.0,928.0,930.0,100900,0.0,0.0
2021-03-09 00:00:00+09:00,929.0,960.0,920.0,958.0,64700,0.0,0.0
2021-03-10 00:00:00+09:00,1108.0,1108.0,1108.0,1108.0,150400,0.0,0.0
2021-03-11 00:00:00+09:00,1138.0,1230.0,1066.0,1196.0,5302900,0.0,0.0
2021-03-12 00:00:00+09:00,1175.0,1274.0,1167.0,1250.0,2119700,0.0,0.0
2021-03-15 00:00:00+09:00,1250.0,1260.0,1180.0,1199.0,900600,0.0,0.0
2021-03-16 00:00:00+09:00,1219.0,1269.0,1195.0,1244.0,794100,0.0,0.0
2021-03-17 00:00:00+09:00,1244.0,1269.0,1154.0,1168.0,872800,0.0,0.0
2021-03-18 00:00:00+09:00,1169.0,1190.0,1139.0,1156.0,511800,0.0,0.0
2021-03-19 00:00:00+09:00,1131.0,1169.0,1104.0,1127.0,534300,0.0,0.0
2021-03-22 00:00:00+09:00,1109.0,1201.0,1101.0,1192.0,619100,0.0,0.0
2021-03-23 00:00:00+09:00,1186.0,1206.0,1131.0,1140.0,367400,0.0,0.0
2021-03-24 00:00:00+09:00,1140.0,1181.0,1122.0,1126.0,365100,0.0,0.0
2021-03-25 00:00:00+09:00,1126.0,1174.0,1113.0,1164.0,395300,0.0,0.0
2021-03-26 00:00:00+09:00,1160.0,1238.0,1149.0,1238.0,456900,0.0,0.0
2021-03-29 00:00:00+09:00,1246.0,1258.0,1148.0,1169.0,594900,0.0,0.0
2021-03-30 00:00:00+09:00,1171.0,1349.0,1164.0,1303.0,1188300,0.0,0.0
2021-03-31 00:00:00+09:00,1274.0,1310.0,1248.0,1277.0,880300,0.0,0.0
2021-04-01 00:00:00+09:00,1257.0,1278.0,1182.0,1199.0,645600,0.0,0.0
2021-04-02 00:00:00+09:00,1201.0,1214.0,1150.0,1159.0,602000,0.0,0.0
2021-04-05 00:00:00+09:00,1160.0,1180.0,1132.0,1140.0,447700,0.0,0.0
2021-04-06 00:00:00+09:00,1135.0,1152.0,1100.0,1142.0,460900,0.0,0.0
2021-04-07 00:00:00+09:00,1139.0,1147.0,1065.0,1074.0,542600,0.0,0.0
2021-04-08 00:00:00+09:00,1087.0,1126.0,1067.0,1098.0,371900,0.0,0.0
2021-04-09 00:00:00+09:00,1156.0,1156.0,1097.0,1101.0,414200,0.0,0.0
2021-04-12 00:00:00+09:00,1088.0,1090.0,1043.0,1059.0,375200,0.0,0.0
2021-04-13 00:00:00+09:00,1017.0,1078.0,1005.0,1067.0,516800,0.0,0.0
2021-04-14 00:00:00+09:00,1067.0,1094.0,1028.0,1034.0,320700,0.0,0.0
2021-04-15 00:00:00+09:00,1034.0,1088.0,1030.0,1078.0,307700,0.0,0.0
2021-04-16 00:00:00+09:00,1066.0,1117.0,1050.0,1100.0,347500,0.0,0.0
2021-04-19 00:00:00+09:00,1089.0,1120.0,1061.0,1065.0,456600,0.0,0.0
2021-04-20 00:00:00+09:00,1060.0,1093.0,1037.0,1042.0,334000,0.0,0.0
2021-04-21 00:00:00+09:00,1031.0,1043.0,956.0,970.0,707800,0.0,0.0
2021-04-22 00:00:00+09:00,985.0,988.0,944.0,946.0,310300,0.0,0.0
2021-04-23 00:00:00+09:00,950.0,981.0,947.0,952.0,209100,0.0,0.0
2021-04-26 00:00:00+09:00,941.0,968.0,921.0,964.0,206600,0.0,0.0
2021-04-27 00:00:00+09:00,972.0,972.0,948.0,965.0,129900,0.0,0.0
2021-04-28 00:00:00+09:00,953.0,956.0,930.0,952.0,152100,0.0,0.0
2021-04-30 00:00:00+09:00,945.0,949.0,916.0,918.0,137300,0.0,0.0
2021-05-06 00:00:00+09:00,926.0,940.0,912.0,929.0,85400,0.0,0.0
2021-05-07 00:00:00+09:00,929.0,944.0,920.0,938.0,73400,0.0,0.0
2021-05-10 00:00:00+09:00,949.0,954.0,926.0,932.0,90600,0.0,0.0
2021-05-11 00:00:00+09:00,925.0,933.0,900.0,901.0,137700,0.0,0.0
2021-05-12 00:00:00+09:00,909.0,921.0,860.0,879.0,187900,0.0,0.0
2021-05-13 00:00:00+09:00,864.0,880.0,840.0,840.0,199600,0.0,0.0
2021-05-14 00:00:00+09:00,860.0,876.0,848.0,862.0,133200,0.0,0.0
2021-05-17 00:00:00+09:00,875.0,875.0,820.0,829.0,131700,0.0,0.0
2021-05-18 00:00:00+09:00,823.0,850.0,823.0,842.0,88300,0.0,0.0
2021-05-19 00:00:00+09:00,833.0,852.0,829.0,839.0,76500,0.0,0.0
2021-05-20 00:00:00+09:00,845.0,861.0,832.0,850.0,89900,0.0,0.0
2021-05-21 00:00:00+09:00,847.0,871.0,847.0,865.0,80800,0.0,0.0
2021-05-24 00:00:00+09:00,865.0,868.0,849.0,853.0,65200,0.0,0.0
2021-05-25 00:00:00+09:00,855.0,863.0,852.0,852.0,43900,0.0,0.0
2021-05-26 00:00:00+09:00,850.0,867.0,842.0,867.0,84100,0.0,0.0
2021-05-27 00:00:00+09:00,865.0,872.0,840.0,845.0,86700,0.0,0.0
2021-05-28 00:00:00+09:00,845.0,995.0,843.0,884.0,3661600,0.0,0.0
2021-05-31 00:00:00+09:00,910.0,918.0,866.0,900.0,1437300,0.0,0.0
2021-06-01 00:00:00+09:00,911.0,953.0,891.0,910.0,1429800,0.0,0.0
2021-06-02 00:00:00+09:00,907.0,960.0,896.0,944.0,386100,0.0,0.0
2021-06-03 00:00:00+09:00,938.0,957.0,915.0,921.0,265800,0.0,0.0
2021-06-04 00:00:00+09:00,912.0,927.0,881.0,888.0,280700,0.0,0.0
2021-06-07 00:00:00+09:00,885.0,890.0,860.0,863.0,214500,0.0,0.0
2021-06-08 00:00:00+09:00,863.0,902.0,856.0,863.0,790500,0.0,0.0
2021-06-09 00:00:00+09:00,860.0,875.0,847.0,848.0,173800,0.0,0.0
2021-06-10 00:00:00+09:00,849.0,877.0,841.0,877.0,215600,0.0,0.0
2021-06-11 00:00:00+09:00,879.0,893.0,863.0,888.0,168200,0.0,0.0
2021-06-14 00:00:00+09:00,900.0,900.0,871.0,888.0,104300,0.0,0.0
2021-06-15 00:00:00+09:00,882.0,929.0,877.0,924.0,944500,0.0,0.0
2021-06-16 00:00:00+09:00,919.0,948.0,897.0,939.0,982400,0.0,0.0
2021-06-17 00:00:00+09:00,949.0,956.0,902.0,914.0,227400,0.0,0.0
2021-06-18 00:00:00+09:00,928.0,976.0,924.0,968.0,432700,0.0,0.0
2021-06-21 00:00:00+09:00,944.0,953.0,903.0,908.0,362700,0.0,0.0
2021-06-22 00:00:00+09:00,931.0,963.0,918.0,929.0,340600,0.0,0.0
2021-06-23 00:00:00+09:00,943.0,992.0,943.0,991.0,490300,0.0,0.0
2021-06-24 00:00:00+09:00,1000.0,1022.0,970.0,979.0,561700,0.0,0.0
2021-06-25 00:00:00+09:00,967.0,982.0,945.0,946.0,214700,0.0,0.0
2021-06-28 00:00:00+09:00,955.0,963.0,925.0,938.0,155400,0.0,0.0
2021-06-29 00:00:00+09:00,937.0,937.0,910.0,912.0,121200,0.0,0.0
2021-06-30 00:00:00+09:00,927.0,949.0,881.0,885.0,809500,0.0,0.0
2021-07-01 00:00:00+09:00,881.0,895.0,860.0,861.0,258100,0.0,0.0
2021-07-02 00:00:00+09:00,863.0,887.0,863.0,872.0,173100,0.0,0.0
2021-07-05 00:00:00+09:00,873.0,879.0,851.0,851.0,145700,0.0,0.0
2021-07-06 00:00:00+09:00,853.0,864.0,831.0,858.0,721900,0.0,0.0
2021-07-07 00:00:00+09:00,844.0,853.0,827.0,829.0,151400,0.0,0.0
2021-07-08 00:00:00+09:00,816.0,818.0,782.0,786.0,331700,0.0,0.0
2021-07-09 00:00:00+09:00,775.0,789.0,760.0,789.0,225600,0.0,0.0
2021-07-12 00:00:00+09:00,795.0,799.0,772.0,789.0,206300,0.0,0.0
2021-07-13 00:00:00+09:00,752.0,784.0,742.0,767.0,308500,0.0,0.0
2021-07-14 00:00:00+09:00,757.0,796.0,756.0,776.0,158700,0.0,0.0
2021-07-15 00:00:00+09:00,761.0,768.0,735.0,735.0,289300,0.0,0.0
2021-07-16 00:00:00+09:00,720.0,756.0,719.0,752.0,199300,0.0,0.0
2021-07-19 00:00:00+09:00,730.0,811.0,718.0,737.0,1218500,0.0,0.0
2021-07-20 00:00:00+09:00,721.0,751.0,710.0,715.0,409700,0.0,0.0
2021-07-21 00:00:00+09:00,724.0,741.0,714.0,716.0,187700,0.0,0.0
2021-07-26 00:00:00+09:00,716.0,727.0,705.0,707.0,161500,0.0,0.0
2021-07-27 00:00:00+09:00,711.0,719.0,702.0,717.0,126700,0.0,0.0
2021-07-28 00:00:00+09:00,720.0,720.0,675.0,680.0,339200,0.0,0.0
2021-07-29 00:00:00+09:00,680.0,692.0,675.0,682.0,134800,0.0,0.0
2021-07-30 00:00:00+09:00,678.0,684.0,655.0,662.0,196300,0.0,0.0
2021-08-02 00:00:00+09:00,664.0,677.0,656.0,670.0,96300,0.0,0.0
2021-08-03 00:00:00+09:00,663.0,682.0,657.0,665.0,110100,0.0,0.0
2021-08-04 00:00:00+09:00,669.0,669.0,638.0,642.0,161200,0.0,0.0
2021-08-05 00:00:00+09:00,636.0,648.0,627.0,630.0,166200,0.0,0.0
2021-08-06 00:00:00+09:00,626.0,647.0,624.0,637.0,104300,0.0,0.0
2021-08-10 00:00:00+09:00,644.0,667.0,637.0,667.0,124000,0.0,0.0
2021-08-11 00:00:00+09:00,664.0,676.0,656.0,670.0,66300,0.0,0.0
2021-08-12 00:00:00+09:00,680.0,680.0,659.0,662.0,85200,0.0,0.0
2021-08-13 00:00:00+09:00,662.0,676.0,655.0,672.0,62800,0.0,0.0
2021-08-16 00:00:00+09:00,664.0,664.0,638.0,645.0,117300,0.0,0.0
2021-08-17 00:00:00+09:00,641.0,652.0,613.0,616.0,180800,0.0,0.0
2021-08-18 00:00:00+09:00,610.0,627.0,601.0,621.0,136600,0.0,0.0
2021-08-19 00:00:00+09:00,611.0,637.0,611.0,614.0,111800,0.0,0.0
2021-08-20 00:00:00+09:00,612.0,620.0,595.0,598.0,167000,0.0,0.0
2021-08-23 00:00:00+09:00,606.0,633.0,606.0,627.0,102700,0.0,0.0
2021-08-24 00:00:00+09:00,634.0,656.0,634.0,651.0,89400,0.0,0.0
2021-08-25 00:00:00+09:00,651.0,660.0,646.0,657.0,55500,0.0,0.0
2021-08-26 00:00:00+09:00,657.0,669.0,656.0,661.0,61000,0.0,0.0
2021-08-27 00:00:00+09:00,662.0,679.0,655.0,676.0,68900,0.0,0.0
2021-08-30 00:00:00+09:00,687.0,694.0,680.0,684.0,54200,0.0,0.0
2021-08-31 00:00:00+09:00,686.0,705.0,676.0,693.0,106900,0.0,0.0
2021-09-01 00:00:00+09:00,709.0,739.0,697.0,732.0,292100,0.0,0.0
2021-09-02 00:00:00+09:00,721.0,721.0,690.0,692.0,180200,0.0,0.0
2021-09-03 00:00:00+09:00,698.0,713.0,691.0,695.0,115900,0.0,0.0
2021-09-06 00:00:00+09:00,708.0,708.0,683.0,703.0,117300,0.0,0.0
2021-09-07 00:00:00+09:00,704.0,724.0,695.0,700.0,88100,0.0,0.0
2021-09-08 00:00:00+09:00,696.0,711.0,695.0,708.0,69400,0.0,0.0
2021-09-09 00:00:00+09:00,705.0,705.0,688.0,693.0,83300,0.0,0.0
2021-09-10 00:00:00+09:00,686.0,710.0,686.0,709.0,77500,0.0,0.0
2021-09-13 00:00:00+09:00,859.0,859.0,859.0,859.0,48700,0.0,0.0
2021-09-14 00:00:00+09:00,1009.0,1009.0,1009.0,1009.0,60300,0.0,0.0
2021-09-15 00:00:00+09:00,1279.0,1800.0,1235.0,1570.0,29270900,0.0,0.0
2021-09-16 00:00:00+09:00,1770.0,1965.0,1420.0,1456.0,20119400,0.0,0.0
2021-09-17 00:00:00+09:00,1456.0,1560.0,1298.0,1352.0,6439100,0.0,0.0
2021-09-21 00:00:00+09:00,1322.0,1534.0,1322.0,1380.0,7519200,0.0,0.0
2021-09-22 00:00:00+09:00,1470.0,1530.0,1360.0,1384.0,4369300,0.0,0.0
2021-09-24 00:00:00+09:00,1444.0,1446.0,1315.0,1342.0,1469400,0.0,0.0
2021-09-27 00:00:00+09:00,1312.0,1321.0,1201.0,1236.0,1479100,0.0,0.0
2021-09-28 00:00:00+09:00,1240.0,1283.0,1150.0,1161.0,833200,0.0,0.0
2021-09-29 00:00:00+09:00,1158.0,1235.0,1146.0,1172.0,566400,0.0,0.0
2021-09-30 00:00:00+09:00,1142.0,1403.0,1103.0,1203.0,3066400,0.0,0.0
2021-10-01 00:00:00+09:00,1161.0,1178.0,1120.0,1146.0,617000,0.0,0.0
2021-10-04 00:00:00+09:00,1123.0,1150.0,1077.0,1097.0,590600,0.0,0.0
2021-10-05 00:00:00+09:00,1103.0,1157.0,1076.0,1126.0,556200,0.0,0.0
2021-10-06 00:00:00+09:00,1127.0,1148.0,1061.0,1078.0,397400,0.0,0.0
2021-10-07 00:00:00+09:00,1098.0,1205.0,1080.0,1146.0,793600,0.0,0.0
2021-10-08 00:00:00+09:00,1153.0,1213.0,1151.0,1192.0,542800,0.0,0.0
2021-10-11 00:00:00+09:00,1132.0,1225.0,1125.0,1169.0,747700,0.0,0.0
2021-10-12 00:00:00+09:00,1170.0,1194.0,1127.0,1127.0,303300,0.0,0.0
2021-10-13 00:00:00+09:00,1034.0,1350.0,1030.0,1290.0,5774900,0.0,0.0
2021-10-14 00:00:00+09:00,1230.0,1544.0,1213.0,1523.0,6462700,0.0,0.0
2021-10-15 00:00:00+09:00,1540.0,1616.0,1410.0,1411.0,4072100,0.0,0.0
2021-10-18 00:00:00+09:00,1382.0,1534.0,1376.0,1434.0,1920200,0.0,0.0
2021-10-19 00:00:00+09:00,1445.0,1478.0,1332.0,1334.0,1498500,0.0,0.0
2021-10-20 00:00:00+09:00,1340.0,1416.0,1340.0,1368.0,1046900,0.0,0.0
2021-10-21 00:00:00+09:00,1660.0,1668.0,1592.0,1668.0,1004300,0.0,0.0
2021-10-22 00:00:00+09:00,1655.0,1984.0,1614.0,1707.0,11564400,0.0,0.0
2021-10-25 00:00:00+09:00,1642.0,1920.0,1606.0,1760.0,6584900,0.0,0.0
2021-10-26 00:00:00+09:00,1872.0,1960.0,1787.0,1868.0,4157200,0.0,0.0
2021-10-27 00:00:00+09:00,1895.0,1907.0,1750.0,1777.0,1726400,0.0,0.0
2021-10-28 00:00:00+09:00,1772.0,1832.0,1701.0,1776.0,901000,0.0,0.0
2021-10-29 00:00:00+09:00,1736.0,1820.0,1725.0,1731.0,535600,0.0,0.0
2021-11-01 00:00:00+09:00,1760.0,1882.0,1741.0,1821.0,1060400,0.0,0.0
2021-11-02 00:00:00+09:00,1790.0,2096.0,1785.0,2025.0,2871300,0.0,0.0
2021-11-04 00:00:00+09:00,2025.0,2098.0,1811.0,1844.0,3706900,0.0,0.0
2021-11-05 00:00:00+09:00,1900.0,2030.0,1871.0,2015.0,1207900,0.0,0.0
2021-11-08 00:00:00+09:00,1979.0,2077.0,1876.0,1929.0,1076600,0.0,0.0
2021-11-09 00:00:00+09:00,1900.0,1932.0,1804.0,1827.0,601400,0.0,0.0
2021-11-10 00:00:00+09:00,1847.0,1893.0,1780.0,1802.0,489500,0.0,0.0
2021-11-11 00:00:00+09:00,1802.0,1811.0,1681.0,1686.0,683400,0.0,0.0
2021-11-12 00:00:00+09:00,1749.0,1806.0,1704.0,1762.0,537900,0.0,0.0
2021-11-15 00:00:00+09:00,1764.0,1850.0,1732.0,1837.0,478600,0.0,0.0
2021-11-16 00:00:00+09:00,1816.0,1917.0,1785.0,1898.0,728200,0.0,0.0
2021-11-17 00:00:00+09:00,1938.0,1945.0,1826.0,1851.0,769600,0.0,0.0
2021-11-18 00:00:00+09:00,1851.0,1851.0,1730.0,1747.0,569500,0.0,0.0
2021-11-19 00:00:00+09:00,1733.0,1751.0,1594.0,1594.0,918500,0.0,0.0
2021-11-22 00:00:00+09:00,1585.0,1713.0,1584.0,1615.0,852800,0.0,0.0
2021-11-24 00:00:00+09:00,1578.0,1642.0,1503.0,1596.0,834700,0.0,0.0
2021-11-25 00:00:00+09:00,1569.0,1580.0,1435.0,1486.0,861300,0.0,0.0
2021-11-26 00:00:00+09:00,1550.0,1596.0,1471.0,1512.0,620200,0.0,0.0
2021-11-29 00:00:00+09:00,1467.0,1586.0,1455.0,1517.0,443900,0.0,0.0
2021-11-30 00:00:00+09:00,1517.0,1560.0,1433.0,1439.0,433700,0.0,0.0
2021-12-01 00:00:00+09:00,1468.0,1475.0,1400.0,1442.0,349200,0.0,0.0
2021-12-02 00:00:00+09:00,1465.0,1465.0,1323.0,1341.0,684300,0.0,0.0
2021-12-03 00:00:00+09:00,1367.0,1406.0,1347.0,1389.0,427200,0.0,0.0
2021-12-06 00:00:00+09:00,1389.0,1389.0,1285.0,1309.0,473600,0.0,0.0
2021-12-07 00:00:00+09:00,1359.0,1417.0,1352.0,1377.0,298100,0.0,0.0
2021-12-08 00:00:00+09:00,1366.0,1408.0,1351.0,1351.0,335500,0.0,0.0
2021-12-09 00:00:00+09:00,1365.0,1383.0,1303.0,1316.0,225700,0.0,0.0
2021-12-10 00:00:00+09:00,1296.0,1303.0,1253.0,1270.0,313500,0.0,0.0
2021-12-13 00:00:00+09:00,1270.0,1316.0,1240.0,1249.0,272600,0.0,0.0
2021-12-14 00:00:00+09:00,1254.0,1255.0,1207.0,1226.0,218600,0.0,0.0
2021-12-15 00:00:00+09:00,1227.0,1268.0,1221.0,1230.0,273700,0.0,0.0
2021-12-16 00:00:00+09:00,1240.0,1257.0,1180.0,1183.0,327900,0.0,0.0
2021-12-17 00:00:00+09:00,1183.0,1210.0,1149.0,1151.0,353300,0.0,0.0
2021-12-20 00:00:00+09:00,1150.0,1172.0,1111.0,1120.0,319200,0.0,0.0
2021-12-21 00:00:00+09:00,1143.0,1166.0,1121.0,1142.0,283600,0.0,0.0
2021-12-22 00:00:00+09:00,1142.0,1194.0,1141.0,1173.0,272500,0.0,0.0
2021-12-23 00:00:00+09:00,1173.0,1186.0,1148.0,1149.0,158700,0.0,0.0
2021-12-24 00:00:00+09:00,1150.0,1209.0,1150.0,1163.0,232900,0.0,0.0
2021-12-27 00:00:00+09:00,1153.0,1165.0,1113.0,1136.0,198700,0.0,0.0
2021-12-28 00:00:00+09:00,1141.0,1168.0,1127.0,1164.0,236600,0.0,0.0
2021-12-29 00:00:00+09:00,1164.0,1195.0,1158.0,1178.0,141700,0.0,0.0
2021-12-30 00:00:00+09:00,1227.0,1239.0,1108.0,1116.0,370200,0.0,0.0
2022-01-04 00:00:00+09:00,1110.0,1134.0,1090.0,1093.0,204400,0.0,0.0
2022-01-05 00:00:00+09:00,1063.0,1089.0,1053.0,1058.0,217500,0.0,0.0
2022-01-06 00:00:00+09:00,1032.0,1044.0,1002.0,1017.0,228500,0.0,0.0
2022-01-07 00:00:00+09:00,1012.0,1038.0,978.0,999.0,241700,0.0,0.0
2022-01-11 00:00:00+09:00,984.0,1007.0,972.0,983.0,200700,0.0,0.0
2022-01-12 00:00:00+09:00,985.0,1025.0,985.0,1018.0,135700,0.0,0.0
2022-01-13 00:00:00+09:00,1001.0,1007.0,958.0,963.0,173100,0.0,0.0
2022-01-14 00:00:00+09:00,963.0,963.0,934.0,950.0,176600,0.0,0.0
2022-01-17 00:00:00+09:00,935.0,983.0,923.0,949.0,271400,0.0,0.0
2022-01-18 00:00:00+09:00,941.0,994.0,937.0,966.0,164400,0.0,0.0
2022-01-19 00:00:00+09:00,941.0,957.0,892.0,899.0,294400,0.0,0.0
2022-01-20 00:00:00+09:00,887.0,936.0,876.0,928.0,308400,0.0,0.0
2022-01-21 00:00:00+09:00,905.0,934.0,903.0,930.0,156100,0.0,0.0
2022-01-24 00:00:00+09:00,912.0,934.0,879.0,905.0,147900,0.0,0.0
2022-01-25 00:00:00+09:00,903.0,916.0,858.0,861.0,193200,0.0,0.0
2022-01-26 00:00:00+09:00,848.0,888.0,844.0,872.0,152100,0.0,0.0
2022-01-27 00:00:00+09:00,887.0,897.0,825.0,833.0,230800,0.0,0.0
2022-01-28 00:00:00+09:00,835.0,854.0,812.0,830.0,302100,0.0,0.0
2022-01-31 00:00:00+09:00,843.0,877.0,843.0,871.0,114800,0.0,0.0
2022-02-01 00:00:00+09:00,900.0,926.0,878.0,885.0,197700,0.0,0.0
2022-02-02 00:00:00+09:00,890.0,948.0,890.0,935.0,137000,0.0,0.0
2022-02-03 00:00:00+09:00,920.0,923.0,895.0,914.0,139200,0.0,0.0
2022-02-04 00:00:00+09:00,899.0,917.0,888.0,915.0,96400,0.0,0.0
2022-02-07 00:00:00+09:00,916.0,921.0,895.0,899.0,87900,0.0,0.0
2022-02-08 00:00:00+09:00,910.0,941.0,900.0,924.0,109100,0.0,0.0
2022-02-09 00:00:00+09:00,947.0,955.0,916.0,939.0,85000,0.0,0.0
2022-02-10 00:00:00+09:00,960.0,968.0,941.0,962.0,75900,0.0,0.0
2022-02-14 00:00:00+09:00,923.0,924.0,879.0,891.0,179700,0.0,0.0
2022-02-15 00:00:00+09:00,885.0,898.0,862.0,870.0,97200,0.0,0.0
2022-02-16 00:00:00+09:00,898.0,905.0,880.0,882.0,62700,0.0,0.0
2022-02-17 00:00:00+09:00,880.0,890.0,860.0,866.0,111200,0.0,0.0
2022-02-18 00:00:00+09:00,851.0,885.0,845.0,878.0,73300,0.0,0.0
2022-02-21 00:00:00+09:00,848.0,866.0,842.0,861.0,69300,0.0,0.0
2022-02-22 00:00:00+09:00,850.0,865.0,838.0,842.0,82400,0.0,0.0
2022-02-24 00:00:00+09:00,840.0,844.0,807.0,812.0,144600,0.0,0.0
2022-02-25 00:00:00+09:00,850.0,881.0,837.0,881.0,135900,0.0,0.0
2022-02-28 00:00:00+09:00,882.0,904.0,859.0,894.0,91600,0.0,0.0
2022-03-01 00:00:00+09:00,918.0,944.0,914.0,939.0,120300,0.0,0.0
2022-03-02 00:00:00+09:00,910.0,930.0,902.0,923.0,75600,0.0,0.0
2022-03-03 00:00:00+09:00,938.0,952.0,905.0,914.0,64100,0.0,0.0
2022-03-04 00:00:00+09:00,890.0,894.0,860.0,872.0,95100,0.0,0.0
2022-03-07 00:00:00+09:00,835.0,850.0,818.0,830.0,74900,0.0,0.0
2022-03-08 00:00:00+09:00,812.0,844.0,803.0,808.0,66300,0.0,0.0
2022-03-09 00:00:00+09:00,823.0,832.0,797.0,804.0,70800,0.0,0.0
2022-03-10 00:00:00+09:00,840.0,843.0,824.0,838.0,48700,0.0,0.0
2022-03-11 00:00:00+09:00,843.0,843.0,809.0,821.0,74100,0.0,0.0
2022-03-14 00:00:00+09:00,821.0,852.0,821.0,831.0,93000,0.0,0.0
2022-03-15 00:00:00+09:00,814.0,820.0,789.0,812.0,130600,0.0,0.0
2022-03-16 00:00:00+09:00,828.0,857.0,817.0,847.0,93600,0.0,0.0
2022-03-17 00:00:00+09:00,869.0,878.0,854.0,868.0,66800,0.0,0.0
2022-03-18 00:00:00+09:00,861.0,894.0,861.0,894.0,48500,0.0,0.0
2022-03-22 00:00:00+09:00,900.0,900.0,864.0,866.0,66600,0.0,0.0
2022-03-23 00:00:00+09:00,880.0,910.0,874.0,898.0,74700,0.0,0.0
2022-03-24 00:00:00+09:00,888.0,931.0,881.0,931.0,98900,0.0,0.0
2022-03-25 00:00:00+09:00,939.0,946.0,907.0,924.0,77300,0.0,0.0
2022-03-28 00:00:00+09:00,910.0,911.0,888.0,891.0,48600,0.0,0.0
2022-03-29 00:00:00+09:00,907.0,933.0,900.0,930.0,55600,0.0,0.0
2022-03-30 00:00:00+09:00,936.0,973.0,936.0,973.0,97700,0.0,0.0
2022-03-31 00:00:00+09:00,970.0,972.0,942.0,951.0,78500,0.0,0.0
2022-04-01 00:00:00+09:00,945.0,961.0,924.0,958.0,69700,0.0,0.0
2022-04-04 00:00:00+09:00,980.0,999.0,972.0,984.0,115100,0.0,0.0
2022-04-05 00:00:00+09:00,1000.0,1078.0,1000.0,1061.0,260600,0.0,0.0
2022-04-06 00:00:00+09:00,1041.0,1062.0,1009.0,1046.0,210000,0.0,0.0
2022-04-07 00:00:00+09:00,990.0,1009.0,929.0,929.0,287800,0.0,0.0
2022-04-08 00:00:00+09:00,944.0,969.0,936.0,969.0,92500,0.0,0.0
2022-04-11 00:00:00+09:00,954.0,968.0,895.0,906.0,129400,0.0,0.0
2022-04-12 00:00:00+09:00,913.0,921.0,888.0,902.0,104000,0.0,0.0
2022-04-13 00:00:00+09:00,891.0,954.0,891.0,954.0,106700,0.0,0.0
2022-04-14 00:00:00+09:00,963.0,972.0,936.0,948.0,100500,0.0,0.0
2022-04-15 00:00:00+09:00,1085.0,1098.0,1046.0,1098.0,520600,0.0,0.0
2022-04-18 00:00:00+09:00,1126.0,1214.0,1054.0,1185.0,3883000,0.0,0.0
2022-04-19 00:00:00+09:00,1185.0,1199.0,1069.0,1085.0,1931600,0.0,0.0
2022-04-20 00:00:00+09:00,1090.0,1109.0,1005.0,1005.0,1132300,0.0,0.0
2022-04-21 00:00:00+09:00,980.0,1032.0,971.0,1015.0,641300,0.0,0.0
2022-04-22 00:00:00+09:00,976.0,1002.0,932.0,954.0,423500,0.0,0.0
2022-04-25 00:00:00+09:00,909.0,948.0,909.0,925.0,221400,0.0,0.0
2022-04-26 00:00:00+09:00,925.0,976.0,919.0,968.0,212400,0.0,0.0
2022-04-27 00:00:00+09:00,940.0,1011.0,936.0,1008.0,305900,0.0,0.0
2022-04-28 00:00:00+09:00,998.0,998.0,910.0,915.0,454900,0.0,0.0
2022-05-02 00:00:00+09:00,912.0,925.0,902.0,922.0,155000,0.0,0.0
2022-05-06 00:00:00+09:00,911.0,1056.0,904.0,910.0,1948300,0.0,0.0
2022-05-09 00:00:00+09:00,887.0,890.0,826.0,828.0,466200,0.0,0.0
2022-05-10 00:00:00+09:00,840.0,849.0,810.0,843.0,205900,0.0,0.0
2022-05-11 00:00:00+09:00,828.0,852.0,816.0,849.0,163800,0.0,0.0
2022-05-12 00:00:00+09:00,840.0,840.0,801.0,803.0,226300,0.0,0.0
2022-05-13 00:00:00+09:00,818.0,862.0,817.0,862.0,165200,0.0,0.0
2022-05-16 00:00:00+09:00,874.0,884.0,851.0,868.0,155900,0.0,0.0
2022-05-17 00:00:00+09:00,841.0,865.0,840.0,849.0,138800,0.0,0.0
2022-05-18 00:00:00+09:00,863.0,876.0,858.0,868.0,115900,0.0,0.0
2022-05-19 00:00:00+09:00,830.0,880.0,830.0,871.0,171200,0.0,0.0
2022-05-20 00:00:00+09:00,871.0,872.0,855.0,864.0,92000,0.0,0.0
2022-05-23 00:00:00+09:00,879.0,893.0,861.0,885.0,103400,0.0,0.0
2022-05-24 00:00:00+09:00,872.0,884.0,857.0,858.0,97100,0.0,0.0
2022-05-25 00:00:00+09:00,851.0,854.0,831.0,833.0,116300,0.0,0.0
2022-05-26 00:00:00+09:00,830.0,864.0,830.0,852.0,136700,0.0,0.0
2022-05-27 00:00:00+09:00,866.0,871.0,834.0,838.0,89600,0.0,0.0
2022-05-30 00:00:00+09:00,853.0,900.0,844.0,900.0,274200,0.0,0.0
2022-05-31 00:00:00+09:00,899.0,899.0,876.0,889.0,121700,0.0,0.0
2022-06-01 00:00:00+09:00,890.0,908.0,888.0,893.0,91900,0.0,0.0
2022-06-02 00:00:00+09:00,885.0,886.0,862.0,863.0,90100,0.0,0.0
2022-06-03 00:00:00+09:00,878.0,893.0,870.0,880.0,96700,0.0,0.0
2022-06-06 00:00:00+09:00,870.0,905.0,862.0,886.0,135100,0.0,0.0
2022-06-07 00:00:00+09:00,878.0,881.0,867.0,878.0,62300,0.0,0.0
2022-06-08 00:00:00+09:00,880.0,901.0,877.0,897.0,131700,0.0,0.0
2022-06-09 00:00:00+09:00,903.0,920.0,900.0,912.0,110400,0.0,0.0
2022-06-10 00:00:00+09:00,897.0,897.0,881.0,883.0,85000,0.0,0.0
2022-06-13 00:00:00+09:00,871.0,871.0,844.0,845.0,129600,0.0,0.0
2022-06-14 00:00:00+09:00,827.0,841.0,809.0,837.0,148300,0.0,0.0
2022-06-15 00:00:00+09:00,825.0,832.0,806.0,812.0,78700,0.0,0.0
2022-06-16 00:00:00+09:00,842.0,851.0,805.0,806.0,74100,0.0,0.0
2022-06-17 00:00:00+09:00,800.0,826.0,780.0,788.0,176400,0.0,0.0
2022-06-20 00:00:00+09:00,802.0,805.0,752.0,765.0,109600,0.0,0.0
2022-06-21 00:00:00+09:00,776.0,815.0,776.0,812.0,88100,0.0,0.0
2022-06-22 00:00:00+09:00,819.0,827.0,791.0,802.0,53100,0.0,0.0
2022-06-23 00:00:00+09:00,797.0,833.0,797.0,830.0,91300,0.0,0.0
2022-06-24 00:00:00+09:00,835.0,877.0,835.0,876.0,139500,0.0,0.0
2022-06-27 00:00:00+09:00,878.0,893.0,857.0,878.0,101000,0.0,0.0
2022-06-28 00:00:00+09:00,863.0,881.0,861.0,876.0,42900,0.0,0.0
2022-06-29 00:00:00+09:00,861.0,872.0,852.0,867.0,80800,0.0,0.0
2022-06-30 00:00:00+09:00,865.0,870.0,851.0,851.0,69600,0.0,0.0
2022-07-01 00:00:00+09:00,855.0,858.0,826.0,834.0,76800,0.0,0.0
2022-07-04 00:00:00+09:00,845.0,860.0,827.0,842.0,43900,0.0,0.0
2022-07-05 00:00:00+09:00,840.0,867.0,838.0,861.0,76200,0.0,0.0
2022-07-06 00:00:00+09:00,849.0,890.0,849.0,874.0,76300,0.0,0.0
2022-07-07 00:00:00+09:00,874.0,896.0,857.0,890.0,63100,0.0,0.0
2022-07-08 00:00:00+09:00,908.0,922.0,888.0,897.0,197200,0.0,0.0
2022-07-11 00:00:00+09:00,909.0,910.0,875.0,880.0,129700,0.0,0.0
2022-07-12 00:00:00+09:00,879.0,880.0,863.0,874.0,83600,0.0,0.0
2022-07-13 00:00:00+09:00,879.0,888.0,865.0,880.0,74100,0.0,0.0
2022-07-14 00:00:00+09:00,880.0,903.0,869.0,898.0,154000,0.0,0.0
2022-07-15 00:00:00+09:00,890.0,913.0,860.0,900.0,218200,0.0,0.0
2022-07-19 00:00:00+09:00,829.0,855.0,800.0,822.0,329400,0.0,0.0
2022-07-20 00:00:00+09:00,813.0,857.0,813.0,848.0,176000,0.0,0.0
2022-07-21 00:00:00+09:00,829.0,924.0,829.0,907.0,472700,0.0,0.0
2022-07-22 00:00:00+09:00,900.0,924.0,899.0,902.0,147300,0.0,0.0
2022-07-25 00:00:00+09:00,882.0,896.0,878.0,881.0,95500,0.0,0.0
2022-07-26 00:00:00+09:00,873.0,901.0,868.0,899.0,80500,0.0,0.0
2022-07-27 00:00:00+09:00,889.0,899.0,882.0,883.0,51400,0.0,0.0
2022-07-28 00:00:00+09:00,878.0,893.0,857.0,858.0,84400,0.0,0.0
2022-07-29 00:00:00+09:00,858.0,860.0,829.0,838.0,177600,0.0,0.0
2022-08-01 00:00:00+09:00,838.0,865.0,831.0,861.0,72200,0.0,0.0
2022-08-02 00:00:00+09:00,861.0,861.0,832.0,834.0,66000,0.0,0.0
2022-08-03 00:00:00+09:00,849.0,849.0,835.0,835.0,35700,0.0,0.0
2022-08-04 00:00:00+09:00,837.0,859.0,835.0,851.0,52100,0.0,0.0
2022-08-05 00:00:00+09:00,856.0,856.0,845.0,851.0,30800,0.0,0.0
2022-08-08 00:00:00+09:00,845.0,853.0,837.0,851.0,25000,0.0,0.0
2022-08-09 00:00:00+09:00,842.0,874.0,842.0,860.0,60700,0.0,0.0
2022-08-10 00:00:00+09:00,845.0,848.0,825.0,832.0,66500,0.0,0.0
2022-08-12 00:00:00+09:00,828.0,848.0,826.0,841.0,38400,0.0,0.0
2022-08-15 00:00:00+09:00,845.0,848.0,838.0,838.0,24800,0.0,0.0
2022-08-16 00:00:00+09:00,836.0,863.0,836.0,855.0,43800,0.0,0.0
2022-08-17 00:00:00+09:00,860.0,887.0,854.0,873.0,115500,0.0,0.0
2022-08-18 00:00:00+09:00,865.0,879.0,858.0,864.0,26500,0.0,0.0
2022-08-19 00:00:00+09:00,861.0,864.0,851.0,851.0,34000,0.0,0.0
2022-08-22 00:00:00+09:00,848.0,848.0,834.0,836.0,36100,0.0,0.0
2022-08-23 00:00:00+09:00,832.0,847.0,829.0,842.0,28500,0.0,0.0
2022-08-24 00:00:00+09:00,845.0,848.0,835.0,839.0,28300,0.0,0.0
2022-08-25 00:00:00+09:00,845.0,863.0,841.0,852.0,33900,0.0,0.0
2022-08-26 00:00:00+09:00,875.0,911.0,871.0,901.0,285200,0.0,0.0
2022-08-29 00:00:00+09:00,878.0,910.0,877.0,879.0,102800,0.0,0.0
2022-08-30 00:00:00+09:00,876.0,890.0,864.0,879.0,52300,0.0,0.0
2022-08-31 00:00:00+09:00,869.0,882.0,869.0,877.0,24100,0.0,0.0
2022-09-01 00:00:00+09:00,872.0,875.0,844.0,847.0,59200,0.0,0.0
2022-09-02 00:00:00+09:00,846.0,847.0,834.0,840.0,38300,0.0,0.0
2022-09-05 00:00:00+09:00,835.0,862.0,833.0,860.0,33700,0.0,0.0
2022-09-06 00:00:00+09:00,858.0,884.0,854.0,864.0,36000,0.0,0.0
2022-09-07 00:00:00+09:00,870.0,870.0,847.0,849.0,25300,0.0,0.0
2022-09-08 00:00:00+09:00,858.0,865.0,848.0,857.0,23100,0.0,0.0
2022-09-09 00:00:00+09:00,857.0,885.0,857.0,874.0,56200,0.0,0.0
2022-09-12 00:00:00+09:00,888.0,909.0,880.0,898.0,103000,0.0,0.0
2022-09-13 00:00:00+09:00,899.0,919.0,895.0,895.0,52300,0.0,0.0
2022-09-14 00:00:00+09:00,875.0,900.0,868.0,872.0,56800,0.0,0.0
2022-09-15 00:00:00+09:00,887.0,887.0,857.0,857.0,40500,0.0,0.0
2022-09-16 00:00:00+09:00,850.0,850.0,835.0,837.0,65100,0.0,0.0
2022-09-20 00:00:00+09:00,848.0,849.0,827.0,842.0,58000,0.0,0.0
2022-09-21 00:00:00+09:00,829.0,837.0,823.0,833.0,66100,0.0,0.0
2022-09-22 00:00:00+09:00,818.0,833.0,813.0,824.0,57700,0.0,0.0
2022-09-26 00:00:00+09:00,815.0,822.0,804.0,808.0,61300,0.0,0.0
2022-09-27 00:00:00+09:00,808.0,822.0,808.0,810.0,25500,0.0,0.0
2022-09-28 00:00:00+09:00,833.0,855.0,773.0,790.0,233400,0.0,0.0
2022-09-29 00:00:00+09:00,805.0,824.0,790.0,801.0,87100,0.0,0.0
2022-09-30 00:00:00+09:00,795.0,801.0,784.0,788.0,37000,0.0,0.0
2022-10-03 00:00:00+09:00,773.0,774.0,748.0,769.0,98200,0.0,0.0
2022-10-04 00:00:00+09:00,788.0,811.0,783.0,810.0,80100,0.0,0.0
2022-10-05 00:00:00+09:00,824.0,824.0,800.0,802.0,40600,0.0,0.0
2022-10-06 00:00:00+09:00,802.0,815.0,802.0,810.0,29900,0.0,0.0
2022-10-07 00:00:00+09:00,795.0,811.0,795.0,800.0,31800,0.0,0.0
2022-10-11 00:00:00+09:00,800.0,800.0,785.0,791.0,33200,0.0,0.0
2022-10-12 00:00:00+09:00,788.0,790.0,770.0,782.0,54300,0.0,0.0
2022-10-13 00:00:00+09:00,779.0,779.0,741.0,745.0,113300,0.0,0.0
2022-10-14 00:00:00+09:00,755.0,769.0,743.0,744.0,82900,0.0,0.0
2022-10-17 00:00:00+09:00,767.0,824.0,762.0,775.0,264900,0.0,0.0
2022-10-18 00:00:00+09:00,776.0,790.0,766.0,766.0,89100,0.0,0.0
2022-10-19 00:00:00+09:00,763.0,766.0,751.0,756.0,72000,0.0,0.0
2022-10-20 00:00:00+09:00,749.0,753.0,733.0,734.0,113800,0.0,0.0
2022-10-21 00:00:00+09:00,732.0,735.0,707.0,707.0,139900,0.0,0.0
2022-10-24 00:00:00+09:00,722.0,724.0,710.0,715.0,49100,0.0,0.0
2022-10-25 00:00:00+09:00,715.0,746.0,715.0,737.0,84000,0.0,0.0
2022-10-26 00:00:00+09:00,743.0,755.0,739.0,749.0,51000,0.0,0.0
2022-10-27 00:00:00+09:00,747.0,747.0,723.0,728.0,71900,0.0,0.0
2022-10-28 00:00:00+09:00,714.0,735.0,710.0,711.0,127700,0.0,0.0
2022-10-31 00:00:00+09:00,727.0,727.0,706.0,716.0,60400,0.0,0.0
2022-11-01 00:00:00+09:00,721.0,729.0,719.0,725.0,30100,0.0,0.0
2022-11-02 00:00:00+09:00,719.0,724.0,710.0,710.0,55100,0.0,0.0
2022-11-04 00:00:00+09:00,701.0,704.0,688.0,700.0,90400,0.0,0.0
2022-11-07 00:00:00+09:00,700.0,711.0,699.0,704.0,30000,0.0,0.0
2022-11-08 00:00:00+09:00,705.0,728.0,705.0,719.0,66500,0.0,0.0
2022-11-09 00:00:00+09:00,720.0,721.0,711.0,711.0,22500,0.0,0.0
2022-11-10 00:00:00+09:00,718.0,728.0,713.0,726.0,34300,0.0,0.0
2022-11-11 00:00:00+09:00,737.0,740.0,726.0,736.0,93400,0.0,0.0
2022-11-14 00:00:00+09:00,736.0,749.0,731.0,742.0,52000,0.0,0.0
2022-11-15 00:00:00+09:00,738.0,747.0,734.0,747.0,20800,0.0,0.0
2022-11-16 00:00:00+09:00,747.0,748.0,731.0,740.0,54700,0.0,0.0
2022-11-17 00:00:00+09:00,744.0,747.0,738.0,739.0,42600,0.0,0.0
2022-11-18 00:00:00+09:00,745.0,761.0,744.0,756.0,80000,0.0,0.0
2022-11-21 00:00:00+09:00,764.0,764.0,735.0,736.0,33900,0.0,0.0
2022-11-22 00:00:00+09:00,740.0,740.0,725.0,728.0,37900,0.0,0.0
2022-11-24 00:00:00+09:00,727.0,753.0,727.0,753.0,63200,0.0,0.0
2022-11-25 00:00:00+09:00,753.0,760.0,744.0,749.0,38900,0.0,0.0
2022-11-28 00:00:00+09:00,747.0,773.0,739.0,756.0,83800,0.0,0.0
2022-11-29 00:00:00+09:00,747.0,750.0,740.0,743.0,35100,0.0,0.0
2022-11-30 00:00:00+09:00,744.0,754.0,730.0,733.0,63800,0.0,0.0
2022-12-01 00:00:00+09:00,742.0,768.0,738.0,768.0,73100,0.0,0.0
2022-12-02 00:00:00+09:00,763.0,767.0,748.0,757.0,63200,0.0,0.0
2022-12-05 00:00:00+09:00,754.0,766.0,744.0,759.0,52400,0.0,0.0
2022-12-06 00:00:00+09:00,750.0,753.0,737.0,745.0,34600,0.0,0.0
2022-12-07 00:00:00+09:00,730.0,736.0,726.0,726.0,56700,0.0,0.0
2022-12-08 00:00:00+09:00,725.0,725.0,708.0,711.0,56000,0.0,0.0
2022-12-09 00:00:00+09:00,726.0,726.0,711.0,717.0,42500,0.0,0.0
2022-12-12 00:00:00+09:00,717.0,724.0,705.0,715.0,34800,0.0,0.0
2022-12-13 00:00:00+09:00,720.0,741.0,720.0,741.0,43800,0.0,0.0
2022-12-14 00:00:00+09:00,745.0,749.0,730.0,732.0,24000,0.0,0.0
2022-12-15 00:00:00+09:00,727.0,735.0,725.0,731.0,13100,0.0,0.0
2022-12-16 00:00:00+09:00,725.0,728.0,716.0,720.0,39700,0.0,0.0
2022-12-19 00:00:00+09:00,720.0,728.0,707.0,728.0,28700,0.0,0.0
2022-12-20 00:00:00+09:00,721.0,721.0,660.0,671.0,254800,0.0,0.0
2022-12-21 00:00:00+09:00,670.0,670.0,646.0,657.0,71700,0.0,0.0
2022-12-22 00:00:00+09:00,645.0,656.0,621.0,621.0,162900,0.0,0.0
2022-12-23 00:00:00+09:00,617.0,639.0,615.0,637.0,101500,0.0,0.0
2022-12-26 00:00:00+09:00,631.0,631.0,602.0,603.0,111500,0.0,0.0
2022-12-27 00:00:00+09:00,613.0,643.0,613.0,629.0,97500,0.0,0.0
2022-12-28 00:00:00+09:00,620.0,623.0,601.0,622.0,93900,0.0,0.0
2022-12-29 00:00:00+09:00,612.0,647.0,610.0,639.0,66600,0.0,0.0
2022-12-30 00:00:00+09:00,635.0,650.0,635.0,644.0,37600,0.0,0.0
2023-01-04 00:00:00+09:00,651.0,651.0,621.0,621.0,34600,0.0,0.0
2023-01-05 00:00:00+09:00,623.0,630.0,618.0,624.0,24700,0.0,0.0
2023-01-06 00:00:00+09:00,615.0,628.0,614.0,628.0,23000,0.0,0.0
2023-01-10 00:00:00+09:00,635.0,643.0,628.0,632.0,38500,0.0,0.0
2023-01-11 00:00:00+09:00,640.0,648.0,638.0,645.0,31600,0.0,0.0
2023-01-12 00:00:00+09:00,647.0,650.0,641.0,642.0,21400,0.0,0.0
2023-01-13 00:00:00+09:00,642.0,646.0,629.0,635.0,61600,0.0,0.0
2023-01-16 00:00:00+09:00,596.0,600.0,575.0,575.0,175600,0.0,0.0
2023-01-17 00:00:00+09:00,578.0,584.0,560.0,565.0,82800,0.0,0.0
2023-01-18 00:00:00+09:00,563.0,587.0,563.0,586.0,85500,0.0,0.0
2023-01-19 00:00:00+09:00,579.0,583.0,567.0,568.0,88100,0.0,0.0
2023-01-20 00:00:00+09:00,567.0,588.0,562.0,584.0,60200,0.0,0.0
2023-01-23 00:00:00+09:00,588.0,600.0,588.0,590.0,41100,0.0,0.0
2023-01-24 00:00:00+09:00,600.0,620.0,596.0,609.0,60100,0.0,0.0
2023-01-25 00:00:00+09:00,609.0,612.0,601.0,605.0,28600,0.0,0.0
2023-01-26 00:00:00+09:00,606.0,609.0,602.0,608.0,15900,0.0,0.0
2023-01-27 00:00:00+09:00,605.0,611.0,602.0,603.0,17000,0.0,0.0
2023-01-30 00:00:00+09:00,604.0,622.0,598.0,603.0,85800,0.0,0.0
2023-01-31 00:00:00+09:00,609.0,609.0,593.0,602.0,34800,0.0,0.0
2023-02-01 00:00:00+09:00,600.0,611.0,600.0,607.0,19500,0.0,0.0
2023-02-02 00:00:00+09:00,607.0,615.0,603.0,603.0,16000,0.0,0.0
2023-02-03 00:00:00+09:00,603.0,604.0,596.0,603.0,10400,0.0,0.0
2023-02-06 00:00:00+09:00,603.0,605.0,599.0,599.0,13600,0.0,0.0
2023-02-07 00:00:00+09:00,599.0,599.0,584.0,587.0,68200,0.0,0.0
2023-02-08 00:00:00+09:00,590.0,594.0,583.0,583.0,25300,0.0,0.0
2023-02-09 00:00:00+09:00,583.0,592.0,579.0,587.0,28200,0.0,0.0
2023-02-10 00:00:00+09:00,582.0,582.0,570.0,570.0,58800,0.0,0.0
2023-02-13 00:00:00+09:00,573.0,583.0,571.0,581.0,30400,0.0,0.0
2023-02-14 00:00:00+09:00,588.0,596.0,586.0,590.0,29900,0.0,0.0
2023-02-15 00:00:00+09:00,598.0,598.0,577.0,579.0,30200,0.0,0.0
2023-02-16 00:00:00+09:00,580.0,597.0,580.0,594.0,24000,0.0,0.0
2023-02-17 00:00:00+09:00,590.0,593.0,587.0,588.0,14200,0.0,0.0
2023-02-20 00:00:00+09:00,588.0,588.0,581.0,582.0,18700,0.0,0.0
2023-02-21 00:00:00+09:00,582.0,586.0,577.0,580.0,23800,0.0,0.0
2023-02-22 00:00:00+09:00,575.0,578.0,562.0,562.0,40300,0.0,0.0
2023-02-24 00:00:00+09:00,569.0,572.0,557.0,564.0,45200,0.0,0.0
2023-02-27 00:00:00+09:00,564.0,565.0,555.0,561.0,76000,0.0,0.0
2023-02-28 00:00:00+09:00,562.0,579.0,554.0,566.0,140800,0.0,0.0
2023-03-01 00:00:00+09:00,566.0,566.0,532.0,534.0,212600,0.0,0.0
2023-03-02 00:00:00+09:00,536.0,541.0,522.0,523.0,86700,0.0,0.0
2023-03-03 00:00:00+09:00,528.0,546.0,525.0,546.0,88200,0.0,0.0
2023-03-06 00:00:00+09:00,551.0,557.0,541.0,556.0,56600,0.0,0.0
2023-03-07 00:00:00+09:00,556.0,563.0,551.0,558.0,66700,0.0,0.0
2023-03-08 00:00:00+09:00,557.0,576.0,546.0,571.0,69200,0.0,0.0
2023-03-09 00:00:00+09:00,576.0,576.0,565.0,570.0,34400,0.0,0.0
2023-03-10 00:00:00+09:00,560.0,563.0,555.0,556.0,55000,0.0,0.0
2023-03-13 00:00:00+09:00,553.0,560.0,538.0,542.0,53000,0.0,0.0
2023-03-14 00:00:00+09:00,538.0,538.0,521.0,525.0,45800,0.0,0.0
2023-03-15 00:00:00+09:00,528.0,533.0,521.0,522.0,40900,0.0,0.0
2023-03-16 00:00:00+09:00,509.0,517.0,504.0,513.0,74100,0.0,0.0
2023-03-17 00:00:00+09:00,516.0,536.0,516.0,533.0,38000,0.0,0.0
2023-03-20 00:00:00+09:00,533.0,535.0,520.0,520.0,30500,0.0,0.0
2023-03-22 00:00:00+09:00,530.0,555.0,530.0,543.0,46200,0.0,0.0
2023-03-23 00:00:00+09:00,540.0,562.0,527.0,560.0,55700,0.0,0.0
2023-03-24 00:00:00+09:00,565.0,567.0,550.0,564.0,38900,0.0,0.0
2023-03-27 00:00:00+09:00,561.0,564.0,553.0,563.0,22400,0.0,0.0
2023-03-28 00:00:00+09:00,565.0,580.0,562.0,568.0,44500,0.0,0.0
2023-03-29 00:00:00+09:00,563.0,571.0,558.0,568.0,57300,0.0,0.0
2023-03-30 00:00:00+09:00,567.0,595.0,567.0,586.0,92900,0.0,0.0
2023-03-31 00:00:00+09:00,596.0,596.0,575.0,584.0,60500,0.0,0.0
2023-04-03 00:00:00+09:00,590.0,595.0,575.0,581.0,58300,0.0,0.0
2023-04-04 00:00:00+09:00,582.0,583.0,565.0,578.0,53900,0.0,0.0
2023-04-05 00:00:00+09:00,578.0,579.0,561.0,562.0,43600,0.0,0.0
2023-04-06 00:00:00+09:00,560.0,569.0,558.0,566.0,25300,0.0,0.0
2023-04-07 00:00:00+09:00,570.0,570.0,548.0,551.0,45000,0.0,0.0
2023-04-10 00:00:00+09:00,559.0,577.0,553.0,575.0,48500,0.0,0.0
2023-04-11 00:00:00+09:00,581.0,585.0,568.0,584.0,50600,0.0,0.0
2023-04-12 00:00:00+09:00,586.0,593.0,578.0,586.0,55000,0.0,0.0
2023-04-13 00:00:00+09:00,586.0,606.0,579.0,604.0,136100,0.0,0.0
2023-04-14 00:00:00+09:00,612.0,620.0,591.0,600.0,197400,0.0,0.0
2023-04-17 00:00:00+09:00,550.0,555.0,533.0,542.0,228200,0.0,0.0
2023-04-18 00:00:00+09:00,550.0,590.0,550.0,558.0,218000,0.0,0.0
2023-04-19 00:00:00+09:00,551.0,558.0,535.0,539.0,82200,0.0,0.0
2023-04-20 00:00:00+09:00,539.0,555.0,533.0,536.0,116600,0.0,0.0
2023-04-21 00:00:00+09:00,538.0,538.0,517.0,523.0,116100,0.0,0.0
2023-04-24 00:00:00+09:00,526.0,531.0,523.0,523.0,52000,0.0,0.0
2023-04-25 00:00:00+09:00,526.0,533.0,522.0,524.0,61900,0.0,0.0
2023-04-26 00:00:00+09:00,521.0,522.0,511.0,514.0,52200,0.0,0.0
2023-04-27 00:00:00+09:00,523.0,535.0,519.0,524.0,130400,0.0,0.0
2023-04-28 00:00:00+09:00,525.0,531.0,516.0,525.0,52100,0.0,0.0
2023-05-01 00:00:00+09:00,525.0,540.0,524.0,525.0,54800,0.0,0.0
2023-05-02 00:00:00+09:00,524.0,533.0,518.0,529.0,42200,0.0,0.0
2023-05-08 00:00:00+09:00,535.0,569.0,535.0,563.0,187000,0.0,0.0
2023-05-09 00:00:00+09:00,563.0,620.0,562.0,605.0,561500,0.0,0.0
2023-05-10 00:00:00+09:00,595.0,612.0,586.0,593.0,211500,0.0,0.0
2023-05-11 00:00:00+09:00,593.0,595.0,573.0,576.0,122400,0.0,0.0
2023-05-12 00:00:00+09:00,570.0,572.0,556.0,563.0,88800,0.0,0.0
2023-05-15 00:00:00+09:00,571.0,572.0,556.0,572.0,85900,0.0,0.0
2023-05-16 00:00:00+09:00,574.0,574.0,551.0,556.0,56600,0.0,0.0
2023-05-17 00:00:00+09:00,555.0,562.0,536.0,545.0,92300,0.0,0.0
2023-05-18 00:00:00+09:00,550.0,550.0,525.0,529.0,101600,0.0,0.0
2023-05-19 00:00:00+09:00,531.0,539.0,522.0,523.0,70100,0.0,0.0
2023-05-22 00:00:00+09:00,525.0,541.0,525.0,540.0,47300,0.0,0.0
2023-05-23 00:00:00+09:00,536.0,540.0,521.0,529.0,69900,0.0,0.0
2023-05-24 00:00:00+09:00,523.0,532.0,518.0,525.0,53500,0.0,0.0
2023-05-25 00:00:00+09:00,522.0,522.0,507.0,509.0,84900,0.0,0.0
2023-05-26 00:00:00+09:00,514.0,514.0,493.0,495.0,125800,0.0,0.0
2023-05-29 00:00:00+09:00,495.0,505.0,495.0,497.0,73500,0.0,0.0
2023-05-30 00:00:00+09:00,496.0,503.0,480.0,499.0,114500,0.0,0.0
2023-05-31 00:00:00+09:00,496.0,503.0,489.0,495.0,60500,0.0,0.0
2023-06-01 00:00:00+09:00,496.0,496.0,489.0,490.0,43000,0.0,0.0
2023-06-02 00:00:00+09:00,496.0,499.0,490.0,492.0,43800,0.0,0.0
2023-06-05 00:00:00+09:00,499.0,505.0,496.0,499.0,81800,0.0,0.0
2023-06-06 00:00:00+09:00,502.0,531.0,499.0,523.0,133000,0.0,0.0
2023-06-07 00:00:00+09:00,533.0,543.0,515.0,528.0,147000,0.0,0.0
2023-06-08 00:00:00+09:00,522.0,523.0,505.0,505.0,104100,0.0,0.0
2023-06-09 00:00:00+09:00,515.0,515.0,498.0,503.0,82700,0.0,0.0
2023-06-12 00:00:00+09:00,503.0,512.0,500.0,509.0,75400,0.0,0.0
2023-06-13 00:00:00+09:00,511.0,513.0,505.0,505.0,58100,0.0,0.0
2023-06-14 00:00:00+09:00,515.0,519.0,506.0,519.0,72200,0.0,0.0
2023-06-15 00:00:00+09:00,515.0,515.0,500.0,500.0,70600,0.0,0.0
2023-06-16 00:00:00+09:00,505.0,519.0,504.0,519.0,103900,0.0,0.0
2023-06-19 00:00:00+09:00,517.0,528.0,512.0,523.0,111500,0.0,0.0
2023-06-20 00:00:00+09:00,519.0,527.0,515.0,520.0,61400,0.0,0.0
2023-06-21 00:00:00+09:00,521.0,522.0,509.0,512.0,76100,0.0,0.0
2023-06-22 00:00:00+09:00,510.0,524.0,509.0,516.0,77800,0.0,0.0
2023-06-23 00:00:00+09:00,518.0,526.0,508.0,518.0,58700,0.0,0.0
2023-06-26 00:00:00+09:00,519.0,519.0,506.0,507.0,50400,0.0,0.0
2023-06-27 00:00:00+09:00,506.0,511.0,502.0,508.0,71400,0.0,0.0
2023-06-28 00:00:00+09:00,508.0,514.0,507.0,514.0,35900,0.0,0.0
2023-06-29 00:00:00+09:00,511.0,518.0,511.0,517.0,38000,0.0,0.0
2023-06-30 00:00:00+09:00,518.0,518.0,507.0,514.0,38700,0.0,0.0
2023-07-03 00:00:00+09:00,520.0,520.0,509.0,510.0,43400,0.0,0.0
2023-07-04 00:00:00+09:00,510.0,516.0,507.0,516.0,72900,0.0,0.0
2023-07-05 00:00:00+09:00,516.0,516.0,510.0,514.0,29100,0.0,0.0
2023-07-06 00:00:00+09:00,517.0,526.0,510.0,522.0,99100,0.0,0.0
2023-07-07 00:00:00+09:00,524.0,549.0,524.0,545.0,376200,0.0,0.0
2023-07-10 00:00:00+09:00,551.0,555.0,535.0,537.0,163400,0.0,0.0
2023-07-11 00:00:00+09:00,537.0,551.0,533.0,549.0,131200,0.0,0.0
2023-07-12 00:00:00+09:00,544.0,549.0,522.0,522.0,157200,0.0,0.0
2023-07-13 00:00:00+09:00,525.0,532.0,516.0,525.0,107100,0.0,0.0
2023-07-14 00:00:00+09:00,535.0,540.0,521.0,530.0,97300,0.0,0.0
2023-07-18 00:00:00+09:00,507.0,508.0,477.0,478.0,366700,0.0,0.0
2023-07-19 00:00:00+09:00,483.0,493.0,481.0,491.0,70600,0.0,0.0
2023-07-20 00:00:00+09:00,487.0,487.0,468.0,469.0,174500,0.0,0.0
2023-07-21 00:00:00+09:00,469.0,477.0,464.0,470.0,115100,0.0,0.0
2023-07-24 00:00:00+09:00,471.0,472.0,463.0,465.0,71900,0.0,0.0
2023-07-25 00:00:00+09:00,465.0,466.0,458.0,463.0,96500,0.0,0.0
2023-07-26 00:00:00+09:00,471.0,474.0,462.0,469.0,93700,0.0,0.0
2023-07-27 00:00:00+09:00,468.0,471.0,465.0,471.0,36700,0.0,0.0
2023-07-28 00:00:00+09:00,468.0,468.0,454.0,460.0,194200,0.0,0.0
2023-07-31 00:00:00+09:00,462.0,465.0,461.0,464.0,46700,0.0,0.0
2023-08-01 00:00:00+09:00,460.0,472.0,460.0,467.0,40900,0.0,0.0
2023-08-02 00:00:00+09:00,464.0,466.0,463.0,463.0,31500,0.0,0.0
2023-08-03 00:00:00+09:00,457.0,460.0,445.0,445.0,95400,0.0,0.0
2023-08-04 00:00:00+09:00,444.0,453.0,438.0,447.0,137900,0.0,0.0
2023-08-07 00:00:00+09:00,443.0,455.0,442.0,455.0,32700,0.0,0.0
2023-08-08 00:00:00+09:00,456.0,456.0,449.0,449.0,29800,0.0,0.0
2023-08-09 00:00:00+09:00,453.0,459.0,451.0,459.0,38200,0.0,0.0
2023-08-10 00:00:00+09:00,455.0,466.0,453.0,464.0,63200,0.0,0.0
2023-08-14 00:00:00+09:00,457.0,459.0,442.0,445.0,109700,0.0,0.0
2023-08-15 00:00:00+09:00,442.0,442.0,433.0,437.0,71100,0.0,0.0
2023-08-16 00:00:00+09:00,437.0,437.0,431.0,431.0,37700,0.0,0.0
2023-08-17 00:00:00+09:00,431.0,431.0,417.0,423.0,92300,0.0,0.0
2023-08-18 00:00:00+09:00,421.0,430.0,417.0,424.0,39800,0.0,0.0
2023-08-21 00:00:00+09:00,427.0,435.0,424.0,431.0,57500,0.0,0.0
2023-08-22 00:00:00+09:00,433.0,442.0,432.0,436.0,77000,0.0,0.0
2023-08-23 00:00:00+09:00,437.0,442.0,435.0,437.0,56100,0.0,0.0
2023-08-24 00:00:00+09:00,441.0,448.0,440.0,443.0,45800,0.0,0.0
2023-08-25 00:00:00+09:00,440.0,452.0,436.0,444.0,64500,0.0,0.0
2023-08-28 00:00:00+09:00,446.0,448.0,434.0,438.0,36300,0.0,0.0
2023-08-29 00:00:00+09:00,435.0,450.0,435.0,450.0,52200,0.0,0.0
2023-08-30 00:00:00+09:00,453.0,454.0,446.0,446.0,33100,0.0,0.0
2023-08-31 00:00:00+09:00,445.0,452.0,444.0,445.0,27200,0.0,0.0
2023-09-01 00:00:00+09:00,443.0,444.0,437.0,443.0,20800,0.0,0.0
2023-09-04 00:00:00+09:00,443.0,446.0,439.0,441.0,33000,0.0,0.0
2023-09-05 00:00:00+09:00,440.0,448.0,438.0,448.0,45800,0.0,0.0
2023-09-06 00:00:00+09:00,448.0,454.0,445.0,452.0,28200,0.0,0.0
2023-09-07 00:00:00+09:00,452.0,452.0,445.0,449.0,28400,0.0,0.0
2023-09-08 00:00:00+09:00,445.0,446.0,440.0,440.0,28800,0.0,0.0
2023-09-11 00:00:00+09:00,445.0,445.0,431.0,433.0,40600,0.0,0.0
2023-09-12 00:00:00+09:00,432.0,443.0,432.0,436.0,27700,0.0,0.0
2023-09-13 00:00:00+09:00,436.0,445.0,436.0,445.0,38100,0.0,0.0
2023-09-14 00:00:00+09:00,445.0,446.0,437.0,439.0,29200,0.0,0.0
2023-09-15 00:00:00+09:00,454.0,475.0,451.0,470.0,456700,0.0,0.0
2023-09-19 00:00:00+09:00,475.0,483.0,466.0,483.0,218600,0.0,0.0
2023-09-20 00:00:00+09:00,486.0,494.0,473.0,476.0,119400,0.0,0.0
2023-09-21 00:00:00+09:00,474.0,481.0,468.0,468.0,70700,0.0,0.0
2023-09-22 00:00:00+09:00,465.0,500.0,461.0,483.0,210100,0.0,0.0
2023-09-25 00:00:00+09:00,484.0,493.0,482.0,489.0,70500,0.0,0.0
2023-09-26 00:00:00+09:00,492.0,492.0,478.0,478.0,59700,0.0,0.0
2023-09-27 00:00:00+09:00,475.0,488.0,474.0,488.0,56100,0.0,0.0
2023-09-28 00:00:00+09:00,492.0,497.0,486.0,496.0,81800,0.0,0.0
2023-09-29 00:00:00+09:00,498.0,507.0,492.0,494.0,95300,0.0,0.0
2023-10-02 00:00:00+09:00,497.0,501.0,482.0,482.0,86000,0.0,0.0
2023-10-03 00:00:00+09:00,481.0,482.0,466.0,466.0,71100,0.0,0.0
2023-10-04 00:00:00+09:00,453.0,465.0,450.0,450.0,97400,0.0,0.0
2023-10-05 00:00:00+09:00,453.0,465.0,452.0,465.0,56700,0.0,0.0
2023-10-06 00:00:00+09:00,461.0,468.0,458.0,458.0,32400,0.0,0.0
2023-10-10 00:00:00+09:00,463.0,466.0,454.0,458.0,42500,0.0,0.0
2023-10-11 00:00:00+09:00,455.0,460.0,450.0,450.0,32200,0.0,0.0
2023-10-12 00:00:00+09:00,451.0,451.0,437.0,443.0,62600,0.0,0.0
2023-10-13 00:00:00+09:00,440.0,440.0,423.0,424.0,143300,0.0,0.0
2023-10-16 00:00:00+09:00,455.0,471.0,446.0,456.0,395400,0.0,0.0
2023-10-17 00:00:00+09:00,458.0,482.0,458.0,466.0,174500,0.0,0.0
2023-10-18 00:00:00+09:00,462.0,480.0,460.0,480.0,114600,0.0,0.0
2023-10-19 00:00:00+09:00,479.0,487.0,463.0,477.0,85000,0.0,0.0
2023-10-20 00:00:00+09:00,470.0,488.0,466.0,488.0,103600,0.0,0.0
2023-10-23 00:00:00+09:00,484.0,496.0,474.0,474.0,116400,0.0,0.0
2023-10-24 00:00:00+09:00,473.0,492.0,467.0,488.0,103300,0.0,0.0
2023-10-25 00:00:00+09:00,495.0,495.0,470.0,470.0,68200,0.0,0.0
2023-10-26 00:00:00+09:00,470.0,471.0,457.0,458.0,88100,0.0,0.0
2023-10-27 00:00:00+09:00,456.0,464.0,452.0,454.0,67400,0.0,0.0
2023-10-30 00:00:00+09:00,447.0,448.0,425.0,425.0,188600,0.0,0.0
2023-10-31 00:00:00+09:00,429.0,429.0,407.0,419.0,181900,0.0,0.0
2023-11-01 00:00:00+09:00,422.0,460.0,422.0,458.0,470400,0.0,0.0
2023-11-02 00:00:00+09:00,452.0,475.0,451.0,474.0,152200,0.0,0.0
2023-11-06 00:00:00+09:00,482.0,486.0,476.0,483.0,84200,0.0,0.0
2023-11-07 00:00:00+09:00,484.0,497.0,477.0,477.0,208600,0.0,0.0
2023-11-08 00:00:00+09:00,476.0,490.0,463.0,466.0,104200,0.0,0.0
2023-11-09 00:00:00+09:00,464.0,468.0,458.0,462.0,65000,0.0,0.0
2023-11-10 00:00:00+09:00,455.0,458.0,447.0,454.0,91900,0.0,0.0
2023-11-13 00:00:00+09:00,451.0,451.0,438.0,444.0,53100,0.0,0.0
2023-11-14 00:00:00+09:00,445.0,445.0,438.0,443.0,39700,0.0,0.0
2023-11-15 00:00:00+09:00,442.0,451.0,442.0,449.0,40200,0.0,0.0
2023-11-16 00:00:00+09:00,446.0,449.0,441.0,443.0,35800,0.0,0.0
2023-11-17 00:00:00+09:00,440.0,445.0,435.0,437.0,51200,0.0,0.0
2023-11-20 00:00:00+09:00,433.0,453.0,433.0,448.0,63500,0.0,0.0
2023-11-21 00:00:00+09:00,445.0,454.0,445.0,451.0,31000,0.0,0.0
2023-11-22 00:00:00+09:00,451.0,451.0,442.0,443.0,26500,0.0,0.0
2023-11-24 00:00:00+09:00,442.0,450.0,442.0,446.0,24800,0.0,0.0
2023-11-27 00:00:00+09:00,450.0,454.0,447.0,451.0,32800,0.0,0.0
2023-11-28 00:00:00+09:00,450.0,453.0,445.0,453.0,30400,0.0,0.0
2023-11-29 00:00:00+09:00,453.0,461.0,451.0,459.0,64500,0.0,0.0
2023-11-30 00:00:00+09:00,456.0,457.0,448.0,453.0,37400,0.0,0.0
2023-12-01 00:00:00+09:00,450.0,450.0,438.0,438.0,59400,0.0,0.0
2023-12-04 00:00:00+09:00,435.0,440.0,434.0,440.0,24700,0.0,0.0
2023-12-05 00:00:00+09:00,437.0,438.0,426.0,427.0,63000,0.0,0.0
2023-12-06 00:00:00+09:00,426.0,434.0,425.0,425.0,59800,0.0,0.0
2023-12-07 00:00:00+09:00,425.0,425.0,416.0,417.0,90100,0.0,0.0
2023-12-08 00:00:00+09:00,416.0,420.0,405.0,405.0,96800,0.0,0.0
2023-12-11 00:00:00+09:00,409.0,416.0,406.0,410.0,76400,0.0,0.0
2023-12-12 00:00:00+09:00,408.0,410.0,389.0,390.0,222300,0.0,0.0
2023-12-13 00:00:00+09:00,392.0,396.0,387.0,392.0,132400,0.0,0.0
2023-12-14 00:00:00+09:00,390.0,393.0,380.0,383.0,92600,0.0,0.0
2023-12-15 00:00:00+09:00,380.0,382.0,371.0,371.0,106700,0.0,0.0
2023-12-18 00:00:00+09:00,365.0,367.0,343.0,356.0,240400,0.0,0.0
2023-12-19 00:00:00+09:00,356.0,376.0,352.0,373.0,177100,0.0,0.0
2023-12-20 00:00:00+09:00,373.0,385.0,370.0,371.0,82500,0.0,0.0
2023-12-21 00:00:00+09:00,366.0,369.0,360.0,362.0,86300,0.0,0.0
2023-12-22 00:00:00+09:00,360.0,368.0,358.0,364.0,57300,0.0,0.0
2023-12-25 00:00:00+09:00,361.0,364.0,353.0,355.0,91400,0.0,0.0
2023-12-26 00:00:00+09:00,351.0,362.0,351.0,354.0,96100,0.0,0.0
2023-12-27 00:00:00+09:00,358.0,375.0,358.0,375.0,166800,0.0,0.0
2023-12-28 00:00:00+09:00,370.0,383.0,366.0,383.0,57200,0.0,0.0
2023-12-29 00:00:00+09:00,384.0,384.0,371.0,376.0,78700,0.0,0.0
2024-01-04 00:00:00+09:00,374.0,387.0,369.0,385.0,55200,0.0,0.0
2024-01-05 00:00:00+09:00,382.0,383.0,375.0,378.0,34600,0.0,0.0
2024-01-09 00:00:00+09:00,380.0,385.0,376.0,381.0,63900,0.0,0.0
2024-01-10 00:00:00+09:00,379.0,382.0,378.0,380.0,43700,0.0,0.0
2024-01-11 00:00:00+09:00,382.0,384.0,378.0,380.0,50800,0.0,0.0
2024-01-12 00:00:00+09:00,379.0,379.0,367.0,370.0,96700,0.0,0.0
2024-01-15 00:00:00+09:00,448.0,450.0,436.0,450.0,317100,0.0,0.0
2024-01-16 00:00:00+09:00,496.0,498.0,442.0,467.0,1688200,0.0,0.0
2024-01-17 00:00:00+09:00,459.0,476.0,453.0,463.0,391900,0.0,0.0
2024-01-18 00:00:00+09:00,460.0,508.0,460.0,487.0,647900,0.0,0.0
2024-01-19 00:00:00+09:00,482.0,505.0,476.0,483.0,373700,0.0,0.0
2024-01-22 00:00:00+09:00,487.0,529.0,477.0,529.0,597300,0.0,0.0
2024-01-23 00:00:00+09:00,529.0,593.0,518.0,576.0,1695400,0.0,0.0
2024-01-24 00:00:00+09:00,576.0,587.0,544.0,549.0,770600,0.0,0.0
2024-01-25 00:00:00+09:00,545.0,567.0,540.0,559.0,395200,0.0,0.0
2024-01-26 00:00:00+09:00,554.0,563.0,529.0,532.0,293600,0.0,0.0
2024-01-29 00:00:00+09:00,532.0,542.0,511.0,531.0,461800,0.0,0.0
2024-01-30 00:00:00+09:00,531.0,533.0,508.0,508.0,309600,0.0,0.0
2024-01-31 00:00:00+09:00,505.0,516.0,497.0,512.0,223100,0.0,0.0
2024-02-01 00:00:00+09:00,502.0,505.0,489.0,492.0,205800,0.0,0.0
2024-02-02 00:00:00+09:00,485.0,494.0,476.0,480.0,184000,0.0,0.0
2024-02-05 00:00:00+09:00,488.0,524.0,483.0,515.0,408500,0.0,0.0
2024-02-06 00:00:00+09:00,518.0,536.0,509.0,521.0,257200,0.0,0.0
2024-02-07 00:00:00+09:00,522.0,527.0,502.0,512.0,170600,0.0,0.0
2024-02-08 00:00:00+09:00,515.0,518.0,490.0,493.0,134100,0.0,0.0
2024-02-09 00:00:00+09:00,497.0,503.0,488.0,489.0,100700,0.0,0.0
2024-02-13 00:00:00+09:00,493.0,512.0,489.0,512.0,107100,0.0,0.0
2024-02-14 00:00:00+09:00,502.0,513.0,500.0,505.0,85200,0.0,0.0
2024-02-15 00:00:00+09:00,505.0,511.0,495.0,500.0,82800,0.0,0.0
2024-02-16 00:00:00+09:00,505.0,534.0,503.0,523.0,145900,0.0,0.0
2024-02-19 00:00:00+09:00,524.0,586.0,516.0,581.0,383200,0.0,0.0
2024-02-20 00:00:00+09:00,581.0,590.0,562.0,564.0,249600,0.0,0.0
2024-02-21 00:00:00+09:00,558.0,567.0,545.0,553.0,117300,0.0,0.0
2024-02-22 00:00:00+09:00,555.0,585.0,551.0,570.0,137000,0.0,0.0
2024-02-26 00:00:00+09:00,577.0,630.0,570.0,606.0,491100,0.0,0.0
2024-02-27 00:00:00+09:00,603.0,615.0,595.0,603.0,165100,0.0,0.0
2024-02-28 00:00:00+09:00,598.0,606.0,576.0,581.0,182600,0.0,0.0
2024-02-29 00:00:00+09:00,581.0,589.0,571.0,578.0,98400,0.0,0.0
2024-03-01 00:00:00+09:00,576.0,578.0,552.0,560.0,120900,0.0,0.0
2024-03-04 00:00:00+09:00,561.0,573.0,554.0,569.0,91900,0.0,0.0
2024-03-05 00:00:00+09:00,572.0,605.0,558.0,596.0,233600,0.0,0.0
2024-03-06 00:00:00+09:00,592.0,635.0,585.0,628.0,196400,0.0,0.0
2024-03-07 00:00:00+09:00,626.0,633.0,611.0,617.0,144900,0.0,0.0
2024-03-08 00:00:00+09:00,617.0,653.0,617.0,630.0,412800,0.0,0.0
2024-03-11 00:00:00+09:00,618.0,628.0,596.0,604.0,160200,0.0,0.0
2024-03-12 00:00:00+09:00,590.0,636.0,587.0,631.0,130600,0.0,0.0
2024-03-13 00:00:00+09:00,649.0,649.0,625.0,636.0,107600,0.0,0.0
2024-03-14 00:00:00+09:00,635.0,643.0,610.0,615.0,120200,0.0,0.0
2024-03-15 00:00:00+09:00,620.0,659.0,606.0,651.0,400000,0.0,0.0
2024-03-18 00:00:00+09:00,638.0,639.0,607.0,630.0,277000,0.0,0.0
2024-03-19 00:00:00+09:00,635.0,655.0,610.0,650.0,198100,0.0,0.0
2024-03-21 00:00:00+09:00,667.0,681.0,653.0,656.0,220800,0.0,0.0
2024-03-22 00:00:00+09:00,670.0,688.0,646.0,667.0,327400,0.0,0.0
2024-03-25 00:00:00+09:00,647.0,657.0,632.0,647.0,167000,0.0,0.0
2024-03-26 00:00:00+09:00,638.0,648.0,635.0,642.0,76500,0.0,0.0
2024-03-27 00:00:00+09:00,642.0,656.0,638.0,650.0,94300,0.0,0.0
2024-03-28 00:00:00+09:00,659.0,698.0,656.0,682.0,302100,0.0,0.0
2024-03-29 00:00:00+09:00,682.0,689.0,672.0,672.0,106500,0.0,0.0
2024-04-01 00:00:00+09:00,700.0,704.0,685.0,688.0,151100,0.0,0.0
2024-04-02 00:00:00+09:00,729.0,749.0,702.0,725.0,1390600,0.0,0.0
2024-04-03 00:00:00+09:00,695.0,748.0,682.0,722.0,662900,0.0,0.0
2024-04-04 00:00:00+09:00,730.0,740.0,703.0,716.0,291500,0.0,0.0
2024-04-05 00:00:00+09:00,710.0,744.0,703.0,707.0,257900,0.0,0.0
2024-04-08 00:00:00+09:00,721.0,754.0,713.0,738.0,554300,0.0,0.0
2024-04-09 00:00:00+09:00,759.0,825.0,744.0,797.0,1318700,0.0,0.0
2024-04-10 00:00:00+09:00,800.0,806.0,763.0,768.0,555900,0.0,0.0
2024-04-11 00:00:00+09:00,761.0,806.0,757.0,803.0,491800,0.0,0.0
2024-04-12 00:00:00+09:00,810.0,812.0,781.0,786.0,391800,0.0,0.0
2024-04-15 00:00:00+09:00,741.0,875.0,735.0,835.0,1530900,0.0,0.0
2024-04-16 00:00:00+09:00,827.0,844.0,756.0,777.0,775400,0.0,0.0
2024-04-17 00:00:00+09:00,777.0,792.0,718.0,726.0,582900,0.0,0.0
2024-04-18 00:00:00+09:00,712.0,748.0,710.0,712.0,308100,0.0,0.0
2024-04-19 00:00:00+09:00,706.0,709.0,657.0,668.0,654700,0.0,0.0
2024-04-22 00:00:00+09:00,673.0,678.0,637.0,645.0,428000,0.0,0.0
2024-04-23 00:00:00+09:00,668.0,695.0,650.0,657.0,360200,0.0,0.0
2024-04-24 00:00:00+09:00,657.0,702.0,655.0,677.0,336600,0.0,0.0
2024-04-25 00:00:00+09:00,660.0,663.0,641.0,641.0,217100,0.0,0.0
2024-04-26 00:00:00+09:00,640.0,660.0,640.0,649.0,219000,0.0,0.0
2024-04-30 00:00:00+09:00,646.0,682.0,646.0,678.0,195800,0.0,0.0
2024-05-01 00:00:00+09:00,670.0,694.0,667.0,686.0,178700,0.0,0.0
2024-05-02 00:00:00+09:00,690.0,715.0,686.0,705.0,339900,0.0,0.0
2024-05-07 00:00:00+09:00,721.0,725.0,682.0,684.0,235800,0.0,0.0
2024-05-08 00:00:00+09:00,680.0,686.0,666.0,677.0,212200,0.0,0.0
2024-05-09 00:00:00+09:00,673.0,719.0,663.0,703.0,254000,0.0,0.0
2024-05-10 00:00:00+09:00,705.0,708.0,685.0,695.0,143300,0.0,0.0
2024-05-13 00:00:00+09:00,681.0,710.0,681.0,710.0,244500,0.0,0.0
2024-05-14 00:00:00+09:00,720.0,735.0,703.0,713.0,271900,0.0,0.0
2024-05-15 00:00:00+09:00,713.0,717.0,695.0,700.0,84000,0.0,0.0
2024-05-16 00:00:00+09:00,700.0,711.0,687.0,691.0,168400,0.0,0.0
2024-05-17 00:00:00+09:00,684.0,716.0,683.0,710.0,102700,0.0,0.0
2024-05-20 00:00:00+09:00,703.0,719.0,701.0,712.0,65900,0.0,0.0
2024-05-21 00:00:00+09:00,718.0,729.0,712.0,721.0,116800,0.0,0.0
2024-05-22 00:00:00+09:00,717.0,726.0,700.0,702.0,70900,0.0,0.0
2024-05-23 00:00:00+09:00,701.0,711.0,688.0,693.0,74800,0.0,0.0
2024-05-24 00:00:00+09:00,674.0,678.0,639.0,639.0,334000,0.0,0.0
2024-05-27 00:00:00+09:00,639.0,647.0,620.0,637.0,189400,0.0,0.0
2024-05-28 00:00:00+09:00,641.0,656.0,639.0,655.0,122900,0.0,0.0
2024-05-29 00:00:00+09:00,650.0,662.0,639.0,641.0,81100,0.0,0.0
2024-05-30 00:00:00+09:00,631.0,657.0,626.0,656.0,162400,0.0,0.0
2024-05-31 00:00:00+09:00,659.0,687.0,656.0,675.0,104700,0.0,0.0
2024-06-03 00:00:00+09:00,681.0,681.0,653.0,658.0,101400,0.0,0.0
2024-06-04 00:00:00+09:00,653.0,672.0,653.0,669.0,67300,0.0,0.0
2024-06-05 00:00:00+09:00,668.0,668.0,654.0,661.0,75500,0.0,0.0
2024-06-06 00:00:00+09:00,662.0,668.0,646.0,646.0,56800,0.0,0.0
2024-06-07 00:00:00+09:00,644.0,662.0,643.0,661.0,41800,0.0,0.0
2024-06-10 00:00:00+09:00,663.0,672.0,662.0,664.0,46800,0.0,0.0
2024-06-11 00:00:00+09:00,671.0,674.0,665.0,665.0,34100,0.0,0.0
2024-06-12 00:00:00+09:00,664.0,690.0,664.0,689.0,78400,0.0,0.0
2024-06-13 00:00:00+09:00,690.0,692.0,672.0,681.0,77400,0.0,0.0
2024-06-14 00:00:00+09:00,676.0,705.0,675.0,705.0,115500,0.0,0.0
2024-06-17 00:00:00+09:00,706.0,726.0,694.0,695.0,190400,0.0,0.0
2024-06-18 00:00:00+09:00,700.0,725.0,690.0,702.0,151000,0.0,0.0
2024-06-19 00:00:00+09:00,702.0,720.0,700.0,712.0,95100,0.0,0.0
2024-06-20 00:00:00+09:00,716.0,716.0,681.0,681.0,188100,0.0,0.0
2024-06-21 00:00:00+09:00,681.0,701.0,675.0,677.0,131000,0.0,0.0
2024-06-24 00:00:00+09:00,677.0,693.0,672.0,690.0,97800,0.0,0.0
2024-06-25 00:00:00+09:00,690.0,695.0,683.0,691.0,47000,0.0,0.0
2024-06-26 00:00:00+09:00,699.0,699.0,688.0,692.0,45700,0.0,0.0
2024-06-27 00:00:00+09:00,687.0,695.0,681.0,684.0,55000,0.0,0.0
2024-06-28 00:00:00+09:00,681.0,686.0,673.0,679.0,58700,0.0,0.0
2024-07-01 00:00:00+09:00,680.0,680.0,630.0,637.0,207600,0.0,0.0
2024-07-02 00:00:00+09:00,634.0,655.0,633.0,647.0,101500,0.0,0.0
2024-07-03 00:00:00+09:00,643.0,647.0,631.0,632.0,79000,0.0,0.0
2024-07-04 00:00:00+09:00,638.0,643.0,621.0,629.0,118500,0.0,0.0
2024-07-05 00:00:00+09:00,627.0,648.0,625.0,641.0,85900,0.0,0.0
2024-07-08 00:00:00+09:00,642.0,642.0,629.0,633.0,49200,0.0,0.0
2024-07-09 00:00:00+09:00,631.0,640.0,600.0,604.0,213500,0.0,0.0
2024-07-10 00:00:00+09:00,604.0,614.0,565.0,586.0,305700,0.0,0.0
2024-07-11 00:00:00+09:00,588.0,611.0,586.0,605.0,175900,0.0,0.0
2024-07-12 00:00:00+09:00,598.0,617.0,598.0,604.0,188000,0.0,0.0
2024-07-16 00:00:00+09:00,594.0,648.0,593.0,632.0,347400,0.0,0.0
2024-07-17 00:00:00+09:00,628.0,647.0,625.0,640.0,144000,0.0,0.0
2024-07-18 00:00:00+09:00,635.0,643.0,618.0,630.0,125800,0.0,0.0
2024-07-19 00:00:00+09:00,630.0,635.0,602.0,603.0,139500,0.0,0.0
2024-07-22 00:00:00+09:00,607.0,626.0,597.0,616.0,129600,0.0,0.0
2024-07-23 00:00:00+09:00,617.0,644.0,617.0,640.0,102600,0.0,0.0
2024-07-24 00:00:00+09:00,640.0,647.0,623.0,624.0,76000,0.0,0.0
2024-07-25 00:00:00+09:00,597.0,614.0,597.0,605.0,115200,0.0,0.0
2024-07-26 00:00:00+09:00,607.0,614.0,597.0,608.0,81100,0.0,0.0
2024-07-29 00:00:00+09:00,607.0,622.0,604.0,616.0,39600,0.0,0.0
2024-07-30 00:00:00+09:00,609.0,620.0,608.0,610.0,111600,0.0,0.0
2024-07-31 00:00:00+09:00,608.0,626.0,590.0,625.0,88100,0.0,0.0
2024-08-01 00:00:00+09:00,619.0,622.0,595.0,607.0,64600,0.0,0.0
2024-08-02 00:00:00+09:00,585.0,589.0,564.0,571.0,161700,0.0,0.0
2024-08-05 00:00:00+09:00,476.0,520.0,471.0,471.0,348600,0.0,0.0
2024-08-06 00:00:00+09:00,480.0,507.0,474.0,485.0,225100,0.0,0.0
2024-08-07 00:00:00+09:00,469.0,520.0,453.0,504.0,134300,0.0,0.0
2024-08-08 00:00:00+09:00,498.0,514.0,492.0,507.0,67300,0.0,0.0
2024-08-09 00:00:00+09:00,509.0,510.0,490.0,495.0,57600,0.0,0.0
2024-08-13 00:00:00+09:00,500.0,530.0,498.0,530.0,75800,0.0,0.0
2024-08-14 00:00:00+09:00,535.0,548.0,522.0,536.0,66100,0.0,0.0
2024-08-15 00:00:00+09:00,536.0,541.0,531.0,536.0,34400,0.0,0.0
2024-08-16 00:00:00+09:00,536.0,540.0,525.0,535.0,73500,0.0,0.0
2024-08-19 00:00:00+09:00,535.0,546.0,532.0,533.0,28700,0.0,0.0
2024-08-20 00:00:00+09:00,536.0,563.0,536.0,553.0,61000,0.0,0.0
2024-08-21 00:00:00+09:00,543.0,552.0,539.0,544.0,24600,0.0,0.0
2024-08-22 00:00:00+09:00,542.0,563.0,542.0,551.0,43800,0.0,0.0
2024-08-23 00:00:00+09:00,555.0,555.0,541.0,545.0,16700,0.0,0.0
2024-08-26 00:00:00+09:00,548.0,558.0,548.0,555.0,23100,0.0,0.0
2024-08-27 00:00:00+09:00,559.0,576.0,545.0,554.0,66400,0.0,0.0
2024-08-28 00:00:00+09:00,550.0,551.0,535.0,536.0,53900,0.0,0.0
2024-08-29 00:00:00+09:00,535.0,547.0,533.0,536.0,32000,0.0,0.0
2024-08-30 00:00:00+09:00,540.0,543.0,533.0,535.0,21000,0.0,0.0
2024-09-02 00:00:00+09:00,550.0,564.0,547.0,557.0,58200,0.0,0.0
2024-09-03 00:00:00+09:00,554.0,560.0,550.0,560.0,33900,0.0,0.0
2024-09-04 00:00:00+09:00,533.0,536.0,509.0,510.0,180100,0.0,0.0
2024-09-05 00:00:00+09:00,511.0,528.0,507.0,519.0,56500,0.0,0.0
2024-09-06 00:00:00+09:00,516.0,517.0,496.0,498.0,62100,0.0,0.0
2024-09-09 00:00:00+09:00,484.0,518.0,482.0,514.0,59300,0.0,0.0
2024-09-10 00:00:00+09:00,505.0,523.0,505.0,508.0,20800,0.0,0.0
2024-09-11 00:00:00+09:00,502.0,509.0,483.0,489.0,56400,0.0,0.0
2024-09-12 00:00:00+09:00,505.0,513.0,505.0,513.0,30900,0.0,0.0
2024-09-13 00:00:00+09:00,512.0,520.0,503.0,505.0,30800,0.0,0.0
2024-09-17 00:00:00+09:00,504.0,504.0,481.0,490.0,40600,0.0,0.0
2024-09-18 00:00:00+09:00,495.0,500.0,484.0,490.0,40200,0.0,0.0
2024-09-19 00:00:00+09:00,497.0,508.0,497.0,503.0,63700,0.0,0.0
2024-09-20 00:00:00+09:00,508.0,512.0,506.0,506.0,35400,0.0,0.0
2024-09-24 00:00:00+09:00,509.0,509.0,497.0,502.0,29400,0.0,0.0
2024-09-25 00:00:00+09:00,499.0,503.0,495.0,497.0,20000,0.0,0.0
2024-09-26 00:00:00+09:00,504.0,513.0,497.0,513.0,45200,0.0,0.0
2024-09-27 00:00:00+09:00,517.0,519.0,511.0,514.0,31900,0.0,0.0
2024-09-30 00:00:00+09:00,501.0,510.0,496.0,498.0,46200,0.0,0.0
2024-10-01 00:00:00+09:00,499.0,532.0,499.0,520.0,60300,0.0,0.0
2024-10-02 00:00:00+09:00,511.0,518.0,508.0,515.0,31500,0.0,0.0
2024-10-03 00:00:00+09:00,520.0,524.0,508.0,517.0,27300,0.0,0.0
2024-10-04 00:00:00+09:00,511.0,524.0,511.0,516.0,16300,0.0,0.0
2024-10-07 00:00:00+09:00,520.0,526.0,517.0,519.0,25200,0.0,0.0
2024-10-08 00:00:00+09:00,518.0,521.0,515.0,519.0,24000,0.0,0.0
2024-10-09 00:00:00+09:00,519.0,519.0,511.0,516.0,44500,0.0,0.0
2024-10-10 00:00:00+09:00,517.0,538.0,516.0,538.0,66300,0.0,0.0
2024-10-11 00:00:00+09:00,531.0,533.0,514.0,520.0,115300,0.0,0.0
2024-10-15 00:00:00+09:00,535.0,547.0,510.0,516.0,170100,0.0,0.0
2024-10-16 00:00:00+09:00,506.0,511.0,493.0,502.0,93900,0.0,0.0
2024-10-17 00:00:00+09:00,498.0,500.0,490.0,493.0,54200,0.0,0.0
2024-10-18 00:00:00+09:00,493.0,502.0,489.0,492.0,37000,0.0,0.0
2024-10-21 00:00:00+09:00,494.0,509.0,491.0,500.0,50800,0.0,0.0
2024-10-22 00:00:00+09:00,497.0,497.0,476.0,478.0,85900,0.0,0.0
2024-10-23 00:00:00+09:00,480.0,480.0,465.0,465.0,23300,0.0,0.0
2024-10-24 00:00:00+09:00,457.0,463.0,453.0,457.0,43200,0.0,0.0
2024-10-25 00:00:00+09:00,458.0,459.0,448.0,449.0,39700,0.0,0.0
2024-10-28 00:00:00+09:00,447.0,478.0,447.0,474.0,34600,0.0,0.0
2024-10-29 00:00:00+09:00,475.0,482.0,467.0,471.0,40400,0.0,0.0
2024-10-30 00:00:00+09:00,470.0,472.0,465.0,465.0,80600,0.0,0.0
2024-10-31 00:00:00+09:00,468.0,482.0,465.0,479.0,23500,0.0,0.0
2024-11-01 00:00:00+09:00,471.0,477.0,468.0,469.0,17500,0.0,0.0
2024-11-05 00:00:00+09:00,469.0,475.0,466.0,475.0,14700,0.0,0.0
2024-11-06 00:00:00+09:00,475.0,479.0,468.0,470.0,23600,0.0,0.0
2024-11-07 00:00:00+09:00,470.0,482.0,470.0,481.0,18900,0.0,0.0
2024-11-08 00:00:00+09:00,485.0,490.0,480.0,480.0,17500,0.0,0.0
2024-11-11 00:00:00+09:00,481.0,486.0,478.0,485.0,17000,0.0,0.0
2024-11-12 00:00:00+09:00,486.0,492.0,478.0,480.0,23300,0.0,0.0
2024-11-13 00:00:00+09:00,482.0,486.0,473.0,473.0,10200,0.0,0.0
2024-11-14 00:00:00+09:00,473.0,478.0,467.0,470.0,14300,0.0,0.0
2024-11-15 00:00:00+09:00,464.0,466.0,453.0,455.0,38300,0.0,0.0
2024-11-18 00:00:00+09:00,454.0,456.0,446.0,450.0,27200,0.0,0.0
2024-11-19 00:00:00+09:00,450.0,452.0,445.0,445.0,15900,0.0,0.0
2024-11-20 00:00:00+09:00,445.0,453.0,445.0,453.0,21600,0.0,0.0
2024-11-21 00:00:00+09:00,452.0,475.0,452.0,475.0,43900,0.0,0.0
2024-11-22 00:00:00+09:00,473.0,477.0,464.0,477.0,30900,0.0,0.0
2024-11-25 00:00:00+09:00,474.0,489.0,474.0,480.0,25900,0.0,0.0
2024-11-26 00:00:00+09:00,480.0,480.0,466.0,469.0,20000,0.0,0.0
2024-11-27 00:00:00+09:00,468.0,468.0,459.0,466.0,24900,0.0,0.0
2024-11-28 00:00:00+09:00,460.0,466.0,458.0,458.0,19500,0.0,0.0
2024-11-29 00:00:00+09:00,455.0,457.0,444.0,446.0,40800,0.0,0.0
2024-12-02 00:00:00+09:00,445.0,448.0,440.0,445.0,26300,0.0,0.0
2024-12-03 00:00:00+09:00,445.0,453.0,437.0,439.0,30300,0.0,0.0
2024-12-04 00:00:00+09:00,438.0,448.0,435.0,448.0,32900,0.0,0.0
2024-12-05 00:00:00+09:00,450.0,464.0,448.0,456.0,38600,0.0,0.0
2024-12-06 00:00:00+09:00,460.0,466.0,453.0,461.0,34500,0.0,0.0
2024-12-09 00:00:00+09:00,459.0,460.0,452.0,452.0,7400,0.0,0.0
2024-12-10 00:00:00+09:00,457.0,458.0,448.0,448.0,19700,0.0,0.0
2024-12-11 00:00:00+09:00,447.0,447.0,435.0,438.0,50700,0.0,0.0
2024-12-12 00:00:00+09:00,436.0,438.0,410.0,415.0,92300,0.0,0.0
2024-12-13 00:00:00+09:00,431.0,431.0,416.0,416.0,39100,0.0,0.0
2024-12-16 00:00:00+09:00,413.0,419.0,405.0,419.0,42000,0.0,0.0
2024-12-17 00:00:00+09:00,413.0,419.0,409.0,416.0,28300,0.0,0.0
2024-12-18 00:00:00+09:00,408.0,412.0,402.0,411.0,31200,0.0,0.0
2024-12-19 00:00:00+09:00,403.0,411.0,402.0,405.0,28900,0.0,0.0
2024-12-20 00:00:00+09:00,404.0,405.0,398.0,399.0,38800,0.0,0.0
2024-12-23 00:00:00+09:00,398.0,400.0,393.0,397.0,33600,0.0,0.0
2024-12-24 00:00:00+09:00,393.0,403.0,386.0,397.0,83600,0.0,0.0
2024-12-25 00:00:00+09:00,402.0,437.0,402.0,417.0,109500,0.0,0.0
2024-12-26 00:00:00+09:00,425.0,425.0,413.0,420.0,55000,0.0,0.0
2024-12-27 00:00:00+09:00,424.0,462.0,422.0,460.0,134300,0.0,0.0
2024-12-30 00:00:00+09:00,455.0,465.0,450.0,452.0,68300,0.0,0.0
2025-01-06 00:00:00+09:00,460.0,460.0,436.0,436.0,61900,0.0,0.0
2025-01-07 00:00:00+09:00,437.0,445.0,426.0,445.0,73200,0.0,0.0
2025-01-08 00:00:00+09:00,437.0,443.0,432.0,437.0,31100,0.0,0.0
2025-01-09 00:00:00+09:00,433.0,437.0,431.0,436.0,35000,0.0,0.0
2025-01-10 00:00:00+09:00,431.0,459.0,430.0,450.0,106600,0.0,0.0
2025-01-14 00:00:00+09:00,447.0,462.0,447.0,455.0,86300,0.0,0.0
2025-01-15 00:00:00+09:00,463.0,476.0,423.0,439.0,256000,0.0,0.0
2025-01-16 00:00:00+09:00,439.0,439.0,405.0,411.0,123400,0.0,0.0
2025-01-17 00:00:00+09:00,408.0,412.0,402.0,403.0,73200,0.0,0.0
2025-01-20 00:00:00+09:00,401.0,412.0,401.0,404.0,48600,0.0,0.0
2025-01-21 00:00:00+09:00,408.0,410.0,402.0,404.0,20900,0.0,0.0
2025-01-22 00:00:00+09:00,409.0,410.0,402.0,404.0,31400,0.0,0.0
2025-01-23 00:00:00+09:00,410.0,410.0,401.0,403.0,33000,0.0,0.0
2025-01-24 00:00:00+09:00,406.0,416.0,403.0,413.0,45600,0.0,0.0
2025-01-27 00:00:00+09:00,414.0,424.0,413.0,422.0,33400,0.0,0.0
2025-01-28 00:00:00+09:00,422.0,429.0,415.0,425.0,25000,0.0,0.0
2025-01-29 00:00:00+09:00,425.0,430.0,418.0,422.0,35800,0.0,0.0
2025-01-30 00:00:00+09:00,416.0,424.0,397.0,399.0,223500,0.0,0.0
2025-01-31 00:00:00+09:00,399.0,403.0,397.0,397.0,79000,0.0,0.0
2025-02-03 00:00:00+09:00,395.0,395.0,386.0,389.0,59700,0.0,0.0
2025-02-04 00:00:00+09:00,393.0,401.0,392.0,397.0,36800,0.0,0.0
2025-02-05 00:00:00+09:00,395.0,404.0,391.0,401.0,40300,0.0,0.0
2025-02-06 00:00:00+09:00,401.0,417.0,401.0,411.0,41700,0.0,0.0
2025-02-07 00:00:00+09:00,413.0,419.0,406.0,411.0,26700,0.0,0.0
2025-02-10 00:00:00+09:00,411.0,413.0,403.0,410.0,18800,0.0,0.0
2025-02-12 00:00:00+09:00,414.0,418.0,410.0,413.0,31200,0.0,0.0
2025-02-13 00:00:00+09:00,413.0,419.0,410.0,418.0,24400,0.0,0.0
2025-02-14 00:00:00+09:00,420.0,420.0,411.0,414.0,22100,0.0,0.0
2025-02-17 00:00:00+09:00,411.0,412.0,408.0,410.0,14600,0.0,0.0
2025-02-18 00:00:00+09:00,411.0,416.0,408.0,413.0,20200,0.0,0.0
2025-02-19 00:00:00+09:00,414.0,414.0,410.0,410.0,11600,0.0,0.0
2025-02-20 00:00:00+09:00,410.0,411.0,403.0,403.0,22900,0.0,0.0
2025-02-21 00:00:00+09:00,403.0,406.0,403.0,403.0,8600,0.0,0.0
2025-02-25 00:00:00+09:00,401.0,404.0,398.0,399.0,22100,0.0,0.0
2025-02-26 00:00:00+09:00,401.0,401.0,391.0,394.0,36100,0.0,0.0
2025-02-27 00:00:00+09:00,390.0,398.0,390.0,394.0,13200,0.0,0.0
2025-02-28 00:00:00+09:00,390.0,398.0,389.0,392.0,20300,0.0,0.0
2025-03-03 00:00:00+09:00,392.0,398.0,389.0,394.0,30000,0.0,0.0
2025-03-04 00:00:00+09:00,389.0,396.0,386.0,393.0,41500,0.0,0.0
2025-03-05 00:00:00+09:00,392.0,398.0,391.0,393.0,15500,0.0,0.0
2025-03-06 00:00:00+09:00,398.0,408.0,395.0,407.0,33000,0.0,0.0
2025-03-07 00:00:00+09:00,400.0,404.0,396.0,398.0,31200,0.0,0.0
2025-03-10 00:00:00+09:00,402.0,409.0,402.0,405.0,23700,0.0,0.0
2025-03-11 00:00:00+09:00,398.0,408.0,398.0,408.0,15700,0.0,0.0
2025-03-12 00:00:00+09:00,404.0,408.0,402.0,403.0,17400,0.0,0.0
2025-03-13 00:00:00+09:00,405.0,406.0,399.0,399.0,14300,0.0,0.0
2025-03-14 00:00:00+09:00,398.0,407.0,398.0,406.0,12100,0.0,0.0
2025-03-17 00:00:00+09:00,405.0,411.0,405.0,411.0,22100,0.0,0.0
2025-03-18 00:00:00+09:00,408.0,411.0,406.0,410.0,15700,0.0,0.0
2025-03-19 00:00:00+09:00,410.0,411.0,407.0,410.0,11000,0.0,0.0
2025-03-21 00:00:00+09:00,410.0,410.0,405.0,405.0,20200,0.0,0.0
2025-03-24 00:00:00+09:00,404.0,406.0,401.0,402.0,9700,0.0,0.0
2025-03-25 00:00:00+09:00,402.0,406.0,401.0,404.0,11200,0.0,0.0
2025-03-26 00:00:00+09:00,409.0,409.0,403.0,407.0,12400,0.0,0.0
2025-03-27 00:00:00+09:00,406.0,440.0,406.0,437.0,151300,0.0,0.0
2025-03-28 00:00:00+09:00,439.0,456.0,433.0,435.0,97000,0.0,0.0
2025-03-31 00:00:00+09:00,435.0,435.0,422.0,425.0,38700,0.0,0.0
2025-04-01 00:00:00+09:00,425.0,429.0,413.0,413.0,39500,0.0,0.0
2025-04-02 00:00:00+09:00,414.0,414.0,401.0,401.0,43900,0.0,0.0
2025-04-03 00:00:00+09:00,388.0,394.0,379.0,381.0,67600,0.0,0.0
2025-04-04 00:00:00+09:00,371.0,374.0,352.0,353.0,74700,0.0,0.0
2025-04-07 00:00:00+09:00,320.0,328.0,300.0,302.0,108900,0.0,0.0
2025-04-08 00:00:00+09:00,320.0,347.0,320.0,346.0,41900,0.0,0.0
2025-04-09 00:00:00+09:00,336.0,338.0,305.0,325.0,60300,0.0,0.0
2025-04-10 00:00:00+09:00,360.0,366.0,350.0,355.0,46600,0.0,0.0
2025-04-11 00:00:00+09:00,350.0,377.0,345.0,377.0,39300,0.0,0.0
2025-04-14 00:00:00+09:00,391.0,391.0,373.0,373.0,99900,0.0,0.0
2025-04-15 00:00:00+09:00,357.0,365.0,345.0,349.0,117100,0.0,0.0
2025-04-16 00:00:00+09:00,349.0,354.0,340.0,340.0,56100,0.0,0.0
2025-04-17 00:00:00+09:00,341.0,346.0,336.0,341.0,57500,0.0,0.0
2025-04-18 00:00:00+09:00,337.0,354.0,336.0,345.0,80300,0.0,0.0
2025-04-21 00:00:00+09:00,340.0,355.0,337.0,339.0,52600,0.0,0.0
2025-04-22 00:00:00+09:00,335.0,342.0,334.0,335.0,16900,0.0,0.0
2025-04-23 00:00:00+09:00,339.0,342.0,331.0,336.0,32300,0.0,0.0
2025-04-24 00:00:00+09:00,337.0,342.0,333.0,335.0,45300,0.0,0.0
2025-04-25 00:00:00+09:00,339.0,343.0,335.0,340.0,41800,0.0,0.0
2025-04-28 00:00:00+09:00,345.0,355.0,333.0,348.0,191600,0.0,0.0
2025-04-30 00:00:00+09:00,346.0,348.0,340.0,343.0,25400,0.0,0.0
2025-05-01 00:00:00+09:00,344.0,347.0,338.0,338.0,35700,0.0,0.0
2025-05-02 00:00:00+09:00,339.0,342.0,334.0,337.0,39900,0.0,0.0
2025-05-07 00:00:00+09:00,335.0,339.0,332.0,333.0,31100,0.0,0.0
2025-05-08 00:00:00+09:00,333.0,335.0,328.0,333.0,41700,0.0,0.0
2025-05-09 00:00:00+09:00,335.0,339.0,333.0,334.0,32100,0.0,0.0
2025-05-12 00:00:00+09:00,334.0,341.0,333.0,341.0,37300,0.0,0.0
2025-05-13 00:00:00+09:00,345.0,347.0,342.0,345.0,22600,0.0,0.0
2025-05-14 00:00:00+09:00,348.0,355.0,333.0,346.0,221900,0.0,0.0
2025-05-15 00:00:00+09:00,344.0,348.0,342.0,342.0,15600,0.0,0.0
2025-05-16 00:00:00+09:00,343.0,347.0,342.0,345.0,13800,0.0,0.0
2025-05-19 00:00:00+09:00,345.0,354.0,345.0,354.0,24200,0.0,0.0
2025-05-20 00:00:00+09:00,354.0,355.0,343.0,343.0,47900,0.0,0.0
2025-05-21 00:00:00+09:00,346.0,347.0,343.0,343.0,20800,0.0,0.0
2025-05-22 00:00:00+09:00,342.0,346.0,342.0,344.0,15000,0.0,0.0
2025-05-23 00:00:00+09:00,341.0,349.0,340.0,340.0,23800,0.0,0.0
2025-05-26 00:00:00+09:00,340.0,343.0,337.0,337.0,18300,0.0,0.0
2025-05-27 00:00:00+09:00,337.0,341.0,334.0,337.0,30900,0.0,0.0
2025-05-28 00:00:00+09:00,338.0,342.0,337.0,340.0,14000,0.0,0.0
2025-05-29 00:00:00+09:00,339.0,342.0,338.0,338.0,11100,0.0,0.0
2025-05-30 00:00:00+09:00,336.0,341.0,334.0,341.0,26700,0.0,0.0
2025-06-02 00:00:00+09:00,341.0,345.0,336.0,344.0,25200,0.0,0.0
2025-06-03 00:00:00+09:00,343.0,346.0,340.0,343.0,18300,0.0,0.0
2025-06-04 00:00:00+09:00,342.0,346.0,342.0,343.0,9200,0.0,0.0
2025-06-05 00:00:00+09:00,343.0,345.0,342.0,344.0,11600,0.0,0.0
2025-06-06 00:00:00+09:00,345.0,345.0,336.0,336.0,26300,0.0,0.0
2025-06-09 00:00:00+09:00,336.0,338.0,331.0,331.0,41000,0.0,0.0
2025-06-10 00:00:00+09:00,334.0,337.0,332.0,337.0,15200,0.0,0.0
2025-06-11 00:00:00+09:00,335.0,340.0,335.0,335.0,27800,0.0,0.0
2025-06-12 00:00:00+09:00,336.0,339.0,334.0,335.0,12700,0.0,0.0
2025-06-13 00:00:00+09:00,335.0,336.0,328.0,330.0,24100,0.0,0.0
2025-06-16 00:00:00+09:00,333.0,337.0,331.0,337.0,13300,0.0,0.0
2025-06-17 00:00:00+09:00,336.0,337.0,331.0,335.0,23000,0.0,0.0
2025-06-18 00:00:00+09:00,335.0,342.0,335.0,341.0,26500,0.0,0.0
2025-06-19 00:00:00+09:00,341.0,343.0,337.0,340.0,20100,0.0,0.0
2025-06-20 00:00:00+09:00,339.0,345.0,339.0,340.0,20500,0.0,0.0
2025-06-23 00:00:00+09:00,340.0,340.0,331.0,332.0,30000,0.0,0.0
2025-06-24 00:00:00+09:00,334.0,337.0,334.0,337.0,14100,0.0,0.0
2025-06-25 00:00:00+09:00,338.0,338.0,333.0,335.0,9800,0.0,0.0
2025-06-26 00:00:00+09:00,335.0,337.0,330.0,330.0,44900,0.0,0.0
2025-06-27 00:00:00+09:00,332.0,334.0,330.0,330.0,26300,0.0,0.0
2025-06-30 00:00:00+09:00,336.0,336.0,330.0,330.0,29200,0.0,0.0
2025-07-01 00:00:00+09:00,332.0,332.0,326.0,327.0,30700,0.0,0.0
2025-07-02 00:00:00+09:00,325.0,332.0,325.0,330.0,14000,0.0,0.0
2025-07-03 00:00:00+09:00,322.0,327.0,320.0,321.0,65900,0.0,0.0
2025-07-04 00:00:00+09:00,321.0,321.0,316.0,316.0,28500,0.0,0.0
2025-07-07 00:00:00+09:00,315.0,318.0,314.0,316.0,26500,0.0,0.0
2025-07-08 00:00:00+09:00,314.0,323.0,314.0,321.0,31200,0.0,0.0
2025-07-09 00:00:00+09:00,323.0,328.0,321.0,327.0,30900,0.0,0.0
2025-07-10 00:00:00+09:00,327.0,327.0,325.0,325.0,21200,0.0,0.0
2025-07-11 00:00:00+09:00,327.0,333.0,325.0,333.0,31800,0.0,0.0
2025-07-14 00:00:00+09:00,337.0,350.0,333.0,338.0,101200,0.0,0.0
2025-07-15 00:00:00+09:00,314.0,321.0,308.0,310.0,247000,0.0,0.0
2025-07-16 00:00:00+09:00,309.0,309.0,301.0,305.0,102300,0.0,0.0
2025-07-17 00:00:00+09:00,303.0,309.0,302.0,305.0,48300,0.0,0.0
2025-07-18 00:00:00+09:00,306.0,308.0,301.0,302.0,54400,0.0,0.0
2025-07-22 00:00:00+09:00,302.0,303.0,295.0,299.0,112800,0.0,0.0
2025-07-23 00:00:00+09:00,300.0,311.0,300.0,303.0,65500,0.0,0.0
2025-07-24 00:00:00+09:00,307.0,310.0,303.0,307.0,51600,0.0,0.0
2025-07-25 00:00:00+09:00,307.0,313.0,305.0,310.0,52000,0.0,0.0
2025-07-28 00:00:00+09:00,313.0,317.0,311.0,315.0,48400,0.0,0.0
2025-07-29 00:00:00+09:00,316.0,316.0,310.0,314.0,28800,0.0,0.0
2025-07-30 00:00:00+09:00,311.0,316.0,311.0,314.0,22300,0.0,0.0
2025-07-31 00:00:00+09:00,312.0,314.0,311.0,313.0,11400,0.0,0.0
2025-08-01 00:00:00+09:00,312.0,316.0,312.0,312.0,18600,0.0,0.0
2025-08-04 00:00:00+09:00,311.0,316.0,311.0,316.0,15100,0.0,0.0
2025-08-05 00:00:00+09:00,318.0,324.0,311.0,312.0,76000,0.0,0.0
2025-08-06 00:00:00+09:00,310.0,315.0,310.0,312.0,12200,0.0,0.0
2025-08-07 00:00:00+09:00,314.0,316.0,311.0,312.0,12400,0.0,0.0
2025-08-08 00:00:00+09:00,312.0,313.0,308.0,309.0,30000,0.0,0.0
2025-08-12 00:00:00+09:00,310.0,313.0,308.0,311.0,49000,0.0,0.0
2025-08-13 00:00:00+09:00,310.0,319.0,310.0,319.0,44600,0.0,0.0
2025-08-14 00:00:00+09:00,318.0,325.0,316.0,325.0,44000,0.0,0.0
2025-08-15 00:00:00+09:00,325.0,325.0,321.0,323.0,29800,0.0,0.0
2025-08-18 00:00:00+09:00,324.0,325.0,319.0,323.0,27100,0.0,0.0
2025-08-19 00:00:00+09:00,322.0,325.0,318.0,324.0,28900,0.0,0.0
2025-08-20 00:00:00+09:00,324.0,325.0,315.0,315.0,46000,0.0,0.0
2025-08-21 00:00:00+09:00,317.0,319.0,312.0,317.0,40100,0.0,0.0
2025-08-22 00:00:00+09:00,319.0,320.0,315.0,317.0,27500,0.0,0.0
2025-08-25 00:00:00+09:00,319.0,321.0,317.0,319.0,32000,0.0,0.0
2025-08-26 00:00:00+09:00,321.0,322.0,319.0,319.0,28000,0.0,0.0
2025-08-27 00:00:00+09:00,319.0,323.0,318.0,320.0,35100,0.0,0.0
2025-08-28 00:00:00+09:00,319.0,321.0,318.0,320.0,7400,0.0,0.0
2025-08-29 00:00:00+09:00,320.0,322.0,314.0,316.0,24500,0.0,0.0
2025-09-01 00:00:00+09:00,322.0,354.0,316.0,337.0,274600,0.0,0.0
2025-09-02 00:00:00+09:00,345.0,345.0,324.0,331.0,134700,0.0,0.0
2025-09-03 00:00:00+09:00,334.0,334.0,324.0,326.0,44600,0.0,0.0
2025-09-04 00:00:00+09:00,325.0,329.0,320.0,325.0,40000,0.0,0.0
2025-09-05 00:00:00+09:00,326.0,330.0,323.0,330.0,18200,0.0,0.0
2025-09-08 00:00:00+09:00,327.0,330.0,321.0,323.0,31800,0.0,0.0
2025-09-09 00:00:00+09:00,326.0,328.0,322.0,324.0,30300,0.0,0.0
2025-09-10 00:00:00+09:00,323.0,323.0,316.0,320.0,48000,0.0,0.0
2025-09-11 00:00:00+09:00,319.0,324.0,310.0,315.0,72300,0.0,0.0
2025-09-12 00:00:00+09:00,317.0,319.0,310.0,314.0,58300,0.0,0.0
2025-09-16 00:00:00+09:00,314.0,318.0,311.0,315.0,35700,0.0,0.0
2025-09-17 00:00:00+09:00,315.0,319.0,312.0,313.0,32200,0.0,0.0
2025-09-18 00:00:00+09:00,332.0,366.0,326.0,355.0,1097100,0.0,0.0
2025-09-19 00:00:00+09:00,363.0,363.0,340.0,348.0,270900,0.0,0.0
2025-09-22 00:00:00+09:00,350.0,367.0,342.0,361.0,188200,0.0,0.0
2025-09-24 00:00:00+09:00,361.0,376.0,357.0,374.0,138600,0.0,0.0
2025-09-25 00:00:00+09:00,398.0,408.0,380.0,393.0,421100,0.0,0.0
2025-09-26 00:00:00+09:00,387.0,388.0,367.0,375.0,207300,0.0,0.0
2025-09-29 00:00:00+09:00,375.0,385.0,372.0,373.0,95500,0.0,0.0
2025-09-30 00:00:00+09:00,376.0,381.0,362.0,370.0,97000,0.0,0.0
2025-10-01 00:00:00+09:00,367.0,367.0,345.0,346.0,96900,0.0,0.0
2025-10-02 00:00:00+09:00,346.0,352.0,341.0,343.0,100900,0.0,0.0
2025-10-03 00:00:00+09:00,342.0,352.0,342.0,347.0,64700,0.0,0.0
2025-10-06 00:00:00+09:00,344.0,347.0,331.0,334.0,138000,0.0,0.0
2025-10-07 00:00:00+09:00,334.0,338.0,330.0,334.0,83900,0.0,0.0
2025-10-08 00:00:00+09:00,335.0,338.0,331.0,335.0,30100,0.0,0.0
2025-10-09 00:00:00+09:00,336.0,336.0,320.0,332.0,97400,0.0,0.0
2025-10-10 00:00:00+09:00,327.0,327.0,316.0,321.0,74300,0.0,0.0
2025-10-14 00:00:00+09:00,316.0,323.0,312.0,314.0,137700,0.0,0.0
2025-10-15 00:00:00+09:00,316.0,316.0,298.0,300.0,188600,0.0,0.0
2025-10-16 00:00:00+09:00,305.0,305.0,300.0,300.0,74200,0.0,0.0
2025-10-17 00:00:00+09:00,303.0,304.0,296.0,296.0,128200,0.0,0.0
2025-10-20 00:00:00+09:00,297.0,305.0,297.0,304.0,46700,0.0,0.0
2025-10-21 00:00:00+09:00,310.0,313.0,302.0,310.0,105700,0.0,0.0
2025-10-22 00:00:00+09:00,309.0,311.0,307.0,309.0,47300,0.0,0.0
2025-10-23 00:00:00+09:00,310.0,310.0,302.0,303.0,38700,0.0,0.0
2025-10-24 00:00:00+09:00,304.0,307.0,302.0,303.0,30700,0.0,0.0
2025-10-27 00:00:00+09:00,311.0,311.0,301.0,303.0,53300,0.0,0.0
2025-10-28 00:00:00+09:00,303.0,305.0,298.0,299.0,79800,0.0,0.0
2025-10-29 00:00:00+09:00,298.0,298.0,284.0,286.0,220800,0.0,0.0
2025-10-30 00:00:00+09:00,286.0,297.0,284.0,288.0,121100,0.0,0.0
2025-10-31 00:00:00+09:00,291.0,293.0,287.0,290.0,37600,0.0,0.0
2025-11-04 00:00:00+09:00,288.0,290.0,284.0,284.0,45100,0.0,0.0
2025-11-05 00:00:00+09:00,283.0,284.0,276.0,279.0,107600,0.0,0.0
2025-11-06 00:00:00+09:00,280.0,283.0,279.0,280.0,39400,0.0,0.0
2025-11-07 00:00:00+09:00,277.0,283.0,277.0,283.0,46100,0.0,0.0
2025-11-10 00:00:00+09:00,284.0,291.0,281.0,290.0,43500,0.0,0.0
2025-11-11 00:00:00+09:00,294.0,295.0,289.0,293.0,49800,0.0,0.0
2025-11-12 00:00:00+09:00,293.0,298.0,292.0,298.0,32400,0.0,0.0
2025-11-13 00:00:00+09:00,294.0,299.0,291.0,293.0,29900,0.0,0.0
2025-11-14 00:00:00+09:00,291.0,296.0,291.0,291.0,29800,0.0,0.0
2025-11-17 00:00:00+09:00,290.0,290.0,284.0,286.0,32400,0.0,0.0
2025-11-18 00:00:00+09:00,281.0,283.0,279.0,279.0,36700,0.0,0.0
2025-11-19 00:00:00+09:00,279.0,284.0,278.0,284.0,12500,0.0,0.0
2025-11-20 00:00:00+09:00,282.0,285.0,280.0,285.0,22000,0.0,0.0
2025-11-21 00:00:00+09:00,281.0,288.0,281.0,288.0,27800,0.0,0.0
2025-11-25 00:00:00+09:00,286.0,288.0,284.0,285.0,23200,0.0,0.0
2025-11-26 00:00:00+09:00,284.0,285.0,284.0,284.0,10600,0.0,0.0
2025-11-27 00:00:00+09:00,284.0,288.0,283.0,288.0,33100,0.0,0.0
2025-11-28 00:00:00+09:00,286.0,302.0,285.0,299.0,82700,0.0,0.0
2025-12-01 00:00:00+09:00,297.0,308.0,297.0,299.0,72500,0.0,0.0
2025-12-02 00:00:00+09:00,297.0,298.0,291.0,291.0,43400,0.0,0.0
2025-12-03 00:00:00+09:00,291.0,292.0,287.0,289.0,17500,0.0,0.0
2025-12-04 00:00:00+09:00,288.0,290.0,284.0,287.0,28800,0.0,0.0
2025-12-05 00:00:00+09:00,280.0,288.0,280.0,286.0,24900,0.0,0.0
2025-12-08 00:00:00+09:00,287.0,288.0,284.0,284.0,21700,0.0,0.0
2025-12-09 00:00:00+09:00,281.0,286.0,281.0,283.0,28100,0.0,0.0
2025-12-10 00:00:00+09:00,281.0,283.0,281.0,282.0,19300,0.0,0.0
2025-12-11 00:00:00+09:00,280.0,282.0,278.0,282.0,38400,0.0,0.0
2025-12-12 00:00:00+09:00,282.0,284.0,281.0,282.0,22500,0.0,0.0
2025-12-15 00:00:00+09:00,280.0,284.0,280.0,284.0,44600,0.0,0.0
2025-12-16 00:00:00+09:00,284.0,284.0,280.0,281.0,33600,0.0,0.0
2025-12-17 00:00:00+09:00,280.0,282.0,278.0,281.0,37300,0.0,0.0
2025-12-18 00:00:00+09:00,282.0,282.0,278.0,281.0,22000,0.0,0.0
2025-12-19 00:00:00+09:00,280.0,283.0,279.0,283.0,45500,0.0,0.0
2025-12-22 00:00:00+09:00,283.0,284.0,279.0,279.0,53400,0.0,0.0
2025-12-23 00:00:00+09:00,280.0,283.0,279.0,280.0,35000,0.0,0.0
2025-12-24 00:00:00+09:00,280.0,281.0,270.0,277.0,117400,0.0,0.0
2025-12-25 00:00:00+09:00,275.0,279.0,275.0,276.0,59800,0.0,0.0
2025-12-26 00:00:00+09:00,278.0,280.0,275.0,278.0,58500,0.0,0.0
2025-12-29 00:00:00+09:00,277.0,280.0,274.0,274.0,31400,0.0,0.0
2025-12-30 00:00:00+09:00,273.0,274.0,265.0,269.0,101100,0.0,0.0
2026-01-05 00:00:00+09:00,270.0,287.0,268.0,277.0,115300,0.0,0.0
2026-01-06 00:00:00+09:00,277.0,281.0,277.0,280.0,17200,0.0,0.0
2026-01-07 00:00:00+09:00,280.0,284.0,280.0,283.0,22700,0.0,0.0
2026-01-08 00:00:00+09:00,283.0,284.0,282.0,284.0,22400,0.0,0.0
2026-01-09 00:00:00+09:00,284.0,295.0,283.0,294.0,68600,0.0,0.0
2026-01-13 00:00:00+09:00,300.0,301.0,290.0,293.0,58900,0.0,0.0
2026-01-14 00:00:00+09:00,293.0,293.0,280.0,289.0,69700,0.0,0.0
2026-01-15 00:00:00+09:00,281.0,282.0,276.0,280.0,78100,0.0,0.0
2026-01-16 00:00:00+09:00,279.0,284.0,279.0,282.0,39000,0.0,0.0
2026-01-19 00:00:00+09:00,275.0,282.0,273.0,280.0,37700,0.0,0.0
2026-01-20 00:00:00+09:00,286.0,286.0,281.0,282.0,10900,0.0,0.0
2026-01-21 00:00:00+09:00,282.0,283.0,279.0,282.0,18400,0.0,0.0
2026-01-22 00:00:00+09:00,279.0,281.0,277.0,278.0,16400,0.0,0.0
2026-01-23 00:00:00+09:00,278.0,281.0,278.0,280.0,18600,0.0,0.0
2026-01-26 00:00:00+09:00,285.0,285.0,276.0,276.0,34300,0.0,0.0
2026-01-27 00:00:00+09:00,275.0,276.0,273.0,273.0,26400,0.0,0.0
2026-01-28 00:00:00+09:00,275.0,275.0,269.0,269.0,23400,0.0,0.0
2026-01-29 00:00:00+09:00,270.0,270.0,265.0,267.0,76900,0.0,0.0
2026-01-30 00:00:00+09:00,266.0,271.0,266.0,267.0,21800,0.0,0.0
2026-02-02 00:00:00+09:00,265.0,271.0,265.0,269.0,25900,0.0,0.0
2026-02-03 00:00:00+09:00,270.0,271.0,267.0,271.0,12800,0.0,0.0
2026-02-04 00:00:00+09:00,271.0,271.0,266.0,267.0,30600,0.0,0.0
2026-02-05 00:00:00+09:00,267.0,272.0,266.0,271.0,29900,0.0,0.0
2026-02-06 00:00:00+09:00,272.0,275.0,270.0,272.0,50300,0.0,0.0
2026-02-09 00:00:00+09:00,271.0,273.0,270.0,270.0,16400,0.0,0.0
2026-02-10 00:00:00+09:00,270.0,274.0,270.0,274.0,16900,0.0,0.0
2026-02-12 00:00:00+09:00,273.0,276.0,273.0,273.0,37600,0.0,0.0
2026-02-13 00:00:00+09:00,275.0,275.0,271.0,272.0,22900,0.0,0.0
2026-02-16 00:00:00+09:00,271.0,271.0,270.0,271.0,10900,0.0,0.0
2026-02-17 00:00:00+09:00,270.0,272.0,268.0,271.0,29700,0.0,0.0
2026-02-18 00:00:00+09:00,274.0,274.0,272.0,273.0,10500,0.0,0.0
2026-02-19 00:00:00+09:00,272.0,274.0,272.0,273.0,33200,0.0,0.0
2026-02-20 00:00:00+09:00,275.0,326.0,275.0,286.0,302700,0.0,0.0
2026-02-24 00:00:00+09:00,279.0,317.0,279.0,298.0,453200,0.0,0.0
2026-02-25 00:00:00+09:00,300.0,300.0,270.0,274.0,203700,0.0,0.0
2026-02-26 00:00:00+09:00,290.0,290.0,273.0,275.0,106600,0.0,0.0
2026-02-27 00:00:00+09:00,273.0,275.0,264.0,270.0,102100,0.0,0.0
2026-03-02 00:00:00+09:00,268.0,268.0,259.0,261.0,123300,0.0,0.0
2026-03-03 00:00:00+09:00,259.0,260.0,247.0,247.0,127200,0.0,0.0
2026-03-04 00:00:00+09:00,240.0,243.0,229.0,229.0,143300,0.0,0.0
2026-03-05 00:00:00+09:00,237.0,247.0,234.0,237.0,62000,0.0,0.0
2026-03-06 00:00:00+09:00,234.0,242.0,234.0,240.0,54000,0.0,0.0
2026-03-09 00:00:00+09:00,235.0,235.0,231.0,235.0,53300,0.0,0.0
2026-03-10 00:00:00+09:00,238.0,240.0,235.0,236.0,29000,0.0,0.0
2026-03-11 00:00:00+09:00,237.0,243.0,236.0,241.0,125700,0.0,0.0
2026-03-12 00:00:00+09:00,240.0,247.0,238.0,238.0,23800,0.0,0.0
2026-03-13 00:00:00+09:00,237.0,237.0,233.0,233.0,45000,0.0,0.0
2026-03-16 00:00:00+09:00,234.0,237.0,233.0,236.0,9500,0.0,0.0
2026-03-17 00:00:00+09:00,236.0,238.0,231.0,231.0,25100,0.0,0.0
2026-03-18 00:00:00+09:00,232.0,236.0,232.0,236.0,60100,0.0,0.0
2026-03-19 00:00:00+09:00,234.0,236.0,225.0,227.0,62700,0.0,0.0
2026-03-23 00:00:00+09:00,226.0,229.0,216.0,217.0,58900,0.0,0.0
2026-03-24 00:00:00+09:00,221.0,222.0,216.0,217.0,66600,0.0,0.0
2026-03-25 00:00:00+09:00,214.0,224.0,214.0,221.0,75500,0.0,0.0
2026-03-26 00:00:00+09:00,219.0,226.0,219.0,219.0,32200,0.0,0.0
2026-03-27 00:00:00+09:00,220.0,223.0,216.0,217.0,37800,0.0,0.0
2026-03-30 00:00:00+09:00,215.0,215.0,207.0,207.0,66000,0.0,0.0
2026-03-31 00:00:00+09:00,206.0,213.0,206.0,213.0,25100,0.0,0.0
2026-04-01 00:00:00+09:00,217.0,219.0,214.0,219.0,23700,0.0,0.0
2026-04-02 00:00:00+09:00,217.0,220.0,212.0,214.0,50800,0.0,0.0
2026-04-03 00:00:00+09:00,213.0,221.0,212.0,221.0,29700,0.0,0.0
2026-04-06 00:00:00+09:00,218.0,224.0,218.0,222.0,27800,0.0,0.0
2026-04-07 00:00:00+09:00,222.0,225.0,221.0,223.0,15600,0.0,0.0
2026-04-08 00:00:00+09:00,222.0,230.0,222.0,228.0,30700,0.0,0.0
2026-04-09 00:00:00+09:00,229.0,229.0,224.0,225.0,9600,0.0,0.0
2026-04-10 00:00:00+09:00,225.0,225.0,221.0,223.0,26600,0.0,0.0
2026-04-13 00:00:00+09:00,225.0,225.0,220.0,224.0,33800,0.0,0.0
2026-04-14 00:00:00+09:00,220.0,222.0,210.0,221.0,121700,0.0,0.0
2026-04-15 00:00:00+09:00,218.0,221.0,214.0,221.0,33600,0.0,0.0
2026-04-16 00:00:00+09:00,218.0,225.0,218.0,225.0,40000,0.0,0.0
2026-04-17 00:00:00+09:00,222.0,222.0,221.0,222.0,16400,0.0,0.0
2026-04-20 00:00:00+09:00,221.0,223.0,219.0,220.0,16200,0.0,0.0
2026-04-21 00:00:00+09:00,219.0,220.0,217.0,218.0,9200,0.0,0.0
2026-04-22 00:00:00+09:00,218.0,221.0,217.0,220.0,11600,0.0,0.0
2026-04-23 00:00:00+09:00,221.0,221.0,217.0,219.0,10100,0.0,0.0
2026-04-24 00:00:00+09:00,219.0,219.0,216.0,217.0,27000,0.0,0.0
2026-04-27 00:00:00+09:00,220.0,220.0,218.0,220.0,21300,0.0,0.0
2026-04-28 00:00:00+09:00,217.0,220.0,217.0,219.0,13400,0.0,0.0
2026-04-30 00:00:00+09:00,218.0,218.0,215.0,216.0,9200,0.0,0.0
2026-05-01 00:00:00+09:00,215.0,216.0,210.0,214.0,20700,0.0,0.0
2026-05-07 00:00:00+09:00,216.0,219.0,211.0,218.0,29200,0.0,0.0
2026-05-08 00:00:00+09:00,219.0,239.0,216.0,238.0,77200,0.0,0.0
2026-05-11 00:00:00+09:00,233.0,234.0,222.0,227.0,53100,0.0,0.0
2026-05-12 00:00:00+09:00,227.0,227.0,216.0,216.0,23600,0.0,0.0
2026-05-13 00:00:00+09:00,216.0,225.0,215.0,215.0,21700,0.0,0.0
2026-05-14 00:00:00+09:00,215.0,215.0,211.0,211.0,12900,0.0,0.0
2026-05-15 00:00:00+09:00,209.0,212.0,209.0,210.0,17100,0.0,0.0
2026-05-18 00:00:00+09:00,210.0,218.0,210.0,217.0,27600,0.0,0.0
2026-05-19 00:00:00+09:00,217.0,217.0,212.0,213.0,9400,0.0,0.0
2026-05-20 00:00:00+09:00,214.0,214.0,210.0,211.0,6400,0.0,0.0
2026-05-21 00:00:00+09:00,211.0,213.0,208.0,210.0,18800,0.0,0.0
2026-05-22 00:00:00+09:00,209.0,211.0,209.0,210.0,6500,0.0,0.0
2026-05-25 00:00:00+09:00,210.0,217.0,210.0,217.0,28100,0.0,0.0
2026-05-26 00:00:00+09:00,218.0,218.0,213.0,217.0,10300,0.0,0.0
2026-05-27 00:00:00+09:00,212.0,213.0,207.0,207.0,39100,0.0,0.0
2026-05-28 00:00:00+09:00,211.0,211.0,206.0,206.0,36300,0.0,0.0
2026-05-29 00:00:00+09:00,205.0,206.0,194.0,199.0,102800,0.0,0.0
