Date,Open,High,Low,Close,Volume,Dividends,Stock Splits
2001-01-01 00:00:00+09:00,215.79020690917966,215.79020690917966,215.79020690917966,215.7902069091797,0,0.0,0.0
2001-01-02 00:00:00+09:00,215.79020690917966,215.79020690917966,215.79020690917966,215.7902069091797,0,0.0,0.0
2001-01-03 00:00:00+09:00,215.79020690917966,215.79020690917966,215.79020690917966,215.7902069091797,0,0.0,0.0
2001-01-04 00:00:00+09:00,216.9566163149747,216.9566163149747,205.2922821044922,205.2922821044922,75000,0.0,0.0
2001-01-05 00:00:00+09:00,209.95799623686693,209.95799623686693,200.62652973745062,202.9593963623047,147000,0.0,0.0
2001-01-08 00:00:00+09:00,202.9593963623047,202.9593963623047,202.9593963623047,202.9593963623047,0,0.0,0.0
2001-01-09 00:00:00+09:00,201.79307297377557,201.79307297377557,195.9609032346491,199.460205078125,164000,0.0,0.0
2001-01-10 00:00:00+09:00,199.46013728158917,199.46013728158917,193.62796952481756,194.79440307617188,194500,0.0,0.0
2001-01-11 00:00:00+09:00,194.79446142948035,197.127329231031,188.9622919256037,192.4615936279297,284000,0.0,0.0
2001-01-12 00:00:00+09:00,193.62800282134106,197.1273040771484,192.46156906940527,197.12730407714844,311500,0.0,0.0
2001-01-15 00:00:00+09:00,194.79436317531542,204.12582967473173,194.79436317531542,202.9593963623047,83500,0.0,0.0
2001-01-16 00:00:00+09:00,201.79298758370535,204.1258544921875,200.6265541294643,204.1258544921875,69500,0.0,0.0
2001-01-17 00:00:00+09:00,201.79298758370535,204.1258544921875,199.4601206752232,204.1258544921875,117500,0.0,0.0
2001-01-18 00:00:00+09:00,204.12589436736553,211.1244964599609,204.12589436736553,211.12449645996094,244000,0.0,0.0
2001-01-19 00:00:00+09:00,209.9580627778617,214.62379750625863,209.9580627778617,211.12449645996094,152000,0.0,0.0
2001-01-22 00:00:00+09:00,216.9566990586578,216.9566990586578,208.79166199731046,213.4573974609375,83000,0.0,0.0
2001-01-23 00:00:00+09:00,215.79026519275104,215.79026519275104,211.124529729124,213.4573974609375,88000,0.0,0.0
2001-01-24 00:00:00+09:00,213.4573855082194,215.79025310940213,209.9580841064453,209.9580841064453,114500,0.0,0.0
2001-01-25 00:00:00+09:00,214.62383764916723,214.62383764916723,209.9581020480984,212.2909698486328,77500,0.0,0.0
2001-01-26 00:00:00+09:00,212.29095170762804,212.29095170762804,208.79165030585395,209.9580841064453,85500,0.0,0.0
2001-01-29 00:00:00+09:00,208.7916681478312,212.2909698486328,208.7916681478312,212.2909698486328,64000,0.0,0.0
2001-01-30 00:00:00+09:00,214.62377335831923,215.79020690917966,212.2909062565984,215.7902069091797,79000,0.0,0.0
2001-01-31 00:00:00+09:00,218.12312071058486,218.12312071058486,209.9580841064453,209.9580841064453,58500,0.0,0.0
2001-02-01 00:00:00+09:00,209.9581020480984,213.45740374890002,209.9581020480984,212.2909698486328,127000,0.0,0.0
2001-02-02 00:00:00+09:00,209.9580627778617,212.29093014206015,209.9580627778617,211.12449645996094,46000,0.0,0.0
2001-02-05 00:00:00+09:00,211.12451790703668,211.12451790703668,207.62521650526259,209.9580841064453,43000,0.0,0.0
2001-02-06 00:00:00+09:00,209.95799623686693,209.95799623686693,202.9593963623047,202.9593963623047,67000,0.0,0.0
2001-02-07 00:00:00+09:00,206.45878270467122,209.9580841064453,206.45878270467122,209.9580841064453,26500,0.0,0.0
2001-02-08 00:00:00+09:00,209.95801578868517,209.95801578868517,204.12584868344393,205.2922821044922,57000,0.0,0.0
2001-02-09 00:00:00+09:00,207.62522208172342,214.6238250732422,205.29235441788381,214.6238250732422,131000,0.0,0.0
2001-02-12 00:00:00+09:00,214.6238250732422,214.6238250732422,214.6238250732422,214.6238250732422,0,0.0,0.0
2001-02-13 00:00:00+09:00,218.1230621337891,221.6223625958285,215.79019515909616,218.12306213378906,133000,0.0,0.0
2001-02-14 00:00:00+09:00,218.12312656900156,219.28956040092135,214.6238250732422,214.6238250732422,52000,0.0,0.0
2001-02-15 00:00:00+09:00,218.12307401090052,220.4559411126214,215.79020690917966,215.7902069091797,88500,0.0,0.0
2001-02-16 00:00:00+09:00,227.4544982910156,235.61953156300078,223.9551983173077,227.45449829101562,682500,0.0,0.0
2001-02-19 00:00:00+09:00,223.95529174804688,226.28815937042236,221.6224241256714,223.95529174804688,172000,0.0,0.0
2001-02-20 00:00:00+09:00,221.62239993429932,223.9552673020288,219.28953256656987,222.78883361816406,162500,0.0,0.0
2001-02-21 00:00:00+09:00,219.28957500155008,223.95531063988093,219.28957500155008,220.4560089111328,131500,0.0,0.0
2001-02-22 00:00:00+09:00,219.28958386872944,227.45462156596938,218.12314991198087,221.62245178222656,287000,0.0,0.0
2001-02-23 00:00:00+09:00,223.95529174804688,226.28815937042236,215.79025506973267,223.95529174804688,324000,0.0,0.0
2001-02-26 00:00:00+09:00,225.12163164187697,233.28666491386215,223.9551983173077,227.45449829101562,325000,0.0,0.0
2001-02-27 00:00:00+09:00,237.95250562846365,241.45180718182343,233.28677022398398,236.78607177734375,838000,0.0,0.0
2001-02-28 00:00:00+09:00,240.28535815922902,242.61822571417298,230.95388793945312,230.95388793945312,772000,0.0,0.0
2001-03-01 00:00:00+09:00,233.28680419921875,239.1189743041992,230.95393615722656,233.28680419921875,323500,0.0,0.0
2001-03-02 00:00:00+09:00,233.28666491386215,234.45309823843147,227.4544982910156,227.45449829101562,238000,0.0,0.0
2001-03-05 00:00:00+09:00,227.4544982910156,232.12023158929284,227.4544982910156,227.45449829101562,141000,0.0,0.0
2001-03-06 00:00:00+09:00,230.95390947216055,232.12034335838356,227.45460781349144,229.7874755859375,154500,0.0,0.0
2001-03-07 00:00:00+09:00,234.45321113082963,235.61964501705268,228.62104169971448,229.7874755859375,271500,0.0,0.0
2001-03-08 00:00:00+09:00,233.28680419921875,234.45323822021484,232.12037017822266,233.28680419921875,163000,0.0,0.0
2001-03-09 00:00:00+09:00,234.4531211159446,261.28109019886364,234.4531211159446,256.6153564453125,2927000,0.0,0.0
2001-03-12 00:00:00+09:00,251.9496198381696,251.9496198381696,242.61815243675593,244.95101928710938,738500,0.0,0.0
2001-03-13 00:00:00+09:00,227.45462542203202,236.78609723421798,226.2881914455088,232.120361328125,643000,0.0,0.0
2001-03-14 00:00:00+09:00,232.120361328125,232.120361328125,232.120361328125,232.120361328125,0,0.0,0.0
2001-03-15 00:00:00+09:00,220.4560299682617,233.28680419921875,218.12316192626952,233.28680419921875,305500,0.0,0.0
2001-03-16 00:00:00+09:00,233.28680419921875,236.78610626220703,228.62106811523438,233.28680419921875,254500,0.0,0.0
2001-03-19 00:00:00+09:00,233.28677022398398,240.2853733307035,233.28677022398398,236.78607177734375,173500,0.0,0.0
2001-03-20 00:00:00+09:00,236.78607177734375,236.78607177734375,236.78607177734375,236.78607177734375,0,0.0,0.0
2001-03-21 00:00:00+09:00,240.28535120019083,255.44898986816403,239.11891745650058,255.44898986816406,577500,0.0,0.0
2001-03-22 00:00:00+09:00,250.78325489340307,258.9482910992348,248.45038740602257,255.44898986816406,827000,0.0,0.0
2001-03-23 00:00:00+09:00,256.6154451982691,257.7818790400794,250.7832759892175,254.28257751464844,341500,0.0,0.0
2001-03-26 00:00:00+09:00,256.61537514076576,258.9482421875,250.78320752393017,258.9482421875,357000,0.0,0.0
2001-03-27 00:00:00+09:00,260.11469432285855,262.44756153651645,256.61539350237166,261.2811279296875,617000,0.0,0.0
2001-03-28 00:00:00+09:00,284.60980788799895,297.44057791573664,276.4447724158023,277.6112060546875,3322500,0.0,0.0
2001-03-29 00:00:00+09:00,275.2783747901601,289.2755802879649,268.27977204125773,282.2769775390625,1769500,0.0,0.0
2001-03-30 00:00:00+09:00,277.61117091323393,284.6097718606264,269.4461364746094,269.4461364746094,837000,0.0,0.0
2001-04-02 00:00:00+09:00,277.6112095424107,290.44197973134567,272.94547492825257,285.7762451171875,1240000,0.0,0.0
2001-04-03 00:00:00+09:00,297.44058885538885,314.93709408217643,295.1077214918172,313.7706604003906,6301500,0.0,0.0
2001-04-04 00:00:00+09:00,312.6042476077731,326.6014527245391,309.10494632858166,324.2685852050781,4440000,0.0,0.0
2001-04-05 00:00:00+09:00,326.6014248934659,328.9342922141335,318.43638927112926,320.7692565917969,2466000,0.0,0.0
2001-04-06 00:00:00+09:00,325.434936293982,325.434936293982,309.10486780611194,310.27130126953125,1299000,0.0,0.0
2001-04-09 00:00:00+09:00,303.27278167126224,304.4392154469209,295.10774524165134,297.44061279296875,787000,0.0,0.0
2001-04-10 00:00:00+09:00,302.106308445786,317.26994554924244,299.7734411991004,307.9384765625,1075500,0.0,0.0
2001-04-11 00:00:00+09:00,316.10356761791087,317.27000144675924,307.9385308159722,314.9371337890625,574000,0.0,0.0
2001-04-12 00:00:00+09:00,314.9370351232084,314.9370351232084,305.60556741585407,310.27130126953125,350500,0.0,0.0
2001-04-13 00:00:00+09:00,310.27128965463214,317.26989017315765,306.77198939536936,312.6041564941406,764000,0.0,0.0
2001-04-16 00:00:00+09:00,309.10486780611194,317.269902050047,309.10486780611194,310.27130126953125,322000,0.0,0.0
2001-04-17 00:00:00+09:00,309.10491943359375,310.2713530918337,304.4391848006338,309.10491943359375,287000,0.0,0.0
2001-04-18 00:00:00+09:00,303.2727511423939,309.10491943359375,303.2727511423939,309.10491943359375,350500,0.0,0.0
2001-04-19 00:00:00+09:00,309.1049346923828,312.60423583984374,303.27276611328125,303.27276611328125,498000,0.0,0.0
2001-04-20 00:00:00+09:00,302.1062927246094,306.7720269751825,295.10769134874965,302.1062927246094,487000,0.0,0.0
2001-04-23 00:00:00+09:00,299.7734467262445,303.27274766079216,296.2741457916969,300.93988037109375,344500,0.0,0.0
2001-04-24 00:00:00+09:00,302.1062931574828,328.93426513671875,297.4405589002244,328.93426513671875,2329000,0.0,0.0
2001-04-25 00:00:00+09:00,328.93436775626714,328.93436775626714,314.9371606177026,318.43646240234375,1032000,0.0,0.0
2001-04-26 00:00:00+09:00,328.93436775626714,328.93436775626714,314.9371606177026,318.43646240234375,1032000,0.0,0.0
2001-04-27 00:00:00+09:00,325.4349912331321,325.4349912331321,316.10352195046164,320.7692565917969,644500,0.0,0.0
2001-04-30 00:00:00+09:00,320.7692565917969,320.7692565917969,320.7692565917969,320.7692565917969,0,0.0,0.0
2001-05-01 00:00:00+09:00,323.1021661657326,330.10076904296875,318.4364309142419,330.10076904296875,1084000,0.0,0.0
2001-05-02 00:00:00+09:00,331.2672028558414,332.4336366687141,323.1021661657326,330.10076904296875,1204000,0.0,0.0
2001-05-03 00:00:00+09:00,330.10076904296875,330.10076904296875,330.10076904296875,330.10076904296875,0,0.0,0.0
2001-05-04 00:00:00+09:00,330.10076904296875,330.10076904296875,330.10076904296875,330.10076904296875,0,0.0,0.0
2001-05-07 00:00:00+09:00,328.9342922141335,330.10072587446734,320.7692565917969,320.7692565917969,4300,0.0,0.0
2001-05-08 00:00:00+09:00,320.76933025877116,321.93576418698484,312.60429276127513,318.43646240234375,6500,0.0,0.0
2001-05-09 00:00:00+09:00,303.27276908503046,311.43780517578125,302.1063353577803,311.43780517578125,4350,0.0,0.0
2001-05-10 00:00:00+09:00,311.4377896840336,313.77065702249075,304.43918766866204,305.6056213378906,2300,0.0,0.0
2001-05-11 00:00:00+09:00,305.60568057789527,317.27001953125,303.27281278722427,317.27001953125,5650,0.0,0.0
2001-05-14 00:00:00+09:00,311.4377612257556,313.77062835104215,302.1062927246094,302.1062927246094,3400,0.0,0.0
2001-05-15 00:00:00+09:00,298.6069920366795,305.6055934125392,297.4405584740362,302.1062927246094,511000,0.0,0.0
2001-05-16 00:00:00+09:00,304.43916796875004,304.43916796875004,290.44196484375004,291.6083984375,392000,0.0,0.0
2001-05-17 00:00:00+09:00,292.774838545191,298.6070066437008,290.4419713057871,296.2741394042969,590000,0.0,0.0
2001-05-18 00:00:00+09:00,298.6069504310345,306.7719842318831,296.274083630792,304.4391174316406,419000,0.0,0.0
2001-05-21 00:00:00+09:00,292.77488090878444,298.6070498511905,292.77488090878444,293.9413146972656,345000,0.0,0.0
2001-05-22 00:00:00+09:00,296.2742205363948,298.6070884146341,286.9427490234375,286.9427490234375,392000,0.0,0.0
2001-05-23 00:00:00+09:00,284.60988114519813,286.9427490234375,281.11057932783916,286.9427490234375,372500,0.0,0.0
2001-05-24 00:00:00+09:00,286.9426722862909,286.9426722862909,279.9440705232106,281.1105041503906,263500,0.0,0.0
2001-05-25 00:00:00+09:00,282.2769284566243,284.6097956339518,278.7776276906331,279.9440612792969,311500,0.0,0.0
2001-05-28 00:00:00+09:00,278.77769342498107,278.77769342498107,264.7804870605469,264.7804870605469,538000,0.0,0.0
2001-05-29 00:00:00+09:00,264.7804025096811,271.77900345707354,264.7804025096811,269.4461364746094,529500,0.0,0.0
2001-05-30 00:00:00+09:00,269.44616317749023,269.44616317749023,261.2811279296875,261.2811279296875,690000,0.0,0.0
2001-05-31 00:00:00+09:00,258.9482910992348,258.9482910992348,250.78325489340307,255.44898986816406,700000,0.0,0.0
2001-06-01 00:00:00+09:00,256.61539350237166,263.6139951433454,256.61539350237166,261.2811279296875,638000,0.0,0.0
2001-06-04 00:00:00+09:00,263.61398470603814,275.2783203125,256.615383342161,275.2783203125,671500,0.0,0.0
2001-06-05 00:00:00+09:00,279.9440330795095,282.27690002183874,267.11326489669864,276.4447326660156,729000,0.0,0.0
2001-06-06 00:00:00+09:00,282.27690002183874,283.44333349300337,272.94543225252175,276.4447326660156,408500,0.0,0.0
2001-06-07 00:00:00+09:00,276.44472104635196,279.9440213127615,270.61255393566944,278.777587890625,285000,0.0,0.0
2001-06-08 00:00:00+09:00,279.9440354567308,288.10906982421875,278.777601975661,288.10906982421875,667000,0.0,0.0
2001-06-11 00:00:00+09:00,284.60980503193076,286.9426722862909,281.1105041503906,281.1105041503906,294500,0.0,0.0
2001-06-12 00:00:00+09:00,276.4448185867506,279.9441200878487,271.7790832519531,271.7790832519531,325000,0.0,0.0
2001-06-13 00:00:00+09:00,271.7790351329503,284.60980503193076,269.4461678785902,281.1105041503906,262000,0.0,0.0
2001-06-14 00:00:00+09:00,282.2769377775707,286.9426722862909,274.1119023873104,281.1105041503906,356000,0.0,0.0
2001-06-15 00:00:00+09:00,281.1105041503906,286.9426722862909,274.1119023873104,281.1105041503906,391000,0.0,0.0
2001-06-18 00:00:00+09:00,278.7775996083449,283.44333349300337,272.94543225252175,276.4447326660156,190000,0.0,0.0
2001-06-19 00:00:00+09:00,281.1105041503906,285.77623865911085,277.6112032688505,281.1105041503906,245500,0.0,0.0
2001-06-20 00:00:00+09:00,276.44486759266954,277.611301633145,270.61269739029257,274.11199951171875,157000,0.0,0.0
2001-06-21 00:00:00+09:00,275.2783747901601,282.2769775390625,263.6140368753228,282.2769775390625,414000,0.0,0.0
2001-06-22 00:00:00+09:00,278.77764319595025,285.7762451171875,276.44477588887116,285.7762451171875,467500,0.0,0.0
2001-06-25 00:00:00+09:00,286.94275279103977,289.27562069991,282.2770169732993,283.4434509277344,282000,0.0,0.0
2001-06-26 00:00:00+09:00,283.4434106009347,293.9413146972656,283.4434106009347,293.9413146972656,395500,0.0,0.0
2001-06-27 00:00:00+09:00,298.6070066437008,304.4391747422106,295.10770578459494,296.2741394042969,713500,0.0,0.0
2001-06-28 00:00:00+09:00,293.9412643432617,295.10769793192543,275.27832692464193,279.9440612792969,573500,0.0,0.0
2001-06-29 00:00:00+09:00,283.4434074850643,297.44061279296875,283.4434074850643,297.44061279296875,340500,0.0,0.0
2001-07-02 00:00:00+09:00,293.9412749393053,293.9412749393053,286.9426731550361,292.77484130859375,217500,0.0,0.0
2001-07-03 00:00:00+09:00,296.27418227422805,296.27418227422805,290.442013331822,293.9413146972656,351000,0.0,0.0
2001-07-04 00:00:00+09:00,299.77349401403353,317.27000144675924,296.2741925274884,314.9371337890625,2421000,0.0,0.0
2001-07-05 00:00:00+09:00,320.76933025877116,324.2686320434123,311.43785883306145,318.43646240234375,3127000,0.0,0.0
2001-07-06 00:00:00+09:00,313.77070550848964,320.76930860533326,309.1049701105939,319.6028747558594,1636500,0.0,0.0
2001-07-09 00:00:00+09:00,307.93846053782573,309.10489410046904,298.6069920366795,302.1062927246094,457000,0.0,0.0
2001-07-10 00:00:00+09:00,307.9385285468156,307.9385285468156,303.2727932658032,306.7720947265625,253500,0.0,0.0
2001-07-11 00:00:00+09:00,297.44062185287476,300.939923286438,295.10775423049927,298.6070556640625,253500,0.0,0.0
2001-07-12 00:00:00+09:00,300.9398986816406,303.27276611328125,295.10773010253905,303.27276611328125,194500,0.0,0.0
2001-07-13 00:00:00+09:00,307.93852615356445,309.1049599647522,298.6070556640625,298.6070556640625,169500,0.0,0.0
2001-07-16 00:00:00+09:00,298.60701308139534,303.27274766079216,295.10771214684775,300.93988037109375,252000,0.0,0.0
2001-07-17 00:00:00+09:00,303.27275399943346,313.77065702249075,300.93988666097624,305.6056213378906,1174000,0.0,0.0
2001-07-18 00:00:00+09:00,305.60560156250006,305.60560156250006,291.6083984375,291.6083984375,470000,0.0,0.0
2001-07-19 00:00:00+09:00,285.77627243534215,291.6084412605532,284.6098386702999,289.27557373046875,192500,0.0,0.0
2001-07-20 00:00:00+09:00,289.27557373046875,289.27557373046875,289.27557373046875,289.27557373046875,0,0.0,0.0
2001-07-23 00:00:00+09:00,285.7761953602666,289.2754957116168,268.2796936035156,268.2796936035156,343000,0.0,0.0
2001-07-24 00:00:00+09:00,262.4476193331412,268.27978865165545,257.7818838783298,264.7804870605469,871000,0.0,0.0
2001-07-25 00:00:00+09:00,262.44757706421433,268.2797454434191,262.44757706421433,267.1133117675781,884000,0.0,0.0
2001-07-26 00:00:00+09:00,269.4461318390279,276.4447326660156,268.27969836786326,276.4447326660156,287500,0.0,0.0
2001-07-27 00:00:00+09:00,278.77764319595025,291.6084133848852,275.2783422353316,285.7762451171875,538000,0.0,0.0
2001-07-30 00:00:00+09:00,285.77629714715675,289.2755987448771,276.44482621990267,284.60986328125,461000,0.0,0.0
2001-07-31 00:00:00+09:00,278.7776396935728,279.944073332458,274.1119051380318,277.6112060546875,332000,0.0,0.0
2001-08-01 00:00:00+09:00,283.44335422745667,293.941256235881,275.27831933201554,290.44195556640625,802000,0.0,0.0
2001-08-02 00:00:00+09:00,295.10773010253905,306.7720672607422,295.10773010253905,303.27276611328125,779000,0.0,0.0
2001-08-03 00:00:00+09:00,309.1048510321255,311.437717832368,304.4391174316406,304.4391174316406,609500,0.0,0.0
2001-08-06 00:00:00+09:00,304.4391792550738,316.10351562499994,303.27274561808116,316.103515625,1141000,0.0,0.0
2001-08-07 00:00:00+09:00,313.770654629794,323.1021239124645,311.4377873091264,320.7692565917969,1445500,0.0,0.0
2001-08-08 00:00:00+09:00,325.4349912331321,327.7678585537997,317.2699556107955,320.7692565917969,1638500,0.0,0.0
2001-08-09 00:00:00+09:00,314.93709408217643,323.10212985467734,310.2713593550331,313.7706604003906,695500,0.0,0.0
2001-08-10 00:00:00+09:00,313.77058991389487,314.93702333364917,305.6055559756151,312.6041564941406,425500,0.0,0.0
2001-08-13 00:00:00+09:00,312.6042661313657,320.76930293330435,309.1049646448206,314.9371337890625,348000,0.0,0.0
2001-08-14 00:00:00+09:00,316.10353099436,323.1021331565968,314.9370973006539,321.9356994628906,496000,0.0,0.0
2001-08-15 00:00:00+09:00,325.4350533681373,340.59869384765625,323.10218560205743,340.59869384765625,3304000,0.0,0.0
2001-08-16 00:00:00+09:00,338.2658260815764,346.43086326285584,337.09939219853646,340.59869384765625,3486500,0.0,0.0
2001-08-17 00:00:00+09:00,339.4322113037109,340.5986450195312,335.93291015625,338.2657775878906,895500,0.0,0.0
2001-08-20 00:00:00+09:00,331.2672028558414,335.9329381073321,326.60146760435066,330.10076904296875,367500,0.0,0.0
2001-08-21 00:00:00+09:00,326.6014854029605,334.7665225380345,326.6014854029605,332.43365478515625,681000,0.0,0.0
2001-08-22 00:00:00+09:00,332.4336317473767,356.9287414550781,332.4336317473767,356.9287414550781,3362500,0.0,0.0
2001-08-23 00:00:00+09:00,373.25870198049364,381.423736086317,365.09366787467036,366.2601013183594,5561500,0.0,0.0
2001-08-24 00:00:00+09:00,366.2601774641611,367.4266111503527,358.09514166081993,360.4280090332031,1268500,0.0,0.0
2001-08-27 00:00:00+09:00,365.09378619750595,375.5916905929614,365.09378619750595,369.759521484375,1560000,0.0,0.0
2001-08-28 00:00:00+09:00,373.25866500407164,374.42509833220936,356.92859841014354,358.09503173828125,1063500,0.0,0.0
2001-08-29 00:00:00+09:00,348.7636715582085,359.261574715479,335.93290103265565,337.0993347167969,1743500,0.0,0.0
2001-08-30 00:00:00+09:00,325.43504400322905,330.1007794011248,313.77070550848964,319.6028747558594,1701000,0.0,0.0
2001-08-31 00:00:00+09:00,312.6042270455309,327.76786492460514,309.10492599651377,325.43499755859375,1279000,0.0,0.0
2001-09-03 00:00:00+09:00,330.1007192689114,335.9328874538745,314.9370819880074,316.103515625,889000,0.0,0.0
2001-09-04 00:00:00+09:00,314.9370819880074,318.4363828989852,302.10631198108854,316.103515625,1036000,0.0,0.0
2001-09-05 00:00:00+09:00,317.26994554924244,317.26994554924244,305.6056093158144,307.9384765625,657000,0.0,0.0
2001-09-06 00:00:00+09:00,306.7720969871238,318.4364352756076,306.7720969871238,314.9371337890625,523000,0.0,0.0
2001-09-07 00:00:00+09:00,312.6042389030314,312.6042389030314,304.43920281228054,311.43780517578125,729000,0.0,0.0
2001-09-10 00:00:00+09:00,305.60561124642055,309.10491213855516,291.6084076778822,292.77484130859375,630000,0.0,0.0
2001-09-11 00:00:00+09:00,289.27552998860676,291.6083971659342,278.7776276906331,279.9440612792969,862500,0.0,0.0
2001-09-12 00:00:00+09:00,239.11885486949575,267.1132573908026,239.11885486949575,256.6153564453125,1075000,0.0,0.0
2001-09-13 00:00:00+09:00,250.7832721271346,267.1133456609945,249.61683830328747,263.6140441894531,1069000,0.0,0.0
2001-09-14 00:00:00+09:00,272.94547149914655,281.1105069713432,268.2797369436056,277.6112060546875,803000,0.0,0.0
2001-09-17 00:00:00+09:00,262.44757706421433,271.779046470942,257.78184236085053,267.1133117675781,460000,0.0,0.0
2001-09-18 00:00:00+09:00,272.94556547124336,279.9441697140958,268.2798293093418,274.11199951171875,417000,0.0,0.0
2001-09-19 00:00:00+09:00,278.7775996083449,281.1104665506741,275.278299194851,276.4447326660156,412500,0.0,0.0
2001-09-20 00:00:00+09:00,275.27834451609647,275.27834451609647,268.2797425368737,270.61260986328125,372500,0.0,0.0
2001-09-21 00:00:00+09:00,264.7803932521654,269.4461270539657,263.61395980171534,268.2796936035156,402000,0.0,0.0
2001-09-24 00:00:00+09:00,268.2796936035156,268.2796936035156,268.2796936035156,268.2796936035156,0,0.0,0.0
2001-09-25 00:00:00+09:00,279.94404039884864,279.94404039884864,262.4475378739206,265.94683837890625,451500,0.0,0.0
2001-09-26 00:00:00+09:00,265.94683837890625,268.27970538222996,262.4475378739206,265.94683837890625,414500,0.0,0.0
2001-09-27 00:00:00+09:00,262.4475742208547,270.61260986328125,262.4475742208547,270.61260986328125,407500,0.0,0.0
2001-09-28 00:00:00+09:00,270.61260986328125,270.61260986328125,270.61260986328125,270.61260986328125,0,0.0,0.0
2001-10-01 00:00:00+09:00,274.11195848808916,288.1091648789703,271.77909075627565,284.60986328125,748000,0.0,0.0
2001-10-02 00:00:00+09:00,286.942678770727,290.44197973134567,281.11051050302933,285.7762451171875,854500,0.0,0.0
2001-10-03 00:00:00+09:00,296.27417632072206,297.44061008576426,289.27557373046875,289.27557373046875,626000,0.0,0.0
2001-10-04 00:00:00+09:00,291.6084412605532,295.1077425556798,288.10913996542655,289.27557373046875,324000,0.0,0.0
2001-10-05 00:00:00+09:00,290.44197973134567,290.44197973134567,284.60981146364793,285.7762451171875,278000,0.0,0.0
2001-10-08 00:00:00+09:00,285.7762451171875,285.7762451171875,285.7762451171875,285.7762451171875,0,0.0,0.0
2001-10-09 00:00:00+09:00,281.1104665506741,282.27690002183874,276.4447326660156,276.4447326660156,314000,0.0,0.0
2001-10-10 00:00:00+09:00,274.111854202079,284.6097550013075,269.44612051353295,278.777587890625,281000,0.0,0.0
2001-10-11 00:00:00+09:00,282.2769955494365,291.6084664766906,279.944127817623,284.60986328125,155500,0.0,0.0
2001-10-12 00:00:00+09:00,286.942678770727,291.6084133848852,277.6112095424107,285.7762451171875,264500,0.0,0.0
2001-10-15 00:00:00+09:00,281.11051050302933,288.1091124242666,281.11051050302933,285.7762451171875,134500,0.0,0.0
2001-10-16 00:00:00+09:00,288.10918674547486,288.10918674547486,282.2770169732993,283.4434509277344,218500,0.0,0.0
2001-10-17 00:00:00+09:00,281.1105069713432,282.2769406102285,274.1119051380318,277.6112060546875,335000,0.0,0.0
2001-10-18 00:00:00+09:00,271.779061863565,274.11192934737244,270.6126281216613,272.94549560546875,308500,0.0,0.0
2001-10-19 00:00:00+09:00,269.44621558455435,272.9455170856525,269.44621558455435,271.7790832519531,358500,0.0,0.0
2001-10-22 00:00:00+09:00,275.2783847530512,275.2783847530512,270.61264941825374,271.7790832519531,139500,0.0,0.0
2001-10-23 00:00:00+09:00,276.4448085816438,282.2769775390625,274.1119409986764,282.2769775390625,298500,0.0,0.0
2001-10-24 00:00:00+09:00,282.2769711402155,289.27557373046875,282.2769711402155,289.27557373046875,493000,0.0,0.0
2001-10-25 00:00:00+09:00,292.77482936693275,297.4405636994735,290.4419622006624,295.1076965332031,626500,0.0,0.0
2001-10-26 00:00:00+09:00,297.44061008576426,297.44061008576426,288.10913996542655,289.27557373046875,281500,0.0,0.0
2001-10-29 00:00:00+09:00,277.61116613718025,283.44333349300337,270.6125653101925,276.4447326660156,597500,0.0,0.0
2001-10-30 00:00:00+09:00,272.94543225252175,276.4447326660156,271.77899878135713,276.4447326660156,191500,0.0,0.0
2001-10-31 00:00:00+09:00,277.611301633145,278.7777356736204,274.11199951171875,274.11199951171875,166500,0.0,0.0
2001-11-01 00:00:00+09:00,278.7776455057079,281.1105128321155,270.61260986328125,270.61260986328125,271000,0.0,0.0
2001-11-02 00:00:00+09:00,272.94543938887745,276.4447398938631,264.78040487724434,265.94683837890625,396000,0.0,0.0
2001-11-05 00:00:00+09:00,263.61405319684405,267.1133547879526,262.4476193331412,264.7804870605469,269000,0.0,0.0
2001-11-06 00:00:00+09:00,265.9469118371474,268.27977948484164,262.44761036560595,263.6140441894531,296500,0.0,0.0
2001-11-07 00:00:00+09:00,265.94683600091315,269.4461364746094,263.61396901844904,269.4461364746094,256000,0.0,0.0
2001-11-08 00:00:00+09:00,267.11326015306554,268.2796936035156,263.61395980171534,268.2796936035156,150000,0.0,0.0
2001-11-09 00:00:00+09:00,268.2796936035156,268.2796936035156,268.2796936035156,268.2796936035156,0,0.0,0.0
2001-11-12 00:00:00+09:00,248.4503753083577,250.7832426821451,242.61820687388922,246.1175079345703,520000,0.0,0.0
2001-11-13 00:00:00+09:00,242.6182645222787,244.95113245037751,240.28539659417987,243.78469848632812,406000,0.0,0.0
2001-11-14 00:00:00+09:00,242.61826711683418,243.78470109335743,230.95392735160175,232.120361328125,906000,0.0,0.0
2001-11-15 00:00:00+09:00,229.78749337507853,232.120361328125,220.4560215628926,232.120361328125,857500,0.0,0.0
2001-11-16 00:00:00+09:00,227.45458660703719,236.78605682681305,223.95528527462122,230.95388793945312,584000,0.0,0.0
2001-11-19 00:00:00+09:00,230.95380204363568,243.78456882383765,230.95380204363568,239.11883544921875,222000,0.0,0.0
2001-11-20 00:00:00+09:00,248.45043434252577,248.45043434252577,243.7846984863281,243.78469848632812,286000,0.0,0.0
2001-11-21 00:00:00+09:00,244.95106823039504,250.78323652159492,243.78463457215506,247.283935546875,269000,0.0,0.0
2001-11-22 00:00:00+09:00,249.61686830657518,249.61686830657518,241.4518305582293,243.78469848632812,250500,0.0,0.0
2001-11-23 00:00:00+09:00,243.7846984863281,243.7846984863281,243.7846984863281,243.78469848632812,0,0.0,0.0
2001-11-26 00:00:00+09:00,246.11756641442693,247.28400037847635,240.28539659417987,243.78469848632812,424500,0.0,0.0
2001-11-27 00:00:00+09:00,240.2853733307035,242.61824103294333,236.78607177734375,236.78607177734375,459500,0.0,0.0
2001-11-28 00:00:00+09:00,234.4531707763672,239.11890551818544,228.62100234909437,234.4531707763672,544000,0.0,0.0
2001-11-29 00:00:00+09:00,233.28673693598532,233.28673693598532,228.62100219726562,228.62100219726562,254500,0.0,0.0
2001-11-30 00:00:00+09:00,228.6209316155849,229.78736494015422,227.4544982910156,227.45449829101562,381000,0.0,0.0
2001-12-03 00:00:00+09:00,229.7874801877945,230.9539140973772,218.12314109196737,220.4560089111328,540000,0.0,0.0
2001-12-04 00:00:00+09:00,215.79027154943446,216.95670544970167,212.2909698486328,212.2909698486328,509500,0.0,0.0
2001-12-05 00:00:00+09:00,216.95670544970167,218.12313934996888,211.1245359483656,212.2909698486328,558500,0.0,0.0
2001-12-06 00:00:00+09:00,214.6238250732422,219.28956040092135,214.6238250732422,214.6238250732422,514000,0.0,0.0
2001-12-07 00:00:00+09:00,218.12313934996888,218.12313934996888,211.1245359483656,212.2909698486328,461000,0.0,0.0
2001-12-10 00:00:00+09:00,211.1245445563779,211.1245445563779,198.2937711302997,199.460205078125,750000,0.0,0.0
2001-12-11 00:00:00+09:00,199.46020507812497,204.12594086942616,198.2937711302997,199.460205078125,490500,0.0,0.0
2001-12-12 00:00:00+09:00,199.46017990112304,209.9580841064453,198.29374610053168,209.9580841064453,383500,0.0,0.0
2001-12-13 00:00:00+09:00,206.45872140066965,208.7915883091518,199.4601206752232,204.1258544921875,313000,0.0,0.0
2001-12-14 00:00:00+09:00,197.12731229994031,209.9580841064453,194.7944446987576,209.9580841064453,677500,0.0,0.0
2001-12-17 00:00:00+09:00,208.79158310663132,208.79158310663132,195.9608154296875,195.9608154296875,441000,0.0,0.0
2001-12-18 00:00:00+09:00,197.12733971038995,201.79307556152344,195.96090574760657,201.79307556152344,586500,0.0,0.0
2001-12-19 00:00:00+09:00,201.79307556152344,201.79307556152344,197.12733971038995,201.79307556152344,475500,0.0,0.0
2001-12-20 00:00:00+09:00,201.79304470105117,208.791647407446,199.46017713225288,207.62521362304688,399000,0.0,0.0
2001-12-21 00:00:00+09:00,211.12447270573796,215.79020690917966,208.7916056040171,215.7902069091797,435500,0.0,0.0
2001-12-24 00:00:00+09:00,215.79020690917966,215.79020690917966,215.79020690917966,215.7902069091797,0,0.0,0.0
2001-12-25 00:00:00+09:00,215.79016733977753,215.79016733977753,206.19949323578743,212.19366455078125,259000,10.0,0.0
2001-12-26 00:00:00+09:00,212.19368638663454,212.19368638663454,207.39834884117388,208.59718322753906,72500,0.0,0.0
2001-12-27 00:00:00+09:00,208.5973011208646,215.7903115043427,206.19963099303857,214.5914764404297,202500,0.0,0.0
2001-12-28 00:00:00+09:00,208.59716176178495,214.59133307677877,206.19949323578743,212.19366455078125,154500,0.0,0.0
2001-12-31 00:00:00+09:00,212.19366455078125,212.19366455078125,212.19366455078125,212.19366455078125,0,0.0,0.0
2002-01-01 00:00:00+09:00,212.19366455078125,212.19366455078125,212.19366455078125,212.19366455078125,0,0.0,0.0
2002-01-02 00:00:00+09:00,212.19366455078125,212.19366455078125,212.19366455078125,212.19366455078125,0,0.0,0.0
2002-01-03 00:00:00+09:00,212.19366455078125,212.19366455078125,212.19366455078125,212.19366455078125,0,0.0,0.0
2002-01-04 00:00:00+09:00,214.59141794840494,215.79025268554688,212.1937484741211,215.79025268554688,82500,0.0,0.0
2002-01-07 00:00:00+09:00,218.18787462389147,221.7843780517578,216.98904014793604,221.7843780517578,174500,0.0,0.0
2002-01-08 00:00:00+09:00,221.78440522611814,221.78440522611814,213.39256286621097,213.39256286621094,203500,0.0,0.0
2002-01-09 00:00:00+09:00,216.98908742268878,219.38675689697266,213.392583211263,215.79025268554688,139000,0.0,0.0
2002-01-10 00:00:00+09:00,222.98321252771328,227.77855043153505,218.18787462389147,221.7843780517578,417500,0.0,0.0
2002-01-11 00:00:00+09:00,221.7843780517578,226.57971595557962,219.3867090998469,221.7843780517578,435500,0.0,0.0
2002-01-14 00:00:00+09:00,221.7843780517578,221.7843780517578,221.7843780517578,221.7843780517578,0,0.0,0.0
2002-01-15 00:00:00+09:00,205.00076770231212,213.39261199421964,205.00076770231212,207.3984375,239000,0.0,0.0
2002-01-16 00:00:00+09:00,207.3984018069262,207.3984018069262,201.40422834429825,205.000732421875,493000,0.0,0.0
2002-01-17 00:00:00+09:00,205.00074262449726,205.00074262449726,199.00656886354705,202.6030731201172,270500,0.0,0.0
2002-01-18 00:00:00+09:00,207.3984375,207.3984375,203.8019328034682,207.3984375,167000,0.0,0.0
2002-01-21 00:00:00+09:00,205.00068006844356,210.9948520002694,199.0065081366177,208.59718322753906,295000,0.0,0.0
2002-01-22 00:00:00+09:00,208.59718610491072,210.99485491071428,205.00068289620535,209.7960205078125,162000,0.0,0.0
2002-01-23 00:00:00+09:00,208.5972040349787,210.994873046875,203.80186601118606,210.994873046875,173000,0.0,0.0
2002-01-24 00:00:00+09:00,208.59716176178495,212.19366455078125,201.40415618379237,212.19366455078125,247000,0.0,0.0
2002-01-25 00:00:00+09:00,212.19377061187245,221.7844495095842,209.7961008874445,219.38677978515625,345500,0.0,0.0
2002-01-28 00:00:00+09:00,220.58561220273864,221.78444705166658,216.98910765595488,218.1879425048828,160500,0.0,0.0
2002-01-29 00:00:00+09:00,216.98910765595488,219.38677735381071,213.3926031091711,218.1879425048828,162500,0.0,0.0
2002-01-30 00:00:00+09:00,215.79025521462793,219.38675946820507,213.39258571224318,216.9890899658203,103500,0.0,0.0
2002-01-31 00:00:00+09:00,216.9890899658203,216.9890899658203,216.9890899658203,216.9890899658203,0,0.0,0.0
2002-02-01 00:00:00+09:00,216.98902692522321,216.98902692522321,207.3983517020089,209.7960205078125,107000,0.0,0.0
2002-02-04 00:00:00+09:00,207.39840440971906,208.59723911728972,203.8019002870072,206.19956970214844,75000,0.0,0.0
2002-02-05 00:00:00+09:00,203.80189772934943,206.1995671144006,202.60306303682384,205.000732421875,119000,0.0,0.0
2002-02-06 00:00:00+09:00,203.8019002870072,206.19956970214844,201.40423087186593,206.19956970214844,115500,0.0,0.0
2002-02-07 00:00:00+09:00,201.40419699928975,212.19370755282313,201.40419699928975,210.994873046875,104500,0.0,0.0
2002-02-08 00:00:00+09:00,213.39258571224318,220.58559421939742,212.1937509610508,216.9890899658203,384500,0.0,0.0
2002-02-11 00:00:00+09:00,216.9890899658203,216.9890899658203,216.9890899658203,216.9890899658203,0,0.0,0.0
2002-02-12 00:00:00+09:00,222.98323328354778,226.57973704618564,220.58556410845588,224.18206787109375,307000,0.0,0.0
2002-02-13 00:00:00+09:00,224.1820470036687,226.57971595557962,216.98904014793604,221.7843780517578,261000,0.0,0.0
2002-02-14 00:00:00+09:00,221.78439869600183,226.57973704618564,221.78439869600183,224.18206787109375,200000,0.0,0.0
2002-02-15 00:00:00+09:00,230.17628479003906,232.57395442326865,227.7786151568095,230.17628479003906,473500,0.0,0.0
2002-02-18 00:00:00+09:00,236.17037873220914,245.76105401067448,233.7727099125928,242.16455078125,538000,0.0,0.0
2002-02-19 00:00:00+09:00,246.95985107421876,246.95985107421876,230.17617187500002,233.77267456054688,523500,0.0,0.0
2002-02-20 00:00:00+09:00,231.37514888879022,242.16466360381153,231.37514888879022,237.36932373046875,369000,0.0,0.0
2002-02-21 00:00:00+09:00,242.164582325862,249.35758972167966,239.76691319392276,249.3575897216797,867000,0.0,0.0
2002-02-22 00:00:00+09:00,242.16456478690182,249.3575716617603,239.76689582861565,248.1587371826172,1014500,0.0,0.0
2002-02-25 00:00:00+09:00,249.357557240099,249.357557240099,239.76688196163366,242.16455078125,525500,0.0,0.0
2002-02-26 00:00:00+09:00,243.36349857214725,245.76116850881863,237.36932373046875,237.36932373046875,470500,0.0,0.0
2002-02-27 00:00:00+09:00,237.3692268703295,249.3575716617603,237.3692268703295,248.1587371826172,664500,0.0,0.0
2002-02-28 00:00:00+09:00,249.3575716617603,251.75524062004644,245.76106822433104,248.1587371826172,797000,0.0,0.0
2002-03-01 00:00:00+09:00,249.35754905523254,258.94822401889536,246.95988031431685,257.7493896484375,1380000,0.0,0.0
2002-03-04 00:00:00+09:00,263.7436651639198,266.14133484722817,261.34599548061146,262.5448303222656,1287000,0.0,0.0
2002-03-05 00:00:00+09:00,266.14124891493054,267.34008336950234,256.55057327835647,258.9482421875,661000,0.0,0.0
2002-03-06 00:00:00+09:00,257.7493896484375,263.74356150072674,254.15288653706395,257.7493896484375,413000,0.0,0.0
2002-03-07 00:00:00+09:00,260.14705838935316,260.14705838935316,255.35172090752178,257.7493896484375,409000,0.0,0.0
2002-03-08 00:00:00+09:00,254.1529205597199,267.3401004000827,254.1529205597199,266.1412658691406,783000,0.0,0.0
2002-03-11 00:00:00+09:00,268.53895301989905,269.73778763159504,263.74361457311517,267.3401184082031,547500,0.0,0.0
2002-03-12 00:00:00+09:00,269.7377522786458,269.7377522786458,257.74940773292826,258.9482421875,500500,0.0,0.0
2002-03-13 00:00:00+09:00,257.74941301576183,260.147081974048,248.15873718261722,248.1587371826172,473500,0.0,0.0
2002-03-14 00:00:00+09:00,248.15881829512747,252.9541577790913,248.15881829512747,250.55648803710938,295000,0.0,0.0
2002-03-15 00:00:00+09:00,251.75532290810034,255.3518275210732,250.55648803710938,250.55648803710938,332000,0.0,0.0
2002-03-18 00:00:00+09:00,252.9541577790913,255.3518275210732,249.35765316611844,250.55648803710938,290500,0.0,0.0
2002-03-19 00:00:00+09:00,250.55647769584476,252.95414733886722,250.55647769584476,252.9541473388672,236000,0.0,0.0
2002-03-20 00:00:00+09:00,256.55057853661873,256.55057853661873,248.15873718261722,248.1587371826172,439000,0.0,0.0
2002-03-21 00:00:00+09:00,248.15873718261722,248.15873718261722,248.15873718261722,248.1587371826172,0,0.0,0.0
2002-03-22 00:00:00+09:00,249.35762532552081,249.35762532552081,237.36927795410153,244.56228637695312,620500,0.0,0.0
2002-03-25 00:00:00+09:00,245.76111333287176,246.9599480320565,239.76693983694807,240.9657745361328,246500,0.0,0.0
2002-03-26 00:00:00+09:00,240.96575735147718,248.15876503361082,240.96575735147718,246.95993041992188,189000,0.0,0.0
2002-03-27 00:00:00+09:00,250.55639548613644,256.5505676269531,246.95989220164645,256.5505676269531,364000,0.0,0.0
2002-03-28 00:00:00+09:00,257.74947364375276,257.74947364375276,252.95413459921784,254.15296936035156,371000,0.0,0.0
2002-03-29 00:00:00+09:00,255.35176255152774,257.749431683467,249.35758972167966,249.3575897216797,264500,0.0,0.0
2002-04-01 00:00:00+09:00,256.55057853661873,256.55057853661873,245.76106822433104,248.1587371826172,192500,0.0,0.0
2002-04-02 00:00:00+09:00,248.15873209635419,260.1470766420718,244.56222873263889,258.9482421875,472000,0.0,0.0
2002-04-03 00:00:00+09:00,246.95997323131112,255.35181698188964,245.76113840979988,252.9541473388672,323500,0.0,0.0
2002-04-04 00:00:00+09:00,255.3518524169922,258.9483573806118,251.75534745337256,255.3518524169922,305500,0.0,0.0
2002-04-05 00:00:00+09:00,256.55055527797964,258.94822401889536,254.15288653706395,257.7493896484375,306000,0.0,0.0
2002-04-08 00:00:00+09:00,261.3460388183594,267.34021402061535,258.94836873745703,261.3460388183594,563500,0.0,0.0
2002-04-09 00:00:00+09:00,266.14124891493054,266.14124891493054,257.74940773292826,258.9482421875,396500,0.0,0.0
2002-04-10 00:00:00+09:00,257.7493896484375,257.7493896484375,254.15288653706395,257.7493896484375,183000,0.0,0.0
2002-04-11 00:00:00+09:00,258.9483573806118,260.147192368485,251.75534745337256,255.3518524169922,226000,0.0,0.0
2002-04-12 00:00:00+09:00,251.75529983808408,254.15296936035156,248.15879555468288,254.15296936035156,259500,0.0,0.0
2002-04-15 00:00:00+09:00,252.9540528796968,252.9540528796968,249.35754975818452,251.75521850585938,125500,0.0,0.0
2002-04-16 00:00:00+09:00,254.15302857565223,261.3460388183594,251.75535849474986,261.3460388183594,756000,0.0,0.0
2002-04-17 00:00:00+09:00,261.3460388183594,262.54487385881055,257.7495336970058,261.3460388183594,288000,0.0,0.0
2002-04-18 00:00:00+09:00,261.345892759811,261.345892759811,256.55055527797964,257.7493896484375,221500,0.0,0.0
2002-04-19 00:00:00+09:00,257.74940773292826,258.9482421875,255.35173882378473,258.9482421875,136500,0.0,0.0
2002-04-22 00:00:00+09:00,258.94836873745703,262.54487385881055,258.94836873745703,261.3460388183594,195000,0.0,0.0
2002-04-23 00:00:00+09:00,263.74371364778364,275.73206426813744,262.5448785857482,272.13555908203125,1426000,0.0,0.0
2002-04-24 00:00:00+09:00,275.73198436635784,276.9308190809942,269.73781079317615,270.9366455078125,636000,0.0,0.0
2002-04-25 00:00:00+09:00,273.3342730547931,273.3342730547931,264.94243133819856,266.1412658691406,313000,0.0,0.0
2002-04-26 00:00:00+09:00,269.7377821978401,272.135451372932,262.5447746725643,264.94244384765625,338000,0.0,0.0
2002-04-29 00:00:00+09:00,264.94244384765625,264.94244384765625,264.94244384765625,264.94244384765625,0,0.0,0.0
2002-04-30 00:00:00+09:00,262.5448273250035,269.73783629281183,262.5448273250035,268.53900146484375,275000,0.0,0.0
2002-05-01 00:00:00+09:00,273.33439414406666,274.533229206102,269.73788895796054,272.13555908203125,614500,0.0,0.0
2002-05-02 00:00:00+09:00,272.1354930284288,273.3343277994792,268.5389887152778,269.7378234863281,281000,0.0,0.0
2002-05-03 00:00:00+09:00,269.7378234863281,269.7378234863281,269.7378234863281,269.7378234863281,0,0.0,0.0
2002-05-06 00:00:00+09:00,269.7378234863281,269.7378234863281,269.7378234863281,269.7378234863281,0,0.0,0.0
2002-05-07 00:00:00+09:00,263.7434997558594,268.5388361150568,260.1469974864613,263.7434997558594,273000,0.0,0.0
2002-05-08 00:00:00+09:00,264.94244918481115,269.73778763159504,264.94244918481115,267.3401184082031,275500,0.0,0.0
2002-05-09 00:00:00+09:00,269.73781079317615,273.3343149370852,268.5389760785398,270.9366455078125,505500,0.0,0.0
2002-05-10 00:00:00+09:00,272.13550594874795,272.13550594874795,267.3401666368757,268.53900146484375,387000,0.0,0.0
2002-05-13 00:00:00+09:00,267.34015394422744,269.7378234863281,266.1413191731771,269.7378234863281,248500,0.0,0.0
2002-05-14 00:00:00+09:00,272.1354930284288,272.1354930284288,268.5389887152778,269.7378234863281,210000,0.0,0.0
2002-05-15 00:00:00+09:00,270.93659009431536,274.533093502647,268.5389211554276,273.3342590332031,425000,0.0,0.0
2002-05-16 00:00:00+09:00,273.3342948581862,275.7319641113281,269.7377909784732,275.7319641113281,456000,0.0,0.0
2002-05-17 00:00:00+09:00,275.73201715690385,281.7261914429235,275.73201715690385,279.3285217285156,755500,0.0,0.0
2002-05-20 00:00:00+09:00,284.1238025665283,291.3168102264404,282.92496795654296,287.7203063964844,1593500,0.0,0.0
2002-05-21 00:00:00+09:00,285.3225644693335,290.1179016873055,284.1237301648405,288.9190673828125,984000,0.0,0.0
2002-05-22 00:00:00+09:00,288.91913210961127,298.5098086941627,287.7202975365424,297.31097412109375,1073500,0.0,0.0
2002-05-23 00:00:00+09:00,299.70862373473153,305.70279620942614,296.1121202499147,302.1062927246094,1220500,0.0,0.0
2002-05-24 00:00:00+09:00,302.106338128811,302.106338128811,292.5156607278963,294.913330078125,636000,0.0,0.0
2002-05-27 00:00:00+09:00,294.9133734255421,299.70871283083545,293.71453857421875,293.71453857421875,393000,0.0,0.0
2002-05-28 00:00:00+09:00,296.1122033389998,296.1122033389998,288.9191943510079,291.3168640136719,284000,0.0,0.0
2002-05-29 00:00:00+09:00,287.7202330783195,290.1179016873055,285.3225644693335,288.9190673828125,299500,0.0,0.0
2002-05-30 00:00:00+09:00,287.720322027439,297.3109994283537,286.5214873523247,294.913330078125,452500,0.0,0.0
2002-05-31 00:00:00+09:00,298.509834103468,302.106338128811,294.913330078125,294.913330078125,429500,0.0,0.0
2002-06-03 00:00:00+09:00,294.91331876659024,310.4981689453125,294.91331876659024,310.4981689453125,1039500,0.0,0.0
2002-06-04 00:00:00+09:00,308.1005145287797,311.6970185894269,303.30517578125,303.30517578125,949500,0.0,0.0
2002-06-05 00:00:00+09:00,309.29930535263907,309.29930535263907,302.1062982514149,304.50396728515625,501000,0.0,0.0
2002-06-06 00:00:00+09:00,306.90171682098764,306.90171682098764,291.3168640136719,291.3168640136719,634000,0.0,0.0
2002-06-07 00:00:00+09:00,288.91913210961127,297.31097412109375,288.91913210961127,297.31097412109375,427000,0.0,0.0
2002-06-10 00:00:00+09:00,293.71453857421875,300.9075476821588,293.71453857421875,293.71453857421875,290500,0.0,0.0
2002-06-11 00:00:00+09:00,290.1179913776677,296.1121647532393,290.1179913776677,294.913330078125,304500,0.0,0.0
2002-06-12 00:00:00+09:00,291.3167609689625,291.3167609689625,285.3225889325641,286.52142333984375,314500,0.0,0.0
2002-06-13 00:00:00+09:00,287.7202842975485,290.1179533333614,276.9307736363904,278.1296081542969,404500,0.0,0.0
2002-06-14 00:00:00+09:00,284.12385422842846,284.12385422842846,267.3401666368757,268.53900146484375,715000,0.0,0.0
2002-06-17 00:00:00+09:00,268.5388361150568,270.93650429465555,261.34583157626065,263.7434997558594,431500,0.0,0.0
2002-06-18 00:00:00+09:00,268.5389760785398,270.9366455078125,266.14130664926716,270.9366455078125,406500,0.0,0.0
2002-06-19 00:00:00+09:00,268.5388361150568,269.73767020485616,262.54466566606004,263.7434997558594,377500,0.0,0.0
2002-06-20 00:00:00+09:00,256.55058962160405,267.3401004000827,255.35175509066195,266.1412658691406,504500,0.0,0.0
2002-06-21 00:00:00+09:00,257.7494241525461,266.1412658691406,257.7494241525461,266.1412658691406,323000,0.0,0.0
2002-06-24 00:00:00+09:00,257.7494909556489,263.7436651639198,256.5506561139947,262.5448303222656,274000,0.0,0.0
2002-06-25 00:00:00+09:00,263.743660219254,264.94249503843247,260.14715576171875,260.14715576171875,154500,0.0,0.0
2002-06-26 00:00:00+09:00,260.1471008154062,260.1471008154062,249.35758972167966,249.3575897216797,199000,0.0,0.0
2002-06-27 00:00:00+09:00,252.9541295369466,256.5506337483724,243.3634516398112,244.56228637695312,564500,0.0,0.0
2002-06-28 00:00:00+09:00,251.75535849474986,261.3460388183594,249.35768841384748,261.3460388183594,397000,0.0,0.0
2002-07-01 00:00:00+09:00,261.3459677907218,270.9366455078125,261.3459677907218,270.9366455078125,583500,0.0,0.0
2002-07-02 00:00:00+09:00,264.94244918481115,272.135456854987,263.74361457311517,267.3401184082031,388500,0.0,0.0
2002-07-03 00:00:00+09:00,264.94250344206847,280.5273565857196,264.94250344206847,279.3285217285156,415500,0.0,0.0
2002-07-04 00:00:00+09:00,278.12966688368056,279.3285016547309,269.7378234863281,269.7378234863281,376500,0.0,0.0
2002-07-05 00:00:00+09:00,270.9366431298194,278.12965135450486,270.9366431298194,276.9308166503906,333500,0.0,0.0
2002-07-08 00:00:00+09:00,282.92499265417587,282.92499265417587,270.9366455078125,270.9366455078125,157500,0.0,0.0
2002-07-09 00:00:00+09:00,270.93663804499863,275.7319767714588,269.7378033633836,274.53314208984375,241500,0.0,0.0
2002-07-10 00:00:00+09:00,274.533093502647,276.93076244153474,270.93659009431536,273.3342590332031,137000,0.0,0.0
2002-07-11 00:00:00+09:00,268.53900453053654,269.7378393721907,261.34599548061146,262.5448303222656,305000,0.0,0.0
2002-07-12 00:00:00+09:00,263.743660219254,267.34016467678936,260.14715576171875,260.14715576171875,138500,0.0,0.0
2002-07-15 00:00:00+09:00,260.1471431660202,260.1471431660202,254.15296936035156,254.15296936035156,143000,0.0,0.0
2002-07-16 00:00:00+09:00,252.95414733886722,255.35181698188964,251.755312517356,252.9541473388672,135500,0.0,0.0
2002-07-17 00:00:00+09:00,252.9541577790913,254.15299265008224,248.15881829512747,250.55648803710938,161000,0.0,0.0
2002-07-18 00:00:00+09:00,252.95407305265726,273.3342590332031,252.95407305265726,273.3342590332031,229500,0.0,0.0
2002-07-19 00:00:00+09:00,261.3460273563582,261.3460273563582,255.3518524169922,255.3518524169922,195500,0.0,0.0
2002-07-22 00:00:00+09:00,245.76105777348312,256.5505676269531,245.76105777348312,256.5505676269531,140500,0.0,0.0
2002-07-23 00:00:00+09:00,249.35763031581664,256.550638882619,249.35763031581664,254.15296936035156,135000,0.0,0.0
2002-07-24 00:00:00+09:00,251.75526887467765,255.35177271574446,246.95993041992188,246.95993041992188,151000,0.0,0.0
2002-07-25 00:00:00+09:00,258.94822474888394,258.94822474888394,251.75521850585938,251.75521850585938,205000,0.0,0.0
2002-07-26 00:00:00+09:00,250.55633820324408,251.7551723573266,245.76100158691406,245.76100158691406,216500,0.0,0.0
2002-07-29 00:00:00+09:00,248.15876503361082,251.75526887467765,246.95993041992188,246.95993041992188,175500,0.0,0.0
2002-07-30 00:00:00+09:00,251.75522991429978,256.5505676269531,251.75522991429978,256.5505676269531,147000,0.0,0.0
2002-07-31 00:00:00+09:00,255.35176255152774,256.5505971174974,249.35758972167966,249.3575897216797,186000,0.0,0.0
2002-08-01 00:00:00+09:00,254.15292798555814,254.15292798555814,249.35758972167966,249.3575897216797,80000,0.0,0.0
2002-08-02 00:00:00+09:00,248.15873718261722,251.75524062004644,246.9599027034741,248.1587371826172,129500,0.0,0.0
2002-08-05 00:00:00+09:00,249.35754975818452,252.9540528796968,246.9598810105097,251.75521850585938,178000,0.0,0.0
2002-08-06 00:00:00+09:00,249.35758972167966,251.7552588536189,246.95992058974045,249.3575897216797,198000,0.0,0.0
2002-08-07 00:00:00+09:00,252.95414733886722,255.35181698188964,251.755312517356,252.9541473388672,135500,0.0,0.0
2002-08-08 00:00:00+09:00,252.95414733886722,256.55065180340085,250.55647769584476,252.9541473388672,151000,0.0,0.0
2002-08-09 00:00:00+09:00,262.54466566606004,267.34000202525743,257.7493293068626,263.7434997558594,429500,0.0,0.0
2002-08-12 00:00:00+09:00,261.345892759811,261.345892759811,257.7493896484375,257.7493896484375,109000,0.0,0.0
2002-08-13 00:00:00+09:00,256.5506874048654,256.5506874048654,251.75534745337256,255.3518524169922,103000,0.0,0.0
2002-08-14 00:00:00+09:00,252.9540934195885,252.9540934195885,248.15875515571005,249.3575897216797,216500,0.0,0.0
2002-08-15 00:00:00+09:00,249.35754975818452,252.9540528796968,249.35754975818452,251.75521850585938,109500,0.0,0.0
2002-08-16 00:00:00+09:00,251.7552588536189,251.7552588536189,246.95992058974045,249.3575897216797,153500,0.0,0.0
2002-08-19 00:00:00+09:00,246.95983574099657,251.7551723573266,245.76100158691406,245.76100158691406,251000,0.0,0.0
2002-08-20 00:00:00+09:00,246.95992230194543,249.357591450508,243.36341857910156,243.36341857910156,147500,0.0,0.0
2002-08-21 00:00:00+09:00,245.76108772766415,245.76108772766415,242.16458400482028,243.36341857910156,135000,0.0,0.0
2002-08-22 00:00:00+09:00,244.56216743283156,249.35750404916158,240.96566497058402,245.76100158691406,243500,0.0,0.0
2002-08-23 00:00:00+09:00,245.76100158691406,245.76100158691406,245.76100158691406,245.76100158691406,0,0.0,0.0
2002-08-26 00:00:00+09:00,246.9599834241365,250.55648803710938,246.9599834241365,250.55648803710938,115000,0.0,0.0
2002-08-27 00:00:00+09:00,249.35758972167966,251.7552588536189,248.15875515571005,249.3575897216797,120500,0.0,0.0
2002-08-28 00:00:00+09:00,249.35758972167966,250.5564242876493,248.15875515571005,249.3575897216797,137500,0.0,0.0
2002-08-29 00:00:00+09:00,245.76111333287176,248.15878273124125,240.96577453613278,240.9657745361328,124000,0.0,0.0
2002-08-30 00:00:00+09:00,239.7668308165015,245.76100158691406,239.7668308165015,245.76100158691406,208000,0.0,0.0
2002-09-02 00:00:00+09:00,240.96577453613278,243.36344393450227,240.96577453613278,240.9657745361328,72000,0.0,0.0
2002-09-03 00:00:00+09:00,240.96567993164064,242.16451416015627,232.57384033203127,233.77267456054688,236000,0.0,0.0
2002-09-04 00:00:00+09:00,221.7843808409988,227.77855329616094,221.7843808409988,222.98321533203125,310500,0.0,0.0
2002-09-05 00:00:00+09:00,224.18211070696515,231.37511960665387,224.18211070696515,230.17628479003906,194000,0.0,0.0
2002-09-06 00:00:00+09:00,224.18204853796834,228.97738647460938,222.98321405380807,228.97738647460938,134000,0.0,0.0
2002-09-09 00:00:00+09:00,231.37506920950756,234.9715728759766,231.37506920950756,234.97157287597656,140500,0.0,0.0
2002-09-10 00:00:00+09:00,237.3693214067953,238.56815636339527,234.97165149359535,236.1704864501953,150500,0.0,0.0
2002-09-11 00:00:00+09:00,234.97165379379734,237.36932373046875,232.57398385712594,237.36932373046875,90000,0.0,0.0
2002-09-12 00:00:00+09:00,231.37504860789505,236.17038640287734,231.37504860789505,232.57388305664062,73000,0.0,0.0
2002-09-13 00:00:00+09:00,224.18204191542162,232.57388305664062,224.18204191542162,232.57388305664062,260000,0.0,0.0
2002-09-16 00:00:00+09:00,232.57388305664062,232.57388305664062,232.57388305664062,232.57388305664062,0,0.0,0.0
2002-09-17 00:00:00+09:00,232.5739414847676,238.568115234375,231.3751067348461,238.568115234375,134500,0.0,0.0
2002-09-18 00:00:00+09:00,237.36928048445353,238.568115234375,232.5739414847676,238.568115234375,123500,0.0,0.0
2002-09-19 00:00:00+09:00,242.164582325862,252.9540934195885,242.164582325862,249.3575897216797,477500,0.0,0.0
2002-09-20 00:00:00+09:00,239.7669474283854,246.95995585123697,238.56811269124347,244.56228637695312,202000,0.0,0.0
2002-09-23 00:00:00+09:00,244.5622863769531,244.5622863769531,244.5622863769531,244.56228637695312,0,0.0,0.0
2002-09-24 00:00:00+09:00,239.766845703125,242.16451416015627,232.57384033203127,233.77267456054688,173000,0.0,0.0
2002-09-25 00:00:00+09:00,237.36932373046875,239.76699366714013,233.77281882546163,237.36932373046875,165500,0.0,0.0
2002-09-26 00:00:00+09:00,240.96573030775875,249.3575716617603,238.56806134947257,248.1587371826172,317500,0.0,0.0
2002-09-27 00:00:00+09:00,254.15302857565223,262.54487385881055,252.95419353520106,261.3460388183594,737000,0.0,0.0
2002-09-30 00:00:00+09:00,256.55065180340085,256.55065180340085,250.55647769584476,252.9541473388672,251500,0.0,0.0
2002-10-01 00:00:00+09:00,255.35172162737166,255.35172162737166,248.15871538434712,251.75521850585938,228000,0.0,0.0
2002-10-02 00:00:00+09:00,257.7493903750465,258.94822474888394,251.75521850585938,251.75521850585938,238500,0.0,0.0
2002-10-03 00:00:00+09:00,250.5564342609887,252.9541034883666,245.76109580623293,246.95993041992188,354500,0.0,0.0
2002-10-04 00:00:00+09:00,239.76694998429647,242.16461948413945,234.97161098461055,238.568115234375,387500,0.0,0.0
2002-10-07 00:00:00+09:00,234.9715180866459,234.9715180866459,228.97734670688453,231.37501525878906,196000,0.0,0.0
2002-10-08 00:00:00+09:00,228.97738647460938,231.3750554429299,226.57971750628886,228.97738647460938,366500,0.0,0.0
2002-10-09 00:00:00+09:00,228.97745868286802,228.97745868286802,219.38677978515625,219.38677978515625,328500,0.0,0.0
2002-10-10 00:00:00+09:00,210.99493574965848,219.38677978515625,207.39843116301657,219.38677978515625,472500,0.0,0.0
2002-10-11 00:00:00+09:00,225.38093058268228,226.57976531982422,213.392583211263,215.79025268554688,314500,0.0,0.0
2002-10-14 00:00:00+09:00,215.79025268554688,215.79025268554688,215.79025268554688,215.79025268554688,0,0.0,0.0
2002-10-15 00:00:00+09:00,221.7843780517578,221.7843780517578,214.59137119602514,221.7843780517578,428500,0.0,0.0
2002-10-16 00:00:00+09:00,224.18211923401213,226.57978895844008,216.9891100607283,219.38677978515625,553500,0.0,0.0
2002-10-17 00:00:00+09:00,219.38673666249153,224.1820751687755,219.38673666249153,220.5855712890625,180500,0.0,0.0
2002-10-18 00:00:00+09:00,222.9833009418688,230.17631064967105,222.9833009418688,227.7786407470703,184000,0.0,0.0
2002-10-21 00:00:00+09:00,226.57967815497997,232.57384953474136,224.18200960307541,231.37501525878906,227500,0.0,0.0
2002-10-22 00:00:00+09:00,232.57388833535686,232.57388833535686,221.7843780517578,221.7843780517578,202000,0.0,0.0
2002-10-23 00:00:00+09:00,222.98321533203125,224.18204982306366,218.18787736790154,222.98321533203125,205000,0.0,0.0
2002-10-24 00:00:00+09:00,222.9832405422045,224.1820751687755,219.38673666249153,220.5855712890625,194500,0.0,0.0
2002-10-25 00:00:00+09:00,222.98327589035034,231.37511960665387,222.98327589035034,230.17628479003906,380500,0.0,0.0
2002-10-28 00:00:00+09:00,226.57981872558594,227.77865374529804,220.58564362702546,226.57981872558594,167000,0.0,0.0
2002-10-29 00:00:00+09:00,227.77854526165834,234.97155195413177,226.57971081291277,232.57388305664062,314500,0.0,0.0
2002-10-30 00:00:00+09:00,233.77281653699538,236.17048645019534,222.9833019275956,236.1704864501953,209000,0.0,0.0
2002-10-31 00:00:00+09:00,236.17035236259818,237.36918663855045,230.1761809828368,231.37501525878906,121000,0.0,0.0
2002-11-01 00:00:00+09:00,225.3808763641672,232.57388305664062,225.3808763641672,232.57388305664062,131500,0.0,0.0
2002-11-04 00:00:00+09:00,232.57388305664062,232.57388305664062,232.57388305664062,232.57388305664062,0,0.0,0.0
2002-11-05 00:00:00+09:00,233.77281653699538,236.17048645019534,232.5739815803954,236.1704864501953,123000,0.0,0.0
2002-11-06 00:00:00+09:00,236.17048645019534,239.76699131999527,234.97165149359535,236.1704864501953,147000,0.0,0.0
2002-11-07 00:00:00+09:00,234.97165149359535,236.17048645019534,231.37514662379542,236.1704864501953,107000,0.0,0.0
2002-11-08 00:00:00+09:00,230.17628479003906,233.77278923988345,230.17628479003906,230.17628479003906,122500,0.0,0.0
2002-11-11 00:00:00+09:00,224.1820470036687,227.77855043153505,221.7843780517578,221.7843780517578,133000,0.0,0.0
2002-11-12 00:00:00+09:00,218.18794185557266,226.57978577309467,215.79027216485207,225.38095092773438,125500,0.0,0.0
2002-11-13 00:00:00+09:00,219.3867090998469,222.98321252771328,219.3867090998469,221.7843780517578,165000,0.0,0.0
2002-11-14 00:00:00+09:00,218.1879425048828,224.18211674952244,214.59143795809902,218.1879425048828,197000,0.0,0.0
2002-11-15 00:00:00+09:00,215.79027280702695,220.58561220273864,215.79027280702695,218.1879425048828,167500,0.0,0.0
2002-11-18 00:00:00+09:00,218.18791403965645,219.386748732182,201.40422834429825,205.000732421875,240000,0.0,0.0
2002-11-19 00:00:00+09:00,199.00657433083973,201.4042439010908,189.4158960498354,190.61473083496094,489000,0.0,0.0
2002-11-20 00:00:00+09:00,189.41583565848214,209.7960205078125,189.41583565848214,209.7960205078125,324000,0.0,0.0
2002-11-21 00:00:00+09:00,203.8019002870072,209.79607382486034,202.60306557943656,206.19956970214844,345000,0.0,0.0
2002-11-22 00:00:00+09:00,209.79610729768785,210.99494219653178,206.19960260115607,207.3984375,258500,0.0,0.0
2002-11-25 00:00:00+09:00,213.39249881378,216.98900160277628,210.99483028778246,212.19366455078125,255000,0.0,0.0
2002-11-26 00:00:00+09:00,213.39252077299972,215.79018954573004,207.39834884117388,208.59718322753906,225500,0.0,0.0
2002-11-27 00:00:00+09:00,203.80184849330357,210.99485491071428,203.80184849330357,209.7960205078125,290500,0.0,0.0
2002-11-28 00:00:00+09:00,213.39249881378,215.79016733977753,212.19366455078125,212.19366455078125,259000,0.0,0.0
2002-11-29 00:00:00+09:00,215.79020838583668,224.18204982306366,215.79020838583668,222.98321533203125,201000,0.0,0.0
2002-12-02 00:00:00+09:00,222.98321533203125,222.98321533203125,222.98321533203125,222.98321533203125,0,0.0,0.0
2002-12-03 00:00:00+09:00,219.38673666249153,221.7844059156335,218.18790203592053,220.5855712890625,288000,0.0,0.0
2002-12-04 00:00:00+09:00,220.58559163411456,220.58559163411456,215.79025268554688,215.79025268554688,258000,0.0,0.0
2002-12-05 00:00:00+09:00,216.98904287686912,222.98321533203125,216.98904287686912,222.98321533203125,207500,0.0,0.0
2002-12-06 00:00:00+09:00,221.7843780517578,222.98321252771328,220.58554357580238,221.7843780517578,213500,0.0,0.0
2002-12-09 00:00:00+09:00,222.98321252771328,224.1820470036687,221.7843780517578,221.7843780517578,154000,0.0,0.0
2002-12-10 00:00:00+09:00,221.7844495095842,221.7844495095842,216.9891100607283,219.38677978515625,192500,0.0,0.0
2002-12-11 00:00:00+09:00,219.38675946820507,219.38675946820507,216.9890899658203,216.9890899658203,140000,0.0,0.0
2002-12-12 00:00:00+09:00,216.98910765595488,218.1879425048828,216.98910765595488,218.1879425048828,114000,0.0,0.0
2002-12-13 00:00:00+09:00,218.1879247170127,219.38675946820507,215.79025521462793,216.9890899658203,307000,0.0,0.0
2002-12-16 00:00:00+09:00,220.58565175999476,220.58565175999476,214.5914764404297,214.5914764404297,198000,0.0,0.0
2002-12-17 00:00:00+09:00,218.1879425048828,219.38677735381071,215.79027280702695,218.1879425048828,139500,0.0,0.0
2002-12-18 00:00:00+09:00,214.59137656471944,214.59137656471944,208.5972040349787,210.994873046875,253500,0.0,0.0
2002-12-19 00:00:00+09:00,209.79613618477762,214.5914764404297,207.39846605695158,214.5914764404297,190500,0.0,0.0
2002-12-20 00:00:00+09:00,215.7903115043427,215.7903115043427,212.19380631260364,214.5914764404297,165000,0.0,0.0
2002-12-23 00:00:00+09:00,214.5914764404297,214.5914764404297,214.5914764404297,214.5914764404297,0,0.0,0.0
2002-12-24 00:00:00+09:00,215.79023278277856,220.58557128906253,214.59139815620756,220.5855712890625,358000,0.0,0.0
2002-12-25 00:00:00+09:00,223.06397001622088,223.06397001622088,218.10699290474932,219.3462371826172,123500,12.0,0.0
2002-12-26 00:00:00+09:00,224.30337787204317,225.54262305365665,221.82488750881618,223.0641326904297,129500,0.0,0.0
2002-12-27 00:00:00+09:00,223.06409491867313,226.78182983398438,220.58560497513233,226.78182983398438,120500,0.0,0.0
2002-12-30 00:00:00+09:00,223.06413269042966,225.54262305365665,221.82488750881618,223.0641326904297,69500,0.0,0.0
2002-12-31 00:00:00+09:00,223.06413269042966,223.06413269042966,223.06413269042966,223.0641326904297,0,0.0,0.0
2003-01-01 00:00:00+09:00,223.06413269042966,223.06413269042966,223.06413269042966,223.0641326904297,0,0.0,0.0
2003-01-02 00:00:00+09:00,223.06413269042966,223.06413269042966,223.06413269042966,223.0641326904297,0,0.0,0.0
2003-01-03 00:00:00+09:00,223.06413269042966,223.06413269042966,223.06413269042966,223.0641326904297,0,0.0,0.0
2003-01-06 00:00:00+09:00,224.30333989044357,228.02107480575478,224.30333989044357,226.78182983398438,95500,0.0,0.0
2003-01-07 00:00:00+09:00,226.78183472354107,228.02107972203038,223.0640997280732,224.3033447265625,105500,0.0,0.0
2003-01-08 00:00:00+09:00,220.58560180664062,221.8248467606105,219.34635685267074,220.58560180664062,39500,0.0,0.0
2003-01-09 00:00:00+09:00,220.58556036515668,220.58556036515668,213.1500920382413,218.10707092285156,127000,0.0,0.0
2003-01-10 00:00:00+09:00,215.6285684640067,219.3463024030413,215.6285684640067,216.86781311035156,98000,0.0,0.0
2003-01-13 00:00:00+09:00,216.86781311035156,216.86781311035156,216.86781311035156,216.86781311035156,0,0.0,0.0
2003-01-14 00:00:00+09:00,220.5854814604851,220.5854814604851,216.86774862688142,219.3462371826172,85500,0.0,0.0
2003-01-15 00:00:00+09:00,218.10707092285156,220.58556036515668,216.867826201699,218.10707092285156,172000,0.0,0.0
2003-01-16 00:00:00+09:00,218.10711503159152,226.78182983398438,216.86787005982112,226.78182983398438,278500,0.0,0.0
2003-01-17 00:00:00+09:00,225.54256059779203,235.4565193053873,224.30331575934264,231.73878479003906,752500,0.0,0.0
2003-01-20 00:00:00+09:00,232.9780210412067,232.9780210412067,228.0210418701172,228.0210418701172,276500,0.0,0.0
2003-01-21 00:00:00+09:00,226.78182269680886,231.73880242788664,225.5425777640394,230.4995574951172,286000,0.0,0.0
2003-01-22 00:00:00+09:00,231.7387762484343,235.45651062675142,228.0210418701172,228.0210418701172,194000,0.0,0.0
2003-01-23 00:00:00+09:00,229.26023864746094,230.49948318069045,226.7817495810019,229.26023864746094,144500,0.0,0.0
2003-01-24 00:00:00+09:00,231.738809721066,231.738809721066,225.54258486221397,226.78182983398438,114500,0.0,0.0
2003-01-27 00:00:00+09:00,228.02107972203038,228.02107972203038,223.0640997280732,224.3033447265625,127500,0.0,0.0
2003-01-28 00:00:00+09:00,224.3033366685503,224.3033366685503,220.58560180664062,220.58560180664062,163500,0.0,0.0
2003-01-29 00:00:00+09:00,221.82473105945806,221.82473105945806,214.38926521388962,215.62850952148438,144500,0.0,0.0
2003-01-30 00:00:00+09:00,219.34624244426857,219.34624244426857,215.62850952148435,215.62850952148438,102000,0.0,0.0
2003-01-31 00:00:00+09:00,215.62850952148435,220.5854867518633,213.15002090629488,215.62850952148438,172000,0.0,0.0
2003-02-03 00:00:00+09:00,219.34635685267074,220.58560180664062,216.86786694473093,220.58560180664062,145000,0.0,0.0
2003-02-04 00:00:00+09:00,220.58556907270207,223.0640586128448,219.34632430263073,221.82481384277344,92500,0.0,0.0
2003-02-05 00:00:00+09:00,221.82481384277344,224.30330338291617,219.34632430263073,221.82481384277344,124500,0.0,0.0
2003-02-06 00:00:00+09:00,223.0640917145804,225.54258162252017,219.34635685267074,220.58560180664062,129000,0.0,0.0
2003-02-07 00:00:00+09:00,219.3463647326053,225.54258972505178,219.3463647326053,224.3033447265625,157000,0.0,0.0
2003-02-10 00:00:00+09:00,224.30330749180004,228.0210418701172,223.0640626990277,228.0210418701172,94000,0.0,0.0
2003-02-11 00:00:00+09:00,228.0210418701172,228.0210418701172,228.0210418701172,228.0210418701172,0,0.0,0.0
2003-02-12 00:00:00+09:00,229.2602328036694,236.69569981351813,229.2602328036694,232.97796630859375,408500,0.0,0.0
2003-02-13 00:00:00+09:00,235.45654296875,236.6957879317434,232.97805304276315,235.45654296875,196500,0.0,0.0
2003-02-14 00:00:00+09:00,240.41348266601562,242.8919721780364,239.17423791000525,240.41348266601562,574500,0.0,0.0
2003-02-17 00:00:00+09:00,242.8920389811198,246.60977427164715,241.65279388427737,245.3705291748047,396500,0.0,0.0
2003-02-18 00:00:00+09:00,246.60969984765146,252.80592346191406,245.37045512479892,252.80592346191406,423000,0.0,0.0
2003-02-19 00:00:00+09:00,250.3275069807043,252.80599714883007,246.60977172851562,246.60977172851562,265000,0.0,0.0
2003-02-20 00:00:00+09:00,246.60978439331055,249.0882746887207,244.1312940979004,247.84902954101562,314000,0.0,0.0
2003-02-21 00:00:00+09:00,247.84893113739636,249.08817579308334,242.89195251464844,242.89195251464844,252000,0.0,0.0
2003-02-24 00:00:00+09:00,242.89193929036458,245.37042846679688,241.65269470214844,241.65269470214844,189500,0.0,0.0
2003-02-25 00:00:00+09:00,241.6526915535094,241.6526915535094,230.4994904048859,234.21722412109375,403000,0.0,0.0
2003-02-26 00:00:00+09:00,234.21729800575656,235.45654296875,234.21729800575656,235.45654296875,197500,0.0,0.0
2003-02-27 00:00:00+09:00,235.45650364197408,240.41348266601562,232.9780141299533,240.41348266601562,215500,0.0,0.0
2003-02-28 00:00:00+09:00,241.652714230236,242.8919589185962,239.17422485351562,239.17422485351562,144000,0.0,0.0
2003-03-03 00:00:00+09:00,239.17422485351562,240.41346954187583,237.93498016515545,239.17422485351562,164500,0.0,0.0
2003-03-04 00:00:00+09:00,240.4134501139323,242.89193929036458,239.17420552571613,241.65269470214844,134000,0.0,0.0
2003-03-05 00:00:00+09:00,240.4134501139323,242.89193929036458,239.17420552571613,241.65269470214844,171500,0.0,0.0
2003-03-06 00:00:00+09:00,242.89195251464844,246.6096864817094,241.65270785896146,242.89195251464844,179000,0.0,0.0
2003-03-07 00:00:00+09:00,241.6527677837171,242.89201274671052,234.21729800575656,235.45654296875,217500,0.0,0.0
2003-03-10 00:00:00+09:00,232.9780546928364,235.4565446363772,224.30333989044357,226.78182983398438,184500,0.0,0.0
2003-03-11 00:00:00+09:00,228.02107480575478,231.738809721066,226.78182983398438,226.78182983398438,175500,0.0,0.0
2003-03-12 00:00:00+09:00,226.78183472354107,229.26032472051966,224.30334472656247,224.3033447265625,185500,0.0,0.0
2003-03-13 00:00:00+09:00,228.02106762957828,232.9780473606561,225.5425777640394,230.4995574951172,200000,0.0,0.0
2003-03-14 00:00:00+09:00,240.4134333184425,240.4134333184425,232.97796630859375,232.97796630859375,345000,0.0,0.0
2003-03-17 00:00:00+09:00,235.45651062675142,235.45651062675142,228.0210418701172,228.0210418701172,98500,0.0,0.0
2003-03-18 00:00:00+09:00,232.97802962848849,236.6957641438367,231.73878479003906,231.73878479003906,127000,0.0,0.0
2003-03-19 00:00:00+09:00,234.21726542367986,237.93499979548432,229.26028626127393,236.6957550048828,246500,0.0,0.0
2003-03-20 00:00:00+09:00,239.17423791000525,242.8919721780364,239.17423791000525,240.41348266601562,274000,0.0,0.0
2003-03-21 00:00:00+09:00,240.41348266601562,240.41348266601562,240.41348266601562,240.41348266601562,0,0.0,0.0
2003-03-24 00:00:00+09:00,246.60970412150468,251.56668309882136,244.13121463284634,250.3274383544922,370500,0.0,0.0
2003-03-25 00:00:00+09:00,244.13123173500176,250.32745589071246,242.89198690385962,249.0882110595703,269000,0.0,0.0
2003-03-26 00:00:00+09:00,250.3274596871682,257.76292878678703,249.0882148372317,255.28443908691406,299500,0.0,0.0
2003-03-27 00:00:00+09:00,251.56661987304688,254.04510873879119,250.32737544017473,251.56661987304688,150500,0.0,0.0
2003-03-28 00:00:00+09:00,247.84888657443042,251.56661987304688,245.3703977086861,251.56661987304688,90000,0.0,0.0
2003-03-31 00:00:00+09:00,240.41350253423056,247.84897168477377,237.9350128173828,237.9350128173828,89000,0.0,0.0
2003-04-01 00:00:00+09:00,241.65272742202603,244.1312169340468,237.93499315399487,240.41348266601562,96500,0.0,0.0
2003-04-02 00:00:00+09:00,240.4134501139323,242.89193929036458,240.4134501139323,241.65269470214844,118500,0.0,0.0
2003-04-03 00:00:00+09:00,242.8919589185962,244.13120360695638,239.17422485351562,239.17422485351562,120000,0.0,0.0
2003-04-04 00:00:00+09:00,242.8919721780364,242.8919721780364,237.93499315399487,240.41348266601562,92000,0.0,0.0
2003-04-07 00:00:00+09:00,241.65272088220277,246.6096997720941,236.6957419923114,244.13121032714844,132500,0.0,0.0
2003-04-08 00:00:00+09:00,245.37052917480472,246.60977427164715,241.65279388427737,245.3705291748047,150000,0.0,0.0
2003-04-09 00:00:00+09:00,241.65272088220277,245.37045504962126,241.65272088220277,244.13121032714844,115500,0.0,0.0
2003-04-10 00:00:00+09:00,241.65270785896146,245.37044182602241,241.65270785896146,242.89195251464844,185000,0.0,0.0
2003-04-11 00:00:00+09:00,242.8919721780364,242.8919721780364,236.69574839798446,240.41348266601562,151500,0.0,0.0
2003-04-14 00:00:00+09:00,242.89193929036458,242.89193929036458,236.69571634928386,241.65269470214844,83500,0.0,0.0
2003-04-15 00:00:00+09:00,239.17422485351562,241.652714230236,237.93498016515545,239.17422485351562,91000,0.0,0.0
2003-04-16 00:00:00+09:00,240.4134501139323,242.89193929036458,239.17420552571613,241.65269470214844,94500,0.0,0.0
2003-04-17 00:00:00+09:00,242.89198690385962,251.5667007218546,241.65274207271747,249.0882110595703,295000,0.0,0.0
2003-04-18 00:00:00+09:00,249.08818921703977,249.08818921703977,244.13121032714844,244.13121032714844,131500,0.0,0.0
2003-04-21 00:00:00+09:00,245.3703977086861,252.80586430591904,245.3703977086861,251.56661987304688,123500,0.0,0.0
2003-04-22 00:00:00+09:00,247.84893113739636,250.32742044877034,242.89195251464844,242.89195251464844,68500,0.0,0.0
2003-04-23 00:00:00+09:00,244.1311838785807,245.37042846679688,241.65269470214844,241.65269470214844,108500,0.0,0.0
2003-04-24 00:00:00+09:00,241.65272088220277,246.6096997720941,241.65272088220277,244.13121032714844,64000,0.0,0.0
2003-04-25 00:00:00+09:00,245.37042846679688,245.37042846679688,239.17420552571613,241.65269470214844,225500,0.0,0.0
2003-04-28 00:00:00+09:00,239.17420552571613,242.89193929036458,239.17420552571613,241.65269470214844,70500,0.0,0.0
2003-04-29 00:00:00+09:00,241.65269470214844,241.65269470214844,241.65269470214844,241.65269470214844,0,0.0,0.0
2003-04-30 00:00:00+09:00,240.4134501139323,245.37042846679688,240.4134501139323,241.65269470214844,98500,0.0,0.0
2003-05-01 00:00:00+09:00,241.65272088220277,247.84894449456692,241.65272088220277,244.13121032714844,102500,0.0,0.0
2003-05-02 00:00:00+09:00,245.37053924560547,249.0882746887207,245.37053924560547,247.84902954101562,74000,0.0,0.0
2003-05-05 00:00:00+09:00,247.84902954101562,247.84902954101562,247.84902954101562,247.84902954101562,0,0.0,0.0
2003-05-06 00:00:00+09:00,246.60964214155828,251.56661987304688,246.60964214155828,251.56661987304688,137500,0.0,0.0
2003-05-07 00:00:00+09:00,251.56667873906153,252.80592346191406,250.327434016209,252.80592346191406,110500,0.0,0.0
2003-05-08 00:00:00+09:00,250.32738677234184,256.5236092172018,250.32738677234184,254.0451202392578,220500,0.0,0.0
2003-05-09 00:00:00+09:00,251.56667673362875,262.7198791503906,251.56667673362875,262.7198791503906,760500,0.0,0.0
2003-05-12 00:00:00+09:00,262.71984463985837,265.1983337402344,260.24135553948236,265.1983337402344,174500,0.0,0.0
2003-05-13 00:00:00+09:00,260.24140705994523,263.95914144651584,260.24140705994523,261.48065185546875,172000,0.0,0.0
2003-05-14 00:00:00+09:00,260.24144222861844,263.9591771175987,259.002197265625,259.002197265625,181500,0.0,0.0
2003-05-15 00:00:00+09:00,260.24144222861844,262.71993215460526,259.002197265625,259.002197265625,182500,0.0,0.0
2003-05-16 00:00:00+09:00,259.0020981951458,259.0020981951458,252.80587575028582,254.0451202392578,143500,0.0,0.0
2003-05-19 00:00:00+09:00,257.76290235332414,259.00214707617664,252.80592346191406,252.80592346191406,201500,0.0,0.0
2003-05-20 00:00:00+09:00,252.8059724506579,259.002197265625,252.8059724506579,259.002197265625,169000,0.0,0.0
2003-05-21 00:00:00+09:00,260.2413635253906,263.95909729003904,260.2413635253906,260.2413635253906,257500,0.0,0.0
2003-05-22 00:00:00+09:00,261.48063443741705,263.95912386336414,261.48063443741705,262.7198791503906,147000,0.0,0.0
2003-05-23 00:00:00+09:00,263.95908919004637,270.15531194098645,263.95908919004637,265.1983337402344,344000,0.0,0.0
2003-05-26 00:00:00+09:00,268.91616333565213,273.87314330497287,266.4376733509917,271.3946533203125,232000,0.0,0.0
2003-05-27 00:00:00+09:00,268.91607666015625,273.8730550317721,268.91607666015625,268.91607666015625,184500,0.0,0.0
2003-05-28 00:00:00+09:00,270.15536895888806,278.83008264105416,270.15536895888806,276.3515930175781,259500,0.0,0.0
2003-05-29 00:00:00+09:00,278.83011057407043,294.94029474057226,278.83011057407043,293.7010498046875,475500,0.0,0.0
2003-05-30 00:00:00+09:00,285.0262672880776,294.9402244111412,285.0262672880776,289.9832458496094,335000,0.0,0.0
2003-06-02 00:00:00+09:00,289.98322329313856,291.2224678371264,285.0262451171875,285.0262451171875,221000,0.0,0.0
2003-06-03 00:00:00+09:00,285.02634948466243,291.2225744734595,283.78710448690305,286.2655944824219,229500,0.0,0.0
2003-06-04 00:00:00+09:00,285.02633327907984,286.2655782063802,278.8301086425781,278.8301086425781,214000,0.0,0.0
2003-06-05 00:00:00+09:00,278.83012449586545,286.2655944824219,278.83012449586545,286.2655944824219,222000,0.0,0.0
2003-06-06 00:00:00+09:00,286.26548966117525,289.98322329313856,283.78700057319975,285.0262451171875,220500,0.0,0.0
2003-06-09 00:00:00+09:00,285.02627142544446,291.22249471730197,285.02627142544446,287.5047607421875,308500,0.0,0.0
2003-06-10 00:00:00+09:00,287.50482050045764,297.4187798280596,287.50482050045764,296.1795349121094,419500,0.0,0.0
2003-06-11 00:00:00+09:00,297.4187798280596,306.09349423971133,296.1795349121094,296.1795349121094,545000,0.0,0.0
2003-06-12 00:00:00+09:00,297.4187532018443,304.8542220318904,289.98328437179816,302.375732421875,438000,0.0,0.0
2003-06-13 00:00:00+09:00,301.1364482705524,301.1364482705524,296.17946969819764,298.657958984375,388500,0.0,0.0
2003-06-16 00:00:00+09:00,293.7009449328406,294.9401894262282,289.9832114526781,292.4617004394531,130000,0.0,0.0
2003-06-17 00:00:00+09:00,293.7009449328406,297.4186784130032,292.4617004394531,292.4617004394531,132000,0.0,0.0
2003-06-18 00:00:00+09:00,294.9403076171875,299.8972875771402,294.9403076171875,294.9403076171875,142000,0.0,0.0
2003-06-19 00:00:00+09:00,296.17951284361277,299.8972473144531,296.17951284361277,299.8972473144531,206000,0.0,0.0
2003-06-20 00:00:00+09:00,297.4187403549383,307.3326983667696,297.4187403549383,301.136474609375,550000,0.0,0.0
2003-06-23 00:00:00+09:00,301.13646596066866,309.8111789718813,301.13646596066866,306.09344482421875,329000,0.0,0.0
2003-06-24 00:00:00+09:00,303.6150225471048,303.6150225471048,293.7010626271993,294.9403076171875,418500,0.0,0.0
2003-06-25 00:00:00+09:00,298.70547395215254,301.2156039853639,291.1750838525184,297.4504089355469,172500,6.0,0.0
2003-06-26 00:00:00+09:00,294.94036865234375,297.45049944938495,289.9201070582613,294.94036865234375,125500,0.0,0.0
2003-06-27 00:00:00+09:00,297.4504089355469,299.9605389687582,294.9402789023355,297.4504089355469,85000,0.0,0.0
2003-06-30 00:00:00+09:00,296.1954340508644,297.45049944938495,293.6853032538231,294.94036865234375,128000,0.0,0.0
2003-07-01 00:00:00+09:00,298.7054194697627,312.5111321343316,298.7054194697627,304.9807434082031,470500,0.0,0.0
2003-07-02 00:00:00+09:00,311.2561120652967,323.806761745349,310.00104709729146,322.55169677734375,1829500,0.0,0.0
2003-07-03 00:00:00+09:00,325.0618505516205,331.3371758518449,306.23587465094755,312.5111999511719,767500,0.0,0.0
2003-07-04 00:00:00+09:00,297.45041506407694,311.256130531186,297.45041506407694,306.2358703613281,198500,0.0,0.0
2003-07-07 00:00:00+09:00,302.4706115722656,310.00100024211457,263.5636034447128,302.4706115722656,256500,0.0,0.0
2003-07-08 00:00:00+09:00,302.4707610434674,307.49102263754986,294.94036865234375,294.94036865234375,219500,0.0,0.0
2003-07-09 00:00:00+09:00,288.6649011682581,307.49087298357927,288.6649011682581,304.9807434082031,300500,0.0,0.0
2003-07-10 00:00:00+09:00,298.7055648479056,303.72582644198803,294.94036865234375,294.94036865234375,192500,0.0,0.0
2003-07-11 00:00:00+09:00,296.1953402670668,297.45040526819844,291.17508026254023,292.4301452636719,219000,0.0,0.0
2003-07-14 00:00:00+09:00,294.9402195265313,302.4706081101874,294.9402195265313,298.7054138183594,334000,0.0,0.0
2003-07-15 00:00:00+09:00,304.98074112888196,308.7459354638064,301.21554679395746,302.4706115722656,414500,0.0,0.0
2003-07-16 00:00:00+09:00,306.2358024020155,307.49086716595815,297.4503490544167,298.7054138183594,232500,0.0,0.0
2003-07-17 00:00:00+09:00,298.70544226694915,299.9605071504237,296.1953125,296.1953125,264000,0.0,0.0
2003-07-18 00:00:00+09:00,291.1750529661017,299.9605071504237,291.1750529661017,296.1953125,184500,0.0,0.0
2003-07-21 00:00:00+09:00,296.1953125,296.1953125,296.1953125,296.1953125,0,0.0,0.0
2003-07-22 00:00:00+09:00,297.45035468207465,304.9807434082031,294.9402251066985,304.9807434082031,195500,0.0,0.0
2003-07-23 00:00:00+09:00,298.7054270019531,315.0212696533203,298.7054270019531,313.7662048339844,362500,0.0,0.0
2003-07-24 00:00:00+09:00,315.02135933941673,315.02135933941673,308.74603345616146,310.0010986328125,228000,0.0,0.0
2003-07-25 00:00:00+09:00,313.7661969220197,313.7661969220197,299.9604842574508,304.9807434082031,134500,0.0,0.0
2003-07-28 00:00:00+09:00,307.49096827951035,310.0010986328125,304.98083792620827,310.0010986328125,67000,0.0,0.0
2003-07-29 00:00:00+09:00,303.7257402763992,308.7460004462571,301.2156101914703,306.2358703613281,137000,0.0,0.0
2003-07-30 00:00:00+09:00,301.21554679395746,304.98074112888196,301.21554679395746,302.4706115722656,109000,0.0,0.0
2003-07-31 00:00:00+09:00,315.0213351380591,327.57198594037226,308.7460097369026,320.0415954589844,1457500,0.0,0.0
2003-08-01 00:00:00+09:00,320.0415333424966,322.5516630157711,316.2763388325849,318.7864685058594,317000,0.0,0.0
2003-08-04 00:00:00+09:00,320.041500273205,320.041500273205,315.02124144539,316.27630615234375,173500,0.0,0.0
2003-08-05 00:00:00+09:00,313.76629340939405,317.53148893030675,308.74603271484375,308.74603271484375,162000,0.0,0.0
2003-08-06 00:00:00+09:00,303.7257445308578,313.7662650112167,303.7257445308578,312.5111999511719,225500,0.0,0.0
2003-08-07 00:00:00+09:00,306.23580590719007,312.51112979873085,301.21554679395746,302.4706115722656,199500,0.0,0.0
2003-08-08 00:00:00+09:00,303.7257402763992,306.2358703613281,301.2156101914703,306.2358703613281,164000,0.0,0.0
2003-08-11 00:00:00+09:00,307.49090576171875,310.0010356046716,303.7257109972896,307.49090576171875,202000,0.0,0.0
2003-08-12 00:00:00+09:00,312.51122823575645,312.51122823575645,306.2359023675686,308.74603271484375,177500,0.0,0.0
2003-08-13 00:00:00+09:00,311.2561630621189,313.76629340939405,307.49096754120615,308.74603271484375,252000,0.0,0.0
2003-08-14 00:00:00+09:00,320.0415417620244,331.3371255889193,317.5314120227144,328.8269958496094,941000,0.0,0.0
2003-08-15 00:00:00+09:00,333.8473798512506,333.8473798512506,326.31698782453066,330.0821838378906,354000,0.0,0.0
2003-08-18 00:00:00+09:00,332.59221377072635,363.96883771136095,330.0820838554756,358.9485778808594,1285000,0.0,0.0
2003-08-19 00:00:00+09:00,358.94860667913736,376.5195174955986,350.1631512709067,356.4384765625,1446500,0.0,0.0
2003-08-20 00:00:00+09:00,357.6935752232869,371.4992921617296,342.63279310862225,361.4587707519531,792000,0.0,0.0
2003-08-21 00:00:00+09:00,370.2441436972394,374.0093383789062,362.7137543339057,374.00933837890625,1135500,0.0,0.0
2003-08-22 00:00:00+09:00,390.32525072599714,401.62083675986844,374.00940423262745,381.539794921875,1772500,0.0,0.0
2003-08-25 00:00:00+09:00,385.3049075580634,400.36568570365546,385.3049075580634,392.8352966308594,946500,0.0,0.0
2003-08-26 00:00:00+09:00,391.58025926159274,391.58025926159274,381.53973979334677,389.07012939453125,538000,0.0,0.0
2003-08-27 00:00:00+09:00,394.09052401455966,424.2120927290483,387.8151971990412,414.17156982421875,2043000,0.0,0.0
2003-08-28 00:00:00+09:00,407.89612638736196,424.21197144285645,404.13093137455553,419.19171142578125,1445500,0.0,0.0
2003-08-29 00:00:00+09:00,420.44669729039293,434.2524097387342,411.66124391417577,432.9973449707031,1279000,0.0,0.0
2003-09-01 00:00:00+09:00,426.72209150335766,450.5683260285453,424.2119615533379,446.8031311035156,1593500,0.0,0.0
2003-09-02 00:00:00+09:00,448.05811737150043,449.3131821260424,425.4669517897441,427.9770812988281,1008000,0.0,0.0
2003-09-03 00:00:00+09:00,432.99742741371267,432.99742741371267,409.15119228078356,420.44677734375,854000,0.0,0.0
2003-09-04 00:00:00+09:00,411.66121317226686,419.191601218101,400.3656311035156,400.3656311035156,927000,0.0,0.0
2003-09-05 00:00:00+09:00,404.1310660622337,404.1310660622337,379.02975761116323,386.5601501464844,1030500,0.0,0.0
2003-09-08 00:00:00+09:00,392.83524427413937,402.8757616996765,387.81498556137086,401.6206970214844,630000,0.0,0.0
2003-09-09 00:00:00+09:00,407.8961272737873,426.7221023787313,406.641062266791,420.44677734375,922000,0.0,0.0
2003-09-10 00:00:00+09:00,424.21200642543556,429.23226685650576,419.1917459943653,425.4670715332031,878500,0.0,0.0
2003-09-11 00:00:00+09:00,411.66140483338154,420.44686164385007,401.6208827642747,406.6411437988281,579500,0.0,0.0
2003-09-12 00:00:00+09:00,422.9569064385876,422.9569064385876,414.171451408706,419.19171142578125,827000,0.0,0.0
2003-09-15 00:00:00+09:00,419.19171142578125,419.19171142578125,419.19171142578125,419.19171142578125,0,0.0,0.0
2003-09-16 00:00:00+09:00,424.2118949451666,441.7828018363865,421.701765389278,436.7625427246094,1111000,0.0,0.0
2003-09-17 00:00:00+09:00,445.5480623245239,456.8436470031738,436.7626075744629,441.7828674316406,1244500,0.0,0.0
2003-09-18 00:00:00+09:00,436.7626671424279,443.0379928197616,436.7626671424279,440.5278625488281,600500,0.0,0.0
2003-09-19 00:00:00+09:00,444.29312720665564,456.84378051757807,444.29312720665564,456.8437805175781,1320500,0.0,0.0
2003-09-22 00:00:00+09:00,454.33355457869084,470.649400461351,445.54809910341226,450.568359375,1190500,0.0,0.0
2003-09-23 00:00:00+09:00,450.568359375,450.568359375,450.568359375,450.568359375,0,0.0,0.0
2003-09-24 00:00:00+09:00,464.3739832704049,488.22021484375,460.60878881145567,488.22021484375,1860500,0.0,0.0
2003-09-25 00:00:00+09:00,476.9246489426185,476.9246489426185,465.6290651518723,473.1594543457031,805500,0.0,0.0
2003-09-26 00:00:00+09:00,473.15945434570307,475.66958407698,463.11893542059534,473.1594543457031,505000,0.0,0.0
2003-09-29 00:00:00+09:00,474.41451168575804,479.4347710686761,461.86386322846283,464.3739929199219,407000,0.0,0.0
2003-09-30 00:00:00+09:00,464.3740002862338,479.43477867389544,459.3537408236799,473.1594543457031,511500,0.0,0.0
2003-10-01 00:00:00+09:00,466.8840215020847,485.7099901110397,466.8840215020847,484.4549255371094,481500,0.0,0.0
2003-10-02 00:00:00+09:00,495.75069883109813,543.4431711237102,493.24056871043433,535.9127807617188,2743500,0.0,0.0
2003-10-03 00:00:00+09:00,532.1476374246988,535.912832972515,510.81152932040663,520.85205078125,1038500,0.0,0.0
2003-10-06 00:00:00+09:00,525.8723107674272,532.1476366715731,514.5767241399645,519.5969848632812,402500,0.0,0.0
2003-10-07 00:00:00+09:00,523.3620615689948,534.6576456316351,517.0867370897504,524.6171264648438,574000,0.0,0.0
2003-10-08 00:00:00+09:00,524.6171191881463,529.6373787019085,515.8316650390625,515.8316650390625,357500,0.0,0.0
2003-10-09 00:00:00+09:00,518.3418009732839,528.3823201204661,517.086736079886,523.362060546875,422500,0.0,0.0
2003-10-10 00:00:00+09:00,535.9126752620368,558.5038419007176,530.8924160089967,554.7386474609375,1920500,0.0,0.0
2003-10-13 00:00:00+09:00,554.7386474609375,554.7386474609375,554.7386474609375,554.7386474609375,0,0.0,0.0
2003-10-14 00:00:00+09:00,567.2894479043829,603.68633726108,567.2894479043829,598.6660766601562,3192000,0.0,0.0
2003-10-15 00:00:00+09:00,601.1760823139392,604.9412769839638,578.5849142937911,596.1558227539062,961500,0.0,0.0
2003-10-16 00:00:00+09:00,601.1761429541222,601.1761429541222,589.880557804671,594.9008178710938,826000,0.0,0.0
2003-10-17 00:00:00+09:00,603.6863004058717,640.0831875405293,603.6863004058717,635.0629272460938,1443000,0.0,0.0
2003-10-20 00:00:00+09:00,640.0832085860403,690.2858131810239,637.5730783562911,667.6946411132812,1316000,0.0,0.0
2003-10-21 00:00:00+09:00,667.6944896735768,667.6944896735768,628.7874799369586,633.8077392578125,801000,0.0,0.0
2003-10-22 00:00:00+09:00,614.9817796790081,648.868530804178,572.309574558424,577.329833984375,1136000,0.0,0.0
2003-10-23 00:00:00+09:00,552.2285747092609,588.6254580423712,542.1880551690924,549.7184448242188,1146500,0.0,0.0
2003-10-24 00:00:00+09:00,562.2690283764367,576.0747411267511,537.1677324667744,545.9531860351562,709500,0.0,0.0
2003-10-27 00:00:00+09:00,544.6982044228281,578.5849590758612,542.1880744485294,576.0748291015625,586500,0.0,0.0
2003-10-28 00:00:00+09:00,588.6253742891199,609.9614752761456,583.6051152333491,597.4108276367188,707000,0.0,0.0
2003-10-29 00:00:00+09:00,609.9615323012042,616.2368567075952,582.3501049130839,591.1355590820312,710000,0.0,0.0
2003-10-30 00:00:00+09:00,584.8602263283781,584.8602263283781,573.5646425580876,581.0950317382812,711500,0.0,0.0
2003-10-31 00:00:00+09:00,574.8198812029003,581.0952074169059,558.5040330464861,567.2894897460938,627500,0.0,0.0
2003-11-03 00:00:00+09:00,567.2894897460938,567.2894897460938,567.2894897460938,567.2894897460938,0,0.0,0.0
2003-11-04 00:00:00+09:00,578.5850769313037,586.1154683881101,561.0141635320883,567.2894897460938,424000,0.0,0.0
2003-11-05 00:00:00+09:00,563.5242268330342,567.2894221125422,545.9533155286634,557.2489013671875,535000,0.0,0.0
2003-11-06 00:00:00+09:00,547.2082924476036,550.9734871204082,518.3417999561016,522.1069946289062,632000,0.0,0.0
2003-11-07 00:00:00+09:00,523.3619331563068,527.1271269200212,490.7302538707816,518.3416748046875,875000,0.0,0.0
2003-11-10 00:00:00+09:00,513.3215527558447,513.3215527558447,495.7506438595566,499.5158386230469,254500,0.0,0.0
2003-11-11 00:00:00+09:00,474.4144975142046,491.9854048295455,443.03787730823865,483.199951171875,691500,0.0,0.0
2003-11-12 00:00:00+09:00,488.2202681894378,504.5361126276452,476.92468357837106,478.17974853515625,971000,0.0,0.0
2003-11-13 00:00:00+09:00,489.47534366529817,502.02599350286994,488.220278681541,491.9854736328125,474500,0.0,0.0
2003-11-14 00:00:00+09:00,498.2607139644766,512.0664264420818,493.2404548817111,500.7708435058594,680000,0.0,0.0
2003-11-17 00:00:00+09:00,483.2000591443933,484.45512423308,458.0987573706586,461.86395263671875,701500,0.0,0.0
2003-11-18 00:00:00+09:00,455.5885462267645,481.9449084051724,451.8233516298491,473.1594543457031,724500,0.0,0.0
2003-11-19 00:00:00+09:00,454.33356692064257,480.6899340624478,454.33356692064257,469.39434814453125,489000,0.0,0.0
2003-11-20 00:00:00+09:00,476.92483520507807,479.4349659166838,459.3539202238384,476.9248352050781,238500,0.0,0.0
2003-11-21 00:00:00+09:00,483.1998963967348,494.4954783904247,469.3941850711138,489.4752197265625,373000,0.0,0.0
2003-11-24 00:00:00+09:00,489.4752197265625,489.4752197265625,489.4752197265625,489.4752197265625,0,0.0,0.0
2003-11-25 00:00:00+09:00,508.3012808286226,527.1272541926458,504.53608615581805,522.1069946289062,367000,0.0,0.0
2003-11-26 00:00:00+09:00,527.1272205171131,564.779164839764,523.3620260848479,553.4835815429688,610500,0.0,0.0
2003-11-27 00:00:00+09:00,554.7387313679403,587.3704214484073,554.7387313679403,586.1153564453125,1140000,0.0,0.0
2003-11-28 00:00:00+09:00,573.5646896532224,578.5849495188962,534.6576756942511,563.524169921875,440000,0.0,0.0
2003-12-01 00:00:00+09:00,532.1475402969808,564.7792290887768,527.1272804828583,555.9937744140625,963000,0.0,0.0
2003-12-02 00:00:00+09:00,568.5444179508725,571.0545478314502,540.9329892645166,548.46337890625,321500,0.0,0.0
2003-12-03 00:00:00+09:00,542.1880339478417,543.4430988412395,520.8519307600794,523.362060546875,870000,0.0,0.0
2003-12-04 00:00:00+09:00,527.1272541926458,535.9127084291898,519.5968648470365,522.1069946289062,587000,0.0,0.0
2003-12-05 00:00:00+09:00,524.6172463290663,529.637507059488,515.8317900508283,520.85205078125,315000,0.0,0.0
2003-12-08 00:00:00+09:00,502.0259827140748,507.0462425412156,474.4145536648007,478.17974853515625,517500,0.0,0.0
2003-12-09 00:00:00+09:00,490.73028439252806,493.24041372445913,480.6897670648037,489.4752197265625,331500,0.0,0.0
2003-12-10 00:00:00+09:00,489.47518383283074,489.47518383283074,479.43466724138807,484.4549255371094,277000,0.0,0.0
2003-12-11 00:00:00+09:00,485.7100807883523,489.4752752130682,469.39423828125,483.199951171875,320500,0.0,0.0
2003-12-12 00:00:00+09:00,476.92457306690704,493.24041372445913,475.66950840094154,489.4752197265625,595500,0.0,0.0
2003-12-15 00:00:00+09:00,495.7507471291416,522.1071159638554,494.4956819465362,520.85205078125,541500,0.0,0.0
2003-12-16 00:00:00+09:00,502.0260046024133,509.55639467144954,502.0260046024133,507.0462646484375,250500,0.0,0.0
2003-12-17 00:00:00+09:00,508.30112779231933,508.30112779231933,490.73022460937494,490.730224609375,275000,0.0,0.0
2003-12-18 00:00:00+09:00,497.0056836906793,508.301267410922,495.7506188328745,505.7911376953125,254000,0.0,0.0
2003-12-19 00:00:00+09:00,500.7708718710643,507.04619607997483,497.0056773457179,498.2607421875,398000,0.0,0.0
2003-12-22 00:00:00+09:00,498.26080956789525,507.04626464843744,498.26080956789525,507.0462646484375,297000,0.0,0.0
2003-12-23 00:00:00+09:00,507.04626464843744,507.04626464843744,507.04626464843744,507.0462646484375,0,0.0,0.0
2003-12-24 00:00:00+09:00,500.7708782640935,507.0462025531172,500.7708782640935,505.7911376953125,275500,0.0,0.0
2003-12-25 00:00:00+09:00,510.8617255418821,510.8617255418821,500.720549848743,505.7911376953125,166000,8.0,0.0
2003-12-26 00:00:00+09:00,512.1293866946373,514.6646806881752,501.9882107204861,513.3970336914062,295500,0.0,0.0
2003-12-29 00:00:00+09:00,519.7354208053179,522.2707155409536,514.6648313340464,518.4677734375,189500,0.0,0.0
2003-12-30 00:00:00+09:00,521.0028524332114,545.088142448372,521.0028524332114,543.8204956054688,271500,0.0,0.0
2003-12-31 00:00:00+09:00,543.8204956054688,543.8204956054688,543.8204956054688,543.8204956054688,0,0.0,0.0
2004-01-01 00:00:00+09:00,543.8204956054688,543.8204956054688,543.8204956054688,543.8204956054688,0,0.0,0.0
2004-01-02 00:00:00+09:00,543.8204956054688,543.8204956054688,543.8204956054688,543.8204956054688,0,0.0,0.0
2004-01-05 00:00:00+09:00,562.8354574853626,564.1031049121315,552.6942780712119,561.5678100585938,305000,0.0,0.0
2004-01-06 00:00:00+09:00,567.9059267241379,570.4412210398707,547.6235721982758,551.426513671875,339000,0.0,0.0
2004-01-07 00:00:00+09:00,556.496963605728,566.6381383411399,553.961669921875,553.961669921875,440500,0.0,0.0
2004-01-08 00:00:00+09:00,561.5676540500516,580.5823601691278,557.7647128262363,576.7794189453125,546000,0.0,0.0
2004-01-09 00:00:00+09:00,581.8500072437329,583.1176543183379,564.1029481992617,576.7794189453125,452500,0.0,0.0
2004-01-12 00:00:00+09:00,576.7794189453125,576.7794189453125,576.7794189453125,576.7794189453125,0,0.0,0.0
2004-01-13 00:00:00+09:00,576.7794189453125,591.9911838405735,575.5117718707074,576.7794189453125,489500,0.0,0.0
2004-01-14 00:00:00+09:00,571.7086731726382,605.9351347594702,571.7086731726382,603.3998413085938,820000,0.0,0.0
2004-01-15 00:00:00+09:00,621.1471551192435,630.0206859066612,602.1324462890625,602.1324462890625,1367000,0.0,0.0
2004-01-16 00:00:00+09:00,614.8088142520091,627.4852846489578,612.2735201726194,618.6117553710938,775500,0.0,0.0
2004-01-19 00:00:00+09:00,630.0205882352941,649.035294117647,624.9499999999999,646.5,1314000,0.0,0.0
2004-01-20 00:00:00+09:00,640.161785342829,642.6970795422066,621.1470788474975,623.682373046875,692000,0.0,0.0
2004-01-21 00:00:00+09:00,604.6677165649925,613.5412469967639,603.4000693604537,605.9353637695312,600000,0.0,0.0
2004-01-22 00:00:00+09:00,603.3998641483879,612.2733915623348,593.2586899610201,599.596923828125,364500,0.0,0.0
2004-01-23 00:00:00+09:00,605.9354805652006,621.1472499517747,598.3295958719136,616.07666015625,684000,0.0,0.0
2004-01-26 00:00:00+09:00,614.8087162041813,614.8087162041813,590.7234262910279,604.6675415039062,473000,0.0,0.0
2004-01-27 00:00:00+09:00,611.0057760860874,614.8087166011461,593.2587203491471,594.5263671875,247000,0.0,0.0
2004-01-28 00:00:00+09:00,581.8499738868861,602.1323259178015,581.8499738868861,591.9911499023438,209000,0.0,0.0
2004-01-29 00:00:00+09:00,585.6530476532648,597.0618732568998,576.7795166282153,580.5824584960938,285500,0.0,0.0
2004-01-30 00:00:00+09:00,584.3853598938648,589.4559486998853,583.1177126923596,586.920654296875,412500,0.0,0.0
2004-02-02 00:00:00+09:00,588.1882088965472,594.5264439062082,584.3852678907505,591.9911499023438,152500,0.0,0.0
2004-02-03 00:00:00+09:00,590.7234887642353,597.0617236222207,567.905843275488,584.38525390625,440500,0.0,0.0
2004-02-04 00:00:00+09:00,578.0469599184783,578.0469599184783,548.8910825541691,553.961669921875,595000,0.0,0.0
2004-02-05 00:00:00+09:00,541.285268801068,564.1029147926821,541.285268801068,552.694091796875,337500,0.0,0.0
2004-02-06 00:00:00+09:00,559.0322266984357,571.7086944240239,555.2292863807593,569.1734008789062,254500,0.0,0.0
2004-02-09 00:00:00+09:00,575.5117021757981,595.7940529132711,574.244055254706,588.1881713867188,696500,0.0,0.0
2004-02-10 00:00:00+09:00,578.0470442708333,590.7235145399305,570.441162109375,570.441162109375,275500,0.0,0.0
2004-02-11 00:00:00+09:00,570.441162109375,570.441162109375,570.441162109375,570.441162109375,0,0.0,0.0
2004-02-12 00:00:00+09:00,571.7088924326795,602.132425511137,571.7088924326795,595.794189453125,480500,0.0,0.0
2004-02-13 00:00:00+09:00,600.864890769676,623.6825448495371,598.3295958719136,616.07666015625,707000,0.0,0.0
2004-02-16 00:00:00+09:00,622.4145515035596,646.4998396472819,621.1469047591531,642.6968994140625,1283500,0.0,0.0
2004-02-17 00:00:00+09:00,627.4853435639412,633.8235793575165,624.9500492465112,628.7529907226562,373000,0.0,0.0
2004-02-18 00:00:00+09:00,626.2174146547762,633.8232941849961,618.6115351245562,624.9497680664062,319000,0.0,0.0
2004-02-19 00:00:00+09:00,624.9500652112459,628.7530067845395,617.3441820646588,626.2177124023438,540000,0.0,0.0
2004-02-20 00:00:00+09:00,627.4851451573036,628.7527919151971,608.4704437889004,611.0057373046875,320500,0.0,0.0
2004-02-23 00:00:00+09:00,613.5411155238779,626.2175848528836,605.9352339264744,607.202880859375,527000,0.0,0.0
2004-02-24 00:00:00+09:00,600.8646645370119,603.399958480206,578.0470190482646,584.38525390625,547000,0.0,0.0
2004-02-25 00:00:00+09:00,584.3852695972051,593.2587986366422,581.8499755859375,581.8499755859375,572000,0.0,0.0
2004-02-26 00:00:00+09:00,591.9910801658946,613.5410766601562,590.7234333132909,613.5410766601562,719500,0.0,0.0
2004-02-27 00:00:00+09:00,611.0056555943363,633.8232941849961,611.0056555943363,624.9497680664062,677500,0.0,0.0
2004-03-01 00:00:00+09:00,637.6263951063156,654.1058049201965,635.0911012887955,649.0352172851562,1108000,0.0,0.0
2004-03-02 00:00:00+09:00,687.0647108537437,695.9382403297146,673.1205931057896,694.6705932617188,1953000,0.0,0.0
2004-03-03 00:00:00+09:00,681.994164032748,709.8824012236782,678.1912225976212,707.3471069335938,1236500,0.0,0.0
2004-03-04 00:00:00+09:00,703.5441239285177,732.7000065417716,697.2058885778102,723.8264770507812,992500,0.0,0.0
2004-03-05 00:00:00+09:00,726.361910050699,726.361910050699,702.2766111135902,721.2913208007812,727500,0.0,0.0
2004-03-08 00:00:00+09:00,718.7560097673813,720.0236570509218,704.8118896484375,704.8118896484375,505500,0.0,0.0
2004-03-09 00:00:00+09:00,699.7413164886315,722.5589681132607,697.2060218636726,721.2913208007812,612500,0.0,0.0
2004-03-10 00:00:00+09:00,722.5588103263609,760.5882213961694,717.4882221837197,746.6441040039062,1035000,0.0,0.0
2004-03-11 00:00:00+09:00,733.9674983326981,782.1380768070376,727.6292643229166,779.602783203125,1188500,0.0,0.0
2004-03-12 00:00:00+09:00,773.2648729227357,773.2648729227357,740.3060422735699,747.9119262695312,860000,0.0,0.0
2004-03-15 00:00:00+09:00,756.785383622725,807.4912719726564,756.785383622725,807.4912719726562,798500,0.0,0.0
2004-03-16 00:00:00+09:00,798.6177415114183,832.844216147622,791.0118582589287,807.4912719726562,667000,0.0,0.0
2004-03-17 00:00:00+09:00,810.0264126067973,827.7734701599978,799.8852368621112,812.5617065429688,618000,0.0,0.0
2004-03-18 00:00:00+09:00,823.9705021968673,825.238149123324,768.1940374327717,777.0675659179688,917500,0.0,0.0
2004-03-19 00:00:00+09:00,760.5883421011307,770.7295199958124,749.1795169696137,756.785400390625,1081000,0.0,0.0
2004-03-22 00:00:00+09:00,752.982373639244,752.982373639244,725.0941375785312,731.432373046875,869000,0.0,0.0
2004-03-23 00:00:00+09:00,714.9529562012542,751.7147216796875,713.685309115791,751.7147216796875,1332000,0.0,0.0
2004-03-24 00:00:00+09:00,760.5883674442489,823.9707313979362,745.3766000953639,810.026611328125,1927500,0.0,0.0
2004-03-25 00:00:00+09:00,811.2942135989011,823.970685686384,785.9412694239355,807.4912719726562,1006500,0.0,0.0
2004-03-26 00:00:00+09:00,844.2530155372347,906.3677268905748,823.9706608096134,888.6206665039062,2886000,0.0,0.0
2004-03-29 00:00:00+09:00,875.9443940279778,884.8179262395491,858.1973296048349,867.0708618164062,756000,0.0,0.0
2004-03-30 00:00:00+09:00,867.0705540551721,867.0705540551721,821.4352617364789,837.9146728515625,742000,0.0,0.0
2004-03-31 00:00:00+09:00,830.308836556037,879.7470726257858,830.308836556037,869.6058959960938,613500,0.0,0.0
2004-04-01 00:00:00+09:00,907.6351851246513,919.0440072840395,896.2263629652633,908.90283203125,1307000,0.0,0.0
2004-04-02 00:00:00+09:00,921.5793392605252,922.8469862196181,894.9587531195747,912.705810546875,726500,0.0,0.0
2004-04-05 00:00:00+09:00,912.7055560172872,919.0437890451851,891.1555637224346,893.6908569335938,722000,0.0,0.0
2004-04-06 00:00:00+09:00,868.3382466340959,887.3529527647695,853.1264817295569,879.7470703125,1544000,0.0,0.0
2004-04-07 00:00:00+09:00,873.4089023014687,915.2412590154723,868.3383136088622,907.6353759765625,1217500,0.0,0.0
2004-04-08 00:00:00+09:00,900.029383319642,902.564677357162,884.8176190945212,886.0852661132812,455500,0.0,0.0
2004-04-09 00:00:00+09:00,868.3383831399025,877.2119140625,862.0001467666185,877.2119140625,557000,0.0,0.0
2004-04-12 00:00:00+09:00,872.1413211495535,898.7619138009208,870.8736738804408,887.3530883789062,347000,0.0,0.0
2004-04-13 00:00:00+09:00,900.0292055758742,916.5086135652916,892.4233249653739,915.240966796875,640500,0.0,0.0
2004-04-14 00:00:00+09:00,906.3675131849063,948.1998599472865,901.2969256985572,943.1292724609375,1070500,0.0,0.0
2004-04-15 00:00:00+09:00,938.0588310134243,943.1294192891725,879.7470658423196,900.0294189453125,780000,0.0,0.0
2004-04-16 00:00:00+09:00,912.7058162245639,916.5087571254996,870.8734663142715,872.14111328125,894500,0.0,0.0
2004-04-19 00:00:00+09:00,872.1415033107851,872.1415033107851,793.5473562101039,831.5767822265625,1289500,0.0,0.0
2004-04-20 00:00:00+09:00,832.8441376009016,842.985314314459,804.9559016386187,839.182373046875,847500,0.0,0.0
2004-04-21 00:00:00+09:00,837.9144827316056,869.6056507623017,825.2380155193272,849.3233032226562,666000,0.0,0.0
2004-04-22 00:00:00+09:00,853.1265206551767,853.1265206551767,830.3088722572671,844.2529907226562,396500,0.0,0.0
2004-04-23 00:00:00+09:00,855.661990143532,855.661990143532,806.2237418241278,817.632568359375,503000,0.0,0.0
2004-04-26 00:00:00+09:00,817.6324012008834,830.3088725373311,811.2941655326595,815.0971069335938,330500,0.0,0.0
2004-04-27 00:00:00+09:00,811.2939903846154,835.3792807241587,793.546934344952,823.970458984375,593500,0.0,0.0
2004-04-28 00:00:00+09:00,832.8440372721353,873.408739239728,832.8440372721353,855.6616821289062,965000,0.0,0.0
2004-04-29 00:00:00+09:00,855.6616821289062,855.6616821289062,855.6616821289062,855.6616821289062,0,0.0,0.0
2004-04-30 00:00:00+09:00,837.9144827316056,854.3938901075676,826.505662240555,849.3233032226562,357500,0.0,0.0
2004-05-03 00:00:00+09:00,849.3233032226561,849.3233032226561,849.3233032226561,849.3233032226562,0,0.0,0.0
2004-05-04 00:00:00+09:00,849.3233032226561,849.3233032226561,849.3233032226561,849.3233032226562,0,0.0,0.0
2004-05-05 00:00:00+09:00,849.3233032226561,849.3233032226561,849.3233032226561,849.3233032226562,0,0.0,0.0
2004-05-06 00:00:00+09:00,873.4089679801551,887.3530879333941,842.9854335367245,868.33837890625,795000,0.0,0.0
2004-05-07 00:00:00+09:00,844.2529614036537,853.1264910280164,822.7029608873441,839.182373046875,442500,0.0,0.0
2004-05-10 00:00:00+09:00,763.123285585451,764.3909322392474,712.4174194335938,712.4174194335938,1883000,0.0,0.0
2004-05-11 00:00:00+09:00,674.388242368345,708.6147133156106,652.8382421422888,684.5294189453125,1841500,0.0,0.0
2004-05-12 00:00:00+09:00,712.417617415745,759.320556640625,697.2058533428109,759.320556640625,1036000,0.0,0.0
2004-05-13 00:00:00+09:00,758.0530503967499,758.0530503967499,714.9530441869011,727.6295166015625,737500,0.0,0.0
2004-05-14 00:00:00+09:00,735.2352279127196,735.2352279127196,685.7969970703125,685.7969970703125,607000,0.0,0.0
2004-05-17 00:00:00+09:00,660.4440260283801,662.9793197943239,616.0763851243622,621.14697265625,1382000,0.0,0.0
2004-05-18 00:00:00+09:00,614.8088798137627,630.0206459122476,609.7382911142677,627.4853515625,5553500,0.0,0.0
2004-05-19 00:00:00+09:00,633.8233227999706,681.9938953327684,632.5556761543706,671.8527221679688,3118000,0.0,0.0
2004-05-20 00:00:00+09:00,678.1909576527801,709.8821238982371,669.3174311040522,692.1350708007812,2950500,0.0,0.0
2004-05-21 00:00:00+09:00,679.4588012695312,681.994095304119,662.9793900447105,679.4588012695312,880500,0.0,0.0
2004-05-24 00:00:00+09:00,703.5442787675397,718.7560469571081,692.1354526253633,708.6148681640625,1718500,0.0,0.0
2004-05-25 00:00:00+09:00,721.2911021839489,728.8969837535511,697.205810546875,697.205810546875,2124500,0.0,0.0
2004-05-26 00:00:00+09:00,679.458762346927,689.5999379043438,674.3881745682186,685.7969970703125,6175500,0.0,0.0
2004-05-27 00:00:00+09:00,680.7264501398259,683.2617441813151,668.0499799323804,669.317626953125,1301500,0.0,0.0
2004-05-28 00:00:00+09:00,674.3883423992406,678.1912841796875,664.247164318049,678.1912841796875,1200500,0.0,0.0
2004-05-31 00:00:00+09:00,678.1909935360862,678.1909935360862,662.9792329334077,665.5145263671875,1391000,0.0,0.0
2004-06-01 00:00:00+09:00,669.3176563234258,674.3882446289062,659.1764797124648,674.3882446289062,1098000,0.0,0.0
2004-06-02 00:00:00+09:00,671.8528606708234,671.8528606708234,659.1763916015625,659.1763916015625,765000,0.0,0.0
2004-06-03 00:00:00+09:00,659.1765703048856,662.9795120566445,640.1618615460908,650.3030395507812,1238000,0.0,0.0
2004-06-04 00:00:00+09:00,650.3029272896903,654.1058683849517,628.752927749876,638.8941040039062,977500,0.0,0.0
2004-06-07 00:00:00+09:00,649.0352071694599,681.994026283534,646.4999133914542,680.7263793945312,1796500,0.0,0.0
2004-06-08 00:00:00+09:00,688.3322607285482,690.867554506554,676.9234387275227,680.7263793945312,1274500,0.0,0.0
2004-06-09 00:00:00+09:00,685.796973845538,694.6705021577723,673.1205048280603,689.5999145507812,1148500,0.0,0.0
2004-06-10 00:00:00+09:00,676.9236844357949,709.8825155131932,676.9236844357949,708.6148681640625,1313000,0.0,0.0
2004-06-11 00:00:00+09:00,733.9676726876874,741.5735553062126,722.5588487598994,740.305908203125,3575500,0.0,0.0
2004-06-14 00:00:00+09:00,735.2352294921875,741.5734642291892,728.8969947551859,735.2352294921875,826000,0.0,0.0
2004-06-15 00:00:00+09:00,722.5588242551114,733.9676477959816,704.8117654137578,714.9529418945312,892000,0.0,0.0
2004-06-16 00:00:00+09:00,731.4323198530409,732.6999668545193,722.558790842692,730.1646728515625,606500,0.0,0.0
2004-06-17 00:00:00+09:00,741.5736222975326,770.7295083023928,737.7706806447246,768.1942138671875,2581500,0.0,0.0
2004-06-18 00:00:00+09:00,779.6026976322414,779.6026976322414,746.6438843990085,763.123291015625,1962000,0.0,0.0
2004-06-21 00:00:00+09:00,764.3909918025545,792.2792203591982,756.7851112871062,784.67333984375,1773000,0.0,0.0
2004-06-22 00:00:00+09:00,782.1383788460179,782.1383788460179,764.3913167652331,770.7295532226562,724000,0.0,0.0
2004-06-23 00:00:00+09:00,770.7294938568376,774.5324354383681,735.2353724292201,741.5736083984375,701500,0.0,0.0
2004-06-24 00:00:00+09:00,752.9821929931641,752.9821929931641,730.16455078125,750.4468994140625,773500,0.0,0.0
2004-06-25 00:00:00+09:00,738.9606525324974,763.2097931164653,738.9606525324974,759.3809814453125,490500,8.0,0.0
2004-06-28 00:00:00+09:00,759.3808982603011,791.2876586914062,759.3808982603011,791.2876586914062,972000,0.0,0.0
2004-06-29 00:00:00+09:00,778.5249048950587,795.1164192616748,775.9723642232717,793.8401489257812,1314500,0.0,0.0
2004-06-30 00:00:00+09:00,791.2878162427033,792.5640869140625,779.8013802004706,792.5640869140625,682000,0.0,0.0
2004-07-01 00:00:00+09:00,793.8403649740661,797.6691770237802,764.486139259591,770.8674926757812,940500,0.0,0.0
2004-07-02 00:00:00+09:00,769.5913021689968,784.9065519634047,763.2099480879934,775.97265625,1587500,0.0,0.0
2004-07-05 00:00:00+09:00,750.4470571313933,764.4860326899737,744.0657046047658,751.7233276367188,559500,0.0,0.0
2004-07-06 00:00:00+09:00,742.7893901393486,755.5520944372756,705.7775476753604,710.8826293945312,1242500,0.0,0.0
2004-07-07 00:00:00+09:00,707.0539786279729,732.5793930188745,693.0150007129771,721.0929565429688,1033000,0.0,0.0
2004-07-08 00:00:00+09:00,746.6182913944639,747.8945619780442,730.0267738079202,740.2369384765625,984500,0.0,0.0
2004-07-09 00:00:00+09:00,746.6181518554688,768.3147477213541,744.0656111653647,765.76220703125,726000,0.0,0.0
2004-07-12 00:00:00+09:00,767.0388047738084,783.630326341295,767.0388047738084,779.801513671875,553000,0.0,0.0
2004-07-13 00:00:00+09:00,781.077535257711,791.2876991172889,774.6961828454748,786.1826171875,618000,0.0,0.0
2004-07-14 00:00:00+09:00,798.9452811948714,810.4317149500694,786.1825770224294,791.2876586914062,1014000,0.0,0.0
2004-07-15 00:00:00+09:00,798.9452302693554,798.9452302693554,781.0774455668459,793.8401489257812,826500,0.0,0.0
2004-07-16 00:00:00+09:00,793.8399990592034,802.7738897238568,781.0772981096985,801.4976196289062,597500,0.0,0.0
2004-07-19 00:00:00+09:00,801.4976196289062,801.4976196289062,801.4976196289062,801.4976196289062,0,0.0,0.0
2004-07-20 00:00:00+09:00,797.6690515295251,798.9453220119724,782.3538057401582,786.1826171875,475500,0.0,0.0
2004-07-21 00:00:00+09:00,797.669183640253,804.050537109375,791.287830171131,804.050537109375,517000,0.0,0.0
2004-07-22 00:00:00+09:00,787.4589134106795,804.050430224843,782.3538313140139,800.2216186523438,498500,0.0,0.0
2004-07-23 00:00:00+09:00,798.9453633626302,800.2216339111328,786.1826578776042,796.392822265625,472500,0.0,0.0
2004-07-26 00:00:00+09:00,775.9724727348993,782.3538253067323,755.5521445050335,760.6572265625,586000,0.0,0.0
2004-07-27 00:00:00+09:00,754.2760156721977,760.6573694426901,712.159080786948,726.1980590820312,1366000,0.0,0.0
2004-07-28 00:00:00+09:00,744.0657814371461,749.1708639856,718.540368694877,732.579345703125,731000,0.0,0.0
2004-07-29 00:00:00+09:00,738.9606368741122,738.9606368741122,686.633545143821,701.9487915039062,636000,0.0,0.0
2004-07-30 00:00:00+09:00,705.7776570427192,738.960693359375,701.9488451600281,738.960693359375,502500,0.0,0.0
2004-08-02 00:00:00+09:00,726.1979315740411,726.1979315740411,695.5674388538707,701.9487915039062,795000,0.0,0.0
2004-08-03 00:00:00+09:00,703.2250722249349,708.3301544189453,678.9759318033855,689.1860961914062,594500,0.0,0.0
2004-08-04 00:00:00+09:00,671.3183034929057,681.5284678045848,650.8979748695473,680.252197265625,840500,0.0,0.0
2004-08-05 00:00:00+09:00,690.4623511937602,693.0148922332936,676.423375476327,677.6996459960938,585500,0.0,0.0
2004-08-06 00:00:00+09:00,652.1742352612446,670.042022528676,652.1742352612446,662.3843994140625,477000,0.0,0.0
2004-08-09 00:00:00+09:00,647.0690791689117,671.318216258082,641.9639976764548,666.213134765625,761000,0.0,0.0
2004-08-10 00:00:00+09:00,663.6607246968284,689.1861371851679,662.3844540724115,684.0810546875,651500,0.0,0.0
2004-08-11 00:00:00+09:00,722.3692690055425,731.3031645586146,709.6065610725824,715.9879150390625,1657500,0.0,0.0
2004-08-12 00:00:00+09:00,723.6454623607879,733.8556276145556,718.540379733904,719.816650390625,361500,0.0,0.0
2004-08-13 00:00:00+09:00,714.7114024442784,714.7114024442784,693.0148062986485,694.2910766601562,439500,0.0,0.0
2004-08-16 00:00:00+09:00,680.2520428825827,685.3571238798253,658.5554486443015,672.5944213867188,599000,0.0,0.0
2004-08-17 00:00:00+09:00,676.4233294400302,684.0809520374645,667.4894364096901,673.8707885742188,394000,0.0,0.0
2004-08-18 00:00:00+09:00,667.4894093969112,673.8707613031916,650.8978944405827,659.831787109375,573000,0.0,0.0
2004-08-19 00:00:00+09:00,672.5946300201996,676.4234419557985,662.3844648586027,671.318359375,486500,0.0,0.0
2004-08-20 00:00:00+09:00,676.423430059948,707.0539250060589,668.7658063234204,699.3963012695312,1022000,0.0,0.0
2004-08-23 00:00:00+09:00,700.6727226615383,721.0930570196159,700.6727226615383,707.0540771484375,512500,0.0,0.0
2004-08-24 00:00:00+09:00,718.5403188069662,740.2369181315105,715.9877777099609,735.1318359375,1071500,0.0,0.0
2004-08-25 00:00:00+09:00,735.1318110674873,765.7623031952993,730.0267290461853,751.7233276367188,763000,0.0,0.0
2004-08-26 00:00:00+09:00,764.4861366728433,765.7624073517628,740.2369937733707,746.6183471679688,500000,0.0,0.0
2004-08-27 00:00:00+09:00,751.7232332356771,765.76220703125,747.8944222005208,765.76220703125,552500,0.0,0.0
2004-08-30 00:00:00+09:00,764.485936686198,765.76220703125,756.8283146158855,765.76220703125,352000,0.0,0.0
2004-08-31 00:00:00+09:00,770.8675729851974,783.630281147204,765.7624897203948,775.97265625,691000,0.0,0.0
2004-09-01 00:00:00+09:00,777.2488460919715,783.6301995081617,768.3149513093051,770.8674926757812,441500,0.0,0.0
2004-09-02 00:00:00+09:00,770.8674926757812,774.6963047254953,758.1047858434007,770.8674926757812,676000,0.0,0.0
2004-09-03 00:00:00+09:00,778.5250707235987,779.8013413313422,760.6572822151882,767.0386352539062,431000,0.0,0.0
2004-09-06 00:00:00+09:00,760.6570508460303,775.9722934805142,760.6570508460303,769.5909423828125,248000,0.0,0.0
2004-09-07 00:00:00+09:00,770.8672908209508,783.6299943113638,769.5910204719095,781.0774536132812,505000,0.0,0.0
2004-09-08 00:00:00+09:00,784.9062711010072,791.2876228985763,782.3537303819794,790.0113525390625,399000,0.0,0.0
2004-09-09 00:00:00+09:00,792.5638719512195,795.116412601626,781.0774390243903,784.90625,240000,0.0,0.0
2004-09-10 00:00:00+09:00,769.5912318465732,781.0776681427908,759.3810662499354,773.4200439453125,744500,0.0,0.0
2004-09-13 00:00:00+09:00,768.3146192206711,778.5247802734375,764.4858088258837,778.5247802734375,382500,0.0,0.0
2004-09-14 00:00:00+09:00,778.5249048950587,796.3926895975683,778.5249048950587,793.8401489257812,623000,0.0,0.0
2004-09-15 00:00:00+09:00,797.6689532520326,797.6689532520326,783.6299796747968,784.90625,427500,0.0,0.0
2004-09-16 00:00:00+09:00,772.1438883330351,784.9065972311017,767.0388047738084,779.801513671875,580500,0.0,0.0
2004-09-17 00:00:00+09:00,777.2487432492659,778.5250137636325,755.5521445050335,760.6572265625,849000,0.0,0.0
2004-09-20 00:00:00+09:00,760.6572265625,760.6572265625,760.6572265625,760.6572265625,0,0.0,0.0
2004-09-21 00:00:00+09:00,760.657121642562,773.4198250258264,752.9994996126032,772.1435546875,477000,0.0,0.0
2004-09-22 00:00:00+09:00,778.5249297683303,778.5249297683303,750.4469814816036,755.5520629882812,809000,0.0,0.0
2004-09-23 00:00:00+09:00,755.5520629882812,755.5520629882812,755.5520629882812,755.5520629882812,0,0.0,0.0
2004-09-24 00:00:00+09:00,738.9606678929822,740.2369384765625,724.9216914735991,740.2369384765625,833000,0.0,0.0
2004-09-27 00:00:00+09:00,727.4743521787266,732.5794353519107,707.0540194859904,715.9879150390625,745500,0.0,0.0
2004-09-28 00:00:00+09:00,713.4351406605587,719.8164925448212,703.2249776457385,718.5402221679688,493500,0.0,0.0
2004-09-29 00:00:00+09:00,708.3300506367402,714.7114024442784,684.0809137680951,694.2910766601562,1198500,0.0,0.0
2004-09-30 00:00:00+09:00,701.9487558166837,709.6063786074112,699.3962148864412,700.6724853515625,927000,0.0,0.0
2004-10-01 00:00:00+09:00,712.1589856377963,744.0657502273033,707.0539033034752,740.2369384765625,1247500,0.0,0.0
2004-10-04 00:00:00+09:00,759.380945790095,767.0385687728522,750.4470523102115,758.1046752929688,1046500,0.0,0.0
2004-10-05 00:00:00+09:00,765.762409942829,774.6963047254953,759.3810565266388,770.8674926757812,618500,0.0,0.0
2004-10-06 00:00:00+09:00,758.1045494525381,769.5909820200008,750.4469277408963,764.4859008789062,562000,0.0,0.0
2004-10-07 00:00:00+09:00,773.4198250258264,778.5249063791322,768.3147436725206,772.1435546875,655000,0.0,0.0
2004-10-08 00:00:00+09:00,769.5910556911449,783.630030173073,769.5910556911449,782.353759765625,384500,0.0,0.0
2004-10-11 00:00:00+09:00,782.353759765625,782.353759765625,782.353759765625,782.353759765625,0,0.0,0.0
2004-10-12 00:00:00+09:00,773.4198291015625,777.2486401367188,760.6571256510417,765.76220703125,754000,0.0,0.0
2004-10-13 00:00:00+09:00,761.9334916793227,764.4860326899737,744.0657046047658,751.7233276367188,466000,0.0,0.0
2004-10-14 00:00:00+09:00,752.9996340002568,752.9996340002568,730.0267638104185,737.6843872070312,648000,0.0,0.0
2004-10-15 00:00:00+09:00,740.2369283392355,746.6182811697462,730.0267638104185,737.6843872070312,602500,0.0,0.0
2004-10-18 00:00:00+09:00,737.6844524155316,749.170888525808,737.6844524155316,746.6183471679688,392000,0.0,0.0
2004-10-19 00:00:00+09:00,759.3810876954758,765.762441373589,752.9997340173626,763.2098999023438,562000,0.0,0.0
2004-10-20 00:00:00+09:00,755.552241920406,758.1047832782452,746.6183471679688,746.6183471679688,380000,0.0,0.0
2004-10-21 00:00:00+09:00,754.2759251545384,755.5521957554768,741.5132191451554,742.7894897460938,336500,0.0,0.0
2004-10-22 00:00:00+09:00,751.723251858273,763.2096852482975,750.4469814816036,755.5520629882812,488000,0.0,0.0
2004-10-25 00:00:00+09:00,745.3421501358695,750.4472333559783,733.855712890625,733.855712890625,545000,0.0,0.0
2004-10-26 00:00:00+09:00,731.303126195094,740.2370212795017,719.8166896579983,730.02685546875,579500,0.0,0.0
2004-10-27 00:00:00+09:00,744.065760347032,751.7233839526618,741.5132191451554,742.7894897460938,485000,0.0,0.0
2004-10-28 00:00:00+09:00,752.9996034763003,760.6572265625,746.6182509044672,760.6572265625,690000,0.0,0.0
2004-10-29 00:00:00+09:00,761.9335895085738,761.9335895085738,747.8946121474444,752.9996948242188,408000,0.0,0.0
2004-11-01 00:00:00+09:00,731.3030343765207,749.1708223019505,731.3030343765207,737.6843872070312,500000,0.0,0.0
2004-11-02 00:00:00+09:00,740.2369881322828,761.9335895085738,737.6844467938956,752.9996948242188,619000,0.0,0.0
2004-11-03 00:00:00+09:00,752.9996948242186,752.9996948242186,752.9996948242186,752.9996948242188,0,0.0,0.0
2004-11-04 00:00:00+09:00,777.2486425661573,795.1164274527356,761.9333983776615,781.0774536132812,1138000,0.0,0.0
2004-11-05 00:00:00+09:00,784.906300580521,791.287652617761,777.248678135833,782.353759765625,254000,0.0,0.0
2004-11-08 00:00:00+09:00,784.9065972311017,786.1828681209084,779.801513671875,779.801513671875,409000,0.0,0.0
2004-11-09 00:00:00+09:00,772.1435546875,782.3537173941115,765.7622029958677,772.1435546875,529000,0.0,0.0
2004-11-10 00:00:00+09:00,768.3147436725206,778.5249063791322,768.3147436725206,772.1435546875,369000,0.0,0.0
2004-11-11 00:00:00+09:00,773.4197530414335,779.8011041391351,769.5909423828125,769.5909423828125,337000,0.0,0.0
2004-11-12 00:00:00+09:00,773.4198728499874,791.2876586914062,772.1436024327433,791.2876586914062,366500,0.0,0.0
2004-11-15 00:00:00+09:00,792.5641334260789,820.64208984375,792.5641334260789,820.64208984375,1094500,0.0,0.0
2004-11-16 00:00:00+09:00,833.4045289547857,867.8638280080464,825.74690694295,852.548583984375,2188500,0.0,0.0
2004-11-17 00:00:00+09:00,842.338475676059,852.548639017587,832.128312334531,843.61474609375,668500,0.0,0.0
2004-11-18 00:00:00+09:00,848.7197010763254,855.1010522122376,828.2993774414062,828.2993774414062,671000,0.0,0.0
2004-11-19 00:00:00+09:00,843.6148325602214,843.6148325602214,821.9182332356771,827.0233154296875,338000,0.0,0.0
2004-11-22 00:00:00+09:00,804.0505567484474,810.4319103734351,800.2217445734548,809.1556396484375,465000,0.0,0.0
2004-11-23 00:00:00+09:00,809.1556396484375,809.1556396484375,809.1556396484375,809.1556396484375,0,0.0,0.0
2004-11-24 00:00:00+09:00,811.708144077035,833.4047454124274,809.1556027434593,823.194580078125,541500,0.0,0.0
2004-11-25 00:00:00+09:00,833.4047195859738,834.6809902132111,823.1945545680752,824.4708251953125,223500,0.0,0.0
2004-11-26 00:00:00+09:00,825.7468695087492,828.2994100636449,814.2604370117188,814.2604370117188,213000,0.0,0.0
2004-11-29 00:00:00+09:00,810.4318181137365,839.78604144699,810.4318181137365,832.12841796875,280000,0.0,0.0
2004-11-30 00:00:00+09:00,833.4047830452597,848.7200317382812,832.1285123208412,848.7200317382812,610000,0.0,0.0
2004-12-01 00:00:00+09:00,851.2726213408679,852.548892137481,835.9573717815119,837.233642578125,429500,0.0,0.0
2004-12-02 00:00:00+09:00,842.3383864182691,848.7197378305287,821.9180618990384,829.57568359375,797500,0.0,0.0
2004-12-03 00:00:00+09:00,823.1943611476732,828.2994424571161,815.5367391835088,821.9180908203125,419500,0.0,0.0
2004-12-06 00:00:00+09:00,814.2603288785679,816.8128690944882,806.602708230807,810.4315185546875,619000,0.0,0.0
2004-12-07 00:00:00+09:00,810.4316805735253,815.536762025957,804.0503287579858,805.3265991210938,514500,0.0,0.0
2004-12-08 00:00:00+09:00,792.5640459960938,802.7742108398438,788.7352341796875,797.6691284179688,424500,0.0,0.0
2004-12-09 00:00:00+09:00,798.9453942752579,800.2216648731417,781.0776059048846,788.7352294921875,593500,0.0,0.0
2004-12-10 00:00:00+09:00,790.0114286348416,796.3927810470778,781.077535257711,786.1826171875,654000,0.0,0.0
2004-12-13 00:00:00+09:00,786.1827509411097,800.2217286364867,769.5912318465732,773.4200439453125,1077500,0.0,0.0
2004-12-14 00:00:00+09:00,774.6964301126484,783.630326341295,765.7625338840016,779.801513671875,730500,0.0,0.0
2004-12-15 00:00:00+09:00,786.182607827476,798.9453125,779.8012554912141,798.9453125,576000,0.0,0.0
2004-12-16 00:00:00+09:00,802.7742309570312,806.603042869386,791.2877952199672,802.7742309570312,536000,0.0,0.0
2004-12-17 00:00:00+09:00,790.0114192292332,804.0503943690096,790.0114192292332,798.9453125,669500,0.0,0.0
2004-12-20 00:00:00+09:00,800.2213495339558,810.4315102935597,798.9450794390053,801.4976196289062,442000,0.0,0.0
2004-12-21 00:00:00+09:00,806.602708230807,815.536598986528,802.7738979069267,810.4315185546875,517000,0.0,0.0
2004-12-22 00:00:00+09:00,821.9183094113373,827.0233920784884,812.9844147438228,823.194580078125,557500,0.0,0.0
2004-12-23 00:00:00+09:00,823.194580078125,823.194580078125,823.194580078125,823.194580078125,0,0.0,0.0
2004-12-24 00:00:00+09:00,820.6419321220612,830.8520961298007,818.0893911201264,819.3656616210938,891500,0.0,0.0
2004-12-27 00:00:00+09:00,827.071081062377,832.2081685223917,811.6598186823326,815.5126342773438,376500,8.0,0.0
2004-12-28 00:00:00+09:00,821.9342180365297,846.3353901344891,815.5128569581193,843.766845703125,692500,0.0,0.0
2004-12-29 00:00:00+09:00,848.9038101682534,857.8937143606554,836.0610898933933,846.3352661132812,356000,0.0,0.0
2004-12-30 00:00:00+09:00,852.7569237842017,859.1782861620948,852.7569237842017,856.6097412109375,239000,0.0,0.0
2004-12-31 00:00:00+09:00,856.6097412109375,856.6097412109375,856.6097412109375,856.6097412109375,0,0.0,0.0
2005-01-03 00:00:00+09:00,856.6097412109375,856.6097412109375,856.6097412109375,856.6097412109375,0,0.0,0.0
2005-01-04 00:00:00+09:00,869.452449031322,924.6761644055418,861.7468143279425,906.6963500976562,1556500,0.0,0.0
2005-01-05 00:00:00+09:00,898.9906343873297,910.549085400881,892.5692727131344,895.1378173828125,1304500,0.0,0.0
2005-01-06 00:00:00+09:00,882.2951565310252,892.5693359375,882.2951565310252,892.5693359375,320500,0.0,0.0
2005-01-07 00:00:00+09:00,896.421911391439,897.7061834707964,883.5791905978655,887.4320068359375,357500,0.0,0.0
2005-01-10 00:00:00+09:00,887.4320068359375,887.4320068359375,887.4320068359375,887.4320068359375,0,0.0,0.0
2005-01-11 00:00:00+09:00,891.2846346133426,902.8430808835445,891.2846346133426,897.7059936523438,489000,0.0,0.0
2005-01-12 00:00:00+09:00,893.8533672327243,893.8533672327243,882.2949185185081,887.4320068359375,362500,0.0,0.0
2005-01-13 00:00:00+09:00,892.5693801969115,892.5693801969115,877.158110323008,878.4423828125,506500,0.0,0.0
2005-01-14 00:00:00+09:00,886.1479110389392,901.5591790570078,881.0108216995831,895.1378173828125,1265000,0.0,0.0
2005-01-17 00:00:00+09:00,910.5492108662922,934.9503885904948,907.980665842692,924.6762084960938,1538500,0.0,0.0
2005-01-18 00:00:00+09:00,932.3815790949641,963.2041106352934,924.6759462098818,950.3613891601562,2021500,0.0,0.0
2005-01-19 00:00:00+09:00,943.9401946139958,954.2143736029917,932.3817432513755,933.666015625,774500,0.0,0.0
2005-01-20 00:00:00+09:00,920.8234148538523,933.6661403050915,920.8234148538523,931.0975952148438,466500,0.0,0.0
2005-01-21 00:00:00+09:00,928.5290260314941,934.9503885904948,918.254845937093,924.6762084960938,302500,0.0,0.0
2005-01-24 00:00:00+09:00,909.264519566613,927.2443264506985,909.264519566613,922.1072387695312,761000,0.0,0.0
2005-01-25 00:00:00+09:00,928.5286930110904,928.5286930110904,914.4017004479895,918.2545166015625,312000,0.0,0.0
2005-01-26 00:00:00+09:00,905.4118652343751,918.2545867270612,904.1275930851065,905.411865234375,746000,0.0,0.0
2005-01-27 00:00:00+09:00,913.117847681377,924.6763014494958,911.833575040475,923.3920288085938,351000,0.0,0.0
2005-01-28 00:00:00+09:00,919.5392108858874,923.3920288085938,906.6964844768667,923.3920288085938,371000,0.0,0.0
2005-01-31 00:00:00+09:00,920.823136876841,949.0771243402866,918.2545925619822,940.0872192382812,510000,0.0,0.0
2005-02-01 00:00:00+09:00,949.0771580658169,950.3614302688829,934.9501638320903,936.2344360351562,419000,0.0,0.0
2005-02-02 00:00:00+09:00,947.7929157413848,950.3614602284889,932.3816488187607,937.5187377929688,626000,0.0,0.0
2005-02-03 00:00:00+09:00,938.8032124148978,952.9302101393354,934.9503948536875,949.077392578125,475000,0.0,0.0
2005-02-04 00:00:00+09:00,937.5185828319512,947.7927590821645,933.6657667381213,941.3713989257812,662000,0.0,0.0
2005-02-07 00:00:00+09:00,949.0771170126425,956.7827498977249,941.3714841275602,950.3613891601562,528000,0.0,0.0
2005-02-08 00:00:00+09:00,951.6459274598393,964.4886525267738,951.6459274598393,959.3515625,566000,0.0,0.0
2005-02-09 00:00:00+09:00,956.7829296153079,960.6357467815441,946.5087505053449,955.4986572265625,495500,0.0,0.0
2005-02-10 00:00:00+09:00,950.361567671581,958.0672020040533,938.8031161728726,955.4986572265625,794000,0.0,0.0
2005-02-11 00:00:00+09:00,955.4986572265625,955.4986572265625,955.4986572265625,955.4986572265625,0,0.0,0.0
2005-02-14 00:00:00+09:00,949.0775088981536,956.7831449649857,947.7932362203483,954.214599609375,551500,0.0,0.0
2005-02-15 00:00:00+09:00,945.22412109375,950.3612087083899,943.93984919009,945.22412109375,312000,0.0,0.0
2005-02-16 00:00:00+09:00,940.0873896059782,943.9402067764945,879.7265872678894,886.14794921875,2650500,0.0,0.0
2005-02-17 00:00:00+09:00,879.7265161096427,881.0107883959342,855.3253426701052,861.7467041015625,3401500,0.0,0.0
2005-02-18 00:00:00+09:00,866.8837150053292,887.4320697313815,864.3151706645727,884.863525390625,1405000,0.0,0.0
2005-02-21 00:00:00+09:00,890.0007640860673,893.853581246613,886.1479469255215,888.7164916992188,606500,0.0,0.0
2005-02-22 00:00:00+09:00,879.7267920610107,883.5796101284311,861.7469744130483,865.5997924804688,786000,0.0,0.0
2005-02-23 00:00:00+09:00,861.7466080343935,868.16796875,854.0409751756657,868.16796875,529500,0.0,0.0
2005-02-24 00:00:00+09:00,875.8736572265625,877.1579294512348,868.1680238785282,875.8736572265625,348000,0.0,0.0
2005-02-25 00:00:00+09:00,883.5791905978655,888.7162789152949,873.3050139630066,887.4320068359375,493500,0.0,0.0
2005-02-28 00:00:00+09:00,904.1275240384615,918.2545166015624,895.1376196801245,918.2545166015625,1471500,0.0,0.0
2005-03-01 00:00:00+09:00,918.2549382449854,924.6763014494958,910.549302399573,923.3920288085938,940500,0.0,0.0
2005-03-02 00:00:00+09:00,924.6760548500346,931.0974163420487,915.6861487612149,925.9603271484375,498000,0.0,0.0
2005-03-03 00:00:00+09:00,933.6659609388544,933.6659609388544,923.3917825516318,925.9603271484375,458500,0.0,0.0
2005-03-04 00:00:00+09:00,928.5287865390296,928.5287865390296,914.4017925529586,916.9703369140625,342500,0.0,0.0
2005-03-07 00:00:00+09:00,918.2546426207037,923.3917315304699,913.1175537109375,913.1175537109375,273500,0.0,0.0
2005-03-08 00:00:00+09:00,901.5593032836914,927.244753519694,901.5593032836914,924.6762084960938,492500,0.0,0.0
2005-03-09 00:00:00+09:00,923.3916520772326,942.6557338312779,922.1073799602963,938.8029174804688,603500,0.0,0.0
2005-03-10 00:00:00+09:00,936.2343108006746,954.2141192385477,932.3814947068447,941.3713989257812,873000,0.0,0.0
2005-03-11 00:00:00+09:00,954.2142240769994,970.9097623179158,951.6456797322429,967.0569458007812,1144000,0.0,0.0
2005-03-14 00:00:00+09:00,976.0465398293396,990.1735292216064,973.4779963034729,974.7622680664062,1085000,0.0,0.0
2005-03-15 00:00:00+09:00,991.4581880505453,991.4581880505453,954.2142923854342,956.7828369140625,881000,0.0,0.0
2005-03-16 00:00:00+09:00,956.7828436692555,986.3211059570312,956.7828436692555,986.3211059570312,565500,0.0,0.0
2005-03-17 00:00:00+09:00,961.9199555834241,973.4784063180714,954.2143217603259,958.067138671875,536500,0.0,0.0
2005-03-18 00:00:00+09:00,973.4782252956081,997.87939453125,970.9096811655405,997.87939453125,860000,0.0,0.0
2005-03-21 00:00:00+09:00,997.87939453125,997.87939453125,997.87939453125,997.87939453125,0,0.0,0.0
2005-03-22 00:00:00+09:00,1000.4479718664203,1001.7322439740794,985.0367065745114,994.026611328125,769000,0.0,0.0
2005-03-23 00:00:00+09:00,990.1741026606426,990.1741026606426,956.7830174866131,959.3515625,1290000,0.0,0.0
2005-03-24 00:00:00+09:00,958.0668401303498,972.1938310706097,945.22412109375,945.22412109375,629500,0.0,0.0
2005-03-25 00:00:00+09:00,958.067181521046,958.067181521046,940.0873684630103,943.940185546875,342000,0.0,0.0
2005-03-28 00:00:00+09:00,943.9402394159603,960.6357810654943,943.9402394159603,951.6458740234375,165500,0.0,0.0
2005-03-29 00:00:00+09:00,950.3612087083899,958.0668401303498,941.37130538277,945.22412109375,301500,0.0,0.0
2005-03-30 00:00:00+09:00,932.3814211053362,936.2342368950277,906.6959825073932,909.2645263671875,634000,0.0,0.0
2005-03-31 00:00:00+09:00,922.1072937516142,932.3814697265625,918.2544777610085,932.3814697265625,646500,0.0,0.0
2005-04-01 00:00:00+09:00,932.3814073499742,942.6555826375773,919.5386882404705,934.949951171875,419500,0.0,0.0
2005-04-04 00:00:00+09:00,946.5088657563307,946.5088657563307,924.676232489224,931.0975952148438,331500,0.0,0.0
2005-04-05 00:00:00+09:00,931.0973765752087,940.0872822800727,928.5288320881047,937.5187377929688,332500,0.0,0.0
2005-04-06 00:00:00+09:00,943.9399057064417,960.6354414536304,933.6657298620178,952.9298095703125,441500,0.0,0.0
2005-04-07 00:00:00+09:00,954.2142056026975,958.0670220452386,940.0872119800464,950.3613891601562,414500,0.0,0.0
2005-04-08 00:00:00+09:00,925.960505034348,943.9403206660829,924.676232489224,931.0975952148438,1068500,0.0,0.0
2005-04-11 00:00:00+09:00,918.2546090946144,923.391697816822,915.6860647335105,916.9703369140625,483000,0.0,0.0
2005-04-12 00:00:00+09:00,913.117619062583,915.6861637012963,897.7063512303031,907.9805297851562,532500,0.0,0.0
2005-04-13 00:00:00+09:00,909.2647767678285,916.9704104692507,888.7164202307024,901.5591430664062,448500,0.0,0.0
2005-04-14 00:00:00+09:00,901.5590707474396,918.2546090946144,893.8534376641281,916.9703369140625,607500,0.0,0.0
2005-04-15 00:00:00+09:00,911.8333765146684,967.0570880500638,907.9805594308036,943.940185546875,4429500,0.0,0.0
2005-04-18 00:00:00+09:00,918.254342577147,928.5285170395487,893.8531782289431,897.7059936523438,1046000,0.0,0.0
2005-04-19 00:00:00+09:00,897.7061978192396,914.4017351177376,893.8533815195863,911.8331909179688,846000,0.0,0.0
2005-04-20 00:00:00+09:00,937.5187377929688,945.2243712542809,928.5288320881047,937.5187377929688,624000,0.0,0.0
2005-04-21 00:00:00+09:00,911.833275618081,924.6759978098848,906.6961867413594,920.8231811523438,462000,0.0,0.0
2005-04-22 00:00:00+09:00,933.6659609388544,934.9502332372572,916.9704210596177,925.9603271484375,344500,0.0,0.0
2005-04-25 00:00:00+09:00,927.2444209598995,934.9500532670454,918.2545166015624,918.2545166015625,280000,0.0,0.0
2005-04-26 00:00:00+09:00,905.4118799436786,929.8130511762032,904.1276077735457,927.2445068359375,293000,0.0,0.0
2005-04-27 00:00:00+09:00,914.4021203222792,925.9605740903978,914.4021203222792,923.3920288085938,194500,0.0,0.0
2005-04-28 00:00:00+09:00,920.8231870755868,927.2445482127945,907.9804648011714,913.1175537109375,423500,0.0,0.0
2005-04-29 00:00:00+09:00,913.1175537109375,913.1175537109375,913.1175537109375,913.1175537109375,0,0.0,0.0
2005-05-02 00:00:00+09:00,918.2544230086557,922.1072387695312,907.9802476463211,922.1072387695312,555000,0.0,0.0
2005-05-03 00:00:00+09:00,922.1072387695312,922.1072387695312,922.1072387695312,922.1072387695312,0,0.0,0.0
2005-05-04 00:00:00+09:00,922.1072387695312,922.1072387695312,922.1072387695312,922.1072387695312,0,0.0,0.0
2005-05-05 00:00:00+09:00,922.1072387695312,922.1072387695312,922.1072387695312,922.1072387695312,0,0.0,0.0
2005-05-06 00:00:00+09:00,933.6658136956046,964.4883439964223,932.3815415997371,961.9197998046875,1071500,0.0,0.0
2005-05-09 00:00:00+09:00,972.1939416374389,974.7624857368774,965.7725813888429,968.3411254882812,994000,0.0,0.0
2005-05-10 00:00:00+09:00,970.9099780143576,978.6156127605033,961.920070810521,965.7728881835938,756500,0.0,0.0
2005-05-11 00:00:00+09:00,965.7726699244552,979.8996637664352,963.2041255895497,972.1940307617188,942500,0.0,0.0
2005-05-12 00:00:00+09:00,973.4785600736278,974.7628325803213,956.7830174866131,959.3515625,498500,0.0,0.0
2005-05-13 00:00:00+09:00,964.4883439964223,977.3310649550964,961.9197998046875,961.9197998046875,496500,0.0,0.0
2005-05-16 00:00:00+09:00,974.7624332397132,974.7624332397132,950.3612656092066,952.9298095703125,603500,0.0,0.0
2005-05-17 00:00:00+09:00,954.2143644371812,969.6256327726404,937.5188237404337,943.940185546875,1019500,0.0,0.0
2005-05-18 00:00:00+09:00,950.3613665328959,955.4984550006412,938.8029174804688,938.8029174804688,530500,0.0,0.0
2005-05-19 00:00:00+09:00,945.2243005701014,961.9198384877798,941.3714841275602,950.3613891601562,717500,0.0,0.0
2005-05-20 00:00:00+09:00,961.9200191702894,961.9200191702894,950.361567671581,955.4986572265625,465500,0.0,0.0
2005-05-23 00:00:00+09:00,956.7828034589635,960.6356201171875,949.0771701425155,960.6356201171875,281000,0.0,0.0
2005-05-24 00:00:00+09:00,963.2040372894045,972.1939416374389,960.635493189966,968.3411254882812,560000,0.0,0.0
2005-05-25 00:00:00+09:00,970.9098318215185,970.9098318215185,952.93002012112,956.7828369140625,776500,0.0,0.0
2005-05-26 00:00:00+09:00,949.0774108465786,951.6459559368265,919.5391423087284,931.0975952148438,1218000,0.0,0.0
2005-05-27 00:00:00+09:00,937.5187377929688,941.3715545236248,931.0973765752087,937.5187377929688,483500,0.0,0.0
2005-05-30 00:00:00+09:00,941.3716408242985,951.6458197146046,938.803096101722,943.940185546875,829500,0.0,0.0
2005-05-31 00:00:00+09:00,954.21413294137,972.1939416374389,950.3613167922124,968.3411254882812,3741500,0.0,0.0
2005-06-01 00:00:00+09:00,961.9199259713193,963.2041982356335,950.3614755924917,956.7828369140625,843500,0.0,0.0
2005-06-02 00:00:00+09:00,961.9201177821592,961.9201177821592,945.2245750169149,949.077392578125,807500,0.0,0.0
2005-06-03 00:00:00+09:00,955.4984393253504,961.9197998046875,943.9399904625438,961.9197998046875,676000,0.0,0.0
2005-06-06 00:00:00+09:00,952.9299966455476,959.3513578089273,946.5086354821678,947.7929077148438,532500,0.0,0.0
2005-06-07 00:00:00+09:00,956.7825682266898,961.9196558413298,945.22412109375,945.22412109375,612000,0.0,0.0
2005-06-08 00:00:00+09:00,943.9400059482142,950.3613665328959,938.8029174804688,938.8029174804688,515000,0.0,0.0
2005-06-09 00:00:00+09:00,950.3616535334297,950.3616535334297,925.9604759427066,929.8132934570312,405000,0.0,0.0
2005-06-10 00:00:00+09:00,934.950128789169,946.5085781835406,929.8130401694483,942.65576171875,552000,0.0,0.0
2005-06-13 00:00:00+09:00,942.6559131855868,959.3514538823342,940.0873684630103,943.940185546875,639500,0.0,0.0
2005-06-14 00:00:00+09:00,945.2245932112069,946.5088657563307,931.0975952148436,931.0975952148438,459500,0.0,0.0
2005-06-15 00:00:00+09:00,943.9400450476649,943.9400450476649,922.107418155406,927.2445068359375,587500,0.0,0.0
2005-06-16 00:00:00+09:00,927.2445994468403,938.8030501324657,925.9603271484375,925.9603271484375,1220000,0.0,0.0
2005-06-17 00:00:00+09:00,933.6657417234311,937.5185577140367,928.5286537359569,932.3814697265625,873000,0.0,0.0
2005-06-20 00:00:00+09:00,938.8028548632279,941.3713989257812,931.097222675568,941.3713989257812,379500,0.0,0.0
2005-06-21 00:00:00+09:00,946.5087505053449,960.6357467815441,937.5188437841272,955.4986572265625,1046500,0.0,0.0
2005-06-22 00:00:00+09:00,954.2144724732262,970.910015060241,949.0773824464525,959.3515625,805500,0.0,0.0
2005-06-23 00:00:00+09:00,963.2042915590348,968.3413811140164,954.2143848378172,955.4986572265625,613000,0.0,0.0
2005-06-24 00:00:00+09:00,947.7928979231075,960.6356201171875,947.7928979231075,960.6356201171875,327000,0.0,0.0
2005-06-27 00:00:00+09:00,951.5973166441307,961.926731207432,950.306139823718,956.7620239257812,331000,8.0,0.0
2005-06-28 00:00:00+09:00,956.7621853390256,956.7621853390256,946.4327690330713,955.4710083007812,282000,0.0,0.0
2005-06-29 00:00:00+09:00,961.9271666745105,969.6742311041039,958.0536344597139,964.509521484375,430500,0.0,0.0
2005-06-30 00:00:00+09:00,967.0918334141674,970.9653654572147,960.635946675755,961.9271240234375,418000,0.0,0.0
2005-07-01 00:00:00+09:00,961.9267497879575,977.420871932193,960.6355729426045,972.2561645507812,623500,0.0,0.0
2005-07-04 00:00:00+09:00,978.7120018505988,987.7502393347072,972.2561179333785,983.876708984375,1061000,0.0,0.0
2005-07-05 00:00:00+09:00,986.4591017934872,987.7502786282954,978.7120407846378,982.5855712890625,540000,0.0,0.0
2005-07-06 00:00:00+09:00,973.5477201525797,978.7124295433096,960.635946675755,961.9271240234375,346000,0.0,0.0
2005-07-07 00:00:00+09:00,956.7618850153516,961.9265915471484,951.5971784835549,959.34423828125,304500,0.0,0.0
2005-07-08 00:00:00+09:00,960.6356201171874,968.3826815697454,956.7620893909084,960.6356201171875,334500,0.0,0.0
2005-07-11 00:00:00+09:00,967.091522216797,970.9650530133929,956.7621067592077,958.0532836914062,205000,0.0,0.0
2005-07-12 00:00:00+09:00,960.635946675755,965.8006560664849,952.8888825896602,961.9271240234375,184000,0.0,0.0
2005-07-13 00:00:00+09:00,959.3445571858063,961.9269113101287,951.5974948128387,952.888671875,478500,0.0,0.0
2005-07-14 00:00:00+09:00,951.5974948128387,958.053380123645,950.3063177506775,952.888671875,454500,0.0,0.0
2005-07-15 00:00:00+09:00,952.8881612335164,958.0528667144569,946.4322793823409,951.5969848632812,462500,0.0,0.0
2005-07-18 00:00:00+09:00,951.5969848632814,951.5969848632814,951.5969848632814,951.5969848632812,0,0.0,0.0
2005-07-19 00:00:00+09:00,960.6355543870193,960.6355543870193,947.7237861828927,956.7620239257812,355000,0.0,0.0
2005-07-20 00:00:00+09:00,956.7616903442217,958.0528667144569,950.3058084930462,951.5969848632812,175000,0.0,0.0
2005-07-21 00:00:00+09:00,959.3445394155142,959.3445394155142,951.5974771860484,955.4710083007812,239500,0.0,0.0
2005-07-22 00:00:00+09:00,951.5976529238334,954.1800074772224,945.141766540361,947.72412109375,419500,0.0,0.0
2005-07-25 00:00:00+09:00,943.8504245111852,950.3063097677597,941.2680704085554,945.1416015625,604500,0.0,0.0
2005-07-26 00:00:00+09:00,945.1416015625001,945.1416015625001,941.2680704085554,945.1416015625,291500,0.0,0.0
2005-07-27 00:00:00+09:00,942.5593370739598,955.4711088146989,942.5593370739598,954.179931640625,168000,0.0,0.0
2005-07-28 00:00:00+09:00,955.4711088146989,964.5093490332164,954.179931640625,954.179931640625,639500,0.0,0.0
2005-07-29 00:00:00+09:00,954.179931640625,961.9269946850685,950.3064001184033,954.179931640625,249000,0.0,0.0
2005-08-01 00:00:00+09:00,955.4709124821488,963.2179739347067,951.5973817558698,960.6356201171875,370500,0.0,0.0
2005-08-02 00:00:00+09:00,964.5094787188024,973.5477201525797,960.635946675755,961.9271240234375,810500,0.0,0.0
2005-08-03 00:00:00+09:00,968.3826685906729,974.8385530479441,961.9267841334017,967.0914916992188,606000,0.0,0.0
2005-08-04 00:00:00+09:00,973.5474068777902,973.5474068777902,956.7621067592077,958.0532836914062,754000,0.0,0.0
2005-08-05 00:00:00+09:00,956.7619701349068,961.9266771261883,941.2678491610621,946.4325561523438,608000,0.0,0.0
2005-08-08 00:00:00+09:00,949.0150974107826,950.3062744140626,934.8121503747028,950.3062744140625,434000,0.0,0.0
2005-08-09 00:00:00+09:00,961.9267841334017,972.2561992650355,956.7620765675848,967.0914916992188,746000,0.0,0.0
2005-08-10 00:00:00+09:00,974.8388442300483,1003.2447443268179,972.2564896757965,995.4976806640625,1605000,0.0,0.0
2005-08-11 00:00:00+09:00,1034.2325221887615,1084.588412782222,1026.48546209746,1079.4237060546875,4209500,0.0,0.0
2005-08-12 00:00:00+09:00,1060.056053904805,1075.550174059321,1047.144287109375,1047.144287109375,1020500,0.0,0.0
2005-08-15 00:00:00+09:00,1051.0178662468406,1063.9296336454504,1048.4355127671186,1053.6002197265625,660000,0.0,0.0
2005-08-16 00:00:00+09:00,1066.5123614449788,1066.5123614449788,1044.5623491634235,1057.47412109375,751000,0.0,0.0
2005-08-17 00:00:00+09:00,1058.765075829961,1091.0444988735574,1052.3091912212417,1076.841552734375,1789500,0.0,0.0
2005-08-18 00:00:00+09:00,1087.1712038352273,1094.9182670454545,1062.638837002841,1065.22119140625,821000,0.0,0.0
2005-08-19 00:00:00+09:00,1061.3472253780553,1061.3472253780553,1040.6883986067064,1043.270751953125,667000,0.0,0.0
2005-08-22 00:00:00+09:00,1053.6001724170155,1079.4237060546875,1045.853112325714,1079.4237060546875,1044000,0.0,0.0
2005-08-23 00:00:00+09:00,1085.879950171781,1087.1711272825678,1063.9299392884036,1071.677001953125,949000,0.0,0.0
2005-08-24 00:00:00+09:00,1045.8534522195464,1063.929931640625,1045.8534522195464,1063.929931640625,705500,0.0,0.0
2005-08-25 00:00:00+09:00,1069.0945759032297,1069.0945759032297,1036.8151503022866,1041.9798583984375,828000,0.0,0.0
2005-08-26 00:00:00+09:00,1034.23304172092,1045.8536376953125,1030.359509729456,1045.8536376953125,523000,0.0,0.0
2005-08-29 00:00:00+09:00,1029.067949403007,1041.9797179024174,1025.1944188531838,1026.485595703125,473500,0.0,0.0
2005-08-30 00:00:00+09:00,1039.3971672058105,1041.97952041626,1030.3589309692384,1032.9412841796875,792000,0.0,0.0
2005-08-31 00:00:00+09:00,1045.853255228038,1066.5120849609375,1036.8150172198946,1066.5120849609375,832000,0.0,0.0
2005-09-01 00:00:00+09:00,1084.588563012295,1109.1209233661446,1084.588563012295,1102.6650390625,1567500,0.0,0.0
2005-09-02 00:00:00+09:00,1102.665020505493,1105.2473741834917,1078.1326605645042,1087.1708984375,516000,0.0,0.0
2005-09-05 00:00:00+09:00,1088.4623771025756,1106.5388578610998,1083.2976683144257,1105.2476806640625,423000,0.0,0.0
2005-09-06 00:00:00+09:00,1096.2090968882062,1116.867925569256,1084.5885057551156,1088.4620361328125,574500,0.0,0.0
2005-09-07 00:00:00+09:00,1091.0444637471564,1093.6268175075047,1065.2209261436735,1082.0062255859375,489000,0.0,0.0
2005-09-08 00:00:00+09:00,1082.0061910815025,1087.1708984375,1067.803245852509,1087.1708984375,587500,0.0,0.0
2005-09-09 00:00:00+09:00,1097.5002586355863,1112.994379933971,1080.7149605623363,1109.120849609375,1087000,0.0,0.0
2005-09-12 00:00:00+09:00,1150.438814728427,1172.3888257838514,1149.1476376075195,1163.3505859375,1905500,0.0,0.0
2005-09-13 00:00:00+09:00,1189.174076228947,1213.706440450825,1178.8446597144716,1193.047607421875,1230500,0.0,0.0
2005-09-14 00:00:00+09:00,1181.4267922494598,1186.591499537982,1174.9709081388069,1176.2620849609375,660500,0.0,0.0
2005-09-15 00:00:00+09:00,1176.2621765801591,1199.5033611887682,1168.515115043956,1185.3004150390625,599000,0.0,0.0
2005-09-16 00:00:00+09:00,1172.3885544945458,1180.1356154273292,1151.729725340457,1176.2620849609375,820000,0.0,0.0
2005-09-19 00:00:00+09:00,1176.2620849609375,1176.2620849609375,1176.2620849609375,1176.2620849609375,0,0.0,0.0
2005-09-20 00:00:00+09:00,1189.1738562050718,1213.7062158879125,1169.8062038238818,1212.4150390625,469500,0.0,0.0
2005-09-21 00:00:00+09:00,1173.6798669105153,1173.6798669105153,1134.9445577715544,1151.7298583984375,2741500,0.0,0.0
2005-09-22 00:00:00+09:00,1151.7296040623237,1151.7296040623237,1142.691367259144,1143.9825439453125,704000,0.0,0.0
2005-09-23 00:00:00+09:00,1143.9825439453125,1143.9825439453125,1143.9825439453125,1143.9825439453125,0,0.0,0.0
2005-09-26 00:00:00+09:00,1158.1856231689453,1187.8826904296875,1156.8944463315217,1187.8826904296875,973000,0.0,0.0
2005-09-27 00:00:00+09:00,1187.8827909185084,1187.8827909185084,1162.0592519854972,1168.51513671875,796000,0.0,0.0
2005-09-28 00:00:00+09:00,1181.426884270961,1189.173945807164,1173.679822734758,1185.3004150390625,928000,0.0,0.0
2005-09-29 00:00:00+09:00,1213.7064883064788,1227.909436573895,1189.1741231173053,1199.5035400390625,1213000,0.0,0.0
2005-09-30 00:00:00+09:00,1212.4152633865158,1212.4152633865158,1189.174076228947,1193.047607421875,683500,0.0,0.0
2005-10-03 00:00:00+09:00,1193.0474940146169,1200.7945556640625,1171.0974860078545,1200.7945556640625,457000,0.0,0.0
2005-10-04 00:00:00+09:00,1191.7559258132685,1198.2118084016392,1171.0971015304815,1181.426513671875,425000,0.0,0.0
2005-10-05 00:00:00+09:00,1168.5151280285386,1181.4268973990197,1153.0210047839614,1160.76806640625,669000,0.0,0.0
2005-10-06 00:00:00+09:00,1122.0330810546875,1131.0713222139311,1112.9948398954436,1122.0330810546875,1182000,0.0,0.0
2005-10-07 00:00:00+09:00,1123.3241930364347,1153.0212694040645,1123.3241930364347,1140.1094970703125,383500,0.0,0.0
2005-10-10 00:00:00+09:00,1140.1094970703125,1140.1094970703125,1140.1094970703125,1140.1094970703125,0,0.0,0.0
2005-10-11 00:00:00+09:00,1137.5267848175515,1182.7179737717108,1136.23560799029,1180.1356201171875,389500,0.0,0.0
2005-10-12 00:00:00+09:00,1193.0476544629641,1225.3270823434557,1193.0476544629641,1199.5035400390625,1350000,0.0,0.0
2005-10-13 00:00:00+09:00,1178.8448044549853,1221.45365280878,1178.8448044549853,1220.1624755859375,472500,0.0,0.0
2005-10-14 00:00:00+09:00,1220.1625083809467,1229.2007491837687,1200.7948495177573,1211.124267578125,597000,0.0,0.0
2005-10-17 00:00:00+09:00,1217.5799716437534,1220.1623257723722,1187.8828991646374,1193.047607421875,610000,0.0,0.0
2005-10-18 00:00:00+09:00,1195.6298348326377,1198.2121886875677,1184.0092424854522,1189.1739501953125,415000,0.0,0.0
2005-10-19 00:00:00+09:00,1176.2622421584292,1189.1740121052835,1159.4769412275186,1171.0975341796875,534500,0.0,0.0
2005-10-20 00:00:00+09:00,1190.465189099969,1191.7563660946544,1167.2240031956312,1171.0975341796875,316000,0.0,0.0
2005-10-21 00:00:00+09:00,1150.4382772476947,1185.3000432248975,1147.8559242123463,1181.426513671875,346000,0.0,0.0
2005-10-24 00:00:00+09:00,1200.794542542498,1200.794542542498,1186.5915963403825,1189.1739501953125,185500,0.0,0.0
2005-10-25 00:00:00+09:00,1189.1740266342726,1235.6563990108566,1189.1740266342726,1222.74462890625,986000,0.0,0.0
2005-10-26 00:00:00+09:00,1234.3654948587152,1256.3155088886294,1227.9096083793286,1253.733154296875,852000,0.0,0.0
2005-10-27 00:00:00+09:00,1253.7325541907226,1264.0619676135093,1240.8207874122393,1261.4796142578125,1023000,0.0,0.0
2005-10-28 00:00:00+09:00,1251.1503768920898,1251.1503768920898,1216.2886016845703,1239.52978515625,1075000,0.0,0.0
2005-10-31 00:00:00+09:00,1239.52978515625,1244.694492594401,1226.6180165608723,1239.52978515625,1665500,0.0,0.0
2005-11-01 00:00:00+09:00,1252.4420711858486,1270.5185546875,1242.1126520420478,1270.5185546875,1239000,0.0,0.0
2005-11-02 00:00:00+09:00,1274.3914794921875,1276.9738330473895,1255.0238278281727,1274.3914794921875,2536500,0.0,0.0
2005-11-03 00:00:00+09:00,1274.3914794921875,1274.3914794921875,1274.3914794921875,1274.3914794921875,0,0.0,0.0
2005-11-04 00:00:00+09:00,1287.3035773767635,1288.5947544854664,1269.2270978549232,1275.6829833984375,2281000,0.0,0.0
2005-11-07 00:00:00+09:00,1275.6828779296875,1291.177001953125,1258.8975769042968,1291.177001953125,1934000,0.0,0.0
2005-11-08 00:00:00+09:00,1317.0004796135354,1326.0387181991184,1302.797533264762,1309.25341796875,1670500,0.0,0.0
2005-11-09 00:00:00+09:00,1313.127010986328,1328.6211350097656,1284.7211169433594,1291.177001953125,1490500,0.0,0.0
2005-11-10 00:00:00+09:00,1291.1768830128206,1291.1768830128206,1227.9092157451923,1258.8974609375,913500,0.0,0.0
2005-11-11 00:00:00+09:00,1271.8092521898675,1288.5945519649622,1261.4798369436553,1278.26513671875,1892000,0.0,0.0
2005-11-14 00:00:00+09:00,1291.1768076371172,1296.3415148676659,1262.7709178691007,1265.353271484375,866000,0.0,0.0
2005-11-15 00:00:00+09:00,1252.4418656266516,1261.4801058940604,1198.2124240221988,1221.45361328125,1344000,0.0,0.0
2005-11-16 00:00:00+09:00,1195.6297357021235,1212.415034367488,1162.0591383713943,1208.54150390625,1763000,0.0,0.0
2005-11-17 00:00:00+09:00,1213.7067493965956,1273.1009094734502,1213.7067493965956,1270.5185546875,1478000,0.0,0.0
2005-11-18 00:00:00+09:00,1302.7975289394783,1310.5445905585434,1291.1769365108803,1305.3798828125,2100500,0.0,0.0
2005-11-21 00:00:00+09:00,1310.5445098102396,1310.5445098102396,1265.353319816783,1271.8092041015625,1137500,0.0,0.0
2005-11-22 00:00:00+09:00,1271.8095308191635,1286.0124798943014,1252.44187298943,1273.1007080078125,803500,0.0,0.0
2005-11-23 00:00:00+09:00,1273.1007080078125,1273.1007080078125,1273.1007080078125,1273.1007080078125,0,0.0,0.0
2005-11-24 00:00:00+09:00,1276.9741496798358,1284.7212122663668,1212.4152947920788,1224.035888671875,1069500,0.0,0.0
2005-11-25 00:00:00+09:00,1214.9973668405898,1273.100322746888,1204.6679524572478,1257.606201171875,1691500,0.0,0.0
2005-11-28 00:00:00+09:00,1283.4302582247174,1291.1773221576632,1270.5184850031405,1284.721435546875,1354000,0.0,0.0
2005-11-29 00:00:00+09:00,1271.8096623252982,1298.9243860906092,1266.6449530366676,1284.721435546875,1101500,0.0,0.0
2005-11-30 00:00:00+09:00,1284.7212458889244,1304.088902862124,1284.7212458889244,1298.9241943359375,1506500,0.0,0.0
2005-12-01 00:00:00+09:00,1300.215161961234,1300.215161961234,1262.7710311798278,1293.75927734375,1047500,0.0,0.0
2005-12-02 00:00:00+09:00,1317.0004793778492,1349.2799028920122,1307.9622407938834,1345.4063720703125,1946000,0.0,0.0
2005-12-05 00:00:00+09:00,1371.2299401889036,1456.447620087649,1363.4828783799267,1408.674072265625,2170000,0.0,0.0
2005-12-06 00:00:00+09:00,1395.7625228440995,1413.8390032509612,1371.2301565776445,1385.43310546875,1249500,0.0,0.0
2005-12-07 00:00:00+09:00,1375.1033878879805,1386.7239798983014,1332.4945505168037,1335.076904296875,1436500,0.0,0.0
2005-12-08 00:00:00+09:00,1298.9242554328077,1307.9624957787616,1253.733053703038,1276.9742431640625,2526000,0.0,0.0
2005-12-09 00:00:00+09:00,1278.2652679413645,1333.7858805893227,1273.100559788066,1326.038818359375,1512500,0.0,0.0
2005-12-12 00:00:00+09:00,1346.6975186096133,1360.900464635218,1333.7857494954271,1354.444580078125,957500,0.0,0.0
2005-12-13 00:00:00+09:00,1355.7355709352355,1355.7355709352355,1329.912036250755,1336.367919921875,367000,0.0,0.0
2005-12-14 00:00:00+09:00,1329.9123120117188,1329.9123120117188,1280.8475859375,1291.177001953125,1154000,0.0,0.0
2005-12-15 00:00:00+09:00,1289.8860856681035,1323.4566945043105,1271.809603987069,1310.544921875,588500,0.0,0.0
2005-12-16 00:00:00+09:00,1274.3920868664252,1302.7979895118774,1258.897958150724,1270.5185546875,1837500,0.0,0.0
2005-12-19 00:00:00+09:00,1265.3532420489805,1278.2650098249906,1256.3150046057735,1274.3914794921875,380000,0.0,0.0
2005-12-20 00:00:00+09:00,1326.038779391207,1403.5093994140625,1314.4181863877789,1403.5093994140625,4025000,0.0,0.0
2005-12-21 00:00:00+09:00,1455.1563464108538,1528.7534287049252,1435.7886931755716,1468.068115234375,4607500,0.0,0.0
2005-12-22 00:00:00+09:00,1469.3591454381822,1479.6885594658672,1406.091484518612,1448.7003173828125,968000,0.0,0.0
2005-12-23 00:00:00+09:00,1448.7003173828125,1448.7003173828125,1448.7003173828125,1448.7003173828125,0,0.0,0.0
2005-12-26 00:00:00+09:00,1470.6507288946912,1499.0566253263707,1461.6124891209747,1483.5625,672000,0.0,0.0
2005-12-27 00:00:00+09:00,1452.4384459080718,1468.000286399944,1429.0956851702636,1445.954345703125,851500,10.0,0.0
2005-12-28 00:00:00+09:00,1447.2510301543446,1500.4206468535633,1436.8764707983994,1488.749267578125,685500,0.0,0.0
2005-12-29 00:00:00+09:00,1523.7634538703362,1565.2616926140388,1519.872993988114,1544.5125732421875,1875500,0.0,0.0
2005-12-30 00:00:00+09:00,1575.6367301778591,1575.6367301778591,1504.3116107047874,1523.763916015625,1098000,0.0,0.0
2006-01-02 00:00:00+09:00,1523.7639160156252,1523.7639160156252,1523.7639160156252,1523.763916015625,0,0.0,0.0
2006-01-03 00:00:00+09:00,1523.7639160156252,1523.7639160156252,1523.7639160156252,1523.763916015625,0,0.0,0.0
2006-01-04 00:00:00+09:00,1549.700323096742,1556.1844248670213,1504.3116107047874,1523.763916015625,570500,0.0,0.0
2006-01-05 00:00:00+09:00,1510.795194144871,1513.3888339631455,1426.5019000509512,1491.3428955078125,1040500,0.0,0.0
2006-01-06 00:00:00+09:00,1475.7814126872331,1484.8591542415481,1432.9863453597472,1442.0640869140625,1382500,0.0,0.0
2006-01-09 00:00:00+09:00,1442.0640869140625,1442.0640869140625,1442.0640869140625,1442.0640869140625,0,0.0,0.0
2006-01-10 00:00:00+09:00,1432.9861693552718,1432.9861693552718,1386.3006470957337,1414.8306884765625,1747500,0.0,0.0
2006-01-11 00:00:00+09:00,1414.830730445081,1444.6575927734375,1365.5515665982311,1444.6575927734375,1698500,0.0,0.0
2006-01-12 00:00:00+09:00,1469.2972979951498,1518.576465977335,1429.0958714833673,1508.201904296875,1490500,0.0,0.0
2006-01-13 00:00:00+09:00,1518.5761838836277,1536.7316634518352,1499.1238843462627,1515.9825439453125,1067000,0.0,0.0
2006-01-16 00:00:00+09:00,1506.9051298504307,1525.0606133426047,1465.406881868319,1486.156005859375,944500,0.0,0.0
2006-01-17 00:00:00+09:00,1436.8768138694936,1490.0464432635815,1414.830869974384,1427.799072265625,677500,0.0,0.0
2006-01-18 00:00:00+09:00,1410.9408579380445,1413.534499221019,1257.916022242558,1339.61572265625,1462500,0.0,0.0
2006-01-19 00:00:00+09:00,1338.3184992758077,1413.53407384751,1338.3184992758077,1385.0040283203125,1082500,0.0,0.0
2006-01-20 00:00:00+09:00,1436.876565629418,1436.876565629418,1331.834145217881,1375.926025390625,777000,0.0,0.0
2006-01-23 00:00:00+09:00,1324.0533143291323,1373.332477839913,1298.116912481353,1317.5692138671875,713000,0.0,0.0
2006-01-24 00:00:00+09:00,1326.6469358838776,1375.9260987026335,1326.6469358838776,1360.3642578125,590000,0.0,0.0
2006-01-25 00:00:00+09:00,1372.035620163165,1408.346581755385,1368.14515999257,1377.222900390625,746000,0.0,0.0
2006-01-26 00:00:00+09:00,1420.0181968097756,1420.0181968097756,1387.5976900332969,1405.753173828125,580000,0.0,0.0
2006-01-27 00:00:00+09:00,1431.6896448427913,1493.9370207055213,1430.3928245123177,1479.6719970703125,1302500,0.0,0.0
2006-01-30 00:00:00+09:00,1475.7814348369625,1488.74963725205,1449.8450300067875,1462.813232421875,1106500,0.0,0.0
2006-01-31 00:00:00+09:00,1462.8133380491747,1490.0465650873243,1448.548314362525,1453.735595703125,619000,0.0,0.0
2006-02-01 00:00:00+09:00,1470.594068557821,1509.498673546123,1453.7354063962234,1455.0322265625,964500,0.0,0.0
2006-02-02 00:00:00+09:00,1473.187811467511,1500.4210368555548,1461.5164291583494,1471.8909912109375,701500,0.0,0.0
2006-02-03 00:00:00+09:00,1484.8592694600425,1509.4988555908203,1465.4069646199546,1493.93701171875,906000,0.0,0.0
2006-02-06 00:00:00+09:00,1509.49863803964,1528.9509400762333,1478.3749547810908,1526.3572998046875,883000,0.0,0.0
2006-02-07 00:00:00+09:00,1532.8411935955212,1553.5903129673725,1517.2793540666325,1544.5125732421875,838000,0.0,0.0
2006-02-08 00:00:00+09:00,1538.0287132066212,1548.40327450987,1493.9368276678142,1506.905029296875,700500,0.0,0.0
2006-02-09 00:00:00+09:00,1553.5905368557223,1554.8873570033481,1471.8908675552962,1497.8272705078125,940500,0.0,0.0
2006-02-10 00:00:00+09:00,1497.827333325017,1497.827333325017,1390.1912565579378,1421.31494140625,1476000,0.0,0.0
2006-02-13 00:00:00+09:00,1430.392910128134,1432.9865509443227,1340.9123019696196,1351.286865234375,1181000,0.0,0.0
2006-02-14 00:00:00+09:00,1349.9898355657403,1394.081722606312,1273.4774433482776,1369.442138671875,974000,0.0,0.0
2006-02-15 00:00:00+09:00,1395.3788471203877,1413.5343339788315,1361.661514383278,1370.7392578125,844500,0.0,0.0
2006-02-16 00:00:00+09:00,1343.50562751224,1381.1134105217525,1312.381945021609,1340.9119873046875,1326000,0.0,0.0
2006-02-17 00:00:00+09:00,1355.177001953125,1379.8165838068182,1307.1946583433014,1355.177001953125,1983000,0.0,0.0
2006-02-20 00:00:00+09:00,1356.4738351890885,1368.1452161801992,1317.5692318853862,1326.64697265625,1259500,0.0,0.0
2006-02-21 00:00:00+09:00,1374.6295568445225,1418.721448290479,1348.693150111607,1416.1278076171875,1333500,0.0,0.0
2006-02-22 00:00:00+09:00,1413.534371353455,1458.923089699667,1394.082063490793,1423.908935546875,1229000,0.0,0.0
2006-02-23 00:00:00+09:00,1451.1418502482961,1482.2655360445062,1440.767288316226,1462.813232421875,1648500,0.0,0.0
2006-02-24 00:00:00+09:00,1462.813393217942,1506.9052862759295,1426.502422464305,1504.3116455078125,988500,0.0,0.0
2006-02-27 00:00:00+09:00,1488.7498270488595,1509.4989535582513,1430.3929087411952,1449.84521484375,1385500,0.0,0.0
2006-02-28 00:00:00+09:00,1465.4069570174713,1506.9052071277006,1436.8769100666889,1470.59423828125,1284500,0.0,0.0
2006-03-01 00:00:00+09:00,1465.4069787194746,1466.7037990546246,1431.6896500055752,1453.735595703125,911000,0.0,0.0
2006-03-02 00:00:00+09:00,1479.671710918476,1479.671710918476,1385.003845101606,1397.9720458984375,1155000,0.0,0.0
2006-03-03 00:00:00+09:00,1365.5516233615965,1379.8166450681279,1330.5374791728377,1368.145263671875,1557000,0.0,0.0
2006-03-06 00:00:00+09:00,1352.5835185331457,1412.2372499353746,1344.8025970458984,1410.9404296875,724500,0.0,0.0
2006-03-07 00:00:00+09:00,1422.6116023808997,1422.6116023808997,1374.629260276895,1377.222900390625,531500,0.0,0.0
2006-03-08 00:00:00+09:00,1403.1593376351086,1458.9226015152472,1377.2229358303932,1447.251220703125,1222000,0.0,0.0
2006-03-09 00:00:00+09:00,1458.9226432177347,1478.3749451273045,1417.424399143986,1477.078125,1089500,0.0,0.0
2006-03-10 00:00:00+09:00,1478.3749857129412,1525.0605115775604,1465.4067840838802,1506.905029296875,1315000,0.0,0.0
2006-03-13 00:00:00+09:00,1530.2478638196012,1605.4634367870053,1522.4669424781455,1580.8238525390625,2451000,0.0,0.0
2006-03-14 00:00:00+09:00,1606.7600282819083,1646.9614494899301,1587.3077276973816,1615.8377685546875,3146000,0.0,0.0
2006-03-15 00:00:00+09:00,1589.9016491499106,1601.5730315661822,1569.1525248543162,1582.1207275390625,1719000,0.0,0.0
2006-03-16 00:00:00+09:00,1557.4813406658986,1579.5272880358573,1495.2339598566039,1517.2799072265625,1723000,0.0,0.0
2006-03-17 00:00:00+09:00,1508.2018648729895,1569.1524131524654,1501.7177639921943,1541.919189453125,1448000,0.0,0.0
2006-03-20 00:00:00+09:00,1567.8555765407634,1606.7601814177053,1556.1841950776807,1596.3856201171875,1054000,0.0,0.0
2006-03-21 00:00:00+09:00,1596.3856201171875,1596.3856201171875,1596.3856201171875,1596.3856201171875,0,0.0,0.0
2006-03-22 00:00:00+09:00,1619.728301283329,1663.8201845848766,1608.05692040939,1652.1488037109375,1499500,0.0,0.0
2006-03-23 00:00:00+09:00,1678.0855774123304,1678.0855774123304,1589.9017912731972,1602.8699951171875,1449500,0.0,0.0
2006-03-24 00:00:00+09:00,1595.0886479311923,1665.1169300354886,1592.4950078532554,1615.8377685546875,823500,0.0,0.0
2006-03-27 00:00:00+09:00,1615.8381143213287,1658.633184764831,1576.9335048272358,1595.0889892578125,902500,0.0,0.0
2006-03-28 00:00:00+09:00,1608.0569396530018,1627.5092413423524,1576.9332569500405,1609.353759765625,1198000,0.0,0.0
2006-03-29 00:00:00+09:00,1621.0255802298088,1637.8842462641987,1598.9796323386834,1619.728759765625,525000,0.0,0.0
2006-03-30 00:00:00+09:00,1659.929999022674,1672.8982021400386,1637.884053723154,1658.6331787109375,1091000,0.0,0.0
2006-03-31 00:00:00+09:00,1663.8207331862404,1684.5698615813922,1636.5875021676036,1665.1175537109375,888000,0.0,0.0
2006-04-03 00:00:00+09:00,1680.6788146366503,1715.6929566082472,1659.9296934682966,1697.5374755859375,1301000,0.0,0.0
2006-04-04 00:00:00+09:00,1827.2196674262154,1873.9051947699654,1731.2549723307293,1750.707275390625,5550000,0.0,0.0
2006-04-05 00:00:00+09:00,1789.61160040079,1823.3289204083412,1739.0356203894632,1744.222900390625,2673000,0.0,0.0
2006-04-06 00:00:00+09:00,1783.127544188004,1792.2052844129612,1729.957922870398,1748.1134033203125,2301000,0.0,0.0
2006-04-07 00:00:00+09:00,1774.0502929687498,1781.831215306332,1748.1138851768092,1774.05029296875,1688000,0.0,0.0
2006-04-10 00:00:00+09:00,1722.1771891819783,1763.6754347044357,1720.8803690094016,1746.8167724609375,855000,0.0,0.0
2006-04-11 00:00:00+09:00,1746.8170488905503,1774.050276824256,1726.067922845822,1764.9725341796875,795000,0.0,0.0
2006-04-12 00:00:00+09:00,1746.816814778646,1764.9722976345488,1735.1454329427083,1750.707275390625,459500,0.0,0.0
2006-04-13 00:00:00+09:00,1763.6753297521232,1766.2689699429352,1726.06754698535,1755.8944091796875,772000,0.0,0.0
2006-04-14 00:00:00+09:00,1763.6757266372333,1767.566187798933,1752.004343152134,1762.37890625,565000,0.0,0.0
2006-04-17 00:00:00+09:00,1763.6753749050872,1763.6753749050872,1704.02164898918,1707.912109375,591500,0.0,0.0
2006-04-18 00:00:00+09:00,1687.1630880484902,1732.5517952596333,1685.8662678424575,1724.7708740234375,1094000,0.0,0.0
2006-04-19 00:00:00+09:00,1775.3468973977224,1775.3468973977224,1728.661369051252,1742.9263916015625,797000,0.0,0.0
2006-04-20 00:00:00+09:00,1729.9581703862648,1736.442271474669,1693.6472042912008,1696.2408447265625,951500,0.0,0.0
2006-04-21 00:00:00+09:00,1685.8666330243223,1692.350735459031,1618.4319677033493,1626.212890625,945000,0.0,0.0
2006-04-24 00:00:00+09:00,1600.2762705236917,1611.9476533719194,1566.5589422954777,1595.0889892578125,1217000,0.0,0.0
2006-04-25 00:00:00+09:00,1646.961516977748,1670.3042786357003,1621.0251151355787,1666.413818359375,1152000,0.0,0.0
2006-04-26 00:00:00+09:00,1666.4139857728399,1692.350390220666,1622.3220982115351,1644.3680419921875,885000,0.0,0.0
2006-04-27 00:00:00+09:00,1696.2410376644425,1716.9901635074325,1663.8205285347703,1706.6156005859375,1114500,0.0,0.0
2006-04-28 00:00:00+09:00,1689.756639789538,1714.3962224111813,1669.0075175818383,1705.3184814453125,781000,0.0,0.0
2006-05-01 00:00:00+09:00,1701.4279674009028,1702.7247874980071,1649.555163516729,1652.1488037109375,846500,0.0,0.0
2006-05-02 00:00:00+09:00,1678.08582014247,1729.958643021681,1669.0080761386082,1713.0999755859375,887000,0.0,0.0
2006-05-03 00:00:00+09:00,1713.0999755859375,1713.0999755859375,1713.0999755859375,1713.0999755859375,0,0.0,0.0
2006-05-04 00:00:00+09:00,1713.0999755859375,1713.0999755859375,1713.0999755859375,1713.0999755859375,0,0.0,0.0
2006-05-05 00:00:00+09:00,1713.0999755859375,1713.0999755859375,1713.0999755859375,1713.0999755859375,0,0.0,0.0
2006-05-08 00:00:00+09:00,1796.0964135100169,1837.5946699954468,1780.5345673279805,1824.62646484375,2010000,0.0,0.0
2006-05-09 00:00:00+09:00,1815.5480399349622,1822.032140077587,1776.6434390792128,1788.3148193359375,1064000,0.0,0.0
2006-05-10 00:00:00+09:00,1838.8912162364006,1866.124442993075,1754.5978953228844,1780.5343017578125,1692500,0.0,0.0
2006-05-11 00:00:00+09:00,1799.9867007606906,1823.3294677734373,1767.5661910207646,1774.05029296875,1079500,0.0,0.0
2006-05-12 00:00:00+09:00,1748.1137399923698,1785.7215281672798,1722.1773343545008,1779.2374267578125,882500,0.0,0.0
2006-05-15 00:00:00+09:00,1727.3644741207202,1744.2231364056822,1676.7884872658342,1694.9439697265625,1391000,0.0,0.0
2006-05-16 00:00:00+09:00,1704.0221198415072,1706.6157608153908,1622.3224291641748,1626.212890625,1094500,0.0,0.0
2006-05-17 00:00:00+09:00,1626.2126846313477,1632.6967862447104,1569.1525904337566,1618.4317626953125,1994000,0.0,0.0
2006-05-18 00:00:00+09:00,1556.1843470523233,1592.495315150211,1539.3256832925897,1576.9334716796875,1553500,0.0,0.0
2006-05-19 00:00:00+09:00,1571.7459951394544,1592.4951171875,1532.841391299369,1592.4951171875,837000,0.0,0.0
2006-05-22 00:00:00+09:00,1618.4316212871288,1641.774385055693,1570.4492735406354,1571.74609375,881000,0.0,0.0
2006-05-23 00:00:00+09:00,1493.936905420354,1547.106534866738,1452.4386580475664,1465.4068603515625,2100500,0.0,0.0
2006-05-24 00:00:00+09:00,1504.3114686691113,1536.731974459394,1468.000502183995,1503.0146484375,1348500,0.0,0.0
2006-05-25 00:00:00+09:00,1505.6080812420075,1530.2476622442455,1492.639880714514,1521.169921875,1209500,0.0,0.0
2006-05-26 00:00:00+09:00,1543.2160147283232,1557.481036713207,1508.201869856336,1553.590576171875,1218000,0.0,0.0
2006-05-29 00:00:00+09:00,1574.3397243378352,1582.1206455454355,1540.6223991048996,1548.4033203125,768500,0.0,0.0
2006-05-30 00:00:00+09:00,1548.40327450987,1548.40327450987,1505.608209133969,1506.905029296875,639000,0.0,0.0
2006-05-31 00:00:00+09:00,1455.032030013845,1541.9189694175238,1455.032030013845,1536.731689453125,2170500,0.0,0.0
2006-06-01 00:00:00+09:00,1549.700133115775,1571.7460764320663,1495.2336849225846,1499.1241455078125,1280500,0.0,0.0
2006-06-02 00:00:00+09:00,1503.0146282313221,1530.2478527290423,1412.2372132389212,1519.873291015625,1815500,0.0,0.0
2006-06-05 00:00:00+09:00,1522.4667724194874,1536.731793285428,1492.639910608884,1527.654052734375,674500,0.0,0.0
2006-06-06 00:00:00+09:00,1504.3110958095956,1515.9824750012217,1443.3605600311034,1451.1414794921875,1013000,0.0,0.0
2006-06-07 00:00:00+09:00,1407.0499296233127,1451.141816818882,1374.629424332453,1381.113525390625,1643000,0.0,0.0
2006-06-08 00:00:00+09:00,1379.8169390029625,1405.7533476308377,1355.177350806481,1395.3787841796875,1466500,0.0,0.0
2006-06-09 00:00:00+09:00,1403.1596169008026,1425.2055628225344,1362.9581861023507,1413.5341796875,908500,0.0,0.0
2006-06-12 00:00:00+09:00,1439.4701003005614,1461.516038773633,1394.0814034442374,1451.1414794921875,1360500,0.0,0.0
2006-06-13 00:00:00+09:00,1439.470500875663,1445.9546022309587,1394.0817913885926,1405.753173828125,946000,0.0,0.0
2006-06-14 00:00:00+09:00,1364.255027891423,1429.096046327327,1364.255027891423,1396.675537109375,949500,0.0,0.0
2006-06-15 00:00:00+09:00,1435.579676049739,1464.1097147788214,1426.5019364541217,1443.360595703125,707500,0.0,0.0
2006-06-16 00:00:00+09:00,1513.3893881962217,1521.1703105005724,1487.4529805150526,1504.3116455078125,717500,0.0,0.0
2006-06-19 00:00:00+09:00,1504.311050907258,1521.169709236391,1482.265113092238,1487.452392578125,510000,0.0,0.0
2006-06-20 00:00:00+09:00,1487.4528726420642,1497.8274349621483,1449.8450842317593,1464.110107421875,373000,0.0,0.0
2006-06-21 00:00:00+09:00,1457.6259549688348,1465.4068764366398,1401.8626844495643,1436.8768310546875,476000,0.0,0.0
2006-06-22 00:00:00+09:00,1458.9227886452024,1477.0782722372314,1440.7673050531732,1471.8909912109375,617500,0.0,0.0
2006-06-23 00:00:00+09:00,1465.4068603515625,1474.4846019643599,1436.876815282771,1465.4068603515625,1012000,0.0,0.0
2006-06-26 00:00:00+09:00,1473.1877050613168,1508.2018494597812,1460.2195034322558,1506.905029296875,1139500,0.0,0.0
2006-06-27 00:00:00+09:00,1552.3327644952835,1564.0141983418198,1531.5657709903298,1539.3533935546875,1486500,2.0,0.0
2006-06-28 00:00:00+09:00,1531.5659000736257,1531.5659000736257,1483.5422235458934,1487.43603515625,788000,0.0,0.0
2006-06-29 00:00:00+09:00,1513.3948456484109,1538.0556535963694,1512.096908387992,1528.9700927734375,814000,0.0,0.0
2006-06-30 00:00:00+09:00,1599.0584965716762,1600.3564336630493,1557.5245096477365,1591.2708740234375,1078000,0.0,0.0
2006-07-03 00:00:00+09:00,1609.442190362887,1609.442190362887,1587.3772571079119,1593.866943359375,679500,0.0,0.0
2006-07-04 00:00:00+09:00,1606.8464754754882,1606.8464754754882,1566.61041671964,1595.1650390625,573000,0.0,0.0
2006-07-05 00:00:00+09:00,1571.8019489866879,1606.8462533819318,1566.6102001873924,1600.3565673828125,531000,0.0,0.0
2006-07-06 00:00:00+09:00,1574.3978440741532,1589.9730906767004,1522.4803553989957,1544.5452880859375,1187000,0.0,0.0
2006-07-07 00:00:00+09:00,1557.524614041169,1561.4184255762718,1510.7988756199338,1521.182373046875,603500,0.0,0.0
2006-07-10 00:00:00+09:00,1503.0111662104464,1552.332776155176,1496.521480691403,1548.43896484375,584000,0.0,0.0
2006-07-11 00:00:00+09:00,1522.4801886816238,1544.545118952372,1490.0317618128765,1508.202880859375,567500,0.0,0.0
2006-07-12 00:00:00+09:00,1509.5005919753864,1523.7778976604502,1436.816126669607,1448.49755859375,1188000,0.0,0.0
2006-07-13 00:00:00+09:00,1453.6895626947908,1495.2235502003562,1418.64526073697,1457.5833740234375,1500000,0.0,0.0
2006-07-14 00:00:00+09:00,1466.6696272608579,1473.1593158770563,1414.75211833127,1425.1356201171875,1297000,0.0,0.0
2006-07-17 00:00:00+09:00,1425.1356201171875,1425.1356201171875,1425.1356201171875,1425.1356201171875,0,0.0,0.0
2006-07-18 00:00:00+09:00,1388.7927053857036,1408.2617620032602,1313.5123531311515,1318.7041015625,1036000,0.0,0.0
2006-07-19 00:00:00+09:00,1335.5772463319358,1365.4297989710365,1297.9370712652437,1330.385498046875,941000,0.0,0.0
2006-07-20 00:00:00+09:00,1382.3028809964042,1392.6863768160956,1348.5565195824076,1387.49462890625,1099000,0.0,0.0
2006-07-21 00:00:00+09:00,1388.7926025390625,1408.2616577148438,1357.6421142578126,1388.7926025390625,1177000,0.0,0.0
2006-07-24 00:00:00+09:00,1344.6632035731357,1366.728140311305,1305.725079917543,1357.642578125,1341000,0.0,0.0
2006-07-25 00:00:00+09:00,1409.559871434713,1409.559871434713,1358.9403180406487,1368.02587890625,567500,0.0,0.0
2006-07-26 00:00:00+09:00,1381.0053147715087,1387.495001401074,1347.2589442977687,1361.5362548828125,529500,0.0,0.0
2006-07-27 00:00:00+09:00,1382.3033368510585,1416.0497093939011,1364.132213174143,1408.2620849609375,867000,0.0,0.0
2006-07-28 00:00:00+09:00,1434.220743204573,1482.2444241987534,1421.2413699629028,1470.56298828125,1177500,0.0,0.0
2006-07-31 00:00:00+09:00,1487.4358637518217,1515.990478937284,1483.5420525901677,1503.0111083984375,865500,0.0,0.0
2006-08-01 00:00:00+09:00,1504.309315176384,1564.0144303602613,1504.309315176384,1556.226806640625,1134500,0.0,0.0
2006-08-02 00:00:00+09:00,1531.565876369934,1569.2060546875,1517.288567352926,1569.2060546875,882000,0.0,0.0
2006-08-03 00:00:00+09:00,1576.993677787686,1592.5689239880583,1543.247311020213,1569.2060546875,863500,0.0,0.0
2006-08-04 00:00:00+09:00,1583.483154296875,1589.9728393554688,1575.6955322265626,1583.483154296875,806000,0.0,0.0
2006-08-07 00:00:00+09:00,1580.887391506585,1586.0791399187576,1558.8224607548511,1561.4183349609375,387500,0.0,0.0
2006-08-08 00:00:00+09:00,1554.9286485437706,1575.6956421804152,1544.5451517254482,1574.397705078125,355500,0.0,0.0
2006-08-09 00:00:00+09:00,1552.3330318910416,1606.846399231697,1549.7371572557724,1605.5484619140625,394000,0.0,0.0
2006-08-10 00:00:00+09:00,1606.8462353747038,1657.4657856005629,1596.4627378924763,1643.1884765625,846500,0.0,0.0
2006-08-11 00:00:00+09:00,1669.1467169620346,1691.2116424584224,1654.8694122290779,1673.04052734375,1330000,0.0,0.0
2006-08-14 00:00:00+09:00,1661.359375,1706.7871704101565,1648.3800048828125,1700.2974853515625,564000,0.0,0.0
2006-08-15 00:00:00+09:00,1702.89355175488,1737.9378550303234,1692.510054488082,1728.852294921875,789500,0.0,0.0
2006-08-16 00:00:00+09:00,1745.725711208158,1745.725711208158,1717.1710899095858,1732.746337890625,763000,0.0,0.0
2006-08-17 00:00:00+09:00,1749.6195633602,1785.9618094834088,1714.5752545985342,1721.06494140625,1372000,0.0,0.0
2006-08-18 00:00:00+09:00,1719.7665892451641,1734.0438967785203,1709.3830928572688,1723.660400390625,620000,0.0,0.0
2006-08-21 00:00:00+09:00,1724.958780184659,1737.938154000947,1710.6814689867424,1713.27734375,633500,0.0,0.0
2006-08-22 00:00:00+09:00,1714.5747571433872,1788.5571652865915,1713.2768201584186,1776.875732421875,1942000,0.0,0.0
2006-08-23 00:00:00+09:00,1776.8761536414834,1776.8761536414834,1737.9380348619038,1748.321533203125,1375000,0.0,0.0
2006-08-24 00:00:00+09:00,1706.787778731934,1713.2774661035382,1671.7434669252707,1678.233154296875,1834000,0.0,0.0
2006-08-25 00:00:00+09:00,1683.4247254086586,1693.808224100462,1657.4659786791494,1658.763916015625,1462500,0.0,0.0
2006-08-28 00:00:00+09:00,1648.3801887120183,1654.869874494349,1622.4214455826952,1641.8905029296875,782500,0.0,0.0
2006-08-29 00:00:00+09:00,1658.7637962557915,1669.1472941979248,1641.890612099825,1645.784423828125,556000,0.0,0.0
2006-08-30 00:00:00+09:00,1648.3804407081452,1671.7433130961347,1597.7608838675014,1615.9320068359375,1105500,0.0,0.0
2006-08-31 00:00:00+09:00,1615.9319385919043,1650.9762456938975,1615.9319385919043,1648.38037109375,1018500,0.0,0.0
2006-09-01 00:00:00+09:00,1726.2557821317218,1731.4475288448998,1697.7011752092421,1710.6805419921875,2224000,0.0,0.0
2006-09-04 00:00:00+09:00,1724.9585689140565,1735.34206669533,1711.9791966874648,1727.554443359375,1158500,0.0,0.0
2006-09-05 00:00:00+09:00,1722.3626545319732,1757.4069587311922,1702.8935966435185,1752.2152099609375,900000,0.0,0.0
2006-09-06 00:00:00+09:00,1762.5984007437733,1783.3653922105627,1745.7252201770066,1758.70458984375,1397500,0.0,0.0
2006-09-07 00:00:00+09:00,1739.235838035301,1758.7048959237557,1718.4688429542823,1752.2152099609375,1098500,0.0,0.0
2006-09-08 00:00:00+09:00,1700.2978689488264,1750.9174238259288,1691.212307817039,1731.4483642578125,1486500,0.0,0.0
2006-09-11 00:00:00+09:00,1732.7463984105189,1732.7463984105189,1691.21240234375,1691.21240234375,495000,0.0,0.0
2006-09-12 00:00:00+09:00,1695.1058840137318,1715.872877998586,1680.8285756491446,1692.510009765625,841500,0.0,0.0
2006-09-13 00:00:00+09:00,1740.5337937339834,1741.8317309403474,1695.105991511247,1709.38330078125,1168000,0.0,0.0
2006-09-14 00:00:00+09:00,1710.680968905276,1723.660338927319,1656.167614812695,1665.253173828125,1219500,0.0,0.0
2006-09-15 00:00:00+09:00,1639.2949633274482,1666.5516491784983,1628.9114639556194,1662.6578369140625,1485500,0.0,0.0
2006-09-18 00:00:00+09:00,1662.6578369140625,1662.6578369140625,1662.6578369140625,1662.6578369140625,0,0.0,0.0
2006-09-19 00:00:00+09:00,1683.4249453915984,1714.5754455376266,1662.6579452942465,1666.5517578125,877500,0.0,0.0
2006-09-20 00:00:00+09:00,1665.253223295159,1665.253223295159,1622.4213009500768,1636.6986083984375,1091000,0.0,0.0
2006-09-21 00:00:00+09:00,1639.2945910203775,1660.0615850475556,1618.5275969931993,1653.5718994140625,612500,0.0,0.0
2006-09-22 00:00:00+09:00,1630.209314305279,1647.0824998832793,1612.0381913751244,1628.911376953125,791500,0.0,0.0
2006-09-25 00:00:00+09:00,1630.2092076791466,1635.4009567481885,1566.6102815833838,1612.0380859375,1041000,0.0,0.0
2006-09-26 00:00:00+09:00,1599.0587053571428,1619.8257015306122,1576.9937719228317,1589.97314453125,707500,0.0,0.0
2006-09-27 00:00:00+09:00,1609.4423453112754,1656.1680908203125,1604.2505958102713,1656.1680908203125,782000,0.0,0.0
2006-09-28 00:00:00+09:00,1708.0856530070755,1728.8526518278304,1675.6372173496463,1719.76708984375,1335000,0.0,0.0
2006-09-29 00:00:00+09:00,1721.0645262936512,1723.660400390625,1687.3181630329914,1723.660400390625,745000,0.0,0.0
2006-10-02 00:00:00+09:00,1723.6605199253524,1749.6192626953125,1715.8728970943644,1749.6192626953125,1007500,0.0,0.0
2006-10-03 00:00:00+09:00,1723.6607634996262,1750.9174472597858,1718.4690142119766,1736.64013671875,858000,0.0,0.0
2006-10-04 00:00:00+09:00,1750.9171642911192,1776.8759065341308,1719.7666735995056,1735.3419189453125,968500,0.0,0.0
2006-10-05 00:00:00+09:00,1748.321718400708,1749.6196558308495,1714.575345217027,1741.83203125,712500,0.0,0.0
2006-10-06 00:00:00+09:00,1741.8314092769835,1765.194274677122,1730.1499765769142,1758.70458984375,728000,0.0,0.0
2006-10-09 00:00:00+09:00,1758.70458984375,1758.70458984375,1758.70458984375,1758.70458984375,0,0.0,0.0
2006-10-10 00:00:00+09:00,1732.746285691293,1765.1947180076095,1730.1504111059878,1748.321533203125,665500,0.0,0.0
2006-10-11 00:00:00+09:00,1749.61962742773,1758.705189291227,1706.7876929283864,1714.5753173828125,740500,0.0,0.0
2006-10-12 00:00:00+09:00,1701.5955696339988,1713.2770037504793,1670.4450786567174,1692.510009765625,1153500,0.0,0.0
2006-10-13 00:00:00+09:00,1713.2764750333206,1718.468221927361,1678.2321834985482,1704.19091796875,893500,0.0,0.0
2006-10-16 00:00:00+09:00,1706.7869585769968,1774.2796748096994,1704.1910848757389,1770.3858642578125,808500,0.0,0.0
2006-10-17 00:00:00+09:00,1762.5988595667986,1766.492671480422,1721.0648658214839,1731.4483642578125,887500,0.0,0.0
2006-10-18 00:00:00+09:00,1719.7669515338891,1743.1298233283117,1708.0855156366777,1736.64013671875,596500,0.0,0.0
2006-10-19 00:00:00+09:00,1762.5991485415127,1765.1950235761835,1747.0238983334875,1754.8115234375,544000,0.0,0.0
2006-10-20 00:00:00+09:00,1780.7698463043037,1810.6224020368102,1780.7698463043037,1796.3450927734375,1686000,0.0,0.0
2006-10-23 00:00:00+09:00,1822.3034688398927,1862.5395140920555,1806.7282255164748,1861.2415771484375,1502000,0.0,0.0
2006-10-24 00:00:00+09:00,1867.7310580433848,1898.8815412908075,1867.7310580433848,1888.498046875,2078000,0.0,0.0
2006-10-25 00:00:00+09:00,1883.3069970493414,1884.6049343319391,1804.1328228108785,1813.2183837890625,1525000,0.0,0.0
2006-10-26 00:00:00+09:00,1800.2387071993128,1840.4747561706024,1791.153147754183,1832.6871337890625,946000,0.0,0.0
2006-10-27 00:00:00+09:00,1845.6672985839843,1845.6672985839843,1802.835357055664,1817.1126708984375,516500,0.0,0.0
2006-10-30 00:00:00+09:00,1791.153568017222,1810.622628539148,1774.2803822315525,1778.1741943359375,495000,0.0,0.0
2006-10-31 00:00:00+09:00,1796.3450420565455,1824.8996597770974,1776.8759845198056,1811.9202880859375,786500,0.0,0.0
2006-11-01 00:00:00+09:00,1813.2183837890627,1819.7080702020514,1793.7493245500964,1813.2183837890625,673500,0.0,0.0
2006-11-02 00:00:00+09:00,1811.9198177562039,1823.601249246036,1756.1085339714498,1765.194091796875,890500,0.0,0.0
2006-11-03 00:00:00+09:00,1765.1940917968748,1765.1940917968748,1765.1940917968748,1765.194091796875,0,0.0,0.0
2006-11-06 00:00:00+09:00,1726.2563220813406,1767.7903087780344,1715.872825407167,1747.0233154296875,1122000,0.0,0.0
2006-11-07 00:00:00+09:00,1766.4926951227344,1767.7906324446467,1717.1710768900643,1736.64013671875,1089500,0.0,0.0
2006-11-08 00:00:00+09:00,1754.8110541801948,1758.7048656909496,1693.8080071783686,1698.999755859375,1049500,0.0,0.0
2006-11-09 00:00:00+09:00,1706.787914386998,1706.787914386998,1622.4219718507584,1652.2745361328125,1757000,0.0,0.0
2006-11-10 00:00:00+09:00,1626.315075683594,1650.97587890625,1608.1439575195313,1622.4212646484375,1483500,0.0,0.0
2006-11-13 00:00:00+09:00,1622.421499779818,1623.7194369796418,1596.462755783341,1600.3565673828125,945500,0.0,0.0
2006-11-14 00:00:00+09:00,1610.7401893916092,1665.2535559947096,1604.25050289124,1648.38037109375,1155500,0.0,0.0
2006-11-15 00:00:00+09:00,1660.0614001849085,1674.338706988688,1605.548046934114,1608.1439208984375,1008500,0.0,0.0
2006-11-16 00:00:00+09:00,1632.805729838251,1657.4665476974933,1599.0593475045512,1604.2510986328125,1247000,0.0,0.0
2006-11-17 00:00:00+09:00,1583.4834222867128,1601.6545435260684,1483.5422554702564,1514.6927490234375,3270500,0.0,0.0
2006-11-20 00:00:00+09:00,1474.4566951717343,1479.6484440983954,1422.539205905124,1440.7103271484375,2709000,0.0,0.0
2006-11-21 00:00:00+09:00,1442.0085223162616,1470.563146520544,1406.9642107928241,1436.8167724609375,1560000,0.0,0.0
2006-11-22 00:00:00+09:00,1442.0082415829213,1514.692725407083,1429.0288694714638,1509.5009765625,1883000,0.0,0.0
2006-11-23 00:00:00+09:00,1509.5009765625,1509.5009765625,1509.5009765625,1509.5009765625,0,0.0,0.0
2006-11-24 00:00:00+09:00,1535.4597921168552,1538.0556666597408,1493.925799430685,1525.0762939453125,1371000,0.0,0.0
2006-11-27 00:00:00+09:00,1499.1172960069443,1547.1409669612794,1499.1172960069443,1541.94921875,1277000,0.0,0.0
2006-11-28 00:00:00+09:00,1515.9905363544262,1573.099768888326,1515.9905363544262,1561.4183349609375,855000,0.0,0.0
2006-11-29 00:00:00+09:00,1596.462755783341,1606.8462533819318,1573.0998861865116,1600.3565673828125,922000,0.0,0.0
2006-11-30 00:00:00+09:00,1613.335486016473,1619.8251701919212,1587.3767493146793,1614.6334228515625,974000,0.0,0.0
2006-12-01 00:00:00+09:00,1640.5928131225098,1641.8907504746637,1613.3361287272783,1628.911376953125,805000,0.0,0.0
2006-12-04 00:00:00+09:00,1643.1884765625,1648.3802253036138,1615.931795671653,1643.1884765625,999000,0.0,0.0
2006-12-05 00:00:00+09:00,1675.6364967256434,1679.5303073299633,1641.8901381548715,1654.8695068359375,1653500,0.0,0.0
2006-12-06 00:00:00+09:00,1670.4447272054729,1680.828222013277,1653.5715481427912,1675.636474609375,687500,0.0,0.0
2006-12-07 00:00:00+09:00,1693.8080472724382,1693.8080472724382,1663.9554916500122,1674.3389892578125,838500,0.0,0.0
2006-12-08 00:00:00+09:00,1693.8082208100313,1700.2979074798016,1662.657724795134,1671.7432861328125,956500,0.0,0.0
2006-12-11 00:00:00+09:00,1667.8488418602685,1679.5302734375,1635.4004208124034,1679.5302734375,782500,0.0,0.0
2006-12-12 00:00:00+09:00,1695.1059825721154,1709.383291766827,1675.636924579327,1687.318359375,1093500,0.0,0.0
2006-12-13 00:00:00+09:00,1686.020422175481,1693.808045372596,1670.44517578125,1687.318359375,512500,0.0,0.0
2006-12-14 00:00:00+09:00,1708.0855677908185,1724.9587534908796,1699.000006260016,1721.06494140625,999500,0.0,0.0
2006-12-15 00:00:00+09:00,1749.6190315218637,1784.663329630981,1747.023157587855,1771.6839599609375,2032500,0.0,0.0
2006-12-18 00:00:00+09:00,1782.0673665486408,1782.0673665486408,1727.554016661501,1734.043701171875,1263500,0.0,0.0
2006-12-19 00:00:00+09:00,1711.9793402109015,1713.2772775423728,1678.2329695926426,1684.72265625,1975500,0.0,0.0
2006-12-20 00:00:00+09:00,1658.7637159922951,1704.1915172909887,1632.8049723930417,1695.10595703125,2282000,0.0,0.0
2006-12-21 00:00:00+09:00,1708.0855382692769,1710.6814129474976,1674.3391674524066,1693.8082275390625,809500,0.0,0.0
2006-12-22 00:00:00+09:00,1687.3180076064432,1731.4478631899963,1687.3180076064432,1722.3623046875,700000,0.0,0.0
2006-12-25 00:00:00+09:00,1723.660536478137,1728.8522850819866,1706.787353515625,1706.787353515625,418000,0.0,0.0
2006-12-26 00:00:00+09:00,1693.7981948567221,1739.260569718674,1691.2003448646105,1736.6627197265625,503500,2.0,0.0
2006-12-27 00:00:00+09:00,1734.0649236951554,1753.548799242292,1727.5702985127766,1745.7552490234375,720500,0.0,0.0
2006-12-28 00:00:00+09:00,1740.559660694131,1749.652136533578,1711.9833080558692,1726.271484375,751000,0.0,0.0
2006-12-29 00:00:00+09:00,1700.293028220152,1722.374755859375,1692.4994772886619,1722.374755859375,555500,0.0,0.0
2007-01-04 00:00:00+09:00,1736.662723637906,1744.4562736317937,1715.8799236542066,1743.1573486328125,375500,0.0,0.0
2007-01-05 00:00:00+09:00,1744.4557818353446,1747.0536311009223,1697.6944950549482,1711.982666015625,967000,0.0,0.0
2007-01-09 00:00:00+09:00,1714.5811433998044,1756.1467468761632,1711.983293182532,1744.4564208984375,933000,0.0,0.0
2007-01-10 00:00:00+09:00,1767.8370728538891,1775.6306235057066,1734.0650200293476,1744.4564208984375,1168000,0.0,0.0
2007-01-11 00:00:00+09:00,1736.6630729117046,1743.1576992127955,1693.7985393245046,1704.18994140625,674000,0.0,0.0
2007-01-12 00:00:00+09:00,1713.2815570559023,1735.3632753803531,1705.4880094119787,1728.86865234375,552500,0.0,0.0
2007-01-15 00:00:00+09:00,1740.55949863485,1754.8476736236435,1726.2713236460563,1743.1573486328125,618000,0.0,0.0
2007-01-16 00:00:00+09:00,1760.043535575391,1775.6306369974607,1758.744610456885,1770.4349365234375,640000,0.0,0.0
2007-01-17 00:00:00+09:00,1770.4347134913653,1776.9293382657283,1750.9508391682762,1765.239013671875,1128000,0.0,0.0
2007-01-18 00:00:00+09:00,1766.5380614007538,1828.8864635678392,1766.5380614007538,1809.402587890625,1268000,0.0,0.0
2007-01-19 00:00:00+09:00,1810.7015171157582,1869.153144282336,1799.0111916824428,1860.0606689453125,1443000,0.0,0.0
2007-01-22 00:00:00+09:00,1884.740078733274,1918.5121270083018,1869.1529795294152,1908.1207275390625,1798000,0.0,0.0
2007-01-23 00:00:00+09:00,1889.9364221343362,1899.0288997665975,1866.555765365664,1878.24609375,932500,0.0,0.0
2007-01-24 00:00:00+09:00,1904.2245302351278,1906.8223808902917,1882.1427996662349,1887.3385009765625,986000,0.0,0.0
2007-01-25 00:00:00+09:00,1901.626018146892,1912.0174171531592,1887.3378445132746,1891.234619140625,969500,0.0,0.0
2007-01-26 00:00:00+09:00,1900.327074821281,1900.327074821281,1840.5765311153486,1865.256103515625,1559000,0.0,0.0
2007-01-29 00:00:00+09:00,1878.2448650609665,1952.2835630612951,1850.967450008214,1945.7889404296875,1875500,0.0,0.0
2007-01-30 00:00:00+09:00,1967.8713606243673,1982.1595355199897,1913.3165110228997,1925.0068359375,1594000,0.0,0.0
2007-01-31 00:00:00+09:00,1948.3870731369373,1950.9849225677865,1886.0386867965553,1904.2236328125,1137000,0.0,0.0
2007-02-01 00:00:00+09:00,1886.039146540402,1957.480023303296,1884.7402215083494,1947.088623046875,1881500,0.0,0.0
2007-02-02 00:00:00+09:00,1973.06742968437,2043.209392293294,1956.1814016488881,2026.3233642578125,2295000,0.0,0.0
2007-02-05 00:00:00+09:00,2027.6212730407717,2052.3008401053294,1991.2513847351076,2036.7137451171875,1433000,0.0,0.0
2007-02-06 00:00:00+09:00,2057.4967752449434,2070.486022563409,1999.0451623118483,2054.89892578125,1781500,0.0,0.0
2007-02-07 00:00:00+09:00,2062.6928370417577,2089.9702612091864,2049.70358743822,2086.073486328125,1348000,0.0,0.0
2007-02-08 00:00:00+09:00,2102.959203243854,2104.258128014233,2036.714039954517,2070.486083984375,989500,0.0,0.0
2007-02-09 00:00:00+09:00,2044.5086439396189,2063.9925255527664,2019.8290605629652,2049.704345703125,1323000,0.0,0.0
2007-02-13 00:00:00+09:00,2026.3234608208954,2109.4546797263683,2026.3234608208954,2088.671875,1588000,0.0,0.0
2007-02-14 00:00:00+09:00,2091.2687244333424,2126.3396906194916,2088.6708750862203,2118.546142578125,1490500,0.0,0.0
2007-02-15 00:00:00+09:00,2149.7200880990563,2160.1114842953057,2039.3115035139083,2069.186767578125,2358000,0.0,0.0
2007-02-16 00:00:00+09:00,2047.1058212952044,2078.280021619497,2036.7144211871068,2065.290771484375,1767000,0.0,0.0
2007-02-19 00:00:00+09:00,2052.3012377532464,2105.557155948109,2052.3012377532464,2075.681884765625,930000,0.0,0.0
2007-02-20 00:00:00+09:00,2087.3722363221264,2121.1442824605056,2070.4862132529365,2114.649658203125,1019500,0.0,0.0
2007-02-21 00:00:00+09:00,2143.2257737608415,2176.9978162564666,2091.2687853060334,2134.13330078125,1392000,0.0,0.0
2007-02-22 00:00:00+09:00,2212.0695695715067,2308.190032371443,2209.4717192255625,2293.90185546875,2824000,0.0,0.0
2007-02-23 00:00:00+09:00,2292.6020762208896,2383.526804456279,2275.7160552628884,2380.928955078125,1782000,0.0,0.0
2007-02-26 00:00:00+09:00,2380.929633617923,2410.8049099808322,2347.1575820772437,2371.837158203125,1689000,0.0,0.0
2007-02-27 00:00:00+09:00,2344.559131164724,2361.4451526080156,2253.6344003162308,2284.80859375,1679500,0.0,0.0
2007-02-28 00:00:00+09:00,2051.002778100794,2175.6995904489104,2049.7038529721676,2138.03076171875,3353000,0.0,0.0
2007-03-01 00:00:00+09:00,2156.215087284817,2164.0086357930754,2060.0946556829635,2093.86669921875,1775500,0.0,0.0
2007-03-02 00:00:00+09:00,2113.351641784989,2226.358152439749,2095.1666860474415,2219.863525390625,2658500,0.0,0.0
2007-03-05 00:00:00+09:00,2141.9266362871444,2153.6169575282506,2027.6212730407717,2036.7137451171875,2961000,0.0,0.0
2007-03-06 00:00:00+09:00,2038.0129006911056,2117.2473091947113,2038.0129006911056,2110.752685546875,1799000,0.0,0.0
2007-03-07 00:00:00+09:00,2175.699350108271,2201.6778498110566,2121.144500732422,2151.019775390625,1962000,0.0,0.0
2007-03-08 00:00:00+09:00,2140.628107859411,2256.2324170824013,2100.3614383547742,2249.73779296875,2131000,0.0,0.0
2007-03-09 00:00:00+09:00,2249.737430372651,2296.4987164542995,2226.3567873318266,2280.91162109375,2195000,0.0,0.0
2007-03-12 00:00:00+09:00,2301.6948793871206,2323.7766022706314,2279.61315650361,2310.787353515625,1483000,0.0,0.0
2007-03-13 00:00:00+09:00,2309.4883348143403,2310.7872596370707,2244.542093677829,2249.73779296875,1249000,0.0,0.0
2007-03-14 00:00:00+09:00,2132.8350612042454,2183.4931412206674,2132.8350612042454,2138.03076171875,2216000,0.0,0.0
2007-03-15 00:00:00+09:00,2176.9979600437164,2231.552801524526,2171.802260855068,2191.2861328125,1262500,0.0,0.0
2007-03-16 00:00:00+09:00,2183.4930864558705,2188.688786840061,2117.2479065574475,2128.938232421875,996000,0.0,0.0
2007-03-19 00:00:00+09:00,2128.938546130233,2200.3794369399725,2097.764339231438,2183.493408203125,1736500,0.0,0.0
2007-03-20 00:00:00+09:00,2248.439316434232,2275.7167431500716,2241.9446910256984,2266.624267578125,1690000,0.0,0.0
2007-03-22 00:00:00+09:00,2318.5803767052157,2319.879301286003,2267.922318054513,2271.819091796875,1211500,0.0,0.0
2007-03-23 00:00:00+09:00,2273.118206021925,2273.118206021925,2196.4816493617573,2206.873046875,1851000,0.0,0.0
2007-03-26 00:00:00+09:00,2210.770255302988,2236.7487541902146,2187.389606304484,2197.781005859375,970000,0.0,0.0
2007-03-27 00:00:00+09:00,2199.079856011032,2247.1400773178293,2196.4820062106646,2231.552978515625,1195500,0.0,0.0
2007-03-28 00:00:00+09:00,2245.8413512935335,2271.819851597681,2218.5639259741793,2235.449951171875,1280000,0.0,0.0
2007-03-29 00:00:00+09:00,2208.1719878117706,2251.036502869293,2184.79134323494,2226.35693359375,1522000,0.0,0.0
2007-03-30 00:00:00+09:00,2265.3250777734816,2318.580999900037,2252.3358284743217,2309.488525390625,1505000,0.0,0.0
2007-04-02 00:00:00+09:00,2279.613277354139,2314.684250851895,2195.183155970652,2197.781005859375,1463500,0.0,0.0
2007-04-03 00:00:00+09:00,2199.0799649510905,2208.172439702808,2128.938016866413,2174.400390625,1508000,0.0,0.0
2007-04-04 00:00:00+09:00,2195.1830813104807,2240.6454528169106,2174.400282907541,2231.552978515625,1182000,0.0,0.0
2007-04-05 00:00:00+09:00,2221.1618765794738,2221.1618765794738,2141.9274470640653,2152.31884765625,946500,0.0,0.0
2007-04-06 00:00:00+09:00,2153.617809246778,2171.802760591443,2112.0522061732577,2128.938232421875,1059000,0.0,0.0
2007-04-09 00:00:00+09:00,2128.9379756532867,2143.22614998653,2093.8670022898705,2109.4541015625,1230000,0.0,0.0
2007-04-10 00:00:00+09:00,2105.5568057219284,2138.0299211710635,2101.660031868032,2126.339599609375,791500,0.0,0.0
2007-04-11 00:00:00+09:00,2152.3189543125372,2182.1942324955116,2125.0415264063436,2170.50390625,1695000,0.0,0.0
2007-04-12 00:00:00+09:00,2138.030560205853,2148.4219602554563,2104.2585100446427,2127.63916015625,1001000,0.0,0.0
2007-04-13 00:00:00+09:00,2128.9382114825303,2134.1339118156175,2083.475833568016,2089.970458984375,1401000,0.0,0.0
2007-04-16 00:00:00+09:00,2097.763438251202,2110.752685546875,2063.991395282452,2110.752685546875,895500,0.0,0.0
2007-04-17 00:00:00+09:00,2112.0525303171644,2128.938559157338,2080.878323227612,2088.671875,937500,0.0,0.0
2007-04-18 00:00:00+09:00,2121.1439022972468,2186.090133231027,2114.649279203869,2182.193359375,1951500,0.0,0.0
2007-04-19 00:00:00+09:00,2183.4922505179875,2223.7589130795923,2169.204079931612,2199.079345703125,2107500,0.0,0.0
2007-04-20 00:00:00+09:00,2219.8621841736394,2223.7589580487247,2128.9374604216473,2139.328857421875,1266500,0.0,0.0
2007-04-23 00:00:00+09:00,2164.0092642912746,2182.194216092041,2123.7425853038617,2138.03076171875,928000,0.0,0.0
2007-04-24 00:00:00+09:00,2110.752856637549,2145.823827178604,2101.660382793572,2144.52490234375,758500,0.0,0.0
2007-04-25 00:00:00+09:00,2112.0519514412713,2126.340125774515,2091.269152411099,2109.4541015625,936000,0.0,0.0
2007-04-26 00:00:00+09:00,2110.7531465044617,2149.720896901467,2096.464971358893,2147.123046875,1022500,0.0,0.0
2007-04-27 00:00:00+09:00,2170.5039654049265,2195.183543706957,2152.319012971851,2192.585693359375,2010000,0.0,0.0
2007-05-01 00:00:00+09:00,2192.584912792909,2192.584912792909,2123.7419030902884,2134.13330078125,975000,0.0,0.0
2007-05-02 00:00:00+09:00,2144.525204473279,2166.606929776759,2131.5359542947613,2160.1123046875,797000,0.0,0.0
2007-05-07 00:00:00+09:00,2295.200650450637,2344.559804223769,2295.200650450637,2325.075927734375,2935500,0.0,0.0
2007-05-08 00:00:00+09:00,2290.0044355691325,2315.982931718527,2274.417337879496,2279.613037109375,1308000,0.0,0.0
2007-05-09 00:00:00+09:00,2256.2323004120026,2352.352732323625,2252.3355261453153,2349.7548828125,1320000,0.0,0.0
2007-05-10 00:00:00+09:00,2432.887105131354,2439.3817316800228,2421.19677734375,2421.19677734375,1984500,0.0,0.0
2007-05-11 00:00:00+09:00,2308.189440077264,2374.4346068999653,2308.189440077264,2357.548583984375,1478500,0.0,0.0
2007-05-14 00:00:00+09:00,2362.7442786116626,2370.537827634021,2338.0647067075274,2351.053955078125,847500,0.0,0.0
2007-05-15 00:00:00+09:00,2318.58139899538,2339.3642014513607,2318.58139899538,2323.777099609375,508500,0.0,0.0
2007-05-16 00:00:00+09:00,2302.993459231954,2308.189157955546,2290.0042124229753,2305.59130859375,508500,0.0,0.0
2007-05-17 00:00:00+09:00,2306.8907093394887,2308.189634288441,2270.5208107688213,2286.10791015625,558500,0.0,0.0
2007-05-18 00:00:00+09:00,2305.591806346582,2305.591806346582,2214.6670590540407,2243.243408203125,799000,0.0,0.0
2007-05-21 00:00:00+09:00,2243.2436756216302,2291.3039049198355,2226.35764911145,2288.7060546875,596500,0.0,0.0
2007-05-22 00:00:00+09:00,2290.004659836191,2331.5702577458665,2266.6240110119984,2322.477783203125,688500,0.0,0.0
2007-05-23 00:00:00+09:00,2301.694534551056,2334.1676515735035,2295.199911146567,2305.59130859375,575500,0.0,0.0
2007-05-24 00:00:00+09:00,2301.6954065065825,2302.9943316795548,2282.211528912001,2293.90185546875,642500,0.0,0.0
2007-05-25 00:00:00+09:00,2248.4391625216263,2257.5316374711647,2236.748837586505,2252.3359375,602500,0.0,0.0
2007-05-28 00:00:00+09:00,2214.667054994873,2240.6455541736987,2208.1724302001667,2236.748779296875,790000,0.0,0.0
2007-05-29 00:00:00+09:00,2267.923053110747,2287.406928137472,2251.037028087586,2278.314453125,919000,0.0,0.0
2007-05-30 00:00:00+09:00,2249.7381879764816,2265.3252885860184,2235.45001241774,2257.53173828125,728500,0.0,0.0
2007-05-31 00:00:00+09:00,2267.9227138421475,2287.4065859541934,2267.9227138421475,2279.613037109375,984500,0.0,0.0
2007-06-01 00:00:00+09:00,2299.096842356785,2336.765660677885,2290.0043689689337,2319.879638671875,888500,0.0,0.0
2007-06-04 00:00:00+09:00,2377.0325630589537,2390.021812037418,2365.342238978336,2369.239013671875,1078500,0.0,0.0
2007-06-05 00:00:00+09:00,2345.858739558085,2347.157664663045,2327.6737880886426,2344.559814453125,808500,0.0,0.0
2007-06-06 00:00:00+09:00,2334.168005836384,2334.168005836384,2305.5916585195223,2317.281982421875,799500,0.0,0.0
2007-06-07 00:00:00+09:00,2291.3033749337924,2299.096923828125,2287.406600486626,2299.096923828125,613500,0.0,0.0
2007-06-08 00:00:00+09:00,2192.585643256969,2196.482418689298,2176.998541527654,2189.98779296875,1820500,0.0,0.0
2007-06-11 00:00:00+09:00,2184.7917223323057,2206.873446041966,2132.8347253683983,2145.823974609375,1175000,0.0,0.0
2007-06-12 00:00:00+09:00,2105.5576204907557,2121.144721937942,2101.6608451289594,2112.05224609375,1342000,0.0,0.0
2007-06-13 00:00:00+09:00,2066.5899438553097,2088.6716717280565,2063.9920935173395,2071.78564453125,1886500,0.0,0.0
2007-06-14 00:00:00+09:00,2083.475833568016,2096.465084400734,2074.383357985113,2089.970458984375,830500,0.0,0.0
2007-06-15 00:00:00+09:00,2078.279612361282,2106.85595703125,2078.279612361282,2106.85595703125,1006500,0.0,0.0
2007-06-18 00:00:00+09:00,2134.1339863328712,2152.3189381336383,2128.9382858183667,2138.03076171875,1297000,0.0,0.0
2007-06-19 00:00:00+09:00,2193.8837780114654,2206.8730247729304,2178.296681897707,2180.89453125,1927500,0.0,0.0
2007-06-20 00:00:00+09:00,2206.873286259639,2222.460384220272,2196.4818876192166,2200.378662109375,851500,0.0,0.0
2007-06-21 00:00:00+09:00,2193.8846185331663,2213.3684961400327,2180.895366795255,2192.585693359375,460500,0.0,0.0
2007-06-22 00:00:00+09:00,2119.845947265625,2121.1448724784104,2096.4652934354895,2119.845947265625,1600000,0.0,0.0
2007-06-25 00:00:00+09:00,2041.9106128369015,2057.497716751687,2017.2310316384912,2021.1278076171875,2171000,0.0,0.0
2007-06-26 00:00:00+09:00,2030.2601449509298,2052.441650390625,2027.6505560756716,2052.441650390625,2011000,14.0,0.0
2007-06-27 00:00:00+09:00,2028.9557873558983,2030.2605820744552,2004.1646877033181,2005.469482421875,1709500,0.0,0.0
2007-06-28 00:00:00+09:00,2022.4326028448293,2030.2613742106803,2011.9942410236947,2021.1278076171875,1144000,0.0,0.0
2007-06-29 00:00:00+09:00,2015.9078401703298,2023.736608481671,1974.1544091765106,2005.469482421875,1951500,0.0,0.0
2007-07-02 00:00:00+09:00,2022.4323179908367,2022.4323179908367,1979.3740815432898,1984.59326171875,1284500,0.0,0.0
2007-07-03 00:00:00+09:00,2002.860730213724,2057.662131301005,2002.860730213724,2048.528564453125,1387500,0.0,0.0
2007-07-04 00:00:00+09:00,2026.3460369978752,2040.6987777621873,2022.4316531530628,2034.1748046875,682000,0.0,0.0
2007-07-05 00:00:00+09:00,2035.4796167747263,2048.527563036103,2013.2981081303863,2025.041259765625,445500,0.0,0.0
2007-07-06 00:00:00+09:00,2035.4793878944174,2035.4793878944174,2008.078703826608,2015.907470703125,946500,0.0,0.0
2007-07-09 00:00:00+09:00,2053.7466763157367,2053.7466763157367,2021.1268116982696,2040.69873046875,965500,0.0,0.0
2007-07-10 00:00:00+09:00,2040.6986854255083,2064.1849874316845,2026.3459453106232,2036.7843017578125,1440000,0.0,0.0
2007-07-11 00:00:00+09:00,2004.164995026525,2006.7745848637992,1963.7163525487763,1967.6307373046875,1108000,0.0,0.0
2007-07-12 00:00:00+09:00,1951.9732179719258,1966.3259622217195,1914.1341649497426,1925.8773193359375,2137000,0.0,0.0
2007-07-13 00:00:00+09:00,1951.9731122349788,1992.4217529296877,1944.144343068261,1992.4217529296875,1584000,0.0,0.0
2007-07-17 00:00:00+09:00,1995.0309459848875,2004.1645081967213,1984.5925891713628,1989.811767578125,1140500,0.0,0.0
2007-07-18 00:00:00+09:00,2058.966283525739,2062.8806680951798,2022.432027544294,2045.9183349609375,2596000,0.0,0.0
2007-07-19 00:00:00+09:00,1984.592268705368,2006.773773352305,1981.9826799233754,2004.1641845703125,1567000,0.0,0.0
2007-07-20 00:00:00+09:00,1958.4970301685717,1959.801824992135,1918.0483906381082,1944.144287109375,1643500,0.0,0.0
2007-07-23 00:00:00+09:00,1898.4766306864142,1920.6581445844686,1898.4766306864142,1915.43896484375,1066000,0.0,0.0
2007-07-24 00:00:00+09:00,1910.2196693497474,1941.5347458964645,1907.610079637521,1937.620361328125,897000,0.0,0.0
2007-07-25 00:00:00+09:00,1885.4286907715175,1931.0965137313813,1867.1615615875721,1927.18212890625,1009500,0.0,0.0
2007-07-26 00:00:00+09:00,1915.438481270446,1919.352865087756,1888.0377945492748,1894.561767578125,975500,0.0,0.0
2007-07-27 00:00:00+09:00,1842.370734146857,1876.2954077217994,1821.494011946893,1831.932373046875,1601500,0.0,0.0
2007-07-30 00:00:00+09:00,1782.349882433933,1839.7608596133568,1762.777958395493,1817.579345703125,1726000,0.0,0.0
2007-07-31 00:00:00+09:00,1888.0377796259852,1908.914493153294,1886.7329850305284,1893.2569580078125,1510000,0.0,0.0
2007-08-01 00:00:00+09:00,1916.7435839740808,1935.0107113911245,1852.8086380144282,1856.7230224609375,1586500,0.0,0.0
2007-08-02 00:00:00+09:00,1931.0963827287758,1978.0689974438,1908.9148702244588,1948.0587158203125,2628000,0.0,0.0
2007-08-03 00:00:00+09:00,1950.66837427309,2013.2985294336975,1933.7060405837587,1965.0211181640625,1680500,0.0,0.0
2007-08-06 00:00:00+09:00,1931.096320244656,1965.020985330035,1897.171655159277,1953.27783203125,733000,0.0,0.0
2007-08-07 00:00:00+09:00,1963.7166250873086,1991.1173221815502,1958.4974446884055,1970.2406005859375,1037500,0.0,0.0
2007-08-08 00:00:00+09:00,1965.020601183386,2036.7843017578125,1957.191833847994,2036.7843017578125,1664000,0.0,0.0
2007-08-09 00:00:00+09:00,2088.9765308578862,2098.110094702986,2021.1271994371427,2053.7470703125,2057000,0.0,0.0
2007-08-10 00:00:00+09:00,2052.4424995552654,2095.5007338116698,2034.1753698707305,2062.880859375,1671500,0.0,0.0
2007-08-13 00:00:00+09:00,1971.54541015625,1988.507746577184,1965.021434609737,1971.54541015625,1812500,0.0,0.0
2007-08-14 00:00:00+09:00,1932.4013618587085,1948.058901590177,1907.6102572838838,1942.8397216796875,905500,0.0,0.0
2007-08-15 00:00:00+09:00,1915.4389651821293,1915.4389651821293,1872.3807323135936,1882.819091796875,861000,0.0,0.0
2007-08-16 00:00:00+09:00,1792.7880987687545,1867.1614041761918,1762.7778176394374,1837.151123046875,1437500,0.0,0.0
2007-08-17 00:00:00+09:00,1783.6545807017644,1852.8087085563316,1775.8258115106812,1798.00732421875,2294500,0.0,0.0
2007-08-20 00:00:00+09:00,1830.6273236341879,1877.599942059584,1811.0553992902728,1852.808837890625,1345500,0.0,0.0
2007-08-21 00:00:00+09:00,1851.5037002245144,1895.8667205258769,1813.6646534968816,1876.2947998046875,1097000,0.0,0.0
2007-08-22 00:00:00+09:00,1834.5419633218705,1850.199504971844,1828.0179876343816,1831.932373046875,1266500,0.0,0.0
2007-08-23 00:00:00+09:00,1881.513855924523,1944.1439981466986,1881.513855924523,1940.2296142578125,1879000,0.0,0.0
2007-08-24 00:00:00+09:00,1931.096320244656,1983.2881126837008,1918.0483721348949,1953.27783203125,1294500,0.0,0.0
2007-08-27 00:00:00+09:00,1995.0314305960658,1995.0314305960658,1959.801967792865,1967.6307373046875,830500,0.0,0.0
2007-08-28 00:00:00+09:00,1928.4864988944332,1988.5070529872235,1928.4864988944332,1975.4591064453125,536000,0.0,0.0
2007-08-29 00:00:00+09:00,1888.0380780942946,1908.914794921875,1882.8188988873994,1908.914794921875,1064000,0.0,0.0
2007-08-30 00:00:00+09:00,1931.0966158555848,1936.3157958984377,1911.5246906948862,1936.3157958984375,607500,0.0,0.0
2007-08-31 00:00:00+09:00,1957.192110127674,1997.6407470703125,1955.8873153875886,1997.6407470703125,718000,0.0,0.0
2007-09-03 00:00:00+09:00,1992.4221319050919,2010.6892634353285,1951.973483516711,1971.54541015625,1175500,0.0,0.0
2007-09-04 00:00:00+09:00,1972.849615902824,1995.0311261345357,1942.8393373540378,1951.972900390625,602500,0.0,0.0
2007-09-05 00:00:00+09:00,1957.1927911313153,1957.1927911313153,1871.0763083215375,1872.381103515625,982000,0.0,0.0
2007-09-06 00:00:00+09:00,1820.1881269975142,1826.7120987788671,1745.8148486900889,1779.739501953125,3154500,0.0,0.0
2007-09-07 00:00:00+09:00,1753.6438701923078,1777.1301720252404,1679.2705810546875,1696.23291015625,2271500,0.0,0.0
2007-09-10 00:00:00+09:00,1621.8600132676422,1624.4696029913232,1568.363423932185,1591.8497314453125,3134500,0.0,0.0
2007-09-11 00:00:00+09:00,1617.9454834754533,1672.7468627544606,1582.7160253675202,1654.479736328125,1846000,0.0,0.0
2007-09-12 00:00:00+09:00,1687.099650002696,1739.291441186074,1679.2708813251893,1701.452392578125,1877500,0.0,0.0
2007-09-13 00:00:00+09:00,1728.853140375341,1728.853140375341,1670.1373733437256,1674.0517578125,1320000,0.0,0.0
2007-09-14 00:00:00+09:00,1664.9187946888492,1666.2235899824925,1614.0317782367606,1662.3092041015625,1495500,0.0,0.0
2007-09-18 00:00:00+09:00,1620.5556497012867,1630.9940113740809,1557.925479664522,1574.8878173828125,1321000,0.0,0.0
2007-09-19 00:00:00+09:00,1644.0416592858192,1672.7471485749365,1641.4320693504446,1668.832763671875,1616000,0.0,0.0
2007-09-20 00:00:00+09:00,1697.5380753555532,1700.1476650178986,1679.270947719137,1685.794921875,1976500,0.0,0.0
2007-09-21 00:00:00+09:00,1650.566142169603,1692.319593987332,1634.9085977379546,1637.5181884765625,781000,0.0,0.0
2007-09-25 00:00:00+09:00,1675.3563652723851,1760.168019277607,1659.698829148344,1743.2056884765625,1175000,0.0,0.0
2007-09-26 00:00:00+09:00,1741.9004209395787,1804.5305484340354,1727.5476833887656,1765.38671875,910500,0.0,0.0
2007-09-27 00:00:00+09:00,1855.4184114387238,1958.4972120742084,1854.1136164939708,1949.3636474609375,3126500,0.0,0.0
2007-09-28 00:00:00+09:00,1950.6690061393451,1962.412164035836,1894.5628073005546,1911.525146484375,1433500,0.0,0.0
2007-10-01 00:00:00+09:00,1924.572295297216,1957.1921647090332,1839.7606348264912,1884.1236572265625,1406500,0.0,0.0
2007-10-02 00:00:00+09:00,1936.3155664720118,1946.7539253209175,1915.4388487742003,1937.620361328125,890500,0.0,0.0
2007-10-03 00:00:00+09:00,1938.9250944368132,2031.5655262706043,1929.79153073489,2018.517578125,1140500,0.0,0.0
2007-10-04 00:00:00+09:00,1940.2302359853923,2006.7747834199954,1935.0110557944429,1974.1549072265625,1290500,0.0,0.0
2007-10-05 00:00:00+09:00,1959.802064150474,1987.2027587890625,1945.4493193397848,1987.2027587890625,967500,0.0,0.0
2007-10-09 00:00:00+09:00,1989.8119969005033,2061.575708264128,1983.2880231401737,1988.5072021484375,1122000,0.0,0.0
2007-10-10 00:00:00+09:00,2004.164835164835,2034.1751158997254,1997.640861092033,2018.517578125,1132500,0.0,0.0
2007-10-11 00:00:00+09:00,2018.5172942795677,2019.822088910647,1921.9624915797049,1993.7261962890625,1902500,0.0,0.0
2007-10-12 00:00:00+09:00,1970.240157668655,1970.240157668655,1931.0963134765625,1931.0963134765625,912000,0.0,0.0
2007-10-15 00:00:00+09:00,1863.5432766136057,1869.7709960937502,1863.5432766136057,1869.77099609375,0,0.0,0.0
2007-10-16 00:00:00+09:00,1843.675239383281,1843.675239383281,1828.0177001953125,1828.0177001953125,3570000,0.0,0.0
2007-10-17 00:00:00+09:00,1762.7775729709201,1762.7775729709201,1761.4727783203125,1761.4727783203125,2358500,0.0,0.0
2007-10-18 00:00:00+09:00,1761.4729228772615,1798.0071760924936,1761.4729228772615,1784.959228515625,1343000,0.0,0.0
2007-10-19 00:00:00+09:00,1753.6439682132188,1753.6439682132188,1747.1199951171875,1747.1199951171875,1585000,0.0,0.0
2007-10-22 00:00:00+09:00,1671.4423044786095,1727.5484864400305,1671.4423044786095,1707.9765625,944500,0.0,0.0
2007-10-23 00:00:00+09:00,1732.7675781250002,1732.7675781250002,1732.7675781250002,1732.767578125,687500,0.0,0.0
2007-10-24 00:00:00+09:00,1743.2056559123512,1811.0549778490592,1737.986477301835,1751.034423828125,960000,0.0,0.0
2007-10-25 00:00:00+09:00,1751.0347751976872,1751.0347751976872,1717.110107421875,1717.110107421875,641500,0.0,0.0
2007-10-26 00:00:00+09:00,1723.6342310788289,1752.3397216796875,1723.6342310788289,1752.3397216796875,659000,0.0,0.0
2007-10-29 00:00:00+09:00,1791.483437422383,1805.836181640625,1791.483437422383,1805.836181640625,903000,0.0,0.0
2007-10-30 00:00:00+09:00,1834.5413596261542,1907.60986328125,1834.5413596261542,1907.60986328125,2370500,0.0,0.0
2007-10-31 00:00:00+09:00,1855.4180574981917,1919.3529975948243,1829.322163581199,1916.743408203125,1785000,0.0,0.0
2007-11-01 00:00:00+09:00,1894.562586403678,1902.391357421875,1894.562586403678,1902.391357421875,897000,0.0,0.0
2007-11-02 00:00:00+09:00,1864.5518443871897,1864.5518443871897,1839.7607421875,1839.7607421875,858000,0.0,0.0
2007-11-05 00:00:00+09:00,1841.06540309616,1841.06540309616,1771.9112809387564,1784.959228515625,898500,0.0,0.0
2007-11-06 00:00:00+09:00,1826.7127813294876,1826.7127813294876,1795.397705078125,1795.397705078125,796500,0.0,0.0
2007-11-07 00:00:00+09:00,1813.6653480304064,1813.6653480304064,1764.0831298828125,1764.0831298828125,911500,0.0,0.0
2007-11-08 00:00:00+09:00,1764.0822265625,1764.0822265625,1696.23291015625,1696.23291015625,1804000,0.0,0.0
2007-11-09 00:00:00+09:00,1702.7573186270197,1702.7573186270197,1680.5758056640625,1680.5758056640625,900500,0.0,0.0
2007-11-12 00:00:00+09:00,1672.7469536522335,1672.7469536522335,1619.2503662109375,1619.2503662109375,1004500,0.0,0.0
2007-11-13 00:00:00+09:00,1623.164790631864,1633.6031494140625,1623.164790631864,1633.6031494140625,1077000,0.0,0.0
2007-11-14 00:00:00+09:00,1696.2331394492157,1696.2331394492157,1694.9283447265625,1694.9283447265625,700000,0.0,0.0
2007-11-15 00:00:00+09:00,1714.5002655663611,1735.376981128813,1691.0139605586028,1694.9283447265625,568000,0.0,0.0
2007-11-16 00:00:00+09:00,1694.928365217982,1694.928365217982,1632.2982177734375,1632.2982177734375,710000,0.0,0.0
2007-11-19 00:00:00+09:00,1610.1168846068344,1610.1168846068344,1604.897705078125,1604.897705078125,719000,0.0,0.0
2007-11-20 00:00:00+09:00,1607.5075620589719,1617.9459228515627,1607.5075620589719,1617.9459228515625,1314000,0.0,0.0
2007-11-21 00:00:00+09:00,1619.2503662109375,1619.2503662109375,1619.2503662109375,1619.2503662109375,1213500,0.0,0.0
2007-11-22 00:00:00+09:00,1619.2503743821746,1619.2503743821746,1598.3736572265625,1598.3736572265625,1114000,0.0,0.0
2007-11-26 00:00:00+09:00,1556.6203464870484,1634.908042035433,1556.6203464870484,1620.5552978515625,1617500,0.0,0.0
2007-11-27 00:00:00+09:00,1623.164486247263,1638.8220214843748,1623.164486247263,1638.822021484375,1170500,0.0,0.0
2007-11-28 00:00:00+09:00,1645.3461352089485,1645.3461352089485,1629.6885986328125,1629.6885986328125,601000,0.0,0.0
2007-11-29 00:00:00+09:00,1715.805460455599,1715.805460455599,1697.538330078125,1697.538330078125,870000,0.0,0.0
2007-11-30 00:00:00+09:00,1693.6243245817732,1698.843505859375,1693.6243245817732,1698.843505859375,1705500,0.0,0.0
2007-12-03 00:00:00+09:00,1698.8428459509096,1748.425048828125,1698.8428459509096,1748.425048828125,1091000,0.0,0.0
2007-12-04 00:00:00+09:00,1748.4247115910748,1748.4247115910748,1676.6610107421875,1676.6610107421875,1129000,0.0,0.0
2007-12-05 00:00:00+09:00,1675.3567640087272,1675.3567640087272,1649.2608642578123,1649.2608642578125,1167000,0.0,0.0
2007-12-06 00:00:00+09:00,1666.2231249467607,1680.5758691710475,1666.2231249467607,1675.356689453125,792000,0.0,0.0
2007-12-07 00:00:00+09:00,1728.8531831939442,1745.8155163120737,1717.110029496778,1721.0244140625,1477500,0.0,0.0
2007-12-10 00:00:00+09:00,1714.5007301630567,1714.5007301630567,1692.3192138671877,1692.3192138671875,1131000,0.0,0.0
2007-12-11 00:00:00+09:00,1658.3944039303778,1677.9663284456851,1658.3944039303778,1668.832763671875,1913500,0.0,0.0
2007-12-12 00:00:00+09:00,1606.2030996132657,1641.4325745844747,1606.2030996132657,1637.5181884765625,1025500,0.0,0.0
2007-12-13 00:00:00+09:00,1637.51772994354,1637.51772994354,1552.7060546875,1552.7060546875,1019000,0.0,0.0
2007-12-14 00:00:00+09:00,1555.31549536781,1555.31549536781,1474.4182128906252,1474.418212890625,1948000,0.0,0.0
2007-12-17 00:00:00+09:00,1470.5035753550019,1470.5035753550019,1452.2364501953123,1452.2364501953125,1398000,0.0,0.0
2007-12-18 00:00:00+09:00,1400.0448567708333,1463.9798036317568,1386.9969084318693,1448.322265625,1462000,0.0,0.0
2007-12-19 00:00:00+09:00,1474.2067267663203,1474.2067267663203,1441.7982177734375,1441.7982177734375,0,0.0,0.0
2007-12-20 00:00:00+09:00,1441.7981732432509,1441.7981732432509,1437.8837890625,1437.8837890625,650000,0.0,0.0
2007-12-21 00:00:00+09:00,1420.9216058570219,1420.9216058570219,1398.740093185241,1407.8736572265625,1093000,0.0,0.0
2007-12-25 00:00:00+09:00,1489.299241152984,1489.299241152984,1482.732666015625,1482.732666015625,878000,14.0,0.0
2007-12-26 00:00:00+09:00,1447.2731287339157,1473.5394287109375,1447.2731287339157,1473.5394287109375,958500,0.0,0.0
2007-12-27 00:00:00+09:00,1474.8524392069849,1474.8524392069849,1443.3328857421875,1443.3328857421875,524500,0.0,0.0
2007-12-28 00:00:00+09:00,1418.3801108001535,1419.693425717561,1388.17386769978,1389.4871826171875,527000,0.0,0.0
2008-01-04 00:00:00+09:00,1389.4874320030212,1389.4874320030212,1322.5083591938019,1344.834716796875,876000,0.0,0.0
2008-01-07 00:00:00+09:00,1344.8340143003065,1344.8340143003065,1285.73486328125,1285.73486328125,1747500,0.0,0.0
2008-01-08 00:00:00+09:00,1285.7353560343827,1326.4481201171875,1285.7353560343827,1326.4481201171875,1638000,0.0,0.0
2008-01-09 00:00:00+09:00,1297.9453989663205,1338.2674560546875,1297.9453989663205,1338.2674560546875,1746500,0.0,0.0
2008-01-10 00:00:00+09:00,1267.3488006591797,1267.3488006591797,1260.7822265625,1260.7822265625,2468500,0.0,0.0
2008-01-11 00:00:00+09:00,1260.7822460504435,1260.7822460504435,1184.6099853515625,1184.6099853515625,2344000,0.0,0.0
2008-01-15 00:00:00+09:00,1189.407653493711,1189.407653493711,1149.1505126953125,1149.1505126953125,2165000,0.0,0.0
2008-01-16 00:00:00+09:00,1129.450902657357,1157.0305177222458,1090.0514525646583,1112.3778076171875,2531500,0.0,0.0
2008-01-17 00:00:00+09:00,1116.3176729024945,1158.34375,1116.3176729024945,1158.34375,1880000,0.0,0.0
2008-01-18 00:00:00+09:00,1126.824027990605,1231.8892054256264,1126.824027990605,1225.3226318359375,2059000,0.0,0.0
2008-01-21 00:00:00+09:00,1151.777142438616,1180.6700696149553,1137.3306788504465,1149.1505126953125,1313500,0.0,0.0
2008-01-22 00:00:00+09:00,1057.2183503181705,1061.158294480847,1017.8189086914064,1017.8189086914062,2469000,0.0,0.0
2008-01-23 00:00:00+09:00,1043.6624126611596,1061.158258681653,1038.8319091796875,1038.8319091796875,2133500,0.0,0.0
2008-01-24 00:00:00+09:00,1078.2314166238248,1137.3305807505876,1067.724898556845,1117.630859375,1972000,0.0,0.0
2008-01-25 00:00:00+09:00,1149.1505358489408,1171.476889116863,1137.330701765923,1170.16357421875,2118500,0.0,0.0
2008-01-28 00:00:00+09:00,1158.3436706542968,1158.3436706542968,1103.1844482421875,1103.1844482421875,1015500,0.0,0.0
2008-01-29 00:00:00+09:00,1154.647727224562,1158.34375,1154.647727224562,1158.34375,1653500,0.0,0.0
2008-01-30 00:00:00+09:00,1150.4641592592925,1159.6573660113645,1125.5111695036685,1143.8975830078125,2051000,0.0,0.0
2008-01-31 00:00:00+09:00,1149.5595394110712,1175.4168701171875,1149.5595394110712,1175.4168701171875,2316500,0.0,0.0
2008-02-01 00:00:00+09:00,1162.2836059982249,1181.9833281337878,1157.0303467620747,1167.536865234375,1697500,0.0,0.0
2008-02-04 00:00:00+09:00,1209.5631461148648,1217.4430363175675,1201.6832559121622,1214.81640625,1626500,0.0,0.0
2008-02-05 00:00:00+09:00,1199.0565511952277,1210.0890701226242,1196.4299212911856,1208.249755859375,1366000,0.0,0.0
2008-02-06 00:00:00+09:00,1149.150773243998,1154.2306513099015,1133.3909912109375,1133.3909912109375,1530000,0.0,0.0
2008-02-07 00:00:00+09:00,1074.2916690602024,1116.3177490234375,1074.2916690602024,1116.3177490234375,1646500,0.0,0.0
2008-02-08 00:00:00+09:00,1026.1394600832552,1026.1394600832552,990.2395629882812,990.2395629882812,2582500,0.0,0.0
2008-02-12 00:00:00+09:00,990.2394667803231,1007.3125610351564,990.2394667803231,1007.3125610351562,2461000,0.0,0.0
2008-02-13 00:00:00+09:00,978.4195625400675,978.4195625400675,936.3934873705613,944.2733764648438,2050500,0.0,0.0
2008-02-14 00:00:00+09:00,995.6128761484018,1017.8189086914064,970.5395787392894,1017.8189086914062,3008500,0.0,0.0
2008-02-15 00:00:00+09:00,948.2130861373423,962.6595458984375,932.4533118525111,962.6595458984375,4256000,0.0,0.0
2008-02-18 00:00:00+09:00,974.4797397189669,992.8661499023436,974.4797397189669,992.8661499023438,3280000,0.0,0.0
2008-02-19 00:00:00+09:00,988.4480395552899,1013.8793334960938,988.4480395552899,1013.8793334960938,3247500,0.0,0.0
2008-02-20 00:00:00+09:00,1009.9390726347963,1009.9390726347963,920.6336669921875,920.6336669921875,3524000,0.0,0.0
2008-02-21 00:00:00+09:00,937.70692708106,940.3335571289061,937.70692708106,940.3335571289062,3441000,0.0,0.0
2008-02-22 00:00:00+09:00,868.1010131835938,868.1010131835938,868.1010131835938,868.1010131835938,5061500,0.0,0.0
2008-02-25 00:00:00+09:00,927.2004068896756,940.3335571289061,924.5737768418295,940.3335571289062,4333000,0.0,0.0
2008-02-26 00:00:00+09:00,973.166328568892,973.166328568892,939.0201416015625,939.0201416015625,4599500,0.0,0.0
2008-02-27 00:00:00+09:00,978.4196166992188,978.4196166992188,969.2264122470112,978.4196166992188,2566000,0.0,0.0
2008-02-28 00:00:00+09:00,954.7800251298162,981.0463256835938,953.4667101021273,981.0463256835938,2624500,0.0,0.0
2008-02-29 00:00:00+09:00,961.3468154337396,965.2867613986319,944.2737162525393,949.5269775390625,2491000,0.0,0.0
2008-03-03 00:00:00+09:00,949.5265616243902,949.5265616243902,933.7667846679688,933.7667846679688,2613000,0.0,0.0
2008-03-04 00:00:00+09:00,916.6937438964843,921.9470031738281,886.4875030517577,893.0540771484375,2925000,0.0,0.0
2008-03-05 00:00:00+09:00,894.3673579993964,894.3673579993964,883.86083984375,883.86083984375,2691500,0.0,0.0
2008-03-06 00:00:00+09:00,912.7539531320766,924.5737884963769,899.6208027272985,906.1873779296875,2832000,0.0,0.0
2008-03-07 00:00:00+09:00,874.6679423262434,874.6679423262434,861.4506237188627,861.5347900390625,2529500,0.0,0.0
2008-03-10 00:00:00+09:00,883.8609754669,883.8609754669,845.7748413085938,845.7748413085938,3267000,0.0,0.0
2008-03-11 00:00:00+09:00,840.5214045953102,879.9208454357154,823.448313564468,868.1010131835938,3355500,0.0,0.0
2008-03-12 00:00:00+09:00,918.0071047556486,920.633734526051,912.0058072199281,912.7538452148438,1902000,0.0,0.0
2008-03-13 00:00:00+09:00,854.9680461054262,860.2213059893305,835.2683215407851,845.7748413085938,2450000,0.0,0.0
2008-03-14 00:00:00+09:00,833.9548695799992,833.9548695799992,798.4953711884087,812.9418334960938,3074000,0.0,0.0
2008-03-17 00:00:00+09:00,748.589574302115,753.8428344726561,748.589574302115,753.8428344726562,3842500,0.0,0.0
2008-03-18 00:00:00+09:00,744.6496719680466,755.156192912922,744.6496719680466,751.2162475585938,4091500,0.0,0.0
2008-03-19 00:00:00+09:00,798.4954858896684,803.7487456652583,772.2291870117188,772.2291870117188,4085000,0.0,0.0
2008-03-21 00:00:00+09:00,799.8088859498032,833.955078125,799.8088859498032,833.955078125,3288500,0.0,0.0
2008-03-24 00:00:00+09:00,836.5814605112697,868.1010131835938,836.5814605112697,868.1010131835938,2646500,0.0,0.0
2008-03-25 00:00:00+09:00,866.7877297323258,881.2341918945312,864.1611002482884,881.2341918945312,2572500,0.0,0.0
2008-03-26 00:00:00+09:00,873.3544491792189,900.9340633638259,862.8479294898449,875.9810791015625,2342000,0.0,0.0
2008-03-27 00:00:00+09:00,872.0409465144231,872.0409465144231,853.654541015625,853.654541015625,1384000,0.0,0.0
2008-03-28 00:00:00+09:00,877.2942993164062,900.9339660644531,875.9809844970703,893.0540771484375,1854000,0.0,0.0
2008-03-31 00:00:00+09:00,889.1695588214732,889.1695588214732,861.5347900390625,861.5347900390625,2452500,0.0,0.0
2008-04-01 00:00:00+09:00,883.8609450584233,903.5606689453125,883.8609450584233,903.5606689453125,2037500,0.0,0.0
2008-04-02 00:00:00+09:00,903.5604682861973,995.4924926757812,903.5604682861973,995.4924926757812,2964000,0.0,0.0
2008-04-03 00:00:00+09:00,998.1194231525158,1044.08544921875,998.1194231525158,1044.08544921875,4051500,0.0,0.0
2008-04-04 00:00:00+09:00,1034.8923816900144,1034.8923816900144,1028.3258056640625,1028.3258056640625,2939000,0.0,0.0
2008-04-07 00:00:00+09:00,1071.6648925781249,1103.1844482421875,1071.6648925781249,1103.1844482421875,2246000,0.0,0.0
2008-04-08 00:00:00+09:00,1112.3034750272234,1112.3034750272234,1092.677978515625,1092.677978515625,2309500,0.0,0.0
2008-04-09 00:00:00+09:00,1092.6778967126622,1092.6778967126622,1011.2523803710938,1011.2523803710938,2692000,0.0,0.0
2008-04-10 00:00:00+09:00,999.4325192248648,999.4325192248648,994.1792602539062,994.1792602539062,3029500,0.0,0.0
2008-04-11 00:00:00+09:00,994.1791626889807,1053.2783203125,994.1791626889807,1053.2783203125,3197000,0.0,0.0
2008-04-14 00:00:00+09:00,1050.6520733950517,1050.6520733950517,1015.1925659179689,1015.1925659179688,1686000,0.0,0.0
2008-04-15 00:00:00+09:00,1049.3388005755273,1049.3388005755273,1034.892333984375,1034.892333984375,1870000,0.0,0.0
2008-04-16 00:00:00+09:00,1034.891968066172,1095.304443359375,1034.891968066172,1095.304443359375,2536000,0.0,0.0
2008-04-17 00:00:00+09:00,1147.5808123802988,1147.5808123802988,1145.21044921875,1145.21044921875,2258500,0.0,0.0
2008-04-18 00:00:00+09:00,1111.0645751953125,1111.0645751953125,1111.0645751953125,1111.0645751953125,3060000,0.0,0.0
2008-04-21 00:00:00+09:00,1141.2708346459174,1141.2708346459174,1139.95751953125,1139.95751953125,2812500,0.0,0.0
2008-04-22 00:00:00+09:00,1133.390844008502,1133.390844008502,1116.3177490234375,1116.3177490234375,2031000,0.0,0.0
2008-04-23 00:00:00+09:00,1101.827410609316,1101.827410609316,1095.304443359375,1095.304443359375,3406500,0.0,0.0
2008-04-24 00:00:00+09:00,1105.8111372028782,1111.0643967620367,1080.858154296875,1080.858154296875,1898000,0.0,0.0
2008-04-25 00:00:00+09:00,1115.004462379633,1129.450927734375,1115.004462379633,1129.450927734375,1303500,0.0,0.0
2008-04-28 00:00:00+09:00,1231.8894724710221,1246.3359375,1231.8894724710221,1246.3359375,2710500,0.0,0.0
2008-04-30 00:00:00+09:00,1203.7926497508424,1203.7926497508424,1189.863525390625,1189.863525390625,4032500,0.0,0.0
2008-05-01 00:00:00+09:00,1112.377735160673,1112.377735160673,1101.8712158203125,1101.8712158203125,3552500,0.0,0.0
2008-05-02 00:00:00+09:00,1099.2448029389252,1166.223876953125,1099.2448029389252,1166.223876953125,2410000,0.0,0.0
2008-05-07 00:00:00+09:00,1179.3568115234375,1179.3568115234375,1179.3568115234375,1179.3568115234375,2109500,0.0,0.0
2008-05-08 00:00:00+09:00,1154.4037721819197,1154.4037721819197,1149.1505126953125,1149.1505126953125,1467500,0.0,0.0
2008-05-09 00:00:00+09:00,1146.524005648815,1146.524005648815,1059.84521484375,1059.84521484375,2350500,0.0,0.0
2008-05-12 00:00:00+09:00,1054.591891785775,1086.1114501953125,1054.591891785775,1086.1114501953125,2378500,0.0,0.0
2008-05-13 00:00:00+09:00,1080.8581904603896,1086.1114501953125,1080.8581904603896,1086.1114501953125,1770500,0.0,0.0
2008-05-14 00:00:00+09:00,1086.1117203023393,1136.0177001953125,1086.1117203023393,1136.0177001953125,1974000,0.0,0.0
2008-05-15 00:00:00+09:00,1191.4156175571957,1191.4156175571957,1153.0904541015625,1153.0904541015625,2591500,0.0,0.0
2008-05-16 00:00:00+09:00,1157.0303467620747,1167.536865234375,1157.0303467620747,1167.536865234375,1681000,0.0,0.0
2008-05-19 00:00:00+09:00,1171.4768096614876,1171.4768096614876,1167.536865234375,1167.536865234375,1327000,0.0,0.0
2008-05-20 00:00:00+09:00,1137.330612058562,1137.330612058562,1130.7640380859375,1130.7640380859375,1522500,0.0,0.0
2008-05-21 00:00:00+09:00,1070.351522759665,1070.351522759665,1069.0382080078125,1069.0382080078125,2028500,0.0,0.0
2008-05-22 00:00:00+09:00,1087.4248260931945,1108.4378662109375,1087.4248260931945,1108.4378662109375,1911500,0.0,0.0
2008-05-23 00:00:00+09:00,1132.0774487189528,1132.0774487189528,1113.6910400390625,1113.6910400390625,1709000,0.0,0.0
2008-05-26 00:00:00+09:00,1115.004441550926,1115.004441550926,1063.78515625,1063.78515625,1201500,0.0,0.0
2008-05-27 00:00:00+09:00,1083.4848203278511,1086.1114501953125,1083.4848203278511,1086.1114501953125,1017000,0.0,0.0
2008-05-28 00:00:00+09:00,1097.93121397729,1097.93121397729,1071.6649169921875,1071.6649169921875,1822500,0.0,0.0
2008-05-29 00:00:00+09:00,1145.21044921875,1145.21044921875,1145.21044921875,1145.21044921875,2347500,0.0,0.0
2008-05-30 00:00:00+09:00,1145.2105847617058,1178.04345703125,1145.2105847617058,1178.04345703125,2682000,0.0,0.0
2008-06-02 00:00:00+09:00,1157.0305139878217,1160.970458984375,1157.0305139878217,1160.970458984375,1600500,0.0,0.0
2008-06-03 00:00:00+09:00,1131.4983883216591,1131.4983883216591,1112.3778076171875,1112.3778076171875,2271500,0.0,0.0
2008-06-04 00:00:00+09:00,1125.887838009732,1138.6439208984375,1125.887838009732,1138.6439208984375,1653000,0.0,0.0
2008-06-05 00:00:00+09:00,1099.244842308688,1105.8114184276167,1090.0516357421875,1090.0516357421875,1348500,0.0,0.0
2008-06-06 00:00:00+09:00,1075.6050709691542,1075.6050709691542,1066.411865234375,1066.411865234375,2134500,0.0,0.0
2008-06-09 00:00:00+09:00,1072.9783649657295,1072.9783649657295,1059.84521484375,1059.84521484375,1864000,0.0,0.0
2008-06-10 00:00:00+09:00,1059.845356762256,1059.845356762256,1021.7592163085938,1021.7592163085938,2005000,0.0,0.0
2008-06-11 00:00:00+09:00,1021.7586923245481,1021.7586923245481,1012.5654907226562,1012.5654907226562,2331500,0.0,0.0
2008-06-12 00:00:00+09:00,969.2265370001369,981.0463728172117,969.2265370001369,974.4797973632812,2767000,0.0,0.0
2008-06-13 00:00:00+09:00,963.9729414564954,995.4924926757812,963.9729414564954,995.4924926757812,2756000,0.0,0.0
2008-06-16 00:00:00+09:00,1024.3854400634766,1050.6517333984375,1024.3854400634766,1050.6517333984375,1904500,0.0,0.0
2008-06-17 00:00:00+09:00,1050.6519551179847,1050.6519551179847,1029.638916015625,1029.638916015625,1703500,0.0,0.0
2008-06-18 00:00:00+09:00,1042.7721341882861,1044.08544921875,1042.7721341882861,1044.08544921875,1062000,0.0,0.0
2008-06-19 00:00:00+09:00,988.9262618113884,1003.3727277873847,986.2996316339345,996.80615234375,1519000,0.0,0.0
2008-06-20 00:00:00+09:00,981.0463256835938,981.0463256835938,981.0463256835938,981.0463256835938,1170000,0.0,0.0
2008-06-23 00:00:00+09:00,953.4664916992188,953.4664916992188,953.4664916992188,953.4664916992188,1259500,0.0,0.0
2008-06-24 00:00:00+09:00,954.7798736572265,954.7798736572265,945.5866699218749,945.586669921875,2168500,0.0,0.0
2008-06-25 00:00:00+09:00,941.6028373696527,941.6028373696527,932.3063354492189,932.3063354492188,2120000,16.0,0.0
2008-06-26 00:00:00+09:00,957.5397047895638,957.5397047895638,941.6028442382811,941.6028442382812,1911500,0.0,0.0
2008-06-27 00:00:00+09:00,892.4638485999268,907.0726318359375,892.4638485999268,907.0726318359375,2217000,0.0,0.0
2008-06-30 00:00:00+09:00,907.0725423710142,912.3848266601562,907.0725423710142,912.3848266601562,3603500,0.0,0.0
2008-07-01 00:00:00+09:00,912.3850069629902,912.3850069629902,780.9059448242188,780.9059448242188,8289500,0.0,0.0
2008-07-02 00:00:00+09:00,759.6568603515625,759.6568603515625,759.6568603515625,759.6568603515625,5893500,0.0,0.0
2008-07-03 00:00:00+09:00,759.6568106500213,779.577880859375,759.6568106500213,779.577880859375,5969000,0.0,0.0
2008-07-04 00:00:00+09:00,780.9058450189996,780.9058450189996,731.7672119140625,731.7672119140625,7149000,0.0,0.0
2008-07-07 00:00:00+09:00,771.6095206094683,778.2498779296875,771.6095206094683,778.2498779296875,5413000,0.0,0.0
2008-07-08 00:00:00+09:00,743.7199840198864,743.7199840198864,730.4392700195312,730.4392700195312,4308500,0.0,0.0
2008-07-09 00:00:00+09:00,766.2971062168108,766.2971062168108,746.3760375976562,746.3760375976562,3734500,0.0,0.0
2008-07-10 00:00:00+09:00,743.4089691883706,794.1867065429686,743.4089691883706,794.1867065429688,4924500,0.0,0.0
2008-07-11 00:00:00+09:00,760.98486328125,760.98486328125,760.98486328125,760.98486328125,4245500,0.0,0.0
2008-07-14 00:00:00+09:00,779.5778466796875,779.5778466796875,763.6409912109375,763.6409912109375,2879000,0.0,0.0
2008-07-15 00:00:00+09:00,718.486631812119,718.486631812119,707.862060546875,707.862060546875,3196500,0.0,0.0
2008-07-16 00:00:00+09:00,685.2848436366659,686.6129150390625,685.2848436366659,686.6129150390625,4002000,0.0,0.0
2008-07-17 00:00:00+09:00,710.517998311057,711.8460693359375,710.517998311057,711.8460693359375,3379000,0.0,0.0
2008-07-18 00:00:00+09:00,711.8462290405756,711.8462290405756,672.0040893554688,672.0040893554688,4117500,0.0,0.0
2008-07-22 00:00:00+09:00,673.3321026160096,687.9408859074812,640.1303224081196,682.6286010742188,4570000,0.0,0.0
2008-07-23 00:00:00+09:00,739.7357835557725,739.7357835557725,717.1585693359374,717.1585693359375,4540000,0.0,0.0
2008-07-24 00:00:00+09:00,754.3445067081152,760.98486328125,754.3445067081152,760.98486328125,3346000,0.0,0.0
2008-07-25 00:00:00+09:00,715.8304591116736,715.8304591116736,713.17431640625,713.17431640625,2341500,0.0,0.0
2008-07-28 00:00:00+09:00,737.0796270197088,737.0796270197088,730.4392700195312,730.4392700195312,2273000,0.0,0.0
2008-07-29 00:00:00+09:00,699.8935790097803,706.533935546875,699.8935790097803,706.533935546875,2741000,0.0,0.0
2008-07-30 00:00:00+09:00,742.3918603866276,742.3918603866276,739.7357177734375,739.7357177734375,2585000,0.0,0.0
2008-07-31 00:00:00+09:00,737.9605504292127,737.9605504292127,713.17431640625,713.17431640625,2953500,0.0,0.0
2008-08-01 00:00:00+09:00,714.5024111932386,714.5024111932386,665.36376953125,665.36376953125,2823500,0.0,0.0
2008-08-04 00:00:00+09:00,665.3636585243364,665.3636585243364,652.0829467773438,652.0829467773438,2651500,0.0,0.0
2008-08-05 00:00:00+09:00,628.1777491478404,630.8338918503682,625.5216064453125,625.5216064453125,2940500,0.0,0.0
2008-08-06 00:00:00+09:00,625.5215794120248,674.6602172851562,625.5215794120248,674.6602172851562,2208500,0.0,0.0
2008-08-07 00:00:00+09:00,648.8117763308086,650.7550048828125,648.8117763308086,650.7550048828125,2773000,0.0,0.0
2008-08-08 00:00:00+09:00,641.4584701265067,668.0198974609375,641.4584701265067,668.0198974609375,2694000,0.0,0.0
2008-08-11 00:00:00+09:00,685.2847074828396,689.2689208984375,685.2847074828396,689.2689208984375,2436500,0.0,0.0
2008-08-12 00:00:00+09:00,672.0041115611021,672.0041115611021,668.0198974609375,668.0198974609375,2329500,0.0,0.0
2008-08-13 00:00:00+09:00,668.01978989278,668.01978989278,642.7864379882812,642.7864379882812,3025000,0.0,0.0
2008-08-14 00:00:00+09:00,641.4585644685769,641.4585644685769,629.5059204101562,629.5059204101562,4158500,0.0,0.0
2008-08-15 00:00:00+09:00,621.5374032479746,645.4426879882812,621.5374032479746,645.4426879882812,3783000,0.0,0.0
2008-08-18 00:00:00+09:00,677.3163204381962,677.3163204381962,670.6759643554688,670.6759643554688,4570000,0.0,0.0
2008-08-19 00:00:00+09:00,657.3953470369665,657.3953470369665,653.4111328125,653.4111328125,4065000,0.0,0.0
2008-08-20 00:00:00+09:00,653.4110469709948,702.5496826171875,653.4110469709948,702.5496826171875,3691000,0.0,0.0
2008-08-21 00:00:00+09:00,722.423741037321,738.4077758789062,722.423741037321,738.4077758789062,8970000,0.0,0.0
2008-08-22 00:00:00+09:00,738.4076245989118,743.7199096679688,738.4076245989118,743.7199096679688,4901000,0.0,0.0
2008-08-25 00:00:00+09:00,753.0163718974695,753.0163718974695,750.3602294921875,750.3602294921875,2601500,0.0,0.0
2008-08-26 00:00:00+09:00,710.5182657432904,729.1112670898438,710.5182657432904,729.1112670898438,2541000,0.0,0.0
2008-08-27 00:00:00+09:00,722.4707736751426,722.4707736751426,698.5654907226562,698.5654907226562,2163500,0.0,0.0
2008-08-28 00:00:00+09:00,686.6128189540145,686.6128189540145,670.6759643554688,670.6759643554688,2436500,0.0,0.0
2008-08-29 00:00:00+09:00,670.6760172296155,705.2058715820312,670.6760172296155,705.2058715820312,2556500,0.0,0.0
2008-09-01 00:00:00+09:00,705.2057142115351,711.8460693359375,705.2057142115351,711.8460693359375,2339000,0.0,0.0
2008-09-02 00:00:00+09:00,754.3444798060825,754.3444798060825,743.7199096679688,743.7199096679688,5198500,0.0,0.0
2008-09-03 00:00:00+09:00,742.3918428022146,742.3918428022146,698.5654907226562,698.5654907226562,3261500,0.0,0.0
2008-09-04 00:00:00+09:00,698.565498046875,698.565498046875,697.2374267578125,697.2374267578125,3048500,0.0,0.0
2008-09-05 00:00:00+09:00,690.5969848632812,690.5969848632812,690.5969848632812,690.5969848632812,2061500,0.0,0.0
2008-09-08 00:00:00+09:00,690.5970174153646,796.8427124023438,690.5970174153646,796.8427124023438,4565500,0.0,0.0
2008-09-09 00:00:00+09:00,796.8427635565979,796.8427635565979,787.5462646484376,787.5462646484375,5152000,0.0,0.0
2008-09-10 00:00:00+09:00,871.2147024054276,920.353336535002,869.8866312127363,908.4006958007812,9740000,0.0,0.0
2008-09-11 00:00:00+09:00,855.2778785162296,857.9340209960936,855.2778785162296,857.9340209960938,9583000,0.0,0.0
2008-09-12 00:00:00+09:00,864.5743583783711,872.5427856445311,864.5743583783711,872.5427856445312,6553500,0.0,0.0
2008-09-16 00:00:00+09:00,872.5430957965565,872.5430957965565,798.1710815429688,798.1710815429688,5527000,0.0,0.0
2008-09-17 00:00:00+09:00,772.9374624231956,772.9374624231956,746.3760375976562,746.3760375976562,6432000,0.0,0.0
2008-09-18 00:00:00+09:00,746.3760495393173,746.3760495393173,733.0953369140625,733.0953369140625,4057500,0.0,0.0
2008-09-19 00:00:00+09:00,735.7515133255762,749.0322265625,735.7515133255762,749.0322265625,4692500,0.0,0.0
2008-09-22 00:00:00+09:00,811.4515380859375,811.4515380859375,811.4515380859375,811.4515380859375,3746500,0.0,0.0
2008-09-24 00:00:00+09:00,755.6727058904635,755.6727058904635,738.4077758789062,738.4077758789062,3624500,0.0,0.0
2008-09-25 00:00:00+09:00,743.7200538621357,743.7200538621357,729.1112670898438,729.1112670898438,2880000,0.0,0.0
2008-09-26 00:00:00+09:00,723.7988625433211,723.7988625433211,706.533935546875,706.533935546875,2695500,0.0,0.0
2008-09-29 00:00:00+09:00,706.5340881347656,706.5340881347656,679.97265625,679.97265625,2820500,0.0,0.0
2008-09-30 00:00:00+09:00,649.4269559574323,649.4269559574323,646.7708129882812,646.7708129882812,4234000,0.0,0.0
2008-10-01 00:00:00+09:00,646.7707788765558,646.7707788765558,620.2093505859375,620.2093505859375,2978000,0.0,0.0
2008-10-02 00:00:00+09:00,620.2093094942862,620.2093094942862,605.6005249023438,605.6005249023438,3584000,0.0,0.0
2008-10-03 00:00:00+09:00,568.4146042759324,569.74267578125,568.4146042759324,569.74267578125,2647500,0.0,0.0
2008-10-06 00:00:00+09:00,565.758572456532,565.758572456532,529.900634765625,529.900634765625,2687500,0.0,0.0
2008-10-07 00:00:00+09:00,513.311170216869,541.85302734375,513.311170216869,541.85302734375,3645500,0.0,0.0
2008-10-08 00:00:00+09:00,541.8530074409816,541.8530074409816,488.73016357421875,488.73016357421875,2880500,0.0,0.0
2008-10-09 00:00:00+09:00,507.37970612368326,507.37970612368326,500.6828918457032,500.6828918457031,3359000,0.0,0.0
2008-10-10 00:00:00+09:00,500.6828918457032,500.6828918457032,500.6828918457032,500.6828918457031,0,0.0,0.0
2008-10-14 00:00:00+09:00,557.7899780273438,557.7899780273438,557.7899780273438,557.7899780273438,1449000,0.0,0.0
2008-10-15 00:00:00+09:00,552.4777316560325,572.3988037109375,552.4777316560325,572.3988037109375,3227500,0.0,0.0
2008-10-16 00:00:00+09:00,502.01092382420825,502.01092382420825,496.6986389160156,496.6986389160156,2999500,0.0,0.0
2008-10-17 00:00:00+09:00,483.4179827301196,483.4179827301196,475.4495544433594,475.4495544433594,2581500,0.0,0.0
2008-10-20 00:00:00+09:00,482.0897579193115,509.979248046875,482.0897579193115,509.979248046875,2464000,0.0,0.0
2008-10-21 00:00:00+09:00,543.5836619277536,548.4935302734375,543.5836619277536,548.4935302734375,2064500,0.0,0.0
2008-10-22 00:00:00+09:00,548.493348587391,548.493348587391,513.9635009765625,513.9635009765625,1734500,0.0,0.0
2008-10-23 00:00:00+09:00,529.9003730587843,544.5091552734375,529.9003730587843,544.5091552734375,3404000,0.0,0.0
2008-10-24 00:00:00+09:00,541.8531881619182,556.4619750976562,541.8531881619182,556.4619750976562,5391000,0.0,0.0
2008-10-27 00:00:00+09:00,556.4619306865492,556.4619306865492,504.6671447753906,504.6671447753906,3571000,0.0,0.0
2008-10-28 00:00:00+09:00,431.62312061860945,468.80911254882807,431.62312061860945,468.8091125488281,4187500,0.0,0.0
2008-10-29 00:00:00+09:00,468.8091798979661,500.6828918457032,468.8091798979661,500.6828918457031,2874500,0.0,0.0
2008-10-30 00:00:00+09:00,500.68282848611216,540.5249633789062,500.68282848611216,540.5249633789062,3051500,0.0,0.0
2008-10-31 00:00:00+09:00,541.8531790068655,541.8531790068655,525.9163208007812,525.9163208007812,3407000,0.0,0.0
2008-11-04 00:00:00+09:00,525.9161096191407,531.2283935546875,525.9161096191407,531.2283935546875,2334500,0.0,0.0
2008-11-05 00:00:00+09:00,531.2283857153096,579.0389404296875,531.2283857153096,579.0389404296875,2343500,0.0,0.0
2008-11-06 00:00:00+09:00,579.0391355085601,579.0391355085601,555.1338500976562,555.1338500976562,4611500,0.0,0.0
2008-11-07 00:00:00+09:00,555.1340147542113,555.1340147542113,527.2445068359375,527.2445068359375,2740500,0.0,0.0
2008-11-10 00:00:00+09:00,516.6197748329433,523.2601318359375,516.6197748329433,523.2601318359375,2339500,0.0,0.0
2008-11-11 00:00:00+09:00,500.68303573687456,512.6356811523438,500.68303573687456,512.6356811523438,2393000,0.0,0.0
2008-11-12 00:00:00+09:00,495.37061745476257,495.37061745476257,476.7776184082031,476.7776184082031,1732000,0.0,0.0
2008-11-13 00:00:00+09:00,450.2162170410156,450.2162170410156,450.2162170410156,450.2162170410156,1350500,0.0,0.0
2008-11-14 00:00:00+09:00,450.21627044677734,450.21627044677734,414.35833740234375,414.35833740234375,3682000,0.0,0.0
2008-11-17 00:00:00+09:00,414.35829678167664,414.35829678167664,389.12493896484375,389.12493896484375,3570000,0.0,0.0
2008-11-18 00:00:00+09:00,389.1249853605714,389.1249853605714,359.90740966796875,359.90740966796875,2799000,0.0,0.0
2008-11-19 00:00:00+09:00,339.98624387254904,339.98624387254904,338.6581726074219,338.6581726074219,3370500,0.0,0.0
2008-11-20 00:00:00+09:00,338.6581905817581,338.6581905817581,313.4248352050781,313.4248352050781,2336500,0.0,0.0
2008-11-21 00:00:00+09:00,313.42478543795073,345.2984924316406,313.42478543795073,345.2984924316406,2959000,0.0,0.0
2008-11-25 00:00:00+09:00,345.2985441600177,374.51611328125,345.2985441600177,374.51611328125,3995000,0.0,0.0
2008-11-26 00:00:00+09:00,374.51605753433836,374.51605753433836,367.8757019042969,367.8757019042969,2046500,0.0,0.0
2008-11-27 00:00:00+09:00,400.3890236839,400.3890236839,398.4213562011719,398.4213562011719,2711000,0.0,0.0
2008-11-28 00:00:00+09:00,398.421383208741,415.6863098144531,398.421383208741,415.6863098144531,1862500,0.0,0.0
2008-12-01 00:00:00+09:00,415.6863530902161,415.6863530902161,397.0933532714843,397.0933532714844,1729500,0.0,0.0
2008-12-02 00:00:00+09:00,397.09332342217436,397.09332342217436,363.89154052734375,363.89154052734375,1961000,0.0,0.0
2008-12-03 00:00:00+09:00,366.54770640980115,366.54770640980115,365.2196350097656,365.2196350097656,1412500,0.0,0.0
2008-12-04 00:00:00+09:00,347.95470971679686,347.95470971679686,332.0178527832031,332.0178527832031,2274000,0.0,0.0
2008-12-05 00:00:00+09:00,332.01785963408804,332.01785963408804,325.37750244140625,325.37750244140625,2684000,0.0,0.0
2008-12-08 00:00:00+09:00,325.3775328323554,325.3775328323554,320.06524658203125,320.06524658203125,2579000,0.0,0.0
2008-12-09 00:00:00+09:00,335.4980593293719,365.2196350097656,335.4980593293719,365.2196350097656,5250000,0.0,0.0
2008-12-10 00:00:00+09:00,365.2196423760776,423.65478515625,365.2196423760776,423.65478515625,10582000,0.0,0.0
2008-12-11 00:00:00+09:00,458.1845385742187,498.0266723632812,458.1845385742187,498.02667236328125,9796500,0.0,0.0
2008-12-12 00:00:00+09:00,498.0267514003797,498.0267514003797,472.79339599609375,472.79339599609375,9480000,0.0,0.0
2008-12-15 00:00:00+09:00,515.2915417480469,531.2283935546875,515.2915417480469,531.2283935546875,5314000,0.0,0.0
2008-12-16 00:00:00+09:00,539.1970196063702,539.1970196063702,517.9478759765625,517.9478759765625,4811000,0.0,0.0
2008-12-17 00:00:00+09:00,517.9478350889335,547.1654052734375,517.9478350889335,547.1654052734375,8799000,0.0,0.0
2008-12-18 00:00:00+09:00,552.4777609045667,567.0865478515625,552.4777609045667,567.0865478515625,5812500,0.0,0.0
2008-12-19 00:00:00+09:00,567.08647940092,568.41455078125,567.08647940092,568.41455078125,6421500,0.0,0.0
2008-12-22 00:00:00+09:00,568.4146042759324,569.74267578125,568.4146042759324,569.74267578125,2627500,0.0,0.0
2008-12-24 00:00:00+09:00,569.7427877555217,569.7427877555217,529.900634765625,529.900634765625,3149000,0.0,0.0
2008-12-25 00:00:00+09:00,527.1337128480101,529.9005737304688,527.1337128480101,529.9005737304688,1723000,16.0,0.0
2008-12-26 00:00:00+09:00,542.0976037209658,554.2947998046875,532.6108956558489,554.2947998046875,1311000,0.0,0.0
2008-12-29 00:00:00+09:00,552.93959211595,552.93959211595,542.0976393293627,547.5186157226562,2368000,0.0,0.0
2008-12-30 00:00:00+09:00,548.8738794066475,554.2948559933798,539.3871703798659,546.1633911132812,746000,0.0,0.0
2009-01-05 00:00:00+09:00,580.0445402298851,599.017959770115,570.5578304597701,589.53125,1682000,0.0,0.0
2009-01-06 00:00:00+09:00,580.04452726881,580.04452726881,565.1368408203125,565.1368408203125,2566000,0.0,0.0
2009-01-07 00:00:00+09:00,565.1368189064854,565.1368189064854,562.4263305664062,562.4263305664062,2388500,0.0,0.0
2009-01-08 00:00:00+09:00,562.4264401487072,562.4264401487072,529.9005737304688,529.9005737304688,3304500,0.0,0.0
2009-01-09 00:00:00+09:00,529.9004864007934,529.9004864007934,519.0585327148438,519.0585327148438,2903500,0.0,0.0
2009-01-13 00:00:00+09:00,520.4137964396285,520.4137964396285,437.743896484375,437.743896484375,11616500,0.0,0.0
2009-01-14 00:00:00+09:00,437.74384130321954,437.74384130321954,430.9676208496094,430.9676208496094,2928000,0.0,0.0
2009-01-15 00:00:00+09:00,430.9675337818865,430.9675337818865,424.1913146972656,424.1913146972656,5300500,0.0,0.0
2009-01-16 00:00:00+09:00,418.77051854287424,420.1257629394531,418.77051854287424,420.1257629394531,2329000,0.0,0.0
2009-01-19 00:00:00+09:00,421.4811193966171,421.4811193966171,418.7706298828125,418.7706298828125,3557500,0.0,0.0
2009-01-20 00:00:00+09:00,406.5732116699219,406.5732116699219,406.5732116699219,406.5732116699219,1809000,0.0,0.0
2009-01-21 00:00:00+09:00,380.82357502973616,391.66552734375006,380.82357502973616,391.66552734375,4409500,0.0,0.0
2009-01-22 00:00:00+09:00,391.66546309108554,424.1913146972656,391.66546309108554,424.1913146972656,4174000,0.0,0.0
2009-01-23 00:00:00+09:00,424.1914961291897,424.1914961291897,420.1257629394531,420.1257629394531,8439000,0.0,0.0
2009-01-26 00:00:00+09:00,420.1256757913177,420.1256757913177,394.37603759765625,394.37603759765625,2951000,0.0,0.0
2009-01-27 00:00:00+09:00,390.31025572593165,436.3885498046875,390.31025572593165,436.3885498046875,4075500,0.0,0.0
2009-01-28 00:00:00+09:00,436.3885691990362,436.3885691990362,435.0333251953125,435.0333251953125,2429500,0.0,0.0
2009-01-29 00:00:00+09:00,435.03337152992805,444.52008056640625,435.03337152992805,444.52008056640625,1813000,0.0,0.0
2009-01-30 00:00:00+09:00,444.5201392235694,444.5201392235694,417.4152526855469,417.4152526855469,2229500,0.0,0.0
2009-02-02 00:00:00+09:00,417.4151294849537,417.4151294849537,402.5074462890625,402.5074462890625,2266500,0.0,0.0
2009-02-03 00:00:00+09:00,395.73112445407446,395.73112445407446,390.3101501464844,390.3101501464844,3883000,0.0,0.0
2009-02-04 00:00:00+09:00,390.31026461274917,407.9284362792969,390.31026461274917,407.9284362792969,2460500,0.0,0.0
2009-02-05 00:00:00+09:00,428.25709045011234,428.25709045011234,414.70465087890625,414.70465087890625,3107500,0.0,0.0
2009-02-06 00:00:00+09:00,414.70467601102945,414.70467601102945,391.66552734375006,391.66552734375,5636000,0.0,0.0
2009-02-09 00:00:00+09:00,405.2179844830487,405.2179844830487,401.1522521972656,401.1522521972656,2771500,0.0,0.0
2009-02-10 00:00:00+09:00,383.53410370925377,402.50752226730873,376.7578827956627,393.02081298828125,1700000,0.0,0.0
2009-02-12 00:00:00+09:00,360.4949230266067,360.4949230266067,359.1396789550781,359.1396789550781,4116500,0.0,0.0
2009-02-13 00:00:00+09:00,338.8110437700825,338.8110437700825,336.1005554199219,336.1005554199219,5523000,0.0,0.0
2009-02-16 00:00:00+09:00,346.9424550097276,348.2976989746094,346.9424550097276,348.2976989746094,5482500,0.0,0.0
2009-02-17 00:00:00+09:00,329.32436747490607,329.32436747490607,321.1929016113281,321.1929016113281,3784000,0.0,0.0
2009-02-18 00:00:00+09:00,317.1271226965863,317.1271226965863,311.7061462402344,311.7061462402344,4017500,0.0,0.0
2009-02-19 00:00:00+09:00,315.3298436139455,315.3298436139455,306.28521728515625,306.28521728515625,3016000,0.0,0.0
2009-02-20 00:00:00+09:00,308.99565287998746,308.99565287998746,303.5746765136719,303.5746765136719,3059500,0.0,0.0
2009-02-23 00:00:00+09:00,304.92986875159716,304.92986875159716,290.0221862792969,290.0221862792969,3255500,0.0,0.0
2009-02-24 00:00:00+09:00,290.02215985019814,290.02215985019814,283.2459411621094,283.2459411621094,2938500,0.0,0.0
2009-02-25 00:00:00+09:00,291.3774301404151,291.3774301404151,290.0221862792969,290.0221862792969,3148500,0.0,0.0
2009-02-26 00:00:00+09:00,290.0221957219556,302.2193908691406,290.0221957219556,302.2193908691406,3680000,0.0,0.0
2009-02-27 00:00:00+09:00,299.50893055308944,299.50893055308944,298.1536865234375,298.1536865234375,2043000,0.0,0.0
2009-03-02 00:00:00+09:00,298.15366293497135,298.15366293497135,280.5354919433594,280.5354919433594,2408500,0.0,0.0
2009-03-03 00:00:00+09:00,276.469795334507,288.6669921875,276.469795334507,288.6669921875,3288500,0.0,0.0
2009-03-04 00:00:00+09:00,284.601209485853,300.8641357421875,284.601209485853,300.8641357421875,2443500,0.0,0.0
2009-03-05 00:00:00+09:00,299.5089701948495,314.4166564941406,299.5089701948495,314.4166564941406,3699500,0.0,0.0
2009-03-06 00:00:00+09:00,285.9565099569467,285.9565099569467,281.8907775878906,281.8907775878906,3274500,0.0,0.0
2009-03-09 00:00:00+09:00,281.8907581676136,281.8907581676136,268.33831787109375,268.33831787109375,3632500,0.0,0.0
2009-03-10 00:00:00+09:00,272.404052734375,272.404052734375,272.404052734375,272.404052734375,3600500,0.0,0.0
2009-03-11 00:00:00+09:00,279.63781562173915,279.63781562173915,273.7593078613281,273.7593078613281,3974500,0.0,0.0
2009-03-12 00:00:00+09:00,273.7593795701201,275.1146240234375,273.7593795701201,275.1146240234375,4405000,0.0,0.0
2009-03-13 00:00:00+09:00,268.33831787109375,268.33831787109375,268.33831787109375,268.33831787109375,5107500,0.0,0.0
2009-03-16 00:00:00+09:00,296.7984313964844,296.7984313964844,296.7984313964844,296.7984313964844,6611000,0.0,0.0
2009-03-17 00:00:00+09:00,298.1536865234375,327.96905517578125,298.1536865234375,327.96905517578125,8996000,0.0,0.0
2009-03-18 00:00:00+09:00,327.9690688218528,333.3900451660156,327.9690688218528,333.3900451660156,7359500,0.0,0.0
2009-03-19 00:00:00+09:00,326.6138610839844,326.6138610839844,326.6138610839844,326.6138610839844,4255500,0.0,0.0
2009-03-23 00:00:00+09:00,336.10051671755264,353.71868896484375,336.10051671755264,353.71868896484375,4300000,0.0,0.0
2009-03-24 00:00:00+09:00,355.0738830566406,355.0738830566406,355.0738830566406,355.0738830566406,4403000,0.0,0.0
2009-03-25 00:00:00+09:00,355.0739791642374,363.2054443359375,355.0739791642374,363.2054443359375,3036500,0.0,0.0
2009-03-26 00:00:00+09:00,363.20543880662024,388.955078125,363.20543880662024,388.955078125,3590000,0.0,0.0
2009-03-27 00:00:00+09:00,387.5997813442297,387.5997813442297,386.2445373535156,386.2445373535156,5442000,0.0,0.0
2009-03-30 00:00:00+09:00,380.8235693452915,380.8235693452915,353.71868896484375,353.71868896484375,2927500,0.0,0.0
2009-03-31 00:00:00+09:00,353.7187861868515,353.7187861868515,342.8768310546875,342.8768310546875,3814500,0.0,0.0
2009-04-01 00:00:00+09:00,361.85018070036597,364.5606689453125,361.85018070036597,364.5606689453125,3738500,0.0,0.0
2009-04-02 00:00:00+09:00,364.5606581914992,426.9018859863281,364.5606581914992,426.9018859863281,6220500,0.0,0.0
2009-04-03 00:00:00+09:00,428.25722931892636,428.25722931892636,420.1257629394531,420.1257629394531,5957500,0.0,0.0
2009-04-06 00:00:00+09:00,430.9676097785637,430.9676097785637,429.61236572265625,429.61236572265625,3651500,0.0,0.0
2009-04-07 00:00:00+09:00,429.612405516094,445.8753356933594,429.612405516094,445.8753356933594,3493500,0.0,0.0
2009-04-08 00:00:00+09:00,444.5201392235694,444.5201392235694,417.4152526855469,417.4152526855469,3070500,0.0,0.0
2009-04-09 00:00:00+09:00,459.42775544253266,477.0459289550781,459.42775544253266,477.0459289550781,6053500,0.0,0.0
2009-04-10 00:00:00+09:00,505.50614832827915,514.9928588867188,505.50614832827915,514.9928588867188,8172500,0.0,0.0
2009-04-13 00:00:00+09:00,525.8346756093368,554.2947998046875,525.8346756093368,554.2947998046875,6711000,0.0,0.0
2009-04-14 00:00:00+09:00,514.9927340641577,514.9927340641577,510.92700195312494,510.927001953125,6106000,0.0,0.0
2009-04-15 00:00:00+09:00,510.92712579024465,514.9928588867188,510.92712579024465,514.9928588867188,6644500,0.0,0.0
2009-04-16 00:00:00+09:00,514.9927188648896,514.9927188648896,460.782958984375,460.782958984375,6758000,0.0,0.0
2009-04-17 00:00:00+09:00,460.7829250378555,482.4668273925781,460.7829250378555,482.4668273925781,5736000,0.0,0.0
2009-04-20 00:00:00+09:00,477.046044921875,487.88800048828125,477.046044921875,487.88800048828125,4876000,0.0,0.0
2009-04-21 00:00:00+09:00,460.7829756963821,460.7829756963821,455.3619995117188,455.36199951171875,4046000,0.0,0.0
2009-04-22 00:00:00+09:00,462.13826587062476,462.13826587062476,445.8753356933594,445.8753356933594,3065000,0.0,0.0
2009-04-23 00:00:00+09:00,454.0067930359771,467.5592346191406,454.0067930359771,467.5592346191406,3949500,0.0,0.0
2009-04-24 00:00:00+09:00,498.72976455247465,498.72976455247465,468.9143981933593,468.9143981933594,5405500,0.0,0.0
2009-04-27 00:00:00+09:00,468.9145182173037,468.9145182173037,464.8487854003906,464.8487854003906,5527500,0.0,0.0
2009-04-28 00:00:00+09:00,449.9410353887649,449.9410353887649,426.9018859863281,426.9018859863281,4079500,0.0,0.0
2009-04-30 00:00:00+09:00,445.8753487985055,451.29632568359375,445.8753487985055,451.29632568359375,2655500,0.0,0.0
2009-05-01 00:00:00+09:00,466.20390062653615,482.4668273925781,466.20390062653615,482.4668273925781,4046500,0.0,0.0
2009-05-07 00:00:00+09:00,514.9926598866781,520.4136352539062,514.9926598866781,520.4136352539062,4553000,0.0,0.0
2009-05-08 00:00:00+09:00,514.9927339099702,540.7423706054688,514.9927339099702,540.7423706054688,3722000,0.0,0.0
2009-05-11 00:00:00+09:00,540.7423938160211,577.333984375,540.7423938160211,577.333984375,5359000,0.0,0.0
2009-05-12 00:00:00+09:00,575.5154074359027,575.5154074359027,559.7158203125,559.7158203125,4255000,0.0,0.0
2009-05-13 00:00:00+09:00,548.873826554678,558.3605346679688,548.873826554678,558.3605346679688,2727000,0.0,0.0
2009-05-14 00:00:00+09:00,527.1900024414062,527.1900024414062,527.1900024414062,527.1900024414062,2336500,0.0,0.0
2009-05-15 00:00:00+09:00,547.5187591402401,550.229248046875,547.5187591402401,550.229248046875,2455500,0.0,0.0
2009-05-18 00:00:00+09:00,524.4794701514306,524.4794701514306,521.7689819335938,521.7689819335938,1955500,0.0,0.0
2009-05-19 00:00:00+09:00,555.6501268818431,557.00537109375,555.6501268818431,557.00537109375,2463500,0.0,0.0
2009-05-20 00:00:00+09:00,557.0053584807841,570.5578002929688,557.0053584807841,570.5578002929688,1836500,0.0,0.0
2009-05-21 00:00:00+09:00,555.6500081969921,561.0709838867188,555.6500081969921,561.0709838867188,1716500,0.0,0.0
2009-05-22 00:00:00+09:00,562.4263008042137,562.4263008042137,547.5186157226562,547.5186157226562,2412000,0.0,0.0
2009-05-25 00:00:00+09:00,546.1633095887818,573.2681884765625,546.1633095887818,573.2681884765625,4064500,0.0,0.0
2009-05-26 00:00:00+09:00,573.2683281727793,573.2683281727793,567.8473510742188,567.8473510742188,3853000,0.0,0.0
2009-05-27 00:00:00+09:00,597.6627555300953,597.6627555300953,586.82080078125,586.82080078125,6549000,0.0,0.0
2009-05-28 00:00:00+09:00,586.8206428980718,593.5968627929688,586.8206428980718,593.5968627929688,3316500,0.0,0.0
2009-05-29 00:00:00+09:00,593.596874186198,609.8598022460938,593.596874186198,609.8598022460938,5111500,0.0,0.0
2009-06-01 00:00:00+09:00,631.5436309045102,645.0960693359375,631.5436309045102,645.0960693359375,5623000,0.0,0.0
2009-06-02 00:00:00+09:00,643.3544364186315,643.3544364186315,624.7675170898438,624.7675170898438,4744500,0.0,0.0
2009-06-03 00:00:00+09:00,622.0570341514572,632.8989868164062,622.0570341514572,632.8989868164062,2719500,0.0,0.0
2009-06-04 00:00:00+09:00,632.8990456153607,632.8990456153607,628.8333129882812,628.8333129882812,1779500,0.0,0.0
2009-06-05 00:00:00+09:00,628.8332545670503,632.8989868164062,628.8332545670503,632.8989868164062,2504500,0.0,0.0
2009-06-08 00:00:00+09:00,636.9646857010691,643.7409057617188,636.9646857010691,643.7409057617188,2130500,0.0,0.0
2009-06-09 00:00:00+09:00,643.7409169186828,643.7409169186828,630.1884765625,630.1884765625,2058000,0.0,0.0
2009-06-10 00:00:00+09:00,632.8988816799994,678.9771728515625,632.8988816799994,678.9771728515625,4845500,0.0,0.0
2009-06-11 00:00:00+09:00,674.9116386382685,681.6878599097371,666.7801731125063,669.4906616210938,4059000,0.0,0.0
2009-06-12 00:00:00+09:00,729.1212935429835,741.3184899033679,712.8583650624707,723.7003173828125,7088500,0.0,0.0
2009-06-15 00:00:00+09:00,729.12134765625,745.38427734375,729.12134765625,745.38427734375,11838500,0.0,0.0
2009-06-16 00:00:00+09:00,729.1213104823851,734.5422867684994,711.5031375525133,718.2793579101562,5800000,0.0,0.0
2009-06-17 00:00:00+09:00,702.0164018535979,719.6345741008889,692.5296937204412,707.4373779296875,6250000,0.0,0.0
2009-06-18 00:00:00+09:00,703.3716402275617,707.4373722519985,693.8849321705426,699.305908203125,3931000,0.0,0.0
2009-06-19 00:00:00+09:00,710.1479024684176,715.5688788231383,699.3059497589761,700.6611938476562,2924000,0.0,0.0
2009-06-22 00:00:00+09:00,731.8316661309258,765.7127617851353,731.8316661309258,757.581298828125,5350000,0.0,0.0
2009-06-23 00:00:00+09:00,725.0556444765917,729.1213770624418,720.9899118907416,726.410888671875,3877000,0.0,0.0
2009-06-24 00:00:00+09:00,685.7536110319699,712.8584968435101,685.7536110319699,706.082275390625,3790500,0.0,0.0
2009-06-25 00:00:00+09:00,707.4505774456521,732.0813519021739,689.6616847826086,723.87109375,4985500,10.0,0.0
2009-06-26 00:00:00+09:00,734.8180052591026,762.1855287324398,729.3445005644352,745.7650146484375,5150000,0.0,0.0
2009-06-29 00:00:00+09:00,745.7650883036449,756.7120987741571,717.0291858185503,727.9761962890625,2959500,0.0,0.0
2009-06-30 00:00:00+09:00,749.8702580552817,752.6070108219069,729.3446123055934,737.5548706054688,2695500,0.0,0.0
2009-07-01 00:00:00+09:00,743.0282941545759,762.1855614071801,733.4496605282739,747.1334228515625,3808500,0.0,0.0
2009-07-02 00:00:00+09:00,748.5018380794885,752.606966990345,719.7659357034936,725.2394409179688,3276000,0.0,0.0
2009-07-03 00:00:00+09:00,699.2402911492114,729.3445698288252,696.5035385419737,725.2394409179688,2434000,0.0,0.0
2009-07-06 00:00:00+09:00,722.5026771282327,738.9231925175108,708.8189143038344,714.2924194335938,2349500,0.0,0.0
2009-07-07 00:00:00+09:00,726.6078436715262,729.3445963783869,688.2933057754758,689.6616821289062,2915000,0.0,0.0
2009-07-08 00:00:00+09:00,662.2941988632562,666.3993281950532,622.611281989218,639.0317993164062,5150000,0.0,0.0
2009-07-09 00:00:00+09:00,622.6112143957175,663.6625032569737,608.9274514419656,630.8214721679688,4658000,0.0,0.0
2009-07-10 00:00:00+09:00,632.1897652645239,643.1367741868534,593.8752340363709,611.6641235351562,4500500,0.0,0.0
2009-07-13 00:00:00+09:00,591.138592761076,596.6120982496044,537.7719142479233,540.5086669921875,5547500,0.0,0.0
2009-07-14 00:00:00+09:00,554.1923121402139,581.5598337273849,554.1923121402139,571.981201171875,5050000,0.0,0.0
2009-07-15 00:00:00+09:00,573.3497239082835,582.9283589139112,554.1924538970283,565.1394653320312,4655000,0.0,0.0
2009-07-16 00:00:00+09:00,585.6651840391181,596.612196824896,569.2446648604513,576.0865478515625,3517000,0.0,0.0
2009-07-17 00:00:00+09:00,585.6651931163005,628.0848683186493,582.9284398774392,626.7164916992188,7400000,0.0,0.0
2009-07-21 00:00:00+09:00,640.4001173332556,641.7684936523438,619.8744725469334,641.7684936523438,3361000,0.0,0.0
2009-07-22 00:00:00+09:00,634.9265334381838,640.4000380367889,614.400891193415,625.347900390625,3436500,0.0,0.0
2009-07-23 00:00:00+09:00,626.7162671818702,634.9265239571786,611.6641297604716,617.1376342773438,2773000,0.0,0.0
2009-07-24 00:00:00+09:00,637.6632857374864,640.4000380367889,610.2957627444612,625.347900390625,2510500,0.0,0.0
2009-07-27 00:00:00+09:00,611.6641339420723,622.6111430506553,589.7701157249064,593.875244140625,4553000,0.0,0.0
2009-07-28 00:00:00+09:00,600.717237034991,617.1377537648768,593.8753550642051,614.4010009765625,4663000,0.0,0.0
2009-07-29 00:00:00+09:00,602.0856323242188,608.9275145097213,595.2437501387162,602.0856323242188,3170000,0.0,0.0
2009-07-30 00:00:00+09:00,599.3487037452492,607.5589599609375,584.2965673498205,607.5589599609375,2184000,0.0,0.0
2009-07-31 00:00:00+09:00,623.9796847639412,647.2420852924215,614.4010492522141,634.9266967773438,4644000,0.0,0.0
2009-08-03 00:00:00+09:00,634.9266252935804,659.5573995506589,630.821496250734,655.4522705078125,2956000,0.0,0.0
2009-08-04 00:00:00+09:00,674.6094417780704,675.9778179277216,617.1376434927175,625.347900390625,4578000,0.0,0.0
2009-08-05 00:00:00+09:00,639.0315960894575,639.0315960894575,618.5059559581044,622.611083984375,2344000,0.0,0.0
2009-08-06 00:00:00+09:00,626.7163885239769,630.8215177064483,604.8223662174624,614.4010009765625,2862500,0.0,0.0
2009-08-07 00:00:00+09:00,606.1908864845518,608.9276399224053,589.7703658574308,604.822509765625,3027500,0.0,0.0
2009-08-10 00:00:00+09:00,617.1377589076297,621.2428881243102,607.5591240687087,619.87451171875,2431000,0.0,0.0
2009-08-11 00:00:00+09:00,617.1377738050235,639.0317968224966,610.2958916120631,636.2950439453125,2988000,0.0,0.0
2009-08-12 00:00:00+09:00,629.4529843428497,671.8726419833462,622.6111040782536,665.03076171875,5750000,0.0,0.0
2009-08-13 00:00:00+09:00,675.9778286300542,723.8709946261107,674.6094524587384,717.0291137695312,9500000,0.0,0.0
2009-08-14 00:00:00+09:00,704.7138374059673,738.9232469887813,704.7138374059673,737.5548706054688,7650000,0.0,0.0
2009-08-17 00:00:00+09:00,732.0813934147707,733.44976985106,699.2403589438277,701.9771118164062,3216000,0.0,0.0
2009-08-18 00:00:00+09:00,686.9251076793491,733.4499157691855,682.8199775537754,726.6080322265625,5950000,0.0,0.0
2009-08-19 00:00:00+09:00,721.1344120502472,737.554929971695,693.7668821811676,700.6087646484375,3994000,0.0,0.0
2009-08-20 00:00:00+09:00,710.1873015781619,729.3445698288252,696.5035385419737,725.2394409179688,3936500,0.0,0.0
2009-08-21 00:00:00+09:00,723.871213619804,736.1866028874377,704.7139414257072,721.1344604492188,4015000,0.0,0.0
2009-08-24 00:00:00+09:00,734.8182964004089,753.9755704220211,719.766152526285,732.08154296875,5550000,0.0,0.0
2009-08-25 00:00:00+09:00,737.5548706054688,744.3967525220315,729.3446123055934,737.5548706054688,4101000,0.0,0.0
2009-08-26 00:00:00+09:00,749.870228407118,755.3437337239584,736.1864651150174,738.9232177734375,4087500,0.0,0.0
2009-08-27 00:00:00+09:00,740.2916773926697,741.6600538758355,718.3976536620178,729.3446655273438,2473000,0.0,0.0
2009-08-28 00:00:00+09:00,747.1334228515625,755.3436802455358,729.3445318312872,747.1334228515625,3700500,0.0,0.0
2009-08-31 00:00:00+09:00,758.0806230024858,773.1327653364702,748.5019869717685,752.6071166992188,4279500,0.0,0.0
2009-09-02 00:00:00+09:00,732.0813072895608,749.8701988685593,732.0813072895608,740.2915649414062,3371500,0.0,0.0
2009-09-03 00:00:00+09:00,732.0812516540061,736.1863801679538,712.9239852555835,717.0291137695312,2803500,0.0,0.0
2009-09-04 00:00:00+09:00,725.2395902050966,741.6601092286083,717.0293306933409,721.1344604492188,3962500,0.0,0.0
2009-09-07 00:00:00+09:00,729.3445656920608,753.9753390174963,726.6078131003458,751.2385864257812,2737500,0.0,0.0
2009-09-08 00:00:00+09:00,740.2915830683887,743.0283356860168,718.3975621273643,727.9761962890625,4446500,0.0,0.0
2009-09-09 00:00:00+09:00,725.2394571339513,753.9753601524664,725.2394571339513,741.6599731445312,3198500,0.0,0.0
2009-09-10 00:00:00+09:00,744.3966732721259,767.6590693118798,737.554792083963,749.8701782226562,4324000,0.0,0.0
2009-09-11 00:00:00+09:00,756.7121263586956,762.1856317934783,718.3975883152174,723.87109375,3920500,0.0,0.0
2009-09-14 00:00:00+09:00,718.3975219726562,721.134274437314,658.1889677501861,660.9257202148438,9600000,0.0,0.0
2009-09-15 00:00:00+09:00,677.3464061367896,712.9241971661967,674.6096529806814,678.7147827148438,9900000,0.0,0.0
2009-09-16 00:00:00+09:00,684.1882583942819,692.3985174950133,640.4002098570478,643.136962890625,7600000,0.0,0.0
2009-09-17 00:00:00+09:00,656.8205915178571,659.5573439825149,619.8744332449777,632.1898193359375,5100000,0.0,0.0
2009-09-18 00:00:00+09:00,621.2428381003424,651.3471165985968,603.4539462604647,630.8214721679688,5950000,0.0,0.0
2009-09-21 00:00:00+09:00,630.8214721679688,630.8214721679688,630.8214721679688,630.8214721679688,0,0.0,0.0
2009-09-24 00:00:00+09:00,644.5053050921356,647.2420579800003,621.2429055452857,639.0317993164062,2920000,0.0,0.0
2009-09-25 00:00:00+09:00,645.8736245291574,647.2420008523123,607.5590874808175,613.0325927734375,3985500,0.0,0.0
2009-09-28 00:00:00+09:00,592.5069972645152,606.1907616355203,578.8232328935103,602.0856323242188,3847500,0.0,0.0
2009-09-29 00:00:00+09:00,615.7694140194797,625.3480493486716,602.0856492634912,621.242919921875,2472500,0.0,0.0
2009-09-30 00:00:00+09:00,614.4011126194565,614.4011126194565,585.665203120551,600.7173461914062,4353000,0.0,0.0
2009-10-01 00:00:00+09:00,587.0336530412947,597.9806675502232,571.9815080915179,574.71826171875,3115000,0.0,0.0
2009-10-02 00:00:00+09:00,554.1924252717391,584.2967051630435,547.3505434782609,566.5078125,4873500,0.0,0.0
2009-10-05 00:00:00+09:00,566.5078098334155,582.928326060471,558.2975517198878,563.7710571289062,2938500,0.0,0.0
2009-10-06 00:00:00+09:00,576.086410805031,592.5069260773835,561.0342718053747,591.1385498046875,4408000,0.0,0.0
2009-10-07 00:00:00+09:00,604.82232255584,639.03172994022,600.7171936697143,630.8214721679688,5650000,0.0,0.0
2009-10-08 00:00:00+09:00,625.3481129428797,640.4002557051809,611.664346795333,623.979736328125,3225500,0.0,0.0
2009-10-09 00:00:00+09:00,632.1898933022709,652.7155391887082,629.4531405174126,645.8736572265625,3821500,0.0,0.0
2009-10-13 00:00:00+09:00,649.9788083312332,652.7155612084173,633.5582910681284,636.2950439453125,1746500,0.0,0.0
2009-10-14 00:00:00+09:00,629.4531907706425,637.6634497806944,617.1378022555647,634.9266967773438,2800500,0.0,0.0
2009-10-15 00:00:00+09:00,648.6104689577792,658.1891045752992,641.7685863738365,643.136962890625,3214000,0.0,0.0
2009-10-16 00:00:00+09:00,654.0839376470094,656.8206905241935,630.8215381909442,636.2950439453125,2474500,0.0,0.0
2009-10-19 00:00:00+09:00,623.9797244565935,651.3472562310055,618.5062181017112,647.2421264648438,2442500,0.0,0.0
2009-10-20 00:00:00+09:00,649.9787074860317,663.6624697488955,647.2419550334589,658.18896484375,2165500,0.0,0.0
2009-10-21 00:00:00+09:00,649.978810867865,654.083940199662,634.9266699846091,639.0317993164062,2331000,0.0,0.0
2009-10-22 00:00:00+09:00,628.084866172389,630.8216194018983,607.5592169510691,623.979736328125,3433500,0.0,0.0
2009-10-23 00:00:00+09:00,634.9266038404428,645.8736142514849,629.4530986349217,633.5582275390625,2849500,0.0,0.0
2009-10-26 00:00:00+09:00,626.7163432818431,634.9266010540944,617.1377092142168,630.8214721679688,1628500,0.0,0.0
2009-10-27 00:00:00+09:00,617.1375955487581,622.6110997221396,606.1905872019952,610.2957153320312,2281000,0.0,0.0
2009-10-28 00:00:00+09:00,600.7171749777636,603.4539274833571,576.0864024274226,582.9282836914062,2993500,0.0,0.0
2009-10-29 00:00:00+09:00,567.8762093477471,595.2437375090843,565.1394565316134,588.40185546875,2957500,0.0,0.0
2009-10-30 00:00:00+09:00,602.0854876228933,608.9273681640625,580.1914698911517,608.9273681640625,3482000,0.0,0.0
2009-11-02 00:00:00+09:00,589.7702443903142,613.0326438210227,587.0334915161133,602.0856323242188,3648000,0.0,0.0
2009-11-04 00:00:00+09:00,589.7701026487887,613.0324964887641,589.7701026487887,608.9273681640625,1780000,0.0,0.0
2009-11-05 00:00:00+09:00,604.8222975892354,622.6111886948011,603.4539213503457,606.190673828125,2273000,0.0,0.0
2009-11-06 00:00:00+09:00,613.0325338723776,614.400910064057,584.2966338471099,587.0333862304688,2771000,0.0,0.0
2009-11-09 00:00:00+09:00,585.6650361969997,587.0334124497964,567.8761449106422,582.9282836914062,3123500,0.0,0.0
2009-11-10 00:00:00+09:00,589.7702079685255,604.8223478470726,587.0334552633352,595.2437133789062,2024000,0.0,0.0
2009-11-11 00:00:00+09:00,602.0855951418822,621.2428640782148,593.8753370263111,595.2437133789062,3547000,0.0,0.0
2009-11-12 00:00:00+09:00,602.0855512305604,608.9274324945441,580.1915311858128,582.9282836914062,1873500,0.0,0.0
2009-11-13 00:00:00+09:00,576.0864442991979,578.8231970037072,558.2975517198878,563.7710571289062,5508500,0.0,0.0
2009-11-16 00:00:00+09:00,556.9291476814115,563.771029102559,535.0351271337393,536.4035034179688,3418500,0.0,0.0
2009-11-17 00:00:00+09:00,543.2455967945031,556.9293649757248,524.0883213407926,529.5618286132812,3703000,0.0,0.0
2009-11-18 00:00:00+09:00,426.9334546729876,441.98559570312494,421.45994884384675,441.985595703125,11494500,0.0,0.0
2009-11-19 00:00:00+09:00,435.14371341669886,447.45910153226583,432.40696050212847,441.985595703125,6677000,0.0,0.0
2009-11-20 00:00:00+09:00,436.51200242262615,457.0376451697716,432.40687387319707,444.7222595214844,3821000,0.0,0.0
2009-11-24 00:00:00+09:00,444.72229254050336,448.8274213947234,409.14450913726307,417.3547668457031,5379500,0.0,0.0
2009-11-25 00:00:00+09:00,407.7761097416333,413.24961457038006,394.0923476697664,395.4607238769531,5099500,0.0,0.0
2009-11-26 00:00:00+09:00,383.145333670236,405.03935273710664,380.4085812868772,391.3555908203125,8994000,0.0,0.0
2009-11-27 00:00:00+09:00,381.7770093645368,396.8291495186942,363.9881164550781,383.1453857421875,20904000,0.0,0.0
2009-11-30 00:00:00+09:00,399.565847970389,415.986362270542,391.3555908203125,391.3555908203125,22349500,0.0,0.0
2009-12-01 00:00:00+09:00,405.03944970392115,450.1958748398313,398.19756710757116,429.67022705078125,16407500,0.0,0.0
2009-12-02 00:00:00+09:00,436.5120898739841,478.9317600498258,429.670207587558,441.985595703125,8719000,0.0,0.0
2009-12-03 00:00:00+09:00,446.09074528202126,450.1958748398313,424.1967209737012,429.67022705078125,7538000,0.0,0.0
2009-12-04 00:00:00+09:00,424.1966390609741,446.0906591415405,418.7231340408325,437.8804016113281,7518000,0.0,0.0
2009-12-07 00:00:00+09:00,457.03767940976206,457.03767940976206,441.98554026752436,447.45904541015625,6179500,0.0,0.0
2009-12-08 00:00:00+09:00,406.4077253843609,417.3547348223235,395.4607159463983,415.9863586425781,38094500,0.0,0.0
2009-12-09 00:00:00+09:00,410.5129062729394,411.88128262718254,398.1975190847512,407.7761535644531,6600500,0.0,0.0
2009-12-10 00:00:00+09:00,400.93423607235866,417.35475086030505,399.56585984002976,402.3026123046875,6384000,0.0,0.0
2009-12-11 00:00:00+09:00,406.40774100167414,407.776117234003,394.0923549107143,402.3026123046875,4501500,0.0,0.0
2009-12-14 00:00:00+09:00,402.3026481474806,410.5129062729394,398.1975190847512,407.7761535644531,3206500,0.0,0.0
2009-12-15 00:00:00+09:00,409.14457926173117,435.14373312786125,407.7762027424612,429.67022705078125,10955500,0.0,0.0
2009-12-16 00:00:00+09:00,450.19565370858436,462.51103633283134,443.3537744728916,454.30078125,11432500,0.0,0.0
2009-12-17 00:00:00+09:00,452.9325589016751,467.9846983213682,450.19580627991274,455.6693115234375,9946500,0.0,0.0
2009-12-18 00:00:00+09:00,459.77447509765625,461.1428515116374,441.98558171590173,459.77447509765625,8727500,0.0,0.0
2009-12-21 00:00:00+09:00,462.5111861746652,478.93170166015625,459.77443359375,478.93170166015625,7907000,0.0,0.0
2009-12-22 00:00:00+09:00,477.5632826662854,500.82567752395545,477.5632826662854,495.3521728515625,11146500,0.0,0.0
2009-12-24 00:00:00+09:00,496.72050019614716,499.4572522633436,476.19485969217413,480.29998779296875,8553000,0.0,0.0
2009-12-25 00:00:00+09:00,483.03696390787763,495.35235392252605,483.03696390787763,492.6156005859375,5597500,0.0,0.0
2009-12-28 00:00:00+09:00,491.2278757731119,506.49201880560975,489.84022640652125,499.55377197265625,5153000,10.0,0.0
2009-12-29 00:00:00+09:00,498.1659839961375,500.9412819571188,488.4524411327031,495.39068603515625,2441000,0.0,0.0
2009-12-30 00:00:00+09:00,488.4525760284251,494.00317348329355,487.06492666470797,491.2278747558594,1831000,0.0,0.0
2010-01-04 00:00:00+09:00,489.84031651529034,495.3909150027157,485.6773676497213,494.0032653808594,2246000,0.0,0.0
2010-01-05 00:00:00+09:00,492.61553849541826,494.00318789963075,478.73904445329384,481.51434326171875,3992000,0.0,0.0
2010-01-06 00:00:00+09:00,482.90197957356764,502.32907070583764,475.9637327406141,499.55377197265625,5067500,0.0,0.0
2010-01-07 00:00:00+09:00,500.9413009475876,516.2054403116415,499.55365191449175,505.104248046875,5676500,0.0,0.0
2010-01-08 00:00:00+09:00,512.0425407555188,512.0425407555188,498.166049136128,509.2672424316406,2577000,0.0,0.0
2010-01-12 00:00:00+09:00,509.2672580221425,510.6549072265625,500.94136279562247,510.6549072265625,2338500,0.0,0.0
2010-01-13 00:00:00+09:00,505.10430840760966,520.3684495957517,502.3290100097656,502.3290100097656,2918000,0.0,0.0
2010-01-14 00:00:00+09:00,498.1660624129996,507.87960680545365,495.39076401515564,502.3290100097656,2341500,0.0,0.0
2010-01-15 00:00:00+09:00,503.7166685766103,545.3461453184789,496.7784224529655,543.95849609375,11417500,0.0,0.0
2010-01-18 00:00:00+09:00,539.7955278553444,545.346124542803,516.2054919336456,523.1437377929688,6992500,0.0,0.0
2010-01-19 00:00:00+09:00,552.2844839145482,563.3856795711221,534.2450409726158,535.6326904296875,11970000,0.0,0.0
2010-01-20 00:00:00+09:00,546.73374274664,548.1213918399056,524.5313572543907,525.9190063476562,3872000,0.0,0.0
2010-01-21 00:00:00+09:00,513.4301805745869,532.8572684882199,503.71663661777035,530.0819702148438,6898000,0.0,0.0
2010-01-22 00:00:00+09:00,513.4299997804026,525.9188376128989,512.0423511323474,524.5311889648438,5594500,0.0,0.0
2010-01-25 00:00:00+09:00,513.4303130689999,517.593261553343,507.8797150898755,512.0426635742188,2233500,0.0,0.0
2010-01-26 00:00:00+09:00,513.4303600868482,514.8180097087046,494.0032653808594,494.0032653808594,3945500,0.0,0.0
2010-01-27 00:00:00+09:00,495.3907018054131,507.87954302739826,491.227754731418,496.7783508300781,5267000,0.0,0.0
2010-01-28 00:00:00+09:00,498.16600288139597,507.8795461130666,492.6154067490127,505.104248046875,2947500,0.0,0.0
2010-01-29 00:00:00+09:00,505.1042449780682,505.1042449780682,495.3907018054131,496.7783508300781,2396500,0.0,0.0
2010-02-01 00:00:00+09:00,499.5538170855978,499.5538170855978,473.1884767394135,478.73907470703125,3921000,0.0,0.0
2010-02-02 00:00:00+09:00,487.0650022694762,495.39089974416817,482.9020535321303,492.6156005859375,2134500,0.0,0.0
2010-02-03 00:00:00+09:00,495.3909150027157,503.71681273385377,494.0032653808594,494.0032653808594,2096000,0.0,0.0
2010-02-04 00:00:00+09:00,502.3291619378167,513.4303588867188,498.16621308197847,513.4303588867188,4124500,0.0,0.0
2010-02-05 00:00:00+09:00,492.61550816375643,499.5537547576122,487.0649108886719,487.0649108886719,2182000,0.0,0.0
2010-02-08 00:00:00+09:00,480.12675437389964,500.94149806062944,480.12675437389964,492.6156005859375,2867500,0.0,0.0
2010-02-09 00:00:00+09:00,489.84020681015505,496.7784533655397,467.63781783292427,470.4131164550781,4283500,0.0,0.0
2010-02-10 00:00:00+09:00,475.9637141521375,482.9019607141221,469.025467590153,473.18841552734375,2501500,0.0,0.0
2010-02-12 00:00:00+09:00,477.3513634645345,482.9019607141221,467.63781827775614,473.18841552734375,2612500,0.0,0.0
2010-02-15 00:00:00+09:00,450.98603949489365,463.4748836655215,446.8230914380177,460.6995849609375,4284000,0.0,0.0
2010-02-16 00:00:00+09:00,456.53653952160727,459.31183763420063,439.8847508460471,441.27239990234375,4493500,0.0,0.0
2010-02-17 00:00:00+09:00,449.59839014260166,462.0872343132295,445.4354420857257,460.6995849609375,3775000,0.0,0.0
2010-02-18 00:00:00+09:00,460.6995533268626,471.8007473829316,449.59835927079365,455.1489562988281,3583000,0.0,0.0
2010-02-19 00:00:00+09:00,455.1488741805501,455.1488741805501,438.49708610077386,439.8847351074219,3911000,0.0,0.0
2010-02-22 00:00:00+09:00,448.2107393241223,457.9242847583912,446.8230899763696,449.598388671875,2573000,0.0,0.0
2010-02-23 00:00:00+09:00,445.43534898461763,452.3735942959045,438.49710367333074,446.822998046875,2774500,0.0,0.0
2010-02-24 00:00:00+09:00,442.66004895864046,445.4353470712338,435.7218036771571,441.27239990234375,2459500,0.0,0.0
2010-02-25 00:00:00+09:00,444.0477247362013,444.0477247362013,421.84533849939123,427.39593505859375,3499500,0.0,0.0
2010-02-26 00:00:00+09:00,427.39601208379094,434.3342590332031,423.2330639141436,434.3342590332031,2711000,0.0,0.0
2010-03-01 00:00:00+09:00,431.5589304121714,437.1095275878906,430.17128111824155,437.1095275878906,2669000,0.0,0.0
2010-03-02 00:00:00+09:00,438.49717589743267,444.04777306069127,428.78363086173005,431.5589294433594,1883000,0.0,0.0
2010-03-03 00:00:00+09:00,435.72177239912975,439.88471926918515,432.9464744857595,438.4970703125,2331000,0.0,0.0
2010-03-04 00:00:00+09:00,438.49717688182045,442.6601247636099,435.7218782939608,437.1095275878906,1590000,0.0,0.0
2010-03-05 00:00:00+09:00,442.66006555289863,450.98596020279643,439.88476733626607,445.43536376953125,3753000,0.0,0.0
2010-03-08 00:00:00+09:00,456.53660611239343,460.6995538884943,452.3736583362926,457.92425537109375,5402000,0.0,0.0
2010-03-09 00:00:00+09:00,452.3736267089844,457.9242233557204,450.98597754730037,452.3736267089844,2202000,0.0,0.0
2010-03-10 00:00:00+09:00,450.98600852780226,457.92425481284533,446.8230607567764,455.1489562988281,2759500,0.0,0.0
2010-03-11 00:00:00+09:00,459.3119514986032,470.4131467009864,459.3119514986032,467.6378479003906,3266000,0.0,0.0
2010-03-12 00:00:00+09:00,469.02549730068847,470.4131467009864,457.92430209830536,467.6378479003906,2154000,0.0,0.0
2010-03-15 00:00:00+09:00,469.02549730068847,474.5760949018801,464.8625490997948,467.6378479003906,3473500,0.0,0.0
2010-03-16 00:00:00+09:00,470.41307383570177,484.2895656892623,467.63777546498966,482.90191650390625,4040500,0.0,0.0
2010-03-17 00:00:00+09:00,480.12660335333095,487.0648490665294,477.3513050680516,484.28955078125,2584500,0.0,0.0
2010-03-18 00:00:00+09:00,481.51432600475493,482.90197535923545,463.4748843965076,466.25018310546875,3772000,0.0,0.0
2010-03-19 00:00:00+09:00,466.2502287443694,466.2502287443694,457.9243318025056,462.0872802734375,2891000,0.0,0.0
2010-03-23 00:00:00+09:00,459.3119341061439,463.474882149402,446.8230899763696,449.598388671875,2557500,0.0,0.0
2010-03-24 00:00:00+09:00,452.3735598793513,453.7612088360364,434.33412344244465,438.4970703125,7512500,0.0,0.0
2010-03-25 00:00:00+09:00,444.04779052734375,448.21073856353763,439.8848424911499,444.04779052734375,3819500,0.0,0.0
2010-03-26 00:00:00+09:00,442.66008257719636,453.7612758706684,442.66008257719636,452.3736267089844,3970000,0.0,0.0
2010-03-29 00:00:00+09:00,456.53663690406154,463.4748836655215,455.14898755176955,460.6995849609375,2172000,0.0,0.0
2010-03-30 00:00:00+09:00,459.31198129281626,463.47492976374815,457.9243318025056,462.0872802734375,2177500,0.0,0.0
2010-03-31 00:00:00+09:00,464.8625337509882,475.96372858683264,464.8625337509882,466.25018310546875,5070500,0.0,0.0
2010-04-01 00:00:00+09:00,471.80079690916546,478.73904392253553,463.47490049312137,475.9637451171875,3572000,0.0,0.0
2010-04-02 00:00:00+09:00,485.6773676497213,499.55386386828474,484.2897180278649,494.0032653808594,5772000,0.0,0.0
2010-04-05 00:00:00+09:00,499.5536488794081,505.1042449780682,492.615403756083,496.7783508300781,3227000,0.0,0.0
2010-04-06 00:00:00+09:00,496.77840978449046,498.1660589738326,482.90191789106893,488.4525146484375,3904500,0.0,0.0
2010-04-07 00:00:00+09:00,492.61545248837166,514.8178390793969,489.8401541644935,509.2672424316406,6293000,0.0,0.0
2010-04-08 00:00:00+09:00,502.3291171107512,517.593261553343,500.9414676159701,512.0426635742188,4155000,0.0,0.0
2010-04-09 00:00:00+09:00,513.4302056354026,518.9808024530826,505.1043104088825,510.6549072265625,5108000,0.0,0.0
2010-04-12 00:00:00+09:00,518.9809872241731,531.4698345103162,516.2056878272523,521.7562866210938,4413500,0.0,0.0
2010-04-13 00:00:00+09:00,527.3068854149352,539.7957327010784,514.818038128792,521.7562866210938,8237000,0.0,0.0
2010-04-14 00:00:00+09:00,537.0201751476026,550.8966654614941,534.2448770848242,545.3460693359375,8886500,0.0,0.0
2010-04-15 00:00:00+09:00,553.6721346271572,568.93627868956,550.8968357067203,557.8350830078125,8536000,0.0,0.0
2010-04-16 00:00:00+09:00,556.4473102512072,567.5485034731764,550.8967136402226,552.2843627929688,5090500,0.0,0.0
2010-04-19 00:00:00+09:00,541.1831814096641,545.3461289589693,531.4696371279523,539.7955322265625,6125500,0.0,0.0
2010-04-20 00:00:00+09:00,538.4078481870465,542.5707954668433,521.7560590678595,525.9190063476562,5755500,0.0,0.0
2010-04-21 00:00:00+09:00,534.2448626678002,550.8966505951082,531.4695646799155,546.7337036132812,5177000,0.0,0.0
2010-04-22 00:00:00+09:00,543.9585731907895,556.4474179834351,532.8573778195489,553.672119140625,4757000,0.0,0.0
2010-04-23 00:00:00+09:00,559.2225952148438,564.773191693403,549.5090513773652,559.2225952148438,4325500,0.0,0.0
2010-04-26 00:00:00+09:00,567.5484512548127,586.9755376058332,564.7731532046669,580.0372924804688,7474000,0.0,0.0
2010-04-27 00:00:00+09:00,577.2620403863365,585.5879351996009,571.7114438441602,581.4249877929688,3084000,0.0,0.0
2010-04-28 00:00:00+09:00,566.1609360948742,584.2003776861324,566.1609360948742,578.6497802734375,2949000,0.0,0.0
2010-04-30 00:00:00+09:00,588.363343965023,613.3410330956135,588.363343965023,605.01513671875,7304000,0.0,0.0
2010-05-06 00:00:00+09:00,582.8127268299205,582.8127268299205,559.2226878868047,567.548583984375,5891000,0.0,0.0
2010-05-07 00:00:00+09:00,534.2448626678002,549.5090016011659,530.0819156859732,546.7337036132812,6379500,0.0,0.0
2010-05-10 00:00:00+09:00,542.5709223784218,555.0597671390503,534.245025871336,537.0203247070312,4587000,0.0,0.0
2010-05-11 00:00:00+09:00,549.5092805903008,553.6722296856819,520.3686369226334,521.7562866210938,5310500,0.0,0.0
2010-05-12 00:00:00+09:00,524.5315860180144,537.0204333041577,516.2056878272523,521.7562866210938,3447000,0.0,0.0
2010-05-13 00:00:00+09:00,532.8572570332481,546.7337481018222,525.919011498961,542.57080078125,4036000,0.0,0.0
2010-05-14 00:00:00+09:00,534.2449810321515,546.7338247445914,532.8573317307693,541.1832275390625,2917500,0.0,0.0
2010-05-17 00:00:00+09:00,530.0821543100718,532.8574535472973,507.87976041226773,513.4303588867188,5949000,0.0,0.0
2010-05-18 00:00:00+09:00,514.8179311200606,520.3685287601692,499.55378760976237,503.71673583984375,4526000,0.0,0.0
2010-05-19 00:00:00+09:00,492.6154656173116,503.71665920868764,480.1266228270136,502.3290100097656,4646000,0.0,0.0
2010-05-20 00:00:00+09:00,494.00318789963075,506.49203253754274,474.5760962406565,481.51434326171875,5230500,0.0,0.0
2010-05-21 00:00:00+09:00,464.8625192107704,474.5760643883089,457.9242726553858,470.4131164550781,4882500,0.0,0.0
2010-05-24 00:00:00+09:00,477.3513634645345,480.12666208932825,463.4748703405654,473.18841552734375,3014000,0.0,0.0
2010-05-25 00:00:00+09:00,473.1883641342444,473.1883641342444,450.98597754730037,452.3736267089844,2860500,0.0,0.0
2010-05-26 00:00:00+09:00,460.6995538884943,463.47485240589486,442.6601135253906,457.92425537109375,3567500,0.0,0.0
2010-05-27 00:00:00+09:00,446.82319463473647,464.8626403808594,445.43554496195776,464.8626403808594,3217000,0.0,0.0
2010-05-28 00:00:00+09:00,475.9636670174683,480.1266145424024,463.4748244426659,469.0254211425781,3578500,0.0,0.0
2010-05-31 00:00:00+09:00,464.8625192107704,478.7390123215397,462.08722058861656,470.4131164550781,2306000,0.0,0.0
2010-06-01 00:00:00+09:00,469.02558939919544,474.57618809031015,459.3120416897446,464.8626403808594,3020500,0.0,0.0
2010-06-02 00:00:00+09:00,459.31188899912735,466.250135056516,449.5983445187833,456.5365905761719,2988000,0.0,0.0
2010-06-03 00:00:00+09:00,464.8625192107704,471.80076576615505,462.08722058861656,470.4131164550781,2026000,0.0,0.0
2010-06-04 00:00:00+09:00,469.0255123298325,471.80081121935814,460.69961566125556,463.47491455078125,2169500,0.0,0.0
2010-06-07 00:00:00+09:00,446.82298014066197,450.985927160606,438.49708610077386,439.8847351074219,2409500,0.0,0.0
2010-06-08 00:00:00+09:00,432.94653161779627,437.1094790371981,426.0082859187931,427.39593505859375,3324000,0.0,0.0
2010-06-09 00:00:00+09:00,432.9465613114206,435.72185978136565,416.2947704917506,421.8453674316406,3622500,0.0,0.0
2010-06-10 00:00:00+09:00,421.8452905837459,421.8452905837459,409.3564497440955,420.4576416015625,4331500,0.0,0.0
2010-06-11 00:00:00+09:00,431.5589294433593,435.72187731580334,423.2330336984714,431.5589294433594,3440500,0.0,0.0
2010-06-14 00:00:00+09:00,442.6600331207179,445.43533113401395,438.49708610077386,439.8847351074219,2396000,0.0,0.0
2010-06-15 00:00:00+09:00,435.72174072265625,444.04763385748413,434.3340918668516,435.72174072265625,2292000,0.0,0.0
2010-06-16 00:00:00+09:00,446.8230899763696,453.7613367151331,445.4354406286169,449.598388671875,2887000,0.0,0.0
2010-06-17 00:00:00+09:00,448.2107219393291,450.9860205271887,432.9465797061012,437.1095275878906,3402500,0.0,0.0
2010-06-18 00:00:00+09:00,435.7218147944478,435.7218147944478,427.39592024423547,428.7835693359375,1849000,0.0,0.0
2010-06-21 00:00:00+09:00,435.7217891298491,444.0476831896552,431.5588420999461,442.6600341796875,1907500,0.0,0.0
2010-06-22 00:00:00+09:00,438.49708610077386,445.43533113401395,437.10943709412584,439.8847351074219,2171000,0.0,0.0
2010-06-23 00:00:00+09:00,435.7218290840099,435.7218290840099,424.6206359863281,424.6206359863281,2310500,0.0,0.0
2010-06-24 00:00:00+09:00,413.5194293272148,434.3341657027458,413.5194293272148,428.7835693359375,3594000,0.0,0.0
2010-06-25 00:00:00+09:00,424.62064874451295,426.0082979234166,413.51945531328386,414.9071044921875,3292500,0.0,0.0
2010-06-28 00:00:00+09:00,419.12641141158895,419.12641141158895,406.4682312011719,406.4682312011719,3079500,8.0,0.0
2010-06-29 00:00:00+09:00,409.28130182439634,409.28130182439634,386.7778625488282,386.7778625488281,5496500,0.0,0.0
2010-06-30 00:00:00+09:00,381.1519702677262,390.99722411228,379.7455054327899,389.59075927734375,3315000,0.0,0.0
2010-07-01 00:00:00+09:00,386.77777922555305,386.77777922555305,372.7131327082602,375.52606201171875,4115000,0.0,0.0
2010-07-02 00:00:00+09:00,378.3390566507975,379.74552154541016,367.0873374938965,371.3067321777344,3408500,0.0,0.0
2010-07-05 00:00:00+09:00,376.9325505630437,390.99719797211253,374.11962108123,383.9648742675781,3259000,0.0,0.0
2010-07-06 00:00:00+09:00,382.55843157087054,395.2166149684361,375.5261074611119,393.8101501464844,2690500,0.0,0.0
2010-07-07 00:00:00+09:00,392.4037223677202,399.4360471413353,383.96493263938214,386.7778625488281,2510500,0.0,0.0
2010-07-08 00:00:00+09:00,399.43600822258674,405.06186749332744,393.8101489518461,395.21661376953125,2074000,0.0,0.0
2010-07-09 00:00:00+09:00,396.62308100218416,398.029545828433,390.9972216971886,392.4036865234375,1440500,0.0,0.0
2010-07-12 00:00:00+09:00,393.81015134968635,403.65540513342853,392.4036865234375,392.4036865234375,2022500,0.0,0.0
2010-07-13 00:00:00+09:00,395.21661617593526,402.2489403071797,388.18429204469084,392.4036865234375,1872000,0.0,0.0
2010-07-14 00:00:00+09:00,403.65540513342853,403.65540513342853,392.4036865234375,392.4036865234375,2382500,0.0,0.0
2010-07-15 00:00:00+09:00,393.8101873224432,395.21665227716625,383.96493263938214,386.7778625488281,2638000,0.0,0.0
2010-07-16 00:00:00+09:00,385.3713708765366,390.99723030539116,379.7455114476821,382.5584411621094,1794500,0.0,0.0
2010-07-21 00:00:00+09:00,389.59076544817754,392.40369516260483,378.33904659046846,382.5584411621094,3196500,0.0,0.0
2010-07-22 00:00:00+09:00,376.9325266634481,385.3713145738238,374.1195973599895,375.52606201171875,2186000,0.0,0.0
2010-07-23 00:00:00+09:00,385.3713936565592,392.40371835832116,382.55846377585436,390.99725341796875,2954500,0.0,0.0
2010-07-26 00:00:00+09:00,396.6230785872164,400.8424730402719,392.4036841341609,395.21661376953125,1737500,0.0,0.0
2010-07-27 00:00:00+09:00,395.21661617593526,399.4360106546819,390.9972216971886,392.4036865234375,1350500,0.0,0.0
2010-07-28 00:00:00+09:00,402.2489476555946,421.93945558279154,399.4360179517093,419.12652587890625,4340500,0.0,0.0
2010-07-29 00:00:00+09:00,414.9071337725665,423.34592293404245,413.5006689123205,416.3135986328125,2283500,0.0,0.0
2010-07-30 00:00:00+09:00,413.50068697016286,413.50068697016286,393.8101780668218,396.62310791015625,2974500,0.0,0.0
2010-08-02 00:00:00+09:00,400.84247063411,406.46832987107996,395.21661139714,398.029541015625,1796500,0.0,0.0
2010-08-03 00:00:00+09:00,407.8747272491455,413.5005855560303,403.65533351898193,405.0617980957031,2599000,0.0,0.0
2010-08-04 00:00:00+09:00,398.02950835646243,405.0618318256579,395.21657896878423,400.8424377441406,1453500,0.0,0.0
2010-08-05 00:00:00+09:00,406.46819492943763,421.93930269491796,400.84233756017204,417.71990966796875,4082000,0.0,0.0
2010-08-06 00:00:00+09:00,416.31361001557474,441.62997819219754,412.09421531947095,437.41058349609375,6388500,0.0,0.0
2010-08-09 00:00:00+09:00,430.3782615291262,437.41058606391584,426.1588668082524,434.59765625,2543500,0.0,0.0
2010-08-10 00:00:00+09:00,437.41059130058915,438.8170562243853,427.5653368340164,428.9718017578125,2428500,0.0,0.0
2010-08-11 00:00:00+09:00,420.5329895019531,426.1588488932836,414.90713011062263,420.5329895019531,2638500,0.0,0.0
2010-08-12 00:00:00+09:00,407.8748779296875,412.09427321861534,398.02962225552267,407.8748779296875,3642500,0.0,0.0
2010-08-13 00:00:00+09:00,412.09427321861534,413.5007383149246,399.43608735183193,407.8748779296875,1908000,0.0,0.0
2010-08-16 00:00:00+09:00,405.0618223852041,419.1264689958015,403.6553577241444,413.5006103515625,2635000,0.0,0.0
2010-08-17 00:00:00+09:00,405.0618797508446,420.53299321355047,405.0618797508446,416.3135986328125,3696000,0.0,0.0
2010-08-18 00:00:00+09:00,421.9394836425781,426.15887847900393,414.9071589152018,421.9394836425781,1821000,0.0,0.0
2010-08-19 00:00:00+09:00,424.7524019012945,438.81705097087377,424.7524019012945,434.59765625,4036500,0.0,0.0
2010-08-20 00:00:00+09:00,428.97185981079497,440.22358072386504,426.1589295825275,431.7847900390625,3443000,0.0,0.0
2010-08-23 00:00:00+09:00,427.5652770996094,436.0040654634175,426.15881237230803,427.5652770996094,1446500,0.0,0.0
2010-08-24 00:00:00+09:00,419.1265604310117,420.533025398901,407.87484068789723,414.90716552734375,3792000,0.0,0.0
2010-08-25 00:00:00+09:00,412.09423828125,420.5330281436647,410.6877733041809,412.09423828125,2804000,0.0,0.0
2010-08-26 00:00:00+09:00,414.9071682353882,416.3136332124574,400.8425184646971,412.09423828125,2534500,0.0,0.0
2010-08-27 00:00:00+09:00,407.87480947133656,419.1265283533045,403.6554148905986,416.3135986328125,2319000,0.0,0.0
2010-08-30 00:00:00+09:00,427.56537291061045,437.41062820789426,420.5330476982649,423.3459777832031,3424500,0.0,0.0
2010-08-31 00:00:00+09:00,416.313539673682,421.9393983179209,410.68768102944307,413.5006103515625,2398000,0.0,0.0
2010-09-01 00:00:00+09:00,407.8747517073236,417.7200043347417,406.4682870462638,413.5006103515625,3339500,0.0,0.0
2010-09-02 00:00:00+09:00,423.3459580978029,423.3459580978029,407.8748433500427,412.09423828125,1944000,0.0,0.0
2010-09-03 00:00:00+09:00,416.31359495845527,421.93945434978576,413.50066526279005,420.5329895019531,2000500,0.0,0.0
2010-09-06 00:00:00+09:00,427.56533171521033,436.0041211569579,426.1588668082524,434.59765625,2928500,0.0,0.0
2010-09-07 00:00:00+09:00,457.10101949757546,459.91394884832977,444.44283741918105,448.6622314453125,10435000,0.0,0.0
2010-09-08 00:00:00+09:00,443.0363474074443,450.06867038216564,440.2234182175558,441.6298828125,5338000,0.0,0.0
2010-09-09 00:00:00+09:00,448.6622389768943,448.6622389768943,436.00405668601013,438.8169860839844,3166500,0.0,0.0
2010-09-10 00:00:00+09:00,440.2235107421875,444.4429054138379,438.8170458516374,440.2235107421875,2270000,0.0,0.0
2010-09-13 00:00:00+09:00,443.0363474074443,448.66220578722135,441.6298828125,441.6298828125,1713500,0.0,0.0
2010-09-14 00:00:00+09:00,443.0364430908988,443.0364430908988,436.00411859739245,437.41058349609375,1781500,0.0,0.0
2010-09-16 00:00:00+09:00,445.849370304388,447.2558351949381,440.2235107421875,440.2235107421875,1789500,0.0,0.0
2010-09-17 00:00:00+09:00,437.41048522565353,447.2557373046875,437.41048522565353,447.2557373046875,3046500,0.0,0.0
2010-09-21 00:00:00+09:00,451.4753338398378,461.32059034101803,450.06886862538346,458.5076599121094,6108000,0.0,0.0
2010-09-22 00:00:00+09:00,457.1009479869496,466.9461991743608,457.1009479869496,464.1332702636719,5282000,0.0,0.0
2010-09-24 00:00:00+09:00,459.9139766337709,461.3204413941188,452.8816528320313,452.88165283203125,4322000,0.0,0.0
2010-09-27 00:00:00+09:00,458.50747374560694,464.13333231917267,457.10100910221547,462.72686767578125,2731500,0.0,0.0
2010-09-28 00:00:00+09:00,472.5722283953446,483.8239481190433,471.16576342988225,479.60455322265625,11128000,0.0,0.0
2010-09-29 00:00:00+09:00,478.19808559584544,482.41748046875,473.97869072294094,482.41748046875,7317000,0.0,0.0
2010-09-30 00:00:00+09:00,488.0433404922485,488.0433404922485,443.03646183013916,450.06878662109375,8943000,0.0,0.0
2010-10-01 00:00:00+09:00,457.10092013764455,465.5397063555703,447.2556695500645,459.9138488769531,7749000,0.0,0.0
2010-10-04 00:00:00+09:00,454.28809014682116,461.3204135237069,447.25576676993535,448.6622314453125,5008000,0.0,0.0
2010-10-05 00:00:00+09:00,441.62993474924787,454.2881175923792,431.7846814268124,452.88165283203125,4739000,0.0,0.0
2010-10-06 00:00:00+09:00,459.91403736268853,488.04333628395386,458.50757241662524,486.6368713378906,9683000,0.0,0.0
2010-10-07 00:00:00+09:00,482.4174662444551,511.9532294839115,479.6045364121259,497.8885803222656,13607500,0.0,0.0
2010-10-08 00:00:00+09:00,496.48206604358757,499.2949955962425,479.6044887276583,483.8238830566406,5534500,0.0,0.0
2010-10-12 00:00:00+09:00,488.04344281386193,489.44990806692783,472.5723250301372,473.9787902832031,2695000,0.0,0.0
2010-10-13 00:00:00+09:00,485.2304227908928,485.2304227908928,465.53991288053777,469.7593078613281,3611500,0.0,0.0
2010-10-14 00:00:00+09:00,472.5722205961816,492.2627297876891,468.35282576942996,488.0433349609375,4727000,0.0,0.0
2010-10-15 00:00:00+09:00,483.8239454263848,492.26273517219386,479.6045505534803,482.41748046875,3637000,0.0,0.0
2010-10-18 00:00:00+09:00,479.6046512954666,486.636977560796,471.1658597770713,473.9787902832031,2386000,0.0,0.0
2010-10-19 00:00:00+09:00,473.97863419476676,482.41742293413944,472.5721694048713,478.1980285644531,2492000,0.0,0.0
2010-10-20 00:00:00+09:00,465.5398801167806,473.97866948445636,462.7269503275553,472.57220458984375,2765000,0.0,0.0
2010-10-21 00:00:00+09:00,478.19812740496735,481.01105756617306,466.9464067601446,471.1658020019531,2613000,0.0,0.0
2010-10-22 00:00:00+09:00,471.1658597770713,478.1981860424007,471.1658597770713,473.9787902832031,1210500,0.0,0.0
2010-10-25 00:00:00+09:00,473.9785806925089,479.60443921704905,466.9462575368337,468.35272216796875,1566000,0.0,0.0
2010-10-26 00:00:00+09:00,468.35272216796875,471.1656514302388,464.1333282745636,468.35272216796875,1783000,0.0,0.0
2010-10-27 00:00:00+09:00,473.97866948445636,475.385134379069,468.35280990600586,472.57220458984375,1963500,0.0,0.0
2010-10-28 00:00:00+09:00,469.75927480061847,478.19806416829425,466.9463450113932,472.57220458984375,2039000,0.0,0.0
2010-10-29 00:00:00+09:00,469.7592578125,478.198046875,452.8816796875,457.10107421875,3300000,0.0,0.0
2010-11-01 00:00:00+09:00,450.0687244450935,459.9139777923299,447.2557949173116,451.4751892089844,3537500,0.0,0.0
2010-11-02 00:00:00+09:00,445.8493020945582,451.47516079606686,444.44283741918105,448.6622314453125,2075000,0.0,0.0
2010-11-04 00:00:00+09:00,457.10100910221547,465.5397969625641,457.10100910221547,462.72686767578125,2443500,0.0,0.0
2010-11-05 00:00:00+09:00,473.9785452396912,483.8237969212278,472.5720807137574,475.385009765625,3449500,0.0,0.0
2010-11-08 00:00:00+09:00,479.6046512954666,479.6046512954666,469.7593945240054,473.9787902832031,2196500,0.0,0.0
2010-11-09 00:00:00+09:00,472.57219709429825,485.23038094503835,471.1657322219938,481.010986328125,2312000,0.0,0.0
2010-11-10 00:00:00+09:00,458.50756063806006,469.75927991752167,458.50756063806006,466.94635009765625,4507000,0.0,0.0
2010-11-11 00:00:00+09:00,462.72705555547236,462.72705555547236,452.8817990542921,458.5076599121094,4804500,0.0,0.0
2010-11-12 00:00:00+09:00,454.28809014682116,459.91394884832977,447.25576676993535,448.6622314453125,2758500,0.0,0.0
2010-11-15 00:00:00+09:00,454.2881175923792,455.69458235272714,448.66225855098753,452.88165283203125,2261000,0.0,0.0
2010-11-16 00:00:00+09:00,454.2879943847656,457.10092314256605,450.068601248065,454.2879943847656,2881500,0.0,0.0
2010-11-17 00:00:00+09:00,450.06878662109375,454.2881814956665,447.2558567047119,450.06878662109375,2895000,0.0,0.0
2010-11-18 00:00:00+09:00,451.47523608839657,466.94635009765625,448.66230626853115,466.94635009765625,3470000,0.0,0.0
2010-11-19 00:00:00+09:00,469.7592230075743,473.9786172262052,459.91396983076885,461.3204345703125,1885000,0.0,0.0
2010-11-22 00:00:00+09:00,465.5398454553941,479.60449335434856,462.72691587560314,478.1980285644531,3097000,0.0,0.0
2010-11-24 00:00:00+09:00,468.35280990600586,478.19806416829425,465.5398801167806,472.57220458984375,2355500,0.0,0.0
2010-11-25 00:00:00+09:00,479.60452906290686,482.41745885213214,471.1657396952311,472.57220458984375,2456000,0.0,0.0
2010-11-26 00:00:00+09:00,475.38504532364396,476.791509954779,464.1333282745636,468.35272216796875,1535500,0.0,0.0
2010-11-29 00:00:00+09:00,466.9462575368337,473.9785806925089,464.1333282745636,468.35272216796875,1717500,0.0,0.0
2010-11-30 00:00:00+09:00,468.352726249347,469.7591908927384,461.3204030323898,462.72686767578125,1811500,0.0,0.0
2010-12-01 00:00:00+09:00,462.72698289334414,472.5722378485217,461.32051789974736,469.7593078613281,1925000,0.0,0.0
2010-12-02 00:00:00+09:00,476.79156377455763,485.23035251393037,473.97863419476676,478.1980285644531,2902000,0.0,0.0
2010-12-03 00:00:00+09:00,482.417483153581,486.63687804996795,478.19808825719394,479.60455322265625,1610000,0.0,0.0
2010-12-06 00:00:00+09:00,481.0110973806299,493.6692841538044,481.0110973806299,490.8563537597656,3480000,0.0,0.0
2010-12-07 00:00:00+09:00,496.4822113819611,500.70160694611377,492.2628158178085,493.6692810058594,3117500,0.0,0.0
2010-12-08 00:00:00+09:00,496.4819899404515,504.92077730487847,496.4819899404515,503.5143127441406,2730500,0.0,0.0
2010-12-09 00:00:00+09:00,503.514439986924,507.73383473541776,493.6691855737718,497.8885803222656,3466000,0.0,0.0
2010-12-10 00:00:00+09:00,502.10785388946533,502.10785388946533,490.8561372756958,495.0755310058594,3315500,0.0,0.0
2010-12-13 00:00:00+09:00,492.26272065760725,497.8885803222656,490.8562557414427,497.8885803222656,1318000,0.0,0.0
2010-12-14 00:00:00+09:00,499.29506239000256,514.7661769992702,497.8885974255237,511.9532470703125,2931500,0.0,0.0
2010-12-15 00:00:00+09:00,516.1725816122428,518.9855112123095,510.5467224121093,510.5467224121094,3288000,0.0,0.0
2010-12-16 00:00:00+09:00,514.7661638718876,530.2372780866164,511.9532340146641,526.0178833007812,4309500,0.0,0.0
2010-12-17 00:00:00+09:00,527.42431640625,533.05017578125,524.61138671875,527.42431640625,3990000,0.0,0.0
2010-12-20 00:00:00+09:00,526.0178885794975,526.0178885794975,513.3597040949641,520.3920288085938,2836000,0.0,0.0
2010-12-21 00:00:00+09:00,518.9856889144235,524.611550040867,516.1727583512017,517.5792236328125,2302000,0.0,0.0
2010-12-22 00:00:00+09:00,523.2050716318982,535.863258848799,520.3921411392536,528.8309326171875,3686000,0.0,0.0
2010-12-24 00:00:00+09:00,527.4242219470796,534.456544906374,526.0177573552207,531.6436157226562,1682500,0.0,0.0
2010-12-27 00:00:00+09:00,530.2373978635097,538.6761893414437,527.4244673708652,528.8309326171875,2795500,0.0,0.0
2010-12-28 00:00:00+09:00,531.6739869476646,533.0955751480594,527.4092223464802,528.830810546875,1065500,8.0,0.0
2010-12-29 00:00:00+09:00,538.7819030761718,543.0466674804687,533.0955505371094,540.2034912109375,2670000,0.0,0.0
2010-12-30 00:00:00+09:00,537.3604499329912,540.2036269167636,530.2525074735601,534.5172729492188,1419500,0.0,0.0
2011-01-04 00:00:00+09:00,540.2034912109375,544.4682556152344,538.7819030761718,540.2034912109375,2040500,0.0,0.0
2011-01-05 00:00:00+09:00,543.0466553370159,547.3114196459453,540.2034791310629,545.8898315429688,2231500,0.0,0.0
2011-01-06 00:00:00+09:00,547.3112936580883,561.5271714154412,545.8897058823529,555.8408203125,3551000,0.0,0.0
2011-01-07 00:00:00+09:00,557.262451171875,561.5272148288027,550.1545117436624,557.262451171875,1503500,0.0,0.0
2011-01-11 00:00:00+09:00,557.262610176282,557.262610176282,551.5762570112179,554.41943359375,1941500,0.0,0.0
2011-01-12 00:00:00+09:00,558.6840458737144,565.7919853886472,554.4192821647547,561.5272216796875,5315500,0.0,0.0
2011-01-13 00:00:00+09:00,571.4783393012152,588.5373942057291,571.4783393012152,575.7431030273438,6037000,0.0,0.0
2011-01-14 00:00:00+09:00,568.6352174673507,580.0079218166977,568.6352174673507,571.4783935546875,3894500,0.0,0.0
2011-01-17 00:00:00+09:00,577.1647023797927,581.4294661904809,565.7919988846244,570.0567626953125,2454500,0.0,0.0
2011-01-18 00:00:00+09:00,565.7919988846244,575.7431144428966,565.7919988846244,570.0567626953125,3210000,0.0,0.0
2011-01-19 00:00:00+09:00,571.4784301757812,585.6943115234375,570.0568420410156,582.8511352539062,3498500,0.0,0.0
2011-01-20 00:00:00+09:00,572.9000798034668,578.586432952881,565.7921383666993,568.6353149414062,2277000,0.0,0.0
2011-01-21 00:00:00+09:00,570.0568798891047,571.4784681182547,544.4682917644068,551.5762329101562,4175500,0.0,0.0
2011-01-24 00:00:00+09:00,551.5761289769057,554.4193048994671,540.2034252866603,550.154541015625,2265500,0.0,0.0
2011-01-25 00:00:00+09:00,552.9976447610294,562.9487591911765,552.9976447610294,555.8408203125,2118000,0.0,0.0
2011-01-26 00:00:00+09:00,550.1546446810063,552.9978211393061,545.8898799935566,551.5762329101562,1447000,0.0,0.0
2011-01-27 00:00:00+09:00,551.5761289769057,555.8408928607478,544.4681891705022,550.154541015625,1885000,0.0,0.0
2011-01-28 00:00:00+09:00,552.9977592993034,552.9977592993034,528.8307621062747,537.3602905273438,3393500,0.0,0.0
2011-01-31 00:00:00+09:00,525.9874840693385,537.3601864275945,523.1443084797745,535.9385986328125,2289000,0.0,0.0
2011-02-01 00:00:00+09:00,537.3604499329912,544.4683923924223,528.8309189816739,534.5172729492188,1558500,0.0,0.0
2011-02-02 00:00:00+09:00,541.625115306107,554.419409368456,540.2035270769571,551.5762329101562,3062500,0.0,0.0
2011-02-03 00:00:00+09:00,547.3114921374198,557.262610176282,547.3114921374198,554.41943359375,2322000,0.0,0.0
2011-02-04 00:00:00+09:00,561.5273621844761,568.6353034779505,558.6841856670864,560.1057739257812,2181000,0.0,0.0
2011-02-07 00:00:00+09:00,567.2135225183823,568.6351102941177,554.4192325367648,555.8408203125,2362500,0.0,0.0
2011-02-08 00:00:00+09:00,560.1056818238874,561.5272698488211,548.7329776244176,552.9977416992188,2537500,0.0,0.0
2011-02-09 00:00:00+09:00,554.4193601608276,554.4193601608276,541.6250672340393,545.8898315429688,2409000,0.0,0.0
2011-02-10 00:00:00+09:00,543.0467035352569,557.2625858267558,541.625115306107,551.5762329101562,3216500,0.0,0.0
2011-02-14 00:00:00+09:00,552.9978453024839,560.1057867588141,552.9978453024839,554.41943359375,2504000,0.0,0.0
2011-02-15 00:00:00+09:00,562.9488525390625,581.429496688072,558.6840885046756,562.9488525390625,5762500,0.0,0.0
2011-02-16 00:00:00+09:00,562.9490170418766,574.321724456864,561.5274286150031,564.37060546875,4169000,0.0,0.0
2011-02-17 00:00:00+09:00,567.2136165734493,570.0567925963738,560.1056765161379,562.9488525390625,2187000,0.0,0.0
2011-02-18 00:00:00+09:00,558.68408203125,564.3704340112118,554.4193180462786,558.68408203125,1713500,0.0,0.0
2011-02-21 00:00:00+09:00,557.2624579707278,564.3703974856605,550.154518455795,561.5272216796875,2494000,0.0,0.0
2011-02-22 00:00:00+09:00,557.2624808220285,558.6840687833092,544.4681891705022,550.154541015625,2895000,0.0,0.0
2011-02-23 00:00:00+09:00,538.7818848617434,554.4193538155142,537.3602967750369,541.6250610351562,3833500,0.0,0.0
2011-02-24 00:00:00+09:00,540.2034666677,545.8898189484127,534.5171143869874,537.3602905273438,2283000,0.0,0.0
2011-02-25 00:00:00+09:00,534.5171568374835,540.2035095697971,530.2523922882483,538.7819213867188,2562000,0.0,0.0
2011-02-28 00:00:00+09:00,537.3603029251099,548.7330077489218,534.517126719157,545.8898315429688,3315000,0.0,0.0
2011-03-01 00:00:00+09:00,550.1545656493513,552.9977416992188,545.8898015745501,552.9977416992188,1381000,0.0,0.0
2011-03-02 00:00:00+09:00,544.4681254015045,545.8897131962865,531.6738352484665,535.9385986328125,2154500,0.0,0.0
2011-03-03 00:00:00+09:00,535.9388188476563,537.3604072265625,530.2524653320313,533.0956420898438,1518500,0.0,0.0
2011-03-04 00:00:00+09:00,540.2034912109375,541.625079345703,533.0955505371094,540.2034912109375,3422500,0.0,0.0
2011-03-07 00:00:00+09:00,537.3602905273438,543.0466428080564,531.6739382466311,537.3602905273438,2274500,0.0,0.0
2011-03-08 00:00:00+09:00,535.9388614411049,540.2036269167636,531.6740959654463,534.5172729492188,1940500,0.0,0.0
2011-03-09 00:00:00+09:00,550.1546203929526,557.2625612249028,547.3114440601724,548.7330322265625,4489000,0.0,0.0
2011-03-10 00:00:00+09:00,547.3114070185908,550.1545831589472,530.252350176453,537.3602905273438,2649500,0.0,0.0
2011-03-11 00:00:00+09:00,527.409315228787,531.6740805810414,520.3013729750298,521.7229614257812,4716500,0.0,0.0
2011-03-14 00:00:00+09:00,480.4968643418972,496.1343362583495,457.75145064523934,470.5457458496094,6673500,0.0,0.0
2011-03-15 00:00:00+09:00,462.0160035412721,467.70235435408773,378.14232905224117,422.2115478515625,5453500,0.0,0.0
2011-03-16 00:00:00+09:00,425.05482237768956,446.37864289830947,417.94688220414963,433.5843505859375,4523000,0.0,0.0
2011-03-17 00:00:00+09:00,409.41735921770135,433.58435611596843,405.1525950591836,423.63323974609375,4586000,0.0,0.0
2011-03-18 00:00:00+09:00,446.37855609051593,456.3296703982663,430.74109074976536,437.8490295410156,4860500,0.0,0.0
2011-03-22 00:00:00+09:00,469.12410873964603,481.9184026143637,466.2809323230421,471.96728515625,5597500,0.0,0.0
2011-03-23 00:00:00+09:00,464.8592762722864,467.7024522739518,447.80022026229426,453.486572265625,3492000,0.0,0.0
2011-03-24 00:00:00+09:00,453.4865715852968,460.59451157879676,443.53545559439686,446.3786315917969,2834000,0.0,0.0
2011-03-25 00:00:00+09:00,453.48651514297876,454.9081029647436,436.42746128180084,443.535400390625,2809000,0.0,0.0
2011-03-28 00:00:00+09:00,435.0058647958856,444.95697935003983,426.4763380351819,432.1626892089844,3401500,0.0,0.0
2011-03-29 00:00:00+09:00,433.584277002435,439.2706281762374,423.63316244828076,432.1626892089844,4082000,0.0,0.0
2011-03-30 00:00:00+09:00,432.1626785080154,437.8490295410156,429.3195029915153,437.8490295410156,3139000,0.0,0.0
2011-03-31 00:00:00+09:00,447.80021299503244,447.80021299503244,432.16274523965035,442.1138610839844,1951000,0.0,0.0
2011-04-01 00:00:00+09:00,449.2218017578125,454.9081536787975,443.5354498368275,449.2218017578125,4633000,0.0,0.0
2011-04-04 00:00:00+09:00,444.9571110728509,446.37869928714116,433.58440535852884,436.4275817871094,2336000,0.0,0.0
2011-04-05 00:00:00+09:00,433.5843936817066,435.00598185771224,413.6821592176283,420.79010009765625,3851500,0.0,0.0
2011-04-06 00:00:00+09:00,427.8980158505555,427.8980158505555,407.9957825551808,410.8389587402344,4007500,0.0,0.0
2011-04-07 00:00:00+09:00,419.36848729539497,422.21166348044846,406.5741944626541,410.8389587402344,3931500,0.0,0.0
2011-04-08 00:00:00+09:00,410.83895894783694,422.21166369379785,405.1526065748565,417.9468994140625,2965500,0.0,0.0
2011-04-11 00:00:00+09:00,413.68212890625,420.79006926546396,410.8389527625645,413.68212890625,1977000,0.0,0.0
2011-04-12 00:00:00+09:00,407.9957515018087,410.8389274704624,398.0446356115207,403.7309875488281,4295000,0.0,0.0
2011-04-13 00:00:00+09:00,403.73103629218207,412.26056522793243,402.3094481362237,409.4173889160156,2381000,0.0,0.0
2011-04-14 00:00:00+09:00,405.15260637012733,415.1037230178147,402.3094301850738,410.8389587402344,2737000,0.0,0.0
2011-04-15 00:00:00+09:00,416.52534841078915,416.52534841078915,405.1526426521328,407.9958190917969,4291000,0.0,0.0
2011-04-18 00:00:00+09:00,409.41736437390733,413.68212858613555,406.5741882324219,406.5741882324219,2696000,0.0,0.0
2011-04-19 00:00:00+09:00,405.15264892578125,407.9958254094709,402.30947244209153,405.15264892578125,2077000,0.0,0.0
2011-04-20 00:00:00+09:00,410.83899553146097,413.68217197112506,406.57423087196486,407.9958190917969,2353000,0.0,0.0
2011-04-21 00:00:00+09:00,412.2605651230536,417.94691774544054,407.9958006562634,416.52532958984375,2464500,0.0,0.0
2011-04-22 00:00:00+09:00,407.9957763031646,410.83895244465003,405.1526001616791,406.5741882324219,2484000,0.0,0.0
2011-04-25 00:00:00+09:00,409.4173706477076,413.6821349252879,409.4173706477076,410.8389587402344,1164500,0.0,0.0
2011-04-26 00:00:00+09:00,410.838977071974,410.838977071974,407.99580076005725,409.4173889160156,1553500,0.0,0.0
2011-04-27 00:00:00+09:00,410.83899553146097,410.83899553146097,406.57423087196486,407.9958190917969,1476500,0.0,0.0
2011-04-28 00:00:00+09:00,410.8389527625645,415.1037169780928,407.9957766188789,413.68212890625,2098500,0.0,0.0
2011-05-02 00:00:00+09:00,417.94689961819347,427.8980162757695,416.52531152425405,425.0548400878906,2636500,0.0,0.0
2011-05-06 00:00:00+09:00,419.36852976481117,427.8980591837565,417.9469415283203,426.4764709472656,2326500,0.0,0.0
2011-05-09 00:00:00+09:00,432.162817544495,435.0059939757088,426.47646468206744,429.31964111328125,2060000,0.0,0.0
2011-05-10 00:00:00+09:00,426.47641041239757,435.0059386206455,425.05482237768956,433.5843505859375,2017500,0.0,0.0
2011-05-11 00:00:00+09:00,435.00598164808713,436.4275698234077,426.4764525961638,427.8980407714844,2453500,0.0,0.0
2011-05-12 00:00:00+09:00,420.7900756005527,427.89801606677827,417.9468994140625,417.9468994140625,2088500,0.0,0.0
2011-05-13 00:00:00+09:00,417.94690547577324,420.7900817034996,406.57420056486785,415.1037292480469,2894000,0.0,0.0
2011-05-16 00:00:00+09:00,412.26056522793243,415.1037415398492,406.5742126040989,409.4173889160156,2794500,0.0,0.0
2011-05-17 00:00:00+09:00,398.04470197528815,403.7310548606494,383.82881976188503,400.88787841796875,6814500,0.0,0.0
2011-05-18 00:00:00+09:00,398.0447015529726,412.260583751293,389.5151722339803,407.9958190917969,6262500,0.0,0.0
2011-05-19 00:00:00+09:00,426.4764466790209,430.7412111458111,415.10374143424707,416.52532958984375,6534000,0.0,0.0
2011-05-20 00:00:00+09:00,412.2605651230536,425.0548585234242,412.2605651230536,416.52532958984375,3249000,0.0,0.0
2011-05-23 00:00:00+09:00,415.10371665687825,416.525304727621,405.1526001616791,406.5741882324219,2644500,0.0,0.0
2011-05-24 00:00:00+09:00,400.8878600858547,409.4173890238516,398.0446837731891,402.3094482421875,2447000,0.0,0.0
2011-05-25 00:00:00+09:00,400.8878968805605,405.152661740992,398.04472030693955,399.46630859375,1810000,0.0,0.0
2011-05-26 00:00:00+09:00,399.4662959584019,406.5742371676261,396.62311947471215,405.15264892578125,2299000,0.0,0.0
2011-05-27 00:00:00+09:00,402.30947244209153,412.2605901350055,402.30947244209153,405.15264892578125,2189500,0.0,0.0
2011-05-30 00:00:00+09:00,403.73103629218207,412.26056522793243,403.73103629218207,409.4173889160156,2930000,0.0,0.0
2011-05-31 00:00:00+09:00,406.57421250066665,422.21168221223076,405.1526243450699,416.52532958984375,13689000,0.0,0.0
2011-06-01 00:00:00+09:00,419.3685119216507,425.0548646256731,416.5253355696395,420.79010009765625,3452500,0.0,0.0
2011-06-02 00:00:00+09:00,413.6821533838908,415.1037415398492,409.4173889160156,409.4173889160156,2205500,0.0,0.0
2011-06-03 00:00:00+09:00,405.1526430819897,409.41740774601067,399.46629019662845,400.88787841796875,2213500,0.0,0.0
2011-06-06 00:00:00+09:00,398.0446407166629,399.46622871922244,389.51511270130584,393.7798767089844,2331500,0.0,0.0
2011-06-07 00:00:00+09:00,392.35828215884464,393.77987013768103,388.0935182223355,389.5151062011719,2326000,0.0,0.0
2011-06-08 00:00:00+09:00,388.09362250434026,389.51521086516203,379.5640923394097,383.828857421875,3229000,0.0,0.0
2011-06-09 00:00:00+09:00,385.250348035027,388.0935240352855,382.4071720347685,386.67193603515625,2310000,0.0,0.0
2011-06-10 00:00:00+09:00,393.77987013768103,396.62304609535386,386.67193024349905,389.5151062011719,3210500,0.0,0.0
2011-06-13 00:00:00+09:00,383.8288085487056,388.09357308813566,382.4072203688956,385.2503967285156,1180500,0.0,0.0
2011-06-14 00:00:00+09:00,386.67197873740844,390.9367432087769,385.25039058028557,388.09356689453125,957000,0.0,0.0
2011-06-15 00:00:00+09:00,399.46629019662845,406.57423130333007,398.04470197528815,400.88787841796875,3521500,0.0,0.0
2011-06-16 00:00:00+09:00,395.2014647115439,399.46622871922244,390.93670070386537,393.7798767089844,1950500,0.0,0.0
2011-06-17 00:00:00+09:00,399.4663293909143,399.4663293909143,383.828857421875,383.828857421875,3831000,0.0,0.0
2011-06-20 00:00:00+09:00,386.6720098239272,389.5151863667502,380.98565673828125,380.98565673828125,1696500,0.0,0.0
2011-06-21 00:00:00+09:00,383.8288085487056,386.6719849083256,382.4072203688956,385.2503967285156,1361000,0.0,0.0
2011-06-22 00:00:00+09:00,388.09356689453125,392.3583313658997,385.25039058028557,388.09356689453125,2946500,0.0,0.0
2011-06-23 00:00:00+09:00,388.09352469874636,398.0446407166629,388.09352469874636,393.7798767089844,1582000,0.0,0.0
2011-06-24 00:00:00+09:00,395.20154373331854,402.309485167371,392.35836715969754,399.46630859375,3156500,0.0,0.0
2011-06-27 00:00:00+09:00,400.8878600858547,406.57421271118596,396.62309561685623,402.3094482421875,2515500,0.0,0.0
2011-06-28 00:00:00+09:00,402.30942402019366,412.2605405153928,400.8878359494509,406.5741882324219,2790000,0.0,0.0
2011-06-29 00:00:00+09:00,413.6821349252879,413.6821349252879,407.9957825551808,410.8389587402344,1989500,0.0,0.0
2011-06-30 00:00:00+09:00,413.6821411341837,417.94690547577324,409.4173767925942,415.1037292480469,2025500,0.0,0.0
2011-07-01 00:00:00+09:00,420.7900756005527,420.7900756005527,413.6821351343272,417.9468994140625,1503000,0.0,0.0
2011-07-04 00:00:00+09:00,443.5354490617464,456.3297408616045,440.6922731062224,442.1138610839844,10215000,0.0,0.0
2011-07-05 00:00:00+09:00,439.2706851284604,446.37862501727045,437.84909715069836,442.1138610839844,4170500,0.0,0.0
2011-07-06 00:00:00+09:00,442.1138618565813,449.2218017578125,440.69227387633504,449.2218017578125,2682000,0.0,0.0
2011-07-07 00:00:00+09:00,447.80021299503244,450.64338895055647,439.2706851284604,442.1138610839844,3077000,0.0,0.0
2011-07-08 00:00:00+09:00,447.80029930626625,449.22188755803217,442.11394629920255,444.9571228027344,2488500,0.0,0.0
2011-07-11 00:00:00+09:00,442.11386108398443,444.9570370395084,440.6922731062224,442.1138610839844,962000,0.0,0.0
2011-07-12 00:00:00+09:00,435.0059935728191,439.27075821568985,433.58440535852884,436.4275817871094,2098500,0.0,0.0
2011-07-13 00:00:00+09:00,433.5844411542339,442.11397114415325,433.5844411542339,440.6923828125,1964000,0.0,0.0
2011-07-14 00:00:00+09:00,439.27074596928617,439.27074596928617,432.16280509599676,435.0059814453125,1388500,0.0,0.0
2011-07-15 00:00:00+09:00,436.42756961997037,436.42756961997037,430.74121692133883,435.0059814453125,1339500,0.0,0.0
2011-07-19 00:00:00+09:00,433.58430880944707,440.6922482981265,433.58430880944707,439.2706604003906,1508500,0.0,0.0
2011-07-20 00:00:00+09:00,443.5354240935983,444.9570119913342,437.84907250265474,439.2706604003906,950000,0.0,0.0
2011-07-21 00:00:00+09:00,440.6922050575157,442.11379281576575,436.4274417827656,437.8490295410156,1624500,0.0,0.0
2011-07-22 00:00:00+09:00,442.11381410424264,452.06492889115486,439.27063845083916,450.6433410644531,2753500,0.0,0.0
2011-07-25 00:00:00+09:00,443.535400390625,447.80016385591944,440.69222474709534,443.535400390625,1873500,0.0,0.0
2011-07-26 00:00:00+09:00,443.53545559439686,447.80021959049685,439.2706915982969,446.3786315917969,965000,0.0,0.0
2011-07-27 00:00:00+09:00,442.1138618565813,450.6433897380588,442.1138618565813,449.2218017578125,1810000,0.0,0.0
2011-07-28 00:00:00+09:00,442.11386108398443,443.5354490617464,433.58433321741234,442.1138610839844,3197500,0.0,0.0
2011-07-29 00:00:00+09:00,442.11390991210936,452.0650268554687,440.69232177734375,447.8002624511719,2367500,0.0,0.0
2011-08-01 00:00:00+09:00,450.6433372026608,466.2808031623746,447.80016157362195,460.5944519042969,2634500,0.0,0.0
2011-08-02 00:00:00+09:00,456.3297666153818,460.59453078935735,449.22182632542257,452.06500244140625,1798000,0.0,0.0
2011-08-03 00:00:00+09:00,440.6923828125,442.11397114415325,435.0060294858871,440.6923828125,1705500,0.0,0.0
2011-08-04 00:00:00+09:00,419.3685607910156,426.4765024993379,410.83903074102886,419.3685607910156,7496500,0.0,0.0
2011-08-05 00:00:00+09:00,396.6230773925781,402.30942975662947,392.3583131195397,396.6230773925781,3000500,0.0,0.0
2011-08-08 00:00:00+09:00,389.51516149994126,390.936749680598,375.29927969337405,378.1424560546875,3409000,0.0,0.0
2011-08-09 00:00:00+09:00,363.92655653625957,375.2992614280177,355.397027867441,372.4560852050781,4156500,0.0,0.0
2011-08-10 00:00:00+09:00,378.1424375303988,380.9856137524319,362.5049683092169,365.34814453125,4829500,0.0,0.0
2011-08-11 00:00:00+09:00,356.8186637163162,366.76978182792664,355.3970754146576,363.9266052246094,3725000,0.0,0.0
2011-08-12 00:00:00+09:00,371.03452236681096,372.4561105751129,348.2891110339796,353.9754638671875,5208500,0.0,0.0
2011-08-15 00:00:00+09:00,356.8187069363064,359.66188388400604,349.71076456705725,358.24029541015625,3373000,0.0,0.0
2011-08-16 00:00:00+09:00,363.9265126992032,365.3481006394345,355.39698505781564,356.8185729980469,2946500,0.0,0.0
2011-08-17 00:00:00+09:00,353.9754753561581,368.1913579005821,353.9754753561581,362.5050048828125,2768500,0.0,0.0
2011-08-18 00:00:00+09:00,361.0834723578559,366.7698262532552,358.24029541015625,358.24029541015625,2694000,0.0,0.0
2011-08-19 00:00:00+09:00,349.7107314105812,355.3970847668508,335.4948480199072,339.7596130371094,4421500,0.0,0.0
2011-08-22 00:00:00+09:00,335.4948425292969,345.44596073991164,334.07325421349475,335.4948425292969,2806500,0.0,0.0
2011-08-23 00:00:00+09:00,336.91639414775017,341.18115863063304,328.3868651819843,331.23004150390625,3513000,0.0,0.0
2011-08-24 00:00:00+09:00,339.7596074767032,344.0243724241095,332.6516658976927,335.4948425292969,2686500,0.0,0.0
2011-08-25 00:00:00+09:00,344.02430429968814,351.13224447116926,342.6027162653919,345.4458923339844,3250500,0.0,0.0
2011-08-26 00:00:00+09:00,346.8675876193576,359.66188388400604,345.4459991455078,358.24029541015625,2975500,0.0,0.0
2011-08-29 00:00:00+09:00,358.2401803823618,371.0344725388747,352.5538283128005,369.6128845214844,3480000,0.0,0.0
2011-08-30 00:00:00+09:00,371.0344725388747,373.8776485736554,366.76970848670373,369.6128845214844,2235000,0.0,0.0
2011-08-31 00:00:00+09:00,369.6129584312439,371.0345467329025,358.24025201797485,363.9266052246094,2140500,0.0,0.0
2011-09-01 00:00:00+09:00,362.5050105605015,368.1913636673329,361.08342228379365,366.769775390625,2059500,0.0,0.0
2011-09-02 00:00:00+09:00,361.0834172363281,362.50500549316405,351.13229943847654,355.3970642089844,2079000,0.0,0.0
2011-09-05 00:00:00+09:00,349.7107238769531,351.132312185396,344.0243706431815,349.7107238769531,2168500,0.0,0.0
2011-09-06 00:00:00+09:00,348.28915664997504,352.5539218334441,332.6516843105884,334.0732727050781,3386000,0.0,0.0
2011-09-07 00:00:00+09:00,342.6027104591837,355.3970025510204,339.7595344387755,348.2890625,2798000,0.0,0.0
2011-09-08 00:00:00+09:00,362.50500549316405,363.92659375,348.2891229248047,355.3970642089844,2074000,0.0,0.0
2011-09-09 00:00:00+09:00,349.7106872066375,356.81862800352036,346.86751088788435,352.5538635253906,2650500,0.0,0.0
2011-09-12 00:00:00+09:00,345.44597190667776,349.7107369919454,342.602795183166,344.0243835449219,1831500,0.0,0.0
2011-09-13 00:00:00+09:00,344.02432263331855,352.5538512936488,339.7595583031535,351.13226318359375,2063000,0.0,0.0
2011-09-14 00:00:00+09:00,346.86751114019825,349.7106874610196,336.91639401732374,338.3379821777344,1693500,0.0,0.0
2011-09-15 00:00:00+09:00,341.1812068214101,345.44597190667776,338.33803009789835,344.0243835449219,1626500,0.0,0.0
2011-09-16 00:00:00+09:00,346.86756026843364,348.2891486301895,339.75961845965423,344.0243835449219,2040000,0.0,0.0
2011-09-20 00:00:00+09:00,342.60273427198706,344.0243223809995,335.4947937269251,336.9163818359375,1589000,0.0,0.0
2011-09-21 00:00:00+09:00,335.4948490501469,338.3380257370125,331.2300840198484,332.65167236328125,1628500,0.0,0.0
2011-09-22 00:00:00+09:00,331.2300416377553,331.2300416377553,322.70051266854273,324.1221008300781,1377500,0.0,0.0
2011-09-26 00:00:00+09:00,324.1221455613228,324.1221455613228,309.90626198407176,311.3278503417969,1777000,0.0,0.0
2011-09-27 00:00:00+09:00,318.43577256944445,321.27894911024305,314.1710077582465,319.85736083984375,1721500,0.0,0.0
2011-09-28 00:00:00+09:00,324.1221006991014,332.65162966486724,322.70051253814046,331.23004150390625,1345000,0.0,0.0
2011-09-29 00:00:00+09:00,326.96524175008136,341.1811218261719,325.5436537424723,341.1811218261719,1959500,0.0,0.0
2011-09-30 00:00:00+09:00,341.18115849855565,345.4459229797876,335.49480585691305,338.3379821777344,1719500,0.0,0.0
2011-10-03 00:00:00+09:00,329.8084348986763,332.65161106159593,319.8573183284576,325.5436706542969,2395500,0.0,0.0
2011-10-04 00:00:00+09:00,319.8573120927389,324.1220762539754,314.17095987775684,321.2789001464844,1597000,0.0,0.0
2011-10-05 00:00:00+09:00,326.9652458156706,328.3868338409561,315.59254161338635,317.0141296386719,1992000,0.0,0.0
2011-10-06 00:00:00+09:00,318.4357604980469,321.2789369310651,314.17099584851945,318.4357604980469,1269500,0.0,0.0
2011-10-07 00:00:00+09:00,321.2789245070073,329.8084534762199,321.2789245070073,324.1221008300781,1751000,0.0,0.0
2011-10-11 00:00:00+09:00,335.4947697957357,342.6027098337809,335.4947697957357,341.1811218261719,1567500,0.0,0.0
2011-10-12 00:00:00+09:00,336.9164494940575,338.3380378885472,332.6516843105884,334.0732727050781,1556000,0.0,0.0
2011-10-13 00:00:00+09:00,341.1812003714139,352.553907050461,339.75961203653304,346.8675537109375,1533500,0.0,0.0
2011-10-14 00:00:00+09:00,345.4459107433736,352.5538512936488,342.6027345232635,351.13226318359375,1487500,0.0,0.0
2011-10-17 00:00:00+09:00,359.66179208718387,369.6129088642996,359.66179208718387,365.34814453125,1700000,0.0,0.0
2011-10-18 00:00:00+09:00,356.81862800352036,362.50498064102663,352.5538635253906,352.5538635253906,1342000,0.0,0.0
2011-10-19 00:00:00+09:00,359.6618043222735,362.50498064102663,348.2890990472609,352.5538635253906,1088000,0.0,0.0
2011-10-20 00:00:00+09:00,352.5539004938389,352.5539004938389,346.86754726006734,349.7107238769531,617500,0.0,0.0
2011-10-21 00:00:00+09:00,348.2890625,355.3970025510204,346.86747448979594,348.2890625,910500,0.0,0.0
2011-10-24 00:00:00+09:00,353.97547595214843,359.66182897949216,351.13229943847654,355.3970642089844,748500,0.0,0.0
2011-10-25 00:00:00+09:00,356.81862800352036,356.81862800352036,352.5538635253906,352.5538635253906,459500,0.0,0.0
2011-10-26 00:00:00+09:00,346.86749885342863,353.97543940370383,346.86749885342863,351.13226318359375,877500,0.0,0.0
2011-10-27 00:00:00+09:00,351.13226342108464,368.19132075328304,351.13226342108464,365.34814453125,1070500,0.0,0.0
2011-10-28 00:00:00+09:00,376.72084941938226,378.1424375303988,365.34814453125,365.34814453125,1375000,0.0,0.0
2011-10-31 00:00:00+09:00,361.0833368187407,365.3481006394345,355.39698505781564,356.8185729980469,1564000,0.0,0.0
2011-11-01 00:00:00+09:00,352.5538635253906,358.24021616289696,349.7106872066375,352.5538635253906,846000,0.0,0.0
2011-11-02 00:00:00+09:00,344.0243780543116,346.8675547324464,338.338024698042,339.7596130371094,1203500,0.0,0.0
2011-11-04 00:00:00+09:00,346.8674803682806,348.28906840257685,341.18112823109567,345.4458923339844,1365500,0.0,0.0
2011-11-07 00:00:00+09:00,341.18121467752655,345.4459798609957,332.6516843105884,334.0732727050781,2070500,0.0,0.0
2011-11-08 00:00:00+09:00,331.2300544466291,332.65164266313826,315.5925840650286,318.4357604980469,2071500,0.0,0.0
2011-11-09 00:00:00+09:00,321.2789422396956,331.23005991968614,319.85735399969695,329.8084716796875,2226500,0.0,0.0
2011-11-10 00:00:00+09:00,314.1709899902344,318.43575456023757,311.3278136102322,314.1709899902344,1476000,0.0,0.0
2011-11-11 00:00:00+09:00,315.59261541497216,317.0142037726973,308.48467362634665,311.3278503417969,1432500,0.0,0.0
2011-11-14 00:00:00+09:00,318.4357176639574,319.85730568924293,317.0141296386719,317.0141296386719,1040000,0.0,0.0
2011-11-15 00:00:00+09:00,315.592529296875,318.43570523648646,314.1709413270693,315.592529296875,685000,0.0,0.0
2011-11-16 00:00:00+09:00,315.59259089456725,315.59259089456725,304.2198849163846,308.4846496582031,894000,0.0,0.0
2011-11-17 00:00:00+09:00,307.0630852686216,312.749438699522,302.79832019544625,311.3278503417969,1460000,0.0,0.0
2011-11-18 00:00:00+09:00,302.79823591124335,304.219823873268,299.95505998719415,301.37664794921875,1834500,0.0,0.0
2011-11-21 00:00:00+09:00,295.69033203124997,297.11192016601564,290.0039794921875,291.4255676269531,1036000,0.0,0.0
2011-11-22 00:00:00+09:00,284.31763880461165,292.84716796875,282.8960506105886,292.84716796875,1784500,0.0,0.0
2011-11-24 00:00:00+09:00,284.3176149854473,292.8471434350107,284.3176149854473,290.00396728515625,1224500,0.0,0.0
2011-11-25 00:00:00+09:00,290.0039734771286,295.69032589824883,287.1607972665685,294.26873779296875,1256000,0.0,0.0
2011-11-28 00:00:00+09:00,297.1118784396448,309.9061698557061,292.8471146342911,304.2198181152344,1844000,0.0,0.0
2011-11-29 00:00:00+09:00,307.0630196090293,322.70048820022987,305.6414315552838,321.2789001464844,2307500,0.0,0.0
2011-11-30 00:00:00+09:00,314.17094712690874,314.17094712690874,308.48459514271127,312.7493591308594,2675500,0.0,0.0
2011-12-01 00:00:00+09:00,322.700481739814,326.9652458156706,315.59254161338635,317.0141296386719,1981000,0.0,0.0
2011-12-02 00:00:00+09:00,319.8573120927389,322.70048820022987,317.0141359852479,321.2789001464844,1076500,0.0,0.0
2011-12-05 00:00:00+09:00,325.54368286132814,328.38685913085936,322.70050659179685,326.96527099609375,960000,0.0,0.0
2011-12-06 00:00:00+09:00,324.1220762539754,334.07319263019394,319.8573120927389,321.2789001464844,1464000,0.0,0.0
2011-12-07 00:00:00+09:00,325.5437069596915,329.8084716796875,321.2789422396956,329.8084716796875,1298000,0.0,0.0
2011-12-08 00:00:00+09:00,329.8084348986763,331.2300229801361,324.12208257283703,325.5436706542969,1434000,0.0,0.0
2011-12-09 00:00:00+09:00,318.4357604980469,322.7005251475743,314.17099584851945,318.4357604980469,2982000,0.0,0.0
2011-12-12 00:00:00+09:00,324.12205794414234,329.8084098378992,321.2788819972639,322.7004699707031,1327000,0.0,0.0
2011-12-13 00:00:00+09:00,317.0141371097802,345.44589828554524,312.7493729334155,342.60272216796875,15872000,0.0,0.0
2011-12-14 00:00:00+09:00,339.7595344387755,353.97541454081636,338.33794642857146,348.2890625,6624500,0.0,0.0
2011-12-15 00:00:00+09:00,342.602795183166,352.55391371545716,338.33803009789835,344.0243835449219,4895500,0.0,0.0
2011-12-16 00:00:00+09:00,342.6027841083074,342.6027841083074,332.6516658976927,335.4948425292969,2720500,0.0,0.0
2011-12-19 00:00:00+09:00,331.23004150390625,335.4948059867892,326.9652770210233,331.23004150390625,1849000,0.0,0.0
2011-12-20 00:00:00+09:00,331.2300959160987,336.9164494940575,328.3869191271193,334.0732727050781,1830500,0.0,0.0
2011-12-21 00:00:00+09:00,336.9164494940575,336.9164494940575,331.2300959160987,334.0732727050781,1966000,0.0,0.0
2011-12-22 00:00:00+09:00,334.07325421349475,339.7596074767032,331.23007758189055,335.4948425292969,1920000,0.0,0.0
2011-12-26 00:00:00+09:00,336.91641287968076,339.75958935967805,328.38688343968886,329.8084716796875,1703500,0.0,0.0
2011-12-27 00:00:00+09:00,329.8084956764156,335.4948490501469,326.9653189895499,332.65167236328125,1098000,0.0,0.0
2011-12-28 00:00:00+09:00,331.2300477131105,332.65163590072035,324.1221067750609,328.3868713378906,2125500,0.0,0.0
2011-12-29 00:00:00+09:00,325.54369496267077,331.2300477131105,324.1221067750609,328.3868713378906,1430500,0.0,0.0
2011-12-30 00:00:00+09:00,326.9652770210233,332.65162966486724,326.9652770210233,331.23004150390625,565500,0.0,0.0
2012-01-04 00:00:00+09:00,341.1812003714139,349.71073038069926,338.3380237016521,346.8675537109375,2754000,0.0,0.0
2012-01-05 00:00:00+09:00,346.86756026843364,348.2891486301895,342.602795183166,344.0243835449219,1411000,0.0,0.0
2012-01-06 00:00:00+09:00,351.1322212371218,359.6617488785094,349.7106332968906,356.8185729980469,6494500,0.0,0.0
2012-01-10 00:00:00+09:00,359.66183400708576,371.03454022074857,359.66183400708576,366.769775390625,3534500,0.0,0.0
2012-01-11 00:00:00+09:00,366.769775390625,378.1424816042878,366.769775390625,366.769775390625,3752500,0.0,0.0
2012-01-12 00:00:00+09:00,366.76969537209334,366.76969537209334,358.24016757274234,361.0833435058594,1938500,0.0,0.0
2012-01-13 00:00:00+09:00,363.92662785171103,376.72092336212273,362.50503946166526,373.87774658203125,3297000,0.0,0.0
2012-01-16 00:00:00+09:00,373.8776282808221,373.8776282808221,356.8185729980469,356.8185729980469,2784000,0.0,0.0
2012-01-17 00:00:00+09:00,358.2401803823618,371.0344725388747,358.2401803823618,369.6128845214844,2045000,0.0,0.0
2012-01-18 00:00:00+09:00,368.1913930218483,382.40727692230575,365.3482162417568,373.87774658203125,2530000,0.0,0.0
2012-01-19 00:00:00+09:00,375.2992734804258,388.09356689453125,373.877685323303,388.09356689453125,2433000,0.0,0.0
2012-01-20 00:00:00+09:00,395.20152553260755,407.99581952467037,395.20152553260755,400.88787841796875,5427000,0.0,0.0
2012-01-23 00:00:00+09:00,395.20154373331854,407.995838314613,392.35836715969754,399.46630859375,2570000,0.0,0.0
2012-01-24 00:00:00+09:00,402.30940472434145,405.15258072946045,389.51511270130584,393.7798767089844,2831500,0.0,0.0
2012-01-25 00:00:00+09:00,395.2015323153409,396.62312056107953,388.09359108664773,390.936767578125,2076000,0.0,0.0
2012-01-26 00:00:00+09:00,393.77994406960227,402.3094735440341,389.51517933238637,390.936767578125,2584500,0.0,0.0
2012-01-27 00:00:00+09:00,385.25043371264377,388.09361034520936,375.299315498664,382.4072570800781,3122000,0.0,0.0
2012-01-30 00:00:00+09:00,380.98562610891713,389.51515505165406,375.2992734804258,388.09356689453125,2320000,0.0,0.0
2012-01-31 00:00:00+09:00,390.93672502852684,403.73101784764225,389.515136937514,396.6230773925781,3402000,0.0,0.0
2012-02-01 00:00:00+09:00,393.77995544650804,402.309485167371,392.35836715969754,399.46630859375,2057000,0.0,0.0
2012-02-02 00:00:00+09:00,400.8878779926367,409.41740731162895,399.4662897728046,407.9958190917969,2292500,0.0,0.0
2012-02-03 00:00:00+09:00,405.15262455485316,409.4173890238516,398.0446837731891,402.3094482421875,3272000,0.0,0.0
2012-02-06 00:00:00+09:00,410.8389828656171,427.8980409776843,409.4173946896115,420.79010009765625,3472500,0.0,0.0
2012-02-07 00:00:00+09:00,417.94678474195075,432.1626617739899,413.682021632339,422.2115478515625,3735000,0.0,0.0
2012-02-08 00:00:00+09:00,426.4765024993379,427.8980908410024,415.10379576602224,419.3685607910156,3071000,0.0,0.0
2012-02-09 00:00:00+09:00,416.5253841076867,423.633325816009,400.88791234937764,419.3685607910156,4230500,0.0,0.0
2012-02-10 00:00:00+09:00,422.2117072795999,425.05488375959726,410.83900135961073,412.2605895996094,3062000,0.0,0.0
2012-02-13 00:00:00+09:00,409.417412109375,430.7412356567383,400.8878826904297,426.4764709472656,3898000,0.0,0.0
2012-02-14 00:00:00+09:00,420.7900998948817,442.1139225246898,412.2605708429584,427.8980407714844,7619500,0.0,0.0
2012-02-15 00:00:00+09:00,423.6332760480494,440.69233414394404,415.10374700010215,435.0059814453125,10372500,0.0,0.0
2012-02-16 00:00:00+09:00,430.74122932888815,440.69234683813636,426.47646468206744,429.31964111328125,4625500,0.0,0.0
2012-02-17 00:00:00+09:00,439.2706915982969,452.06498358659684,437.8491035995969,446.3786315917969,5542500,0.0,0.0
2012-02-20 00:00:00+09:00,454.9081029647436,457.7512786082732,442.11381256886017,443.535400390625,3601000,0.0,0.0
2012-02-21 00:00:00+09:00,444.95696638755675,449.2217296436675,423.6331501070029,430.7410888671875,4599500,0.0,0.0
2012-02-22 00:00:00+09:00,430.7412289299483,440.69234642998015,429.31964071565807,436.4275817871094,4801500,0.0,0.0
2012-02-23 00:00:00+09:00,442.11381256886017,449.22175167768427,436.42746128180084,443.535400390625,3113000,0.0,0.0
2012-02-24 00:00:00+09:00,444.95705058411784,457.75134277343756,444.95705058411784,457.7513427734375,4166000,0.0,0.0
2012-02-27 00:00:00+09:00,466.2808524211494,470.5456163152453,456.32973666825905,459.17291259765625,4201000,0.0,0.0
2012-02-28 00:00:00+09:00,459.17289562283315,467.7024230957031,452.0649560621082,467.7024230957031,2602000,0.0,0.0
2012-02-29 00:00:00+09:00,471.9673342056505,486.18321776606166,469.1241574935683,470.5457458496094,4861000,0.0,0.0
2012-03-01 00:00:00+09:00,466.2808071581723,477.6535097717862,447.8001654110496,450.6433410644531,6939000,0.0,0.0
2012-03-02 00:00:00+09:00,459.1728640897774,464.8592153478551,454.9081006462191,460.5944519042969,4140500,0.0,0.0
2012-03-05 00:00:00+09:00,462.01610027062105,466.2808642731191,452.0649842647923,453.486572265625,2326500,0.0,0.0
2012-03-06 00:00:00+09:00,459.17292426895574,463.43768827145374,453.486572265625,453.486572265625,1867500,0.0,0.0
2012-03-07 00:00:00+09:00,442.1138860354634,454.90817855739,442.1138860354634,452.06500244140625,2328500,0.0,0.0
2012-03-08 00:00:00+09:00,459.17305580253026,479.07529351533344,457.7514673944729,476.23211669921875,5180500,0.0,0.0
2012-03-09 00:00:00+09:00,477.65352833764797,486.1830556293917,470.5455889278615,480.4967041015625,7545000,0.0,0.0
2012-03-12 00:00:00+09:00,487.60462524053975,490.44780089791897,481.91827392578125,481.91827392578125,2472500,0.0,0.0
2012-03-13 00:00:00+09:00,481.9182919835198,500.3989344489645,479.07511621960526,480.4967041015625,5738500,0.0,0.0
2012-03-14 00:00:00+09:00,498.9773987856778,506.0853389393199,494.71263469349253,500.39898681640625,3812500,0.0,0.0
2012-03-15 00:00:00+09:00,506.0853389393199,506.0853389393199,493.2910466627641,500.39898681640625,2709000,0.0,0.0
2012-03-16 00:00:00+09:00,497.5558166503906,500.39899274553574,494.7126405552455,497.5558166503906,2183500,0.0,0.0
2012-03-19 00:00:00+09:00,496.13425903320314,496.13425903320314,489.026318359375,490.4479064941406,1793000,0.0,0.0
2012-03-21 00:00:00+09:00,491.8694570298011,494.71263308199644,477.65357676882417,479.0751647949219,2937500,0.0,0.0
2012-03-22 00:00:00+09:00,470.54576306698925,480.49688192339084,464.85940943475975,476.23211669921875,3259500,0.0,0.0
2012-03-23 00:00:00+09:00,467.7025394556713,470.54571598731667,462.01618639238046,463.4377746582031,2540000,0.0,0.0
2012-03-26 00:00:00+09:00,466.2808894932827,471.9672418041764,454.90818487149534,456.32977294921875,2068000,0.0,0.0
2012-03-27 00:00:00+09:00,466.2808078101954,483.33986175447086,466.2808078101954,481.91827392578125,2895000,0.0,0.0
2012-03-28 00:00:00+09:00,474.8104007166288,483.33992887321494,473.3888126905311,479.0751647949219,2263500,0.0,0.0
2012-03-29 00:00:00+09:00,476.2319404556907,489.02623139330626,474.8103525737334,480.4967041015625,2225500,0.0,0.0
2012-03-30 00:00:00+09:00,479.07529351533344,480.49688192339084,473.388939883104,476.23211669921875,1175000,0.0,0.0
2012-04-02 00:00:00+09:00,479.0751275159642,483.3398912623971,470.54560002309836,474.81036376953125,1826500,0.0,0.0
2012-04-03 00:00:00+09:00,476.2319563652762,476.2319563652762,462.0160770707903,464.8592529296875,1736500,0.0,0.0
2012-04-04 00:00:00+09:00,464.85929496333284,469.1240591373084,449.22182632542257,452.06500244140625,2231000,0.0,0.0
2012-04-05 00:00:00+09:00,443.535400390625,447.80016385591944,437.8490491035657,443.535400390625,3060000,0.0,0.0
2012-04-06 00:00:00+09:00,440.69222474709534,446.37857603415466,433.58428563827124,443.535400390625,1744000,0.0,0.0
2012-04-09 00:00:00+09:00,435.0058647958856,439.2706281762374,430.74110141553376,432.1626892089844,1696000,0.0,0.0
2012-04-10 00:00:00+09:00,435.0058647958856,444.95697935003983,425.0547502417313,432.1626892089844,3409500,0.0,0.0
2012-04-11 00:00:00+09:00,422.21168807020223,430.7412171221255,416.52533536892,427.8980407714844,3246500,0.0,0.0
2012-04-12 00:00:00+09:00,432.1626892089844,433.584277002435,423.63316244828076,432.1626892089844,2124500,0.0,0.0
2012-04-13 00:00:00+09:00,433.5843505859375,437.8491146900615,430.74117451652154,433.5843505859375,3357000,0.0,0.0
2012-04-16 00:00:00+09:00,425.0548585234242,429.3196229902144,416.5253295898438,416.52532958984375,1834000,0.0,0.0
2012-04-17 00:00:00+09:00,419.3685059010373,423.6332703678275,413.68215327865033,416.52532958984375,1475000,0.0,0.0
2012-04-18 00:00:00+09:00,427.89805250136783,439.27075821568985,425.0548760727873,436.4275817871094,1591500,0.0,0.0
2012-04-19 00:00:00+09:00,430.74110141553376,436.4274525893362,426.4763380351819,432.1626892089844,1389500,0.0,0.0
2012-04-20 00:00:00+09:00,433.5844057601019,435.0059939757088,426.47646468206744,429.31964111328125,1292000,0.0,0.0
2012-04-23 00:00:00+09:00,432.16278055758784,435.0059567454667,423.6332519939512,425.0548400878906,1189000,0.0,0.0
2012-04-24 00:00:00+09:00,420.7899601483586,427.89789866437815,420.7899601483586,422.2115478515625,1338500,0.0,0.0
2012-04-25 00:00:00+09:00,427.89805289767435,430.74122932888815,423.6332882508537,429.31964111328125,2070500,0.0,0.0
2012-04-26 00:00:00+09:00,433.5844057601019,436.4275821913157,427.89805289767435,429.31964111328125,1440000,0.0,0.0
2012-04-27 00:00:00+09:00,429.3195919574507,443.5354724858431,413.68212337621907,423.63323974609375,3919000,0.0,0.0
2012-05-01 00:00:00+09:00,416.52527940776986,417.9468673920967,400.8878115801744,403.7309875488281,2199500,0.0,0.0
2012-05-02 00:00:00+09:00,403.73103639852036,405.15262455485316,398.0446837731891,402.3094482421875,1837000,0.0,0.0
2012-05-07 00:00:00+09:00,385.2503967285156,393.7799258073757,380.98563218908555,385.2503967285156,2627500,0.0,0.0
2012-05-08 00:00:00+09:00,383.8287542858263,389.5151062011719,375.2992264128079,389.5151062011719,3005500,0.0,0.0
2012-05-09 00:00:00+09:00,382.40725800485325,382.40725800485325,369.61296312736744,375.29931640625,2705500,0.0,0.0
2012-05-10 00:00:00+09:00,369.6129738136574,398.04474103009255,365.34820873119213,383.828857421875,3939000,0.0,0.0
2012-05-11 00:00:00+09:00,406.5742594401042,406.5742594401042,365.3481981682055,375.29931640625,5064500,0.0,0.0
2012-05-14 00:00:00+09:00,368.1913579005821,378.1424756816789,359.6618283739277,362.5050048828125,2834000,0.0,0.0
2012-05-15 00:00:00+09:00,352.5538635253906,358.24021616289696,342.6027464097546,352.5538635253906,3505500,0.0,0.0
2012-05-16 00:00:00+09:00,351.132275366014,353.9754516847672,345.44592272850775,352.5538635253906,3144500,0.0,0.0
2012-05-17 00:00:00+09:00,359.6617555393008,363.92651943897636,345.44587587371586,361.0833435058594,4840000,0.0,0.0
2012-05-18 00:00:00+09:00,342.6027897152442,346.8675547324464,336.9164363589746,339.7596130371094,2859000,0.0,0.0
2012-05-21 00:00:00+09:00,335.49485337438665,351.1323253537013,334.07326501263077,344.0243835449219,2980000,0.0,0.0
2012-05-22 00:00:00+09:00,362.50500549316405,366.7697702636719,352.5538876953125,355.3970642089844,3253500,0.0,0.0
2012-05-23 00:00:00+09:00,363.9266137295082,365.34820206438906,345.44596537605656,346.8675537109375,4379000,0.0,0.0
2012-05-24 00:00:00+09:00,349.71065051020406,353.97541454081636,344.02429846938776,348.2890625,3031000,0.0,0.0
2012-05-25 00:00:00+09:00,362.50498064102663,363.92656880040323,349.7106872066375,352.5538635253906,3398000,0.0,0.0
2012-05-28 00:00:00+09:00,351.132275366014,353.9754516847672,345.44592272850775,352.5538635253906,1574500,0.0,0.0
2012-05-29 00:00:00+09:00,349.71063977339134,361.0833435058594,344.0242879071573,361.0833435058594,2508000,0.0,0.0
2012-05-30 00:00:00+09:00,362.50501692295074,368.19137012958527,355.3970754146576,363.9266052246094,3334500,0.0,0.0
2012-05-31 00:00:00+09:00,353.97545156365794,361.08339235810894,349.7106870869874,359.66180419921875,3171000,0.0,0.0
2012-06-01 00:00:00+09:00,353.9754638671875,361.0834049086973,349.71069924228163,353.9754638671875,3067500,0.0,0.0
2012-06-04 00:00:00+09:00,342.60274679159403,344.024334952555,329.8084533429453,331.23004150390625,3009500,0.0,0.0
2012-06-05 00:00:00+09:00,338.33799357586594,358.24022849209337,336.916405367564,353.9754638671875,3518000,0.0,0.0
2012-06-06 00:00:00+09:00,362.504944999263,380.9855892541274,361.08335697965805,376.7208251953125,5212000,0.0,0.0
2012-06-07 00:00:00+09:00,385.25039058028557,390.9367432087769,380.98562610891713,388.09356689453125,3860000,0.0,0.0
2012-06-08 00:00:00+09:00,383.8288463245739,385.25043464429456,372.45613976680875,375.29931640625,3811500,0.0,0.0
2012-06-11 00:00:00+09:00,385.25043371264377,389.5151986614922,380.9856687637953,382.4072570800781,1953500,0.0,0.0
2012-06-12 00:00:00+09:00,376.72088512073867,395.2015323153409,376.72088512073867,390.936767578125,3200500,0.0,0.0
2012-06-13 00:00:00+09:00,393.77987013768103,396.62304609535386,386.67193024349905,389.5151062011719,2449000,0.0,0.0
2012-06-14 00:00:00+09:00,389.5151062011719,393.77987013768103,386.67193024349905,389.5151062011719,1585000,0.0,0.0
2012-06-15 00:00:00+09:00,390.936767578125,396.62312056107953,385.25041459517047,390.936767578125,2685500,0.0,0.0
2012-06-18 00:00:00+09:00,400.8878232683454,405.1525873456682,398.0446472167969,398.0446472167969,2006500,0.0,0.0
2012-06-19 00:00:00+09:00,396.6230773925781,399.4662535746038,393.7799012105525,396.6230773925781,1437000,0.0,0.0
2012-06-20 00:00:00+09:00,403.7310606839364,409.41741365131577,398.044707716557,405.15264892578125,1725000,0.0,0.0
2012-06-21 00:00:00+09:00,406.5742126040989,415.1037415398492,406.5742126040989,409.4173889160156,1901000,0.0,0.0
2012-06-22 00:00:00+09:00,400.8878599802653,413.6821533838908,399.46627182430694,409.4173889160156,1269500,0.0,0.0
2012-06-25 00:00:00+09:00,416.52527940776986,416.52527940776986,402.30939956450123,403.7309875488281,985500,0.0,0.0
2012-06-26 00:00:00+09:00,398.04462240754276,402.3093862190521,388.09350684735415,395.2014465332031,2254000,0.0,0.0
2012-06-27 00:00:00+09:00,396.6230717372227,410.83895244465003,392.35830752499453,406.5741882324219,2369000,0.0,0.0
2012-06-28 00:00:00+09:00,417.94690547577324,417.94690547577324,410.83896490645736,415.1037292480469,1333500,0.0,0.0
2012-06-29 00:00:00+09:00,407.99567081952335,426.47631096117425,407.99567081952335,422.2115478515625,3309000,0.0,0.0
2012-07-02 00:00:00+09:00,433.5842643712613,433.5842643712613,423.6331501070029,430.7410888671875,2739500,0.0,0.0
2012-07-03 00:00:00+09:00,433.58435611596843,440.69229638016463,422.2116516932545,423.63323974609375,4381000,0.0,0.0
2012-07-04 00:00:00+09:00,429.3196041600234,430.74119225326854,412.2605470410821,417.9468994140625,3881000,0.0,0.0
2012-07-05 00:00:00+09:00,419.36852485045324,419.36852485045324,403.73105443230077,407.9958190917969,2002000,0.0,0.0
2012-07-06 00:00:00+09:00,406.57421271118596,415.1037416491829,399.4662719295219,402.3094482421875,2953500,0.0,0.0
2012-07-09 00:00:00+09:00,399.4662478787082,409.41736437390733,398.04465980796544,406.5741882324219,2034500,0.0,0.0
2012-07-10 00:00:00+09:00,399.46624765819234,405.15259993802425,392.35830730840246,397.8838806152344,1318000,0.0,0.0
2012-07-11 00:00:00+09:00,393.779938862387,398.0447035432071,390.936762408507,394.97918701171875,2160000,0.0,0.0
2012-07-12 00:00:00+09:00,398.04466548359096,407.99578212068076,389.515136937514,396.6230773925781,2821000,0.0,0.0
2012-07-13 00:00:00+09:00,392.3583131195397,399.4662535746038,390.93672502852684,396.6230773925781,1657000,0.0,0.0
2012-07-17 00:00:00+09:00,400.88787841796875,409.41740774601067,395.20152553260755,400.88787841796875,2349000,0.0,0.0
2012-07-18 00:00:00+09:00,406.5741885470361,416.5253050499356,405.1526004751933,413.68212890625,3369500,0.0,0.0
2012-07-19 00:00:00+09:00,410.838977071974,415.1037415398492,402.3094481362237,409.4173889160156,1697500,0.0,0.0
2012-07-20 00:00:00+09:00,402.3095172384511,403.731105638587,383.8288680366848,392.3583984375,2006000,0.0,0.0
2012-07-23 00:00:00+09:00,378.14248019545823,388.09359809533873,376.7208919240467,380.98565673828125,1741500,0.0,0.0
2012-07-24 00:00:00+09:00,378.1424560546875,380.98563241600095,362.50498606746356,378.1424560546875,2782000,0.0,0.0
2012-07-25 00:00:00+09:00,372.4561284974564,375.29930505087214,365.34818711391716,366.769775390625,1347500,0.0,0.0
2012-07-26 00:00:00+09:00,375.2993036526352,385.2504215525157,372.45612710981226,380.98565673828125,2411500,0.0,0.0
2012-07-27 00:00:00+09:00,390.93670070386537,400.887816721782,390.93670070386537,393.7798767089844,2218500,0.0,0.0
2012-07-30 00:00:00+09:00,400.8878779926367,409.41740731162895,399.4662897728046,407.9958190917969,1965500,0.0,0.0
2012-07-31 00:00:00+09:00,406.57424699280074,417.9469532023896,403.7310704404035,415.0078125,1975500,0.0,0.0
2012-08-01 00:00:00+09:00,410.83895244465003,412.2605405153928,402.30942402019366,406.5741882324219,1407000,0.0,0.0
2012-08-02 00:00:00+09:00,409.41740731162895,412.260583751293,405.1526426521328,407.9958190917969,1297000,0.0,0.0
2012-08-03 00:00:00+09:00,400.887816721782,400.887816721782,392.3582887064249,393.7798767089844,1311500,0.0,0.0
2012-08-06 00:00:00+09:00,407.99580073251695,407.99580073251695,399.46627179734236,402.0795593261719,1087000,0.0,0.0
2012-08-07 00:00:00+09:00,406.5742681934456,412.2606215947526,403.7310914927922,409.28594970703125,1468500,0.0,0.0
2012-08-08 00:00:00+09:00,419.36848352423317,425.0548358432058,410.8389550457742,416.59710693359375,2827500,0.0,0.0
2012-08-09 00:00:00+09:00,410.83903074102886,423.633325816009,410.83903074102886,419.3685607910156,1683500,0.0,0.0
2012-08-10 00:00:00+09:00,417.946942559604,419.36853079960264,409.4174131196121,412.2605895996094,1111000,0.0,0.0
2012-08-13 00:00:00+09:00,415.10373762010136,419.36850204770514,407.9957969074284,410.9413146972656,672000,0.0,0.0
2012-08-14 00:00:00+09:00,419.36852485045324,419.36852485045324,400.8878779926367,407.9958190917969,2733500,0.0,0.0
2012-08-15 00:00:00+09:00,405.15257396837217,406.5741619472086,385.25034226466266,389.5151062011719,2517000,0.0,0.0
2012-08-16 00:00:00+09:00,388.09356667885936,412.26056533651723,388.09356667885936,402.3094482421875,2210500,0.0,0.0
2012-08-17 00:00:00+09:00,406.57420056486785,415.1037292480469,405.1526124510047,415.1037292480469,1071000,0.0,0.0
2012-08-20 00:00:00+09:00,419.36848086910646,419.36848086910646,406.5741882324219,406.5741882324219,1501000,0.0,0.0
2012-08-21 00:00:00+09:00,409.41736437390733,413.68212858613555,406.5741882324219,406.5741882324219,1287500,0.0,0.0
2012-08-22 00:00:00+09:00,405.152661740992,406.5742500278025,396.62313202012905,399.46630859375,1464000,0.0,0.0
2012-08-23 00:00:00+09:00,400.8878600858547,402.3094482421875,398.0446837731891,402.3094482421875,1275000,0.0,0.0
2012-08-24 00:00:00+09:00,395.20148930156535,398.04466548359096,392.3583131195397,396.6230773925781,752500,0.0,0.0
2012-08-27 00:00:00+09:00,403.7309741562219,403.7309741562219,392.35827065886355,395.2014465332031,1259000,0.0,0.0
2012-08-28 00:00:00+09:00,393.7798760358025,395.20146403593174,380.98558403463926,386.67193603515625,1486000,0.0,0.0
2012-08-29 00:00:00+09:00,386.67197873740844,389.51515505165406,382.40721426603994,388.09356689453125,1102500,0.0,0.0
2012-08-30 00:00:00+09:00,386.67204209244295,386.67204209244295,372.45615819198554,373.87774658203125,2203500,0.0,0.0
2012-08-31 00:00:00+09:00,368.19134521484375,373.8776980366946,365.3481688039183,368.19134521484375,2544000,0.0,0.0
2012-09-03 00:00:00+09:00,371.0345153808594,379.5640444700746,368.1913390177877,371.0345153808594,1739000,0.0,0.0
2012-09-04 00:00:00+09:00,372.45615819198554,376.72092336212273,368.1913930218483,373.87774658203125,1765500,0.0,0.0
2012-09-05 00:00:00+09:00,372.456060556265,373.8776485736554,365.3481204693134,369.6128845214844,1107500,0.0,0.0
2012-09-06 00:00:00+09:00,369.6129271993235,372.45610356239524,361.08339811010836,371.0345153808594,1289000,0.0,0.0
2012-09-07 00:00:00+09:00,382.4071720347685,389.51511203541475,380.98558403463926,386.67193603515625,2605000,0.0,0.0
2012-09-10 00:00:00+09:00,386.67193024349905,393.77987013768103,383.8287542858263,389.5151062011719,903000,0.0,0.0
2012-09-11 00:00:00+09:00,385.2504215525157,385.2504215525157,376.7208919240467,380.98565673828125,1043000,0.0,0.0
2012-09-12 00:00:00+09:00,382.4071766779973,385.25035271277795,365.3481204693134,369.6128845214844,2966000,0.0,0.0
2012-09-13 00:00:00+09:00,366.76973264226655,371.03449697531613,362.5049683092169,365.34814453125,2349500,0.0,0.0
2012-09-14 00:00:00+09:00,375.29925602738575,400.88784166561663,375.29925602738575,396.6230773925781,4620500,0.0,0.0
2012-09-18 00:00:00+09:00,398.0446356115207,406.5741635174818,396.6230476271938,403.7309875488281,2431500,0.0,0.0
2012-09-19 00:00:00+09:00,405.1526065748565,422.21166369379785,405.1526065748565,417.9468994140625,5394500,0.0,0.0
2012-09-20 00:00:00+09:00,417.9468994140625,422.21166369379785,413.6821351343272,417.9468994140625,3548500,0.0,0.0
2012-09-21 00:00:00+09:00,416.5253173619101,422.21166981736275,415.1037292480469,415.1037292480469,3083500,0.0,0.0
2012-09-24 00:00:00+09:00,412.2605530203206,416.5253173619101,406.57420056486785,415.1037292480469,1587000,0.0,0.0
2012-09-25 00:00:00+09:00,412.2605708429584,430.7412171221255,412.2605708429584,427.8980407714844,3403500,0.0,0.0
2012-09-26 00:00:00+09:00,422.21168807020223,435.00598164808713,422.21168807020223,427.8980407714844,2737500,0.0,0.0
2012-09-27 00:00:00+09:00,425.0548642227073,437.8491577946283,422.21168787339155,435.0059814453125,3454500,0.0,0.0
2012-09-28 00:00:00+09:00,440.6922907594775,442.1138787941855,430.74117451652154,433.5843505859375,2851500,0.0,0.0
2012-10-01 00:00:00+09:00,429.31950111515056,432.16267661922444,423.6331501070029,430.7410888671875,1774500,0.0,0.0
2012-10-02 00:00:00+09:00,429.31951362208315,436.4274525893362,426.4763380351819,432.1626892089844,2719000,0.0,0.0
2012-10-03 00:00:00+09:00,429.3195451162394,447.80018778680596,429.3195451162394,439.2706604003906,2677000,0.0,0.0
2012-10-04 00:00:00+09:00,439.27063845083916,457.7512801979618,439.27063845083916,450.6433410644531,3729000,0.0,0.0
2012-10-05 00:00:00+09:00,444.9570567908654,462.01611328125006,443.53546875,462.01611328125,3938500,0.0,0.0
2012-10-09 00:00:00+09:00,462.0160885270535,466.2808524211494,456.32973666825905,459.17291259765625,3322000,0.0,0.0
2012-10-10 00:00:00+09:00,452.0650268554687,453.4866149902344,443.535498046875,447.8002624511719,2928000,0.0,0.0
2012-10-11 00:00:00+09:00,440.69222474709534,454.9081029647436,430.7411099947416,443.535400390625,4757500,0.0,0.0
2012-10-12 00:00:00+09:00,450.64348026579876,464.85936292402585,449.22189199997604,463.4377746582031,4077500,0.0,0.0
2012-10-15 00:00:00+09:00,462.0160397188163,462.0160397188163,453.48651283169966,460.5944519042969,2620000,0.0,0.0
2012-10-16 00:00:00+09:00,464.8592893629808,470.54564152644235,459.17293719951925,462.01611328125,2099500,0.0,0.0
2012-10-17 00:00:00+09:00,464.8592374000324,486.1830556293917,464.8592374000324,480.4967041015625,4502500,0.0,0.0
2012-10-18 00:00:00+09:00,487.60473022460934,489.026318359375,480.4967895507812,483.3399658203125,3660000,0.0,0.0
2012-10-19 00:00:00+09:00,483.3398912623971,487.60465500883004,473.3887758540536,474.81036376953125,2566500,0.0,0.0
2012-10-22 00:00:00+09:00,463.43779574469295,489.02638569378644,462.01620741418776,487.60479736328125,3128500,0.0,0.0
2012-10-23 00:00:00+09:00,491.8694209608921,493.2910088827444,479.0751296642215,489.0262451171875,3003000,0.0,0.0
2012-10-24 00:00:00+09:00,479.0751647949219,487.604692951508,479.0751647949219,479.0751647949219,2256000,0.0,0.0
2012-10-25 00:00:00+09:00,483.34005873950554,483.34005873950554,469.12417465893185,476.23211669921875,2498000,0.0,0.0
2012-10-26 00:00:00+09:00,476.2319936899039,480.49675781250005,459.17293719951925,462.01611328125,2589000,0.0,0.0
2012-10-29 00:00:00+09:00,463.43762753333573,470.5455666059329,457.75127627525796,460.5944519042969,2662000,0.0,0.0
2012-10-30 00:00:00+09:00,460.59453078935735,463.43770690534103,447.80023826743076,452.06500244140625,3185500,0.0,0.0
2012-10-31 00:00:00+09:00,453.4865615658644,470.5456171733577,450.6433856312822,466.2808532714844,2503500,0.0,0.0
2012-11-01 00:00:00+09:00,466.2808252819897,483.3398798654771,463.4376495180751,480.4967041015625,2518500,0.0,0.0
2012-11-02 00:00:00+09:00,487.60468181984965,493.2910337944251,484.76150583256185,491.86944580078125,3056500,0.0,0.0
2012-11-05 00:00:00+09:00,487.60480389636984,491.8695689450261,483.3400388477136,484.7616271972656,1063000,0.0,0.0
2012-11-06 00:00:00+09:00,486.18316723926955,486.18316723926955,470.54569694794804,471.96728515625,1871000,0.0,0.0
2012-11-07 00:00:00+09:00,474.81052829116135,477.6537051072761,466.28099784281716,476.23211669921875,1678000,0.0,0.0
2012-11-08 00:00:00+09:00,464.8592893629808,473.3888176081731,460.59452524038466,462.01611328125,1729500,0.0,0.0
2012-11-09 00:00:00+09:00,452.06498358659684,453.4865715852968,444.95704359309684,446.3786315917969,1785500,0.0,0.0
2012-11-12 00:00:00+09:00,446.37869928714116,447.80028750143146,435.0059935728191,436.4275817871094,1623500,0.0,0.0
2012-11-13 00:00:00+09:00,437.8490403827868,440.692215969688,427.89792582863254,432.1626892089844,2135000,0.0,0.0
2012-11-14 00:00:00+09:00,436.42755737304685,457.7513793945312,436.42755737304685,454.908203125,3462500,0.0,0.0
2012-11-15 00:00:00+09:00,463.43769650784725,480.4967528210195,463.43769650784725,479.0751647949219,3820500,0.0,0.0
2012-11-16 00:00:00+09:00,480.49686214860935,487.60480389636984,477.65368544950513,484.7616271972656,2564500,0.0,0.0
2012-11-19 00:00:00+09:00,490.4478308397853,490.4478308397853,474.81036376953125,474.81036376953125,2103000,0.0,0.0
2012-11-20 00:00:00+09:00,476.2321166992187,480.49688192339084,471.9673514750466,476.23211669921875,2574000,0.0,0.0
2012-11-21 00:00:00+09:00,480.49675111000585,480.49675111000585,453.48657871033095,457.7513427734375,3917000,0.0,0.0
2012-11-22 00:00:00+09:00,462.0160714471232,469.12401100784814,452.0649560621082,467.7024230957031,3473000,0.0,0.0
2012-11-26 00:00:00+09:00,473.3888298818998,476.23200603734665,453.4865967937719,456.32977294921875,3072500,0.0,0.0
2012-11-27 00:00:00+09:00,456.3298622891982,474.81051091773276,453.486685577116,470.5457458496094,3022500,0.0,0.0
2012-11-28 00:00:00+09:00,476.2319505685731,481.9183022171531,464.85924727141315,467.7024230957031,2888000,0.0,0.0
2012-11-29 00:00:00+09:00,469.12401210762073,476.2319516850089,467.7024241921431,474.81036376953125,1643500,0.0,0.0
2012-11-30 00:00:00+09:00,476.2319505685731,476.2319505685731,464.85924727141315,467.7024230957031,1454500,0.0,0.0
2012-12-03 00:00:00+09:00,476.2319084831902,481.91825962925816,471.9671451236392,473.38873291015625,2619000,0.0,0.0
2012-12-04 00:00:00+09:00,470.54569694794804,477.6536379894578,469.12410873964603,471.96728515625,1530500,0.0,0.0
2012-12-05 00:00:00+09:00,471.9673342056505,473.38892256169163,466.28098078148605,470.5457458496094,1258500,0.0,0.0
2012-12-06 00:00:00+09:00,474.8103206966732,474.8103206966732,469.1239695506053,473.38873291015625,1598500,0.0,0.0
2012-12-07 00:00:00+09:00,477.6534962697072,477.6534962697072,470.54555733712226,473.38873291015625,1241000,0.0,0.0
2012-12-10 00:00:00+09:00,476.2319084831902,476.2319084831902,470.54555733712226,473.38873291015625,1102500,0.0,0.0
2012-12-11 00:00:00+09:00,469.124127721494,470.54571598731667,459.173009860735,463.4377746582031,2029000,0.0,0.0
2012-12-12 00:00:00+09:00,466.28083518355817,469.12401100784814,462.0160714471232,467.7024230957031,2182000,0.0,0.0
2012-12-13 00:00:00+09:00,474.81033478233314,483.33986175447086,473.38874695364353,481.91827392578125,2495000,0.0,0.0
2012-12-14 00:00:00+09:00,477.6536072848136,487.6047241032472,474.8104310509754,486.1831359863281,3210500,0.0,0.0
2012-12-17 00:00:00+09:00,507.5070483803091,528.830873942507,506.0854600094959,514.614990234375,6654000,0.0,0.0
2012-12-18 00:00:00+09:00,516.0365216936384,552.997815258472,516.0365216936384,547.3114624023438,5875000,0.0,0.0
2012-12-19 00:00:00+09:00,558.6841493912929,565.7920902232432,538.781915061832,548.7330322265625,4335500,0.0,0.0
2012-12-20 00:00:00+09:00,544.4681181066177,562.9487591911765,540.2033547794118,555.8408203125,4036000,0.0,0.0
2012-12-21 00:00:00+09:00,568.6352131190334,598.4885618077827,567.2136250862359,595.6453857421875,9613000,0.0,0.0
2012-12-25 00:00:00+09:00,618.3907272642023,645.4008969607995,611.2827878703608,643.9793090820312,8355500,0.0,0.0
2012-12-26 00:00:00+09:00,651.1667021354743,661.2288807556693,638.2296153380807,649.729248046875,5177000,10.0,0.0
2012-12-27 00:00:00+09:00,665.5412744194401,671.291091045094,642.5420079168244,652.6041870117188,4888500,0.0,0.0
2012-12-28 00:00:00+09:00,649.7292619500997,651.1667160694583,618.1052713242099,631.0423583984375,5356500,0.0,0.0
2013-01-04 00:00:00+09:00,655.4790944923642,656.9165486469527,626.7300114005939,635.354736328125,5412500,0.0,0.0
2013-01-07 00:00:00+09:00,642.5418974922233,643.9793514016018,622.4175427609232,628.1673583984375,2759000,0.0,0.0
2013-01-08 00:00:00+09:00,618.1051935213749,619.5426474597966,587.918660814517,615.2302856445312,6035000,0.0,0.0
2013-01-09 00:00:00+09:00,599.4182503535831,631.0422347847073,592.2309811646911,625.2924194335938,6559500,0.0,0.0
2013-01-10 00:00:00+09:00,620.9802702800231,628.1675419267826,605.1682726571521,622.417724609375,6884500,0.0,0.0
2013-01-11 00:00:00+09:00,623.8550255016495,636.7921112839417,612.3553936951674,619.5426635742188,4018500,0.0,0.0
2013-01-15 00:00:00+09:00,623.8549655958154,638.2295039735992,616.6676964069235,625.2924194335938,3676500,0.0,0.0
2013-01-16 00:00:00+09:00,623.8551973509557,625.2926517227321,589.3562924283223,592.231201171875,4931500,0.0,0.0
2013-01-17 00:00:00+09:00,587.9187620563272,596.5434871720679,572.1067660108025,582.1689453125,5711500,0.0,0.0
2013-01-18 00:00:00+09:00,597.980836123512,609.4804675874256,592.231020391555,603.7306518554688,5921000,0.0,0.0
2013-01-21 00:00:00+09:00,609.4804360421651,613.7927976179352,590.7935358804949,600.855712890625,3456500,0.0,0.0
2013-01-22 00:00:00+09:00,603.7305778952206,623.8549304917279,595.1058553538603,610.9178466796875,5793500,0.0,0.0
2013-01-23 00:00:00+09:00,599.4184579266313,608.0431839399641,587.9188232421875,587.9188232421875,3196000,0.0,0.0
2013-01-24 00:00:00+09:00,580.7313889276413,606.6055597214472,580.7313889276413,603.7306518554688,3291000,0.0,0.0
2013-01-25 00:00:00+09:00,615.230360504518,615.230360504518,587.9187323512801,596.54345703125,4441000,0.0,0.0
2013-01-28 00:00:00+09:00,602.2931241383271,619.5425692210478,589.3560403262867,610.9178466796875,5165000,0.0,0.0
2013-01-29 00:00:00+09:00,608.0430287654758,613.7928446403266,596.5433970157742,602.293212890625,4453500,0.0,0.0
2013-01-30 00:00:00+09:00,605.1681238161162,623.8550255016495,593.6684920096342,619.5426635742188,4989500,0.0,0.0
2013-01-31 00:00:00+09:00,620.9801013982184,626.7299171519056,605.1681080755786,615.2302856445312,5392500,0.0,0.0
2013-02-01 00:00:00+09:00,622.417568452603,622.417568452603,599.4183049531996,602.293212890625,4932000,0.0,0.0
2013-02-04 00:00:00+09:00,610.9179990511415,616.6678155127993,600.8558202432403,608.0430908203125,3968000,0.0,0.0
2013-02-05 00:00:00+09:00,599.4183638882696,605.1681803284449,576.4190981275686,579.2940063476562,4937500,0.0,0.0
2013-02-06 00:00:00+09:00,590.7936564700705,616.667831205986,587.9187481660798,612.35546875,4775000,0.0,0.0
2013-02-07 00:00:00+09:00,606.6055777919264,629.6048414048905,603.730669840306,619.5426635742188,5865500,0.0,0.0
2013-02-08 00:00:00+09:00,603.7306342690679,610.917903724652,590.7935492490163,593.66845703125,4725500,0.0,0.0
2013-02-12 00:00:00+09:00,605.1681817112199,606.6056358245481,590.7936405779367,596.54345703125,4041500,0.0,0.0
2013-02-13 00:00:00+09:00,595.1058914412313,602.293160661536,572.1066299362562,577.8564453125,2858000,0.0,0.0
2013-02-14 00:00:00+09:00,597.9808107718894,629.6047959569413,592.2309952836982,623.85498046875,9908500,0.0,0.0
2013-02-15 00:00:00+09:00,615.2303770539907,619.5427395099765,593.6685647740611,612.35546875,5419500,0.0,0.0
2013-02-18 00:00:00+09:00,618.1053018048243,658.35401913165,618.1053018048243,656.9165649414062,10498000,0.0,0.0
2013-02-19 00:00:00+09:00,652.6041714484305,656.9165338148299,645.4169008377651,648.2918090820312,4410000,0.0,0.0
2013-02-20 00:00:00+09:00,655.4790944923642,656.9165486469527,633.9172821735365,635.354736328125,4060000,0.0,0.0
2013-02-21 00:00:00+09:00,629.6047676780007,645.416759560325,626.7298600630327,632.4796752929688,2892000,0.0,0.0
2013-02-22 00:00:00+09:00,626.7299057318239,636.7920831174266,612.3553666095344,633.9171752929688,2995500,0.0,0.0
2013-02-25 00:00:00+09:00,655.4790675059087,685.6656035094702,649.7292511242779,684.2281494140625,9526000,0.0,0.0
2013-02-26 00:00:00+09:00,668.4161414398006,730.2266663471371,665.5412333045757,702.9150390625,12360500,0.0,0.0
2013-02-27 00:00:00+09:00,714.4146696526549,725.9143021621544,681.3532261878439,685.6655883789062,6901000,0.0,0.0
2013-02-28 00:00:00+09:00,702.915100924051,750.3510893299685,700.0401925358136,743.163818359375,11335000,0.0,0.0
2013-03-01 00:00:00+09:00,740.2888400632121,806.4117267484698,738.851386004837,796.3495483398438,19467000,0.0,0.0
2013-03-04 00:00:00+09:00,820.7862518035614,849.5353324271537,794.9120792423282,797.7869873046875,14918000,0.0,0.0
2013-03-05 00:00:00+09:00,799.2244373357186,810.7240695275993,766.1629947840611,769.0379028320312,8712000,0.0,0.0
2013-03-06 00:00:00+09:00,789.1622780479679,810.7240889235954,781.975007756092,796.3495483398438,6610500,0.0,0.0
2013-03-07 00:00:00+09:00,804.9743494396951,804.9743494396951,766.1630861631384,777.6627197265625,5955500,0.0,0.0
2013-03-08 00:00:00+09:00,790.599793551261,826.536147803591,777.6627060204222,819.348876953125,10900500,0.0,0.0
2013-03-11 00:00:00+09:00,832.2860103318671,866.7849123145352,819.3489220883666,855.2852783203125,9836500,0.0,0.0
2013-03-12 00:00:00+09:00,869.6596466798553,876.8469164871268,829.4109357591348,836.5982055664062,6366000,0.0,0.0
2013-03-13 00:00:00+09:00,825.0985443951332,861.0348921475345,825.0985443951332,839.4730834960938,4504500,0.0,0.0
2013-03-14 00:00:00+09:00,853.8478935455607,924.2831574912383,852.4104391793223,922.845703125,15948500,0.0,0.0
2013-03-15 00:00:00+09:00,947.282144832611,950.157052707672,892.6588952064513,919.9705200195312,14967000,0.0,0.0
2013-03-18 00:00:00+09:00,905.596019751096,917.0956517479353,876.8469397589977,881.1593017578125,10419000,0.0,0.0
2013-03-19 00:00:00+09:00,898.4089658210913,922.8456896914249,882.5969680226401,901.2838745117188,10028500,0.0,0.0
2013-03-21 00:00:00+09:00,919.97025,919.97025,891.2211796874999,898.408447265625,7615000,0.0,0.0
2013-03-22 00:00:00+09:00,884.0340112940885,905.5958164476028,876.8467429095838,882.5965576171875,5630000,0.0,0.0
2013-03-25 00:00:00+09:00,894.0963810847355,941.5323627178485,888.3465651292067,934.3450927734375,8585000,0.0,0.0
2013-03-26 00:00:00+09:00,919.9705651491365,932.9076512215463,895.5338470123626,915.658203125,8343500,0.0,0.0
2013-03-27 00:00:00+09:00,934.3452159304294,977.4688412810646,922.8455825035933,968.8441162109375,11476000,0.0,0.0
2013-03-28 00:00:00+09:00,954.46972583154,963.0944522697768,928.5955465168296,960.2195434570312,7432000,0.0,0.0
2013-03-29 00:00:00+09:00,973.156462372706,983.218641451892,922.8455669767759,947.2822875976562,6310500,0.0,0.0
2013-04-01 00:00:00+09:00,934.3452614885036,955.9070752151614,876.8470915507495,884.0343627929688,7266500,0.0,0.0
2013-04-02 00:00:00+09:00,855.2853717918167,963.0944522697768,842.3482821344616,960.2195434570312,15645000,0.0,0.0
2013-04-03 00:00:00+09:00,951.5943116720772,967.4063017451781,927.1575997409211,944.4070434570312,9602000,0.0,0.0
2013-04-04 00:00:00+09:00,930.0327290881642,1016.2799682617188,914.2207352396791,1016.2799682617188,14193500,0.0,0.0
2013-04-05 00:00:00+09:00,1167.2126416414453,1231.8980712890625,1132.713745829383,1231.8980712890625,20361500,0.0,0.0
2013-04-08 00:00:00+09:00,1339.707307811714,1436.0167387380925,1313.8331323389557,1428.8294677734375,30707000,0.0,0.0
2013-04-09 00:00:00+09:00,1433.1417166867673,1434.5791707656908,1348.3319260302785,1364.1439208984375,20111000,0.0,0.0
2013-04-10 00:00:00+09:00,1344.0195626432153,1427.3918991494256,1325.3326596332029,1352.644287109375,17285500,0.0,0.0
2013-04-11 00:00:00+09:00,1387.1431495575182,1395.7678738034717,1254.8973777862316,1321.020263671875,18937000,0.0,0.0
2013-04-12 00:00:00+09:00,1333.957238985923,1395.7677576027274,1316.7077919300705,1378.518310546875,18509500,0.0,0.0
2013-04-15 00:00:00+09:00,1349.7694073281334,1371.3312189467938,1322.4577792778305,1326.7701416015625,12062000,0.0,0.0
2013-04-16 00:00:00+09:00,1282.2089500549123,1368.4561888478436,1277.8965881152656,1349.769287109375,13997500,0.0,0.0
2013-04-17 00:00:00+09:00,1356.956617647059,1377.080974264706,1338.2697150735294,1344.01953125,7252000,0.0,0.0
2013-04-18 00:00:00+09:00,1354.0817855274702,1388.5806845218008,1321.0203406579035,1331.08251953125,11400000,0.0,0.0
2013-04-19 00:00:00+09:00,1341.1447760179135,1398.6429443359375,1322.4578713145556,1398.6429443359375,12549000,0.0,0.0
2013-04-22 00:00:00+09:00,1420.2046800805315,1425.954496599076,1388.5806892285357,1400.080322265625,11826000,0.0,0.0
2013-04-23 00:00:00+09:00,1378.5183147835885,1387.1430383380218,1319.5827038282944,1325.33251953125,11863000,0.0,0.0
2013-04-24 00:00:00+09:00,1345.4571220681757,1348.3320304486633,1285.084046077937,1313.8331298828125,9381500,0.0,0.0
2013-04-25 00:00:00+09:00,1313.8330819609464,1313.8330819609464,1264.9596412753094,1277.896728515625,9920000,0.0,0.0
2013-04-26 00:00:00+09:00,1264.959656037896,1310.9581889847284,1262.0847477287189,1270.70947265625,7789500,0.0,0.0
2013-04-30 00:00:00+09:00,1259.2095290172379,1318.1451348274054,1259.2095290172379,1295.1458740234375,5972500,0.0,0.0
2013-05-01 00:00:00+09:00,1306.6459352609202,1355.519380584211,1286.521575421918,1300.8961181640625,12141500,0.0,0.0
2013-05-02 00:00:00+09:00,1300.8957024982997,1319.582602092198,1267.834264755249,1287.9586181640625,5313000,0.0,0.0
2013-05-07 00:00:00+09:00,1333.957199441604,1342.5819227138556,1318.145206775809,1335.3946533203125,7721500,0.0,0.0
2013-05-08 00:00:00+09:00,1326.7702950999221,1331.0826579225654,1293.7088467929902,1300.8961181640625,5824000,0.0,0.0
2013-05-09 00:00:00+09:00,1295.146270785899,1329.6451725604404,1279.3342741392346,1292.2713623046875,6197000,0.0,0.0
2013-05-10 00:00:00+09:00,1313.8328669517407,1321.0201364646057,1290.8336045105723,1298.0208740234375,5277500,0.0,0.0
2013-05-13 00:00:00+09:00,1254.897230297739,1319.5826545398907,1128.4012895575318,1247.7099609375,13928000,0.0,0.0
2013-05-14 00:00:00+09:00,1234.77294921875,1273.5842060626455,1210.3362319466676,1234.77294921875,7452000,0.0,0.0
2013-05-15 00:00:00+09:00,1250.58501983856,1262.0846522048914,1198.8366741900677,1233.3355712890625,10324500,0.0,0.0
2013-05-16 00:00:00+09:00,1234.7731030301404,1339.7072549756585,1200.274203760381,1254.8974609375,11724500,0.0,0.0
2013-05-17 00:00:00+09:00,1276.4591898007684,1342.5820757589165,1254.897379162242,1332.5198974609375,11684000,0.0,0.0
2013-05-20 00:00:00+09:00,1332.5200343559816,1341.1447594974443,1285.084046077937,1313.8331298828125,5491500,0.0,0.0
2013-05-21 00:00:00+09:00,1318.1453365071613,1319.5827905273436,1286.521348063151,1293.7086181640625,4841500,0.0,0.0
2013-05-22 00:00:00+09:00,1285.0839851869976,1339.7072418280557,1249.14763213367,1296.5836181640625,8874000,0.0,0.0
2013-05-23 00:00:00+09:00,1277.8967184078922,1293.708713798766,1109.7145856140526,1128.4014892578125,15407500,0.0,0.0
2013-05-24 00:00:00+09:00,1214.6484982314987,1216.0859520755596,1095.3398291744402,1155.712890625,10136500,0.0,0.0
2013-05-27 00:00:00+09:00,1109.7147610811892,1208.8991114887046,1108.277306727457,1180.1500244140625,8288500,0.0,0.0
2013-05-28 00:00:00+09:00,1158.5876968102953,1184.4618637365797,1106.8393629577263,1171.5247802734375,9226000,0.0,0.0
2013-05-29 00:00:00+09:00,1181.587463826597,1198.8369158532626,1129.8391077466001,1175.837646484375,11114000,0.0,0.0
2013-05-30 00:00:00+09:00,1139.900907378414,1147.0881766557054,1059.4034914727504,1072.340576171875,13535500,0.0,0.0
2013-05-31 00:00:00+09:00,1108.2768462823362,1160.0251815173092,1079.5277711517956,1126.9637451171875,29023000,0.0,0.0
2013-06-03 00:00:00+09:00,1083.8401736697635,1115.4641575168919,1033.5292902766048,1063.7158203125,11401000,0.0,0.0
2013-06-04 00:00:00+09:00,1057.9663224414303,1185.8997500192663,1050.7790512291924,1165.775390625,13813000,0.0,0.0
2013-06-05 00:00:00+09:00,1177.2747807515195,1208.8987675360538,1079.5279125084141,1101.0897216796875,10363500,0.0,0.0
2013-06-06 00:00:00+09:00,1091.0278802687124,1138.463875063004,1066.5911556777135,1069.466064453125,12360500,0.0,0.0
2013-06-07 00:00:00+09:00,1047.9041431625735,1162.9004826042826,1046.466688919552,1131.2764892578125,17111000,0.0,0.0
2013-06-10 00:00:00+09:00,1194.5243221784528,1206.0239546422647,1162.9003329029704,1191.6494140625,7825000,0.0,0.0
2013-06-11 00:00:00+09:00,1172.9624568726206,1198.836628715399,1124.0890211695948,1132.7137451171875,7916000,0.0,0.0
2013-06-12 00:00:00+09:00,1096.7773004705257,1109.7143852729303,1056.528592196378,1106.8394775390625,7113500,0.0,0.0
2013-06-13 00:00:00+09:00,1078.090365307719,1092.4649035118218,1030.6543892341795,1033.529296875,6513500,0.0,0.0
2013-06-14 00:00:00+09:00,1076.6531210845371,1101.0898407887257,1046.4665849793632,1066.5909423828125,7729500,0.0,0.0
2013-06-17 00:00:00+09:00,1045.0288297658367,1063.7157276846206,1011.9673949864498,1060.8408203125,6396000,0.0,0.0
2013-06-18 00:00:00+09:00,1075.2154952100739,1124.0889268105318,1068.0282258570653,1118.339111328125,4648000,0.0,0.0
2013-06-19 00:00:00+09:00,1131.27609872818,1142.7757287025452,1083.8401250839233,1103.9644775390625,4064000,0.0,0.0
2013-06-20 00:00:00+09:00,1070.9031607600168,1075.2155224811981,1034.9668130835062,1039.2791748046875,5548500,0.0,0.0
2013-06-21 00:00:00+09:00,1007.6551281076147,1059.4034656423853,967.4064211361265,1033.529296875,8516000,0.0,0.0
2013-06-24 00:00:00+09:00,1036.4046337207712,1063.7162676190997,1024.9049983951595,1027.7799072265625,4565500,0.0,0.0
2013-06-25 00:00:00+09:00,1034.9671027365696,1045.0292829020639,996.1558363839482,1023.4674682617188,6133500,0.0,0.0
2013-06-26 00:00:00+09:00,1049.341335720486,1063.7158745659722,1026.3420735677084,1034.966796875,7153000,0.0,0.0
2013-06-27 00:00:00+09:00,1045.0292346765307,1132.713943500834,1029.2172380032957,1131.2764892578125,8804500,0.0,0.0
2013-06-28 00:00:00+09:00,1149.9631128934625,1206.0238146470188,1149.9631128934625,1187.3369140625,7518500,0.0,0.0
2013-07-01 00:00:00+09:00,1200.2738667102763,1210.3360428383864,1165.7749771281844,1206.023681640625,4027500,0.0,0.0
2013-07-02 00:00:00+09:00,1216.0863626317118,1250.5852665361576,1210.3365453143042,1244.83544921875,4965000,0.0,0.0
2013-07-03 00:00:00+09:00,1250.5848686815957,1259.2095919138826,1221.8357912406395,1247.7099609375,5104500,0.0,0.0
2013-07-04 00:00:00+09:00,1236.2107062958005,1285.0841528237738,1236.2107062958005,1275.02197265625,4512000,0.0,0.0
2013-07-05 00:00:00+09:00,1282.209137166794,1290.8338623046875,1253.4600533738167,1290.8338623046875,3625500,0.0,0.0
2013-07-08 00:00:00+09:00,1308.083248616351,1322.4577898099374,1253.4599920807234,1262.084716796875,4665500,0.0,0.0
2013-07-09 00:00:00+09:00,1290.8340608560654,1302.3336961420882,1266.397335873267,1289.3966064453125,3801500,0.0,0.0
2013-07-10 00:00:00+09:00,1285.0837949844465,1290.8336106219608,1243.3976316124676,1256.334716796875,3047000,0.0,0.0
2013-07-11 00:00:00+09:00,1233.335636010906,1292.2712549811242,1230.4607277684563,1285.083984375,4424000,0.0,0.0
2013-07-12 00:00:00+09:00,1285.0837038907139,1290.83351912065,1252.0222663185814,1264.9593505859375,3815000,0.0,0.0
2013-07-16 00:00:00+09:00,1277.896530459972,1289.3961617801965,1266.3968991397471,1279.333984375,3706500,0.0,0.0
2013-07-17 00:00:00+09:00,1267.8342582009057,1275.0215272383257,1253.4597201260653,1264.9593505859375,2390000,0.0,0.0
2013-07-18 00:00:00+09:00,1269.2720641045912,1270.7095183108254,1243.3978883923799,1260.6473388671875,4082000,0.0,0.0
2013-07-19 00:00:00+09:00,1264.959732284458,1287.9590001441754,1223.2735592887202,1246.2728271484375,5751000,0.0,0.0
2013-07-22 00:00:00+09:00,1253.4597846745376,1285.0837700677023,1241.9601536224775,1282.2088623046875,3208500,0.0,0.0
2013-07-23 00:00:00+09:00,1276.4590467786575,1302.3332166457924,1267.8343234896124,1282.2088623046875,2566500,0.0,0.0
2013-07-24 00:00:00+09:00,1276.45947265625,1283.646744461747,1262.084929045256,1276.45947265625,2089000,0.0,0.0
2013-07-25 00:00:00+09:00,1273.5842225678834,1283.6464003985552,1236.210419196817,1239.0853271484375,3948500,0.0,0.0
2013-07-26 00:00:00+09:00,1214.6485379937199,1217.5234457759534,1181.5870984980327,1187.3369140625,5637000,0.0,0.0
2013-07-29 00:00:00+09:00,1160.025648793265,1197.399461517707,1157.150740122154,1175.837646484375,5378000,0.0,0.0
2013-07-30 00:00:00+09:00,1175.8375400192278,1224.7109830029121,1162.9004521706056,1203.149169921875,5766500,0.0,0.0
2013-07-31 00:00:00+09:00,1184.4618637365797,1194.5240397634682,1162.9000579646759,1171.5247802734375,2944000,0.0,0.0
2013-08-01 00:00:00+09:00,1193.087020222841,1246.2728271484375,1193.087020222841,1246.2728271484375,3548500,0.0,0.0
2013-08-02 00:00:00+09:00,1267.8345955349753,1302.33349609375,1260.6473245852305,1302.33349609375,4782000,0.0,0.0
2013-08-05 00:00:00+09:00,1285.0837105342318,1305.2080639430453,1280.7713490894862,1287.9586181640625,1780500,0.0,0.0
2013-08-06 00:00:00+09:00,1293.7085761398566,1315.2703857421875,1263.5220426965932,1315.2703857421875,2191500,0.0,0.0
2013-08-07 00:00:00+09:00,1280.7714332563107,1286.521248893825,1253.4598089781177,1256.334716796875,1989500,0.0,0.0
2013-08-08 00:00:00+09:00,1224.7109063331118,1250.585080410572,1201.7116404864805,1216.086181640625,5998000,0.0,0.0
2013-08-09 00:00:00+09:00,1207.4613131009614,1217.5234907101362,1167.212602664263,1177.2747802734375,4074500,0.0,0.0
2013-08-12 00:00:00+09:00,1142.7758464160527,1151.4005697852306,1119.7765840982454,1134.151123046875,3572000,0.0,0.0
2013-08-13 00:00:00+09:00,1149.9634962815503,1198.8369448735164,1147.0885875408464,1195.9620361328125,2989500,0.0,0.0
2013-08-14 00:00:00+09:00,1210.3361253224714,1233.3353866112595,1191.649225525331,1227.5855712890625,2814500,0.0,0.0
2013-08-15 00:00:00+09:00,1197.3994916897375,1217.5238528946072,1177.275130484868,1184.46240234375,3084000,0.0,0.0
2013-08-16 00:00:00+09:00,1165.7752876011193,1234.7730851410129,1164.3378334857048,1216.086181640625,3657000,0.0,0.0
2013-08-19 00:00:00+09:00,1204.5866241272774,1214.6488035650948,1168.6502689922154,1203.149169921875,2958500,0.0,0.0
2013-08-20 00:00:00+09:00,1181.5875057342637,1247.7104075150135,1178.7125969611877,1211.7740478515625,3498000,0.0,0.0
2013-08-21 00:00:00+09:00,1207.4611520653948,1227.585504599818,1181.5869845211364,1210.3360595703125,3606000,0.0,0.0
2013-08-22 00:00:00+09:00,1193.0869461561033,1240.5229331719484,1185.899675396127,1224.7109375,3742000,0.0,0.0
2013-08-23 00:00:00+09:00,1266.3971101924844,1289.3963766659006,1256.3349311103648,1270.70947265625,4213500,0.0,0.0
2013-08-26 00:00:00+09:00,1270.7093205505785,1296.5834922359975,1263.5220506379621,1273.584228515625,2685000,0.0,0.0
2013-08-27 00:00:00+09:00,1252.0222526406342,1263.5218829748765,1210.3360926790058,1218.9608154296875,4446500,0.0,0.0
2013-08-28 00:00:00+09:00,1175.8370870569454,1214.6483356517344,1174.3996334052865,1188.774169921875,5759000,0.0,0.0
2013-08-29 00:00:00+09:00,1198.8365801130021,1211.7736655099052,1172.9624093191965,1207.4613037109375,4465500,0.0,0.0
2013-08-30 00:00:00+09:00,1223.2731264316708,1243.397478687891,1201.7113204428636,1206.023681640625,2758000,0.0,0.0
2013-09-02 00:00:00+09:00,1214.64868784759,1275.0217587228549,1208.8988715737553,1272.1468505859375,4471500,0.0,0.0
2013-09-03 00:00:00+09:00,1290.8338623046875,1306.645858390825,1254.8975075634655,1290.8338623046875,4408000,0.0,0.0
2013-09-04 00:00:00+09:00,1287.9588665140086,1339.7072138293036,1279.3341419614594,1333.9573974609375,5197500,0.0,0.0
2013-09-05 00:00:00+09:00,1352.6440465826736,1355.5189542268452,1305.2080704538446,1310.9578857421875,4258000,0.0,0.0
2013-09-06 00:00:00+09:00,1309.5209229615357,1310.9583773226352,1254.8976572397594,1276.45947265625,3777500,0.0,0.0
2013-09-09 00:00:00+09:00,1384.2681826265475,1388.5805445661942,1333.957293330671,1349.769287109375,5725000,0.0,0.0
2013-09-10 00:00:00+09:00,1365.5813147113556,1384.2682169126688,1346.8944125100422,1369.8936767578125,3459500,0.0,0.0
2013-09-11 00:00:00+09:00,1372.7683931046104,1377.080754548918,1335.3945939206105,1341.1444091796875,3056500,0.0,0.0
2013-09-12 00:00:00+09:00,1331.0823794505636,1333.957287397541,1287.9587602459017,1315.2703857421875,2883000,0.0,0.0
2013-09-13 00:00:00+09:00,1318.1455078125,1339.7073209173936,1306.6458741565568,1318.1455078125,2639000,0.0,0.0
2013-09-17 00:00:00+09:00,1323.894970140959,1332.5196930734735,1309.5204319201016,1310.9578857421875,1336000,0.0,0.0
2013-09-18 00:00:00+09:00,1325.3326272480952,1338.269713631211,1315.2704489501161,1332.5198974609375,2207500,0.0,0.0
2013-09-19 00:00:00+09:00,1365.5813320049112,1385.7056884765625,1356.956607802775,1385.7056884765625,3932000,0.0,0.0
2013-09-20 00:00:00+09:00,1381.3934162983142,1387.1432328073602,1362.7065126439145,1365.5814208984375,2436500,0.0,0.0
2013-09-24 00:00:00+09:00,1325.3324239630447,1331.0822392513876,1293.7084398771585,1310.9578857421875,3993000,0.0,0.0
2013-09-25 00:00:00+09:00,1303.7709500115272,1315.2705835287181,1289.3964081150386,1290.8338623046875,2011000,0.0,0.0
2013-09-26 00:00:00+09:00,1299.4583920338114,1316.7078397156763,1280.7714903784579,1315.2703857421875,1790000,0.0,0.0
2013-09-27 00:00:00+09:00,1306.6454487160288,1325.3323473225287,1302.3330874991443,1312.395263671875,1468500,0.0,0.0
2013-09-30 00:00:00+09:00,1282.209137166794,1315.2705835287181,1280.7716829771452,1290.8338623046875,1546000,0.0,0.0
2013-10-01 00:00:00+09:00,1283.6463349977073,1310.9579591465947,1283.6463349977073,1298.0208740234375,2036500,0.0,0.0
2013-10-02 00:00:00+09:00,1298.0211482292707,1303.7709650542065,1253.4600678360177,1260.6473388671875,2587000,0.0,0.0
2013-10-03 00:00:00+09:00,1253.45986690654,1263.5220447372117,1239.0853271484375,1239.0853271484375,1679000,0.0,0.0
2013-10-04 00:00:00+09:00,1234.7729081561963,1263.5219863437678,1221.8358229717892,1256.334716796875,2236500,0.0,0.0
2013-10-07 00:00:00+09:00,1247.7098609834559,1252.022222254136,1218.9607858455881,1221.835693359375,1397500,0.0,0.0
2013-10-08 00:00:00+09:00,1193.0868883486148,1257.7723220542625,1191.649434266267,1241.9603271484375,1944000,0.0,0.0
2013-10-09 00:00:00+09:00,1221.8361045149993,1300.8960877483228,1207.4615621089404,1292.2713623046875,3803000,0.0,0.0
2013-10-10 00:00:00+09:00,1312.3954130491677,1316.7077747568867,1292.2710584131453,1298.0208740234375,1745500,0.0,0.0
2013-10-11 00:00:00+09:00,1319.5827953784496,1339.7071517349837,1309.5206172001826,1328.20751953125,3225500,0.0,0.0
2013-10-15 00:00:00+09:00,1336.8321671769427,1345.4568908361487,1316.7078119721284,1329.6448974609375,1920000,0.0,0.0
2013-10-16 00:00:00+09:00,1322.4577939899918,1335.3948811051114,1308.0832527509701,1319.5828857421875,1274500,0.0,0.0
2013-10-17 00:00:00+09:00,1335.3948811051114,1336.8323352290133,1310.9581609987745,1319.5828857421875,1274500,0.0,0.0
2013-10-18 00:00:00+09:00,1316.7079044117647,1351.2068014705883,1315.270450367647,1344.01953125,1869500,0.0,0.0
2013-10-21 00:00:00+09:00,1349.7693066049467,1381.3932946191203,1345.456944603014,1377.0809326171875,2753000,0.0,0.0
2013-10-22 00:00:00+09:00,1378.5184922988715,1378.5184922988715,1356.9566806362197,1361.26904296875,1518000,0.0,0.0
2013-10-23 00:00:00+09:00,1384.2682444852942,1394.3304227941178,1344.01953125,1344.01953125,3396500,0.0,0.0
2013-10-24 00:00:00+09:00,1333.9573974609375,1339.7072138293036,1308.0832238032901,1333.9573974609375,2490000,0.0,0.0
2013-10-25 00:00:00+09:00,1333.9574269812092,1351.206876468035,1319.5828857421875,1319.5828857421875,2108000,0.0,0.0
2013-10-28 00:00:00+09:00,1331.0824448529413,1344.01953125,1313.8329963235294,1344.01953125,1189000,0.0,0.0
2013-10-29 00:00:00+09:00,1331.0823376071069,1348.3317847467238,1326.7699758222027,1336.8321533203125,865000,0.0,0.0
2013-10-30 00:00:00+09:00,1346.8944853432158,1359.8315721821582,1336.832306690705,1345.45703125,1343500,0.0,0.0
2013-10-31 00:00:00+09:00,1348.3320461593512,1358.3942256083017,1315.2705993985142,1318.1455078125,2324000,0.0,0.0
2013-11-01 00:00:00+09:00,1331.0822392513876,1339.706962183902,1300.8957089875873,1310.9578857421875,1783000,0.0,0.0
2013-11-05 00:00:00+09:00,1331.0823163933865,1331.0823163933865,1303.7706921909305,1309.5205078125,1195000,0.0,0.0
2013-11-06 00:00:00+09:00,1310.9580238217213,1325.3325635566086,1303.7707539542776,1315.2703857421875,1027500,0.0,0.0
2013-11-07 00:00:00+09:00,1336.8323352290133,1341.1446976007198,1318.1454316182853,1319.5828857421875,1438500,0.0,0.0
2013-11-08 00:00:00+09:00,1298.0207816239335,1319.5825886276534,1285.0836974217016,1295.1458740234375,1622000,0.0,0.0
2013-11-11 00:00:00+09:00,1306.6458730216882,1306.6458730216882,1216.086258059789,1226.1484375,3717000,0.0,0.0
2013-11-12 00:00:00+09:00,1229.0230866999325,1300.8957818285835,1229.0230866999325,1298.0208740234375,3339500,0.0,0.0
2013-11-13 00:00:00+09:00,1299.4584544818636,1349.7693459717586,1298.021000439295,1332.5198974609375,3558000,0.0,0.0
2013-11-14 00:00:00+09:00,1344.019668933957,1371.3312985700481,1339.7073063598375,1359.8316650390625,2675500,0.0,0.0
2013-11-15 00:00:00+09:00,1374.205953525641,1407.2673938301282,1367.018683894231,1401.517578125,3522000,0.0,0.0
2013-11-18 00:00:00+09:00,1423.079345703125,1483.4524088541666,1405.8298990885417,1423.079345703125,6056000,0.0,0.0
2013-11-19 00:00:00+09:00,1417.3297875051978,1454.7035952893104,1388.5807045943418,1404.3927001953125,5318500,0.0,0.0
2013-11-20 00:00:00+09:00,1410.1425778720045,1418.767303118928,1378.5185852999514,1387.143310546875,1880500,0.0,0.0
2013-11-21 00:00:00+09:00,1401.5177931310188,1433.1417843606419,1384.2683433694062,1427.3919677734375,3719000,0.0,0.0
2013-11-22 00:00:00+09:00,1448.9536907327586,1516.5140314712899,1441.7664204414255,1459.015869140625,10873000,0.0,0.0
2013-11-25 00:00:00+09:00,1446.0788147150602,1505.0144324121948,1437.454090174016,1479.1402587890625,7073500,0.0,0.0
2013-11-26 00:00:00+09:00,1456.141020663595,1480.577740654988,1437.454117140765,1441.7664794921875,3036500,0.0,0.0
2013-11-27 00:00:00+09:00,1434.5791798899463,1480.5777107080607,1434.5791798899463,1456.1409912109375,4306000,0.0,0.0
2013-11-28 00:00:00+09:00,1479.139951886433,1490.6395822217987,1456.1406912157013,1473.39013671875,1999500,0.0,0.0
2013-11-29 00:00:00+09:00,1463.3283382611785,1469.078154914464,1441.7665258113575,1454.70361328125,2333500,0.0,0.0
2013-12-02 00:00:00+09:00,1464.7655276852054,1464.7655276852054,1433.1415418078016,1438.891357421875,1903500,0.0,0.0
2013-12-03 00:00:00+09:00,1456.1409596932797,1456.1409596932797,1428.8293326111748,1447.5162353515625,2266000,0.0,0.0
2013-12-04 00:00:00+09:00,1423.0796507551029,1438.8916468746038,1404.3927462502377,1417.329833984375,2329000,0.0,0.0
2013-12-05 00:00:00+09:00,1431.704300672202,1479.1402865378473,1428.8293924379204,1441.7664794921875,5392500,0.0,0.0
2013-12-06 00:00:00+09:00,1444.6410337765374,1453.265756366248,1420.2043197723572,1434.578857421875,2183500,0.0,0.0
2013-12-09 00:00:00+09:00,1464.7654731593568,1479.1400116594484,1454.7032962092924,1467.640380859375,2248000,0.0,0.0
2013-12-10 00:00:00+09:00,1456.1409623340894,1480.5776813466061,1456.1409623340894,1470.5155029296875,2071500,0.0,0.0
2013-12-11 00:00:00+09:00,1456.1409596932797,1463.3282299780442,1430.2667866681277,1447.5162353515625,1404000,0.0,0.0
2013-12-12 00:00:00+09:00,1438.8913490608948,1486.3273276013638,1433.1415334802318,1469.077880859375,3794500,0.0,0.0
2013-12-13 00:00:00+09:00,1483.452506479736,1549.5753895204996,1482.015052500589,1525.138671875,7211000,0.0,0.0
2013-12-16 00:00:00+09:00,1516.5142834014453,1517.9517376985084,1483.4528345689966,1493.5150146484375,2647000,0.0,0.0
2013-12-17 00:00:00+09:00,1497.8272697883413,1510.7643575312347,1448.9538272040766,1463.328369140625,2859000,0.0,0.0
2013-12-18 00:00:00+09:00,1456.1412599039484,1525.139068862872,1446.079079430772,1522.26416015625,3100000,0.0,0.0
2013-12-19 00:00:00+09:00,1608.511246024613,1635.8228757605089,1566.8250743224557,1624.3232421875,6351500,0.0,0.0
2013-12-20 00:00:00+09:00,1607.0737621641995,1644.4475705866228,1598.4490371436405,1638.69775390625,4665000,0.0,0.0
2013-12-24 00:00:00+09:00,1641.5727233886719,1653.0723571777344,1611.3861846923828,1621.4483642578125,2727000,0.0,0.0
2013-12-25 00:00:00+09:00,1617.135971417955,1638.6977843701943,1611.3861546306912,1635.8228759765625,1707000,0.0,0.0
2013-12-26 00:00:00+09:00,1644.4777356432628,1679.098319551542,1612.7422003940069,1666.1156005859375,1854000,8.0,0.0
2013-12-27 00:00:00+09:00,1673.3284831296278,1679.098581347316,1643.0354674867638,1656.0181884765625,1789000,0.0,0.0
2013-12-30 00:00:00+09:00,1666.115833439239,1692.081274999331,1634.380293754682,1684.86865234375,1955000,0.0,0.0
2014-01-06 00:00:00+09:00,1656.017810230524,1670.4430524799186,1617.0696561571579,1638.70751953125,2921000,0.0,0.0
2014-01-07 00:00:00+09:00,1619.9551534729828,1627.1677765961929,1579.5644639830064,1605.5299072265625,2965500,0.0,0.0
2014-01-08 00:00:00+09:00,1632.9377289220258,1647.3629738771674,1608.4148124982853,1643.035400390625,2259000,0.0,0.0
2014-01-09 00:00:00+09:00,1619.954867813726,1622.839916554267,1596.8744778893988,1608.4146728515625,2581000,0.0,0.0
2014-01-10 00:00:00+09:00,1578.121737832963,1611.2997999629065,1563.6964934286398,1602.6446533203125,3111000,0.0,0.0
2014-01-14 00:00:00+09:00,1546.38623046875,1569.4666219682836,1533.4035102502623,1546.38623046875,4721000,0.0,0.0
2014-01-15 00:00:00+09:00,1586.776703769721,1637.2650534351212,1583.8916552174123,1634.3800048828125,2849000,0.0,0.0
2014-01-16 00:00:00+09:00,1611.3000916235155,1632.9379621466603,1606.9725175188864,1617.0701904296875,2290500,0.0,0.0
2014-01-17 00:00:00+09:00,1650.24790529476,1681.9834419350439,1630.0525637963974,1651.6904296875,3964000,0.0,0.0
2014-01-20 00:00:00+09:00,1644.4776748158927,1647.3627233682012,1619.9547621212696,1634.3800048828125,1505500,0.0,0.0
2014-01-21 00:00:00+09:00,1648.8053420182405,1680.540877910105,1641.5927202246348,1654.575439453125,2006500,0.0,0.0
2014-01-22 00:00:00+09:00,1644.4776748158927,1658.9029175774356,1609.8570921881897,1634.3800048828125,1722000,0.0,0.0
2014-01-23 00:00:00+09:00,1644.4775917547213,1645.920115958015,1604.0869140625,1604.0869140625,1846000,0.0,0.0
2014-01-24 00:00:00+09:00,1557.926580255682,1586.777072482639,1553.5990064216383,1570.9093017578125,2343500,0.0,0.0
2014-01-27 00:00:00+09:00,1514.6503137230195,1546.3858441057876,1500.2250726399432,1520.42041015625,3211500,0.0,0.0
2014-01-28 00:00:00+09:00,1520.4207520462196,1536.2885208057153,1503.1104588540427,1513.2081298828125,2628500,0.0,0.0
2014-01-29 00:00:00+09:00,1542.0582717808647,1549.270892322403,1507.4376931814813,1520.42041015625,2854000,0.0,0.0
2014-01-30 00:00:00+09:00,1464.162144834696,1481.4724362021998,1407.9036978903086,1425.2139892578125,5945000,0.0,0.0
2014-01-31 00:00:00+09:00,1443.9671652253141,1454.0648377094071,1381.9386056801707,1399.2489013671875,4010000,0.0,0.0
2014-02-03 00:00:00+09:00,1370.3981681492019,1392.036033962084,1321.3523389733357,1327.1224365234375,5071000,0.0,0.0
2014-02-04 00:00:00+09:00,1263.6509857177734,1295.3865127563477,1236.2430305480957,1246.3406982421875,7727000,0.0,0.0
2014-02-05 00:00:00+09:00,1286.7315610450762,1295.3867060745274,1246.3408842409706,1278.076416015625,5910500,0.0,0.0
2014-02-06 00:00:00+09:00,1299.714501926178,1322.7948926374086,1270.8640135371395,1306.9271240234375,5669000,0.0,0.0
2014-02-07 00:00:00+09:00,1327.1223727593374,1328.5648970775542,1306.927032304304,1322.7947998046875,2559500,0.0,0.0
2014-02-10 00:00:00+09:00,1344.432861328125,1360.3006311506672,1322.7949933882946,1344.432861328125,1902000,0.0,0.0
2014-02-12 00:00:00+09:00,1358.858036862144,1374.7258058700884,1337.220170033129,1367.51318359375,3023000,0.0,0.0
2014-02-13 00:00:00+09:00,1283.846973555272,1296.8296957597634,1172.7725724724,1253.553955078125,12955000,0.0,0.0
2014-02-14 00:00:00+09:00,1240.57095142121,1250.668621956034,1194.410171833444,1220.3756103515625,6015500,0.0,0.0
2014-02-17 00:00:00+09:00,1226.145766297793,1263.6514015021962,1221.8181930049773,1252.1112060546875,3763000,0.0,0.0
2014-02-18 00:00:00+09:00,1249.2260572493344,1296.829359661838,1233.3582897785,1286.731689453125,4526500,0.0,0.0
2014-02-19 00:00:00+09:00,1270.8641119133936,1289.6169308179044,1254.9963420711151,1263.6514892578125,4146500,0.0,0.0
2014-02-20 00:00:00+09:00,1250.6685345451913,1275.1914469872538,1243.4559132387024,1244.8984375,3612500,0.0,0.0
2014-02-21 00:00:00+09:00,1257.8813371733756,1279.5192042119086,1247.783665888727,1276.6341552734375,3271500,0.0,0.0
2014-02-24 00:00:00+09:00,1276.6341113502942,1309.812173001206,1256.4387694758263,1270.864013671875,3426500,0.0,0.0
2014-02-25 00:00:00+09:00,1292.5017698798626,1292.5017698798626,1250.668565274376,1260.7662353515625,3196500,0.0,0.0
2014-02-26 00:00:00+09:00,1252.1107940673828,1265.0935096740723,1229.0304107666016,1246.3406982421875,4831500,0.0,0.0
2014-02-27 00:00:00+09:00,1231.9159131603533,1246.341158045135,1213.1630948101372,1230.473388671875,3158000,0.0,0.0
2014-02-28 00:00:00+09:00,1221.8181586831304,1223.2606830735472,1179.9849513610397,1191.525146484375,4974500,0.0,0.0
2014-03-03 00:00:00+09:00,1169.8872424139493,1198.7377292798915,1168.4447180706522,1194.41015625,3406000,0.0,0.0
2014-03-04 00:00:00+09:00,1194.410088354577,1256.4386315903823,1188.639991309386,1244.8984375,4346500,0.0,0.0
2014-03-05 00:00:00+09:00,1273.7490625110845,1293.9444043855526,1265.0939159934555,1270.864013671875,7897500,0.0,0.0
2014-03-06 00:00:00+09:00,1279.5191260424722,1291.0593210913332,1242.0134921336737,1282.4041748046875,4749000,0.0,0.0
2014-03-07 00:00:00+09:00,1298.2721416766826,1327.1226337139422,1288.1744694636418,1312.6973876953125,5053000,0.0,0.0
2014-03-10 00:00:00+09:00,1319.9099588074141,1324.2375324428483,1276.6342224530727,1289.616943359375,2638500,0.0,0.0
2014-03-11 00:00:00+09:00,1308.369613664625,1311.2546624268402,1275.1915528991492,1282.4041748046875,2382000,0.0,0.0
2014-03-12 00:00:00+09:00,1263.6515645298066,1267.979138380936,1242.0136952741593,1249.226318359375,3943500,0.0,0.0
2014-03-13 00:00:00+09:00,1253.553512108689,1253.553512108689,1229.030601054779,1231.9156494140625,1528500,0.0,0.0
2014-03-14 00:00:00+09:00,1178.5423501623682,1205.9503117940512,1174.214777273155,1197.295166015625,4664500,0.0,0.0
2014-03-17 00:00:00+09:00,1204.5078319668485,1242.0134650580317,1194.4101615192221,1203.0653076171875,5251000,0.0,0.0
2014-03-18 00:00:00+09:00,1224.7030998338455,1234.8007696793543,1192.9675660336752,1217.490478515625,3093000,0.0,0.0
2014-03-19 00:00:00+09:00,1223.2606287425149,1227.5882017215567,1185.754996257485,1204.5078125,2657500,0.0,0.0
2014-03-20 00:00:00+09:00,1201.6227300116357,1204.5077785830922,1152.576904296875,1152.576904296875,3164500,0.0,0.0
2014-03-24 00:00:00+09:00,1148.2493399378764,1205.9503117940512,1145.3642913450676,1197.295166015625,3208000,0.0,0.0
2014-03-25 00:00:00+09:00,1182.8700096815421,1188.6401072897447,1164.1171924548835,1172.7723388671875,2964000,0.0,0.0
2014-03-26 00:00:00+09:00,1164.1170520829335,1181.4273428202262,1148.2492855737485,1174.2147216796875,3698500,0.0,0.0
2014-03-27 00:00:00+09:00,1161.2321533203126,1194.41021484375,1151.134482421875,1190.0826416015625,2906000,0.0,0.0
2014-03-28 00:00:00+09:00,1187.1975831826148,1214.605546828386,1181.4274855729789,1208.83544921875,2725500,0.0,0.0
2014-03-31 00:00:00+09:00,1242.0135680117849,1279.5192042119086,1233.3584211963719,1276.6341552734375,4978000,0.0,0.0
2014-04-01 00:00:00+09:00,1283.8463828346946,1283.8463828346946,1259.3234743985263,1269.421142578125,2431500,0.0,0.0
2014-04-02 00:00:00+09:00,1256.4387168627106,1304.042020716292,1250.6686194259128,1283.8466796875,3280500,0.0,0.0
2014-04-03 00:00:00+09:00,1295.3868549316953,1308.3695739677592,1285.2891845703125,1285.2891845703125,3347500,0.0,0.0
2014-04-04 00:00:00+09:00,1298.2721575866901,1324.237600738424,1289.6170098694456,1302.5997314453125,3578500,0.0,0.0
2014-04-07 00:00:00+09:00,1280.961924176496,1288.1745476234357,1244.8988069417974,1253.553955078125,3233000,0.0,0.0
2014-04-08 00:00:00+09:00,1249.2262269499156,1257.8813740188527,1229.0308837890625,1229.0308837890625,2197000,0.0,0.0
2014-04-09 00:00:00+09:00,1204.507875712302,1214.6055465266568,1155.4620460425795,1172.7723388671875,4337000,0.0,0.0
2014-04-10 00:00:00+09:00,1197.295063536844,1203.065160228588,1156.9043866946374,1168.444580078125,2945000,0.0,0.0
2014-04-11 00:00:00+09:00,1146.8068511696858,1172.772289309377,1141.0367538053101,1158.3470458984375,3430000,0.0,0.0
2014-04-14 00:00:00+09:00,1148.2494237289816,1162.6746677456774,1133.8241797122857,1136.709228515625,1982000,0.0,0.0
2014-04-15 00:00:00+09:00,1155.461975332708,1159.7895482740291,1117.9563431745928,1123.7264404296875,2263500,0.0,0.0
2014-04-16 00:00:00+09:00,1148.2493909866016,1184.3125,1138.15172046285,1184.3125,2933000,0.0,0.0
2014-04-17 00:00:00+09:00,1182.8699562091317,1200.1802482512167,1168.4447128407278,1185.7550048828125,2869000,0.0,0.0
2014-04-18 00:00:00+09:00,1191.525166015625,1204.5078857421875,1185.755068359375,1190.0826416015625,1291500,0.0,0.0
2014-04-21 00:00:00+09:00,1198.7376138324387,1201.622662241181,1171.3296539493865,1175.6572265625,1211000,0.0,0.0
2014-04-22 00:00:00+09:00,1182.8701526660636,1185.7552018189078,1164.1173331725774,1171.3299560546875,1820500,0.0,0.0
2014-04-23 00:00:00+09:00,1184.3124528364701,1208.8353659889915,1184.3124528364701,1205.9503173828125,2435500,0.0,0.0
2014-04-24 00:00:00+09:00,1218.9332035609652,1230.47339957101,1198.7378605433871,1211.7205810546875,2119000,0.0,0.0
2014-04-25 00:00:00+09:00,1197.295166015625,1211.7204089796687,1184.3124473479857,1197.295166015625,1745000,0.0,0.0
2014-04-28 00:00:00+09:00,1175.6572265625,1184.312371788727,1169.8871297450153,1175.6572265625,1442000,0.0,0.0
2014-04-30 00:00:00+09:00,1184.3123912764415,1185.7549155045492,1168.4446247672565,1174.2147216796875,1422500,0.0,0.0
2014-05-01 00:00:00+09:00,1182.8699476047905,1208.8353854790419,1178.5423746257484,1204.5078125,1384000,0.0,0.0
2014-05-02 00:00:00+09:00,1210.2778571974045,1233.3582454157101,1207.3928086701162,1217.490478515625,1647000,0.0,0.0
2014-05-07 00:00:00+09:00,1204.5079780733201,1223.2607968936234,1197.2953554501266,1210.278076171875,2214500,0.0,0.0
2014-05-08 00:00:00+09:00,1213.1629444403206,1234.8008090855108,1211.7204201306413,1214.60546875,2202000,0.0,0.0
2014-05-09 00:00:00+09:00,1208.8355406282094,1236.24350634651,1204.507967093741,1229.0308837890625,2062500,0.0,0.0
2014-05-12 00:00:00+09:00,1260.7663815859642,1282.4042485468217,1242.013563553221,1267.97900390625,3237000,0.0,0.0
2014-05-13 00:00:00+09:00,1279.51933753266,1308.3698299234754,1270.8641898154156,1302.5997314453125,3349000,0.0,0.0
2014-05-14 00:00:00+09:00,1304.0419014685792,1325.6797648779032,1301.1568530140028,1319.90966796875,2096500,0.0,0.0
2014-05-15 00:00:00+09:00,1319.9099014545309,1341.5477686914905,1315.582328007139,1338.6627197265625,2102500,0.0,0.0
2014-05-16 00:00:00+09:00,1317.0246195141735,1328.5648133324796,1302.599377241291,1319.90966796875,2185000,0.0,0.0
2014-05-19 00:00:00+09:00,1318.4676346833178,1324.2377337410128,1260.7666441063675,1266.5367431640625,2623500,0.0,0.0
2014-05-20 00:00:00+09:00,1269.421599727349,1317.0249097171247,1269.421599727349,1289.616943359375,2642000,0.0,0.0
2014-05-21 00:00:00+09:00,1282.4041358956315,1291.059281919674,1259.3237464981848,1285.2891845703125,1781500,0.0,0.0
2014-05-22 00:00:00+09:00,1304.042212701613,1306.927261844758,1275.1917212701615,1296.82958984375,2503000,0.0,0.0
2014-05-23 00:00:00+09:00,1309.812457329404,1319.9101304585954,1301.1573089329543,1304.0423583984375,2525500,0.0,0.0
2014-05-26 00:00:00+09:00,1317.0248939437952,1317.0248939437952,1280.9617807470866,1299.714599609375,2459500,0.0,0.0
2014-05-27 00:00:00+09:00,1302.5997743785315,1330.007743053163,1293.9446263760165,1308.369873046875,2528500,0.0,0.0
2014-05-28 00:00:00+09:00,1289.6168640070593,1341.5477444368737,1282.4042417251405,1331.4500732421875,3546000,0.0,0.0
2014-05-29 00:00:00+09:00,1325.6800578019427,1340.1053032622467,1319.909959617821,1334.335205078125,1965000,0.0,0.0
2014-05-30 00:00:00+09:00,1345.8752390049808,1353.0878608646,1319.9098003103509,1337.2200927734375,2322000,0.0,0.0
2014-06-02 00:00:00+09:00,1357.4157059770866,1409.3465937721717,1355.973181316112,1397.806396484375,2988500,0.0,0.0
2014-06-03 00:00:00+09:00,1418.001645956234,1449.7371863540336,1407.9039740114795,1413.674072265625,3377500,0.0,0.0
2014-06-04 00:00:00+09:00,1422.329072265625,1426.6566455078125,1393.478583984375,1406.4613037109375,1753000,0.0,0.0
2014-06-05 00:00:00+09:00,1416.5590245564779,1420.8865979512534,1367.5131927490236,1384.823486328125,2164500,0.0,0.0
2014-06-06 00:00:00+09:00,1394.921064634156,1407.9037839533985,1381.9383453149137,1400.691162109375,1477000,0.0,0.0
2014-06-09 00:00:00+09:00,1420.8866012373076,1439.6394193247036,1409.3464054912176,1429.541748046875,2132500,0.0,0.0
2014-06-10 00:00:00+09:00,1432.4267726689275,1439.6393948878044,1419.4440526749493,1422.3291015625,1918500,0.0,0.0
2014-06-11 00:00:00+09:00,1416.5590338059415,1422.329131703318,1396.3636911651236,1402.1337890625,2186500,0.0,0.0
2014-06-12 00:00:00+09:00,1392.0357598552366,1392.0357598552366,1379.0530429239443,1383.380615234375,1569500,0.0,0.0
2014-06-13 00:00:00+09:00,1361.7431334812109,1386.266050079919,1354.530510952179,1381.9384765625,2405000,0.0,0.0
2014-06-16 00:00:00+09:00,1371.840839972245,1392.0361835680508,1364.6282172594572,1370.3983154296875,1856000,0.0,0.0
2014-06-17 00:00:00+09:00,1367.5132738025309,1371.8408474538048,1334.3352091427648,1342.9903564453125,2076500,0.0,0.0
2014-06-18 00:00:00+09:00,1351.645527505467,1355.9731012328057,1330.0076588687732,1350.2030029296875,1821000,0.0,0.0
2014-06-19 00:00:00+09:00,1348.7604432186838,1371.8408358299125,1335.7777223748676,1361.7431640625,2574000,0.0,0.0
2014-06-20 00:00:00+09:00,1367.5132016782409,1407.9038869598767,1355.9730058834878,1402.1337890625,3319500,0.0,0.0
2014-06-23 00:00:00+09:00,1406.4612543768217,1420.8864980114558,1389.1509620152608,1392.0360107421875,2436000,0.0,0.0
2014-06-24 00:00:00+09:00,1370.3980325650766,1379.0531780339088,1345.8751204033858,1373.2830810546875,1778500,0.0,0.0
2014-06-25 00:00:00+09:00,1358.8579017199772,1387.70838795607,1358.8579017199772,1377.6107177734375,1657500,0.0,0.0
2014-06-26 00:00:00+09:00,1396.4228515625,1409.446484375,1384.8462890624999,1389.1875,1445000,6.0,0.0
2014-06-27 00:00:00+09:00,1396.4228515625,1400.7640625,1353.0107421875,1360.24609375,2355000,0.0,0.0
2014-06-30 00:00:00+09:00,1355.9044189453125,1360.2456283976453,1338.5395811359808,1355.9044189453125,1465500,0.0,0.0
2014-07-01 00:00:00+09:00,1358.7985886150718,1387.7399856036782,1357.3515187656415,1373.269287109375,1853000,0.0,0.0
2014-07-02 00:00:00+09:00,1390.6342711169964,1400.7637611251328,1355.9045910891007,1361.69287109375,1733000,0.0,0.0
2014-07-03 00:00:00+09:00,1368.928515625,1370.3755859374999,1353.0107421875,1360.24609375,1755000,0.0,0.0
2014-07-04 00:00:00+09:00,1376.1635711053732,1376.1635711053732,1354.4575210879382,1361.69287109375,1183000,0.0,0.0
2014-07-07 00:00:00+09:00,1358.7989494069143,1358.7989494069143,1342.8811768366525,1344.3282470703125,878500,0.0,0.0
2014-07-08 00:00:00+09:00,1344.328100111878,1347.2222402628186,1319.7279088288835,1341.4339599609375,1378500,0.0,0.0
2014-07-09 00:00:00+09:00,1337.0927991365131,1350.1164302969337,1328.4103783628993,1347.2222900390625,1506000,0.0,0.0
2014-07-10 00:00:00+09:00,1354.4577144246246,1370.3754867095292,1345.7752931783127,1348.66943359375,2101000,0.0,0.0
2014-07-11 00:00:00+09:00,1319.7278317096598,1328.4102516551181,1300.9159218278335,1318.28076171875,2567000,0.0,0.0
2014-07-14 00:00:00+09:00,1306.7043218549513,1315.3867425981737,1282.104129749155,1311.0455322265625,2499500,0.0,0.0
2014-07-15 00:00:00+09:00,1319.72805191808,1344.3282458683072,1318.2809816857134,1322.6221923828125,1714000,0.0,0.0
2014-07-16 00:00:00+09:00,1319.7281494140625,1334.1988528067607,1306.7045163606342,1319.7281494140625,1824500,0.0,0.0
2014-07-17 00:00:00+09:00,1312.4925974955217,1313.9396676140395,1269.0804939399918,1274.8687744140625,3544000,0.0,0.0
2014-07-18 00:00:00+09:00,1245.9273720437093,1282.104125006651,1241.5861616881564,1274.8687744140625,2068000,0.0,0.0
2014-07-22 00:00:00+09:00,1289.3394515784078,1296.5748020361991,1276.3158207543836,1279.2099609375,1042500,0.0,0.0
2014-07-23 00:00:00+09:00,1280.6570287918335,1282.1040988808638,1261.8451176344392,1264.7392578125,1026500,0.0,0.0
2014-07-24 00:00:00+09:00,1238.6921875,1260.3982421875,1234.3509765625,1251.7158203125,2519000,0.0,0.0
2014-07-25 00:00:00+09:00,1260.398000543768,1279.209910999645,1253.1626503684304,1273.421630859375,1824000,0.0,0.0
2014-07-28 00:00:00+09:00,1270.5277588169008,1280.6572511992679,1257.5041257538574,1269.0806884765625,1575500,0.0,0.0
2014-07-29 00:00:00+09:00,1271.9747314453125,1273.421801674488,1260.398169611908,1271.9747314453125,1397500,0.0,0.0
2014-07-30 00:00:00+09:00,1267.6335199178295,1271.9747306024794,1254.609887863879,1257.5040283203125,1750500,0.0,0.0
2014-07-31 00:00:00+09:00,1271.9746841259218,1299.4690174574264,1266.1864034245525,1287.8924560546875,2178500,0.0,0.0
2014-08-01 00:00:00+09:00,1274.8688244766065,1293.680736756057,1269.0805437752372,1287.8924560546875,1857000,0.0,0.0
2014-08-04 00:00:00+09:00,1279.2102545736047,1280.6573249973305,1267.6336911837984,1270.52783203125,1026000,0.0,0.0
2014-08-05 00:00:00+09:00,1263.2919853583915,1266.1861250728437,1238.6917977855478,1241.5859375,1563500,0.0,0.0
2014-08-06 00:00:00+09:00,1245.9275638801007,1260.3982672933423,1222.774438418914,1225.6685791015625,1875000,0.0,0.0
2014-08-07 00:00:00+09:00,1224.2214600185177,1228.5626708696473,1206.856616614,1227.1156005859375,1789000,0.0,0.0
2014-08-08 00:00:00+09:00,1216.9860827948958,1216.9860827948958,1188.044677734375,1188.044677734375,1624500,0.0,0.0
2014-08-11 00:00:00+09:00,1231.4568359375,1244.48046875,1218.4332031249999,1222.7744140625,1640500,0.0,0.0
2014-08-12 00:00:00+09:00,1222.774487653045,1235.7981212493498,1215.539135655098,1216.9862060546875,1320000,0.0,0.0
2014-08-13 00:00:00+09:00,1206.8564957045153,1230.0096179242662,1201.0682151495776,1219.880126953125,1976500,0.0,0.0
2014-08-14 00:00:00+09:00,1222.774487653045,1224.2215580526345,1206.8567132575618,1216.9862060546875,1585500,0.0,0.0
2014-08-15 00:00:00+09:00,1230.0097896991915,1251.7158448115301,1224.2215083359013,1247.3746337890625,1645500,0.0,0.0
2014-08-18 00:00:00+09:00,1302.363182162486,1319.7280245913191,1282.1041993288472,1283.55126953125,3926500,0.0,0.0
2014-08-19 00:00:00+09:00,1303.8104970778495,1316.8341313438877,1296.575144707828,1312.492919921875,2700500,0.0,0.0
2014-08-20 00:00:00+09:00,1311.0455312781805,1319.7279520151221,1303.8101806640625,1303.8101806640625,1391000,0.0,0.0
2014-08-21 00:00:00+09:00,1318.2808847219144,1331.3045158552811,1309.5984639663363,1325.5162353515625,2047000,0.0,0.0
2014-08-22 00:00:00+09:00,1334.1984844644562,1342.8809041030536,1321.1748550065602,1326.963134765625,1875000,0.0,0.0
2014-08-25 00:00:00+09:00,1328.4102047053914,1332.75141452469,1308.1512255486641,1326.963134765625,1552000,0.0,0.0
2014-08-26 00:00:00+09:00,1329.8574932288068,1334.1987037616539,1309.5985107421875,1309.5985107421875,1471000,0.0,0.0
2014-08-27 00:00:00+09:00,1311.0455569632777,1321.1750480214928,1306.704346509757,1313.939697265625,1326500,0.0,0.0
2014-08-28 00:00:00+09:00,1308.1514646272174,1309.598534831451,1299.4690434018153,1305.25732421875,874500,0.0,0.0
2014-08-29 00:00:00+09:00,1296.5748771067417,1302.363157808111,1274.8688244766065,1287.8924560546875,1675000,0.0,0.0
2014-09-01 00:00:00+09:00,1295.1277845008824,1315.3867666048068,1293.680714350602,1306.704345703125,1058000,0.0,0.0
2014-09-02 00:00:00+09:00,1315.3866495812313,1344.3280500120616,1309.5983694950653,1335.6456298828125,2569500,0.0,0.0
2014-09-03 00:00:00+09:00,1347.2224609375,1373.2697265625,1338.5400390625,1353.0107421875,2964000,0.0,0.0
2014-09-04 00:00:00+09:00,1361.6932376959385,1367.4815192589392,1348.6696041791868,1354.4578857421875,1817000,0.0,0.0
2014-09-05 00:00:00+09:00,1367.481346294092,1367.481346294092,1338.5399421397196,1348.66943359375,1673500,0.0,0.0
2014-09-08 00:00:00+09:00,1351.5634030324725,1360.2458231804326,1344.3280529091724,1350.1163330078125,939000,0.0,0.0
2014-09-09 00:00:00+09:00,1354.4576883067255,1357.3518286663552,1328.4104250700577,1331.3045654296875,1393000,0.0,0.0
2014-09-10 00:00:00+09:00,1321.1753427659007,1322.622413239905,1293.6810037598195,1312.492919921875,2855000,0.0,0.0
2014-09-11 00:00:00+09:00,1326.9634030799114,1335.6458244741093,1319.72805191808,1322.6221923828125,1690500,0.0,0.0
2014-09-12 00:00:00+09:00,1315.386938396253,1328.4105714496814,1305.2574460213646,1319.7281494140625,2361000,0.0,0.0
2014-09-16 00:00:00+09:00,1311.0454799498143,1313.9396200821539,1286.4452888249282,1290.7864990234375,1768000,0.0,0.0
2014-09-17 00:00:00+09:00,1289.3396732412969,1290.786743581635,1261.8453367748718,1269.0806884765625,2029000,0.0,0.0
2014-09-18 00:00:00+09:00,1280.6571536498611,1296.5749261811025,1277.7630131896356,1286.4454345703125,1457000,0.0,0.0
2014-09-19 00:00:00+09:00,1292.233617780452,1300.916038504621,1282.1041269355885,1289.3394775390625,1577500,0.0,0.0
2014-09-22 00:00:00+09:00,1284.9982652436863,1293.6806859547921,1267.6334238214743,1274.8687744140625,1342000,0.0,0.0
2014-09-24 00:00:00+09:00,1271.9745342870758,1274.8686742968302,1257.5038342383036,1263.2921142578125,1590500,0.0,0.0
2014-09-25 00:00:00+09:00,1271.9746834447828,1280.6571044921875,1264.7393325719456,1280.6571044921875,1436500,0.0,0.0
2014-09-26 00:00:00+09:00,1276.3157983617398,1293.680639155777,1270.5275180970607,1290.7864990234375,1688500,0.0,0.0
2014-09-29 00:00:00+09:00,1303.8102279834534,1305.2572981587957,1283.5512455286605,1287.8924560546875,1171500,0.0,0.0
2014-09-30 00:00:00+09:00,1283.55126953125,1286.4454099360555,1267.6334973048197,1283.55126953125,1261000,0.0,0.0
2014-10-01 00:00:00+09:00,1287.892528516517,1290.786669030037,1267.633544921875,1267.633544921875,1463000,0.0,0.0
2014-10-02 00:00:00+09:00,1263.292432436427,1276.3160657605138,1240.139306526939,1243.033447265625,3051000,0.0,0.0
2014-10-03 00:00:00+09:00,1241.5862049057903,1253.1627662568933,1218.4330822035845,1230.0096435546875,2063500,0.0,0.0
2014-10-06 00:00:00+09:00,1241.5861548024711,1244.480295023456,1216.9859629241005,1224.2213134765625,1931500,0.0,0.0
2014-10-07 00:00:00+09:00,1216.9858632963994,1228.5624232326315,1211.1975833282834,1212.6446533203125,1736000,0.0,0.0
2014-10-08 00:00:00+09:00,1192.3857185705108,1199.6210688045553,1182.2562282428487,1196.7269287109375,1667500,0.0,0.0
2014-10-09 00:00:00+09:00,1201.0682846931627,1215.5389869183816,1176.4680909102906,1177.9151611328125,2453000,0.0,0.0
2014-10-10 00:00:00+09:00,1156.2090600136598,1186.5975334307898,1147.526639037337,1179.3621826171875,2667000,0.0,0.0
2014-10-14 00:00:00+09:00,1151.867697468869,1156.2089073839527,1134.5028578085341,1140.2911376953125,2338000,0.0,0.0
2014-10-15 00:00:00+09:00,1141.73830609617,1153.3148668677406,1134.5029556139382,1144.6324462890625,1395500,0.0,0.0
2014-10-16 00:00:00+09:00,1118.5851552340703,1120.0322252925878,1104.1144546488947,1112.796875,1753500,0.0,0.0
2014-10-17 00:00:00+09:00,1108.4557363409745,1122.9264378597861,1095.432104974044,1099.7733154296875,1743500,0.0,0.0
2014-10-20 00:00:00+09:00,1133.0558876294767,1164.891429810637,1131.608817530333,1159.1031494140625,2244000,0.0,0.0
2014-10-21 00:00:00+09:00,1160.5503906249999,1167.7857421874999,1137.397265625,1143.185546875,1905000,0.0,0.0
2014-10-22 00:00:00+09:00,1172.1270267306722,1188.0448011677554,1153.3151114868467,1166.3387451171875,2205000,0.0,0.0
2014-10-23 00:00:00+09:00,1153.3148690174878,1169.232640108068,1146.0795185217696,1159.1031494140625,1217000,0.0,0.0
2014-10-24 00:00:00+09:00,1173.5739004573466,1177.915110939926,1163.4444093313275,1164.8914794921875,1376500,0.0,0.0
2014-10-27 00:00:00+09:00,1175.0212881050857,1186.597852519914,1166.3388647939644,1180.8095703125,1376000,0.0,0.0
2014-10-28 00:00:00+09:00,1173.5738039815367,1186.5974343586438,1163.4443136882312,1175.0208740234375,1090000,0.0,0.0
2014-10-29 00:00:00+09:00,1182.2565661991005,1201.0684821851326,1170.6800025153884,1193.8331298828125,1566500,0.0,0.0
2014-10-30 00:00:00+09:00,1201.0682387579054,1216.9860105968658,1201.0682387579054,1215.5389404296875,1410500,0.0,0.0
2014-10-31 00:00:00+09:00,1218.4330943597056,1386.2932356254132,1218.4330943597056,1367.4813232421875,6946000,0.0,0.0
2014-11-04 00:00:00+09:00,1432.5994128715702,1445.6230438976754,1400.7638703633131,1423.9169921875,9266500,0.0,0.0
2014-11-05 00:00:00+09:00,1403.6580548057475,1415.2346160824961,1376.1637217734701,1386.293212890625,4131000,0.0,0.0
2014-11-06 00:00:00+09:00,1386.2933850204736,1390.634596038283,1309.598657039174,1319.7281494140625,6080500,0.0,0.0
2014-11-07 00:00:00+09:00,1339.9868115823958,1345.7750915460347,1313.939551746021,1318.28076171875,1936500,0.0,0.0
2014-11-10 00:00:00+09:00,1337.0928955078125,1337.0928955078125,1337.0928955078125,1337.0928955078125,2313000,0.0,0.0
2014-11-11 00:00:00+09:00,1345.7754859243835,1387.7405279585846,1344.3284155094111,1379.05810546875,3563000,0.0,0.0
2014-11-12 00:00:00+09:00,1399.3169187173805,1454.3055877052402,1394.9757080078125,1394.9757080078125,6161500,0.0,0.0
2014-11-13 00:00:00+09:00,1389.1873074948667,1415.2345695103954,1383.3990270469712,1409.4462890625,2326000,0.0,0.0
2014-11-14 00:00:00+09:00,1434.0465356735956,1461.5408688499813,1409.4463428315662,1458.646728515625,4951500,0.0,0.0
2014-11-17 00:00:00+09:00,1465.882377671127,1470.2235890561353,1413.7878410510277,1421.023193359375,4022500,0.0,0.0
2014-11-18 00:00:00+09:00,1442.7289056605257,1461.5408171686367,1426.8111343844316,1438.3876953125,3410500,0.0,0.0
2014-11-19 00:00:00+09:00,1449.9642820558347,1461.5408431900132,1439.8347910634288,1448.5172119140625,2017500,0.0,0.0
2014-11-20 00:00:00+09:00,1460.093643981747,1460.093643981747,1418.128613579893,1419.57568359375,1692500,0.0,0.0
2014-11-21 00:00:00+09:00,1419.5758562097596,1445.6231196264525,1413.7875754504946,1439.8348388671875,2589000,0.0,0.0
2014-11-25 00:00:00+09:00,1448.5172827573247,1452.858493394959,1407.9993168060707,1413.78759765625,2132000,0.0,0.0
2014-11-26 00:00:00+09:00,1400.7638137335525,1409.4462340666119,1367.4812024568255,1374.716552734375,3005500,0.0,0.0
2014-11-27 00:00:00+09:00,1361.6928902705597,1366.0341003351841,1332.7514898397294,1335.6456298828125,2585500,0.0,0.0
2014-11-28 00:00:00+09:00,1345.775294721819,1380.504979746898,1341.434084093684,1370.37548828125,2287000,0.0,0.0
2014-12-01 00:00:00+09:00,1360.2459507642136,1394.9756346135125,1360.2459507642136,1393.528564453125,1457000,0.0,0.0
2014-12-02 00:00:00+09:00,1397.8698484808579,1421.0229722652198,1384.8462163521542,1394.9757080078125,1674500,0.0,0.0
2014-12-03 00:00:00+09:00,1407.9994140625,1428.2583984374999,1400.7640625,1418.12890625,2672500,0.0,0.0
2014-12-04 00:00:00+09:00,1423.9170891440633,1426.8112295691528,1400.763965743347,1413.78759765625,1517500,0.0,0.0
2014-12-05 00:00:00+09:00,1405.1052734375,1423.9171875,1405.1052734375,1418.12890625,1480500,0.0,0.0
2014-12-08 00:00:00+09:00,1426.81107867147,1428.2581487309747,1390.6343271838568,1396.422607421875,1750500,0.0,0.0
2014-12-09 00:00:00+09:00,1381.9519030119243,1383.398973067434,1367.4812024568255,1374.716552734375,1381000,0.0,0.0
2014-12-10 00:00:00+09:00,1348.6695067307046,1358.7989987340468,1315.3868901482945,1342.8812255859375,2405000,0.0,0.0
2014-12-11 00:00:00+09:00,1309.598438359461,1325.5162094334432,1299.4689476760175,1315.38671875,2211500,0.0,0.0
2014-12-12 00:00:00+09:00,1306.7043255338401,1348.6693592442293,1303.8101852779512,1339.9869384765625,3755500,0.0,0.0
2014-12-15 00:00:00+09:00,1318.2809077191457,1326.9633286261874,1309.598486812104,1313.939697265625,2305500,0.0,0.0
2014-12-16 00:00:00+09:00,1290.7867187499999,1300.9162109375,1284.9984375,1295.1279296875,3023500,0.0,0.0
2014-12-17 00:00:00+09:00,1280.6571528203658,1283.551293278717,1254.6098886952059,1271.9747314453125,5377500,0.0,0.0
2014-12-18 00:00:00+09:00,1289.33957334108,1292.2337137975132,1254.609887863879,1257.5040283203125,4185000,0.0,0.0
2014-12-19 00:00:00+09:00,1274.8688727294098,1296.5749261811025,1266.1864513487328,1286.4454345703125,4912000,0.0,0.0
2014-12-22 00:00:00+09:00,1289.3396484375,1296.575,1274.8689453125,1295.1279296875,2422500,0.0,0.0
2014-12-24 00:00:00+09:00,1311.045578860165,1315.386789386192,1282.1041753533182,1287.8924560546875,1845500,0.0,0.0
2014-12-25 00:00:00+09:00,1280.6571044921875,1292.233665888727,1274.8688237939177,1280.6571044921875,956000,0.0,0.0
2014-12-26 00:00:00+09:00,1283.5613929068688,1327.1211686842512,1282.109400380956,1319.8612060546875,1897500,6.0,0.0
2014-12-29 00:00:00+09:00,1318.4089750640937,1328.572920907099,1293.7251065882242,1309.697021484375,1298500,0.0,0.0
2014-12-30 00:00:00+09:00,1311.1491555117586,1312.6011479320375,1276.3013374250675,1279.205322265625,1812000,0.0,0.0
2015-01-05 00:00:00+09:00,1266.1371297016403,1292.2729878835548,1253.0692006106829,1283.56103515625,1946000,0.0,0.0
2015-01-06 00:00:00+09:00,1250.1651996813323,1267.5891049033717,1237.0972707648027,1241.4532470703125,2113000,0.0,0.0
2015-01-07 00:00:00+09:00,1251.6175817928404,1261.7815296728286,1231.2896860328638,1237.09765625,2897500,0.0,0.0
2015-01-08 00:00:00+09:00,1244.3569660517524,1276.3007854836526,1241.452982467034,1255.972900390625,2450000,0.0,0.0
2015-01-09 00:00:00+09:00,1277.7533840834756,1277.7533840834756,1250.1655269271278,1276.3013916015625,3070500,0.0,0.0
2015-01-13 00:00:00+09:00,1263.2333522636786,1286.4652300064588,1250.1654210333645,1282.1092529296875,2830000,0.0,0.0
2015-01-14 00:00:00+09:00,1274.848823963512,1292.2727258855646,1269.0408566561612,1277.7528076171875,3102500,0.0,0.0
2015-01-15 00:00:00+09:00,1266.1371280194994,1273.3970886159416,1238.5492777530196,1247.26123046875,3217500,0.0,0.0
2015-01-16 00:00:00+09:00,1232.7412262499543,1242.9051704004248,1221.1252900779875,1238.5491943359375,2841500,0.0,0.0
2015-01-19 00:00:00+09:00,1242.9052523606115,1244.3572444778554,1203.7014651950315,1210.96142578125,2542500,0.0,0.0
2015-01-20 00:00:00+09:00,1221.125267904023,1254.5210837920047,1216.769291918634,1253.069091796875,2345500,0.0,0.0
2015-01-21 00:00:00+09:00,1255.9731831844806,1261.7811516616343,1234.1933013951543,1247.26123046875,2200500,0.0,0.0
2015-01-22 00:00:00+09:00,1238.5492173598755,1242.905193505338,1213.8653525355871,1224.029296875,1850000,0.0,0.0
2015-01-23 00:00:00+09:00,1213.8655924479167,1215.3175847833807,1192.0857074159564,1197.8936767578125,2847500,0.0,0.0
2015-01-26 00:00:00+09:00,1180.4697265625,1192.0856648312576,1167.4017960101476,1180.4697265625,1853000,0.0,0.0
2015-01-27 00:00:00+09:00,1184.8255381734261,1205.1534273087545,1180.4695619301415,1199.345458984375,1834000,0.0,0.0
2015-01-28 00:00:00+09:00,1187.729710675668,1208.0576030344203,1183.3737337416496,1202.2496337890625,1446500,0.0,0.0
2015-01-29 00:00:00+09:00,1193.5376226115109,1197.8935993363705,1174.661723470453,1179.0177001953125,1585000,0.0,0.0
2015-01-30 00:00:00+09:00,1187.7297341918945,1189.1817265319826,1157.2378950500488,1161.5938720703125,2386000,0.0,0.0
2015-02-02 00:00:00+09:00,1154.3339503982504,1158.6899275695646,1132.5540645416797,1152.8819580078125,1466500,0.0,0.0
2015-02-03 00:00:00+09:00,1148.5258251829976,1168.853715894201,1147.0738329893402,1151.4298095703125,1730500,0.0,0.0
2015-02-04 00:00:00+09:00,1161.5937547753667,1194.9895752251584,1158.6897703884283,1187.7296142578125,2492500,0.0,0.0
2015-02-05 00:00:00+09:00,1186.2775074351919,1245.809181614926,1179.0175471693706,1213.8653564453125,4057500,0.0,0.0
2015-02-06 00:00:00+09:00,1234.1935093308384,1258.8773795174552,1231.2895246030012,1245.8094482421875,2273000,0.0,0.0
2015-02-09 00:00:00+09:00,1258.8770669997791,1269.0410110239989,1228.38523492712,1232.7412109375,1482500,0.0,0.0
2015-02-10 00:00:00+09:00,1231.2892764136905,1232.741268484933,1212.4133794875372,1219.67333984375,1169000,0.0,0.0
2015-02-12 00:00:00+09:00,1241.4534711504316,1253.0694100617807,1231.2895246030012,1245.8094482421875,1487000,0.0,0.0
2015-02-13 00:00:00+09:00,1254.5211294642859,1287.9169465680804,1247.2611692243304,1270.4930419921875,3281000,0.0,0.0
2015-02-16 00:00:00+09:00,1277.7531685985061,1292.2730909689437,1263.2332462280685,1287.9171142578125,2787000,0.0,0.0
2015-02-17 00:00:00+09:00,1283.5609704241072,1293.7249147600446,1264.6850738002233,1270.4930419921875,2034500,0.0,0.0
2015-02-18 00:00:00+09:00,1282.1089364816478,1295.176864486557,1273.3969844783749,1289.368896484375,1633500,0.0,0.0
2015-02-19 00:00:00+09:00,1287.9169649107266,1324.216766627489,1273.3970442240218,1312.600830078125,2767500,0.0,0.0
2015-02-20 00:00:00+09:00,1314.0529732955129,1330.024887888055,1302.4370354100276,1324.2169189453125,2363000,0.0,0.0
2015-02-23 00:00:00+09:00,1327.1208544545032,1334.3808153650857,1296.6290186300562,1316.9569091796875,1844000,0.0,0.0
2015-02-24 00:00:00+09:00,1322.7647475782098,1341.640644085912,1319.8607635001017,1337.28466796875,2116000,0.0,0.0
2015-02-25 00:00:00+09:00,1334.3806723793784,1338.736648458963,1315.5047760345124,1321.312744140625,1365000,0.0,0.0
2015-02-26 00:00:00+09:00,1314.0530548428137,1335.8329397297111,1309.6970778654343,1332.928955078125,1527000,0.0,0.0
2015-02-27 00:00:00+09:00,1331.4767353186446,1334.3807194741923,1286.4649809076545,1292.27294921875,2981500,0.0,0.0
2015-03-02 00:00:00+09:00,1292.273199442154,1295.1771841600014,1271.9453064172212,1282.1092529296875,2395000,0.0,0.0
2015-03-03 00:00:00+09:00,1290.821316420693,1298.081278830258,1269.0414291919972,1276.3013916015625,1682500,0.0,0.0
2015-03-04 00:00:00+09:00,1264.6852344649021,1270.4932033947066,1250.1653121403913,1261.78125,1550500,0.0,0.0
2015-03-05 00:00:00+09:00,1276.3011776244834,1280.6571543399252,1244.3573483779094,1251.6173095703125,1994500,0.0,0.0
2015-03-06 00:00:00+09:00,1253.0692966052934,1266.1372266973533,1247.2613276754892,1261.78125,2185500,0.0,0.0
2015-03-09 00:00:00+09:00,1255.9731831844806,1257.425175303769,1235.6452935144428,1247.26123046875,1805500,0.0,0.0
2015-03-10 00:00:00+09:00,1258.8772265625,1263.2332031249998,1225.48140625,1234.193359375,2266500,0.0,0.0
2015-03-11 00:00:00+09:00,1231.2894182315836,1260.3292630011963,1226.9334415161416,1251.6173095703125,1529500,0.0,0.0
2015-03-12 00:00:00+09:00,1258.8774023601904,1295.177212116828,1254.521425189394,1293.7252197265625,2620000,0.0,0.0
2015-03-13 00:00:00+09:00,1315.50507475027,1351.8048836561825,1305.3411282566144,1344.544921875,5399000,0.0,0.0
2015-03-16 00:00:00+09:00,1353.2567384930858,1360.5166995365037,1330.0248631541485,1338.73681640625,2257500,0.0,0.0
2015-03-17 00:00:00+09:00,1348.9005660270025,1367.7764619993934,1322.7647100652307,1345.99658203125,2770500,0.0,0.0
2015-03-18 00:00:00+09:00,1340.1886140397453,1348.9005660270025,1327.1206860588593,1345.99658203125,2358500,0.0,0.0
2015-03-19 00:00:00+09:00,1360.516815286044,1369.2287692793377,1314.0530606551438,1322.7650146484375,3652500,0.0,0.0
2015-03-20 00:00:00+09:00,1299.533310691909,1330.0251537360766,1295.1773331141708,1319.8612060546875,2949000,0.0,0.0
2015-03-23 00:00:00+09:00,1321.3129739992928,1331.4769199531336,1305.3410589289717,1315.5050048828125,1524000,0.0,0.0
2015-03-24 00:00:00+09:00,1314.0530071279436,1328.572929858639,1306.7930457625957,1325.6689453125,1840500,0.0,0.0
2015-03-25 00:00:00+09:00,1325.6689708621002,1330.0249477652615,1298.0811171420785,1311.1490478515625,2078000,0.0,0.0
2015-03-26 00:00:00+09:00,1296.6288564871024,1306.7928004909206,1282.1089364816478,1289.368896484375,1431500,0.0,0.0
2015-03-27 00:00:00+09:00,1290.8210199212044,1300.9849649599541,1257.42520050817,1269.0411376953125,2104500,0.0,0.0
2015-03-30 00:00:00+09:00,1263.2334592643451,1296.629286348345,1255.9734968547798,1276.3013916015625,1626500,0.0,0.0
2015-03-31 00:00:00+09:00,1298.0806931929153,1311.148619634455,1276.3008157903498,1277.7528076171875,2653000,0.0,0.0
2015-04-01 00:00:00+09:00,1280.6572181535232,1290.8211643293448,1244.3574103827318,1264.685302734375,2237000,0.0,0.0
2015-04-02 00:00:00+09:00,1263.2332566513637,1274.8491946435602,1258.8772799042902,1267.5892333984375,1530000,0.0,0.0
2015-04-03 00:00:00+09:00,1266.1373430365297,1271.9453125,1258.8773812071918,1271.9453125,1051000,0.0,0.0
2015-04-06 00:00:00+09:00,1269.0412111622554,1269.0412111622554,1250.1653121403913,1261.78125,911000,0.0,0.0
2015-04-07 00:00:00+09:00,1280.6571479131712,1308.2450003058584,1276.301171219589,1298.0810546875,2565000,0.0,0.0
2015-04-08 00:00:00+09:00,1311.14908786123,1325.669011314843,1293.725179716895,1302.4371337890625,2235500,0.0,0.0
2015-04-09 00:00:00+09:00,1305.340862610001,1306.7928546707462,1274.8490293343502,1286.4649658203125,2486000,0.0,0.0
2015-04-10 00:00:00+09:00,1305.3407326931424,1321.3126437717015,1299.5327650282118,1306.792724609375,2837000,0.0,0.0
2015-04-13 00:00:00+09:00,1314.0526841905382,1314.0526841905382,1296.6287811957466,1306.792724609375,1544000,0.0,0.0
2015-04-14 00:00:00+09:00,1300.984931792873,1308.244892349753,1289.3689949018653,1303.888916015625,1359000,0.0,0.0
2015-04-15 00:00:00+09:00,1300.9847569444444,1315.5046761067708,1292.2728054470485,1306.792724609375,1694500,0.0,0.0
2015-04-16 00:00:00+09:00,1308.2449951171875,1311.148979568058,1289.3690961865289,1308.2449951171875,1811000,0.0,0.0
2015-04-17 00:00:00+09:00,1312.6010203245723,1328.5729353948934,1302.4370743707316,1315.5050048828125,2360500,0.0,0.0
2015-04-20 00:00:00+09:00,1296.628994107781,1308.2449313450288,1280.6570804065652,1295.177001953125,2071500,0.0,0.0
2015-04-21 00:00:00+09:00,1300.9849406108597,1308.244901216947,1279.2050587925976,1283.56103515625,2252500,0.0,0.0
2015-04-22 00:00:00+09:00,1283.5611173369196,1331.4768604049266,1282.1091251227374,1328.5728759765625,2583500,0.0,0.0
2015-04-23 00:00:00+09:00,1332.9287645098423,1340.1887251008545,1321.3128275642227,1330.0247802734375,2172500,0.0,0.0
2015-04-24 00:00:00+09:00,1327.120739431691,1330.024723544233,1293.724922137458,1296.62890625,2040000,0.0,0.0
2015-04-27 00:00:00+09:00,1290.8207340587269,1299.5326850197532,1271.9448403098365,1277.7528076171875,1861000,0.0,0.0
2015-04-28 00:00:00+09:00,1296.6289102455294,1300.984886427765,1283.560981698822,1286.4649658203125,2235500,0.0,0.0
2015-04-30 00:00:00+09:00,1285.0131403867322,1285.0131403867322,1248.7133341611182,1267.5892333984375,2994000,0.0,0.0
2015-05-01 00:00:00+09:00,1257.4248921829842,1269.040826521857,1248.7129414288295,1255.972900390625,1433000,0.0,0.0
2015-05-07 00:00:00+09:00,1251.6174994574653,1261.781446668837,1247.2615220811633,1254.521484375,2552500,0.0,0.0
2015-05-08 00:00:00+09:00,1241.4535720356494,1295.177293866432,1237.0975945899104,1276.3013916015625,3185500,0.0,0.0
2015-05-11 00:00:00+09:00,1306.792724609375,1334.380571017795,1299.5327650282118,1306.792724609375,3420000,0.0,0.0
2015-05-12 00:00:00+09:00,1316.9570453195752,1327.1209916450844,1299.5331373329875,1322.7650146484375,2271500,0.0,0.0
2015-05-13 00:00:00+09:00,1315.5046827491553,1343.092529296875,1309.6967150548987,1343.092529296875,2486500,0.0,0.0
2015-05-14 00:00:00+09:00,1331.4766883263221,1338.736648458963,1312.600791981456,1321.312744140625,1745500,0.0,0.0
2015-05-15 00:00:00+09:00,1314.0528803138093,1324.2168252444135,1293.7249904526013,1299.532958984375,1996000,0.0,0.0
2015-05-18 00:00:00+09:00,1293.7249904526013,1306.7929196490923,1289.369014053771,1299.532958984375,1244500,0.0,0.0
2015-05-19 00:00:00+09:00,1302.4369823339953,1303.8889745105105,1282.1090918627847,1290.821044921875,1820000,0.0,0.0
2015-05-20 00:00:00+09:00,1290.8209989167894,1361.9686130303132,1290.8209989167894,1356.16064453125,3993500,0.0,0.0
2015-05-21 00:00:00+09:00,1357.6127764969192,1418.596452018706,1345.996838302293,1388.1046142578125,5020500,0.0,0.0
2015-05-22 00:00:00+09:00,1377.9407540792588,1385.200715902648,1356.1608686090915,1360.516845703125,2888000,0.0,0.0
2015-05-25 00:00:00+09:00,1372.1328602940582,1434.5685354185498,1366.3248905150358,1405.5286865234375,3807000,0.0,0.0
2015-05-26 00:00:00+09:00,1405.528384283841,1430.2122505367595,1404.0763921513162,1418.5963134765625,2512000,0.0,0.0
2015-05-27 00:00:00+09:00,1404.0764307244062,1415.6923681037188,1391.0085011726796,1409.8843994140625,1762500,0.0,0.0
2015-05-28 00:00:00+09:00,1418.5965436913862,1425.8565055321812,1401.1726352734775,1412.78857421875,1481500,0.0,0.0
2015-05-29 00:00:00+09:00,1405.5284276938537,1420.0483494675505,1395.364482452266,1399.720458984375,1677500,0.0,0.0
2015-06-01 00:00:00+09:00,1388.1045215654174,1399.720458984375,1375.0365919690903,1399.720458984375,1180500,0.0,0.0
2015-06-02 00:00:00+09:00,1399.7205524524386,1399.7205524524386,1377.9406683375148,1388.1046142578125,1233000,0.0,0.0
2015-06-03 00:00:00+09:00,1375.0364838779162,1379.3924600676035,1359.0645711823965,1369.228515625,1460000,0.0,0.0
2015-06-04 00:00:00+09:00,1376.4886036408254,1376.4886036408254,1353.2567284738916,1359.064697265625,1481500,0.0,0.0
2015-06-05 00:00:00+09:00,1359.06470732782,1361.9686917451872,1334.3808397801993,1338.73681640625,2319000,0.0,0.0
2015-06-08 00:00:00+09:00,1341.6409090328839,1344.5448936844703,1324.217001123366,1332.928955078125,2265000,0.0,0.0
2015-06-09 00:00:00+09:00,1330.0247937761872,1330.0247937761872,1299.532958984375,1299.532958984375,2375000,0.0,0.0
2015-06-10 00:00:00+09:00,1309.696834756439,1334.380699713046,1290.8209380249161,1296.62890625,3089000,0.0,0.0
2015-06-11 00:00:00+09:00,1303.8890184408815,1321.312925146105,1303.8890184408815,1308.2449951171875,1517000,0.0,0.0
2015-06-12 00:00:00+09:00,1312.6006922743056,1315.5046761067708,1295.176789279514,1306.792724609375,2732000,0.0,0.0
2015-06-15 00:00:00+09:00,1299.533131584882,1338.7369243812975,1296.6291469332957,1332.928955078125,1538000,0.0,0.0
2015-06-16 00:00:00+09:00,1328.572719582322,1343.0926400149156,1315.5047911929876,1327.1207275390625,2289000,0.0,0.0
2015-06-17 00:00:00+09:00,1328.5728466366197,1328.5728466366197,1305.3409717227553,1316.9569091796875,1489500,0.0,0.0
2015-06-18 00:00:00+09:00,1312.6009822875562,1312.6009822875562,1286.4651220207686,1287.9171142578125,1824500,0.0,0.0
2015-06-19 00:00:00+09:00,1293.7251373808263,1296.6291219765183,1279.2052144023658,1285.01318359375,2066000,0.0,0.0
2015-06-22 00:00:00+09:00,1286.4651168379476,1303.8890236122763,1285.0131246067533,1298.0810546875,899500,0.0,0.0
2015-06-23 00:00:00+09:00,1306.793036957802,1316.9569828008073,1295.1770988515107,1309.697021484375,1789000,0.0,0.0
2015-06-24 00:00:00+09:00,1311.1488380094545,1331.4767269708416,1306.7928618034432,1312.600830078125,1619000,0.0,0.0
2015-06-25 00:00:00+09:00,1299.5329784170929,1306.7929391903729,1292.273017643813,1295.177001953125,1501000,0.0,0.0
2015-06-26 00:00:00+09:00,1322.889222012507,1322.889222012507,1287.1551691577038,1301.01123046875,1574800,8.0,0.5
2015-06-29 00:00:00+09:00,1274.757704816037,1274.757704816037,1245.5870479552582,1249.962646484375,2884700,0.0,0.0
2015-06-30 00:00:00+09:00,1253.6087449735755,1261.6306741153494,1232.4600226907169,1239.752685546875,2071200,0.0,0.0
2015-07-01 00:00:00+09:00,1239.752685546875,1244.8575495461857,1228.813691262638,1239.752685546875,1802700,0.0,0.0
2015-07-02 00:00:00+09:00,1244.1282776629778,1277.6745266503735,1236.1063485572963,1244.8575439453125,3093300,0.0,0.0
2015-07-03 00:00:00+09:00,1252.1502124023439,1272.5696683995864,1232.4600226907169,1239.752685546875,2070100,0.0,0.0
2015-07-06 00:00:00+09:00,1220.0625113314215,1225.1673753955697,1199.6430550748287,1209.852783203125,2505200,0.0,0.0
2015-07-07 00:00:00+09:00,1221.5211609546163,1229.5430909668555,1213.499230942377,1214.957763671875,1274100,0.0,0.0
2015-07-08 00:00:00+09:00,1204.7480662728894,1206.2065990407743,1171.201812611538,1174.84814453125,2764300,0.0,0.0
2015-07-09 00:00:00+09:00,1154.4288670899048,1171.2019965548875,1120.1533416614616,1167.5556640625,2579200,0.0,0.0
2015-07-10 00:00:00+09:00,1160.2627324115572,1201.8309132710535,1144.2188731324532,1173.3895263671875,2575200,0.0,0.0
2015-07-13 00:00:00+09:00,1180.6822688623224,1215.687055091718,1179.9530024825435,1194.538330078125,1832400,0.0,0.0
2015-07-14 00:00:00+09:00,1212.0404676227479,1226.6257921428773,1208.3941364927155,1219.3331298828125,2359000,0.0,0.0
2015-07-15 00:00:00+09:00,1236.1065128221842,1241.9406438561532,1217.1455869617848,1223.708984375,1915500,0.0,0.0
2015-07-16 00:00:00+09:00,1235.3770735910432,1236.83560614546,1213.4990852747908,1220.791748046875,1148300,0.0,0.0
2015-07-17 00:00:00+09:00,1236.8356218204942,1264.5477407056233,1236.8356218204942,1254.3380126953125,2317600,0.0,0.0
2015-07-21 00:00:00+09:00,1253.608713659776,1253.608713659776,1225.1673292311946,1236.1063232421875,1722700,0.0,0.0
2015-07-22 00:00:00+09:00,1231.0015185106981,1236.1063826277448,1209.8527957400759,1214.2283935546875,2327000,0.0,0.0
2015-07-23 00:00:00+09:00,1217.1456122750947,1221.521210641572,1195.2676204427082,1203.28955078125,1931300,0.0,0.0
2015-07-24 00:00:00+09:00,1209.1234622959914,1233.1892489400009,1207.664929772112,1212.04052734375,1556000,0.0,0.0
2015-07-27 00:00:00+09:00,1206.9356707672575,1226.6258599580224,1190.162546641791,1221.52099609375,1097400,0.0,0.0
2015-07-28 00:00:00+09:00,1209.852663822867,1231.7306505104416,1193.8088069186458,1224.43798828125,1384800,0.0,0.0
2015-07-29 00:00:00+09:00,1229.5430289005888,1229.5430289005888,1198.9138431272645,1207.6650390625,1226900,0.0,0.0
2015-07-30 00:00:00+09:00,1217.1454375490275,1260.172148642732,1212.7698398106847,1249.233154296875,2806700,0.0,0.0
2015-07-31 00:00:00+09:00,1260.9016232185472,1275.4869514223478,1255.796758347217,1265.2772216796875,1914000,0.0,0.0
2015-08-03 00:00:00+09:00,1257.9842719281082,1262.3598693956842,1211.311232273964,1222.9794921875,2262300,0.0,0.0
2015-08-04 00:00:00+09:00,1209.1238023952096,1223.709131736527,1207.665269461078,1217.875,1132600,0.0,0.0
2015-08-05 00:00:00+09:00,1219.333254234813,1276.2160256644274,1219.333254234813,1248.50390625,3665800,0.0,0.0
2015-08-06 00:00:00+09:00,1261.6308972539612,1276.2162255459145,1241.9407040598242,1245.5870361328125,1937400,0.0,0.0
2015-08-07 00:00:00+09:00,1254.3377819923235,1262.3597096678557,1244.1280558598278,1258.71337890625,1422200,0.0,0.0
2015-08-10 00:00:00+09:00,1273.2992351693167,1273.2992351693167,1231.7310470795967,1242.6700439453125,1930400,0.0,0.0
2015-08-11 00:00:00+09:00,1244.1285748758337,1267.4651014854626,1237.5651767668758,1257.25537109375,2023200,0.0,0.0
2015-08-12 00:00:00+09:00,1254.3379634688229,1275.4866849459136,1237.5648395387166,1251.4208984375,2181800,0.0,0.0
2015-08-13 00:00:00+09:00,1236.1065792238483,1247.0455755001653,1225.167582947531,1240.482177734375,1461300,0.0,0.0
2015-08-14 00:00:00+09:00,1236.835812927107,1287.8844608663155,1229.5431489357916,1280.591796875,3343500,0.0,0.0
2015-08-17 00:00:00+09:00,1281.3209339746265,1290.8013962066527,1247.0454166742238,1256.52587890625,1969900,0.0,0.0
2015-08-18 00:00:00+09:00,1256.526104637199,1276.2162989640733,1252.8797723544446,1257.25537109375,1173800,0.0,0.0
2015-08-19 00:00:00+09:00,1255.7967778565308,1281.3211026097122,1249.962646484375,1249.962646484375,1418800,0.0,0.0
2015-08-20 00:00:00+09:00,1249.9623929859572,1284.2379078461322,1248.5038604387157,1274.7574462890625,1944700,0.0,0.0
2015-08-21 00:00:00+09:00,1248.5039226137044,1271.8404445317176,1205.4772103273676,1218.60400390625,3030100,0.0,0.0
2015-08-24 00:00:00+09:00,1181.4115762710571,1183.599375486374,1104.83860373497,1120.1531982421875,3674400,0.0,0.0
2015-08-25 00:00:00+09:00,1074.9384349120764,1144.9479937665944,1035.5580580564101,1081.5018310546875,4222100,0.0,0.0
2015-08-26 00:00:00+09:00,1079.3141133949239,1112.1310965724722,1063.9995212454014,1102.650634765625,2847400,0.0,0.0
2015-08-27 00:00:00+09:00,1108.4851516960816,1139.1143466771575,1108.4851516960816,1125.987548828125,1991000,0.0,0.0
2015-08-28 00:00:00+09:00,1139.1140564318557,1159.5335145497122,1126.7165282888714,1132.5506591796875,2950300,0.0,0.0
2015-08-31 00:00:00+09:00,1119.4240307745345,1125.2581625310142,1101.1923690355356,1111.402099609375,1800000,0.0,0.0
2015-09-01 00:00:00+09:00,1104.109353625171,1109.2142185362516,1066.1875,1066.1875,2072800,0.0,0.0
2015-09-02 00:00:00+09:00,1054.519250353397,1078.58504237391,1042.8509875555724,1055.977783203125,1952300,0.0,0.0
2015-09-03 00:00:00+09:00,1066.1871800508407,1090.2529645526722,1049.414057519261,1054.5189208984375,1547900,0.0,0.0
2015-09-04 00:00:00+09:00,1057.436192939551,1061.811790979301,1002.7412174426777,1019.5143432617188,1674200,0.0,0.0
2015-09-07 00:00:00+09:00,1005.6581291093153,1017.3263887654059,982.3216097971339,1001.2825317382812,2369000,0.0,0.0
2015-09-08 00:00:00+09:00,1007.1167958615177,1020.2435897250277,982.3217407859988,983.7802734375,1575700,0.0,0.0
2015-09-09 00:00:00+09:00,1026.8071135430916,1072.0216313269493,1009.3047195622435,1066.1875,2616400,0.0,0.0
2015-09-10 00:00:00+09:00,1052.3312863407652,1059.6239494477697,1023.8899002234473,1047.9556884765625,2197700,0.0,0.0
2015-09-11 00:00:00+09:00,1034.0997904572039,1069.1045788506776,1029.7241919080197,1055.977783203125,1996600,0.0,0.0
2015-09-14 00:00:00+09:00,1056.7069825063527,1079.3142402411333,1051.6021178565636,1053.7899169921875,1140300,0.0,0.0
2015-09-15 00:00:00+09:00,1059.6242336366236,1093.8997594321645,1041.3925709794207,1046.4974365234375,2204000,0.0,0.0
2015-09-16 00:00:00+09:00,1058.8944505594543,1062.5407813120696,1022.4311430333024,1032.640869140625,1477900,0.0,0.0
2015-09-17 00:00:00+09:00,1036.2876802207857,1053.0608094572938,1026.8072158697157,1052.33154296875,1044600,0.0,0.0
2015-09-18 00:00:00+09:00,1073.4801841169326,1092.4411112820414,1049.414391945833,1050.8729248046875,2301400,0.0,0.0
2015-09-24 00:00:00+09:00,1029.7240224917616,1040.6630170649744,1016.5972290039062,1016.5972290039062,1539800,0.0,0.0
2015-09-25 00:00:00+09:00,1019.5144656205161,1080.772845529045,1019.5144656205161,1080.0435791015625,2295000,0.0,0.0
2015-09-28 00:00:00+09:00,1080.7727416992186,1097.5458679199219,1058.1654846191407,1079.314208984375,1625900,0.0,0.0
2015-09-29 00:00:00+09:00,1058.8949585394118,1058.8949585394118,1015.1389685171221,1027.5364990234375,1869400,0.0,0.0
2015-09-30 00:00:00+09:00,1041.3924626693351,1050.8729262650643,1017.3266704647916,1036.28759765625,1730700,0.0,0.0
2015-10-01 00:00:00+09:00,1044.3095467651121,1117.9654575355567,1044.3095467651121,1088.7947998046875,2830300,0.0,0.0
2015-10-02 00:00:00+09:00,1085.1483708404437,1085.1483708404437,1054.5191829538182,1068.375244140625,1297100,0.0,0.0
2015-10-05 00:00:00+09:00,1075.6680038257964,1097.5459971239482,1071.2924051661662,1088.7947998046875,1256900,0.0,0.0
2015-10-06 00:00:00+09:00,1107.755829623385,1131.092357963048,1099.0046314960111,1104.1094970703125,1463400,0.0,0.0
2015-10-07 00:00:00+09:00,1099.0042741397042,1125.9871262585955,1088.7945463109345,1113.589599609375,1680800,0.0,0.0
2015-10-08 00:00:00+09:00,1115.048554192006,1140.5728834246547,1101.192489751425,1135.468017578125,1875000,0.0,0.0
2015-10-09 00:00:00+09:00,1151.5115783691406,1166.826171875,1135.4677185058592,1152.2408447265625,1754000,0.0,0.0
2015-10-13 00:00:00+09:00,1141.301656709372,1141.301656709372,1112.8602735709276,1120.8822021484375,1454400,0.0,0.0
2015-10-14 00:00:00+09:00,1120.1533603038308,1124.5289593675177,1099.0046314960111,1104.1094970703125,1112400,0.0,0.0
2015-10-15 00:00:00+09:00,1095.3578839472696,1130.3626631945856,1093.1700852443123,1120.8822021484375,1255300,0.0,0.0
2015-10-16 00:00:00+09:00,1135.4676945683937,1188.7041375378817,1135.4676945683937,1158.074951171875,2091200,0.0,0.0
2015-10-19 00:00:00+09:00,1148.5945563251782,1148.5945563251782,1119.4239009264436,1131.0921630859375,1307300,0.0,0.0
2015-10-20 00:00:00+09:00,1130.3629174968542,1130.3629174968542,1077.8557368131292,1086.60693359375,2442200,0.0,0.0
2015-10-21 00:00:00+09:00,1076.3973066917126,1089.5241031147823,1066.1875761404362,1087.3363037109375,2641700,0.0,0.0
2015-10-22 00:00:00+09:00,1081.5019096706224,1085.8775074170983,1066.187317557957,1073.47998046875,1356500,0.0,0.0
2015-10-23 00:00:00+09:00,1107.755748911373,1125.9874103483608,1088.7948210169059,1112.13134765625,2503800,0.0,0.0
2015-10-26 00:00:00+09:00,1130.3625766617467,1137.655238446661,1115.0479869134263,1119.423583984375,1000800,0.0,0.0
2015-10-27 00:00:00+09:00,1117.9652099609375,1145.677328668384,1114.3188785520629,1117.9652099609375,1199600,0.0,0.0
2015-10-28 00:00:00+09:00,1113.5899617083007,1117.9655607719874,1095.3582989429387,1104.1094970703125,1312600,0.0,0.0
2015-10-29 00:00:00+09:00,1105.567877565337,1107.7556767953477,1078.5850203952068,1100.4630126953125,1683600,0.0,0.0
2015-10-30 00:00:00+09:00,1101.9215455153196,1111.4020088453653,1068.3752906551576,1100.4630126953125,2865600,0.0,0.0
2015-11-02 00:00:00+09:00,1078.5848116185966,1085.8774743070253,1046.4970957895105,1055.248291015625,2336700,0.0,0.0
2015-11-04 00:00:00+09:00,1041.3922386583174,1047.2263688468795,999.8240610648131,1008.5752563476562,3820600,0.0,0.0
2015-11-05 00:00:00+09:00,1008.5753067867303,1045.7678885988223,1002.011909996361,1033.370361328125,2693100,0.0,0.0
2015-11-06 00:00:00+09:00,1028.2656422555656,1047.9558354051403,1028.2656422555656,1042.1217041015625,1262900,0.0,0.0
2015-11-09 00:00:00+09:00,1045.7681963358839,1076.397390370826,1045.7681963358839,1064.7291259765625,2358200,0.0,0.0
2015-11-10 00:00:00+09:00,1059.6240173339843,1082.2312744140625,1057.4362182617188,1079.314208984375,1924200,0.0,0.0
2015-11-11 00:00:00+09:00,1078.5850513871894,1105.5679093326432,1076.3972520943148,1089.5240478515625,1755700,0.0,0.0
2015-11-12 00:00:00+09:00,1088.0655679961533,1115.777693722597,1088.0655679961533,1101.921630859375,1603200,0.0,0.0
2015-11-13 00:00:00+09:00,1092.44094286786,1108.4848018418872,1090.2531439168563,1101.192138671875,1557100,0.0,0.0
2015-11-16 00:00:00+09:00,1074.2093085683932,1104.1092282230463,1071.292243236232,1095.3580322265625,951400,0.0,0.0
2015-11-17 00:00:00+09:00,1105.5676942967207,1115.0481560552018,1090.2531022253281,1107.7554931640625,1186800,0.0,0.0
2015-11-18 00:00:00+09:00,1116.5065107909513,1142.0308268443043,1105.5675181966574,1109.943115234375,2024900,0.0,0.0
2015-11-19 00:00:00+09:00,1118.6945494208326,1135.4676749988503,1109.2140871376052,1115.0482177734375,1225400,0.0,0.0
2015-11-20 00:00:00+09:00,1104.8385437741224,1109.9434083328147,1082.9605528082982,1098.275146484375,1351300,0.0,0.0
2015-11-24 00:00:00+09:00,1094.6286152768623,1109.9432061634807,1077.8554919248518,1106.296875,1042200,0.0,0.0
2015-11-25 00:00:00+09:00,1103.3799010584594,1119.4237595008162,1099.0043033014529,1102.650634765625,914200,0.0,0.0
2015-11-26 00:00:00+09:00,1101.9214356274495,1115.7774960357365,1099.7336366156146,1104.8385009765625,672400,0.0,0.0
2015-11-27 00:00:00+09:00,1104.8384577162724,1104.8384577162724,1091.7116641592472,1096.8165283203125,855500,0.0,0.0
2015-11-30 00:00:00+09:00,1096.8166201825559,1101.9214847711714,1072.7508299790823,1078.5849609375,1721500,0.0,0.0
2015-12-01 00:00:00+09:00,1082.960307139556,1107.7553579427515,1080.0432423391803,1103.3797607421875,1358100,0.0,0.0
2015-12-02 00:00:00+09:00,1109.214099000232,1134.009154467693,1104.8385009765625,1104.8385009765625,1508100,0.0,0.0
2015-12-03 00:00:00+09:00,1101.921697538469,1106.297296602156,1090.9826998792519,1104.1094970703125,1068700,0.0,0.0
2015-12-04 00:00:00+09:00,1076.3971992026638,1085.8776623392728,1050.1436089782087,1062.5411376953125,2305400,0.0,0.0
2015-12-07 00:00:00+09:00,1066.1872612287907,1074.209190006846,1058.894598703286,1061.0823974609375,1542900,0.0,0.0
2015-12-08 00:00:00+09:00,1055.2484376017958,1069.1044986345769,1042.8509093093076,1049.414306640625,1456000,0.0,0.0
2015-12-09 00:00:00+09:00,1036.2874999488888,1051.6020935441927,1031.182635417121,1045.0386962890625,1097400,0.0,0.0
2015-12-10 00:00:00+09:00,1029.7241273493105,1031.9119264867381,1020.9729307995997,1024.6192626953125,1715300,0.0,0.0
2015-12-11 00:00:00+09:00,1017.3264415228545,1033.3702993819963,1015.1386427238806,1026.07763671875,1701300,0.0,0.0
2015-12-14 00:00:00+09:00,1005.6584404839409,1012.9511050269716,988.8853120349702,1010.7633056640625,1498500,0.0,0.0
2015-12-15 00:00:00+09:00,1002.741068162046,1010.0337304759518,986.6972110714532,988.885009765625,1237800,0.0,0.0
2015-12-16 00:00:00+09:00,1012.2215110148459,1033.3702313458477,1009.3044461416043,1023.8897705078125,2005700,0.0,0.0
2015-12-17 00:00:00+09:00,1041.3923644806569,1053.7898926292362,1034.0997008638456,1045.0386962890625,1340700,0.0,0.0
2015-12-18 00:00:00+09:00,1036.2876456124443,1055.248573681356,991.8023912969205,1000.5535888671875,3649900,0.0,0.0
2015-12-21 00:00:00+09:00,993.2606340250534,1005.6581602940885,983.0509065093773,1004.9288940429688,1319100,0.0,0.0
2015-12-22 00:00:00+09:00,999.8240955050658,1006.3874921932828,978.675372843033,985.23876953125,1653100,0.0,0.0
2015-12-24 00:00:00+09:00,990.3435593161884,991.8020918041357,977.9460331686367,980.8630981445312,1356500,0.0,0.0
2015-12-25 00:00:00+09:00,980.8630981445312,980.8630981445312,980.8630981445312,980.8630981445312,0,0.0,0.0
2015-12-28 00:00:00+09:00,956.5809851970572,980.8634255905209,952.901827561684,972.033447265625,1268600,12.0,0.0
2015-12-29 00:00:00+09:00,973.50491846258,974.9765812266958,955.1091339111329,971.2974243164062,982900,0.0,0.0
2015-12-30 00:00:00+09:00,975.7123157042765,992.636435810761,969.8256652324558,973.5048217773438,1030600,0.0,0.0
2016-01-04 00:00:00+09:00,962.4673573615469,975.7123209949626,946.2790684762609,952.9015502929688,1312100,0.0,0.0
2016-01-05 00:00:00+09:00,942.6001203021368,957.3167498150507,938.1851314482626,949.9584350585938,1369800,0.0,0.0
2016-01-06 00:00:00+09:00,952.1657117296767,965.4106752622378,939.65657950448,947.014892578125,1514300,0.0,0.0
2016-01-07 00:00:00+09:00,947.0151191765792,954.3734340108961,922.7326802233335,929.3551635742188,1490100,0.0,0.0
2016-01-08 00:00:00+09:00,913.1667343490564,960.9957736179433,913.1667343490564,927.8833618164062,3151000,0.0,0.0
2016-01-12 00:00:00+09:00,913.9025763745577,931.5625295412159,893.2992976801232,896.9784545898438,2275500,0.0,0.0
2016-01-13 00:00:00+09:00,911.6952680884399,930.091056387238,905.8086158328244,913.1669311523438,1653100,0.0,0.0
2016-01-14 00:00:00+09:00,884.4692707863704,892.5634155273439,866.8093186242465,892.5634155273438,1937100,0.0,0.0
2016-01-15 00:00:00+09:00,910.9594170035618,919.0535636812995,877.1111672602954,884.469482421875,1341000,0.0,0.0
2016-01-18 00:00:00+09:00,862.3943650929647,871.2243415273637,847.6777377022997,863.8660278320312,1141600,0.0,0.0
2016-01-19 00:00:00+09:00,857.9794002223659,872.6960280134871,849.8852549372493,871.224365234375,1438500,0.0,0.0
2016-01-20 00:00:00+09:00,868.2811593753494,877.1111372673021,819.7162809696096,822.6596069335938,2452900,0.0,0.0
2016-01-21 00:00:00+09:00,826.3386926132117,841.791152581936,782.1888069882849,784.3963012695312,3168900,0.0,0.0
2016-01-22 00:00:00+09:00,826.338573551757,850.6210071467774,818.2444290200835,848.4135131835938,3592000,0.0,0.0
2016-01-25 00:00:00+09:00,849.885289505562,859.4510979588713,816.7728756287219,826.3386840820312,3428100,0.0,0.0
2016-01-26 00:00:00+09:00,817.5085011059812,834.4326194907135,807.206863828318,818.9801635742188,1870400,0.0,0.0
2016-01-27 00:00:00+09:00,835.1687131561889,852.0928368589135,830.7537243641739,846.9420166015625,1580100,0.0,0.0
2016-01-28 00:00:00+09:00,841.7910182176438,848.4135000043211,830.0177172635509,831.4893798828125,1245500,0.0,0.0
2016-01-29 00:00:00+09:00,835.1684420343122,951.4297758153002,828.5459609961547,943.3356323242188,8147100,0.0,0.0
2016-02-01 00:00:00+09:00,985.2779718996702,995.5796086484345,960.9955424204401,981.5988159179688,4985500,0.0,0.0
2016-02-02 00:00:00+09:00,958.7881926018325,962.4673491352241,893.2992063074634,915.3741455078125,4494200,0.0,0.0
2016-02-03 00:00:00+09:00,889.6203030349808,889.6203030349808,863.866199969452,884.469482421875,2917800,0.0,0.0
2016-02-04 00:00:00+09:00,864.6020314856099,892.5636290996126,850.6212326786086,884.469482421875,2387100,0.0,0.0
2016-02-05 00:00:00+09:00,864.6019008470618,879.3185289465862,831.4894876231317,846.2061157226562,2579700,0.0,0.0
2016-02-08 00:00:00+09:00,830.017786491806,869.0168491549847,829.2819551208025,858.7152099609375,2198400,0.0,0.0
2016-02-09 00:00:00+09:00,846.2060060754287,852.0926565524752,814.565259761304,831.4893798828125,2938000,0.0,0.0
2016-02-10 00:00:00+09:00,852.09281838797,856.5078070842808,810.1504257730181,829.2820434570312,3344600,0.0,0.0
2016-02-12 00:00:00+09:00,793.9621273624542,809.4145876725668,762.3213752988902,764.5288696289062,3642800,0.0,0.0
2016-02-15 00:00:00+09:00,813.0937515705587,841.0553466471932,803.527942728552,829.2820434570312,3046700,0.0,0.0
2016-02-16 00:00:00+09:00,820.4521482824573,902.8652788722646,818.2446537130874,869.0170288085938,3961600,0.0,0.0
2016-02-17 00:00:00+09:00,873.431912161794,891.8276980118738,848.4136434056853,870.4885864257812,3755100,0.0,0.0
2016-02-18 00:00:00+09:00,936.7134887695313,937.449320261102,896.2427567331415,908.7518920898438,3610100,0.0,0.0
2016-02-19 00:00:00+09:00,919.0535130814745,961.7317386689249,913.166861276309,949.9584350585938,5357800,0.0,0.0
2016-02-22 00:00:00+09:00,941.8642261680482,986.0141117696754,934.5059119011103,976.4483032226562,4536700,0.0,0.0
2016-02-23 00:00:00+09:00,978.6558515067825,979.3916829740808,943.3359410764625,954.3734130859375,4214700,0.0,0.0
2016-02-24 00:00:00+09:00,941.8640564202335,963.9389952425827,929.3549244209022,945.543212890625,3606200,0.0,0.0
2016-02-25 00:00:00+09:00,952.1657966676728,998.523173166949,951.4299652946685,980.8632202148438,3200800,0.0,0.0
2016-02-26 00:00:00+09:00,994.1081130445849,1018.3905465978575,972.7690047704968,985.2781372070312,2062000,0.0,0.0
2016-02-29 00:00:00+09:00,984.5424295046287,995.579900687416,958.788330078125,958.788330078125,1871600,0.0,0.0
2016-03-01 00:00:00+09:00,956.580814161096,1002.2023606826252,953.6374885790618,994.1082153320312,2773100,0.0,0.0
2016-03-02 00:00:00+09:00,1015.4473173862632,1047.0880671309076,1011.7681604392116,1041.201416015625,3018300,0.0,0.0
2016-03-03 00:00:00+09:00,1034.5790417241114,1065.4839633118872,1030.8998843922334,1050.767333984375,2467400,0.0,0.0
2016-03-04 00:00:00+09:00,1036.0505878712872,1053.7105410736388,1027.9564426535428,1040.465576171875,2023300,0.0,0.0
2016-03-07 00:00:00+09:00,1043.4088334453902,1047.087990121855,1023.5413873924809,1034.578857421875,1408200,0.0,0.0
2016-03-08 00:00:00+09:00,1030.1641620927762,1047.088287612872,1011.7683734839767,1038.994140625,1886900,0.0,0.0
2016-03-09 00:00:00+09:00,1058.8613228958643,1074.3137813953872,1039.7297076107411,1047.8238525390625,2964000,0.0,0.0
2016-03-10 00:00:00+09:00,1048.5599507015759,1052.2391084233357,1012.5042050283287,1038.994140625,2279900,0.0,0.0
2016-03-11 00:00:00+09:00,1023.5415651107131,1064.7481270418418,1015.4474190170986,1061.0689697265625,2592100,0.0,0.0
2016-03-14 00:00:00+09:00,1077.9930504022159,1095.6530048115355,1071.3705674987211,1078.7288818359375,1801100,0.0,0.0
2016-03-15 00:00:00+09:00,1075.0494787091532,1089.7661040166022,1035.3145903790407,1047.087890625,3214400,0.0,0.0
2016-03-16 00:00:00+09:00,1039.7299001502722,1053.7106985245505,1035.3149111899738,1043.4090576171875,1559100,0.0,0.0
2016-03-17 00:00:00+09:00,1047.823876464145,1061.8046725686527,1022.8056097508158,1028.6922607421875,1704300,0.0,0.0
2016-03-18 00:00:00+09:00,1023.5415958507936,1038.2582255538962,1015.447449514087,1031.6357421875,1980300,0.0,0.0
2016-03-22 00:00:00+09:00,1038.9938509549834,1050.7671523822353,1022.8055614925119,1045.6163330078125,1201200,0.0,0.0
2016-03-23 00:00:00+09:00,1050.7672106052314,1066.9555009646958,1025.0131123060837,1029.4281005859375,2171000,0.0,0.0
2016-03-24 00:00:00+09:00,1029.4280253401375,1035.3146759496594,1013.2397361639523,1017.6547241210938,1318700,0.0,0.0
2016-03-25 00:00:00+09:00,1022.8056684066393,1036.050633896797,1015.4473542454404,1033.8431396484375,966300,0.0,0.0
2016-03-28 00:00:00+09:00,1040.4657031250001,1047.824017857143,1016.919095982143,1030.1640625,1030800,0.0,0.0
2016-03-29 00:00:00+09:00,1030.1638999681795,1047.8238525390625,1022.8055863969781,1047.8238525390625,1358800,0.0,0.0
2016-03-30 00:00:00+09:00,1047.8240549572763,1058.1256959470247,1036.0507509689921,1044.1448974609375,1084300,0.0,0.0
2016-03-31 00:00:00+09:00,1046.3523718906026,1054.4465182273093,1031.6357421875,1031.6357421875,1350700,0.0,0.0
2016-04-01 00:00:00+09:00,1031.635662375776,1040.4656395145132,988.221608110319,992.6365966796875,2117800,0.0,0.0
2016-04-04 00:00:00+09:00,994.1082511907397,1018.3906881184188,983.8066112820273,1013.2398681640625,1622100,0.0,0.0
2016-04-05 00:00:00+09:00,1002.2023265133456,1010.2964715879762,989.6931932161893,991.1648559570312,1338100,0.0,0.0
2016-04-06 00:00:00+09:00,977.9198324630509,998.5231095954553,977.9198324630509,986.0139770507812,1381600,0.0,0.0
2016-04-07 00:00:00+09:00,986.0141221788194,1013.2398852539062,984.5424593098958,993.3724365234375,1447600,0.0,0.0
2016-04-08 00:00:00+09:00,984.5424509691786,1008.0890566724773,969.0899909763888,992.6365966796875,1496400,0.0,0.0
2016-04-11 00:00:00+09:00,994.1081216385115,994.8439529646688,967.6181938968488,986.0139770507812,1356800,0.0,0.0
2016-04-12 00:00:00+09:00,983.0705718091253,1002.2021847335544,974.240596613235,994.8438720703125,1306500,0.0,0.0
2016-04-13 00:00:00+09:00,1002.202413469056,1015.4473792858275,995.57993056067,1014.7115478515625,982000,0.0,0.0
2016-04-14 00:00:00+09:00,1035.314802736418,1055.918082392864,1027.9564885734017,1055.1822509765625,1623200,0.0,0.0
2016-04-15 00:00:00+09:00,1043.40902284872,1063.27647250804,1038.2582025666743,1061.8048095703125,1917600,0.0,0.0
2016-04-18 00:00:00+09:00,1027.2205440689456,1056.6537974806633,1027.2205440689456,1034.578857421875,2431800,0.0,0.0
2016-04-19 00:00:00+09:00,1061.068627946421,1075.049421241138,1054.4461469120813,1073.5777587890625,1948700,0.0,0.0
2016-04-20 00:00:00+09:00,1089.030607524671,1123.6146876284952,1089.030607524671,1118.4638671875,3757100,0.0,0.0
2016-04-21 00:00:00+09:00,1142.7459973332814,1158.9342857694257,1136.8593469928653,1144.9534912109375,2789500,0.0,0.0
2016-04-22 00:00:00+09:00,1132.444346347792,1166.2925854199157,1132.444346347792,1164.8209228515625,2555900,0.0,0.0
2016-04-25 00:00:00+09:00,1168.5001305975652,1183.2167569275093,1153.047672951124,1169.2359619140625,1655700,0.0,0.0
2016-04-26 00:00:00+09:00,1157.462784583325,1158.1986159784828,1123.614540406063,1137.5953369140625,1846000,0.0,0.0
2016-04-27 00:00:00+09:00,1141.2743198939731,1141.2743198939731,1121.4068752536527,1133.18017578125,1677600,0.0,0.0
2016-04-28 00:00:00+09:00,1151.576121556579,1155.2552784944594,1063.2763550474483,1072.8421630859375,2553000,0.0,0.0
2016-05-02 00:00:00+09:00,1029.428201287457,1046.3523246824614,1028.6923698355001,1038.2581787109375,1685500,0.0,0.0
2016-05-06 00:00:00+09:00,1047.0881522542084,1057.3897925434276,1016.9190628357808,1027.220703125,1487800,0.0,0.0
2016-05-09 00:00:00+09:00,1041.9372643017819,1056.6538923286432,1032.371456084322,1042.673095703125,1426900,0.0,0.0
2016-05-10 00:00:00+09:00,1013.9756101115366,1059.5971542529846,1013.9756101115366,1047.8238525390625,2293900,0.0,0.0
2016-05-11 00:00:00+09:00,1060.3328378510628,1064.0119941239673,1030.1637564132461,1035.3145751953125,1364800,0.0,0.0
2016-05-12 00:00:00+09:00,1019.8623825205162,1025.0132026342562,1010.2965737378563,1021.3340454101562,1219900,0.0,0.0
2016-05-13 00:00:00+09:00,1027.956251521378,1028.692082767993,997.0513391635411,997.7871704101562,1166900,0.0,0.0
2016-05-16 00:00:00+09:00,1005.1457394748264,1014.7115481228299,988.2216164822048,993.3724365234375,822600,0.0,0.0
2016-05-17 00:00:00+09:00,999.2590898786272,1009.5607299804688,997.0515955710897,1009.5607299804688,841600,0.0,0.0
2016-05-18 00:00:00+09:00,1011.768072114574,1032.3713492194527,1008.0889154887028,1022.8055419921875,1598900,0.0,0.0
2016-05-19 00:00:00+09:00,1033.8428805360918,1048.5595051700575,1013.9754372802381,1016.9187622070312,2064500,0.0,0.0
2016-05-20 00:00:00+09:00,1009.5605697247345,1025.0130274246028,1002.202256534321,1022.0697021484375,1330900,0.0,0.0
2016-05-23 00:00:00+09:00,1014.711644904558,1014.711644904558,991.1650367559388,1012.504150390625,903800,0.0,0.0
2016-05-24 00:00:00+09:00,1008.8246661304721,1015.4471475273899,990.4288844723673,994.8438720703125,1066100,0.0,0.0
2016-05-25 00:00:00+09:00,1006.6171723314995,1010.2963286631206,991.9005470050157,994.8438720703125,1009400,0.0,0.0
2016-05-26 00:00:00+09:00,996.3158200381847,999.9949774238501,981.5991904955232,982.3350219726562,1305200,0.0,0.0
2016-05-27 00:00:00+09:00,982.334705760998,999.9946555274878,982.334705760998,997.0513305664062,1342200,0.0,0.0
2016-05-30 00:00:00+09:00,1005.1457536241163,1021.3340454101562,1002.2024278448363,1021.3340454101562,1164800,0.0,0.0
2016-05-31 00:00:00+09:00,1030.899768187268,1045.6163958558943,1026.4847798866801,1040.465576171875,2080900,0.0,0.0
2016-06-01 00:00:00+09:00,1038.258174863449,1041.9373321095989,1020.5982200819305,1027.220703125,1340700,0.0,0.0
2016-06-02 00:00:00+09:00,1009.560676574707,1010.2965079716273,983.8065776824951,988.9573974609375,1436900,0.0,0.0
2016-06-03 00:00:00+09:00,994.1082341957942,998.5232226526223,988.2215829200235,990.4290771484375,853800,0.0,0.0
2016-06-06 00:00:00+09:00,974.2408109739854,992.6365966796876,964.6750024070203,992.6365966796875,1176400,0.0,0.0
2016-06-07 00:00:00+09:00,984.542370237733,1006.6173112744535,978.6557192946076,1001.4664916992188,1508600,0.0,0.0
2016-06-08 00:00:00+09:00,1002.2020523909684,1009.560364082532,985.277935500372,1004.4095458984375,1081800,0.0,0.0
2016-06-09 00:00:00+09:00,997.0513927335201,1007.3530307396229,983.8064295828165,991.9005737304688,1007400,0.0,0.0
2016-06-10 00:00:00+09:00,987.4857515105521,994.1082341957942,972.0332919116537,990.4290771484375,2054200,0.0,0.0
2016-06-13 00:00:00+09:00,968.3541924296077,969.0900238828216,933.7701141285502,936.7134399414062,1417900,0.0,0.0
2016-06-14 00:00:00+09:00,933.7700421386719,935.2417049316406,912.430931640625,919.7892456054688,1420100,0.0,0.0
2016-06-15 00:00:00+09:00,912.4309178149606,938.9208476870078,905.8084353469488,934.505859375,1055200,0.0,0.0
2016-06-16 00:00:00+09:00,925.6758362676056,927.883330312759,883.7334494096934,888.1484375,2067100,0.0,0.0
2016-06-17 00:00:00+09:00,891.8275279371044,892.5633592307819,861.6584448963278,871.9600830078125,2224000,0.0,0.0
2016-06-20 00:00:00+09:00,885.9407840660971,916.8456951381702,879.3183031220814,910.9590454101562,1828000,0.0,0.0
2016-06-21 00:00:00+09:00,905.0727001371838,931.5626328241258,899.1860484289745,927.1476440429688,1045300,0.0,0.0
2016-06-22 00:00:00+09:00,931.5625863352129,936.7134063228484,910.2234749578661,912.4309692382812,1046600,0.0,0.0
2016-06-23 00:00:00+09:00,916.8460059139315,927.1476464298185,906.5443653980446,921.996826171875,1570500,0.0,0.0
2016-06-24 00:00:00+09:00,930.0908007301656,930.8266320598572,832.2252338811845,843.99853515625,3389800,0.0,0.0
2016-06-27 00:00:00+09:00,858.7151897711911,868.2809973693278,848.4135508193516,867.545166015625,1974700,0.0,0.0
2016-06-28 00:00:00+09:00,857.8811374875332,875.7226862741023,837.0659972365358,873.4924926757812,2113800,12.0,0.0
2016-06-29 00:00:00+09:00,868.2884981386542,909.1753709105942,863.8281120180789,901.7413940429688,2362700,0.0,0.0
2016-06-30 00:00:00+09:00,912.8923931215477,928.5037451211833,905.4584159788641,908.4320068359375,2037900,0.0,0.0
2016-07-01 00:00:00+09:00,917.352743355815,919.582936410975,891.3338243789483,897.281005859375,1397300,0.0,0.0
2016-07-04 00:00:00+09:00,891.3340802873885,918.839802531453,886.873692896459,915.8662109375,1477900,0.0,0.0
2016-07-05 00:00:00+09:00,909.918844151458,914.3792306423965,900.2546734210912,911.4056396484375,941200,0.0,0.0
2016-07-06 00:00:00+09:00,889.8471090238389,900.2546775504335,852.6772214288582,868.28857421875,2496300,0.0,0.0
2016-07-07 00:00:00+09:00,858.6242804469832,866.0582569010696,855.6506898653487,863.8280639648438,1420100,0.0,0.0
2016-07-08 00:00:00+09:00,863.0847105491818,870.5186873842307,845.9865638285693,849.7035522460938,2709500,0.0,0.0
2016-07-11 00:00:00+09:00,849.7035522460938,849.7035522460938,849.7035522460938,849.7035522460938,0,0.0,0.0
2016-07-12 00:00:00+09:00,913.6359414721293,943.3718549455916,912.8925436352927,936.6812744140625,2766700,0.0,0.0
2016-07-13 00:00:00+09:00,964.9302593384269,967.1604525418286,941.8849295699437,944.8585205078125,1748900,0.0,0.0
2016-07-14 00:00:00+09:00,948.5753572425064,955.2659357810506,934.4508025500239,947.0885620117188,1357100,0.0,0.0
2016-07-15 00:00:00+09:00,950.8057371528116,970.1340789557617,941.8849640129885,956.009521484375,2055100,0.0,0.0
2016-07-19 00:00:00+09:00,961.2131381617819,961.2131381617819,936.6810163061448,948.5753784179688,1249600,0.0,0.0
2016-07-20 00:00:00+09:00,944.858421773068,953.7791936544817,935.1942522348699,950.8056030273438,1127100,0.0,0.0
2016-07-21 00:00:00+09:00,969.3905682317392,979.0547380070556,963.4433868315444,978.3113403320312,1413000,0.0,0.0
2016-07-22 00:00:00+09:00,966.4172877753831,979.7984502215038,961.9569002933429,970.13427734375,1338700,0.0,0.0
2016-07-25 00:00:00+09:00,973.1076676401348,984.2586340378446,969.3906788408982,977.5680541992188,686000,0.0,0.0
2016-07-26 00:00:00+09:00,971.6208972017032,975.3378860968895,951.5491571676971,961.9567260742188,1271200,0.0,0.0
2016-07-27 00:00:00+09:00,975.3378067484663,988.7189656825153,967.1604318443251,969.390625,1333000,0.0,0.0
2016-07-28 00:00:00+09:00,963.4434902389136,964.1868879937275,947.83213738782,959.7265014648438,1941800,0.0,0.0
2016-07-29 00:00:00+09:00,964.1869283813761,1005.0738066088053,906.9452988629752,958.23974609375,4524100,0.0,0.0
2016-08-01 00:00:00+09:00,936.6809953962054,948.5753572425064,915.1224645497848,947.0885620117188,1911700,0.0,0.0
2016-08-02 00:00:00+09:00,932.9640385841836,934.4508338647959,905.4583258928571,910.662109375,1890000,0.0,0.0
2016-08-03 00:00:00+09:00,889.1035562803561,894.307339636512,866.0582299888083,870.5186157226562,1908300,0.0,0.0
2016-08-04 00:00:00+09:00,869.0319801292355,894.3075039311124,860.1112070226908,890.5905151367188,1400100,0.0,0.0
2016-08-05 00:00:00+09:00,875.7224272784819,898.767754312126,871.2620414010023,885.3865966796875,1417600,0.0,0.0
2016-08-08 00:00:00+09:00,907.6887888421355,941.8850904692757,906.9453909806759,938.9114990234375,1449600,0.0,0.0
2016-08-09 00:00:00+09:00,942.6281763193558,952.2923453194754,935.1942001654177,947.0885620117188,883400,0.0,0.0
2016-08-10 00:00:00+09:00,942.6283552892235,950.8057306111332,933.7075822107765,938.16796875,763700,0.0,0.0
2016-08-12 00:00:00+09:00,953.7793593780304,967.1605195251891,944.8585859465913,958.23974609375,932800,0.0,0.0
2016-08-15 00:00:00+09:00,957.4961819384041,961.9565678791109,942.6282288027146,950.8056030273438,894100,0.0,0.0
2016-08-16 00:00:00+09:00,951.5489795918368,951.5489795918368,910.662109375,910.662109375,998100,0.0,0.0
2016-08-17 00:00:00+09:00,908.4322123604685,920.3265784797545,903.2284271832808,918.8397827148438,1230500,0.0,0.0
2016-08-18 00:00:00+09:00,915.866218207196,916.609616111585,898.024668501861,898.76806640625,1369700,0.0,0.0
2016-08-19 00:00:00+09:00,907.6885626962252,907.6885626962252,871.2620765601769,874.9790649414062,1737400,0.0,0.0
2016-08-22 00:00:00+09:00,866.8016545464783,869.7752451281129,843.7563275388104,863.8280639648438,1563300,0.0,0.0
2016-08-23 00:00:00+09:00,869.7753000869166,883.8998562421741,863.8281185478608,872.0054931640625,1143000,0.0,0.0
2016-08-24 00:00:00+09:00,872.0055629782481,883.899927008642,866.0583809630511,868.28857421875,756700,0.0,0.0
2016-08-25 00:00:00+09:00,866.0583054843919,871.2620892941694,854.9073401777259,858.6243286132812,1328200,0.0,0.0
2016-08-26 00:00:00+09:00,858.624540798327,862.3415301524324,843.7565833819058,851.9339599609375,1705500,0.0,0.0
2016-08-29 00:00:00+09:00,874.9790753077749,904.7149827099083,870.5186891974549,897.281005859375,1655300,0.0,0.0
2016-08-30 00:00:00+09:00,898.0245960508527,899.5113917396786,889.1038219178972,893.564208984375,1003000,0.0,0.0
2016-08-31 00:00:00+09:00,900.998260874807,903.2284545898436,889.1038943946115,903.2284545898438,1254800,0.0,0.0
2016-09-01 00:00:00+09:00,899.5111946654475,912.1489552516563,894.3074108946557,909.9187622070312,948600,0.0,0.0
2016-09-02 00:00:00+09:00,906.94533711095,921.8132934570311,902.4849502071257,921.8132934570312,1050200,0.0,0.0
2016-09-05 00:00:00+09:00,932.96398666785,946.3451434487434,926.2734082774032,928.5036010742188,1191200,0.0,0.0
2016-09-06 00:00:00+09:00,925.5301914844221,926.2735892285863,918.8396117869444,924.0433959960938,815900,0.0,0.0
2016-09-07 00:00:00+09:00,916.6095214746329,932.2208758549793,911.405736681184,931.4774780273438,1038400,0.0,0.0
2016-09-08 00:00:00+09:00,935.9377212585401,941.8849029662989,927.7603464103718,929.9905395507812,1133900,0.0,0.0
2016-09-09 00:00:00+09:00,934.4509022550762,957.4962307911999,934.4509022550762,945.6018676757812,1651500,0.0,0.0
2016-09-12 00:00:00+09:00,934.4508835365033,935.1942812163254,916.6093392207705,927.0169067382812,931300,0.0,0.0
2016-09-13 00:00:00+09:00,932.9643234816256,940.3983021547859,924.7869469411492,926.2737426757812,922200,0.0,0.0
2016-09-14 00:00:00+09:00,942.628329068679,964.9302611444365,939.6547381252448,949.3189086914062,1743800,0.0,0.0
2016-09-15 00:00:00+09:00,938.1680948992715,941.8850841817567,905.4585892134015,912.149169921875,1506100,0.0,0.0
2016-09-16 00:00:00+09:00,898.7678137689683,904.7149953323692,894.3074275964175,902.4848022460938,2792300,0.0,0.0
2016-09-20 00:00:00+09:00,902.4848022460939,919.5829492408716,894.3074275964175,902.4848022460938,1377400,0.0,0.0
2016-09-21 00:00:00+09:00,894.307679729697,907.688842019917,880.9265174394772,903.2284545898438,3117700,0.0,0.0
2016-09-23 00:00:00+09:00,902.4850266429983,914.3793927272552,895.7944457206037,905.4586181640625,1271000,0.0,0.0
2016-09-26 00:00:00+09:00,907.6887680282211,908.4321658726341,891.3340154511361,893.564208984375,879000,0.0,0.0
2016-09-27 00:00:00+09:00,883.1565685415148,894.307535316029,870.5188061970656,892.8207397460938,1842700,0.0,0.0
2016-09-28 00:00:00+09:00,883.1564331054688,897.2809888537886,879.4394447506478,883.1564331054688,1009000,0.0,0.0
2016-09-29 00:00:00+09:00,892.8206942698995,911.4056379474578,892.0772965227972,906.9452514648438,1261400,0.0,0.0
2016-09-30 00:00:00+09:00,890.590426693895,900.9979942846417,877.209268362935,897.281005859375,1140600,0.0,0.0
2016-10-03 00:00:00+09:00,898.0244455124897,906.945218150031,889.1036728749484,900.254638671875,793400,0.0,0.0
2016-10-04 00:00:00+09:00,912.1489235317971,922.556490711459,903.2281516635154,907.6885375976562,1397100,0.0,0.0
2016-10-05 00:00:00+09:00,909.9187984245867,909.9187984245867,891.3338556463068,899.51123046875,1053500,0.0,0.0
2016-10-06 00:00:00+09:00,905.4584576605195,918.8396171333351,902.4848666665605,911.4056396484375,983500,0.0,0.0
2016-10-07 00:00:00+09:00,909.9187964759395,913.6357850236353,891.3338537374603,895.0508422851562,883000,0.0,0.0
2016-10-11 00:00:00+09:00,893.5641765482568,908.4321328968135,883.900004921695,886.8735961914062,1327900,0.0,0.0
2016-10-12 00:00:00+09:00,872.7490026063887,879.4395826945126,868.2886158809727,871.26220703125,1305800,0.0,0.0
2016-10-13 00:00:00+09:00,878.6961638621796,884.6433460202992,866.8017995459402,869.775390625,1237800,0.0,0.0
2016-10-14 00:00:00+09:00,873.4922062118883,880.9261824349682,854.1638680318805,870.5186157226562,1496600,0.0,0.0
2016-10-17 00:00:00+09:00,870.5186437547557,888.3601872646739,870.5186437547557,885.3865966796875,1259600,0.0,0.0
2016-10-18 00:00:00+09:00,889.8471693386164,894.3075561523439,884.6433847226011,894.3075561523438,966100,0.0,0.0
2016-10-19 00:00:00+09:00,895.7942125488684,903.2281894164938,891.333826428293,901.7413940429688,708800,0.0,0.0
2016-10-20 00:00:00+09:00,906.9453919563263,944.1152850692905,902.4850047827706,943.3718872070312,2262500,0.0,0.0
2016-10-21 00:00:00+09:00,948.5754937065972,969.3906299321338,944.8585050948942,956.7528686523438,1622900,0.0,0.0
2016-10-24 00:00:00+09:00,958.2396885302322,968.6472569083728,950.8057111172745,967.1604614257812,1205800,0.0,0.0
2016-10-25 00:00:00+09:00,970.1338712988505,986.4886185544633,967.903678491267,971.6206665039062,1335500,0.0,0.0
2016-10-26 00:00:00+09:00,970.8775555980685,982.0285229288273,961.9567817334615,979.054931640625,842200,0.0,0.0
2016-10-27 00:00:00+09:00,990.2056741686179,1006.5604225407723,990.2056741686179,1002.1000366210938,1989400,0.0,0.0
2016-10-28 00:00:00+09:00,1007.3037644402697,1009.5339572766687,986.4886313005445,993.922607421875,1636200,0.0,0.0
2016-10-31 00:00:00+09:00,981.2849581598522,995.4095143757895,979.0547650731253,993.1793212890625,962900,0.0,0.0
2016-11-01 00:00:00+09:00,1003.5870672593888,1009.5342498801853,990.9493041901966,1005.8172607421875,1093500,0.0,0.0
2016-11-02 00:00:00+09:00,986.4888079385129,990.9491944099756,973.8510462693683,980.5416259765625,951100,0.0,0.0
2016-11-04 00:00:00+09:00,975.3378365800346,979.7982230278092,960.4698817541195,967.1604614257812,1210200,0.0,0.0
2016-11-07 00:00:00+09:00,982.0284528169617,991.6926238136464,975.33787289618,982.7718505859375,1177900,0.0,0.0
2016-11-08 00:00:00+09:00,1017.7115414984607,1017.7115414984607,989.462426394778,999.8699951171875,1724000,0.0,0.0
2016-11-09 00:00:00+09:00,1003.5869361450954,1026.6322657899086,945.6019131678232,957.4962768554688,2539600,0.0,0.0
2016-11-10 00:00:00+09:00,1002.1002484386273,1037.0399455281047,990.9492812824112,1030.349365234375,3171900,0.0,0.0
2016-11-11 00:00:00+09:00,1048.1906319905775,1058.5981985493493,1025.8887036503525,1028.118896484375,2151900,0.0,0.0
2016-11-14 00:00:00+09:00,1039.270183046262,1054.8815377272144,1037.0399895204118,1042.2437744140625,1976300,0.0,0.0
2016-11-15 00:00:00+09:00,1042.243659539843,1059.3418080201686,1029.6058976196025,1034.0662841796875,2375600,0.0,0.0
2016-11-16 00:00:00+09:00,1043.7304268973214,1048.934211077009,1028.8624720982143,1040.7568359375,1746500,0.0,0.0
2016-11-17 00:00:00+09:00,1045.9609297965337,1085.3610216794166,1043.7307359163706,1071.9798583984375,3038800,0.0,0.0
2016-11-18 00:00:00+09:00,1090.564229229346,1095.024614624967,1055.6245436303145,1057.854736328125,1898600,0.0,0.0
2016-11-21 00:00:00+09:00,1064.5456494308419,1086.847583427298,1064.5456494308419,1081.643798828125,1687000,0.0,0.0
2016-11-22 00:00:00+09:00,1082.387199375852,1092.0513707988507,1077.9268125652372,1090.5645751953125,1139200,0.0,0.0
2016-11-24 00:00:00+09:00,1103.945366556252,1127.734088259821,1101.7151738965424,1124.760498046875,1993700,0.0,0.0
2016-11-25 00:00:00+09:00,1108.4059406148976,1116.5833150929418,1066.0322728650324,1077.9266357421875,2138600,0.0,0.0
2016-11-28 00:00:00+09:00,1100.2284782163558,1110.6360449021863,1074.9529591221963,1106.1756591796875,1660200,0.0,0.0
2016-11-29 00:00:00+09:00,1107.6627877643946,1115.0967662057665,1091.3080351933768,1095.0250244140625,1171500,0.0,0.0
2016-11-30 00:00:00+09:00,1095.7683313881478,1106.9192981254764,1088.334353563262,1097.255126953125,1033000,0.0,0.0
2016-12-01 00:00:00+09:00,1129.9647486345063,1133.681737939225,1111.3798021109124,1114.3533935546875,1278600,0.0,0.0
2016-12-02 00:00:00+09:00,1114.353117835713,1122.530492282806,1103.2021526805856,1112.1229248046875,1059600,0.0,0.0
2016-12-05 00:00:00+09:00,1104.6889991500043,1115.0965671096947,1081.6436700964039,1089.821044921875,1328300,0.0,0.0
2016-12-06 00:00:00+09:00,1103.9457307341916,1113.6099021143561,1098.7419461448721,1107.6627197265625,1198700,0.0,0.0
2016-12-07 00:00:00+09:00,1116.5836115202358,1133.6817626953125,1107.6628369941086,1133.6817626953125,1372900,0.0,0.0
2016-12-08 00:00:00+09:00,1153.7532785491358,1161.187255859375,1143.3457103148007,1161.187255859375,2310400,0.0,0.0
2016-12-09 00:00:00+09:00,1149.2930928574294,1167.1346415175706,1146.3195014140726,1158.2138671875,1869500,0.0,0.0
2016-12-12 00:00:00+09:00,1162.6738711063915,1166.3908591853763,1144.0889307114685,1148.54931640625,1423400,0.0,0.0
2016-12-13 00:00:00+09:00,1147.8060826793496,1155.2400598987754,1134.424923684383,1151.5230712890625,1322500,0.0,0.0
2016-12-14 00:00:00+09:00,1155.9836274190666,1155.9836274190666,1134.4250903160744,1137.398681640625,836700,0.0,0.0
2016-12-15 00:00:00+09:00,1141.1157414670852,1164.16107565958,1125.5043860463627,1133.6817626953125,1604400,0.0,0.0
2016-12-16 00:00:00+09:00,1151.5230645595454,1167.1344166291067,1150.7796668419471,1159.700439453125,1746900,0.0,0.0
2016-12-19 00:00:00+09:00,1153.7531948801482,1163.4173646826234,1147.80601346324,1155.239990234375,975200,0.0,0.0
2016-12-20 00:00:00+09:00,1163.417615225711,1176.7987762953996,1159.7006260396863,1173.081787109375,1082800,0.0,0.0
2016-12-21 00:00:00+09:00,1213.2249941369605,1231.8099358363625,1186.4626780898218,1188.69287109375,2436500,0.0,0.0
2016-12-22 00:00:00+09:00,1182.002555470702,1191.6667273078838,1171.5949857998908,1190.179931640625,1153500,0.0,0.0
2016-12-26 00:00:00+09:00,1194.6401300041282,1207.2778911802766,1194.6401300041282,1202.8175048828125,1053900,0.0,0.0
2016-12-27 00:00:00+09:00,1196.1271328929085,1196.1271328929085,1176.7987889182562,1182.7459716796875,1013200,0.0,0.0
2016-12-28 00:00:00+09:00,1189.4959589399016,1190.9959538439873,1180.495989515388,1185.7459716796875,717900,14.0,0.0
2016-12-29 00:00:00+09:00,1184.2456782730171,1184.2456782730171,1157.2457768051079,1170.7457275390625,1038500,0.0,0.0
2016-12-30 00:00:00+09:00,1156.496025802993,1176.745956215886,1151.9960412667947,1172.2459716796875,593700,0.0,0.0
2017-01-04 00:00:00+09:00,1187.2459217452767,1208.9958470330928,1184.2459320504054,1208.245849609375,1138400,0.0,0.0
2017-01-05 00:00:00+09:00,1202.2458077654871,1204.4957999197582,1186.4958626855898,1190.245849609375,1375600,0.0,0.0
2017-01-06 00:00:00+09:00,1178.9958153840537,1203.7457275390625,1177.4958207079926,1203.7457275390625,1425600,0.0,0.0
2017-01-10 00:00:00+09:00,1196.995826072188,1202.9958051502442,1184.2458705313188,1190.245849609375,968800,0.0,0.0
2017-01-11 00:00:00+09:00,1183.4959330201837,1187.995917556382,1170.745976834288,1172.2459716796875,1226400,0.0,0.0
2017-01-12 00:00:00+09:00,1175.2458363238736,1181.2458150670714,1157.9958974371798,1171.495849609375,1006500,0.0,0.0
2017-01-13 00:00:00+09:00,1161.7457603830928,1175.2457111170474,1151.245798701128,1170.7457275390625,1336400,0.0,0.0
2017-01-16 00:00:00+09:00,1173.7458849077748,1173.7458849077748,1145.995982197495,1148.9959716796875,1333200,0.0,0.0
2017-01-17 00:00:00+09:00,1136.246052055537,1142.2460312083056,1121.9961015677118,1124.24609375,1065100,0.0,0.0
2017-01-18 00:00:00+09:00,1117.4960224007516,1135.495958332039,1112.9960384179299,1131.7459716796875,1700900,0.0,0.0
2017-01-19 00:00:00+09:00,1147.495953164755,1157.2459187798804,1142.2459716796875,1142.2459716796875,1306200,0.0,0.0
2017-01-20 00:00:00+09:00,1147.4958711978827,1154.995844212248,1140.745895484954,1153.495849609375,915900,0.0,0.0
2017-01-23 00:00:00+09:00,1148.2460394246689,1151.9960264900662,1132.49609375,1132.49609375,914300,0.0,0.0
2017-01-24 00:00:00+09:00,1129.4959770222872,1142.9959289388883,1127.9959823648871,1130.9959716796875,826100,0.0,0.0
2017-01-25 00:00:00+09:00,1148.9958113317275,1158.745775788198,1133.2458687481987,1138.495849609375,852500,0.0,0.0
2017-01-26 00:00:00+09:00,1149.7455473784491,1157.9955154287838,1131.7456170868102,1134.74560546875,1702300,0.0,0.0
2017-01-27 00:00:00+09:00,1139.9957499079678,1150.4957107623834,1136.9957610924207,1145.9957275390625,944300,0.0,0.0
2017-01-30 00:00:00+09:00,1153.495682624887,1154.2456798177511,1135.4957499961502,1141.4957275390625,914300,0.0,0.0
2017-01-31 00:00:00+09:00,1127.2460807117825,1136.9960468124166,1115.2461224340789,1123.49609375,1188800,0.0,0.0
2017-02-01 00:00:00+09:00,1115.995849609375,1118.245841241652,1097.9959165511593,1115.995849609375,1126500,0.0,0.0
2017-02-02 00:00:00+09:00,1115.2460269536593,1117.4960189380986,1091.9961097811217,1096.49609375,1186100,0.0,0.0
2017-02-03 00:00:00+09:00,1107.7462209375265,1124.9961620895663,1089.7462823440933,1109.2462158203125,1354200,0.0,0.0
2017-02-06 00:00:00+09:00,1117.4959526653636,1121.245939083704,1103.246004275671,1112.2459716796875,1039900,0.0,0.0
2017-02-07 00:00:00+09:00,1125.7459388941797,1161.7458090253729,1121.2459551277807,1150.495849609375,2532600,0.0,0.0
2017-02-08 00:00:00+09:00,1159.495902615641,1176.7458416584352,1156.4959132168942,1174.495849609375,1327400,0.0,0.0
2017-02-09 00:00:00+09:00,1172.9960787066752,1185.7460360839218,1166.9960987644417,1168.49609375,1648000,0.0,0.0
2017-02-10 00:00:00+09:00,1196.9957960248728,1220.9957117346448,1172.995880315101,1216.4957275390625,2460000,0.0,0.0
2017-02-13 00:00:00+09:00,1225.4955674913194,1235.2455322265625,1207.495632595486,1214.99560546875,1698600,0.0,0.0
2017-02-14 00:00:00+09:00,1220.995674399001,1224.7456611139858,1205.2457301960656,1205.9957275390625,1211000,0.0,0.0
2017-02-15 00:00:00+09:00,1222.4957064665055,1226.2456932961575,1210.4957486116195,1216.4957275390625,1235600,0.0,0.0
2017-02-16 00:00:00+09:00,1208.9957142457802,1214.9956929765285,1201.4957408323448,1205.2457275390625,1646100,0.0,0.0
2017-02-17 00:00:00+09:00,1192.4959513089148,1195.4959411235284,1180.4959920504602,1186.4959716796875,1091800,0.0,0.0
2017-02-20 00:00:00+09:00,1174.4957893808507,1194.7457167839689,1168.495810891038,1191.7457275390625,877400,0.0,0.0
2017-02-21 00:00:00+09:00,1197.7458114670858,1223.2457222935611,1193.9958245808396,1221.7457275390625,1007600,0.0,0.0
2017-02-22 00:00:00+09:00,1236.7455624114934,1239.7455516471794,1217.2456323795354,1224.74560546875,1165000,0.0,0.0
2017-02-23 00:00:00+09:00,1226.2455592962956,1226.2455592962956,1201.4956489251776,1213.49560546875,848100,0.0,0.0
2017-02-24 00:00:00+09:00,1184.2457809782238,1206.745700819482,1182.7457863221398,1199.2457275390625,1092400,0.0,0.0
2017-02-27 00:00:00+09:00,1190.995956401608,1193.245948762568,1175.99600732854,1186.4959716796875,737700,0.0,0.0
2017-02-28 00:00:00+09:00,1199.9958103312301,1209.7457762901715,1187.2458548464608,1188.745849609375,1210500,0.0,0.0
2017-03-01 00:00:00+09:00,1197.7457328829787,1202.9957141792722,1184.2457809782238,1199.2457275390625,980500,0.0,0.0
2017-03-02 00:00:00+09:00,1219.4957037591316,1229.2456694103423,1206.745748676779,1212.7457275390625,1050900,0.0,0.0
2017-03-03 00:00:00+09:00,1203.745775918229,1205.995768022749,1179.7458601366816,1182.745849609375,1192400,0.0,0.0
2017-03-06 00:00:00+09:00,1180.4958310690213,1180.4958310690213,1166.2458813928386,1175.245849609375,1020700,0.0,0.0
2017-03-07 00:00:00+09:00,1167.7458549338019,1174.4958309738815,1157.9958895425755,1169.245849609375,1741100,0.0,0.0
2017-03-08 00:00:00+09:00,1169.2459456737463,1172.9959326707756,1157.2459872832524,1161.7459716796875,1141200,0.0,0.0
2017-03-09 00:00:00+09:00,1161.7459716796875,1167.7459508749346,1148.246018490382,1161.7459716796875,1258700,0.0,0.0
2017-03-10 00:00:00+09:00,1135.4958186775311,1160.9957247772907,1135.4958186775311,1160.2457275390625,2245900,0.0,0.0
2017-03-13 00:00:00+09:00,1156.495976897719,1163.2459534165773,1149.7460003788608,1157.9959716796875,1152500,0.0,0.0
2017-03-14 00:00:00+09:00,1157.2458630150295,1163.9958388848513,1152.7458791018148,1160.995849609375,888300,0.0,0.0
2017-03-15 00:00:00+09:00,1155.745849609375,1161.7458280628955,1151.9958630759247,1155.745849609375,675700,0.0,0.0
2017-03-16 00:00:00+09:00,1148.2460055968922,1160.2459638526402,1139.9960342960653,1157.9959716796875,818700,0.0,0.0
2017-03-17 00:00:00+09:00,1151.2461910060194,1151.9961885245903,1142.996218301742,1143.7462158203125,817000,0.0,0.0
2017-03-21 00:00:00+09:00,1139.995849609375,1142.9958386872945,1127.2458960282177,1139.995849609375,569700,0.0,0.0
2017-03-22 00:00:00+09:00,1114.496064618644,1130.9960063559322,1106.24609375,1106.24609375,1259000,0.0,0.0
2017-03-23 00:00:00+09:00,1097.2459438734238,1125.7458385194868,1097.2459438734238,1122.745849609375,1256500,0.0,0.0
2017-03-24 00:00:00+09:00,1120.4960301381618,1143.7459477648572,1115.2460487385854,1136.9959716796875,1090000,0.0,0.0
2017-03-27 00:00:00+09:00,1118.245919683705,1124.24589779066,1100.99598262621,1103.9959716796875,1101300,0.0,0.0
2017-03-28 00:00:00+09:00,1115.2461094482585,1124.9960754353651,1115.2461094482585,1119.74609375,907900,0.0,0.0
2017-03-29 00:00:00+09:00,1122.7458440570128,1126.4958301761078,1114.4958745950041,1121.245849609375,745100,0.0,0.0
2017-03-30 00:00:00+09:00,1121.2459087371826,1124.24589779066,1099.4959880994713,1103.9959716796875,1019300,0.0,0.0
2017-03-31 00:00:00+09:00,1109.996307955126,1126.4962530733778,1100.996337890625,1100.996337890625,1195100,0.0,0.0
2017-04-03 00:00:00+09:00,1113.7460458205521,1115.9960378323108,1088.9961336912065,1100.24609375,1189100,0.0,0.0
2017-04-04 00:00:00+09:00,1092.7462027893907,1095.7461923646533,1075.4962627316308,1088.9962158203125,1341900,0.0,0.0
2017-04-05 00:00:00+09:00,1088.9959964948025,1103.9959413501028,1084.4960130382124,1095.7459716796875,1011300,0.0,0.0
2017-04-06 00:00:00+09:00,1092.7460366251742,1099.4960121431059,1071.7461127916088,1076.99609375,1711500,0.0,0.0
2017-04-07 00:00:00+09:00,1088.9961284129693,1108.4960590870307,1080.746157743174,1098.74609375,1698600,0.0,0.0
2017-04-10 00:00:00+09:00,1115.9957044446792,1126.4956640295081,1100.2457650674357,1109.9957275390625,1086700,0.0,0.0
2017-04-11 00:00:00+09:00,1103.9960256786192,1121.2459635798477,1098.7460445782453,1118.9959716796875,868000,0.0,0.0
2017-04-12 00:00:00+09:00,1109.2459825450153,1117.4959526653636,1100.996012424667,1112.2459716796875,1307100,0.0,0.0
2017-04-13 00:00:00+09:00,1103.9961201079623,1114.4960832068152,1102.4961253795548,1111.49609375,1063600,0.0,0.0
2017-04-14 00:00:00+09:00,1133.996011985145,1136.2460040724172,1103.9961174881837,1110.74609375,1131800,0.0,0.0
2017-04-17 00:00:00+09:00,1100.2460733914295,1133.995952943314,1098.7460787446792,1128.7459716796875,919300,0.0,0.0
2017-04-18 00:00:00+09:00,1140.7459369527883,1144.4959235962885,1124.995993050087,1130.9959716796875,895400,0.0,0.0
2017-04-19 00:00:00+09:00,1121.2459931211795,1139.995926116517,1115.9960118824852,1127.2459716796875,1165600,0.0,0.0
2017-04-20 00:00:00+09:00,1119.7458606992632,1130.2458218846548,1110.7458939689275,1122.745849609375,1243700,0.0,0.0
2017-04-21 00:00:00+09:00,1124.2459824004336,1133.995947558009,1119.7459984815525,1127.2459716796875,966400,0.0,0.0
2017-04-24 00:00:00+09:00,1143.746023343625,1145.9960155206943,1118.2461120035048,1123.49609375,925400,0.0,0.0
2017-04-25 00:00:00+09:00,1116.7460616093597,1143.7459663897068,1111.4960801242921,1142.2459716796875,739200,0.0,0.0
2017-04-26 00:00:00+09:00,1143.7459690364326,1145.9959611066683,1132.4960086852545,1142.9959716796875,724300,0.0,0.0
2017-04-27 00:00:00+09:00,1139.9959796146586,1144.4959637447164,1136.2459928396104,1142.2459716796875,681500,0.0,0.0
2017-04-28 00:00:00+09:00,1143.7457163031363,1147.4957022582287,1136.9957415839704,1140.7457275390625,778400,0.0,0.0
2017-05-01 00:00:00+09:00,1138.495849609375,1142.995833204669,1130.9958769505517,1138.495849609375,815200,0.0,0.0
2017-05-02 00:00:00+09:00,1142.9958046195434,1163.9957275390625,1140.7458128781664,1163.9957275390625,933400,0.0,0.0
2017-05-08 00:00:00+09:00,1162.4959154885912,1181.245849609375,1153.495947110615,1181.245849609375,2007300,0.0,0.0
2017-05-09 00:00:00+09:00,1169.9958839101241,1181.9958416938175,1154.245939319026,1179.745849609375,2002800,0.0,0.0
2017-05-10 00:00:00+09:00,1180.4958177241717,1181.995812409971,1163.245878837478,1171.495849609375,1526500,0.0,0.0
2017-05-11 00:00:00+09:00,1173.7458121461457,1175.2458067942557,1152.7458870726043,1163.245849609375,1194600,0.0,0.0
2017-05-12 00:00:00+09:00,1165.4958734279726,1168.4958628061654,1133.9959849569461,1137.7459716796875,1552600,0.0,0.0
2017-05-15 00:00:00+09:00,1175.9957998628527,1202.9957034311324,1171.495815934806,1196.2457275390625,3222700,0.0,0.0
2017-05-16 00:00:00+09:00,1207.4955389689076,1211.995522343947,1175.9956553436318,1189.49560546875,2466300,0.0,0.0
2017-05-17 00:00:00+09:00,1179.7459381103515,1185.7459174522987,1157.9960129957933,1169.9959716796875,1288700,0.0,0.0
2017-05-18 00:00:00+09:00,1149.7457079406179,1157.2456799428398,1136.9957555368408,1144.4957275390625,1207800,0.0,0.0
2017-05-19 00:00:00+09:00,1139.995961050874,1142.9959504220606,1127.2460062233313,1136.9959716796875,867400,0.0,0.0
2017-05-22 00:00:00+09:00,1143.7458846907,1157.2458361165575,1136.9959089777715,1153.495849609375,765900,0.0,0.0
2017-05-23 00:00:00+09:00,1142.2457415196284,1155.745691189591,1137.7457582963075,1145.9957275390625,1045700,0.0,0.0
2017-05-24 00:00:00+09:00,1163.2457846139223,1181.9957166676606,1154.245817228128,1178.9957275390625,1514400,0.0,0.0
2017-05-25 00:00:00+09:00,1178.9958627685082,1185.7458390820684,1172.245886454948,1182.745849609375,966400,0.0,0.0
2017-05-26 00:00:00+09:00,1182.7456837470222,1185.745672799012,1170.7457275390625,1170.7457275390625,1294500,0.0,0.0
2017-05-29 00:00:00+09:00,1171.4957957781087,1172.2457930865455,1156.495849609375,1156.495849609375,1106800,0.0,0.0
2017-05-30 00:00:00+09:00,1154.245997685629,1166.9959534755287,1150.4960106885997,1161.7459716796875,1100100,0.0,0.0
2017-05-31 00:00:00+09:00,1152.7458031905326,1158.7457813463714,1133.9958714535362,1139.995849609375,1749700,0.0,0.0
2017-06-01 00:00:00+09:00,1135.495903721378,1154.2458360813741,1130.245922660579,1150.495849609375,1625100,0.0,0.0
2017-06-02 00:00:00+09:00,1156.4960535769237,1187.2459486460898,1156.4960535769237,1180.4959716796875,1285700,0.0,0.0
2017-06-05 00:00:00+09:00,1175.2460022939015,1188.7459563725806,1166.2460329081152,1184.2459716796875,978000,0.0,0.0
2017-06-06 00:00:00+09:00,1177.4957329747635,1192.495678617754,1169.2457628711186,1178.9957275390625,1264100,0.0,0.0
2017-06-07 00:00:00+09:00,1181.2459895041138,1196.2459385771817,1179.745994596807,1186.4959716796875,1011500,0.0,0.0
2017-06-08 00:00:00+09:00,1187.2457639791364,1187.2457639791364,1158.7458656650447,1163.245849609375,1678400,0.0,0.0
2017-06-09 00:00:00+09:00,1163.2459690807711,1175.9959248991934,1160.2459794764363,1162.4959716796875,980100,0.0,0.0
2017-06-12 00:00:00+09:00,1161.7460606892905,1174.4960174560547,1146.7461115519206,1151.99609375,897100,0.0,0.0
2017-06-13 00:00:00+09:00,1148.246018490382,1169.2459456737463,1141.4960418957291,1161.7459716796875,1108400,0.0,0.0
2017-06-14 00:00:00+09:00,1160.9958089988993,1163.995798169439,1148.9958523167402,1149.745849609375,644900,0.0,0.0
2017-06-15 00:00:00+09:00,1148.9956424453883,1163.2455884026092,1145.9956538228155,1158.74560546875,792800,0.0,0.0
2017-06-16 00:00:00+09:00,1160.2457275390625,1166.2457054448882,1151.2457606803237,1160.2457275390625,1215200,0.0,0.0
2017-06-19 00:00:00+09:00,1148.9959716796875,1154.2459532735243,1139.9960032331103,1148.9959716796875,802600,0.0,0.0
2017-06-20 00:00:00+09:00,1147.496203413166,1157.9961686731558,1143.7462158203125,1143.7462158203125,937300,0.0,0.0
2017-06-21 00:00:00+09:00,1141.4955793281147,1142.9955735190845,1124.9956432274455,1134.74560546875,1083400,0.0,0.0
2017-06-22 00:00:00+09:00,1133.2460963334988,1138.496078249008,1124.996124751984,1133.99609375,877300,0.0,0.0
2017-06-23 00:00:00+09:00,1130.2456961239086,1130.9956932679854,1118.245741818678,1121.9957275390625,941300,0.0,0.0
2017-06-26 00:00:00+09:00,1122.7457246831393,1127.245707547601,1116.745747530524,1121.9957275390625,535000,0.0,0.0
2017-06-27 00:00:00+09:00,1126.4959689959298,1130.2459555771413,1121.995985098476,1125.7459716796875,606000,0.0,0.0
2017-06-28 00:00:00+09:00,1127.2602470742636,1136.3449502071655,1120.446719724587,1122.7178955078125,810900,14.0,0.0
2017-06-29 00:00:00+09:00,1127.2602820574918,1134.0738096186183,1117.4185200247534,1132.5596923828125,1098500,0.0,0.0
2017-06-30 00:00:00+09:00,1132.559541121773,1134.8307166721509,1108.333668584409,1114.39013671875,1293200,0.0,0.0
2017-07-03 00:00:00+09:00,1115.1471369237076,1119.6894877869406,1101.5200843340085,1103.791259765625,844400,0.0,0.0
2017-07-04 00:00:00+09:00,1109.0907843312575,1120.44666266912,1106.0625501078273,1112.1190185546875,907300,0.0,0.0
2017-07-05 00:00:00+09:00,1110.6048152363749,1121.9606926927795,1098.4918792828764,1109.0906982421875,1034800,0.0,0.0
2017-07-06 00:00:00+09:00,1103.7912304889408,1112.118873517321,1096.9777043748115,1098.4918212890625,1076500,0.0,0.0
2017-07-07 00:00:00+09:00,1090.1643281575296,1096.2207966472936,1086.379035351427,1090.92138671875,1193300,0.0,0.0
2017-07-10 00:00:00+09:00,1102.2772432116506,1107.5766530347837,1096.9778333885176,1103.0343017578125,828000,0.0,0.0
2017-07-11 00:00:00+09:00,1103.0341937272674,1104.5483106712993,1091.6783166470277,1099.2489013671875,844500,0.0,0.0
2017-07-12 00:00:00+09:00,1092.43534598697,1100.0059305052444,1087.8929952760056,1093.949462890625,682300,0.0,0.0
2017-07-13 00:00:00+09:00,1100.006089453396,1102.2772651370576,1087.893152473868,1090.92138671875,822400,0.0,0.0
2017-07-14 00:00:00+09:00,1092.4353826075424,1108.333610628858,1088.650090221515,1103.791259765625,829800,0.0,0.0
2017-07-17 00:00:00+09:00,1103.791259765625,1103.791259765625,1103.791259765625,1103.791259765625,0,0.0,0.0
2017-07-18 00:00:00+09:00,1099.2489154554683,1100.7630324189054,1084.864804302814,1095.463623046875,704300,0.0,0.0
2017-07-19 00:00:00+09:00,1095.4636165163645,1104.5483182428304,1087.8930317443094,1103.791259765625,712500,0.0,0.0
2017-07-20 00:00:00+09:00,1103.79133882542,1116.6613338597358,1096.9778120425472,1115.147216796875,690000,0.0,0.0
2017-07-21 00:00:00+09:00,1128.0172694603227,1132.5596208809684,1119.6896251891392,1125.74609375,1215200,0.0,0.0
2017-07-24 00:00:00+09:00,1115.1473441710446,1132.5596923828125,1109.090875227821,1132.5596923828125,1020800,0.0,0.0
2017-07-25 00:00:00+09:00,1133.3164633632184,1137.8588139177805,1122.717645402574,1131.0452880859375,890600,0.0,0.0
2017-07-26 00:00:00+09:00,1128.0172190946691,1131.802511776195,1113.6331069048713,1119.6895751953125,1394100,0.0,0.0
2017-07-27 00:00:00+09:00,1118.9326160443666,1146.9437843756532,1118.1755574408182,1131.8026123046875,1460100,0.0,0.0
2017-07-28 00:00:00+09:00,1134.8307459214154,1146.9436825022979,1132.5595703125,1145.4295654296875,2287200,0.0,0.0
2017-07-31 00:00:00+09:00,1140.130162875281,1143.9154555807102,1125.74605059465,1137.1019287109375,792900,0.0,0.0
2017-08-01 00:00:00+09:00,1140.8871430667273,1151.4859619140625,1138.615967599441,1151.4859619140625,1033300,0.0,0.0
2017-08-02 00:00:00+09:00,1156.7853780784355,1159.8136120524628,1141.644208208299,1143.1583251953125,868500,0.0,0.0
2017-08-03 00:00:00+09:00,1143.1582884192865,1144.6724053575902,1131.045352912857,1133.3165283203125,678100,0.0,0.0
2017-08-04 00:00:00+09:00,1130.2882868500062,1130.2882868500062,1114.3900591046277,1128.774169921875,941400,0.0,0.0
2017-08-07 00:00:00+09:00,1136.3447049153647,1144.67234765625,1127.2600037434897,1135.587646484375,908100,0.0,0.0
2017-08-08 00:00:00+09:00,1117.4185641827735,1131.045619843539,1114.3903295914922,1121.203857421875,1101300,0.0,0.0
2017-08-09 00:00:00+09:00,1115.9043042175751,1121.203714074782,1100.0060746459544,1107.57666015625,984500,0.0,0.0
2017-08-10 00:00:00+09:00,1107.5766313993013,1107.5766313993013,1093.94957783458,1102.2772216796875,1199100,0.0,0.0
2017-08-11 00:00:00+09:00,1102.2772216796875,1102.2772216796875,1102.2772216796875,1102.2772216796875,0,0.0,0.0
2017-08-14 00:00:00+09:00,1086.3790644039898,1087.136122985456,1075.023185681997,1083.350830078125,1325400,0.0,0.0
2017-08-15 00:00:00+09:00,1087.1360939126475,1100.7631480146167,1085.6219767902064,1090.92138671875,1083600,0.0,0.0
2017-08-16 00:00:00+09:00,1084.1078886595913,1093.1925916371856,1074.2661271005306,1083.350830078125,1333000,0.0,0.0
2017-08-17 00:00:00+09:00,1079.5655664474841,1082.5938008554715,1074.2661562335063,1075.7802734375,721000,0.0,0.0
2017-08-18 00:00:00+09:00,1063.6673085042726,1065.181425669403,1055.339664096054,1057.61083984375,704600,0.0,0.0
2017-08-21 00:00:00+09:00,1058.3676161573112,1058.3676161573112,1047.768798828125,1047.768798828125,751600,0.0,0.0
2017-08-22 00:00:00+09:00,1047.768913280116,1050.7971471335268,1041.7124455732946,1043.2265625,892000,0.0,0.0
2017-08-23 00:00:00+09:00,1049.2832842075484,1051.5544601473916,1034.1421112752605,1034.899169921875,965900,0.0,0.0
2017-08-24 00:00:00+09:00,1034.8987737319048,1039.4411238726448,1028.085248520795,1029.599365234375,1019700,0.0,0.0
2017-08-25 00:00:00+09:00,1031.8705756713507,1035.6558675850388,1025.0570502267124,1026.5711669921875,870200,0.0,0.0
2017-08-28 00:00:00+09:00,1028.842615274498,1032.6279081930943,1024.3002637721822,1031.870849609375,662400,0.0,0.0
2017-08-29 00:00:00+09:00,1018.2435873972498,1025.0571132608745,1014.4582952507917,1015.972412109375,774900,0.0,0.0
2017-08-30 00:00:00+09:00,1016.7296249570226,1027.3284445768277,1013.7013907799354,1023.5431518554688,764800,0.0,0.0
2017-08-31 00:00:00+09:00,1031.1135964330224,1034.8988886372554,1022.0288951428637,1025.05712890625,1108000,0.0,0.0
2017-09-01 00:00:00+09:00,1031.8707417416467,1040.1983852920196,1024.3001566958533,1028.08544921875,910600,0.0,0.0
2017-09-04 00:00:00+09:00,1050.040145851551,1057.6107308973444,1023.543098191274,1028.08544921875,1019400,0.0,0.0
2017-09-05 00:00:00+09:00,1031.1138752892712,1034.1421098716187,1016.7297610231213,1019.7579956054688,816800,0.0,0.0
2017-09-06 00:00:00+09:00,1015.2156157536293,1022.029143376137,1011.4303226300141,1014.4585571289062,867400,0.0,0.0
2017-09-07 00:00:00+09:00,1010.6731640680318,1016.7296324669413,1000.0743443699401,1002.3455200195312,1366200,0.0,0.0
2017-09-08 00:00:00+09:00,991.746617736349,1003.1024950386736,987.9613253022408,988.7183837890625,1837200,0.0,0.0
2017-09-11 00:00:00+09:00,997.8031544569062,1009.9160910815727,993.2608032226562,993.2608032226562,1172200,0.0,0.0
2017-09-12 00:00:00+09:00,1003.8595224939791,1012.9442240550105,1002.3454055671405,1006.8877563476562,835400,0.0,0.0
2017-09-13 00:00:00+09:00,1012.1872346572143,1025.8142879285904,1008.4019420818321,1024.3001708984375,794200,0.0,0.0
2017-09-14 00:00:00+09:00,1027.328225374925,1034.8988092023012,1023.5429334612371,1026.5711669921875,993800,0.0,0.0
2017-09-15 00:00:00+09:00,1023.5429550766858,1031.1135390639395,1019.0006046843337,1027.3282470703125,876200,0.0,0.0
2017-09-18 00:00:00+09:00,1027.3282470703125,1027.3282470703125,1027.3282470703125,1027.3282470703125,0,0.0,0.0
2017-09-19 00:00:00+09:00,1033.3849091436755,1047.7690214321221,1028.8425578946922,1047.011962890625,1075400,0.0,0.0
2017-09-20 00:00:00+09:00,1047.0120688007394,1065.1814756345918,1047.0120688007394,1063.6673583984375,1295200,0.0,0.0
2017-09-21 00:00:00+09:00,1075.7801586383694,1106.8195580079494,1075.02310011716,1080.322509765625,2048000,0.0,0.0
2017-09-22 00:00:00+09:00,1090.9213290625546,1094.706621668601,1075.02310011716,1080.322509765625,957800,0.0,0.0
2017-09-25 00:00:00+09:00,1085.6219988692435,1089.4072917523301,1077.294354526453,1078.8084716796875,504600,0.0,0.0
2017-09-26 00:00:00+09:00,1077.2941678204115,1078.8082847112341,1067.4524080300635,1076.537109375,560200,0.0,0.0
2017-09-27 00:00:00+09:00,1080.3224524864784,1087.1359788161058,1079.5653940054087,1082.5936279296875,564900,0.0,0.0
2017-09-28 00:00:00+09:00,1081.8365200273356,1091.678279831643,1080.3224031343652,1089.4071044921875,954800,0.0,0.0
2017-09-29 00:00:00+09:00,1089.4071044921875,1093.1923967246134,1084.8647538132764,1089.4071044921875,1211500,0.0,0.0
2017-10-02 00:00:00+09:00,1090.9212494430383,1091.6783079089946,1074.2659631919994,1081.8365478515625,781100,0.0,0.0
2017-10-03 00:00:00+09:00,1076.5374135886095,1106.81975996241,1076.5374135886095,1104.548583984375,1075400,0.0,0.0
2017-10-04 00:00:00+09:00,1114.3901083839405,1122.7177518569183,1109.84775739868,1121.960693359375,1665000,0.0,0.0
2017-10-05 00:00:00+09:00,1120.4467987740547,1124.9891506609765,1116.661505534953,1121.203857421875,987000,0.0,0.0
2017-10-06 00:00:00+09:00,1130.288237467448,1139.372938639323,1128.7741206054689,1135.587646484375,1046900,0.0,0.0
2017-10-09 00:00:00+09:00,1135.587646484375,1135.587646484375,1135.587646484375,1135.587646484375,0,0.0,0.0
2017-10-10 00:00:00+09:00,1133.3165499148604,1139.3730177834768,1128.774199013398,1134.0736083984375,699600,0.0,0.0
2017-10-11 00:00:00+09:00,1132.559404937458,1137.1017554920202,1128.0170543828963,1131.0452880859375,464000,0.0,0.0
2017-10-12 00:00:00+09:00,1134.8307170060916,1137.858951074153,1126.5030733189221,1127.2601318359375,517600,0.0,0.0
2017-10-13 00:00:00+09:00,1123.4747682213385,1139.3729960735272,1120.4465343447312,1133.3165283203125,1099400,0.0,0.0
2017-10-16 00:00:00+09:00,1127.2599471467222,1146.186406971214,1124.9887719677834,1137.8587646484375,772200,0.0,0.0
2017-10-17 00:00:00+09:00,1144.67234765625,1145.4294060872396,1124.988828450521,1135.587646484375,656800,0.0,0.0
2017-10-18 00:00:00+09:00,1132.559817828341,1153.0004027757777,1131.0457004248271,1149.97216796875,1010800,0.0,0.0
2017-10-19 00:00:00+09:00,1158.2994676241258,1169.6553447576955,1149.9718243928412,1163.598876953125,1268800,0.0,0.0
2017-10-20 00:00:00+09:00,1159.8137931122867,1160.5708517239789,1149.9720311602896,1153.75732421875,977000,0.0,0.0
2017-10-23 00:00:00+09:00,1166.627016038776,1167.384074452818,1155.2711398281454,1156.0281982421875,878800,0.0,0.0
2017-10-24 00:00:00+09:00,1161.327702545598,1177.2259305465482,1159.056527116891,1176.4688720703125,1218400,0.0,0.0
2017-10-25 00:00:00+09:00,1181.0112218912654,1181.7682803668367,1159.8135845752684,1163.598876953125,1405300,0.0,0.0
2017-10-26 00:00:00+09:00,1165.1128773620526,1167.3840525615888,1154.514059764217,1155.2711181640625,649700,0.0,0.0
2017-10-27 00:00:00+09:00,1165.8702382386,1180.2543515675177,1158.2996522760116,1178.740234375,1122300,0.0,0.0
2017-10-30 00:00:00+09:00,1188.5815914527946,1190.0957081298045,1178.73983305223,1181.76806640625,991100,0.0,0.0
2017-10-31 00:00:00+09:00,1181.7683751723346,1199.180721507353,1179.4971995634191,1196.9095458984375,897100,0.0,0.0
2017-11-01 00:00:00+09:00,1205.9942342122397,1229.463048562886,1199.180707465278,1226.434814453125,1381000,0.0,0.0
2017-11-02 00:00:00+09:00,1230.9770948601347,1246.1182645386111,1223.4065100208966,1245.3612060546875,1325600,0.0,0.0
2017-11-03 00:00:00+09:00,1245.3612060546875,1245.3612060546875,1245.3612060546875,1245.3612060546875,0,0.0,0.0
2017-11-06 00:00:00+09:00,1246.8754092945771,1249.1465849034926,1221.8924775965074,1235.51953125,1456800,0.0,0.0
2017-11-07 00:00:00+09:00,1230.2202227094951,1230.2202227094951,1213.564933540505,1221.892578125,1890500,0.0,0.0
2017-11-08 00:00:00+09:00,1221.892563497674,1227.1919736243678,1215.8360947814526,1225.6778564453125,944700,0.0,0.0
2017-11-09 00:00:00+09:00,1230.2202079824785,1251.4178484892536,1212.0508018338144,1225.6778564453125,1185800,0.0,0.0
2017-11-10 00:00:00+09:00,1215.078838194683,1245.3611768412793,1214.3217797285179,1240.061767578125,1087100,0.0,0.0
2017-11-13 00:00:00+09:00,1235.5193202979515,1236.276378704997,1219.62109375,1219.62109375,925200,0.0,0.0
2017-11-14 00:00:00+09:00,1227.9489030147622,1240.8188976826111,1225.6777274851418,1234.00537109375,929400,0.0,0.0
2017-11-15 00:00:00+09:00,1218.8640004540705,1218.8640004540705,1185.5534314975619,1188.5816650390625,1113800,0.0,0.0
2017-11-16 00:00:00+09:00,1184.0394643930288,1196.1524000901443,1172.683587176983,1181.01123046875,1375600,0.0,0.0
2017-11-17 00:00:00+09:00,1199.1807727090031,1200.694889846262,1173.440781375603,1177.22607421875,1424300,0.0,0.0
2017-11-20 00:00:00+09:00,1170.4124971277574,1181.0113166360295,1165.8701459099266,1171.1695556640625,909300,0.0,0.0
2017-11-21 00:00:00+09:00,1180.254171038941,1191.6100482458583,1167.3841768711013,1168.1412353515625,1142700,0.0,0.0
2017-11-22 00:00:00+09:00,1171.1695338686438,1177.9830605685906,1153.7571878576684,1157.54248046875,2325900,0.0,0.0
2017-11-23 00:00:00+09:00,1157.54248046875,1157.54248046875,1157.54248046875,1157.54248046875,0,0.0,0.0
2017-11-24 00:00:00+09:00,1153.0000788922532,1155.2712543595394,1134.8306751539642,1151.4859619140625,813000,0.0,0.0
2017-11-27 00:00:00+09:00,1153.7572742955351,1159.8137429270078,1141.6443370325899,1147.7008056640625,880200,0.0,0.0
2017-11-28 00:00:00+09:00,1137.10204409023,1137.8591027081332,1125.7461648216859,1132.5596923828125,1136100,0.0,0.0
2017-11-29 00:00:00+09:00,1140.8872285635464,1145.4295798385174,1134.07370165109,1141.644287109375,724200,0.0,0.0
2017-11-30 00:00:00+09:00,1146.9437524163018,1180.254330044234,1146.1866938338487,1177.983154296875,1504100,0.0,0.0
2017-12-01 00:00:00+09:00,1187.067676595574,1187.8247350627908,1167.3841564479435,1180.254150390625,927200,0.0,0.0
2017-12-04 00:00:00+09:00,1192.3672673634821,1193.881384528388,1176.469037131969,1177.983154296875,589200,0.0,0.0
2017-12-05 00:00:00+09:00,1172.6837502226488,1199.1808007441418,1165.8702229456935,1195.3955078125,1112300,0.0,0.0
2017-12-06 00:00:00+09:00,1194.6382522583008,1200.6947199503581,1153.757095336914,1162.841796875,1381000,0.0,0.0
2017-12-07 00:00:00+09:00,1168.8985032424428,1172.683796322891,1153.7573309206496,1158.2996826171875,767700,0.0,0.0
2017-12-08 00:00:00+09:00,1169.6555098898918,1183.282564374046,1165.870216977627,1177.983154296875,1745000,0.0,0.0
2017-12-11 00:00:00+09:00,1196.9093745393573,1209.0223093860554,1193.8811408276829,1203.722900390625,1206400,0.0,0.0
2017-12-12 00:00:00+09:00,1196.90936862581,1214.3217123819097,1193.1240765049188,1212.050537109375,802000,0.0,0.0
2017-12-13 00:00:00+09:00,1224.1635515452774,1230.2200193327617,1205.9941481828243,1210.5364990234375,732200,0.0,0.0
2017-12-14 00:00:00+09:00,1212.8076154931487,1214.3217323664235,1193.881154577213,1199.9376220703125,848600,0.0,0.0
2017-12-15 00:00:00+09:00,1193.1240706905241,1196.1523043724799,1170.4123180758568,1173.4405517578125,1156200,0.0,0.0
2017-12-18 00:00:00+09:00,1179.4971561172633,1183.28244865936,1167.3842199825547,1169.6553955078125,1132500,0.0,0.0
2017-12-19 00:00:00+09:00,1163.5988553365073,1171.926498413086,1153.000036875407,1162.841796875,1094100,0.0,0.0
2017-12-20 00:00:00+09:00,1156.7854578637296,1157.542516409452,1149.9719309522286,1154.5142822265625,748700,0.0,0.0
2017-12-21 00:00:00+09:00,1153.7574614775347,1154.5145201792916,1140.13040484591,1149.97216796875,577800,0.0,0.0
2017-12-22 00:00:00+09:00,1149.2148225826577,1162.841875814863,1149.2148225826577,1161.3277587890625,593000,0.0,0.0
2017-12-25 00:00:00+09:00,1160.57080078125,1167.3843279874022,1157.5425664674046,1160.57080078125,407500,0.0,0.0
2017-12-26 00:00:00+09:00,1159.8137276876423,1168.141371946496,1159.8137276876423,1164.3560791015625,514900,0.0,0.0
2017-12-27 00:00:00+09:00,1165.8859342153137,1186.5413936797581,1164.3559001809103,1182.71630859375,525200,16.0,0.0
2017-12-28 00:00:00+09:00,1182.716497927296,1186.5415836256377,1159.0009665975765,1162.06103515625,584000,0.0,0.0
2017-12-29 00:00:00+09:00,1162.825922922142,1172.7711446313444,1155.9407694311556,1164.35595703125,432900,0.0,0.0
2018-01-01 00:00:00+09:00,1164.35595703125,1164.35595703125,1164.35595703125,1164.35595703125,0,0.0,0.0
2018-01-02 00:00:00+09:00,1164.35595703125,1164.35595703125,1164.35595703125,1164.35595703125,0,0.0,0.0
2018-01-03 00:00:00+09:00,1164.35595703125,1164.35595703125,1164.35595703125,1164.35595703125,0,0.0,0.0
2018-01-04 00:00:00+09:00,1164.3560745229556,1203.3719482421875,1159.0009546007082,1203.3719482421875,1284900,0.0,0.0
2018-01-05 00:00:00+09:00,1220.9672778274507,1225.5573803756743,1210.2570385482625,1223.2623291015625,1094900,0.0,0.0
2018-01-08 00:00:00+09:00,1223.2623291015625,1223.2623291015625,1223.2623291015625,1223.2623291015625,0,0.0,0.0
2018-01-09 00:00:00+09:00,1239.3277541867708,1280.6386793263298,1239.3277541867708,1278.3436279296875,1731300,0.0,0.0
2018-01-10 00:00:00+09:00,1271.4583119758497,1292.1137719176957,1263.808141627018,1291.3487548828125,1234300,0.0,0.0
2018-01-11 00:00:00+09:00,1291.3487077127854,1307.4140648585012,1279.8734526087026,1306.6490478515625,1067900,0.0,0.0
2018-01-12 00:00:00+09:00,1308.94427540916,1312.0043438496255,1283.6987107753187,1289.81884765625,1208400,0.0,0.0
2018-01-15 00:00:00+09:00,1289.8185129883943,1320.419189453125,1278.3432593141204,1320.419189453125,991000,0.0,0.0
2018-01-16 00:00:00+09:00,1320.4195755591077,1327.3047297769708,1312.7694042059263,1314.2994384765625,800800,0.0,0.0
2018-01-17 00:00:00+09:00,1304.3540731053445,1334.954755172332,1301.2940048986457,1321.1844482421875,1346800,0.0,0.0
2018-01-18 00:00:00+09:00,1333.424866859516,1334.9549011301524,1308.1793013940176,1314.2994384765625,1199700,0.0,0.0
2018-01-19 00:00:00+09:00,1321.184280054871,1338.0146530492004,1321.184280054871,1336.484619140625,708300,0.0,0.0
2018-01-22 00:00:00+09:00,1343.3701096925633,1350.255264013311,1330.3648181978176,1345.6651611328125,1042900,0.0,0.0
2018-01-23 00:00:00+09:00,1349.4900408588524,1373.2055687877778,1345.6649557090257,1372.4405517578125,1562500,0.0,0.0
2018-01-24 00:00:00+09:00,1378.560686270568,1417.5765547499238,1378.560686270568,1412.221435546875,1995700,0.0,0.0
2018-01-25 00:00:00+09:00,1399.21630859375,1407.631496890377,1388.506068943497,1399.21630859375,1283500,0.0,0.0
2018-01-26 00:00:00+09:00,1396.9212597068604,1421.4018075220956,1390.0361056338254,1398.4512939453125,1329500,0.0,0.0
2018-01-29 00:00:00+09:00,1399.9814888080443,1412.221764120027,1386.2111790820634,1386.9761962890625,782800,0.0,0.0
2018-01-30 00:00:00+09:00,1385.445617607356,1386.9756514202854,1355.6099582552374,1364.7901611328125,1328300,0.0,0.0
2018-01-31 00:00:00+09:00,1357.9054557412505,1370.145730271876,1336.4849753126562,1339.5450439453125,1702900,0.0,0.0
2018-02-01 00:00:00+09:00,1350.2551512976318,1352.5502025462963,1331.8947413083154,1342.60498046875,1149600,0.0,0.0
2018-02-02 00:00:00+09:00,1332.6595528478113,1337.2496546371838,1321.18429837438,1330.364501953125,1059400,0.0,0.0
2018-02-05 00:00:00+09:00,1299.7639089151778,1314.2992322049886,1288.28865368638,1302.0589599609375,1374900,0.0,0.0
2018-02-06 00:00:00+09:00,1285.228725464876,1321.949546192444,1256.1580757222182,1295.93896484375,3191000,0.0,0.0
2018-02-07 00:00:00+09:00,1326.539538487439,1347.1949984292849,1289.0537037781628,1291.3487548828125,2015100,0.0,0.0
2018-02-08 00:00:00+09:00,1295.1738592965262,1303.5890468052455,1273.7533820016042,1285.2286376953125,1691000,0.0,0.0
2018-02-09 00:00:00+09:00,1247.7428735351564,1264.5732495117188,1240.0927026367187,1262.2781982421875,1847700,0.0,0.0
2018-02-12 00:00:00+09:00,1262.2781982421875,1262.2781982421875,1262.2781982421875,1262.2781982421875,0,0.0,0.0
2018-02-13 00:00:00+09:00,1273.7534398617952,1289.0537814817567,1264.5732348898182,1266.8682861328125,1519000,0.0,0.0
2018-02-14 00:00:00+09:00,1268.3981583362129,1294.4087357689218,1267.633141352898,1279.8734130859375,1477200,0.0,0.0
2018-02-15 00:00:00+09:00,1288.2888977301955,1313.5344640158823,1284.4638119293338,1301.294189453125,1253000,0.0,0.0
2018-02-16 00:00:00+09:00,1298.233642578125,1308.943878875175,1289.8184569161572,1298.233642578125,1112300,0.0,0.0
2018-02-19 00:00:00+09:00,1312.7693623919308,1329.599738832853,1311.2393281700288,1327.3046875,921600,0.0,0.0
2018-02-20 00:00:00+09:00,1328.0695776887233,1334.9547310292755,1315.8293050832972,1328.8345947265625,905800,0.0,0.0
2018-02-21 00:00:00+09:00,1328.8345434527405,1328.8345434527405,1302.0589481615225,1305.884033203125,1506000,0.0,0.0
2018-02-22 00:00:00+09:00,1292.1138448496636,1292.1138448496636,1263.0431958832412,1268.3983154296875,941700,0.0,0.0
2018-02-23 00:00:00+09:00,1271.4580649855855,1300.5287066639562,1269.1630143267666,1293.6435546875,971500,0.0,0.0
2018-02-26 00:00:00+09:00,1305.8839981132267,1320.4193208807437,1295.17376028453,1317.3592529296875,756500,0.0,0.0
2018-02-27 00:00:00+09:00,1317.359257613781,1323.4793935376545,1303.5889517850655,1315.8292236328125,960800,0.0,0.0
2018-02-28 00:00:00+09:00,1303.5890885729855,1312.0042763513322,1269.1633203888398,1272.223388671875,1285100,0.0,0.0
2018-03-01 00:00:00+09:00,1259.9831988087017,1262.278250172652,1238.5627194118324,1246.212890625,1484600,0.0,0.0
2018-03-02 00:00:00+09:00,1224.0273194875776,1240.092678055852,1217.14216581546,1231.677490234375,1261600,0.0,0.0
2018-03-05 00:00:00+09:00,1214.0822652628553,1225.5575229685535,1209.4921621805763,1217.142333984375,1177700,0.0,0.0
2018-03-06 00:00:00+09:00,1232.4427827875666,1237.7979035073138,1217.1424378740028,1222.49755859375,826600,0.0,0.0
2018-03-07 00:00:00+09:00,1208.7269263174019,1224.0272671568628,1201.8417729396447,1209.491943359375,1362500,0.0,0.0
2018-03-08 00:00:00+09:00,1220.2021916304197,1220.2021916304197,1200.3117483812719,1206.431884765625,852100,0.0,0.0
2018-03-09 00:00:00+09:00,1217.1422341367236,1243.9178332534964,1205.6669773723925,1210.257080078125,1706500,0.0,0.0
2018-03-12 00:00:00+09:00,1227.0875168938628,1230.9126026697165,1204.1370022387407,1229.382568359375,939500,0.0,0.0
2018-03-13 00:00:00+09:00,1230.9124442781385,1241.622683072355,1224.027290767571,1240.857666015625,556200,0.0,0.0
2018-03-14 00:00:00+09:00,1230.1473038932531,1246.9776774539819,1230.1473038932531,1241.62255859375,777400,0.0,0.0
2018-03-15 00:00:00+09:00,1246.9776107381676,1264.5730003375406,1238.562424408033,1263.8079833984375,806600,0.0,0.0
2018-03-16 00:00:00+09:00,1294.4089602222057,1297.469028686088,1279.1086179027943,1286.7587890625,1312500,0.0,0.0
2018-03-19 00:00:00+09:00,1279.8733648082818,1284.4634665350302,1250.0377035844188,1255.392822265625,692000,0.0,0.0
2018-03-20 00:00:00+09:00,1224.7922505632837,1243.1526590664184,1213.3169952488245,1220.2021484375,1535400,0.0,0.0
2018-03-21 00:00:00+09:00,1220.2021484375,1220.2021484375,1220.2021484375,1220.2021484375,0,0.0,0.0
2018-03-22 00:00:00+09:00,1214.08200050354,1225.5572557067871,1201.841728286743,1224.0272216796875,1397400,0.0,0.0
2018-03-23 00:00:00+09:00,1194.9564598503237,1198.7815445489482,1177.3610702366504,1181.951171875,1227500,0.0,0.0
2018-03-26 00:00:00+09:00,1165.8858297545078,1178.1261009330328,1156.705626370614,1177.361083984375,724600,0.0,0.0
2018-03-27 00:00:00+09:00,1191.1315970447577,1246.9778440481405,1187.306511633567,1227.8524169921875,1668100,0.0,0.0
2018-03-28 00:00:00+09:00,1218.6722883638918,1222.4973740147514,1191.896688807874,1204.136962890625,1285400,0.0,0.0
2018-03-29 00:00:00+09:00,1226.3222846052115,1234.737471835815,1206.431842060149,1220.2021484375,1197200,0.0,0.0
2018-03-30 00:00:00+09:00,1221.7322851836643,1235.5025927186086,1217.1421826720164,1226.3223876953125,943900,0.0,0.0
2018-04-02 00:00:00+09:00,1223.2623660925663,1231.677554352115,1211.787109375,1211.787109375,680600,0.0,0.0
2018-04-03 00:00:00+09:00,1201.8418966945214,1211.022102143493,1194.9567426077929,1208.72705078125,804400,0.0,0.0
2018-04-04 00:00:00+09:00,1214.0822227819642,1234.7376859294834,1206.432051245846,1230.1475830078125,917700,0.0,0.0
2018-04-05 00:00:00+09:00,1235.502383720584,1259.9829263082365,1229.382248073671,1254.6278076171875,925900,0.0,0.0
2018-04-06 00:00:00+09:00,1252.3328247449178,1262.2780457111267,1232.4423828125,1232.4423828125,1020200,0.0,0.0
2018-04-09 00:00:00+09:00,1229.3824511566638,1236.267604896807,1220.2022461698061,1227.8524169921875,960100,0.0,0.0
2018-04-10 00:00:00+09:00,1220.2023001193097,1224.027385699621,1209.492060494438,1211.0220947265625,1262500,0.0,0.0
2018-04-11 00:00:00+09:00,1209.491943359375,1215.6120796951593,1200.3117388556984,1209.491943359375,908000,0.0,0.0
2018-04-12 00:00:00+09:00,1192.6615037274958,1197.2516057302955,1188.071401724696,1191.1314697265625,866600,0.0,0.0
2018-04-13 00:00:00+09:00,1191.1316741341932,1213.3171709549329,1184.2465199484463,1203.3719482421875,1315300,0.0,0.0
2018-04-16 00:00:00+09:00,1203.3716001272965,1208.7267185003996,1193.4263802915336,1197.25146484375,624400,0.0,0.0
2018-04-17 00:00:00+09:00,1185.776390967431,1191.8965271788759,1166.650965306666,1178.126220703125,855600,0.0,0.0
2018-04-18 00:00:00+09:00,1181.9513628873842,1199.5467553446074,1179.6563116973116,1198.78173828125,954800,0.0,0.0
2018-04-19 00:00:00+09:00,1204.9018869632032,1214.0820918162563,1191.1315796836238,1194.9566650390625,1147600,0.0,0.0
2018-04-20 00:00:00+09:00,1200.3119635209628,1220.9674275203674,1200.3119635209628,1214.8472900390625,740200,0.0,0.0
2018-04-23 00:00:00+09:00,1220.9671989889705,1221.7322160309436,1206.4318751914827,1209.491943359375,435200,0.0,0.0
2018-04-24 00:00:00+09:00,1197.2515845755509,1207.96182239284,1187.3063637452108,1198.0166015625,1251500,0.0,0.0
2018-04-25 00:00:00+09:00,1191.1316521375732,1214.8471827838575,1188.0715836670847,1210.257080078125,987100,0.0,0.0
2018-04-26 00:00:00+09:00,1221.7323096132247,1221.7323096132247,1204.9019334006443,1218.6722412109375,748300,0.0,0.0
2018-04-27 00:00:00+09:00,1233.9725257585203,1278.3435155254106,1230.1474404337882,1275.283447265625,1607400,0.0,0.0
2018-04-30 00:00:00+09:00,1275.283447265625,1275.283447265625,1275.283447265625,1275.283447265625,0,0.0,0.0
2018-05-01 00:00:00+09:00,1279.8737741954292,1289.0539805853546,1270.6935678055038,1281.40380859375,1052800,0.0,0.0
2018-05-02 00:00:00+09:00,1280.6385258835455,1289.0537133296143,1278.3434747618903,1288.2886962890625,925700,0.0,0.0
2018-05-03 00:00:00+09:00,1288.2886962890625,1288.2886962890625,1288.2886962890625,1288.2886962890625,0,0.0,0.0
2018-05-04 00:00:00+09:00,1288.2886962890625,1288.2886962890625,1288.2886962890625,1288.2886962890625,0,0.0,0.0
2018-05-07 00:00:00+09:00,1297.4690986494422,1303.5892359072227,1292.1139785488845,1302.82421875,879800,0.0,0.0
2018-05-08 00:00:00+09:00,1342.6049112381927,1351.020098716039,1228.6173717655483,1247.7427978515625,2915800,0.0,0.0
2018-05-09 00:00:00+09:00,1241.6227617371758,1244.6828301579696,1211.0220775292355,1216.377197265625,1109100,0.0,0.0
2018-05-10 00:00:00+09:00,1213.3171020736552,1232.4425292816259,1207.9619824554234,1224.7923583984375,912000,0.0,0.0
2018-05-11 00:00:00+09:00,1234.7374566661467,1267.633188163448,1228.6173205736256,1264.5731201171875,1456600,0.0,0.0
2018-05-14 00:00:00+09:00,1268.3982800578954,1277.5784847386522,1239.3276319021656,1240.857666015625,1105300,0.0,0.0
2018-05-15 00:00:00+09:00,1246.9775593950012,1253.0976946558355,1236.267322688541,1240.0924072265625,1172300,0.0,0.0
2018-05-16 00:00:00+09:00,1240.8574309284224,1249.2726169581467,1232.4422448986984,1237.79736328125,912800,0.0,0.0
2018-05-17 00:00:00+09:00,1243.9178318696863,1253.0980372709387,1235.502643585205,1248.5079345703125,864700,0.0,0.0
2018-05-18 00:00:00+09:00,1248.5077612944756,1248.5077612944756,1224.0272169553682,1225.5572509765625,851300,0.0,0.0
2018-05-21 00:00:00+09:00,1219.4370677000397,1219.4370677000397,1199.5466261942674,1201.07666015625,928100,0.0,0.0
2018-05-22 00:00:00+09:00,1202.6069311104377,1206.432016769186,1192.6617083976923,1203.3719482421875,817000,0.0,0.0
2018-05-23 00:00:00+09:00,1196.4866149033796,1198.016648937783,1179.6562405249433,1182.71630859375,1012500,0.0,0.0
2018-05-24 00:00:00+09:00,1175.0661597267404,1179.656261913173,1168.9460234781636,1175.8311767578125,854500,0.0,0.0
2018-05-25 00:00:00+09:00,1175.0661957950067,1175.0661957950067,1155.1757523766016,1164.35595703125,896700,0.0,0.0
2018-05-28 00:00:00+09:00,1166.6509818657503,1175.8311863132185,1160.5308455674383,1172.7711181640625,693100,0.0,0.0
2018-05-29 00:00:00+09:00,1170.4762464106477,1174.3013321832316,1145.2306803115946,1155.1759033203125,821500,0.0,0.0
2018-05-30 00:00:00+09:00,1139.8753709690545,1149.0555752990067,1134.5202517765824,1138.3453369140625,937800,0.0,0.0
2018-05-31 00:00:00+09:00,1133.7551879882812,1155.1756638746995,1133.7551879882812,1153.6456298828125,1682700,0.0,0.0
2018-06-01 00:00:00+09:00,1151.3507349711344,1152.115752070783,1135.285375878514,1142.935546875,963300,0.0,0.0
2018-06-04 00:00:00+09:00,1159.7657658503606,1165.120884821965,1149.0555279071514,1153.6456298828125,832200,0.0,0.0
2018-06-05 00:00:00+09:00,1160.5309179005271,1160.5309179005271,1141.40549077626,1149.8206787109375,785800,0.0,0.0
2018-06-06 00:00:00+09:00,1147.5255961153941,1162.0609203328556,1142.1704766668556,1159.765869140625,721200,0.0,0.0
2018-06-07 00:00:00+09:00,1160.5308574257097,1173.5361471925107,1153.6457040197563,1168.946044921875,1121900,0.0,0.0
2018-06-08 00:00:00+09:00,1155.1757934164764,1171.2411521328645,1149.0556567626143,1151.3507080078125,1065800,0.0,0.0
2018-06-11 00:00:00+09:00,1151.3504413063376,1165.1207455877425,1144.4652891656353,1159.0006103515625,403800,0.0,0.0
2018-06-12 00:00:00+09:00,1170.4759544637018,1175.0660562459125,1164.3558187540877,1169.7109375,518200,0.0,0.0
2018-06-13 00:00:00+09:00,1165.886052137201,1191.131616258282,1162.06096666431,1183.4814453125,699800,0.0,0.0
2018-06-14 00:00:00+09:00,1191.131375151699,1191.131375151699,1172.7709685983011,1181.951171875,840700,0.0,0.0
2018-06-15 00:00:00+09:00,1191.8966407578225,1191.8966407578225,1175.0662645725388,1181.1864013671875,807900,0.0,0.0
2018-06-18 00:00:00+09:00,1172.7711015181108,1181.951305835278,1165.1209312538049,1178.126220703125,545900,0.0,0.0
2018-06-19 00:00:00+09:00,1167.4159334358433,1170.4760014133947,1151.3505765536986,1154.41064453125,817800,0.0,0.0
2018-06-20 00:00:00+09:00,1164.3560251819038,1185.011486863843,1161.2959567845794,1181.1864013671875,1148400,0.0,0.0
2018-06-21 00:00:00+09:00,1172.0061011267735,1179.6562714996635,1164.3559307538833,1172.7711181640625,704100,0.0,0.0
2018-06-22 00:00:00+09:00,1163.5910274982452,1176.5963184038799,1162.060993274053,1175.0662841796875,810200,0.0,0.0
2018-06-25 00:00:00+09:00,1178.1264699233989,1182.7165730529705,1169.7112808525173,1176.596435546875,730600,0.0,0.0
2018-06-26 00:00:00+09:00,1167.4159220845306,1199.5466355363985,1162.060803175886,1198.0166015625,806600,0.0,0.0
2018-06-27 00:00:00+09:00,1205.7458591461182,1205.7458591461182,1183.331352790197,1187.1959228515625,612800,16.0,0.0
2018-06-28 00:00:00+09:00,1187.1958497053047,1187.1958497053047,1171.7375704122667,1180.2396240234375,532200,0.0,0.0
2018-06-29 00:00:00+09:00,1180.2397793199889,1184.1043496517505,1166.3273261256472,1175.602294921875,613700,0.0,0.0
2018-07-02 00:00:00+09:00,1171.7376978703198,1183.3314086012267,1149.3231904572333,1150.8690185546875,633400,0.0,0.0
2018-07-03 00:00:00+09:00,1157.8251717232367,1159.3709997228673,1134.6377517287794,1143.9127197265625,753900,0.0,0.0
2018-07-04 00:00:00+09:00,1133.8650681137801,1177.9211750548066,1132.31923980006,1167.873291015625,679600,0.0,0.0
2018-07-05 00:00:00+09:00,1164.7812569966127,1167.8729126223502,1142.3667537100155,1146.2313232421875,637500,0.0,0.0
2018-07-06 00:00:00+09:00,1149.323153086887,1154.7335512520574,1143.9127549217167,1144.6856689453125,611100,0.0,0.0
2018-07-09 00:00:00+09:00,1144.6855306702482,1153.1875839027753,1138.5022192284102,1147.0042724609375,661700,0.0,0.0
2018-07-10 00:00:00+09:00,1150.8689267538427,1153.9605827021405,1140.821044921875,1140.821044921875,793600,0.0,0.0
2018-07-11 00:00:00+09:00,1130.0005552803404,1135.4109546558277,1113.7693571538787,1115.315185546875,682200,0.0,0.0
2018-07-12 00:00:00+09:00,1112.2232124615912,1121.4981801819104,1108.358642578125,1108.358642578125,792800,0.0,0.0
2018-07-13 00:00:00+09:00,1121.4981689453125,1130.0002226037539,1117.6335991005665,1121.4981689453125,1410800,0.0,0.0
2018-07-16 00:00:00+09:00,1121.4981689453125,1121.4981689453125,1121.4981689453125,1121.4981689453125,0,0.0,0.0
2018-07-17 00:00:00+09:00,1124.5898487358534,1138.5023004727918,1120.725278808926,1135.41064453125,1160100,0.0,0.0
2018-07-18 00:00:00+09:00,1151.641880907843,1161.6897630902604,1147.7773108376823,1152.414794921875,699600,0.0,0.0
2018-07-19 00:00:00+09:00,1147.7772848798015,1150.8689408660098,1128.4544349660002,1133.0919189453125,1019100,0.0,0.0
2018-07-20 00:00:00+09:00,1135.410551888602,1143.912605034126,1120.7251873645153,1125.3626708984375,645100,0.0,0.0
2018-07-23 00:00:00+09:00,1115.3148571937188,1123.8169108521602,1106.0398895663282,1121.4981689453125,800700,0.0,0.0
2018-07-24 00:00:00+09:00,1129.2272786625097,1139.2751599921555,1123.8168810234695,1131.5460205078125,797900,0.0,0.0
2018-07-25 00:00:00+09:00,1130.7732616785622,1135.410746005337,1124.5899492428625,1126.90869140625,540800,0.0,0.0
2018-07-26 00:00:00+09:00,1137.729583822051,1157.8253509276035,1137.729583822051,1153.1878662109375,931000,0.0,0.0
2018-07-27 00:00:00+09:00,1155.506406756342,1171.7376004298424,1150.096008865175,1170.1917724609375,669700,0.0,0.0
2018-07-30 00:00:00+09:00,1160.143855708211,1179.4667047373284,1156.2792859023875,1169.4188232421875,950500,0.0,0.0
2018-07-31 00:00:00+09:00,1167.1001469398007,1167.1001469398007,1152.4147808524785,1160.1439208984375,1208500,0.0,0.0
2018-08-01 00:00:00+09:00,1157.0522812969375,1164.7814214525617,1152.414797203563,1157.8251953125,805800,0.0,0.0
2018-08-02 00:00:00+09:00,1154.7337267645473,1161.6899540342133,1139.2754439430676,1143.1400146484375,687300,0.0,0.0
2018-08-03 00:00:00+09:00,1126.1357840524593,1133.8649246430732,1092.9004795128192,1097.5379638671875,1746200,0.0,0.0
2018-08-06 00:00:00+09:00,1092.1272966980764,1102.9480908621056,1077.4419331897514,1083.625244140625,940400,0.0,0.0
2018-08-07 00:00:00+09:00,1078.9877961009888,1085.1711072534301,1064.302432113941,1084.398193359375,819500,0.0,0.0
2018-08-08 00:00:00+09:00,1081.306827887936,1089.8088830035665,1064.3027176566745,1066.6214599609375,1017500,0.0,0.0
2018-08-09 00:00:00+09:00,1061.9837755331152,1061.9837755331152,1046.5254964132737,1048.84423828125,744100,0.0,0.0
2018-08-10 00:00:00+09:00,1055.0275993913147,1057.3463413679988,1039.5693195467531,1041.8880615234375,1121200,0.0,0.0
2018-08-13 00:00:00+09:00,1031.8403379825238,1041.888221423552,1017.1549698764054,1022.5653686523438,1023200,0.0,0.0
2018-08-14 00:00:00+09:00,1021.7923526539522,1051.1630859375,1018.7006965188419,1051.1630859375,847700,0.0,0.0
2018-08-15 00:00:00+09:00,1049.6173719413325,1050.3902860591097,1017.9278931124704,1024.1112060546875,1119600,0.0,0.0
2018-08-16 00:00:00+09:00,1009.4257460787835,1012.5174022689176,1002.4695196509817,1008.65283203125,1482600,0.0,0.0
2018-08-17 00:00:00+09:00,1012.5174504220936,1022.5653335178854,1007.1070518320519,1021.7924194335938,781700,0.0,0.0
2018-08-20 00:00:00+09:00,1017.1545643810051,1027.2024438163799,1013.2899953673995,1025.6566162109375,679100,0.0,0.0
2018-08-21 00:00:00+09:00,1022.5650699135023,1027.2025532237676,1011.7442755228832,1018.7005004882812,681200,0.0,0.0
2018-08-22 00:00:00+09:00,1014.8358861654883,1022.565024673984,1009.4254892095413,1016.3817138671875,542900,0.0,0.0
2018-08-23 00:00:00+09:00,1014.8361630829534,1021.792389638739,1004.7882802801519,1011.7445068359375,834400,0.0,0.0
2018-08-24 00:00:00+09:00,1016.3820617349888,1018.7008040811522,1004.0154358887836,1013.2904052734375,858200,0.0,0.0
2018-08-27 00:00:00+09:00,1017.9279127292291,1033.3861953826722,1017.1549985965569,1032.61328125,757200,0.0,0.0
2018-08-28 00:00:00+09:00,1041.8880779507435,1047.298475981645,1037.2505939242565,1039.5693359375,786900,0.0,0.0
2018-08-29 00:00:00+09:00,1039.56916248347,1044.979559611637,1033.385851479851,1041.114990234375,706600,0.0,0.0
2018-08-30 00:00:00+09:00,1043.4338188454797,1047.2983885449073,1029.5213679275398,1040.3421630859375,1077700,0.0,0.0
2018-08-31 00:00:00+09:00,1042.6611012642254,1058.1193829731094,1035.7048744952276,1052.708984375,1302200,0.0,0.0
2018-09-03 00:00:00+09:00,1050.3900911947837,1051.935919143562,1023.3381020911654,1027.9755859375,955000,0.0,0.0
2018-09-04 00:00:00+09:00,1022.5651881167763,1029.5214138862782,1019.4735322192199,1027.9755859375,658500,0.0,0.0
2018-09-05 00:00:00+09:00,1020.2466323119279,1024.884117004255,1010.971662927274,1013.2904052734375,1047100,0.0,0.0
2018-09-06 00:00:00+09:00,1014.8361444115181,1017.9278006016523,1005.5611758411159,1008.65283203125,782800,0.0,0.0
2018-09-07 00:00:00+09:00,1006.3338654274164,1011.7442625533703,988.5568462992824,997.0588989257812,1185100,0.0,0.0
2018-09-10 00:00:00+09:00,993.1943455646458,1004.7880538786301,988.5568622390522,994.7401733398438,685800,0.0,0.0
2018-09-11 00:00:00+09:00,993.9676332756435,999.3780325236446,988.5572340276423,990.8759765625,675300,0.0,0.0
2018-09-12 00:00:00+09:00,990.8759203115721,990.8759203115721,966.9155821449117,976.1905517578125,922600,0.0,0.0
2018-09-13 00:00:00+09:00,980.8278250571627,994.7402764764133,973.0986853798013,991.6486206054688,944400,0.0,0.0
2018-09-14 00:00:00+09:00,1004.0153198242188,1010.9715460585667,997.0590935898708,1004.0153198242188,1445600,0.0,0.0
2018-09-17 00:00:00+09:00,1004.0153198242188,1004.0153198242188,1004.0153198242188,1004.0153198242188,0,0.0,0.0
2018-09-18 00:00:00+09:00,1004.7884427584135,1050.3903797759106,1000.9238718247273,1044.97998046875,1120000,0.0,0.0
2018-09-19 00:00:00+09:00,1068.167230408477,1072.0318007066264,1043.4339805003215,1051.93603515625,1591200,0.0,0.0
2018-09-20 00:00:00+09:00,1051.1629430259145,1078.9878444589535,1048.0712873111324,1077.4420166015625,1486800,0.0,0.0
2018-09-21 00:00:00+09:00,1082.8526763148138,1089.0359892416652,1068.9402222293988,1075.12353515625,1404500,0.0,0.0
2018-09-24 00:00:00+09:00,1075.12353515625,1075.12353515625,1075.12353515625,1075.12353515625,0,0.0,0.0
2018-09-25 00:00:00+09:00,1085.9443124964616,1088.2630548007246,1058.1194048453067,1066.6214599609375,1684000,0.0,0.0
2018-09-26 00:00:00+09:00,1076.6693449673587,1089.0359706094819,1064.3027193252353,1072.0318603515625,1364300,0.0,0.0
2018-09-27 00:00:00+09:00,1068.1673887583602,1068.1673887583602,1046.5257918804773,1047.2987060546875,1513400,0.0,0.0
2018-09-28 00:00:00+09:00,1067.394219116387,1078.9879289547257,1054.2546812996031,1071.2587890625,1729400,0.0,0.0
2018-10-01 00:00:00+09:00,1074.3504901082745,1074.3504901082745,1053.4818115234375,1053.4818115234375,1040300,0.0,0.0
2018-10-02 00:00:00+09:00,1053.4820194483682,1061.2111611904693,1044.2070493578472,1047.2987060546875,1335400,0.0,0.0
2018-10-03 00:00:00+09:00,1043.4337448096962,1044.2066586947406,1017.1546727181927,1018.7005004882812,1298400,0.0,0.0
2018-10-04 00:00:00+09:00,1013.2903142379502,1018.7007125595868,1002.4695175946769,1003.242431640625,1227700,0.0,0.0
2018-10-05 00:00:00+09:00,981.6007621017158,996.2861278339461,980.054934129902,985.46533203125,1448800,0.0,0.0
2018-10-08 00:00:00+09:00,985.46533203125,985.46533203125,985.46533203125,985.46533203125,0,0.0,0.0
2018-10-09 00:00:00+09:00,987.0111246872547,994.7402642697704,981.6007269794937,984.6923828125,1545500,0.0,0.0
2018-10-10 00:00:00+09:00,983.1466602633125,990.8758006741876,980.0550040989625,987.01123046875,973100,0.0,0.0
2018-10-11 00:00:00+09:00,955.3215459478232,963.82359854121,944.5007517380582,947.5924072265625,1582300,0.0,0.0
2018-10-12 00:00:00+09:00,928.2697774116567,942.9551444148386,921.3135509364653,933.68017578125,1876200,0.0,0.0
2018-10-15 00:00:00+09:00,932.1342628799567,937.5446607573693,918.9947251776688,919.7676391601562,1563900,0.0,0.0
2018-10-16 00:00:00+09:00,941.4092896002023,961.5050544028339,933.680149291498,954.548828125,2149900,0.0,0.0
2018-10-17 00:00:00+09:00,961.505189403165,973.8718156334307,953.0031338698573,966.9155883789062,1206500,0.0,0.0
2018-10-18 00:00:00+09:00,968.4613577706473,976.190498694595,946.046849091199,946.8197631835938,1628900,0.0,0.0
2018-10-19 00:00:00+09:00,925.9509529615445,929.0426088979772,901.9906194541925,905.082275390625,1878400,0.0,0.0
2018-10-22 00:00:00+09:00,898.1260612875728,915.1301691604873,896.5802332991261,912.0385131835938,1390300,0.0,0.0
2018-10-23 00:00:00+09:00,904.3093138702155,915.130109078919,897.3530883789061,897.3530883789062,1496900,0.0,0.0
2018-10-24 00:00:00+09:00,905.0823550220247,916.6760658036902,901.2177847614695,908.1740112304688,1348000,0.0,0.0
2018-10-25 00:00:00+09:00,888.0783279418945,900.444953918457,883.4408432006835,896.5803833007812,1886400,0.0,0.0
2018-10-26 00:00:00+09:00,896.5801919473183,922.8592665388777,893.4885361130173,915.130126953125,2339400,0.0,0.0
2018-10-29 00:00:00+09:00,930.5884244474857,962.277897373023,930.5884244474857,953.0029296875,2453300,0.0,0.0
2018-10-30 00:00:00+09:00,949.9114423263171,953.0030987700154,924.4052766658057,935.22607421875,1554400,0.0,0.0
2018-10-31 00:00:00+09:00,939.0905854500212,950.6842963815029,933.6801870153297,940.6364135742188,1307600,0.0,0.0
2018-11-01 00:00:00+09:00,940.6363061068025,959.1862414778487,935.9988222640409,953.0029296875,1384600,0.0,0.0
2018-11-02 00:00:00+09:00,976.1903307181431,976.1903307181431,931.3613210731294,970.0070190429688,1782700,0.0,0.0
2018-11-05 00:00:00+09:00,960.732119192485,963.8237752478108,946.0467529296876,946.0467529296875,1168700,0.0,0.0
2018-11-06 00:00:00+09:00,948.3652988229811,959.9590066325529,943.7278156991523,953.7756958007812,906200,0.0,0.0
2018-11-07 00:00:00+09:00,961.5051344408923,976.190502249877,954.5489075840048,957.6405639648438,1319900,0.0,0.0
2018-11-08 00:00:00+09:00,970.7798070077299,975.4172901622254,949.9111328125,949.9111328125,1293800,0.0,0.0
2018-11-09 00:00:00+09:00,956.094719292804,964.5967741935484,932.9072968362283,934.453125,1324000,0.0,0.0
2018-11-12 00:00:00+09:00,929.0426564441798,941.4092808228045,924.4051723021955,932.9072265625,1329600,0.0,0.0
2018-11-13 00:00:00+09:00,919.7679083964547,922.8595652314007,905.0825384304608,913.5845947265625,1456000,0.0,0.0
2018-11-14 00:00:00+09:00,909.7199234008789,915.9032363891602,896.5803833007812,896.5803833007812,1801100,0.0,0.0
2018-11-15 00:00:00+09:00,898.8988963016848,910.4926051963755,895.0343266701212,908.94677734375,1831000,0.0,0.0
2018-11-16 00:00:00+09:00,905.0824341130925,918.9948882668377,901.2178635148299,911.2657470703125,1554300,0.0,0.0
2018-11-19 00:00:00+09:00,910.4928823456308,912.0387106687983,888.8512858212865,898.899169921875,1173900,0.0,0.0
2018-11-20 00:00:00+09:00,895.8075679256226,915.903337352772,891.9429968819401,913.5845947265625,1236300,0.0,0.0
2018-11-21 00:00:00+09:00,905.082240125868,908.1738959418402,895.0343587239582,904.309326171875,1978100,0.0,0.0
2018-11-22 00:00:00+09:00,913.5843370559768,959.9591765004426,907.401025130048,941.4092407226562,2503500,0.0,0.0
2018-11-23 00:00:00+09:00,941.4092407226562,941.4092407226562,941.4092407226562,941.4092407226562,0,0.0,0.0
2018-11-26 00:00:00+09:00,946.8197146788339,952.2301130484271,932.134347675652,933.68017578125,1781800,0.0,0.0
2018-11-27 00:00:00+09:00,934.4531574434446,959.1864089225102,932.9073292260031,955.3218383789062,1484100,0.0,0.0
2018-11-28 00:00:00+09:00,958.4133489185591,967.6883168113194,945.2738110704821,961.5050048828125,2520300,0.0,0.0
2018-11-29 00:00:00+09:00,970.7802266108372,1003.24262272362,963.8239988723838,999.3780517578125,3047000,0.0,0.0
2018-11-30 00:00:00+09:00,986.238304267895,1010.9715532777483,980.0549920154318,1000.1507568359375,14263600,0.0,0.0
2018-12-03 00:00:00+09:00,1014.8359406442353,1034.15878795277,1014.8359406442353,1020.246337890625,2233400,0.0,0.0
2018-12-04 00:00:00+09:00,997.059006144525,1016.3818551008143,983.1465548959968,984.6923828125,1848400,0.0,0.0
2018-12-05 00:00:00+09:00,966.9152890499507,993.967275554146,961.5048917491117,992.4214477539062,1733400,0.0,0.0
2018-12-06 00:00:00+09:00,985.4653024711824,985.4653024711824,949.9112601859476,960.7320556640625,1549100,0.0,0.0
2018-12-07 00:00:00+09:00,976.9633321807715,983.1466444097638,954.5488253506747,969.2341918945312,2315500,0.0,0.0
2018-12-10 00:00:00+09:00,956.0944160624783,990.1026248795754,956.0944160624783,974.6443481445312,2181100,0.0,0.0
2018-12-11 00:00:00+09:00,973.0987993291743,978.5091977368821,959.9592603390265,975.4175415039062,1717200,0.0,0.0
2018-12-12 00:00:00+09:00,987.0112693951965,1006.3341211844524,983.1466990373452,998.60498046875,1529200,0.0,0.0
2018-12-13 00:00:00+09:00,1004.7882338502574,1012.517374110644,997.8320076159094,1004.0153198242188,1372000,0.0,0.0
2018-12-14 00:00:00+09:00,1000.15068817738,1003.2423440913749,980.0549247364124,983.9194946289062,2619800,0.0,0.0
2018-12-17 00:00:00+09:00,987.011265618887,1003.2424610597614,978.5092108641433,987.7841796875,1400700,0.0,0.0
2018-12-18 00:00:00+09:00,980.8278379830343,987.7840637843325,958.413332623296,963.82373046875,1667700,0.0,0.0
2018-12-19 00:00:00+09:00,959.1863662227508,973.8717336347027,949.9113973309917,958.4134521484375,1421500,0.0,0.0
2018-12-20 00:00:00+09:00,946.8197672323604,960.7322209549583,929.8156571269628,932.1343994140625,1274200,0.0,0.0
2018-12-21 00:00:00+09:00,923.632169413319,925.9509112612186,890.3968695934255,893.488525390625,1560100,0.0,0.0
2018-12-24 00:00:00+09:00,893.488525390625,893.488525390625,893.488525390625,893.488525390625,0,0.0,0.0
2018-12-25 00:00:00+09:00,871.8469527483643,872.6198667135667,834.7470824186466,841.7033081054688,1603100,0.0,0.0
2018-12-26 00:00:00+09:00,855.0762953016492,860.5827663845486,834.623688422309,849.56982421875,1551700,19.0,0.0
2018-12-27 00:00:00+09:00,873.955632744106,892.0483236109957,870.0224390773908,887.3284912109375,1235200,0.0,0.0
2018-12-28 00:00:00+09:00,876.3155806692023,904.6345760947779,874.7423031455592,896.7681884765625,1147700,0.0,0.0
2018-12-31 00:00:00+09:00,896.7681884765625,896.7681884765625,896.7681884765625,896.7681884765625,0,0.0,0.0
2019-01-04 00:00:00+09:00,866.0891816548684,872.3822910583551,847.9964921198439,862.942626953125,1420900,0.0,0.0
2019-01-07 00:00:00+09:00,887.3283416827867,913.2874155086129,884.9684258804388,902.2744750976562,1326900,0.0,0.0
2019-01-08 00:00:00+09:00,912.5007584747472,921.1537829085595,903.061095456043,914.0740356445312,1375100,0.0,0.0
2019-01-09 00:00:00+09:00,929.0201244633532,944.7528954110816,910.9274378734658,913.287353515625,1278800,0.0,0.0
2019-01-10 00:00:00+09:00,906.2077789699571,922.7271916074303,899.9146693937769,916.43408203125,974200,0.0,0.0
2019-01-11 00:00:00+09:00,917.2207478490368,918.007386569319,899.9146960028286,912.5009155273438,1556500,0.0,0.0
2019-01-15 00:00:00+09:00,900.7012662500169,915.6474007991438,900.7012662500169,910.1409301757812,997000,0.0,0.0
2019-01-16 00:00:00+09:00,902.2746202070347,921.9405883894024,892.0483167522034,914.86083984375,1262600,0.0,0.0
2019-01-17 00:00:00+09:00,920.3672907105529,927.447039100634,916.4340971605078,926.660400390625,1229400,0.0,0.0
2019-01-18 00:00:00+09:00,928.2337405170855,954.1928197010378,928.2337405170855,951.0462646484375,878100,0.0,0.0
2019-01-21 00:00:00+09:00,1021.8437272129074,1032.8566696155099,1006.1109523520466,1009.2575073242188,4043700,0.0,0.0
2019-01-22 00:00:00+09:00,1016.3372110465962,1025.7768755454808,998.244520757067,1013.977294921875,2077900,0.0,0.0
2019-01-23 00:00:00+09:00,1012.4038772114947,1034.4297579899887,1010.8306000130308,1025.7767333984375,2082100,0.0,0.0
2019-01-24 00:00:00+09:00,1032.0698064630683,1043.0827464710583,1029.7098907470704,1038.3629150390625,1849400,0.0,0.0
2019-01-25 00:00:00+09:00,1048.5893741708433,1053.3092063126473,1029.7100456036262,1042.2962646484375,1076700,0.0,0.0
2019-01-28 00:00:00+09:00,1041.5097108063874,1041.5097108063874,1019.4838256835938,1019.4838256835938,1159700,0.0,0.0
2019-01-29 00:00:00+09:00,1023.4168176007416,1029.7099263945972,1011.6172386122628,1025.7767333984375,1881200,0.0,0.0
2019-01-30 00:00:00+09:00,1023.4168624109672,1024.203501044642,1005.3241738364458,1015.5504760742188,1221800,0.0,0.0
2019-01-31 00:00:00+09:00,1037.576241589891,1040.7227957721198,1017.9102779509622,1039.9361572265625,1290900,0.0,0.0
2019-02-01 00:00:00+09:00,1037.5764170390803,1041.5096104319503,1023.4169208247487,1032.0699462890625,985400,0.0,0.0
2019-02-04 00:00:00+09:00,1038.363072304154,1049.376013980107,1032.0699627750378,1036.789794921875,1030200,0.0,0.0
2019-02-05 00:00:00+09:00,1039.149677644645,1042.296232308217,1021.056988329106,1027.35009765625,1088200,0.0,0.0
2019-02-06 00:00:00+09:00,1050.1625271892124,1076.9082394921586,1037.5763096348846,1058.8155517578125,2002100,0.0,0.0
2019-02-07 00:00:00+09:00,1049.3760282006142,1054.0958604114116,1027.3501445502266,1052.5225830078125,1589000,0.0,0.0
2019-02-08 00:00:00+09:00,1045.4428346916163,1060.388970025808,1043.8695572880172,1052.5225830078125,2356900,0.0,0.0
2019-02-12 00:00:00+09:00,1034.429738514459,1054.095703125,1031.2831841767725,1054.095703125,2719000,0.0,0.0
2019-02-13 00:00:00+09:00,1061.9622341828162,1065.1087889507653,1028.1367704273634,1031.2833251953125,1878800,0.0,0.0
2019-02-14 00:00:00+09:00,1033.643240157317,1047.802736597828,1026.5634919370614,1036.789794921875,877300,0.0,0.0
2019-02-15 00:00:00+09:00,1032.8564018167222,1036.0029559730565,1006.110691487881,1021.0568237304688,1840800,0.0,0.0
2019-02-18 00:00:00+09:00,1044.65621999808,1055.669162076373,1023.416974561372,1024.20361328125,1498300,0.0,0.0
2019-02-19 00:00:00+09:00,1018.6969860053501,1028.9232877953652,1018.6969860053501,1025.7767333984375,1244100,0.0,0.0
2019-02-20 00:00:00+09:00,1023.4167925963451,1028.1366240764205,1005.3241052560561,1007.6840209960938,2037800,0.0,0.0
2019-02-21 00:00:00+09:00,1009.2575410167624,1019.4838450177116,1001.3911533237244,1013.1907348632812,1810500,0.0,0.0
2019-02-22 00:00:00+09:00,1006.1109538302527,1007.6842313186503,992.7380951788732,1003.7510375976562,1453500,0.0,0.0
2019-02-25 00:00:00+09:00,1007.6842014622043,1024.203614600929,1006.8975627413126,1018.6971435546875,932200,0.0,0.0
2019-02-26 00:00:00+09:00,1027.3502132274486,1032.856684508147,1013.9773544028953,1019.4838256835938,1271000,0.0,0.0
2019-02-27 00:00:00+09:00,1022.6301435990767,1038.3629150390625,1022.6301435990767,1038.3629150390625,1019500,0.0,0.0
2019-02-28 00:00:00+09:00,1042.2964038539099,1043.8696814446328,1017.1239624023438,1017.1239624023438,1246500,0.0,0.0
2019-03-01 00:00:00+09:00,1022.6302984813638,1036.789794921875,1021.0570210990847,1036.789794921875,832100,0.0,0.0
2019-03-04 00:00:00+09:00,1056.4558668870193,1060.389060732466,1035.2166201216062,1043.0830078125,1491500,0.0,0.0
2019-03-05 00:00:00+09:00,1032.0700004800308,1032.8566391999088,1020.2704196818596,1024.20361328125,733800,0.0,0.0
2019-03-06 00:00:00+09:00,1028.9235149515087,1029.7101537244073,1021.0571272225216,1026.5635986328125,778900,0.0,0.0
2019-03-07 00:00:00+09:00,1020.2700727270284,1028.923095703125,1015.5502420127938,1028.923095703125,995600,0.0,0.0
2019-03-08 00:00:00+09:00,1021.8436737297852,1028.9234220466199,1007.6841770961162,1011.6173706054688,1535600,0.0,0.0
2019-03-11 00:00:00+09:00,1013.9772238393931,1024.2035263296275,1010.8306692270132,1022.6302490234375,730700,0.0,0.0
2019-03-12 00:00:00+09:00,1028.136785593638,1043.0829209618698,1023.416953372091,1041.5096435546875,729000,0.0,0.0
2019-03-13 00:00:00+09:00,1036.7897447791468,1045.442769963191,1019.4836944110577,1022.6302490234375,635300,0.0,0.0
2019-03-14 00:00:00+09:00,1037.5764170390803,1050.162635896264,1028.1367528961925,1032.0699462890625,624500,0.0,0.0
2019-03-15 00:00:00+09:00,1033.6429624579055,1058.8153938115227,1033.6429624579055,1043.8692626953125,1591900,0.0,0.0
2019-03-18 00:00:00+09:00,1047.8024543477484,1047.8024543477484,1032.0696847629474,1032.8563232421875,450200,0.0,0.0
2019-03-19 00:00:00+09:00,1032.8563232421875,1039.149431076108,1021.8433845328267,1032.8563232421875,536100,0.0,0.0
2019-03-20 00:00:00+09:00,1031.2829943254,1039.1493787214747,1025.7765252481477,1035.2161865234375,1127700,0.0,0.0
2019-03-22 00:00:00+09:00,1039.9365057220805,1046.2296161954364,1036.003311676233,1040.72314453125,1486300,0.0,0.0
2019-03-25 00:00:00+09:00,1026.5635936616231,1043.8696465815892,1024.2036773543552,1043.0830078125,1233600,0.0,0.0
2019-03-26 00:00:00+09:00,1050.1627283318098,1084.7748332356298,1048.5894508361816,1082.4149169921875,1057800,0.0,0.0
2019-03-27 00:00:00+09:00,1077.6951069458548,1080.841662002631,1054.0959440200331,1065.10888671875,676000,0.0,0.0
2019-03-28 00:00:00+09:00,1063.5353479589483,1082.4146736623616,1051.735769394315,1065.895263671875,1007800,0.0,0.0
2019-03-29 00:00:00+09:00,1076.9081684019782,1090.281023670666,1066.6818673141581,1067.468505859375,1839800,0.0,0.0
2019-04-01 00:00:00+09:00,1075.3350150101273,1076.9082922815394,1050.9492173032409,1061.962158203125,883200,0.0,0.0
2019-04-02 00:00:00+09:00,1076.908435440632,1086.3481003239683,1051.735995751735,1055.669189453125,664400,0.0,0.0
2019-04-03 00:00:00+09:00,1047.8027167924793,1054.0958262026443,1038.3630526772317,1048.58935546875,704700,0.0,0.0
2019-04-04 00:00:00+09:00,1045.4426270454626,1049.3758197732484,1035.2163259532197,1039.9361572265625,552200,0.0,0.0
2019-04-05 00:00:00+09:00,1035.2163259532197,1043.082711408791,1030.4964946798766,1039.9361572265625,1429700,0.0,0.0
2019-04-08 00:00:00+09:00,1044.6560753780052,1053.3091000987567,1037.5763278792085,1047.0159912109375,486100,0.0,0.0
2019-04-09 00:00:00+09:00,1046.2294060637066,1050.162599319585,1036.7897422495978,1039.149658203125,587000,0.0,0.0
2019-04-10 00:00:00+09:00,1032.856756439555,1043.0830609587586,1031.283478821216,1040.72314453125,406900,0.0,0.0
2019-04-11 00:00:00+09:00,1034.429803282415,1034.429803282415,1007.6840897374703,1015.5504760742188,699900,0.0,0.0
2019-04-12 00:00:00+09:00,1016.3370364178016,1017.1236749908804,999.817626383147,1010.83056640625,1248700,0.0,0.0
2019-04-15 00:00:00+09:00,1018.6969697661117,1024.2034398729556,1006.11075237904,1010.0439453125,1131200,0.0,0.0
2019-04-16 00:00:00+09:00,1009.2573761010041,1017.1237625086502,1007.6840988194748,1012.4039306640625,753900,0.0,0.0
2019-04-17 00:00:00+09:00,1002.1775337967218,1010.0439194623162,993.5245095645681,1002.9641723632812,1214200,0.0,0.0
2019-04-18 00:00:00+09:00,995.8844617728727,995.8844617728727,977.0051354833396,979.3650512695312,1289000,0.0,0.0
2019-04-19 00:00:00+09:00,980.1516553843205,981.7249325197688,960.4856911912161,969.9253540039062,1134100,0.0,0.0
2019-04-22 00:00:00+09:00,962.8457700128425,978.5785440326601,960.4858539098699,976.2186279296875,761200,0.0,0.0
2019-04-23 00:00:00+09:00,977.0051788770942,995.0978673748181,975.4319016164225,980.1517333984375,1209500,0.0,0.0
2019-04-24 00:00:00+09:00,987.2315173507603,987.2315173507603,958.9125256179896,973.072021484375,1044300,0.0,0.0
2019-04-25 00:00:00+09:00,983.2981568823454,1001.3908429689806,981.7248798313336,999.8175659179688,1500400,0.0,0.0
2019-04-26 00:00:00+09:00,988.0180929475171,994.3112018197942,982.5116226842745,984.0848999023438,1650500,0.0,0.0
2019-05-07 00:00:00+09:00,986.4448625153185,988.0181398080065,960.4857871859681,962.845703125,1856700,0.0,0.0
2019-05-08 00:00:00+09:00,943.1797520794694,943.966390738418,911.714205721522,921.1538696289062,1980900,0.0,0.0
2019-05-09 00:00:00+09:00,932.953490085394,941.606515710132,918.0073549153919,938.4599609375,1898200,0.0,0.0
2019-05-10 00:00:00+09:00,929.8068665063681,940.0331687606683,922.7271187918526,936.0999755859375,1749100,0.0,0.0
2019-05-13 00:00:00+09:00,926.660234502844,940.8197287482185,926.660234502844,931.3800659179688,906600,0.0,0.0
2019-05-14 00:00:00+09:00,925.0871854644852,951.8329034115876,924.3005467013351,951.0462646484375,1290800,0.0,0.0
2019-05-15 00:00:00+09:00,953.4061103185543,965.2056908918037,945.5397232697213,954.1927490234375,1474300,0.0,0.0
2019-05-16 00:00:00+09:00,954.1926535802172,954.1926535802172,938.4598810562235,950.2594604492188,794200,0.0,0.0
2019-05-17 00:00:00+09:00,955.7658427268776,972.2852523542558,951.0460114047696,965.2055053710938,1119700,0.0,0.0
2019-05-20 00:00:00+09:00,965.2056413130326,990.3780785762901,963.632363984079,986.4448852539062,949400,0.0,0.0
2019-05-21 00:00:00+09:00,980.1516462614298,986.4447547446492,974.6451763386128,978.578369140625,766800,0.0,0.0
2019-05-22 00:00:00+09:00,977.0052212801846,990.3780785762901,965.9922799775094,986.4448852539062,1383400,0.0,0.0
2019-05-23 00:00:00+09:00,980.1517354910715,983.2982900191327,959.6991310586735,963.63232421875,656800,0.0,0.0
2019-05-24 00:00:00+09:00,951.0461234298406,965.2056190640318,942.3930983200571,962.845703125,809100,0.0,0.0
2019-05-27 00:00:00+09:00,971.4987098396598,975.4319029969055,966.7788780509651,969.1387939453125,351600,0.0,0.0
2019-05-28 00:00:00+09:00,970.7120107766638,971.4986493591408,956.5525162920771,958.1257934570312,822500,0.0,0.0
2019-05-29 00:00:00+09:00,951.046250053074,951.8328888041518,933.7401975293621,940.8199462890625,1142800,0.0,0.0
2019-05-30 00:00:00+09:00,927.4470070550111,932.1668391519831,910.9275947156088,911.7142333984375,1877900,0.0,0.0
2019-05-31 00:00:00+09:00,899.9146218901699,911.714201722646,888.1150420576939,891.2615966796875,1886100,0.0,0.0
2019-06-03 00:00:00+09:00,878.6754314527911,883.395263671875,866.8758509050813,883.395263671875,1330600,0.0,0.0
2019-06-04 00:00:00+09:00,892.8348915989745,893.6215302699868,882.6085888758145,890.4749755859375,776600,0.0,0.0
2019-06-05 00:00:00+09:00,905.4210807523579,914.8607444960836,901.4878875258055,910.9275512695312,738100,0.0,0.0
2019-06-06 00:00:00+09:00,914.0741659401824,919.5806368193402,906.9944176669796,916.43408203125,908600,0.0,0.0
2019-06-07 00:00:00+09:00,914.8607612426339,921.1538705203131,910.9275679440842,915.6473999023438,658000,0.0,0.0
2019-06-10 00:00:00+09:00,925.0869140625,929.8067452566964,916.4338902064732,919.5804443359375,817900,0.0,0.0
2019-06-11 00:00:00+09:00,917.2205633784072,926.6602261232964,913.2873705680366,923.513671875,607100,0.0,0.0
2019-06-12 00:00:00+09:00,925.087122970607,934.5267874907152,917.2207358705168,926.660400390625,964300,0.0,0.0
2019-06-13 00:00:00+09:00,924.3003544742114,928.233547471974,915.6473298791337,918.7938842773438,683600,0.0,0.0
2019-06-14 00:00:00+09:00,921.940508287855,921.940508287855,913.2874830394194,921.1538696289062,953000,0.0,0.0
2019-06-17 00:00:00+09:00,922.7272068405799,932.9535100706971,922.7272068405799,926.660400390625,751300,0.0,0.0
2019-06-18 00:00:00+09:00,928.233642578125,931.3801972987288,924.3004491773702,928.233642578125,646100,0.0,0.0
2019-06-19 00:00:00+09:00,940.8200132961495,951.0463177884989,937.6734580677341,948.6864013671875,844500,0.0,0.0
2019-06-20 00:00:00+09:00,958.125791422526,998.2443590436662,958.125791422526,991.1646118164062,1840300,0.0,0.0
2019-06-21 00:00:00+09:00,991.1647079783138,1005.3242038065754,985.6582373784343,989.5914306640625,2265800,0.0,0.0
2019-06-24 00:00:00+09:00,983.2984237309315,1002.1777534665654,981.7251462529621,995.8846435546875,1036800,0.0,0.0
2019-06-25 00:00:00+09:00,993.5246709721923,994.3113096665488,969.1388714471425,973.8587036132812,957000,0.0,0.0
2019-06-26 00:00:00+09:00,973.0597059574364,977.0542039293472,958.6795132585581,962.6740112304688,1048600,19.0,0.0
2019-06-27 00:00:00+09:00,962.6739903965961,969.065187013337,955.4838942027626,964.2717895507812,1024000,0.0,0.0
2019-06-28 00:00:00+09:00,969.8642541412123,970.6631538563205,953.8862598390507,956.282958984375,1126500,0.0,0.0
2019-07-01 00:00:00+09:00,980.249898955676,980.249898955676,969.0653035315689,978.652099609375,832600,0.0,0.0
2019-07-02 00:00:00+09:00,978.6520891049558,985.842186086135,973.0597914529275,979.4509887695312,722500,0.0,0.0
2019-07-03 00:00:00+09:00,975.4563866772697,987.4398803710938,966.6684913017989,987.4398803710938,905500,0.0,0.0
2019-07-04 00:00:00+09:00,996.2278285696984,1012.2058210086672,993.0322300819047,1011.4069213867188,576200,0.0,0.0
2019-07-05 00:00:00+09:00,1013.0047986260776,1025.7871935614223,1013.0047986260776,1019.39599609375,554600,0.0,0.0
2019-07-08 00:00:00+09:00,1015.4012046675685,1024.1890986497426,1011.406707402944,1013.8034057617188,514600,0.0,0.0
2019-07-09 00:00:00+09:00,1016.9992187403577,1023.3904157159452,1009.0102225208734,1011.4069213867188,520200,0.0,0.0
2019-07-10 00:00:00+09:00,999.4236105782644,1009.0104078020368,994.6302119663783,1006.6137084960938,749400,0.0,0.0
2019-07-11 00:00:00+09:00,1016.2004878312213,1046.5586785054243,1016.2004878312213,1040.16748046875,1297900,0.0,0.0
2019-07-12 00:00:00+09:00,1053.7485323131398,1064.9331262876537,1045.7595366170583,1063.3353271484375,1641500,0.0,0.0
2019-07-16 00:00:00+09:00,1058.5421858957527,1062.5366847104538,1049.7542885034106,1057.7432861328125,1000400,0.0,0.0
2019-07-17 00:00:00+09:00,1060.9388475968844,1068.1289452086105,1051.35205078125,1051.35205078125,1326100,0.0,0.0
2019-07-18 00:00:00+09:00,1040.1673668975948,1049.7541629058676,1031.3794705566781,1044.161865234375,1576900,0.0,0.0
2019-07-19 00:00:00+09:00,1052.1509767875143,1052.1509767875143,1034.57518218666,1040.16748046875,1384200,0.0,0.0
2019-07-22 00:00:00+09:00,1033.7760257930545,1033.7760257930545,1014.6024364429516,1017.7980346679688,906500,0.0,0.0
2019-07-23 00:00:00+09:00,1017.7979030263433,1019.3957019321931,1009.0100090441692,1013.8034057617188,863400,0.0,0.0
2019-07-24 00:00:00+09:00,1026.585979238327,1028.982678022541,1019.395882885685,1023.390380859375,1232000,0.0,0.0
2019-07-25 00:00:00+09:00,1030.5804740746446,1036.1727712207862,1020.9936789669736,1032.9771728515625,644700,0.0,0.0
2019-07-26 00:00:00+09:00,1024.9882478979719,1032.9772443741836,1024.1893482503506,1032.1783447265625,440600,0.0,0.0
2019-07-29 00:00:00+09:00,1032.1782732592565,1037.770570405398,1028.9826748900327,1032.9771728515625,603800,0.0,0.0
2019-07-30 00:00:00+09:00,1033.776165061773,1038.569563045058,1025.7871684229651,1030.58056640625,733500,0.0,0.0
2019-07-31 00:00:00+09:00,1022.5912783868442,1029.7813733130017,1011.4066862794881,1020.194580078125,835800,0.0,0.0
2019-08-01 00:00:00+09:00,1016.2003994678887,1026.5860953744002,1010.6081016720749,1014.6026000976562,1147000,0.0,0.0
2019-08-02 00:00:00+09:00,990.635515625,1007.4124074218751,988.2388167968751,998.62451171875,1214000,0.0,0.0
2019-08-05 00:00:00+09:00,1022.591481264637,1030.580477212017,1000.2222926119731,1023.390380859375,1941500,0.0,0.0
2019-08-06 00:00:00+09:00,999.4231947358923,1023.390177823084,993.0319992459745,1020.194580078125,1059900,0.0,0.0
2019-08-07 00:00:00+09:00,1006.6135635135302,1023.3904562387556,991.4344700954689,1013.0047607421875,1566000,0.0,0.0
2019-08-08 00:00:00+09:00,1009.8088874070087,1024.1890772593235,1001.0209936083717,1020.194580078125,803700,0.0,0.0
2019-08-09 00:00:00+09:00,1023.390481902767,1031.3794786389321,1010.6080871249026,1024.98828125,1034000,0.0,0.0
2019-08-13 00:00:00+09:00,1013.0047084811346,1020.194804992436,1009.8091100316673,1016.9992065429688,872000,0.0,0.0
2019-08-14 00:00:00+09:00,1026.5860124504043,1027.384912070988,1009.8091204181408,1016.2003173828125,1184700,0.0,0.0
2019-08-15 00:00:00+09:00,1000.2223163415056,1013.0047101605663,996.227818273049,1012.205810546875,1261200,0.0,0.0
2019-08-16 00:00:00+09:00,1016.2003768769129,1052.1508619079357,1016.2003768769129,1044.161865234375,1488400,0.0,0.0
2019-08-19 00:00:00+09:00,1052.9495940954507,1061.7374890385843,1045.759498232887,1056.944091796875,935900,0.0,0.0
2019-08-20 00:00:00+09:00,1062.5365540818575,1077.7156477115982,1059.3409554229645,1076.916748046875,1266000,0.0,0.0
2019-08-21 00:00:00+09:00,1067.3299105491865,1080.1123046875,1053.748616777228,1080.1123046875,1118900,0.0,0.0
2019-08-22 00:00:00+09:00,1079.3135223836143,1090.4981184704914,1069.72672573772,1089.69921875,1306900,0.0,0.0
2019-08-23 00:00:00+09:00,1089.6988809542693,1108.8724683024384,1089.6988809542693,1101.682373046875,1382500,0.0,0.0
2019-08-26 00:00:00+09:00,1077.7154766159717,1110.4703576695335,1073.720978926513,1108.87255859375,1433000,0.0,0.0
2019-08-27 00:00:00+09:00,1110.4703276596344,1132.0406145997856,1105.6769305618232,1106.475830078125,2098100,0.0,0.0
2019-08-28 00:00:00+09:00,1112.8671400871829,1118.4594372735507,1078.5144573709238,1102.4814453125,1686300,0.0,0.0
2019-08-29 00:00:00+09:00,1100.8837638065734,1108.0738609577047,1084.9057701373922,1088.9002685546875,1191200,0.0,0.0
2019-08-30 00:00:00+09:00,1086.5033421705775,1109.6714281433326,1084.1066436216718,1106.475830078125,1269400,0.0,0.0
2019-09-02 00:00:00+09:00,1101.682613413939,1118.459506003999,1099.2859144725016,1111.2694091796875,860400,0.0,0.0
2019-09-03 00:00:00+09:00,1106.4759609304745,1119.2583547029565,1104.079262098134,1110.470458984375,744100,0.0,0.0
2019-09-04 00:00:00+09:00,1111.269426257333,1120.8562221704085,1107.274927960218,1119.2584228515625,792200,0.0,0.0
2019-09-05 00:00:00+09:00,1126.4484912896373,1146.42098226995,1121.6550934543623,1140.02978515625,1516000,0.0,0.0
2019-09-06 00:00:00+09:00,1151.2144894707471,1169.589182918233,1148.817790325423,1168.790283203125,2130800,0.0,0.0
2019-09-09 00:00:00+09:00,1167.991383488017,1175.1814809239895,1156.8067874765036,1168.790283203125,1255700,0.0,0.0
2019-09-10 00:00:00+09:00,1168.7901119508604,1171.186810745018,1096.889148126132,1102.4814453125,2470300,0.0,0.0
2019-09-11 00:00:00+09:00,1096.090336601197,1116.861727819587,1078.51454403179,1109.671630859375,2031400,0.0,0.0
2019-09-12 00:00:00+09:00,1112.8671013682933,1132.8395906247235,1108.8726035170073,1128.8450927734375,1305600,0.0,0.0
2019-09-13 00:00:00+09:00,1152.8122889009633,1172.7847817786653,1140.029893459234,1168.790283203125,2634100,0.0,0.0
2019-09-17 00:00:00+09:00,1175.9804394996595,1197.5507328872213,1170.3881412139954,1173.583740234375,1461700,0.0,0.0
2019-09-18 00:00:00+09:00,1174.3821897692453,1191.1590781945204,1171.1865919739548,1189.561279296875,1210500,0.0,0.0
2019-09-19 00:00:00+09:00,1195.9526575401076,1205.5394523901284,1175.9801682692307,1194.3548583984375,1224000,0.0,0.0
2019-09-20 00:00:00+09:00,1203.9416322880136,1205.5394314018663,1190.3603398202656,1195.95263671875,1731800,0.0,0.0
2019-09-24 00:00:00+09:00,1195.1539719962195,1234.300057977379,1186.3660751433063,1215.12646484375,1748900,0.0,0.0
2019-09-25 00:00:00+09:00,1210.3331038560486,1238.2945947042083,1209.5342041175297,1221.5177001953125,1377900,0.0,0.0
2019-09-26 00:00:00+09:00,1224.713299149388,1233.501196273095,1216.7243017641995,1221.5177001953125,1064600,0.0,0.0
2019-09-27 00:00:00+09:00,1238.2943683616772,1240.6910671391515,1210.332882624478,1219.919677734375,894100,0.0,0.0
2019-09-30 00:00:00+09:00,1213.528513871948,1217.523011942626,1203.941718502321,1212.7296142578125,1077700,0.0,0.0
2019-10-01 00:00:00+09:00,1216.72420521349,1221.5176032642325,1203.142910736386,1210.3330078125,740500,0.0,0.0
2019-10-02 00:00:00+09:00,1200.7461443150296,1207.137341357292,1188.7626498607879,1201.5450439453125,1057700,0.0,0.0
2019-10-03 00:00:00+09:00,1178.3769113619317,1184.7681081693183,1160.0022205406947,1181.572509765625,1818100,0.0,0.0
2019-10-04 00:00:00+09:00,1175.181344214691,1208.735128345906,1166.3934483708015,1207.1373291015625,963700,0.0,0.0
2019-10-07 00:00:00+09:00,1209.5340613556925,1212.72965993259,1196.7516670481025,1199.947265625,661700,0.0,0.0
2019-10-08 00:00:00+09:00,1216.7241886541772,1227.1098842894394,1203.9417940261621,1225.5120849609375,1268600,0.0,0.0
2019-10-09 00:00:00+09:00,1207.1373635459615,1228.7076539600853,1204.740664611059,1223.1153564453125,959600,0.0,0.0
2019-10-10 00:00:00+09:00,1219.9194859326044,1223.9139832670267,1205.5392955286836,1211.131591796875,662100,0.0,0.0
2019-10-11 00:00:00+09:00,1217.5228708606185,1217.5228708606185,1191.1591866490696,1204.740478515625,862300,0.0,0.0
2019-10-15 00:00:00+09:00,1217.5232357627467,1217.5232357627467,1202.3441403037623,1214.32763671875,1043300,0.0,0.0
2019-10-16 00:00:00+09:00,1230.305640048668,1234.3001388799948,1204.7408475281761,1218.3221435546875,1163100,0.0,0.0
2019-10-17 00:00:00+09:00,1231.1043230625971,1239.8922189442899,1217.5230294272537,1220.7186279296875,1000900,0.0,0.0
2019-10-18 00:00:00+09:00,1225.5120080839818,1232.702104611202,1208.7351161871345,1212.7296142578125,734800,0.0,0.0
2019-10-21 00:00:00+09:00,1214.32763671875,1221.5177345677425,1202.3441403037623,1214.32763671875,814400,0.0,0.0
2019-10-23 00:00:00+09:00,1230.305274757179,1246.283265338441,1221.5173799374847,1241.4898681640625,936900,0.0,0.0
2019-10-24 00:00:00+09:00,1250.2778649023687,1252.6745636849291,1235.897672207006,1243.0877685546875,860000,0.0,0.0
2019-10-25 00:00:00+09:00,1264.658096664702,1269.4514943778972,1246.2834054307864,1249.47900390625,925700,0.0,0.0
2019-10-28 00:00:00+09:00,1247.8810207877189,1260.6634128060311,1245.4843222842853,1254.272216796875,589400,0.0,0.0
2019-10-29 00:00:00+09:00,1257.468029886427,1261.462528075393,1251.076832784082,1251.875732421875,680600,0.0,0.0
2019-10-30 00:00:00+09:00,1248.6801200792627,1252.67461822411,1230.3054286129652,1234.2999267578125,751300,0.0,0.0
2019-10-31 00:00:00+09:00,1245.4844794177948,1252.6745758352163,1224.7130897674658,1237.4954833984375,908000,0.0,0.0
2019-11-01 00:00:00+09:00,1230.3055957407332,1244.685791015625,1225.5121973157695,1244.685791015625,551500,0.0,0.0
2019-11-05 00:00:00+09:00,1246.283265338441,1248.6799639256303,1230.305274757179,1241.4898681640625,964900,0.0,0.0
2019-11-06 00:00:00+09:00,1254.2723928161583,1264.6580877885212,1238.2944005509842,1245.4844970703125,1240300,0.0,0.0
2019-11-07 00:00:00+09:00,1249.4791387559208,1251.0769381660946,1227.1099470134875,1243.8868408203125,787300,0.0,0.0
2019-11-08 00:00:00+09:00,1250.2779140771995,1250.2779140771995,1215.9252301760368,1220.7186279296875,1549300,0.0,0.0
2019-11-11 00:00:00+09:00,1219.9197107850327,1222.3164096274395,1204.7406181164565,1212.7296142578125,1275200,0.0,0.0
2019-11-12 00:00:00+09:00,1211.930726834593,1215.925224945452,1203.1428309907035,1207.1373291015625,885400,0.0,0.0
2019-11-13 00:00:00+09:00,1207.936494315358,1212.7298931023236,1202.3441957305645,1205.539794921875,699200,0.0,0.0
2019-11-14 00:00:00+09:00,1211.1318779193534,1218.3219748199301,1203.1428813631571,1207.936279296875,607600,0.0,0.0
2019-11-15 00:00:00+09:00,1214.3274896614244,1243.886777238709,1211.9307906686715,1225.5120849609375,1025200,0.0,0.0
2019-11-18 00:00:00+09:00,1222.3166423860143,1232.7023393474642,1214.3276447233607,1218.3221435546875,520300,0.0,0.0
2019-11-19 00:00:00+09:00,1218.3219391924165,1249.479024850452,1214.3274410311299,1247.8812255859375,974500,0.0,0.0
2019-11-20 00:00:00+09:00,1254.2725545935266,1258.2670531750346,1220.718766508859,1228.707763671875,1034500,0.0,0.0
2019-11-21 00:00:00+09:00,1226.3110645229701,1242.2890588490025,1207.1374713317316,1228.707763671875,1226700,0.0,0.0
2019-11-22 00:00:00+09:00,1227.9086587189836,1233.5009557983803,1198.3493741564575,1202.3438720703125,938500,0.0,0.0
2019-11-25 00:00:00+09:00,1207.1372868162807,1243.0877685546875,1207.1372868162807,1243.0877685546875,744200,0.0,0.0
2019-11-26 00:00:00+09:00,1261.4626001818426,1278.2394935344828,1259.0659011314656,1274.2449951171875,1631000,0.0,0.0
2019-11-27 00:00:00+09:00,1303.0053629803153,1327.7712527733195,1297.4130652851209,1322.178955078125,2024300,0.0,0.0
2019-11-28 00:00:00+09:00,1316.5865061762258,1323.7766023871397,1308.5975103863216,1319.7821044921875,869600,0.0,0.0
2019-11-29 00:00:00+09:00,1333.3634957889406,1336.5590943408613,1322.977800495198,1330.966796875,1092800,0.0,0.0
2019-12-02 00:00:00+09:00,1337.3580701104527,1337.3580701104527,1318.9833773908945,1320.5811767578125,1022800,0.0,0.0
2019-12-03 00:00:00+09:00,1301.4075507627115,1310.1954470539267,1288.6251561573074,1304.6031494140625,1173100,0.0,0.0
2019-12-04 00:00:00+09:00,1296.6141696217142,1318.1844607984156,1295.0163702752918,1312.5921630859375,906900,0.0,0.0
2019-12-05 00:00:00+09:00,1325.3745748585668,1332.5646720096984,1311.793280239763,1320.5811767578125,898600,0.0,0.0
2019-12-06 00:00:00+09:00,1328.570236242472,1339.7548323383196,1325.374637357944,1338.9559326171875,739800,0.0,0.0
2019-12-09 00:00:00+09:00,1342.1512749275846,1345.3468732012218,1334.1622792434919,1344.5479736328125,658800,0.0,0.0
2019-12-10 00:00:00+09:00,1344.548045118697,1352.5370412275424,1337.3579486207361,1343.7491455078125,838500,0.0,0.0
2019-12-11 00:00:00+09:00,1339.7546683175221,1345.3469656808036,1331.7656720842633,1342.1513671875,733200,0.0,0.0
2019-12-12 00:00:00+09:00,1358.1293174036891,1361.3249157975802,1340.5535262372885,1345.346923828125,647800,0.0,0.0
2019-12-13 00:00:00+09:00,1366.1183367160104,1368.5150355523542,1353.3359429221762,1366.917236328125,1289300,0.0,0.0
2019-12-16 00:00:00+09:00,1367.715972348761,1377.3027665474672,1359.7269771831725,1370.1126708984375,672500,0.0,0.0
2019-12-17 00:00:00+09:00,1381.2974138733969,1390.0853095082189,1377.3029158575685,1382.0963134765625,1048500,0.0,0.0
2019-12-18 00:00:00+09:00,1362.922864207806,1362.922864207806,1343.749271745328,1357.33056640625,866300,0.0,0.0
2019-12-19 00:00:00+09:00,1370.9118483477432,1371.7107480262675,1355.7327544557809,1362.9228515625,642300,0.0,0.0
2019-12-20 00:00:00+09:00,1364.5208103531577,1373.3087078437227,1357.330712406332,1369.314208984375,559400,0.0,0.0
2019-12-23 00:00:00+09:00,1378.1016682990494,1378.1016682990494,1360.52587890625,1360.52587890625,381200,0.0,0.0
2019-12-24 00:00:00+09:00,1356.531591540185,1370.11288544842,1353.3359929735414,1367.7161865234375,405800,0.0,0.0
2019-12-25 00:00:00+09:00,1363.721476977668,1366.1181755312316,1354.1346827634138,1360.52587890625,275400,0.0,0.0
2019-12-26 00:00:00+09:00,1358.9282194494992,1375.7051110476411,1357.330420249676,1368.5150146484375,402500,0.0,0.0
2019-12-27 00:00:00+09:00,1371.7521782389038,1391.9845112512771,1370.133591597914,1386.3194580078125,769300,22.0,0.0
2019-12-30 00:00:00+09:00,1387.9381577797003,1390.3660379390817,1376.6080503692538,1383.0823974609375,523400,0.0,0.0
2020-01-06 00:00:00+09:00,1379.845348101481,1396.0312172874221,1379.036054642184,1395.221923828125,829000,0.0,0.0
2020-01-07 00:00:00+09:00,1400.8869122761052,1429.2121820217226,1396.031151748285,1426.7843017578125,904800,0.0,0.0
2020-01-08 00:00:00+09:00,1398.458944092516,1398.458944092516,1367.7057960164075,1373.370849609375,902200,0.0,0.0
2020-01-09 00:00:00+09:00,1379.845209366236,1394.4124901689295,1370.9429822090347,1388.7474365234375,720700,0.0,0.0
2020-01-10 00:00:00+09:00,1399.2682120985119,1401.6960921657735,1388.747398473711,1396.84033203125,565000,0.0,0.0
2020-01-14 00:00:00+09:00,1399.2683582981174,1403.3148254996736,1388.7475435740714,1394.41259765625,615400,0.0,0.0
2020-01-15 00:00:00+09:00,1387.9382955369601,1394.4126432712433,1370.1338392676814,1377.41748046875,598900,0.0,0.0
2020-01-16 00:00:00+09:00,1391.1754957308153,1394.4126696592173,1375.7989195709051,1387.1290283203125,557300,0.0,0.0
2020-01-17 00:00:00+09:00,1384.7009786916335,1401.6961397392806,1382.2730985419696,1391.984619140625,610300,0.0,0.0
2020-01-20 00:00:00+09:00,1390.365970882321,1403.3146644411786,1390.365970882321,1402.50537109375,435100,0.0,0.0
2020-01-21 00:00:00+09:00,1404.1239059012278,1421.1190655691964,1398.4588526785715,1416.2633056640625,609700,0.0,0.0
2020-01-22 00:00:00+09:00,1413.0262214569038,1421.1191551422241,1408.9797546142438,1415.4541015625,511800,0.0,0.0
2020-01-23 00:00:00+09:00,1409.7890296861538,1413.0262031182688,1398.4589226737507,1408.979736328125,705600,0.0,0.0
2020-01-24 00:00:00+09:00,1406.5517205209972,1416.2632398801757,1398.4587877216818,1414.6446533203125,471700,0.0,0.0
2020-01-27 00:00:00+09:00,1404.1240358950747,1428.4028376684766,1400.886862325288,1419.5006103515625,671400,0.0,0.0
2020-01-28 00:00:00+09:00,1419.5008149092969,1431.6402175453513,1409.7892928004535,1427.59375,693100,0.0,0.0
2020-01-29 00:00:00+09:00,1453.4906951398482,1479.3880794630525,1442.9698827585462,1464.82080078125,1295600,0.0,0.0
2020-01-30 00:00:00+09:00,1448.6352994497245,1448.6352994497245,1426.7843759384716,1431.64013671875,1173400,0.0,0.0
2020-01-31 00:00:00+09:00,1438.923649545734,1447.8258768488852,1437.3050627633427,1440.542236328125,1064700,0.0,0.0
2020-02-03 00:00:00+09:00,1420.3099632587011,1441.3515923440152,1412.2170289951189,1430.021484375,1170500,0.0,0.0
2020-02-04 00:00:00+09:00,1420.3096880972182,1431.6397938712132,1413.0260486710786,1429.2119140625,1199600,0.0,0.0
2020-02-05 00:00:00+09:00,1434.0679276460983,1455.9188497942048,1431.6400474074198,1432.4493408203125,1232000,0.0,0.0
2020-02-06 00:00:00+09:00,1448.63514641865,1469.6767742437255,1439.7329192618874,1442.9700927734375,1876100,0.0,0.0
2020-02-07 00:00:00+09:00,1449.444481766464,1461.5838827862835,1438.9236675492868,1447.0166015625,995500,0.0,0.0
2020-02-10 00:00:00+09:00,1453.4909695555261,1459.156023445776,1430.021460581634,1432.4493408203125,1125100,0.0,0.0
2020-02-12 00:00:00+09:00,1435.6865141180776,1440.542274594238,1398.4590171341817,1399.268310546875,1628900,0.0,0.0
2020-02-13 00:00:00+09:00,1408.170349290166,1479.3881600588643,1408.170349290166,1460.7744140625,1681200,0.0,0.0
2020-02-14 00:00:00+09:00,1455.1093421218525,1456.7279287093072,1435.686303072395,1454.300048828125,969200,0.0,0.0
2020-02-17 00:00:00+09:00,1451.062969816833,1451.8722631630778,1430.8306361607142,1444.588623046875,771700,0.0,0.0
2020-02-18 00:00:00+09:00,1438.1144844257879,1438.1144844257879,1425.9750824750918,1431.64013671875,811200,0.0,0.0
2020-02-19 00:00:00+09:00,1440.542236328125,1442.9701165017118,1430.830715633778,1440.542236328125,902300,0.0,0.0
2020-02-20 00:00:00+09:00,1431.6401294964926,1436.4958902522749,1391.984749990937,1395.221923828125,1261600,0.0,0.0
2020-02-21 00:00:00+09:00,1386.3195435361574,1389.556717017853,1353.947808719201,1373.370849609375,1349800,0.0,0.0
2020-02-25 00:00:00+09:00,1312.673952954385,1337.7620494658436,1301.343844852436,1324.8133544921875,1657700,0.0,0.0
2020-02-26 00:00:00+09:00,1305.3903215789796,1310.2460822296143,1278.6836380004884,1294.8695068359375,1773900,0.0,0.0
2020-02-27 00:00:00+09:00,1275.4464319740855,1284.3486596084224,1252.7862161775915,1260.879150390625,1985900,0.0,0.0
2020-02-28 00:00:00+09:00,1222.0329654483833,1228.507312285196,1181.5682977183044,1192.089111328125,2313300,0.0,0.0
2020-03-02 00:00:00+09:00,1173.4755610218895,1237.4097467603235,1167.81050658937,1221.223876953125,2213800,0.0,0.0
2020-03-03 00:00:00+09:00,1247.120980918767,1253.5953273479363,1208.27490234375,1208.27490234375,1290100,0.0,0.0
2020-03-04 00:00:00+09:00,1208.2749720289216,1237.4095326404697,1197.7541584747516,1222.032958984375,1687900,0.0,0.0
2020-03-05 00:00:00+09:00,1226.0793834192016,1234.9816099654797,1213.9399835833678,1217.9864501953125,964500,0.0,0.0
2020-03-06 00:00:00+09:00,1200.1818914858723,1200.1818914858723,1153.2428829179823,1161.3358154296875,1079400,0.0,0.0
2020-03-09 00:00:00+09:00,1120.0619715603382,1130.5827848770177,1043.179105015373,1052.890625,1958500,0.0,0.0
2020-03-10 00:00:00+09:00,1045.6068046488538,1068.2670140375285,996.2399199092407,1063.4112548828125,2299500,0.0,0.0
2020-03-11 00:00:00+09:00,1065.8395058768137,1071.5045601981028,1018.0911908830916,1019.7097778320312,1782500,0.0,0.0
2020-03-12 00:00:00+09:00,995.430708873121,1000.2864684285997,943.6359402813489,959.0125122070312,2091400,0.0,0.0
2020-03-13 00:00:00+09:00,813.3398573334918,856.2324070237157,801.2004564777681,818.1956176757812,5309700,0.0,0.0
2020-03-16 00:00:00+09:00,827.0978171775291,846.5208578940269,793.1074959236581,808.4840698242188,3125500,0.0,0.0
2020-03-17 00:00:00+09:00,788.2517187247005,805.2468789846786,755.0706915504575,780.9680786132812,4962100,0.0,0.0
2020-03-18 00:00:00+09:00,782.5866890191536,822.2420641607654,774.4937553167839,778.5402221679688,3523000,0.0,0.0
2020-03-19 00:00:00+09:00,801.2003542342276,837.6185521539652,761.5449831660688,772.0657958984375,3472600,0.0,0.0
2020-03-23 00:00:00+09:00,762.3544117525739,777.730986936543,731.6012613846357,766.40087890625,2994600,0.0,0.0
2020-03-24 00:00:00+09:00,809.2934044187145,862.7067691103497,801.2004703745274,856.232421875,2275300,0.0,0.0
2020-03-25 00:00:00+09:00,942.8266493505109,1005.9515237276266,917.7385582519136,1001.0957641601562,3986100,0.0,0.0
2020-03-26 00:00:00+09:00,903.9805605007168,956.5846217653065,866.7530709903918,873.2274169921875,2127700,0.0,0.0
2020-03-27 00:00:00+09:00,911.2643189973046,963.0590937893362,859.4695442052731,924.2130126953125,2244600,0.0,0.0
2020-03-30 00:00:00+09:00,861.8974524527921,902.3621215820312,825.479250236477,902.3621215820312,1742700,0.0,0.0
2020-03-31 00:00:00+09:00,903.1714263091217,940.3989223756267,881.3205047048688,928.259521484375,2597900,0.0,0.0
2020-04-01 00:00:00+09:00,909.6456964872847,916.1200430815003,854.6137504364525,869.1810302734375,1956200,0.0,0.0
2020-04-02 00:00:00+09:00,849.7580484868481,874.0368498721866,826.2885404810208,836.0000610351562,2072000,0.0,0.0
2020-04-03 00:00:00+09:00,821.4327596648922,845.7115604431649,789.0610252938619,796.3446655273438,1608000,0.0,0.0
2020-04-06 00:00:00+09:00,792.2982293500587,879.7019155296362,774.4937747579226,861.8974609375,1508400,0.0,0.0
2020-04-07 00:00:00+09:00,894.2693536931819,920.1667467413102,869.9905477105615,908.02734375,1650300,0.0,0.0
2020-04-08 00:00:00+09:00,912.0735945144368,929.0687546606686,851.3765939921806,907.2178344726562,2105200,0.0,0.0
2020-04-09 00:00:00+09:00,920.1666108146106,936.35247907872,884.5577006335703,892.650634765625,1659800,0.0,0.0
2020-04-10 00:00:00+09:00,905.5992009756093,920.1664803478711,878.0832288280037,912.0735473632812,1053800,0.0,0.0
2020-04-13 00:00:00+09:00,898.3155847768314,924.212971004632,886.1761849825499,888.6040649414062,843400,0.0,0.0
2020-04-14 00:00:00+09:00,884.5575386671834,914.5013894729343,874.8460194869398,909.6456298828125,867800,0.0,0.0
2020-04-15 00:00:00+09:00,902.3621225789757,905.5992961128914,883.748374758961,891.84130859375,1282200,0.0,0.0
2020-04-16 00:00:00+09:00,879.7018575597692,886.1762042575413,868.3717508386683,874.0368041992188,805100,0.0,0.0
2020-04-17 00:00:00+09:00,884.5576304703308,912.8828976857577,882.1297504232942,899.9342041015625,1151900,0.0,0.0
2020-04-20 00:00:00+09:00,879.7018244816707,906.4085036057693,874.8460646409255,904.7899169921875,784900,0.0,0.0
2020-04-21 00:00:00+09:00,881.3204673837084,894.2691611193736,864.325306855648,882.1297607421875,881500,0.0,0.0
2020-04-22 00:00:00+09:00,867.5625372456395,882.9391120662245,859.4696031295421,869.9904174804688,964800,0.0,0.0
2020-04-23 00:00:00+09:00,876.4646288352037,921.78505285623,876.4646288352037,917.7385864257812,1182900,0.0,0.0
2020-04-24 00:00:00+09:00,901.5527902560764,912.8828971354167,897.5063235134548,910.4550170898438,1658600,0.0,0.0
2020-04-27 00:00:00+09:00,915.3107889811198,957.3940436469185,912.8829089042468,946.8732299804688,881200,0.0,0.0
2020-04-28 00:00:00+09:00,954.9661161461655,969.5333958839884,946.0638896397182,951.7289428710938,1737500,0.0,0.0
2020-04-30 00:00:00+09:00,985.7192337123042,1009.1887392768829,981.6727672356527,994.6214599609375,1548400,0.0,0.0
2020-05-01 00:00:00+09:00,988.9563627991496,1000.2864684285997,951.7288728738133,959.0125122070312,987900,0.0,0.0
2020-05-07 00:00:00+09:00,1031.8490164620537,1031.8490164620537,949.3010951450893,963.05908203125,1691300,0.0,0.0
2020-05-08 00:00:00+09:00,971.1520195798755,983.291419824624,949.3010991393284,975.198486328125,1465000,0.0,0.0
2020-05-11 00:00:00+09:00,1008.3795333862305,1048.8442016601562,991.3843727111816,1035.8955078125,1490700,0.0,0.0
2020-05-12 00:00:00+09:00,1032.658375043961,1032.658375043961,995.4308787649467,1006.760986328125,1209200,0.0,0.0
2020-05-13 00:00:00+09:00,992.19381930251,999.4774607166394,976.8172429837924,993.0031127929688,1023100,0.0,0.0
2020-05-14 00:00:00+09:00,980.0542423023898,995.43081588104,962.2497886850052,963.05908203125,854200,0.0,0.0
2020-05-15 00:00:00+09:00,978.4357905504968,982.4822578397875,946.0640522361709,955.7755737304688,821900,0.0,0.0
2020-05-18 00:00:00+09:00,968.7243273745972,998.6681871180058,950.1105767232891,988.9566650390625,999800,0.0,0.0
2020-05-19 00:00:00+09:00,1036.704917003534,1074.7417094306738,1029.4212759004647,1044.7978515625,1785200,0.0,0.0
2020-05-20 00:00:00+09:00,1042.3699623943764,1054.5093641303358,1035.8956148018647,1041.5606689453125,962800,0.0,0.0
2020-05-21 00:00:00+09:00,1048.0347514804962,1059.364856901907,1035.0860595703125,1035.0860595703125,932800,0.0,0.0
2020-05-22 00:00:00+09:00,1047.2256794858017,1051.2721465626403,1009.9981823788876,1014.8539428710938,743100,0.0,0.0
2020-05-25 00:00:00+09:00,1039.1327241233032,1073.123046875,1035.8955505279034,1073.123046875,769600,0.0,0.0
2020-05-26 00:00:00+09:00,1097.401928206299,1147.5781225638143,1094.9740478341612,1135.438720703125,1564000,0.0,0.0
2020-05-27 00:00:00+09:00,1141.9128844775742,1143.5314711316885,1109.54115139529,1124.917724609375,1029900,0.0,0.0
2020-05-28 00:00:00+09:00,1141.9129166586263,1152.4337302068632,1128.154929710932,1146.7686767578125,1112400,0.0,0.0
2020-05-29 00:00:00+09:00,1139.4849712023038,1158.9080104841612,1120.871225223857,1124.1083984375,1765800,0.0,0.0
2020-06-01 00:00:00+09:00,1124.917903317498,1127.3457836843704,1106.3041538381437,1123.29931640625,1054000,0.0,0.0
2020-06-02 00:00:00+09:00,1133.0107401330206,1162.9545954079647,1119.2527525742626,1154.0523681640625,1030000,0.0,0.0
2020-06-03 00:00:00+09:00,1172.6659921693408,1187.233271575171,1165.3823524664256,1175.0938720703125,1076300,0.0,0.0
2020-06-04 00:00:00+09:00,1203.4191129990104,1204.2284062828028,1139.4849435794263,1156.4801025390625,1409600,0.0,0.0
2020-06-05 00:00:00+09:00,1154.0523157998743,1170.2381827816398,1144.3407956108151,1167.810302734375,1099400,0.0,0.0
2020-06-08 00:00:00+09:00,1192.0891349948183,1203.4192421841785,1182.3776145467953,1189.6612548828125,1398000,0.0,0.0
2020-06-09 00:00:00+09:00,1189.6614594330658,1206.6566231392526,1175.903469766153,1197.75439453125,895300,0.0,0.0
2020-06-10 00:00:00+09:00,1173.4753837454361,1192.8984245798433,1165.382450064433,1177.5218505859375,911000,0.0,0.0
2020-06-11 00:00:00+09:00,1135.4385142462395,1154.0522603814236,1104.685368457674,1106.303955078125,1323500,0.0,0.0
2020-06-12 00:00:00+09:00,1082.0252685546875,1082.0252685546875,1046.4163591931272,1082.0252685546875,1549100,0.0,0.0
2020-06-15 00:00:00+09:00,1061.7928233867774,1071.504343112876,1018.9002779298421,1022.137451171875,1563000,0.0,0.0
2020-06-16 00:00:00+09:00,1062.6023638984086,1093.3555168520563,1056.1280159081668,1088.499755859375,1060600,0.0,0.0
2020-06-17 00:00:00+09:00,1084.452919749032,1103.8759571176713,1076.359987512099,1097.401611328125,689400,0.0,0.0
2020-06-18 00:00:00+09:00,1081.21582473467,1090.1180508365271,1048.8440934551886,1072.3135986328125,662700,0.0,0.0
2020-06-19 00:00:00+09:00,1067.4578006939637,1073.9321467178845,1050.4626423811712,1059.3648681640625,1538700,0.0,0.0
2020-06-22 00:00:00+09:00,1041.5603192783608,1066.648407776907,1037.5138533914983,1056.9368896484375,620500,0.0,0.0
2020-06-23 00:00:00+09:00,1066.64878619245,1082.0253620176825,1053.700090760675,1060.1744384765625,625700,0.0,0.0
2020-06-24 00:00:00+09:00,1052.8904893974282,1074.741406548643,1052.0811961696054,1058.5555419921875,800900,0.0,0.0
2020-06-25 00:00:00+09:00,1029.4212106557993,1030.2305040604028,1001.9052348992764,1009.9981689453125,1253100,0.0,0.0
2020-06-26 00:00:00+09:00,1034.2767896502742,1039.1325492260971,1022.137390710717,1032.658203125,1242000,0.0,0.0
2020-06-29 00:00:00+09:00,1017.8356587997337,1026.0705751330647,992.3074181664069,994.7778930664062,1399500,22.0,0.0
2020-06-30 00:00:00+09:00,1031.8347422281902,1035.1287078857422,1014.5414225260417,1017.8353881835938,1255200,0.0,0.0
2020-07-01 00:00:00+09:00,1017.0119642010413,1029.3643362358719,986.5427798484595,997.2481689453125,1102200,0.0,0.0
2020-07-02 00:00:00+09:00,999.7185463470408,1022.7763052413713,989.8366496780421,993.130615234375,825000,0.0,0.0
2020-07-03 00:00:00+09:00,1007.9535224952889,1012.0709796950246,975.0138648974037,983.248779296875,655200,0.0,0.0
2020-07-06 00:00:00+09:00,972.5432124396264,1007.1298465822719,964.3082995485203,1003.0123901367188,987700,0.0,0.0
2020-07-07 00:00:00+09:00,998.0715635688745,1006.3064774597067,980.7782443981266,993.130615234375,913800,0.0,0.0
2020-07-08 00:00:00+09:00,971.7199737472724,998.895193352069,964.3085502186915,990.6602783203125,897800,0.0,0.0
2020-07-09 00:00:00+09:00,984.0722658829676,991.4836888059356,964.3084714217198,974.1903686523438,1599000,0.0,0.0
2020-07-10 00:00:00+09:00,966.7789626913442,966.7789626913442,925.6043901746771,932.1923217773438,1784000,0.0,0.0
2020-07-13 00:00:00+09:00,942.0742229340724,961.8380178208013,934.6627998515492,961.0145263671875,1518100,0.0,0.0
2020-07-14 00:00:00+09:00,950.3092069018161,970.0730032325297,941.250800250239,969.24951171875,1359900,0.0,0.0
2020-07-15 00:00:00+09:00,979.1315391528041,1009.6007291853135,978.3080475303038,1006.3067626953125,1595200,0.0,0.0
2020-07-16 00:00:00+09:00,1026.0704921954075,1031.8349331627974,1003.8362198926177,1017.0120849609375,1308200,0.0,0.0
2020-07-17 00:00:00+09:00,1009.6004430160397,1009.6004430160397,979.1312616199601,993.130615234375,1547900,0.0,0.0
2020-07-20 00:00:00+09:00,1003.0125067962924,1004.6594895660729,975.837291094915,993.9541015625,1050700,0.0,0.0
2020-07-21 00:00:00+09:00,988.1899203176911,998.071819520868,977.4845295142494,991.48388671875,1555200,0.0,0.0
2020-07-22 00:00:00+09:00,992.307179476806,1012.8944653580676,989.8367051710546,1003.8360595703125,2054300,0.0,0.0
2020-07-27 00:00:00+09:00,989.0132038378341,999.7185923889514,972.5433752976537,995.6011352539062,1383400,0.0,0.0
2020-07-28 00:00:00+09:00,993.130563415937,1000.5419855309814,977.4842278397324,981.6016845703125,1466300,0.0,0.0
2020-07-29 00:00:00+09:00,965.1321097148901,987.366381867025,951.9562447358472,970.0730590820312,1211800,0.0,0.0
2020-07-30 00:00:00+09:00,965.1320957415526,972.5435196849604,951.1327394040045,962.66162109375,2465000,0.0,0.0
2020-07-31 00:00:00+09:00,957.7205044636684,957.7205044636684,928.8983052751659,930.5452880859375,1164300,0.0,0.0
2020-08-03 00:00:00+09:00,941.250696756114,954.4265595278532,938.780222486413,947.01513671875,1079400,0.0,0.0
2020-08-04 00:00:00+09:00,955.2501426665381,1001.3656667952674,953.6031596619406,1000.5421752929688,982900,0.0,0.0
2020-08-05 00:00:00+09:00,989.8365048284676,993.1304699027719,951.132415205391,976.66064453125,1469100,0.0,0.0
2020-08-06 00:00:00+09:00,975.8373766987264,996.4246631269696,969.2494450416885,979.954833984375,930600,0.0,0.0
2020-08-07 00:00:00+09:00,984.8957565595518,1013.717956793318,979.1313165127987,1003.8360595703125,928900,0.0,0.0
2020-08-11 00:00:00+09:00,1021.9527668449449,1063.1273344051763,1020.3057841425357,1060.6568603515625,1021300,0.0,0.0
2020-08-12 00:00:00+09:00,1076.303414891503,1086.1853131154494,1065.5980251488943,1084.538330078125,1198400,0.0,0.0
2020-08-13 00:00:00+09:00,1088.6554747693935,1090.3024573333412,1052.4218583625454,1075.4796142578125,1041600,0.0,0.0
2020-08-14 00:00:00+09:00,1058.1865036553545,1061.4804694254879,1036.7757261494874,1041.7166748046875,1120900,0.0,0.0
2020-08-17 00:00:00+09:00,1040.069727862772,1051.5986084566587,1032.6583046238447,1035.9522705078125,602500,0.0,0.0
2020-08-18 00:00:00+09:00,1021.952865167371,1049.1280823716604,1012.8944594326078,1044.1871337890625,1394600,0.0,0.0
2020-08-19 00:00:00+09:00,1031.8347673784963,1043.3636474609375,1024.4233444683555,1043.3636474609375,1069200,0.0,0.0
2020-08-20 00:00:00+09:00,1026.070444971802,1033.4818687316306,1015.3650550964944,1024.4234619140625,668400,0.0,0.0
2020-08-21 00:00:00+09:00,1031.011280993903,1049.9515840792544,1031.011280993903,1042.5401611328125,451300,0.0,0.0
2020-08-24 00:00:00+09:00,1035.1288308363694,1039.2462883973733,1022.7764581533578,1027.7174072265625,715600,0.0,0.0
2020-08-25 00:00:00+09:00,1054.0691361003862,1073.8329324022684,1053.2456445878076,1066.4215087890625,797100,0.0,0.0
2020-08-26 00:00:00+09:00,1054.8925482598165,1054.8925482598165,1032.6582790927478,1040.0697021484375,755200,0.0,0.0
2020-08-27 00:00:00+09:00,1033.4815998950035,1040.8930217269199,1005.4828951966529,1007.953369140625,807800,0.0,0.0
2020-08-28 00:00:00+09:00,1017.0120175679524,1063.1275422511956,1017.0120175679524,1027.7174072265625,1165500,0.0,0.0
2020-08-31 00:00:00+09:00,1039.2464284741723,1074.6565682716282,1039.2464284741723,1063.127685546875,1018000,0.0,0.0
2020-09-01 00:00:00+09:00,1050.7750294883579,1059.8334349149816,1041.7166240617341,1049.9515380859375,693000,0.0,0.0
2020-09-02 00:00:00+09:00,1058.1865088547333,1059.0100003013129,1032.658274010767,1040.8931884765625,808000,0.0,0.0
2020-09-03 00:00:00+09:00,1063.9510084885817,1073.8329064002405,1054.8926020695612,1070.5389404296875,775000,0.0,0.0
2020-09-04 00:00:00+09:00,1064.774318602027,1082.8911283539562,1059.8333704878644,1080.420654296875,828800,0.0,0.0
2020-09-07 00:00:00+09:00,1087.0087530025435,1102.6550911139436,1083.714787084354,1092.773193359375,675300,0.0,0.0
2020-09-08 00:00:00+09:00,1087.8323520792915,1116.6545567142462,1087.8323520792915,1114.18408203125,601700,0.0,0.0
2020-09-09 00:00:00+09:00,1090.3026072376178,1096.06704700398,1075.4797621241155,1091.1260986328125,1129700,0.0,0.0
2020-09-10 00:00:00+09:00,1097.7141945578835,1126.5363977158174,1094.420228482691,1123.242431640625,764600,0.0,0.0
2020-09-11 00:00:00+09:00,1122.4189006680904,1122.4189006680904,1101.008121931942,1110.0665283203125,1103200,0.0,0.0
2020-09-14 00:00:00+09:00,1110.0666346687638,1115.007584081236,1097.7142611375832,1112.537109375,713500,0.0,0.0
2020-09-15 00:00:00+09:00,1110.8900146484375,1113.360489106514,1089.4792360117738,1110.8900146484375,604700,0.0,0.0
2020-09-16 00:00:00+09:00,1110.0664987664475,1110.0664987664475,1091.1261950041119,1095.24365234375,576700,0.0,0.0
2020-09-17 00:00:00+09:00,1092.773172815611,1104.3020533125352,1087.8322240312148,1096.067138671875,539600,0.0,0.0
2020-09-18 00:00:00+09:00,1091.9498772009094,1107.596217824452,1091.9498772009094,1103.478759765625,1068700,0.0,0.0
2020-09-23 00:00:00+09:00,1078.7738553560698,1091.126227745643,1064.77449998122,1070.5389404296875,939600,0.0,0.0
2020-09-24 00:00:00+09:00,1056.5397415761872,1058.1867248054564,1035.1289595956878,1045.8343505859375,921900,0.0,0.0
2020-09-25 00:00:00+09:00,1061.4806012536726,1072.185991336138,1051.5987027160124,1059.8336181640625,825600,0.0,0.0
2020-09-28 00:00:00+09:00,1068.0684894969556,1087.0087942451669,1054.8926253242869,1086.185302734375,719800,0.0,0.0
2020-09-29 00:00:00+09:00,1087.0087838876798,1091.949732905351,1070.5389538287757,1087.832275390625,712700,0.0,0.0
2020-09-30 00:00:00+09:00,1077.9503288952894,1079.5973118271386,1056.53955078125,1056.53955078125,825700,0.0,0.0
2020-10-02 00:00:00+09:00,1050.7750910066557,1067.2449200192991,1031.8347876421158,1040.0697021484375,964400,0.0,0.0
2020-10-05 00:00:00+09:00,1055.7162035870297,1079.5974593623991,1053.2457288516464,1072.18603515625,753900,0.0,0.0
2020-10-06 00:00:00+09:00,1059.0101110177447,1072.185975540516,1052.422178756359,1062.3040771484375,671900,0.0,0.0
2020-10-07 00:00:00+09:00,1037.5993515655375,1060.6571149336605,1035.128876918953,1059.0101318359375,891500,0.0,0.0
2020-10-08 00:00:00+09:00,1060.6570236206055,1060.6570236206055,1044.1871940612793,1054.069091796875,1446700,0.0,0.0
2020-10-09 00:00:00+09:00,1054.0692054655872,1054.0692054655872,1010.4241524267776,1017.0120849609375,1266400,0.0,0.0
2020-10-12 00:00:00+09:00,1007.1300899487187,1024.4234111988603,996.424700603393,1022.7764282226562,753000,0.0,0.0
2020-10-13 00:00:00+09:00,1028.5405852836209,1039.2459716796875,1026.0701114999133,1039.2459716796875,721400,0.0,0.0
2020-10-14 00:00:00+09:00,1032.658105976969,1035.128579914713,1021.9527189134119,1028.5406494140625,713000,0.0,0.0
2020-10-15 00:00:00+09:00,1031.011326804271,1035.9522756547708,1024.4233950036048,1035.1287841796875,598700,0.0,0.0
2020-10-16 00:00:00+09:00,1023.5999153936714,1026.8938813321868,1010.4240516396096,1013.718017578125,538900,0.0,0.0
2020-10-19 00:00:00+09:00,1014.541457201087,1041.7166748046875,1014.541457201087,1041.7166748046875,543300,0.0,0.0
2020-10-20 00:00:00+09:00,1030.187759399414,1033.4817250569663,1012.0709482828777,1017.8353881835938,579500,0.0,0.0
2020-10-21 00:00:00+09:00,1018.6589546780218,1040.069733030187,1016.1884802527719,1035.1287841796875,514100,0.0,0.0
2020-10-22 00:00:00+09:00,1035.1286878436335,1054.8924814062807,1028.5407566560846,1050.7750244140625,812100,0.0,0.0
2020-10-23 00:00:00+09:00,1059.83378837478,1065.5982301141921,1039.2464964483079,1052.42236328125,502100,0.0,0.0
2020-10-26 00:00:00+09:00,1050.7751156335316,1060.6570132727184,1042.5402009342092,1055.716064453125,453500,0.0,0.0
2020-10-27 00:00:00+09:00,1048.3048034228866,1049.1282950202337,1026.8940218918615,1030.18798828125,359200,0.0,0.0
2020-10-28 00:00:00+09:00,1023.5998959529509,1026.8938618289058,981.6018310345273,997.2481689453125,714900,0.0,0.0
2020-10-29 00:00:00+09:00,984.0724888878057,1007.1302543178128,972.543606172802,1006.3067626953125,442400,0.0,0.0
2020-10-30 00:00:00+09:00,1012.8944606206888,1012.8944606206888,980.7782947961304,984.895751953125,641000,0.0,0.0
2020-11-02 00:00:00+09:00,984.895731608073,1021.9528452555339,984.895731608073,1017.8353881835938,534200,0.0,0.0
2020-11-04 00:00:00+09:00,1045.010858971303,1054.892758346918,1031.8349931371492,1045.8343505859375,683400,0.0,0.0
2020-11-05 00:00:00+09:00,1045.8343200448662,1073.009542534221,1034.3054377766553,1069.715576171875,1211500,0.0,0.0
2020-11-06 00:00:00+09:00,1014.5413579252577,1066.4213137282538,988.1896343427834,1038.422607421875,1504200,0.0,0.0
2020-11-09 00:00:00+09:00,1045.010858971303,1053.245775117649,1027.7175350639764,1045.8343505859375,844300,0.0,0.0
2020-11-10 00:00:00+09:00,1119.9483286279262,1136.4181569901016,1088.655654739793,1125.7127685546875,1573100,0.0,0.0
2020-11-11 00:00:00+09:00,1157.0053750743036,1175.9456765879754,1127.3596857485563,1136.4180908203125,1504100,0.0,0.0
2020-11-12 00:00:00+09:00,1111.7134557145366,1117.4778958552786,1087.0087122542136,1099.361083984375,1179000,0.0,0.0
2020-11-13 00:00:00+09:00,1090.3027168273927,1090.3027168273927,1045.834177017212,1054.069091796875,1061200,0.0,0.0
2020-11-16 00:00:00+09:00,1081.2444862479595,1111.713675883279,1076.3035365773671,1103.478759765625,843200,0.0,0.0
2020-11-17 00:00:00+09:00,1128.1833289977938,1140.535701213098,1111.7134993773882,1131.477294921875,979900,0.0,0.0
2020-11-18 00:00:00+09:00,1117.478051868034,1120.772018122619,1093.5967965222912,1094.4202880859375,878000,0.0,0.0
2020-11-19 00:00:00+09:00,1077.1267299422298,1099.3609973034227,1070.5387988722468,1093.5965576171875,809900,0.0,0.0
2020-11-20 00:00:00+09:00,1080.4209108917853,1107.596131973667,1073.832978508299,1097.7142333984375,808600,0.0,0.0
2020-11-24 00:00:00+09:00,1140.5358101981028,1161.946590750558,1131.4774030412948,1152.88818359375,1261100,0.0,0.0
2020-11-25 00:00:00+09:00,1177.5928004480618,1187.4746980741993,1150.4175819761833,1153.7115478515625,1095300,0.0,0.0
2020-11-26 00:00:00+09:00,1130.65360816691,1169.357701090322,1118.30123808497,1163.59326171875,1452100,0.0,0.0
2020-11-27 00:00:00+09:00,1178.4162381380381,1254.1774498142781,1176.7692552755111,1241.0015869140625,2008500,0.0,0.0
2020-11-30 00:00:00+09:00,1227.825608886378,1228.6491002404266,1180.0631103515625,1180.0631103515625,1185700,0.0,0.0
2020-12-01 00:00:00+09:00,1187.474714410313,1226.1788139784717,1184.1807484896187,1209.708984375,784400,0.0,0.0
2020-12-02 00:00:00+09:00,1223.7082819837203,1243.4720765783431,1208.061944596311,1238.5311279296875,1227900,0.0,0.0
2020-12-03 00:00:00+09:00,1250.0601081549344,1269.0004128239484,1241.0017015741014,1261.5889892578125,1062200,0.0,0.0
2020-12-04 00:00:00+09:00,1260.7654167435614,1269.0003312879346,1250.0600278358759,1255.0009765625,686500,0.0,0.0
2020-12-07 00:00:00+09:00,1264.059452346771,1267.3534183463717,1224.5318603515625,1224.5318603515625,454400,0.0,0.0
2020-12-08 00:00:00+09:00,1213.002703033764,1223.708090093804,1187.47447235213,1189.9449462890625,880000,0.0,0.0
2020-12-09 00:00:00+09:00,1189.9452123334331,1227.825821168961,1189.9452123334331,1225.3553466796875,572100,0.0,0.0
2020-12-10 00:00:00+09:00,1220.4143425582627,1236.8841717425846,1214.64990234375,1214.64990234375,500400,0.0,0.0
2020-12-11 00:00:00+09:00,1217.9437397097754,1223.708179316245,1193.2389985391917,1195.70947265625,643900,0.0,0.0
2020-12-14 00:00:00+09:00,1190.7687038298575,1229.47280416181,1186.651246347735,1225.3553466796875,566100,0.0,0.0
2020-12-15 00:00:00+09:00,1214.6500610850487,1226.1789430207712,1205.5916538498382,1208.8856201171875,328700,0.0,0.0
2020-12-16 00:00:00+09:00,1218.7673906569094,1231.9432543396867,1208.0620014146527,1209.708984375,456000,0.0,0.0
2020-12-17 00:00:00+09:00,1203.1211301863932,1210.5325539863093,1189.9452656532087,1197.356689453125,384300,0.0,0.0
2020-12-18 00:00:00+09:00,1199.0036437478238,1203.9445928292023,1180.8868304494365,1182.5338134765625,725700,0.0,0.0
2020-12-21 00:00:00+09:00,1177.592614478282,1189.944984560222,1157.828822347178,1163.59326171875,604800,0.0,0.0
2020-12-22 00:00:00+09:00,1140.5358309595497,1160.2996287523506,1131.4774236378494,1149.59423828125,462700,0.0,0.0
2020-12-23 00:00:00+09:00,1157.828938919177,1163.5933788711218,1137.2416533765174,1144.653076171875,308300,0.0,0.0
2020-12-24 00:00:00+09:00,1148.770710189939,1164.4170496118809,1143.8297608987996,1155.358642578125,393800,0.0,0.0
2020-12-25 00:00:00+09:00,1165.2404118385637,1180.0632580668987,1162.7699374671745,1175.94580078125,313900,0.0,0.0
2020-12-28 00:00:00+09:00,1177.5926262725936,1181.7100830078125,1168.5342214551122,1181.7100830078125,548200,0.0,0.0
2020-12-29 00:00:00+09:00,1182.5337568703567,1193.2391460342249,1167.7109103357702,1191.5921630859375,614200,0.0,0.0
2020-12-30 00:00:00+09:00,1214.185431016039,1214.185431016039,1184.0609130859375,1184.0609130859375,523700,23.0,0.0
2021-01-04 00:00:00+09:00,1184.0610422799498,1184.0610422799498,1143.8950139905946,1161.4676513671875,525800,0.0,0.0
2021-01-05 00:00:00+09:00,1155.610106628065,1161.4676524256006,1148.0789763169482,1158.1204833984375,453500,0.0,0.0
2021-01-06 00:00:00+09:00,1153.9362760232887,1191.5919195483416,1153.099483944954,1185.734375,458700,0.0,0.0
2021-01-07 00:00:00+09:00,1214.1855494163667,1226.7374331112292,1204.1440424604766,1205.817626953125,548000,0.0,0.0
2021-01-08 00:00:00+09:00,1219.2064113693957,1245.9837656342004,1200.7969803123424,1243.473388671875,834000,0.0,0.0
2021-01-12 00:00:00+09:00,1237.6156002562404,1253.5146512399244,1230.0844708429165,1239.2891845703125,465800,0.0,0.0
2021-01-13 00:00:00+09:00,1235.1053420255016,1252.6779790055393,1216.6959128083192,1251.00439453125,473700,0.0,0.0
2021-01-14 00:00:00+09:00,1250.16760600322,1261.0459051183752,1231.7581767314189,1238.4525146484375,641000,0.0,0.0
2021-01-15 00:00:00+09:00,1240.963146511222,1243.4735237462414,1207.4914500442976,1217.532958984375,611100,0.0,0.0
2021-01-18 00:00:00+09:00,1206.6544222768325,1212.5119680160406,1185.7346160653758,1195.776123046875,423500,0.0,0.0
2021-01-19 00:00:00+09:00,1198.2864927397907,1224.2270522893252,1193.2657392785904,1219.206298828125,531800,0.0,0.0
2021-01-20 00:00:00+09:00,1216.6961665727017,1220.8801286310675,1204.1442803976051,1217.532958984375,492700,0.0,0.0
2021-01-21 00:00:00+09:00,1221.716678094765,1228.411016056928,1205.8176254346276,1210.83837890625,784600,0.0,0.0
2021-01-22 00:00:00+09:00,1199.9603183392396,1224.2272982777597,1189.0820169874892,1217.532958984375,489300,0.0,0.0
2021-01-25 00:00:00+09:00,1223.3901384001592,1235.1052286447573,1205.8175030332623,1215.022216796875,585400,0.0,0.0
2021-01-26 00:00:00+09:00,1206.654298237012,1216.6958041862797,1194.9392079628662,1199.9599609375,341400,0.0,0.0
2021-01-27 00:00:00+09:00,1204.1439215789687,1215.8590118514535,1199.1231686050469,1200.7967529296875,345800,0.0,0.0
2021-01-28 00:00:00+09:00,1164.8148156894558,1192.4289600269215,1163.9780234368054,1176.5299072265625,776400,0.0,0.0
2021-01-29 00:00:00+09:00,1188.244874604115,1195.7760040910425,1171.5090312998316,1180.7137451171875,1145800,0.0,0.0
2021-02-01 00:00:00+09:00,1168.9988961800636,1198.286628009915,1163.9781421520893,1181.55078125,750300,0.0,0.0
2021-02-02 00:00:00+09:00,1176.5299093221902,1178.203493830472,1156.4468952228071,1169.8355712890625,828700,0.0,0.0
2021-02-03 00:00:00+09:00,1177.3667937802597,1249.330933272159,1174.85641682124,1247.6573486328125,979400,0.0,0.0
2021-02-04 00:00:00+09:00,1247.6573492886637,1269.413949611605,1236.779049127193,1245.9837646484375,694200,0.0,0.0
2021-02-05 00:00:00+09:00,1271.0873978196876,1296.1911647285688,1267.7402288985033,1286.9864501953125,721600,0.0,0.0
2021-02-08 00:00:00+09:00,1302.0485777165193,1346.398561404807,1302.0485777165193,1336.3570556640625,964400,0.0,0.0
2021-02-09 00:00:00+09:00,1317.9478787827766,1320.4582556947437,1297.864863487039,1310.416748046875,755800,0.0,0.0
2021-02-10 00:00:00+09:00,1281.9659318122594,1312.0904576250803,1271.0876308242964,1304.559326171875,621800,0.0,0.0
2021-02-12 00:00:00+09:00,1311.253538486005,1321.2950461195928,1300.3752385496184,1315.4375,539600,0.0,0.0
2021-02-15 00:00:00+09:00,1380.7070342455904,1380.7070342455904,1338.8674271472394,1363.97119140625,807900,0.0,0.0
2021-02-16 00:00:00+09:00,1369.8291141196082,1382.380999710197,1333.847042093253,1342.2149658203125,900800,0.0,0.0
2021-02-17 00:00:00+09:00,1354.7667344218553,1368.992203529435,1317.9478732022374,1325.47900390625,753200,0.0,0.0
2021-02-18 00:00:00+09:00,1318.7844314974639,1323.8051844092563,1277.7816160511595,1278.618408203125,915000,0.0,0.0
2021-02-19 00:00:00+09:00,1282.8024895191193,1293.6807885169983,1274.4345672130585,1285.3128662109375,916000,0.0,0.0
2021-02-22 00:00:00+09:00,1313.763919145633,1336.3573113857171,1301.2120345678086,1305.39599609375,747400,0.0,0.0
2021-02-24 00:00:00+09:00,1333.847051306616,1345.5621446054195,1317.1112037368969,1322.1319580078125,721800,0.0,0.0
2021-02-25 00:00:00+09:00,1344.7251018046434,1353.0930240311811,1302.8854906719537,1329.662841796875,816000,0.0,0.0
2021-02-26 00:00:00+09:00,1308.743054837442,1308.743054837442,1261.0458974680469,1264.39306640625,1151100,0.0,0.0
2021-03-01 00:00:00+09:00,1297.8647375611274,1335.5203875870789,1290.333607555937,1328.8260498046875,992900,0.0,0.0
2021-03-02 00:00:00+09:00,1327.9892631979549,1334.6836010086568,1299.5383275024726,1308.7430419921875,833300,0.0,0.0
2021-03-03 00:00:00+09:00,1310.416626444863,1314.6005875765516,1295.354366370784,1308.7430419921875,560800,0.0,0.0
2021-03-04 00:00:00+09:00,1303.7222860863094,1335.520390625,1297.8647405133927,1317.94775390625,1082900,0.0,0.0
2021-03-05 00:00:00+09:00,1321.2948010479242,1326.3155539334768,1281.9655701110955,1314.6004638671875,752900,0.0,0.0
2021-03-08 00:00:00+09:00,1338.8675505343865,1379.8703692695021,1338.8675505343865,1350.5826416015625,833100,0.0,0.0
2021-03-09 00:00:00+09:00,1380.7071524346754,1403.3005422017884,1374.849606939498,1384.0543212890625,851600,0.0,0.0
2021-03-10 00:00:00+09:00,1359.787345147606,1394.0958258559456,1357.2769685104104,1391.58544921875,831500,0.0,0.0
2021-03-11 00:00:00+09:00,1385.7277810115575,1404.9740001922735,1379.0334439052215,1398.2796630859375,1203200,0.0,0.0
2021-03-12 00:00:00+09:00,1406.647707490293,1409.1580841247194,1368.1552657624204,1397.4429931640625,840200,0.0,0.0
2021-03-15 00:00:00+09:00,1417.5260020606681,1425.057131941746,1401.6269500895037,1413.342041015625,470800,0.0,0.0
2021-03-16 00:00:00+09:00,1403.3006514428369,1429.2412120837002,1402.4638591640992,1425.89404296875,483500,0.0,0.0
2021-03-17 00:00:00+09:00,1425.8939166500509,1447.6505139698286,1413.3420335809483,1442.6297607421875,617800,0.0,0.0
2021-03-18 00:00:00+09:00,1453.5081809701915,1472.7544032858589,1443.4666736750605,1446.8138427734375,834800,0.0,0.0
2021-03-19 00:00:00+09:00,1438.4459128355368,1481.9591108968793,1435.0987437538952,1468.5704345703125,1233300,0.0,0.0
2021-03-22 00:00:00+09:00,1447.6503917592188,1457.6918973667973,1423.3834198742377,1440.9560546875,608200,0.0,0.0
2021-03-23 00:00:00+09:00,1451.8344771430818,1472.7542822892358,1431.751464202774,1434.2618408203125,662400,0.0,0.0
2021-03-24 00:00:00+09:00,1405.8110389640822,1429.241222946817,1391.5855701174219,1394.9327392578125,523000,0.0,0.0
2021-03-25 00:00:00+09:00,1415.8524202677772,1434.2618489001006,1395.7694072143336,1403.300537109375,606300,0.0,0.0
2021-03-26 00:00:00+09:00,1431.7515886323542,1441.793095975188,1420.8732890109513,1426.7308349609375,551300,0.0,0.0
2021-03-29 00:00:00+09:00,1422.5468799321338,1425.057256779073,1391.5855654865522,1408.3214111328125,1017300,0.0,0.0
2021-03-30 00:00:00+09:00,1409.1581940195222,1438.445923705201,1399.9534789754516,1435.935546875,578100,0.0,0.0
2021-03-31 00:00:00+09:00,1422.546757068895,1441.792977899827,1405.8109128680846,1406.647705078125,761900,0.0,0.0
2021-04-01 00:00:00+09:00,1401.62695225255,1419.1995886688505,1389.0750690980494,1404.97412109375,543900,0.0,0.0
2021-04-02 00:00:00+09:00,1438.4458031397512,1438.4458031397512,1408.3212837022695,1429.2410888671875,722700,0.0,0.0
2021-04-05 00:00:00+09:00,1437.6091260750632,1461.876102009974,1428.4044110652694,1451.8345947265625,649100,0.0,0.0
2021-04-06 00:00:00+09:00,1467.7337896420624,1467.7337896420624,1406.6479477698442,1409.9951171875,777200,0.0,0.0
2021-04-07 00:00:00+09:00,1420.0363760919588,1441.7929734864142,1418.3627916770008,1423.383544921875,728900,0.0,0.0
2021-04-08 00:00:00+09:00,1415.0156300496712,1425.8939288022707,1384.891110427088,1395.7694091796875,786000,0.0,0.0
2021-04-09 00:00:00+09:00,1418.3629185205689,1442.6298947076464,1397.4431114627432,1408.3214111328125,1009000,0.0,0.0
2021-04-12 00:00:00+09:00,1409.994868539003,1430.9146737102049,1409.994868539003,1427.5675048828125,435500,0.0,0.0
2021-04-13 00:00:00+09:00,1428.4041771147113,1432.588137797531,1415.0155029296875,1415.0155029296875,458000,0.0,0.0
2021-04-14 00:00:00+09:00,1393.2591591158443,1397.4431205546307,1360.624259893311,1382.380859375,681300,0.0,0.0
2021-04-15 00:00:00+09:00,1389.0751906511039,1405.811036321599,1382.3808523829057,1402.4638671875,601300,0.0,0.0
2021-04-16 00:00:00+09:00,1404.9741152979145,1430.0778815033568,1399.116569849978,1427.5675048828125,414800,0.0,0.0
2021-04-19 00:00:00+09:00,1422.5468831769588,1426.7308445980675,1394.0959455134196,1399.11669921875,420200,0.0,0.0
2021-04-20 00:00:00+09:00,1384.0543303649222,1384.891122584006,1347.2354727252264,1350.5826416015625,749900,0.0,0.0
2021-04-21 00:00:00+09:00,1318.7845472979698,1328.8260540032843,1303.722287239998,1313.7637939453125,692400,0.0,0.0
2021-04-22 00:00:00+09:00,1328.8259263585041,1337.1938478091245,1315.4372520375118,1336.3570556640625,402900,0.0,0.0
2021-04-23 00:00:00+09:00,1348.0725112848572,1353.9300578888262,1328.826286728959,1344.725341796875,515600,0.0,0.0
2021-04-26 00:00:00+09:00,1344.7250956167088,1354.766602242347,1333.0100045534643,1352.2562255859375,418100,0.0,0.0
2021-04-27 00:00:00+09:00,1343.8883112197277,1343.8883112197277,1323.8052978515625,1323.8052978515625,509100,0.0,0.0
2021-04-28 00:00:00+09:00,1338.8675507594546,1363.9713173361943,1329.6628363479833,1349.745849609375,609500,0.0,0.0
2021-04-30 00:00:00+09:00,1343.8883040748024,1357.276979582397,1338.03075854023,1349.745849609375,497600,0.0,0.0
2021-05-06 00:00:00+09:00,1392.4222467968273,1398.279792306189,1368.9920647593808,1371.50244140625,617400,0.0,0.0
2021-05-07 00:00:00+09:00,1382.3808483958949,1419.1997087647928,1372.3393410225592,1414.178955078125,701400,0.0,0.0
2021-05-10 00:00:00+09:00,1437.609128314771,1458.5289351878032,1434.2619592150859,1445.1402587890625,715900,0.0,0.0
2021-05-11 00:00:00+09:00,1451.8346077281342,1452.6714000092454,1409.9949936725684,1414.178955078125,641800,0.0,0.0
2021-05-12 00:00:00+09:00,1414.178846022662,1414.178846022662,1358.1137675117043,1365.6448974609375,643600,0.0,0.0
2021-05-13 00:00:00+09:00,1371.5024466184107,1386.5647065568678,1342.2147189602993,1352.2562255859375,750000,0.0,0.0
2021-05-14 00:00:00+09:00,1365.6447758402394,1368.1551522664163,1351.4193094252369,1363.1343994140625,517800,0.0,0.0
2021-05-17 00:00:00+09:00,1381.5439435465642,1391.585450101718,1374.012813630199,1388.23828125,348700,0.0,0.0
2021-05-18 00:00:00+09:00,1412.505365093805,1434.2619643191836,1399.1166886474182,1430.0780029296875,567800,0.0,0.0
2021-05-19 00:00:00+09:00,1416.689336007421,1418.3629205744705,1394.932736635777,1402.4638671875,468200,0.0,0.0
2021-05-20 00:00:00+09:00,1395.769520934199,1430.9147966411751,1394.9327286554615,1425.89404296875,346700,0.0,0.0
2021-05-21 00:00:00+09:00,1422.546752714396,1435.0986358265818,1416.6892072620426,1423.383544921875,360000,0.0,0.0
2021-05-24 00:00:00+09:00,1421.709961369098,1438.4458055288285,1419.1995847451385,1420.036376953125,293900,0.0,0.0
2021-05-25 00:00:00+09:00,1428.4044155367174,1441.7930919565108,1423.3836618792948,1438.4459228515625,448900,0.0,0.0
2021-05-26 00:00:00+09:00,1427.5673818148443,1439.282471700781,1421.709836871876,1433.4249267578125,509300,0.0,0.0
2021-05-27 00:00:00+09:00,1431.7515971108667,1441.7931045131638,1392.4223597852028,1402.4638671875,1385800,0.0,0.0
2021-05-28 00:00:00+09:00,1407.4844972881656,1414.1788349684898,1394.0958219275171,1406.647705078125,950000,0.0,0.0
2021-05-31 00:00:00+09:00,1392.422374078624,1399.9535047076552,1356.440305517698,1362.2978515625,503600,0.0,0.0
2021-06-01 00:00:00+09:00,1367.3184839273338,1370.6656527986368,1337.1939640856053,1358.11376953125,690100,0.0,0.0
2021-06-02 00:00:00+09:00,1380.7072721569743,1389.9119873046875,1368.1553878646382,1389.9119873046875,806500,0.0,0.0
2021-06-03 00:00:00+09:00,1385.7278974817154,1420.0363780353086,1381.5439364385943,1415.8524169921875,709300,0.0,0.0
2021-06-04 00:00:00+09:00,1406.6477059516155,1409.9948747938563,1398.2797838460142,1403.300537109375,488200,0.0,0.0
2021-06-07 00:00:00+09:00,1401.6271936433607,1415.0158713139838,1390.7488930359793,1409.9951171875,432700,0.0,0.0
2021-06-08 00:00:00+09:00,1409.9948737000454,1418.3627957991555,1396.6061983414693,1407.4844970703125,406900,0.0,0.0
2021-06-09 00:00:00+09:00,1408.321276050994,1474.4278600129835,1405.8108994448423,1460.202392578125,955000,0.0,0.0
2021-06-10 00:00:00+09:00,1456.8554618181254,1479.4488549652187,1453.5082924630005,1473.59130859375,807800,0.0,0.0
2021-06-11 00:00:00+09:00,1463.5494436073639,1463.5494436073639,1416.6890840636174,1433.4249267578125,1065400,0.0,0.0
2021-06-14 00:00:00+09:00,1444.3034754339253,1449.3242291144604,1416.6893301909824,1419.19970703125,586100,0.0,0.0
2021-06-15 00:00:00+09:00,1423.3837833748908,1445.1403844141307,1422.5469910272277,1436.7724609375,726300,0.0,0.0
2021-06-16 00:00:00+09:00,1437.609010072512,1460.2023996370974,1432.5882568359375,1432.5882568359375,1058700,0.0,0.0
2021-06-17 00:00:00+09:00,1430.9146754396256,1440.1193897260794,1410.8316624509994,1420.8731689453125,550600,0.0,0.0
2021-06-18 00:00:00+09:00,1419.199594260127,1422.546763114514,1384.0543212890625,1384.0543212890625,1244700,0.0,0.0
2021-06-21 00:00:00+09:00,1363.1347739807775,1363.1347739807775,1331.3366638449459,1344.725341796875,795400,0.0,0.0
2021-06-22 00:00:00+09:00,1371.502437209623,1393.2590347492508,1361.4609306528714,1387.4014892578125,723600,0.0,0.0
2021-06-23 00:00:00+09:00,1376.5233226590212,1383.2176610062993,1356.4403076171875,1356.4403076171875,560800,0.0,0.0
2021-06-24 00:00:00+09:00,1338.0308825706438,1359.7874822872398,1333.846921086683,1341.3780517578125,616500,0.0,0.0
2021-06-25 00:00:00+09:00,1359.7876056471368,1363.1347751379606,1341.3781734476065,1342.2149658203125,547200,0.0,0.0
2021-06-28 00:00:00+09:00,1341.3781734476065,1349.7460971746657,1336.3574192113708,1342.2149658203125,571300,0.0,0.0
2021-06-29 00:00:00+09:00,1323.525634765625,1330.3216585641646,1312.4820960929978,1323.525634765625,841200,24.0,0.0
2021-06-30 00:00:00+09:00,1343.9137869170218,1363.4523565118964,1338.8167687618372,1345.61279296875,915500,0.0,0.0
2021-07-01 00:00:00+09:00,1348.1612548828125,1356.656284844267,1340.5157279175037,1348.1612548828125,889500,0.0,0.0
2021-07-02 00:00:00+09:00,1356.6563141169806,1384.689913594664,1353.2583020590796,1379.5928955078125,779500,0.0,0.0
2021-07-05 00:00:00+09:00,1371.9473283650489,1385.5393762002445,1366.8503104268507,1368.54931640625,438700,0.0,0.0
2021-07-06 00:00:00+09:00,1379.5929269661297,1380.442429999976,1371.9473996615145,1377.8939208984375,549500,0.0,0.0
2021-07-07 00:00:00+09:00,1347.3118424780575,1377.0444493423274,1342.2148241584684,1376.1949462890625,912800,0.0,0.0
2021-07-08 00:00:00+09:00,1386.3890257019928,1430.5631858346544,1355.8069148409195,1406.777099609375,1847700,0.0,0.0
2021-07-09 00:00:00+09:00,1382.1414009543025,1390.6364310769475,1360.0543226354262,1386.388916015625,1035500,0.0,0.0
2021-07-12 00:00:00+09:00,1418.6702706049946,1422.0682832291982,1395.7336853916204,1399.981201171875,645300,0.0,0.0
2021-07-13 00:00:00+09:00,1420.369179455675,1433.9612290198443,1409.3256391847876,1431.4127197265625,626400,0.0,0.0
2021-07-14 00:00:00+09:00,1410.1750455231017,1451.8006944572176,1405.9275303257432,1443.3056640625,981000,0.0,0.0
2021-07-15 00:00:00+09:00,1443.305727150166,1453.4997640694137,1437.359205613938,1439.90771484375,818600,0.0,0.0
2021-07-16 00:00:00+09:00,1433.1117259220837,1438.208744508647,1417.8206701623933,1431.4127197265625,588400,0.0,0.0
2021-07-19 00:00:00+09:00,1418.6699280744597,1418.6699280744597,1394.0343424971186,1405.077880859375,630800,0.0,0.0
2021-07-20 00:00:00+09:00,1377.893859747903,1378.7433627440485,1345.6127458943763,1348.1612548828125,1030700,0.0,0.0
2021-07-21 00:00:00+09:00,1382.141392374599,1401.6799615353955,1373.6463623046875,1373.6463623046875,833300,0.0,0.0
2021-07-26 00:00:00+09:00,1417.820437730471,1439.9075146513771,1405.9273963115215,1411.0244140625,1063600,0.0,0.0
2021-07-27 00:00:00+09:00,1432.2621635365708,1456.048249289254,1422.9176298480168,1454.3492431640625,1186100,0.0,0.0
2021-07-28 00:00:00+09:00,1445.0045104873827,1471.3391018013797,1442.4560016505443,1458.5965576171875,991000,0.0,0.0
2021-07-29 00:00:00+09:00,1450.951199146799,1457.7472234987745,1419.5195865189116,1429.713623046875,587600,0.0,0.0
2021-07-30 00:00:00+09:00,1418.6700268256955,1422.9175418760717,1392.3354335133622,1393.1849365234375,773700,0.0,0.0
2021-08-02 00:00:00+09:00,1395.7334073461295,1415.2719760430018,1382.9908625438215,1408.4759521484375,493600,0.0,0.0
2021-08-03 00:00:00+09:00,1394.88387655115,1411.8739359488497,1391.4858646716102,1403.37890625,355600,0.0,0.0
2021-08-04 00:00:00+09:00,1408.4761620616505,1415.272186969065,1389.7870935662606,1390.6365966796875,446300,0.0,0.0
2021-08-05 00:00:00+09:00,1377.0442988216264,1406.776902435912,1371.9472810591774,1404.2283935546875,515000,0.0,0.0
2021-08-06 00:00:00+09:00,1395.7332808883102,1429.713397282426,1393.1847721587515,1422.06787109375,377100,0.0,0.0
2021-08-10 00:00:00+09:00,1422.0679683087822,1446.7035543786476,1407.6264178540334,1410.1749267578125,537900,0.0,0.0
2021-08-11 00:00:00+09:00,1425.4660040236884,1461.9946322555231,1411.0244533273817,1455.1986083984375,605700,0.0,0.0
2021-08-12 00:00:00+09:00,1466.2421561347114,1480.6837069193523,1456.0481202867297,1467.941162109375,533200,0.0,0.0
2021-08-13 00:00:00+09:00,1477.285741092182,1477.285741092182,1436.509596427188,1439.05810546875,549100,0.0,0.0
2021-08-16 00:00:00+09:00,1428.8639257695686,1428.8639257695686,1400.8303291284296,1420.368896484375,363200,0.0,0.0
2021-08-17 00:00:00+09:00,1420.368988317087,1424.6165032343033,1387.238371962801,1388.9373779296875,371900,0.0,0.0
2021-08-18 00:00:00+09:00,1384.6899807837701,1404.2285510647682,1377.8939563382057,1395.7335205078125,330500,0.0,0.0
2021-08-19 00:00:00+09:00,1385.5393444801514,1394.8838771529176,1368.549285075122,1370.248291015625,379900,0.0,0.0
2021-08-20 00:00:00+09:00,1374.495948087545,1378.7434633782975,1357.5058869245345,1362.6029052734375,396700,0.0,0.0
2021-08-23 00:00:00+09:00,1353.2584145061712,1376.194997802886,1351.5594083360443,1366.8504638671875,709900,0.0,0.0
2021-08-24 00:00:00+09:00,1374.4960552655277,1381.29208026066,1350.7099677825643,1363.4525146484375,544700,0.0,0.0
2021-08-25 00:00:00+09:00,1370.2483467548077,1388.9374128605768,1366.8503347355768,1380.4423828125,496800,0.0,0.0
2021-08-26 00:00:00+09:00,1386.3888689793578,1397.4324077641197,1380.442348095255,1388.9373779296875,372300,0.0,0.0
2021-08-27 00:00:00+09:00,1396.5828669110142,1415.2719320399935,1393.1848550693815,1404.2283935546875,412400,0.0,0.0
2021-08-30 00:00:00+09:00,1420.3691400515634,1446.7037353515625,1419.5196369773698,1446.7037353515625,575600,0.0,0.0
2021-08-31 00:00:00+09:00,1422.9176887489568,1439.0582476064076,1412.72365157583,1431.4127197265625,647700,0.0,0.0
2021-09-01 00:00:00+09:00,1426.3154547793304,1449.2520344571399,1425.4659518283004,1438.20849609375,589700,0.0,0.0
2021-09-02 00:00:00+09:00,1431.412613386213,1435.6601285594659,1419.519570901105,1430.5631103515625,566500,0.0,0.0
2021-09-03 00:00:00+09:00,1432.2621321788658,1446.7036839268142,1419.5195865189116,1429.713623046875,1892300,0.0,0.0
2021-09-06 00:00:00+09:00,1463.6937490554935,1464.5432521019563,1433.9611424292937,1449.252197265625,2154400,0.0,0.0
2021-09-07 00:00:00+09:00,1469.6402201008743,1491.7272985532575,1461.9946929442801,1484.9312744140625,1060000,0.0,0.0
2021-09-08 00:00:00+09:00,1484.0819192325368,1518.911546415441,1478.9849006204045,1516.363037109375,1326000,0.0,0.0
2021-09-09 00:00:00+09:00,1516.3628679313915,1528.2559100328142,1511.2658498879246,1518.911376953125,602200,0.0,0.0
2021-09-10 00:00:00+09:00,1536.7508513346174,1546.0953838745183,1522.3093010456796,1543.546875,903700,0.0,0.0
2021-09-13 00:00:00+09:00,1556.2894319233142,1569.0319763986688,1536.7508637277704,1549.493408203125,685500,0.0,0.0
2021-09-14 00:00:00+09:00,1571.5806173850428,1573.2796234578914,1551.1925445108584,1562.236083984375,691100,0.0,0.0
2021-09-15 00:00:00+09:00,1536.7509955389478,1536.7509955389478,1488.3293223793457,1502.7708740234375,935200,0.0,0.0
2021-09-16 00:00:00+09:00,1516.3629303587823,1517.212433401,1482.38280867007,1489.1788330078125,787900,0.0,0.0
2021-09-17 00:00:00+09:00,1501.92138252149,1501.92138252149,1470.4897698782236,1482.3828125,1105900,0.0,0.0
2021-09-21 00:00:00+09:00,1448.4026822993305,1454.3492035756328,1437.3591427861977,1443.3056640625,577800,0.0,0.0
2021-09-22 00:00:00+09:00,1453.4996234465057,1486.6302402287465,1449.2521084744237,1473.8876953125,895300,0.0,0.0
2021-09-24 00:00:00+09:00,1512.964840270075,1524.8578822486156,1501.9213012900013,1519.7608642578125,750400,0.0,0.0
2021-09-27 00:00:00+09:00,1519.7609666393648,1551.1925797001009,1515.513451360887,1527.406494140625,769700,0.0,0.0
2021-09-28 00:00:00+09:00,1528.2559657118054,1533.352983940972,1503.6203776041666,1529.10546875,820500,0.0,0.0
2021-09-29 00:00:00+09:00,1495.125322738604,1501.9213469328704,1476.4362562043714,1490.8778076171875,640900,0.0,0.0
2021-09-30 00:00:00+09:00,1495.125389744222,1521.4599846772169,1487.47986218303,1507.0184326171875,963300,0.0,0.0
2021-10-01 00:00:00+09:00,1489.1786538470367,1500.222192067237,1445.0045009662347,1445.85400390625,960800,0.0,0.0
2021-10-04 00:00:00+09:00,1465.3926224485788,1465.3926224485788,1416.9709531850606,1436.509521484375,3730600,0.0,0.0
2021-10-05 00:00:00+09:00,1414.4227046717078,1433.9612765680738,1392.3356233975549,1428.8642578125,871400,0.0,0.0
2021-10-06 00:00:00+09:00,1438.2085280152844,1448.4025636539043,1382.9908349727602,1403.37890625,736800,0.0,0.0
2021-10-07 00:00:00+09:00,1400.830463614115,1414.4225117753192,1379.5928883622332,1393.1849365234375,503500,0.0,0.0
2021-10-08 00:00:00+09:00,1401.6799003102299,1430.5630012863196,1398.28188843069,1403.37890625,722700,0.0,0.0
2021-10-11 00:00:00+09:00,1411.0246183612362,1433.1116984800756,1405.9275998722733,1426.315673828125,515900,0.0,0.0
2021-10-12 00:00:00+09:00,1422.0681391032833,1427.1651575230085,1405.0780777042,1407.6265869140625,360600,0.0,0.0
2021-10-13 00:00:00+09:00,1405.9273963115215,1425.4659643569385,1400.8303785605433,1411.0244140625,522200,0.0,0.0
2021-10-14 00:00:00+09:00,1411.0246183612362,1427.1651769096188,1405.0780967907795,1426.315673828125,527800,0.0,0.0
2021-10-15 00:00:00+09:00,1434.8106923128532,1450.9512507225302,1428.0146677193052,1446.7037353515625,631500,0.0,0.0
2021-10-18 00:00:00+09:00,1448.4027217258915,1455.1987462266582,1433.9611696617626,1454.3492431640625,354100,0.0,0.0
2021-10-19 00:00:00+09:00,1464.5434121185879,1467.9414246757076,1435.6603053830704,1440.75732421875,773800,0.0,0.0
2021-10-20 00:00:00+09:00,1450.1016688469701,1457.7471960992389,1438.2086264545521,1450.951171875,499200,0.0,0.0
2021-10-21 00:00:00+09:00,1461.1450757715595,1464.5430875756792,1436.50949019169,1438.20849609375,308600,0.0,0.0
2021-10-22 00:00:00+09:00,1419.5193623641912,1437.3589234711021,1405.9273158065448,1422.06787109375,356700,0.0,0.0
2021-10-25 00:00:00+09:00,1419.5196648871656,1444.1552545231489,1418.6701617962697,1425.4661865234375,365500,0.0,0.0
2021-10-26 00:00:00+09:00,1440.7570520525148,1454.3490997133877,1429.7135133280558,1435.6600341796875,426600,0.0,0.0
2021-10-27 00:00:00+09:00,1427.1649670929448,1432.2619848325626,1415.2719257005037,1417.8204345703125,295400,0.0,0.0
2021-10-28 00:00:00+09:00,1416.1217109235656,1433.9612765680738,1410.175189042063,1428.8642578125,444200,0.0,0.0
2021-10-29 00:00:00+09:00,1427.1650741485778,1431.4125892502107,1402.5294865591084,1418.6700439453125,576300,0.0,0.0
2021-11-01 00:00:00+09:00,1444.1551235518743,1446.7036325934364,1427.1650632747935,1439.05810546875,497300,0.0,0.0
2021-11-02 00:00:00+09:00,1429.7134759627538,1435.6599966589743,1416.9709316137096,1417.8204345703125,458400,0.0,0.0
2021-11-04 00:00:00+09:00,1435.6600092703516,1436.509512234417,1415.2719381327845,1423.7669677734375,857300,0.0,0.0
2021-11-05 00:00:00+09:00,1417.8204093449065,1419.5194152278843,1398.2818416906628,1405.9273681640625,348000,0.0,0.0
2021-11-08 00:00:00+09:00,1422.0679807886079,1429.7135075670412,1409.3254361578856,1416.1214599609375,498500,0.0,0.0
2021-11-09 00:00:00+09:00,1410.1749239851904,1411.8739299177025,1383.84033203125,1383.84033203125,598300,0.0,0.0
2021-11-10 00:00:00+09:00,1388.9373498287869,1390.6363557612992,1371.0977875374078,1383.84033203125,545600,0.0,0.0
2021-11-11 00:00:00+09:00,1384.6900004243325,1408.4760863211923,1379.5929820178626,1388.0880126953125,867100,0.0,0.0
2021-11-12 00:00:00+09:00,1392.335299843236,1438.2084579832817,1392.335299843236,1420.368896484375,629100,0.0,0.0
2021-11-15 00:00:00+09:00,1422.0681427001953,1431.412676493327,1415.2721181233724,1427.1651611328125,329800,0.0,0.0
2021-11-16 00:00:00+09:00,1433.960997168973,1442.4560267730546,1400.830381713055,1404.2283935546875,438700,0.0,0.0
2021-11-17 00:00:00+09:00,1404.2286146069678,1405.078117701104,1385.5395465359736,1392.3355712890625,527600,0.0,0.0
2021-11-18 00:00:00+09:00,1377.8939874754817,1396.5830551231147,1373.6464721010198,1394.0345458984375,637300,0.0,0.0
2021-11-19 00:00:00+09:00,1405.077995620088,1421.2185530062923,1391.4859472948635,1418.6700439453125,628200,0.0,0.0
2021-11-22 00:00:00+09:00,1408.4761010094026,1440.757217920354,1401.6800763965707,1439.90771484375,518000,0.0,0.0
2021-11-24 00:00:00+09:00,1445.0045324023554,1473.8876329912325,1406.776899270018,1411.0244140625,706100,0.0,0.0
2021-11-25 00:00:00+09:00,1422.9174837639894,1424.6164897147523,1404.2284183055967,1416.1214599609375,314600,0.0,0.0
2021-11-26 00:00:00+09:00,1419.5196703014176,1419.5196703014176,1382.1415341594293,1392.3355712890625,809600,0.0,0.0
2021-11-29 00:00:00+09:00,1366.0008423690272,1391.4859327117329,1353.2582971976742,1360.0543212890625,859100,0.0,0.0
2021-11-30 00:00:00+09:00,1373.6465044163945,1397.4325910729553,1366.0009765625,1366.0009765625,1516300,0.0,0.0
2021-12-01 00:00:00+09:00,1364.3018766919167,1400.830507263369,1362.602870618826,1397.4324951171875,1570000,0.0,0.0
2021-12-02 00:00:00+09:00,1376.194981325697,1411.874110471178,1374.495975175912,1394.0345458984375,1887900,0.0,0.0
2021-12-03 00:00:00+09:00,1421.2184525437954,1440.7570206301714,1409.3254110999142,1437.3590087890625,889400,0.0,0.0
2021-12-06 00:00:00+09:00,1437.3592414108864,1446.7037754862527,1425.4661980422384,1431.4127197265625,455400,0.0,0.0
2021-12-07 00:00:00+09:00,1450.9511144632565,1479.834216273415,1439.9075755358429,1473.8876953125,723400,0.0,0.0
2021-12-08 00:00:00+09:00,1462.844405840028,1471.3394372328273,1440.75732421875,1440.75732421875,765400,0.0,0.0
2021-12-09 00:00:00+09:00,1431.4127671902868,1450.1018359607237,1423.7672390569262,1428.8642578125,532800,0.0,0.0
2021-12-10 00:00:00+09:00,1428.864120002878,1451.8007021907958,1424.6166047828933,1429.713623046875,673400,0.0,0.0
2021-12-13 00:00:00+09:00,1451.8007940728162,1458.5968188549007,1428.8642104332807,1431.4127197265625,587900,0.0,0.0
2021-12-14 00:00:00+09:00,1422.0679715874696,1439.9075339550543,1391.4858646716102,1403.37890625,618400,0.0,0.0
2021-12-15 00:00:00+09:00,1405.9276154328302,1432.262211250605,1403.3791061601423,1425.4661865234375,460500,0.0,0.0
2021-12-16 00:00:00+09:00,1442.4559567685762,1442.4559567685762,1420.368880869882,1421.2183837890625,432400,0.0,0.0
2021-12-17 00:00:00+09:00,1418.669968887082,1428.0145016162783,1397.4323945025449,1416.1214599609375,1302000,0.0,0.0
2021-12-20 00:00:00+09:00,1396.5829150663408,1398.2819210457403,1362.602795478352,1368.54931640625,824100,0.0,0.0
2021-12-21 00:00:00+09:00,1395.7335127082627,1418.6700950838701,1389.7869913516238,1409.3255615234375,541000,0.0,0.0
2021-12-22 00:00:00+09:00,1406.7770523705922,1417.8205920329217,1398.282021861108,1409.3255615234375,376500,0.0,0.0
2021-12-23 00:00:00+09:00,1416.971151440169,1437.3592255616104,1412.723635998202,1432.26220703125,327100,0.0,0.0
2021-12-24 00:00:00+09:00,1432.2619060119848,1433.9609118316905,1415.2718478149268,1422.06787109375,265000,0.0,0.0
2021-12-27 00:00:00+09:00,1425.465998434033,1445.0045669465376,1420.3689805612057,1435.6600341796875,391800,0.0,0.0
2021-12-28 00:00:00+09:00,1456.0482650747917,1473.0383265109037,1446.7037312849302,1453.499755859375,541500,0.0,0.0
2021-12-29 00:00:00+09:00,1462.9940848798005,1468.1728250032688,1431.9216441389906,1444.00537109375,564200,27.0,0.0
2021-12-30 00:00:00+09:00,1429.3324009486607,1457.8154741559708,1425.016783796038,1450.04736328125,543400,0.0,0.0
2022-01-04 00:00:00+09:00,1460.4047347139722,1466.4465982736635,1439.6897739378874,1462.1309814453125,447100,0.0,0.0
2022-01-05 00:00:00+09:00,1475.940923459802,1497.5190071361149,1469.0359366833818,1496.6558837890625,444700,0.0,0.0
2022-01-06 00:00:00+09:00,1493.203379132145,1504.4239825591496,1455.2259521484375,1455.2259521484375,523300,0.0,0.0
2022-01-07 00:00:00+09:00,1466.446554491958,1481.1196512702768,1454.3628277333428,1469.8990478515625,435200,0.0,0.0
2022-01-11 00:00:00+09:00,1484.5721889527376,1490.614052512429,1451.77350105727,1462.1309814453125,344700,0.0,0.0
2022-01-12 00:00:00+09:00,1469.035830986424,1494.929529534951,1469.035830986424,1494.06640625,474100,0.0,0.0
2022-01-13 00:00:00+09:00,1500.1084212239584,1500.1084212239584,1482.8459537760418,1488.8878173828125,349200,0.0,0.0
2022-01-14 00:00:00+09:00,1465.583587701537,1471.6254517262196,1416.38555207198,1435.374267578125,915400,0.0,0.0
2022-01-17 00:00:00+09:00,1446.5947398529956,1472.488440447023,1446.5947398529956,1458.678466796875,381300,0.0,0.0
2022-01-18 00:00:00+09:00,1463.8571855538255,1468.1728022565196,1447.457842083588,1455.2259521484375,465100,0.0,0.0
2022-01-19 00:00:00+09:00,1424.1535791282447,1437.1004298475923,1407.7542348837376,1421.564208984375,633100,0.0,0.0
2022-01-20 00:00:00+09:00,1418.9746525281855,1428.4690084757585,1396.5334475611949,1425.879638671875,426000,0.0,0.0
2022-01-21 00:00:00+09:00,1412.9327685840137,1437.1002197265625,1395.670303482193,1437.1002197265625,542000,0.0,0.0
2022-01-24 00:00:00+09:00,1441.415964310659,1464.7202942725678,1434.5109776552786,1457.8153076171875,375700,0.0,0.0
2022-01-25 00:00:00+09:00,1462.9940407624852,1462.9940407624852,1433.647847614447,1451.7734375,443700,0.0,0.0
2022-01-26 00:00:00+09:00,1448.320944188466,1462.1309174346015,1444.8684508769322,1451.7734375,337300,0.0,0.0
2022-01-27 00:00:00+09:00,1462.993895308502,1475.9407439395509,1418.9746099629365,1433.647705078125,1031600,0.0,0.0
2022-01-28 00:00:00+09:00,1451.7734577136396,1474.214664551068,1450.9103343737386,1469.8990478515625,612600,0.0,0.0
2022-01-31 00:00:00+09:00,1460.4046911126504,1479.3934045904746,1456.089074413145,1469.8990478515625,533300,0.0,0.0
2022-02-01 00:00:00+09:00,1463.857359245101,1470.76234678871,1445.7317669431275,1453.4998779296875,445300,0.0,0.0
2022-02-02 00:00:00+09:00,1450.047189138986,1483.7089988868554,1445.7315725046437,1481.11962890625,521100,0.0,0.0
2022-02-03 00:00:00+09:00,1488.887752466808,1499.2452324839685,1481.982765788701,1493.203369140625,565200,0.0,0.0
2022-02-04 00:00:00+09:00,1486.298396955975,1496.655877074135,1474.2146701514548,1490.614013671875,423700,0.0,0.0
2022-02-07 00:00:00+09:00,1494.9296303877752,1496.655877074135,1478.530286867355,1490.614013671875,461700,0.0,0.0
2022-02-08 00:00:00+09:00,1486.2983113059795,1495.7926675338342,1473.3514619043597,1476.803955078125,616200,0.0,0.0
2022-02-09 00:00:00+09:00,1471.6252799889407,1479.393389971287,1450.9103200360173,1472.4884033203125,662300,0.0,0.0
2022-02-10 00:00:00+09:00,1477.667049632353,1485.4351591222428,1466.4464470358457,1481.982666015625,726800,0.0,0.0
2022-02-14 00:00:00+09:00,1495.7927816410745,1517.370865623202,1479.3934378146578,1500.1083984375,1345700,0.0,0.0
2022-02-15 00:00:00+09:00,1574.3368345557271,1584.6943137304359,1521.6863154176244,1537.2225341796875,2077800,0.0,0.0
2022-02-16 00:00:00+09:00,1541.5382930912267,1576.926350211462,1538.9489230580386,1555.3482666015625,1098800,0.0,0.0
2022-02-17 00:00:00+09:00,1558.8007878483952,1586.420735362874,1555.3482944090854,1564.8426513671875,1227100,0.0,0.0
2022-02-18 00:00:00+09:00,1551.0328340204444,1575.2002905327274,1541.5384761049047,1565.7059326171875,983700,0.0,0.0
2022-02-21 00:00:00+09:00,1540.6751829306984,1569.1582535395014,1536.3595661717889,1567.4320068359375,476900,0.0,0.0
2022-02-22 00:00:00+09:00,1545.8540631916633,1548.4434334817665,1524.2759774408025,1535.49658203125,515200,0.0,0.0
2022-02-24 00:00:00+09:00,1524.275743477836,1534.6332230484668,1468.1727291369189,1482.8458251953125,885200,0.0,0.0
2022-02-25 00:00:00+09:00,1482.8458251953125,1489.7508115757332,1468.1727291369189,1482.8458251953125,450300,0.0,0.0
2022-02-28 00:00:00+09:00,1503.5610176978398,1523.412856622668,1494.9297833826972,1520.823486328125,897500,0.0,0.0
2022-03-01 00:00:00+09:00,1532.0439613103188,1539.8120715366808,1507.8765072727474,1514.781494140625,586000,0.0,0.0
2022-03-02 00:00:00+09:00,1487.1616039242165,1492.3403442745039,1448.3210512970604,1454.3629150390625,680900,0.0,0.0
2022-03-03 00:00:00+09:00,1474.2146499830562,1477.6671433085435,1450.0471967046453,1472.4884033203125,572800,0.0,0.0
2022-03-04 00:00:00+09:00,1476.804168264166,1478.5304151002433,1437.1004910343872,1446.5948486328125,694200,0.0,0.0
2022-03-07 00:00:00+09:00,1426.7427191415659,1443.142060740894,1417.2483634787968,1433.647705078125,928100,0.0,0.0
2022-03-08 00:00:00+09:00,1415.5223096474408,1443.1422571527567,1413.7960629283584,1420.7010498046875,950500,0.0,0.0
2022-03-09 00:00:00+09:00,1431.9215950039818,1452.6365547870412,1425.0166084096286,1431.0584716796875,1100500,0.0,0.0
2022-03-10 00:00:00+09:00,1465.583431152057,1481.9827746101778,1451.7734577136396,1469.8990478515625,826800,0.0,0.0
2022-03-11 00:00:00+09:00,1458.6784895076307,1468.172846539929,1432.7847885104538,1447.4578857421875,666000,0.0,0.0
2022-03-14 00:00:00+09:00,1467.3097107846663,1512.1921254674915,1466.4465874253813,1500.1083984375,554700,0.0,0.0
2022-03-15 00:00:00+09:00,1510.4659049184245,1528.5914957774455,1507.8765347957071,1524.27587890625,687000,0.0,0.0
2022-03-16 00:00:00+09:00,1524.275844408118,1527.728337826936,1506.150253959324,1508.7396240234375,722500,0.0,0.0
2022-03-17 00:00:00+09:00,1529.4545832042315,1529.4545832042315,1495.7927724000754,1523.4127197265625,1042200,0.0,0.0
2022-03-18 00:00:00+09:00,1527.7282843624203,1568.2950806138517,1522.549544415429,1554.485107421875,1212800,0.0,0.0
2022-03-22 00:00:00+09:00,1558.800813740197,1594.1888720809216,1556.211443617705,1589.0101318359375,804200,0.0,0.0
2022-03-23 00:00:00+09:00,1597.641285724547,1609.7250123588765,1586.4206824212413,1595.9150390625,1275000,0.0,0.0
2022-03-24 00:00:00+09:00,1576.926333453877,1592.4625534879053,1561.3901134198486,1587.2838134765625,467400,0.0,0.0
2022-03-25 00:00:00+09:00,1596.7781848117936,1596.7781848117936,1565.7057444586992,1584.6944580078125,629600,0.0,0.0
2022-03-28 00:00:00+09:00,1598.504550154579,1623.535128963695,1592.4626863041026,1614.040771484375,613600,0.0,0.0
2022-03-29 00:00:00+09:00,1616.6301142142113,1626.9875949246066,1590.7364124382227,1604.54638671875,772800,0.0,0.0
2022-03-30 00:00:00+09:00,1631.303073790015,1641.6605536236025,1564.8425781911626,1592.4625244140625,635000,0.0,0.0
2022-03-31 00:00:00+09:00,1575.2000299118856,1608.8618387702766,1574.3369066078244,1582.9681396484375,717600,0.0,0.0
2022-04-01 00:00:00+09:00,1582.9683019054262,1608.8620036814148,1574.3370679800967,1604.54638671875,561300,0.0,0.0
2022-04-04 00:00:00+09:00,1607.9987075371105,1614.040570635747,1587.2837483417854,1606.2724609375,293700,0.0,0.0
2022-04-05 00:00:00+09:00,1608.861859838275,1609.724983153639,1591.5993935309973,1601.09375,585800,0.0,0.0
2022-04-06 00:00:00+09:00,1594.1888215121405,1612.3144117946283,1578.652601270008,1590.736328125,537300,0.0,0.0
2022-04-07 00:00:00+09:00,1567.4318776811872,1567.4318776811872,1536.3594395773753,1546.7169189453125,737400,0.0,0.0
2022-04-08 00:00:00+09:00,1551.0326936703718,1551.8958170391365,1537.2227197701347,1547.5802001953125,616400,0.0,0.0
2022-04-11 00:00:00+09:00,1547.5801553668525,1575.2001023672647,1544.9907853355637,1570.0213623046875,524700,0.0,0.0
2022-04-12 00:00:00+09:00,1566.5688339648545,1578.652560507834,1554.485107421875,1554.485107421875,464300,0.0,0.0
2022-04-13 00:00:00+09:00,1553.622033207427,1568.2951301877195,1534.6333194682252,1567.4320068359375,682900,0.0,0.0
2022-04-14 00:00:00+09:00,1571.7474369883407,1590.7361484730984,1570.0211904897265,1586.4205322265625,367400,0.0,0.0
2022-04-15 00:00:00+09:00,1576.0632812234774,1592.4626253325935,1568.2951708560013,1589.0101318359375,222400,0.0,0.0
2022-04-18 00:00:00+09:00,1576.063252249213,1599.3675829232159,1571.7476354577311,1594.1888427734375,395600,0.0,0.0
2022-04-19 00:00:00+09:00,1605.4094092819043,1610.5881493118459,1584.6944491621377,1607.998779296875,371900,0.0,0.0
2022-04-20 00:00:00+09:00,1616.630013743821,1619.2193837604957,1579.5157101714858,1593.32568359375,821400,0.0,0.0
2022-04-21 00:00:00+09:00,1600.2306903988267,1614.0406639945015,1591.59945690153,1611.4512939453125,653400,0.0,0.0
2022-04-22 00:00:00+09:00,1594.1889249129563,1601.9570355378705,1565.705852621604,1572.61083984375,496400,0.0,0.0
2022-04-25 00:00:00+09:00,1551.8956875688953,1557.0744273494367,1535.4963449305144,1541.5382080078125,511100,0.0,0.0
2022-04-26 00:00:00+09:00,1538.948895205738,1555.3482384524618,1532.0439085755384,1545.8538818359375,778000,0.0,0.0
2022-04-27 00:00:00+09:00,1523.4127039976147,1549.306404348849,1519.96021061745,1540.6751708984375,1014900,0.0,0.0
2022-04-28 00:00:00+09:00,1536.3594885039747,1579.5156539113898,1532.0438719632332,1574.3369140625,748400,0.0,0.0
2022-05-02 00:00:00+09:00,1553.6219334864354,1582.10500226702,1544.9907005226219,1570.8843994140625,750900,0.0,0.0
2022-05-06 00:00:00+09:00,1570.8845409784933,1593.3257487067574,1563.9795539851812,1589.0101318359375,556000,0.0,0.0
2022-05-09 00:00:00+09:00,1574.3369869402986,1582.1050970732276,1555.3482732820275,1561.39013671875,427700,0.0,0.0
2022-05-10 00:00:00+09:00,1544.1277295744821,1544.9908529560216,1513.9184112205933,1536.359619140625,455800,0.0,0.0
2022-05-11 00:00:00+09:00,1519.0972931906197,1529.4547747351012,1500.971700487777,1504.4241943359375,626600,0.0,0.0
2022-05-12 00:00:00+09:00,1510.4657982941453,1547.5801007665157,1499.2451952211031,1521.6864013671875,599000,0.0,0.0
2022-05-13 00:00:00+09:00,1532.0439892744018,1535.4964827713584,1490.614067310925,1524.27587890625,676700,0.0,0.0
2022-05-16 00:00:00+09:00,1544.127629174846,1556.211355730714,1515.6445594360143,1525.138916015625,690600,0.0,0.0
2022-05-17 00:00:00+09:00,1539.8121337890625,1557.9377250500324,1531.1808998552674,1539.8121337890625,500200,0.0,0.0
2022-05-18 00:00:00+09:00,1536.359511564874,1545.8538680970164,1518.233921821693,1533.7701416015625,749200,0.0,0.0
2022-05-19 00:00:00+09:00,1502.6976106716215,1549.3062671772318,1502.6976106716215,1543.264404296875,904100,0.0,0.0
2022-05-20 00:00:00+09:00,1542.4013808788955,1563.979463991359,1536.3595176074057,1554.485107421875,824200,0.0,0.0
2022-05-23 00:00:00+09:00,1562.2533271161951,1568.2951908122245,1537.22274894693,1542.4014892578125,471400,0.0,0.0
2022-05-24 00:00:00+09:00,1555.3483170572918,1569.158291015625,1544.9908365885417,1553.6220703125,459600,0.0,0.0
2022-05-25 00:00:00+09:00,1555.3481807559228,1561.3900438332212,1529.454481853216,1541.5382080078125,895000,0.0,0.0
2022-05-26 00:00:00+09:00,1542.4013025420054,1569.1581242425102,1540.6750559806824,1546.7169189453125,801400,0.0,0.0
2022-05-27 00:00:00+09:00,1545.8538680970164,1550.1694847025358,1525.1389083905237,1533.7701416015625,552400,0.0,0.0
2022-05-30 00:00:00+09:00,1549.3063391999824,1554.4850790524615,1538.9488594950244,1544.99072265625,1804700,0.0,0.0
2022-05-31 00:00:00+09:00,1533.770241179619,1538.0858580653241,1478.530345042593,1480.256591796875,2429100,0.0,0.0
2022-06-01 00:00:00+09:00,1488.887764769884,1520.8233284200207,1488.887764769884,1519.960205078125,1216500,0.0,0.0
2022-06-02 00:00:00+09:00,1519.9600171800573,1523.4125101208413,1486.2982110074156,1494.929443359375,860500,0.0,0.0
2022-06-03 00:00:00+09:00,1500.9715445963543,1500.9715445963543,1479.3934602864583,1488.8878173828125,910000,0.0,0.0
2022-06-06 00:00:00+09:00,1480.2564051428506,1491.477007630814,1472.4882957281068,1484.572021484375,1312700,0.0,0.0
2022-06-07 00:00:00+09:00,1488.0246793958877,1493.2034195794001,1475.9409523010254,1491.4771728515625,1217400,0.0,0.0
2022-06-08 00:00:00+09:00,1508.7395786986147,1555.3482384524618,1502.69771539719,1545.8538818359375,1080200,0.0,0.0
2022-06-09 00:00:00+09:00,1543.2645409335607,1557.074514454219,1536.3595541732318,1540.6751708984375,710700,0.0,0.0
2022-06-10 00:00:00+09:00,1524.2757280405704,1544.990686972039,1518.233865018892,1529.4544677734375,760600,0.0,0.0
2022-06-13 00:00:00+09:00,1519.0970613326149,1520.8233079932202,1492.3402380932337,1501.8345947265625,707100,0.0,0.0
2022-06-14 00:00:00+09:00,1472.488417871266,1481.1196512702768,1454.3628277333428,1469.8990478515625,1013800,0.0,0.0
2022-06-15 00:00:00+09:00,1476.8039335531314,1497.5188922937948,1472.4883171488266,1473.3514404296875,987000,0.0,0.0
2022-06-16 00:00:00+09:00,1494.0664559590448,1521.6864019964157,1488.8877160770376,1507.0133056640625,697000,0.0,0.0
2022-06-17 00:00:00+09:00,1472.488409106304,1498.382109149205,1469.899039102014,1493.203369140625,1258300,0.0,0.0
2022-06-20 00:00:00+09:00,1499.2452978515626,1500.1084212239584,1469.0359798177085,1488.8878173828125,818300,0.0,0.0
2022-06-21 00:00:00+09:00,1508.7397531624094,1555.3484183058706,1497.5191485908356,1550.169677734375,1170700,0.0,0.0
2022-06-22 00:00:00+09:00,1557.937413888384,1574.3367550872092,1551.8955513414485,1558.800537109375,1117300,0.0,0.0
2022-06-23 00:00:00+09:00,1575.2002203458076,1607.135786456928,1570.8846033037642,1599.36767578125,1192200,0.0,0.0
2022-06-24 00:00:00+09:00,1590.7363293283217,1609.7250429719588,1573.4738623795608,1576.063232421875,1071300,0.0,0.0
2022-06-27 00:00:00+09:00,1595.0519675332991,1595.0519675332991,1551.8957995805583,1579.5157470703125,1007900,0.0,0.0
2022-06-28 00:00:00+09:00,1580.378844505882,1638.2081086139617,1576.0632277813984,1634.755615234375,1406500,0.0,0.0
2022-06-29 00:00:00+09:00,1641.7678851130659,1671.5703987776917,1632.1258953980398,1653.1629638671875,1859900,29.0,0.0
2022-06-30 00:00:00+09:00,1628.6198503178923,1647.903831322733,1616.3482260420847,1638.2618408203125,1486700,0.0,0.0
2022-07-01 00:00:00+09:00,1664.55822643111,1668.9409495128139,1630.3729863938202,1641.76806640625,1089500,0.0,0.0
2022-07-04 00:00:00+09:00,1659.2989972345315,1668.0644436013276,1633.0026581341426,1662.80517578125,752300,0.0,0.0
2022-07-05 00:00:00+09:00,1662.8051189186085,1673.3236541990636,1640.8915037509937,1654.0396728515625,934100,0.0,0.0
2022-07-06 00:00:00+09:00,1631.2496760088698,1649.6571145882283,1616.348416206532,1632.126220703125,1018100,0.0,0.0
2022-07-07 00:00:00+09:00,1646.1507727248595,1678.5829231992045,1633.0026036136385,1676.829833984375,1162600,0.0,0.0
2022-07-08 00:00:00+09:00,1697.8670138186123,1714.5213624311853,1675.076852559302,1691.731201171875,1649800,0.0,0.0
2022-07-11 00:00:00+09:00,1717.1508041591712,1733.8051509070142,1708.3853585024117,1720.656982421875,741600,0.0,0.0
2022-07-12 00:00:00+09:00,1717.1508395409398,1719.780473292151,1684.7186899426679,1696.11376953125,676200,0.0,0.0
2022-07-13 00:00:00+09:00,1691.7310118799796,1693.4841010114615,1673.3235759994202,1677.706298828125,548600,0.0,0.0
2022-07-14 00:00:00+09:00,1668.941011947568,1679.4595477371536,1662.8051994036432,1675.953369140625,719600,0.0,0.0
2022-07-15 00:00:00+09:00,1670.694138966295,1674.200317641985,1636.5088968783173,1651.41015625,782000,0.0,0.0
2022-07-19 00:00:00+09:00,1661.0520625342472,1666.3113302784188,1640.8915361815887,1649.656982421875,765900,0.0,0.0
2022-07-20 00:00:00+09:00,1669.8174903966205,1673.3236688541463,1653.1631427233733,1661.9285888671875,885200,0.0,0.0
2022-07-21 00:00:00+09:00,1652.2865286590047,1668.9408756322255,1650.533439503929,1668.0643310546875,798100,0.0,0.0
2022-07-22 00:00:00+09:00,1668.0642293825472,1682.0889417683175,1662.8049622378835,1678.582763671875,981300,0.0,0.0
2022-07-25 00:00:00+09:00,1689.9779454931358,1697.8668466909774,1667.1877864771498,1668.0643310546875,644500,0.0,0.0
2022-07-26 00:00:00+09:00,1690.8544872438424,1694.3606655481324,1673.3235957223926,1688.224853515625,960900,0.0,0.0
2022-07-27 00:00:00+09:00,1688.2248731678117,1708.3853986521624,1680.3359718913264,1698.743408203125,1191700,0.0,0.0
2022-07-28 00:00:00+09:00,1697.8668879808308,1711.8916015625,1674.200183811764,1711.8916015625,2545300,0.0,0.0
2022-07-29 00:00:00+09:00,1725.9163577842126,1733.8052593688028,1705.7558315124822,1712.7681884765625,556300,0.0,0.0
2022-08-01 00:00:00+09:00,1713.6446258964675,1720.656982421875,1703.1260911083561,1720.656982421875,549500,0.0,0.0
2022-08-02 00:00:00+09:00,1701.3730419619535,1704.0026757207818,1682.9656056501549,1698.743408203125,330900,0.0,0.0
2022-08-03 00:00:00+09:00,1692.6075742059006,1692.6075742059006,1657.5457912083675,1665.4346923828125,558400,0.0,0.0
2022-08-04 00:00:00+09:00,1674.2001155931123,1676.8297492825254,1660.1754025829082,1675.07666015625,460400,0.0,0.0
2022-08-05 00:00:00+09:00,1652.2864429370777,1686.4716796875,1652.2864429370777,1686.4716796875,497400,0.0,0.0
2022-08-08 00:00:00+09:00,1672.4472046216165,1686.471919125781,1656.6694008044312,1683.84228515625,601000,0.0,0.0
2022-08-09 00:00:00+09:00,1690.8545574528157,1691.7311020652849,1672.4471205909654,1682.089111328125,631500,0.0,0.0
2022-08-10 00:00:00+09:00,1705.7557223688775,1710.138445190997,1678.582840871737,1697.8668212890625,864400,0.0,0.0
2022-08-12 00:00:00+09:00,1779.3856158955643,1805.6819550467303,1741.6941964455598,1799.546142578125,1915100,0.0,0.0
2022-08-15 00:00:00+09:00,1798.6693924386161,1845.1262529645646,1787.2743134416853,1840.7435302734375,1213200,0.0,0.0
2022-08-16 00:00:00+09:00,1849.50914297002,1919.632712371727,1846.879509117456,1887.2005615234375,1667100,0.0,0.0
2022-08-17 00:00:00+09:00,1893.3363460203611,1916.1265057409764,1886.3239891832486,1894.212890625,1251300,0.0,0.0
2022-08-18 00:00:00+09:00,1880.1881624243074,1888.9536084029753,1867.916538054172,1886.323974609375,740300,0.0,0.0
2022-08-19 00:00:00+09:00,1881.9412986175028,1891.5832894348257,1858.2745938840735,1889.8302001953125,768400,0.0,0.0
2022-08-22 00:00:00+09:00,1885.447385569853,1895.0893759191176,1855.6448699448529,1862.6572265625,1142700,0.0,0.0
2022-08-23 00:00:00+09:00,1868.79296875,1878.4349587388601,1858.2744342166977,1868.79296875,753600,0.0,0.0
2022-08-24 00:00:00+09:00,1882.8178470574017,1882.8178470574017,1860.0276868974888,1869.669677734375,533300,0.0,0.0
2022-08-25 00:00:00+09:00,1875.8054120099102,1900.3486603913482,1867.916510744448,1893.3363037109375,746100,0.0,0.0
2022-08-26 00:00:00+09:00,1893.3362390192972,1906.4844073458203,1887.2004271335866,1902.1016845703125,537000,0.0,0.0
2022-08-29 00:00:00+09:00,1867.0398474743727,1895.9658169422855,1864.4102138863805,1873.1756591796875,792100,0.0,0.0
2022-08-30 00:00:00+09:00,1878.4348955068908,1882.8176180815685,1855.6447381185662,1857.3978271484375,945100,0.0,0.0
2022-08-31 00:00:00+09:00,1834.6077507365005,1859.150998237992,1832.854661629251,1836.36083984375,1656500,0.0,0.0
2022-09-01 00:00:00+09:00,1820.5832191782429,1831.10175486921,1807.4350495645338,1824.9659423828125,952700,0.0,0.0
2022-09-02 00:00:00+09:00,1831.1016601444785,1831.9782047400479,1808.311500659674,1817.9534912109375,750800,0.0,0.0
2022-09-05 00:00:00+09:00,1817.0769695036051,1822.3362371432684,1795.1633543383423,1808.3115234375,522600,0.0,0.0
2022-09-06 00:00:00+09:00,1815.3238574242293,1826.7189371666316,1803.0522330862577,1817.9534912109375,453700,0.0,0.0
2022-09-07 00:00:00+09:00,1807.4349705718541,1826.7189518291677,1791.657167724961,1825.8424072265625,688100,0.0,0.0
2022-09-08 00:00:00+09:00,1840.7437273564228,1844.2499058847209,1824.0893793470077,1837.237548828125,612800,0.0,0.0
2022-09-09 00:00:00+09:00,1840.7437652012088,1860.0277475033167,1830.225229400059,1858.274658203125,1011000,0.0,0.0
2022-09-12 00:00:00+09:00,1869.6696920955883,1877.55859375,1853.0153441584966,1877.55859375,431600,0.0,0.0
2022-09-13 00:00:00+09:00,1885.4475049919258,1907.361120810056,1881.9413264610248,1882.81787109375,531300,0.0,0.0
2022-09-14 00:00:00+09:00,1851.2619096569547,1886.3236882489425,1851.2619096569547,1865.28662109375,737200,0.0,0.0
2022-09-15 00:00:00+09:00,1874.9288625491677,1890.7066650390625,1867.0399613042202,1890.7066650390625,383600,0.0,0.0
2022-09-16 00:00:00+09:00,1884.571044585284,1907.3612060546875,1880.1883212257833,1907.3612060546875,943100,0.0,0.0
2022-09-20 00:00:00+09:00,1902.1018287311738,1910.867274946525,1863.5338653836293,1869.669677734375,699200,0.0,0.0
2022-09-21 00:00:00+09:00,1860.90437672118,1868.7932789305491,1852.138929821881,1860.02783203125,651400,0.0,0.0
2022-09-22 00:00:00+09:00,1857.3980095003858,1860.9041879043507,1831.9782160716404,1846.0029296875,917000,0.0,0.0
2022-09-26 00:00:00+09:00,1833.731378620427,1833.731378620427,1796.91650390625,1796.91650390625,809500,0.0,0.0
2022-09-27 00:00:00+09:00,1797.7929720605855,1805.6818734494423,1773.2497232952533,1777.6324462890625,704000,0.0,0.0
2022-09-28 00:00:00+09:00,1763.6076483564902,1779.38545037956,1715.397697730443,1732.9285888671875,1073200,0.0,0.0
2022-09-29 00:00:00+09:00,1762.7311287430907,1793.410188666516,1754.8422276199244,1789.0274658203125,848600,0.0,0.0
2022-09-30 00:00:00+09:00,1767.990383848852,1805.6818000637754,1763.6076610331631,1803.9287109375,1590000,0.0,0.0
2022-10-03 00:00:00+09:00,1783.7683161654213,1810.941199605779,1774.12632526723,1809.1881103515625,717200,0.0,0.0
2022-10-04 00:00:00+09:00,1841.6199521079584,1864.4101085833543,1834.6075962693749,1860.9039306640625,675200,0.0,0.0
2022-10-05 00:00:00+09:00,1870.546368310409,1873.1760023801987,1850.3858404420212,1860.02783203125,687000,0.0,0.0
2022-10-06 00:00:00+09:00,1857.3981091120618,1892.459895032063,1854.7684751680617,1878.4351806640625,733200,0.0,0.0
2022-10-07 00:00:00+09:00,1863.5338653836293,1875.8054900851207,1844.249883709857,1869.669677734375,1005300,0.0,0.0
2022-10-11 00:00:00+09:00,1863.5339065830256,1875.8055315558206,1819.7066745373288,1824.9659423828125,1086400,0.0,0.0
2022-10-12 00:00:00+09:00,1825.8422731236049,1846.0027975027901,1809.1879268973214,1840.7435302734375,539600,0.0,0.0
2022-10-13 00:00:00+09:00,1827.595481762201,1831.9782047400479,1814.44731282866,1817.9534912109375,443600,0.0,0.0
2022-10-14 00:00:00+09:00,1841.6202536632666,1867.0400477404844,1825.8424504429245,1849.5091552734375,883900,0.0,0.0
2022-10-17 00:00:00+09:00,1848.632614567112,1857.3980608192082,1827.5955435620808,1829.3486328125,461500,0.0,0.0
2022-10-18 00:00:00+09:00,1848.6325488001835,1848.6325488001835,1831.9782015136952,1838.114013671875,521900,0.0,0.0
2022-10-19 00:00:00+09:00,1838.9906054083249,1846.0029623402918,1831.101703859862,1841.6202392578125,532700,0.0,0.0
2022-10-20 00:00:00+09:00,1823.212688836497,1833.7312235797842,1812.6941540932094,1824.0892333984375,573800,0.0,0.0
2022-10-21 00:00:00+09:00,1813.5707616232428,1817.0769399927415,1788.1509684443765,1792.53369140625,672100,0.0,0.0
2022-10-24 00:00:00+09:00,1803.0523394808743,1803.0523394808743,1760.9781964108295,1764.484375,810300,0.0,0.0
2022-10-25 00:00:00+09:00,1782.0151922767802,1782.0151922767802,1756.5953985846866,1767.990478515625,700700,0.0,0.0
2022-10-26 00:00:00+09:00,1789.027540728457,1803.928799029478,1778.509005457148,1785.5213623046875,667300,0.0,0.0
2022-10-27 00:00:00+09:00,1783.7681561638326,1788.15087890625,1758.3483642578124,1788.15087890625,703600,0.0,0.0
2022-10-28 00:00:00+09:00,1789.0273073706296,1796.0396633034884,1769.7433285552675,1770.619873046875,1763300,0.0,0.0
2022-10-31 00:00:00+09:00,1784.6447156959186,1796.9163394777177,1774.1261810258052,1796.039794921875,731800,0.0,0.0
2022-11-01 00:00:00+09:00,1810.0646259684484,1810.0646259684484,1771.4966629938178,1793.4102783203125,488200,0.0,0.0
2022-11-02 00:00:00+09:00,1788.1509239113602,1796.916369616808,1765.3607650771958,1768.866943359375,708200,0.0,0.0
2022-11-04 00:00:00+09:00,1745.200325867659,1767.1139412100456,1725.916344366359,1727.66943359375,1222500,0.0,0.0
2022-11-07 00:00:00+09:00,1732.9285363211848,1732.9285363211848,1709.2618340042036,1726.792724609375,724800,0.0,0.0
2022-11-08 00:00:00+09:00,1735.5582275390625,1755.7187524044152,1729.4224156235205,1735.5582275390625,960000,0.0,0.0
2022-11-09 00:00:00+09:00,1725.916282396638,1729.4224607255292,1698.7434003477322,1716.2742919921875,891000,0.0,0.0
2022-11-10 00:00:00+09:00,1711.8917047656853,1718.0275173275695,1683.8422759113575,1701.3731689453125,1438600,0.0,0.0
2022-11-11 00:00:00+09:00,1676.829965791939,1712.7682975208827,1640.891634062995,1659.299072265625,2523500,0.0,0.0
2022-11-14 00:00:00+09:00,1640.8915217899093,1665.4347710474508,1619.854450997731,1641.76806640625,1448400,0.0,0.0
2022-11-15 00:00:00+09:00,1642.6446254296459,1654.9162501660467,1626.8668221971307,1649.656982421875,1164800,0.0,0.0
2022-11-16 00:00:00+09:00,1653.1630435852537,1660.175400079783,1636.508696910747,1652.2864990234375,758600,0.0,0.0
2022-11-17 00:00:00+09:00,1646.150689572704,1685.595194913903,1646.150689572704,1675.07666015625,798500,0.0,0.0
2022-11-18 00:00:00+09:00,1688.224753437092,1703.1260103469729,1675.0765855754323,1678.582763671875,957200,0.0,0.0
2022-11-21 00:00:00+09:00,1679.459323431003,1695.237125008121,1674.2000562386304,1686.4716796875,695100,0.0,0.0
2022-11-22 00:00:00+09:00,1697.866878280287,1712.7681363756742,1697.866878280287,1706.63232421875,888500,0.0,0.0
2022-11-24 00:00:00+09:00,1708.3853485933907,1718.0273387599002,1702.249536669248,1715.397705078125,803200,0.0,0.0
2022-11-25 00:00:00+09:00,1721.5336346816625,1723.2867239226825,1701.3731084099322,1712.7681884765625,829500,0.0,0.0
2022-11-28 00:00:00+09:00,1715.3977453891287,1719.7804682950796,1689.101407953424,1693.484130859375,651800,0.0,0.0
2022-11-29 00:00:00+09:00,1697.8668262599672,1711.0149947648197,1695.2371925589966,1700.4964599609375,1591800,0.0,0.0
2022-11-30 00:00:00+09:00,1696.113910347394,1696.113910347394,1669.8175706520856,1683.84228515625,2396600,0.0,0.0
2022-12-01 00:00:00+09:00,1696.9903071304434,1696.9903071304434,1669.8174251464332,1670.6939697265625,968600,0.0,0.0
2022-12-02 00:00:00+09:00,1656.66931021367,1659.298944039406,1628.619882739153,1633.879150390625,912900,0.0,0.0
2022-12-05 00:00:00+09:00,1636.50886395267,1638.2619532552437,1606.7063458089149,1610.2125244140625,662600,0.0,0.0
2022-12-06 00:00:00+09:00,1610.2121845682034,1628.6196183602187,1609.3356401019169,1623.3603515625,670800,0.0,0.0
2022-12-07 00:00:00+09:00,1614.5951174241468,1633.0025536162786,1611.0889391018359,1627.7432861328125,1048700,0.0,0.0
2022-12-08 00:00:00+09:00,1625.9901821252072,1629.4963604155041,1604.0765678108512,1619.8543701171875,1101700,0.0,0.0
2022-12-09 00:00:00+09:00,1607.582783245446,1631.249487251786,1607.582783245446,1618.101318359375,1190900,0.0,0.0
2022-12-12 00:00:00+09:00,1617.224811214687,1623.3606235065586,1611.96554353594,1616.3482666015625,587700,0.0,0.0
2022-12-13 00:00:00+09:00,1617.2248391544117,1623.3606515522877,1606.706303615196,1609.3359375,747700,0.0,0.0
2022-12-14 00:00:00+09:00,1611.0889905675797,1640.0149626506757,1608.4593567418437,1633.879150390625,692600,0.0,0.0
2022-12-15 00:00:00+09:00,1635.6321224463961,1648.7802906332643,1625.1135878969017,1636.5086669921875,514800,0.0,0.0
2022-12-16 00:00:00+09:00,1633.0025310638885,1643.521065885556,1623.3605408106932,1637.38525390625,1640100,0.0,0.0
2022-12-19 00:00:00+09:00,1630.3729228078994,1636.508734882983,1607.582763671875,1607.582763671875,691800,0.0,0.0
2022-12-20 00:00:00+09:00,1622.484163724459,1634.7557889498196,1518.175349308894,1526.9407958984375,1230600,0.0,0.0
2022-12-21 00:00:00+09:00,1522.5577680105184,1522.5577680105184,1453.3107538062404,1455.0638427734375,2008300,0.0,0.0
2022-12-22 00:00:00+09:00,1464.7059897672982,1479.607247592579,1455.9405439877212,1473.471435546875,1236500,0.0,0.0
2022-12-23 00:00:00+09:00,1455.0639873479192,1462.0763439134514,1434.0269176513227,1445.4219970703125,928200,0.0,0.0
2022-12-26 00:00:00+09:00,1459.4467711506961,1469.0887618309712,1430.5207991098716,1434.0269775390625,752100,0.0,0.0
2022-12-27 00:00:00+09:00,1441.0392593011622,1448.9281603557306,1435.77999193145,1437.5330810546875,540300,0.0,0.0
2022-12-28 00:00:00+09:00,1422.6319011728438,1424.3849903917874,1398.0886521076313,1413.866455078125,1089400,0.0,0.0
2022-12-29 00:00:00+09:00,1413.8663110152327,1433.5905081251472,1406.6938757025364,1428.211181640625,988000,36.0,0.0
2022-12-30 00:00:00+09:00,1428.2113710442807,1436.280361841141,1422.8320438463738,1433.5906982421875,635800,0.0,0.0
2023-01-04 00:00:00+09:00,1425.5216320746251,1433.5906224448588,1402.2112154495053,1404.90087890625,728300,0.0,0.0
2023-01-05 00:00:00+09:00,1405.7974645291692,1413.866455078125,1396.831919474774,1413.866455078125,902900,0.0,0.0
2023-01-06 00:00:00+09:00,1395.9352347338913,1407.5904422172187,1387.8662449377418,1390.555908203125,1017100,0.0,0.0
2023-01-10 00:00:00+09:00,1399.5216583369179,1411.1768675351111,1396.8319946757963,1400.418212890625,881600,0.0,0.0
2023-01-11 00:00:00+09:00,1412.969830531131,1419.2457117581096,1401.3146225381713,1414.762939453125,763100,0.0,0.0
2023-01-12 00:00:00+09:00,1418.349118071814,1419.2456725080162,1369.9351785168974,1376.2110595703125,1117400,0.0,0.0
2023-01-13 00:00:00+09:00,1375.3144407165325,1379.7972126875773,1354.6936896497266,1358.2799072265625,1009100,0.0,0.0
2023-01-16 00:00:00+09:00,1341.245381194309,1349.3143707870554,1330.4867284039804,1333.1763916015625,1242200,0.0,0.0
2023-01-17 00:00:00+09:00,1338.5558438504063,1375.3145776734918,1337.6592893669163,1369.0386962890625,870100,0.0,0.0
2023-01-18 00:00:00+09:00,1378.9008091737765,1440.7630691432112,1374.4180367122233,1421.9354248046875,1461800,0.0,0.0
2023-01-19 00:00:00+09:00,1399.5215339344577,1418.3491778887328,1395.0387615643922,1406.6939697265625,892300,0.0,0.0
2023-01-20 00:00:00+09:00,1426.418131484549,1426.418131484549,1403.1077157594714,1410.2801513671875,752900,0.0,0.0
2023-01-23 00:00:00+09:00,1418.3491414258683,1422.8319136806908,1397.7283890536844,1410.2801513671875,968500,0.0,0.0
2023-01-24 00:00:00+09:00,1418.3491549807768,1426.4181451165714,1403.1077291687204,1421.038818359375,788200,0.0,0.0
2023-01-25 00:00:00+09:00,1421.038888488153,1427.3147700145992,1410.280234442817,1420.142333984375,638000,0.0,0.0
2023-01-26 00:00:00+09:00,1422.8320863736699,1455.1080505258137,1421.935531813888,1453.31494140625,901800,0.0,0.0
2023-01-27 00:00:00+09:00,1456.901060680734,1461.3838331751363,1430.900980213201,1438.969970703125,684800,0.0,0.0
2023-01-30 00:00:00+09:00,1436.2802758865596,1438.0733848452194,1423.7285131759404,1430.00439453125,499200,0.0,0.0
2023-01-31 00:00:00+09:00,1439.8665771484375,1442.5562407421146,1427.314813711278,1439.8665771484375,798500,0.0,0.0
2023-02-01 00:00:00+09:00,1447.0391089005468,1449.7287726717375,1414.7631436462596,1424.625244140625,694800,0.0,0.0
2023-02-02 00:00:00+09:00,1425.5215426888435,1432.6939781237559,1404.9007908134702,1407.5904541015625,737400,0.0,0.0
2023-02-03 00:00:00+09:00,1404.0044311054537,1411.1768675351111,1397.7285492295034,1400.418212890625,438700,0.0,0.0
2023-02-06 00:00:00+09:00,1426.4181225387697,1438.9698847735544,1419.2456869760354,1435.3836669921875,693100,0.0,0.0
2023-02-07 00:00:00+09:00,1434.487135252366,1438.9699075500296,1418.3491549807768,1421.038818359375,544300,0.0,0.0
2023-02-08 00:00:00+09:00,1423.7283954849581,1430.900830726696,1409.3835250014824,1417.4525146484375,494200,0.0,0.0
2023-02-09 00:00:00+09:00,1408.4870559259168,1422.8319272784404,1408.4870559259168,1421.038818359375,531300,0.0,0.0
2023-02-10 00:00:00+09:00,1412.0734007778933,1419.245837099305,1396.831973594894,1408.4871826171875,845000,0.0,0.0
2023-02-13 00:00:00+09:00,1421.0389094277034,1424.6251274956596,1406.694037155878,1412.0733642578125,776700,0.0,0.0
2023-02-14 00:00:00+09:00,1428.211440982747,1436.2804321747399,1412.0734585987611,1432.6942138671875,1005400,0.0,0.0
2023-02-15 00:00:00+09:00,1432.6939781237559,1436.2801958412122,1398.624909807922,1407.5904541015625,1115000,0.0,0.0
2023-02-16 00:00:00+09:00,1412.0732737640478,1425.5215906570386,1400.4180657901222,1421.038818359375,1083500,0.0,0.0
2023-02-17 00:00:00+09:00,1407.5906070757517,1416.55615234375,1404.0043889685523,1416.55615234375,605600,0.0,0.0
2023-02-20 00:00:00+09:00,1422.8318551561028,1435.383616953321,1418.3490830856676,1428.211181640625,653500,0.0,0.0
2023-02-21 00:00:00+09:00,1421.038888488153,1426.418215510821,1413.8664524579287,1420.142333984375,1130100,0.0,0.0
2023-02-22 00:00:00+09:00,1419.245732362746,1420.142286836759,1405.7974152525494,1406.6939697265625,1821100,0.0,0.0
2023-02-24 00:00:00+09:00,1412.073262532552,1452.418212890625,1412.073262532552,1452.418212890625,1545300,0.0,0.0
2023-02-27 00:00:00+09:00,1461.383841004129,1471.2459405446477,1443.4527509304587,1462.2803955078125,1308600,0.0,0.0
2023-02-28 00:00:00+09:00,1473.9354529072054,1500.8320852595268,1468.5561264367411,1495.4527587890625,1848600,0.0,0.0
2023-03-01 00:00:00+09:00,1505.3150876263717,1515.177187664424,1479.3150057078697,1490.97021484375,1821800,0.0,0.0
2023-03-02 00:00:00+09:00,1492.7631883257307,1497.245960663045,1465.8665543018435,1480.21142578125,1000400,0.0,0.0
2023-03-03 00:00:00+09:00,1483.7976209689703,1503.5218189516393,1482.0045120614548,1494.5562744140625,1033000,0.0,0.0
2023-03-06 00:00:00+09:00,1497.2460783537442,1506.2116237331081,1490.9701965881898,1492.7633056640625,887700,0.0,0.0
2023-03-07 00:00:00+09:00,1494.556276693689,1495.452831148814,1484.6941776873118,1488.2803955078125,712000,0.0,0.0
2023-03-08 00:00:00+09:00,1484.694082412404,1518.7631495209012,1481.107864822036,1516.073486328125,948800,0.0,0.0
2023-03-09 00:00:00+09:00,1536.6942498458059,1547.4529027035362,1529.5218146073191,1533.1080322265625,1165300,0.0,0.0
2023-03-10 00:00:00+09:00,1524.1426902466908,1524.1426902466908,1493.659836441757,1507.108154296875,1458400,0.0,0.0
2023-03-13 00:00:00+09:00,1486.487206433964,1492.7630872813934,1457.7974654171444,1465.866455078125,957000,0.0,0.0
2023-03-14 00:00:00+09:00,1446.1423317238136,1458.6940940574364,1428.2112426757812,1452.418212890625,1375000,0.0,0.0
2023-03-15 00:00:00+09:00,1455.1080505258137,1463.1770415638496,1447.0390594877776,1453.31494140625,932300,0.0,0.0
2023-03-16 00:00:00+09:00,1412.9700281211012,1439.866665712239,1409.383809775616,1437.177001953125,1202000,0.0,0.0
2023-03-17 00:00:00+09:00,1447.9356416742853,1456.0046328662781,1428.211440982747,1432.6942138671875,1563600,0.0,0.0
2023-03-20 00:00:00+09:00,1417.452646779922,1422.831973712673,1389.6594576273744,1392.34912109375,1317100,0.0,0.0
2023-03-22 00:00:00+09:00,1409.3837245429763,1411.1768336072803,1378.0043159176555,1397.728515625,1306900,0.0,0.0
2023-03-23 00:00:00+09:00,1389.6595248356318,1400.418179221456,1386.9698612391758,1397.728515625,870500,0.0,0.0
2023-03-24 00:00:00+09:00,1385.1766017809916,1391.4524828246595,1377.1076118677042,1382.4869384765625,1105700,0.0,0.0
2023-03-27 00:00:00+09:00,1401.314573096014,1410.2801173896546,1390.5559199436454,1407.5904541015625,882400,0.0,0.0
2023-03-28 00:00:00+09:00,1421.9354325267072,1421.9354325267072,1396.8319066056808,1403.1077880859375,653000,0.0,0.0
2023-03-29 00:00:00+09:00,1407.5907250868875,1422.8321533203125,1401.3148428731245,1422.8321533203125,931800,0.0,0.0
2023-03-30 00:00:00+09:00,1443.4527742840557,1454.211428502322,1428.211347474845,1447.935546875,1120200,0.0,0.0
2023-03-31 00:00:00+09:00,1453.314873984133,1458.6942010932662,1443.4527742840557,1447.935546875,1210600,0.0,0.0
2023-04-03 00:00:00+09:00,1461.3837796384953,1486.4873046875,1456.9010073083157,1486.4873046875,878200,0.0,0.0
2023-04-04 00:00:00+09:00,1483.7975893728549,1487.3838071115204,1470.349272852859,1485.5906982421875,987200,0.0,0.0
2023-04-05 00:00:00+09:00,1465.8665204018241,1472.1424015289267,1427.3146791924796,1429.1077880859375,1375200,0.0,0.0
2023-04-06 00:00:00+09:00,1416.5559921408508,1428.2111996711237,1409.383556737606,1426.4180908203125,1116600,0.0,0.0
2023-04-07 00:00:00+09:00,1421.9354795045492,1423.7285885581489,1413.8664887633506,1416.55615234375,722900,0.0,0.0
2023-04-10 00:00:00+09:00,1428.2113011932374,1440.7630640411378,1427.3147467041015,1434.4871826171875,627700,0.0,0.0
2023-04-11 00:00:00+09:00,1445.2458445043435,1458.6941619159845,1440.7630720337966,1457.797607421875,781600,0.0,0.0
2023-04-12 00:00:00+09:00,1461.383636342171,1464.073299476543,1443.4525487796902,1446.1422119140625,783600,0.0,0.0
2023-04-13 00:00:00+09:00,1444.3493080327075,1456.901071106859,1438.9699810009283,1456.0045166015625,734900,0.0,0.0
2023-04-14 00:00:00+09:00,1456.0043744976654,1464.9699186756066,1447.0388303197242,1464.0733642578125,859100,0.0,0.0
2023-04-17 00:00:00+09:00,1470.349365234375,1472.142474216368,1455.1079388874334,1470.349365234375,757300,0.0,0.0
2023-04-18 00:00:00+09:00,1473.038958505913,1482.0045029886026,1465.8665229197613,1471.245849609375,824000,0.0,0.0
2023-04-19 00:00:00+09:00,1471.2458337163575,1472.1423881549417,1455.1078538218455,1466.7630615234375,925100,0.0,0.0
2023-04-20 00:00:00+09:00,1465.8666962450518,1473.0391326792783,1456.0045961479902,1472.142578125,586500,0.0,0.0
2023-04-21 00:00:00+09:00,1469.4528444537432,1473.0390625,1460.4872993381011,1473.0390625,892000,0.0,0.0
2023-04-24 00:00:00+09:00,1484.6942631648137,1492.7632537254922,1479.3149361243616,1491.86669921875,786800,0.0,0.0
2023-04-25 00:00:00+09:00,1492.7633942421592,1495.4530580155686,1485.590957513068,1490.07373046875,849500,0.0,0.0
2023-04-26 00:00:00+09:00,1479.3149361243616,1494.556362738976,1472.1425000704253,1491.86669921875,796500,0.0,0.0
2023-04-27 00:00:00+09:00,1473.039021197462,1490.9701109259763,1470.3493577381848,1489.177001953125,733700,0.0,0.0
2023-04-28 00:00:00+09:00,1506.211484466161,1545.6598804878938,1492.7631676405704,1536.6943359375,1993000,0.0,0.0
2023-05-01 00:00:00+09:00,1533.1082244390907,1538.4875515423857,1515.177134094774,1532.211669921875,1190000,0.0,0.0
2023-05-02 00:00:00+09:00,1549.2461398142689,1549.2461398142689,1509.7977427356648,1520.556396484375,1013100,0.0,0.0
2023-05-08 00:00:00+09:00,1519.6599275476792,1530.418581901999,1511.5909367819393,1524.1427001953125,826000,0.0,0.0
2023-05-09 00:00:00+09:00,1528.6254518530116,1540.2806605768176,1521.453015715285,1532.211669921875,971100,0.0,0.0
2023-05-10 00:00:00+09:00,1538.4875018945656,1540.2806108711327,1521.4529666171784,1525.0391845703125,747700,0.0,0.0
2023-05-11 00:00:00+09:00,1525.9358246655058,1537.5910336670638,1521.453051972599,1528.62548828125,983300,0.0,0.0
2023-05-12 00:00:00+09:00,1544.7633600518257,1559.1082316483603,1509.7977355352723,1539.384033203125,1955800,0.0,0.0
2023-05-15 00:00:00+09:00,1555.5218293229761,1572.5563623242076,1544.7631769011457,1569.86669921875,1146400,0.0,0.0
2023-05-16 00:00:00+09:00,1568.970464891003,1568.970464891003,1551.9359284150437,1556.418701171875,1044500,0.0,0.0
2023-05-17 00:00:00+09:00,1552.8324952289222,1569.8670318394013,1545.6600587613523,1567.1773681640625,833200,0.0,0.0
2023-05-18 00:00:00+09:00,1581.522120458788,1582.418674948844,1555.5220402471639,1560.9013671875,1073100,0.0,0.0
2023-05-19 00:00:00+09:00,1568.9702871609502,1571.6599505103688,1555.5219704138563,1561.7978515625,740500,0.0,0.0
2023-05-22 00:00:00+09:00,1557.3151521677385,1597.6601042964364,1556.4185976759895,1596.7635498046875,1006000,0.0,0.0
2023-05-23 00:00:00+09:00,1600.3497807348717,1603.039444231905,1555.5220557843152,1565.3841552734375,1220400,0.0,0.0
2023-05-24 00:00:00+09:00,1576.1428196374823,1592.2808007259207,1569.8669381030895,1582.418701171875,1204200,0.0,0.0
2023-05-25 00:00:00+09:00,1572.5565027113707,1583.3151560936606,1566.2806215717017,1568.07373046875,866900,0.0,0.0
2023-05-26 00:00:00+09:00,1558.2116930315856,1560.9013564833087,1540.2806033534316,1543.8668212890625,1138100,0.0,0.0
2023-05-29 00:00:00+09:00,1562.6942642708632,1583.315014746038,1560.0046011654056,1569.86669921875,959200,0.0,0.0
2023-05-30 00:00:00+09:00,1564.4877258616661,1568.0739441444437,1549.2462981598621,1559.1083984375,835200,0.0,0.0
2023-05-31 00:00:00+09:00,1546.5563805158747,1559.1081424446993,1542.0736083984375,1542.0736083984375,1334600,0.0,0.0
2023-06-01 00:00:00+09:00,1543.8669287692978,1581.5222197148905,1537.5910469450325,1575.246337890625,1280000,0.0,0.0
2023-06-02 00:00:00+09:00,1578.8324500949032,1623.6601744019702,1571.6600142057723,1621.8670654296875,1575600,0.0,0.0
2023-06-05 00:00:00+09:00,1648.763710739837,1652.7982059537192,1626.3498484404918,1638.901611328125,1318500,0.0,0.0
2023-06-06 00:00:00+09:00,1622.31529490153,1656.8326416015625,1618.280799832695,1656.8326416015625,1061100,0.0,0.0
2023-06-07 00:00:00+09:00,1670.281194177396,1674.3156898155055,1641.5914474175052,1642.936279296875,1725000,0.0,0.0
2023-06-08 00:00:00+09:00,1646.0739803151635,1651.9015842759743,1616.9359605111097,1630.38427734375,1149900,0.0,0.0
2023-06-09 00:00:00+09:00,1631.7291794989442,1673.867240727763,1627.6946842749082,1671.6258544921875,1600000,0.0,0.0
2023-06-12 00:00:00+09:00,1659.9706628274048,1693.1431794488544,1659.9706628274048,1672.970703125,1523100,0.0,0.0
2023-06-13 00:00:00+09:00,1679.2465794340094,1711.5225414519616,1668.039648177776,1685.5224609375,1928900,0.0,0.0
2023-06-14 00:00:00+09:00,1697.1776436080572,1706.1431884765625,1684.6258807921497,1706.1431884765625,1486500,0.0,0.0
2023-06-15 00:00:00+09:00,1706.1431498911188,1730.3501204886281,1698.9707141585234,1716.0052490234375,1483200,0.0,0.0
2023-06-16 00:00:00+09:00,1714.2120381192585,1744.6948881694964,1703.00510795373,1707.9361572265625,3274300,0.0,0.0
2023-06-19 00:00:00+09:00,1712.867277904612,1727.6604263397996,1694.4879116669545,1703.9017333984375,1200400,0.0,0.0
2023-06-20 00:00:00+09:00,1704.3501523463267,1720.4881337993693,1695.8328843572208,1698.9708251953125,1109700,0.0,0.0
2023-06-21 00:00:00+09:00,1696.2812333066238,1737.9710204888427,1690.901905928273,1730.798583984375,1279100,0.0,0.0
2023-06-22 00:00:00+09:00,1743.798530705933,1761.7296209959684,1742.9019761914312,1746.0399169921875,1331400,0.0,0.0
2023-06-23 00:00:00+09:00,1761.7295801546181,1776.5227293009548,1707.4880332847179,1716.90185546875,1580200,0.0,0.0
2023-06-26 00:00:00+09:00,1727.2121763122827,1739.7639388185748,1705.2465919262713,1725.4190673828125,1179300,0.0,0.0
2023-06-27 00:00:00+09:00,1703.4534924017105,1724.5225224393105,1685.970680242851,1700.3155517578125,1565700,0.0,0.0
2023-06-28 00:00:00+09:00,1703.0053681484396,1716.005409126672,1689.5570498950958,1709.28125,1717500,0.0,0.0
2023-06-29 00:00:00+09:00,1708.824252219292,1723.9021132682856,1680.039244762122,1686.4359130859375,1339800,36.0,0.0
2023-06-30 00:00:00+09:00,1677.754641904215,1693.2894071070318,1666.3320204315557,1691.0048828125,1407800,0.0,0.0
2023-07-03 00:00:00+09:00,1700.5998004866735,1729.3848051698171,1697.8583714692313,1720.70361328125,1264800,0.0,0.0
2023-07-04 00:00:00+09:00,1727.55729105015,1735.781578603417,1715.67776458432,1718.8760986328125,993800,0.0,0.0
2023-07-05 00:00:00+09:00,1709.7379616911655,1729.3848703904496,1701.056769475203,1727.5572509765625,826100,0.0,0.0
2023-07-06 00:00:00+09:00,1723.4451212695105,1733.9539329845684,1709.7379755542174,1716.1346435546875,1010200,0.0,0.0
2023-07-07 00:00:00+09:00,1700.600016232088,1719.3331168945049,1691.9188232421875,1691.9188232421875,1186400,0.0,0.0
2023-07-10 00:00:00+09:00,1692.3755653645833,1720.7036660807291,1691.918660514323,1713.3931884765625,1136100,0.0,0.0
2023-07-11 00:00:00+09:00,1717.9622108915933,1731.212451347938,1709.737923711793,1710.6517333984375,890300,0.0,0.0
2023-07-12 00:00:00+09:00,1727.1002641936218,1727.1002641936218,1675.9269230323293,1693.289306640625,903100,0.0,0.0
2023-07-13 00:00:00+09:00,1692.37550168609,1700.5997886813248,1677.2976421948263,1680.952880859375,538900,0.0,0.0
2023-07-14 00:00:00+09:00,1681.4098601928843,1703.341293151922,1664.961285473606,1675.927001953125,951500,0.0,0.0
2023-07-18 00:00:00+09:00,1671.8149169248384,1683.2375386584054,1653.081817281789,1656.2801513671875,861300,0.0,0.0
2023-07-19 00:00:00+09:00,1672.2716886707158,1693.7462158203125,1665.875021009134,1693.7462158203125,1012700,0.0,0.0
2023-07-20 00:00:00+09:00,1697.8585360108725,1720.703780036853,1696.4878213693137,1712.4794921875,1014600,0.0,0.0
2023-07-21 00:00:00+09:00,1713.8502068290588,1721.1606849173727,1694.6602018472352,1712.4794921875,868800,0.0,0.0
2023-07-24 00:00:00+09:00,1734.867803647474,1749.4887595907762,1718.4192282112588,1722.5313720703125,1074300,0.0,0.0
2023-07-25 00:00:00+09:00,1728.0141506034786,1741.2643913140816,1718.8760535616834,1739.8936767578125,806800,0.0,0.0
2023-07-26 00:00:00+09:00,1731.212475951571,1738.9798583984375,1705.6258043618936,1738.9798583984375,595100,0.0,0.0
2023-07-27 00:00:00+09:00,1744.0059367233337,1761.82522714309,1732.1264097768294,1752.230224609375,1074200,0.0,0.0
2023-07-28 00:00:00+09:00,1715.6778735916612,1731.669544850172,1669.53047938853,1717.5054931640625,3339200,0.0,0.0
2023-07-31 00:00:00+09:00,1738.5230281865015,1741.7213622725214,1723.4451674952652,1733.9539794921875,1719800,0.0,0.0
2023-08-01 00:00:00+09:00,1740.8076042974908,1741.721414063526,1726.1866480409237,1739.4368896484375,736000,0.0,0.0
2023-08-02 00:00:00+09:00,1722.5313082347775,1723.9020228036645,1692.3755877192614,1702.8843994140625,998600,0.0,0.0
2023-08-03 00:00:00+09:00,1695.573973106046,1700.599926677635,1664.5044419362237,1669.5303955078125,1231000,0.0,0.0
2023-08-04 00:00:00+09:00,1664.0474972162783,1682.3236915843868,1659.4784486242513,1678.2115478515625,734700,0.0,0.0
2023-08-07 00:00:00+09:00,1675.470087585284,1689.1772331068435,1668.6165148245043,1687.8065185546875,566900,0.0,0.0
2023-08-08 00:00:00+09:00,1707.4534898816194,1728.9280186545484,1702.884441206528,1720.246826171875,1061300,0.0,0.0
2023-08-09 00:00:00+09:00,1712.93633109805,1723.4451429452772,1696.9446608957476,1718.419189453125,591200,0.0,0.0
2023-08-10 00:00:00+09:00,1707.4535069210763,1761.3682818251937,1707.4535069210763,1760.911376953125,1177200,0.0,0.0
2023-08-14 00:00:00+09:00,1744.9198325982356,1748.5750718390805,1691.9188636059878,1709.28125,1757400,0.0,0.0
2023-08-15 00:00:00+09:00,1709.2811726855232,1718.419270374299,1696.9447408056758,1701.056884765625,806500,0.0,0.0
2023-08-16 00:00:00+09:00,1685.5220790046274,1686.8927936256666,1660.3923109522407,1670.901123046875,921700,0.0,0.0
2023-08-17 00:00:00+09:00,1685.5220572564583,1686.435866992027,1665.8751479417315,1668.6165771484375,902100,0.0,0.0
2023-08-18 00:00:00+09:00,1653.9956399229948,1675.4701689496192,1648.9696863210188,1657.65087890625,676700,0.0,0.0
2023-08-21 00:00:00+09:00,1669.5304170260831,1683.2375633070853,1660.392319505415,1671.81494140625,1018900,0.0,0.0
2023-08-22 00:00:00+09:00,1668.1595676013103,1670.900996635988,1646.6850401630024,1670.444091796875,705300,0.0,0.0
2023-08-23 00:00:00+09:00,1658.5645995961495,1691.9186535274218,1655.3662656575343,1686.8927001953125,603300,0.0,0.0
2023-08-24 00:00:00+09:00,1677.2979156444464,1687.3498236107166,1670.901246938638,1684.1514892578125,552200,0.0,0.0
2023-08-25 00:00:00+09:00,1679.1253005087763,1685.9788731639142,1669.9872036352592,1685.0650634765625,668400,0.0,0.0
2023-08-28 00:00:00+09:00,1689.177316324654,1727.1004208025945,1680.4961237333182,1722.5313720703125,780500,0.0,0.0
2023-08-29 00:00:00+09:00,1729.8418871050656,1740.8076042974908,1722.9883138597997,1739.4368896484375,731300,0.0,0.0
2023-08-30 00:00:00+09:00,1736.2383729073292,1746.7471841117683,1723.445037528012,1733.0400390625,684000,0.0,0.0
2023-08-31 00:00:00+09:00,1738.5231780607457,1761.3684235017543,1732.5834142460835,1749.94580078125,970300,0.0,0.0
2023-09-01 00:00:00+09:00,1750.4023910732337,1799.748112356426,1741.7211993660055,1793.808349609375,1064700,0.0,0.0
2023-09-04 00:00:00+09:00,1803.4034475529907,1866.4563170139263,1795.179160231999,1855.4906005859375,1425400,0.0,0.0
2023-09-05 00:00:00+09:00,1868.2839972260833,1868.2839972260833,1840.8697052638518,1861.8873291015625,1483400,0.0,0.0
2023-09-06 00:00:00+09:00,1860.97350210641,1868.2839798951904,1850.0077854232395,1860.0596923828125,979700,0.0,0.0
2023-09-07 00:00:00+09:00,1856.861367582071,1910.3192366783067,1852.2923189413668,1899.8104248046875,1153000,0.0,0.0
2023-09-08 00:00:00+09:00,1915.3451334439083,1929.9660886610372,1882.9048890559031,1893.87060546875,1730500,0.0,0.0
2023-09-11 00:00:00+09:00,1893.8705964400613,1895.6982158334895,1815.739867371002,1828.533203125,1356900,0.0,0.0
2023-09-12 00:00:00+09:00,1874.2236875407389,1908.034646311586,1847.723206341967,1905.7501220703125,1148300,0.0,0.0
2023-09-13 00:00:00+09:00,1889.7585506852336,1899.8104578697296,1867.8271168281517,1877.422119140625,771400,0.0,0.0
2023-09-14 00:00:00+09:00,1879.70662942196,1934.992118522606,1877.422105078958,1927.681640625,959000,0.0,0.0
2023-09-15 00:00:00+09:00,1955.0959017679731,1998.0449587360006,1943.2163753725613,1976.113525390625,1907300,0.0,0.0
2023-09-19 00:00:00+09:00,1981.596174135582,2000.786176283079,1959.664743109871,1992.5618896484375,1467700,0.0,0.0
2023-09-20 00:00:00+09:00,1995.3034920992427,2002.1570648909735,1946.4146728515625,1946.4146728515625,1434200,0.0,0.0
2023-09-21 00:00:00+09:00,1951.4406981554077,1962.8633198959567,1917.6297378033823,1928.1385498046875,931100,0.0,0.0
2023-09-22 00:00:00+09:00,1900.7242604877617,1976.5704689591485,1899.8104507471426,1941.3887939453125,1125400,0.0,0.0
2023-09-25 00:00:00+09:00,1946.8716494591881,1946.8716494591881,1927.6816449350656,1928.1385498046875,709600,0.0,0.0
2023-09-26 00:00:00+09:00,1932.7076056985295,1933.164510569853,1898.4397403492646,1903.0087890625,620100,0.0,0.0
2023-09-27 00:00:00+09:00,1892.9569187082602,1923.112640802092,1875.5945332602964,1919.914306640625,768200,0.0,0.0
2023-09-28 00:00:00+09:00,1904.3796429468248,1915.34536066053,1869.1979652820203,1904.8365478515625,967400,0.0,0.0
2023-09-29 00:00:00+09:00,1892.0431914929034,1910.7762923987736,1878.336044488608,1889.7586669921875,1099400,0.0,0.0
2023-10-02 00:00:00+09:00,1894.7844388260164,1911.2330136506455,1860.5165746080393,1870.5684814453125,1282700,0.0,0.0
2023-10-03 00:00:00+09:00,1862.3440991862944,1864.171718518175,1823.5071883838325,1847.72314453125,1373100,0.0,0.0
2023-10-04 00:00:00+09:00,1818.0245416800385,1837.2145468950578,1777.8169117057125,1779.64453125,1221800,0.0,0.0
2023-10-05 00:00:00+09:00,1791.0670342302453,1848.1801411891179,1785.1272711065226,1844.52490234375,917200,0.0,0.0
2023-10-06 00:00:00+09:00,1844.9818831870523,1880.6204633972034,1837.6714051952265,1865.5426025390625,738800,0.0,0.0
2023-10-10 00:00:00+09:00,1897.0690343210044,1929.9661852051836,1889.3016514733508,1903.922607421875,892100,0.0,0.0
2023-10-11 00:00:00+09:00,1908.948540778453,1913.0606845953525,1877.4221048488903,1888.8447265625,745900,0.0,0.0
2023-10-12 00:00:00+09:00,1897.98283832279,1917.1728429471416,1890.672360370656,1916.259033203125,775100,0.0,0.0
2023-10-13 00:00:00+09:00,1904.8363969615536,1908.0347310413642,1876.5082951118015,1888.8447265625,793100,0.0,0.0
2023-10-16 00:00:00+09:00,1866.9132227482644,1873.7667955189995,1834.0160734487354,1842.697265625,877200,0.0,0.0
2023-10-17 00:00:00+09:00,1869.1977235680113,1887.0170125484933,1855.0336733527563,1865.9993896484375,1000800,0.0,0.0
2023-10-18 00:00:00+09:00,1881.0771176956378,1900.7240246815286,1850.4644951827381,1865.08544921875,977200,0.0,0.0
2023-10-19 00:00:00+09:00,1850.0078597947295,1879.2497721253944,1841.7835719517298,1855.0338134765625,734300,0.0,0.0
2023-10-20 00:00:00+09:00,1842.6972733464056,1876.9651373436732,1838.5851296667333,1856.4044189453125,644400,0.0,0.0
2023-10-23 00:00:00+09:00,1855.9476422403447,1865.9995497069344,1843.1543054646852,1844.068115234375,793800,0.0,0.0
2023-10-24 00:00:00+09:00,1839.4990234375,1854.119979411171,1797.4637750131953,1839.4990234375,827200,0.0,0.0
2023-10-25 00:00:00+09:00,1839.9559860286556,1857.3183717920251,1826.7057442618736,1832.6455078125,819500,0.0,0.0
2023-10-26 00:00:00+09:00,1812.9986034186402,1837.6714674772609,1776.446212220684,1794.2655029296875,1079300,0.0,0.0
2023-10-27 00:00:00+09:00,1793.808564521897,1823.507381815306,1783.2997522488447,1816.65380859375,820100,0.0,0.0
2023-10-30 00:00:00+09:00,1825.791812808652,1829.4470516731337,1773.2477541317262,1781.01513671875,1003800,0.0,0.0
2023-10-31 00:00:00+09:00,1776.9030923128967,1821.6797709055077,1763.1959458049546,1817.567626953125,1014100,0.0,0.0
2023-11-01 00:00:00+09:00,1844.52506078901,1852.2924440026372,1815.2831475141782,1835.386962890625,1398800,0.0,0.0
2023-11-02 00:00:00+09:00,1859.6027712953005,1887.4739676218394,1843.6111012718766,1845.438720703125,734700,0.0,0.0
2023-11-06 00:00:00+09:00,1887.473959107916,1910.3192018954724,1871.4822891566264,1896.1551513671875,758000,0.0,0.0
2023-11-07 00:00:00+09:00,1908.0346718134842,1908.9484815222072,1852.2922795813854,1856.861328125,813000,0.0,0.0
2023-11-08 00:00:00+09:00,1876.5082408580704,1879.2496699900762,1800.2051300172382,1805.68798828125,955300,0.0,0.0
2023-11-09 00:00:00+09:00,1823.0502921239727,1858.2319644281195,1803.4033842138647,1848.636962890625,768400,0.0,0.0
2023-11-10 00:00:00+09:00,1832.188452321587,1881.5341762245125,1816.6536873891844,1868.283935546875,1191800,0.0,0.0
2023-11-13 00:00:00+09:00,1892.4998174304496,1899.810294755145,1858.2319549709414,1873.309814453125,626700,0.0,0.0
2023-11-14 00:00:00+09:00,1882.447949714467,1898.4396191901967,1870.5684238182107,1890.21533203125,718300,0.0,0.0
2023-11-15 00:00:00+09:00,1920.371126077034,1962.8632780459047,1920.371126077034,1949.613037109375,981300,0.0,0.0
2023-11-16 00:00:00+09:00,1939.1043210999837,1980.225760520106,1930.4231283335134,1946.8717041015625,807900,0.0,0.0
2023-11-17 00:00:00+09:00,1957.3803762552855,1971.0875217472692,1940.931801664905,1945.0439453125,752300,0.0,0.0
2023-11-20 00:00:00+09:00,1952.3546250081574,1954.6391494933061,1908.9486597903303,1914.4315185546875,789100,0.0,0.0
2023-11-21 00:00:00+09:00,1912.6037403527462,1915.802074366714,1883.3618293678976,1884.7325439453125,736100,0.0,0.0
2023-11-22 00:00:00+09:00,1873.7668616227713,1899.3535342028433,1866.4563837427509,1888.3878173828125,518400,0.0,0.0
2023-11-24 00:00:00+09:00,1914.4313804549402,1914.8882853190105,1891.5861372514205,1899.8104248046875,610900,0.0,0.0
2023-11-27 00:00:00+09:00,1909.8624286394358,1921.741955707528,1889.758613601126,1897.069091796875,463300,0.0,0.0
2023-11-28 00:00:00+09:00,1908.034742647059,1916.2590303308823,1886.1033088235295,1903.0087890625,641700,0.0,0.0
2023-11-29 00:00:00+09:00,1903.0088294581751,1918.0866905319133,1894.32763671875,1894.32763671875,642400,0.0,0.0
2023-11-30 00:00:00+09:00,1901.638115689779,1929.9662183261955,1888.3878741340357,1920.3712158203125,1853200,0.0,0.0
2023-12-01 00:00:00+09:00,1924.9402314237234,1949.1561897112756,1922.1988021836232,1942.759521484375,901800,0.0,0.0
2023-12-04 00:00:00+09:00,1952.8113346882242,1979.311816066773,1931.3368066745727,1971.54443359375,1197400,0.0,0.0
2023-12-05 00:00:00+09:00,1962.863287927744,1981.5963872771476,1933.1644718860068,1937.7335205078125,1071800,0.0,0.0
2023-12-06 00:00:00+09:00,1939.1042009714392,1993.4758786141351,1939.1042009714392,1985.70849609375,859800,0.0,0.0
2023-12-07 00:00:00+09:00,1955.5527034955535,1975.6565163352273,1951.897464797431,1965.147705078125,885800,0.0,0.0
2023-12-08 00:00:00+09:00,1928.138710965589,1939.5613336608828,1897.5260821422019,1906.207275390625,1221700,0.0,0.0
2023-12-11 00:00:00+09:00,1924.4833065447972,1940.4749769458106,1912.6037799611875,1927.681640625,669200,0.0,0.0
2023-12-12 00:00:00+09:00,1950.9837528128871,1978.398044421499,1936.8197021484375,1936.8197021484375,776600,0.0,0.0
2023-12-13 00:00:00+09:00,1943.216304952448,1950.98368731412,1920.371062712236,1929.966064453125,591700,0.0,0.0
2023-12-14 00:00:00+09:00,1941.3887099244193,1950.526806935125,1893.87060546875,1893.87060546875,919400,0.0,0.0
2023-12-15 00:00:00+09:00,1884.7325885568866,1918.5435489334222,1876.5083008977292,1915.34521484375,1248400,0.0,0.0
2023-12-18 00:00:00+09:00,1877.8790471417262,1887.9309544500275,1848.6371349721228,1866.913330078125,992100,0.0,0.0
2023-12-19 00:00:00+09:00,1866.913168427889,1885.6462667895003,1838.5850684664283,1875.5943603515625,1010800,0.0,0.0
2023-12-20 00:00:00+09:00,1878.3359017151663,1904.3794790437394,1874.6806627918577,1887.4739990234375,609600,0.0,0.0
2023-12-21 00:00:00+09:00,1866.4563807734737,1890.6723387125176,1865.0856661731505,1875.1375732421875,601400,0.0,0.0
2023-12-22 00:00:00+09:00,1874.6807646856128,1891.1293407345238,1868.2840962221471,1872.396240234375,633800,0.0,0.0
2023-12-25 00:00:00+09:00,1902.551829089249,1902.551829089249,1869.654679306726,1884.275634765625,454500,0.0,0.0
2023-12-26 00:00:00+09:00,1888.8447781464815,1899.353590409996,1883.361919574213,1894.32763671875,523500,0.0,0.0
2023-12-27 00:00:00+09:00,1900.724305927314,1925.3971695138703,1900.724305927314,1920.3712158203125,723700,0.0,0.0
2023-12-28 00:00:00+09:00,1916.1852061699778,1937.1144135189218,1913.3946451901186,1934.3238525390625,695500,37.0,0.0
2023-12-29 00:00:00+09:00,1918.9758881655607,1964.5550537109375,1918.9758881655607,1964.5550537109375,867200,0.0,0.0
2024-01-04 00:00:00+09:00,1950.6021067982194,1964.5549115678778,1932.9285540899857,1945.951171875,917700,0.0,0.0
2024-01-05 00:00:00+09:00,1959.9040702627126,2026.4124428416324,1956.6484156609474,1988.7398681640625,1299300,0.0,0.0
2024-01-09 00:00:00+09:00,2006.8787104805824,2022.2267979535509,1985.4844067303839,2012.9249267578125,1001500,0.0,0.0
2024-01-10 00:00:00+09:00,2010.134330436916,2077.107801881367,2004.5532078165452,2065.945556640625,1123600,0.0,0.0
2024-01-11 00:00:00+09:00,2090.5957416508327,2118.5013577796535,2078.50330799501,2107.339111328125,1021100,0.0,0.0
2024-01-12 00:00:00+09:00,2138.03482783365,2138.03482783365,2086.409449132424,2104.548095703125,1144500,0.0,0.0
2024-01-15 00:00:00+09:00,2098.5018354980148,2112.919733747225,2097.1065550222847,2108.268798828125,41900,0.0,0.0
2024-01-16 00:00:00+09:00,2141.290771160151,2151.987923144661,2096.176695399392,2101.292724609375,771400,0.0,0.0
2024-01-17 00:00:00+09:00,2127.337705683075,2157.5687837043693,2102.22265625,2102.22265625,709000,0.0,0.0
2024-01-18 00:00:00+09:00,2093.8514155257108,2101.2929132263794,2071.526922423704,2085.94482421875,602300,0.0,0.0
2024-01-19 00:00:00+09:00,2120.361356270329,2122.221730349092,2093.385932128263,2118.035888671875,672700,0.0,0.0
2024-01-22 00:00:00+09:00,2142.68582924887,2192.4508354849518,2142.68582924887,2179.893310546875,876600,0.0,0.0
2024-01-23 00:00:00+09:00,2170.1264535467544,2200.822627128856,2163.615143999036,2171.056640625,696800,0.0,0.0
2024-01-24 00:00:00+09:00,2134.314251675038,2148.732151392172,2088.269991288063,2090.595458984375,1036800,0.0,0.0
2024-01-25 00:00:00+09:00,2085.9445857406195,2100.8275794404412,2058.038972553454,2085.4794921875,979500,0.0,0.0
2024-01-26 00:00:00+09:00,2081.7585877913134,2081.7585877913134,2047.8067609573623,2058.038818359375,777100,0.0,0.0
2024-01-29 00:00:00+09:00,2059.434253212812,2094.3162696967693,2059.434253212812,2085.4794921875,720800,0.0,0.0
2024-01-30 00:00:00+09:00,2092.9209549867765,2097.5718904423024,2078.503055074645,2088.27001953125,533300,0.0,0.0
2024-01-31 00:00:00+09:00,2083.1542258251175,2131.9890536240987,2081.293851432775,2128.7333984375,841000,0.0,0.0
2024-02-01 00:00:00+09:00,2113.3853052646086,2123.617364401013,2091.9909997975815,2109.199462890625,724200,0.0,0.0
2024-02-02 00:00:00+09:00,2128.733020381902,2129.663207412875,2091.9906326584655,2099.43212890625,539800,0.0,0.0
2024-02-05 00:00:00+09:00,2095.711629948426,2168.731320561365,2066.875828559877,2138.96533203125,1202200,0.0,0.0
2024-02-06 00:00:00+09:00,2092.455675928307,2097.1066109714907,2063.15478515625,2063.15478515625,874500,0.0,0.0
2024-02-07 00:00:00+09:00,2046.4116106580427,2074.3172235306524,2039.4352074398903,2067.3408203125,760600,0.0,0.0
2024-02-08 00:00:00+09:00,2055.7135887939835,2091.5257938476343,2027.8079744664633,2078.503173828125,1027400,0.0,0.0
2024-02-09 00:00:00+09:00,2061.294321723383,2093.3857721292748,2041.2953019052181,2070.59619140625,1069700,0.0,0.0
2024-02-13 00:00:00+09:00,2075.71240234375,2094.3161433461587,2051.0624455155585,2075.71240234375,1127800,0.0,0.0
2024-02-14 00:00:00+09:00,2046.4115917655317,2082.6888881650116,2018.0408856069641,2028.738037109375,1499000,0.0,0.0
2024-02-15 00:00:00+09:00,2049.2021530270304,2053.8530884628613,2006.8786405609703,2028.738037109375,734100,0.0,0.0
2024-02-16 00:00:00+09:00,2046.4114106238621,2056.178374174567,2028.7378575321106,2043.620849609375,1001300,0.0,0.0
2024-02-19 00:00:00+09:00,2043.6208310677625,2044.0859245659572,1995.7162007537024,2014.7850341796875,966100,0.0,0.0
2024-02-20 00:00:00+09:00,2030.133210359844,2032.4586779547578,2000.367225144946,2007.3436279296875,680500,0.0,0.0
2024-02-21 00:00:00+09:00,2011.0642737746787,2029.6680135875804,2003.1576843541955,2025.947265625,722600,0.0,0.0
2024-02-22 00:00:00+09:00,2034.3189127086998,2051.992465219658,2020.831201581916,2049.201904296875,836600,0.0,0.0
2024-02-26 00:00:00+09:00,2060.8294536203575,2067.340763110469,1999.4371069993044,2021.7615966796875,1268900,0.0,0.0
2024-02-27 00:00:00+09:00,2013.8549242151496,2031.9935713385655,1988.2747808359734,2018.505859375,1036000,0.0,0.0
2024-02-28 00:00:00+09:00,2019.901355837349,2029.66832071706,2000.3674260779273,2020.83154296875,973100,0.0,0.0
2024-02-29 00:00:00+09:00,2032.4587820774123,2037.1097175055072,2006.4135436800816,2018.9710693359375,875100,0.0,0.0
2024-03-01 00:00:00+09:00,2029.6681724807681,2112.919914660891,2022.69176950478,2093.385986328125,2794200,0.0,0.0
2024-03-04 00:00:00+09:00,2112.4549872819766,2120.826671511628,2086.4097474563955,2099.8974609375,1920000,0.0,0.0
2024-03-05 00:00:00+09:00,2057.5738344958227,2072.9219214167906,2035.2493444289605,2038.9700927734375,858300,0.0,0.0
2024-03-06 00:00:00+09:00,2085.479526532432,2144.081315190569,2074.7823746345184,2102.68798828125,1447000,0.0,0.0
2024-03-07 00:00:00+09:00,2136.174671245201,2136.6397647943504,2058.0389549880283,2066.875732421875,1002300,0.0,0.0
2024-03-08 00:00:00+09:00,2020.3664118537877,2052.457867290692,1978.973085275752,1993.8560791015625,2593000,0.0,0.0
2024-03-11 00:00:00+09:00,1971.066481781006,1972.4617624429557,1904.0930100074181,1934.7891845703125,1680900,0.0,0.0
2024-03-12 00:00:00+09:00,1910.1389729662108,1949.6719198135756,1887.3493918424356,1945.951171875,2137400,0.0,0.0
2024-03-13 00:00:00+09:00,1945.9512309889526,1958.973849169567,1895.2560387858466,1920.836181640625,1637800,0.0,0.0
2024-03-14 00:00:00+09:00,1967.3455625504919,1988.2747706627313,1951.067289574306,1978.972900390625,1637200,0.0,0.0
2024-03-15 00:00:00+09:00,1985.9493132560483,2022.2266075028801,1985.9493132560483,2018.505859375,1810100,0.0,0.0
2024-03-18 00:00:00+09:00,2027.3426184660693,2061.759538348265,2025.4822444183833,2060.3642578125,1186100,0.0,0.0
2024-03-19 00:00:00+09:00,2047.3417510857996,2212.449956818525,2041.7606286384962,2211.98486328125,3122600,0.0,0.0
2024-03-21 00:00:00+09:00,2245.0065465538555,2278.0281883200296,2212.915091879686,2248.727294921875,2729500,0.0,0.0
2024-03-22 00:00:00+09:00,2265.935819357407,2285.469748834626,2235.2396444646342,2263.6103515625,1316000,0.0,0.0
2024-03-25 00:00:00+09:00,2255.703598323411,2261.749814153968,2212.91499398408,2216.6357421875,1100900,0.0,0.0
2024-03-26 00:00:00+09:00,2213.8451661373906,2259.88942484487,2205.938576258329,2238.030029296875,1033700,0.0,0.0
2024-03-27 00:00:00+09:00,2266.865986113177,2376.1629714920437,2266.865986113177,2345.466796875,2469000,0.0,0.0
2024-03-28 00:00:00+09:00,2358.4891455970096,2442.2059758489245,2351.047649574617,2367.791015625,1963200,0.0,0.0
2024-03-29 00:00:00+09:00,2395.696749077753,2478.4833965900493,2385.929785045403,2458.484375,1762600,0.0,0.0
2024-04-01 00:00:00+09:00,2439.8805372783436,2447.322033388991,2323.142067042571,2365.465576171875,3063000,0.0,0.0
2024-04-02 00:00:00+09:00,2380.813750716832,2385.929779483756,2282.67901709674,2338.025146484375,2540100,0.0,0.0
2024-04-03 00:00:00+09:00,2329.18852754926,2337.5602115540296,2298.4923528651043,2325.002685546875,1499700,0.0,0.0
2024-04-04 00:00:00+09:00,2362.6751317639882,2385.4647147278533,2328.723304083128,2335.69970703125,1291100,0.0,0.0
2024-04-05 00:00:00+09:00,2302.677847785083,2345.001354985334,2291.980697613591,2333.839111328125,1488100,0.0,0.0
2024-04-08 00:00:00+09:00,2373.3723643832905,2381.278954662443,2323.607354979212,2349.1875,1261300,0.0,0.0
2024-04-09 00:00:00+09:00,2381.2787412314888,2405.463603447121,2359.41934653659,2386.85986328125,1176800,0.0,0.0
2024-04-10 00:00:00+09:00,2418.486509146341,2424.532725419207,2367.3262176067074,2383.6044921875,1190400,0.0,0.0
2024-04-11 00:00:00+09:00,2341.745672543021,2360.8145052290715,2327.792868138594,2336.16455078125,1481500,0.0,0.0
2024-04-12 00:00:00+09:00,2367.326102314119,2550.5729558134826,2354.7685768205074,2513.83056640625,4182700,0.0,0.0
2024-04-15 00:00:00+09:00,2467.321047615274,2522.66717479081,2433.8343152065463,2487.320068359375,2426600,0.0,0.0
2024-04-16 00:00:00+09:00,2458.0195843281736,2468.716736729223,2383.1395175208254,2393.836669921875,1721500,0.0,0.0
2024-04-17 00:00:00+09:00,2446.857315529485,2466.8563393971467,2374.3027173119217,2375.697998046875,2551600,0.0,0.0
2024-04-18 00:00:00+09:00,2396.1619104174765,2431.5090193444425,2366.395923952663,2392.441162109375,1602100,0.0,0.0
2024-04-19 00:00:00+09:00,2392.4410140749005,2426.857933795263,2342.2109150235615,2344.0712890625,1706300,0.0,0.0
2024-04-22 00:00:00+09:00,2431.0437149787085,2436.62483695685,2375.6975886954738,2409.6494140625,1376200,0.0,0.0
2024-04-23 00:00:00+09:00,2420.3467230860665,2429.1835001303853,2377.093024921769,2396.626953125,1028400,0.0,0.0
2024-04-24 00:00:00+09:00,2420.3466740588974,2428.718357404989,2401.277839770578,2420.811767578125,1275500,0.0,0.0
2024-04-25 00:00:00+09:00,2426.3931926692658,2446.8573100695817,2352.443313881761,2356.1640625,1189200,0.0,0.0
2024-04-26 00:00:00+09:00,2325.467597511235,2389.1854096830425,2306.863856731145,2380.3486328125,1386500,0.0,0.0
2024-04-30 00:00:00+09:00,2464.995809166627,2477.55333498691,2429.1836059013763,2448.25244140625,1546800,0.0,0.0
2024-05-01 00:00:00+09:00,2430.113623260748,2468.716385123072,2421.276846448891,2442.2060546875,1432500,0.0,0.0
2024-05-02 00:00:00+09:00,2436.1598969545444,2477.5532209005073,2430.5787746247515,2457.55419921875,1147800,0.0,0.0
2024-05-07 00:00:00+09:00,2458.949519333976,2483.1343831519002,2446.8570874250136,2454.298583984375,1079200,0.0,0.0
2024-05-08 00:00:00+09:00,2454.76376092784,2454.76376092784,2400.8129090393163,2407.32421875,963400,0.0,0.0
2024-05-09 00:00:00+09:00,2400.8128358403897,2437.0901316938475,2376.627971938084,2413.370361328125,743900,0.0,0.0
2024-05-10 00:00:00+09:00,2366.860982446351,2442.6712281014416,2305.933729803303,2375.232666015625,1915400,0.0,0.0
2024-05-13 00:00:00+09:00,2350.117653187259,2356.1638691958547,2272.9121256928825,2351.97802734375,1378000,0.0,0.0
2024-05-14 00:00:00+09:00,2355.6987191940498,2364.5354962255774,2314.305395204263,2356.62890625,756500,0.0,0.0
2024-05-15 00:00:00+09:00,2356.6289864484706,2410.579837529588,2345.9318349410078,2370.11669921875,1396100,0.0,0.0
2024-05-16 00:00:00+09:00,2403.603411458333,2411.0449080882354,2352.908215667126,2371.97705078125,1166300,0.0,0.0
2024-05-17 00:00:00+09:00,2348.257072302946,2425.9276864987455,2335.23445435395,2409.6494140625,1205000,0.0,0.0
2024-05-20 00:00:00+09:00,2410.114741515529,2483.1344278177176,2410.114741515529,2430.578857421875,1157300,0.0,0.0
2024-05-21 00:00:00+09:00,2425.928023171392,2425.928023171392,2354.303614511807,2362.210205078125,1086500,0.0,0.0
2024-05-22 00:00:00+09:00,2351.9780896126726,2359.8846799870876,2313.3753248434714,2346.862060546875,1179000,0.0,0.0
2024-05-23 00:00:00+09:00,2345.9318613027594,2345.9318613027594,2270.5867063600463,2327.793212890625,1797000,0.0,0.0
2024-05-24 00:00:00+09:00,2241.750853617579,2284.539459122313,2218.4961767128325,2271.98193359375,1520700,0.0,0.0
2024-05-27 00:00:00+09:00,2269.6563738292507,2271.9818414253873,2234.3092663679754,2259.42431640625,1017300,0.0,0.0
2024-05-28 00:00:00+09:00,2276.1677810956376,2287.7951195769188,2247.797075201311,2271.516845703125,760200,0.0,0.0
2024-05-29 00:00:00+09:00,2268.7262889010844,2292.911152989411,2247.797079593879,2251.052734375,688800,0.0,0.0
2024-05-30 00:00:00+09:00,2238.960066107294,2292.910911073735,2234.309131196394,2291.050537109375,1052400,0.0,0.0
2024-05-31 00:00:00+09:00,2330.5837925365136,2370.5818380679725,2321.281921482686,2366.39599609375,1708800,0.0,0.0
2024-06-03 00:00:00+09:00,2412.9051222302796,2418.02115082406,2371.976893480036,2384.99951171875,1243300,0.0,0.0
2024-06-04 00:00:00+09:00,2371.9768738677535,2412.9051022795893,2353.8382271852356,2406.85888671875,786100,0.0,0.0
2024-06-05 00:00:00+09:00,2388.7203014559936,2446.856991035822,2388.7203014559936,2401.742919921875,1077900,0.0,0.0
2024-06-06 00:00:00+09:00,2401.7428697112787,2410.114552835756,2354.76842551282,2365.465576171875,1021400,0.0,0.0
2024-06-07 00:00:00+09:00,2365.465780716946,2373.837464565335,2349.1875065673016,2368.721435546875,444300,0.0,0.0
2024-06-10 00:00:00+09:00,2384.534543835878,2413.37034288363,2374.3024861092567,2394.7666015625,668000,0.0,0.0
2024-06-11 00:00:00+09:00,2384.5342088228326,2393.3709847088544,2353.3729464879134,2361.74462890625,797500,0.0,0.0
2024-06-12 00:00:00+09:00,2332.908860358281,2342.675823290403,2298.491943359375,2298.491943359375,917100,0.0,0.0
2024-06-13 00:00:00+09:00,2307.3290482254715,2315.700731931994,2259.8895072218434,2271.516845703125,830400,0.0,0.0
2024-06-14 00:00:00+09:00,2291.5159725436215,2386.8601524444625,2280.8188206523077,2363.140380859375,1466400,0.0,0.0
2024-06-17 00:00:00+09:00,2325.4679243349124,2336.63017037172,2226.4029907582453,2233.37939453125,1542200,0.0,0.0
2024-06-18 00:00:00+09:00,2239.4255030785725,2248.7273743270816,2219.4264798942777,2242.216064453125,1279300,0.0,0.0
2024-06-19 00:00:00+09:00,2238.9600628335875,2275.237355085565,2238.9600628335875,2271.051513671875,876100,0.0,0.0
2024-06-20 00:00:00+09:00,2251.5175990597636,2311.5146596420213,2241.750635709164,2310.58447265625,1000700,0.0,0.0
2024-06-21 00:00:00+09:00,2310.5845544010945,2315.2354894944947,2261.7497359203953,2283.609130859375,1728700,0.0,0.0
2024-06-24 00:00:00+09:00,2292.4457128587437,2303.142862665145,2252.912767922044,2279.423095703125,881800,0.0,0.0
2024-06-25 00:00:00+09:00,2298.9572076006857,2356.163709023887,2293.8411790181226,2345.00146484375,803600,0.0,0.0
2024-06-26 00:00:00+09:00,2346.862044437046,2380.8138734588265,2328.723396055547,2368.25634765625,1475500,0.0,0.0
2024-06-27 00:00:00+09:00,2364.480706685303,2379.5831782649298,2346.074569447633,2376.75146484375,753200,37.0,0.0
2024-06-28 00:00:00+09:00,2397.5173908126967,2406.956435658416,2367.312447306395,2396.573486328125,946800,0.0,0.0
2024-07-01 00:00:00+09:00,2431.9695943555225,2455.5672034604663,2391.3817066950187,2409.787841796875,795600,0.0,0.0
2024-07-02 00:00:00+09:00,2414.0355932723883,2489.5479480961576,2396.101409001743,2483.884521484375,1382100,0.0,0.0
2024-07-03 00:00:00+09:00,2497.5712955531358,2510.3140062447333,2462.6468292132013,2485.300537109375,1281100,0.0,0.0
2024-07-04 00:00:00+09:00,2499.4591785019916,2512.2018895706387,2467.3664246994736,2488.13232421875,954500,0.0,0.0
2024-07-05 00:00:00+09:00,2481.524686016614,2495.6832521216916,2456.5112192309766,2460.7587890625,1011800,0.0,0.0
2024-07-08 00:00:00+09:00,2454.151497559824,2457.9271152483775,2423.002651629257,2435.745361328125,822700,0.0,0.0
2024-07-09 00:00:00+09:00,2443.7686334605623,2488.604095063257,2431.4978755482457,2474.91748046875,819900,0.0,0.0
2024-07-10 00:00:00+09:00,2472.085800121983,2512.673692220206,2468.310182252381,2502.7626953125,962500,0.0,0.0
2024-07-11 00:00:00+09:00,2526.3601641796654,2542.4065392183556,2505.1223148637523,2525.416259765625,1206700,0.0,0.0
2024-07-12 00:00:00+09:00,2519.281226297027,2574.0276898134102,2511.7299899499394,2527.7763671875,1436300,0.0,0.0
2024-07-16 00:00:00+09:00,2538.631001572832,2565.0603259989475,2496.627253824183,2515.977294921875,1079600,0.0,0.0
2024-07-17 00:00:00+09:00,2539.1032053321637,2577.331339092741,2529.1922076905325,2572.61181640625,1682600,0.0,0.0
2024-07-18 00:00:00+09:00,2538.6311770978414,2581.578832259749,2529.192132007312,2541.462890625,1221900,0.0,0.0
2024-07-19 00:00:00+09:00,2510.3138229175224,2528.2480070256,2482.468642328665,2512.673583984375,704400,0.0,0.0
2024-07-22 00:00:00+09:00,2515.505531700437,2519.7531020166293,2482.9408259429642,2496.62744140625,470900,0.0,0.0
2024-07-23 00:00:00+09:00,2516.9212615886877,2544.7664433688738,2507.010264683876,2523.056640625,488400,0.0,0.0
2024-07-24 00:00:00+09:00,2501.346678563723,2506.0662005987488,2460.7587890625,2460.7587890625,596200,0.0,0.0
2024-07-25 00:00:00+09:00,2428.666181236928,2428.666181236928,2361.648964420829,2397.517333984375,990000,0.0,0.0
2024-07-26 00:00:00+09:00,2397.045404802712,2419.6991121133105,2363.064843836814,2389.022216796875,722700,0.0,0.0
2024-07-29 00:00:00+09:00,2448.0162878271235,2489.5480852685705,2422.058914426219,2473.501708984375,744700,0.0,0.0
2024-07-30 00:00:00+09:00,2501.346839353612,2502.762696055133,2460.2869950095055,2482.46875,584200,0.0,0.0
2024-07-31 00:00:00+09:00,2449.9043355013364,2502.762991940587,2428.666482467709,2493.7958984375,1094000,0.0,0.0
2024-08-01 00:00:00+09:00,2399.40524061187,2425.3626143793076,2266.3147060224624,2302.655029296875,1939600,0.0,0.0
2024-08-02 00:00:00+09:00,2255.459608763237,2282.3608846995216,2194.57777374954,2245.07666015625,1187600,0.0,0.0
2024-08-05 00:00:00+09:00,2142.663263774921,2145.494977339381,1935.004269047836,1941.1396484375,1487900,0.0,0.0
2024-08-06 00:00:00+09:00,2058.6556422919984,2227.614541865711,2058.6556422919984,2222.89501953125,1385500,0.0,0.0
2024-08-07 00:00:00+09:00,2153.0460662809814,2330.500104185771,2132.2801682282934,2251.68408203125,1175300,0.0,0.0
2024-08-08 00:00:00+09:00,2157.293626580641,2284.2487754649537,2154.9338654489625,2195.0498046875,987600,0.0,0.0
2024-08-09 00:00:00+09:00,2115.2899169132797,2219.5913608306905,2079.893499294249,2190.330322265625,1623600,0.0,0.0
2024-08-13 00:00:00+09:00,2219.1193223110463,2246.492550872093,2170.9801962209303,2232.333984375,950600,0.0,0.0
2024-08-14 00:00:00+09:00,2262.5389600336944,2282.8329056493494,2240.82915774718,2280.47314453125,600900,0.0,0.0
2024-08-15 00:00:00+09:00,2274.809869649699,2323.89290418156,2274.809869649699,2294.159912109375,877900,0.0,0.0
2024-08-16 00:00:00+09:00,2341.354957815507,2345.1305755664694,2296.51949702283,2329.55615234375,824100,0.0,0.0
2024-08-19 00:00:00+09:00,2321.0611449038483,2347.4904706693255,2275.753729305888,2290.856201171875,915900,0.0,0.0
2024-08-20 00:00:00+09:00,2332.8597433341165,2350.7939270781376,2283.7767141399536,2306.430419921875,545600,0.0,0.0
2024-08-21 00:00:00+09:00,2265.3707412881145,2296.519588980826,2262.5390278615046,2275.28173828125,840800,0.0,0.0
2024-08-22 00:00:00+09:00,2291.800157542658,2294.6318710816313,2263.011069896426,2281.88916015625,800800,0.0,0.0
2024-08-23 00:00:00+09:00,2269.146427527287,2305.958703181848,2260.1793347396374,2270.09033203125,713100,0.0,0.0
2024-08-26 00:00:00+09:00,2265.370852623457,2293.68798828125,2258.2915687090085,2293.68798828125,978800,0.0,0.0
2024-08-27 00:00:00+09:00,2296.5195082580676,2338.523255943018,2287.0804638344835,2325.30859375,491100,0.0,0.0
2024-08-28 00:00:00+09:00,2307.374392502419,2324.36467234085,2297.4633959300013,2301.239013671875,524500,0.0,0.0
2024-08-29 00:00:00+09:00,2296.5193438279002,2323.892570696379,2280.0010172693355,2295.575439453125,694000,0.0,0.0
2024-08-30 00:00:00+09:00,2281.8892100495696,2297.463634854458,2256.875739908385,2293.216064453125,1013100,0.0,0.0
2024-09-02 00:00:00+09:00,2315.397631337691,2318.2293447066327,2286.1365931919645,2312.56591796875,673200,0.0,0.0
2024-09-03 00:00:00+09:00,2321.5329705217373,2327.196397162571,2278.113366275346,2296.991455078125,740300,0.0,0.0
2024-09-04 00:00:00+09:00,2249.7961184706023,2264.4266365475037,2200.241137887549,2217.703369140625,874000,0.0,0.0
2024-09-05 00:00:00+09:00,2194.105910661055,2248.380416947573,2173.8119648321835,2231.39013671875,789700,0.0,0.0
2024-09-06 00:00:00+09:00,2231.3900970946484,2254.9877081045324,2207.7924860847643,2215.815673828125,588500,0.0,0.0
2024-09-09 00:00:00+09:00,2168.6205590762324,2198.3535504193883,2146.4388036297505,2185.61083984375,568500,0.0,0.0
2024-09-10 00:00:00+09:00,2180.8913624752386,2206.848736406452,2171.9242696626375,2188.91455078125,658900,0.0,0.0
2024-09-11 00:00:00+09:00,2168.1484944986546,2168.1484944986546,2092.6361394442824,2126.61669921875,672500,0.0,0.0
2024-09-12 00:00:00+09:00,2170.5084567151894,2170.5084567151894,2103.9631876573853,2143.607177734375,801700,0.0,0.0
2024-09-13 00:00:00+09:00,2120.00940837813,2121.4252650622648,2090.74837023934,2101.603271484375,982100,0.0,0.0
2024-09-17 00:00:00+09:00,2121.897039270036,2131.336083039031,2068.566441975215,2096.41162109375,854800,0.0,0.0
2024-09-18 00:00:00+09:00,2105.379006635167,2132.2802851328593,2094.5241047852214,2128.03271484375,841000,0.0,0.0
2024-09-19 00:00:00+09:00,2170.036365453556,2200.2413083393817,2151.6302283825057,2174.283935546875,870200,0.0,0.0
2024-09-20 00:00:00+09:00,2210.62430233553,2221.0072516633227,2184.666929016048,2197.881591796875,1233700,0.0,0.0
2024-09-24 00:00:00+09:00,2245.076837125909,2279.529351128472,2229.974365234375,2229.974365234375,900600,0.0,0.0
2024-09-25 00:00:00+09:00,2236.109784679878,2246.0207820370492,2199.2975087818136,2225.2548828125,698300,0.0,0.0
2024-09-26 00:00:00+09:00,2246.4926570089656,2283.304931640625,2242.2450868591586,2283.304931640625,813700,0.0,0.0
2024-09-27 00:00:00+09:00,2330.5003013603273,2378.16748046875,2303.599022061514,2378.16748046875,1360100,0.0,0.0
2024-09-30 00:00:00+09:00,2226.198838798511,2253.572070227452,2151.6303807679483,2167.6767578125,2226900,0.0,0.0
2024-10-01 00:00:00+09:00,2221.951018627899,2237.997393868627,2205.9046433871704,2228.558349609375,1774000,0.0,0.0
2024-10-02 00:00:00+09:00,2219.1195100423347,2314.4538658544466,2207.3207036299445,2281.88916015625,1503300,0.0,0.0
2024-10-03 00:00:00+09:00,2376.2795152930444,2387.1344167531715,2303.5988707339325,2315.86962890625,1381000,0.0,0.0
2024-10-04 00:00:00+09:00,2315.8696792593255,2330.028246689075,2281.8891174279274,2327.196533203125,912200,0.0,0.0
2024-10-07 00:00:00+09:00,2372.9761211460236,2392.7981173847134,2325.7808920062857,2327.668701171875,1050100,0.0,0.0
2024-10-08 00:00:00+09:00,2322.0049680159395,2339.939152728258,2296.0475954060053,2320.589111328125,1052400,0.0,0.0
2024-10-09 00:00:00+09:00,2339.939382205356,2357.4016164009186,2304.07100926312,2316.813720703125,848100,0.0,0.0
2024-10-10 00:00:00+09:00,2320.117108065732,2328.612248005761,2298.4073059967686,2309.26220703125,637800,0.0,0.0
2024-10-11 00:00:00+09:00,2315.3978280829715,2318.229541692531,2278.1135988904407,2280.9453125,704800,0.0,0.0
2024-10-15 00:00:00+09:00,2299.8232088172194,2299.8232088172194,2263.010935004836,2271.97802734375,839000,0.0,0.0
2024-10-16 00:00:00+09:00,2250.740248883871,2323.4208943709996,2238.9414427982983,2295.103759765625,870300,0.0,0.0
2024-10-17 00:00:00+09:00,2308.790249155622,2333.3317644777994,2292.2719215349257,2301.239013671875,1219900,0.0,0.0
2024-10-18 00:00:00+09:00,2296.519371191001,2314.925506718426,2258.291243557119,2274.8095703125,1054400,0.0,0.0
2024-10-21 00:00:00+09:00,2273.865739398488,2283.3047835636953,2257.347412109375,2257.347412109375,679300,0.0,0.0
2024-10-22 00:00:00+09:00,2220.0635028537586,2236.581832488087,2179.475607180837,2191.2744140625,1045500,0.0,0.0
2024-10-23 00:00:00+09:00,2238.469412391282,2371.0879881623023,2237.053555710452,2324.836669921875,3428300,0.0,0.0
2024-10-24 00:00:00+09:00,2308.790265813632,2369.672102340606,2296.5195080640087,2345.6025390625,2359600,0.0,0.0
2024-10-25 00:00:00+09:00,2351.737924030571,2368.256251813246,2313.037841796875,2313.037841796875,1187100,0.0,0.0
2024-10-28 00:00:00+09:00,2323.892915760054,2378.63937762605,2315.3977751256753,2358.8173828125,1262300,0.0,0.0
2024-10-29 00:00:00+09:00,2351.2659373091283,2377.223309158185,2341.3549407849428,2366.368408203125,924700,0.0,0.0
2024-10-30 00:00:00+09:00,2388.07813023782,2419.698927614487,2367.3122334531436,2375.807373046875,1674800,0.0,0.0
2024-10-31 00:00:00+09:00,2372.97589209362,2392.3259341731423,2351.2660887848874,2380.05517578125,1229400,0.0,0.0
2024-11-01 00:00:00+09:00,2355.9855557776887,2377.2234063405886,2344.186749909411,2360.705078125,768900,0.0,0.0
2024-11-05 00:00:00+09:00,2375.807527124774,2383.3587628089213,2334.747683092224,2348.90625,858000,0.0,0.0
2024-11-06 00:00:00+09:00,2396.1014481550587,2460.2869508040812,2390.9099736760936,2438.5771484375,1125900,0.0,0.0
2024-11-07 00:00:00+09:00,2460.2869896562233,2495.2114548844143,2447.072327137448,2474.445556640625,1427300,0.0,0.0
2024-11-08 00:00:00+09:00,2610.839829610402,2611.783734104115,2461.2309673568775,2477.27734375,2364900,0.0,0.0
2024-11-11 00:00:00+09:00,2484.3566827150285,2515.9774839577917,2475.861542082644,2496.62744140625,1035400,0.0,0.0
2024-11-12 00:00:00+09:00,2555.621235943257,2618.390880334846,2540.990717325669,2593.849365234375,2032200,0.0,0.0
2024-11-13 00:00:00+09:00,2561.2848476367517,2585.3544122635208,2487.1883447661107,2505.594482421875,1321000,0.0,0.0
2024-11-14 00:00:00+09:00,2521.1689737445295,2555.1495364756424,2517.865307923449,2520.697021484375,885700,0.0,0.0
2024-11-15 00:00:00+09:00,2501.346702611502,2536.2711660064556,2488.132040786385,2513.1455078125,1014900,0.0,0.0
2024-11-18 00:00:00+09:00,2500.4029348859312,2525.4164032794674,2477.7492276615967,2482.46875,817400,0.0,0.0
2024-11-19 00:00:00+09:00,2474.4456226109296,2509.842041015625,2474.4456226109296,2509.842041015625,572600,0.0,0.0
2024-11-20 00:00:00+09:00,2501.8189280039883,2517.393352569944,2457.455415603993,2492.3798828125,825900,0.0,0.0
2024-11-21 00:00:00+09:00,2479.636923003256,2521.6406698908254,2461.7027389389004,2464.0625,814100,0.0,0.0
2024-11-22 00:00:00+09:00,2471.141956893158,2519.281085923544,2463.118768721427,2509.842041015625,870500,0.0,0.0
2024-11-25 00:00:00+09:00,2528.720209906999,2546.18244353271,2510.3140717609795,2520.697021484375,903100,0.0,0.0
2024-11-26 00:00:00+09:00,2512.673617999473,2540.046846745523,2498.5150514066886,2520.224853515625,731900,0.0,0.0
2024-11-27 00:00:00+09:00,2507.010411670184,2507.010411670184,2438.105381530153,2459.815185546875,702000,0.0,0.0
2024-11-28 00:00:00+09:00,2453.207763671875,2488.132229718762,2423.94672455151,2453.207763671875,1275700,0.0,0.0
2024-11-29 00:00:00+09:00,2448.488219141154,2470.198022163608,2439.521126588401,2441.408935546875,955900,0.0,0.0
2024-12-02 00:00:00+09:00,2430.554102262477,2463.590759963132,2403.6528238490864,2436.217529296875,727500,0.0,0.0
2024-12-03 00:00:00+09:00,2439.049295743185,2509.8421352094156,2438.1053912169687,2475.861572265625,891600,0.0,0.0
2024-12-04 00:00:00+09:00,2469.7260008917915,2491.907755533854,2446.600341796875,2446.600341796875,681100,0.0,0.0
2024-12-05 00:00:00+09:00,2462.6464733520065,2492.8514128488496,2456.0391428370717,2466.89404296875,792400,0.0,0.0
2024-12-06 00:00:00+09:00,2457.455528798968,2461.7030993307885,2431.026201045416,2441.881103515625,548400,0.0,0.0
2024-12-09 00:00:00+09:00,2448.0161358568753,2461.7027500731565,2412.147767565932,2419.22705078125,547600,0.0,0.0
2024-12-10 00:00:00+09:00,2452.736075283644,2468.3105010070153,2426.778699078025,2436.689697265625,835100,0.0,0.0
2024-12-11 00:00:00+09:00,2434.329733652611,2434.8016859080694,2386.1906035958905,2411.676025390625,962100,0.0,0.0
2024-12-12 00:00:00+09:00,2414.5077958670836,2438.1054091965116,2407.9004641348433,2410.732177734375,775700,0.0,0.0
2024-12-13 00:00:00+09:00,2386.1904755976097,2411.203943795132,2354.097723947958,2369.2001953125,1131200,0.0,0.0
2024-12-16 00:00:00+09:00,2370.6161774882353,2386.19060190733,2359.7612756203816,2363.06494140625,756100,0.0,0.0
2024-12-17 00:00:00+09:00,2361.6491387686424,2377.6955158106357,2328.6124801527744,2333.803955078125,979600,0.0,0.0
2024-12-18 00:00:00+09:00,2352.20993789984,2400.821018077144,2352.20993789984,2360.705078125,867800,0.0,0.0
2024-12-19 00:00:00+09:00,2313.5097827805566,2336.6354415639607,2284.7206973563184,2296.991455078125,1276800,0.0,0.0
2024-12-20 00:00:00+09:00,2344.1865705286564,2405.0684041501977,2336.6353353507907,2388.078125,1625200,0.0,0.0
2024-12-23 00:00:00+09:00,2415.923452968235,2440.9369210298323,2404.1246472788025,2434.32958984375,899600,0.0,0.0
2024-12-24 00:00:00+09:00,2422.530767598777,2440.4649521241527,2397.989251932473,2410.260009765625,713500,0.0,0.0
2024-12-25 00:00:00+09:00,2423.9466983669076,2423.9466983669076,2387.6063759809554,2413.091796875,604000,0.0,0.0
2024-12-26 00:00:00+09:00,2449.4323381969225,2451.7920996017365,2376.7516869286515,2413.56396484375,2138400,0.0,0.0
2024-12-27 00:00:00+09:00,2438.1920729831836,2533.807448394289,2436.7433551739246,2514.4912109375,1620100,58.0,0.0
2024-12-30 00:00:00+09:00,2512.0764671474935,2527.046549900583,2499.5209138707087,2517.871337890625,877000,0.0,0.0
2025-01-06 00:00:00+09:00,2505.315980510508,2528.0125593624725,2449.2988922801264,2484.551025390625,1119500,0.0,0.0
2025-01-07 00:00:00+09:00,2468.6150495787406,2485.0338507692095,2433.3629176109694,2475.375732421875,1192900,0.0,0.0
2025-01-08 00:00:00+09:00,2458.474013209724,2464.7517901045826,2414.529574945712,2418.392822265625,1580400,0.0,0.0
2025-01-09 00:00:00+09:00,2403.9057705384394,2447.367305160468,2389.418592331096,2432.880126953125,1280000,0.0,0.0
2025-01-10 00:00:00+09:00,2445.918480846284,2461.8543761805245,2416.4612197739007,2420.807373046875,1135600,0.0,0.0
2025-01-14 00:00:00+09:00,2400.5254032885064,2404.388650769156,2373.965576859042,2401.97412109375,1101700,0.0,0.0
2025-01-15 00:00:00+09:00,2410.183428393042,2411.149240225698,2360.927024927586,2391.35009765625,1124800,0.0,0.0
2025-01-16 00:00:00+09:00,2423.221679785924,2436.7430442805444,2392.798609673028,2395.696044921875,1710000,0.0,0.0
2025-01-17 00:00:00+09:00,2324.7092981502365,2326.640921995812,2233.922977408183,2248.41015625,4213400,0.0,0.0
2025-01-20 00:00:00+09:00,2270.6235589298594,2317.9483374868832,2260.9654408569977,2301.046630859375,2145000,0.0,0.0
2025-01-21 00:00:00+09:00,2294.285914230427,2321.8115503304343,2282.213266818143,2297.183349609375,1921800,0.0,0.0
2025-01-22 00:00:00+09:00,2274.487026900953,2279.3160864060505,2252.756259128014,2270.623779296875,1680400,0.0,0.0
2025-01-23 00:00:00+09:00,2232.956941831814,2281.7304390474314,2231.0253181797107,2278.35009765625,1570600,0.0,0.0
2025-01-24 00:00:00+09:00,2302.4953999758686,2312.636424178783,2247.9270316459038,2251.307373046875,2620400,0.0,0.0
2025-01-27 00:00:00+09:00,2278.34993053127,2287.042236328125,2247.9268602422767,2287.042236328125,2157600,0.0,0.0
2025-01-28 00:00:00+09:00,2280.7644920682856,2394.2473749046285,2278.349962646236,2373.482421875,2444200,0.0,0.0
2025-01-29 00:00:00+09:00,2377.828618697681,2398.110666217036,2350.785888671875,2350.785888671875,1733100,0.0,0.0
2025-01-30 00:00:00+09:00,2339.6791081349397,2361.409873845171,2320.362871948067,2357.063720703125,1486300,0.0,0.0
2025-01-31 00:00:00+09:00,2353.683312236767,2355.6149358003586,2293.320075874519,2321.8115234375,1255800,0.0,0.0
2025-02-03 00:00:00+09:00,2292.837348452496,2336.7817879447402,2286.076665453689,2314.568115234375,1451300,0.0,0.0
2025-02-04 00:00:00+09:00,2345.956923163449,2345.956923163449,2287.5253077450097,2305.875732421875,1620200,0.0,0.0
2025-02-05 00:00:00+09:00,2386.5212570171916,2422.2562980975786,2370.5853603191813,2388.452880859375,1593500,0.0,0.0
2025-02-06 00:00:00+09:00,2387.003798729978,2424.670457904758,2377.345680992855,2402.456787109375,950100,0.0,0.0
2025-02-07 00:00:00+09:00,2397.1450097735906,2402.4569749443217,2361.4099713523083,2368.170654296875,535500,0.0,0.0
2025-02-10 00:00:00+09:00,2356.5810167958325,2371.5511011238386,2344.5083681442143,2352.23486328125,642800,0.0,0.0
2025-02-12 00:00:00+09:00,2358.5125430267635,2361.8928845093983,2320.3629748656017,2341.1279296875,927400,0.0,0.0
2025-02-13 00:00:00+09:00,2402.93991857621,2414.529660948764,2316.0168507820545,2344.50830078125,1867300,0.0,0.0
2025-02-14 00:00:00+09:00,2344.991034947788,2371.0679533759558,2341.610693670063,2352.717529296875,1040600,0.0,0.0
2025-02-17 00:00:00+09:00,2401.0082372465704,2414.529603023502,2360.9270458363803,2393.7646484375,942000,0.0,0.0
2025-02-18 00:00:00+09:00,2383.623749775457,2392.316056804622,2345.9570859824084,2352.23486328125,596100,0.0,0.0
2025-02-19 00:00:00+09:00,2339.1962423863283,2358.0295729918334,2319.3970999549,2333.88427734375,690900,0.0,0.0
2025-02-20 00:00:00+09:00,2315.0508806501116,2315.0508806501116,2273.038067421793,2298.632080078125,866600,0.0,0.0
2025-02-21 00:00:00+09:00,2285.593734444769,2313.1193720664364,2279.798863366523,2311.670654296875,836700,0.0,0.0
2025-02-25 00:00:00+09:00,2292.35455494481,2342.093868018186,2288.974213279629,2327.606689453125,887300,0.0,0.0
2025-02-26 00:00:00+09:00,2333.4014685440693,2346.439928736679,2308.2903600249692,2344.9912109375,1027700,0.0,0.0
2025-02-27 00:00:00+09:00,2342.576535108613,2361.4098653228443,2334.3671347588197,2356.097900390625,847000,0.0,0.0
2025-02-28 00:00:00+09:00,2356.58087057308,2371.0680480561114,2300.0808783892585,2307.807373046875,1213500,0.0,0.0
2025-03-03 00:00:00+09:00,2339.196217134384,2397.1449260642203,2318.4312631011926,2386.52099609375,1186000,0.0,0.0
2025-03-04 00:00:00+09:00,2404.871463313434,2419.358640803274,2382.657791162346,2391.35009765625,1264300,0.0,0.0
2025-03-05 00:00:00+09:00,2391.3500039617143,2399.559404217641,2354.6491557587474,2380.72607421875,564100,0.0,0.0
2025-03-06 00:00:00+09:00,2400.0425647200364,2422.73914430592,2377.8288910827887,2381.692138671875,752700,0.0,0.0
2025-03-07 00:00:00+09:00,2342.093599566881,2355.6149646777826,2315.0508693450774,2352.717529296875,796600,0.0,0.0
2025-03-10 00:00:00+09:00,2371.0679477840276,2389.90127771551,2355.1320532266195,2379.76025390625,550900,0.0,0.0
2025-03-11 00:00:00+09:00,2342.576667640853,2351.268974385346,2287.042485662148,2315.533935546875,912700,0.0,0.0
2025-03-12 00:00:00+09:00,2303.944077173737,2352.2346677663536,2294.2859590552134,2330.02099609375,816400,0.0,0.0
2025-03-13 00:00:00+09:00,2331.952838809838,2346.440017348727,2309.739165050208,2327.123779296875,734000,0.0,0.0
2025-03-14 00:00:00+09:00,2314.56825440682,2344.5084237732344,2299.1152637660903,2302.49560546875,1067800,0.0,0.0
2025-03-17 00:00:00+09:00,2321.811664768958,2371.0680686388487,2318.9142292471997,2365.756103515625,520900,0.0,0.0
2025-03-18 00:00:00+09:00,2388.452775877435,2424.670721326446,2378.311751151712,2404.388671875,555800,0.0,0.0
2025-03-19 00:00:00+09:00,2435.294554884994,2451.2304502471206,2421.290283203125,2421.290283203125,602400,0.0,0.0
2025-03-21 00:00:00+09:00,2428.050902172622,2440.6064557638088,2410.6662895079016,2414.046630859375,1084200,0.0,0.0
2025-03-24 00:00:00+09:00,2409.7005470499844,2545.8800168431903,2385.5552509873596,2533.324462890625,1709100,0.0,0.0
2025-03-25 00:00:00+09:00,2530.9097525778457,2591.755894311257,2511.1106112201483,2568.093505859375,1811300,0.0,0.0
2025-03-26 00:00:00+09:00,2561.815984814017,2565.679232293473,2523.1835100194608,2541.533935546875,1163900,0.0,0.0
2025-03-27 00:00:00+09:00,2553.1235096372907,2571.956839857804,2528.9782144827864,2550.22607421875,1422000,0.0,0.0
2025-03-28 00:00:00+09:00,2542.0169173607123,2550.7092244489518,2505.7989711597143,2522.2177734375,978700,0.0,0.0
2025-03-31 00:00:00+09:00,2443.503876487359,2459.439771334016,2414.5295222207105,2440.12353515625,1320500,0.0,0.0
2025-04-01 00:00:00+09:00,2468.6150606697397,2472.4783080260304,2433.8458344631235,2448.81591796875,1165300,0.0,0.0
2025-04-02 00:00:00+09:00,2438.6747934345253,2447.3670996289457,2383.623520869865,2409.700439453125,1348800,0.0,0.0
2025-04-03 00:00:00+09:00,2342.0936134965245,2424.1876164438254,2342.0936134965245,2409.700439453125,1178600,0.0,0.0
2025-04-04 00:00:00+09:00,2353.200650218442,2458.4741453441593,2353.200650218442,2377.345947265625,1645500,0.0,0.0
2025-04-07 00:00:00+09:00,2240.6833782684243,2273.03807360118,2161.0039046877587,2188.529541015625,2006500,0.0,0.0
2025-04-08 00:00:00+09:00,2236.8200717950426,2300.563648970549,2226.679048153485,2264.82861328125,2002800,0.0,0.0
2025-04-09 00:00:00+09:00,2216.538136866444,2251.7902684549517,2179.354381629251,2222.3330078125,1409600,0.0,0.0
2025-04-10 00:00:00+09:00,2366.23897514389,2436.2603325716173,2334.3671848664417,2417.427001953125,1188200,0.0,0.0
2025-04-11 00:00:00+09:00,2342.576655052773,2441.572370221979,2342.576655052773,2425.636474609375,1606200,0.0,0.0
2025-04-14 00:00:00+09:00,2426.119372074786,2449.7817624473305,2410.183476517766,2424.670654296875,1075900,0.0,0.0
2025-04-15 00:00:00+09:00,2453.644943447005,2470.0637444856193,2384.5893979022458,2389.41845703125,568700,0.0,0.0
2025-04-16 00:00:00+09:00,2390.3843323405704,2401.974074557979,2360.4441649455975,2396.662109375,657400,0.0,0.0
2025-04-17 00:00:00+09:00,2371.0682525302987,2450.2648296005573,2367.205004868335,2443.021240234375,788600,0.0,0.0
2025-04-18 00:00:00+09:00,2443.021038477603,2457.991121931409,2427.0851431880674,2447.85009765625,499800,0.0,0.0
2025-04-21 00:00:00+09:00,2425.636421233721,2457.991117674625,2420.8073620634373,2447.3671875,673300,0.0,0.0
2025-04-22 00:00:00+09:00,2463.7860694616793,2480.2048711789857,2429.982654161343,2456.54248046875,835700,0.0,0.0
2025-04-23 00:00:00+09:00,2507.730370999305,2509.1790887179645,2471.512428032822,2496.62353515625,680700,0.0,0.0
2025-04-24 00:00:00+09:00,2504.832991626381,2504.832991626381,2433.8458218232045,2447.3671875,722900,0.0,0.0
2025-04-25 00:00:00+09:00,2410.6662749851575,2457.9910536206835,2395.696191947389,2440.12353515625,1055900,0.0,0.0
2025-04-28 00:00:00+09:00,2429.499739871405,2462.3373431930618,2424.6706805593967,2455.57666015625,483300,0.0,0.0
2025-04-30 00:00:00+09:00,2457.991043365646,2472.961126340957,2435.7773718538933,2466.683349609375,1229900,0.0,0.0
2025-05-01 00:00:00+09:00,2491.794343804728,2506.2815202221977,2441.089226343586,2481.6533203125,788800,0.0,0.0
2025-05-02 00:00:00+09:00,2518.8372025536855,2521.734637986071,2483.5850714596636,2496.140625,720900,0.0,0.0
2025-05-07 00:00:00+09:00,2510.145016372056,2555.5381736515815,2504.3501452299893,2537.670654296875,1068900,0.0,0.0
2025-05-08 00:00:00+09:00,2558.918489543023,2558.918489543023,2504.8330260916514,2534.773193359375,631600,0.0,0.0
2025-05-09 00:00:00+09:00,2544.914175180288,2547.328704758258,2522.7005030629653,2529.944091796875,778100,0.0,0.0
2025-05-12 00:00:00+09:00,2517.3885506430183,2531.392822265625,2485.9996659716594,2531.392822265625,890700,0.0,0.0
2025-05-13 00:00:00+09:00,2540.085165727903,2562.2988382798962,2499.0381620992202,2507.73046875,812700,0.0,0.0
2025-05-14 00:00:00+09:00,2484.5508894014797,2485.516701214658,2415.978250665812,2469.097900390625,816300,0.0,0.0
2025-05-15 00:00:00+09:00,2442.5381663399276,2458.9569677743993,2419.8415878863934,2451.71337890625,789700,0.0,0.0
2025-05-16 00:00:00+09:00,2443.5038240716335,2461.854248046875,2421.773058837795,2461.854248046875,523500,0.0,0.0
2025-05-19 00:00:00+09:00,2448.3329445342724,2528.4953249667556,2440.123544128536,2496.62353515625,709400,0.0,0.0
2025-05-20 00:00:00+09:00,2511.1107598450453,2514.974007167884,2440.1235902878875,2446.4013671875,927300,0.0,0.0
2025-05-21 00:00:00+09:00,2438.675044621305,2459.9229063962234,2427.085301834986,2438.192138671875,849400,0.0,0.0
2025-05-22 00:00:00+09:00,2423.7047873305055,2428.050940565408,2405.8372684759074,2418.392822265625,799800,0.0,0.0
2025-05-23 00:00:00+09:00,2428.050883313539,2454.127802108076,2423.221824277514,2439.640625,496200,0.0,0.0
2025-05-26 00:00:00+09:00,2459.922715746617,2464.7517748666537,2437.709043794449,2444.4697265625,530300,0.0,0.0
2025-05-27 00:00:00+09:00,2439.157824868125,2458.9569677743993,2435.7774833963217,2451.71337890625,487800,0.0,0.0
2025-05-28 00:00:00+09:00,2475.3757392597386,2477.3073629345413,2448.3330078125,2448.3330078125,597100,0.0,0.0
2025-05-29 00:00:00+09:00,2446.401447463434,2465.7176847114674,2441.572388151426,2455.57666015625,648700,0.0,0.0
2025-05-30 00:00:00+09:00,2434.3287793519944,2503.867232878415,2433.8458734247274,2481.170654296875,1332100,0.0,0.0
2025-06-02 00:00:00+09:00,2466.20041256831,2508.69613144554,2456.0593887453347,2490.82861328125,614700,0.0,0.0
2025-06-03 00:00:00+09:00,2482.13663482666,2490.828942108154,2464.2691143035886,2472.478515625,678400,0.0,0.0
2025-06-04 00:00:00+09:00,2469.5808614134744,2494.6919691165444,2459.4398371487728,2475.375732421875,802600,0.0,0.0
2025-06-05 00:00:00+09:00,2462.8201597674765,2468.132124817955,2445.435546875,2445.435546875,634700,0.0,0.0
2025-06-06 00:00:00+09:00,2452.1963186378443,2472.478367748279,2436.7433288394172,2455.57666015625,692900,0.0,0.0
2025-06-09 00:00:00+09:00,2469.580886757569,2494.691994718342,2463.3031097673756,2478.273193359375,570700,0.0,0.0
2025-06-10 00:00:00+09:00,2502.4185035745236,2522.2176465013,2476.341583622184,2507.73046875,678500,0.0,0.0
2025-06-11 00:00:00+09:00,2517.871278076172,2521.7345251464844,2500.4866662597656,2511.110595703125,727800,0.0,0.0
2025-06-12 00:00:00+09:00,2530.426809507339,2539.1191153415243,2495.657586170597,2508.696044921875,802900,0.0,0.0
2025-06-13 00:00:00+09:00,2523.1836109829005,2539.602413427574,2494.6921596818497,2497.106689453125,747300,0.0,0.0
2025-06-16 00:00:00+09:00,2503.3844414129812,2544.914353056792,2502.4186295142877,2522.2177734375,873500,0.0,0.0
2025-06-17 00:00:00+09:00,2527.529390340468,2571.4738256711867,2525.5977668094474,2565.678955078125,898300,0.0,0.0
2025-06-18 00:00:00+09:00,2580.1663207669667,2630.8714421745153,2580.1663207669667,2614.935546875,941500,0.0,0.0
2025-06-19 00:00:00+09:00,2631.3543438272013,2644.8757095139626,2612.0381071318284,2614.45263671875,723500,0.0,0.0
2025-06-20 00:00:00+09:00,2606.7262503081565,2608.6578740579216,2570.9912109375,2570.9912109375,1514100,0.0,0.0
2025-06-23 00:00:00+09:00,2576.786154070249,2589.3417087939797,2542.0169256045333,2551.192138671875,775600,0.0,0.0
2025-06-24 00:00:00+09:00,2572.9227599450974,2572.9227599450974,2506.281742514087,2506.7646484375,849800,0.0,0.0
2025-06-25 00:00:00+09:00,2505.7988052159794,2512.5594880591134,2462.82017857034,2475.375732421875,995200,0.0,0.0
2025-06-26 00:00:00+09:00,2462.8202584047012,2484.551025390625,2439.6407736197157,2484.551025390625,1173700,0.0,0.0
2025-06-27 00:00:00+09:00,2512.5998808787126,2518.0128457611386,2471.2645126856437,2485.04296875,1298600,48.0,0.0
2025-06-30 00:00:00+09:00,2534.251721588557,2556.3956686703987,2511.6156867937852,2525.88623046875,1517000,0.0,0.0
2025-07-01 00:00:00+09:00,2523.918015512769,2536.220208998404,2466.34375,2466.34375,899500,0.0,0.0
2025-07-02 00:00:00+09:00,2467.819982502456,2504.7265625,2464.3753683693517,2504.7265625,1264800,0.0,0.0
2025-07-03 00:00:00+09:00,2484.551022742679,2497.3453041036037,2462.4070742333856,2495.376953125,1217100,0.0,0.0
2025-07-04 00:00:00+09:00,2490.4559122721353,2499.31349109468,2460.93064953032,2480.1220703125,998700,0.0,0.0
2025-07-07 00:00:00+09:00,2483.0745965866818,2498.8214033823165,2476.1853686135914,2480.1220703125,596100,0.0,0.0
2025-07-08 00:00:00+09:00,2470.2802823382085,2491.440053680946,2468.311931515628,2483.566650390625,1034100,0.0,0.0
2025-07-09 00:00:00+09:00,2480.1221252181076,2539.172652009015,2480.1221252181076,2538.1884765625,995500,0.0,0.0
2025-07-10 00:00:00+09:00,2541.1410523416107,2550.490719265408,2502.758209180757,2515.552490234375,1058000,0.0,0.0
2025-07-11 00:00:00+09:00,2545.569818215292,2558.3640991496814,2512.1078526945807,2521.45751953125,972000,0.0,0.0
2025-07-14 00:00:00+09:00,2521.4575359393107,2553.935326214875,2521.4575359393107,2548.0302734375,608000,0.0,0.0
2025-07-15 00:00:00+09:00,2560.3324607927957,2568.205864477725,2516.5366527953793,2523.91796875,679700,0.0,0.0
2025-07-16 00:00:00+09:00,2513.5840604555783,2526.8704288252534,2453.5493589333423,2463.39111328125,880300,0.0,0.0
2025-07-17 00:00:00+09:00,2446.6602483054053,2479.630126953125,2443.21563411833,2479.630126953125,1050100,0.0,0.0
2025-07-18 00:00:00+09:00,2471.2645730103186,2474.2170993818963,2401.3881155496524,2408.27734375,1410700,0.0,0.0
2025-07-22 00:00:00+09:00,2426.9765553002762,2435.8341339692556,2378.259872620891,2402.8642578125,1423000,0.0,0.0
2025-07-23 00:00:00+09:00,2450.1048545989624,2489.963961492418,2432.389695979649,2466.34375,1500600,0.0,0.0
2025-07-24 00:00:00+09:00,2504.7265436753964,2517.0287369154526,2483.0746835728983,2488.979736328125,898500,0.0,0.0
2025-07-25 00:00:00+09:00,2495.8690092835245,2501.774062144605,2467.82000819339,2487.99560546875,675000,0.0,0.0
2025-07-28 00:00:00+09:00,2487.0114509952996,2503.7424342429927,2475.693432915978,2492.91650390625,638600,0.0,0.0
2025-07-29 00:00:00+09:00,2497.8372386800047,2505.7106421116205,2472.7407652417305,2482.58251953125,631300,0.0,0.0
2025-07-30 00:00:00+09:00,2483.0746685205454,2516.5366339306515,2482.090493067307,2508.171142578125,2221300,0.0,0.0
2025-07-31 00:00:00+09:00,2508.6633090613022,2524.9022045495376,2487.995623894458,2503.742431640625,1278000,0.0,0.0
2025-08-01 00:00:00+09:00,2525.394214572796,2553.935302734375,2510.139495038159,2553.935302734375,946500,0.0,0.0
2025-08-04 00:00:00+09:00,2511.123724714309,2561.8087616818916,2495.869004850279,2555.41162109375,899400,0.0,0.0
2025-08-05 00:00:00+09:00,2568.6980085601076,2577.5555878999703,2555.9037272914175,2571.158447265625,642000,0.0,0.0
2025-08-06 00:00:00+09:00,2580.0159346118066,2653.3370054218694,2580.0159346118066,2640.542724609375,1021000,0.0,0.0
2025-08-07 00:00:00+09:00,2674.0047089561526,2686.798989860249,2636.113953970944,2656.28955078125,832700,0.0,0.0
2025-08-08 00:00:00+09:00,2682.862264210973,2740.9286154906677,2676.9572115384617,2718.78466796875,1191500,0.0,0.0
2025-08-12 00:00:00+09:00,2724.1976858108105,2755.199212943412,2679.417702174831,2731.0869140625,1130800,0.0,0.0
2025-08-13 00:00:00+09:00,2745.8493901502775,2761.1041089844457,2724.689618864173,2729.118408203125,722500,0.0,0.0
2025-08-14 00:00:00+09:00,2711.895452628208,2723.7055580288757,2692.7040313521243,2710.419189453125,493000,0.0,0.0
2025-08-15 00:00:00+09:00,2732.5630435160892,2743.881060804198,2711.8953597725854,2734.039306640625,408700,0.0,0.0
2025-08-18 00:00:00+09:00,2724.1977382286996,2765.0410207924606,2717.308509844451,2743.38916015625,505900,0.0,0.0
2025-08-19 00:00:00+09:00,2749.2940129535627,2856.569132843285,2748.3098375417303,2809.82080078125,945000,0.0,0.0
2025-08-20 00:00:00+09:00,2822.6151875813803,2853.124626498752,2815.2338717142743,2834.42529296875,781100,0.0,0.0
2025-08-21 00:00:00+09:00,2822.6151151943054,2834.4252202788007,2774.3905194326176,2806.376220703125,893200,0.0,0.0
2025-08-22 00:00:00+09:00,2805.884209346571,2815.7259638514693,2782.7560862600594,2812.7734375,432300,0.0,0.0
2025-08-25 00:00:00+09:00,2835.9016531624147,2835.9016531624147,2780.2957383945245,2799.979248046875,446800,0.0,0.0
2025-08-26 00:00:00+09:00,2780.295645917159,2784.2323477166883,2752.2466455955173,2767.00927734375,714100,0.0,0.0
2025-08-27 00:00:00+09:00,2755.1991508099222,2766.5171683967465,2746.833659550096,2762.08837890625,483900,0.0,0.0
2025-08-28 00:00:00+09:00,2765.0408018724584,2799.979028769227,2758.64366173643,2783.248046875,630900,0.0,0.0
2025-08-29 00:00:00+09:00,2757.659570242508,2772.9142894926003,2746.341552734375,2746.341552734375,647500,0.0,0.0
2025-09-01 00:00:00+09:00,2742.4048046265193,2770.94589177318,2723.2133839589374,2758.151611328125,431300,0.0,0.0
2025-09-02 00:00:00+09:00,2759.627923491474,2796.0424146359765,2752.738695437109,2792.105712890625,392800,0.0,0.0
2025-09-03 00:00:00+09:00,2784.724514658527,2791.6137430036792,2746.3416710212473,2762.58056640625,690700,0.0,0.0
2025-09-04 00:00:00+09:00,2762.5805718383035,2786.69287109375,2737.97618484295,2786.69287109375,555800,0.0,0.0
2025-09-05 00:00:00+09:00,2786.6927841200036,2812.7734335210916,2774.390591006283,2777.835205078125,513500,0.0,0.0
2025-09-08 00:00:00+09:00,2795.058222537053,2853.1245729348298,2783.2481173714036,2822.123046875,630000,0.0,0.0
2025-09-09 00:00:00+09:00,2834.425398020654,2893.4759271460844,2817.694414768449,2859.02978515625,744000,0.0,0.0
2025-09-10 00:00:00+09:00,2849.1878758403213,2864.9346827534287,2831.4727180630757,2857.061279296875,517100,0.0,0.0
2025-09-11 00:00:00+09:00,2836.8857444405826,2842.2987094343116,2802.931691298102,2826.059814453125,651200,0.0,0.0
2025-09-12 00:00:00+09:00,2866.9030442836056,2903.317535405642,2849.6799741583177,2859.521728515625,735000,0.0,0.0
2025-09-16 00:00:00+09:00,2866.903181080997,2891.0154804069443,2841.314618531012,2845.743408203125,741500,0.0,0.0
2025-09-17 00:00:00+09:00,2842.2987518707705,2863.4585244349055,2830.9807339876284,2835.901611328125,563900,0.0,0.0
2025-09-18 00:00:00+09:00,2869.363448850147,2889.5390450433997,2838.3619229922224,2862.96630859375,579800,0.0,0.0
2025-09-19 00:00:00+09:00,2889.047118760344,2889.047118760344,2824.583624882366,2843.282958984375,1028200,0.0,0.0
2025-09-22 00:00:00+09:00,2866.903069875016,2875.268561153402,2840.330332873085,2842.790771484375,510700,0.0,0.0
2025-09-24 00:00:00+09:00,2866.9029674497133,2866.9029674497133,2810.8049691165056,2853.12451171875,642400,0.0,0.0
2025-09-25 00:00:00+09:00,2883.6341696740506,2891.5075735502933,2858.0456070762602,2869.855712890625,764800,0.0,0.0
2025-09-26 00:00:00+09:00,2897.4124958499337,2971.225653862415,2884.126127407687,2964.33642578125,1318200,0.0,0.0
2025-09-29 00:00:00+09:00,2976.1464379738836,3000.750823208456,2917.5880011156014,2920.54052734375,998200,0.0,0.0
2025-09-30 00:00:00+09:00,2920.5406165038567,2932.350721776998,2894.4599673590033,2918.572265625,926200,0.0,0.0
2025-10-01 00:00:00+09:00,2902.8254368880926,2905.7779631843,2815.725911149969,2857.061279296875,887800,0.0,0.0
2025-10-02 00:00:00+09:00,2830.980552294423,2839.8381309388346,2772.9142034032807,2794.073974609375,960900,0.0,0.0
2025-10-03 00:00:00+09:00,2790.137269581085,2824.0913210098497,2790.137269581085,2815.725830078125,798300,0.0,0.0
2025-10-06 00:00:00+09:00,2960.3998341625206,2987.9567475124377,2931.3666575974294,2967.2890625,1149300,0.0,0.0
2025-10-07 00:00:00+09:00,2972.2098952073316,3025.3553701547476,2959.415614201472,2968.273193359375,1382100,0.0,0.0
2025-10-08 00:00:00+09:00,3004.6877009994732,3025.3553858081823,2949.081787109375,2949.081787109375,836600,0.0,0.0
2025-10-09 00:00:00+09:00,2953.510412544422,2975.1622716167235,2933.826904296875,2933.826904296875,834300,0.0,0.0
2025-10-10 00:00:00+09:00,2914.635678626751,2921.524906974003,2841.806693241514,2854.10888671875,953000,0.0,0.0
2025-10-14 00:00:00+09:00,2819.662699777079,2851.156314573891,2782.2640322058646,2809.328857421875,776600,0.0,0.0
2025-10-15 00:00:00+09:00,2832.4569208559783,2833.933184018342,2803.4237453294836,2829.50439453125,693200,0.0,0.0
2025-10-16 00:00:00+09:00,2867.8871393304944,2882.157682748577,2849.187806575766,2874.7763671875,777800,0.0,0.0
2025-10-17 00:00:00+09:00,2839.346259609538,2859.0297692082177,2831.9649435100328,2832.45703125,832400,0.0,0.0
2025-10-20 00:00:00+09:00,2873.7923255172636,2894.460010050093,2853.124640984434,2871.823974609375,665400,0.0,0.0
2025-10-21 00:00:00+09:00,2888.5549359987826,2894.4599886788483,2866.903076171875,2866.903076171875,568100,0.0,0.0
2025-10-22 00:00:00+09:00,2873.300146700945,2898.8887076922874,2869.855532721341,2884.6181640625,465900,0.0,0.0
2025-10-23 00:00:00+09:00,2903.317546313859,2941.208300731854,2899.87293227586,2918.572265625,734600,0.0,0.0
2025-10-24 00:00:00+09:00,2906.7620877040904,2919.5563680968967,2880.6814392110623,2890.523193359375,671700,0.0,0.0
2025-10-27 00:00:00+09:00,2922.5090461481022,2924.477397080009,2892.491694436529,2914.1435546875,547000,0.0,0.0
2025-10-28 00:00:00+09:00,2893.9679483586615,2904.7938784494436,2855.093017578125,2855.093017578125,551400,0.0,0.0
2025-10-29 00:00:00+09:00,2856.0770158904397,2878.2209624299076,2759.1357388176593,2780.78759765625,1012200,0.0,0.0
2025-10-30 00:00:00+09:00,2772.4222168476317,2842.298673147306,2758.151672955445,2840.330322265625,831100,0.0,0.0
2025-10-31 00:00:00+09:00,2835.4094578084278,2860.505931662685,2821.1389138520854,2831.96484375,758000,0.0,0.0
2025-11-04 00:00:00+09:00,2825.075493015021,2858.5374567016647,2811.297037379344,2837.377685546875,722900,0.0,0.0
2025-11-05 00:00:00+09:00,2875.268481816629,2878.7130957773884,2797.5186238452056,2847.219482421875,975800,0.0,0.0
2025-11-06 00:00:00+09:00,2838.8541434091776,2882.6499518271735,2833.4411783238074,2860.013916015625,585600,0.0,0.0
2025-11-07 00:00:00+09:00,2868.379250182582,2894.4598987088602,2860.505846853894,2868.871337890625,547000,0.0,0.0
2025-11-10 00:00:00+09:00,2887.570700994439,2917.095963785793,2883.633999288925,2887.07861328125,645100,0.0,0.0
2025-11-11 00:00:00+09:00,2899.872963852406,2929.89031508183,2890.523297076028,2925.95361328125,580800,0.0,0.0
2025-11-12 00:00:00+09:00,2925.9536660264193,2978.114965824401,2913.6514726778387,2938.255859375,798100,0.0,0.0
2025-11-13 00:00:00+09:00,2972.2098999431155,2979.0991281880165,2903.3176174941027,2946.621337890625,650500,0.0,0.0
2025-11-14 00:00:00+09:00,3220.2221604340016,3252.699951171875,3084.405944621076,3252.699951171875,1897300,0.0,0.0
2025-11-17 00:00:00+09:00,3277.30419921875,3293.051006181963,3239.9055326811185,3277.30419921875,1346700,0.0,0.0
2025-11-18 00:00:00+09:00,3233.0162128499474,3252.699720995153,3152.3138294546065,3166.09228515625,865900,0.0,0.0
2025-11-19 00:00:00+09:00,3204.47525480251,3221.2062373982235,3172.9816405046968,3195.61767578125,918300,0.0,0.0
2025-11-20 00:00:00+09:00,3234.000445653522,3285.1775677393352,3217.2694634331597,3224.15869140625,870200,0.0,0.0
2025-11-21 00:00:00+09:00,3235.9687640470484,3302.892692257267,3232.0320623876237,3284.193359375,1067500,0.0,0.0
2025-11-25 00:00:00+09:00,3305.8452185018355,3325.528726798959,3276.3199560561507,3284.193359375,984900,0.0,0.0
2025-11-26 00:00:00+09:00,3316.671242285498,3379.658470625638,3307.813663300166,3373.75341796875,919600,0.0,0.0
2025-11-27 00:00:00+09:00,3374.737698791133,3413.1205422594485,3373.7535233175863,3398.35791015625,700100,0.0,0.0
2025-11-28 00:00:00+09:00,3384.579343580163,3405.247027853261,3366.8641856317936,3395.4052734375,699500,0.0,0.0
2025-12-01 00:00:00+09:00,3358.0067220492374,3364.895950377005,3259.5891745096933,3274.351806640625,1051500,0.0,0.0
2025-12-02 00:00:00+09:00,3270.4150413476327,3282.2251468234595,3233.0163740075154,3259.589111328125,724800,0.0,0.0
2025-12-03 00:00:00+09:00,3261.557384190223,3320.60791015625,3257.6206824591545,3320.60791015625,821800,0.0,0.0
2025-12-04 00:00:00+09:00,3317.655515123725,3363.911762293946,3306.8295849349497,3328.4814453125,645100,0.0,0.0
2025-12-05 00:00:00+09:00,3313.718780517578,3331.4339388333833,3270.415060190054,3275.3359375,582900,0.0,0.0
2025-12-08 00:00:00+09:00,3315.687110671574,3393.4369716816823,3296.003601555091,3372.769287109375,842600,0.0,0.0
2025-12-09 00:00:00+09:00,3347.180600035071,3361.943231320142,3288.1300748947874,3332.41796875,875600,0.0,0.0
2025-12-10 00:00:00+09:00,3326.513110401694,3383.595288035806,3315.6871801607417,3355.05419921875,827200,0.0,0.0
2025-12-11 00:00:00+09:00,3398.3577847229217,3410.16788996957,3355.054065485213,3358.006591796875,649600,0.0,0.0
2025-12-12 00:00:00+09:00,3424.930545077748,3490.8702998249346,3356.038263998598,3465.28173828125,1140500,0.0,0.0
2025-12-15 00:00:00+09:00,3455.4398683221934,3515.4745683984265,3421.977904345277,3494.806884765625,768900,0.0,0.0
2025-12-16 00:00:00+09:00,3460.3608419333987,3493.8228068440176,3438.7089822853513,3449.534912109375,759900,0.0,0.0
2025-12-17 00:00:00+09:00,3466.265873186384,3467.2500486188615,3428.867206752232,3444.614013671875,768700,0.0,0.0
2025-12-18 00:00:00+09:00,3472.170875225488,3478.075927734375,3428.8671568269842,3478.075927734375,1526800,0.0,0.0
2025-12-19 00:00:00+09:00,3483.981105222902,3552.873386964598,3477.0918770487324,3518.42724609375,1509400,0.0,0.0
2025-12-22 00:00:00+09:00,3527.284846368715,3549.9208819341393,3508.585512640756,3523.34814453125,766000,0.0,0.0
2025-12-23 00:00:00+09:00,3518.4273069085625,3550.9050974338725,3516.4589559676347,3544.015869140625,444200,0.0,0.0
2025-12-24 00:00:00+09:00,3543.031623462973,3579.446115148565,3534.1740444043157,3561.73095703125,732200,0.0,0.0
2025-12-25 00:00:00+09:00,3590.271910374103,3590.271910374103,3541.0631396727035,3564.683349609375,291200,0.0,0.0
2025-12-26 00:00:00+09:00,3583.382842865075,3597.161299278179,3525.3164908384233,3545.0,569900,0.0,0.0
2025-12-29 00:00:00+09:00,3550.0,3579.0,3537.0,3562.0,570400,57.0,0.0
2025-12-30 00:00:00+09:00,3542.0,3576.0,3541.0,3546.0,549500,0.0,0.0
2026-01-05 00:00:00+09:00,3552.0,3580.0,3509.0,3529.0,685800,0.0,0.0
2026-01-06 00:00:00+09:00,3622.0,3642.0,3574.0,3642.0,825700,0.0,0.0
2026-01-07 00:00:00+09:00,3595.0,3648.0,3588.0,3626.0,657700,0.0,0.0
2026-01-08 00:00:00+09:00,3655.0,3684.0,3642.0,3654.0,570700,0.0,0.0
2026-01-09 00:00:00+09:00,3655.0,3675.0,3616.0,3655.0,588100,0.0,0.0
2026-01-13 00:00:00+09:00,3728.0,3753.0,3680.0,3707.0,1057200,0.0,0.0
2026-01-14 00:00:00+09:00,3760.0,3777.0,3714.0,3726.0,582600,0.0,0.0
2026-01-15 00:00:00+09:00,3738.0,3775.0,3726.0,3775.0,456200,0.0,0.0
2026-01-16 00:00:00+09:00,3711.0,3762.0,3711.0,3758.0,610900,0.0,0.0
2026-01-19 00:00:00+09:00,3731.0,3745.0,3695.0,3722.0,796500,0.0,0.0
2026-01-20 00:00:00+09:00,3719.0,3737.0,3673.0,3701.0,925000,0.0,0.0
2026-01-21 00:00:00+09:00,3611.0,3634.0,3582.0,3626.0,1213300,0.0,0.0
2026-01-22 00:00:00+09:00,3680.0,3700.0,3649.0,3685.0,908900,0.0,0.0
2026-01-23 00:00:00+09:00,3671.0,3729.0,3650.0,3650.0,703200,0.0,0.0
2026-01-26 00:00:00+09:00,3603.0,3650.0,3579.0,3628.0,864300,0.0,0.0
2026-01-27 00:00:00+09:00,3609.0,3644.0,3570.0,3625.0,668700,0.0,0.0
2026-01-28 00:00:00+09:00,3585.0,3620.0,3576.0,3593.0,712100,0.0,0.0
2026-01-29 00:00:00+09:00,3567.0,3588.0,3501.0,3580.0,1141100,0.0,0.0
2026-01-30 00:00:00+09:00,3615.0,3648.0,3585.0,3629.0,880200,0.0,0.0
2026-02-02 00:00:00+09:00,3689.0,3703.0,3603.0,3610.0,584900,0.0,0.0
2026-02-03 00:00:00+09:00,3640.0,3734.0,3630.0,3716.0,736200,0.0,0.0
2026-02-04 00:00:00+09:00,3697.0,3774.0,3662.0,3765.0,690600,0.0,0.0
2026-02-05 00:00:00+09:00,3826.0,3863.0,3805.0,3822.0,603100,0.0,0.0
2026-02-06 00:00:00+09:00,3811.0,3855.0,3800.0,3829.0,574900,0.0,0.0
2026-02-09 00:00:00+09:00,3984.0,4070.0,3955.0,3956.0,1130400,0.0,0.0
2026-02-10 00:00:00+09:00,4026.0,4146.0,3975.0,4146.0,984200,0.0,0.0
2026-02-12 00:00:00+09:00,4129.0,4341.0,4114.0,4331.0,2060100,0.0,0.0
2026-02-13 00:00:00+09:00,4191.0,4331.0,4113.0,4128.0,1949200,0.0,0.0
2026-02-16 00:00:00+09:00,4172.0,4191.0,4062.0,4069.0,972100,0.0,0.0
2026-02-17 00:00:00+09:00,4067.0,4088.0,4024.0,4059.0,624200,0.0,0.0
2026-02-18 00:00:00+09:00,4096.0,4155.0,4082.0,4082.0,618400,0.0,0.0
2026-02-19 00:00:00+09:00,4060.0,4151.0,4016.0,4150.0,753400,0.0,0.0
2026-02-20 00:00:00+09:00,4080.0,4158.0,4060.0,4145.0,764900,0.0,0.0
2026-02-24 00:00:00+09:00,4114.0,4148.0,4071.0,4121.0,720100,0.0,0.0
2026-02-25 00:00:00+09:00,4191.0,4293.0,4160.0,4266.0,1077700,0.0,0.0
2026-02-26 00:00:00+09:00,4325.0,4339.0,4256.0,4273.0,798900,0.0,0.0
2026-02-27 00:00:00+09:00,4313.0,4374.0,4252.0,4374.0,1337000,0.0,0.0
2026-03-02 00:00:00+09:00,4234.0,4304.0,4214.0,4297.0,937900,0.0,0.0
2026-03-03 00:00:00+09:00,4227.0,4284.0,4153.0,4165.0,800600,0.0,0.0
2026-03-04 00:00:00+09:00,4025.0,4076.0,3937.0,3987.0,1086300,0.0,0.0
2026-03-05 00:00:00+09:00,4186.0,4221.0,4080.0,4102.0,1177600,0.0,0.0
2026-03-06 00:00:00+09:00,4099.0,4139.0,4050.0,4124.0,557800,0.0,0.0
2026-03-09 00:00:00+09:00,3888.0,3966.0,3854.0,3964.0,955200,0.0,0.0
2026-03-10 00:00:00+09:00,4034.0,4100.0,4014.0,4031.0,673900,0.0,0.0
2026-03-11 00:00:00+09:00,4101.0,4131.0,3994.0,4037.0,875500,0.0,0.0
2026-03-12 00:00:00+09:00,3907.0,3927.0,3835.0,3860.0,822800,0.0,0.0
2026-03-13 00:00:00+09:00,3766.0,3856.0,3766.0,3795.0,989300,0.0,0.0
2026-03-16 00:00:00+09:00,3789.0,3840.0,3779.0,3808.0,478600,0.0,0.0
2026-03-17 00:00:00+09:00,3820.0,3869.0,3812.0,3841.0,381100,0.0,0.0
2026-03-18 00:00:00+09:00,3911.0,3942.0,3880.0,3942.0,608900,0.0,0.0
2026-03-19 00:00:00+09:00,3831.0,3870.0,3791.0,3812.0,1185500,0.0,0.0
2026-03-23 00:00:00+09:00,3676.0,3692.0,3555.0,3574.0,775400,0.0,0.0
2026-03-24 00:00:00+09:00,3646.0,3683.0,3631.0,3683.0,627200,0.0,0.0
2026-03-25 00:00:00+09:00,3774.0,3786.0,3746.0,3753.0,583700,0.0,0.0
2026-03-26 00:00:00+09:00,3750.0,3779.0,3731.0,3771.0,652100,0.0,0.0
2026-03-27 00:00:00+09:00,3737.0,3756.0,3698.0,3709.0,812200,0.0,0.0
2026-03-30 00:00:00+09:00,3569.0,3626.0,3462.0,3608.0,1028500,0.0,0.0
2026-03-31 00:00:00+09:00,3620.0,3649.0,3568.0,3587.0,705900,0.0,0.0
2026-04-01 00:00:00+09:00,3698.0,3705.0,3642.0,3702.0,691400,0.0,0.0
2026-04-02 00:00:00+09:00,3772.0,3812.0,3658.0,3682.0,601700,0.0,0.0
2026-04-03 00:00:00+09:00,3715.0,3737.0,3684.0,3698.0,455800,0.0,0.0
2026-04-06 00:00:00+09:00,3719.0,3728.0,3661.0,3661.0,612500,0.0,0.0
2026-04-07 00:00:00+09:00,3697.0,3720.0,3652.0,3688.0,540700,0.0,0.0
2026-04-08 00:00:00+09:00,3879.0,3883.0,3807.0,3880.0,906200,0.0,0.0
2026-04-09 00:00:00+09:00,3919.0,3922.0,3785.0,3785.0,773200,0.0,0.0
2026-04-10 00:00:00+09:00,3778.0,3792.0,3748.0,3763.0,521500,0.0,0.0
2026-04-13 00:00:00+09:00,3725.0,3746.0,3667.0,3696.0,713800,0.0,0.0
2026-04-14 00:00:00+09:00,3719.0,3733.0,3693.0,3721.0,702300,0.0,0.0
2026-04-15 00:00:00+09:00,3741.0,3777.0,3700.0,3704.0,886900,0.0,0.0
2026-04-16 00:00:00+09:00,3681.0,3688.0,3645.0,3688.0,1449100,0.0,0.0
2026-04-17 00:00:00+09:00,3664.0,3689.0,3619.0,3635.0,745200,0.0,0.0
2026-04-20 00:00:00+09:00,3690.0,3725.0,3665.0,3718.0,657500,0.0,0.0
2026-04-21 00:00:00+09:00,3722.0,3741.0,3701.0,3714.0,553800,0.0,0.0
2026-04-22 00:00:00+09:00,3681.0,3687.0,3602.0,3608.0,1091100,0.0,0.0
2026-04-23 00:00:00+09:00,3605.0,3628.0,3574.0,3600.0,1648700,0.0,0.0
2026-04-24 00:00:00+09:00,3572.0,3605.0,3532.0,3567.0,991200,0.0,0.0
2026-04-27 00:00:00+09:00,3531.0,3593.0,3523.0,3563.0,1283900,0.0,0.0
2026-04-28 00:00:00+09:00,3599.0,3666.0,3579.0,3649.0,926800,0.0,0.0
2026-04-30 00:00:00+09:00,3595.0,3605.0,3556.0,3599.0,991400,0.0,0.0
2026-05-01 00:00:00+09:00,3573.0,3606.0,3533.0,3559.0,543600,0.0,0.0
2026-05-07 00:00:00+09:00,3534.0,3580.0,3491.0,3515.0,2025400,0.0,0.0
2026-05-08 00:00:00+09:00,3470.0,3499.0,3440.0,3475.0,1531000,0.0,0.0
2026-05-11 00:00:00+09:00,3470.0,3513.0,3470.0,3489.0,951100,0.0,0.0
2026-05-12 00:00:00+09:00,3500.0,3544.0,3488.0,3519.0,924900,0.0,0.0
2026-05-13 00:00:00+09:00,3524.0,3577.0,3521.0,3574.0,736800,0.0,0.0
2026-05-14 00:00:00+09:00,3385.0,3385.0,3216.0,3345.0,2529900,0.0,0.0
2026-05-15 00:00:00+09:00,3345.0,3350.0,3268.0,3298.0,1260500,0.0,0.0
2026-05-18 00:00:00+09:00,3254.0,3270.0,3105.0,3105.0,1439400,0.0,0.0
2026-05-19 00:00:00+09:00,3138.0,3172.0,3122.0,3163.0,1057600,0.0,0.0
2026-05-20 00:00:00+09:00,3158.0,3174.0,3097.0,3124.0,1147400,0.0,0.0
2026-05-21 00:00:00+09:00,3194.0,3237.0,3163.0,3186.0,959700,0.0,0.0
2026-05-22 00:00:00+09:00,3169.0,3191.0,3103.0,3129.0,904900,0.0,0.0
2026-05-25 00:00:00+09:00,3164.0,3203.0,3150.0,3196.0,779400,0.0,0.0
2026-05-26 00:00:00+09:00,3205.0,3274.0,3160.0,3213.0,1068900,0.0,0.0
2026-05-27 00:00:00+09:00,3173.0,3189.0,3096.0,3131.0,952100,0.0,0.0
2026-05-28 00:00:00+09:00,3132.0,3141.0,3083.0,3116.0,1043100,0.0,0.0
2026-05-29 00:00:00+09:00,3133.0,3327.0,3129.0,3269.0,2264600,0.0,0.0
