Date,Open,High,Low,Close,Volume,Dividends,Stock Splits
1998-01-08 00:00:00-05:00,10.0,10.0,9.25,9.5,134200,0.0,0.0
1998-01-09 00:00:00-05:00,9.609375,9.609375,9.609375,9.609375,1900,0.0,0.0
1998-01-12 00:00:00-05:00,9.25,9.25,8.75,8.875,93400,0.0,0.0
1998-01-13 00:00:00-05:00,9.125,9.625,9.0,9.5,281300,0.0,0.0
1998-01-14 00:00:00-05:00,9.3125,10.0,9.3125,9.8125,167200,0.0,0.0
1998-01-15 00:00:00-05:00,10.0,11.5625,9.8125,11.0625,907200,0.0,0.0
1998-01-16 00:00:00-05:00,11.0625,11.125,10.8125,11.0,78000,0.0,0.0
1998-01-20 00:00:00-05:00,10.875,11.0625,10.875,10.90625,167300,0.0,0.0
1998-01-21 00:00:00-05:00,10.9375,10.9375,10.21875,10.25,92100,0.0,0.0
1998-01-22 00:00:00-05:00,10.1875,10.4375,10.1875,10.25,26100,0.0,0.0
1998-01-23 00:00:00-05:00,10.25,10.3125,10.125,10.125,61500,0.0,0.0
1998-01-26 00:00:00-05:00,10.125,10.1875,9.8125,10.0,60600,0.0,0.0
1998-01-27 00:00:00-05:00,9.8125,10.25,9.375,10.0,82300,0.0,0.0
1998-01-28 00:00:00-05:00,10.0,10.375,10.0,10.1875,23300,0.0,0.0
1998-01-29 00:00:00-05:00,10.125,10.125,10.0,10.0,12000,0.0,0.0
1998-01-30 00:00:00-05:00,10.0,10.0,9.875,10.0,12800,0.0,0.0
1998-02-02 00:00:00-05:00,9.875,10.0,9.75,9.75,26000,0.0,0.0
1998-02-03 00:00:00-05:00,9.75,10.0,9.75,10.0,75000,0.0,0.0
1998-02-04 00:00:00-05:00,9.9375,10.1875,9.9375,9.96875,32300,0.0,0.0
1998-02-05 00:00:00-05:00,9.9375,10.125,9.9375,10.0625,47800,0.0,0.0
1998-02-06 00:00:00-05:00,9.9375,10.3125,9.9375,10.125,51200,0.0,0.0
1998-02-09 00:00:00-05:00,10.0,10.25,9.9375,10.0625,71300,0.0,0.0
1998-02-10 00:00:00-05:00,9.9375,10.0,9.9375,9.9375,64900,0.0,0.0
1998-02-11 00:00:00-05:00,9.9375,10.0,9.625,9.625,118700,0.0,0.0
1998-02-12 00:00:00-05:00,9.875,9.9375,9.75,9.8125,42500,0.0,0.0
1998-02-13 00:00:00-05:00,9.8125,9.9375,9.625,9.625,10200,0.0,0.0
1998-02-17 00:00:00-05:00,9.625,9.75,9.5,9.5625,108000,0.0,0.0
1998-02-18 00:00:00-05:00,9.5625,9.9375,9.5625,9.8125,65900,0.0,0.0
1998-02-19 00:00:00-05:00,9.875,9.875,9.5,9.5625,84800,0.0,0.0
1998-02-20 00:00:00-05:00,9.5625,9.6875,9.5625,9.625,24000,0.0,0.0
1998-02-23 00:00:00-05:00,9.625,9.625,9.375,9.4375,213400,0.0,0.0
1998-02-24 00:00:00-05:00,9.4375,9.5,9.4375,9.4375,206600,0.0,0.0
1998-02-25 00:00:00-05:00,9.5,9.5625,9.4375,9.5,191900,0.0,0.0
1998-02-26 00:00:00-05:00,9.5,9.5,9.4375,9.4375,27100,0.0,0.0
1998-02-27 00:00:00-05:00,9.4375,9.4375,9.3125,9.3125,50700,0.0,0.0
1998-03-02 00:00:00-05:00,9.3125,9.4375,9.3125,9.3125,43500,0.0,0.0
1998-03-03 00:00:00-05:00,9.375,9.875,9.375,9.75,434200,0.0,0.0
1998-03-04 00:00:00-05:00,9.75,9.9375,9.6875,9.9375,78100,0.0,0.0
1998-03-05 00:00:00-05:00,9.8125,10.0,9.8125,9.875,82300,0.0,0.0
1998-03-06 00:00:00-05:00,9.875,10.125,9.875,10.0,87800,0.0,0.0
1998-03-09 00:00:00-05:00,10.0,10.125,9.8125,9.8125,48500,0.0,0.0
1998-03-10 00:00:00-05:00,9.75,9.8125,9.625,9.6875,49700,0.0,0.0
1998-03-11 00:00:00-05:00,9.6875,9.75,9.625,9.6875,47900,0.0,0.0
1998-03-12 00:00:00-05:00,9.625,9.625,9.5625,9.625,28800,0.0,0.0
1998-03-13 00:00:00-05:00,9.75,9.78125,9.5625,9.78125,27800,0.0,0.0
1998-03-16 00:00:00-05:00,9.6875,9.75,9.6875,9.6875,37000,0.0,0.0
1998-03-17 00:00:00-05:00,9.875,9.875,9.6875,9.71875,6200,0.0,0.0
1998-03-18 00:00:00-05:00,9.6875,9.8125,9.6875,9.71875,48400,0.0,0.0
1998-03-19 00:00:00-05:00,9.6875,9.75,9.5625,9.5625,49100,0.0,0.0
1998-03-20 00:00:00-05:00,9.5,9.59375,9.5,9.5625,19500,0.0,0.0
1998-03-23 00:00:00-05:00,9.5625,9.5625,9.4375,9.46875,81300,0.0,0.0
1998-03-24 00:00:00-05:00,9.375,9.5,9.3125,9.4375,20800,0.0,0.0
1998-03-25 00:00:00-05:00,9.3125,9.4375,9.3125,9.3125,21300,0.0,0.0
1998-03-26 00:00:00-05:00,9.3125,9.4375,9.3125,9.34375,11000,0.0,0.0
1998-03-27 00:00:00-05:00,9.3125,9.375,9.25,9.28125,57900,0.0,0.0
1998-03-30 00:00:00-05:00,9.375,9.375,9.25,9.375,22100,0.0,0.0
1998-03-31 00:00:00-05:00,9.25,9.4375,9.25,9.375,15900,0.0,0.0
1998-04-01 00:00:00-05:00,9.25,9.5,9.25,9.375,8400,0.0,0.0
1998-04-02 00:00:00-05:00,9.375,9.5,9.375,9.46875,73500,0.0,0.0
1998-04-03 00:00:00-05:00,9.4375,9.5,9.4375,9.46875,36400,0.0,0.0
1998-04-06 00:00:00-04:00,9.4375,9.46875,9.3125,9.375,69600,0.0,0.0
1998-04-07 00:00:00-04:00,9.25,9.375,9.0,9.0,100200,0.0,0.0
1998-04-08 00:00:00-04:00,9.0,9.25,9.0,9.1875,59000,0.0,0.0
1998-04-09 00:00:00-04:00,9.125,9.4375,9.125,9.125,54200,0.0,0.0
1998-04-13 00:00:00-04:00,9.125,9.25,9.125,9.125,41400,0.0,0.0
1998-04-14 00:00:00-04:00,9.125,9.4375,9.125,9.125,70000,0.0,0.0
1998-04-15 00:00:00-04:00,9.125,9.1875,8.875,9.0,103700,0.0,0.0
1998-04-16 00:00:00-04:00,9.0,9.0,8.75,8.8125,98800,0.0,0.0
1998-04-17 00:00:00-04:00,8.875,9.125,8.8125,9.0625,120900,0.0,0.0
1998-04-20 00:00:00-04:00,9.125,9.328125,8.9375,9.0,202900,0.0,0.0
1998-04-21 00:00:00-04:00,9.1875,9.1875,9.0,9.1875,108600,0.0,0.0
1998-04-22 00:00:00-04:00,9.25,9.3125,9.125,9.3125,14600,0.0,0.0
1998-04-23 00:00:00-04:00,9.3125,9.375,9.0,9.125,82600,0.0,0.0
1998-04-24 00:00:00-04:00,9.25,9.875,8.75,9.125,85500,0.0,0.0
1998-04-27 00:00:00-04:00,9.375,9.375,8.875,9.03125,79300,0.0,0.0
1998-04-28 00:00:00-04:00,8.875,9.0,8.75,8.75,33900,0.0,0.0
1998-04-29 00:00:00-04:00,8.75,9.25,8.75,9.125,47300,0.0,0.0
1998-04-30 00:00:00-04:00,9.125,9.25,9.0,9.125,61600,0.0,0.0
1998-05-01 00:00:00-04:00,9.0,9.125,9.0,9.125,40700,0.0,0.0
1998-05-04 00:00:00-04:00,9.125,9.125,9.0625,9.125,34900,0.0,0.0
1998-05-05 00:00:00-04:00,9.0,9.125,8.875,9.0,29000,0.0,0.0
1998-05-06 00:00:00-04:00,8.875,9.0625,8.875,9.0,19900,0.0,0.0
1998-05-07 00:00:00-04:00,9.0,9.0,8.75,9.0,61600,0.0,0.0
1998-05-08 00:00:00-04:00,8.9375,9.0,8.9375,8.96875,66300,0.0,0.0
1998-05-11 00:00:00-04:00,9.125,9.125,8.875,8.9375,4200,0.0,0.0
1998-05-12 00:00:00-04:00,8.9375,9.0,8.75,8.875,81800,0.0,0.0
1998-05-13 00:00:00-04:00,8.75,8.875,8.6875,8.796875,23500,0.0,0.0
1998-05-14 00:00:00-04:00,8.6875,10.0,8.625,9.9375,370900,0.0,0.0
1998-05-15 00:00:00-04:00,9.8125,10.09375,9.8125,10.0625,319200,0.0,0.0
1998-05-18 00:00:00-04:00,10.0,10.0625,9.625,9.875,63900,0.0,0.0
1998-05-19 00:00:00-04:00,9.8125,10.0625,9.625,10.0625,210000,0.0,0.0
1998-05-20 00:00:00-04:00,10.125,10.375,10.0,10.125,129400,0.0,0.0
1998-05-21 00:00:00-04:00,10.125,10.375,10.125,10.21875,151100,0.0,0.0
1998-05-22 00:00:00-04:00,10.1875,10.625,10.1875,10.375,21200,0.0,0.0
1998-05-26 00:00:00-04:00,10.1875,10.5,10.1875,10.1875,201400,0.0,0.0
1998-05-27 00:00:00-04:00,10.1875,10.25,9.875,10.0625,97600,0.0,0.0
1998-05-28 00:00:00-04:00,9.9375,10.125,9.9375,10.125,144100,0.0,0.0
1998-05-29 00:00:00-04:00,10.09375,10.4375,10.0625,10.3125,130000,0.0,0.0
1998-06-01 00:00:00-04:00,10.375,10.625,10.375,10.4375,92600,0.0,0.0
1998-06-02 00:00:00-04:00,10.4375,10.9375,10.4375,10.875,52300,0.0,0.0
1998-06-03 00:00:00-04:00,10.9375,10.96875,10.6875,10.6875,69800,0.0,0.0
1998-06-04 00:00:00-04:00,10.625,11.375,10.5625,11.125,118700,0.0,0.0
1998-06-05 00:00:00-04:00,11.25,11.375,10.9375,11.125,254800,0.0,0.0
1998-06-08 00:00:00-04:00,11.125,11.375,11.125,11.3125,61000,0.0,0.0
1998-06-09 00:00:00-04:00,11.3125,11.5,11.125,11.125,21600,0.0,0.0
1998-06-10 00:00:00-04:00,11.125,11.125,10.75,10.9375,34200,0.0,0.0
1998-06-11 00:00:00-04:00,11.0,11.0,10.6875,10.875,115300,0.0,0.0
1998-06-12 00:00:00-04:00,10.875,10.875,10.0,10.75,102100,0.0,0.0
1998-06-15 00:00:00-04:00,10.5,10.75,10.1875,10.5,18500,0.0,0.0
1998-06-16 00:00:00-04:00,10.375,10.5,10.125,10.4375,38000,0.0,0.0
1998-06-17 00:00:00-04:00,10.125,10.4375,10.125,10.25,66600,0.0,0.0
1998-06-18 00:00:00-04:00,10.125,10.75,10.125,10.625,50400,0.0,0.0
1998-06-19 00:00:00-04:00,10.59375,10.6875,10.5,10.53125,57400,0.0,0.0
1998-06-22 00:00:00-04:00,10.5,10.625,10.3125,10.546875,58600,0.0,0.0
1998-06-23 00:00:00-04:00,10.4375,10.625,10.3125,10.5625,48300,0.0,0.0
1998-06-24 00:00:00-04:00,10.625,10.625,10.3125,10.4375,115100,0.0,0.0
1998-06-25 00:00:00-04:00,10.3125,10.6875,10.25,10.3125,129200,0.0,0.0
1998-06-26 00:00:00-04:00,10.25,10.375,10.125,10.3125,66700,0.0,0.0
1998-06-29 00:00:00-04:00,10.375,10.625,10.3125,10.5,61100,0.0,0.0
1998-06-30 00:00:00-04:00,10.4375,10.9375,9.75,9.75,233800,0.0,0.0
1998-07-01 00:00:00-04:00,9.6875,10.375,9.6875,10.1875,91000,0.0,0.0
1998-07-02 00:00:00-04:00,10.375,10.625,10.1875,10.3125,35400,0.0,0.0
1998-07-06 00:00:00-04:00,10.25,10.8125,10.25,10.625,50300,0.0,0.0
1998-07-07 00:00:00-04:00,10.625,10.625,10.25,10.375,67000,0.0,0.0
1998-07-08 00:00:00-04:00,10.3125,10.4375,10.0,10.4375,86400,0.0,0.0
1998-07-09 00:00:00-04:00,10.6875,10.75,10.375,10.375,45800,0.0,0.0
1998-07-10 00:00:00-04:00,10.375,10.625,10.3125,10.5,23800,0.0,0.0
1998-07-13 00:00:00-04:00,10.4375,10.5,10.3125,10.3125,75000,0.0,0.0
1998-07-14 00:00:00-04:00,10.25,10.625,10.1875,10.4375,83100,0.0,0.0
1998-07-15 00:00:00-04:00,10.25,10.3125,10.125,10.3125,20400,0.0,0.0
1998-07-16 00:00:00-04:00,10.21875,10.25,10.1875,10.21875,14100,0.0,0.0
1998-07-17 00:00:00-04:00,10.3125,10.34375,10.1875,10.3125,20700,0.0,0.0
1998-07-20 00:00:00-04:00,10.3125,10.5625,10.3125,10.375,38900,0.0,0.0
1998-07-21 00:00:00-04:00,10.375,10.625,10.3125,10.625,38500,0.0,0.0
1998-07-22 00:00:00-04:00,10.5,10.5,10.375,10.5,58600,0.0,0.0
1998-07-23 00:00:00-04:00,10.375,10.5,10.25,10.5,31000,0.0,0.0
1998-07-24 00:00:00-04:00,10.375,10.4375,10.25,10.4375,8500,0.0,0.0
1998-07-27 00:00:00-04:00,10.25,10.4375,10.125,10.125,42800,0.0,0.0
1998-07-28 00:00:00-04:00,10.125,10.125,9.9375,9.9375,75300,0.0,0.0
1998-07-29 00:00:00-04:00,9.9375,10.1875,9.5625,9.5625,46000,0.0,0.0
1998-07-30 00:00:00-04:00,9.75,9.875,9.5625,9.6875,12100,0.0,0.0
1998-07-31 00:00:00-04:00,9.8125,9.8125,9.5,9.75,55700,0.0,0.0
1998-08-03 00:00:00-04:00,9.71875,9.75,9.4375,9.5,20500,0.0,0.0
1998-08-04 00:00:00-04:00,9.4375,9.4375,9.0,9.1875,111000,0.0,0.0
1998-08-05 00:00:00-04:00,9.0625,9.1875,8.875,8.9375,50800,0.0,0.0
1998-08-06 00:00:00-04:00,8.875,8.9375,8.0,8.5625,60100,0.0,0.0
1998-08-07 00:00:00-04:00,8.5,9.0,8.5,9.0,30400,0.0,0.0
1998-08-10 00:00:00-04:00,8.875,8.875,8.8125,8.8125,12000,0.0,0.0
1998-08-11 00:00:00-04:00,8.4375,8.875,8.375,8.4375,13200,0.0,0.0
1998-08-12 00:00:00-04:00,8.3125,8.5,8.25,8.34375,80300,0.0,0.0
1998-08-13 00:00:00-04:00,8.25,8.5,7.4375,8.1875,71800,0.0,0.0
1998-08-14 00:00:00-04:00,8.125,8.375,7.875,7.875,238700,0.0,0.0
1998-08-17 00:00:00-04:00,7.8125,7.8125,7.5625,7.5625,37400,0.0,0.0
1998-08-18 00:00:00-04:00,7.6875,8.0,7.6875,7.875,132500,0.0,0.0
1998-08-19 00:00:00-04:00,7.8125,7.875,7.8125,7.8125,4000,0.0,0.0
1998-08-20 00:00:00-04:00,7.8125,7.875,7.6875,7.8125,25100,0.0,0.0
1998-08-21 00:00:00-04:00,7.875,7.875,7.5,7.5,44300,0.0,0.0
1998-08-24 00:00:00-04:00,7.5,7.625,7.5,7.5625,18000,0.0,0.0
1998-08-25 00:00:00-04:00,7.5,7.5625,7.0,7.125,49300,0.0,0.0
1998-08-26 00:00:00-04:00,7.0,7.125,6.625,6.75,38200,0.0,0.0
1998-08-27 00:00:00-04:00,6.8125,6.8125,5.875,6.0,124300,0.0,0.0
1998-08-28 00:00:00-04:00,5.8125,5.875,4.625,5.125,234100,0.0,0.0
1998-08-31 00:00:00-04:00,5.375,5.4375,4.6875,4.71875,108900,0.0,0.0
1998-09-01 00:00:00-04:00,4.6875,5.1875,4.5,5.1875,110800,0.0,0.0
1998-09-02 00:00:00-04:00,5.25,5.375,5.125,5.375,91600,0.0,0.0
1998-09-03 00:00:00-04:00,5.25,5.25,4.9375,4.9375,119000,0.0,0.0
1998-09-04 00:00:00-04:00,5.125,5.125,4.75,4.875,19800,0.0,0.0
1998-09-08 00:00:00-04:00,5.0,5.0,4.9375,5.0,34500,0.0,0.0
1998-09-09 00:00:00-04:00,5.0,5.0,4.875,4.875,27200,0.0,0.0
1998-09-10 00:00:00-04:00,4.875,4.9375,4.6875,4.6875,28100,0.0,0.0
1998-09-11 00:00:00-04:00,4.75,4.8125,4.6875,4.8125,108500,0.0,0.0
1998-09-14 00:00:00-04:00,4.75,4.8125,4.6875,4.6875,55600,0.0,0.0
1998-09-15 00:00:00-04:00,4.6875,4.75,4.625,4.75,86700,0.0,0.0
1998-09-16 00:00:00-04:00,4.75,4.875,4.625,4.75,82000,0.0,0.0
1998-09-17 00:00:00-04:00,4.75,4.8125,4.5,4.75,30000,0.0,0.0
1998-09-18 00:00:00-04:00,4.8125,4.8125,4.6875,4.6875,211200,0.0,0.0
1998-09-21 00:00:00-04:00,4.6875,4.8125,4.6875,4.75,51500,0.0,0.0
1998-09-22 00:00:00-04:00,4.75,4.75,4.71875,4.75,53400,0.0,0.0
1998-09-23 00:00:00-04:00,4.75,4.875,4.71875,4.8125,72200,0.0,0.0
1998-09-24 00:00:00-04:00,4.78125,4.875,4.78125,4.84375,42900,0.0,0.0
1998-09-25 00:00:00-04:00,4.8125,4.8125,4.5,4.5,65700,0.0,0.0
1998-09-28 00:00:00-04:00,4.5625,4.875,4.5625,4.6875,193800,0.0,0.0
1998-09-29 00:00:00-04:00,4.625,4.75,4.625,4.75,7600,0.0,0.0
1998-09-30 00:00:00-04:00,4.75,4.75,4.6875,4.75,59900,0.0,0.0
1998-10-01 00:00:00-04:00,4.6875,4.75,4.625,4.625,31100,0.0,0.0
1998-10-02 00:00:00-04:00,4.625,4.625,4.5,4.625,27000,0.0,0.0
1998-10-05 00:00:00-04:00,4.4375,4.4375,4.1875,4.25,79100,0.0,0.0
1998-10-06 00:00:00-04:00,4.4375,4.4375,3.9375,4.125,26100,0.0,0.0
1998-10-07 00:00:00-04:00,4.0625,4.0625,3.875,4.0,83200,0.0,0.0
1998-10-08 00:00:00-04:00,3.75,3.875,3.5,3.75,87800,0.0,0.0
1998-10-09 00:00:00-04:00,3.5,3.875,3.40625,3.875,73700,0.0,0.0
1998-10-12 00:00:00-04:00,3.875,3.96875,3.5,3.5,92800,0.0,0.0
1998-10-13 00:00:00-04:00,3.5,3.5,3.375,3.40625,28800,0.0,0.0
1998-10-14 00:00:00-04:00,3.5,4.125,3.5,4.0,27400,0.0,0.0
1998-10-15 00:00:00-04:00,4.0,4.875,3.8125,4.875,87100,0.0,0.0
1998-10-16 00:00:00-04:00,4.78125,5.0,4.78125,4.9375,74600,0.0,0.0
1998-10-19 00:00:00-04:00,5.1875,5.6875,5.09375,5.65625,134200,0.0,0.0
1998-10-20 00:00:00-04:00,5.625,5.75,5.5,5.5625,80200,0.0,0.0
1998-10-21 00:00:00-04:00,5.53125,5.625,5.5,5.5,74600,0.0,0.0
1998-10-22 00:00:00-04:00,5.5,5.671875,5.5,5.671875,31600,0.0,0.0
1998-10-23 00:00:00-04:00,5.6875,5.75,5.6875,5.75,22200,0.0,0.0
1998-10-26 00:00:00-05:00,5.6875,5.75,5.625,5.65625,22700,0.0,0.0
1998-10-27 00:00:00-05:00,5.65625,6.5,5.65625,6.5,53500,0.0,0.0
1998-10-28 00:00:00-05:00,6.5,8.0,6.5,7.5,60600,0.0,0.0
1998-10-29 00:00:00-05:00,7.5,7.5,6.9375,7.0,30700,0.0,0.0
1998-10-30 00:00:00-05:00,7.0,7.0,6.375,6.375,41800,0.0,0.0
1998-11-02 00:00:00-05:00,6.8125,6.875,6.375,6.6875,49200,0.0,0.0
1998-11-03 00:00:00-05:00,6.6875,6.6875,6.625,6.625,34300,0.0,0.0
1998-11-04 00:00:00-05:00,6.6875,7.0,6.625,6.9375,90300,0.0,0.0
1998-11-05 00:00:00-05:00,6.9375,6.9375,6.1875,6.3125,102400,0.0,0.0
1998-11-06 00:00:00-05:00,6.375,6.8125,6.375,6.75,38900,0.0,0.0
1998-11-09 00:00:00-05:00,6.5625,6.625,6.53125,6.53125,22400,0.0,0.0
1998-11-10 00:00:00-05:00,6.5,6.5,6.25,6.25,11800,0.0,0.0
1998-11-11 00:00:00-05:00,6.25,6.5,6.25,6.40625,32100,0.0,0.0
1998-11-12 00:00:00-05:00,6.375,6.5,6.375,6.375,12500,0.0,0.0
1998-11-13 00:00:00-05:00,6.375,6.5625,6.375,6.5,28200,0.0,0.0
1998-11-16 00:00:00-05:00,6.46875,6.46875,6.0,6.3125,64400,0.0,0.0
1998-11-17 00:00:00-05:00,6.0625,6.3125,5.8125,6.0,25700,0.0,0.0
1998-11-18 00:00:00-05:00,6.0,6.5,6.0,6.4375,39000,0.0,0.0
1998-11-19 00:00:00-05:00,6.25,6.375,6.25,6.25,28300,0.0,0.0
1998-11-20 00:00:00-05:00,6.25,6.4375,6.25,6.375,23500,0.0,0.0
1998-11-23 00:00:00-05:00,6.4375,6.5,6.375,6.375,63000,0.0,0.0
1998-11-24 00:00:00-05:00,6.375,6.5,6.375,6.5,44500,0.0,0.0
1998-11-25 00:00:00-05:00,6.5,6.5,6.4375,6.5,26100,0.0,0.0
1998-11-27 00:00:00-05:00,6.4375,6.5625,6.4375,6.5,12300,0.0,0.0
1998-11-30 00:00:00-05:00,6.5625,6.5625,6.375,6.4375,44200,0.0,0.0
1998-12-01 00:00:00-05:00,6.375,6.5,6.375,6.4375,126000,0.0,0.0
1998-12-02 00:00:00-05:00,6.40625,6.4375,6.375,6.375,8800,0.0,0.0
1998-12-03 00:00:00-05:00,6.375,6.5,6.375,6.375,35800,0.0,0.0
1998-12-04 00:00:00-05:00,6.4375,6.4375,6.0,6.0625,141400,0.0,0.0
1998-12-07 00:00:00-05:00,6.125,6.125,5.875,6.0625,191500,0.0,0.0
1998-12-08 00:00:00-05:00,5.875,6.0,5.8125,5.875,90900,0.0,0.0
1998-12-09 00:00:00-05:00,5.9375,5.9375,5.625,5.6875,156900,0.0,0.0
1998-12-10 00:00:00-05:00,5.6875,5.75,5.3125,5.5,139700,0.0,0.0
1998-12-11 00:00:00-05:00,5.375,5.5625,5.3125,5.375,40100,0.0,0.0
1998-12-14 00:00:00-05:00,5.4375,5.4375,5.25,5.25,41300,0.0,0.0
1998-12-15 00:00:00-05:00,5.4375,6.0,5.34375,5.34375,63500,0.0,0.0
1998-12-16 00:00:00-05:00,5.34375,5.375,4.9375,5.125,65200,0.0,0.0
1998-12-17 00:00:00-05:00,5.1875,5.25,5.0,5.25,58800,0.0,0.0
1998-12-18 00:00:00-05:00,5.21875,5.375,5.21875,5.25,83100,0.0,0.0
1998-12-21 00:00:00-05:00,5.25,5.25,5.03125,5.21875,73100,0.0,0.0
1998-12-22 00:00:00-05:00,5.21875,5.28125,5.0,5.0,75200,0.0,0.0
1998-12-23 00:00:00-05:00,5.0625,5.1875,5.0625,5.09375,88700,0.0,0.0
1998-12-24 00:00:00-05:00,5.1875,5.25,5.09375,5.125,31000,0.0,0.0
1998-12-28 00:00:00-05:00,5.125,5.3125,4.875,5.0,90300,0.0,0.0
1998-12-29 00:00:00-05:00,4.875,5.5,4.875,5.5,192400,0.0,0.0
1998-12-30 00:00:00-05:00,5.5,5.5,5.125,5.34375,468300,0.0,0.0
1998-12-31 00:00:00-05:00,5.3125,6.375,5.3125,6.1875,121500,0.0,0.0
1999-01-04 00:00:00-05:00,6.125,6.5,6.125,6.3125,17900,0.0,0.0
1999-01-05 00:00:00-05:00,6.3125,6.3125,5.75,5.75,19400,0.0,0.0
1999-01-06 00:00:00-05:00,6.0,6.0625,5.6875,5.75,30400,0.0,0.0
1999-01-07 00:00:00-05:00,5.625,5.75,5.5,5.75,93300,0.0,0.0
1999-01-08 00:00:00-05:00,5.8125,5.875,5.625,5.6875,51600,0.0,0.0
1999-01-11 00:00:00-05:00,5.6875,5.75,5.625,5.65625,20000,0.0,0.0
1999-01-12 00:00:00-05:00,5.6875,6.0,5.625,5.6875,73000,0.0,0.0
1999-01-13 00:00:00-05:00,5.5,5.875,5.5,5.875,78100,0.0,0.0
1999-01-14 00:00:00-05:00,5.9375,6.0625,5.875,5.96875,36000,0.0,0.0
1999-01-15 00:00:00-05:00,5.96875,6.25,5.96875,6.1875,10600,0.0,0.0
1999-01-19 00:00:00-05:00,6.0625,6.1875,6.0,6.125,19500,0.0,0.0
1999-01-20 00:00:00-05:00,6.25,6.25,6.0625,6.0625,36200,0.0,0.0
1999-01-21 00:00:00-05:00,6.0,6.375,6.0,6.375,66800,0.0,0.0
1999-01-22 00:00:00-05:00,6.25,6.75,6.25,6.5,27600,0.0,0.0
1999-01-25 00:00:00-05:00,6.5625,6.75,6.4375,6.75,62700,0.0,0.0
1999-01-26 00:00:00-05:00,6.75,6.9375,6.5,6.84375,109900,0.0,0.0
1999-01-27 00:00:00-05:00,6.9375,7.0,6.6875,6.6875,35000,0.0,0.0
1999-01-28 00:00:00-05:00,7.0,7.0,6.8125,6.8125,29800,0.0,0.0
1999-01-29 00:00:00-05:00,7.0,7.0,6.75,6.9375,29000,0.0,0.0
1999-02-01 00:00:00-05:00,6.84375,7.0,6.78125,7.0,79700,0.0,0.0
1999-02-02 00:00:00-05:00,6.9375,7.125,6.9375,7.125,47500,0.0,0.0
1999-02-03 00:00:00-05:00,7.125,7.25,6.625,7.125,70900,0.0,0.0
1999-02-04 00:00:00-05:00,7.0,7.0,6.625,6.6875,31200,0.0,0.0
1999-02-05 00:00:00-05:00,6.9375,7.0,6.5,6.5,40700,0.0,0.0
1999-02-08 00:00:00-05:00,6.5625,6.625,6.5,6.5,13100,0.0,0.0
1999-02-09 00:00:00-05:00,6.625,6.75,6.5625,6.75,5400,0.0,0.0
1999-02-10 00:00:00-05:00,6.75,6.75,6.5625,6.6875,14300,0.0,0.0
1999-02-11 00:00:00-05:00,6.5625,6.6875,6.28125,6.6875,35400,0.0,0.0
1999-02-12 00:00:00-05:00,6.625,6.71875,6.5,6.53125,61400,0.0,0.0
1999-02-16 00:00:00-05:00,6.625,6.625,6.25,6.25,34000,0.0,0.0
1999-02-17 00:00:00-05:00,6.25,6.3125,6.0,6.0,27700,0.0,0.0
1999-02-18 00:00:00-05:00,6.0,6.0625,5.8125,5.8125,26600,0.0,0.0
1999-02-19 00:00:00-05:00,6.0,6.125,6.0,6.0,4900,0.0,0.0
1999-02-22 00:00:00-05:00,6.0,6.0,5.8125,5.8125,7900,0.0,0.0
1999-02-23 00:00:00-05:00,5.8125,5.9375,5.6875,5.6875,6300,0.0,0.0
1999-02-24 00:00:00-05:00,5.6875,5.9375,5.375,5.5,46700,0.0,0.0
1999-02-25 00:00:00-05:00,5.3125,5.359375,5.25,5.3125,51400,0.0,0.0
1999-02-26 00:00:00-05:00,5.25,5.3125,5.0,5.0,183200,0.0,0.0
1999-03-01 00:00:00-05:00,5.0625,5.15625,5.0,5.0,37600,0.0,0.0
1999-03-02 00:00:00-05:00,5.0,5.0625,4.9375,5.0,40200,0.0,0.0
1999-03-03 00:00:00-05:00,4.9375,5.0,4.875,5.0,17800,0.0,0.0
1999-03-04 00:00:00-05:00,5.0,5.0,4.75,4.8125,24400,0.0,0.0
1999-03-05 00:00:00-05:00,4.9375,4.9375,4.5625,4.71875,59300,0.0,0.0
1999-03-08 00:00:00-05:00,4.875,4.875,4.5,4.5625,41400,0.0,0.0
1999-03-09 00:00:00-05:00,4.625,4.625,4.5,4.5,33900,0.0,0.0
1999-03-10 00:00:00-05:00,4.59375,4.875,4.5,4.8125,25400,0.0,0.0
1999-03-11 00:00:00-05:00,4.75,5.3125,4.5625,5.25,259300,0.0,0.0
1999-03-12 00:00:00-05:00,5.34375,5.375,5.0,5.0,38500,0.0,0.0
1999-03-15 00:00:00-05:00,5.1875,5.1875,4.9375,5.0,14600,0.0,0.0
1999-03-16 00:00:00-05:00,5.0625,5.0625,4.625,4.65625,17600,0.0,0.0
1999-03-17 00:00:00-05:00,4.9375,4.9375,4.5,4.625,8100,0.0,0.0
1999-03-18 00:00:00-05:00,4.6875,4.8125,4.5,4.5625,29700,0.0,0.0
1999-03-19 00:00:00-05:00,4.53125,4.75,4.5,4.6875,18900,0.0,0.0
1999-03-22 00:00:00-05:00,4.5625,4.625,4.4375,4.5,25900,0.0,0.0
1999-03-23 00:00:00-05:00,4.4375,4.5625,4.375,4.5,72900,0.0,0.0
1999-03-24 00:00:00-05:00,4.5,4.5625,4.4375,4.5625,47100,0.0,0.0
1999-03-25 00:00:00-05:00,4.5625,4.8125,4.5625,4.8125,3200,0.0,0.0
1999-03-26 00:00:00-05:00,4.8125,4.8125,4.5625,4.5625,35400,0.0,0.0
1999-03-29 00:00:00-05:00,4.5625,4.6875,4.5,4.53125,18200,0.0,0.0
1999-03-30 00:00:00-05:00,4.5,4.75,4.5,4.75,9300,0.0,0.0
1999-03-31 00:00:00-05:00,4.5,5.5625,4.5,5.0,154800,0.0,0.0
1999-04-01 00:00:00-05:00,5.0,5.0,4.9375,5.0,35700,0.0,0.0
1999-04-05 00:00:00-04:00,5.0625,5.0625,4.75,5.0625,55500,0.0,0.0
1999-04-06 00:00:00-04:00,5.0625,5.125,5.0,5.0,159800,0.0,0.0
1999-04-07 00:00:00-04:00,5.0,5.0,4.65625,5.0,31300,0.0,0.0
1999-04-08 00:00:00-04:00,4.875,5.03125,4.875,5.03125,46600,0.0,0.0
1999-04-09 00:00:00-04:00,4.90625,5.0625,4.90625,5.0,56800,0.0,0.0
1999-04-12 00:00:00-04:00,4.9375,4.9375,4.84375,4.9375,74500,0.0,0.0
1999-04-13 00:00:00-04:00,5.0,5.21875,4.9375,4.9375,93300,0.0,0.0
1999-04-14 00:00:00-04:00,4.8125,5.75,4.8125,5.5625,90300,0.0,0.0
1999-04-15 00:00:00-04:00,5.625,5.9375,5.5,5.5,186100,0.0,0.0
1999-04-16 00:00:00-04:00,5.53125,5.625,5.25,5.375,64100,0.0,0.0
1999-04-19 00:00:00-04:00,5.4375,5.4375,4.875,5.25,672200,0.0,0.0
1999-04-20 00:00:00-04:00,5.0625,5.25,4.9375,5.0,36300,0.0,0.0
1999-04-21 00:00:00-04:00,4.875,5.0625,4.875,5.03125,15800,0.0,0.0
1999-04-22 00:00:00-04:00,5.125,5.125,4.75,4.78125,83000,0.0,0.0
1999-04-23 00:00:00-04:00,4.71875,4.875,4.71875,4.875,40800,0.0,0.0
1999-04-26 00:00:00-04:00,4.71875,4.875,4.625,4.75,38200,0.0,0.0
1999-04-27 00:00:00-04:00,4.75,5.0,4.125,4.875,2451400,0.0,0.0
1999-04-28 00:00:00-04:00,5.0,5.0,4.875,4.875,5300,0.0,0.0
1999-04-29 00:00:00-04:00,4.875,4.875,4.75,4.875,41300,0.0,0.0
1999-04-30 00:00:00-04:00,4.875,4.875,4.75,4.875,16500,0.0,0.0
1999-05-03 00:00:00-04:00,4.75,5.0,4.75,4.75,64000,0.0,0.0
1999-05-04 00:00:00-04:00,4.8125,5.0,4.8125,4.8125,5400,0.0,0.0
1999-05-05 00:00:00-04:00,4.9375,4.9375,4.8125,4.8125,20700,0.0,0.0
1999-05-06 00:00:00-04:00,4.8125,4.875,4.75,4.75,31200,0.0,0.0
1999-05-07 00:00:00-04:00,4.6875,4.75,4.6875,4.75,21300,0.0,0.0
1999-05-10 00:00:00-04:00,4.75,4.75,4.6875,4.75,19600,0.0,0.0
1999-05-11 00:00:00-04:00,4.6875,4.75,4.6875,4.75,52000,0.0,0.0
1999-05-12 00:00:00-04:00,4.75,4.75,4.5,4.5625,55800,0.0,0.0
1999-05-13 00:00:00-04:00,4.5,4.75,4.5,4.5,9000,0.0,0.0
1999-05-14 00:00:00-04:00,4.5,4.53125,4.5,4.53125,21500,0.0,0.0
1999-05-17 00:00:00-04:00,4.4375,4.5625,4.375,4.5625,27300,0.0,0.0
1999-05-18 00:00:00-04:00,4.625,4.75,4.625,4.6875,51000,0.0,0.0
1999-05-19 00:00:00-04:00,4.71875,4.75,4.625,4.625,31500,0.0,0.0
1999-05-20 00:00:00-04:00,4.75,4.75,4.1875,4.5,553100,0.0,0.0
1999-05-21 00:00:00-04:00,4.75,4.75,4.5,4.6875,9700,0.0,0.0
1999-05-24 00:00:00-04:00,4.75,4.75,4.625,4.625,19800,0.0,0.0
1999-05-25 00:00:00-04:00,4.625,4.625,4.5625,4.5625,16900,0.0,0.0
1999-05-26 00:00:00-04:00,4.5,4.625,4.5,4.5625,13200,0.0,0.0
1999-05-27 00:00:00-04:00,4.5,4.625,4.4375,4.59375,76500,0.0,0.0
1999-05-28 00:00:00-04:00,4.5625,4.625,4.5625,4.625,45600,0.0,0.0
1999-06-01 00:00:00-04:00,4.609375,4.625,4.5625,4.625,63800,0.0,0.0
1999-06-02 00:00:00-04:00,4.59375,4.625,4.5625,4.625,22900,0.0,0.0
1999-06-03 00:00:00-04:00,4.625,4.625,4.5625,4.625,2800,0.0,0.0
1999-06-04 00:00:00-04:00,4.625,4.625,4.5,4.59375,27600,0.0,0.0
1999-06-07 00:00:00-04:00,4.59375,4.625,4.5,4.625,24400,0.0,0.0
1999-06-08 00:00:00-04:00,4.625,4.6875,4.5,4.5,111100,0.0,0.0
1999-06-09 00:00:00-04:00,4.59375,4.59375,4.5,4.5,42600,0.0,0.0
1999-06-10 00:00:00-04:00,4.4375,4.5,4.4375,4.4375,17800,0.0,0.0
1999-06-11 00:00:00-04:00,4.4375,4.5,4.25,4.28125,126100,0.0,0.0
1999-06-14 00:00:00-04:00,4.25,4.25,4.03125,4.0625,156400,0.0,0.0
1999-06-15 00:00:00-04:00,4.0625,4.1875,4.0,4.0625,409200,0.0,0.0
1999-06-16 00:00:00-04:00,4.0625,4.09375,4.03125,4.0625,9500,0.0,0.0
1999-06-17 00:00:00-04:00,4.078125,4.078125,3.8125,3.875,150200,0.0,0.0
1999-06-18 00:00:00-04:00,4.0,4.078125,3.875,3.90625,58100,0.0,0.0
1999-06-21 00:00:00-04:00,3.90625,4.0,3.875,4.0,79100,0.0,0.0
1999-06-22 00:00:00-04:00,3.78125,3.90625,3.75,3.90625,21300,0.0,0.0
1999-06-23 00:00:00-04:00,3.875,3.9375,3.78125,3.78125,20700,0.0,0.0
1999-06-24 00:00:00-04:00,3.78125,3.78125,3.625,3.71875,57900,0.0,0.0
1999-06-25 00:00:00-04:00,3.6875,3.75,3.5,3.5,145500,0.0,0.0
1999-06-28 00:00:00-04:00,3.9375,3.9375,3.71875,3.8125,64900,0.0,0.0
1999-06-29 00:00:00-04:00,3.75,3.96875,3.71875,3.84375,62500,0.0,0.0
1999-06-30 00:00:00-04:00,3.84375,3.84375,3.4375,3.4375,205200,0.0,0.0
1999-07-01 00:00:00-04:00,3.40625,3.625,3.40625,3.5625,21200,0.0,0.0
1999-07-02 00:00:00-04:00,3.5625,3.5625,3.4375,3.4375,106200,0.0,0.0
1999-07-06 00:00:00-04:00,3.453125,3.5,3.4375,3.4375,16500,0.0,0.0
1999-07-07 00:00:00-04:00,3.484375,3.5,3.4375,3.4375,48000,0.0,0.0
1999-07-08 00:00:00-04:00,3.375,3.4375,3.3125,3.3125,51400,0.0,0.0
1999-07-09 00:00:00-04:00,3.390625,3.40625,3.0,3.0625,145900,0.0,0.0
1999-07-12 00:00:00-04:00,3.03125,3.25,3.0,3.25,21100,0.0,0.0
1999-07-13 00:00:00-04:00,3.25,3.375,3.234375,3.375,17500,0.0,0.0
1999-07-14 00:00:00-04:00,3.34375,3.34375,3.0,3.09375,148000,0.0,0.0
1999-07-15 00:00:00-04:00,3.09375,3.1875,3.0,3.0625,111300,0.0,0.0
1999-07-16 00:00:00-04:00,3.0625,3.0625,2.9375,3.0,30700,0.0,0.0
1999-07-19 00:00:00-04:00,3.0,3.03125,3.0,3.03125,17500,0.0,0.0
1999-07-20 00:00:00-04:00,3.015625,3.03125,3.0,3.03125,70400,0.0,0.0
1999-07-21 00:00:00-04:00,3.03125,3.25,3.0,3.03125,98500,0.0,0.0
1999-07-22 00:00:00-04:00,2.9375,3.03125,2.9375,3.03125,66600,0.0,0.0
1999-07-23 00:00:00-04:00,2.9375,3.0,2.5,2.59375,159400,0.0,0.0
1999-07-26 00:00:00-04:00,2.625,2.75,2.5,2.59375,106200,0.0,0.0
1999-07-27 00:00:00-04:00,2.5,2.625,2.5,2.5,455100,0.0,0.0
1999-07-28 00:00:00-04:00,2.5,2.875,2.5,2.8125,229500,0.0,0.0
1999-07-29 00:00:00-04:00,2.78125,2.8125,2.6875,2.75,35400,0.0,0.0
1999-07-30 00:00:00-04:00,2.65625,2.65625,2.625,2.625,72700,0.0,0.0
1999-08-02 00:00:00-04:00,2.5625,2.65625,2.4375,2.5625,30300,0.0,0.0
1999-08-03 00:00:00-04:00,2.625,2.71875,2.625,2.71875,51800,0.0,0.0
1999-08-04 00:00:00-04:00,2.71875,2.75,2.625,2.6875,20500,0.0,0.0
1999-08-05 00:00:00-04:00,2.6875,2.71875,2.65625,2.71875,38500,0.0,0.0
1999-08-06 00:00:00-04:00,2.6875,2.71875,2.375,2.5625,57800,0.0,0.0
1999-08-09 00:00:00-04:00,2.5,2.8125,2.5,2.75,36000,0.0,0.0
1999-08-10 00:00:00-04:00,2.75,2.8125,2.625,2.71875,545600,0.0,0.0
1999-08-11 00:00:00-04:00,2.71875,3.0625,2.6875,2.9375,784300,0.0,0.0
1999-08-12 00:00:00-04:00,3.0,3.0,2.8125,2.90625,123800,0.0,0.0
1999-08-13 00:00:00-04:00,2.9375,3.125,2.9375,3.09375,68500,0.0,0.0
1999-08-16 00:00:00-04:00,3.09375,3.4375,3.0625,3.375,73400,0.0,0.0
1999-08-17 00:00:00-04:00,3.453125,3.8125,3.4375,3.8125,100300,0.0,0.0
1999-08-18 00:00:00-04:00,3.8125,3.8125,3.59375,3.625,42500,0.0,0.0
1999-08-19 00:00:00-04:00,3.640625,3.6875,3.40625,3.5,32500,0.0,0.0
1999-08-20 00:00:00-04:00,3.5625,3.5625,3.4375,3.4375,14100,0.0,0.0
1999-08-23 00:00:00-04:00,3.40625,3.40625,3.3125,3.3125,28900,0.0,0.0
1999-08-24 00:00:00-04:00,3.3125,3.375,3.25,3.375,38900,0.0,0.0
1999-08-25 00:00:00-04:00,3.3125,3.375,3.3125,3.375,17200,0.0,0.0
1999-08-26 00:00:00-04:00,3.3125,3.3125,3.1875,3.25,46400,0.0,0.0
1999-08-27 00:00:00-04:00,3.1875,3.25,3.125,3.125,32300,0.0,0.0
1999-08-30 00:00:00-04:00,3.21875,3.21875,3.0625,3.0625,12500,0.0,0.0
1999-08-31 00:00:00-04:00,3.125,3.1875,3.0625,3.0625,69100,0.0,0.0
1999-09-01 00:00:00-04:00,3.0625,3.125,3.0625,3.0625,2100,0.0,0.0
1999-09-02 00:00:00-04:00,3.125,3.1875,3.0,3.09375,14900,0.0,0.0
1999-09-03 00:00:00-04:00,3.09375,3.09375,3.0,3.09375,2600,0.0,0.0
1999-09-07 00:00:00-04:00,3.03125,3.25,3.0,3.25,35600,0.0,0.0
1999-09-08 00:00:00-04:00,3.1875,3.25,3.125,3.25,6800,0.0,0.0
1999-09-09 00:00:00-04:00,3.25,3.25,3.125,3.25,44000,0.0,0.0
1999-09-10 00:00:00-04:00,3.25,3.25,3.125,3.125,18500,0.0,0.0
1999-09-13 00:00:00-04:00,3.125,3.25,3.0625,3.125,7200,0.0,0.0
1999-09-14 00:00:00-04:00,3.125,3.125,3.0625,3.0625,28700,0.0,0.0
1999-09-15 00:00:00-04:00,3.0,3.0625,3.0,3.0625,60700,0.0,0.0
1999-09-16 00:00:00-04:00,3.0,3.0,3.0,3.0,13700,0.0,0.0
1999-09-17 00:00:00-04:00,3.03125,3.0625,3.0,3.03125,42500,0.0,0.0
1999-09-20 00:00:00-04:00,3.046875,3.0625,3.0,3.03125,102400,0.0,0.0
1999-09-21 00:00:00-04:00,3.0,3.0,2.8125,2.8125,40700,0.0,0.0
1999-09-22 00:00:00-04:00,2.90625,2.9375,2.75,2.9375,37300,0.0,0.0
1999-09-23 00:00:00-04:00,2.78125,2.9375,2.78125,2.875,64600,0.0,0.0
1999-09-24 00:00:00-04:00,2.84375,2.875,2.75,2.875,45300,0.0,0.0
1999-09-27 00:00:00-04:00,2.8125,2.875,2.8125,2.875,49300,0.0,0.0
1999-09-28 00:00:00-04:00,2.875,2.9375,2.8125,2.9375,115500,0.0,0.0
1999-09-29 00:00:00-04:00,3.0,3.0625,2.8125,3.0625,39000,0.0,0.0
1999-09-30 00:00:00-04:00,2.8125,3.0625,2.8125,3.03125,10000,0.0,0.0
1999-10-01 00:00:00-04:00,3.125,3.25,2.9375,3.0,251900,0.0,0.0
1999-10-04 00:00:00-04:00,3.03125,3.03125,2.9375,2.9375,6400,0.0,0.0
1999-10-05 00:00:00-04:00,2.9375,2.96875,2.8125,2.8125,18800,0.0,0.0
1999-10-06 00:00:00-04:00,2.765625,2.9375,2.765625,2.8125,15200,0.0,0.0
1999-10-07 00:00:00-04:00,2.875,2.875,2.75,2.75,15100,0.0,0.0
1999-10-08 00:00:00-04:00,2.78125,2.90625,2.75,2.75,11600,0.0,0.0
1999-10-11 00:00:00-04:00,2.8125,2.875,2.75,2.75,64100,0.0,0.0
1999-10-12 00:00:00-04:00,2.75,2.75,2.6875,2.6875,10900,0.0,0.0
1999-10-13 00:00:00-04:00,2.75,2.75,2.4375,2.5,64400,0.0,0.0
1999-10-14 00:00:00-04:00,2.453125,2.625,2.375,2.4375,72200,0.0,0.0
1999-10-15 00:00:00-04:00,2.375,2.375,2.3125,2.375,190200,0.0,0.0
1999-10-18 00:00:00-04:00,2.3125,2.4375,2.3125,2.4375,25100,0.0,0.0
1999-10-19 00:00:00-04:00,2.375,2.5,2.375,2.40625,33400,0.0,0.0
1999-10-20 00:00:00-04:00,2.4375,2.4375,2.40625,2.4375,149000,0.0,0.0
1999-10-21 00:00:00-04:00,2.421875,2.46875,2.375,2.4375,68900,0.0,0.0
1999-10-22 00:00:00-04:00,2.46875,2.46875,2.40625,2.46875,15900,0.0,0.0
1999-10-25 00:00:00-04:00,2.40625,2.4375,2.375,2.4375,28800,0.0,0.0
1999-10-26 00:00:00-04:00,2.375,2.375,2.28125,2.375,50600,0.0,0.0
1999-10-27 00:00:00-04:00,2.34375,2.6875,2.3125,2.5625,28800,0.0,0.0
1999-10-28 00:00:00-04:00,2.625,2.65625,2.5625,2.5625,6700,0.0,0.0
1999-10-29 00:00:00-04:00,2.59375,2.625,2.5625,2.625,81000,0.0,0.0
1999-11-01 00:00:00-05:00,2.625,2.625,2.5625,2.5625,800,0.0,0.0
1999-11-02 00:00:00-05:00,2.6875,2.6875,2.5625,2.5625,34100,0.0,0.0
1999-11-03 00:00:00-05:00,2.5625,2.5625,2.34375,2.34375,99500,0.0,0.0
1999-11-04 00:00:00-05:00,2.40625,2.40625,2.25,2.375,97500,0.0,0.0
1999-11-05 00:00:00-05:00,2.3125,2.3125,2.25,2.3125,61200,0.0,0.0
1999-11-08 00:00:00-05:00,2.359375,2.359375,2.1875,2.1875,165300,0.0,0.0
1999-11-09 00:00:00-05:00,2.21875,2.25,2.21875,2.21875,53800,0.0,0.0
1999-11-10 00:00:00-05:00,2.234375,2.25,2.125,2.125,202500,0.0,0.0
1999-11-11 00:00:00-05:00,2.125,2.15625,1.71875,1.875,309700,0.0,0.0
1999-11-12 00:00:00-05:00,1.875,1.90625,1.75,1.8125,105200,0.0,0.0
1999-11-15 00:00:00-05:00,1.875,1.875,1.8125,1.8125,59900,0.0,0.0
1999-11-16 00:00:00-05:00,1.84375,1.875,1.8125,1.875,120200,0.0,0.0
1999-11-17 00:00:00-05:00,1.859375,1.875,1.84375,1.84375,136200,0.0,0.0
1999-11-18 00:00:00-05:00,1.84375,1.875,1.8125,1.84375,164600,0.0,0.0
1999-11-19 00:00:00-05:00,1.828125,1.875,1.75,1.75,174400,0.0,0.0
1999-11-22 00:00:00-05:00,1.84375,1.875,1.59375,1.625,128800,0.0,0.0
1999-11-23 00:00:00-05:00,1.59375,1.625,1.5625,1.5625,95900,0.0,0.0
1999-11-24 00:00:00-05:00,1.59375,1.75,1.5625,1.75,125700,0.0,0.0
1999-11-26 00:00:00-05:00,1.75,1.75,1.59375,1.75,7900,0.0,0.0
1999-11-29 00:00:00-05:00,1.71875,1.71875,1.59375,1.6875,35500,0.0,0.0
1999-11-30 00:00:00-05:00,1.609375,1.75,1.59375,1.75,154900,0.0,0.0
1999-12-01 00:00:00-05:00,1.71875,1.75,1.625,1.6875,66700,0.0,0.0
1999-12-02 00:00:00-05:00,1.71875,1.875,1.6875,1.796875,99500,0.0,0.0
1999-12-03 00:00:00-05:00,1.75,1.8125,1.734375,1.8125,48800,0.0,0.0
1999-12-06 00:00:00-05:00,1.78125,1.84375,1.75,1.765625,87200,0.0,0.0
1999-12-07 00:00:00-05:00,1.71875,1.734375,1.6875,1.71875,63600,0.0,0.0
1999-12-08 00:00:00-05:00,1.6875,1.71875,1.53125,1.53125,64400,0.0,0.0
1999-12-09 00:00:00-05:00,1.5625,1.65625,1.53125,1.5625,92400,0.0,0.0
1999-12-10 00:00:00-05:00,1.515625,1.59375,1.515625,1.53125,203200,0.0,0.0
1999-12-13 00:00:00-05:00,1.5625,1.5625,1.53125,1.5625,50300,0.0,0.0
1999-12-14 00:00:00-05:00,1.59375,1.59375,1.53125,1.5625,143700,0.0,0.0
1999-12-15 00:00:00-05:00,1.53125,1.5625,1.25,1.3125,69300,0.0,0.0
1999-12-16 00:00:00-05:00,1.46875,1.46875,1.25,1.375,76000,0.0,0.0
1999-12-17 00:00:00-05:00,1.46875,1.5,1.375,1.375,50400,0.0,0.0
1999-12-20 00:00:00-05:00,1.375,1.40625,1.28125,1.28125,98400,0.0,0.0
1999-12-21 00:00:00-05:00,1.359375,1.375,1.25,1.28125,63100,0.0,0.0
1999-12-22 00:00:00-05:00,1.28125,1.34375,1.25,1.34375,285800,0.0,0.0
1999-12-23 00:00:00-05:00,1.296875,1.375,1.25,1.3125,105900,0.0,0.0
1999-12-27 00:00:00-05:00,1.3125,1.328125,1.28125,1.3125,99700,0.0,0.0
1999-12-28 00:00:00-05:00,1.28125,1.375,1.25,1.3125,189600,0.0,0.0
1999-12-29 00:00:00-05:00,1.3125,1.5625,1.3125,1.4375,159400,0.0,0.0
1999-12-30 00:00:00-05:00,1.4375,1.71875,1.4375,1.71875,299200,0.0,0.0
1999-12-31 00:00:00-05:00,1.53125,1.75,1.53125,1.75,110600,0.0,0.0
2000-01-03 00:00:00-05:00,1.78125,1.875,1.65625,1.65625,170200,0.0,0.0
2000-01-04 00:00:00-05:00,1.625,1.625,1.5625,1.59375,8500,0.0,0.0
2000-01-05 00:00:00-05:00,1.484375,1.625,1.4375,1.625,44500,0.0,0.0
2000-01-06 00:00:00-05:00,1.53125,1.53125,1.375,1.46875,40400,0.0,0.0
2000-01-07 00:00:00-05:00,1.5,1.5,1.40625,1.46875,26700,0.0,0.0
2000-01-10 00:00:00-05:00,1.46875,1.5625,1.25,1.3125,82700,0.0,0.0
2000-01-11 00:00:00-05:00,1.34375,1.5,1.3125,1.5,53400,0.0,0.0
2000-01-12 00:00:00-05:00,1.5,1.5,1.375,1.40625,593000,0.0,0.0
2000-01-13 00:00:00-05:00,1.40625,1.5,1.3125,1.4375,261300,0.0,0.0
2000-01-14 00:00:00-05:00,1.46875,1.5,1.4375,1.4375,108500,0.0,0.0
2000-01-18 00:00:00-05:00,1.53125,1.8125,1.4375,1.75,52400,0.0,0.0
2000-01-19 00:00:00-05:00,1.75,1.75,1.4375,1.5625,66200,0.0,0.0
2000-01-20 00:00:00-05:00,1.5625,1.6875,1.53125,1.53125,59900,0.0,0.0
2000-01-21 00:00:00-05:00,1.609375,1.609375,1.40625,1.46875,134300,0.0,0.0
2000-01-24 00:00:00-05:00,1.5625,1.5625,1.4375,1.5,35900,0.0,0.0
2000-01-25 00:00:00-05:00,1.5,1.5,1.34375,1.40625,63400,0.0,0.0
2000-01-26 00:00:00-05:00,1.453125,1.5,1.3125,1.34375,133500,0.0,0.0
2000-01-27 00:00:00-05:00,1.375,1.375,1.25,1.28125,140700,0.0,0.0
2000-01-28 00:00:00-05:00,1.265625,1.375,1.1875,1.375,263600,0.0,0.0
2000-01-31 00:00:00-05:00,1.40625,1.5,1.375,1.375,75000,0.0,0.0
2000-02-01 00:00:00-05:00,1.3125,1.5,1.3125,1.5,54800,0.0,0.0
2000-02-02 00:00:00-05:00,1.40625,1.5,1.25,1.4375,385400,0.0,0.0
2000-02-03 00:00:00-05:00,1.40625,1.5,1.40625,1.5,35000,0.0,0.0
2000-02-04 00:00:00-05:00,1.5,1.53125,1.4375,1.5,276900,0.0,0.0
2000-02-07 00:00:00-05:00,1.4375,1.5,1.375,1.5,28500,0.0,0.0
2000-02-08 00:00:00-05:00,1.5,1.5,1.40625,1.5,65700,0.0,0.0
2000-02-09 00:00:00-05:00,1.5,1.625,1.5,1.59375,121500,0.0,0.0
2000-02-10 00:00:00-05:00,1.609375,1.6875,1.59375,1.625,136300,0.0,0.0
2000-02-11 00:00:00-05:00,1.625,1.6875,1.59375,1.6875,264500,0.0,0.0
2000-02-14 00:00:00-05:00,1.671875,1.6875,1.625,1.625,139300,0.0,0.0
2000-02-15 00:00:00-05:00,1.625,1.625,1.59375,1.59375,270100,0.0,0.0
2000-02-16 00:00:00-05:00,1.625,1.625,1.59375,1.625,127300,0.0,0.0
2000-02-17 00:00:00-05:00,1.6875,1.75,1.59375,1.6875,634000,0.0,0.0
2000-02-18 00:00:00-05:00,1.6875,1.875,1.65625,1.875,495500,0.0,0.0
2000-02-22 00:00:00-05:00,1.9375,1.9375,1.8125,1.84375,289100,0.0,0.0
2000-02-23 00:00:00-05:00,1.828125,1.875,1.8125,1.875,250800,0.0,0.0
2000-02-24 00:00:00-05:00,1.875,1.875,1.6875,1.75,1569200,0.0,0.0
2000-02-25 00:00:00-05:00,1.75,1.875,1.6875,1.875,680600,0.0,0.0
2000-02-28 00:00:00-05:00,1.875,1.875,1.625,1.71875,334600,0.0,0.0
2000-02-29 00:00:00-05:00,1.75,1.75,1.6875,1.71875,40300,0.0,0.0
2000-03-01 00:00:00-05:00,1.71875,1.71875,1.625,1.6875,23100,0.0,0.0
2000-03-02 00:00:00-05:00,1.71875,1.71875,1.59375,1.625,21900,0.0,0.0
2000-03-03 00:00:00-05:00,1.625,1.65625,1.5625,1.59375,76500,0.0,0.0
2000-03-06 00:00:00-05:00,1.5625,1.625,1.4375,1.46875,105200,0.0,0.0
2000-03-07 00:00:00-05:00,1.46875,1.5625,1.46875,1.53125,91700,0.0,0.0
2000-03-08 00:00:00-05:00,1.484375,1.5,1.4375,1.5,41400,0.0,0.0
2000-03-09 00:00:00-05:00,1.5,1.5,1.375,1.40625,57500,0.0,0.0
2000-03-10 00:00:00-05:00,1.4375,1.46875,1.40625,1.40625,33000,0.0,0.0
2000-03-13 00:00:00-05:00,1.375,1.4375,1.375,1.40625,10400,0.0,0.0
2000-03-14 00:00:00-05:00,1.4375,1.5,1.4375,1.453125,33300,0.0,0.0
2000-03-15 00:00:00-05:00,1.453125,1.46875,1.40625,1.4375,16500,0.0,0.0
2000-03-16 00:00:00-05:00,1.40625,1.46875,1.375,1.4375,28000,0.0,0.0
2000-03-17 00:00:00-05:00,1.375,1.5,1.3125,1.46875,69700,0.0,0.0
2000-03-20 00:00:00-05:00,1.46875,1.5,1.4375,1.46875,24900,0.0,0.0
2000-03-21 00:00:00-05:00,1.484375,1.53125,1.46875,1.5,119200,0.0,0.0
2000-03-22 00:00:00-05:00,1.5,1.5625,1.46875,1.5,489400,0.0,0.0
2000-03-23 00:00:00-05:00,1.46875,1.53125,1.46875,1.5,153600,0.0,0.0
2000-03-24 00:00:00-05:00,1.515625,1.53125,1.46875,1.46875,117200,0.0,0.0
2000-03-27 00:00:00-05:00,1.53125,1.53125,1.375,1.46875,487700,0.0,0.0
2000-03-28 00:00:00-05:00,1.484375,1.5,1.4375,1.46875,147300,0.0,0.0
2000-03-29 00:00:00-05:00,1.5,1.5,1.40625,1.5,63500,0.0,0.0
2000-03-30 00:00:00-05:00,1.46875,1.5,1.375,1.5,51300,0.0,0.0
2000-03-31 00:00:00-05:00,1.5,1.5,1.453125,1.5,80800,0.0,0.0
2000-04-03 00:00:00-04:00,1.5,1.5,1.4375,1.5,174600,0.0,0.0
2000-04-04 00:00:00-04:00,1.46875,1.5,1.375,1.375,70500,0.0,0.0
2000-04-05 00:00:00-04:00,1.390625,1.46875,1.390625,1.46875,41000,0.0,0.0
2000-04-06 00:00:00-04:00,1.46875,1.5,1.40625,1.40625,191800,0.0,0.0
2000-04-07 00:00:00-04:00,1.40625,1.5,1.40625,1.46875,286900,0.0,0.0
2000-04-10 00:00:00-04:00,1.5,1.5,1.4375,1.4375,46900,0.0,0.0
2000-04-11 00:00:00-04:00,1.40625,1.4375,1.25,1.25,433400,0.0,0.0
2000-04-12 00:00:00-04:00,1.3125,1.375,1.25,1.328125,53100,0.0,0.0
2000-04-13 00:00:00-04:00,1.3125,1.34375,1.125,1.125,35400,0.0,0.0
2000-04-14 00:00:00-04:00,1.203125,1.34375,1.125,1.3125,61900,0.0,0.0
2000-04-17 00:00:00-04:00,1.34375,1.34375,1.21875,1.28125,120500,0.0,0.0
2000-04-18 00:00:00-04:00,1.265625,1.3125,1.25,1.3125,127000,0.0,0.0
2000-04-19 00:00:00-04:00,1.25,1.28125,1.25,1.28125,102200,0.0,0.0
2000-04-20 00:00:00-04:00,1.3125,1.3125,1.25,1.3125,266100,0.0,0.0
2000-04-24 00:00:00-04:00,1.3125,1.34375,1.3125,1.3125,59900,0.0,0.0
2000-04-25 00:00:00-04:00,1.3125,1.375,1.3125,1.375,33900,0.0,0.0
2000-04-26 00:00:00-04:00,1.3125,1.34375,1.25,1.34375,44000,0.0,0.0
2000-04-27 00:00:00-04:00,1.296875,1.375,1.296875,1.375,39400,0.0,0.0
2000-04-28 00:00:00-04:00,1.375,1.375,1.3125,1.375,52600,0.0,0.0
2000-05-01 00:00:00-04:00,1.34375,1.375,1.3125,1.3125,13500,0.0,0.0
2000-05-02 00:00:00-04:00,1.3125,1.34375,1.21875,1.3125,162900,0.0,0.0
2000-05-03 00:00:00-04:00,1.25,1.34375,1.1875,1.25,261400,0.0,0.0
2000-05-04 00:00:00-04:00,1.28125,1.3125,1.28125,1.3125,45000,0.0,0.0
2000-05-05 00:00:00-04:00,1.3125,1.3125,1.28125,1.3125,53300,0.0,0.0
2000-05-08 00:00:00-04:00,1.28125,1.375,1.28125,1.3125,153500,0.0,0.0
2000-05-09 00:00:00-04:00,1.34375,1.375,1.3125,1.34375,208900,0.0,0.0
2000-05-10 00:00:00-04:00,1.3125,1.34375,1.25,1.28125,72500,0.0,0.0
2000-05-11 00:00:00-04:00,1.265625,1.3125,1.125,1.125,39300,0.0,0.0
2000-05-12 00:00:00-04:00,1.1875,1.25,0.875,1.03125,172100,0.0,0.0
2000-05-15 00:00:00-04:00,1.0,1.0625,0.78125,0.84375,306000,0.0,0.0
2000-05-16 00:00:00-04:00,0.84375,0.9375,0.78125,0.875,412600,0.0,0.0
2000-05-17 00:00:00-04:00,0.875,0.9375,0.8125,0.8125,16400,0.0,0.0
2000-05-18 00:00:00-04:00,0.84375,0.96875,0.78125,0.875,18700,0.0,0.0
2000-05-19 00:00:00-04:00,0.90625,0.90625,0.78125,0.8125,60300,0.0,0.0
2000-05-22 00:00:00-04:00,0.875,0.875,0.5625,0.6875,152100,0.0,0.0
2000-05-23 00:00:00-04:00,0.625,0.6875,0.5625,0.59375,171700,0.0,0.0
2000-05-24 00:00:00-04:00,0.65625,0.71875,0.59375,0.59375,78500,0.0,0.0
2000-05-25 00:00:00-04:00,0.625,0.75,0.625,0.75,72100,0.0,0.0
2000-05-26 00:00:00-04:00,0.6875,0.75,0.6875,0.75,180000,0.0,0.0
2000-05-30 00:00:00-04:00,0.765625,0.78125,0.65625,0.71875,84600,0.0,0.0
2000-05-31 00:00:00-04:00,0.6875,0.75,0.6875,0.75,411400,0.0,0.0
2000-06-01 00:00:00-04:00,0.734375,0.8125,0.71875,0.78125,35300,0.0,0.0
2000-06-02 00:00:00-04:00,0.75,0.84375,0.6875,0.84375,37200,0.0,0.0
2000-06-05 00:00:00-04:00,0.828125,0.90625,0.78125,0.90625,59600,0.0,0.0
2000-06-06 00:00:00-04:00,0.9375,0.9375,0.8125,0.84375,12400,0.0,0.0
2000-06-07 00:00:00-04:00,0.828125,1.03125,0.828125,1.03125,73800,0.0,0.0
2000-06-08 00:00:00-04:00,1.015625,1.3125,1.0,1.1875,152900,0.0,0.0
2000-06-09 00:00:00-04:00,1.3125,1.3125,1.0,1.09375,365200,0.0,0.0
2000-06-12 00:00:00-04:00,1.09375,1.1875,1.0625,1.125,107500,0.0,0.0
2000-06-13 00:00:00-04:00,1.21875,1.21875,1.0625,1.125,29300,0.0,0.0
2000-06-14 00:00:00-04:00,1.0625,1.21875,1.0,1.0,19700,0.0,0.0
2000-06-15 00:00:00-04:00,1.0,1.1875,1.0,1.0625,71900,0.0,0.0
2000-06-16 00:00:00-04:00,1.0625,1.25,1.0,1.0,120600,0.0,0.0
2000-06-19 00:00:00-04:00,1.046875,1.046875,0.9375,1.03125,84900,0.0,0.0
2000-06-20 00:00:00-04:00,0.96875,1.0625,0.9375,1.03125,54700,0.0,0.0
2000-06-21 00:00:00-04:00,0.96875,1.0625,0.9375,0.9375,9300,0.0,0.0
2000-06-22 00:00:00-04:00,1.0,1.0,0.9375,0.9375,50200,0.0,0.0
2000-06-23 00:00:00-04:00,0.9375,1.03125,0.875,1.0,46500,0.0,0.0
2000-06-26 00:00:00-04:00,1.015625,1.03125,0.96875,1.0,39900,0.0,0.0
2000-06-27 00:00:00-04:00,1.0,1.0,0.8125,0.8125,54000,0.0,0.0
2000-06-28 00:00:00-04:00,0.828125,0.84375,0.75,0.75,39600,0.0,0.0
2000-06-29 00:00:00-04:00,0.765625,0.84375,0.65625,0.84375,128000,0.0,0.0
2000-06-30 00:00:00-04:00,0.84375,0.96875,0.625,0.96875,434300,0.0,0.0
2000-07-03 00:00:00-04:00,0.875,0.875,0.71875,0.71875,43400,0.0,0.0
2000-07-05 00:00:00-04:00,0.78125,0.78125,0.625,0.75,251000,0.0,0.0
2000-07-06 00:00:00-04:00,0.75,0.75,0.71875,0.71875,64000,0.0,0.0
2000-07-07 00:00:00-04:00,0.71875,0.75,0.6875,0.71875,94300,0.0,0.0
2000-07-10 00:00:00-04:00,0.75,0.75,0.71875,0.71875,32300,0.0,0.0
2000-07-11 00:00:00-04:00,0.78125,0.8125,0.75,0.78125,324200,0.0,0.0
2000-07-12 00:00:00-04:00,0.78125,0.78125,0.75,0.75,34900,0.0,0.0
2000-07-13 00:00:00-04:00,0.78125,0.8125,0.75,0.75,18000,0.0,0.0
2000-07-14 00:00:00-04:00,0.78125,0.8125,0.75,0.75,19700,0.0,0.0
2000-07-17 00:00:00-04:00,0.78125,0.8125,0.75,0.75,54200,0.0,0.0
2000-07-18 00:00:00-04:00,0.734375,0.734375,0.71875,0.734375,13200,0.0,0.0
2000-07-19 00:00:00-04:00,0.71875,0.78125,0.71875,0.78125,29400,0.0,0.0
2000-07-20 00:00:00-04:00,0.75,0.78125,0.75,0.75,25800,0.0,0.0
2000-07-21 00:00:00-04:00,0.71875,0.78125,0.71875,0.75,22300,0.0,0.0
2000-07-24 00:00:00-04:00,0.71875,0.75,0.6875,0.6875,29400,0.0,0.0
2000-07-25 00:00:00-04:00,0.75,0.78125,0.75,0.78125,13700,0.0,0.0
2000-07-26 00:00:00-04:00,0.78125,0.78125,0.71875,0.71875,2900,0.0,0.0
2000-07-27 00:00:00-04:00,0.71875,0.71875,0.71875,0.71875,1100,0.0,0.0
2000-07-28 00:00:00-04:00,0.78125,0.78125,0.71875,0.71875,12800,0.0,0.0
2000-07-31 00:00:00-04:00,0.75,0.75,0.71875,0.75,10900,0.0,0.0
2000-08-01 00:00:00-04:00,0.71875,0.71875,0.71875,0.71875,8600,0.0,0.0
2000-08-02 00:00:00-04:00,0.71875,0.71875,0.71875,0.71875,38900,0.0,0.0
2000-08-03 00:00:00-04:00,0.71875,0.75,0.6875,0.71875,60900,0.0,0.0
2000-08-04 00:00:00-04:00,0.71875,0.75,0.6875,0.75,35000,0.0,0.0
2000-08-07 00:00:00-04:00,0.75,0.75,0.6875,0.6875,160400,0.0,0.0
2000-08-08 00:00:00-04:00,0.703125,0.71875,0.6875,0.6875,495400,0.0,0.0
2000-08-09 00:00:00-04:00,0.71875,0.71875,0.6875,0.6875,167000,0.0,0.0
2000-08-10 00:00:00-04:00,0.703125,0.71875,0.65625,0.65625,171300,0.0,0.0
2000-08-11 00:00:00-04:00,0.6875,0.6875,0.65625,0.6875,218700,0.0,0.0
2000-08-14 00:00:00-04:00,0.6875,0.75,0.6875,0.734375,120500,0.0,0.0
2000-08-15 00:00:00-04:00,0.75,0.75,0.6875,0.75,4100,0.0,0.0
2000-08-16 00:00:00-04:00,0.734375,0.75,0.6875,0.75,306300,0.0,0.0
2000-08-17 00:00:00-04:00,0.75,0.75,0.6875,0.6875,189400,0.0,0.0
2000-08-18 00:00:00-04:00,0.6875,0.8125,0.6875,0.75,361400,0.0,0.0
2000-08-21 00:00:00-04:00,0.71875,0.78125,0.6875,0.71875,36400,0.0,0.0
2000-08-22 00:00:00-04:00,0.8125,0.8125,0.734375,0.78125,13000,0.0,0.0
2000-08-23 00:00:00-04:00,0.78125,0.78125,0.625,0.75,196800,0.0,0.0
2000-08-24 00:00:00-04:00,0.71875,0.75,0.71875,0.75,6600,0.0,0.0
2000-08-25 00:00:00-04:00,0.75,0.75,0.6875,0.71875,120300,0.0,0.0
2000-08-28 00:00:00-04:00,0.6875,0.75,0.65625,0.6875,104700,0.0,0.0
2000-08-29 00:00:00-04:00,0.6875,0.71875,0.625,0.625,45600,0.0,0.0
2000-08-30 00:00:00-04:00,0.671875,0.6875,0.625,0.65625,41000,0.0,0.0
2000-08-31 00:00:00-04:00,0.625,0.65625,0.625,0.65625,150700,0.0,0.0
2000-09-01 00:00:00-04:00,0.671875,0.6875,0.59375,0.625,63000,0.0,0.0
2000-09-05 00:00:00-04:00,0.640625,0.6875,0.625,0.65625,113000,0.0,0.0
2000-09-06 00:00:00-04:00,0.625,0.6875,0.625,0.6875,8300,0.0,0.0
2000-09-07 00:00:00-04:00,0.703125,0.71875,0.4375,0.5625,165700,0.0,0.0
2000-09-08 00:00:00-04:00,0.59375,0.625,0.59375,0.625,1500,0.0,0.0
2000-09-11 00:00:00-04:00,0.59375,0.59375,0.5625,0.5625,6000,0.0,0.0
2000-09-12 00:00:00-04:00,0.59375,0.625,0.5625,0.5625,44300,0.0,0.0
2000-09-13 00:00:00-04:00,0.5625,0.59375,0.5625,0.59375,64300,0.0,0.0
2000-09-14 00:00:00-04:00,0.609375,0.625,0.59375,0.625,254000,0.0,0.0
2000-09-15 00:00:00-04:00,0.59375,0.59375,0.53125,0.5625,226100,0.0,0.0
2000-09-18 00:00:00-04:00,0.59375,0.6875,0.5625,0.671875,59500,0.0,0.0
2000-09-19 00:00:00-04:00,0.625,0.625,0.5625,0.5625,27500,0.0,0.0
2000-09-20 00:00:00-04:00,0.5625,0.625,0.5625,0.625,86500,0.0,0.0
2000-09-21 00:00:00-04:00,0.625,0.625,0.53125,0.5625,102900,0.0,0.0
2000-09-22 00:00:00-04:00,0.5625,0.5625,0.53125,0.53125,32700,0.0,0.0
2000-09-25 00:00:00-04:00,0.5625,0.5625,0.46875,0.5,92300,0.0,0.0
2000-09-26 00:00:00-04:00,0.5,0.5625,0.46875,0.5625,456700,0.0,0.0
2000-09-27 00:00:00-04:00,0.578125,0.59375,0.5,0.5625,53600,0.0,0.0
2000-09-28 00:00:00-04:00,0.53125,0.625,0.5,0.625,338100,0.0,0.0
2000-09-29 00:00:00-04:00,0.59375,0.59375,0.5625,0.59375,9300,0.0,0.0
2000-10-02 00:00:00-04:00,0.5625,0.5625,0.53125,0.53125,35700,0.0,0.0
2000-10-03 00:00:00-04:00,0.53125,0.53125,0.46875,0.53125,75500,0.0,0.0
2000-10-04 00:00:00-04:00,0.53125,0.53125,0.484375,0.53125,16500,0.0,0.0
2000-10-05 00:00:00-04:00,0.484375,0.5,0.46875,0.46875,103500,0.0,0.0
2000-10-06 00:00:00-04:00,0.46875,0.53125,0.234375,0.4375,831000,0.0,0.0
2000-10-09 00:00:00-04:00,0.4375,0.4375,0.28125,0.375,60000,0.0,0.0
2000-10-10 00:00:00-04:00,0.40625,0.4375,0.375,0.40625,18400,0.0,0.0
2000-10-11 00:00:00-04:00,0.4375,0.4375,0.34375,0.375,13671300,0.0,0.0
2000-10-12 00:00:00-04:00,0.421875,0.5,0.296875,0.296875,2938500,0.0,0.0
2000-10-13 00:00:00-04:00,0.40625,0.5,0.375,0.5,1525500,0.0,0.0
2000-10-16 00:00:00-04:00,0.59375,0.6875,0.5,0.5,65400,0.0,0.0
2000-10-17 00:00:00-04:00,0.609375,0.625,0.4375,0.46875,86900,0.0,0.0
2000-10-18 00:00:00-04:00,0.5,0.5625,0.4375,0.4375,88300,0.0,0.0
2000-10-19 00:00:00-04:00,0.59375,0.625,0.4375,0.5,71100,0.0,0.0
2000-10-20 00:00:00-04:00,0.53125,0.5625,0.5,0.5,20600,0.0,0.0
2000-10-23 00:00:00-04:00,0.546875,0.5625,0.5,0.5,21300,0.0,0.0
2000-10-24 00:00:00-04:00,0.5,0.53125,0.4375,0.5,32400,0.0,0.0
2000-10-25 00:00:00-04:00,0.4375,0.5,0.4375,0.4375,29000,0.0,0.0
2000-10-26 00:00:00-04:00,0.53125,0.53125,0.4375,0.46875,168600,0.0,0.0
2000-10-27 00:00:00-04:00,0.46875,0.5,0.4375,0.4375,115300,0.0,0.0
2000-10-30 00:00:00-05:00,0.453125,0.46875,0.40625,0.4375,36600,0.0,0.0
2000-10-31 00:00:00-05:00,0.46875,0.5,0.46875,0.5,44200,0.0,0.0
2000-11-01 00:00:00-05:00,0.4375,0.4375,0.4375,0.4375,13100,0.0,0.0
2000-11-02 00:00:00-05:00,0.4375,0.4375,0.40625,0.40625,7300,0.0,0.0
2000-11-03 00:00:00-05:00,0.4375,0.5,0.40625,0.40625,104700,0.0,0.0
2000-11-06 00:00:00-05:00,0.4375,0.46875,0.40625,0.46875,88500,0.0,0.0
2000-11-07 00:00:00-05:00,0.5,0.5,0.4375,0.46875,125500,0.0,0.0
2000-11-08 00:00:00-05:00,0.453125,0.5,0.4375,0.46875,90200,0.0,0.0
2000-11-09 00:00:00-05:00,0.46875,0.5,0.46875,0.46875,44300,0.0,0.0
2000-11-10 00:00:00-05:00,0.5,0.5,0.46875,0.46875,80800,0.0,0.0
2000-11-13 00:00:00-05:00,0.46875,0.5,0.46875,0.5,39900,0.0,0.0
2000-11-14 00:00:00-05:00,0.5,0.5625,0.4375,0.5625,203600,0.0,0.0
2000-11-15 00:00:00-05:00,0.484375,0.625,0.4375,0.59375,202700,0.0,0.0
2000-11-16 00:00:00-05:00,0.671875,0.71875,0.53125,0.53125,86900,0.0,0.0
2000-11-17 00:00:00-05:00,0.5625,0.5625,0.5625,0.5625,2500,0.0,0.0
2000-11-20 00:00:00-05:00,0.609375,0.625,0.5,0.5,32200,0.0,0.0
2000-11-21 00:00:00-05:00,0.5625,0.5625,0.46875,0.5,68200,0.0,0.0
2000-11-22 00:00:00-05:00,0.46875,0.53125,0.40625,0.4375,174600,0.0,0.0
2000-11-24 00:00:00-05:00,0.5,0.5625,0.46875,0.5,41600,0.0,0.0
2000-11-27 00:00:00-05:00,0.5,0.5,0.46875,0.5,109200,0.0,0.0
2000-11-28 00:00:00-05:00,0.46875,0.5,0.46875,0.46875,9900,0.0,0.0
2000-11-29 00:00:00-05:00,0.46875,0.5,0.46875,0.5,6400,0.0,0.0
2000-11-30 00:00:00-05:00,0.484375,0.5,0.40625,0.5,16200,0.0,0.0
2000-12-01 00:00:00-05:00,0.46875,0.5,0.40625,0.46875,19100,0.0,0.0
2000-12-04 00:00:00-05:00,0.46875,0.46875,0.4375,0.4375,21300,0.0,0.0
2000-12-05 00:00:00-05:00,0.40625,0.4375,0.3125,0.4375,867000,0.0,0.0
2000-12-06 00:00:00-05:00,0.421875,0.421875,0.375,0.40625,64500,0.0,0.0
2000-12-07 00:00:00-05:00,0.375,0.40625,0.34375,0.375,179200,0.0,0.0
2000-12-08 00:00:00-05:00,0.375,0.40625,0.34375,0.375,69300,0.0,0.0
2000-12-11 00:00:00-05:00,0.34375,0.40625,0.34375,0.40625,144600,0.0,0.0
2000-12-12 00:00:00-05:00,0.390625,0.390625,0.34375,0.375,74400,0.0,0.0
2000-12-13 00:00:00-05:00,0.328125,0.4375,0.328125,0.375,97300,0.0,0.0
2000-12-14 00:00:00-05:00,0.375,0.4375,0.375,0.421875,29600,0.0,0.0
2000-12-15 00:00:00-05:00,0.4375,0.4375,0.375,0.4375,60400,0.0,0.0
2000-12-18 00:00:00-05:00,0.4375,0.4375,0.375,0.40625,84300,0.0,0.0
2000-12-19 00:00:00-05:00,0.375,0.625,0.375,0.5,320300,0.0,0.0
2000-12-20 00:00:00-05:00,0.46875,0.5,0.40625,0.5,332900,0.0,0.0
2000-12-21 00:00:00-05:00,0.46875,0.53125,0.46875,0.5,346400,0.0,0.0
2000-12-22 00:00:00-05:00,0.46875,0.5,0.46875,0.46875,141400,0.0,0.0
2000-12-26 00:00:00-05:00,0.46875,0.5,0.40625,0.46875,134300,0.0,0.0
2000-12-27 00:00:00-05:00,0.46875,0.5,0.40625,0.5,372800,0.0,0.0
2000-12-28 00:00:00-05:00,0.46875,0.5,0.46875,0.46875,364400,0.0,0.0
2000-12-29 00:00:00-05:00,0.5,0.65625,0.4375,0.625,752100,0.0,0.0
2001-01-02 00:00:00-05:00,0.625,0.625,0.53125,0.53125,2400,0.0,0.0
2001-01-03 00:00:00-05:00,0.53125,0.53125,0.53125,0.53125,1500,0.0,0.0
2001-01-04 00:00:00-05:00,0.515625,0.5625,0.5,0.5,5000,0.0,0.0
2001-01-05 00:00:00-05:00,0.5,0.65625,0.5,0.625,28700,0.0,0.0
2001-01-08 00:00:00-05:00,0.59375,0.6875,0.59375,0.6875,21300,0.0,0.0
2001-01-09 00:00:00-05:00,0.75,1.0,0.6875,0.75,1659100,0.0,0.0
2001-01-10 00:00:00-05:00,0.8125,0.8125,0.6875,0.75,399200,0.0,0.0
2001-01-11 00:00:00-05:00,0.75,0.90625,0.71875,0.828125,4038000,0.0,0.0
2001-01-12 00:00:00-05:00,0.8125,0.90625,0.8125,0.90625,120200,0.0,0.0
2001-01-16 00:00:00-05:00,0.875,0.96875,0.828125,0.90625,242500,0.0,0.0
2001-01-17 00:00:00-05:00,0.90625,0.96875,0.90625,0.953125,97700,0.0,0.0
2001-01-18 00:00:00-05:00,0.96875,0.96875,0.9375,0.96875,59400,0.0,0.0
2001-01-19 00:00:00-05:00,1.0,1.0,0.9375,0.96875,45000,0.0,0.0
2001-01-22 00:00:00-05:00,1.0,1.0,0.96875,1.0,95600,0.0,0.0
2001-01-23 00:00:00-05:00,1.0,1.09375,0.984375,1.0625,497400,0.0,0.0
2001-01-24 00:00:00-05:00,1.0625,1.125,1.03125,1.0625,215300,0.0,0.0
2001-01-25 00:00:00-05:00,1.09375,1.09375,0.96875,1.0,77000,0.0,0.0
2001-01-26 00:00:00-05:00,1.0,1.03125,1.0,1.03125,2000,0.0,0.0
2001-01-29 00:00:00-05:00,1.03125,1.046875,1.0,1.03125,43200,0.0,0.0
2001-01-30 00:00:00-05:00,1.015625,1.0625,1.015625,1.03125,615400,0.0,0.0
2001-01-31 00:00:00-05:00,1.015625,1.015625,1.015625,1.015625,6400,0.0,0.0
2001-02-01 00:00:00-05:00,1.015625,1.03125,1.015625,1.03125,14300,0.0,0.0
2001-02-02 00:00:00-05:00,1.015625,1.03125,1.015625,1.03125,104300,0.0,0.0
2001-02-05 00:00:00-05:00,1.046875,1.109375,1.015625,1.0625,420800,0.0,0.0
2001-02-06 00:00:00-05:00,1.0625,1.09375,1.03125,1.0625,63500,0.0,0.0
2001-02-07 00:00:00-05:00,1.046875,1.09375,1.03125,1.0625,445800,0.0,0.0
2001-02-08 00:00:00-05:00,1.046875,1.0625,1.0,1.0625,4300,0.0,0.0
2001-02-09 00:00:00-05:00,1.0625,1.0625,1.046875,1.0625,3200,0.0,0.0
2001-02-12 00:00:00-05:00,1.046875,1.125,1.046875,1.0625,276100,0.0,0.0
2001-02-13 00:00:00-05:00,1.125,1.125,1.03125,1.03125,154900,0.0,0.0
2001-02-14 00:00:00-05:00,1.0625,1.125,0.8125,1.015625,512400,0.0,0.0
2001-02-15 00:00:00-05:00,1.0625,1.09375,1.0,1.09375,38700,0.0,0.0
2001-02-16 00:00:00-05:00,1.0625,1.0625,0.96875,1.0,456300,0.0,0.0
2001-02-20 00:00:00-05:00,1.03125,1.03125,0.9375,0.9375,22400,0.0,0.0
2001-02-21 00:00:00-05:00,1.0,1.0,1.0,1.0,29400,0.0,0.0
2001-02-22 00:00:00-05:00,1.0,1.0,0.984375,0.984375,2700,0.0,0.0
2001-02-23 00:00:00-05:00,1.0,1.0,0.84375,0.96875,59900,0.0,0.0
2001-02-26 00:00:00-05:00,1.0,1.0,0.96875,0.96875,5800,0.0,0.0
2001-02-27 00:00:00-05:00,0.96875,0.96875,0.96875,0.96875,300,0.0,0.0
2001-02-28 00:00:00-05:00,0.96875,0.96875,0.875,0.96875,44900,0.0,0.0
2001-03-01 00:00:00-05:00,0.9375,0.96875,0.875,0.875,36200,0.0,0.0
2001-03-02 00:00:00-05:00,0.96875,1.0,0.875,0.96875,106000,0.0,0.0
2001-03-05 00:00:00-05:00,0.90625,0.96875,0.8125,0.9375,26100,0.0,0.0
2001-03-06 00:00:00-05:00,0.9375,0.9375,0.90625,0.90625,11100,0.0,0.0
2001-03-07 00:00:00-05:00,0.90625,0.90625,0.90625,0.90625,700,0.0,0.0
2001-03-08 00:00:00-05:00,0.90625,0.90625,0.90625,0.90625,2100,0.0,0.0
2001-03-09 00:00:00-05:00,0.90625,0.96875,0.90625,0.96875,14000,0.0,0.0
2001-03-12 00:00:00-05:00,0.96875,0.96875,0.765625,0.9375,45400,0.0,0.0
2001-03-13 00:00:00-05:00,0.84375,0.84375,0.84375,0.84375,3900,0.0,0.0
2001-03-14 00:00:00-05:00,0.875,0.9375,0.8125,0.90625,26900,0.0,0.0
2001-03-15 00:00:00-05:00,0.90625,0.90625,0.84375,0.84375,6000,0.0,0.0
2001-03-16 00:00:00-05:00,0.90625,0.90625,0.78125,0.875,50400,0.0,0.0
2001-03-19 00:00:00-05:00,0.875,0.9375,0.8125,0.875,34900,0.0,0.0
2001-03-20 00:00:00-05:00,0.84375,0.9375,0.84375,0.9375,1300,0.0,0.0
2001-03-21 00:00:00-05:00,0.9375,0.9375,0.8125,0.90625,14900,0.0,0.0
2001-03-22 00:00:00-05:00,0.9375,0.9375,0.875,0.875,6500,0.0,0.0
2001-03-23 00:00:00-05:00,0.875,0.875,0.875,0.875,3400,0.0,0.0
2001-03-26 00:00:00-05:00,0.875,1.03125,0.875,1.0,40300,0.0,0.0
2001-03-27 00:00:00-05:00,1.03125,1.03125,0.90625,1.0,128500,0.0,0.0
2001-03-28 00:00:00-05:00,0.9375,0.96875,0.90625,0.90625,457500,0.0,0.0
2001-03-29 00:00:00-05:00,0.875,0.90625,0.8125,0.875,129000,0.0,0.0
2001-03-30 00:00:00-05:00,0.90625,1.0,0.875,0.90625,203000,0.0,0.0
2001-04-02 00:00:00-04:00,0.9375,0.9375,0.9375,0.9375,1100,0.0,0.0
2001-04-03 00:00:00-04:00,0.9375,0.9375,0.875,0.90625,44800,0.0,0.0
2001-04-04 00:00:00-04:00,0.90625,0.90625,0.875,0.90625,20700,0.0,0.0
2001-04-05 00:00:00-04:00,0.875,0.96875,0.875,0.9375,723000,0.0,0.0
2001-04-06 00:00:00-04:00,0.9375,0.96875,0.9375,0.96875,800100,0.0,0.0
2001-04-09 00:00:00-04:00,0.9300000071525574,0.9300000071525574,0.9300000071525574,0.9300000071525574,5000,0.0,0.0
2001-04-10 00:00:00-04:00,0.8399999737739563,0.9300000071525574,0.8399999737739563,0.8999999761581421,559800,0.0,0.0
2001-04-11 00:00:00-04:00,0.9399999976158142,0.949999988079071,0.8700000047683716,0.949999988079071,81500,0.0,0.0
2001-04-12 00:00:00-04:00,0.9800000190734863,1.0,0.9800000190734863,1.0,86000,0.0,0.0
2001-04-16 00:00:00-04:00,1.0,1.0299999713897705,1.0,1.0,28400,0.0,0.0
2001-04-17 00:00:00-04:00,1.0299999713897705,1.0299999713897705,1.0099999904632568,1.0299999713897705,46600,0.0,0.0
2001-04-18 00:00:00-04:00,1.0299999713897705,1.0299999713897705,1.0299999713897705,1.0299999713897705,36100,0.0,0.0
2001-04-19 00:00:00-04:00,1.0299999713897705,1.0399999618530273,0.9399999976158142,1.0199999809265137,26600,0.0,0.0
2001-04-20 00:00:00-04:00,0.9200000166893005,1.0099999904632568,0.9200000166893005,1.0099999904632568,3400,0.0,0.0
2001-04-23 00:00:00-04:00,0.9599999785423279,1.0099999904632568,0.9599999785423279,1.0,31100,0.0,0.0
2001-04-24 00:00:00-04:00,0.9900000095367432,0.9900000095367432,0.9200000166893005,0.9200000166893005,43500,0.0,0.0
2001-04-25 00:00:00-04:00,0.9200000166893005,0.9900000095367432,0.9200000166893005,0.9800000190734863,4600,0.0,0.0
2001-04-26 00:00:00-04:00,0.949999988079071,0.9900000095367432,0.949999988079071,0.9900000095367432,7700,0.0,0.0
2001-04-27 00:00:00-04:00,1.0099999904632568,1.0499999523162842,1.0,1.0499999523162842,246900,0.0,0.0
2001-04-30 00:00:00-04:00,1.0499999523162842,1.2599999904632568,1.0399999618530273,1.2100000381469727,466900,0.0,0.0
2001-05-01 00:00:00-04:00,1.2200000286102295,1.2999999523162842,1.190000057220459,1.190000057220459,743500,0.0,0.0
2001-05-02 00:00:00-04:00,1.2000000476837158,1.2899999618530273,1.1699999570846558,1.190000057220459,158500,0.0,0.0
2001-05-03 00:00:00-04:00,1.190000057220459,1.2100000381469727,1.190000057220459,1.2100000381469727,22100,0.0,0.0
2001-05-04 00:00:00-04:00,1.190000057220459,1.25,1.190000057220459,1.2000000476837158,795600,0.0,0.0
2001-05-07 00:00:00-04:00,1.1799999475479126,1.2300000190734863,1.1799999475479126,1.2000000476837158,45000,0.0,0.0
2001-05-08 00:00:00-04:00,1.190000057220459,1.190000057220459,1.190000057220459,1.190000057220459,1000,0.0,0.0
2001-05-09 00:00:00-04:00,1.1799999475479126,1.2200000286102295,1.1699999570846558,1.1799999475479126,872100,0.0,0.0
2001-05-10 00:00:00-04:00,1.190000057220459,1.25,1.190000057220459,1.2000000476837158,240400,0.0,0.0
2001-05-11 00:00:00-04:00,1.2000000476837158,1.2000000476837158,1.1399999856948853,1.149999976158142,555900,0.0,0.0
2001-05-14 00:00:00-04:00,1.149999976158142,1.2000000476837158,1.1299999952316284,1.1299999952316284,198600,0.0,0.0
2001-05-15 00:00:00-04:00,1.190000057220459,1.190000057220459,1.1100000143051147,1.149999976158142,114100,0.0,0.0
2001-05-16 00:00:00-04:00,1.1399999856948853,1.149999976158142,1.1399999856948853,1.1399999856948853,84000,0.0,0.0
2001-05-17 00:00:00-04:00,1.149999976158142,1.149999976158142,1.1299999952316284,1.1299999952316284,83600,0.0,0.0
2001-05-18 00:00:00-04:00,1.1299999952316284,1.1299999952316284,1.100000023841858,1.100000023841858,57900,0.0,0.0
2001-05-21 00:00:00-04:00,1.100000023841858,1.1100000143051147,1.0700000524520874,1.0700000524520874,216800,0.0,0.0
2001-05-22 00:00:00-04:00,1.0700000524520874,1.0700000524520874,1.059999942779541,1.059999942779541,85600,0.0,0.0
2001-05-23 00:00:00-04:00,1.0700000524520874,1.0700000524520874,1.0700000524520874,1.0700000524520874,30000,0.0,0.0
2001-05-24 00:00:00-04:00,1.0700000524520874,1.0700000524520874,1.059999942779541,1.0700000524520874,3700,0.0,0.0
2001-05-25 00:00:00-04:00,1.059999942779541,1.0700000524520874,1.059999942779541,1.0700000524520874,11500,0.0,0.0
2001-05-29 00:00:00-04:00,1.0700000524520874,1.0700000524520874,1.059999942779541,1.059999942779541,10500,0.0,0.0
2001-05-30 00:00:00-04:00,1.0499999523162842,1.0499999523162842,1.0499999523162842,1.0499999523162842,700,0.0,0.0
2001-05-31 00:00:00-04:00,1.0499999523162842,1.0499999523162842,1.0499999523162842,1.0499999523162842,1000,0.0,0.0
2001-06-01 00:00:00-04:00,1.0299999713897705,1.0399999618530273,0.9599999785423279,1.0099999904632568,45100,0.0,0.0
2001-06-04 00:00:00-04:00,1.0299999713897705,1.0299999713897705,1.0,1.0099999904632568,164000,0.0,0.0
2001-06-05 00:00:00-04:00,1.0099999904632568,1.0099999904632568,1.0099999904632568,1.0099999904632568,7700,0.0,0.0
2001-06-06 00:00:00-04:00,1.0,1.0099999904632568,1.0,1.0099999904632568,8400,0.0,0.0
2001-06-07 00:00:00-04:00,1.0099999904632568,1.0099999904632568,1.0099999904632568,1.0099999904632568,0,0.0,0.0
2001-06-08 00:00:00-04:00,1.0099999904632568,1.0099999904632568,1.0099999904632568,1.0099999904632568,3900,0.0,0.0
2001-06-11 00:00:00-04:00,1.0,1.0,1.0,1.0,3000,0.0,0.0
2001-06-12 00:00:00-04:00,1.0,1.0,1.0,1.0,0,0.0,0.0
2001-06-13 00:00:00-04:00,1.0099999904632568,1.0099999904632568,0.8999999761581421,0.949999988079071,110200,0.0,0.0
2001-06-14 00:00:00-04:00,0.949999988079071,0.949999988079071,0.9399999976158142,0.9399999976158142,8800,0.0,0.0
2001-06-15 00:00:00-04:00,0.949999988079071,0.949999988079071,0.949999988079071,0.949999988079071,4500,0.0,0.0
2001-06-18 00:00:00-04:00,0.9599999785423279,0.9599999785423279,0.949999988079071,0.949999988079071,1300,0.0,0.0
2001-06-19 00:00:00-04:00,0.949999988079071,0.949999988079071,0.8999999761581421,0.9399999976158142,43900,0.0,0.0
2001-06-20 00:00:00-04:00,0.9200000166893005,0.949999988079071,0.9200000166893005,0.949999988079071,7000,0.0,0.0
2001-06-21 00:00:00-04:00,0.8999999761581421,0.9399999976158142,0.7699999809265137,0.8500000238418579,95800,0.0,0.0
2001-06-22 00:00:00-04:00,0.7699999809265137,0.7699999809265137,0.7300000190734863,0.75,32500,0.0,0.0
2001-06-25 00:00:00-04:00,0.75,0.75,0.6899999976158142,0.6899999976158142,71700,0.0,0.0
2001-06-26 00:00:00-04:00,0.6800000071525574,0.699999988079071,0.5799999833106995,0.6700000166893005,141600,0.0,0.0
2001-06-27 00:00:00-04:00,0.6800000071525574,0.6800000071525574,0.6800000071525574,0.6800000071525574,1100,0.0,0.0
2001-06-28 00:00:00-04:00,0.6800000071525574,0.699999988079071,0.6399999856948853,0.699999988079071,62700,0.0,0.0
2001-06-29 00:00:00-04:00,0.6499999761581421,0.6700000166893005,0.6499999761581421,0.6499999761581421,1600,0.0,0.0
2001-07-02 00:00:00-04:00,0.7200000286102295,0.75,0.7200000286102295,0.75,31000,0.0,0.0
2001-07-03 00:00:00-04:00,0.800000011920929,0.800000011920929,0.7799999713897705,0.7799999713897705,11300,0.0,0.0
2001-07-05 00:00:00-04:00,0.7799999713897705,0.800000011920929,0.75,0.75,19700,0.0,0.0
2001-07-06 00:00:00-04:00,0.7599999904632568,0.7599999904632568,0.7300000190734863,0.7599999904632568,14700,0.0,0.0
2001-07-09 00:00:00-04:00,0.800000011920929,0.800000011920929,0.75,0.75,2600,0.0,0.0
2001-07-10 00:00:00-04:00,0.800000011920929,0.8199999928474426,0.7900000214576721,0.800000011920929,93200,0.0,0.0
2001-07-11 00:00:00-04:00,0.800000011920929,0.800000011920929,0.800000011920929,0.800000011920929,0,0.0,0.0
2001-07-12 00:00:00-04:00,0.800000011920929,0.8199999928474426,0.75,0.8199999928474426,6200,0.0,0.0
2001-07-13 00:00:00-04:00,0.7200000286102295,0.8299999833106995,0.7200000286102295,0.8299999833106995,19900,0.0,0.0
2001-07-16 00:00:00-04:00,0.8199999928474426,0.8199999928474426,0.7599999904632568,0.7599999904632568,2100,0.0,0.0
2001-07-17 00:00:00-04:00,0.8199999928474426,0.8500000238418579,0.7799999713897705,0.8399999737739563,33000,0.0,0.0
2001-07-18 00:00:00-04:00,0.8399999737739563,0.8399999737739563,0.8100000023841858,0.8100000023841858,5200,0.0,0.0
2001-07-19 00:00:00-04:00,0.8100000023841858,0.8799999952316284,0.8100000023841858,0.8500000238418579,2100,0.0,0.0
2001-07-20 00:00:00-04:00,0.8100000023841858,0.8799999952316284,0.8100000023841858,0.8799999952316284,3100,0.0,0.0
2001-07-23 00:00:00-04:00,0.8799999952316284,0.8799999952316284,0.8100000023841858,0.8100000023841858,800,0.0,0.0
2001-07-24 00:00:00-04:00,0.8399999737739563,0.8399999737739563,0.8299999833106995,0.8299999833106995,7500,0.0,0.0
2001-07-25 00:00:00-04:00,0.8299999833106995,0.8500000238418579,0.8299999833106995,0.8399999737739563,3800,0.0,0.0
2001-07-26 00:00:00-04:00,0.8399999737739563,0.8399999737739563,0.8399999737739563,0.8399999737739563,0,0.0,0.0
2001-07-27 00:00:00-04:00,0.8399999737739563,0.8799999952316284,0.8399999737739563,0.8799999952316284,51000,0.0,0.0
2001-07-30 00:00:00-04:00,0.8799999952316284,0.8799999952316284,0.8799999952316284,0.8799999952316284,0,0.0,0.0
2001-07-31 00:00:00-04:00,0.8100000023841858,0.8500000238418579,0.8100000023841858,0.8500000238418579,700,0.0,0.0
2001-08-01 00:00:00-04:00,0.8500000238418579,0.8500000238418579,0.8100000023841858,0.8500000238418579,18500,0.0,0.0
2001-08-02 00:00:00-04:00,0.8500000238418579,0.8500000238418579,0.8100000023841858,0.8100000023841858,20800,0.0,0.0
2001-08-03 00:00:00-04:00,0.8100000023841858,0.8100000023841858,0.75,0.75,6200,0.0,0.0
2001-08-06 00:00:00-04:00,0.8500000238418579,0.8500000238418579,0.8199999928474426,0.8199999928474426,3400,0.0,0.0
2001-08-07 00:00:00-04:00,0.800000011920929,0.800000011920929,0.800000011920929,0.800000011920929,900,0.0,0.0
2001-08-08 00:00:00-04:00,0.75,0.75,0.75,0.75,1000,0.0,0.0
2001-08-09 00:00:00-04:00,0.800000011920929,0.8199999928474426,0.7400000095367432,0.7400000095367432,40100,0.0,0.0
2001-08-10 00:00:00-04:00,0.6700000166893005,0.7799999713897705,0.6700000166893005,0.7799999713897705,1700,0.0,0.0
2001-08-13 00:00:00-04:00,0.6700000166893005,0.75,0.6700000166893005,0.75,2100,0.0,0.0
2001-08-14 00:00:00-04:00,0.75,0.75,0.75,0.75,5000,0.0,0.0
2001-08-15 00:00:00-04:00,0.75,0.75,0.75,0.75,12500,0.0,0.0
2001-08-16 00:00:00-04:00,0.800000011920929,0.800000011920929,0.800000011920929,0.800000011920929,2500,0.0,0.0
2001-08-17 00:00:00-04:00,0.800000011920929,0.800000011920929,0.800000011920929,0.800000011920929,1000,0.0,0.0
2001-08-20 00:00:00-04:00,0.800000011920929,0.8100000023841858,0.75,0.800000011920929,1171700,0.0,0.0
2001-08-21 00:00:00-04:00,0.800000011920929,0.8100000023841858,0.7900000214576721,0.7900000214576721,95400,0.0,0.0
2001-08-22 00:00:00-04:00,0.7699999809265137,0.8500000238418579,0.7699999809265137,0.8500000238418579,33500,0.0,0.0
2001-08-23 00:00:00-04:00,0.8199999928474426,0.8199999928474426,0.8199999928474426,0.8199999928474426,4400,0.0,0.0
2001-08-24 00:00:00-04:00,0.8199999928474426,0.8399999737739563,0.8199999928474426,0.8399999737739563,13700,0.0,0.0
2001-08-27 00:00:00-04:00,0.8299999833106995,0.8299999833106995,0.8100000023841858,0.8100000023841858,171600,0.0,0.0
2001-08-28 00:00:00-04:00,0.8299999833106995,0.8500000238418579,0.7900000214576721,0.7900000214576721,598400,0.0,0.0
2001-08-29 00:00:00-04:00,0.800000011920929,0.8299999833106995,0.7900000214576721,0.8299999833106995,163500,0.0,0.0
2001-08-30 00:00:00-04:00,0.8199999928474426,0.8299999833106995,0.8100000023841858,0.8299999833106995,343200,0.0,0.0
2001-08-31 00:00:00-04:00,0.8299999833106995,0.8700000047683716,0.8299999833106995,0.8700000047683716,19200,0.0,0.0
2001-09-04 00:00:00-04:00,0.8500000238418579,0.8799999952316284,0.8500000238418579,0.8799999952316284,11500,0.0,0.0
2001-09-05 00:00:00-04:00,0.8600000143051147,0.8600000143051147,0.8500000238418579,0.8600000143051147,32300,0.0,0.0
2001-09-06 00:00:00-04:00,0.8600000143051147,0.8600000143051147,0.8600000143051147,0.8600000143051147,20000,0.0,0.0
2001-09-07 00:00:00-04:00,0.8700000047683716,0.8700000047683716,0.8199999928474426,0.8399999737739563,12100,0.0,0.0
2001-09-10 00:00:00-04:00,0.8500000238418579,0.8600000143051147,0.8500000238418579,0.8500000238418579,57000,0.0,0.0
2001-09-17 00:00:00-04:00,0.8100000023841858,0.8700000047683716,0.8100000023841858,0.8100000023841858,8800,0.0,0.0
2001-09-18 00:00:00-04:00,0.8500000238418579,0.8500000238418579,0.8100000023841858,0.8100000023841858,9000,0.0,0.0
2001-09-19 00:00:00-04:00,0.8100000023841858,0.8299999833106995,0.7599999904632568,0.7599999904632568,31600,0.0,0.0
2001-09-20 00:00:00-04:00,0.7599999904632568,0.8299999833106995,0.7599999904632568,0.7900000214576721,15700,0.0,0.0
2001-09-21 00:00:00-04:00,0.7799999713897705,0.7799999713897705,0.7200000286102295,0.7400000095367432,39100,0.0,0.0
2001-09-24 00:00:00-04:00,0.75,0.7699999809265137,0.75,0.75,10900,0.0,0.0
2001-09-25 00:00:00-04:00,0.75,0.75,0.75,0.75,2500,0.0,0.0
2001-09-26 00:00:00-04:00,0.75,0.75,0.699999988079071,0.699999988079071,31100,0.0,0.0
2001-09-27 00:00:00-04:00,0.7400000095367432,0.800000011920929,0.6800000071525574,0.6800000071525574,9700,0.0,0.0
2001-09-28 00:00:00-04:00,0.6800000071525574,0.6800000071525574,0.6800000071525574,0.6800000071525574,0,0.0,0.0
2001-10-01 00:00:00-04:00,0.6899999976158142,0.7799999713897705,0.6899999976158142,0.6899999976158142,32100,0.0,0.0
2001-10-02 00:00:00-04:00,0.6899999976158142,0.6899999976158142,0.6899999976158142,0.6899999976158142,0,0.0,0.0
2001-10-03 00:00:00-04:00,0.6800000071525574,0.699999988079071,0.6800000071525574,0.6800000071525574,3600,0.0,0.0
2001-10-04 00:00:00-04:00,0.6800000071525574,0.6800000071525574,0.6800000071525574,0.6800000071525574,0,0.0,0.0
2001-10-05 00:00:00-04:00,0.699999988079071,0.699999988079071,0.6800000071525574,0.6800000071525574,2200,0.0,0.0
2001-10-08 00:00:00-04:00,0.6800000071525574,0.6800000071525574,0.6800000071525574,0.6800000071525574,0,0.0,0.0
2001-10-09 00:00:00-04:00,0.6800000071525574,0.699999988079071,0.6800000071525574,0.699999988079071,1200,0.0,0.0
2001-10-10 00:00:00-04:00,0.699999988079071,0.699999988079071,0.699999988079071,0.699999988079071,0,0.0,0.0
2001-10-11 00:00:00-04:00,0.6899999976158142,0.6899999976158142,0.6899999976158142,0.6899999976158142,200,0.0,0.0
2001-10-12 00:00:00-04:00,0.6899999976158142,0.7099999785423279,0.6899999976158142,0.6899999976158142,30500,0.0,0.0
2001-10-15 00:00:00-04:00,0.6899999976158142,0.6899999976158142,0.6899999976158142,0.6899999976158142,0,0.0,0.0
2001-10-16 00:00:00-04:00,0.6899999976158142,0.7099999785423279,0.6800000071525574,0.7099999785423279,13500,0.0,0.0
2001-10-17 00:00:00-04:00,0.6800000071525574,0.699999988079071,0.6700000166893005,0.6700000166893005,20400,0.0,0.0
2001-10-18 00:00:00-04:00,0.6399999856948853,0.6399999856948853,0.6399999856948853,0.6399999856948853,1000,0.0,0.0
2001-10-19 00:00:00-04:00,0.6399999856948853,0.6499999761581421,0.6299999952316284,0.6499999761581421,12800,0.0,0.0
2001-10-22 00:00:00-04:00,0.6200000047683716,0.6399999856948853,0.5899999737739563,0.5899999737739563,23300,0.0,0.0
2001-10-23 00:00:00-04:00,0.5699999928474426,0.6100000143051147,0.5299999713897705,0.5299999713897705,59000,0.0,0.0
2001-10-24 00:00:00-04:00,0.5699999928474426,0.5699999928474426,0.5299999713897705,0.5299999713897705,23000,0.0,0.0
2001-10-25 00:00:00-04:00,0.5199999809265137,0.5600000023841858,0.5,0.5600000023841858,105300,0.0,0.0
2001-10-26 00:00:00-04:00,0.5600000023841858,0.6000000238418579,0.550000011920929,0.6000000238418579,93300,0.0,0.0
2001-10-29 00:00:00-05:00,0.5899999737739563,0.5899999737739563,0.5600000023841858,0.5600000023841858,3600,0.0,0.0
2001-10-30 00:00:00-05:00,0.5899999737739563,0.6299999952316284,0.5899999737739563,0.6000000238418579,25600,0.0,0.0
2001-10-31 00:00:00-05:00,0.6000000238418579,0.6000000238418579,0.550000011920929,0.6000000238418579,24700,0.0,0.0
2001-11-01 00:00:00-05:00,0.6000000238418579,0.6000000238418579,0.6000000238418579,0.6000000238418579,0,0.0,0.0
2001-11-02 00:00:00-05:00,0.6399999856948853,0.6899999976158142,0.6299999952316284,0.6700000166893005,87400,0.0,0.0
2001-11-05 00:00:00-05:00,0.6899999976158142,0.6899999976158142,0.6700000166893005,0.6700000166893005,21000,0.0,0.0
2001-11-06 00:00:00-05:00,0.6899999976158142,0.6899999976158142,0.6499999761581421,0.6800000071525574,57000,0.0,0.0
2001-11-07 00:00:00-05:00,0.6800000071525574,0.6800000071525574,0.6800000071525574,0.6800000071525574,5000,0.0,0.0
2001-11-08 00:00:00-05:00,0.6700000166893005,0.6800000071525574,0.6700000166893005,0.6700000166893005,13600,0.0,0.0
2001-11-09 00:00:00-05:00,0.6700000166893005,0.6800000071525574,0.6700000166893005,0.6800000071525574,7400,0.0,0.0
2001-11-12 00:00:00-05:00,0.6499999761581421,0.6499999761581421,0.6499999761581421,0.6499999761581421,1300,0.0,0.0
2001-11-13 00:00:00-05:00,0.699999988079071,0.699999988079071,0.6200000047683716,0.6200000047683716,33400,0.0,0.0
2001-11-14 00:00:00-05:00,0.6200000047683716,0.6200000047683716,0.6200000047683716,0.6200000047683716,5000,0.0,0.0
2001-11-15 00:00:00-05:00,0.6899999976158142,0.6899999976158142,0.6399999856948853,0.6399999856948853,25500,0.0,0.0
2001-11-16 00:00:00-05:00,0.5899999737739563,0.5899999737739563,0.5899999737739563,0.5899999737739563,2000,0.0,0.0
2001-11-19 00:00:00-05:00,0.6899999976158142,0.6899999976158142,0.6899999976158142,0.6899999976158142,600,0.0,0.0
2001-11-20 00:00:00-05:00,0.6899999976158142,0.6899999976158142,0.6899999976158142,0.6899999976158142,1000,0.0,0.0
2001-11-21 00:00:00-05:00,0.5899999737739563,0.6899999976158142,0.5899999737739563,0.6899999976158142,3200,0.0,0.0
2001-11-23 00:00:00-05:00,0.5899999737739563,0.699999988079071,0.5899999737739563,0.699999988079071,1000,0.0,0.0
2001-11-26 00:00:00-05:00,0.5899999737739563,0.6299999952316284,0.5799999833106995,0.6299999952316284,179200,0.0,0.0
2001-11-27 00:00:00-05:00,0.6299999952316284,0.6299999952316284,0.5799999833106995,0.5899999737739563,29200,0.0,0.0
2001-11-28 00:00:00-05:00,0.5799999833106995,0.6100000143051147,0.5699999928474426,0.5699999928474426,142000,0.0,0.0
2001-11-29 00:00:00-05:00,0.5699999928474426,0.5799999833106995,0.5699999928474426,0.5799999833106995,1600,0.0,0.0
2001-11-30 00:00:00-05:00,0.5799999833106995,0.5799999833106995,0.5299999713897705,0.5299999713897705,28100,0.0,0.0
2001-12-03 00:00:00-05:00,0.5299999713897705,0.5400000214576721,0.5299999713897705,0.5400000214576721,28300,0.0,0.0
2001-12-04 00:00:00-05:00,0.5299999713897705,0.5299999713897705,0.5099999904632568,0.5099999904632568,29500,0.0,0.0
2001-12-05 00:00:00-05:00,0.47999998927116394,0.5199999809265137,0.47999998927116394,0.5199999809265137,5700,0.0,0.0
2001-12-06 00:00:00-05:00,0.49000000953674316,0.550000011920929,0.47999998927116394,0.47999998927116394,108500,0.0,0.0
2001-12-07 00:00:00-05:00,0.46000000834465027,0.5400000214576721,0.46000000834465027,0.5400000214576721,51300,0.0,0.0
2001-12-10 00:00:00-05:00,0.5299999713897705,0.5299999713897705,0.46000000834465027,0.47999998927116394,128300,0.0,0.0
2001-12-11 00:00:00-05:00,0.47999998927116394,0.49000000953674316,0.46000000834465027,0.4699999988079071,92600,0.0,0.0
2001-12-12 00:00:00-05:00,0.49000000953674316,0.49000000953674316,0.44999998807907104,0.49000000953674316,137300,0.0,0.0
2001-12-13 00:00:00-05:00,0.49000000953674316,0.49000000953674316,0.4699999988079071,0.47999998927116394,22100,0.0,0.0
2001-12-14 00:00:00-05:00,0.47999998927116394,0.5,0.47999998927116394,0.47999998927116394,10400,0.0,0.0
2001-12-17 00:00:00-05:00,0.47999998927116394,0.49000000953674316,0.47999998927116394,0.49000000953674316,161900,0.0,0.0
2001-12-18 00:00:00-05:00,0.4699999988079071,0.5199999809265137,0.4699999988079071,0.47999998927116394,86800,0.0,0.0
2001-12-19 00:00:00-05:00,0.5,0.5199999809265137,0.49000000953674316,0.5199999809265137,70300,0.0,0.0
2001-12-20 00:00:00-05:00,0.5299999713897705,0.5299999713897705,0.5099999904632568,0.5299999713897705,409300,0.0,0.0
2001-12-21 00:00:00-05:00,0.5400000214576721,0.550000011920929,0.5299999713897705,0.550000011920929,29400,0.0,0.0
2001-12-24 00:00:00-05:00,0.5299999713897705,0.5899999737739563,0.5299999713897705,0.5600000023841858,65200,0.0,0.0
2001-12-26 00:00:00-05:00,0.5899999737739563,0.5899999737739563,0.5600000023841858,0.5699999928474426,82700,0.0,0.0
2001-12-27 00:00:00-05:00,0.5899999737739563,0.6299999952316284,0.5799999833106995,0.6299999952316284,59200,0.0,0.0
2001-12-28 00:00:00-05:00,0.6200000047683716,0.6600000262260437,0.6200000047683716,0.6399999856948853,96300,0.0,0.0
2001-12-31 00:00:00-05:00,0.6399999856948853,0.6899999976158142,0.6399999856948853,0.6800000071525574,146500,0.0,0.0
2002-01-02 00:00:00-05:00,0.6299999952316284,0.6600000262260437,0.6299999952316284,0.6499999761581421,22000,0.0,0.0
2002-01-03 00:00:00-05:00,0.6600000262260437,0.6899999976158142,0.6600000262260437,0.6899999976158142,365100,0.0,0.0
2002-01-04 00:00:00-05:00,0.6499999761581421,0.6499999761581421,0.6499999761581421,0.6499999761581421,400,0.0,0.0
2002-01-07 00:00:00-05:00,0.699999988079071,0.699999988079071,0.6499999761581421,0.699999988079071,19900,0.0,0.0
2002-01-08 00:00:00-05:00,0.6899999976158142,0.7099999785423279,0.6899999976158142,0.7099999785423279,12500,0.0,0.0
2002-01-09 00:00:00-05:00,0.6899999976158142,0.7200000286102295,0.6899999976158142,0.7200000286102295,330500,0.0,0.0
2002-01-10 00:00:00-05:00,0.699999988079071,0.699999988079071,0.699999988079071,0.699999988079071,1000,0.0,0.0
2002-01-11 00:00:00-05:00,0.7099999785423279,1.0,0.7099999785423279,0.8299999833106995,2819700,0.0,0.0
2002-01-14 00:00:00-05:00,0.8299999833106995,0.9399999976158142,0.7900000214576721,0.8799999952316284,124600,0.0,0.0
2002-01-15 00:00:00-05:00,0.9399999976158142,1.0,0.8799999952316284,0.9700000286102295,114500,0.0,0.0
2002-01-16 00:00:00-05:00,0.9800000190734863,1.059999942779541,0.8500000238418579,0.8899999856948853,159900,0.0,0.0
2002-01-17 00:00:00-05:00,0.8899999856948853,0.8899999856948853,0.800000011920929,0.8500000238418579,103000,0.0,0.0
2002-01-18 00:00:00-05:00,0.8100000023841858,0.9599999785423279,0.8100000023841858,0.9200000166893005,177500,0.0,0.0
2002-01-22 00:00:00-05:00,1.0099999904632568,1.0099999904632568,0.8799999952316284,0.8799999952316284,44600,0.0,0.0
2002-01-23 00:00:00-05:00,0.9700000286102295,0.9700000286102295,0.9700000286102295,0.9700000286102295,1100,0.0,0.0
2002-01-24 00:00:00-05:00,0.9700000286102295,0.9700000286102295,0.8899999856948853,0.8999999761581421,22500,0.0,0.0
2002-01-25 00:00:00-05:00,0.8999999761581421,0.8999999761581421,0.8999999761581421,0.8999999761581421,0,0.0,0.0
2002-01-28 00:00:00-05:00,0.8899999856948853,0.9700000286102295,0.8899999856948853,0.8999999761581421,3300,0.0,0.0
2002-01-29 00:00:00-05:00,0.8999999761581421,1.0099999904632568,0.8999999761581421,1.0099999904632568,133300,0.0,0.0
2002-01-30 00:00:00-05:00,1.0,1.0,0.8999999761581421,0.9100000262260437,564100,0.0,0.0
2002-01-31 00:00:00-05:00,0.9200000166893005,1.0199999809265137,0.9200000166893005,1.0,4265600,0.0,0.0
2002-02-01 00:00:00-05:00,1.0,1.159999966621399,1.0,1.1200000047683716,587800,0.0,0.0
2002-02-04 00:00:00-05:00,1.1100000143051147,1.159999966621399,1.1100000143051147,1.159999966621399,220700,0.0,0.0
2002-02-05 00:00:00-05:00,1.159999966621399,1.1699999570846558,1.149999976158142,1.159999966621399,38900,0.0,0.0
2002-02-06 00:00:00-05:00,1.149999976158142,1.159999966621399,1.1200000047683716,1.1299999952316284,109900,0.0,0.0
2002-02-07 00:00:00-05:00,1.1399999856948853,1.1399999856948853,1.1200000047683716,1.1299999952316284,1502300,0.0,0.0
2002-02-08 00:00:00-05:00,1.1100000143051147,1.1100000143051147,1.059999942779541,1.090000033378601,25500,0.0,0.0
2002-02-11 00:00:00-05:00,1.090000033378601,1.100000023841858,0.949999988079071,1.0,96000,0.0,0.0
2002-02-12 00:00:00-05:00,0.949999988079071,0.9800000190734863,0.9100000262260437,0.9200000166893005,118200,0.0,0.0
2002-02-13 00:00:00-05:00,0.9800000190734863,1.0,0.949999988079071,0.9800000190734863,1070600,0.0,0.0
2002-02-14 00:00:00-05:00,0.9800000190734863,0.9800000190734863,0.9800000190734863,0.9800000190734863,11000,0.0,0.0
2002-02-15 00:00:00-05:00,0.9599999785423279,0.9800000190734863,0.949999988079071,0.9800000190734863,15000,0.0,0.0
2002-02-19 00:00:00-05:00,0.9800000190734863,0.9900000095367432,0.949999988079071,0.949999988079071,63900,0.0,0.0
2002-02-20 00:00:00-05:00,0.9599999785423279,0.9599999785423279,0.9300000071525574,0.949999988079071,5300,0.0,0.0
2002-02-21 00:00:00-05:00,0.9300000071525574,0.9300000071525574,0.9300000071525574,0.9300000071525574,7000,0.0,0.0
2002-02-22 00:00:00-05:00,0.9300000071525574,0.9300000071525574,0.9200000166893005,0.9200000166893005,6500,0.0,0.0
2002-02-25 00:00:00-05:00,0.9399999976158142,0.9399999976158142,0.9300000071525574,0.9399999976158142,6600,0.0,0.0
2002-02-26 00:00:00-05:00,0.9399999976158142,0.9399999976158142,0.9200000166893005,0.9200000166893005,5700,0.0,0.0
2002-02-27 00:00:00-05:00,0.9200000166893005,0.9200000166893005,0.9200000166893005,0.9200000166893005,2000,0.0,0.0
2002-02-28 00:00:00-05:00,0.9200000166893005,0.9200000166893005,0.9200000166893005,0.9200000166893005,10000,0.0,0.0
2002-03-01 00:00:00-05:00,0.9200000166893005,0.9200000166893005,0.9200000166893005,0.9200000166893005,2900,0.0,0.0
2002-03-04 00:00:00-05:00,0.9200000166893005,0.9200000166893005,0.9200000166893005,0.9200000166893005,1000,0.0,0.0
2002-03-05 00:00:00-05:00,0.8999999761581421,0.9399999976158142,0.8999999761581421,0.9100000262260437,9700,0.0,0.0
2002-03-06 00:00:00-05:00,0.9399999976158142,0.9399999976158142,0.9100000262260437,0.9100000262260437,2800,0.0,0.0
2002-03-07 00:00:00-05:00,0.9100000262260437,0.9100000262260437,0.8799999952316284,0.8899999856948853,32100,0.0,0.0
2002-03-08 00:00:00-05:00,0.8799999952316284,1.0,0.8799999952316284,0.9599999785423279,145400,0.0,0.0
2002-03-11 00:00:00-05:00,0.9300000071525574,0.9800000190734863,0.9300000071525574,0.9800000190734863,38200,0.0,0.0
2002-03-12 00:00:00-05:00,0.9300000071525574,0.949999988079071,0.8999999761581421,0.8999999761581421,99400,0.0,0.0
2002-03-13 00:00:00-05:00,0.9100000262260437,0.9300000071525574,0.9100000262260437,0.9300000071525574,11700,0.0,0.0
2002-03-14 00:00:00-05:00,0.9300000071525574,0.9300000071525574,0.8899999856948853,0.8999999761581421,42000,0.0,0.0
2002-03-15 00:00:00-05:00,0.9300000071525574,0.9300000071525574,0.9100000262260437,0.9200000166893005,23200,0.0,0.0
2002-03-18 00:00:00-05:00,0.9300000071525574,0.9300000071525574,0.8700000047683716,0.9200000166893005,28800,0.0,0.0
2002-03-19 00:00:00-05:00,0.8999999761581421,0.949999988079071,0.8999999761581421,0.9200000166893005,15900,0.0,0.0
2002-03-20 00:00:00-05:00,0.9399999976158142,0.9399999976158142,0.9200000166893005,0.9300000071525574,13600,0.0,0.0
2002-03-21 00:00:00-05:00,0.9300000071525574,0.9300000071525574,0.9300000071525574,0.9300000071525574,0,0.0,0.0
2002-03-22 00:00:00-05:00,1.0,1.0,1.0,1.0,3700,0.0,0.0
2002-03-25 00:00:00-05:00,1.0,1.0399999618530273,1.0,1.0399999618530273,12900,0.0,0.0
2002-03-26 00:00:00-05:00,1.0099999904632568,1.0399999618530273,0.9800000190734863,0.9900000095367432,35200,0.0,0.0
2002-03-27 00:00:00-05:00,0.9800000190734863,1.0,0.949999988079071,1.0,47500,0.0,0.0
2002-03-28 00:00:00-05:00,0.9599999785423279,1.0399999618530273,0.9599999785423279,1.0099999904632568,36200,0.0,0.0
2002-04-01 00:00:00-05:00,1.0299999713897705,1.0299999713897705,1.0299999713897705,1.0299999713897705,2300,0.0,0.0
2002-04-02 00:00:00-05:00,1.0299999713897705,1.0299999713897705,1.0299999713897705,1.0299999713897705,0,0.0,0.0
2002-04-03 00:00:00-05:00,1.0499999523162842,1.0499999523162842,0.9700000286102295,0.9700000286102295,26300,0.0,0.0
2002-04-04 00:00:00-05:00,0.9700000286102295,0.9700000286102295,0.9700000286102295,0.9700000286102295,0,0.0,0.0
2002-04-05 00:00:00-05:00,0.9700000286102295,0.9700000286102295,0.9700000286102295,0.9700000286102295,0,0.0,0.0
2002-04-08 00:00:00-04:00,0.9599999785423279,0.9599999785423279,0.949999988079071,0.949999988079071,4000,0.0,0.0
2002-04-09 00:00:00-04:00,0.9200000166893005,0.949999988079071,0.8899999856948853,0.8999999761581421,42700,0.0,0.0
2002-04-10 00:00:00-04:00,0.9399999976158142,0.9399999976158142,0.9399999976158142,0.9399999976158142,200,0.0,0.0
2002-04-11 00:00:00-04:00,0.8899999856948853,0.8999999761581421,0.8899999856948853,0.8999999761581421,11200,0.0,0.0
2002-04-12 00:00:00-04:00,0.8999999761581421,0.8999999761581421,0.8899999856948853,0.8899999856948853,4300,0.0,0.0
2002-04-15 00:00:00-04:00,0.8600000143051147,0.8600000143051147,0.7300000190734863,0.75,149500,0.0,0.0
2002-04-16 00:00:00-04:00,0.7400000095367432,0.75,0.7200000286102295,0.7200000286102295,60900,0.0,0.0
2002-04-17 00:00:00-04:00,0.800000011920929,0.800000011920929,0.800000011920929,0.800000011920929,1400,0.0,0.0
2002-04-18 00:00:00-04:00,0.7300000190734863,0.800000011920929,0.7300000190734863,0.75,53400,0.0,0.0
2002-04-19 00:00:00-04:00,0.75,0.75,0.75,0.75,0,0.0,0.0
2002-04-22 00:00:00-04:00,0.8100000023841858,0.8999999761581421,0.8100000023841858,0.8799999952316284,24800,0.0,0.0
2002-04-23 00:00:00-04:00,0.8399999737739563,0.8700000047683716,0.7699999809265137,0.8700000047683716,17000,0.0,0.0
2002-04-24 00:00:00-04:00,0.7699999809265137,0.7699999809265137,0.7699999809265137,0.7699999809265137,800,0.0,0.0
2002-04-25 00:00:00-04:00,0.8600000143051147,0.8899999856948853,0.7799999713897705,0.8899999856948853,25000,0.0,0.0
2002-04-26 00:00:00-04:00,0.8899999856948853,0.8899999856948853,0.8899999856948853,0.8899999856948853,0,0.0,0.0
2002-04-29 00:00:00-04:00,0.8899999856948853,0.8899999856948853,0.8299999833106995,0.8299999833106995,500,0.0,0.0
2002-04-30 00:00:00-04:00,0.8299999833106995,0.8600000143051147,0.8299999833106995,0.8600000143051147,3100,0.0,0.0
2002-05-01 00:00:00-04:00,0.8999999761581421,0.949999988079071,0.8999999761581421,0.949999988079071,36800,0.0,0.0
2002-05-02 00:00:00-04:00,0.8799999952316284,0.9700000286102295,0.8799999952316284,0.949999988079071,120100,0.0,0.0
2002-05-03 00:00:00-04:00,0.949999988079071,0.949999988079071,0.8999999761581421,0.8999999761581421,2300,0.0,0.0
2002-05-06 00:00:00-04:00,0.8999999761581421,0.9900000095367432,0.8999999761581421,0.9900000095367432,109800,0.0,0.0
2002-05-07 00:00:00-04:00,0.9700000286102295,1.0099999904632568,0.9700000286102295,1.0,214000,0.0,0.0
2002-05-08 00:00:00-04:00,1.0099999904632568,1.1399999856948853,1.0,1.1200000047683716,452400,0.0,0.0
2002-05-09 00:00:00-04:00,1.1100000143051147,1.149999976158142,1.100000023841858,1.1299999952316284,177900,0.0,0.0
2002-05-10 00:00:00-04:00,1.1299999952316284,1.1299999952316284,1.1200000047683716,1.1299999952316284,130000,0.0,0.0
2002-05-13 00:00:00-04:00,1.1200000047683716,1.190000057220459,1.1200000047683716,1.190000057220459,265900,0.0,0.0
2002-05-14 00:00:00-04:00,1.1699999570846558,1.2200000286102295,1.1699999570846558,1.2000000476837158,337700,0.0,0.0
2002-05-15 00:00:00-04:00,1.2000000476837158,1.2000000476837158,1.149999976158142,1.2000000476837158,81100,0.0,0.0
2002-05-16 00:00:00-04:00,1.1699999570846558,1.190000057220459,1.159999966621399,1.1699999570846558,91100,0.0,0.0
2002-05-17 00:00:00-04:00,1.1399999856948853,1.190000057220459,1.1200000047683716,1.1200000047683716,24100,0.0,0.0
2002-05-20 00:00:00-04:00,1.1200000047683716,1.1299999952316284,1.1200000047683716,1.1299999952316284,49000,0.0,0.0
2002-05-21 00:00:00-04:00,1.1200000047683716,1.1200000047683716,1.0800000429153442,1.0800000429153442,7400,0.0,0.0
2002-05-22 00:00:00-04:00,1.0800000429153442,1.0800000429153442,1.0,1.0099999904632568,29400,0.0,0.0
2002-05-23 00:00:00-04:00,1.0399999618530273,1.0499999523162842,1.0399999618530273,1.0499999523162842,12600,0.0,0.0
2002-05-24 00:00:00-04:00,1.0099999904632568,1.0199999809265137,1.0099999904632568,1.0099999904632568,7600,0.0,0.0
2002-05-28 00:00:00-04:00,1.0099999904632568,1.0199999809265137,0.9800000190734863,1.0,21600,0.0,0.0
2002-05-29 00:00:00-04:00,0.9700000286102295,0.9700000286102295,0.9700000286102295,0.9700000286102295,100000,0.0,0.0
2002-05-30 00:00:00-04:00,0.9800000190734863,0.9800000190734863,0.9800000190734863,0.9800000190734863,5000,0.0,0.0
2002-05-31 00:00:00-04:00,1.0199999809265137,1.0399999618530273,1.0199999809265137,1.0299999713897705,73800,0.0,0.0
2002-06-03 00:00:00-04:00,1.0499999523162842,1.0499999523162842,1.0199999809265137,1.0199999809265137,85400,0.0,0.0
2002-06-04 00:00:00-04:00,1.0399999618530273,1.0499999523162842,1.0299999713897705,1.0399999618530273,70300,0.0,0.0
2002-06-05 00:00:00-04:00,1.0499999523162842,1.059999942779541,1.0399999618530273,1.0499999523162842,63000,0.0,0.0
2002-06-06 00:00:00-04:00,1.0399999618530273,1.0399999618530273,1.0399999618530273,1.0399999618530273,37400,0.0,0.0
2002-06-07 00:00:00-04:00,1.0399999618530273,1.0399999618530273,0.9800000190734863,0.9800000190734863,39400,0.0,0.0
2002-06-10 00:00:00-04:00,1.0199999809265137,1.0700000524520874,1.0,1.0099999904632568,21600,0.0,0.0
2002-06-11 00:00:00-04:00,1.0099999904632568,1.0499999523162842,1.0099999904632568,1.0299999713897705,10700,0.0,0.0
2002-06-12 00:00:00-04:00,1.0299999713897705,1.0299999713897705,1.0299999713897705,1.0299999713897705,1000,0.0,0.0
2002-06-13 00:00:00-04:00,1.0299999713897705,1.0299999713897705,1.0299999713897705,1.0299999713897705,600,0.0,0.0
2002-06-14 00:00:00-04:00,1.059999942779541,1.0700000524520874,1.0399999618530273,1.059999942779541,79600,0.0,0.0
2002-06-17 00:00:00-04:00,1.0499999523162842,1.0700000524520874,1.0499999523162842,1.0499999523162842,63700,0.0,0.0
2002-06-18 00:00:00-04:00,1.0499999523162842,1.059999942779541,1.0099999904632568,1.0099999904632568,33300,0.0,0.0
2002-06-19 00:00:00-04:00,1.0099999904632568,1.0399999618530273,1.0099999904632568,1.0199999809265137,11600,0.0,0.0
2002-06-20 00:00:00-04:00,1.0499999523162842,1.059999942779541,1.0099999904632568,1.0299999713897705,14700,0.0,0.0
2002-06-21 00:00:00-04:00,1.0099999904632568,1.059999942779541,1.0099999904632568,1.059999942779541,14500,0.0,0.0
2002-06-24 00:00:00-04:00,1.0399999618530273,1.0399999618530273,1.0099999904632568,1.0399999618530273,23300,0.0,0.0
2002-06-25 00:00:00-04:00,1.0299999713897705,1.0399999618530273,1.0299999713897705,1.0399999618530273,6900,0.0,0.0
2002-06-26 00:00:00-04:00,1.0299999713897705,1.0299999713897705,0.9200000166893005,0.949999988079071,48800,0.0,0.0
2002-06-27 00:00:00-04:00,0.949999988079071,0.949999988079071,0.9300000071525574,0.949999988079071,7900,0.0,0.0
2002-06-28 00:00:00-04:00,0.9300000071525574,0.9300000071525574,0.9300000071525574,0.9300000071525574,600,0.0,0.0
2002-07-01 00:00:00-04:00,0.9599999785423279,0.9599999785423279,0.9300000071525574,0.9300000071525574,60000,0.0,0.0
2002-07-02 00:00:00-04:00,0.9200000166893005,0.949999988079071,0.9200000166893005,0.949999988079071,8900,0.0,0.0
2002-07-03 00:00:00-04:00,0.9100000262260437,0.9200000166893005,0.9100000262260437,0.9100000262260437,62900,0.0,0.0
2002-07-05 00:00:00-04:00,0.9100000262260437,0.9100000262260437,0.9100000262260437,0.9100000262260437,5000,0.0,0.0
2002-07-08 00:00:00-04:00,0.9100000262260437,0.9100000262260437,0.8799999952316284,0.8799999952316284,11600,0.0,0.0
2002-07-09 00:00:00-04:00,0.8700000047683716,0.8700000047683716,0.8700000047683716,0.8700000047683716,1000,0.0,0.0
2002-07-10 00:00:00-04:00,0.8700000047683716,0.949999988079071,0.8700000047683716,0.949999988079071,9100,0.0,0.0
2002-07-11 00:00:00-04:00,0.8999999761581421,0.949999988079071,0.8999999761581421,0.949999988079071,10000,0.0,0.0
2002-07-12 00:00:00-04:00,0.949999988079071,1.0199999809265137,0.949999988079071,1.0199999809265137,32100,0.0,0.0
2002-07-15 00:00:00-04:00,1.0199999809265137,1.0199999809265137,0.9800000190734863,1.0099999904632568,82200,0.0,0.0
2002-07-16 00:00:00-04:00,1.0099999904632568,1.0099999904632568,0.9900000095367432,1.0,81800,0.0,0.0
2002-07-17 00:00:00-04:00,1.0099999904632568,1.0499999523162842,1.0,1.0099999904632568,99700,0.0,0.0
2002-07-18 00:00:00-04:00,1.0099999904632568,1.0099999904632568,0.9900000095367432,1.0,65900,0.0,0.0
2002-07-19 00:00:00-04:00,1.0,1.0199999809265137,1.0,1.0199999809265137,1100,0.0,0.0
2002-07-22 00:00:00-04:00,1.0,1.0299999713897705,1.0,1.0299999713897705,7200,0.0,0.0
2002-07-23 00:00:00-04:00,1.0299999713897705,1.0299999713897705,1.0299999713897705,1.0299999713897705,0,0.0,0.0
2002-07-24 00:00:00-04:00,1.0099999904632568,1.0399999618530273,0.9900000095367432,1.0399999618530273,103400,0.0,0.0
2002-07-25 00:00:00-04:00,1.0099999904632568,1.0099999904632568,1.0,1.0099999904632568,22000,0.0,0.0
2002-07-26 00:00:00-04:00,1.0099999904632568,1.0499999523162842,1.0,1.0499999523162842,17600,0.0,0.0
2002-07-29 00:00:00-04:00,1.0099999904632568,1.0299999713897705,1.0,1.0,36700,0.0,0.0
2002-07-30 00:00:00-04:00,1.0,1.0099999904632568,0.9800000190734863,1.0099999904632568,32700,0.0,0.0
2002-07-31 00:00:00-04:00,1.0299999713897705,1.0499999523162842,1.0199999809265137,1.0499999523162842,13900,0.0,0.0
2002-08-01 00:00:00-04:00,1.0199999809265137,1.0800000429153442,1.0,1.0399999618530273,168600,0.0,0.0
2002-08-02 00:00:00-04:00,1.0700000524520874,1.0700000524520874,1.0399999618530273,1.059999942779541,157700,0.0,0.0
2002-08-05 00:00:00-04:00,1.0399999618530273,1.0499999523162842,1.0199999809265137,1.0299999713897705,75400,0.0,0.0
2002-08-06 00:00:00-04:00,1.0199999809265137,1.0299999713897705,1.0,1.0199999809265137,11100,0.0,0.0
2002-08-07 00:00:00-04:00,1.0,1.0099999904632568,1.0,1.0,9300,0.0,0.0
2002-08-08 00:00:00-04:00,1.0099999904632568,1.0099999904632568,1.0,1.0,24800,0.0,0.0
2002-08-09 00:00:00-04:00,0.9900000095367432,0.9900000095367432,0.9900000095367432,0.9900000095367432,2500,0.0,0.0
2002-08-12 00:00:00-04:00,0.9800000190734863,1.0,0.9599999785423279,1.0,21000,0.0,0.0
2002-08-13 00:00:00-04:00,1.0099999904632568,1.0099999904632568,0.9900000095367432,1.0099999904632568,5600,0.0,0.0
2002-08-14 00:00:00-04:00,1.059999942779541,1.059999942779541,1.0099999904632568,1.0199999809265137,90900,0.0,0.0
2002-08-15 00:00:00-04:00,1.0199999809265137,1.0199999809265137,1.0,1.0099999904632568,12000,0.0,0.0
2002-08-16 00:00:00-04:00,1.0499999523162842,1.0499999523162842,0.9900000095367432,1.0,59900,0.0,0.0
2002-08-19 00:00:00-04:00,1.0199999809265137,1.100000023841858,1.0199999809265137,1.059999942779541,57800,0.0,0.0
2002-08-20 00:00:00-04:00,1.090000033378601,1.090000033378601,1.0399999618530273,1.0399999618530273,11400,0.0,0.0
2002-08-21 00:00:00-04:00,1.0499999523162842,1.059999942779541,1.0399999618530273,1.059999942779541,3700,0.0,0.0
2002-08-22 00:00:00-04:00,1.059999942779541,1.059999942779541,1.0399999618530273,1.0399999618530273,21100,0.0,0.0
2002-08-23 00:00:00-04:00,0.9900000095367432,0.9900000095367432,0.9900000095367432,0.9900000095367432,100,0.0,0.0
2002-08-26 00:00:00-04:00,0.9900000095367432,1.0299999713897705,0.9900000095367432,0.9900000095367432,31600,0.0,0.0
2002-08-27 00:00:00-04:00,0.9900000095367432,0.9900000095367432,0.9599999785423279,0.9700000286102295,10300,0.0,0.0
2002-08-28 00:00:00-04:00,0.9700000286102295,0.9900000095367432,0.949999988079071,0.9900000095367432,21900,0.0,0.0
2002-08-29 00:00:00-04:00,0.9900000095367432,0.9900000095367432,0.9399999976158142,0.9399999976158142,10000,0.0,0.0
2002-08-30 00:00:00-04:00,0.9399999976158142,0.9399999976158142,0.9399999976158142,0.9399999976158142,0,0.0,0.0
2002-09-03 00:00:00-04:00,0.9399999976158142,0.9399999976158142,0.9399999976158142,0.9399999976158142,100,0.0,0.0
2002-09-04 00:00:00-04:00,0.9399999976158142,0.9399999976158142,0.9399999976158142,0.9399999976158142,2600,0.0,0.0
2002-09-05 00:00:00-04:00,0.9399999976158142,0.9599999785423279,0.8999999761581421,0.8999999761581421,43200,0.0,0.0
2002-09-06 00:00:00-04:00,0.8999999761581421,0.8999999761581421,0.8999999761581421,0.8999999761581421,6400,0.0,0.0
2002-09-09 00:00:00-04:00,0.9200000166893005,0.9200000166893005,0.8399999737739563,0.8399999737739563,6700,0.0,0.0
2002-09-10 00:00:00-04:00,0.8799999952316284,0.8999999761581421,0.8700000047683716,0.8700000047683716,16900,0.0,0.0
2002-09-11 00:00:00-04:00,0.9399999976158142,0.9399999976158142,0.8799999952316284,0.8799999952316284,1500,0.0,0.0
2002-09-12 00:00:00-04:00,0.8600000143051147,0.8600000143051147,0.8600000143051147,0.8600000143051147,100,0.0,0.0
2002-09-13 00:00:00-04:00,0.8600000143051147,0.8600000143051147,0.8600000143051147,0.8600000143051147,200,0.0,0.0
2002-09-16 00:00:00-04:00,0.9300000071525574,0.9300000071525574,0.8899999856948853,0.9100000262260437,64800,0.0,0.0
2002-09-17 00:00:00-04:00,0.9100000262260437,0.9100000262260437,0.9100000262260437,0.9100000262260437,0,0.0,0.0
2002-09-18 00:00:00-04:00,0.8899999856948853,0.9100000262260437,0.8799999952316284,0.8999999761581421,80300,0.0,0.0
2002-09-19 00:00:00-04:00,0.8999999761581421,1.0099999904632568,0.8799999952316284,0.8799999952316284,24700,0.0,0.0
2002-09-20 00:00:00-04:00,0.8799999952316284,0.8799999952316284,0.8799999952316284,0.8799999952316284,0,0.0,0.0
2002-09-23 00:00:00-04:00,0.8999999761581421,0.8999999761581421,0.8500000238418579,0.8500000238418579,22000,0.0,0.0
2002-09-24 00:00:00-04:00,0.8500000238418579,0.8500000238418579,0.8199999928474426,0.8199999928474426,11400,0.0,0.0
2002-09-25 00:00:00-04:00,0.8100000023841858,0.8100000023841858,0.7900000214576721,0.8100000023841858,22800,0.0,0.0
2002-09-26 00:00:00-04:00,0.7799999713897705,0.7799999713897705,0.75,0.75,14000,0.0,0.0
2002-09-27 00:00:00-04:00,0.7699999809265137,0.7699999809265137,0.75,0.75,26000,0.0,0.0
2002-09-30 00:00:00-04:00,0.75,0.7599999904632568,0.75,0.7599999904632568,1800,0.0,0.0
2002-10-01 00:00:00-04:00,0.75,0.8500000238418579,0.75,0.8500000238418579,155600,0.0,0.0
2002-10-02 00:00:00-04:00,0.8500000238418579,0.8500000238418579,0.8500000238418579,0.8500000238418579,0,0.0,0.0
2002-10-03 00:00:00-04:00,0.800000011920929,0.800000011920929,0.800000011920929,0.800000011920929,2200,0.0,0.0
2002-10-04 00:00:00-04:00,0.800000011920929,0.800000011920929,0.7799999713897705,0.7799999713897705,8000,0.0,0.0
2002-10-07 00:00:00-04:00,0.8299999833106995,0.8299999833106995,0.7799999713897705,0.8299999833106995,6500,0.0,0.0
2002-10-08 00:00:00-04:00,0.8299999833106995,0.8299999833106995,0.7599999904632568,0.800000011920929,6300,0.0,0.0
2002-10-09 00:00:00-04:00,0.7599999904632568,0.7599999904632568,0.7599999904632568,0.7599999904632568,2000,0.0,0.0
2002-10-10 00:00:00-04:00,0.7599999904632568,0.800000011920929,0.7400000095367432,0.800000011920929,10400,0.0,0.0
2002-10-11 00:00:00-04:00,0.7400000095367432,0.7400000095367432,0.7400000095367432,0.7400000095367432,300,0.0,0.0
2002-10-14 00:00:00-04:00,0.7400000095367432,0.7400000095367432,0.7400000095367432,0.7400000095367432,5000,0.0,0.0
2002-10-15 00:00:00-04:00,0.7400000095367432,0.7400000095367432,0.7400000095367432,0.7400000095367432,0,0.0,0.0
2002-10-16 00:00:00-04:00,0.7400000095367432,0.7400000095367432,0.7400000095367432,0.7400000095367432,0,0.0,0.0
2002-10-17 00:00:00-04:00,0.7799999713897705,0.7799999713897705,0.7799999713897705,0.7799999713897705,1100,0.0,0.0
2002-10-18 00:00:00-04:00,0.699999988079071,0.699999988079071,0.699999988079071,0.699999988079071,200,0.0,0.0
2002-10-21 00:00:00-04:00,0.699999988079071,0.699999988079071,0.699999988079071,0.699999988079071,300,0.0,0.0
2002-10-22 00:00:00-04:00,0.699999988079071,0.75,0.699999988079071,0.75,4000,0.0,0.0
2002-10-23 00:00:00-04:00,0.75,0.75,0.75,0.75,0,0.0,0.0
2002-10-24 00:00:00-04:00,0.75,0.75,0.6800000071525574,0.6800000071525574,2100,0.0,0.0
2002-10-25 00:00:00-04:00,0.6100000143051147,0.6700000166893005,0.6000000238418579,0.6700000166893005,19300,0.0,0.0
2002-10-28 00:00:00-05:00,0.6700000166893005,0.699999988079071,0.6499999761581421,0.699999988079071,19900,0.0,0.0
2002-10-29 00:00:00-05:00,0.7099999785423279,0.7799999713897705,0.6399999856948853,0.7799999713897705,18700,0.0,0.0
2002-10-30 00:00:00-05:00,0.7799999713897705,0.8199999928474426,0.7799999713897705,0.8199999928474426,12500,0.0,0.0
2002-10-31 00:00:00-05:00,0.7699999809265137,0.800000011920929,0.7699999809265137,0.800000011920929,3900,0.0,0.0
2002-11-01 00:00:00-05:00,0.800000011920929,0.800000011920929,0.800000011920929,0.800000011920929,0,0.0,0.0
2002-11-04 00:00:00-05:00,0.8199999928474426,0.8199999928474426,0.7699999809265137,0.7699999809265137,3900,0.0,0.0
2002-11-05 00:00:00-05:00,0.7900000214576721,0.7900000214576721,0.7900000214576721,0.7900000214576721,500,0.0,0.0
2002-11-06 00:00:00-05:00,0.699999988079071,0.7900000214576721,0.699999988079071,0.699999988079071,2900,0.0,0.0
2002-11-07 00:00:00-05:00,0.7099999785423279,0.7099999785423279,0.7099999785423279,0.7099999785423279,300,0.0,0.0
2002-11-08 00:00:00-05:00,0.75,0.75,0.7200000286102295,0.7200000286102295,6600,0.0,0.0
2002-11-11 00:00:00-05:00,0.7300000190734863,0.7300000190734863,0.7300000190734863,0.7300000190734863,1000,0.0,0.0
2002-11-12 00:00:00-05:00,0.6800000071525574,0.6800000071525574,0.6800000071525574,0.6800000071525574,500,0.0,0.0
2002-11-13 00:00:00-05:00,0.7200000286102295,0.7300000190734863,0.699999988079071,0.7300000190734863,20200,0.0,0.0
2002-11-14 00:00:00-05:00,0.6800000071525574,0.6899999976158142,0.6800000071525574,0.6800000071525574,5000,0.0,0.0
2002-11-15 00:00:00-05:00,0.6800000071525574,0.6800000071525574,0.6800000071525574,0.6800000071525574,0,0.0,0.0
2002-11-18 00:00:00-05:00,0.7300000190734863,0.7300000190734863,0.6899999976158142,0.699999988079071,14200,0.0,0.0
2002-11-19 00:00:00-05:00,0.6600000262260437,0.6800000071525574,0.6499999761581421,0.6499999761581421,56300,0.0,0.0
2002-11-20 00:00:00-05:00,0.6600000262260437,0.6600000262260437,0.6600000262260437,0.6600000262260437,149500,0.0,0.0
2002-11-21 00:00:00-05:00,0.6299999952316284,0.6499999761581421,0.6299999952316284,0.6299999952316284,1100,0.0,0.0
2002-11-22 00:00:00-05:00,0.6499999761581421,0.6600000262260437,0.6100000143051147,0.6100000143051147,45700,0.0,0.0
2002-11-25 00:00:00-05:00,0.6000000238418579,0.6200000047683716,0.6000000238418579,0.6200000047683716,3800,0.0,0.0
2002-11-26 00:00:00-05:00,0.6000000238418579,0.6000000238418579,0.6000000238418579,0.6000000238418579,18200,0.0,0.0
2002-11-27 00:00:00-05:00,0.6000000238418579,0.6000000238418579,0.6000000238418579,0.6000000238418579,10000,0.0,0.0
2002-11-29 00:00:00-05:00,0.6000000238418579,0.6200000047683716,0.6000000238418579,0.6200000047683716,3600,0.0,0.0
2002-12-02 00:00:00-05:00,0.6000000238418579,0.6000000238418579,0.6000000238418579,0.6000000238418579,900,0.0,0.0
2002-12-03 00:00:00-05:00,0.6200000047683716,0.6600000262260437,0.6200000047683716,0.6600000262260437,13000,0.0,0.0
2002-12-04 00:00:00-05:00,0.6200000047683716,0.6299999952316284,0.6000000238418579,0.6100000143051147,30200,0.0,0.0
2002-12-05 00:00:00-05:00,0.6200000047683716,0.6200000047683716,0.6100000143051147,0.6100000143051147,6100,0.0,0.0
2002-12-06 00:00:00-05:00,0.6299999952316284,0.6399999856948853,0.6200000047683716,0.6399999856948853,24600,0.0,0.0
2002-12-09 00:00:00-05:00,0.6499999761581421,0.6499999761581421,0.6100000143051147,0.6200000047683716,12500,0.0,0.0
2002-12-10 00:00:00-05:00,0.6100000143051147,0.6399999856948853,0.6100000143051147,0.6200000047683716,11700,0.0,0.0
2002-12-11 00:00:00-05:00,0.6200000047683716,0.6200000047683716,0.6200000047683716,0.6200000047683716,2000,0.0,0.0
2002-12-12 00:00:00-05:00,0.6200000047683716,0.6200000047683716,0.6200000047683716,0.6200000047683716,0,0.0,0.0
2002-12-13 00:00:00-05:00,0.6200000047683716,0.6700000166893005,0.5799999833106995,0.5799999833106995,49500,0.0,0.0
2002-12-16 00:00:00-05:00,0.5799999833106995,0.6000000238418579,0.5799999833106995,0.5799999833106995,1900,0.0,0.0
2002-12-17 00:00:00-05:00,0.6200000047683716,0.6200000047683716,0.5699999928474426,0.5699999928474426,37500,0.0,0.0
2002-12-18 00:00:00-05:00,0.5699999928474426,0.5699999928474426,0.5699999928474426,0.5699999928474426,3300,0.0,0.0
2002-12-19 00:00:00-05:00,0.5799999833106995,0.5799999833106995,0.5699999928474426,0.5799999833106995,21200,0.0,0.0
2002-12-20 00:00:00-05:00,0.5699999928474426,0.5899999737739563,0.5699999928474426,0.5899999737739563,38500,0.0,0.0
2002-12-23 00:00:00-05:00,0.6000000238418579,0.6000000238418579,0.5799999833106995,0.5899999737739563,186700,0.0,0.0
2002-12-24 00:00:00-05:00,0.5899999737739563,0.5899999737739563,0.5899999737739563,0.5899999737739563,0,0.0,0.0
2002-12-26 00:00:00-05:00,0.5899999737739563,0.6200000047683716,0.5899999737739563,0.6200000047683716,24900,0.0,0.0
2002-12-27 00:00:00-05:00,0.6000000238418579,0.7099999785423279,0.6000000238418579,0.7099999785423279,20300,0.0,0.0
2002-12-30 00:00:00-05:00,0.7200000286102295,0.7200000286102295,0.6200000047683716,0.6200000047683716,400,0.0,0.0
2002-12-31 00:00:00-05:00,0.6399999856948853,0.6499999761581421,0.6399999856948853,0.6399999856948853,27400,0.0,0.0
2003-01-02 00:00:00-05:00,0.6399999856948853,0.6499999761581421,0.6399999856948853,0.6399999856948853,23900,0.0,0.0
2003-01-03 00:00:00-05:00,0.6399999856948853,0.6399999856948853,0.6399999856948853,0.6399999856948853,400,0.0,0.0
2003-01-06 00:00:00-05:00,0.6800000071525574,0.800000011920929,0.6800000071525574,0.7699999809265137,30100,0.0,0.0
2003-01-07 00:00:00-05:00,0.800000011920929,0.800000011920929,0.800000011920929,0.800000011920929,5800,0.0,0.0
2003-01-08 00:00:00-05:00,0.800000011920929,0.800000011920929,0.75,0.800000011920929,19000,0.0,0.0
2003-01-09 00:00:00-05:00,0.7799999713897705,0.8500000238418579,0.75,0.75,33000,0.0,0.0
2003-01-10 00:00:00-05:00,0.7300000190734863,0.7900000214576721,0.7300000190734863,0.7900000214576721,4000,0.0,0.0
2003-01-13 00:00:00-05:00,0.8500000238418579,0.8500000238418579,0.8399999737739563,0.8399999737739563,900,0.0,0.0
2003-01-14 00:00:00-05:00,0.75,0.8199999928474426,0.75,0.800000011920929,43700,0.0,0.0
2003-01-15 00:00:00-05:00,0.7599999904632568,0.800000011920929,0.7599999904632568,0.800000011920929,31200,0.0,0.0
2003-01-16 00:00:00-05:00,0.7699999809265137,0.7699999809265137,0.7699999809265137,0.7699999809265137,4100,0.0,0.0
2003-01-17 00:00:00-05:00,0.7699999809265137,0.7699999809265137,0.7699999809265137,0.7699999809265137,0,0.0,0.0
2003-01-21 00:00:00-05:00,0.7599999904632568,0.7599999904632568,0.7599999904632568,0.7599999904632568,6200,0.0,0.0
2003-01-22 00:00:00-05:00,0.7200000286102295,0.75,0.699999988079071,0.699999988079071,9400,0.0,0.0
2003-01-23 00:00:00-05:00,0.7400000095367432,0.7799999713897705,0.699999988079071,0.75,223300,0.0,0.0
2003-01-24 00:00:00-05:00,0.699999988079071,0.7099999785423279,0.699999988079071,0.699999988079071,28700,0.0,0.0
2003-01-27 00:00:00-05:00,0.699999988079071,0.699999988079071,0.6800000071525574,0.699999988079071,7800,0.0,0.0
2003-01-28 00:00:00-05:00,0.6800000071525574,0.7099999785423279,0.6499999761581421,0.699999988079071,85400,0.0,0.0
2003-01-29 00:00:00-05:00,0.699999988079071,0.699999988079071,0.699999988079071,0.699999988079071,1000,0.0,0.0
2003-01-30 00:00:00-05:00,0.6499999761581421,0.6499999761581421,0.6499999761581421,0.6499999761581421,400,0.0,0.0
2003-01-31 00:00:00-05:00,0.6499999761581421,0.699999988079071,0.6499999761581421,0.6499999761581421,18500,0.0,0.0
2003-02-03 00:00:00-05:00,0.6000000238418579,0.6000000238418579,0.44999998807907104,0.5899999737739563,109600,0.0,0.0
2003-02-04 00:00:00-05:00,0.6000000238418579,0.6499999761581421,0.6000000238418579,0.6299999952316284,23100,0.0,0.0
2003-02-05 00:00:00-05:00,0.6499999761581421,0.6600000262260437,0.6499999761581421,0.6499999761581421,8900,0.0,0.0
2003-02-06 00:00:00-05:00,0.6800000071525574,0.6800000071525574,0.6499999761581421,0.6499999761581421,3900,0.0,0.0
2003-02-07 00:00:00-05:00,0.6499999761581421,0.6499999761581421,0.6499999761581421,0.6499999761581421,0,0.0,0.0
2003-02-10 00:00:00-05:00,0.6499999761581421,0.6800000071525574,0.6499999761581421,0.6499999761581421,3400,0.0,0.0
2003-02-11 00:00:00-05:00,0.6200000047683716,0.6299999952316284,0.6000000238418579,0.6000000238418579,8100,0.0,0.0
2003-02-12 00:00:00-05:00,0.6499999761581421,0.6700000166893005,0.6299999952316284,0.6700000166893005,17000,0.0,0.0
2003-02-13 00:00:00-05:00,0.6800000071525574,0.699999988079071,0.6800000071525574,0.699999988079071,16100,0.0,0.0
2003-02-14 00:00:00-05:00,0.6200000047683716,0.6800000071525574,0.6200000047683716,0.6800000071525574,2700,0.0,0.0
2003-02-18 00:00:00-05:00,0.699999988079071,0.699999988079071,0.6800000071525574,0.6800000071525574,47200,0.0,0.0
2003-02-19 00:00:00-05:00,0.6700000166893005,0.6700000166893005,0.6499999761581421,0.6499999761581421,10000,0.0,0.0
2003-02-20 00:00:00-05:00,0.6499999761581421,0.6700000166893005,0.6499999761581421,0.6700000166893005,160000,0.0,0.0
2003-02-21 00:00:00-05:00,0.6299999952316284,0.6299999952316284,0.6299999952316284,0.6299999952316284,1500,0.0,0.0
2003-02-24 00:00:00-05:00,0.6299999952316284,0.6299999952316284,0.6299999952316284,0.6299999952316284,0,0.0,0.0
2003-02-25 00:00:00-05:00,0.6299999952316284,0.6299999952316284,0.6299999952316284,0.6299999952316284,0,0.0,0.0
2003-02-26 00:00:00-05:00,0.6299999952316284,0.6299999952316284,0.6299999952316284,0.6299999952316284,300,0.0,0.0
2003-02-27 00:00:00-05:00,0.6299999952316284,0.6700000166893005,0.6299999952316284,0.6700000166893005,10600,0.0,0.0
2003-02-28 00:00:00-05:00,0.6700000166893005,0.6700000166893005,0.6000000238418579,0.6000000238418579,36100,0.0,0.0
2003-03-03 00:00:00-05:00,0.6399999856948853,0.6700000166893005,0.6000000238418579,0.6700000166893005,17400,0.0,0.0
2003-03-04 00:00:00-05:00,0.6000000238418579,0.6499999761581421,0.6000000238418579,0.6499999761581421,16900,0.0,0.0
2003-03-05 00:00:00-05:00,0.6000000238418579,0.6100000143051147,0.6000000238418579,0.6100000143051147,6000,0.0,0.0
2003-03-06 00:00:00-05:00,0.6100000143051147,0.6100000143051147,0.6100000143051147,0.6100000143051147,142500,0.0,0.0
2003-03-07 00:00:00-05:00,0.6000000238418579,0.6000000238418579,0.6000000238418579,0.6000000238418579,15000,0.0,0.0
2003-03-10 00:00:00-05:00,0.6499999761581421,0.6499999761581421,0.6100000143051147,0.6499999761581421,42900,0.0,0.0
2003-03-11 00:00:00-05:00,0.6499999761581421,0.6499999761581421,0.6000000238418579,0.6000000238418579,16300,0.0,0.0
2003-03-12 00:00:00-05:00,0.5600000023841858,0.6000000238418579,0.5600000023841858,0.6000000238418579,14000,0.0,0.0
2003-03-13 00:00:00-05:00,0.6100000143051147,0.6499999761581421,0.6100000143051147,0.6399999856948853,7800,0.0,0.0
2003-03-14 00:00:00-05:00,0.5600000023841858,0.6100000143051147,0.5600000023841858,0.6100000143051147,1600,0.0,0.0
2003-03-17 00:00:00-05:00,0.6100000143051147,0.6299999952316284,0.5400000214576721,0.5600000023841858,206900,0.0,0.0
2003-03-18 00:00:00-05:00,0.6000000238418579,0.6000000238418579,0.3199999928474426,0.36000001430511475,778800,0.0,0.0
2003-03-19 00:00:00-05:00,0.3799999952316284,0.550000011920929,0.3400000035762787,0.550000011920929,944900,0.0,0.0
2003-03-20 00:00:00-05:00,0.550000011920929,0.550000011920929,0.4000000059604645,0.5,61600,0.0,0.0
2003-03-21 00:00:00-05:00,0.47999998927116394,0.5400000214576721,0.47999998927116394,0.5099999904632568,26000,0.0,0.0
2003-03-24 00:00:00-05:00,0.5400000214576721,0.550000011920929,0.5099999904632568,0.5299999713897705,46800,0.0,0.0
2003-03-25 00:00:00-05:00,0.5299999713897705,0.5299999713897705,0.5299999713897705,0.5299999713897705,0,0.0,0.0
2003-03-26 00:00:00-05:00,0.5199999809265137,0.5199999809265137,0.5199999809265137,0.5199999809265137,1000,0.0,0.0
2003-03-27 00:00:00-05:00,0.550000011920929,0.5799999833106995,0.550000011920929,0.5799999833106995,4200,0.0,0.0
2003-03-28 00:00:00-05:00,0.5099999904632568,0.5799999833106995,0.5099999904632568,0.5799999833106995,5700,0.0,0.0
2003-03-31 00:00:00-05:00,0.5400000214576721,0.5400000214576721,0.5299999713897705,0.5400000214576721,15500,0.0,0.0
2003-04-01 00:00:00-05:00,0.5099999904632568,0.5299999713897705,0.4699999988079071,0.5299999713897705,13300,0.0,0.0
2003-04-02 00:00:00-05:00,0.5699999928474426,0.5699999928474426,0.5099999904632568,0.5099999904632568,1400,0.0,0.0
2003-04-03 00:00:00-05:00,0.5099999904632568,0.5099999904632568,0.5099999904632568,0.5099999904632568,200,0.0,0.0
2003-04-04 00:00:00-05:00,0.5099999904632568,0.5299999713897705,0.5099999904632568,0.5299999713897705,3500,0.0,0.0
2003-04-07 00:00:00-04:00,0.5699999928474426,0.5699999928474426,0.49000000953674316,0.550000011920929,15800,0.0,0.0
2003-04-08 00:00:00-04:00,0.5400000214576721,0.5400000214576721,0.4699999988079071,0.4699999988079071,3900,0.0,0.0
2003-04-09 00:00:00-04:00,0.4699999988079071,0.4699999988079071,0.4699999988079071,0.4699999988079071,0,0.0,0.0
2003-04-10 00:00:00-04:00,0.4699999988079071,0.4699999988079071,0.4699999988079071,0.4699999988079071,0,0.0,0.0
2003-04-11 00:00:00-04:00,0.5400000214576721,0.5400000214576721,0.5400000214576721,0.5400000214576721,4000,0.0,0.0
2003-04-14 00:00:00-04:00,0.550000011920929,0.550000011920929,0.49000000953674316,0.49000000953674316,20800,0.0,0.0
2003-04-15 00:00:00-04:00,0.550000011920929,0.5699999928474426,0.5400000214576721,0.5699999928474426,24200,0.0,0.0
2003-04-16 00:00:00-04:00,0.5799999833106995,0.6499999761581421,0.5799999833106995,0.6499999761581421,62600,0.0,0.0
2003-04-17 00:00:00-04:00,0.6299999952316284,0.6299999952316284,0.5699999928474426,0.6299999952316284,20500,0.0,0.0
2003-04-21 00:00:00-04:00,0.5199999809265137,0.550000011920929,0.5099999904632568,0.5099999904632568,14700,0.0,0.0
2003-04-22 00:00:00-04:00,0.5099999904632568,0.5799999833106995,0.5099999904632568,0.5799999833106995,3800,0.0,0.0
2003-04-23 00:00:00-04:00,0.6200000047683716,0.6200000047683716,0.6200000047683716,0.6200000047683716,2000,0.0,0.0
2003-04-24 00:00:00-04:00,0.6200000047683716,0.6200000047683716,0.6200000047683716,0.6200000047683716,1000,0.0,0.0
2003-04-25 00:00:00-04:00,0.5099999904632568,0.550000011920929,0.5099999904632568,0.5400000214576721,29700,0.0,0.0
2003-04-28 00:00:00-04:00,0.5199999809265137,0.5799999833106995,0.5199999809265137,0.5799999833106995,12000,0.0,0.0
2003-04-29 00:00:00-04:00,0.5600000023841858,0.6000000238418579,0.5600000023841858,0.5899999737739563,29500,0.0,0.0
2003-04-30 00:00:00-04:00,0.6000000238418579,0.6200000047683716,0.6000000238418579,0.6000000238418579,9900,0.0,0.0
2003-05-01 00:00:00-04:00,0.6000000238418579,0.6000000238418579,0.6000000238418579,0.6000000238418579,0,0.0,0.0
2003-05-02 00:00:00-04:00,0.550000011920929,0.6200000047683716,0.550000011920929,0.6200000047683716,20700,0.0,0.0
2003-05-05 00:00:00-04:00,0.6399999856948853,0.6399999856948853,0.6399999856948853,0.6399999856948853,1000,0.0,0.0
2003-05-06 00:00:00-04:00,0.6399999856948853,0.6700000166893005,0.5899999737739563,0.6499999761581421,237800,0.0,0.0
2003-05-07 00:00:00-04:00,0.6700000166893005,0.7400000095367432,0.6700000166893005,0.7400000095367432,568600,0.0,0.0
2003-05-08 00:00:00-04:00,0.7099999785423279,0.7400000095367432,0.6100000143051147,0.6499999761581421,330200,0.0,0.0
2003-05-09 00:00:00-04:00,0.6499999761581421,0.6499999761581421,0.5799999833106995,0.6000000238418579,140400,0.0,0.0
2003-05-12 00:00:00-04:00,0.6200000047683716,0.6200000047683716,0.6000000238418579,0.6000000238418579,8800,0.0,0.0
2003-05-13 00:00:00-04:00,0.5899999737739563,0.6200000047683716,0.5699999928474426,0.5799999833106995,54100,0.0,0.0
2003-05-14 00:00:00-04:00,0.5799999833106995,0.6200000047683716,0.5799999833106995,0.6200000047683716,600,0.0,0.0
2003-05-15 00:00:00-04:00,0.6200000047683716,0.6200000047683716,0.5699999928474426,0.5799999833106995,39300,0.0,0.0
2003-05-16 00:00:00-04:00,0.6000000238418579,0.6200000047683716,0.550000011920929,0.5600000023841858,123100,0.0,0.0
2003-05-19 00:00:00-04:00,0.550000011920929,0.5799999833106995,0.550000011920929,0.5699999928474426,41000,0.0,0.0
2003-05-20 00:00:00-04:00,0.550000011920929,0.5600000023841858,0.550000011920929,0.550000011920929,13200,0.0,0.0
2003-05-21 00:00:00-04:00,0.550000011920929,0.5600000023841858,0.49000000953674316,0.5600000023841858,499400,0.0,0.0
2003-05-22 00:00:00-04:00,0.5400000214576721,0.6200000047683716,0.5,0.5799999833106995,114900,0.0,0.0
2003-05-23 00:00:00-04:00,0.5799999833106995,0.5799999833106995,0.5799999833106995,0.5799999833106995,0,0.0,0.0
2003-05-27 00:00:00-04:00,0.6299999952316284,0.6299999952316284,0.6100000143051147,0.6200000047683716,53300,0.0,0.0
2003-05-28 00:00:00-04:00,0.6000000238418579,0.6299999952316284,0.6000000238418579,0.6299999952316284,62300,0.0,0.0
2003-05-29 00:00:00-04:00,0.6299999952316284,0.6299999952316284,0.6299999952316284,0.6299999952316284,0,0.0,0.0
2003-05-30 00:00:00-04:00,0.6100000143051147,0.6600000262260437,0.6100000143051147,0.6600000262260437,2100,0.0,0.0
2003-06-02 00:00:00-04:00,0.6600000262260437,0.6600000262260437,0.6100000143051147,0.6100000143051147,30200,0.0,0.0
2003-06-03 00:00:00-04:00,0.6399999856948853,0.6600000262260437,0.6299999952316284,0.6499999761581421,243400,0.0,0.0
2003-06-04 00:00:00-04:00,0.6499999761581421,0.7300000190734863,0.6299999952316284,0.699999988079071,117800,0.0,0.0
2003-06-05 00:00:00-04:00,0.699999988079071,0.699999988079071,0.699999988079071,0.699999988079071,53000,0.0,0.0
2003-06-06 00:00:00-04:00,0.7300000190734863,0.7799999713897705,0.699999988079071,0.75,274000,0.0,0.0
2003-06-09 00:00:00-04:00,0.7300000190734863,0.7599999904632568,0.7300000190734863,0.7300000190734863,3900,0.0,0.0
2003-06-10 00:00:00-04:00,0.7400000095367432,0.7599999904632568,0.699999988079071,0.75,148500,0.0,0.0
2003-06-11 00:00:00-04:00,0.699999988079071,0.7599999904632568,0.699999988079071,0.75,14200,0.0,0.0
2003-06-12 00:00:00-04:00,0.699999988079071,0.7200000286102295,0.699999988079071,0.699999988079071,2000,0.0,0.0
2003-06-13 00:00:00-04:00,0.75,0.75,0.7400000095367432,0.7400000095367432,4000,0.0,0.0
2003-06-16 00:00:00-04:00,0.699999988079071,0.7300000190734863,0.699999988079071,0.699999988079071,142100,0.0,0.0
2003-06-17 00:00:00-04:00,0.699999988079071,0.7300000190734863,0.6899999976158142,0.6899999976158142,48100,0.0,0.0
2003-06-18 00:00:00-04:00,0.699999988079071,0.699999988079071,0.6899999976158142,0.6899999976158142,40000,0.0,0.0
2003-06-19 00:00:00-04:00,0.6800000071525574,0.6899999976158142,0.6800000071525574,0.6899999976158142,19100,0.0,0.0
2003-06-20 00:00:00-04:00,0.6899999976158142,0.6899999976158142,0.6899999976158142,0.6899999976158142,1000,0.0,0.0
2003-06-23 00:00:00-04:00,0.6700000166893005,0.6899999976158142,0.6700000166893005,0.6700000166893005,117500,0.0,0.0
2003-06-24 00:00:00-04:00,0.6899999976158142,0.699999988079071,0.6700000166893005,0.699999988079071,183600,0.0,0.0
2003-06-25 00:00:00-04:00,0.699999988079071,0.699999988079071,0.6899999976158142,0.6899999976158142,48900,0.0,0.0
2003-06-26 00:00:00-04:00,0.6899999976158142,0.6899999976158142,0.6899999976158142,0.6899999976158142,11200,0.0,0.0
2003-06-27 00:00:00-04:00,0.6700000166893005,0.6899999976158142,0.6700000166893005,0.6899999976158142,10300,0.0,0.0
2003-06-30 00:00:00-04:00,0.6800000071525574,0.6899999976158142,0.6800000071525574,0.6899999976158142,23700,0.0,0.0
2003-07-01 00:00:00-04:00,0.6700000166893005,0.6700000166893005,0.6700000166893005,0.6700000166893005,100,0.0,0.0
2003-07-02 00:00:00-04:00,0.6700000166893005,0.6899999976158142,0.6499999761581421,0.6499999761581421,46400,0.0,0.0
2003-07-03 00:00:00-04:00,0.6200000047683716,0.6499999761581421,0.6200000047683716,0.6499999761581421,28500,0.0,0.0
2003-07-07 00:00:00-04:00,0.6700000166893005,0.6700000166893005,0.6100000143051147,0.6100000143051147,59800,0.0,0.0
2003-07-08 00:00:00-04:00,0.6100000143051147,0.6100000143051147,0.550000011920929,0.550000011920929,29700,0.0,0.0
2003-07-09 00:00:00-04:00,0.550000011920929,0.6399999856948853,0.550000011920929,0.6399999856948853,64000,0.0,0.0
2003-07-10 00:00:00-04:00,0.6499999761581421,0.6499999761581421,0.6100000143051147,0.6100000143051147,65500,0.0,0.0
2003-07-11 00:00:00-04:00,0.6000000238418579,0.6100000143051147,0.6000000238418579,0.6000000238418579,53800,0.0,0.0
2003-07-14 00:00:00-04:00,0.6100000143051147,0.6399999856948853,0.6000000238418579,0.6299999952316284,164500,0.0,0.0
2003-07-15 00:00:00-04:00,0.6200000047683716,0.6399999856948853,0.6000000238418579,0.6200000047683716,451300,0.0,0.0
2003-07-16 00:00:00-04:00,0.6200000047683716,0.6499999761581421,0.6200000047683716,0.6399999856948853,131700,0.0,0.0
2003-07-17 00:00:00-04:00,0.6499999761581421,0.6499999761581421,0.6299999952316284,0.6299999952316284,78100,0.0,0.0
2003-07-18 00:00:00-04:00,0.6299999952316284,0.6299999952316284,0.6100000143051147,0.6100000143051147,8000,0.0,0.0
2003-07-21 00:00:00-04:00,0.6299999952316284,0.6299999952316284,0.6299999952316284,0.6299999952316284,1100,0.0,0.0
2003-07-22 00:00:00-04:00,0.6100000143051147,0.6200000047683716,0.6100000143051147,0.6200000047683716,22000,0.0,0.0
2003-07-23 00:00:00-04:00,0.6200000047683716,0.6200000047683716,0.6000000238418579,0.6000000238418579,33900,0.0,0.0
2003-07-24 00:00:00-04:00,0.6000000238418579,0.6299999952316284,0.6000000238418579,0.6299999952316284,79700,0.0,0.0
2003-07-25 00:00:00-04:00,0.6299999952316284,0.6299999952316284,0.5899999737739563,0.6000000238418579,29700,0.0,0.0
2003-07-28 00:00:00-04:00,0.5899999737739563,0.5899999737739563,0.5899999737739563,0.5899999737739563,5000,0.0,0.0
2003-07-29 00:00:00-04:00,0.6000000238418579,0.6100000143051147,0.5899999737739563,0.6000000238418579,72900,0.0,0.0
2003-07-30 00:00:00-04:00,0.6000000238418579,0.6000000238418579,0.5699999928474426,0.5799999833106995,24100,0.0,0.0
2003-07-31 00:00:00-04:00,0.5799999833106995,0.5799999833106995,0.30000001192092896,0.4000000059604645,472000,0.0,0.0
2003-08-01 00:00:00-04:00,0.4099999964237213,0.44999998807907104,0.3499999940395355,0.3499999940395355,281300,0.0,0.0
2003-08-04 00:00:00-04:00,0.3799999952316284,0.38999998569488525,0.36000001430511475,0.38999998569488525,72400,0.0,0.0
2003-08-05 00:00:00-04:00,0.3799999952316284,0.4300000071525574,0.3799999952316284,0.3799999952316284,82700,0.0,0.0
2003-08-06 00:00:00-04:00,0.38999998569488525,0.4000000059604645,0.38999998569488525,0.4000000059604645,68700,0.0,0.0
2003-08-07 00:00:00-04:00,0.4099999964237213,0.41999998688697815,0.4000000059604645,0.41999998688697815,15600,0.0,0.0
2003-08-08 00:00:00-04:00,0.4099999964237213,0.41999998688697815,0.38999998569488525,0.38999998569488525,31300,0.0,0.0
2003-08-11 00:00:00-04:00,0.4000000059604645,0.4000000059604645,0.3700000047683716,0.38999998569488525,83800,0.0,0.0
2003-08-12 00:00:00-04:00,0.38999998569488525,0.38999998569488525,0.3499999940395355,0.3499999940395355,45600,0.0,0.0
2003-08-13 00:00:00-04:00,0.36000001430511475,0.3700000047683716,0.3400000035762787,0.3700000047683716,68000,0.0,0.0
2003-08-14 00:00:00-04:00,0.3700000047683716,0.3700000047683716,0.3499999940395355,0.3499999940395355,66100,0.0,0.0
2003-08-15 00:00:00-04:00,0.36000001430511475,0.36000001430511475,0.3499999940395355,0.3499999940395355,10800,0.0,0.0
2003-08-18 00:00:00-04:00,0.33000001311302185,0.3499999940395355,0.30000001192092896,0.30000001192092896,240400,0.0,0.0
2003-08-19 00:00:00-04:00,0.27000001072883606,0.3100000023841858,0.27000001072883606,0.30000001192092896,370300,0.0,0.0
2003-08-20 00:00:00-04:00,0.3100000023841858,0.3100000023841858,0.2800000011920929,0.28999999165534973,202000,0.0,0.0
2003-08-21 00:00:00-04:00,0.27000001072883606,0.28999999165534973,0.27000001072883606,0.2800000011920929,55500,0.0,0.0
2003-08-22 00:00:00-04:00,0.28999999165534973,0.33000001311302185,0.2800000011920929,0.33000001311302185,713200,0.0,0.0
2003-08-25 00:00:00-04:00,0.33000001311302185,0.3799999952316284,0.28999999165534973,0.3199999928474426,484900,0.0,0.0
2003-08-26 00:00:00-04:00,0.3100000023841858,0.33000001311302185,0.23000000417232513,0.28999999165534973,464200,0.0,0.0
2003-08-27 00:00:00-04:00,0.28999999165534973,0.3199999928474426,0.2800000011920929,0.3199999928474426,113200,0.0,0.0
2003-08-28 00:00:00-04:00,0.3199999928474426,0.3400000035762787,0.2800000011920929,0.28999999165534973,136200,0.0,0.0
2003-08-29 00:00:00-04:00,0.2800000011920929,0.30000001192092896,0.27000001072883606,0.2800000011920929,107000,0.0,0.0
2003-09-02 00:00:00-04:00,0.25999999046325684,0.30000001192092896,0.25999999046325684,0.30000001192092896,70200,0.0,0.0
2003-09-03 00:00:00-04:00,0.30000001192092896,0.30000001192092896,0.25,0.25999999046325684,64900,0.0,0.0
2003-09-04 00:00:00-04:00,0.28999999165534973,0.28999999165534973,0.28999999165534973,0.28999999165534973,2000,0.0,0.0
2003-09-05 00:00:00-04:00,0.28999999165534973,0.28999999165534973,0.25,0.25999999046325684,131600,0.0,0.0
2003-09-08 00:00:00-04:00,0.28999999165534973,0.28999999165534973,0.25,0.2800000011920929,64000,0.0,0.0
2003-09-09 00:00:00-04:00,0.25,0.28999999165534973,0.25,0.28999999165534973,41500,0.0,0.0
2003-09-10 00:00:00-04:00,0.30000001192092896,0.30000001192092896,0.25999999046325684,0.2800000011920929,37000,0.0,0.0
2003-09-11 00:00:00-04:00,0.25999999046325684,0.30000001192092896,0.25999999046325684,0.2800000011920929,16000,0.0,0.0
2003-09-12 00:00:00-04:00,0.30000001192092896,0.33000001311302185,0.2800000011920929,0.3199999928474426,232300,0.0,0.0
2003-09-15 00:00:00-04:00,0.3199999928474426,0.33000001311302185,0.3100000023841858,0.3100000023841858,22400,0.0,0.0
2003-09-16 00:00:00-04:00,0.3199999928474426,0.3199999928474426,0.3199999928474426,0.3199999928474426,60600,0.0,0.0
2003-09-17 00:00:00-04:00,0.3199999928474426,0.3499999940395355,0.3199999928474426,0.3400000035762787,119800,0.0,0.0
2003-09-18 00:00:00-04:00,0.33000001311302185,0.3700000047683716,0.33000001311302185,0.3499999940395355,183500,0.0,0.0
2003-09-19 00:00:00-04:00,0.3499999940395355,0.3799999952316284,0.3400000035762787,0.36000001430511475,283800,0.0,0.0
2003-09-22 00:00:00-04:00,0.3700000047683716,0.44999998807907104,0.36000001430511475,0.41999998688697815,551400,0.0,0.0
2003-09-23 00:00:00-04:00,0.5,0.5099999904632568,0.4300000071525574,0.5099999904632568,1967600,0.0,0.0
2003-09-24 00:00:00-04:00,0.550000011920929,0.5699999928474426,0.47999998927116394,0.47999998927116394,203200,0.0,0.0
2003-09-25 00:00:00-04:00,0.5,0.5,0.41999998688697815,0.41999998688697815,50300,0.0,0.0
2003-09-26 00:00:00-04:00,0.41999998688697815,0.4399999976158142,0.36000001430511475,0.38999998569488525,57600,0.0,0.0
2003-09-29 00:00:00-04:00,0.4300000071525574,0.4399999976158142,0.41999998688697815,0.41999998688697815,116300,0.0,0.0
2003-09-30 00:00:00-04:00,0.4300000071525574,0.4300000071525574,0.3799999952316284,0.4300000071525574,131400,0.0,0.0
2003-10-01 00:00:00-04:00,0.41999998688697815,0.4300000071525574,0.3799999952316284,0.4300000071525574,110100,0.0,0.0
2003-10-02 00:00:00-04:00,0.4300000071525574,0.4300000071525574,0.4000000059604645,0.4000000059604645,19800,0.0,0.0
2003-10-03 00:00:00-04:00,0.4000000059604645,0.44999998807907104,0.4000000059604645,0.4099999964237213,160300,0.0,0.0
2003-10-06 00:00:00-04:00,0.4000000059604645,0.44999998807907104,0.4000000059604645,0.44999998807907104,3500,0.0,0.0
2003-10-07 00:00:00-04:00,0.44999998807907104,0.44999998807907104,0.3799999952316284,0.4000000059604645,81300,0.0,0.0
2003-10-08 00:00:00-04:00,0.4000000059604645,0.44999998807907104,0.4000000059604645,0.44999998807907104,42100,0.0,0.0
2003-10-09 00:00:00-04:00,0.44999998807907104,0.44999998807907104,0.4099999964237213,0.4300000071525574,20700,0.0,0.0
2003-10-10 00:00:00-04:00,0.4099999964237213,0.41999998688697815,0.3700000047683716,0.41999998688697815,124900,0.0,0.0
2003-10-13 00:00:00-04:00,0.4300000071525574,0.4300000071525574,0.4300000071525574,0.4300000071525574,3000,0.0,0.0
2003-10-14 00:00:00-04:00,0.4000000059604645,0.41999998688697815,0.3199999928474426,0.36000001430511475,280900,0.0,0.0
2003-10-15 00:00:00-04:00,0.36000001430511475,0.36000001430511475,0.28999999165534973,0.3199999928474426,4047600,0.0,0.0
2003-10-16 00:00:00-04:00,0.3199999928474426,0.33000001311302185,0.3100000023841858,0.3100000023841858,296800,0.0,0.0
2003-10-17 00:00:00-04:00,0.3199999928474426,0.3199999928474426,0.3199999928474426,0.3199999928474426,91000,0.0,0.0
2003-10-20 00:00:00-04:00,0.3199999928474426,0.3199999928474426,0.28999999165534973,0.30000001192092896,305900,0.0,0.0
2003-10-21 00:00:00-04:00,0.28999999165534973,0.33000001311302185,0.28999999165534973,0.33000001311302185,2281100,0.0,0.0
2003-10-22 00:00:00-04:00,0.3199999928474426,0.3700000047683716,0.3199999928474426,0.36000001430511475,363900,0.0,0.0
2003-10-23 00:00:00-04:00,0.3700000047683716,0.3700000047683716,0.3400000035762787,0.3499999940395355,137800,0.0,0.0
2003-10-24 00:00:00-04:00,0.3499999940395355,0.3499999940395355,0.3100000023841858,0.3100000023841858,82300,0.0,0.0
2003-10-27 00:00:00-05:00,0.33000001311302185,0.3400000035762787,0.3100000023841858,0.3199999928474426,232600,0.0,0.0
2003-10-28 00:00:00-05:00,0.3400000035762787,0.3400000035762787,0.3100000023841858,0.33000001311302185,116200,0.0,0.0
2003-10-29 00:00:00-05:00,0.33000001311302185,0.3700000047683716,0.33000001311302185,0.36000001430511475,553500,0.0,0.0
2003-10-30 00:00:00-05:00,0.3799999952316284,0.5,0.36000001430511475,0.49000000953674316,6145700,0.0,0.0
2003-10-31 00:00:00-05:00,0.44999998807907104,0.5,0.4399999976158142,0.49000000953674316,754500,0.0,0.0
2003-11-03 00:00:00-05:00,0.47999998927116394,0.49000000953674316,0.4000000059604645,0.4699999988079071,314200,0.0,0.0
2003-11-04 00:00:00-05:00,0.44999998807907104,0.44999998807907104,0.4099999964237213,0.4099999964237213,90600,0.0,0.0
2003-11-05 00:00:00-05:00,0.41999998688697815,0.4699999988079071,0.41999998688697815,0.4399999976158142,105000,0.0,0.0
2003-11-06 00:00:00-05:00,0.46000000834465027,0.46000000834465027,0.4399999976158142,0.4399999976158142,11400,0.0,0.0
2003-11-07 00:00:00-05:00,0.44999998807907104,0.46000000834465027,0.44999998807907104,0.44999998807907104,132200,0.0,0.0
2003-11-10 00:00:00-05:00,0.46000000834465027,0.47999998927116394,0.4300000071525574,0.46000000834465027,1111700,0.0,0.0
2003-11-11 00:00:00-05:00,0.4399999976158142,0.46000000834465027,0.41999998688697815,0.4300000071525574,341400,0.0,0.0
2003-11-12 00:00:00-05:00,0.4099999964237213,0.41999998688697815,0.3700000047683716,0.41999998688697815,603700,0.0,0.0
2003-11-13 00:00:00-05:00,0.4000000059604645,0.4300000071525574,0.4000000059604645,0.4300000071525574,45700,0.0,0.0
2003-11-14 00:00:00-05:00,0.4300000071525574,0.4300000071525574,0.4000000059604645,0.4000000059604645,69000,0.0,0.0
2003-11-17 00:00:00-05:00,0.4099999964237213,0.4099999964237213,0.4000000059604645,0.4099999964237213,124200,0.0,0.0
2003-11-18 00:00:00-05:00,0.41999998688697815,0.41999998688697815,0.38999998569488525,0.4000000059604645,1043500,0.0,0.0
2003-11-19 00:00:00-05:00,0.4000000059604645,0.44999998807907104,0.38999998569488525,0.4399999976158142,905300,0.0,0.0
2003-11-20 00:00:00-05:00,0.4300000071525574,0.4399999976158142,0.4300000071525574,0.4399999976158142,407200,0.0,0.0
2003-11-21 00:00:00-05:00,0.4399999976158142,0.4399999976158142,0.4300000071525574,0.4300000071525574,167800,0.0,0.0
2003-11-24 00:00:00-05:00,0.4300000071525574,0.4300000071525574,0.4000000059604645,0.41999998688697815,319300,0.0,0.0
2003-11-25 00:00:00-05:00,0.4300000071525574,0.4300000071525574,0.4000000059604645,0.41999998688697815,387800,0.0,0.0
2003-11-26 00:00:00-05:00,0.41999998688697815,0.4399999976158142,0.4099999964237213,0.4399999976158142,212500,0.0,0.0
2003-11-28 00:00:00-05:00,0.4399999976158142,0.4399999976158142,0.4300000071525574,0.4300000071525574,2400,0.0,0.0
2003-12-01 00:00:00-05:00,0.4300000071525574,0.4300000071525574,0.4099999964237213,0.41999998688697815,215700,0.0,0.0
2003-12-02 00:00:00-05:00,0.41999998688697815,0.41999998688697815,0.4000000059604645,0.4000000059604645,105400,0.0,0.0
2003-12-03 00:00:00-05:00,0.41999998688697815,0.41999998688697815,0.3799999952316284,0.4099999964237213,265100,0.0,0.0
2003-12-04 00:00:00-05:00,0.4099999964237213,0.4099999964237213,0.3799999952316284,0.3799999952316284,431500,0.0,0.0
2003-12-05 00:00:00-05:00,0.3799999952316284,0.38999998569488525,0.3799999952316284,0.38999998569488525,335800,0.0,0.0
2003-12-08 00:00:00-05:00,0.3799999952316284,0.38999998569488525,0.3799999952316284,0.3799999952316284,55600,0.0,0.0
2003-12-09 00:00:00-05:00,0.3799999952316284,0.38999998569488525,0.3799999952316284,0.38999998569488525,78400,0.0,0.0
2003-12-10 00:00:00-05:00,0.38999998569488525,0.38999998569488525,0.3799999952316284,0.3799999952316284,182500,0.0,0.0
2003-12-11 00:00:00-05:00,0.3799999952316284,0.38999998569488525,0.3799999952316284,0.38999998569488525,130400,0.0,0.0
2003-12-12 00:00:00-05:00,0.3799999952316284,0.3799999952316284,0.3700000047683716,0.3700000047683716,19600,0.0,0.0
2003-12-15 00:00:00-05:00,0.3700000047683716,0.3799999952316284,0.33000001311302185,0.3400000035762787,601300,0.0,0.0
2003-12-16 00:00:00-05:00,0.33000001311302185,0.33000001311302185,0.3199999928474426,0.33000001311302185,114700,0.0,0.0
2003-12-17 00:00:00-05:00,0.33000001311302185,0.3400000035762787,0.3199999928474426,0.33000001311302185,316400,0.0,0.0
2003-12-18 00:00:00-05:00,0.33000001311302185,0.3499999940395355,0.3199999928474426,0.3499999940395355,35400,0.0,0.0
2003-12-19 00:00:00-05:00,0.3199999928474426,0.3700000047683716,0.3199999928474426,0.3499999940395355,75600,0.0,0.0
2003-12-22 00:00:00-05:00,0.33000001311302185,0.3799999952316284,0.33000001311302185,0.36000001430511475,104800,0.0,0.0
2003-12-23 00:00:00-05:00,0.36000001430511475,0.41999998688697815,0.36000001430511475,0.41999998688697815,160500,0.0,0.0
2003-12-24 00:00:00-05:00,0.4099999964237213,0.41999998688697815,0.4000000059604645,0.4099999964237213,146100,0.0,0.0
2003-12-26 00:00:00-05:00,0.38999998569488525,0.4099999964237213,0.38999998569488525,0.4099999964237213,58400,0.0,0.0
2003-12-29 00:00:00-05:00,0.4000000059604645,0.41999998688697815,0.3799999952316284,0.4099999964237213,245700,0.0,0.0
2003-12-30 00:00:00-05:00,0.38999998569488525,0.41999998688697815,0.33000001311302185,0.3499999940395355,1128300,0.0,0.0
2003-12-31 00:00:00-05:00,0.4000000059604645,0.41999998688697815,0.3499999940395355,0.4099999964237213,141100,0.0,0.0
2004-01-02 00:00:00-05:00,0.41999998688697815,0.47999998927116394,0.4099999964237213,0.44999998807907104,168700,0.0,0.0
2004-01-05 00:00:00-05:00,0.47999998927116394,0.49000000953674316,0.44999998807907104,0.47999998927116394,283900,0.0,0.0
2004-01-06 00:00:00-05:00,0.49000000953674316,0.49000000953674316,0.46000000834465027,0.49000000953674316,200500,0.0,0.0
2004-01-07 00:00:00-05:00,0.49000000953674316,0.49000000953674316,0.46000000834465027,0.47999998927116394,84600,0.0,0.0
2004-01-08 00:00:00-05:00,0.47999998927116394,0.47999998927116394,0.44999998807907104,0.44999998807907104,7800,0.0,0.0
2004-01-09 00:00:00-05:00,0.44999998807907104,0.5400000214576721,0.44999998807907104,0.5199999809265137,789900,0.0,0.0
2004-01-12 00:00:00-05:00,0.5199999809265137,0.5799999833106995,0.5,0.5699999928474426,941100,0.0,0.0
2004-01-13 00:00:00-05:00,0.5799999833106995,0.5899999737739563,0.5600000023841858,0.5699999928474426,1356900,0.0,0.0
2004-01-14 00:00:00-05:00,0.5600000023841858,0.5799999833106995,0.5600000023841858,0.5699999928474426,431300,0.0,0.0
2004-01-15 00:00:00-05:00,0.5699999928474426,0.5899999737739563,0.5600000023841858,0.5899999737739563,932300,0.0,0.0
2004-01-16 00:00:00-05:00,0.5899999737739563,0.5899999737739563,0.5600000023841858,0.5799999833106995,131800,0.0,0.0
2004-01-20 00:00:00-05:00,0.5899999737739563,0.6000000238418579,0.5699999928474426,0.6000000238418579,220100,0.0,0.0
2004-01-21 00:00:00-05:00,0.6000000238418579,0.6000000238418579,0.5600000023841858,0.5699999928474426,196400,0.0,0.0
2004-01-22 00:00:00-05:00,0.5600000023841858,0.6000000238418579,0.5600000023841858,0.6000000238418579,67000,0.0,0.0
2004-01-23 00:00:00-05:00,0.6000000238418579,0.6000000238418579,0.5699999928474426,0.5899999737739563,66700,0.0,0.0
2004-01-26 00:00:00-05:00,0.5899999737739563,0.5899999737739563,0.5699999928474426,0.5899999737739563,79400,0.0,0.0
2004-01-27 00:00:00-05:00,0.5899999737739563,0.6100000143051147,0.5699999928474426,0.5899999737739563,223700,0.0,0.0
2004-01-28 00:00:00-05:00,0.5799999833106995,0.5899999737739563,0.550000011920929,0.550000011920929,583700,0.0,0.0
2004-01-29 00:00:00-05:00,0.5199999809265137,0.550000011920929,0.5,0.5,769500,0.0,0.0
2004-01-30 00:00:00-05:00,0.47999998927116394,0.5199999809265137,0.47999998927116394,0.5199999809265137,36000,0.0,0.0
2004-02-02 00:00:00-05:00,0.47999998927116394,0.5099999904632568,0.47999998927116394,0.47999998927116394,17600,0.0,0.0
2004-02-03 00:00:00-05:00,0.47999998927116394,0.47999998927116394,0.47999998927116394,0.47999998927116394,24600,0.0,0.0
2004-02-04 00:00:00-05:00,0.5,0.5199999809265137,0.4699999988079071,0.5099999904632568,417400,0.0,0.0
2004-02-05 00:00:00-05:00,0.5099999904632568,0.6100000143051147,0.5099999904632568,0.6100000143051147,532300,0.0,0.0
2004-02-06 00:00:00-05:00,0.6000000238418579,0.6899999976158142,0.5699999928474426,0.6499999761581421,963900,0.0,0.0
2004-02-09 00:00:00-05:00,0.6800000071525574,0.7900000214576721,0.6499999761581421,0.7799999713897705,867000,0.0,0.0
2004-02-10 00:00:00-05:00,0.7900000214576721,0.800000011920929,0.7699999809265137,0.800000011920929,1368800,0.0,0.0
2004-02-11 00:00:00-05:00,0.800000011920929,0.8600000143051147,0.7900000214576721,0.8600000143051147,1237500,0.0,0.0
2004-02-12 00:00:00-05:00,0.8600000143051147,1.25,0.8399999737739563,1.190000057220459,6034400,0.0,0.0
2004-02-13 00:00:00-05:00,1.190000057220459,1.7000000476837158,1.1200000047683716,1.5399999618530273,6403400,0.0,0.0
2004-02-17 00:00:00-05:00,1.5099999904632568,1.5199999809265137,1.2699999809265137,1.4299999475479126,2406400,0.0,0.0
2004-02-18 00:00:00-05:00,1.340000033378601,1.659999966621399,1.3300000429153442,1.5299999713897705,2576500,0.0,0.0
2004-02-19 00:00:00-05:00,1.600000023841858,1.850000023841858,1.590000033378601,1.7899999618530273,2698400,0.0,0.0
2004-02-20 00:00:00-05:00,1.7899999618530273,1.7899999618530273,1.5299999713897705,1.5299999713897705,1388200,0.0,0.0
2004-02-23 00:00:00-05:00,1.5199999809265137,1.5399999618530273,1.2300000190734863,1.4199999570846558,2507200,0.0,0.0
2004-02-24 00:00:00-05:00,1.4700000286102295,1.7400000095367432,1.4500000476837158,1.649999976158142,1989500,0.0,0.0
2004-02-25 00:00:00-05:00,1.6799999475479126,1.840000033378601,1.6799999475479126,1.8200000524520874,1622300,0.0,0.0
2004-02-26 00:00:00-05:00,1.8200000524520874,1.8799999952316284,1.7799999713897705,1.850000023841858,650600,0.0,0.0
2004-02-27 00:00:00-05:00,1.8700000047683716,2.359999895095825,1.850000023841858,2.130000114440918,2715000,0.0,0.0
2004-03-01 00:00:00-05:00,2.200000047683716,2.359999895095825,2.1500000953674316,2.180000066757202,1564900,0.0,0.0
2004-03-02 00:00:00-05:00,2.25,2.25,2.1500000953674316,2.1600000858306885,329500,0.0,0.0
2004-03-03 00:00:00-05:00,2.1600000858306885,2.380000114440918,2.1600000858306885,2.299999952316284,719300,0.0,0.0
2004-03-04 00:00:00-05:00,2.3299999237060547,2.759999990463257,2.299999952316284,2.75,2241900,0.0,0.0
2004-03-05 00:00:00-05:00,2.75,2.759999990463257,2.5,2.6500000953674316,2027800,0.0,0.0
2004-03-08 00:00:00-05:00,2.6500000953674316,2.6600000858306885,2.299999952316284,2.4000000953674316,999200,0.0,0.0
2004-03-09 00:00:00-05:00,2.4100000858306885,2.4100000858306885,2.0799999237060547,2.119999885559082,1230400,0.0,0.0
2004-03-10 00:00:00-05:00,2.0999999046325684,2.140000104904175,1.8600000143051147,1.9199999570846558,1898200,0.0,0.0
2004-03-11 00:00:00-05:00,1.899999976158142,2.0799999237060547,1.850000023841858,2.059999942779541,1282500,0.0,0.0
2004-03-12 00:00:00-05:00,2.0899999141693115,2.1500000953674316,1.9700000286102295,2.140000104904175,1169300,0.0,0.0
2004-03-15 00:00:00-05:00,2.1500000953674316,2.1500000953674316,2.049999952316284,2.140000104904175,567100,0.0,0.0
2004-03-16 00:00:00-05:00,2.0999999046325684,2.2300000190734863,2.0999999046325684,2.119999885559082,509300,0.0,0.0
2004-03-17 00:00:00-05:00,2.140000104904175,2.190000057220459,2.130000114440918,2.180000066757202,216800,0.0,0.0
2004-03-18 00:00:00-05:00,2.180000066757202,2.25,2.1500000953674316,2.240000009536743,284000,0.0,0.0
2004-03-19 00:00:00-05:00,2.2300000190734863,2.25,2.1700000762939453,2.2100000381469727,288000,0.0,0.0
2004-03-22 00:00:00-05:00,2.2100000381469727,2.2100000381469727,2.0999999046325684,2.0999999046325684,53700,0.0,0.0
2004-03-23 00:00:00-05:00,2.0899999141693115,2.0999999046325684,1.909999966621399,1.9600000381469727,522500,0.0,0.0
2004-03-24 00:00:00-05:00,1.9500000476837158,1.9500000476837158,1.8899999856948853,1.9299999475479126,145800,0.0,0.0
2004-03-25 00:00:00-05:00,1.940000057220459,2.190000057220459,1.8899999856948853,2.119999885559082,537900,0.0,0.0
2004-03-26 00:00:00-05:00,2.140000104904175,2.190000057220459,2.0999999046325684,2.180000066757202,268100,0.0,0.0
2004-03-29 00:00:00-05:00,2.190000057220459,2.190000057220459,2.130000114440918,2.130000114440918,173000,0.0,0.0
2004-03-30 00:00:00-05:00,2.0999999046325684,2.1500000953674316,2.0799999237060547,2.140000104904175,294300,0.0,0.0
2004-03-31 00:00:00-05:00,2.1500000953674316,2.1500000953674316,2.130000114440918,2.140000104904175,96200,0.0,0.0
2004-04-01 00:00:00-05:00,2.130000114440918,2.1500000953674316,2.119999885559082,2.140000104904175,125800,0.0,0.0
2004-04-02 00:00:00-05:00,2.140000104904175,2.140000104904175,2.109999895095825,2.140000104904175,319500,0.0,0.0
2004-04-05 00:00:00-04:00,2.140000104904175,2.140000104904175,2.0199999809265137,2.0399999618530273,294900,0.0,0.0
2004-04-06 00:00:00-04:00,2.0199999809265137,2.0799999237060547,2.0,2.069999933242798,1812000,0.0,0.0
2004-04-07 00:00:00-04:00,2.049999952316284,2.1600000858306885,2.0199999809265137,2.0399999618530273,511300,0.0,0.0
2004-04-08 00:00:00-04:00,2.0399999618530273,2.0799999237060547,2.0199999809265137,2.0199999809265137,166900,0.0,0.0
2004-04-12 00:00:00-04:00,2.049999952316284,2.049999952316284,1.9900000095367432,2.009999990463257,600600,0.0,0.0
2004-04-13 00:00:00-04:00,2.009999990463257,2.0199999809265137,1.899999976158142,1.899999976158142,259100,0.0,0.0
2004-04-14 00:00:00-04:00,1.899999976158142,1.909999966621399,1.7000000476837158,1.8300000429153442,595400,0.0,0.0
2004-04-15 00:00:00-04:00,1.8300000429153442,1.9199999570846558,1.7999999523162842,1.9199999570846558,230500,0.0,0.0
2004-04-16 00:00:00-04:00,1.899999976158142,2.0899999141693115,1.899999976158142,1.9700000286102295,787800,0.0,0.0
2004-04-19 00:00:00-04:00,1.9700000286102295,2.0799999237060547,1.9600000381469727,1.9800000190734863,207700,0.0,0.0
2004-04-20 00:00:00-04:00,1.9900000095367432,2.0799999237060547,1.9700000286102295,1.9800000190734863,249000,0.0,0.0
2004-04-21 00:00:00-04:00,2.0,2.0,1.9600000381469727,1.9600000381469727,568200,0.0,0.0
2004-04-22 00:00:00-04:00,2.059999942779541,2.4000000953674316,2.059999942779541,2.369999885559082,2625800,0.0,0.0
2004-04-23 00:00:00-04:00,2.369999885559082,2.369999885559082,2.2899999618530273,2.299999952316284,419400,0.0,0.0
2004-04-26 00:00:00-04:00,2.2799999713897705,2.3499999046325684,2.2799999713897705,2.3499999046325684,180800,0.0,0.0
2004-04-27 00:00:00-04:00,2.6500000953674316,2.809999942779541,2.549999952316284,2.809999942779541,1218600,0.0,0.0
2004-04-28 00:00:00-04:00,2.8399999141693115,3.069999933242798,2.6500000953674316,2.8399999141693115,2439200,0.0,0.0
2004-04-29 00:00:00-04:00,2.869999885559082,2.869999885559082,2.509999990463257,2.509999990463257,467800,0.0,0.0
2004-04-30 00:00:00-04:00,2.549999952316284,2.7300000190734863,2.5,2.5999999046325684,644900,0.0,0.0
2004-05-03 00:00:00-04:00,2.559999942779541,2.5999999046325684,2.549999952316284,2.5799999237060547,96400,0.0,0.0
2004-05-04 00:00:00-04:00,2.619999885559082,2.6500000953674316,2.5999999046325684,2.619999885559082,460700,0.0,0.0
2004-05-05 00:00:00-04:00,2.609999895095825,2.8499999046325684,2.609999895095825,2.7300000190734863,660000,0.0,0.0
2004-05-06 00:00:00-04:00,2.7699999809265137,2.7699999809265137,2.5399999618530273,2.5399999618530273,565000,0.0,0.0
2004-05-07 00:00:00-04:00,2.5399999618530273,2.5399999618530273,2.390000104904175,2.4000000953674316,243900,0.0,0.0
2004-05-10 00:00:00-04:00,2.4100000858306885,2.4100000858306885,2.25,2.299999952316284,224100,0.0,0.0
2004-05-11 00:00:00-04:00,2.3499999046325684,2.3499999046325684,2.180000066757202,2.2300000190734863,507700,0.0,0.0
2004-05-12 00:00:00-04:00,2.2300000190734863,2.2300000190734863,2.0999999046325684,2.180000066757202,436200,0.0,0.0
2004-05-13 00:00:00-04:00,2.1600000858306885,2.25,2.1600000858306885,2.2100000381469727,44600,0.0,0.0
2004-05-14 00:00:00-04:00,2.2100000381469727,2.25,2.2100000381469727,2.2200000286102295,205400,0.0,0.0
2004-05-17 00:00:00-04:00,2.2300000190734863,2.259999990463257,2.180000066757202,2.240000009536743,164500,0.0,0.0
2004-05-18 00:00:00-04:00,2.259999990463257,2.5,2.2200000286102295,2.5,286300,0.0,0.0
2004-05-19 00:00:00-04:00,2.5,2.5999999046325684,2.4700000286102295,2.5399999618530273,132300,0.0,0.0
2004-05-20 00:00:00-04:00,2.5299999713897705,2.5399999618530273,2.4000000953674316,2.450000047683716,136800,0.0,0.0
2004-05-21 00:00:00-04:00,2.4000000953674316,2.450000047683716,2.4000000953674316,2.450000047683716,36800,0.0,0.0
2004-05-24 00:00:00-04:00,2.4100000858306885,2.4200000762939453,2.299999952316284,2.3499999046325684,72800,0.0,0.0
2004-05-25 00:00:00-04:00,2.3499999046325684,2.3499999046325684,2.200000047683716,2.2200000286102295,864700,0.0,0.0
2004-05-26 00:00:00-04:00,2.200000047683716,2.200000047683716,2.1500000953674316,2.200000047683716,233800,0.0,0.0
2004-05-27 00:00:00-04:00,2.200000047683716,2.299999952316284,2.200000047683716,2.2799999713897705,885900,0.0,0.0
2004-05-28 00:00:00-04:00,2.299999952316284,2.4000000953674316,2.240000009536743,2.4000000953674316,75500,0.0,0.0
2004-06-01 00:00:00-04:00,2.359999895095825,2.440000057220459,2.299999952316284,2.3499999046325684,282400,0.0,0.0
2004-06-02 00:00:00-04:00,2.359999895095825,2.359999895095825,2.299999952316284,2.3499999046325684,122000,0.0,0.0
2004-06-03 00:00:00-04:00,2.3499999046325684,2.3499999046325684,2.25,2.299999952316284,164600,0.0,0.0
2004-06-04 00:00:00-04:00,2.430000066757202,2.430000066757202,2.049999952316284,2.0799999237060547,154600,0.0,0.0
2004-06-07 00:00:00-04:00,2.0799999237060547,2.25,2.009999990463257,2.1500000953674316,530400,0.0,0.0
2004-06-08 00:00:00-04:00,2.130000114440918,2.1500000953674316,1.9700000286102295,1.9900000095367432,434600,0.0,0.0
2004-06-09 00:00:00-04:00,1.9800000190734863,2.0999999046325684,1.9800000190734863,2.069999933242798,210400,0.0,0.0
2004-06-10 00:00:00-04:00,2.069999933242798,2.2300000190734863,2.069999933242798,2.1500000953674316,174900,0.0,0.0
2004-06-14 00:00:00-04:00,2.119999885559082,2.180000066757202,2.0199999809265137,2.0899999141693115,93300,0.0,0.0
2004-06-15 00:00:00-04:00,2.049999952316284,2.2200000286102295,2.0199999809265137,2.130000114440918,319100,0.0,0.0
2004-06-16 00:00:00-04:00,2.119999885559082,2.140000104904175,2.119999885559082,2.130000114440918,35600,0.0,0.0
2004-06-17 00:00:00-04:00,2.1500000953674316,2.1500000953674316,2.0999999046325684,2.130000114440918,40600,0.0,0.0
2004-06-18 00:00:00-04:00,2.109999895095825,2.2699999809265137,2.109999895095825,2.190000057220459,513800,0.0,0.0
2004-06-21 00:00:00-04:00,2.180000066757202,2.180000066757202,2.0799999237060547,2.119999885559082,36000,0.0,0.0
2004-06-22 00:00:00-04:00,2.1500000953674316,2.1500000953674316,2.069999933242798,2.0999999046325684,23400,0.0,0.0
2004-06-23 00:00:00-04:00,2.0799999237060547,2.1500000953674316,2.0799999237060547,2.119999885559082,74800,0.0,0.0
2004-06-24 00:00:00-04:00,2.0999999046325684,2.1500000953674316,2.069999933242798,2.069999933242798,51600,0.0,0.0
2004-06-25 00:00:00-04:00,2.069999933242798,2.0999999046325684,2.0399999618530273,2.0999999046325684,43400,0.0,0.0
2004-06-28 00:00:00-04:00,2.0899999141693115,2.119999885559082,2.049999952316284,2.049999952316284,69300,0.0,0.0
2004-06-29 00:00:00-04:00,2.049999952316284,2.140000104904175,2.049999952316284,2.0899999141693115,154900,0.0,0.0
2004-06-30 00:00:00-04:00,2.069999933242798,2.140000104904175,2.059999942779541,2.140000104904175,229600,0.0,0.0
2004-07-01 00:00:00-04:00,2.109999895095825,2.200000047683716,2.109999895095825,2.200000047683716,307200,0.0,0.0
2004-07-02 00:00:00-04:00,2.200000047683716,2.200000047683716,2.190000057220459,2.200000047683716,93200,0.0,0.0
2004-07-06 00:00:00-04:00,2.180000066757202,2.200000047683716,2.1500000953674316,2.1500000953674316,86600,0.0,0.0
2004-07-07 00:00:00-04:00,2.1500000953674316,2.490000009536743,2.140000104904175,2.4200000762939453,702900,0.0,0.0
2004-07-08 00:00:00-04:00,2.4000000953674316,2.5199999809265137,2.3299999237060547,2.450000047683716,1012700,0.0,0.0
2004-07-09 00:00:00-04:00,2.549999952316284,2.799999952316284,2.5,2.740000009536743,489600,0.0,0.0
2004-07-12 00:00:00-04:00,2.740000009536743,2.859999895095825,2.700000047683716,2.859999895095825,386800,0.0,0.0
2004-07-13 00:00:00-04:00,2.880000114440918,2.930000066757202,2.700000047683716,2.930000066757202,337000,0.0,0.0
2004-07-14 00:00:00-04:00,2.930000066757202,2.930000066757202,2.799999952316284,2.890000104904175,454700,0.0,0.0
2004-07-15 00:00:00-04:00,2.890000104904175,2.9000000953674316,2.759999990463257,2.819999933242798,266000,0.0,0.0
2004-07-16 00:00:00-04:00,2.8499999046325684,2.8499999046325684,2.7100000381469727,2.799999952316284,177100,0.0,0.0
2004-07-19 00:00:00-04:00,2.7100000381469727,2.7300000190734863,2.619999885559082,2.700000047683716,205100,0.0,0.0
2004-07-20 00:00:00-04:00,2.700000047683716,2.75,2.640000104904175,2.75,42800,0.0,0.0
2004-07-21 00:00:00-04:00,2.75,2.75,2.700000047683716,2.75,81600,0.0,0.0
2004-07-22 00:00:00-04:00,2.740000009536743,2.740000009536743,2.6500000953674316,2.690000057220459,40400,0.0,0.0
2004-07-23 00:00:00-04:00,2.690000057220459,2.740000009536743,2.6500000953674316,2.7300000190734863,68200,0.0,0.0
2004-07-26 00:00:00-04:00,2.680000066757202,2.700000047683716,2.5199999809265137,2.5899999141693115,387800,0.0,0.0
2004-07-27 00:00:00-04:00,2.6500000953674316,2.6500000953674316,2.549999952316284,2.6500000953674316,120500,0.0,0.0
2004-07-28 00:00:00-04:00,2.640000104904175,2.75,2.5999999046325684,2.700000047683716,59700,0.0,0.0
2004-07-29 00:00:00-04:00,2.75,2.940000057220459,2.75,2.890000104904175,566700,0.0,0.0
2004-07-30 00:00:00-04:00,2.869999885559082,2.9800000190734863,2.859999895095825,2.950000047683716,153600,0.0,0.0
2004-08-02 00:00:00-04:00,2.930000066757202,2.950000047683716,2.880000114440918,2.930000066757202,107800,0.0,0.0
2004-08-03 00:00:00-04:00,2.9000000953674316,2.9800000190734863,2.9000000953674316,2.9800000190734863,152400,0.0,0.0
2004-08-04 00:00:00-04:00,2.9600000381469727,2.9600000381469727,2.759999990463257,2.8499999046325684,163900,0.0,0.0
2004-08-05 00:00:00-04:00,2.8499999046325684,2.8499999046325684,2.700000047683716,2.7899999618530273,777400,0.0,0.0
2004-08-06 00:00:00-04:00,2.7899999618530273,2.7899999618530273,2.6700000762939453,2.7699999809265137,86000,0.0,0.0
2004-08-09 00:00:00-04:00,2.75,2.759999990463257,2.6500000953674316,2.759999990463257,51400,0.0,0.0
2004-08-10 00:00:00-04:00,2.759999990463257,2.7899999618530273,2.7300000190734863,2.7699999809265137,72000,0.0,0.0
2004-08-11 00:00:00-04:00,2.7899999618530273,2.7899999618530273,2.6500000953674316,2.700000047683716,366900,0.0,0.0
2004-08-12 00:00:00-04:00,2.690000057220459,2.7100000381469727,2.680000066757202,2.680000066757202,822800,0.0,0.0
2004-08-13 00:00:00-04:00,2.700000047683716,2.799999952316284,2.5799999237060547,2.7899999618530273,575400,0.0,0.0
2004-08-16 00:00:00-04:00,2.759999990463257,2.799999952316284,2.7100000381469727,2.799999952316284,77000,0.0,0.0
2004-08-17 00:00:00-04:00,2.799999952316284,2.809999942779541,2.75,2.7899999618530273,100700,0.0,0.0
2004-08-18 00:00:00-04:00,2.799999952316284,2.8499999046325684,2.799999952316284,2.8499999046325684,678100,0.0,0.0
2004-08-19 00:00:00-04:00,2.819999933242798,2.869999885559082,2.75,2.819999933242798,2278600,0.0,0.0
2004-08-20 00:00:00-04:00,2.8299999237060547,2.8299999237060547,2.700000047683716,2.7799999713897705,113200,0.0,0.0
2004-08-23 00:00:00-04:00,2.7699999809265137,2.7699999809265137,2.559999942779541,2.6500000953674316,188000,0.0,0.0
2004-08-24 00:00:00-04:00,2.6500000953674316,2.6600000858306885,2.569999933242798,2.6500000953674316,159000,0.0,0.0
2004-08-25 00:00:00-04:00,2.619999885559082,2.7100000381469727,2.619999885559082,2.700000047683716,38500,0.0,0.0
2004-08-26 00:00:00-04:00,2.700000047683716,2.880000114440918,2.700000047683716,2.799999952316284,128200,0.0,0.0
2004-08-27 00:00:00-04:00,2.809999942779541,3.009999990463257,2.809999942779541,3.0,1210700,0.0,0.0
2004-08-30 00:00:00-04:00,3.0299999713897705,3.049999952316284,2.9600000381469727,3.0199999809265137,564500,0.0,0.0
2004-08-31 00:00:00-04:00,3.0299999713897705,3.0299999713897705,2.950000047683716,2.9700000286102295,365600,0.0,0.0
2004-09-01 00:00:00-04:00,2.9800000190734863,2.9800000190734863,2.890000104904175,2.890000104904175,52400,0.0,0.0
2004-09-02 00:00:00-04:00,2.890000104904175,2.9000000953674316,2.799999952316284,2.869999885559082,473000,0.0,0.0
2004-09-03 00:00:00-04:00,2.8299999237060547,2.859999895095825,2.799999952316284,2.8499999046325684,51300,0.0,0.0
2004-09-07 00:00:00-04:00,2.9000000953674316,2.940000057220459,2.7899999618530273,2.809999942779541,207000,0.0,0.0
2004-09-08 00:00:00-04:00,2.799999952316284,2.9000000953674316,2.799999952316284,2.869999885559082,39200,0.0,0.0
2004-09-09 00:00:00-04:00,2.890000104904175,2.930000066757202,2.8499999046325684,2.8499999046325684,135900,0.0,0.0
2004-09-10 00:00:00-04:00,2.8399999141693115,2.8399999141693115,2.7699999809265137,2.8299999237060547,93000,0.0,0.0
2004-09-13 00:00:00-04:00,2.7699999809265137,2.859999895095825,2.7699999809265137,2.8499999046325684,181900,0.0,0.0
2004-09-14 00:00:00-04:00,2.819999933242798,2.8499999046325684,2.7799999713897705,2.809999942779541,83700,0.0,0.0
2004-09-15 00:00:00-04:00,2.799999952316284,2.809999942779541,2.75,2.7799999713897705,56200,0.0,0.0
2004-09-16 00:00:00-04:00,2.75,2.75,2.75,2.75,5000,0.0,0.0
2004-09-17 00:00:00-04:00,2.75,2.9200000762939453,2.680000066757202,2.9000000953674316,567200,0.0,0.0
2004-09-20 00:00:00-04:00,2.930000066757202,2.940000057220459,2.8499999046325684,2.8499999046325684,229000,0.0,0.0
2004-09-21 00:00:00-04:00,2.8499999046325684,2.950000047683716,2.819999933242798,2.940000057220459,107900,0.0,0.0
2004-09-22 00:00:00-04:00,2.950000047683716,2.9600000381469727,2.8499999046325684,2.890000104904175,89000,0.0,0.0
2004-09-23 00:00:00-04:00,2.890000104904175,2.890000104904175,2.8399999141693115,2.8399999141693115,16900,0.0,0.0
2004-09-24 00:00:00-04:00,2.8499999046325684,2.8499999046325684,2.799999952316284,2.8499999046325684,82000,0.0,0.0
2004-09-27 00:00:00-04:00,2.8499999046325684,2.880000114440918,2.799999952316284,2.819999933242798,24800,0.0,0.0
2004-09-28 00:00:00-04:00,2.799999952316284,2.799999952316284,2.6500000953674316,2.690000057220459,328000,0.0,0.0
2004-09-29 00:00:00-04:00,2.700000047683716,2.8299999237060547,2.680000066757202,2.799999952316284,702700,0.0,0.0
2004-09-30 00:00:00-04:00,2.819999933242798,2.819999933242798,2.680000066757202,2.700000047683716,503700,0.0,0.0
2004-10-01 00:00:00-04:00,2.6700000762939453,2.6700000762939453,2.630000114440918,2.6500000953674316,383600,0.0,0.0
2004-10-04 00:00:00-04:00,2.619999885559082,2.6500000953674316,2.5999999046325684,2.619999885559082,69000,0.0,0.0
2004-10-05 00:00:00-04:00,2.619999885559082,2.6500000953674316,2.569999933242798,2.5999999046325684,313300,0.0,0.0
2004-10-06 00:00:00-04:00,2.619999885559082,2.619999885559082,2.5,2.5799999237060547,703200,0.0,0.0
2004-10-07 00:00:00-04:00,2.6500000953674316,2.819999933242798,2.5999999046325684,2.740000009536743,691800,0.0,0.0
2004-10-08 00:00:00-04:00,2.7699999809265137,2.880000114440918,2.7699999809265137,2.7899999618530273,301100,0.0,0.0
2004-10-11 00:00:00-04:00,2.799999952316284,2.799999952316284,2.75,2.75,10300,0.0,0.0
2004-10-12 00:00:00-04:00,2.7300000190734863,2.7699999809265137,2.7100000381469727,2.740000009536743,46000,0.0,0.0
2004-10-13 00:00:00-04:00,2.740000009536743,2.7699999809265137,2.7100000381469727,2.759999990463257,97200,0.0,0.0
2004-10-14 00:00:00-04:00,2.7699999809265137,2.8499999046325684,2.75,2.8499999046325684,190400,0.0,0.0
2004-10-15 00:00:00-04:00,2.8499999046325684,2.859999895095825,2.819999933242798,2.8299999237060547,53600,0.0,0.0
2004-10-18 00:00:00-04:00,2.8299999237060547,2.890000104904175,2.8299999237060547,2.890000104904175,254800,0.0,0.0
2004-10-19 00:00:00-04:00,2.9000000953674316,2.950000047683716,2.880000114440918,2.940000057220459,476900,0.0,0.0
2004-10-20 00:00:00-04:00,2.930000066757202,2.930000066757202,2.819999933242798,2.880000114440918,157800,0.0,0.0
2004-10-21 00:00:00-04:00,2.880000114440918,2.940000057220459,2.8399999141693115,2.940000057220459,228100,0.0,0.0
2004-10-22 00:00:00-04:00,2.950000047683716,2.950000047683716,2.890000104904175,2.890000104904175,129700,0.0,0.0
2004-10-25 00:00:00-04:00,2.880000114440918,2.9000000953674316,2.819999933242798,2.880000114440918,222900,0.0,0.0
2004-10-26 00:00:00-04:00,2.890000104904175,2.890000104904175,2.869999885559082,2.880000114440918,355700,0.0,0.0
2004-10-27 00:00:00-04:00,2.880000114440918,3.3399999141693115,2.869999885559082,3.259999990463257,3202300,0.0,0.0
2004-10-28 00:00:00-04:00,3.2699999809265137,3.2899999618530273,2.9600000381469727,3.200000047683716,4068400,0.0,0.0
2004-10-29 00:00:00-04:00,3.190000057220459,3.259999990463257,3.1700000762939453,3.259999990463257,802600,0.0,0.0
2004-11-01 00:00:00-05:00,3.259999990463257,3.359999895095825,3.25,3.319999933242798,392300,0.0,0.0
2004-11-02 00:00:00-05:00,3.309999942779541,3.319999933242798,3.2699999809265137,3.2799999713897705,236000,0.0,0.0
2004-11-03 00:00:00-05:00,3.319999933242798,3.4000000953674316,3.319999933242798,3.390000104904175,454100,0.0,0.0
2004-11-04 00:00:00-05:00,3.430000066757202,3.799999952316284,3.4200000762939453,3.75,1721000,0.0,0.0
2004-11-05 00:00:00-05:00,3.740000009536743,4.0,3.740000009536743,3.990000009536743,1202600,0.0,0.0
2004-11-08 00:00:00-05:00,4.0,4.28000020980835,3.9600000381469727,4.150000095367432,1814100,0.0,0.0
2004-11-09 00:00:00-05:00,4.239999771118164,4.320000171661377,4.139999866485596,4.190000057220459,1450700,0.0,0.0
2004-11-10 00:00:00-05:00,4.159999847412109,4.21999979019165,3.950000047683716,4.21999979019165,456500,0.0,0.0
2004-11-11 00:00:00-05:00,4.260000228881836,4.449999809265137,4.260000228881836,4.369999885559082,1054900,0.0,0.0
2004-11-12 00:00:00-05:00,4.400000095367432,4.400000095367432,4.25,4.329999923706055,327100,0.0,0.0
2004-11-15 00:00:00-05:00,4.309999942779541,4.320000171661377,4.300000190734863,4.309999942779541,314700,0.0,0.0
2004-11-16 00:00:00-05:00,4.320000171661377,4.320000171661377,4.28000020980835,4.309999942779541,286400,0.0,0.0
2004-11-17 00:00:00-05:00,4.309999942779541,4.5,4.300000190734863,4.449999809265137,796900,0.0,0.0
2004-11-18 00:00:00-05:00,4.5,4.599999904632568,4.449999809265137,4.599999904632568,451300,0.0,0.0
2004-11-19 00:00:00-05:00,4.599999904632568,4.599999904632568,4.5,4.5,201400,0.0,0.0
2004-11-22 00:00:00-05:00,4.5,4.510000228881836,4.429999828338623,4.449999809265137,184600,0.0,0.0
2004-11-23 00:00:00-05:00,4.460000038146973,4.489999771118164,4.420000076293945,4.449999809265137,225500,0.0,0.0
2004-11-24 00:00:00-05:00,4.5,4.690000057220459,4.449999809265137,4.650000095367432,419400,0.0,0.0
2004-11-26 00:00:00-05:00,4.650000095367432,4.699999809265137,4.579999923706055,4.679999828338623,119200,0.0,0.0
2004-11-29 00:00:00-05:00,4.75,4.75,4.400000095367432,4.420000076293945,224600,0.0,0.0
2004-11-30 00:00:00-05:00,4.489999771118164,4.489999771118164,4.360000133514404,4.400000095367432,111500,0.0,0.0
2004-12-01 00:00:00-05:00,4.380000114440918,4.5,4.380000114440918,4.460000038146973,305000,0.0,0.0
2004-12-02 00:00:00-05:00,4.460000038146973,4.559999942779541,4.460000038146973,4.53000020980835,5576300,0.0,0.0
2004-12-03 00:00:00-05:00,4.53000020980835,4.53000020980835,4.199999809265137,4.480000019073486,1451000,0.0,0.0
2004-12-06 00:00:00-05:00,4.400000095367432,4.449999809265137,4.369999885559082,4.449999809265137,234100,0.0,0.0
2004-12-07 00:00:00-05:00,4.480000019073486,4.489999771118164,4.429999828338623,4.440000057220459,624300,0.0,0.0
2004-12-08 00:00:00-05:00,4.449999809265137,4.460000038146973,4.360000133514404,4.400000095367432,529800,0.0,0.0
2004-12-09 00:00:00-05:00,4.360000133514404,4.460000038146973,4.320000171661377,4.420000076293945,337700,0.0,0.0
2004-12-10 00:00:00-05:00,4.380000114440918,4.5,4.349999904632568,4.349999904632568,779900,0.0,0.0
2004-12-13 00:00:00-05:00,4.360000133514404,4.360000133514404,4.300000190734863,4.300000190734863,261800,0.0,0.0
2004-12-14 00:00:00-05:00,4.260000228881836,4.329999923706055,4.21999979019165,4.230000019073486,193800,0.0,0.0
2004-12-15 00:00:00-05:00,4.21999979019165,4.300000190734863,4.0,4.099999904632568,512000,0.0,0.0
2004-12-16 00:00:00-05:00,4.110000133514404,4.199999809265137,4.0,4.199999809265137,565500,0.0,0.0
2004-12-17 00:00:00-05:00,4.230000019073486,4.409999847412109,4.199999809265137,4.409999847412109,618100,0.0,0.0
2004-12-20 00:00:00-05:00,4.300000190734863,4.320000171661377,4.230000019073486,4.260000228881836,310000,0.0,0.0
2004-12-21 00:00:00-05:00,4.269999980926514,4.5,4.260000228881836,4.480000019073486,294200,0.0,0.0
2004-12-22 00:00:00-05:00,4.489999771118164,4.489999771118164,4.329999923706055,4.329999923706055,146600,0.0,0.0
2004-12-23 00:00:00-05:00,4.400000095367432,4.480000019073486,4.329999923706055,4.400000095367432,139600,0.0,0.0
2004-12-27 00:00:00-05:00,4.389999866485596,4.389999866485596,4.349999904632568,4.369999885559082,59700,0.0,0.0
2004-12-28 00:00:00-05:00,4.369999885559082,4.409999847412109,4.320000171661377,4.400000095367432,242300,0.0,0.0
2004-12-29 00:00:00-05:00,4.400000095367432,4.420000076293945,4.380000114440918,4.400000095367432,137100,0.0,0.0
2004-12-30 00:00:00-05:00,4.400000095367432,4.650000095367432,4.389999866485596,4.550000190734863,1557000,0.0,0.0
2004-12-31 00:00:00-05:00,4.599999904632568,4.599999904632568,4.449999809265137,4.5,695400,0.0,0.0
2005-01-03 00:00:00-05:00,4.5,4.53000020980835,4.349999904632568,4.429999828338623,390100,0.0,0.0
2005-01-04 00:00:00-05:00,4.400000095367432,4.480000019073486,4.300000190734863,4.349999904632568,280300,0.0,0.0
2005-01-05 00:00:00-05:00,4.25,4.349999904632568,4.139999866485596,4.300000190734863,205900,0.0,0.0
2005-01-06 00:00:00-05:00,4.449999809265137,4.5,4.21999979019165,4.300000190734863,175200,0.0,0.0
2005-01-07 00:00:00-05:00,4.28000020980835,4.480000019073486,4.260000228881836,4.480000019073486,412300,0.0,0.0
2005-01-10 00:00:00-05:00,4.489999771118164,4.519999980926514,4.449999809265137,4.480000019073486,1900900,0.0,0.0
2005-01-11 00:00:00-05:00,4.449999809265137,4.480000019073486,4.349999904632568,4.400000095367432,83400,0.0,0.0
2005-01-12 00:00:00-05:00,4.449999809265137,4.550000190734863,4.400000095367432,4.53000020980835,157000,0.0,0.0
2005-01-13 00:00:00-05:00,4.550000190734863,4.75,4.519999980926514,4.659999847412109,971600,0.0,0.0
2005-01-14 00:00:00-05:00,4.679999828338623,4.800000190734863,4.679999828338623,4.78000020980835,2951900,0.0,0.0
2005-01-18 00:00:00-05:00,4.800000190734863,4.800000190734863,4.619999885559082,4.690000057220459,623000,0.0,0.0
2005-01-19 00:00:00-05:00,4.690000057220459,4.75,4.599999904632568,4.639999866485596,788400,0.0,0.0
2005-01-20 00:00:00-05:00,4.650000095367432,4.650000095367432,4.510000228881836,4.570000171661377,239000,0.0,0.0
2005-01-21 00:00:00-05:00,4.559999942779541,4.599999904632568,4.5,4.550000190734863,536100,0.0,0.0
2005-01-24 00:00:00-05:00,4.590000152587891,4.639999866485596,4.5,4.559999942779541,87300,0.0,0.0
2005-01-25 00:00:00-05:00,4.590000152587891,4.599999904632568,4.46999979019165,4.5,642600,0.0,0.0
2005-01-26 00:00:00-05:00,4.460000038146973,4.480000019073486,4.25,4.320000171661377,1158000,0.0,0.0
2005-01-27 00:00:00-05:00,4.349999904632568,4.420000076293945,4.300000190734863,4.360000133514404,394000,0.0,0.0
2005-01-28 00:00:00-05:00,4.360000133514404,4.360000133514404,4.230000019073486,4.25,125300,0.0,0.0
2005-01-31 00:00:00-05:00,4.260000228881836,4.369999885559082,4.130000114440918,4.369999885559082,698800,0.0,0.0
2005-02-01 00:00:00-05:00,4.389999866485596,4.420000076293945,4.329999923706055,4.340000152587891,506500,0.0,0.0
2005-02-02 00:00:00-05:00,4.309999942779541,4.590000152587891,4.300000190734863,4.590000152587891,947600,0.0,0.0
2005-02-03 00:00:00-05:00,4.510000228881836,4.599999904632568,4.510000228881836,4.579999923706055,1440400,0.0,0.0
2005-02-04 00:00:00-05:00,4.75,4.869999885559082,4.699999809265137,4.75,3559100,0.0,0.0
2005-02-07 00:00:00-05:00,4.75,4.980000019073486,4.730000019073486,4.949999809265137,2705500,0.0,0.0
2005-02-08 00:00:00-05:00,4.949999809265137,5.0,4.710000038146973,4.880000114440918,731500,0.0,0.0
2005-02-09 00:00:00-05:00,4.880000114440918,4.889999866485596,4.75,4.840000152587891,317800,0.0,0.0
2005-02-10 00:00:00-05:00,4.840000152587891,5.0,4.829999923706055,4.980000019073486,906200,0.0,0.0
2005-02-11 00:00:00-05:00,4.96999979019165,4.980000019073486,4.929999828338623,4.929999828338623,338600,0.0,0.0
2005-02-14 00:00:00-05:00,4.929999828338623,4.989999771118164,4.920000076293945,4.929999828338623,398800,0.0,0.0
2005-02-15 00:00:00-05:00,4.940000057220459,4.940000057220459,4.760000228881836,4.849999904632568,320600,0.0,0.0
2005-02-16 00:00:00-05:00,4.849999904632568,4.849999904632568,4.800000190734863,4.800000190734863,185000,0.0,0.0
2005-02-17 00:00:00-05:00,4.820000171661377,4.940000057220459,4.800000190734863,4.900000095367432,751300,0.0,0.0
2005-02-18 00:00:00-05:00,4.849999904632568,4.880000114440918,4.5,4.699999809265137,1673700,0.0,0.0
2005-02-22 00:00:00-05:00,4.699999809265137,4.710000038146973,4.320000171661377,4.409999847412109,715500,0.0,0.0
2005-02-23 00:00:00-05:00,4.409999847412109,4.409999847412109,4.320000171661377,4.369999885559082,571400,0.0,0.0
2005-02-24 00:00:00-05:00,4.369999885559082,4.699999809265137,4.360000133514404,4.679999828338623,942000,0.0,0.0
2005-02-25 00:00:00-05:00,4.679999828338623,4.699999809265137,4.590000152587891,4.699999809265137,149500,0.0,0.0
2005-02-28 00:00:00-05:00,4.679999828338623,4.75,4.659999847412109,4.710000038146973,252600,0.0,0.0
2005-03-01 00:00:00-05:00,4.710000038146973,4.730000019073486,4.690000057220459,4.710000038146973,992800,0.0,0.0
2005-03-02 00:00:00-05:00,4.71999979019165,4.849999904632568,4.699999809265137,4.789999961853027,1325400,0.0,0.0
2005-03-03 00:00:00-05:00,4.800000190734863,4.800000190734863,4.75,4.789999961853027,147800,0.0,0.0
2005-03-04 00:00:00-05:00,4.849999904632568,4.929999828338623,4.800000190734863,4.920000076293945,934400,0.0,0.0
2005-03-07 00:00:00-05:00,4.949999809265137,4.949999809265137,4.809999942779541,4.900000095367432,189200,0.0,0.0
2005-03-08 00:00:00-05:00,4.929999828338623,4.949999809265137,4.829999923706055,4.900000095367432,78900,0.0,0.0
2005-03-09 00:00:00-05:00,4.920000076293945,4.920000076293945,4.599999904632568,4.699999809265137,395600,0.0,0.0
2005-03-10 00:00:00-05:00,4.650000095367432,4.679999828338623,4.449999809265137,4.5,1168100,0.0,0.0
2005-03-11 00:00:00-05:00,4.519999980926514,4.639999866485596,4.449999809265137,4.639999866485596,145600,0.0,0.0
2005-03-14 00:00:00-05:00,4.639999866485596,4.670000076293945,4.5,4.650000095367432,229900,0.0,0.0
2005-03-15 00:00:00-05:00,4.630000114440918,4.710000038146973,4.599999904632568,4.599999904632568,526900,0.0,0.0
2005-03-16 00:00:00-05:00,4.639999866485596,4.650000095367432,4.579999923706055,4.619999885559082,175700,0.0,0.0
2005-03-17 00:00:00-05:00,4.630000114440918,4.75,4.619999885559082,4.699999809265137,247900,0.0,0.0
2005-03-18 00:00:00-05:00,4.739999771118164,4.860000133514404,4.71999979019165,4.849999904632568,714500,0.0,0.0
2005-03-21 00:00:00-05:00,4.860000133514404,4.920000076293945,4.800000190734863,4.900000095367432,701300,0.0,0.0
2005-03-22 00:00:00-05:00,4.909999847412109,4.909999847412109,4.840000152587891,4.869999885559082,325300,0.0,0.0
2005-03-23 00:00:00-05:00,4.900000095367432,4.920000076293945,4.800000190734863,4.800000190734863,365000,0.0,0.0
2005-03-24 00:00:00-05:00,4.800000190734863,4.809999942779541,4.599999904632568,4.739999771118164,874100,0.0,0.0
2005-03-28 00:00:00-05:00,4.789999961853027,4.800000190734863,4.599999904632568,4.75,111100,0.0,0.0
2005-03-29 00:00:00-05:00,4.769999980926514,4.78000020980835,4.619999885559082,4.650000095367432,2269100,0.0,0.0
2005-03-30 00:00:00-05:00,4.650000095367432,4.75,4.650000095367432,4.75,111500,0.0,0.0
2005-03-31 00:00:00-05:00,4.71999979019165,4.75,4.610000133514404,4.75,477900,0.0,0.0
2005-04-01 00:00:00-05:00,4.75,4.800000190734863,4.619999885559082,4.690000057220459,601200,0.0,0.0
2005-04-04 00:00:00-04:00,4.690000057220459,4.699999809265137,4.550000190734863,4.550000190734863,94000,0.0,0.0
2005-04-05 00:00:00-04:00,4.539999961853027,4.699999809265137,4.510000228881836,4.650000095367432,161500,0.0,0.0
2005-04-06 00:00:00-04:00,4.610000133514404,4.650000095367432,4.489999771118164,4.489999771118164,183900,0.0,0.0
2005-04-07 00:00:00-04:00,4.5,4.53000020980835,4.46999979019165,4.5,259000,0.0,0.0
2005-04-08 00:00:00-04:00,4.699999809265137,4.78000020980835,4.670000076293945,4.730000019073486,511200,0.0,0.0
2005-04-11 00:00:00-04:00,4.739999771118164,4.789999961853027,4.679999828338623,4.769999980926514,114100,0.0,0.0
2005-04-12 00:00:00-04:00,4.78000020980835,4.78000020980835,4.650000095367432,4.679999828338623,415600,0.0,0.0
2005-04-13 00:00:00-04:00,4.699999809265137,4.71999979019165,4.599999904632568,4.650000095367432,29700,0.0,0.0
2005-04-14 00:00:00-04:00,4.599999904632568,4.710000038146973,4.579999923706055,4.710000038146973,68800,0.0,0.0
2005-04-15 00:00:00-04:00,4.710000038146973,4.710000038146973,4.599999904632568,4.650000095367432,40600,0.0,0.0
2005-04-18 00:00:00-04:00,4.650000095367432,4.699999809265137,4.550000190734863,4.650000095367432,286900,0.0,0.0
2005-04-19 00:00:00-04:00,4.650000095367432,4.679999828338623,4.599999904632568,4.619999885559082,758900,0.0,0.0
2005-04-20 00:00:00-04:00,4.599999904632568,4.619999885559082,4.369999885559082,4.400000095367432,307700,0.0,0.0
2005-04-21 00:00:00-04:00,4.380000114440918,4.480000019073486,4.230000019073486,4.289999961853027,791300,0.0,0.0
2005-04-22 00:00:00-04:00,4.260000228881836,4.380000114440918,4.25,4.320000171661377,385800,0.0,0.0
2005-04-25 00:00:00-04:00,4.360000133514404,4.400000095367432,4.349999904632568,4.380000114440918,259100,0.0,0.0
2005-04-26 00:00:00-04:00,4.380000114440918,4.380000114440918,4.329999923706055,4.369999885559082,149900,0.0,0.0
2005-04-27 00:00:00-04:00,4.369999885559082,4.369999885559082,4.289999961853027,4.300000190734863,289300,0.0,0.0
2005-04-28 00:00:00-04:00,4.309999942779541,4.309999942779541,4.099999904632568,4.150000095367432,808800,0.0,0.0
2005-04-29 00:00:00-04:00,4.130000114440918,4.130000114440918,3.5199999809265137,4.050000190734863,2512800,0.0,0.0
2005-05-02 00:00:00-04:00,4.099999904632568,4.199999809265137,4.0,4.199999809265137,1191100,0.0,0.0
2005-05-03 00:00:00-04:00,4.21999979019165,4.349999904632568,4.21999979019165,4.329999923706055,206600,0.0,0.0
2005-05-04 00:00:00-04:00,4.389999866485596,4.420000076293945,4.199999809265137,4.199999809265137,553900,0.0,0.0
2005-05-05 00:00:00-04:00,4.300000190734863,4.300000190734863,4.099999904632568,4.150000095367432,111700,0.0,0.0
2005-05-06 00:00:00-04:00,4.25,4.389999866485596,4.099999904632568,4.130000114440918,196500,0.0,0.0
2005-05-09 00:00:00-04:00,4.159999847412109,4.239999771118164,4.119999885559082,4.119999885559082,97700,0.0,0.0
2005-05-10 00:00:00-04:00,4.150000095367432,4.400000095367432,3.75,4.099999904632568,339900,0.0,0.0
2005-05-11 00:00:00-04:00,4.119999885559082,4.400000095367432,4.0,4.099999904632568,160900,0.0,0.0
2005-05-12 00:00:00-04:00,4.099999904632568,4.21999979019165,3.75,3.940000057220459,317000,0.0,0.0
2005-05-13 00:00:00-04:00,4.070000171661377,4.070000171661377,3.75,3.8499999046325684,147700,0.0,0.0
2005-05-16 00:00:00-04:00,3.9700000286102295,4.0,3.5,3.890000104904175,328700,0.0,0.0
2005-05-17 00:00:00-04:00,3.869999885559082,3.869999885559082,3.6600000858306885,3.7699999809265137,152000,0.0,0.0
2005-05-18 00:00:00-04:00,3.7899999618530273,3.9000000953674316,3.6500000953674316,3.9000000953674316,426400,0.0,0.0
2005-05-19 00:00:00-04:00,3.9000000953674316,3.9000000953674316,3.7799999713897705,3.8299999237060547,1050900,0.0,0.0
2005-05-20 00:00:00-04:00,3.8499999046325684,3.9800000190734863,3.8499999046325684,3.950000047683716,429000,0.0,0.0
2005-05-23 00:00:00-04:00,4.0,4.139999866485596,3.9000000953674316,3.950000047683716,512800,0.0,0.0
2005-05-24 00:00:00-04:00,3.9800000190734863,3.9800000190734863,3.700000047683716,3.950000047683716,586100,0.0,0.0
2005-05-25 00:00:00-04:00,3.75,3.950000047683716,3.700000047683716,3.9000000953674316,296000,0.0,0.0
2005-05-26 00:00:00-04:00,3.9000000953674316,3.9600000381469727,3.7899999618530273,3.950000047683716,129800,0.0,0.0
2005-05-27 00:00:00-04:00,3.9200000762939453,3.9700000286102295,3.859999895095825,3.930000066757202,54100,0.0,0.0
2005-05-31 00:00:00-04:00,4.0,4.019999980926514,3.799999952316284,3.9700000286102295,740600,0.0,0.0
2005-06-01 00:00:00-04:00,3.9700000286102295,4.050000190734863,3.9700000286102295,4.039999961853027,715600,0.0,0.0
2005-06-02 00:00:00-04:00,4.079999923706055,4.139999866485596,3.990000009536743,3.990000009536743,197400,0.0,0.0
2005-06-03 00:00:00-04:00,3.9800000190734863,4.150000095367432,3.9800000190734863,4.139999866485596,1290000,0.0,0.0
2005-06-06 00:00:00-04:00,4.010000228881836,4.239999771118164,4.010000228881836,4.179999828338623,500400,0.0,0.0
2005-06-07 00:00:00-04:00,4.349999904632568,4.400000095367432,4.210000038146973,4.320000171661377,1396300,0.0,0.0
2005-06-08 00:00:00-04:00,4.340000152587891,4.349999904632568,4.199999809265137,4.300000190734863,491600,0.0,0.0
2005-06-09 00:00:00-04:00,4.25,4.340000152587891,4.199999809265137,4.329999923706055,450000,0.0,0.0
2005-06-10 00:00:00-04:00,4.300000190734863,4.400000095367432,4.25,4.349999904632568,331100,0.0,0.0
2005-06-13 00:00:00-04:00,4.309999942779541,4.639999866485596,4.309999942779541,4.599999904632568,594500,0.0,0.0
2005-06-14 00:00:00-04:00,4.599999904632568,4.71999979019165,4.400000095367432,4.5,362800,0.0,0.0
2005-06-15 00:00:00-04:00,4.599999904632568,4.75,4.389999866485596,4.650000095367432,1038100,0.0,0.0
2005-06-16 00:00:00-04:00,4.71999979019165,4.75,4.510000228881836,4.739999771118164,342500,0.0,0.0
2005-06-17 00:00:00-04:00,4.739999771118164,4.769999980926514,4.630000114440918,4.75,380800,0.0,0.0
2005-06-20 00:00:00-04:00,4.75,4.789999961853027,4.559999942779541,4.650000095367432,470100,0.0,0.0
2005-06-21 00:00:00-04:00,4.619999885559082,4.650000095367432,4.369999885559082,4.5,612800,0.0,0.0
2005-06-22 00:00:00-04:00,4.400000095367432,4.510000228881836,4.360000133514404,4.46999979019165,209400,0.0,0.0
2005-06-23 00:00:00-04:00,4.599999904632568,4.75,4.349999904632568,4.440000057220459,1125800,0.0,0.0
2005-06-24 00:00:00-04:00,4.460000038146973,4.840000152587891,4.400000095367432,4.75,5972500,0.0,0.0
2005-06-27 00:00:00-04:00,4.730000019073486,4.800000190734863,4.559999942779541,4.679999828338623,1416000,0.0,0.0
2005-06-28 00:00:00-04:00,4.630000114440918,5.099999904632568,4.619999885559082,5.079999923706055,1864800,0.0,0.0
2005-06-29 00:00:00-04:00,5.119999885559082,5.800000190734863,4.960000038146973,5.199999809265137,943200,0.0,0.0
2005-06-30 00:00:00-04:00,5.199999809265137,5.300000190734863,4.940000057220459,5.0,598900,0.0,0.0
2005-07-01 00:00:00-04:00,5.03000020980835,5.300000190734863,5.010000228881836,5.239999771118164,822700,0.0,0.0
2005-07-05 00:00:00-04:00,5.25,5.53000020980835,5.25,5.5,678700,0.0,0.0
2005-07-06 00:00:00-04:00,5.5,5.690000057220459,5.300000190734863,5.46999979019165,1368600,0.0,0.0
2005-07-07 00:00:00-04:00,5.449999809265137,5.5,5.300000190734863,5.440000057220459,1332900,0.0,0.0
2005-07-08 00:00:00-04:00,5.460000038146973,5.46999979019165,5.25,5.400000095367432,964100,0.0,0.0
2005-07-11 00:00:00-04:00,5.400000095367432,5.539999961853027,5.400000095367432,5.489999771118164,995400,0.0,0.0
2005-07-12 00:00:00-04:00,5.449999809265137,5.949999809265137,5.449999809265137,5.840000152587891,1786700,0.0,0.0
2005-07-13 00:00:00-04:00,5.800000190734863,6.010000228881836,5.739999771118164,5.920000076293945,1026000,0.0,0.0
2005-07-14 00:00:00-04:00,6.050000190734863,6.050000190734863,5.78000020980835,5.800000190734863,349900,0.0,0.0
2005-07-15 00:00:00-04:00,5.75,6.050000190734863,5.730000019073486,5.980000019073486,1693000,0.0,0.0
2005-07-18 00:00:00-04:00,6.010000228881836,6.150000095367432,5.920000076293945,6.119999885559082,1076900,0.0,0.0
2005-07-19 00:00:00-04:00,6.199999809265137,6.199999809265137,6.03000020980835,6.110000133514404,1024800,0.0,0.0
2005-07-20 00:00:00-04:00,6.059999942779541,6.150000095367432,5.980000019073486,6.110000133514404,874500,0.0,0.0
2005-07-21 00:00:00-04:00,6.059999942779541,6.119999885559082,6.019999980926514,6.039999961853027,702300,0.0,0.0
2005-07-22 00:00:00-04:00,5.860000133514404,6.0,5.78000020980835,6.0,1414200,0.0,0.0
2005-07-25 00:00:00-04:00,6.0,6.03000020980835,5.820000171661377,5.889999866485596,556000,0.0,0.0
2005-07-26 00:00:00-04:00,5.829999923706055,6.0,5.829999923706055,5.949999809265137,692700,0.0,0.0
2005-07-27 00:00:00-04:00,5.980000019073486,5.980000019073486,5.699999809265137,5.820000171661377,1441900,0.0,0.0
2005-07-28 00:00:00-04:00,5.940000057220459,5.940000057220459,5.260000228881836,5.860000133514404,558300,0.0,0.0
2005-07-29 00:00:00-04:00,5.619999885559082,5.849999904632568,5.349999904632568,5.619999885559082,2768500,0.0,0.0
2005-08-01 00:00:00-04:00,5.650000095367432,5.739999771118164,5.599999904632568,5.699999809265137,1138400,0.0,0.0
2005-08-02 00:00:00-04:00,5.690000057220459,5.980000019073486,5.619999885559082,5.860000133514404,772700,0.0,0.0
2005-08-03 00:00:00-04:00,5.960000038146973,6.099999904632568,5.820000171661377,5.940000057220459,487400,0.0,0.0
2005-08-04 00:00:00-04:00,5.980000019073486,6.0,5.75,5.800000190734863,281500,0.0,0.0
2005-08-05 00:00:00-04:00,5.989999771118164,5.989999771118164,5.639999866485596,5.71999979019165,479100,0.0,0.0
2005-08-08 00:00:00-04:00,5.909999847412109,5.940000057220459,5.25,5.510000228881836,1309100,0.0,0.0
2005-08-09 00:00:00-04:00,5.590000152587891,5.699999809265137,5.300000190734863,5.46999979019165,1374400,0.0,0.0
2005-08-10 00:00:00-04:00,5.519999980926514,5.699999809265137,5.150000095367432,5.269999980926514,1543200,0.0,0.0
2005-08-11 00:00:00-04:00,5.239999771118164,5.610000133514404,5.21999979019165,5.519999980926514,488400,0.0,0.0
2005-08-12 00:00:00-04:00,5.53000020980835,5.599999904632568,5.340000152587891,5.449999809265137,654400,0.0,0.0
2005-08-15 00:00:00-04:00,5.400000095367432,5.519999980926514,5.25,5.300000190734863,311500,0.0,0.0
2005-08-16 00:00:00-04:00,5.25,5.269999980926514,5.099999904632568,5.159999847412109,718000,0.0,0.0
2005-08-17 00:00:00-04:00,5.179999828338623,5.400000095367432,5.119999885559082,5.170000076293945,493500,0.0,0.0
2005-08-18 00:00:00-04:00,5.150000095367432,5.28000020980835,5.090000152587891,5.179999828338623,532700,0.0,0.0
2005-08-19 00:00:00-04:00,5.170000076293945,5.480000019073486,5.150000095367432,5.409999847412109,425000,0.0,0.0
2005-08-22 00:00:00-04:00,5.329999923706055,5.480000019073486,5.199999809265137,5.429999828338623,391700,0.0,0.0
2005-08-23 00:00:00-04:00,5.389999866485596,5.849999904632568,5.389999866485596,5.829999923706055,706700,0.0,0.0
2005-08-24 00:00:00-04:00,5.610000133514404,5.78000020980835,5.510000228881836,5.510000228881836,478400,0.0,0.0
2005-08-25 00:00:00-04:00,5.5,5.679999828338623,5.349999904632568,5.599999904632568,260500,0.0,0.0
2005-08-26 00:00:00-04:00,5.650000095367432,5.650000095367432,5.269999980926514,5.369999885559082,414600,0.0,0.0
2005-08-29 00:00:00-04:00,5.320000171661377,5.349999904632568,5.210000038146973,5.25,335300,0.0,0.0
2005-08-30 00:00:00-04:00,5.239999771118164,5.349999904632568,4.909999847412109,5.039999961853027,630900,0.0,0.0
2005-08-31 00:00:00-04:00,5.070000171661377,5.300000190734863,4.909999847412109,5.25,386400,0.0,0.0
2005-09-01 00:00:00-04:00,5.269999980926514,5.300000190734863,4.949999809265137,4.989999771118164,825700,0.0,0.0
2005-09-02 00:00:00-04:00,4.949999809265137,5.039999961853027,4.71999979019165,5.0,426700,0.0,0.0
2005-09-06 00:00:00-04:00,5.0,5.199999809265137,4.980000019073486,5.090000152587891,416300,0.0,0.0
2005-09-07 00:00:00-04:00,5.090000152587891,5.130000114440918,5.039999961853027,5.079999923706055,135300,0.0,0.0
2005-09-08 00:00:00-04:00,5.070000171661377,5.070000171661377,4.929999828338623,4.960000038146973,146900,0.0,0.0
2005-09-09 00:00:00-04:00,4.949999809265137,5.0,4.909999847412109,4.909999847412109,109900,0.0,0.0
2005-09-12 00:00:00-04:00,4.909999847412109,5.0,4.849999904632568,4.900000095367432,360900,0.0,0.0
2005-09-13 00:00:00-04:00,4.880000114440918,4.889999866485596,4.550000190734863,4.570000171661377,618800,0.0,0.0
2005-09-14 00:00:00-04:00,4.610000133514404,4.760000228881836,4.349999904632568,4.440000057220459,677600,0.0,0.0
2005-09-15 00:00:00-04:00,4.460000038146973,4.46999979019165,4.28000020980835,4.389999866485596,287800,0.0,0.0
2005-09-16 00:00:00-04:00,4.400000095367432,4.630000114440918,4.230000019073486,4.300000190734863,891100,0.0,0.0
2005-09-19 00:00:00-04:00,4.300000190734863,4.550000190734863,4.300000190734863,4.5,354500,0.0,0.0
2005-09-20 00:00:00-04:00,4.53000020980835,4.71999979019165,4.21999979019165,4.25,489200,0.0,0.0
2005-09-21 00:00:00-04:00,4.230000019073486,4.340000152587891,4.210000038146973,4.21999979019165,351600,0.0,0.0
2005-09-22 00:00:00-04:00,4.199999809265137,4.320000171661377,4.0,4.260000228881836,317300,0.0,0.0
2005-09-23 00:00:00-04:00,4.289999961853027,4.5,4.170000076293945,4.400000095367432,248000,0.0,0.0
2005-09-26 00:00:00-04:00,4.449999809265137,4.610000133514404,4.300000190734863,4.400000095367432,267700,0.0,0.0
2005-09-27 00:00:00-04:00,4.409999847412109,4.449999809265137,4.260000228881836,4.340000152587891,342400,0.0,0.0
2005-09-28 00:00:00-04:00,4.329999923706055,4.400000095367432,4.119999885559082,4.230000019073486,218200,0.0,0.0
2005-09-29 00:00:00-04:00,4.21999979019165,4.300000190734863,4.150000095367432,4.300000190734863,155500,0.0,0.0
2005-09-30 00:00:00-04:00,4.300000190734863,4.300000190734863,4.039999961853027,4.150000095367432,1724500,0.0,0.0
2005-10-03 00:00:00-04:00,4.159999847412109,4.199999809265137,4.0,4.059999942779541,399100,0.0,0.0
2005-10-04 00:00:00-04:00,4.059999942779541,4.289999961853027,4.059999942779541,4.079999923706055,213000,0.0,0.0
2005-10-05 00:00:00-04:00,4.099999904632568,4.110000133514404,3.7699999809265137,4.050000190734863,1041800,0.0,0.0
2005-10-06 00:00:00-04:00,4.050000190734863,4.239999771118164,3.990000009536743,4.199999809265137,825200,0.0,0.0
2005-10-07 00:00:00-04:00,4.25,4.28000020980835,4.150000095367432,4.230000019073486,272400,0.0,0.0
2005-10-10 00:00:00-04:00,4.25,4.300000190734863,4.150000095367432,4.210000038146973,505800,0.0,0.0
2005-10-11 00:00:00-04:00,4.210000038146973,4.340000152587891,4.010000228881836,4.070000171661377,615200,0.0,0.0
2005-10-12 00:00:00-04:00,4.059999942779541,4.150000095367432,3.9200000762939453,4.099999904632568,564500,0.0,0.0
2005-10-13 00:00:00-04:00,4.079999923706055,4.170000076293945,4.039999961853027,4.150000095367432,288200,0.0,0.0
2005-10-14 00:00:00-04:00,4.199999809265137,4.28000020980835,4.099999904632568,4.25,481700,0.0,0.0
2005-10-17 00:00:00-04:00,4.25,4.269999980926514,4.070000171661377,4.25,355900,0.0,0.0
2005-10-18 00:00:00-04:00,4.260000228881836,4.28000020980835,4.130000114440918,4.21999979019165,235800,0.0,0.0
2005-10-19 00:00:00-04:00,4.199999809265137,4.46999979019165,4.150000095367432,4.409999847412109,495900,0.0,0.0
2005-10-20 00:00:00-04:00,4.400000095367432,4.539999961853027,4.329999923706055,4.420000076293945,635400,0.0,0.0
2005-10-21 00:00:00-04:00,4.429999828338623,4.510000228881836,4.349999904632568,4.400000095367432,721000,0.0,0.0
2005-10-24 00:00:00-04:00,4.409999847412109,4.489999771118164,4.329999923706055,4.420000076293945,331700,0.0,0.0
2005-10-25 00:00:00-04:00,4.409999847412109,4.460000038146973,4.239999771118164,4.440000057220459,230200,0.0,0.0
2005-10-26 00:00:00-04:00,4.420000076293945,4.480000019073486,4.130000114440918,4.159999847412109,365500,0.0,0.0
2005-10-27 00:00:00-04:00,4.179999828338623,4.179999828338623,3.9000000953674316,4.0,407100,0.0,0.0
2005-10-28 00:00:00-04:00,4.010000228881836,4.25,4.010000228881836,4.019999980926514,323700,0.0,0.0
2005-10-31 00:00:00-05:00,4.0,4.190000057220459,3.9600000381469727,4.0,724300,0.0,0.0
2005-11-01 00:00:00-05:00,3.9600000381469727,4.050000190734863,3.869999885559082,3.9800000190734863,772000,0.0,0.0
2005-11-02 00:00:00-05:00,3.9100000858306885,4.03000020980835,3.9000000953674316,4.0,480600,0.0,0.0
2005-11-03 00:00:00-05:00,3.9600000381469727,4.099999904632568,3.950000047683716,4.019999980926514,1505500,0.0,0.0
2005-11-04 00:00:00-05:00,4.0,4.019999980926514,3.9000000953674316,3.9800000190734863,496800,0.0,0.0
2005-11-07 00:00:00-05:00,3.9700000286102295,4.010000228881836,3.9200000762939453,3.9700000286102295,266800,0.0,0.0
2005-11-08 00:00:00-05:00,3.940000057220459,3.940000057220459,3.859999895095825,3.890000104904175,281000,0.0,0.0
2005-11-09 00:00:00-05:00,3.9000000953674316,3.940000057220459,3.690000057220459,3.7100000381469727,975200,0.0,0.0
2005-11-10 00:00:00-05:00,3.700000047683716,3.8499999046325684,3.640000104904175,3.819999933242798,765800,0.0,0.0
2005-11-11 00:00:00-05:00,3.8499999046325684,3.990000009536743,3.8399999141693115,3.890000104904175,1209800,0.0,0.0
2005-11-14 00:00:00-05:00,3.9000000953674316,3.990000009536743,3.8399999141693115,3.930000066757202,674300,0.0,0.0
2005-11-15 00:00:00-05:00,3.940000057220459,3.950000047683716,3.759999990463257,3.8399999141693115,293200,0.0,0.0
2005-11-16 00:00:00-05:00,3.809999942779541,3.8399999141693115,3.700000047683716,3.7799999713897705,352600,0.0,0.0
2005-11-17 00:00:00-05:00,3.8299999237060547,3.8499999046325684,3.700000047683716,3.819999933242798,444700,0.0,0.0
2005-11-18 00:00:00-05:00,3.869999885559082,4.449999809265137,3.75,4.400000095367432,1070600,0.0,0.0
2005-11-21 00:00:00-05:00,4.289999961853027,4.489999771118164,4.099999904632568,4.449999809265137,398100,0.0,0.0
2005-11-22 00:00:00-05:00,4.440000057220459,4.449999809265137,4.289999961853027,4.440000057220459,1306300,0.0,0.0
2005-11-23 00:00:00-05:00,4.420000076293945,4.599999904632568,4.409999847412109,4.599999904632568,972900,0.0,0.0
2005-11-25 00:00:00-05:00,4.510000228881836,4.760000228881836,4.510000228881836,4.730000019073486,301000,0.0,0.0
2005-11-28 00:00:00-05:00,4.25,4.75,4.170000076293945,4.460000038146973,953000,0.0,0.0
2005-11-29 00:00:00-05:00,4.480000019073486,4.610000133514404,4.309999942779541,4.610000133514404,347800,0.0,0.0
2005-11-30 00:00:00-05:00,4.579999923706055,5.0,4.46999979019165,4.880000114440918,861600,0.0,0.0
2005-12-01 00:00:00-05:00,4.860000133514404,5.110000133514404,4.730000019073486,5.010000228881836,1327300,0.0,0.0
2005-12-02 00:00:00-05:00,5.210000038146973,5.21999979019165,4.860000133514404,4.909999847412109,623200,0.0,0.0
2005-12-05 00:00:00-05:00,4.869999885559082,5.050000190734863,4.769999980926514,4.78000020980835,443000,0.0,0.0
2005-12-06 00:00:00-05:00,4.829999923706055,5.0,4.460000038146973,4.699999809265137,720500,0.0,0.0
2005-12-07 00:00:00-05:00,4.690000057220459,4.760000228881836,4.53000020980835,4.690000057220459,178200,0.0,0.0
2005-12-08 00:00:00-05:00,4.71999979019165,4.860000133514404,4.699999809265137,4.800000190734863,185500,0.0,0.0
2005-12-09 00:00:00-05:00,4.840000152587891,4.949999809265137,4.739999771118164,4.880000114440918,143900,0.0,0.0
2005-12-12 00:00:00-05:00,4.880000114440918,4.900000095367432,4.710000038146973,4.75,263000,0.0,0.0
2005-12-13 00:00:00-05:00,4.75,4.809999942779541,4.489999771118164,4.53000020980835,497500,0.0,0.0
2005-12-14 00:00:00-05:00,4.570000171661377,4.849999904632568,4.5,4.630000114440918,247800,0.0,0.0
2005-12-15 00:00:00-05:00,4.610000133514404,4.639999866485596,4.389999866485596,4.449999809265137,352200,0.0,0.0
2005-12-16 00:00:00-05:00,4.449999809265137,4.650000095367432,4.320000171661377,4.5,806000,0.0,0.0
2005-12-19 00:00:00-05:00,4.449999809265137,4.449999809265137,4.119999885559082,4.139999866485596,402600,0.0,0.0
2005-12-20 00:00:00-05:00,4.159999847412109,4.25,4.0,4.039999961853027,574200,0.0,0.0
2005-12-21 00:00:00-05:00,4.050000190734863,4.079999923706055,3.880000114440918,3.9100000858306885,601800,0.0,0.0
2005-12-22 00:00:00-05:00,3.940000057220459,4.039999961853027,3.940000057220459,3.990000009536743,730000,0.0,0.0
2005-12-23 00:00:00-05:00,3.990000009536743,4.059999942779541,3.9200000762939453,4.019999980926514,1085700,0.0,0.0
2005-12-27 00:00:00-05:00,4.019999980926514,4.099999904632568,3.950000047683716,3.9700000286102295,361900,0.0,0.0
2005-12-28 00:00:00-05:00,4.0,4.050000190734863,3.9000000953674316,3.9100000858306885,864600,0.0,0.0
2005-12-29 00:00:00-05:00,3.940000057220459,4.079999923706055,3.859999895095825,4.050000190734863,2390200,0.0,0.0
2005-12-30 00:00:00-05:00,4.059999942779541,4.090000152587891,3.950000047683716,4.03000020980835,942600,0.0,0.0
2006-01-03 00:00:00-05:00,3.950000047683716,4.079999923706055,3.890000104904175,4.019999980926514,1027000,0.0,0.0
2006-01-04 00:00:00-05:00,4.050000190734863,4.360000133514404,4.03000020980835,4.309999942779541,1395200,0.0,0.0
2006-01-05 00:00:00-05:00,4.289999961853027,4.320000171661377,4.210000038146973,4.210000038146973,533200,0.0,0.0
2006-01-06 00:00:00-05:00,4.28000020980835,4.289999961853027,4.079999923706055,4.079999923706055,459700,0.0,0.0
2006-01-09 00:00:00-05:00,4.099999904632568,4.239999771118164,4.059999942779541,4.099999904632568,592700,0.0,0.0
2006-01-10 00:00:00-05:00,4.110000133514404,4.119999885559082,3.9000000953674316,3.950000047683716,1223500,0.0,0.0
2006-01-11 00:00:00-05:00,4.0,4.070000171661377,3.9200000762939453,3.990000009536743,1838600,0.0,0.0
2006-01-12 00:00:00-05:00,4.0,4.039999961853027,3.930000066757202,3.950000047683716,859400,0.0,0.0
2006-01-13 00:00:00-05:00,3.950000047683716,4.0,3.930000066757202,3.930000066757202,447900,0.0,0.0
2006-01-17 00:00:00-05:00,3.9200000762939453,3.940000057220459,3.6500000953674316,3.690000057220459,799700,0.0,0.0
2006-01-18 00:00:00-05:00,3.799999952316284,3.8399999141693115,3.6600000858306885,3.7799999713897705,1281500,0.0,0.0
2006-01-19 00:00:00-05:00,3.7699999809265137,3.880000114440918,3.759999990463257,3.809999942779541,605300,0.0,0.0
2006-01-20 00:00:00-05:00,3.809999942779541,3.869999885559082,3.7300000190734863,3.859999895095825,681000,0.0,0.0
2006-01-23 00:00:00-05:00,3.8499999046325684,4.130000114440918,3.8399999141693115,4.099999904632568,1322700,0.0,0.0
2006-01-24 00:00:00-05:00,4.130000114440918,4.230000019073486,3.9600000381469727,4.190000057220459,1544900,0.0,0.0
2006-01-25 00:00:00-05:00,4.25,4.300000190734863,3.9600000381469727,4.010000228881836,2584100,0.0,0.0
2006-01-26 00:00:00-05:00,4.03000020980835,4.059999942779541,3.9800000190734863,4.0,1118800,0.0,0.0
2006-01-27 00:00:00-05:00,4.0,4.199999809265137,3.990000009536743,4.130000114440918,4625000,0.0,0.0
2006-01-30 00:00:00-05:00,4.130000114440918,4.190000057220459,4.059999942779541,4.110000133514404,584700,0.0,0.0
2006-01-31 00:00:00-05:00,4.090000152587891,4.170000076293945,4.059999942779541,4.110000133514404,699600,0.0,0.0
2006-02-01 00:00:00-05:00,4.099999904632568,4.21999979019165,4.050000190734863,4.070000171661377,1697900,0.0,0.0
2006-02-02 00:00:00-05:00,4.119999885559082,4.130000114440918,3.9600000381469727,4.039999961853027,1316100,0.0,0.0
2006-02-03 00:00:00-05:00,4.150000095367432,4.179999828338623,4.019999980926514,4.099999904632568,1375400,0.0,0.0
2006-02-06 00:00:00-05:00,4.300000190734863,4.320000171661377,4.119999885559082,4.190000057220459,1275000,0.0,0.0
2006-02-07 00:00:00-05:00,4.199999809265137,4.340000152587891,4.179999828338623,4.210000038146973,1446600,0.0,0.0
2006-02-08 00:00:00-05:00,4.260000228881836,4.559999942779541,4.21999979019165,4.5,1320000,0.0,0.0
2006-02-09 00:00:00-05:00,4.550000190734863,4.940000057220459,4.5,4.840000152587891,4671500,0.0,0.0
2006-02-10 00:00:00-05:00,4.809999942779541,4.900000095367432,4.579999923706055,4.829999923706055,1335000,0.0,0.0
2006-02-13 00:00:00-05:00,4.809999942779541,4.829999923706055,4.699999809265137,4.71999979019165,548200,0.0,0.0
2006-02-14 00:00:00-05:00,4.699999809265137,4.949999809265137,4.550000190734863,4.900000095367432,877500,0.0,0.0
2006-02-15 00:00:00-05:00,4.900000095367432,5.099999904632568,4.78000020980835,5.099999904632568,2910900,0.0,0.0
2006-02-16 00:00:00-05:00,4.699999809265137,4.860000133514404,4.559999942779541,4.760000228881836,2302300,0.0,0.0
2006-02-17 00:00:00-05:00,4.800000190734863,4.800000190734863,4.559999942779541,4.599999904632568,459800,0.0,0.0
2006-02-21 00:00:00-05:00,4.570000171661377,4.900000095367432,4.570000171661377,4.829999923706055,900300,0.0,0.0
2006-02-22 00:00:00-05:00,4.840000152587891,4.840000152587891,4.550000190734863,4.570000171661377,4263100,0.0,0.0
2006-02-23 00:00:00-05:00,4.599999904632568,4.599999904632568,4.409999847412109,4.460000038146973,1355600,0.0,0.0
2006-02-24 00:00:00-05:00,4.489999771118164,4.590000152587891,4.340000152587891,4.53000020980835,1002600,0.0,0.0
2006-02-27 00:00:00-05:00,4.519999980926514,4.610000133514404,4.400000095367432,4.53000020980835,1266100,0.0,0.0
2006-02-28 00:00:00-05:00,4.5,4.599999904632568,4.360000133514404,4.449999809265137,1687500,0.0,0.0
2006-03-01 00:00:00-05:00,4.449999809265137,4.5,4.349999904632568,4.449999809265137,1147300,0.0,0.0
2006-03-02 00:00:00-05:00,4.409999847412109,4.480000019073486,4.340000152587891,4.360000133514404,510100,0.0,0.0
2006-03-03 00:00:00-05:00,4.559999942779541,4.570000171661377,4.400000095367432,4.46999979019165,1700600,0.0,0.0
2006-03-06 00:00:00-05:00,4.449999809265137,4.449999809265137,4.320000171661377,4.349999904632568,775200,0.0,0.0
2006-03-07 00:00:00-05:00,4.309999942779541,4.360000133514404,4.199999809265137,4.289999961853027,905400,0.0,0.0
2006-03-08 00:00:00-05:00,4.28000020980835,4.380000114440918,4.230000019073486,4.239999771118164,806600,0.0,0.0
2006-03-09 00:00:00-05:00,4.25,4.269999980926514,4.170000076293945,4.210000038146973,1203200,0.0,0.0
2006-03-10 00:00:00-05:00,4.21999979019165,4.440000057220459,4.110000133514404,4.309999942779541,1362400,0.0,0.0
2006-03-13 00:00:00-05:00,4.320000171661377,4.389999866485596,4.230000019073486,4.300000190734863,512800,0.0,0.0
2006-03-14 00:00:00-05:00,4.309999942779541,4.5,4.28000020980835,4.449999809265137,592000,0.0,0.0
2006-03-15 00:00:00-05:00,4.420000076293945,4.510000228881836,4.369999885559082,4.429999828338623,859800,0.0,0.0
2006-03-16 00:00:00-05:00,4.489999771118164,4.639999866485596,4.440000057220459,4.570000171661377,840100,0.0,0.0
2006-03-17 00:00:00-05:00,4.590000152587891,4.610000133514404,4.5,4.599999904632568,1353200,0.0,0.0
2006-03-20 00:00:00-05:00,4.579999923706055,4.619999885559082,4.510000228881836,4.559999942779541,816000,0.0,0.0
2006-03-21 00:00:00-05:00,4.440000057220459,4.570000171661377,4.400000095367432,4.440000057220459,569200,0.0,0.0
2006-03-22 00:00:00-05:00,4.460000038146973,4.5,4.429999828338623,4.449999809265137,3960600,0.0,0.0
2006-03-23 00:00:00-05:00,4.460000038146973,4.5,4.420000076293945,4.480000019073486,1834700,0.0,0.0
2006-03-24 00:00:00-05:00,4.489999771118164,4.489999771118164,4.369999885559082,4.46999979019165,550900,0.0,0.0
2006-03-27 00:00:00-05:00,4.449999809265137,4.559999942779541,4.389999866485596,4.559999942779541,959900,0.0,0.0
2006-03-28 00:00:00-05:00,4.550000190734863,4.769999980926514,4.519999980926514,4.690000057220459,1598300,0.0,0.0
2006-03-29 00:00:00-05:00,4.699999809265137,4.820000171661377,4.690000057220459,4.769999980926514,484500,0.0,0.0
2006-03-30 00:00:00-05:00,4.829999923706055,4.949999809265137,4.730000019073486,4.75,972900,0.0,0.0
2006-03-31 00:00:00-05:00,4.789999961853027,4.789999961853027,4.599999904632568,4.760000228881836,556500,0.0,0.0
2006-04-03 00:00:00-04:00,4.739999771118164,4.849999904632568,4.679999828338623,4.690000057220459,791200,0.0,0.0
2006-04-04 00:00:00-04:00,4.690000057220459,4.730000019073486,4.610000133514404,4.699999809265137,568200,0.0,0.0
2006-04-05 00:00:00-04:00,4.710000038146973,4.800000190734863,4.599999904632568,4.670000076293945,544200,0.0,0.0
2006-04-06 00:00:00-04:00,4.650000095367432,4.880000114440918,4.599999904632568,4.829999923706055,741000,0.0,0.0
2006-04-07 00:00:00-04:00,4.849999904632568,5.03000020980835,4.650000095367432,4.889999866485596,2032700,0.0,0.0
2006-04-10 00:00:00-04:00,4.880000114440918,4.880000114440918,4.730000019073486,4.840000152587891,917000,0.0,0.0
2006-04-11 00:00:00-04:00,4.889999866485596,4.920000076293945,4.630000114440918,4.75,917300,0.0,0.0
2006-04-12 00:00:00-04:00,4.71999979019165,4.769999980926514,4.650000095367432,4.690000057220459,527500,0.0,0.0
2006-04-13 00:00:00-04:00,4.710000038146973,4.75,4.619999885559082,4.739999771118164,378200,0.0,0.0
2006-04-17 00:00:00-04:00,4.699999809265137,4.840000152587891,4.690000057220459,4.75,292400,0.0,0.0
2006-04-18 00:00:00-04:00,4.800000190734863,4.869999885559082,4.699999809265137,4.840000152587891,2406400,0.0,0.0
2006-04-19 00:00:00-04:00,4.880000114440918,5.090000152587891,4.800000190734863,5.070000171661377,3508300,0.0,0.0
2006-04-20 00:00:00-04:00,5.050000190734863,5.190000057220459,5.0,5.150000095367432,1271600,0.0,0.0
2006-04-21 00:00:00-04:00,5.199999809265137,5.260000228881836,5.130000114440918,5.159999847412109,2683400,0.0,0.0
2006-04-24 00:00:00-04:00,5.130000114440918,5.159999847412109,5.050000190734863,5.150000095367432,3153700,0.0,0.0
2006-04-25 00:00:00-04:00,5.199999809265137,5.199999809265137,5.090000152587891,5.170000076293945,2831300,0.0,0.0
2006-04-26 00:00:00-04:00,5.150000095367432,5.230000019073486,4.739999771118164,4.889999866485596,1204500,0.0,0.0
2006-04-27 00:00:00-04:00,4.929999828338623,5.03000020980835,4.800000190734863,4.889999866485596,1387700,0.0,0.0
2006-04-28 00:00:00-04:00,4.849999904632568,4.989999771118164,4.78000020980835,4.929999828338623,505000,0.0,0.0
2006-05-01 00:00:00-04:00,4.96999979019165,5.03000020980835,4.829999923706055,4.949999809265137,953700,0.0,0.0
2006-05-02 00:00:00-04:00,4.949999809265137,5.110000133514404,4.949999809265137,5.099999904632568,1383800,0.0,0.0
2006-05-03 00:00:00-04:00,5.130000114440918,5.159999847412109,5.010000228881836,5.059999942779541,802000,0.0,0.0
2006-05-04 00:00:00-04:00,5.039999961853027,5.170000076293945,5.039999961853027,5.150000095367432,698300,0.0,0.0
2006-05-05 00:00:00-04:00,4.920000076293945,5.170000076293945,4.829999923706055,5.110000133514404,1281700,0.0,0.0
2006-05-08 00:00:00-04:00,5.110000133514404,5.150000095367432,5.050000190734863,5.110000133514404,488200,0.0,0.0
2006-05-09 00:00:00-04:00,5.070000171661377,5.079999923706055,4.920000076293945,4.929999828338623,831900,0.0,0.0
2006-05-10 00:00:00-04:00,4.949999809265137,5.050000190734863,4.900000095367432,5.010000228881836,982200,0.0,0.0
2006-05-11 00:00:00-04:00,5.0,5.019999980926514,4.75,4.829999923706055,1114100,0.0,0.0
2006-05-12 00:00:00-04:00,4.769999980926514,4.849999904632568,4.670000076293945,4.78000020980835,469200,0.0,0.0
2006-05-15 00:00:00-04:00,4.699999809265137,4.849999904632568,4.610000133514404,4.800000190734863,476700,0.0,0.0
2006-05-16 00:00:00-04:00,4.840000152587891,4.849999904632568,4.650000095367432,4.75,1160500,0.0,0.0
2006-05-17 00:00:00-04:00,4.699999809265137,4.860000133514404,4.699999809265137,4.809999942779541,431300,0.0,0.0
2006-05-18 00:00:00-04:00,4.860000133514404,5.059999942779541,4.639999866485596,4.659999847412109,423400,0.0,0.0
2006-05-19 00:00:00-04:00,4.650000095367432,4.800000190734863,4.610000133514404,4.78000020980835,287300,0.0,0.0
2006-05-22 00:00:00-04:00,4.710000038146973,4.809999942779541,4.619999885559082,4.789999961853027,1095500,0.0,0.0
2006-05-23 00:00:00-04:00,4.809999942779541,4.96999979019165,4.590000152587891,4.599999904632568,941000,0.0,0.0
2006-05-24 00:00:00-04:00,4.570000171661377,4.650000095367432,4.440000057220459,4.599999904632568,1906600,0.0,0.0
2006-05-25 00:00:00-04:00,4.670000076293945,4.739999771118164,4.590000152587891,4.699999809265137,323200,0.0,0.0
2006-05-26 00:00:00-04:00,4.71999979019165,4.789999961853027,4.570000171661377,4.739999771118164,690200,0.0,0.0
2006-05-30 00:00:00-04:00,4.670000076293945,4.690000057220459,4.480000019073486,4.570000171661377,1880400,0.0,0.0
2006-05-31 00:00:00-04:00,4.559999942779541,4.619999885559082,4.449999809265137,4.599999904632568,828500,0.0,0.0
2006-06-01 00:00:00-04:00,4.610000133514404,4.639999866485596,4.519999980926514,4.53000020980835,1121900,0.0,0.0
2006-06-02 00:00:00-04:00,4.400000095367432,4.460000038146973,4.25,4.28000020980835,1805900,0.0,0.0
2006-06-05 00:00:00-04:00,4.28000020980835,4.28000020980835,4.090000152587891,4.130000114440918,976000,0.0,0.0
2006-06-06 00:00:00-04:00,4.179999828338623,4.210000038146973,4.019999980926514,4.170000076293945,1144400,0.0,0.0
2006-06-07 00:00:00-04:00,4.170000076293945,4.25,4.070000171661377,4.139999866485596,1464400,0.0,0.0
2006-06-08 00:00:00-04:00,4.139999866485596,4.139999866485596,3.890000104904175,4.090000152587891,1662800,0.0,0.0
2006-06-09 00:00:00-04:00,4.110000133514404,4.139999866485596,3.890000104904175,3.950000047683716,987700,0.0,0.0
2006-06-12 00:00:00-04:00,3.940000057220459,3.940000057220459,3.740000009536743,3.759999990463257,752400,0.0,0.0
2006-06-13 00:00:00-04:00,3.7200000286102295,3.8299999237060547,3.490000009536743,3.509999990463257,1577300,0.0,0.0
2006-06-14 00:00:00-04:00,3.5,3.609999895095825,3.450000047683716,3.4700000286102295,1026900,0.0,0.0
2006-06-15 00:00:00-04:00,3.5199999809265137,3.9600000381469727,3.509999990463257,3.930000066757202,985300,0.0,0.0
2006-06-16 00:00:00-04:00,3.9200000762939453,3.930000066757202,3.690000057220459,3.759999990463257,1500200,0.0,0.0
2006-06-19 00:00:00-04:00,3.7899999618530273,3.7899999618530273,3.5,3.630000114440918,585000,0.0,0.0
2006-06-20 00:00:00-04:00,3.630000114440918,3.7300000190734863,3.5999999046325684,3.6600000858306885,429500,0.0,0.0
2006-06-21 00:00:00-04:00,3.6700000762939453,3.7699999809265137,3.640000104904175,3.6700000762939453,664600,0.0,0.0
2006-06-22 00:00:00-04:00,3.700000047683716,3.799999952316284,3.5999999046325684,3.680000066757202,547200,0.0,0.0
2006-06-23 00:00:00-04:00,3.6500000953674316,3.690000057220459,3.5999999046325684,3.6700000762939453,714600,0.0,0.0
2006-06-26 00:00:00-04:00,3.6600000858306885,3.75,3.619999885559082,3.640000104904175,293900,0.0,0.0
2006-06-27 00:00:00-04:00,3.6600000858306885,3.690000057220459,3.5399999618530273,3.5399999618530273,345100,0.0,0.0
2006-06-28 00:00:00-04:00,3.549999952316284,3.5899999141693115,3.4600000381469727,3.549999952316284,465200,0.0,0.0
2006-06-29 00:00:00-04:00,3.559999942779541,3.7300000190734863,3.559999942779541,3.700000047683716,710900,0.0,0.0
2006-06-30 00:00:00-04:00,3.740000009536743,3.7899999618530273,3.6700000762939453,3.690000057220459,1350300,0.0,0.0
2006-07-03 00:00:00-04:00,3.680000066757202,3.759999990463257,3.6500000953674316,3.6600000858306885,338500,0.0,0.0
2006-07-05 00:00:00-04:00,3.640000104904175,3.7200000286102295,3.549999952316284,3.630000114440918,421800,0.0,0.0
2006-07-06 00:00:00-04:00,3.640000104904175,3.6500000953674316,3.5,3.549999952316284,472600,0.0,0.0
2006-07-07 00:00:00-04:00,3.6500000953674316,3.759999990463257,3.5899999141693115,3.5999999046325684,1298400,0.0,0.0
2006-07-10 00:00:00-04:00,3.5899999141693115,3.759999990463257,3.5399999618530273,3.559999942779541,786300,0.0,0.0
2006-07-11 00:00:00-04:00,3.569999933242798,3.640000104904175,3.4700000286102295,3.5199999809265137,676700,0.0,0.0
2006-07-12 00:00:00-04:00,3.5299999713897705,3.5999999046325684,3.430000066757202,3.450000047683716,594600,0.0,0.0
2006-07-13 00:00:00-04:00,3.440000057220459,3.619999885559082,3.3499999046325684,3.450000047683716,678900,0.0,0.0
2006-07-14 00:00:00-04:00,3.4200000762939453,3.450000047683716,3.3399999141693115,3.3499999046325684,603100,0.0,0.0
2006-07-17 00:00:00-04:00,3.3399999141693115,3.490000009536743,3.299999952316284,3.3299999237060547,383600,0.0,0.0
2006-07-18 00:00:00-04:00,3.3499999046325684,3.440000057220459,3.2899999618530273,3.4100000858306885,357400,0.0,0.0
2006-07-19 00:00:00-04:00,3.259999990463257,3.2899999618530273,2.740000009536743,3.009999990463257,8387900,0.0,0.0
2006-07-20 00:00:00-04:00,3.0399999618530273,3.059999942779541,2.9100000858306885,2.930000066757202,1226200,0.0,0.0
2006-07-21 00:00:00-04:00,2.9800000190734863,3.009999990463257,2.8499999046325684,2.869999885559082,1240200,0.0,0.0
2006-07-24 00:00:00-04:00,2.880000114440918,2.9600000381469727,2.7799999713897705,2.859999895095825,422300,0.0,0.0
2006-07-25 00:00:00-04:00,2.880000114440918,2.930000066757202,2.740000009536743,2.819999933242798,1332800,0.0,0.0
2006-07-26 00:00:00-04:00,2.799999952316284,2.880000114440918,2.700000047683716,2.8399999141693115,625700,0.0,0.0
2006-07-27 00:00:00-04:00,2.9000000953674316,2.930000066757202,2.5299999713897705,2.630000114440918,1302200,0.0,0.0
2006-07-28 00:00:00-04:00,2.75,2.8299999237060547,2.549999952316284,2.819999933242798,1382800,0.0,0.0
2006-07-31 00:00:00-04:00,2.809999942779541,2.8299999237060547,2.7300000190734863,2.7899999618530273,694200,0.0,0.0
2006-08-01 00:00:00-04:00,2.759999990463257,2.819999933242798,2.680000066757202,2.700000047683716,449400,0.0,0.0
2006-08-02 00:00:00-04:00,2.7300000190734863,2.75,2.6600000858306885,2.700000047683716,247400,0.0,0.0
2006-08-03 00:00:00-04:00,2.6600000858306885,3.2100000381469727,2.630000114440918,2.690000057220459,248800,0.0,0.0
2006-08-04 00:00:00-04:00,2.799999952316284,2.9200000762939453,2.680000066757202,2.7799999713897705,1072700,0.0,0.0
2006-08-07 00:00:00-04:00,2.75,2.859999895095825,2.7300000190734863,2.799999952316284,395400,0.0,0.0
2006-08-08 00:00:00-04:00,2.799999952316284,2.819999933242798,2.630000114440918,2.6500000953674316,524900,0.0,0.0
2006-08-09 00:00:00-04:00,2.690000057220459,2.700000047683716,2.5399999618530273,2.5399999618530273,571700,0.0,0.0
2006-08-10 00:00:00-04:00,2.549999952316284,2.609999895095825,2.490000009536743,2.5799999237060547,327000,0.0,0.0
2006-08-11 00:00:00-04:00,2.5899999141693115,2.640000104904175,2.5,2.5999999046325684,293100,0.0,0.0
2006-08-14 00:00:00-04:00,2.6600000858306885,2.690000057220459,2.549999952316284,2.559999942779541,269500,0.0,0.0
2006-08-15 00:00:00-04:00,2.5999999046325684,3.190000057220459,2.569999933242798,2.5799999237060547,975000,0.0,0.0
2006-08-16 00:00:00-04:00,2.6700000762939453,2.680000066757202,2.5899999141693115,2.630000114440918,541000,0.0,0.0
2006-08-17 00:00:00-04:00,2.6500000953674316,2.859999895095825,2.630000114440918,2.8399999141693115,787100,0.0,0.0
2006-08-18 00:00:00-04:00,2.859999895095825,2.9700000286102295,2.7899999618530273,2.9600000381469727,769100,0.0,0.0
2006-08-21 00:00:00-04:00,2.930000066757202,2.950000047683716,2.8499999046325684,2.890000104904175,418000,0.0,0.0
2006-08-22 00:00:00-04:00,2.880000114440918,2.950000047683716,2.859999895095825,2.950000047683716,457500,0.0,0.0
2006-08-23 00:00:00-04:00,2.9700000286102295,3.0899999141693115,2.9700000286102295,3.0,453600,0.0,0.0
2006-08-24 00:00:00-04:00,3.0399999618530273,3.299999952316284,2.990000009536743,3.1500000953674316,858000,0.0,0.0
2006-08-25 00:00:00-04:00,3.1700000762939453,3.299999952316284,3.0999999046325684,3.190000057220459,441300,0.0,0.0
2006-08-28 00:00:00-04:00,3.2200000286102295,3.299999952316284,2.9000000953674316,3.2799999713897705,573100,0.0,0.0
2006-08-29 00:00:00-04:00,3.2899999618530273,3.3399999141693115,3.2100000381469727,3.2899999618530273,441800,0.0,0.0
2006-08-30 00:00:00-04:00,3.299999952316284,3.4600000381469727,3.299999952316284,3.440000057220459,472000,0.0,0.0
2006-08-31 00:00:00-04:00,3.4600000381469727,3.5,3.2699999809265137,3.359999895095825,575300,0.0,0.0
2006-09-01 00:00:00-04:00,3.4800000190734863,3.630000114440918,3.450000047683716,3.549999952316284,1777000,0.0,0.0
2006-09-05 00:00:00-04:00,3.5799999237060547,3.6500000953674316,3.549999952316284,3.6500000953674316,758800,0.0,0.0
2006-09-06 00:00:00-04:00,3.640000104904175,3.75,3.569999933242798,3.680000066757202,914400,0.0,0.0
2006-09-07 00:00:00-04:00,3.680000066757202,3.75,3.549999952316284,3.6600000858306885,806400,0.0,0.0
2006-09-08 00:00:00-04:00,3.700000047683716,3.75,3.690000057220459,3.740000009536743,447400,0.0,0.0
2006-09-11 00:00:00-04:00,3.740000009536743,3.9100000858306885,3.740000009536743,3.799999952316284,1303600,0.0,0.0
2006-09-12 00:00:00-04:00,3.950000047683716,3.990000009536743,3.549999952316284,3.799999952316284,1192400,0.0,0.0
2006-09-13 00:00:00-04:00,3.819999933242798,3.950000047683716,3.6700000762939453,3.759999990463257,995100,0.0,0.0
2006-09-14 00:00:00-04:00,3.7300000190734863,3.799999952316284,3.630000114440918,3.7799999713897705,635700,0.0,0.0
2006-09-15 00:00:00-04:00,3.799999952316284,3.8299999237060547,3.690000057220459,3.809999942779541,1121400,0.0,0.0
2006-09-18 00:00:00-04:00,3.8399999141693115,3.8499999046325684,3.700000047683716,3.75,448300,0.0,0.0
2006-09-19 00:00:00-04:00,3.759999990463257,3.799999952316284,3.5999999046325684,3.7300000190734863,387400,0.0,0.0
2006-09-20 00:00:00-04:00,3.7699999809265137,3.8499999046325684,3.7200000286102295,3.7799999713897705,815500,0.0,0.0
2006-09-21 00:00:00-04:00,3.799999952316284,3.819999933242798,3.680000066757202,3.75,323000,0.0,0.0
2006-09-22 00:00:00-04:00,3.7200000286102295,3.7200000286102295,3.5199999809265137,3.6600000858306885,522700,0.0,0.0
2006-09-25 00:00:00-04:00,3.6500000953674316,3.700000047683716,3.569999933242798,3.680000066757202,299800,0.0,0.0
2006-09-26 00:00:00-04:00,3.6600000858306885,3.7300000190734863,3.4600000381469727,3.4800000190734863,910200,0.0,0.0
2006-09-27 00:00:00-04:00,3.450000047683716,3.630000114440918,3.4000000953674316,3.5299999713897705,629100,0.0,0.0
2006-09-28 00:00:00-04:00,3.559999942779541,3.5999999046325684,3.4100000858306885,3.4800000190734863,466600,0.0,0.0
2006-09-29 00:00:00-04:00,3.4600000381469727,3.4600000381469727,3.380000114440918,3.4100000858306885,455600,0.0,0.0
2006-10-02 00:00:00-04:00,3.4000000953674316,3.440000057220459,3.299999952316284,3.380000114440918,587700,0.0,0.0
2006-10-03 00:00:00-04:00,3.380000114440918,3.380000114440918,3.299999952316284,3.359999895095825,472600,0.0,0.0
2006-10-04 00:00:00-04:00,3.359999895095825,3.569999933242798,3.3299999237060547,3.5399999618530273,843500,0.0,0.0
2006-10-05 00:00:00-04:00,3.559999942779541,3.7200000286102295,3.509999990463257,3.630000114440918,487500,0.0,0.0
2006-10-06 00:00:00-04:00,3.7100000381469727,3.890000104904175,3.680000066757202,3.869999885559082,1109900,0.0,0.0
2006-10-09 00:00:00-04:00,3.8499999046325684,3.9100000858306885,3.7300000190734863,3.8499999046325684,225500,0.0,0.0
2006-10-10 00:00:00-04:00,3.8399999141693115,3.880000114440918,3.740000009536743,3.8399999141693115,189200,0.0,0.0
2006-10-11 00:00:00-04:00,3.809999942779541,3.8499999046325684,3.740000009536743,3.7699999809265137,223300,0.0,0.0
2006-10-12 00:00:00-04:00,3.7899999618530273,3.869999885559082,3.7200000286102295,3.799999952316284,640600,0.0,0.0
2006-10-13 00:00:00-04:00,3.819999933242798,4.050000190734863,3.7899999618530273,4.010000228881836,774800,0.0,0.0
2006-10-16 00:00:00-04:00,4.050000190734863,4.070000171661377,3.950000047683716,4.019999980926514,487000,0.0,0.0
2006-10-17 00:00:00-04:00,3.990000009536743,4.010000228881836,3.940000057220459,3.9700000286102295,413400,0.0,0.0
2006-10-18 00:00:00-04:00,4.0,4.059999942779541,3.9200000762939453,3.9700000286102295,531900,0.0,0.0
2006-10-19 00:00:00-04:00,3.950000047683716,4.059999942779541,3.9000000953674316,3.9700000286102295,521600,0.0,0.0
2006-10-20 00:00:00-04:00,4.0,4.010000228881836,3.9000000953674316,3.990000009536743,286200,0.0,0.0
2006-10-23 00:00:00-04:00,3.9600000381469727,4.010000228881836,3.9000000953674316,3.9800000190734863,430900,0.0,0.0
2006-10-24 00:00:00-04:00,3.9800000190734863,4.03000020980835,3.9600000381469727,4.019999980926514,893500,0.0,0.0
2006-10-25 00:00:00-04:00,4.019999980926514,4.150000095367432,4.019999980926514,4.050000190734863,815500,0.0,0.0
2006-10-26 00:00:00-04:00,4.230000019073486,4.25,4.079999923706055,4.170000076293945,896500,0.0,0.0
2006-10-27 00:00:00-04:00,4.289999961853027,4.599999904632568,4.21999979019165,4.239999771118164,3702900,0.0,0.0
2006-10-30 00:00:00-05:00,4.230000019073486,4.400000095367432,4.199999809265137,4.329999923706055,517600,0.0,0.0
2006-10-31 00:00:00-05:00,4.320000171661377,4.369999885559082,4.21999979019165,4.25,668800,0.0,0.0
2006-11-01 00:00:00-05:00,4.269999980926514,4.289999961853027,4.230000019073486,4.28000020980835,667800,0.0,0.0
2006-11-02 00:00:00-05:00,4.230000019073486,4.300000190734863,4.150000095367432,4.260000228881836,1012500,0.0,0.0
2006-11-03 00:00:00-05:00,4.260000228881836,4.300000190734863,4.130000114440918,4.239999771118164,755400,0.0,0.0
2006-11-06 00:00:00-05:00,4.239999771118164,4.340000152587891,4.21999979019165,4.320000171661377,522200,0.0,0.0
2006-11-07 00:00:00-05:00,4.320000171661377,4.5,4.320000171661377,4.400000095367432,577400,0.0,0.0
2006-11-08 00:00:00-05:00,4.380000114440918,4.46999979019165,4.349999904632568,4.46999979019165,401900,0.0,0.0
2006-11-09 00:00:00-05:00,4.46999979019165,4.46999979019165,4.340000152587891,4.440000057220459,421500,0.0,0.0
2006-11-10 00:00:00-05:00,4.420000076293945,4.480000019073486,4.349999904632568,4.440000057220459,319800,0.0,0.0
2006-11-13 00:00:00-05:00,4.420000076293945,4.440000057220459,4.380000114440918,4.389999866485596,241600,0.0,0.0
2006-11-14 00:00:00-05:00,4.400000095367432,4.400000095367432,4.289999961853027,4.400000095367432,470600,0.0,0.0
2006-11-15 00:00:00-05:00,4.369999885559082,4.510000228881836,4.369999885559082,4.480000019073486,611200,0.0,0.0
2006-11-16 00:00:00-05:00,4.849999904632568,4.849999904632568,4.550000190734863,4.599999904632568,2347400,0.0,0.0
2006-11-17 00:00:00-05:00,4.610000133514404,4.659999847412109,4.53000020980835,4.590000152587891,837200,0.0,0.0
2006-11-20 00:00:00-05:00,4.599999904632568,4.710000038146973,4.510000228881836,4.699999809265137,675200,0.0,0.0
2006-11-21 00:00:00-05:00,4.800000190734863,4.860000133514404,4.619999885559082,4.690000057220459,924100,0.0,0.0
2006-11-22 00:00:00-05:00,4.690000057220459,4.789999961853027,4.630000114440918,4.730000019073486,418700,0.0,0.0
2006-11-24 00:00:00-05:00,4.699999809265137,4.800000190734863,4.650000095367432,4.760000228881836,75700,0.0,0.0
2006-11-27 00:00:00-05:00,4.760000228881836,4.760000228881836,4.619999885559082,4.650000095367432,522900,0.0,0.0
2006-11-28 00:00:00-05:00,4.630000114440918,4.659999847412109,4.5,4.650000095367432,1054500,0.0,0.0
2006-11-29 00:00:00-05:00,4.650000095367432,4.659999847412109,4.570000171661377,4.650000095367432,372300,0.0,0.0
2006-11-30 00:00:00-05:00,4.650000095367432,4.650000095367432,4.559999942779541,4.579999923706055,660100,0.0,0.0
2006-12-01 00:00:00-05:00,4.650000095367432,4.679999828338623,4.550000190734863,4.599999904632568,5452700,0.0,0.0
2006-12-04 00:00:00-05:00,4.610000133514404,4.659999847412109,4.559999942779541,4.610000133514404,1542700,0.0,0.0
2006-12-05 00:00:00-05:00,4.650000095367432,4.650000095367432,4.590000152587891,4.630000114440918,1108000,0.0,0.0
2006-12-06 00:00:00-05:00,4.630000114440918,4.639999866485596,4.590000152587891,4.619999885559082,412200,0.0,0.0
2006-12-07 00:00:00-05:00,4.630000114440918,4.630000114440918,4.53000020980835,4.590000152587891,867900,0.0,0.0
2006-12-08 00:00:00-05:00,4.590000152587891,4.599999904632568,4.550000190734863,4.579999923706055,616300,0.0,0.0
2006-12-11 00:00:00-05:00,4.590000152587891,4.659999847412109,4.5,4.619999885559082,1491600,0.0,0.0
2006-12-12 00:00:00-05:00,4.659999847412109,4.699999809265137,4.590000152587891,4.619999885559082,843800,0.0,0.0
2006-12-13 00:00:00-05:00,4.650000095367432,4.690000057220459,4.599999904632568,4.610000133514404,704800,0.0,0.0
2006-12-14 00:00:00-05:00,4.630000114440918,4.690000057220459,4.630000114440918,4.639999866485596,584000,0.0,0.0
2006-12-15 00:00:00-05:00,4.639999866485596,4.670000076293945,4.539999961853027,4.550000190734863,1260600,0.0,0.0
2006-12-18 00:00:00-05:00,4.559999942779541,4.639999866485596,4.5,4.53000020980835,832900,0.0,0.0
2006-12-19 00:00:00-05:00,4.5,4.630000114440918,4.5,4.570000171661377,1268500,0.0,0.0
2006-12-20 00:00:00-05:00,4.579999923706055,4.690000057220459,4.570000171661377,4.659999847412109,973100,0.0,0.0
2006-12-21 00:00:00-05:00,4.670000076293945,4.739999771118164,4.599999904632568,4.690000057220459,978000,0.0,0.0
2006-12-22 00:00:00-05:00,4.71999979019165,4.730000019073486,4.610000133514404,4.630000114440918,224400,0.0,0.0
2006-12-26 00:00:00-05:00,4.699999809265137,4.760000228881836,4.650000095367432,4.739999771118164,575600,0.0,0.0
2006-12-27 00:00:00-05:00,4.75,4.809999942779541,4.730000019073486,4.78000020980835,534500,0.0,0.0
2006-12-28 00:00:00-05:00,4.760000228881836,4.820000171661377,4.730000019073486,4.800000190734863,606600,0.0,0.0
2006-12-29 00:00:00-05:00,4.800000190734863,4.849999904632568,4.679999828338623,4.710000038146973,875700,0.0,0.0
2007-01-03 00:00:00-05:00,4.760000228881836,4.800000190734863,4.710000038146973,4.75,925600,0.0,0.0
2007-01-04 00:00:00-05:00,4.769999980926514,4.900000095367432,4.739999771118164,4.880000114440918,1040600,0.0,0.0
2007-01-05 00:00:00-05:00,4.829999923706055,4.829999923706055,4.699999809265137,4.739999771118164,970900,0.0,0.0
2007-01-08 00:00:00-05:00,4.699999809265137,4.809999942779541,4.619999885559082,4.789999961853027,1118800,0.0,0.0
2007-01-09 00:00:00-05:00,4.809999942779541,5.050000190734863,4.809999942779541,5.03000020980835,1661900,0.0,0.0
2007-01-10 00:00:00-05:00,5.03000020980835,5.329999923706055,4.980000019073486,5.199999809265137,2239400,0.0,0.0
2007-01-11 00:00:00-05:00,5.260000228881836,5.5,5.179999828338623,5.320000171661377,1686500,0.0,0.0
2007-01-12 00:00:00-05:00,5.25,5.480000019073486,5.199999809265137,5.309999942779541,1455700,0.0,0.0
2007-01-16 00:00:00-05:00,5.400000095367432,5.400000095367432,5.239999771118164,5.269999980926514,1039400,0.0,0.0
2007-01-17 00:00:00-05:00,5.28000020980835,5.389999866485596,5.199999809265137,5.239999771118164,1099200,0.0,0.0
2007-01-18 00:00:00-05:00,5.25,5.28000020980835,5.130000114440918,5.179999828338623,744000,0.0,0.0
2007-01-19 00:00:00-05:00,5.260000228881836,5.349999904632568,5.179999828338623,5.320000171661377,1497400,0.0,0.0
2007-01-22 00:00:00-05:00,5.369999885559082,5.429999828338623,5.269999980926514,5.289999961853027,1405100,0.0,0.0
2007-01-23 00:00:00-05:00,5.320000171661377,5.409999847412109,5.289999961853027,5.389999866485596,1100600,0.0,0.0
2007-01-24 00:00:00-05:00,5.400000095367432,5.590000152587891,5.369999885559082,5.519999980926514,1572000,0.0,0.0
2007-01-25 00:00:00-05:00,5.5,5.53000020980835,5.289999961853027,5.300000190734863,1070900,0.0,0.0
2007-01-26 00:00:00-05:00,5.300000190734863,5.389999866485596,5.170000076293945,5.329999923706055,1177000,0.0,0.0
2007-01-29 00:00:00-05:00,5.260000228881836,5.389999866485596,5.260000228881836,5.320000171661377,613300,0.0,0.0
2007-01-30 00:00:00-05:00,5.320000171661377,5.400000095367432,5.260000228881836,5.28000020980835,486600,0.0,0.0
2007-01-31 00:00:00-05:00,5.25,5.369999885559082,5.21999979019165,5.340000152587891,776100,0.0,0.0
2007-02-01 00:00:00-05:00,5.349999904632568,5.369999885559082,5.28000020980835,5.320000171661377,624100,0.0,0.0
2007-02-02 00:00:00-05:00,5.300000190734863,5.429999828338623,5.300000190734863,5.369999885559082,1305000,0.0,0.0
2007-02-05 00:00:00-05:00,5.369999885559082,5.420000076293945,5.320000171661377,5.329999923706055,961200,0.0,0.0
2007-02-06 00:00:00-05:00,5.369999885559082,5.489999771118164,5.369999885559082,5.440000057220459,1292900,0.0,0.0
2007-02-07 00:00:00-05:00,5.460000038146973,5.570000171661377,5.440000057220459,5.53000020980835,1027400,0.0,0.0
2007-02-08 00:00:00-05:00,5.550000190734863,5.550000190734863,5.440000057220459,5.449999809265137,555900,0.0,0.0
2007-02-09 00:00:00-05:00,5.440000057220459,5.489999771118164,5.260000228881836,5.420000076293945,1332900,0.0,0.0
2007-02-12 00:00:00-05:00,5.380000114440918,5.53000020980835,5.349999904632568,5.519999980926514,1729100,0.0,0.0
2007-02-13 00:00:00-05:00,5.199999809265137,5.519999980926514,5.199999809265137,5.449999809265137,1457700,0.0,0.0
2007-02-14 00:00:00-05:00,5.429999828338623,5.599999904632568,5.409999847412109,5.5,1109200,0.0,0.0
2007-02-15 00:00:00-05:00,5.579999923706055,5.599999904632568,5.46999979019165,5.519999980926514,1770700,0.0,0.0
2007-02-16 00:00:00-05:00,5.050000190734863,5.309999942779541,4.190000057220459,5.059999942779541,10178100,0.0,0.0
2007-02-20 00:00:00-05:00,4.96999979019165,5.0,4.829999923706055,4.949999809265137,2432100,0.0,0.0
2007-02-21 00:00:00-05:00,4.900000095367432,5.0,4.849999904632568,4.940000057220459,1582700,0.0,0.0
2007-02-22 00:00:00-05:00,4.940000057220459,5.010000228881836,4.820000171661377,4.880000114440918,1733400,0.0,0.0
2007-02-23 00:00:00-05:00,4.840000152587891,4.849999904632568,4.78000020980835,4.840000152587891,929100,0.0,0.0
2007-02-26 00:00:00-05:00,4.820000171661377,5.0,4.809999942779541,4.949999809265137,1318900,0.0,0.0
2007-02-27 00:00:00-05:00,4.869999885559082,4.929999828338623,4.699999809265137,4.75,1490100,0.0,0.0
2007-02-28 00:00:00-05:00,4.800000190734863,4.849999904632568,4.5,4.739999771118164,1703900,0.0,0.0
2007-03-01 00:00:00-05:00,4.650000095367432,4.789999961853027,4.599999904632568,4.730000019073486,1126400,0.0,0.0
2007-03-02 00:00:00-05:00,4.71999979019165,4.809999942779541,4.650000095367432,4.699999809265137,1147700,0.0,0.0
2007-03-05 00:00:00-05:00,4.599999904632568,4.690000057220459,4.570000171661377,4.579999923706055,1118500,0.0,0.0
2007-03-06 00:00:00-05:00,4.630000114440918,4.679999828338623,4.599999904632568,4.610000133514404,1861600,0.0,0.0
2007-03-07 00:00:00-05:00,4.599999904632568,4.630000114440918,4.539999961853027,4.599999904632568,1204300,0.0,0.0
2007-03-08 00:00:00-05:00,4.650000095367432,4.75,4.570000171661377,4.599999904632568,1005200,0.0,0.0
2007-03-09 00:00:00-05:00,4.619999885559082,4.630000114440918,4.489999771118164,4.599999904632568,1403400,0.0,0.0
2007-03-12 00:00:00-04:00,4.599999904632568,4.599999904632568,4.539999961853027,4.559999942779541,681100,0.0,0.0
2007-03-13 00:00:00-04:00,4.559999942779541,4.599999904632568,4.449999809265137,4.510000228881836,1779200,0.0,0.0
2007-03-14 00:00:00-04:00,4.449999809265137,4.510000228881836,4.449999809265137,4.510000228881836,780400,0.0,0.0
2007-03-15 00:00:00-04:00,4.53000020980835,4.619999885559082,4.480000019073486,4.579999923706055,1814600,0.0,0.0
2007-03-16 00:00:00-04:00,4.570000171661377,4.599999904632568,4.449999809265137,4.5,998400,0.0,0.0
2007-03-19 00:00:00-04:00,4.510000228881836,4.590000152587891,4.5,4.539999961853027,448300,0.0,0.0
2007-03-20 00:00:00-04:00,4.539999961853027,4.539999961853027,4.480000019073486,4.53000020980835,610100,0.0,0.0
2007-03-21 00:00:00-04:00,4.53000020980835,4.650000095367432,4.5,4.610000133514404,963800,0.0,0.0
2007-03-22 00:00:00-04:00,4.650000095367432,4.670000076293945,4.5,4.670000076293945,1058400,0.0,0.0
2007-03-23 00:00:00-04:00,4.650000095367432,4.699999809265137,4.639999866485596,4.679999828338623,416300,0.0,0.0
2007-03-26 00:00:00-04:00,4.659999847412109,4.690000057220459,4.650000095367432,4.690000057220459,304100,0.0,0.0
2007-03-27 00:00:00-04:00,4.670000076293945,4.690000057220459,4.550000190734863,4.570000171661377,1315100,0.0,0.0
2007-03-28 00:00:00-04:00,4.550000190734863,4.800000190734863,4.53000020980835,4.760000228881836,1058100,0.0,0.0
2007-03-29 00:00:00-04:00,4.820000171661377,4.980000019073486,4.71999979019165,4.860000133514404,3102700,0.0,0.0
2007-03-30 00:00:00-04:00,4.889999866485596,5.0,4.789999961853027,4.900000095367432,2206500,0.0,0.0
2007-04-02 00:00:00-04:00,4.929999828338623,4.960000038146973,4.860000133514404,4.900000095367432,1492800,0.0,0.0
2007-04-03 00:00:00-04:00,4.900000095367432,4.920000076293945,4.860000133514404,4.880000114440918,1012000,0.0,0.0
2007-04-04 00:00:00-04:00,4.889999866485596,4.900000095367432,4.800000190734863,4.849999904632568,704800,0.0,0.0
2007-04-05 00:00:00-04:00,4.820000171661377,4.869999885559082,4.800000190734863,4.820000171661377,646600,0.0,0.0
2007-04-09 00:00:00-04:00,4.829999923706055,4.849999904632568,4.650000095367432,4.670000076293945,960600,0.0,0.0
2007-04-10 00:00:00-04:00,4.679999828338623,4.769999980926514,4.670000076293945,4.730000019073486,652600,0.0,0.0
2007-04-11 00:00:00-04:00,4.650000095367432,4.710000038146973,4.559999942779541,4.590000152587891,1166500,0.0,0.0
2007-04-12 00:00:00-04:00,4.590000152587891,4.699999809265137,4.510000228881836,4.690000057220459,730400,0.0,0.0
2007-04-13 00:00:00-04:00,4.699999809265137,4.75,4.579999923706055,4.75,729100,0.0,0.0
2007-04-16 00:00:00-04:00,4.769999980926514,4.800000190734863,4.71999979019165,4.789999961853027,816900,0.0,0.0
2007-04-17 00:00:00-04:00,4.78000020980835,4.880000114440918,4.78000020980835,4.840000152587891,861300,0.0,0.0
2007-04-18 00:00:00-04:00,4.849999904632568,4.989999771118164,4.820000171661377,4.940000057220459,2506600,0.0,0.0
2007-04-19 00:00:00-04:00,4.889999866485596,4.909999847412109,4.840000152587891,4.880000114440918,836600,0.0,0.0
2007-04-20 00:00:00-04:00,4.960000038146973,4.960000038146973,4.849999904632568,4.900000095367432,980700,0.0,0.0
2007-04-23 00:00:00-04:00,4.900000095367432,4.900000095367432,4.769999980926514,4.809999942779541,794300,0.0,0.0
2007-04-24 00:00:00-04:00,4.78000020980835,4.840000152587891,4.690000057220459,4.820000171661377,942400,0.0,0.0
2007-04-25 00:00:00-04:00,4.849999904632568,4.860000133514404,4.739999771118164,4.789999961853027,616900,0.0,0.0
2007-04-26 00:00:00-04:00,4.650000095367432,4.800000190734863,4.630000114440918,4.739999771118164,1665700,0.0,0.0
2007-04-27 00:00:00-04:00,4.699999809265137,4.769999980926514,4.650000095367432,4.75,1012400,0.0,0.0
2007-04-30 00:00:00-04:00,4.639999866485596,4.739999771118164,4.599999904632568,4.690000057220459,1835600,0.0,0.0
2007-05-01 00:00:00-04:00,4.659999847412109,4.75,4.590000152587891,4.699999809265137,2132500,0.0,0.0
2007-05-02 00:00:00-04:00,4.650000095367432,4.800000190734863,4.650000095367432,4.769999980926514,1655000,0.0,0.0
2007-05-03 00:00:00-04:00,4.800000190734863,4.800000190734863,4.730000019073486,4.760000228881836,1070100,0.0,0.0
2007-05-04 00:00:00-04:00,4.760000228881836,4.800000190734863,4.690000057220459,4.760000228881836,1265200,0.0,0.0
2007-05-07 00:00:00-04:00,4.739999771118164,4.800000190734863,4.650000095367432,4.670000076293945,844200,0.0,0.0
2007-05-08 00:00:00-04:00,4.670000076293945,4.710000038146973,4.610000133514404,4.690000057220459,665400,0.0,0.0
2007-05-09 00:00:00-04:00,4.670000076293945,4.690000057220459,4.619999885559082,4.690000057220459,1681600,0.0,0.0
2007-05-10 00:00:00-04:00,4.659999847412109,4.670000076293945,4.460000038146973,4.53000020980835,1696500,0.0,0.0
2007-05-11 00:00:00-04:00,4.429999828338623,4.619999885559082,4.420000076293945,4.570000171661377,850500,0.0,0.0
2007-05-14 00:00:00-04:00,4.539999961853027,4.590000152587891,4.429999828338623,4.429999828338623,1534400,0.0,0.0
2007-05-15 00:00:00-04:00,4.409999847412109,4.460000038146973,4.320000171661377,4.349999904632568,1219200,0.0,0.0
2007-05-16 00:00:00-04:00,4.349999904632568,4.429999828338623,4.260000228881836,4.320000171661377,1305800,0.0,0.0
2007-05-17 00:00:00-04:00,4.300000190734863,4.440000057220459,4.25,4.389999866485596,1352600,0.0,0.0
2007-05-18 00:00:00-04:00,4.409999847412109,4.460000038146973,4.360000133514404,4.420000076293945,462500,0.0,0.0
2007-05-21 00:00:00-04:00,4.409999847412109,4.519999980926514,4.400000095367432,4.489999771118164,498400,0.0,0.0
2007-05-22 00:00:00-04:00,4.489999771118164,4.570000171661377,4.460000038146973,4.539999961853027,492500,0.0,0.0
2007-05-23 00:00:00-04:00,4.539999961853027,4.579999923706055,4.46999979019165,4.489999771118164,547800,0.0,0.0
2007-05-24 00:00:00-04:00,4.480000019073486,4.559999942779541,4.440000057220459,4.449999809265137,641900,0.0,0.0
2007-05-25 00:00:00-04:00,4.460000038146973,4.480000019073486,4.369999885559082,4.440000057220459,369800,0.0,0.0
2007-05-29 00:00:00-04:00,4.440000057220459,4.539999961853027,4.420000076293945,4.539999961853027,346200,0.0,0.0
2007-05-30 00:00:00-04:00,4.489999771118164,4.590000152587891,4.449999809265137,4.590000152587891,622600,0.0,0.0
2007-05-31 00:00:00-04:00,4.579999923706055,4.599999904632568,4.5,4.579999923706055,569900,0.0,0.0
2007-06-01 00:00:00-04:00,4.599999904632568,4.650000095367432,4.559999942779541,4.579999923706055,511900,0.0,0.0
2007-06-04 00:00:00-04:00,4.550000190734863,4.630000114440918,4.510000228881836,4.610000133514404,488600,0.0,0.0
2007-06-05 00:00:00-04:00,4.579999923706055,4.619999885559082,4.460000038146973,4.53000020980835,793800,0.0,0.0
2007-06-06 00:00:00-04:00,4.510000228881836,4.559999942779541,4.489999771118164,4.510000228881836,439000,0.0,0.0
2007-06-07 00:00:00-04:00,4.510000228881836,4.539999961853027,4.400000095367432,4.409999847412109,550800,0.0,0.0
2007-06-08 00:00:00-04:00,4.380000114440918,4.440000057220459,4.320000171661377,4.420000076293945,560300,0.0,0.0
2007-06-11 00:00:00-04:00,4.420000076293945,4.420000076293945,4.340000152587891,4.340000152587891,390700,0.0,0.0
2007-06-12 00:00:00-04:00,4.309999942779541,4.400000095367432,4.28000020980835,4.329999923706055,535000,0.0,0.0
2007-06-13 00:00:00-04:00,4.329999923706055,4.420000076293945,4.300000190734863,4.400000095367432,517400,0.0,0.0
2007-06-14 00:00:00-04:00,4.389999866485596,4.429999828338623,4.340000152587891,4.369999885559082,723400,0.0,0.0
2007-06-15 00:00:00-04:00,4.510000228881836,4.510000228881836,4.369999885559082,4.460000038146973,762100,0.0,0.0
2007-06-18 00:00:00-04:00,4.460000038146973,4.539999961853027,4.420000076293945,4.519999980926514,469500,0.0,0.0
2007-06-19 00:00:00-04:00,4.489999771118164,4.559999942779541,4.389999866485596,4.489999771118164,644700,0.0,0.0
2007-06-20 00:00:00-04:00,4.489999771118164,4.489999771118164,4.400000095367432,4.449999809265137,1295300,0.0,0.0
2007-06-21 00:00:00-04:00,4.409999847412109,4.440000057220459,4.309999942779541,4.320000171661377,1836700,0.0,0.0
2007-06-22 00:00:00-04:00,4.309999942779541,4.340000152587891,4.239999771118164,4.260000228881836,1691200,0.0,0.0
2007-06-25 00:00:00-04:00,4.260000228881836,4.440000057220459,4.210000038146973,4.210000038146973,984500,0.0,0.0
2007-06-26 00:00:00-04:00,4.239999771118164,4.289999961853027,4.199999809265137,4.230000019073486,805000,0.0,0.0
2007-06-27 00:00:00-04:00,4.210000038146973,4.429999828338623,4.199999809265137,4.429999828338623,1081800,0.0,0.0
2007-06-28 00:00:00-04:00,4.449999809265137,4.53000020980835,4.349999904632568,4.53000020980835,914400,0.0,0.0
2007-06-29 00:00:00-04:00,4.519999980926514,4.539999961853027,4.409999847412109,4.449999809265137,1327500,0.0,0.0
2007-07-02 00:00:00-04:00,4.440000057220459,4.510000228881836,4.409999847412109,4.449999809265137,1165700,0.0,0.0
2007-07-03 00:00:00-04:00,4.440000057220459,4.46999979019165,4.429999828338623,4.449999809265137,376900,0.0,0.0
2007-07-05 00:00:00-04:00,4.440000057220459,4.519999980926514,4.409999847412109,4.519999980926514,902000,0.0,0.0
2007-07-06 00:00:00-04:00,4.489999771118164,4.599999904632568,4.489999771118164,4.559999942779541,611200,0.0,0.0
2007-07-09 00:00:00-04:00,4.559999942779541,4.599999904632568,4.519999980926514,4.550000190734863,883000,0.0,0.0
2007-07-10 00:00:00-04:00,4.519999980926514,4.659999847412109,4.480000019073486,4.489999771118164,1379300,0.0,0.0
2007-07-11 00:00:00-04:00,4.480000019073486,4.630000114440918,4.480000019073486,4.619999885559082,959700,0.0,0.0
2007-07-12 00:00:00-04:00,4.630000114440918,4.639999866485596,4.559999942779541,4.619999885559082,785500,0.0,0.0
2007-07-13 00:00:00-04:00,4.599999904632568,4.659999847412109,4.53000020980835,4.590000152587891,1056100,0.0,0.0
2007-07-16 00:00:00-04:00,4.590000152587891,4.590000152587891,4.510000228881836,4.519999980926514,544300,0.0,0.0
2007-07-17 00:00:00-04:00,4.5,4.550000190734863,4.429999828338623,4.449999809265137,1752400,0.0,0.0
2007-07-18 00:00:00-04:00,4.429999828338623,4.440000057220459,4.380000114440918,4.409999847412109,423100,0.0,0.0
2007-07-19 00:00:00-04:00,4.429999828338623,4.449999809265137,4.409999847412109,4.449999809265137,250600,0.0,0.0
2007-07-20 00:00:00-04:00,4.440000057220459,4.460000038146973,4.300000190734863,4.320000171661377,809300,0.0,0.0
2007-07-23 00:00:00-04:00,4.320000171661377,4.400000095367432,4.300000190734863,4.360000133514404,585600,0.0,0.0
2007-07-24 00:00:00-04:00,4.300000190734863,4.380000114440918,4.300000190734863,4.360000133514404,695600,0.0,0.0
2007-07-25 00:00:00-04:00,4.380000114440918,4.440000057220459,4.309999942779541,4.389999866485596,897900,0.0,0.0
2007-07-26 00:00:00-04:00,4.320000171661377,4.329999923706055,4.059999942779541,4.21999979019165,971900,0.0,0.0
2007-07-27 00:00:00-04:00,4.190000057220459,4.199999809265137,4.099999904632568,4.099999904632568,696100,0.0,0.0
2007-07-30 00:00:00-04:00,4.099999904632568,4.260000228881836,3.890000104904175,4.050000190734863,1316000,0.0,0.0
2007-07-31 00:00:00-04:00,4.059999942779541,4.090000152587891,3.990000009536743,4.0,977300,0.0,0.0
2007-08-01 00:00:00-04:00,4.300000190734863,4.300000190734863,4.010000228881836,4.059999942779541,1564800,0.0,0.0
2007-08-02 00:00:00-04:00,4.059999942779541,4.21999979019165,4.019999980926514,4.110000133514404,1156100,0.0,0.0
2007-08-03 00:00:00-04:00,4.110000133514404,4.110000133514404,3.9100000858306885,3.930000066757202,1210100,0.0,0.0
2007-08-06 00:00:00-04:00,3.9100000858306885,4.110000133514404,3.700000047683716,4.010000228881836,1836000,0.0,0.0
2007-08-07 00:00:00-04:00,4.010000228881836,4.03000020980835,3.869999885559082,3.890000104904175,943900,0.0,0.0
2007-08-08 00:00:00-04:00,3.930000066757202,4.039999961853027,3.7899999618530273,3.8499999046325684,1742400,0.0,0.0
2007-08-09 00:00:00-04:00,3.7699999809265137,3.9000000953674316,3.700000047683716,3.819999933242798,1460800,0.0,0.0
2007-08-10 00:00:00-04:00,3.6700000762939453,4.090000152587891,3.6700000762939453,4.070000171661377,1682800,0.0,0.0
2007-08-13 00:00:00-04:00,4.119999885559082,4.130000114440918,3.9100000858306885,4.059999942779541,832400,0.0,0.0
2007-08-14 00:00:00-04:00,4.050000190734863,4.079999923706055,3.859999895095825,3.869999885559082,605500,0.0,0.0
2007-08-15 00:00:00-04:00,3.880000114440918,3.940000057220459,3.75,3.7899999618530273,504300,0.0,0.0
2007-08-16 00:00:00-04:00,3.75,3.9800000190734863,3.559999942779541,3.9800000190734863,883100,0.0,0.0
2007-08-17 00:00:00-04:00,4.139999866485596,4.179999828338623,3.9600000381469727,4.119999885559082,1440800,0.0,0.0
2007-08-20 00:00:00-04:00,4.139999866485596,4.139999866485596,3.8299999237060547,3.9800000190734863,342600,0.0,0.0
2007-08-21 00:00:00-04:00,3.9600000381469727,4.059999942779541,3.950000047683716,3.950000047683716,213800,0.0,0.0
2007-08-22 00:00:00-04:00,3.990000009536743,4.150000095367432,3.9800000190734863,4.059999942779541,419300,0.0,0.0
2007-08-23 00:00:00-04:00,4.099999904632568,4.099999904632568,3.9800000190734863,3.990000009536743,251200,0.0,0.0
2007-08-24 00:00:00-04:00,3.9800000190734863,4.019999980926514,3.9200000762939453,4.019999980926514,297200,0.0,0.0
2007-08-27 00:00:00-04:00,4.0,4.0,3.880000114440918,3.9000000953674316,314800,0.0,0.0
2007-08-28 00:00:00-04:00,3.9200000762939453,3.9600000381469727,3.799999952316284,3.809999942779541,337700,0.0,0.0
2007-08-29 00:00:00-04:00,3.8399999141693115,3.880000114440918,3.809999942779541,3.880000114440918,268700,0.0,0.0
2007-08-30 00:00:00-04:00,3.8399999141693115,3.890000104904175,3.809999942779541,3.8399999141693115,196700,0.0,0.0
2007-08-31 00:00:00-04:00,3.890000104904175,3.9000000953674316,3.8399999141693115,3.859999895095825,173800,0.0,0.0
2007-09-04 00:00:00-04:00,3.8399999141693115,4.0,3.799999952316284,3.9800000190734863,792000,0.0,0.0
2007-09-05 00:00:00-04:00,3.950000047683716,3.9600000381469727,3.859999895095825,3.9000000953674316,517900,0.0,0.0
2007-09-06 00:00:00-04:00,3.9100000858306885,3.9700000286102295,3.9000000953674316,3.9600000381469727,461300,0.0,0.0
2007-09-07 00:00:00-04:00,3.890000104904175,3.890000104904175,3.8499999046325684,3.859999895095825,386100,0.0,0.0
2007-09-10 00:00:00-04:00,3.880000114440918,3.950000047683716,3.759999990463257,3.7799999713897705,5827900,0.0,0.0
2007-09-11 00:00:00-04:00,3.7799999713897705,3.890000104904175,3.759999990463257,3.8399999141693115,755200,0.0,0.0
2007-09-12 00:00:00-04:00,3.869999885559082,3.869999885559082,3.759999990463257,3.7799999713897705,309100,0.0,0.0
2007-09-13 00:00:00-04:00,3.7799999713897705,3.890000104904175,3.75,3.8399999141693115,448900,0.0,0.0
2007-09-14 00:00:00-04:00,3.799999952316284,3.819999933242798,3.75,3.809999942779541,218000,0.0,0.0
2007-09-17 00:00:00-04:00,3.8499999046325684,3.950000047683716,3.8299999237060547,3.880000114440918,906600,0.0,0.0
2007-09-18 00:00:00-04:00,3.9200000762939453,4.119999885559082,3.8499999046325684,4.099999904632568,970700,0.0,0.0
2007-09-19 00:00:00-04:00,4.130000114440918,4.349999904632568,4.090000152587891,4.150000095367432,1038700,0.0,0.0
2007-09-20 00:00:00-04:00,4.130000114440918,4.239999771118164,4.050000190734863,4.070000171661377,660300,0.0,0.0
2007-09-21 00:00:00-04:00,4.110000133514404,4.28000020980835,4.070000171661377,4.170000076293945,1097500,0.0,0.0
2007-09-24 00:00:00-04:00,4.179999828338623,4.230000019073486,4.039999961853027,4.059999942779541,522600,0.0,0.0
2007-09-25 00:00:00-04:00,4.050000190734863,4.130000114440918,4.019999980926514,4.03000020980835,629000,0.0,0.0
2007-09-26 00:00:00-04:00,4.050000190734863,4.130000114440918,4.0,4.019999980926514,448200,0.0,0.0
2007-09-27 00:00:00-04:00,4.03000020980835,4.139999866485596,3.9800000190734863,4.110000133514404,438100,0.0,0.0
2007-09-28 00:00:00-04:00,4.099999904632568,4.150000095367432,4.0,4.0,410200,0.0,0.0
2007-10-01 00:00:00-04:00,4.0,4.199999809265137,4.0,4.199999809265137,669200,0.0,0.0
2007-10-02 00:00:00-04:00,4.179999828338623,4.289999961853027,4.159999847412109,4.239999771118164,434500,0.0,0.0
2007-10-03 00:00:00-04:00,4.210000038146973,4.300000190734863,4.199999809265137,4.289999961853027,281600,0.0,0.0
2007-10-04 00:00:00-04:00,4.309999942779541,4.329999923706055,4.239999771118164,4.320000171661377,207900,0.0,0.0
2007-10-05 00:00:00-04:00,4.369999885559082,4.440000057220459,4.329999923706055,4.400000095367432,638500,0.0,0.0
2007-10-08 00:00:00-04:00,4.389999866485596,4.449999809265137,4.329999923706055,4.449999809265137,324500,0.0,0.0
2007-10-09 00:00:00-04:00,4.440000057220459,4.519999980926514,4.409999847412109,4.510000228881836,350100,0.0,0.0
2007-10-10 00:00:00-04:00,4.519999980926514,4.869999885559082,4.449999809265137,4.75,2126200,0.0,0.0
2007-10-11 00:00:00-04:00,4.760000228881836,4.789999961853027,4.599999904632568,4.690000057220459,777800,0.0,0.0
2007-10-12 00:00:00-04:00,4.690000057220459,4.789999961853027,4.670000076293945,4.760000228881836,959900,0.0,0.0
2007-10-15 00:00:00-04:00,4.789999961853027,4.789999961853027,4.610000133514404,4.659999847412109,482500,0.0,0.0
2007-10-16 00:00:00-04:00,4.639999866485596,4.75,4.610000133514404,4.75,638200,0.0,0.0
2007-10-17 00:00:00-04:00,4.769999980926514,4.829999923706055,4.650000095367432,4.829999923706055,813200,0.0,0.0
2007-10-18 00:00:00-04:00,4.809999942779541,4.900000095367432,4.710000038146973,4.900000095367432,880600,0.0,0.0
2007-10-19 00:00:00-04:00,4.889999866485596,4.900000095367432,4.739999771118164,4.760000228881836,841800,0.0,0.0
2007-10-22 00:00:00-04:00,4.699999809265137,4.78000020980835,4.619999885559082,4.78000020980835,459800,0.0,0.0
2007-10-23 00:00:00-04:00,4.840000152587891,4.989999771118164,4.800000190734863,4.980000019073486,1028600,0.0,0.0
2007-10-24 00:00:00-04:00,4.929999828338623,4.980000019073486,4.690000057220459,4.889999866485596,748000,0.0,0.0
2007-10-25 00:00:00-04:00,4.909999847412109,4.940000057220459,4.670000076293945,4.699999809265137,499900,0.0,0.0
2007-10-26 00:00:00-04:00,4.760000228881836,4.889999866485596,4.670000076293945,4.789999961853027,348300,0.0,0.0
2007-10-29 00:00:00-04:00,4.820000171661377,4.860000133514404,4.739999771118164,4.820000171661377,536100,0.0,0.0
2007-10-30 00:00:00-04:00,4.809999942779541,4.840000152587891,4.699999809265137,4.78000020980835,564300,0.0,0.0
2007-10-31 00:00:00-04:00,4.789999961853027,4.869999885559082,4.699999809265137,4.820000171661377,952300,0.0,0.0
2007-11-01 00:00:00-04:00,4.679999828338623,4.679999828338623,4.409999847412109,4.449999809265137,2356400,0.0,0.0
2007-11-02 00:00:00-04:00,4.510000228881836,4.800000190734863,4.5,4.519999980926514,698400,0.0,0.0
2007-11-05 00:00:00-05:00,4.460000038146973,4.460000038146973,4.070000171661377,4.190000057220459,1420300,0.0,0.0
2007-11-06 00:00:00-05:00,4.190000057220459,4.309999942779541,4.099999904632568,4.21999979019165,838700,0.0,0.0
2007-11-07 00:00:00-05:00,4.159999847412109,4.289999961853027,4.130000114440918,4.159999847412109,665200,0.0,0.0
2007-11-08 00:00:00-05:00,4.21999979019165,4.300000190734863,4.119999885559082,4.199999809265137,441300,0.0,0.0
2007-11-09 00:00:00-05:00,4.159999847412109,4.230000019073486,4.010000228881836,4.079999923706055,503800,0.0,0.0
2007-11-12 00:00:00-05:00,4.079999923706055,4.159999847412109,4.0,4.059999942779541,369200,0.0,0.0
2007-11-13 00:00:00-05:00,4.090000152587891,4.159999847412109,4.059999942779541,4.159999847412109,493100,0.0,0.0
2007-11-14 00:00:00-05:00,4.170000076293945,4.170000076293945,4.039999961853027,4.090000152587891,353400,0.0,0.0
2007-11-15 00:00:00-05:00,4.059999942779541,4.110000133514404,4.0,4.039999961853027,238800,0.0,0.0
2007-11-16 00:00:00-05:00,4.050000190734863,4.139999866485596,3.9600000381469727,4.110000133514404,555100,0.0,0.0
2007-11-19 00:00:00-05:00,4.059999942779541,4.059999942779541,3.930000066757202,3.9600000381469727,593100,0.0,0.0
2007-11-20 00:00:00-05:00,3.950000047683716,3.9700000286102295,3.799999952316284,3.859999895095825,410500,0.0,0.0
2007-11-21 00:00:00-05:00,3.799999952316284,3.8499999046325684,3.7300000190734863,3.75,338000,0.0,0.0
2007-11-23 00:00:00-05:00,3.7899999618530273,3.9700000286102295,3.75,3.950000047683716,168000,0.0,0.0
2007-11-26 00:00:00-05:00,3.950000047683716,3.9600000381469727,3.7699999809265137,3.799999952316284,364200,0.0,0.0
2007-11-27 00:00:00-05:00,3.7899999618530273,3.8499999046325684,3.759999990463257,3.809999942779541,294600,0.0,0.0
2007-11-28 00:00:00-05:00,3.8499999046325684,4.190000057220459,3.799999952316284,4.119999885559082,754900,0.0,0.0
2007-11-29 00:00:00-05:00,4.119999885559082,4.210000038146973,4.059999942779541,4.159999847412109,362100,0.0,0.0
2007-11-30 00:00:00-05:00,4.21999979019165,4.25,4.059999942779541,4.099999904632568,456100,0.0,0.0
2007-12-03 00:00:00-05:00,4.070000171661377,4.21999979019165,3.9200000762939453,3.930000066757202,376100,0.0,0.0
2007-12-04 00:00:00-05:00,3.9000000953674316,4.070000171661377,3.9000000953674316,4.0,435200,0.0,0.0
2007-12-05 00:00:00-05:00,4.070000171661377,4.210000038146973,4.039999961853027,4.150000095367432,441000,0.0,0.0
2007-12-06 00:00:00-05:00,4.150000095367432,4.150000095367432,4.039999961853027,4.099999904632568,692400,0.0,0.0
2007-12-07 00:00:00-05:00,4.099999904632568,4.420000076293945,4.070000171661377,4.360000133514404,625300,0.0,0.0
2007-12-10 00:00:00-05:00,4.340000152587891,4.360000133514404,4.150000095367432,4.179999828338623,535000,0.0,0.0
2007-12-11 00:00:00-05:00,4.170000076293945,4.25,3.950000047683716,3.9700000286102295,639800,0.0,0.0
2007-12-12 00:00:00-05:00,4.090000152587891,4.179999828338623,3.940000057220459,4.019999980926514,651300,0.0,0.0
2007-12-13 00:00:00-05:00,4.010000228881836,4.119999885559082,3.990000009536743,4.059999942779541,273000,0.0,0.0
2007-12-14 00:00:00-05:00,4.010000228881836,4.090000152587891,3.9200000762939453,3.940000057220459,421400,0.0,0.0
2007-12-17 00:00:00-05:00,3.9200000762939453,3.9600000381469727,3.75,3.759999990463257,424200,0.0,0.0
2007-12-18 00:00:00-05:00,3.8399999141693115,3.930000066757202,3.7699999809265137,3.819999933242798,499700,0.0,0.0
2007-12-19 00:00:00-05:00,3.819999933242798,3.950000047683716,3.7799999713897705,3.869999885559082,386500,0.0,0.0
2007-12-20 00:00:00-05:00,3.9200000762939453,4.039999961853027,3.8399999141693115,4.039999961853027,650600,0.0,0.0
2007-12-21 00:00:00-05:00,4.130000114440918,4.139999866485596,3.9700000286102295,4.070000171661377,965900,0.0,0.0
2007-12-24 00:00:00-05:00,4.070000171661377,4.090000152587891,4.019999980926514,4.03000020980835,171600,0.0,0.0
2007-12-26 00:00:00-05:00,4.0,4.230000019073486,3.9600000381469727,4.21999979019165,370300,0.0,0.0
2007-12-27 00:00:00-05:00,4.21999979019165,4.21999979019165,3.930000066757202,3.9600000381469727,386500,0.0,0.0
2007-12-28 00:00:00-05:00,4.0,4.019999980926514,3.7699999809265137,3.819999933242798,596800,0.0,0.0
2007-12-31 00:00:00-05:00,3.7699999809265137,3.799999952316284,3.740000009536743,3.75,362800,0.0,0.0
2008-01-02 00:00:00-05:00,3.819999933242798,3.819999933242798,3.509999990463257,3.559999942779541,1060000,0.0,0.0
2008-01-03 00:00:00-05:00,3.5999999046325684,3.6500000953674316,3.4200000762939453,3.430000066757202,650500,0.0,0.0
2008-01-04 00:00:00-05:00,3.4200000762939453,3.430000066757202,3.109999895095825,3.119999885559082,1071000,0.0,0.0
2008-01-07 00:00:00-05:00,3.140000104904175,3.309999942779541,3.0999999046325684,3.299999952316284,954200,0.0,0.0
2008-01-08 00:00:00-05:00,3.2899999618530273,3.5399999618530273,3.25,3.2799999713897705,817100,0.0,0.0
2008-01-09 00:00:00-05:00,3.259999990463257,3.3399999141693115,3.200000047683716,3.25,737000,0.0,0.0
2008-01-10 00:00:00-05:00,3.2200000286102295,3.2300000190734863,2.9600000381469727,3.0799999237060547,1308400,0.0,0.0
2008-01-11 00:00:00-05:00,3.109999895095825,3.2100000381469727,3.0,3.009999990463257,886300,0.0,0.0
2008-01-14 00:00:00-05:00,3.0299999713897705,3.0999999046325684,2.9200000762939453,2.9600000381469727,889700,0.0,0.0
2008-01-15 00:00:00-05:00,2.9600000381469727,3.0199999809265137,2.930000066757202,2.9800000190734863,663700,0.0,0.0
2008-01-16 00:00:00-05:00,2.9800000190734863,3.0999999046325684,2.940000057220459,3.009999990463257,681600,0.0,0.0
2008-01-17 00:00:00-05:00,3.009999990463257,3.0899999141693115,2.9700000286102295,3.009999990463257,587200,0.0,0.0
2008-01-18 00:00:00-05:00,2.9200000762939453,3.059999942779541,2.9200000762939453,3.0299999713897705,893700,0.0,0.0
2008-01-22 00:00:00-05:00,2.9000000953674316,3.0999999046325684,2.8299999237060547,3.049999952316284,1124700,0.0,0.0
2008-01-23 00:00:00-05:00,2.990000009536743,3.299999952316284,2.9600000381469727,3.200000047683716,1052900,0.0,0.0
2008-01-24 00:00:00-05:00,3.2300000190734863,3.3299999237060547,3.1700000762939453,3.319999933242798,728900,0.0,0.0
2008-01-25 00:00:00-05:00,3.3399999141693115,3.549999952316284,3.200000047683716,3.2899999618530273,651900,0.0,0.0
2008-01-28 00:00:00-05:00,3.2899999618530273,3.4100000858306885,3.1500000953674316,3.319999933242798,258200,0.0,0.0
2008-01-29 00:00:00-05:00,3.3499999046325684,3.4000000953674316,3.2300000190734863,3.299999952316284,712300,0.0,0.0
2008-01-30 00:00:00-05:00,3.2799999713897705,3.4200000762939453,3.2300000190734863,3.4200000762939453,454100,0.0,0.0
2008-01-31 00:00:00-05:00,3.4100000858306885,3.490000009536743,3.2699999809265137,3.390000104904175,464000,0.0,0.0
2008-02-01 00:00:00-05:00,3.4100000858306885,3.4600000381469727,3.309999942779541,3.4600000381469727,325300,0.0,0.0
2008-02-04 00:00:00-05:00,3.4600000381469727,3.4700000286102295,3.2899999618530273,3.2899999618530273,215600,0.0,0.0
2008-02-05 00:00:00-05:00,3.2200000286102295,3.2899999618530273,3.0799999237060547,3.0799999237060547,535900,0.0,0.0
2008-02-06 00:00:00-05:00,3.140000104904175,3.2799999713897705,3.0399999618530273,3.049999952316284,406700,0.0,0.0
2008-02-07 00:00:00-05:00,3.0399999618530273,3.190000057220459,3.0299999713897705,3.0799999237060547,581900,0.0,0.0
2008-02-08 00:00:00-05:00,3.0799999237060547,3.190000057220459,3.009999990463257,3.049999952316284,621700,0.0,0.0
2008-02-11 00:00:00-05:00,3.059999942779541,3.180000066757202,3.049999952316284,3.119999885559082,355300,0.0,0.0
2008-02-12 00:00:00-05:00,3.1500000953674316,3.440000057220459,3.130000114440918,3.430000066757202,501400,0.0,0.0
2008-02-13 00:00:00-05:00,3.5,3.5799999237060547,3.1500000953674316,3.5799999237060547,856400,0.0,0.0
2008-02-14 00:00:00-05:00,3.190000057220459,3.25,3.0,3.0299999713897705,1661500,0.0,0.0
2008-02-15 00:00:00-05:00,3.0299999713897705,3.069999933242798,2.9700000286102295,2.990000009536743,858000,0.0,0.0
2008-02-19 00:00:00-05:00,3.0399999618530273,3.130000114440918,3.0,3.049999952316284,1188100,0.0,0.0
2008-02-20 00:00:00-05:00,3.0399999618530273,3.119999885559082,3.0,3.119999885559082,365000,0.0,0.0
2008-02-21 00:00:00-05:00,3.130000114440918,3.180000066757202,3.009999990463257,3.009999990463257,513300,0.0,0.0
2008-02-22 00:00:00-05:00,3.0299999713897705,3.0799999237060547,2.9800000190734863,3.049999952316284,650000,0.0,0.0
2008-02-25 00:00:00-05:00,3.0399999618530273,3.1600000858306885,3.0,3.1600000858306885,725400,0.0,0.0
2008-02-26 00:00:00-05:00,3.140000104904175,3.309999942779541,3.109999895095825,3.309999942779541,762200,0.0,0.0
2008-02-27 00:00:00-05:00,3.2699999809265137,3.2799999713897705,3.180000066757202,3.200000047683716,519400,0.0,0.0
2008-02-28 00:00:00-05:00,3.180000066757202,3.180000066757202,3.049999952316284,3.049999952316284,502800,0.0,0.0
2008-02-29 00:00:00-05:00,3.009999990463257,3.130000114440918,3.009999990463257,3.119999885559082,557000,0.0,0.0
2008-03-03 00:00:00-05:00,3.119999885559082,3.1600000858306885,3.009999990463257,3.009999990463257,446700,0.0,0.0
2008-03-04 00:00:00-05:00,3.009999990463257,3.049999952316284,2.9800000190734863,3.0,534800,0.0,0.0
2008-03-05 00:00:00-05:00,3.0199999809265137,3.140000104904175,3.0,3.140000104904175,400400,0.0,0.0
2008-03-06 00:00:00-05:00,3.119999885559082,3.119999885559082,2.9700000286102295,2.9700000286102295,507800,0.0,0.0
2008-03-07 00:00:00-05:00,2.9700000286102295,3.0299999713897705,2.950000047683716,3.0199999809265137,532100,0.0,0.0
2008-03-10 00:00:00-04:00,3.069999933242798,3.069999933242798,2.950000047683716,3.0,655300,0.0,0.0
2008-03-11 00:00:00-04:00,3.069999933242798,3.069999933242798,2.940000057220459,3.0399999618530273,636000,0.0,0.0
2008-03-12 00:00:00-04:00,3.0399999618530273,3.0399999618530273,2.9700000286102295,2.9800000190734863,561600,0.0,0.0
2008-03-13 00:00:00-04:00,2.9600000381469727,3.009999990463257,2.950000047683716,2.9700000286102295,505200,0.0,0.0
2008-03-14 00:00:00-04:00,2.9700000286102295,3.0,2.75,2.7699999809265137,827400,0.0,0.0
2008-03-17 00:00:00-04:00,2.7699999809265137,2.7699999809265137,2.5,2.5899999141693115,885100,0.0,0.0
2008-03-18 00:00:00-04:00,2.6500000953674316,2.9600000381469727,2.619999885559082,2.940000057220459,596900,0.0,0.0
2008-03-19 00:00:00-04:00,2.990000009536743,3.0,2.8399999141693115,2.9000000953674316,571900,0.0,0.0
2008-03-20 00:00:00-04:00,3.0,3.009999990463257,2.799999952316284,3.0,1489400,0.0,0.0
2008-03-24 00:00:00-04:00,3.0,3.059999942779541,2.9600000381469727,3.049999952316284,513400,0.0,0.0
2008-03-25 00:00:00-04:00,3.0899999141693115,3.190000057220459,3.009999990463257,3.190000057220459,637100,0.0,0.0
2008-03-26 00:00:00-04:00,3.109999895095825,3.140000104904175,2.9600000381469727,3.130000114440918,324900,0.0,0.0
2008-03-27 00:00:00-04:00,3.140000104904175,3.140000104904175,2.990000009536743,3.0,392400,0.0,0.0
2008-03-28 00:00:00-04:00,3.0,3.0199999809265137,2.9000000953674316,2.9000000953674316,247300,0.0,0.0
2008-03-31 00:00:00-04:00,2.9100000858306885,3.0,2.9000000953674316,2.9800000190734863,400000,0.0,0.0
2008-04-01 00:00:00-04:00,3.0399999618530273,3.0799999237060547,3.0,3.0799999237060547,703800,0.0,0.0
2008-04-02 00:00:00-04:00,3.049999952316284,3.069999933242798,2.990000009536743,3.0399999618530273,392000,0.0,0.0
2008-04-03 00:00:00-04:00,3.009999990463257,3.059999942779541,3.0,3.009999990463257,477200,0.0,0.0
2008-04-04 00:00:00-04:00,3.049999952316284,3.049999952316284,2.9700000286102295,3.009999990463257,514200,0.0,0.0
2008-04-07 00:00:00-04:00,3.0299999713897705,3.0799999237060547,2.990000009536743,3.009999990463257,668800,0.0,0.0
2008-04-08 00:00:00-04:00,2.9700000286102295,3.049999952316284,2.9700000286102295,3.009999990463257,289400,0.0,0.0
2008-04-09 00:00:00-04:00,3.0199999809265137,3.0899999141693115,3.0,3.0799999237060547,1165300,0.0,0.0
2008-04-10 00:00:00-04:00,3.0899999141693115,3.140000104904175,3.0299999713897705,3.130000114440918,570000,0.0,0.0
2008-04-11 00:00:00-04:00,3.049999952316284,3.119999885559082,2.9700000286102295,2.9800000190734863,368100,0.0,0.0
2008-04-14 00:00:00-04:00,2.990000009536743,3.0199999809265137,2.950000047683716,3.0,355800,0.0,0.0
2008-04-15 00:00:00-04:00,3.0299999713897705,3.0999999046325684,2.9600000381469727,3.0399999618530273,623900,0.0,0.0
2008-04-16 00:00:00-04:00,3.0799999237060547,3.180000066757202,3.049999952316284,3.119999885559082,861200,0.0,0.0
2008-04-17 00:00:00-04:00,3.0999999046325684,3.1500000953674316,3.0899999141693115,3.140000104904175,399600,0.0,0.0
2008-04-18 00:00:00-04:00,3.200000047683716,3.259999990463257,3.119999885559082,3.25,508100,0.0,0.0
2008-04-21 00:00:00-04:00,3.2200000286102295,3.240000009536743,3.119999885559082,3.140000104904175,573700,0.0,0.0
2008-04-22 00:00:00-04:00,3.0899999141693115,3.119999885559082,3.0,3.0299999713897705,421100,0.0,0.0
2008-04-23 00:00:00-04:00,3.049999952316284,3.0799999237060547,3.0,3.009999990463257,373200,0.0,0.0
2008-04-24 00:00:00-04:00,3.0199999809265137,3.1500000953674316,3.009999990463257,3.1500000953674316,529500,0.0,0.0
2008-04-25 00:00:00-04:00,3.1600000858306885,3.180000066757202,3.059999942779541,3.1500000953674316,263300,0.0,0.0
2008-04-28 00:00:00-04:00,3.140000104904175,3.180000066757202,3.119999885559082,3.1600000858306885,571900,0.0,0.0
2008-04-29 00:00:00-04:00,3.200000047683716,3.2100000381469727,3.1500000953674316,3.1700000762939453,368800,0.0,0.0
2008-04-30 00:00:00-04:00,3.4000000953674316,3.440000057220459,3.1500000953674316,3.1500000953674316,1220600,0.0,0.0
2008-05-01 00:00:00-04:00,3.180000066757202,3.380000114440918,3.140000104904175,3.3399999141693115,957100,0.0,0.0
2008-05-02 00:00:00-04:00,3.369999885559082,3.390000104904175,3.190000057220459,3.190000057220459,675600,0.0,0.0
2008-05-05 00:00:00-04:00,3.2699999809265137,3.2799999713897705,3.190000057220459,3.2699999809265137,774800,0.0,0.0
2008-05-06 00:00:00-04:00,3.2100000381469727,3.2799999713897705,3.1700000762939453,3.2200000286102295,848700,0.0,0.0
2008-05-07 00:00:00-04:00,3.2300000190734863,3.390000104904175,3.2300000190734863,3.299999952316284,968500,0.0,0.0
2008-05-08 00:00:00-04:00,3.299999952316284,3.799999952316284,3.25,3.619999885559082,3118700,0.0,0.0
2008-05-09 00:00:00-04:00,3.549999952316284,3.5999999046325684,3.3499999046325684,3.369999885559082,874000,0.0,0.0
2008-05-12 00:00:00-04:00,3.4000000953674316,3.759999990463257,3.4000000953674316,3.690000057220459,737300,0.0,0.0
2008-05-13 00:00:00-04:00,3.700000047683716,3.759999990463257,3.6600000858306885,3.700000047683716,745000,0.0,0.0
2008-05-14 00:00:00-04:00,3.700000047683716,3.740000009536743,3.6500000953674316,3.690000057220459,692100,0.0,0.0
2008-05-15 00:00:00-04:00,3.680000066757202,4.079999923706055,3.6600000858306885,3.9100000858306885,1690300,0.0,0.0
2008-05-16 00:00:00-04:00,3.9600000381469727,4.059999942779541,3.799999952316284,3.9700000286102295,1156600,0.0,0.0
2008-05-19 00:00:00-04:00,3.950000047683716,3.950000047683716,3.799999952316284,3.819999933242798,543700,0.0,0.0
2008-05-20 00:00:00-04:00,3.799999952316284,3.8299999237060547,3.5399999618530273,3.5799999237060547,714600,0.0,0.0
2008-05-21 00:00:00-04:00,3.569999933242798,3.5999999046325684,3.430000066757202,3.509999990463257,887300,0.0,0.0
2008-05-22 00:00:00-04:00,3.4800000190734863,3.619999885559082,3.4800000190734863,3.5,814000,0.0,0.0
2008-05-23 00:00:00-04:00,3.450000047683716,3.559999942779541,3.390000104904175,3.5399999618530273,816900,0.0,0.0
2008-05-27 00:00:00-04:00,3.5299999713897705,3.759999990463257,3.5,3.740000009536743,1243900,0.0,0.0
2008-05-28 00:00:00-04:00,3.759999990463257,3.9800000190734863,3.7100000381469727,3.9800000190734863,1323700,0.0,0.0
2008-05-29 00:00:00-04:00,3.950000047683716,4.050000190734863,3.940000057220459,4.010000228881836,646700,0.0,0.0
2008-05-30 00:00:00-04:00,4.019999980926514,4.090000152587891,3.950000047683716,4.059999942779541,814700,0.0,0.0
2008-06-02 00:00:00-04:00,4.03000020980835,4.050000190734863,3.880000114440918,3.950000047683716,834600,0.0,0.0
2008-06-03 00:00:00-04:00,3.9600000381469727,4.050000190734863,3.880000114440918,3.9700000286102295,591000,0.0,0.0
2008-06-04 00:00:00-04:00,3.809999942779541,3.9700000286102295,3.759999990463257,3.9700000286102295,586700,0.0,0.0
2008-06-05 00:00:00-04:00,3.9700000286102295,4.099999904632568,3.950000047683716,4.099999904632568,479400,0.0,0.0
2008-06-06 00:00:00-04:00,4.070000171661377,4.070000171661377,3.819999933242798,3.859999895095825,518800,0.0,0.0
2008-06-09 00:00:00-04:00,3.8499999046325684,3.9100000858306885,3.6500000953674316,3.7200000286102295,573100,0.0,0.0
2008-06-10 00:00:00-04:00,3.690000057220459,3.7799999713897705,3.630000114440918,3.7100000381469727,749100,0.0,0.0
2008-06-11 00:00:00-04:00,3.690000057220459,3.7799999713897705,3.619999885559082,3.619999885559082,468500,0.0,0.0
2008-06-12 00:00:00-04:00,3.640000104904175,3.75,3.630000114440918,3.6600000858306885,381200,0.0,0.0
2008-06-13 00:00:00-04:00,3.7100000381469727,3.7799999713897705,3.6700000762939453,3.7799999713897705,436500,0.0,0.0
2008-06-16 00:00:00-04:00,3.7699999809265137,3.7799999713897705,3.609999895095825,3.7799999713897705,379300,0.0,0.0
2008-06-17 00:00:00-04:00,3.7799999713897705,3.7899999618530273,3.549999952316284,3.6600000858306885,494600,0.0,0.0
2008-06-18 00:00:00-04:00,3.609999895095825,3.690000057220459,3.4200000762939453,3.6600000858306885,656200,0.0,0.0
2008-06-19 00:00:00-04:00,3.6600000858306885,3.680000066757202,3.4700000286102295,3.6600000858306885,371000,0.0,0.0
2008-06-20 00:00:00-04:00,3.2899999618530273,3.450000047683716,3.2100000381469727,3.309999942779541,1546500,0.0,0.0
2008-06-23 00:00:00-04:00,3.319999933242798,3.380000114440918,3.130000114440918,3.190000057220459,678000,0.0,0.0
2008-06-24 00:00:00-04:00,3.130000114440918,3.2200000286102295,3.0199999809265137,3.140000104904175,614000,0.0,0.0
2008-06-25 00:00:00-04:00,3.140000104904175,3.2300000190734863,3.0799999237060547,3.2100000381469727,665700,0.0,0.0
2008-06-26 00:00:00-04:00,3.1700000762939453,3.1700000762939453,2.9200000762939453,2.9600000381469727,736500,0.0,0.0
2008-06-27 00:00:00-04:00,3.0,3.0399999618530273,2.75,2.75,1922000,0.0,0.0
2008-06-30 00:00:00-04:00,2.7699999809265137,2.9100000858306885,2.75,2.8399999141693115,739100,0.0,0.0
2008-07-01 00:00:00-04:00,2.799999952316284,2.8499999046325684,2.6600000858306885,2.690000057220459,824400,0.0,0.0
2008-07-02 00:00:00-04:00,2.690000057220459,2.7300000190734863,2.559999942779541,2.559999942779541,668600,0.0,0.0
2008-07-03 00:00:00-04:00,2.5799999237060547,2.609999895095825,2.5799999237060547,2.5899999141693115,325100,0.0,0.0
2008-07-07 00:00:00-04:00,2.5899999141693115,2.609999895095825,2.4800000190734863,2.5199999809265137,485900,0.0,0.0
2008-07-08 00:00:00-04:00,2.5299999713897705,2.6500000953674316,2.509999990463257,2.5799999237060547,620900,0.0,0.0
2008-07-09 00:00:00-04:00,2.5899999141693115,2.630000114440918,2.4800000190734863,2.4800000190734863,486700,0.0,0.0
2008-07-10 00:00:00-04:00,2.5,2.5999999046325684,2.450000047683716,2.5199999809265137,430100,0.0,0.0
2008-07-11 00:00:00-04:00,2.490000009536743,2.549999952316284,2.4600000381469727,2.490000009536743,589400,0.0,0.0
2008-07-14 00:00:00-04:00,2.5199999809265137,2.5199999809265137,2.2699999809265137,2.299999952316284,791200,0.0,0.0
2008-07-15 00:00:00-04:00,2.390000104904175,2.4100000858306885,1.9800000190734863,2.240000009536743,2799200,0.0,0.0
2008-07-16 00:00:00-04:00,2.25,2.619999885559082,2.1500000953674316,2.559999942779541,2005900,0.0,0.0
2008-07-17 00:00:00-04:00,2.5799999237060547,2.5799999237060547,2.450000047683716,2.5,1105000,0.0,0.0
2008-07-18 00:00:00-04:00,2.509999990463257,2.5799999237060547,2.4600000381469727,2.4800000190734863,642600,0.0,0.0
2008-07-21 00:00:00-04:00,2.5,2.5299999713897705,2.4700000286102295,2.5,296000,0.0,0.0
2008-07-22 00:00:00-04:00,2.5,2.609999895095825,2.4800000190734863,2.5799999237060547,761100,0.0,0.0
2008-07-23 00:00:00-04:00,2.5799999237060547,2.6700000762939453,2.5299999713897705,2.549999952316284,2260700,0.0,0.0
2008-07-24 00:00:00-04:00,2.5899999141693115,2.5999999046325684,2.4200000762939453,2.509999990463257,1149100,0.0,0.0
2008-07-25 00:00:00-04:00,2.549999952316284,2.5799999237060547,2.490000009536743,2.5299999713897705,700800,0.0,0.0
2008-07-28 00:00:00-04:00,2.5199999809265137,2.549999952316284,2.4100000858306885,2.4200000762939453,670800,0.0,0.0
2008-07-29 00:00:00-04:00,2.440000057220459,2.5899999141693115,2.440000057220459,2.5399999618530273,930200,0.0,0.0
2008-07-30 00:00:00-04:00,2.7699999809265137,2.799999952316284,2.4800000190734863,2.5199999809265137,1888400,0.0,0.0
2008-07-31 00:00:00-04:00,2.5,2.6500000953674316,2.4700000286102295,2.5799999237060547,534800,0.0,0.0
2008-08-01 00:00:00-04:00,2.5899999141693115,2.5899999141693115,2.5,2.5299999713897705,295500,0.0,0.0
2008-08-04 00:00:00-04:00,2.490000009536743,2.549999952316284,2.380000114440918,2.390000104904175,668800,0.0,0.0
2008-08-05 00:00:00-04:00,2.430000066757202,2.799999952316284,2.3499999046325684,2.7899999618530273,1825700,0.0,0.0
2008-08-06 00:00:00-04:00,2.75,2.890000104904175,2.6600000858306885,2.869999885559082,542500,0.0,0.0
2008-08-07 00:00:00-04:00,2.8299999237060547,3.0,2.799999952316284,2.8399999141693115,1300100,0.0,0.0
2008-08-08 00:00:00-04:00,2.859999895095825,3.059999942779541,2.859999895095825,2.9700000286102295,848800,0.0,0.0
2008-08-11 00:00:00-04:00,2.9600000381469727,2.9600000381469727,2.890000104904175,2.9200000762939453,669900,0.0,0.0
2008-08-12 00:00:00-04:00,2.9100000858306885,2.9600000381469727,2.9100000858306885,2.950000047683716,305700,0.0,0.0
2008-08-13 00:00:00-04:00,2.930000066757202,2.950000047683716,2.880000114440918,2.890000104904175,497500,0.0,0.0
2008-08-14 00:00:00-04:00,2.869999885559082,3.0,2.859999895095825,2.9000000953674316,516400,0.0,0.0
2008-08-15 00:00:00-04:00,2.990000009536743,2.990000009536743,2.7699999809265137,2.7899999618530273,1000300,0.0,0.0
2008-08-18 00:00:00-04:00,2.799999952316284,2.859999895095825,2.759999990463257,2.7799999713897705,367300,0.0,0.0
2008-08-19 00:00:00-04:00,2.7699999809265137,2.7799999713897705,2.619999885559082,2.640000104904175,350900,0.0,0.0
2008-08-20 00:00:00-04:00,2.6500000953674316,2.740000009536743,2.559999942779541,2.5899999141693115,278400,0.0,0.0
2008-08-21 00:00:00-04:00,2.559999942779541,2.5999999046325684,2.5299999713897705,2.5399999618530273,320700,0.0,0.0
2008-08-22 00:00:00-04:00,2.559999942779541,2.690000057220459,2.509999990463257,2.5999999046325684,434400,0.0,0.0
2008-08-25 00:00:00-04:00,2.5899999141693115,2.7100000381469727,2.549999952316284,2.700000047683716,558900,0.0,0.0
2008-08-26 00:00:00-04:00,2.7100000381469727,2.75,2.6600000858306885,2.75,550500,0.0,0.0
2008-08-27 00:00:00-04:00,2.75,2.890000104904175,2.690000057220459,2.880000114440918,379500,0.0,0.0
2008-08-28 00:00:00-04:00,2.880000114440918,2.940000057220459,2.819999933242798,2.9000000953674316,524800,0.0,0.0
2008-08-29 00:00:00-04:00,2.890000104904175,2.9000000953674316,2.759999990463257,2.799999952316284,296600,0.0,0.0
2008-09-02 00:00:00-04:00,2.8499999046325684,2.940000057220459,2.809999942779541,2.819999933242798,338400,0.0,0.0
2008-09-03 00:00:00-04:00,2.799999952316284,2.9100000858306885,2.759999990463257,2.8399999141693115,303400,0.0,0.0
2008-09-04 00:00:00-04:00,2.809999942779541,2.809999942779541,2.6600000858306885,2.740000009536743,438500,0.0,0.0
2008-09-05 00:00:00-04:00,2.7200000286102295,2.859999895095825,2.6600000858306885,2.75,181400,0.0,0.0
2008-09-08 00:00:00-04:00,2.809999942779541,2.9000000953674316,2.6700000762939453,2.799999952316284,584800,0.0,0.0
2008-09-09 00:00:00-04:00,2.809999942779541,2.930000066757202,2.6600000858306885,2.7300000190734863,740500,0.0,0.0
2008-09-10 00:00:00-04:00,2.799999952316284,2.819999933242798,2.7100000381469727,2.75,825700,0.0,0.0
2008-09-11 00:00:00-04:00,2.7100000381469727,2.8299999237060547,2.700000047683716,2.7899999618530273,479900,0.0,0.0
2008-09-12 00:00:00-04:00,2.759999990463257,2.799999952316284,2.630000114440918,2.6500000953674316,486700,0.0,0.0
2008-09-15 00:00:00-04:00,2.619999885559082,2.6700000762939453,2.4800000190734863,2.609999895095825,896000,0.0,0.0
2008-09-16 00:00:00-04:00,2.5999999046325684,2.7699999809265137,2.559999942779541,2.7699999809265137,951500,0.0,0.0
2008-09-17 00:00:00-04:00,2.740000009536743,2.9200000762939453,2.6600000858306885,2.859999895095825,802200,0.0,0.0
2008-09-18 00:00:00-04:00,2.950000047683716,3.0399999618530273,2.799999952316284,2.950000047683716,1577600,0.0,0.0
2008-09-19 00:00:00-04:00,3.190000057220459,3.200000047683716,2.7100000381469727,3.0999999046325684,2779600,0.0,0.0
2008-09-22 00:00:00-04:00,3.049999952316284,3.140000104904175,2.9100000858306885,2.9200000762939453,388200,0.0,0.0
2008-09-23 00:00:00-04:00,2.930000066757202,2.9600000381469727,2.5799999237060547,2.6600000858306885,673000,0.0,0.0
2008-09-24 00:00:00-04:00,2.6600000858306885,2.75,2.6600000858306885,2.7100000381469727,302900,0.0,0.0
2008-09-25 00:00:00-04:00,2.740000009536743,2.7899999618530273,2.680000066757202,2.7100000381469727,456800,0.0,0.0
2008-09-26 00:00:00-04:00,2.6600000858306885,2.8299999237060547,2.6600000858306885,2.6600000858306885,355300,0.0,0.0
2008-09-29 00:00:00-04:00,2.5999999046325684,2.6500000953674316,2.390000104904175,2.430000066757202,614100,0.0,0.0
2008-09-30 00:00:00-04:00,2.4800000190734863,2.5899999141693115,2.4100000858306885,2.5799999237060547,510700,0.0,0.0
2008-10-01 00:00:00-04:00,2.549999952316284,2.549999952316284,2.430000066757202,2.440000057220459,328100,0.0,0.0
2008-10-02 00:00:00-04:00,2.430000066757202,2.490000009536743,2.3499999046325684,2.3499999046325684,399400,0.0,0.0
2008-10-03 00:00:00-04:00,2.450000047683716,2.4700000286102295,2.190000057220459,2.190000057220459,491700,0.0,0.0
2008-10-06 00:00:00-04:00,2.1500000953674316,2.4000000953674316,2.049999952316284,2.2100000381469727,593100,0.0,0.0
2008-10-07 00:00:00-04:00,2.25,2.259999990463257,2.0199999809265137,2.0399999618530273,445000,0.0,0.0
2008-10-08 00:00:00-04:00,2.0,2.140000104904175,1.8899999856948853,1.8899999856948853,744600,0.0,0.0
2008-10-09 00:00:00-04:00,1.940000057220459,2.1500000953674316,1.7100000381469727,2.059999942779541,853200,0.0,0.0
2008-10-10 00:00:00-04:00,1.9299999475479126,2.309999942779541,1.75,2.190000057220459,867800,0.0,0.0
2008-10-13 00:00:00-04:00,2.25,2.25,2.0,2.1500000953674316,678900,0.0,0.0
2008-10-14 00:00:00-04:00,2.5,2.5999999046325684,1.9500000476837158,2.0799999237060547,849500,0.0,0.0
2008-10-15 00:00:00-04:00,2.0399999618530273,2.0799999237060547,1.850000023841858,1.850000023841858,458600,0.0,0.0
2008-10-16 00:00:00-04:00,1.8600000143051147,1.9700000286102295,1.7000000476837158,1.8899999856948853,871600,0.0,0.0
2008-10-17 00:00:00-04:00,1.809999942779541,2.130000114440918,1.7699999809265137,1.8799999952316284,927900,0.0,0.0
2008-10-20 00:00:00-04:00,1.909999966621399,2.009999990463257,1.8799999952316284,1.9500000476837158,347200,0.0,0.0
2008-10-21 00:00:00-04:00,1.899999976158142,1.9500000476837158,1.8200000524520874,1.8200000524520874,197100,0.0,0.0
2008-10-22 00:00:00-04:00,1.7799999713897705,1.9500000476837158,1.7200000286102295,1.7200000286102295,201200,0.0,0.0
2008-10-23 00:00:00-04:00,1.75,1.7699999809265137,1.559999942779541,1.5800000429153442,534000,0.0,0.0
2008-10-24 00:00:00-04:00,1.5099999904632568,1.5499999523162842,1.3899999856948853,1.409999966621399,714900,0.0,0.0
2008-10-27 00:00:00-04:00,1.409999966621399,1.5,1.2899999618530273,1.2899999618530273,276500,0.0,0.0
2008-10-28 00:00:00-04:00,1.3600000143051147,1.4600000381469727,1.1799999475479126,1.2799999713897705,2439300,0.0,0.0
2008-10-29 00:00:00-04:00,1.75,1.8200000524520874,1.5399999618530273,1.5399999618530273,1265000,0.0,0.0
2008-10-30 00:00:00-04:00,1.6399999856948853,1.7999999523162842,1.5399999618530273,1.7999999523162842,1350700,0.0,0.0
2008-10-31 00:00:00-04:00,1.7799999713897705,1.7999999523162842,1.6299999952316284,1.7899999618530273,993100,0.0,0.0
2008-11-03 00:00:00-05:00,1.7899999618530273,1.8899999856948853,1.75,1.7999999523162842,309300,0.0,0.0
2008-11-04 00:00:00-05:00,1.8899999856948853,1.8899999856948853,1.7300000190734863,1.75,491400,0.0,0.0
2008-11-05 00:00:00-05:00,1.7200000286102295,1.7300000190734863,1.6399999856948853,1.6399999856948853,351300,0.0,0.0
2008-11-06 00:00:00-05:00,1.6299999952316284,1.6299999952316284,1.5399999618530273,1.5399999618530273,596900,0.0,0.0
2008-11-07 00:00:00-05:00,1.649999976158142,1.649999976158142,1.5499999523162842,1.6100000143051147,258400,0.0,0.0
2008-11-10 00:00:00-05:00,1.6699999570846558,1.6799999475479126,1.5800000429153442,1.600000023841858,415400,0.0,0.0
2008-11-11 00:00:00-05:00,1.649999976158142,1.649999976158142,1.5499999523162842,1.600000023841858,346300,0.0,0.0
2008-11-12 00:00:00-05:00,1.5700000524520874,1.6399999856948853,1.4500000476837158,1.5099999904632568,738100,0.0,0.0
2008-11-13 00:00:00-05:00,1.5199999809265137,1.649999976158142,1.4299999475479126,1.649999976158142,586000,0.0,0.0
2008-11-14 00:00:00-05:00,1.6200000047683716,1.649999976158142,1.5199999809265137,1.590000033378601,200000,0.0,0.0
2008-11-17 00:00:00-05:00,1.5800000429153442,1.6200000047683716,1.5299999713897705,1.5399999618530273,121300,0.0,0.0
2008-11-18 00:00:00-05:00,1.5499999523162842,1.5800000429153442,1.3899999856948853,1.440000057220459,426600,0.0,0.0
2008-11-19 00:00:00-05:00,1.440000057220459,1.4500000476837158,1.3300000429153442,1.3300000429153442,252400,0.0,0.0
2008-11-20 00:00:00-05:00,1.3200000524520874,1.4600000381469727,1.2899999618530273,1.3799999952316284,251400,0.0,0.0
2008-11-21 00:00:00-05:00,1.409999966621399,1.5299999713897705,1.2799999713897705,1.5299999713897705,320900,0.0,0.0
2008-11-24 00:00:00-05:00,1.5499999523162842,1.850000023841858,1.4299999475479126,1.840000033378601,508700,0.0,0.0
2008-11-25 00:00:00-05:00,1.850000023841858,1.850000023841858,1.5700000524520874,1.850000023841858,541100,0.0,0.0
2008-11-26 00:00:00-05:00,1.7799999713897705,1.8600000143051147,1.5399999618530273,1.8600000143051147,379200,0.0,0.0
2008-11-28 00:00:00-05:00,1.8300000429153442,1.8700000047683716,1.7599999904632568,1.8600000143051147,96400,0.0,0.0
2008-12-01 00:00:00-05:00,1.7999999523162842,1.8300000429153442,1.559999942779541,1.5700000524520874,272600,0.0,0.0
2008-12-02 00:00:00-05:00,1.6100000143051147,1.7300000190734863,1.6100000143051147,1.7200000286102295,166600,0.0,0.0
2008-12-03 00:00:00-05:00,1.659999966621399,1.8799999952316284,1.6299999952316284,1.7999999523162842,193200,0.0,0.0
2008-12-04 00:00:00-05:00,1.7599999904632568,1.850000023841858,1.7000000476837158,1.7300000190734863,128900,0.0,0.0
2008-12-05 00:00:00-05:00,1.690000057220459,1.850000023841858,1.590000033378601,1.850000023841858,153000,0.0,0.0
2008-12-08 00:00:00-05:00,1.850000023841858,1.9700000286102295,1.850000023841858,1.9600000381469727,365800,0.0,0.0
2008-12-09 00:00:00-05:00,1.9299999475479126,1.9700000286102295,1.7999999523162842,1.8899999856948853,244300,0.0,0.0
2008-12-10 00:00:00-05:00,1.9199999570846558,2.0399999618530273,1.8700000047683716,2.009999990463257,249200,0.0,0.0
2008-12-11 00:00:00-05:00,1.9700000286102295,1.9700000286102295,1.7999999523162842,1.850000023841858,300800,0.0,0.0
2008-12-12 00:00:00-05:00,1.7899999618530273,1.909999966621399,1.75,1.8899999856948853,152800,0.0,0.0
2008-12-15 00:00:00-05:00,1.899999976158142,2.0399999618530273,1.590000033378601,1.7699999809265137,255500,0.0,0.0
2008-12-16 00:00:00-05:00,1.809999942779541,1.9800000190734863,1.7699999809265137,1.9800000190734863,393300,0.0,0.0
2008-12-17 00:00:00-05:00,1.940000057220459,2.140000104904175,1.8899999856948853,2.0799999237060547,283100,0.0,0.0
2008-12-18 00:00:00-05:00,2.140000104904175,2.390000104904175,1.9800000190734863,2.0,486900,0.0,0.0
2008-12-19 00:00:00-05:00,1.8600000143051147,2.2200000286102295,1.8300000429153442,2.130000114440918,743300,0.0,0.0
2008-12-22 00:00:00-05:00,2.1500000953674316,2.2100000381469727,1.9299999475479126,2.069999933242798,554400,0.0,0.0
2008-12-23 00:00:00-05:00,2.0999999046325684,2.130000114440918,2.009999990463257,2.0899999141693115,154400,0.0,0.0
2008-12-24 00:00:00-05:00,2.25,2.25,1.9199999570846558,2.009999990463257,171000,0.0,0.0
2008-12-26 00:00:00-05:00,2.0199999809265137,2.0999999046325684,1.9800000190734863,2.0,165900,0.0,0.0
2008-12-29 00:00:00-05:00,2.0,2.049999952316284,1.8600000143051147,1.9199999570846558,227900,0.0,0.0
2008-12-30 00:00:00-05:00,1.9500000476837158,2.009999990463257,1.8700000047683716,1.8799999952316284,313000,0.0,0.0
2008-12-31 00:00:00-05:00,1.8799999952316284,2.0199999809265137,1.840000033378601,1.9900000095367432,227500,0.0,0.0
2009-01-02 00:00:00-05:00,1.9900000095367432,2.0399999618530273,1.9700000286102295,2.0299999713897705,148900,0.0,0.0
2009-01-05 00:00:00-05:00,2.059999942779541,2.059999942779541,1.9500000476837158,2.009999990463257,346300,0.0,0.0
2009-01-06 00:00:00-05:00,2.0399999618530273,2.0799999237060547,1.9800000190734863,2.0299999713897705,591300,0.0,0.0
2009-01-07 00:00:00-05:00,2.0,2.0199999809265137,1.8600000143051147,1.9600000381469727,194200,0.0,0.0
2009-01-08 00:00:00-05:00,1.9600000381469727,2.0199999809265137,1.909999966621399,2.0,152900,0.0,0.0
2009-01-09 00:00:00-05:00,2.0,2.0,1.850000023841858,1.850000023841858,259100,0.0,0.0
2009-01-12 00:00:00-05:00,1.850000023841858,1.909999966621399,1.6699999570846558,1.690000057220459,290700,0.0,0.0
2009-01-13 00:00:00-05:00,1.7100000381469727,1.809999942779541,1.6699999570846558,1.6799999475479126,220000,0.0,0.0
2009-01-14 00:00:00-05:00,1.7100000381469727,1.7300000190734863,1.4600000381469727,1.5,666300,0.0,0.0
2009-01-15 00:00:00-05:00,1.5,1.6799999475479126,1.4199999570846558,1.590000033378601,519500,0.0,0.0
2009-01-16 00:00:00-05:00,1.600000023841858,1.7200000286102295,1.600000023841858,1.6799999475479126,248800,0.0,0.0
2009-01-20 00:00:00-05:00,1.659999966621399,1.7000000476837158,1.5,1.5099999904632568,323900,0.0,0.0
2009-01-21 00:00:00-05:00,1.5299999713897705,1.600000023841858,1.5,1.5800000429153442,386100,0.0,0.0
2009-01-22 00:00:00-05:00,1.5399999618530273,1.6200000047683716,1.5,1.5800000429153442,151500,0.0,0.0
2009-01-23 00:00:00-05:00,1.5299999713897705,1.5800000429153442,1.5099999904632568,1.5199999809265137,136800,0.0,0.0
2009-01-26 00:00:00-05:00,1.5,1.600000023841858,1.5,1.590000033378601,171400,0.0,0.0
2009-01-27 00:00:00-05:00,1.600000023841858,1.75,1.5499999523162842,1.7300000190734863,274300,0.0,0.0
2009-01-28 00:00:00-05:00,1.7599999904632568,1.8899999856948853,1.7400000095367432,1.8899999856948853,390800,0.0,0.0
2009-01-29 00:00:00-05:00,1.8899999856948853,1.909999966621399,1.7599999904632568,1.7699999809265137,282500,0.0,0.0
2009-01-30 00:00:00-05:00,1.7999999523162842,1.8300000429153442,1.659999966621399,1.7200000286102295,330200,0.0,0.0
2009-02-02 00:00:00-05:00,1.75,2.0,1.7300000190734863,1.9199999570846558,838600,0.0,0.0
2009-02-03 00:00:00-05:00,2.0,2.009999990463257,1.9299999475479126,1.9600000381469727,426700,0.0,0.0
2009-02-04 00:00:00-05:00,1.9900000095367432,2.0299999713897705,1.7999999523162842,1.9199999570846558,1065700,0.0,0.0
2009-02-05 00:00:00-05:00,1.909999966621399,2.0399999618530273,1.8600000143051147,2.0299999713897705,292300,0.0,0.0
2009-02-06 00:00:00-05:00,2.049999952316284,2.1500000953674316,2.0,2.119999885559082,476400,0.0,0.0
2009-02-09 00:00:00-05:00,2.0899999141693115,2.1500000953674316,2.0199999809265137,2.119999885559082,237800,0.0,0.0
2009-02-10 00:00:00-05:00,2.1600000858306885,2.2100000381469727,2.059999942779541,2.119999885559082,677300,0.0,0.0
2009-02-11 00:00:00-05:00,2.0999999046325684,2.1700000762939453,2.0799999237060547,2.140000104904175,471200,0.0,0.0
2009-02-12 00:00:00-05:00,2.140000104904175,2.2300000190734863,2.109999895095825,2.1500000953674316,615600,0.0,0.0
2009-02-13 00:00:00-05:00,2.1600000858306885,2.2300000190734863,2.140000104904175,2.1600000858306885,360400,0.0,0.0
2009-02-17 00:00:00-05:00,2.1700000762939453,2.1700000762939453,2.009999990463257,2.049999952316284,507400,0.0,0.0
2009-02-18 00:00:00-05:00,2.0299999713897705,2.1500000953674316,1.9500000476837158,2.0,314700,0.0,0.0
2009-02-19 00:00:00-05:00,1.899999976158142,1.9199999570846558,1.7400000095367432,1.7999999523162842,626600,0.0,0.0
2009-02-20 00:00:00-05:00,1.7599999904632568,1.850000023841858,1.7000000476837158,1.7799999713897705,289100,0.0,0.0
2009-02-23 00:00:00-05:00,1.7899999618530273,1.8300000429153442,1.600000023841858,1.6200000047683716,394900,0.0,0.0
2009-02-24 00:00:00-05:00,1.6699999570846558,1.7000000476837158,1.6299999952316284,1.649999976158142,335200,0.0,0.0
2009-02-25 00:00:00-05:00,1.6399999856948853,1.6799999475479126,1.5700000524520874,1.590000033378601,188300,0.0,0.0
2009-02-26 00:00:00-05:00,1.600000023841858,1.6799999475479126,1.600000023841858,1.600000023841858,135900,0.0,0.0
2009-02-27 00:00:00-05:00,1.600000023841858,1.649999976158142,1.600000023841858,1.600000023841858,153100,0.0,0.0
2009-03-02 00:00:00-05:00,1.590000033378601,1.6399999856948853,1.5199999809265137,1.559999942779541,450800,0.0,0.0
2009-03-03 00:00:00-05:00,1.590000033378601,1.600000023841858,1.4500000476837158,1.4600000381469727,548400,0.0,0.0
2009-03-04 00:00:00-05:00,1.4800000190734863,1.559999942779541,1.4199999570846558,1.5,224600,0.0,0.0
2009-03-05 00:00:00-05:00,1.4500000476837158,1.5199999809265137,1.3300000429153442,1.3300000429153442,518400,0.0,0.0
2009-03-06 00:00:00-05:00,1.340000033378601,1.3700000047683716,1.149999976158142,1.190000057220459,663500,0.0,0.0
2009-03-09 00:00:00-04:00,1.1799999475479126,1.3300000429153442,1.159999966621399,1.2100000381469727,393200,0.0,0.0
2009-03-10 00:00:00-04:00,1.25,1.340000033378601,1.2300000190734863,1.2999999523162842,940700,0.0,0.0
2009-03-11 00:00:00-04:00,1.2999999523162842,1.409999966621399,1.2999999523162842,1.309999942779541,450100,0.0,0.0
2009-03-12 00:00:00-04:00,1.309999942779541,1.4199999570846558,1.2999999523162842,1.399999976158142,547900,0.0,0.0
2009-03-13 00:00:00-04:00,1.409999966621399,1.5199999809265137,1.409999966621399,1.4500000476837158,562600,0.0,0.0
2009-03-16 00:00:00-04:00,1.4600000381469727,1.5199999809265137,1.4600000381469727,1.4900000095367432,488100,0.0,0.0
2009-03-17 00:00:00-04:00,1.4800000190734863,1.5499999523162842,1.4600000381469727,1.5399999618530273,519500,0.0,0.0
2009-03-18 00:00:00-04:00,1.5299999713897705,1.75,1.4500000476837158,1.7000000476837158,1208200,0.0,0.0
2009-03-19 00:00:00-04:00,1.7300000190734863,1.7999999523162842,1.7000000476837158,1.7999999523162842,295100,0.0,0.0
2009-03-20 00:00:00-04:00,1.8200000524520874,1.8300000429153442,1.7000000476837158,1.7599999904632568,800700,0.0,0.0
2009-03-23 00:00:00-04:00,1.8200000524520874,2.0399999618530273,1.7400000095367432,2.0399999618530273,475100,0.0,0.0
2009-03-24 00:00:00-04:00,2.009999990463257,2.0299999713897705,1.7400000095367432,1.75,562100,0.0,0.0
2009-03-25 00:00:00-04:00,1.7899999618530273,1.9199999570846558,1.649999976158142,1.7599999904632568,565200,0.0,0.0
2009-03-26 00:00:00-04:00,1.7799999713897705,1.899999976158142,1.7400000095367432,1.899999976158142,450300,0.0,0.0
2009-03-27 00:00:00-04:00,1.850000023841858,1.9299999475479126,1.7699999809265137,1.7799999713897705,277400,0.0,0.0
2009-03-30 00:00:00-04:00,1.7200000286102295,1.7200000286102295,1.649999976158142,1.7000000476837158,196800,0.0,0.0
2009-03-31 00:00:00-04:00,1.7300000190734863,1.7799999713897705,1.659999966621399,1.6699999570846558,247700,0.0,0.0
2009-04-01 00:00:00-04:00,1.659999966621399,1.6699999570846558,1.6100000143051147,1.649999976158142,341000,0.0,0.0
2009-04-02 00:00:00-04:00,1.7000000476837158,1.7799999713897705,1.649999976158142,1.7000000476837158,675200,0.0,0.0
2009-04-03 00:00:00-04:00,1.7400000095367432,1.7400000095367432,1.6699999570846558,1.7200000286102295,156300,0.0,0.0
2009-04-06 00:00:00-04:00,1.7200000286102295,1.7599999904632568,1.6100000143051147,1.649999976158142,260400,0.0,0.0
2009-04-07 00:00:00-04:00,1.649999976158142,1.659999966621399,1.600000023841858,1.600000023841858,258000,0.0,0.0
2009-04-08 00:00:00-04:00,1.6200000047683716,1.8300000429153442,1.6200000047683716,1.8300000429153442,962800,0.0,0.0
2009-04-09 00:00:00-04:00,1.8799999952316284,2.140000104904175,1.7899999618530273,2.140000104904175,1119900,0.0,0.0
2009-04-13 00:00:00-04:00,2.069999933242798,2.140000104904175,2.0399999618530273,2.109999895095825,583500,0.0,0.0
2009-04-14 00:00:00-04:00,2.0799999237060547,2.109999895095825,1.9500000476837158,1.9500000476837158,589500,0.0,0.0
2009-04-15 00:00:00-04:00,2.0899999141693115,2.130000114440918,1.899999976158142,1.9500000476837158,391600,0.0,0.0
2009-04-16 00:00:00-04:00,1.9700000286102295,2.059999942779541,1.9500000476837158,2.049999952316284,375100,0.0,0.0
2009-04-17 00:00:00-04:00,2.059999942779541,2.0999999046325684,2.009999990463257,2.069999933242798,310400,0.0,0.0
2009-04-20 00:00:00-04:00,2.0199999809265137,2.0299999713897705,1.940000057220459,1.9500000476837158,257200,0.0,0.0
2009-04-21 00:00:00-04:00,1.9600000381469727,2.0,1.9299999475479126,2.0,256500,0.0,0.0
2009-04-22 00:00:00-04:00,1.9500000476837158,2.130000114440918,1.809999942779541,2.0999999046325684,2198600,0.0,0.0
2009-04-23 00:00:00-04:00,2.0999999046325684,2.440000057220459,2.0799999237060547,2.359999895095825,2527500,0.0,0.0
2009-04-24 00:00:00-04:00,2.4000000953674316,2.6700000762939453,2.380000114440918,2.6700000762939453,1231700,0.0,0.0
2009-04-27 00:00:00-04:00,2.5999999046325684,2.819999933242798,2.4100000858306885,2.7200000286102295,667900,0.0,0.0
2009-04-28 00:00:00-04:00,2.7100000381469727,2.990000009536743,2.5999999046325684,2.7300000190734863,1878300,0.0,0.0
2009-04-29 00:00:00-04:00,2.759999990463257,2.809999942779541,2.700000047683716,2.7799999713897705,462000,0.0,0.0
2009-04-30 00:00:00-04:00,2.819999933242798,2.9000000953674316,2.680000066757202,2.680000066757202,831300,0.0,0.0
2009-05-01 00:00:00-04:00,2.7300000190734863,2.799999952316284,2.680000066757202,2.759999990463257,515300,0.0,0.0
2009-05-04 00:00:00-04:00,2.819999933242798,2.9000000953674316,2.7300000190734863,2.890000104904175,562800,0.0,0.0
2009-05-05 00:00:00-04:00,3.0,3.0999999046325684,2.9000000953674316,3.009999990463257,1658700,0.0,0.0
2009-05-06 00:00:00-04:00,2.7100000381469727,2.740000009536743,2.4800000190734863,2.6500000953674316,1901900,0.0,0.0
2009-05-07 00:00:00-04:00,2.640000104904175,2.740000009536743,2.4000000953674316,2.4700000286102295,786100,0.0,0.0
2009-05-08 00:00:00-04:00,2.559999942779541,2.559999942779541,2.4100000858306885,2.5199999809265137,658000,0.0,0.0
2009-05-11 00:00:00-04:00,2.4200000762939453,2.4800000190734863,2.319999933242798,2.390000104904175,466000,0.0,0.0
2009-05-12 00:00:00-04:00,2.3299999237060547,2.4000000953674316,2.2699999809265137,2.309999942779541,346900,0.0,0.0
2009-05-13 00:00:00-04:00,2.2799999713897705,2.299999952316284,2.140000104904175,2.1500000953674316,647900,0.0,0.0
2009-05-14 00:00:00-04:00,2.1500000953674316,2.359999895095825,2.130000114440918,2.2699999809265137,920700,0.0,0.0
2009-05-15 00:00:00-04:00,2.2899999618530273,2.2899999618530273,2.1500000953674316,2.180000066757202,506300,0.0,0.0
2009-05-18 00:00:00-04:00,2.1500000953674316,2.299999952316284,2.1500000953674316,2.2200000286102295,1303000,0.0,0.0
2009-05-19 00:00:00-04:00,2.200000047683716,2.2899999618530273,2.200000047683716,2.240000009536743,400300,0.0,0.0
2009-05-20 00:00:00-04:00,2.2699999809265137,2.299999952316284,2.2200000286102295,2.25,644600,0.0,0.0
2009-05-21 00:00:00-04:00,2.240000009536743,2.2699999809265137,2.140000104904175,2.200000047683716,808800,0.0,0.0
2009-05-22 00:00:00-04:00,2.2200000286102295,2.3399999141693115,2.1600000858306885,2.2799999713897705,866800,0.0,0.0
2009-05-26 00:00:00-04:00,2.2699999809265137,2.450000047683716,2.2699999809265137,2.390000104904175,1015200,0.0,0.0
2009-05-27 00:00:00-04:00,2.380000114440918,2.4000000953674316,2.259999990463257,2.2699999809265137,658900,0.0,0.0
2009-05-28 00:00:00-04:00,2.3299999237060547,2.4000000953674316,2.299999952316284,2.319999933242798,524300,0.0,0.0
2009-05-29 00:00:00-04:00,2.3399999141693115,2.5199999809265137,2.3399999141693115,2.5199999809265137,1668800,0.0,0.0
2009-06-01 00:00:00-04:00,2.5899999141693115,2.619999885559082,2.490000009536743,2.549999952316284,1181200,0.0,0.0
2009-06-02 00:00:00-04:00,2.5399999618530273,2.690000057220459,2.5199999809265137,2.6600000858306885,892400,0.0,0.0
2009-06-03 00:00:00-04:00,2.6600000858306885,2.6600000858306885,2.5299999713897705,2.619999885559082,413900,0.0,0.0
2009-06-04 00:00:00-04:00,2.6600000858306885,2.6600000858306885,2.5399999618530273,2.559999942779541,360200,0.0,0.0
2009-06-05 00:00:00-04:00,2.5799999237060547,2.630000114440918,2.4700000286102295,2.490000009536743,411000,0.0,0.0
2009-06-08 00:00:00-04:00,2.5199999809265137,2.5199999809265137,2.3399999141693115,2.359999895095825,608500,0.0,0.0
2009-06-09 00:00:00-04:00,2.390000104904175,2.430000066757202,2.380000114440918,2.4000000953674316,267100,0.0,0.0
2009-06-10 00:00:00-04:00,2.450000047683716,2.4700000286102295,2.3399999141693115,2.3399999141693115,395500,0.0,0.0
2009-06-11 00:00:00-04:00,2.359999895095825,2.359999895095825,2.299999952316284,2.309999942779541,421300,0.0,0.0
2009-06-12 00:00:00-04:00,2.3299999237060547,2.359999895095825,2.2799999713897705,2.299999952316284,393300,0.0,0.0
2009-06-15 00:00:00-04:00,2.299999952316284,2.309999942779541,2.1600000858306885,2.2200000286102295,591100,0.0,0.0
2009-06-16 00:00:00-04:00,2.2200000286102295,2.25,2.1500000953674316,2.1500000953674316,325200,0.0,0.0
2009-06-17 00:00:00-04:00,2.1600000858306885,2.2100000381469727,2.1600000858306885,2.200000047683716,249100,0.0,0.0
2009-06-18 00:00:00-04:00,2.190000057220459,2.2200000286102295,2.1600000858306885,2.2100000381469727,186300,0.0,0.0
2009-06-19 00:00:00-04:00,2.25,2.25,2.190000057220459,2.2300000190734863,623400,0.0,0.0
2009-06-22 00:00:00-04:00,2.2300000190734863,2.2300000190734863,2.140000104904175,2.140000104904175,481100,0.0,0.0
2009-06-23 00:00:00-04:00,2.1600000858306885,2.200000047683716,2.119999885559082,2.1600000858306885,277900,0.0,0.0
2009-06-24 00:00:00-04:00,2.190000057220459,2.2100000381469727,2.1500000953674316,2.1500000953674316,250200,0.0,0.0
2009-06-25 00:00:00-04:00,2.1600000858306885,2.2100000381469727,2.1500000953674316,2.200000047683716,256700,0.0,0.0
2009-06-26 00:00:00-04:00,2.190000057220459,2.2899999618530273,2.1600000858306885,2.259999990463257,991800,0.0,0.0
2009-06-29 00:00:00-04:00,2.259999990463257,2.299999952316284,2.200000047683716,2.2100000381469727,221000,0.0,0.0
2009-06-30 00:00:00-04:00,2.2200000286102295,2.240000009536743,2.1500000953674316,2.1500000953674316,254000,0.0,0.0
2009-07-01 00:00:00-04:00,2.180000066757202,2.2899999618530273,2.130000114440918,2.259999990463257,777700,0.0,0.0
2009-07-02 00:00:00-04:00,2.2699999809265137,2.2699999809265137,2.1500000953674316,2.1500000953674316,280400,0.0,0.0
2009-07-06 00:00:00-04:00,2.1500000953674316,2.1700000762939453,2.069999933242798,2.0999999046325684,355600,0.0,0.0
2009-07-07 00:00:00-04:00,2.109999895095825,2.1500000953674316,2.069999933242798,2.0899999141693115,230100,0.0,0.0
2009-07-08 00:00:00-04:00,2.0999999046325684,2.1500000953674316,2.0799999237060547,2.0899999141693115,801600,0.0,0.0
2009-07-09 00:00:00-04:00,2.109999895095825,2.2200000286102295,2.109999895095825,2.180000066757202,976100,0.0,0.0
2009-07-10 00:00:00-04:00,2.1600000858306885,2.2300000190734863,2.1600000858306885,2.190000057220459,311100,0.0,0.0
2009-07-13 00:00:00-04:00,2.2100000381469727,2.2200000286102295,2.1500000953674316,2.2200000286102295,343200,0.0,0.0
2009-07-14 00:00:00-04:00,2.200000047683716,2.25,2.190000057220459,2.2200000286102295,352600,0.0,0.0
2009-07-15 00:00:00-04:00,2.25,2.2699999809265137,2.200000047683716,2.2200000286102295,531400,0.0,0.0
2009-07-16 00:00:00-04:00,2.200000047683716,2.240000009536743,2.180000066757202,2.2100000381469727,355800,0.0,0.0
2009-07-17 00:00:00-04:00,2.2200000286102295,2.240000009536743,2.190000057220459,2.200000047683716,505700,0.0,0.0
2009-07-20 00:00:00-04:00,2.2200000286102295,2.2699999809265137,2.190000057220459,2.2100000381469727,409200,0.0,0.0
2009-07-21 00:00:00-04:00,2.2300000190734863,2.2300000190734863,2.180000066757202,2.200000047683716,442800,0.0,0.0
2009-07-22 00:00:00-04:00,2.180000066757202,2.2200000286102295,2.1700000762939453,2.200000047683716,363400,0.0,0.0
2009-07-23 00:00:00-04:00,2.190000057220459,2.2200000286102295,2.1700000762939453,2.180000066757202,919600,0.0,0.0
2009-07-24 00:00:00-04:00,2.1600000858306885,2.2100000381469727,2.119999885559082,2.140000104904175,635600,0.0,0.0
2009-07-27 00:00:00-04:00,2.1500000953674316,2.319999933242798,2.119999885559082,2.2300000190734863,3660800,0.0,0.0
2009-07-28 00:00:00-04:00,2.2200000286102295,2.3399999141693115,2.2200000286102295,2.3399999141693115,910100,0.0,0.0
2009-07-29 00:00:00-04:00,2.3299999237060547,2.3499999046325684,2.2699999809265137,2.2899999618530273,615000,0.0,0.0
2009-07-30 00:00:00-04:00,2.319999933242798,2.3499999046325684,2.25,2.299999952316284,1205100,0.0,0.0
2009-07-31 00:00:00-04:00,2.2899999618530273,2.319999933242798,2.2899999618530273,2.309999942779541,958600,0.0,0.0
2009-08-03 00:00:00-04:00,2.3299999237060547,2.549999952316284,2.2899999618530273,2.5,1367100,0.0,0.0
2009-08-04 00:00:00-04:00,2.5,2.5399999618530273,2.450000047683716,2.5399999618530273,807200,0.0,0.0
2009-08-05 00:00:00-04:00,2.5299999713897705,2.549999952316284,2.450000047683716,2.5299999713897705,1542900,0.0,0.0
2009-08-06 00:00:00-04:00,2.5399999618530273,2.559999942779541,2.3499999046325684,2.359999895095825,576800,0.0,0.0
2009-08-07 00:00:00-04:00,2.4100000858306885,2.4700000286102295,2.359999895095825,2.4700000286102295,487900,0.0,0.0
2009-08-10 00:00:00-04:00,2.440000057220459,2.4800000190734863,2.369999885559082,2.4600000381469727,513000,0.0,0.0
2009-08-11 00:00:00-04:00,2.440000057220459,2.5,2.3399999141693115,2.4200000762939453,592200,0.0,0.0
2009-08-12 00:00:00-04:00,2.4100000858306885,2.5199999809265137,2.380000114440918,2.509999990463257,422900,0.0,0.0
2009-08-13 00:00:00-04:00,2.509999990463257,2.569999933242798,2.390000104904175,2.5399999618530273,433800,0.0,0.0
2009-08-14 00:00:00-04:00,2.5399999618530273,2.549999952316284,2.440000057220459,2.490000009536743,377500,0.0,0.0
2009-08-17 00:00:00-04:00,2.359999895095825,2.549999952316284,2.359999895095825,2.450000047683716,537000,0.0,0.0
2009-08-18 00:00:00-04:00,2.4700000286102295,2.509999990463257,2.440000057220459,2.4800000190734863,1188600,0.0,0.0
2009-08-19 00:00:00-04:00,2.450000047683716,2.5199999809265137,2.430000066757202,2.4800000190734863,1345800,0.0,0.0
2009-08-20 00:00:00-04:00,2.4700000286102295,2.5299999713897705,2.450000047683716,2.5,2434600,0.0,0.0
2009-08-21 00:00:00-04:00,2.5799999237060547,2.6700000762939453,2.5,2.609999895095825,3267200,0.0,0.0
2009-08-24 00:00:00-04:00,2.619999885559082,2.6700000762939453,2.559999942779541,2.6500000953674316,1042400,0.0,0.0
2009-08-25 00:00:00-04:00,2.680000066757202,2.680000066757202,2.609999895095825,2.630000114440918,373500,0.0,0.0
2009-08-26 00:00:00-04:00,2.619999885559082,2.619999885559082,2.569999933242798,2.609999895095825,429400,0.0,0.0
2009-08-27 00:00:00-04:00,2.5999999046325684,2.630000114440918,2.5399999618530273,2.619999885559082,533800,0.0,0.0
2009-08-28 00:00:00-04:00,2.6500000953674316,2.680000066757202,2.450000047683716,2.609999895095825,1369100,0.0,0.0
2009-08-31 00:00:00-04:00,2.5999999046325684,2.5999999046325684,2.5299999713897705,2.549999952316284,1079900,0.0,0.0
2009-09-01 00:00:00-04:00,2.5199999809265137,2.5999999046325684,2.4200000762939453,2.4600000381469727,556000,0.0,0.0
2009-09-02 00:00:00-04:00,2.4600000381469727,2.5899999141693115,2.390000104904175,2.5,460300,0.0,0.0
2009-09-03 00:00:00-04:00,2.5299999713897705,2.5299999713897705,2.430000066757202,2.5199999809265137,188400,0.0,0.0
2009-09-04 00:00:00-04:00,2.5199999809265137,2.569999933242798,2.490000009536743,2.569999933242798,298100,0.0,0.0
2009-09-08 00:00:00-04:00,2.5999999046325684,2.759999990463257,2.5399999618530273,2.759999990463257,1208000,0.0,0.0
2009-09-09 00:00:00-04:00,2.7699999809265137,2.7699999809265137,2.680000066757202,2.7100000381469727,265200,0.0,0.0
2009-09-10 00:00:00-04:00,2.700000047683716,2.7200000286102295,2.5999999046325684,2.640000104904175,328100,0.0,0.0
2009-09-11 00:00:00-04:00,2.6500000953674316,2.8399999141693115,2.5899999141693115,2.7699999809265137,525300,0.0,0.0
2009-09-14 00:00:00-04:00,2.759999990463257,2.8499999046325684,2.7300000190734863,2.8499999046325684,281000,0.0,0.0
2009-09-15 00:00:00-04:00,2.8499999046325684,2.869999885559082,2.75,2.819999933242798,956300,0.0,0.0
2009-09-16 00:00:00-04:00,2.819999933242798,2.8499999046325684,2.6700000762939453,2.75,2389600,0.0,0.0
2009-09-17 00:00:00-04:00,2.700000047683716,2.7300000190734863,2.680000066757202,2.700000047683716,904300,0.0,0.0
2009-09-18 00:00:00-04:00,2.7100000381469727,2.7300000190734863,2.680000066757202,2.690000057220459,516800,0.0,0.0
2009-09-21 00:00:00-04:00,2.6500000953674316,2.680000066757202,2.5999999046325684,2.630000114440918,385400,0.0,0.0
2009-09-22 00:00:00-04:00,2.640000104904175,2.690000057220459,2.5899999141693115,2.5899999141693115,791000,0.0,0.0
2009-09-23 00:00:00-04:00,2.5899999141693115,2.640000104904175,2.5,2.5999999046325684,868500,0.0,0.0
2009-09-24 00:00:00-04:00,2.5999999046325684,2.609999895095825,2.25,2.450000047683716,1857600,0.0,0.0
2009-09-25 00:00:00-04:00,2.440000057220459,2.450000047683716,2.2899999618530273,2.450000047683716,943500,0.0,0.0
2009-09-28 00:00:00-04:00,2.4700000286102295,2.569999933242798,2.4100000858306885,2.569999933242798,1387900,0.0,0.0
2009-09-29 00:00:00-04:00,2.5799999237060547,2.6500000953674316,2.569999933242798,2.609999895095825,705500,0.0,0.0
2009-09-30 00:00:00-04:00,2.619999885559082,2.6600000858306885,2.549999952316284,2.6600000858306885,683300,0.0,0.0
2009-10-01 00:00:00-04:00,2.640000104904175,2.6500000953674316,2.5199999809265137,2.5299999713897705,672300,0.0,0.0
2009-10-02 00:00:00-04:00,2.490000009536743,2.5999999046325684,2.4700000286102295,2.490000009536743,653700,0.0,0.0
2009-10-05 00:00:00-04:00,2.5,2.690000057220459,2.490000009536743,2.680000066757202,882600,0.0,0.0
2009-10-06 00:00:00-04:00,2.690000057220459,2.859999895095825,2.6600000858306885,2.8299999237060547,1068500,0.0,0.0
2009-10-07 00:00:00-04:00,2.8299999237060547,2.9600000381469727,2.7899999618530273,2.9200000762939453,700600,0.0,0.0
2009-10-08 00:00:00-04:00,2.890000104904175,3.0199999809265137,2.809999942779541,2.809999942779541,1684700,0.0,0.0
2009-10-09 00:00:00-04:00,2.799999952316284,2.880000114440918,2.759999990463257,2.8399999141693115,617100,0.0,0.0
2009-10-12 00:00:00-04:00,2.8399999141693115,2.880000114440918,2.700000047683716,2.7799999713897705,312300,0.0,0.0
2009-10-13 00:00:00-04:00,2.7799999713897705,2.7899999618530273,2.75,2.7799999713897705,531600,0.0,0.0
2009-10-14 00:00:00-04:00,2.799999952316284,2.819999933242798,2.700000047683716,2.7899999618530273,863400,0.0,0.0
2009-10-15 00:00:00-04:00,2.759999990463257,2.799999952316284,2.759999990463257,2.7799999713897705,252500,0.0,0.0
2009-10-16 00:00:00-04:00,2.759999990463257,2.7899999618530273,2.700000047683716,2.700000047683716,396600,0.0,0.0
2009-10-19 00:00:00-04:00,2.7200000286102295,2.799999952316284,2.6700000762939453,2.7100000381469727,499700,0.0,0.0
2009-10-20 00:00:00-04:00,2.7100000381469727,2.7300000190734863,2.680000066757202,2.700000047683716,473600,0.0,0.0
2009-10-21 00:00:00-04:00,2.690000057220459,2.7200000286102295,2.5899999141693115,2.5999999046325684,554000,0.0,0.0
2009-10-22 00:00:00-04:00,2.5999999046325684,2.7100000381469727,2.569999933242798,2.680000066757202,585800,0.0,0.0
2009-10-23 00:00:00-04:00,2.700000047683716,2.7100000381469727,2.640000104904175,2.6500000953674316,861900,0.0,0.0
2009-10-26 00:00:00-04:00,2.6600000858306885,2.680000066757202,2.630000114440918,2.630000114440918,510700,0.0,0.0
2009-10-27 00:00:00-04:00,2.6500000953674316,2.680000066757202,2.630000114440918,2.630000114440918,463600,0.0,0.0
2009-10-28 00:00:00-04:00,2.630000114440918,2.630000114440918,2.5,2.5,595000,0.0,0.0
2009-10-29 00:00:00-04:00,2.5199999809265137,2.7100000381469727,2.509999990463257,2.6600000858306885,1002300,0.0,0.0
2009-10-30 00:00:00-04:00,2.4600000381469727,2.549999952316284,2.200000047683716,2.200000047683716,2637900,0.0,0.0
2009-11-02 00:00:00-05:00,2.2699999809265137,2.2899999618530273,2.140000104904175,2.1600000858306885,1762300,0.0,0.0
2009-11-03 00:00:00-05:00,2.1500000953674316,2.2200000286102295,2.140000104904175,2.2100000381469727,1974600,0.0,0.0
2009-11-04 00:00:00-05:00,2.2200000286102295,2.2899999618530273,2.2200000286102295,2.259999990463257,886600,0.0,0.0
2009-11-05 00:00:00-05:00,2.2699999809265137,2.3299999237060547,2.2699999809265137,2.299999952316284,538600,0.0,0.0
2009-11-06 00:00:00-05:00,2.259999990463257,2.299999952316284,2.2300000190734863,2.2899999618530273,263400,0.0,0.0
2009-11-09 00:00:00-05:00,2.299999952316284,2.299999952316284,2.2699999809265137,2.2899999618530273,238200,0.0,0.0
2009-11-10 00:00:00-05:00,2.2799999713897705,2.319999933242798,2.25,2.2699999809265137,252900,0.0,0.0
2009-11-11 00:00:00-05:00,2.2899999618530273,2.319999933242798,2.25,2.299999952316284,531300,0.0,0.0
2009-11-12 00:00:00-05:00,2.299999952316284,2.390000104904175,2.2300000190734863,2.2300000190734863,414500,0.0,0.0
2009-11-13 00:00:00-05:00,2.2300000190734863,2.309999942779541,2.2100000381469727,2.240000009536743,355300,0.0,0.0
2009-11-16 00:00:00-05:00,2.2699999809265137,2.3499999046325684,2.2699999809265137,2.3299999237060547,365800,0.0,0.0
2009-11-17 00:00:00-05:00,2.309999942779541,2.4000000953674316,2.309999942779541,2.4000000953674316,465300,0.0,0.0
2009-11-18 00:00:00-05:00,2.390000104904175,2.4000000953674316,2.3299999237060547,2.3499999046325684,482300,0.0,0.0
2009-11-19 00:00:00-05:00,2.319999933242798,2.390000104904175,2.299999952316284,2.299999952316284,266400,0.0,0.0
2009-11-20 00:00:00-05:00,2.2899999618530273,2.319999933242798,2.180000066757202,2.190000057220459,1023600,0.0,0.0
2009-11-23 00:00:00-05:00,2.2200000286102295,2.2899999618530273,2.1600000858306885,2.2699999809265137,1178600,0.0,0.0
2009-11-24 00:00:00-05:00,2.2699999809265137,2.2799999713897705,2.180000066757202,2.2100000381469727,538400,0.0,0.0
2009-11-25 00:00:00-05:00,2.25,2.2799999713897705,2.200000047683716,2.259999990463257,476900,0.0,0.0
2009-11-27 00:00:00-05:00,2.180000066757202,2.2300000190734863,2.1600000858306885,2.1600000858306885,272800,0.0,0.0
2009-11-30 00:00:00-05:00,2.1700000762939453,2.299999952316284,2.1600000858306885,2.2899999618530273,644000,0.0,0.0
2009-12-01 00:00:00-05:00,2.299999952316284,2.309999942779541,2.2200000286102295,2.2799999713897705,738800,0.0,0.0
2009-12-02 00:00:00-05:00,2.2899999618530273,2.3399999141693115,2.240000009536743,2.3399999141693115,431900,0.0,0.0
2009-12-03 00:00:00-05:00,2.3499999046325684,2.440000057220459,2.299999952316284,2.4100000858306885,764400,0.0,0.0
2009-12-04 00:00:00-05:00,2.440000057220459,2.509999990463257,2.369999885559082,2.509999990463257,451600,0.0,0.0
2009-12-07 00:00:00-05:00,2.5199999809265137,2.559999942779541,2.5,2.559999942779541,681200,0.0,0.0
2009-12-08 00:00:00-05:00,2.549999952316284,2.569999933242798,2.440000057220459,2.4800000190734863,452200,0.0,0.0
2009-12-09 00:00:00-05:00,2.4700000286102295,2.4800000190734863,2.4200000762939453,2.4600000381469727,501300,0.0,0.0
2009-12-10 00:00:00-05:00,2.4600000381469727,2.490000009536743,2.369999885559082,2.4200000762939453,702000,0.0,0.0
2009-12-11 00:00:00-05:00,2.430000066757202,2.4800000190734863,2.4200000762939453,2.440000057220459,156400,0.0,0.0
2009-12-14 00:00:00-05:00,2.4700000286102295,2.4700000286102295,2.4200000762939453,2.450000047683716,142900,0.0,0.0
2009-12-15 00:00:00-05:00,2.430000066757202,2.4600000381469727,2.4200000762939453,2.430000066757202,332100,0.0,0.0
2009-12-16 00:00:00-05:00,2.450000047683716,2.4800000190734863,2.4000000953674316,2.450000047683716,486800,0.0,0.0
2009-12-17 00:00:00-05:00,2.430000066757202,2.4600000381469727,2.4000000953674316,2.4200000762939453,302600,0.0,0.0
2009-12-18 00:00:00-05:00,2.450000047683716,2.450000047683716,2.4000000953674316,2.440000057220459,699400,0.0,0.0
2009-12-21 00:00:00-05:00,2.3499999046325684,2.390000104904175,2.259999990463257,2.299999952316284,1521500,0.0,0.0
2009-12-22 00:00:00-05:00,2.309999942779541,2.359999895095825,2.259999990463257,2.2899999618530273,6329000,0.0,0.0
2009-12-23 00:00:00-05:00,2.299999952316284,2.299999952316284,2.259999990463257,2.2799999713897705,1687800,0.0,0.0
2009-12-24 00:00:00-05:00,2.2899999618530273,2.2899999618530273,2.2699999809265137,2.2699999809265137,147300,0.0,0.0
2009-12-28 00:00:00-05:00,2.2699999809265137,2.2799999713897705,2.200000047683716,2.2300000190734863,1227100,0.0,0.0
2009-12-29 00:00:00-05:00,2.2300000190734863,2.240000009536743,2.1700000762939453,2.2100000381469727,1267300,0.0,0.0
2009-12-30 00:00:00-05:00,2.200000047683716,2.2300000190734863,2.190000057220459,2.2100000381469727,512600,0.0,0.0
2009-12-31 00:00:00-05:00,2.2200000286102295,2.2200000286102295,2.1600000858306885,2.190000057220459,1171500,0.0,0.0
2010-01-04 00:00:00-05:00,2.2200000286102295,2.2699999809265137,2.1700000762939453,2.25,640700,0.0,0.0
2010-01-05 00:00:00-05:00,2.240000009536743,2.240000009536743,2.200000047683716,2.2300000190734863,480000,0.0,0.0
2010-01-06 00:00:00-05:00,2.240000009536743,2.25,2.200000047683716,2.2300000190734863,744200,0.0,0.0
2010-01-07 00:00:00-05:00,2.240000009536743,2.2899999618530273,2.2100000381469727,2.2899999618530273,967200,0.0,0.0
2010-01-08 00:00:00-05:00,2.2899999618530273,2.3299999237060547,2.259999990463257,2.319999933242798,473700,0.0,0.0
2010-01-11 00:00:00-05:00,2.3299999237060547,2.3299999237060547,2.25,2.3299999237060547,389200,0.0,0.0
2010-01-12 00:00:00-05:00,2.319999933242798,2.3399999141693115,2.2899999618530273,2.309999942779541,482600,0.0,0.0
2010-01-13 00:00:00-05:00,2.309999942779541,2.3299999237060547,2.299999952316284,2.309999942779541,1115900,0.0,0.0
2010-01-14 00:00:00-05:00,2.319999933242798,2.3499999046325684,2.309999942779541,2.3399999141693115,495000,0.0,0.0
2010-01-15 00:00:00-05:00,2.359999895095825,2.359999895095825,2.299999952316284,2.309999942779541,466000,0.0,0.0
2010-01-19 00:00:00-05:00,2.319999933242798,2.3499999046325684,2.319999933242798,2.3499999046325684,361500,0.0,0.0
2010-01-20 00:00:00-05:00,2.319999933242798,2.380000114440918,2.319999933242798,2.369999885559082,342800,0.0,0.0
2010-01-21 00:00:00-05:00,2.380000114440918,2.390000104904175,2.299999952316284,2.299999952316284,740400,0.0,0.0
2010-01-22 00:00:00-05:00,2.309999942779541,2.5399999618530273,2.309999942779541,2.440000057220459,928500,0.0,0.0
2010-01-25 00:00:00-05:00,2.4700000286102295,2.4700000286102295,2.369999885559082,2.440000057220459,510200,0.0,0.0
2010-01-26 00:00:00-05:00,2.440000057220459,2.440000057220459,2.3499999046325684,2.359999895095825,264200,0.0,0.0
2010-01-27 00:00:00-05:00,2.3499999046325684,2.440000057220459,2.3499999046325684,2.390000104904175,255200,0.0,0.0
2010-01-28 00:00:00-05:00,2.390000104904175,2.390000104904175,2.2899999618530273,2.3299999237060547,626400,0.0,0.0
2010-01-29 00:00:00-05:00,2.3399999141693115,2.4800000190734863,2.3399999141693115,2.4200000762939453,802800,0.0,0.0
2010-02-01 00:00:00-05:00,2.5,2.5299999713897705,2.450000047683716,2.4600000381469727,1208100,0.0,0.0
2010-02-02 00:00:00-05:00,2.4800000190734863,2.6700000762939453,2.4800000190734863,2.559999942779541,1885900,0.0,0.0
2010-02-03 00:00:00-05:00,2.559999942779541,2.6500000953674316,2.549999952316284,2.549999952316284,1093700,0.0,0.0
2010-02-04 00:00:00-05:00,2.5399999618530273,2.5799999237060547,2.4000000953674316,2.4000000953674316,695700,0.0,0.0
2010-02-05 00:00:00-05:00,2.4100000858306885,2.549999952316284,2.4000000953674316,2.5399999618530273,661300,0.0,0.0
2010-02-08 00:00:00-05:00,2.5999999046325684,2.5999999046325684,2.5,2.5199999809265137,441500,0.0,0.0
2010-02-09 00:00:00-05:00,2.569999933242798,2.5999999046325684,2.4700000286102295,2.549999952316284,465600,0.0,0.0
2010-02-10 00:00:00-05:00,2.549999952316284,2.559999942779541,2.450000047683716,2.4800000190734863,319300,0.0,0.0
2010-02-11 00:00:00-05:00,2.4800000190734863,2.4800000190734863,2.390000104904175,2.4800000190734863,639200,0.0,0.0
2010-02-12 00:00:00-05:00,2.450000047683716,2.490000009536743,2.4100000858306885,2.4700000286102295,565400,0.0,0.0
2010-02-16 00:00:00-05:00,2.5,2.569999933242798,2.4100000858306885,2.559999942779541,714400,0.0,0.0
2010-02-17 00:00:00-05:00,2.559999942779541,2.5799999237060547,2.5,2.5399999618530273,542200,0.0,0.0
2010-02-18 00:00:00-05:00,2.440000057220459,2.5999999046325684,2.440000057220459,2.5999999046325684,806900,0.0,0.0
2010-02-19 00:00:00-05:00,2.5999999046325684,2.7300000190734863,2.5399999618530273,2.7100000381469727,985800,0.0,0.0
2010-02-22 00:00:00-05:00,2.7300000190734863,2.799999952316284,2.690000057220459,2.799999952316284,858200,0.0,0.0
2010-02-23 00:00:00-05:00,2.799999952316284,2.819999933242798,2.7300000190734863,2.7300000190734863,577400,0.0,0.0
2010-02-24 00:00:00-05:00,2.7200000286102295,2.740000009536743,2.680000066757202,2.7200000286102295,352500,0.0,0.0
2010-02-25 00:00:00-05:00,2.6700000762939453,2.819999933242798,2.6700000762939453,2.809999942779541,855300,0.0,0.0
2010-02-26 00:00:00-05:00,2.819999933242798,2.819999933242798,2.700000047683716,2.75,616300,0.0,0.0
2010-03-01 00:00:00-05:00,2.7799999713897705,2.7799999713897705,2.680000066757202,2.700000047683716,422400,0.0,0.0
2010-03-02 00:00:00-05:00,2.740000009536743,2.950000047683716,2.740000009536743,2.8299999237060547,1976100,0.0,0.0
2010-03-03 00:00:00-05:00,2.8299999237060547,2.950000047683716,2.7699999809265137,2.9200000762939453,1091900,0.0,0.0
2010-03-04 00:00:00-05:00,2.940000057220459,2.9600000381469727,2.859999895095825,2.9100000858306885,798700,0.0,0.0
2010-03-05 00:00:00-05:00,2.9100000858306885,3.049999952316284,2.9000000953674316,3.049999952316284,1417800,0.0,0.0
2010-03-08 00:00:00-05:00,3.049999952316284,3.0899999141693115,2.9100000858306885,2.9200000762939453,1314400,0.0,0.0
2010-03-09 00:00:00-05:00,2.9000000953674316,3.0299999713897705,2.9000000953674316,2.930000066757202,988900,0.0,0.0
2010-03-10 00:00:00-05:00,2.9200000762939453,3.180000066757202,2.9200000762939453,2.9700000286102295,1885900,0.0,0.0
2010-03-11 00:00:00-05:00,2.9600000381469727,3.0299999713897705,2.9600000381469727,3.0299999713897705,616400,0.0,0.0
2010-03-12 00:00:00-05:00,3.049999952316284,3.180000066757202,3.0299999713897705,3.130000114440918,1287600,0.0,0.0
2010-03-15 00:00:00-04:00,3.1500000953674316,3.2799999713897705,3.0899999141693115,3.130000114440918,2489700,0.0,0.0
2010-03-16 00:00:00-04:00,3.1500000953674316,3.190000057220459,3.0899999141693115,3.109999895095825,1363400,0.0,0.0
2010-03-17 00:00:00-04:00,3.1500000953674316,3.4800000190734863,3.1500000953674316,3.2899999618530273,5877700,0.0,0.0
2010-03-18 00:00:00-04:00,3.5,3.799999952316284,3.5,3.640000104904175,3881600,0.0,0.0
2010-03-19 00:00:00-04:00,3.690000057220459,3.7100000381469727,3.559999942779541,3.6700000762939453,2749000,0.0,0.0
2010-03-22 00:00:00-04:00,3.690000057220459,3.7200000286102295,3.549999952316284,3.6500000953674316,1956100,0.0,0.0
2010-03-23 00:00:00-04:00,3.6500000953674316,3.7899999618530273,3.640000104904175,3.7799999713897705,1503100,0.0,0.0
2010-03-24 00:00:00-04:00,3.75,3.8399999141693115,3.7100000381469727,3.7300000190734863,1069600,0.0,0.0
2010-03-25 00:00:00-04:00,3.7799999713897705,3.8499999046325684,3.700000047683716,3.7699999809265137,1264900,0.0,0.0
2010-03-26 00:00:00-04:00,3.819999933242798,3.8399999141693115,3.740000009536743,3.7799999713897705,909700,0.0,0.0
2010-03-29 00:00:00-04:00,3.819999933242798,3.950000047683716,3.7899999618530273,3.950000047683716,1352100,0.0,0.0
2010-03-30 00:00:00-04:00,3.9800000190734863,3.990000009536743,3.8399999141693115,3.8499999046325684,984900,0.0,0.0
2010-03-31 00:00:00-04:00,3.819999933242798,3.9200000762939453,3.819999933242798,3.8499999046325684,864900,0.0,0.0
2010-04-01 00:00:00-04:00,3.8399999141693115,3.890000104904175,3.7899999618530273,3.7899999618530273,1222000,0.0,0.0
2010-04-05 00:00:00-04:00,3.7899999618530273,3.890000104904175,3.7699999809265137,3.799999952316284,1246700,0.0,0.0
2010-04-06 00:00:00-04:00,3.799999952316284,3.990000009536743,3.799999952316284,3.950000047683716,1200400,0.0,0.0
2010-04-07 00:00:00-04:00,3.9200000762939453,3.950000047683716,3.799999952316284,3.819999933242798,1060600,0.0,0.0
2010-04-08 00:00:00-04:00,3.819999933242798,3.9000000953674316,3.809999942779541,3.9000000953674316,604700,0.0,0.0
2010-04-09 00:00:00-04:00,3.9100000858306885,3.9100000858306885,3.8399999141693115,3.890000104904175,1670700,0.0,0.0
2010-04-12 00:00:00-04:00,3.9000000953674316,3.9700000286102295,3.869999885559082,3.9100000858306885,1516300,0.0,0.0
2010-04-13 00:00:00-04:00,3.9200000762939453,3.9200000762939453,3.869999885559082,3.890000104904175,1029000,0.0,0.0
2010-04-14 00:00:00-04:00,3.890000104904175,3.9000000953674316,3.869999885559082,3.9000000953674316,1214300,0.0,0.0
2010-04-15 00:00:00-04:00,3.880000114440918,3.9200000762939453,3.8299999237060547,3.8299999237060547,723800,0.0,0.0
2010-04-16 00:00:00-04:00,3.8299999237060547,3.859999895095825,3.640000104904175,3.6600000858306885,1290100,0.0,0.0
2010-04-19 00:00:00-04:00,3.630000114440918,3.7799999713897705,3.630000114440918,3.75,1489800,0.0,0.0
2010-04-20 00:00:00-04:00,3.759999990463257,3.8499999046325684,3.7300000190734863,3.809999942779541,398300,0.0,0.0
2010-04-21 00:00:00-04:00,3.8299999237060547,3.8499999046325684,3.7100000381469727,3.809999942779541,650500,0.0,0.0
2010-04-22 00:00:00-04:00,3.680000066757202,3.8299999237060547,3.6500000953674316,3.7799999713897705,607100,0.0,0.0
2010-04-23 00:00:00-04:00,3.7699999809265137,3.799999952316284,3.740000009536743,3.7899999618530273,904700,0.0,0.0
2010-04-26 00:00:00-04:00,3.7699999809265137,3.799999952316284,3.75,3.7699999809265137,1000700,0.0,0.0
2010-04-27 00:00:00-04:00,3.75,3.7799999713897705,3.6700000762939453,3.700000047683716,581800,0.0,0.0
2010-04-28 00:00:00-04:00,3.7200000286102295,3.740000009536743,3.4800000190734863,3.5299999713897705,1563500,0.0,0.0
2010-04-29 00:00:00-04:00,3.549999952316284,3.5899999141693115,3.4600000381469727,3.490000009536743,1147500,0.0,0.0
2010-04-30 00:00:00-04:00,3.4600000381469727,3.5399999618530273,3.319999933242798,3.3299999237060547,1155500,0.0,0.0
2010-05-03 00:00:00-04:00,3.319999933242798,3.490000009536743,3.25,3.450000047683716,760900,0.0,0.0
2010-05-04 00:00:00-04:00,3.4000000953674316,3.4000000953674316,3.25,3.259999990463257,726300,0.0,0.0
2010-05-05 00:00:00-04:00,3.25,3.359999895095825,3.25,3.309999942779541,1098300,0.0,0.0
2010-05-06 00:00:00-04:00,3.2799999713897705,3.319999933242798,3.2200000286102295,3.25,1227700,0.0,0.0
2010-05-07 00:00:00-04:00,3.2300000190734863,3.2899999618530273,3.0799999237060547,3.2300000190734863,1857900,0.0,0.0
2010-05-10 00:00:00-04:00,3.5,3.549999952316284,3.369999885559082,3.5,1251600,0.0,0.0
2010-05-11 00:00:00-04:00,3.6600000858306885,3.700000047683716,3.5799999237060547,3.5899999141693115,1059300,0.0,0.0
2010-05-12 00:00:00-04:00,3.5899999141693115,3.5899999141693115,3.4700000286102295,3.5,1215200,0.0,0.0
2010-05-13 00:00:00-04:00,3.490000009536743,3.509999990463257,3.4700000286102295,3.490000009536743,445400,0.0,0.0
2010-05-14 00:00:00-04:00,3.450000047683716,3.4600000381469727,3.319999933242798,3.3399999141693115,649400,0.0,0.0
2010-05-17 00:00:00-04:00,3.390000104904175,3.4000000953674316,3.309999942779541,3.369999885559082,635200,0.0,0.0
2010-05-18 00:00:00-04:00,3.390000104904175,3.5199999809265137,3.390000104904175,3.390000104904175,891100,0.0,0.0
2010-05-19 00:00:00-04:00,3.369999885559082,3.430000066757202,2.930000066757202,2.940000057220459,2854600,0.0,0.0
2010-05-20 00:00:00-04:00,2.9000000953674316,2.990000009536743,2.799999952316284,2.9600000381469727,1765600,0.0,0.0
2010-05-21 00:00:00-04:00,2.890000104904175,3.180000066757202,2.890000104904175,3.069999933242798,1839500,0.0,0.0
2010-05-24 00:00:00-04:00,3.0799999237060547,3.1600000858306885,2.9800000190734863,3.0399999618530273,3221500,0.0,0.0
2010-05-25 00:00:00-04:00,2.950000047683716,3.059999942779541,2.9100000858306885,3.049999952316284,1367100,0.0,0.0
2010-05-26 00:00:00-04:00,3.059999942779541,3.109999895095825,3.0399999618530273,3.069999933242798,1121800,0.0,0.0
2010-05-27 00:00:00-04:00,3.119999885559082,3.1600000858306885,3.0799999237060547,3.109999895095825,765800,0.0,0.0
2010-05-28 00:00:00-04:00,3.0999999046325684,3.200000047683716,3.059999942779541,3.1600000858306885,489000,0.0,0.0
2010-06-01 00:00:00-04:00,3.119999885559082,3.1600000858306885,3.0299999713897705,3.0299999713897705,765300,0.0,0.0
2010-06-02 00:00:00-04:00,3.0299999713897705,3.0999999046325684,2.990000009536743,3.0,737400,0.0,0.0
2010-06-03 00:00:00-04:00,2.990000009536743,3.0299999713897705,2.9700000286102295,2.990000009536743,585800,0.0,0.0
2010-06-04 00:00:00-04:00,2.930000066757202,2.990000009536743,2.819999933242798,2.8499999046325684,840400,0.0,0.0
2010-06-07 00:00:00-04:00,2.8499999046325684,2.9200000762939453,2.7200000286102295,2.7200000286102295,686800,0.0,0.0
2010-06-08 00:00:00-04:00,2.7200000286102295,2.799999952316284,2.5799999237060547,2.6500000953674316,969500,0.0,0.0
2010-06-09 00:00:00-04:00,2.7799999713897705,3.009999990463257,2.7300000190734863,2.740000009536743,2080800,0.0,0.0
2010-06-10 00:00:00-04:00,2.799999952316284,2.880000114440918,2.759999990463257,2.819999933242798,957900,0.0,0.0
2010-06-11 00:00:00-04:00,2.7899999618530273,2.7899999618530273,2.7300000190734863,2.75,682600,0.0,0.0
2010-06-14 00:00:00-04:00,2.7899999618530273,2.930000066757202,2.759999990463257,2.7699999809265137,996000,0.0,0.0
2010-06-15 00:00:00-04:00,2.809999942779541,2.8499999046325684,2.740000009536743,2.7899999618530273,964800,0.0,0.0
2010-06-16 00:00:00-04:00,2.759999990463257,2.7899999618530273,2.690000057220459,2.7300000190734863,810300,0.0,0.0
2010-06-17 00:00:00-04:00,2.75,2.819999933242798,2.7200000286102295,2.799999952316284,529600,0.0,0.0
2010-06-18 00:00:00-04:00,2.819999933242798,2.8299999237060547,2.759999990463257,2.799999952316284,578700,0.0,0.0
2010-06-21 00:00:00-04:00,2.8399999141693115,2.8399999141693115,2.740000009536743,2.75,599500,0.0,0.0
2010-06-22 00:00:00-04:00,2.75,2.7899999618530273,2.6600000858306885,2.6600000858306885,662100,0.0,0.0
2010-06-23 00:00:00-04:00,2.609999895095825,2.759999990463257,2.609999895095825,2.740000009536743,793600,0.0,0.0
2010-06-24 00:00:00-04:00,2.7300000190734863,2.75,2.6500000953674316,2.6600000858306885,391200,0.0,0.0
2010-06-25 00:00:00-04:00,2.680000066757202,2.7300000190734863,2.619999885559082,2.700000047683716,804000,0.0,0.0
2010-06-28 00:00:00-04:00,2.700000047683716,2.7300000190734863,2.630000114440918,2.6700000762939453,331800,0.0,0.0
2010-06-29 00:00:00-04:00,2.630000114440918,2.6500000953674316,2.450000047683716,2.4600000381469727,879700,0.0,0.0
2010-06-30 00:00:00-04:00,2.4700000286102295,2.609999895095825,2.4700000286102295,2.5999999046325684,638100,0.0,0.0
2010-07-01 00:00:00-04:00,2.5899999141693115,2.5899999141693115,2.430000066757202,2.509999990463257,607000,0.0,0.0
2010-07-02 00:00:00-04:00,2.5399999618530273,2.559999942779541,2.440000057220459,2.4600000381469727,499200,0.0,0.0
2010-07-06 00:00:00-04:00,2.509999990463257,2.509999990463257,2.3299999237060547,2.3499999046325684,830700,0.0,0.0
2010-07-07 00:00:00-04:00,2.369999885559082,2.390000104904175,2.3399999141693115,2.380000114440918,726100,0.0,0.0
2010-07-08 00:00:00-04:00,2.390000104904175,2.490000009536743,2.3499999046325684,2.4800000190734863,1083500,0.0,0.0
2010-07-09 00:00:00-04:00,2.4800000190734863,2.609999895095825,2.4600000381469727,2.609999895095825,608500,0.0,0.0
2010-07-12 00:00:00-04:00,2.609999895095825,2.609999895095825,2.5,2.5299999713897705,422700,0.0,0.0
2010-07-13 00:00:00-04:00,2.559999942779541,2.7100000381469727,2.5399999618530273,2.700000047683716,867600,0.0,0.0
2010-07-14 00:00:00-04:00,2.680000066757202,2.759999990463257,2.609999895095825,2.690000057220459,697600,0.0,0.0
2010-07-15 00:00:00-04:00,2.700000047683716,2.7200000286102295,2.569999933242798,2.6500000953674316,413100,0.0,0.0
2010-07-16 00:00:00-04:00,2.619999885559082,2.640000104904175,2.5299999713897705,2.5399999618530273,418700,0.0,0.0
2010-07-19 00:00:00-04:00,2.559999942779541,2.619999885559082,2.5399999618530273,2.549999952316284,143300,0.0,0.0
2010-07-20 00:00:00-04:00,2.5199999809265137,2.569999933242798,2.450000047683716,2.569999933242798,520500,0.0,0.0
2010-07-21 00:00:00-04:00,2.569999933242798,2.5899999141693115,2.5199999809265137,2.5299999713897705,320000,0.0,0.0
2010-07-22 00:00:00-04:00,2.559999942779541,2.630000114440918,2.509999990463257,2.619999885559082,666200,0.0,0.0
2010-07-23 00:00:00-04:00,2.5999999046325684,2.690000057220459,2.5999999046325684,2.6600000858306885,361900,0.0,0.0
2010-07-26 00:00:00-04:00,2.630000114440918,2.7699999809265137,2.630000114440918,2.75,430200,0.0,0.0
2010-07-27 00:00:00-04:00,2.7799999713897705,2.7799999713897705,2.609999895095825,2.6700000762939453,499100,0.0,0.0
2010-07-28 00:00:00-04:00,2.6600000858306885,2.7100000381469727,2.619999885559082,2.619999885559082,266700,0.0,0.0
2010-07-29 00:00:00-04:00,2.6500000953674316,2.7100000381469727,2.569999933242798,2.640000104904175,272000,0.0,0.0
2010-07-30 00:00:00-04:00,2.5999999046325684,2.700000047683716,2.5799999237060547,2.680000066757202,321000,0.0,0.0
2010-08-02 00:00:00-04:00,2.7300000190734863,2.7699999809265137,2.6600000858306885,2.700000047683716,678000,0.0,0.0
2010-08-03 00:00:00-04:00,2.700000047683716,2.7200000286102295,2.630000114440918,2.6600000858306885,826400,0.0,0.0
2010-08-04 00:00:00-04:00,2.569999933242798,2.6500000953674316,2.5299999713897705,2.619999885559082,1630400,0.0,0.0
2010-08-05 00:00:00-04:00,2.619999885559082,2.6600000858306885,2.569999933242798,2.609999895095825,859200,0.0,0.0
2010-08-06 00:00:00-04:00,2.5799999237060547,2.6500000953674316,2.5799999237060547,2.630000114440918,700600,0.0,0.0
2010-08-09 00:00:00-04:00,2.6500000953674316,2.6700000762939453,2.619999885559082,2.6700000762939453,574200,0.0,0.0
2010-08-10 00:00:00-04:00,2.630000114440918,2.6500000953674316,2.5899999141693115,2.5999999046325684,549700,0.0,0.0
2010-08-11 00:00:00-04:00,2.549999952316284,2.619999885559082,2.440000057220459,2.5199999809265137,1471700,0.0,0.0
2010-08-12 00:00:00-04:00,2.4800000190734863,2.5,2.369999885559082,2.4100000858306885,626500,0.0,0.0
2010-08-13 00:00:00-04:00,2.4100000858306885,2.450000047683716,2.369999885559082,2.380000114440918,359800,0.0,0.0
2010-08-16 00:00:00-04:00,2.369999885559082,2.4200000762939453,2.369999885559082,2.4100000858306885,459200,0.0,0.0
2010-08-17 00:00:00-04:00,2.430000066757202,2.4700000286102295,2.4100000858306885,2.4200000762939453,454100,0.0,0.0
2010-08-18 00:00:00-04:00,2.4100000858306885,2.4800000190734863,2.380000114440918,2.4700000286102295,431700,0.0,0.0
2010-08-19 00:00:00-04:00,2.450000047683716,2.509999990463257,2.3499999046325684,2.5,1339500,0.0,0.0
2010-08-20 00:00:00-04:00,2.4800000190734863,2.4800000190734863,2.369999885559082,2.390000104904175,625000,0.0,0.0
2010-08-23 00:00:00-04:00,2.4100000858306885,2.450000047683716,2.3399999141693115,2.3499999046325684,357200,0.0,0.0
2010-08-24 00:00:00-04:00,2.3399999141693115,2.380000114440918,2.299999952316284,2.319999933242798,425300,0.0,0.0
2010-08-25 00:00:00-04:00,2.299999952316284,2.380000114440918,2.2899999618530273,2.3399999141693115,924600,0.0,0.0
2010-08-26 00:00:00-04:00,2.3399999141693115,2.4100000858306885,2.319999933242798,2.380000114440918,1001400,0.0,0.0
2010-08-27 00:00:00-04:00,2.4000000953674316,2.490000009536743,2.369999885559082,2.490000009536743,335200,0.0,0.0
2010-08-30 00:00:00-04:00,2.4800000190734863,2.4800000190734863,2.380000114440918,2.390000104904175,339200,0.0,0.0
2010-08-31 00:00:00-04:00,2.4000000953674316,2.4000000953674316,2.359999895095825,2.380000114440918,362500,0.0,0.0
2010-09-01 00:00:00-04:00,2.430000066757202,2.7200000286102295,2.4100000858306885,2.640000104904175,1552500,0.0,0.0
2010-09-02 00:00:00-04:00,2.630000114440918,2.740000009536743,2.619999885559082,2.7300000190734863,803900,0.0,0.0
2010-09-03 00:00:00-04:00,2.7699999809265137,2.9800000190734863,2.759999990463257,2.9100000858306885,1986400,0.0,0.0
2010-09-07 00:00:00-04:00,2.859999895095825,2.880000114440918,2.6700000762939453,2.690000057220459,826100,0.0,0.0
2010-09-08 00:00:00-04:00,2.700000047683716,2.859999895095825,2.5999999046325684,2.700000047683716,650300,0.0,0.0
2010-09-09 00:00:00-04:00,2.7100000381469727,2.799999952316284,2.630000114440918,2.680000066757202,442600,0.0,0.0
2010-09-10 00:00:00-04:00,2.700000047683716,2.7899999618530273,2.690000057220459,2.759999990463257,402500,0.0,0.0
2010-09-13 00:00:00-04:00,2.7799999713897705,2.7799999713897705,2.7100000381469727,2.759999990463257,518400,0.0,0.0
2010-09-14 00:00:00-04:00,2.75,2.759999990463257,2.680000066757202,2.700000047683716,472700,0.0,0.0
2010-09-15 00:00:00-04:00,2.700000047683716,2.7200000286102295,2.640000104904175,2.6500000953674316,485000,0.0,0.0
2010-09-16 00:00:00-04:00,2.6500000953674316,2.7100000381469727,2.6500000953674316,2.6600000858306885,413500,0.0,0.0
2010-09-17 00:00:00-04:00,2.700000047683716,2.8399999141693115,2.5799999237060547,2.7300000190734863,2186900,0.0,0.0
2010-09-20 00:00:00-04:00,2.7300000190734863,2.880000114440918,2.7100000381469727,2.880000114440918,822600,0.0,0.0
2010-09-21 00:00:00-04:00,2.869999885559082,2.869999885559082,2.7200000286102295,2.7200000286102295,1310700,0.0,0.0
2010-09-22 00:00:00-04:00,2.7200000286102295,2.7699999809265137,2.640000104904175,2.7100000381469727,467800,0.0,0.0
2010-09-23 00:00:00-04:00,2.680000066757202,2.740000009536743,2.6500000953674316,2.680000066757202,1311000,0.0,0.0
2010-09-24 00:00:00-04:00,2.7200000286102295,2.8299999237060547,2.6600000858306885,2.809999942779541,1185100,0.0,0.0
2010-09-27 00:00:00-04:00,2.8299999237060547,2.880000114440918,2.799999952316284,2.8299999237060547,690400,0.0,0.0
2010-09-28 00:00:00-04:00,2.819999933242798,2.9200000762939453,2.799999952316284,2.9200000762939453,698300,0.0,0.0
2010-09-29 00:00:00-04:00,2.9200000762939453,2.930000066757202,2.759999990463257,2.9100000858306885,1042500,0.0,0.0
2010-09-30 00:00:00-04:00,2.950000047683716,3.119999885559082,2.930000066757202,3.109999895095825,1714000,0.0,0.0
2010-10-01 00:00:00-04:00,3.119999885559082,3.2100000381469727,3.0899999141693115,3.200000047683716,1782700,0.0,0.0
2010-10-04 00:00:00-04:00,3.180000066757202,3.2200000286102295,3.1500000953674316,3.1500000953674316,1136900,0.0,0.0
2010-10-05 00:00:00-04:00,3.190000057220459,3.359999895095825,3.1500000953674316,3.309999942779541,2226700,0.0,0.0
2010-10-06 00:00:00-04:00,3.299999952316284,3.299999952316284,3.0899999141693115,3.130000114440918,4341600,0.0,0.0
2010-10-07 00:00:00-04:00,3.0,3.180000066757202,3.0,3.1700000762939453,1571100,0.0,0.0
2010-10-08 00:00:00-04:00,3.140000104904175,3.25,3.0799999237060547,3.25,1197000,0.0,0.0
2010-10-11 00:00:00-04:00,3.2200000286102295,3.25,3.1700000762939453,3.2200000286102295,623700,0.0,0.0
2010-10-12 00:00:00-04:00,3.200000047683716,3.25,3.1500000953674316,3.200000047683716,704800,0.0,0.0
2010-10-13 00:00:00-04:00,3.200000047683716,3.25,3.140000104904175,3.2100000381469727,902900,0.0,0.0
2010-10-14 00:00:00-04:00,3.200000047683716,3.25,3.1600000858306885,3.2300000190734863,508900,0.0,0.0
2010-10-15 00:00:00-04:00,3.25,3.2799999713897705,3.1500000953674316,3.25,693600,0.0,0.0
2010-10-18 00:00:00-04:00,3.25,3.2799999713897705,3.200000047683716,3.25,303100,0.0,0.0
2010-10-19 00:00:00-04:00,3.200000047683716,3.240000009536743,3.119999885559082,3.140000104904175,449900,0.0,0.0
2010-10-20 00:00:00-04:00,3.1700000762939453,3.25,3.140000104904175,3.2300000190734863,380700,0.0,0.0
2010-10-21 00:00:00-04:00,3.240000009536743,3.25,3.109999895095825,3.1700000762939453,498500,0.0,0.0
2010-10-22 00:00:00-04:00,3.190000057220459,3.2200000286102295,3.1600000858306885,3.2200000286102295,286800,0.0,0.0
2010-10-25 00:00:00-04:00,3.240000009536743,3.240000009536743,3.1600000858306885,3.1700000762939453,525900,0.0,0.0
2010-10-26 00:00:00-04:00,3.1500000953674316,3.190000057220459,3.130000114440918,3.1500000953674316,457100,0.0,0.0
2010-10-27 00:00:00-04:00,3.119999885559082,3.119999885559082,3.049999952316284,3.109999895095825,444400,0.0,0.0
2010-10-28 00:00:00-04:00,3.1500000953674316,3.1500000953674316,3.0899999141693115,3.119999885559082,222500,0.0,0.0
2010-10-29 00:00:00-04:00,3.119999885559082,3.240000009536743,3.0999999046325684,3.2300000190734863,697900,0.0,0.0
2010-11-01 00:00:00-04:00,3.25,3.2899999618530273,3.190000057220459,3.2899999618530273,554000,0.0,0.0
2010-11-02 00:00:00-04:00,3.2899999618530273,3.3499999046325684,3.2100000381469727,3.3499999046325684,1020000,0.0,0.0
2010-11-03 00:00:00-04:00,3.4000000953674316,3.509999990463257,3.319999933242798,3.4100000858306885,1695800,0.0,0.0
2010-11-04 00:00:00-04:00,3.450000047683716,3.5,3.4200000762939453,3.5,882200,0.0,0.0
2010-11-05 00:00:00-04:00,3.4800000190734863,3.509999990463257,3.4600000381469727,3.490000009536743,1092600,0.0,0.0
2010-11-08 00:00:00-05:00,3.450000047683716,3.5199999809265137,3.380000114440918,3.4800000190734863,1154500,0.0,0.0
2010-11-09 00:00:00-05:00,3.5299999713897705,3.569999933242798,3.440000057220459,3.440000057220459,1975600,0.0,0.0
2010-11-10 00:00:00-05:00,3.450000047683716,3.5299999713897705,3.450000047683716,3.5,1060200,0.0,0.0
2010-11-11 00:00:00-05:00,3.4700000286102295,3.569999933242798,3.4700000286102295,3.5299999713897705,766500,0.0,0.0
2010-11-12 00:00:00-05:00,3.5,3.549999952316284,3.4700000286102295,3.509999990463257,418100,0.0,0.0
2010-11-15 00:00:00-05:00,3.5299999713897705,3.5899999141693115,3.5,3.5399999618530273,879300,0.0,0.0
2010-11-16 00:00:00-05:00,3.509999990463257,3.5399999618530273,3.4700000286102295,3.5,704400,0.0,0.0
2010-11-17 00:00:00-05:00,3.5199999809265137,3.5399999618530273,3.490000009536743,3.509999990463257,402400,0.0,0.0
2010-11-18 00:00:00-05:00,3.559999942779541,3.6600000858306885,3.5,3.609999895095825,629400,0.0,0.0
2010-11-19 00:00:00-05:00,3.609999895095825,3.609999895095825,3.5,3.5899999141693115,296000,0.0,0.0
2010-11-22 00:00:00-05:00,3.549999952316284,3.7799999713897705,3.549999952316284,3.740000009536743,925600,0.0,0.0
2010-11-23 00:00:00-05:00,3.690000057220459,3.7200000286102295,3.5999999046325684,3.609999895095825,372900,0.0,0.0
2010-11-24 00:00:00-05:00,3.6600000858306885,3.7200000286102295,3.630000114440918,3.7100000381469727,284400,0.0,0.0
2010-11-26 00:00:00-05:00,3.6700000762939453,3.7100000381469727,3.630000114440918,3.690000057220459,139000,0.0,0.0
2010-11-29 00:00:00-05:00,3.6500000953674316,3.7899999618530273,3.630000114440918,3.7799999713897705,480000,0.0,0.0
2010-11-30 00:00:00-05:00,3.700000047683716,3.75,3.609999895095825,3.6600000858306885,1120100,0.0,0.0
2010-12-01 00:00:00-05:00,3.740000009536743,3.7899999618530273,3.700000047683716,3.7100000381469727,733100,0.0,0.0
2010-12-02 00:00:00-05:00,3.640000104904175,3.75,3.5899999141693115,3.700000047683716,532300,0.0,0.0
2010-12-03 00:00:00-05:00,3.640000104904175,3.7300000190734863,3.630000114440918,3.7200000286102295,341500,0.0,0.0
2010-12-06 00:00:00-05:00,3.700000047683716,3.740000009536743,3.6700000762939453,3.7100000381469727,396100,0.0,0.0
2010-12-07 00:00:00-05:00,3.75,3.8399999141693115,3.7200000286102295,3.799999952316284,1054900,0.0,0.0
2010-12-08 00:00:00-05:00,3.799999952316284,3.809999942779541,3.7200000286102295,3.7799999713897705,499200,0.0,0.0
2010-12-09 00:00:00-05:00,3.799999952316284,3.799999952316284,3.6500000953674316,3.680000066757202,1429300,0.0,0.0
2010-12-10 00:00:00-05:00,3.690000057220459,3.7799999713897705,3.6600000858306885,3.75,723300,0.0,0.0
2010-12-13 00:00:00-05:00,3.759999990463257,3.7899999618530273,3.6500000953674316,3.6600000858306885,526400,0.0,0.0
2010-12-14 00:00:00-05:00,3.690000057220459,3.7300000190734863,3.619999885559082,3.619999885559082,533300,0.0,0.0
2010-12-15 00:00:00-05:00,3.630000114440918,3.7200000286102295,3.630000114440918,3.6700000762939453,724600,0.0,0.0
2010-12-16 00:00:00-05:00,3.6700000762939453,3.75,3.6700000762939453,3.700000047683716,881200,0.0,0.0
2010-12-17 00:00:00-05:00,3.700000047683716,3.75,3.6500000953674316,3.680000066757202,767600,0.0,0.0
2010-12-20 00:00:00-05:00,3.680000066757202,3.7200000286102295,3.5,3.549999952316284,1316100,0.0,0.0
2010-12-21 00:00:00-05:00,3.549999952316284,3.5999999046325684,3.5399999618530273,3.549999952316284,424900,0.0,0.0
2010-12-22 00:00:00-05:00,3.549999952316284,3.630000114440918,3.5,3.630000114440918,368900,0.0,0.0
2010-12-23 00:00:00-05:00,3.630000114440918,3.6500000953674316,3.5199999809265137,3.569999933242798,334700,0.0,0.0
2010-12-27 00:00:00-05:00,3.549999952316284,3.569999933242798,3.5,3.5199999809265137,277200,0.0,0.0
2010-12-28 00:00:00-05:00,3.5199999809265137,3.5199999809265137,3.4700000286102295,3.490000009536743,333900,0.0,0.0
2010-12-29 00:00:00-05:00,3.490000009536743,3.5399999618530273,3.4000000953674316,3.509999990463257,273300,0.0,0.0
2010-12-30 00:00:00-05:00,3.5199999809265137,3.5799999237060547,3.5199999809265137,3.559999942779541,295700,0.0,0.0
2010-12-31 00:00:00-05:00,3.559999942779541,3.5899999141693115,3.490000009536743,3.5799999237060547,252700,0.0,0.0
2011-01-03 00:00:00-05:00,3.619999885559082,3.640000104904175,3.559999942779541,3.640000104904175,460700,0.0,0.0
2011-01-04 00:00:00-05:00,3.6600000858306885,3.690000057220459,3.5799999237060547,3.5999999046325684,456400,0.0,0.0
2011-01-05 00:00:00-05:00,3.5899999141693115,3.5999999046325684,3.5199999809265137,3.5999999046325684,512700,0.0,0.0
2011-01-06 00:00:00-05:00,3.630000114440918,3.690000057220459,3.5399999618530273,3.5899999141693115,916600,0.0,0.0
2011-01-07 00:00:00-05:00,3.609999895095825,3.630000114440918,3.5,3.549999952316284,557300,0.0,0.0
2011-01-10 00:00:00-05:00,3.5299999713897705,3.5899999141693115,3.5,3.5799999237060547,308700,0.0,0.0
2011-01-11 00:00:00-05:00,3.5899999141693115,3.740000009536743,3.5799999237060547,3.6600000858306885,2170600,0.0,0.0
2011-01-12 00:00:00-05:00,3.690000057220459,3.75,3.680000066757202,3.75,1113000,0.0,0.0
2011-01-13 00:00:00-05:00,3.75,3.7699999809265137,3.680000066757202,3.7100000381469727,495600,0.0,0.0
2011-01-14 00:00:00-05:00,3.7200000286102295,3.759999990463257,3.680000066757202,3.7300000190734863,490300,0.0,0.0
2011-01-18 00:00:00-05:00,3.680000066757202,3.819999933242798,3.6700000762939453,3.75,521900,0.0,0.0
2011-01-19 00:00:00-05:00,3.740000009536743,3.799999952316284,3.690000057220459,3.7100000381469727,494600,0.0,0.0
2011-01-20 00:00:00-05:00,3.6700000762939453,3.75,3.5999999046325684,3.700000047683716,498300,0.0,0.0
2011-01-21 00:00:00-05:00,3.75,3.819999933242798,3.7100000381469727,3.799999952316284,775100,0.0,0.0
2011-01-24 00:00:00-05:00,3.809999942779541,3.819999933242798,3.700000047683716,3.700000047683716,547800,0.0,0.0
2011-01-25 00:00:00-05:00,3.690000057220459,3.759999990463257,3.690000057220459,3.7300000190734863,495300,0.0,0.0
2011-01-26 00:00:00-05:00,3.7300000190734863,3.7899999618530273,3.700000047683716,3.7799999713897705,695100,0.0,0.0
2011-01-27 00:00:00-05:00,3.7699999809265137,3.8499999046325684,3.759999990463257,3.7699999809265137,431500,0.0,0.0
2011-01-28 00:00:00-05:00,3.75,3.809999942779541,3.700000047683716,3.7200000286102295,676900,0.0,0.0
2011-01-31 00:00:00-05:00,3.75,3.7799999713897705,3.7100000381469727,3.7799999713897705,703100,0.0,0.0
2011-02-01 00:00:00-05:00,3.7899999618530273,3.9000000953674316,3.7200000286102295,3.890000104904175,1210700,0.0,0.0
2011-02-02 00:00:00-05:00,3.859999895095825,4.0,3.859999895095825,3.869999885559082,532900,0.0,0.0
2011-02-03 00:00:00-05:00,3.8499999046325684,4.0,3.8499999046325684,3.9800000190734863,936700,0.0,0.0
2011-02-04 00:00:00-05:00,4.0,4.079999923706055,3.9800000190734863,4.03000020980835,1051900,0.0,0.0
2011-02-07 00:00:00-05:00,4.019999980926514,4.300000190734863,3.990000009536743,4.099999904632568,2452400,0.0,0.0
2011-02-08 00:00:00-05:00,4.099999904632568,4.130000114440918,4.039999961853027,4.130000114440918,477500,0.0,0.0
2011-02-09 00:00:00-05:00,4.099999904632568,4.150000095367432,4.059999942779541,4.079999923706055,713200,0.0,0.0
2011-02-10 00:00:00-05:00,4.050000190734863,4.099999904632568,4.050000190734863,4.079999923706055,399600,0.0,0.0
2011-02-11 00:00:00-05:00,4.050000190734863,4.099999904632568,4.050000190734863,4.099999904632568,288700,0.0,0.0
2011-02-14 00:00:00-05:00,4.099999904632568,4.179999828338623,4.079999923706055,4.099999904632568,450800,0.0,0.0
2011-02-15 00:00:00-05:00,4.099999904632568,4.130000114440918,4.070000171661377,4.079999923706055,378400,0.0,0.0
2011-02-16 00:00:00-05:00,3.5999999046325684,4.179999828338623,3.490000009536743,4.039999961853027,6081500,0.0,0.0
2011-02-17 00:00:00-05:00,4.010000228881836,4.059999942779541,3.990000009536743,4.059999942779541,929700,0.0,0.0
2011-02-18 00:00:00-05:00,4.079999923706055,4.170000076293945,4.039999961853027,4.130000114440918,1121000,0.0,0.0
2011-02-22 00:00:00-05:00,4.090000152587891,4.099999904632568,3.859999895095825,3.869999885559082,1005700,0.0,0.0
2011-02-23 00:00:00-05:00,3.9000000953674316,3.9600000381469727,3.759999990463257,3.859999895095825,1382300,0.0,0.0
2011-02-24 00:00:00-05:00,3.9000000953674316,3.9200000762939453,3.8499999046325684,3.9100000858306885,534300,0.0,0.0
2011-02-25 00:00:00-05:00,3.9200000762939453,3.9700000286102295,3.9100000858306885,3.930000066757202,377600,0.0,0.0
2011-02-28 00:00:00-05:00,3.950000047683716,3.950000047683716,3.890000104904175,3.890000104904175,521200,0.0,0.0
2011-03-01 00:00:00-05:00,3.930000066757202,4.099999904632568,3.880000114440918,3.9000000953674316,775800,0.0,0.0
2011-03-02 00:00:00-05:00,3.9100000858306885,3.9800000190734863,3.8499999046325684,3.9100000858306885,748500,0.0,0.0
2011-03-03 00:00:00-05:00,3.9700000286102295,4.150000095367432,3.940000057220459,4.050000190734863,1045400,0.0,0.0
2011-03-04 00:00:00-05:00,4.059999942779541,4.150000095367432,4.059999942779541,4.119999885559082,528000,0.0,0.0
2011-03-07 00:00:00-05:00,4.119999885559082,4.179999828338623,4.03000020980835,4.050000190734863,621100,0.0,0.0
2011-03-08 00:00:00-05:00,4.050000190734863,4.159999847412109,4.03000020980835,4.130000114440918,467700,0.0,0.0
2011-03-09 00:00:00-05:00,4.099999904632568,4.179999828338623,4.059999942779541,4.119999885559082,609200,0.0,0.0
2011-03-10 00:00:00-05:00,4.059999942779541,4.170000076293945,4.019999980926514,4.070000171661377,851100,0.0,0.0
2011-03-11 00:00:00-05:00,4.019999980926514,4.079999923706055,4.010000228881836,4.039999961853027,577400,0.0,0.0
2011-03-14 00:00:00-04:00,4.0,4.019999980926514,3.880000114440918,3.9200000762939453,830600,0.0,0.0
2011-03-15 00:00:00-04:00,3.8499999046325684,3.9700000286102295,3.8499999046325684,3.950000047683716,798600,0.0,0.0
2011-03-16 00:00:00-04:00,3.930000066757202,4.039999961853027,3.930000066757202,3.9700000286102295,824800,0.0,0.0
2011-03-17 00:00:00-04:00,4.050000190734863,4.130000114440918,3.990000009536743,4.039999961853027,929800,0.0,0.0
2011-03-18 00:00:00-04:00,4.079999923706055,4.190000057220459,4.050000190734863,4.130000114440918,1314100,0.0,0.0
2011-03-21 00:00:00-04:00,4.190000057220459,4.190000057220459,4.019999980926514,4.070000171661377,706500,0.0,0.0
2011-03-22 00:00:00-04:00,4.059999942779541,4.090000152587891,4.019999980926514,4.070000171661377,433900,0.0,0.0
2011-03-23 00:00:00-04:00,4.059999942779541,4.090000152587891,4.039999961853027,4.059999942779541,640700,0.0,0.0
2011-03-24 00:00:00-04:00,4.059999942779541,4.119999885559082,4.050000190734863,4.099999904632568,438600,0.0,0.0
2011-03-25 00:00:00-04:00,4.130000114440918,4.300000190734863,4.090000152587891,4.119999885559082,997000,0.0,0.0
2011-03-28 00:00:00-04:00,4.130000114440918,4.130000114440918,4.079999923706055,4.119999885559082,763500,0.0,0.0
2011-03-29 00:00:00-04:00,4.119999885559082,4.170000076293945,4.050000190734863,4.139999866485596,308400,0.0,0.0
2011-03-30 00:00:00-04:00,4.159999847412109,4.230000019073486,4.139999866485596,4.179999828338623,396000,0.0,0.0
2011-03-31 00:00:00-04:00,4.179999828338623,4.190000057220459,4.059999942779541,4.059999942779541,719200,0.0,0.0
2011-04-01 00:00:00-04:00,4.050000190734863,4.130000114440918,4.03000020980835,4.119999885559082,470200,0.0,0.0
2011-04-04 00:00:00-04:00,4.179999828338623,4.239999771118164,4.119999885559082,4.130000114440918,436100,0.0,0.0
2011-04-05 00:00:00-04:00,4.139999866485596,4.190000057220459,4.090000152587891,4.119999885559082,1274100,0.0,0.0
2011-04-06 00:00:00-04:00,4.150000095367432,4.150000095367432,4.059999942779541,4.090000152587891,688800,0.0,0.0
2011-04-07 00:00:00-04:00,4.090000152587891,4.139999866485596,4.050000190734863,4.110000133514404,1624800,0.0,0.0
2011-04-08 00:00:00-04:00,4.130000114440918,4.130000114440918,4.050000190734863,4.059999942779541,805700,0.0,0.0
2011-04-11 00:00:00-04:00,4.039999961853027,4.110000133514404,3.990000009536743,4.059999942779541,518200,0.0,0.0
2011-04-12 00:00:00-04:00,4.019999980926514,4.059999942779541,4.0,4.010000228881836,429100,0.0,0.0
2011-04-13 00:00:00-04:00,4.050000190734863,4.070000171661377,4.0,4.010000228881836,337100,0.0,0.0
2011-04-14 00:00:00-04:00,4.0,4.039999961853027,4.0,4.010000228881836,324700,0.0,0.0
2011-04-15 00:00:00-04:00,4.0,4.050000190734863,4.0,4.03000020980835,443600,0.0,0.0
2011-04-18 00:00:00-04:00,4.0,4.039999961853027,3.9800000190734863,4.03000020980835,368400,0.0,0.0
2011-04-19 00:00:00-04:00,4.050000190734863,4.050000190734863,4.0,4.019999980926514,319100,0.0,0.0
2011-04-20 00:00:00-04:00,4.079999923706055,4.119999885559082,4.050000190734863,4.110000133514404,1311100,0.0,0.0
2011-04-21 00:00:00-04:00,4.130000114440918,4.130000114440918,4.079999923706055,4.110000133514404,667300,0.0,0.0
2011-04-25 00:00:00-04:00,4.090000152587891,4.110000133514404,4.050000190734863,4.099999904632568,349400,0.0,0.0
2011-04-26 00:00:00-04:00,4.099999904632568,4.110000133514404,4.059999942779541,4.079999923706055,397100,0.0,0.0
2011-04-27 00:00:00-04:00,4.079999923706055,4.119999885559082,4.050000190734863,4.099999904632568,375300,0.0,0.0
2011-04-28 00:00:00-04:00,4.079999923706055,4.110000133514404,4.070000171661377,4.110000133514404,290000,0.0,0.0
2011-04-29 00:00:00-04:00,4.119999885559082,4.119999885559082,4.070000171661377,4.090000152587891,429000,0.0,0.0
2011-05-02 00:00:00-04:00,4.079999923706055,4.139999866485596,4.050000190734863,4.090000152587891,752400,0.0,0.0
2011-05-03 00:00:00-04:00,4.059999942779541,4.170000076293945,3.990000009536743,4.039999961853027,1000000,0.0,0.0
2011-05-04 00:00:00-04:00,3.9600000381469727,4.050000190734863,3.869999885559082,3.880000114440918,958900,0.0,0.0
2011-05-05 00:00:00-04:00,3.869999885559082,4.010000228881836,3.8499999046325684,3.9200000762939453,651000,0.0,0.0
2011-05-06 00:00:00-04:00,3.9800000190734863,4.03000020980835,3.9600000381469727,4.0,698900,0.0,0.0
2011-05-09 00:00:00-04:00,3.9800000190734863,4.03000020980835,3.930000066757202,4.010000228881836,224000,0.0,0.0
2011-05-10 00:00:00-04:00,4.010000228881836,4.03000020980835,4.0,4.03000020980835,421600,0.0,0.0
2011-05-11 00:00:00-04:00,4.019999980926514,4.03000020980835,3.950000047683716,4.019999980926514,663300,0.0,0.0
2011-05-12 00:00:00-04:00,4.0,4.03000020980835,3.990000009536743,4.03000020980835,350000,0.0,0.0
2011-05-13 00:00:00-04:00,4.03000020980835,4.03000020980835,3.950000047683716,3.9700000286102295,377500,0.0,0.0
2011-05-16 00:00:00-04:00,3.9600000381469727,4.0,3.880000114440918,3.880000114440918,344300,0.0,0.0
2011-05-17 00:00:00-04:00,3.869999885559082,3.940000057220459,3.8299999237060547,3.8399999141693115,603100,0.0,0.0
2011-05-18 00:00:00-04:00,3.8499999046325684,4.010000228881836,3.8499999046325684,4.0,420700,0.0,0.0
2011-05-19 00:00:00-04:00,4.019999980926514,4.03000020980835,3.990000009536743,4.03000020980835,295800,0.0,0.0
2011-05-20 00:00:00-04:00,4.010000228881836,4.03000020980835,3.9600000381469727,3.9700000286102295,364900,0.0,0.0
2011-05-23 00:00:00-04:00,3.9100000858306885,3.9800000190734863,3.859999895095825,3.859999895095825,432400,0.0,0.0
2011-05-24 00:00:00-04:00,3.869999885559082,3.930000066757202,3.8399999141693115,3.859999895095825,440100,0.0,0.0
2011-05-25 00:00:00-04:00,3.8399999141693115,3.930000066757202,3.8399999141693115,3.9100000858306885,335400,0.0,0.0
2011-05-26 00:00:00-04:00,3.9000000953674316,4.090000152587891,3.880000114440918,4.059999942779541,787300,0.0,0.0
2011-05-27 00:00:00-04:00,4.090000152587891,4.090000152587891,4.019999980926514,4.039999961853027,183100,0.0,0.0
2011-05-31 00:00:00-04:00,4.090000152587891,4.099999904632568,3.930000066757202,4.090000152587891,1441700,0.0,0.0
2011-06-01 00:00:00-04:00,4.070000171661377,4.070000171661377,3.9700000286102295,3.9800000190734863,519900,0.0,0.0
2011-06-02 00:00:00-04:00,3.9700000286102295,4.019999980926514,3.9100000858306885,3.950000047683716,440000,0.0,0.0
2011-06-03 00:00:00-04:00,3.930000066757202,3.9700000286102295,3.9100000858306885,3.930000066757202,704100,0.0,0.0
2011-06-06 00:00:00-04:00,3.930000066757202,3.9700000286102295,3.859999895095825,3.890000104904175,787000,0.0,0.0
2011-06-07 00:00:00-04:00,3.930000066757202,4.0,3.890000104904175,3.9100000858306885,397600,0.0,0.0
2011-06-08 00:00:00-04:00,3.890000104904175,3.950000047683716,3.8299999237060547,3.8399999141693115,337600,0.0,0.0
2011-06-09 00:00:00-04:00,3.8499999046325684,3.930000066757202,3.819999933242798,3.8499999046325684,347900,0.0,0.0
2011-06-10 00:00:00-04:00,3.8399999141693115,3.9100000858306885,3.819999933242798,3.8299999237060547,350400,0.0,0.0
2011-06-13 00:00:00-04:00,3.8499999046325684,3.869999885559082,3.809999942779541,3.819999933242798,365000,0.0,0.0
2011-06-14 00:00:00-04:00,3.859999895095825,3.9200000762939453,3.8399999141693115,3.9000000953674316,394200,0.0,0.0
2011-06-15 00:00:00-04:00,3.859999895095825,3.930000066757202,3.819999933242798,3.8399999141693115,455700,0.0,0.0
2011-06-16 00:00:00-04:00,3.859999895095825,3.9100000858306885,3.819999933242798,3.869999885559082,480700,0.0,0.0
2011-06-17 00:00:00-04:00,3.890000104904175,3.9600000381469727,3.890000104904175,3.9100000858306885,665100,0.0,0.0
2011-06-20 00:00:00-04:00,3.9000000953674316,3.950000047683716,3.8399999141693115,3.8499999046325684,513300,0.0,0.0
2011-06-21 00:00:00-04:00,3.880000114440918,3.9600000381469727,3.8499999046325684,3.950000047683716,392200,0.0,0.0
2011-06-22 00:00:00-04:00,3.9200000762939453,3.9600000381469727,3.880000114440918,3.9100000858306885,375200,0.0,0.0
2011-06-23 00:00:00-04:00,3.869999885559082,3.9200000762939453,3.8399999141693115,3.9100000858306885,763000,0.0,0.0
2011-06-24 00:00:00-04:00,3.9200000762939453,3.9600000381469727,3.809999942779541,3.819999933242798,2079200,0.0,0.0
2011-06-27 00:00:00-04:00,3.8399999141693115,3.9100000858306885,3.819999933242798,3.880000114440918,411900,0.0,0.0
2011-06-28 00:00:00-04:00,3.890000104904175,3.9100000858306885,3.859999895095825,3.9000000953674316,483600,0.0,0.0
2011-06-29 00:00:00-04:00,3.9000000953674316,3.930000066757202,3.8399999141693115,3.869999885559082,497800,0.0,0.0
2011-06-30 00:00:00-04:00,3.869999885559082,3.930000066757202,3.859999895095825,3.880000114440918,308900,0.0,0.0
2011-07-01 00:00:00-04:00,3.9000000953674316,3.940000057220459,3.859999895095825,3.9000000953674316,585600,0.0,0.0
2011-07-05 00:00:00-04:00,3.9100000858306885,3.9200000762939453,3.819999933242798,3.8299999237060547,437000,0.0,0.0
2011-07-06 00:00:00-04:00,3.819999933242798,3.859999895095825,3.759999990463257,3.799999952316284,945400,0.0,0.0
2011-07-07 00:00:00-04:00,3.8299999237060547,3.9000000953674316,3.799999952316284,3.9000000953674316,548200,0.0,0.0
2011-07-08 00:00:00-04:00,3.859999895095825,3.9100000858306885,3.8399999141693115,3.9000000953674316,389600,0.0,0.0
2011-07-11 00:00:00-04:00,3.880000114440918,3.9000000953674316,3.869999885559082,3.880000114440918,216500,0.0,0.0
2011-07-12 00:00:00-04:00,3.880000114440918,3.9200000762939453,3.8499999046325684,3.890000104904175,356200,0.0,0.0
2011-07-13 00:00:00-04:00,3.9200000762939453,4.170000076293945,3.890000104904175,4.099999904632568,1598300,0.0,0.0
2011-07-14 00:00:00-04:00,4.119999885559082,4.170000076293945,4.019999980926514,4.059999942779541,461000,0.0,0.0
2011-07-15 00:00:00-04:00,4.070000171661377,4.110000133514404,3.950000047683716,4.050000190734863,376700,0.0,0.0
2011-07-18 00:00:00-04:00,4.010000228881836,4.059999942779541,3.869999885559082,3.869999885559082,739100,0.0,0.0
2011-07-19 00:00:00-04:00,3.9100000858306885,4.090000152587891,3.9100000858306885,4.090000152587891,571400,0.0,0.0
2011-07-20 00:00:00-04:00,4.090000152587891,4.179999828338623,3.9800000190734863,4.170000076293945,325600,0.0,0.0
2011-07-21 00:00:00-04:00,4.179999828338623,4.340000152587891,4.110000133514404,4.289999961853027,705400,0.0,0.0
2011-07-22 00:00:00-04:00,4.260000228881836,4.300000190734863,4.190000057220459,4.199999809265137,375800,0.0,0.0
2011-07-25 00:00:00-04:00,4.139999866485596,4.230000019073486,4.059999942779541,4.059999942779541,228600,0.0,0.0
2011-07-26 00:00:00-04:00,4.079999923706055,4.170000076293945,4.050000190734863,4.110000133514404,378600,0.0,0.0
2011-07-27 00:00:00-04:00,4.079999923706055,4.130000114440918,3.9100000858306885,3.9200000762939453,469200,0.0,0.0
2011-07-28 00:00:00-04:00,3.940000057220459,4.0,3.7300000190734863,3.7300000190734863,648800,0.0,0.0
2011-07-29 00:00:00-04:00,3.700000047683716,3.859999895095825,3.690000057220459,3.809999942779541,756000,0.0,0.0
2011-08-01 00:00:00-04:00,3.880000114440918,4.0,3.759999990463257,3.7899999618530273,574800,0.0,0.0
2011-08-02 00:00:00-04:00,3.7699999809265137,3.8499999046325684,3.759999990463257,3.7699999809265137,1196900,0.0,0.0
2011-08-03 00:00:00-04:00,3.759999990463257,4.25,3.75,4.110000133514404,1542000,0.0,0.0
2011-08-04 00:00:00-04:00,4.050000190734863,4.28000020980835,3.940000057220459,4.25,1961400,0.0,0.0
2011-08-05 00:00:00-04:00,4.130000114440918,4.369999885559082,4.079999923706055,4.079999923706055,3745900,0.0,0.0
2011-08-08 00:00:00-04:00,3.9600000381469727,4.119999885559082,3.5999999046325684,3.5999999046325684,1238700,0.0,0.0
2011-08-09 00:00:00-04:00,3.700000047683716,3.890000104904175,3.569999933242798,3.759999990463257,1750200,0.0,0.0
2011-08-10 00:00:00-04:00,3.680000066757202,3.75,3.5299999713897705,3.549999952316284,1035100,0.0,0.0
2011-08-11 00:00:00-04:00,3.559999942779541,3.859999895095825,3.559999942779541,3.809999942779541,1029200,0.0,0.0
2011-08-12 00:00:00-04:00,3.8499999046325684,3.940000057220459,3.759999990463257,3.7799999713897705,347300,0.0,0.0
2011-08-15 00:00:00-04:00,3.819999933242798,3.9000000953674316,3.7699999809265137,3.809999942779541,320200,0.0,0.0
2011-08-16 00:00:00-04:00,3.7799999713897705,3.799999952316284,3.6500000953674316,3.7300000190734863,819100,0.0,0.0
2011-08-17 00:00:00-04:00,3.75,3.7899999618530273,3.680000066757202,3.7200000286102295,314300,0.0,0.0
2011-08-18 00:00:00-04:00,3.6700000762939453,3.6700000762939453,3.380000114440918,3.450000047683716,1113200,0.0,0.0
2011-08-19 00:00:00-04:00,3.4100000858306885,3.5799999237060547,3.2799999713897705,3.4700000286102295,664600,0.0,0.0
2011-08-22 00:00:00-04:00,3.549999952316284,3.5899999141693115,3.4000000953674316,3.4700000286102295,388100,0.0,0.0
2011-08-23 00:00:00-04:00,3.4800000190734863,3.75,3.440000057220459,3.740000009536743,662600,0.0,0.0
2011-08-24 00:00:00-04:00,3.7200000286102295,3.799999952316284,3.619999885559082,3.7899999618530273,352300,0.0,0.0
2011-08-25 00:00:00-04:00,3.799999952316284,3.799999952316284,3.5299999713897705,3.5399999618530273,513700,0.0,0.0
2011-08-26 00:00:00-04:00,3.509999990463257,3.7100000381469727,3.4800000190734863,3.690000057220459,370100,0.0,0.0
2011-08-29 00:00:00-04:00,3.7200000286102295,3.799999952316284,3.700000047683716,3.7899999618530273,585300,0.0,0.0
2011-08-30 00:00:00-04:00,3.7699999809265137,3.7699999809265137,3.6500000953674316,3.7300000190734863,306300,0.0,0.0
2011-08-31 00:00:00-04:00,3.759999990463257,3.799999952316284,3.7100000381469727,3.7899999618530273,655200,0.0,0.0
2011-09-01 00:00:00-04:00,3.7799999713897705,3.8499999046325684,3.630000114440918,3.6500000953674316,346700,0.0,0.0
2011-09-02 00:00:00-04:00,3.5799999237060547,3.690000057220459,3.4800000190734863,3.4800000190734863,536200,0.0,0.0
2011-09-06 00:00:00-04:00,3.4200000762939453,3.609999895095825,3.4100000858306885,3.5899999141693115,400500,0.0,0.0
2011-09-07 00:00:00-04:00,3.6600000858306885,3.759999990463257,3.5999999046325684,3.740000009536743,486800,0.0,0.0
2011-09-08 00:00:00-04:00,3.700000047683716,3.7300000190734863,3.549999952316284,3.569999933242798,239700,0.0,0.0
2011-09-09 00:00:00-04:00,3.5399999618530273,3.549999952316284,3.369999885559082,3.440000057220459,449500,0.0,0.0
2011-09-12 00:00:00-04:00,3.380000114440918,3.5299999713897705,3.3299999237060547,3.4700000286102295,432000,0.0,0.0
2011-09-13 00:00:00-04:00,3.490000009536743,3.5999999046325684,3.450000047683716,3.5799999237060547,316800,0.0,0.0
2011-09-14 00:00:00-04:00,3.609999895095825,3.680000066757202,3.5,3.640000104904175,465500,0.0,0.0
2011-09-15 00:00:00-04:00,3.6600000858306885,3.6600000858306885,3.559999942779541,3.619999885559082,431800,0.0,0.0
2011-09-16 00:00:00-04:00,3.6500000953674316,3.6600000858306885,3.5799999237060547,3.619999885559082,394100,0.0,0.0
2011-09-19 00:00:00-04:00,3.549999952316284,3.640000104904175,3.509999990463257,3.5899999141693115,226000,0.0,0.0
2011-09-20 00:00:00-04:00,3.630000114440918,3.640000104904175,3.490000009536743,3.5,769800,0.0,0.0
2011-09-21 00:00:00-04:00,3.509999990463257,3.569999933242798,3.380000114440918,3.380000114440918,581500,0.0,0.0
2011-09-22 00:00:00-04:00,3.2899999618530273,3.3399999141693115,3.109999895095825,3.1700000762939453,1136100,0.0,0.0
2011-09-23 00:00:00-04:00,3.180000066757202,3.4600000381469727,3.1500000953674316,3.440000057220459,556800,0.0,0.0
2011-09-26 00:00:00-04:00,3.4700000286102295,3.5399999618530273,3.390000104904175,3.5199999809265137,354900,0.0,0.0
2011-09-27 00:00:00-04:00,3.609999895095825,3.6600000858306885,3.5,3.619999885559082,696300,0.0,0.0
2011-09-28 00:00:00-04:00,3.5999999046325684,3.640000104904175,3.369999885559082,3.369999885559082,464900,0.0,0.0
2011-09-29 00:00:00-04:00,3.440000057220459,3.559999942779541,3.390000104904175,3.549999952316284,454300,0.0,0.0
2011-09-30 00:00:00-04:00,3.4800000190734863,3.619999885559082,3.309999942779541,3.3299999237060547,640200,0.0,0.0
2011-10-03 00:00:00-04:00,3.299999952316284,3.319999933242798,3.119999885559082,3.180000066757202,872000,0.0,0.0
2011-10-04 00:00:00-04:00,3.1700000762939453,3.440000057220459,3.119999885559082,3.430000066757202,776500,0.0,0.0
2011-10-05 00:00:00-04:00,3.430000066757202,3.490000009536743,3.3399999141693115,3.430000066757202,439500,0.0,0.0
2011-10-06 00:00:00-04:00,3.4100000858306885,3.5,3.390000104904175,3.5,412000,0.0,0.0
2011-10-07 00:00:00-04:00,3.5,3.549999952316284,3.359999895095825,3.380000114440918,312500,0.0,0.0
2011-10-10 00:00:00-04:00,3.440000057220459,3.5899999141693115,3.430000066757202,3.5799999237060547,367000,0.0,0.0
2011-10-11 00:00:00-04:00,3.5399999618530273,3.7799999713897705,3.5,3.759999990463257,568500,0.0,0.0
2011-10-12 00:00:00-04:00,3.8299999237060547,3.869999885559082,3.7300000190734863,3.7899999618530273,1094700,0.0,0.0
2011-10-13 00:00:00-04:00,3.75,3.7899999618530273,3.5399999618530273,3.549999952316284,453300,0.0,0.0
2011-10-14 00:00:00-04:00,3.5899999141693115,3.690000057220459,3.5299999713897705,3.549999952316284,545900,0.0,0.0
2011-10-17 00:00:00-04:00,3.509999990463257,3.559999942779541,3.440000057220459,3.450000047683716,348100,0.0,0.0
2011-10-18 00:00:00-04:00,3.4600000381469727,3.490000009536743,3.3499999046325684,3.450000047683716,1255600,0.0,0.0
2011-10-19 00:00:00-04:00,3.450000047683716,3.490000009536743,3.380000114440918,3.390000104904175,396800,0.0,0.0
2011-10-20 00:00:00-04:00,3.4100000858306885,3.450000047683716,3.3399999141693115,3.390000104904175,550200,0.0,0.0
2011-10-21 00:00:00-04:00,3.4800000190734863,3.5199999809265137,3.440000057220459,3.4600000381469727,442600,0.0,0.0
2011-10-24 00:00:00-04:00,3.4800000190734863,3.5299999713897705,3.4200000762939453,3.5,792600,0.0,0.0
2011-10-25 00:00:00-04:00,3.490000009536743,3.5,3.4000000953674316,3.4200000762939453,332500,0.0,0.0
2011-10-26 00:00:00-04:00,3.490000009536743,3.490000009536743,3.4000000953674316,3.4700000286102295,462600,0.0,0.0
2011-10-27 00:00:00-04:00,3.5999999046325684,3.630000114440918,3.509999990463257,3.5999999046325684,997600,0.0,0.0
2011-10-28 00:00:00-04:00,3.5799999237060547,3.630000114440918,3.5199999809265137,3.5799999237060547,401400,0.0,0.0
2011-10-31 00:00:00-04:00,3.5199999809265137,3.630000114440918,3.5199999809265137,3.5999999046325684,329000,0.0,0.0
2011-11-01 00:00:00-04:00,3.5,3.6500000953674316,3.5,3.5399999618530273,621100,0.0,0.0
2011-11-02 00:00:00-04:00,3.5,3.6600000858306885,3.5,3.6600000858306885,471500,0.0,0.0
2011-11-03 00:00:00-04:00,3.680000066757202,3.7799999713897705,3.559999942779541,3.7300000190734863,483000,0.0,0.0
2011-11-04 00:00:00-04:00,3.680000066757202,3.690000057220459,3.5999999046325684,3.6600000858306885,680700,0.0,0.0
2011-11-07 00:00:00-05:00,3.640000104904175,3.740000009536743,3.5299999713897705,3.5899999141693115,264900,0.0,0.0
2011-11-08 00:00:00-05:00,3.630000114440918,3.6600000858306885,3.5299999713897705,3.609999895095825,374400,0.0,0.0
2011-11-09 00:00:00-05:00,3.5199999809265137,3.5799999237060547,3.490000009536743,3.490000009536743,312700,0.0,0.0
2011-11-10 00:00:00-05:00,3.549999952316284,3.549999952316284,3.4200000762939453,3.4800000190734863,258900,0.0,0.0
2011-11-11 00:00:00-05:00,3.509999990463257,3.5899999141693115,3.490000009536743,3.5899999141693115,272200,0.0,0.0
2011-11-14 00:00:00-05:00,3.5399999618530273,3.5399999618530273,3.4600000381469727,3.4800000190734863,256900,0.0,0.0
2011-11-15 00:00:00-05:00,3.450000047683716,3.559999942779541,3.450000047683716,3.559999942779541,260600,0.0,0.0
2011-11-16 00:00:00-05:00,3.509999990463257,3.5399999618530273,3.4600000381469727,3.4700000286102295,209900,0.0,0.0
2011-11-17 00:00:00-05:00,3.4600000381469727,3.490000009536743,3.390000104904175,3.390000104904175,246400,0.0,0.0
2011-11-18 00:00:00-05:00,3.390000104904175,3.490000009536743,3.369999885559082,3.4200000762939453,306000,0.0,0.0
2011-11-21 00:00:00-05:00,3.3299999237060547,3.4100000858306885,3.299999952316284,3.309999942779541,236700,0.0,0.0
2011-11-22 00:00:00-05:00,3.309999942779541,3.3499999046325684,3.2100000381469727,3.2799999713897705,309200,0.0,0.0
2011-11-23 00:00:00-05:00,3.25,3.309999942779541,3.1500000953674316,3.1500000953674316,266300,0.0,0.0
2011-11-25 00:00:00-05:00,3.1500000953674316,3.2100000381469727,3.0999999046325684,3.0999999046325684,178300,0.0,0.0
2011-11-28 00:00:00-05:00,3.190000057220459,3.319999933242798,3.1700000762939453,3.259999990463257,396500,0.0,0.0
2011-11-29 00:00:00-05:00,3.25,3.25,3.1600000858306885,3.180000066757202,233500,0.0,0.0
2011-11-30 00:00:00-05:00,3.319999933242798,3.4100000858306885,3.2300000190734863,3.4000000953674316,795400,0.0,0.0
2011-12-01 00:00:00-05:00,3.380000114440918,3.5399999618530273,3.3399999141693115,3.450000047683716,388900,0.0,0.0
2011-12-02 00:00:00-05:00,3.509999990463257,3.549999952316284,3.4600000381469727,3.5199999809265137,170500,0.0,0.0
2011-12-05 00:00:00-05:00,3.700000047683716,3.7799999713897705,3.5899999141693115,3.640000104904175,618400,0.0,0.0
2011-12-06 00:00:00-05:00,3.630000114440918,3.680000066757202,3.509999990463257,3.5199999809265137,395200,0.0,0.0
2011-12-07 00:00:00-05:00,3.490000009536743,3.509999990463257,3.4200000762939453,3.490000009536743,235200,0.0,0.0
2011-12-08 00:00:00-05:00,3.440000057220459,3.5299999713897705,3.309999942779541,3.319999933242798,340900,0.0,0.0
2011-12-09 00:00:00-05:00,3.3399999141693115,3.4100000858306885,3.3299999237060547,3.3499999046325684,498900,0.0,0.0
2011-12-12 00:00:00-05:00,3.309999942779541,3.3399999141693115,3.2699999809265137,3.2799999713897705,340500,0.0,0.0
2011-12-13 00:00:00-05:00,3.359999895095825,3.559999942779541,3.3399999141693115,3.4200000762939453,948100,0.0,0.0
2011-12-14 00:00:00-05:00,3.390000104904175,3.559999942779541,3.3499999046325684,3.5199999809265137,464700,0.0,0.0
2011-12-15 00:00:00-05:00,3.569999933242798,3.7100000381469727,3.4700000286102295,3.7100000381469727,540400,0.0,0.0
2011-12-16 00:00:00-05:00,3.740000009536743,3.869999885559082,3.6700000762939453,3.8399999141693115,1117300,0.0,0.0
2011-12-19 00:00:00-05:00,3.880000114440918,3.9600000381469727,3.8399999141693115,3.8499999046325684,478000,0.0,0.0
2011-12-20 00:00:00-05:00,3.950000047683716,4.070000171661377,3.940000057220459,3.9600000381469727,716100,0.0,0.0
2011-12-21 00:00:00-05:00,3.9700000286102295,4.010000228881836,3.9100000858306885,3.9800000190734863,323300,0.0,0.0
2011-12-22 00:00:00-05:00,4.0,4.050000190734863,3.930000066757202,3.9600000381469727,528600,0.0,0.0
2011-12-23 00:00:00-05:00,3.9800000190734863,4.0,3.75,3.990000009536743,148900,0.0,0.0
2011-12-27 00:00:00-05:00,3.9600000381469727,3.9700000286102295,3.890000104904175,3.9700000286102295,245400,0.0,0.0
2011-12-28 00:00:00-05:00,3.950000047683716,3.9600000381469727,3.809999942779541,3.819999933242798,200100,0.0,0.0
2011-12-29 00:00:00-05:00,3.859999895095825,3.9100000858306885,3.759999990463257,3.809999942779541,543400,0.0,0.0
2011-12-30 00:00:00-05:00,3.7899999618530273,3.869999885559082,3.7100000381469727,3.759999990463257,586700,0.0,0.0
2012-01-03 00:00:00-05:00,3.859999895095825,3.880000114440918,3.75,3.8399999141693115,556600,0.0,0.0
2012-01-04 00:00:00-05:00,3.819999933242798,3.9000000953674316,3.7799999713897705,3.890000104904175,265700,0.0,0.0
2012-01-05 00:00:00-05:00,3.8499999046325684,3.9100000858306885,3.7899999618530273,3.9000000953674316,159000,0.0,0.0
2012-01-06 00:00:00-05:00,3.890000104904175,3.940000057220459,3.859999895095825,3.869999885559082,206000,0.0,0.0
2012-01-09 00:00:00-05:00,3.880000114440918,3.880000114440918,3.8299999237060547,3.8499999046325684,241700,0.0,0.0
2012-01-10 00:00:00-05:00,3.9100000858306885,4.039999961853027,3.9000000953674316,4.0,670800,0.0,0.0
2012-01-11 00:00:00-05:00,3.9600000381469727,4.010000228881836,3.950000047683716,3.9700000286102295,192300,0.0,0.0
2012-01-12 00:00:00-05:00,3.9800000190734863,4.019999980926514,3.940000057220459,3.990000009536743,154500,0.0,0.0
2012-01-13 00:00:00-05:00,3.950000047683716,4.03000020980835,3.890000104904175,3.9000000953674316,391000,0.0,0.0
2012-01-17 00:00:00-05:00,3.9600000381469727,4.010000228881836,3.930000066757202,3.9800000190734863,372100,0.0,0.0
2012-01-18 00:00:00-05:00,3.990000009536743,4.170000076293945,3.950000047683716,4.170000076293945,702600,0.0,0.0
2012-01-19 00:00:00-05:00,4.199999809265137,4.269999980926514,4.150000095367432,4.199999809265137,286200,0.0,0.0
2012-01-20 00:00:00-05:00,4.210000038146973,4.320000171661377,4.210000038146973,4.230000019073486,265200,0.0,0.0
2012-01-23 00:00:00-05:00,4.230000019073486,4.25,4.179999828338623,4.21999979019165,250300,0.0,0.0
2012-01-24 00:00:00-05:00,4.199999809265137,4.199999809265137,4.059999942779541,4.139999866485596,368900,0.0,0.0
2012-01-25 00:00:00-05:00,4.139999866485596,4.199999809265137,4.110000133514404,4.190000057220459,224600,0.0,0.0
2012-01-26 00:00:00-05:00,4.199999809265137,4.300000190734863,4.170000076293945,4.230000019073486,378800,0.0,0.0
2012-01-27 00:00:00-05:00,4.210000038146973,4.309999942779541,4.210000038146973,4.300000190734863,197900,0.0,0.0
2012-01-30 00:00:00-05:00,4.099999904632568,4.190000057220459,4.090000152587891,4.159999847412109,1595600,0.0,0.0
2012-01-31 00:00:00-05:00,4.179999828338623,4.329999923706055,4.139999866485596,4.289999961853027,820700,0.0,0.0
2012-02-01 00:00:00-05:00,4.300000190734863,4.46999979019165,4.28000020980835,4.400000095367432,811900,0.0,0.0
2012-02-02 00:00:00-05:00,4.400000095367432,4.460000038146973,4.300000190734863,4.309999942779541,840600,0.0,0.0
2012-02-03 00:00:00-05:00,4.400000095367432,4.510000228881836,4.340000152587891,4.440000057220459,1034400,0.0,0.0
2012-02-06 00:00:00-05:00,4.440000057220459,4.460000038146973,4.389999866485596,4.440000057220459,280300,0.0,0.0
2012-02-07 00:00:00-05:00,4.440000057220459,4.550000190734863,4.389999866485596,4.480000019073486,325300,0.0,0.0
2012-02-08 00:00:00-05:00,4.5,4.550000190734863,4.449999809265137,4.480000019073486,212300,0.0,0.0
2012-02-09 00:00:00-05:00,4.46999979019165,4.539999961853027,4.429999828338623,4.460000038146973,227400,0.0,0.0
2012-02-10 00:00:00-05:00,4.400000095367432,4.460000038146973,4.400000095367432,4.449999809265137,216800,0.0,0.0
2012-02-13 00:00:00-05:00,4.449999809265137,4.53000020980835,4.429999828338623,4.46999979019165,403400,0.0,0.0
2012-02-14 00:00:00-05:00,4.460000038146973,4.510000228881836,4.28000020980835,4.340000152587891,976300,0.0,0.0
2012-02-15 00:00:00-05:00,4.369999885559082,4.460000038146973,4.269999980926514,4.300000190734863,458200,0.0,0.0
2012-02-16 00:00:00-05:00,4.199999809265137,4.260000228881836,4.050000190734863,4.239999771118164,1446200,0.0,0.0
2012-02-17 00:00:00-05:00,4.230000019073486,4.28000020980835,4.179999828338623,4.210000038146973,552500,0.0,0.0
2012-02-21 00:00:00-05:00,4.210000038146973,4.25,4.130000114440918,4.199999809265137,501200,0.0,0.0
2012-02-22 00:00:00-05:00,4.179999828338623,4.179999828338623,4.0,4.110000133514404,846200,0.0,0.0
2012-02-23 00:00:00-05:00,4.099999904632568,4.239999771118164,4.090000152587891,4.199999809265137,479700,0.0,0.0
2012-02-24 00:00:00-05:00,4.190000057220459,4.21999979019165,4.119999885559082,4.159999847412109,386700,0.0,0.0
2012-02-27 00:00:00-05:00,4.110000133514404,4.190000057220459,4.099999904632568,4.170000076293945,155000,0.0,0.0
2012-02-28 00:00:00-05:00,4.150000095367432,4.239999771118164,4.150000095367432,4.190000057220459,322800,0.0,0.0
2012-02-29 00:00:00-05:00,4.21999979019165,4.21999979019165,4.090000152587891,4.150000095367432,353600,0.0,0.0
2012-03-01 00:00:00-05:00,4.179999828338623,4.260000228881836,4.119999885559082,4.150000095367432,309900,0.0,0.0
2012-03-02 00:00:00-05:00,4.159999847412109,4.199999809265137,4.099999904632568,4.139999866485596,1027100,0.0,0.0
2012-03-05 00:00:00-05:00,4.110000133514404,4.150000095367432,4.090000152587891,4.119999885559082,420800,0.0,0.0
2012-03-06 00:00:00-05:00,4.090000152587891,4.139999866485596,3.990000009536743,4.010000228881836,370900,0.0,0.0
2012-03-07 00:00:00-05:00,4.03000020980835,4.170000076293945,4.019999980926514,4.110000133514404,465600,0.0,0.0
2012-03-08 00:00:00-05:00,4.150000095367432,4.179999828338623,4.090000152587891,4.159999847412109,168600,0.0,0.0
2012-03-09 00:00:00-05:00,4.159999847412109,4.320000171661377,4.150000095367432,4.230000019073486,284700,0.0,0.0
2012-03-12 00:00:00-04:00,4.21999979019165,4.25,4.159999847412109,4.230000019073486,215800,0.0,0.0
2012-03-13 00:00:00-04:00,4.28000020980835,4.28000020980835,4.150000095367432,4.170000076293945,329500,0.0,0.0
2012-03-14 00:00:00-04:00,4.170000076293945,4.269999980926514,4.170000076293945,4.239999771118164,216600,0.0,0.0
2012-03-15 00:00:00-04:00,4.25,4.400000095367432,4.179999828338623,4.369999885559082,263500,0.0,0.0
2012-03-16 00:00:00-04:00,4.389999866485596,4.389999866485596,4.239999771118164,4.25,366600,0.0,0.0
2012-03-19 00:00:00-04:00,4.239999771118164,4.329999923706055,4.210000038146973,4.28000020980835,143300,0.0,0.0
2012-03-20 00:00:00-04:00,4.25,4.25,4.139999866485596,4.239999771118164,219100,0.0,0.0
2012-03-21 00:00:00-04:00,4.230000019073486,4.239999771118164,4.130000114440918,4.170000076293945,341400,0.0,0.0
2012-03-22 00:00:00-04:00,4.110000133514404,4.179999828338623,4.099999904632568,4.150000095367432,192100,0.0,0.0
2012-03-23 00:00:00-04:00,4.139999866485596,4.190000057220459,4.119999885559082,4.190000057220459,207800,0.0,0.0
2012-03-26 00:00:00-04:00,4.230000019073486,4.360000133514404,4.159999847412109,4.349999904632568,283800,0.0,0.0
2012-03-27 00:00:00-04:00,4.349999904632568,4.369999885559082,4.230000019073486,4.239999771118164,173800,0.0,0.0
2012-03-28 00:00:00-04:00,4.239999771118164,4.239999771118164,4.110000133514404,4.139999866485596,187100,0.0,0.0
2012-03-29 00:00:00-04:00,4.110000133514404,4.190000057220459,4.090000152587891,4.170000076293945,288400,0.0,0.0
2012-03-30 00:00:00-04:00,4.210000038146973,4.210000038146973,4.03000020980835,4.039999961853027,386200,0.0,0.0
2012-04-02 00:00:00-04:00,4.019999980926514,4.110000133514404,4.019999980926514,4.099999904632568,286200,0.0,0.0
2012-04-03 00:00:00-04:00,4.090000152587891,4.090000152587891,3.9800000190734863,4.0,261000,0.0,0.0
2012-04-04 00:00:00-04:00,3.940000057220459,4.0,3.9000000953674316,3.950000047683716,276500,0.0,0.0
2012-04-05 00:00:00-04:00,3.950000047683716,4.059999942779541,3.950000047683716,4.03000020980835,204100,0.0,0.0
2012-04-09 00:00:00-04:00,3.9600000381469727,4.010000228881836,3.950000047683716,3.9600000381469727,347000,0.0,0.0
2012-04-10 00:00:00-04:00,3.9600000381469727,4.050000190734863,3.930000066757202,3.990000009536743,663200,0.0,0.0
2012-04-11 00:00:00-04:00,4.050000190734863,4.079999923706055,4.0,4.059999942779541,220100,0.0,0.0
2012-04-12 00:00:00-04:00,4.050000190734863,4.090000152587891,4.0,4.010000228881836,190600,0.0,0.0
2012-04-13 00:00:00-04:00,4.0,4.039999961853027,3.950000047683716,3.9600000381469727,247700,0.0,0.0
2012-04-16 00:00:00-04:00,3.9700000286102295,3.9700000286102295,3.9000000953674316,3.9200000762939453,187300,0.0,0.0
2012-04-17 00:00:00-04:00,3.9600000381469727,4.0,3.930000066757202,3.9700000286102295,274000,0.0,0.0
2012-04-18 00:00:00-04:00,3.940000057220459,3.9600000381469727,3.890000104904175,3.950000047683716,272100,0.0,0.0
2012-04-19 00:00:00-04:00,3.940000057220459,3.940000057220459,3.8399999141693115,3.8499999046325684,630800,0.0,0.0
2012-04-20 00:00:00-04:00,3.930000066757202,3.930000066757202,3.799999952316284,3.8399999141693115,413600,0.0,0.0
2012-04-23 00:00:00-04:00,3.799999952316284,3.8499999046325684,3.7899999618530273,3.819999933242798,873800,0.0,0.0
2012-04-24 00:00:00-04:00,3.819999933242798,4.0,3.799999952316284,4.0,354800,0.0,0.0
2012-04-25 00:00:00-04:00,4.03000020980835,4.070000171661377,3.9800000190734863,4.059999942779541,167200,0.0,0.0
2012-04-26 00:00:00-04:00,4.050000190734863,4.059999942779541,4.010000228881836,4.050000190734863,118200,0.0,0.0
2012-04-27 00:00:00-04:00,4.050000190734863,4.139999866485596,4.050000190734863,4.130000114440918,322700,0.0,0.0
2012-04-30 00:00:00-04:00,4.130000114440918,4.139999866485596,4.03000020980835,4.139999866485596,213000,0.0,0.0
2012-05-01 00:00:00-04:00,4.150000095367432,4.369999885559082,4.070000171661377,4.269999980926514,536800,0.0,0.0
2012-05-02 00:00:00-04:00,4.25,4.260000228881836,4.170000076293945,4.260000228881836,185100,0.0,0.0
2012-05-03 00:00:00-04:00,4.239999771118164,4.309999942779541,4.130000114440918,4.159999847412109,323400,0.0,0.0
2012-05-04 00:00:00-04:00,4.139999866485596,4.170000076293945,3.9700000286102295,4.0,656000,0.0,0.0
2012-05-07 00:00:00-04:00,3.990000009536743,4.03000020980835,3.9600000381469727,3.990000009536743,822000,0.0,0.0
2012-05-08 00:00:00-04:00,3.9700000286102295,4.019999980926514,3.880000114440918,3.9600000381469727,568500,0.0,0.0
2012-05-09 00:00:00-04:00,3.9000000953674316,4.0,3.9000000953674316,3.940000057220459,442500,0.0,0.0
2012-05-10 00:00:00-04:00,3.9800000190734863,3.990000009536743,3.950000047683716,3.9700000286102295,1118500,0.0,0.0
2012-05-11 00:00:00-04:00,3.930000066757202,4.0,3.930000066757202,3.9700000286102295,550800,0.0,0.0
2012-05-14 00:00:00-04:00,3.950000047683716,4.0,3.930000066757202,3.9600000381469727,1386300,0.0,0.0
2012-05-15 00:00:00-04:00,3.9700000286102295,4.150000095367432,3.9600000381469727,4.079999923706055,432900,0.0,0.0
2012-05-16 00:00:00-04:00,4.110000133514404,4.139999866485596,4.050000190734863,4.050000190734863,249900,0.0,0.0
2012-05-17 00:00:00-04:00,4.070000171661377,4.110000133514404,3.990000009536743,4.039999961853027,397400,0.0,0.0
2012-05-18 00:00:00-04:00,4.039999961853027,4.130000114440918,3.950000047683716,3.9800000190734863,470100,0.0,0.0
2012-05-21 00:00:00-04:00,4.0,4.059999942779541,3.990000009536743,4.050000190734863,269700,0.0,0.0
2012-05-22 00:00:00-04:00,4.039999961853027,4.079999923706055,3.9700000286102295,4.010000228881836,345900,0.0,0.0
2012-05-23 00:00:00-04:00,3.990000009536743,4.079999923706055,3.940000057220459,4.010000228881836,533000,0.0,0.0
2012-05-24 00:00:00-04:00,4.03000020980835,4.110000133514404,4.03000020980835,4.079999923706055,325500,0.0,0.0
2012-05-25 00:00:00-04:00,4.090000152587891,4.170000076293945,4.059999942779541,4.159999847412109,2017000,0.0,0.0
2012-05-29 00:00:00-04:00,4.199999809265137,4.380000114440918,4.139999866485596,4.369999885559082,630900,0.0,0.0
2012-05-30 00:00:00-04:00,4.320000171661377,4.340000152587891,4.25,4.289999961853027,330600,0.0,0.0
2012-05-31 00:00:00-04:00,4.28000020980835,4.349999904632568,4.21999979019165,4.309999942779541,515700,0.0,0.0
2012-06-01 00:00:00-04:00,4.239999771118164,4.320000171661377,4.170000076293945,4.199999809265137,646500,0.0,0.0
2012-06-04 00:00:00-04:00,4.199999809265137,4.289999961853027,4.159999847412109,4.25,587200,0.0,0.0
2012-06-05 00:00:00-04:00,4.210000038146973,4.289999961853027,4.190000057220459,4.28000020980835,192100,0.0,0.0
2012-06-06 00:00:00-04:00,4.289999961853027,4.409999847412109,4.269999980926514,4.409999847412109,549400,0.0,0.0
2012-06-07 00:00:00-04:00,4.449999809265137,4.449999809265137,4.25,4.260000228881836,515800,0.0,0.0
2012-06-08 00:00:00-04:00,4.25,4.360000133514404,4.21999979019165,4.329999923706055,405100,0.0,0.0
2012-06-11 00:00:00-04:00,4.389999866485596,4.389999866485596,4.269999980926514,4.349999904632568,741900,0.0,0.0
2012-06-12 00:00:00-04:00,4.340000152587891,4.409999847412109,4.309999942779541,4.409999847412109,691700,0.0,0.0
2012-06-13 00:00:00-04:00,4.380000114440918,4.400000095367432,4.230000019073486,4.269999980926514,368800,0.0,0.0
2012-06-14 00:00:00-04:00,4.25,4.349999904632568,4.230000019073486,4.349999904632568,202600,0.0,0.0
2012-06-15 00:00:00-04:00,4.329999923706055,4.380000114440918,4.239999771118164,4.360000133514404,588100,0.0,0.0
2012-06-18 00:00:00-04:00,4.320000171661377,4.369999885559082,4.300000190734863,4.360000133514404,233700,0.0,0.0
2012-06-19 00:00:00-04:00,4.360000133514404,4.449999809265137,4.329999923706055,4.449999809265137,450100,0.0,0.0
2012-06-20 00:00:00-04:00,4.429999828338623,4.449999809265137,4.349999904632568,4.360000133514404,242500,0.0,0.0
2012-06-21 00:00:00-04:00,4.340000152587891,4.369999885559082,4.21999979019165,4.230000019073486,392800,0.0,0.0
2012-06-22 00:00:00-04:00,4.269999980926514,4.300000190734863,4.170000076293945,4.28000020980835,617700,0.0,0.0
2012-06-25 00:00:00-04:00,4.230000019073486,4.25,4.139999866485596,4.210000038146973,222700,0.0,0.0
2012-06-26 00:00:00-04:00,4.210000038146973,4.28000020980835,4.119999885559082,4.260000228881836,250400,0.0,0.0
2012-06-27 00:00:00-04:00,4.25,4.340000152587891,4.21999979019165,4.260000228881836,376300,0.0,0.0
2012-06-28 00:00:00-04:00,4.21999979019165,4.320000171661377,4.210000038146973,4.309999942779541,296900,0.0,0.0
2012-06-29 00:00:00-04:00,4.369999885559082,4.46999979019165,4.349999904632568,4.420000076293945,444100,0.0,0.0
2012-07-02 00:00:00-04:00,4.460000038146973,4.75,4.460000038146973,4.75,849000,0.0,0.0
2012-07-03 00:00:00-04:00,4.75,4.800000190734863,4.639999866485596,4.760000228881836,295700,0.0,0.0
2012-07-05 00:00:00-04:00,4.739999771118164,4.75,4.639999866485596,4.659999847412109,230800,0.0,0.0
2012-07-06 00:00:00-04:00,4.599999904632568,4.690000057220459,4.559999942779541,4.679999828338623,236000,0.0,0.0
2012-07-09 00:00:00-04:00,4.659999847412109,4.710000038146973,4.510000228881836,4.510000228881836,234400,0.0,0.0
2012-07-10 00:00:00-04:00,4.610000133514404,4.670000076293945,4.519999980926514,4.519999980926514,329200,0.0,0.0
2012-07-11 00:00:00-04:00,4.550000190734863,4.559999942779541,4.489999771118164,4.519999980926514,234000,0.0,0.0
2012-07-12 00:00:00-04:00,4.480000019073486,4.5,4.28000020980835,4.460000038146973,235700,0.0,0.0
2012-07-13 00:00:00-04:00,4.489999771118164,4.539999961853027,4.46999979019165,4.519999980926514,511000,0.0,0.0
2012-07-16 00:00:00-04:00,4.53000020980835,4.559999942779541,4.46999979019165,4.5,139600,0.0,0.0
2012-07-17 00:00:00-04:00,4.53000020980835,4.579999923706055,4.489999771118164,4.559999942779541,547000,0.0,0.0
2012-07-18 00:00:00-04:00,4.570000171661377,4.650000095367432,4.519999980926514,4.650000095367432,159200,0.0,0.0
2012-07-19 00:00:00-04:00,4.659999847412109,4.659999847412109,4.550000190734863,4.559999942779541,120000,0.0,0.0
2012-07-20 00:00:00-04:00,4.510000228881836,4.519999980926514,4.409999847412109,4.440000057220459,174700,0.0,0.0
2012-07-23 00:00:00-04:00,4.360000133514404,4.369999885559082,4.25,4.309999942779541,195700,0.0,0.0
2012-07-24 00:00:00-04:00,4.340000152587891,4.349999904632568,4.239999771118164,4.260000228881836,210600,0.0,0.0
2012-07-25 00:00:00-04:00,4.300000190734863,4.309999942779541,4.210000038146973,4.28000020980835,297600,0.0,0.0
2012-07-26 00:00:00-04:00,4.329999923706055,4.380000114440918,4.269999980926514,4.340000152587891,233600,0.0,0.0
2012-07-27 00:00:00-04:00,4.329999923706055,4.53000020980835,4.28000020980835,4.510000228881836,281500,0.0,0.0
2012-07-30 00:00:00-04:00,4.5,4.53000020980835,4.449999809265137,4.5,201100,0.0,0.0
2012-07-31 00:00:00-04:00,4.46999979019165,4.510000228881836,4.329999923706055,4.360000133514404,322300,0.0,0.0
2012-08-01 00:00:00-04:00,4.369999885559082,4.550000190734863,4.289999961853027,4.309999942779541,432200,0.0,0.0
2012-08-02 00:00:00-04:00,4.320000171661377,4.449999809265137,4.309999942779541,4.389999866485596,182200,0.0,0.0
2012-08-03 00:00:00-04:00,4.409999847412109,4.679999828338623,4.409999847412109,4.619999885559082,401800,0.0,0.0
2012-08-06 00:00:00-04:00,4.610000133514404,4.690000057220459,4.550000190734863,4.559999942779541,223400,0.0,0.0
2012-08-07 00:00:00-04:00,4.559999942779541,4.699999809265137,4.53000020980835,4.630000114440918,238300,0.0,0.0
2012-08-08 00:00:00-04:00,4.599999904632568,4.679999828338623,4.53000020980835,4.639999866485596,118000,0.0,0.0
2012-08-09 00:00:00-04:00,4.639999866485596,4.650000095367432,4.579999923706055,4.599999904632568,120700,0.0,0.0
2012-08-10 00:00:00-04:00,4.570000171661377,4.670000076293945,4.570000171661377,4.590000152587891,161800,0.0,0.0
2012-08-13 00:00:00-04:00,4.559999942779541,4.690000057220459,4.53000020980835,4.679999828338623,299000,0.0,0.0
2012-08-14 00:00:00-04:00,4.659999847412109,4.71999979019165,4.579999923706055,4.670000076293945,509000,0.0,0.0
2012-08-15 00:00:00-04:00,4.639999866485596,4.699999809265137,4.619999885559082,4.670000076293945,319700,0.0,0.0
2012-08-16 00:00:00-04:00,4.679999828338623,4.78000020980835,4.659999847412109,4.78000020980835,334800,0.0,0.0
2012-08-17 00:00:00-04:00,4.75,4.920000076293945,4.730000019073486,4.860000133514404,387400,0.0,0.0
2012-08-20 00:00:00-04:00,4.860000133514404,4.860000133514404,4.730000019073486,4.789999961853027,518000,0.0,0.0
2012-08-21 00:00:00-04:00,4.820000171661377,4.920000076293945,4.78000020980835,4.820000171661377,270300,0.0,0.0
2012-08-22 00:00:00-04:00,4.829999923706055,4.900000095367432,4.75,4.849999904632568,246500,0.0,0.0
2012-08-23 00:00:00-04:00,4.829999923706055,4.840000152587891,4.78000020980835,4.809999942779541,183100,0.0,0.0
2012-08-24 00:00:00-04:00,4.78000020980835,4.849999904632568,4.78000020980835,4.829999923706055,116600,0.0,0.0
2012-08-27 00:00:00-04:00,4.840000152587891,4.909999847412109,4.840000152587891,4.860000133514404,170400,0.0,0.0
2012-08-28 00:00:00-04:00,4.849999904632568,4.920000076293945,4.849999904632568,4.889999866485596,319600,0.0,0.0
2012-08-29 00:00:00-04:00,4.880000114440918,4.949999809265137,4.880000114440918,4.949999809265137,951700,0.0,0.0
2012-08-30 00:00:00-04:00,4.929999828338623,4.960000038146973,4.900000095367432,4.929999828338623,702100,0.0,0.0
2012-08-31 00:00:00-04:00,4.96999979019165,4.96999979019165,4.840000152587891,4.889999866485596,505000,0.0,0.0
2012-09-04 00:00:00-04:00,4.880000114440918,4.96999979019165,4.800000190734863,4.940000057220459,336200,0.0,0.0
2012-09-05 00:00:00-04:00,4.929999828338623,4.960000038146973,4.880000114440918,4.940000057220459,279000,0.0,0.0
2012-09-06 00:00:00-04:00,4.96999979019165,4.989999771118164,4.909999847412109,4.960000038146973,458500,0.0,0.0
2012-09-07 00:00:00-04:00,4.880000114440918,4.989999771118164,4.880000114440918,4.980000019073486,416200,0.0,0.0
2012-09-10 00:00:00-04:00,4.949999809265137,5.0,4.929999828338623,4.96999979019165,310800,0.0,0.0
2012-09-11 00:00:00-04:00,4.989999771118164,5.0,4.940000057220459,4.960000038146973,186700,0.0,0.0
2012-09-12 00:00:00-04:00,4.989999771118164,5.0,4.960000038146973,5.0,141900,0.0,0.0
2012-09-13 00:00:00-04:00,4.989999771118164,5.039999961853027,4.929999828338623,5.0,467700,0.0,0.0
2012-09-14 00:00:00-04:00,5.010000228881836,5.099999904632568,4.949999809265137,5.059999942779541,565500,0.0,0.0
2012-09-17 00:00:00-04:00,5.050000190734863,5.090000152587891,5.019999980926514,5.079999923706055,287200,0.0,0.0
2012-09-18 00:00:00-04:00,5.050000190734863,5.090000152587891,5.0,5.059999942779541,499100,0.0,0.0
2012-09-19 00:00:00-04:00,5.059999942779541,5.059999942779541,4.96999979019165,5.010000228881836,461500,0.0,0.0
2012-09-20 00:00:00-04:00,4.989999771118164,5.059999942779541,4.960000038146973,5.03000020980835,302500,0.0,0.0
2012-09-21 00:00:00-04:00,5.110000133514404,5.110000133514404,5.039999961853027,5.059999942779541,545300,0.0,0.0
2012-09-24 00:00:00-04:00,5.03000020980835,5.150000095367432,5.010000228881836,5.119999885559082,282500,0.0,0.0
2012-09-25 00:00:00-04:00,5.159999847412109,5.239999771118164,5.03000020980835,5.050000190734863,352200,0.0,0.0
2012-09-26 00:00:00-04:00,5.059999942779541,5.119999885559082,5.050000190734863,5.090000152587891,184500,0.0,0.0
2012-09-27 00:00:00-04:00,5.099999904632568,5.130000114440918,4.989999771118164,5.0,214500,0.0,0.0
2012-09-28 00:00:00-04:00,4.949999809265137,5.0,4.829999923706055,4.840000152587891,372400,0.0,0.0
2012-10-01 00:00:00-04:00,4.889999866485596,5.0,4.889999866485596,4.96999979019165,198000,0.0,0.0
2012-10-02 00:00:00-04:00,4.989999771118164,4.989999771118164,4.820000171661377,4.840000152587891,249200,0.0,0.0
2012-10-03 00:00:00-04:00,4.840000152587891,4.949999809265137,4.800000190734863,4.840000152587891,245800,0.0,0.0
2012-10-04 00:00:00-04:00,4.869999885559082,4.949999809265137,4.820000171661377,4.869999885559082,205300,0.0,0.0
2012-10-05 00:00:00-04:00,4.880000114440918,4.940000057220459,4.710000038146973,4.739999771118164,292000,0.0,0.0
2012-10-08 00:00:00-04:00,4.71999979019165,4.96999979019165,4.71999979019165,4.920000076293945,325900,0.0,0.0
2012-10-09 00:00:00-04:00,4.909999847412109,4.96999979019165,4.889999866485596,4.920000076293945,156700,0.0,0.0
2012-10-10 00:00:00-04:00,4.940000057220459,4.989999771118164,4.889999866485596,4.920000076293945,253200,0.0,0.0
2012-10-11 00:00:00-04:00,4.96999979019165,4.96999979019165,4.909999847412109,4.940000057220459,265200,0.0,0.0
2012-10-12 00:00:00-04:00,4.929999828338623,5.0,4.929999828338623,4.949999809265137,178800,0.0,0.0
2012-10-15 00:00:00-04:00,4.949999809265137,4.980000019073486,4.929999828338623,4.960000038146973,238700,0.0,0.0
2012-10-16 00:00:00-04:00,4.980000019073486,5.0,4.920000076293945,5.0,188100,0.0,0.0
2012-10-17 00:00:00-04:00,4.989999771118164,5.010000228881836,4.989999771118164,5.0,184600,0.0,0.0
2012-10-18 00:00:00-04:00,5.0,5.010000228881836,4.920000076293945,4.929999828338623,321100,0.0,0.0
2012-10-19 00:00:00-04:00,4.909999847412109,4.920000076293945,4.650000095367432,4.710000038146973,351500,0.0,0.0
2012-10-22 00:00:00-04:00,4.699999809265137,4.789999961853027,4.679999828338623,4.75,171500,0.0,0.0
2012-10-23 00:00:00-04:00,4.71999979019165,4.739999771118164,4.610000133514404,4.630000114440918,255300,0.0,0.0
2012-10-24 00:00:00-04:00,4.630000114440918,4.690000057220459,4.590000152587891,4.650000095367432,160700,0.0,0.0
2012-10-25 00:00:00-04:00,4.690000057220459,4.800000190734863,4.670000076293945,4.78000020980835,149800,0.0,0.0
2012-10-26 00:00:00-04:00,4.789999961853027,4.820000171661377,4.650000095367432,4.670000076293945,153600,0.0,0.0
2012-10-31 00:00:00-04:00,4.519999980926514,4.730000019073486,4.519999980926514,4.599999904632568,277100,0.0,0.0
2012-11-01 00:00:00-04:00,4.579999923706055,4.610000133514404,4.519999980926514,4.590000152587891,813100,0.0,0.0
2012-11-02 00:00:00-04:00,4.619999885559082,4.659999847412109,4.53000020980835,4.630000114440918,504600,0.0,0.0
2012-11-05 00:00:00-05:00,4.639999866485596,4.75,4.630000114440918,4.710000038146973,223800,0.0,0.0
2012-11-06 00:00:00-05:00,4.710000038146973,4.820000171661377,4.699999809265137,4.75,269200,0.0,0.0
2012-11-07 00:00:00-05:00,4.699999809265137,4.730000019073486,4.639999866485596,4.650000095367432,275800,0.0,0.0
2012-11-08 00:00:00-05:00,4.659999847412109,4.71999979019165,4.639999866485596,4.659999847412109,251400,0.0,0.0
2012-11-09 00:00:00-05:00,4.630000114440918,4.71999979019165,4.599999904632568,4.599999904632568,201400,0.0,0.0
2012-11-12 00:00:00-05:00,4.630000114440918,4.699999809265137,4.599999904632568,4.599999904632568,170300,0.0,0.0
2012-11-13 00:00:00-05:00,4.570000171661377,4.690000057220459,4.559999942779541,4.610000133514404,187800,0.0,0.0
2012-11-14 00:00:00-05:00,4.610000133514404,4.690000057220459,4.570000171661377,4.599999904632568,306900,0.0,0.0
2012-11-15 00:00:00-05:00,4.599999904632568,4.699999809265137,4.53000020980835,4.579999923706055,680900,0.0,0.0
2012-11-16 00:00:00-05:00,4.570000171661377,4.670000076293945,4.539999961853027,4.619999885559082,261400,0.0,0.0
2012-11-19 00:00:00-05:00,4.650000095367432,4.71999979019165,4.639999866485596,4.670000076293945,264600,0.0,0.0
2012-11-20 00:00:00-05:00,4.650000095367432,4.699999809265137,4.570000171661377,4.610000133514404,231100,0.0,0.0
2012-11-21 00:00:00-05:00,4.639999866485596,4.699999809265137,4.610000133514404,4.699999809265137,146400,0.0,0.0
2012-11-23 00:00:00-05:00,4.71999979019165,4.760000228881836,4.699999809265137,4.710000038146973,129400,0.0,0.0
2012-11-26 00:00:00-05:00,4.710000038146973,4.730000019073486,4.670000076293945,4.71999979019165,166500,0.0,0.0
2012-11-27 00:00:00-05:00,4.730000019073486,4.730000019073486,4.670000076293945,4.699999809265137,171100,0.0,0.0
2012-11-28 00:00:00-05:00,4.670000076293945,4.730000019073486,4.650000095367432,4.699999809265137,127600,0.0,0.0
2012-11-29 00:00:00-05:00,4.730000019073486,4.809999942779541,4.71999979019165,4.730000019073486,230800,0.0,0.0
2012-11-30 00:00:00-05:00,4.730000019073486,4.75,4.670000076293945,4.75,444100,0.0,0.0
2012-12-03 00:00:00-05:00,4.929999828338623,4.940000057220459,4.730000019073486,4.820000171661377,597400,0.0,0.0
2012-12-04 00:00:00-05:00,4.789999961853027,4.909999847412109,4.75,4.840000152587891,1884400,0.0,0.0
2012-12-05 00:00:00-05:00,4.869999885559082,4.920000076293945,4.760000228881836,4.840000152587891,403500,0.0,0.0
2012-12-06 00:00:00-05:00,4.840000152587891,4.880000114440918,4.71999979019165,4.869999885559082,500400,0.0,0.0
2012-12-07 00:00:00-05:00,4.880000114440918,4.889999866485596,4.650000095367432,4.699999809265137,267600,0.0,0.0
2012-12-10 00:00:00-05:00,4.710000038146973,4.71999979019165,4.630000114440918,4.650000095367432,207500,0.0,0.0
2012-12-11 00:00:00-05:00,4.699999809265137,4.929999828338623,4.670000076293945,4.860000133514404,486800,0.0,0.0
2012-12-12 00:00:00-05:00,4.869999885559082,4.900000095367432,4.670000076293945,4.679999828338623,230300,0.0,0.0
2012-12-13 00:00:00-05:00,4.690000057220459,4.730000019073486,4.590000152587891,4.599999904632568,363200,0.0,0.0
2012-12-14 00:00:00-05:00,4.570000171661377,4.639999866485596,4.519999980926514,4.599999904632568,368700,0.0,0.0
2012-12-17 00:00:00-05:00,4.630000114440918,4.699999809265137,4.610000133514404,4.679999828338623,306200,0.0,0.0
2012-12-18 00:00:00-05:00,4.699999809265137,4.760000228881836,4.690000057220459,4.75,320500,0.0,0.0
2012-12-19 00:00:00-05:00,4.75,4.800000190734863,4.71999979019165,4.78000020980835,195100,0.0,0.0
2012-12-20 00:00:00-05:00,4.78000020980835,4.840000152587891,4.71999979019165,4.75,393700,0.0,0.0
2012-12-21 00:00:00-05:00,4.739999771118164,4.860000133514404,4.659999847412109,4.849999904632568,800000,0.0,0.0
2012-12-24 00:00:00-05:00,4.849999904632568,4.940000057220459,4.760000228881836,4.929999828338623,167300,0.0,0.0
2012-12-26 00:00:00-05:00,4.920000076293945,4.920000076293945,4.769999980926514,4.809999942779541,321400,0.0,0.0
2012-12-27 00:00:00-05:00,4.809999942779541,4.880000114440918,4.739999771118164,4.829999923706055,168700,0.0,0.0
2012-12-28 00:00:00-05:00,4.820000171661377,4.840000152587891,4.739999771118164,4.760000228881836,196900,0.0,0.0
2012-12-31 00:00:00-05:00,4.75,4.889999866485596,4.679999828338623,4.880000114440918,522400,0.0,0.0
2013-01-02 00:00:00-05:00,4.989999771118164,4.989999771118164,4.869999885559082,4.96999979019165,653200,0.0,0.0
2013-01-03 00:00:00-05:00,4.960000038146973,5.019999980926514,4.900000095367432,5.0,602900,0.0,0.0
2013-01-04 00:00:00-05:00,5.019999980926514,5.079999923706055,4.989999771118164,5.079999923706055,371700,0.0,0.0
2013-01-07 00:00:00-05:00,5.070000171661377,5.150000095367432,5.050000190734863,5.150000095367432,586200,0.0,0.0
2013-01-08 00:00:00-05:00,5.159999847412109,5.199999809265137,5.099999904632568,5.190000057220459,494500,0.0,0.0
2013-01-09 00:00:00-05:00,5.199999809265137,5.230000019073486,5.179999828338623,5.21999979019165,416200,0.0,0.0
2013-01-10 00:00:00-05:00,5.21999979019165,5.25,5.179999828338623,5.21999979019165,536100,0.0,0.0
2013-01-11 00:00:00-05:00,5.239999771118164,5.28000020980835,5.170000076293945,5.269999980926514,478600,0.0,0.0
2013-01-14 00:00:00-05:00,5.269999980926514,5.389999866485596,5.159999847412109,5.260000228881836,443600,0.0,0.0
2013-01-15 00:00:00-05:00,5.239999771118164,5.360000133514404,5.159999847412109,5.199999809265137,872300,0.0,0.0
2013-01-16 00:00:00-05:00,5.190000057220459,5.25,5.150000095367432,5.190000057220459,396100,0.0,0.0
2013-01-17 00:00:00-05:00,5.190000057220459,5.230000019073486,5.099999904632568,5.179999828338623,515700,0.0,0.0
2013-01-18 00:00:00-05:00,5.190000057220459,5.230000019073486,5.150000095367432,5.190000057220459,721500,0.0,0.0
2013-01-22 00:00:00-05:00,5.199999809265137,5.269999980926514,5.099999904632568,5.239999771118164,579300,0.0,0.0
2013-01-23 00:00:00-05:00,5.230000019073486,5.230000019073486,5.099999904632568,5.190000057220459,557800,0.0,0.0
2013-01-24 00:00:00-05:00,5.179999828338623,5.28000020980835,5.159999847412109,5.179999828338623,296400,0.0,0.0
2013-01-25 00:00:00-05:00,5.190000057220459,5.230000019073486,5.099999904632568,5.199999809265137,569100,0.0,0.0
2013-01-28 00:00:00-05:00,5.21999979019165,5.269999980926514,5.130000114440918,5.230000019073486,350800,0.0,0.0
2013-01-29 00:00:00-05:00,5.210000038146973,5.239999771118164,5.159999847412109,5.199999809265137,454100,0.0,0.0
2013-01-30 00:00:00-05:00,5.190000057220459,5.210000038146973,5.050000190734863,5.090000152587891,402400,0.0,0.0
2013-01-31 00:00:00-05:00,5.099999904632568,5.150000095367432,5.039999961853027,5.059999942779541,578800,0.0,0.0
2013-02-01 00:00:00-05:00,5.110000133514404,5.190000057220459,5.0,5.139999866485596,1355200,0.0,0.0
2013-02-04 00:00:00-05:00,5.070000171661377,5.130000114440918,4.980000019073486,4.980000019073486,489000,0.0,0.0
2013-02-05 00:00:00-05:00,5.119999885559082,5.269999980926514,5.090000152587891,5.260000228881836,699000,0.0,0.0
2013-02-06 00:00:00-05:00,5.21999979019165,5.329999923706055,5.150000095367432,5.329999923706055,459700,0.0,0.0
2013-02-07 00:00:00-05:00,5.309999942779541,5.320000171661377,5.289999961853027,5.300000190734863,318600,0.0,0.0
2013-02-08 00:00:00-05:00,5.300000190734863,5.360000133514404,5.269999980926514,5.340000152587891,305600,0.0,0.0
2013-02-11 00:00:00-05:00,5.340000152587891,5.380000114440918,5.309999942779541,5.360000133514404,911500,0.0,0.0
2013-02-12 00:00:00-05:00,5.360000133514404,5.480000019073486,5.349999904632568,5.460000038146973,367600,0.0,0.0
2013-02-13 00:00:00-05:00,5.460000038146973,5.550000190734863,5.440000057220459,5.550000190734863,583100,0.0,0.0
2013-02-14 00:00:00-05:00,5.519999980926514,5.639999866485596,5.489999771118164,5.610000133514404,2439400,0.0,0.0
2013-02-15 00:00:00-05:00,5.639999866485596,5.670000076293945,5.599999904632568,5.650000095367432,624000,0.0,0.0
2013-02-19 00:00:00-05:00,5.420000076293945,5.659999847412109,5.349999904632568,5.619999885559082,1115400,0.0,0.0
2013-02-20 00:00:00-05:00,5.599999904632568,5.650000095367432,5.5,5.619999885559082,896600,0.0,0.0
2013-02-21 00:00:00-05:00,5.21999979019165,5.730000019073486,5.21999979019165,5.519999980926514,1017400,0.0,0.0
2013-02-22 00:00:00-05:00,5.510000228881836,5.570000171661377,5.440000057220459,5.519999980926514,1304300,0.0,0.0
2013-02-25 00:00:00-05:00,5.550000190734863,5.599999904632568,5.53000020980835,5.539999961853027,636200,0.0,0.0
2013-02-26 00:00:00-05:00,5.550000190734863,5.610000133514404,5.539999961853027,5.579999923706055,938700,0.0,0.0
2013-02-27 00:00:00-05:00,5.590000152587891,5.730000019073486,5.570000171661377,5.659999847412109,496400,0.0,0.0
2013-02-28 00:00:00-05:00,5.619999885559082,5.670000076293945,5.590000152587891,5.659999847412109,566400,0.0,0.0
2013-03-01 00:00:00-05:00,5.619999885559082,5.690000057220459,5.570000171661377,5.659999847412109,472900,0.0,0.0
2013-03-04 00:00:00-05:00,5.650000095367432,5.710000038146973,5.650000095367432,5.699999809265137,426100,0.0,0.0
2013-03-05 00:00:00-05:00,5.75,5.820000171661377,5.730000019073486,5.78000020980835,1580100,0.0,0.0
2013-03-06 00:00:00-05:00,5.800000190734863,5.829999923706055,5.730000019073486,5.78000020980835,890600,0.0,0.0
2013-03-07 00:00:00-05:00,5.78000020980835,5.849999904632568,5.679999828338623,5.809999942779541,362200,0.0,0.0
2013-03-08 00:00:00-05:00,5.829999923706055,5.849999904632568,5.78000020980835,5.809999942779541,401700,0.0,0.0
2013-03-11 00:00:00-04:00,5.760000228881836,5.809999942779541,5.739999771118164,5.78000020980835,331600,0.0,0.0
2013-03-12 00:00:00-04:00,5.789999961853027,5.809999942779541,5.710000038146973,5.710000038146973,350300,0.0,0.0
2013-03-13 00:00:00-04:00,5.699999809265137,5.829999923706055,5.690000057220459,5.800000190734863,1270900,0.0,0.0
2013-03-14 00:00:00-04:00,5.829999923706055,5.860000133514404,5.78000020980835,5.809999942779541,452400,0.0,0.0
2013-03-15 00:00:00-04:00,5.820000171661377,5.840000152587891,5.760000228881836,5.800000190734863,952600,0.0,0.0
2013-03-18 00:00:00-04:00,5.739999771118164,5.820000171661377,5.71999979019165,5.739999771118164,366700,0.0,0.0
2013-03-19 00:00:00-04:00,5.739999771118164,5.820000171661377,5.690000057220459,5.739999771118164,842300,0.0,0.0
2013-03-20 00:00:00-04:00,5.78000020980835,5.800000190734863,5.690000057220459,5.800000190734863,251400,0.0,0.0
2013-03-21 00:00:00-04:00,5.75,5.800000190734863,5.710000038146973,5.75,572300,0.0,0.0
2013-03-22 00:00:00-04:00,5.75,5.840000152587891,5.739999771118164,5.769999980926514,244600,0.0,0.0
2013-03-25 00:00:00-04:00,5.800000190734863,5.809999942779541,5.75,5.78000020980835,390400,0.0,0.0
2013-03-26 00:00:00-04:00,5.809999942779541,5.809999942779541,5.699999809265137,5.78000020980835,465500,0.0,0.0
2013-03-27 00:00:00-04:00,5.760000228881836,5.809999942779541,5.739999771118164,5.769999980926514,337400,0.0,0.0
2013-03-28 00:00:00-04:00,5.789999961853027,5.829999923706055,5.769999980926514,5.78000020980835,399900,0.0,0.0
2013-04-01 00:00:00-04:00,5.75,5.809999942779541,5.590000152587891,5.639999866485596,521700,0.0,0.0
2013-04-02 00:00:00-04:00,5.699999809265137,5.760000228881836,5.670000076293945,5.699999809265137,532900,0.0,0.0
2013-04-03 00:00:00-04:00,5.690000057220459,5.71999979019165,5.619999885559082,5.639999866485596,350500,0.0,0.0
2013-04-04 00:00:00-04:00,5.630000114440918,5.699999809265137,5.610000133514404,5.699999809265137,220400,0.0,0.0
2013-04-05 00:00:00-04:00,5.630000114440918,5.699999809265137,5.630000114440918,5.670000076293945,365300,0.0,0.0
2013-04-08 00:00:00-04:00,5.679999828338623,5.679999828338623,5.579999923706055,5.639999866485596,253600,0.0,0.0
2013-04-09 00:00:00-04:00,5.659999847412109,5.690000057220459,5.610000133514404,5.610000133514404,300800,0.0,0.0
2013-04-10 00:00:00-04:00,5.610000133514404,5.710000038146973,5.610000133514404,5.670000076293945,403300,0.0,0.0
2013-04-11 00:00:00-04:00,5.650000095367432,5.730000019073486,5.630000114440918,5.630000114440918,292600,0.0,0.0
2013-04-12 00:00:00-04:00,5.599999904632568,5.639999866485596,5.539999961853027,5.619999885559082,338800,0.0,0.0
2013-04-15 00:00:00-04:00,5.610000133514404,5.630000114440918,5.400000095367432,5.400000095367432,548100,0.0,0.0
2013-04-16 00:00:00-04:00,5.449999809265137,5.519999980926514,5.389999866485596,5.489999771118164,438200,0.0,0.0
2013-04-17 00:00:00-04:00,5.46999979019165,5.53000020980835,5.369999885559082,5.429999828338623,411100,0.0,0.0
2013-04-18 00:00:00-04:00,5.449999809265137,5.599999904632568,5.429999828338623,5.519999980926514,477800,0.0,0.0
2013-04-19 00:00:00-04:00,5.510000228881836,5.599999904632568,5.510000228881836,5.559999942779541,302000,0.0,0.0
2013-04-22 00:00:00-04:00,5.590000152587891,5.610000133514404,5.449999809265137,5.510000228881836,248400,0.0,0.0
2013-04-23 00:00:00-04:00,5.510000228881836,5.610000133514404,5.489999771118164,5.510000228881836,371000,0.0,0.0
2013-04-24 00:00:00-04:00,5.489999771118164,5.590000152587891,5.489999771118164,5.539999961853027,237600,0.0,0.0
2013-04-25 00:00:00-04:00,5.75,5.769999980926514,5.599999904632568,5.670000076293945,3191500,0.0,0.0
2013-04-26 00:00:00-04:00,5.679999828338623,5.739999771118164,5.619999885559082,5.639999866485596,462700,0.0,0.0
2013-04-29 00:00:00-04:00,5.679999828338623,5.71999979019165,5.659999847412109,5.690000057220459,302800,0.0,0.0
2013-04-30 00:00:00-04:00,5.71999979019165,5.71999979019165,5.599999904632568,5.670000076293945,400500,0.0,0.0
2013-05-01 00:00:00-04:00,5.889999866485596,5.900000095367432,5.639999866485596,5.690000057220459,1521300,0.0,0.0
2013-05-02 00:00:00-04:00,5.690000057220459,5.75,5.679999828338623,5.690000057220459,473300,0.0,0.0
2013-05-03 00:00:00-04:00,5.739999771118164,5.75,5.71999979019165,5.730000019073486,463100,0.0,0.0
2013-05-06 00:00:00-04:00,5.75,5.760000228881836,5.71999979019165,5.739999771118164,352700,0.0,0.0
2013-05-07 00:00:00-04:00,5.730000019073486,5.760000228881836,5.610000133514404,5.739999771118164,538800,0.0,0.0
2013-05-08 00:00:00-04:00,5.710000038146973,5.769999980926514,5.699999809265137,5.75,767800,0.0,0.0
2013-05-09 00:00:00-04:00,5.730000019073486,5.949999809265137,5.699999809265137,5.940000057220459,1083600,0.0,0.0
2013-05-10 00:00:00-04:00,5.949999809265137,6.130000114440918,5.829999923706055,6.090000152587891,2315000,0.0,0.0
2013-05-13 00:00:00-04:00,6.099999904632568,6.110000133514404,5.929999828338623,5.949999809265137,621800,0.0,0.0
2013-05-14 00:00:00-04:00,5.980000019073486,6.039999961853027,5.960000038146973,6.019999980926514,327700,0.0,0.0
2013-05-15 00:00:00-04:00,5.989999771118164,6.079999923706055,5.940000057220459,5.940000057220459,267000,0.0,0.0
2013-05-16 00:00:00-04:00,5.949999809265137,5.949999809265137,5.880000114440918,5.889999866485596,198700,0.0,0.0
2013-05-17 00:00:00-04:00,5.929999828338623,5.989999771118164,5.869999885559082,5.920000076293945,630000,0.0,0.0
2013-05-20 00:00:00-04:00,5.880000114440918,5.960000038146973,5.869999885559082,5.920000076293945,374900,0.0,0.0
2013-05-21 00:00:00-04:00,5.940000057220459,6.010000228881836,5.880000114440918,6.010000228881836,828700,0.0,0.0
2013-05-22 00:00:00-04:00,6.0,6.130000114440918,5.960000038146973,6.0,1243400,0.0,0.0
2013-05-23 00:00:00-04:00,5.96999979019165,6.039999961853027,5.96999979019165,6.03000020980835,263300,0.0,0.0
2013-05-24 00:00:00-04:00,5.980000019073486,6.039999961853027,5.920000076293945,6.0,280000,0.0,0.0
2013-05-28 00:00:00-04:00,6.050000190734863,6.150000095367432,6.010000228881836,6.119999885559082,886400,0.0,0.0
2013-05-29 00:00:00-04:00,6.099999904632568,6.119999885559082,5.989999771118164,6.039999961853027,246700,0.0,0.0
2013-05-30 00:00:00-04:00,6.070000171661377,6.190000057220459,6.03000020980835,6.050000190734863,336100,0.0,0.0
2013-05-31 00:00:00-04:00,6.010000228881836,6.059999942779541,6.0,6.03000020980835,395500,0.0,0.0
2013-06-03 00:00:00-04:00,6.039999961853027,6.099999904632568,5.96999979019165,6.059999942779541,710500,0.0,0.0
2013-06-04 00:00:00-04:00,6.070000171661377,6.090000152587891,5.989999771118164,6.019999980926514,1267100,0.0,0.0
2013-06-05 00:00:00-04:00,6.019999980926514,6.090000152587891,6.0,6.059999942779541,397300,0.0,0.0
2013-06-06 00:00:00-04:00,6.079999923706055,6.150000095367432,6.03000020980835,6.139999866485596,508000,0.0,0.0
2013-06-07 00:00:00-04:00,6.190000057220459,6.230000019073486,6.110000133514404,6.21999979019165,422700,0.0,0.0
2013-06-10 00:00:00-04:00,6.21999979019165,6.239999771118164,6.099999904632568,6.170000076293945,469000,0.0,0.0
2013-06-11 00:00:00-04:00,6.130000114440918,6.130000114440918,6.050000190734863,6.090000152587891,261200,0.0,0.0
2013-06-12 00:00:00-04:00,6.130000114440918,6.150000095367432,5.960000038146973,5.960000038146973,262100,0.0,0.0
2013-06-13 00:00:00-04:00,5.960000038146973,6.050000190734863,5.940000057220459,6.019999980926514,856000,0.0,0.0
2013-06-14 00:00:00-04:00,6.03000020980835,6.03000020980835,5.889999866485596,5.940000057220459,324900,0.0,0.0
2013-06-17 00:00:00-04:00,5.989999771118164,6.059999942779541,5.849999904632568,5.860000133514404,390100,0.0,0.0
2013-06-18 00:00:00-04:00,5.849999904632568,5.949999809265137,5.829999923706055,5.909999847412109,399200,0.0,0.0
2013-06-19 00:00:00-04:00,5.920000076293945,5.960000038146973,5.809999942779541,5.809999942779541,426700,0.0,0.0
2013-06-20 00:00:00-04:00,5.760000228881836,5.809999942779541,5.46999979019165,5.46999979019165,1312600,0.0,0.0
2013-06-21 00:00:00-04:00,5.5,5.539999961853027,5.380000114440918,5.389999866485596,1290800,0.0,0.0
2013-06-24 00:00:00-04:00,5.329999923706055,5.389999866485596,5.269999980926514,5.349999904632568,913600,0.0,0.0
2013-06-25 00:00:00-04:00,5.380000114440918,5.46999979019165,5.349999904632568,5.420000076293945,1073100,0.0,0.0
2013-06-26 00:00:00-04:00,5.460000038146973,5.5,5.460000038146973,5.46999979019165,737400,0.0,0.0
2013-06-27 00:00:00-04:00,5.519999980926514,5.619999885559082,5.46999979019165,5.579999923706055,907400,0.0,0.0
2013-06-28 00:00:00-04:00,5.550000190734863,5.699999809265137,5.539999961853027,5.619999885559082,1492000,0.0,0.0
2013-07-01 00:00:00-04:00,5.679999828338623,5.78000020980835,5.630000114440918,5.71999979019165,520100,0.0,0.0
2013-07-02 00:00:00-04:00,5.710000038146973,5.800000190734863,5.610000133514404,5.619999885559082,431100,0.0,0.0
2013-07-03 00:00:00-04:00,5.619999885559082,5.760000228881836,5.619999885559082,5.730000019073486,466700,0.0,0.0
2013-07-05 00:00:00-04:00,5.800000190734863,5.820000171661377,5.739999771118164,5.809999942779541,318700,0.0,0.0
2013-07-08 00:00:00-04:00,5.809999942779541,5.900000095367432,5.730000019073486,5.769999980926514,745500,0.0,0.0
2013-07-09 00:00:00-04:00,5.809999942779541,6.019999980926514,5.789999961853027,5.889999866485596,1099300,0.0,0.0
2013-07-10 00:00:00-04:00,5.900000095367432,5.909999847412109,5.800000190734863,5.840000152587891,431800,0.0,0.0
2013-07-11 00:00:00-04:00,5.900000095367432,5.949999809265137,5.829999923706055,5.909999847412109,545900,0.0,0.0
2013-07-12 00:00:00-04:00,5.900000095367432,5.960000038146973,5.889999866485596,5.940000057220459,521600,0.0,0.0
2013-07-15 00:00:00-04:00,5.949999809265137,6.010000228881836,5.889999866485596,5.920000076293945,298100,0.0,0.0
2013-07-16 00:00:00-04:00,5.909999847412109,6.019999980926514,5.860000133514404,5.989999771118164,271000,0.0,0.0
2013-07-17 00:00:00-04:00,6.03000020980835,6.070000171661377,5.940000057220459,5.980000019073486,538300,0.0,0.0
2013-07-18 00:00:00-04:00,5.980000019073486,6.03000020980835,5.909999847412109,5.909999847412109,238200,0.0,0.0
2013-07-19 00:00:00-04:00,5.900000095367432,5.929999828338623,5.860000133514404,5.880000114440918,204100,0.0,0.0
2013-07-22 00:00:00-04:00,5.869999885559082,5.900000095367432,5.820000171661377,5.820000171661377,235400,0.0,0.0
2013-07-23 00:00:00-04:00,5.829999923706055,5.829999923706055,5.670000076293945,5.670000076293945,321100,0.0,0.0
2013-07-24 00:00:00-04:00,5.690000057220459,5.699999809265137,5.610000133514404,5.670000076293945,418200,0.0,0.0
2013-07-25 00:00:00-04:00,5.670000076293945,5.769999980926514,5.659999847412109,5.760000228881836,333600,0.0,0.0
2013-07-26 00:00:00-04:00,5.710000038146973,5.849999904632568,5.710000038146973,5.800000190734863,556200,0.0,0.0
2013-07-29 00:00:00-04:00,5.800000190734863,5.869999885559082,5.800000190734863,5.840000152587891,752000,0.0,0.0
2013-07-30 00:00:00-04:00,5.53000020980835,5.78000020980835,5.409999847412109,5.590000152587891,1701700,0.0,0.0
2013-07-31 00:00:00-04:00,5.559999942779541,5.760000228881836,5.550000190734863,5.690000057220459,675300,0.0,0.0
2013-08-01 00:00:00-04:00,5.71999979019165,5.840000152587891,5.659999847412109,5.710000038146973,494900,0.0,0.0
2013-08-02 00:00:00-04:00,5.710000038146973,5.789999961853027,5.690000057220459,5.78000020980835,621200,0.0,0.0
2013-08-05 00:00:00-04:00,5.78000020980835,5.800000190734863,5.710000038146973,5.71999979019165,330800,0.0,0.0
2013-08-06 00:00:00-04:00,5.71999979019165,5.75,5.599999904632568,5.650000095367432,302400,0.0,0.0
2013-08-07 00:00:00-04:00,5.630000114440918,5.690000057220459,5.559999942779541,5.559999942779541,322100,0.0,0.0
2013-08-08 00:00:00-04:00,5.559999942779541,5.760000228881836,5.550000190734863,5.730000019073486,366000,0.0,0.0
2013-08-09 00:00:00-04:00,5.730000019073486,5.769999980926514,5.699999809265137,5.699999809265137,205000,0.0,0.0
2013-08-12 00:00:00-04:00,5.690000057220459,5.730000019073486,5.659999847412109,5.679999828338623,195900,0.0,0.0
2013-08-13 00:00:00-04:00,5.670000076293945,5.760000228881836,5.630000114440918,5.75,222300,0.0,0.0
2013-08-14 00:00:00-04:00,5.75,5.829999923706055,5.730000019073486,5.769999980926514,322100,0.0,0.0
2013-08-15 00:00:00-04:00,5.71999979019165,5.730000019073486,5.590000152587891,5.590000152587891,259800,0.0,0.0
2013-08-16 00:00:00-04:00,5.550000190734863,5.639999866485596,5.489999771118164,5.5,387500,0.0,0.0
2013-08-19 00:00:00-04:00,5.510000228881836,5.590000152587891,5.489999771118164,5.489999771118164,281600,0.0,0.0
2013-08-20 00:00:00-04:00,5.489999771118164,5.670000076293945,5.489999771118164,5.670000076293945,214400,0.0,0.0
2013-08-21 00:00:00-04:00,5.659999847412109,5.659999847412109,5.559999942779541,5.610000133514404,204600,0.0,0.0
2013-08-22 00:00:00-04:00,5.639999866485596,5.739999771118164,5.590000152587891,5.730000019073486,151900,0.0,0.0
2013-08-23 00:00:00-04:00,5.75,5.75,5.659999847412109,5.679999828338623,162500,0.0,0.0
2013-08-26 00:00:00-04:00,5.679999828338623,5.730000019073486,5.650000095367432,5.679999828338623,244500,0.0,0.0
2013-08-27 00:00:00-04:00,5.610000133514404,5.670000076293945,5.480000019073486,5.480000019073486,303700,0.0,0.0
2013-08-28 00:00:00-04:00,5.46999979019165,5.579999923706055,5.46999979019165,5.570000171661377,195500,0.0,0.0
2013-08-29 00:00:00-04:00,5.559999942779541,5.659999847412109,5.559999942779541,5.659999847412109,192800,0.0,0.0
2013-08-30 00:00:00-04:00,5.639999866485596,5.670000076293945,5.599999904632568,5.619999885559082,481200,0.0,0.0
2013-09-03 00:00:00-04:00,5.590000152587891,5.650000095367432,5.510000228881836,5.610000133514404,847400,0.0,0.0
2013-09-04 00:00:00-04:00,5.599999904632568,5.679999828338623,5.599999904632568,5.610000133514404,2571800,0.0,0.0
2013-09-05 00:00:00-04:00,5.599999904632568,5.730000019073486,5.599999904632568,5.71999979019165,222800,0.0,0.0
2013-09-06 00:00:00-04:00,5.739999771118164,5.800000190734863,5.630000114440918,5.739999771118164,333900,0.0,0.0
2013-09-09 00:00:00-04:00,5.739999771118164,5.809999942779541,5.730000019073486,5.809999942779541,279700,0.0,0.0
2013-09-10 00:00:00-04:00,5.820000171661377,5.989999771118164,5.820000171661377,5.940000057220459,574500,0.0,0.0
2013-09-11 00:00:00-04:00,5.960000038146973,6.0,5.869999885559082,5.900000095367432,1073400,0.0,0.0
2013-09-12 00:00:00-04:00,5.889999866485596,6.139999866485596,5.889999866485596,6.119999885559082,1451500,0.0,0.0
2013-09-13 00:00:00-04:00,6.150000095367432,6.230000019073486,6.090000152587891,6.139999866485596,544600,0.0,0.0
2013-09-16 00:00:00-04:00,6.179999828338623,6.25,6.110000133514404,6.139999866485596,545300,0.0,0.0
2013-09-17 00:00:00-04:00,6.130000114440918,6.239999771118164,6.130000114440918,6.21999979019165,469900,0.0,0.0
2013-09-18 00:00:00-04:00,6.199999809265137,6.349999904632568,6.179999828338623,6.340000152587891,774400,0.0,0.0
2013-09-19 00:00:00-04:00,6.329999923706055,6.369999885559082,6.28000020980835,6.349999904632568,230200,0.0,0.0
2013-09-20 00:00:00-04:00,6.360000133514404,6.369999885559082,6.21999979019165,6.21999979019165,505000,0.0,0.0
2013-09-23 00:00:00-04:00,6.199999809265137,6.239999771118164,6.079999923706055,6.210000038146973,316200,0.0,0.0
2013-09-24 00:00:00-04:00,6.21999979019165,6.230000019073486,6.150000095367432,6.159999847412109,299400,0.0,0.0
2013-09-25 00:00:00-04:00,6.150000095367432,6.199999809265137,6.119999885559082,6.130000114440918,215800,0.0,0.0
2013-09-26 00:00:00-04:00,6.130000114440918,6.199999809265137,6.070000171661377,6.110000133514404,293500,0.0,0.0
2013-09-27 00:00:00-04:00,6.110000133514404,6.21999979019165,6.099999904632568,6.190000057220459,257400,0.0,0.0
2013-09-30 00:00:00-04:00,6.139999866485596,6.179999828338623,6.070000171661377,6.110000133514404,507600,0.0,0.0
2013-10-01 00:00:00-04:00,6.130000114440918,6.210000038146973,6.090000152587891,6.190000057220459,351000,0.0,0.0
2013-10-02 00:00:00-04:00,6.179999828338623,6.239999771118164,6.139999866485596,6.21999979019165,439900,0.0,0.0
2013-10-03 00:00:00-04:00,6.210000038146973,6.230000019073486,6.099999904632568,6.130000114440918,285900,0.0,0.0
2013-10-04 00:00:00-04:00,6.130000114440918,6.25,6.130000114440918,6.230000019073486,220800,0.0,0.0
2013-10-07 00:00:00-04:00,6.190000057220459,6.230000019073486,6.110000133514404,6.110000133514404,272300,0.0,0.0
2013-10-08 00:00:00-04:00,6.130000114440918,6.170000076293945,6.010000228881836,6.070000171661377,599400,0.0,0.0
2013-10-09 00:00:00-04:00,6.070000171661377,6.159999847412109,6.019999980926514,6.050000190734863,936300,0.0,0.0
2013-10-10 00:00:00-04:00,6.139999866485596,6.230000019073486,6.090000152587891,6.230000019073486,336300,0.0,0.0
2013-10-11 00:00:00-04:00,6.199999809265137,6.349999904632568,6.079999923706055,6.320000171661377,284200,0.0,0.0
2013-10-14 00:00:00-04:00,6.28000020980835,6.429999828338623,6.239999771118164,6.420000076293945,289600,0.0,0.0
2013-10-15 00:00:00-04:00,6.389999866485596,6.449999809265137,6.300000190734863,6.320000171661377,302400,0.0,0.0
2013-10-16 00:00:00-04:00,6.369999885559082,6.400000095367432,6.230000019073486,6.349999904632568,214500,0.0,0.0
2013-10-17 00:00:00-04:00,6.300000190734863,6.400000095367432,6.28000020980835,6.389999866485596,165200,0.0,0.0
2013-10-18 00:00:00-04:00,6.400000095367432,6.440000057220459,6.320000171661377,6.440000057220459,310300,0.0,0.0
2013-10-21 00:00:00-04:00,6.440000057220459,6.510000228881836,6.369999885559082,6.369999885559082,315100,0.0,0.0
2013-10-22 00:00:00-04:00,6.389999866485596,6.550000190734863,6.369999885559082,6.539999961853027,251000,0.0,0.0
2013-10-23 00:00:00-04:00,6.519999980926514,6.53000020980835,6.369999885559082,6.400000095367432,244300,0.0,0.0
2013-10-24 00:00:00-04:00,6.409999847412109,6.480000019073486,6.389999866485596,6.460000038146973,202900,0.0,0.0
2013-10-25 00:00:00-04:00,6.5,6.53000020980835,6.440000057220459,6.46999979019165,158200,0.0,0.0
2013-10-28 00:00:00-04:00,6.46999979019165,6.619999885559082,6.440000057220459,6.599999904632568,308700,0.0,0.0
2013-10-29 00:00:00-04:00,6.599999904632568,6.619999885559082,6.289999961853027,6.349999904632568,416400,0.0,0.0
2013-10-30 00:00:00-04:00,6.369999885559082,6.449999809265137,6.300000190734863,6.389999866485596,251600,0.0,0.0
2013-10-31 00:00:00-04:00,6.389999866485596,6.429999828338623,6.320000171661377,6.349999904632568,326000,0.0,0.0
2013-11-01 00:00:00-04:00,6.340000152587891,6.400000095367432,6.309999942779541,6.380000114440918,467100,0.0,0.0
2013-11-04 00:00:00-05:00,6.380000114440918,6.400000095367432,6.300000190734863,6.329999923706055,411200,0.0,0.0
2013-11-05 00:00:00-05:00,6.309999942779541,6.570000171661377,6.300000190734863,6.539999961853027,270400,0.0,0.0
2013-11-06 00:00:00-05:00,6.559999942779541,6.599999904632568,6.420000076293945,6.510000228881836,300900,0.0,0.0
2013-11-07 00:00:00-05:00,6.519999980926514,6.599999904632568,6.489999771118164,6.5,311800,0.0,0.0
2013-11-08 00:00:00-05:00,6.5,6.690000057220459,6.5,6.659999847412109,333500,0.0,0.0
2013-11-11 00:00:00-05:00,6.659999847412109,6.75,6.559999942779541,6.71999979019165,165800,0.0,0.0
2013-11-12 00:00:00-05:00,6.71999979019165,6.769999980926514,6.679999828338623,6.699999809265137,369400,0.0,0.0
2013-11-13 00:00:00-05:00,6.659999847412109,6.840000152587891,6.510000228881836,6.829999923706055,402900,0.0,0.0
2013-11-14 00:00:00-05:00,6.829999923706055,6.900000095367432,6.789999961853027,6.869999885559082,251600,0.0,0.0
2013-11-15 00:00:00-05:00,6.900000095367432,6.929999828338623,6.829999923706055,6.909999847412109,777100,0.0,0.0
2013-11-18 00:00:00-05:00,6.909999847412109,6.989999771118164,6.909999847412109,6.960000038146973,661400,0.0,0.0
2013-11-19 00:00:00-05:00,6.980000019073486,7.0,6.929999828338623,6.96999979019165,469700,0.0,0.0
2013-11-20 00:00:00-05:00,6.989999771118164,7.079999923706055,6.980000019073486,7.010000228881836,716600,0.0,0.0
2013-11-21 00:00:00-05:00,7.070000171661377,7.150000095367432,7.010000228881836,7.150000095367432,470200,0.0,0.0
2013-11-22 00:00:00-05:00,7.150000095367432,7.25,7.130000114440918,7.21999979019165,552400,0.0,0.0
2013-11-25 00:00:00-05:00,7.269999980926514,7.360000133514404,7.150000095367432,7.300000190734863,428800,0.0,0.0
2013-11-26 00:00:00-05:00,7.289999961853027,7.510000228881836,7.289999961853027,7.5,922000,0.0,0.0
2013-11-27 00:00:00-05:00,7.21999979019165,7.400000095367432,7.130000114440918,7.260000228881836,686100,0.0,0.0
2013-11-29 00:00:00-05:00,7.309999942779541,7.309999942779541,7.190000057220459,7.199999809265137,269600,0.0,0.0
2013-12-02 00:00:00-05:00,7.340000152587891,7.429999828338623,7.25,7.300000190734863,787400,0.0,0.0
2013-12-03 00:00:00-05:00,7.309999942779541,7.380000114440918,7.269999980926514,7.349999904632568,1664000,0.0,0.0
2013-12-04 00:00:00-05:00,7.300000190734863,7.429999828338623,7.190000057220459,7.28000020980835,568300,0.0,0.0
2013-12-05 00:00:00-05:00,7.260000228881836,7.340000152587891,7.21999979019165,7.300000190734863,323000,0.0,0.0
2013-12-06 00:00:00-05:00,7.349999904632568,7.400000095367432,7.269999980926514,7.309999942779541,326100,0.0,0.0
2013-12-09 00:00:00-05:00,7.320000171661377,7.360000133514404,7.269999980926514,7.289999961853027,609700,0.0,0.0
2013-12-10 00:00:00-05:00,7.260000228881836,7.340000152587891,7.110000133514404,7.139999866485596,421200,0.0,0.0
2013-12-11 00:00:00-05:00,7.130000114440918,7.159999847412109,7.010000228881836,7.119999885559082,362200,0.0,0.0
2013-12-12 00:00:00-05:00,7.150000095367432,7.179999828338623,7.070000171661377,7.110000133514404,449100,0.0,0.0
2013-12-13 00:00:00-05:00,7.150000095367432,7.199999809265137,7.070000171661377,7.070000171661377,336400,0.0,0.0
2013-12-16 00:00:00-05:00,7.059999942779541,7.199999809265137,7.050000190734863,7.150000095367432,273300,0.0,0.0
2013-12-17 00:00:00-05:00,7.170000076293945,7.170000076293945,7.010000228881836,7.039999961853027,427500,0.0,0.0
2013-12-18 00:00:00-05:00,7.039999961853027,7.199999809265137,6.949999809265137,7.179999828338623,439200,0.0,0.0
2013-12-19 00:00:00-05:00,7.150000095367432,7.199999809265137,7.050000190734863,7.119999885559082,184600,0.0,0.0
2013-12-20 00:00:00-05:00,7.119999885559082,7.300000190734863,7.110000133514404,7.199999809265137,908500,0.0,0.0
2013-12-23 00:00:00-05:00,7.260000228881836,7.340000152587891,7.190000057220459,7.300000190734863,554500,0.0,0.0
2013-12-24 00:00:00-05:00,7.329999923706055,7.449999809265137,7.269999980926514,7.400000095367432,188300,0.0,0.0
2013-12-26 00:00:00-05:00,7.440000057220459,7.480000019073486,7.360000133514404,7.369999885559082,172000,0.0,0.0
2013-12-27 00:00:00-05:00,7.400000095367432,7.449999809265137,7.300000190734863,7.409999847412109,217000,0.0,0.0
2013-12-30 00:00:00-05:00,7.420000076293945,7.489999771118164,7.369999885559082,7.400000095367432,269800,0.0,0.0
2013-12-31 00:00:00-05:00,7.440000057220459,7.46999979019165,7.179999828338623,7.190000057220459,372300,0.0,0.0
2014-01-02 00:00:00-05:00,7.170000076293945,7.210000038146973,7.079999923706055,7.190000057220459,284300,0.0,0.0
2014-01-03 00:00:00-05:00,7.159999847412109,7.349999904632568,7.159999847412109,7.21999979019165,338200,0.0,0.0
2014-01-06 00:00:00-05:00,7.230000019073486,7.230000019073486,6.909999847412109,6.909999847412109,338000,0.0,0.0
2014-01-07 00:00:00-05:00,6.929999828338623,7.03000020980835,6.760000228881836,6.900000095367432,258900,0.0,0.0
2014-01-08 00:00:00-05:00,6.900000095367432,7.0,6.650000095367432,6.960000038146973,345000,0.0,0.0
2014-01-09 00:00:00-05:00,7.0,7.0,6.75,6.900000095367432,626400,0.0,0.0
2014-01-10 00:00:00-05:00,6.920000076293945,6.96999979019165,6.860000133514404,6.929999828338623,325500,0.0,0.0
2014-01-13 00:00:00-05:00,6.889999866485596,7.019999980926514,6.800000190734863,6.860000133514404,309500,0.0,0.0
2014-01-14 00:00:00-05:00,6.880000114440918,7.050000190734863,6.849999904632568,7.039999961853027,220200,0.0,0.0
2014-01-15 00:00:00-05:00,7.050000190734863,7.159999847412109,7.03000020980835,7.150000095367432,254900,0.0,0.0
2014-01-16 00:00:00-05:00,7.110000133514404,7.170000076293945,7.079999923706055,7.099999904632568,187000,0.0,0.0
2014-01-17 00:00:00-05:00,7.110000133514404,7.159999847412109,7.099999904632568,7.119999885559082,227000,0.0,0.0
2014-01-21 00:00:00-05:00,7.170000076293945,7.199999809265137,7.070000171661377,7.110000133514404,325800,0.0,0.0
2014-01-22 00:00:00-05:00,7.119999885559082,7.170000076293945,7.070000171661377,7.110000133514404,207200,0.0,0.0
2014-01-23 00:00:00-05:00,7.070000171661377,7.199999809265137,7.070000171661377,7.139999866485596,327100,0.0,0.0
2014-01-24 00:00:00-05:00,7.090000152587891,7.21999979019165,6.860000133514404,6.900000095367432,368300,0.0,0.0
2014-01-27 00:00:00-05:00,6.889999866485596,7.039999961853027,6.820000171661377,6.929999828338623,588400,0.0,0.0
2014-01-28 00:00:00-05:00,6.96999979019165,6.980000019073486,6.880000114440918,6.929999828338623,579800,0.0,0.0
2014-01-29 00:00:00-05:00,6.880000114440918,6.929999828338623,6.769999980926514,6.800000190734863,477300,0.0,0.0
2014-01-30 00:00:00-05:00,6.860000133514404,7.050000190734863,6.840000152587891,6.960000038146973,434700,0.0,0.0
2014-01-31 00:00:00-05:00,6.840000152587891,7.010000228881836,6.800000190734863,6.860000133514404,600800,0.0,0.0
2014-02-03 00:00:00-05:00,6.849999904632568,6.980000019073486,6.420000076293945,6.429999828338623,747700,0.0,0.0
2014-02-04 00:00:00-05:00,6.440000057220459,6.570000171661377,6.400000095367432,6.440000057220459,544700,0.0,0.0
2014-02-05 00:00:00-05:00,6.409999847412109,6.539999961853027,6.289999961853027,6.309999942779541,483300,0.0,0.0
2014-02-06 00:00:00-05:00,6.320000171661377,6.489999771118164,6.289999961853027,6.300000190734863,896600,0.0,0.0
2014-02-07 00:00:00-05:00,6.309999942779541,6.429999828338623,6.289999961853027,6.389999866485596,601600,0.0,0.0
2014-02-10 00:00:00-05:00,6.380000114440918,6.579999923706055,6.309999942779541,6.539999961853027,515400,0.0,0.0
2014-02-11 00:00:00-05:00,6.579999923706055,6.800000190734863,6.369999885559082,6.760000228881836,530900,0.0,0.0
2014-02-12 00:00:00-05:00,6.760000228881836,6.829999923706055,6.650000095367432,6.679999828338623,403700,0.0,0.0
2014-02-13 00:00:00-05:00,6.630000114440918,6.849999904632568,6.630000114440918,6.679999828338623,542000,0.0,0.0
2014-02-14 00:00:00-05:00,6.690000057220459,6.699999809265137,6.599999904632568,6.630000114440918,307800,0.0,0.0
2014-02-18 00:00:00-05:00,6.409999847412109,6.579999923706055,6.289999961853027,6.5,624500,0.0,0.0
2014-02-19 00:00:00-05:00,6.449999809265137,6.5,6.349999904632568,6.429999828338623,855700,0.0,0.0
2014-02-20 00:00:00-05:00,6.619999885559082,6.78000020980835,6.320000171661377,6.5,906400,0.0,0.0
2014-02-21 00:00:00-05:00,6.53000020980835,6.550000190734863,6.409999847412109,6.489999771118164,1170300,0.0,0.0
2014-02-24 00:00:00-05:00,6.480000019073486,6.619999885559082,6.480000019073486,6.510000228881836,378600,0.0,0.0
2014-02-25 00:00:00-05:00,6.519999980926514,6.599999904632568,6.510000228881836,6.539999961853027,365200,0.0,0.0
2014-02-26 00:00:00-05:00,6.559999942779541,6.71999979019165,6.559999942779541,6.690000057220459,400600,0.0,0.0
2014-02-27 00:00:00-05:00,6.690000057220459,6.789999961853027,6.639999866485596,6.769999980926514,375100,0.0,0.0
2014-02-28 00:00:00-05:00,6.789999961853027,6.920000076293945,6.75,6.800000190734863,414800,0.0,0.0
2014-03-03 00:00:00-05:00,6.630000114440918,6.769999980926514,6.269999980926514,6.329999923706055,1793900,0.0,0.0
2014-03-04 00:00:00-05:00,6.429999828338623,6.650000095367432,6.369999885559082,6.579999923706055,3460400,0.0,0.0
2014-03-05 00:00:00-05:00,6.559999942779541,6.690000057220459,6.5,6.590000152587891,535200,0.0,0.0
2014-03-06 00:00:00-05:00,6.590000152587891,6.679999828338623,6.510000228881836,6.599999904632568,446900,0.0,0.0
2014-03-07 00:00:00-05:00,6.650000095367432,6.710000038146973,6.579999923706055,6.670000076293945,394600,0.0,0.0
2014-03-10 00:00:00-04:00,6.670000076293945,6.840000152587891,6.670000076293945,6.800000190734863,382500,0.0,0.0
2014-03-11 00:00:00-04:00,6.829999923706055,6.869999885559082,6.710000038146973,6.75,362800,0.0,0.0
2014-03-12 00:00:00-04:00,6.739999771118164,6.840000152587891,6.699999809265137,6.820000171661377,346300,0.0,0.0
2014-03-13 00:00:00-04:00,6.860000133514404,6.860000133514404,6.699999809265137,6.739999771118164,362600,0.0,0.0
2014-03-14 00:00:00-04:00,6.699999809265137,6.829999923706055,6.590000152587891,6.75,257600,0.0,0.0
2014-03-17 00:00:00-04:00,6.769999980926514,6.909999847412109,6.699999809265137,6.71999979019165,284500,0.0,0.0
2014-03-18 00:00:00-04:00,6.699999809265137,6.860000133514404,6.699999809265137,6.789999961853027,245200,0.0,0.0
2014-03-19 00:00:00-04:00,6.760000228881836,6.789999961853027,6.630000114440918,6.679999828338623,260000,0.0,0.0
2014-03-20 00:00:00-04:00,6.650000095367432,6.730000019073486,6.610000133514404,6.670000076293945,232300,0.0,0.0
2014-03-21 00:00:00-04:00,6.699999809265137,6.800000190734863,6.659999847412109,6.699999809265137,448200,0.0,0.0
2014-03-24 00:00:00-04:00,6.699999809265137,6.710000038146973,6.519999980926514,6.570000171661377,365800,0.0,0.0
2014-03-25 00:00:00-04:00,6.579999923706055,6.71999979019165,6.510000228881836,6.519999980926514,275500,0.0,0.0
2014-03-26 00:00:00-04:00,6.570000171661377,6.570000171661377,6.380000114440918,6.380000114440918,501500,0.0,0.0
2014-03-27 00:00:00-04:00,6.349999904632568,6.440000057220459,6.260000228881836,6.409999847412109,388200,0.0,0.0
2014-03-28 00:00:00-04:00,6.409999847412109,6.539999961853027,6.360000133514404,6.389999866485596,318500,0.0,0.0
2014-03-31 00:00:00-04:00,6.400000095367432,6.53000020980835,6.400000095367432,6.429999828338623,372500,0.0,0.0
2014-04-01 00:00:00-04:00,6.449999809265137,6.639999866485596,6.449999809265137,6.599999904632568,253500,0.0,0.0
2014-04-02 00:00:00-04:00,6.599999904632568,6.619999885559082,6.489999771118164,6.559999942779541,241700,0.0,0.0
2014-04-03 00:00:00-04:00,6.550000190734863,6.650000095367432,6.510000228881836,6.550000190734863,340500,0.0,0.0
2014-04-04 00:00:00-04:00,6.610000133514404,6.639999866485596,6.400000095367432,6.409999847412109,475100,0.0,0.0
2014-04-07 00:00:00-04:00,6.400000095367432,6.440000057220459,6.309999942779541,6.360000133514404,410600,0.0,0.0
2014-04-08 00:00:00-04:00,6.380000114440918,6.5,6.349999904632568,6.429999828338623,319000,0.0,0.0
2014-04-09 00:00:00-04:00,6.460000038146973,6.53000020980835,6.440000057220459,6.510000228881836,438700,0.0,0.0
2014-04-10 00:00:00-04:00,6.480000019073486,6.550000190734863,6.360000133514404,6.380000114440918,465900,0.0,0.0
2014-04-11 00:00:00-04:00,6.320000171661377,6.440000057220459,6.260000228881836,6.260000228881836,375900,0.0,0.0
2014-04-14 00:00:00-04:00,6.349999904632568,6.420000076293945,6.25,6.300000190734863,400200,0.0,0.0
2014-04-15 00:00:00-04:00,6.320000171661377,6.320000171661377,6.130000114440918,6.269999980926514,492600,0.0,0.0
2014-04-16 00:00:00-04:00,6.289999961853027,6.309999942779541,6.230000019073486,6.269999980926514,344800,0.0,0.0
2014-04-17 00:00:00-04:00,6.260000228881836,6.400000095367432,6.260000228881836,6.360000133514404,209200,0.0,0.0
2014-04-21 00:00:00-04:00,6.360000133514404,6.460000038146973,6.329999923706055,6.349999904632568,305300,0.0,0.0
2014-04-22 00:00:00-04:00,6.369999885559082,6.539999961853027,6.369999885559082,6.5,251300,0.0,0.0
2014-04-23 00:00:00-04:00,6.46999979019165,6.550000190734863,6.320000171661377,6.340000152587891,406500,0.0,0.0
2014-04-24 00:00:00-04:00,6.400000095367432,6.559999942779541,6.309999942779541,6.480000019073486,365300,0.0,0.0
2014-04-25 00:00:00-04:00,6.420000076293945,6.539999961853027,6.309999942779541,6.309999942779541,478000,0.0,0.0
2014-04-28 00:00:00-04:00,6.309999942779541,6.449999809265137,6.230000019073486,6.269999980926514,481700,0.0,0.0
2014-04-29 00:00:00-04:00,6.300000190734863,6.679999828338623,6.25,6.650000095367432,592200,0.0,0.0
2014-04-30 00:00:00-04:00,6.599999904632568,6.789999961853027,6.53000020980835,6.739999771118164,706600,0.0,0.0
2014-05-01 00:00:00-04:00,6.710000038146973,6.710000038146973,6.619999885559082,6.690000057220459,689000,0.0,0.0
2014-05-02 00:00:00-04:00,6.730000019073486,6.840000152587891,6.730000019073486,6.75,410300,0.0,0.0
2014-05-05 00:00:00-04:00,6.670000076293945,6.78000020980835,6.650000095367432,6.690000057220459,283500,0.0,0.0
2014-05-06 00:00:00-04:00,6.630000114440918,6.699999809265137,6.550000190734863,6.590000152587891,434700,0.0,0.0
2014-05-07 00:00:00-04:00,6.630000114440918,6.699999809265137,6.559999942779541,6.690000057220459,471500,0.0,0.0
2014-05-08 00:00:00-04:00,6.690000057220459,6.769999980926514,6.550000190734863,6.570000171661377,387500,0.0,0.0
2014-05-09 00:00:00-04:00,6.53000020980835,6.71999979019165,6.449999809265137,6.710000038146973,334800,0.0,0.0
2014-05-12 00:00:00-04:00,6.730000019073486,6.929999828338623,6.730000019073486,6.789999961853027,515400,0.0,0.0
2014-05-13 00:00:00-04:00,6.789999961853027,6.809999942779541,6.650000095367432,6.659999847412109,371000,0.0,0.0
2014-05-14 00:00:00-04:00,6.619999885559082,6.860000133514404,6.519999980926514,6.519999980926514,486800,0.0,0.0
2014-05-15 00:00:00-04:00,6.519999980926514,6.599999904632568,6.489999771118164,6.550000190734863,440200,0.0,0.0
2014-05-16 00:00:00-04:00,6.53000020980835,6.650000095367432,6.53000020980835,6.639999866485596,320300,0.0,0.0
2014-05-19 00:00:00-04:00,6.639999866485596,6.679999828338623,6.590000152587891,6.639999866485596,204700,0.0,0.0
2014-05-20 00:00:00-04:00,6.599999904632568,6.690000057220459,6.440000057220459,6.449999809265137,506300,0.0,0.0
2014-05-21 00:00:00-04:00,6.5,6.539999961853027,6.380000114440918,6.480000019073486,255400,0.0,0.0
2014-05-22 00:00:00-04:00,6.46999979019165,6.559999942779541,6.46999979019165,6.550000190734863,148200,0.0,0.0
2014-05-23 00:00:00-04:00,6.570000171661377,6.699999809265137,6.539999961853027,6.670000076293945,254600,0.0,0.0
2014-05-27 00:00:00-04:00,6.739999771118164,6.869999885559082,6.690000057220459,6.78000020980835,239000,0.0,0.0
2014-05-28 00:00:00-04:00,6.739999771118164,6.739999771118164,6.519999980926514,6.550000190734863,467000,0.0,0.0
2014-05-29 00:00:00-04:00,6.559999942779541,6.670000076293945,6.510000228881836,6.539999961853027,341000,0.0,0.0
2014-05-30 00:00:00-04:00,6.550000190734863,6.619999885559082,6.449999809265137,6.5,956400,0.0,0.0
2014-06-02 00:00:00-04:00,6.550000190734863,6.559999942779541,6.489999771118164,6.539999961853027,658600,0.0,0.0
2014-06-03 00:00:00-04:00,6.539999961853027,6.539999961853027,6.440000057220459,6.460000038146973,627600,0.0,0.0
2014-06-04 00:00:00-04:00,6.400000095367432,6.5,6.400000095367432,6.480000019073486,386000,0.0,0.0
2014-06-05 00:00:00-04:00,6.480000019073486,6.570000171661377,6.429999828338623,6.550000190734863,610700,0.0,0.0
2014-06-06 00:00:00-04:00,6.519999980926514,6.639999866485596,6.5,6.550000190734863,600600,0.0,0.0
2014-06-09 00:00:00-04:00,6.53000020980835,6.639999866485596,6.53000020980835,6.619999885559082,353300,0.0,0.0
2014-06-10 00:00:00-04:00,6.570000171661377,6.650000095367432,6.550000190734863,6.639999866485596,306900,0.0,0.0
2014-06-11 00:00:00-04:00,6.579999923706055,6.650000095367432,6.539999961853027,6.570000171661377,257900,0.0,0.0
2014-06-12 00:00:00-04:00,6.53000020980835,6.579999923706055,6.389999866485596,6.389999866485596,628200,0.0,0.0
2014-06-13 00:00:00-04:00,6.429999828338623,6.489999771118164,6.289999961853027,6.409999847412109,958800,0.0,0.0
2014-06-16 00:00:00-04:00,6.429999828338623,6.449999809265137,6.360000133514404,6.440000057220459,239000,0.0,0.0
2014-06-17 00:00:00-04:00,6.420000076293945,6.519999980926514,6.329999923706055,6.449999809265137,530700,0.0,0.0
2014-06-18 00:00:00-04:00,6.420000076293945,6.539999961853027,6.340000152587891,6.539999961853027,1140200,0.0,0.0
2014-06-19 00:00:00-04:00,6.590000152587891,6.619999885559082,6.5,6.519999980926514,333500,0.0,0.0
2014-06-20 00:00:00-04:00,6.570000171661377,6.590000152587891,6.480000019073486,6.559999942779541,631200,0.0,0.0
2014-06-23 00:00:00-04:00,6.539999961853027,6.599999904632568,6.449999809265137,6.559999942779541,502600,0.0,0.0
2014-06-24 00:00:00-04:00,6.53000020980835,6.630000114440918,6.510000228881836,6.550000190734863,424000,0.0,0.0
2014-06-25 00:00:00-04:00,6.5,6.610000133514404,6.449999809265137,6.599999904632568,359800,0.0,0.0
2014-06-26 00:00:00-04:00,6.570000171661377,6.610000133514404,6.510000228881836,6.53000020980835,263800,0.0,0.0
2014-06-27 00:00:00-04:00,6.489999771118164,6.599999904632568,6.489999771118164,6.550000190734863,875800,0.0,0.0
2014-06-30 00:00:00-04:00,6.519999980926514,6.570000171661377,6.489999771118164,6.519999980926514,316200,0.0,0.0
2014-07-01 00:00:00-04:00,6.570000171661377,6.670000076293945,6.550000190734863,6.579999923706055,491500,0.0,0.0
2014-07-02 00:00:00-04:00,6.550000190734863,6.590000152587891,6.46999979019165,6.519999980926514,262100,0.0,0.0
2014-07-03 00:00:00-04:00,6.570000171661377,6.639999866485596,6.510000228881836,6.610000133514404,145900,0.0,0.0
2014-07-07 00:00:00-04:00,6.570000171661377,6.570000171661377,6.480000019073486,6.489999771118164,400800,0.0,0.0
2014-07-08 00:00:00-04:00,6.449999809265137,6.539999961853027,6.360000133514404,6.440000057220459,504500,0.0,0.0
2014-07-09 00:00:00-04:00,6.440000057220459,6.510000228881836,6.369999885559082,6.449999809265137,458500,0.0,0.0
2014-07-10 00:00:00-04:00,6.300000190734863,6.46999979019165,6.269999980926514,6.429999828338623,347200,0.0,0.0
2014-07-11 00:00:00-04:00,6.400000095367432,6.440000057220459,6.369999885559082,6.380000114440918,322400,0.0,0.0
2014-07-14 00:00:00-04:00,6.429999828338623,6.460000038146973,6.329999923706055,6.329999923706055,586900,0.0,0.0
2014-07-15 00:00:00-04:00,6.349999904632568,6.389999866485596,6.289999961853027,6.300000190734863,694500,0.0,0.0
2014-07-16 00:00:00-04:00,6.349999904632568,6.389999866485596,6.289999961853027,6.289999961853027,468700,0.0,0.0
2014-07-17 00:00:00-04:00,6.260000228881836,6.320000171661377,6.190000057220459,6.199999809265137,473900,0.0,0.0
2014-07-18 00:00:00-04:00,6.179999828338623,6.329999923706055,6.179999828338623,6.28000020980835,969000,0.0,0.0
2014-07-21 00:00:00-04:00,6.25,6.289999961853027,6.230000019073486,6.25,1059800,0.0,0.0
2014-07-22 00:00:00-04:00,6.300000190734863,6.329999923706055,6.239999771118164,6.28000020980835,613600,0.0,0.0
2014-07-23 00:00:00-04:00,6.269999980926514,6.340000152587891,6.25,6.28000020980835,308500,0.0,0.0
2014-07-24 00:00:00-04:00,6.320000171661377,6.349999904632568,6.260000228881836,6.289999961853027,273900,0.0,0.0
2014-07-25 00:00:00-04:00,6.239999771118164,6.320000171661377,6.210000038146973,6.289999961853027,667800,0.0,0.0
2014-07-28 00:00:00-04:00,6.28000020980835,6.329999923706055,6.230000019073486,6.28000020980835,980500,0.0,0.0
2014-07-29 00:00:00-04:00,6.329999923706055,7.039999961853027,6.320000171661377,6.909999847412109,2068400,0.0,0.0
2014-07-30 00:00:00-04:00,6.96999979019165,7.079999923706055,6.900000095367432,6.989999771118164,715300,0.0,0.0
2014-07-31 00:00:00-04:00,6.900000095367432,7.0,6.849999904632568,6.849999904632568,543500,0.0,0.0
2014-08-01 00:00:00-04:00,6.880000114440918,6.940000057220459,6.75,6.78000020980835,333300,0.0,0.0
2014-08-04 00:00:00-04:00,6.800000190734863,6.829999923706055,6.710000038146973,6.760000228881836,533000,0.0,0.0
2014-08-05 00:00:00-04:00,6.730000019073486,6.860000133514404,6.690000057220459,6.789999961853027,319600,0.0,0.0
2014-08-06 00:00:00-04:00,6.730000019073486,6.909999847412109,6.730000019073486,6.820000171661377,254100,0.0,0.0
2014-08-07 00:00:00-04:00,6.829999923706055,6.869999885559082,6.699999809265137,6.75,321400,0.0,0.0
2014-08-08 00:00:00-04:00,6.75,6.860000133514404,6.710000038146973,6.820000171661377,253100,0.0,0.0
2014-08-11 00:00:00-04:00,6.869999885559082,6.96999979019165,6.800000190734863,6.929999828338623,280800,0.0,0.0
2014-08-12 00:00:00-04:00,6.889999866485596,6.940000057220459,6.769999980926514,6.820000171661377,215300,0.0,0.0
2014-08-13 00:00:00-04:00,6.860000133514404,6.889999866485596,6.760000228881836,6.769999980926514,430300,0.0,0.0
2014-08-14 00:00:00-04:00,6.75,6.809999942779541,6.730000019073486,6.769999980926514,140400,0.0,0.0
2014-08-15 00:00:00-04:00,6.840000152587891,6.849999904632568,6.650000095367432,6.730000019073486,256700,0.0,0.0
2014-08-18 00:00:00-04:00,6.800000190734863,6.809999942779541,6.739999771118164,6.78000020980835,182400,0.0,0.0
2014-08-19 00:00:00-04:00,6.769999980926514,6.829999923706055,6.739999771118164,6.75,138100,0.0,0.0
2014-08-20 00:00:00-04:00,6.699999809265137,6.820000171661377,6.690000057220459,6.800000190734863,316500,0.0,0.0
2014-08-21 00:00:00-04:00,6.809999942779541,6.840000152587891,6.75,6.809999942779541,191500,0.0,0.0
2014-08-22 00:00:00-04:00,6.800000190734863,6.960000038146973,6.78000020980835,6.820000171661377,193800,0.0,0.0
2014-08-25 00:00:00-04:00,6.849999904632568,6.920000076293945,6.829999923706055,6.849999904632568,211300,0.0,0.0
2014-08-26 00:00:00-04:00,6.860000133514404,6.940000057220459,6.809999942779541,6.860000133514404,382100,0.0,0.0
2014-08-27 00:00:00-04:00,6.880000114440918,6.880000114440918,6.820000171661377,6.820000171661377,190000,0.0,0.0
2014-08-28 00:00:00-04:00,6.769999980926514,6.840000152587891,6.730000019073486,6.809999942779541,343600,0.0,0.0
2014-08-29 00:00:00-04:00,6.809999942779541,6.840000152587891,6.760000228881836,6.829999923706055,331500,0.0,0.0
2014-09-02 00:00:00-04:00,6.880000114440918,6.949999809265137,6.820000171661377,6.909999847412109,374800,0.0,0.0
2014-09-03 00:00:00-04:00,6.920000076293945,7.039999961853027,6.920000076293945,6.96999979019165,351900,0.0,0.0
2014-09-04 00:00:00-04:00,7.099999904632568,7.099999904632568,6.949999809265137,7.0,218300,0.0,0.0
2014-09-05 00:00:00-04:00,6.949999809265137,7.059999942779541,6.949999809265137,7.039999961853027,217100,0.0,0.0
2014-09-08 00:00:00-04:00,7.050000190734863,7.050000190734863,6.989999771118164,7.010000228881836,234100,0.0,0.0
2014-09-09 00:00:00-04:00,6.989999771118164,7.090000152587891,6.989999771118164,7.059999942779541,620900,0.0,0.0
2014-09-10 00:00:00-04:00,7.079999923706055,7.110000133514404,7.039999961853027,7.059999942779541,251500,0.0,0.0
2014-09-11 00:00:00-04:00,7.050000190734863,7.139999866485596,7.019999980926514,7.130000114440918,374500,0.0,0.0
2014-09-12 00:00:00-04:00,7.150000095367432,7.170000076293945,7.0,7.070000171661377,345200,0.0,0.0
2014-09-15 00:00:00-04:00,7.039999961853027,7.110000133514404,7.0,7.010000228881836,239600,0.0,0.0
2014-09-16 00:00:00-04:00,7.0,7.150000095367432,7.0,7.119999885559082,511000,0.0,0.0
2014-09-17 00:00:00-04:00,7.130000114440918,7.159999847412109,7.059999942779541,7.079999923706055,209200,0.0,0.0
2014-09-18 00:00:00-04:00,7.090000152587891,7.159999847412109,7.090000152587891,7.150000095367432,223000,0.0,0.0
2014-09-19 00:00:00-04:00,7.150000095367432,7.260000228881836,7.150000095367432,7.190000057220459,531000,0.0,0.0
2014-09-22 00:00:00-04:00,7.139999866485596,7.190000057220459,7.119999885559082,7.179999828338623,300100,0.0,0.0
2014-09-23 00:00:00-04:00,7.179999828338623,7.28000020980835,7.090000152587891,7.110000133514404,409200,0.0,0.0
2014-09-24 00:00:00-04:00,7.150000095367432,7.159999847412109,7.070000171661377,7.090000152587891,292400,0.0,0.0
2014-09-25 00:00:00-04:00,7.059999942779541,7.110000133514404,6.949999809265137,7.059999942779541,300300,0.0,0.0
2014-09-26 00:00:00-04:00,7.059999942779541,7.139999866485596,6.96999979019165,7.110000133514404,206300,0.0,0.0
2014-09-29 00:00:00-04:00,7.03000020980835,7.110000133514404,7.03000020980835,7.090000152587891,253700,0.0,0.0
2014-09-30 00:00:00-04:00,7.099999904632568,7.139999866485596,7.03000020980835,7.03000020980835,486700,0.0,0.0
2014-10-01 00:00:00-04:00,7.010000228881836,7.059999942779541,6.920000076293945,6.940000057220459,487300,0.0,0.0
2014-10-02 00:00:00-04:00,6.920000076293945,7.130000114440918,6.920000076293945,7.090000152587891,341600,0.0,0.0
2014-10-03 00:00:00-04:00,7.159999847412109,7.269999980926514,7.139999866485596,7.269999980926514,434700,0.0,0.0
2014-10-06 00:00:00-04:00,7.260000228881836,7.309999942779541,7.119999885559082,7.150000095367432,411100,0.0,0.0
2014-10-07 00:00:00-04:00,7.070000171661377,7.210000038146973,7.050000190734863,7.139999866485596,301400,0.0,0.0
2014-10-08 00:00:00-04:00,7.150000095367432,7.289999961853027,7.090000152587891,7.28000020980835,496700,0.0,0.0
2014-10-09 00:00:00-04:00,7.289999961853027,7.369999885559082,7.230000019073486,7.239999771118164,503000,0.0,0.0
2014-10-10 00:00:00-04:00,7.199999809265137,7.369999885559082,7.199999809265137,7.269999980926514,474300,0.0,0.0
2014-10-13 00:00:00-04:00,7.300000190734863,7.480000019073486,7.25,7.460000038146973,546300,0.0,0.0
2014-10-14 00:00:00-04:00,7.53000020980835,7.960000038146973,7.5,7.829999923706055,5687200,0.0,0.0
2014-10-15 00:00:00-04:00,7.769999980926514,7.889999866485596,7.619999885559082,7.769999980926514,2393700,0.0,0.0
2014-10-16 00:00:00-04:00,7.630000114440918,7.800000190734863,7.5,7.78000020980835,1014000,0.0,0.0
2014-10-17 00:00:00-04:00,7.860000133514404,7.860000133514404,7.449999809265137,7.460000038146973,716500,0.0,0.0
2014-10-20 00:00:00-04:00,7.440000057220459,7.639999866485596,7.329999923706055,7.639999866485596,380800,0.0,0.0
2014-10-21 00:00:00-04:00,7.650000095367432,7.690000057220459,7.53000020980835,7.610000133514404,337000,0.0,0.0
2014-10-22 00:00:00-04:00,7.650000095367432,7.690000057220459,7.550000190734863,7.650000095367432,498000,0.0,0.0
2014-10-23 00:00:00-04:00,7.699999809265137,7.929999828338623,7.539999961853027,7.579999923706055,810000,0.0,0.0
2014-10-24 00:00:00-04:00,7.599999904632568,7.820000171661377,7.460000038146973,7.800000190734863,371500,0.0,0.0
2014-10-27 00:00:00-04:00,7.800000190734863,7.840000152587891,7.710000038146973,7.71999979019165,1122900,0.0,0.0
2014-10-28 00:00:00-04:00,8.029999732971191,8.699999809265137,7.869999885559082,8.640000343322754,2487900,0.0,0.0
2014-10-29 00:00:00-04:00,8.619999885559082,8.640000343322754,8.420000076293945,8.4399995803833,778000,0.0,0.0
2014-10-30 00:00:00-04:00,8.430000305175781,8.600000381469727,8.420000076293945,8.600000381469727,585500,0.0,0.0
2014-10-31 00:00:00-04:00,8.640000343322754,8.649999618530273,8.470000267028809,8.619999885559082,937900,0.0,0.0
2014-11-03 00:00:00-05:00,8.65999984741211,8.869999885559082,8.65999984741211,8.8100004196167,1221000,0.0,0.0
2014-11-04 00:00:00-05:00,8.8100004196167,9.010000228881836,8.729999542236328,8.880000114440918,1091000,0.0,0.0
2014-11-05 00:00:00-05:00,8.920000076293945,8.949999809265137,8.779999732971191,8.859999656677246,383400,0.0,0.0
2014-11-06 00:00:00-05:00,8.729999542236328,8.9399995803833,8.729999542236328,8.899999618530273,432000,0.0,0.0
2014-11-07 00:00:00-05:00,8.90999984741211,8.920000076293945,8.829999923706055,8.920000076293945,352900,0.0,0.0
2014-11-10 00:00:00-05:00,8.920000076293945,9.100000381469727,8.899999618530273,9.09000015258789,1637700,0.0,0.0
2014-11-11 00:00:00-05:00,9.0600004196167,9.1899995803833,8.930000305175781,8.9399995803833,737500,0.0,0.0
2014-11-12 00:00:00-05:00,8.949999809265137,9.050000190734863,8.819999694824219,9.010000228881836,795400,0.0,0.0
2014-11-13 00:00:00-05:00,9.039999961853027,9.149999618530273,8.850000381469727,8.859999656677246,1232600,0.0,0.0
2014-11-14 00:00:00-05:00,8.899999618530273,8.970000267028809,8.739999771118164,8.90999984741211,650300,0.0,0.0
2014-11-17 00:00:00-05:00,8.930000305175781,9.449999809265137,8.760000228881836,8.869999885559082,409500,0.0,0.0
2014-11-18 00:00:00-05:00,8.90999984741211,8.989999771118164,8.819999694824219,8.90999984741211,279200,0.0,0.0
2014-11-19 00:00:00-05:00,8.90999984741211,8.970000267028809,8.819999694824219,8.949999809265137,503700,0.0,0.0
2014-11-20 00:00:00-05:00,8.890000343322754,9.170000076293945,8.869999885559082,8.920000076293945,411300,0.0,0.0
2014-11-21 00:00:00-05:00,9.039999961853027,9.039999961853027,8.819999694824219,8.890000343322754,472300,0.0,0.0
2014-11-24 00:00:00-05:00,9.170000076293945,9.65999984741211,9.130000114440918,9.59000015258789,1304400,0.0,0.0
2014-11-25 00:00:00-05:00,9.680000305175781,9.75,9.640000343322754,9.65999984741211,872900,0.0,0.0
2014-11-26 00:00:00-05:00,9.65999984741211,9.680000305175781,9.520000457763672,9.569999694824219,273700,0.0,0.0
2014-11-28 00:00:00-05:00,9.609999656677246,10.0,9.600000381469727,9.6899995803833,375000,0.0,0.0
2014-12-01 00:00:00-05:00,9.789999961853027,10.149999618530273,9.760000228881836,9.8100004196167,1840500,0.0,0.0
2014-12-02 00:00:00-05:00,9.859999656677246,10.100000381469727,9.800000190734863,10.0,2238200,0.0,0.0
2014-12-03 00:00:00-05:00,9.989999771118164,9.989999771118164,9.6899995803833,9.90999984741211,1088200,0.0,0.0
2014-12-04 00:00:00-05:00,9.890000343322754,10.09000015258789,9.789999961853027,9.859999656677246,961000,0.0,0.0
2014-12-05 00:00:00-05:00,9.930000305175781,10.069999694824219,9.920000076293945,10.029999732971191,640700,0.0,0.0
2014-12-08 00:00:00-05:00,9.989999771118164,10.100000381469727,9.890000343322754,9.949999809265137,804800,0.0,0.0
2014-12-09 00:00:00-05:00,9.850000381469727,9.960000038146973,9.739999771118164,9.9399995803833,830700,0.0,0.0
2014-12-10 00:00:00-05:00,9.869999885559082,10.079999923706055,9.819999694824219,9.899999618530273,701400,0.0,0.0
2014-12-11 00:00:00-05:00,9.970000267028809,10.460000038146973,9.869999885559082,10.210000038146973,693300,0.0,0.0
2014-12-12 00:00:00-05:00,10.649999618530273,10.729999542236328,10.34000015258789,10.350000381469727,1657900,0.0,0.0
2014-12-15 00:00:00-05:00,10.4399995803833,10.460000038146973,9.739999771118164,9.760000228881836,1364900,0.0,0.0
2014-12-16 00:00:00-05:00,9.619999885559082,9.760000228881836,9.510000228881836,9.59000015258789,858700,0.0,0.0
2014-12-17 00:00:00-05:00,9.640000343322754,10.0,9.640000343322754,9.920000076293945,832600,0.0,0.0
2014-12-18 00:00:00-05:00,10.039999961853027,10.100000381469727,9.829999923706055,9.949999809265137,484400,0.0,0.0
2014-12-19 00:00:00-05:00,9.920000076293945,10.020000457763672,9.8100004196167,9.859999656677246,1129700,0.0,0.0
2014-12-22 00:00:00-05:00,9.890000343322754,10.029999732971191,9.859999656677246,9.960000038146973,672800,0.0,0.0
2014-12-23 00:00:00-05:00,10.0,10.010000228881836,9.899999618530273,9.90999984741211,575100,0.0,0.0
2014-12-24 00:00:00-05:00,9.970000267028809,10.100000381469727,9.9399995803833,9.960000038146973,468200,0.0,0.0
2014-12-26 00:00:00-05:00,10.010000228881836,10.09000015258789,9.970000267028809,9.979999542236328,764300,0.0,0.0
2014-12-29 00:00:00-05:00,9.989999771118164,10.069999694824219,9.979999542236328,9.989999771118164,1431000,0.0,0.0
2014-12-30 00:00:00-05:00,10.010000228881836,10.180000305175781,9.90999984741211,10.069999694824219,2516000,0.0,0.0
2014-12-31 00:00:00-05:00,10.069999694824219,10.40999984741211,10.069999694824219,10.3100004196167,1388900,0.0,0.0
2015-01-02 00:00:00-05:00,10.390000343322754,10.489999771118164,9.989999771118164,10.09000015258789,670200,0.0,0.0
2015-01-05 00:00:00-05:00,10.050000190734863,10.210000038146973,9.949999809265137,9.989999771118164,774700,0.0,0.0
2015-01-06 00:00:00-05:00,10.020000457763672,10.09000015258789,9.609999656677246,9.800000190734863,655400,0.0,0.0
2015-01-07 00:00:00-05:00,9.880000114440918,10.119999885559082,9.850000381469727,9.989999771118164,1223900,0.0,0.0
2015-01-08 00:00:00-05:00,10.069999694824219,10.239999771118164,10.0,10.149999618530273,751900,0.0,0.0
2015-01-09 00:00:00-05:00,10.180000305175781,10.329999923706055,10.069999694824219,10.170000076293945,548100,0.0,0.0
2015-01-12 00:00:00-05:00,10.5,10.770000457763672,10.350000381469727,10.600000381469727,1028900,0.0,0.0
2015-01-13 00:00:00-05:00,10.739999771118164,10.75,10.430000305175781,10.579999923706055,931700,0.0,0.0
2015-01-14 00:00:00-05:00,10.470000267028809,10.90999984741211,10.40999984741211,10.899999618530273,982600,0.0,0.0
2015-01-15 00:00:00-05:00,10.960000038146973,11.0,10.670000076293945,10.779999732971191,897700,0.0,0.0
2015-01-16 00:00:00-05:00,10.739999771118164,11.1899995803833,10.739999771118164,11.149999618530273,1867400,0.0,0.0
2015-01-20 00:00:00-05:00,11.460000038146973,11.579999923706055,11.079999923706055,11.260000228881836,1252200,0.0,0.0
2015-01-21 00:00:00-05:00,11.289999961853027,11.3100004196167,10.819999694824219,10.960000038146973,1013100,0.0,0.0
2015-01-22 00:00:00-05:00,11.0,11.109999656677246,10.920000076293945,11.100000381469727,890600,0.0,0.0
2015-01-23 00:00:00-05:00,11.100000381469727,11.180000305175781,11.010000228881836,11.050000190734863,602400,0.0,0.0
2015-01-26 00:00:00-05:00,11.029999732971191,11.380000114440918,11.029999732971191,11.289999961853027,491100,0.0,0.0
2015-01-27 00:00:00-05:00,11.199999809265137,11.449999809265137,11.15999984741211,11.229999542236328,908900,0.0,0.0
2015-01-28 00:00:00-05:00,11.3100004196167,11.380000114440918,11.069999694824219,11.069999694824219,641500,0.0,0.0
2015-01-29 00:00:00-05:00,11.079999923706055,11.25,10.880000114440918,11.229999542236328,594100,0.0,0.0
2015-01-30 00:00:00-05:00,11.15999984741211,11.199999809265137,10.859999656677246,10.880000114440918,717000,0.0,0.0
2015-02-02 00:00:00-05:00,10.880000114440918,10.949999809265137,10.4399995803833,10.609999656677246,1225700,0.0,0.0
2015-02-03 00:00:00-05:00,10.649999618530273,11.029999732971191,10.579999923706055,11.029999732971191,695800,0.0,0.0
2015-02-04 00:00:00-05:00,10.979999542236328,11.119999885559082,10.880000114440918,11.0,733600,0.0,0.0
2015-02-05 00:00:00-05:00,11.020000457763672,11.109999656677246,10.9399995803833,10.979999542236328,471200,0.0,0.0
2015-02-06 00:00:00-05:00,10.989999771118164,10.989999771118164,10.789999961853027,10.84000015258789,531600,0.0,0.0
2015-02-09 00:00:00-05:00,10.779999732971191,10.920000076293945,10.649999618530273,10.699999809265137,418000,0.0,0.0
2015-02-10 00:00:00-05:00,10.789999961853027,10.920000076293945,10.699999809265137,10.84000015258789,373300,0.0,0.0
2015-02-11 00:00:00-05:00,10.829999923706055,10.970000267028809,10.75,10.829999923706055,275100,0.0,0.0
2015-02-12 00:00:00-05:00,10.819999694824219,10.819999694824219,10.630000114440918,10.649999618530273,489900,0.0,0.0
2015-02-13 00:00:00-05:00,10.619999885559082,10.710000038146973,10.550000190734863,10.680000305175781,324800,0.0,0.0
2015-02-17 00:00:00-05:00,10.6899995803833,10.920000076293945,10.670000076293945,10.819999694824219,540200,0.0,0.0
2015-02-18 00:00:00-05:00,10.84000015258789,11.399999618530273,10.75,11.3100004196167,1678000,0.0,0.0
2015-02-19 00:00:00-05:00,11.0,11.569999694824219,10.970000267028809,11.430000305175781,1670700,0.0,0.0
2015-02-20 00:00:00-05:00,11.5,11.90999984741211,11.390000343322754,11.75,1659800,0.0,0.0
2015-02-23 00:00:00-05:00,11.779999732971191,11.859999656677246,11.449999809265137,11.520000457763672,608200,0.0,0.0
2015-02-24 00:00:00-05:00,11.5600004196167,11.859999656677246,11.5600004196167,11.770000457763672,588600,0.0,0.0
2015-02-25 00:00:00-05:00,11.800000190734863,11.949999809265137,11.720000267028809,11.859999656677246,429300,0.0,0.0
2015-02-26 00:00:00-05:00,11.859999656677246,11.949999809265137,11.699999809265137,11.800000190734863,472700,0.0,0.0
2015-02-27 00:00:00-05:00,11.729999542236328,11.779999732971191,11.489999771118164,11.510000228881836,630800,0.0,0.0
2015-03-02 00:00:00-05:00,11.510000228881836,12.0600004196167,11.510000228881836,11.90999984741211,785700,0.0,0.0
2015-03-03 00:00:00-05:00,11.90999984741211,11.949999809265137,11.640000343322754,11.729999542236328,669300,0.0,0.0
2015-03-04 00:00:00-05:00,11.710000038146973,11.75,11.5,11.510000228881836,549500,0.0,0.0
2015-03-05 00:00:00-05:00,11.569999694824219,11.75,11.449999809265137,11.510000228881836,325700,0.0,0.0
2015-03-06 00:00:00-05:00,11.430000305175781,11.5,11.199999809265137,11.210000038146973,609500,0.0,0.0
2015-03-09 00:00:00-04:00,11.25,11.4399995803833,11.25,11.359999656677246,372700,0.0,0.0
2015-03-10 00:00:00-04:00,11.289999961853027,11.329999923706055,11.149999618530273,11.289999961853027,470000,0.0,0.0
2015-03-11 00:00:00-04:00,11.279999732971191,11.300000190734863,11.029999732971191,11.079999923706055,631500,0.0,0.0
2015-03-12 00:00:00-04:00,11.15999984741211,11.729999542236328,11.15999984741211,11.680000305175781,764800,0.0,0.0
2015-03-13 00:00:00-04:00,11.720000267028809,11.84000015258789,11.380000114440918,11.529999732971191,427200,0.0,0.0
2015-03-16 00:00:00-04:00,11.630000114440918,11.75,11.59000015258789,11.59000015258789,383400,0.0,0.0
2015-03-17 00:00:00-04:00,11.600000381469727,11.779999732971191,11.579999923706055,11.739999771118164,323300,0.0,0.0
2015-03-18 00:00:00-04:00,11.739999771118164,11.789999961853027,11.600000381469727,11.699999809265137,419800,0.0,0.0
2015-03-19 00:00:00-04:00,11.699999809265137,12.069999694824219,11.619999885559082,12.0,809500,0.0,0.0
2015-03-20 00:00:00-04:00,12.029999732971191,12.079999923706055,11.789999961853027,11.789999961853027,690600,0.0,0.0
2015-03-23 00:00:00-04:00,11.760000228881836,11.899999618530273,11.670000076293945,11.819999694824219,344400,0.0,0.0
2015-03-24 00:00:00-04:00,11.8100004196167,11.90999984741211,11.729999542236328,11.829999923706055,309800,0.0,0.0
2015-03-25 00:00:00-04:00,11.789999961853027,11.869999885559082,11.579999923706055,11.600000381469727,515700,0.0,0.0
2015-03-26 00:00:00-04:00,11.520000457763672,11.640000343322754,11.399999618530273,11.510000228881836,399200,0.0,0.0
2015-03-27 00:00:00-04:00,11.539999961853027,11.649999618530273,11.470000267028809,11.550000190734863,368700,0.0,0.0
2015-03-30 00:00:00-04:00,11.600000381469727,11.699999809265137,11.479999542236328,11.489999771118164,528000,0.0,0.0
2015-03-31 00:00:00-04:00,11.460000038146973,11.520000457763672,11.300000190734863,11.399999618530273,416700,0.0,0.0
2015-04-01 00:00:00-04:00,11.380000114440918,11.380000114440918,11.1899995803833,11.279999732971191,546500,0.0,0.0
2015-04-02 00:00:00-04:00,11.399999618530273,11.819999694824219,11.350000381469727,11.680000305175781,1182800,0.0,0.0
2015-04-06 00:00:00-04:00,11.569999694824219,11.789999961853027,11.470000267028809,11.600000381469727,530100,0.0,0.0
2015-04-07 00:00:00-04:00,11.600000381469727,11.6899995803833,11.40999984741211,11.40999984741211,476600,0.0,0.0
2015-04-08 00:00:00-04:00,11.430000305175781,11.760000228881836,11.430000305175781,11.760000228881836,495900,0.0,0.0
2015-04-09 00:00:00-04:00,11.859999656677246,11.920000076293945,11.609999656677246,11.90999984741211,612100,0.0,0.0
2015-04-10 00:00:00-04:00,11.920000076293945,12.079999923706055,11.869999885559082,11.970000267028809,541800,0.0,0.0
2015-04-13 00:00:00-04:00,11.949999809265137,12.0600004196167,11.819999694824219,12.0,517800,0.0,0.0
2015-04-14 00:00:00-04:00,11.949999809265137,12.100000381469727,11.930000305175781,11.989999771118164,614300,0.0,0.0
2015-04-15 00:00:00-04:00,12.050000190734863,12.100000381469727,11.579999923706055,11.680000305175781,771000,0.0,0.0
2015-04-16 00:00:00-04:00,11.6899995803833,11.829999923706055,11.5600004196167,11.579999923706055,925900,0.0,0.0
2015-04-17 00:00:00-04:00,11.520000457763672,11.640000343322754,11.460000038146973,11.550000190734863,471300,0.0,0.0
2015-04-20 00:00:00-04:00,11.630000114440918,11.729999542236328,11.550000190734863,11.729999542236328,396600,0.0,0.0
2015-04-21 00:00:00-04:00,11.75,11.760000228881836,11.5600004196167,11.569999694824219,280200,0.0,0.0
2015-04-22 00:00:00-04:00,11.569999694824219,11.65999984741211,11.380000114440918,11.510000228881836,578200,0.0,0.0
2015-04-23 00:00:00-04:00,11.510000228881836,11.65999984741211,11.479999542236328,11.640000343322754,398500,0.0,0.0
2015-04-24 00:00:00-04:00,11.6899995803833,11.859999656677246,11.619999885559082,11.6899995803833,639100,0.0,0.0
2015-04-27 00:00:00-04:00,11.6899995803833,11.880000114440918,11.539999961853027,11.630000114440918,603400,0.0,0.0
2015-04-28 00:00:00-04:00,11.649999618530273,11.779999732971191,11.430000305175781,11.729999542236328,524600,0.0,0.0
2015-04-29 00:00:00-04:00,11.609999656677246,11.729999542236328,10.640000343322754,10.6899995803833,1304000,0.0,0.0
2015-04-30 00:00:00-04:00,10.65999984741211,10.800000190734863,10.359999656677246,10.40999984741211,902000,0.0,0.0
2015-05-01 00:00:00-04:00,10.460000038146973,10.59000015258789,10.420000076293945,10.569999694824219,682700,0.0,0.0
2015-05-04 00:00:00-04:00,11.069999694824219,11.1899995803833,10.710000038146973,10.880000114440918,1740200,0.0,0.0
2015-05-05 00:00:00-04:00,11.34000015258789,11.34000015258789,10.199999809265137,10.539999961853027,1941000,0.0,0.0
2015-05-06 00:00:00-04:00,10.59000015258789,10.760000228881836,10.5600004196167,10.680000305175781,804600,0.0,0.0
2015-05-07 00:00:00-04:00,10.680000305175781,10.859999656677246,10.640000343322754,10.6899995803833,942000,0.0,0.0
2015-05-08 00:00:00-04:00,10.779999732971191,10.869999885559082,10.630000114440918,10.800000190734863,932300,0.0,0.0
2015-05-11 00:00:00-04:00,10.789999961853027,10.920000076293945,10.729999542236328,10.890000343322754,779000,0.0,0.0
2015-05-12 00:00:00-04:00,10.819999694824219,10.819999694824219,10.539999961853027,10.680000305175781,515500,0.0,0.0
2015-05-13 00:00:00-04:00,10.699999809265137,10.850000381469727,10.489999771118164,10.529999732971191,621000,0.0,0.0
2015-05-14 00:00:00-04:00,10.579999923706055,10.649999618530273,10.40999984741211,10.640000343322754,520100,0.0,0.0
2015-05-15 00:00:00-04:00,10.65999984741211,10.65999984741211,10.239999771118164,10.520000457763672,1067600,0.0,0.0
2015-05-18 00:00:00-04:00,10.470000267028809,10.579999923706055,10.210000038146973,10.25,1238600,0.0,0.0
2015-05-19 00:00:00-04:00,10.270000457763672,10.680000305175781,10.25,10.670000076293945,997700,0.0,0.0
2015-05-20 00:00:00-04:00,10.65999984741211,10.699999809265137,10.510000228881836,10.609999656677246,359500,0.0,0.0
2015-05-21 00:00:00-04:00,10.649999618530273,10.6899995803833,10.529999732971191,10.600000381469727,494600,0.0,0.0
2015-05-22 00:00:00-04:00,10.609999656677246,10.630000114440918,10.460000038146973,10.470000267028809,442300,0.0,0.0
2015-05-26 00:00:00-04:00,10.460000038146973,10.460000038146973,10.300000190734863,10.359999656677246,366400,0.0,0.0
2015-05-27 00:00:00-04:00,10.399999618530273,10.619999885559082,10.34000015258789,10.510000228881836,510800,0.0,0.0
2015-05-28 00:00:00-04:00,10.520000457763672,10.619999885559082,10.510000228881836,10.5600004196167,235300,0.0,0.0
2015-05-29 00:00:00-04:00,10.569999694824219,10.640000343322754,10.420000076293945,10.430000305175781,432200,0.0,0.0
2015-06-01 00:00:00-04:00,10.430000305175781,10.529999732971191,10.350000381469727,10.390000343322754,502500,0.0,0.0
2015-06-02 00:00:00-04:00,10.319999694824219,10.869999885559082,10.319999694824219,10.869999885559082,1276500,0.0,0.0
2015-06-03 00:00:00-04:00,10.84000015258789,10.850000381469727,10.449999809265137,10.649999618530273,1130000,0.0,0.0
2015-06-04 00:00:00-04:00,10.619999885559082,10.770000457763672,10.5600004196167,10.569999694824219,572600,0.0,0.0
2015-06-05 00:00:00-04:00,11.0,11.380000114440918,10.760000228881836,11.3100004196167,1585600,0.0,0.0
2015-06-08 00:00:00-04:00,11.3100004196167,11.600000381469727,11.229999542236328,11.350000381469727,1198300,0.0,0.0
2015-06-09 00:00:00-04:00,11.600000381469727,11.600000381469727,11.329999923706055,11.390000343322754,810400,0.0,0.0
2015-06-10 00:00:00-04:00,11.399999618530273,11.5,11.199999809265137,11.210000038146973,836700,0.0,0.0
2015-06-11 00:00:00-04:00,11.260000228881836,11.430000305175781,11.220000267028809,11.289999961853027,415300,0.0,0.0
2015-06-12 00:00:00-04:00,11.25,11.470000267028809,11.199999809265137,11.34000015258789,317000,0.0,0.0
2015-06-15 00:00:00-04:00,11.279999732971191,11.279999732971191,11.100000381469727,11.149999618530273,530100,0.0,0.0
2015-06-16 00:00:00-04:00,11.170000076293945,11.399999618530273,11.15999984741211,11.329999923706055,520900,0.0,0.0
2015-06-17 00:00:00-04:00,11.399999618530273,11.430000305175781,11.329999923706055,11.40999984741211,746200,0.0,0.0
2015-06-18 00:00:00-04:00,11.460000038146973,11.829999923706055,11.40999984741211,11.770000457763672,729000,0.0,0.0
2015-06-19 00:00:00-04:00,11.75,11.779999732971191,11.630000114440918,11.6899995803833,767400,0.0,0.0
2015-06-22 00:00:00-04:00,11.75,11.770000457763672,11.630000114440918,11.65999984741211,486900,0.0,0.0
2015-06-23 00:00:00-04:00,11.65999984741211,11.710000038146973,11.510000228881836,11.5600004196167,516400,0.0,0.0
2015-06-24 00:00:00-04:00,11.539999961853027,11.600000381469727,11.380000114440918,11.399999618530273,413100,0.0,0.0
2015-06-25 00:00:00-04:00,11.449999809265137,11.579999923706055,11.350000381469727,11.430000305175781,724400,0.0,0.0
2015-06-26 00:00:00-04:00,11.489999771118164,11.819999694824219,11.4399995803833,11.800000190734863,1430400,0.0,0.0
2015-06-29 00:00:00-04:00,11.680000305175781,11.819999694824219,11.460000038146973,11.479999542236328,689900,0.0,0.0
2015-06-30 00:00:00-04:00,11.5,11.65999984741211,11.449999809265137,11.609999656677246,471400,0.0,0.0
2015-07-01 00:00:00-04:00,11.729999542236328,11.789999961853027,11.640000343322754,11.680000305175781,443500,0.0,0.0
2015-07-02 00:00:00-04:00,11.6899995803833,11.710000038146973,11.399999618530273,11.510000228881836,413000,0.0,0.0
2015-07-06 00:00:00-04:00,11.4399995803833,11.640000343322754,11.359999656677246,11.550000190734863,540900,0.0,0.0
2015-07-07 00:00:00-04:00,11.579999923706055,11.6899995803833,11.449999809265137,11.670000076293945,607500,0.0,0.0
2015-07-08 00:00:00-04:00,11.59000015258789,11.640000343322754,11.300000190734863,11.390000343322754,590300,0.0,0.0
2015-07-09 00:00:00-04:00,11.489999771118164,11.609999656677246,11.460000038146973,11.59000015258789,464000,0.0,0.0
2015-07-10 00:00:00-04:00,11.720000267028809,11.859999656677246,11.600000381469727,11.819999694824219,404600,0.0,0.0
2015-07-13 00:00:00-04:00,11.920000076293945,12.140000343322754,11.819999694824219,12.09000015258789,709700,0.0,0.0
2015-07-14 00:00:00-04:00,12.039999961853027,12.119999885559082,12.0,12.010000228881836,514000,0.0,0.0
2015-07-15 00:00:00-04:00,12.0,12.029999732971191,11.75,11.770000457763672,321100,0.0,0.0
2015-07-16 00:00:00-04:00,11.739999771118164,11.859999656677246,11.710000038146973,11.84000015258789,291400,0.0,0.0
2015-07-17 00:00:00-04:00,11.84000015258789,11.869999885559082,11.670000076293945,11.710000038146973,257200,0.0,0.0
2015-07-20 00:00:00-04:00,11.710000038146973,11.899999618530273,11.649999618530273,11.6899995803833,361100,0.0,0.0
2015-07-21 00:00:00-04:00,11.739999771118164,11.760000228881836,11.550000190734863,11.670000076293945,264000,0.0,0.0
2015-07-22 00:00:00-04:00,11.680000305175781,11.819999694824219,11.670000076293945,11.75,302900,0.0,0.0
2015-07-23 00:00:00-04:00,11.8100004196167,11.8100004196167,11.5,11.510000228881836,311400,0.0,0.0
2015-07-24 00:00:00-04:00,11.550000190734863,11.569999694824219,11.380000114440918,11.399999618530273,494500,0.0,0.0
2015-07-27 00:00:00-04:00,11.3100004196167,11.470000267028809,11.239999771118164,11.329999923706055,369400,0.0,0.0
2015-07-28 00:00:00-04:00,11.319999694824219,11.359999656677246,11.0,11.350000381469727,487200,0.0,0.0
2015-07-29 00:00:00-04:00,11.369999885559082,11.5,11.319999694824219,11.40999984741211,384100,0.0,0.0
2015-07-30 00:00:00-04:00,11.350000381469727,11.75,11.319999694824219,11.600000381469727,453600,0.0,0.0
2015-07-31 00:00:00-04:00,11.65999984741211,11.84000015258789,11.539999961853027,11.760000228881836,478700,0.0,0.0
2015-08-03 00:00:00-04:00,12.229999542236328,12.630000114440918,11.899999618530273,12.600000381469727,2875800,0.0,0.0
2015-08-04 00:00:00-04:00,11.84000015258789,12.800000190734863,11.569999694824219,12.699999809265137,2148800,0.0,0.0
2015-08-05 00:00:00-04:00,12.75,12.770000457763672,12.40999984741211,12.520000457763672,772100,0.0,0.0
2015-08-06 00:00:00-04:00,12.600000381469727,12.65999984741211,12.239999771118164,12.380000114440918,619300,0.0,0.0
2015-08-07 00:00:00-04:00,12.300000190734863,12.449999809265137,12.15999984741211,12.420000076293945,457300,0.0,0.0
2015-08-10 00:00:00-04:00,12.520000457763672,12.600000381469727,11.989999771118164,12.069999694824219,654300,0.0,0.0
2015-08-11 00:00:00-04:00,12.069999694824219,12.210000038146973,11.880000114440918,12.149999618530273,482700,0.0,0.0
2015-08-12 00:00:00-04:00,12.069999694824219,12.170000076293945,11.9399995803833,12.109999656677246,468000,0.0,0.0
2015-08-13 00:00:00-04:00,12.1899995803833,12.470000267028809,12.140000343322754,12.369999885559082,497900,0.0,0.0
2015-08-14 00:00:00-04:00,12.3100004196167,12.5,12.25,12.449999809265137,322100,0.0,0.0
2015-08-17 00:00:00-04:00,12.289999961853027,12.569999694824219,12.289999961853027,12.5600004196167,509100,0.0,0.0
2015-08-18 00:00:00-04:00,12.600000381469727,12.600000381469727,12.329999923706055,12.350000381469727,454700,0.0,0.0
2015-08-19 00:00:00-04:00,12.3100004196167,12.470000267028809,12.220000267028809,12.430000305175781,427000,0.0,0.0
2015-08-20 00:00:00-04:00,12.239999771118164,12.5,12.029999732971191,12.029999732971191,541500,0.0,0.0
2015-08-21 00:00:00-04:00,11.75,12.069999694824219,11.729999542236328,11.8100004196167,665700,0.0,0.0
2015-08-24 00:00:00-04:00,11.130000114440918,11.539999961853027,11.069999694824219,11.119999885559082,1157900,0.0,0.0
2015-08-25 00:00:00-04:00,11.4399995803833,11.520000457763672,11.239999771118164,11.239999771118164,606200,0.0,0.0
2015-08-26 00:00:00-04:00,11.5,11.5600004196167,11.15999984741211,11.449999809265137,550600,0.0,0.0
2015-08-27 00:00:00-04:00,11.479999542236328,11.609999656677246,11.390000343322754,11.529999732971191,809800,0.0,0.0
2015-08-28 00:00:00-04:00,11.550000190734863,11.600000381469727,11.380000114440918,11.479999542236328,646600,0.0,0.0
2015-08-31 00:00:00-04:00,11.5,11.600000381469727,11.220000267028809,11.229999542236328,478400,0.0,0.0
2015-09-01 00:00:00-04:00,11.069999694824219,11.210000038146973,10.960000038146973,11.010000228881836,684900,0.0,0.0
2015-09-02 00:00:00-04:00,11.020000457763672,11.300000190734863,11.020000457763672,11.279999732971191,419900,0.0,0.0
2015-09-03 00:00:00-04:00,11.239999771118164,11.430000305175781,11.140000343322754,11.180000305175781,299400,0.0,0.0
2015-09-04 00:00:00-04:00,11.039999961853027,11.460000038146973,11.010000228881836,11.279999732971191,366100,0.0,0.0
2015-09-08 00:00:00-04:00,11.420000076293945,11.510000228881836,11.350000381469727,11.4399995803833,387400,0.0,0.0
2015-09-09 00:00:00-04:00,11.449999809265137,11.520000457763672,11.279999732971191,11.300000190734863,716900,0.0,0.0
2015-09-10 00:00:00-04:00,11.180000305175781,11.430000305175781,11.180000305175781,11.270000457763672,289700,0.0,0.0
2015-09-11 00:00:00-04:00,11.15999984741211,11.350000381469727,11.149999618530273,11.319999694824219,390000,0.0,0.0
2015-09-14 00:00:00-04:00,11.359999656677246,11.430000305175781,11.289999961853027,11.369999885559082,289600,0.0,0.0
2015-09-15 00:00:00-04:00,11.300000190734863,11.5,11.260000228881836,11.369999885559082,336700,0.0,0.0
2015-09-16 00:00:00-04:00,11.3100004196167,11.40999984741211,11.239999771118164,11.34000015258789,309900,0.0,0.0
2015-09-17 00:00:00-04:00,11.319999694824219,11.529999732971191,11.3100004196167,11.420000076293945,384400,0.0,0.0
2015-09-18 00:00:00-04:00,11.270000457763672,11.609999656677246,11.229999542236328,11.270000457763672,861700,0.0,0.0
2015-09-21 00:00:00-04:00,11.270000457763672,11.600000381469727,11.270000457763672,11.539999961853027,647400,0.0,0.0
2015-09-22 00:00:00-04:00,11.460000038146973,11.550000190734863,11.40999984741211,11.520000457763672,632600,0.0,0.0
2015-09-23 00:00:00-04:00,11.5600004196167,11.630000114440918,11.479999542236328,11.579999923706055,426000,0.0,0.0
2015-09-24 00:00:00-04:00,11.449999809265137,11.640000343322754,11.449999809265137,11.609999656677246,594500,0.0,0.0
2015-09-25 00:00:00-04:00,11.640000343322754,11.670000076293945,11.390000343322754,11.390000343322754,578500,0.0,0.0
2015-09-28 00:00:00-04:00,11.399999618530273,11.5,10.979999542236328,11.050000190734863,548200,0.0,0.0
2015-09-29 00:00:00-04:00,11.0600004196167,11.15999984741211,10.859999656677246,11.010000228881836,464600,0.0,0.0
2015-09-30 00:00:00-04:00,11.079999923706055,11.229999542236328,10.989999771118164,11.029999732971191,501900,0.0,0.0
2015-10-01 00:00:00-04:00,10.960000038146973,11.050000190734863,10.800000190734863,10.880000114440918,437000,0.0,0.0
2015-10-02 00:00:00-04:00,10.819999694824219,11.09000015258789,10.779999732971191,11.079999923706055,350400,0.0,0.0
2015-10-05 00:00:00-04:00,11.180000305175781,11.25,11.09000015258789,11.229999542236328,279000,0.0,0.0
2015-10-06 00:00:00-04:00,11.239999771118164,11.289999961853027,11.029999732971191,11.039999961853027,409700,0.0,0.0
2015-10-07 00:00:00-04:00,11.020000457763672,11.140000343322754,10.880000114440918,11.039999961853027,505900,0.0,0.0
2015-10-08 00:00:00-04:00,11.029999732971191,11.279999732971191,10.930000305175781,11.100000381469727,370700,0.0,0.0
2015-10-09 00:00:00-04:00,11.079999923706055,11.279999732971191,11.039999961853027,11.1899995803833,270400,0.0,0.0
2015-10-12 00:00:00-04:00,11.229999542236328,11.329999923706055,11.149999618530273,11.279999732971191,227500,0.0,0.0
2015-10-13 00:00:00-04:00,11.229999542236328,11.399999618530273,11.1899995803833,11.1899995803833,311100,0.0,0.0
2015-10-14 00:00:00-04:00,11.229999542236328,11.420000076293945,10.75,10.779999732971191,511900,0.0,0.0
2015-10-15 00:00:00-04:00,10.829999923706055,10.930000305175781,10.630000114440918,10.930000305175781,354700,0.0,0.0
2015-10-16 00:00:00-04:00,10.970000267028809,11.15999984741211,10.9399995803833,11.050000190734863,500400,0.0,0.0
2015-10-19 00:00:00-04:00,11.050000190734863,11.380000114440918,11.050000190734863,11.359999656677246,530400,0.0,0.0
2015-10-20 00:00:00-04:00,11.260000228881836,11.430000305175781,11.100000381469727,11.149999618530273,330300,0.0,0.0
2015-10-21 00:00:00-04:00,11.119999885559082,11.140000343322754,10.800000190734863,10.800000190734863,364500,0.0,0.0
2015-10-22 00:00:00-04:00,10.90999984741211,11.0600004196167,10.859999656677246,10.949999809265137,374600,0.0,0.0
2015-10-23 00:00:00-04:00,11.09000015258789,11.170000076293945,10.920000076293945,11.140000343322754,289000,0.0,0.0
2015-10-26 00:00:00-04:00,11.09000015258789,11.329999923706055,11.09000015258789,11.260000228881836,361100,0.0,0.0
2015-10-27 00:00:00-04:00,11.170000076293945,11.260000228881836,11.069999694824219,11.100000381469727,273600,0.0,0.0
2015-10-28 00:00:00-04:00,11.109999656677246,11.539999961853027,11.039999961853027,11.539999961853027,435400,0.0,0.0
2015-10-29 00:00:00-04:00,11.460000038146973,11.460000038146973,11.0600004196167,11.100000381469727,419800,0.0,0.0
2015-10-30 00:00:00-04:00,11.119999885559082,11.170000076293945,10.880000114440918,10.960000038146973,441100,0.0,0.0
2015-11-02 00:00:00-05:00,10.949999809265137,11.239999771118164,10.949999809265137,11.149999618530273,462500,0.0,0.0
2015-11-03 00:00:00-05:00,11.050000190734863,11.1899995803833,11.010000228881836,11.069999694824219,563300,0.0,0.0
2015-11-04 00:00:00-05:00,10.949999809265137,11.180000305175781,10.289999961853027,10.449999809265137,1852200,0.0,0.0
2015-11-05 00:00:00-05:00,10.520000457763672,10.520000457763672,10.180000305175781,10.229999542236328,723700,0.0,0.0
2015-11-06 00:00:00-05:00,10.180000305175781,10.579999923706055,10.140000343322754,10.550000190734863,961700,0.0,0.0
2015-11-09 00:00:00-05:00,10.760000228881836,10.920000076293945,10.050000190734863,10.140000343322754,845800,0.0,0.0
2015-11-10 00:00:00-05:00,10.069999694824219,10.220000267028809,9.899999618530273,10.050000190734863,1231600,0.0,0.0
2015-11-11 00:00:00-05:00,10.119999885559082,10.170000076293945,9.949999809265137,9.960000038146973,1211300,0.0,0.0
2015-11-12 00:00:00-05:00,9.899999618530273,10.119999885559082,9.850000381469727,9.869999885559082,702700,0.0,0.0
2015-11-13 00:00:00-05:00,9.779999732971191,9.890000343322754,9.609999656677246,9.649999618530273,1061500,0.0,0.0
2015-11-16 00:00:00-05:00,9.569999694824219,9.699999809265137,9.520000457763672,9.609999656677246,697200,0.0,0.0
2015-11-17 00:00:00-05:00,9.59000015258789,9.649999618530273,9.34000015258789,9.350000381469727,598300,0.0,0.0
2015-11-18 00:00:00-05:00,9.4399995803833,9.489999771118164,9.180000305175781,9.359999656677246,649100,0.0,0.0
2015-11-19 00:00:00-05:00,9.4399995803833,9.5,9.350000381469727,9.390000343322754,364700,0.0,0.0
2015-11-20 00:00:00-05:00,9.479999542236328,9.670000076293945,9.390000343322754,9.649999618530273,646200,0.0,0.0
2015-11-23 00:00:00-05:00,9.5600004196167,9.770000457763672,9.550000190734863,9.710000038146973,597200,0.0,0.0
2015-11-24 00:00:00-05:00,9.640000343322754,9.720000267028809,9.489999771118164,9.630000114440918,439200,0.0,0.0
2015-11-25 00:00:00-05:00,9.6899995803833,9.819999694824219,9.649999618530273,9.760000228881836,352600,0.0,0.0
2015-11-27 00:00:00-05:00,9.869999885559082,9.880000114440918,9.739999771118164,9.760000228881836,299100,0.0,0.0
2015-11-30 00:00:00-05:00,9.819999694824219,9.880000114440918,9.630000114440918,9.640000343322754,544600,0.0,0.0
2015-12-01 00:00:00-05:00,9.630000114440918,9.760000228881836,9.59000015258789,9.6899995803833,873600,0.0,0.0
2015-12-02 00:00:00-05:00,9.619999885559082,9.880000114440918,9.619999885559082,9.75,761300,0.0,0.0
2015-12-03 00:00:00-05:00,9.789999961853027,9.920000076293945,9.569999694824219,9.619999885559082,474100,0.0,0.0
2015-12-04 00:00:00-05:00,9.609999656677246,9.84000015258789,9.569999694824219,9.699999809265137,322100,0.0,0.0
2015-12-07 00:00:00-05:00,9.630000114440918,9.8100004196167,9.630000114440918,9.770000457763672,459700,0.0,0.0
2015-12-08 00:00:00-05:00,9.699999809265137,10.010000228881836,9.640000343322754,9.779999732971191,492900,0.0,0.0
2015-12-09 00:00:00-05:00,9.800000190734863,9.920000076293945,9.680000305175781,9.720000267028809,353400,0.0,0.0
2015-12-10 00:00:00-05:00,9.770000457763672,9.8100004196167,9.5600004196167,9.680000305175781,338700,0.0,0.0
2015-12-11 00:00:00-05:00,9.510000228881836,9.65999984741211,9.449999809265137,9.520000457763672,389700,0.0,0.0
2015-12-14 00:00:00-05:00,9.520000457763672,9.65999984741211,9.369999885559082,9.449999809265137,438600,0.0,0.0
2015-12-15 00:00:00-05:00,9.449999809265137,9.779999732971191,9.4399995803833,9.770000457763672,507400,0.0,0.0
2015-12-16 00:00:00-05:00,9.779999732971191,9.880000114440918,9.630000114440918,9.779999732971191,507400,0.0,0.0
2015-12-17 00:00:00-05:00,9.779999732971191,9.850000381469727,9.630000114440918,9.6899995803833,423300,0.0,0.0
2015-12-18 00:00:00-05:00,9.670000076293945,9.789999961853027,9.529999732971191,9.640000343322754,780800,0.0,0.0
2015-12-21 00:00:00-05:00,9.649999618530273,9.760000228881836,9.25,9.59000015258789,368200,0.0,0.0
2015-12-22 00:00:00-05:00,9.65999984741211,9.65999984741211,9.380000114440918,9.59000015258789,619300,0.0,0.0
2015-12-23 00:00:00-05:00,9.579999923706055,9.6899995803833,9.520000457763672,9.65999984741211,320000,0.0,0.0
2015-12-24 00:00:00-05:00,9.600000381469727,9.8100004196167,9.470000267028809,9.779999732971191,298200,0.0,0.0
2015-12-28 00:00:00-05:00,9.789999961853027,9.829999923706055,9.569999694824219,9.729999542236328,326700,0.0,0.0
2015-12-29 00:00:00-05:00,9.729999542236328,9.899999618530273,9.720000267028809,9.899999618530273,253300,0.0,0.0
2015-12-30 00:00:00-05:00,9.899999618530273,10.149999618530273,9.829999923706055,9.989999771118164,605700,0.0,0.0
2015-12-31 00:00:00-05:00,10.0,10.0,9.800000190734863,9.829999923706055,656900,0.0,0.0
2016-01-04 00:00:00-05:00,9.640000343322754,9.9399995803833,9.380000114440918,9.479999542236328,660000,0.0,0.0
2016-01-05 00:00:00-05:00,9.470000267028809,9.510000228881836,9.279999732971191,9.300000190734863,588200,0.0,0.0
2016-01-06 00:00:00-05:00,9.25,9.800000190734863,9.25,9.34000015258789,403900,0.0,0.0
2016-01-07 00:00:00-05:00,9.229999542236328,9.369999885559082,9.149999618530273,9.170000076293945,503700,0.0,0.0
2016-01-08 00:00:00-05:00,9.229999542236328,9.359999656677246,9.0,9.020000457763672,474900,0.0,0.0
2016-01-11 00:00:00-05:00,9.140000343322754,9.5600004196167,9.09000015258789,9.34000015258789,722700,0.0,0.0
2016-01-12 00:00:00-05:00,9.300000190734863,9.579999923706055,9.180000305175781,9.350000381469727,410600,0.0,0.0
2016-01-13 00:00:00-05:00,9.25,9.390000343322754,9.100000381469727,9.15999984741211,418700,0.0,0.0
2016-01-14 00:00:00-05:00,9.079999923706055,9.319999694824219,8.949999809265137,9.199999809265137,472700,0.0,0.0
2016-01-15 00:00:00-05:00,9.0,9.3100004196167,8.930000305175781,9.140000343322754,531000,0.0,0.0
2016-01-19 00:00:00-05:00,9.220000267028809,9.279999732971191,8.989999771118164,9.109999656677246,407700,0.0,0.0
2016-01-20 00:00:00-05:00,9.039999961853027,9.220000267028809,8.850000381469727,8.979999542236328,1020300,0.0,0.0
2016-01-21 00:00:00-05:00,9.029999732971191,9.15999984741211,8.710000038146973,9.020000457763672,369100,0.0,0.0
2016-01-22 00:00:00-05:00,9.0,9.25,9.0,9.199999809265137,353800,0.0,0.0
2016-01-25 00:00:00-05:00,9.1899995803833,9.210000038146973,8.970000267028809,9.029999732971191,286700,0.0,0.0
2016-01-26 00:00:00-05:00,9.029999732971191,9.34000015258789,9.0,9.15999984741211,414800,0.0,0.0
2016-01-27 00:00:00-05:00,9.130000114440918,9.239999771118164,9.050000190734863,9.140000343322754,437100,0.0,0.0
2016-01-28 00:00:00-05:00,9.369999885559082,9.489999771118164,9.100000381469727,9.210000038146973,484300,0.0,0.0
2016-01-29 00:00:00-05:00,9.210000038146973,9.430000305175781,9.210000038146973,9.369999885559082,625900,0.0,0.0
2016-02-01 00:00:00-05:00,9.34000015258789,9.59000015258789,9.3100004196167,9.489999771118164,575800,0.0,0.0
2016-02-02 00:00:00-05:00,9.430000305175781,9.539999961853027,9.300000190734863,9.520000457763672,434100,0.0,0.0
2016-02-03 00:00:00-05:00,9.5600004196167,9.619999885559082,9.319999694824219,9.40999984741211,439900,0.0,0.0
2016-02-04 00:00:00-05:00,9.399999618530273,9.640000343322754,9.289999961853027,9.430000305175781,287300,0.0,0.0
2016-02-05 00:00:00-05:00,9.399999618530273,9.489999771118164,9.229999542236328,9.289999961853027,709800,0.0,0.0
2016-02-08 00:00:00-05:00,9.210000038146973,9.40999984741211,9.140000343322754,9.359999656677246,469800,0.0,0.0
2016-02-09 00:00:00-05:00,9.300000190734863,9.479999542236328,9.100000381469727,9.229999542236328,558700,0.0,0.0
2016-02-10 00:00:00-05:00,9.279999732971191,9.489999771118164,9.220000267028809,9.25,425200,0.0,0.0
2016-02-11 00:00:00-05:00,9.069999694824219,9.369999885559082,9.0,9.270000457763672,319000,0.0,0.0
2016-02-12 00:00:00-05:00,9.359999656677246,9.569999694824219,9.180000305175781,9.380000114440918,305600,0.0,0.0
2016-02-16 00:00:00-05:00,9.460000038146973,9.569999694824219,9.430000305175781,9.539999961853027,317600,0.0,0.0
2016-02-17 00:00:00-05:00,9.550000190734863,9.739999771118164,9.529999732971191,9.609999656677246,835900,0.0,0.0
2016-02-18 00:00:00-05:00,9.800000190734863,10.25,9.3100004196167,10.029999732971191,2033000,0.0,0.0
2016-02-19 00:00:00-05:00,10.020000457763672,10.279999732971191,9.930000305175781,10.09000015258789,787600,0.0,0.0
2016-02-22 00:00:00-05:00,10.199999809265137,10.390000343322754,10.100000381469727,10.149999618530273,626000,0.0,0.0
2016-02-23 00:00:00-05:00,10.170000076293945,10.390000343322754,10.140000343322754,10.270000457763672,425800,0.0,0.0
2016-02-24 00:00:00-05:00,10.220000267028809,10.390000343322754,10.149999618530273,10.319999694824219,377300,0.0,0.0
2016-02-25 00:00:00-05:00,10.420000076293945,10.520000457763672,10.350000381469727,10.420000076293945,358100,0.0,0.0
2016-02-26 00:00:00-05:00,10.479999542236328,10.539999961853027,10.289999961853027,10.380000114440918,346900,0.0,0.0
2016-02-29 00:00:00-05:00,10.359999656677246,10.479999542236328,10.25,10.329999923706055,475600,0.0,0.0
2016-03-01 00:00:00-05:00,10.390000343322754,10.520000457763672,10.270000457763672,10.420000076293945,606300,0.0,0.0
2016-03-02 00:00:00-05:00,10.489999771118164,10.59000015258789,10.40999984741211,10.489999771118164,407300,0.0,0.0
2016-03-03 00:00:00-05:00,10.449999809265137,10.5,10.350000381469727,10.420000076293945,360400,0.0,0.0
2016-03-04 00:00:00-05:00,10.420000076293945,10.539999961853027,10.359999656677246,10.380000114440918,473500,0.0,0.0
2016-03-07 00:00:00-05:00,10.3100004196167,10.449999809265137,10.239999771118164,10.3100004196167,344600,0.0,0.0
2016-03-08 00:00:00-05:00,10.289999961853027,10.59000015258789,10.1899995803833,10.25,513300,0.0,0.0
2016-03-09 00:00:00-05:00,10.25,10.380000114440918,10.239999771118164,10.25,226500,0.0,0.0
2016-03-10 00:00:00-05:00,10.289999961853027,10.329999923706055,10.079999923706055,10.1899995803833,375300,0.0,0.0
2016-03-11 00:00:00-05:00,10.1899995803833,10.359999656677246,10.050000190734863,10.180000305175781,348600,0.0,0.0
2016-03-14 00:00:00-04:00,10.180000305175781,10.270000457763672,10.0,10.039999961853027,346000,0.0,0.0
2016-03-15 00:00:00-04:00,10.020000457763672,10.069999694824219,9.880000114440918,9.949999809265137,450300,0.0,0.0
2016-03-16 00:00:00-04:00,9.970000267028809,10.130000114440918,9.59000015258789,10.050000190734863,423300,0.0,0.0
2016-03-17 00:00:00-04:00,10.0,10.25,10.0,10.149999618530273,372600,0.0,0.0
2016-03-18 00:00:00-04:00,10.210000038146973,10.380000114440918,10.100000381469727,10.270000457763672,560500,0.0,0.0
2016-03-21 00:00:00-04:00,10.25,10.260000228881836,10.010000228881836,10.050000190734863,705500,0.0,0.0
2016-03-22 00:00:00-04:00,9.979999542236328,10.15999984741211,9.920000076293945,10.069999694824219,525800,0.0,0.0
2016-03-23 00:00:00-04:00,10.020000457763672,10.069999694824219,9.899999618530273,9.930000305175781,452400,0.0,0.0
2016-03-24 00:00:00-04:00,9.930000305175781,10.050000190734863,9.779999732971191,9.979999542236328,432900,0.0,0.0
2016-03-28 00:00:00-04:00,10.039999961853027,10.15999984741211,9.930000305175781,10.010000228881836,355200,0.0,0.0
2016-03-29 00:00:00-04:00,10.020000457763672,10.3100004196167,9.880000114440918,10.300000190734863,664900,0.0,0.0
2016-03-30 00:00:00-04:00,10.359999656677246,10.4399995803833,10.1899995803833,10.25,663500,0.0,0.0
2016-03-31 00:00:00-04:00,10.239999771118164,10.460000038146973,10.140000343322754,10.359999656677246,1245000,0.0,0.0
2016-04-01 00:00:00-04:00,10.329999923706055,10.470000267028809,10.270000457763672,10.369999885559082,405400,0.0,0.0
2016-04-04 00:00:00-04:00,10.359999656677246,10.520000457763672,10.210000038146973,10.319999694824219,260200,0.0,0.0
2016-04-05 00:00:00-04:00,10.210000038146973,10.3100004196167,10.0600004196167,10.15999984741211,410700,0.0,0.0
2016-04-06 00:00:00-04:00,10.149999618530273,10.289999961853027,10.079999923706055,10.140000343322754,399200,0.0,0.0
2016-04-07 00:00:00-04:00,10.130000114440918,10.279999732971191,10.069999694824219,10.119999885559082,439400,0.0,0.0
2016-04-08 00:00:00-04:00,10.140000343322754,10.260000228881836,10.09000015258789,10.140000343322754,251800,0.0,0.0
2016-04-11 00:00:00-04:00,10.1899995803833,10.319999694824219,9.989999771118164,10.029999732971191,451600,0.0,0.0
2016-04-12 00:00:00-04:00,10.020000457763672,10.180000305175781,10.0,10.0,360000,0.0,0.0
2016-04-13 00:00:00-04:00,10.0600004196167,10.260000228881836,10.0,10.239999771118164,427400,0.0,0.0
2016-04-14 00:00:00-04:00,10.260000228881836,10.289999961853027,10.09000015258789,10.100000381469727,484800,0.0,0.0
2016-04-15 00:00:00-04:00,10.109999656677246,10.25,10.109999656677246,10.140000343322754,307000,0.0,0.0
2016-04-18 00:00:00-04:00,10.140000343322754,10.369999885559082,10.140000343322754,10.279999732971191,468100,0.0,0.0
2016-04-19 00:00:00-04:00,10.270000457763672,10.359999656677246,10.130000114440918,10.25,621500,0.0,0.0
2016-04-20 00:00:00-04:00,10.180000305175781,10.300000190734863,9.989999771118164,10.15999984741211,648500,0.0,0.0
2016-04-21 00:00:00-04:00,10.180000305175781,10.25,9.970000267028809,10.010000228881836,451600,0.0,0.0
2016-04-22 00:00:00-04:00,10.020000457763672,10.149999618530273,9.930000305175781,10.0,420400,0.0,0.0
2016-04-25 00:00:00-04:00,10.020000457763672,10.1899995803833,9.979999542236328,10.109999656677246,620400,0.0,0.0
2016-04-26 00:00:00-04:00,10.109999656677246,10.199999809265137,9.989999771118164,10.109999656677246,392200,0.0,0.0
2016-04-27 00:00:00-04:00,10.069999694824219,10.100000381469727,9.930000305175781,10.029999732971191,337300,0.0,0.0
2016-04-28 00:00:00-04:00,10.029999732971191,10.170000076293945,9.960000038146973,10.0,474600,0.0,0.0
2016-04-29 00:00:00-04:00,9.960000038146973,10.100000381469727,9.84000015258789,9.890000343322754,452500,0.0,0.0
2016-05-02 00:00:00-04:00,9.9399995803833,10.039999961853027,9.880000114440918,9.90999984741211,414300,0.0,0.0
2016-05-03 00:00:00-04:00,10.460000038146973,10.75,10.260000228881836,10.489999771118164,1475900,0.0,0.0
2016-05-04 00:00:00-04:00,10.369999885559082,10.579999923706055,10.279999732971191,10.510000228881836,839900,0.0,0.0
2016-05-05 00:00:00-04:00,10.529999732971191,10.649999618530273,10.380000114440918,10.460000038146973,656100,0.0,0.0
2016-05-06 00:00:00-04:00,10.420000076293945,10.739999771118164,10.40999984741211,10.720000267028809,514700,0.0,0.0
2016-05-09 00:00:00-04:00,10.770000457763672,11.020000457763672,10.600000381469727,10.949999809265137,532700,0.0,0.0
2016-05-10 00:00:00-04:00,10.960000038146973,11.039999961853027,10.880000114440918,10.930000305175781,340700,0.0,0.0
2016-05-11 00:00:00-04:00,10.930000305175781,10.930000305175781,10.640000343322754,10.65999984741211,430100,0.0,0.0
2016-05-12 00:00:00-04:00,10.6899995803833,10.880000114440918,10.670000076293945,10.779999732971191,528200,0.0,0.0
2016-05-13 00:00:00-04:00,10.779999732971191,10.8100004196167,10.609999656677246,10.670000076293945,349300,0.0,0.0
2016-05-16 00:00:00-04:00,10.680000305175781,10.84000015258789,10.640000343322754,10.729999542236328,316000,0.0,0.0
2016-05-17 00:00:00-04:00,10.720000267028809,10.84000015258789,10.529999732971191,10.619999885559082,613100,0.0,0.0
2016-05-18 00:00:00-04:00,10.569999694824219,10.819999694824219,10.470000267028809,10.520000457763672,422700,0.0,0.0
2016-05-19 00:00:00-04:00,10.5,10.859999656677246,10.399999618530273,10.449999809265137,298800,0.0,0.0
2016-05-20 00:00:00-04:00,10.5,10.710000038146973,10.390000343322754,10.5,291100,0.0,0.0
2016-05-23 00:00:00-04:00,10.520000457763672,10.75,10.470000267028809,10.489999771118164,336500,0.0,0.0
2016-05-24 00:00:00-04:00,10.550000190734863,10.789999961853027,10.479999542236328,10.770000457763672,355300,0.0,0.0
2016-05-25 00:00:00-04:00,10.760000228881836,10.789999961853027,10.600000381469727,10.649999618530273,218800,0.0,0.0
2016-05-26 00:00:00-04:00,10.65999984741211,10.850000381469727,10.649999618530273,10.670000076293945,310500,0.0,0.0
2016-05-27 00:00:00-04:00,10.859999656677246,11.319999694824219,10.859999656677246,10.970000267028809,639600,0.0,0.0
2016-05-31 00:00:00-04:00,10.84000015258789,10.979999542236328,10.5600004196167,10.729999542236328,672200,0.0,0.0
2016-06-01 00:00:00-04:00,10.779999732971191,10.979999542236328,10.770000457763672,10.9399995803833,1100200,0.0,0.0
2016-06-02 00:00:00-04:00,10.930000305175781,11.020000457763672,10.84000015258789,10.970000267028809,346200,0.0,0.0
2016-06-03 00:00:00-04:00,10.979999542236328,11.0,10.770000457763672,10.859999656677246,376600,0.0,0.0
2016-06-06 00:00:00-04:00,10.850000381469727,11.09000015258789,10.8100004196167,11.050000190734863,264900,0.0,0.0
2016-06-07 00:00:00-04:00,11.020000457763672,11.119999885559082,10.989999771118164,11.050000190734863,382600,0.0,0.0
2016-06-08 00:00:00-04:00,11.050000190734863,11.220000267028809,11.020000457763672,11.220000267028809,414500,0.0,0.0
2016-06-09 00:00:00-04:00,11.260000228881836,11.359999656677246,11.15999984741211,11.319999694824219,428300,0.0,0.0
2016-06-10 00:00:00-04:00,11.25,11.34000015258789,11.09000015258789,11.119999885559082,340400,0.0,0.0
2016-06-13 00:00:00-04:00,11.100000381469727,11.119999885559082,10.930000305175781,10.9399995803833,480500,0.0,0.0
2016-06-14 00:00:00-04:00,10.920000076293945,11.199999809265137,10.850000381469727,11.020000457763672,288300,0.0,0.0
2016-06-15 00:00:00-04:00,11.020000457763672,11.180000305175781,10.890000343322754,10.90999984741211,362600,0.0,0.0
2016-06-16 00:00:00-04:00,10.850000381469727,11.15999984741211,10.680000305175781,10.880000114440918,337600,0.0,0.0
2016-06-17 00:00:00-04:00,10.920000076293945,11.119999885559082,10.670000076293945,10.84000015258789,735000,0.0,0.0
2016-06-20 00:00:00-04:00,10.890000343322754,11.140000343322754,10.890000343322754,10.970000267028809,331700,0.0,0.0
2016-06-21 00:00:00-04:00,11.029999732971191,11.1899995803833,10.8100004196167,10.890000343322754,243000,0.0,0.0
2016-06-22 00:00:00-04:00,10.90999984741211,10.989999771118164,10.739999771118164,10.770000457763672,190900,0.0,0.0
2016-06-23 00:00:00-04:00,10.869999885559082,10.960000038146973,10.789999961853027,10.859999656677246,445900,0.0,0.0
2016-06-24 00:00:00-04:00,10.609999656677246,10.800000190734863,10.520000457763672,10.65999984741211,569800,0.0,0.0
2016-06-27 00:00:00-04:00,10.649999618530273,10.84000015258789,10.369999885559082,10.449999809265137,384300,0.0,0.0
2016-06-28 00:00:00-04:00,10.489999771118164,10.649999618530273,10.420000076293945,10.460000038146973,396900,0.0,0.0
2016-06-29 00:00:00-04:00,10.550000190734863,10.829999923706055,10.550000190734863,10.699999809265137,209200,0.0,0.0
2016-06-30 00:00:00-04:00,10.75,10.84000015258789,10.5,10.729999542236328,288700,0.0,0.0
2016-07-01 00:00:00-04:00,10.75,10.869999885559082,10.609999656677246,10.720000267028809,342300,0.0,0.0
2016-07-05 00:00:00-04:00,10.739999771118164,10.8100004196167,10.6899995803833,10.710000038146973,379800,0.0,0.0
2016-07-06 00:00:00-04:00,10.720000267028809,10.819999694824219,10.640000343322754,10.760000228881836,323800,0.0,0.0
2016-07-07 00:00:00-04:00,10.739999771118164,10.899999618530273,10.729999542236328,10.800000190734863,255900,0.0,0.0
2016-07-08 00:00:00-04:00,10.800000190734863,11.050000190734863,10.800000190734863,11.010000228881836,329400,0.0,0.0
2016-07-11 00:00:00-04:00,11.050000190734863,11.239999771118164,11.020000457763672,11.199999809265137,235200,0.0,0.0
2016-07-12 00:00:00-04:00,11.220000267028809,11.279999732971191,11.1899995803833,11.199999809265137,324500,0.0,0.0
2016-07-13 00:00:00-04:00,11.1899995803833,11.289999961853027,11.079999923706055,11.130000114440918,363900,0.0,0.0
2016-07-14 00:00:00-04:00,11.180000305175781,11.300000190734863,11.0600004196167,11.15999984741211,255000,0.0,0.0
2016-07-15 00:00:00-04:00,11.220000267028809,11.220000267028809,11.0600004196167,11.130000114440918,233900,0.0,0.0
2016-07-18 00:00:00-04:00,11.15999984741211,11.229999542236328,11.09000015258789,11.100000381469727,172600,0.0,0.0
2016-07-19 00:00:00-04:00,11.109999656677246,11.170000076293945,11.029999732971191,11.100000381469727,204800,0.0,0.0
2016-07-20 00:00:00-04:00,11.149999618530273,11.25,11.109999656677246,11.130000114440918,187500,0.0,0.0
2016-07-21 00:00:00-04:00,11.119999885559082,11.390000343322754,11.09000015258789,11.350000381469727,317700,0.0,0.0
2016-07-22 00:00:00-04:00,11.319999694824219,11.890000343322754,11.319999694824219,11.789999961853027,578200,0.0,0.0
2016-07-25 00:00:00-04:00,11.760000228881836,11.760000228881836,11.600000381469727,11.670000076293945,186400,0.0,0.0
2016-07-26 00:00:00-04:00,11.630000114440918,11.630000114440918,11.239999771118164,11.270000457763672,262800,0.0,0.0
2016-07-27 00:00:00-04:00,11.279999732971191,11.369999885559082,11.180000305175781,11.270000457763672,227500,0.0,0.0
2016-07-28 00:00:00-04:00,11.260000228881836,11.329999923706055,11.130000114440918,11.289999961853027,224400,0.0,0.0
2016-07-29 00:00:00-04:00,11.25,11.260000228881836,11.09000015258789,11.15999984741211,394600,0.0,0.0
2016-08-01 00:00:00-04:00,11.1899995803833,11.279999732971191,11.109999656677246,11.199999809265137,546700,0.0,0.0
2016-08-02 00:00:00-04:00,11.170000076293945,11.199999809265137,10.9399995803833,10.9399995803833,295300,0.0,0.0
2016-08-03 00:00:00-04:00,10.960000038146973,10.989999771118164,10.8100004196167,10.890000343322754,517100,0.0,0.0
2016-08-04 00:00:00-04:00,10.8100004196167,10.960000038146973,10.380000114440918,10.720000267028809,877900,0.0,0.0
2016-08-05 00:00:00-04:00,10.760000228881836,10.960000038146973,10.760000228881836,10.880000114440918,458500,0.0,0.0
2016-08-08 00:00:00-04:00,10.819999694824219,10.90999984741211,10.8100004196167,10.869999885559082,279600,0.0,0.0
2016-08-09 00:00:00-04:00,10.84000015258789,11.140000343322754,10.84000015258789,11.130000114440918,418600,0.0,0.0
2016-08-10 00:00:00-04:00,11.109999656677246,11.229999542236328,10.979999542236328,11.029999732971191,247000,0.0,0.0
2016-08-11 00:00:00-04:00,11.069999694824219,11.1899995803833,11.010000228881836,11.039999961853027,567100,0.0,0.0
2016-08-12 00:00:00-04:00,11.020000457763672,11.140000343322754,10.979999542236328,11.020000457763672,230900,0.0,0.0
2016-08-15 00:00:00-04:00,11.010000228881836,11.119999885559082,11.010000228881836,11.09000015258789,144000,0.0,0.0
2016-08-16 00:00:00-04:00,11.039999961853027,11.069999694824219,10.979999542236328,10.979999542236328,223400,0.0,0.0
2016-08-17 00:00:00-04:00,10.970000267028809,11.0,10.8100004196167,10.9399995803833,254400,0.0,0.0
2016-08-18 00:00:00-04:00,10.930000305175781,11.020000457763672,10.899999618530273,10.979999542236328,199800,0.0,0.0
2016-08-19 00:00:00-04:00,10.989999771118164,10.989999771118164,10.8100004196167,10.819999694824219,282900,0.0,0.0
2016-08-22 00:00:00-04:00,10.84000015258789,10.859999656677246,10.680000305175781,10.850000381469727,347400,0.0,0.0
2016-08-23 00:00:00-04:00,10.890000343322754,10.960000038146973,10.850000381469727,10.880000114440918,197400,0.0,0.0
2016-08-24 00:00:00-04:00,10.890000343322754,10.960000038146973,10.65999984741211,10.670000076293945,444700,0.0,0.0
2016-08-25 00:00:00-04:00,10.670000076293945,10.859999656677246,10.640000343322754,10.65999984741211,358400,0.0,0.0
2016-08-26 00:00:00-04:00,10.699999809265137,10.699999809265137,10.449999809265137,10.449999809265137,313500,0.0,0.0
2016-08-29 00:00:00-04:00,10.479999542236328,10.59000015258789,10.430000305175781,10.479999542236328,379100,0.0,0.0
2016-08-30 00:00:00-04:00,10.449999809265137,10.470000267028809,10.390000343322754,10.4399995803833,340900,0.0,0.0
2016-08-31 00:00:00-04:00,10.460000038146973,10.510000228881836,10.380000114440918,10.449999809265137,473700,0.0,0.0
2016-09-01 00:00:00-04:00,10.479999542236328,10.550000190734863,10.430000305175781,10.529999732971191,411200,0.0,0.0
2016-09-02 00:00:00-04:00,10.59000015258789,10.789999961853027,10.5600004196167,10.770000457763672,328700,0.0,0.0
2016-09-06 00:00:00-04:00,10.800000190734863,10.859999656677246,10.6899995803833,10.710000038146973,299100,0.0,0.0
2016-09-07 00:00:00-04:00,10.739999771118164,10.920000076293945,10.729999542236328,10.90999984741211,377200,0.0,0.0
2016-09-08 00:00:00-04:00,10.850000381469727,10.850000381469727,10.680000305175781,10.680000305175781,500100,0.0,0.0
2016-09-09 00:00:00-04:00,10.630000114440918,10.6899995803833,10.380000114440918,10.380000114440918,662100,0.0,0.0
2016-09-12 00:00:00-04:00,10.390000343322754,10.529999732971191,10.359999656677246,10.479999542236328,312900,0.0,0.0
2016-09-13 00:00:00-04:00,10.430000305175781,10.460000038146973,10.279999732971191,10.430000305175781,503200,0.0,0.0
2016-09-14 00:00:00-04:00,10.390000343322754,10.539999961853027,10.319999694824219,10.479999542236328,486200,0.0,0.0
2016-09-15 00:00:00-04:00,10.4399995803833,10.5,10.329999923706055,10.479999542236328,380900,0.0,0.0
2016-09-16 00:00:00-04:00,10.5,10.699999809265137,10.449999809265137,10.670000076293945,509100,0.0,0.0
2016-09-19 00:00:00-04:00,10.65999984741211,10.699999809265137,10.4399995803833,10.479999542236328,281900,0.0,0.0
2016-09-20 00:00:00-04:00,10.539999961853027,10.630000114440918,10.420000076293945,10.449999809265137,320900,0.0,0.0
2016-09-21 00:00:00-04:00,10.489999771118164,10.550000190734863,10.350000381469727,10.460000038146973,251100,0.0,0.0
2016-09-22 00:00:00-04:00,10.479999542236328,10.760000228881836,10.460000038146973,10.75,298300,0.0,0.0
2016-09-23 00:00:00-04:00,10.699999809265137,10.789999961853027,10.640000343322754,10.739999771118164,276900,0.0,0.0
2016-09-26 00:00:00-04:00,10.680000305175781,10.710000038146973,10.479999542236328,10.479999542236328,220900,0.0,0.0
2016-09-27 00:00:00-04:00,10.489999771118164,10.609999656677246,10.420000076293945,10.489999771118164,304500,0.0,0.0
2016-09-28 00:00:00-04:00,10.460000038146973,10.470000267028809,10.300000190734863,10.34000015258789,382700,0.0,0.0
2016-09-29 00:00:00-04:00,10.3100004196167,10.380000114440918,10.210000038146973,10.34000015258789,431700,0.0,0.0
2016-09-30 00:00:00-04:00,10.34000015258789,10.729999542236328,10.3100004196167,10.6899995803833,574900,0.0,0.0
2016-10-03 00:00:00-04:00,10.640000343322754,10.75,10.5600004196167,10.65999984741211,407400,0.0,0.0
2016-10-04 00:00:00-04:00,10.680000305175781,10.75,10.600000381469727,10.630000114440918,260100,0.0,0.0
2016-10-05 00:00:00-04:00,10.649999618530273,10.65999984741211,10.430000305175781,10.460000038146973,429000,0.0,0.0
2016-10-06 00:00:00-04:00,10.40999984741211,10.40999984741211,10.199999809265137,10.329999923706055,507500,0.0,0.0
2016-10-07 00:00:00-04:00,10.300000190734863,10.359999656677246,10.210000038146973,10.25,316500,0.0,0.0
2016-10-10 00:00:00-04:00,10.289999961853027,10.399999618530273,10.25,10.369999885559082,203500,0.0,0.0
2016-10-11 00:00:00-04:00,10.380000114440918,10.380000114440918,10.220000267028809,10.229999542236328,241700,0.0,0.0
2016-10-12 00:00:00-04:00,10.25,10.399999618530273,10.220000267028809,10.289999961853027,174200,0.0,0.0
2016-10-13 00:00:00-04:00,10.220000267028809,10.329999923706055,10.210000038146973,10.229999542236328,188500,0.0,0.0
2016-10-14 00:00:00-04:00,10.289999961853027,10.550000190734863,10.279999732971191,10.520000457763672,319100,0.0,0.0
2016-10-17 00:00:00-04:00,10.5,10.539999961853027,10.350000381469727,10.40999984741211,348500,0.0,0.0
2016-10-18 00:00:00-04:00,10.510000228881836,10.550000190734863,10.3100004196167,10.350000381469727,262200,0.0,0.0
2016-10-19 00:00:00-04:00,10.390000343322754,10.529999732971191,10.390000343322754,10.460000038146973,249600,0.0,0.0
2016-10-20 00:00:00-04:00,10.430000305175781,10.449999809265137,10.300000190734863,10.369999885559082,176600,0.0,0.0
2016-10-21 00:00:00-04:00,10.289999961853027,10.510000228881836,10.289999961853027,10.4399995803833,325300,0.0,0.0
2016-10-24 00:00:00-04:00,10.529999732971191,10.630000114440918,10.5,10.520000457763672,167200,0.0,0.0
2016-10-25 00:00:00-04:00,10.470000267028809,10.579999923706055,10.229999542236328,10.300000190734863,289500,0.0,0.0
2016-10-26 00:00:00-04:00,10.229999542236328,10.319999694824219,10.109999656677246,10.109999656677246,296400,0.0,0.0
2016-10-27 00:00:00-04:00,10.15999984741211,10.229999542236328,10.109999656677246,10.180000305175781,349000,0.0,0.0
2016-10-28 00:00:00-04:00,10.149999618530273,10.449999809265137,10.140000343322754,10.289999961853027,301000,0.0,0.0
2016-10-31 00:00:00-04:00,10.350000381469727,10.460000038146973,10.3100004196167,10.369999885559082,270900,0.0,0.0
2016-11-01 00:00:00-04:00,10.390000343322754,10.390000343322754,10.020000457763672,10.09000015258789,570200,0.0,0.0
2016-11-02 00:00:00-04:00,10.5,11.380000114440918,10.350000381469727,11.0,1196400,0.0,0.0
2016-11-03 00:00:00-04:00,10.979999542236328,11.5,10.979999542236328,11.229999542236328,526900,0.0,0.0
2016-11-04 00:00:00-04:00,11.300000190734863,11.300000190734863,10.989999771118164,10.989999771118164,339300,0.0,0.0
2016-11-07 00:00:00-05:00,10.989999771118164,11.279999732971191,10.9399995803833,11.069999694824219,379300,0.0,0.0
2016-11-08 00:00:00-05:00,11.09000015258789,11.149999618530273,11.0,11.0600004196167,276500,0.0,0.0
2016-11-09 00:00:00-05:00,10.920000076293945,11.470000267028809,10.90999984741211,11.470000267028809,390800,0.0,0.0
2016-11-10 00:00:00-05:00,11.5,11.869999885559082,11.34000015258789,11.8100004196167,506100,0.0,0.0
2016-11-11 00:00:00-05:00,11.75,12.4399995803833,11.699999809265137,12.420000076293945,779300,0.0,0.0
2016-11-14 00:00:00-05:00,12.289999961853027,12.539999961853027,12.079999923706055,12.239999771118164,658000,0.0,0.0
2016-11-15 00:00:00-05:00,12.149999618530273,12.390000343322754,11.949999809265137,12.0600004196167,397700,0.0,0.0
2016-11-16 00:00:00-05:00,12.069999694824219,12.359999656677246,12.069999694824219,12.260000228881836,417300,0.0,0.0
2016-11-17 00:00:00-05:00,12.210000038146973,12.369999885559082,12.140000343322754,12.149999618530273,282200,0.0,0.0
2016-11-18 00:00:00-05:00,12.119999885559082,12.289999961853027,11.920000076293945,12.239999771118164,368500,0.0,0.0
2016-11-21 00:00:00-05:00,12.220000267028809,12.350000381469727,12.15999984741211,12.239999771118164,319200,0.0,0.0
2016-11-22 00:00:00-05:00,12.329999923706055,12.449999809265137,12.170000076293945,12.4399995803833,438900,0.0,0.0
2016-11-23 00:00:00-05:00,12.510000228881836,12.8100004196167,12.470000267028809,12.489999771118164,402000,0.0,0.0
2016-11-25 00:00:00-05:00,12.5,12.729999542236328,12.5,12.670000076293945,173000,0.0,0.0
2016-11-28 00:00:00-05:00,12.600000381469727,12.699999809265137,12.3100004196167,12.329999923706055,367100,0.0,0.0
2016-11-29 00:00:00-05:00,12.399999618530273,12.460000038146973,12.239999771118164,12.260000228881836,371000,0.0,0.0
2016-11-30 00:00:00-05:00,12.229999542236328,12.390000343322754,12.069999694824219,12.09000015258789,457600,0.0,0.0
2016-12-01 00:00:00-05:00,12.09000015258789,12.4399995803833,12.09000015258789,12.270000457763672,390000,0.0,0.0
2016-12-02 00:00:00-05:00,12.270000457763672,12.460000038146973,12.109999656677246,12.130000114440918,322300,0.0,0.0
2016-12-05 00:00:00-05:00,12.149999618530273,12.380000114440918,12.140000343322754,12.359999656677246,287000,0.0,0.0
2016-12-06 00:00:00-05:00,12.40999984741211,12.619999885559082,12.239999771118164,12.550000190734863,401500,0.0,0.0
2016-12-07 00:00:00-05:00,12.569999694824219,12.6899995803833,12.520000457763672,12.59000015258789,315400,0.0,0.0
2016-12-08 00:00:00-05:00,12.609999656677246,12.979999542236328,12.380000114440918,12.920000076293945,373000,0.0,0.0
2016-12-09 00:00:00-05:00,13.029999732971191,13.050000190734863,12.720000267028809,12.84000015258789,413900,0.0,0.0
2016-12-12 00:00:00-05:00,12.779999732971191,12.9399995803833,12.529999732971191,12.789999961853027,339900,0.0,0.0
2016-12-13 00:00:00-05:00,12.800000190734863,12.920000076293945,12.729999542236328,12.8100004196167,297600,0.0,0.0
2016-12-14 00:00:00-05:00,12.84000015258789,12.960000038146973,12.680000305175781,12.770000457763672,222800,0.0,0.0
2016-12-15 00:00:00-05:00,12.729999542236328,12.930000305175781,12.710000038146973,12.8100004196167,283900,0.0,0.0
2016-12-16 00:00:00-05:00,12.869999885559082,13.0600004196167,12.710000038146973,12.899999618530273,624200,0.0,0.0
2016-12-19 00:00:00-05:00,12.880000114440918,13.069999694824219,12.850000381469727,12.869999885559082,232100,0.0,0.0
2016-12-20 00:00:00-05:00,12.970000267028809,13.15999984741211,12.779999732971191,13.0,308500,0.0,0.0
2016-12-21 00:00:00-05:00,12.970000267028809,13.100000381469727,12.899999618530273,12.960000038146973,263700,0.0,0.0
2016-12-22 00:00:00-05:00,12.989999771118164,13.039999961853027,12.8100004196167,12.869999885559082,231600,0.0,0.0
2016-12-23 00:00:00-05:00,12.899999618530273,12.979999542236328,12.84000015258789,12.9399995803833,146100,0.0,0.0
2016-12-27 00:00:00-05:00,12.890000343322754,13.010000228881836,12.880000114440918,12.949999809265137,212400,0.0,0.0
2016-12-28 00:00:00-05:00,12.949999809265137,12.989999771118164,12.800000190734863,12.869999885559082,248300,0.0,0.0
2016-12-29 00:00:00-05:00,12.899999618530273,13.039999961853027,12.84000015258789,12.899999618530273,160400,0.0,0.0
2016-12-30 00:00:00-05:00,12.890000343322754,13.010000228881836,12.760000228881836,12.829999923706055,354700,0.0,0.0
2017-01-03 00:00:00-05:00,12.920000076293945,12.920000076293945,12.640000343322754,12.770000457763672,369900,0.0,0.0
2017-01-04 00:00:00-05:00,12.819999694824219,12.949999809265137,12.760000228881836,12.850000381469727,219600,0.0,0.0
2017-01-05 00:00:00-05:00,12.8100004196167,12.920000076293945,12.720000267028809,12.8100004196167,285400,0.0,0.0
2017-01-06 00:00:00-05:00,12.760000228881836,12.829999923706055,12.619999885559082,12.630000114440918,460600,0.0,0.0
2017-01-09 00:00:00-05:00,12.5,12.630000114440918,12.119999885559082,12.3100004196167,1286100,0.0,0.0
2017-01-10 00:00:00-05:00,12.25,12.5,12.25,12.430000305175781,363500,0.0,0.0
2017-01-11 00:00:00-05:00,12.539999961853027,12.539999961853027,12.380000114440918,12.479999542236328,153400,0.0,0.0
2017-01-12 00:00:00-05:00,12.430000305175781,12.5,12.260000228881836,12.420000076293945,347100,0.0,0.0
2017-01-13 00:00:00-05:00,12.40999984741211,12.5,12.34000015258789,12.399999618530273,303200,0.0,0.0
2017-01-17 00:00:00-05:00,12.3100004196167,12.460000038146973,12.229999542236328,12.300000190734863,426400,0.0,0.0
2017-01-18 00:00:00-05:00,12.329999923706055,12.40999984741211,12.180000305175781,12.359999656677246,445000,0.0,0.0
2017-01-19 00:00:00-05:00,12.380000114440918,12.399999618530273,12.260000228881836,12.279999732971191,399700,0.0,0.0
2017-01-20 00:00:00-05:00,12.229999542236328,12.329999923706055,12.199999809265137,12.270000457763672,296900,0.0,0.0
2017-01-23 00:00:00-05:00,12.199999809265137,12.300000190734863,12.170000076293945,12.229999542236328,309200,0.0,0.0
2017-01-24 00:00:00-05:00,12.25,12.3100004196167,11.970000267028809,12.25,476800,0.0,0.0
2017-01-25 00:00:00-05:00,12.25,12.380000114440918,12.229999542236328,12.289999961853027,300100,0.0,0.0
2017-01-26 00:00:00-05:00,12.229999542236328,12.289999961853027,12.220000267028809,12.239999771118164,194600,0.0,0.0
2017-01-27 00:00:00-05:00,12.229999542236328,12.25,12.109999656677246,12.199999809265137,228300,0.0,0.0
2017-01-30 00:00:00-05:00,12.109999656677246,12.229999542236328,12.050000190734863,12.1899995803833,242500,0.0,0.0
2017-01-31 00:00:00-05:00,12.15999984741211,12.239999771118164,12.09000015258789,12.170000076293945,265100,0.0,0.0
2017-02-01 00:00:00-05:00,12.149999618530273,12.239999771118164,12.0600004196167,12.069999694824219,294100,0.0,0.0
2017-02-02 00:00:00-05:00,12.069999694824219,12.199999809265137,12.050000190734863,12.119999885559082,616600,0.0,0.0
2017-02-03 00:00:00-05:00,12.15999984741211,12.229999542236328,12.100000381469727,12.229999542236328,324000,0.0,0.0
2017-02-06 00:00:00-05:00,12.1899995803833,12.279999732971191,12.050000190734863,12.050000190734863,267200,0.0,0.0
2017-02-07 00:00:00-05:00,12.09000015258789,12.180000305175781,12.020000457763672,12.039999961853027,232300,0.0,0.0
2017-02-08 00:00:00-05:00,12.010000228881836,12.109999656677246,11.90999984741211,12.069999694824219,260800,0.0,0.0
2017-02-09 00:00:00-05:00,12.079999923706055,12.359999656677246,12.079999923706055,12.329999923706055,541500,0.0,0.0
2017-02-10 00:00:00-05:00,12.399999618530273,12.539999961853027,12.34000015258789,12.510000228881836,302500,0.0,0.0
2017-02-13 00:00:00-05:00,12.579999923706055,12.59000015258789,12.289999961853027,12.359999656677246,271500,0.0,0.0
2017-02-14 00:00:00-05:00,12.300000190734863,12.390000343322754,12.229999542236328,12.300000190734863,269000,0.0,0.0
2017-02-15 00:00:00-05:00,12.369999885559082,12.399999618530273,12.1899995803833,12.300000190734863,401500,0.0,0.0
2017-02-16 00:00:00-05:00,12.859999656677246,14.25,12.859999656677246,13.770000457763672,1877800,0.0,0.0
2017-02-17 00:00:00-05:00,13.899999618530273,13.9399995803833,13.6899995803833,13.710000038146973,537600,0.0,0.0
2017-02-21 00:00:00-05:00,13.229999542236328,13.720000267028809,13.130000114440918,13.170000076293945,690300,0.0,0.0
2017-02-22 00:00:00-05:00,13.180000305175781,13.3100004196167,12.880000114440918,12.899999618530273,337000,0.0,0.0
2017-02-23 00:00:00-05:00,12.890000343322754,12.949999809265137,12.789999961853027,12.819999694824219,258000,0.0,0.0
2017-02-24 00:00:00-05:00,12.770000457763672,12.800000190734863,12.569999694824219,12.729999542236328,268900,0.0,0.0
2017-02-27 00:00:00-05:00,12.720000267028809,12.819999694824219,12.619999885559082,12.649999618530273,326000,0.0,0.0
2017-02-28 00:00:00-05:00,12.619999885559082,12.739999771118164,12.529999732971191,12.5600004196167,483400,0.0,0.0
2017-03-01 00:00:00-05:00,12.640000343322754,12.739999771118164,12.5600004196167,12.65999984741211,316100,0.0,0.0
2017-03-02 00:00:00-05:00,12.640000343322754,12.760000228881836,12.600000381469727,12.710000038146973,256800,0.0,0.0
2017-03-03 00:00:00-05:00,12.65999984741211,12.770000457763672,12.550000190734863,12.569999694824219,356100,0.0,0.0
2017-03-06 00:00:00-05:00,12.5600004196167,12.619999885559082,12.460000038146973,12.600000381469727,272200,0.0,0.0
2017-03-07 00:00:00-05:00,12.5600004196167,12.600000381469727,12.380000114440918,12.380000114440918,153000,0.0,0.0
2017-03-08 00:00:00-05:00,12.4399995803833,12.5,12.350000381469727,12.40999984741211,194200,0.0,0.0
2017-03-09 00:00:00-05:00,12.420000076293945,12.520000457763672,12.359999656677246,12.369999885559082,198900,0.0,0.0
2017-03-10 00:00:00-05:00,12.369999885559082,12.5,12.359999656677246,12.399999618530273,208100,0.0,0.0
2017-03-13 00:00:00-04:00,12.380000114440918,12.510000228881836,12.300000190734863,12.3100004196167,259600,0.0,0.0
2017-03-14 00:00:00-04:00,12.319999694824219,12.359999656677246,12.180000305175781,12.300000190734863,164600,0.0,0.0
2017-03-15 00:00:00-04:00,12.380000114440918,12.5,12.319999694824219,12.449999809265137,220200,0.0,0.0
2017-03-16 00:00:00-04:00,12.470000267028809,12.489999771118164,12.359999656677246,12.4399995803833,210200,0.0,0.0
2017-03-17 00:00:00-04:00,12.329999923706055,12.529999732971191,12.329999923706055,12.470000267028809,402900,0.0,0.0
2017-03-20 00:00:00-04:00,12.470000267028809,12.5,12.34000015258789,12.350000381469727,213500,0.0,0.0
2017-03-21 00:00:00-04:00,12.399999618530273,12.460000038146973,12.130000114440918,12.140000343322754,338300,0.0,0.0
2017-03-22 00:00:00-04:00,12.170000076293945,12.260000228881836,11.890000343322754,12.039999961853027,376300,0.0,0.0
2017-03-23 00:00:00-04:00,12.029999732971191,12.260000228881836,11.949999809265137,12.140000343322754,226700,0.0,0.0
2017-03-24 00:00:00-04:00,12.149999618530273,12.270000457763672,12.09000015258789,12.130000114440918,193300,0.0,0.0
2017-03-27 00:00:00-04:00,11.979999542236328,12.069999694824219,11.8100004196167,11.920000076293945,386500,0.0,0.0
2017-03-28 00:00:00-04:00,11.9399995803833,12.270000457763672,11.9399995803833,12.199999809265137,365700,0.0,0.0
2017-03-29 00:00:00-04:00,12.130000114440918,12.300000190734863,12.130000114440918,12.210000038146973,197900,0.0,0.0
2017-03-30 00:00:00-04:00,12.25,12.350000381469727,12.15999984741211,12.34000015258789,347900,0.0,0.0
2017-03-31 00:00:00-04:00,12.289999961853027,12.40999984741211,12.239999771118164,12.369999885559082,801500,0.0,0.0
2017-04-03 00:00:00-04:00,12.369999885559082,12.460000038146973,12.270000457763672,12.289999961853027,343800,0.0,0.0
2017-04-04 00:00:00-04:00,12.289999961853027,12.34000015258789,12.140000343322754,12.1899995803833,270000,0.0,0.0
2017-04-05 00:00:00-04:00,12.300000190734863,12.40999984741211,12.15999984741211,12.25,308400,0.0,0.0
2017-04-06 00:00:00-04:00,12.239999771118164,12.40999984741211,12.1899995803833,12.380000114440918,264900,0.0,0.0
2017-04-07 00:00:00-04:00,12.300000190734863,12.510000228881836,12.289999961853027,12.359999656677246,417400,0.0,0.0
2017-04-10 00:00:00-04:00,12.359999656677246,12.4399995803833,12.260000228881836,12.359999656677246,195600,0.0,0.0
2017-04-11 00:00:00-04:00,12.319999694824219,12.510000228881836,12.319999694824219,12.5,217500,0.0,0.0
2017-04-12 00:00:00-04:00,12.460000038146973,12.520000457763672,12.300000190734863,12.380000114440918,189000,0.0,0.0
2017-04-13 00:00:00-04:00,12.380000114440918,12.4399995803833,12.15999984741211,12.170000076293945,317300,0.0,0.0
2017-04-17 00:00:00-04:00,12.15999984741211,12.210000038146973,12.09000015258789,12.1899995803833,251900,0.0,0.0
2017-04-18 00:00:00-04:00,12.149999618530273,12.25,12.140000343322754,12.25,213400,0.0,0.0
2017-04-19 00:00:00-04:00,12.279999732971191,12.359999656677246,12.25,12.300000190734863,252500,0.0,0.0
2017-04-20 00:00:00-04:00,12.350000381469727,12.539999961853027,12.300000190734863,12.520000457763672,243600,0.0,0.0
2017-04-21 00:00:00-04:00,12.460000038146973,12.520000457763672,12.34000015258789,12.460000038146973,343000,0.0,0.0
2017-04-24 00:00:00-04:00,12.630000114440918,12.859999656677246,12.579999923706055,12.8100004196167,411900,0.0,0.0
2017-04-25 00:00:00-04:00,12.859999656677246,13.020000457763672,12.760000228881836,12.760000228881836,270100,0.0,0.0
2017-04-26 00:00:00-04:00,12.729999542236328,13.050000190734863,12.729999542236328,12.949999809265137,303300,0.0,0.0
2017-04-27 00:00:00-04:00,13.029999732971191,13.039999961853027,12.819999694824219,12.90999984741211,195600,0.0,0.0
2017-04-28 00:00:00-04:00,12.930000305175781,12.930000305175781,12.680000305175781,12.699999809265137,342000,0.0,0.0
2017-05-01 00:00:00-04:00,12.770000457763672,12.8100004196167,12.609999656677246,12.729999542236328,205600,0.0,0.0
2017-05-02 00:00:00-04:00,12.8100004196167,12.8100004196167,12.649999618530273,12.710000038146973,358600,0.0,0.0
2017-05-03 00:00:00-04:00,12.069999694824219,12.319999694824219,11.550000190734863,11.90999984741211,1177800,0.0,0.0
2017-05-04 00:00:00-04:00,11.9399995803833,12.199999809265137,11.880000114440918,12.039999961853027,438300,0.0,0.0
2017-05-05 00:00:00-04:00,12.079999923706055,12.199999809265137,11.920000076293945,12.140000343322754,259800,0.0,0.0
2017-05-08 00:00:00-04:00,12.140000343322754,12.15999984741211,11.970000267028809,11.970000267028809,235800,0.0,0.0
2017-05-09 00:00:00-04:00,11.979999542236328,12.079999923706055,11.899999618530273,12.0600004196167,336300,0.0,0.0
2017-05-10 00:00:00-04:00,12.029999732971191,12.119999885559082,11.949999809265137,12.039999961853027,387900,0.0,0.0
2017-05-11 00:00:00-04:00,11.949999809265137,12.09000015258789,11.859999656677246,12.0,749600,0.0,0.0
2017-05-12 00:00:00-04:00,12.020000457763672,12.479999542236328,11.680000305175781,11.680000305175781,688000,0.0,0.0
2017-05-15 00:00:00-04:00,11.670000076293945,11.760000228881836,11.579999923706055,11.579999923706055,448200,0.0,0.0
2017-05-16 00:00:00-04:00,11.579999923706055,11.619999885559082,11.430000305175781,11.479999542236328,287100,0.0,0.0
2017-05-17 00:00:00-04:00,11.430000305175781,11.529999732971191,11.279999732971191,11.40999984741211,446700,0.0,0.0
2017-05-18 00:00:00-04:00,11.359999656677246,11.539999961853027,11.350000381469727,11.4399995803833,415800,0.0,0.0
2017-05-19 00:00:00-04:00,11.430000305175781,11.600000381469727,11.300000190734863,11.470000267028809,295800,0.0,0.0
2017-05-22 00:00:00-04:00,11.470000267028809,11.5600004196167,11.350000381469727,11.399999618530273,236900,0.0,0.0
2017-05-23 00:00:00-04:00,11.4399995803833,11.4399995803833,11.350000381469727,11.369999885559082,187300,0.0,0.0
2017-05-24 00:00:00-04:00,11.40999984741211,11.539999961853027,11.380000114440918,11.5,198300,0.0,0.0
2017-05-25 00:00:00-04:00,11.510000228881836,11.569999694824219,11.399999618530273,11.539999961853027,302800,0.0,0.0
2017-05-26 00:00:00-04:00,11.460000038146973,11.649999618530273,11.34000015258789,11.609999656677246,343900,0.0,0.0
2017-05-30 00:00:00-04:00,11.609999656677246,11.770000457763672,11.539999961853027,11.65999984741211,419700,0.0,0.0
2017-05-31 00:00:00-04:00,11.670000076293945,11.920000076293945,11.579999923706055,11.899999618530273,644000,0.0,0.0
2017-06-01 00:00:00-04:00,11.979999542236328,11.979999542236328,11.770000457763672,11.949999809265137,518100,0.0,0.0
2017-06-02 00:00:00-04:00,11.960000038146973,12.1899995803833,11.869999885559082,12.119999885559082,511200,0.0,0.0
2017-06-05 00:00:00-04:00,12.109999656677246,12.15999984741211,12.029999732971191,12.130000114440918,484000,0.0,0.0
2017-06-06 00:00:00-04:00,12.0600004196167,12.170000076293945,11.6899995803833,12.109999656677246,299200,0.0,0.0
2017-06-07 00:00:00-04:00,12.119999885559082,12.239999771118164,12.079999923706055,12.109999656677246,410800,0.0,0.0
2017-06-08 00:00:00-04:00,12.079999923706055,12.220000267028809,11.960000038146973,12.029999732971191,410500,0.0,0.0
2017-06-09 00:00:00-04:00,12.020000457763672,12.100000381469727,11.90999984741211,12.0600004196167,290600,0.0,0.0
2017-06-12 00:00:00-04:00,12.079999923706055,12.100000381469727,11.880000114440918,11.90999984741211,397800,0.0,0.0
2017-06-13 00:00:00-04:00,11.880000114440918,11.890000343322754,11.680000305175781,11.789999961853027,350200,0.0,0.0
2017-06-14 00:00:00-04:00,11.829999923706055,11.949999809265137,11.619999885559082,11.6899995803833,323200,0.0,0.0
2017-06-15 00:00:00-04:00,11.579999923706055,11.630000114440918,11.380000114440918,11.619999885559082,314400,0.0,0.0
2017-06-16 00:00:00-04:00,11.329999923706055,11.600000381469727,11.329999923706055,11.5,757500,0.0,0.0
2017-06-19 00:00:00-04:00,11.529999732971191,11.529999732971191,11.300000190734863,11.489999771118164,509400,0.0,0.0
2017-06-20 00:00:00-04:00,11.5,11.5,11.170000076293945,11.210000038146973,354200,0.0,0.0
2017-06-21 00:00:00-04:00,11.180000305175781,11.270000457763672,11.0600004196167,11.069999694824219,378400,0.0,0.0
2017-06-22 00:00:00-04:00,11.020000457763672,11.119999885559082,10.869999885559082,11.069999694824219,570300,0.0,0.0
2017-06-23 00:00:00-04:00,11.09000015258789,11.529999732971191,11.039999961853027,11.470000267028809,912300,0.0,0.0
2017-06-26 00:00:00-04:00,11.479999542236328,11.59000015258789,11.449999809265137,11.569999694824219,421400,0.0,0.0
2017-06-27 00:00:00-04:00,11.569999694824219,11.710000038146973,11.529999732971191,11.600000381469727,382600,0.0,0.0
2017-06-28 00:00:00-04:00,11.680000305175781,11.819999694824219,11.640000343322754,11.760000228881836,383900,0.0,0.0
2017-06-29 00:00:00-04:00,11.760000228881836,11.8100004196167,11.579999923706055,11.75,362900,0.0,0.0
2017-06-30 00:00:00-04:00,11.800000190734863,11.880000114440918,11.739999771118164,11.770000457763672,314800,0.0,0.0
2017-07-03 00:00:00-04:00,11.829999923706055,11.9399995803833,11.75,11.899999618530273,300500,0.0,0.0
2017-07-05 00:00:00-04:00,11.890000343322754,11.890000343322754,11.619999885559082,11.8100004196167,396800,0.0,0.0
2017-07-06 00:00:00-04:00,11.720000267028809,11.770000457763672,11.539999961853027,11.670000076293945,382800,0.0,0.0
2017-07-07 00:00:00-04:00,11.720000267028809,11.770000457763672,11.640000343322754,11.670000076293945,214100,0.0,0.0
2017-07-10 00:00:00-04:00,11.619999885559082,11.65999984741211,11.470000267028809,11.489999771118164,338800,0.0,0.0
2017-07-11 00:00:00-04:00,11.5,11.600000381469727,11.420000076293945,11.479999542236328,308800,0.0,0.0
2017-07-12 00:00:00-04:00,11.550000190734863,11.609999656677246,11.489999771118164,11.5,271700,0.0,0.0
2017-07-13 00:00:00-04:00,11.489999771118164,11.489999771118164,11.350000381469727,11.449999809265137,282600,0.0,0.0
2017-07-14 00:00:00-04:00,11.420000076293945,11.520000457763672,11.399999618530273,11.420000076293945,234100,0.0,0.0
2017-07-17 00:00:00-04:00,11.40999984741211,11.529999732971191,11.359999656677246,11.470000267028809,248100,0.0,0.0
2017-07-18 00:00:00-04:00,11.430000305175781,11.489999771118164,11.369999885559082,11.420000076293945,333300,0.0,0.0
2017-07-19 00:00:00-04:00,11.40999984741211,11.59000015258789,11.40999984741211,11.5,296400,0.0,0.0
2017-07-20 00:00:00-04:00,11.479999542236328,11.699999809265137,11.470000267028809,11.65999984741211,239200,0.0,0.0
2017-07-21 00:00:00-04:00,11.779999732971191,11.859999656677246,11.59000015258789,11.609999656677246,238600,0.0,0.0
2017-07-24 00:00:00-04:00,11.600000381469727,11.630000114440918,11.399999618530273,11.420000076293945,244800,0.0,0.0
2017-07-25 00:00:00-04:00,11.430000305175781,11.65999984741211,11.430000305175781,11.579999923706055,245000,0.0,0.0
2017-07-26 00:00:00-04:00,11.59000015258789,11.609999656677246,11.460000038146973,11.520000457763672,204800,0.0,0.0
2017-07-27 00:00:00-04:00,11.529999732971191,11.630000114440918,11.489999771118164,11.550000190734863,206500,0.0,0.0
2017-07-28 00:00:00-04:00,11.470000267028809,11.579999923706055,11.300000190734863,11.399999618530273,328100,0.0,0.0
2017-07-31 00:00:00-04:00,11.449999809265137,11.470000267028809,11.289999961853027,11.359999656677246,325500,0.0,0.0
2017-08-01 00:00:00-04:00,11.420000076293945,11.729999542236328,11.239999771118164,11.649999618530273,622000,0.0,0.0
2017-08-02 00:00:00-04:00,11.739999771118164,12.989999771118164,11.4399995803833,12.3100004196167,1055600,0.0,0.0
2017-08-03 00:00:00-04:00,12.289999961853027,12.369999885559082,12.119999885559082,12.119999885559082,459600,0.0,0.0
2017-08-04 00:00:00-04:00,12.180000305175781,12.279999732971191,12.0600004196167,12.210000038146973,292300,0.0,0.0
2017-08-07 00:00:00-04:00,12.210000038146973,12.4399995803833,12.210000038146973,12.3100004196167,278900,0.0,0.0
2017-08-08 00:00:00-04:00,12.289999961853027,12.390000343322754,12.170000076293945,12.199999809265137,192100,0.0,0.0
2017-08-09 00:00:00-04:00,12.140000343322754,12.180000305175781,12.050000190734863,12.069999694824219,236200,0.0,0.0
2017-08-10 00:00:00-04:00,12.0,12.1899995803833,11.989999771118164,12.029999732971191,221000,0.0,0.0
2017-08-11 00:00:00-04:00,12.100000381469727,12.15999984741211,11.970000267028809,12.100000381469727,242900,0.0,0.0
2017-08-14 00:00:00-04:00,12.170000076293945,12.380000114440918,12.140000343322754,12.359999656677246,230000,0.0,0.0
2017-08-15 00:00:00-04:00,12.359999656677246,12.4399995803833,12.229999542236328,12.25,149800,0.0,0.0
2017-08-16 00:00:00-04:00,12.300000190734863,12.399999618530273,12.25,12.289999961853027,146700,0.0,0.0
2017-08-17 00:00:00-04:00,12.210000038146973,12.399999618530273,12.180000305175781,12.1899995803833,174000,0.0,0.0
2017-08-18 00:00:00-04:00,12.0600004196167,12.34000015258789,11.960000038146973,12.119999885559082,240400,0.0,0.0
2017-08-21 00:00:00-04:00,12.050000190734863,12.130000114440918,12.020000457763672,12.029999732971191,180300,0.0,0.0
2017-08-22 00:00:00-04:00,12.079999923706055,12.170000076293945,12.050000190734863,12.130000114440918,142600,0.0,0.0
2017-08-23 00:00:00-04:00,12.029999732971191,12.279999732971191,11.9399995803833,11.949999809265137,177300,0.0,0.0
2017-08-24 00:00:00-04:00,11.960000038146973,12.069999694824219,11.720000267028809,11.739999771118164,270100,0.0,0.0
2017-08-25 00:00:00-04:00,11.800000190734863,11.880000114440918,11.6899995803833,11.6899995803833,276800,0.0,0.0
2017-08-28 00:00:00-04:00,11.760000228881836,11.869999885559082,11.640000343322754,11.760000228881836,223700,0.0,0.0
2017-08-29 00:00:00-04:00,11.720000267028809,11.819999694824219,11.619999885559082,11.630000114440918,177900,0.0,0.0
2017-08-30 00:00:00-04:00,11.600000381469727,11.779999732971191,11.5,11.729999542236328,160200,0.0,0.0
2017-08-31 00:00:00-04:00,11.739999771118164,11.970000267028809,11.739999771118164,11.960000038146973,282000,0.0,0.0
2017-09-01 00:00:00-04:00,11.9399995803833,12.050000190734863,11.850000381469727,12.010000228881836,193700,0.0,0.0
2017-09-05 00:00:00-04:00,12.0,12.010000228881836,11.739999771118164,11.8100004196167,247800,0.0,0.0
2017-09-06 00:00:00-04:00,11.880000114440918,11.880000114440918,11.619999885559082,11.619999885559082,395300,0.0,0.0
2017-09-07 00:00:00-04:00,11.619999885559082,11.680000305175781,11.329999923706055,11.399999618530273,296800,0.0,0.0
2017-09-08 00:00:00-04:00,11.40999984741211,11.479999542236328,11.3100004196167,11.40999984741211,386300,0.0,0.0
2017-09-11 00:00:00-04:00,11.520000457763672,11.720000267028809,11.520000457763672,11.569999694824219,228800,0.0,0.0
2017-09-12 00:00:00-04:00,11.5600004196167,11.8100004196167,11.520000457763672,11.75,244700,0.0,0.0
2017-09-13 00:00:00-04:00,11.75,12.079999923706055,11.680000305175781,11.890000343322754,323400,0.0,0.0
2017-09-14 00:00:00-04:00,11.880000114440918,11.880000114440918,11.609999656677246,11.75,324200,0.0,0.0
2017-09-15 00:00:00-04:00,11.760000228881836,11.90999984741211,11.5,11.84000015258789,941000,0.0,0.0
2017-09-18 00:00:00-04:00,11.899999618530273,12.010000228881836,11.779999732971191,11.800000190734863,259300,0.0,0.0
2017-09-19 00:00:00-04:00,11.850000381469727,11.970000267028809,11.779999732971191,11.899999618530273,211900,0.0,0.0
2017-09-20 00:00:00-04:00,11.890000343322754,12.229999542236328,11.880000114440918,12.069999694824219,357100,0.0,0.0
2017-09-21 00:00:00-04:00,12.069999694824219,12.100000381469727,11.979999542236328,12.010000228881836,194600,0.0,0.0
2017-09-22 00:00:00-04:00,12.0,12.15999984741211,12.0,12.109999656677246,182600,0.0,0.0
2017-09-25 00:00:00-04:00,12.079999923706055,12.270000457763672,12.079999923706055,12.210000038146973,393000,0.0,0.0
2017-09-26 00:00:00-04:00,12.180000305175781,12.40999984741211,12.140000343322754,12.380000114440918,273900,0.0,0.0
2017-09-27 00:00:00-04:00,12.40999984741211,12.5,12.1899995803833,12.40999984741211,323400,0.0,0.0
2017-09-28 00:00:00-04:00,12.380000114440918,12.529999732971191,12.3100004196167,12.430000305175781,267300,0.0,0.0
2017-09-29 00:00:00-04:00,12.449999809265137,12.510000228881836,12.40999984741211,12.449999809265137,219400,0.0,0.0
2017-10-02 00:00:00-04:00,12.479999542236328,12.729999542236328,12.390000343322754,12.729999542236328,319200,0.0,0.0
2017-10-03 00:00:00-04:00,12.760000228881836,12.989999771118164,12.6899995803833,12.8100004196167,278200,0.0,0.0
2017-10-04 00:00:00-04:00,12.800000190734863,12.989999771118164,12.739999771118164,12.760000228881836,181400,0.0,0.0
2017-10-05 00:00:00-04:00,12.800000190734863,12.979999542236328,12.75,12.869999885559082,155500,0.0,0.0
2017-10-06 00:00:00-04:00,12.899999618530273,13.199999809265137,12.890000343322754,13.050000190734863,310800,0.0,0.0
2017-10-09 00:00:00-04:00,13.050000190734863,13.140000343322754,12.9399995803833,13.020000457763672,206600,0.0,0.0
2017-10-10 00:00:00-04:00,13.09000015258789,13.15999984741211,13.029999732971191,13.140000343322754,206800,0.0,0.0
2017-10-11 00:00:00-04:00,13.109999656677246,13.149999618530273,12.970000267028809,13.0,144300,0.0,0.0
2017-10-12 00:00:00-04:00,12.979999542236328,13.010000228881836,12.859999656677246,12.949999809265137,132500,0.0,0.0
2017-10-13 00:00:00-04:00,12.960000038146973,13.050000190734863,12.899999618530273,12.979999542236328,152500,0.0,0.0
2017-10-16 00:00:00-04:00,13.039999961853027,13.25,12.90999984741211,12.930000305175781,205600,0.0,0.0
2017-10-17 00:00:00-04:00,12.899999618530273,13.100000381469727,12.890000343322754,12.989999771118164,188500,0.0,0.0
2017-10-18 00:00:00-04:00,13.050000190734863,13.100000381469727,12.960000038146973,13.0600004196167,239000,0.0,0.0
2017-10-19 00:00:00-04:00,13.050000190734863,13.149999618530273,12.979999542236328,13.130000114440918,190200,0.0,0.0
2017-10-20 00:00:00-04:00,13.149999618530273,13.210000038146973,13.039999961853027,13.09000015258789,534300,0.0,0.0
2017-10-23 00:00:00-04:00,13.130000114440918,13.199999809265137,12.979999542236328,13.010000228881836,216400,0.0,0.0
2017-10-24 00:00:00-04:00,12.989999771118164,13.109999656677246,12.729999542236328,13.0600004196167,245300,0.0,0.0
2017-10-25 00:00:00-04:00,12.970000267028809,13.010000228881836,12.800000190734863,12.890000343322754,243600,0.0,0.0
2017-10-26 00:00:00-04:00,12.930000305175781,13.039999961853027,12.789999961853027,12.880000114440918,339200,0.0,0.0
2017-10-27 00:00:00-04:00,12.899999618530273,13.149999618530273,12.880000114440918,13.0,471500,0.0,0.0
2017-10-30 00:00:00-04:00,12.979999542236328,12.979999542236328,12.789999961853027,12.84000015258789,231500,0.0,0.0
2017-10-31 00:00:00-04:00,13.020000457763672,13.25,12.9399995803833,13.069999694824219,388400,0.0,0.0
2017-11-01 00:00:00-04:00,13.069999694824219,13.239999771118164,12.829999923706055,12.84000015258789,482200,0.0,0.0
2017-11-02 00:00:00-04:00,12.510000228881836,13.350000381469727,12.369999885559082,13.300000190734863,850200,0.0,0.0
2017-11-03 00:00:00-04:00,13.289999961853027,13.289999961853027,12.84000015258789,12.84000015258789,352800,0.0,0.0
2017-11-06 00:00:00-05:00,12.850000381469727,12.869999885559082,12.609999656677246,12.619999885559082,221700,0.0,0.0
2017-11-07 00:00:00-05:00,12.539999961853027,12.630000114440918,12.279999732971191,12.3100004196167,232400,0.0,0.0
2017-11-08 00:00:00-05:00,12.220000267028809,12.329999923706055,12.09000015258789,12.229999542236328,324300,0.0,0.0
2017-11-09 00:00:00-05:00,12.130000114440918,12.270000457763672,12.109999656677246,12.229999542236328,203900,0.0,0.0
2017-11-10 00:00:00-05:00,12.229999542236328,12.420000076293945,12.229999542236328,12.300000190734863,161000,0.0,0.0
2017-11-13 00:00:00-05:00,12.260000228881836,12.449999809265137,12.199999809265137,12.350000381469727,137600,0.0,0.0
2017-11-14 00:00:00-05:00,12.390000343322754,12.550000190734863,12.390000343322754,12.470000267028809,183100,0.0,0.0
2017-11-15 00:00:00-05:00,12.40999984741211,12.539999961853027,12.319999694824219,12.4399995803833,169800,0.0,0.0
2017-11-16 00:00:00-05:00,12.470000267028809,12.619999885559082,12.460000038146973,12.520000457763672,226600,0.0,0.0
2017-11-17 00:00:00-05:00,12.449999809265137,12.699999809265137,12.449999809265137,12.670000076293945,213800,0.0,0.0
2017-11-20 00:00:00-05:00,12.670000076293945,12.680000305175781,12.420000076293945,12.609999656677246,172200,0.0,0.0
2017-11-21 00:00:00-05:00,12.649999618530273,12.680000305175781,12.479999542236328,12.489999771118164,161300,0.0,0.0
2017-11-22 00:00:00-05:00,12.479999542236328,13.199999809265137,12.329999923706055,12.6899995803833,583200,0.0,0.0
2017-11-24 00:00:00-05:00,12.680000305175781,12.84000015258789,12.569999694824219,12.8100004196167,237300,0.0,0.0
2017-11-27 00:00:00-05:00,12.84000015258789,12.90999984741211,12.75,12.880000114440918,290600,0.0,0.0
2017-11-28 00:00:00-05:00,12.90999984741211,13.270000457763672,12.789999961853027,13.140000343322754,373400,0.0,0.0
2017-11-29 00:00:00-05:00,13.210000038146973,13.710000038146973,13.1899995803833,13.609999656677246,345700,0.0,0.0
2017-11-30 00:00:00-05:00,13.649999618530273,13.649999618530273,13.390000343322754,13.550000190734863,302000,0.0,0.0
2017-12-01 00:00:00-05:00,13.489999771118164,13.520000457763672,12.989999771118164,13.380000114440918,280900,0.0,0.0
2017-12-04 00:00:00-05:00,13.470000267028809,13.770000457763672,13.470000267028809,13.59000015258789,325000,0.0,0.0
2017-12-05 00:00:00-05:00,13.649999618530273,13.649999618530273,13.369999885559082,13.390000343322754,183000,0.0,0.0
2017-12-06 00:00:00-05:00,13.399999618530273,13.510000228881836,13.260000228881836,13.279999732971191,198900,0.0,0.0
2017-12-07 00:00:00-05:00,13.279999732971191,13.4399995803833,13.199999809265137,13.270000457763672,284900,0.0,0.0
2017-12-08 00:00:00-05:00,13.300000190734863,13.369999885559082,13.199999809265137,13.260000228881836,132100,0.0,0.0
2017-12-11 00:00:00-05:00,13.239999771118164,13.329999923706055,13.15999984741211,13.270000457763672,136000,0.0,0.0
2017-12-12 00:00:00-05:00,13.300000190734863,13.359999656677246,13.130000114440918,13.260000228881836,162100,0.0,0.0
2017-12-13 00:00:00-05:00,13.270000457763672,13.670000076293945,13.260000228881836,13.619999885559082,271700,0.0,0.0
2017-12-14 00:00:00-05:00,13.65999984741211,13.65999984741211,13.25,13.329999923706055,199300,0.0,0.0
2017-12-15 00:00:00-05:00,13.34000015258789,13.579999923706055,13.34000015258789,13.40999984741211,642900,0.0,0.0
2017-12-18 00:00:00-05:00,13.520000457763672,13.630000114440918,13.390000343322754,13.399999618530273,273600,0.0,0.0
2017-12-19 00:00:00-05:00,13.460000038146973,13.699999809265137,13.460000038146973,13.619999885559082,163500,0.0,0.0
2017-12-20 00:00:00-05:00,13.550000190734863,13.6899995803833,13.4399995803833,13.59000015258789,122100,0.0,0.0
2017-12-21 00:00:00-05:00,13.609999656677246,13.680000305175781,13.539999961853027,13.539999961853027,117400,0.0,0.0
2017-12-22 00:00:00-05:00,13.600000381469727,13.619999885559082,13.40999984741211,13.449999809265137,108600,0.0,0.0
2017-12-26 00:00:00-05:00,13.4399995803833,13.569999694824219,13.369999885559082,13.430000305175781,89500,0.0,0.0
2017-12-27 00:00:00-05:00,13.40999984741211,13.5,13.359999656677246,13.399999618530273,86600,0.0,0.0
2017-12-28 00:00:00-05:00,13.390000343322754,13.460000038146973,13.260000228881836,13.329999923706055,90000,0.0,0.0
2017-12-29 00:00:00-05:00,13.329999923706055,13.34000015258789,13.220000267028809,13.239999771118164,207200,0.0,0.0
2018-01-02 00:00:00-05:00,13.260000228881836,13.630000114440918,13.260000228881836,13.510000228881836,233200,0.0,0.0
2018-01-03 00:00:00-05:00,13.470000267028809,13.649999618530273,13.420000076293945,13.640000343322754,320500,0.0,0.0
2018-01-04 00:00:00-05:00,13.65999984741211,13.84000015258789,13.649999618530273,13.710000038146973,311200,0.0,0.0
2018-01-05 00:00:00-05:00,13.739999771118164,13.90999984741211,13.670000076293945,13.800000190734863,257300,0.0,0.0
2018-01-08 00:00:00-05:00,13.850000381469727,13.850000381469727,13.460000038146973,13.699999809265137,301800,0.0,0.0
2018-01-09 00:00:00-05:00,13.699999809265137,13.720000267028809,13.569999694824219,13.630000114440918,254000,0.0,0.0
2018-01-10 00:00:00-05:00,13.699999809265137,14.630000114440918,13.65999984741211,13.899999618530273,724000,0.0,0.0
2018-01-11 00:00:00-05:00,13.890000343322754,14.520000457763672,13.819999694824219,14.4399995803833,758400,0.0,0.0
2018-01-12 00:00:00-05:00,14.510000228881836,15.100000381469727,14.489999771118164,14.899999618530273,944600,0.0,0.0
2018-01-16 00:00:00-05:00,15.020000457763672,15.3100004196167,15.0,15.09000015258789,516100,0.0,0.0
2018-01-17 00:00:00-05:00,15.100000381469727,15.229999542236328,15.010000228881836,15.0600004196167,306800,0.0,0.0
2018-01-18 00:00:00-05:00,15.079999923706055,15.25,14.960000038146973,15.109999656677246,248600,0.0,0.0
2018-01-19 00:00:00-05:00,15.100000381469727,15.5,15.100000381469727,15.300000190734863,324800,0.0,0.0
2018-01-22 00:00:00-05:00,15.300000190734863,15.5600004196167,15.170000076293945,15.329999923706055,352000,0.0,0.0
2018-01-23 00:00:00-05:00,15.3100004196167,15.3100004196167,15.010000228881836,15.239999771118164,341800,0.0,0.0
2018-01-24 00:00:00-05:00,15.270000457763672,15.4399995803833,15.0600004196167,15.149999618530273,440600,0.0,0.0
2018-01-25 00:00:00-05:00,15.279999732971191,15.369999885559082,15.180000305175781,15.279999732971191,260400,0.0,0.0
2018-01-26 00:00:00-05:00,15.25,15.470000267028809,15.020000457763672,15.34000015258789,394300,0.0,0.0
2018-01-29 00:00:00-05:00,15.319999694824219,15.489999771118164,15.180000305175781,15.25,175900,0.0,0.0
2018-01-30 00:00:00-05:00,15.119999885559082,15.350000381469727,15.069999694824219,15.229999542236328,256300,0.0,0.0
2018-01-31 00:00:00-05:00,15.289999961853027,15.390000343322754,14.989999771118164,14.989999771118164,285800,0.0,0.0
2018-02-01 00:00:00-05:00,14.960000038146973,15.260000228881836,14.819999694824219,15.210000038146973,334800,0.0,0.0
2018-02-02 00:00:00-05:00,15.170000076293945,15.170000076293945,14.899999618530273,14.989999771118164,159900,0.0,0.0
2018-02-05 00:00:00-05:00,14.699999809265137,14.9399995803833,14.010000228881836,14.489999771118164,275000,0.0,0.0
2018-02-06 00:00:00-05:00,14.260000228881836,14.760000228881836,14.100000381469727,14.619999885559082,381200,0.0,0.0
2018-02-07 00:00:00-05:00,14.539999961853027,14.770000457763672,14.4399995803833,14.680000305175781,187500,0.0,0.0
2018-02-08 00:00:00-05:00,14.720000267028809,14.720000267028809,14.319999694824219,14.34000015258789,196600,0.0,0.0
2018-02-09 00:00:00-05:00,14.5,14.739999771118164,14.239999771118164,14.649999618530273,387200,0.0,0.0
2018-02-12 00:00:00-05:00,14.760000228881836,14.800000190734863,14.539999961853027,14.550000190734863,326200,0.0,0.0
2018-02-13 00:00:00-05:00,14.449999809265137,14.59000015258789,14.199999809265137,14.489999771118164,366500,0.0,0.0
2018-02-14 00:00:00-05:00,15.270000457763672,15.699999809265137,14.869999885559082,15.09000015258789,783700,0.0,0.0
2018-02-15 00:00:00-05:00,15.130000114440918,15.170000076293945,14.84000015258789,15.15999984741211,269100,0.0,0.0
2018-02-16 00:00:00-05:00,15.100000381469727,15.260000228881836,14.890000343322754,14.90999984741211,228500,0.0,0.0
2018-02-20 00:00:00-05:00,14.859999656677246,14.970000267028809,14.529999732971191,14.819999694824219,283500,0.0,0.0
2018-02-21 00:00:00-05:00,14.789999961853027,15.050000190734863,14.710000038146973,14.949999809265137,311200,0.0,0.0
2018-02-22 00:00:00-05:00,15.039999961853027,15.220000267028809,14.850000381469727,14.880000114440918,301000,0.0,0.0
2018-02-23 00:00:00-05:00,14.9399995803833,15.569999694824219,14.800000190734863,14.979999542236328,176200,0.0,0.0
2018-02-26 00:00:00-05:00,15.079999923706055,15.170000076293945,14.960000038146973,15.020000457763672,217400,0.0,0.0
2018-02-27 00:00:00-05:00,15.029999732971191,15.170000076293945,14.970000267028809,14.970000267028809,255700,0.0,0.0
2018-02-28 00:00:00-05:00,14.989999771118164,15.279999732971191,14.989999771118164,15.039999961853027,435100,0.0,0.0
2018-03-01 00:00:00-05:00,15.010000228881836,15.220000267028809,14.970000267028809,15.069999694824219,351000,0.0,0.0
2018-03-02 00:00:00-05:00,14.890000343322754,15.520000457763672,14.829999923706055,15.479999542236328,332400,0.0,0.0
2018-03-05 00:00:00-05:00,15.4399995803833,15.770000457763672,15.380000114440918,15.460000038146973,514600,0.0,0.0
2018-03-06 00:00:00-05:00,15.539999961853027,15.670000076293945,15.319999694824219,15.649999618530273,274600,0.0,0.0
2018-03-07 00:00:00-05:00,15.579999923706055,15.979999542236328,15.449999809265137,15.880000114440918,247500,0.0,0.0
2018-03-08 00:00:00-05:00,15.949999809265137,16.15999984741211,15.84000015258789,15.930000305175781,236300,0.0,0.0
2018-03-09 00:00:00-05:00,16.020000457763672,16.190000534057617,15.920000076293945,16.06999969482422,350200,0.0,0.0
2018-03-12 00:00:00-04:00,16.100000381469727,16.219999313354492,16.010000228881836,16.149999618530273,215700,0.0,0.0
2018-03-13 00:00:00-04:00,16.229999542236328,16.309999465942383,16.020000457763672,16.030000686645508,129800,0.0,0.0
2018-03-14 00:00:00-04:00,16.049999237060547,16.18000030517578,15.920000076293945,15.970000267028809,204900,0.0,0.0
2018-03-15 00:00:00-04:00,16.030000686645508,16.059999465942383,15.550000190734863,15.619999885559082,197700,0.0,0.0
2018-03-16 00:00:00-04:00,15.619999885559082,15.800000190734863,15.609999656677246,15.649999618530273,432000,0.0,0.0
2018-03-19 00:00:00-04:00,15.609999656677246,15.649999618530273,15.4399995803833,15.579999923706055,262500,0.0,0.0
2018-03-20 00:00:00-04:00,15.619999885559082,15.869999885559082,15.539999961853027,15.579999923706055,168000,0.0,0.0
2018-03-21 00:00:00-04:00,15.59000015258789,15.699999809265137,15.40999984741211,15.470000267028809,198500,0.0,0.0
2018-03-22 00:00:00-04:00,15.390000343322754,15.899999618530273,15.260000228881836,15.34000015258789,303900,0.0,0.0
2018-03-23 00:00:00-04:00,15.420000076293945,15.520000457763672,15.220000267028809,15.229999542236328,319000,0.0,0.0
2018-03-26 00:00:00-04:00,15.350000381469727,15.479999542236328,15.220000267028809,15.399999618530273,281500,0.0,0.0
2018-03-27 00:00:00-04:00,15.390000343322754,15.489999771118164,15.220000267028809,15.239999771118164,206900,0.0,0.0
2018-03-28 00:00:00-04:00,15.289999961853027,15.510000228881836,15.220000267028809,15.34000015258789,181200,0.0,0.0
2018-03-29 00:00:00-04:00,15.40999984741211,15.640000343322754,15.390000343322754,15.430000305175781,372500,0.0,0.0
2018-04-02 00:00:00-04:00,15.4399995803833,15.710000038146973,15.0600004196167,15.149999618530273,211500,0.0,0.0
2018-04-03 00:00:00-04:00,15.180000305175781,15.550000190734863,15.170000076293945,15.5,253900,0.0,0.0
2018-04-04 00:00:00-04:00,15.34000015258789,15.920000076293945,15.069999694824219,15.84000015258789,347400,0.0,0.0
2018-04-05 00:00:00-04:00,15.960000038146973,16.239999771118164,15.84000015258789,16.170000076293945,220400,0.0,0.0
2018-04-06 00:00:00-04:00,16.06999969482422,16.3700008392334,16.06999969482422,16.239999771118164,454500,0.0,0.0
2018-04-09 00:00:00-04:00,16.31999969482422,16.389999389648438,16.0,16.010000228881836,165000,0.0,0.0
2018-04-10 00:00:00-04:00,16.15999984741211,16.31999969482422,15.960000038146973,16.239999771118164,208600,0.0,0.0
2018-04-11 00:00:00-04:00,16.15999984741211,16.270000457763672,16.110000610351562,16.15999984741211,138600,0.0,0.0
2018-04-12 00:00:00-04:00,16.209999084472656,16.360000610351562,16.15999984741211,16.200000762939453,138500,0.0,0.0
2018-04-13 00:00:00-04:00,16.25,16.489999771118164,16.100000381469727,16.18000030517578,158900,0.0,0.0
2018-04-16 00:00:00-04:00,16.31999969482422,16.75,16.31999969482422,16.59000015258789,165600,0.0,0.0
2018-04-17 00:00:00-04:00,16.670000076293945,16.969999313354492,16.440000534057617,16.610000610351562,311600,0.0,0.0
2018-04-18 00:00:00-04:00,16.639999389648438,16.649999618530273,16.469999313354492,16.579999923706055,182800,0.0,0.0
2018-04-19 00:00:00-04:00,16.549999237060547,16.65999984741211,16.5,16.59000015258789,241500,0.0,0.0
2018-04-20 00:00:00-04:00,16.520000457763672,16.729999542236328,16.520000457763672,16.59000015258789,178500,0.0,0.0
2018-04-23 00:00:00-04:00,16.559999465942383,16.719999313354492,16.559999465942383,16.56999969482422,162800,0.0,0.0
2018-04-24 00:00:00-04:00,16.6299991607666,16.780000686645508,16.360000610351562,16.56999969482422,182700,0.0,0.0
2018-04-25 00:00:00-04:00,16.6299991607666,17.1299991607666,16.559999465942383,17.020000457763672,302000,0.0,0.0
2018-04-26 00:00:00-04:00,17.059999465942383,17.649999618530273,17.059999465942383,17.149999618530273,314700,0.0,0.0
2018-04-27 00:00:00-04:00,17.209999084472656,17.34000015258789,16.989999771118164,17.209999084472656,190100,0.0,0.0
2018-04-30 00:00:00-04:00,17.25,17.610000610351562,17.1299991607666,17.510000228881836,398800,0.0,0.0
2018-05-01 00:00:00-04:00,17.59000015258789,17.75,17.270000457763672,17.280000686645508,595500,0.0,0.0
2018-05-02 00:00:00-04:00,15.25,16.1299991607666,14.989999771118164,14.989999771118164,1258800,0.0,0.0
2018-05-03 00:00:00-04:00,14.899999618530273,15.800000190734863,14.789999961853027,15.729999542236328,499100,0.0,0.0
2018-05-04 00:00:00-04:00,15.729999542236328,15.979999542236328,15.550000190734863,15.8100004196167,269200,0.0,0.0
2018-05-07 00:00:00-04:00,15.84000015258789,15.880000114440918,15.609999656677246,15.649999618530273,226300,0.0,0.0
2018-05-08 00:00:00-04:00,15.65999984741211,15.979999542236328,15.520000457763672,15.930000305175781,220000,0.0,0.0
2018-05-09 00:00:00-04:00,15.90999984741211,15.90999984741211,15.520000457763672,15.550000190734863,198000,0.0,0.0
2018-05-10 00:00:00-04:00,15.600000381469727,15.9399995803833,15.550000190734863,15.779999732971191,216900,0.0,0.0
2018-05-11 00:00:00-04:00,15.789999961853027,15.869999885559082,15.510000228881836,15.520000457763672,128300,0.0,0.0
2018-05-14 00:00:00-04:00,15.510000228881836,15.630000114440918,15.220000267028809,15.220000267028809,200400,0.0,0.0
2018-05-15 00:00:00-04:00,15.199999809265137,15.34000015258789,15.050000190734863,15.119999885559082,325500,0.0,0.0
2018-05-16 00:00:00-04:00,15.149999618530273,15.260000228881836,15.0,15.079999923706055,263600,0.0,0.0
2018-05-17 00:00:00-04:00,15.100000381469727,15.270000457763672,15.0600004196167,15.180000305175781,421000,0.0,0.0
2018-05-18 00:00:00-04:00,15.270000457763672,15.289999961853027,14.729999542236328,14.8100004196167,308000,0.0,0.0
2018-05-21 00:00:00-04:00,14.800000190734863,15.010000228881836,14.800000190734863,14.930000305175781,149400,0.0,0.0
2018-05-22 00:00:00-04:00,14.9399995803833,15.0,14.800000190734863,14.869999885559082,230600,0.0,0.0
2018-05-23 00:00:00-04:00,14.789999961853027,14.920000076293945,14.770000457763672,14.890000343322754,574100,0.0,0.0
2018-05-24 00:00:00-04:00,14.899999618530273,14.960000038146973,14.75,14.829999923706055,291400,0.0,0.0
2018-05-25 00:00:00-04:00,14.869999885559082,15.25,14.869999885559082,15.010000228881836,262300,0.0,0.0
2018-05-29 00:00:00-04:00,14.930000305175781,15.069999694824219,14.760000228881836,15.010000228881836,367500,0.0,0.0
2018-05-30 00:00:00-04:00,15.100000381469727,15.5600004196167,15.020000457763672,15.489999771118164,714600,0.0,0.0
2018-05-31 00:00:00-04:00,15.479999542236328,15.510000228881836,15.109999656677246,15.25,166000,0.0,0.0
2018-06-01 00:00:00-04:00,15.3100004196167,15.399999618530273,15.149999618530273,15.229999542236328,227600,0.0,0.0
2018-06-04 00:00:00-04:00,15.229999542236328,15.40999984741211,15.170000076293945,15.399999618530273,181600,0.0,0.0
2018-06-05 00:00:00-04:00,15.359999656677246,15.739999771118164,15.359999656677246,15.739999771118164,283300,0.0,0.0
2018-06-06 00:00:00-04:00,15.720000267028809,15.930000305175781,15.670000076293945,15.8100004196167,225800,0.0,0.0
2018-06-07 00:00:00-04:00,15.880000114440918,15.989999771118164,15.680000305175781,15.800000190734863,196300,0.0,0.0
2018-06-08 00:00:00-04:00,15.739999771118164,15.9399995803833,15.729999542236328,15.899999618530273,215900,0.0,0.0
2018-06-11 00:00:00-04:00,15.890000343322754,15.930000305175781,15.729999542236328,15.829999923706055,176400,0.0,0.0
2018-06-12 00:00:00-04:00,15.829999923706055,15.979999542236328,15.729999542236328,15.779999732971191,177700,0.0,0.0
2018-06-13 00:00:00-04:00,15.75,15.789999961853027,15.470000267028809,15.539999961853027,231000,0.0,0.0
2018-06-14 00:00:00-04:00,15.529999732971191,15.640000343322754,15.460000038146973,15.640000343322754,229200,0.0,0.0
2018-06-15 00:00:00-04:00,15.600000381469727,15.779999732971191,15.359999656677246,15.779999732971191,307100,0.0,0.0
2018-06-18 00:00:00-04:00,15.739999771118164,15.829999923706055,15.649999618530273,15.829999923706055,159300,0.0,0.0
2018-06-19 00:00:00-04:00,15.760000228881836,16.1200008392334,15.75,16.1200008392334,497300,0.0,0.0
2018-06-20 00:00:00-04:00,16.079999923706055,16.3799991607666,15.5,16.34000015258789,256000,0.0,0.0
2018-06-21 00:00:00-04:00,16.399999618530273,16.56999969482422,16.25,16.389999389648438,170000,0.0,0.0
2018-06-22 00:00:00-04:00,16.399999618530273,16.649999618530273,16.309999465942383,16.530000686645508,324000,0.0,0.0
2018-06-25 00:00:00-04:00,16.43000030517578,16.65999984741211,16.049999237060547,16.25,152700,0.0,0.0
2018-06-26 00:00:00-04:00,16.299999237060547,16.579999923706055,16.209999084472656,16.450000762939453,137900,0.0,0.0
2018-06-27 00:00:00-04:00,16.440000534057617,16.489999771118164,16.079999923706055,16.09000015258789,340800,0.0,0.0
2018-06-28 00:00:00-04:00,16.06999969482422,16.25,15.960000038146973,16.200000762939453,146500,0.0,0.0
2018-06-29 00:00:00-04:00,16.219999313354492,16.360000610351562,15.90999984741211,15.930000305175781,194600,0.0,0.0
2018-07-02 00:00:00-04:00,15.899999618530273,16.239999771118164,15.789999961853027,16.219999313354492,177800,0.0,0.0
2018-07-03 00:00:00-04:00,16.260000228881836,16.299999237060547,16.030000686645508,16.219999313354492,86900,0.0,0.0
2018-07-05 00:00:00-04:00,16.270000457763672,16.440000534057617,16.1200008392334,16.40999984741211,125300,0.0,0.0
2018-07-06 00:00:00-04:00,16.450000762939453,16.549999237060547,16.260000228881836,16.290000915527344,105600,0.0,0.0
2018-07-09 00:00:00-04:00,16.34000015258789,16.3799991607666,15.989999771118164,16.0,237600,0.0,0.0
2018-07-10 00:00:00-04:00,16.030000686645508,16.139999389648438,15.6899995803833,15.699999809265137,272100,0.0,0.0
2018-07-11 00:00:00-04:00,15.65999984741211,15.869999885559082,15.65999984741211,15.75,173600,0.0,0.0
2018-07-12 00:00:00-04:00,15.829999923706055,15.9399995803833,15.729999542236328,15.90999984741211,272000,0.0,0.0
2018-07-13 00:00:00-04:00,15.869999885559082,16.139999389648438,15.869999885559082,15.899999618530273,184800,0.0,0.0
2018-07-16 00:00:00-04:00,15.890000343322754,15.9399995803833,15.59000015258789,15.710000038146973,217400,0.0,0.0
2018-07-17 00:00:00-04:00,15.710000038146973,16.049999237060547,15.6899995803833,15.710000038146973,201700,0.0,0.0
2018-07-18 00:00:00-04:00,15.720000267028809,15.989999771118164,15.710000038146973,15.949999809265137,385200,0.0,0.0
2018-07-19 00:00:00-04:00,15.869999885559082,16.200000762939453,15.300000190734863,15.890000343322754,734300,0.0,0.0
2018-07-20 00:00:00-04:00,15.859999656677246,16.059999465942383,15.770000457763672,15.890000343322754,169600,0.0,0.0
2018-07-23 00:00:00-04:00,15.84000015258789,15.989999771118164,15.800000190734863,15.829999923706055,136000,0.0,0.0
2018-07-24 00:00:00-04:00,15.869999885559082,15.899999618530273,15.489999771118164,15.649999618530273,147600,0.0,0.0
2018-07-25 00:00:00-04:00,15.630000114440918,15.829999923706055,15.470000267028809,15.539999961853027,99100,0.0,0.0
2018-07-26 00:00:00-04:00,15.550000190734863,15.699999809265137,15.470000267028809,15.5600004196167,97700,0.0,0.0
2018-07-27 00:00:00-04:00,15.630000114440918,15.789999961853027,15.550000190734863,15.65999984741211,238000,0.0,0.0
2018-07-30 00:00:00-04:00,15.600000381469727,15.800000190734863,15.4399995803833,15.520000457763672,338600,0.0,0.0
2018-07-31 00:00:00-04:00,14.829999923706055,15.109999656677246,14.010000228881836,14.550000190734863,870100,0.0,0.0
2018-08-01 00:00:00-04:00,14.520000457763672,14.880000114440918,14.449999809265137,14.760000228881836,333800,0.0,0.0
2018-08-02 00:00:00-04:00,14.779999732971191,15.039999961853027,14.680000305175781,15.010000228881836,238100,0.0,0.0
2018-08-03 00:00:00-04:00,14.979999542236328,15.050000190734863,14.649999618530273,14.869999885559082,356900,0.0,0.0
2018-08-06 00:00:00-04:00,14.880000114440918,15.029999732971191,14.84000015258789,15.010000228881836,181100,0.0,0.0
2018-08-07 00:00:00-04:00,15.0600004196167,15.239999771118164,15.010000228881836,15.09000015258789,168400,0.0,0.0
2018-08-08 00:00:00-04:00,15.09000015258789,15.09000015258789,14.760000228881836,14.899999618530273,191700,0.0,0.0
2018-08-09 00:00:00-04:00,14.9399995803833,15.15999984741211,14.90999984741211,14.970000267028809,389500,0.0,0.0
2018-08-10 00:00:00-04:00,14.920000076293945,15.010000228881836,14.729999542236328,14.729999542236328,187900,0.0,0.0
2018-08-13 00:00:00-04:00,14.710000038146973,14.770000457763672,14.489999771118164,14.539999961853027,194100,0.0,0.0
2018-08-14 00:00:00-04:00,14.529999732971191,14.819999694824219,14.479999542236328,14.65999984741211,267100,0.0,0.0
2018-08-15 00:00:00-04:00,14.569999694824219,14.789999961853027,14.5,14.680000305175781,137500,0.0,0.0
2018-08-16 00:00:00-04:00,14.75,14.899999618530273,14.720000267028809,14.770000457763672,126100,0.0,0.0
2018-08-17 00:00:00-04:00,14.710000038146973,14.890000343322754,14.630000114440918,14.84000015258789,123700,0.0,0.0
2018-08-20 00:00:00-04:00,14.890000343322754,14.989999771118164,14.84000015258789,14.890000343322754,94500,0.0,0.0
2018-08-21 00:00:00-04:00,14.949999809265137,15.149999618530273,14.880000114440918,15.029999732971191,153900,0.0,0.0
2018-08-22 00:00:00-04:00,15.039999961853027,15.25,15.029999732971191,15.15999984741211,134000,0.0,0.0
2018-08-23 00:00:00-04:00,15.149999618530273,15.3100004196167,15.09000015258789,15.229999542236328,133100,0.0,0.0
2018-08-24 00:00:00-04:00,15.25,15.510000228881836,15.229999542236328,15.350000381469727,119800,0.0,0.0
2018-08-27 00:00:00-04:00,15.430000305175781,15.460000038146973,15.170000076293945,15.220000267028809,210000,0.0,0.0
2018-08-28 00:00:00-04:00,15.220000267028809,15.300000190734863,15.069999694824219,15.149999618530273,201500,0.0,0.0
2018-08-29 00:00:00-04:00,15.180000305175781,15.329999923706055,15.149999618530273,15.279999732971191,189900,0.0,0.0
2018-08-30 00:00:00-04:00,15.220000267028809,15.3100004196167,15.039999961853027,15.079999923706055,177400,0.0,0.0
2018-08-31 00:00:00-04:00,14.850000381469727,15.100000381469727,14.800000190734863,15.069999694824219,274400,0.0,0.0
2018-09-04 00:00:00-04:00,15.050000190734863,15.180000305175781,14.869999885559082,15.029999732971191,172900,0.0,0.0
2018-09-05 00:00:00-04:00,15.039999961853027,15.1899995803833,14.890000343322754,15.1899995803833,951500,0.0,0.0
2018-09-06 00:00:00-04:00,15.199999809265137,15.430000305175781,15.140000343322754,15.149999618530273,288000,0.0,0.0
2018-09-07 00:00:00-04:00,15.149999618530273,15.270000457763672,15.079999923706055,15.220000267028809,193900,0.0,0.0
2018-09-10 00:00:00-04:00,15.279999732971191,15.289999961853027,15.119999885559082,15.210000038146973,131000,0.0,0.0
2018-09-11 00:00:00-04:00,15.180000305175781,15.239999771118164,15.0,15.0,131500,0.0,0.0
2018-09-12 00:00:00-04:00,14.649999618530273,14.649999618530273,14.039999961853027,14.300000190734863,458500,0.0,0.0
2018-09-13 00:00:00-04:00,14.34000015258789,14.640000343322754,14.329999923706055,14.5,192800,0.0,0.0
2018-09-14 00:00:00-04:00,14.5,14.59000015258789,14.40999984741211,14.489999771118164,132900,0.0,0.0
2018-09-17 00:00:00-04:00,14.5,14.5600004196167,14.399999618530273,14.40999984741211,106300,0.0,0.0
2018-09-18 00:00:00-04:00,14.399999618530273,14.529999732971191,14.390000343322754,14.390000343322754,203900,0.0,0.0
2018-09-19 00:00:00-04:00,14.359999656677246,14.4399995803833,13.899999618530273,13.930000305175781,205300,0.0,0.0
2018-09-20 00:00:00-04:00,14.029999732971191,14.270000457763672,13.850000381469727,14.020000457763672,425900,0.0,0.0
2018-09-21 00:00:00-04:00,14.020000457763672,14.59000015258789,13.920000076293945,14.25,807600,0.0,0.0
2018-09-24 00:00:00-04:00,14.25,14.329999923706055,13.899999618530273,13.9399995803833,299000,0.0,0.0
2018-09-25 00:00:00-04:00,13.989999771118164,14.119999885559082,13.819999694824219,13.829999923706055,211300,0.0,0.0
2018-09-26 00:00:00-04:00,13.800000190734863,14.039999961853027,13.800000190734863,13.9399995803833,282200,0.0,0.0
2018-09-27 00:00:00-04:00,13.970000267028809,14.489999771118164,13.970000267028809,14.34000015258789,324200,0.0,0.0
2018-09-28 00:00:00-04:00,14.319999694824219,14.819999694824219,14.3100004196167,14.720000267028809,202500,0.0,0.0
2018-10-01 00:00:00-04:00,14.739999771118164,14.739999771118164,14.229999542236328,14.270000457763672,382900,0.0,0.0
2018-10-02 00:00:00-04:00,14.260000228881836,14.260000228881836,13.84000015258789,13.859999656677246,512000,0.0,0.0
2018-10-03 00:00:00-04:00,13.859999656677246,13.880000114440918,13.529999732971191,13.760000228881836,376900,0.0,0.0
2018-10-04 00:00:00-04:00,13.6899995803833,13.84000015258789,13.550000190734863,13.59000015258789,239000,0.0,0.0
2018-10-05 00:00:00-04:00,13.59000015258789,13.710000038146973,13.319999694824219,13.640000343322754,798700,0.0,0.0
2018-10-08 00:00:00-04:00,13.670000076293945,13.960000038146973,13.670000076293945,13.920000076293945,242900,0.0,0.0
2018-10-09 00:00:00-04:00,13.960000038146973,14.449999809265137,13.960000038146973,14.050000190734863,303000,0.0,0.0
2018-10-10 00:00:00-04:00,14.0600004196167,14.420000076293945,14.020000457763672,14.149999618530273,317700,0.0,0.0
2018-10-11 00:00:00-04:00,14.09000015258789,14.289999961853027,13.930000305175781,13.930000305175781,297800,0.0,0.0
2018-10-12 00:00:00-04:00,14.069999694824219,14.270000457763672,14.0,14.229999542236328,333900,0.0,0.0
2018-10-15 00:00:00-04:00,14.199999809265137,14.510000228881836,14.199999809265137,14.449999809265137,192600,0.0,0.0
2018-10-16 00:00:00-04:00,14.619999885559082,14.75,14.390000343322754,14.520000457763672,216800,0.0,0.0
2018-10-17 00:00:00-04:00,14.520000457763672,14.720000267028809,14.319999694824219,14.65999984741211,286700,0.0,0.0
2018-10-18 00:00:00-04:00,14.600000381469727,14.779999732971191,14.40999984741211,14.420000076293945,221000,0.0,0.0
2018-10-19 00:00:00-04:00,14.390000343322754,14.520000457763672,14.270000457763672,14.430000305175781,179100,0.0,0.0
2018-10-22 00:00:00-04:00,14.420000076293945,14.869999885559082,14.40999984741211,14.770000457763672,178600,0.0,0.0
2018-10-23 00:00:00-04:00,14.729999542236328,14.8100004196167,14.449999809265137,14.550000190734863,171500,0.0,0.0
2018-10-24 00:00:00-04:00,14.510000228881836,14.569999694824219,14.020000457763672,14.039999961853027,222600,0.0,0.0
2018-10-25 00:00:00-04:00,14.079999923706055,14.510000228881836,14.069999694824219,14.420000076293945,232100,0.0,0.0
2018-10-26 00:00:00-04:00,14.279999732971191,14.460000038146973,14.149999618530273,14.289999961853027,191000,0.0,0.0
2018-10-29 00:00:00-04:00,14.449999809265137,14.859999656677246,14.229999542236328,14.390000343322754,368900,0.0,0.0
2018-10-30 00:00:00-04:00,14.359999656677246,14.529999732971191,14.140000343322754,14.149999618530273,382500,0.0,0.0
2018-10-31 00:00:00-04:00,15.25,18.15999984741211,15.239999771118164,17.350000381469727,2703400,0.0,0.0
2018-11-01 00:00:00-04:00,16.899999618530273,17.489999771118164,16.709999084472656,17.010000228881836,713100,0.0,0.0
2018-11-02 00:00:00-04:00,17.010000228881836,17.3799991607666,16.459999084472656,16.739999771118164,575700,0.0,0.0
2018-11-05 00:00:00-05:00,16.719999313354492,17.059999465942383,16.469999313354492,16.8799991607666,253600,0.0,0.0
2018-11-06 00:00:00-05:00,16.8700008392334,17.09000015258789,16.75,16.93000030517578,216600,0.0,0.0
2018-11-07 00:00:00-05:00,16.850000381469727,17.0,16.479999542236328,16.729999542236328,217300,0.0,0.0
2018-11-08 00:00:00-05:00,16.700000762939453,16.889999389648438,16.440000534057617,16.510000228881836,173200,0.0,0.0
2018-11-09 00:00:00-05:00,16.5,16.690000534057617,16.200000762939453,16.290000915527344,182300,0.0,0.0
2018-11-12 00:00:00-05:00,16.270000457763672,16.59000015258789,16.209999084472656,16.399999618530273,261200,0.0,0.0
2018-11-13 00:00:00-05:00,16.479999542236328,16.540000915527344,16.31999969482422,16.459999084472656,232500,0.0,0.0
2018-11-14 00:00:00-05:00,16.459999084472656,17.389999389648438,16.459999084472656,17.239999771118164,553600,0.0,0.0
2018-11-15 00:00:00-05:00,17.149999618530273,17.149999618530273,16.549999237060547,16.84000015258789,191900,0.0,0.0
2018-11-16 00:00:00-05:00,16.799999237060547,17.100000381469727,16.719999313354492,16.920000076293945,292200,0.0,0.0
2018-11-19 00:00:00-05:00,16.959999084472656,17.579999923706055,16.81999969482422,16.860000610351562,351800,0.0,0.0
2018-11-20 00:00:00-05:00,16.700000762939453,16.889999389648438,16.459999084472656,16.6299991607666,286600,0.0,0.0
2018-11-21 00:00:00-05:00,16.690000534057617,17.09000015258789,16.540000915527344,16.8700008392334,233500,0.0,0.0
2018-11-23 00:00:00-05:00,16.760000228881836,17.1299991607666,16.729999542236328,16.889999389648438,145500,0.0,0.0
2018-11-26 00:00:00-05:00,17.020000457763672,17.020000457763672,16.520000457763672,16.65999984741211,192500,0.0,0.0
2018-11-27 00:00:00-05:00,16.59000015258789,16.959999084472656,16.3799991607666,16.43000030517578,272000,0.0,0.0
2018-11-28 00:00:00-05:00,16.530000686645508,16.84000015258789,16.399999618530273,16.829999923706055,230400,0.0,0.0
2018-11-29 00:00:00-05:00,16.760000228881836,16.93000030517578,16.540000915527344,16.68000030517578,177600,0.0,0.0
2018-11-30 00:00:00-05:00,16.729999542236328,16.989999771118164,16.520000457763672,16.540000915527344,293400,0.0,0.0
2018-12-03 00:00:00-05:00,16.649999618530273,16.739999771118164,15.970000267028809,16.459999084472656,322800,0.0,0.0
2018-12-04 00:00:00-05:00,16.40999984741211,16.700000762939453,15.90999984741211,16.059999465942383,270400,0.0,0.0
2018-12-06 00:00:00-05:00,16.0,16.799999237060547,15.529999732971191,16.360000610351562,366500,0.0,0.0
2018-12-07 00:00:00-05:00,16.299999237060547,16.520000457763672,16.040000915527344,16.110000610351562,214000,0.0,0.0
2018-12-10 00:00:00-05:00,16.149999618530273,16.510000228881836,16.030000686645508,16.18000030517578,104100,0.0,0.0
2018-12-11 00:00:00-05:00,16.639999389648438,17.100000381469727,16.3700008392334,16.459999084472656,281900,0.0,0.0
2018-12-12 00:00:00-05:00,16.6200008392334,17.09000015258789,16.399999618530273,16.700000762939453,175000,0.0,0.0
2018-12-13 00:00:00-05:00,16.700000762939453,16.90999984741211,16.559999465942383,16.690000534057617,319000,0.0,0.0
2018-12-14 00:00:00-05:00,16.559999465942383,17.030000686645508,16.5,16.579999923706055,394300,0.0,0.0
2018-12-17 00:00:00-05:00,16.56999969482422,16.829999923706055,16.43000030517578,16.549999237060547,321300,0.0,0.0
2018-12-18 00:00:00-05:00,16.65999984741211,16.739999771118164,16.360000610351562,16.389999389648438,273100,0.0,0.0
2018-12-19 00:00:00-05:00,16.3799991607666,16.479999542236328,16.040000915527344,16.1299991607666,241500,0.0,0.0
2018-12-20 00:00:00-05:00,16.1200008392334,16.43000030517578,15.859999656677246,16.31999969482422,283300,0.0,0.0
2018-12-21 00:00:00-05:00,16.31999969482422,16.729999542236328,15.90999984741211,15.949999809265137,550400,0.0,0.0
2018-12-24 00:00:00-05:00,15.880000114440918,16.100000381469727,15.819999694824219,15.890000343322754,187500,0.0,0.0
2018-12-26 00:00:00-05:00,15.9399995803833,16.280000686645508,15.720000267028809,16.260000228881836,196300,0.0,0.0
2018-12-27 00:00:00-05:00,16.1200008392334,17.450000762939453,15.949999809265137,16.290000915527344,391800,0.0,0.0
2018-12-28 00:00:00-05:00,16.350000381469727,16.520000457763672,16.139999389648438,16.260000228881836,215000,0.0,0.0
2018-12-31 00:00:00-05:00,16.34000015258789,16.34000015258789,16.040000915527344,16.209999084472656,348500,0.0,0.0
2019-01-02 00:00:00-05:00,16.06999969482422,16.399999618530273,15.880000114440918,16.399999618530273,556800,0.0,0.0
2019-01-03 00:00:00-05:00,16.40999984741211,16.760000228881836,16.40999984741211,16.5,277300,0.0,0.0
2019-01-04 00:00:00-05:00,16.6299991607666,16.770000457763672,16.510000228881836,16.649999618530273,392800,0.0,0.0
2019-01-07 00:00:00-05:00,16.690000534057617,17.100000381469727,16.549999237060547,17.0,496300,0.0,0.0
2019-01-08 00:00:00-05:00,17.100000381469727,17.299999237060547,17.049999237060547,17.290000915527344,326200,0.0,0.0
2019-01-09 00:00:00-05:00,17.350000381469727,17.729999542236328,17.299999237060547,17.56999969482422,471000,0.0,0.0
2019-01-10 00:00:00-05:00,17.68000030517578,17.799999237060547,17.31999969482422,17.739999771118164,326600,0.0,0.0
2019-01-11 00:00:00-05:00,17.719999313354492,18.309999465942383,17.719999313354492,18.270000457763672,525800,0.0,0.0
2019-01-14 00:00:00-05:00,18.5,18.940000534057617,17.709999084472656,17.8799991607666,829500,0.0,0.0
2019-01-15 00:00:00-05:00,17.799999237060547,17.899999618530273,17.079999923706055,17.719999313354492,414800,0.0,0.0
2019-01-16 00:00:00-05:00,17.780000686645508,17.920000076293945,17.549999237060547,17.8799991607666,330900,0.0,0.0
2019-01-17 00:00:00-05:00,17.8799991607666,18.1200008392334,17.860000610351562,18.059999465942383,327900,0.0,0.0
2019-01-18 00:00:00-05:00,18.059999465942383,18.239999771118164,17.979999542236328,18.15999984741211,376100,0.0,0.0
2019-01-22 00:00:00-05:00,18.190000534057617,18.440000534057617,17.68000030517578,18.0,463700,0.0,0.0
2019-01-23 00:00:00-05:00,17.959999084472656,18.389999389648438,17.520000457763672,18.170000076293945,236000,0.0,0.0
2019-01-24 00:00:00-05:00,18.200000762939453,18.260000228881836,17.850000381469727,17.889999389648438,397400,0.0,0.0
2019-01-25 00:00:00-05:00,17.950000762939453,18.030000686645508,17.6299991607666,17.770000457763672,291500,0.0,0.0
2019-01-28 00:00:00-05:00,17.770000457763672,17.860000610351562,17.440000534057617,17.75,285600,0.0,0.0
2019-01-29 00:00:00-05:00,17.65999984741211,17.670000076293945,17.420000076293945,17.579999923706055,516400,0.0,0.0
2019-01-30 00:00:00-05:00,17.6200008392334,17.780000686645508,17.43000030517578,17.600000381469727,428700,0.0,0.0
2019-01-31 00:00:00-05:00,17.65999984741211,17.760000228881836,17.43000030517578,17.690000534057617,613300,0.0,0.0
2019-02-01 00:00:00-05:00,17.780000686645508,17.8799991607666,17.459999084472656,17.5,280800,0.0,0.0
2019-02-04 00:00:00-05:00,17.520000457763672,17.639999389648438,17.3700008392334,17.489999771118164,301100,0.0,0.0
2019-02-05 00:00:00-05:00,17.440000534057617,17.799999237060547,17.399999618530273,17.670000076293945,267900,0.0,0.0
2019-02-06 00:00:00-05:00,17.59000015258789,17.8700008392334,17.549999237060547,17.84000015258789,388900,0.0,0.0
2019-02-07 00:00:00-05:00,17.850000381469727,17.899999618530273,17.6200008392334,17.719999313354492,222800,0.0,0.0
2019-02-08 00:00:00-05:00,17.709999084472656,17.979999542236328,17.690000534057617,17.940000534057617,229800,0.0,0.0
2019-02-11 00:00:00-05:00,18.059999465942383,18.3700008392334,17.969999313354492,18.239999771118164,519500,0.0,0.0
2019-02-12 00:00:00-05:00,18.18000030517578,18.719999313354492,18.1200008392334,18.229999542236328,590900,0.0,0.0
2019-02-13 00:00:00-05:00,18.110000610351562,18.110000610351562,17.299999237060547,17.59000015258789,1060600,0.0,0.0
2019-02-14 00:00:00-05:00,17.5,17.90999984741211,17.350000381469727,17.579999923706055,380300,0.0,0.0
2019-02-15 00:00:00-05:00,17.6299991607666,18.1200008392334,17.6299991607666,17.739999771118164,532600,0.0,0.0
2019-02-19 00:00:00-05:00,17.709999084472656,17.84000015258789,17.600000381469727,17.6299991607666,303100,0.0,0.0
2019-02-20 00:00:00-05:00,17.6200008392334,17.969999313354492,17.59000015258789,17.8700008392334,243100,0.0,0.0
2019-02-21 00:00:00-05:00,17.770000457763672,17.8799991607666,17.600000381469727,17.860000610351562,302500,0.0,0.0
2019-02-22 00:00:00-05:00,17.850000381469727,18.329999923706055,17.84000015258789,18.329999923706055,332300,0.0,0.0
2019-02-25 00:00:00-05:00,18.40999984741211,18.56999969482422,18.0,18.280000686645508,482300,0.0,0.0
2019-02-26 00:00:00-05:00,18.290000915527344,18.3799991607666,17.670000076293945,17.670000076293945,575100,0.0,0.0
2019-02-27 00:00:00-05:00,17.649999618530273,17.790000915527344,17.459999084472656,17.549999237060547,321600,0.0,0.0
2019-02-28 00:00:00-05:00,17.549999237060547,17.6299991607666,17.3799991607666,17.459999084472656,308800,0.0,0.0
2019-03-01 00:00:00-05:00,17.579999923706055,17.670000076293945,17.3799991607666,17.43000030517578,272500,0.0,0.0
2019-03-04 00:00:00-05:00,17.43000030517578,17.440000534057617,17.290000915527344,17.399999618530273,241600,0.0,0.0
2019-03-05 00:00:00-05:00,17.420000076293945,17.549999237060547,17.200000762939453,17.200000762939453,247400,0.0,0.0
2019-03-06 00:00:00-05:00,17.25,17.420000076293945,17.040000915527344,17.25,474900,0.0,0.0
2019-03-07 00:00:00-05:00,17.170000076293945,17.420000076293945,17.030000686645508,17.329999923706055,418800,0.0,0.0
2019-03-08 00:00:00-05:00,17.31999969482422,17.56999969482422,17.229999542236328,17.559999465942383,355500,0.0,0.0
2019-03-11 00:00:00-04:00,17.559999465942383,17.670000076293945,17.329999923706055,17.610000610351562,338700,0.0,0.0
2019-03-12 00:00:00-04:00,17.610000610351562,17.729999542236328,17.40999984741211,17.489999771118164,245700,0.0,0.0
2019-03-13 00:00:00-04:00,17.5,18.06999969482422,17.440000534057617,18.040000915527344,404400,0.0,0.0
2019-03-14 00:00:00-04:00,18.030000686645508,18.1299991607666,17.649999618530273,17.979999542236328,237500,0.0,0.0
2019-03-15 00:00:00-04:00,18.0,18.239999771118164,17.75,18.0,1114700,0.0,0.0
2019-03-18 00:00:00-04:00,17.989999771118164,18.18000030517578,17.8799991607666,17.989999771118164,297100,0.0,0.0
2019-03-19 00:00:00-04:00,18.0,18.0,17.709999084472656,17.950000762939453,985800,0.0,0.0
2019-03-20 00:00:00-04:00,17.920000076293945,17.920000076293945,17.5,17.649999618530273,263500,0.0,0.0
2019-03-21 00:00:00-04:00,17.6299991607666,17.93000030517578,17.43000030517578,17.81999969482422,339900,0.0,0.0
2019-03-22 00:00:00-04:00,17.739999771118164,18.0,17.739999771118164,17.84000015258789,345700,0.0,0.0
2019-03-25 00:00:00-04:00,17.709999084472656,18.40999984741211,16.84000015258789,18.229999542236328,1130800,0.0,0.0
2019-03-26 00:00:00-04:00,18.229999542236328,18.530000686645508,18.229999542236328,18.5,286700,0.0,0.0
2019-03-27 00:00:00-04:00,18.5,18.639999389648438,18.360000610351562,18.530000686645508,266700,0.0,0.0
2019-03-28 00:00:00-04:00,18.549999237060547,18.639999389648438,18.309999465942383,18.43000030517578,273900,0.0,0.0
2019-03-29 00:00:00-04:00,18.479999542236328,18.520000457763672,18.280000686645508,18.350000381469727,380800,0.0,0.0
2019-04-01 00:00:00-04:00,18.360000610351562,18.520000457763672,18.260000228881836,18.420000076293945,337800,0.0,0.0
2019-04-02 00:00:00-04:00,18.389999389648438,18.389999389648438,17.979999542236328,18.079999923706055,283900,0.0,0.0
2019-04-03 00:00:00-04:00,18.31999969482422,18.31999969482422,18.040000915527344,18.110000610351562,275500,0.0,0.0
2019-04-04 00:00:00-04:00,18.110000610351562,18.360000610351562,17.959999084472656,18.350000381469727,285700,0.0,0.0
2019-04-05 00:00:00-04:00,18.360000610351562,18.600000381469727,18.209999084472656,18.530000686645508,1053400,0.0,0.0
2019-04-08 00:00:00-04:00,18.40999984741211,18.479999542236328,18.010000228881836,18.049999237060547,292400,0.0,0.0
2019-04-09 00:00:00-04:00,18.010000228881836,18.020000457763672,17.56999969482422,17.59000015258789,318200,0.0,0.0
2019-04-10 00:00:00-04:00,17.59000015258789,17.799999237060547,17.420000076293945,17.739999771118164,203700,0.0,0.0
2019-04-11 00:00:00-04:00,17.760000228881836,17.850000381469727,17.649999618530273,17.700000762939453,237400,0.0,0.0
2019-04-12 00:00:00-04:00,17.700000762939453,17.719999313354492,17.520000457763672,17.530000686645508,289900,0.0,0.0
2019-04-15 00:00:00-04:00,17.5,17.56999969482422,17.329999923706055,17.530000686645508,370000,0.0,0.0
2019-04-16 00:00:00-04:00,17.559999465942383,17.649999618530273,17.059999465942383,17.18000030517578,371600,0.0,0.0
2019-04-17 00:00:00-04:00,17.170000076293945,17.350000381469727,16.739999771118164,16.959999084472656,396400,0.0,0.0
2019-04-18 00:00:00-04:00,16.93000030517578,17.290000915527344,16.93000030517578,17.139999389648438,222700,0.0,0.0
2019-04-22 00:00:00-04:00,17.079999923706055,17.579999923706055,17.059999465942383,17.540000915527344,394600,0.0,0.0
2019-04-23 00:00:00-04:00,17.530000686645508,17.719999313354492,17.1200008392334,17.65999984741211,252800,0.0,0.0
2019-04-24 00:00:00-04:00,17.690000534057617,18.350000381469727,17.68000030517578,17.940000534057617,441400,0.0,0.0
2019-04-25 00:00:00-04:00,17.90999984741211,18.81999969482422,17.809999465942383,18.799999237060547,404400,0.0,0.0
2019-04-26 00:00:00-04:00,18.90999984741211,19.1299991607666,18.829999923706055,18.950000762939453,368400,0.0,0.0
2019-04-29 00:00:00-04:00,18.969999313354492,18.969999313354492,18.719999313354492,18.829999923706055,309500,0.0,0.0
2019-04-30 00:00:00-04:00,18.760000228881836,18.850000381469727,18.399999618530273,18.6200008392334,521900,0.0,0.0
2019-05-01 00:00:00-04:00,19.780000686645508,20.40999984741211,19.110000610351562,19.110000610351562,669200,0.0,0.0
2019-05-02 00:00:00-04:00,19.15999984741211,19.3799991607666,18.979999542236328,19.190000534057617,418600,0.0,0.0
2019-05-03 00:00:00-04:00,19.280000686645508,19.399999618530273,19.100000381469727,19.190000534057617,368200,0.0,0.0
2019-05-06 00:00:00-04:00,18.989999771118164,19.700000762939453,18.989999771118164,19.690000534057617,604200,0.0,0.0
2019-05-07 00:00:00-04:00,19.670000076293945,19.93000030517578,19.450000762939453,19.649999618530273,303500,0.0,0.0
2019-05-08 00:00:00-04:00,19.649999618530273,19.709999084472656,19.360000610351562,19.440000534057617,483000,0.0,0.0
2019-05-09 00:00:00-04:00,19.399999618530273,19.5,19.239999771118164,19.40999984741211,330700,0.0,0.0
2019-05-10 00:00:00-04:00,19.389999389648438,19.510000228881836,19.25,19.31999969482422,372800,0.0,0.0
2019-05-13 00:00:00-04:00,19.1200008392334,19.540000915527344,19.049999237060547,19.190000534057617,424600,0.0,0.0
2019-05-14 00:00:00-04:00,19.139999389648438,19.489999771118164,19.110000610351562,19.200000762939453,249200,0.0,0.0
2019-05-15 00:00:00-04:00,19.190000534057617,19.479999542236328,19.100000381469727,19.43000030517578,488900,0.0,0.0
2019-05-16 00:00:00-04:00,19.40999984741211,19.829999923706055,19.360000610351562,19.540000915527344,424500,0.0,0.0
2019-05-17 00:00:00-04:00,19.489999771118164,19.760000228881836,19.489999771118164,19.549999237060547,371900,0.0,0.0
2019-05-20 00:00:00-04:00,19.510000228881836,19.65999984741211,19.399999618530273,19.649999618530273,287400,0.0,0.0
2019-05-21 00:00:00-04:00,19.649999618530273,19.829999923706055,19.579999923706055,19.579999923706055,241100,0.0,0.0
2019-05-22 00:00:00-04:00,19.59000015258789,19.760000228881836,19.43000030517578,19.469999313354492,310600,0.0,0.0
2019-05-23 00:00:00-04:00,19.5,19.56999969482422,19.200000762939453,19.440000534057617,440700,0.0,0.0
2019-05-24 00:00:00-04:00,19.459999084472656,19.549999237060547,19.200000762939453,19.31999969482422,225700,0.0,0.0
2019-05-28 00:00:00-04:00,19.309999465942383,19.65999984741211,19.09000015258789,19.139999389648438,344000,0.0,0.0
2019-05-29 00:00:00-04:00,19.190000534057617,19.200000762939453,18.899999618530273,19.0,532000,0.0,0.0
2019-05-30 00:00:00-04:00,19.0,19.600000381469727,19.0,19.530000686645508,339800,0.0,0.0
2019-05-31 00:00:00-04:00,19.440000534057617,19.799999237060547,19.329999923706055,19.68000030517578,304900,0.0,0.0
2019-06-03 00:00:00-04:00,19.59000015258789,19.770000457763672,19.40999984741211,19.530000686645508,828400,0.0,0.0
2019-06-04 00:00:00-04:00,19.75,20.209999084472656,19.729999542236328,19.790000915527344,748200,0.0,0.0
2019-06-05 00:00:00-04:00,19.889999389648438,20.170000076293945,19.739999771118164,20.15999984741211,399700,0.0,0.0
2019-06-06 00:00:00-04:00,20.270000457763672,20.670000076293945,20.219999313354492,20.649999618530273,375100,0.0,0.0
2019-06-07 00:00:00-04:00,20.559999465942383,20.829999923706055,20.459999084472656,20.639999389648438,357600,0.0,0.0
2019-06-10 00:00:00-04:00,20.6200008392334,20.850000381469727,20.469999313354492,20.719999313354492,337900,0.0,0.0
2019-06-11 00:00:00-04:00,19.799999237060547,20.799999237060547,19.600000381469727,20.6200008392334,378200,0.0,0.0
2019-06-12 00:00:00-04:00,20.639999389648438,20.8700008392334,20.510000228881836,20.6200008392334,367100,0.0,0.0
2019-06-13 00:00:00-04:00,20.709999084472656,20.790000915527344,20.610000610351562,20.639999389648438,264500,0.0,0.0
2019-06-14 00:00:00-04:00,20.649999618530273,20.950000762939453,20.549999237060547,20.799999237060547,323700,0.0,0.0
2019-06-17 00:00:00-04:00,20.90999984741211,21.139999389648438,20.790000915527344,20.829999923706055,333900,0.0,0.0
2019-06-18 00:00:00-04:00,20.8700008392334,21.0,20.469999313354492,20.479999542236328,355000,0.0,0.0
2019-06-19 00:00:00-04:00,20.459999084472656,20.530000686645508,20.239999771118164,20.489999771118164,413400,0.0,0.0
2019-06-20 00:00:00-04:00,20.520000457763672,20.610000610351562,20.31999969482422,20.450000762939453,333600,0.0,0.0
2019-06-21 00:00:00-04:00,20.329999923706055,20.389999389648438,20.1299991607666,20.149999618530273,497700,0.0,0.0
2019-06-24 00:00:00-04:00,20.25,20.309999465942383,20.139999389648438,20.229999542236328,271400,0.0,0.0
2019-06-25 00:00:00-04:00,20.25,20.479999542236328,20.1200008392334,20.1299991607666,430800,0.0,0.0
2019-06-26 00:00:00-04:00,20.100000381469727,20.1299991607666,19.75,19.770000457763672,475600,0.0,0.0
2019-06-27 00:00:00-04:00,19.770000457763672,20.479999542236328,19.770000457763672,20.469999313354492,421000,0.0,0.0
2019-06-28 00:00:00-04:00,20.450000762939453,20.56999969482422,20.219999313354492,20.530000686645508,815700,0.0,0.0
2019-07-01 00:00:00-04:00,20.559999465942383,20.690000534057617,20.239999771118164,20.5,322000,0.0,0.0
2019-07-02 00:00:00-04:00,20.5,20.780000686645508,20.440000534057617,20.739999771118164,252900,0.0,0.0
2019-07-03 00:00:00-04:00,20.75,21.209999084472656,20.75,21.15999984741211,227900,0.0,0.0
2019-07-05 00:00:00-04:00,21.06999969482422,21.6299991607666,21.059999465942383,21.6200008392334,266800,0.0,0.0
2019-07-08 00:00:00-04:00,21.639999389648438,21.639999389648438,21.049999237060547,21.100000381469727,339400,0.0,0.0
2019-07-09 00:00:00-04:00,21.100000381469727,21.459999084472656,21.100000381469727,21.239999771118164,320300,0.0,0.0
2019-07-10 00:00:00-04:00,21.329999923706055,21.530000686645508,21.260000228881836,21.510000228881836,311500,0.0,0.0
2019-07-11 00:00:00-04:00,21.559999465942383,21.600000381469727,21.399999618530273,21.489999771118164,216700,0.0,0.0
2019-07-12 00:00:00-04:00,21.229999542236328,21.75,21.229999542236328,21.709999084472656,343100,0.0,0.0
2019-07-15 00:00:00-04:00,21.770000457763672,21.969999313354492,21.600000381469727,21.90999984741211,411300,0.0,0.0
2019-07-16 00:00:00-04:00,21.889999389648438,21.889999389648438,21.479999542236328,21.5,307500,0.0,0.0
2019-07-17 00:00:00-04:00,21.549999237060547,21.81999969482422,21.5,21.729999542236328,420500,0.0,0.0
2019-07-18 00:00:00-04:00,21.809999465942383,22.0,21.440000534057617,21.450000762939453,703300,0.0,0.0
2019-07-19 00:00:00-04:00,21.420000076293945,21.809999465942383,21.420000076293945,21.579999923706055,542000,0.0,0.0
2019-07-22 00:00:00-04:00,21.639999389648438,21.84000015258789,21.510000228881836,21.760000228881836,461500,0.0,0.0
2019-07-23 00:00:00-04:00,21.829999923706055,21.8799991607666,21.290000915527344,21.489999771118164,381500,0.0,0.0
2019-07-24 00:00:00-04:00,21.489999771118164,21.700000762939453,21.399999618530273,21.700000762939453,360500,0.0,0.0
2019-07-25 00:00:00-04:00,21.68000030517578,22.18000030517578,21.68000030517578,21.979999542236328,965600,0.0,0.0
2019-07-26 00:00:00-04:00,22.190000534057617,22.200000762939453,21.899999618530273,21.950000762939453,543200,0.0,0.0
2019-07-29 00:00:00-04:00,22.100000381469727,22.100000381469727,21.719999313354492,21.760000228881836,470700,0.0,0.0
2019-07-30 00:00:00-04:00,21.799999237060547,21.940000534057617,21.479999542236328,21.68000030517578,789700,0.0,0.0
2019-07-31 00:00:00-04:00,22.25,23.549999237060547,22.010000228881836,22.59000015258789,1728600,0.0,0.0
2019-08-01 00:00:00-04:00,22.670000076293945,22.850000381469727,22.229999542236328,22.459999084472656,866800,0.0,0.0
2019-08-02 00:00:00-04:00,22.329999923706055,22.520000457763672,22.1299991607666,22.170000076293945,382900,0.0,0.0
2019-08-05 00:00:00-04:00,22.170000076293945,22.170000076293945,21.59000015258789,21.950000762939453,474100,0.0,0.0
2019-08-06 00:00:00-04:00,22.049999237060547,22.34000015258789,21.8799991607666,22.1200008392334,753700,0.0,0.0
2019-08-07 00:00:00-04:00,22.079999923706055,22.43000030517578,21.969999313354492,22.239999771118164,420200,0.0,0.0
2019-08-08 00:00:00-04:00,22.270000457763672,22.670000076293945,22.25,22.579999923706055,703000,0.0,0.0
2019-08-09 00:00:00-04:00,22.59000015258789,22.719999313354492,22.43000030517578,22.6299991607666,508400,0.0,0.0
2019-08-12 00:00:00-04:00,22.639999389648438,22.719999313354492,22.34000015258789,22.639999389648438,303400,0.0,0.0
2019-08-13 00:00:00-04:00,22.649999618530273,22.90999984741211,22.549999237060547,22.600000381469727,471600,0.0,0.0
2019-08-14 00:00:00-04:00,22.5,22.639999389648438,22.030000686645508,22.399999618530273,546400,0.0,0.0
2019-08-15 00:00:00-04:00,22.459999084472656,22.84000015258789,22.34000015258789,22.420000076293945,631400,0.0,0.0
2019-08-16 00:00:00-04:00,22.540000915527344,23.049999237060547,22.510000228881836,22.84000015258789,449900,0.0,0.0
2019-08-19 00:00:00-04:00,22.889999389648438,23.290000915527344,22.760000228881836,23.059999465942383,459300,0.0,0.0
2019-08-20 00:00:00-04:00,23.079999923706055,23.34000015258789,23.049999237060547,23.200000762939453,329400,0.0,0.0
2019-08-21 00:00:00-04:00,23.31999969482422,23.389999389648438,23.18000030517578,23.270000457763672,360700,0.0,0.0
2019-08-22 00:00:00-04:00,23.270000457763672,23.649999618530273,23.260000228881836,23.510000228881836,286000,0.0,0.0
2019-08-23 00:00:00-04:00,23.459999084472656,23.65999984741211,23.040000915527344,23.06999969482422,357400,0.0,0.0
2019-08-26 00:00:00-04:00,23.1299991607666,23.530000686645508,23.079999923706055,23.520000457763672,221700,0.0,0.0
2019-08-27 00:00:00-04:00,23.520000457763672,23.56999969482422,23.059999465942383,23.079999923706055,395700,0.0,0.0
2019-08-28 00:00:00-04:00,23.059999465942383,23.43000030517578,23.049999237060547,23.3700008392334,302900,0.0,0.0
2019-08-29 00:00:00-04:00,23.520000457763672,23.670000076293945,23.40999984741211,23.489999771118164,335300,0.0,0.0
2019-08-30 00:00:00-04:00,23.520000457763672,23.65999984741211,23.360000610351562,23.59000015258789,252300,0.0,0.0
2019-09-03 00:00:00-04:00,23.6299991607666,23.81999969482422,23.299999237060547,23.329999923706055,605200,0.0,0.0
2019-09-04 00:00:00-04:00,23.350000381469727,23.729999542236328,23.239999771118164,23.610000610351562,420700,0.0,0.0
2019-09-05 00:00:00-04:00,23.790000915527344,23.8799991607666,23.469999313354492,23.610000610351562,344300,0.0,0.0
2019-09-06 00:00:00-04:00,23.600000381469727,23.709999084472656,23.280000686645508,23.309999465942383,236900,0.0,0.0
2019-09-09 00:00:00-04:00,23.309999465942383,23.399999618530273,23.030000686645508,23.389999389648438,330300,0.0,0.0
2019-09-10 00:00:00-04:00,23.309999465942383,23.43000030517578,22.690000534057617,22.989999771118164,407400,0.0,0.0
2019-09-11 00:00:00-04:00,23.100000381469727,23.25,22.719999313354492,22.979999542236328,288100,0.0,0.0
2019-09-12 00:00:00-04:00,23.040000915527344,23.040000915527344,22.719999313354492,22.790000915527344,462700,0.0,0.0
2019-09-13 00:00:00-04:00,22.850000381469727,22.989999771118164,22.510000228881836,22.639999389648438,245500,0.0,0.0
2019-09-16 00:00:00-04:00,22.549999237060547,22.729999542236328,22.420000076293945,22.469999313354492,414400,0.0,0.0
2019-09-17 00:00:00-04:00,22.549999237060547,22.729999542236328,22.489999771118164,22.540000915527344,300000,0.0,0.0
2019-09-18 00:00:00-04:00,22.65999984741211,22.829999923706055,22.260000228881836,22.59000015258789,657400,0.0,0.0
2019-09-19 00:00:00-04:00,22.81999969482422,23.06999969482422,22.690000534057617,23.040000915527344,441900,0.0,0.0
2019-09-20 00:00:00-04:00,23.020000457763672,23.479999542236328,23.020000457763672,23.270000457763672,1635700,0.0,0.0
2019-09-23 00:00:00-04:00,23.200000762939453,23.389999389648438,22.8700008392334,22.889999389648438,324300,0.0,0.0
2019-09-24 00:00:00-04:00,22.940000534057617,23.110000610351562,22.579999923706055,22.700000762939453,925800,0.0,0.0
2019-09-25 00:00:00-04:00,22.780000686645508,22.979999542236328,22.709999084472656,22.899999618530273,224700,0.0,0.0
2019-09-26 00:00:00-04:00,22.979999542236328,23.049999237060547,22.649999618530273,22.729999542236328,232200,0.0,0.0
2019-09-27 00:00:00-04:00,22.700000762939453,22.959999084472656,22.34000015258789,22.3700008392334,486900,0.0,0.0
2019-09-30 00:00:00-04:00,22.440000534057617,22.8700008392334,22.440000534057617,22.770000457763672,659500,0.0,0.0
2019-10-01 00:00:00-04:00,22.829999923706055,23.049999237060547,22.56999969482422,22.600000381469727,523500,0.0,0.0
2019-10-02 00:00:00-04:00,22.530000686645508,22.709999084472656,22.43000030517578,22.479999542236328,392800,0.0,0.0
2019-10-03 00:00:00-04:00,22.479999542236328,22.649999618530273,22.260000228881836,22.440000534057617,223000,0.0,0.0
2019-10-04 00:00:00-04:00,22.399999618530273,22.889999389648438,22.399999618530273,22.860000610351562,347400,0.0,0.0
2019-10-07 00:00:00-04:00,22.729999542236328,23.049999237060547,22.690000534057617,22.780000686645508,370400,0.0,0.0
2019-10-08 00:00:00-04:00,22.68000030517578,22.770000457763672,22.350000381469727,22.43000030517578,348600,0.0,0.0
2019-10-09 00:00:00-04:00,22.5,22.579999923706055,22.209999084472656,22.290000915527344,301000,0.0,0.0
2019-10-10 00:00:00-04:00,22.350000381469727,22.389999389648438,21.959999084472656,22.15999984741211,287200,0.0,0.0
2019-10-11 00:00:00-04:00,22.329999923706055,22.350000381469727,21.8799991607666,21.889999389648438,357100,0.0,0.0
2019-10-14 00:00:00-04:00,21.90999984741211,22.030000686645508,21.459999084472656,21.6299991607666,252600,0.0,0.0
2019-10-15 00:00:00-04:00,21.639999389648438,21.780000686645508,21.479999542236328,21.610000610351562,392400,0.0,0.0
2019-10-16 00:00:00-04:00,21.56999969482422,21.739999771118164,21.43000030517578,21.729999542236328,273200,0.0,0.0
2019-10-17 00:00:00-04:00,21.729999542236328,21.950000762939453,21.639999389648438,21.829999923706055,628800,0.0,0.0
2019-10-18 00:00:00-04:00,21.75,21.920000076293945,21.639999389648438,21.8799991607666,282200,0.0,0.0
2019-10-21 00:00:00-04:00,21.979999542236328,22.209999084472656,21.8799991607666,21.979999542236328,352600,0.0,0.0
2019-10-22 00:00:00-04:00,21.899999618530273,22.0,21.579999923706055,21.670000076293945,275500,0.0,0.0
2019-10-23 00:00:00-04:00,21.649999618530273,21.65999984741211,21.329999923706055,21.440000534057617,321000,0.0,0.0
2019-10-24 00:00:00-04:00,21.440000534057617,21.579999923706055,21.200000762939453,21.309999465942383,283700,0.0,0.0
2019-10-25 00:00:00-04:00,21.260000228881836,21.6299991607666,21.260000228881836,21.5,283000,0.0,0.0
2019-10-28 00:00:00-04:00,21.5,21.59000015258789,21.34000015258789,21.459999084472656,323800,0.0,0.0
2019-10-29 00:00:00-04:00,21.6200008392334,21.75,21.450000762939453,21.600000381469727,681100,0.0,0.0
2019-10-30 00:00:00-04:00,21.600000381469727,21.940000534057617,20.360000610351562,20.770000457763672,1015300,0.0,0.0
2019-10-31 00:00:00-04:00,20.920000076293945,21.09000015258789,19.950000762939453,20.1200008392334,801600,0.0,0.0
2019-11-01 00:00:00-04:00,20.170000076293945,20.510000228881836,19.850000381469727,20.020000457763672,522900,0.0,0.0
2019-11-04 00:00:00-05:00,20.010000228881836,20.010000228881836,19.600000381469727,19.829999923706055,519300,0.0,0.0
2019-11-05 00:00:00-05:00,19.75,20.100000381469727,19.700000762939453,19.760000228881836,373200,0.0,0.0
2019-11-06 00:00:00-05:00,19.75,20.100000381469727,19.700000762939453,20.100000381469727,511200,0.0,0.0
2019-11-07 00:00:00-05:00,20.1200008392334,20.1200008392334,19.420000076293945,19.489999771118164,512900,0.0,0.0
2019-11-08 00:00:00-05:00,19.450000762939453,19.75,19.360000610351562,19.420000076293945,380700,0.0,0.0
2019-11-11 00:00:00-05:00,19.389999389648438,19.739999771118164,19.3700008392334,19.59000015258789,407600,0.0,0.0
2019-11-12 00:00:00-05:00,19.600000381469727,19.65999984741211,19.389999389648438,19.399999618530273,308100,0.0,0.0
2019-11-13 00:00:00-05:00,19.329999923706055,19.479999542236328,19.229999542236328,19.25,380400,0.0,0.0
2019-11-14 00:00:00-05:00,19.25,19.450000762939453,19.209999084472656,19.260000228881836,333200,0.0,0.0
2019-11-15 00:00:00-05:00,19.299999237060547,19.489999771118164,19.229999542236328,19.420000076293945,346300,0.0,0.0
2019-11-18 00:00:00-05:00,19.40999984741211,19.610000610351562,19.3799991607666,19.510000228881836,571800,0.0,0.0
2019-11-19 00:00:00-05:00,19.56999969482422,19.579999923706055,19.309999465942383,19.420000076293945,418100,0.0,0.0
2019-11-20 00:00:00-05:00,19.3700008392334,19.600000381469727,19.309999465942383,19.450000762939453,359200,0.0,0.0
2019-11-21 00:00:00-05:00,19.5,19.549999237060547,19.06999969482422,19.389999389648438,488900,0.0,0.0
2019-11-22 00:00:00-05:00,19.360000610351562,19.520000457763672,18.93000030517578,18.959999084472656,419800,0.0,0.0
2019-11-25 00:00:00-05:00,18.899999618530273,19.229999542236328,18.850000381469727,19.09000015258789,510300,0.0,0.0
2019-11-26 00:00:00-05:00,19.110000610351562,19.540000915527344,19.059999465942383,19.34000015258789,424300,0.0,0.0
2019-11-27 00:00:00-05:00,19.389999389648438,19.639999389648438,19.34000015258789,19.5,456600,0.0,0.0
2019-11-29 00:00:00-05:00,19.40999984741211,19.729999542236328,19.309999465942383,19.540000915527344,247300,0.0,0.0
2019-12-02 00:00:00-05:00,19.65999984741211,20.09000015258789,19.610000610351562,20.049999237060547,620100,0.0,0.0
2019-12-03 00:00:00-05:00,19.979999542236328,20.270000457763672,19.90999984741211,20.149999618530273,633200,0.0,0.0
2019-12-04 00:00:00-05:00,20.700000762939453,20.8700008392334,20.489999771118164,20.790000915527344,604900,0.0,0.0
2019-12-05 00:00:00-05:00,20.899999618530273,21.18000030517578,20.709999084472656,21.0,820800,0.0,0.0
2019-12-06 00:00:00-05:00,20.989999771118164,21.1200008392334,20.600000381469727,20.690000534057617,629300,0.0,0.0
2019-12-09 00:00:00-05:00,20.719999313354492,20.979999542236328,20.68000030517578,20.84000015258789,464900,0.0,0.0
2019-12-10 00:00:00-05:00,20.829999923706055,20.850000381469727,20.479999542236328,20.56999969482422,498800,0.0,0.0
2019-12-11 00:00:00-05:00,20.579999923706055,20.649999618530273,20.3700008392334,20.559999465942383,296700,0.0,0.0
2019-12-12 00:00:00-05:00,20.579999923706055,20.639999389648438,20.290000915527344,20.329999923706055,415200,0.0,0.0
2019-12-13 00:00:00-05:00,20.280000686645508,20.389999389648438,20.149999618530273,20.360000610351562,315800,0.0,0.0
2019-12-16 00:00:00-05:00,20.43000030517578,20.520000457763672,20.030000686645508,20.09000015258789,464800,0.0,0.0
2019-12-17 00:00:00-05:00,20.139999389648438,20.15999984741211,19.90999984741211,20.0,345600,0.0,0.0
2019-12-18 00:00:00-05:00,19.979999542236328,20.100000381469727,19.829999923706055,20.040000915527344,715700,0.0,0.0
2019-12-19 00:00:00-05:00,20.040000915527344,20.1299991607666,19.8700008392334,20.09000015258789,251700,0.0,0.0
2019-12-20 00:00:00-05:00,20.110000610351562,20.260000228881836,19.950000762939453,20.15999984741211,634500,0.0,0.0
2019-12-23 00:00:00-05:00,20.170000076293945,20.229999542236328,19.520000457763672,20.1200008392334,484300,0.0,0.0
2019-12-24 00:00:00-05:00,20.190000534057617,20.31999969482422,20.06999969482422,20.25,138400,0.0,0.0
2019-12-26 00:00:00-05:00,20.219999313354492,20.280000686645508,20.049999237060547,20.190000534057617,277300,0.0,0.0
2019-12-27 00:00:00-05:00,20.209999084472656,20.270000457763672,19.719999313354492,19.770000457763672,434500,0.0,0.0
2019-12-30 00:00:00-05:00,19.68000030517578,19.889999389648438,19.6299991607666,19.889999389648438,405200,0.0,0.0
2019-12-31 00:00:00-05:00,19.90999984741211,19.969999313354492,19.780000686645508,19.8799991607666,470400,0.0,0.0
2020-01-02 00:00:00-05:00,19.940000534057617,20.0,19.729999542236328,19.989999771118164,462800,0.0,0.0
2020-01-03 00:00:00-05:00,19.790000915527344,20.170000076293945,19.729999542236328,20.139999389648438,422300,0.0,0.0
2020-01-06 00:00:00-05:00,20.09000015258789,20.549999237060547,20.049999237060547,20.329999923706055,437300,0.0,0.0
2020-01-07 00:00:00-05:00,20.299999237060547,20.360000610351562,20.190000534057617,20.25,473900,0.0,0.0
2020-01-08 00:00:00-05:00,20.18000030517578,20.65999984741211,20.170000076293945,20.479999542236328,429200,0.0,0.0
2020-01-09 00:00:00-05:00,20.559999465942383,20.940000534057617,20.450000762939453,20.479999542236328,319000,0.0,0.0
2020-01-10 00:00:00-05:00,20.469999313354492,20.600000381469727,20.309999465942383,20.440000534057617,359900,0.0,0.0
2020-01-13 00:00:00-05:00,20.469999313354492,20.6299991607666,20.350000381469727,20.40999984741211,446100,0.0,0.0
2020-01-14 00:00:00-05:00,20.459999084472656,20.700000762939453,20.40999984741211,20.700000762939453,468200,0.0,0.0
2020-01-15 00:00:00-05:00,20.639999389648438,21.239999771118164,20.639999389648438,21.139999389648438,514900,0.0,0.0
2020-01-16 00:00:00-05:00,21.1200008392334,21.459999084472656,21.09000015258789,21.360000610351562,360300,0.0,0.0
2020-01-17 00:00:00-05:00,21.489999771118164,21.5,21.200000762939453,21.350000381469727,365100,0.0,0.0
2020-01-21 00:00:00-05:00,21.350000381469727,21.43000030517578,20.8700008392334,20.93000030517578,458400,0.0,0.0
2020-01-22 00:00:00-05:00,20.989999771118164,21.270000457763672,20.950000762939453,21.059999465942383,315900,0.0,0.0
2020-01-23 00:00:00-05:00,20.969999313354492,21.200000762939453,20.809999465942383,21.1200008392334,298700,0.0,0.0
2020-01-24 00:00:00-05:00,21.110000610351562,21.219999313354492,20.829999923706055,20.90999984741211,291600,0.0,0.0
2020-01-27 00:00:00-05:00,20.709999084472656,20.93000030517578,20.649999618530273,20.65999984741211,256300,0.0,0.0
2020-01-28 00:00:00-05:00,20.68000030517578,20.84000015258789,20.6299991607666,20.670000076293945,220100,0.0,0.0
2020-01-29 00:00:00-05:00,20.68000030517578,20.719999313354492,20.420000076293945,20.649999618530273,218600,0.0,0.0
2020-01-30 00:00:00-05:00,20.520000457763672,20.700000762939453,20.459999084472656,20.600000381469727,320800,0.0,0.0
2020-01-31 00:00:00-05:00,20.559999465942383,20.6200008392334,20.270000457763672,20.469999313354492,412500,0.0,0.0
2020-02-03 00:00:00-05:00,20.5,20.760000228881836,20.450000762939453,20.670000076293945,377500,0.0,0.0
2020-02-04 00:00:00-05:00,20.760000228881836,20.920000076293945,20.649999618530273,20.670000076293945,246200,0.0,0.0
2020-02-05 00:00:00-05:00,20.719999313354492,22.110000610351562,20.6299991607666,22.030000686645508,701300,0.0,0.0
2020-02-06 00:00:00-05:00,22.049999237060547,22.1299991607666,21.459999084472656,21.5,401300,0.0,0.0
2020-02-07 00:00:00-05:00,21.520000457763672,21.610000610351562,20.90999984741211,20.979999542236328,485400,0.0,0.0
2020-02-10 00:00:00-05:00,21.0,21.18000030517578,20.780000686645508,21.020000457763672,384900,0.0,0.0
2020-02-11 00:00:00-05:00,21.1299991607666,21.440000534057617,21.1299991607666,21.34000015258789,635800,0.0,0.0
2020-02-12 00:00:00-05:00,21.459999084472656,22.100000381469727,19.780000686645508,20.309999465942383,963400,0.0,0.0
2020-02-13 00:00:00-05:00,20.200000762939453,20.719999313354492,19.979999542236328,20.0,507900,0.0,0.0
2020-02-14 00:00:00-05:00,20.0,20.260000228881836,19.65999984741211,20.149999618530273,590300,0.0,0.0
2020-02-18 00:00:00-05:00,20.170000076293945,20.850000381469727,20.170000076293945,20.770000457763672,612700,0.0,0.0
2020-02-19 00:00:00-05:00,20.75,20.799999237060547,20.489999771118164,20.520000457763672,374300,0.0,0.0
2020-02-20 00:00:00-05:00,20.540000915527344,20.90999984741211,20.489999771118164,20.56999969482422,374700,0.0,0.0
2020-02-21 00:00:00-05:00,20.59000015258789,20.670000076293945,20.469999313354492,20.549999237060547,240200,0.0,0.0
2020-02-24 00:00:00-05:00,20.1299991607666,20.3700008392334,19.829999923706055,19.959999084472656,476600,0.0,0.0
2020-02-25 00:00:00-05:00,19.899999618530273,20.059999465942383,18.889999389648438,18.940000534057617,429600,0.0,0.0
2020-02-26 00:00:00-05:00,18.8700008392334,18.989999771118164,18.329999923706055,18.389999389648438,688700,0.0,0.0
2020-02-27 00:00:00-05:00,17.989999771118164,18.3700008392334,17.709999084472656,17.969999313354492,1120800,0.0,0.0
2020-02-28 00:00:00-05:00,17.59000015258789,17.8799991607666,17.040000915527344,17.40999984741211,832200,0.0,0.0
2020-03-02 00:00:00-05:00,17.3700008392334,17.739999771118164,17.1200008392334,17.690000534057617,486400,0.0,0.0
2020-03-03 00:00:00-05:00,17.68000030517578,17.68000030517578,16.510000228881836,16.540000915527344,733800,0.0,0.0
2020-03-04 00:00:00-05:00,16.670000076293945,16.850000381469727,16.3700008392334,16.780000686645508,518000,0.0,0.0
2020-03-05 00:00:00-05:00,16.530000686645508,16.68000030517578,15.710000038146973,15.9399995803833,711300,0.0,0.0
2020-03-06 00:00:00-05:00,15.5,15.760000228881836,15.100000381469727,15.460000038146973,643300,0.0,0.0
2020-03-09 00:00:00-04:00,14.680000305175781,15.020000457763672,14.359999656677246,14.489999771118164,1018200,0.0,0.0
2020-03-10 00:00:00-04:00,14.949999809265137,15.0600004196167,13.949999809265137,14.59000015258789,787000,0.0,0.0
2020-03-11 00:00:00-04:00,14.220000267028809,14.270000457763672,12.5600004196167,12.59000015258789,1091000,0.0,0.0
2020-03-12 00:00:00-04:00,11.75,11.75,10.460000038146973,10.5,1105700,0.0,0.0
2020-03-13 00:00:00-04:00,11.09000015258789,11.5600004196167,10.239999771118164,10.739999771118164,1041600,0.0,0.0
2020-03-16 00:00:00-04:00,10.449999809265137,10.600000381469727,8.140000343322754,8.210000038146973,929600,0.0,0.0
2020-03-17 00:00:00-04:00,8.229999542236328,8.859999656677246,7.21999979019165,7.429999828338623,1405700,0.0,0.0
2020-03-18 00:00:00-04:00,7.0,7.239999771118164,4.760000228881836,5.0,1449400,0.0,0.0
2020-03-19 00:00:00-04:00,5.110000133514404,6.199999809265137,4.5,6.0,1803800,0.0,0.0
2020-03-20 00:00:00-04:00,6.409999847412109,6.730000019073486,5.260000228881836,5.46999979019165,1985400,0.0,0.0
2020-03-23 00:00:00-04:00,5.659999847412109,6.340000152587891,5.150000095367432,5.909999847412109,1927400,0.0,0.0
2020-03-24 00:00:00-04:00,6.639999866485596,7.71999979019165,6.489999771118164,7.690000057220459,2167000,0.0,0.0
2020-03-25 00:00:00-04:00,8.100000381469727,11.4399995803833,7.789999961853027,9.460000038146973,3909500,0.0,0.0
2020-03-26 00:00:00-04:00,9.369999885559082,10.289999961853027,9.3100004196167,10.0600004196167,1284200,0.0,0.0
2020-03-27 00:00:00-04:00,9.649999618530273,10.0,8.350000381469727,8.399999618530273,1198700,0.0,0.0
2020-03-30 00:00:00-04:00,8.399999618530273,8.520000457763672,7.75,7.849999904632568,1203700,0.0,0.0
2020-03-31 00:00:00-04:00,7.929999828338623,8.369999885559082,7.5,7.679999828338623,1925000,0.0,0.0
2020-04-01 00:00:00-04:00,7.550000190734863,7.550000190734863,7.0,7.28000020980835,1198800,0.0,0.0
2020-04-02 00:00:00-04:00,7.300000190734863,7.449999809265137,6.579999923706055,6.679999828338623,1145200,0.0,0.0
2020-04-03 00:00:00-04:00,6.710000038146973,6.829999923706055,6.289999961853027,6.78000020980835,919600,0.0,0.0
2020-04-06 00:00:00-04:00,7.46999979019165,8.25,7.179999828338623,8.1899995803833,1483900,0.0,0.0
2020-04-07 00:00:00-04:00,9.15999984741211,9.65999984741211,8.15999984741211,8.380000114440918,1542000,0.0,0.0
2020-04-08 00:00:00-04:00,8.430000305175781,9.25,8.229999542236328,9.0,1445300,0.0,0.0
2020-04-09 00:00:00-04:00,9.739999771118164,10.4399995803833,9.40999984741211,9.9399995803833,1463900,0.0,0.0
2020-04-13 00:00:00-04:00,10.100000381469727,10.149999618530273,9.010000228881836,9.3100004196167,1133100,0.0,0.0
2020-04-14 00:00:00-04:00,9.819999694824219,10.25,9.329999923706055,9.449999809265137,964100,0.0,0.0
2020-04-15 00:00:00-04:00,9.079999923706055,9.399999618530273,8.949999809265137,9.199999809265137,957400,0.0,0.0
2020-04-16 00:00:00-04:00,9.199999809265137,9.520000457763672,8.5600004196167,9.09000015258789,778400,0.0,0.0
2020-04-17 00:00:00-04:00,9.970000267028809,9.970000267028809,9.34000015258789,9.470000267028809,1071400,0.0,0.0
2020-04-20 00:00:00-04:00,9.25,9.489999771118164,9.0,9.020000457763672,1004800,0.0,0.0
2020-04-21 00:00:00-04:00,8.8100004196167,9.229999542236328,8.699999809265137,9.050000190734863,879000,0.0,0.0
2020-04-22 00:00:00-04:00,9.34000015258789,9.770000457763672,9.210000038146973,9.4399995803833,918700,0.0,0.0
2020-04-23 00:00:00-04:00,9.529999732971191,9.829999923706055,9.15999984741211,9.3100004196167,859600,0.0,0.0
2020-04-24 00:00:00-04:00,9.289999961853027,9.34000015258789,8.90999984741211,9.170000076293945,644300,0.0,0.0
2020-04-27 00:00:00-04:00,9.25,9.949999809265137,9.25,9.770000457763672,1061100,0.0,0.0
2020-04-28 00:00:00-04:00,10.359999656677246,10.420000076293945,9.539999961853027,9.970000267028809,1218300,0.0,0.0
2020-04-29 00:00:00-04:00,10.460000038146973,11.9399995803833,10.239999771118164,11.760000228881836,1897900,0.0,0.0
2020-04-30 00:00:00-04:00,11.399999618530273,11.84000015258789,11.0,11.270000457763672,1157500,0.0,0.0
2020-05-01 00:00:00-04:00,10.859999656677246,11.319999694824219,10.619999885559082,11.010000228881836,1034200,0.0,0.0
2020-05-04 00:00:00-04:00,10.050000190734863,10.380000114440918,9.5,9.84000015258789,1270500,0.0,0.0
2020-05-05 00:00:00-04:00,10.109999656677246,10.25,9.34000015258789,9.430000305175781,946200,0.0,0.0
2020-05-06 00:00:00-04:00,9.479999542236328,9.6899995803833,9.229999542236328,9.260000228881836,722500,0.0,0.0
2020-05-07 00:00:00-04:00,9.359999656677246,9.5600004196167,9.279999732971191,9.350000381469727,1184100,0.0,0.0
2020-05-08 00:00:00-04:00,9.609999656677246,10.199999809265137,9.319999694824219,10.050000190734863,1565600,0.0,0.0
2020-05-11 00:00:00-04:00,9.800000190734863,9.970000267028809,9.520000457763672,9.699999809265137,864600,0.0,0.0
2020-05-12 00:00:00-04:00,9.710000038146973,9.75,9.300000190734863,9.300000190734863,941200,0.0,0.0
2020-05-13 00:00:00-04:00,9.260000228881836,9.270000457763672,8.4399995803833,8.770000457763672,1315000,0.0,0.0
2020-05-14 00:00:00-04:00,8.489999771118164,8.960000038146973,7.860000133514404,8.770000457763672,1513800,0.0,0.0
2020-05-15 00:00:00-04:00,9.739999771118164,9.920000076293945,9.149999618530273,9.170000076293945,2030100,0.0,0.0
2020-05-18 00:00:00-04:00,9.770000457763672,10.479999542236328,9.65999984741211,10.109999656677246,2273500,0.0,0.0
2020-05-19 00:00:00-04:00,10.170000076293945,10.260000228881836,9.5600004196167,9.890000343322754,1571000,0.0,0.0
2020-05-20 00:00:00-04:00,10.180000305175781,10.5,10.050000190734863,10.460000038146973,1254700,0.0,0.0
2020-05-21 00:00:00-04:00,10.34000015258789,10.789999961853027,10.270000457763672,10.520000457763672,922900,0.0,0.0
2020-05-22 00:00:00-04:00,10.609999656677246,10.739999771118164,10.390000343322754,10.619999885559082,674700,0.0,0.0
2020-05-26 00:00:00-04:00,11.4399995803833,11.800000190734863,11.130000114440918,11.180000305175781,1151600,0.0,0.0
2020-05-27 00:00:00-04:00,11.779999732971191,11.970000267028809,11.149999618530273,11.859999656677246,1375400,0.0,0.0
2020-05-28 00:00:00-04:00,12.079999923706055,12.229999542236328,11.199999809265137,11.270000457763672,1190300,0.0,0.0
2020-05-29 00:00:00-04:00,11.010000228881836,11.239999771118164,10.619999885559082,10.850000381469727,1395700,0.0,0.0
2020-06-01 00:00:00-04:00,10.899999618530273,11.510000228881836,10.760000228881836,11.180000305175781,948700,0.0,0.0
2020-06-02 00:00:00-04:00,11.359999656677246,11.489999771118164,10.859999656677246,11.199999809265137,701300,0.0,0.0
2020-06-03 00:00:00-04:00,11.390000343322754,12.880000114440918,11.380000114440918,12.529999732971191,2849900,0.0,0.0
2020-06-04 00:00:00-04:00,12.800000190734863,13.979999542236328,12.390000343322754,13.470000267028809,2937000,0.0,0.0
2020-06-05 00:00:00-04:00,14.819999694824219,14.960000038146973,13.3100004196167,13.479999542236328,2496600,0.0,0.0
2020-06-08 00:00:00-04:00,14.0,14.489999771118164,13.460000038146973,13.779999732971191,1738200,0.0,0.0
2020-06-09 00:00:00-04:00,13.220000267028809,13.979999542236328,12.430000305175781,13.600000381469727,2275600,0.0,0.0
2020-06-10 00:00:00-04:00,13.34000015258789,13.479999542236328,12.15999984741211,12.359999656677246,1815600,0.0,0.0
2020-06-11 00:00:00-04:00,10.960000038146973,11.739999771118164,10.670000076293945,10.770000457763672,1991400,0.0,0.0
2020-06-12 00:00:00-04:00,11.75,11.75,10.6899995803833,11.619999885559082,1180600,0.0,0.0
2020-06-15 00:00:00-04:00,10.899999618530273,12.029999732971191,10.829999923706055,11.850000381469727,1277800,0.0,0.0
2020-06-16 00:00:00-04:00,12.65999984741211,12.6899995803833,11.420000076293945,11.729999542236328,1160900,0.0,0.0
2020-06-17 00:00:00-04:00,11.989999771118164,12.079999923706055,11.319999694824219,11.369999885559082,778200,0.0,0.0
2020-06-18 00:00:00-04:00,11.130000114440918,11.5,11.050000190734863,11.25,969300,0.0,0.0
2020-06-19 00:00:00-04:00,11.510000228881836,11.600000381469727,10.680000305175781,10.779999732971191,1475600,0.0,0.0
2020-06-22 00:00:00-04:00,10.729999542236328,10.800000190734863,10.229999542236328,10.5600004196167,1694000,0.0,0.0
2020-06-23 00:00:00-04:00,10.779999732971191,11.869999885559082,10.550000190734863,11.8100004196167,2667000,0.0,0.0
2020-06-24 00:00:00-04:00,11.420000076293945,11.470000267028809,10.239999771118164,10.420000076293945,2418700,0.0,0.0
2020-06-25 00:00:00-04:00,10.149999618530273,10.59000015258789,9.859999656677246,10.149999618530273,1782000,0.0,0.0
2020-06-26 00:00:00-04:00,10.029999732971191,10.09000015258789,9.34000015258789,9.5600004196167,1918700,0.0,0.0
2020-06-29 00:00:00-04:00,9.680000305175781,10.40999984741211,9.40999984741211,10.229999542236328,1338800,0.0,0.0
2020-06-30 00:00:00-04:00,10.079999923706055,10.229999542236328,9.859999656677246,10.100000381469727,941700,0.0,0.0
2020-07-01 00:00:00-04:00,9.050000190734863,9.40999984741211,8.970000267028809,9.0600004196167,7702400,0.0,0.0
2020-07-02 00:00:00-04:00,9.420000076293945,9.5,9.069999694824219,9.220000267028809,3122200,0.0,0.0
2020-07-06 00:00:00-04:00,9.319999694824219,9.539999961853027,9.039999961853027,9.510000228881836,1943900,0.0,0.0
2020-07-07 00:00:00-04:00,9.25,9.270000457763672,8.880000114440918,8.899999618530273,2134800,0.0,0.0
2020-07-08 00:00:00-04:00,8.829999923706055,9.260000228881836,8.630000114440918,9.09000015258789,1900100,0.0,0.0
2020-07-09 00:00:00-04:00,9.020000457763672,9.09000015258789,8.5,8.539999961853027,2725100,0.0,0.0
2020-07-10 00:00:00-04:00,8.510000228881836,8.949999809265137,8.5,8.869999885559082,1598500,0.0,0.0
2020-07-13 00:00:00-04:00,8.760000228881836,8.850000381469727,8.260000228881836,8.270000457763672,3116200,0.0,0.0
2020-07-14 00:00:00-04:00,8.319999694824219,8.390000343322754,7.869999885559082,8.109999656677246,2030700,0.0,0.0
2020-07-15 00:00:00-04:00,8.5,9.390000343322754,8.430000305175781,9.229999542236328,3535700,0.0,0.0
2020-07-16 00:00:00-04:00,8.989999771118164,9.039999961853027,8.710000038146973,8.84000015258789,1565800,0.0,0.0
2020-07-17 00:00:00-04:00,8.819999694824219,8.920000076293945,8.600000381469727,8.720000267028809,1583900,0.0,0.0
2020-07-20 00:00:00-04:00,8.729999542236328,8.819999694824219,8.460000038146973,8.6899995803833,1198100,0.0,0.0
2020-07-21 00:00:00-04:00,8.829999923706055,9.020000457763672,8.65999984741211,8.90999984741211,2376400,0.0,0.0
2020-07-22 00:00:00-04:00,8.859999656677246,9.260000228881836,8.789999961853027,8.84000015258789,1153300,0.0,0.0
2020-07-23 00:00:00-04:00,8.779999732971191,8.9399995803833,8.600000381469727,8.859999656677246,1170300,0.0,0.0
2020-07-24 00:00:00-04:00,8.779999732971191,9.050000190734863,8.649999618530273,9.010000228881836,1257800,0.0,0.0
2020-07-27 00:00:00-04:00,9.020000457763672,9.09000015258789,8.470000267028809,8.619999885559082,1612400,0.0,0.0
2020-07-28 00:00:00-04:00,8.649999618530273,9.199999809265137,8.619999885559082,8.960000038146973,1825300,0.0,0.0
2020-07-29 00:00:00-04:00,8.8100004196167,9.140000343322754,8.529999732971191,9.039999961853027,2456700,0.0,0.0
2020-07-30 00:00:00-04:00,8.819999694824219,9.489999771118164,8.779999732971191,9.380000114440918,1703400,0.0,0.0
2020-07-31 00:00:00-04:00,9.289999961853027,9.300000190734863,8.819999694824219,8.890000343322754,1325000,0.0,0.0
2020-08-03 00:00:00-04:00,8.869999885559082,8.880000114440918,8.239999771118164,8.270000457763672,2799800,0.0,0.0
2020-08-04 00:00:00-04:00,8.350000381469727,9.039999961853027,8.300000190734863,8.949999809265137,1821200,0.0,0.0
2020-08-05 00:00:00-04:00,9.130000114440918,9.319999694824219,8.880000114440918,9.220000267028809,2115500,0.0,0.0
2020-08-06 00:00:00-04:00,9.220000267028809,9.569999694824219,9.15999984741211,9.479999542236328,1446800,0.0,0.0
2020-08-07 00:00:00-04:00,9.420000076293945,9.75,9.149999618530273,9.75,1076700,0.0,0.0
2020-08-10 00:00:00-04:00,10.010000228881836,10.34000015258789,9.880000114440918,10.149999618530273,1400000,0.0,0.0
2020-08-11 00:00:00-04:00,10.770000457763672,10.779999732971191,10.180000305175781,10.25,1691400,0.0,0.0
2020-08-12 00:00:00-04:00,10.5,10.5600004196167,9.84000015258789,10.199999809265137,1611000,0.0,0.0
2020-08-13 00:00:00-04:00,10.149999618530273,10.40999984741211,10.0600004196167,10.369999885559082,839400,0.0,0.0
2020-08-14 00:00:00-04:00,10.199999809265137,10.729999542236328,10.109999656677246,10.710000038146973,1165400,0.0,0.0
2020-08-17 00:00:00-04:00,10.75,10.779999732971191,9.720000267028809,10.350000381469727,2358300,0.0,0.0
2020-08-18 00:00:00-04:00,10.319999694824219,10.449999809265137,9.90999984741211,10.40999984741211,1355700,0.0,0.0
2020-08-19 00:00:00-04:00,10.350000381469727,10.470000267028809,10.15999984741211,10.470000267028809,1064400,0.0,0.0
2020-08-20 00:00:00-04:00,10.25,10.5,10.039999961853027,10.470000267028809,1025100,0.0,0.0
2020-08-21 00:00:00-04:00,10.430000305175781,10.670000076293945,10.300000190734863,10.630000114440918,1409600,0.0,0.0
2020-08-24 00:00:00-04:00,10.770000457763672,10.979999542236328,10.350000381469727,10.9399995803833,1794100,0.0,0.0
2020-08-25 00:00:00-04:00,11.0,11.369999885559082,10.8100004196167,10.960000038146973,1811900,0.0,0.0
2020-08-26 00:00:00-04:00,10.960000038146973,11.079999923706055,10.630000114440918,10.640000343322754,1119400,0.0,0.0
2020-08-27 00:00:00-04:00,10.760000228881836,11.34000015258789,10.760000228881836,10.989999771118164,1845300,0.0,0.0
2020-08-28 00:00:00-04:00,11.119999885559082,12.020000457763672,10.979999542236328,11.859999656677246,2549600,0.0,0.0
2020-08-31 00:00:00-04:00,11.90999984741211,11.920000076293945,11.270000457763672,11.460000038146973,1368100,0.0,0.0
2020-09-01 00:00:00-04:00,11.350000381469727,11.770000457763672,11.260000228881836,11.75,1670400,0.0,0.0
2020-09-02 00:00:00-04:00,11.770000457763672,11.949999809265137,11.569999694824219,11.829999923706055,1242400,0.0,0.0
2020-09-03 00:00:00-04:00,11.9399995803833,12.420000076293945,11.800000190734863,11.960000038146973,1842600,0.0,0.0
2020-09-04 00:00:00-04:00,12.1899995803833,12.279999732971191,10.949999809265137,11.119999885559082,1777900,0.0,0.0
2020-09-08 00:00:00-04:00,10.970000267028809,11.510000228881836,10.9399995803833,11.020000457763672,1646100,0.0,0.0
2020-09-09 00:00:00-04:00,11.199999809265137,11.279999732971191,10.710000038146973,10.920000076293945,1106700,0.0,0.0
2020-09-10 00:00:00-04:00,10.899999618530273,11.449999809265137,10.899999618530273,11.079999923706055,1270400,0.0,0.0
2020-09-11 00:00:00-04:00,11.09000015258789,11.220000267028809,10.600000381469727,10.869999885559082,1067900,0.0,0.0
2020-09-14 00:00:00-04:00,10.899999618530273,11.420000076293945,10.819999694824219,11.350000381469727,976300,0.0,0.0
2020-09-15 00:00:00-04:00,11.40999984741211,11.539999961853027,11.09000015258789,11.449999809265137,1160600,0.0,0.0
2020-09-16 00:00:00-04:00,11.460000038146973,11.510000228881836,11.199999809265137,11.359999656677246,1009700,0.0,0.0
2020-09-17 00:00:00-04:00,11.140000343322754,11.260000228881836,10.84000015258789,11.079999923706055,1368200,0.0,0.0
2020-09-18 00:00:00-04:00,11.050000190734863,11.25,10.470000267028809,10.479999542236328,1976700,0.0,0.0
2020-09-21 00:00:00-04:00,10.029999732971191,10.149999618530273,9.600000381469727,9.729999542236328,1384100,0.0,0.0
2020-09-22 00:00:00-04:00,9.869999885559082,10.270000457763672,9.670000076293945,10.260000228881836,1270600,0.0,0.0
2020-09-23 00:00:00-04:00,10.289999961853027,10.550000190734863,10.010000228881836,10.069999694824219,2760900,0.0,0.0
2020-09-24 00:00:00-04:00,9.880000114440918,10.369999885559082,9.850000381469727,10.319999694824219,1471200,0.0,0.0
2020-09-25 00:00:00-04:00,10.3100004196167,10.539999961853027,10.15999984741211,10.510000228881836,1370400,0.0,0.0
2020-09-28 00:00:00-04:00,10.710000038146973,10.869999885559082,10.5600004196167,10.720000267028809,1268900,0.0,0.0
2020-09-29 00:00:00-04:00,10.699999809265137,10.699999809265137,10.130000114440918,10.220000267028809,1185200,0.0,0.0
2020-09-30 00:00:00-04:00,10.3100004196167,10.460000038146973,9.869999885559082,10.0,2037400,0.0,0.0
2020-10-01 00:00:00-04:00,10.109999656677246,10.199999809265137,9.9399995803833,10.15999984741211,1023800,0.0,0.0
2020-10-02 00:00:00-04:00,9.819999694824219,10.390000343322754,9.760000228881836,10.350000381469727,887000,0.0,0.0
2020-10-05 00:00:00-04:00,10.479999542236328,10.5,10.050000190734863,10.149999618530273,765400,0.0,0.0
2020-10-06 00:00:00-04:00,10.300000190734863,10.449999809265137,9.960000038146973,10.010000228881836,1397500,0.0,0.0
2020-10-07 00:00:00-04:00,10.350000381469727,10.470000267028809,10.039999961853027,10.390000343322754,925700,0.0,0.0
2020-10-08 00:00:00-04:00,10.5,10.579999923706055,10.220000267028809,10.40999984741211,1138500,0.0,0.0
2020-10-09 00:00:00-04:00,10.449999809265137,10.520000457763672,10.329999923706055,10.489999771118164,598700,0.0,0.0
2020-10-12 00:00:00-04:00,10.550000190734863,10.890000343322754,10.380000114440918,10.789999961853027,1060200,0.0,0.0
2020-10-13 00:00:00-04:00,10.630000114440918,10.680000305175781,10.319999694824219,10.329999923706055,975900,0.0,0.0
2020-10-14 00:00:00-04:00,10.359999656677246,10.5600004196167,10.239999771118164,10.510000228881836,840400,0.0,0.0
2020-10-15 00:00:00-04:00,10.279999732971191,10.59000015258789,10.270000457763672,10.350000381469727,847000,0.0,0.0
2020-10-16 00:00:00-04:00,10.369999885559082,10.399999618530273,10.010000228881836,10.020000457763672,753100,0.0,0.0
2020-10-19 00:00:00-04:00,10.109999656677246,10.460000038146973,10.050000190734863,10.170000076293945,1107800,0.0,0.0
2020-10-20 00:00:00-04:00,10.289999961853027,10.4399995803833,10.09000015258789,10.109999656677246,1174000,0.0,0.0
2020-10-21 00:00:00-04:00,10.180000305175781,10.180000305175781,9.819999694824219,9.829999923706055,1256400,0.0,0.0
2020-10-22 00:00:00-04:00,9.850000381469727,10.229999542236328,9.770000457763672,10.210000038146973,978300,0.0,0.0
2020-10-23 00:00:00-04:00,10.260000228881836,10.329999923706055,10.020000457763672,10.289999961853027,744700,0.0,0.0
2020-10-26 00:00:00-04:00,10.029999732971191,10.34000015258789,9.899999618530273,10.329999923706055,2017300,0.0,0.0
2020-10-27 00:00:00-04:00,10.220000267028809,10.649999618530273,10.1899995803833,10.600000381469727,1541100,0.0,0.0
2020-10-28 00:00:00-04:00,10.15999984741211,10.1899995803833,8.920000076293945,8.930000305175781,3597800,0.0,0.0
2020-10-29 00:00:00-04:00,8.9399995803833,9.029999732971191,8.670000076293945,8.859999656677246,2126800,0.0,0.0
2020-10-30 00:00:00-04:00,8.789999961853027,8.989999771118164,8.680000305175781,8.960000038146973,1362200,0.0,0.0
2020-11-02 00:00:00-05:00,9.020000457763672,9.149999618530273,8.539999961853027,8.649999618530273,1074700,0.0,0.0
2020-11-03 00:00:00-05:00,8.760000228881836,9.0,8.710000038146973,8.859999656677246,858800,0.0,0.0
2020-11-04 00:00:00-05:00,8.869999885559082,8.979999542236328,8.619999885559082,8.699999809265137,1200800,0.0,0.0
2020-11-05 00:00:00-05:00,8.819999694824219,9.180000305175781,8.710000038146973,9.149999618530273,985100,0.0,0.0
2020-11-06 00:00:00-05:00,9.109999656677246,9.279999732971191,8.949999809265137,9.079999923706055,591000,0.0,0.0
2020-11-09 00:00:00-05:00,10.390000343322754,12.5,10.390000343322754,12.399999618530273,4761300,0.0,0.0
2020-11-10 00:00:00-05:00,12.319999694824219,12.430000305175781,11.039999961853027,11.09000015258789,3184700,0.0,0.0
2020-11-11 00:00:00-05:00,11.109999656677246,11.119999885559082,10.649999618530273,10.90999984741211,1565000,0.0,0.0
2020-11-12 00:00:00-05:00,10.680000305175781,10.819999694824219,10.220000267028809,10.260000228881836,1381900,0.0,0.0
2020-11-13 00:00:00-05:00,10.5,10.5,10.15999984741211,10.430000305175781,1335000,0.0,0.0
2020-11-16 00:00:00-05:00,11.15999984741211,11.529999732971191,11.079999923706055,11.09000015258789,1685700,0.0,0.0
2020-11-17 00:00:00-05:00,10.800000190734863,10.989999771118164,10.670000076293945,10.760000228881836,1313600,0.0,0.0
2020-11-18 00:00:00-05:00,10.989999771118164,11.430000305175781,10.819999694824219,11.010000228881836,1871300,0.0,0.0
2020-11-19 00:00:00-05:00,10.880000114440918,11.09000015258789,10.779999732971191,10.869999885559082,914500,0.0,0.0
2020-11-20 00:00:00-05:00,10.779999732971191,10.90999984741211,10.460000038146973,10.569999694824219,1076900,0.0,0.0
2020-11-23 00:00:00-05:00,10.960000038146973,11.470000267028809,10.600000381469727,11.40999984741211,1956500,0.0,0.0
2020-11-24 00:00:00-05:00,11.680000305175781,11.869999885559082,11.369999885559082,11.729999542236328,1915800,0.0,0.0
2020-11-25 00:00:00-05:00,11.520000457763672,11.84000015258789,11.210000038146973,11.609999656677246,1682100,0.0,0.0
2020-11-27 00:00:00-05:00,11.739999771118164,12.0,11.350000381469727,11.59000015258789,783100,0.0,0.0
2020-11-30 00:00:00-05:00,11.510000228881836,11.630000114440918,11.109999656677246,11.510000228881836,1713600,0.0,0.0
2020-12-01 00:00:00-05:00,11.800000190734863,12.359999656677246,11.420000076293945,12.020000457763672,2169300,0.0,0.0
2020-12-02 00:00:00-05:00,11.970000267028809,12.550000190734863,11.920000076293945,12.420000076293945,1114100,0.0,0.0
2020-12-03 00:00:00-05:00,12.5,13.460000038146973,12.460000038146973,13.1899995803833,2007300,0.0,0.0
2020-12-04 00:00:00-05:00,13.4399995803833,13.640000343322754,13.199999809265137,13.329999923706055,1872600,0.0,0.0
2020-12-07 00:00:00-05:00,13.25,13.300000190734863,12.640000343322754,12.739999771118164,1307100,0.0,0.0
2020-12-08 00:00:00-05:00,12.649999618530273,13.0600004196167,12.5,12.970000267028809,1138100,0.0,0.0
2020-12-09 00:00:00-05:00,13.130000114440918,13.430000305175781,13.020000457763672,13.25,1087900,0.0,0.0
2020-12-10 00:00:00-05:00,13.039999961853027,13.869999885559082,12.970000267028809,13.859999656677246,1730300,0.0,0.0
2020-12-11 00:00:00-05:00,13.649999618530273,13.800000190734863,13.4399995803833,13.760000228881836,1167400,0.0,0.0
2020-12-14 00:00:00-05:00,14.050000190734863,14.25,13.739999771118164,13.800000190734863,2070800,0.0,0.0
2020-12-15 00:00:00-05:00,13.850000381469727,14.359999656677246,13.760000228881836,14.119999885559082,1470100,0.0,0.0
2020-12-16 00:00:00-05:00,14.029999732971191,14.319999694824219,13.920000076293945,14.119999885559082,862500,0.0,0.0
2020-12-17 00:00:00-05:00,14.220000267028809,14.239999771118164,13.979999542236328,14.229999542236328,734100,0.0,0.0
2020-12-18 00:00:00-05:00,14.079999923706055,14.390000343322754,14.050000190734863,14.149999618530273,1331900,0.0,0.0
2020-12-21 00:00:00-05:00,13.720000267028809,13.850000381469727,13.140000343322754,13.539999961853027,1337900,0.0,0.0
2020-12-22 00:00:00-05:00,13.65999984741211,14.039999961853027,13.390000343322754,13.869999885559082,710600,0.0,0.0
2020-12-23 00:00:00-05:00,13.970000267028809,14.020000457763672,13.5600004196167,13.699999809265137,716600,0.0,0.0
2020-12-24 00:00:00-05:00,13.640000343322754,13.869999885559082,13.460000038146973,13.770000457763672,389900,0.0,0.0
2020-12-28 00:00:00-05:00,13.880000114440918,13.880000114440918,13.470000267028809,13.539999961853027,897800,0.0,0.0
2020-12-29 00:00:00-05:00,13.640000343322754,13.850000381469727,13.4399995803833,13.670000076293945,752500,0.0,0.0
2020-12-30 00:00:00-05:00,13.779999732971191,14.140000343322754,13.6899995803833,14.109999656677246,991500,0.0,0.0
2020-12-31 00:00:00-05:00,14.079999923706055,14.989999771118164,13.8100004196167,14.680000305175781,1335700,0.0,0.0
2021-01-04 00:00:00-05:00,14.520000457763672,14.75,13.380000114440918,13.710000038146973,2372500,0.0,0.0
2021-01-05 00:00:00-05:00,13.680000305175781,14.199999809265137,13.680000305175781,13.9399995803833,792800,0.0,0.0
2021-01-06 00:00:00-05:00,13.930000305175781,14.90999984741211,13.930000305175781,14.800000190734863,1274800,0.0,0.0
2021-01-07 00:00:00-05:00,15.050000190734863,15.220000267028809,14.59000015258789,14.600000381469727,962700,0.0,0.0
2021-01-08 00:00:00-05:00,14.739999771118164,14.859999656677246,14.319999694824219,14.5600004196167,742300,0.0,0.0
2021-01-11 00:00:00-05:00,13.979999542236328,14.399999618530273,13.800000190734863,14.260000228881836,940900,0.0,0.0
2021-01-12 00:00:00-05:00,14.350000381469727,14.800000190734863,14.180000305175781,14.649999618530273,900900,0.0,0.0
2021-01-13 00:00:00-05:00,14.579999923706055,15.369999885559082,14.350000381469727,15.15999984741211,1129500,0.0,0.0
2021-01-14 00:00:00-05:00,15.319999694824219,16.420000076293945,15.319999694824219,16.329999923706055,1626800,0.0,0.0
2021-01-15 00:00:00-05:00,16.200000762939453,16.290000915527344,15.930000305175781,16.260000228881836,1018500,0.0,0.0
2021-01-19 00:00:00-05:00,16.450000762939453,17.06999969482422,16.450000762939453,16.940000534057617,1410600,0.0,0.0
2021-01-20 00:00:00-05:00,16.8700008392334,17.100000381469727,16.3799991607666,16.389999389648438,815700,0.0,0.0
2021-01-21 00:00:00-05:00,16.100000381469727,16.200000762939453,15.420000076293945,15.699999809265137,834000,0.0,0.0
2021-01-22 00:00:00-05:00,15.470000267028809,15.649999618530273,15.170000076293945,15.510000228881836,780600,0.0,0.0
2021-01-25 00:00:00-05:00,15.550000190734863,16.18000030517578,15.380000114440918,15.979999542236328,944600,0.0,0.0
2021-01-26 00:00:00-05:00,16.1299991607666,16.229999542236328,15.569999694824219,15.609999656677246,542500,0.0,0.0
2021-01-27 00:00:00-05:00,15.279999732971191,16.440000534057617,15.210000038146973,16.030000686645508,1081800,0.0,0.0
2021-01-28 00:00:00-05:00,16.40999984741211,16.739999771118164,16.059999465942383,16.420000076293945,1016100,0.0,0.0
2021-01-29 00:00:00-05:00,16.190000534057617,16.5,15.59000015258789,15.729999542236328,929800,0.0,0.0
2021-02-01 00:00:00-05:00,15.869999885559082,16.1200008392334,15.390000343322754,15.949999809265137,649700,0.0,0.0
2021-02-02 00:00:00-05:00,16.18000030517578,16.329999923706055,15.819999694824219,15.90999984741211,907500,0.0,0.0
2021-02-03 00:00:00-05:00,15.949999809265137,16.700000762939453,15.9399995803833,16.549999237060547,468900,0.0,0.0
2021-02-04 00:00:00-05:00,16.6299991607666,17.329999923706055,16.59000015258789,17.18000030517578,653100,0.0,0.0
2021-02-05 00:00:00-05:00,17.3799991607666,17.540000915527344,17.149999618530273,17.40999984741211,394800,0.0,0.0
2021-02-08 00:00:00-05:00,17.06999969482422,17.420000076293945,16.59000015258789,16.75,1195600,0.0,0.0
2021-02-09 00:00:00-05:00,16.719999313354492,17.43000030517578,16.549999237060547,17.1299991607666,630100,0.0,0.0
2021-02-10 00:00:00-05:00,17.350000381469727,17.5,16.920000076293945,16.950000762939453,623100,0.0,0.0
2021-02-11 00:00:00-05:00,16.979999542236328,17.049999237060547,16.200000762939453,16.5,846100,0.0,0.0
2021-02-12 00:00:00-05:00,16.520000457763672,16.540000915527344,16.200000762939453,16.43000030517578,481800,0.0,0.0
2021-02-16 00:00:00-05:00,16.530000686645508,16.59000015258789,16.09000015258789,16.43000030517578,676500,0.0,0.0
2021-02-17 00:00:00-05:00,16.15999984741211,16.739999771118164,15.859999656677246,16.290000915527344,947700,0.0,0.0
2021-02-18 00:00:00-05:00,16.18000030517578,17.170000076293945,16.149999618530273,16.989999771118164,988100,0.0,0.0
2021-02-19 00:00:00-05:00,17.149999618530273,17.459999084472656,16.780000686645508,16.959999084472656,525800,0.0,0.0
2021-02-22 00:00:00-05:00,17.09000015258789,17.75,16.93000030517578,17.459999084472656,802300,0.0,0.0
2021-02-23 00:00:00-05:00,17.40999984741211,17.799999237060547,16.889999389648438,17.450000762939453,871000,0.0,0.0
2021-02-24 00:00:00-05:00,17.579999923706055,18.270000457763672,17.579999923706055,18.239999771118164,700300,0.0,0.0
2021-02-25 00:00:00-05:00,18.309999465942383,18.329999923706055,17.309999465942383,17.56999969482422,559900,0.0,0.0
2021-02-26 00:00:00-05:00,17.68000030517578,18.0,17.139999389648438,17.549999237060547,622500,0.0,0.0
2021-03-01 00:00:00-05:00,17.979999542236328,18.170000076293945,17.5,17.8700008392334,468100,0.0,0.0
2021-03-02 00:00:00-05:00,17.93000030517578,17.93000030517578,17.389999389648438,17.610000610351562,381000,0.0,0.0
2021-03-03 00:00:00-05:00,17.8700008392334,18.09000015258789,17.510000228881836,17.540000915527344,443400,0.0,0.0
2021-03-04 00:00:00-05:00,17.559999465942383,18.010000228881836,17.020000457763672,17.579999923706055,657400,0.0,0.0
2021-03-05 00:00:00-05:00,17.610000610351562,17.8799991607666,16.40999984741211,17.790000915527344,629500,0.0,0.0
2021-03-08 00:00:00-05:00,17.90999984741211,18.610000610351562,17.780000686645508,18.43000030517578,595400,0.0,0.0
2021-03-09 00:00:00-05:00,18.530000686645508,18.75,17.84000015258789,17.989999771118164,480100,0.0,0.0
2021-03-10 00:00:00-05:00,17.950000762939453,18.31999969482422,17.600000381469727,17.989999771118164,465400,0.0,0.0
2021-03-11 00:00:00-05:00,18.25,18.540000915527344,17.979999542236328,18.5,586000,0.0,0.0
2021-03-12 00:00:00-05:00,18.920000076293945,20.020000457763672,18.899999618530273,19.520000457763672,959900,0.0,0.0
2021-03-15 00:00:00-04:00,19.68000030517578,19.899999618530273,19.270000457763672,19.81999969482422,514500,0.0,0.0
2021-03-16 00:00:00-04:00,19.600000381469727,19.65999984741211,18.899999618530273,19.020000457763672,542800,0.0,0.0
2021-03-17 00:00:00-04:00,19.0,19.440000534057617,18.809999465942383,19.290000915527344,351800,0.0,0.0
2021-03-18 00:00:00-04:00,19.030000686645508,19.56999969482422,18.940000534057617,18.940000534057617,443200,0.0,0.0
2021-03-19 00:00:00-04:00,18.84000015258789,19.309999465942383,18.399999618530273,19.200000762939453,861400,0.0,0.0
2021-03-22 00:00:00-04:00,19.290000915527344,19.450000762939453,18.729999542236328,18.809999465942383,456700,0.0,0.0
2021-03-23 00:00:00-04:00,18.850000381469727,18.8700008392334,17.899999618530273,17.959999084472656,608500,0.0,0.0
2021-03-24 00:00:00-04:00,18.110000610351562,18.600000381469727,17.420000076293945,17.440000534057617,461100,0.0,0.0
2021-03-25 00:00:00-04:00,17.329999923706055,18.450000762939453,17.139999389648438,18.350000381469727,479100,0.0,0.0
2021-03-26 00:00:00-04:00,18.809999465942383,19.270000457763672,18.600000381469727,19.040000915527344,738900,0.0,0.0
2021-03-29 00:00:00-04:00,19.040000915527344,19.040000915527344,17.959999084472656,18.170000076293945,784500,0.0,0.0
2021-03-30 00:00:00-04:00,18.18000030517578,18.469999313354492,17.979999542236328,18.190000534057617,455500,0.0,0.0
2021-03-31 00:00:00-04:00,18.139999389648438,18.469999313354492,18.049999237060547,18.110000610351562,614700,0.0,0.0
2021-04-01 00:00:00-04:00,18.110000610351562,18.34000015258789,17.850000381469727,18.270000457763672,492700,0.0,0.0
2021-04-05 00:00:00-04:00,18.389999389648438,18.600000381469727,17.8799991607666,17.979999542236328,507400,0.0,0.0
2021-04-06 00:00:00-04:00,18.020000457763672,18.329999923706055,18.0,18.06999969482422,480800,0.0,0.0
2021-04-07 00:00:00-04:00,18.190000534057617,18.200000762939453,17.860000610351562,17.93000030517578,711700,0.0,0.0
2021-04-08 00:00:00-04:00,17.90999984741211,18.18000030517578,17.799999237060547,18.149999618530273,356200,0.0,0.0
2021-04-09 00:00:00-04:00,18.030000686645508,18.280000686645508,17.649999618530273,18.059999465942383,450800,0.0,0.0
2021-04-12 00:00:00-04:00,17.959999084472656,18.15999984741211,17.84000015258789,17.950000762939453,409000,0.0,0.0
2021-04-13 00:00:00-04:00,17.8700008392334,17.940000534057617,17.440000534057617,17.56999969482422,373000,0.0,0.0
2021-04-14 00:00:00-04:00,17.56999969482422,18.059999465942383,17.56999969482422,17.639999389648438,419700,0.0,0.0
2021-04-15 00:00:00-04:00,17.719999313354492,17.850000381469727,17.469999313354492,17.579999923706055,418200,0.0,0.0
2021-04-16 00:00:00-04:00,17.739999771118164,17.81999969482422,17.31999969482422,17.600000381469727,638700,0.0,0.0
2021-04-19 00:00:00-04:00,17.530000686645508,17.799999237060547,17.350000381469727,17.489999771118164,325800,0.0,0.0
2021-04-20 00:00:00-04:00,17.31999969482422,17.43000030517578,16.600000381469727,17.15999984741211,671700,0.0,0.0
2021-04-21 00:00:00-04:00,17.079999923706055,17.540000915527344,16.8799991607666,17.440000534057617,457300,0.0,0.0
2021-04-22 00:00:00-04:00,17.489999771118164,17.979999542236328,17.399999618530273,17.690000534057617,316400,0.0,0.0
2021-04-23 00:00:00-04:00,17.729999542236328,17.979999542236328,17.450000762939453,17.8700008392334,504200,0.0,0.0
2021-04-26 00:00:00-04:00,18.010000228881836,18.309999465942383,17.989999771118164,18.09000015258789,513800,0.0,0.0
2021-04-27 00:00:00-04:00,18.079999923706055,18.459999084472656,18.079999923706055,18.170000076293945,440100,0.0,0.0
2021-04-28 00:00:00-04:00,18.270000457763672,18.559999465942383,18.079999923706055,18.479999542236328,403900,0.0,0.0
2021-04-29 00:00:00-04:00,18.670000076293945,19.299999237060547,18.549999237060547,19.139999389648438,528900,0.0,0.0
2021-04-30 00:00:00-04:00,19.010000228881836,19.309999465942383,18.770000457763672,18.940000534057617,538300,0.0,0.0
2021-05-03 00:00:00-04:00,19.15999984741211,19.25,18.790000915527344,19.030000686645508,413500,0.0,0.0
2021-05-04 00:00:00-04:00,19.020000457763672,19.1299991607666,18.559999465942383,18.959999084472656,518900,0.0,0.0
2021-05-05 00:00:00-04:00,18.8799991607666,18.920000076293945,17.719999313354492,18.219999313354492,793200,0.0,0.0
2021-05-06 00:00:00-04:00,18.31999969482422,18.420000076293945,17.190000534057617,17.600000381469727,700000,0.0,0.0
2021-05-07 00:00:00-04:00,17.5,17.979999542236328,17.5,17.81999969482422,487800,0.0,0.0
2021-05-10 00:00:00-04:00,17.850000381469727,17.979999542236328,17.09000015258789,17.100000381469727,584700,0.0,0.0
2021-05-11 00:00:00-04:00,16.889999389648438,17.170000076293945,16.649999618530273,17.1200008392334,404800,0.0,0.0
2021-05-12 00:00:00-04:00,17.06999969482422,17.170000076293945,16.06999969482422,16.15999984741211,622700,0.0,0.0
2021-05-13 00:00:00-04:00,16.360000610351562,16.670000076293945,15.920000076293945,16.5,634100,0.0,0.0
2021-05-14 00:00:00-04:00,16.690000534057617,17.399999618530273,16.670000076293945,17.299999237060547,544200,0.0,0.0
2021-05-17 00:00:00-04:00,17.200000762939453,17.479999542236328,16.780000686645508,17.40999984741211,458300,0.0,0.0
2021-05-18 00:00:00-04:00,17.520000457763672,17.81999969482422,17.239999771118164,17.469999313354492,489200,0.0,0.0
2021-05-19 00:00:00-04:00,17.09000015258789,17.469999313354492,16.93000030517578,17.440000534057617,446700,0.0,0.0
2021-05-20 00:00:00-04:00,17.360000610351562,17.559999465942383,17.049999237060547,17.530000686645508,473200,0.0,0.0
2021-05-21 00:00:00-04:00,17.649999618530273,17.889999389648438,17.139999389648438,17.229999542236328,398700,0.0,0.0
2021-05-24 00:00:00-04:00,17.43000030517578,17.610000610351562,17.219999313354492,17.520000457763672,294600,0.0,0.0
2021-05-25 00:00:00-04:00,17.6299991607666,17.850000381469727,17.260000228881836,17.31999969482422,539000,0.0,0.0
2021-05-26 00:00:00-04:00,17.360000610351562,17.690000534057617,17.360000610351562,17.68000030517578,343400,0.0,0.0
2021-05-27 00:00:00-04:00,17.700000762939453,17.899999618530273,17.56999969482422,17.729999542236328,348900,0.0,0.0
2021-05-28 00:00:00-04:00,17.719999313354492,17.719999313354492,17.360000610351562,17.579999923706055,250700,0.0,0.0
2021-06-01 00:00:00-04:00,17.649999618530273,17.649999618530273,17.18000030517578,17.25,406500,0.0,0.0
2021-06-02 00:00:00-04:00,17.270000457763672,17.3700008392334,16.940000534057617,17.0,422500,0.0,0.0
2021-06-03 00:00:00-04:00,16.979999542236328,16.979999542236328,16.489999771118164,16.829999923706055,410000,0.0,0.0
2021-06-04 00:00:00-04:00,16.8700008392334,16.940000534057617,16.559999465942383,16.8799991607666,329400,0.0,0.0
2021-06-07 00:00:00-04:00,16.979999542236328,17.270000457763672,16.93000030517578,17.190000534057617,328800,0.0,0.0
2021-06-08 00:00:00-04:00,17.299999237060547,18.079999923706055,17.219999313354492,18.049999237060547,787200,0.0,0.0
2021-06-09 00:00:00-04:00,18.15999984741211,18.280000686645508,17.639999389648438,17.75,458700,0.0,0.0
2021-06-10 00:00:00-04:00,17.770000457763672,17.770000457763672,17.170000076293945,17.31999969482422,481400,0.0,0.0
2021-06-11 00:00:00-04:00,17.479999542236328,17.68000030517578,17.34000015258789,17.450000762939453,320100,0.0,0.0
2021-06-14 00:00:00-04:00,17.6299991607666,17.690000534057617,17.149999618530273,17.329999923706055,312500,0.0,0.0
2021-06-15 00:00:00-04:00,17.360000610351562,17.579999923706055,17.110000610351562,17.18000030517578,303200,0.0,0.0
2021-06-16 00:00:00-04:00,17.190000534057617,17.260000228881836,16.889999389648438,17.1299991607666,305700,0.0,0.0
2021-06-17 00:00:00-04:00,17.040000915527344,17.239999771118164,16.579999923706055,16.780000686645508,324400,0.0,0.0
2021-06-18 00:00:00-04:00,16.520000457763672,16.760000228881836,16.360000610351562,16.5,591700,0.0,0.0
2021-06-21 00:00:00-04:00,16.600000381469727,16.760000228881836,16.440000534057617,16.68000030517578,392600,0.0,0.0
2021-06-22 00:00:00-04:00,16.610000610351562,16.850000381469727,16.280000686645508,16.799999237060547,310600,0.0,0.0
2021-06-23 00:00:00-04:00,16.8799991607666,17.079999923706055,16.670000076293945,16.8799991607666,450500,0.0,0.0
2021-06-24 00:00:00-04:00,16.969999313354492,17.420000076293945,16.969999313354492,17.280000686645508,380100,0.0,0.0
2021-06-25 00:00:00-04:00,17.25,17.350000381469727,16.950000762939453,16.979999542236328,798600,0.0,0.0
2021-06-28 00:00:00-04:00,16.8799991607666,17.0,16.309999465942383,16.479999542236328,733500,0.0,0.0
2021-06-29 00:00:00-04:00,16.440000534057617,16.559999465942383,16.049999237060547,16.079999923706055,550700,0.0,0.0
2021-06-30 00:00:00-04:00,16.09000015258789,16.600000381469727,16.030000686645508,16.489999771118164,396700,0.0,0.0
2021-07-01 00:00:00-04:00,16.610000610351562,16.739999771118164,16.450000762939453,16.5,319500,0.0,0.0
2021-07-02 00:00:00-04:00,16.549999237060547,16.559999465942383,16.209999084472656,16.25,322600,0.0,0.0
2021-07-06 00:00:00-04:00,16.25,16.25,15.9399995803833,16.059999465942383,297900,0.0,0.0
2021-07-07 00:00:00-04:00,16.100000381469727,16.239999771118164,15.65999984741211,15.789999961853027,380500,0.0,0.0
2021-07-08 00:00:00-04:00,15.470000267028809,15.84000015258789,15.34000015258789,15.630000114440918,529800,0.0,0.0
2021-07-09 00:00:00-04:00,15.829999923706055,16.09000015258789,15.670000076293945,16.010000228881836,229200,0.0,0.0
2021-07-12 00:00:00-04:00,15.890000343322754,16.15999984741211,15.779999732971191,16.139999389648438,266900,0.0,0.0
2021-07-13 00:00:00-04:00,15.960000038146973,16.139999389648438,15.789999961853027,15.8100004196167,315900,0.0,0.0
2021-07-14 00:00:00-04:00,15.869999885559082,16.100000381469727,15.430000305175781,15.449999809265137,230300,0.0,0.0
2021-07-15 00:00:00-04:00,15.359999656677246,15.359999656677246,14.779999732971191,15.100000381469727,537000,0.0,0.0
2021-07-16 00:00:00-04:00,15.319999694824219,15.359999656677246,14.800000190734863,14.819999694824219,334500,0.0,0.0
2021-07-19 00:00:00-04:00,14.399999618530273,14.489999771118164,13.90999984741211,14.029999732971191,817600,0.0,0.0
2021-07-20 00:00:00-04:00,14.109999656677246,14.880000114440918,14.0,14.65999984741211,589700,0.0,0.0
2021-07-21 00:00:00-04:00,14.829999923706055,15.350000381469727,14.829999923706055,15.039999961853027,376600,0.0,0.0
2021-07-22 00:00:00-04:00,14.859999656677246,14.930000305175781,14.510000228881836,14.75,241900,0.0,0.0
2021-07-23 00:00:00-04:00,14.829999923706055,14.890000343322754,14.479999542236328,14.670000076293945,189400,0.0,0.0
2021-07-26 00:00:00-04:00,14.760000228881836,15.300000190734863,14.739999771118164,15.260000228881836,363000,0.0,0.0
2021-07-27 00:00:00-04:00,15.039999961853027,15.1899995803833,14.710000038146973,14.920000076293945,287500,0.0,0.0
2021-07-28 00:00:00-04:00,15.029999732971191,15.079999923706055,14.449999809265137,14.640000343322754,281200,0.0,0.0
2021-07-29 00:00:00-04:00,14.800000190734863,14.949999809265137,14.550000190734863,14.640000343322754,306900,0.0,0.0
2021-07-30 00:00:00-04:00,14.489999771118164,14.579999923706055,14.020000457763672,14.069999694824219,530900,0.0,0.0
2021-08-02 00:00:00-04:00,14.140000343322754,14.670000076293945,14.0,14.029999732971191,382400,0.0,0.0
2021-08-03 00:00:00-04:00,14.029999732971191,14.170000076293945,13.5600004196167,14.0600004196167,925000,0.0,0.0
2021-08-04 00:00:00-04:00,13.859999656677246,15.449999809265137,13.800000190734863,14.850000381469727,2133000,0.0,0.0
2021-08-05 00:00:00-04:00,15.279999732971191,15.420000076293945,14.869999885559082,15.390000343322754,652200,0.0,0.0
2021-08-06 00:00:00-04:00,15.510000228881836,15.539999961853027,14.970000267028809,15.3100004196167,1029000,0.0,0.0
2021-08-09 00:00:00-04:00,15.260000228881836,15.279999732971191,14.930000305175781,15.270000457763672,682900,0.0,0.0
2021-08-10 00:00:00-04:00,15.239999771118164,15.850000381469727,15.239999771118164,15.800000190734863,672700,0.0,0.0
2021-08-11 00:00:00-04:00,15.739999771118164,16.389999389648438,15.449999809265137,16.25,787100,0.0,0.0
2021-08-12 00:00:00-04:00,16.149999618530273,16.469999313354492,15.880000114440918,16.350000381469727,681500,0.0,0.0
2021-08-13 00:00:00-04:00,16.309999465942383,16.459999084472656,16.139999389648438,16.450000762939453,940800,0.0,0.0
2021-08-16 00:00:00-04:00,16.329999923706055,16.559999465942383,16.270000457763672,16.299999237060547,1156600,0.0,0.0
2021-08-17 00:00:00-04:00,16.170000076293945,16.31999969482422,15.210000038146973,15.380000114440918,1087000,0.0,0.0
2021-08-18 00:00:00-04:00,15.3100004196167,15.710000038146973,14.9399995803833,15.329999923706055,621100,0.0,0.0
2021-08-19 00:00:00-04:00,15.069999694824219,15.359999656677246,14.90999984741211,15.260000228881836,567200,0.0,0.0
2021-08-20 00:00:00-04:00,15.199999809265137,15.65999984741211,14.970000267028809,15.470000267028809,560600,0.0,0.0
2021-08-23 00:00:00-04:00,15.670000076293945,15.800000190734863,15.319999694824219,15.770000457763672,435400,0.0,0.0
2021-08-24 00:00:00-04:00,15.890000343322754,16.049999237060547,15.720000267028809,15.899999618530273,706200,0.0,0.0
2021-08-25 00:00:00-04:00,15.829999923706055,16.09000015258789,15.640000343322754,15.760000228881836,556800,0.0,0.0
2021-08-26 00:00:00-04:00,15.720000267028809,15.930000305175781,15.600000381469727,15.859999656677246,561200,0.0,0.0
2021-08-27 00:00:00-04:00,15.960000038146973,16.81999969482422,15.920000076293945,16.780000686645508,733700,0.0,0.0
2021-08-30 00:00:00-04:00,16.850000381469727,16.850000381469727,16.260000228881836,16.309999465942383,439100,0.0,0.0
2021-08-31 00:00:00-04:00,16.260000228881836,16.610000610351562,16.079999923706055,16.540000915527344,372600,0.0,0.0
2021-09-01 00:00:00-04:00,16.56999969482422,16.649999618530273,16.420000076293945,16.489999771118164,351500,0.0,0.0
2021-09-02 00:00:00-04:00,16.5,16.6299991607666,16.3700008392334,16.520000457763672,360300,0.0,0.0
2021-09-03 00:00:00-04:00,16.440000534057617,16.520000457763672,16.139999389648438,16.280000686645508,383600,0.0,0.0
2021-09-07 00:00:00-04:00,16.170000076293945,16.600000381469727,16.100000381469727,16.489999771118164,528800,0.0,0.0
2021-09-08 00:00:00-04:00,16.420000076293945,16.6299991607666,16.270000457763672,16.309999465942383,381000,0.0,0.0
2021-09-09 00:00:00-04:00,16.260000228881836,16.5,16.200000762939453,16.350000381469727,369900,0.0,0.0
2021-09-10 00:00:00-04:00,16.520000457763672,16.649999618530273,16.239999771118164,16.25,299600,0.0,0.0
2021-09-13 00:00:00-04:00,16.440000534057617,16.440000534057617,15.930000305175781,16.270000457763672,389500,0.0,0.0
2021-09-14 00:00:00-04:00,16.350000381469727,16.350000381469727,15.449999809265137,15.569999694824219,385000,0.0,0.0
2021-09-15 00:00:00-04:00,15.600000381469727,15.800000190734863,15.270000457763672,15.6899995803833,352600,0.0,0.0
2021-09-16 00:00:00-04:00,15.75,16.15999984741211,15.569999694824219,16.06999969482422,397800,0.0,0.0
2021-09-17 00:00:00-04:00,16.040000915527344,16.139999389648438,15.520000457763672,15.829999923706055,949000,0.0,0.0
2021-09-20 00:00:00-04:00,15.399999618530273,15.75,15.25,15.539999961853027,561100,0.0,0.0
2021-09-21 00:00:00-04:00,15.520000457763672,15.75,15.319999694824219,15.529999732971191,390700,0.0,0.0
2021-09-22 00:00:00-04:00,15.65999984741211,16.010000228881836,15.619999885559082,15.819999694824219,326100,0.0,0.0
2021-09-23 00:00:00-04:00,15.970000267028809,16.389999389648438,15.670000076293945,16.290000915527344,361800,0.0,0.0
2021-09-24 00:00:00-04:00,16.229999542236328,16.719999313354492,16.229999542236328,16.5,440100,0.0,0.0
2021-09-27 00:00:00-04:00,16.559999465942383,17.1299991607666,16.420000076293945,16.940000534057617,664500,0.0,0.0
2021-09-28 00:00:00-04:00,16.860000610351562,17.1299991607666,16.56999969482422,16.649999618530273,331000,0.0,0.0
2021-09-29 00:00:00-04:00,16.700000762939453,16.889999389648438,16.5,16.540000915527344,251900,0.0,0.0
2021-09-30 00:00:00-04:00,16.56999969482422,16.690000534057617,16.309999465942383,16.34000015258789,385400,0.0,0.0
2021-10-01 00:00:00-04:00,16.5,17.360000610351562,16.5,17.149999618530273,648400,0.0,0.0
2021-10-04 00:00:00-04:00,17.06999969482422,17.09000015258789,16.739999771118164,16.889999389648438,685100,0.0,0.0
2021-10-05 00:00:00-04:00,16.829999923706055,16.93000030517578,16.520000457763672,16.600000381469727,565000,0.0,0.0
2021-10-06 00:00:00-04:00,16.40999984741211,16.600000381469727,16.09000015258789,16.200000762939453,414700,0.0,0.0
2021-10-07 00:00:00-04:00,16.280000686645508,16.59000015258789,16.25,16.399999618530273,784900,0.0,0.0
2021-10-08 00:00:00-04:00,16.239999771118164,16.270000457763672,15.789999961853027,15.800000190734863,467000,0.0,0.0
2021-10-11 00:00:00-04:00,15.890000343322754,16.31999969482422,15.819999694824219,15.819999694824219,424500,0.0,0.0
2021-10-12 00:00:00-04:00,15.84000015258789,16.139999389648438,15.779999732971191,15.800000190734863,351800,0.0,0.0
2021-10-13 00:00:00-04:00,15.800000190734863,15.800000190734863,14.899999618530273,15.119999885559082,716000,0.0,0.0
2021-10-14 00:00:00-04:00,15.25,15.579999923706055,15.1899995803833,15.329999923706055,618400,0.0,0.0
2021-10-15 00:00:00-04:00,15.5,15.789999961853027,15.199999809265137,15.199999809265137,584300,0.0,0.0
2021-10-18 00:00:00-04:00,15.100000381469727,15.34000015258789,14.949999809265137,15.289999961853027,421100,0.0,0.0
2021-10-19 00:00:00-04:00,15.3100004196167,15.390000343322754,15.039999961853027,15.100000381469727,327600,0.0,0.0
2021-10-20 00:00:00-04:00,14.920000076293945,15.079999923706055,14.529999732971191,14.600000381469727,687200,0.0,0.0
2021-10-21 00:00:00-04:00,15.100000381469727,15.75,14.899999618530273,15.399999618530273,1270400,0.0,0.0
2021-10-22 00:00:00-04:00,15.319999694824219,15.859999656677246,15.210000038146973,15.829999923706055,556200,0.0,0.0
2021-10-25 00:00:00-04:00,15.8100004196167,15.979999542236328,15.329999923706055,15.399999618530273,713700,0.0,0.0
2021-10-26 00:00:00-04:00,15.4399995803833,15.779999732971191,15.170000076293945,15.229999542236328,459300,0.0,0.0
2021-10-27 00:00:00-04:00,15.359999656677246,15.680000305175781,15.25,15.479999542236328,561900,0.0,0.0
2021-10-28 00:00:00-04:00,15.539999961853027,15.930000305175781,15.40999984741211,15.609999656677246,929800,0.0,0.0
2021-10-29 00:00:00-04:00,15.630000114440918,16.079999923706055,15.59000015258789,15.899999618530273,530200,0.0,0.0
2021-11-01 00:00:00-04:00,15.859999656677246,16.25,15.710000038146973,16.15999984741211,940800,0.0,0.0
2021-11-02 00:00:00-04:00,16.079999923706055,16.100000381469727,14.479999542236328,14.680000305175781,2126500,0.0,0.0
2021-11-03 00:00:00-04:00,15.210000038146973,16.030000686645508,14.470000267028809,15.800000190734863,2305100,0.0,0.0
2021-11-04 00:00:00-04:00,15.760000228881836,16.389999389648438,15.760000228881836,16.200000762939453,1098300,0.0,0.0
2021-11-05 00:00:00-04:00,16.850000381469727,17.399999618530273,16.420000076293945,16.479999542236328,1428000,0.0,0.0
2021-11-08 00:00:00-05:00,16.469999313354492,16.729999542236328,15.880000114440918,16.049999237060547,1100700,0.0,0.0
2021-11-09 00:00:00-05:00,16.059999465942383,16.299999237060547,15.84000015258789,16.079999923706055,515500,0.0,0.0
2021-11-10 00:00:00-05:00,15.859999656677246,16.5,15.819999694824219,16.0,640000,0.0,0.0
2021-11-11 00:00:00-05:00,15.609999656677246,16.020000457763672,15.199999809265137,15.239999771118164,1133000,0.0,0.0
2021-11-12 00:00:00-05:00,15.300000190734863,15.329999923706055,14.970000267028809,14.979999542236328,481400,0.0,0.0
2021-11-15 00:00:00-05:00,15.079999923706055,15.279999732971191,14.960000038146973,15.020000457763672,421000,0.0,0.0
2021-11-16 00:00:00-05:00,15.010000228881836,15.029999732971191,14.600000381469727,14.970000267028809,551800,0.0,0.0
2021-11-17 00:00:00-05:00,14.949999809265137,15.430000305175781,14.949999809265137,15.359999656677246,629400,0.0,0.0
2021-11-18 00:00:00-05:00,15.449999809265137,15.449999809265137,14.84000015258789,14.899999618530273,462600,0.0,0.0
2021-11-19 00:00:00-05:00,14.6899995803833,14.770000457763672,14.460000038146973,14.489999771118164,563500,0.0,0.0
2021-11-22 00:00:00-05:00,14.550000190734863,14.869999885559082,14.479999542236328,14.640000343322754,1159200,0.0,0.0
2021-11-23 00:00:00-05:00,14.710000038146973,14.779999732971191,14.369999885559082,14.380000114440918,409100,0.0,0.0
2021-11-24 00:00:00-05:00,14.25,14.699999809265137,14.079999923706055,14.600000381469727,765900,0.0,0.0
2021-11-26 00:00:00-05:00,13.9399995803833,14.4399995803833,13.789999961853027,14.399999618530273,531500,0.0,0.0
2021-11-29 00:00:00-05:00,14.619999885559082,14.680000305175781,13.899999618530273,13.960000038146973,735800,0.0,0.0
2021-11-30 00:00:00-05:00,13.949999809265137,14.010000228881836,13.649999618530273,13.850000381469727,625700,0.0,0.0
2021-12-01 00:00:00-05:00,14.149999618530273,14.5600004196167,13.329999923706055,13.359999656677246,643800,0.0,0.0
2021-12-02 00:00:00-05:00,13.729999542236328,14.4399995803833,13.729999542236328,14.3100004196167,800700,0.0,0.0
2021-12-03 00:00:00-05:00,14.279999732971191,14.350000381469727,13.989999771118164,14.260000228881836,568500,0.0,0.0
2021-12-06 00:00:00-05:00,14.329999923706055,15.0,14.220000267028809,14.789999961853027,710500,0.0,0.0
2021-12-07 00:00:00-05:00,14.960000038146973,15.369999885559082,14.949999809265137,15.0,578800,0.0,0.0
2021-12-08 00:00:00-05:00,15.010000228881836,15.5600004196167,15.0,15.329999923706055,437600,0.0,0.0
2021-12-09 00:00:00-05:00,15.09000015258789,15.319999694824219,14.9399995803833,15.0600004196167,272800,0.0,0.0
2021-12-10 00:00:00-05:00,15.100000381469727,15.220000267028809,14.770000457763672,14.989999771118164,381900,0.0,0.0
2021-12-13 00:00:00-05:00,14.8100004196167,14.880000114440918,14.449999809265137,14.619999885559082,325800,0.0,0.0
2021-12-14 00:00:00-05:00,14.489999771118164,14.920000076293945,14.479999542236328,14.699999809265137,351100,0.0,0.0
2021-12-15 00:00:00-05:00,14.699999809265137,14.829999923706055,14.350000381469727,14.739999771118164,386200,0.0,0.0
2021-12-16 00:00:00-05:00,14.970000267028809,15.350000381469727,14.529999732971191,14.630000114440918,740700,0.0,0.0
2021-12-17 00:00:00-05:00,14.569999694824219,15.149999618530273,14.390000343322754,15.020000457763672,719400,0.0,0.0
2021-12-20 00:00:00-05:00,14.6899995803833,14.90999984741211,14.380000114440918,14.8100004196167,382600,0.0,0.0
2021-12-21 00:00:00-05:00,14.920000076293945,15.479999542236328,14.920000076293945,15.430000305175781,352200,0.0,0.0
2021-12-22 00:00:00-05:00,15.5,15.819999694824219,15.260000228881836,15.569999694824219,518400,0.0,0.0
2021-12-23 00:00:00-05:00,15.65999984741211,15.850000381469727,15.529999732971191,15.819999694824219,329600,0.0,0.0
2021-12-27 00:00:00-05:00,15.770000457763672,15.890000343322754,15.550000190734863,15.819999694824219,246000,0.0,0.0
2021-12-28 00:00:00-05:00,15.720000267028809,16.049999237060547,15.640000343322754,15.65999984741211,412300,0.0,0.0
2021-12-29 00:00:00-05:00,15.600000381469727,15.899999618530273,15.600000381469727,15.699999809265137,263100,0.0,0.0
2021-12-30 00:00:00-05:00,15.710000038146973,16.06999969482422,15.710000038146973,15.899999618530273,334000,0.0,0.0
2021-12-31 00:00:00-05:00,15.899999618530273,16.229999542236328,15.899999618530273,16.0,312200,0.0,0.0
2022-01-03 00:00:00-05:00,16.0,16.40999984741211,15.960000038146973,16.09000015258789,331800,0.0,0.0
2022-01-04 00:00:00-05:00,16.190000534057617,16.350000381469727,15.979999542236328,16.34000015258789,379300,0.0,0.0
2022-01-05 00:00:00-05:00,16.399999618530273,16.860000610351562,16.170000076293945,16.239999771118164,539700,0.0,0.0
2022-01-06 00:00:00-05:00,16.329999923706055,16.700000762939453,16.1299991607666,16.190000534057617,406700,0.0,0.0
2022-01-07 00:00:00-05:00,16.229999542236328,16.43000030517578,15.829999923706055,15.880000114440918,501900,0.0,0.0
2022-01-10 00:00:00-05:00,15.670000076293945,16.399999618530273,15.520000457763672,16.3799991607666,609000,0.0,0.0
2022-01-11 00:00:00-05:00,16.360000610351562,16.610000610351562,16.110000610351562,16.270000457763672,342500,0.0,0.0
2022-01-12 00:00:00-05:00,16.329999923706055,16.40999984741211,15.880000114440918,15.899999618530273,498200,0.0,0.0
2022-01-13 00:00:00-05:00,16.059999465942383,16.299999237060547,15.949999809265137,16.15999984741211,341900,0.0,0.0
2022-01-14 00:00:00-05:00,16.049999237060547,16.139999389648438,15.600000381469727,15.850000381469727,714200,0.0,0.0
2022-01-18 00:00:00-05:00,15.710000038146973,15.84000015258789,15.430000305175781,15.449999809265137,463800,0.0,0.0
2022-01-19 00:00:00-05:00,15.460000038146973,15.550000190734863,15.140000343322754,15.210000038146973,410700,0.0,0.0
2022-01-20 00:00:00-05:00,15.229999542236328,15.539999961853027,14.930000305175781,14.949999809265137,364300,0.0,0.0
2022-01-21 00:00:00-05:00,14.819999694824219,15.149999618530273,14.600000381469727,14.640000343322754,435200,0.0,0.0
2022-01-24 00:00:00-05:00,14.399999618530273,15.069999694824219,14.300000190734863,15.039999961853027,596600,0.0,0.0
2022-01-25 00:00:00-05:00,14.960000038146973,15.579999923706055,14.770000457763672,15.329999923706055,533700,0.0,0.0
2022-01-26 00:00:00-05:00,15.380000114440918,15.65999984741211,14.949999809265137,15.050000190734863,378800,0.0,0.0
2022-01-27 00:00:00-05:00,15.069999694824219,15.300000190734863,14.710000038146973,14.779999732971191,398400,0.0,0.0
2022-01-28 00:00:00-05:00,14.720000267028809,15.319999694824219,14.59000015258789,15.3100004196167,359100,0.0,0.0
2022-01-31 00:00:00-05:00,15.119999885559082,15.579999923706055,15.020000457763672,15.5,288400,0.0,0.0
2022-02-01 00:00:00-05:00,15.569999694824219,15.789999961853027,15.470000267028809,15.59000015258789,364400,0.0,0.0
2022-02-02 00:00:00-05:00,15.630000114440918,15.880000114440918,15.390000343322754,15.470000267028809,348400,0.0,0.0
2022-02-03 00:00:00-05:00,15.399999618530273,15.670000076293945,15.199999809265137,15.289999961853027,466600,0.0,0.0
2022-02-04 00:00:00-05:00,15.260000228881836,15.579999923706055,15.029999732971191,15.520000457763672,359700,0.0,0.0
2022-02-07 00:00:00-05:00,15.579999923706055,15.869999885559082,15.5,15.760000228881836,357400,0.0,0.0
2022-02-08 00:00:00-05:00,15.789999961853027,16.18000030517578,15.720000267028809,16.15999984741211,327200,0.0,0.0
2022-02-09 00:00:00-05:00,16.219999313354492,16.530000686645508,16.219999313354492,16.40999984741211,293700,0.0,0.0
2022-02-10 00:00:00-05:00,16.200000762939453,16.770000457763672,16.190000534057617,16.559999465942383,453300,0.0,0.0
2022-02-11 00:00:00-05:00,16.5,16.8700008392334,16.329999923706055,16.510000228881836,380000,0.0,0.0
2022-02-14 00:00:00-05:00,16.559999465942383,16.809999465942383,16.329999923706055,16.459999084472656,384900,0.0,0.0
2022-02-15 00:00:00-05:00,16.549999237060547,16.969999313354492,16.469999313354492,16.68000030517578,532600,0.0,0.0
2022-02-16 00:00:00-05:00,15.630000114440918,16.549999237060547,15.510000228881836,16.040000915527344,869300,0.0,0.0
2022-02-17 00:00:00-05:00,15.819999694824219,16.049999237060547,15.25,15.420000076293945,703200,0.0,0.0
2022-02-18 00:00:00-05:00,15.390000343322754,16.3799991607666,15.390000343322754,15.880000114440918,875600,0.0,0.0
2022-02-22 00:00:00-05:00,15.710000038146973,15.920000076293945,15.489999771118164,15.640000343322754,480900,0.0,0.0
2022-02-23 00:00:00-05:00,15.8100004196167,15.880000114440918,15.149999618530273,15.180000305175781,413300,0.0,0.0
2022-02-24 00:00:00-05:00,14.770000457763672,15.5,14.529999732971191,15.489999771118164,411300,0.0,0.0
2022-02-25 00:00:00-05:00,15.59000015258789,15.850000381469727,15.300000190734863,15.829999923706055,466100,0.0,0.0
2022-02-28 00:00:00-05:00,15.670000076293945,15.890000343322754,15.5,15.819999694824219,542500,0.0,0.0
2022-03-01 00:00:00-05:00,15.739999771118164,15.779999732971191,15.149999618530273,15.239999771118164,378800,0.0,0.0
2022-03-02 00:00:00-05:00,15.369999885559082,15.6899995803833,15.300000190734863,15.460000038146973,315800,0.0,0.0
2022-03-03 00:00:00-05:00,15.550000190734863,15.619999885559082,15.229999542236328,15.3100004196167,373500,0.0,0.0
2022-03-04 00:00:00-05:00,15.220000267028809,15.260000228881836,14.770000457763672,15.100000381469727,475900,0.0,0.0
2022-03-07 00:00:00-05:00,15.100000381469727,15.100000381469727,13.470000267028809,13.539999961853027,880400,0.0,0.0
2022-03-08 00:00:00-05:00,13.880000114440918,14.489999771118164,13.4399995803833,13.90999984741211,571300,0.0,0.0
2022-03-09 00:00:00-05:00,14.170000076293945,14.739999771118164,14.170000076293945,14.4399995803833,453800,0.0,0.0
2022-03-10 00:00:00-05:00,14.199999809265137,14.609999656677246,14.130000114440918,14.420000076293945,364300,0.0,0.0
2022-03-11 00:00:00-05:00,14.5600004196167,14.619999885559082,13.949999809265137,13.960000038146973,339300,0.0,0.0
2022-03-14 00:00:00-04:00,14.079999923706055,14.140000343322754,13.649999618530273,13.850000381469727,330000,0.0,0.0
2022-03-15 00:00:00-04:00,14.0,14.1899995803833,13.75,14.039999961853027,342600,0.0,0.0
2022-03-16 00:00:00-04:00,14.25,14.779999732971191,14.25,14.59000015258789,493900,0.0,0.0
2022-03-17 00:00:00-04:00,14.489999771118164,14.489999771118164,14.319999694824219,14.489999771118164,235100,0.0,0.0
2022-03-18 00:00:00-04:00,14.399999618530273,14.569999694824219,14.300000190734863,14.460000038146973,511700,0.0,0.0
2022-03-21 00:00:00-04:00,14.430000305175781,14.739999771118164,14.100000381469727,14.210000038146973,299600,0.0,0.0
2022-03-22 00:00:00-04:00,14.210000038146973,14.569999694824219,14.069999694824219,14.119999885559082,241400,0.0,0.0
2022-03-23 00:00:00-04:00,14.020000457763672,14.09000015258789,13.829999923706055,13.899999618530273,371500,0.0,0.0
2022-03-24 00:00:00-04:00,13.869999885559082,14.1899995803833,13.859999656677246,14.180000305175781,337600,0.0,0.0
2022-03-25 00:00:00-04:00,14.220000267028809,14.220000267028809,13.890000343322754,13.960000038146973,283800,0.0,0.0
2022-03-28 00:00:00-04:00,14.069999694824219,14.119999885559082,13.829999923706055,13.960000038146973,187200,0.0,0.0
2022-03-29 00:00:00-04:00,14.149999618530273,14.59000015258789,14.149999618530273,14.319999694824219,469500,0.0,0.0
2022-03-30 00:00:00-04:00,14.199999809265137,14.510000228881836,14.180000305175781,14.210000038146973,270200,0.0,0.0
2022-03-31 00:00:00-04:00,14.260000228881836,14.470000267028809,14.1899995803833,14.3100004196167,348900,0.0,0.0
2022-04-01 00:00:00-04:00,14.350000381469727,14.5,13.829999923706055,13.920000076293945,400800,0.0,0.0
2022-04-04 00:00:00-04:00,13.84000015258789,14.109999656677246,13.6899995803833,14.100000381469727,341100,0.0,0.0
2022-04-05 00:00:00-04:00,14.050000190734863,14.279999732971191,13.75,13.890000343322754,356800,0.0,0.0
2022-04-06 00:00:00-04:00,13.75,13.75,13.359999656677246,13.619999885559082,357000,0.0,0.0
2022-04-07 00:00:00-04:00,13.600000381469727,13.600000381469727,13.329999923706055,13.510000228881836,293000,0.0,0.0
2022-04-08 00:00:00-04:00,13.449999809265137,13.609999656677246,13.229999542236328,13.390000343322754,415700,0.0,0.0
2022-04-11 00:00:00-04:00,13.289999961853027,13.609999656677246,13.170000076293945,13.1899995803833,376100,0.0,0.0
2022-04-12 00:00:00-04:00,13.319999694824219,13.479999542236328,13.050000190734863,13.0600004196167,530200,0.0,0.0
2022-04-13 00:00:00-04:00,13.199999809265137,13.550000190734863,13.130000114440918,13.510000228881836,468300,0.0,0.0
2022-04-14 00:00:00-04:00,13.569999694824219,13.710000038146973,13.220000267028809,13.279999732971191,436400,0.0,0.0
2022-04-18 00:00:00-04:00,13.170000076293945,13.300000190734863,13.020000457763672,13.170000076293945,335600,0.0,0.0
2022-04-19 00:00:00-04:00,13.239999771118164,13.430000305175781,13.180000305175781,13.229999542236328,378000,0.0,0.0
2022-04-20 00:00:00-04:00,13.359999656677246,13.40999984741211,13.170000076293945,13.220000267028809,326500,0.0,0.0
2022-04-21 00:00:00-04:00,13.470000267028809,13.479999542236328,13.289999961853027,13.329999923706055,331100,0.0,0.0
2022-04-22 00:00:00-04:00,13.25,13.279999732971191,13.039999961853027,13.079999923706055,314700,0.0,0.0
2022-04-25 00:00:00-04:00,12.970000267028809,13.460000038146973,12.930000305175781,13.40999984741211,464400,0.0,0.0
2022-04-26 00:00:00-04:00,13.25,13.319999694824219,12.800000190734863,12.850000381469727,303200,0.0,0.0
2022-04-27 00:00:00-04:00,12.8100004196167,12.989999771118164,12.680000305175781,12.880000114440918,329500,0.0,0.0
2022-04-28 00:00:00-04:00,13.069999694824219,13.289999961853027,12.880000114440918,13.109999656677246,337000,0.0,0.0
2022-04-29 00:00:00-04:00,13.109999656677246,13.319999694824219,12.789999961853027,12.819999694824219,423400,0.0,0.0
2022-05-02 00:00:00-04:00,12.869999885559082,13.279999732971191,12.869999885559082,13.270000457763672,444900,0.0,0.0
2022-05-03 00:00:00-04:00,13.229999542236328,13.329999923706055,12.850000381469727,13.119999885559082,590200,0.0,0.0
2022-05-04 00:00:00-04:00,12.829999923706055,12.859999656677246,10.869999885559082,11.3100004196167,1975800,0.0,0.0
2022-05-05 00:00:00-04:00,11.319999694824219,11.319999694824219,10.5,10.779999732971191,1050000,0.0,0.0
2022-05-06 00:00:00-04:00,10.779999732971191,11.0600004196167,10.619999885559082,10.770000457763672,849100,0.0,0.0
2022-05-09 00:00:00-04:00,10.539999961853027,10.779999732971191,10.069999694824219,10.109999656677246,710300,0.0,0.0
2022-05-10 00:00:00-04:00,10.3100004196167,10.4399995803833,9.869999885559082,10.149999618530273,808400,0.0,0.0
2022-05-11 00:00:00-04:00,10.079999923706055,10.260000228881836,9.779999732971191,9.8100004196167,684000,0.0,0.0
2022-05-12 00:00:00-04:00,9.779999732971191,10.300000190734863,9.770000457763672,10.119999885559082,679900,0.0,0.0
2022-05-13 00:00:00-04:00,10.15999984741211,10.4399995803833,10.15999984741211,10.34000015258789,668600,0.0,0.0
2022-05-16 00:00:00-04:00,10.260000228881836,10.34000015258789,9.819999694824219,9.859999656677246,608600,0.0,0.0
2022-05-17 00:00:00-04:00,10.109999656677246,10.220000267028809,9.9399995803833,10.180000305175781,441100,0.0,0.0
2022-05-18 00:00:00-04:00,10.050000190734863,10.130000114440918,9.779999732971191,9.869999885559082,841300,0.0,0.0
2022-05-19 00:00:00-04:00,9.779999732971191,9.989999771118164,9.75,9.770000457763672,961500,0.0,0.0
2022-05-20 00:00:00-04:00,9.819999694824219,9.84000015258789,9.4399995803833,9.640000343322754,1199100,0.0,0.0
2022-05-23 00:00:00-04:00,9.6899995803833,9.729999542236328,9.380000114440918,9.649999618530273,1178800,0.0,0.0
2022-05-24 00:00:00-04:00,9.5600004196167,9.59000015258789,9.350000381469727,9.5,1011600,0.0,0.0
2022-05-25 00:00:00-04:00,9.510000228881836,10.010000228881836,9.380000114440918,9.899999618530273,1450900,0.0,0.0
2022-05-26 00:00:00-04:00,9.970000267028809,10.380000114440918,9.970000267028809,10.100000381469727,993600,0.0,0.0
2022-05-27 00:00:00-04:00,10.180000305175781,10.699999809265137,10.149999618530273,10.430000305175781,849000,0.0,0.0
2022-05-31 00:00:00-04:00,10.390000343322754,10.460000038146973,10.239999771118164,10.359999656677246,659300,0.0,0.0
2022-06-01 00:00:00-04:00,10.4399995803833,10.520000457763672,10.25,10.40999984741211,673000,0.0,0.0
2022-06-02 00:00:00-04:00,10.430000305175781,10.59000015258789,10.390000343322754,10.550000190734863,784400,0.0,0.0
2022-06-03 00:00:00-04:00,10.420000076293945,10.489999771118164,10.199999809265137,10.229999542236328,449800,0.0,0.0
2022-06-06 00:00:00-04:00,10.3100004196167,10.359999656677246,10.079999923706055,10.289999961853027,683500,0.0,0.0
2022-06-07 00:00:00-04:00,10.229999542236328,10.369999885559082,10.109999656677246,10.34000015258789,756900,0.0,0.0
2022-06-08 00:00:00-04:00,10.319999694824219,10.65999984741211,10.289999961853027,10.539999961853027,644200,0.0,0.0
2022-06-09 00:00:00-04:00,10.5,10.5,10.170000076293945,10.229999542236328,494100,0.0,0.0
2022-06-10 00:00:00-04:00,10.069999694824219,10.1899995803833,9.819999694824219,9.890000343322754,553700,0.0,0.0
2022-06-13 00:00:00-04:00,9.649999618530273,9.710000038146973,9.119999885559082,9.140000343322754,632700,0.0,0.0
2022-06-14 00:00:00-04:00,9.140000343322754,9.220000267028809,8.960000038146973,9.0,680200,0.0,0.0
2022-06-15 00:00:00-04:00,9.0600004196167,9.270000457763672,8.989999771118164,9.079999923706055,784100,0.0,0.0
2022-06-16 00:00:00-04:00,8.859999656677246,8.899999618530273,8.510000228881836,8.65999984741211,1040900,0.0,0.0
2022-06-17 00:00:00-04:00,8.670000076293945,9.050000190734863,8.670000076293945,8.920000076293945,1112200,0.0,0.0
2022-06-21 00:00:00-04:00,9.020000457763672,9.130000114440918,8.760000228881836,8.779999732971191,1037000,0.0,0.0
2022-06-22 00:00:00-04:00,8.729999542236328,9.029999732971191,8.729999542236328,8.84000015258789,863300,0.0,0.0
2022-06-23 00:00:00-04:00,8.850000381469727,9.039999961853027,8.680000305175781,8.899999618530273,1001700,0.0,0.0
2022-06-24 00:00:00-04:00,8.520000457763672,9.220000267028809,8.460000038146973,9.220000267028809,1608400,0.0,0.0
2022-06-27 00:00:00-04:00,9.279999732971191,9.40999984741211,9.100000381469727,9.130000114440918,1053800,0.0,0.0
2022-06-28 00:00:00-04:00,9.220000267028809,9.5600004196167,8.869999885559082,8.890000343322754,1058300,0.0,0.0
2022-06-29 00:00:00-04:00,8.84000015258789,8.989999771118164,8.770000457763672,8.930000305175781,1042100,0.0,0.0
2022-06-30 00:00:00-04:00,8.819999694824219,8.890000343322754,8.619999885559082,8.680000305175781,1028200,0.0,0.0
2022-07-01 00:00:00-04:00,8.680000305175781,9.069999694824219,8.680000305175781,9.069999694824219,904500,0.0,0.0
2022-07-05 00:00:00-04:00,8.890000343322754,9.300000190734863,8.760000228881836,9.279999732971191,581200,0.0,0.0
2022-07-06 00:00:00-04:00,9.34000015258789,9.430000305175781,8.90999984741211,9.010000228881836,613600,0.0,0.0
2022-07-07 00:00:00-04:00,9.09000015258789,9.260000228881836,8.989999771118164,9.130000114440918,392900,0.0,0.0
2022-07-08 00:00:00-04:00,9.119999885559082,9.279999732971191,8.989999771118164,9.0600004196167,373600,0.0,0.0
2022-07-11 00:00:00-04:00,8.960000038146973,9.149999618530273,8.800000190734863,8.850000381469727,438700,0.0,0.0
2022-07-12 00:00:00-04:00,8.890000343322754,9.100000381469727,8.819999694824219,8.869999885559082,441500,0.0,0.0
2022-07-13 00:00:00-04:00,8.729999542236328,8.970000267028809,8.680000305175781,8.880000114440918,402500,0.0,0.0
2022-07-14 00:00:00-04:00,8.729999542236328,8.859999656677246,8.710000038146973,8.800000190734863,406600,0.0,0.0
2022-07-15 00:00:00-04:00,8.989999771118164,9.069999694824219,8.8100004196167,8.890000343322754,539000,0.0,0.0
2022-07-18 00:00:00-04:00,8.979999542236328,9.079999923706055,8.8100004196167,8.829999923706055,413500,0.0,0.0
2022-07-19 00:00:00-04:00,9.010000228881836,9.239999771118164,9.010000228881836,9.229999542236328,854900,0.0,0.0
2022-07-20 00:00:00-04:00,9.239999771118164,9.420000076293945,9.15999984741211,9.350000381469727,399900,0.0,0.0
2022-07-21 00:00:00-04:00,9.220000267028809,9.449999809265137,9.09000015258789,9.449999809265137,654800,0.0,0.0
2022-07-22 00:00:00-04:00,9.489999771118164,9.710000038146973,9.15999984741211,9.3100004196167,399600,0.0,0.0
2022-07-25 00:00:00-04:00,9.380000114440918,9.449999809265137,9.0600004196167,9.1899995803833,492900,0.0,0.0
2022-07-26 00:00:00-04:00,9.100000381469727,9.130000114440918,8.569999694824219,8.579999923706055,1221100,0.0,0.0
2022-07-27 00:00:00-04:00,8.729999542236328,9.220000267028809,8.729999542236328,9.149999618530273,2394600,0.0,0.0
2022-07-28 00:00:00-04:00,9.140000343322754,9.65999984741211,9.039999961853027,9.569999694824219,2787900,0.0,0.0
2022-07-29 00:00:00-04:00,9.569999694824219,9.75,9.3100004196167,9.710000038146973,985800,0.0,0.0
2022-08-01 00:00:00-04:00,9.6899995803833,9.739999771118164,9.34000015258789,9.350000381469727,1101200,0.0,0.0
2022-08-02 00:00:00-04:00,9.3100004196167,9.479999542236328,9.170000076293945,9.470000267028809,651400,0.0,0.0
2022-08-03 00:00:00-04:00,9.4399995803833,10.130000114440918,9.260000228881836,10.109999656677246,1118700,0.0,0.0
2022-08-04 00:00:00-04:00,10.050000190734863,10.09000015258789,9.739999771118164,9.779999732971191,727300,0.0,0.0
2022-08-05 00:00:00-04:00,9.619999885559082,9.8100004196167,9.390000343322754,9.420000076293945,589800,0.0,0.0
2022-08-08 00:00:00-04:00,9.449999809265137,9.869999885559082,9.449999809265137,9.729999542236328,739500,0.0,0.0
2022-08-09 00:00:00-04:00,9.720000267028809,9.75,9.5,9.569999694824219,478200,0.0,0.0
2022-08-10 00:00:00-04:00,9.710000038146973,10.15999984741211,9.710000038146973,10.050000190734863,1000100,0.0,0.0
2022-08-11 00:00:00-04:00,10.140000343322754,10.229999542236328,9.90999984741211,9.970000267028809,735300,0.0,0.0
2022-08-12 00:00:00-04:00,10.0,10.029999732971191,9.729999542236328,9.899999618530273,452000,0.0,0.0
2022-08-15 00:00:00-04:00,9.84000015258789,10.09000015258789,9.84000015258789,9.869999885559082,459400,0.0,0.0
2022-08-16 00:00:00-04:00,9.850000381469727,10.0,9.789999961853027,9.869999885559082,377300,0.0,0.0
2022-08-17 00:00:00-04:00,9.75,9.789999961853027,9.609999656677246,9.699999809265137,384900,0.0,0.0
2022-08-18 00:00:00-04:00,9.619999885559082,9.8100004196167,9.59000015258789,9.800000190734863,371300,0.0,0.0
2022-08-19 00:00:00-04:00,9.760000228881836,9.770000457763672,9.430000305175781,9.520000457763672,593300,0.0,0.0
2022-08-22 00:00:00-04:00,9.350000381469727,9.489999771118164,9.229999542236328,9.380000114440918,810200,0.0,0.0
2022-08-23 00:00:00-04:00,9.859999656677246,10.460000038146973,9.779999732971191,10.050000190734863,1322800,0.0,0.0
2022-08-24 00:00:00-04:00,10.109999656677246,10.430000305175781,10.010000228881836,10.100000381469727,795000,0.0,0.0
2022-08-25 00:00:00-04:00,10.15999984741211,10.260000228881836,10.029999732971191,10.119999885559082,498100,0.0,0.0
2022-08-26 00:00:00-04:00,10.079999923706055,10.15999984741211,9.630000114440918,9.65999984741211,451000,0.0,0.0
2022-08-29 00:00:00-04:00,9.65999984741211,9.979999542236328,9.600000381469727,9.890000343322754,621800,0.0,0.0
2022-08-30 00:00:00-04:00,9.90999984741211,10.020000457763672,9.699999809265137,9.710000038146973,498500,0.0,0.0
2022-08-31 00:00:00-04:00,9.720000267028809,9.789999961853027,9.40999984741211,9.449999809265137,522700,0.0,0.0
2022-09-01 00:00:00-04:00,9.350000381469727,9.579999923706055,9.1899995803833,9.5600004196167,620500,0.0,0.0
2022-09-02 00:00:00-04:00,9.720000267028809,9.720000267028809,9.470000267028809,9.609999656677246,522200,0.0,0.0
2022-09-06 00:00:00-04:00,9.609999656677246,9.65999984741211,9.229999542236328,9.329999923706055,636700,0.0,0.0
2022-09-07 00:00:00-04:00,9.300000190734863,9.800000190734863,9.300000190734863,9.770000457763672,546000,0.0,0.0
2022-09-08 00:00:00-04:00,9.680000305175781,9.960000038146973,9.670000076293945,9.90999984741211,455100,0.0,0.0
2022-09-09 00:00:00-04:00,10.010000228881836,10.300000190734863,9.920000076293945,10.260000228881836,502200,0.0,0.0
2022-09-12 00:00:00-04:00,10.350000381469727,10.59000015258789,10.3100004196167,10.569999694824219,640900,0.0,0.0
2022-09-13 00:00:00-04:00,10.270000457763672,10.380000114440918,10.149999618530273,10.199999809265137,470800,0.0,0.0
2022-09-14 00:00:00-04:00,10.199999809265137,10.40999984741211,9.970000267028809,10.140000343322754,570700,0.0,0.0
2022-09-15 00:00:00-04:00,10.09000015258789,10.520000457763672,10.020000457763672,10.039999961853027,1082000,0.0,0.0
2022-09-16 00:00:00-04:00,10.039999961853027,10.199999809265137,9.75,10.170000076293945,1562600,0.0,0.0
2022-09-19 00:00:00-04:00,10.029999732971191,10.390000343322754,9.970000267028809,10.270000457763672,477600,0.0,0.0
2022-09-20 00:00:00-04:00,10.15999984741211,10.34000015258789,10.029999732971191,10.220000267028809,458800,0.0,0.0
2022-09-21 00:00:00-04:00,10.239999771118164,10.539999961853027,10.170000076293945,10.180000305175781,520400,0.0,0.0
2022-09-22 00:00:00-04:00,10.149999618530273,10.180000305175781,9.670000076293945,9.789999961853027,619500,0.0,0.0
2022-09-23 00:00:00-04:00,9.6899995803833,9.8100004196167,9.449999809265137,9.569999694824219,497700,0.0,0.0
2022-09-26 00:00:00-04:00,9.550000190734863,9.75,9.390000343322754,9.399999618530273,481600,0.0,0.0
2022-09-27 00:00:00-04:00,9.579999923706055,9.920000076293945,9.520000457763672,9.619999885559082,559900,0.0,0.0
2022-09-28 00:00:00-04:00,9.670000076293945,9.84000015258789,9.529999732971191,9.739999771118164,408500,0.0,0.0
2022-09-29 00:00:00-04:00,9.569999694824219,9.609999656677246,9.34000015258789,9.489999771118164,534800,0.0,0.0
2022-09-30 00:00:00-04:00,9.390000343322754,9.550000190734863,9.319999694824219,9.40999984741211,426300,0.0,0.0
2022-10-03 00:00:00-04:00,9.510000228881836,9.510000228881836,9.199999809265137,9.420000076293945,693000,0.0,0.0
2022-10-04 00:00:00-04:00,9.649999618530273,9.869999885559082,9.649999618530273,9.869999885559082,618400,0.0,0.0
2022-10-05 00:00:00-04:00,9.680000305175781,10.140000343322754,9.680000305175781,10.079999923706055,442700,0.0,0.0
2022-10-06 00:00:00-04:00,10.0600004196167,10.1899995803833,9.779999732971191,9.800000190734863,341400,0.0,0.0
2022-10-07 00:00:00-04:00,9.649999618530273,9.760000228881836,9.470000267028809,9.65999984741211,546600,0.0,0.0
2022-10-10 00:00:00-04:00,9.670000076293945,9.729999542236328,9.420000076293945,9.539999961853027,310400,0.0,0.0
2022-10-11 00:00:00-04:00,9.5,9.739999771118164,9.3100004196167,9.65999984741211,361200,0.0,0.0
2022-10-12 00:00:00-04:00,9.640000343322754,9.90999984741211,9.539999961853027,9.859999656677246,554800,0.0,0.0
2022-10-13 00:00:00-04:00,9.699999809265137,9.890000343322754,9.550000190734863,9.800000190734863,447900,0.0,0.0
2022-10-14 00:00:00-04:00,9.869999885559082,9.979999542236328,9.649999618530273,9.729999542236328,432400,0.0,0.0
2022-10-17 00:00:00-04:00,9.880000114440918,10.079999923706055,9.850000381469727,10.0,495300,0.0,0.0
2022-10-18 00:00:00-04:00,10.1899995803833,10.34000015258789,10.0600004196167,10.180000305175781,387100,0.0,0.0
2022-10-19 00:00:00-04:00,10.100000381469727,10.260000228881836,9.930000305175781,10.039999961853027,345400,0.0,0.0
2022-10-20 00:00:00-04:00,10.0600004196167,10.260000228881836,9.989999771118164,10.039999961853027,315000,0.0,0.0
2022-10-21 00:00:00-04:00,10.09000015258789,10.25,10.0,10.210000038146973,304000,0.0,0.0
2022-10-24 00:00:00-04:00,10.199999809265137,10.399999618530273,10.020000457763672,10.119999885559082,359600,0.0,0.0
2022-10-25 00:00:00-04:00,10.119999885559082,10.779999732971191,10.119999885559082,10.720000267028809,619000,0.0,0.0
2022-10-26 00:00:00-04:00,10.770000457763672,11.09000015258789,10.729999542236328,10.819999694824219,444700,0.0,0.0
2022-10-27 00:00:00-04:00,10.960000038146973,11.329999923706055,10.960000038146973,11.15999984741211,408900,0.0,0.0
2022-10-28 00:00:00-04:00,11.170000076293945,11.420000076293945,10.979999542236328,11.359999656677246,777700,0.0,0.0
2022-10-31 00:00:00-04:00,11.40999984741211,11.569999694824219,11.3100004196167,11.329999923706055,437800,0.0,0.0
2022-11-01 00:00:00-04:00,11.40999984741211,11.510000228881836,11.15999984741211,11.220000267028809,635300,0.0,0.0
2022-11-02 00:00:00-04:00,11.949999809265137,12.109999656677246,11.260000228881836,11.619999885559082,1113800,0.0,0.0
2022-11-03 00:00:00-04:00,11.460000038146973,11.729999542236328,11.329999923706055,11.529999732971191,941800,0.0,0.0
2022-11-04 00:00:00-04:00,11.630000114440918,11.8100004196167,11.329999923706055,11.779999732971191,924700,0.0,0.0
2022-11-07 00:00:00-05:00,11.760000228881836,12.010000228881836,11.520000457763672,11.899999618530273,671300,0.0,0.0
2022-11-08 00:00:00-05:00,11.899999618530273,12.029999732971191,11.789999961853027,11.90999984741211,566700,0.0,0.0
2022-11-09 00:00:00-05:00,11.720000267028809,11.8100004196167,11.5600004196167,11.609999656677246,960100,0.0,0.0
2022-11-10 00:00:00-05:00,11.949999809265137,12.75,11.920000076293945,12.75,1039600,0.0,0.0
2022-11-11 00:00:00-05:00,12.739999771118164,12.880000114440918,12.550000190734863,12.65999984741211,657200,0.0,0.0
2022-11-14 00:00:00-05:00,12.579999923706055,12.680000305175781,12.40999984741211,12.430000305175781,523600,0.0,0.0
2022-11-15 00:00:00-05:00,12.489999771118164,13.130000114440918,12.489999771118164,13.039999961853027,1040200,0.0,0.0
2022-11-16 00:00:00-05:00,12.949999809265137,13.029999732971191,12.489999771118164,12.890000343322754,1119200,0.0,0.0
2022-11-17 00:00:00-05:00,12.760000228881836,13.079999923706055,12.4399995803833,12.479999542236328,1347400,0.0,0.0
2022-11-18 00:00:00-05:00,12.670000076293945,12.720000267028809,12.119999885559082,12.369999885559082,894300,0.0,0.0
2022-11-21 00:00:00-05:00,12.369999885559082,12.520000457763672,12.170000076293945,12.329999923706055,832900,0.0,0.0
2022-11-22 00:00:00-05:00,12.380000114440918,12.420000076293945,12.029999732971191,12.220000267028809,646400,0.0,0.0
2022-11-23 00:00:00-05:00,12.229999542236328,12.34000015258789,12.149999618530273,12.260000228881836,597600,0.0,0.0
2022-11-25 00:00:00-05:00,12.199999809265137,12.470000267028809,12.1899995803833,12.399999618530273,434000,0.0,0.0
2022-11-28 00:00:00-05:00,12.34000015258789,12.609999656677246,12.34000015258789,12.520000457763672,806400,0.0,0.0
2022-11-29 00:00:00-05:00,12.520000457763672,12.65999984741211,12.1899995803833,12.600000381469727,1092000,0.0,0.0
2022-11-30 00:00:00-05:00,12.670000076293945,12.670000076293945,12.40999984741211,12.539999961853027,860100,0.0,0.0
2022-12-01 00:00:00-05:00,12.649999618530273,12.8100004196167,12.5,12.529999732971191,760300,0.0,0.0
2022-12-02 00:00:00-05:00,12.359999656677246,12.359999656677246,11.510000228881836,11.5600004196167,1031600,0.0,0.0
2022-12-05 00:00:00-05:00,11.5,11.5600004196167,10.899999618530273,11.010000228881836,1085900,0.0,0.0
2022-12-06 00:00:00-05:00,11.079999923706055,11.119999885559082,10.899999618530273,10.9399995803833,709800,0.0,0.0
2022-12-07 00:00:00-05:00,10.880000114440918,10.9399995803833,10.520000457763672,10.539999961853027,651600,0.0,0.0
2022-12-08 00:00:00-05:00,10.630000114440918,10.779999732971191,10.529999732971191,10.770000457763672,850600,0.0,0.0
2022-12-09 00:00:00-05:00,10.65999984741211,10.770000457763672,10.399999618530273,10.399999618530273,720600,0.0,0.0
2022-12-12 00:00:00-05:00,10.350000381469727,10.5,10.229999542236328,10.449999809265137,851400,0.0,0.0
2022-12-13 00:00:00-05:00,10.779999732971191,10.779999732971191,10.109999656677246,10.180000305175781,946200,0.0,0.0
2022-12-14 00:00:00-05:00,10.199999809265137,10.680000305175781,10.199999809265137,10.430000305175781,964600,0.0,0.0
2022-12-15 00:00:00-05:00,10.289999961853027,10.359999656677246,10.069999694824219,10.1899995803833,891100,0.0,0.0
2022-12-16 00:00:00-05:00,10.079999923706055,10.15999984741211,9.930000305175781,9.979999542236328,876800,0.0,0.0
2022-12-19 00:00:00-05:00,9.989999771118164,10.09000015258789,9.720000267028809,9.770000457763672,657400,0.0,0.0
2022-12-20 00:00:00-05:00,9.729999542236328,9.819999694824219,9.34000015258789,9.399999618530273,672300,0.0,0.0
2022-12-21 00:00:00-05:00,9.199999809265137,9.300000190734863,8.65999984741211,8.979999542236328,1181800,0.0,0.0
2022-12-22 00:00:00-05:00,8.930000305175781,9.079999923706055,8.720000267028809,9.0600004196167,1133000,0.0,0.0
2022-12-23 00:00:00-05:00,9.0600004196167,9.130000114440918,8.819999694824219,8.890000343322754,878200,0.0,0.0
2022-12-27 00:00:00-05:00,8.899999618530273,9.1899995803833,8.819999694824219,9.100000381469727,947300,0.0,0.0
2022-12-28 00:00:00-05:00,9.119999885559082,9.180000305175781,8.880000114440918,9.0,772200,0.0,0.0
2022-12-29 00:00:00-05:00,9.079999923706055,9.260000228881836,8.960000038146973,9.220000267028809,610600,0.0,0.0
2022-12-30 00:00:00-05:00,9.140000343322754,9.319999694824219,9.069999694824219,9.210000038146973,668900,0.0,0.0
2023-01-03 00:00:00-05:00,9.319999694824219,9.539999961853027,9.199999809265137,9.520000457763672,660200,0.0,0.0
2023-01-04 00:00:00-05:00,9.609999656677246,10.130000114440918,9.460000038146973,10.100000381469727,1071400,0.0,0.0
2023-01-05 00:00:00-05:00,9.989999771118164,10.270000457763672,9.859999656677246,10.180000305175781,866800,0.0,0.0
2023-01-06 00:00:00-05:00,10.210000038146973,10.6899995803833,10.1899995803833,10.649999618530273,1236400,0.0,0.0
2023-01-09 00:00:00-05:00,10.779999732971191,11.430000305175781,10.699999809265137,11.329999923706055,1283900,0.0,0.0
2023-01-10 00:00:00-05:00,11.289999961853027,11.59000015258789,11.260000228881836,11.5600004196167,1030500,0.0,0.0
2023-01-11 00:00:00-05:00,11.630000114440918,11.949999809265137,11.5,11.6899995803833,660700,0.0,0.0
2023-01-12 00:00:00-05:00,11.880000114440918,12.289999961853027,11.800000190734863,12.050000190734863,701300,0.0,0.0
2023-01-13 00:00:00-05:00,11.920000076293945,12.1899995803833,11.880000114440918,12.130000114440918,557900,0.0,0.0
2023-01-17 00:00:00-05:00,12.020000457763672,12.25,11.989999771118164,12.09000015258789,600600,0.0,0.0
2023-01-18 00:00:00-05:00,12.170000076293945,12.3100004196167,11.989999771118164,12.029999732971191,364200,0.0,0.0
2023-01-19 00:00:00-05:00,12.0,12.09000015258789,11.859999656677246,11.979999542236328,491800,0.0,0.0
2023-01-20 00:00:00-05:00,12.079999923706055,12.3100004196167,11.960000038146973,12.300000190734863,523800,0.0,0.0
2023-01-23 00:00:00-05:00,12.260000228881836,12.479999542236328,12.260000228881836,12.430000305175781,385000,0.0,0.0
2023-01-24 00:00:00-05:00,12.479999542236328,12.5,11.670000076293945,11.670000076293945,495900,0.0,0.0
2023-01-25 00:00:00-05:00,11.59000015258789,12.09000015258789,11.449999809265137,11.960000038146973,760800,0.0,0.0
2023-01-26 00:00:00-05:00,12.020000457763672,12.119999885559082,11.739999771118164,11.930000305175781,507700,0.0,0.0
2023-01-27 00:00:00-05:00,11.960000038146973,12.100000381469727,11.880000114440918,12.079999923706055,437800,0.0,0.0
2023-01-30 00:00:00-05:00,12.039999961853027,12.09000015258789,11.84000015258789,11.90999984741211,577300,0.0,0.0
2023-01-31 00:00:00-05:00,11.899999618530273,12.069999694824219,11.880000114440918,12.020000457763672,505200,0.0,0.0
2023-02-01 00:00:00-05:00,12.010000228881836,12.029999732971191,11.5600004196167,11.920000076293945,810400,0.0,0.0
2023-02-02 00:00:00-05:00,12.010000228881836,12.649999618530273,11.979999542236328,12.479999542236328,833000,0.0,0.0
2023-02-03 00:00:00-05:00,12.319999694824219,12.569999694824219,12.300000190734863,12.5,474800,0.0,0.0
2023-02-06 00:00:00-05:00,12.460000038146973,12.779999732971191,12.369999885559082,12.710000038146973,598600,0.0,0.0
2023-02-07 00:00:00-05:00,12.65999984741211,12.920000076293945,12.510000228881836,12.899999618530273,522600,0.0,0.0
2023-02-08 00:00:00-05:00,12.979999542236328,12.979999542236328,12.520000457763672,12.619999885559082,517200,0.0,0.0
2023-02-09 00:00:00-05:00,12.779999732971191,12.819999694824219,12.079999923706055,12.079999923706055,606300,0.0,0.0
2023-02-10 00:00:00-05:00,12.029999732971191,12.140000343322754,11.880000114440918,12.039999961853027,630000,0.0,0.0
2023-02-13 00:00:00-05:00,12.039999961853027,12.289999961853027,11.9399995803833,12.140000343322754,627100,0.0,0.0
2023-02-14 00:00:00-05:00,12.869999885559082,13.0,11.930000305175781,12.199999809265137,1027000,0.0,0.0
2023-02-15 00:00:00-05:00,12.149999618530273,12.5,12.029999732971191,12.399999618530273,853200,0.0,0.0
2023-02-16 00:00:00-05:00,12.319999694824219,12.979999542236328,12.15999984741211,12.739999771118164,893500,0.0,0.0
2023-02-17 00:00:00-05:00,12.770000457763672,12.850000381469727,12.359999656677246,12.470000267028809,671000,0.0,0.0
2023-02-21 00:00:00-05:00,12.289999961853027,12.479999542236328,12.140000343322754,12.279999732971191,625100,0.0,0.0
2023-02-22 00:00:00-05:00,12.319999694824219,12.5600004196167,12.170000076293945,12.4399995803833,576300,0.0,0.0
2023-02-23 00:00:00-05:00,12.479999542236328,12.579999923706055,12.15999984741211,12.210000038146973,491900,0.0,0.0
2023-02-24 00:00:00-05:00,12.0600004196167,12.140000343322754,11.8100004196167,11.84000015258789,552400,0.0,0.0
2023-02-27 00:00:00-05:00,11.920000076293945,12.149999618530273,11.760000228881836,11.859999656677246,878000,0.0,0.0
2023-02-28 00:00:00-05:00,11.880000114440918,11.989999771118164,11.600000381469727,11.670000076293945,788600,0.0,0.0
2023-03-01 00:00:00-05:00,11.779999732971191,11.930000305175781,11.640000343322754,11.789999961853027,592600,0.0,0.0
2023-03-02 00:00:00-05:00,11.779999732971191,12.109999656677246,11.65999984741211,12.029999732971191,498500,0.0,0.0
2023-03-03 00:00:00-05:00,12.069999694824219,12.119999885559082,11.760000228881836,11.770000457763672,402300,0.0,0.0
2023-03-06 00:00:00-05:00,11.800000190734863,11.920000076293945,11.34000015258789,11.479999542236328,661800,0.0,0.0
2023-03-07 00:00:00-05:00,11.510000228881836,11.699999809265137,11.25,11.539999961853027,409300,0.0,0.0
2023-03-08 00:00:00-05:00,11.520000457763672,11.640000343322754,11.390000343322754,11.5600004196167,379600,0.0,0.0
2023-03-09 00:00:00-05:00,11.569999694824219,11.600000381469727,11.130000114440918,11.140000343322754,353400,0.0,0.0
2023-03-10 00:00:00-05:00,11.069999694824219,11.25,10.59000015258789,10.640000343322754,492700,0.0,0.0
2023-03-13 00:00:00-04:00,10.5,10.699999809265137,10.399999618530273,10.569999694824219,547300,0.0,0.0
2023-03-14 00:00:00-04:00,10.850000381469727,10.899999618530273,10.399999618530273,10.520000457763672,411600,0.0,0.0
2023-03-15 00:00:00-04:00,10.350000381469727,10.729999542236328,10.199999809265137,10.720000267028809,456400,0.0,0.0
2023-03-16 00:00:00-04:00,10.59000015258789,11.1899995803833,10.550000190734863,11.15999984741211,549500,0.0,0.0
2023-03-17 00:00:00-04:00,11.029999732971191,11.149999618530273,10.869999885559082,11.0,612100,0.0,0.0
2023-03-20 00:00:00-04:00,11.0600004196167,11.180000305175781,10.9399995803833,10.970000267028809,654800,0.0,0.0
2023-03-21 00:00:00-04:00,11.170000076293945,11.399999618530273,11.170000076293945,11.289999961853027,472800,0.0,0.0
2023-03-22 00:00:00-04:00,11.289999961853027,11.5,11.170000076293945,11.1899995803833,450200,0.0,0.0
2023-03-23 00:00:00-04:00,11.180000305175781,11.289999961853027,10.680000305175781,10.890000343322754,547100,0.0,0.0
2023-03-24 00:00:00-04:00,10.819999694824219,10.960000038146973,10.699999809265137,10.819999694824219,389800,0.0,0.0
2023-03-27 00:00:00-04:00,10.970000267028809,11.050000190734863,10.739999771118164,10.770000457763672,450900,0.0,0.0
2023-03-28 00:00:00-04:00,10.729999542236328,10.979999542236328,10.729999542236328,10.869999885559082,298100,0.0,0.0
2023-03-29 00:00:00-04:00,10.960000038146973,11.0600004196167,10.800000190734863,11.039999961853027,410900,0.0,0.0
2023-03-30 00:00:00-04:00,11.079999923706055,11.119999885559082,10.949999809265137,10.989999771118164,315100,0.0,0.0
2023-03-31 00:00:00-04:00,11.069999694824219,11.239999771118164,11.029999732971191,11.15999984741211,455000,0.0,0.0
2023-04-03 00:00:00-04:00,11.119999885559082,11.289999961853027,10.989999771118164,11.079999923706055,556200,0.0,0.0
2023-04-04 00:00:00-04:00,11.09000015258789,11.1899995803833,10.819999694824219,10.90999984741211,391300,0.0,0.0
2023-04-05 00:00:00-04:00,10.850000381469727,10.989999771118164,10.850000381469727,10.9399995803833,320100,0.0,0.0
2023-04-06 00:00:00-04:00,10.9399995803833,11.010000228881836,10.819999694824219,10.9399995803833,328000,0.0,0.0
2023-04-10 00:00:00-04:00,10.850000381469727,11.289999961853027,10.850000381469727,11.1899995803833,410200,0.0,0.0
2023-04-11 00:00:00-04:00,11.229999542236328,11.529999732971191,11.170000076293945,11.460000038146973,365400,0.0,0.0
2023-04-12 00:00:00-04:00,11.5,11.5600004196167,11.0600004196167,11.100000381469727,365400,0.0,0.0
2023-04-13 00:00:00-04:00,11.199999809265137,11.449999809265137,11.130000114440918,11.369999885559082,356800,0.0,0.0
2023-04-14 00:00:00-04:00,11.350000381469727,11.510000228881836,11.199999809265137,11.34000015258789,267600,0.0,0.0
2023-04-17 00:00:00-04:00,11.359999656677246,11.460000038146973,11.15999984741211,11.319999694824219,269100,0.0,0.0
2023-04-18 00:00:00-04:00,11.399999618530273,11.489999771118164,11.069999694824219,11.210000038146973,308200,0.0,0.0
2023-04-19 00:00:00-04:00,11.149999618530273,11.260000228881836,11.109999656677246,11.170000076293945,279400,0.0,0.0
2023-04-20 00:00:00-04:00,11.0600004196167,11.069999694824219,10.770000457763672,10.949999809265137,340500,0.0,0.0
2023-04-21 00:00:00-04:00,10.949999809265137,11.260000228881836,10.949999809265137,11.100000381469727,408500,0.0,0.0
2023-04-24 00:00:00-04:00,11.069999694824219,11.119999885559082,10.710000038146973,10.930000305175781,344600,0.0,0.0
2023-04-25 00:00:00-04:00,10.779999732971191,10.880000114440918,10.680000305175781,10.710000038146973,336100,0.0,0.0
2023-04-26 00:00:00-04:00,10.680000305175781,10.850000381469727,10.630000114440918,10.640000343322754,391400,0.0,0.0
2023-04-27 00:00:00-04:00,10.6899995803833,10.819999694824219,10.600000381469727,10.739999771118164,343900,0.0,0.0
2023-04-28 00:00:00-04:00,10.819999694824219,11.25,10.819999694824219,11.210000038146973,410300,0.0,0.0
2023-05-01 00:00:00-04:00,11.149999618530273,11.359999656677246,11.020000457763672,11.15999984741211,398100,0.0,0.0
2023-05-02 00:00:00-04:00,11.119999885559082,11.329999923706055,11.069999694824219,11.210000038146973,603600,0.0,0.0
2023-05-03 00:00:00-04:00,11.119999885559082,11.220000267028809,10.380000114440918,10.5600004196167,745800,0.0,0.0
2023-05-04 00:00:00-04:00,10.520000457763672,10.819999694824219,10.470000267028809,10.6899995803833,519300,0.0,0.0
2023-05-05 00:00:00-04:00,10.859999656677246,10.979999542236328,10.600000381469727,10.699999809265137,468500,0.0,0.0
2023-05-08 00:00:00-04:00,10.699999809265137,10.84000015258789,10.579999923706055,10.649999618530273,422700,0.0,0.0
2023-05-09 00:00:00-04:00,10.600000381469727,10.8100004196167,10.5,10.75,304500,0.0,0.0
2023-05-10 00:00:00-04:00,10.869999885559082,10.869999885559082,10.4399995803833,10.520000457763672,269100,0.0,0.0
2023-05-11 00:00:00-04:00,10.5,10.609999656677246,10.380000114440918,10.579999923706055,372400,0.0,0.0
2023-05-12 00:00:00-04:00,10.600000381469727,10.699999809265137,10.539999961853027,10.65999984741211,302100,0.0,0.0
2023-05-15 00:00:00-04:00,10.65999984741211,10.859999656677246,10.65999984741211,10.770000457763672,263000,0.0,0.0
2023-05-16 00:00:00-04:00,10.739999771118164,10.770000457763672,10.630000114440918,10.710000038146973,298800,0.0,0.0
2023-05-17 00:00:00-04:00,10.770000457763672,11.270000457763672,10.729999542236328,11.260000228881836,351700,0.0,0.0
2023-05-18 00:00:00-04:00,11.149999618530273,11.600000381469727,11.140000343322754,11.569999694824219,369900,0.0,0.0
2023-05-19 00:00:00-04:00,11.670000076293945,11.720000267028809,11.399999618530273,11.5,367400,0.0,0.0
2023-05-22 00:00:00-04:00,11.5,11.569999694824219,11.279999732971191,11.34000015258789,404500,0.0,0.0
2023-05-23 00:00:00-04:00,11.300000190734863,11.579999923706055,11.279999732971191,11.40999984741211,327100,0.0,0.0
2023-05-24 00:00:00-04:00,11.369999885559082,11.5,11.220000267028809,11.489999771118164,233000,0.0,0.0
2023-05-25 00:00:00-04:00,11.470000267028809,11.479999542236328,11.34000015258789,11.40999984741211,271400,0.0,0.0
2023-05-26 00:00:00-04:00,11.390000343322754,11.619999885559082,11.390000343322754,11.489999771118164,294200,0.0,0.0
2023-05-30 00:00:00-04:00,11.539999961853027,11.550000190734863,11.15999984741211,11.1899995803833,434400,0.0,0.0
2023-05-31 00:00:00-04:00,11.15999984741211,11.25,10.859999656677246,11.069999694824219,464300,0.0,0.0
2023-06-01 00:00:00-04:00,11.09000015258789,11.34000015258789,11.0,11.329999923706055,320500,0.0,0.0
2023-06-02 00:00:00-04:00,11.510000228881836,11.869999885559082,11.4399995803833,11.819999694824219,492900,0.0,0.0
2023-06-05 00:00:00-04:00,11.739999771118164,11.899999618530273,11.529999732971191,11.649999618530273,334400,0.0,0.0
2023-06-06 00:00:00-04:00,11.649999618530273,11.800000190734863,11.600000381469727,11.640000343322754,449600,0.0,0.0
2023-06-07 00:00:00-04:00,11.75,12.069999694824219,11.640000343322754,11.829999923706055,480500,0.0,0.0
2023-06-08 00:00:00-04:00,11.829999923706055,11.829999923706055,11.579999923706055,11.729999542236328,276600,0.0,0.0
2023-06-09 00:00:00-04:00,11.699999809265137,11.699999809265137,11.5,11.529999732971191,248400,0.0,0.0
2023-06-12 00:00:00-04:00,11.569999694824219,11.979999542236328,11.529999732971191,11.970000267028809,308000,0.0,0.0
2023-06-13 00:00:00-04:00,11.949999809265137,12.170000076293945,11.84000015258789,12.029999732971191,324500,0.0,0.0
2023-06-14 00:00:00-04:00,12.0600004196167,12.470000267028809,11.649999618530273,12.25,1195300,0.0,0.0
2023-06-15 00:00:00-04:00,12.4399995803833,12.529999732971191,12.15999984741211,12.270000457763672,821300,0.0,0.0
2023-06-16 00:00:00-04:00,12.390000343322754,12.40999984741211,11.869999885559082,11.899999618530273,722900,0.0,0.0
2023-06-20 00:00:00-04:00,11.920000076293945,12.09000015258789,11.779999732971191,12.0600004196167,473600,0.0,0.0
2023-06-21 00:00:00-04:00,12.050000190734863,12.130000114440918,11.890000343322754,12.039999961853027,284700,0.0,0.0
2023-06-22 00:00:00-04:00,12.0,12.15999984741211,11.779999732971191,12.100000381469727,321600,0.0,0.0
2023-06-23 00:00:00-04:00,11.869999885559082,12.140000343322754,11.6899995803833,11.779999732971191,687800,0.0,0.0
2023-06-26 00:00:00-04:00,11.699999809265137,11.90999984741211,11.680000305175781,11.859999656677246,465800,0.0,0.0
2023-06-27 00:00:00-04:00,11.930000305175781,12.289999961853027,11.850000381469727,12.180000305175781,313700,0.0,0.0
2023-06-28 00:00:00-04:00,12.140000343322754,12.270000457763672,12.020000457763672,12.220000267028809,247600,0.0,0.0
2023-06-29 00:00:00-04:00,12.239999771118164,12.4399995803833,12.15999984741211,12.390000343322754,265000,0.0,0.0
2023-06-30 00:00:00-04:00,12.460000038146973,12.460000038146973,12.3100004196167,12.319999694824219,234700,0.0,0.0
2023-07-03 00:00:00-04:00,12.300000190734863,12.5,12.279999732971191,12.5,198900,0.0,0.0
2023-07-05 00:00:00-04:00,12.390000343322754,12.399999618530273,11.5600004196167,11.579999923706055,581700,0.0,0.0
2023-07-06 00:00:00-04:00,11.510000228881836,11.569999694824219,10.899999618530273,11.1899995803833,732800,0.0,0.0
2023-07-07 00:00:00-04:00,11.1899995803833,11.5,11.1899995803833,11.40999984741211,658800,0.0,0.0
2023-07-10 00:00:00-04:00,11.449999809265137,11.760000228881836,11.449999809265137,11.649999618530273,383400,0.0,0.0
2023-07-11 00:00:00-04:00,11.649999618530273,11.729999542236328,11.5,11.59000015258789,415200,0.0,0.0
2023-07-12 00:00:00-04:00,11.789999961853027,11.880000114440918,11.420000076293945,11.5600004196167,1048500,0.0,0.0
2023-07-13 00:00:00-04:00,11.550000190734863,12.170000076293945,11.5,11.829999923706055,771800,0.0,0.0
2023-07-14 00:00:00-04:00,11.8100004196167,11.8100004196167,11.479999542236328,11.520000457763672,406000,0.0,0.0
2023-07-17 00:00:00-04:00,11.5,11.640000343322754,11.100000381469727,11.109999656677246,736700,0.0,0.0
2023-07-18 00:00:00-04:00,11.020000457763672,11.470000267028809,10.8100004196167,11.289999961853027,839600,0.0,0.0
2023-07-19 00:00:00-04:00,11.380000114440918,11.430000305175781,11.229999542236328,11.289999961853027,520500,0.0,0.0
2023-07-20 00:00:00-04:00,11.300000190734863,11.489999771118164,11.229999542236328,11.25,474200,0.0,0.0
2023-07-21 00:00:00-04:00,11.359999656677246,11.399999618530273,11.15999984741211,11.239999771118164,567400,0.0,0.0
2023-07-24 00:00:00-04:00,11.1899995803833,11.300000190734863,10.989999771118164,11.15999984741211,536500,0.0,0.0
2023-07-25 00:00:00-04:00,11.130000114440918,11.34000015258789,11.069999694824219,11.34000015258789,532600,0.0,0.0
2023-07-26 00:00:00-04:00,11.329999923706055,11.529999732971191,11.289999961853027,11.520000457763672,519900,0.0,0.0
2023-07-27 00:00:00-04:00,11.59000015258789,11.670000076293945,11.460000038146973,11.520000457763672,556600,0.0,0.0
2023-07-28 00:00:00-04:00,11.649999618530273,11.8100004196167,11.600000381469727,11.6899995803833,577300,0.0,0.0
2023-07-31 00:00:00-04:00,11.800000190734863,11.90999984741211,11.680000305175781,11.760000228881836,462300,0.0,0.0
2023-08-01 00:00:00-04:00,11.6899995803833,11.6899995803833,11.359999656677246,11.449999809265137,384500,0.0,0.0
2023-08-02 00:00:00-04:00,10.739999771118164,10.970000267028809,10.260000228881836,10.449999809265137,1415400,0.0,0.0
2023-08-03 00:00:00-04:00,10.460000038146973,10.819999694824219,10.25,10.380000114440918,722100,0.0,0.0
2023-08-04 00:00:00-04:00,10.460000038146973,10.579999923706055,10.239999771118164,10.25,578300,0.0,0.0
2023-08-07 00:00:00-04:00,10.319999694824219,10.609999656677246,10.279999732971191,10.59000015258789,425200,0.0,0.0
2023-08-08 00:00:00-04:00,10.4399995803833,10.569999694824219,10.319999694824219,10.399999618530273,392500,0.0,0.0
2023-08-09 00:00:00-04:00,10.4399995803833,10.4399995803833,10.279999732971191,10.34000015258789,342100,0.0,0.0
2023-08-10 00:00:00-04:00,10.399999618530273,10.529999732971191,10.350000381469727,10.430000305175781,408800,0.0,0.0
2023-08-11 00:00:00-04:00,10.430000305175781,10.520000457763672,10.359999656677246,10.420000076293945,466600,0.0,0.0
2023-08-14 00:00:00-04:00,10.420000076293945,10.479999542236328,10.239999771118164,10.289999961853027,483900,0.0,0.0
2023-08-15 00:00:00-04:00,10.220000267028809,10.319999694824219,10.029999732971191,10.039999961853027,539300,0.0,0.0
2023-08-16 00:00:00-04:00,10.029999732971191,10.199999809265137,9.84000015258789,9.850000381469727,547300,0.0,0.0
2023-08-17 00:00:00-04:00,9.899999618530273,9.979999542236328,9.75,9.760000228881836,362200,0.0,0.0
2023-08-18 00:00:00-04:00,9.720000267028809,9.9399995803833,9.710000038146973,9.819999694824219,464800,0.0,0.0
2023-08-21 00:00:00-04:00,9.84000015258789,9.880000114440918,9.539999961853027,9.550000190734863,446300,0.0,0.0
2023-08-22 00:00:00-04:00,9.619999885559082,9.880000114440918,9.5,9.859999656677246,458400,0.0,0.0
2023-08-23 00:00:00-04:00,9.859999656677246,9.970000267028809,9.75,9.779999732971191,366500,0.0,0.0
2023-08-24 00:00:00-04:00,9.770000457763672,9.880000114440918,9.710000038146973,9.729999542236328,539500,0.0,0.0
2023-08-25 00:00:00-04:00,9.739999771118164,9.819999694824219,9.5,9.569999694824219,527900,0.0,0.0
2023-08-28 00:00:00-04:00,9.630000114440918,9.739999771118164,9.539999961853027,9.550000190734863,396300,0.0,0.0
2023-08-29 00:00:00-04:00,9.5600004196167,9.640000343322754,9.420000076293945,9.4399995803833,900400,0.0,0.0
2023-08-30 00:00:00-04:00,9.449999809265137,9.720000267028809,9.449999809265137,9.600000381469727,545800,0.0,0.0
2023-08-31 00:00:00-04:00,9.609999656677246,9.699999809265137,9.489999771118164,9.529999732971191,635100,0.0,0.0
2023-09-01 00:00:00-04:00,9.579999923706055,9.699999809265137,9.399999618530273,9.520000457763672,459000,0.0,0.0
2023-09-05 00:00:00-04:00,9.510000228881836,9.569999694824219,9.3100004196167,9.329999923706055,433700,0.0,0.0
2023-09-06 00:00:00-04:00,9.329999923706055,9.380000114440918,9.130000114440918,9.170000076293945,584100,0.0,0.0
2023-09-07 00:00:00-04:00,9.180000305175781,9.359999656677246,9.0600004196167,9.220000267028809,530900,0.0,0.0
2023-09-08 00:00:00-04:00,9.229999542236328,9.279999732971191,9.109999656677246,9.130000114440918,537000,0.0,0.0
2023-09-11 00:00:00-04:00,9.170000076293945,9.199999809265137,8.949999809265137,9.039999961853027,503200,0.0,0.0
2023-09-12 00:00:00-04:00,9.069999694824219,9.15999984741211,8.989999771118164,8.989999771118164,464800,0.0,0.0
2023-09-13 00:00:00-04:00,9.010000228881836,9.140000343322754,8.859999656677246,8.920000076293945,687400,0.0,0.0
2023-09-14 00:00:00-04:00,9.010000228881836,9.029999732971191,8.880000114440918,9.0,461000,0.0,0.0
2023-09-15 00:00:00-04:00,9.0,9.020000457763672,8.75,8.829999923706055,852500,0.0,0.0
2023-09-18 00:00:00-04:00,8.829999923706055,8.899999618530273,8.720000267028809,8.760000228881836,630600,0.0,0.0
2023-09-19 00:00:00-04:00,8.770000457763672,8.899999618530273,8.760000228881836,8.880000114440918,564400,0.0,0.0
2023-09-20 00:00:00-04:00,8.880000114440918,8.90999984741211,8.739999771118164,8.75,653600,0.0,0.0
2023-09-21 00:00:00-04:00,8.699999809265137,8.770000457763672,8.569999694824219,8.600000381469727,753300,0.0,0.0
2023-09-22 00:00:00-04:00,8.600000381469727,8.6899995803833,8.470000267028809,8.479999542236328,1227300,0.0,0.0
2023-09-25 00:00:00-04:00,8.460000038146973,8.539999961853027,8.359999656677246,8.40999984741211,630000,0.0,0.0
2023-09-26 00:00:00-04:00,8.369999885559082,8.520000457763672,8.369999885559082,8.399999618530273,973800,0.0,0.0
2023-09-27 00:00:00-04:00,8.4399995803833,8.550000190734863,8.239999771118164,8.369999885559082,859200,0.0,0.0
2023-09-28 00:00:00-04:00,8.390000343322754,8.569999694824219,8.329999923706055,8.479999542236328,1044400,0.0,0.0
2023-09-29 00:00:00-04:00,8.529999732971191,8.600000381469727,8.420000076293945,8.470000267028809,819800,0.0,0.0
2023-10-02 00:00:00-04:00,8.449999809265137,8.619999885559082,8.380000114440918,8.5600004196167,845200,0.0,0.0
2023-10-03 00:00:00-04:00,8.529999732971191,8.569999694824219,8.229999542236328,8.239999771118164,807500,0.0,0.0
2023-10-04 00:00:00-04:00,8.279999732971191,8.510000228881836,8.170000076293945,8.430000305175781,678700,0.0,0.0
2023-10-05 00:00:00-04:00,8.430000305175781,8.6899995803833,8.430000305175781,8.579999923706055,793100,0.0,0.0
2023-10-06 00:00:00-04:00,8.539999961853027,8.569999694824219,8.3100004196167,8.470000267028809,612300,0.0,0.0
2023-10-09 00:00:00-04:00,8.399999618530273,8.630000114440918,8.319999694824219,8.579999923706055,537700,0.0,0.0
2023-10-10 00:00:00-04:00,8.649999618530273,8.729999542236328,8.359999656677246,8.369999885559082,657600,0.0,0.0
2023-10-11 00:00:00-04:00,8.390000343322754,8.4399995803833,8.180000305175781,8.289999961853027,663000,0.0,0.0
2023-10-12 00:00:00-04:00,8.289999961853027,8.289999961853027,8.119999885559082,8.220000267028809,622500,0.0,0.0
2023-10-13 00:00:00-04:00,8.220000267028809,8.300000190734863,8.140000343322754,8.199999809265137,770300,0.0,0.0
2023-10-16 00:00:00-04:00,8.210000038146973,8.579999923706055,8.180000305175781,8.520000457763672,875600,0.0,0.0
2023-10-17 00:00:00-04:00,8.489999771118164,8.770000457763672,8.489999771118164,8.729999542236328,693000,0.0,0.0
2023-10-18 00:00:00-04:00,8.65999984741211,8.789999961853027,8.640000343322754,8.670000076293945,477500,0.0,0.0
2023-10-19 00:00:00-04:00,8.640000343322754,8.869999885559082,8.600000381469727,8.630000114440918,535300,0.0,0.0
2023-10-20 00:00:00-04:00,8.670000076293945,8.800000190734863,8.5600004196167,8.649999618530273,579300,0.0,0.0
2023-10-23 00:00:00-04:00,8.579999923706055,8.770000457763672,8.520000457763672,8.630000114440918,598800,0.0,0.0
2023-10-24 00:00:00-04:00,8.699999809265137,8.869999885559082,8.59000015258789,8.680000305175781,652900,0.0,0.0
2023-10-25 00:00:00-04:00,8.609999656677246,8.680000305175781,8.5,8.579999923706055,589900,0.0,0.0
2023-10-26 00:00:00-04:00,8.579999923706055,8.710000038146973,8.510000228881836,8.529999732971191,564800,0.0,0.0
2023-10-27 00:00:00-04:00,8.5,8.739999771118164,8.449999809265137,8.520000457763672,510100,0.0,0.0
2023-10-30 00:00:00-04:00,8.600000381469727,8.710000038146973,8.430000305175781,8.649999618530273,634300,0.0,0.0
2023-10-31 00:00:00-04:00,8.880000114440918,8.880000114440918,8.170000076293945,8.619999885559082,946500,0.0,0.0
2023-11-01 00:00:00-04:00,8.65999984741211,8.789999961853027,8.220000267028809,8.430000305175781,863600,0.0,0.0
2023-11-02 00:00:00-04:00,8.479999542236328,8.789999961853027,8.479999542236328,8.779999732971191,694300,0.0,0.0
2023-11-03 00:00:00-04:00,8.90999984741211,9.229999542236328,8.899999618530273,9.170000076293945,724300,0.0,0.0
2023-11-06 00:00:00-05:00,9.079999923706055,9.149999618530273,8.989999771118164,9.050000190734863,390900,0.0,0.0
2023-11-07 00:00:00-05:00,9.029999732971191,9.069999694824219,8.850000381469727,8.890000343322754,418500,0.0,0.0
2023-11-08 00:00:00-05:00,8.920000076293945,8.979999542236328,8.819999694824219,8.859999656677246,384200,0.0,0.0
2023-11-09 00:00:00-05:00,8.920000076293945,8.949999809265137,8.720000267028809,8.739999771118164,438200,0.0,0.0
2023-11-10 00:00:00-05:00,8.75,8.819999694824219,8.640000343322754,8.75,433000,0.0,0.0
2023-11-13 00:00:00-05:00,8.680000305175781,8.789999961853027,8.640000343322754,8.699999809265137,397900,0.0,0.0
2023-11-14 00:00:00-05:00,8.949999809265137,9.289999961853027,8.949999809265137,9.270000457763672,701200,0.0,0.0
2023-11-15 00:00:00-05:00,9.279999732971191,9.890000343322754,9.270000457763672,9.729999542236328,1522000,0.0,0.0
2023-11-16 00:00:00-05:00,9.779999732971191,9.829999923706055,9.619999885559082,9.739999771118164,857300,0.0,0.0
2023-11-17 00:00:00-05:00,9.829999923706055,9.880000114440918,9.630000114440918,9.729999542236328,800300,0.0,0.0
2023-11-20 00:00:00-05:00,9.779999732971191,9.8100004196167,9.539999961853027,9.550000190734863,718800,0.0,0.0
2023-11-21 00:00:00-05:00,9.510000228881836,9.779999732971191,9.4399995803833,9.739999771118164,639100,0.0,0.0
2023-11-22 00:00:00-05:00,9.760000228881836,10.020000457763672,9.720000267028809,9.739999771118164,759200,0.0,0.0
2023-11-24 00:00:00-05:00,9.720000267028809,9.789999961853027,9.609999656677246,9.680000305175781,209400,0.0,0.0
2023-11-27 00:00:00-05:00,9.630000114440918,9.8100004196167,9.5600004196167,9.789999961853027,567600,0.0,0.0
2023-11-28 00:00:00-05:00,9.800000190734863,9.8100004196167,9.510000228881836,9.710000038146973,420900,0.0,0.0
2023-11-29 00:00:00-05:00,9.779999732971191,9.8100004196167,9.529999732971191,9.539999961853027,368800,0.0,0.0
2023-11-30 00:00:00-05:00,9.510000228881836,9.609999656677246,9.369999885559082,9.489999771118164,619000,0.0,0.0
2023-12-01 00:00:00-05:00,9.470000267028809,9.930000305175781,9.420000076293945,9.90999984741211,522100,0.0,0.0
2023-12-04 00:00:00-05:00,9.930000305175781,10.130000114440918,9.899999618530273,9.960000038146973,747000,0.0,0.0
2023-12-05 00:00:00-05:00,9.979999542236328,9.979999542236328,9.770000457763672,9.829999923706055,387900,0.0,0.0
2023-12-06 00:00:00-05:00,9.970000267028809,10.199999809265137,9.949999809265137,9.989999771118164,522600,0.0,0.0
2023-12-07 00:00:00-05:00,10.0,10.279999732971191,9.930000305175781,10.279999732971191,495000,0.0,0.0
2023-12-08 00:00:00-05:00,10.229999542236328,10.3100004196167,10.199999809265137,10.300000190734863,394900,0.0,0.0
2023-12-11 00:00:00-05:00,10.319999694824219,10.529999732971191,10.3100004196167,10.510000228881836,481700,0.0,0.0
2023-12-12 00:00:00-05:00,10.510000228881836,10.59000015258789,10.430000305175781,10.479999542236328,445700,0.0,0.0
2023-12-13 00:00:00-05:00,10.460000038146973,10.789999961853027,10.329999923706055,10.789999961853027,538500,0.0,0.0
2023-12-14 00:00:00-05:00,10.880000114440918,11.020000457763672,10.779999732971191,10.930000305175781,590800,0.0,0.0
2023-12-15 00:00:00-05:00,10.979999542236328,10.979999542236328,10.579999923706055,10.59000015258789,1403700,0.0,0.0
2023-12-18 00:00:00-05:00,10.600000381469727,10.65999984741211,10.380000114440918,10.510000228881836,675700,0.0,0.0
2023-12-19 00:00:00-05:00,10.5600004196167,10.760000228881836,10.5,10.649999618530273,469000,0.0,0.0
2023-12-20 00:00:00-05:00,10.670000076293945,10.75,10.399999618530273,10.399999618530273,396100,0.0,0.0
2023-12-21 00:00:00-05:00,10.520000457763672,10.779999732971191,10.510000228881836,10.680000305175781,442900,0.0,0.0
2023-12-22 00:00:00-05:00,10.710000038146973,10.739999771118164,10.59000015258789,10.670000076293945,351900,0.0,0.0
2023-12-26 00:00:00-05:00,10.680000305175781,10.9399995803833,10.619999885559082,10.930000305175781,346700,0.0,0.0
2023-12-27 00:00:00-05:00,10.970000267028809,10.970000267028809,10.829999923706055,10.90999984741211,344700,0.0,0.0
2023-12-28 00:00:00-05:00,10.850000381469727,10.960000038146973,10.8100004196167,10.859999656677246,365700,0.0,0.0
2023-12-29 00:00:00-05:00,10.859999656677246,11.010000228881836,10.84000015258789,10.880000114440918,379700,0.0,0.0
2024-01-02 00:00:00-05:00,10.789999961853027,10.930000305175781,10.75,10.819999694824219,604600,0.0,0.0
2024-01-03 00:00:00-05:00,10.779999732971191,10.800000190734863,10.390000343322754,10.399999618530273,436500,0.0,0.0
2024-01-04 00:00:00-05:00,10.359999656677246,10.5600004196167,10.300000190734863,10.489999771118164,558500,0.0,0.0
2024-01-05 00:00:00-05:00,10.489999771118164,10.680000305175781,10.390000343322754,10.390000343322754,752800,0.0,0.0
2024-01-08 00:00:00-05:00,10.359999656677246,10.850000381469727,10.300000190734863,10.670000076293945,1146800,0.0,0.0
2024-01-09 00:00:00-05:00,10.520000457763672,10.869999885559082,10.5,10.59000015258789,555200,0.0,0.0
2024-01-10 00:00:00-05:00,10.539999961853027,10.6899995803833,10.510000228881836,10.640000343322754,407500,0.0,0.0
2024-01-11 00:00:00-05:00,10.640000343322754,10.6899995803833,10.470000267028809,10.619999885559082,512800,0.0,0.0
2024-01-12 00:00:00-05:00,10.75,10.869999885559082,10.399999618530273,10.430000305175781,596000,0.0,0.0
2024-01-16 00:00:00-05:00,10.369999885559082,10.4399995803833,10.239999771118164,10.329999923706055,514300,0.0,0.0
2024-01-17 00:00:00-05:00,10.199999809265137,10.470000267028809,10.149999618530273,10.449999809265137,438200,0.0,0.0
2024-01-18 00:00:00-05:00,10.510000228881836,10.800000190734863,10.479999542236328,10.779999732971191,571800,0.0,0.0
2024-01-19 00:00:00-05:00,10.850000381469727,10.850000381469727,10.710000038146973,10.739999771118164,739600,0.0,0.0
2024-01-22 00:00:00-05:00,10.930000305175781,10.989999771118164,10.8100004196167,10.949999809265137,600600,0.0,0.0
2024-01-23 00:00:00-05:00,11.0,11.079999923706055,10.739999771118164,10.800000190734863,408000,0.0,0.0
2024-01-24 00:00:00-05:00,10.880000114440918,10.880000114440918,10.649999618530273,10.729999542236328,361700,0.0,0.0
2024-01-25 00:00:00-05:00,10.90999984741211,10.930000305175781,10.75,10.869999885559082,347600,0.0,0.0
2024-01-26 00:00:00-05:00,10.920000076293945,10.970000267028809,10.739999771118164,10.859999656677246,421300,0.0,0.0
2024-01-29 00:00:00-05:00,10.890000343322754,11.15999984741211,10.8100004196167,11.140000343322754,368600,0.0,0.0
2024-01-30 00:00:00-05:00,11.119999885559082,11.119999885559082,10.859999656677246,10.859999656677246,391200,0.0,0.0
2024-01-31 00:00:00-05:00,10.850000381469727,10.970000267028809,10.609999656677246,10.630000114440918,514500,0.0,0.0
2024-02-01 00:00:00-05:00,10.720000267028809,10.880000114440918,10.359999656677246,10.859999656677246,752000,0.0,0.0
2024-02-02 00:00:00-05:00,10.739999771118164,10.739999771118164,10.470000267028809,10.569999694824219,526600,0.0,0.0
2024-02-05 00:00:00-05:00,10.470000267028809,10.470000267028809,10.15999984741211,10.260000228881836,444700,0.0,0.0
2024-02-06 00:00:00-05:00,10.239999771118164,10.390000343322754,10.050000190734863,10.170000076293945,411400,0.0,0.0
2024-02-07 00:00:00-05:00,10.180000305175781,10.329999923706055,10.020000457763672,10.039999961853027,397100,0.0,0.0
2024-02-08 00:00:00-05:00,10.079999923706055,10.300000190734863,10.039999961853027,10.300000190734863,355700,0.0,0.0
2024-02-09 00:00:00-05:00,10.279999732971191,10.380000114440918,10.1899995803833,10.369999885559082,430000,0.0,0.0
2024-02-12 00:00:00-05:00,10.369999885559082,10.529999732971191,10.3100004196167,10.34000015258789,471100,0.0,0.0
2024-02-13 00:00:00-05:00,10.050000190734863,10.130000114440918,9.859999656677246,9.90999984741211,636300,0.0,0.0
2024-02-14 00:00:00-05:00,9.039999961853027,9.529999732971191,8.869999885559082,9.300000190734863,1255900,0.0,0.0
2024-02-15 00:00:00-05:00,9.319999694824219,9.5600004196167,9.300000190734863,9.470000267028809,588900,0.0,0.0
2024-02-16 00:00:00-05:00,9.369999885559082,9.520000457763672,9.279999732971191,9.319999694824219,589300,0.0,0.0
2024-02-20 00:00:00-05:00,9.25,9.399999618530273,9.119999885559082,9.140000343322754,653000,0.0,0.0
2024-02-21 00:00:00-05:00,9.149999618530273,9.319999694824219,9.010000228881836,9.109999656677246,438700,0.0,0.0
2024-02-22 00:00:00-05:00,9.109999656677246,9.229999542236328,9.050000190734863,9.119999885559082,449300,0.0,0.0
2024-02-23 00:00:00-05:00,9.079999923706055,9.319999694824219,9.039999961853027,9.180000305175781,452600,0.0,0.0
2024-02-26 00:00:00-05:00,9.210000038146973,9.289999961853027,9.140000343322754,9.25,672900,0.0,0.0
2024-02-27 00:00:00-05:00,9.319999694824219,9.399999618530273,9.220000267028809,9.260000228881836,465500,0.0,0.0
2024-02-28 00:00:00-05:00,9.199999809265137,9.369999885559082,9.1899995803833,9.220000267028809,383600,0.0,0.0
2024-02-29 00:00:00-05:00,9.319999694824219,9.350000381469727,9.109999656677246,9.229999542236328,425800,0.0,0.0
2024-03-01 00:00:00-05:00,9.220000267028809,9.34000015258789,9.100000381469727,9.1899995803833,414300,0.0,0.0
2024-03-04 00:00:00-05:00,9.220000267028809,9.399999618530273,9.15999984741211,9.15999984741211,385100,0.0,0.0
2024-03-05 00:00:00-05:00,9.149999618530273,9.260000228881836,9.109999656677246,9.149999618530273,390200,0.0,0.0
2024-03-06 00:00:00-05:00,9.170000076293945,9.319999694824219,9.100000381469727,9.279999732971191,397300,0.0,0.0
2024-03-07 00:00:00-05:00,9.350000381469727,9.390000343322754,9.289999961853027,9.329999923706055,267300,0.0,0.0
2024-03-08 00:00:00-05:00,9.420000076293945,9.529999732971191,9.300000190734863,9.319999694824219,369800,0.0,0.0
2024-03-11 00:00:00-04:00,9.300000190734863,9.359999656677246,9.109999656677246,9.15999984741211,302700,0.0,0.0
2024-03-12 00:00:00-04:00,9.119999885559082,9.300000190734863,9.0600004196167,9.180000305175781,308000,0.0,0.0
2024-03-13 00:00:00-04:00,9.180000305175781,9.270000457763672,8.899999618530273,8.920000076293945,335100,0.0,0.0
2024-03-14 00:00:00-04:00,8.920000076293945,9.0,8.8100004196167,8.930000305175781,379600,0.0,0.0
2024-03-15 00:00:00-04:00,8.859999656677246,9.020000457763672,8.760000228881836,8.920000076293945,558500,0.0,0.0
2024-03-18 00:00:00-04:00,8.920000076293945,8.9399995803833,8.779999732971191,8.800000190734863,312200,0.0,0.0
2024-03-19 00:00:00-04:00,8.8100004196167,9.020000457763672,8.8100004196167,9.0,331400,0.0,0.0
2024-03-20 00:00:00-04:00,9.0,9.149999618530273,8.949999809265137,9.109999656677246,340300,0.0,0.0
2024-03-21 00:00:00-04:00,9.09000015258789,9.109999656677246,8.90999984741211,8.949999809265137,472300,0.0,0.0
2024-03-22 00:00:00-04:00,9.010000228881836,9.039999961853027,8.609999656677246,8.640000343322754,510800,0.0,0.0
2024-03-25 00:00:00-04:00,8.65999984741211,8.720000267028809,8.460000038146973,8.550000190734863,518900,0.0,0.0
2024-03-26 00:00:00-04:00,8.640000343322754,8.779999732971191,8.59000015258789,8.640000343322754,443200,0.0,0.0
2024-03-27 00:00:00-04:00,8.699999809265137,9.0600004196167,8.6899995803833,9.0600004196167,428300,0.0,0.0
2024-03-28 00:00:00-04:00,9.039999961853027,9.25,8.90999984741211,8.960000038146973,388900,0.0,0.0
2024-04-01 00:00:00-04:00,8.960000038146973,9.010000228881836,8.859999656677246,8.920000076293945,398600,0.0,0.0
2024-04-02 00:00:00-04:00,8.8100004196167,8.819999694824219,8.59000015258789,8.770000457763672,503500,0.0,0.0
2024-04-03 00:00:00-04:00,8.779999732971191,8.8100004196167,8.649999618530273,8.720000267028809,455200,0.0,0.0
2024-04-04 00:00:00-04:00,8.75,8.850000381469727,8.460000038146973,8.489999771118164,479700,0.0,0.0
2024-04-05 00:00:00-04:00,8.4399995803833,8.5,8.350000381469727,8.4399995803833,457400,0.0,0.0
2024-04-08 00:00:00-04:00,8.4399995803833,8.8100004196167,8.4399995803833,8.779999732971191,810800,0.0,0.0
2024-04-09 00:00:00-04:00,8.770000457763672,8.829999923706055,8.579999923706055,8.65999984741211,348200,0.0,0.0
2024-04-10 00:00:00-04:00,8.460000038146973,8.539999961853027,8.329999923706055,8.479999542236328,411300,0.0,0.0
2024-04-11 00:00:00-04:00,8.470000267028809,8.510000228881836,8.319999694824219,8.5,444900,0.0,0.0
2024-04-12 00:00:00-04:00,8.479999542236328,8.550000190734863,8.369999885559082,8.40999984741211,543000,0.0,0.0
2024-04-15 00:00:00-04:00,8.390000343322754,8.5,8.180000305175781,8.300000190734863,860500,0.0,0.0
2024-04-16 00:00:00-04:00,8.3100004196167,8.319999694824219,8.180000305175781,8.25,379900,0.0,0.0
2024-04-17 00:00:00-04:00,8.289999961853027,8.350000381469727,8.119999885559082,8.130000114440918,421100,0.0,0.0
2024-04-18 00:00:00-04:00,8.130000114440918,8.130000114440918,8.029999732971191,8.0600004196167,414900,0.0,0.0
2024-04-19 00:00:00-04:00,8.0,8.1899995803833,8.0,8.170000076293945,310000,0.0,0.0
2024-04-22 00:00:00-04:00,8.229999542236328,8.319999694824219,8.119999885559082,8.199999809265137,332700,0.0,0.0
2024-04-23 00:00:00-04:00,8.229999542236328,8.40999984741211,8.229999542236328,8.350000381469727,339200,0.0,0.0
2024-04-24 00:00:00-04:00,8.289999961853027,8.40999984741211,8.229999542236328,8.380000114440918,331400,0.0,0.0
2024-04-25 00:00:00-04:00,8.300000190734863,8.34000015258789,8.220000267028809,8.25,288900,0.0,0.0
2024-04-26 00:00:00-04:00,8.239999771118164,8.399999618530273,8.0600004196167,8.069999694824219,759100,0.0,0.0
2024-04-29 00:00:00-04:00,8.109999656677246,8.260000228881836,8.109999656677246,8.210000038146973,639800,0.0,0.0
2024-04-30 00:00:00-04:00,8.1899995803833,8.229999542236328,8.010000228881836,8.020000457763672,478000,0.0,0.0
2024-05-01 00:00:00-04:00,7.880000114440918,8.130000114440918,7.829999923706055,8.039999961853027,1009700,0.0,0.0
2024-05-02 00:00:00-04:00,8.069999694824219,8.1899995803833,7.949999809265137,8.0600004196167,864500,0.0,0.0
2024-05-03 00:00:00-04:00,8.210000038146973,8.300000190734863,8.09000015258789,8.09000015258789,750300,0.0,0.0
2024-05-06 00:00:00-04:00,8.180000305175781,8.289999961853027,8.069999694824219,8.109999656677246,413200,0.0,0.0
2024-05-07 00:00:00-04:00,8.100000381469727,8.239999771118164,7.989999771118164,7.989999771118164,649900,0.0,0.0
2024-05-08 00:00:00-04:00,7.989999771118164,8.149999618530273,7.929999828338623,8.149999618530273,456500,0.0,0.0
2024-05-09 00:00:00-04:00,8.1899995803833,8.239999771118164,7.980000019073486,7.989999771118164,646900,0.0,0.0
2024-05-10 00:00:00-04:00,8.0600004196167,8.170000076293945,8.029999732971191,8.149999618530273,602300,0.0,0.0
2024-05-13 00:00:00-04:00,8.1899995803833,8.300000190734863,8.039999961853027,8.0600004196167,496900,0.0,0.0
2024-05-14 00:00:00-04:00,8.170000076293945,8.270000457763672,8.050000190734863,8.170000076293945,583700,0.0,0.0
2024-05-15 00:00:00-04:00,8.260000228881836,8.260000228881836,8.069999694824219,8.170000076293945,297400,0.0,0.0
2024-05-16 00:00:00-04:00,8.220000267028809,8.25,8.130000114440918,8.140000343322754,528300,0.0,0.0
2024-05-17 00:00:00-04:00,8.09000015258789,8.100000381469727,7.78000020980835,7.789999961853027,602000,0.0,0.0
2024-05-20 00:00:00-04:00,7.829999923706055,7.840000152587891,7.650000095367432,7.739999771118164,683500,0.0,0.0
2024-05-21 00:00:00-04:00,7.769999980926514,7.78000020980835,7.349999904632568,7.369999885559082,453200,0.0,0.0
2024-05-22 00:00:00-04:00,7.329999923706055,7.449999809265137,7.239999771118164,7.28000020980835,591100,0.0,0.0
2024-05-23 00:00:00-04:00,7.25,7.340000152587891,7.099999904632568,7.150000095367432,693300,0.0,0.0
2024-05-24 00:00:00-04:00,7.199999809265137,7.25,7.039999961853027,7.059999942779541,571800,0.0,0.0
2024-05-28 00:00:00-04:00,7.059999942779541,7.170000076293945,6.980000019073486,7.0,517700,0.0,0.0
2024-05-29 00:00:00-04:00,6.929999828338623,6.949999809265137,6.769999980926514,6.820000171661377,480600,0.0,0.0
2024-05-30 00:00:00-04:00,6.900000095367432,6.989999771118164,6.840000152587891,6.960000038146973,629400,0.0,0.0
2024-05-31 00:00:00-04:00,7.039999961853027,7.309999942779541,7.010000228881836,7.300000190734863,783500,0.0,0.0
2024-06-03 00:00:00-04:00,7.320000171661377,7.510000228881836,7.269999980926514,7.489999771118164,512100,0.0,0.0
2024-06-04 00:00:00-04:00,7.440000057220459,7.460000038146973,7.269999980926514,7.309999942779541,414200,0.0,0.0
2024-06-05 00:00:00-04:00,7.340000152587891,7.380000114440918,7.210000038146973,7.25,473300,0.0,0.0
2024-06-06 00:00:00-04:00,7.199999809265137,7.28000020980835,7.119999885559082,7.159999847412109,351800,0.0,0.0
2024-06-07 00:00:00-04:00,7.070000171661377,7.150000095367432,6.920000076293945,6.940000057220459,430600,0.0,0.0
2024-06-10 00:00:00-04:00,6.900000095367432,6.900000095367432,6.670000076293945,6.75,560100,0.0,0.0
2024-06-11 00:00:00-04:00,6.699999809265137,6.730000019073486,6.550000190734863,6.599999904632568,597900,0.0,0.0
2024-06-12 00:00:00-04:00,6.769999980926514,6.929999828338623,6.619999885559082,6.619999885559082,505700,0.0,0.0
2024-06-13 00:00:00-04:00,6.590000152587891,6.710000038146973,6.539999961853027,6.579999923706055,815000,0.0,0.0
2024-06-14 00:00:00-04:00,6.550000190734863,6.579999923706055,6.460000038146973,6.519999980926514,1361600,0.0,0.0
2024-06-17 00:00:00-04:00,6.460000038146973,6.670000076293945,6.329999923706055,6.639999866485596,1642300,0.0,0.0
2024-06-18 00:00:00-04:00,6.650000095367432,6.690000057220459,6.409999847412109,6.429999828338623,975500,0.0,0.0
2024-06-20 00:00:00-04:00,6.559999942779541,7.199999809265137,6.519999980926514,7.119999885559082,1002400,0.0,0.0
2024-06-21 00:00:00-04:00,7.119999885559082,7.28000020980835,7.03000020980835,7.059999942779541,1147400,0.0,0.0
2024-06-24 00:00:00-04:00,7.050000190734863,7.199999809265137,6.989999771118164,7.110000133514404,614700,0.0,0.0
2024-06-25 00:00:00-04:00,7.079999923706055,7.179999828338623,6.920000076293945,6.920000076293945,522600,0.0,0.0
2024-06-26 00:00:00-04:00,6.869999885559082,6.96999979019165,6.769999980926514,6.900000095367432,662800,0.0,0.0
2024-06-27 00:00:00-04:00,6.920000076293945,7.079999923706055,6.860000133514404,7.059999942779541,398400,0.0,0.0
2024-06-28 00:00:00-04:00,7.070000171661377,7.170000076293945,7.03000020980835,7.099999904632568,1370700,0.0,0.0
2024-07-01 00:00:00-04:00,7.119999885559082,7.199999809265137,6.539999961853027,6.679999828338623,611200,0.0,0.0
2024-07-02 00:00:00-04:00,6.739999771118164,6.860000133514404,6.730000019073486,6.769999980926514,562700,0.0,0.0
2024-07-03 00:00:00-04:00,6.760000228881836,6.769999980926514,6.460000038146973,6.46999979019165,456500,0.0,0.0
2024-07-05 00:00:00-04:00,6.46999979019165,6.550000190734863,6.440000057220459,6.53000020980835,661000,0.0,0.0
2024-07-08 00:00:00-04:00,6.599999904632568,6.739999771118164,6.559999942779541,6.590000152587891,485900,0.0,0.0
2024-07-09 00:00:00-04:00,6.599999904632568,6.679999828338623,6.460000038146973,6.489999771118164,624100,0.0,0.0
2024-07-10 00:00:00-04:00,6.489999771118164,6.559999942779541,6.409999847412109,6.53000020980835,399800,0.0,0.0
2024-07-11 00:00:00-04:00,6.619999885559082,7.070000171661377,6.590000152587891,6.940000057220459,550700,0.0,0.0
2024-07-12 00:00:00-04:00,7.019999980926514,7.21999979019165,6.940000057220459,7.150000095367432,496200,0.0,0.0
2024-07-15 00:00:00-04:00,7.199999809265137,7.329999923706055,7.099999904632568,7.139999866485596,604000,0.0,0.0
2024-07-16 00:00:00-04:00,7.139999866485596,7.53000020980835,7.139999866485596,7.510000228881836,595200,0.0,0.0
2024-07-17 00:00:00-04:00,7.420000076293945,7.619999885559082,7.420000076293945,7.53000020980835,434400,0.0,0.0
2024-07-18 00:00:00-04:00,7.440000057220459,7.619999885559082,7.239999771118164,7.25,892000,0.0,0.0
2024-07-19 00:00:00-04:00,7.289999961853027,7.289999961853027,7.099999904632568,7.210000038146973,526800,0.0,0.0
2024-07-22 00:00:00-04:00,7.28000020980835,7.570000171661377,7.150000095367432,7.53000020980835,685400,0.0,0.0
2024-07-23 00:00:00-04:00,7.46999979019165,7.630000114440918,7.400000095367432,7.409999847412109,454200,0.0,0.0
2024-07-24 00:00:00-04:00,7.409999847412109,7.409999847412109,7.039999961853027,7.070000171661377,402400,0.0,0.0
2024-07-25 00:00:00-04:00,7.119999885559082,7.440000057220459,7.090000152587891,7.360000133514404,545900,0.0,0.0
2024-07-26 00:00:00-04:00,7.420000076293945,7.570000171661377,7.289999961853027,7.449999809265137,735800,0.0,0.0
2024-07-29 00:00:00-04:00,7.489999771118164,7.550000190734863,7.360000133514404,7.480000019073486,560100,0.0,0.0
2024-07-30 00:00:00-04:00,7.539999961853027,7.699999809265137,7.460000038146973,7.650000095367432,889100,0.0,0.0
2024-07-31 00:00:00-04:00,7.099999904632568,7.610000133514404,6.789999961853027,7.360000133514404,1293000,0.0,0.0
2024-08-01 00:00:00-04:00,7.329999923706055,7.409999847412109,6.96999979019165,7.0,1000400,0.0,0.0
2024-08-02 00:00:00-04:00,6.829999923706055,6.880000114440918,6.480000019073486,6.579999923706055,665000,0.0,0.0
2024-08-05 00:00:00-04:00,6.269999980926514,6.349999904632568,6.03000020980835,6.079999923706055,1009600,0.0,0.0
2024-08-06 00:00:00-04:00,6.079999923706055,6.25,6.010000228881836,6.019999980926514,972300,0.0,0.0
2024-08-07 00:00:00-04:00,6.139999866485596,6.170000076293945,5.809999942779541,5.840000152587891,916000,0.0,0.0
2024-08-08 00:00:00-04:00,5.920000076293945,6.039999961853027,5.739999771118164,5.789999961853027,738500,0.0,0.0
2024-08-09 00:00:00-04:00,5.820000171661377,5.880000114440918,5.730000019073486,5.809999942779541,935900,0.0,0.0
2024-08-12 00:00:00-04:00,5.820000171661377,5.849999904632568,5.590000152587891,5.630000114440918,757100,0.0,0.0
2024-08-13 00:00:00-04:00,5.699999809265137,5.909999847412109,5.670000076293945,5.849999904632568,921200,0.0,0.0
2024-08-14 00:00:00-04:00,5.900000095367432,5.900000095367432,5.710000038146973,5.809999942779541,665500,0.0,0.0
2024-08-15 00:00:00-04:00,5.96999979019165,6.25,5.929999828338623,6.150000095367432,830500,0.0,0.0
2024-08-16 00:00:00-04:00,6.130000114440918,6.179999828338623,6.079999923706055,6.150000095367432,701600,0.0,0.0
2024-08-19 00:00:00-04:00,6.179999828338623,6.320000171661377,6.179999828338623,6.289999961853027,362200,0.0,0.0
2024-08-20 00:00:00-04:00,6.260000228881836,6.289999961853027,6.139999866485596,6.159999847412109,275900,0.0,0.0
2024-08-21 00:00:00-04:00,6.170000076293945,6.329999923706055,6.139999866485596,6.289999961853027,334500,0.0,0.0
2024-08-22 00:00:00-04:00,6.260000228881836,6.260000228881836,6.070000171661377,6.079999923706055,301800,0.0,0.0
2024-08-23 00:00:00-04:00,6.110000133514404,6.360000133514404,6.110000133514404,6.25,409300,0.0,0.0
2024-08-26 00:00:00-04:00,6.269999980926514,6.369999885559082,6.230000019073486,6.269999980926514,545700,0.0,0.0
2024-08-27 00:00:00-04:00,6.25,6.309999942779541,6.139999866485596,6.289999961853027,344500,0.0,0.0
2024-08-28 00:00:00-04:00,6.269999980926514,6.28000020980835,6.170000076293945,6.269999980926514,296300,0.0,0.0
2024-08-29 00:00:00-04:00,6.28000020980835,6.670000076293945,6.269999980926514,6.599999904632568,913900,0.0,0.0
2024-08-30 00:00:00-04:00,6.599999904632568,6.639999866485596,6.369999885559082,6.539999961853027,598700,0.0,0.0
2024-09-03 00:00:00-04:00,6.449999809265137,6.539999961853027,6.139999866485596,6.150000095367432,570100,0.0,0.0
2024-09-04 00:00:00-04:00,6.119999885559082,6.300000190734863,6.119999885559082,6.199999809265137,406000,0.0,0.0
2024-09-05 00:00:00-04:00,6.21999979019165,6.230000019073486,5.989999771118164,6.070000171661377,375100,0.0,0.0
2024-09-06 00:00:00-04:00,6.099999904632568,6.150000095367432,6.010000228881836,6.039999961853027,404200,0.0,0.0
2024-09-09 00:00:00-04:00,6.019999980926514,6.050000190734863,5.829999923706055,5.880000114440918,545300,0.0,0.0
2024-09-10 00:00:00-04:00,5.869999885559082,5.909999847412109,5.78000020980835,5.849999904632568,324400,0.0,0.0
2024-09-11 00:00:00-04:00,5.860000133514404,5.869999885559082,5.639999866485596,5.840000152587891,623400,0.0,0.0
2024-09-12 00:00:00-04:00,5.889999866485596,5.920000076293945,5.760000228881836,5.860000133514404,614000,0.0,0.0
2024-09-13 00:00:00-04:00,5.909999847412109,6.380000114440918,5.849999904632568,6.369999885559082,1144600,0.0,0.0
2024-09-16 00:00:00-04:00,6.329999923706055,6.539999961853027,6.230000019073486,6.519999980926514,843100,0.0,0.0
2024-09-17 00:00:00-04:00,6.619999885559082,6.710000038146973,6.550000190734863,6.610000133514404,666900,0.0,0.0
2024-09-18 00:00:00-04:00,6.619999885559082,6.849999904632568,6.53000020980835,6.679999828338623,512900,0.0,0.0
2024-09-19 00:00:00-04:00,6.940000057220459,6.960000038146973,6.78000020980835,6.849999904632568,512200,0.0,0.0
2024-09-20 00:00:00-04:00,6.820000171661377,6.829999923706055,6.539999961853027,6.550000190734863,850900,0.0,0.0
2024-09-23 00:00:00-04:00,6.550000190734863,6.659999847412109,6.429999828338623,6.519999980926514,391500,0.0,0.0
2024-09-24 00:00:00-04:00,6.519999980926514,6.619999885559082,6.440000057220459,6.460000038146973,392500,0.0,0.0
2024-09-25 00:00:00-04:00,6.46999979019165,6.489999771118164,6.400000095367432,6.449999809265137,337800,0.0,0.0
2024-09-26 00:00:00-04:00,6.590000152587891,6.78000020980835,6.550000190734863,6.670000076293945,502700,0.0,0.0
2024-09-27 00:00:00-04:00,6.739999771118164,6.820000171661377,6.619999885559082,6.650000095367432,339800,0.0,0.0
2024-09-30 00:00:00-04:00,6.639999866485596,6.699999809265137,6.409999847412109,6.449999809265137,399300,0.0,0.0
2024-10-01 00:00:00-04:00,6.460000038146973,6.78000020980835,6.460000038146973,6.579999923706055,673000,0.0,0.0
2024-10-02 00:00:00-04:00,6.5,6.559999942779541,6.389999866485596,6.400000095367432,700300,0.0,0.0
2024-10-03 00:00:00-04:00,6.329999923706055,6.440000057220459,6.190000057220459,6.190000057220459,546600,0.0,0.0
2024-10-04 00:00:00-04:00,6.349999904632568,6.53000020980835,6.329999923706055,6.400000095367432,490500,0.0,0.0
2024-10-07 00:00:00-04:00,6.389999866485596,6.389999866485596,6.059999942779541,6.179999828338623,463300,0.0,0.0
2024-10-08 00:00:00-04:00,6.190000057220459,6.21999979019165,6.039999961853027,6.050000190734863,298800,0.0,0.0
2024-10-09 00:00:00-04:00,6.050000190734863,6.159999847412109,6.0,6.0,352500,0.0,0.0
2024-10-10 00:00:00-04:00,5.960000038146973,6.039999961853027,5.889999866485596,6.03000020980835,490300,0.0,0.0
2024-10-11 00:00:00-04:00,6.039999961853027,6.369999885559082,6.03000020980835,6.340000152587891,553100,0.0,0.0
2024-10-14 00:00:00-04:00,6.329999923706055,6.420000076293945,6.179999828338623,6.340000152587891,529100,0.0,0.0
2024-10-15 00:00:00-04:00,6.300000190734863,6.539999961853027,6.210000038146973,6.46999979019165,840400,0.0,0.0
2024-10-16 00:00:00-04:00,6.539999961853027,6.730000019073486,6.5,6.710000038146973,439500,0.0,0.0
2024-10-17 00:00:00-04:00,6.679999828338623,6.710000038146973,6.599999904632568,6.690000057220459,390200,0.0,0.0
2024-10-18 00:00:00-04:00,6.71999979019165,6.71999979019165,6.570000171661377,6.650000095367432,378900,0.0,0.0
2024-10-21 00:00:00-04:00,6.650000095367432,6.659999847412109,6.460000038146973,6.639999866485596,669600,0.0,0.0
2024-10-22 00:00:00-04:00,6.309999942779541,6.309999942779541,5.369999885559082,5.46999979019165,2561600,0.0,0.0
2024-10-23 00:00:00-04:00,5.409999847412109,5.929999828338623,5.400000095367432,5.5,1696700,0.0,0.0
2024-10-24 00:00:00-04:00,5.550000190734863,6.260000228881836,5.510000228881836,6.260000228881836,1228900,0.0,0.0
2024-10-25 00:00:00-04:00,6.510000228881836,6.760000228881836,6.389999866485596,6.559999942779541,1040500,0.0,0.0
2024-10-28 00:00:00-04:00,6.550000190734863,6.739999771118164,6.53000020980835,6.699999809265137,636700,0.0,0.0
2024-10-29 00:00:00-04:00,6.679999828338623,6.849999904632568,6.590000152587891,6.610000133514404,484300,0.0,0.0
2024-10-30 00:00:00-04:00,6.559999942779541,6.800000190734863,6.539999961853027,6.619999885559082,453800,0.0,0.0
2024-10-31 00:00:00-04:00,6.599999904632568,6.679999828338623,6.409999847412109,6.409999847412109,498600,0.0,0.0
2024-11-01 00:00:00-04:00,6.489999771118164,6.590000152587891,6.449999809265137,6.510000228881836,444100,0.0,0.0
