Date,Open,High,Low,Close,Volume,Dividends,Stock Splits
2020-06-04 00:00:00-04:00,40.0,42.0,32.099998474121094,34.0,24801800,0.0,0.0
2020-06-05 00:00:00-04:00,36.5,40.0,34.599998474121094,38.88999938964844,9110700,0.0,0.0
2020-06-08 00:00:00-04:00,41.900001525878906,47.900001525878906,40.65999984741211,44.689998626708984,9020300,0.0,0.0
2020-06-09 00:00:00-04:00,46.93000030517578,51.75,44.70000076293945,50.0,9200600,0.0,0.0
2020-06-10 00:00:00-04:00,59.220001220703125,64.4000015258789,50.06999969482422,50.29999923706055,18098700,0.0,0.0
2020-06-11 00:00:00-04:00,48.09000015258789,49.81999969482422,44.5,49.5,10137800,0.0,0.0
2020-06-12 00:00:00-04:00,54.720001220703125,55.650001525878906,48.95000076293945,51.220001220703125,5284200,0.0,0.0
2020-06-15 00:00:00-04:00,49.849998474121094,51.20000076293945,48.75,49.970001220703125,2744100,0.0,0.0
2020-06-16 00:00:00-04:00,52.0,52.400001525878906,46.93000030517578,48.38999938964844,4031900,0.0,0.0
2020-06-17 00:00:00-04:00,48.5,48.5,43.25,43.5099983215332,4158100,0.0,0.0
2020-06-18 00:00:00-04:00,44.0,46.900001525878906,43.77000045776367,45.75,2816600,0.0,0.0
2020-06-19 00:00:00-04:00,47.20000076293945,47.310001373291016,43.790000915527344,45.369998931884766,2366100,0.0,0.0
2020-06-22 00:00:00-04:00,45.25,50.5,44.0,49.40999984741211,4158900,0.0,0.0
2020-06-23 00:00:00-04:00,50.95000076293945,51.75,49.02000045776367,49.68000030517578,2604600,0.0,0.0
2020-06-24 00:00:00-04:00,49.25,51.68000030517578,47.220001220703125,50.97999954223633,2461200,0.0,0.0
2020-06-25 00:00:00-04:00,50.90999984741211,54.599998474121094,49.70000076293945,53.189998626708984,2843600,0.0,0.0
2020-06-26 00:00:00-04:00,53.9900016784668,55.0,50.220001220703125,51.56999969482422,2546200,0.0,0.0
2020-06-29 00:00:00-04:00,51.5099983215332,51.98899841308594,47.0,50.720001220703125,2386800,0.0,0.0
2020-06-30 00:00:00-04:00,51.22999954223633,51.400001525878906,48.470001220703125,51.029998779296875,1729400,0.0,0.0
2020-07-01 00:00:00-04:00,50.810001373291016,50.81999969482422,48.20000076293945,48.400001525878906,1652300,0.0,0.0
2020-07-02 00:00:00-04:00,49.47999954223633,49.529998779296875,44.779998779296875,45.04999923706055,4063600,0.0,0.0
2020-07-06 00:00:00-04:00,46.0,47.650001525878906,44.5,45.9900016784668,2462200,0.0,0.0
2020-07-07 00:00:00-04:00,45.5,46.08000183105469,44.90999984741211,45.13999938964844,837100,0.0,0.0
2020-07-08 00:00:00-04:00,45.5,45.525001525878906,43.75,44.2599983215332,1396100,0.0,0.0
2020-07-09 00:00:00-04:00,44.88999938964844,44.900001525878906,42.130001068115234,44.689998626708984,2432800,0.0,0.0
2020-07-10 00:00:00-04:00,44.040000915527344,44.599998474121094,43.0,43.709999084472656,1053600,0.0,0.0
2020-07-13 00:00:00-04:00,44.0,44.04999923706055,39.06999969482422,40.33000183105469,3214900,0.0,0.0
2020-07-14 00:00:00-04:00,39.9900016784668,40.95000076293945,38.79999923706055,39.9900016784668,1750600,0.0,0.0
2020-07-15 00:00:00-04:00,40.0,41.150001525878906,38.88999938964844,39.849998474121094,1112400,0.0,0.0
2020-07-16 00:00:00-04:00,39.54999923706055,40.5,38.20000076293945,40.380001068115234,1433200,0.0,0.0
2020-07-17 00:00:00-04:00,41.0,41.41999816894531,38.400001525878906,41.15999984741211,1773200,0.0,0.0
2020-07-20 00:00:00-04:00,40.7599983215332,42.88999938964844,39.58000183105469,42.47999954223633,2056400,0.0,0.0
2020-07-21 00:00:00-04:00,43.720001220703125,43.7400016784668,41.79999923706055,42.900001525878906,1608700,0.0,0.0
2020-07-22 00:00:00-04:00,42.439998626708984,42.99800109863281,40.7400016784668,41.65999984741211,1031600,0.0,0.0
2020-07-23 00:00:00-04:00,41.7400016784668,42.36000061035156,40.040000915527344,40.86000061035156,749700,0.0,0.0
2020-07-24 00:00:00-04:00,39.7400016784668,40.474998474121094,38.31999969482422,39.59000015258789,1243500,0.0,0.0
2020-07-27 00:00:00-04:00,39.95000076293945,41.22999954223633,39.79999923706055,41.15999984741211,759000,0.0,0.0
2020-07-28 00:00:00-04:00,40.880001068115234,43.0,40.21500015258789,41.560001373291016,990000,0.0,0.0
2020-07-29 00:00:00-04:00,42.0099983215332,42.20000076293945,39.599998474121094,40.529998779296875,879500,0.0,0.0
2020-07-30 00:00:00-04:00,40.040000915527344,40.97999954223633,40.0,40.47999954223633,484000,0.0,0.0
2020-07-31 00:00:00-04:00,40.65999984741211,40.88999938964844,39.34000015258789,40.869998931884766,685300,0.0,0.0
2020-08-03 00:00:00-04:00,41.0,45.65999984741211,40.849998474121094,45.08000183105469,2690400,0.0,0.0
2020-08-04 00:00:00-04:00,45.0,45.45000076293945,42.66999816894531,44.150001525878906,1150000,0.0,0.0
2020-08-05 00:00:00-04:00,44.79999923706055,47.38999938964844,44.33000183105469,46.369998931884766,1857600,0.0,0.0
2020-08-06 00:00:00-04:00,47.0,48.38999938964844,46.369998931884766,47.439998626708984,1370100,0.0,0.0
2020-08-07 00:00:00-04:00,47.11000061035156,47.11000061035156,43.52000045776367,46.099998474121094,1862100,0.0,0.0
2020-08-10 00:00:00-04:00,46.439998626708984,47.9900016784668,42.61000061035156,43.20000076293945,2194800,0.0,0.0
2020-08-11 00:00:00-04:00,40.06999969482422,40.597999572753906,36.900001525878906,39.0099983215332,7081400,0.0,0.0
2020-08-12 00:00:00-04:00,39.790000915527344,40.0,37.900001525878906,38.529998779296875,1699100,0.0,0.0
2020-08-13 00:00:00-04:00,39.599998474121094,40.58000183105469,38.619998931884766,39.709999084472656,1548600,0.0,0.0
2020-08-14 00:00:00-04:00,39.91999816894531,40.20000076293945,38.604000091552734,38.880001068115234,1331000,0.0,0.0
2020-08-17 00:00:00-04:00,39.40999984741211,40.72999954223633,38.599998474121094,39.599998474121094,1403500,0.0,0.0
2020-08-18 00:00:00-04:00,38.209999084472656,38.900001525878906,37.150001525878906,38.11000061035156,2073200,0.0,0.0
2020-08-19 00:00:00-04:00,37.880001068115234,38.560001373291016,36.66999816894531,37.91999816894531,2752200,0.0,0.0
2020-08-20 00:00:00-04:00,37.9900016784668,39.099998474121094,36.91999816894531,38.029998779296875,7912100,0.0,0.0
2020-08-21 00:00:00-04:00,37.77000045776367,38.400001525878906,36.66999816894531,36.83000183105469,2434400,0.0,0.0
2020-08-24 00:00:00-04:00,36.689998626708984,37.935001373291016,35.279998779296875,37.040000915527344,2458800,0.0,0.0
2020-08-25 00:00:00-04:00,36.560001373291016,37.20000076293945,36.29999923706055,36.79999923706055,994300,0.0,0.0
2020-08-26 00:00:00-04:00,36.70000076293945,39.13999938964844,36.52000045776367,38.04999923706055,2491100,0.0,0.0
2020-08-27 00:00:00-04:00,38.79999923706055,38.869998931884766,36.029998779296875,37.029998779296875,2146300,0.0,0.0
2020-08-28 00:00:00-04:00,37.0099983215332,37.70000076293945,36.77000045776367,37.209999084472656,1035400,0.0,0.0
2020-08-31 00:00:00-04:00,37.349998474121094,39.720001220703125,37.29999923706055,38.81999969482422,2854400,0.0,0.0
2020-09-01 00:00:00-04:00,39.70000076293945,39.75,37.54999923706055,38.41999816894531,2207700,0.0,0.0
2020-09-02 00:00:00-04:00,38.400001525878906,38.400001525878906,37.20000076293945,38.11000061035156,1040900,0.0,0.0
2020-09-03 00:00:00-04:00,37.40999984741211,37.7400016784668,33.52000045776367,33.90999984741211,4439500,0.0,0.0
2020-09-04 00:00:00-04:00,33.34000015258789,34.4900016784668,31.309999465942383,32.61000061035156,3143500,0.0,0.0
2020-09-08 00:00:00-04:00,31.639999389648438,33.900001525878906,31.402000427246094,32.58000183105469,1927800,0.0,0.0
2020-09-09 00:00:00-04:00,33.02000045776367,33.70000076293945,32.02000045776367,32.9900016784668,1827400,0.0,0.0
2020-09-10 00:00:00-04:00,33.150001525878906,33.70000076293945,32.220001220703125,32.65999984741211,1411600,0.0,0.0
2020-09-11 00:00:00-04:00,33.0,33.33000183105469,31.3799991607666,31.989999771118164,1692600,0.0,0.0
2020-09-14 00:00:00-04:00,33.290000915527344,33.84000015258789,32.529998779296875,32.9900016784668,1396900,0.0,0.0
2020-09-15 00:00:00-04:00,33.27000045776367,33.470001220703125,31.899999618530273,32.61000061035156,1517500,0.0,0.0
2020-09-16 00:00:00-04:00,32.150001525878906,32.61000061035156,30.829999923706055,31.110000610351562,2148700,0.0,0.0
2020-09-17 00:00:00-04:00,31.399999618530273,33.5,31.110000610351562,32.2599983215332,3532400,0.0,0.0
2020-09-18 00:00:00-04:00,32.5099983215332,33.56999969482422,31.829999923706055,32.34000015258789,4894400,0.0,0.0
2020-09-21 00:00:00-04:00,31.5,33.65999984741211,31.360000610351562,32.880001068115234,1884800,0.0,0.0
2020-09-22 00:00:00-04:00,33.36000061035156,35.11000061035156,33.029998779296875,34.41999816894531,2659400,0.0,0.0
2020-09-23 00:00:00-04:00,36.27000045776367,36.900001525878906,35.150001525878906,35.599998474121094,4391000,0.0,0.0
2020-09-24 00:00:00-04:00,36.38999938964844,36.459999084472656,34.20000076293945,34.72999954223633,2703200,0.0,0.0
2020-09-25 00:00:00-04:00,34.34000015258789,40.130001068115234,34.34000015258789,39.209999084472656,5167100,0.0,0.0
2020-09-28 00:00:00-04:00,39.79999923706055,39.88100051879883,37.43000030517578,38.84000015258789,2077800,0.0,0.0
2020-09-29 00:00:00-04:00,38.63999938964844,42.41999816894531,38.54999923706055,41.599998474121094,3067900,0.0,0.0
2020-09-30 00:00:00-04:00,41.06999969482422,44.619998931884766,40.29999923706055,42.9900016784668,2944200,0.0,0.0
2020-10-01 00:00:00-04:00,43.119998931884766,44.130001068115234,42.25,43.33000183105469,1722800,0.0,0.0
2020-10-02 00:00:00-04:00,41.70000076293945,43.31999969482422,41.25,42.060001373291016,1264100,0.0,0.0
2020-10-05 00:00:00-04:00,41.970001220703125,44.0,41.47999954223633,43.9900016784668,1425000,0.0,0.0
2020-10-06 00:00:00-04:00,44.0,46.20000076293945,43.56999969482422,43.70000076293945,1863600,0.0,0.0
2020-10-07 00:00:00-04:00,44.369998931884766,46.07500076293945,43.91999816894531,45.209999084472656,1581300,0.0,0.0
2020-10-08 00:00:00-04:00,45.939998626708984,45.959999084472656,43.25,43.279998779296875,1201100,0.0,0.0
2020-10-09 00:00:00-04:00,43.79999923706055,44.388999938964844,41.93000030517578,42.279998779296875,1382500,0.0,0.0
2020-10-12 00:00:00-04:00,42.70000076293945,43.79999923706055,41.38999938964844,41.529998779296875,1032700,0.0,0.0
2020-10-13 00:00:00-04:00,41.400001525878906,43.150001525878906,40.560001373291016,42.7599983215332,1536300,0.0,0.0
2020-10-14 00:00:00-04:00,43.130001068115234,44.310001373291016,41.540000915527344,41.86000061035156,1016100,0.0,0.0
2020-10-15 00:00:00-04:00,41.119998931884766,43.119998931884766,40.84000015258789,42.77000045776367,879700,0.0,0.0
2020-10-16 00:00:00-04:00,43.220001220703125,43.459999084472656,41.7599983215332,42.630001068115234,572300,0.0,0.0
2020-10-19 00:00:00-04:00,42.880001068115234,46.04999923706055,42.349998474121094,44.15999984741211,1592600,0.0,0.0
2020-10-20 00:00:00-04:00,44.29999923706055,44.81999969482422,43.33000183105469,44.209999084472656,934500,0.0,0.0
2020-10-21 00:00:00-04:00,44.54999923706055,47.70000076293945,44.099998474121094,46.29999923706055,2336300,0.0,0.0
2020-10-22 00:00:00-04:00,45.7599983215332,46.2599983215332,42.54999923706055,42.75,2271500,0.0,0.0
2020-10-23 00:00:00-04:00,43.0,44.31999969482422,40.779998779296875,43.16999816894531,1498300,0.0,0.0
2020-10-26 00:00:00-04:00,42.529998779296875,42.720001220703125,39.79399871826172,41.290000915527344,1308700,0.0,0.0
2020-10-27 00:00:00-04:00,41.5099983215332,43.71500015258789,41.165000915527344,43.060001373291016,899500,0.0,0.0
2020-10-28 00:00:00-04:00,41.40999984741211,42.16999816894531,39.52199935913086,40.529998779296875,1491900,0.0,0.0
2020-10-29 00:00:00-04:00,41.029998779296875,41.4900016784668,39.79999923706055,40.279998779296875,796000,0.0,0.0
2020-10-30 00:00:00-04:00,39.617000579833984,40.45000076293945,35.5,37.9900016784668,3034800,0.0,0.0
2020-11-02 00:00:00-05:00,38.28499984741211,39.529998779296875,36.43000030517578,36.95000076293945,990200,0.0,0.0
2020-11-03 00:00:00-05:00,37.09000015258789,38.150001525878906,36.869998931884766,37.619998931884766,816300,0.0,0.0
2020-11-04 00:00:00-05:00,38.41999816894531,40.34000015258789,38.29999923706055,38.91999816894531,1234400,0.0,0.0
2020-11-05 00:00:00-05:00,41.209999084472656,42.59000015258789,40.52000045776367,41.11000061035156,1530000,0.0,0.0
2020-11-06 00:00:00-05:00,40.95000076293945,42.38999938964844,39.58000183105469,41.66999816894531,1453600,0.0,0.0
2020-11-09 00:00:00-05:00,39.810001373291016,41.4900016784668,37.310001373291016,37.33000183105469,2773800,0.0,0.0
2020-11-10 00:00:00-05:00,40.5,41.439998626708984,37.0,40.099998474121094,4046900,0.0,0.0
2020-11-11 00:00:00-05:00,40.099998474121094,41.86000061035156,39.150001525878906,41.15999984741211,2162400,0.0,0.0
2020-11-12 00:00:00-05:00,41.0,43.599998474121094,40.689998626708984,43.08000183105469,1827700,0.0,0.0
2020-11-13 00:00:00-05:00,43.470001220703125,44.279998779296875,41.224998474121094,42.2400016784668,1585400,0.0,0.0
2020-11-16 00:00:00-05:00,41.290000915527344,43.380001068115234,40.709999084472656,41.61000061035156,911700,0.0,0.0
2020-11-17 00:00:00-05:00,41.130001068115234,42.099998474121094,40.41999816894531,40.75,859300,0.0,0.0
2020-11-18 00:00:00-05:00,40.5,41.150001525878906,39.130001068115234,39.59000015258789,1454600,0.0,0.0
2020-11-19 00:00:00-05:00,40.779998779296875,43.2400016784668,39.900001525878906,42.68000030517578,2112000,0.0,0.0
2020-11-20 00:00:00-05:00,43.34000015258789,45.130001068115234,42.779998779296875,43.59000015258789,1759200,0.0,0.0
2020-11-23 00:00:00-05:00,43.849998474121094,44.869998931884766,42.61000061035156,44.650001525878906,1366900,0.0,0.0
2020-11-24 00:00:00-05:00,44.5,47.290000915527344,44.13999938964844,46.75,2415600,0.0,0.0
2020-11-25 00:00:00-05:00,45.279998779296875,47.279998779296875,44.38999938964844,47.099998474121094,3136300,0.0,0.0
2020-11-27 00:00:00-05:00,48.099998474121094,52.20000076293945,47.619998931884766,48.779998779296875,2726800,0.0,0.0
2020-11-30 00:00:00-05:00,48.459999084472656,51.25,47.029998779296875,51.25,4834200,0.0,0.0
2020-12-01 00:00:00-05:00,51.5,53.08000183105469,45.2599983215332,47.93000030517578,4941000,0.0,0.0
2020-12-02 00:00:00-05:00,44.290000915527344,44.720001220703125,42.849998474121094,43.0099983215332,7905200,0.0,0.0
2020-12-03 00:00:00-05:00,43.36000061035156,45.95000076293945,43.316001892089844,45.560001373291016,4914300,0.0,0.0
2020-12-04 00:00:00-05:00,45.95000076293945,46.81999969482422,45.099998474121094,46.11000061035156,2684400,0.0,0.0
2020-12-07 00:00:00-05:00,46.439998626708984,46.619998931884766,42.279998779296875,43.79999923706055,5545600,0.0,0.0
2020-12-08 00:00:00-05:00,43.88999938964844,44.470001220703125,41.54999923706055,41.779998779296875,3647900,0.0,0.0
2020-12-09 00:00:00-05:00,42.650001525878906,42.79999923706055,39.810001373291016,40.400001525878906,2673300,0.0,0.0
2020-12-10 00:00:00-05:00,40.0,41.42499923706055,39.75,40.90999984741211,2114600,0.0,0.0
2020-12-11 00:00:00-05:00,41.900001525878906,42.29999923706055,40.34000015258789,41.7599983215332,1697100,0.0,0.0
2020-12-14 00:00:00-05:00,42.0,42.959999084472656,40.599998474121094,42.13999938964844,1974700,0.0,0.0
2020-12-15 00:00:00-05:00,42.75,42.939998626708984,40.70000076293945,41.25,2182200,0.0,0.0
2020-12-16 00:00:00-05:00,41.470001220703125,41.77000045776367,39.779998779296875,40.810001373291016,1993800,0.0,0.0
2020-12-17 00:00:00-05:00,41.380001068115234,43.56999969482422,41.099998474121094,43.400001525878906,2168900,0.0,0.0
2020-12-18 00:00:00-05:00,42.79999923706055,43.33000183105469,41.869998931884766,42.849998474121094,2828500,0.0,0.0
2020-12-21 00:00:00-05:00,42.75,45.27000045776367,42.48500061035156,44.20000076293945,2374200,0.0,0.0
2020-12-22 00:00:00-05:00,45.119998931884766,46.54999923706055,43.72999954223633,46.5099983215332,7281700,0.0,0.0
2020-12-23 00:00:00-05:00,47.099998474121094,47.77000045776367,45.72999954223633,47.290000915527344,2048800,0.0,0.0
2020-12-24 00:00:00-05:00,47.099998474121094,47.349998474121094,44.349998474121094,44.84000015258789,1487300,0.0,0.0
2020-12-28 00:00:00-05:00,45.709999084472656,46.459999084472656,44.619998931884766,45.27000045776367,1904900,0.0,0.0
2020-12-29 00:00:00-05:00,45.470001220703125,46.720001220703125,44.209999084472656,45.63999938964844,1964500,0.0,0.0
2020-12-30 00:00:00-05:00,45.810001373291016,47.939998626708984,45.58000183105469,47.029998779296875,1717500,0.0,0.0
2020-12-31 00:00:00-05:00,47.34000015258789,48.599998474121094,46.720001220703125,48.22999954223633,2137600,0.0,0.0
2021-01-04 00:00:00-05:00,48.02000045776367,48.68000030517578,43.56700134277344,45.58000183105469,2958500,0.0,0.0
2021-01-05 00:00:00-05:00,44.40999984741211,47.150001525878906,44.40999984741211,45.16999816894531,1139400,0.0,0.0
2021-01-06 00:00:00-05:00,44.099998474121094,44.560001373291016,42.13999938964844,42.43000030517578,1996600,0.0,0.0
2021-01-07 00:00:00-05:00,43.25,44.040000915527344,42.51499938964844,44.0,1775300,0.0,0.0
2021-01-08 00:00:00-05:00,44.25,45.724998474121094,43.599998474121094,45.56999969482422,1451300,0.0,0.0
2021-01-11 00:00:00-05:00,45.0,45.439998626708984,43.810001373291016,44.0099983215332,1610500,0.0,0.0
2021-01-12 00:00:00-05:00,44.41999816894531,44.79999923706055,42.900001525878906,44.0099983215332,1047500,0.0,0.0
2021-01-13 00:00:00-05:00,44.099998474121094,45.29999923706055,43.810001373291016,45.02000045776367,1034000,0.0,0.0
2021-01-14 00:00:00-05:00,45.13999938964844,46.95000076293945,45.0099983215332,45.41999816894531,1811600,0.0,0.0
2021-01-15 00:00:00-05:00,46.0,46.900001525878906,44.869998931884766,45.34000015258789,1830600,0.0,0.0
2021-01-19 00:00:00-05:00,46.630001068115234,47.970001220703125,46.15999984741211,46.599998474121094,2360400,0.0,0.0
2021-01-20 00:00:00-05:00,47.290000915527344,48.36000061035156,46.70000076293945,47.0,1303600,0.0,0.0
2021-01-21 00:00:00-05:00,48.09000015258789,48.2400016784668,45.81999969482422,46.25,1225600,0.0,0.0
2021-01-22 00:00:00-05:00,46.25,47.11000061035156,45.61000061035156,46.27000045776367,947000,0.0,0.0
2021-01-25 00:00:00-05:00,46.5,47.20500183105469,44.516998291015625,46.439998626708984,1936000,0.0,0.0
2021-01-26 00:00:00-05:00,46.439998626708984,50.209999084472656,46.439998626708984,49.25,2143700,0.0,0.0
2021-01-27 00:00:00-05:00,49.209999084472656,50.099998474121094,46.0099983215332,49.959999084472656,3346600,0.0,0.0
2021-01-28 00:00:00-05:00,48.709999084472656,49.04999923706055,45.59000015258789,48.5,2396300,0.0,0.0
2021-01-29 00:00:00-05:00,48.2599983215332,48.900001525878906,46.81999969482422,48.0099983215332,885100,0.0,0.0
2021-02-01 00:00:00-05:00,47.90999984741211,51.08000183105469,47.77000045776367,50.220001220703125,4751600,0.0,0.0
2021-02-02 00:00:00-05:00,51.89699935913086,52.15999984741211,46.68000030517578,51.09000015258789,4294100,0.0,0.0
2021-02-03 00:00:00-05:00,51.900001525878906,55.599998474121094,51.5,54.58000183105469,7102300,0.0,0.0
2021-02-04 00:00:00-05:00,54.810001373291016,57.150001525878906,54.0,56.310001373291016,4604600,0.0,0.0
2021-02-05 00:00:00-05:00,56.0,58.45000076293945,54.540000915527344,58.08000183105469,3775300,0.0,0.0
2021-02-08 00:00:00-05:00,58.08000183105469,58.29999923706055,54.06999969482422,57.40999984741211,2878700,0.0,0.0
2021-02-09 00:00:00-05:00,57.0,57.79999923706055,55.58000183105469,56.369998931884766,1320700,0.0,0.0
2021-02-10 00:00:00-05:00,56.880001068115234,56.880001068115234,51.90999984741211,55.720001220703125,2629100,0.0,0.0
2021-02-11 00:00:00-05:00,56.974998474121094,57.5,54.88999938964844,57.0,942900,0.0,0.0
2021-02-12 00:00:00-05:00,57.0,58.369998931884766,55.709999084472656,57.84000015258789,1073400,0.0,0.0
2021-02-16 00:00:00-05:00,58.13999938964844,58.79999923706055,54.77000045776367,55.77000045776367,1634700,0.0,0.0
2021-02-17 00:00:00-05:00,55.25,55.400001525878906,52.54999923706055,53.95000076293945,1145800,0.0,0.0
2021-02-18 00:00:00-05:00,53.869998931884766,56.29999923706055,52.939998626708984,55.31999969482422,1074200,0.0,0.0
2021-02-19 00:00:00-05:00,55.86000061035156,56.73699951171875,54.25,54.7400016784668,1357700,0.0,0.0
2021-02-22 00:00:00-05:00,53.83000183105469,55.599998474121094,50.83000183105469,51.31999969482422,2487700,0.0,0.0
2021-02-23 00:00:00-05:00,56.70000076293945,60.279998779296875,53.060001373291016,53.43000030517578,12788900,0.0,0.0
2021-02-24 00:00:00-05:00,53.5099983215332,57.970001220703125,51.04999923706055,56.529998779296875,4047100,0.0,0.0
2021-02-25 00:00:00-05:00,56.529998779296875,59.900001525878906,52.52000045776367,53.25,3483700,0.0,0.0
2021-02-26 00:00:00-05:00,53.16999816894531,53.869998931884766,49.599998474121094,52.41999816894531,3595100,0.0,0.0
2021-03-01 00:00:00-05:00,53.8650016784668,56.68000030517578,53.45000076293945,56.380001068115234,1977500,0.0,0.0
2021-03-02 00:00:00-05:00,56.380001068115234,57.369998931884766,55.220001220703125,56.11000061035156,1391400,0.0,0.0
2021-03-03 00:00:00-05:00,55.689998626708984,55.709999084472656,47.257999420166016,47.790000915527344,5085500,0.0,0.0
2021-03-04 00:00:00-05:00,47.16999816894531,48.380001068115234,43.33000183105469,45.709999084472656,3733200,0.0,0.0
2021-03-05 00:00:00-05:00,45.952999114990234,46.69499969482422,41.75,45.9900016784668,2335100,0.0,0.0
2021-03-08 00:00:00-05:00,46.459999084472656,47.11000061035156,43.20000076293945,43.720001220703125,1388200,0.0,0.0
2021-03-09 00:00:00-05:00,45.5,48.11000061035156,44.869998931884766,47.209999084472656,1396500,0.0,0.0
2021-03-10 00:00:00-05:00,47.959999084472656,49.09000015258789,46.47999954223633,46.880001068115234,1301000,0.0,0.0
2021-03-11 00:00:00-05:00,48.19599914550781,48.9900016784668,47.029998779296875,48.72999954223633,1358300,0.0,0.0
2021-03-12 00:00:00-05:00,48.189998626708984,48.70000076293945,46.849998474121094,48.34000015258789,1096100,0.0,0.0
2021-03-15 00:00:00-04:00,48.630001068115234,48.79999923706055,47.099998474121094,47.77000045776367,1205500,0.0,0.0
2021-03-16 00:00:00-04:00,48.810001373291016,49.77000045776367,47.650001525878906,48.34000015258789,1074300,0.0,0.0
2021-03-17 00:00:00-04:00,47.400001525878906,49.099998474121094,45.95000076293945,48.529998779296875,1029600,0.0,0.0
2021-03-18 00:00:00-04:00,48.0,48.630001068115234,46.81999969482422,47.20000076293945,1077500,0.0,0.0
2021-03-19 00:00:00-04:00,46.79999923706055,48.9900016784668,46.5,48.84000015258789,1917000,0.0,0.0
2021-03-22 00:00:00-04:00,51.86000061035156,55.150001525878906,51.13999938964844,54.689998626708984,3702000,0.0,0.0
2021-03-23 00:00:00-04:00,53.84000015258789,57.029998779296875,53.2599983215332,56.33000183105469,2560400,0.0,0.0
2021-03-24 00:00:00-04:00,55.470001220703125,55.900001525878906,53.5,54.400001525878906,2330800,0.0,0.0
2021-03-25 00:00:00-04:00,52.779998779296875,56.0,49.75,54.47999954223633,7548200,0.0,0.0
2021-03-26 00:00:00-04:00,54.91999816894531,57.720001220703125,51.22999954223633,52.900001525878906,1705300,0.0,0.0
2021-03-29 00:00:00-04:00,52.41999816894531,52.54999923706055,48.630001068115234,49.689998626708984,1227300,0.0,0.0
2021-03-30 00:00:00-04:00,49.0099983215332,50.47999954223633,48.63999938964844,49.0,1737300,0.0,0.0
2021-03-31 00:00:00-04:00,49.47999954223633,50.380001068115234,48.7400016784668,48.900001525878906,1182800,0.0,0.0
2021-04-01 00:00:00-04:00,50.415000915527344,50.54999923706055,47.83000183105469,48.16999816894531,2059700,0.0,0.0
2021-04-05 00:00:00-04:00,49.029998779296875,49.119998931884766,46.470001220703125,47.560001373291016,1942200,0.0,0.0
2021-04-06 00:00:00-04:00,48.04999923706055,48.95000076293945,47.279998779296875,48.0,2264000,0.0,0.0
2021-04-07 00:00:00-04:00,48.88999938964844,50.099998474121094,47.9900016784668,48.09000015258789,3460300,0.0,0.0
2021-04-08 00:00:00-04:00,48.540000915527344,49.40999984741211,47.90999984741211,48.029998779296875,980300,0.0,0.0
2021-04-09 00:00:00-04:00,48.380001068115234,48.380001068115234,46.119998931884766,47.27000045776367,2066600,0.0,0.0
2021-04-12 00:00:00-04:00,47.0,48.61000061035156,46.86000061035156,47.400001525878906,1486200,0.0,0.0
2021-04-13 00:00:00-04:00,47.939998626708984,49.70000076293945,47.939998626708984,49.040000915527344,1080800,0.0,0.0
2021-04-14 00:00:00-04:00,50.57400131225586,50.57400131225586,47.73500061035156,48.15999984741211,1264200,0.0,0.0
2021-04-15 00:00:00-04:00,49.06999969482422,49.959999084472656,47.02000045776367,47.56999969482422,1782200,0.0,0.0
2021-04-16 00:00:00-04:00,47.79999923706055,47.959999084472656,46.54999923706055,47.90999984741211,1193200,0.0,0.0
2021-04-19 00:00:00-04:00,48.400001525878906,49.7400016784668,46.76100158691406,47.380001068115234,1687900,0.0,0.0
2021-04-20 00:00:00-04:00,47.65999984741211,47.68000030517578,45.0099983215332,45.630001068115234,1048400,0.0,0.0
2021-04-21 00:00:00-04:00,45.86000061035156,49.11000061035156,45.4900016784668,49.099998474121094,1639300,0.0,0.0
2021-04-22 00:00:00-04:00,48.439998626708984,50.470001220703125,48.08700180053711,49.59000015258789,2076200,0.0,0.0
2021-04-23 00:00:00-04:00,49.88999938964844,51.52000045776367,49.5,51.33000183105469,1497600,0.0,0.0
2021-04-26 00:00:00-04:00,51.970001220703125,53.470001220703125,51.70000076293945,53.040000915527344,969200,0.0,0.0
2021-04-27 00:00:00-04:00,52.810001373291016,53.915000915527344,51.68000030517578,52.209999084472656,1608900,0.0,0.0
2021-04-28 00:00:00-04:00,51.02000045776367,52.93000030517578,50.63999938964844,52.560001373291016,1174500,0.0,0.0
2021-04-29 00:00:00-04:00,52.29999923706055,52.54999923706055,50.540000915527344,52.060001373291016,918100,0.0,0.0
2021-04-30 00:00:00-04:00,51.66999816894531,52.40999984741211,51.13999938964844,51.86000061035156,1159900,0.0,0.0
2021-05-03 00:00:00-04:00,52.47999954223633,52.65999984741211,49.470001220703125,49.90999984741211,1618400,0.0,0.0
2021-05-04 00:00:00-04:00,50.15999984741211,50.29999923706055,47.279998779296875,48.41999816894531,3107500,0.0,0.0
2021-05-05 00:00:00-04:00,49.18000030517578,49.27000045776367,46.060001373291016,46.5,1933000,0.0,0.0
2021-05-06 00:00:00-04:00,46.5,46.540000915527344,44.51499938964844,45.56999969482422,1482000,0.0,0.0
2021-05-07 00:00:00-04:00,44.619998931884766,46.33000183105469,42.959999084472656,42.97999954223633,3147500,0.0,0.0
2021-05-10 00:00:00-04:00,42.7599983215332,42.9900016784668,40.38999938964844,42.47999954223633,2442900,0.0,0.0
2021-05-11 00:00:00-04:00,40.560001373291016,43.959999084472656,39.79999923706055,43.29499816894531,2494700,0.0,0.0
2021-05-12 00:00:00-04:00,42.29999923706055,44.470001220703125,41.349998474121094,42.040000915527344,1583800,0.0,0.0
2021-05-13 00:00:00-04:00,42.279998779296875,42.540000915527344,38.939998626708984,39.709999084472656,3492700,0.0,0.0
2021-05-14 00:00:00-04:00,40.029998779296875,40.869998931884766,39.130001068115234,40.20000076293945,3431100,0.0,0.0
2021-05-17 00:00:00-04:00,39.900001525878906,40.30400085449219,37.86000061035156,39.9900016784668,2599100,0.0,0.0
2021-05-18 00:00:00-04:00,40.310001373291016,42.5,39.65999984741211,40.619998931884766,1937300,0.0,0.0
2021-05-19 00:00:00-04:00,40.06999969482422,41.97999954223633,39.59000015258789,41.349998474121094,1147400,0.0,0.0
2021-05-20 00:00:00-04:00,41.619998931884766,43.369998931884766,41.56999969482422,43.20000076293945,1135500,0.0,0.0
2021-05-21 00:00:00-04:00,43.439998626708984,44.09000015258789,42.209999084472656,42.36000061035156,1523100,0.0,0.0
2021-05-24 00:00:00-04:00,43.0,43.279998779296875,42.439998626708984,42.86000061035156,1256600,0.0,0.0
2021-05-25 00:00:00-04:00,43.25,43.709999084472656,41.77000045776367,42.119998931884766,1209200,0.0,0.0
2021-05-26 00:00:00-04:00,42.189998626708984,43.7599983215332,42.130001068115234,42.9900016784668,970100,0.0,0.0
2021-05-27 00:00:00-04:00,42.70000076293945,44.560001373291016,42.0,44.25,2245500,0.0,0.0
2021-05-28 00:00:00-04:00,44.0,44.85900115966797,43.689998626708984,43.83000183105469,1584100,0.0,0.0
2021-06-01 00:00:00-04:00,44.0,44.099998474121094,42.150001525878906,42.7599983215332,1255400,0.0,0.0
2021-06-02 00:00:00-04:00,42.52000045776367,43.540000915527344,42.34000015258789,43.4900016784668,1225600,0.0,0.0
2021-06-03 00:00:00-04:00,42.369998931884766,43.18000030517578,41.380001068115234,41.81999969482422,1223500,0.0,0.0
2021-06-04 00:00:00-04:00,41.90999984741211,44.22999954223633,41.90999984741211,44.20000076293945,1245800,0.0,0.0
2021-06-07 00:00:00-04:00,43.65999984741211,45.31999969482422,43.5,44.77000045776367,1800200,0.0,0.0
2021-06-08 00:00:00-04:00,44.63999938964844,45.33000183105469,43.95000076293945,44.7400016784668,1057700,0.0,0.0
2021-06-09 00:00:00-04:00,44.91999816894531,45.689998626708984,44.5,44.880001068115234,1320300,0.0,0.0
2021-06-10 00:00:00-04:00,44.70000076293945,46.5099983215332,44.58000183105469,46.369998931884766,1731200,0.0,0.0
2021-06-11 00:00:00-04:00,46.790000915527344,46.84000015258789,45.15999984741211,46.439998626708984,1122200,0.0,0.0
2021-06-14 00:00:00-04:00,45.790000915527344,47.09000015258789,45.119998931884766,46.349998474121094,1902500,0.0,0.0
2021-06-15 00:00:00-04:00,46.810001373291016,46.814998626708984,44.41999816894531,45.0,3284600,0.0,0.0
2021-06-16 00:00:00-04:00,45.5,49.20000076293945,45.25,49.0099983215332,5150100,0.0,0.0
2021-06-17 00:00:00-04:00,47.5099983215332,50.75,47.209999084472656,50.599998474121094,3904000,0.0,0.0
2021-06-18 00:00:00-04:00,50.119998931884766,52.150001525878906,50.119998931884766,51.38999938964844,3126500,0.0,0.0
2021-06-21 00:00:00-04:00,51.0,52.06999969482422,50.130001068115234,51.97999954223633,2021700,0.0,0.0
2021-06-22 00:00:00-04:00,51.93000030517578,52.5,51.470001220703125,51.83000183105469,1153300,0.0,0.0
2021-06-23 00:00:00-04:00,51.95000076293945,53.27000045776367,51.68000030517578,52.709999084472656,3872400,0.0,0.0
2021-06-24 00:00:00-04:00,52.540000915527344,54.2400016784668,52.540000915527344,53.13999938964844,1545400,0.0,0.0
2021-06-25 00:00:00-04:00,53.130001068115234,54.08000183105469,52.20000076293945,53.849998474121094,1068300,0.0,0.0
2021-06-28 00:00:00-04:00,54.099998474121094,54.099998474121094,52.68000030517578,53.380001068115234,1441700,0.0,0.0
2021-06-29 00:00:00-04:00,52.66999816894531,53.880001068115234,51.900001525878906,53.43000030517578,808900,0.0,0.0
2021-06-30 00:00:00-04:00,53.0,53.20000076293945,52.02000045776367,52.16999816894531,807900,0.0,0.0
2021-07-01 00:00:00-04:00,52.0,52.220001220703125,50.051998138427734,51.40999984741211,1462700,0.0,0.0
2021-07-02 00:00:00-04:00,51.619998931884766,52.154998779296875,51.132999420166016,51.900001525878906,742200,0.0,0.0
2021-07-06 00:00:00-04:00,51.900001525878906,54.20000076293945,51.6349983215332,52.61000061035156,1197700,0.0,0.0
2021-07-07 00:00:00-04:00,53.0,53.220001220703125,51.40999984741211,51.58000183105469,626700,0.0,0.0
2021-07-08 00:00:00-04:00,50.279998779296875,52.310001373291016,49.06999969482422,51.86000061035156,933800,0.0,0.0
2021-07-09 00:00:00-04:00,51.720001220703125,52.7400016784668,51.25,52.68000030517578,644400,0.0,0.0
2021-07-12 00:00:00-04:00,52.93000030517578,53.78499984741211,51.61000061035156,53.029998779296875,831900,0.0,0.0
2021-07-13 00:00:00-04:00,53.15999984741211,54.470001220703125,52.439998626708984,52.93000030517578,1826300,0.0,0.0
2021-07-14 00:00:00-04:00,53.130001068115234,53.435001373291016,50.40999984741211,50.65999984741211,861300,0.0,0.0
2021-07-15 00:00:00-04:00,50.70000076293945,50.70000076293945,48.290000915527344,49.75,1405200,0.0,0.0
2021-07-16 00:00:00-04:00,50.720001220703125,50.720001220703125,49.474998474121094,49.75,822700,0.0,0.0
2021-07-19 00:00:00-04:00,49.18000030517578,50.369998931884766,48.5099983215332,50.36000061035156,881600,0.0,0.0
2021-07-20 00:00:00-04:00,50.540000915527344,52.619998931884766,50.30500030517578,52.5,1430200,0.0,0.0
2021-07-21 00:00:00-04:00,52.9900016784668,53.0989990234375,51.75,52.34000015258789,1087000,0.0,0.0
2021-07-22 00:00:00-04:00,52.439998626708984,53.82500076293945,51.88999938964844,53.43000030517578,779900,0.0,0.0
2021-07-23 00:00:00-04:00,53.5,54.189998626708984,52.720001220703125,53.84000015258789,1109600,0.0,0.0
2021-07-26 00:00:00-04:00,53.779998779296875,54.7599983215332,53.09000015258789,54.380001068115234,2028100,0.0,0.0
2021-07-27 00:00:00-04:00,54.04999923706055,54.709999084472656,52.29499816894531,53.650001525878906,1371000,0.0,0.0
2021-07-28 00:00:00-04:00,54.0,55.04999923706055,53.79999923706055,54.119998931884766,2020800,0.0,0.0
2021-07-29 00:00:00-04:00,54.029998779296875,54.79999923706055,53.45000076293945,54.255001068115234,1104800,0.0,0.0
2021-07-30 00:00:00-04:00,53.2400016784668,53.7599983215332,52.630001068115234,53.75,1265300,0.0,0.0
2021-08-02 00:00:00-04:00,54.0,55.150001525878906,53.63999938964844,54.779998779296875,3707800,0.0,0.0
2021-08-03 00:00:00-04:00,61.380001068115234,63.65999984741211,55.81999969482422,56.5,22892500,0.0,0.0
2021-08-04 00:00:00-04:00,56.220001220703125,60.709999084472656,55.5,60.599998474121094,20570400,0.0,0.0
2021-08-05 00:00:00-04:00,61.11000061035156,67.62999725341797,58.900001525878906,66.58000183105469,15488600,0.0,0.0
2021-08-06 00:00:00-04:00,64.75499725341797,67.22000122070312,63.0099983215332,64.54000091552734,5718100,0.0,0.0
2021-08-09 00:00:00-04:00,62.5,62.650001525878906,59.81999969482422,61.34000015258789,18620400,0.0,0.0
2021-08-10 00:00:00-04:00,61.900001525878906,62.209999084472656,59.220001220703125,59.540000915527344,4377000,0.0,0.0
2021-08-11 00:00:00-04:00,60.43000030517578,61.75,59.279998779296875,61.4900016784668,8360200,0.0,0.0
2021-08-12 00:00:00-04:00,61.4900016784668,62.90999984741211,60.79999923706055,62.220001220703125,3725800,0.0,0.0
2021-08-13 00:00:00-04:00,62.439998626708984,62.7599983215332,61.79999923706055,62.4900016784668,2488600,0.0,0.0
2021-08-16 00:00:00-04:00,62.0,62.066001892089844,58.68000030517578,58.880001068115234,3875400,0.0,0.0
2021-08-17 00:00:00-04:00,58.0,60.06999969482422,57.56999969482422,59.90999984741211,2042900,0.0,0.0
2021-08-18 00:00:00-04:00,60.150001525878906,60.709999084472656,58.88999938964844,59.900001525878906,1434100,0.0,0.0
2021-08-19 00:00:00-04:00,59.060001373291016,61.38999938964844,58.70100021362305,60.66999816894531,2178600,0.0,0.0
2021-08-20 00:00:00-04:00,61.0,61.5,59.41999816894531,61.08000183105469,1814900,0.0,0.0
2021-08-23 00:00:00-04:00,62.47999954223633,63.099998474121094,61.400001525878906,62.63999938964844,3782100,0.0,0.0
2021-08-24 00:00:00-04:00,62.790000915527344,63.25,61.150001525878906,61.16999816894531,1817800,0.0,0.0
2021-08-25 00:00:00-04:00,61.45000076293945,63.150001525878906,61.45000076293945,62.5,2997500,0.0,0.0
2021-08-26 00:00:00-04:00,62.400001525878906,63.66999816894531,60.75,61.70000076293945,2928000,0.0,0.0
2021-08-27 00:00:00-04:00,61.79999923706055,63.400001525878906,61.54999923706055,63.189998626708984,2187900,0.0,0.0
2021-08-30 00:00:00-04:00,64.91999816894531,66.11000061035156,63.47999954223633,64.20999908447266,4319900,0.0,0.0
2021-08-31 00:00:00-04:00,64.69999694824219,65.80000305175781,64.12999725341797,65.19000244140625,5850000,0.0,0.0
2021-09-01 00:00:00-04:00,65.19000244140625,65.48999786376953,63.36000061035156,64.95999908447266,3774000,0.0,0.0
2021-09-02 00:00:00-04:00,65.04000091552734,66.94000244140625,64.93499755859375,65.62999725341797,3929900,0.0,0.0
2021-09-03 00:00:00-04:00,65.9800033569336,66.64099884033203,64.76000213623047,66.33000183105469,2615300,0.0,0.0
2021-09-07 00:00:00-04:00,66.88999938964844,67.31999969482422,64.08999633789062,66.66000366210938,5909400,0.0,0.0
2021-09-08 00:00:00-04:00,66.5,67.0199966430664,62.875999450683594,63.45000076293945,5316500,0.0,0.0
2021-09-09 00:00:00-04:00,63.64500045776367,65.4000015258789,63.64500045776367,64.1500015258789,1915100,0.0,0.0
2021-09-10 00:00:00-04:00,64.54000091552734,64.83999633789062,62.84000015258789,63.15999984741211,2408100,0.0,0.0
2021-09-13 00:00:00-04:00,64.30000305175781,65.62000274658203,62.689998626708984,64.58999633789062,4088000,0.0,0.0
2021-09-14 00:00:00-04:00,65.5,68.77999877929688,64.66000366210938,67.01000213623047,7549700,0.0,0.0
2021-09-15 00:00:00-04:00,66.23999786376953,67.62999725341797,65.72000122070312,67.16000366210938,4357300,0.0,0.0
2021-09-16 00:00:00-04:00,67.13999938964844,68.36000061035156,66.29000091552734,68.16999816894531,4128700,0.0,0.0
2021-09-17 00:00:00-04:00,69.04000091552734,69.72000122070312,66.94100189208984,67.8499984741211,8076500,0.0,0.0
2021-09-20 00:00:00-04:00,64.95500183105469,67.38899993896484,64.44999694824219,66.16999816894531,4116100,0.0,0.0
2021-09-21 00:00:00-04:00,66.5199966430664,68.3499984741211,66.29000091552734,68.04000091552734,3283000,0.0,0.0
2021-09-22 00:00:00-04:00,68.0,69.16000366210938,67.25,68.5199966430664,5684200,0.0,0.0
2021-09-23 00:00:00-04:00,68.72000122070312,69.0,67.30000305175781,67.81999969482422,3153400,0.0,0.0
2021-09-24 00:00:00-04:00,68.0,68.04000091552734,66.04000091552734,67.8499984741211,2380300,0.0,0.0
2021-09-27 00:00:00-04:00,68.0,68.0,63.06999969482422,64.88999938964844,4308900,0.0,0.0
2021-09-28 00:00:00-04:00,64.11000061035156,64.11000061035156,60.529998779296875,61.02000045776367,4483400,0.0,0.0
2021-09-29 00:00:00-04:00,61.459999084472656,62.11000061035156,60.400001525878906,61.2599983215332,2373100,0.0,0.0
2021-09-30 00:00:00-04:00,61.470001220703125,62.599998474121094,61.11000061035156,61.189998626708984,1556500,0.0,0.0
2021-10-01 00:00:00-04:00,61.150001525878906,61.72999954223633,59.22999954223633,61.5,3135900,0.0,0.0
2021-10-04 00:00:00-04:00,61.5,61.55500030517578,59.60300064086914,60.349998474121094,3136100,0.0,0.0
2021-10-05 00:00:00-04:00,60.77000045776367,61.770999908447266,60.63999938964844,60.97999954223633,1918800,0.0,0.0
2021-10-06 00:00:00-04:00,60.220001220703125,62.67499923706055,59.650001525878906,62.560001373291016,2726500,0.0,0.0
2021-10-07 00:00:00-04:00,63.29999923706055,64.88500213623047,62.63999938964844,62.939998626708984,3058900,0.0,0.0
2021-10-08 00:00:00-04:00,63.400001525878906,63.849998474121094,61.939998626708984,62.33000183105469,1361200,0.0,0.0
2021-10-11 00:00:00-04:00,61.790000915527344,63.22999954223633,61.560001373291016,62.529998779296875,1152900,0.0,0.0
2021-10-12 00:00:00-04:00,63.16999816894531,63.90999984741211,61.880001068115234,63.43000030517578,1217200,0.0,0.0
2021-10-13 00:00:00-04:00,63.630001068115234,65.4000015258789,63.40999984741211,65.37999725341797,3684300,0.0,0.0
2021-10-14 00:00:00-04:00,66.31999969482422,68.19000244140625,66.0199966430664,67.06999969482422,3981600,0.0,0.0
2021-10-15 00:00:00-04:00,67.3499984741211,67.98999786376953,66.30999755859375,67.29000091552734,2809000,0.0,0.0
2021-10-18 00:00:00-04:00,67.12999725341797,68.87999725341797,67.04000091552734,68.16999816894531,2758000,0.0,0.0
2021-10-19 00:00:00-04:00,68.5999984741211,70.25,68.04000091552734,69.55999755859375,2762100,0.0,0.0
2021-10-20 00:00:00-04:00,70.0,70.23999786376953,67.29000091552734,68.30000305175781,2504200,0.0,0.0
2021-10-21 00:00:00-04:00,68.25,69.86000061035156,68.02999877929688,69.8499984741211,1133100,0.0,0.0
2021-10-22 00:00:00-04:00,70.0,70.05999755859375,68.49099731445312,69.30000305175781,2006100,0.0,0.0
2021-10-25 00:00:00-04:00,69.38999938964844,70.02999877929688,68.2300033569336,69.5999984741211,1245000,0.0,0.0
2021-10-26 00:00:00-04:00,70.0,70.87000274658203,68.33000183105469,69.13999938964844,2338700,0.0,0.0
2021-10-27 00:00:00-04:00,69.0,69.72000122070312,65.9000015258789,66.08999633789062,2108300,0.0,0.0
2021-10-28 00:00:00-04:00,66.5999984741211,67.25,64.7699966430664,67.1500015258789,2151900,0.0,0.0
2021-10-29 00:00:00-04:00,66.91000366210938,67.93000030517578,66.61000061035156,67.22000122070312,1206000,0.0,0.0
2021-11-01 00:00:00-04:00,68.66500091552734,69.30000305175781,67.66999816894531,68.36000061035156,2759100,0.0,0.0
2021-11-02 00:00:00-04:00,72.58000183105469,73.19000244140625,65.25,69.70999908447266,15467000,0.0,0.0
2021-11-03 00:00:00-04:00,69.25,70.0,67.16500091552734,69.8499984741211,4354500,0.0,0.0
2021-11-04 00:00:00-04:00,70.0,72.98999786376953,69.69999694824219,72.0,7129700,0.0,0.0
2021-11-05 00:00:00-04:00,73.0,73.9000015258789,71.69999694824219,73.6500015258789,6060000,0.0,0.0
2021-11-08 00:00:00-05:00,73.6500015258789,74.29000091552734,72.12000274658203,74.11000061035156,4003200,0.0,0.0
2021-11-09 00:00:00-05:00,74.25,74.25,72.36100006103516,73.98999786376953,2059300,0.0,0.0
2021-11-10 00:00:00-05:00,73.06999969482422,73.95999908447266,70.12000274658203,70.68000030517578,3186300,0.0,0.0
2021-11-11 00:00:00-05:00,71.11000061035156,73.0,71.02999877929688,72.54000091552734,1917300,0.0,0.0
2021-11-12 00:00:00-05:00,73.38999938964844,74.94999694824219,73.38999938964844,74.56999969482422,4632300,0.0,0.0
2021-11-15 00:00:00-05:00,74.91999816894531,75.55000305175781,73.65399932861328,75.5,3718200,0.0,0.0
2021-11-16 00:00:00-05:00,75.4000015258789,76.5,75.13999938964844,76.3499984741211,4859700,0.0,0.0
2021-11-17 00:00:00-05:00,77.0,77.50599670410156,75.76000213623047,77.3499984741211,5389800,0.0,0.0
2021-11-18 00:00:00-05:00,77.2699966430664,77.5,75.5199966430664,77.3499984741211,2931400,0.0,0.0
2021-11-19 00:00:00-05:00,79.16999816894531,79.16999816894531,76.61399841308594,77.08999633789062,4721200,0.0,0.0
2021-11-22 00:00:00-05:00,76.72000122070312,77.26000213623047,72.56999969482422,74.01000213623047,4579400,0.0,0.0
2021-11-23 00:00:00-05:00,72.33000183105469,73.55999755859375,66.30000305175781,67.63999938964844,9080700,0.0,0.0
2021-11-24 00:00:00-05:00,67.83000183105469,70.82499694824219,66.36000061035156,70.77999877929688,3589500,0.0,0.0
2021-11-26 00:00:00-05:00,70.48999786376953,72.0,69.55000305175781,70.01000213623047,2777600,0.0,0.0
2021-11-29 00:00:00-05:00,71.22000122070312,71.5,69.33000183105469,69.86000061035156,4328700,0.0,0.0
2021-11-30 00:00:00-05:00,70.41999816894531,70.41999816894531,61.33000183105469,61.70000076293945,23427100,0.0,0.0
2021-12-01 00:00:00-05:00,62.939998626708984,65.91000366210938,58.459999084472656,59.33000183105469,7622100,0.0,0.0
2021-12-02 00:00:00-05:00,59.13999938964844,63.15999984741211,59.11000061035156,62.5099983215332,5147300,0.0,0.0
2021-12-03 00:00:00-05:00,63.209999084472656,63.209999084472656,56.27000045776367,56.90999984741211,7792600,0.0,0.0
2021-12-06 00:00:00-05:00,56.73500061035156,60.75,55.900001525878906,60.08000183105469,8686000,0.0,0.0
2021-12-07 00:00:00-05:00,62.369998931884766,64.19000244140625,61.439998626708984,62.779998779296875,3453000,0.0,0.0
2021-12-08 00:00:00-05:00,63.22999954223633,66.5999984741211,62.20000076293945,65.94999694824219,3244400,0.0,0.0
2021-12-09 00:00:00-05:00,65.2699966430664,66.73999786376953,62.900001525878906,62.90999984741211,3387600,0.0,0.0
2021-12-10 00:00:00-05:00,63.54999923706055,64.94999694824219,61.84000015258789,63.75,3245500,0.0,0.0
2021-12-13 00:00:00-05:00,63.959999084472656,65.4000015258789,61.130001068115234,62.029998779296875,6567900,0.0,0.0
2021-12-14 00:00:00-05:00,59.849998474121094,62.2400016784668,58.86000061035156,60.459999084472656,6841300,0.0,0.0
2021-12-15 00:00:00-05:00,59.92499923706055,65.0999984741211,59.92499923706055,64.25,5594900,0.0,0.0
2021-12-16 00:00:00-05:00,65.62999725341797,65.77999877929688,60.6510009765625,61.439998626708984,3879300,0.0,0.0
2021-12-17 00:00:00-05:00,60.349998474121094,63.810001373291016,58.65999984741211,62.72999954223633,14066700,0.0,0.0
2021-12-20 00:00:00-05:00,60.91999816894531,62.310001373291016,60.060001373291016,61.31999969482422,5183900,0.0,0.0
2021-12-21 00:00:00-05:00,62.13999938964844,64.95999908447266,60.720001220703125,64.58000183105469,3374600,0.0,0.0
2021-12-22 00:00:00-05:00,64.58000183105469,66.55000305175781,64.3499984741211,64.9000015258789,1958400,0.0,0.0
2021-12-23 00:00:00-05:00,64.31999969482422,66.19999694824219,63.709999084472656,65.72000122070312,2624500,0.0,0.0
2021-12-27 00:00:00-05:00,66.13999938964844,67.87999725341797,66.13999938964844,66.81999969482422,2728700,0.0,0.0
2021-12-28 00:00:00-05:00,66.91000366210938,67.19000244140625,64.5999984741211,64.72000122070312,1768400,0.0,0.0
2021-12-29 00:00:00-05:00,64.72000122070312,65.16000366210938,63.630001068115234,64.48999786376953,1315600,0.0,0.0
2021-12-30 00:00:00-05:00,64.86000061035156,66.04000091552734,64.72000122070312,64.7300033569336,1069900,0.0,0.0
2021-12-31 00:00:00-05:00,64.43000030517578,65.79000091552734,64.16999816894531,64.19999694824219,1001200,0.0,0.0
2022-01-03 00:00:00-05:00,64.66000366210938,65.20500183105469,60.540000915527344,61.459999084472656,2981100,0.0,0.0
2022-01-04 00:00:00-05:00,62.279998779296875,62.279998779296875,55.54999923706055,58.810001373291016,7462800,0.0,0.0
2022-01-05 00:00:00-05:00,57.290000915527344,57.52000045776367,53.66999816894531,54.31999969482422,4179500,0.0,0.0
2022-01-06 00:00:00-05:00,53.20000076293945,56.189998626708984,52.77000045776367,54.38999938964844,3191200,0.0,0.0
2022-01-07 00:00:00-05:00,54.28499984741211,55.939998626708984,52.29999923706055,52.5,3363200,0.0,0.0
2022-01-10 00:00:00-05:00,50.994998931884766,53.34000015258789,49.724998474121094,53.2400016784668,4393000,0.0,0.0
2022-01-11 00:00:00-05:00,53.08000183105469,56.810001373291016,52.61000061035156,56.72999954223633,5039100,0.0,0.0
2022-01-12 00:00:00-05:00,57.22999954223633,58.72999954223633,54.97999954223633,55.08000183105469,3329300,0.0,0.0
2022-01-13 00:00:00-05:00,54.91999816894531,55.606998443603516,52.650001525878906,52.709999084472656,3945600,0.0,0.0
2022-01-14 00:00:00-05:00,51.90999984741211,53.310001373291016,50.290000915527344,51.439998626708984,3384600,0.0,0.0
2022-01-18 00:00:00-05:00,49.75,50.400001525878906,49.02000045776367,49.2599983215332,3895200,0.0,0.0
2022-01-19 00:00:00-05:00,49.27000045776367,50.939998626708984,48.880001068115234,48.970001220703125,4186500,0.0,0.0
2022-01-20 00:00:00-05:00,49.790000915527344,51.04999923706055,47.65999984741211,48.11000061035156,4253300,0.0,0.0
2022-01-21 00:00:00-05:00,47.0099983215332,48.349998474121094,45.70000076293945,45.9900016784668,3175300,0.0,0.0
2022-01-24 00:00:00-05:00,43.720001220703125,49.75,42.650001525878906,49.47999954223633,7838800,0.0,0.0
2022-01-25 00:00:00-05:00,47.63999938964844,48.9900016784668,46.400001525878906,47.369998931884766,5314700,0.0,0.0
2022-01-26 00:00:00-05:00,49.529998779296875,50.4900016784668,46.380001068115234,46.68000030517578,5016600,0.0,0.0
2022-01-27 00:00:00-05:00,47.900001525878906,49.52000045776367,45.970001220703125,46.310001373291016,3058700,0.0,0.0
2022-01-28 00:00:00-05:00,46.43000030517578,48.900001525878906,45.11000061035156,48.84000015258789,3411400,0.0,0.0
2022-01-31 00:00:00-05:00,49.5,52.90999984741211,49.25,52.86000061035156,4657800,0.0,0.0
2022-02-01 00:00:00-05:00,53.56999969482422,54.47999954223633,51.25,54.29999923706055,2825900,0.0,0.0
2022-02-02 00:00:00-05:00,54.66999816894531,54.66999816894531,51.83000183105469,52.52000045776367,2068200,0.0,0.0
2022-02-03 00:00:00-05:00,50.2599983215332,51.439998626708984,48.709999084472656,49.11000061035156,2804700,0.0,0.0
2022-02-04 00:00:00-05:00,49.029998779296875,52.569000244140625,48.81999969482422,52.0,3041100,0.0,0.0
2022-02-07 00:00:00-05:00,52.209999084472656,54.11000061035156,51.709999084472656,52.290000915527344,2306100,0.0,0.0
2022-02-08 00:00:00-05:00,51.59000015258789,53.70000076293945,51.25,53.650001525878906,1531300,0.0,0.0
2022-02-09 00:00:00-05:00,54.45000076293945,55.93000030517578,53.380001068115234,55.810001373291016,2740500,0.0,0.0
2022-02-10 00:00:00-05:00,54.70000076293945,59.88999938964844,54.26499938964844,56.95000076293945,5468200,0.0,0.0
2022-02-11 00:00:00-05:00,57.13999938964844,59.060001373291016,54.54100036621094,55.689998626708984,3612100,0.0,0.0
2022-02-14 00:00:00-05:00,55.290000915527344,58.040000915527344,54.63999938964844,55.349998474121094,2932800,0.0,0.0
2022-02-15 00:00:00-05:00,56.790000915527344,59.36000061035156,56.04999923706055,58.779998779296875,6651600,0.0,0.0
2022-02-16 00:00:00-05:00,51.619998931884766,56.66999816894531,51.560001373291016,56.220001220703125,7843100,0.0,0.0
2022-02-17 00:00:00-05:00,55.4640007019043,56.099998474121094,52.29999923706055,53.29999923706055,3988000,0.0,0.0
2022-02-18 00:00:00-05:00,53.040000915527344,53.529998779296875,50.7599983215332,52.540000915527344,3789200,0.0,0.0
2022-02-22 00:00:00-05:00,51.4900016784668,53.560001373291016,50.82899856567383,51.2599983215332,3061100,0.0,0.0
2022-02-23 00:00:00-05:00,52.5,53.369998931884766,48.90999984741211,48.9900016784668,3722400,0.0,0.0
2022-02-24 00:00:00-05:00,45.91999816894531,54.70000076293945,45.91999816894531,54.58000183105469,3884200,0.0,0.0
2022-02-25 00:00:00-05:00,54.58000183105469,55.6870002746582,53.36000061035156,55.459999084472656,2478700,0.0,0.0
2022-02-28 00:00:00-05:00,54.95000076293945,56.7599983215332,53.83000183105469,54.689998626708984,7756000,0.0,0.0
2022-03-01 00:00:00-05:00,54.70000076293945,56.22999954223633,53.75,55.56999969482422,2610100,0.0,0.0
2022-03-02 00:00:00-05:00,55.56999969482422,55.82500076293945,53.56999969482422,55.08000183105469,1958200,0.0,0.0
2022-03-03 00:00:00-05:00,55.0,55.459999084472656,52.5099983215332,53.13999938964844,1731700,0.0,0.0
2022-03-04 00:00:00-05:00,53.06999969482422,53.650001525878906,51.5,53.0,3197700,0.0,0.0
2022-03-07 00:00:00-05:00,52.95000076293945,53.630001068115234,47.849998474121094,48.18000030517578,3747400,0.0,0.0
2022-03-08 00:00:00-05:00,47.790000915527344,50.880001068115234,47.08000183105469,49.869998931884766,2917600,0.0,0.0
2022-03-09 00:00:00-05:00,50.9900016784668,54.625,50.970001220703125,53.5,3133900,0.0,0.0
2022-03-10 00:00:00-05:00,51.90999984741211,53.369998931884766,51.06999969482422,53.0099983215332,2396100,0.0,0.0
2022-03-11 00:00:00-05:00,53.939998626708984,53.939998626708984,49.72999954223633,50.0,2673000,0.0,0.0
2022-03-14 00:00:00-04:00,49.970001220703125,51.97999954223633,48.220001220703125,48.72999954223633,3386600,0.0,0.0
2022-03-15 00:00:00-04:00,49.18000030517578,52.099998474121094,48.97999954223633,51.939998626708984,3148800,0.0,0.0
2022-03-16 00:00:00-04:00,52.900001525878906,57.0,52.65999984741211,56.939998626708984,3803800,0.0,0.0
2022-03-17 00:00:00-04:00,56.150001525878906,57.869998931884766,56.13999938964844,57.43000030517578,4236200,0.0,0.0
2022-03-18 00:00:00-04:00,57.63999938964844,60.04999923706055,57.15999984741211,58.810001373291016,6168300,0.0,0.0
2022-03-21 00:00:00-04:00,58.08000183105469,59.11000061035156,54.459999084472656,56.310001373291016,5791400,0.0,0.0
2022-03-22 00:00:00-04:00,56.540000915527344,59.290000915527344,56.18000030517578,58.02000045776367,4283500,0.0,0.0
2022-03-23 00:00:00-04:00,56.66999816894531,60.61000061035156,56.66999816894531,59.099998474121094,4416500,0.0,0.0
2022-03-24 00:00:00-04:00,59.099998474121094,59.38999938964844,56.869998931884766,59.349998474121094,2823600,0.0,0.0
2022-03-25 00:00:00-04:00,59.5099983215332,59.630001068115234,55.84000015258789,56.40999984741211,1701600,0.0,0.0
2022-03-28 00:00:00-04:00,56.0,57.66999816894531,55.529998779296875,57.56999969482422,1483400,0.0,0.0
2022-03-29 00:00:00-04:00,58.68000030517578,59.7400016784668,57.779998779296875,58.95000076293945,1781800,0.0,0.0
2022-03-30 00:00:00-04:00,58.25,59.90999984741211,57.599998474121094,58.09000015258789,1234200,0.0,0.0
2022-03-31 00:00:00-04:00,58.0,60.18000030517578,57.900001525878906,59.7400016784668,2735200,0.0,0.0
2022-04-01 00:00:00-04:00,59.59000015258789,60.470001220703125,59.09000015258789,60.040000915527344,3005500,0.0,0.0
2022-04-04 00:00:00-04:00,60.599998474121094,61.13999938964844,59.459999084472656,60.75,2942000,0.0,0.0
2022-04-05 00:00:00-04:00,61.40999984741211,61.439998626708984,57.41999816894531,58.0,3066200,0.0,0.0
2022-04-06 00:00:00-04:00,56.83000183105469,57.560001373291016,55.1150016784668,56.349998474121094,2591800,0.0,0.0
2022-04-07 00:00:00-04:00,56.0,57.630001068115234,54.65999984741211,56.27000045776367,1348700,0.0,0.0
2022-04-08 00:00:00-04:00,55.72999954223633,56.880001068115234,55.13999938964844,55.36000061035156,1192900,0.0,0.0
2022-04-11 00:00:00-04:00,54.59000015258789,55.34000015258789,53.38999938964844,54.04999923706055,2281300,0.0,0.0
2022-04-12 00:00:00-04:00,55.150001525878906,56.61000061035156,53.91999816894531,54.36000061035156,2079500,0.0,0.0
2022-04-13 00:00:00-04:00,54.66999816894531,57.29999923706055,54.36000061035156,57.15999984741211,1912700,0.0,0.0
2022-04-14 00:00:00-04:00,56.9900016784668,57.36000061035156,55.0,55.0,1688900,0.0,0.0
2022-04-18 00:00:00-04:00,55.0,55.0,52.939998626708984,54.060001373291016,1455800,0.0,0.0
2022-04-19 00:00:00-04:00,54.2400016784668,56.72999954223633,53.5099983215332,56.68000030517578,1515500,0.0,0.0
2022-04-20 00:00:00-04:00,56.650001525878906,57.06999969482422,54.68600082397461,54.91999816894531,1380200,0.0,0.0
2022-04-21 00:00:00-04:00,55.63999938964844,56.279998779296875,50.7599983215332,51.25,2210100,0.0,0.0
2022-04-22 00:00:00-04:00,51.650001525878906,52.34000015258789,48.77000045776367,49.790000915527344,2640700,0.0,0.0
2022-04-25 00:00:00-04:00,49.5,50.970001220703125,48.689998626708984,50.939998626708984,3288500,0.0,0.0
2022-04-26 00:00:00-04:00,50.310001373291016,50.619998931884766,47.84000015258789,47.939998626708984,3253800,0.0,0.0
2022-04-27 00:00:00-04:00,47.95000076293945,49.22999954223633,47.244998931884766,47.650001525878906,1917800,0.0,0.0
2022-04-28 00:00:00-04:00,49.13999938964844,50.040000915527344,47.70000076293945,48.95000076293945,3504300,0.0,0.0
2022-04-29 00:00:00-04:00,48.290000915527344,50.400001525878906,47.34000015258789,47.400001525878906,2339200,0.0,0.0
2022-05-02 00:00:00-04:00,47.209999084472656,49.2599983215332,46.09000015258789,49.20000076293945,5335100,0.0,0.0
2022-05-03 00:00:00-04:00,48.560001373291016,52.099998474121094,47.529998779296875,51.9900016784668,6137500,0.0,0.0
2022-05-04 00:00:00-04:00,52.11000061035156,54.43000030517578,47.79999923706055,54.11000061035156,3861700,0.0,0.0
2022-05-05 00:00:00-04:00,52.91999816894531,53.349998474121094,48.04999923706055,49.61000061035156,4943200,0.0,0.0
2022-05-06 00:00:00-04:00,48.939998626708984,48.939998626708984,45.0,46.75,3839600,0.0,0.0
2022-05-09 00:00:00-04:00,45.54999923706055,45.90999984741211,42.029998779296875,42.34000015258789,3344000,0.0,0.0
2022-05-10 00:00:00-04:00,43.880001068115234,44.540000915527344,39.619998931884766,42.06999969482422,4140100,0.0,0.0
2022-05-11 00:00:00-04:00,41.650001525878906,43.349998474121094,39.83000183105469,40.2400016784668,3209100,0.0,0.0
2022-05-12 00:00:00-04:00,39.064998626708984,42.38999938964844,38.56999969482422,40.31999969482422,3850900,0.0,0.0
2022-05-13 00:00:00-04:00,41.119998931884766,44.14500045776367,41.060001373291016,44.029998779296875,2513100,0.0,0.0
2022-05-16 00:00:00-04:00,43.4900016784668,44.68000030517578,42.47999954223633,42.58000183105469,2310800,0.0,0.0
2022-05-17 00:00:00-04:00,43.95000076293945,44.630001068115234,40.439998626708984,44.099998474121094,5942400,0.0,0.0
2022-05-18 00:00:00-04:00,43.73500061035156,43.73500061035156,40.81999969482422,41.22999954223633,3874900,0.0,0.0
2022-05-19 00:00:00-04:00,40.880001068115234,42.88999938964844,35.029998779296875,40.099998474121094,16772800,0.0,0.0
2022-05-20 00:00:00-04:00,41.0099983215332,41.20000076293945,38.119998931884766,39.66999816894531,6688400,0.0,0.0
2022-05-23 00:00:00-04:00,39.59000015258789,40.25,38.255001068115234,38.689998626708984,7027500,0.0,0.0
2022-05-24 00:00:00-04:00,37.54999923706055,37.689998626708984,33.79499816894531,34.61000061035156,7892600,0.0,0.0
2022-05-25 00:00:00-04:00,34.18000030517578,36.939998626708984,33.81999969482422,36.349998474121094,4582800,0.0,0.0
2022-05-26 00:00:00-04:00,35.86000061035156,37.619998931884766,35.380001068115234,37.290000915527344,5109600,0.0,0.0
2022-05-27 00:00:00-04:00,38.0,41.369998931884766,38.0,41.08000183105469,5004700,0.0,0.0
2022-05-31 00:00:00-04:00,41.52000045776367,42.20000076293945,38.779998779296875,40.38999938964844,9053500,0.0,0.0
2022-06-01 00:00:00-04:00,40.81999969482422,42.439998626708984,39.95000076293945,40.900001525878906,4517800,0.0,0.0
2022-06-02 00:00:00-04:00,40.52000045776367,43.34000015258789,40.18000030517578,42.529998779296875,7766600,0.0,0.0
2022-06-03 00:00:00-04:00,41.52000045776367,42.31999969482422,40.90999984741211,41.27000045776367,4726300,0.0,0.0
2022-06-06 00:00:00-04:00,42.630001068115234,43.349998474121094,40.81999969482422,40.97999954223633,4149500,0.0,0.0
2022-06-07 00:00:00-04:00,40.31999969482422,41.959999084472656,40.13999938964844,40.7400016784668,4800000,0.0,0.0
2022-06-08 00:00:00-04:00,40.36000061035156,41.470001220703125,40.2400016784668,40.439998626708984,4437800,0.0,0.0
2022-06-09 00:00:00-04:00,40.209999084472656,40.47999954223633,37.33000183105469,37.34000015258789,3989200,0.0,0.0
2022-06-10 00:00:00-04:00,36.2599983215332,36.4900016784668,34.20000076293945,34.970001220703125,5611200,0.0,0.0
2022-06-13 00:00:00-04:00,33.880001068115234,33.900001525878906,30.829999923706055,31.049999237060547,8831500,0.0,0.0
2022-06-14 00:00:00-04:00,31.200000762939453,31.639999389648438,30.309999465942383,31.06999969482422,5033200,0.0,0.0
2022-06-15 00:00:00-04:00,31.530000686645508,34.68000030517578,31.260000228881836,33.9900016784668,5526800,0.0,0.0
2022-06-16 00:00:00-04:00,32.90999984741211,33.220001220703125,31.18000030517578,31.43000030517578,5726200,0.0,0.0
2022-06-17 00:00:00-04:00,31.799999237060547,33.189998626708984,31.3700008392334,33.0,7739600,0.0,0.0
2022-06-21 00:00:00-04:00,33.90999984741211,35.380001068115234,33.52000045776367,34.31999969482422,5192600,0.0,0.0
2022-06-22 00:00:00-04:00,33.58000183105469,36.084999084472656,33.32099914550781,34.66999816894531,4219400,0.0,0.0
2022-06-23 00:00:00-04:00,34.849998474121094,36.9900016784668,34.849998474121094,36.68000030517578,4415000,0.0,0.0
2022-06-24 00:00:00-04:00,37.27000045776367,38.25,36.77000045776367,37.709999084472656,22194800,0.0,0.0
2022-06-27 00:00:00-04:00,37.849998474121094,38.27000045776367,35.970001220703125,36.45000076293945,8594000,0.0,0.0
2022-06-28 00:00:00-04:00,36.27000045776367,36.7599983215332,34.04999923706055,34.93000030517578,3989600,0.0,0.0
2022-06-29 00:00:00-04:00,34.880001068115234,34.970001220703125,33.64699935913086,34.189998626708984,3838600,0.0,0.0
2022-06-30 00:00:00-04:00,33.7400016784668,34.244998931884766,32.38999938964844,33.2400016784668,3240900,0.0,0.0
2022-07-01 00:00:00-04:00,33.2400016784668,34.130001068115234,33.119998931884766,33.88999938964844,3357500,0.0,0.0
2022-07-05 00:00:00-04:00,33.275001525878906,36.7400016784668,32.81999969482422,36.72999954223633,4434700,0.0,0.0
2022-07-06 00:00:00-04:00,36.7599983215332,37.869998931884766,35.959999084472656,36.040000915527344,2882400,0.0,0.0
2022-07-07 00:00:00-04:00,36.189998626708984,37.334999084472656,36.150001525878906,37.029998779296875,3055300,0.0,0.0
2022-07-08 00:00:00-04:00,36.90999984741211,37.73500061035156,36.189998626708984,36.650001525878906,2669300,0.0,0.0
2022-07-11 00:00:00-04:00,35.689998626708984,36.5,35.41999816894531,36.189998626708984,2592400,0.0,0.0
2022-07-12 00:00:00-04:00,36.220001220703125,37.349998474121094,35.130001068115234,35.849998474121094,4133900,0.0,0.0
2022-07-13 00:00:00-04:00,34.41999816894531,36.869998931884766,33.939998626708984,35.95000076293945,2186100,0.0,0.0
2022-07-14 00:00:00-04:00,35.43000030517578,35.7599983215332,34.474998474121094,35.40999984741211,4783000,0.0,0.0
2022-07-15 00:00:00-04:00,35.72999954223633,36.45500183105469,35.290000915527344,36.22999954223633,2725000,0.0,0.0
2022-07-18 00:00:00-04:00,36.77000045776367,37.72999954223633,36.15999984741211,36.2400016784668,2325900,0.0,0.0
2022-07-19 00:00:00-04:00,37.29999923706055,38.827999114990234,36.439998626708984,38.56999969482422,4328100,0.0,0.0
2022-07-20 00:00:00-04:00,39.20000076293945,41.119998931884766,39.0,40.16999816894531,3705700,0.0,0.0
2022-07-21 00:00:00-04:00,40.16999816894531,41.38999938964844,39.599998474121094,39.95000076293945,2591200,0.0,0.0
2022-07-22 00:00:00-04:00,39.33000183105469,40.029998779296875,37.41999816894531,37.63999938964844,2139300,0.0,0.0
2022-07-25 00:00:00-04:00,37.619998931884766,37.619998931884766,36.59000015258789,37.099998474121094,1731000,0.0,0.0
2022-07-26 00:00:00-04:00,36.560001373291016,36.68000030517578,35.150001525878906,35.45000076293945,2630000,0.0,0.0
2022-07-27 00:00:00-04:00,36.310001373291016,37.39500045776367,35.88999938964844,37.04999923706055,3635100,0.0,0.0
2022-07-28 00:00:00-04:00,36.529998779296875,37.709999084472656,36.06999969482422,37.52000045776367,2827600,0.0,0.0
2022-07-29 00:00:00-04:00,37.119998931884766,37.94499969482422,36.40800094604492,37.88999938964844,2939300,0.0,0.0
2022-08-01 00:00:00-04:00,37.38999938964844,38.59000015258789,36.43000030517578,37.72999954223633,5655300,0.0,0.0
2022-08-02 00:00:00-04:00,42.650001525878906,43.18000030517578,40.44499969482422,41.970001220703125,7200300,0.0,0.0
2022-08-03 00:00:00-04:00,42.560001373291016,45.09000015258789,42.5099983215332,44.779998779296875,4942700,0.0,0.0
2022-08-04 00:00:00-04:00,44.83000183105469,46.81999969482422,44.45000076293945,46.65999984741211,4475800,0.0,0.0
2022-08-05 00:00:00-04:00,45.470001220703125,47.88999938964844,45.06999969482422,47.72999954223633,3900500,0.0,0.0
2022-08-08 00:00:00-04:00,47.650001525878906,49.38999938964844,47.650001525878906,48.0,2668700,0.0,0.0
2022-08-09 00:00:00-04:00,47.22999954223633,47.790000915527344,45.349998474121094,46.47999954223633,3461500,0.0,0.0
2022-08-10 00:00:00-04:00,49.02000045776367,50.310001373291016,48.11399841308594,49.900001525878906,3763700,0.0,0.0
2022-08-11 00:00:00-04:00,50.7599983215332,50.9900016784668,48.209999084472656,48.81999969482422,3346800,0.0,0.0
2022-08-12 00:00:00-04:00,49.790000915527344,50.43000030517578,48.93000030517578,49.91999816894531,1667900,0.0,0.0
2022-08-15 00:00:00-04:00,49.869998931884766,51.55500030517578,49.43000030517578,51.11000061035156,3458500,0.0,0.0
2022-08-16 00:00:00-04:00,50.959999084472656,51.86000061035156,50.279998779296875,51.59000015258789,2395900,0.0,0.0
2022-08-17 00:00:00-04:00,50.81999969482422,51.64500045776367,50.40999984741211,50.619998931884766,2820800,0.0,0.0
2022-08-18 00:00:00-04:00,50.619998931884766,51.57500076293945,49.77000045776367,51.150001525878906,1779800,0.0,0.0
2022-08-19 00:00:00-04:00,50.43000030517578,50.5,48.71500015258789,49.349998474121094,3326400,0.0,0.0
2022-08-22 00:00:00-04:00,48.0,48.939998626708984,47.2599983215332,47.59000015258789,2905800,0.0,0.0
2022-08-23 00:00:00-04:00,47.959999084472656,50.06999969482422,47.849998474121094,49.41999816894531,3612300,0.0,0.0
2022-08-24 00:00:00-04:00,48.75,48.81999969482422,46.2599983215332,47.130001068115234,8492400,0.0,0.0
2022-08-25 00:00:00-04:00,47.5,48.189998626708984,47.20000076293945,47.83000183105469,4670700,0.0,0.0
2022-08-26 00:00:00-04:00,47.83000183105469,47.84000015258789,45.63999938964844,46.099998474121094,2902600,0.0,0.0
2022-08-29 00:00:00-04:00,45.400001525878906,46.80500030517578,45.25,45.7599983215332,2268400,0.0,0.0
2022-08-30 00:00:00-04:00,46.68000030517578,46.89400100708008,44.959999084472656,46.15999984741211,2180300,0.0,0.0
2022-08-31 00:00:00-04:00,46.36000061035156,46.66999816894531,44.56999969482422,45.41999816894531,6426500,0.0,0.0
2022-09-01 00:00:00-04:00,44.95000076293945,44.95000076293945,41.54999923706055,42.45000076293945,4399400,0.0,0.0
2022-09-02 00:00:00-04:00,43.36000061035156,43.47999954223633,40.959999084472656,41.349998474121094,5164500,0.0,0.0
2022-09-06 00:00:00-04:00,41.349998474121094,41.47999954223633,39.88999938964844,40.849998474121094,6293600,0.0,0.0
2022-09-07 00:00:00-04:00,40.619998931884766,42.84000015258789,40.619998931884766,42.65999984741211,5289500,0.0,0.0
2022-09-08 00:00:00-04:00,42.0,43.974998474121094,41.650001525878906,43.22999954223633,4557400,0.0,0.0
2022-09-09 00:00:00-04:00,43.70000076293945,45.61000061035156,43.70000076293945,45.209999084472656,3514700,0.0,0.0
2022-09-12 00:00:00-04:00,45.0,45.68000030517578,44.150001525878906,45.65999984741211,3254200,0.0,0.0
2022-09-13 00:00:00-04:00,43.349998474121094,44.900001525878906,43.0359992980957,44.70000076293945,2826300,0.0,0.0
2022-09-14 00:00:00-04:00,45.0,45.040000915527344,43.45000076293945,44.900001525878906,3456200,0.0,0.0
2022-09-15 00:00:00-04:00,44.290000915527344,45.209999084472656,43.77000045776367,43.83000183105469,3230000,0.0,0.0
2022-09-16 00:00:00-04:00,42.83000183105469,42.83000183105469,40.9900016784668,41.9900016784668,8793700,0.0,0.0
2022-09-19 00:00:00-04:00,41.81999969482422,43.130001068115234,41.540000915527344,42.88999938964844,3893600,0.0,0.0
2022-09-20 00:00:00-04:00,42.43000030517578,43.16999816894531,41.63999938964844,41.75,3649100,0.0,0.0
2022-09-21 00:00:00-04:00,41.880001068115234,43.5099983215332,41.790000915527344,42.0099983215332,2267600,0.0,0.0
2022-09-22 00:00:00-04:00,41.6150016784668,42.15999984741211,39.97999954223633,40.36000061035156,2650100,0.0,0.0
2022-09-23 00:00:00-04:00,39.63999938964844,40.34000015258789,38.68000030517578,40.040000915527344,2732300,0.0,0.0
2022-09-26 00:00:00-04:00,39.95000076293945,40.59000015258789,39.119998931884766,39.189998626708984,3432500,0.0,0.0
2022-09-27 00:00:00-04:00,40.02000045776367,41.220001220703125,39.650001525878906,40.33000183105469,2334600,0.0,0.0
2022-09-28 00:00:00-04:00,40.779998779296875,42.689998626708984,40.38999938964844,42.290000915527344,2507200,0.0,0.0
2022-09-29 00:00:00-04:00,41.4900016784668,42.13100051879883,40.720001220703125,41.650001525878906,1625200,0.0,0.0
2022-09-30 00:00:00-04:00,41.540000915527344,42.86000061035156,40.939998626708984,41.65999984741211,2974000,0.0,0.0
2022-10-03 00:00:00-04:00,42.310001373291016,44.0099983215332,41.61000061035156,43.810001373291016,4313200,0.0,0.0
2022-10-04 00:00:00-04:00,45.060001373291016,45.900001525878906,44.779998779296875,45.880001068115234,3767100,0.0,0.0
2022-10-05 00:00:00-04:00,45.400001525878906,46.959999084472656,44.91999816894531,46.720001220703125,3248000,0.0,0.0
2022-10-06 00:00:00-04:00,46.86000061035156,48.7599983215332,46.7599983215332,48.619998931884766,6355200,0.0,0.0
2022-10-07 00:00:00-04:00,47.41999816894531,47.4900016784668,43.95000076293945,44.400001525878906,4377900,0.0,0.0
2022-10-10 00:00:00-04:00,44.380001068115234,44.69499969482422,42.75,43.63999938964844,2241900,0.0,0.0
2022-10-11 00:00:00-04:00,43.13999938964844,44.400001525878906,41.709999084472656,43.220001220703125,2761400,0.0,0.0
2022-10-12 00:00:00-04:00,43.66999816894531,43.904998779296875,42.470001220703125,43.77000045776367,1742700,0.0,0.0
2022-10-13 00:00:00-04:00,41.65999984741211,44.08000183105469,40.91999816894531,43.13999938964844,2970400,0.0,0.0
2022-10-14 00:00:00-04:00,44.09000015258789,44.540000915527344,41.7599983215332,41.869998931884766,2503800,0.0,0.0
2022-10-17 00:00:00-04:00,43.630001068115234,44.900001525878906,43.45000076293945,43.810001373291016,2757400,0.0,0.0
2022-10-18 00:00:00-04:00,45.81999969482422,45.939998626708984,44.025001525878906,45.119998931884766,2630200,0.0,0.0
2022-10-19 00:00:00-04:00,44.20000076293945,45.15999984741211,43.91999816894531,44.349998474121094,1963200,0.0,0.0
2022-10-20 00:00:00-04:00,44.7400016784668,46.56999969482422,44.36000061035156,44.939998626708984,4459700,0.0,0.0
2022-10-21 00:00:00-04:00,43.779998779296875,45.02000045776367,42.39500045776367,44.869998931884766,2122900,0.0,0.0
2022-10-24 00:00:00-04:00,44.869998931884766,44.95000076293945,43.099998474121094,44.45000076293945,1812000,0.0,0.0
2022-10-25 00:00:00-04:00,44.81999969482422,46.97999954223633,44.81999969482422,46.68000030517578,3391600,0.0,0.0
2022-10-26 00:00:00-04:00,45.0,47.76499938964844,44.70000076293945,45.68000030517578,2978600,0.0,0.0
2022-10-27 00:00:00-04:00,45.72999954223633,47.459999084472656,45.529998779296875,46.11000061035156,3743700,0.0,0.0
2022-10-28 00:00:00-04:00,45.220001220703125,45.40999984741211,43.77000045776367,45.18000030517578,3037500,0.0,0.0
2022-10-31 00:00:00-04:00,44.84000015258789,45.33000183105469,43.810001373291016,44.529998779296875,3475800,0.0,0.0
2022-11-01 00:00:00-04:00,45.900001525878906,45.900001525878906,43.2400016784668,43.5,5049200,0.0,0.0
2022-11-02 00:00:00-04:00,32.189998626708984,34.45000076293945,30.1200008392334,30.809999465942383,22294300,0.0,0.0
2022-11-03 00:00:00-04:00,30.600000381469727,31.729999542236328,30.18000030517578,31.25,7731900,0.0,0.0
2022-11-04 00:00:00-04:00,31.709999084472656,31.790000915527344,27.93000030517578,29.280000686645508,8891900,0.0,0.0
2022-11-07 00:00:00-05:00,29.56999969482422,29.969999313354492,27.934999465942383,28.049999237060547,7783300,0.0,0.0
2022-11-08 00:00:00-05:00,28.049999237060547,29.6200008392334,27.440000534057617,29.450000762939453,5510000,0.0,0.0
2022-11-09 00:00:00-05:00,29.350000381469727,29.350000381469727,27.975000381469727,28.06999969482422,3874800,0.0,0.0
2022-11-10 00:00:00-05:00,29.989999771118164,30.969999313354492,29.670000076293945,30.940000534057617,5802100,0.0,0.0
2022-11-11 00:00:00-05:00,31.459999084472656,33.06999969482422,31.09000015258789,32.560001373291016,5238800,0.0,0.0
2022-11-14 00:00:00-05:00,32.04999923706055,32.599998474121094,31.264999389648438,31.34000015258789,3063900,0.0,0.0
2022-11-15 00:00:00-05:00,32.43000030517578,32.79999923706055,31.604999542236328,31.690000534057617,3862500,0.0,0.0
2022-11-16 00:00:00-05:00,31.0,31.290000915527344,23.290000915527344,27.170000076293945,23417300,0.0,0.0
2022-11-17 00:00:00-05:00,26.190000534057617,26.270000457763672,24.6299991607666,26.170000076293945,16373700,0.0,0.0
2022-11-18 00:00:00-05:00,26.719999313354492,26.93000030517578,25.889999389648438,26.610000610351562,5070900,0.0,0.0
2022-11-21 00:00:00-05:00,26.68000030517578,27.604999542236328,26.260000228881836,27.510000228881836,5313600,0.0,0.0
2022-11-22 00:00:00-05:00,27.239999771118164,27.530000686645508,26.15999984741211,27.360000610351562,3324000,0.0,0.0
2022-11-23 00:00:00-05:00,27.5,28.719999313354492,27.260000228881836,28.06999969482422,2454100,0.0,0.0
2022-11-25 00:00:00-05:00,27.739999771118164,28.360000610351562,27.3799991607666,27.799999237060547,2059400,0.0,0.0
2022-11-28 00:00:00-05:00,27.405000686645508,27.850000381469727,27.045000076293945,27.229999542236328,2301000,0.0,0.0
2022-11-29 00:00:00-05:00,27.31999969482422,27.459999084472656,26.354999542236328,26.530000686645508,4247900,0.0,0.0
2022-11-30 00:00:00-05:00,26.360000610351562,28.649999618530273,26.139999389648438,28.600000381469727,6651700,0.0,0.0
2022-12-01 00:00:00-05:00,28.530000686645508,29.25,28.239999771118164,28.90999984741211,4341900,0.0,0.0
2022-12-02 00:00:00-05:00,27.8799991607666,29.389999389648438,27.8799991607666,29.270000457763672,3937600,0.0,0.0
2022-12-05 00:00:00-05:00,28.81999969482422,29.549999237060547,28.219999313354492,28.700000762939453,5237100,0.0,0.0
2022-12-06 00:00:00-05:00,28.84000015258789,28.94499969482422,27.6200008392334,27.969999313354492,3208100,0.0,0.0
2022-12-07 00:00:00-05:00,28.010000228881836,28.694000244140625,27.920000076293945,28.329999923706055,3865900,0.0,0.0
2022-12-08 00:00:00-05:00,28.670000076293945,29.520000457763672,28.18000030517578,28.5,4163400,0.0,0.0
2022-12-09 00:00:00-05:00,28.399999618530273,29.2549991607666,28.3700008392334,29.040000915527344,4206000,0.0,0.0
2022-12-12 00:00:00-05:00,29.010000228881836,30.56999969482422,28.90999984741211,30.190000534057617,4391700,0.0,0.0
2022-12-13 00:00:00-05:00,32.06999969482422,32.40700149536133,30.610000610351562,31.06999969482422,5362500,0.0,0.0
2022-12-14 00:00:00-05:00,30.709999084472656,31.65999984741211,30.709999084472656,31.360000610351562,4317800,0.0,0.0
2022-12-15 00:00:00-05:00,30.459999084472656,30.90999984741211,29.75,29.940000534057617,4767400,0.0,0.0
2022-12-16 00:00:00-05:00,29.950000762939453,30.18000030517578,29.479999542236328,29.799999237060547,4492500,0.0,0.0
2022-12-19 00:00:00-05:00,29.479999542236328,29.68000030517578,27.600000381469727,27.940000534057617,6611800,0.0,0.0
2022-12-20 00:00:00-05:00,27.559999465942383,29.049999237060547,27.559999465942383,28.729999542236328,3159000,0.0,0.0
2022-12-21 00:00:00-05:00,28.84000015258789,29.704999923706055,28.350000381469727,29.309999465942383,3617700,0.0,0.0
2022-12-22 00:00:00-05:00,28.739999771118164,28.979999542236328,28.149999618530273,28.950000762939453,3470200,0.0,0.0
2022-12-23 00:00:00-05:00,28.760000228881836,28.875,28.110000610351562,28.799999237060547,2623700,0.0,0.0
2022-12-27 00:00:00-05:00,28.549999237060547,28.90999984741211,27.81999969482422,28.549999237060547,2714900,0.0,0.0
2022-12-28 00:00:00-05:00,28.110000610351562,28.709999084472656,28.104000091552734,28.43000030517578,3248300,0.0,0.0
2022-12-29 00:00:00-05:00,29.0,30.399999618530273,28.610000610351562,30.149999618530273,2575600,0.0,0.0
2022-12-30 00:00:00-05:00,29.549999237060547,30.270000457763672,29.280000686645508,30.110000610351562,2859400,0.0,0.0
2023-01-03 00:00:00-05:00,30.670000076293945,31.049999237060547,29.40999984741211,29.440000534057617,3246500,0.0,0.0
2023-01-04 00:00:00-05:00,28.459999084472656,28.56999969482422,27.600000381469727,27.770000457763672,8281900,0.0,0.0
2023-01-05 00:00:00-05:00,27.469999313354492,27.469999313354492,25.389999389648438,25.93000030517578,8553500,0.0,0.0
2023-01-06 00:00:00-05:00,26.040000915527344,26.09000015258789,24.684999465942383,25.110000610351562,9252300,0.0,0.0
2023-01-09 00:00:00-05:00,25.190000534057617,26.155000686645508,24.844999313354492,25.979999542236328,9617900,0.0,0.0
2023-01-10 00:00:00-05:00,25.389999389648438,26.295000076293945,24.93000030517578,25.469999313354492,9930000,0.0,0.0
2023-01-11 00:00:00-05:00,25.780000686645508,26.475000381469727,25.420000076293945,26.43000030517578,8743100,0.0,0.0
2023-01-12 00:00:00-05:00,26.270000457763672,26.479999542236328,25.1299991607666,25.729999542236328,5210200,0.0,0.0
2023-01-13 00:00:00-05:00,25.649999618530273,26.075000762939453,25.040000915527344,26.010000228881836,3474800,0.0,0.0
2023-01-17 00:00:00-05:00,26.030000686645508,26.6299991607666,25.510000228881836,26.389999389648438,7029500,0.0,0.0
2023-01-18 00:00:00-05:00,26.559999465942383,26.959999084472656,26.104999542236328,26.260000228881836,3849000,0.0,0.0
2023-01-19 00:00:00-05:00,25.84000015258789,26.229999542236328,25.520000457763672,25.6299991607666,2430900,0.0,0.0
2023-01-20 00:00:00-05:00,25.75,26.229999542236328,25.600000381469727,25.889999389648438,6395600,0.0,0.0
2023-01-23 00:00:00-05:00,25.899999618530273,27.18000030517578,25.739999771118164,27.0,3400900,0.0,0.0
2023-01-24 00:00:00-05:00,26.489999771118164,27.25,26.420000076293945,26.729999542236328,2364200,0.0,0.0
2023-01-25 00:00:00-05:00,25.889999389648438,26.420000076293945,25.020000457763672,26.190000534057617,3030500,0.0,0.0
2023-01-26 00:00:00-05:00,26.889999389648438,27.540000915527344,26.389999389648438,27.5,3222100,0.0,0.0
2023-01-27 00:00:00-05:00,27.299999237060547,27.959999084472656,27.1200008392334,27.610000610351562,3537300,0.0,0.0
2023-01-30 00:00:00-05:00,27.260000228881836,27.700000762939453,26.920000076293945,27.389999389648438,2490100,0.0,0.0
2023-01-31 00:00:00-05:00,27.5,28.239999771118164,27.385000228881836,28.229999542236328,3166100,0.0,0.0
2023-02-01 00:00:00-05:00,27.6299991607666,28.579999923706055,27.270000457763672,28.395000457763672,9444300,0.0,0.0
2023-02-02 00:00:00-05:00,29.59000015258789,30.260000228881836,28.989999771118164,30.1200008392334,5235800,0.0,0.0
2023-02-03 00:00:00-05:00,28.920000076293945,29.950000762939453,28.834999084472656,29.06999969482422,4621900,0.0,0.0
2023-02-06 00:00:00-05:00,28.68000030517578,29.31999969482422,28.469999313354492,28.719999313354492,8303900,0.0,0.0
2023-02-07 00:00:00-05:00,26.540000915527344,30.979999542236328,26.18000030517578,30.239999771118164,16607700,0.0,0.0
2023-02-08 00:00:00-05:00,29.895000457763672,30.0,27.889999389648438,28.049999237060547,8602600,0.0,0.0
2023-02-09 00:00:00-05:00,28.5,28.920000076293945,27.290000915527344,27.56999969482422,5306200,0.0,0.0
2023-02-10 00:00:00-05:00,27.270000457763672,27.34000015258789,25.774999618530273,25.799999237060547,5285900,0.0,0.0
2023-02-13 00:00:00-05:00,26.040000915527344,26.770000457763672,25.68000030517578,26.610000610351562,6150800,0.0,0.0
2023-02-14 00:00:00-05:00,26.459999084472656,27.450000762939453,26.25,26.8700008392334,4409700,0.0,0.0
2023-02-15 00:00:00-05:00,26.90999984741211,28.530000686645508,26.635000228881836,28.290000915527344,9506800,0.0,0.0
2023-02-16 00:00:00-05:00,27.469999313354492,27.610000610351562,26.3799991607666,26.399999618530273,3811400,0.0,0.0
2023-02-17 00:00:00-05:00,26.18000030517578,26.18000030517578,25.25,25.709999084472656,3635100,0.0,0.0
2023-02-21 00:00:00-05:00,25.290000915527344,25.665000915527344,25.06999969482422,25.520000457763672,2653500,0.0,0.0
2023-02-22 00:00:00-05:00,25.729999542236328,26.139999389648438,25.514999389648438,25.950000762939453,2536500,0.0,0.0
2023-02-23 00:00:00-05:00,26.3799991607666,26.459999084472656,25.579999923706055,26.020000457763672,4053600,0.0,0.0
2023-02-24 00:00:00-05:00,25.40999984741211,25.6200008392334,25.049999237060547,25.190000534057617,2301400,0.0,0.0
2023-02-27 00:00:00-05:00,25.520000457763672,25.600000381469727,24.420000076293945,24.65999984741211,5020900,0.0,0.0
2023-02-28 00:00:00-05:00,24.6200008392334,24.790000915527344,24.075000762939453,24.170000076293945,5838900,0.0,0.0
2023-03-01 00:00:00-05:00,24.420000076293945,24.75,24.30500030517578,24.350000381469727,3313100,0.0,0.0
2023-03-02 00:00:00-05:00,24.06999969482422,25.035999298095703,24.020000457763672,24.780000686645508,2940900,0.0,0.0
2023-03-03 00:00:00-05:00,25.1299991607666,26.270000457763672,25.1299991607666,25.850000381469727,3889400,0.0,0.0
2023-03-06 00:00:00-05:00,26.010000228881836,26.360000610351562,25.540000915527344,25.56999969482422,3399500,0.0,0.0
2023-03-07 00:00:00-05:00,25.84000015258789,26.045000076293945,25.0,25.010000228881836,2768300,0.0,0.0
2023-03-08 00:00:00-05:00,24.979999542236328,25.219999313354492,24.479999542236328,24.6200008392334,2024300,0.0,0.0
2023-03-09 00:00:00-05:00,24.5,24.81999969482422,23.94499969482422,24.18000030517578,5299800,0.0,0.0
2023-03-10 00:00:00-05:00,23.950000762939453,24.020000457763672,21.709999084472656,21.850000381469727,12625200,0.0,0.0
2023-03-13 00:00:00-04:00,21.889999389648438,21.96500015258789,20.719999313354492,21.420000076293945,15325800,0.0,0.0
2023-03-14 00:00:00-04:00,22.65999984741211,22.770000457763672,21.260000228881836,21.360000610351562,8862700,0.0,0.0
2023-03-15 00:00:00-04:00,21.010000228881836,22.450000762939453,20.8799991607666,22.219999313354492,7314000,0.0,0.0
2023-03-16 00:00:00-04:00,22.25,23.049999237060547,22.040000915527344,22.940000534057617,5024700,0.0,0.0
2023-03-17 00:00:00-04:00,22.700000762939453,23.854999542236328,22.700000762939453,23.760000228881836,5442000,0.0,0.0
2023-03-20 00:00:00-04:00,23.540000915527344,23.68000030517578,22.969999313354492,23.520000457763672,5616700,0.0,0.0
2023-03-21 00:00:00-04:00,23.739999771118164,24.18000030517578,23.639999389648438,24.06999969482422,4033900,0.0,0.0
2023-03-22 00:00:00-04:00,23.950000762939453,24.399999618530273,23.450000762939453,23.489999771118164,3146900,0.0,0.0
2023-03-23 00:00:00-04:00,23.829999923706055,24.15999984741211,23.28499984741211,23.34000015258789,2746600,0.0,0.0
2023-03-24 00:00:00-04:00,23.219999313354492,23.350000381469727,22.584999084472656,23.18000030517578,2225100,0.0,0.0
2023-03-27 00:00:00-04:00,23.18000030517578,23.239999771118164,22.610000610351562,23.06999969482422,4213600,0.0,0.0
2023-03-28 00:00:00-04:00,23.010000228881836,23.329999923706055,22.860000610351562,23.15999984741211,2622500,0.0,0.0
2023-03-29 00:00:00-04:00,23.510000228881836,24.274999618530273,23.434999465942383,24.139999389648438,3378800,0.0,0.0
2023-03-30 00:00:00-04:00,24.520000457763672,24.760000228881836,24.25,24.420000076293945,2644600,0.0,0.0
2023-03-31 00:00:00-04:00,24.540000915527344,25.200000762939453,24.360000610351562,24.709999084472656,4710600,0.0,0.0
2023-04-03 00:00:00-04:00,24.43000030517578,24.809999465942383,23.989999771118164,24.559999465942383,2481200,0.0,0.0
2023-04-04 00:00:00-04:00,24.799999237060547,24.850000381469727,23.954999923706055,24.030000686645508,3692300,0.0,0.0
2023-04-05 00:00:00-04:00,23.719999313354492,23.719999313354492,22.610000610351562,22.989999771118164,3978500,0.0,0.0
2023-04-06 00:00:00-04:00,22.864999771118164,23.274999618530273,22.520000457763672,23.110000610351562,5387000,0.0,0.0
2023-04-10 00:00:00-04:00,22.600000381469727,23.309999465942383,22.600000381469727,23.079999923706055,2050100,0.0,0.0
2023-04-11 00:00:00-04:00,23.1200008392334,23.31999969482422,22.954999923706055,23.040000915527344,2592300,0.0,0.0
2023-04-12 00:00:00-04:00,23.530000686645508,23.670000076293945,22.510000228881836,22.520000457763672,1894300,0.0,0.0
2023-04-13 00:00:00-04:00,22.670000076293945,23.290000915527344,22.559999465942383,22.600000381469727,3457800,0.0,0.0
2023-04-14 00:00:00-04:00,22.360000610351562,22.6299991607666,21.864999771118164,22.149999618530273,2889200,0.0,0.0
2023-04-17 00:00:00-04:00,22.31999969482422,22.825000762939453,22.010000228881836,22.40999984741211,5354600,0.0,0.0
2023-04-18 00:00:00-04:00,22.530000686645508,22.530000686645508,21.450000762939453,21.809999465942383,6957900,0.0,0.0
2023-04-19 00:00:00-04:00,21.5,22.190000534057617,21.5,21.920000076293945,3566700,0.0,0.0
2023-04-20 00:00:00-04:00,21.670000076293945,22.0049991607666,21.364999771118164,21.459999084472656,3401800,0.0,0.0
2023-04-21 00:00:00-04:00,21.5,22.09000015258789,21.434999465942383,21.989999771118164,3850200,0.0,0.0
2023-04-24 00:00:00-04:00,21.940000534057617,22.010000228881836,21.19099998474121,21.5,3291300,0.0,0.0
2023-04-25 00:00:00-04:00,21.459999084472656,21.56999969482422,21.139999389648438,21.229999542236328,5461300,0.0,0.0
2023-04-26 00:00:00-04:00,21.584999084472656,21.850000381469727,21.184999465942383,21.280000686645508,3457200,0.0,0.0
2023-04-27 00:00:00-04:00,21.530000686645508,21.68000030517578,21.0049991607666,21.450000762939453,5022700,0.0,0.0
2023-04-28 00:00:00-04:00,21.09000015258789,22.03499984741211,20.8799991607666,21.90999984741211,8164700,0.0,0.0
2023-05-01 00:00:00-04:00,21.75,21.920000076293945,21.395000457763672,21.700000762939453,5960500,0.0,0.0
2023-05-02 00:00:00-04:00,23.1299991607666,23.350000381469727,21.729999542236328,21.979999542236328,11138800,0.0,0.0
2023-05-03 00:00:00-04:00,21.979999542236328,22.344999313354492,21.290000915527344,21.450000762939453,5198300,0.0,0.0
2023-05-04 00:00:00-04:00,21.790000915527344,22.155000686645508,20.5,20.56999969482422,4893200,0.0,0.0
2023-05-05 00:00:00-04:00,20.729999542236328,21.125,20.520000457763672,20.549999237060547,5246600,0.0,0.0
2023-05-08 00:00:00-04:00,20.579999923706055,21.15999984741211,20.329999923706055,21.110000610351562,4135200,0.0,0.0
2023-05-09 00:00:00-04:00,20.860000610351562,21.09000015258789,20.40999984741211,20.440000534057617,5855300,0.0,0.0
2023-05-10 00:00:00-04:00,20.700000762939453,21.1200008392334,20.559999465942383,21.100000381469727,4083400,0.0,0.0
2023-05-11 00:00:00-04:00,21.28499984741211,21.28499984741211,20.739999771118164,21.190000534057617,2582100,0.0,0.0
2023-05-12 00:00:00-04:00,21.239999771118164,21.239999771118164,20.440000534057617,20.610000610351562,3435300,0.0,0.0
2023-05-15 00:00:00-04:00,20.59000015258789,21.80500030517578,20.5,21.770000457763672,2924000,0.0,0.0
2023-05-16 00:00:00-04:00,21.6200008392334,23.8700008392334,21.579999923706055,22.75,9083900,0.0,0.0
2023-05-17 00:00:00-04:00,22.799999237060547,22.940000534057617,22.2450008392334,22.489999771118164,3188600,0.0,0.0
2023-05-18 00:00:00-04:00,22.81999969482422,24.09000015258789,22.780000686645508,24.059999465942383,4569300,0.0,0.0
2023-05-19 00:00:00-04:00,24.049999237060547,24.399999618530273,23.405000686645508,23.989999771118164,3829700,0.0,0.0
2023-05-22 00:00:00-04:00,23.93000030517578,25.469999313354492,23.889999389648438,25.25,5759800,0.0,0.0
2023-05-23 00:00:00-04:00,25.149999618530273,25.434999465942383,24.68000030517578,24.739999771118164,3932700,0.0,0.0
2023-05-24 00:00:00-04:00,24.440000534057617,24.649999618530273,24.18000030517578,24.309999465942383,3388300,0.0,0.0
2023-05-25 00:00:00-04:00,24.3799991607666,24.5,23.040000915527344,23.06999969482422,4272100,0.0,0.0
2023-05-26 00:00:00-04:00,23.100000381469727,23.635000228881836,23.09000015258789,23.479999542236328,3249800,0.0,0.0
2023-05-30 00:00:00-04:00,23.780000686645508,24.989999771118164,23.780000686645508,24.729999542236328,4667200,0.0,0.0
2023-05-31 00:00:00-04:00,24.75,25.200000762939453,24.389999389648438,24.729999542236328,6201700,0.0,0.0
2023-06-01 00:00:00-04:00,24.549999237060547,26.0,24.389999389648438,25.90999984741211,6045200,0.0,0.0
2023-06-02 00:00:00-04:00,26.09000015258789,26.6299991607666,25.8799991607666,26.450000762939453,5284400,0.0,0.0
2023-06-05 00:00:00-04:00,27.0,27.0,25.68000030517578,26.549999237060547,7160900,0.0,0.0
2023-06-06 00:00:00-04:00,26.469999313354492,27.065000534057617,26.295000076293945,26.760000228881836,4128300,0.0,0.0
2023-06-07 00:00:00-04:00,27.0,27.239999771118164,26.46299934387207,26.729999542236328,6524600,0.0,0.0
2023-06-08 00:00:00-04:00,26.3799991607666,26.65999984741211,25.854999542236328,25.889999389648438,5101700,0.0,0.0
2023-06-09 00:00:00-04:00,26.0,26.854999542236328,25.979999542236328,26.149999618530273,4950700,0.0,0.0
2023-06-12 00:00:00-04:00,26.18000030517578,26.809999465942383,26.149999618530273,26.690000534057617,3564000,0.0,0.0
2023-06-13 00:00:00-04:00,27.0,28.5049991607666,26.90999984741211,28.459999084472656,7366700,0.0,0.0
2023-06-14 00:00:00-04:00,28.299999237060547,28.7549991607666,27.375,27.649999618530273,6465900,0.0,0.0
2023-06-15 00:00:00-04:00,27.350000381469727,28.514999389648438,27.280000686645508,28.399999618530273,4122400,0.0,0.0
2023-06-16 00:00:00-04:00,26.75,27.030000686645508,25.450000762939453,26.81999969482422,58348100,0.0,0.0
2023-06-20 00:00:00-04:00,26.579999923706055,26.739999771118164,25.729999542236328,26.5,5328500,0.0,0.0
2023-06-21 00:00:00-04:00,26.079999923706055,26.270000457763672,23.895000457763672,23.969999313354492,10520600,0.0,0.0
2023-06-22 00:00:00-04:00,23.600000381469727,24.479999542236328,23.5,24.270000457763672,5734800,0.0,0.0
2023-06-23 00:00:00-04:00,23.65999984741211,24.270000457763672,23.5,23.989999771118164,13694000,0.0,0.0
2023-06-26 00:00:00-04:00,23.829999923706055,24.979999542236328,23.829999923706055,24.6200008392334,6778200,0.0,0.0
2023-06-27 00:00:00-04:00,24.760000228881836,24.950000762939453,23.975000381469727,24.139999389648438,4439300,0.0,0.0
2023-06-28 00:00:00-04:00,25.65999984741211,25.690000534057617,24.947999954223633,25.610000610351562,7340300,0.0,0.0
2023-06-29 00:00:00-04:00,25.6200008392334,26.1200008392334,25.510000228881836,26.079999923706055,6557700,0.0,0.0
2023-06-30 00:00:00-04:00,26.34000015258789,26.450000762939453,25.385000228881836,25.389999389648438,4053700,0.0,0.0
2023-07-03 00:00:00-04:00,25.5,26.270000457763672,25.309999465942383,26.18000030517578,2971500,0.0,0.0
2023-07-05 00:00:00-04:00,26.09000015258789,26.09000015258789,25.174999237060547,25.479999542236328,3950700,0.0,0.0
2023-07-06 00:00:00-04:00,25.079999923706055,25.219999313354492,24.690000534057617,24.84000015258789,2871700,0.0,0.0
2023-07-07 00:00:00-04:00,24.950000762939453,25.780000686645508,24.950000762939453,25.520000457763672,2606000,0.0,0.0
2023-07-10 00:00:00-04:00,25.290000915527344,25.889999389648438,25.075000762939453,25.850000381469727,3306900,0.0,0.0
2023-07-11 00:00:00-04:00,26.0,26.959999084472656,25.90999984741211,26.899999618530273,3527400,0.0,0.0
2023-07-12 00:00:00-04:00,27.40999984741211,27.709999084472656,27.200000762939453,27.559999465942383,5914300,0.0,0.0
2023-07-13 00:00:00-04:00,27.979999542236328,28.219999313354492,27.860000610351562,28.059999465942383,3182800,0.0,0.0
2023-07-14 00:00:00-04:00,28.170000076293945,28.270000457763672,27.2549991607666,27.290000915527344,4404600,0.0,0.0
2023-07-17 00:00:00-04:00,27.15999984741211,29.014999389648438,27.139999389648438,28.889999389648438,6404800,0.0,0.0
2023-07-18 00:00:00-04:00,28.899999618530273,29.05500030517578,28.5049991607666,28.950000762939453,3827000,0.0,0.0
2023-07-19 00:00:00-04:00,29.450000762939453,30.155000686645508,28.6299991607666,28.850000381469727,6666000,0.0,0.0
2023-07-20 00:00:00-04:00,28.489999771118164,28.729999542236328,27.0,27.020000457763672,4282400,0.0,0.0
2023-07-21 00:00:00-04:00,27.190000534057617,27.4950008392334,26.540000915527344,26.68000030517578,4738700,0.0,0.0
2023-07-24 00:00:00-04:00,25.860000610351562,26.200000762939453,25.510000228881836,25.81999969482422,5471000,0.0,0.0
2023-07-25 00:00:00-04:00,25.809999465942383,25.84000015258789,25.049999237060547,25.270000457763672,4730800,0.0,0.0
2023-07-26 00:00:00-04:00,25.309999465942383,25.639999389648438,25.1200008392334,25.520000457763672,4760600,0.0,0.0
2023-07-27 00:00:00-04:00,26.194000244140625,26.194000244140625,24.90999984741211,25.079999923706055,4446400,0.0,0.0
2023-07-28 00:00:00-04:00,25.520000457763672,26.059999465942383,25.44499969482422,25.770000457763672,4599600,0.0,0.0
2023-07-31 00:00:00-04:00,25.989999771118164,26.229999542236328,25.44499969482422,25.56999969482422,9917900,0.0,0.0
2023-08-01 00:00:00-04:00,20.700000762939453,20.75,18.559999465942383,18.670000076293945,38626300,0.0,0.0
2023-08-02 00:00:00-04:00,18.399999618530273,19.020000457763672,18.309999465942383,18.399999618530273,17606900,0.0,0.0
2023-08-03 00:00:00-04:00,18.25,18.799999237060547,18.25,18.649999618530273,13004000,0.0,0.0
2023-08-04 00:00:00-04:00,18.899999618530273,18.899999618530273,18.354999542236328,18.5,9223600,0.0,0.0
2023-08-07 00:00:00-04:00,18.5,18.59000015258789,18.219999313354492,18.520000457763672,5837700,0.0,0.0
2023-08-08 00:00:00-04:00,18.170000076293945,18.469999313354492,18.0,18.450000762939453,7587600,0.0,0.0
2023-08-09 00:00:00-04:00,18.489999771118164,18.55500030517578,18.18000030517578,18.329999923706055,5819000,0.0,0.0
2023-08-10 00:00:00-04:00,18.510000228881836,18.65999984741211,18.239999771118164,18.399999618530273,8256600,0.0,0.0
2023-08-11 00:00:00-04:00,18.290000915527344,18.850000381469727,18.25,18.770000457763672,5473800,0.0,0.0
2023-08-14 00:00:00-04:00,18.65999984741211,18.760000228881836,18.329999923706055,18.40999984741211,5122900,0.0,0.0
2023-08-15 00:00:00-04:00,18.270000457763672,18.635000228881836,18.190000534057617,18.229999542236328,4520300,0.0,0.0
2023-08-16 00:00:00-04:00,18.06999969482422,18.270000457763672,17.979999542236328,18.0,4806400,0.0,0.0
2023-08-17 00:00:00-04:00,17.93000030517578,18.079999923706055,17.690000534057617,17.700000762939453,4953200,0.0,0.0
2023-08-18 00:00:00-04:00,17.5,17.709999084472656,17.34000015258789,17.43000030517578,6201700,0.0,0.0
2023-08-21 00:00:00-04:00,17.350000381469727,17.674999237060547,17.34000015258789,17.549999237060547,5260900,0.0,0.0
2023-08-22 00:00:00-04:00,17.649999618530273,17.969999313354492,17.530000686645508,17.90999984741211,5980100,0.0,0.0
2023-08-23 00:00:00-04:00,17.989999771118164,18.538000106811523,17.84000015258789,18.290000915527344,5946400,0.0,0.0
2023-08-24 00:00:00-04:00,18.40999984741211,18.44700050354004,17.829999923706055,17.979999542236328,4800700,0.0,0.0
2023-08-25 00:00:00-04:00,18.020000457763672,18.155000686645508,17.844999313354492,17.90999984741211,5476000,0.0,0.0
2023-08-28 00:00:00-04:00,18.0,18.2189998626709,17.84000015258789,17.8799991607666,3336100,0.0,0.0
2023-08-29 00:00:00-04:00,17.860000610351562,17.985000610351562,17.729999542236328,17.84000015258789,5188700,0.0,0.0
2023-08-30 00:00:00-04:00,17.829999923706055,18.040000915527344,17.709999084472656,17.790000915527344,6049300,0.0,0.0
2023-08-31 00:00:00-04:00,17.920000076293945,18.329999923706055,17.8700008392334,18.020000457763672,8268200,0.0,0.0
2023-09-01 00:00:00-04:00,18.18000030517578,18.6299991607666,18.149999618530273,18.579999923706055,6501900,0.0,0.0
2023-09-05 00:00:00-04:00,18.079999923706055,18.299999237060547,17.90999984741211,18.110000610351562,4596900,0.0,0.0
2023-09-06 00:00:00-04:00,18.139999389648438,18.149999618530273,17.773000717163086,17.8700008392334,3734000,0.0,0.0
2023-09-07 00:00:00-04:00,17.65999984741211,18.135000228881836,17.559999465942383,17.81999969482422,4522600,0.0,0.0
2023-09-08 00:00:00-04:00,17.799999237060547,17.864999771118164,17.43000030517578,17.59000015258789,5182700,0.0,0.0
2023-09-11 00:00:00-04:00,17.770000457763672,17.84000015258789,17.450000762939453,17.5,5078100,0.0,0.0
2023-09-12 00:00:00-04:00,17.3700008392334,17.920000076293945,17.3700008392334,17.799999237060547,5166000,0.0,0.0
2023-09-13 00:00:00-04:00,17.709999084472656,17.795000076293945,17.139999389648438,17.170000076293945,4798200,0.0,0.0
2023-09-14 00:00:00-04:00,17.200000762939453,17.44499969482422,17.100000381469727,17.25,4824900,0.0,0.0
2023-09-15 00:00:00-04:00,17.260000228881836,17.34000015258789,17.045000076293945,17.219999313354492,13571000,0.0,0.0
2023-09-18 00:00:00-04:00,17.219999313354492,17.4950008392334,17.0,17.030000686645508,7708400,0.0,0.0
2023-09-19 00:00:00-04:00,16.860000610351562,16.93000030517578,16.389999389648438,16.530000686645508,7495400,0.0,0.0
2023-09-20 00:00:00-04:00,16.68000030517578,16.68000030517578,15.949999809265137,15.960000038146973,6545500,0.0,0.0
2023-09-21 00:00:00-04:00,15.84000015258789,15.904999732971191,15.529999732971191,15.729999542236328,9354600,0.0,0.0
2023-09-22 00:00:00-04:00,15.829999923706055,16.014999389648438,15.600000381469727,15.859999656677246,5065200,0.0,0.0
2023-09-25 00:00:00-04:00,15.65999984741211,16.165000915527344,15.65999984741211,16.049999237060547,4750800,0.0,0.0
2023-09-26 00:00:00-04:00,15.970000267028809,16.030000686645508,15.729999542236328,15.779999732971191,4802700,0.0,0.0
2023-09-27 00:00:00-04:00,15.869999885559082,16.25,15.819999694824219,16.219999313354492,4598700,0.0,0.0
2023-09-28 00:00:00-04:00,16.18000030517578,16.53499984741211,15.970000267028809,16.34000015258789,4887200,0.0,0.0
2023-09-29 00:00:00-04:00,16.579999923706055,16.790000915527344,16.31999969482422,16.399999618530273,4056400,0.0,0.0
2023-10-02 00:00:00-04:00,16.420000076293945,16.59000015258789,16.059999465942383,16.15999984741211,6088800,0.0,0.0
2023-10-03 00:00:00-04:00,16.0,16.514999389648438,16.0,16.299999237060547,4848500,0.0,0.0
2023-10-04 00:00:00-04:00,16.350000381469727,16.770000457763672,16.290000915527344,16.75,4893400,0.0,0.0
2023-10-05 00:00:00-04:00,16.719999313354492,16.827999114990234,16.4950008392334,16.520000457763672,9684200,0.0,0.0
2023-10-06 00:00:00-04:00,16.399999618530273,17.02899932861328,16.3700008392334,16.93000030517578,4201800,0.0,0.0
2023-10-09 00:00:00-04:00,16.739999771118164,16.975000381469727,16.700000762939453,16.93000030517578,3959700,0.0,0.0
2023-10-10 00:00:00-04:00,17.0,17.40999984741211,16.969999313354492,17.170000076293945,5427000,0.0,0.0
2023-10-11 00:00:00-04:00,17.079999923706055,17.520000457763672,17.079999923706055,17.5,4651600,0.0,0.0
2023-10-12 00:00:00-04:00,17.43000030517578,17.46500015258789,16.959999084472656,17.049999237060547,5077000,0.0,0.0
2023-10-13 00:00:00-04:00,17.0,17.100000381469727,16.709999084472656,16.850000381469727,4697000,0.0,0.0
2023-10-16 00:00:00-04:00,16.959999084472656,17.329999923706055,16.8799991607666,17.149999618530273,5619400,0.0,0.0
2023-10-17 00:00:00-04:00,17.020000457763672,17.4950008392334,16.969999313354492,17.399999618530273,4998400,0.0,0.0
2023-10-18 00:00:00-04:00,17.18000030517578,17.329999923706055,17.059999465942383,17.09000015258789,2932100,0.0,0.0
2023-10-19 00:00:00-04:00,17.079999923706055,17.315000534057617,16.959999084472656,17.0,3725500,0.0,0.0
2023-10-20 00:00:00-04:00,16.950000762939453,17.225000381469727,16.899999618530273,16.989999771118164,4702200,0.0,0.0
2023-10-23 00:00:00-04:00,16.75,16.850000381469727,15.890000343322754,15.920000076293945,6157800,0.0,0.0
2023-10-24 00:00:00-04:00,16.09000015258789,16.565000534057617,16.09000015258789,16.229999542236328,6696300,0.0,0.0
2023-10-25 00:00:00-04:00,16.100000381469727,16.329999923706055,15.6850004196167,15.720000267028809,7911400,0.0,0.0
2023-10-26 00:00:00-04:00,15.770000457763672,15.869999885559082,15.359999656677246,15.510000228881836,5428400,0.0,0.0
2023-10-27 00:00:00-04:00,15.739999771118164,15.829999923706055,15.140000343322754,15.34000015258789,7298500,0.0,0.0
2023-10-30 00:00:00-04:00,15.479999542236328,15.720000267028809,15.100000381469727,15.510000228881836,9792500,0.0,0.0
2023-10-31 00:00:00-04:00,14.899999618530273,14.899999618530273,12.779999732971191,12.960000038146973,21264700,0.0,0.0
2023-11-01 00:00:00-04:00,12.729999542236328,12.989999771118164,12.359999656677246,12.529999732971191,13974000,0.0,0.0
2023-11-02 00:00:00-04:00,12.760000228881836,12.869999885559082,12.40999984741211,12.770000457763672,12328400,0.0,0.0
2023-11-03 00:00:00-04:00,12.9399995803833,13.755999565124512,12.9399995803833,13.630000114440918,8581200,0.0,0.0
2023-11-06 00:00:00-05:00,13.609999656677246,13.609999656677246,13.09000015258789,13.09000015258789,7233700,0.0,0.0
2023-11-07 00:00:00-05:00,13.149999618530273,13.46500015258789,12.90999984741211,13.329999923706055,6185900,0.0,0.0
2023-11-08 00:00:00-05:00,13.300000190734863,13.4399995803833,12.984999656677246,13.010000228881836,6277600,0.0,0.0
2023-11-09 00:00:00-05:00,13.100000381469727,13.100000381469727,12.489999771118164,12.59000015258789,5271900,0.0,0.0
2023-11-10 00:00:00-05:00,12.569999694824219,12.770000457763672,12.369999885559082,12.760000228881836,5895300,0.0,0.0
2023-11-13 00:00:00-05:00,12.65999984741211,12.770000457763672,12.46500015258789,12.550000190734863,4640900,0.0,0.0
2023-11-14 00:00:00-05:00,12.850000381469727,13.390000343322754,12.84000015258789,13.289999961853027,7181500,0.0,0.0
2023-11-15 00:00:00-05:00,13.3100004196167,13.8100004196167,13.289999961853027,13.619999885559082,7148000,0.0,0.0
2023-11-16 00:00:00-05:00,13.579999923706055,13.579999923706055,13.130000114440918,13.3100004196167,3102800,0.0,0.0
2023-11-17 00:00:00-05:00,13.289999961853027,13.4399995803833,13.194999694824219,13.420000076293945,3853700,0.0,0.0
2023-11-20 00:00:00-05:00,13.369999885559082,14.100000381469727,13.319999694824219,13.979999542236328,5417900,0.0,0.0
2023-11-21 00:00:00-05:00,13.8100004196167,13.869999885559082,13.635000228881836,13.84000015258789,5889200,0.0,0.0
2023-11-22 00:00:00-05:00,13.979999542236328,14.359999656677246,13.800000190734863,14.279999732971191,6284100,0.0,0.0
2023-11-24 00:00:00-05:00,14.1899995803833,14.279999732971191,14.010000228881836,14.170000076293945,2825400,0.0,0.0
2023-11-27 00:00:00-05:00,14.09000015258789,14.274999618530273,13.829999923706055,13.880000114440918,3753600,0.0,0.0
2023-11-28 00:00:00-05:00,13.859999656677246,14.069999694824219,13.649999618530273,13.989999771118164,4888500,0.0,0.0
2023-11-29 00:00:00-05:00,14.15999984741211,14.300000190734863,13.96500015258789,14.220000267028809,6768800,0.0,0.0
2023-11-30 00:00:00-05:00,14.300000190734863,14.600000381469727,13.960000038146973,14.369999885559082,31610600,0.0,0.0
2023-12-01 00:00:00-05:00,14.350000381469727,15.140000343322754,13.890000343322754,15.050000190734863,9749200,0.0,0.0
2023-12-04 00:00:00-05:00,14.949999809265137,15.279999732971191,14.600000381469727,14.710000038146973,5611300,0.0,0.0
2023-12-05 00:00:00-05:00,14.569999694824219,14.630000114440918,14.25,14.479999542236328,3657300,0.0,0.0
2023-12-06 00:00:00-05:00,14.600000381469727,16.06999969482422,14.430000305175781,15.5,12474800,0.0,0.0
2023-12-07 00:00:00-05:00,15.479999542236328,15.569999694824219,15.164999961853027,15.239999771118164,5610400,0.0,0.0
2023-12-08 00:00:00-05:00,15.130000114440918,15.65999984741211,14.970000267028809,15.640000343322754,6177300,0.0,0.0
2023-12-11 00:00:00-05:00,15.550000190734863,16.18000030517578,15.470000267028809,16.149999618530273,7077200,0.0,0.0
2023-12-12 00:00:00-05:00,16.149999618530273,16.170000076293945,15.6899995803833,15.859999656677246,6937500,0.0,0.0
2023-12-13 00:00:00-05:00,15.850000381469727,17.15999984741211,15.5,17.079999923706055,8630700,0.0,0.0
2023-12-14 00:00:00-05:00,17.530000686645508,18.795000076293945,17.5,18.290000915527344,17227600,0.0,0.0
2023-12-15 00:00:00-05:00,18.25,18.451000213623047,17.770000457763672,18.329999923706055,12454000,0.0,0.0
2023-12-18 00:00:00-05:00,18.350000381469727,18.389999389648438,17.854999542236328,18.059999465942383,5304000,0.0,0.0
2023-12-19 00:00:00-05:00,18.270000457763672,18.895000457763672,18.21500015258789,18.829999923706055,6898000,0.0,0.0
2023-12-20 00:00:00-05:00,18.729999542236328,19.389999389648438,18.34000015258789,18.350000381469727,6467700,0.0,0.0
2023-12-21 00:00:00-05:00,18.549999237060547,19.174999237060547,18.40999984741211,18.940000534057617,6709200,0.0,0.0
2023-12-22 00:00:00-05:00,18.93000030517578,19.100000381469727,18.450000762939453,18.68000030517578,3096400,0.0,0.0
2023-12-26 00:00:00-05:00,18.68000030517578,19.010000228881836,18.625,18.93000030517578,2262500,0.0,0.0
2023-12-27 00:00:00-05:00,19.0,19.049999237060547,18.729999542236328,18.809999465942383,3330600,0.0,0.0
2023-12-28 00:00:00-05:00,18.75,18.979000091552734,18.690000534057617,18.81999969482422,2348300,0.0,0.0
2023-12-29 00:00:00-05:00,18.690000534057617,18.889999389648438,18.43000030517578,18.489999771118164,2619600,0.0,0.0
2024-01-02 00:00:00-05:00,18.280000686645508,18.34000015258789,17.700000762939453,17.770000457763672,4142900,0.0,0.0
2024-01-03 00:00:00-05:00,17.469999313354492,17.481000900268555,16.829999923706055,16.860000610351562,4813000,0.0,0.0
2024-01-04 00:00:00-05:00,16.770000457763672,16.899999618530273,16.489999771118164,16.81999969482422,3376800,0.0,0.0
2024-01-05 00:00:00-05:00,16.770000457763672,17.450000762939453,16.729999542236328,17.059999465942383,3986100,0.0,0.0
2024-01-08 00:00:00-05:00,16.25,16.950000762939453,16.139999389648438,16.399999618530273,8423100,0.0,0.0
2024-01-09 00:00:00-05:00,16.3700008392334,16.674999237060547,16.21500015258789,16.290000915527344,6627900,0.0,0.0
2024-01-10 00:00:00-05:00,16.34000015258789,16.530000686645508,15.949999809265137,16.149999618530273,12268200,0.0,0.0
2024-01-11 00:00:00-05:00,16.219999313354492,16.420000076293945,15.680000305175781,16.1299991607666,8139600,0.0,0.0
2024-01-12 00:00:00-05:00,15.949999809265137,16.290000915527344,15.694999694824219,15.720000267028809,6143800,0.0,0.0
2024-01-16 00:00:00-05:00,15.489999771118164,15.600000381469727,15.255000114440918,15.329999923706055,8112500,0.0,0.0
2024-01-17 00:00:00-05:00,15.0,15.40999984741211,14.720000267028809,15.380000114440918,12596800,0.0,0.0
2024-01-18 00:00:00-05:00,15.529999732971191,15.59000015258789,15.279999732971191,15.40999984741211,4211500,0.0,0.0
2024-01-19 00:00:00-05:00,15.449999809265137,15.680999755859375,15.260000228881836,15.5600004196167,3948900,0.0,0.0
2024-01-22 00:00:00-05:00,15.819999694824219,16.139999389648438,15.630000114440918,15.770000457763672,5562200,0.0,0.0
2024-01-23 00:00:00-05:00,16.100000381469727,16.229999542236328,15.760000228881836,15.9399995803833,4698300,0.0,0.0
2024-01-24 00:00:00-05:00,16.270000457763672,16.329999923706055,15.760000228881836,15.779999732971191,4565500,0.0,0.0
2024-01-25 00:00:00-05:00,15.9399995803833,16.059999465942383,15.729999542236328,15.859999656677246,5017000,0.0,0.0
2024-01-26 00:00:00-05:00,15.829999923706055,16.145000457763672,15.789999961853027,15.880000114440918,3591800,0.0,0.0
2024-01-29 00:00:00-05:00,16.65999984741211,17.110000610351562,16.6299991607666,16.850000381469727,10248400,0.0,0.0
2024-01-30 00:00:00-05:00,16.729999542236328,16.825000762939453,16.25,16.299999237060547,5651200,0.0,0.0
2024-01-31 00:00:00-05:00,16.18000030517578,16.799999237060547,16.030000686645508,16.040000915527344,5910700,0.0,0.0
2024-02-01 00:00:00-05:00,15.5,16.0,15.34000015258789,15.850000381469727,6700100,0.0,0.0
2024-02-02 00:00:00-05:00,15.800000190734863,15.800000190734863,15.300000190734863,15.3100004196167,10507600,0.0,0.0
2024-02-05 00:00:00-05:00,15.25,15.4399995803833,15.15999984741211,15.380000114440918,6608700,0.0,0.0
2024-02-06 00:00:00-05:00,15.420000076293945,15.635000228881836,15.265000343322754,15.359999656677246,6292100,0.0,0.0
2024-02-07 00:00:00-05:00,15.800000190734863,15.800000190734863,15.010000228881836,15.3100004196167,12051100,0.0,0.0
2024-02-08 00:00:00-05:00,14.8100004196167,15.369999885559082,14.770000457763672,15.109999656677246,14210500,0.0,0.0
2024-02-09 00:00:00-05:00,15.270000457763672,15.71500015258789,15.119999885559082,15.390000343322754,12633800,0.0,0.0
2024-02-12 00:00:00-05:00,15.329999923706055,16.110000610351562,15.220000267028809,16.020000457763672,17587500,0.0,0.0
2024-02-13 00:00:00-05:00,17.780000686645508,18.475000381469727,16.489999771118164,18.31999969482422,35064300,0.0,0.0
2024-02-14 00:00:00-05:00,18.5,18.69499969482422,17.684999465942383,18.110000610351562,10156500,0.0,0.0
2024-02-15 00:00:00-05:00,18.260000228881836,18.270000457763672,17.329999923706055,17.559999465942383,8676900,0.0,0.0
2024-02-16 00:00:00-05:00,17.520000457763672,17.93000030517578,17.270000457763672,17.489999771118164,5419900,0.0,0.0
2024-02-20 00:00:00-05:00,17.15999984741211,17.395000457763672,16.809999465942383,17.030000686645508,6799200,0.0,0.0
2024-02-21 00:00:00-05:00,16.969999313354492,17.260000228881836,16.90999984741211,17.079999923706055,3631700,0.0,0.0
2024-02-22 00:00:00-05:00,17.469999313354492,17.885000228881836,17.219999313354492,17.270000457763672,4766700,0.0,0.0
2024-02-23 00:00:00-05:00,17.260000228881836,17.69499969482422,17.190000534057617,17.239999771118164,4063700,0.0,0.0
2024-02-26 00:00:00-05:00,17.049999237060547,17.165000915527344,16.899999618530273,16.950000762939453,4802500,0.0,0.0
2024-02-27 00:00:00-05:00,17.149999618530273,17.447999954223633,16.8700008392334,17.290000915527344,2997000,0.0,0.0
2024-02-28 00:00:00-05:00,17.1299991607666,17.135000228881836,16.729999542236328,16.799999237060547,2966800,0.0,0.0
2024-02-29 00:00:00-05:00,16.8799991607666,17.1299991607666,16.579999923706055,16.760000228881836,4254000,0.0,0.0
2024-03-01 00:00:00-05:00,16.719999313354492,16.8799991607666,16.469999313354492,16.8700008392334,2981200,0.0,0.0
2024-03-04 00:00:00-05:00,16.829999923706055,17.0,16.329999923706055,16.6299991607666,3290800,0.0,0.0
2024-03-05 00:00:00-05:00,16.3799991607666,16.43000030517578,16.049999237060547,16.09000015258789,3453400,0.0,0.0
2024-03-06 00:00:00-05:00,16.399999618530273,16.399999618530273,15.449999809265137,16.1299991607666,6751400,0.0,0.0
2024-03-07 00:00:00-05:00,16.18000030517578,16.610000610351562,16.1299991607666,16.56999969482422,5773400,0.0,0.0
2024-03-08 00:00:00-05:00,16.700000762939453,16.760000228881836,16.3799991607666,16.510000228881836,3369600,0.0,0.0
2024-03-11 00:00:00-04:00,16.520000457763672,17.010000228881836,16.4950008392334,16.700000762939453,6374000,0.0,0.0
2024-03-12 00:00:00-04:00,16.700000762939453,16.850000381469727,16.065000534057617,16.139999389648438,8992700,0.0,0.0
2024-03-13 00:00:00-04:00,16.100000381469727,16.739999771118164,16.09000015258789,16.34000015258789,4706400,0.0,0.0
2024-03-14 00:00:00-04:00,16.350000381469727,16.3799991607666,15.71500015258789,15.899999618530273,5904500,0.0,0.0
2024-03-15 00:00:00-04:00,15.800000190734863,16.0049991607666,15.630000114440918,15.989999771118164,11331700,0.0,0.0
2024-03-18 00:00:00-04:00,16.059999465942383,16.1200008392334,15.680000305175781,15.869999885559082,5637200,0.0,0.0
2024-03-19 00:00:00-04:00,15.600000381469727,16.059999465942383,15.600000381469727,15.84000015258789,3974200,0.0,0.0
2024-03-20 00:00:00-04:00,15.760000228881836,16.0,15.675000190734863,15.869999885559082,6097800,0.0,0.0
2024-03-21 00:00:00-04:00,16.1299991607666,16.280000686645508,15.914999961853027,16.020000457763672,5177900,0.0,0.0
2024-03-22 00:00:00-04:00,16.020000457763672,16.09000015258789,15.53499984741211,15.550000190734863,3028200,0.0,0.0
2024-03-25 00:00:00-04:00,15.569999694824219,15.65999984741211,15.40999984741211,15.5,2389300,0.0,0.0
2024-03-26 00:00:00-04:00,15.609999656677246,15.760000228881836,15.399999618530273,15.420000076293945,2498000,0.0,0.0
2024-03-27 00:00:00-04:00,15.5,15.859999656677246,15.5,15.850000381469727,2712200,0.0,0.0
2024-03-28 00:00:00-04:00,15.84000015258789,16.049999237060547,15.84000015258789,16.030000686645508,4317800,0.0,0.0
2024-04-01 00:00:00-04:00,16.09000015258789,16.399999618530273,15.90999984741211,16.059999465942383,5921500,0.0,0.0
2024-04-02 00:00:00-04:00,15.760000228881836,15.960000038146973,15.585000038146973,15.920000076293945,5007400,0.0,0.0
2024-04-03 00:00:00-04:00,15.869999885559082,16.174999237060547,15.75,16.1200008392334,4348300,0.0,0.0
2024-04-04 00:00:00-04:00,16.280000686645508,16.290000915527344,14.949999809265137,15.079999923706055,9942700,0.0,0.0
2024-04-05 00:00:00-04:00,15.079999923706055,15.447999954223633,14.899999618530273,15.319999694824219,10995800,0.0,0.0
2024-04-08 00:00:00-04:00,15.449999809265137,15.958000183105469,15.279999732971191,15.84000015258789,3026600,0.0,0.0
2024-04-09 00:00:00-04:00,15.899999618530273,16.329999923706055,15.869999885559082,16.229999542236328,4649100,0.0,0.0
2024-04-10 00:00:00-04:00,15.84000015258789,16.049999237060547,15.600000381469727,15.6899995803833,3348600,0.0,0.0
2024-04-11 00:00:00-04:00,15.75,16.350000381469727,15.6899995803833,16.260000228881836,5875600,0.0,0.0
2024-04-12 00:00:00-04:00,16.079999923706055,16.360000610351562,15.760000228881836,15.829999923706055,5889800,0.0,0.0
2024-04-15 00:00:00-04:00,15.859999656677246,15.920000076293945,15.279999732971191,15.329999923706055,5510000,0.0,0.0
2024-04-16 00:00:00-04:00,15.199999809265137,15.430000305175781,15.149999618530273,15.25,3093700,0.0,0.0
2024-04-17 00:00:00-04:00,15.3100004196167,15.604999542236328,15.28499984741211,15.5,4078100,0.0,0.0
2024-04-18 00:00:00-04:00,15.5,15.899999618530273,15.430000305175781,15.770000457763672,3767700,0.0,0.0
2024-04-19 00:00:00-04:00,15.739999771118164,15.944999694824219,15.505000114440918,15.529999732971191,3766400,0.0,0.0
2024-04-22 00:00:00-04:00,15.550000190734863,15.729999542236328,15.420000076293945,15.65999984741211,3234300,0.0,0.0
2024-04-23 00:00:00-04:00,15.600000381469727,16.094999313354492,15.5600004196167,15.84000015258789,2410200,0.0,0.0
2024-04-24 00:00:00-04:00,15.90999984741211,16.0049991607666,15.6850004196167,15.890000343322754,1844100,0.0,0.0
2024-04-25 00:00:00-04:00,15.550000190734863,15.800000190734863,15.375,15.720000267028809,2814300,0.0,0.0
2024-04-26 00:00:00-04:00,15.90999984741211,16.420000076293945,15.8100004196167,16.3700008392334,2687000,0.0,0.0
2024-04-29 00:00:00-04:00,16.450000762939453,16.770000457763672,16.3700008392334,16.43000030517578,3272100,0.0,0.0
2024-04-30 00:00:00-04:00,16.170000076293945,16.350000381469727,15.850000381469727,15.859999656677246,4541300,0.0,0.0
2024-05-01 00:00:00-04:00,15.829999923706055,16.8700008392334,15.789999961853027,16.360000610351562,4276400,0.0,0.0
2024-05-02 00:00:00-04:00,16.559999465942383,16.655000686645508,16.110000610351562,16.479999542236328,5556600,0.0,0.0
2024-05-03 00:00:00-04:00,16.899999618530273,16.979999542236328,16.024999618530273,16.1200008392334,6873100,0.0,0.0
2024-05-06 00:00:00-04:00,16.260000228881836,16.670000076293945,16.2549991607666,16.6200008392334,7219500,0.0,0.0
2024-05-07 00:00:00-04:00,16.549999237060547,16.625,15.960000038146973,16.020000457763672,16562000,0.0,0.0
2024-05-08 00:00:00-04:00,12.109999656677246,13.069999694824219,11.670000076293945,12.140000343322754,28020000,0.0,0.0
2024-05-09 00:00:00-04:00,12.180000305175781,12.819999694824219,12.175000190734863,12.579999923706055,10408000,0.0,0.0
2024-05-10 00:00:00-04:00,12.550000190734863,12.78499984741211,12.229999542236328,12.760000228881836,7883500,0.0,0.0
2024-05-13 00:00:00-04:00,12.8100004196167,12.979999542236328,12.710000038146973,12.960000038146973,9721200,0.0,0.0
2024-05-14 00:00:00-04:00,13.109999656677246,13.225000381469727,12.890000343322754,12.989999771118164,4625900,0.0,0.0
2024-05-15 00:00:00-04:00,13.130000114440918,13.199999809265137,12.779999732971191,13.170000076293945,4867700,0.0,0.0
2024-05-16 00:00:00-04:00,13.210000038146973,13.670000076293945,13.130000114440918,13.609999656677246,4992200,0.0,0.0
2024-05-17 00:00:00-04:00,13.630000114440918,13.649999618530273,13.0600004196167,13.09000015258789,5055800,0.0,0.0
2024-05-20 00:00:00-04:00,13.0,13.34000015258789,12.975000381469727,13.319999694824219,3628400,0.0,0.0
2024-05-21 00:00:00-04:00,13.220000267028809,13.34000015258789,12.989999771118164,13.039999961853027,2840500,0.0,0.0
2024-05-22 00:00:00-04:00,13.010000228881836,13.3100004196167,12.970000267028809,13.199999809265137,3128200,0.0,0.0
2024-05-23 00:00:00-04:00,13.210000038146973,13.279999732971191,12.739999771118164,12.819999694824219,3052000,0.0,0.0
2024-05-24 00:00:00-04:00,12.880000114440918,13.010000228881836,12.779999732971191,12.949999809265137,3133700,0.0,0.0
2024-05-28 00:00:00-04:00,13.010000228881836,13.069999694824219,12.8100004196167,12.84000015258789,3107900,0.0,0.0
2024-05-29 00:00:00-04:00,12.609999656677246,12.819999694824219,12.59000015258789,12.630000114440918,3088100,0.0,0.0
2024-05-30 00:00:00-04:00,12.569999694824219,12.760000228881836,12.4399995803833,12.5,4738400,0.0,0.0
2024-05-31 00:00:00-04:00,12.5,12.5600004196167,12.210000038146973,12.279999732971191,5219600,0.0,0.0
2024-06-03 00:00:00-04:00,12.5,12.510000228881836,11.975000381469727,12.109999656677246,6331900,0.0,0.0
2024-06-04 00:00:00-04:00,12.039999961853027,12.109999656677246,11.789999961853027,11.880000114440918,4647200,0.0,0.0
2024-06-05 00:00:00-04:00,11.970000267028809,12.079999923706055,11.789999961853027,12.020000457763672,3449200,0.0,0.0
2024-06-06 00:00:00-04:00,11.899999618530273,12.449999809265137,11.890000343322754,12.369999885559082,3573500,0.0,0.0
2024-06-07 00:00:00-04:00,12.260000228881836,12.399999618530273,12.154999732971191,12.34000015258789,3792000,0.0,0.0
2024-06-10 00:00:00-04:00,12.229999542236328,12.5600004196167,12.0,12.5,10265800,0.0,0.0
2024-06-11 00:00:00-04:00,12.460000038146973,12.824999809265137,12.418000221252441,12.670000076293945,4341700,0.0,0.0
2024-06-12 00:00:00-04:00,12.920000076293945,13.050000190734863,12.65999984741211,12.760000228881836,3576100,0.0,0.0
2024-06-13 00:00:00-04:00,12.779999732971191,12.880000114440918,12.100000381469727,12.140000343322754,4459000,0.0,0.0
2024-06-14 00:00:00-04:00,12.050000190734863,12.494999885559082,12.029999732971191,12.380000114440918,4305300,0.0,0.0
2024-06-17 00:00:00-04:00,12.270000457763672,12.319999694824219,11.960000038146973,12.020000457763672,4136400,0.0,0.0
2024-06-18 00:00:00-04:00,11.949999809265137,11.960000038146973,11.720000267028809,11.800000190734863,4676100,0.0,0.0
2024-06-20 00:00:00-04:00,11.800000190734863,12.079999923706055,11.779999732971191,12.069999694824219,3622200,0.0,0.0
2024-06-21 00:00:00-04:00,12.050000190734863,12.414999961853027,11.970000267028809,12.289999961853027,21497100,0.0,0.0
2024-06-24 00:00:00-04:00,12.25,12.329999923706055,11.770000457763672,11.779999732971191,5795100,0.0,0.0
2024-06-25 00:00:00-04:00,11.710000038146973,12.670000076293945,11.680000305175781,12.350000381469727,13015100,0.0,0.0
2024-06-26 00:00:00-04:00,12.239999771118164,13.039999961853027,12.149999618530273,12.579999923706055,8567000,0.0,0.0
2024-06-27 00:00:00-04:00,12.529999732971191,12.914999961853027,12.4350004196167,12.5,10534400,0.0,0.0
2024-06-28 00:00:00-04:00,12.619999885559082,12.819999694824219,12.505000114440918,12.770000457763672,9630100,0.0,0.0
2024-07-01 00:00:00-04:00,12.75,12.800000190734863,12.550000190734863,12.680000305175781,3655500,0.0,0.0
2024-07-02 00:00:00-04:00,12.699999809265137,12.84000015258789,12.140000343322754,12.25,6350700,0.0,0.0
2024-07-03 00:00:00-04:00,12.229999542236328,12.300000190734863,11.895000457763672,12.25,4024300,0.0,0.0
2024-07-05 00:00:00-04:00,12.180000305175781,12.3149995803833,12.079999923706055,12.270000457763672,4723800,0.0,0.0
2024-07-08 00:00:00-04:00,12.3100004196167,12.335000038146973,11.8100004196167,11.899999618530273,4573600,0.0,0.0
2024-07-09 00:00:00-04:00,11.869999885559082,12.579999923706055,11.520999908447266,12.470000267028809,13612500,0.0,0.0
2024-07-10 00:00:00-04:00,12.5,12.550000190734863,11.350000381469727,11.460000038146973,8636300,0.0,0.0
2024-07-11 00:00:00-04:00,11.640000343322754,11.890000343322754,11.5,11.880000114440918,4742900,0.0,0.0
2024-07-12 00:00:00-04:00,11.970000267028809,12.039999961853027,11.675000190734863,11.720000267028809,4773300,0.0,0.0
2024-07-15 00:00:00-04:00,11.729999542236328,11.819999694824219,11.475000381469727,11.5,4289100,0.0,0.0
2024-07-16 00:00:00-04:00,11.59000015258789,12.010000228881836,11.59000015258789,11.960000038146973,4385200,0.0,0.0
2024-07-17 00:00:00-04:00,11.899999618530273,12.130000114440918,11.8100004196167,12.020000457763672,6842400,0.0,0.0
2024-07-18 00:00:00-04:00,12.140000343322754,12.140000343322754,11.385000228881836,11.520000457763672,7121800,0.0,0.0
2024-07-19 00:00:00-04:00,11.449999809265137,11.529999732971191,11.305000305175781,11.449999809265137,4046100,0.0,0.0
2024-07-22 00:00:00-04:00,11.569999694824219,11.640000343322754,11.15999984741211,11.510000228881836,5798200,0.0,0.0
2024-07-23 00:00:00-04:00,11.5,11.675000190734863,11.354999542236328,11.649999618530273,3881300,0.0,0.0
2024-07-24 00:00:00-04:00,11.479999542236328,11.664999961853027,11.029999732971191,11.039999961853027,3738500,0.0,0.0
2024-07-25 00:00:00-04:00,11.0,11.489999771118164,10.829999923706055,11.3100004196167,4615600,0.0,0.0
2024-07-26 00:00:00-04:00,11.489999771118164,11.600000381469727,11.289999961853027,11.59000015258789,3259400,0.0,0.0
2024-07-29 00:00:00-04:00,11.670000076293945,11.670000076293945,11.255000114440918,11.3100004196167,2349200,0.0,0.0
2024-07-30 00:00:00-04:00,11.390000343322754,11.65999984741211,11.279999732971191,11.569999694824219,4210900,0.0,0.0
2024-07-31 00:00:00-04:00,11.640000343322754,11.710000038146973,11.34000015258789,11.359999656677246,5353700,0.0,0.0
2024-08-01 00:00:00-04:00,11.430000305175781,11.449999809265137,10.789999961853027,11.020000457763672,7075100,0.0,0.0
2024-08-02 00:00:00-04:00,10.8100004196167,10.84000015258789,10.395000457763672,10.40999984741211,7896100,0.0,0.0
2024-08-05 00:00:00-04:00,9.6850004196167,10.09000015258789,9.579999923706055,9.800000190734863,15255100,0.0,0.0
2024-08-06 00:00:00-04:00,8.680000305175781,8.720000267028809,7.650000095367432,8.010000228881836,42704600,0.0,0.0
2024-08-07 00:00:00-04:00,8.039999961853027,8.699999809265137,7.994999885559082,8.699999809265137,22943800,0.0,0.0
2024-08-08 00:00:00-04:00,8.699999809265137,9.380000114440918,8.510000228881836,8.949999809265137,18518000,0.0,0.0
2024-08-09 00:00:00-04:00,8.9399995803833,9.140000343322754,8.829999923706055,9.0,7669700,0.0,0.0
2024-08-12 00:00:00-04:00,9.350000381469727,9.380000114440918,8.680000305175781,8.710000038146973,8488800,0.0,0.0
2024-08-13 00:00:00-04:00,8.520000457763672,9.289999961853027,8.510000228881836,9.210000038146973,8690900,0.0,0.0
2024-08-14 00:00:00-04:00,9.149999618530273,9.1899995803833,8.829999923706055,8.869999885559082,5134300,0.0,0.0
2024-08-15 00:00:00-04:00,8.960000038146973,9.3149995803833,8.960000038146973,9.199999809265137,5802300,0.0,0.0
2024-08-16 00:00:00-04:00,9.149999618530273,9.270000457763672,9.050000190734863,9.140000343322754,5439100,0.0,0.0
2024-08-19 00:00:00-04:00,9.210000038146973,9.670000076293945,9.100000381469727,9.539999961853027,10195400,0.0,0.0
2024-08-20 00:00:00-04:00,9.5600004196167,9.729999542236328,9.399999618530273,9.710000038146973,7725900,0.0,0.0
2024-08-21 00:00:00-04:00,9.729999542236328,9.789999961853027,9.529999732971191,9.6899995803833,3846400,0.0,0.0
2024-08-22 00:00:00-04:00,9.699999809265137,9.755000114440918,9.489999771118164,9.510000228881836,5497800,0.0,0.0
2024-08-23 00:00:00-04:00,9.680000305175781,9.970000267028809,9.600000381469727,9.720000267028809,5207500,0.0,0.0
2024-08-26 00:00:00-04:00,9.770000457763672,9.859999656677246,9.640000343322754,9.800000190734863,4389700,0.0,0.0
2024-08-27 00:00:00-04:00,9.729999542236328,9.864999771118164,9.619999885559082,9.770000457763672,3719500,0.0,0.0
2024-08-28 00:00:00-04:00,9.699999809265137,9.800000190734863,9.40999984741211,9.720000267028809,5045300,0.0,0.0
2024-08-29 00:00:00-04:00,9.800000190734863,9.880000114440918,9.6899995803833,9.729999542236328,4513200,0.0,0.0
2024-08-30 00:00:00-04:00,9.800000190734863,10.0,9.760000228881836,9.890000343322754,5883200,0.0,0.0
2024-09-03 00:00:00-04:00,9.789999961853027,10.0600004196167,9.789999961853027,9.920000076293945,5522100,0.0,0.0
2024-09-04 00:00:00-04:00,9.84000015258789,10.175000190734863,9.78499984741211,9.819999694824219,5342900,0.0,0.0
2024-09-05 00:00:00-04:00,9.789999961853027,9.989999771118164,9.729999542236328,9.9399995803833,3272900,0.0,0.0
2024-09-06 00:00:00-04:00,9.90999984741211,9.954999923706055,9.520000457763672,9.550000190734863,5569900,0.0,0.0
2024-09-09 00:00:00-04:00,9.5600004196167,9.904999732971191,9.529999732971191,9.640000343322754,4751200,0.0,0.0
2024-09-10 00:00:00-04:00,9.670000076293945,9.725000381469727,9.399999618530273,9.670000076293945,4269700,0.0,0.0
2024-09-11 00:00:00-04:00,9.670000076293945,9.829999923706055,9.520000457763672,9.800000190734863,4691000,0.0,0.0
2024-09-12 00:00:00-04:00,9.850000381469727,10.289999961853027,9.789999961853027,10.220000267028809,8466900,0.0,0.0
2024-09-13 00:00:00-04:00,10.239999771118164,10.875,10.220000267028809,10.619999885559082,10871000,0.0,0.0
2024-09-16 00:00:00-04:00,10.59000015258789,10.699000358581543,10.4350004196167,10.600000381469727,7558300,0.0,0.0
2024-09-17 00:00:00-04:00,10.729999542236328,10.914999961853027,10.324999809265137,10.600000381469727,8158100,0.0,0.0
2024-09-18 00:00:00-04:00,10.630000114440918,10.680000305175781,10.270000457763672,10.350000381469727,7635300,0.0,0.0
2024-09-19 00:00:00-04:00,10.600000381469727,10.829999923706055,10.539999961853027,10.640000343322754,6756000,0.0,0.0
2024-09-20 00:00:00-04:00,10.600000381469727,10.600000381469727,10.270000457763672,10.289999961853027,13603700,0.0,0.0
2024-09-23 00:00:00-04:00,10.300000190734863,10.489999771118164,10.1899995803833,10.279999732971191,5086400,0.0,0.0
2024-09-24 00:00:00-04:00,10.34000015258789,10.520000457763672,10.210000038146973,10.229999542236328,5455600,0.0,0.0
2024-09-25 00:00:00-04:00,10.25,10.319999694824219,10.09000015258789,10.100000381469727,3658700,0.0,0.0
2024-09-26 00:00:00-04:00,10.270000457763672,10.399999618530273,10.175000190734863,10.289999961853027,3170700,0.0,0.0
2024-09-27 00:00:00-04:00,10.399999618530273,10.720000267028809,10.364999771118164,10.5,4390400,0.0,0.0
2024-09-30 00:00:00-04:00,10.460000038146973,10.585000038146973,10.234999656677246,10.319999694824219,3933400,0.0,0.0
2024-10-01 00:00:00-04:00,10.359999656677246,10.359999656677246,10.0,10.029999732971191,3046900,0.0,0.0
2024-10-02 00:00:00-04:00,9.979999542236328,10.095000267028809,9.8149995803833,9.989999771118164,5018200,0.0,0.0
2024-10-03 00:00:00-04:00,9.850000381469727,9.954999923706055,9.649999618530273,9.720000267028809,3050400,0.0,0.0
2024-10-04 00:00:00-04:00,9.9399995803833,10.069999694824219,9.805000305175781,9.899999618530273,2777300,0.0,0.0
2024-10-07 00:00:00-04:00,9.859999656677246,9.9399995803833,9.550000190734863,9.5600004196167,4633100,0.0,0.0
2024-10-08 00:00:00-04:00,9.539999961853027,9.619999885559082,9.399999618530273,9.4399995803833,5767800,0.0,0.0
2024-10-09 00:00:00-04:00,9.420000076293945,9.930000305175781,9.399999618530273,9.920000076293945,5721100,0.0,0.0
2024-10-10 00:00:00-04:00,9.84000015258789,10.119999885559082,9.734999656677246,9.890000343322754,19244400,0.0,0.0
2024-10-11 00:00:00-04:00,9.869999885559082,10.359999656677246,9.850000381469727,10.140000343322754,23134300,0.0,0.0
2024-10-14 00:00:00-04:00,10.1899995803833,10.364999771118164,10.020000457763672,10.279999732971191,13951000,0.0,0.0
2024-10-15 00:00:00-04:00,10.289999961853027,10.350000381469727,10.119999885559082,10.15999984741211,11164400,0.0,0.0
2024-10-16 00:00:00-04:00,10.210000038146973,10.239999771118164,10.0600004196167,10.130000114440918,10080300,0.0,0.0
2024-10-17 00:00:00-04:00,10.130000114440918,10.40999984741211,10.003000259399414,10.399999618530273,4211900,0.0,0.0
2024-10-18 00:00:00-04:00,10.510000228881836,10.725000381469727,10.46500015258789,10.609999656677246,3493900,0.0,0.0
2024-10-21 00:00:00-04:00,10.59000015258789,10.920000076293945,10.569999694824219,10.699999809265137,4996900,0.0,0.0
2024-10-22 00:00:00-04:00,10.670000076293945,10.75100040435791,10.369999885559082,10.489999771118164,7615600,0.0,0.0
2024-10-23 00:00:00-04:00,10.390000343322754,10.579999923706055,10.210000038146973,10.350000381469727,2542500,0.0,0.0
2024-10-24 00:00:00-04:00,10.4399995803833,10.529999732971191,10.319999694824219,10.399999618530273,3076600,0.0,0.0
2024-10-25 00:00:00-04:00,10.460000038146973,10.649999618530273,10.430000305175781,10.489999771118164,2634900,0.0,0.0
2024-10-28 00:00:00-04:00,10.520000457763672,10.890000343322754,10.520000457763672,10.739999771118164,4367900,0.0,0.0
2024-10-29 00:00:00-04:00,10.680000305175781,10.890000343322754,10.614999771118164,10.779999732971191,2261100,0.0,0.0
2024-10-30 00:00:00-04:00,10.779999732971191,10.979999542236328,10.59000015258789,10.600000381469727,2464500,0.0,0.0
2024-10-31 00:00:00-04:00,10.600000381469727,11.109999656677246,10.600000381469727,11.050000190734863,9244900,0.0,0.0
2024-11-01 00:00:00-04:00,11.020000457763672,11.4399995803833,10.954999923706055,11.329999923706055,9357600,0.0,0.0
