Date,Open,High,Low,Close,Volume,Dividends,Stock Splits
2011-01-24 00:00:00+09:00,8968.65773597665,10115.811632438781,7630.3115234375,7630.3115234375,7461704,0.0,0.0
2011-01-25 00:00:00+09:00,6500.539062499999,7161.02164104278,6500.539062499999,6500.5390625,4455494,0.0,0.0
2011-01-26 00:00:00+09:00,6465.777051062681,6865.542836477846,5944.343417912464,6031.2490234375,7068306,0.0,0.0
2011-01-27 00:00:00+09:00,6083.392407520708,6222.441376835466,5701.00774190512,5770.5322265625,2634266,0.0,0.0
2011-01-28 00:00:00+09:00,5892.200577978057,6031.24955916928,5475.0536344043885,5544.578125,1853620,0.0,0.0
2011-01-31 00:00:00+09:00,5475.05388532366,5509.816132214604,5005.763552295918,5110.05029296875,1212676,0.0,0.0
2011-02-01 00:00:00+09:00,5249.099280532525,5266.480403977997,4936.23905851403,5110.05029296875,992864,0.0,0.0
2011-02-07 00:00:00+09:00,5127.430854131711,5266.479826447148,5057.906367973994,5179.57421875,822324,0.0,0.0
2011-02-08 00:00:00+09:00,5179.574930758779,5614.103028976798,5110.050435043896,5196.9560546875,1767486,0.0,0.0
2011-02-09 00:00:00+09:00,5301.242777506511,5405.529520670573,4988.382548014323,5005.763671875,614204,0.0,0.0
2011-02-10 00:00:00+09:00,5075.286909785585,5162.192507555886,4658.140040488139,4762.4267578125,709184,0.0,0.0
2011-02-11 00:00:00+09:00,4623.3784883143535,4727.665221133475,4049.8014578091897,4101.94482421875,1761926,0.0,0.0
2011-02-14 00:00:00+09:00,4171.469047785875,4188.850168818316,3789.0843850721694,3875.989990234375,964002,0.0,0.0
2011-02-15 00:00:00+09:00,3875.989729745048,4136.706527709961,3841.2274900163925,3893.370849609375,979016,0.0,0.0
2011-02-16 00:00:00+09:00,3893.3705568720384,4084.562861004147,3563.1293042802135,3667.416015625,876422,0.0,0.0
2011-02-17 00:00:00+09:00,3702.178328230574,3858.6083984375,3545.7482580236488,3858.6083984375,948998,0.0,0.0
2011-02-18 00:00:00+09:00,3875.9901792813193,3980.276910562431,3754.3223261200224,3928.133544921875,611250,0.0,0.0
2011-02-21 00:00:00+09:00,3945.514382620838,3945.514382620838,3719.559814453125,3719.559814453125,321326,0.0,0.0
2011-02-22 00:00:00+09:00,3684.79749731924,3702.1786175896136,3476.224054074755,3545.74853515625,536894,0.0,0.0
2011-02-23 00:00:00+09:00,3476.2240705818963,3719.559755522629,3476.2240705818963,3528.367431640625,330496,0.0,0.0
2011-02-24 00:00:00+09:00,3545.749329524254,3632.6549503459264,3472.7486080340486,3493.60595703125,358190,0.0,0.0
2011-02-25 00:00:00+09:00,3545.748708871695,3650.0354356032153,3476.2242243840146,3615.273193359375,276008,0.0,0.0
2011-02-28 00:00:00+09:00,3580.5111734288457,3632.6545400321784,3437.9859713797364,3451.890869140625,367338,0.0,0.0
2011-03-02 00:00:00+09:00,3406.699951171875,3545.748928770727,3302.4132179727358,3406.699951171875,488048,0.0,0.0
2011-03-03 00:00:00+09:00,3437.986008029514,3702.1790683027625,3437.986008029514,3597.892333984375,715120,0.0,0.0
2011-03-04 00:00:00+09:00,3719.5603418890037,3858.6093266325174,3650.0358495172463,3684.798095703125,539976,0.0,0.0
2011-03-07 00:00:00+09:00,3684.7976588775223,4015.0389584939044,3615.273174747758,3875.989990234375,915236,0.0,0.0
2011-03-08 00:00:00+09:00,3980.2768195346325,4136.706912878788,3928.1334550865804,4015.0390625,675326,0.0,0.0
2011-03-09 00:00:00+09:00,4067.182942000679,4154.088560419497,3893.3717051630433,3997.658447265625,512922,0.0,0.0
2011-03-10 00:00:00+09:00,4049.8013054653684,4206.231398809524,3980.2768195346325,4015.0390625,574246,0.0,0.0
2011-03-11 00:00:00+09:00,3980.2767164290217,4049.8012005587866,3875.989990234375,3875.989990234375,284146,0.0,0.0
2011-03-14 00:00:00+09:00,3806.4658226827974,3823.846945160801,3476.224495600728,3580.51123046875,336408,0.0,0.0
2011-03-15 00:00:00+09:00,3597.8928177211255,3667.4173166142873,3236.365423476684,3361.509521484375,358188,0.0,0.0
2011-03-16 00:00:00+09:00,3371.937670158617,3476.2244022253785,3347.6040993430397,3441.462158203125,181614,0.0,0.0
2011-03-17 00:00:00+09:00,3368.461298906959,3444.938232421875,3337.1752806508575,3444.938232421875,85418,0.0,0.0
2011-03-18 00:00:00+09:00,3528.3675695855522,3928.1333533316983,3458.843085455788,3875.989990234375,474386,0.0,0.0
2011-03-21 00:00:00+09:00,3910.7522989035674,4084.5635121881705,3789.0844496043455,4049.80126953125,530664,0.0,0.0
2011-03-22 00:00:00+09:00,4084.5635121881705,4084.5635121881705,3875.990056246647,4049.80126953125,387536,0.0,0.0
2011-03-23 00:00:00+09:00,4049.801777806775,4136.707395356277,3997.6584072770743,4032.420654296875,225652,0.0,0.0
2011-03-24 00:00:00+09:00,4049.801251794538,4119.325736803887,3980.2767667851895,4067.182373046875,305086,0.0,0.0
2011-03-25 00:00:00+09:00,4119.325885603913,4119.325885603913,3910.75242304169,3928.133544921875,231614,0.0,0.0
2011-03-28 00:00:00+09:00,3928.132640165441,4136.7060546875,3910.7515222886027,4136.7060546875,287856,0.0,0.0
2011-03-29 00:00:00+09:00,4206.23123769685,4745.045983021653,4188.850116879921,4414.8046875,3698264,0.0,0.0
2011-03-30 00:00:00+09:00,4484.329513365964,4588.616246234939,4310.5182919176705,4327.8994140625,937098,0.0,0.0
2011-03-31 00:00:00+09:00,4345.280204232283,4519.091412401574,4275.7557209645665,4414.8046875,572956,0.0,0.0
2011-04-01 00:00:00+09:00,4414.805024786647,4501.7106355107935,4327.8994140625,4327.8994140625,386298,0.0,0.0
2011-04-04 00:00:00+09:00,4362.661540386105,4397.423783735795,4206.2314453125,4206.2314453125,338690,0.0,0.0
2011-04-05 00:00:00+09:00,4258.374702699723,4345.280308877268,4206.231338993196,4310.51806640625,298704,0.0,0.0
2011-04-06 00:00:00+09:00,4310.518445280083,4362.661813569762,4188.8505859375,4188.8505859375,235100,0.0,0.0
2011-04-07 00:00:00+09:00,4275.75593201188,4293.137053686725,4154.088080287965,4206.2314453125,204986,0.0,0.0
2011-04-08 00:00:00+09:00,4206.2315570378705,4275.756045583951,4067.1825799457097,4101.94482421875,249258,0.0,0.0
2011-04-11 00:00:00+09:00,4136.7060546875,4171.468290441177,4084.562701056985,4136.7060546875,138956,0.0,0.0
2011-04-12 00:00:00+09:00,4119.325182115709,4223.611895586993,3823.8461606137384,3858.6083984375,271916,0.0,0.0
2011-04-13 00:00:00+09:00,3823.8469619051034,3945.514819783902,3719.5602265804187,3789.084716796875,225382,0.0,0.0
2011-04-14 00:00:00+09:00,3806.465488978795,3841.227730887277,3580.510916573661,3650.035400390625,264310,0.0,0.0
2011-04-15 00:00:00+09:00,3684.798477102535,3910.753100698445,3650.0362273185488,3771.7041015625,295884,0.0,0.0
2011-04-18 00:00:00+09:00,3841.2276238335508,3910.752105712891,3736.94090101454,3754.322021484375,161546,0.0,0.0
2011-04-19 00:00:00+09:00,3702.1787632533483,3719.559884207589,3597.8920375279017,3650.035400390625,158268,0.0,0.0
2011-04-20 00:00:00+09:00,3702.1796019945277,3806.466351346486,3684.798477102535,3771.7041015625,183044,0.0,0.0
2011-04-21 00:00:00+09:00,3823.847060225939,3858.6093062279933,3684.798076217723,3702.17919921875,154308,0.0,0.0
2011-04-22 00:00:00+09:00,3702.1790683027625,3719.56019068916,3580.511211597977,3597.892333984375,154294,0.0,0.0
2011-04-25 00:00:00+09:00,3632.6550292968755,3702.1795274652363,3580.5116556706043,3632.655029296875,117334,0.0,0.0
2011-04-26 00:00:00+09:00,3632.6544616699216,3632.6544616699216,3472.7481408691406,3476.224365234375,201950,0.0,0.0
2011-04-27 00:00:00+09:00,3493.6054870605467,3563.1299743652344,3472.7481408691406,3476.224365234375,125608,0.0,0.0
2011-04-28 00:00:00+09:00,3476.224365234375,3528.3677307128905,3458.843243408203,3476.224365234375,109930,0.0,0.0
2011-04-29 00:00:00+09:00,3493.6051909348057,3528.367431640625,3444.9380539466592,3528.367431640625,87654,0.0,0.0
2011-05-02 00:00:00+09:00,3510.986466627855,3667.4165567251357,3510.986466627855,3615.273193359375,121048,0.0,0.0
2011-05-03 00:00:00+09:00,3632.654578757171,3632.654578757171,3528.367844438783,3597.892333984375,75006,0.0,0.0
2011-05-04 00:00:00+09:00,3597.8919130522627,3615.273033405172,3510.9863112877156,3528.367431640625,86260,0.0,0.0
2011-05-06 00:00:00+09:00,3493.6054870605467,3545.748852539062,3465.7956921386717,3476.224365234375,62868,0.0,0.0
2011-05-09 00:00:00+09:00,3493.6052977537106,3510.9864186380573,3441.46193510067,3469.271728515625,86614,0.0,0.0
2011-05-11 00:00:00+09:00,3476.2247231111946,3545.7492175734187,3462.31982421875,3462.31982421875,72482,0.0,0.0
2011-05-12 00:00:00+09:00,3448.414778578785,3451.8910031539654,3368.4616133496397,3375.4140625,167968,0.0,0.0
2011-05-13 00:00:00+09:00,3364.985161988457,3399.747405397429,3281.555777806925,3312.841796875,114926,0.0,0.0
2011-05-16 00:00:00+09:00,3319.794189453125,3399.747347942572,3316.317965170975,3319.794189453125,55686,0.0,0.0
2011-05-17 00:00:00+09:00,3354.555883457419,3420.604134012539,3309.364975182863,3326.74609375,53670,0.0,0.0
2011-05-18 00:00:00+09:00,3330.2227819719883,3337.17523036859,3253.745849609375,3253.745849609375,77134,0.0,0.0
2011-05-19 00:00:00+09:00,3236.3649305555555,3281.5558479532165,2770.5508589181286,2972.171875,201320,0.0,0.0
2011-05-20 00:00:00+09:00,2972.171778911359,3076.4585079959684,2888.742395643672,2923.504638671875,83320,0.0,0.0
2011-05-23 00:00:00+09:00,2885.2659698486327,2906.123314208984,2756.6456796264647,2780.979248046875,153690,0.0,0.0
2011-05-24 00:00:00+09:00,2701.0264426491476,2753.169810267857,2614.1208299512987,2676.69287109375,139794,0.0,0.0
2011-05-25 00:00:00+09:00,2694.0741340481504,2777.503526586416,2555.025146484375,2555.025146484375,82176,0.0,0.0
2011-05-26 00:00:00+09:00,2648.8829810732886,2746.217263842386,2596.7396153041295,2628.025634765625,113274,0.0,0.0
2011-05-27 00:00:00+09:00,2711.4550973486716,2718.407546316232,2645.4068321568448,2648.883056640625,43554,0.0,0.0
2011-05-30 00:00:00+09:00,2673.216837404274,2707.9790849647975,2628.025915575593,2638.45458984375,45094,0.0,0.0
2011-05-31 00:00:00+09:00,2638.4540295314537,2687.121165781046,2610.64423738883,2662.78759765625,70808,0.0,0.0
2011-06-01 00:00:00+09:00,2669.7404220779217,2777.5033818232546,2648.8830750304382,2676.69287109375,75620,0.0,0.0
2011-06-02 00:00:00+09:00,2610.644287109375,2655.835200201814,2572.405822185003,2610.644287109375,60812,0.0,0.0
2011-06-03 00:00:00+09:00,2624.5494476400177,2676.692814149422,2593.263427734375,2593.263427734375,30978,0.0,0.0
2011-06-07 00:00:00+09:00,2614.120774338137,2624.5494476400177,2586.3109788664547,2593.263427734375,46620,0.0,0.0
2011-06-08 00:00:00+09:00,2607.1680928324604,2641.9303340702268,2506.3575932429385,2530.691162109375,78144,0.0,0.0
2011-06-09 00:00:00+09:00,2541.119970960793,2853.9801589039826,2516.786400787434,2634.97802734375,244784,0.0,0.0
2011-06-10 00:00:00+09:00,2666.2641099087027,3027.791446845476,2607.168295217115,2989.552978515625,281078,0.0,0.0
2011-06-13 00:00:00+09:00,2933.9331614119856,3173.7926260297904,2847.027558289593,3125.12548828125,280588,0.0,0.0
2011-06-14 00:00:00+09:00,3111.220946458993,3163.3643142767414,2982.600639175213,3156.411865234375,340780,0.0,0.0
2011-06-15 00:00:00+09:00,3163.36389465332,3163.36389465332,2780.979248046875,2780.979248046875,234842,0.0,0.0
2011-06-16 00:00:00+09:00,2784.455825195312,3198.126540798611,2631.5019471571177,3128.60205078125,432042,0.0,0.0
2011-06-17 00:00:00+09:00,3128.6020698760476,3194.650335795653,2989.5530889926677,3111.220947265625,129176,0.0,0.0
2011-06-20 00:00:00+09:00,3059.0778703434225,3139.0310419546713,2986.0771484375,2986.0771484375,70036,0.0,0.0
2011-06-21 00:00:00+09:00,2996.5054837740386,3086.8873197115386,2937.40966796875,2937.40966796875,60506,0.0,0.0
2011-06-22 00:00:00+09:00,2954.790734579397,2993.029202909248,2829.6466564089756,2989.552978515625,170538,0.0,0.0
2011-06-23 00:00:00+09:00,2958.266865559896,3163.364098307292,2541.119951497396,2607.168212890625,847268,0.0,0.0
2011-06-24 00:00:00+09:00,2673.2164611425655,2770.550740611996,2645.4066670084426,2714.93115234375,145588,0.0,0.0
2011-06-27 00:00:00+09:00,2721.8835064227765,2767.074420322516,2680.1688166691706,2711.454833984375,81452,0.0,0.0
2011-06-28 00:00:00+09:00,2714.9312648306786,2767.0746309926,2701.0263671875,2701.0263671875,66924,0.0,0.0
2011-06-29 00:00:00+09:00,2756.645579253141,2756.645579253141,2701.0259963173903,2732.31201171875,49316,0.0,0.0
2011-06-30 00:00:00+09:00,2701.026348767683,2777.503285283628,2701.026348767683,2718.407470703125,65850,0.0,0.0
2011-07-01 00:00:00+09:00,2739.264521006509,2815.741449257959,2732.3120729836496,2770.550537109375,66762,0.0,0.0
2011-07-04 00:00:00+09:00,2798.3607640759697,2850.504132350677,2763.598518559498,2822.6943359375,52938,0.0,0.0
2011-07-05 00:00:00+09:00,2871.3612340198865,2920.0283735795456,2840.075215731534,2867.885009765625,48384,0.0,0.0
2011-07-06 00:00:00+09:00,2867.885027629573,2867.885027629573,2805.3129906631098,2850.50390625,50420,0.0,0.0
2011-07-07 00:00:00+09:00,2850.503768825887,2850.503768825887,2784.4555107677265,2791.407958984375,41824,0.0,0.0
2011-07-08 00:00:00+09:00,2794.884127523292,2812.2652477193324,2774.0267832880436,2798.3603515625,34820,0.0,0.0
2011-07-11 00:00:00+09:00,2780.979248046875,2819.2177127075192,2746.217007446289,2780.979248046875,45572,0.0,0.0
2011-07-12 00:00:00+09:00,2753.1695693950865,2812.265380859375,2704.502430542143,2812.265380859375,43756,0.0,0.0
2011-07-13 00:00:00+09:00,2767.074669471154,2815.7418118990386,2753.1697716346152,2756.64599609375,62944,0.0,0.0
2011-07-14 00:00:00+09:00,2728.835941783169,2780.97930372807,2728.835941783169,2774.02685546875,35258,0.0,0.0
2011-07-15 00:00:00+09:00,2746.2171209875232,2812.265380859375,2728.835999968615,2812.265380859375,66620,0.0,0.0
2011-07-18 00:00:00+09:00,2826.1703013224774,2920.02835560994,2822.6940770896085,2885.26611328125,81044,0.0,0.0
2011-07-19 00:00:00+09:00,2902.647404928768,2954.790771484375,2857.4564872472424,2954.790771484375,61356,0.0,0.0
2011-07-20 00:00:00+09:00,2972.1717277851694,3024.3150914305234,2944.361933840981,3020.8388671875,85474,0.0,0.0
2011-07-21 00:00:00+09:00,3020.8388671875,3066.0297823468063,2999.981521729358,3020.8388671875,63282,0.0,0.0
2011-07-22 00:00:00+09:00,3048.648373266792,3132.0777472216414,3027.7910297780795,3118.1728515625,93190,0.0,0.0
2011-07-25 00:00:00+09:00,3149.459322987432,3229.412484608526,3083.411059039572,3198.12646484375,108240,0.0,0.0
2011-07-26 00:00:00+09:00,3218.9835143716577,3250.2695312499995,3145.9828083221923,3250.26953125,97180,0.0,0.0
2011-07-27 00:00:00+09:00,3278.079387963129,3354.5563196017174,3229.412249647664,3333.698974609375,100574,0.0,0.0
2011-07-28 00:00:00+09:00,3347.603947994252,3361.508844974498,3302.413032808452,3354.556396484375,76410,0.0,0.0
2011-07-29 00:00:00+09:00,3389.318603515625,3427.557069811699,3344.1276888020834,3389.318603515625,156182,0.0,0.0
2011-08-01 00:00:00+09:00,3417.1285137149735,3465.795654296875,3257.2221946601526,3465.795654296875,171236,0.0,0.0
2011-08-02 00:00:00+09:00,3472.7481592532977,3545.748871309673,3337.175408291457,3458.84326171875,77710,0.0,0.0
2011-08-03 00:00:00+09:00,3476.224365234375,3580.511096191406,3358.032736816406,3476.224365234375,140256,0.0,0.0
2011-08-04 00:00:00+09:00,3580.510916573661,3650.035400390625,3472.7479666573663,3650.035400390625,233148,0.0,0.0
2011-08-05 00:00:00+09:00,3650.034897067536,3702.178252739929,3437.9852506664693,3667.416015625,223522,0.0,0.0
2011-08-08 00:00:00+09:00,3650.0352986653647,3754.3220214843755,3441.461853027344,3754.322021484375,340352,0.0,0.0
2011-08-09 00:00:00+09:00,3736.941041212816,3736.941041212816,3448.4144305889427,3615.273193359375,407736,0.0,0.0
2011-08-10 00:00:00+09:00,3684.7976422991073,3754.3221261160716,3510.9864327566966,3650.035400390625,274356,0.0,0.0
2011-08-11 00:00:00+09:00,3545.749329524254,3545.749329524254,3424.081460373912,3493.60595703125,85352,0.0,0.0
2011-08-12 00:00:00+09:00,3493.6055621711575,3493.6055621711575,3337.175462372449,3406.699951171875,232564,0.0,0.0
2011-08-16 00:00:00+09:00,3448.41503420398,3545.749329524254,3448.41503420398,3493.60595703125,54672,0.0,0.0
2011-08-17 00:00:00+09:00,3472.7481029514324,3580.511057097073,3465.795654296875,3465.795654296875,46892,0.0,0.0
2011-08-18 00:00:00+09:00,3476.224401468142,3476.224401468142,3267.6509373800536,3396.271240234375,63544,0.0,0.0
2011-08-19 00:00:00+09:00,3302.412970742561,3458.8430588303668,3052.1248298020723,3271.126953125,48324,0.0,0.0
2011-08-22 00:00:00+09:00,3267.650930005451,3358.032764239644,2833.122880802598,2989.552978515625,117832,0.0,0.0
2011-08-23 00:00:00+09:00,2989.5528285151713,3114.696900406504,2989.5528285151713,2993.029052734375,30612,0.0,0.0
2011-08-24 00:00:00+09:00,3090.363524528952,3090.363524528952,2954.790771484375,2954.790771484375,14774,0.0,0.0
2011-08-25 00:00:00+09:00,2989.5529970760235,3086.887280701754,2916.552284356725,2972.171875,17530,0.0,0.0
2011-08-26 00:00:00+09:00,2885.2665446354795,2982.6008377075195,2815.742049584022,2892.218994140625,33348,0.0,0.0
2011-08-29 00:00:00+09:00,2906.1239055172923,2972.1721760972305,2881.7903321457356,2965.2197265625,26528,0.0,0.0
2011-08-30 00:00:00+09:00,2972.17178291928,3024.3151475318987,2916.552193999153,3013.886474609375,26496,0.0,0.0
2011-08-31 00:00:00+09:00,3013.8863593681713,3055.6010494632324,2965.219220923933,2982.600341796875,15356,0.0,0.0
2011-09-01 00:00:00+09:00,2975.647928489829,3024.315067507186,2913.07589261037,2947.838134765625,43762,0.0,0.0
2011-09-02 00:00:00+09:00,2920.02880859375,2968.6959554036457,2850.5043131510415,2920.02880859375,17472,0.0,0.0
2011-09-05 00:00:00+09:00,2888.74262381681,2916.552420435985,2749.6936407209346,2760.122314453125,37222,0.0,0.0
2011-09-06 00:00:00+09:00,2760.1220408979666,2760.1220408979666,2572.405932323042,2596.739501953125,46786,0.0,0.0
2011-09-07 00:00:00+09:00,2704.5023373782874,2704.5023373782874,2603.691838941307,2610.644287109375,29336,0.0,0.0
2011-09-08 00:00:00+09:00,2707.978775432403,2707.978775432403,2568.9298010841408,2600.2158203125,30280,0.0,0.0
2011-09-09 00:00:00+09:00,2600.215743977426,2631.5017622873147,2575.8821741808456,2579.3583984375,26312,0.0,0.0
2011-09-14 00:00:00+09:00,2575.882013680047,2634.9778223609655,2492.45263671875,2492.45263671875,24226,0.0,0.0
2011-09-15 00:00:00+09:00,2516.787038649025,2586.3115424791085,2450.7387600104457,2495.9296875,25046,0.0,0.0
2011-09-16 00:00:00+09:00,2572.405929357544,2582.834602044129,2523.7387901534826,2551.548583984375,19926,0.0,0.0
2011-09-19 00:00:00+09:00,2551.5489827473957,2572.4063313802085,2502.8818359375,2502.8818359375,11232,0.0,0.0
2011-09-20 00:00:00+09:00,2506.35776001991,2586.3109201869806,2468.11929211392,2509.833984375,41140,0.0,0.0
2011-09-21 00:00:00+09:00,2551.54869635595,2555.0249207379065,2485.50043309878,2537.643798828125,27882,0.0,0.0
2011-09-22 00:00:00+09:00,2485.5003206673673,2568.929702060398,2485.5003206673673,2506.357666015625,21100,0.0,0.0
2011-09-23 00:00:00+09:00,2363.832595672389,2482.0242254560085,2363.832595672389,2429.880859375,36626,0.0,0.0
2011-09-26 00:00:00+09:00,2381.2136953154954,2509.8339971062596,2190.021354815711,2266.498291015625,58742,0.0,0.0
2011-09-27 00:00:00+09:00,2259.5458984375,2398.5948768028848,2259.5458984375,2304.73681640625,22542,0.0,0.0
2011-09-28 00:00:00+09:00,2433.3569263492213,2433.3569263492213,2315.165304212259,2342.97509765625,13862,0.0,0.0
2011-09-29 00:00:00+09:00,2259.5462435767763,2395.119018191383,2235.2126686459496,2336.023193359375,13986,0.0,0.0
2011-09-30 00:00:00+09:00,2356.8799808921153,2468.1191540315663,2329.0701876072526,2405.547119140625,11648,0.0,0.0
2011-10-04 00:00:00+09:00,2329.070068359375,2388.1658760640157,2276.926708619986,2329.070068359375,7970,0.0,0.0
2011-10-05 00:00:00+09:00,2363.8325734518785,2377.7374709427722,2266.498291015625,2266.498291015625,11856,0.0,0.0
2011-10-06 00:00:00+09:00,2360.3560842030083,2360.3560842030083,2266.4980366721084,2329.070068359375,13030,0.0,0.0
2011-10-07 00:00:00+09:00,2356.8800356657607,2409.0233992866847,2325.5940174932066,2398.5947265625,8360,0.0,0.0
2011-10-10 00:00:00+09:00,2482.0239590731535,2482.0239590731535,2370.7847900390625,2447.26171875,3760,0.0,0.0
2011-10-11 00:00:00+09:00,2450.738037109375,2520.262520431627,2450.738037109375,2450.738037109375,19970,0.0,0.0
2011-10-12 00:00:00+09:00,2502.881667470196,2502.881667470196,2443.7858503215944,2478.548095703125,4324,0.0,0.0
2011-10-13 00:00:00+09:00,2485.5010119254875,2502.882137883008,2440.310084435933,2495.9296875,11504,0.0,0.0
2011-10-14 00:00:00+09:00,2523.7387625558035,2523.7387625558035,2422.9282610212053,2433.35693359375,16862,0.0,0.0
2011-10-17 00:00:00+09:00,2436.833216241979,2495.9290289040523,2433.356991967739,2471.595458984375,13408,0.0,0.0
2011-10-18 00:00:00+09:00,2471.5953996930803,2482.024072265625,2422.9282610212053,2433.35693359375,9806,0.0,0.0
2011-10-19 00:00:00+09:00,2433.35693359375,2495.928969029018,2426.4044852120537,2433.35693359375,12142,0.0,0.0
2011-10-20 00:00:00+09:00,2395.1184674944197,2468.1191755022323,2395.1184674944197,2433.35693359375,18928,0.0,0.0
2011-10-21 00:00:00+09:00,2402.0711935594104,2495.9292575624554,2402.0711935594104,2443.785888671875,23022,0.0,0.0
2011-10-24 00:00:00+09:00,2488.9768083770446,2488.9768083770446,2436.833439486464,2443.785888671875,14940,0.0,0.0
2011-10-25 00:00:00+09:00,2433.3572148937587,2461.1670116354016,2415.976091930232,2443.785888671875,22288,0.0,0.0
2011-10-26 00:00:00+09:00,2450.7383184917903,2464.6432167527364,2398.5949500132415,2461.1669921875,11786,0.0,0.0
2011-10-27 00:00:00+09:00,2461.1669348193423,2641.9306079981643,2461.1669348193423,2603.692138671875,65948,0.0,0.0
2011-10-28 00:00:00+09:00,2607.168380935471,2687.121544617492,2607.168380935471,2676.69287109375,38196,0.0,0.0
2011-10-31 00:00:00+09:00,2694.073740641276,2711.454861548639,2541.1198766564808,2586.310791015625,20374,0.0,0.0
2011-11-01 00:00:00+09:00,2628.0260571255935,2628.0260571255935,2541.120433543398,2561.977783203125,11318,0.0,0.0
2011-11-02 00:00:00+09:00,2558.500910726826,2558.500910726826,2471.5953091396377,2475.071533203125,25824,0.0,0.0
2011-11-03 00:00:00+09:00,2485.5002787705007,2555.0247620927526,2450.738037109375,2450.738037109375,22826,0.0,0.0
2011-11-04 00:00:00+09:00,2520.263263840529,2520.263263840529,2461.167435584958,2495.9296875,19470,0.0,0.0
2011-11-07 00:00:00+09:00,2461.167435584958,2555.0255157555707,2461.167435584958,2495.9296875,11860,0.0,0.0
2011-11-08 00:00:00+09:00,2502.8814977399165,2537.643740764082,2492.452824832667,2499.4052734375,15068,0.0,0.0
2011-11-09 00:00:00+09:00,2488.976544892077,2527.2150113638827,2488.976544892077,2506.357666015625,9384,0.0,0.0
2011-11-10 00:00:00+09:00,2419.4520368303574,2478.547848074777,2419.4520368303574,2433.35693359375,38112,0.0,0.0
2011-11-11 00:00:00+09:00,2433.3571767071353,2534.1676883135738,2433.3571767071353,2478.548095703125,9266,0.0,0.0
2011-11-14 00:00:00+09:00,2478.547701795562,2541.119733537946,2471.595253824186,2482.02392578125,10838,0.0,0.0
2011-11-15 00:00:00+09:00,2485.5002964564733,2485.5002964564733,2398.594691685268,2433.35693359375,41948,0.0,0.0
2011-11-16 00:00:00+09:00,2433.3573575505243,2457.690931126029,2322.1181640625,2322.1181640625,38540,0.0,0.0
2011-11-17 00:00:00+09:00,2353.4039970145927,2353.4039970145927,2283.8795067039696,2315.16552734375,10408,0.0,0.0
2011-11-18 00:00:00+09:00,2315.165279090496,2342.975072232724,2269.974365234375,2269.974365234375,26442,0.0,0.0
2011-11-21 00:00:00+09:00,2276.927020733173,2311.689265324519,2259.5458984375,2259.5458984375,10866,0.0,0.0
2011-11-22 00:00:00+09:00,2259.5457661631676,2283.879335952617,2210.8786265842687,2245.640869140625,9662,0.0,0.0
2011-11-23 00:00:00+09:00,2259.546019100082,2259.546019100082,2096.1634607959227,2110.068359375,85792,0.0,0.0
2011-11-24 00:00:00+09:00,2110.0681896972656,2137.8779846191405,2071.8297216796873,2085.734619140625,42100,0.0,0.0
2011-11-25 00:00:00+09:00,2085.734814377889,2363.832789628274,2075.3061403059996,2256.06982421875,76678,0.0,0.0
2011-11-28 00:00:00+09:00,2280.4032451923076,2311.689265324519,2193.4976337139424,2304.73681640625,27814,0.0,0.0
2011-11-29 00:00:00+09:00,2283.879691300992,2346.4517376380054,2283.879691300992,2322.1181640625,13794,0.0,0.0
2011-11-30 00:00:00+09:00,2322.117787556476,2322.117787556476,2276.926872529179,2308.212890625,4922,0.0,0.0
2011-12-01 00:00:00+09:00,2311.6892100646432,2363.8325757051994,2311.6892100646432,2356.880126953125,19486,0.0,0.0
2011-12-02 00:00:00+09:00,2363.832861620509,2363.832861620509,2294.308365690494,2322.1181640625,11556,0.0,0.0
2011-12-05 00:00:00+09:00,2349.927463024809,2349.927463024809,2242.16451723521,2276.9267578125,24498,0.0,0.0
2011-12-06 00:00:00+09:00,2252.5933378727063,2325.594047896359,2252.5933378727063,2273.45068359375,17176,0.0,0.0
2011-12-07 00:00:00+09:00,2318.6416762843273,2318.6416762843273,2259.545861446496,2294.30810546875,8980,0.0,0.0
2011-12-08 00:00:00+09:00,2294.3081817626953,2304.7368553161623,2169.164099121094,2224.78369140625,50032,0.0,0.0
2011-12-09 00:00:00+09:00,2228.2593059751384,2263.0215416377773,2172.6397289149168,2193.4970703125,13356,0.0,0.0
2011-12-12 00:00:00+09:00,2217.8309382452308,2245.6407305743246,2123.972889134539,2186.544921875,13606,0.0,0.0
2011-12-13 00:00:00+09:00,2158.7352091471353,2273.4506067346642,2155.2589849778165,2252.59326171875,19372,0.0,0.0
2011-12-14 00:00:00+09:00,2381.2138895152034,2381.2138895152034,2263.0222512034998,2318.641845703125,23976,0.0,0.0
2011-12-15 00:00:00+09:00,2318.6416577332,2329.070330856438,2273.4507408658365,2311.689208984375,7524,0.0,0.0
2011-12-16 00:00:00+09:00,2287.355712526779,2370.7851002177254,2287.355712526779,2332.546630859375,10182,0.0,0.0
2011-12-19 00:00:00+09:00,2332.546342736164,2332.546342736164,2190.0211563692746,2276.9267578125,16434,0.0,0.0
2011-12-20 00:00:00+09:00,2210.8787560096152,2276.927020733173,2196.9738581730767,2214.35498046875,3668,0.0,0.0
2011-12-21 00:00:00+09:00,2266.498613129845,2273.451062863372,2217.831464995155,2242.1650390625,9292,0.0,0.0
2011-12-22 00:00:00+09:00,2242.1648514956746,2290.8319955591464,2221.307504039901,2235.21240234375,6542,0.0,0.0
2011-12-23 00:00:00+09:00,2252.5934316492294,2391.642408911527,2238.6885339229993,2367.308837890625,20732,0.0,0.0
2011-12-26 00:00:00+09:00,2367.308266115395,2429.8802907704276,2332.5460301959324,2409.02294921875,85270,0.0,0.0
2011-12-27 00:00:00+09:00,2468.118750281836,2468.118750281836,2353.40337174761,2409.02294921875,17698,0.0,0.0
2011-12-28 00:00:00+09:00,2518.0287166819853,2518.0287166819853,2347.2533203125,2470.79296875,15868,150.0,0.0
2011-12-29 00:00:00+09:00,2401.7561063878675,2478.0600068933823,2401.7561063878675,2470.79296875,7510,0.0,0.0
2012-01-02 00:00:00+09:00,2536.1965514225744,2536.1965514225744,2434.4580078125,2434.4580078125,7924,0.0,0.0
2012-01-03 00:00:00+09:00,2445.358449797454,2507.1282769097224,2434.4578920717595,2452.62548828125,13772,0.0,0.0
2012-01-04 00:00:00+09:00,2507.1281594669117,2507.1281594669117,2416.2901826746324,2470.79296875,5542,0.0,0.0
2012-01-05 00:00:00+09:00,2488.9607445329557,2518.0288992136325,2441.7249931768556,2496.227783203125,33392,0.0,0.0
2012-01-06 00:00:00+09:00,2452.6255903960327,2474.4267067551086,2419.923915857419,2467.15966796875,21180,0.0,0.0
2012-01-09 00:00:00+09:00,2463.5267183110955,2608.867527650983,2463.5267183110955,2587.06640625,63422,0.0,0.0
2012-01-10 00:00:00+09:00,2597.9664802084926,2972.218994140625,2597.9664802084926,2972.218994140625,294262,0.0,0.0
2012-01-11 00:00:00+09:00,2954.051554069245,3233.832574565348,2917.716356602218,3030.35546875,292322,0.0,0.0
2012-01-12 00:00:00+09:00,3030.355332818224,3088.491646157662,2819.6111969627595,2975.8525390625,136040,0.0,0.0
2012-01-13 00:00:00+09:00,3015.8212615966795,3015.8212615966795,2852.3128799438473,2906.815673828125,63882,0.0,0.0
2012-01-16 00:00:00+09:00,2997.6536884209036,2997.6536884209036,2757.841393347231,2805.0771484375,65914,0.0,0.0
2012-01-17 00:00:00+09:00,2790.543009868421,2826.878205309416,2706.9720603541323,2761.474853515625,50460,0.0,0.0
2012-01-18 00:00:00+09:00,2786.9092969932917,2866.846721418132,2699.704833984375,2699.704833984375,56258,0.0,0.0
2012-01-19 00:00:00+09:00,2746.9405847808716,2761.4746619490243,2623.400928851573,2699.704833984375,47362,0.0,0.0
2012-01-20 00:00:00+09:00,2761.474823416096,2761.474823416096,2630.668121254281,2652.46923828125,20486,0.0,0.0
2012-01-25 00:00:00+09:00,2652.4693895422897,2685.1710669476056,2594.3330741550612,2674.2705078125,22000,0.0,0.0
2012-01-26 00:00:00+09:00,2674.2701224662164,2779.6421789220863,2659.7360457136824,2688.80419921875,41886,0.0,0.0
2012-01-27 00:00:00+09:00,2743.307091497606,2910.4489805160033,2703.33837890625,2703.33837890625,64306,0.0,0.0
2012-01-30 00:00:00+09:00,2725.1395320260763,2834.145113307119,2699.7048963938328,2743.30712890625,32858,0.0,0.0
2012-01-31 00:00:00+09:00,2736.0402353140025,2866.846939791166,2736.0402353140025,2834.145263671875,59142,0.0,0.0
2012-02-01 00:00:00+09:00,2870.4805888826886,2885.0146678137403,2732.406839037699,2746.94091796875,62726,0.0,0.0
2012-02-02 00:00:00+09:00,2790.543009868421,2790.543009868421,2699.7050212659333,2761.474853515625,35066,0.0,0.0
2012-02-03 00:00:00+09:00,2765.1083730597247,2765.1083730597247,2699.7050212659333,2761.474853515625,32144,0.0,0.0
2012-02-06 00:00:00+09:00,2765.108567210175,2779.6426464070746,2692.4381712256763,2754.2080078125,25588,0.0,0.0
2012-02-07 00:00:00+09:00,2754.2076870343544,2757.841206410389,2710.605454521937,2743.30712890625,34446,0.0,0.0
2012-02-08 00:00:00+09:00,2743.307381025327,2823.2448146446077,2736.040341605392,2779.642578125,61450,0.0,0.0
2012-02-09 00:00:00+09:00,2797.81004895662,2797.81004895662,2743.3072557951273,2761.474853515625,32604,0.0,0.0
2012-02-10 00:00:00+09:00,2779.6424880981444,3004.920702819824,2746.940811767578,2906.815673828125,180532,0.0,0.0
2012-02-13 00:00:00+09:00,2943.1511422489466,2961.3187418924585,2834.1455443878745,2910.449462890625,33302,0.0,0.0
2012-02-14 00:00:00+09:00,2910.4493943016128,2997.653870535369,2877.747715713954,2935.884033203125,37638,0.0,0.0
2012-02-15 00:00:00+09:00,3070.32410039681,3070.32410039681,2943.15091280641,2983.11962890625,28804,0.0,0.0
2012-02-16 00:00:00+09:00,2954.0516071532293,3012.1879241451747,2924.9834486572568,2932.25048828125,28292,0.0,0.0
2012-02-17 00:00:00+09:00,2964.952388337469,3012.188149426179,2892.281986662531,2928.6171875,26444,0.0,0.0
2012-02-20 00:00:00+09:00,2899.5486159104566,2946.784370304988,2830.511744103065,2834.145263671875,50392,0.0,0.0
2012-02-21 00:00:00+09:00,2841.41223656389,2903.1820677935398,2826.8781586275018,2859.579833984375,37522,0.0,0.0
2012-02-22 00:00:00+09:00,2848.679351265823,2917.7162232990504,2848.679351265823,2870.48046875,31834,0.0,0.0
2012-02-23 00:00:00+09:00,2855.9462890625,2899.5485224833014,2848.679250159033,2855.9462890625,37890,0.0,0.0
2012-02-24 00:00:00+09:00,2906.815732758621,2957.6850080818967,2863.2134967672414,2950.41796875,48858,0.0,0.0
2012-02-27 00:00:00+09:00,2943.150862809066,2979.486058646215,2910.449186555632,2975.8525390625,35014,0.0,0.0
2012-02-28 00:00:00+09:00,3008.5542153159345,3012.187734899649,2932.2503040579213,2975.8525390625,20908,0.0,0.0
2012-02-29 00:00:00+09:00,2975.85275147693,2975.85275147693,2917.716433987759,2935.884033203125,30286,0.0,0.0
2012-03-02 00:00:00+09:00,2914.0825959578806,2961.3183487601905,2914.0825959578806,2924.983154296875,13140,0.0,0.0
2012-03-05 00:00:00+09:00,2924.9831647814417,3015.8211512653374,2924.9831647814417,2961.318359375,26824,0.0,0.0
2012-03-06 00:00:00+09:00,3048.522548516201,3048.522548516201,2954.051051184352,2957.6845703125,10578,0.0,0.0
2012-03-07 00:00:00+09:00,2950.4178927012513,2957.6849318458358,2888.6480599722845,2939.517333984375,18218,0.0,0.0
2012-03-08 00:00:00+09:00,2979.486271320003,2979.486271320003,2924.983473673906,2935.884033203125,34066,0.0,0.0
2012-03-09 00:00:00+09:00,2979.4858516095633,3033.988641578031,2939.5171389660204,3015.821044921875,21436,0.0,0.0
2012-03-12 00:00:00+09:00,3015.821044921875,3044.8891995717245,2983.1193709407944,3015.821044921875,16874,0.0,0.0
2012-03-13 00:00:00+09:00,3015.820967871448,3052.156160255441,2957.6846600570584,3004.92041015625,34972,0.0,0.0
2012-03-14 00:00:00+09:00,3041.25605322558,3052.156612556138,3001.2873356802024,3033.989013671875,29124,0.0,0.0
2012-03-15 00:00:00+09:00,3033.9883072410476,3041.2553451027024,3015.8207125869094,3037.621826171875,20178,0.0,0.0
2012-03-16 00:00:00+09:00,3037.621997893258,3480.9113325140447,3037.621997893258,3233.83203125,176612,0.0,0.0
2012-03-19 00:00:00+09:00,3306.5029215494787,3415.5085123697913,3233.832527669271,3270.167724609375,44734,0.0,0.0
2012-03-20 00:00:00+09:00,3331.9367520242286,3331.9367520242286,3182.962480668729,3193.863037109375,37898,0.0,0.0
2012-03-21 00:00:00+09:00,3215.665183440781,3288.335583066562,3088.491984095666,3201.131103515625,41732,0.0,0.0
2012-03-22 00:00:00+09:00,3201.130966578649,3284.701922573324,3197.497446752793,3252.000244140625,47618,0.0,0.0
2012-03-23 00:00:00+09:00,3321.0367264625625,3321.0367264625625,3233.832260997462,3266.533935546875,20874,0.0,0.0
2012-03-26 00:00:00+09:00,3266.5344631788275,3306.503182973007,3197.497583534336,3201.131103515625,29780,0.0,0.0
2012-03-27 00:00:00+09:00,3248.366648857904,3270.1677673066147,3179.3297737703197,3241.099609375,31812,0.0,0.0
2012-03-28 00:00:00+09:00,3197.49750234015,3233.832701230379,3146.6282238938293,3153.895263671875,32302,0.0,0.0
2012-03-29 00:00:00+09:00,3150.261318137429,3251.9998612837358,3106.6590853604407,3197.4970703125,18752,0.0,0.0
2012-03-30 00:00:00+09:00,3197.497306034483,3197.497306034483,3142.9945110452586,3161.162109375,9414,0.0,0.0
2012-04-02 00:00:00+09:00,3161.161736813584,3248.366198518786,3142.994140625,3142.994140625,19110,0.0,0.0
2012-04-03 00:00:00+09:00,3157.528783560898,3168.429343227967,3088.491905669463,3153.895263671875,18822,0.0,0.0
2012-04-04 00:00:00+09:00,3153.894698930623,3153.894698930623,2946.7841023418605,3004.92041015625,28628,0.0,0.0
2012-04-05 00:00:00+09:00,3004.9203586647727,3004.9203586647727,2964.9516477272728,2997.6533203125,23414,0.0,0.0
2012-04-06 00:00:00+09:00,2997.653601012254,3081.2245498889597,2863.21337890625,2863.21337890625,41820,0.0,0.0
2012-04-09 00:00:00+09:00,2797.8102906665877,2866.84716796875,2732.4069332224335,2866.84716796875,26632,0.0,0.0
2012-04-10 00:00:00+09:00,2801.4434442009456,2917.716064453125,2438.091505912885,2917.716064453125,32102,0.0,0.0
2012-04-12 00:00:00+09:00,2917.716250535919,2983.11960359899,2903.1821720774583,2979.486083984375,15988,0.0,0.0
2012-04-13 00:00:00+09:00,2917.7160452090993,3088.491455078125,2917.7160452090993,3088.491455078125,11934,0.0,0.0
2012-04-16 00:00:00+09:00,2997.653396408279,3095.7584166543684,2997.653396408279,3077.5908203125,9052,0.0,0.0
2012-04-17 00:00:00+09:00,3088.491810324663,3088.491810324663,3033.989013671875,3033.989013671875,8310,0.0,0.0
2012-04-18 00:00:00+09:00,3088.491495091672,3088.491495091672,3015.8211069718677,3059.42333984375,5296,0.0,0.0
2012-04-19 00:00:00+09:00,3055.789896623058,3081.2245330991123,3023.088221153846,3070.323974609375,4110,0.0,0.0
2012-04-20 00:00:00+09:00,3066.6903786557305,3066.6903786557305,3008.5540681598873,3059.42333984375,13262,0.0,0.0
2012-04-23 00:00:00+09:00,3081.2244189981952,3081.2244189981952,3019.45458984375,3019.45458984375,7052,0.0,0.0
2012-04-24 00:00:00+09:00,3048.522874241553,3048.522874241553,2863.21337890625,2863.21337890625,16486,0.0,0.0
2012-04-25 00:00:00+09:00,2917.7162165506215,2939.517333984375,2877.7475012554078,2939.517333984375,9806,0.0,0.0
2012-04-26 00:00:00+09:00,2910.4491934204098,3048.522937927246,2906.815673828125,2906.815673828125,9778,0.0,0.0
2012-04-27 00:00:00+09:00,2852.312971062264,2968.58560172977,2852.312971062264,2885.0146484375,6986,0.0,0.0
2012-04-30 00:00:00+09:00,2845.045475567512,2903.181781581663,2834.1449181898583,2888.647705078125,9238,0.0,0.0
2012-05-02 00:00:00+09:00,2888.6481681458595,2932.2504046461745,2837.7788922288255,2885.0146484375,3996,0.0,0.0
2012-05-03 00:00:00+09:00,2808.7106358781643,2881.3810274920884,2797.810077136076,2870.48046875,6394,0.0,0.0
2012-05-04 00:00:00+09:00,2954.050927546815,2954.050927546815,2834.1448013364275,2837.7783203125,3888,0.0,0.0
2012-05-07 00:00:00+09:00,2812.3438516152873,2845.0455243084884,2685.1706800306165,2688.80419921875,6980,0.0,0.0
2012-05-08 00:00:00+09:00,2688.8040769757777,2688.8040769757777,2565.26443019581,2568.89794921875,32428,0.0,0.0
2012-05-09 00:00:00+09:00,2525.296336692821,2561.6315357819267,2518.029296875,2518.029296875,6410,0.0,0.0
2012-05-10 00:00:00+09:00,2528.9294944260387,2561.631168922927,2401.756315827028,2536.196533203125,7676,0.0,0.0
2012-05-11 00:00:00+09:00,2536.19650763316,2576.1652205041696,2499.8613141140604,2532.56298828125,6790,0.0,0.0
2012-05-14 00:00:00+09:00,2514.3954673549106,2543.463623046875,2510.7619478934153,2543.463623046875,7034,0.0,0.0
2012-05-15 00:00:00+09:00,2485.3272867489272,2561.631194675429,2452.6256119232835,2539.830078125,11652,0.0,0.0
2012-05-16 00:00:00+09:00,2539.8303657233632,2561.631484742448,2507.128687194736,2510.76220703125,3724,0.0,0.0
2012-05-17 00:00:00+09:00,2554.364264594184,2554.364264594184,2485.327392578125,2485.327392578125,4062,0.0,0.0
2012-05-18 00:00:00+09:00,2459.8922120981806,2488.9603623149983,2398.1223928874433,2409.02294921875,14464,0.0,0.0
2012-05-21 00:00:00+09:00,2419.9240633336512,2434.4581417921113,2379.955347572885,2383.5888671875,19132,0.0,0.0
2012-05-22 00:00:00+09:00,2394.489595795846,2394.489595795846,2372.6884765625,2372.6884765625,8850,0.0,0.0
2012-05-23 00:00:00+09:00,2379.955064877059,2394.4891416091327,2310.9182003997093,2343.619873046875,32502,0.0,0.0
2012-05-24 00:00:00+09:00,2285.483894742151,2347.253729735182,2285.483894742151,2321.819091796875,19576,0.0,0.0
2012-05-25 00:00:00+09:00,2292.750718307495,2383.588702392578,2292.750718307495,2325.452392578125,9166,0.0,0.0
2012-05-29 00:00:00+09:00,2336.352976306552,2369.0546509360374,2198.2792389820593,2329.0859375,11006,0.0,0.0
2012-05-30 00:00:00+09:00,2329.085834784635,2329.085834784635,2289.117123111264,2314.5517578125,9668,0.0,0.0
2012-05-31 00:00:00+09:00,2310.918105755506,2310.918105755506,2216.44661086613,2227.34716796875,16396,0.0,0.0
2012-06-01 00:00:00+09:00,2230.9808410743135,2332.7193810581584,2216.446763933764,2249.1484375,20546,0.0,0.0
2012-06-04 00:00:00+09:00,2209.179965572034,2230.981083653337,2143.776611328125,2143.776611328125,11556,0.0,0.0
2012-06-05 00:00:00+09:00,2176.478346916528,2227.347623806063,2151.043708471761,2187.37890625,6412,0.0,0.0
2012-06-07 00:00:00+09:00,2241.8813081747626,2241.8813081747626,2194.6455593801566,2201.91259765625,5744,0.0,0.0
2012-06-08 00:00:00+09:00,2205.546270233354,2227.3473865783294,2205.546270233354,2223.7138671875,1342,0.0,0.0
2012-06-11 00:00:00+09:00,2223.7139938082455,2245.515111394601,2216.446954612794,2241.881591796875,4818,0.0,0.0
2012-06-12 00:00:00+09:00,2245.514763139784,2245.514763139784,2216.44661086613,2227.34716796875,4116,0.0,0.0
2012-06-13 00:00:00+09:00,2227.347321789176,2249.1484375,2169.211013226979,2249.1484375,5570,0.0,0.0
2012-06-14 00:00:00+09:00,2249.1484375,2252.7819567851375,2187.3786096526655,2249.1484375,5334,0.0,0.0
2012-06-15 00:00:00+09:00,2249.148554401211,2270.949671245165,2201.912801239312,2230.98095703125,2532,0.0,0.0
2012-06-18 00:00:00+09:00,2249.1488508744674,2249.1488508744674,2227.3477311567826,2238.248291015625,17478,0.0,0.0
2012-06-19 00:00:00+09:00,2285.483668154762,2347.25349702381,2270.9495907738096,2289.1171875,16304,0.0,0.0
2012-06-20 00:00:00+09:00,2379.955407084434,2379.955407084434,2296.384453858568,2321.819091796875,10604,0.0,0.0
2012-06-21 00:00:00+09:00,2289.117198944092,2325.452392578125,2289.117198944092,2325.452392578125,13490,0.0,0.0
2012-06-22 00:00:00+09:00,2292.7508339228593,2321.8189902958907,2267.316197096457,2307.284912109375,4674,0.0,0.0
2012-06-25 00:00:00+09:00,2314.55168041145,2314.55168041145,2292.7505656823,2303.651123046875,2842,0.0,0.0
2012-06-26 00:00:00+09:00,2358.1539625251817,2358.1539625251817,2270.9495016613846,2310.918212890625,12418,0.0,0.0
2012-06-27 00:00:00+09:00,2336.3528473092324,2336.3528473092324,2270.9495016613846,2310.918212890625,7306,0.0,0.0
2012-06-28 00:00:00+09:00,2332.7195910586124,2332.7195910586124,2274.583277262759,2278.216796875,3568,0.0,0.0
2012-06-29 00:00:00+09:00,2252.7821595893142,2307.2849537729267,2252.7821595893142,2278.216796875,1640,0.0,0.0
2012-07-02 00:00:00+09:00,2321.818861607143,2321.818861607143,2278.2166294642857,2289.1171875,3706,0.0,0.0
2012-07-03 00:00:00+09:00,2296.384496335182,2296.384496335182,2263.682818381042,2292.7509765625,1674,0.0,0.0
2012-07-04 00:00:00+09:00,2336.3528473092324,2336.3528473092324,2296.384136079992,2310.918212890625,14600,0.0,0.0
2012-07-05 00:00:00+09:00,2292.750718307495,2358.154066848755,2292.750718307495,2325.452392578125,6984,0.0,0.0
2012-07-06 00:00:00+09:00,2325.452392578125,2329.085911941528,2310.9183151245115,2325.452392578125,10300,0.0,0.0
2012-07-09 00:00:00+09:00,2325.4524180967237,2339.9864957098284,2289.1172240639626,2329.0859375,1608,0.0,0.0
2012-07-10 00:00:00+09:00,2289.1171875,2318.1853422619047,2223.7138392857146,2289.1171875,5912,0.0,0.0
2012-07-11 00:00:00+09:00,2292.7509092133623,2350.8872238685344,2252.782192887931,2318.185546875,5994,0.0,0.0
2012-07-12 00:00:00+09:00,2318.185546875,2329.086105872845,2296.3844288793102,2318.185546875,6954,0.0,0.0
2012-07-13 00:00:00+09:00,2318.185277055534,2321.8187962985676,2278.2165653821626,2314.5517578125,7398,0.0,0.0
2012-07-16 00:00:00+09:00,2303.651485182333,2314.552044260483,2285.48388671875,2285.48388671875,14902,0.0,0.0
2012-07-17 00:00:00+09:00,2307.2850048750497,2307.2850048750497,2278.2168473333168,2285.48388671875,706,0.0,0.0
2012-07-18 00:00:00+09:00,2289.1170976746757,2343.6198857145487,2281.850059269359,2310.918212890625,8228,0.0,0.0
2012-07-19 00:00:00+09:00,2303.651392562746,2318.185470749262,2241.8815602700543,2307.284912109375,3330,0.0,0.0
2012-07-20 00:00:00+09:00,2307.284912109375,2318.185470749262,2281.8502752829727,2307.284912109375,1960,0.0,0.0
2012-07-23 00:00:00+09:00,2303.6513051710713,2303.6513051710713,2234.6144364041147,2260.049072265625,4222,0.0,0.0
2012-07-24 00:00:00+09:00,2187.3786840898815,2260.049072265625,2187.3786840898815,2260.049072265625,3558,0.0,0.0
2012-07-25 00:00:00+09:00,2281.8504987732435,2281.8504987732435,2158.310822088068,2198.279541015625,7088,0.0,0.0
2012-07-26 00:00:00+09:00,2194.6458782327586,2249.148673221983,2180.1117995689656,2212.8134765625,4920,0.0,0.0
2012-07-27 00:00:00+09:00,2198.2793566241644,2281.85030737186,2198.2793566241644,2241.881591796875,7844,0.0,0.0
2012-07-30 00:00:00+09:00,2198.2792817653194,2241.8815154532267,2198.2792817653194,2230.98095703125,5462,0.0,0.0
2012-07-31 00:00:00+09:00,2234.6147710626774,2256.415890780362,2216.4471712979403,2238.248291015625,1286,0.0,0.0
2012-08-01 00:00:00+09:00,2285.48378515625,2285.48378515625,2270.94970703125,2270.94970703125,508,0.0,0.0
2012-08-02 00:00:00+09:00,2270.949926131811,2285.4840056590547,2245.5152869591348,2267.31640625,218,0.0,0.0
2012-08-03 00:00:00+09:00,2278.21656577101,2278.21656577101,2209.1797001415857,2245.514892578125,4376,0.0,0.0
2012-08-06 00:00:00+09:00,2281.850151199366,2281.850151199366,2220.080322265625,2220.080322265625,2366,0.0,0.0
2012-08-07 00:00:00+09:00,2270.949593152235,2270.949593152235,2216.4468029165814,2220.080322265625,2900,0.0,0.0
2012-08-08 00:00:00+09:00,2252.782370827415,2252.782370827415,2205.546611439098,2238.248291015625,5192,0.0,0.0
2012-08-09 00:00:00+09:00,2205.546611439098,2267.3164506392045,2205.546611439098,2238.248291015625,16784,0.0,0.0
2012-08-10 00:00:00+09:00,2263.6825804866216,2263.6825804866216,2216.4468284058416,2223.7138671875,3114,0.0,0.0
2012-08-13 00:00:00+09:00,2227.3477311567826,2267.3164506392045,2227.3477311567826,2238.248291015625,9580,0.0,0.0
2012-08-14 00:00:00+09:00,2238.248345441879,2296.384666102707,2234.614825400577,2281.8505859375,11364,0.0,0.0
2012-08-16 00:00:00+09:00,2278.216855331206,2343.6202100297096,2278.216855331206,2321.819091796875,18354,0.0,0.0
2012-08-17 00:00:00+09:00,2361.7875206783715,2361.7875206783715,2289.1171354267294,2350.886962890625,17940,0.0,0.0
2012-08-20 00:00:00+09:00,2303.6514932695127,2379.955407084434,2296.384453858568,2321.819091796875,9300,0.0,0.0
2012-08-21 00:00:00+09:00,2354.520743534483,2354.520743534483,2292.7509092133623,2318.185546875,6990,0.0,0.0
2012-08-22 00:00:00+09:00,2387.222247952418,2394.48928675897,2310.9183404836194,2329.0859375,8726,0.0,0.0
2012-08-23 00:00:00+09:00,2336.3528603001646,2350.886937191612,2267.3159950657896,2347.25341796875,33162,0.0,0.0
2012-08-24 00:00:00+09:00,2347.253720732808,2488.960988702745,2303.6514844343656,2390.85595703125,10348,0.0,0.0
2012-08-27 00:00:00+09:00,2463.526473368109,2463.526473368109,2365.421436818051,2372.6884765625,4216,0.0,0.0
2012-08-28 00:00:00+09:00,2372.688222170247,2434.458053375292,2325.452468895801,2336.35302734375,11776,0.0,0.0
2012-08-29 00:00:00+09:00,2390.8556747790285,2390.8556747790285,2303.651212477058,2350.886962890625,1726,0.0,0.0
2012-08-30 00:00:00+09:00,2416.2902158141515,2416.2902158141515,2241.8812979809495,2303.651123046875,17084,0.0,0.0
2012-08-31 00:00:00+09:00,2267.316328125,2416.290638146034,2260.049288611779,2361.787841796875,15794,0.0,0.0
2012-09-03 00:00:00+09:00,2354.5204305959305,2401.7561799751697,2329.0857963148014,2343.619873046875,8392,0.0,0.0
2012-09-04 00:00:00+09:00,2325.452378659476,2401.75628483424,2325.452378659476,2358.154052734375,4486,0.0,0.0
2012-09-05 00:00:00+09:00,2354.5204305959305,2394.4891416091327,2325.452277131783,2343.619873046875,10112,0.0,0.0
2012-09-06 00:00:00+09:00,2412.6567248423166,2470.793031465023,2310.9181882525804,2376.321533203125,7064,0.0,0.0
2012-09-07 00:00:00+09:00,2376.321996434724,2445.3588740069868,2325.4527182235834,2372.6884765625,5428,0.0,0.0
2012-09-10 00:00:00+09:00,2376.321920823317,2430.824717172476,2339.9867232572115,2361.787841796875,4070,0.0,0.0
2012-09-11 00:00:00+09:00,2369.054417482719,2409.023126980127,2339.986265120968,2365.4208984375,6698,0.0,0.0
2012-09-12 00:00:00+09:00,2434.457839825832,2434.457839825832,2332.719303236095,2376.321533203125,8754,0.0,0.0
2012-09-13 00:00:00+09:00,2390.856039260432,2438.091796875,2372.688440177906,2438.091796875,8122,0.0,0.0
2012-09-14 00:00:00+09:00,2438.0914113136573,2481.6936422164354,2416.2902958622685,2452.62548828125,10624,0.0,0.0
2012-09-17 00:00:00+09:00,2488.960799032183,2488.960799032183,2427.190968983209,2434.4580078125,3984,0.0,0.0
2012-09-18 00:00:00+09:00,2467.15968254431,2467.15968254431,2379.955216592817,2434.4580078125,5152,0.0,0.0
2012-09-19 00:00:00+09:00,2434.4583020891464,2467.159980773926,2405.390143258231,2441.725341796875,4454,0.0,0.0
2012-09-20 00:00:00+09:00,2441.7248161764705,2543.4633501838234,2434.4577780330883,2470.79296875,8806,0.0,0.0
2012-09-21 00:00:00+09:00,2507.1285100568807,2518.0290687962583,2398.122922663103,2485.327392578125,5930,0.0,0.0
2012-09-24 00:00:00+09:00,2485.3271740989967,2499.8612511405113,2452.6255007555887,2488.960693359375,10212,0.0,0.0
2012-09-25 00:00:00+09:00,2488.9608930105187,2507.1284907697195,2409.0234628700346,2412.656982421875,10936,0.0,0.0
2012-09-26 00:00:00+09:00,2430.824320661912,2430.824320661912,2325.452264908257,2376.321533203125,6812,0.0,0.0
2012-09-27 00:00:00+09:00,2467.1596712979403,2467.1596712979403,2347.253531161222,2398.122802734375,4016,0.0,0.0
2012-09-28 00:00:00+09:00,2416.2902567072433,2467.159525269501,2343.619873046875,2343.619873046875,2792,0.0,0.0
2012-10-02 00:00:00+09:00,2427.191426996396,2427.191426996396,2361.7880651911037,2394.48974609375,1278,0.0,0.0
2012-10-04 00:00:00+09:00,2394.489394009644,2452.625707066024,2365.421237481454,2448.9921875,5954,0.0,0.0
2012-10-05 00:00:00+09:00,2448.9921875,2470.7933048961427,2387.2223548775964,2448.9921875,6872,0.0,0.0
2012-10-08 00:00:00+09:00,2470.7931873619295,2470.7931873619295,2434.4579934301364,2467.15966796875,3732,0.0,0.0
2012-10-09 00:00:00+09:00,2434.4579934301364,2536.196536439157,2434.4579934301364,2467.15966796875,4498,0.0,0.0
2012-10-10 00:00:00+09:00,2503.4948652787643,2503.4948652787643,2398.122802734375,2398.122802734375,6974,0.0,0.0
2012-10-11 00:00:00+09:00,2430.824337442873,2757.841064453125,2430.824337442873,2757.841064453125,142220,0.0,0.0
2012-10-12 00:00:00+09:00,2794.176340642965,3139.360674012382,2757.8411476567107,3081.224365234375,303956,0.0,0.0
2012-10-15 00:00:00+09:00,3124.827138684067,3197.497537258115,2823.2449846017676,2910.449462890625,90384,0.0,0.0
2012-10-16 00:00:00+09:00,2924.983195038033,3052.156377430991,2765.1083371726004,2895.9150390625,43348,0.0,0.0
2012-10-17 00:00:00+09:00,2943.1507296228106,2975.852404396397,2823.2445887863255,2852.312744140625,17710,0.0,0.0
2012-10-18 00:00:00+09:00,2852.3128708465188,2979.486056170886,2826.8782337816456,2870.48046875,22970,0.0,0.0
2012-10-19 00:00:00+09:00,2957.684938686709,2957.684938686709,2801.443596716772,2870.48046875,26328,0.0,0.0
2012-10-22 00:00:00+09:00,2812.3440196572583,2924.9831212197582,2801.4434614415322,2815.9775390625,13990,0.0,0.0
2012-10-23 00:00:00+09:00,2739.6739179888596,2834.1454324022684,2699.7052003524173,2823.244873046875,10662,0.0,0.0
2012-10-24 00:00:00+09:00,2754.20749562057,2834.14491633779,2652.468960162291,2819.61083984375,7116,0.0,0.0
2012-10-25 00:00:00+09:00,2779.64224373784,2852.312629195039,2732.4064931906614,2801.443359375,4870,0.0,0.0
2012-10-26 00:00:00+09:00,2852.3127101872933,2852.3127101872933,2674.2702607615897,2743.30712890625,13114,0.0,0.0
2012-10-29 00:00:00+09:00,2717.8724846117425,2743.307120162922,2619.7674617714792,2637.93505859375,6110,0.0,0.0
2012-10-30 00:00:00+09:00,2637.9353963216145,2710.6057929144968,2616.13427734375,2616.13427734375,4308,0.0,0.0
2012-10-31 00:00:00+09:00,2616.134209508253,2652.4694068625345,2347.2537490865716,2641.56884765625,45992,0.0,0.0
2012-11-01 00:00:00+09:00,2572.53146824169,2583.4320253105107,2507.128125828766,2568.89794921875,5482,0.0,0.0
2012-11-02 00:00:00+09:00,2587.0661928380014,2630.6684320431364,2565.265073235434,2627.034912109375,5368,0.0,0.0
2012-11-05 00:00:00+09:00,2634.301790983781,2717.8727443529215,2616.134192425272,2674.2705078125,2898,0.0,0.0
2012-11-06 00:00:00+09:00,2721.5058196773375,2721.5058196773375,2627.0343225990855,2681.537109375,1568,0.0,0.0
2012-11-07 00:00:00+09:00,2743.307262013959,2743.307262013959,2623.4011167868593,2692.43798828125,3884,0.0,0.0
2012-11-08 00:00:00+09:00,2688.8041476117887,2688.8041476117887,2594.3326505335367,2681.537109375,6768,0.0,0.0
2012-11-09 00:00:00+09:00,2681.53722005977,3081.2243395808737,2634.301469570912,3077.5908203125,64008,0.0,0.0
2012-11-12 00:00:00+09:00,3073.9572358972882,3088.4913126627603,2906.8153530943628,2964.95166015625,45896,0.0,0.0
2012-11-13 00:00:00+09:00,2943.150792229105,3124.8267670580617,2874.1139217941013,3070.323974609375,32610,0.0,0.0
2012-11-14 00:00:00+09:00,3070.323974609375,3084.8580525956913,2881.3809607872595,3070.323974609375,18030,0.0,0.0
2012-11-15 00:00:00+09:00,3070.32410039681,3070.32410039681,2946.7844324518496,2983.11962890625,3460,0.0,0.0
2012-11-16 00:00:00+09:00,2895.9153831758154,3026.722100609102,2895.9153831758154,2910.449462890625,11380,0.0,0.0
2012-11-19 00:00:00+09:00,2812.343962372929,3030.3551222468,2797.8098850480046,3015.821044921875,7350,0.0,0.0
2012-11-20 00:00:00+09:00,3088.4913526394344,3088.4913526394344,2910.4489099578673,3004.92041015625,3234,0.0,0.0
2012-11-21 00:00:00+09:00,3044.889437047447,3044.889437047447,2892.281613233613,2979.486083984375,10782,0.0,0.0
2012-11-22 00:00:00+09:00,2924.9833310883623,2979.4861260775865,2906.815732758621,2950.41796875,10776,0.0,0.0
2012-11-23 00:00:00+09:00,2950.4177904211956,3001.287062669837,2924.983154296875,2924.983154296875,10426,0.0,0.0
2012-11-26 00:00:00+09:00,2935.8840080932464,2939.5175279052432,2834.145453357342,2932.25048828125,5394,0.0,0.0
2012-11-27 00:00:00+09:00,2935.883753528858,2943.1507925227415,2826.8781686206084,2895.9150390625,10316,0.0,0.0
2012-11-28 00:00:00+09:00,2855.9464156082095,2906.8156901864727,2808.710660642679,2874.114013671875,4774,0.0,0.0
2012-11-29 00:00:00+09:00,2841.412522439626,2874.1142010866297,2550.730934466263,2830.511962890625,6214,0.0,0.0
2012-11-30 00:00:00+09:00,2739.6733079585465,2906.8151808578746,2739.6733079585465,2837.7783203125,3464,0.0,0.0
2012-12-03 00:00:00+09:00,2859.5800708981865,2859.5800708981865,2823.244873046875,2823.244873046875,428,0.0,0.0
2012-12-04 00:00:00+09:00,2790.543095084088,2823.2447719796046,2746.940859223399,2808.710693359375,4386,0.0,0.0
2012-12-05 00:00:00+09:00,2786.90928228356,2834.145032830739,2728.772973917801,2801.443359375,2068,0.0,0.0
2012-12-06 00:00:00+09:00,2815.9776466771177,2815.9776466771177,2761.474853515625,2761.474853515625,12082,0.0,0.0
2012-12-07 00:00:00+09:00,2746.94091796875,2797.8101942274307,2688.8046022445437,2746.94091796875,12282,0.0,0.0
2012-12-10 00:00:00+09:00,2637.935309436274,2794.176656964869,2637.935309436274,2779.642578125,2806,0.0,0.0
2012-12-11 00:00:00+09:00,2779.642308419912,2797.8099052069697,2652.4691309105037,2776.0087890625,808,0.0,0.0
2012-12-12 00:00:00+09:00,2783.276097834967,2783.276097834967,2761.474979575163,2779.642578125,1320,0.0,0.0
2012-12-13 00:00:00+09:00,2797.81000773112,2797.81000773112,2746.9407348632812,2790.54296875,2366,0.0,0.0
2012-12-14 00:00:00+09:00,2797.810366606491,2797.810366606491,2681.5377279942727,2736.04052734375,3960,0.0,0.0
2012-12-17 00:00:00+09:00,2732.40637703252,2732.40637703252,2648.835437309451,2681.537109375,8158,0.0,0.0
2012-12-18 00:00:00+09:00,2681.5372233706225,2841.412071376459,2670.636665552043,2801.443359375,4552,0.0,0.0
2012-12-20 00:00:00+09:00,2801.443307943555,2834.144980798927,2670.636616522066,2794.17626953125,7350,0.0,0.0
2012-12-21 00:00:00+09:00,2830.51169333176,2866.846888368111,2761.474822762693,2826.878173828125,3764,0.0,0.0
2012-12-24 00:00:00+09:00,2863.2134319673382,3004.9206957322194,2815.977677379045,2975.8525390625,16866,0.0,0.0
2012-12-26 00:00:00+09:00,2979.485749045026,3001.286864281941,2794.17626953125,2794.17626953125,48078,0.0,0.0
2012-12-27 00:00:00+09:00,2955.157624492495,3008.818074223876,2920.66162109375,2920.66162109375,7818,200.0,0.0
2012-12-28 00:00:00+09:00,2970.4892578125,2970.4892578125,2901.4972492439515,2970.4892578125,3790,0.0,0.0
2013-01-02 00:00:00+09:00,2970.489188746402,2970.489188746402,2912.995849609375,2912.995849609375,10190,0.0,0.0
2013-01-03 00:00:00+09:00,2989.653917677859,2989.653917677859,2840.171221793966,2882.3330078125,4098,0.0,0.0
2013-01-04 00:00:00+09:00,2878.500287895698,2970.489644632711,2828.672719663149,2951.3251953125,3576,0.0,0.0
2013-01-07 00:00:00+09:00,2985.821162923177,3127.6380859375,2886.166027832031,2989.654052734375,2900,0.0,0.0
2013-01-08 00:00:00+09:00,3024.149829353254,3024.149829353254,2939.826259966978,2974.322265625,6054,0.0,0.0
2013-01-09 00:00:00+09:00,3001.152492247906,3001.152492247906,2947.492039002094,2974.322265625,5046,0.0,0.0
2013-01-10 00:00:00+09:00,2997.319832356771,3008.8185017903643,2935.993595377604,2989.654052734375,7096,0.0,0.0
2013-01-11 00:00:00+09:00,3001.152627703315,3001.152627703315,2836.3383710095186,2844.004150390625,36998,0.0,0.0
2013-01-14 00:00:00+09:00,2847.8373672343123,2905.3307191973204,2752.015113962633,2878.50048828125,18592,0.0,0.0
2013-01-15 00:00:00+09:00,2878.500057220459,3165.9667739868164,2798.009376525879,2943.6591796875,30732,0.0,0.0
2013-01-16 00:00:00+09:00,2947.4923054484575,2981.9883142248377,2886.1660676237825,2951.3251953125,3394,0.0,0.0
2013-01-17 00:00:00+09:00,2874.6669568513566,2947.491853091591,2870.834067575555,2912.995849609375,2376,0.0,0.0
2013-01-18 00:00:00+09:00,2916.8287747395834,2916.8287747395834,2844.0038776041665,2874.6669921875,512,0.0,0.0
2013-01-21 00:00:00+09:00,2878.4999031969296,2878.4999031969296,2798.009226809266,2851.669677734375,7108,0.0,0.0
2013-01-22 00:00:00+09:00,2851.6696633731617,2867.001220703125,2824.839438045726,2867.001220703125,4452,0.0,0.0
2013-01-23 00:00:00+09:00,2867.001220703125,2867.001220703125,2817.1736593807445,2867.001220703125,7972,0.0,0.0
2013-01-24 00:00:00+09:00,2867.0013885498047,2867.0013885498047,2694.5213584899902,2698.354248046875,12544,0.0,0.0
2013-01-25 00:00:00+09:00,2667.690779355385,2709.8525589141627,2606.364554542618,2686.855224609375,11678,0.0,0.0
2013-01-28 00:00:00+09:00,2629.3623745417563,2702.1872799590933,2629.3623745417563,2679.18994140625,2510,0.0,0.0
2013-01-29 00:00:00+09:00,2637.0281860528216,2721.351761769627,2637.0281860528216,2648.52685546875,2368,0.0,0.0
2013-01-30 00:00:00+09:00,2648.5268473659585,2675.3570759210406,2614.0308392237102,2656.192626953125,2680,0.0,0.0
2013-01-31 00:00:00+09:00,2702.187255859375,2721.351704482491,2663.8583586131426,2702.187255859375,1912,0.0,0.0
2013-02-01 00:00:00+09:00,2671.524032030717,2989.6538665480048,2671.524032030717,2809.508056640625,41456,0.0,0.0
2013-02-04 00:00:00+09:00,2759.6806017287236,2794.1766092503326,2683.022807236259,2702.187255859375,10930,0.0,0.0
2013-02-05 00:00:00+09:00,2698.3541970802917,2698.3541970802917,2625.529296875,2625.529296875,6144,0.0,0.0
2013-02-06 00:00:00+09:00,2637.0278249547105,2679.189607039742,2617.863378552423,2644.693603515625,4686,0.0,0.0
2013-02-07 00:00:00+09:00,2644.6935964595377,2667.690932080925,2617.8633715679193,2652.359375,6560,0.0,0.0
2013-02-08 00:00:00+09:00,2652.359375,2652.359375,2606.3647037572255,2652.359375,4686,0.0,0.0
2013-02-12 00:00:00+09:00,2644.693589444119,2660.025146484375,2625.5291431437995,2660.025146484375,6096,0.0,0.0
2013-02-13 00:00:00+09:00,2660.025146484375,2671.5238142645667,2648.5264787041833,2660.025146484375,10094,0.0,0.0
2013-02-14 00:00:00+09:00,2660.025146484375,2679.1895927846945,2660.025146484375,2660.025146484375,4234,0.0,0.0
2013-02-15 00:00:00+09:00,2679.189466473696,2679.189466473696,2644.693464759442,2663.85791015625,3988,0.0,0.0
2013-02-18 00:00:00+09:00,2663.8581469411315,2675.3568152013095,2637.0279210007175,2671.52392578125,8606,0.0,0.0
2013-02-19 00:00:00+09:00,2679.189619045813,2794.1762979748178,2671.523840450546,2763.51318359375,16014,0.0,0.0
2013-02-20 00:00:00+09:00,2794.1764983506355,2828.672504503112,2778.8449400606455,2809.508056640625,5580,0.0,0.0
2013-02-21 00:00:00+09:00,2809.50804140254,2870.8342742298805,2809.50804140254,2824.839599609375,6084,0.0,0.0
2013-02-22 00:00:00+09:00,2909.162925502232,2909.162925502232,2817.173583984375,2817.173583984375,4092,0.0,0.0
2013-02-25 00:00:00+09:00,2817.1736121931954,2832.5051692663556,2763.5131624371343,2786.510498046875,3332,0.0,0.0
2013-02-26 00:00:00+09:00,2836.3382836481073,2836.3382836481073,2782.677829633143,2809.508056640625,2900,0.0,0.0
2013-02-27 00:00:00+09:00,2836.3380301339284,2836.3380301339284,2752.0144670758928,2817.173583984375,3252,0.0,0.0
2013-02-28 00:00:00+09:00,2817.1741900236707,2836.338640295941,2782.678179533585,2821.007080078125,2126,0.0,0.0
2013-03-04 00:00:00+09:00,3024.1496023995537,3024.1496023995537,2794.1762486049106,2817.173583984375,5402,0.0,0.0
2013-03-05 00:00:00+09:00,2836.3380301339284,2836.3380301339284,2782.6775809151786,2817.173583984375,3460,0.0,0.0
2013-03-06 00:00:00+09:00,2782.67793087843,2832.5054971338286,2752.0148131828,2828.672607421875,6224,0.0,0.0
2013-03-07 00:00:00+09:00,2836.3383868457827,2855.502835405551,2786.510820590384,2828.672607421875,9792,0.0,0.0
2013-03-08 00:00:00+09:00,2851.6702005137568,2874.6675408404803,2817.1741900236707,2821.007080078125,3518,0.0,0.0
2013-03-11 00:00:00+09:00,2832.5050215136453,2832.5050215136453,2771.1787964199807,2813.340576171875,3374,0.0,0.0
2013-03-12 00:00:00+09:00,2813.340576171875,2813.340576171875,2794.1761308301047,2813.340576171875,2250,0.0,0.0
2013-03-13 00:00:00+09:00,2828.6724664577723,2870.834251188173,2828.6724664577723,2847.8369140625,4884,0.0,0.0
2013-03-14 00:00:00+09:00,2832.5052096354166,2943.659,2832.5052096354166,2874.6669921875,11564,0.0,0.0
2013-03-15 00:00:00+09:00,2893.8314460305605,2893.8314460305605,2855.5025527056523,2867.001220703125,4956,0.0,0.0
2013-03-18 00:00:00+09:00,2889.9988756153684,2889.9988756153684,2798.009521484375,2798.009521484375,7042,0.0,0.0
2013-03-19 00:00:00+09:00,2798.0093727474136,2874.6671637815894,2798.0093727474136,2824.839599609375,8156,0.0,0.0
2013-03-20 00:00:00+09:00,2790.3437103023375,2912.9961810848577,2790.3437103023375,2828.672607421875,48480,0.0,0.0
2013-03-21 00:00:00+09:00,2832.505442517869,2912.996124916888,2813.3409943276265,2882.3330078125,18200,0.0,0.0
2013-03-22 00:00:00+09:00,2893.83166892459,2901.497448180019,2824.8396556257253,2889.998779296875,4650,0.0,0.0
2013-03-25 00:00:00+09:00,2905.330481005925,2905.330481005925,2832.505574489945,2870.83447265625,17200,0.0,0.0
2013-03-26 00:00:00+09:00,2859.335669984209,2893.8316767266456,2828.6725528798206,2882.3330078125,11888,0.0,0.0
2013-03-27 00:00:00+09:00,2886.1658974505485,2886.1658974505485,2821.0067736037236,2882.3330078125,12662,0.0,0.0
2013-03-28 00:00:00+09:00,2882.3330000414458,2893.83166892459,2867.001441530587,2889.998779296875,8088,0.0,0.0
2013-03-29 00:00:00+09:00,2889.9985494791667,2893.831438802083,2870.834102864583,2874.6669921875,2700,0.0,0.0
2013-04-01 00:00:00+09:00,2970.4896506179166,3027.982998694393,2832.505615234375,2832.505615234375,48448,0.0,0.0
2013-04-02 00:00:00+09:00,2859.335545189035,2886.165771484375,2859.335545189035,2886.165771484375,8936,0.0,0.0
2013-04-03 00:00:00+09:00,2905.330481005925,2905.330481005925,2836.3384643065756,2870.83447265625,9696,0.0,0.0
2013-04-04 00:00:00+09:00,2886.1660025100077,2893.8317820651473,2775.0121989604854,2782.677978515625,8540,0.0,0.0
2013-04-05 00:00:00+09:00,2782.677978515625,2832.5055456240316,2752.014860295067,2782.677978515625,12382,0.0,0.0
2013-04-08 00:00:00+09:00,2782.677962462543,2897.6646551262843,2767.3464034407107,2798.009521484375,4572,0.0,0.0
2013-04-09 00:00:00+09:00,2798.0091378348216,2817.173583984375,2767.3460239955357,2817.173583984375,3442,0.0,0.0
2013-04-10 00:00:00+09:00,2778.8448375659987,2813.340842446128,2755.8475009792455,2790.343505859375,8122,0.0,0.0
2013-04-11 00:00:00+09:00,2813.3411576944163,2867.0016157430837,2782.6780388094635,2840.17138671875,9828,0.0,0.0
2013-04-12 00:00:00+09:00,2851.669929771732,2855.5028194622855,2817.173922556751,2844.004150390625,4266,0.0,0.0
2013-04-15 00:00:00+09:00,2836.3380301339284,2836.3380301339284,2809.5078055245535,2817.173583984375,7668,0.0,0.0
2013-04-16 00:00:00+09:00,2817.174122917207,2817.174122917207,2740.516323654154,2771.179443359375,25118,0.0,0.0
2013-04-17 00:00:00+09:00,2752.014694084189,2782.6778104528153,2656.1924554322327,2706.02001953125,36924,0.0,0.0
2013-04-18 00:00:00+09:00,2713.685601949364,2840.1709478029356,2713.685601949364,2786.510498046875,18236,0.0,0.0
2013-04-19 00:00:00+09:00,2832.5055348191495,3012.651353677742,2821.006865530303,2909.163330078125,46150,0.0,0.0
2013-04-22 00:00:00+09:00,2985.8209648132324,2985.8209648132324,2832.505382537842,2943.6591796875,29712,0.0,0.0
2013-04-23 00:00:00+09:00,2893.831396228059,2935.993178159859,2874.666949895423,2920.66162109375,9938,0.0,0.0
2013-04-24 00:00:00+09:00,2905.330416411356,2989.653990502451,2905.330416411356,2932.16064453125,12736,0.0,0.0
2013-04-25 00:00:00+09:00,2951.3252949121584,3127.638234608209,2912.996394978234,3081.6435546875,46550,0.0,0.0
2013-04-26 00:00:00+09:00,3081.6430022525087,3181.2981242158985,3027.98255196453,3150.635009765625,40624,0.0,0.0
2013-04-29 00:00:00+09:00,3150.635371971826,3165.9669309595233,3119.972253996431,3154.46826171875,34352,0.0,0.0
2013-04-30 00:00:00+09:00,3177.4655371654994,3595.250511292206,3158.3010888110634,3334.614013671875,112440,0.0,0.0
2013-05-02 00:00:00+09:00,3349.9454214242787,3576.0859018179085,3342.2796424278845,3487.929443359375,73998,0.0,0.0
2013-05-03 00:00:00+09:00,3484.0963739643184,3484.0963739643184,3365.276805655304,3418.937255859375,27420,0.0,0.0
2013-05-06 00:00:00+09:00,3487.9294284010875,3526.2583232186817,3434.268975656455,3503.260986328125,48046,0.0,0.0
2013-05-07 00:00:00+09:00,3526.2584765625,4024.534130859375,3526.2584765625,3832.8896484375,1527586,0.0,0.0
2013-05-08 00:00:00+09:00,3832.8894646260514,3909.5472539185726,3629.7463230008707,3645.077880859375,552902,0.0,0.0
2013-05-09 00:00:00+09:00,3675.7411533192403,3679.5740429473108,3491.762451171875,3491.762451171875,246786,0.0,0.0
2013-05-10 00:00:00+09:00,3480.2638453648747,3614.414984778719,3430.436279296875,3430.436279296875,185146,0.0,0.0
2013-05-13 00:00:00+09:00,3430.436397280012,3449.600846426828,3372.943049839565,3434.269287109375,74232,0.0,0.0
2013-05-14 00:00:00+09:00,3392.1070592543656,3480.2635139016543,3388.274169921875,3388.274169921875,54952,0.0,0.0
2013-05-15 00:00:00+09:00,3392.107037833567,3564.5870567064608,3388.274148525281,3411.271484375,117982,0.0,0.0
2013-05-16 00:00:00+09:00,3426.603007586705,3491.762125180636,3315.44921875,3315.44921875,71612,0.0,0.0
2013-05-20 00:00:00+09:00,3315.4491068758157,3399.7726679755474,3300.117550312228,3303.950439453125,56632,0.0,0.0
2013-05-21 00:00:00+09:00,3296.2847982500703,3430.4359237602475,3296.2847982500703,3418.937255859375,53954,0.0,0.0
2013-05-22 00:00:00+09:00,3484.0965538611777,3541.589896334134,3434.2689903846153,3487.929443359375,63338,0.0,0.0
2013-05-23 00:00:00+09:00,3503.2607702124724,3591.4172228545804,3449.6003207781455,3472.59765625,76926,0.0,0.0
2013-05-24 00:00:00+09:00,3595.250163672751,3595.250163672751,3415.1043665590846,3418.937255859375,85346,0.0,0.0
2013-05-27 00:00:00+09:00,3418.93786117984,3556.9219004202823,3411.2720812220377,3533.924560546875,122404,0.0,0.0
2013-05-28 00:00:00+09:00,3537.7570724239863,3622.080642947635,3514.7597350084457,3545.4228515625,109114,0.0,0.0
2013-05-29 00:00:00+09:00,3583.7518907629924,3583.7518907629924,3503.2612065854278,3526.258544921875,59764,0.0,0.0
2013-05-30 00:00:00+09:00,3526.2583307634322,3533.924109743353,3411.2716460646243,3495.59521484375,88080,0.0,0.0
2013-05-31 00:00:00+09:00,3503.2611103360614,3503.2611103360614,3376.7757529606897,3380.608642578125,70828,0.0,0.0
2013-06-03 00:00:00+09:00,3380.608546875,3487.929453125,3349.9454308035715,3353.7783203125,21248,0.0,0.0
2013-06-04 00:00:00+09:00,3334.6135594567586,3353.778005200763,3104.6402105287066,3296.28466796875,57570,0.0,0.0
2013-06-05 00:00:00+09:00,3257.956400196455,3303.9510787874638,3204.295941840278,3277.120849609375,47278,0.0,0.0
2013-06-07 00:00:00+09:00,3188.964206178161,3372.9429103807474,3188.964206178161,3334.614013671875,40780,0.0,0.0
2013-06-10 00:00:00+09:00,3223.459855304912,3537.756773420254,3219.6269660596026,3472.59765625,56096,0.0,0.0
2013-06-11 00:00:00+09:00,3526.258755387931,3556.921875,3407.439166891164,3556.921875,60546,0.0,0.0
2013-06-12 00:00:00+09:00,3556.9218834368253,3560.754773397425,3422.770734815824,3549.256103515625,42462,0.0,0.0
2013-06-13 00:00:00+09:00,3430.435991550097,3476.4306640625,3403.6057659178614,3476.4306640625,61630,0.0,0.0
2013-06-14 00:00:00+09:00,3476.4309314947022,3476.4309314947022,3326.9482343301006,3334.614013671875,34824,0.0,0.0
2013-06-17 00:00:00+09:00,3349.945222182081,3349.945222182081,3169.799426481214,3315.44921875,47102,0.0,0.0
2013-06-18 00:00:00+09:00,3422.7703218900238,3537.7570068359373,3334.6138634314902,3487.929443359375,82552,0.0,0.0
2013-06-19 00:00:00+09:00,3518.5922241210938,3602.915785047743,3449.6002197265625,3587.584228515625,99422,0.0,0.0
2013-06-20 00:00:00+09:00,3637.412520036183,3637.412520036183,3392.10756610329,3484.096923828125,100044,0.0,0.0
2013-06-21 00:00:00+09:00,3415.1045209726394,3526.258315706878,3384.441405183884,3510.9267578125,60010,0.0,0.0
2013-06-24 00:00:00+09:00,3530.091411432874,3560.754529013181,3399.7731617165678,3430.436279296875,45342,0.0,0.0
2013-06-25 00:00:00+09:00,3430.4361104910713,3526.258348214286,3238.791635044643,3353.7783203125,86786,0.0,0.0
2013-06-26 00:00:00+09:00,3307.7837247482544,3518.5926527449565,3300.1179455483743,3395.940185546875,67004,0.0,0.0
2013-06-27 00:00:00+09:00,3449.600540964227,3507.0938833136306,3411.2716460646243,3495.59521484375,45738,0.0,0.0
2013-06-28 00:00:00+09:00,3541.589888723273,3541.589888723273,3476.430767393949,3495.59521484375,36108,0.0,0.0
2013-07-01 00:00:00+09:00,3495.595272134015,3564.5872840840284,3472.5979348173437,3560.75439453125,49750,0.0,0.0
2013-07-02 00:00:00+09:00,3587.5848318052685,3710.2373046875,3541.5901544744315,3710.2373046875,147094,0.0,0.0
2013-07-03 00:00:00+09:00,3790.727732864852,3832.8895175579896,3645.077931197648,3717.90283203125,206416,0.0,0.0
2013-07-04 00:00:00+09:00,3717.902349519166,3748.565461680149,3564.586788714252,3568.419677734375,128360,0.0,0.0
2013-07-05 00:00:00+09:00,3537.7570068359373,3656.576581280048,3426.603211388221,3487.929443359375,110316,0.0,0.0
2013-07-08 00:00:00+09:00,3487.9298476352487,3579.9192062542,3399.7733789587533,3564.587646484375,65968,0.0,0.0
2013-07-09 00:00:00+09:00,3564.5868285203005,3564.5868285203005,3457.265934758399,3522.425048828125,35068,0.0,0.0
2013-07-10 00:00:00+09:00,3541.589783455072,3602.91601347161,3468.764885310433,3476.4306640625,25814,0.0,0.0
2013-07-11 00:00:00+09:00,3564.587314866653,3564.587314866653,3491.7624127349686,3530.09130859375,27238,0.0,0.0
2013-07-12 00:00:00+09:00,3583.751773231908,3641.2451171875,3533.924208470395,3641.2451171875,93050,0.0,0.0
2013-07-15 00:00:00+09:00,3641.244969223485,3675.740974195076,3583.751627604167,3668.0751953125,57392,0.0,0.0
2013-07-16 00:00:00+09:00,3660.4093053405886,3698.7381985902284,3602.9159654661294,3656.576416015625,82260,0.0,0.0
2013-07-17 00:00:00+09:00,3656.5762398370584,3656.5762398370584,3579.91845703125,3579.91845703125,33152,0.0,0.0
2013-07-18 00:00:00+09:00,3579.9188576858105,3622.080642947635,3526.258403716216,3545.4228515625,54796,0.0,0.0
2013-07-19 00:00:00+09:00,3549.25533718533,3602.915785047743,3514.7593349880644,3587.584228515625,39128,0.0,0.0
2013-07-22 00:00:00+09:00,3641.2450907939187,3641.2450907939187,3545.4228515625,3545.4228515625,41162,0.0,0.0
2013-07-23 00:00:00+09:00,3553.0881216538833,3622.080124016095,3553.0881216538833,3568.419677734375,29276,0.0,0.0
2013-07-24 00:00:00+09:00,3622.0804574819713,3821.3907048778046,3553.088448768029,3737.067138671875,232170,0.0,0.0
2013-07-25 00:00:00+09:00,3767.730224609375,3871.218236882471,3687.239548396967,3767.730224609375,332422,0.0,0.0
2013-07-26 00:00:00+09:00,3737.0673214880776,4101.191829735634,3737.0673214880776,4043.698486328125,732404,0.0,0.0
2013-07-29 00:00:00+09:00,4139.520790741823,4273.671927478826,3967.040757794246,4101.19189453125,554770,0.0,0.0
2013-07-30 00:00:00+09:00,4120.356372070312,4139.5208203125,3813.725200195313,3832.8896484375,874438,0.0,0.0
2013-07-31 00:00:00+09:00,3821.3900533536585,3986.204268292683,3802.2256097560976,3928.7109375,432004,0.0,0.0
2013-08-01 00:00:00+09:00,3967.0407861328126,3967.0407861328126,3829.0567587890628,3832.8896484375,175346,0.0,0.0
2013-08-02 00:00:00+09:00,3871.218544921875,3947.876337890625,3756.2318554687504,3832.8896484375,202554,0.0,0.0
2013-08-05 00:00:00+09:00,3832.8892857701453,3871.2181786278466,3763.8972786262825,3829.056396484375,128504,0.0,0.0
2013-08-06 00:00:00+09:00,3825.224137795523,3871.2188168070925,3763.8978991134304,3809.892578125,87076,0.0,0.0
2013-08-07 00:00:00+09:00,3829.0565212111396,3829.0565212111396,3694.905391839378,3698.73828125,137560,0.0,0.0
2013-08-08 00:00:00+09:00,3698.738837448136,3752.3992972660367,3595.2508077993284,3637.41259765625,149946,0.0,0.0
2013-08-09 00:00:00+09:00,3641.2452886912447,3710.2373046875,3591.417721582838,3710.2373046875,72676,0.0,0.0
2013-08-12 00:00:00+09:00,3790.728187529895,3790.728187529895,3629.7468084841357,3756.232177734375,121526,0.0,0.0
2013-08-13 00:00:00+09:00,3756.231622409326,3763.89740123057,3656.5764977331605,3698.73828125,58390,0.0,0.0
2013-08-14 00:00:00+09:00,3687.239225159947,3748.5654492790313,3664.2418911152904,3725.568115234375,37226,0.0,0.0
2013-08-16 00:00:00+09:00,3675.74125888909,3710.2372665324706,3622.080802554943,3629.74658203125,57714,0.0,0.0
2013-08-19 00:00:00+09:00,3656.5765343790904,3664.2423132771596,3599.0831926435703,3660.409423828125,51044,0.0,0.0
2013-08-20 00:00:00+09:00,3664.242133366824,3679.5736904101996,3449.600334759562,3457.26611328125,143824,0.0,0.0
2013-08-21 00:00:00+09:00,3457.2664913054437,3476.430939705141,3307.7837937878026,3326.9482421875,176206,0.0,0.0
2013-08-22 00:00:00+09:00,3254.1229076519503,3369.109582833998,3246.4571293064805,3273.287353515625,76984,0.0,0.0
2013-08-23 00:00:00+09:00,3369.1100207098602,3369.1100207098602,3242.6246615705822,3334.614013671875,161088,0.0,0.0
2013-08-26 00:00:00+09:00,3384.4415321955607,3384.4415321955607,3284.786402142237,3380.608642578125,41018,0.0,0.0
2013-08-27 00:00:00+09:00,3380.6087054504596,3518.592734244356,3330.781139497108,3438.10205078125,100302,0.0,0.0
2013-08-28 00:00:00+09:00,3407.4393301228533,3530.0918144467355,3392.107769582368,3514.76025390625,127134,0.0,0.0
2013-08-29 00:00:00+09:00,3522.4255141469594,3614.4148638091215,3441.9348331925676,3545.4228515625,150616,0.0,0.0
2013-08-30 00:00:00+09:00,3587.584994612069,3606.749444369612,3514.7600855334053,3556.921875,123034,0.0,0.0
2013-09-02 00:00:00+09:00,3614.4150230786363,3641.24525124571,3553.0887872681824,3629.74658203125,81430,0.0,0.0
2013-09-03 00:00:00+09:00,3637.412337632394,3656.57678619737,3610.5821096414284,3652.743896484375,55436,0.0,0.0
2013-09-04 00:00:00+09:00,3652.744022657891,3694.905810957195,3568.4204460592828,3648.9111328125,184644,0.0,0.0
2013-09-05 00:00:00+09:00,3629.7464483963818,3668.0753443667763,3599.083331620066,3641.2451171875,59908,0.0,0.0
2013-09-06 00:00:00+09:00,3641.244969223485,3679.573863636364,3591.4174064867425,3668.0751953125,104332,0.0,0.0
2013-09-09 00:00:00+09:00,3698.738176981608,3698.738176981608,3606.7488337198893,3679.57373046875,44834,0.0,0.0
2013-09-10 00:00:00+09:00,3698.738533249773,3698.738533249773,3564.587394738123,3691.07275390625,68272,0.0,0.0
2013-09-11 00:00:00+09:00,3656.576746860397,3698.738533249773,3625.9136294863056,3691.07275390625,61622,0.0,0.0
2013-09-12 00:00:00+09:00,3671.9083450493504,3698.7385730403166,3629.7465582064037,3652.743896484375,22808,0.0,0.0
2013-09-13 00:00:00+09:00,3641.2448587157687,3656.576416015625,3583.7515188413095,3656.576416015625,50592,0.0,0.0
2013-09-16 00:00:00+09:00,3629.7463082358477,3671.9080921752293,3595.2503031945353,3660.409423828125,42432,0.0,0.0
2013-09-17 00:00:00+09:00,3679.5740848909654,3698.738533249773,3622.0807398145444,3691.07275390625,40078,0.0,0.0
2013-09-23 00:00:00+09:00,3664.2421732584635,3733.2341807047524,3664.2421732584635,3679.57373046875,42306,0.0,0.0
2013-09-24 00:00:00+09:00,3679.5737304687495,3717.902623494466,3648.910616048177,3679.57373046875,11494,0.0,0.0
2013-09-25 00:00:00+09:00,3717.9028223142104,3852.053955078125,3717.9028223142104,3852.053955078125,218402,0.0,0.0
2013-09-26 00:00:00+09:00,3852.054749411259,4043.6992643073413,3832.8902979216505,4005.370361328125,246490,0.0,0.0
2013-09-27 00:00:00+09:00,3967.04052734375,4062.862762303744,3909.547186367754,3967.04052734375,68522,0.0,0.0
2013-09-30 00:00:00+09:00,3871.2179512097996,4005.369068330931,3832.8890606037617,3947.875732421875,111704,0.0,0.0
2013-10-01 00:00:00+09:00,3986.2059098385166,4024.534812817733,3821.3916270278855,4005.370361328125,119038,0.0,0.0
2013-10-02 00:00:00+09:00,3986.204974335749,4043.6983153117453,3871.2182923837563,3967.04052734375,102712,0.0,0.0
2013-10-04 00:00:00+09:00,3928.7117761977343,3986.2051192640424,3813.7250900651175,3821.390869140625,45118,0.0,0.0
2013-10-07 00:00:00+09:00,3813.725200195313,3871.218544921875,3790.7278623046877,3832.8896484375,39218,0.0,0.0
2013-10-08 00:00:00+09:00,3832.889621057243,4139.520790741823,3775.396276741384,4101.19189453125,269186,0.0,0.0
2013-10-10 00:00:00+09:00,4101.192014254057,4139.520911583533,3967.0408736008862,3986.205322265625,103372,0.0,0.0
2013-10-11 00:00:00+09:00,4005.3692452566966,4062.862583705357,3928.711460658482,4024.53369140625,90110,0.0,0.0
2013-10-14 00:00:00+09:00,4062.862692440257,4062.862692440257,3890.3826724781707,3909.547119140625,59288,0.0,0.0
2013-10-15 00:00:00+09:00,3947.875906808036,4101.191476004465,3909.5470145089284,4024.53369140625,115200,0.0,0.0
2013-10-16 00:00:00+09:00,4062.862042682927,4216.1775914634145,3909.546493902439,3928.7109375,492284,0.0,0.0
2013-10-17 00:00:00+09:00,3967.0408736008862,4062.863116924579,3890.383078941932,3986.205322265625,153422,0.0,0.0
2013-10-18 00:00:00+09:00,4005.3699329304245,4139.521079009434,3986.205483490566,4062.86328125,98312,0.0,0.0
2013-10-21 00:00:00+09:00,4101.192018821023,4235.34315962358,4024.534224076705,4216.1787109375,194562,0.0,0.0
2013-10-22 00:00:00+09:00,4216.1782949942135,4273.671635380498,4062.8627206307874,4139.5205078125,125844,0.0,0.0
2013-10-23 00:00:00+09:00,4177.849977889151,4197.01442732901,4005.3699329304245,4062.86328125,66874,0.0,0.0
2013-10-24 00:00:00+09:00,4062.863581031977,4177.8502861555235,3986.205777616279,4120.35693359375,90718,0.0,0.0
2013-10-25 00:00:00+09:00,4158.684630755081,4197.013521361119,3890.382396512818,3947.875732421875,145978,0.0,0.0
2013-10-28 00:00:00+09:00,3947.876796004796,3967.0412464708384,3786.895412090037,3871.218994140625,176760,0.0,0.0
2013-10-29 00:00:00+09:00,3928.711565803079,3928.711565803079,3821.3906644933363,3909.547119140625,89688,0.0,0.0
2013-10-30 00:00:00+09:00,3871.218994140625,3947.876796004796,3852.0545436745824,3871.218994140625,66370,0.0,0.0
2013-10-31 00:00:00+09:00,3832.8893324908086,3928.711565803079,3817.5577751608453,3909.547119140625,60622,0.0,0.0
2013-11-01 00:00:00+09:00,3909.5472073842247,3909.5472073842247,3798.3934142331045,3817.557861328125,57352,0.0,0.0
2013-11-04 00:00:00+09:00,3817.5583663448215,3890.3832749397525,3802.226806640625,3802.226806640625,33548,0.0,0.0
2013-11-05 00:00:00+09:00,3802.2259481189317,3947.8757324218745,3790.7272809371207,3947.875732421875,75040,0.0,0.0
2013-11-06 00:00:00+09:00,3947.8757324218745,3967.0401777248935,3852.0535059067806,3947.875732421875,36914,0.0,0.0
2013-11-07 00:00:00+09:00,3909.5478950727106,3947.876796004796,3852.0545436745824,3871.218994140625,17310,0.0,0.0
2013-11-08 00:00:00+09:00,3740.900296875,3871.218544921875,3740.900296875,3832.8896484375,30472,0.0,0.0
2013-11-11 00:00:00+09:00,3806.059060769754,3871.2181786278466,3790.7275036266738,3829.056396484375,48896,0.0,0.0
2013-11-12 00:00:00+09:00,3794.5605175194137,3890.382752810308,3794.5605175194137,3825.2236328125,36968,0.0,0.0
2013-11-13 00:00:00+09:00,3825.224011169127,3890.383137611888,3679.574199120603,3813.725341796875,55930,0.0,0.0
2013-11-14 00:00:00+09:00,3813.725518811259,3821.391298748568,3756.2321692814407,3763.89794921875,45010,0.0,0.0
2013-11-15 00:00:00+09:00,3760.0651814375774,3890.3834446066676,3760.0651814375774,3871.218994140625,80946,0.0,0.0
2013-11-18 00:00:00+09:00,3909.547186367754,3967.04052734375,3813.72495140776,3967.04052734375,87746,0.0,0.0
2013-11-19 00:00:00+09:00,3947.876796004796,3947.876796004796,3871.218994140625,3871.218994140625,13676,0.0,0.0
2013-11-20 00:00:00+09:00,3890.3829931640626,3928.7118896484376,3832.8896484375005,3832.8896484375,32832,0.0,0.0
2013-11-21 00:00:00+09:00,3871.2183357007575,3871.2183357007575,3334.6138139204545,3794.560546875,38260,0.0,0.0
2013-11-22 00:00:00+09:00,3832.889942987728,3832.889942987728,3698.7387949831573,3786.895263671875,36784,0.0,0.0
2013-11-25 00:00:00+09:00,3786.8951213179757,3829.056909105929,3748.5662233289277,3806.0595703125,27846,0.0,0.0
2013-11-26 00:00:00+09:00,3825.2241716056033,3825.2241716056033,3756.2321524784484,3779.2294921875,14266,0.0,0.0
2013-11-27 00:00:00+09:00,3779.2295347119943,3809.8926546690896,3733.2348547763513,3740.900634765625,56906,0.0,0.0
2013-11-28 00:00:00+09:00,3717.9030238364553,3717.9030238364553,3415.1047363281255,3415.104736328125,271794,0.0,0.0
2013-11-29 00:00:00+09:00,3415.105110393096,3564.587825662827,3411.2722202579744,3514.76025390625,64870,0.0,0.0
2013-12-02 00:00:00+09:00,3514.7597158725116,3514.7597158725116,3441.934814453125,3441.934814453125,23194,0.0,0.0
2013-12-03 00:00:00+09:00,3411.2716629464285,3464.9321160714285,3353.7783203125,3353.7783203125,45256,0.0,0.0
2013-12-04 00:00:00+09:00,3395.9402720190296,3484.096735062413,3384.4416029264144,3430.436279296875,29098,0.0,0.0
2013-12-05 00:00:00+09:00,3430.436364908134,3564.5875076699044,3384.4416873898126,3464.932373046875,34742,0.0,0.0
2013-12-06 00:00:00+09:00,3472.5979231770834,3499.4281499565973,3411.2716905381944,3449.6005859375,29740,0.0,0.0
2013-12-09 00:00:00+09:00,3449.6005604216152,3449.6005604216152,3200.462742168943,3227.29296875,120630,0.0,0.0
2013-12-10 00:00:00+09:00,3200.4627198993035,3300.1178465069465,3200.4627198993035,3250.290283203125,30528,0.0,0.0
2013-12-11 00:00:00+09:00,3277.1204047695173,3277.1204047695173,3211.9612856103577,3231.125732421875,12582,0.0,0.0
2013-12-12 00:00:00+09:00,3234.958740234375,3334.6138673032065,3231.1258507317275,3234.958740234375,7144,0.0,0.0
2013-12-13 00:00:00+09:00,3219.6270643349644,3303.9506303056423,3215.794174972661,3231.125732421875,7638,0.0,0.0
2013-12-16 00:00:00+09:00,3234.958881946514,3234.958881946514,3200.462874911539,3215.79443359375,7548,0.0,0.0
2013-12-17 00:00:00+09:00,3188.9644563918755,3219.6275761648744,3142.9697767323773,3208.12890625,5130,0.0,0.0
2013-12-18 00:00:00+09:00,3215.79449766954,3219.6273874164644,3104.6406950087335,3154.46826171875,10956,0.0,0.0
2013-12-19 00:00:00+09:00,3204.295724136614,3204.295724136614,3062.4788081162133,3135.3037109375,14282,0.0,0.0
2013-12-20 00:00:00+09:00,3104.6408048930925,3277.1208496093755,3104.6408048930925,3277.120849609375,7356,0.0,0.0
2013-12-23 00:00:00+09:00,3277.120628761318,3277.120628761318,3185.1312777785442,3254.123291015625,11962,0.0,0.0
2013-12-24 00:00:00+09:00,3234.9589762946957,3269.4549843357527,3211.9616376006575,3242.624755859375,21430,0.0,0.0
2013-12-26 00:00:00+09:00,3292.452203044101,3323.1153201853735,3238.791748046875,3238.791748046875,9382,0.0,0.0
2013-12-27 00:00:00+09:00,3432.876512799944,3558.223005022321,3396.485595703125,3396.485595703125,5432,220.0,0.0
2013-12-30 00:00:00+09:00,3529.9190933552195,3529.9190933552195,3384.355419402427,3420.746337890625,12186,0.0,0.0
2014-01-02 00:00:00+09:00,3461.180537190852,3469.2674076048493,3323.703740152898,3392.442138671875,18664,0.0,0.0
2014-01-03 00:00:00+09:00,3396.4856046569375,3408.615910387855,3307.530029296875,3307.530029296875,35234,0.0,0.0
2014-01-06 00:00:00+09:00,3424.7894895975896,3424.7894895975896,3299.4430029653286,3323.70361328125,6166,0.0,0.0
2014-01-07 00:00:00+09:00,3315.616759892752,3424.78950686483,3315.616759892752,3416.70263671875,12774,0.0,0.0
2014-01-08 00:00:00+09:00,3404.5722876353057,3416.702592698139,3368.1813724468047,3408.61572265625,19174,0.0,0.0
2014-01-09 00:00:00+09:00,3404.5723592517443,3404.5723592517443,3331.79052734375,3331.79052734375,10554,0.0,0.0
2014-01-10 00:00:00+09:00,3331.790349625907,3347.9640891871977,3307.5297402839706,3343.920654296875,14254,0.0,0.0
2014-01-13 00:00:00+09:00,3323.7035018257475,3372.224720830503,3315.6166319916215,3347.964111328125,14554,0.0,0.0
2014-01-14 00:00:00+09:00,3331.790610566895,3412.6593147068684,3331.790610566895,3392.442138671875,13916,0.0,0.0
2014-01-15 00:00:00+09:00,3392.4419386565473,3420.745983436757,3368.1813288449393,3400.52880859375,16986,0.0,0.0
2014-01-16 00:00:00+09:00,3400.5294129514405,3416.703155700318,3368.181927453686,3376.268798828125,14940,0.0,0.0
2014-01-17 00:00:00+09:00,3392.4418279474435,3404.5721324573865,3356.050914417614,3380.3115234375,23314,0.0,0.0
2014-01-20 00:00:00+09:00,3384.355328505092,3457.1371635267074,3384.355328505092,3449.05029296875,18870,0.0,0.0
2014-01-21 00:00:00+09:00,3408.615567294034,3453.093350497159,3404.5721324573865,3424.789306640625,14920,0.0,0.0
2014-01-22 00:00:00+09:00,3440.962848326217,3481.3971943700035,3396.485067678052,3477.353759765625,25182,0.0,0.0
2014-01-23 00:00:00+09:00,3489.4845095903443,3497.5713798327324,3461.1804637419873,3469.267333984375,17264,0.0,0.0
2014-01-24 00:00:00+09:00,3436.919633112631,3477.3539817374854,3412.6590239377183,3473.310546875,14312,0.0,0.0
2014-01-27 00:00:00+09:00,3489.484468033469,3489.484468033469,3404.5723314996303,3416.70263671875,19024,0.0,0.0
2014-01-28 00:00:00+09:00,3396.4854418329833,3449.0500974803986,3343.920786185568,3368.181396484375,10898,0.0,0.0
2014-01-29 00:00:00+09:00,3453.093152139353,3635.0477093363916,3323.7032447992365,3477.353759765625,55218,0.0,0.0
2014-02-03 00:00:00+09:00,3457.136785333807,3477.3539595170455,3335.833740234375,3380.3115234375,27584,0.0,0.0
2014-02-04 00:00:00+09:00,3356.0513448269567,3461.1806640625,3327.7472973404642,3461.1806640625,13864,0.0,0.0
2014-02-05 00:00:00+09:00,3453.0937771910176,3453.0937771910176,3388.39881181039,3412.659423828125,32130,0.0,0.0
2014-02-06 00:00:00+09:00,3432.876357281194,3453.0935325302,3368.181396484375,3368.181396484375,24608,0.0,0.0
2014-02-07 00:00:00+09:00,3364.138369278169,3473.31112885811,3364.138369278169,3445.007080078125,8954,0.0,0.0
2014-02-10 00:00:00+09:00,3453.0937717013885,3473.310948350694,3392.442241753472,3457.13720703125,7458,0.0,0.0
2014-02-11 00:00:00+09:00,3477.3543399216,3477.3543399216,3408.615940178964,3449.05029296875,9490,0.0,0.0
2014-02-12 00:00:00+09:00,3489.4845064819474,3554.1794683634203,3436.919849953251,3513.7451171875,7912,0.0,0.0
2014-02-13 00:00:00+09:00,3525.87542568109,3525.87542568109,3440.9632881360176,3469.267333984375,4974,0.0,0.0
2014-02-14 00:00:00+09:00,3489.4844603657994,3586.5269019055204,3481.397590237489,3550.135986328125,14822,0.0,0.0
2014-02-17 00:00:00+09:00,3651.221634692299,3651.221634692299,3477.3539378021896,3554.17919921875,21784,0.0,0.0
2014-02-18 00:00:00+09:00,3445.006612141927,3525.8753119574653,3445.006612141927,3493.52783203125,25998,0.0,0.0
2014-02-19 00:00:00+09:00,3562.266525607639,3562.266525607639,3457.13720703125,3457.13720703125,19256,0.0,0.0
2014-02-20 00:00:00+09:00,3513.7451907169116,3513.7451907169116,3416.7027458639704,3436.919921875,14566,0.0,0.0
2014-02-21 00:00:00+09:00,3449.049717534974,3529.918409622547,3416.7022406999454,3477.353759765625,4302,0.0,0.0
2014-02-24 00:00:00+09:00,3440.9632850708426,3529.918857657868,3440.9632850708426,3513.7451171875,8280,0.0,0.0
2014-02-25 00:00:00+09:00,3513.7447183965137,3546.0921956659868,3509.7012837378293,3529.91845703125,13282,0.0,0.0
2014-02-26 00:00:00+09:00,3485.44124893999,3550.1362141175305,3485.44124893999,3501.614990234375,16834,0.0,0.0
2014-02-27 00:00:00+09:00,3489.484462856834,3554.179423929498,3489.484462856834,3505.658203125,11890,0.0,0.0
2014-02-28 00:00:00+09:00,3481.3978190104162,3509.7018663194444,3457.13720703125,3457.13720703125,15166,0.0,0.0
2014-03-03 00:00:00+09:00,3461.1805330882353,3538.005801930147,3428.833051470588,3436.919921875,16228,0.0,0.0
2014-03-04 00:00:00+09:00,3436.919987131814,3517.7886927113864,3396.485634342028,3449.05029296875,16108,0.0,0.0
2014-03-05 00:00:00+09:00,3453.093593499599,3485.4410744691504,3428.8329827724356,3469.267333984375,20112,0.0,0.0
2014-03-06 00:00:00+09:00,3493.5278303571426,3635.0480549665176,3485.4409603794643,3538.005615234375,47884,0.0,0.0
2014-03-07 00:00:00+09:00,3505.6582439075814,3574.396640846946,3505.6582439075814,3558.222900390625,18108,0.0,0.0
2014-03-10 00:00:00+09:00,3574.3967937482385,3655.265499489149,3550.1361820259654,3586.527099609375,39252,0.0,0.0
2014-03-11 00:00:00+09:00,3533.96237233764,3639.0916877618715,3533.96237233764,3618.87451171875,17872,0.0,0.0
2014-03-12 00:00:00+09:00,3659.3089790472964,3659.3089790472964,3525.875612960489,3594.614013671875,18728,0.0,0.0
2014-03-13 00:00:00+09:00,3606.7444708687917,3667.396003450666,3566.3101158142085,3622.918212890625,18588,0.0,0.0
2014-03-14 00:00:00+09:00,3631.0047879281524,3707.8300562696168,3594.6138713453533,3703.78662109375,56580,0.0,0.0
2014-03-17 00:00:00+09:00,3639.0917315530933,3703.786695669593,3538.005850121063,3626.96142578125,48548,0.0,0.0
2014-03-18 00:00:00+09:00,3639.09160267223,3639.09160267223,3529.918854592063,3558.222900390625,15830,0.0,0.0
2014-03-19 00:00:00+09:00,3586.526634411499,3679.525633950918,3542.048852023081,3635.0478515625,14264,0.0,0.0
2014-03-20 00:00:00+09:00,3635.0485625065253,3647.178869166725,3558.2232869919267,3631.005126953125,20678,0.0,0.0
2014-03-21 00:00:00+09:00,3651.221917493666,3744.2209253589526,3578.440085251267,3740.177490234375,77738,0.0,0.0
2014-03-24 00:00:00+09:00,3756.351027679443,4286.041000366211,3756.351027679443,3881.697509765625,1314312,0.0,0.0
2014-03-25 00:00:00+09:00,3914.0449661726802,3982.7833591736467,3812.9590941124357,3922.1318359375,234686,0.0,0.0
2014-03-26 00:00:00+09:00,3958.5232997532894,4083.869798519737,3841.263671875,3841.263671875,156030,0.0,0.0
2014-03-27 00:00:00+09:00,3808.9163288715454,3930.2193966700024,3800.8294576849817,3914.045654296875,98182,0.0,0.0
2014-03-28 00:00:00+09:00,3881.6975279850744,4124.303623484142,3881.6975279850744,4063.652099609375,196116,0.0,0.0
2014-03-31 00:00:00+09:00,4124.303759765625,4306.258337402343,4031.3047534179686,4043.43505859375,448890,0.0,0.0
2014-04-01 00:00:00+09:00,4144.521576387799,4144.521576387799,4023.218505859375,4023.218505859375,64062,0.0,0.0
2014-04-02 00:00:00+09:00,4043.4354341947114,4225.390028733474,4019.174821589543,4205.1728515625,197506,0.0,0.0
2014-04-03 00:00:00+09:00,4164.738603655801,4326.476025156998,4164.738603655801,4225.39013671875,181076,0.0,0.0
2014-04-04 00:00:00+09:00,4245.607096354166,4366.91015625,4043.435329861111,4366.91015625,94786,0.0,0.0
2014-04-07 00:00:00+09:00,4366.910321302817,4387.127498716256,4225.390079408744,4306.2587890625,71958,0.0,0.0
2014-04-08 00:00:00+09:00,4286.04150390625,4286.04150390625,4104.0869117592865,4286.04150390625,73236,0.0,0.0
2014-04-09 00:00:00+09:00,4326.475857716686,4407.344565337558,4184.955619380159,4286.04150390625,43496,0.0,0.0
2014-04-10 00:00:00+09:00,4286.041669781698,4326.476025156998,4225.39013671875,4225.39013671875,90496,0.0,0.0
2014-04-11 00:00:00+09:00,4225.389919704861,4286.041449652777,4124.304036458333,4184.95556640625,65384,0.0,0.0
2014-04-14 00:00:00+09:00,4225.389757719494,4326.4756370907735,4164.7382300967265,4245.60693359375,30348,0.0,0.0
2014-04-15 00:00:00+09:00,4265.824383075421,4286.0415602463945,4124.3041428786055,4205.1728515625,144064,0.0,0.0
2014-04-16 00:00:00+09:00,4225.389919704861,4286.041449652777,4124.304036458333,4184.95556640625,96402,0.0,0.0
2014-04-17 00:00:00+09:00,4184.954966721026,4306.258009234679,4164.73779296875,4164.73779296875,145176,0.0,0.0
2014-04-18 00:00:00+09:00,4205.172140473301,4205.172140473301,4043.434750455097,4164.73779296875,38520,0.0,0.0
2014-04-21 00:00:00+09:00,4164.737567976409,4205.171913296569,4011.087055759804,4124.30322265625,237242,0.0,0.0
2014-04-22 00:00:00+09:00,4205.172959031101,4346.693202844647,4043.435537529904,4225.39013671875,508434,0.0,0.0
2014-04-23 00:00:00+09:00,4326.476151756974,4852.122787017168,4326.476151756974,4710.6025390625,2577586,0.0,0.0
2014-04-24 00:00:00+09:00,4670.167194645579,5094.727848704269,4488.212628620427,4973.4248046875,1158082,0.0,0.0
2014-04-25 00:00:00+09:00,4932.990612139918,5054.293659979424,4831.9047389403295,4912.7734375,359484,0.0,0.0
2014-04-28 00:00:00+09:00,4912.77371484375,5114.94547265625,4831.90501171875,5054.2939453125,409104,0.0,0.0
2014-04-29 00:00:00+09:00,4993.642297363282,5074.510998535156,4852.1220703125,4852.1220703125,309356,0.0,0.0
2014-04-30 00:00:00+09:00,4852.1220703125,4912.773596191407,4791.470544433594,4852.1220703125,234376,0.0,0.0
2014-05-02 00:00:00+09:00,4892.556432762299,5236.24841357618,4892.556432762299,5034.07666015625,512342,0.0,0.0
2014-05-07 00:00:00+09:00,4973.425234212915,5094.728288705913,4852.122179719917,4872.33935546875,186566,0.0,0.0
2014-05-08 00:00:00+09:00,4892.556860871011,4932.991215093085,4629.733558427527,4751.03662109375,225604,0.0,0.0
2014-05-09 00:00:00+09:00,4710.602054816632,5054.294050232438,4710.602054816632,4892.556640625,392254,0.0,0.0
2014-05-12 00:00:00+09:00,4872.340075370593,4892.55725410657,4690.385466746795,4730.81982421875,230678,0.0,0.0
2014-05-13 00:00:00+09:00,4751.036895620977,4852.122787017168,4649.951004224786,4710.6025390625,229104,0.0,0.0
2014-05-14 00:00:00+09:00,4690.385078721374,5397.98627594227,4589.299193404103,5296.900390625,1181784,0.0,0.0
2014-05-15 00:00:00+09:00,5195.814505307729,5579.940869513359,5094.728619990457,5296.900390625,889486,0.0,0.0
2014-05-16 00:00:00+09:00,5337.334189567121,5337.334189567121,5135.162439962306,5195.81396484375,267330,0.0,0.0
2014-05-19 00:00:00+09:00,5256.465600775194,5579.940406976744,5155.37972383721,5216.03125,428186,0.0,0.0
2014-05-20 00:00:00+09:00,5256.465718283583,5458.637476679105,5195.814190764926,5418.203125,446666,0.0,0.0
2014-05-21 00:00:00+09:00,5418.202904722744,5519.288779810855,5256.465504581767,5377.7685546875,219292,0.0,0.0
2014-05-22 00:00:00+09:00,5377.768765836148,5377.768765836148,5013.859601230695,5236.24853515625,332726,0.0,0.0
2014-05-23 00:00:00+09:00,5175.5968875502,5216.031238234186,4953.207958788278,5034.07666015625,300344,0.0,0.0
2014-05-26 00:00:00+09:00,5054.294054251743,5216.031463987799,4993.642525600722,5074.51123046875,158214,0.0,0.0
2014-05-27 00:00:00+09:00,5114.94547265625,5236.24852734375,4892.5565390625,5054.2939453125,130038,0.0,0.0
2014-05-28 00:00:00+09:00,5074.511128664937,5236.24853515625,4892.556546362211,5236.24853515625,153310,0.0,0.0
2014-05-29 00:00:00+09:00,5216.031139804231,5276.682664685676,5135.162439962306,5195.81396484375,110422,0.0,0.0
2014-05-30 00:00:00+09:00,5236.24841357618,5337.334290286144,4973.425134130271,5034.07666015625,159252,0.0,0.0
2014-06-02 00:00:00+09:00,4973.424753289474,4993.641927083333,4589.29845120614,4609.515625,244148,0.0,0.0
2014-06-03 00:00:00+09:00,4690.385078721374,5296.900390625,4649.950724594465,5296.900390625,1115220,0.0,0.0
2014-06-05 00:00:00+09:00,5357.5517578125,5458.637640035377,5175.597169811321,5357.5517578125,601998,0.0,0.0
2014-06-09 00:00:00+09:00,5438.419697136279,6146.020772971854,5337.333829159768,6105.58642578125,1211752,0.0,0.0
2014-06-10 00:00:00+09:00,6065.1531040268455,6125.804635067114,5883.198510906041,6024.71875,489044,0.0,0.0
2014-06-11 00:00:00+09:00,6004.501187028556,6166.238592739763,5802.329429889547,5862.98095703125,443058,0.0,0.0
2014-06-12 00:00:00+09:00,5923.631947212479,5964.066294975021,5721.460208399766,5943.84912109375,285958,0.0,0.0
2014-06-13 00:00:00+09:00,6004.501352556076,6004.501352556076,5741.678061030052,5802.32958984375,247732,0.0,0.0
2014-06-16 00:00:00+09:00,5802.32958984375,5923.632647471146,5660.809355945122,5802.32958984375,154428,0.0,0.0
2014-06-17 00:00:00+09:00,5822.546766114982,5984.284176284843,5701.243708487587,5802.32958984375,292166,0.0,0.0
2014-06-18 00:00:00+09:00,5782.112262228261,6105.58707410117,5681.026383517977,6044.935546875,410194,0.0,0.0
2014-06-19 00:00:00+09:00,6044.93565592448,6307.7589453125,5802.32954264323,6065.15283203125,582336,0.0,0.0
2014-06-20 00:00:00+09:00,6065.152164381378,6065.152164381378,5782.11173004358,5943.84912109375,192472,0.0,0.0
2014-06-23 00:00:00+09:00,5943.849659886853,5943.849659886853,5701.243551320043,5862.98095703125,207592,0.0,0.0
2014-06-24 00:00:00+09:00,5782.112685032895,5903.415748355263,5640.592444490131,5761.8955078125,142276,0.0,0.0
2014-06-25 00:00:00+09:00,5761.895290415194,5842.763996245582,5539.506349381625,5721.4609375,284994,0.0,0.0
2014-06-26 00:00:00+09:00,5701.243601125437,5842.763832359047,5620.374897563374,5782.1123046875,57144,0.0,0.0
2014-06-27 00:00:00+09:00,5782.1127425767345,5802.329919998331,5478.85508125278,5681.02685546875,290962,0.0,0.0
2014-06-30 00:00:00+09:00,5681.025922974955,5701.243097078069,5579.940052459387,5600.1572265625,70116,0.0,0.0
2014-07-01 00:00:00+09:00,5600.15803920201,5761.895455496652,5519.289331054688,5660.8095703125,111652,0.0,0.0
2014-07-02 00:00:00+09:00,5660.808907390511,5721.460431398266,5478.854335367245,5539.505859375,178790,0.0,0.0
2014-07-03 00:00:00+09:00,5539.505704253159,5681.025922974955,5478.854181943818,5600.1572265625,156148,0.0,0.0
2014-07-04 00:00:00+09:00,5579.940643877788,5600.157820123723,5357.551705172514,5438.42041015625,257914,0.0,0.0
2014-07-07 00:00:00+09:00,5438.420363405918,6024.718469498005,5337.334483045212,5701.24365234375,834974,0.0,0.0
2014-07-08 00:00:00+09:00,5721.460888012036,6065.1528848184125,5620.375006598396,5984.2841796875,437418,0.0,0.0
2014-07-09 00:00:00+09:00,5923.632647471146,6004.501352556076,5802.32958984375,5802.32958984375,176384,0.0,0.0
2014-07-10 00:00:00+09:00,5802.3292732108575,5923.63232421875,5761.894922874893,5923.63232421875,167838,0.0,0.0
2014-07-11 00:00:00+09:00,5903.415086534288,6186.455535888672,5802.329211764865,5822.54638671875,240402,0.0,0.0
2014-07-14 00:00:00+09:00,5822.54711102719,6691.8857421875,5701.244046214124,6691.8857421875,994414,0.0,0.0
2014-07-15 00:00:00+09:00,6792.970847800925,6873.839548369984,6408.844520097897,6550.36474609375,726948,0.0,0.0
2014-07-16 00:00:00+09:00,6509.930597478693,6550.364949015828,6065.152730570211,6226.89013671875,433452,0.0,0.0
2014-07-17 00:00:00+09:00,6226.890298411886,6368.410532466702,6125.80441694416,6166.23876953125,374464,0.0,0.0
2014-07-18 00:00:00+09:00,6105.587458053691,6206.673343120805,5923.632864932886,6024.71875,271292,0.0,0.0
2014-07-21 00:00:00+09:00,6085.370281040268,6166.238989093959,5984.2843959731545,6024.71875,321466,0.0,0.0
2014-07-22 00:00:00+09:00,6085.370067426354,6388.627711982484,6065.152891122611,6348.193359375,838690,0.0,0.0
2014-07-23 00:00:00+09:00,6226.889921875,6267.324272017046,5418.202919034091,5559.72314453125,2352048,0.0,0.0
2014-07-24 00:00:00+09:00,5499.071521577382,5559.723045712426,4953.2078043619795,5094.72802734375,1760558,0.0,0.0
2014-07-25 00:00:00+09:00,5074.511010840236,5175.5968875502,5013.859484814257,5034.07666015625,486622,0.0,0.0
2014-07-28 00:00:00+09:00,5094.728009259259,5175.59670781893,4852.121913580247,4912.7734375,353350,0.0,0.0
2014-07-29 00:00:00+09:00,4932.990771484375,4993.642297363282,4730.819018554687,4852.1220703125,273370,0.0,0.0
2014-07-30 00:00:00+09:00,4932.9903727854335,5195.81363035187,4852.121678149607,5135.162109375,514580,0.0,0.0
2014-07-31 00:00:00+09:00,5155.37939453125,5195.813742723652,5013.859175857843,5155.37939453125,233096,0.0,0.0
2014-08-01 00:00:00+09:00,5054.2939453125,5175.597,4872.3393632812495,5054.2939453125,252358,0.0,0.0
2014-08-04 00:00:00+09:00,5054.294273501537,5094.728627689549,4811.688148373463,4932.9912109375,425838,0.0,0.0
2014-08-05 00:00:00+09:00,5013.859472656251,5094.728173828125,4811.687719726562,4852.1220703125,651322,0.0,0.0
2014-08-06 00:00:00+09:00,4852.122109030837,4912.7736353937225,4589.298828125,4589.298828125,828768,0.0,0.0
2014-08-07 00:00:00+09:00,4629.73339621804,4649.950572620739,4427.561632191051,4447.77880859375,398828,0.0,0.0
2014-08-08 00:00:00+09:00,4488.213161399148,4649.950572620739,4387.127279385653,4447.77880859375,488038,0.0,0.0
2014-08-11 00:00:00+09:00,4548.86447721641,4649.950354487885,4488.2129508535245,4589.298828125,264534,0.0,0.0
2014-08-12 00:00:00+09:00,4629.733627677523,4629.733627677523,4286.0416116490605,4306.2587890625,319008,0.0,0.0
2014-08-13 00:00:00+09:00,4306.25883833859,4508.430614786411,4306.25883833859,4407.3447265625,290170,0.0,0.0
2014-08-14 00:00:00+09:00,4467.995408442983,4751.035841557018,4467.995408442983,4609.515625,522058,0.0,0.0
2014-08-18 00:00:00+09:00,4589.2984092975485,4690.38427734375,4508.429714860587,4690.38427734375,171086,0.0,0.0
2014-08-19 00:00:00+09:00,4690.384870256697,4690.384870256697,4508.4302847726,4528.6474609375,183594,0.0,0.0
2014-08-20 00:00:00+09:00,4569.08154296875,4649.950242844303,4407.344143217644,4569.08154296875,162658,0.0,0.0
2014-08-21 00:00:00+09:00,4609.515735876092,4629.73291015625,4488.212690195142,4629.73291015625,111490,0.0,0.0
2014-08-22 00:00:00+09:00,4649.950292088964,4771.253343186937,4467.995715442004,4488.212890625,260310,0.0,0.0
2014-08-25 00:00:00+09:00,4488.213161399148,4528.647514204546,4387.127279385653,4447.77880859375,209280,0.0,0.0
2014-08-26 00:00:00+09:00,4467.995887724156,4872.33940697521,4467.995887724156,4791.470703125,568698,0.0,0.0
2014-08-27 00:00:00+09:00,4852.122179719917,5236.248518947744,4831.905003971085,4872.33935546875,893306,0.0,0.0
2014-08-28 00:00:00+09:00,4973.425565125513,5034.077096407531,4892.556856749487,4932.9912109375,197094,0.0,0.0
2014-08-29 00:00:00+09:00,4993.642521629648,4993.642521629648,4791.470759620351,4892.556640625,148856,0.0,0.0
2014-09-01 00:00:00+09:00,4892.556856749487,4953.208388031506,4811.688148373463,4932.9912109375,95694,0.0,0.0
2014-09-02 00:00:00+09:00,4892.556693966649,4993.642576073398,4791.4708118599,4811.68798828125,123488,0.0,0.0
2014-09-03 00:00:00+09:00,4872.339742288961,4932.991274350649,4589.299259334416,4670.16796875,249584,0.0,0.0
2014-09-04 00:00:00+09:00,4649.949901905829,4751.035769338565,4447.778167040359,4508.4296875,484374,0.0,0.0
2014-09-05 00:00:00+09:00,4467.995932442801,4609.516165597098,4467.995932442801,4528.6474609375,196894,0.0,0.0
2014-09-11 00:00:00+09:00,4528.6471930309735,4589.298717937638,4488.212843093197,4569.08154296875,81128,0.0,0.0
2014-09-12 00:00:00+09:00,4528.64714673913,4710.601719599184,4528.64714673913,4649.9501953125,109880,0.0,0.0
2014-09-15 00:00:00+09:00,4649.950242844303,4690.384592782079,4508.430018062085,4569.08154296875,111892,0.0,0.0
2014-09-16 00:00:00+09:00,4548.864904626624,4710.602323457792,4508.430549918831,4670.16796875,114962,0.0,0.0
2014-09-17 00:00:00+09:00,4670.167492675781,4872.339245605469,4649.9503173828125,4852.1220703125,156282,0.0,0.0
2014-09-18 00:00:00+09:00,4872.339517545299,4872.339517545299,4730.81928259585,4811.68798828125,100712,0.0,0.0
2014-09-19 00:00:00+09:00,4811.687318999192,4852.121666217672,4649.949930125269,4690.38427734375,116202,0.0,0.0
2014-09-22 00:00:00+09:00,4730.818716653964,5034.076326695885,4690.384368648374,4973.4248046875,409964,0.0,0.0
2014-09-23 00:00:00+09:00,4973.425134130271,5236.24841357618,4831.90490673632,5034.07666015625,428194,0.0,0.0
2014-09-24 00:00:00+09:00,5034.076878034736,5155.379935336778,4973.425349383715,5074.51123046875,93684,0.0,0.0
2014-09-25 00:00:00+09:00,5135.162813132591,5155.379989562247,4852.1223431174085,4993.642578125,166654,0.0,0.0
2014-09-26 00:00:00+09:00,4932.990612139918,5054.293659979424,4852.121913580247,4912.7734375,106858,0.0,0.0
2014-09-29 00:00:00+09:00,4973.425681938559,4973.425681938559,4730.819551112288,4771.25390625,170964,0.0,0.0
2014-09-30 00:00:00+09:00,4791.470703125,4932.990934862869,4670.167647349684,4791.470703125,144380,0.0,0.0
2014-10-01 00:00:00+09:00,4811.687478677675,4811.687478677675,4609.515735876092,4629.73291015625,129822,0.0,0.0
2014-10-02 00:00:00+09:00,4548.864103618421,4649.9499725877195,4528.646929824561,4609.515625,126580,0.0,0.0
2014-10-06 00:00:00+09:00,4670.167529942181,4690.384705396476,4589.298828125,4589.298828125,77360,0.0,0.0
2014-10-07 00:00:00+09:00,4569.0812774122805,4670.167146381579,4548.864103618421,4609.515625,108234,0.0,0.0
2014-10-08 00:00:00+09:00,4609.516119462025,4993.642462750528,4609.516119462025,4791.470703125,194462,0.0,0.0
2014-10-10 00:00:00+09:00,4852.122564935065,4872.339742288961,4649.950791396104,4670.16796875,123500,0.0,0.0
2014-10-13 00:00:00+09:00,4649.950177637161,4670.167352322539,4366.909732041855,4467.99560546875,213440,0.0,0.0
2014-10-14 00:00:00+09:00,4447.778493155421,4609.5158929065265,4447.778493155421,4569.08154296875,52080,0.0,0.0
2014-10-15 00:00:00+09:00,4548.8642130356175,4670.167258716567,4488.212690195142,4629.73291015625,69478,0.0,0.0
2014-10-16 00:00:00+09:00,4548.8646371024,4589.298989432198,4407.344403948103,4528.6474609375,82118,0.0,0.0
2014-10-17 00:00:00+09:00,4508.430018062085,4569.08154296875,4447.778493155421,4569.08154296875,86644,0.0,0.0
2014-10-20 00:00:00+09:00,4569.081207959642,4609.5155549327355,4407.3438200672645,4508.4296875,172132,0.0,0.0
2014-10-21 00:00:00+09:00,4548.8645179249415,4548.8645179249415,4326.4755859375,4326.4755859375,177230,0.0,0.0
2014-10-22 00:00:00+09:00,4366.910211527123,4488.213272958431,4286.04150390625,4286.04150390625,229792,0.0,0.0
2014-10-23 00:00:00+09:00,4306.259002543605,4467.996429869186,4306.259002543605,4346.693359375,136598,0.0,0.0
2014-10-24 00:00:00+09:00,4427.561913595245,4447.779091282894,4225.39013671875,4225.39013671875,122504,0.0,0.0
2014-10-27 00:00:00+09:00,4245.607096354166,4265.824273003472,4144.521213107639,4184.95556640625,88362,0.0,0.0
2014-10-28 00:00:00+09:00,4245.607305404244,4569.082147720757,4225.390127759461,4407.3447265625,108494,0.0,0.0
2014-10-29 00:00:00+09:00,4528.647740610329,4528.647740610329,4286.0416116490605,4306.2587890625,70706,0.0,0.0
2014-10-30 00:00:00+09:00,4306.2587890625,4427.561853543134,4286.0416116490605,4306.2587890625,27520,0.0,0.0
2014-10-31 00:00:00+09:00,4225.389919704861,4407.34450954861,4184.95556640625,4184.95556640625,73332,0.0,0.0
2014-11-03 00:00:00+09:00,4225.38986596564,4306.25857153436,4205.17268957346,4265.82421875,27786,0.0,0.0
2014-11-04 00:00:00+09:00,4205.172771843112,4265.824302206234,3841.263589664381,3962.566650390625,245360,0.0,0.0
2014-11-05 00:00:00+09:00,3962.5661842587283,4083.869230715628,3962.5661842587283,3966.609619140625,27162,0.0,0.0
2014-11-06 00:00:00+09:00,3982.783540175398,4035.3481960355807,3905.9582739182074,3910.001708984375,40746,0.0,0.0
2014-11-07 00:00:00+09:00,3918.0888133728827,4043.4353079183516,3918.0888133728827,3998.95751953125,29202,0.0,0.0
2014-11-10 00:00:00+09:00,4063.652258670691,4083.8694340869633,3962.566381589331,4003.000732421875,28770,0.0,0.0
2014-11-11 00:00:00+09:00,4063.652258670691,4063.652258670691,3889.784550090751,4003.000732421875,47446,0.0,0.0
2014-11-12 00:00:00+09:00,4011.088177502515,4043.4356628049545,3901.9154146067813,4019.175048828125,78030,0.0,0.0
2014-11-13 00:00:00+09:00,4031.3046875,4205.17239217653,4019.1743825225676,4031.3046875,77316,0.0,0.0
2014-11-14 00:00:00+09:00,4031.304914042671,4063.6523958002854,3982.78369140625,3982.78369140625,47772,0.0,0.0
2014-11-17 00:00:00+09:00,3962.5663142691633,4063.652189633173,3962.5663142691633,4035.34814453125,31916,0.0,0.0
2014-11-18 00:00:00+09:00,4063.651814977134,4225.389200647865,4043.4346417682927,4144.5205078125,52778,0.0,0.0
2014-11-19 00:00:00+09:00,4205.172298337438,4286.0409963823895,4083.8692512700122,4104.08642578125,53262,0.0,0.0
2014-11-20 00:00:00+09:00,4124.30322265625,4225.389085956648,4104.086049996171,4124.30322265625,19624,0.0,0.0
2014-11-21 00:00:00+09:00,4124.304036458333,4205.172743055556,4104.086859809027,4184.95556640625,15826,0.0,0.0
2014-11-24 00:00:00+09:00,4205.172298337438,4245.606647359914,4043.4349022475367,4104.08642578125,39156,0.0,0.0
2014-11-25 00:00:00+09:00,4063.6517046760114,4144.52039531633,4043.4345320159314,4124.30322265625,12646,0.0,0.0
2014-11-26 00:00:00+09:00,4124.303334603658,4205.1720274390245,4043.4346417682927,4144.5205078125,27080,0.0,0.0
2014-11-27 00:00:00+09:00,4144.521405814898,4184.95576099358,4063.652695457534,4083.869873046875,33638,0.0,0.0
2014-11-28 00:00:00+09:00,4083.8693647059745,4124.303714851579,4023.217839487569,4035.34814453125,46704,0.0,0.0
2014-12-01 00:00:00+09:00,4104.086859809027,4205.172743055556,4063.6525065104165,4184.95556640625,68518,0.0,0.0
2014-12-02 00:00:00+09:00,4245.607205904447,4245.607205904447,4144.521320049579,4205.1728515625,32116,0.0,0.0
2014-12-03 00:00:00+09:00,4205.172743055556,4225.389919704861,4164.738389756944,4184.95556640625,32744,0.0,0.0
2014-12-04 00:00:00+09:00,4184.954966721026,4225.3893142255765,4124.303445464199,4164.73779296875,21828,0.0,0.0
2014-12-05 00:00:00+09:00,4205.172743055556,4407.34450954861,4164.738389756944,4366.91015625,108666,0.0,0.0
2014-12-08 00:00:00+09:00,4366.910264256912,4467.9961500036,4326.475909958237,4387.12744140625,80652,0.0,0.0
2014-12-09 00:00:00+09:00,4346.692299607624,4548.864034473094,4346.692299607624,4508.4296875,75040,0.0,0.0
2014-12-10 00:00:00+09:00,4548.864034473094,4589.298381446189,4467.995340526906,4508.4296875,77228,0.0,0.0
2014-12-11 00:00:00+09:00,4447.778167040359,4528.646860986547,4427.560993553811,4508.4296875,42148,0.0,0.0
2014-12-12 00:00:00+09:00,4467.9958153840535,4508.430166654498,4326.4755859375,4326.4755859375,42604,0.0,0.0
2014-12-15 00:00:00+09:00,4306.258410302278,4427.56146411361,4245.606883396612,4326.4755859375,42994,0.0,0.0
2014-12-16 00:00:00+09:00,4326.476004118967,4326.476004118967,4043.435517868193,4083.869873046875,105864,0.0,0.0
2014-12-17 00:00:00+09:00,4083.869873046875,4144.521405814898,4043.435517868193,4083.869873046875,51284,0.0,0.0
2014-12-18 00:00:00+09:00,4104.086161394817,4205.1720274390245,4104.086161394817,4144.5205078125,71372,0.0,0.0
2014-12-19 00:00:00+09:00,4164.73779296875,4286.040835482403,4164.73779296875,4164.73779296875,26938,0.0,0.0
2014-12-22 00:00:00+09:00,4184.955452391338,4205.172628489848,3881.6978109137053,3982.78369140625,116652,0.0,0.0
2014-12-23 00:00:00+09:00,3998.9571220397947,4039.3914710998533,3881.697509765625,3881.697509765625,112668,0.0,0.0
2014-12-24 00:00:00+09:00,3905.9578231420273,3974.6962113339678,3699.742658566206,3784.65478515625,247882,0.0,0.0
2014-12-26 00:00:00+09:00,3800.8290325438425,3865.5239947999075,3772.5249865568135,3833.176513671875,68540,0.0,0.0
2014-12-29 00:00:00+09:00,4019.746885642027,4028.2273643037192,3951.9030563484907,3968.864013671875,34158,220.0,0.0
2014-12-30 00:00:00+09:00,3973.1048140933945,3977.345054023057,3879.8195356408282,3913.741455078125,36980,0.0,0.0
2015-01-02 00:00:00+09:00,3943.4227842490723,4087.590929049576,3888.2996700606445,3998.5458984375,51704,0.0,0.0
2015-01-05 00:00:00+09:00,3998.545705385561,4579.45849609375,3998.545705385561,4579.45849609375,731756,0.0,0.0
2015-01-06 00:00:00+09:00,4664.263283058449,4727.866873281973,4431.050118905527,4579.45849609375,550014,0.0,0.0
2015-01-07 00:00:00+09:00,4621.860914789244,4685.464505359738,4494.653733648256,4558.25732421875,194960,0.0,0.0
2015-01-08 00:00:00+09:00,4643.061987304687,4749.06796875,4579.458398437499,4664.26318359375,269550,0.0,0.0
2015-01-09 00:00:00+09:00,4791.470238715278,4833.872630208333,4685.464259982639,4770.26904296875,168206,0.0,0.0
2015-01-12 00:00:00+09:00,4770.269281914893,5003.482446808511,4727.866888297873,4982.28125,355354,0.0,0.0
2015-01-13 00:00:00+09:00,5067.085808890207,5088.287004743303,4749.06787109375,4749.06787109375,344210,0.0,0.0
2015-01-14 00:00:00+09:00,4770.2690192028485,4855.073801766454,4727.866627921046,4791.47021484375,116976,0.0,0.0
2015-01-15 00:00:00+09:00,4855.07373046875,4876.274925798308,4770.268949150518,4855.07373046875,82358,0.0,0.0
2015-01-16 00:00:00+09:00,4897.4762174479165,4918.677413194445,4621.860672743056,4770.26904296875,77330,0.0,0.0
2015-01-19 00:00:00+09:00,4770.269637302036,4812.672034078054,4643.062446973981,4685.46484375,71072,0.0,0.0
2015-01-20 00:00:00+09:00,4685.464379882812,4749.06796875,4643.061987304687,4664.26318359375,71858,0.0,0.0
2015-01-21 00:00:00+09:00,4706.6651515697,4749.0675403225805,4537.05559655818,4600.6591796875,148442,0.0,0.0
2015-01-22 00:00:00+09:00,4600.659743264457,4685.464531158733,4452.251364449475,4537.05615234375,121514,0.0,0.0
2015-01-23 00:00:00+09:00,4558.257731866399,4770.269719395069,4515.855334360665,4621.861328125,77562,0.0,0.0
2015-01-26 00:00:00+09:00,4664.263208119292,4664.263208119292,4558.2572261165815,4643.06201171875,74084,0.0,0.0
2015-01-27 00:00:00+09:00,4664.263466282895,4961.080232319079,4621.861071134868,4833.873046875,211640,0.0,0.0
2015-01-28 00:00:00+09:00,4918.6778371710525,4918.6778371710525,4770.269454152961,4833.873046875,76280,0.0,0.0
2015-01-29 00:00:00+09:00,4855.073850359236,4855.073850359236,4727.866675240653,4749.06787109375,62436,0.0,0.0
2015-01-30 00:00:00+09:00,4812.671483061238,4833.872679021861,4685.464307297505,4727.86669921875,45210,0.0,0.0
2015-02-02 00:00:00+09:00,4727.866873281973,4791.470463505498,4537.0561026114,4579.45849609375,90036,0.0,0.0
2015-02-03 00:00:00+09:00,4579.45849609375,4685.464479799624,4558.2572993525755,4579.45849609375,41886,0.0,0.0
2015-02-04 00:00:00+09:00,4579.458521075581,4664.2633085029065,4494.653733648256,4558.25732421875,54272,0.0,0.0
2015-02-05 00:00:00+09:00,4579.45798531106,4621.86037406394,4515.85440218174,4600.6591796875,44598,0.0,0.0
2015-02-06 00:00:00+09:00,4600.660294442806,4600.660294442806,4494.654296875,4494.654296875,82910,0.0,0.0
2015-02-09 00:00:00+09:00,4473.453097361438,4537.056695902123,4346.245900280071,4494.654296875,120660,0.0,0.0
2015-02-10 00:00:00+09:00,4494.653733648256,4579.458521075581,4409.84894622093,4558.25732421875,45084,0.0,0.0
2015-02-11 00:00:00+09:00,4537.05633397494,4600.659927441878,4388.64794921875,4388.64794921875,92378,0.0,0.0
2015-02-12 00:00:00+09:00,4367.446312881098,4409.848704268293,4303.842725800305,4346.2451171875,91588,0.0,0.0
2015-02-13 00:00:00+09:00,4346.2451171875,4431.04989996189,4303.842725800305,4346.2451171875,36086,0.0,0.0
2015-02-16 00:00:00+09:00,4367.446650066647,4515.855031379591,4325.044255405805,4473.45263671875,55408,0.0,0.0
2015-02-17 00:00:00+09:00,4431.049380404278,4473.4517668196295,4325.043414365898,4367.44580078125,43618,0.0,0.0
2015-02-23 00:00:00+09:00,4346.245165294027,4388.647557150554,4282.641577509236,4303.8427734375,64678,0.0,0.0
2015-02-24 00:00:00+09:00,4303.8427734375,4409.848753078818,4282.641577509236,4303.8427734375,71086,0.0,0.0
2015-02-25 00:00:00+09:00,4303.8427734375,4346.245165294027,4282.641577509236,4303.8427734375,56546,0.0,0.0
2015-02-26 00:00:00+09:00,4303.842749502144,4325.0439453125,4240.239162071079,4325.0439453125,52354,0.0,0.0
2015-02-27 00:00:00+09:00,4325.044355751811,4431.050344863375,4325.044355751811,4388.64794921875,44022,0.0,0.0
2015-03-02 00:00:00+09:00,4409.849553571428,4515.855552455358,4325.044754464286,4452.251953125,50468,0.0,0.0
2015-03-03 00:00:00+09:00,4515.855031379591,4537.056228710012,4409.849044727488,4473.45263671875,31054,0.0,0.0
2015-03-04 00:00:00+09:00,4473.453097361438,4579.459094929245,4452.251897847877,4494.654296875,73218,0.0,0.0
2015-03-05 00:00:00+09:00,4537.056695902123,4537.056695902123,4388.648299307193,4494.654296875,72098,0.0,0.0
2015-03-06 00:00:00+09:00,4494.65341421274,4515.8546095628,4388.6474374624395,4409.8486328125,57572,0.0,0.0
2015-03-09 00:00:00+09:00,4409.849581339713,4473.453181070574,4346.245981608851,4431.05078125,68178,0.0,0.0
2015-03-10 00:00:00+09:00,4515.854739612528,4855.073874982483,4473.452347691284,4727.86669921875,482412,0.0,0.0
2015-03-11 00:00:00+09:00,4664.263208119292,4749.067993721462,4579.458422517124,4643.06201171875,127790,0.0,0.0
2015-03-12 00:00:00+09:00,4664.263645361991,4791.470835690045,4621.861248585973,4685.46484375,130970,0.0,0.0
2015-03-13 00:00:00+09:00,4749.068070023148,4812.671660246672,4579.45849609375,4579.45849609375,140686,0.0,0.0
2015-03-16 00:00:00+09:00,4600.659618917665,4706.665600920377,4579.458422517124,4643.06201171875,65690,0.0,0.0
2015-03-17 00:00:00+09:00,4643.061987304687,4685.464379882812,4579.458398437499,4664.26318359375,29954,0.0,0.0
2015-03-18 00:00:00+09:00,4664.26276281682,4727.86634594614,4515.85440218174,4600.6591796875,106392,0.0,0.0
2015-03-19 00:00:00+09:00,4600.6596928349245,4621.8608895761,4515.854905870226,4579.45849609375,84936,0.0,0.0
2015-03-20 00:00:00+09:00,4621.861328125,4621.861328125,4494.654135607799,4621.861328125,95700,0.0,0.0
2015-03-23 00:00:00+09:00,4621.8608895761,4685.464479799624,4579.45849609375,4579.45849609375,73122,0.0,0.0
2015-03-24 00:00:00+09:00,4621.860719415638,4812.671483061238,4537.05593557315,4727.86669921875,158918,0.0,0.0
2015-03-25 00:00:00+09:00,4706.66552734375,4770.2691155510975,4685.464331274634,4706.66552734375,87444,0.0,0.0
2015-03-26 00:00:00+09:00,4685.464924383601,4706.666123136468,4600.660129372133,4621.861328125,91722,0.0,0.0
2015-03-27 00:00:00+09:00,4643.062111646075,4664.2633085029065,4515.854930505087,4558.25732421875,65760,0.0,0.0
2015-03-30 00:00:00+09:00,4558.2572021484375,4706.665576171875,4558.2572021484375,4664.26318359375,78924,0.0,0.0
2015-03-31 00:00:00+09:00,4706.665432280144,4791.47021484375,4621.860649716537,4791.47021484375,165002,0.0,0.0
2015-04-01 00:00:00+09:00,4791.471054011094,4961.0806488433445,4749.06865530303,4897.47705078125,353134,0.0,0.0
2015-04-02 00:00:00+09:00,4918.6778371710525,4939.879034745066,4770.269454152961,4833.873046875,172328,0.0,0.0
2015-04-03 00:00:00+09:00,4833.872535139192,4918.677316457423,4749.06775382096,4855.07373046875,154280,0.0,0.0
2015-04-06 00:00:00+09:00,4855.074270374449,4982.281456497797,4812.671875,4812.671875,110418,0.0,0.0
2015-04-07 00:00:00+09:00,4812.671434461806,4855.073825954862,4727.866651475695,4770.26904296875,96686,0.0,0.0
2015-04-08 00:00:00+09:00,4833.872606125553,4833.872606125553,4727.866627921046,4791.47021484375,114898,0.0,0.0
2015-04-09 00:00:00+09:00,4791.470454846399,5045.88481528072,4770.2692581435385,5003.482421875,289552,0.0,0.0
2015-04-10 00:00:00+09:00,5003.482497317596,5024.683694340129,4918.677709227468,4939.87890625,99732,0.0,0.0
2015-04-13 00:00:00+09:00,4939.879449489313,4961.0806488433445,4855.074652073187,4897.47705078125,110610,0.0,0.0
2015-04-14 00:00:00+09:00,4897.476438360699,5024.68361857786,4876.275241657839,5003.482421875,174966,0.0,0.0
2015-04-15 00:00:00+09:00,5109.488959418403,5173.092556423611,4961.08056640625,4961.08056640625,222728,0.0,0.0
2015-04-16 00:00:00+09:00,4982.2808311725485,4982.2808311725485,4897.476051067484,4918.67724609375,98210,0.0,0.0
2015-04-17 00:00:00+09:00,4961.079636146283,5003.482026198815,4876.274856041218,4918.67724609375,83196,0.0,0.0
2015-04-20 00:00:00+09:00,4855.074244449013,4897.47663959704,4770.269454152961,4833.873046875,124708,0.0,0.0
2015-04-21 00:00:00+09:00,4855.074118159871,4961.080103272532,4770.269330069743,4939.87890625,123200,0.0,0.0
2015-04-22 00:00:00+09:00,4982.281050746216,4982.281050746216,4621.860719415638,4727.86669921875,175302,0.0,0.0
2015-04-23 00:00:00+09:00,4770.269091139994,4812.671483061238,4664.263111336883,4727.86669921875,82184,0.0,0.0
2015-04-24 00:00:00+09:00,4791.470835690045,4791.470835690045,4664.263645361991,4685.46484375,73684,0.0,0.0
2015-04-27 00:00:00+09:00,4685.464259982639,4791.470238715278,4664.263064236111,4770.26904296875,37272,0.0,0.0
2015-04-28 00:00:00+09:00,4770.2691155510975,4812.67150768933,4664.263135205518,4706.66552734375,66898,0.0,0.0
2015-04-29 00:00:00+09:00,4706.666042138008,4749.068438914027,4600.660050197964,4685.46484375,54540,0.0,0.0
2015-04-30 00:00:00+09:00,4685.464688876652,4812.671875,4600.659898127753,4812.671875,51744,0.0,0.0
2015-05-04 00:00:00+09:00,4791.470918147936,4791.470918147936,4621.861328125,4621.861328125,77466,0.0,0.0
2015-05-06 00:00:00+09:00,4537.05559655818,4643.06156844038,4537.05559655818,4600.6591796875,59920,0.0,0.0
2015-05-07 00:00:00+09:00,4579.458422517124,4643.06201171875,4494.653636914954,4643.06201171875,97054,0.0,0.0
2015-05-08 00:00:00+09:00,4600.660050197964,4706.666042138008,4600.660050197964,4685.46484375,18284,0.0,0.0
2015-05-11 00:00:00+09:00,4749.067919481982,4770.2691155510975,4664.263135205518,4706.66552734375,37516,0.0,0.0
2015-05-12 00:00:00+09:00,4664.263208119292,4727.866797320919,4600.659618917665,4643.06201171875,34102,0.0,0.0
2015-05-13 00:00:00+09:00,4600.6596928349245,4664.263283058449,4558.2572993525755,4579.45849609375,80146,0.0,0.0
2015-05-14 00:00:00+09:00,4579.458571742958,4621.860965925763,4431.05019210314,4515.85498046875,119730,0.0,0.0
2015-05-15 00:00:00+09:00,4558.257731866399,4727.8673218893355,4494.654135607799,4621.861328125,105106,0.0,0.0
2015-05-18 00:00:00+09:00,4621.860914789244,4706.66570221657,4537.056127361919,4558.25732421875,59110,0.0,0.0
2015-05-19 00:00:00+09:00,4515.854930505087,4600.659717932413,4515.854930505087,4558.25732421875,46230,0.0,0.0
2015-05-20 00:00:00+09:00,4579.45798531106,4749.0675403225805,4515.85440218174,4600.6591796875,116092,0.0,0.0
2015-05-21 00:00:00+09:00,4579.458398437499,4664.26318359375,4494.65361328125,4664.26318359375,105578,0.0,0.0
2015-05-22 00:00:00+09:00,4685.464404519835,4706.665600920377,4621.860815318208,4643.06201171875,64874,0.0,0.0
2015-05-26 00:00:00+09:00,4643.06171075229,4982.2808311725485,4621.860515726024,4918.67724609375,362932,0.0,0.0
2015-05-27 00:00:00+09:00,4897.476969401042,4982.281765407986,4791.470974392361,4961.08056640625,251206,0.0,0.0
2015-05-28 00:00:00+09:00,4961.079499573267,5088.286666228992,4918.677110688025,5045.88427734375,288212,0.0,0.0
2015-05-29 00:00:00+09:00,5088.287760416667,5088.287760416667,4876.275770399306,4961.08056640625,194900,0.0,0.0
2015-06-01 00:00:00+09:00,5003.482324218749,5618.3170166015625,4918.6775390625,5512.31103515625,832838,0.0,0.0
2015-06-02 00:00:00+09:00,5491.109490342028,5597.115465059055,5257.896345964567,5385.103515625,304062,0.0,0.0
2015-06-03 00:00:00+09:00,5342.70146484375,5342.70146484375,5088.287109375,5088.287109375,304098,0.0,0.0
2015-06-04 00:00:00+09:00,5109.488185586735,5279.097751913266,5109.488185586735,5194.29296875,140262,0.0,0.0
2015-06-05 00:00:00+09:00,5130.689602092161,5173.091995497882,4939.878831766419,5003.482421875,228270,0.0,0.0
2015-06-08 00:00:00+09:00,5067.0859375,5067.0859375,4918.677562761506,5067.0859375,168746,0.0,0.0
2015-06-09 00:00:00+09:00,5045.88427734375,5257.896221769958,4982.280694015888,5045.88427734375,220200,0.0,0.0
2015-06-10 00:00:00+09:00,5045.885049559471,5045.885049559471,4791.470677312775,4812.671875,267336,0.0,0.0
2015-06-11 00:00:00+09:00,4812.672034078054,4833.873232466063,4685.46484375,4685.46484375,275002,0.0,0.0
2015-06-12 00:00:00+09:00,4685.464283534458,4918.677437918527,4685.464283534458,4749.06787109375,254236,0.0,0.0
2015-06-15 00:00:00+09:00,4749.068070023148,4770.269266764323,4579.45849609375,4579.45849609375,187318,0.0,0.0
2015-06-16 00:00:00+09:00,4558.25732421875,4600.659717932413,4409.84894622093,4558.25732421875,205640,0.0,0.0
2015-06-17 00:00:00+09:00,4558.25679093462,4600.6591796875,4473.45201342886,4600.6591796875,81406,0.0,0.0
2015-06-18 00:00:00+09:00,4621.8607430672855,4855.073899827562,4621.8607430672855,4706.66552734375,266652,0.0,0.0
2015-06-19 00:00:00+09:00,4749.067895179372,4812.671483061238,4664.263111336883,4727.86669921875,109132,0.0,0.0
2015-06-22 00:00:00+09:00,4685.464236639243,4812.6714104846515,4685.464236639243,4791.47021484375,86416,0.0,0.0
2015-06-23 00:00:00+09:00,4812.671483061238,4833.872679021861,4685.464307297505,4727.86669921875,102128,0.0,0.0
2015-06-24 00:00:00+09:00,4770.268949150518,4918.677316457423,4706.665363161845,4855.07373046875,173966,0.0,0.0
2015-06-25 00:00:00+09:00,4876.275390625,4918.677785326086,4833.872995923913,4876.275390625,144872,0.0,0.0
2015-06-26 00:00:00+09:00,4876.275770399306,5109.488959418403,4833.873372395834,4961.08056640625,265538,0.0,0.0
2015-06-29 00:00:00+09:00,4833.8732941060125,5257.897267273207,4706.666102155855,5024.68408203125,292878,0.0,0.0
2015-06-30 00:00:00+09:00,4939.879287397811,5067.0864793479695,4855.074492764373,5024.68408203125,136840,0.0,0.0
2015-07-01 00:00:00+09:00,4982.28125,5109.488430851064,4918.677659574469,4982.28125,169454,0.0,0.0
2015-07-02 00:00:00+09:00,5003.482026198815,5024.683221225081,4833.872465988686,4918.67724609375,163512,0.0,0.0
2015-07-03 00:00:00+09:00,4876.275514696465,5342.701868276126,4833.8731189164955,5173.09228515625,326620,0.0,0.0
2015-07-06 00:00:00+09:00,5130.68947743776,5279.097850752075,5045.884692686722,5109.48828125,157980,0.0,0.0
2015-07-07 00:00:00+09:00,5109.488959418403,5194.293755425348,4939.879367404515,4961.08056640625,188306,0.0,0.0
2015-07-08 00:00:00+09:00,4982.2816847145305,5130.690075323048,4918.678088739452,5024.68408203125,85812,0.0,0.0
2015-07-09 00:00:00+09:00,4939.8788563829785,5003.482446808511,4749.0680851063835,4982.28125,142668,0.0,0.0
2015-07-10 00:00:00+09:00,4918.677709227468,5024.683694340129,4897.476512204936,4939.87890625,71330,0.0,0.0
2015-07-13 00:00:00+09:00,4982.281080513946,5130.689453125,4876.27510007748,5130.689453125,101796,0.0,0.0
2015-07-14 00:00:00+09:00,5151.890649212293,5194.293041386881,5067.08586486312,5130.689453125,133378,0.0,0.0
2015-07-15 00:00:00+09:00,5173.092636169678,5448.708227441014,5151.891436841114,5279.0986328125,429434,0.0,0.0
2015-07-16 00:00:00+09:00,5300.298947704082,5300.298947704082,5173.091772959184,5194.29296875,136400,0.0,0.0
2015-07-17 00:00:00+09:00,5257.897433483936,5279.0986328125,5067.086639526858,5279.0986328125,190150,0.0,0.0
2015-07-20 00:00:00+09:00,5300.299321851766,5703.1220703125,5257.896927276952,5703.1220703125,368498,0.0,0.0
2015-07-21 00:00:00+09:00,5639.518379407051,5830.329151642628,5533.5123948317305,5787.9267578125,362434,0.0,0.0
2015-07-22 00:00:00+09:00,5787.926859462129,5830.329254036943,5597.116083875465,5703.1220703125,174234,0.0,0.0
2015-07-23 00:00:00+09:00,5703.12222095246,6042.3413865109715,5554.713836020612,5978.73779296875,461978,0.0,0.0
2015-07-24 00:00:00+09:00,5999.938458894429,6826.785101639597,5936.334870990953,6445.16357421875,1254994,0.0,0.0
2015-07-27 00:00:00+09:00,6423.962947764296,6423.962947764296,5978.73779296875,5978.73779296875,396782,0.0,0.0
2015-07-28 00:00:00+09:00,5809.128188624526,5893.932979699337,5512.311419862689,5597.1162109375,444382,0.0,0.0
2015-07-29 00:00:00+09:00,5618.317066754482,5724.323049146075,5427.506298449613,5469.90869140625,280930,0.0,0.0
2015-07-30 00:00:00+09:00,5533.512356387868,5639.518340226716,5363.902782245711,5406.30517578125,198562,0.0,0.0
2015-07-31 00:00:00+09:00,5469.90869140625,5597.115870276163,5236.695530144743,5469.90869140625,195264,0.0,0.0
2015-08-03 00:00:00+09:00,5554.714224083836,5660.720220726656,5257.897433483936,5279.0986328125,223394,0.0,0.0
2015-08-04 00:00:00+09:00,5279.098068963914,5406.305251348586,5194.293280707466,5342.70166015625,94936,0.0,0.0
2015-08-05 00:00:00+09:00,5342.7019636824325,5554.713946368243,5300.29956714527,5491.1103515625,119898,0.0,0.0
2015-08-06 00:00:00+09:00,5491.1103515625,5597.116342905406,5279.098368876689,5491.1103515625,229078,0.0,0.0
2015-08-07 00:00:00+09:00,5491.109696237664,5809.127632313205,5469.908500499295,5639.51806640625,330336,0.0,0.0
2015-08-10 00:00:00+09:00,5681.920924040262,5724.323318995787,5575.914936651452,5660.7197265625,115678,0.0,0.0
2015-08-11 00:00:00+09:00,5681.920974086708,6021.14013671875,5575.914985764195,6021.14013671875,458576,0.0,0.0
2015-08-12 00:00:00+09:00,5978.737353515625,6021.13974609375,5257.896679687499,5512.31103515625,420748,0.0,0.0
2015-08-13 00:00:00+09:00,5512.311549831081,5639.5187394425675,5385.104360219595,5491.1103515625,143076,0.0,0.0
2015-08-17 00:00:00+09:00,5491.1103515625,5618.317541173987,5448.7079550253375,5491.1103515625,116716,0.0,0.0
2015-08-18 00:00:00+09:00,5554.713536149365,5554.713536149365,5003.482421875,5003.482421875,294506,0.0,0.0
2015-08-19 00:00:00+09:00,4918.67724609375,5109.488001330145,4791.470075936153,4918.67724609375,184894,0.0,0.0
2015-08-20 00:00:00+09:00,4918.677316457423,5067.085683764329,4855.07373046875,4855.07373046875,86158,0.0,0.0
2015-08-21 00:00:00+09:00,4664.263208119292,4791.470386522546,4388.6476549122435,4643.06201171875,378482,0.0,0.0
2015-08-24 00:00:00+09:00,4515.855552455358,4812.672349330357,4431.050753348214,4452.251953125,237566,0.0,0.0
2015-08-25 00:00:00+09:00,4473.45201342886,4727.86634594614,4431.049624675979,4600.6591796875,250814,0.0,0.0
2015-08-26 00:00:00+09:00,4621.860695975168,4812.671458653042,4537.055912562779,4749.06787109375,231314,0.0,0.0
2015-08-27 00:00:00+09:00,4791.470311620214,4897.476291965794,4643.061939136402,4706.66552734375,188488,0.0,0.0
2015-08-28 00:00:00+09:00,4791.47021484375,4876.274997407356,4727.866627921046,4791.47021484375,90228,0.0,0.0
2015-08-31 00:00:00+09:00,4791.47021484375,4855.073801766454,4664.26304099834,4791.47021484375,93462,0.0,0.0
2015-09-01 00:00:00+09:00,4791.470918147936,4833.87331565367,4621.861328125,4621.861328125,127166,0.0,0.0
2015-09-02 00:00:00+09:00,4537.056455033937,4685.46484375,4515.8552566459275,4685.46484375,84984,0.0,0.0
2015-09-03 00:00:00+09:00,4727.867240526018,4876.275629242081,4664.263645361991,4685.46484375,100410,0.0,0.0
2015-09-04 00:00:00+09:00,4685.465150669643,4706.666350446429,4346.245954241072,4452.251953125,224262,0.0,0.0
2015-09-07 00:00:00+09:00,4409.849553571428,4515.855552455358,4346.245954241072,4452.251953125,77582,0.0,0.0
2015-09-08 00:00:00+09:00,4473.453152901786,4494.654352678572,4325.044754464286,4452.251953125,70400,0.0,0.0
2015-09-09 00:00:00+09:00,4494.653709129051,4579.45849609375,4452.251315646701,4579.45849609375,77886,0.0,0.0
2015-09-10 00:00:00+09:00,4579.45849609375,4579.45849609375,4473.452512387877,4579.45849609375,30622,0.0,0.0
2015-09-11 00:00:00+09:00,4579.45798531106,4643.06156844038,4494.6532078053,4600.6591796875,51182,0.0,0.0
2015-09-14 00:00:00+09:00,4621.861493956368,4643.062693469929,4452.251897847877,4494.654296875,64304,0.0,0.0
2015-09-15 00:00:00+09:00,4494.653733648256,4600.659717932413,4409.84894622093,4558.25732421875,64868,0.0,0.0
2015-09-16 00:00:00+09:00,4621.8610958149775,4855.074270374449,4579.458700440528,4812.671875,154256,0.0,0.0
2015-09-17 00:00:00+09:00,4791.470311620214,4855.073899827562,4664.263135205518,4706.66552734375,81894,0.0,0.0
2015-09-18 00:00:00+09:00,4791.470262799944,4833.872654506138,4706.665479387556,4749.06787109375,97960,0.0,0.0
2015-09-21 00:00:00+09:00,4685.46484375,4749.068438914027,4664.263645361991,4685.46484375,43024,0.0,0.0
2015-09-22 00:00:00+09:00,4706.66552734375,4749.067919481982,4621.8607430672855,4706.66552734375,94428,0.0,0.0
2015-09-23 00:00:00+09:00,4706.66552734375,4833.872703758446,4685.464331274634,4706.66552734375,88124,0.0,0.0
2015-09-24 00:00:00+09:00,4706.665676540799,4749.068070023148,4515.854905870226,4579.45849609375,164824,0.0,0.0
2015-09-25 00:00:00+09:00,4579.4589306192665,4621.861328125,4515.855334360665,4621.861328125,55458,0.0,0.0
2015-09-30 00:00:00+09:00,4537.056533113532,4621.861328125,4537.056533113532,4621.861328125,44570,0.0,0.0
2015-10-01 00:00:00+09:00,4621.861248585973,4706.666042138008,4579.4588518099545,4685.46484375,47766,0.0,0.0
2015-10-02 00:00:00+09:00,4685.464404519835,4706.665600920377,4600.659618917665,4643.06201171875,41264,0.0,0.0
2015-10-05 00:00:00+09:00,4685.464283534458,4833.872654506138,4643.061891828264,4749.06787109375,116700,0.0,0.0
2015-10-06 00:00:00+09:00,4770.26904296875,4876.275021701389,4749.067847222223,4770.26904296875,58444,0.0,0.0
2015-10-07 00:00:00+09:00,4812.671434461806,4812.671434461806,4706.665455729167,4770.26904296875,35432,0.0,0.0
2015-10-08 00:00:00+09:00,4812.671875,4876.275468061674,4727.867084251101,4812.671875,50550,0.0,0.0
2015-10-12 00:00:00+09:00,4855.073825954862,4876.275021701389,4727.866651475695,4770.26904296875,54538,0.0,0.0
2015-10-13 00:00:00+09:00,4833.872654506138,4833.872654506138,4749.06787109375,4749.06787109375,51396,0.0,0.0
2015-10-14 00:00:00+09:00,4812.671483061238,4812.671483061238,4685.464307297505,4727.86669921875,37472,0.0,0.0
2015-10-15 00:00:00+09:00,4770.2691155510975,4770.2691155510975,4685.464331274634,4706.66552734375,47364,0.0,0.0
2015-10-16 00:00:00+09:00,4770.2691650390625,4770.2691650390625,4621.860791015625,4664.26318359375,68286,0.0,0.0
2015-10-19 00:00:00+09:00,4706.666042138008,4749.068438914027,4621.861248585973,4685.46484375,54088,0.0,0.0
2015-10-20 00:00:00+09:00,4727.867240526018,4727.867240526018,4643.062446973981,4685.46484375,50680,0.0,0.0
2015-10-21 00:00:00+09:00,4685.464379882812,4706.665576171875,4621.860791015625,4664.26318359375,64834,0.0,0.0
2015-10-22 00:00:00+09:00,4685.464379882812,4685.464379882812,4579.458398437499,4664.26318359375,69000,0.0,0.0
2015-10-23 00:00:00+09:00,4664.263725630734,4685.464924383601,4473.452936854931,4621.861328125,208294,0.0,0.0
2015-10-26 00:00:00+09:00,4600.660129372133,4643.062526877867,4558.257731866399,4621.861328125,67794,0.0,0.0
2015-10-27 00:00:00+09:00,4664.263135205518,4727.866723412866,4579.458350929054,4706.66552734375,80916,0.0,0.0
2015-10-28 00:00:00+09:00,4706.6655032581275,4833.872679021861,4685.464307297505,4727.86669921875,111510,0.0,0.0
2015-10-29 00:00:00+09:00,4749.068438914027,4770.269637302036,4643.062446973981,4685.46484375,54124,0.0,0.0
2015-10-30 00:00:00+09:00,4727.866797320919,4749.067993721462,4600.659618917665,4643.06201171875,62192,0.0,0.0
2015-11-02 00:00:00+09:00,4664.263283058449,4664.263283058449,4579.45849609375,4579.45849609375,42740,0.0,0.0
2015-11-03 00:00:00+09:00,4600.65976883436,4706.665754291374,4515.85498046875,4515.85498046875,108630,0.0,0.0
2015-11-04 00:00:00+09:00,4515.854833315497,4664.263208119292,4515.854833315497,4643.06201171875,53360,0.0,0.0
2015-11-05 00:00:00+09:00,4643.062446973981,4706.666042138008,4579.4588518099545,4685.46484375,69506,0.0,0.0
2015-11-06 00:00:00+09:00,4706.665576171875,4727.866772460938,4600.659594726562,4664.26318359375,26214,0.0,0.0
2015-11-09 00:00:00+09:00,4621.860965925763,4664.263360108568,4473.452586285945,4515.85498046875,103616,0.0,0.0
2015-11-10 00:00:00+09:00,4452.251897847877,4537.056695902123,4431.050698334316,4494.654296875,70946,0.0,0.0
2015-11-11 00:00:00+09:00,4494.653487042683,4494.653487042683,4261.44033441311,4346.2451171875,192650,0.0,0.0
2015-11-12 00:00:00+09:00,4367.44580078125,4388.646993988926,4261.43983474287,4367.44580078125,100830,0.0,0.0
2015-11-13 00:00:00+09:00,4367.446751396437,4388.64794921875,4282.641960107186,4388.64794921875,64002,0.0,0.0
2015-11-16 00:00:00+09:00,4367.446361222291,4367.446361222291,4227.518468095751,4303.8427734375,60520,0.0,0.0
2015-11-17 00:00:00+09:00,4282.64146071214,4409.8486328125,4282.64146071214,4409.8486328125,36316,0.0,0.0
2015-11-18 00:00:00+09:00,4409.849581339713,4431.05078125,4346.245981608851,4431.05078125,14562,0.0,0.0
2015-11-19 00:00:00+09:00,4452.250573611954,4473.4517668196295,4325.043414365898,4367.44580078125,39380,0.0,0.0
2015-11-20 00:00:00+09:00,4367.44624211238,4431.04982816256,4303.842656062199,4409.8486328125,46206,0.0,0.0
2015-11-23 00:00:00+09:00,4431.04989996189,4431.04989996189,4282.641530106707,4346.2451171875,57942,0.0,0.0
2015-11-24 00:00:00+09:00,4367.44624211238,4409.8486328125,4282.64146071214,4409.8486328125,39134,0.0,0.0
2015-11-25 00:00:00+09:00,4409.849044727488,4494.653834049171,4346.245452736226,4473.45263671875,37690,0.0,0.0
2015-11-26 00:00:00+09:00,4473.452561423043,4537.05615234375,4431.050167475905,4537.05615234375,16642,0.0,0.0
2015-11-27 00:00:00+09:00,4537.056177560153,4579.458571742958,4452.251389194542,4515.85498046875,23268,0.0,0.0
2015-11-30 00:00:00+09:00,4494.654296875,4515.855496388561,4367.447099793631,4494.654296875,34412,0.0,0.0
2015-12-01 00:00:00+09:00,4494.653783377347,4558.257374651555,4473.452586285945,4515.85498046875,24616,0.0,0.0
2015-12-02 00:00:00+09:00,4515.8546095628,4515.8546095628,4346.245046762319,4409.8486328125,47112,0.0,0.0
2015-12-03 00:00:00+09:00,4367.446312881098,4409.848704268293,4240.239138719512,4346.2451171875,81636,0.0,0.0
2015-12-04 00:00:00+09:00,4303.842221158222,4367.44580078125,4282.641027950546,4367.44580078125,11406,0.0,0.0
2015-12-07 00:00:00+09:00,4367.446751396437,4409.849147041063,4303.843157929498,4388.64794921875,24962,0.0,0.0
2015-12-08 00:00:00+09:00,4367.446751396437,4409.849147041063,4282.641960107186,4388.64794921875,36222,0.0,0.0
2015-12-09 00:00:00+09:00,4367.446650066647,4473.45263671875,4325.044255405805,4473.45263671875,27588,0.0,0.0
2015-12-10 00:00:00+09:00,4452.251981160287,4494.654380980861,4346.245981608851,4431.05078125,30194,0.0,0.0
2015-12-11 00:00:00+09:00,4431.050242057909,4494.653834049171,4388.647847397067,4473.45263671875,19508,0.0,0.0
2015-12-14 00:00:00+09:00,4431.04982816256,4473.45221886268,4282.64146071214,4409.8486328125,46038,0.0,0.0
2015-12-15 00:00:00+09:00,4409.849044727488,4473.45263671875,4367.446650066647,4473.45263671875,22928,0.0,0.0
2015-12-16 00:00:00+09:00,4473.453097361438,4515.855496388561,4409.849498820755,4494.654296875,51150,0.0,0.0
2015-12-17 00:00:00+09:00,4494.653758396612,4579.458546290888,4452.251364449475,4537.05615234375,32292,0.0,0.0
2015-12-18 00:00:00+09:00,4494.6532078053,4643.06156844038,4473.45201342886,4600.6591796875,43562,0.0,0.0
2015-12-21 00:00:00+09:00,4600.659820701274,4600.659820701274,4473.45263671875,4473.45263671875,30682,0.0,0.0
2015-12-22 00:00:00+09:00,4494.653733648256,4579.458521075581,4452.251339934593,4558.25732421875,45654,0.0,0.0
2015-12-23 00:00:00+09:00,4579.45798531106,4643.06156844038,4537.05559655818,4600.6591796875,44684,0.0,0.0
2015-12-24 00:00:00+09:00,4621.8608895761,4664.263283058449,4515.854905870226,4579.45849609375,31392,0.0,0.0
2015-12-28 00:00:00+09:00,4558.257374651555,4579.458571742958,4473.452586285945,4515.85498046875,18918,0.0,0.0
2015-12-29 00:00:00+09:00,4738.3110073867,4738.3110073867,4627.083049466824,4693.81982421875,11220,250.0,0.0
2015-12-30 00:00:00+09:00,4693.81982421875,4738.3110073867,4627.083049466824,4693.81982421875,29796,0.0,0.0
2016-01-04 00:00:00+09:00,4693.819767606431,4716.065358922102,4515.855037081069,4604.83740234375,45880,0.0,0.0
2016-01-05 00:00:00+09:00,4538.100163386418,4627.08251953125,4493.608985314002,4627.08251953125,32980,0.0,0.0
2016-01-06 00:00:00+09:00,4627.08251953125,4649.328108567458,4471.363396277795,4627.08251953125,74794,0.0,0.0
2016-01-07 00:00:00+09:00,4604.8373298267325,4627.082920792079,4493.609375,4493.609375,81560,0.0,0.0
2016-01-08 00:00:00+09:00,4440.219985064338,4538.1005859375,4404.627039292279,4538.1005859375,68602,0.0,0.0
2016-01-11 00:00:00+09:00,4493.60936042444,4538.100542210821,4444.669060459421,4471.36376953125,24578,0.0,0.0
2016-01-12 00:00:00+09:00,4471.36381261489,4582.591768152573,4449.118221507352,4538.1005859375,36412,0.0,0.0
2016-01-13 00:00:00+09:00,4560.345233806129,4627.081993325242,4449.117301274272,4582.5908203125,62734,0.0,0.0
2016-01-14 00:00:00+09:00,4538.1005273437495,4560.346118164062,4444.669045898438,4449.1181640625,65834,0.0,0.0
2016-01-15 00:00:00+09:00,4493.60919735296,4493.60919735296,4360.135656837526,4377.93212890625,82784,0.0,0.0
2016-01-18 00:00:00+09:00,4355.687111866231,4449.118602519133,4293.399451430963,4360.13623046875,57298,0.0,0.0
2016-01-19 00:00:00+09:00,4373.482964073787,4377.932082043343,4293.398840621775,4311.1953125,60040,0.0,0.0
2016-01-20 00:00:00+09:00,4284.500611909907,4351.237381565824,4066.4938310339094,4182.1708984375,133630,0.0,0.0
2016-01-21 00:00:00+09:00,4186.619931495796,4217.763756703523,4102.086691646253,4199.96728515625,21660,0.0,0.0
2016-01-22 00:00:00+09:00,4199.967746252677,4208.865983003212,4133.230970623662,4155.4765625,88344,0.0,0.0
2016-01-25 00:00:00+09:00,4155.476375148607,4226.662265943444,4088.7396025284474,4093.188720703125,99282,0.0,0.0
2016-01-26 00:00:00+09:00,4053.146613054644,4119.8833849490675,3959.715132402451,4026.451904296875,181108,0.0,0.0
2016-01-27 00:00:00+09:00,4022.002945014714,4062.0450097327807,3937.469697276573,3968.613525390625,110802,0.0,0.0
2016-01-28 00:00:00+09:00,3999.757237419318,4110.985191741323,3941.9187011718745,3941.918701171875,146074,0.0,0.0
2016-01-29 00:00:00+09:00,3959.715652379221,3986.410364642452,3901.8771091422213,3919.673583984375,142542,0.0,0.0
2016-02-01 00:00:00+09:00,3959.7153026363917,4022.002959082358,3924.12235609584,3990.859130859375,90364,0.0,0.0
2016-02-02 00:00:00+09:00,3986.4097963483146,3990.858914424596,3941.9186155854986,3959.715087890625,64684,0.0,0.0
2016-02-03 00:00:00+09:00,3946.36802027247,4048.6977434587907,3946.36802027247,3950.817138671875,115060,0.0,0.0
2016-02-04 00:00:00+09:00,3959.714493661557,4070.942428876769,3959.714493661557,4008.65478515625,121918,0.0,0.0
2016-02-05 00:00:00+09:00,3995.3084569676303,4115.434657789597,3995.3084569676303,4097.63818359375,60660,0.0,0.0
2016-02-11 00:00:00+09:00,4044.2489890284182,4048.6981078282297,3977.51220703125,3977.51220703125,83266,0.0,0.0
2016-02-12 00:00:00+09:00,3892.9782202235324,3977.5114615769576,3706.1152656528025,3750.6064453125,137918,0.0,0.0
2016-02-15 00:00:00+09:00,3755.056114091302,3879.6314354118663,3750.6069954727104,3861.8349609375,52774,0.0,0.0
2016-02-16 00:00:00+09:00,3839.5891497905027,4035.3503578910613,3839.5891497905027,3981.9609375,69402,0.0,0.0
2016-02-17 00:00:00+09:00,3981.961156812765,4022.0032243114406,3933.020852092161,3937.469970703125,16200,0.0,0.0
2016-02-18 00:00:00+09:00,3977.5112145118464,4124.332098268996,3955.2656260637937,4084.2900390625,68748,0.0,0.0
2016-02-19 00:00:00+09:00,4106.535793771632,4177.7216796875,4048.6972614649894,4177.7216796875,51114,0.0,0.0
2016-02-22 00:00:00+09:00,4173.273313191074,4182.171550532632,4088.7400584462653,4124.3330078125,19844,0.0,0.0
2016-02-23 00:00:00+09:00,4124.332678730169,4137.680033677516,4026.4520757829596,4066.494140625,36208,0.0,0.0
2016-02-24 00:00:00+09:00,4097.637272884971,4097.637272884971,4035.3496270430715,4057.59521484375,22870,0.0,0.0
2016-02-25 00:00:00+09:00,4057.595527927741,4084.2902353483178,4017.553466796875,4017.553466796875,15170,0.0,0.0
2016-02-26 00:00:00+09:00,4022.0025847003044,4048.6972921208817,3990.8587593762977,4017.553466796875,22684,0.0,0.0
2016-02-29 00:00:00+09:00,4030.9015878949845,4062.045419148036,3986.410400390625,3986.410400390625,21838,0.0,0.0
2016-03-02 00:00:00+09:00,4022.0029276052774,4182.171185784248,4008.6555727570294,4173.27294921875,89096,0.0,0.0
2016-03-03 00:00:00+09:00,4182.170983991053,4204.416574331431,4124.332449106069,4164.37451171875,27752,0.0,0.0
2016-03-04 00:00:00+09:00,4271.153465346534,4493.609375,4266.704347153465,4493.609375,206288,0.0,0.0
2016-03-07 00:00:00+09:00,4515.855201381421,4538.100793506453,4395.72900390625,4395.72900390625,56986,0.0,0.0
2016-03-08 00:00:00+09:00,4395.729204150884,4435.771271800031,4275.603001203441,4404.62744140625,37530,0.0,0.0
2016-03-09 00:00:00+09:00,4337.89056328599,4426.872933814933,4337.89056328599,4400.17822265625,15826,0.0,0.0
2016-03-10 00:00:00+09:00,4426.872372675038,4471.363552299912,4377.932075087675,4440.2197265625,15324,0.0,0.0
2016-03-11 00:00:00+09:00,4440.2199422807835,4471.36376953125,4404.626996851679,4471.36376953125,25726,0.0,0.0
2016-03-14 00:00:00+09:00,4471.364524818259,4560.346903421608,4382.382146214911,4417.97509765625,29486,0.0,0.0
2016-03-15 00:00:00+09:00,4426.87258774487,4515.85495131763,4386.830524137126,4471.36376953125,27982,0.0,0.0
2016-03-16 00:00:00+09:00,4449.118178638059,4493.60936042444,4382.381405958488,4471.36376953125,27850,0.0,0.0
2016-03-17 00:00:00+09:00,4493.609330833857,4515.85492158056,4404.626967847048,4426.87255859375,13358,0.0,0.0
2016-03-18 00:00:00+09:00,4426.872659093405,4515.855024100308,4409.076186092024,4431.32177734375,19444,0.0,0.0
2016-03-21 00:00:00+09:00,4431.321591122372,4471.363653692755,4417.974236932245,4444.6689453125,12486,0.0,0.0
2016-03-22 00:00:00+09:00,4444.669045898438,4538.1005273437495,4444.669045898438,4449.1181640625,33102,0.0,0.0
2016-03-23 00:00:00+09:00,4449.11786139669,4493.609040010657,4417.974036366913,4435.7705078125,21910,0.0,0.0
2016-03-24 00:00:00+09:00,4449.118178638059,4515.85495131763,4417.974351387593,4471.36376953125,44010,0.0,0.0
2016-03-25 00:00:00+09:00,4431.321389951104,4493.609040010657,4422.4231542283105,4435.7705078125,56394,0.0,0.0
2016-03-28 00:00:00+09:00,4440.2202632229955,4449.118500223442,4355.68701171875,4355.68701171875,35806,0.0,0.0
2016-03-29 00:00:00+09:00,4355.687099358975,4404.627403846154,4320.094150641025,4337.890625,12620,0.0,0.0
2016-03-30 00:00:00+09:00,4360.13580078125,4449.1181640625,4337.890209960938,4449.1181640625,6822,0.0,0.0
2016-03-31 00:00:00+09:00,4449.118178638059,4538.100542210821,4404.626996851679,4471.36376953125,28596,0.0,0.0
2016-04-01 00:00:00+09:00,4493.609375,4538.100556930693,4426.87260210396,4493.609375,24472,0.0,0.0
2016-04-04 00:00:00+09:00,4449.118221507352,4538.1005859375,4404.627039292279,4538.1005859375,18644,0.0,0.0
2016-04-05 00:00:00+09:00,4538.100542210821,4538.100542210821,4440.2199422807835,4471.36376953125,23016,0.0,0.0
2016-04-06 00:00:00+09:00,4449.117962487475,4493.60914211235,4422.42325471255,4440.2197265625,20628,0.0,0.0
2016-04-07 00:00:00+09:00,4426.873034544666,4449.11862768308,4373.483611012469,4404.62744140625,21474,0.0,0.0
2016-04-08 00:00:00+09:00,4404.62744140625,4404.62744140625,4355.687136501736,4404.62744140625,18864,0.0,0.0
2016-04-11 00:00:00+09:00,4417.974322295069,4471.363740087155,4382.381377100346,4426.87255859375,26316,0.0,0.0
2016-04-12 00:00:00+09:00,4400.178721253301,4449.119030589789,4395.729602222711,4422.42431640625,14334,0.0,0.0
2016-04-14 00:00:00+09:00,4422.424216586418,4449.118930167422,4404.627740865748,4417.97509765625,14874,0.0,0.0
2016-04-15 00:00:00+09:00,4422.4231542283105,4471.363450703674,4417.974036366913,4435.7705078125,16120,0.0,0.0
2016-04-18 00:00:00+09:00,4471.36381261489,4760.556497012867,4435.77086684283,4538.1005859375,265188,0.0,0.0
2016-04-19 00:00:00+09:00,4560.345921625286,4871.7841796875,4560.345921625286,4871.7841796875,242884,0.0,0.0
2016-04-20 00:00:00+09:00,4849.538993727993,4871.784585442341,4738.31103515625,4738.31103515625,81326,0.0,0.0
2016-04-21 00:00:00+09:00,4760.556654251453,4849.53902162064,4693.819878724564,4782.80224609375,51172,0.0,0.0
2016-04-22 00:00:00+09:00,4760.556626870599,4827.2934020136445,4693.819851727553,4738.31103515625,53056,0.0,0.0
2016-04-25 00:00:00+09:00,4716.065894717262,4782.80267624628,4671.57470703125,4671.57470703125,21754,0.0,0.0
2016-04-26 00:00:00+09:00,4671.57470703125,4738.311488560268,4582.592331659226,4671.57470703125,45508,0.0,0.0
2016-04-27 00:00:00+09:00,4671.57469534988,4671.57469534988,4582.592320200359,4649.3291015625,22368,0.0,0.0
2016-04-28 00:00:00+09:00,4627.083542158019,4738.311511921433,4627.083542158019,4716.06591796875,24304,0.0,0.0
2016-04-29 00:00:00+09:00,4716.065483940973,4916.27581108941,4649.328708224826,4805.0478515625,82190,0.0,0.0
2016-05-02 00:00:00+09:00,4805.048270089286,4894.03064546131,4671.57470703125,4671.57470703125,44034,0.0,0.0
2016-05-03 00:00:00+09:00,4716.065443441901,4760.556626870599,4671.574260013204,4738.31103515625,27802,0.0,0.0
2016-05-04 00:00:00+09:00,4738.3110073867,4738.3110073867,4627.083049466824,4693.81982421875,32598,0.0,0.0
2016-05-09 00:00:00+09:00,4671.574102722772,4671.574102722772,4449.1181930693065,4493.609375,77396,0.0,0.0
2016-05-10 00:00:00+09:00,4493.60936042444,4560.346133104011,4449.118178638059,4471.36376953125,31948,0.0,0.0
2016-05-11 00:00:00+09:00,4471.363784034654,4582.591738861386,4471.363784034654,4493.609375,31338,0.0,0.0
2016-05-12 00:00:00+09:00,4538.100163386418,4627.08251953125,4515.85457435021,4627.08251953125,15588,0.0,0.0
2016-05-13 00:00:00+09:00,4649.3275798316145,4649.3275798316145,4582.5908203125,4582.5908203125,15300,0.0,0.0
2016-05-16 00:00:00+09:00,5116.48634080763,5850.5909027495945,4894.030412946428,5138.73193359375,3313956,0.0,0.0
2016-05-17 00:00:00+09:00,5183.223157051282,5205.46875,4916.276041666667,5205.46875,403294,0.0,0.0
2016-05-18 00:00:00+09:00,5316.696031465305,6095.29168460876,5183.222490926427,5650.3798828125,1345100,0.0,0.0
2016-05-19 00:00:00+09:00,5650.38031640625,5917.32741796875,5427.9243984375,5561.39794921875,298436,0.0,0.0
2016-05-20 00:00:00+09:00,5561.397746457892,5650.380110401218,5227.713881670418,5249.95947265625,313600,0.0,0.0
2016-05-23 00:00:00+09:00,5294.4506546279135,5450.169791528734,5138.731517727092,5249.95947265625,189248,0.0,0.0
2016-05-24 00:00:00+09:00,5249.959571116255,5405.6787109375,5205.468388310185,5405.6787109375,132834,0.0,0.0
2016-05-25 00:00:00+09:00,5472.415608723959,5694.871527777778,5383.433241102431,5605.88916015625,208688,0.0,0.0
2016-05-26 00:00:00+09:00,5605.889576981707,5694.871951219512,5338.942454268293,5472.416015625,129908,0.0,0.0
2016-05-27 00:00:00+09:00,5494.661609184451,5539.152796303353,5361.1880478277435,5472.416015625,62842,0.0,0.0
2016-05-30 00:00:00+09:00,5539.152200738755,5583.643383074006,5316.6962890625,5316.6962890625,98894,0.0,0.0
2016-05-31 00:00:00+09:00,5338.942307692308,5427.92467948718,5160.977564102564,5205.46875,130876,0.0,0.0
2016-06-01 00:00:00+09:00,5183.22279690715,5472.415485146605,5138.73161410108,5405.6787109375,133062,0.0,0.0
2016-06-02 00:00:00+09:00,5405.678696813662,5450.169879503487,5205.468374709452,5383.43310546875,113594,0.0,0.0
2016-06-03 00:00:00+09:00,5383.433531942247,5427.924718156646,5249.959973299051,5272.20556640625,91636,0.0,0.0
2016-06-07 00:00:00+09:00,5272.204606256565,5361.186962480305,5272.204606256565,5294.4501953125,34862,0.0,0.0
2016-06-08 00:00:00+09:00,5272.205673589939,5494.661609184451,5272.205673589939,5472.416015625,96516,0.0,0.0
2016-06-09 00:00:00+09:00,5472.415456431535,5516.906639004149,5227.713952282158,5361.1875,118418,0.0,0.0
2016-06-10 00:00:00+09:00,5294.4501953125,5383.43255153624,5205.467839088761,5294.4501953125,74126,0.0,0.0
2016-06-13 00:00:00+09:00,5272.205106727249,5361.187471397751,5160.977150889121,5316.6962890625,61036,0.0,0.0
2016-06-14 00:00:00+09:00,5294.45115951345,5383.433531942247,5227.714380191852,5272.20556640625,40474,0.0,0.0
2016-06-15 00:00:00+09:00,5227.714380191852,5427.924718156646,5227.714380191852,5272.20556640625,72190,0.0,0.0
2016-06-16 00:00:00+09:00,5272.205528846154,5361.187900641025,5183.223157051282,5205.46875,57286,0.0,0.0
2016-06-17 00:00:00+09:00,5205.468247049356,5272.205019447425,5160.977065450644,5183.22265625,23600,0.0,0.0
2016-06-20 00:00:00+09:00,5205.468333224372,5316.6962890625,5205.468333224372,5316.6962890625,40040,0.0,0.0
2016-06-21 00:00:00+09:00,5383.433091286307,5383.433091286307,5316.696317427386,5361.1875,31254,0.0,0.0
2016-06-22 00:00:00+09:00,5361.1874857584635,5405.67866821289,5294.450712076823,5338.94189453125,40500,0.0,0.0
2016-06-23 00:00:00+09:00,5383.433531942247,5383.433531942247,5227.714380191852,5272.20556640625,32150,0.0,0.0
2016-06-24 00:00:00+09:00,5316.696027326155,5316.696027326155,4849.538635803773,4938.52099609375,192904,0.0,0.0
2016-06-27 00:00:00+09:00,4671.5739724488385,5116.485779348728,4649.328382103844,5027.50341796875,121618,0.0,0.0
2016-06-28 00:00:00+09:00,5005.258364470109,5116.486328125,4916.275993546195,5116.486328125,76254,0.0,0.0
2016-06-29 00:00:00+09:00,5138.73193359375,5183.22311916599,5071.99515523539,5138.73193359375,71486,0.0,0.0
2016-06-30 00:00:00+09:00,5160.977094414893,5338.94182180851,5160.977094414893,5227.7138671875,32956,0.0,0.0
2016-07-01 00:00:00+09:00,5272.205106727249,5427.924244900628,5227.713924391997,5316.6962890625,128162,0.0,0.0
2016-07-04 00:00:00+09:00,5316.69634532536,5405.6787109375,5294.450753922325,5405.6787109375,84198,0.0,0.0
2016-07-05 00:00:00+09:00,5405.67926981363,5806.099956466491,5338.942488704819,5539.15283203125,266362,0.0,0.0
2016-07-06 00:00:00+09:00,5494.661146594633,5605.889105027722,5383.433188161543,5516.90673828125,104630,0.0,0.0
2016-07-07 00:00:00+09:00,5561.397654022101,5917.327103879516,5539.1520634060125,5850.59033203125,209370,0.0,0.0
2016-07-08 00:00:00+09:00,5850.59025632873,5872.835846656976,5694.871124031008,5739.3623046875,95230,0.0,0.0
2016-07-11 00:00:00+09:00,5783.85364631738,6050.800737685874,5739.36246442263,5984.06396484375,236116,0.0,0.0
2016-07-12 00:00:00+09:00,6050.8012944799275,6206.520445440808,5872.836550524636,6095.29248046875,179668,0.0,0.0
2016-07-13 00:00:00+09:00,6073.046343315972,6073.046343315972,5872.836024305556,6006.3095703125,113404,0.0,0.0
2016-07-14 00:00:00+09:00,6006.3099809126425,6006.3099809126425,5761.608463171757,5872.83642578125,101604,0.0,0.0
2016-07-15 00:00:00+09:00,5872.836052389705,6228.765510110294,5850.590461282169,6050.80078125,157536,0.0,0.0
2016-07-18 00:00:00+09:00,6073.045992943548,6295.501890120968,5939.572454637097,6206.51953125,139862,0.0,0.0
2016-07-19 00:00:00+09:00,6162.02872210851,6317.747859490313,6006.309584726706,6028.55517578125,111750,0.0,0.0
2016-07-20 00:00:00+09:00,6006.310033086521,6117.537996662197,5939.573254941115,5961.81884765625,86620,0.0,0.0
2016-07-21 00:00:00+09:00,5961.81884765625,6028.555625801656,5761.608513220033,5961.81884765625,141776,0.0,0.0
2016-07-22 00:00:00+09:00,5961.818430918041,6117.537569039034,5872.836066277473,6073.04638671875,64866,0.0,0.0
2016-07-25 00:00:00+09:00,6117.538073463162,6184.274852446396,6028.555701485516,6095.29248046875,74388,0.0,0.0
2016-07-26 00:00:00+09:00,6139.783258928572,6251.011216517857,5939.572935267857,6228.765625,125578,0.0,0.0
2016-07-27 00:00:00+09:00,6228.765105103417,6451.221001714254,6184.27392578125,6184.27392578125,129096,0.0,0.0
2016-07-28 00:00:00+09:00,6139.783203125,6228.765568387681,5984.064063915308,6139.783203125,66150,0.0,0.0
2016-07-29 00:00:00+09:00,6162.028794440671,6184.274385756341,6028.555246546649,6139.783203125,24972,0.0,0.0
2016-08-01 00:00:00+09:00,6117.53761180933,6162.028794440671,5850.590516021286,6139.783203125,156042,0.0,0.0
2016-08-02 00:00:00+09:00,6139.783666457573,6139.783666457573,5961.818922502282,6095.29248046875,51400,0.0,0.0
2016-08-03 00:00:00+09:00,6073.046995776282,6384.485303251988,5939.57343542955,6295.5029296875,91882,0.0,0.0
2016-08-04 00:00:00+09:00,6295.501890120968,6384.484248991935,6184.273941532258,6206.51953125,55338,0.0,0.0
2016-08-05 00:00:00+09:00,6206.519919002757,6206.519919002757,6028.555190142463,6050.80078125,41724,0.0,0.0
2016-08-08 00:00:00+09:00,6162.028780184659,6162.028780184659,5917.327276278409,6117.53759765625,64936,0.0,0.0
2016-08-09 00:00:00+09:00,6050.800837862319,6184.274385756341,6050.800837862319,6139.783203125,28076,0.0,0.0
2016-08-10 00:00:00+09:00,6184.274852446396,6251.011631429631,6095.29248046875,6095.29248046875,36260,0.0,0.0
2016-08-11 00:00:00+09:00,6139.7833528419,6517.958414429987,6117.537760983776,6384.48486328125,204692,0.0,0.0
2016-08-12 00:00:00+09:00,6339.993596738768,6428.975963008786,6184.274455766237,6251.01123046875,91636,0.0,0.0
2016-08-16 00:00:00+09:00,5917.327503204346,6095.292240142822,5672.62598991394,5694.87158203125,319670,0.0,0.0
2016-08-17 00:00:00+09:00,5650.38031640625,5739.36268359375,5539.152357421875,5561.39794921875,107188,0.0,0.0
2016-08-18 00:00:00+09:00,5494.660796525413,5783.853470026751,5494.660796525413,5717.11669921875,82244,0.0,0.0
2016-08-19 00:00:00+09:00,5717.11669921875,5828.344650565418,5561.397567333414,5717.11669921875,64364,0.0,0.0
2016-08-22 00:00:00+09:00,5739.363175357681,5761.608769060617,5427.924863516566,5539.15283203125,145768,0.0,0.0
2016-08-23 00:00:00+09:00,5539.15283203125,5605.889613140061,5450.170457219503,5539.15283203125,52006,0.0,0.0
2016-08-24 00:00:00+09:00,5561.39790770496,5605.8890909666,5450.16994955086,5494.6611328125,51924,0.0,0.0
2016-08-25 00:00:00+09:00,5494.661018403504,5561.397791906381,5316.6962890625,5316.6962890625,80638,0.0,0.0
2016-08-26 00:00:00+09:00,5338.942488704819,5561.398425734187,5316.696895001883,5539.15283203125,66314,0.0,0.0
2016-08-29 00:00:00+09:00,5539.15179169324,5539.15179169324,5338.941485969388,5450.16943359375,69740,0.0,0.0
2016-08-30 00:00:00+09:00,5450.170422065548,5539.152796303353,5338.942454268293,5472.416015625,28264,0.0,0.0
2016-08-31 00:00:00+09:00,5539.152796303353,5561.398389862805,5383.433641387195,5472.416015625,43302,0.0,0.0
2016-09-01 00:00:00+09:00,5472.415023118623,5516.906202168368,5361.18707549426,5450.16943359375,54008,0.0,0.0
2016-09-02 00:00:00+09:00,5450.169963221396,5516.90673828125,5427.924371534778,5516.90673828125,30750,0.0,0.0
2016-09-05 00:00:00+09:00,5561.397962836155,5672.625922092878,5539.152370984811,5583.6435546875,42664,0.0,0.0
2016-09-06 00:00:00+09:00,5561.397962836155,5650.380330241534,5561.397962836155,5583.6435546875,29884,0.0,0.0
2016-09-07 00:00:00+09:00,5561.398425734187,5628.135206842997,5450.170457219503,5539.15283203125,39060,0.0,0.0
2016-09-08 00:00:00+09:00,5672.626441684165,5783.854411128953,5561.398472239378,5628.13525390625,116454,0.0,0.0
2016-09-09 00:00:00+09:00,5672.625328842475,5672.625328842475,5427.923844068878,5450.16943359375,33586,0.0,0.0
2016-09-12 00:00:00+09:00,5361.187542024206,5494.661090788294,5338.941950563524,5427.92431640625,38222,0.0,0.0
2016-09-13 00:00:00+09:00,5427.924828506098,5516.907202743902,5427.924828506098,5472.416015625,18456,0.0,0.0
2016-09-19 00:00:00+09:00,5472.41605092244,5650.380800545934,5472.41605092244,5539.15283203125,23708,0.0,0.0
2016-09-20 00:00:00+09:00,5494.661173828125,5650.38031640625,5472.41558203125,5561.39794921875,42324,0.0,0.0
2016-09-21 00:00:00+09:00,5539.152370984811,5605.889146538844,5494.661187282121,5583.6435546875,36558,0.0,0.0
2016-09-22 00:00:00+09:00,5605.888747872082,5739.362289488084,5605.888747872082,5717.11669921875,37794,0.0,0.0
2016-09-23 00:00:00+09:00,5717.117160692402,5761.608344822304,5605.889200367647,5672.6259765625,36046,0.0,0.0
2016-09-26 00:00:00+09:00,5717.11711968316,5717.11711968316,5516.906792534723,5605.88916015625,36908,0.0,0.0
2016-09-27 00:00:00+09:00,5516.906792534723,5628.134752061632,5494.661200629341,5605.88916015625,33792,0.0,0.0
2016-09-28 00:00:00+09:00,5628.134724609375,5694.8715,5539.152357421875,5561.39794921875,33872,0.0,0.0
2016-09-29 00:00:00+09:00,5583.644066128335,5628.13525390625,5539.15287835042,5628.13525390625,25730,0.0,0.0
2016-09-30 00:00:00+09:00,5628.134792432598,5672.6259765625,5561.398016237746,5672.6259765625,33300,0.0,0.0
2016-10-04 00:00:00+09:00,5717.11717414856,5739.362766265869,5650.380397796631,5694.87158203125,15410,0.0,0.0
2016-10-05 00:00:00+09:00,5739.362243171752,5739.362243171752,5628.134292722687,5650.3798828125,35614,0.0,0.0
2016-10-06 00:00:00+09:00,5650.3798828125,5717.116653081939,5516.906342273622,5650.3798828125,27846,0.0,0.0
2016-10-07 00:00:00+09:00,5650.380800545934,5650.380800545934,5494.6616446253765,5539.15283203125,22318,0.0,0.0
2016-10-10 00:00:00+09:00,5628.134752061632,5628.134752061632,5450.170016818576,5605.88916015625,31332,0.0,0.0
2016-10-11 00:00:00+09:00,5605.8891328125,5605.8891328125,5494.661173828125,5561.39794921875,11886,0.0,0.0
2016-10-12 00:00:00+09:00,5494.661173828125,5561.39794921875,5472.41558203125,5561.39794921875,8648,0.0,0.0
2016-10-13 00:00:00+09:00,5561.39790770496,5583.64349933578,5427.924357920041,5494.6611328125,17882,0.0,0.0
2016-10-14 00:00:00+09:00,5494.661146594633,5539.152329967868,5450.169963221396,5516.90673828125,2914,0.0,0.0
2016-10-17 00:00:00+09:00,5472.415470848399,5561.397836228048,5383.43310546875,5383.43310546875,32466,0.0,0.0
2016-10-18 00:00:00+09:00,5383.43310546875,5450.169879503487,5338.941922778926,5383.43310546875,41240,0.0,0.0
2016-10-19 00:00:00+09:00,5383.433531942247,5427.924718156646,5205.468787084652,5272.20556640625,112082,0.0,0.0
2016-10-20 00:00:00+09:00,5272.205063642082,5361.187427585408,5160.977108712924,5249.95947265625,37938,0.0,0.0
2016-10-21 00:00:00+09:00,5227.7138671875,5272.205049035904,5116.485912566489,5227.7138671875,33820,0.0,0.0
2016-10-24 00:00:00+09:00,5227.713428144696,5316.695784368435,5227.713428144696,5294.4501953125,36282,0.0,0.0
2016-10-25 00:00:00+09:00,5316.696752620649,5361.187938835048,5205.468787084652,5272.20556640625,32416,0.0,0.0
2016-10-26 00:00:00+09:00,5272.205106727249,5316.6962890625,5183.222742056747,5316.6962890625,15920,0.0,0.0
2016-10-27 00:00:00+09:00,5249.959638041834,5516.90673828125,5249.959638041834,5516.90673828125,37712,0.0,0.0
2016-10-28 00:00:00+09:00,5516.90673828125,5516.90673828125,5427.924371534778,5516.90673828125,4836,0.0,0.0
2016-10-31 00:00:00+09:00,5516.90672444332,5516.90672444332,5272.2052165043015,5494.6611328125,24244,0.0,0.0
2016-11-01 00:00:00+09:00,5383.433133484888,5583.643456631019,5383.433133484888,5427.92431640625,7834,0.0,0.0
2016-11-02 00:00:00+09:00,5361.187427585408,5494.660973500398,5205.4682906845865,5249.95947265625,31698,0.0,0.0
2016-11-03 00:00:00+09:00,5138.732007763054,5383.433531942247,5138.732007763054,5272.20556640625,20394,0.0,0.0
2016-11-04 00:00:00+09:00,5249.959557399277,5383.43310546875,5160.977192019628,5383.43310546875,16890,0.0,0.0
2016-11-07 00:00:00+09:00,5338.9419367283945,5405.6787109375,5249.959571116255,5405.6787109375,19486,0.0,0.0
2016-11-08 00:00:00+09:00,5383.433119534465,5561.397850758744,5338.9419367283945,5405.6787109375,24200,0.0,0.0
2016-11-09 00:00:00+09:00,5405.678724945568,5650.380231013063,5094.240444496029,5427.92431640625,65056,0.0,0.0
2016-11-10 00:00:00+09:00,5427.924357920041,5561.39790770496,5427.924357920041,5494.6611328125,18982,0.0,0.0
2016-11-11 00:00:00+09:00,5516.9067791334655,5583.6435546875,5427.924411728088,5583.6435546875,32586,0.0,0.0
2016-11-14 00:00:00+09:00,5628.134792432598,5717.117160692402,5583.6436083026965,5672.6259765625,28184,0.0,0.0
2016-11-15 00:00:00+09:00,5783.853950500488,5872.836318969727,5650.380397796631,5694.87158203125,79478,0.0,0.0
2016-11-16 00:00:00+09:00,5694.871527777778,5694.871527777778,5561.397976345486,5605.88916015625,68916,0.0,0.0
2016-11-17 00:00:00+09:00,5605.889315518466,5917.3276108250475,5561.3981304746685,5872.83642578125,49250,0.0,0.0
2016-11-18 00:00:00+09:00,5872.8359668703015,5961.818330004699,5761.608012952303,5917.3271484375,70654,0.0,0.0
2016-11-21 00:00:00+09:00,5961.818388310186,6073.046343315972,5783.853660300926,6006.3095703125,68374,0.0,0.0
2016-11-22 00:00:00+09:00,6050.800795558608,6206.519933679602,5984.0640220781825,6073.04638671875,100636,0.0,0.0
2016-11-23 00:00:00+09:00,6028.555612856975,6162.029168861189,5872.836464185393,5939.5732421875,84460,0.0,0.0
2016-11-24 00:00:00+09:00,5895.08251953125,6028.556086011203,5694.872169811321,5895.08251953125,91072,0.0,0.0
2016-11-25 00:00:00+09:00,5917.32766222598,5961.81884765625,5828.345291365439,5961.81884765625,35512,0.0,0.0
2016-11-28 00:00:00+09:00,5961.818834854868,5984.064427522238,5783.854093515917,5939.5732421875,33656,0.0,0.0
2016-11-29 00:00:00+09:00,5917.327192001627,6073.046328633248,5917.327192001627,5984.06396484375,26894,0.0,0.0
2016-11-30 00:00:00+09:00,6028.555146738499,6028.555146738499,5872.836010106877,5984.06396484375,26920,0.0,0.0
2016-12-01 00:00:00+09:00,6050.801205524344,6095.292390859082,5850.590871518024,5939.5732421875,28850,0.0,0.0
2016-12-02 00:00:00+09:00,6028.555026116499,6028.555026116499,5694.8711685823755,5806.09912109375,41648,0.0,0.0
2016-12-05 00:00:00+09:00,5717.117278127959,6006.3099809126425,5694.871685606061,5872.83642578125,26558,0.0,0.0
2016-12-06 00:00:00+09:00,5984.063829627404,5984.063829627404,5761.6079251802885,5783.853515625,26108,0.0,0.0
2016-12-07 00:00:00+09:00,5872.836399689885,6050.801139074428,5583.643698190004,5828.34521484375,58342,0.0,0.0
2016-12-08 00:00:00+09:00,5917.327058293269,5917.327058293269,5694.871153846154,5783.853515625,42348,0.0,0.0
2016-12-09 00:00:00+09:00,5828.344828212128,6006.309555791125,5672.625691580507,5984.06396484375,69446,0.0,0.0
2016-12-12 00:00:00+09:00,6028.55517578125,6050.800766835793,5895.081629453989,6028.55517578125,19824,0.0,0.0
2016-12-13 00:00:00+09:00,6073.046731497495,6073.046731497495,5761.608437574547,5828.34521484375,73010,0.0,0.0
2016-12-14 00:00:00+09:00,5872.8359226473385,5895.081513263427,5783.853560182985,5850.59033203125,17684,0.0,0.0
2016-12-15 00:00:00+09:00,5806.099194519502,5917.3271484375,5783.853603735903,5917.3271484375,36324,0.0,0.0
2016-12-16 00:00:00+09:00,6762.659696691176,6985.115607766544,5984.064007927389,6050.80078125,1836704,0.0,0.0
2016-12-19 00:00:00+09:00,6095.292034493457,6162.02880859375,5984.064077659635,6162.02880859375,247052,0.0,0.0
2016-12-20 00:00:00+09:00,6184.274852446396,6206.520445440808,6073.046887474339,6095.29248046875,143734,0.0,0.0
2016-12-21 00:00:00+09:00,6117.53761180933,6184.274385756341,6073.046429177989,6139.783203125,142522,0.0,0.0
2016-12-22 00:00:00+09:00,6139.783188920454,6184.274371448863,6050.800823863637,6117.53759765625,107646,0.0,0.0
2016-12-23 00:00:00+09:00,6095.291567136916,6184.27392578125,6073.045977475832,6184.27392578125,72292,0.0,0.0
2016-12-26 00:00:00+09:00,6206.519977072011,6295.502342334692,6117.53761180933,6139.783203125,154400,0.0,0.0
2016-12-27 00:00:00+09:00,6095.292089496219,6251.01123046875,6073.046497928714,6251.01123046875,279062,0.0,0.0
2016-12-28 00:00:00+09:00,6559.032446986607,6658.686254882812,6278.189897460938,6341.60595703125,139473,125.0,2.0
2016-12-29 00:00:00+09:00,6359.724831194196,6368.784268275669,6223.833274972098,6341.60595703125,29917,0.0,0.0
2017-01-02 00:00:00+09:00,6341.605128599017,6477.4966670689955,6323.486256803019,6450.318359375,61309,0.0,0.0
2017-01-03 00:00:00+09:00,6486.556286501918,6631.507264971235,6459.377978038921,6495.61572265625,64016,0.0,0.0
2017-01-04 00:00:00+09:00,6559.0317757365765,6559.0317757365765,6432.199669575924,6495.61572265625,48905,0.0,0.0
2017-01-05 00:00:00+09:00,6540.912854466164,6540.912854466164,6432.199621427945,6459.3779296875,38721,0.0,0.0
2017-01-06 00:00:00+09:00,6459.377795272999,6495.615538864993,6395.961743987008,6450.318359375,21710,0.0,0.0
2017-01-09 00:00:00+09:00,6513.734594964915,6531.85346727358,6414.08079726726,6495.61572265625,31477,0.0,0.0
2017-01-10 00:00:00+09:00,6522.794117647059,6522.794117647059,6423.14031862745,6468.4375,19220,0.0,0.0
2017-01-11 00:00:00+09:00,6468.438077551506,6568.091885468966,6432.200329217884,6540.91357421875,28952,0.0,0.0
2017-01-12 00:00:00+09:00,6613.388981681035,6613.388981681035,6495.616301185345,6568.091796875,55888,0.0,0.0
2017-01-13 00:00:00+09:00,6604.329202743775,7175.073701746323,6568.091456775359,6776.45849609375,173337,0.0,0.0
2017-01-16 00:00:00+09:00,6885.172275641025,6885.172275641025,6586.210847882929,6713.04296875,66051,0.0,0.0
2017-01-17 00:00:00+09:00,6613.388245857803,6848.9335806417785,6522.793886325504,6749.27978515625,80484,0.0,0.0
2017-01-18 00:00:00+09:00,6749.280583562078,6758.340020586994,6613.389028188345,6703.9833984375,37188,0.0,0.0
2017-01-19 00:00:00+09:00,6531.853418379646,6595.269470985274,6414.080749254909,6459.3779296875,173307,0.0,0.0
2017-01-20 00:00:00+09:00,6450.319154881387,6504.675776973084,6169.476607407619,6205.71435546875,149871,0.0,0.0
2017-01-23 00:00:00+09:00,6160.416234559366,6359.72381861864,6078.881313807845,6142.29736328125,142175,0.0,0.0
2017-01-24 00:00:00+09:00,6078.882015792576,6205.714129385864,6078.882015792576,6124.17919921875,99437,0.0,0.0
2017-01-25 00:00:00+09:00,6142.298072589219,6260.070749497273,6097.000889163046,6124.17919921875,149515,0.0,0.0
2017-01-26 00:00:00+09:00,6133.23860067318,6314.427333337086,6106.060290773595,6287.2490234375,55583,0.0,0.0
2017-01-31 00:00:00+09:00,6205.713931055511,6441.25927734375,6196.65449465981,6441.25927734375,149038,0.0,0.0
2017-02-01 00:00:00+09:00,6477.497429225756,7048.241957954738,6459.378555297852,6667.74560546875,486646,0.0,0.0
2017-02-02 00:00:00+09:00,6731.161073789492,6731.161073789492,6595.26953125,6595.26953125,96334,0.0,0.0
2017-02-03 00:00:00+09:00,6658.685435716001,6658.685435716001,6441.258972508947,6486.55615234375,76328,0.0,0.0
2017-02-06 00:00:00+09:00,6522.794165651115,6640.566838086482,6450.3186749216575,6504.67529296875,105738,0.0,0.0
2017-02-07 00:00:00+09:00,6450.318493600982,6531.853418379646,6296.308080130172,6459.3779296875,93703,0.0,0.0
2017-02-08 00:00:00+09:00,6450.31875332919,6459.378189780496,6296.308333657005,6377.84326171875,71129,0.0,0.0
2017-02-09 00:00:00+09:00,6377.8437948350065,6395.9626692521515,6241.95223670642,6314.427734375,38143,0.0,0.0
2017-02-10 00:00:00+09:00,6323.486729337554,6405.021658512393,6296.3084196126065,6350.6650390625,42850,0.0,0.0
2017-02-13 00:00:00+09:00,6350.664685023816,6377.8429932336185,6251.010888254541,6359.72412109375,46749,0.0,0.0
2017-02-14 00:00:00+09:00,6395.962490553877,6405.021927509335,6305.368120999289,6368.7841796875,48103,0.0,0.0
2017-02-15 00:00:00+09:00,6350.664685023816,6386.902429303553,6323.486376814014,6359.72412109375,38803,0.0,0.0
2017-02-16 00:00:00+09:00,6359.724831194196,6459.3786390904015,6305.368208705357,6341.60595703125,133828,0.0,0.0
2017-02-17 00:00:00+09:00,6314.427734375,6350.665483209289,6287.2494227492825,6314.427734375,29934,0.0,0.0
2017-02-20 00:00:00+09:00,6287.248976732337,6341.605596127717,6223.832920771059,6251.01123046875,63396,0.0,0.0
2017-02-21 00:00:00+09:00,6232.89227092352,6287.248889565296,6187.5950887220415,6278.189453125,53689,0.0,0.0
2017-02-22 00:00:00+09:00,6341.605128599017,6513.73441066099,6305.367385007023,6450.318359375,81383,0.0,0.0
2017-02-23 00:00:00+09:00,6386.902965513234,6468.437896987872,6350.665218191173,6395.96240234375,36383,0.0,0.0
2017-02-24 00:00:00+09:00,6432.19996823734,6432.19996823734,6323.486729337554,6350.6650390625,30410,0.0,0.0
2017-02-27 00:00:00+09:00,6350.66539340303,6423.140890046716,6205.714400115657,6241.9521484375,53034,0.0,0.0
2017-02-28 00:00:00+09:00,6241.952237410032,6305.368297877187,5979.228558331815,6214.77392578125,62371,0.0,0.0
2017-03-02 00:00:00+09:00,6142.297765521751,6214.773255380414,6115.119456824752,6169.47607421875,39219,0.0,0.0
2017-03-03 00:00:00+09:00,6169.476382644924,6223.833002756333,5988.287648940228,6124.17919921875,56056,0.0,0.0
2017-03-06 00:00:00+09:00,6124.178423713235,6151.356730327348,5979.2274551046385,6006.40576171875,56225,0.0,0.0
2017-03-07 00:00:00+09:00,5979.227371903154,6106.059467670796,5970.167936491179,6033.583984375,29115,0.0,0.0
2017-03-08 00:00:00+09:00,6033.585006121735,6124.179375583022,5979.228384444963,6069.82275390625,53048,0.0,0.0
2017-03-09 00:00:00+09:00,6069.822842485008,6106.060590798351,5970.169034623314,6042.64453125,59231,0.0,0.0
2017-03-10 00:00:00+09:00,6051.703271484374,6196.654248046875,5970.168347167969,6160.41650390625,69892,0.0,0.0
2017-03-13 00:00:00+09:00,6160.416811342592,6205.713993778935,5979.228081597223,6115.11962890625,61723,0.0,0.0
2017-03-14 00:00:00+09:00,6115.119895766017,6160.417080179099,6060.76327447032,6133.23876953125,25756,0.0,0.0
2017-03-15 00:00:00+09:00,6115.120027876687,6160.417213268366,6033.585094171664,6042.64453125,31781,0.0,0.0
2017-03-16 00:00:00+09:00,6015.465430850075,6133.238097417922,5970.168251400903,6087.94091796875,72444,0.0,0.0
2017-03-17 00:00:00+09:00,6087.94145247781,6124.17919921875,6006.406522310697,6124.17919921875,48461,0.0,0.0
2017-03-20 00:00:00+09:00,6042.644137008102,6124.179065393519,6015.465827546296,6115.11962890625,36303,0.0,0.0
2017-03-21 00:00:00+09:00,6106.060499454667,6106.060499454667,5942.990634484067,5970.1689453125,110265,0.0,0.0
2017-03-22 00:00:00+09:00,5933.931064779635,6024.525432180851,5933.931064779635,5961.109375,49320,0.0,0.0
2017-03-23 00:00:00+09:00,5961.108787560096,5997.346530949519,5888.63330078125,5888.63330078125,56816,0.0,0.0
2017-03-24 00:00:00+09:00,5888.634232008657,5970.169167528777,5825.218171048564,5952.05029296875,32301,0.0,0.0
2017-03-27 00:00:00+09:00,5952.049622705378,5952.049622705378,5852.395823847297,5906.75244140625,44183,0.0,0.0
2017-03-28 00:00:00+09:00,5906.752307147658,6015.465539794547,5834.276818716398,5897.69287109375,78702,0.0,0.0
2017-03-29 00:00:00+09:00,5897.69353727015,5942.99072265625,5879.574663115711,5942.99072265625,29774,0.0,0.0
2017-03-30 00:00:00+09:00,5933.9311997143195,6087.941627798507,5924.871762768191,6069.82275390625,48738,0.0,0.0
2017-03-31 00:00:00+09:00,6069.82275390625,6106.060501690765,5979.228384444963,6069.82275390625,67099,0.0,0.0
2017-04-03 00:00:00+09:00,6069.82213132941,6087.941003363228,6006.406079211043,6060.7626953125,31986,0.0,0.0
2017-04-04 00:00:00+09:00,6106.060232562219,6106.060232562219,6033.5847401875935,6051.70361328125,42886,0.0,0.0
2017-04-05 00:00:00+09:00,6051.703969747823,6278.189896759343,6033.585095586901,6241.9521484375,121421,0.0,0.0
2017-04-06 00:00:00+09:00,6260.070977560446,6278.1898515910125,6160.417170392336,6205.71435546875,73357,0.0,0.0
2017-04-07 00:00:00+09:00,6251.011143804112,6314.427198886183,6151.357342960859,6278.189453125,57318,0.0,0.0
2017-04-10 00:00:00+09:00,6278.189135422353,6341.605187295306,6124.178723730895,6223.83251953125,61058,0.0,0.0
2017-04-11 00:00:00+09:00,6205.714180224539,6269.130237540701,6124.179249389472,6260.07080078125,42477,0.0,0.0
2017-04-12 00:00:00+09:00,6296.308636332667,6296.308636332667,6178.535956804142,6232.892578125,31100,0.0,0.0
2017-04-13 00:00:00+09:00,6251.01123046875,6287.248976732337,6160.416864809783,6251.01123046875,28613,0.0,0.0
2017-04-14 00:00:00+09:00,6251.011540545164,6278.1898515910125,6133.238859346487,6205.71435546875,44653,0.0,0.0
2017-04-17 00:00:00+09:00,6205.714093738743,6314.427333337086,6124.179164039985,6287.2490234375,64999,0.0,0.0
2017-04-18 00:00:00+09:00,6332.546206603476,6332.546206603476,6223.8329670051335,6287.2490234375,39948,0.0,0.0
2017-04-19 00:00:00+09:00,6278.189125103658,6495.615588310711,6278.189125103658,6486.55615234375,197033,0.0,0.0
2017-04-20 00:00:00+09:00,6486.556313707081,6486.556313707081,6332.5458984375,6332.5458984375,70868,0.0,0.0
2017-04-21 00:00:00+09:00,6332.5458984375,6405.021387976127,6269.129845091202,6332.5458984375,43646,0.0,0.0
2017-04-24 00:00:00+09:00,6359.724516503062,6359.724516503062,6260.070713537914,6287.2490234375,44100,0.0,0.0
2017-04-25 00:00:00+09:00,6241.952236024673,6441.259854591499,6241.952236024673,6414.08154296875,106091,0.0,0.0
2017-04-26 00:00:00+09:00,6350.664913386735,6486.556459322257,6350.664913386735,6441.25927734375,63958,0.0,0.0
2017-04-27 00:00:00+09:00,6477.497245239774,6477.497245239774,6377.8434414668545,6423.140625,52878,0.0,0.0
2017-04-28 00:00:00+09:00,6423.140185341427,6468.437365774019,6386.9024409953545,6459.3779296875,41082,0.0,0.0
2017-05-02 00:00:00+09:00,6495.615847661775,6495.615847661775,6405.021484375,6405.021484375,42020,0.0,0.0
2017-05-04 00:00:00+09:00,6405.021446078431,6468.4375,6377.843137254901,6468.4375,28367,0.0,0.0
2017-05-08 00:00:00+09:00,6468.437726919087,6549.97265625,6432.199980549793,6549.97265625,96105,0.0,0.0
2017-05-10 00:00:00+09:00,6559.0316400794345,6559.0316400794345,6432.199536541987,6486.55615234375,88078,0.0,0.0
2017-05-11 00:00:00+09:00,6522.794252622377,6522.794252622377,6386.902705692744,6477.4970703125,52476,0.0,0.0
2017-05-12 00:00:00+09:00,6486.556864224138,6595.270107758621,6432.200242456897,6568.091796875,60082,0.0,0.0
2017-05-15 00:00:00+09:00,6577.150649269029,7990.422689607828,6549.972340800975,7320.0244140625,6710185,0.0,0.0
2017-05-16 00:00:00+09:00,7292.84603220993,7474.034753507071,7175.073363366789,7446.8564453125,889110,0.0,0.0
2017-05-17 00:00:00+09:00,7446.856656559024,7609.926510352287,7256.608493800216,7329.083984375,558526,0.0,0.0
2017-05-18 00:00:00+09:00,7256.60867257083,7455.91627656154,7247.549236025799,7374.38134765625,299231,0.0,0.0
2017-05-19 00:00:00+09:00,7609.9268141960165,8470.573299134852,7492.15413730965,7845.47216796875,3627496,0.0,0.0
2017-05-22 00:00:00+09:00,7927.007225984652,8090.077088919194,7573.689189626479,7655.22412109375,660592,0.0,0.0
2017-05-23 00:00:00+09:00,7727.69970703125,7782.0563286516335,7546.510968296637,7727.69970703125,239650,0.0,0.0
2017-05-24 00:00:00+09:00,7727.700247356848,8099.137187733907,7537.452058383233,7564.63037109375,484065,0.0,0.0
2017-05-25 00:00:00+09:00,7673.343261718749,7963.245250355113,7537.451704545454,7872.65087890625,363305,0.0,0.0
2017-05-26 00:00:00+09:00,7872.650122549019,7917.947303921568,7754.877450980392,7854.53125,157725,0.0,0.0
2017-05-29 00:00:00+09:00,7818.293599330357,7990.422890625,7709.580362723214,7927.0068359375,219751,0.0,0.0
2017-05-30 00:00:00+09:00,7890.768667156777,8062.89794921875,7809.23374407479,8062.89794921875,204659,0.0,0.0
2017-05-31 00:00:00+09:00,8081.017444409372,8198.790120168702,7999.482515037528,8071.9580078125,210864,0.0,0.0
2017-06-01 00:00:00+09:00,8135.3740578391335,8370.919409179687,7908.888143088601,7972.30419921875,316163,0.0,0.0
2017-06-02 00:00:00+09:00,7972.304474043715,8398.09800845287,7899.828978825137,8289.384765625,365565,0.0,0.0
2017-06-05 00:00:00+09:00,8280.324696757338,8343.740750233597,8153.492589804818,8180.6708984375,145470,0.0,0.0
2017-06-07 00:00:00+09:00,8081.017377966558,8398.09765625,8062.898504921791,8398.09765625,164541,0.0,0.0
2017-06-08 00:00:00+09:00,8398.097298109828,8823.890796503745,8244.086883797134,8769.5341796875,406647,0.0,0.0
2017-06-09 00:00:00+09:00,8796.712488095623,8941.663466272275,8615.523765374806,8769.5341796875,226725,0.0,0.0
2017-06-12 00:00:00+09:00,8769.533745897155,8787.652617272975,8207.848733246718,8280.32421875,485786,0.0,0.0
2017-06-13 00:00:00+09:00,8180.670426182986,8361.859139941193,8144.432683431346,8280.32421875,137905,0.0,0.0
2017-06-14 00:00:00+09:00,8334.682397434139,8343.741834822653,8198.790836606408,8253.1474609375,110921,0.0,0.0
2017-06-15 00:00:00+09:00,8316.561690481085,8515.869269120067,8253.14564273232,8262.205078125,160979,0.0,0.0
2017-06-16 00:00:00+09:00,8271.264814327926,8479.6318359375,8262.20537860577,8479.6318359375,101529,0.0,0.0
2017-06-19 00:00:00+09:00,8515.871085810468,9014.140138703633,8425.276712557165,8914.486328125,292448,0.0,0.0
2017-06-20 00:00:00+09:00,9041.316950234455,9059.43582187821,8769.533875578109,8814.8310546875,105739,0.0,0.0
2017-06-21 00:00:00+09:00,8878.248038719988,8905.426349042602,8561.167751622846,8678.9404296875,114399,0.0,0.0
2017-06-22 00:00:00+09:00,8914.486328125,9059.437325330284,8660.822083015752,8914.486328125,161456,0.0,0.0
2017-06-23 00:00:00+09:00,8914.486328125,9005.080701378301,8814.832517546367,8914.486328125,73032,0.0,0.0
2017-06-26 00:00:00+09:00,8787.653986378205,8887.307794471155,8606.465244391025,8832.951171875,86761,0.0,0.0
2017-06-27 00:00:00+09:00,8878.24693564862,8878.24693564862,8642.701608784473,8869.1875,54858,0.0,0.0
2017-06-28 00:00:00+09:00,8851.070224821013,8932.605160361842,8651.7626046101,8778.5947265625,66608,0.0,0.0
2017-06-29 00:00:00+09:00,8869.18824802674,8869.18824802674,8624.583464884021,8787.6533203125,29576,0.0,0.0
2017-06-30 00:00:00+09:00,8787.654073383084,9104.734375,8706.119138681592,9104.734375,152596,0.0,0.0
2017-07-03 00:00:00+09:00,9104.731905150182,9421.812120752427,8996.018688372269,9331.2177734375,185695,0.0,0.0
2017-07-04 00:00:00+09:00,9285.92264427329,10191.866316885318,9195.328277012088,9603.0029296875,336441,0.0,0.0
2017-07-05 00:00:00+09:00,9693.59739643062,9920.08331690797,9648.300212335149,9874.7861328125,167532,0.0,0.0
2017-07-06 00:00:00+09:00,10010.677625868057,10735.432567107371,9965.380442040598,10599.541015625,639075,0.0,0.0
2017-07-07 00:00:00+09:00,10373.054631326051,10508.946176714602,10237.1630859375,10237.1630859375,167684,0.0,0.0
2017-07-10 00:00:00+09:00,10418.352491740088,10690.135600220265,9920.083459526431,10282.4609375,312363,0.0,0.0
2017-07-11 00:00:00+09:00,10373.054631326051,10508.946176714602,10055.974358752765,10237.1630859375,144054,0.0,0.0
2017-07-12 00:00:00+09:00,10373.05548405098,10373.05548405098,9738.894886772754,9829.4892578125,340442,0.0,0.0
2017-07-13 00:00:00+09:00,10010.676454286317,10327.756703969593,9965.379275760135,10055.9736328125,206397,0.0,0.0
2017-07-14 00:00:00+09:00,9965.380394345239,10690.1353321158,9965.380394345239,10463.6494140625,324013,0.0,0.0
2017-07-17 00:00:00+09:00,10508.946233624454,10599.540597707424,10191.865959334062,10373.0546875,128864,0.0,0.0
2017-07-18 00:00:00+09:00,10418.352422518004,11143.107373649691,10327.758053626543,11007.2158203125,353068,0.0,0.0
2017-07-19 00:00:00+09:00,11052.513052591463,11686.67363757622,10871.32431402439,11143.107421875,346910,0.0,0.0
2017-07-20 00:00:00+09:00,11143.107688210226,11188.404873934658,10780.730202414772,10961.9189453125,164972,0.0,0.0
2017-07-21 00:00:00+09:00,10961.918132158864,11505.484320530379,10871.323767430278,11369.5927734375,156268,0.0,0.0
2017-07-24 00:00:00+09:00,11460.187138166086,11550.781502894672,11052.51249688745,11369.5927734375,99992,0.0,0.0
2017-07-25 00:00:00+09:00,11460.187714367377,11505.484899009145,11007.215867949695,11143.107421875,83568,0.0,0.0
2017-07-26 00:00:00+09:00,11052.51314484127,11460.187810019841,11052.51314484127,11414.890625,128300,0.0,0.0
2017-07-27 00:00:00+09:00,11414.889288651315,12502.021601856202,11324.294929217574,12049.0498046875,561310,0.0,0.0
2017-07-28 00:00:00+09:00,12049.051042163645,12094.34822653268,11641.376382842318,11867.8623046875,182546,0.0,0.0
2017-07-31 00:00:00+09:00,11867.862457540761,11867.862457540761,10373.055354110054,10418.3525390625,545221,0.0,0.0
2017-08-01 00:00:00+09:00,10508.945507002076,11007.214475006484,10191.865254635633,10916.6201171875,229585,0.0,0.0
2017-08-02 00:00:00+09:00,10916.621544772841,11550.782132435994,10780.729990273594,11278.9990234375,198038,0.0,0.0
2017-08-03 00:00:00+09:00,11278.99919913703,11324.296384675732,10191.86674620816,10826.02734375,231246,0.0,0.0
2017-08-04 00:00:00+09:00,10826.027034505209,11052.512955729166,10599.54111328125,10871.32421875,103825,0.0,0.0
2017-08-07 00:00:00+09:00,10961.917274305555,11007.214453125,9965.379340277777,10191.865234375,268053,0.0,0.0
2017-08-08 00:00:00+09:00,10146.568055555555,10327.756770833334,9784.190625,10191.865234375,152692,0.0,0.0
2017-08-09 00:00:00+09:00,10010.67768509891,10282.460789671732,9693.59739643062,9874.7861328125,133639,0.0,0.0
2017-08-10 00:00:00+09:00,9784.192159473094,10146.569646860988,9557.706229855661,10101.2724609375,137377,0.0,0.0
2017-08-11 00:00:00+09:00,9784.191764621559,9920.08331690797,9603.003028239678,9874.7861328125,143814,0.0,0.0
2017-08-14 00:00:00+09:00,9784.191725127552,10055.974828603317,8787.653679049745,8878.248046875,430386,0.0,0.0
2017-08-16 00:00:00+09:00,9014.139230629833,9195.3279588837,8488.691918693621,8787.6533203125,635295,0.0,0.0
2017-08-17 00:00:00+09:00,8796.71208306347,8869.187568814767,8642.701675841969,8742.35546875,204891,0.0,0.0
2017-08-18 00:00:00+09:00,8651.762385050455,8760.475629679362,8561.168014526367,8697.0595703125,165401,0.0,0.0
2017-08-21 00:00:00+09:00,8860.129618710691,8860.129618710691,8642.703125,8642.703125,136786,0.0,0.0
2017-08-22 00:00:00+09:00,8724.237716584159,9240.62561881188,8706.118842821783,9150.03125,452084,0.0,0.0
2017-08-23 00:00:00+09:00,9331.21861328125,9376.515791015625,8968.841191406249,9059.435546875,201910,0.0,0.0
2017-08-24 00:00:00+09:00,9059.435546875,9240.6242578125,8905.425142578124,9059.435546875,186044,0.0,0.0
2017-08-25 00:00:00+09:00,9150.029078807645,9512.406468067355,9104.731905150182,9331.2177734375,194536,0.0,0.0
2017-08-28 00:00:00+09:00,9331.220129220972,9784.191980154028,9285.922944127666,9557.7060546875,248074,0.0,0.0
2017-08-29 00:00:00+09:00,9512.408511513158,9648.300061677632,9331.219777960527,9467.111328125,128903,0.0,0.0
2017-08-30 00:00:00+09:00,9512.408752441406,10237.163705008372,9512.408752441406,10146.5693359375,305101,0.0,0.0
2017-08-31 00:00:00+09:00,10191.865234375,10327.756770833334,9965.379340277777,10191.865234375,161197,0.0,0.0
2017-09-01 00:00:00+09:00,10191.866471648756,10191.866471648756,9874.786181419684,10010.677734375,128218,0.0,0.0
2017-09-04 00:00:00+09:00,9421.81458813364,10010.677999891994,9421.81458813364,9829.4892578125,139690,0.0,0.0
2017-09-05 00:00:00+09:00,9829.486707156108,9965.378228453197,9557.70366456193,9920.0810546875,121835,0.0,0.0
2017-09-06 00:00:00+09:00,9920.081997575431,10508.9453125,9829.48764143319,10508.9453125,297919,0.0,0.0
2017-09-07 00:00:00+09:00,10508.946647970086,10871.324118589744,10327.757912660256,10599.541015625,249556,0.0,0.0
2017-09-08 00:00:00+09:00,10508.947044979079,10961.918900366109,10373.05548836297,10826.02734375,236472,0.0,0.0
2017-09-11 00:00:00+09:00,10916.621451421039,11324.296111432614,10871.324266975309,11007.2158203125,337192,0.0,0.0
2017-09-12 00:00:00+09:00,11143.106203125,11369.5921015625,10916.6203046875,11324.294921875,218134,0.0,0.0
2017-09-13 00:00:00+09:00,11505.48494760291,11596.079317269076,11233.701838604416,11278.9990234375,216245,0.0,0.0
2017-09-14 00:00:00+09:00,11188.404043980328,11414.889955801793,11097.809679251743,11369.5927734375,102608,0.0,0.0
2017-09-15 00:00:00+09:00,11324.295536164314,11460.187082598286,11143.106807585686,11233.701171875,104956,0.0,0.0
2017-09-18 00:00:00+09:00,11097.81028410517,11550.782132435994,10735.432805440512,11278.9990234375,377895,0.0,0.0
2017-09-19 00:00:00+09:00,11369.591972976434,11369.591972976434,10871.32300204918,11052.51171875,148259,0.0,0.0
2017-09-20 00:00:00+09:00,11007.21599215397,11052.513177306868,10463.649770319205,10554.244140625,209254,0.0,0.0
2017-09-21 00:00:00+09:00,10508.946955472104,10735.432881236587,10327.758214860514,10554.244140625,106946,0.0,0.0
2017-09-25 00:00:00+09:00,10146.568722345133,10463.648994918418,9829.488449771847,10237.1630859375,131566,0.0,0.0
2017-09-26 00:00:00+09:00,10101.27199352297,10690.135383279914,10101.27199352297,10599.541015625,100803,0.0,0.0
2017-09-27 00:00:00+09:00,10599.541325777896,10826.027251542382,10418.352585166309,10554.244140625,84951,0.0,0.0
2017-09-28 00:00:00+09:00,10644.83697971376,10780.728515625,10418.35108652836,10780.728515625,50179,0.0,0.0
2017-09-29 00:00:00+09:00,10690.135600220265,10780.729969713657,10237.163752753304,10282.4609375,107829,0.0,0.0
2017-10-10 00:00:00+09:00,10237.163655967195,10418.35239324095,9784.191812782807,10010.677734375,132584,0.0,0.0
2017-10-11 00:00:00+09:00,10146.569383259912,10373.055306993392,10010.677829019824,10282.4609375,54052,0.0,0.0
2017-10-12 00:00:00+09:00,10327.756770833334,10327.756770833334,10055.973697916666,10191.865234375,64488,0.0,0.0
2017-10-13 00:00:00+09:00,10191.866741971486,10237.16392749136,9693.59770125288,9829.4892578125,110882,0.0,0.0
2017-10-16 00:00:00+09:00,9829.4866836696,9829.4866836696,9331.2177734375,9331.2177734375,173024,0.0,0.0
2017-10-17 00:00:00+09:00,9331.219475446429,9874.785658482144,9331.219475446429,9512.408203125,114958,0.0,0.0
2017-10-18 00:00:00+09:00,9557.705385044643,9693.596930803571,9421.813839285714,9512.408203125,66271,0.0,0.0
2017-10-19 00:00:00+09:00,9512.408915011683,9784.19202686916,9512.408915011683,9693.59765625,27646,0.0,0.0
2017-10-20 00:00:00+09:00,9693.596930803571,9693.596930803571,9467.111021205357,9512.408203125,38984,0.0,0.0
2017-10-23 00:00:00+09:00,9512.408511513158,9603.002878289473,9376.516961348685,9467.111328125,24640,0.0,0.0
2017-10-24 00:00:00+09:00,9512.408915011683,9784.19202686916,9331.220173773365,9693.59765625,46277,0.0,0.0
2017-10-25 00:00:00+09:00,9829.488898982558,9829.488898982558,9557.705795784883,9738.89453125,33105,0.0,0.0
2017-10-26 00:00:00+09:00,9738.894112723216,9738.894112723216,9467.111021205357,9512.408203125,34577,0.0,0.0
2017-10-27 00:00:00+09:00,9603.001751077587,9648.298929148707,9050.376178609915,9195.3271484375,138532,0.0,0.0
2017-10-30 00:00:00+09:00,9195.328746890547,9240.625932835821,9005.080565920398,9104.734375,91378,0.0,0.0
2017-10-31 00:00:00+09:00,9195.328790402878,9331.22034888174,9041.318357460172,9240.6259765625,33845,0.0,0.0
2017-11-01 00:00:00+09:00,9240.62566692073,9376.517220846035,9059.436928353658,9285.9228515625,40621,0.0,0.0
2017-11-02 00:00:00+09:00,9195.328790402878,9285.92316272212,9104.734418083639,9240.6259765625,18330,0.0,0.0
2017-11-03 00:00:00+09:00,9195.3271484375,9240.624326508621,9059.435614224138,9195.3271484375,53399,0.0,0.0
2017-11-06 00:00:00+09:00,9240.62561881188,9240.62561881188,9059.43688118812,9150.03125,42608,0.0,0.0
2017-11-07 00:00:00+09:00,9150.02993887442,9829.48760760272,9104.732760959201,9784.1904296875,127740,0.0,0.0
2017-11-08 00:00:00+09:00,9784.191351232395,9829.488533414025,9557.705440324238,9648.2998046875,57628,0.0,0.0
2017-11-09 00:00:00+09:00,9648.300113318102,9693.597296948703,9331.219827903891,9603.0029296875,60310,0.0,0.0
2017-11-10 00:00:00+09:00,9512.408611918605,9829.488898982558,9467.111428052325,9738.89453125,50127,0.0,0.0
2017-11-13 00:00:00+09:00,9829.48760760272,9874.784785517939,9603.00171802662,9784.1904296875,42827,0.0,0.0
2017-11-14 00:00:00+09:00,10690.134024784484,11596.077586206897,10327.756600215518,10508.9453125,800358,0.0,0.0
2017-11-15 00:00:00+09:00,10508.946343085106,10780.729438164894,10373.054795545213,10644.837890625,216819,0.0,0.0
2017-11-16 00:00:00+09:00,10554.243525598404,10871.32380319149,10554.243525598404,10644.837890625,101461,0.0,0.0
2017-11-17 00:00:00+09:00,10780.729438164894,10780.729438164894,10418.35197805851,10644.837890625,85382,0.0,0.0
2017-11-20 00:00:00+09:00,10735.432760099085,11233.701791158535,10690.135575457316,11143.107421875,171319,0.0,0.0
2017-11-21 00:00:00+09:00,11188.403989730343,11233.701171875,10735.432168283769,11233.701171875,115394,0.0,0.0
2017-11-22 00:00:00+09:00,11097.81028410517,11278.9990234375,10961.918729605923,11278.9990234375,144445,0.0,0.0
2017-11-23 00:00:00+09:00,11278.998861305501,11867.862255670849,11052.512940395753,11731.970703125,293396,0.0,0.0
2017-11-24 00:00:00+09:00,11596.07794676806,12184.941280002377,11550.780767288497,11913.158203125,113470,0.0,0.0
2017-11-27 00:00:00+09:00,12003.752562084126,12184.941280002377,11641.375126247623,11913.158203125,69320,0.0,0.0
2017-11-28 00:00:00+09:00,11777.26671875,12003.7526171875,11324.294921875,11324.294921875,145118,0.0,0.0
2017-11-29 00:00:00+09:00,11278.998907890029,11913.159489056536,11188.404539151956,11867.8623046875,137384,0.0,0.0
2017-11-30 00:00:00+09:00,11641.376429834905,12184.942644457547,11641.376429834905,12003.75390625,147334,0.0,0.0
2017-12-01 00:00:00+09:00,11867.86235259434,12094.348275353774,11822.565168042453,12003.75390625,39752,0.0,0.0
2017-12-04 00:00:00+09:00,12139.64416412124,12230.238523554981,11731.969546669408,12049.0498046875,47878,0.0,0.0
2017-12-05 00:00:00+09:00,12049.050632642662,12773.805557914402,11913.159084154211,12502.0224609375,164069,0.0,0.0
2017-12-06 00:00:00+09:00,12547.319589915292,13181.480146806318,12320.833676739927,12366.130859375,123885,0.0,0.0
2017-12-07 00:00:00+09:00,12502.022867548932,13272.075000695062,12502.022867548932,12728.5087890625,232652,0.0,0.0
2017-12-08 00:00:00+09:00,12864.39992357337,13045.588654891304,12184.942181131115,12502.0224609375,100271,0.0,0.0
2017-12-11 00:00:00+09:00,12366.131218039773,12547.319953835227,12094.34811434659,12456.7255859375,89832,0.0,0.0
2017-12-12 00:00:00+09:00,12456.72466909285,12637.913391552383,12094.347224173785,12592.6162109375,82189,0.0,0.0
2017-12-13 00:00:00+09:00,12592.616603042141,12728.508149118134,11777.267326586174,11958.4560546875,155430,0.0,0.0
2017-12-14 00:00:00+09:00,12139.645459905661,12139.645459905661,11822.565168042453,12003.75390625,59885,0.0,0.0
2017-12-15 00:00:00+09:00,11867.861085820019,12094.34698440437,11777.266726386279,12049.0498046875,37889,0.0,0.0
2017-12-18 00:00:00+09:00,12049.049866403346,12411.427305994424,11958.455506505576,12184.94140625,63093,0.0,0.0
2017-12-19 00:00:00+09:00,12094.34811434659,12547.319953835227,12049.050930397727,12456.7255859375,71069,0.0,0.0
2017-12-21 00:00:00+09:00,11777.266786710037,12411.427305994424,11777.266786710037,12184.94140625,91354,0.0,0.0
2017-12-22 00:00:00+09:00,12049.050226303045,12366.130495416282,12049.050226303045,12275.5361328125,89636,0.0,0.0
2017-12-26 00:00:00+09:00,12275.535573167066,12683.210186298076,11777.2666015625,11777.2666015625,161204,0.0,0.0
2017-12-27 00:00:00+09:00,12035.501290203012,12681.08373488823,11989.388258439782,12634.970703125,99873,230.0,0.0
2017-12-28 00:00:00+09:00,12634.970200482538,12819.422320197611,12173.839901194853,12542.744140625,63923,0.0,0.0
2018-01-02 00:00:00+09:00,12450.51857607208,12634.970703125,12358.29251254562,12634.970703125,53214,0.0,0.0
2018-01-03 00:00:00+09:00,12588.856111852134,13280.55150261324,12588.856111852134,13234.4384765625,114837,0.0,0.0
2018-01-04 00:00:00+09:00,13465.004799107144,13465.004799107144,12773.309347098215,12911.6484375,78466,0.0,0.0
2018-01-05 00:00:00+09:00,12911.648185483871,13049.987273185483,12588.856980846775,12865.53515625,37843,0.0,0.0
2018-01-08 00:00:00+09:00,12957.76118252841,13142.213299005682,12358.291803977272,12681.0830078125,79047,0.0,0.0
2018-01-09 00:00:00+09:00,12681.083039314515,12957.761214717742,12219.952746975807,12865.53515625,53281,0.0,0.0
2018-01-10 00:00:00+09:00,12911.648380055147,12911.648380055147,12404.405050838695,12542.744140625,52125,0.0,0.0
2018-01-11 00:00:00+09:00,12450.518022017046,12865.535289417614,12127.726814038826,12173.83984375,88010,0.0,0.0
2018-01-12 00:00:00+09:00,12358.291962594696,12358.291962594696,11943.274695194128,12173.83984375,76713,0.0,0.0
2018-01-15 00:00:00+09:00,12404.404801372233,12496.630859375,12035.500569361162,12496.630859375,35866,0.0,0.0
2018-01-16 00:00:00+09:00,12496.631360176283,12588.857421875,12358.292267628205,12588.857421875,48741,0.0,0.0
2018-01-17 00:00:00+09:00,12727.195510451858,13649.4560546875,12727.195510451858,13649.4560546875,193286,0.0,0.0
2018-01-18 00:00:00+09:00,13833.908345047577,13833.908345047577,13234.438983428849,13326.6650390625,137753,0.0,0.0
2018-01-19 00:00:00+09:00,13280.552734375,13695.570007324219,13188.326673719619,13280.552734375,93820,0.0,0.0
2018-01-22 00:00:00+09:00,13280.552706866198,13326.665737098372,12773.309374312279,13096.1005859375,89652,0.0,0.0
2018-01-23 00:00:00+09:00,13096.099862938596,13234.438945997807,13003.87380756579,13142.212890625,33010,0.0,0.0
2018-01-24 00:00:00+09:00,13326.666038955846,13557.231195339164,13049.987851295862,13511.1181640625,61064,0.0,0.0
2018-01-25 00:00:00+09:00,13603.343027475717,13926.134217958192,13418.89091862859,13649.4560546875,69167,0.0,0.0
2018-01-26 00:00:00+09:00,13787.795095783391,13787.795095783391,13465.00390625,13465.00390625,20888,0.0,0.0
2018-01-29 00:00:00+09:00,13465.003945840372,13926.134217958192,13372.777891416807,13649.4560546875,84446,0.0,0.0
2018-01-30 00:00:00+09:00,13741.68209370102,14802.281718382643,13465.003930740597,14710.0556640625,176575,0.0,0.0
2018-01-31 00:00:00+09:00,14617.830043804912,14848.395186451677,14202.812787040735,14433.3779296875,82629,0.0,0.0
2018-02-01 00:00:00+09:00,14433.379116881128,14433.379116881128,13926.135761335783,14110.587890625,62729,0.0,0.0
2018-02-02 00:00:00+09:00,14341.152751473064,14341.152751473064,13465.005155723906,13695.5703125,87905,0.0,0.0
2018-02-05 00:00:00+09:00,13372.778686125814,14341.152315121131,13142.213536365025,14156.7001953125,141276,0.0,0.0
2018-02-07 00:00:00+09:00,13787.794619605655,14110.585797991072,13372.777390252977,13557.2294921875,88803,0.0,0.0
2018-02-08 00:00:00+09:00,13649.45728114478,13972.248500631313,13372.779093013467,13695.5703125,23169,0.0,0.0
2018-02-09 00:00:00+09:00,13511.116933326199,13557.229960402397,13049.986662564213,13465.00390625,59099,0.0,0.0
2018-02-12 00:00:00+09:00,13557.229658917684,13603.342684968424,13142.212424461019,13234.4384765625,86929,0.0,0.0
2018-02-13 00:00:00+09:00,13465.004799107144,13465.004799107144,12681.083286830357,12911.6484375,79495,0.0,0.0
2018-02-14 00:00:00+09:00,13096.099524456522,13096.099524456522,12404.404127038044,12727.1953125,113281,0.0,0.0
2018-02-19 00:00:00+09:00,12727.196316964286,13142.213588169643,12634.97025669643,12911.6484375,53164,0.0,0.0
2018-02-20 00:00:00+09:00,13049.986872161548,13557.230178146627,12865.534760894247,13326.6650390625,80598,0.0,0.0
2018-02-21 00:00:00+09:00,13326.665542445233,13649.45674935567,13280.5525128866,13418.8916015625,37201,0.0,0.0
2018-02-22 00:00:00+09:00,13234.438945997807,13465.004084429824,13003.87380756579,13142.212890625,41462,0.0,0.0
2018-02-23 00:00:00+09:00,13142.21271671661,13511.116933326199,13003.873635488015,13465.00390625,47807,0.0,0.0
2018-02-26 00:00:00+09:00,13280.55222902098,13603.343429031906,13003.874057583042,13188.326171875,42447,0.0,0.0
2018-02-27 00:00:00+09:00,13188.326646401849,13188.326646401849,12957.761495240977,13096.1005859375,32762,0.0,0.0
2018-02-28 00:00:00+09:00,13003.874978923111,13096.101042603417,12681.083756042042,12819.4228515625,30239,0.0,0.0
2018-03-07 00:00:00+09:00,12634.96925951087,13003.873471467392,12588.856233016304,12727.1953125,40670,0.0,0.0
2018-03-08 00:00:00+09:00,12588.857170553769,12773.309290268842,12219.952931123622,12542.744140625,92557,0.0,0.0
2018-03-09 00:00:00+09:00,12542.744595864662,12681.083690671992,12173.840343045113,12266.06640625,78229,0.0,0.0
2018-03-12 00:00:00+09:00,12358.291962594696,12358.291962594696,12081.613784327652,12173.83984375,92758,0.0,0.0
2018-03-13 00:00:00+09:00,12173.83984375,12312.178932883522,11943.274695194128,12173.83984375,78987,0.0,0.0
2018-03-14 00:00:00+09:00,12035.500436580882,12127.726493566175,11712.709237132352,11758.822265625,80901,0.0,0.0
2018-03-15 00:00:00+09:00,11758.822299559604,12173.83955719112,11758.822299559604,11943.2744140625,65528,0.0,0.0
2018-03-16 00:00:00+09:00,11989.388216635338,12358.292469454887,11943.275185032895,12266.06640625,52783,0.0,0.0
2018-03-19 00:00:00+09:00,12312.179236778848,12681.083483573719,12312.179236778848,12588.857421875,78747,0.0,0.0
2018-03-20 00:00:00+09:00,12588.856233016304,12727.1953125,12358.291100543478,12727.1953125,38741,0.0,0.0
2018-03-21 00:00:00+09:00,12727.1953125,12819.42136548913,12450.517153532608,12727.1953125,35311,0.0,0.0
2018-03-22 00:00:00+09:00,13003.874957230839,13003.874957230839,12496.63160783531,12634.970703125,50435,0.0,0.0
2018-03-23 00:00:00+09:00,12404.40499230587,12450.518022017046,12081.613784327652,12173.83984375,59913,0.0,0.0
2018-03-26 00:00:00+09:00,12219.954112453532,12542.745353159851,12127.728043680298,12404.40625,41291,0.0,0.0
2018-03-27 00:00:00+09:00,12450.518329326924,13142.213792067309,12404.405298477564,12588.857421875,84167,0.0,0.0
2018-03-28 00:00:00+09:00,12727.196036931819,12819.422095170456,12450.51786221591,12681.0830078125,40043,0.0,0.0
2018-03-29 00:00:00+09:00,12727.195190004355,13833.907815222126,12727.195190004355,13234.4384765625,163639,0.0,0.0
2018-03-30 00:00:00+09:00,13418.892189396238,14663.94404202063,13418.892189396238,14248.9267578125,228762,0.0,0.0
2018-04-02 00:00:00+09:00,14479.491617118363,15908.995566579093,14479.491617118363,15632.3173828125,509858,0.0,0.0
2018-04-03 00:00:00+09:00,15678.428922477744,16093.446158660978,15078.959581324183,15540.08984375,346359,0.0,0.0
2018-04-04 00:00:00+09:00,15355.638768287221,15447.864826955612,14110.586976263932,14479.4912109375,389062,0.0,0.0
2018-04-05 00:00:00+09:00,14663.943028041294,15955.10782296317,14663.943028041294,15493.9775390625,373788,0.0,0.0
2018-04-06 00:00:00+09:00,15493.977167182662,15586.203221749225,14802.281757933437,14894.5078125,134805,0.0,0.0
2018-04-09 00:00:00+09:00,14940.62282854985,15493.97922960725,14848.396761706948,15263.4140625,105182,0.0,0.0
2018-04-10 00:00:00+09:00,15217.299890350878,15770.65625,14894.508680555555,15770.65625,100861,0.0,0.0
2018-04-11 00:00:00+09:00,15816.76800120549,16370.124316116468,15355.637738779673,15540.08984375,111943,0.0,0.0
2018-04-12 00:00:00+09:00,15447.865260301438,16139.560719717922,15401.752229673673,15632.3173828125,188604,0.0,0.0
2018-04-13 00:00:00+09:00,15678.430772569445,16877.369596354165,15678.430772569445,16600.69140625,250537,0.0,0.0
2018-04-16 00:00:00+09:00,16554.57807491987,16785.143229166668,16001.221704727564,16185.673828125,138343,0.0,0.0
2018-04-17 00:00:00+09:00,16370.12649324792,16923.482881752076,16277.900428497229,16646.8046875,243160,0.0,0.0
2018-04-18 00:00:00+09:00,16508.4662919478,16923.483600963245,15862.883811257103,16231.7880859375,134913,0.0,0.0
2018-04-19 00:00:00+09:00,16139.560797275642,16370.125951522437,15770.65655048077,16185.673828125,90374,0.0,0.0
2018-04-20 00:00:00+09:00,16185.674539378613,16462.352736632947,15770.65724349711,15955.109375,70248,0.0,0.0
2018-04-23 00:00:00+09:00,15955.109164748583,16554.578584233357,15862.883100212464,16277.900390625,107004,0.0,0.0
2018-04-24 00:00:00+09:00,16370.124069681407,16739.028274068594,16231.784993036212,16554.576171875,62102,0.0,0.0
2018-04-25 00:00:00+09:00,16508.465342881944,17292.386881510418,16277.900184461805,16600.69140625,169171,0.0,0.0
2018-04-26 00:00:00+09:00,16692.916770119864,17061.821008133564,16324.012532106166,16831.255859375,72063,0.0,0.0
2018-04-27 00:00:00+09:00,17015.706427358982,17154.045504004178,16416.237095229804,16554.576171875,67644,0.0,0.0
2018-04-30 00:00:00+09:00,16139.558941939415,16739.028274068594,16093.445916391016,16554.576171875,70877,0.0,0.0
2018-05-02 00:00:00+09:00,16508.464403760303,16877.368636246567,16231.786229395604,16785.142578125,60979,0.0,0.0
2018-05-03 00:00:00+09:00,16600.690663343557,16646.803692963957,14756.169478527607,15032.84765625,507270,0.0,0.0
2018-05-04 00:00:00+09:00,15263.413881864162,16047.335440751445,15171.187816112717,15955.109375,159403,0.0,0.0
2018-05-08 00:00:00+09:00,15816.76800120549,15955.107079933234,15309.524712537092,15540.08984375,69756,0.0,0.0
2018-05-09 00:00:00+09:00,15401.75249818314,15955.108875363372,15217.300372456395,15862.8828125,48228,0.0,0.0
2018-05-10 00:00:00+09:00,15862.881801470587,15862.881801470587,15263.412431066175,15678.4296875,63588,0.0,0.0
2018-05-11 00:00:00+09:00,15678.431107954546,15862.883238636363,15078.961683238636,15217.30078125,81316,0.0,0.0
2018-05-14 00:00:00+09:00,15217.300180288463,16185.673828125,15171.187149439103,16185.673828125,137926,0.0,0.0
2018-05-15 00:00:00+09:00,16185.673604674259,16370.125725525248,15632.317242121293,16324.0126953125,76328,0.0,0.0
2018-05-16 00:00:00+09:00,15955.10836988304,16185.673519736842,15171.186860380116,15770.65625,134554,0.0,0.0
2018-05-17 00:00:00+09:00,15816.769781068315,16139.561001090116,15493.978561046511,15862.8828125,66856,0.0,0.0
2018-05-18 00:00:00+09:00,16093.448261552761,16508.4655519653,15862.883100212464,16277.900390625,65453,0.0,0.0
2018-05-21 00:00:00+09:00,16139.560489766081,16231.786549707602,15724.54322002924,15770.65625,54751,0.0,0.0
2018-05-23 00:00:00+09:00,15770.656525801513,16185.67380279629,15171.187125697947,16001.2216796875,106231,0.0,0.0
2018-05-24 00:00:00+09:00,16001.219678161442,16185.671778197886,15540.089428070334,15816.767578125,46632,0.0,0.0
2018-05-25 00:00:00+09:00,15586.203630514705,15678.4296875,15217.299402573528,15678.4296875,54731,0.0,0.0
2018-05-28 00:00:00+09:00,15586.204402692723,16139.560772019093,15355.639248806736,16001.2216796875,88690,0.0,0.0
2018-05-29 00:00:00+09:00,15678.431143676036,16093.448438655696,15447.865979798447,15586.205078125,59714,0.0,0.0
2018-05-30 00:00:00+09:00,15586.204849019428,16047.335169996333,15447.865752726357,15724.5439453125,73173,0.0,0.0
2018-05-31 00:00:00+09:00,15586.204942867034,16739.030752250692,15586.204942867034,16646.8046875,185202,0.0,0.0
2018-06-01 00:00:00+09:00,16600.69144870924,17107.93479853091,16600.69144870924,16969.595703125,115351,0.0,0.0
2018-06-04 00:00:00+09:00,17154.047376336897,17707.403743315506,16831.256162266043,17246.2734375,123046,0.0,0.0
2018-06-05 00:00:00+09:00,17430.724793632075,17615.176907850404,16969.59450808625,17107.93359375,69074,0.0,0.0
2018-06-07 00:00:00+09:00,17292.385962701614,17522.951108870966,16554.577494959678,17154.046875,113094,0.0,0.0
2018-06-08 00:00:00+09:00,17200.15848096391,17292.384531800177,16324.010998019367,16370.1240234375,94166,0.0,0.0
2018-06-11 00:00:00+09:00,16370.125378024193,17292.385962701614,16370.125378024193,17154.046875,76180,0.0,0.0
2018-06-12 00:00:00+09:00,17061.822486225898,17061.822486225898,16462.35304752066,16739.03125,36431,0.0,0.0
2018-06-14 00:00:00+09:00,16739.029740021007,16739.029740021007,16231.786414565828,16462.3515625,31379,0.0,0.0
2018-06-15 00:00:00+09:00,16462.35275390625,16877.370050223213,16093.448490513394,16139.5615234375,61295,0.0,0.0
2018-06-18 00:00:00+09:00,15955.10859720686,16001.221627834624,15493.978290929204,15632.3173828125,68788,0.0,0.0
2018-06-19 00:00:00+09:00,15632.317840301239,15955.109064142269,15125.074488551052,15355.6396484375,44404,0.0,0.0
2018-06-20 00:00:00+09:00,15309.525425502232,15678.429652622768,15309.525425502232,15493.9775390625,36778,0.0,0.0
2018-06-21 00:00:00+09:00,15493.977503765062,15493.977503765062,15217.299334054971,15309.525390625,18884,0.0,0.0
2018-06-22 00:00:00+09:00,15309.526846590908,15309.526846590908,14756.170454545454,15217.30078125,42795,0.0,0.0
2018-06-25 00:00:00+09:00,15171.186745111196,15217.299774731595,14663.943419286808,15032.84765625,43593,0.0,0.0
2018-06-26 00:00:00+09:00,14894.508537339867,14940.621566867236,14433.378242066186,14848.3955078125,43940,0.0,0.0
2018-06-27 00:00:00+09:00,14663.944207065615,16047.335169996333,14617.831174967925,15724.5439453125,106099,0.0,0.0
2018-06-28 00:00:00+09:00,15724.542836538461,15724.542836538461,14940.621346153846,14986.734375,39676,0.0,0.0
2018-06-29 00:00:00+09:00,15032.846894349845,15125.072948916408,14617.829648800309,14894.5078125,35034,0.0,0.0
2018-07-02 00:00:00+09:00,14663.943072334265,14802.282157922324,14110.58672998203,14433.3779296875,68247,0.0,0.0
2018-07-03 00:00:00+09:00,14433.377637987012,14571.71672077922,13741.682224025973,14202.8125,97776,0.0,0.0
2018-07-04 00:00:00+09:00,14248.925392461795,15032.846854182995,14248.925392461795,14710.0556640625,75948,0.0,0.0
2018-07-05 00:00:00+09:00,14387.264901158147,14710.056100863618,14202.812787040735,14433.3779296875,38637,0.0,0.0
2018-07-06 00:00:00+09:00,14710.056325604839,14710.056325604839,13926.134828629032,14295.0390625,48127,0.0,0.0
2018-07-09 00:00:00+09:00,14295.039285168974,14341.152315121131,13833.908985647395,14156.7001953125,67657,0.0,0.0
2018-07-10 00:00:00+09:00,14110.587220982143,14525.6044921875,14018.361160714287,14525.6044921875,54871,0.0,0.0
2018-07-11 00:00:00+09:00,14525.604434929764,14571.717464881922,13787.795955695236,14156.7001953125,47353,0.0,0.0
2018-07-12 00:00:00+09:00,14341.152594150642,14894.50896434295,14295.039563301283,14387.265625,57989,0.0,0.0
2018-07-13 00:00:00+09:00,14617.829648800309,14894.5078125,14295.038457817336,14894.5078125,22605,0.0,0.0
2018-07-16 00:00:00+09:00,14894.509328664602,15447.86571239208,14894.509328664602,15355.6396484375,80354,0.0,0.0
2018-07-17 00:00:00+09:00,15355.639466751454,16047.334938226744,15125.074309593023,15862.8828125,104204,0.0,0.0
2018-07-18 00:00:00+09:00,16093.448202094025,16370.126394680168,15540.091816921737,15724.5439453125,55961,0.0,0.0
2018-07-19 00:00:00+09:00,15493.976817507419,15678.428922477744,15125.072607566764,15540.08984375,39739,0.0,0.0
2018-07-20 00:00:00+09:00,15309.52614272388,15447.865234375,15171.187051072762,15447.865234375,32990,0.0,0.0
2018-07-23 00:00:00+09:00,15447.864922833589,15540.090982074385,14710.056448907208,15032.84765625,51043,0.0,0.0
2018-07-24 00:00:00+09:00,14571.71693806476,15540.090532050075,14571.71693806476,15309.525390625,46162,0.0,0.0
2018-07-25 00:00:00+09:00,15401.752911931819,15401.752911931819,14802.28348721591,15217.30078125,30132,0.0,0.0
2018-07-26 00:00:00+09:00,15125.073494490882,15355.638639223973,14756.169262917932,15171.1865234375,50413,0.0,0.0
2018-07-27 00:00:00+09:00,15217.299552384118,15309.525610277355,14894.508349757789,15171.1865234375,34977,0.0,0.0
2018-07-30 00:00:00+09:00,14940.62109375,15125.073206018518,14848.39503761574,14940.62109375,33448,0.0,0.0
2018-07-31 00:00:00+09:00,15078.960432692307,15078.960432692307,14663.943173076923,14986.734375,47261,0.0,0.0
2018-08-01 00:00:00+09:00,14986.734375,15078.960432692307,14756.169230769232,14986.734375,23129,0.0,0.0
2018-08-02 00:00:00+09:00,14894.508317307693,15078.960432692307,14802.282259615386,14986.734375,27742,0.0,0.0
2018-08-03 00:00:00+09:00,15125.075475543477,15908.9970703125,14940.623335597826,15908.9970703125,90359,0.0,0.0
2018-08-06 00:00:00+09:00,16047.333879743303,16877.36839076451,15309.525425502232,15493.9775390625,203219,0.0,0.0
2018-08-07 00:00:00+09:00,15493.978290929204,15862.882535951328,15078.961015279316,15632.3173828125,63066,0.0,0.0
2018-08-08 00:00:00+09:00,15493.978341138329,16277.899864350684,15493.978341138329,16001.2216796875,50363,0.0,0.0
2018-08-09 00:00:00+09:00,16047.335229284703,16416.23948742918,15816.770067944404,16277.900390625,60425,0.0,0.0
2018-08-10 00:00:00+09:00,16370.126670881502,16370.126670881502,15401.75298049133,15955.109375,74508,0.0,0.0
2018-08-13 00:00:00+09:00,15678.429652622768,15862.881766183034,15447.864510672433,15493.9775390625,48450,0.0,0.0
2018-08-14 00:00:00+09:00,15955.107079933234,16370.124316116468,15125.072607566764,15540.08984375,154584,0.0,0.0
2018-08-16 00:00:00+09:00,15171.18783203125,16231.787589285716,15171.18783203125,16139.5615234375,74779,0.0,0.0
2018-08-17 00:00:00+09:00,16185.674845041323,17061.822486225898,15955.10967630854,16739.03125,138094,0.0,0.0
2018-08-20 00:00:00+09:00,16692.918216253445,16923.483384986226,16508.46608126722,16739.03125,27470,0.0,0.0
2018-08-21 00:00:00+09:00,16739.029043292474,17015.707209297307,16554.576932622585,16692.916015625,42092,0.0,0.0
2018-08-22 00:00:00+09:00,16923.48080161341,19044.680030153508,16554.57658795426,18399.09765625,585533,0.0,0.0
2018-08-23 00:00:00+09:00,18260.75857612782,18675.775816494363,18214.645549420427,18399.09765625,170275,0.0,0.0
2018-08-24 00:00:00+09:00,18214.64848502129,19136.909167807178,18168.535450881995,18952.45703125,132116,0.0,0.0
2018-08-27 00:00:00+09:00,19044.681842672413,19044.681842672413,18399.099407327587,18721.890625,76596,0.0,0.0
2018-08-28 00:00:00+09:00,18721.890625,18906.342749384236,18583.551531711822,18721.890625,47524,0.0,0.0
2018-08-29 00:00:00+09:00,18675.776839717742,18952.455015120966,18445.211693548386,18583.55078125,46883,0.0,0.0
2018-08-30 00:00:00+09:00,18583.552271164426,19229.13473219743,18260.76104064792,18860.23046875,115618,0.0,0.0
2018-08-31 00:00:00+09:00,18860.227511682242,19736.375,18537.4363317757,19736.375,109136,0.0,0.0
2018-09-03 00:00:00+09:00,19736.376573105204,21027.541395644796,19505.811426223132,20381.958984375,184531,0.0,0.0
2018-09-04 00:00:00+09:00,20750.862008426968,20843.088061797753,20289.731741573036,20520.296875,84123,0.0,0.0
2018-09-05 00:00:00+09:00,20566.412277044663,20658.638341067286,19690.264668829757,19874.716796875,93598,0.0,0.0
2018-09-06 00:00:00+09:00,19874.715348946305,20013.05443490185,19090.793861864895,19966.94140625,117365,0.0,0.0
2018-09-07 00:00:00+09:00,19782.48967034606,19874.715729415275,18814.11605011933,19321.359375,123705,0.0,0.0
2018-09-10 00:00:00+09:00,19459.69684579439,20013.05315420561,19090.792640186915,19736.375,56179,0.0,0.0
2018-09-11 00:00:00+09:00,19644.150837053574,19874.715987723215,18814.11629464286,19367.47265625,64141,0.0,0.0
2018-09-12 00:00:00+09:00,19413.58717539613,19874.717512103874,19090.795939700703,19644.15234375,52358,0.0,0.0
2018-09-13 00:00:00+09:00,19828.60206886574,20612.523546006945,19321.358760127314,19920.828125,73621,0.0,0.0
2018-09-14 00:00:00+09:00,19828.60088900862,20381.95719288793,19828.60088900862,20059.166015625,74118,0.0,0.0
2018-09-17 00:00:00+09:00,20059.16734967913,21073.6539742606,19874.71523611886,20658.63671875,82663,0.0,0.0
2018-09-18 00:00:00+09:00,20658.63595505618,20658.63595505618,20243.61871488764,20520.296875,54933,0.0,0.0
2018-09-19 00:00:00+09:00,20981.427055027176,21211.9921875,20289.731657608696,21211.9921875,83730,0.0,0.0
2018-09-20 00:00:00+09:00,21211.9922752809,22410.930969101126,20105.279634831462,20520.296875,184187,0.0,0.0
2018-09-21 00:00:00+09:00,20520.296956919152,21119.766306222406,20520.296956919152,20889.201171875,65036,0.0,0.0
2018-09-27 00:00:00+09:00,20889.202565074775,21027.541654909706,20289.733175790065,20428.072265625,47168,0.0,0.0
2018-09-28 00:00:00+09:00,20289.73216828018,20750.862444832004,20105.280057659453,20243.619140625,43942,0.0,0.0
2018-10-01 00:00:00+09:00,20335.845954998586,20520.298072504243,19690.26354372879,20381.958984375,79065,0.0,0.0
2018-10-02 00:00:00+09:00,20381.958984375,20889.202307515556,20197.506866869346,20381.958984375,35425,0.0,0.0
2018-10-04 00:00:00+09:00,20289.73305766979,20289.73305766979,19136.907315756733,19690.263671875,88624,0.0,0.0
2018-10-05 00:00:00+09:00,19459.698716517858,19644.150837053574,18814.11629464286,19367.47265625,36955,0.0,0.0
2018-10-08 00:00:00+09:00,19367.47265625,19874.715987723215,18906.342354910714,19367.47265625,23282,0.0,0.0
2018-10-10 00:00:00+09:00,18906.341210937502,19183.019375,18260.758828125,18445.2109375,84020,0.0,0.0
2018-10-11 00:00:00+09:00,17799.6283976237,18399.097747802734,17107.932993570965,17707.40234375,100961,0.0,0.0
2018-10-12 00:00:00+09:00,17707.401265822788,18491.32267602848,17430.723121044306,18214.64453125,65971,0.0,0.0
2018-10-15 00:00:00+09:00,18214.647235199434,18814.116637876883,17984.082080323493,18352.986328125,39849,0.0,0.0
2018-10-16 00:00:00+09:00,18030.19443044355,18721.889868951614,18030.19443044355,18583.55078125,30939,0.0,0.0
2018-10-17 00:00:00+09:00,18583.55001953125,19044.68029296875,18168.532773437502,18445.2109375,30198,0.0,0.0
2018-10-18 00:00:00+09:00,18260.759823638615,19044.681331219057,18260.759823638615,18629.6640625,34585,0.0,0.0
2018-10-19 00:00:00+09:00,18491.325421050566,18629.66451397613,18076.30814227387,18352.986328125,35317,0.0,0.0
2018-10-22 00:00:00+09:00,18814.115074936224,18906.341129225126,17984.080586336095,18076.306640625,39655,0.0,0.0
2018-10-23 00:00:00+09:00,18076.306474401594,18214.64555456283,16923.48080639129,17338.498046875,120431,0.0,0.0
2018-10-24 00:00:00+09:00,17522.95091936016,17615.176976830477,17061.820632008577,17476.837890625,41725,0.0,0.0
2018-10-25 00:00:00+09:00,17061.820816532258,17338.498991935485,16600.69052419355,17154.046875,70957,0.0,0.0
2018-10-26 00:00:00+09:00,17154.047267807262,17292.386358676675,16416.23878317039,16508.46484375,78378,0.0,0.0
2018-10-29 00:00:00+09:00,16047.335169996333,16831.256715657073,15540.091816921737,15724.5439453125,113418,0.0,0.0
2018-10-30 00:00:00+09:00,15032.848328993055,16739.030501302084,15032.848328993055,16600.69140625,128793,0.0,0.0
2018-10-31 00:00:00+09:00,16969.596418732785,17107.935519972452,16370.12698002755,16739.03125,38713,0.0,0.0
2018-11-01 00:00:00+09:00,16739.03054411515,17707.404211956524,16739.03054411515,16969.595703125,50642,0.0,0.0
2018-11-02 00:00:00+09:00,16969.594819078946,17615.17723067434,16831.255730879933,17522.951171875,60328,0.0,0.0
2018-11-05 00:00:00+09:00,17522.949708391367,17522.949708391367,16508.4631463266,16554.576171875,54192,0.0,0.0
2018-11-06 00:00:00+09:00,16692.918673889686,16785.144743911176,15908.99707870702,16093.44921875,53084,0.0,0.0
2018-11-07 00:00:00+09:00,16324.012842228984,16739.030117878872,15632.3173828125,15632.3173828125,84358,0.0,0.0
2018-11-08 00:00:00+09:00,15955.109890712782,16600.692371839887,15862.883821980338,16416.240234375,56728,0.0,0.0
2018-11-09 00:00:00+09:00,16416.23690324344,16416.23690324344,15724.541528106778,15816.767578125,86661,0.0,0.0
2018-11-12 00:00:00+09:00,15770.656525801513,16416.238956682275,15770.656525801513,16001.2216796875,43189,0.0,0.0
2018-11-13 00:00:00+09:00,15678.43087227853,15678.43087227853,15171.187520528341,15355.6396484375,85989,0.0,0.0
2018-11-14 00:00:00+09:00,15493.97765771028,15493.97765771028,14617.83011158976,14802.2822265625,141657,0.0,0.0
2018-11-15 00:00:00+09:00,14571.717797851561,14802.282952880858,14295.039611816406,14756.169921875,174028,0.0,0.0
2018-11-16 00:00:00+09:00,14894.508892768254,16001.221627834624,14894.508892768254,15632.3173828125,156946,0.0,0.0
2018-11-19 00:00:00+09:00,15816.768840921337,16554.57729997306,15724.542783539871,16047.333984375,95158,0.0,0.0
2018-11-20 00:00:00+09:00,15816.769781068315,16093.44796965843,15540.091592478198,15862.8828125,60519,0.0,0.0
2018-11-21 00:00:00+09:00,15862.882509328358,15862.882509328358,15032.847959421642,15447.865234375,66578,0.0,0.0
2018-11-22 00:00:00+09:00,15678.429616905121,15724.542645190137,15125.07327748494,15309.525390625,52695,0.0,0.0
2018-11-23 00:00:00+09:00,15493.977503765062,15493.977503765062,14848.39510777485,15309.525390625,56303,0.0,0.0
2018-11-26 00:00:00+09:00,15078.959581324183,15540.08984375,15032.846555081602,15540.08984375,31959,0.0,0.0
2018-11-27 00:00:00+09:00,15632.31743346992,16001.2216796875,15447.86531036113,16001.2216796875,41383,0.0,0.0
2018-11-28 00:00:00+09:00,16001.222407875723,16047.335440751445,15586.205111994219,15955.109375,31345,0.0,0.0
2018-11-29 00:00:00+09:00,16231.787152777777,17107.934754774305,16093.448057725695,16600.69140625,121107,0.0,0.0
2018-11-30 00:00:00+09:00,16785.144743911176,17061.822953975643,16093.44921875,16093.44921875,81953,0.0,0.0
2018-12-03 00:00:00+09:00,16277.899127828665,16416.238213900862,15632.316726158406,16047.333984375,75113,0.0,0.0
2018-12-04 00:00:00+09:00,16047.333984375,16093.447013065734,15816.768840921337,16047.333984375,38890,0.0,0.0
2018-12-05 00:00:00+09:00,15816.767578125,16001.219678161442,15540.089428070334,15816.767578125,44674,0.0,0.0
2018-12-06 00:00:00+09:00,15586.20529645015,15770.65743013595,15125.074962235649,15263.4140625,64920,0.0,0.0
2018-12-07 00:00:00+09:00,15217.30078125,15447.865944602272,14940.622585227273,15217.30078125,56622,0.0,0.0
2018-12-10 00:00:00+09:00,14848.3955078125,15171.186714504076,14571.717330648291,14848.3955078125,66250,0.0,0.0
2018-12-11 00:00:00+09:00,14986.734272039736,14986.734272039736,14202.812787040735,14433.3779296875,82957,0.0,0.0
2018-12-12 00:00:00+09:00,14571.71693806476,15309.525390625,14571.71693806476,15309.525390625,46163,0.0,0.0
2018-12-13 00:00:00+09:00,15309.525610277355,15309.525610277355,14986.734407651025,15171.1865234375,14821,0.0,0.0
2018-12-14 00:00:00+09:00,15171.187200927734,15171.187200927734,14617.83082885742,14756.169921875,28850,0.0,0.0
2018-12-17 00:00:00+09:00,14525.604301120924,14848.3955078125,14479.491271593555,14848.3955078125,26990,0.0,0.0
2018-12-18 00:00:00+09:00,14571.717522321429,14617.830552455358,14295.039341517857,14525.6044921875,73192,0.0,0.0
2018-12-19 00:00:00+09:00,14433.378181603304,14617.830298940087,14295.039093600717,14479.4912109375,32396,0.0,0.0
2018-12-20 00:00:00+09:00,14341.15277525436,14341.15277525436,13649.45730377907,13880.0224609375,151465,0.0,0.0
2018-12-21 00:00:00+09:00,13880.02272901348,14202.813955269608,13833.909696691177,14110.587890625,59791,0.0,0.0
2018-12-24 00:00:00+09:00,14110.587136448019,14387.265315594059,13833.90895730198,13972.248046875,120243,0.0,0.0
2018-12-26 00:00:00+09:00,13880.021987159653,14064.474106590345,13695.56986772896,13972.248046875,98059,0.0,0.0
2018-12-27 00:00:00+09:00,14415.06333984375,14791.927740885418,14085.306988932292,14132.4150390625,43275,320.0,0.0
2018-12-28 00:00:00+09:00,14273.740291819853,14462.172506893383,14179.524184283087,14415.064453125,31080,0.0,0.0
2019-01-02 00:00:00+09:00,14273.739474098154,14556.38778051594,13896.875065541108,14038.19921875,36746,0.0,0.0
2019-01-03 00:00:00+09:00,14038.198873674912,14179.523023409894,13284.470075088338,13331.578125,81790,0.0,0.0
2019-01-04 00:00:00+09:00,13143.145115835856,13802.657773978157,13048.929021815527,13614.2255859375,45823,0.0,0.0
2019-01-07 00:00:00+09:00,13943.982421875,13991.090470597552,13802.658275707348,13943.982421875,33112,0.0,0.0
2019-01-08 00:00:00+09:00,14085.306711765314,14273.738908578227,13991.090613358858,14226.630859375,38125,0.0,0.0
2019-01-09 00:00:00+09:00,14226.631914790372,15545.65739033385,14226.631914790372,15168.79296875,71704,0.0,0.0
2019-01-10 00:00:00+09:00,15074.576388888889,15121.684440104167,14697.711979166666,14839.0361328125,30739,0.0,0.0
2019-01-11 00:00:00+09:00,14791.928081597223,15168.792491319446,14650.60392795139,14839.0361328125,19881,0.0,0.0
2019-01-14 00:00:00+09:00,14791.927312247984,14933.251458543347,14462.170970892137,14603.4951171875,23469,0.0,0.0
2019-01-15 00:00:00+09:00,14744.819684265525,14886.143834593948,14603.4955339371,14791.927734375,35330,0.0,0.0
2019-01-16 00:00:00+09:00,14980.359861778845,15451.440360576922,14650.603512620191,15310.1162109375,34010,0.0,0.0
2019-01-17 00:00:00+09:00,15263.008020670062,15404.3321690096,14791.927526204938,15027.4677734375,24390,0.0,0.0
2019-01-18 00:00:00+09:00,14933.251811899037,15357.224260817307,14886.14376201923,15310.1162109375,19018,0.0,0.0
2019-01-21 00:00:00+09:00,15451.4404296875,15686.980680140054,15310.116279415968,15451.4404296875,34580,0.0,0.0
2019-01-22 00:00:00+09:00,15404.33237959699,15639.872630049544,15168.792129144436,15451.4404296875,30503,0.0,0.0
2019-01-23 00:00:00+09:00,15498.548479778012,15734.088730230565,15168.792129144436,15451.4404296875,37533,0.0,0.0
2019-01-24 00:00:00+09:00,15498.548056520063,15639.8722029321,15121.683666087964,15263.0078125,26288,0.0,0.0
2019-01-25 00:00:00+09:00,15357.225017755683,15592.765278764206,15168.792808948865,15545.6572265625,23395,0.0,0.0
2019-01-28 00:00:00+09:00,15545.657466419956,16346.494366205228,15545.657466419956,16110.9541015625,100658,0.0,0.0
2019-01-29 00:00:00+09:00,16063.84535558364,16205.16950827206,15828.305101102942,16016.7373046875,40155,0.0,0.0
2019-01-30 00:00:00+09:00,16016.739303546832,17147.332666150138,16016.739303546832,17100.224609375,111148,0.0,0.0
2019-01-31 00:00:00+09:00,17053.11376540493,17194.437912632042,16629.141323723594,16723.357421875,34002,0.0,0.0
2019-02-01 00:00:00+09:00,16629.141251997513,16723.357349742542,16252.276861017399,16582.033203125,29276,0.0,0.0
2019-02-07 00:00:00+09:00,16582.03510028653,16582.03510028653,16346.494828975645,16440.7109375,19724,0.0,0.0
2019-02-08 00:00:00+09:00,16676.250691274578,16770.466796875,16205.170163272473,16770.466796875,32268,0.0,0.0
2019-02-11 00:00:00+09:00,16770.467964260057,16770.467964260057,16252.279347386853,16393.603515625,26556,0.0,0.0
2019-02-12 00:00:00+09:00,16346.493771701389,16958.8984375,16299.385720486112,16958.8984375,61009,0.0,0.0
2019-02-13 00:00:00+09:00,17006.00538170856,17618.410007642666,16817.573189113453,17335.76171875,53479,0.0,0.0
2019-02-14 00:00:00+09:00,17335.763166666668,17712.627583333335,16911.790697916666,17665.51953125,48005,0.0,0.0
2019-02-15 00:00:00+09:00,17853.952101224553,19220.085639312976,17712.627942111958,18513.46484375,181136,0.0,0.0
2019-02-18 00:00:00+09:00,18749.003446160506,21057.297840285795,18701.89539730081,20397.78515625,438724,0.0,0.0
2019-02-19 00:00:00+09:00,20397.78493514151,20397.78493514151,19738.272258254718,19973.8125,118490,0.0,0.0
2019-02-20 00:00:00+09:00,19785.381804435485,20727.542842741936,19738.27375252016,20444.89453125,93370,0.0,0.0
2019-02-21 00:00:00+09:00,20020.920891309306,20209.353087933396,19361.408203125,19361.408203125,93641,0.0,0.0
2019-02-22 00:00:00+09:00,19596.94844890511,20350.67723540146,19361.408203125,19361.408203125,71825,0.0,0.0
2019-02-25 00:00:00+09:00,19361.40841238839,19973.813058035714,19314.300362723214,19785.380859375,31845,0.0,0.0
2019-02-26 00:00:00+09:00,19785.380789118706,20115.137135604014,19314.300294139688,19644.056640625,17340,0.0,0.0
2019-02-27 00:00:00+09:00,19926.70459665698,20492.0011809593,19314.29996366279,20256.4609375,51333,0.0,0.0
2019-02-28 00:00:00+09:00,20256.46193284255,20397.786085862383,19408.51701472356,19596.94921875,44613,0.0,0.0
2019-03-04 00:00:00+09:00,19408.514708039907,20162.243434565728,19408.514708039907,20068.02734375,40046,0.0,0.0
2019-03-05 00:00:00+09:00,20068.029692778717,21339.94706767314,20068.029692778717,20915.974609375,87884,0.0,0.0
2019-03-06 00:00:00+09:00,21198.620854591834,21292.83694727891,20774.6484375,20774.6484375,39447,0.0,0.0
2019-03-07 00:00:00+09:00,20774.650894657258,21198.62336189516,19832.489856350807,20444.89453125,26687,0.0,0.0
2019-03-08 00:00:00+09:00,20303.570437643022,20633.3268020595,20115.138229405035,20586.21875,42482,0.0,0.0
2019-03-11 00:00:00+09:00,20586.21625212585,20821.756483843536,20115.135788690477,20774.6484375,38062,0.0,0.0
2019-03-12 00:00:00+09:00,21104.408675799088,21104.408675799088,20115.139519121007,20633.328125,31222,0.0,0.0
2019-03-13 00:00:00+09:00,20633.328125,21057.30062071918,19879.599243721463,20633.328125,55939,0.0,0.0
2019-03-14 00:00:00+09:00,21104.40576923077,21481.270157967036,20727.541380494506,21434.162109375,76860,0.0,0.0
2019-03-15 00:00:00+09:00,21292.83978285078,21387.055888084633,20821.759256681515,21151.515625,37767,0.0,0.0
2019-03-18 00:00:00+09:00,21528.38074677799,21528.38074677799,20444.895501316518,21245.732421875,76004,0.0,0.0
2019-03-19 00:00:00+09:00,21198.623426773454,21198.623426773454,20586.21875,20586.21875,24762,0.0,0.0
2019-03-20 00:00:00+09:00,20680.435656967642,22800.298081941546,20444.895387526096,22564.7578125,180073,0.0,0.0
2019-03-21 00:00:00+09:00,22423.432775774574,22611.86498397436,21763.92004707532,22046.568359375,95554,0.0,0.0
2019-03-22 00:00:00+09:00,21858.134693600867,22187.891035961224,21339.94615560602,21716.810546875,75152,0.0,0.0
2019-03-25 00:00:00+09:00,21434.163878573432,21669.704140975336,20963.08335376962,21010.19140625,55334,0.0,0.0
2019-03-26 00:00:00+09:00,21245.731352306546,22093.676284327652,21057.299145190747,21763.919921875,54252,0.0,0.0
2019-03-27 00:00:00+09:00,22235.000898783186,22235.000898783186,21245.73179099834,21292.83984375,39580,0.0,0.0
2019-03-28 00:00:00+09:00,21669.704203786194,21669.704203786194,20915.975361915367,21151.515625,42339,0.0,0.0
2019-03-29 00:00:00+09:00,21387.052734375,21481.26882571586,20539.10791230727,21387.052734375,38450,0.0,0.0
2019-04-01 00:00:00+09:00,21811.029071680987,21811.029071680987,21010.192151122505,21245.732421875,30592,0.0,0.0
2019-04-02 00:00:00+09:00,20868.865644847,21151.513938005195,20303.5690585306,20397.78515625,64274,0.0,0.0
2019-04-03 00:00:00+09:00,20539.10882457386,21434.16173206676,20444.892729048293,20727.541015625,70351,0.0,0.0
2019-04-04 00:00:00+09:00,21104.407970183485,21151.51602368836,20020.922739571386,20539.111328125,65148,0.0,0.0
2019-04-05 00:00:00+09:00,20727.542842741936,20727.542842741936,20256.46232358871,20444.89453125,24052,0.0,0.0
2019-04-08 00:00:00+09:00,20397.7840667517,20868.864530187075,20115.135788690477,20774.6484375,34361,0.0,0.0
2019-04-09 00:00:00+09:00,20963.08451055936,20963.08451055936,20350.67979452055,20633.328125,37084,0.0,0.0
2019-04-10 00:00:00+09:00,20727.541349531617,20727.541349531617,20020.920621706675,20115.13671875,77277,0.0,0.0
2019-04-11 00:00:00+09:00,20256.46189646678,21858.135627815314,20115.137743700732,20915.974609375,139034,0.0,0.0
2019-04-12 00:00:00+09:00,20963.08303726798,20963.08303726798,20115.138105423433,20303.5703125,104799,0.0,0.0
2019-04-15 00:00:00+09:00,20350.6771073903,20492.0012539694,20162.2449119515,20397.78515625,49647,0.0,0.0
2019-04-16 00:00:00+09:00,20444.89459382151,21104.407322654464,20350.678489702517,20586.21875,26202,0.0,0.0
2019-04-17 00:00:00+09:00,20727.540775767546,21622.59367290296,20162.244209155702,21481.26953125,109877,0.0,0.0
2019-04-18 00:00:00+09:00,21245.728900935374,21622.593271683672,20539.10820578231,20774.6484375,67431,0.0,0.0
2019-04-19 00:00:00+09:00,20915.975756163993,21104.407970183485,20444.895221115254,20539.111328125,44215,0.0,0.0
2019-04-22 00:00:00+09:00,20444.893486657304,21198.622278792136,20209.35323911517,20963.08203125,54850,0.0,0.0
2019-04-23 00:00:00+09:00,21292.83793179157,21292.83793179157,20115.13671875,20115.13671875,67793,0.0,0.0
2019-04-24 00:00:00+09:00,20397.784375912674,20397.784375912674,19879.59585827979,20162.244140625,44262,0.0,0.0
2019-04-25 00:00:00+09:00,20162.24559985632,21057.29855872845,20020.921448455458,20492.001953125,114471,0.0,0.0
2019-04-26 00:00:00+09:00,20586.218686995966,20963.08310231855,20068.03011592742,20444.89453125,44856,0.0,0.0
2019-04-29 00:00:00+09:00,20821.75993452051,21245.732421875,20162.247176413526,21245.732421875,46188,0.0,0.0
2019-04-30 00:00:00+09:00,21245.731352306546,21952.352128990802,20868.866938074945,21763.919921875,60644,0.0,0.0
2019-05-02 00:00:00+09:00,21811.02720698851,21811.02720698851,21198.622555388403,21528.37890625,33440,0.0,0.0
2019-05-03 00:00:00+09:00,21858.13532608696,21905.243376358696,21245.73067255435,21669.703125,30704,0.0,0.0
2019-05-07 00:00:00+09:00,21292.837342379386,21999.45805064419,21151.513200726426,21481.26953125,48773,0.0,0.0
2019-05-08 00:00:00+09:00,21481.270442987152,22988.72801793362,21245.730196901764,21999.458984375,83715,0.0,0.0
2019-05-09 00:00:00+09:00,21999.45876688728,22611.86340065502,21528.378279373635,21575.486328125,64494,0.0,0.0
2019-05-10 00:00:00+09:00,21575.487288135595,22423.43220338983,21575.487288135595,22235.0,49493,0.0,0.0
2019-05-13 00:00:00+09:00,22140.78573464324,22941.62266547076,21905.24546087044,21952.353515625,57138,0.0,0.0
2019-05-14 00:00:00+09:00,21669.703125,22329.21582880435,21104.406521739133,21669.703125,49770,0.0,0.0
2019-05-15 00:00:00+09:00,22517.648758051047,24684.619140625,22329.216550870704,24684.619140625,471996,0.0,0.0
2019-05-16 00:00:00+09:00,24873.052043726235,25061.484256178708,24072.215140803233,24778.8359375,141378,0.0,0.0
2019-05-17 00:00:00+09:00,24778.83425353357,27228.452848939927,24449.07790415194,26663.15625,350363,0.0,0.0
2019-05-20 00:00:00+09:00,26380.50927005597,26898.6978450035,25014.375754285214,25249.916015625,105709,0.0,0.0
2019-05-21 00:00:00+09:00,25155.696877872244,25956.53366986443,24778.832505170038,25626.77734375,104527,0.0,0.0
2019-05-22 00:00:00+09:00,25626.78147482014,26710.2667209982,25202.80898718525,26192.078125,147619,0.0,0.0
2019-05-23 00:00:00+09:00,26380.508169561243,27040.020873800273,25391.239113202697,25768.103515625,126312,0.0,0.0
2019-05-24 00:00:00+09:00,25438.347972972973,26380.50900900901,25249.915765765767,26144.96875,44794,0.0,0.0
2019-05-27 00:00:00+09:00,26144.968289150278,26192.076340121723,24354.862352235486,25155.69921875,149103,0.0,0.0
2019-05-28 00:00:00+09:00,24873.051104972375,25673.88797767035,24873.051104972375,25579.671875,50342,0.0,0.0
2019-05-29 00:00:00+09:00,25532.564138104837,25579.67219002016,24637.51115171371,24825.943359375,42849,0.0,0.0
2019-05-30 00:00:00+09:00,25108.59103486032,25202.80713630445,24025.105868252842,24873.05078125,55100,0.0,0.0
2019-05-31 00:00:00+09:00,24637.51052763968,25061.482984138256,24354.862223307293,24873.05078125,61581,0.0,0.0
2019-06-03 00:00:00+09:00,24590.404296875,24684.620405292146,24166.431808997844,24590.404296875,43038,0.0,0.0
2019-06-04 00:00:00+09:00,24825.944567917864,24825.944567917864,24213.539863206417,24590.404296875,41386,0.0,0.0
2019-06-05 00:00:00+09:00,24873.05055987203,25862.319616230576,24307.753956238575,25768.103515625,76367,0.0,0.0
2019-06-07 00:00:00+09:00,25720.995339912282,25720.995339912282,24166.4296875,24166.4296875,157757,0.0,0.0
2019-06-10 00:00:00+09:00,24213.53586028343,24543.292185228926,23648.23930323401,24307.751953125,117874,0.0,0.0
2019-06-11 00:00:00+09:00,24543.293667094884,24825.94196268523,24025.105125179256,24637.509765625,50892,0.0,0.0
2019-06-12 00:00:00+09:00,24590.403099798386,24873.051411290322,24213.538684475807,24825.943359375,44221,0.0,0.0
2019-06-13 00:00:00+09:00,24684.61802455357,27699.533203125,24684.61802455357,27699.533203125,201733,0.0,0.0
2019-06-14 00:00:00+09:00,27322.670045045044,27511.102252252254,26144.96875,26144.96875,84871,0.0,0.0
2019-06-17 00:00:00+09:00,26003.644594594596,26286.292905405408,25532.56407657658,26144.96875,38930,0.0,0.0
2019-06-18 00:00:00+09:00,26144.968054221292,26663.156610250906,25956.535852028708,26050.751953125,72430,0.0,0.0
2019-06-19 00:00:00+09:00,26144.968424479168,26239.184526909725,24920.159092881946,25438.34765625,60759,0.0,0.0
2019-06-20 00:00:00+09:00,25391.23742422905,25438.34547139831,24920.15695253649,25014.373046875,41198,0.0,0.0
2019-06-21 00:00:00+09:00,25249.91569697697,25249.91569697697,24496.186870201534,24543.294921875,49358,0.0,0.0
2019-06-24 00:00:00+09:00,24543.29442619555,25249.915187026516,24543.29442619555,24873.05078125,32213,0.0,0.0
2019-06-25 00:00:00+09:00,24873.050578034683,24873.050578034683,24166.42982297688,24449.078125,34657,0.0,0.0
2019-06-26 00:00:00+09:00,24449.076797779922,24778.833132239382,23930.888272200773,24401.96875,21979,0.0,0.0
2019-06-27 00:00:00+09:00,24637.509622068425,24637.509622068425,24072.213034181575,24354.861328125,34816,0.0,0.0
2019-06-28 00:00:00+09:00,24354.86181832108,24684.618167892157,23695.34911917892,24025.10546875,39594,0.0,0.0
2019-07-01 00:00:00+09:00,24401.970892137095,24449.07894405242,22941.621282762095,23365.59375,51585,0.0,0.0
2019-07-02 00:00:00+09:00,23554.025390625,23789.56564453125,23130.05293359375,23554.025390625,33114,0.0,0.0
2019-07-03 00:00:00+09:00,23554.024969362745,24590.402068014704,23459.808869485292,24025.10546875,56233,0.0,0.0
2019-07-04 00:00:00+09:00,24307.75478830645,24307.75478830645,22282.10855594758,23365.59375,109615,0.0,0.0
2019-07-05 00:00:00+09:00,23506.9182962927,23506.9182962927,22564.757242333075,22753.189453125,50551,0.0,0.0
2019-07-08 00:00:00+09:00,22423.43296318134,22611.865172955975,22093.676596075733,22470.541015625,54433,0.0,0.0
2019-07-09 00:00:00+09:00,22140.78313202623,22517.647525762848,21669.70263985546,21999.458984375,53884,0.0,0.0
2019-07-10 00:00:00+09:00,22234.998673036094,22234.998673036094,21763.91819267516,22187.890625,24190,0.0,0.0
2019-07-11 00:00:00+09:00,21952.352128990802,22140.7843361066,21622.59576653815,21763.919921875,96255,0.0,0.0
2019-07-12 00:00:00+09:00,21811.02685754654,22423.431499335107,21716.81075880984,22140.783203125,48064,0.0,0.0
2019-07-15 00:00:00+09:00,22140.784271173747,22140.784271173747,21481.271548202614,21622.595703125,31730,0.0,0.0
2019-07-16 00:00:00+09:00,21622.595074728262,21905.243376358696,21292.838722826087,21669.703125,44487,0.0,0.0
2019-07-17 00:00:00+09:00,21669.704265763274,21763.92037126659,20444.89489422013,21292.83984375,105588,0.0,0.0
2019-07-18 00:00:00+09:00,21481.272692627495,21905.245179981983,20821.75993452051,21245.732421875,57262,0.0,0.0
2019-07-19 00:00:00+09:00,20821.75863715278,21339.947200520834,20774.6505859375,21198.623046875,43534,0.0,0.0
2019-07-22 00:00:00+09:00,20821.759256681515,21339.947835467705,20821.759256681515,21151.515625,36712,0.0,0.0
2019-07-23 00:00:00+09:00,21151.513200726426,21622.59367290296,20915.972964638157,21481.26953125,60161,0.0,0.0
2019-07-24 00:00:00+09:00,21905.245886796358,21905.245886796358,21292.84116307947,21339.94921875,31164,0.0,0.0
2019-07-25 00:00:00+09:00,21575.488036014576,21575.488036014576,20868.867248808856,21010.19140625,54540,0.0,0.0
2019-07-26 00:00:00+09:00,20586.218252920888,21151.514863985078,19832.489438168635,20915.974609375,56495,0.0,0.0
2019-07-29 00:00:00+09:00,20397.78508357558,20727.541424418603,20209.35288880814,20256.4609375,33693,0.0,0.0
2019-07-30 00:00:00+09:00,20020.920621706675,20397.78500987998,19973.812573185012,20115.13671875,26141,0.0,0.0
2019-07-31 00:00:00+09:00,19785.379464285714,20868.864530187075,19314.29900085034,20774.6484375,65111,0.0,0.0
2019-08-01 00:00:00+09:00,20350.67688679245,20915.973466981133,19832.48835495283,19973.8125,37211,0.0,0.0
2019-08-02 00:00:00+09:00,19738.27375252016,20915.975050403224,19738.27375252016,20444.89453125,30536,0.0,0.0
2019-08-05 00:00:00+09:00,20209.35323459982,20774.64982857464,19125.868096148082,19644.056640625,34950,0.0,0.0
2019-08-06 00:00:00+09:00,18843.21930239899,20068.028557054924,18372.138819839016,18654.787109375,110633,0.0,0.0
2019-08-07 00:00:00+09:00,18419.2495794013,19220.08651763614,18419.2495794013,19031.654296875,57883,0.0,0.0
2019-08-08 00:00:00+09:00,19455.62275344777,21151.51238813087,19220.082526408452,20068.02734375,83286,0.0,0.0
2019-08-09 00:00:00+09:00,20492.001396996013,20821.75774131549,20209.353101865032,20680.43359375,34586,0.0,0.0
2019-08-12 00:00:00+09:00,20350.677801724138,20633.326104525862,20020.921448455458,20492.001953125,22019,0.0,0.0
2019-08-13 00:00:00+09:00,20586.217985930267,20680.434086552374,20115.137482819733,20350.677734375,28547,0.0,0.0
2019-08-14 00:00:00+09:00,21292.83829634662,21387.05439500302,19031.651928592997,19502.732421875,125455,0.0,0.0
2019-08-16 00:00:00+09:00,19031.651859032845,19832.48869468522,18372.13917084854,19361.408203125,105863,0.0,0.0
2019-08-19 00:00:00+09:00,19267.193173578886,20539.110571345707,18984.544862964038,20303.5703125,90242,0.0,0.0
2019-08-20 00:00:00+09:00,20350.677261777302,21999.458984375,20020.92091725776,21999.458984375,117722,0.0,0.0
2019-08-21 00:00:00+09:00,21669.70490922949,21763.921017530487,20915.97604282151,21245.732421875,147232,0.0,0.0
2019-08-22 00:00:00+09:00,21057.296414681994,22329.213647783592,21010.188369011565,21387.052734375,116022,0.0,0.0
2019-08-23 00:00:00+09:00,21245.72961784001,21528.37790543877,20444.89280297686,20868.865234375,88995,0.0,0.0
2019-08-26 00:00:00+09:00,20068.02943250868,21010.190438729744,19785.38113064236,20350.677734375,147593,0.0,0.0
2019-08-27 00:00:00+09:00,20539.109935619214,21434.162891529224,20115.137482819733,20350.677734375,116018,0.0,0.0
2019-08-28 00:00:00+09:00,20492.002519576567,20963.08303726798,20068.030053654293,20303.5703125,87412,0.0,0.0
2019-08-29 00:00:00+09:00,20444.893132267443,20727.541424418603,20115.13679142442,20256.4609375,38844,0.0,0.0
2019-08-30 00:00:00+09:00,20256.460790094337,20586.217128537737,19738.272258254718,19973.8125,110822,0.0,0.0
2019-09-02 00:00:00+09:00,19738.273014095277,20209.353515625,19738.273014095277,20209.353515625,41613,0.0,0.0
2019-09-03 00:00:00+09:00,20256.46264765251,20303.570700321474,19691.166015625,19691.166015625,102250,0.0,0.0
2019-09-04 00:00:00+09:00,19738.273145653733,20586.218054058907,19738.273145653733,20492.001953125,121877,0.0,0.0
2019-09-05 00:00:00+09:00,20397.786479334678,20868.8669984879,20068.03011592742,20444.89453125,104956,0.0,0.0
2019-09-06 00:00:00+09:00,20821.757446574942,20868.865495096605,19879.596476141687,20115.13671875,126568,0.0,0.0
2019-09-09 00:00:00+09:00,20115.137806732382,21339.947134542785,20115.137806732382,21057.298828125,253958,0.0,0.0
2019-09-10 00:00:00+09:00,21339.947134542785,21575.48738989094,20915.97467491611,21057.298828125,82459,0.0,0.0
2019-09-11 00:00:00+09:00,21151.514863985078,21481.27122043919,20539.110201998872,20915.974609375,91483,0.0,0.0
2019-09-16 00:00:00+09:00,21151.513445490054,21339.945636541193,20444.892729048293,20727.541015625,119825,0.0,0.0
2019-09-17 00:00:00+09:00,20963.08062287415,20963.08062287415,20492.000159438776,20774.6484375,89466,0.0,0.0
2019-09-18 00:00:00+09:00,20915.97530128924,21528.379983534192,20727.543091367716,21010.19140625,65069,0.0,0.0
2019-09-19 00:00:00+09:00,21010.18981324566,21763.91859578362,20868.865666519792,21716.810546875,96553,0.0,0.0
2019-09-20 00:00:00+09:00,21716.8132418522,22517.65017267972,21669.70518709764,21952.353515625,63092,0.0,0.0
2019-09-23 00:00:00+09:00,21999.459124768764,22376.323520910413,21858.134976215646,22282.107421875,60348,0.0,0.0
2019-09-24 00:00:00+09:00,22282.107351230054,22517.64759807181,22140.783203125,22140.783203125,33777,0.0,0.0
2019-09-25 00:00:00+09:00,22282.109198208513,22282.109198208513,21716.812558930495,21858.13671875,36227,0.0,0.0
2019-09-26 00:00:00+09:00,21716.81193296371,22423.43271169355,21575.487777217742,21905.244140625,46113,0.0,0.0
2019-09-27 00:00:00+09:00,21952.353515625,22140.78573464324,21434.16491332484,21952.353515625,29656,0.0,0.0
2019-09-30 00:00:00+09:00,21858.13740611588,22187.8937893978,21481.2729680794,21952.353515625,19895,0.0,0.0
2019-10-01 00:00:00+09:00,21952.351075251056,22329.215471392705,21716.810827662524,22282.107421875,25479,0.0,0.0
2019-10-02 00:00:00+09:00,22282.107847934665,22376.3239487716,21716.811242913067,21811.02734375,45042,0.0,0.0
2019-10-04 00:00:00+09:00,22187.891035961224,22234.999084869847,21481.270302331886,21716.810546875,36081,0.0,0.0
2019-10-07 00:00:00+09:00,21387.054344553,22234.999230460384,21387.054344553,21999.458984375,28189,0.0,0.0
2019-10-08 00:00:00+09:00,22187.89125249335,22423.431499335107,21622.594660073137,22140.783203125,56530,0.0,0.0
2019-10-10 00:00:00+09:00,21716.810689072536,22517.647525762848,21716.810689072536,21999.458984375,66494,0.0,0.0
2019-10-11 00:00:00+09:00,21905.24237928983,24072.212593155058,21905.24237928983,23506.916015625,112515,0.0,0.0
2019-10-14 00:00:00+09:00,24072.21301444274,24119.32106339468,22658.97154588446,23035.8359375,88347,0.0,0.0
2019-10-15 00:00:00+09:00,22847.404795371338,23130.0531021182,22423.432335251044,22517.6484375,52487,0.0,0.0
2019-10-16 00:00:00+09:00,22611.863242574258,23789.564453125,22564.75519415223,23789.564453125,86623,0.0,0.0
2019-10-17 00:00:00+09:00,23977.99657230453,24166.428765407123,23506.91608954806,23648.240234375,36949,0.0,0.0
2019-10-18 00:00:00+09:00,23412.699992996764,23695.348282650648,23082.943655067233,23648.240234375,25383,0.0,0.0
2019-10-21 00:00:00+09:00,23648.24186665811,23789.56602123973,22753.18888764117,22941.62109375,35853,0.0,0.0
2019-10-22 00:00:00+09:00,22941.6203970683,23082.944547358245,22564.7559962951,22847.404296875,30590,0.0,0.0
2019-10-23 00:00:00+09:00,22988.729272312376,23318.48563482505,22282.108495499495,23224.26953125,34231,0.0,0.0
2019-10-24 00:00:00+09:00,23082.94391396605,23648.2404996142,22753.187572337964,22894.51171875,37742,0.0,0.0
2019-10-25 00:00:00+09:00,22894.511168686222,23224.26750239158,22423.430691964284,23082.943359375,30098,0.0,0.0
2019-10-28 00:00:00+09:00,23459.80830439815,23459.80830439815,22847.40366994599,22894.51171875,12766,0.0,0.0
2019-10-29 00:00:00+09:00,22847.405737900153,23459.810427782013,22706.081578696645,23177.162109375,18394,0.0,0.0
2019-10-30 00:00:00+09:00,23271.375550063774,23789.564074457907,23082.943359375,23082.943359375,32309,0.0,0.0
2019-10-31 00:00:00+09:00,23506.915788424743,23554.023836096938,22941.619216358416,23082.943359375,33422,0.0,0.0
2019-11-01 00:00:00+09:00,23082.943582477455,23789.56430439003,22658.97114932991,23506.916015625,68373,0.0,0.0
2019-11-04 00:00:00+09:00,23742.45785522461,24260.646419525146,23459.809547424316,24119.322265625,55503,0.0,0.0
2019-11-05 00:00:00+09:00,24637.511474131607,24637.511474131607,23742.458476027397,24072.21484375,47154,0.0,0.0
2019-11-06 00:00:00+09:00,24025.107087690114,24778.8359375,23789.566822124525,24778.8359375,52560,0.0,0.0
2019-11-07 00:00:00+09:00,24778.83524421517,25249.91576216603,24449.07888164957,24684.619140625,40607,0.0,0.0
2019-11-08 00:00:00+09:00,24684.620405292146,25202.809001586447,24590.404296875,24590.404296875,44059,0.0,0.0
2019-11-11 00:00:00+09:00,24590.40206058318,25815.21135861989,24590.40206058318,25344.130859375,105113,0.0,0.0
2019-11-12 00:00:00+09:00,25344.130375573397,25768.10281680046,25202.806228497706,25673.88671875,44751,0.0,0.0
2019-11-13 00:00:00+09:00,25673.88686053766,25956.53515625,25014.374170542196,25956.53515625,65137,0.0,0.0
2019-11-14 00:00:00+09:00,25108.5928931693,25297.025110003593,23930.89153795498,24590.404296875,198862,0.0,0.0
2019-11-15 00:00:00+09:00,24590.402644824604,24778.834848999504,23412.701368731472,23836.673828125,136282,0.0,0.0
2019-11-18 00:00:00+09:00,23836.674520177166,24637.51141117126,23742.45841535433,23930.890625,60019,0.0,0.0
2019-11-19 00:00:00+09:00,23930.888448772545,24401.968930047595,23412.69991936999,23506.916015625,50077,0.0,0.0
2019-11-20 00:00:00+09:00,23506.9182962927,23836.674665178572,22376.32503154115,22753.189453125,99919,0.0,0.0
2019-11-21 00:00:00+09:00,22611.86557112069,23130.054157125538,21575.488399110993,21858.13671875,102885,0.0,0.0
2019-11-22 00:00:00+09:00,22140.78313202623,22140.78313202623,21622.594590638382,21999.458984375,52269,0.0,0.0
2019-11-25 00:00:00+09:00,22376.324723724625,22376.324723724625,21811.028099125266,22046.568359375,46356,0.0,0.0
2019-11-26 00:00:00+09:00,22140.783273321882,22423.431570428118,21575.486679109406,22282.107421875,43857,0.0,0.0
2019-11-27 00:00:00+09:00,22093.676985115842,22235.001144935344,21763.920612203663,21858.13671875,49300,0.0,0.0
2019-11-28 00:00:00+09:00,21905.243376358696,21952.351426630437,21434.162873641304,21669.703125,35772,0.0,0.0
2019-11-29 00:00:00+09:00,21575.48640014913,22046.566889235357,21339.94615560602,21716.810546875,44156,0.0,0.0
2019-12-02 00:00:00+09:00,21952.350003426534,21952.350003426534,20915.972964638157,21481.26953125,74323,0.0,0.0
2019-12-03 00:00:00+09:00,21481.27023062227,21952.350718135916,21245.729986865448,21575.486328125,28905,0.0,0.0
2019-12-04 00:00:00+09:00,21245.73105713912,22564.756488624476,21245.73105713912,22517.6484375,48770,0.0,0.0
2019-12-05 00:00:00+09:00,22611.863839285714,22753.18798828125,21716.81089564732,22423.431640625,37001,0.0,0.0
2019-12-06 00:00:00+09:00,22235.0,22564.756355932204,21999.459745762713,22235.0,21040,0.0,0.0
2019-12-09 00:00:00+09:00,22470.54076360887,22470.54076360887,21811.028036794356,21905.244140625,30107,0.0,0.0
2019-12-10 00:00:00+09:00,21716.812842510437,22658.973920276618,21716.812842510437,22564.7578125,73689,0.0,0.0
2019-12-11 00:00:00+09:00,22706.07952353395,23035.835865162036,22470.53927951389,22894.51171875,59768,0.0,0.0
2019-12-12 00:00:00+09:00,23130.052313193708,23130.052313193708,22282.107421875,22282.107421875,80972,0.0,0.0
2019-12-13 00:00:00+09:00,22470.541704723382,22753.190028053235,22329.217543058454,22564.7578125,22886,0.0,0.0
2019-12-16 00:00:00+09:00,22517.64975861169,22847.406135829853,22423.43365083507,22564.7578125,18504,0.0,0.0
2019-12-17 00:00:00+09:00,22706.079229298524,22941.61947026635,22329.21484375,22329.21484375,20231,0.0,0.0
2019-12-18 00:00:00+09:00,22329.215133101854,23412.700255594136,22329.215133101854,22894.51171875,96379,0.0,0.0
2019-12-19 00:00:00+09:00,23082.94391396605,23459.80830439815,22517.647328317904,22894.51171875,38812,0.0,0.0
2019-12-20 00:00:00+09:00,23035.83556665348,23035.83556665348,22282.106795556432,22329.21484375,57878,0.0,0.0
2019-12-23 00:00:00+09:00,22329.21484375,22611.863132911392,22234.998747362868,22329.21484375,37673,0.0,0.0
2019-12-24 00:00:00+09:00,22140.783273321882,22658.97181801665,22140.783273321882,22282.107421875,45113,0.0,0.0
2019-12-26 00:00:00+09:00,22282.108619624734,22376.324723724625,21999.460307325055,22046.568359375,55520,0.0,0.0
2019-12-27 00:00:00+09:00,22334.132706705732,23292.67917480469,22334.132706705732,23005.115234375,36338,400.0,0.0
2019-12-30 00:00:00+09:00,23005.113993710693,23532.314522733228,22861.33203125,22861.33203125,38285,0.0,0.0
2020-01-02 00:00:00+09:00,22909.260177453027,23244.751435281836,22813.405532359084,22957.1875,30232,0.0,0.0
2020-01-03 00:00:00+09:00,23196.822265625,23819.87740912319,22957.18567197185,23196.822265625,51600,0.0,0.0
2020-01-06 00:00:00+09:00,23100.96916246118,23388.5330939441,22525.841299495343,23148.896484375,45946,0.0,0.0
2020-01-07 00:00:00+09:00,23053.04002305328,23867.80443135246,23053.04002305328,23388.53125,62478,0.0,0.0
2020-01-08 00:00:00+09:00,23340.60422181689,23580.240815470042,22669.621759588066,23196.822265625,50779,0.0,0.0
2020-01-09 00:00:00+09:00,23676.09715544872,24490.861632458087,23388.533222386588,24299.15234375,90160,0.0,0.0
2020-01-10 00:00:00+09:00,24203.29801245211,25401.48108237548,23915.734075670498,25018.0625,152426,0.0,0.0
2020-01-13 00:00:00+09:00,25065.988160593628,25689.043315637064,24299.151046694013,24826.3515625,71337,0.0,0.0
2020-01-14 00:00:00+09:00,24922.206378929273,24922.206378929273,24251.223899496563,24395.005859375,35254,0.0,0.0
2020-01-15 00:00:00+09:00,24155.370789848195,25305.62654174573,24155.370789848195,25257.69921875,67113,0.0,0.0
2020-01-16 00:00:00+09:00,24970.132654038916,25545.260469487028,24922.205336084906,25401.478515625,34153,0.0,0.0
2020-01-17 00:00:00+09:00,25449.40818786621,25449.40818786621,24395.007095336914,24538.7890625,52185,0.0,0.0
2020-01-20 00:00:00+09:00,24586.714595241054,24586.714595241054,24011.58676845179,24107.44140625,23034,0.0,0.0
2020-01-21 00:00:00+09:00,23963.659741357715,24538.7875751503,23628.16850497871,23915.732421875,40124,0.0,0.0
2020-01-22 00:00:00+09:00,23771.95128493014,24299.15181745883,23676.096642652195,24011.587890625,33633,0.0,0.0
2020-01-23 00:00:00+09:00,24203.297175180887,24203.297175180887,23340.60539467939,24011.587890625,43076,0.0,0.0
2020-01-28 00:00:00+09:00,23196.823504876797,23867.806002951744,22717.55029196612,23340.60546875,63148,0.0,0.0
2020-01-29 00:00:00+09:00,23724.02385096396,23963.660455519155,23292.677962764617,23771.951171875,30312,0.0,0.0
2020-01-30 00:00:00+09:00,23915.7330185527,24299.151583980398,23196.823208375765,23532.314453125,30049,0.0,0.0
2020-01-31 00:00:00+09:00,23580.2412371134,23771.950515463916,23196.82268041237,23244.75,26343,0.0,0.0
2020-02-03 00:00:00+09:00,24442.93312320746,26024.534678238528,24107.441884261472,25065.98828125,386611,0.0,0.0
2020-02-04 00:00:00+09:00,24922.20703125,25353.55292217548,24347.07917668269,24922.20703125,83799,0.0,0.0
2020-02-05 00:00:00+09:00,24970.133875175892,25832.825640537056,24826.351914282364,25545.26171875,58531,0.0,0.0
2020-02-06 00:00:00+09:00,25545.262132051732,26264.17194815075,24922.206958099254,25593.189453125,54965,0.0,0.0
2020-02-07 00:00:00+09:00,25593.190062084126,25832.82667315233,25065.989517734077,25209.771484375,46369,0.0,0.0
2020-02-10 00:00:00+09:00,24970.132683805718,25497.333181928294,24490.859503694282,24730.49609375,48395,0.0,0.0
2020-02-11 00:00:00+09:00,24730.49866203248,24874.280630997786,23915.734171229084,24347.080078125,100378,0.0,0.0
2020-02-12 00:00:00+09:00,24347.078598484848,24538.787878787876,23484.386837121212,23724.0234375,138799,0.0,0.0
2020-02-13 00:00:00+09:00,23724.0235546875,24395.0060390625,23676.096234375,23963.66015625,80321,0.0,0.0
2020-02-14 00:00:00+09:00,23867.804399589142,24155.36830801793,23676.095127303288,24059.513671875,50227,0.0,0.0
2020-02-17 00:00:00+09:00,24203.296044048213,24586.714595241054,23819.87749285537,24107.44140625,71645,0.0,0.0
2020-02-18 00:00:00+09:00,24251.222913638565,25018.06000181686,23867.80436954942,24730.49609375,117533,0.0,0.0
2020-02-19 00:00:00+09:00,24874.280531609198,25401.48108237548,24442.93462643678,25018.0625,85073,0.0,0.0
2020-02-20 00:00:00+09:00,24730.497633495146,25018.06155946602,24442.933707524273,24682.5703125,58555,0.0,0.0
2020-02-21 00:00:00+09:00,24586.716054137323,24586.716054137323,23819.87890625,23819.87890625,48073,0.0,0.0
2020-02-24 00:00:00+09:00,23676.09611742424,24634.642518939392,23244.750236742424,23724.0234375,87290,0.0,0.0
2020-02-25 00:00:00+09:00,23244.75144719503,24011.58860833961,23244.75144719503,23867.806640625,42975,0.0,0.0
2020-02-26 00:00:00+09:00,23676.09587628866,23771.950515463916,22765.47680412371,23244.75,57126,0.0,0.0
2020-02-27 00:00:00+09:00,23484.387275580455,23484.387275580455,22190.349609375,22190.349609375,80016,0.0,0.0
2020-02-28 00:00:00+09:00,21902.783922230115,22286.202459161934,20369.109774502842,21088.01953125,101826,0.0,0.0
2020-03-02 00:00:00+09:00,21088.02239806867,22621.696754291846,21088.02239806867,22334.1328125,35438,0.0,0.0
2020-03-03 00:00:00+09:00,22957.186861478367,23244.75078876202,22429.986328125,22429.986328125,40198,0.0,0.0
2020-03-04 00:00:00+09:00,22094.495007780082,23484.38731846473,22094.495007780082,23100.96875,34212,0.0,0.0
2020-03-05 00:00:00+09:00,23963.660220550413,23963.660220550413,22861.33185040509,23292.677734375,48263,0.0,0.0
2020-03-06 00:00:00+09:00,23005.113993710693,23244.750597811842,22717.550068789307,22861.33203125,24435,0.0,0.0
2020-03-09 00:00:00+09:00,22382.058354417397,22765.47691295131,21854.85783643326,21902.78515625,65745,0.0,0.0
2020-03-10 00:00:00+09:00,21711.076287015556,22717.55002217522,21279.730400518558,21950.712890625,123218,0.0,0.0
2020-03-11 00:00:00+09:00,21950.71271078694,24059.51480527302,21950.71271078694,22382.05859375,117347,0.0,0.0
2020-03-12 00:00:00+09:00,22190.349256243022,22717.549778529574,20656.67500959124,21471.439453125,102834,0.0,0.0
2020-03-13 00:00:00+09:00,19650.20220860486,20848.385270105155,18691.65575940462,20225.330078125,141128,0.0,0.0
2020-03-16 00:00:00+09:00,20992.16712567446,21088.02177008393,19746.05674835132,19985.693359375,69863,0.0,0.0
2020-03-17 00:00:00+09:00,19170.927687198066,20321.18334842995,18691.654495018116,19841.91015625,68501,0.0,0.0
2020-03-18 00:00:00+09:00,20177.400866513326,20800.45600015863,18883.36328125,18883.36328125,70522,0.0,0.0
2020-03-19 00:00:00+09:00,19506.420421128863,20129.475618855337,15911.871203476125,17062.126953125,207848,0.0,0.0
2020-03-20 00:00:00+09:00,17301.76339562655,20129.47541873449,17253.836073200993,19314.7109375,129095,0.0,0.0
2020-03-23 00:00:00+09:00,17637.253562176164,19362.637062823833,17493.471603788857,18499.9453125,108463,0.0,0.0
2020-03-24 00:00:00+09:00,19266.782200863487,21854.857421875,18835.4363306949,21854.857421875,153222,0.0,0.0
2020-03-25 00:00:00+09:00,23915.73217423952,24730.4965970092,22813.403837551126,23436.458984375,499160,0.0,0.0
2020-03-26 00:00:00+09:00,23963.66193653208,23963.66193653208,21663.150390625,21663.150390625,505276,0.0,0.0
2020-03-27 00:00:00+09:00,22813.406594922737,22909.261244481237,21375.586851545253,21711.078125,162565,0.0,0.0
2020-03-30 00:00:00+09:00,21711.076287015556,22909.259305062773,20896.31183474345,21950.712890625,156546,0.0,0.0
2020-03-31 00:00:00+09:00,22621.69538073144,23196.823229394104,21806.930928459333,21950.712890625,148825,0.0,0.0
2020-04-01 00:00:00+09:00,22046.567234848484,23340.60487689394,21806.930634469696,22142.421875,240569,0.0,0.0
2020-04-02 00:00:00+09:00,23867.80684824065,24490.862047090304,22334.13251261073,24347.080078125,449359,0.0,0.0
2020-04-03 00:00:00+09:00,24874.27952578568,26407.953793271503,24395.006317196363,25353.552734375,502205,0.0,0.0
2020-04-06 00:00:00+09:00,26168.317001626394,26551.735565752788,25257.697911826206,25784.8984375,232764,0.0,0.0
2020-04-07 00:00:00+09:00,26072.462663857677,26216.24462707748,24778.42499487945,25593.189453125,166343,0.0,0.0
2020-04-08 00:00:00+09:00,25305.626019673706,25401.48066368762,24682.570833583253,24970.134765625,129862,0.0,0.0
2020-04-09 00:00:00+09:00,24970.134053703485,25257.69797754652,23867.805678971854,25113.916015625,228762,0.0,0.0
2020-04-10 00:00:00+09:00,25161.842854817707,25161.842854817707,23915.73254200769,24155.369140625,133032,0.0,0.0
2020-04-13 00:00:00+09:00,23724.024152057926,24059.515402693087,23532.31486598069,23580.2421875,82722,0.0,0.0
2020-04-14 00:00:00+09:00,23580.24188823085,24251.224380985383,23532.31456731981,23771.951171875,85126,0.0,0.0
2020-04-16 00:00:00+09:00,23532.314213734193,24634.642578125,23388.53225316148,24634.642578125,113257,0.0,0.0
2020-04-17 00:00:00+09:00,24778.425418123872,26551.736328125,24203.297555420802,26551.736328125,309984,0.0,0.0
2020-04-20 00:00:00+09:00,26168.31688262195,26360.02616381332,25257.697796962944,25545.26171875,168748,0.0,0.0
2020-04-21 00:00:00+09:00,25209.77179118774,25593.19037356322,24011.58872126437,25018.0625,124111,0.0,0.0
2020-04-22 00:00:00+09:00,24826.351682002867,25401.479520195986,24395.00580335803,25065.98828125,128832,0.0,0.0
2020-04-23 00:00:00+09:00,25161.84315636726,26168.31688262195,25113.91583606942,25545.26171875,129087,0.0,0.0
2020-04-24 00:00:00+09:00,26312.0998046875,27222.71892361111,25689.044618055555,25880.75390625,425233,0.0,0.0
2020-04-27 00:00:00+09:00,26360.02743849114,26360.02743849114,25401.48098618237,25689.044921875,129928,0.0,0.0
2020-04-28 00:00:00+09:00,25880.754727859778,26360.027963560886,25449.408815728784,25976.609375,139655,0.0,0.0
2020-04-29 00:00:00+09:00,26024.535040078994,26216.244322142193,25305.625232342005,25784.8984375,104328,0.0,0.0
2020-05-04 00:00:00+09:00,25593.188920454544,26887.2265625,25353.552320075756,26887.2265625,179645,0.0,0.0
2020-05-06 00:00:00+09:00,27797.846610915494,28708.46572403169,26743.445532570422,27222.71875,512085,0.0,0.0
2020-05-07 00:00:00+09:00,27222.71786099138,28372.97354525862,26935.15393992457,27797.845703125,270595,0.0,0.0
2020-05-08 00:00:00+09:00,28325.046875,28516.756160109984,27510.282413282574,28325.046875,153747,0.0,0.0
2020-05-11 00:00:00+09:00,28085.40866935484,30337.992641129033,27701.990120967745,29714.9375,324965,0.0,0.0
2020-05-12 00:00:00+09:00,29906.64895833333,30817.268077256944,29619.085026041666,30194.212890625,308744,0.0,0.0
2020-05-13 00:00:00+09:00,29762.8659454642,30146.28450836873,28756.392217839806,29619.083984375,242793,0.0,0.0
2020-05-14 00:00:00+09:00,29714.939586568322,31488.250497379657,29475.302976999224,30865.1953125,466632,0.0,0.0
2020-05-15 00:00:00+09:00,30769.34005859375,30769.34005859375,28372.974010416667,28756.392578125,514457,0.0,0.0
2020-05-18 00:00:00+09:00,28325.046689453124,29379.44775065104,27797.846158854165,28756.392578125,209619,0.0,0.0
2020-05-19 00:00:00+09:00,28277.119476152802,28277.119476152802,26168.31734572785,26503.80859375,509298,0.0,0.0
2020-05-20 00:00:00+09:00,26743.444602272724,27126.863162878788,26312.098721590908,26887.2265625,213692,0.0,0.0
2020-05-21 00:00:00+09:00,26791.371979391162,27797.845703125,26360.02609779095,27797.845703125,265080,0.0,0.0
2020-05-22 00:00:00+09:00,27893.700284090908,27893.700284090908,26647.589962121212,26887.2265625,174215,0.0,0.0
2020-05-25 00:00:00+09:00,27174.79183943871,27462.355774247586,26983.082549566127,27270.646484375,152611,0.0,0.0
2020-05-26 00:00:00+09:00,27318.572198275862,27558.20879650635,26168.31652676951,26407.953125,328401,0.0,0.0
2020-05-27 00:00:00+09:00,26407.95444878472,26407.95444878472,25545.26265190972,25880.75390625,190511,0.0,0.0
2020-05-28 00:00:00+09:00,26024.534801136364,26072.46212121212,24922.20643939394,25305.625,243141,0.0,0.0
2020-05-29 00:00:00+09:00,25401.479640151512,25784.898200757576,25161.843039772724,25305.625,129125,0.0,0.0
2020-06-01 00:00:00+09:00,25353.551169002756,26120.388255399816,25305.62385110294,26072.4609375,117220,0.0,0.0
2020-06-02 00:00:00+09:00,26168.317420860392,26312.099384711273,25689.04420802412,25832.826171875,118767,0.0,0.0
2020-06-03 00:00:00+09:00,25832.82605849134,26072.462663857677,25305.625526685395,25593.189453125,123510,0.0,0.0
2020-06-04 00:00:00+09:00,25593.1891554368,25832.8257580158,24970.13398873141,25784.8984375,140913,0.0,0.0
2020-06-05 00:00:00+09:00,25976.60844042056,26024.535762266354,25545.26254380841,25641.1171875,115026,0.0,0.0
2020-06-08 00:00:00+09:00,25545.261600378788,25736.970880681816,25113.915719696968,25305.625,99768,0.0,0.0
2020-06-09 00:00:00+09:00,25401.480773229563,25593.190062084126,25018.062195520437,25209.771484375,101591,0.0,0.0
2020-06-10 00:00:00+09:00,25209.77088453886,25928.680700637877,25113.916242392323,25593.189453125,153193,0.0,0.0
2020-06-11 00:00:00+09:00,25401.47982147158,25545.261782725192,24730.49733562139,24874.279296875,202454,0.0,0.0
2020-06-12 00:00:00+09:00,23244.74926466011,24490.85953451818,23100.967310445718,24059.513671875,207424,0.0,0.0
2020-06-15 00:00:00+09:00,24059.513671875,25018.060033304282,23436.458536945967,24059.513671875,202735,0.0,0.0
2020-06-16 00:00:00+09:00,25113.91595027881,25928.680399047396,24538.788104089217,25784.8984375,227928,0.0,0.0
2020-06-17 00:00:00+09:00,25784.899567105876,26264.172793260263,25401.48098618237,25689.044921875,161189,0.0,0.0
2020-06-18 00:00:00+09:00,26168.31681707974,28133.336944369614,25880.75289601293,27797.845703125,539141,0.0,0.0
2020-06-19 00:00:00+09:00,28181.263843911915,28468.827760686527,26983.080857351033,27749.91796875,256839,0.0,0.0
2020-06-22 00:00:00+09:00,27558.209398057727,27893.700642903645,27126.863511827258,27606.13671875,142454,0.0,0.0
2020-06-23 00:00:00+09:00,27893.69975685587,28660.536863573554,27318.571926817604,28181.263671875,299552,0.0,0.0
2020-06-24 00:00:00+09:00,28660.537586805556,29043.95614983974,27893.70046073718,28037.482421875,212457,0.0,0.0
2020-06-25 00:00:00+09:00,27414.426197098604,27749.917426783377,27078.934967413832,27462.353515625,149220,0.0,0.0
2020-06-26 00:00:00+09:00,27510.282599065722,28133.3377798808,26839.300096649484,27893.701171875,156115,0.0,0.0
2020-06-29 00:00:00+09:00,27318.573282082594,27701.9918544627,26599.663458869894,26983.08203125,123505,0.0,0.0
2020-06-30 00:00:00+09:00,27510.280444948476,27558.207762796817,26695.51604152666,26743.443359375,108570,0.0,0.0
2020-07-01 00:00:00+09:00,27126.86286642699,27941.62729881084,26935.153588219026,27078.935546875,102294,0.0,0.0
2020-07-02 00:00:00+09:00,27606.136764705883,28516.755859375,27174.790877757354,28516.755859375,187924,0.0,0.0
2020-07-03 00:00:00+09:00,28612.610319225994,29139.810844370862,27941.627832677983,28948.1015625,195429,0.0,0.0
2020-07-06 00:00:00+09:00,29139.811871859296,29187.73919401696,28420.902039494347,28612.611328125,111129,0.0,0.0
2020-07-07 00:00:00+09:00,28948.10208760246,29858.72119300717,28708.465480917006,29235.666015625,209156,0.0,0.0
2020-07-08 00:00:00+09:00,29379.4475139036,29571.156796212923,28229.19182004767,28277.119140625,122100,0.0,0.0
2020-07-09 00:00:00+09:00,28325.046396419704,28996.028882967716,28037.48247361341,28948.1015625,135631,0.0,0.0
2020-07-10 00:00:00+09:00,28996.028530697346,29810.79296875,28468.828011957394,29810.79296875,190032,0.0,0.0
2020-07-13 00:00:00+09:00,30194.21068548387,30194.21068548387,29187.73699596774,29714.9375,110569,0.0,0.0
2020-07-14 00:00:00+09:00,29331.521484375,29619.08542049632,28708.466289445463,29331.521484375,99480,0.0,0.0
2020-07-15 00:00:00+09:00,29427.37452651515,29619.08380681818,28372.973484848484,28468.828125,125859,0.0,0.0
2020-07-16 00:00:00+09:00,28564.683064088982,28564.683064088982,27701.991293697032,28277.119140625,132701,0.0,0.0
2020-07-17 00:00:00+09:00,28277.118726124787,28900.17388449703,28037.48212675085,28229.19140625,73524,0.0,0.0
2020-07-20 00:00:00+09:00,28325.04664640706,28325.04664640706,27797.846116609297,27845.7734375,62542,0.0,0.0
2020-07-21 00:00:00+09:00,27845.774261631646,28325.047484723415,27701.992294704116,27941.62890625,82648,0.0,0.0
2020-07-22 00:00:00+09:00,27797.845238722595,28420.900390625,27654.063280591272,28420.900390625,67029,0.0,0.0
2020-07-23 00:00:00+09:00,28229.19140625,28708.46460499788,27654.063567752546,28229.19140625,73265,0.0,0.0
2020-07-24 00:00:00+09:00,27845.773255429023,28516.75574351165,27845.773255429023,28277.119140625,44748,0.0,0.0
2020-07-27 00:00:00+09:00,28037.48313667848,28277.119744684278,27558.209920666883,27893.701171875,71642,0.0,0.0
2020-07-28 00:00:00+09:00,27893.699927137302,28229.19116337435,27701.990649287563,27749.91796875,73151,0.0,0.0
2020-07-29 00:00:00+09:00,27749.918323863636,27749.918323863636,26743.444602272724,26887.2265625,145269,0.0,0.0
2020-07-30 00:00:00+09:00,26887.226197630494,27031.00815590659,25880.752489697803,26168.31640625,202202,0.0,0.0
2020-07-31 00:00:00+09:00,26407.953837819343,27126.863651916057,25880.75330748175,26264.171875,107567,0.0,0.0
2020-08-03 00:00:00+09:00,26264.171516121907,27462.35452324426,26216.244195837015,27126.86328125,110278,0.0,0.0
2020-08-04 00:00:00+09:00,27510.28331417224,29043.95764527592,27462.35599132525,28660.5390625,257041,0.0,0.0
2020-08-05 00:00:00+09:00,29187.73930323401,29427.37591491902,28564.68411285299,28852.248046875,134837,0.0,0.0
2020-08-06 00:00:00+09:00,28900.17495580283,29043.95692075707,28277.119774334446,28804.3203125,97413,0.0,0.0
2020-08-07 00:00:00+09:00,28756.39276649746,28804.32008777496,27414.42777072758,28325.046875,157465,0.0,0.0
2020-08-10 00:00:00+09:00,28325.046761678754,28900.174614707765,27797.846229735493,28085.41015625,111211,0.0,0.0
2020-08-11 00:00:00+09:00,28133.338195486707,28660.538740887652,27462.355683158235,27941.62890625,121242,0.0,0.0
2020-08-12 00:00:00+09:00,27941.62729881084,27941.62729881084,26839.298949115044,27078.935546875,137834,0.0,0.0
2020-08-13 00:00:00+09:00,27078.936811248936,28852.247717472317,27078.936811248936,28133.337890625,170974,0.0,0.0
2020-08-14 00:00:00+09:00,28996.02770846968,28996.02770846968,26839.29837478185,27462.353515625,284222,0.0,0.0
2020-08-18 00:00:00+09:00,27558.208618164062,28325.04572753906,26168.316357421874,26839.298828125,176598,0.0,0.0
2020-08-19 00:00:00+09:00,27270.64547390408,27654.064039442273,26551.735663519965,27606.13671875,142705,0.0,0.0
2020-08-20 00:00:00+09:00,27270.6456147354,27558.209540374086,25928.68062842153,26264.171875,142092,0.0,0.0
2020-08-21 00:00:00+09:00,27126.863104619566,27941.62754415761,26647.589904891305,27558.208984375,215540,0.0,0.0
2020-08-24 00:00:00+09:00,27654.064235409936,30385.921534228593,27606.13691437803,29667.01171875,528397,0.0,0.0
2020-08-25 00:00:00+09:00,29571.156314489974,30817.26662920106,29235.665075913916,30481.775390625,222404,0.0,0.0
2020-08-26 00:00:00+09:00,30194.21330229794,30961.0504655309,29762.867397979397,30242.140625,133786,0.0,0.0
2020-08-27 00:00:00+09:00,30194.213610197367,32111.306537828947,30002.50431743421,30961.05078125,314728,0.0,0.0
2020-08-28 00:00:00+09:00,30961.049845950703,31152.759132922536,29571.157515404928,30625.55859375,177690,0.0,0.0
2020-08-31 00:00:00+09:00,31152.758357995586,31871.668166257023,29858.720703125,29858.720703125,119433,0.0,0.0
2020-09-01 00:00:00+09:00,29906.648138933124,30481.77598775876,29667.011535255773,30098.357421875,65229,0.0,0.0
2020-09-02 00:00:00+09:00,30050.431228783946,30913.12303439497,29810.794616114217,30002.50390625,75659,0.0,0.0
2020-09-03 00:00:00+09:00,29810.792137096774,30290.065322580645,29283.591633064516,29714.9375,91245,0.0,0.0
2020-09-04 00:00:00+09:00,28660.53734709087,29475.301786723892,28612.61002711246,29139.810546875,97837,0.0,0.0
2020-09-07 00:00:00+09:00,30002.501830464975,30098.356468900965,29283.592042195047,29762.865234375,87648,0.0,0.0
2020-09-08 00:00:00+09:00,30194.211828731797,30433.84843054713,29427.374702922734,29619.083984375,82559,0.0,0.0
2020-09-09 00:00:00+09:00,29235.666943121963,30002.504108843194,29043.957651691653,29571.158203125,65011,0.0,0.0
2020-09-10 00:00:00+09:00,29714.939670138887,30577.63146701389,29523.230381944442,30194.212890625,76951,0.0,0.0
2020-09-11 00:00:00+09:00,30194.21068548387,30242.13800403226,29091.882358870967,29714.9375,86288,0.0,0.0
2020-09-14 00:00:00+09:00,29714.9375,29954.574092741936,28996.027721774193,29714.9375,74267,0.0,0.0
2020-09-15 00:00:00+09:00,29714.938741472713,30002.50266477729,29379.447497617377,29858.720703125,66189,0.0,0.0
2020-09-16 00:00:00+09:00,29954.576688787638,31344.469047147384,29906.649366085578,30242.140625,153400,0.0,0.0
2020-09-17 00:00:00+09:00,29954.574986508018,30481.77550627056,28996.028586939763,29139.810546875,173747,0.0,0.0
2020-09-18 00:00:00+09:00,29667.0112428303,30290.06640625,28900.17411862144,30290.06640625,83725,0.0,0.0
2020-09-21 00:00:00+09:00,30194.21068548387,30194.21068548387,29235.66431451613,29714.9375,138863,0.0,0.0
2020-09-22 00:00:00+09:00,29810.79471124387,30242.140615425855,28900.175580193012,29331.521484375,84406,0.0,0.0
2020-09-23 00:00:00+09:00,29858.72161415712,29858.72161415712,28660.538563829785,29283.59375,67317,0.0,0.0
2020-09-24 00:00:00+09:00,28852.246804570117,29235.665366757094,28229.191641016278,28708.46484375,102658,0.0,0.0
2020-09-25 00:00:00+09:00,28804.320446875,30721.413321875,28660.53848125,29954.576171875,152544,0.0,0.0
2020-09-28 00:00:00+09:00,30146.285459375,30385.922068750002,29427.37563125,29954.576171875,46408,0.0,0.0
2020-09-29 00:00:00+09:00,30002.503271087397,30098.357914126016,29043.95684070122,29475.302734375,70347,0.0,0.0
2020-10-05 00:00:00+09:00,29379.447265625,29667.01118665885,29187.737984935768,29379.447265625,36322,0.0,0.0
2020-10-06 00:00:00+09:00,29427.373588709677,30050.42872983871,29235.66431451613,29714.9375,40734,0.0,0.0
2020-10-07 00:00:00+09:00,29379.448807061886,29714.940065870098,29187.739516314337,29331.521484375,36556,0.0,0.0
2020-10-08 00:00:00+09:00,29427.375716039278,29619.085004091652,28948.102495908344,29283.59375,43842,0.0,0.0
2020-10-12 00:00:00+09:00,29187.738164838578,29571.1567285803,28756.39228062914,28948.1015625,44791,0.0,0.0
2020-10-13 00:00:00+09:00,29235.66435256807,29331.518989789605,28852.24580368193,29043.955078125,31651,0.0,0.0
2020-10-14 00:00:00+09:00,29091.884658560008,29187.73930323401,28612.611435189992,28852.248046875,60272,0.0,0.0
2020-10-15 00:00:00+09:00,29091.884242408487,29091.884242408487,28372.974417637273,28804.3203125,47997,0.0,0.0
2020-10-16 00:00:00+09:00,28708.463886982685,28852.24584301098,28133.33606286951,28372.97265625,59964,0.0,0.0
2020-10-19 00:00:00+09:00,28516.75574351165,29043.956269862287,28133.33717889301,28277.119140625,37322,0.0,0.0
2020-10-20 00:00:00+09:00,28325.046221834215,29379.447265625,28325.046221834215,29379.447265625,88519,0.0,0.0
2020-10-21 00:00:00+09:00,29139.81137295082,29379.44797963627,28612.61083824283,29235.666015625,52722,0.0,0.0
2020-10-22 00:00:00+09:00,29187.73869428791,29283.59333696209,28660.538159579915,29235.666015625,40622,0.0,0.0
2020-10-23 00:00:00+09:00,29235.666015625,29427.37530097336,28708.465480917006,29235.666015625,23941,0.0,0.0
2020-10-26 00:00:00+09:00,29235.666516174624,29235.666516174624,28277.120073021357,28612.611328125,41158,0.0,0.0
2020-10-27 00:00:00+09:00,28564.68359375,29091.88412987626,28372.974307885906,28564.68359375,28640,0.0,0.0
2020-10-28 00:00:00+09:00,28325.047707950365,29331.521484375,28325.047707950365,29331.521484375,25995,0.0,0.0
2020-10-29 00:00:00+09:00,28516.75457340656,29283.591671178838,28468.827254795793,29043.955078125,52226,0.0,0.0
2020-10-30 00:00:00+09:00,29091.88286190451,29091.88286190451,28277.118432493677,28420.900390625,32239,0.0,0.0
2020-11-02 00:00:00+09:00,28420.900922109766,28708.46484375,28277.11896128965,28708.46484375,19893,0.0,0.0
2020-11-03 00:00:00+09:00,28756.392990848588,29043.95692075707,28516.756382591517,28804.3203125,23047,0.0,0.0
2020-11-04 00:00:00+09:00,28804.3188967257,29331.519408978584,28516.754980951402,29091.8828125,44565,0.0,0.0
2020-11-05 00:00:00+09:00,29331.52076981707,29667.012020452235,28948.1021976626,29475.302734375,45145,0.0,0.0
2020-11-06 00:00:00+09:00,29762.866010451162,29762.866010451162,28660.53763969371,28948.1015625,46568,0.0,0.0
2020-11-09 00:00:00+09:00,28996.03032242893,29139.8122909699,28516.75709395903,28660.5390625,45932,0.0,0.0
2020-11-10 00:00:00+09:00,28612.61014614763,28612.61014614763,27701.991062769397,27797.845703125,94243,0.0,0.0
2020-11-11 00:00:00+09:00,27701.992702536387,28181.265932684077,27558.21073349208,27989.556640625,46068,0.0,0.0
2020-11-12 00:00:00+09:00,28037.481465587156,28612.609290522276,27558.20827814122,27701.990234375,60229,0.0,0.0
2020-11-13 00:00:00+09:00,27893.70098350254,28372.974196277497,27606.137055837564,28325.046875,41593,0.0,0.0
2020-11-16 00:00:00+09:00,28612.609619542836,29427.374047570018,28372.973023064253,29091.8828125,100543,0.0,0.0
2020-11-17 00:00:00+09:00,28612.61002711246,29523.229106702303,28612.61002711246,29139.810546875,51971,0.0,0.0
2020-11-18 00:00:00+09:00,29187.737451091434,29427.374047570018,28900.173535317135,29091.8828125,41746,0.0,0.0
2020-11-19 00:00:00+09:00,29043.956503906247,29043.956503906247,28564.68329427083,28756.392578125,47842,0.0,0.0
2020-11-20 00:00:00+09:00,28708.464725378788,28996.028645833332,28420.90080492424,28468.828125,55694,0.0,0.0
2020-11-23 00:00:00+09:00,28708.46638534699,28948.10299958194,28516.75709395903,28660.5390625,57274,0.0,0.0
2020-11-24 00:00:00+09:00,28756.392045454544,28900.174005681816,28372.973484848484,28468.828125,55604,0.0,0.0
2020-11-25 00:00:00+09:00,28372.973423913045,28564.68270380435,27462.35434442935,27558.208984375,150998,0.0,0.0
2020-11-26 00:00:00+09:00,27797.844745309772,27893.699382362567,27318.571560045813,27462.353515625,71479,0.0,0.0
2020-11-27 00:00:00+09:00,27462.354870374355,28181.264683734942,27414.42754948365,27845.7734375,53891,0.0,0.0
2020-11-30 00:00:00+09:00,27893.70046073718,28516.755625667734,27893.70046073718,28037.482421875,59765,0.0,0.0
2020-12-01 00:00:00+09:00,28229.19253420464,28420.90182136393,27893.701281675894,28133.337890625,40812,0.0,0.0
2020-12-02 00:00:00+09:00,28229.192423083117,28372.9743878866,27797.846528672682,27893.701171875,46901,0.0,0.0
2020-12-03 00:00:00+09:00,27845.77385027384,28037.48313667848,27654.0645638692,27893.701171875,29792,0.0,0.0
2020-12-04 00:00:00+09:00,27701.99094429348,27893.700224184784,27462.35434442935,27558.208984375,43867,0.0,0.0
2020-12-07 00:00:00+09:00,27462.356188322367,27797.847450657893,27126.86492598684,27318.57421875,53001,0.0,0.0
2020-12-08 00:00:00+09:00,27126.863511827258,27797.846001519098,27126.863511827258,27606.13671875,49140,0.0,0.0
2020-12-09 00:00:00+09:00,27606.135888501743,27749.917846254357,27414.426611498257,27510.28125,34283,0.0,0.0
2020-12-10 00:00:00+09:00,27510.281203497023,28181.263671875,27270.644607647748,28181.263671875,63917,0.0,0.0
2020-12-11 00:00:00+09:00,28133.338511183112,28660.5390625,27845.77457410117,28660.5390625,76521,0.0,0.0
2020-12-14 00:00:00+09:00,28756.393808861303,28756.393808861303,27749.920025551157,27989.556640625,93254,0.0,0.0
2020-12-15 00:00:00+09:00,28085.409446625636,28660.53728512309,27893.700167126488,28229.19140625,56520,0.0,0.0
2020-12-16 00:00:00+09:00,28468.827586894135,28708.46418274341,28037.481714365433,28181.263671875,38430,0.0,0.0
2020-12-17 00:00:00+09:00,28516.75668380967,28660.538650282662,28181.26542870603,28612.611328125,42279,0.0,0.0
2020-12-18 00:00:00+09:00,28516.755269874586,29139.81042703151,28420.900630311982,28900.173828125,70043,0.0,0.0
2020-12-21 00:00:00+09:00,28948.1011479063,29139.81042703151,28372.97331053068,28900.173828125,32206,0.0,0.0
2020-12-22 00:00:00+09:00,28948.102051607446,28948.102051607446,28325.046875,28325.046875,53386,0.0,0.0
2020-12-23 00:00:00+09:00,28468.828538602942,28756.392463235294,27797.84604779412,28516.755859375,75340,0.0,0.0
2020-12-24 00:00:00+09:00,28612.61083824283,29235.666015625,28372.974231557375,29235.666015625,55977,0.0,0.0
2020-12-28 00:00:00+09:00,29235.665716612377,29427.375,28660.53786644951,29427.375,95912,0.0,0.0
2020-12-29 00:00:00+09:00,30013.966796875,30502.79361767101,29378.491929840187,30013.966796875,58620,600.0,0.0
2020-12-30 00:00:00+09:00,30111.732291666667,30405.028385416666,29720.670833333334,30062.849609375,45562,0.0,0.0
2021-01-04 00:00:00+09:00,30013.965605630165,30013.965605630165,29378.490763817146,29574.021484375,64945,0.0,0.0
2021-01-05 00:00:00+09:00,29525.139708961473,29622.90507223618,28645.25143948911,29182.9609375,110322,0.0,0.0
2021-01-06 00:00:00+09:00,29085.19557422529,29378.491664049412,28889.66484767588,29182.9609375,55767,0.0,0.0
2021-01-07 00:00:00+09:00,29329.609113712377,29867.318614130436,29036.313022575254,29231.84375,69792,0.0,0.0
2021-01-08 00:00:00+09:00,29280.726300774706,29622.90507223618,29085.19557422529,29182.9609375,98973,0.0,0.0
2021-01-11 00:00:00+09:00,29329.608269457545,31089.384765625,29231.842908559356,31089.384765625,209227,0.0,0.0
2021-01-12 00:00:00+09:00,31089.38432949029,31089.38432949029,29916.200015169903,30209.49609375,96163,0.0,0.0
2021-01-13 00:00:00+09:00,30258.380207273003,30747.207028069013,29867.318750636197,30013.966796875,69983,0.0,0.0
2021-01-14 00:00:00+09:00,30258.379563551684,31431.563908503605,30013.966158353367,30502.79296875,129018,0.0,0.0
2021-01-15 00:00:00+09:00,30991.619140625,31382.68058088525,30502.792340299682,30991.619140625,97979,0.0,0.0
2021-01-18 00:00:00+09:00,30991.619404726807,31089.384765625,30356.14455888856,31089.384765625,75395,0.0,0.0
2021-01-19 00:00:00+09:00,31138.267687851123,31138.267687851123,30209.49675210674,30453.91015625,61804,0.0,0.0
2021-01-20 00:00:00+09:00,30844.97214210962,31529.32968567465,30502.793370327105,31382.681640625,86175,0.0,0.0
2021-01-21 00:00:00+09:00,31382.682031250002,31627.095442708334,31040.503255208336,31529.330078125,61782,0.0,0.0
2021-01-22 00:00:00+09:00,31382.682031250002,31920.391536458334,31089.3859375,31529.330078125,38601,0.0,0.0
2021-01-25 00:00:00+09:00,31529.32904764187,32213.68657735813,30649.44079514954,31871.5078125,72837,0.0,0.0
2021-01-26 00:00:00+09:00,32067.038799694186,32067.038799694186,31333.798583237767,31969.2734375,38032,0.0,0.0
2021-01-27 00:00:00+09:00,32115.921875,32458.100646879757,31675.977739726026,32115.921875,54253,0.0,0.0
2021-01-28 00:00:00+09:00,31675.97786255832,32067.039317651634,30893.854952371697,31431.564453125,59995,0.0,0.0
2021-01-29 00:00:00+09:00,32360.334042999606,32409.216722822868,29818.434692189967,30942.736328125,83920,0.0,0.0
2021-02-01 00:00:00+09:00,30698.32435508346,32458.10091047041,30502.79362670713,32213.6875,49960,0.0,0.0
2021-02-02 00:00:00+09:00,32213.685200493666,33386.869487006334,31529.32770002794,32800.27734375,74473,0.0,0.0
2021-02-03 00:00:00+09:00,32898.04267857143,34608.93642857143,32800.27732142857,34217.875,109233,0.0,0.0
2021-02-04 00:00:00+09:00,34217.87747187953,34560.05624659833,32898.04505510704,33680.16796875,60569,0.0,0.0
2021-02-05 00:00:00+09:00,33729.04823723919,33729.04823723919,32555.863950726525,32800.27734375,32147,0.0,0.0
2021-02-08 00:00:00+09:00,32409.217602110748,33631.28463084796,32409.217602110748,33435.75390625,29149,0.0,0.0
2021-02-09 00:00:00+09:00,33435.75520082853,34071.23008037644,32995.81105344921,33924.58203125,31498,0.0,0.0
2021-02-10 00:00:00+09:00,35537.70923056723,36173.18408613445,34217.876838235294,34902.234375,158456,0.0,0.0
2021-02-15 00:00:00+09:00,35097.76462204392,36857.54112119933,35048.88194151183,36173.18359375,76923,0.0,0.0
2021-02-16 00:00:00+09:00,36368.71444838057,37101.9546590334,35684.35691843792,36222.06640625,45741,0.0,0.0
2021-02-17 00:00:00+09:00,36613.12864478748,36613.12864478748,35733.24037295013,36515.36328125,47018,0.0,0.0
2021-02-18 00:00:00+09:00,36564.24609375,36759.776821524065,35782.12318265374,36564.24609375,38761,0.0,0.0
2021-02-19 00:00:00+09:00,36417.595785952464,36417.595785952464,34902.23273982558,35733.23828125,63137,0.0,0.0
2021-02-22 00:00:00+09:00,35782.12168493635,35782.12168493635,34266.75860811528,34560.0546875,63767,0.0,0.0
2021-02-23 00:00:00+09:00,34266.760413054784,35488.827474861304,34168.995048110264,35244.4140625,57990,0.0,0.0
2021-02-24 00:00:00+09:00,35146.64788435219,35146.64788435219,33484.63671875,33484.63671875,67409,0.0,0.0
2021-02-25 00:00:00+09:00,34071.228666286814,35195.53032959327,34022.34598527349,34853.3515625,59909,0.0,0.0
2021-02-26 00:00:00+09:00,34022.34661155523,34217.87733920785,33289.10638285792,33631.28515625,52636,0.0,0.0
2021-03-02 00:00:00+09:00,34951.11572265625,34999.99840198864,33533.518022017044,34413.40625,45627,0.0,0.0
2021-03-03 00:00:00+09:00,34364.525651041666,34413.40833333333,33631.285416666666,33729.05078125,32619,0.0,0.0
2021-03-04 00:00:00+09:00,33680.16742945429,33680.16742945429,32555.865759095148,32751.396484375,74884,0.0,0.0
2021-03-05 00:00:00+09:00,32262.569920091322,32849.16210045662,31675.977739726026,32115.921875,52661,0.0,0.0
2021-03-08 00:00:00+09:00,31969.273173888036,32702.513384298312,31773.742451111964,31871.5078125,65164,0.0,0.0
2021-03-09 00:00:00+09:00,31871.508190917968,32262.56964111328,30796.08920288086,31284.916015625,54101,0.0,0.0
2021-03-10 00:00:00+09:00,31578.212498784993,31920.39127199164,31284.916407465007,31431.564453125,59826,0.0,0.0
2021-03-11 00:00:00+09:00,31382.68102862631,32604.748046875,31382.68102862631,32604.748046875,43510,0.0,0.0
2021-03-12 00:00:00+09:00,32946.92641072101,32946.92641072101,31871.50744775979,32458.099609375,71139,0.0,0.0
2021-03-15 00:00:00+09:00,32360.33515148628,32360.33515148628,31871.508336509145,32067.0390625,32638,0.0,0.0
2021-03-16 00:00:00+09:00,32213.68660103542,32898.04413125468,32213.68660103542,32604.748046875,24442,0.0,0.0
2021-03-17 00:00:00+09:00,32555.865234375,32898.04399809967,32311.451831714527,32555.865234375,20291,0.0,0.0
2021-03-18 00:00:00+09:00,32702.513041927465,33240.22252393225,32555.865001380706,33191.33984375,33595,0.0,0.0
2021-03-19 00:00:00+09:00,33093.57448338549,33337.98788429676,32653.630361745214,33191.33984375,26609,0.0,0.0
2021-03-22 00:00:00+09:00,33533.51979242369,33631.28515625,32751.396881813227,33631.28515625,42457,0.0,0.0
2021-03-23 00:00:00+09:00,33582.40088179549,33631.28356139053,32849.16068786982,33044.69140625,46901,0.0,0.0
2021-03-24 00:00:00+09:00,33044.69257229478,33142.4579349347,32262.56967117537,32751.396484375,31848,0.0,0.0
2021-03-25 00:00:00+09:00,32800.27874568635,32849.16142638037,31578.21172833589,31871.5078125,64785,0.0,0.0
2021-03-26 00:00:00+09:00,31871.508854166666,31920.391536458334,31236.033984375,31529.330078125,48966,0.0,0.0
2021-03-29 00:00:00+09:00,31529.32942199707,31724.86014709473,30893.854565429687,31284.916015625,73439,0.0,0.0
2021-03-30 00:00:00+09:00,31138.268490998642,31578.21262980396,31138.268490998642,31480.447265625,43556,0.0,0.0
2021-03-31 00:00:00+09:00,31529.329198049214,33875.6978825552,31284.915793413173,32653.630859375,86586,0.0,0.0
2021-04-01 00:00:00+09:00,34413.40671091445,34413.40671091445,32702.51291136615,33142.45703125,33521,0.0,0.0
2021-04-02 00:00:00+09:00,33240.22225812408,33582.401016663585,32604.74742083641,33093.57421875,38931,0.0,0.0
2021-04-05 00:00:00+09:00,33240.222896364314,33240.222896364314,32409.21732395521,32604.748046875,24978,0.0,0.0
2021-04-06 00:00:00+09:00,32604.74844041511,32995.809890974815,32458.100396455222,32751.396484375,22624,0.0,0.0
2021-04-07 00:00:00+09:00,32751.39542225264,32800.27810198735,32360.333984375,32360.333984375,27109,0.0,0.0
2021-04-08 00:00:00+09:00,32458.099476809955,32995.80895609446,32262.568757070138,32409.216796875,36629,0.0,0.0
2021-04-09 00:00:00+09:00,32360.33411694005,32555.864836679866,32067.03803733032,32409.216796875,26548,0.0,0.0
2021-04-12 00:00:00+09:00,32458.100248470946,32458.100248470946,31773.74271311162,31969.2734375,39592,0.0,0.0
2021-04-13 00:00:00+09:00,31969.273305895866,32409.217433958653,31627.09453962481,31920.390625,47522,0.0,0.0
2021-04-14 00:00:00+09:00,31871.507187027946,32360.333984375,31773.741827558533,32360.333984375,26518,0.0,0.0
2021-04-15 00:00:00+09:00,32409.218359375,32458.10104166667,31871.508854166666,32262.5703125,47593,0.0,0.0
2021-04-16 00:00:00+09:00,32311.453125,32409.21848997731,31969.274347579427,32311.453125,29439,0.0,0.0
2021-04-19 00:00:00+09:00,32311.452592606114,32311.452592606114,31284.916277258566,31382.681640625,121380,0.0,0.0
2021-04-20 00:00:00+09:00,31480.447003991434,31529.32968567465,31040.502868842486,31382.681640625,86198,0.0,0.0
2021-04-21 00:00:00+09:00,31431.56471354167,31578.212760416667,31138.268619791666,31529.330078125,86225,0.0,0.0
2021-04-22 00:00:00+09:00,31578.212498784993,31578.212498784993,31187.15104369168,31431.564453125,76199,0.0,0.0
2021-04-23 00:00:00+09:00,31284.91653418124,31284.91653418124,30698.32434916534,30747.20703125,158308,0.0,0.0
2021-04-26 00:00:00+09:00,31236.033071488047,31333.798433214146,30698.323581994515,31187.150390625,55600,0.0,0.0
2021-04-27 00:00:00+09:00,30844.971754572573,31284.91588419405,30844.971754572573,31236.033203125,35822,0.0,0.0
2021-04-28 00:00:00+09:00,31138.26807679521,31187.15075823445,29867.318359375,29867.318359375,152197,0.0,0.0
2021-04-29 00:00:00+09:00,30062.849085131955,30453.910536645868,29525.139589300325,29867.318359375,75136,0.0,0.0
2021-04-30 00:00:00+09:00,29867.318228099382,30111.73163422131,29427.374097079915,29818.435546875,77612,0.0,0.0
2021-05-03 00:00:00+09:00,29965.084114795398,30698.32434598941,29769.553386476993,30013.966796875,77083,0.0,0.0
2021-05-04 00:00:00+09:00,29818.436197916668,30258.38033854167,29378.492057291667,30062.849609375,69167,0.0,0.0
2021-05-06 00:00:00+09:00,29916.20182080632,30356.145965229945,29769.553772665113,30160.615234375,63588,0.0,0.0
2021-05-07 00:00:00+09:00,30405.027988408907,30405.027988408907,29867.318490221613,29916.201171875,55266,0.0,0.0
2021-05-10 00:00:00+09:00,30356.14439894153,30796.088520665322,30209.496358366934,30307.26171875,257260,0.0,0.0
2021-05-11 00:00:00+09:00,30013.966796875,30160.614843113803,29622.90534023819,30013.966796875,112918,0.0,0.0
2021-05-12 00:00:00+09:00,29818.43646179402,29916.201827242523,29231.84426910299,29427.375,156449,0.0,0.0
2021-05-13 00:00:00+09:00,28840.781513935814,29329.608319256757,28840.781513935814,28938.546875,101349,0.0,0.0
2021-05-14 00:00:00+09:00,29329.60845278246,29329.60845278246,28840.781645236086,28987.4296875,50574,0.0,0.0
2021-05-17 00:00:00+09:00,29329.608701508623,29329.608701508623,27960.89362877155,28351.955078125,102531,0.0,0.0
2021-05-18 00:00:00+09:00,28351.955729166668,28498.603776041666,27716.480859375002,27863.12890625,137350,0.0,0.0
2021-05-20 00:00:00+09:00,27912.011195160936,28058.659239969136,27667.597787147264,27716.48046875,114481,0.0,0.0
2021-05-21 00:00:00+09:00,27960.892669130826,28400.836784554212,27227.652476758514,27276.53515625,142877,0.0,0.0
2021-05-24 00:00:00+09:00,27667.59672685599,27667.59672685599,27129.88724983229,27325.41796875,66676,0.0,0.0
2021-05-25 00:00:00+09:00,27374.301955184535,27863.128775812827,27374.301955184535,27814.24609375,81265,0.0,0.0
2021-05-26 00:00:00+09:00,28009.775756183157,28009.775756183157,27374.30091354724,27423.18359375,97374,0.0,0.0
2021-05-27 00:00:00+09:00,27667.59804756151,27814.24609375,27520.95000137302,27814.24609375,82250,0.0,0.0
2021-05-28 00:00:00+09:00,27960.89453125,28351.955993225525,27912.011848503058,27960.89453125,79687,0.0,0.0
2021-05-31 00:00:00+09:00,27960.89453125,28107.542579490822,27814.246483009178,27960.89453125,74304,0.0,0.0
2021-06-01 00:00:00+09:00,28058.658599165945,28547.485404029463,27960.893238193243,28205.306640625,115185,0.0,0.0
2021-06-02 00:00:00+09:00,28254.190627731645,28254.190627731645,27912.011848503058,27960.89453125,70336,0.0,0.0
2021-06-03 00:00:00+09:00,28009.777213996942,28058.65989674388,27765.36380026224,27960.89453125,55319,0.0,0.0
2021-06-04 00:00:00+09:00,28058.65937224912,28058.65937224912,27569.832553917255,27765.36328125,62471,0.0,0.0
2021-06-07 00:00:00+09:00,27814.24543578236,27912.010797595303,27520.94935034353,27569.83203125,57063,0.0,0.0
2021-06-08 00:00:00+09:00,27765.362622113676,27765.362622113676,27472.066538077263,27520.94921875,52009,0.0,0.0
2021-06-09 00:00:00+09:00,27618.715235750442,27960.894008582745,27569.832553917255,27765.36328125,112829,0.0,0.0
2021-06-10 00:00:00+09:00,27765.363667875426,29134.07877826365,27765.363667875426,28645.251953125,192509,0.0,0.0
2021-06-11 00:00:00+09:00,29036.312103426397,29085.194783735195,28547.485300338412,28889.6640625,93495,0.0,0.0
2021-06-14 00:00:00+09:00,28889.66484767588,29476.257027324118,28743.016802763817,29182.9609375,106260,0.0,0.0
2021-06-15 00:00:00+09:00,29182.959741709183,29280.725100977892,28743.015625,28743.015625,74803,0.0,0.0
2021-06-16 00:00:00+09:00,28743.01588983051,29085.194650423728,28645.250529661014,28840.78125,41458,0.0,0.0
2021-06-17 00:00:00+09:00,28645.250529661014,29134.077330508473,28449.719809322032,28840.78125,63324,0.0,0.0
2021-06-18 00:00:00+09:00,28889.66497038486,28889.66497038486,28351.95547009005,28498.603515625,87671,0.0,0.0
2021-06-21 00:00:00+09:00,28400.837759294183,28694.13384630927,28156.424353448278,28351.955078125,79877,0.0,0.0
2021-06-22 00:00:00+09:00,28351.95547009005,28596.368879314963,28351.95547009005,28498.603515625,51123,0.0,0.0
2021-06-23 00:00:00+09:00,28498.60262002961,28889.6640625,28351.954579103218,28889.6640625,73938,0.0,0.0
2021-06-24 00:00:00+09:00,28840.78228853988,28987.430334074827,28058.65937902015,28498.603515625,102172,0.0,0.0
2021-06-25 00:00:00+09:00,28449.720703125,28743.01679284794,28351.95533988402,28449.720703125,41680,0.0,0.0
2021-06-28 00:00:00+09:00,28449.720833780015,28840.78228853988,28400.838151935033,28498.603515625,69404,0.0,0.0
2021-06-29 00:00:00+09:00,28547.486066365982,28596.36874798647,28351.95533988402,28449.720703125,64428,0.0,0.0
2021-06-30 00:00:00+09:00,28694.13362523129,29720.669921875,28449.720221268504,29720.669921875,181990,0.0,0.0
2021-07-01 00:00:00+09:00,29720.671096345515,29965.08450996678,29182.961586378737,29427.375,83653,0.0,0.0
2021-07-02 00:00:00+09:00,29720.670302013423,29720.670302013423,28938.547399328858,29134.078125,97061,0.0,0.0
2021-07-05 00:00:00+09:00,29085.19570443144,29671.787886705686,29085.19570443144,29231.84375,83545,0.0,0.0
2021-07-06 00:00:00+09:00,29231.84426910299,29622.905730897008,29134.078903654485,29427.375,80689,0.0,0.0
2021-07-07 00:00:00+09:00,29280.726182104132,30013.966403692717,29036.312774907936,29867.318359375,108160,0.0,0.0
2021-07-08 00:00:00+09:00,29769.552983431207,29769.552983431207,28889.664717911073,29134.078125,129701,0.0,0.0
2021-07-09 00:00:00+09:00,28840.78215608892,29085.195564191366,28058.659250161083,28449.720703125,114286,0.0,0.0
2021-07-12 00:00:00+09:00,29134.078379609775,29134.078379609775,28449.720833780015,28498.603515625,57801,0.0,0.0
2021-07-13 00:00:00+09:00,28694.13424958194,29231.84375,28498.60352215719,29231.84375,59721,0.0,0.0
2021-07-14 00:00:00+09:00,28840.782423831384,29280.7265625,28645.251695534225,29280.7265625,70783,0.0,0.0
2021-07-15 00:00:00+09:00,29280.72695182724,29769.553779069767,29036.31353820598,29427.375,99560,0.0,0.0
2021-07-16 00:00:00+09:00,29476.25625580136,29622.904296875,28987.429452222565,29622.904296875,81646,0.0,0.0
2021-07-19 00:00:00+09:00,29378.4908950856,29720.66965759076,29182.960173654083,29622.904296875,62933,0.0,0.0
2021-07-20 00:00:00+09:00,29329.608850671142,29525.13957634228,29134.078125,29134.078125,61091,0.0,0.0
2021-07-21 00:00:00+09:00,29182.96119835142,29476.257290797163,29085.195834202837,29280.7265625,57668,0.0,0.0
2021-07-22 00:00:00+09:00,29769.55311714824,29769.55311714824,29134.078255862645,29182.9609375,32980,0.0,0.0
2021-07-23 00:00:00+09:00,29231.84401041667,29476.257421875,28987.430598958334,29329.609375,40195,0.0,0.0
2021-07-26 00:00:00+09:00,29329.608083677685,29916.20024535124,29231.84272339876,29574.021484375,72760,0.0,0.0
2021-07-27 00:00:00+09:00,29525.14010416667,29720.670833333334,29231.84401041667,29329.609375,44623,0.0,0.0
2021-07-28 00:00:00+09:00,29329.60845278246,29378.4911335371,28938.54700674536,28987.4296875,50251,0.0,0.0
2021-07-29 00:00:00+09:00,28987.42906237044,29671.786578176827,28987.42906237044,29476.255859375,56159,0.0,0.0
2021-07-30 00:00:00+09:00,29427.375,29574.023048172756,29036.31353820598,29427.375,46552,0.0,0.0
2021-08-02 00:00:00+09:00,29427.37373141077,30942.736830536578,29427.37373141077,30405.02734375,241337,0.0,0.0
2021-08-03 00:00:00+09:00,30796.08881353022,31529.32902337618,30405.027368279043,31138.267578125,179240,0.0,0.0
2021-08-04 00:00:00+09:00,30991.62033293968,35586.59243277616,30942.737651026524,33631.28515625,1060378,0.0,0.0
2021-08-05 00:00:00+09:00,33826.81409801136,35439.94251598011,33533.518022017044,34413.40625,488821,0.0,0.0
2021-08-06 00:00:00+09:00,34657.81924259986,35684.355496611985,33826.81370363766,34266.7578125,359278,0.0,0.0
2021-08-09 00:00:00+09:00,34755.585139627656,37981.84198803191,33631.2835106383,34462.2890625,900475,0.0,0.0
2021-08-10 00:00:00+09:00,34902.23260916096,38372.90279858733,31773.741170804795,35684.35546875,2565315,0.0,0.0
2021-08-11 00:00:00+09:00,36955.30835635359,40621.50958218232,34217.8781077348,35391.0625,1638021,0.0,0.0
2021-08-12 00:00:00+09:00,35831.006119791666,35831.006119791666,33582.402734375,33729.05078125,438813,0.0,0.0
2021-08-13 00:00:00+09:00,33729.04899964589,35537.70814890227,33191.339522839946,34511.171875,726389,0.0,0.0
2021-08-17 00:00:00+09:00,33484.63750472769,33875.69896463691,32115.922395045385,32311.453125,368194,0.0,0.0
2021-08-18 00:00:00+09:00,32018.155488163593,33191.33981139401,31969.27280802899,32458.099609375,220863,0.0,0.0
2021-08-19 00:00:00+09:00,32018.15569415782,32604.747859546973,31089.384765625,31089.384765625,283917,0.0,0.0
2021-08-20 00:00:00+09:00,31089.385258709015,31578.212070952868,29720.670184426228,29818.435546875,329567,0.0,0.0
2021-08-23 00:00:00+09:00,30307.262244591348,30796.08905498798,30111.73152043269,30502.79296875,135779,0.0,0.0
2021-08-24 00:00:00+09:00,30307.262244591348,31382.68122746394,30013.966158353367,30502.79296875,199384,0.0,0.0
2021-08-25 00:00:00+09:00,30551.674852093445,30893.85361043689,29769.551975879855,30209.49609375,148445,0.0,0.0
2021-08-26 00:00:00+09:00,30356.14439894153,31040.501921622985,30111.730997983872,30307.26171875,146091,0.0,0.0
2021-08-27 00:00:00+09:00,30453.90994623656,31920.390360983103,29769.55241935484,31822.625,249089,0.0,0.0
2021-08-30 00:00:00+09:00,32018.15623474121,32409.217684936524,30991.619927978518,31284.916015625,195453,0.0,0.0
2021-08-31 00:00:00+09:00,31382.680981406986,31578.211704032576,30551.675410248234,31138.267578125,125915,0.0,0.0
2021-09-01 00:00:00+09:00,31187.15104369168,31675.97786255832,30991.620316145025,31431.564453125,150335,0.0,0.0
2021-09-02 00:00:00+09:00,31578.212247522864,32653.63124047256,30991.620069550307,32067.0390625,189911,0.0,0.0
2021-09-03 00:00:00+09:00,32800.27800827478,34022.34499815089,32213.685853134244,33044.69140625,234308,0.0,0.0
2021-09-06 00:00:00+09:00,33191.33981139401,33484.635892201615,32213.686208701994,32458.099609375,149118,0.0,0.0
2021-09-07 00:00:00+09:00,32458.10091047041,32604.748956752654,31529.32995068285,32213.6875,108048,0.0,0.0
2021-09-08 00:00:00+09:00,31675.97785628981,31920.391265674763,30600.55885499602,30698.32421875,191909,0.0,0.0
2021-09-09 00:00:00+09:00,30893.855080551242,32555.866271593553,30307.262895477485,31480.447265625,296567,0.0,0.0
2021-09-10 00:00:00+09:00,31480.44712878185,31578.21249253583,30356.145445611066,30698.32421875,143529,0.0,0.0
2021-09-13 00:00:00+09:00,31333.79871183206,32018.15625,31089.385305343512,32018.15625,201186,0.0,0.0
2021-09-14 00:00:00+09:00,31724.86017665578,32995.809890974815,31382.681407416043,32751.396484375,218693,0.0,0.0
2021-09-15 00:00:00+09:00,32751.395519868827,34755.58539496528,31333.79780333719,31675.9765625,645793,0.0,0.0
2021-09-16 00:00:00+09:00,31480.446608470265,31627.094651677424,30844.971754572573,31236.033203125,138830,0.0,0.0
2021-09-17 00:00:00+09:00,31138.267083815586,31773.741922260804,30747.205644772377,31675.9765625,121084,0.0,0.0
2021-09-23 00:00:00+09:00,31529.330078125,31969.27421875,30796.08984375,31529.330078125,61176,0.0,0.0
2021-09-24 00:00:00+09:00,31529.328889666864,31773.742291912342,31089.384765625,31089.384765625,66706,0.0,0.0
2021-09-27 00:00:00+09:00,31382.681771238338,32018.156635764968,31040.502998031687,31431.564453125,99541,0.0,0.0
2021-09-28 00:00:00+09:00,31187.149993848427,31480.446075295276,30893.853912401577,31040.501953125,82483,0.0,0.0
2021-09-29 00:00:00+09:00,30747.205706027868,31187.14982582795,30062.84818633885,30258.37890625,126388,0.0,0.0
2021-09-30 00:00:00+09:00,30796.089713334655,33826.816002583466,30405.02825665739,30747.20703125,231062,0.0,0.0
2021-10-01 00:00:00+09:00,30307.26137329932,30307.26137329932,28009.775430484693,28743.015625,375098,0.0,0.0
2021-10-05 00:00:00+09:00,28645.25089884299,29085.195025275734,28009.776049551252,28254.189453125,104940,0.0,0.0
2021-10-06 00:00:00+09:00,27716.48020602876,28694.13382881637,27032.12267007743,27618.71484375,134627,0.0,0.0
2021-10-07 00:00:00+09:00,27667.597025553387,28547.485270182293,27667.597025553387,28156.423828125,80821,0.0,0.0
2021-10-08 00:00:00+09:00,28058.658840314718,29134.07782025709,27520.94935034353,27569.83203125,125319,0.0,0.0
2021-10-12 00:00:00+09:00,27569.832679941337,27667.598044054605,26689.94440292193,27081.005859375,90989,0.0,0.0
2021-10-13 00:00:00+09:00,26836.591040826614,27716.47927167339,26836.591040826614,27276.53515625,43838,0.0,0.0
2021-10-14 00:00:00+09:00,27276.53684942671,27569.832944581834,26787.710024168166,27178.771484375,111641,0.0,0.0
2021-10-15 00:00:00+09:00,27423.184379133596,27716.48046875,27081.005607914463,27716.48046875,74348,0.0,0.0
2021-10-18 00:00:00+09:00,29329.609099911973,29329.609099911973,27423.184508417693,27765.36328125,43391,0.0,0.0
2021-10-19 00:00:00+09:00,27814.245963083187,28058.65937224912,27520.949872084067,27765.36328125,49764,0.0,0.0
2021-10-20 00:00:00+09:00,27716.48072962434,28303.072914378296,27472.067319310194,27814.24609375,64973,0.0,0.0
2021-10-21 00:00:00+09:00,27520.95000137302,27863.128775812827,27423.184637247363,27814.24609375,47765,0.0,0.0
2021-10-22 00:00:00+09:00,27765.36199280105,28351.954147578534,27423.183235847515,28009.775390625,62428,0.0,0.0
2021-10-25 00:00:00+09:00,28058.658991109914,28694.13384630927,27863.128266433192,28351.955078125,63843,0.0,0.0
2021-10-26 00:00:00+09:00,28058.659120858436,28645.25129760112,28058.659120858436,28400.837890625,31135,0.0,0.0
2021-10-27 00:00:00+09:00,28400.83774198009,28645.25114767699,26689.943902101768,27618.71484375,57951,0.0,0.0
2021-10-28 00:00:00+09:00,27618.714314561053,28156.423796791445,27276.53555314171,27423.18359375,72466,0.0,0.0
2021-10-29 00:00:00+09:00,27472.066141183033,27912.010260881696,27227.652741350445,27374.30078125,40746,0.0,0.0
2021-11-01 00:00:00+09:00,27569.83203125,27912.010797595303,27374.301307624115,27569.83203125,32013,0.0,0.0
2021-11-02 00:00:00+09:00,28254.190627731645,28254.190627731645,27618.715752021417,27960.89453125,34053,0.0,0.0
2021-11-03 00:00:00+09:00,27960.894008582745,27960.894008582745,27569.832553917255,27765.36328125,36896,0.0,0.0
2021-11-04 00:00:00+09:00,27765.36235516934,28156.423796791445,27374.30091354724,27423.18359375,64139,0.0,0.0
2021-11-05 00:00:00+09:00,27423.184501441003,27618.715228724006,26836.592319591997,27032.123046875,49963,0.0,0.0
2021-11-08 00:00:00+09:00,26787.710024168166,27765.36367468525,26347.765881435476,27178.771484375,56913,0.0,0.0
2021-11-09 00:00:00+09:00,27276.536594338613,29231.8438770869,26983.240501926368,28547.486328125,177316,0.0,0.0
2021-11-10 00:00:00+09:00,28351.955329585537,28400.838011188273,27472.06706073633,27716.48046875,58864,0.0,0.0
2021-11-11 00:00:00+09:00,27472.06691668557,27814.24568611048,26934.357421875,26934.357421875,49833,0.0,0.0
2021-11-12 00:00:00+09:00,26641.06147348986,27863.1285135582,26592.178791887123,27716.48046875,51992,0.0,0.0
2021-11-15 00:00:00+09:00,27863.12890625,28938.547916666666,27765.363541666666,28596.369140625,92726,0.0,0.0
2021-11-16 00:00:00+09:00,28596.368616205895,28743.016660391568,27912.011076672763,28400.837890625,51446,0.0,0.0
2021-11-17 00:00:00+09:00,28400.83866921316,29231.84427571337,28205.307938271933,28694.134765625,80925,0.0,0.0
2021-11-18 00:00:00+09:00,29134.07759712838,29329.608319256757,28058.6586254223,28938.546875,152959,0.0,0.0
2021-11-19 00:00:00+09:00,28351.95546324824,28840.782281580105,26934.357690085828,27765.36328125,129249,0.0,0.0
2021-11-22 00:00:00+09:00,27618.71562710769,28205.30781741794,27081.00611932329,27178.771484375,62877,0.0,0.0
2021-11-23 00:00:00+09:00,26983.239988938054,27814.24556830752,26934.357307798673,27618.71484375,42362,0.0,0.0
2021-11-24 00:00:00+09:00,27765.363667875426,28645.251953125,27276.536842736776,28645.251953125,80479,0.0,0.0
2021-11-25 00:00:00+09:00,28254.190235712755,29085.195830880777,27765.363415025684,28547.486328125,105826,0.0,0.0
2021-11-26 00:00:00+09:00,28107.542054082307,28791.899599746917,27227.653781084948,27765.36328125,202524,0.0,0.0
2021-11-29 00:00:00+09:00,28400.838683095826,29036.31355896544,26592.17942100539,27227.654296875,290161,0.0,0.0
2021-11-30 00:00:00+09:00,27178.770375844597,27227.65305637669,25223.463154560814,25321.228515625,176503,0.0,0.0
2021-12-01 00:00:00+09:00,25223.464324951172,26201.11798095703,24734.637496948242,25027.93359375,150555,0.0,0.0
2021-12-02 00:00:00+09:00,25027.933460076045,26592.179301330798,24294.69322198788,25712.291015625,104108,0.0,0.0
2021-12-03 00:00:00+09:00,25663.406820858225,26885.473812327666,25321.22806324678,26592.177734375,94709,0.0,0.0
2021-12-06 00:00:00+09:00,26689.94466640922,26689.94466640922,25418.994920389734,25712.291015625,92075,0.0,0.0
2021-12-07 00:00:00+09:00,25810.056503690037,26494.4140625,25712.291138145756,26494.4140625,74651,0.0,0.0
2021-12-08 00:00:00+09:00,26347.764204218463,27129.887074844613,26201.11616597606,26543.294921875,44158,0.0,0.0
2021-12-09 00:00:00+09:00,26298.882307320127,26934.35715861225,26298.882307320127,26836.591796875,54154,0.0,0.0
2021-12-10 00:00:00+09:00,26787.709228971962,26787.709228971962,26005.5863317757,26152.234375,48541,0.0,0.0
2021-12-13 00:00:00+09:00,26152.234111163227,26445.530194652907,25907.82070825516,26054.46875,32671,0.0,0.0
2021-12-14 00:00:00+09:00,25810.055216165412,26298.882019501878,25810.055216165412,26005.5859375,33644,0.0,0.0
2021-12-15 00:00:00+09:00,25956.703257166355,26347.764699835527,25663.407175164473,26005.5859375,21529,0.0,0.0
2021-12-16 00:00:00+09:00,26005.586979166666,26298.883072916666,25565.642838541666,25663.408203125,32216,0.0,0.0
2021-12-17 00:00:00+09:00,25663.407435042136,26396.64764747191,25467.876711727527,26103.3515625,40303,0.0,0.0
2021-12-20 00:00:00+09:00,26005.5859375,26543.295421170114,25712.289855498122,26005.5859375,31665,0.0,0.0
2021-12-21 00:00:00+09:00,25907.821350681166,26201.11744144359,25418.994532743785,25565.642578125,43117,0.0,0.0
2021-12-22 00:00:00+09:00,25565.641245583578,25712.28928332115,24832.401056895713,25076.814453125,73380,0.0,0.0
2021-12-23 00:00:00+09:00,25076.815502789108,25810.055722168905,25027.93282149712,25467.876953125,40629,0.0,0.0
2021-12-24 00:00:00+09:00,25516.758611505684,26054.468084161934,25516.758611505684,25810.0546875,36294,0.0,0.0
2021-12-27 00:00:00+09:00,25712.2902453271,26201.117056074767,25565.642202102805,26152.234375,36968,0.0,0.0
2021-12-28 00:00:00+09:00,26298.882681564246,26592.178770949722,26005.58659217877,26250.0,52898,0.0,0.0
2021-12-29 00:00:00+09:00,26200.0,26750.0,26100.0,26550.0,52681,600.0,0.0
2021-12-30 00:00:00+09:00,26500.0,26500.0,25900.0,26250.0,29041,0.0,0.0
2022-01-04 00:00:00+09:00,26300.0,26300.0,25700.0,25800.0,41327,0.0,0.0
2022-01-05 00:00:00+09:00,26100.0,26700.0,25650.0,25800.0,130565,0.0,0.0
2022-01-06 00:00:00+09:00,25200.0,25950.0,25050.0,25050.0,51092,0.0,0.0
2022-01-07 00:00:00+09:00,25500.0,25500.0,24800.0,25050.0,50931,0.0,0.0
2022-01-10 00:00:00+09:00,25150.0,25150.0,24450.0,24700.0,41280,0.0,0.0
2022-01-11 00:00:00+09:00,24550.0,24900.0,24000.0,24350.0,47992,0.0,0.0
2022-01-12 00:00:00+09:00,24350.0,25350.0,24350.0,25250.0,46233,0.0,0.0
2022-01-13 00:00:00+09:00,25350.0,25850.0,24750.0,24750.0,55330,0.0,0.0
2022-01-14 00:00:00+09:00,25750.0,26650.0,25500.0,26250.0,274779,0.0,0.0
2022-01-17 00:00:00+09:00,25650.0,26150.0,25150.0,25400.0,58630,0.0,0.0
2022-01-18 00:00:00+09:00,25400.0,25650.0,24500.0,24750.0,67210,0.0,0.0
2022-01-19 00:00:00+09:00,24500.0,24900.0,23900.0,24000.0,87961,0.0,0.0
2022-01-20 00:00:00+09:00,23900.0,25100.0,23900.0,25100.0,38427,0.0,0.0
2022-01-21 00:00:00+09:00,24500.0,25300.0,24450.0,24550.0,39397,0.0,0.0
2022-01-24 00:00:00+09:00,24700.0,24700.0,23100.0,23450.0,63049,0.0,0.0
2022-01-25 00:00:00+09:00,23400.0,23750.0,22250.0,22700.0,71287,0.0,0.0
2022-01-26 00:00:00+09:00,22400.0,23300.0,22400.0,22850.0,50361,0.0,0.0
2022-01-27 00:00:00+09:00,22600.0,22850.0,21000.0,21400.0,221973,0.0,0.0
2022-01-28 00:00:00+09:00,21500.0,23600.0,21400.0,23450.0,125489,0.0,0.0
2022-02-03 00:00:00+09:00,23700.0,24000.0,23000.0,23650.0,39780,0.0,0.0
2022-02-04 00:00:00+09:00,23300.0,23900.0,22500.0,23550.0,33147,0.0,0.0
2022-02-07 00:00:00+09:00,23500.0,23700.0,22850.0,23400.0,22252,0.0,0.0
2022-02-08 00:00:00+09:00,23150.0,23550.0,22600.0,22900.0,45060,0.0,0.0
2022-02-09 00:00:00+09:00,22900.0,23400.0,22700.0,23150.0,80753,0.0,0.0
2022-02-10 00:00:00+09:00,23500.0,23500.0,22700.0,22850.0,34383,0.0,0.0
2022-02-11 00:00:00+09:00,22200.0,22800.0,22150.0,22250.0,34244,0.0,0.0
2022-02-14 00:00:00+09:00,22000.0,22250.0,21550.0,22100.0,25087,0.0,0.0
2022-02-15 00:00:00+09:00,22500.0,22500.0,21750.0,21850.0,37932,0.0,0.0
2022-02-16 00:00:00+09:00,22050.0,23200.0,22050.0,22800.0,35228,0.0,0.0
2022-02-17 00:00:00+09:00,22750.0,23150.0,22050.0,22350.0,57360,0.0,0.0
2022-02-18 00:00:00+09:00,21850.0,23500.0,21850.0,22800.0,72460,0.0,0.0
2022-02-21 00:00:00+09:00,22500.0,23100.0,22100.0,22750.0,24889,0.0,0.0
2022-02-22 00:00:00+09:00,22500.0,22700.0,22200.0,22400.0,21175,0.0,0.0
2022-02-23 00:00:00+09:00,22150.0,22700.0,22150.0,22600.0,38893,0.0,0.0
2022-02-24 00:00:00+09:00,22550.0,22550.0,21800.0,22050.0,39907,0.0,0.0
2022-02-25 00:00:00+09:00,22500.0,22850.0,22300.0,22550.0,32294,0.0,0.0
2022-02-28 00:00:00+09:00,22550.0,22850.0,22300.0,22600.0,18294,0.0,0.0
2022-03-02 00:00:00+09:00,22600.0,23200.0,22600.0,23100.0,25885,0.0,0.0
2022-03-03 00:00:00+09:00,23000.0,23350.0,22900.0,23250.0,28190,0.0,0.0
2022-03-04 00:00:00+09:00,23350.0,23350.0,22750.0,22900.0,20034,0.0,0.0
2022-03-07 00:00:00+09:00,22800.0,23000.0,22350.0,22550.0,21210,0.0,0.0
2022-03-08 00:00:00+09:00,22200.0,22600.0,22000.0,22500.0,30321,0.0,0.0
2022-03-10 00:00:00+09:00,22900.0,23450.0,22450.0,22600.0,44160,0.0,0.0
2022-03-11 00:00:00+09:00,22550.0,22750.0,22300.0,22300.0,26023,0.0,0.0
2022-03-14 00:00:00+09:00,22350.0,22450.0,21500.0,21650.0,44699,0.0,0.0
2022-03-15 00:00:00+09:00,21550.0,21650.0,21250.0,21650.0,24627,0.0,0.0
2022-03-16 00:00:00+09:00,21650.0,22400.0,21650.0,22300.0,22016,0.0,0.0
2022-03-17 00:00:00+09:00,22250.0,24250.0,22250.0,23050.0,187944,0.0,0.0
2022-03-18 00:00:00+09:00,22850.0,23650.0,22550.0,23500.0,64799,0.0,0.0
2022-03-21 00:00:00+09:00,23550.0,23750.0,22750.0,22750.0,36099,0.0,0.0
2022-03-22 00:00:00+09:00,22950.0,23500.0,22750.0,23100.0,25292,0.0,0.0
2022-03-23 00:00:00+09:00,23100.0,23500.0,22700.0,23100.0,35650,0.0,0.0
2022-03-24 00:00:00+09:00,23100.0,23500.0,22700.0,23200.0,27536,0.0,0.0
2022-03-25 00:00:00+09:00,23300.0,23400.0,22950.0,23200.0,23113,0.0,0.0
2022-03-28 00:00:00+09:00,23200.0,23850.0,22850.0,23550.0,42974,0.0,0.0
2022-03-29 00:00:00+09:00,23350.0,24450.0,23350.0,24000.0,59275,0.0,0.0
2022-03-30 00:00:00+09:00,24450.0,24450.0,23700.0,24200.0,27239,0.0,0.0
2022-03-31 00:00:00+09:00,24050.0,24400.0,23750.0,24200.0,34657,0.0,0.0
2022-04-01 00:00:00+09:00,23800.0,23800.0,23050.0,23300.0,103877,0.0,0.0
2022-04-04 00:00:00+09:00,23400.0,23650.0,22950.0,23650.0,79332,0.0,0.0
2022-04-05 00:00:00+09:00,23800.0,23900.0,23200.0,23500.0,75411,0.0,0.0
2022-04-06 00:00:00+09:00,23200.0,23400.0,22750.0,23000.0,63357,0.0,0.0
2022-04-07 00:00:00+09:00,22950.0,22950.0,22050.0,22600.0,63577,0.0,0.0
2022-04-08 00:00:00+09:00,22600.0,22600.0,22050.0,22400.0,45116,0.0,0.0
2022-04-11 00:00:00+09:00,22100.0,22650.0,22000.0,22350.0,34096,0.0,0.0
2022-04-12 00:00:00+09:00,22200.0,22350.0,21750.0,21900.0,52609,0.0,0.0
2022-04-13 00:00:00+09:00,21950.0,22550.0,21850.0,22550.0,25606,0.0,0.0
2022-04-14 00:00:00+09:00,22550.0,22550.0,21900.0,22400.0,29702,0.0,0.0
2022-04-15 00:00:00+09:00,22000.0,22200.0,21850.0,22200.0,27466,0.0,0.0
2022-04-18 00:00:00+09:00,22050.0,22350.0,21900.0,22100.0,14613,0.0,0.0
2022-04-19 00:00:00+09:00,22100.0,22400.0,21950.0,22400.0,25051,0.0,0.0
2022-04-20 00:00:00+09:00,22350.0,22450.0,22100.0,22200.0,21378,0.0,0.0
2022-04-21 00:00:00+09:00,22300.0,22700.0,22050.0,22150.0,22216,0.0,0.0
2022-04-22 00:00:00+09:00,22150.0,22150.0,21750.0,21950.0,30069,0.0,0.0
2022-04-25 00:00:00+09:00,21900.0,21950.0,21350.0,21450.0,28663,0.0,0.0
2022-04-26 00:00:00+09:00,21450.0,21750.0,21250.0,21650.0,20330,0.0,0.0
2022-04-27 00:00:00+09:00,21000.0,21500.0,20800.0,21000.0,38279,0.0,0.0
2022-04-28 00:00:00+09:00,21050.0,21400.0,20000.0,20200.0,117701,0.0,0.0
2022-04-29 00:00:00+09:00,20400.0,21100.0,20300.0,21100.0,33004,0.0,0.0
2022-05-03 00:00:00+09:00,20450.0,21000.0,20450.0,20500.0,24822,0.0,0.0
2022-05-04 00:00:00+09:00,20500.0,20650.0,20250.0,20300.0,18786,0.0,0.0
2022-05-06 00:00:00+09:00,19950.0,20350.0,19900.0,20000.0,27642,0.0,0.0
2022-05-10 00:00:00+09:00,19550.0,19800.0,18950.0,19650.0,64202,0.0,0.0
2022-05-11 00:00:00+09:00,19200.0,19500.0,18900.0,19200.0,51715,0.0,0.0
2022-05-12 00:00:00+09:00,18900.0,19000.0,18050.0,18100.0,82841,0.0,0.0
2022-05-13 00:00:00+09:00,18500.0,19000.0,18350.0,18800.0,48018,0.0,0.0
2022-05-16 00:00:00+09:00,18750.0,19400.0,18650.0,18750.0,30068,0.0,0.0
2022-05-17 00:00:00+09:00,18750.0,19050.0,18650.0,18700.0,32753,0.0,0.0
2022-05-18 00:00:00+09:00,18750.0,19350.0,18750.0,19100.0,32203,0.0,0.0
2022-05-19 00:00:00+09:00,18550.0,18800.0,18100.0,18300.0,27065,0.0,0.0
2022-05-20 00:00:00+09:00,18300.0,19200.0,18300.0,19200.0,16126,0.0,0.0
2022-05-23 00:00:00+09:00,18950.0,19300.0,18750.0,19300.0,21459,0.0,0.0
2022-05-24 00:00:00+09:00,19200.0,19200.0,18600.0,18700.0,26566,0.0,0.0
2022-05-25 00:00:00+09:00,18700.0,19950.0,18650.0,19500.0,109677,0.0,0.0
2022-05-26 00:00:00+09:00,19400.0,19900.0,19050.0,19100.0,36957,0.0,0.0
2022-05-27 00:00:00+09:00,19100.0,19550.0,18800.0,19100.0,31647,0.0,0.0
2022-05-30 00:00:00+09:00,19150.0,19700.0,19150.0,19700.0,27535,0.0,0.0
2022-05-31 00:00:00+09:00,19450.0,19700.0,19250.0,19700.0,32828,0.0,0.0
2022-06-02 00:00:00+09:00,19650.0,19650.0,19300.0,19350.0,18670,0.0,0.0
2022-06-03 00:00:00+09:00,19750.0,19750.0,19350.0,19600.0,22366,0.0,0.0
2022-06-07 00:00:00+09:00,19400.0,19400.0,19000.0,19100.0,22646,0.0,0.0
2022-06-08 00:00:00+09:00,19100.0,19750.0,18900.0,19200.0,28642,0.0,0.0
2022-06-09 00:00:00+09:00,18900.0,19200.0,18200.0,19050.0,199821,0.0,0.0
2022-06-10 00:00:00+09:00,18750.0,19500.0,18400.0,19400.0,61140,0.0,0.0
2022-06-13 00:00:00+09:00,18600.0,18850.0,17900.0,18000.0,65665,0.0,0.0
2022-06-14 00:00:00+09:00,17500.0,17700.0,17000.0,17600.0,56454,0.0,0.0
2022-06-15 00:00:00+09:00,17350.0,17950.0,17250.0,17850.0,30774,0.0,0.0
2022-06-16 00:00:00+09:00,17900.0,18450.0,17700.0,17850.0,22018,0.0,0.0
2022-06-17 00:00:00+09:00,17000.0,17650.0,17000.0,17450.0,17921,0.0,0.0
2022-06-20 00:00:00+09:00,17450.0,17500.0,16650.0,16850.0,25420,0.0,0.0
2022-06-21 00:00:00+09:00,16600.0,17100.0,16500.0,16800.0,14965,0.0,0.0
2022-06-22 00:00:00+09:00,16750.0,17050.0,16000.0,16150.0,30250,0.0,0.0
2022-06-23 00:00:00+09:00,15950.0,16850.0,15650.0,15850.0,40386,0.0,0.0
2022-06-24 00:00:00+09:00,15850.0,16850.0,15700.0,16800.0,28401,0.0,0.0
2022-06-27 00:00:00+09:00,16800.0,17500.0,16550.0,17150.0,14827,0.0,0.0
2022-06-28 00:00:00+09:00,17150.0,17300.0,16800.0,17300.0,5705,0.0,0.0
2022-06-29 00:00:00+09:00,16850.0,17300.0,16750.0,17250.0,8732,0.0,0.0
2022-06-30 00:00:00+09:00,17100.0,17300.0,16600.0,16600.0,10374,0.0,0.0
2022-07-01 00:00:00+09:00,16650.0,17150.0,16500.0,16500.0,17369,0.0,0.0
2022-07-04 00:00:00+09:00,16400.0,16950.0,15900.0,16000.0,21006,0.0,0.0
2022-07-05 00:00:00+09:00,15900.0,16850.0,15900.0,16800.0,24539,0.0,0.0
2022-07-06 00:00:00+09:00,16600.0,17500.0,16600.0,17050.0,16030,0.0,0.0
2022-07-07 00:00:00+09:00,17050.0,17600.0,16850.0,17100.0,19708,0.0,0.0
2022-07-08 00:00:00+09:00,17150.0,17600.0,17100.0,17350.0,12752,0.0,0.0
2022-07-11 00:00:00+09:00,17200.0,17500.0,17050.0,17150.0,9140,0.0,0.0
2022-07-12 00:00:00+09:00,17150.0,17850.0,17150.0,17650.0,40749,0.0,0.0
2022-07-13 00:00:00+09:00,17600.0,18150.0,17400.0,17550.0,26488,0.0,0.0
2022-07-14 00:00:00+09:00,17550.0,17850.0,17300.0,17750.0,21242,0.0,0.0
2022-07-15 00:00:00+09:00,17650.0,18250.0,17350.0,18200.0,32440,0.0,0.0
2022-07-18 00:00:00+09:00,18350.0,18400.0,17900.0,18250.0,21720,0.0,0.0
2022-07-19 00:00:00+09:00,18250.0,18450.0,17900.0,18400.0,10563,0.0,0.0
2022-07-20 00:00:00+09:00,18400.0,18750.0,18250.0,18250.0,18985,0.0,0.0
2022-07-21 00:00:00+09:00,18550.0,18600.0,17950.0,18300.0,15491,0.0,0.0
2022-07-22 00:00:00+09:00,18150.0,18500.0,18050.0,18450.0,36160,0.0,0.0
2022-07-25 00:00:00+09:00,18400.0,18450.0,18100.0,18200.0,18553,0.0,0.0
2022-07-26 00:00:00+09:00,18200.0,18400.0,17900.0,18250.0,6972,0.0,0.0
2022-07-27 00:00:00+09:00,18100.0,18350.0,18000.0,18150.0,10159,0.0,0.0
2022-07-28 00:00:00+09:00,18150.0,18350.0,18050.0,18350.0,7843,0.0,0.0
2022-07-29 00:00:00+09:00,18350.0,18450.0,17950.0,18400.0,24604,0.0,0.0
2022-08-01 00:00:00+09:00,18400.0,18500.0,18200.0,18250.0,16191,0.0,0.0
2022-08-02 00:00:00+09:00,17850.0,18100.0,17850.0,17900.0,22609,0.0,0.0
2022-08-03 00:00:00+09:00,17900.0,18300.0,17650.0,18050.0,24348,0.0,0.0
2022-08-04 00:00:00+09:00,18100.0,18400.0,17850.0,18150.0,22245,0.0,0.0
2022-08-05 00:00:00+09:00,18100.0,18250.0,18000.0,18250.0,9833,0.0,0.0
2022-08-08 00:00:00+09:00,18700.0,18850.0,18250.0,18700.0,49448,0.0,0.0
2022-08-09 00:00:00+09:00,18600.0,19000.0,18600.0,18850.0,27661,0.0,0.0
2022-08-10 00:00:00+09:00,18900.0,18900.0,18600.0,18650.0,16320,0.0,0.0
2022-08-11 00:00:00+09:00,18650.0,19050.0,18300.0,18500.0,29205,0.0,0.0
2022-08-12 00:00:00+09:00,18500.0,18750.0,18400.0,18700.0,22390,0.0,0.0
2022-08-16 00:00:00+09:00,18700.0,18900.0,18300.0,18550.0,39097,0.0,0.0
2022-08-17 00:00:00+09:00,18550.0,21750.0,18550.0,20050.0,1480833,0.0,0.0
2022-08-18 00:00:00+09:00,20050.0,20050.0,19000.0,19100.0,152391,0.0,0.0
2022-08-19 00:00:00+09:00,19200.0,19500.0,19000.0,19300.0,90082,0.0,0.0
2022-08-22 00:00:00+09:00,19100.0,19150.0,18700.0,19050.0,51680,0.0,0.0
2022-08-23 00:00:00+09:00,18750.0,19000.0,18650.0,18700.0,37018,0.0,0.0
2022-08-24 00:00:00+09:00,18700.0,18950.0,18200.0,18800.0,51322,0.0,0.0
2022-08-25 00:00:00+09:00,18800.0,19000.0,18650.0,18800.0,27938,0.0,0.0
2022-08-26 00:00:00+09:00,18800.0,18950.0,18550.0,18550.0,27660,0.0,0.0
2022-08-29 00:00:00+09:00,18000.0,18350.0,17850.0,18350.0,35998,0.0,0.0
2022-08-30 00:00:00+09:00,18050.0,18500.0,18050.0,18500.0,25706,0.0,0.0
2022-08-31 00:00:00+09:00,18750.0,18750.0,18200.0,18200.0,24957,0.0,0.0
2022-09-01 00:00:00+09:00,18200.0,18350.0,18000.0,18000.0,26596,0.0,0.0
2022-09-02 00:00:00+09:00,18200.0,18300.0,17650.0,17650.0,30744,0.0,0.0
2022-09-05 00:00:00+09:00,17650.0,17900.0,17650.0,17750.0,20123,0.0,0.0
2022-09-06 00:00:00+09:00,17700.0,18000.0,17550.0,17850.0,23187,0.0,0.0
2022-09-07 00:00:00+09:00,17700.0,17950.0,17400.0,17600.0,19964,0.0,0.0
2022-09-08 00:00:00+09:00,17550.0,17900.0,17450.0,17550.0,17522,0.0,0.0
2022-09-13 00:00:00+09:00,17800.0,17850.0,17500.0,17750.0,20473,0.0,0.0
2022-09-14 00:00:00+09:00,17400.0,17500.0,17050.0,17250.0,11782,0.0,0.0
2022-09-15 00:00:00+09:00,17400.0,17550.0,17200.0,17300.0,9848,0.0,0.0
2022-09-16 00:00:00+09:00,17300.0,18100.0,17300.0,17550.0,40328,0.0,0.0
2022-09-19 00:00:00+09:00,17600.0,17750.0,17100.0,17550.0,14479,0.0,0.0
2022-09-20 00:00:00+09:00,17250.0,18000.0,17250.0,17650.0,21815,0.0,0.0
2022-09-21 00:00:00+09:00,17600.0,17750.0,17300.0,17350.0,11107,0.0,0.0
2022-09-22 00:00:00+09:00,17050.0,17400.0,16900.0,17150.0,24225,0.0,0.0
2022-09-23 00:00:00+09:00,17050.0,17250.0,15850.0,16700.0,24176,0.0,0.0
2022-09-26 00:00:00+09:00,16300.0,16650.0,15700.0,15850.0,45734,0.0,0.0
2022-09-27 00:00:00+09:00,15650.0,15850.0,15250.0,15400.0,15300,0.0,0.0
2022-09-28 00:00:00+09:00,15350.0,15750.0,14450.0,15000.0,23013,0.0,0.0
2022-09-29 00:00:00+09:00,15050.0,16000.0,14600.0,14700.0,42502,0.0,0.0
2022-09-30 00:00:00+09:00,14150.0,14700.0,14100.0,14300.0,39933,0.0,0.0
2022-10-04 00:00:00+09:00,14750.0,15100.0,14250.0,15100.0,9044,0.0,0.0
2022-10-05 00:00:00+09:00,15300.0,15800.0,14550.0,14700.0,16229,0.0,0.0
2022-10-06 00:00:00+09:00,14600.0,15150.0,14600.0,14950.0,4807,0.0,0.0
2022-10-07 00:00:00+09:00,14950.0,15250.0,14700.0,15050.0,7985,0.0,0.0
2022-10-11 00:00:00+09:00,15200.0,15200.0,14600.0,14700.0,27449,0.0,0.0
2022-10-12 00:00:00+09:00,15000.0,15300.0,14650.0,15050.0,13929,0.0,0.0
2022-10-13 00:00:00+09:00,15050.0,15150.0,14750.0,14800.0,17811,0.0,0.0
2022-10-14 00:00:00+09:00,14850.0,15650.0,14850.0,15450.0,13995,0.0,0.0
2022-10-17 00:00:00+09:00,15300.0,16000.0,15300.0,15650.0,21979,0.0,0.0
2022-10-18 00:00:00+09:00,15700.0,16400.0,15700.0,16400.0,11906,0.0,0.0
2022-10-19 00:00:00+09:00,16250.0,17000.0,16250.0,16750.0,15022,0.0,0.0
2022-10-20 00:00:00+09:00,16950.0,17050.0,16250.0,16350.0,51832,0.0,0.0
2022-10-21 00:00:00+09:00,16200.0,16550.0,16150.0,16450.0,8822,0.0,0.0
2022-10-24 00:00:00+09:00,16500.0,16950.0,16500.0,16850.0,4182,0.0,0.0
2022-10-25 00:00:00+09:00,16850.0,17250.0,16850.0,17050.0,11715,0.0,0.0
2022-10-26 00:00:00+09:00,17050.0,17350.0,16950.0,17100.0,4530,0.0,0.0
2022-10-27 00:00:00+09:00,17100.0,17400.0,17100.0,17350.0,7974,0.0,0.0
2022-10-28 00:00:00+09:00,17350.0,17500.0,17000.0,17200.0,7932,0.0,0.0
2022-10-31 00:00:00+09:00,17150.0,17400.0,17050.0,17100.0,7665,0.0,0.0
2022-11-01 00:00:00+09:00,17000.0,17350.0,16950.0,17200.0,7744,0.0,0.0
2022-11-02 00:00:00+09:00,17400.0,17500.0,16950.0,17150.0,16053,0.0,0.0
2022-11-03 00:00:00+09:00,17100.0,17500.0,17000.0,17150.0,8254,0.0,0.0
2022-11-04 00:00:00+09:00,17150.0,17350.0,17050.0,17250.0,10562,0.0,0.0
2022-11-07 00:00:00+09:00,17550.0,17600.0,17250.0,17600.0,15587,0.0,0.0
2022-11-08 00:00:00+09:00,17850.0,17850.0,17400.0,17450.0,11615,0.0,0.0
2022-11-09 00:00:00+09:00,17450.0,17600.0,17400.0,17500.0,6223,0.0,0.0
2022-11-10 00:00:00+09:00,17500.0,17550.0,17200.0,17350.0,10402,0.0,0.0
2022-11-11 00:00:00+09:00,17750.0,18200.0,17400.0,18200.0,29533,0.0,0.0
2022-11-14 00:00:00+09:00,18250.0,18300.0,17950.0,18050.0,8888,0.0,0.0
2022-11-15 00:00:00+09:00,18050.0,18100.0,17750.0,18050.0,8448,0.0,0.0
2022-11-16 00:00:00+09:00,17900.0,18100.0,17900.0,18050.0,8005,0.0,0.0
2022-11-17 00:00:00+09:00,18500.0,18650.0,18100.0,18300.0,23010,0.0,0.0
2022-11-18 00:00:00+09:00,18500.0,18500.0,18000.0,18450.0,16667,0.0,0.0
2022-11-21 00:00:00+09:00,18450.0,18500.0,18150.0,18450.0,17725,0.0,0.0
2022-11-22 00:00:00+09:00,18250.0,18800.0,18200.0,18600.0,25465,0.0,0.0
2022-11-23 00:00:00+09:00,18700.0,18900.0,18500.0,18600.0,23514,0.0,0.0
2022-11-24 00:00:00+09:00,18600.0,18800.0,18350.0,18400.0,11583,0.0,0.0
2022-11-25 00:00:00+09:00,18350.0,19150.0,18100.0,18600.0,147245,0.0,0.0
2022-11-28 00:00:00+09:00,18950.0,18950.0,18450.0,18700.0,127851,0.0,0.0
2022-11-29 00:00:00+09:00,18800.0,19200.0,18200.0,19200.0,42507,0.0,0.0
2022-11-30 00:00:00+09:00,19350.0,19650.0,18750.0,19350.0,57940,0.0,0.0
2022-12-01 00:00:00+09:00,19850.0,19900.0,19450.0,19750.0,64165,0.0,0.0
2022-12-02 00:00:00+09:00,19600.0,19650.0,18250.0,18600.0,52682,0.0,0.0
2022-12-05 00:00:00+09:00,18700.0,19500.0,18400.0,19500.0,37439,0.0,0.0
2022-12-06 00:00:00+09:00,19350.0,19500.0,18850.0,19000.0,18389,0.0,0.0
2022-12-07 00:00:00+09:00,18650.0,19400.0,18650.0,18800.0,27051,0.0,0.0
2022-12-08 00:00:00+09:00,18800.0,19350.0,17750.0,17950.0,87037,0.0,0.0
2022-12-09 00:00:00+09:00,18150.0,19300.0,18150.0,19150.0,35605,0.0,0.0
2022-12-12 00:00:00+09:00,18750.0,19550.0,18150.0,18150.0,23214,0.0,0.0
2022-12-13 00:00:00+09:00,18450.0,18450.0,17750.0,18150.0,19694,0.0,0.0
2022-12-14 00:00:00+09:00,18150.0,18600.0,18000.0,18200.0,43394,0.0,0.0
2022-12-15 00:00:00+09:00,18200.0,18200.0,17500.0,17700.0,33527,0.0,0.0
2022-12-16 00:00:00+09:00,17000.0,17500.0,16150.0,16300.0,83663,0.0,0.0
2022-12-19 00:00:00+09:00,16150.0,16950.0,15900.0,16400.0,34337,0.0,0.0
2022-12-20 00:00:00+09:00,16200.0,16800.0,15750.0,15800.0,48366,0.0,0.0
2022-12-21 00:00:00+09:00,16000.0,16200.0,15150.0,16100.0,51465,0.0,0.0
2022-12-22 00:00:00+09:00,16100.0,16950.0,16050.0,16900.0,60228,0.0,0.0
2022-12-23 00:00:00+09:00,16700.0,16800.0,16250.0,16400.0,39623,0.0,0.0
2022-12-26 00:00:00+09:00,16500.0,17200.0,16100.0,17150.0,70825,0.0,0.0
2022-12-27 00:00:00+09:00,17250.0,17800.0,17250.0,17750.0,74234,0.0,0.0
2022-12-28 00:00:00+09:00,17550.0,17600.0,16350.0,16350.0,105747,0.0,0.0
2022-12-29 00:00:00+09:00,16200.0,16400.0,15200.0,15400.0,96336,0.0,0.0
2023-01-02 00:00:00+09:00,15350.0,15550.0,14650.0,14700.0,68700,0.0,0.0
2023-01-03 00:00:00+09:00,14700.0,15050.0,14100.0,14850.0,52355,0.0,0.0
2023-01-04 00:00:00+09:00,14350.0,15500.0,14250.0,15250.0,53123,0.0,0.0
2023-01-05 00:00:00+09:00,15250.0,15300.0,14800.0,15050.0,64930,0.0,0.0
2023-01-06 00:00:00+09:00,15050.0,15850.0,15000.0,15800.0,52527,0.0,0.0
2023-01-09 00:00:00+09:00,16150.0,16250.0,15750.0,16150.0,38495,0.0,0.0
2023-01-10 00:00:00+09:00,15300.0,16100.0,15250.0,15400.0,65787,0.0,0.0
2023-01-11 00:00:00+09:00,15700.0,16150.0,15600.0,15950.0,57852,0.0,0.0
2023-01-12 00:00:00+09:00,16200.0,16300.0,15650.0,15900.0,32401,0.0,0.0
2023-01-13 00:00:00+09:00,15700.0,16200.0,15600.0,15700.0,42999,0.0,0.0
2023-01-16 00:00:00+09:00,15700.0,16100.0,15700.0,15800.0,37379,0.0,0.0
2023-01-17 00:00:00+09:00,15700.0,15800.0,15250.0,15350.0,58233,0.0,0.0
2023-01-18 00:00:00+09:00,15400.0,15650.0,15250.0,15450.0,29444,0.0,0.0
2023-01-19 00:00:00+09:00,15200.0,15650.0,15100.0,15550.0,39807,0.0,0.0
2023-01-20 00:00:00+09:00,15350.0,15750.0,15350.0,15750.0,29636,0.0,0.0
2023-01-25 00:00:00+09:00,15700.0,16430.0,15550.0,16420.0,195672,0.0,0.0
2023-01-26 00:00:00+09:00,16420.0,16420.0,15920.0,16230.0,49771,0.0,0.0
2023-01-27 00:00:00+09:00,16220.0,16250.0,16000.0,16220.0,39190,0.0,0.0
2023-01-30 00:00:00+09:00,16020.0,16340.0,15810.0,15810.0,52607,0.0,0.0
2023-01-31 00:00:00+09:00,15670.0,15820.0,15510.0,15600.0,73292,0.0,0.0
2023-02-01 00:00:00+09:00,15880.0,15980.0,15460.0,15690.0,95514,0.0,0.0
2023-02-02 00:00:00+09:00,15800.0,16300.0,15800.0,16160.0,110151,0.0,0.0
2023-02-03 00:00:00+09:00,16150.0,16330.0,15820.0,16130.0,88597,0.0,0.0
2023-02-06 00:00:00+09:00,15990.0,16110.0,15570.0,15860.0,78285,0.0,0.0
2023-02-07 00:00:00+09:00,15710.0,16070.0,15580.0,15840.0,56954,0.0,0.0
2023-02-08 00:00:00+09:00,15840.0,16080.0,15760.0,16020.0,60425,0.0,0.0
2023-02-09 00:00:00+09:00,15800.0,16000.0,15650.0,15950.0,52430,0.0,0.0
2023-02-10 00:00:00+09:00,15750.0,15800.0,15440.0,15490.0,73327,0.0,0.0
2023-02-13 00:00:00+09:00,15360.0,15580.0,15260.0,15260.0,48662,0.0,0.0
2023-02-14 00:00:00+09:00,15270.0,15510.0,15270.0,15390.0,43221,0.0,0.0
2023-02-15 00:00:00+09:00,15390.0,15470.0,14610.0,14610.0,130328,0.0,0.0
2023-02-16 00:00:00+09:00,14940.0,15290.0,14890.0,15030.0,68233,0.0,0.0
2023-02-17 00:00:00+09:00,14800.0,15020.0,14670.0,14690.0,82039,0.0,0.0
2023-02-20 00:00:00+09:00,14650.0,15100.0,14160.0,14860.0,97871,0.0,0.0
2023-02-21 00:00:00+09:00,14860.0,14900.0,14510.0,14580.0,73001,0.0,0.0
2023-02-22 00:00:00+09:00,14210.0,14580.0,14160.0,14180.0,178510,0.0,0.0
2023-02-23 00:00:00+09:00,14300.0,14550.0,14210.0,14450.0,71426,0.0,0.0
2023-02-24 00:00:00+09:00,14320.0,14420.0,14120.0,14200.0,71183,0.0,0.0
2023-02-27 00:00:00+09:00,14010.0,14150.0,13820.0,13980.0,82808,0.0,0.0
2023-02-28 00:00:00+09:00,14070.0,14180.0,13990.0,14090.0,60368,0.0,0.0
2023-03-02 00:00:00+09:00,14100.0,14150.0,13830.0,13840.0,80667,0.0,0.0
2023-03-03 00:00:00+09:00,13890.0,14300.0,13850.0,14100.0,95179,0.0,0.0
2023-03-06 00:00:00+09:00,14170.0,14170.0,13900.0,14010.0,71807,0.0,0.0
2023-03-07 00:00:00+09:00,14010.0,14290.0,13760.0,13850.0,114155,0.0,0.0
2023-03-08 00:00:00+09:00,13780.0,13850.0,13480.0,13480.0,105143,0.0,0.0
2023-03-09 00:00:00+09:00,13450.0,13630.0,13340.0,13630.0,102409,0.0,0.0
2023-03-10 00:00:00+09:00,13360.0,13600.0,13090.0,13180.0,141635,0.0,0.0
2023-03-13 00:00:00+09:00,13100.0,13320.0,12810.0,13200.0,167064,0.0,0.0
2023-03-14 00:00:00+09:00,13200.0,13200.0,12290.0,12410.0,198188,0.0,0.0
2023-03-15 00:00:00+09:00,12780.0,13150.0,12720.0,13040.0,221426,0.0,0.0
2023-03-16 00:00:00+09:00,13000.0,13000.0,12420.0,12470.0,105225,0.0,0.0
2023-03-17 00:00:00+09:00,12570.0,12930.0,12570.0,12770.0,85229,0.0,0.0
2023-03-20 00:00:00+09:00,12800.0,13130.0,12770.0,13030.0,98623,0.0,0.0
2023-03-21 00:00:00+09:00,13030.0,13260.0,12890.0,12940.0,59739,0.0,0.0
2023-03-22 00:00:00+09:00,12970.0,13150.0,12740.0,12900.0,64197,0.0,0.0
2023-03-23 00:00:00+09:00,12840.0,12840.0,12480.0,12500.0,108381,0.0,0.0
2023-03-24 00:00:00+09:00,12510.0,12800.0,12410.0,12800.0,70309,0.0,0.0
2023-03-27 00:00:00+09:00,12800.0,12820.0,12310.0,12740.0,109545,0.0,0.0
2023-03-28 00:00:00+09:00,12730.0,13000.0,12620.0,12950.0,56370,0.0,0.0
2023-03-29 00:00:00+09:00,12950.0,13100.0,12660.0,12700.0,62852,0.0,0.0
2023-03-30 00:00:00+09:00,12700.0,12940.0,12630.0,12900.0,85561,0.0,0.0
2023-03-31 00:00:00+09:00,12850.0,13630.0,12850.0,13630.0,160309,0.0,0.0
2023-04-03 00:00:00+09:00,13330.0,13650.0,13070.0,13080.0,113052,0.0,0.0
2023-04-04 00:00:00+09:00,13090.0,14380.0,13080.0,14380.0,354363,0.0,0.0
2023-04-05 00:00:00+09:00,14380.0,15100.0,14100.0,14670.0,286758,0.0,0.0
2023-04-06 00:00:00+09:00,14560.0,14560.0,13550.0,14010.0,133543,0.0,0.0
2023-04-07 00:00:00+09:00,14270.0,14590.0,14020.0,14320.0,108204,0.0,0.0
2023-04-10 00:00:00+09:00,14330.0,14330.0,13900.0,14120.0,104431,0.0,0.0
2023-04-11 00:00:00+09:00,14000.0,14200.0,13890.0,13950.0,109233,0.0,0.0
2023-04-12 00:00:00+09:00,13950.0,14100.0,13500.0,13710.0,66011,0.0,0.0
2023-04-13 00:00:00+09:00,14100.0,14230.0,13550.0,14230.0,100544,0.0,0.0
2023-04-14 00:00:00+09:00,14240.0,14410.0,14140.0,14260.0,82752,0.0,0.0
2023-04-17 00:00:00+09:00,14110.0,14200.0,13900.0,14120.0,76804,0.0,0.0
2023-04-18 00:00:00+09:00,14020.0,14300.0,14020.0,14260.0,73723,0.0,0.0
2023-04-19 00:00:00+09:00,14210.0,14500.0,14050.0,14200.0,76579,0.0,0.0
2023-04-20 00:00:00+09:00,14500.0,15190.0,14300.0,14730.0,306641,0.0,0.0
2023-04-21 00:00:00+09:00,14740.0,15250.0,14740.0,15010.0,210627,0.0,0.0
2023-04-24 00:00:00+09:00,14950.0,15200.0,14760.0,14920.0,111285,0.0,0.0
2023-04-25 00:00:00+09:00,14860.0,14920.0,14300.0,14440.0,118469,0.0,0.0
2023-04-26 00:00:00+09:00,14300.0,15150.0,14300.0,14930.0,97371,0.0,0.0
2023-04-27 00:00:00+09:00,15180.0,15250.0,14850.0,14890.0,136500,0.0,0.0
2023-04-28 00:00:00+09:00,15200.0,15200.0,14630.0,14880.0,77484,0.0,0.0
2023-05-02 00:00:00+09:00,14880.0,14880.0,14470.0,14680.0,75293,0.0,0.0
2023-05-03 00:00:00+09:00,14460.0,14460.0,14070.0,14100.0,89226,0.0,0.0
2023-05-04 00:00:00+09:00,14110.0,14200.0,13970.0,14170.0,56235,0.0,0.0
2023-05-08 00:00:00+09:00,14200.0,14520.0,14170.0,14400.0,43639,0.0,0.0
2023-05-09 00:00:00+09:00,14120.0,14440.0,14020.0,14090.0,55519,0.0,0.0
2023-05-10 00:00:00+09:00,14170.0,14170.0,13950.0,14000.0,39690,0.0,0.0
2023-05-11 00:00:00+09:00,14150.0,14580.0,14110.0,14380.0,82363,0.0,0.0
2023-05-12 00:00:00+09:00,14470.0,14470.0,13960.0,14060.0,64230,0.0,0.0
2023-05-15 00:00:00+09:00,14000.0,14180.0,13910.0,14140.0,55282,0.0,0.0
2023-05-16 00:00:00+09:00,14010.0,14150.0,13600.0,13610.0,75498,0.0,0.0
2023-05-17 00:00:00+09:00,13630.0,13780.0,13500.0,13730.0,61728,0.0,0.0
2023-05-18 00:00:00+09:00,13730.0,13730.0,13300.0,13420.0,90756,0.0,0.0
2023-05-19 00:00:00+09:00,13470.0,13840.0,13450.0,13800.0,113709,0.0,0.0
2023-05-22 00:00:00+09:00,13800.0,13870.0,13600.0,13750.0,60883,0.0,0.0
2023-05-23 00:00:00+09:00,13700.0,13760.0,13630.0,13690.0,47097,0.0,0.0
2023-05-24 00:00:00+09:00,13690.0,13690.0,13350.0,13410.0,118335,0.0,0.0
2023-05-25 00:00:00+09:00,13490.0,13790.0,13170.0,13400.0,88616,0.0,0.0
2023-05-26 00:00:00+09:00,13370.0,13490.0,13180.0,13190.0,56151,0.0,0.0
2023-05-30 00:00:00+09:00,13190.0,13440.0,13180.0,13320.0,47517,0.0,0.0
2023-05-31 00:00:00+09:00,13160.0,13590.0,13160.0,13350.0,59070,0.0,0.0
2023-06-01 00:00:00+09:00,13300.0,13500.0,13230.0,13450.0,36684,0.0,0.0
2023-06-02 00:00:00+09:00,13400.0,13500.0,13340.0,13480.0,41088,0.0,0.0
2023-06-05 00:00:00+09:00,13480.0,13650.0,13410.0,13630.0,63278,0.0,0.0
2023-06-07 00:00:00+09:00,13630.0,13770.0,13430.0,13430.0,78719,0.0,0.0
2023-06-08 00:00:00+09:00,13430.0,13570.0,13210.0,13420.0,216850,0.0,0.0
2023-06-09 00:00:00+09:00,13420.0,13490.0,13260.0,13460.0,51277,0.0,0.0
2023-06-12 00:00:00+09:00,13390.0,13400.0,13090.0,13150.0,59162,0.0,0.0
2023-06-13 00:00:00+09:00,13150.0,13330.0,13100.0,13150.0,57787,0.0,0.0
2023-06-14 00:00:00+09:00,13150.0,13380.0,12950.0,13140.0,94968,0.0,0.0
2023-06-15 00:00:00+09:00,13100.0,13170.0,12950.0,12950.0,62036,0.0,0.0
2023-06-16 00:00:00+09:00,13010.0,13340.0,12920.0,12930.0,47719,0.0,0.0
2023-06-19 00:00:00+09:00,12930.0,12990.0,12780.0,12900.0,40172,0.0,0.0
2023-06-20 00:00:00+09:00,12960.0,12960.0,12800.0,12810.0,45555,0.0,0.0
2023-06-21 00:00:00+09:00,12850.0,12930.0,12620.0,12690.0,57516,0.0,0.0
2023-06-22 00:00:00+09:00,12720.0,12830.0,12590.0,12710.0,26756,0.0,0.0
2023-06-23 00:00:00+09:00,12720.0,12720.0,12390.0,12450.0,69003,0.0,0.0
2023-06-26 00:00:00+09:00,12500.0,13080.0,12460.0,13000.0,57786,0.0,0.0
2023-06-27 00:00:00+09:00,13000.0,13150.0,12840.0,13130.0,39011,0.0,0.0
2023-06-28 00:00:00+09:00,13020.0,13240.0,12910.0,13200.0,35583,0.0,0.0
2023-06-29 00:00:00+09:00,13200.0,13360.0,13020.0,13290.0,42244,0.0,0.0
2023-06-30 00:00:00+09:00,13190.0,13450.0,13080.0,13440.0,50314,0.0,0.0
2023-07-03 00:00:00+09:00,13360.0,13450.0,13120.0,13130.0,72553,0.0,0.0
2023-07-04 00:00:00+09:00,13030.0,13200.0,12810.0,12940.0,44340,0.0,0.0
2023-07-05 00:00:00+09:00,12810.0,13000.0,12760.0,12800.0,49731,0.0,0.0
2023-07-06 00:00:00+09:00,12640.0,12900.0,12310.0,12310.0,69359,0.0,0.0
2023-07-07 00:00:00+09:00,12310.0,12320.0,11830.0,11940.0,105536,0.0,0.0
2023-07-10 00:00:00+09:00,11830.0,14380.0,11830.0,12760.0,1408583,0.0,0.0
2023-07-12 00:00:00+09:00,12780.0,13250.0,12730.0,13030.0,156821,0.0,0.0
2023-07-13 00:00:00+09:00,13030.0,13240.0,12870.0,13000.0,72844,0.0,0.0
2023-07-14 00:00:00+09:00,13010.0,13150.0,12580.0,12620.0,75721,0.0,0.0
2023-07-17 00:00:00+09:00,12580.0,12680.0,12420.0,12460.0,57361,0.0,0.0
2023-07-18 00:00:00+09:00,12460.0,12620.0,12160.0,12220.0,70802,0.0,0.0
2023-07-19 00:00:00+09:00,12250.0,12380.0,12130.0,12240.0,52217,0.0,0.0
2023-07-20 00:00:00+09:00,12240.0,12350.0,12160.0,12330.0,38069,0.0,0.0
2023-07-21 00:00:00+09:00,12220.0,12320.0,11920.0,12160.0,51191,0.0,0.0
2023-07-24 00:00:00+09:00,12060.0,12060.0,11480.0,11580.0,110842,0.0,0.0
2023-07-25 00:00:00+09:00,11500.0,11600.0,11200.0,11220.0,82368,0.0,0.0
2023-07-26 00:00:00+09:00,11020.0,11200.0,10350.0,10510.0,201265,0.0,0.0
2023-07-27 00:00:00+09:00,10500.0,11210.0,10500.0,11210.0,101259,0.0,0.0
2023-07-28 00:00:00+09:00,11120.0,11400.0,10840.0,10940.0,50321,0.0,0.0
2023-07-31 00:00:00+09:00,10950.0,11190.0,10820.0,11000.0,52133,0.0,0.0
2023-08-01 00:00:00+09:00,10890.0,11370.0,10880.0,11160.0,57507,0.0,0.0
2023-08-02 00:00:00+09:00,11400.0,11400.0,10960.0,11160.0,53437,0.0,0.0
2023-08-03 00:00:00+09:00,11150.0,11240.0,10890.0,11100.0,43021,0.0,0.0
2023-08-04 00:00:00+09:00,11010.0,11180.0,10940.0,11070.0,46628,0.0,0.0
2023-08-07 00:00:00+09:00,10950.0,11350.0,10950.0,11150.0,49467,0.0,0.0
2023-08-08 00:00:00+09:00,11350.0,11350.0,10970.0,11080.0,34318,0.0,0.0
2023-08-09 00:00:00+09:00,11220.0,11220.0,10850.0,11140.0,36668,0.0,0.0
2023-08-10 00:00:00+09:00,11390.0,12350.0,11200.0,12000.0,299293,0.0,0.0
2023-08-11 00:00:00+09:00,11880.0,12090.0,11780.0,11780.0,81236,0.0,0.0
2023-08-14 00:00:00+09:00,11680.0,11830.0,11510.0,11710.0,44689,0.0,0.0
2023-08-16 00:00:00+09:00,11570.0,12250.0,11440.0,11600.0,47765,0.0,0.0
2023-08-17 00:00:00+09:00,11210.0,11580.0,11200.0,11200.0,80205,0.0,0.0
2023-08-18 00:00:00+09:00,11090.0,11490.0,10910.0,11200.0,69892,0.0,0.0
2023-08-21 00:00:00+09:00,11390.0,11590.0,11100.0,11170.0,66842,0.0,0.0
2023-08-22 00:00:00+09:00,11180.0,11230.0,10980.0,11100.0,47183,0.0,0.0
2023-08-23 00:00:00+09:00,10950.0,11030.0,10800.0,10870.0,51502,0.0,0.0
2023-08-24 00:00:00+09:00,11140.0,11320.0,10990.0,11200.0,59089,0.0,0.0
2023-08-25 00:00:00+09:00,11000.0,11340.0,10950.0,11040.0,46314,0.0,0.0
2023-08-28 00:00:00+09:00,11210.0,11340.0,11180.0,11280.0,27277,0.0,0.0
2023-08-29 00:00:00+09:00,11400.0,11500.0,11290.0,11390.0,49576,0.0,0.0
2023-08-30 00:00:00+09:00,11580.0,11590.0,11310.0,11370.0,37440,0.0,0.0
2023-08-31 00:00:00+09:00,11370.0,11550.0,11320.0,11490.0,52972,0.0,0.0
2023-09-01 00:00:00+09:00,11490.0,11540.0,11220.0,11350.0,46781,0.0,0.0
2023-09-04 00:00:00+09:00,11350.0,11420.0,11160.0,11260.0,35484,0.0,0.0
2023-09-05 00:00:00+09:00,11160.0,11300.0,11110.0,11200.0,37772,0.0,0.0
2023-09-06 00:00:00+09:00,11090.0,11350.0,11080.0,11310.0,33259,0.0,0.0
2023-09-07 00:00:00+09:00,11210.0,11410.0,11160.0,11210.0,37403,0.0,0.0
2023-09-08 00:00:00+09:00,11400.0,11450.0,11120.0,11420.0,48129,0.0,0.0
2023-09-11 00:00:00+09:00,11500.0,11540.0,11220.0,11420.0,41038,0.0,0.0
2023-09-12 00:00:00+09:00,11530.0,11570.0,11250.0,11310.0,51148,0.0,0.0
2023-09-13 00:00:00+09:00,11340.0,11490.0,11230.0,11480.0,47353,0.0,0.0
2023-09-14 00:00:00+09:00,11380.0,11650.0,11320.0,11650.0,83833,0.0,0.0
2023-09-15 00:00:00+09:00,11660.0,11720.0,11260.0,11260.0,98266,0.0,0.0
2023-09-18 00:00:00+09:00,11260.0,11320.0,11140.0,11190.0,48032,0.0,0.0
2023-09-19 00:00:00+09:00,11180.0,11200.0,11060.0,11150.0,29711,0.0,0.0
2023-09-20 00:00:00+09:00,11140.0,11240.0,10910.0,10960.0,41655,0.0,0.0
2023-09-21 00:00:00+09:00,10960.0,10960.0,10450.0,10530.0,105122,0.0,0.0
2023-09-22 00:00:00+09:00,10380.0,10500.0,10160.0,10230.0,67098,0.0,0.0
2023-09-25 00:00:00+09:00,10230.0,10260.0,9970.0,10150.0,67854,0.0,0.0
2023-09-26 00:00:00+09:00,10150.0,10210.0,9840.0,10020.0,66488,0.0,0.0
2023-09-27 00:00:00+09:00,9920.0,10180.0,9880.0,10070.0,42645,0.0,0.0
2023-10-04 00:00:00+09:00,10010.0,10100.0,9750.0,9840.0,65455,0.0,0.0
2023-10-05 00:00:00+09:00,9870.0,10030.0,9720.0,9810.0,58045,0.0,0.0
2023-10-06 00:00:00+09:00,9720.0,9890.0,9720.0,9830.0,36839,0.0,0.0
2023-10-10 00:00:00+09:00,9920.0,10170.0,9790.0,9900.0,69077,0.0,0.0
2023-10-11 00:00:00+09:00,9920.0,10350.0,9830.0,10180.0,40927,0.0,0.0
2023-10-12 00:00:00+09:00,10170.0,10670.0,10160.0,10570.0,55995,0.0,0.0
2023-10-13 00:00:00+09:00,10470.0,10500.0,10110.0,10200.0,41939,0.0,0.0
2023-10-16 00:00:00+09:00,10300.0,10480.0,10080.0,10450.0,36507,0.0,0.0
2023-10-17 00:00:00+09:00,10410.0,10600.0,10400.0,10580.0,42455,0.0,0.0
2023-10-18 00:00:00+09:00,10320.0,10570.0,10250.0,10310.0,23784,0.0,0.0
2023-10-19 00:00:00+09:00,10140.0,10170.0,9930.0,10050.0,69187,0.0,0.0
2023-10-20 00:00:00+09:00,10040.0,11040.0,9900.0,10400.0,217396,0.0,0.0
2023-10-23 00:00:00+09:00,10400.0,10410.0,10000.0,10220.0,52676,0.0,0.0
2023-10-24 00:00:00+09:00,10390.0,10640.0,10000.0,10640.0,66276,0.0,0.0
2023-10-25 00:00:00+09:00,10530.0,10620.0,10250.0,10450.0,41990,0.0,0.0
2023-10-26 00:00:00+09:00,10390.0,10390.0,10170.0,10310.0,49014,0.0,0.0
2023-10-27 00:00:00+09:00,10440.0,10640.0,10260.0,10450.0,54898,0.0,0.0
2023-10-30 00:00:00+09:00,10400.0,10740.0,10310.0,10590.0,50159,0.0,0.0
2023-10-31 00:00:00+09:00,10530.0,10670.0,10320.0,10370.0,32035,0.0,0.0
2023-11-01 00:00:00+09:00,10450.0,10610.0,10320.0,10520.0,38184,0.0,0.0
2023-11-02 00:00:00+09:00,10600.0,10800.0,10560.0,10680.0,51763,0.0,0.0
2023-11-03 00:00:00+09:00,10750.0,10750.0,10520.0,10700.0,46708,0.0,0.0
2023-11-06 00:00:00+09:00,10710.0,11000.0,10640.0,11000.0,91975,0.0,0.0
2023-11-07 00:00:00+09:00,10900.0,11030.0,10720.0,10900.0,54702,0.0,0.0
2023-11-08 00:00:00+09:00,11010.0,11200.0,10860.0,11100.0,36614,0.0,0.0
2023-11-09 00:00:00+09:00,11160.0,11190.0,10900.0,11100.0,26070,0.0,0.0
2023-11-10 00:00:00+09:00,10920.0,11090.0,10690.0,10890.0,22612,0.0,0.0
2023-11-13 00:00:00+09:00,11000.0,11000.0,10600.0,10890.0,17984,0.0,0.0
2023-11-14 00:00:00+09:00,10770.0,10970.0,10770.0,10870.0,28188,0.0,0.0
2023-11-15 00:00:00+09:00,10880.0,11070.0,10780.0,10910.0,35541,0.0,0.0
2023-11-16 00:00:00+09:00,10900.0,10920.0,10710.0,10910.0,27123,0.0,0.0
2023-11-17 00:00:00+09:00,10800.0,10930.0,10750.0,10830.0,18027,0.0,0.0
2023-11-20 00:00:00+09:00,10700.0,11170.0,10700.0,11050.0,66374,0.0,0.0
2023-11-21 00:00:00+09:00,11020.0,11150.0,11000.0,11140.0,25114,0.0,0.0
2023-11-22 00:00:00+09:00,11000.0,11100.0,10930.0,11100.0,24153,0.0,0.0
2023-11-23 00:00:00+09:00,11080.0,11180.0,10980.0,11150.0,22075,0.0,0.0
2023-11-24 00:00:00+09:00,11110.0,11290.0,11110.0,11210.0,23595,0.0,0.0
2023-11-27 00:00:00+09:00,11210.0,11240.0,11010.0,11110.0,31718,0.0,0.0
2023-11-28 00:00:00+09:00,11010.0,11200.0,10950.0,10950.0,33966,0.0,0.0
2023-11-29 00:00:00+09:00,10870.0,11850.0,10820.0,11720.0,409493,0.0,0.0
2023-11-30 00:00:00+09:00,11650.0,11790.0,11460.0,11770.0,71556,0.0,0.0
2023-12-01 00:00:00+09:00,11680.0,11990.0,11620.0,11790.0,81633,0.0,0.0
2023-12-04 00:00:00+09:00,11790.0,11800.0,11450.0,11510.0,50550,0.0,0.0
2023-12-05 00:00:00+09:00,11500.0,12130.0,11410.0,12040.0,138144,0.0,0.0
2023-12-06 00:00:00+09:00,11830.0,12200.0,11830.0,12090.0,83822,0.0,0.0
2023-12-07 00:00:00+09:00,12090.0,12090.0,11720.0,11880.0,31061,0.0,0.0
2023-12-08 00:00:00+09:00,11880.0,12070.0,11800.0,12060.0,38814,0.0,0.0
2023-12-11 00:00:00+09:00,12060.0,12060.0,11760.0,11990.0,37672,0.0,0.0
2023-12-12 00:00:00+09:00,12080.0,12610.0,11990.0,12550.0,140278,0.0,0.0
2023-12-13 00:00:00+09:00,12600.0,12760.0,12340.0,12650.0,86611,0.0,0.0
2023-12-14 00:00:00+09:00,12840.0,13770.0,12840.0,13750.0,492311,0.0,0.0
2023-12-15 00:00:00+09:00,13880.0,14190.0,13590.0,13790.0,247494,0.0,0.0
2023-12-18 00:00:00+09:00,13800.0,14350.0,13800.0,14340.0,287212,0.0,0.0
2023-12-19 00:00:00+09:00,14340.0,15260.0,14220.0,15220.0,640446,0.0,0.0
2023-12-20 00:00:00+09:00,15280.0,15430.0,15050.0,15300.0,333236,0.0,0.0
2023-12-21 00:00:00+09:00,15440.0,15550.0,14580.0,15550.0,492705,0.0,0.0
2023-12-22 00:00:00+09:00,15550.0,15550.0,14820.0,15020.0,319928,0.0,0.0
2023-12-26 00:00:00+09:00,15040.0,16050.0,15040.0,15960.0,655593,0.0,0.0
2023-12-27 00:00:00+09:00,16210.0,18440.0,16210.0,18000.0,1695809,0.0,0.0
2023-12-28 00:00:00+09:00,18630.0,18790.0,14900.0,15320.0,3247616,0.0,0.0
2024-01-02 00:00:00+09:00,15390.0,16560.0,15380.0,16380.0,827684,0.0,0.0
2024-01-03 00:00:00+09:00,16930.0,17100.0,15240.0,15550.0,742465,0.0,0.0
2024-01-04 00:00:00+09:00,15540.0,15540.0,14300.0,14620.0,638442,0.0,0.0
2024-01-05 00:00:00+09:00,14770.0,14790.0,13730.0,13750.0,506698,0.0,0.0
2024-01-08 00:00:00+09:00,13750.0,13760.0,13060.0,13300.0,483098,0.0,0.0
2024-01-09 00:00:00+09:00,13210.0,13450.0,13200.0,13300.0,146935,0.0,0.0
2024-01-10 00:00:00+09:00,13300.0,13580.0,13180.0,13570.0,126009,0.0,0.0
2024-01-11 00:00:00+09:00,13650.0,14060.0,13380.0,13930.0,184002,0.0,0.0
2024-01-12 00:00:00+09:00,13790.0,14030.0,13630.0,13920.0,131439,0.0,0.0
2024-01-15 00:00:00+09:00,13930.0,14240.0,13720.0,13850.0,102952,0.0,0.0
2024-01-16 00:00:00+09:00,13890.0,14170.0,13750.0,13920.0,86654,0.0,0.0
2024-01-17 00:00:00+09:00,14030.0,14120.0,13710.0,13960.0,102253,0.0,0.0
2024-01-18 00:00:00+09:00,14090.0,14100.0,13770.0,13910.0,92345,0.0,0.0
2024-01-19 00:00:00+09:00,13910.0,14630.0,13910.0,14160.0,167073,0.0,0.0
2024-01-22 00:00:00+09:00,14290.0,14970.0,14230.0,14500.0,359811,0.0,0.0
2024-01-23 00:00:00+09:00,14690.0,15250.0,14500.0,15060.0,293394,0.0,0.0
2024-01-24 00:00:00+09:00,15000.0,15250.0,14760.0,14970.0,97497,0.0,0.0
2024-01-25 00:00:00+09:00,14830.0,15010.0,14700.0,14840.0,88903,0.0,0.0
2024-01-26 00:00:00+09:00,14720.0,14930.0,14720.0,14840.0,83766,0.0,0.0
2024-01-29 00:00:00+09:00,14840.0,15170.0,13810.0,14130.0,251409,0.0,0.0
2024-01-30 00:00:00+09:00,14190.0,14500.0,13740.0,14290.0,191458,0.0,0.0
2024-01-31 00:00:00+09:00,14300.0,14300.0,13800.0,13850.0,95781,0.0,0.0
2024-02-01 00:00:00+09:00,13990.0,14060.0,13670.0,14020.0,94809,0.0,0.0
2024-02-02 00:00:00+09:00,14230.0,14230.0,13910.0,13920.0,80054,0.0,0.0
2024-02-05 00:00:00+09:00,13780.0,13910.0,13520.0,13530.0,117996,0.0,0.0
2024-02-06 00:00:00+09:00,13490.0,13600.0,13340.0,13460.0,107492,0.0,0.0
2024-02-07 00:00:00+09:00,13490.0,14190.0,13490.0,14000.0,110170,0.0,0.0
2024-02-08 00:00:00+09:00,13900.0,14760.0,13900.0,14700.0,149533,0.0,0.0
2024-02-13 00:00:00+09:00,14700.0,14990.0,14420.0,14920.0,158147,0.0,0.0
2024-02-14 00:00:00+09:00,14780.0,15180.0,14670.0,15100.0,161172,0.0,0.0
2024-02-15 00:00:00+09:00,15100.0,15490.0,14960.0,15050.0,156355,0.0,0.0
2024-02-16 00:00:00+09:00,15070.0,15220.0,14840.0,15160.0,70237,0.0,0.0
2024-02-19 00:00:00+09:00,15300.0,15340.0,14970.0,14970.0,68400,0.0,0.0
2024-02-20 00:00:00+09:00,14980.0,15110.0,14680.0,14890.0,85860,0.0,0.0
2024-02-21 00:00:00+09:00,14720.0,14860.0,14300.0,14300.0,109400,0.0,0.0
2024-02-22 00:00:00+09:00,14270.0,14440.0,14050.0,14160.0,85643,0.0,0.0
2024-02-23 00:00:00+09:00,14150.0,14200.0,13990.0,14150.0,80737,0.0,0.0
2024-02-26 00:00:00+09:00,14020.0,14310.0,13870.0,14130.0,58968,0.0,0.0
2024-02-27 00:00:00+09:00,13980.0,14300.0,13690.0,14030.0,112007,0.0,0.0
2024-02-28 00:00:00+09:00,13900.0,14180.0,13730.0,13740.0,49874,0.0,0.0
2024-02-29 00:00:00+09:00,13690.0,13890.0,13660.0,13660.0,45918,0.0,0.0
2024-03-04 00:00:00+09:00,13660.0,13920.0,13580.0,13580.0,46152,0.0,0.0
2024-03-05 00:00:00+09:00,13570.0,13870.0,13500.0,13710.0,57347,0.0,0.0
2024-03-06 00:00:00+09:00,13580.0,13840.0,13430.0,13680.0,51014,0.0,0.0
2024-03-07 00:00:00+09:00,13540.0,13690.0,13100.0,13390.0,115690,0.0,0.0
2024-03-08 00:00:00+09:00,13500.0,13500.0,12950.0,12950.0,98467,0.0,0.0
2024-03-11 00:00:00+09:00,12830.0,13000.0,12650.0,12790.0,75194,0.0,0.0
2024-03-12 00:00:00+09:00,12700.0,13010.0,12530.0,12570.0,109527,0.0,0.0
2024-03-13 00:00:00+09:00,12580.0,12740.0,11330.0,12000.0,262444,0.0,0.0
2024-03-14 00:00:00+09:00,12250.0,13520.0,12110.0,13400.0,454397,0.0,0.0
2024-03-15 00:00:00+09:00,13430.0,15360.0,13420.0,15260.0,1292634,0.0,0.0
2024-03-18 00:00:00+09:00,15040.0,16390.0,14940.0,16290.0,809905,0.0,0.0
2024-03-19 00:00:00+09:00,16800.0,17000.0,16110.0,16740.0,775441,0.0,0.0
2024-03-20 00:00:00+09:00,16740.0,17000.0,15880.0,17000.0,698780,0.0,0.0
2024-03-21 00:00:00+09:00,17350.0,17390.0,14010.0,14550.0,1389047,0.0,0.0
2024-03-22 00:00:00+09:00,14400.0,14600.0,14070.0,14450.0,212239,0.0,0.0
2024-03-25 00:00:00+09:00,14320.0,14850.0,14150.0,14230.0,125581,0.0,0.0
2024-03-26 00:00:00+09:00,14230.0,14390.0,14020.0,14200.0,106906,0.0,0.0
2024-03-27 00:00:00+09:00,14170.0,14210.0,13930.0,14050.0,59554,0.0,0.0
2024-03-28 00:00:00+09:00,13970.0,14180.0,13900.0,13950.0,45835,0.0,0.0
2024-03-29 00:00:00+09:00,13900.0,14000.0,13620.0,13710.0,70219,0.0,0.0
2024-04-01 00:00:00+09:00,13850.0,14230.0,13710.0,14040.0,47294,0.0,0.0
2024-04-02 00:00:00+09:00,13920.0,14140.0,13720.0,13900.0,64655,0.0,0.0
2024-04-03 00:00:00+09:00,13950.0,14000.0,13610.0,13860.0,42655,0.0,0.0
2024-04-04 00:00:00+09:00,14010.0,14010.0,13710.0,13770.0,41161,0.0,0.0
2024-04-05 00:00:00+09:00,13610.0,13990.0,13610.0,13750.0,33599,0.0,0.0
2024-04-08 00:00:00+09:00,13750.0,14440.0,13710.0,14440.0,74811,0.0,0.0
2024-04-09 00:00:00+09:00,14610.0,14690.0,14100.0,14320.0,69905,0.0,0.0
2024-04-11 00:00:00+09:00,14200.0,14400.0,14140.0,14370.0,41789,0.0,0.0
2024-04-12 00:00:00+09:00,14300.0,14510.0,13770.0,13810.0,93938,0.0,0.0
2024-04-15 00:00:00+09:00,13880.0,13880.0,13320.0,13330.0,72894,0.0,0.0
2024-04-16 00:00:00+09:00,13330.0,13330.0,13010.0,13050.0,42855,0.0,0.0
2024-04-17 00:00:00+09:00,13050.0,13300.0,12870.0,12910.0,51288,0.0,0.0
2024-04-18 00:00:00+09:00,13100.0,13540.0,12810.0,12810.0,131306,0.0,0.0
2024-04-19 00:00:00+09:00,12800.0,12880.0,12430.0,12480.0,108055,0.0,0.0
2024-04-22 00:00:00+09:00,12680.0,13480.0,12560.0,12810.0,189348,0.0,0.0
2024-04-23 00:00:00+09:00,12930.0,13480.0,12920.0,13330.0,138814,0.0,0.0
2024-04-24 00:00:00+09:00,13460.0,13470.0,12860.0,12920.0,83622,0.0,0.0
2024-04-25 00:00:00+09:00,12880.0,13100.0,12850.0,13100.0,47188,0.0,0.0
2024-04-26 00:00:00+09:00,13300.0,16100.0,12990.0,15570.0,1926085,0.0,0.0
2024-04-29 00:00:00+09:00,17860.0,17880.0,17850.0,17880.0,3913541,0.0,0.0
2024-04-30 00:00:00+09:00,17880.0,17900.0,17860.0,17860.0,674851,0.0,0.0
2024-05-02 00:00:00+09:00,17870.0,17890.0,17860.0,17870.0,308593,0.0,0.0
2024-05-03 00:00:00+09:00,17870.0,17900.0,17870.0,17880.0,326715,0.0,0.0
2024-05-07 00:00:00+09:00,17880.0,17900.0,17880.0,17880.0,510429,0.0,0.0
2024-05-08 00:00:00+09:00,17890.0,17900.0,17880.0,17880.0,157995,0.0,0.0
2024-05-09 00:00:00+09:00,17880.0,17890.0,17880.0,17890.0,172921,0.0,0.0
2024-05-10 00:00:00+09:00,17880.0,17930.0,17880.0,17900.0,193271,0.0,0.0
2024-05-13 00:00:00+09:00,17900.0,17930.0,17890.0,17900.0,164077,0.0,0.0
2024-05-14 00:00:00+09:00,17900.0,17930.0,17890.0,17890.0,233130,0.0,0.0
2024-05-16 00:00:00+09:00,17900.0,17930.0,17900.0,17920.0,179479,0.0,0.0
2024-05-17 00:00:00+09:00,17920.0,17930.0,17900.0,17920.0,221352,0.0,0.0
2024-05-20 00:00:00+09:00,17920.0,17930.0,17910.0,17910.0,356981,0.0,0.0
2024-05-21 00:00:00+09:00,17910.0,17920.0,17900.0,17910.0,491816,0.0,0.0
2024-05-22 00:00:00+09:00,17920.0,17940.0,17910.0,17910.0,565354,0.0,0.0
2024-05-23 00:00:00+09:00,17900.0,17900.0,17800.0,17810.0,254607,0.0,0.0
2024-05-24 00:00:00+09:00,17810.0,17830.0,17760.0,17770.0,292786,0.0,0.0
2024-05-27 00:00:00+09:00,17880.0,17900.0,17870.0,17890.0,179875,0.0,0.0
2024-05-28 00:00:00+09:00,17890.0,17910.0,17880.0,17890.0,194876,0.0,0.0
2024-05-29 00:00:00+09:00,17880.0,17900.0,17880.0,17880.0,62092,0.0,0.0
2024-05-30 00:00:00+09:00,17880.0,17890.0,17880.0,17890.0,51103,0.0,0.0
2024-05-31 00:00:00+09:00,17890.0,17950.0,17880.0,17890.0,93259,0.0,0.0
2024-06-03 00:00:00+09:00,17890.0,17910.0,17890.0,17900.0,65109,0.0,0.0
2024-06-04 00:00:00+09:00,17900.0,17910.0,17900.0,17900.0,88238,0.0,0.0
2024-06-05 00:00:00+09:00,17900.0,17930.0,17900.0,17910.0,113686,0.0,0.0
2024-06-07 00:00:00+09:00,17910.0,17920.0,17900.0,17910.0,74467,0.0,0.0
2024-06-10 00:00:00+09:00,17910.0,17920.0,17900.0,17910.0,257541,0.0,0.0
2024-06-11 00:00:00+09:00,17920.0,17980.0,17900.0,17910.0,246126,0.0,0.0
2024-06-12 00:00:00+09:00,17910.0,17930.0,17910.0,17910.0,93134,0.0,0.0
2024-06-13 00:00:00+09:00,17920.0,17930.0,17910.0,17920.0,131204,0.0,0.0
2024-06-14 00:00:00+09:00,17900.0,17940.0,17880.0,17910.0,60668,0.0,0.0
2024-06-17 00:00:00+09:00,17910.0,17910.0,17900.0,17900.0,140030,0.0,0.0
2024-06-18 00:00:00+09:00,17950.0,18010.0,17950.0,18000.0,129381,0.0,0.0
2024-06-19 00:00:00+09:00,17960.0,18010.0,17960.0,18000.0,157213,0.0,0.0
2024-06-20 00:00:00+09:00,17960.0,18010.0,17960.0,18000.0,31780,0.0,0.0
2024-06-21 00:00:00+09:00,17970.0,18020.0,16440.0,18000.0,154519,0.0,0.0
2024-06-24 00:00:00+09:00,17960.0,18030.0,17960.0,18000.0,43834,0.0,0.0
2024-06-25 00:00:00+09:00,17990.0,18030.0,17960.0,18000.0,294037,0.0,0.0
2024-06-26 00:00:00+09:00,17970.0,18300.0,17960.0,18160.0,89792,0.0,0.0
2024-06-27 00:00:00+09:00,17990.0,18060.0,17980.0,18000.0,35916,0.0,0.0
2024-06-28 00:00:00+09:00,18000.0,18010.0,17960.0,18000.0,32217,0.0,0.0
2024-07-01 00:00:00+09:00,17960.0,18040.0,17960.0,18020.0,41054,0.0,0.0
2024-07-02 00:00:00+09:00,17960.0,18030.0,17960.0,18000.0,39243,0.0,0.0
2024-07-03 00:00:00+09:00,17970.0,18010.0,17960.0,18000.0,73163,0.0,0.0
2024-07-04 00:00:00+09:00,17960.0,18010.0,17960.0,18000.0,48445,0.0,0.0
2024-07-05 00:00:00+09:00,17960.0,18010.0,17960.0,18010.0,39697,0.0,0.0
2024-07-08 00:00:00+09:00,17960.0,18010.0,17960.0,18000.0,61882,0.0,0.0
2024-07-09 00:00:00+09:00,17970.0,18010.0,17950.0,18000.0,255969,0.0,0.0
2024-07-10 00:00:00+09:00,17960.0,18010.0,17960.0,18000.0,72692,0.0,0.0
2024-07-11 00:00:00+09:00,17980.0,18010.0,17960.0,18000.0,46631,0.0,0.0
2024-07-12 00:00:00+09:00,17970.0,18010.0,17960.0,18000.0,32878,0.0,0.0
2024-07-15 00:00:00+09:00,17960.0,18010.0,17960.0,18000.0,32285,0.0,0.0
2024-07-16 00:00:00+09:00,17960.0,18010.0,17960.0,18000.0,34715,0.0,0.0
2024-07-17 00:00:00+09:00,18000.0,18010.0,17960.0,18000.0,38646,0.0,0.0
2024-07-18 00:00:00+09:00,18000.0,18010.0,17890.0,18000.0,60532,0.0,0.0
2024-07-19 00:00:00+09:00,17960.0,18010.0,17960.0,18000.0,55541,0.0,0.0
2024-07-22 00:00:00+09:00,17960.0,18010.0,17950.0,18000.0,78353,0.0,0.0
2024-07-23 00:00:00+09:00,17960.0,18010.0,17960.0,18000.0,72907,0.0,0.0
2024-07-24 00:00:00+09:00,17960.0,18010.0,17960.0,18000.0,68022,0.0,0.0
2024-07-25 00:00:00+09:00,17960.0,18010.0,17960.0,18000.0,68505,0.0,0.0
2024-07-26 00:00:00+09:00,18000.0,18020.0,17960.0,18000.0,52000,0.0,0.0
2024-07-29 00:00:00+09:00,18010.0,18010.0,17960.0,18000.0,24466,0.0,0.0
2024-07-30 00:00:00+09:00,17960.0,18010.0,17960.0,18000.0,94696,0.0,0.0
2024-07-31 00:00:00+09:00,18000.0,18010.0,17950.0,18000.0,100004,0.0,0.0
2024-08-01 00:00:00+09:00,17960.0,18010.0,17960.0,18000.0,92330,0.0,0.0
2024-08-02 00:00:00+09:00,18010.0,18010.0,17960.0,18000.0,81834,0.0,0.0
2024-08-05 00:00:00+09:00,18000.0,18010.0,17700.0,17810.0,323145,0.0,0.0
2024-08-06 00:00:00+09:00,17990.0,18010.0,17780.0,17960.0,396049,0.0,0.0
2024-08-07 00:00:00+09:00,17960.0,18010.0,17960.0,18000.0,210790,0.0,0.0
2024-08-08 00:00:00+09:00,17960.0,18010.0,17960.0,18000.0,53655,0.0,0.0
2024-08-09 00:00:00+09:00,17960.0,18010.0,17960.0,18000.0,146005,0.0,0.0
