Date,Open,High,Low,Close,Volume,Dividends,Stock Splits
2011-09-13 00:00:00+08:00,75.92947105698015,96.6375148052086,75.92947105698015,95.04458618164062,4790971,0.0,0.0
2011-09-14 00:00:00+08:00,94.51364803937882,108.58449986429261,94.51364803937882,105.13316345214844,1642258,0.0,0.0
2011-09-15 00:00:00+08:00,108.31897961354278,130.6199493408203,104.60215510675107,130.6199493408203,1051437,0.0,0.0
2011-09-16 00:00:00+08:00,132.74385717659968,147.61116727471045,130.61995573401242,140.70849609375,956234,0.0,0.0
2011-09-19 00:00:00+08:00,142.8324234130478,144.95632524041878,130.61997939821495,132.74388122558594,645423,0.0,0.0
2011-09-20 00:00:00+08:00,130.61995960251105,142.0359344482422,130.61995960251105,142.0359344482422,998235,0.0,0.0
2011-09-21 00:00:00+08:00,151.8589630126953,151.8589630126953,150.2660398415413,151.8589630126953,324811,0.0,0.0
2011-09-22 00:00:00+08:00,162.47848510742188,162.47848510742188,157.16872594725194,162.47848510742188,424215,0.0,0.0
2011-09-23 00:00:00+08:00,162.7439706916944,173.62896728515625,161.94751471960882,173.62896728515625,582420,0.0,0.0
2011-09-26 00:00:00+08:00,180.0006622152532,185.57589874537445,161.6820068359375,161.6820068359375,788228,0.0,0.0
2011-09-27 00:00:00+08:00,163.54046529083894,167.5227798454381,151.59352162704147,155.57583618164062,639822,0.0,0.0
2011-09-28 00:00:00+08:00,156.63776340536373,166.4608154296875,152.92093842801881,166.4608154296875,344412,0.0,0.0
2011-09-29 00:00:00+08:00,174.95644257060562,177.87680053710938,174.95644257060562,177.87680053710938,229608,0.0,0.0
2011-09-30 00:00:00+08:00,190.08917236328125,190.08917236328125,181.06259006353517,190.08917236328125,558619,0.0,0.0
2011-10-03 00:00:00+08:00,185.31045698631863,195.66448815393264,181.06265339975198,191.15118408203125,197407,0.0,0.0
2011-10-04 00:00:00+08:00,188.49626732581018,196.4608941857058,184.77943162703082,189.55821228027344,261809,0.0,0.0
2011-10-05 00:00:00+08:00,189.55821304639696,189.55821304639696,176.54931640625,176.54931640625,365413,0.0,0.0
2011-10-06 00:00:00+08:00,173.6289645218499,178.40774565136698,167.52274923113993,172.03604125976562,334611,0.0,0.0
2011-10-07 00:00:00+08:00,169.9121537931415,183.1865418716618,169.9121537931415,180.5316619873047,296810,0.0,0.0
2011-10-11 00:00:00+08:00,180.53163129074494,180.79712036836494,170.4431030575015,176.28382873535156,163805,0.0,0.0
2011-10-12 00:00:00+08:00,174.15994549538962,177.3458034135254,171.5050657874872,173.62896728515625,61602,0.0,0.0
2011-10-13 00:00:00+08:00,164.60238636862564,173.09799194335938,164.60238636862564,173.09799194335938,77002,0.0,0.0
2011-10-14 00:00:00+08:00,173.0979919171846,183.1865206998394,172.56701373302806,175.22189331054688,112004,0.0,0.0
2011-10-17 00:00:00+08:00,178.40774269458157,178.40774269458157,168.85019193721075,172.5670166015625,140005,0.0,0.0
2011-10-18 00:00:00+08:00,172.56700686862987,172.56700686862987,165.39883569744492,167.2572479248047,63002,0.0,0.0
2011-10-19 00:00:00+08:00,167.2572906960293,169.64668169744206,155.57583618164062,155.57583618164062,134404,0.0,0.0
2011-10-20 00:00:00+08:00,148.6731414794922,150.7970431765345,144.69082721544606,148.6731414794922,375213,0.0,0.0
2011-10-21 00:00:00+08:00,146.01824642773562,150.79702758789062,139.64654199528368,150.79702758789062,135804,0.0,0.0
2011-10-24 00:00:00+08:00,150.79702727041564,159.027144060431,150.79702727041564,157.16873168945312,147005,0.0,0.0
2011-10-25 00:00:00+08:00,153.98285569237322,154.5138338339734,149.2040864477608,151.32798767089844,60202,0.0,0.0
2011-10-26 00:00:00+08:00,148.1421632194152,148.6731414794922,148.1421632194152,148.6731414794922,19600,0.0,0.0
2011-10-27 00:00:00+08:00,149.20410912113516,149.20410912113516,143.6288604736328,143.6288604736328,42001,0.0,0.0
2011-10-28 00:00:00+08:00,143.62887426668033,148.93863431294812,143.62887426668033,143.8943634033203,75602,0.0,0.0
2011-10-31 00:00:00+08:00,144.42532703326862,144.42532703326862,135.39874267578125,135.39874267578125,137204,0.0,0.0
2011-11-01 00:00:00+08:00,134.60229390662727,138.0536414656465,130.08900110555564,132.74388122558594,98003,0.0,0.0
2011-11-02 00:00:00+08:00,132.74386110800071,142.0359344482422,132.74386110800071,142.0359344482422,82602,0.0,0.0
2011-11-03 00:00:00+08:00,145.7527480705519,151.8589630126953,144.9562921566067,151.8589630126953,37801,0.0,0.0
2011-11-04 00:00:00+08:00,162.47850649964036,162.47850649964036,152.92094329027373,159.2926483154297,410214,0.0,0.0
2011-11-07 00:00:00+08:00,153.45190694749735,160.3545782273397,153.45190694749735,157.16873168945312,58802,0.0,0.0
2011-11-08 00:00:00+08:00,155.84128795547582,159.29262338352015,151.8589630126953,151.8589630126953,42001,0.0,0.0
2011-11-09 00:00:00+08:00,151.85897254546992,155.0448304310302,151.32800568393017,152.92092895507812,21000,0.0,0.0
2011-11-10 00:00:00+08:00,147.61120366815555,152.12449676431092,145.48730170192167,146.01828002929688,25200,0.0,0.0
2011-11-11 00:00:00+08:00,143.3633639668799,153.9828711485083,143.3633639668799,153.451904296875,68602,0.0,0.0
2011-11-14 00:00:00+08:00,151.85897254546992,152.92092895507812,150.79702747912606,152.92092895507812,14000,0.0,0.0
2011-11-15 00:00:00+08:00,153.45192195331583,153.45192195331583,146.81472778320312,146.81472778320312,7000,0.0,0.0
2011-11-16 00:00:00+08:00,151.0625043562925,156.90323010666447,148.67311397130774,154.5138397216797,57402,0.0,0.0
2011-11-17 00:00:00+08:00,149.20409484185984,151.8589630126953,146.54921532776072,151.8589630126953,29401,0.0,0.0
2011-11-18 00:00:00+08:00,151.32799331007843,151.32799331007843,150.2660369873047,150.2660369873047,2800,0.0,0.0
2011-11-21 00:00:00+08:00,147.61116727471045,147.61116727471045,139.91202879905572,140.70849609375,193206,0.0,0.0
2011-11-22 00:00:00+08:00,140.70847529277148,140.70847529277148,137.52261792822483,138.8500518798828,39201,0.0,0.0
2011-11-23 00:00:00+08:00,138.05360978399517,139.64653295315003,136.9916534423828,136.9916534423828,35001,0.0,0.0
2011-11-24 00:00:00+08:00,130.08899536776792,133.8058319091797,128.49607190331474,133.8058319091797,102203,0.0,0.0
2011-11-25 00:00:00+08:00,134.86775210242178,138.05360978399517,133.54031801866998,136.9916534423828,33601,0.0,0.0
2011-11-28 00:00:00+08:00,141.77044677734375,144.4253265218983,137.5226437233623,141.77044677734375,26600,0.0,0.0
2011-11-29 00:00:00+08:00,144.9562989789245,144.9562989789245,138.0536164546999,140.70849609375,40601,0.0,0.0
2011-11-30 00:00:00+08:00,140.70848647167307,140.70848647167307,136.4606725337129,139.6465301513672,21000,0.0,0.0
2011-12-01 00:00:00+08:00,138.85007792400728,141.77044677734375,138.85007792400728,141.77044677734375,15400,0.0,0.0
2011-12-02 00:00:00+08:00,140.70851427581698,140.70851427581698,138.58460121551784,140.1775360107422,15400,0.0,0.0
2011-12-05 00:00:00+08:00,138.05362808293623,138.58459498085818,135.398748220266,136.460693359375,11200,0.0,0.0
2011-12-06 00:00:00+08:00,136.46068777140434,138.053622429736,135.39874267578125,135.39874267578125,35001,0.0,0.0
2011-12-07 00:00:00+08:00,138.5845845305599,144.69081115722656,138.5845845305599,144.69081115722656,51801,0.0,0.0
2011-12-08 00:00:00+08:00,151.5935259712753,154.7793731689453,150.26608018619058,154.7793731689453,250608,0.0,0.0
2011-12-09 00:00:00+08:00,154.779329098404,165.39883563904104,151.32799372642074,165.1333465576172,172206,0.0,0.0
2011-12-12 00:00:00+08:00,164.0714269299144,168.31923020260223,159.82362365722656,159.82362365722656,100803,0.0,0.0
2011-12-13 00:00:00+08:00,158.23068237304688,158.23068237304688,156.6377478184692,158.23068237304688,18200,0.0,0.0
2011-12-14 00:00:00+08:00,158.7616477440893,169.1156768798828,158.7616477440893,169.1156768798828,119004,0.0,0.0
2011-12-15 00:00:00+08:00,175.221912154763,180.79714965820312,175.221912154763,180.79714965820312,406014,0.0,0.0
2011-12-16 00:00:00+08:00,176.01834911956158,187.16883426267702,172.03603542771975,185.84140014648438,126004,0.0,0.0
2011-12-19 00:00:00+08:00,185.57594229185653,189.55825665402554,180.53167138336732,181.5936279296875,57402,0.0,0.0
2011-12-20 00:00:00+08:00,182.12457554653386,190.0892029302175,182.12457554653386,185.84140014648438,36401,0.0,0.0
2011-12-21 00:00:00+08:00,185.84140586312253,190.08920877752166,181.06262474860745,184.77944946289062,71402,0.0,0.0
2011-12-22 00:00:00+08:00,184.24850819301,196.99191870591113,184.24850819301,195.92996215820312,74202,0.0,0.0
2011-12-23 00:00:00+08:00,195.92994025875115,196.9918966877623,191.41665946524733,194.33700561523438,113404,0.0,0.0
2011-12-26 00:00:00+08:00,196.46095174427523,201.2397337975918,194.60253902204468,200.70875549316406,64402,0.0,0.0
2011-12-27 00:00:00+08:00,200.7087483900112,200.7087483900112,189.0272828223448,193.8060760498047,50401,0.0,0.0
2011-12-28 00:00:00+08:00,191.1511573508945,193.80604840031347,188.49628898800444,193.2750701904297,26600,0.0,0.0
2011-12-29 00:00:00+08:00,193.27509611292197,206.54948508082117,193.27509611292197,202.3016815185547,107803,0.0,0.0
2011-12-30 00:00:00+08:00,208.1423673650502,213.452126727461,204.42554261732127,207.61138916015625,82602,0.0,0.0
2012-01-02 00:00:00+08:00,208.14237773078887,209.73531242480078,198.05385939496972,200.17774963378906,53201,0.0,0.0
2012-01-03 00:00:00+08:00,199.9122722294801,212.3901812860275,199.9122722294801,207.0804443359375,64402,0.0,0.0
2012-01-04 00:00:00+08:00,208.14237144169672,212.92115269281007,205.4875030517578,205.4875030517578,72802,0.0,0.0
2012-01-05 00:00:00+08:00,211.85922303754074,211.85922303754074,199.11581231953622,201.5052032470703,137204,0.0,0.0
2012-01-06 00:00:00+08:00,204.42556189090118,207.08045316567848,194.86799867476464,195.1334991455078,88203,0.0,0.0
2012-01-09 00:00:00+08:00,192.74409198054587,194.86798213355215,190.08921227439134,193.2750701904297,40601,0.0,0.0
2012-01-10 00:00:00+08:00,192.21314065030595,193.27509721858064,189.55826057288527,191.15118408203125,63002,0.0,0.0
2012-01-11 00:00:00+08:00,193.2750837188451,201.50518983179327,193.2750837188451,195.6644744873047,107803,0.0,0.0
2012-01-12 00:00:00+08:00,200.17774154586118,200.17774154586118,192.74409198054587,193.2750701904297,72802,0.0,0.0
2012-01-13 00:00:00+08:00,191.15114795451885,193.80603887343196,180.53164099518602,185.84140014648438,124604,0.0,0.0
2012-01-16 00:00:00+08:00,185.8413822763188,191.68210770650248,185.8413822763188,188.4962615966797,75602,0.0,0.0
2012-01-17 00:00:00+08:00,185.8414423720531,201.50521160653918,185.8414423720531,200.70875549316406,72802,0.0,0.0
2012-01-18 00:00:00+08:00,198.05385897857232,210.2662902140647,195.9299460576885,204.42555236816406,86803,0.0,0.0
2012-01-30 00:00:00+08:00,212.39015356340093,218.49636840820312,209.7352854348876,218.49636840820312,170806,0.0,0.0
2012-01-31 00:00:00+08:00,219.82385376623833,230.97432858091773,219.82385376623833,221.68226623535156,56002,0.0,0.0
2012-02-01 00:00:00+08:00,216.90349804112293,218.23093235896144,214.51410719440105,217.16897583007812,65802,0.0,0.0
2012-02-02 00:00:00+08:00,228.05394138698117,228.05394138698117,217.69992340626004,221.416748046875,44801,0.0,0.0
2012-02-03 00:00:00+08:00,221.41673414544692,229.3813611162176,221.41673414544692,228.31942749023438,53201,0.0,0.0
2012-02-06 00:00:00+08:00,233.0982082100021,233.0982082100021,221.41673414544692,228.31942749023438,54601,0.0,0.0
2012-02-07 00:00:00+08:00,228.31941816139326,237.8769565238932,228.31941816139326,231.50526428222656,70002,0.0,0.0
2012-02-08 00:00:00+08:00,231.50531834927318,238.40799033758825,224.07166810239062,230.7088623046875,127404,0.0,0.0
2012-02-09 00:00:00+08:00,230.70883315647333,235.22211375428344,228.3194426380656,232.56724548339844,75602,0.0,0.0
2012-02-10 00:00:00+08:00,232.56723581418012,236.28406031349962,226.72649863723396,227.25747680664062,63002,0.0,0.0
2012-02-13 00:00:00+08:00,227.25751743164773,230.4433643310689,222.47873573925034,224.07167053222656,58802,0.0,0.0
2012-02-14 00:00:00+08:00,230.97428614766673,234.16013226850004,227.2574618922736,231.50526428222656,37801,0.0,0.0
2012-02-15 00:00:00+08:00,229.3813517439872,236.28404480673942,227.78844002683343,231.50526428222656,33601,0.0,0.0
2012-02-16 00:00:00+08:00,227.2574518837665,230.97427597546925,215.3105010986328,215.3105010986328,159605,0.0,0.0
2012-02-17 00:00:00+08:00,219.82381270248385,224.86807093543277,216.10696577204578,223.00965881347656,60202,0.0,0.0
2012-02-20 00:00:00+08:00,222.47865295410156,223.00963102084802,220.35476337363855,222.47865295410156,5600,0.0,0.0
2012-02-21 00:00:00+08:00,220.35484653748864,223.5406934538111,218.7619117360617,219.0273895263672,16800,0.0,0.0
2012-02-22 00:00:00+08:00,204.95655501983873,226.19557332674788,204.95655501983873,224.6026611328125,43401,0.0,0.0
2012-02-23 00:00:00+08:00,218.76187697852612,223.0096797542297,218.76187697852612,221.94772338867188,51801,0.0,0.0
2012-02-24 00:00:00+08:00,223.00970639665397,232.03629120922406,223.00970639665397,230.97433471679688,133004,0.0,0.0
2012-02-29 00:00:00+08:00,231.50534321225834,246.9036236183204,231.50534321225834,243.18679809570312,147005,0.0,0.0
2012-03-01 00:00:00+08:00,243.1866989001738,253.54071511451355,243.1866989001738,249.02743530273438,85403,0.0,0.0
2012-03-02 00:00:00+08:00,256.4610833157938,257.52303951380924,245.57608900244637,249.02743530273438,77002,0.0,0.0
2012-03-05 00:00:00+08:00,252.21333498023137,252.74431319243962,245.5761413574219,245.57614135742188,33601,0.0,0.0
2012-03-06 00:00:00+08:00,240.0009490145717,240.0009490145717,233.36375415128802,239.469970703125,67202,0.0,0.0
2012-03-07 00:00:00+08:00,234.95668908562808,245.31070944250527,234.95668908562808,239.469970703125,82602,0.0,0.0
2012-03-08 00:00:00+08:00,240.79734662134842,243.18673709893653,238.93893432617188,238.93893432617188,25200,0.0,0.0
2012-03-09 00:00:00+08:00,242.12481523152712,254.33724596313382,242.12481523152712,252.2133331298828,86803,0.0,0.0
2012-03-12 00:00:00+08:00,254.86826167320584,254.86826167320584,240.79739379882812,240.79739379882812,88203,0.0,0.0
2012-03-13 00:00:00+08:00,243.71770664663217,244.24868481023162,234.69112323849566,240.5318603515625,47601,0.0,0.0
2012-03-14 00:00:00+08:00,241.0628339133128,241.59381206677597,223.80612332860315,225.66453552246094,863830,0.0,0.0
2012-03-15 00:00:00+08:00,225.6645422984206,234.6911258052796,218.7618714691883,227.25747680664062,312211,0.0,0.0
2012-03-16 00:00:00+08:00,225.6645255733264,228.8503943536462,224.3370915914559,225.3990478515625,117604,0.0,0.0
2012-03-19 00:00:00+08:00,224.0716569206315,225.39909115754227,220.35483198266948,225.1335906982422,259009,0.0,0.0
2012-03-20 00:00:00+08:00,222.47872388540407,223.00970212143852,219.29287715572738,222.74420166015625,175006,0.0,0.0
2012-03-21 00:00:00+08:00,219.82381322239772,219.82381322239772,211.32820844864014,212.12466430664062,259009,0.0,0.0
2012-03-22 00:00:00+08:00,211.06275827178374,211.06275827178374,199.11580412574116,209.204345703125,571220,0.0,0.0
2012-03-23 00:00:00+08:00,207.0804321225437,210.7972568430041,202.30165100008642,210.0007781982422,233808,0.0,0.0
2012-03-26 00:00:00+08:00,209.73527088623942,209.73527088623942,206.0184466895339,208.4078369140625,131604,0.0,0.0
2012-03-27 00:00:00+08:00,207.61138782578718,210.26627883319333,202.83262938551331,205.7529754638672,214207,0.0,0.0
2012-03-28 00:00:00+08:00,203.3635710690312,203.62907149497852,198.8502906931969,199.1157684326172,163805,0.0,0.0
2012-03-29 00:00:00+08:00,199.115778391912,199.115778391912,185.3104248046875,185.3104248046875,424215,0.0,0.0
2012-03-30 00:00:00+08:00,183.71750604591583,184.24848425077167,172.5670204602649,180.2661590576172,453616,0.0,0.0
2012-04-02 00:00:00+08:00,178.40775420035655,178.40775420035655,168.05373548576577,171.23959350585938,350012,0.0,0.0
2012-04-03 00:00:00+08:00,170.17762322247071,180.00067425486134,168.8501891055392,177.34579467773438,420015,0.0,0.0
2012-04-05 00:00:00+08:00,173.89443629165066,189.55821228027344,172.03602411389258,189.55821228027344,319211,0.0,0.0
2012-04-06 00:00:00+08:00,195.3989519185146,202.56712341308594,195.3989519185146,202.56712341308594,229608,0.0,0.0
2012-04-09 00:00:00+08:00,205.48750882860597,208.67335552340185,192.47859890451727,204.42555236816406,365413,0.0,0.0
2012-04-10 00:00:00+08:00,204.4255540423762,206.01848874608493,195.39896942775343,202.03616333007812,231008,0.0,0.0
2012-04-11 00:00:00+08:00,191.15113298806955,199.11575974815142,191.15113298806955,196.4608917236328,147005,0.0,0.0
2012-04-12 00:00:00+08:00,194.3370158285145,201.23971029332552,194.3370158285145,198.05386352539062,100803,0.0,0.0
2012-04-13 00:00:00+08:00,198.31935575357215,207.08046336192098,196.46094311298882,202.3016815185547,176406,0.0,0.0
2012-04-16 00:00:00+08:00,201.23968504400835,201.770663219798,196.99188232421875,196.99188232421875,92403,0.0,0.0
2012-04-17 00:00:00+08:00,197.5228317110904,198.31928751542782,188.4962494113443,190.08917236328125,141405,0.0,0.0
2012-04-18 00:00:00+08:00,190.0892028569984,195.39895066298766,190.0892028569984,192.21310424804688,93803,0.0,0.0
2012-04-19 00:00:00+08:00,190.62015723473672,193.2750479790528,186.37236607362047,189.55821228027344,99403,0.0,0.0
2012-04-20 00:00:00+08:00,189.5582218398226,190.0892000154634,177.87675869204355,182.12457275390625,128804,0.0,0.0
2012-04-23 00:00:00+08:00,181.85912644798375,182.1246155982598,172.56705156138756,177.87680053710938,176406,0.0,0.0
2012-04-24 00:00:00+08:00,175.22192020006497,181.06264709231192,172.56704021512886,180.00070190429688,179206,0.0,0.0
2012-04-25 00:00:00+08:00,180.5316410194371,185.84140017144875,180.00067417884708,183.71749877929688,338812,0.0,0.0
2012-04-26 00:00:00+08:00,183.71753223562717,187.16886837266398,181.59363045669696,183.18655395507812,277209,0.0,0.0
2012-04-27 00:00:00+08:00,185.31044228643407,190.08922377805777,178.67324829101562,178.67324829101562,282810,0.0,0.0
2012-04-30 00:00:00+08:00,180.5316619873047,182.3900745033751,175.22191356185573,180.5316619873047,301010,0.0,0.0
2012-05-02 00:00:00+08:00,182.65553457722,193.00955200195312,182.65553457722,193.00955200195312,891831,0.0,0.0
2012-05-03 00:00:00+08:00,193.80606311866657,199.11580024768787,191.15117186762527,197.52288818359375,1198442,0.0,0.0
2012-05-04 00:00:00+08:00,194.8680236005658,211.06278304534027,192.21315467273195,210.26632690429688,1174641,0.0,0.0
2012-05-07 00:00:00+08:00,208.1423559996425,210.26626870324415,205.48748780666793,209.73529052734375,379413,0.0,0.0
2012-05-08 00:00:00+08:00,209.73531431989514,224.33713641075335,209.73531431989514,219.29287719726562,1233444,0.0,0.0
2012-05-09 00:00:00+08:00,215.04505242642605,220.3548115686955,212.39016151202745,217.69992065429688,382213,0.0,0.0
2012-05-10 00:00:00+08:00,217.6999518221634,217.6999518221634,210.2663015706352,213.4521484375,275809,0.0,0.0
2012-05-11 00:00:00+08:00,212.92115867863964,213.45213690886058,202.30166213381008,204.42555236816406,380813,0.0,0.0
2012-05-14 00:00:00+08:00,204.42552881590652,204.42552881590652,195.6644457429666,196.72637939453125,186206,0.0,0.0
2012-05-15 00:00:00+08:00,194.86793908140203,206.01843365242652,194.86793908140203,203.62904357910156,236608,0.0,0.0
2012-05-16 00:00:00+08:00,204.95652261598877,209.2043256057883,197.25737260743682,200.9741973876953,385013,0.0,0.0
2012-05-17 00:00:00+08:00,198.05384712441102,201.50517138447958,195.39895613221006,199.64675903320312,336012,0.0,0.0
2012-05-18 00:00:00+08:00,195.3989876685979,196.99192252100994,190.08923885702262,191.15118408203125,239408,0.0,0.0
2012-05-21 00:00:00+08:00,191.15112742772126,195.92990788206686,190.62014930095782,192.4785614013672,170806,0.0,0.0
2012-05-22 00:00:00+08:00,194.86799235779773,205.7529895152024,194.86799235779773,203.8945770263672,525018,0.0,0.0
2012-05-23 00:00:00+08:00,200.7087302864398,209.73531495500924,199.11579557321102,203.8945770263672,484417,0.0,0.0
2012-05-24 00:00:00+08:00,206.01850730420452,208.14239774727258,199.64679060193623,201.5052032470703,439615,0.0,0.0
2012-05-25 00:00:00+08:00,200.70875549316406,203.62912482425008,199.11582057988088,200.70875549316406,222607,0.0,0.0
2012-05-28 00:00:00+08:00,201.7706718269639,201.7706718269639,197.25736848348652,199.64675903320312,247808,0.0,0.0
2012-05-29 00:00:00+08:00,201.50516820794388,213.45212076819482,200.7087122661032,212.921142578125,1092039,0.0,0.0
2012-05-30 00:00:00+08:00,211.85922780390666,216.63800976648693,210.79729390174748,211.59375,492817,0.0,0.0
2012-05-31 00:00:00+08:00,208.67336499419545,226.19555664062503,208.14238673987566,226.195556640625,1353848,0.0,0.0
2012-06-01 00:00:00+08:00,220.35480012457262,224.07162452516968,210.53173828125,210.53173828125,1066838,0.0,0.0
2012-06-04 00:00:00+08:00,195.92996215820312,195.92996215820312,195.92996215820312,195.92996215820312,205807,0.0,0.0
2012-06-05 00:00:00+08:00,195.66444438751816,204.42552739976645,195.39894396157084,199.1157684326172,994035,0.0,0.0
2012-06-06 00:00:00+08:00,201.77071496026085,210.5318003910936,195.3989979034007,206.28399658203125,1162041,0.0,0.0
2012-06-07 00:00:00+08:00,209.7353412953695,210.00081910431686,198.58484227545316,200.70875549316406,660823,0.0,0.0
2012-06-08 00:00:00+08:00,198.5848157338779,207.08044478271717,198.5848157338779,202.8326416015625,476017,0.0,0.0
2012-06-11 00:00:00+08:00,206.54945392154528,211.85919055847242,204.16006336031663,210.0007781982422,634222,0.0,0.0
2012-06-12 00:00:00+08:00,207.08044784497272,218.76190109425806,205.48751312103508,216.1070098876953,877831,0.0,0.0
2012-06-13 00:00:00+08:00,216.10698903201586,216.10698903201586,210.26627431430393,212.921142578125,501217,0.0,0.0
2012-06-14 00:00:00+08:00,210.79725646972656,214.24858074031192,208.67334366949385,210.79725646972656,259009,0.0,0.0
2012-06-15 00:00:00+08:00,211.0627644797231,217.16898062584977,211.0627644797231,214.2486114501953,704225,0.0,0.0
2012-06-18 00:00:00+08:00,218.7618644130139,228.85040393327992,215.84149591873745,222.2132110595703,1209643,0.0,0.0
2012-06-19 00:00:00+08:00,222.21322386551063,224.6026143452055,217.69992065429688,217.69992065429688,446615,0.0,0.0
2012-06-20 00:00:00+08:00,217.69994296281564,219.55835545006917,213.98311798830855,215.04507446289062,359812,0.0,0.0
2012-06-21 00:00:00+08:00,213.9830960606666,219.55833295111202,213.9830960606666,217.69992065429688,397614,0.0,0.0
2012-06-22 00:00:00+08:00,214.51409785028792,217.16896637032042,213.45214136766282,216.1070098876953,168006,0.0,0.0
2012-06-25 00:00:00+08:00,215.04507157452827,220.35483118959078,215.04507157452827,215.5760498046875,315011,0.0,0.0
2012-06-26 00:00:00+08:00,215.5760621431914,215.5760621431914,206.54947708690716,209.204345703125,390613,0.0,0.0
2012-06-27 00:00:00+08:00,208.1423479256481,213.4521067921553,207.08041430156794,210.53173828125,365413,0.0,0.0
2012-06-28 00:00:00+08:00,210.797237190948,213.71760568091702,205.75295609499193,208.67332458496094,218407,0.0,0.0
2012-06-29 00:00:00+08:00,208.67334366949385,210.79725646972656,206.0184753557315,210.79725646972656,221207,0.0,0.0
2012-07-02 00:00:00+08:00,211.85921431934287,213.45214910099224,208.14238918202543,209.204345703125,320611,0.0,0.0
2012-07-03 00:00:00+08:00,212.3901587203183,213.1866373274327,208.67333417554292,209.73529052734375,333211,0.0,0.0
2012-07-04 00:00:00+08:00,213.4521421103975,222.47872687105954,213.4521421103975,218.76190185546875,1457452,0.0,0.0
2012-07-05 00:00:00+08:00,219.29285797503562,224.60261718442618,219.29285797503562,221.416748046875,1422450,0.0,0.0
2012-07-06 00:00:00+08:00,221.4167578469134,223.00969248619325,213.7176304733836,218.2309112548828,576820,0.0,0.0
2012-07-09 00:00:00+08:00,217.1689787598863,219.2928918463065,215.5760666316027,216.63800048828125,219807,0.0,0.0
2012-07-10 00:00:00+08:00,216.3724957433223,216.3724957433223,201.50517404992235,203.36358642578125,1040237,0.0,0.0
2012-07-11 00:00:00+08:00,200.17769651629595,205.22195434570312,200.17769651629595,205.22195434570312,316411,0.0,0.0
2012-07-12 00:00:00+08:00,205.22203705100029,205.22203705100029,198.58484227545316,200.70875549316406,249208,0.0,0.0
2012-07-13 00:00:00+08:00,199.64676566911584,202.30165674956078,198.31933147215798,201.2397003173828,193206,0.0,0.0
2012-07-16 00:00:00+08:00,202.3016788374846,202.3016788374846,187.16886608628872,187.69984436035156,781227,0.0,0.0
2012-07-17 00:00:00+08:00,186.37241172759627,193.5405731201172,181.5936299037384,193.5405731201172,593621,0.0,0.0
2012-07-18 00:00:00+08:00,191.6821461392749,200.70873083239806,190.8856901237591,196.19544982910156,728026,0.0,0.0
2012-07-19 00:00:00+08:00,191.68215538808874,195.39898055520914,187.69984108856465,190.35472106933594,763027,0.0,0.0
2012-07-20 00:00:00+08:00,190.35470137933325,196.99189497308734,189.02725585462375,193.2750701904297,653823,0.0,0.0
2012-07-23 00:00:00+08:00,191.6821179425178,193.8060305868358,189.02723848038372,193.00955200195312,291210,0.0,0.0
2012-07-24 00:00:00+08:00,191.1511397814383,193.00955200195312,189.55821664146322,193.00955200195312,170806,0.0,0.0
2012-07-25 00:00:00+08:00,190.6201616203588,193.00955200195312,189.02723848038372,193.00955200195312,102203,0.0,0.0
2012-07-26 00:00:00+08:00,190.6201359764469,190.6201359764469,179.7351531982422,179.7351531982422,596421,0.0,0.0
2012-07-27 00:00:00+08:00,169.9121355357142,177.34579614449814,167.2572559366297,174.95640563964844,2812700,0.0,0.0
2012-07-30 00:00:00+08:00,173.62895172721917,175.48737529651288,162.74395610910202,163.0094451904297,1421050,0.0,0.0
2012-07-31 00:00:00+08:00,161.94752502441406,163.00947016918846,151.85898376109867,161.94752502441406,2147676,0.0,0.0
2012-08-01 00:00:00+08:00,164.60240225434882,173.09800864899069,164.60240225434882,172.83251953125,1925068,0.0,0.0
2012-08-02 00:00:00+08:00,172.83251953125,172.83251953125,172.83251953125,172.83251953125,0,0.0,0.0
2012-08-03 00:00:00+08:00,171.50505054255945,171.50505054255945,165.39883569744492,167.2572479248047,967434,0.0,0.0
2012-08-06 00:00:00+08:00,170.17761050480274,171.5050445225328,163.54041772962617,164.07139587402344,911432,0.0,0.0
2012-08-07 00:00:00+08:00,165.6643545212787,168.8502127281951,160.6200837533551,161.15106201171875,960434,0.0,0.0
2012-08-08 00:00:00+08:00,161.94750032424298,168.31920425087512,158.76164268929517,167.2572479248047,1458852,0.0,0.0
2012-08-09 00:00:00+08:00,168.8502102855443,169.38117719296127,163.80593959059303,167.7882537841797,1051437,0.0,0.0
2012-08-10 00:00:00+08:00,167.78825544511753,179.46972035943668,167.78825544511753,175.7528839111328,1884467,0.0,0.0
2012-08-13 00:00:00+08:00,177.3458135297101,186.37239824551534,173.09801029206827,182.92105102539062,1374849,0.0,0.0
2012-08-14 00:00:00+08:00,185.3104531552765,185.3104531552765,181.0626496565274,181.5936279296875,730826,0.0,0.0
2012-08-15 00:00:00+08:00,181.5936029487234,187.43432912020614,180.5316465484915,184.77944946289062,1439251,0.0,0.0
2012-08-16 00:00:00+08:00,183.71754158987636,186.10693263074043,182.12461801038916,184.24851989746094,795228,0.0,0.0
2012-08-17 00:00:00+08:00,184.77948686177896,187.43436705643535,183.71754158987636,184.24851989746094,564220,0.0,0.0
2012-08-20 00:00:00+08:00,184.2485026495126,184.2485026495126,171.5050811767578,171.5050811767578,1622657,0.0,0.0
2012-08-21 00:00:00+08:00,167.52275986296632,176.81483361083025,166.1953256175279,172.83251953125,1443451,0.0,0.0
2012-08-22 00:00:00+08:00,172.8324934128182,177.08029596821157,171.5050480247182,176.28382873535156,1111639,0.0,0.0
2012-08-23 00:00:00+08:00,180.2934875397883,184.0496099832728,178.14713677058035,180.0251922607422,1523254,2.480241,0.0
2012-08-24 00:00:00+08:00,180.02520362131995,187.80573281516828,180.02520362131995,183.51303100585938,1349648,0.0,0.0
2012-08-27 00:00:00+08:00,186.1959648417442,191.83013143596813,184.5861931321136,187.00083923339844,1502253,0.0,0.0
2012-08-28 00:00:00+08:00,187.00085090586578,191.02525750482093,179.22033300964074,181.36668395996094,1099039,0.0,0.0
2012-08-29 00:00:00+08:00,181.63493662537934,183.78128707187372,177.07394049368392,178.14710998535156,1157841,0.0,0.0
2012-08-30 00:00:00+08:00,178.68374240627026,185.65938586060133,178.68374240627026,181.36668395996094,1372049,0.0,0.0
2012-08-31 00:00:00+08:00,184.58622025736085,185.39110623045545,179.75692734511864,180.83010864257812,987035,0.0,0.0
2012-09-03 00:00:00+08:00,180.56180534782985,186.19598398446198,180.56180534782985,185.122802734375,1106039,0.0,0.0
2012-09-04 00:00:00+08:00,186.73252883569162,192.09841117386281,186.73252883569162,188.34230041503906,1796264,0.0,0.0
2012-09-05 00:00:00+08:00,188.34228506278845,191.02521455002162,187.53739933872296,187.80569458007812,1199842,0.0,0.0
2012-09-06 00:00:00+08:00,188.61061870309928,189.95208371982272,183.51303100585938,183.51303100585938,1050037,0.0,0.0
2012-09-07 00:00:00+08:00,186.19592952418324,186.46421329507265,178.68369736030712,181.6349334716797,2213479,0.0,0.0
2012-09-10 00:00:00+08:00,182.4398303066629,183.51301137577448,176.53736881603015,177.07395935058594,2220479,0.0,0.0
2012-09-11 00:00:00+08:00,178.68371944897095,178.9520147161856,176.00077823998475,176.53736877441406,840030,0.0,0.0
2012-09-12 00:00:00+08:00,178.6837201289228,185.927657981803,178.1471295924516,184.586181640625,2290481,0.0,0.0
2012-09-13 00:00:00+08:00,187.8057443469936,189.41550475853808,185.12280268564464,185.65939331054688,1754262,0.0,0.0
2012-09-14 00:00:00+08:00,188.34233919216413,188.8789183659275,182.17156979384174,182.4398651123047,1489653,0.0,0.0
2012-09-17 00:00:00+08:00,183.5130463861564,187.00086259984948,181.63499062007838,182.4398651123047,931033,0.0,0.0
2012-09-18 00:00:00+08:00,185.12278370199047,188.87889476480643,183.78131874045937,187.00083923339844,1940469,0.0,0.0
2012-09-19 00:00:00+08:00,188.87885896808194,199.87890625,188.87885896808194,199.87890625,3486124,0.0,0.0
2012-09-20 00:00:00+08:00,203.90335072261547,208.1960521191025,200.95211421384545,202.2935791015625,4040544,0.0,0.0
2012-09-21 00:00:00+08:00,205.5131149002696,205.5131149002696,201.22041318037952,204.43995666503906,1524654,0.0,0.0
2012-09-24 00:00:00+08:00,204.4399106563647,204.4399106563647,200.14720990253585,203.36672973632812,1209643,0.0,0.0
2012-09-25 00:00:00+08:00,203.36672926675786,210.34235937825406,201.22036743164062,201.22036743164062,1825665,0.0,0.0
2012-09-26 00:00:00+08:00,199.07404243690894,200.1472234294764,193.1715699041069,193.70816040039062,1188642,0.0,0.0
2012-09-27 00:00:00+08:00,193.70817577110896,197.19600281055233,192.36671088711407,195.3179473876953,834429,0.0,0.0
2012-09-28 00:00:00+08:00,196.39110169858225,198.80574761308188,193.70817198305838,195.0496368408203,998235,0.0,0.0
2012-10-01 00:00:00+08:00,198.00089655696766,198.00089655696766,191.56184384916753,192.36672973632812,392014,0.0,0.0
2012-10-02 00:00:00+08:00,194.78132295569387,197.46425225683757,193.9764487506141,196.6593780517578,806428,0.0,0.0
2012-10-03 00:00:00+08:00,197.4642864255975,197.4642864255975,192.09841543165388,192.63499450683594,814829,0.0,0.0
2012-10-04 00:00:00+08:00,193.17158876869127,193.17158876869127,188.87888730552748,191.02523803710938,578220,0.0,0.0
2012-10-05 00:00:00+08:00,188.34229201084463,188.34229201084463,178.14711831587957,182.97640991210938,1780863,0.0,0.0
2012-10-08 00:00:00+08:00,181.36668404228752,182.97644438996792,177.61056128015085,179.7569122314453,631422,0.0,0.0
2012-10-09 00:00:00+08:00,179.7568807042235,180.83006172322843,172.24465942382812,172.24465942382812,838629,0.0,0.0
2012-10-11 00:00:00+08:00,169.02515400409771,176.53738791094804,167.95198428206854,173.8544464111328,735026,0.0,0.0
2012-10-12 00:00:00+08:00,174.92759704589844,177.34224282770748,174.12271129757556,174.92759704589844,455016,0.0,0.0
2012-10-15 00:00:00+08:00,174.92760419425755,176.00077377271654,170.63490295410156,170.63490295410156,341612,0.0,0.0
2012-10-16 00:00:00+08:00,173.3178443431438,173.5861396216776,170.09832392705957,172.51296997070312,460616,0.0,0.0
2012-10-17 00:00:00+08:00,174.39103700372817,177.6105576329772,173.04957198540134,173.8544464111328,676224,0.0,0.0
2012-10-18 00:00:00+08:00,174.9276003719159,176.00076992692507,170.63489922555968,171.17147827148438,464816,0.0,0.0
2012-10-19 00:00:00+08:00,171.17147706110538,171.17147706110538,159.90314522897015,162.58607482910156,1409850,0.0,0.0
2012-10-22 00:00:00+08:00,159.9031677432897,159.9031677432897,156.68363572139927,157.75680541992188,1244644,0.0,0.0
2012-10-23 00:00:00+08:00,159.0982665309564,162.3177867792429,157.2202111422626,158.2933807373047,1096239,0.0,0.0
2012-10-24 00:00:00+08:00,156.6836089216788,158.82995941476594,155.61042794355558,156.1470184326172,1295046,0.0,0.0
2012-10-25 00:00:00+08:00,156.14706098747345,158.83000270080598,150.24459838867188,150.24459838867188,1234844,0.0,0.0
2012-10-26 00:00:00+08:00,151.85434754783702,152.92752873869208,139.7811279296875,139.7811279296875,2137876,0.0,0.0
2012-10-29 00:00:00+08:00,139.78112822007503,139.78112822007503,130.12254333496094,130.12254333496094,1876067,0.0,0.0
2012-10-30 00:00:00+08:00,131.46401562955853,137.36648959144722,131.46401562955853,135.2201385498047,1393049,0.0,0.0
2012-10-31 00:00:00+08:00,135.2201385498047,141.12260104853112,133.07378750816216,135.2201385498047,2877102,0.0,0.0
2012-11-01 00:00:00+08:00,133.6103515731059,135.7567023722088,128.78107087249515,134.14694213867188,1360848,0.0,0.0
2012-11-02 00:00:00+08:00,136.0250052342436,143.2689438835302,135.75670993651133,139.51283264160156,2689496,0.0,0.0
2012-11-05 00:00:00+08:00,137.90306114299364,138.1713564412858,129.854248046875,129.854248046875,1640858,0.0,0.0
2012-11-06 00:00:00+08:00,127.17130668590877,127.17130668590877,121.00054920696853,124.75666046142578,2762298,0.0,0.0
2012-11-07 00:00:00+08:00,122.87858590777877,126.0981175322538,118.31758945994909,123.6834716796875,2095874,0.0,0.0
2012-11-08 00:00:00+08:00,119.92735772985533,131.19570091316226,119.65906247987665,126.63470458984375,3802535,0.0,0.0
2012-11-09 00:00:00+08:00,125.56151694467799,135.22009958009897,125.56151694467799,131.19569396972656,4023743,0.0,0.0
2012-11-12 00:00:00+08:00,132.53718566433173,136.02500151311466,131.19572067552937,133.0737762451172,2576092,0.0,0.0
2012-11-13 00:00:00+08:00,133.0737842034077,134.14695396599674,127.4396056945388,127.70790100097656,1352448,0.0,0.0
2012-11-14 00:00:00+08:00,127.70786700616564,130.92739836324327,127.70786700616564,129.317626953125,1010836,0.0,0.0
2012-11-15 00:00:00+08:00,128.78106277244976,128.78106277244976,123.41518038061425,125.2932357788086,1349648,0.0,0.0
2012-11-16 00:00:00+08:00,125.29322135414715,132.5371583102026,125.29322135414715,129.317626953125,2758098,0.0,0.0
2012-11-19 00:00:00+08:00,126.09812111873379,126.09812111873379,120.46394348144531,120.46394348144531,373813,0.0,0.0
2012-11-20 00:00:00+08:00,112.14683532714844,112.14683532714844,112.14683532714844,112.14683532714844,434015,0.0,0.0
2012-11-21 00:00:00+08:00,104.36632919709577,111.61025618525589,104.36632919709577,110.5370864868164,5252987,0.0,0.0
2012-11-22 00:00:00+08:00,113.4883270377114,115.90296180625946,111.87855524113044,113.22003173828125,2914904,0.0,0.0
2012-11-23 00:00:00+08:00,114.82977735125999,121.00053405761719,114.29318682118713,121.00053405761719,2714696,0.0,0.0
2012-11-26 00:00:00+08:00,122.8785899136343,126.63471217516515,122.8785899136343,126.0981216430664,3078709,0.0,0.0
2012-11-27 00:00:00+08:00,126.90300750175709,127.70789337299459,122.87860107189219,123.14689636230469,1722061,0.0,0.0
2012-11-28 00:00:00+08:00,122.34203707802682,124.48838820349526,120.73226513655344,123.41520690917969,1297846,0.0,0.0
2012-11-29 00:00:00+08:00,125.29323544300814,126.63471176895185,121.805419921875,121.805419921875,1992271,0.0,0.0
2012-11-30 00:00:00+08:00,121.80541643208583,126.63470814080094,121.80541643208583,124.48835754394531,2440287,0.0,0.0
2012-12-03 00:00:00+08:00,126.90301530565752,127.43960591948016,123.6834945490457,123.95178985595703,1351048,0.0,0.0
2012-12-04 00:00:00+08:00,123.95177097783176,126.09812164306642,122.34201084469584,126.0981216430664,1402850,0.0,0.0
2012-12-05 00:00:00+08:00,126.63473443027405,134.6835479736328,126.09814380387353,134.6835479736328,4145548,0.0,0.0
2012-12-06 00:00:00+08:00,134.6835087272014,136.02497343914104,129.317626953125,129.317626953125,3203314,0.0,0.0
2012-12-07 00:00:00+08:00,129.8542176345558,134.1469184755415,129.58592239909933,130.39080810546875,3012907,0.0,0.0
2012-12-10 00:00:00+08:00,130.39082297353573,131.19570877168383,124.48836150993048,126.0981216430664,2123875,0.0,0.0
2012-12-11 00:00:00+08:00,125.56155023426294,125.56155023426294,122.61031332140043,123.95178985595703,1089238,0.0,0.0
2012-12-12 00:00:00+08:00,125.29326612517188,129.31767316219052,125.29326612517188,126.36644744873047,1892867,0.0,0.0
2012-12-13 00:00:00+08:00,127.70787858213191,133.0737608425939,127.17128806345372,131.73228454589844,2688096,0.0,0.0
2012-12-14 00:00:00+08:00,131.4640236537982,134.68355614435546,130.12255846957774,130.9274444580078,2157477,0.0,0.0
2012-12-17 00:00:00+08:00,130.92741350563446,130.92741350563446,126.09812164306642,126.0981216430664,1198442,0.0,0.0
2012-12-18 00:00:00+08:00,127.17129124410361,128.24447230830106,125.29323584491831,126.0981216430664,1016436,0.0,0.0
2012-12-19 00:00:00+08:00,128.24447230830106,129.31764190933825,125.56153111096768,126.0981216430664,1110239,0.0,0.0
2012-12-20 00:00:00+08:00,117.51271820068361,117.51271820068361,117.51271820068361,117.5127182006836,376613,0.0,0.0
2012-12-21 00:00:00+08:00,109.46390160018635,113.75660317418735,109.46390160018635,111.87854766845703,2725897,0.0,0.0
2012-12-24 00:00:00+08:00,110.00047203384233,111.34193673155892,104.63460177981716,105.4394760131836,2177077,0.0,0.0
2012-12-25 00:00:00+08:00,105.7077678285539,108.65900382392782,105.171177381548,107.04923248291016,1936269,0.0,0.0
2012-12-26 00:00:00+08:00,107.8541640244857,109.46392458698638,106.78099413720635,108.39075469970703,1012236,0.0,0.0
2012-12-27 00:00:00+08:00,108.6590201985801,115.90294647216797,108.3907249346457,115.90294647216797,2674095,0.0,0.0
2012-12-28 00:00:00+08:00,116.43955225216989,119.1224937797856,114.29320132270965,117.7810287475586,2739897,0.0,0.0
2013-01-02 00:00:00+08:00,119.39076659767439,123.68346764828257,118.85417610055849,122.34200286865234,1884467,0.0,0.0
2013-01-03 00:00:00+08:00,122.87858190260872,126.36640867070257,122.34200286865234,122.34200286865234,2258280,0.0,0.0
2013-01-04 00:00:00+08:00,122.87858937901996,123.95177043854827,120.19564819335939,120.19564819335938,1409850,0.0,0.0
2013-01-07 00:00:00+08:00,123.1469329084586,128.5128173828125,122.87863753842443,128.5128173828125,1673059,0.0,0.0
2013-01-08 00:00:00+08:00,129.31766168394486,129.5859569910206,122.34202955262384,122.87860870361328,2279281,0.0,0.0
2013-01-09 00:00:00+08:00,122.34202947765112,126.36643615499689,121.80543886382848,123.95178985595703,1519054,0.0,0.0
2013-01-10 00:00:00+08:00,125.29323185329123,126.63470814080094,124.22006228644338,124.48835754394531,1460252,0.0,0.0
2013-01-11 00:00:00+08:00,126.09811846168381,132.2688750356538,125.29323268384252,131.4639892578125,3588328,0.0,0.0
2013-01-14 00:00:00+08:00,131.46399019467836,140.0493927001953,130.39082061306877,140.0493927001953,4450758,0.0,0.0
2013-01-15 00:00:00+08:00,141.65918355052222,145.14699949447785,135.2201307948768,139.7811279296875,4064345,0.0,0.0
2013-01-16 00:00:00+08:00,139.51280187643468,141.3908570832529,135.22010098566187,138.17132568359375,2385685,0.0,0.0
2013-01-17 00:00:00+08:00,140.3176869614268,141.9274585171094,128.78105959132816,131.4639892578125,2626493,0.0,0.0
2013-01-18 00:00:00+08:00,134.14694216492413,137.366474095789,133.07377249674315,135.48841857910156,2417886,0.0,0.0
2013-01-21 00:00:00+08:00,135.75667999963915,139.51280187643468,135.48839622423006,138.17132568359375,1541455,0.0,0.0
2013-01-22 00:00:00+08:00,138.43962092216194,138.43962092216194,135.75667999963915,138.17132568359375,865230,0.0,0.0
2013-01-23 00:00:00+08:00,140.0493927001953,143.80551489372903,138.97622311858572,140.0493927001953,2384285,0.0,0.0
2013-01-24 00:00:00+08:00,138.43963995024862,140.04940013975505,136.29328920985316,136.8298797607422,1138240,0.0,0.0
2013-01-25 00:00:00+08:00,136.82986458674216,138.70791984342273,135.75668360397648,137.366455078125,1107439,0.0,0.0
2013-01-28 00:00:00+08:00,137.90303410634846,139.24451033480557,136.29327409535932,137.366455078125,656623,0.0,0.0
2013-01-29 00:00:00+08:00,138.17129262126744,141.92741359927933,137.9029974468983,141.12252807617188,1633858,0.0,0.0
2013-01-30 00:00:00+08:00,143.2689664670535,147.29337364108272,143.00067112702976,144.34214782714844,3640130,0.0,0.0
2013-01-31 00:00:00+08:00,146.2201883830728,146.2201883830728,142.46406548050123,143.26895141601562,1667459,0.0,0.0
2013-02-01 00:00:00+08:00,133.3420220584491,136.02495104054287,133.3420220584491,133.6103057861328,3859937,0.0,0.0
2013-02-04 00:00:00+08:00,133.61033992720957,135.48840674299225,129.58593396256663,132.00057983398438,1999271,0.0,0.0
2013-02-05 00:00:00+08:00,130.12256537134766,134.68356328804316,130.12256537134766,134.41526794433594,1271245,0.0,0.0
2013-02-06 00:00:00+08:00,135.75669047997943,136.02498573925988,131.4639892578125,131.4639892578125,1258644,0.0,0.0
2013-02-18 00:00:00+08:00,132.00061431275157,132.53720497170494,128.7810932853573,130.9274444580078,918432,0.0,0.0
2013-02-19 00:00:00+08:00,132.26891245929733,138.4396707791973,132.00061712410647,137.09820556640625,2305882,0.0,0.0
2013-02-20 00:00:00+08:00,138.70794673883245,140.58600235966716,136.561595820284,139.7811279296875,2013271,0.0,0.0
2013-02-21 00:00:00+08:00,138.97621508911413,139.51280558049697,136.02497884966792,137.366455078125,826029,0.0,0.0
2013-02-22 00:00:00+08:00,137.90303759508905,137.90303759508905,134.68351749166175,134.95181274414062,1104639,0.0,0.0
2013-02-25 00:00:00+08:00,135.48839982144446,139.24451033480557,135.22010457575303,137.366455078125,1603057,0.0,0.0
2013-02-26 00:00:00+08:00,135.2201232698038,136.29329293777477,134.14694213867188,134.14694213867188,1281045,0.0,0.0
2013-02-27 00:00:00+08:00,134.68350910854028,135.75667858849872,130.65910349816784,131.19569396972656,1626858,0.0,0.0
2013-03-01 00:00:00+08:00,134.14693136915326,140.31768798828125,134.14693136915326,140.31768798828125,2808500,0.0,0.0
2013-03-04 00:00:00+08:00,141.1225812284695,142.19576233014823,135.4884148341382,136.56158447265625,3039508,0.0,0.0
2013-03-05 00:00:00+08:00,137.36646306714658,141.65916432154742,135.22011243994618,140.5859832763672,2881302,0.0,0.0
2013-03-06 00:00:00+08:00,142.19578479622828,150.24459847784024,140.5860128893759,149.43971252441406,5219386,0.0,0.0
2013-03-07 00:00:00+08:00,150.24458313220254,158.2933959917272,147.56164169130722,149.97628784179688,6251223,0.0,0.0
2013-03-08 00:00:00+08:00,151.31774904974193,156.41533651375534,149.17139824328802,152.92752075195312,3619129,0.0,0.0
2013-03-11 00:00:00+08:00,156.68359381941528,158.29335366828084,154.0006530958672,156.95188903808594,2343683,0.0,0.0
2013-03-12 00:00:00+08:00,158.02506485502732,158.2933600845731,150.78113950992656,151.31771850585938,2432970,0.0,0.0
2013-03-13 00:00:00+08:00,151.58601373540515,154.26895456770407,149.43966336219773,151.31771850585938,1559655,0.0,0.0
2013-03-14 00:00:00+08:00,150.24454916667426,152.65919477128912,148.09819879181202,151.85430908203125,968757,0.0,0.0
2013-03-15 00:00:00+08:00,151.85435889138122,152.9275401624031,148.36654268688517,149.7080078125,1110995,0.0,0.0
2013-03-18 00:00:00+08:00,148.63483794593736,151.3177681961074,146.48848686790382,150.24459838867188,1543185,0.0,0.0
2013-03-19 00:00:00+08:00,151.85431266968263,151.85431266968263,149.43966700802028,150.78114318847656,956165,0.0,0.0
2013-03-20 00:00:00+08:00,149.17137177192902,154.80554880352747,149.17137177192902,150.78114318847656,1780178,0.0,0.0
2013-03-21 00:00:00+08:00,152.6592136742541,152.6592136742541,149.17138671875,149.17138671875,875031,0.0,0.0
2013-03-22 00:00:00+08:00,151.3177682558703,152.65924484464762,148.63483800464064,149.7080078125,1552795,0.0,0.0
2013-03-25 00:00:00+08:00,151.85433958629363,152.39093015358836,150.78116991486522,151.04945373535156,808605,0.0,0.0
2013-03-26 00:00:00+08:00,150.78113339813606,157.22018425675657,150.78113339813606,156.95188903808594,2644606,0.0,0.0
2013-03-27 00:00:00+08:00,157.75679762125262,157.75679762125262,154.00068666736394,154.5372772216797,1196394,0.0,0.0
2013-03-28 00:00:00+08:00,155.61044686715042,156.6836279757819,153.4640961130482,154.5372772216797,984400,0.0,0.0
2013-03-29 00:00:00+08:00,155.61047763907482,157.22024962035394,154.00071712095868,154.26901245117188,922975,0.0,0.0
2013-04-01 00:00:00+08:00,154.53728882996964,154.8055841272809,147.02505489473936,148.09823608398438,1641522,0.0,0.0
2013-04-02 00:00:00+08:00,148.09825126930326,149.9763070798877,146.48849078353985,148.6348419189453,712919,0.0,0.0
2013-04-03 00:00:00+08:00,151.3177374856135,151.3177374856135,148.63480777995395,150.5128631591797,681824,0.0,0.0
2013-04-08 00:00:00+08:00,146.4884605969441,148.36651602052126,144.87868897974045,147.02503967285156,1035703,0.0,0.0
2013-04-09 00:00:00+08:00,145.95187005787622,149.70798090503055,145.68357478834227,147.02503967285156,906201,0.0,0.0
2013-04-10 00:00:00+08:00,147.02503515796843,148.36651146444373,138.70792791046182,140.5859832763672,1934747,0.0,0.0
2013-04-11 00:00:00+08:00,141.1225618951621,142.46402662532378,137.36645148018218,138.4396209716797,1520385,0.0,0.0
2013-04-12 00:00:00+08:00,138.97617814437493,141.12252807617188,137.9029974468983,141.12252807617188,823936,0.0,0.0
2013-04-15 00:00:00+08:00,142.1957702682948,143.80553054751786,141.6591796875,141.6591796875,1283480,0.0,0.0
2013-04-16 00:00:00+08:00,139.51281385205937,142.1957550048828,138.7079280672643,142.1957550048828,430264,0.0,0.0
2013-04-17 00:00:00+08:00,143.26893996672305,144.07382583791525,141.6591796875,141.6591796875,458339,0.0,0.0
2013-04-18 00:00:00+08:00,140.04939275377706,141.65916432154742,138.97622317175689,140.5859832763672,594672,0.0,0.0
2013-04-19 00:00:00+08:00,141.1225739584894,144.87868469454622,141.1225739584894,142.1957550048828,1140181,0.0,0.0
2013-04-22 00:00:00+08:00,142.73228765923048,143.00058283359965,141.12252807617188,141.12252807617188,416213,0.0,0.0
2013-04-23 00:00:00+08:00,141.1225618951621,142.73232186398795,138.4396209716797,138.4396209716797,656784,0.0,0.0
2013-04-24 00:00:00+08:00,140.04938099040527,140.58597146792476,138.70791625976562,138.70791625976562,649880,0.0,0.0
2013-04-25 00:00:00+08:00,137.9030421002468,141.92745955574426,137.63475830216305,140.31768798828125,1126214,0.0,0.0
2013-04-26 00:00:00+08:00,141.9274675256419,148.90309885705597,141.65917224933202,145.14698791503906,2416536,0.0,0.0
2013-04-29 00:00:00+08:00,147.56163395061714,147.56163395061714,144.87869265046177,145.415283203125,1166878,0.0,0.0
2013-04-30 00:00:00+08:00,147.02503967285156,148.90309509642873,146.22016532741014,147.02503967285156,1301636,0.0,0.0
2013-05-02 00:00:00+08:00,147.02505489473936,148.63482667860688,143.53723895601627,148.09823608398438,1215029,0.0,0.0
2013-05-03 00:00:00+08:00,137.9030570850978,142.1957702682948,137.9030570850978,141.6591796875,2485620,0.0,0.0
2013-05-06 00:00:00+08:00,141.65917968981586,142.19577027061942,139.7811241201647,141.39088439941406,524602,0.0,0.0
2013-05-07 00:00:00+08:00,141.39088062798902,144.61040110061106,141.12258534474367,142.7323455810547,759597,0.0,0.0
2013-05-08 00:00:00+08:00,143.0006293265178,143.80551511131287,141.1225739584894,142.1957550048828,473811,0.0,0.0
2013-05-09 00:00:00+08:00,143.00058283359965,143.8054683567071,141.12252807617188,141.12252807617188,552319,0.0,0.0
2013-05-10 00:00:00+08:00,141.65916432154742,143.26892442615772,140.5859832763672,140.5859832763672,393923,0.0,0.0
2013-05-13 00:00:00+08:00,140.58596145290053,146.75671711530683,140.04937101360653,144.61036682128906,1823432,0.0,0.0
2013-05-14 00:00:00+08:00,146.48848695484298,149.43971252441406,144.6104197301819,149.43971252441406,1916193,0.0,0.0
2013-05-15 00:00:00+08:00,150.5128479523853,151.3177221975001,147.82990705463172,150.78114318847656,1441049,0.0,0.0
2013-05-16 00:00:00+08:00,149.1714171180739,150.51289370632136,147.82995199298884,150.24459838867188,1195432,0.0,0.0
2013-05-17 00:00:00+08:00,151.31771850585938,158.2933600845731,150.24454905083505,151.31771850585938,3904409,0.0,0.0
2013-05-20 00:00:00+08:00,152.39092649973884,156.9519232860637,152.39092649973884,155.3421630859375,2483247,0.0,0.0
2013-05-21 00:00:00+08:00,155.6104583474266,156.41534423828125,153.46410743497577,156.41534423828125,1630029,0.0,0.0
2013-05-22 00:00:00+08:00,156.68361039793277,165.26901245117188,156.68361039793277,165.26901245117188,3358907,0.0,0.0
2013-05-23 00:00:00+08:00,165.26901966123665,166.07390543752675,160.70802318857935,161.7812042236328,2141071,0.0,0.0
2013-05-24 00:00:00+08:00,163.65930602168993,165.26906656799326,160.1714781310089,160.9763641357422,1518344,0.0,0.0
2013-05-27 00:00:00+08:00,163.12271535186773,163.12271535186773,160.1714781310089,160.9763641357422,601577,0.0,0.0
2013-05-28 00:00:00+08:00,160.43976924693467,165.269062222015,160.17147391907878,163.92759704589844,1380561,0.0,0.0
2013-05-29 00:00:00+08:00,164.19586176518476,164.19586176518476,161.78121572777079,162.85438537597656,677064,0.0,0.0
2013-05-30 00:00:00+08:00,163.65928657373894,165.26904692875135,162.0495147555647,162.31781005859375,1069932,0.0,0.0
2013-05-31 00:00:00+08:00,164.1958966915121,164.1958966915121,159.36660358943882,160.9763641357422,924441,0.0,0.0
2013-06-03 00:00:00+08:00,160.43972781272151,162.586078418102,159.0982629830437,160.70802307128906,494602,0.0,0.0
2013-06-04 00:00:00+08:00,161.51292419433594,164.19586557179105,161.51292419433594,161.51292419433594,802039,0.0,0.0
2013-06-05 00:00:00+08:00,162.3177905650683,162.58608583587647,155.34215937669774,156.68362426757812,1075686,0.0,0.0
2013-06-06 00:00:00+08:00,155.61047451164103,155.87876983646206,147.56166061966118,148.6348419189453,2026611,0.0,0.0
2013-06-07 00:00:00+08:00,148.63483794593736,151.04947287845792,146.48848686790382,150.24459838867188,1272490,0.0,0.0
2013-06-10 00:00:00+08:00,152.1226542091367,152.39094952689217,149.17141717698908,149.7080078125,459380,0.0,0.0
2013-06-11 00:00:00+08:00,148.63483465294138,148.63483465294138,144.07383728027344,144.07383728027344,1109856,0.0,0.0
2013-06-13 00:00:00+08:00,141.65919929415165,142.19578994921443,137.3664969799751,137.903076171875,1646822,0.0,0.0
2013-06-14 00:00:00+08:00,138.976242046137,139.78112793933383,136.29330053197586,139.51283264160156,851482,0.0,0.0
2013-06-17 00:00:00+08:00,139.51283264160156,139.78112793933383,138.17135615294018,139.51283264160156,514126,0.0,0.0
2013-06-18 00:00:00+08:00,139.51281369434702,142.19575484413753,139.51281369434702,140.5859832763672,1180723,0.0,0.0
2013-06-19 00:00:00+08:00,142.19577416561347,142.19577416561347,138.97624205576474,139.24453735351562,529239,0.0,0.0
2013-06-20 00:00:00+08:00,137.90303044502556,141.12256184468472,137.90303044502556,138.17132568359375,380506,0.0,0.0
2013-06-21 00:00:00+08:00,135.22010307121337,135.22010307121337,128.51275639303597,128.7810516357422,1737096,0.0,0.0
2013-06-24 00:00:00+08:00,128.78108271630822,128.78108271630822,119.92738342285156,119.92738342285156,1959862,0.0,0.0
2013-06-25 00:00:00+08:00,119.92739119932169,119.92739119932169,111.6102705183101,118.85420989990234,2326201,0.0,0.0
2013-06-26 00:00:00+08:00,120.46395492134099,123.95178223354219,120.19565963092849,123.14689636230469,1480548,0.0,0.0
2013-06-27 00:00:00+08:00,126.09814458480177,126.90301906622489,124.75666801049267,125.56155395507812,907722,0.0,0.0
2013-06-28 00:00:00+08:00,128.24449161385206,130.92743321506765,126.63473123838752,127.70790100097656,1072795,0.0,0.0
2013-07-01 00:00:00+08:00,132.00057152848046,132.00057152848046,127.43957533202132,128.2444610595703,568883,0.0,0.0
2013-07-02 00:00:00+08:00,128.24449184021412,128.78108245403675,123.6834945490457,123.95178985595703,487854,0.0,0.0
2013-07-03 00:00:00+08:00,125.5615504899776,125.5615504899776,119.1224975004784,119.92738342285156,457210,0.0,0.0
2013-07-04 00:00:00+08:00,119.92739062897948,123.41520690917967,113.75662111299032,123.41520690917969,730324,0.0,0.0
2013-07-05 00:00:00+08:00,124.48836891425796,124.48836891425796,121.80542755734842,122.07372283935547,273709,0.0,0.0
2013-07-08 00:00:00+08:00,122.07373062936817,122.07373062936817,116.97614287225868,117.24443817138672,394335,0.0,0.0
2013-07-09 00:00:00+08:00,116.43953785649218,125.2932357788086,115.36636825602123,125.2932357788086,863753,0.0,0.0
2013-07-10 00:00:00+08:00,126.09813678721729,130.6591339315032,126.09813678721729,130.12254333496094,1345952,0.0,0.0
2013-07-11 00:00:00+08:00,132.00056821390567,132.00056821390567,128.7810483108713,131.19569396972656,834917,0.0,0.0
2013-07-12 00:00:00+08:00,131.19572452804547,131.46400836315496,129.58595273841868,130.12254333496094,250608,0.0,0.0
2013-07-15 00:00:00+08:00,128.7810708976973,136.02499768161155,128.7810708976973,135.48841857910156,1066944,0.0,0.0
2013-07-16 00:00:00+08:00,135.48840310495763,136.5615726505718,133.6103363396034,133.87863159179688,398037,0.0,0.0
2013-07-17 00:00:00+08:00,133.34209117308745,133.87867036973478,129.58596801757812,129.58596801757812,433318,0.0,0.0
2013-07-18 00:00:00+08:00,129.58591784899681,131.19568920521235,127.17127227783203,127.17127227783203,405720,0.0,0.0
2013-07-19 00:00:00+08:00,128.24449184021412,128.78108245403675,122.61031332140043,123.95178985595703,516493,0.0,0.0
2013-07-22 00:00:00+08:00,124.48838054606769,125.02495969705714,121.80543893847236,122.87860870361328,289110,0.0,0.0
2013-07-23 00:00:00+08:00,123.41516962059484,128.51275630208664,123.41516962059484,128.2444610595703,552179,0.0,0.0
2013-07-24 00:00:00+08:00,128.51276391770975,132.26887460920574,127.17128762563263,127.9761734008789,617716,0.0,0.0
2013-07-25 00:00:00+08:00,129.58590681262234,129.58590681262234,126.90296624391824,129.04931640625,330467,0.0,0.0
2013-07-26 00:00:00+08:00,129.0493351855244,129.3176304277529,126.90298471085545,127.4395751953125,399644,0.0,0.0
2013-07-29 00:00:00+08:00,127.97617287021427,130.39081872278058,121.0005305698183,123.6834716796875,907961,0.0,0.0
2013-07-30 00:00:00+08:00,125.0249401778194,125.0249401778194,120.19564833074256,121.805419921875,570485,0.0,0.0
2013-07-31 00:00:00+08:00,123.41519563870608,123.41519563870608,115.36638251902062,117.7810287475586,776425,0.0,0.0
2013-08-01 00:00:00+08:00,118.04930877078978,123.41519165271718,112.68343735202369,123.14689636230469,969114,0.0,0.0
2013-08-02 00:00:00+08:00,123.95178963717196,127.70790100097656,122.3420292617074,127.70790100097656,1848679,0.0,0.0
2013-08-05 00:00:00+08:00,130.39082751536787,136.2932891845703,128.78106732616007,136.2932891845703,2126960,0.0,0.0
2013-08-06 00:00:00+08:00,136.29328924740778,137.634765625,132.26888304095246,137.634765625,1178492,0.0,0.0
2013-08-07 00:00:00+08:00,135.22010799661953,137.09816330081205,133.61033648174617,134.95181274414062,751091,0.0,0.0
2013-08-08 00:00:00+08:00,134.95182424552533,138.7079351740282,134.68352897018076,135.75669860839844,824600,0.0,0.0
2013-08-09 00:00:00+08:00,137.36647026046595,137.90304934799443,134.41523369483616,135.75669860839844,600901,0.0,0.0
2013-08-12 00:00:00+08:00,135.75669909683603,145.14698791503906,135.75669909683603,145.14698791503906,2274879,0.0,0.0
2013-08-13 00:00:00+08:00,146.75672921860084,148.63479591101742,144.61037874756965,147.29331970214844,1817838,0.0,0.0
2013-08-14 00:00:00+08:00,149.17137483725756,149.17137483725756,145.41526438111345,146.75672912597656,598494,0.0,0.0
2013-08-15 00:00:00+08:00,145.68357047934128,146.48845626413635,140.5859834352927,142.1957550048828,929893,0.0,0.0
2013-08-16 00:00:00+08:00,140.04940060281425,145.9518737557882,140.04940060281425,145.415283203125,1518760,0.0,0.0
2013-08-19 00:00:00+08:00,145.9518737439687,146.48846429658846,142.19576280195176,145.14698791503906,1015751,0.0,0.0
2013-08-20 00:00:00+08:00,144.3421250644982,144.61040889905036,139.7811279296875,139.7811279296875,670079,0.0,0.0
2013-08-22 00:00:00+08:00,138.4396439754513,142.7323455810547,137.9030534089606,142.7323455810547,940263,0.0,0.0
2013-08-23 00:00:00+08:00,143.26893244403058,146.48846429658846,143.0006371677207,145.14698791503906,1129729,0.0,0.0
2013-08-26 00:00:00+08:00,145.415283203125,147.02504339795394,144.07381828462766,145.415283203125,686182,0.0,0.0
2013-08-27 00:00:00+08:00,145.41529082674091,145.9518814075357,139.51282882748217,141.6591796875,857362,0.0,0.0
2013-08-28 00:00:00+08:00,141.1225891136528,141.92747498488458,138.9762382535293,140.8542938232422,445693,0.0,0.0
2013-08-29 00:00:00+08:00,143.26895834885025,148.90312578060357,141.12260721344478,148.6348419189453,1955269,0.0,0.0
2013-08-30 00:00:00+08:00,148.6348419189453,148.6348419189453,148.6348419189453,148.6348419189453,0,0.0,0.0
2013-09-02 00:00:00+08:00,153.2580435565699,163.57716369628906,151.34709538254782,163.57716369628906,4821924,3.398462,1.40005
2013-09-03 00:00:00+08:00,166.6347148071827,173.51412963867188,164.3415765300196,173.51412963867188,3285751,0.0,0.0
2013-09-04 00:00:00+08:00,172.74975655138357,172.74975655138357,165.8703414674789,168.54566955566406,1680423,0.0,0.0
2013-09-05 00:00:00+08:00,168.1634479487708,171.98534449306104,166.6346893310547,166.6346893310547,1228698,0.0,0.0
2013-09-06 00:00:00+08:00,166.63471702034468,168.9278553279641,165.1059581485984,167.01690673828125,1260585,0.0,0.0
2013-09-09 00:00:00+08:00,167.0169022706178,171.22098905546173,165.10595373205237,169.69223022460938,1820336,0.0,0.0
2013-09-10 00:00:00+08:00,172.74975727879726,174.2785161927689,164.34158325195312,164.34158325195312,2320401,0.0,0.0
2013-09-11 00:00:00+08:00,164.34158107212613,165.8703399658203,159.37311466761997,160.51968383789062,1216800,0.0,0.0
2013-09-12 00:00:00+08:00,160.9018756955169,165.4881524374319,160.13749623853107,164.34158325195312,798415,0.0,0.0
2013-09-13 00:00:00+08:00,165.48814732784896,165.87033704454146,160.90187072753906,160.90187072753906,791703,0.0,0.0
2013-09-16 00:00:00+08:00,158.60874938964844,162.0484572077372,156.69780060182134,158.60874938964844,429817,0.0,0.0
2013-09-17 00:00:00+08:00,159.75531765216954,165.10597422425175,158.60874838672333,162.81283569335938,1487720,0.0,0.0
2013-09-18 00:00:00+08:00,165.48816107363555,165.8703508220735,162.81283283456986,163.1950225830078,750489,0.0,0.0
2013-09-23 00:00:00+08:00,164.3415526615407,165.10593197624553,159.75527677331166,160.13746643066406,666300,0.0,0.0
2013-09-24 00:00:00+08:00,160.5196943439421,165.1059713251976,160.5196943439421,163.1950225830078,723188,0.0,0.0
2013-09-25 00:00:00+08:00,164.3415908451894,164.3415908451894,161.28407287597656,161.28407287597656,415900,0.0,0.0
2013-09-26 00:00:00+08:00,162.81281931100153,163.19500902769403,159.7553015774616,160.90187072753906,409600,0.0,0.0
2013-09-27 00:00:00+08:00,160.9018485329368,162.8127968528054,157.84433122114703,159.75527954101562,370100,0.0,0.0
2013-09-30 00:00:00+08:00,158.60874268615132,160.51969139321338,157.46217346191406,157.46217346191406,269061,0.0,0.0
2013-10-01 00:00:00+08:00,158.2265490363626,159.37311823227827,155.93341064453125,155.93341064453125,357830,0.0,0.0
2013-10-02 00:00:00+08:00,157.46218011695217,159.37312890477926,156.69780060182134,158.60874938964844,316788,0.0,0.0
2013-10-03 00:00:00+08:00,158.6087456017523,165.8703508220735,157.46217635643845,163.1950225830078,1093022,0.0,0.0
2013-10-04 00:00:00+08:00,163.57719874438652,167.01690619461894,160.90187072753906,160.90187072753906,1088805,0.0,0.0
2013-10-07 00:00:00+08:00,162.04841471742617,162.81279403213102,160.13746643066406,160.13746643066406,524285,0.0,0.0
2013-10-08 00:00:00+08:00,164.34159182832167,166.6347303189494,162.81283283456986,163.1950225830078,1720415,0.0,0.0
2013-10-09 00:00:00+08:00,163.1949933723167,167.78126953266283,161.66623465220133,165.10594177246094,1920354,0.0,0.0
2013-10-11 00:00:00+08:00,167.78125829434177,169.6922065664869,166.6346893310547,166.6346893310547,2128170,0.0,0.0
2013-10-14 00:00:00+08:00,166.6347292444389,166.6347292444389,155.16903686523438,155.16903686523438,2620592,0.0,0.0
2013-10-15 00:00:00+08:00,157.07997300889758,158.60873187029804,154.02245528609666,154.78683471679688,1684334,0.0,0.0
2013-10-16 00:00:00+08:00,155.55121414749712,156.69778329354747,144.08552268699364,144.46771240234375,2692732,0.0,0.0
2013-10-17 00:00:00+08:00,146.76083887685644,154.40463256835938,144.46770076940555,154.40463256835938,2063480,0.0,0.0
2013-10-18 00:00:00+08:00,156.69776881182634,165.10594177246094,156.69776881182634,165.10594177246094,3693677,0.0,0.0
2013-10-21 00:00:00+08:00,168.1634952320772,169.31006451775045,161.66626927992877,162.43064880371094,2270936,0.0,0.0
2013-10-22 00:00:00+08:00,162.0484134779064,166.6346893310547,161.28403416904834,166.6346893310547,1975172,0.0,0.0
2013-10-23 00:00:00+08:00,168.16345772242437,175.04287190197812,167.39907836914062,167.39907836914062,4827349,0.0,0.0
2013-10-24 00:00:00+08:00,168.92782876343855,172.74972534179688,167.01688047425938,172.74972534179688,2280659,0.0,0.0
2013-10-25 00:00:00+08:00,172.74977310249088,173.51415262949305,169.6922549944822,170.45663452148438,1524125,0.0,0.0
2013-10-28 00:00:00+08:00,171.98537078722984,176.57164734155594,171.98537078722984,173.51412963867188,3193554,0.0,0.0
2013-10-29 00:00:00+08:00,173.5141301897794,174.6606993320026,168.92785362088654,169.31004333496094,1307811,0.0,0.0
2013-10-30 00:00:00+08:00,170.0744238921574,171.2209930419922,167.78128559248788,171.2209930419922,936989,0.0,0.0
2013-10-31 00:00:00+08:00,170.45662106600673,171.60319026600231,166.6347237326882,168.16348266601562,712825,0.0,0.0
2013-11-01 00:00:00+08:00,169.69223022460938,170.83879934774865,166.6347125629047,169.69223022460938,1196483,0.0,0.0
2013-11-04 00:00:00+08:00,168.16346902451755,169.69222783383137,164.34157200123306,165.87033081054688,1483863,0.0,0.0
2013-11-05 00:00:00+08:00,154.40463256835938,154.40463256835938,154.40463256835938,154.40463256835938,564250,0.0,0.0
2013-11-06 00:00:00+08:00,143.7033233642578,143.7033233642578,143.7033233642578,143.7033233642578,716786,0.0,0.0
2013-11-07 00:00:00+08:00,133.7664080861551,142.17458230871344,133.7664080861551,137.20611572265625,4429448,0.0,0.0
2013-11-08 00:00:00+08:00,136.0595329421723,138.73486083710264,127.65135955810545,127.65135955810547,3775160,0.0,0.0
2013-11-11 00:00:00+08:00,127.65136492693867,127.65136492693867,121.91851919668693,123.8294677734375,1889107,0.0,0.0
2013-11-12 00:00:00+08:00,124.21166696856098,127.65137466922883,115.42130284463205,118.47882080078125,4499717,0.0,0.0
2013-11-13 00:00:00+08:00,117.33222548369389,121.53631173880996,116.18565650502586,120.00755310058594,3109619,0.0,0.0
2013-11-14 00:00:00+08:00,120.77194951754898,128.03355407714844,119.62538037655958,128.03355407714844,2259074,0.0,0.0
2013-11-15 00:00:00+08:00,132.2376602387764,136.8239374724912,131.47328069982393,135.6773681640625,4120324,0.0,0.0
2013-11-18 00:00:00+08:00,137.58830335556948,139.11706228174248,133.00202657705051,133.38421630859375,1875899,0.0,0.0
2013-11-19 00:00:00+08:00,133.3842295472051,139.88145562830107,131.85547046930017,135.6773681640625,1410484,0.0,0.0
2013-11-20 00:00:00+08:00,136.05951757674177,138.73484516954287,134.530758952284,134.91294860839844,928550,0.0,0.0
2013-11-21 00:00:00+08:00,134.5307803883272,134.5307803883272,126.12260661405676,129.9445037841797,1561122,0.0,0.0
2013-11-22 00:00:00+08:00,129.94450947236732,132.23764787482088,128.79794027114056,129.1801300048828,577662,0.0,0.0
2013-11-25 00:00:00+08:00,131.4732666015625,133.76640497252,129.56231795909792,131.4732666015625,700363,0.0,0.0
2013-11-26 00:00:00+08:00,132.23766511062095,133.7664242448478,129.9445264092807,133.00204467773438,414901,0.0,0.0
2013-11-27 00:00:00+08:00,133.76638648215305,139.49923161710245,133.76638648215305,136.0595245361328,1609921,0.0,0.0
2013-11-28 00:00:00+08:00,138.35266259011257,138.73485226577588,136.0595245361328,136.0595245361328,731509,0.0,0.0
2013-11-29 00:00:00+08:00,136.0595404141191,136.82391985464787,131.47326377094655,131.85545349121094,1119202,0.0,0.0
2013-12-02 00:00:00+08:00,131.85547482836378,139.11708068847656,131.47328504625258,139.11708068847656,1782569,0.0,0.0
2013-12-03 00:00:00+08:00,139.11707405238272,142.17459216342408,137.588314996862,137.9705047607422,1167736,0.0,0.0
2013-12-04 00:00:00+08:00,140.64579369737694,147.52520751953125,139.11703507023154,147.52520751953125,1545081,0.0,0.0
2013-12-05 00:00:00+08:00,151.34713924632354,152.11151873746658,141.79239560703544,142.93896484375,3353916,0.0,0.0
2013-12-06 00:00:00+08:00,143.32115273726615,147.52523988422595,143.32115273726615,145.2321014404297,1582693,0.0,0.0
2013-12-09 00:00:00+08:00,148.28961936549138,149.81837832802222,144.08553221853157,145.2321014404297,1034170,0.0,0.0
2013-12-10 00:00:00+08:00,149.05395906214304,149.05395906214304,142.55673520558807,146.37863159179688,925675,0.0,0.0
2013-12-11 00:00:00+08:00,147.14303057244481,147.14303057244481,143.32113367445925,143.7033233642578,719844,0.0,0.0
2013-12-12 00:00:00+08:00,142.93895524547946,145.23209356492563,140.64581692603326,142.17457580566406,915864,0.0,0.0
2013-12-13 00:00:00+08:00,142.17458044600815,144.08552910791684,138.73487285457244,139.49925231933594,733935,0.0,0.0
2013-12-16 00:00:00+08:00,139.49922448177176,140.6457934501151,133.7663796400551,134.91294860839844,1134442,0.0,0.0
2013-12-17 00:00:00+08:00,136.82392419266375,139.8814420517177,135.29516526313677,139.49925231933594,892835,0.0,0.0
2013-12-18 00:00:00+08:00,138.3526831221907,141.41020098124466,138.3526831221907,139.49925231933594,452911,0.0,0.0
2013-12-19 00:00:00+08:00,141.4101985112535,148.28961357396312,141.4101985112535,145.99647521972656,1893554,0.0,0.0
2013-12-20 00:00:00+08:00,148.2896083801106,149.05398780475034,142.5567626953125,142.5567626953125,1201769,0.0,0.0
2013-12-23 00:00:00+08:00,144.08552268699364,146.37866097909432,143.3211432562934,144.46771240234375,681593,0.0,0.0
2013-12-24 00:00:00+08:00,145.99645950770613,154.40463256835938,145.23208013855586,154.40463256835938,2615011,0.0,0.0
2013-12-25 00:00:00+08:00,155.9334353563262,162.81285162204648,154.40467618616614,156.69781494140625,4688873,0.0,0.0
2013-12-26 00:00:00+08:00,158.22652612973567,167.39907836914062,158.22652612973567,167.39907836914062,4376471,0.0,0.0
2013-12-27 00:00:00+08:00,170.4566297383761,178.48261454668528,166.63473221060983,173.1319580078125,5917203,0.0,0.0
2013-12-30 00:00:00+08:00,175.8072862772489,178.10042479390867,171.22100924392936,173.1319580078125,3026864,0.0,0.0
2013-12-31 00:00:00+08:00,173.5141263642536,183.83324841675326,171.2209881303648,178.10040283203125,4868447,0.0,0.0
2014-01-02 00:00:00+08:00,179.62915537308672,187.65513891103316,178.10039660395407,187.27294921875,4475643,0.0,0.0
2014-01-03 00:00:00+08:00,187.65514790510932,189.5660964581145,181.92230224609375,181.92230224609375,3413323,0.0,0.0
2014-01-06 00:00:00+08:00,181.9222915849311,185.74418846696747,171.6031700034329,175.04287719726562,3487704,0.0,0.0
2014-01-07 00:00:00+08:00,175.42506875797193,187.27294921875,175.42506875797193,187.27294921875,4130197,0.0,0.0
2014-01-08 00:00:00+08:00,191.09487433182565,192.62363332648025,180.77575111790705,181.54013061523438,6132935,0.0,0.0
2014-01-09 00:00:00+08:00,181.5401125354927,185.36200964150308,178.48259485068442,181.92230224609375,2242516,0.0,0.0
2014-01-10 00:00:00+08:00,183.45104449728262,185.36199287746265,174.66068194845448,175.8072509765625,2234658,0.0,0.0
2014-01-13 00:00:00+08:00,177.33600968070652,178.86476838485055,172.74973356827448,175.8072509765625,1757551,0.0,0.0
2014-01-14 00:00:00+08:00,175.8072509765625,178.86476838485055,174.27849227241848,175.8072509765625,1406748,0.0,0.0
2014-01-15 00:00:00+08:00,178.1004238128662,179.62918281555176,171.98538780212402,177.33604431152344,2334255,0.0,0.0
2014-01-16 00:00:00+08:00,178.1004039983081,180.0113525390625,175.0428863331011,180.0113525390625,2069798,0.0,0.0
2014-01-17 00:00:00+08:00,181.9222879277072,192.2414093017578,180.01133952510523,192.2414093017578,5639013,0.0,0.0
2014-01-20 00:00:00+08:00,192.24138826686846,193.77014682167456,188.41949187985315,188.8016815185547,3270320,0.0,0.0
2014-01-21 00:00:00+08:00,188.41953502557217,190.71267338288138,178.482602143899,178.8647918701172,3864993,0.0,0.0
2014-01-22 00:00:00+08:00,176.57165996844952,183.06888555170417,173.51414204691793,173.89633178710938,3270085,0.0,0.0
2014-01-23 00:00:00+08:00,175.80730691456438,180.0113946886083,175.80730691456438,178.48263549804688,1546080,0.0,0.0
2014-01-24 00:00:00+08:00,179.24697074972886,180.01135015591106,173.51412520336225,176.189453125,1629963,0.0,0.0
2014-01-27 00:00:00+08:00,173.13192505306665,174.2784940931532,163.9593727323744,165.10594177246094,2820631,0.0,0.0
2014-02-05 00:00:00+08:00,159.75529997569348,175.80726791583493,159.75529997569348,173.51412963867188,2010395,0.0,0.0
2014-02-06 00:00:00+08:00,175.80726554801873,176.95383467115798,168.9278508091832,169.69223022460938,1688793,0.0,0.0
2014-02-07 00:00:00+08:00,168.16348551617668,168.16348551617668,162.4306394190343,167.7812957763672,2877705,0.0,0.0
2014-02-10 00:00:00+08:00,167.7812768468317,171.98536351041972,162.04843139648438,162.04843139648438,2333021,0.0,0.0
2014-02-11 00:00:00+08:00,162.04845618306192,166.25254348969796,161.28407667276446,162.81283569335938,2220513,0.0,0.0
2014-02-12 00:00:00+08:00,164.3415429658979,166.6346807747244,162.81278442668022,163.57716369628906,1711300,0.0,0.0
2014-02-13 00:00:00+08:00,164.34156095600565,170.8387854589175,163.5771816027219,167.39907836914062,2414302,0.0,0.0
2014-02-14 00:00:00+08:00,171.22100343465263,173.13195213370008,167.7812957763672,167.7812957763672,2654010,0.0,0.0
2014-02-17 00:00:00+08:00,170.07443610845482,170.07443610845482,165.4881591796875,165.4881591796875,1001300,0.0,0.0
2014-02-18 00:00:00+08:00,166.25254057051146,167.39910981582534,161.28407384081802,163.1950225830078,2073372,0.0,0.0
2014-02-19 00:00:00+08:00,162.04840483082285,163.95935300099765,158.99088775854318,159.37307739257812,2184654,0.0,0.0
2014-02-20 00:00:00+08:00,159.37311466761997,165.8703399658203,159.37311466761997,160.51968383789062,1564380,0.0,0.0
2014-02-21 00:00:00+08:00,162.04845333769393,164.72378157675962,160.90188409238007,163.1950225830078,1103187,0.0,0.0
2014-02-24 00:00:00+08:00,163.57717618075284,164.34155550870028,158.9909002130682,159.75527954101562,1484912,0.0,0.0
2014-02-25 00:00:00+08:00,160.51968383789062,163.19501190185548,160.13749411446707,160.51968383789062,2014892,0.0,0.0
2014-02-26 00:00:00+08:00,163.19499179355816,171.60316467285156,163.19499179355816,171.60316467285156,4949120,0.0,0.0
2014-02-27 00:00:00+08:00,177.71822269146259,182.6866891322992,177.33603296524439,178.8647918701172,4935872,0.0,0.0
2014-03-03 00:00:00+08:00,178.8648023745888,185.74421785053454,178.8648023745888,181.54013061523438,3848011,0.0,0.0
2014-03-04 00:00:00+08:00,183.4510689727531,190.33048405923134,181.9223100646468,184.97982788085938,4126289,0.0,0.0
2014-03-05 00:00:00+08:00,188.80176152323276,189.1839513238871,182.30453491210938,182.30453491210938,2088093,0.0,0.0
2014-03-06 00:00:00+08:00,182.30446839475346,194.1523478921064,180.01133042752386,191.47702026367188,4860488,0.0,0.0
2014-03-07 00:00:00+08:00,191.4770495558788,204.85368974441326,188.4195317984995,199.88522338867188,8651537,0.0,0.0
2014-03-10 00:00:00+08:00,203.3249307528409,212.49748401988637,194.53456720525568,210.204345703125,6391801,0.0,0.0
2014-03-11 00:00:00+08:00,210.96874819822418,212.49750724313884,204.85371201856552,207.1468505859375,3198778,0.0,0.0
2014-03-12 00:00:00+08:00,204.85366821289062,212.49746180292385,204.47147853338896,204.85366821289062,2639358,0.0,0.0
2014-03-13 00:00:00+08:00,207.14684678542127,210.96874432758773,204.8537082601214,205.6180877685547,2411080,0.0,0.0
2014-03-14 00:00:00+08:00,204.85369895161062,215.17282184656116,203.32494000421056,210.96873474121094,4041753,0.0,0.0
2014-03-17 00:00:00+08:00,214.02629674549172,217.8481949016612,211.73315785179003,213.2619171142578,2548642,0.0,0.0
2014-03-18 00:00:00+08:00,217.46594803421587,217.84813774956598,206.3824462890625,206.3824462890625,2533532,0.0,0.0
2014-03-19 00:00:00+08:00,206.38242449079243,208.29337286570717,192.62359619140625,192.62359619140625,4927481,0.0,0.0
2014-03-20 00:00:00+08:00,189.94831165986903,196.44553761201746,189.94831165986903,194.91677856445312,1850634,0.0,0.0
2014-03-21 00:00:00+08:00,196.44552327869008,198.35647194871623,189.56610806659586,196.8277130126953,2179780,0.0,0.0
2014-03-24 00:00:00+08:00,194.91673424130394,198.3564413161505,190.7126478164915,192.62359619140625,1384103,0.0,0.0
2014-03-25 00:00:00+08:00,194.91674306441325,206.000244140625,194.15236367984693,206.000244140625,2809605,0.0,0.0
2014-03-26 00:00:00+08:00,207.52900901765423,210.96871634943855,201.0317840576172,201.0317840576172,2878829,0.0,0.0
2014-03-27 00:00:00+08:00,201.03179194418232,205.235878847958,197.59208447745678,204.0893096923828,2395521,0.0,0.0
2014-03-28 00:00:00+08:00,204.08929099499338,205.6180497290383,189.94827270507812,189.94827270507812,4096915,0.0,0.0
2014-03-31 00:00:00+08:00,191.09483060246694,196.445485859336,190.33045128005708,191.47702026367188,1732754,0.0,0.0
2014-04-01 00:00:00+08:00,191.8592099248768,195.68110653692614,189.94826161885214,191.47702026367188,1365530,0.0,0.0
2014-04-02 00:00:00+08:00,192.6236137657314,200.64959767263687,192.6236137657314,196.4455108642578,3235844,0.0,0.0
2014-04-03 00:00:00+08:00,196.44554716348648,199.12087562680244,193.0058391392231,195.68116760253906,1809639,0.0,0.0
2014-04-07 00:00:00+08:00,193.00579675722963,199.5030215985621,192.62360706068065,195.29893493652344,1451540,0.0,0.0
2014-04-08 00:00:00+08:00,196.06331998753876,198.35645823300706,191.85923320418024,194.53456115722656,1285262,0.0,0.0
2014-04-09 00:00:00+08:00,197.97428525528818,206.3824595325398,196.4455262957879,202.56056213378906,4008113,0.0,0.0
2014-04-10 00:00:00+08:00,204.85371422400843,206.76466305072492,198.73867797851562,198.73867797851562,2166852,0.0,0.0
2014-04-11 00:00:00+08:00,196.82772915179913,198.73867797851562,194.15240079439604,198.73867797851562,1296259,0.0,0.0
2014-04-14 00:00:00+08:00,201.03179086631985,201.03179086631985,191.85923767089844,191.85923767089844,1022782,0.0,0.0
2014-04-15 00:00:00+08:00,194.91677765799042,194.91677765799042,191.47706981696706,193.00582885742188,736347,0.0,0.0
2014-04-16 00:00:00+08:00,194.53457180289337,203.7071252867233,193.38800261741463,197.20989990234375,1817050,0.0,0.0
2014-04-17 00:00:00+08:00,201.0317787745935,203.3249169355204,197.59207153320312,197.59207153320312,1756650,0.0,0.0
2014-04-18 00:00:00+08:00,198.73867797851562,204.85371422400843,197.97429844782903,198.73867797851562,1793201,0.0,0.0
2014-04-21 00:00:00+08:00,201.0317592411251,211.73306961897967,199.88519027206925,208.67555236816406,4784227,0.0,0.0
2014-04-22 00:00:00+08:00,209.0577546874089,211.35089276441886,204.85366821289062,204.85366821289062,3533556,0.0,0.0
2014-04-23 00:00:00+08:00,206.38243990705945,210.2043369423754,198.73864583642762,201.0317840576172,3188329,0.0,0.0
2014-04-24 00:00:00+08:00,202.94276833947683,203.7071478812451,191.85926498383685,198.3564910888672,2495910,0.0,0.0
2014-04-25 00:00:00+08:00,197.20989612697326,197.59208584814957,184.9798250493315,185.3620147705078,3123910,0.0,0.0
2014-04-28 00:00:00+08:00,179.62917473129855,191.85924620236568,179.62917473129855,190.71267700195312,1534126,0.0,0.0
2014-04-29 00:00:00+08:00,192.62362889703715,203.7071313534143,192.62362889703715,202.56056213378906,3651389,0.0,0.0
2014-04-30 00:00:00+08:00,202.17836928876858,203.32493849078426,196.8277130126953,196.8277130126953,1918517,0.0,0.0
2014-05-02 00:00:00+08:00,197.97427419598182,205.61806856648306,197.97427419598182,204.0893096923828,2175183,0.0,0.0
2014-05-05 00:00:00+08:00,207.91117305546018,213.26182824438746,207.52898339910823,208.67555236816406,3136501,0.0,0.0
2014-05-06 00:00:00+08:00,206.38242559917902,207.52899463028558,200.64958044364627,202.94271850585938,2507524,0.0,0.0
2014-05-07 00:00:00+08:00,201.79618265403892,205.61808005278965,199.50304421478847,202.56056213378906,1127126,0.0,0.0
2014-05-08 00:00:00+08:00,204.85368974441326,204.85368974441326,198.73865422965466,199.88522338867188,1318361,0.0,0.0
2014-05-09 00:00:00+08:00,200.64955841411245,206.38240294022992,199.50298950888893,201.79612731933594,1318070,0.0,0.0
2014-05-12 00:00:00+08:00,204.08932397045575,204.8537034609818,201.03180600835154,202.17837524414062,767640,0.0,0.0
2014-05-13 00:00:00+08:00,203.32493555823038,207.14683284315953,195.2989512598792,197.20989990234375,1886722,0.0,0.0
2014-05-14 00:00:00+08:00,197.97429844782903,200.64962680523212,197.97429844782903,198.73867797851562,692102,0.0,0.0
2014-05-15 00:00:00+08:00,198.73867797851562,201.03181657057542,197.59210868248573,198.73867797851562,373600,0.0,0.0
2014-05-16 00:00:00+08:00,198.7386808597513,199.88525017240372,197.5921115470989,198.3564910888672,288646,0.0,0.0
2014-05-19 00:00:00+08:00,200.26742369453862,206.00026979266474,199.50304421478847,202.56056213378906,1317564,0.0,0.0
2014-05-20 00:00:00+08:00,203.32488585963392,206.76459257530445,201.79612731933594,201.79612731933594,1494646,0.0,0.0
2014-05-21 00:00:00+08:00,202.178372393914,204.08932109328936,201.03180317428877,202.56056213378906,598470,0.0,0.0
2014-05-22 00:00:00+08:00,204.47149771231193,216.70156860351562,204.47149771231193,216.70156860351562,4345146,0.0,0.0
2014-05-23 00:00:00+08:00,223.19879049672545,231.60696411132812,221.28784194795213,231.60696411132812,6708115,0.0,0.0
2014-05-26 00:00:00+08:00,234.6644936472081,240.77952931228194,230.07821689840273,236.19325256347656,5084501,0.0,0.0
2014-05-27 00:00:00+08:00,240.39734930223034,242.69048776934224,236.9576416015625,236.9576416015625,3218030,0.0,0.0
2014-05-28 00:00:00+08:00,240.01511033029988,250.33423131583825,239.63292066416884,245.74795532226562,3154477,0.0,0.0
2014-05-29 00:00:00+08:00,247.2767571869844,248.80551611858866,240.77953172766644,246.13018798828125,2166098,0.0,0.0
2014-05-30 00:00:00+08:00,251.4809114984919,263.32879638671875,249.18777248786736,263.32879638671875,3632128,0.0,0.0
2014-06-03 00:00:00+08:00,266.0040488454093,275.5587919792243,257.5958748876521,259.1246337890625,4444878,0.0,0.0
2014-06-04 00:00:00+08:00,262.9465059267241,277.0875244140625,260.65336779364225,277.0875244140625,2657513,0.0,0.0
2014-06-05 00:00:00+08:00,282.8203818044355,296.197021484375,282.8203818044355,296.197021484375,1790645,0.0,0.0
2014-06-06 00:00:00+08:00,316.83525111564506,316.83525111564506,302.694232670194,312.63116455078125,4124763,0.0,0.0
2014-06-09 00:00:00+08:00,312.63124646840606,312.63124646840606,297.3436549540586,303.84088134765625,2699494,0.0,0.0
2014-06-10 00:00:00+08:00,307.66275318746034,319.51063560834393,301.16552734375,301.16552734375,3058973,0.0,0.0
2014-06-11 00:00:00+08:00,305.7517787388393,321.80374712262835,305.7517787388393,321.03936767578125,3507347,0.0,0.0
2014-06-12 00:00:00+08:00,327.1544057445132,332.5050619132319,311.8668166910313,314.5421447753906,3796562,0.0,0.0
2014-06-13 00:00:00+08:00,309.5737407435125,316.83534700786646,298.872426248675,304.22308349609375,3828842,0.0,0.0
2014-06-16 00:00:00+08:00,305.7517124675746,305.7517124675746,292.7572646877027,294.668212890625,3421422,0.0,0.0
2014-06-17 00:00:00+08:00,299.6367291001013,311.86679967561565,296.57921145622277,306.5161437988281,3730725,0.0,0.0
2014-06-18 00:00:00+08:00,308.80923115838436,314.92426543874836,295.81478331261076,296.57916259765625,4339576,0.0,0.0
2014-06-19 00:00:00+08:00,300.401116265191,301.92987512659147,290.08199395073785,299.2545471191406,2446964,0.0,0.0
2014-06-20 00:00:00+08:00,299.63668531472064,303.45858181108184,295.8147888183594,295.8147888183594,1545375,0.0,0.0
2014-06-23 00:00:00+08:00,297.34361289926125,299.6367513020833,278.2341262090774,280.9094543457031,3825257,0.0,0.0
2014-06-24 00:00:00+08:00,278.23413848876953,289.31764125823975,272.8834819793701,281.2916564941406,4021796,0.0,0.0
2014-06-25 00:00:00+08:00,281.2916199273348,300.7832946777344,280.1450508243701,300.7832946777344,4588596,0.0,0.0
2014-06-26 00:00:00+08:00,302.6942872940968,309.1915131577327,301.92990778072783,303.07647705078125,3735380,0.0,0.0
2014-06-27 00:00:00+08:00,305.75178557751224,317.98185700061276,303.4586471856809,311.8668212890625,3486691,0.0,0.0
2014-06-30 00:00:00+08:00,314.92430580460996,319.12839241122487,308.0448913574219,308.0448913574219,2076000,0.0,0.0
2014-07-01 00:00:00+08:00,308.04494294297274,316.4531175642449,300.78333758823766,301.16552734375,2397867,0.0,0.0
2014-07-02 00:00:00+08:00,306.5161600162846,308.427108644815,284.34915592533133,291.9929504394531,2792171,0.0,0.0
2014-07-03 00:00:00+08:00,291.9928977847717,297.34355297978055,288.17100121690817,295.0504150390625,1350975,0.0,0.0
2014-07-04 00:00:00+08:00,299.6367683217005,309.95589172053457,293.5217322335026,301.16552734375,2880750,0.0,0.0
2014-07-07 00:00:00+08:00,304.22300990422565,304.22300990422565,288.17104204495746,293.5216979980469,1974890,0.0,0.0
2014-07-08 00:00:00+08:00,293.52167994148243,297.3435768157205,289.69978306724437,293.90386962890625,814903,0.0,0.0
2014-07-09 00:00:00+08:00,295.05047399165437,300.40113025575175,291.22857666015625,291.22857666015625,1385357,0.0,0.0
2014-07-10 00:00:00+08:00,294.2860217380773,301.92981451049485,291.992883906352,292.75726318359375,1661498,0.0,0.0
2014-07-11 00:00:00+08:00,295.814868015799,296.19705776775737,278.6163291776711,283.2026062011719,3096938,0.0,0.0
2014-07-14 00:00:00+08:00,286.64226219302316,288.55321060764334,277.0875201199224,279.7628479003906,1353150,0.0,0.0
2014-07-15 00:00:00+08:00,285.1135568428294,292.75735193244947,281.29165929801934,287.0245056152344,2252555,0.0,0.0
2014-07-16 00:00:00+08:00,286.6423256199913,286.6423256199913,278.2341507351382,281.6738586425781,987500,0.0,0.0
2014-07-17 00:00:00+08:00,281.6738224674788,286.64228880679656,277.08754584657,282.4382019042969,1340885,0.0,0.0
2014-07-18 00:00:00+08:00,280.52726356819886,287.4066787510702,277.4697457091449,278.9985046386719,1524145,0.0,0.0
2014-07-21 00:00:00+08:00,282.8203759765625,286.64227294921875,271.35468505859376,286.64227294921875,2816000,0.0,0.0
2014-07-22 00:00:00+08:00,288.1710587949578,295.05047399165437,288.1710587949578,291.22857666015625,2287344,0.0,0.0
2014-07-23 00:00:00+08:00,291.22857666015625,291.22857666015625,291.22857666015625,291.22857666015625,0,0.0,0.0
2014-07-24 00:00:00+08:00,290.46419719385665,295.814853457954,287.78886906180793,291.22857666015625,1675265,0.0,0.0
2014-07-25 00:00:00+08:00,295.8148529864989,309.95587309050467,295.8148529864989,301.5476989746094,4336208,0.0,0.0
2014-07-28 00:00:00+08:00,303.0763834263575,311.86674511463775,292.75726318359375,292.75726318359375,3718010,0.0,0.0
2014-07-29 00:00:00+08:00,296.57930468220695,299.6368232871782,278.99857270362253,282.05609130859375,2582015,0.0,0.0
2014-07-30 00:00:00+08:00,283.58475537109376,288.5532214355469,275.94096142578127,286.64227294921875,1658900,0.0,0.0
2014-07-31 00:00:00+08:00,288.1710365196327,294.28607177734375,282.05600126192166,294.28607177734375,2186628,0.0,0.0
2014-08-01 00:00:00+08:00,293.52169296116506,301.92986645744844,275.55877685546875,275.55877685546875,4954270,0.0,0.0
2014-08-04 00:00:00+08:00,275.5587545847533,278.61627197265625,271.3546681763867,278.61627197265625,2109432,0.0,0.0
2014-08-05 00:00:00+08:00,278.6163263242107,282.4382238046525,272.8834801035479,277.4697570800781,1843440,0.0,0.0
2014-08-06 00:00:00+08:00,278.9985056318475,279.762885099332,258.3602600097656,258.3602600097656,3395653,0.0,0.0
2014-08-07 00:00:00+08:00,253.00959988883642,253.00959988883642,240.3973388671875,240.3973388671875,4155960,0.0,0.0
2014-08-08 00:00:00+08:00,236.9575889247238,243.0726234776199,230.8425543718277,240.01510620117188,3705119,0.0,0.0
2014-08-11 00:00:00+08:00,246.13018753347384,256.4493103027344,242.30829021152547,256.4493103027344,2596169,0.0,0.0
2014-08-12 00:00:00+08:00,256.06706497517035,256.06706497517035,250.71640988613697,251.4807891845703,1318590,0.0,0.0
2014-08-13 00:00:00+08:00,251.48085594177246,260.27122020721436,251.48085594177246,256.8315124511719,1844341,0.0,0.0
2014-08-14 00:00:00+08:00,260.6534079929133,263.32873622744467,251.8630437937388,253.00961303710938,1908200,0.0,0.0
2014-08-15 00:00:00+08:00,253.77399810614614,266.00407030403267,253.0096185937782,264.4753112792969,2059825,0.0,0.0
2014-08-18 00:00:00+08:00,267.5328041850657,271.35470138770944,262.18214810136436,263.7109069824219,2166980,0.0,0.0
2014-08-19 00:00:00+08:00,268.67939859732036,268.67939859732036,262.946552254561,264.4753112792969,1261859,0.0,0.0
2014-08-20 00:00:00+08:00,267.5328130307405,269.8259514281468,246.13018798828125,246.13018798828125,1277111,0.0,0.0
2014-08-21 00:00:00+08:00,233.13570961309452,256.83147026229426,228.931623046301,243.83702087402344,4124630,0.0,0.0
2014-08-22 00:00:00+08:00,248.42332693246695,260.6533984122192,244.60142959504438,258.3602600097656,2361890,0.0,0.0
2014-08-25 00:00:00+08:00,262.82811503507656,267.452656648597,259.74508729272964,264.36962890625,1968688,2.796782,0.0
2014-08-26 00:00:00+08:00,269.76495395049204,280.55555210851173,266.6819259053436,279.0140380859375,3068463,0.0,0.0
2014-08-27 00:00:00+08:00,280.5555623372396,282.8678334554037,274.0041275024414,277.4725341796875,2072521,0.0,0.0
2014-08-28 00:00:00+08:00,279.78481044078603,283.63859570856545,275.16026811945073,276.7017822265625,2050458,0.0,0.0
2014-08-29 00:00:00+08:00,280.55554935407173,282.0970633615117,274.3894933243119,274.7748718261719,1633168,0.0,0.0
2014-09-01 00:00:00+08:00,277.4724771213261,279.78474776400384,272.0771789550781,272.0771789550781,1265811,0.0,0.0
2014-09-02 00:00:00+08:00,262.8281752796774,268.9942321777344,262.8281752796774,268.9942321777344,1589500,0.0,0.0
2014-09-03 00:00:00+08:00,270.535764746659,275.1603077337814,264.36970743049585,266.2966003417969,923282,0.0,0.0
2014-09-04 00:00:00+08:00,265.14044189453125,269.37960593644965,264.3696847960006,265.14044189453125,660529,0.0,0.0
2014-09-05 00:00:00+08:00,274.3895112403188,277.8579179835251,267.45269775390625,267.45269775390625,2051597,0.0,0.0
2014-09-09 00:00:00+08:00,270.535764746659,272.8480362402202,265.91122175953666,266.2966003417969,753686,0.0,0.0
2014-09-10 00:00:00+08:00,270.1503730423149,270.1503730423149,262.8281803350339,268.2234802246094,715000,0.0,0.0
2014-09-11 00:00:00+08:00,270.5357797368185,279.78486622354734,268.60888671875,268.60888671875,2232585,0.0,0.0
2014-09-12 00:00:00+08:00,271.30647786458337,272.0772349039714,258.203608194987,258.974365234375,2005178,0.0,0.0
2014-09-15 00:00:00+08:00,254.34979725469108,255.8913111774468,249.72525548642398,251.2667694091797,1224229,0.0,0.0
2014-09-16 00:00:00+08:00,252.03756446088136,257.4328640059155,252.03756446088136,254.73521423339844,1051984,0.0,0.0
2014-09-17 00:00:00+08:00,256.6621069280535,258.97437816163955,254.73521423339844,254.73521423339844,716000,0.0,0.0
2014-09-18 00:00:00+08:00,256.66212331837625,270.92113016939714,256.27674475483514,268.2234802246094,2019152,0.0,0.0
2014-09-19 00:00:00+08:00,269.7649435563521,273.6187284643,266.296537139199,271.30645751953125,1313099,0.0,0.0
2014-09-22 00:00:00+08:00,271.3065030809859,279.0140741912412,268.60885319239657,273.6187744140625,2778044,0.0,0.0
2014-09-23 00:00:00+08:00,277.0870986808798,279.78474776400384,272.0771789550781,272.0771789550781,1586708,0.0,0.0
2014-09-24 00:00:00+08:00,276.70176126231314,276.70176126231314,265.9111633300781,265.9111633300781,1488405,0.0,0.0
2014-09-25 00:00:00+08:00,268.22344169789307,270.53571274701284,252.03754435405472,255.50595092773438,1991119,0.0,0.0
2014-09-26 00:00:00+08:00,252.80834377915113,259.7451580901644,248.18380090514228,258.2036437988281,894831,0.0,0.0
2014-09-29 00:00:00+08:00,260.90127820799336,262.0574138573641,257.4328712598812,260.5158996582031,679100,0.0,0.0
2014-09-30 00:00:00+08:00,260.5158996582031,261.6720353075739,254.73522141134953,260.5158996582031,823100,0.0,0.0
2014-10-01 00:00:00+08:00,260.51594485285693,268.2235171857817,258.2036731529795,262.8282165527344,1261000,0.0,0.0
2014-10-02 00:00:00+08:00,262.82817059893944,267.0673346408578,261.2866564018782,265.14044189453125,692042,0.0,0.0
2014-10-03 00:00:00+08:00,266.68193318741334,280.55555976941747,266.68193318741334,277.85791015625,2938822,0.0,0.0
2014-10-06 00:00:00+08:00,279.78484521814295,285.9509024130332,275.1603023219753,285.1801452636719,3404538,0.0,0.0
2014-10-07 00:00:00+08:00,283.638569581442,284.4093265640003,275.9309997558594,275.9309997558594,2170727,0.0,0.0
2014-10-08 00:00:00+08:00,269.7649424661419,272.8479703800407,256.66207383207217,257.4328308105469,3648060,0.0,0.0
2014-10-09 00:00:00+08:00,262.0574038410475,265.1404321215304,251.2668048593573,255.12059020996094,2411265,0.0,0.0
2014-10-13 00:00:00+08:00,242.78848540916871,250.49605637453914,237.77856428167792,240.09083557128906,2242160,0.0,0.0
2014-10-14 00:00:00+08:00,241.24698815345764,249.7253168106079,241.24698815345764,246.6422882080078,1657500,0.0,0.0
2014-10-15 00:00:00+08:00,248.18375634996673,249.7252703645628,242.01770029158246,244.32997131347656,1174092,0.0,0.0
2014-10-16 00:00:00+08:00,240.47617728410367,257.4328308105469,231.22709354240737,257.4328308105469,2129361,0.0,0.0
2014-10-17 00:00:00+08:00,255.89132621740606,255.89132621740606,239.70542907714844,239.70542907714844,2189085,0.0,0.0
2014-10-20 00:00:00+08:00,243.5592403600712,245.87151162931235,228.14409856512998,233.53939819335938,2677150,0.0,0.0
2014-10-21 00:00:00+08:00,233.53944337134268,242.01777299868516,232.3833075130687,235.85171508789062,1698255,0.0,0.0
2014-10-22 00:00:00+08:00,241.63233712808977,243.55922976866464,230.45635981275547,232.7686309814453,1722545,0.0,0.0
2014-10-23 00:00:00+08:00,232.7686180979669,235.0808891386752,223.51953393513378,227.75869750976562,2740788,0.0,0.0
2014-10-24 00:00:00+08:00,228.91487318469635,229.68563033346635,214.65586593245095,215.04124450683594,2726475,0.0,0.0
2014-10-27 00:00:00+08:00,215.811978896898,217.35349303187584,204.63600141830867,209.2605438232422,3156307,0.0,0.0
2014-10-28 00:00:00+08:00,214.27047398578688,223.90493774414062,211.958202683782,223.90493774414062,1941012,0.0,0.0
2014-10-29 00:00:00+08:00,225.83183049581137,230.8417516501553,223.90493774414062,223.90493774414062,2425160,0.0,0.0
2014-10-30 00:00:00+08:00,221.2073102977178,225.06109619140625,218.8950387615047,225.06109619140625,1692896,0.0,0.0
2014-10-31 00:00:00+08:00,210.41670068105063,221.97805786132812,210.41670068105063,221.97805786132812,3158400,0.0,0.0
2014-11-03 00:00:00+08:00,223.51956896951933,232.76865458205114,222.74881183514165,226.98797607421875,2131772,0.0,0.0
2014-11-04 00:00:00+08:00,228.9148406982422,229.30021921793622,224.6756769816081,226.60256958007812,787376,0.0,0.0
2014-11-05 00:00:00+08:00,228.91479945264172,230.4563132536696,223.13412269878714,225.83177185058594,1105110,0.0,0.0
2014-11-06 00:00:00+08:00,227.37336903494574,227.37336903494574,216.9681470621601,218.12428283691406,1501060,0.0,0.0
2014-11-07 00:00:00+08:00,218.50961072198274,223.51953124999997,212.72893318965515,223.51953125,1698105,0.0,0.0
2014-11-10 00:00:00+08:00,223.5195490650974,226.2171987951934,221.97803493361397,223.13417053222656,677207,0.0,0.0
2014-11-11 00:00:00+08:00,225.4464519454772,229.68561599915284,223.90493774414062,223.90493774414062,1306312,0.0,0.0
2014-11-12 00:00:00+08:00,223.90493811957654,225.06107377251757,217.73888130389113,219.2803955078125,989966,0.0,0.0
2014-11-13 00:00:00+08:00,219.28033942436204,223.13412394851605,216.96806870986964,218.50958251953125,1052050,0.0,0.0
2014-11-14 00:00:00+08:00,218.89498398094847,222.74876891019053,218.12422699510006,219.66574096679688,762007,0.0,0.0
2014-11-17 00:00:00+08:00,222.36336704368523,222.74874549610064,218.12420406711584,218.50958251953125,680010,0.0,0.0
2014-11-18 00:00:00+08:00,219.66575357552202,220.0511320905668,206.56288406399966,210.8020477294922,1846831,0.0,0.0
2014-11-19 00:00:00+08:00,211.57280475958174,213.49969733480563,208.48977663922355,210.8020477294922,688086,0.0,0.0
2014-11-20 00:00:00+08:00,211.9582007117305,220.43652874019975,211.9582007117305,217.35350036621094,1486281,0.0,0.0
2014-11-21 00:00:00+08:00,220.4365060278037,232.38323974609375,220.0511275207621,232.38323974609375,2048004,0.0,0.0
2014-11-24 00:00:00+08:00,235.4662469981708,241.24692409305223,230.84170532226562,230.84170532226562,3012136,0.0,0.0
2014-11-25 00:00:00+08:00,231.22710930260246,238.93467961268922,228.91483820957643,233.9247589111328,1277453,0.0,0.0
2014-11-26 00:00:00+08:00,233.9247589111328,238.54930109718487,232.38324484911547,233.9247589111328,713620,0.0,0.0
2014-11-27 00:00:00+08:00,237.0077946898225,245.10074377679206,235.85165910596973,237.39317321777344,2571980,0.0,0.0
2014-11-28 00:00:00+08:00,239.70545491133586,240.47621200108293,233.5393981933594,233.53939819335938,855174,0.0,0.0
2014-12-01 00:00:00+08:00,227.37335105672332,236.6224365234375,227.37335105672332,236.6224365234375,882060,0.0,0.0
2014-12-02 00:00:00+08:00,235.85171508789062,235.85171508789062,235.85171508789062,235.85171508789062,1256104,0.0,0.0
2014-12-03 00:00:00+08:00,240.47622680664062,240.47622680664062,240.47622680664062,240.47622680664062,4904150,0.0,0.0
2014-12-04 00:00:00+08:00,238.16390991210935,238.16390991210935,238.16390991210935,238.16390991210938,1703648,0.0,0.0
2014-12-05 00:00:00+08:00,242.01771786589765,247.79839584040158,236.6224184230273,246.2568817138672,1688185,0.0,0.0
2014-12-08 00:00:00+08:00,249.7253144992618,252.80834307332677,243.5592573511319,244.71539306640625,1065362,0.0,0.0
2014-12-09 00:00:00+08:00,242.78843157588486,245.10070235279804,240.47616079897165,241.24691772460938,648900,0.0,0.0
2014-12-10 00:00:00+08:00,241.24692797812685,244.32995581171315,238.93465710293714,242.01768493652344,701116,0.0,0.0
2014-12-11 00:00:00+08:00,242.01771036783856,248.18376668294272,238.93468221028647,247.4130096435547,1079181,0.0,0.0
2014-12-12 00:00:00+08:00,250.49606634646045,253.57909485533997,245.48614501953125,245.48614501953125,1444747,0.0,0.0
2014-12-15 00:00:00+08:00,242.7885105719468,243.94464633657512,240.47623904269017,243.17388916015625,546400,0.0,0.0
2014-12-16 00:00:00+08:00,243.1738718094364,245.10076461299772,238.5493290808893,238.93470764160156,726400,0.0,0.0
2014-12-17 00:00:00+08:00,239.7054725782991,242.40312259123814,237.39320113863704,237.77857971191406,376110,0.0,0.0
2014-12-18 00:00:00+08:00,241.2469792567946,242.40311494013386,236.6224365234375,236.6224365234375,511775,0.0,0.0
2014-12-19 00:00:00+08:00,240.86155347376064,241.24693195931866,226.602549508114,229.68557739257812,1113109,0.0,0.0
2014-12-22 00:00:00+08:00,229.68560029362746,232.76862848548825,225.06105800583632,228.5294647216797,973000,0.0,0.0
2014-12-23 00:00:00+08:00,230.45633436369417,233.5393622481583,228.14406345034607,229.68557739257812,897074,0.0,0.0
2014-12-24 00:00:00+08:00,231.22715759277344,233.53942916870116,228.91488601684568,231.22715759277344,502030,0.0,0.0
2014-12-25 00:00:00+08:00,233.5393829345703,233.5393829345703,227.75870513916016,228.9148406982422,489186,0.0,0.0
2014-12-26 00:00:00+08:00,230.45632154961595,231.99783540613512,228.14405076483717,229.30018615722656,410401,0.0,0.0
2014-12-29 00:00:00+08:00,228.9148406982422,231.61249033610028,226.21719106038412,226.60256958007812,635778,0.0,0.0
2014-12-30 00:00:00+08:00,227.37331115093426,228.1440681378866,223.1341477226965,224.290283203125,842850,0.0,0.0
2014-12-31 00:00:00+08:00,224.2902934446173,229.30021408856925,223.51953642247085,227.37332153320312,530010,0.0,0.0
2015-01-05 00:00:00+08:00,227.37332153320312,232.76862068822828,226.60256451105667,227.37332153320312,818000,0.0,0.0
2015-01-06 00:00:00+08:00,224.29030637690093,225.8318205100755,214.65584304455982,216.19735717773438,1555764,0.0,0.0
2015-01-07 00:00:00+08:00,215.81195603755484,219.66574096679688,215.81195603755484,219.66574096679688,610920,0.0,0.0
2015-01-08 00:00:00+08:00,221.97801192434213,223.51952589603894,219.66574096679688,219.66574096679688,553181,0.0,0.0
2015-01-09 00:00:00+08:00,222.36339541940927,223.51953092418958,216.5827178955078,216.5827178955078,577404,0.0,0.0
2015-01-12 00:00:00+08:00,216.58272034241273,218.50961287214952,212.7289352829392,213.88507080078125,442980,0.0,0.0
2015-01-13 00:00:00+08:00,214.27044688594725,217.35347489869469,213.88506838435381,216.5827178955078,354020,0.0,0.0
2015-01-14 00:00:00+08:00,214.27043717391007,220.43649291992188,214.27043717391007,220.43649291992188,449200,0.0,0.0
2015-01-15 00:00:00+08:00,221.20725493849372,223.51952589603894,219.66574096679688,219.66574096679688,579130,0.0,0.0
2015-01-16 00:00:00+08:00,220.8218714040476,224.29027776117925,219.6657359516704,220.43649291992188,706437,0.0,0.0
2015-01-19 00:00:00+08:00,222.74880486996747,223.51956198024416,220.051154983999,221.20729064941406,379240,0.0,0.0
2015-01-20 00:00:00+08:00,223.13415801089465,233.5393778145115,221.97802247715947,231.99786376953125,1705264,0.0,0.0
2015-01-21 00:00:00+08:00,234.3101322039887,234.69551071090314,228.91483310718633,230.0709686279297,893259,0.0,0.0
2015-01-22 00:00:00+08:00,230.45635981275547,236.2370377344801,230.45635981275547,232.7686309814453,892471,0.0,0.0
2015-01-23 00:00:00+08:00,237.39321512858072,237.39321512858072,231.22715759277344,231.22715759277344,598128,0.0,0.0
2015-01-26 00:00:00+08:00,232.76860319491482,234.69549560546875,228.91481837380695,234.69549560546875,429000,0.0,0.0
2015-01-27 00:00:00+08:00,235.46627297315018,236.23703000415884,230.07097375608944,233.9247589111328,1505010,0.0,0.0
2015-01-28 00:00:00+08:00,234.31016618114407,250.11068725585938,231.99789480435646,250.11068725585938,4243008,0.0,0.0
2015-01-29 00:00:00+08:00,251.2667428617567,253.57901350158883,245.87144470214844,245.87144470214844,2639736,0.0,0.0
2015-01-30 00:00:00+08:00,245.871480258006,250.8814007021346,243.94458777949495,245.10072326660156,1507238,0.0,0.0
2015-02-02 00:00:00+08:00,245.1007307117112,247.4130017561613,238.9346745931776,239.32005310058594,994082,0.0,0.0
2015-02-03 00:00:00+08:00,240.47618131817512,247.41299424081478,240.47618131817512,245.10072326660156,1697099,0.0,0.0
2015-02-04 00:00:00+08:00,245.871480258006,247.798372736517,243.55920928379277,245.10072326660156,995600,0.0,0.0
2015-02-05 00:00:00+08:00,243.5592508817974,243.5592508817974,233.53940828222977,234.31016540527344,2381559,0.0,0.0
2015-02-06 00:00:00+08:00,230.45636983437115,233.5393981933594,227.37334147538292,233.53939819335938,1659733,0.0,0.0
2015-02-09 00:00:00+08:00,233.5393546332103,233.5393546332103,228.52943448431304,230.84170532226562,896175,0.0,0.0
2015-02-10 00:00:00+08:00,230.45634395287132,230.45634395287132,215.0412038891341,216.5827178955078,2833569,0.0,0.0
2015-02-11 00:00:00+08:00,219.66577642886065,225.06107620079757,218.89501931858393,221.20729064941406,1770579,0.0,0.0
2015-02-12 00:00:00+08:00,223.13421155846638,223.90496876592223,215.04126088018003,221.5926971435547,1416100,0.0,0.0
2015-02-13 00:00:00+08:00,221.97805786132812,226.98797930611505,221.97805786132812,221.97805786132812,883600,0.0,0.0
2015-02-24 00:00:00+08:00,226.602536908318,229.68556462135635,224.29026612353925,229.30018615722656,876988,0.0,0.0
2015-02-25 00:00:00+08:00,231.22715759277344,234.31018636067708,229.6856432088216,231.22715759277344,817139,0.0,0.0
2015-02-26 00:00:00+08:00,231.22710664393537,231.22710664393537,226.98794302212988,227.37332153320312,396600,0.0,0.0
2015-03-02 00:00:00+08:00,228.14408869408447,233.539388088877,225.4464389966882,230.45635986328125,816602,0.0,0.0
2015-03-03 00:00:00+08:00,231.99786885579428,231.99786885579428,226.60256958007812,226.60256958007812,627015,0.0,0.0
2015-03-04 00:00:00+08:00,226.60255416398195,228.1440681378866,223.90490470964883,224.290283203125,679170,0.0,0.0
2015-03-05 00:00:00+08:00,227.37336772761932,228.14412490635704,225.06109619140625,225.06109619140625,377774,0.0,0.0
2015-03-06 00:00:00+08:00,230.45635971465668,240.47620144138088,229.68560265875482,237.39317321777344,3463883,0.0,0.0
2015-03-09 00:00:00+08:00,236.6223959320957,239.3200453971196,235.08088195208205,238.16390991210938,1052541,0.0,0.0
2015-03-10 00:00:00+08:00,238.9347440432879,242.01777299868516,235.85171508789062,235.85171508789062,809850,0.0,0.0
2015-03-11 00:00:00+08:00,235.8517071979802,239.70549326330666,235.0809499849149,237.00784301757812,897260,0.0,0.0
2015-03-12 00:00:00+08:00,237.39319364566367,238.54932932900294,235.8516794012113,236.6224365234375,614005,0.0,0.0
2015-03-13 00:00:00+08:00,238.16396875677063,242.40313324920507,236.2370758056641,236.23707580566406,1133670,0.0,0.0
2015-03-16 00:00:00+08:00,236.2370758056641,236.2370758056641,236.2370758056641,236.23707580566406,0,0.0,0.0
2015-03-17 00:00:00+08:00,238.93468732957717,240.09082291342997,232.76863088236226,237.39317321777344,974525,0.0,0.0
2015-03-18 00:00:00+08:00,237.39322956558925,240.09087990156186,235.46633646846598,235.85171508789062,754168,0.0,0.0
2015-03-19 00:00:00+08:00,237.39315805711163,243.5592141105431,236.23702254709323,239.70542907714844,1664200,0.0,0.0
2015-03-20 00:00:00+08:00,240.4761611359029,248.56910886643809,238.93464728246764,243.55918884277344,2431072,0.0,0.0
2015-03-23 00:00:00+08:00,245.10075652542477,246.64227071740856,241.24697104546527,242.40310668945312,760602,0.0,0.0
2015-03-24 00:00:00+08:00,242.78844189492,246.64222668690286,242.01768493652344,242.01768493652344,998681,0.0,0.0
2015-03-25 00:00:00+08:00,241.6323082834629,243.9445791761276,232.38322471280404,234.69549560546875,1142407,0.0,0.0
2015-03-26 00:00:00+08:00,233.5394111417494,235.85168253919247,231.22713974430636,231.61251831054688,673201,0.0,0.0
2015-03-27 00:00:00+08:00,232.76862068822828,234.3101347325212,226.98794302212988,227.37332153320312,593250,0.0,0.0
2015-03-30 00:00:00+08:00,227.37331627155172,229.30020878232756,219.66574622844826,223.51953125,560060,0.0,0.0
2015-03-31 00:00:00+08:00,226.21718599998346,228.91483557749604,225.83180748891021,227.37332153320312,439500,0.0,0.0
2015-04-01 00:00:00+08:00,226.60256958007812,230.45635477701825,225.0610555013021,226.60256958007812,607177,0.0,0.0
2015-04-02 00:00:00+08:00,228.14411177578523,229.68562604454053,226.6025975070299,226.98797607421875,626050,0.0,0.0
2015-04-07 00:00:00+08:00,230.07100404558483,234.31016827423045,227.75873264814174,231.61251831054688,742380,0.0,0.0
2015-04-08 00:00:00+08:00,233.5393829345703,233.5393829345703,228.9148406982422,228.9148406982422,482560,0.0,0.0
2015-04-09 00:00:00+08:00,233.53942916870116,239.70548670450844,231.22715759277344,231.22715759277344,1573225,0.0,0.0
2015-04-10 00:00:00+08:00,234.31011921927436,235.08087619039037,228.9148204214621,229.68557739257812,595007,0.0,0.0
2015-04-13 00:00:00+08:00,231.22710664393537,231.99786366608183,226.98794302212988,227.37332153320312,546717,0.0,0.0
2015-04-14 00:00:00+08:00,227.37336772761932,228.91488208509472,224.67571760203742,225.06109619140625,538201,0.0,0.0
2015-04-15 00:00:00+08:00,225.0610835237323,226.9879763621204,222.74881211766655,224.6757049560547,599273,0.0,0.0
2015-04-16 00:00:00+08:00,225.4464340209961,233.92476145426434,225.4464340209961,228.9148406982422,1266131,0.0,0.0
2015-04-17 00:00:00+08:00,228.91488208509472,228.91488208509472,224.29033901266857,225.06109619140625,875497,0.0,0.0
2015-04-20 00:00:00+08:00,231.2271269241182,235.85166946260057,228.14409856512998,233.53939819335938,1707238,0.0,0.0
2015-04-21 00:00:00+08:00,235.85161155726723,236.62236845778116,223.51950114904412,225.83177185058594,1591336,0.0,0.0
2015-04-22 00:00:00+08:00,228.52942100238474,228.91479945264172,224.67563649981503,225.83177185058594,744560,0.0,0.0
2015-04-23 00:00:00+08:00,226.602536908318,230.84170001374574,226.602536908318,229.30018615722656,918510,0.0,0.0
2015-04-24 00:00:00+08:00,229.68556416185598,245.10070269620874,229.68556416185598,243.55918884277344,3899378,0.0,0.0
2015-04-27 00:00:00+08:00,245.10075669877983,245.87151379531687,239.70545702302053,240.09083557128906,1581151,0.0,0.0
2015-04-28 00:00:00+08:00,240.86156713021933,244.3299736968945,238.9346745931776,239.32005310058594,1865300,0.0,0.0
2015-04-29 00:00:00+08:00,242.01773637902076,243.9446291845862,236.2370579623244,236.6224365234375,1375974,0.0,0.0
2015-04-30 00:00:00+08:00,235.8516438468558,238.16391486496224,231.99785881667842,235.0808868408203,692166,0.0,0.0
2015-05-04 00:00:00+08:00,236.6224543958854,239.32010452743458,233.92480426433622,236.23707580566406,787201,0.0,0.0
2015-05-05 00:00:00+08:00,236.62243219324063,236.62243219324063,225.06107557142104,228.14410400390625,1745235,0.0,0.0
2015-05-06 00:00:00+08:00,228.14406345034607,231.61246982036823,225.83179253699797,229.68557739257812,571634,0.0,0.0
2015-05-07 00:00:00+08:00,233.53937526721862,238.5492958587596,232.38323974609375,232.38323974609375,1678150,0.0,0.0
2015-05-08 00:00:00+08:00,235.0809123728535,236.62242655234763,233.5393981933594,233.53939819335938,962139,0.0,0.0
2015-05-11 00:00:00+08:00,235.08090220167486,237.39317337087166,225.83181752488767,230.45635986328125,974200,0.0,0.0
2015-05-12 00:00:00+08:00,230.4563969523444,237.393211576328,228.14412541101655,236.23707580566406,851173,0.0,0.0
2015-05-13 00:00:00+08:00,236.23705008860384,241.63234976436314,231.22712896111304,240.09083557128906,2402124,0.0,0.0
2015-05-14 00:00:00+08:00,240.47622188445058,242.78849324872417,237.39319339875252,238.93470764160156,1265755,0.0,0.0
2015-05-15 00:00:00+08:00,242.40311494013386,242.40311494013386,236.6224365234375,236.6224365234375,744000,0.0,0.0
2015-05-18 00:00:00+08:00,238.16390194446583,238.54928042657662,232.76860319491482,234.69549560546875,528220,0.0,0.0
2015-05-19 00:00:00+08:00,234.69554827763483,240.861605375241,234.69554827763483,240.47622680664062,831169,0.0,0.0
2015-05-20 00:00:00+08:00,240.8615504305787,255.8913111774468,238.1639010657562,251.2667694091797,3790962,0.0,0.0
2015-05-21 00:00:00+08:00,248.1837615966797,250.11065415566011,244.7153549905149,248.1837615966797,1556854,0.0,0.0
2015-05-22 00:00:00+08:00,252.03759585272283,257.4328960697536,247.41305280955362,247.79843139648438,2963050,0.0,0.0
2015-05-25 00:00:00+08:00,248.18375920451032,256.66208638230415,247.02762368026572,253.1936798095703,2162647,0.0,0.0
2015-05-26 00:00:00+08:00,256.27671312763744,265.91117602717264,256.27671312763744,263.9842834472656,3982992,0.0,0.0
2015-05-27 00:00:00+08:00,265.5257494270457,274.7748321356801,263.9842356422733,266.681884765625,5016432,0.0,0.0
2015-05-28 00:00:00+08:00,271.691836010326,273.6187284643,268.2234295931729,271.30645751953125,2125145,0.0,0.0
2015-05-29 00:00:00+08:00,274.38954454787233,278.62870885970744,271.30651595744683,271.69189453125,1704825,0.0,0.0
2015-06-01 00:00:00+08:00,273.61880755727145,275.9310791704315,263.984342502438,273.2334289550781,1734281,0.0,0.0
2015-06-02 00:00:00+08:00,273.6187284643,282.8678122433749,271.30645751953125,271.30645751953125,2597519,0.0,0.0
2015-06-03 00:00:00+08:00,274.3895270768986,275.16028417542924,264.3696847960006,265.14044189453125,1970111,0.0,0.0
2015-06-04 00:00:00+08:00,265.14037682095864,268.22340445841166,250.49599554305686,256.27667236328125,2330079,0.0,0.0
2015-06-05 00:00:00+08:00,260.51590394290605,268.9942321777344,258.2036326061347,268.9942321777344,2139637,0.0,0.0
2015-06-08 00:00:00+08:00,269.76491233516975,272.07718301232836,264.7549925346595,266.681884765625,1341145,0.0,0.0
2015-06-09 00:00:00+08:00,266.6819145522432,271.30645642309133,255.50593836436016,257.4328308105469,1450826,0.0,0.0
2015-06-10 00:00:00+08:00,262.0573400645879,263.2134753884023,260.13044785823064,262.4427185058594,799308,0.0,0.0
2015-06-11 00:00:00+08:00,265.9112037287059,273.2333962951485,265.14044661644874,268.9942321777344,1916426,0.0,0.0
2015-06-12 00:00:00+08:00,280.94093828558425,291.7315367382542,277.4725316400832,277.85791015625,4361300,0.0,0.0
2015-06-15 00:00:00+08:00,279.78480026702465,283.63858539466963,275.5456366266152,282.8678283691406,1820085,0.0,0.0
2015-06-16 00:00:00+08:00,282.8678283691406,283.63858539466963,275.93101513937967,282.8678283691406,1159800,0.0,0.0
2015-06-17 00:00:00+08:00,282.8678334554037,284.4093475341797,276.7017771402995,277.4725341796875,1358049,0.0,0.0
2015-06-18 00:00:00+08:00,275.93106012029966,280.55560302734375,271.3065172132555,280.55560302734375,1455206,0.0,0.0
2015-06-22 00:00:00+08:00,283.25318133244747,285.9508306784708,279.01401807441084,282.0970458984375,1109471,0.0,0.0
2015-06-23 00:00:00+08:00,284.4094117212883,284.4094117212883,279.7848684412673,281.7117614746094,830603,0.0,0.0
2015-06-24 00:00:00+08:00,281.3263544046654,288.6485471905402,281.3263544046654,285.9508972167969,2164601,0.0,0.0
2015-06-25 00:00:00+08:00,285.9508821238642,288.26315340788466,282.0970966504968,283.63861083984375,1396530,0.0,0.0
2015-06-26 00:00:00+08:00,284.4093167664575,287.87772306848746,282.0970458984375,282.0970458984375,923030,0.0,0.0
2015-06-29 00:00:00+08:00,276.7017976567986,277.8579333016042,270.5357408845023,274.3895263671875,982080,0.0,0.0
2015-06-30 00:00:00+08:00,272.8479919433594,279.01404825846356,272.8479919433594,277.4725341796875,772099,0.0,0.0
2015-07-01 00:00:00+08:00,280.1702187016325,285.9508972167969,278.628704430922,285.9508972167969,910519,0.0,0.0
2015-07-02 00:00:00+08:00,289.03387475201464,296.7414447454017,289.03387475201464,293.6584167480469,2482206,0.0,0.0
2015-07-03 00:00:00+08:00,294.4291687011719,296.74143965955807,292.5022762358501,294.4291687011719,1097189,0.0,0.0
2015-07-06 00:00:00+08:00,290.96077713719507,293.6584267265465,280.55555729255366,282.8678283691406,1074976,0.0,0.0
2015-07-07 00:00:00+08:00,286.33623229220694,286.72161080134856,275.1602555271006,278.628662109375,1087817,0.0,0.0
2015-07-08 00:00:00+08:00,278.24323459798893,278.6286130392604,258.2035556518734,262.4427185058594,1408854,0.0,0.0
2015-07-09 00:00:00+08:00,258.2036326061347,269.37961073386293,250.11068292743496,268.9942321777344,1076965,0.0,0.0
2015-07-10 00:00:00+08:00,268.9942321777344,268.9942321777344,268.9942321777344,268.9942321777344,0,0.0,0.0
2015-07-13 00:00:00+08:00,273.2333962951485,273.2333962951485,264.7550680603202,268.9942321777344,646665,0.0,0.0
2015-07-14 00:00:00+08:00,270.5357459699604,279.0140741912412,270.5357459699604,273.6187744140625,1141815,0.0,0.0
2015-07-15 00:00:00+08:00,278.2433223401086,278.2433223401086,270.9211296469478,272.8480224609375,662150,0.0,0.0
2015-07-16 00:00:00+08:00,272.07727907569983,274.0041719870008,266.2966003417969,266.2966003417969,855510,0.0,0.0
2015-07-17 00:00:00+08:00,268.2234135841837,270.15030592315054,264.36962890625,264.36962890625,354695,0.0,0.0
2015-07-20 00:00:00+08:00,267.83801762744633,269.379531397964,262.44271943063444,267.0672607421875,518791,0.0,0.0
2015-07-21 00:00:00+08:00,268.9941913107167,272.0772192913553,261.2866213591202,265.9111633300781,608540,0.0,0.0
2015-07-22 00:00:00+08:00,262.0574092573347,264.36968051548763,252.03756713867188,252.03756713867188,1306286,0.0,0.0
2015-07-23 00:00:00+08:00,248.95451546673797,252.80830053588252,226.98794057261404,230.0709686279297,2518470,0.0,0.0
2015-07-24 00:00:00+08:00,233.15404708389357,240.4762402980985,231.61253272300834,236.23707580566406,1194843,0.0,0.0
2015-07-27 00:00:00+08:00,237.39316017938347,240.47618823366116,227.3733190029809,227.75869750976562,955747,0.0,0.0
2015-07-28 00:00:00+08:00,231.22713666785424,237.00781508455057,223.13418688447933,236.6224365234375,1023113,0.0,0.0
2015-07-29 00:00:00+08:00,236.6224543958854,241.63237606876245,230.4563969523444,236.23707580566406,814935,0.0,0.0
2015-07-30 00:00:00+08:00,238.93471165707237,242.01774019458298,225.44646180546346,226.98797607421875,1221200,0.0,0.0
2015-07-31 00:00:00+08:00,219.6657480358404,219.6657480358404,204.635986328125,204.635986328125,4584903,0.0,0.0
2015-08-03 00:00:00+08:00,196.92843627929688,203.47987153712086,191.91851519978445,196.92843627929688,2148150,0.0,0.0
2015-08-04 00:00:00+08:00,198.85532186756964,202.70910717508067,177.2741241455078,177.2741241455078,2315797,0.0,0.0
2015-08-05 00:00:00+08:00,171.10806765349017,182.66942357602326,171.10806765349017,177.2741241455078,2770805,0.0,0.0
2015-08-06 00:00:00+08:00,179.58639576749982,180.35715283087964,159.5467121196243,163.40049743652344,4875905,0.0,0.0
2015-08-07 00:00:00+08:00,161.0882024174243,174.19107055664062,156.4636607212303,174.19107055664062,3350832,0.0,0.0
2015-08-10 00:00:00+08:00,171.87882458961616,183.0548019732459,166.48352516303626,181.89866638183594,2187457,0.0,0.0
2015-08-11 00:00:00+08:00,180.3571319580078,187.2939447256235,179.5863749838283,180.3571319580078,2489931,0.0,0.0
2015-08-12 00:00:00+08:00,174.57645177528164,180.74250746712383,171.8788024101007,176.1179656982422,1903350,0.0,0.0
2015-08-13 00:00:00+08:00,179.2010314494496,184.59633132104594,177.2741386381652,184.21095275878906,1292231,0.0,0.0
2015-08-14 00:00:00+08:00,186.9086208383492,187.2939994380159,180.35718464401532,183.82559204101562,716150,0.0,0.0
2015-08-17 00:00:00+08:00,183.82556448857335,187.29397136571626,173.0349653152399,176.5033721923828,1646350,0.0,0.0
2015-08-18 00:00:00+08:00,177.6595075566718,183.05480713539936,176.88875047399642,181.12791442871094,1032021,0.0,0.0
2015-08-19 00:00:00+08:00,182.6694443143647,184.5963371868791,174.96187282430714,178.81565856933594,848139,0.0,0.0
2015-08-20 00:00:00+08:00,179.9717361589545,181.12787150901204,166.0981119582642,168.79576110839844,992184,0.0,0.0
2015-08-21 00:00:00+08:00,161.85899720010877,162.24437576487094,152.2245330810547,152.2245330810547,1868422,0.0,0.0
2015-08-24 00:00:00+08:00,142.20468431108452,145.2877126972327,137.19476318359375,137.19476318359375,2387197,0.0,0.0
2015-08-25 00:00:00+08:00,133.21557938425164,150.6604766845703,133.21557938425164,150.6604766845703,2425204,4.981809,0.0
2015-08-26 00:00:00+08:00,150.66051136363637,165.7265625,148.67813621411483,165.7265625,2623213,0.0,0.0
2015-08-27 00:00:00+08:00,170.484220906758,179.99961928294914,168.5018462450515,176.82781982421875,3341759,0.0,0.0
2015-08-28 00:00:00+08:00,181.58551901231434,186.3432182004099,172.46659556846447,176.82781982421875,2835958,0.0,0.0
2015-08-31 00:00:00+08:00,174.8454415604875,181.18904034726256,174.0524917121406,176.0348663330078,1422200,0.0,0.0
2015-09-01 00:00:00+08:00,175.63841950760056,179.99964437122046,174.84546953239695,177.2243194580078,1303403,0.0,0.0
2015-09-02 00:00:00+08:00,174.44896814536662,194.669189453125,171.27716872454175,194.669189453125,3255153,0.0,0.0
2015-09-03 00:00:00+08:00,200.61633276020538,202.99518255578093,195.06568323719574,195.462158203125,3798348,0.0,0.0
2015-09-04 00:00:00+08:00,195.46215632054714,200.21985586587485,183.1714324951172,183.1714324951172,2379722,0.0,0.0
2015-09-07 00:00:00+08:00,187.53264597842568,187.53264597842568,176.03487275776112,180.79257202148438,2006346,0.0,0.0
2015-09-08 00:00:00+08:00,180.79258988543256,195.06568908691406,179.99963992979468,195.06568908691406,2808111,0.0,0.0
2015-09-09 00:00:00+08:00,202.20222684680425,214.49295043945312,198.63395225539006,214.49295043945312,4712495,0.0,0.0
2015-09-10 00:00:00+08:00,212.90705117445725,212.90705117445725,202.2022273723896,206.16697692871094,2584350,0.0,0.0
2015-09-11 00:00:00+08:00,208.1493590797126,215.68238350354983,206.56345920101003,212.9070587158203,2503501,0.0,0.0
2015-09-14 00:00:00+08:00,218.06122559767502,219.25065046457144,205.37402701744665,206.16697692871094,2427813,0.0,0.0
2015-09-15 00:00:00+08:00,210.13175545486752,210.13175545486752,200.61635520785464,202.20225524902344,1950100,0.0,0.0
2015-09-16 00:00:00+08:00,206.16700535194548,206.56348036223767,201.80578023873124,202.20225524902344,1374510,0.0,0.0
2015-09-17 00:00:00+08:00,205.77049335994835,208.94229287224042,202.20221890861976,202.59869384765625,1416034,0.0,0.0
2015-09-18 00:00:00+08:00,204.58106340680806,208.1493377685547,202.2022138323103,208.1493377685547,1379568,0.0,0.0
2015-09-21 00:00:00+08:00,205.77050993598954,205.77050993598954,199.0304354294157,199.42691040039062,1280150,0.0,0.0
2015-09-22 00:00:00+08:00,201.0128185753832,205.3740434359931,196.25511872744514,197.8410186767578,1528025,0.0,0.0
2015-09-23 00:00:00+08:00,195.06568096530052,197.44453073317004,193.0833061587426,196.65158081054688,1095081,0.0,0.0
2015-09-24 00:00:00+08:00,199.03043236415954,199.82338229389723,179.60315908558619,185.15380859375,2314714,0.0,0.0
2015-09-25 00:00:00+08:00,187.13619522669325,190.70447013567681,183.5679203177097,189.51504516601562,1557616,0.0,0.0
2015-09-29 00:00:00+08:00,189.51504516601562,189.51504516601562,189.51504516601562,189.51504516601562,0,0.0,0.0
2015-09-30 00:00:00+08:00,185.5502986907959,190.30799865722656,185.15382369359335,190.30799865722656,957072,0.0,0.0
2015-10-01 00:00:00+08:00,193.08329114784817,208.54581343689557,193.08329114784817,204.9775390625,3548369,0.0,0.0
2015-10-02 00:00:00+08:00,203.78814823919606,205.77052322206762,199.42692327687863,200.61634826660156,1629076,0.0,0.0
2015-10-05 00:00:00+08:00,203.78815529019226,208.5458554136987,202.20225524902344,202.20225524902344,1789120,0.0,0.0
2015-10-06 00:00:00+08:00,206.959913714942,211.32113795031432,204.9775390625,204.9775390625,1931193,0.0,0.0
2015-10-07 00:00:00+08:00,206.95994567871094,207.75289566215426,200.21987081944258,206.95994567871094,1217269,0.0,0.0
2015-10-08 00:00:00+08:00,209.3387655414032,213.30351488877827,202.9951665856031,203.78811645507812,2198707,0.0,0.0
2015-10-12 00:00:00+08:00,211.7176312730706,212.90705616786315,206.56345672896964,208.9423065185547,1927297,0.0,0.0
2015-10-13 00:00:00+08:00,209.7352832099319,216.07888345824742,209.33880819441217,213.30355834960938,2690833,0.0,0.0
2015-10-14 00:00:00+08:00,213.70001448272063,213.70001448272063,206.56346483394702,207.35641479492188,1147036,0.0,0.0
2015-10-15 00:00:00+08:00,209.73523229061408,209.73523229061408,203.39163358239134,205.37400817871094,991684,0.0,0.0
2015-10-16 00:00:00+08:00,206.95991082624954,210.13171022588554,206.16696097634053,209.33876037597656,986421,0.0,0.0
2015-10-19 00:00:00+08:00,209.3387752199636,210.1317251260998,201.01280120553324,204.18460083007812,1245409,0.0,0.0
2015-10-20 00:00:00+08:00,205.37401619402814,206.95991593297816,202.5986916508656,203.78811645507812,631230,0.0,0.0
2015-10-21 00:00:00+08:00,205.37402568928246,208.54582531382738,204.18460083007812,204.18460083007812,902000,0.0,0.0
2015-10-22 00:00:00+08:00,204.18461844325066,206.9599433541298,202.59871849417686,202.9951934814453,549380,0.0,0.0
2015-10-23 00:00:00+08:00,207.35638277503057,211.71760688693368,205.37400817871094,205.37400817871094,1432040,0.0,0.0
2015-10-26 00:00:00+08:00,209.73526928579207,220.44009399414062,208.14936932899968,220.44009399414062,4318848,0.0,0.0
2015-10-27 00:00:00+08:00,220.44006964865696,220.44006964865696,210.92467095878686,211.71762084960938,2247716,0.0,0.0
2015-10-28 00:00:00+08:00,213.30352651513763,216.07885120957252,209.33877695165924,211.32115173339844,1652919,0.0,0.0
2015-10-29 00:00:00+08:00,215.6823758638822,218.06122559767502,206.16697692871094,206.16697692871094,2127130,0.0,0.0
2015-10-30 00:00:00+08:00,202.59871612791994,204.58109104110898,187.53266678768324,199.0304412841797,3970423,0.0,0.0
2015-11-02 00:00:00+08:00,198.63395561710482,201.0128053849743,194.66920600398893,196.65158081054688,1350465,0.0,0.0
2015-11-03 00:00:00+08:00,199.03040862130646,203.39163271460203,199.03040862130646,200.21983337402344,1104756,0.0,0.0
2015-11-04 00:00:00+08:00,201.40930522843905,204.58110531077665,201.01283021814683,202.20225524902344,1509248,0.0,0.0
2015-11-05 00:00:00+08:00,205.77049561748353,206.16697056086983,201.40927124023438,201.40927124023438,1173300,0.0,0.0
2015-11-06 00:00:00+08:00,203.78814107583338,203.78814107583338,197.04806637099063,199.0304412841797,827254,0.0,0.0
2015-11-09 00:00:00+08:00,200.61632080078124,201.4092706853693,195.06567160866476,196.25509643554688,674640,0.0,0.0
2015-11-10 00:00:00+08:00,195.06571464078974,199.82341499788217,195.06571464078974,197.44456481933594,383189,0.0,0.0
2015-11-11 00:00:00+08:00,197.4445510960225,198.2375011004242,187.92915104320215,189.1185760498047,1269840,0.0,0.0
2015-11-12 00:00:00+08:00,190.30796019498968,194.27270936571864,187.9291106925523,191.89385986328125,1328368,0.0,0.0
2015-11-13 00:00:00+08:00,191.89390106521063,193.47980107401403,186.34325103439875,189.1185760498047,1921110,0.0,0.0
2015-11-16 00:00:00+08:00,184.75732645978167,185.9467513082352,179.60315211648305,183.56790161132812,1399049,0.0,0.0
2015-11-17 00:00:00+08:00,186.73968351961716,188.72205807927338,184.75730895996094,184.75730895996094,1172324,0.0,0.0
2015-11-18 00:00:00+08:00,185.94673369575466,187.53263334347966,181.9819845764422,184.75730895996094,643533,0.0,0.0
2015-11-19 00:00:00+08:00,187.9291333478319,188.7220832775696,184.3608586640123,185.15380859375,669944,0.0,0.0
2015-11-20 00:00:00+08:00,185.5502858655206,187.1361857447131,183.96438598632812,183.96438598632812,385638,0.0,0.0
2015-11-23 00:00:00+08:00,185.5502858655206,185.5502858655206,181.5855361675394,183.96438598632812,676165,0.0,0.0
2015-11-24 00:00:00+08:00,181.58554188883275,183.56791680028292,172.86309227845214,173.2595672607422,1701560,0.0,0.0
2015-11-25 00:00:00+08:00,173.65605270351298,178.01727777140943,173.65605270351298,175.638427734375,895145,0.0,0.0
2015-11-26 00:00:00+08:00,177.62076750417594,181.9819917062874,175.63839286685254,178.01724243164062,1081500,0.0,0.0
2015-11-27 00:00:00+08:00,183.171440690886,186.3432405296892,181.189065791634,181.58554077148438,1411252,0.0,0.0
2015-11-30 00:00:00+08:00,181.98198420492452,182.7749340271682,176.43133544921875,176.43133544921875,690361,0.0,0.0
2015-12-01 00:00:00+08:00,177.62079097298036,182.7749657110356,177.22431599312995,181.58554077148438,977101,0.0,0.0
2015-12-02 00:00:00+08:00,183.9643918185764,183.9643918185764,178.4137420654297,178.4137420654297,838334,0.0,0.0
2015-12-03 00:00:00+08:00,179.20667226690998,185.55027128520766,175.2419228804739,180.79257202148438,1172100,0.0,0.0
2015-12-04 00:00:00+08:00,179.60314757677975,197.8409947920819,179.60314757677975,194.27272033691406,3585428,0.0,0.0
2015-12-07 00:00:00+08:00,196.65159254807693,197.44454251802887,189.9115178034856,190.7044677734375,1653200,0.0,0.0
2015-12-08 00:00:00+08:00,191.89387928952453,194.2727290327831,184.36085510253906,184.36085510253906,1125209,0.0,0.0
2015-12-09 00:00:00+08:00,185.94677514967574,186.3432501499949,181.1890751458461,181.98202514648438,921180,0.0,0.0
2015-12-10 00:00:00+08:00,179.20668634875068,184.75733592592437,176.82783652996196,183.96438598632812,853213,0.0,0.0
2015-12-11 00:00:00+08:00,183.9643855682791,187.13618531945636,172.07013650136452,173.65603637695312,1608595,0.0,0.0
2015-12-14 00:00:00+08:00,167.70889428397206,172.4665934125954,166.12299457443095,169.69126892089844,1028600,0.0,0.0
2015-12-15 00:00:00+08:00,173.25956014232327,174.05251007432474,171.27718531231957,171.6736602783203,529300,0.0,0.0
2015-12-16 00:00:00+08:00,174.44898986816406,176.43136475302956,172.86308996027165,174.44898986816406,781221,0.0,0.0
2015-12-17 00:00:00+08:00,177.62079326923077,181.5855431189904,176.4313683143029,180.3961181640625,1226259,0.0,0.0
2015-12-18 00:00:00+08:00,180.3961124704845,187.92913694727395,179.99963749802188,185.94676208496094,1577569,0.0,0.0
2015-12-21 00:00:00+08:00,183.17142799573068,188.32560237656293,182.77495304335898,185.55027770996094,958146,0.0,0.0
2015-12-22 00:00:00+08:00,188.7220722455006,188.7220722455006,182.7749481201172,182.7749481201172,654480,0.0,0.0
2015-12-23 00:00:00+08:00,184.75735014871833,187.53267515095231,181.98202514648438,181.98202514648438,918100,0.0,0.0
2015-12-24 00:00:00+08:00,184.7573429987981,185.55029296875,175.241943359375,175.241943359375,1217452,0.0,0.0
2015-12-25 00:00:00+08:00,177.22427533580137,179.20664978027344,175.24190089132932,179.20664978027344,465200,0.0,0.0
2015-12-28 00:00:00+08:00,179.6031347381935,180.792559471559,176.03486053809692,176.43133544921875,302134,0.0,0.0
2015-12-29 00:00:00+08:00,176.43134630968723,178.81019592285156,172.07012201888597,178.81019592285156,451158,0.0,0.0
2015-12-30 00:00:00+08:00,180.39609049891567,180.39609049891567,176.0348663330078,176.0348663330078,302002,0.0,0.0
2015-12-31 00:00:00+08:00,176.82784923458314,176.82784923458314,174.05252424659642,174.84547424316406,327100,0.0,0.0
2016-01-04 00:00:00+08:00,174.84546000632622,175.6384099383277,170.08776041431733,171.6736602783203,454020,0.0,0.0
2016-01-05 00:00:00+08:00,171.2771981615539,173.2595731402756,169.69129817857655,172.86309814453125,492905,0.0,0.0
2016-01-06 00:00:00+08:00,172.07012756054218,172.07012756054218,159.38292921506442,164.93357849121094,1661214,0.0,0.0
2016-01-07 00:00:00+08:00,162.55475624320434,165.72655636502296,148.67813071024787,153.83230590820312,1792488,0.0,0.0
2016-01-08 00:00:00+08:00,151.84991175333658,168.8983352661133,150.66048685709637,166.5194854736328,1753355,0.0,0.0
2016-01-11 00:00:00+08:00,166.51949368990387,176.03489332932693,164.93359375,175.241943359375,1869687,0.0,0.0
2016-01-12 00:00:00+08:00,175.2419481189973,175.2419481189973,169.69129817857655,172.86309814453125,1702500,0.0,0.0
2016-01-13 00:00:00+08:00,173.65602391106742,178.41372319630216,171.6736492088863,177.6207733154297,1450182,0.0,0.0
2016-01-14 00:00:00+08:00,172.86307797524637,184.75732645978167,171.67365312679283,183.56790161132812,2214438,0.0,0.0
2016-01-15 00:00:00+08:00,186.3432220050267,186.3432220050267,176.03487355368478,177.6207733154297,1177135,0.0,0.0
2016-01-18 00:00:00+08:00,173.2595596476847,185.15380859375,173.2595596476847,185.15380859375,1621510,0.0,0.0
2016-01-19 00:00:00+08:00,184.75731766550166,188.7220669716283,180.39609342876233,188.32559204101562,1626500,0.0,0.0
2016-01-20 00:00:00+08:00,186.34321590839886,189.911490255581,175.63839286685254,178.01724243164062,2960186,0.0,0.0
2016-01-21 00:00:00+08:00,180.39611697726778,181.58554192437066,175.63841718885632,178.4137420654297,1329015,0.0,0.0
2016-01-22 00:00:00+08:00,180.79259195963542,185.94676673041448,176.8278421359592,178.4137420654297,1179090,0.0,0.0
2016-01-25 00:00:00+08:00,181.5855351464223,188.72208456265724,181.5855351464223,187.1361846923828,1332102,0.0,0.0
2016-01-26 00:00:00+08:00,185.94676083531874,186.73971077491498,183.96438598632812,183.96438598632812,746460,0.0,0.0
2016-01-27 00:00:00+08:00,185.55027350478284,201.80574618362067,179.60314935398853,201.40927124023438,4267340,0.0,0.0
2016-01-28 00:00:00+08:00,201.40929579460757,212.11412057109263,200.21987081944258,206.95994567871094,5147069,0.0,0.0
2016-01-29 00:00:00+08:00,216.47530143679555,221.23300036947236,205.37400392721628,207.7528533935547,5358361,0.0,0.0
2016-02-01 00:00:00+08:00,217.66475103496387,223.61187538018146,210.9246767770506,211.32115173339844,3222580,0.0,0.0
2016-02-02 00:00:00+08:00,212.1140698117201,232.33428955078125,210.13169532749842,232.33428955078125,5074637,0.0,0.0
2016-02-03 00:00:00+08:00,230.3519504117198,232.3343252001167,220.4400764697353,221.62950134277344,3251592,0.0,0.0
2016-02-15 00:00:00+08:00,219.64714515400442,227.180169987806,218.45772018024627,222.42247009277344,1990428,0.0,0.0
2016-02-16 00:00:00+08:00,229.16256550645133,244.62509155273438,228.36961545279578,244.62509155273438,4102757,0.0,0.0
2016-02-17 00:00:00+08:00,246.6074295559445,246.6074295559445,234.7131805419922,234.7131805419922,3050672,0.0,0.0
2016-02-18 00:00:00+08:00,238.67793021330962,242.64267988462706,234.7131805419922,234.7131805419922,2334911,0.0,0.0
2016-02-19 00:00:00+08:00,233.920206739413,248.98625395313792,233.12725688605906,239.47085571289062,3266092,0.0,0.0
2016-02-22 00:00:00+08:00,243.43563488729637,250.57218444425294,239.8673601088181,242.64268493652344,2176758,0.0,0.0
2016-02-23 00:00:00+08:00,245.41800976422877,247.00390966577467,238.2814602072722,242.64268493652344,1566931,0.0,0.0
2016-02-24 00:00:00+08:00,246.21092804939516,255.72632623487902,242.6426537298387,245.814453125,3774923,0.0,0.0
2016-02-25 00:00:00+08:00,250.17572878859332,250.5722037945974,243.03917868051934,243.43565368652344,1571227,0.0,0.0
2016-02-26 00:00:00+08:00,245.81448240202616,247.0039073168747,237.88498296970275,243.8321075439453,1106522,0.0,0.0
2016-03-01 00:00:00+08:00,244.22855342741937,248.9862525201613,241.84970388104838,245.814453125,1046743,0.0,0.0
2016-03-02 00:00:00+08:00,247.0038896085375,250.96863904045622,244.22856500619437,245.02151489257812,1091759,0.0,0.0
2016-03-03 00:00:00+08:00,245.02155371053988,248.19335375857275,240.66032864449468,243.43565368652344,1145650,0.0,0.0
2016-03-04 00:00:00+08:00,242.6427124636856,243.0391874840511,233.92026201564462,236.69558715820312,1767782,0.0,0.0
2016-03-07 00:00:00+08:00,233.92022735443877,240.66030170193952,233.12727743120337,239.07440185546875,1396517,0.0,0.0
2016-03-08 00:00:00+08:00,239.07436922281096,241.45321866781404,230.3519212577996,240.2637939453125,1621814,0.0,0.0
2016-03-09 00:00:00+08:00,241.05675421308533,264.05229984525465,240.66027928839276,262.4664001464844,5069736,0.0,0.0
2016-03-10 00:00:00+08:00,256.9158103421608,260.4840854858019,252.55458516659942,255.3299102783203,2674335,0.0,0.0
2016-03-11 00:00:00+08:00,253.7440204326923,260.88057100736177,252.55459533691408,257.7087707519531,1704930,0.0,0.0
2016-03-14 00:00:00+08:00,260.0875856282075,276.7395347080622,258.5016857158403,270.39593505859375,4127740,0.0,0.0
2016-03-15 00:00:00+08:00,270.3959446272712,270.3959446272712,258.8981698557304,260.48406982421875,2038964,0.0,0.0
2016-03-16 00:00:00+08:00,262.46645666224356,267.22415678300933,258.50170656160543,259.6911315917969,911791,0.0,0.0
2016-03-17 00:00:00+08:00,261.67349008413464,263.65586500901446,246.6074406550481,247.400390625,2097331,0.0,0.0
2016-03-18 00:00:00+08:00,247.40034011314654,252.95098876953122,247.40034011314654,252.95098876953125,1089829,0.0,0.0
2016-03-21 00:00:00+08:00,253.34744016885034,261.6734123809722,248.19326689467968,260.8804626464844,1446767,0.0,0.0
2016-03-22 00:00:00+08:00,261.6734709563079,261.6734709563079,253.74397183641975,256.915771484375,931502,0.0,0.0
2016-03-23 00:00:00+08:00,258.5015985165922,258.5015985165922,247.79677771912597,248.19325256347656,1259259,0.0,0.0
2016-03-24 00:00:00+08:00,246.60740297379033,252.55452683971774,242.24617880544355,245.814453125,1311547,0.0,0.0
2016-03-25 00:00:00+08:00,246.21091435546873,251.3650880859375,245.0214896484375,247.79681396484375,627303,0.0,0.0
2016-03-28 00:00:00+08:00,250.17574192832316,250.17574192832316,241.84976636494,244.62509155273438,836060,0.0,0.0
2016-03-29 00:00:00+08:00,244.62501792781816,250.5721415403259,239.47084413031146,240.2637939453125,1259408,0.0,0.0
2016-03-30 00:00:00+08:00,243.43563394410916,253.743983264218,241.0567841010071,250.96865844726562,1317287,0.0,0.0
2016-03-31 00:00:00+08:00,254.53688838564116,256.1227880017511,250.57213934536637,252.95098876953125,1058140,0.0,0.0
2016-04-01 00:00:00+08:00,251.36506257057192,254.14038660526276,249.77916312217712,253.74391174316406,630838,0.0,0.0
2016-04-06 00:00:00+08:00,253.7440155773628,262.8629411371743,248.58984026094762,260.0876159667969,1293504,0.0,0.0
2016-04-07 00:00:00+08:00,262.06992306816846,268.01704688968516,258.5016487752585,263.65582275390625,3030130,0.0,0.0
2016-04-08 00:00:00+08:00,266.0346917545094,279.11836511948525,265.6382168040556,269.60296630859375,3380047,0.0,0.0
2016-04-11 00:00:00+08:00,272.7747944846082,273.5677444685751,265.63824462890625,265.63824462890625,1046251,0.0,0.0
2016-04-12 00:00:00+08:00,265.6381576061249,268.8099565029144,250.57211284637452,253.74391174316406,1481314,0.0,0.0
2016-04-13 00:00:00+08:00,256.1227722167969,261.2769456515002,253.7439229392415,256.1227722167969,949400,0.0,0.0
2016-04-14 00:00:00+08:00,259.29459233949024,269.2064651353423,258.501642515822,267.2240905761719,1215441,0.0,0.0
2016-04-15 00:00:00+08:00,267.22413532064974,279.1183846672662,267.22413532064974,275.55010986328125,2170221,0.0,0.0
2016-04-18 00:00:00+08:00,275.5501262119838,285.4620012555804,271.58537619454523,277.5325012207031,1106868,0.0,0.0
2016-04-19 00:00:00+08:00,279.9113417207525,287.4443664979399,276.7395418145683,282.2901916503906,1633542,0.0,0.0
2016-04-20 00:00:00+08:00,282.2901606089056,289.0302346683879,272.37828699201987,277.135986328125,1420699,0.0,0.0
2016-04-21 00:00:00+08:00,279.1183776855469,281.4972274953669,272.77477819269353,279.1183776855469,1113218,0.0,0.0
2016-04-22 00:00:00+08:00,279.9112756492118,279.9112756492118,266.0346543351574,268.01702880859375,1307625,0.0,0.0
2016-04-25 00:00:00+08:00,269.60298738680086,269.60298738680086,262.0699627392285,264.0523376464844,881510,0.0,0.0
2016-04-26 00:00:00+08:00,266.4311946128731,275.5501194284923,265.63824462890625,265.63824462890625,1471022,0.0,0.0
2016-04-27 00:00:00+08:00,262.46644005408655,263.25939002403845,243.4356407752404,247.400390625,3845508,0.0,0.0
2016-04-28 00:00:00+08:00,249.77929040005333,250.57224052830747,237.88503847624128,241.0568389892578,2526956,0.0,0.0
2016-04-29 00:00:00+08:00,243.43567560831704,247.40042602539063,236.29912485758462,237.88502502441406,3338337,0.0,0.0
2016-05-03 00:00:00+08:00,241.0567365788431,252.15803365813193,240.6602616831542,250.1756591796875,2803701,0.0,0.0
2016-05-04 00:00:00+08:00,250.1756634260172,259.2945861816406,247.0038642066699,259.2945861816406,2716746,0.0,0.0
2016-05-05 00:00:00+08:00,257.708660364151,258.89808495044707,250.57211284637452,253.74391174316406,1450166,0.0,0.0
2016-05-06 00:00:00+08:00,253.74395461309524,254.14042954217823,248.9862554640997,249.77920532226562,892901,0.0,0.0
2016-05-09 00:00:00+08:00,253.74395161290323,256.51927608366935,241.05675403225808,245.814453125,1080312,0.0,0.0
2016-05-10 00:00:00+08:00,245.8145098952773,255.72638529428042,242.2462347516362,255.3299102783203,1162608,0.0,0.0
2016-05-11 00:00:00+08:00,256.1228011592742,256.91575100806455,245.02150327620967,245.814453125,1126107,0.0,0.0
2016-05-12 00:00:00+08:00,242.64264230022857,247.79681607457985,241.05674267735128,246.60739135742188,1245117,0.0,0.0
2016-05-13 00:00:00+08:00,243.03914783242934,243.43562278811032,225.990724738148,238.2814483642578,3456150,0.0,0.0
2016-05-16 00:00:00+08:00,237.88496894145132,245.4179929579306,232.33431966615078,240.66029357910156,948709,0.0,0.0
2016-05-17 00:00:00+08:00,245.02150327620967,247.40035282258066,241.45322895665322,245.814453125,981250,0.0,0.0
2016-05-18 00:00:00+08:00,243.0391821427779,248.19335729425603,241.05680708451706,244.22860717773438,595485,0.0,0.0
2016-05-19 00:00:00+08:00,247.796915079418,247.796915079418,241.0568389892578,241.0568389892578,545050,0.0,0.0
2016-05-20 00:00:00+08:00,240.26385363849056,245.02155371053988,235.50615356644124,243.43565368652344,914380,0.0,0.0
2016-05-23 00:00:00+08:00,245.41796459699626,261.2769606937327,243.43559008490422,259.2945861816406,1732683,0.0,0.0
2016-05-24 00:00:00+08:00,258.8981123299434,258.8981123299434,252.55451386550376,252.95098876953125,629336,0.0,0.0
2016-05-25 00:00:00+08:00,256.12283075680523,260.08758045892296,252.1580810546875,252.1580810546875,828380,0.0,0.0
2016-05-26 00:00:00+08:00,252.1581101506393,256.5193353262007,250.96868510275894,255.3299102783203,720871,0.0,0.0
2016-05-27 00:00:00+08:00,257.31230843611587,257.31230843611587,251.76165771484375,251.76165771484375,412501,0.0,0.0
2016-05-30 00:00:00+08:00,251.7615374326706,254.53686146736146,251.7615374326706,253.74391174316406,476040,0.0,0.0
2016-05-31 00:00:00+08:00,255.32981450506983,262.46636211545996,255.32981450506983,260.8804626464844,1417270,0.0,0.0
2016-06-01 00:00:00+08:00,260.0875129119966,263.2593118499478,257.7086637085332,260.8804626464844,811130,0.0,0.0
2016-06-02 00:00:00+08:00,260.88050859053055,260.88050859053055,252.15805997504168,252.55453491210938,680428,0.0,0.0
2016-06-03 00:00:00+08:00,254.5369332119187,254.93340818576903,245.0215338395105,250.96865844726562,671606,0.0,0.0
2016-06-06 00:00:00+08:00,252.1580613751278,255.7263358285494,248.98626186097525,254.5369110107422,555500,0.0,0.0
2016-06-07 00:00:00+08:00,254.5369110107422,254.5369110107422,254.5369110107422,254.5369110107422,0,0.0,0.0
2016-06-08 00:00:00+08:00,258.10513522624973,259.2945598125458,253.74391174316406,253.74391174316406,853326,0.0,0.0
2016-06-13 00:00:00+08:00,249.77924646956197,250.57219645835423,246.60744651439293,247.00392150878906,682000,0.0,0.0
2016-06-14 00:00:00+08:00,246.2109795099572,251.76162961163098,245.8145045026948,250.57220458984375,332163,0.0,0.0
2016-06-15 00:00:00+08:00,250.57218117384042,252.1580810546875,248.9862812929933,252.1580810546875,126419,0.0,0.0
2016-06-16 00:00:00+08:00,252.5545796261558,252.5545796261558,248.58982955353167,250.57220458984375,180161,0.0,0.0
2016-06-17 00:00:00+08:00,252.9510261280927,252.9510261280927,249.38275146484375,249.38275146484375,228100,0.0,0.0
2016-06-20 00:00:00+08:00,250.968681370393,260.8805566219883,250.5722063603292,259.6911315917969,1072554,0.0,0.0
2016-06-21 00:00:00+08:00,261.6734576557958,266.4311568859012,255.7263336181641,255.72633361816406,1550134,0.0,0.0
2016-06-22 00:00:00+08:00,257.7086637085332,262.0698872482161,254.93333963782592,260.8804626464844,701300,0.0,0.0
2016-06-23 00:00:00+08:00,260.8805509243931,262.0699759286077,254.9334259033203,254.9334259033203,745913,0.0,0.0
2016-06-24 00:00:00+08:00,255.7264019012451,256.5193519846598,235.50617477416992,237.88502502441406,1447457,0.0,0.0
2016-06-27 00:00:00+08:00,235.50617074420137,243.43567144265933,235.50617074420137,242.24624633789062,892465,0.0,0.0
2016-06-28 00:00:00+08:00,240.26387116327615,244.22862151250513,237.09207088389297,242.24624633789062,623818,0.0,0.0
2016-06-29 00:00:00+08:00,244.6250168288252,248.98624079173783,244.6250168288252,246.60739135742188,911050,0.0,0.0
2016-06-30 00:00:00+08:00,248.98630980449633,248.98630980449633,243.0391845703125,243.0391845703125,876682,0.0,0.0
2016-07-01 00:00:00+08:00,244.22859667168288,245.41802165547355,240.263846725714,241.84974670410156,836040,0.0,0.0
2016-07-04 00:00:00+08:00,241.84977544148762,241.84977544148762,235.50617477416992,237.88502502441406,1627580,0.0,0.0
2016-07-05 00:00:00+08:00,232.3343112907282,237.09201049804688,230.3519366210121,237.09201049804688,1269200,0.0,0.0
2016-07-06 00:00:00+08:00,237.09203515665757,237.48851013183594,232.33433545451732,237.48851013183594,1037020,0.0,0.0
2016-07-07 00:00:00+08:00,238.67792293003626,240.2638227501694,233.1272735595703,233.1272735595703,1186260,0.0,0.0
2016-07-08 00:00:00+08:00,233.1272735595703,233.1272735595703,233.1272735595703,233.1272735595703,0,0.0,0.0
2016-07-11 00:00:00+08:00,233.9201891381586,234.71313893184728,227.5765907886492,232.33428955078125,1329485,0.0,0.0
2016-07-12 00:00:00+08:00,231.93785927512428,236.29908397944286,229.1625344632852,235.50613403320312,1270829,0.0,0.0
2016-07-13 00:00:00+08:00,235.5060950553063,241.45321866781404,233.12724561030322,240.2637939453125,1169620,0.0,0.0
2016-07-14 00:00:00+08:00,237.4884984528959,240.26382314266263,237.09202349721494,238.2814483642578,529561,0.0,0.0
2016-07-15 00:00:00+08:00,240.6603320728649,246.2109822359952,240.26385706121272,244.22860717773438,950284,0.0,0.0
2016-07-18 00:00:00+08:00,246.60745724764737,246.60745724764737,243.43565715443003,244.22860717773438,460799,0.0,0.0
2016-07-19 00:00:00+08:00,246.6074717220425,248.1933718617341,242.24624633789062,242.24624633789062,359000,0.0,0.0
2016-07-20 00:00:00+08:00,241.05677305402455,245.4179975665151,237.88497340857685,238.2814483642578,867628,0.0,0.0
2016-07-21 00:00:00+08:00,240.6602935791016,245.02151800969486,240.2638186308658,240.66029357910156,1000398,0.0,0.0
2016-07-22 00:00:00+08:00,242.2461969785894,242.2461969785894,239.47087229962028,241.4532470703125,471166,0.0,0.0
2016-07-25 00:00:00+08:00,241.05676715635383,244.2285667242006,236.69554275056453,238.67791748046875,708051,0.0,0.0
2016-07-26 00:00:00+08:00,238.67797510782876,240.2638752746582,237.09207494099934,237.88502502441406,1175736,0.0,0.0
2016-07-27 00:00:00+08:00,241.05678727322777,249.77923681271955,236.29908752441406,236.29908752441406,3232327,0.0,0.0
2016-07-28 00:00:00+08:00,237.88498242696124,238.28145739767285,228.3695831298828,228.3695831298828,3478813,0.0,0.0
2016-07-29 00:00:00+08:00,225.99076153111542,227.1801865918055,222.8189613692752,224.4048614501953,2498881,0.0,0.0
2016-08-01 00:00:00+08:00,225.59425833490158,230.35195798344083,225.59425833490158,228.3695831298828,944745,0.0,0.0
2016-08-02 00:00:00+08:00,229.9555374404131,234.71323821504237,228.36963718220338,233.9202880859375,947264,0.0,0.0
2016-08-03 00:00:00+08:00,231.93785680483467,235.10965655601188,231.14490686704036,231.5413818359375,657496,0.0,0.0
2016-08-04 00:00:00+08:00,234.71318408696337,238.2814588450422,232.33433424824415,235.50613403320312,1083195,0.0,0.0
2016-08-05 00:00:00+08:00,236.6955530759667,239.470877818901,235.90260314941406,235.90260314941406,877906,0.0,0.0
2016-08-08 00:00:00+08:00,237.88501221929963,238.67796226003063,235.10968707674112,236.69558715820312,574720,0.0,0.0
2016-08-09 00:00:00+08:00,230.74844125600964,235.1096660907452,230.35196627103366,231.9378662109375,1057313,0.0,0.0
2016-08-10 00:00:00+08:00,234.71323821504237,236.2991384732521,232.7308628922802,233.9202880859375,664791,0.0,0.0
2016-08-11 00:00:00+08:00,235.50618834414723,235.50618834414723,231.14496263407042,233.9202880859375,509574,0.0,0.0
2016-08-12 00:00:00+08:00,234.71318993399558,237.09203983197526,234.71318993399558,235.1096649169922,406480,0.0,0.0
2016-08-15 00:00:00+08:00,233.92027460734047,239.86740023295084,233.92027460734047,237.88502502441406,567310,0.0,0.0
2016-08-16 00:00:00+08:00,239.86734368263006,243.83209316498758,238.67791883792282,240.66029357910156,890389,0.0,0.0
2016-08-17 00:00:00+08:00,241.84978911751196,245.41806469465558,240.2638888610037,241.0568389892578,593727,0.0,0.0
2016-08-18 00:00:00+08:00,241.84969357531455,242.64264339031558,236.69551977780785,240.2637939453125,490950,0.0,0.0
2016-08-19 00:00:00+08:00,240.2638888610037,243.03921430989317,240.2638888610037,241.0568389892578,388695,0.0,0.0
2016-08-22 00:00:00+08:00,241.0568389892578,245.81453975878264,241.0568389892578,241.0568389892578,964354,0.0,0.0
2016-08-23 00:00:00+08:00,245.8451299208709,247.05420433031782,243.02395629882812,243.02395629882812,662025,4.940496,0.0
2016-08-24 00:00:00+08:00,245.0390393624898,247.86021251304476,242.62089094772838,246.65113830566406,495000,0.0,0.0
2016-08-25 00:00:00+08:00,246.65112872224842,249.06927704305477,245.44205456184523,247.0541534423828,249146,0.0,0.0
2016-08-26 00:00:00+08:00,246.24813602497053,249.06930943278525,245.84511125242557,248.2632598876953,341612,0.0,0.0
2016-08-29 00:00:00+08:00,249.0692901611328,252.29348809202125,247.86021593704965,249.0692901611328,927208,0.0,0.0
2016-08-30 00:00:00+08:00,250.27836438521598,250.68138912657702,248.26324067841068,249.0692901611328,491583,0.0,0.0
2016-08-31 00:00:00+08:00,249.0692901611328,252.29348809202125,248.66626541977175,249.0692901611328,740000,0.0,0.0
2016-09-01 00:00:00+08:00,250.6813677734375,256.323713671875,250.6813677734375,251.89044189453125,1104517,0.0,0.0
2016-09-02 00:00:00+08:00,253.09955482482908,259.5479511260986,250.27838144302368,257.93585205078125,1215198,0.0,0.0
2016-09-05 00:00:00+08:00,261.9661091701671,275.6689518036835,259.1449356867961,272.8477783203125,2200520,0.0,0.0
2016-09-06 00:00:00+08:00,274.056755199767,276.4749030397649,270.0265087997704,275.6688537597656,1240981,0.0,0.0
2016-09-07 00:00:00+08:00,276.87794682567073,278.08702082927624,272.44467547911705,274.8628234863281,749789,0.0,0.0
2016-09-08 00:00:00+08:00,278.087034267109,278.49005895445265,273.2507380189854,276.8779602050781,580705,0.0,0.0
2016-09-09 00:00:00+08:00,276.07198322353076,276.07198322353076,268.0114873629897,270.026611328125,571743,0.0,0.0
2016-09-12 00:00:00+08:00,265.19029490152997,270.8326416015625,265.19029490152997,270.8326416015625,377044,0.0,0.0
2016-09-13 00:00:00+08:00,272.8477157082601,274.86283916253086,263.98117250946876,265.19024658203125,671278,0.0,0.0
2016-09-14 00:00:00+08:00,266.80238906146894,269.2205376028116,265.1902900339072,267.2054138183594,347772,0.0,0.0
2016-09-19 00:00:00+08:00,270.02659065778863,277.6840611391289,270.02659065778863,277.2810363769531,722332,0.0,0.0
2016-09-20 00:00:00+08:00,278.0870906863592,283.72943745390853,273.25079345703125,273.25079345703125,845036,0.0,0.0
2016-09-21 00:00:00+08:00,275.2659156629774,276.47498996310765,272.0417175292969,272.0417175292969,343002,0.0,0.0
2016-09-22 00:00:00+08:00,274.8628925334739,277.6840659172486,271.23566961147793,273.25079345703125,441032,0.0,0.0
2016-09-23 00:00:00+08:00,273.25077081787833,275.2658944964763,271.23564713928045,271.638671875,341086,0.0,0.0
2016-09-26 00:00:00+08:00,269.2205893275249,270.8326886648155,265.19034098429853,267.6084899902344,343491,0.0,0.0
2016-09-27 00:00:00+08:00,267.6084899902344,267.6084899902344,267.6084899902344,267.6084899902344,0,0.0,0.0
2016-09-28 00:00:00+08:00,267.6084899902344,267.6084899902344,267.6084899902344,267.6084899902344,0,0.0,0.0
2016-09-29 00:00:00+08:00,268.4144960403442,268.4144960403442,255.1146786689758,257.93585205078125,951918,0.0,0.0
2016-09-30 00:00:00+08:00,255.5176827157607,261.16002902178695,255.5176827157607,257.5328063964844,512860,0.0,0.0
2016-10-03 00:00:00+08:00,258.7418857150608,263.1751579002098,258.7418857150608,261.1600341796875,337470,0.0,0.0
2016-10-04 00:00:00+08:00,259.95098231028925,263.1751805404944,259.95098231028925,262.77215576171875,232188,0.0,0.0
2016-10-05 00:00:00+08:00,263.1751725266619,267.20542019169505,263.1751725266619,264.3842468261719,487200,0.0,0.0
2016-10-06 00:00:00+08:00,264.3842127403846,264.3842127403846,260.75699030949517,261.966064453125,475400,0.0,0.0
2016-10-07 00:00:00+08:00,261.966064453125,263.1751385967548,260.75699030949517,261.966064453125,164500,0.0,0.0
2016-10-11 00:00:00+08:00,261.9661014245716,266.8023986816406,257.93585371034743,266.8023986816406,667736,0.0,0.0
2016-10-12 00:00:00+08:00,264.38425487682133,266.8024035494752,260.7570318678405,262.77215576171875,222120,0.0,0.0
2016-10-13 00:00:00+08:00,264.3842451904671,266.80239377452625,261.5630718423981,263.1751708984375,369000,0.0,0.0
2016-10-14 00:00:00+08:00,262.77212350430955,262.77212350430955,257.5328020233954,261.56304931640625,362071,0.0,0.0
2016-10-17 00:00:00+08:00,262.7721509206721,263.9812252347243,255.92072980770982,259.1449279785156,387428,0.0,0.0
2016-10-18 00:00:00+08:00,260.3540006637573,260.75702543258666,257.5328272819519,257.93585205078125,125221,0.0,0.0
2016-10-19 00:00:00+08:00,257.9358536644634,263.9812252347243,257.9358536644634,259.1449279785156,353500,0.0,0.0
2016-10-20 00:00:00+08:00,260.3539502917814,265.99629596373956,260.3539502917814,265.19024658203125,417409,0.0,0.0
2016-10-21 00:00:00+08:00,262.7721433764827,282.11733184591696,262.7721433764827,276.07196044921875,2118222,0.0,0.0
2016-10-24 00:00:00+08:00,274.05685736208545,279.6992044254225,274.05685736208545,276.4750061035156,872030,0.0,0.0
2016-10-25 00:00:00+08:00,278.4901155447173,285.7445613910341,278.4901155447173,280.90826416015625,1522040,0.0,0.0
2016-10-26 00:00:00+08:00,278.89313142195994,296.626220703125,278.89313142195994,296.626220703125,2465696,0.0,0.0
2016-10-27 00:00:00+08:00,296.6262368003091,298.23833591335426,289.37179079160586,293.40203857421875,1339050,0.0,0.0
2016-10-28 00:00:00+08:00,294.2081637342437,297.43236278886553,286.95371586134456,287.759765625,813290,0.0,0.0
2016-10-31 00:00:00+08:00,289.3717714033382,291.78991991088697,279.699177373143,286.55059814453125,891638,0.0,0.0
2016-11-01 00:00:00+08:00,286.550578969391,289.37175203941314,283.7294058993688,287.35662841796875,378012,0.0,0.0
2016-11-02 00:00:00+08:00,286.5505990022738,286.5505990022738,271.6386831610866,272.4447326660156,1263605,0.0,0.0
2016-11-03 00:00:00+08:00,272.4447454815545,276.47499319577867,261.9661014245716,266.8023986816406,1243374,0.0,0.0
2016-11-04 00:00:00+08:00,264.3842642257463,270.42963612115204,257.9358675373134,270.026611328125,952329,0.0,0.0
2016-11-07 00:00:00+08:00,270.8326836947737,280.5052795410156,270.8326836947737,280.5052795410156,778187,0.0,0.0
2016-11-08 00:00:00+08:00,280.1022547140889,281.7143540217958,276.47503127174815,280.5052795410156,615300,0.0,0.0
2016-11-09 00:00:00+08:00,278.8931435032895,279.2961682771382,258.74190481085526,260.35400390625,1713846,0.0,0.0
2016-11-10 00:00:00+08:00,268.4145024838655,278.8931467249773,265.9963538128397,278.08709716796875,1077050,0.0,0.0
2016-11-11 00:00:00+08:00,273.25073635078473,274.0567857205511,268.01141544730365,269.2204895019531,544600,0.0,0.0
2016-11-14 00:00:00+08:00,266.8023413926541,272.04166229613526,261.15999580428985,269.2204895019531,602400,0.0,0.0
2016-11-15 00:00:00+08:00,266.3993206545937,269.6235181814269,263.1751231277605,265.19024658203125,564765,0.0,0.0
2016-11-16 00:00:00+08:00,268.4144441088645,270.026542872281,264.38419720032294,265.19024658203125,441110,0.0,0.0
2016-11-17 00:00:00+08:00,263.17518833051736,268.8175354003906,261.1600643769912,268.8175354003906,335295,0.0,0.0
2016-11-18 00:00:00+08:00,266.80231167977314,276.07187839976524,266.80231167977314,275.6688537597656,768100,0.0,0.0
2016-11-21 00:00:00+08:00,273.25080623598785,280.1022276312855,272.84778144802914,275.26593017578125,848150,0.0,0.0
2016-11-22 00:00:00+08:00,277.2810509370384,284.5354970371353,271.2356791869576,272.8477783203125,1429045,0.0,0.0
2016-11-23 00:00:00+08:00,276.47500801655787,276.47500801655787,269.62358653509796,270.026611328125,581445,0.0,0.0
2016-11-24 00:00:00+08:00,269.22058251007127,273.25083075123996,268.41453286183753,270.4296569824219,324000,0.0,0.0
2016-11-25 00:00:00+08:00,270.4296569824219,273.25083075123996,270.4296569824219,270.4296569824219,163604,0.0,0.0
2016-11-28 00:00:00+08:00,270.4296154199645,278.89313542565634,270.4296154199645,277.2810363769531,640446,0.0,0.0
2016-11-29 00:00:00+08:00,276.4749801906608,278.8931287054479,272.4447326660156,272.4447326660156,652790,0.0,0.0
2016-11-30 00:00:00+08:00,273.2508112325002,276.4750095951256,270.02661286987484,271.2356872558594,310110,0.0,0.0
2016-12-01 00:00:00+08:00,271.23567611600726,271.63870089478286,259.5479575315136,262.77215576171875,1148193,0.0,0.0
2016-12-02 00:00:00+08:00,257.9358692658253,257.9358692658253,248.26327416835687,251.4874725341797,1711659,0.0,0.0
2016-12-05 00:00:00+08:00,252.2935211567939,257.12981868695607,249.47234759753263,254.711669921875,714400,0.0,0.0
2016-12-06 00:00:00+08:00,257.1297625513419,259.1448860823085,254.71161431418196,258.3388366699219,458140,0.0,0.0
2016-12-07 00:00:00+08:00,262.7721061123256,265.99630373333576,261.96605670707305,263.5781555175781,799400,0.0,0.0
2016-12-08 00:00:00+08:00,265.1903758715558,266.80247542092695,262.36920166015625,262.36920166015625,384595,0.0,0.0
2016-12-09 00:00:00+08:00,263.1751527025107,263.57817743865536,256.3237321880502,257.5328063964844,568718,0.0,0.0
2016-12-12 00:00:00+08:00,257.9358692658253,258.741918857281,251.4874725341797,251.4874725341797,557740,0.0,0.0
2016-12-13 00:00:00+08:00,251.4874612986083,253.09956040949683,248.26326307683127,250.68141174316406,816404,0.0,0.0
2016-12-14 00:00:00+08:00,251.48746848791933,253.09956764489317,246.6511710169978,252.29351806640625,1485420,0.0,0.0
2016-12-15 00:00:00+08:00,250.6814189094324,253.50259243413663,248.6662949632151,252.29351806640625,602250,0.0,0.0
2016-12-16 00:00:00+08:00,252.29352212563538,256.7267948786417,251.4874725341797,251.4874725341797,549993,0.0,0.0
2016-12-19 00:00:00+08:00,251.0844341077303,254.71165707236844,251.0844341077303,252.696533203125,259200,0.0,0.0
2016-12-20 00:00:00+08:00,252.6965428556497,254.711666801867,252.29351806640625,252.29351806640625,188200,0.0,0.0
2016-12-21 00:00:00+08:00,253.50259651281894,255.11469569573035,251.4874725341797,251.4874725341797,228800,0.0,0.0
2016-12-22 00:00:00+08:00,251.48747962903064,253.50260366451968,250.27840520773722,253.09957885742188,205284,0.0,0.0
2016-12-23 00:00:00+08:00,253.09951628896752,254.30859041136705,248.66624450683594,248.66624450683594,337351,0.0,0.0
2016-12-26 00:00:00+08:00,248.6662878545534,250.68141174316403,244.63604007733213,250.68141174316406,358125,0.0,0.0
2016-12-27 00:00:00+08:00,252.2935307377303,255.11470440412663,251.8905059282451,254.30865478515625,368400,0.0,0.0
2016-12-28 00:00:00+08:00,254.71166186062794,257.1298105491782,254.3086370792029,256.3237609863281,394200,0.0,0.0
2016-12-29 00:00:00+08:00,256.3237609863281,257.1298105491782,255.114686642053,256.3237609863281,245500,0.0,0.0
2016-12-30 00:00:00+08:00,256.3237609863281,259.9509840191535,256.3237609863281,256.3237609863281,409745,0.0,0.0
2017-01-03 00:00:00+08:00,257.93587807052296,257.93587807052296,253.90562997567105,254.30865478515625,175135,0.0,0.0
2017-01-04 00:00:00+08:00,254.71167959464142,256.7268036420674,254.30865478515625,254.30865478515625,183281,0.0,0.0
2017-01-05 00:00:00+08:00,254.71163324347125,257.5328063964844,253.9055837711818,257.5328063964844,234250,0.0,0.0
2017-01-06 00:00:00+08:00,260.3539655949519,265.5932868840144,260.3539655949519,261.966064453125,1060920,0.0,0.0
2017-01-09 00:00:00+08:00,263.57821216522314,263.9812369544666,251.8904932771628,252.29351806640625,637095,0.0,0.0
2017-01-10 00:00:00+08:00,252.2934666015625,254.30859013671875,249.0692689453125,251.89044189453125,246880,0.0,0.0
2017-01-11 00:00:00+08:00,252.29347050209105,256.32371763471235,249.8753222225183,251.0843963623047,371200,0.0,0.0
2017-01-12 00:00:00+08:00,249.875318359375,253.50254072265625,249.875318359375,251.89044189453125,233818,0.0,0.0
2017-01-13 00:00:00+08:00,251.89044578882894,251.89044578882894,249.47229750925618,251.0843963623047,144315,0.0,0.0
2017-01-16 00:00:00+08:00,251.08440064372672,251.08440064372672,246.24810400211402,247.0541534423828,566050,0.0,0.0
2017-01-17 00:00:00+08:00,247.4572103426054,249.4723342053302,247.05418557006044,248.2632598876953,301030,0.0,0.0
2017-01-18 00:00:00+08:00,252.2934744277438,252.69649914727694,249.06927667147872,250.27835083007812,703502,0.0,0.0
2017-01-19 00:00:00+08:00,249.06931975245857,253.50259243413663,249.06931975245857,252.29351806640625,685394,0.0,0.0
2017-01-20 00:00:00+08:00,250.27838456003292,255.1146818462171,249.87535978618422,252.696533203125,891001,0.0,0.0
2017-01-23 00:00:00+08:00,253.9056011404525,256.72677448645754,251.89047732187748,255.5177001953125,593132,0.0,0.0
2017-01-24 00:00:00+08:00,256.7268000063689,262.77217206303374,255.5177255950359,259.5479736328125,1190340,0.0,0.0
2017-02-02 00:00:00+08:00,263.9812316894531,267.2054299390953,262.77215734583734,263.9812316894531,1198967,0.0,0.0
2017-02-03 00:00:00+08:00,265.9964256462414,268.8175998576409,261.1601269981279,262.36920166015625,683435,0.0,0.0
2017-02-06 00:00:00+08:00,264.7872874933383,272.44475851673775,264.7872874933383,268.8175354003906,1369100,0.0,0.0
2017-02-07 00:00:00+08:00,272.44470636407897,272.44470636407897,267.60840980140296,268.4144592285156,464280,0.0,0.0
2017-02-08 00:00:00+08:00,268.4144441088645,269.6235181814269,263.1751231277605,265.19024658203125,509250,0.0,0.0
2017-02-09 00:00:00+08:00,269.6235687907149,271.63869262323146,263.98122205966854,264.3842468261719,1094051,0.0,0.0
2017-02-10 00:00:00+08:00,269.6235200590517,271.63864352735555,265.99629781610486,266.3993225097656,960549,0.0,0.0
2017-02-13 00:00:00+08:00,266.39936137904783,273.65380692340915,266.39936137904783,272.4447326660156,817100,0.0,0.0
2017-02-14 00:00:00+08:00,279.29612649453657,280.50520063520554,268.4144592285156,268.4144592285156,1283630,0.0,0.0
2017-02-15 00:00:00+08:00,269.62353336918466,271.6386569369663,268.0114345149593,268.4144592285156,574029,0.0,0.0
2017-02-16 00:00:00+08:00,269.6235900600207,270.4296396566127,263.5782180855808,264.78729248046875,471204,0.0,0.0
2017-02-17 00:00:00+08:00,265.5933131362453,266.8023873993845,264.7872636274858,265.996337890625,510800,0.0,0.0
2017-02-20 00:00:00+08:00,267.6084369081439,271.2356596975616,265.996337890625,265.996337890625,418262,0.0,0.0
2017-02-21 00:00:00+08:00,268.4145396588797,268.4145396588797,264.7873161499759,267.6084899902344,351651,0.0,0.0
2017-02-22 00:00:00+08:00,269.2205359256629,269.2205359256629,265.5933131362453,265.996337890625,199300,0.0,0.0
2017-02-23 00:00:00+08:00,265.59326733800464,269.2204895019531,265.19024265312146,269.2204895019531,479250,0.0,0.0
2017-02-24 00:00:00+08:00,270.8326081730769,270.8326081730769,261.5630397385817,261.966064453125,570600,0.0,0.0
2017-03-01 00:00:00+08:00,262.36908373185514,262.36908373185514,255.5176637265686,258.3388366699219,417047,0.0,0.0
2017-03-02 00:00:00+08:00,259.95099843659017,261.96612245547846,257.9358744177018,259.5479736328125,217800,0.0,0.0
2017-03-03 00:00:00+08:00,261.56306856087593,261.56306856087593,257.1297962123865,260.75701904296875,289154,0.0,0.0
2017-03-06 00:00:00+08:00,260.7570223143784,263.5781956624474,258.74189849432906,263.1751708984375,396332,0.0,0.0
2017-03-07 00:00:00+08:00,263.5781893643466,267.6084369081439,261.5630655924479,265.996337890625,592664,0.0,0.0
2017-03-08 00:00:00+08:00,266.39939167365276,267.60846606854074,264.3842676821728,264.78729248046875,327500,0.0,0.0
2017-03-09 00:00:00+08:00,263.1751968668114,263.5782216705891,258.74192402525716,259.5479736328125,421447,0.0,0.0
2017-03-10 00:00:00+08:00,259.144945772464,259.144945772464,252.29352418905515,257.12982177734375,543100,0.0,0.0
2017-03-13 00:00:00+08:00,257.935863269081,260.75703677358655,257.935863269081,258.7419128417969,172002,0.0,0.0
2017-03-14 00:00:00+08:00,258.7419000951255,265.1902963591785,257.9358505621189,264.3842468261719,490096,0.0,0.0
2017-03-15 00:00:00+08:00,263.57819100634543,267.6084385752498,263.175166249455,267.2054138183594,362108,0.0,0.0
2017-03-16 00:00:00+08:00,267.60839659074793,270.0265447527125,265.99629781610486,266.3993225097656,344154,0.0,0.0
2017-03-17 00:00:00+08:00,266.3993206545937,267.205370036302,264.38419720032294,265.19024658203125,136015,0.0,0.0
2017-03-20 00:00:00+08:00,265.99630373333576,266.8023531385883,263.5781555175781,263.5781555175781,201200,0.0,0.0
2017-03-21 00:00:00+08:00,263.57817716060833,272.44472134643917,263.57817716060833,271.638671875,1128267,0.0,0.0
2017-03-22 00:00:00+08:00,271.6387039702963,276.475001370361,269.220555270264,272.8477783203125,1267005,0.0,0.0
2017-03-23 00:00:00+08:00,276.4750639217192,287.75976040832,275.26598929815486,282.9234619140625,2217300,0.0,0.0
2017-03-24 00:00:00+08:00,283.32638994577474,283.32638994577474,277.28101889430013,279.296142578125,672645,0.0,0.0
2017-03-27 00:00:00+08:00,279.2961649936912,280.5052393010232,272.84776868792056,273.25079345703125,527315,0.0,0.0
2017-03-28 00:00:00+08:00,276.0719765870222,276.475001370361,268.0114809202479,272.8477783203125,424140,0.0,0.0
2017-03-29 00:00:00+08:00,277.68405974995005,288.5657282742587,275.66893594915217,283.72943115234375,1281372,0.0,0.0
2017-03-30 00:00:00+08:00,282.11732255651594,284.93849578208113,280.50522357047873,284.1324462890625,492416,0.0,0.0
2017-03-31 00:00:00+08:00,282.9233720495346,286.14757002160906,280.908248316988,284.1324462890625,334237,0.0,0.0
2017-04-05 00:00:00+08:00,286.1475961704902,286.1475961704902,271.6387039702963,272.8477783203125,929330,0.0,0.0
2017-04-06 00:00:00+08:00,272.847767062717,277.6840642632378,270.4296184624566,272.0417175292969,806000,0.0,0.0
2017-04-07 00:00:00+08:00,274.0568316758737,275.2659059332673,270.83263365615755,272.4447326660156,350519,0.0,0.0
2017-04-10 00:00:00+08:00,271.6386911301386,272.8477654230027,270.8326416015625,270.8326416015625,216200,0.0,0.0
2017-04-11 00:00:00+08:00,271.2356872558594,277.28105918578194,271.2356872558594,271.2356872558594,512435,0.0,0.0
2017-04-12 00:00:00+08:00,271.2356791869576,273.2508031036512,270.8326544036189,272.8477783203125,255528,0.0,0.0
2017-04-13 00:00:00+08:00,271.2356679958767,273.6538165961371,270.83264322916665,272.0417175292969,236725,0.0,0.0
2017-04-14 00:00:00+08:00,271.6387140515007,271.6387140515007,264.3842676821728,264.78729248046875,479301,0.0,0.0
2017-04-17 00:00:00+08:00,265.9963668753567,266.39939167365276,260.3540196992128,264.78729248046875,373050,0.0,0.0
2017-04-18 00:00:00+08:00,264.78729053060863,273.2508112325002,264.78729053060863,271.2356872558594,421127,0.0,0.0
2017-04-19 00:00:00+08:00,269.2205617420709,272.4447600862873,268.41451215601677,270.026611328125,208000,0.0,0.0
2017-04-20 00:00:00+08:00,271.63870893532726,272.0417337260325,268.8175354003906,268.8175354003906,147165,0.0,0.0
2017-04-21 00:00:00+08:00,271.638671875,274.0568202893175,270.02657293212167,271.638671875,333605,0.0,0.0
2017-04-24 00:00:00+08:00,273.6538278869899,278.0871005037158,271.6387039702963,272.8477783203125,446002,0.0,0.0
2017-04-25 00:00:00+08:00,273.6538135173709,277.2810363769531,272.84776399301927,277.2810363769531,476243,0.0,0.0
2017-04-26 00:00:00+08:00,280.10222252835047,288.56574292129346,277.6840738446525,286.9536437988281,1325075,0.0,0.0
2017-04-27 00:00:00+08:00,294.2080898499221,297.0292633142364,286.9536437988281,286.9536437988281,3139935,0.0,0.0
2017-04-28 00:00:00+08:00,286.9536422062324,289.77481565488915,281.71432008729835,285.74456787109375,1523158,0.0,0.0
2017-05-02 00:00:00+08:00,286.95371586134456,290.58093979779414,282.5204421612395,287.759765625,940403,0.0,0.0
2017-05-03 00:00:00+08:00,284.93847731329424,286.953600915227,276.87798290556316,278.4900817871094,754010,0.0,0.0
2017-05-04 00:00:00+08:00,279.699184950008,281.3112839987112,274.0568382795467,277.2810363769531,826002,0.0,0.0
2017-05-05 00:00:00+08:00,277.6839961614077,278.8930701650133,274.8628234863281,274.8628234863281,460230,0.0,0.0
2017-05-08 00:00:00+08:00,278.89314187115684,279.296166642647,274.05684461327553,274.4598693847656,393416,0.0,0.0
2017-05-09 00:00:00+08:00,275.66897969594123,277.2810789924087,270.4296569824219,270.4296569824219,478379,0.0,0.0
2017-05-10 00:00:00+08:00,271.2357179051681,284.1325128129918,271.2357179051681,280.1022644042969,1081875,0.0,0.0
2017-05-11 00:00:00+08:00,278.08700159976354,280.10212479976184,275.6688537597656,275.6688537597656,534700,0.0,0.0
2017-05-12 00:00:00+08:00,274.8628941562557,278.49011709966675,274.05684461327553,274.4598693847656,435336,0.0,0.0
2017-05-15 00:00:00+08:00,279.2961649936912,279.2961649936912,272.4447439188099,273.25079345703125,345731,0.0,0.0
2017-05-16 00:00:00+08:00,276.8780130658831,276.8780130658831,270.8326416015625,270.8326416015625,641247,0.0,0.0
2017-05-17 00:00:00+08:00,271.63862614338,278.8930701650133,271.2356014755115,274.8628234863281,768100,0.0,0.0
2017-05-18 00:00:00+08:00,274.05684299525257,274.45986776436325,271.23566961147793,273.25079345703125,503410,0.0,0.0
2017-05-19 00:00:00+08:00,273.25077081787833,274.86286976075667,271.23564713928045,271.638671875,207125,0.0,0.0
2017-05-22 00:00:00+08:00,273.2508112325002,273.2508112325002,270.8326624605312,271.2356872558594,192180,0.0,0.0
2017-05-23 00:00:00+08:00,271.63871050023323,272.84778487931436,268.41451215601677,270.026611328125,453301,0.0,0.0
2017-05-24 00:00:00+08:00,272.4447326660156,274.86288118080273,269.2205346462994,272.4447326660156,728105,0.0,0.0
2017-05-25 00:00:00+08:00,272.4447318504967,292.5959694134032,272.4447318504967,286.55059814453125,2928347,0.0,0.0
2017-05-26 00:00:00+08:00,286.14758136754665,291.78992804239965,282.92338326763064,284.9385070800781,1885390,0.0,0.0
2017-05-31 00:00:00+08:00,290.17783717105266,290.17783717105266,280.1022178248355,283.326416015625,789210,0.0,0.0
2017-06-01 00:00:00+08:00,282.9233993071855,284.53549844853694,278.89315145380675,281.7143249511719,458722,0.0,0.0
2017-06-02 00:00:00+08:00,284.5355376538613,286.9536866990782,278.08714019994943,280.1022644042969,660200,0.0,0.0
2017-06-05 00:00:00+08:00,285.34154300899297,295.01413768726394,282.52036956116393,293.40203857421875,2113988,0.0,0.0
2017-06-06 00:00:00+08:00,294.2080881307414,296.2232120220478,288.9687660133446,293.40203857421875,874088,0.0,0.0
2017-06-07 00:00:00+08:00,297.02925672246835,305.4927769275862,293.8050585490901,297.4322814941406,2468112,0.0,0.0
2017-06-08 00:00:00+08:00,297.4322767614681,301.4625244140625,290.17783098679814,301.4625244140625,1745070,0.0,0.0
2017-06-09 00:00:00+08:00,303.07461338827056,328.86819750642127,303.07461338827056,323.6288757324219,5235088,0.0,0.0
2017-06-12 00:00:00+08:00,318.79252414045663,327.25604248046875,317.18042540902576,327.25604248046875,2223652,0.0,0.0
2017-06-13 00:00:00+08:00,324.0319017655059,326.45005028614395,317.18048095703125,317.18048095703125,996348,0.0,0.0
2017-06-14 00:00:00+08:00,319.1956142539928,320.40468855040945,303.0746236351043,309.1199951171875,1685777,0.0,0.0
2017-06-15 00:00:00+08:00,311.9411087630631,313.5532075163606,305.4927137498732,310.3290100097656,589536,0.0,0.0
2017-06-16 00:00:00+08:00,309.52299547697373,309.52299547697373,303.88064920525807,306.2987976074219,682650,0.0,0.0
2017-06-19 00:00:00+08:00,306.2988390660011,320.0016818663222,306.2988390660011,314.7623596191406,1583910,0.0,0.0
2017-06-20 00:00:00+08:00,314.76230461652887,317.18045292344203,310.7320574383403,311.9411315917969,755609,0.0,0.0
2017-06-21 00:00:00+08:00,308.71698314291206,316.37445400415925,308.71698314291206,311.1351318359375,547931,0.0,0.0
2017-06-22 00:00:00+08:00,312.7471774419149,315.165325721105,308.71693030993146,309.5229797363281,416975,0.0,0.0
2017-06-23 00:00:00+08:00,312.7471810274346,314.76230461652887,307.5078596957894,311.9411315917969,815753,0.0,0.0
2017-06-26 00:00:00+08:00,313.55328369140625,317.1805067675279,308.71698625657734,313.55328369140625,734532,0.0,0.0
2017-06-27 00:00:00+08:00,313.5532805289629,316.77747878633016,309.5230327072539,311.1351318359375,759820,0.0,0.0
2017-06-28 00:00:00+08:00,308.716933849246,315.16532933434775,308.716933849246,311.9411315917969,732882,0.0,0.0
2017-06-29 00:00:00+08:00,314.7623263384845,325.6439944705448,292.59596532873206,298.2383117675781,4429580,0.0,0.0
2017-06-30 00:00:00+08:00,298.238326291987,301.4625244140625,293.40202910887365,301.4625244140625,1470105,0.0,0.0
2017-07-03 00:00:00+08:00,301.8654972741363,307.91086771353827,301.0594478822161,307.5078430175781,1161241,0.0,0.0
2017-07-04 00:00:00+08:00,305.8957597543072,307.9108833363514,303.88063617226305,304.2836608886719,550499,0.0,0.0
2017-07-05 00:00:00+08:00,307.50785861994257,307.50785861994257,301.46248787381,304.2836608886719,556105,0.0,0.0
2017-07-06 00:00:00+08:00,305.4927290468391,307.1048278808594,304.2836549213239,307.1048278808594,369210,0.0,0.0
2017-07-07 00:00:00+08:00,312.747233889782,323.6289031101739,312.747233889782,321.21075439453125,2916325,0.0,0.0
2017-07-10 00:00:00+08:00,321.21079461179187,324.0319684666006,317.5835710841807,320.8077697753906,761014,0.0,0.0
2017-07-11 00:00:00+08:00,322.4198345976751,336.9287271545705,320.8077354246867,333.70452880859375,2070095,0.0,0.0
2017-07-12 00:00:00+08:00,342.16803763055856,363.1253261544561,340.15291373402994,355.8708801269531,3848758,0.0,0.0
2017-07-13 00:00:00+08:00,358.28901436824924,361.1101877097315,352.24364292221577,360.30413818359375,1692876,0.0,0.0
2017-07-14 00:00:00+08:00,359.4980886574559,372.79790583872955,354.6617915006292,360.30413818359375,2192666,0.0,0.0
2017-07-17 00:00:00+08:00,365.1404353404205,369.17068297110944,360.30413818359375,360.30413818359375,1258861,0.0,0.0
2017-07-18 00:00:00+08:00,361.5131868146884,378.4402256621989,358.2889889389721,378.0372009277344,1994716,0.0,0.0
2017-07-19 00:00:00+08:00,378.0373035173271,380.4554525803377,366.7526078899442,369.976806640625,1438337,0.0,0.0
2017-07-20 00:00:00+08:00,370.37973295300213,371.58880716285955,360.70713927414243,365.1404113769531,1390950,0.0,0.0
2017-07-21 00:00:00+08:00,364.3344629445787,368.3647114284789,361.91631385423864,364.73748779296875,709373,0.0,0.0
2017-07-24 00:00:00+08:00,363.52834923460966,365.1404483442975,356.27390324101435,362.31927490234375,978152,0.0,0.0
2017-07-25 00:00:00+08:00,361.1101640107616,371.18578242624045,361.1101640107616,365.1404113769531,1275666,0.0,0.0
2017-07-26 00:00:00+08:00,368.7676582080406,369.17068297110944,359.4980886574559,360.30413818359375,1280806,0.0,0.0
2017-07-27 00:00:00+08:00,360.3041145375233,365.94646085019144,356.27386717133174,365.1404113769531,1141000,0.0,0.0
2017-07-28 00:00:00+08:00,365.1404124056355,377.63417927602706,356.6768929127897,358.6920166015625,2842029,0.0,0.0
2017-07-31 00:00:00+08:00,361.11025145928244,361.11025145928244,351.43765543805165,353.8558044433594,876509,0.0,0.0
2017-08-01 00:00:00+08:00,355.4678813314547,358.28905499281547,349.8255340087332,352.2436828613281,1455885,0.0,0.0
2017-08-02 00:00:00+08:00,355.4678688336753,374.4100341796875,355.4678688336753,374.4100341796875,3639329,0.0,0.0
2017-08-03 00:00:00+08:00,366.7525343926961,367.155559155765,357.8859896051803,360.30413818359375,2885606,0.0,0.0
2017-08-04 00:00:00+08:00,362.7222041934228,368.7675742633132,358.69195748016256,359.9010314941406,1547215,0.0,0.0
2017-08-07 00:00:00+08:00,362.7223215496204,378.4402888167706,361.9162719461768,371.5888671875,2206405,0.0,0.0
2017-08-08 00:00:00+08:00,378.8432488335503,382.06744669596355,362.7222595214844,362.7222595214844,2367123,0.0,0.0
2017-08-09 00:00:00+08:00,361.1102286541762,365.94652635936603,348.2134347736699,352.2436828613281,1749113,0.0,0.0
2017-08-10 00:00:00+08:00,350.63151847183434,356.27386474609375,337.73472698781285,356.27386474609375,1801662,0.0,0.0
2017-08-11 00:00:00+08:00,353.0497547749235,357.8860527855389,349.019506432744,353.8558044433594,881950,0.0,0.0
2017-08-14 00:00:00+08:00,355.46783374949086,357.07993276876294,338.54079404713417,340.15289306640625,877429,0.0,0.0
2017-08-15 00:00:00+08:00,346.601283281699,351.8406050057247,344.18313479368715,350.63153076171875,1028283,0.0,0.0
2017-08-16 00:00:00+08:00,347.8103604222123,354.6617811953034,345.3922119140625,345.3922119140625,543650,0.0,0.0
2017-08-17 00:00:00+08:00,348.6164184638815,361.5132108232389,347.40734418019167,359.0950622558594,1137250,0.0,0.0
2017-08-18 00:00:00+08:00,355.8709091533314,356.6769587776878,351.03461140719327,354.6618347167969,578825,0.0,0.0
2017-08-21 00:00:00+08:00,355.4678074604756,358.6920052605707,349.8254613103094,357.8859558105469,558606,0.0,0.0
2017-08-22 00:00:00+08:00,358.69201314934776,359.49806261709915,353.0496668750884,356.27386474609375,549900,0.0,0.0
2017-08-23 00:00:00+08:00,360.7072515802069,371.58892285692826,357.08002782129984,366.75262451171875,1709155,0.0,0.0
2017-08-24 00:00:00+08:00,369.9767587037213,373.20095703665135,364.33441162109375,364.33441162109375,1168531,0.0,0.0
2017-08-25 00:00:00+08:00,366.7525650141404,376.0221353386736,365.54349062398387,367.9616394042969,2014925,0.0,0.0
2017-08-28 00:00:00+08:00,377.3169754228217,378.96105810440264,371.5626860372885,376.49493408203125,1192315,8.880656,0.0
2017-08-29 00:00:00+08:00,374.85087121341627,385.9484299006556,369.9186229079766,375.67291259765625,1395343,0.0,0.0
2017-08-30 00:00:00+08:00,378.1389877749627,381.0161322471635,374.0287813861044,378.9610290527344,878765,0.0,0.0
2017-08-31 00:00:00+08:00,385.5373601140203,403.2112476245777,382.66021563555745,395.40185546875,3908077,0.0,0.0
2017-09-01 00:00:00+08:00,398.6901229874276,399.1011437327755,391.702770316514,394.9909362792969,858677,0.0,0.0
2017-09-04 00:00:00+08:00,392.9357544731173,398.2790231008898,382.6602378812471,383.0712585449219,1006891,0.0,0.0
2017-09-05 00:00:00+08:00,386.35942685402046,388.8255508552163,379.3720755172988,388.0035095214844,636450,0.0,0.0
2017-09-06 00:00:00+08:00,387.18146364941197,389.23656695965303,378.9610504084478,380.6051330566406,640380,0.0,0.0
2017-09-07 00:00:00+08:00,387.18142996385546,388.41449184272125,376.9059143066406,376.9059143066406,1064305,0.0,0.0
2017-09-08 00:00:00+08:00,382.2491878933377,404.8553226612233,379.7830641004775,399.5120544433594,2339005,0.0,0.0
2017-09-11 00:00:00+08:00,403.211244217722,406.088388671875,388.41450131064965,390.4696044921875,890393,0.0,0.0
2017-09-12 00:00:00+08:00,396.2238934004934,399.51205849095396,390.4696044921875,390.4696044921875,728678,0.0,0.0
2017-09-13 00:00:00+08:00,392.9357222935868,392.9357222935868,381.4271446531889,381.8381652832031,562892,0.0,0.0
2017-09-14 00:00:00+08:00,406.9104866359545,419.2411074431046,396.6349692966627,415.95294189453125,3557679,0.0,0.0
2017-09-15 00:00:00+08:00,415.95292843988756,415.95292843988756,404.03332871186706,410.1986389160156,1115525,0.0,0.0
2017-09-18 00:00:00+08:00,415.1308884943624,415.9529298577176,406.0884334974555,412.6647644042969,521317,0.0,0.0
2017-09-19 00:00:00+08:00,415.13090853205694,429.1056123836311,410.1986601138543,411.8427429199219,1836300,0.0,0.0
2017-09-20 00:00:00+08:00,414.30886712902316,417.5970327411583,406.9104945017192,411.8427429199219,944487,0.0,0.0
2017-09-21 00:00:00+08:00,411.02067535998776,422.52925427006744,405.2663859049479,419.2410888671875,834279,0.0,0.0
2017-09-22 00:00:00+08:00,415.95289587205457,415.95289587205457,406.4994209658715,407.73248291015625,771484,0.0,0.0
2017-09-25 00:00:00+08:00,407.7325105628189,410.609655294613,398.69005569146606,402.8002624511719,614315,0.0,0.0
2017-09-26 00:00:00+08:00,399.92312651603453,406.08843679120463,381.4271956905242,382.2492370605469,1209898,0.0,0.0
2017-09-27 00:00:00+08:00,385.53743625217015,392.52478850833955,385.12641553121904,388.4145812988281,1009432,0.0,0.0
2017-09-28 00:00:00+08:00,392.935775928283,402.3892517089844,389.6476104393434,402.3892517089844,804812,0.0,0.0
2017-09-29 00:00:00+08:00,401.15618617900674,401.15618617900674,390.88066911499527,396.22393798828125,522157,0.0,0.0
2017-10-02 00:00:00+08:00,399.5121102592115,409.3766068088217,396.2239447426748,408.5545654296875,746455,0.0,0.0
2017-10-03 00:00:00+08:00,406.9104686063879,420.88517156862747,403.211282528148,419.2410888671875,1196524,0.0,0.0
2017-10-05 00:00:00+08:00,416.7750115356445,417.5970529785156,410.19867999267575,411.0207214355469,891257,0.0,0.0
2017-10-06 00:00:00+08:00,405.26636957772376,405.26636957772376,383.893295320075,392.11370849609375,2340669,0.0,0.0
2017-10-11 00:00:00+08:00,389.64760842864047,399.10108416055897,385.5374015886759,398.6900634765625,1237098,0.0,0.0
2017-10-12 00:00:00+08:00,399.5120635229694,399.5120635229694,393.7577745421859,397.86798095703125,664469,0.0,0.0
2017-10-13 00:00:00+08:00,395.81287042348663,404.0332831010253,394.99082915573274,401.9781799316406,500675,0.0,0.0
2017-10-16 00:00:00+08:00,401.15617086119573,401.15617086119573,386.7704475208864,388.0035095214844,726975,0.0,0.0
2017-10-17 00:00:00+08:00,389.6475868431744,391.7026901493093,378.961049651273,379.3720703125,1056356,0.0,0.0
2017-10-18 00:00:00+08:00,380.6051354775882,383.89330079488917,365.80839154973376,367.8634948730469,1567060,0.0,0.0
2017-10-19 00:00:00+08:00,377.3169908614966,389.23659079067244,374.0288253637929,385.94842529296875,1107525,0.0,0.0
2017-10-20 00:00:00+08:00,378.96100930218057,384.71529794668226,378.96100930218057,379.7830505371094,514993,0.0,0.0
2017-10-23 00:00:00+08:00,381.42717589022266,385.53738252697076,380.1941138991982,383.0712585449219,304812,0.0,0.0
2017-10-24 00:00:00+08:00,381.0161750055128,384.71536117061487,378.55005089544477,382.2492370605469,252060,0.0,0.0
2017-10-25 00:00:00+08:00,401.5672162691752,408.5545680363973,394.5798645019531,394.5798645019531,2592260,0.0,0.0
2017-10-26 00:00:00+08:00,394.57980852185585,401.9781799316406,389.64756091533263,401.9781799316406,966355,0.0,0.0
2017-10-27 00:00:00+08:00,401.97817823621966,406.0883845576534,397.8679719147859,399.5120544433594,881591,0.0,0.0
2017-10-30 00:00:00+08:00,402.8002077593799,407.73245520133145,397.4569396972656,397.4569396972656,596699,0.0,0.0
2017-10-31 00:00:00+08:00,400.3341285324486,405.2663765225814,395.81290120816016,403.2112731933594,877029,0.0,0.0
2017-11-01 00:00:00+08:00,405.6774245552395,427.46152131453806,405.6774245552395,415.95294189453125,2508101,0.0,0.0
2017-11-02 00:00:00+08:00,413.4867858886719,418.4190338316779,409.37657926950016,413.4867858886719,782775,0.0,0.0
2017-11-03 00:00:00+08:00,427.4614942318925,448.01252760842584,421.7072048864632,439.7921142578125,4200677,0.0,0.0
2017-11-06 00:00:00+08:00,442.2581805160438,453.7667577041936,438.97001560514383,444.72430419921875,2174618,0.0,0.0
2017-11-07 00:00:00+08:00,448.0125385080183,484.18235813068395,448.0125385080183,475.9619445800781,2718039,0.0,0.0
2017-11-08 00:00:00+08:00,472.6737564033748,482.53825218918433,461.9872193020811,471.8517150878906,1804875,0.0,0.0
2017-11-09 00:00:00+08:00,473.4958307618941,483.3603272361002,456.2329619320334,457.8770446777344,1696598,0.0,0.0
2017-11-10 00:00:00+08:00,461.1651464886507,469.38555908203125,455.4108576732843,469.38555908203125,1048575,0.0,0.0
2017-11-13 00:00:00+08:00,471.8517711272868,477.606061019083,455.410942865012,461.9872741699219,983459,0.0,0.0
2017-11-14 00:00:00+08:00,459.52103950237404,477.60594624486464,450.4785861311288,476.7839050292969,1406622,0.0,0.0
2017-11-15 00:00:00+08:00,472.6737440678111,475.1398679499041,464.4533311275014,468.56353759765625,871829,0.0,0.0
2017-11-16 00:00:00+08:00,466.09744116600524,468.5635651933386,460.3431517688941,463.6313171386719,532200,0.0,0.0
2017-11-17 00:00:00+08:00,468.5635277532762,487.4704771187593,468.5635277532762,484.18231201171875,2055973,0.0,0.0
2017-11-20 00:00:00+08:00,488.2925286543997,488.2925286543997,468.56353759765625,468.56353759765625,1197807,0.0,0.0
2017-11-21 00:00:00+08:00,472.6737564033748,478.4280456117637,466.9194671949859,471.8517150878906,907865,0.0,0.0
2017-11-22 00:00:00+08:00,477.60608025119734,480.89424603605926,471.02974868147345,480.07220458984375,879521,0.0,0.0
2017-11-23 00:00:00+08:00,480.0721499125163,481.71623261769616,473.4958190917969,473.4958190917969,308071,0.0,0.0
2017-11-24 00:00:00+08:00,480.07212824273194,484.1823348201526,471.8517150878907,471.8517150878906,507209,0.0,0.0
2017-11-27 00:00:00+08:00,474.31778669023845,475.96186913977135,466.91941566734044,470.20758056640625,377500,0.0,0.0
2017-11-28 00:00:00+08:00,466.91948745479203,470.20765285940325,450.478660431736,454.5888671875,1281471,0.0,0.0
2017-11-29 00:00:00+08:00,458.6990705217634,476.7839801122272,457.05498783172123,466.0974426269531,1165247,0.0,0.0
2017-11-30 00:00:00+08:00,460.3431320865597,464.4533386230469,453.7668016281803,464.4533386230469,689236,0.0,0.0
2017-12-01 00:00:00+08:00,466.9194638885721,469.38558781756103,450.4786376953125,450.4786376953125,764777,0.0,0.0
2017-12-04 00:00:00+08:00,452.1227550677808,461.16521016913646,450.47867232207983,457.8770446777344,627218,0.0,0.0
2017-12-05 00:00:00+08:00,452.122802734375,455.41096857244315,449.65667835582383,452.122802734375,460084,0.0,0.0
2017-12-06 00:00:00+08:00,456.2329619320334,466.91949977909,451.3007136949303,457.8770446777344,989490,0.0,0.0
2017-12-07 00:00:00+08:00,459.521104991436,462.80927032232285,420.8851623535156,420.8851623535156,2145830,0.0,0.0
2017-12-08 00:00:00+08:00,428.2835223344121,455.41088555329037,427.4614810247491,450.4786376953125,1796744,0.0,0.0
2017-12-11 00:00:00+08:00,453.7667943050987,468.56353759765625,444.724340070758,468.56353759765625,953160,0.0,0.0
2017-12-12 00:00:00+08:00,474.3178040767429,500.623124233512,466.9194327826516,494.86883544921875,2703006,0.0,0.0
2017-12-13 00:00:00+08:00,493.224756850809,494.8688393736451,481.71617919095684,485.8263854980469,929026,0.0,0.0
2017-12-14 00:00:00+08:00,489.93662719726564,509.6656188964844,489.93662719726564,493.22479248046875,1261913,0.0,0.0
2017-12-15 00:00:00+08:00,490.75867447198607,503.08929443359375,481.71621983347376,503.08929443359375,858621,0.0,0.0
2017-12-18 00:00:00+08:00,499.80112304687503,499.80112304687503,489.93662719726564,493.22479248046875,521715,0.0,0.0
2017-12-19 00:00:00+08:00,490.7586716271098,495.69091958316113,479.25009306298995,481.7162170410156,525810,0.0,0.0
2017-12-20 00:00:00+08:00,484.18240592379533,499.80119321165967,484.18240592379533,489.1146545410156,685115,0.0,0.0
2017-12-21 00:00:00+08:00,489.11449310967276,495.6908224287944,487.47041077989235,490.7585754394531,297545,0.0,0.0
2017-12-22 00:00:00+08:00,490.75873859112085,493.22486290564905,483.36036564753607,491.5807800292969,231051,0.0,0.0
2017-12-25 00:00:00+08:00,493.22479248046875,511.30970153808596,490.75866851806643,493.22479248046875,783131,0.0,0.0
2017-12-26 00:00:00+08:00,490.7586546925228,490.7586546925228,474.31782873967444,487.4704895019531,684550,0.0,0.0
2017-12-27 00:00:00+08:00,480.89410211622095,484.1822669170156,477.6059373154263,478.427978515625,361230,0.0,0.0
2017-12-28 00:00:00+08:00,481.7162383202793,494.86890011741997,480.89419695795794,483.3603210449219,476398,0.0,0.0
2017-12-29 00:00:00+08:00,482.5382294581985,491.58068350255996,479.25006435115796,484.18231201171875,651900,0.0,0.0
2018-01-02 00:00:00+08:00,484.18225398608143,493.22470694677224,471.8516363124121,475.1398010253906,941114,0.0,0.0
2018-01-03 00:00:00+08:00,479.2500900268555,494.86887512207034,478.4280487060547,493.22479248046875,786293,0.0,0.0
2018-01-04 00:00:00+08:00,499.80106319304434,526.1063823084678,498.1569807483304,509.6655578613281,2144079,0.0,0.0
2018-01-05 00:00:00+08:00,508.02166292560634,508.02166292560634,491.58083241021455,495.6910400390625,911436,0.0,0.0
2018-01-08 00:00:00+08:00,496.5129218964811,498.9790456807351,485.8263854980469,485.8263854980469,419210,0.0,0.0
2018-01-09 00:00:00+08:00,484.18236240724315,488.2925692188496,476.78399014635147,483.3603210449219,537804,0.0,0.0
2018-01-10 00:00:00+08:00,477.60606357413275,477.60606357413275,461.98727664141586,466.9195251464844,990890,0.0,0.0
2018-01-11 00:00:00+08:00,466.09742587950177,473.4957977188589,466.09742587950177,471.8517150878906,487826,0.0,0.0
2018-01-12 00:00:00+08:00,475.9618638137291,481.7161523227034,470.20757530475487,476.7839050292969,497662,0.0,0.0
2018-01-15 00:00:00+08:00,492.4026955784978,493.22473680650864,479.25003593032426,486.6484069824219,954345,0.0,0.0
2018-01-16 00:00:00+08:00,485.00440891735263,485.00440891735263,472.67378835165727,474.31787109375,626504,0.0,0.0
2018-01-17 00:00:00+08:00,475.96190169624657,480.0721081012228,472.6737365722656,472.6737365722656,423765,0.0,0.0
2018-01-18 00:00:00+08:00,478.4279874604324,485.0043171849744,476.7839050292969,476.7839050292969,701148,0.0,0.0
2018-01-19 00:00:00+08:00,476.7839050292969,484.18227596940665,473.4957401670259,476.7839050292969,531336,0.0,0.0
2018-01-22 00:00:00+08:00,480.07220458984375,485.0044532671367,477.60608025119734,480.07220458984375,505175,0.0,0.0
2018-01-23 00:00:00+08:00,484.18236240724315,499.8011482913478,483.3603210449218,483.3603210449219,1525132,0.0,0.0
2018-01-24 00:00:00+08:00,481.7162063468216,481.7162063468216,473.4957932692308,480.8941650390625,580177,0.0,0.0
2018-01-25 00:00:00+08:00,479.250100744776,497.335010206843,477.60601806640625,477.60601806640625,1327686,0.0,0.0
2018-01-26 00:00:00+08:00,480.8941379295388,489.93659180513697,480.07209666812076,485.8263854980469,848726,0.0,0.0
2018-01-29 00:00:00+08:00,492.40269219183153,514.59780519547,489.93656852476056,509.6655578613281,2305044,0.0,0.0
2018-01-30 00:00:00+08:00,507.1995058995912,508.02154723816426,494.04684448242193,494.0468444824219,648446,0.0,0.0
2018-01-31 00:00:00+08:00,489.9366719230277,501.44525146484375,487.47054773549564,501.44525146484375,426881,0.0,0.0
2018-02-01 00:00:00+08:00,498.1569969638082,503.08924445849937,485.00433697796507,489.93658447265625,895437,0.0,0.0
2018-02-02 00:00:00+08:00,486.64841598252116,494.04678717144463,485.00433349609375,485.00433349609375,383765,0.0,0.0
2018-02-05 00:00:00+08:00,475.1399559125509,480.07220458984375,472.6738315739044,480.07220458984375,442140,0.0,0.0
2018-02-06 00:00:00+08:00,461.98722555066246,467.74151483688064,432.39373779296875,432.39373779296875,1792897,0.0,0.0
2018-02-07 00:00:00+08:00,448.01258612370145,457.8770834328472,444.72442035398626,453.7668762207031,985152,0.0,0.0
2018-02-08 00:00:00+08:00,443.9023209331192,452.9447756187938,439.7921142578125,439.7921142578125,560808,0.0,0.0
2018-02-09 00:00:00+08:00,439.7921142578125,439.7921142578125,439.7921142578125,439.7921142578125,0,0.0,0.0
2018-02-12 00:00:00+08:00,443.0803316425345,448.83462166386613,438.9701244844405,441.4362487792969,623765,0.0,0.0
2018-02-21 00:00:00+08:00,448.83450861750424,463.63125065983957,448.83450861750424,456.2328796386719,1076535,0.0,0.0
2018-02-22 00:00:00+08:00,449.65667835582383,457.0550514914773,448.8346368963068,452.122802734375,659854,0.0,0.0
2018-02-23 00:00:00+08:00,456.2330100319602,458.69913441051136,451.30076127485796,452.122802734375,387179,0.0,0.0
2018-02-26 00:00:00+08:00,452.12276683134195,466.0974705334016,452.12276683134195,461.16522216796875,658475,0.0,0.0
2018-02-27 00:00:00+08:00,461.9871682106912,468.56349800728464,456.2328796386719,456.2328796386719,549500,0.0,0.0
2018-03-01 00:00:00+08:00,450.47864686176456,452.9447708409348,446.36844022981415,448.8345642089844,405248,0.0,0.0
2018-03-02 00:00:00+08:00,434.03781265288654,439.79210183578465,420.0631103515625,420.0631103515625,1314913,0.0,0.0
2018-03-05 00:00:00+08:00,424.9953690171242,430.74965834617615,420.8851623535156,420.8851623535156,485976,0.0,0.0
2018-03-06 00:00:00+08:00,425.8174359119189,432.39376696847364,424.17335314778023,429.9276428222656,509579,0.0,0.0
2018-03-07 00:00:00+08:00,429.927562100169,450.47859279329367,426.639397189269,444.72430419921875,1176599,0.0,0.0
2018-03-08 00:00:00+08:00,448.01247774826504,472.673715055509,448.01247774826504,471.0296325683594,1580423,0.0,0.0
2018-03-09 00:00:00+08:00,466.09741371556333,470.2076201857182,461.1651659513775,468.56353759765625,657615,0.0,0.0
2018-03-12 00:00:00+08:00,472.6737315578933,479.25006173609006,461.9871950183235,465.2753601074219,808680,0.0,0.0
2018-03-13 00:00:00+08:00,491.580674327973,498.9790456807351,481.71617919095684,485.8263854980469,2007083,0.0,0.0
2018-03-14 00:00:00+08:00,481.7161433164196,485.82634931741296,477.6059373154263,478.427978515625,766637,0.0,0.0
2018-03-15 00:00:00+08:00,479.2500900268555,494.86887512207034,479.2500900268555,493.22479248046875,878373,0.0,0.0
2018-03-16 00:00:00+08:00,489.93668537589434,492.40280963114213,480.07218835490323,488.2926025390625,562724,0.0,0.0
2018-03-19 00:00:00+08:00,487.4704572257349,492.40270468501717,479.2500447935977,485.00433349609375,667509,0.0,0.0
2018-03-20 00:00:00+08:00,482.5382294581985,485.826394565239,478.4280230743978,484.18231201171875,341432,0.0,0.0
2018-03-21 00:00:00+08:00,485.8263854980469,489.11455054371896,484.18230297521086,485.8263854980469,224550,0.0,0.0
2018-03-22 00:00:00+08:00,487.47044083167765,489.93656447838094,476.7839050292969,476.7839050292969,340770,0.0,0.0
2018-03-23 00:00:00+08:00,461.16523522390446,470.20769081653003,458.6991109713702,466.9195251464844,541250,0.0,0.0
2018-03-26 00:00:00+08:00,464.45326570821055,476.78388338187983,461.9871421734767,475.1398010253906,394716,0.0,0.0
2018-03-27 00:00:00+08:00,480.0720698915679,491.5806469095164,476.7839050292969,476.7839050292969,561030,0.0,0.0
2018-03-28 00:00:00+08:00,475.1398803498272,484.1823348201526,469.3855911414383,471.8517150878906,381338,0.0,0.0
2018-03-29 00:00:00+08:00,473.4958564865757,474.3178979040871,466.9195251464844,466.9195251464844,286804,0.0,0.0
2018-03-30 00:00:00+08:00,472.67378835165727,477.6060365779354,466.9194987543327,474.31787109375,312670,0.0,0.0
2018-04-02 00:00:00+08:00,476.7839801122272,479.2501041472905,466.0974426269531,466.0974426269531,281565,0.0,0.0
2018-04-03 00:00:00+08:00,466.0974241834803,467.7415068084661,452.94476318359375,452.94476318359375,465344,0.0,0.0
2018-04-09 00:00:00+08:00,452.94484419389204,457.8770929509943,450.4787198153409,452.122802734375,260497,0.0,0.0
2018-04-10 00:00:00+08:00,454.58890459253155,467.74156729321965,447.1905318233945,448.0125732421875,657275,0.0,0.0
2018-04-11 00:00:00+08:00,452.9447756187938,454.58885828891647,439.7921142578125,439.7921142578125,437222,0.0,0.0
2018-04-12 00:00:00+08:00,441.43619692793516,443.9023209331192,433.2157835773219,439.7921142578125,818115,0.0,0.0
2018-04-13 00:00:00+08:00,443.0803247294295,451.3007389173595,442.2582833106365,448.0125732421875,551230,0.0,0.0
2018-04-16 00:00:00+08:00,452.12273579990995,452.12273579990995,439.79211573263973,442.25823974609375,373245,0.0,0.0
2018-04-17 00:00:00+08:00,438.148015934406,438.148015934406,415.130859375,415.130859375,1189395,0.0,0.0
2018-04-18 00:00:00+08:00,422.5292262415732,424.9953501301427,402.8002351330172,407.73248291015625,1314201,0.0,0.0
2018-04-19 00:00:00+08:00,411.02067597058357,414.30884137834823,402.8002624511719,402.8002624511719,850652,0.0,0.0
2018-04-20 00:00:00+08:00,402.8002471923828,406.9104537963867,374.85084228515626,378.1390075683594,1607062,0.0,0.0
2018-04-23 00:00:00+08:00,378.13900156917737,399.5120755709135,378.13900156917737,384.71533203125,1501425,0.0,0.0
2018-04-24 00:00:00+08:00,391.2917150619182,393.3468186074115,380.19415591625454,386.3594665527344,966515,0.0,0.0
2018-04-25 00:00:00+08:00,385.53738252697076,388.8255478363692,374.4398246077509,383.0712585449219,420403,0.0,0.0
2018-04-26 00:00:00+08:00,383.0712213232533,392.11367504547604,357.99896327527216,359.2320251464844,1557830,0.0,0.0
2018-04-27 00:00:00+08:00,364.9863273306162,380.1940909693918,364.9863273306162,378.9610290527344,1818930,0.0,0.0
2018-04-30 00:00:00+08:00,375.2618833659914,378.550048828125,367.4524903934242,378.550048828125,802050,0.0,0.0
2018-05-02 00:00:00+08:00,381.01614614633417,388.0034972622864,371.15165045322516,384.71533203125,749230,0.0,0.0
2018-05-03 00:00:00+08:00,378.5500567673852,383.0712843726417,374.4398498535156,374.4398498535156,703814,0.0,0.0
2018-05-04 00:00:00+08:00,372.3847013127884,376.49490772904437,367.45245361328125,367.45245361328125,330211,0.0,0.0
2018-05-07 00:00:00+08:00,374.02877579874064,388.82551857759194,374.02877579874064,385.537353515625,1004747,0.0,0.0
2018-05-08 00:00:00+08:00,374.8509449177918,376.4950280095365,349.3676569957489,353.8888854980469,2440556,0.0,0.0
2018-05-09 00:00:00+08:00,354.71085409433874,380.1941367755079,354.71085409433874,369.5075988769531,2088157,0.0,0.0
2018-05-10 00:00:00+08:00,377.3169701602872,378.1390114896124,365.80839154973376,367.8634948730469,743301,0.0,0.0
2018-05-11 00:00:00+08:00,372.3847061960321,377.7279746072334,368.2744997258772,374.850830078125,577789,0.0,0.0
2018-05-14 00:00:00+08:00,379.78305869066077,385.5373474587011,375.67285242777484,376.9059143066406,687490,0.0,0.0
2018-05-15 00:00:00+08:00,376.9059283706699,381.4271554285515,366.21939168840447,367.45245361328125,364786,0.0,0.0
2018-05-16 00:00:00+08:00,366.6304483517582,381.4271929040713,365.80840698774085,377.3169860839844,388626,0.0,0.0
2018-05-17 00:00:00+08:00,377.31695292111937,391.2916548811608,377.31695292111937,388.8255310058594,1325912,0.0,0.0
2018-05-18 00:00:00+08:00,387.18145751953125,395.81289128589026,381.8381889974995,387.18145751953125,810481,0.0,0.0
2018-05-21 00:00:00+08:00,387.18146518167,388.8255478363692,380.60513456287305,383.0712585449219,489550,0.0,0.0
2018-05-22 00:00:00+08:00,385.53735685649673,396.634914036801,385.53735685649673,390.4696044921875,693363,0.0,0.0
2018-05-23 00:00:00+08:00,391.2916548811608,394.990840694113,386.35940713055794,388.8255310058594,704185,0.0,0.0
2018-05-24 00:00:00+08:00,388.8255219469572,390.4696044921875,384.304294947574,390.4696044921875,278152,0.0,0.0
2018-05-25 00:00:00+08:00,391.29170820802824,396.2239566308185,388.0035425928347,392.935791015625,199040,0.0,0.0
2018-05-28 00:00:00+08:00,392.935775928283,407.3214999423938,392.935775928283,402.3892517089844,633608,0.0,0.0
2018-05-29 00:00:00+08:00,399.1011247034536,405.67745631545694,397.86806252620295,398.2790832519531,396050,0.0,0.0
2018-05-30 00:00:00+08:00,395.40183393442555,397.86795763879826,391.29162776047104,393.75775146484375,229204,0.0,0.0
2018-05-31 00:00:00+08:00,395.8129151063357,410.1986389160156,393.75781170495287,410.1986389160156,571553,0.0,0.0
2018-06-01 00:00:00+08:00,405.2663865069954,408.1435312387895,399.9231177193778,402.8002624511719,369700,0.0,0.0
2018-06-04 00:00:00+08:00,406.0884272556679,423.35129562078737,405.2663859049479,419.2410888671875,719296,0.0,0.0
2018-06-05 00:00:00+08:00,415.13087592990246,426.6394546685532,411.8427105760022,425.8174133300781,653452,0.0,0.0
2018-06-06 00:00:00+08:00,419.2411074431046,423.3513143788213,415.13090050738793,415.95294189453125,411125,0.0,0.0
2018-06-07 00:00:00+08:00,424.9953501301427,424.9953501301427,407.73248291015625,407.73248291015625,422591,0.0,0.0
2018-06-08 00:00:00+08:00,407.7325141331658,414.3088450062814,403.62230733746856,408.965576171875,296600,0.0,0.0
2018-06-11 00:00:00+08:00,411.02067597058357,412.6647586744659,402.8002624511719,402.8002624511719,808075,0.0,0.0
2018-06-12 00:00:00+08:00,404.44435077074513,419.2410953111383,404.44435077074513,412.6647644042969,950170,0.0,0.0
2018-06-13 00:00:00+08:00,415.13085814728134,441.4361798516635,415.13085814728134,429.1055603027344,1796942,0.0,0.0
2018-06-14 00:00:00+08:00,442.2582367631726,452.9447740827288,437.32598876953125,437.32598876953125,1993040,0.0,0.0
2018-06-15 00:00:00+08:00,446.3684924316406,447.19053385416663,427.46153971354164,431.5717468261719,753373,0.0,0.0
2018-06-19 00:00:00+08:00,424.17333984375,429.92762933775435,418.41905034974565,424.17333984375,348100,0.0,0.0
2018-06-20 00:00:00+08:00,425.81737206936805,431.57166088111626,411.02062941058693,424.9953308105469,754217,0.0,0.0
2018-06-21 00:00:00+08:00,432.3937469948339,445.5464085003802,427.46149893025404,430.7496643066406,990560,0.0,0.0
2018-06-22 00:00:00+08:00,428.2835811360677,437.32603678385414,423.35133260091146,431.5717468261719,616244,0.0,0.0
2018-06-25 00:00:00+08:00,428.2835531760388,430.74967728261873,417.5970153808594,417.5970153808594,364505,0.0,0.0
2018-06-26 00:00:00+08:00,410.198605721457,423.3512664259526,410.198605721457,421.7071838378906,637110,0.0,0.0
2018-06-27 00:00:00+08:00,427.46151180717885,435.68192549577844,415.95293264313943,417.5970153808594,1046000,0.0,0.0
2018-06-28 00:00:00+08:00,413.48681232900276,420.8851847165992,405.2663985650067,406.08843994140625,581145,0.0,0.0
2018-06-29 00:00:00+08:00,407.73250102996826,424.17332768440247,406.91045969724655,420.8851623535156,770253,0.0,0.0
2018-07-02 00:00:00+08:00,421.70720368623734,429.1055756807327,419.2410796880722,420.8851623535156,563663,0.0,0.0
2018-07-03 00:00:00+08:00,424.99534901401455,434.03780324835526,417.59697736773575,421.7071838378906,376103,0.0,0.0
2018-07-04 00:00:00+08:00,421.70722222515917,422.52926359401914,412.6647671676996,417.5970153808594,184500,0.0,0.0
2018-07-05 00:00:00+08:00,419.24108146898675,419.24108146898675,405.2663787533538,406.91046142578125,295501,0.0,0.0
2018-07-06 00:00:00+08:00,409.37653492587094,411.84265863024365,386.3593803517256,393.75775146484375,867060,0.0,0.0
2018-07-09 00:00:00+08:00,392.9357283100329,397.04593467310855,384.7153155838816,390.4696044921875,915262,0.0,0.0
2018-07-10 00:00:00+08:00,390.4695934287885,404.4442946672925,390.4695934287885,403.62225341796875,394160,0.0,0.0
2018-07-11 00:00:00+08:00,397.45696701928586,398.2790083161199,392.1136985898642,392.52471923828125,280800,0.0,0.0
2018-07-12 00:00:00+08:00,391.2916828260939,401.56719970703125,388.82555877466893,401.56719970703125,409000,0.0,0.0
2018-07-13 00:00:00+08:00,403.6222953448542,408.1435226857843,401.15617134071044,405.6773986816406,278300,0.0,0.0
2018-07-16 00:00:00+08:00,405.67737146326016,406.0883921030406,395.40185546875,395.40185546875,337100,0.0,0.0
2018-07-17 00:00:00+08:00,396.6349600565802,401.15618758054126,396.6349600565802,398.6900634765625,278002,0.0,0.0
2018-07-18 00:00:00+08:00,401.9781881059919,419.24105507986883,395.40185783022923,414.3088073730469,793402,0.0,0.0
2018-07-19 00:00:00+08:00,394.57984019134005,397.45698485940187,378.96105485043284,388.0035095214844,1609575,0.0,0.0
2018-07-20 00:00:00+08:00,388.00348067434214,393.75776958264805,388.00348067434214,390.4696044921875,499780,0.0,0.0
2018-07-23 00:00:00+08:00,390.4696575139753,390.4696575139753,370.74066429221654,375.67291259765625,584574,0.0,0.0
2018-07-24 00:00:00+08:00,375.6729281161694,389.6476322255236,375.6729281161694,386.3594665527344,580160,0.0,0.0
2018-07-25 00:00:00+08:00,378.5500060392681,392.9357283100329,378.5500060392681,390.4696044921875,645466,0.0,0.0
2018-07-26 00:00:00+08:00,390.4696250939595,398.6900382538323,388.8255424619849,390.8806457519531,514612,0.0,0.0
2018-07-27 00:00:00+08:00,390.88062512849507,392.1136870374178,384.7153155838816,390.4696044921875,609610,0.0,0.0
2018-07-30 00:00:00+08:00,391.2916664099468,394.5798316738959,388.00350114599763,390.8806457519531,334552,0.0,0.0
2018-07-31 00:00:00+08:00,390.88065115474325,390.88065115474325,382.24921721757227,383.0712585449219,406665,0.0,0.0
2018-08-01 00:00:00+08:00,387.1814873546076,391.2916942267372,384.3043425441169,385.94842529296875,402509,0.0,0.0
2018-08-02 00:00:00+08:00,385.94842040616703,386.35944108817574,375.2618826739409,377.3169860839844,382455,0.0,0.0
2018-08-03 00:00:00+08:00,382.24922133937025,414.3088334517045,381.8382006712634,406.91046142578125,1280873,0.0,0.0
2018-08-06 00:00:00+08:00,403.2113081880672,413.4868257259894,397.8680390683477,411.8427429199219,582450,0.0,0.0
2018-08-07 00:00:00+08:00,411.84267340766064,411.84267340766064,399.5120544433594,399.5120544433594,317604,0.0,0.0
2018-08-08 00:00:00+08:00,402.8002351330172,418.41901976062405,401.1561525406376,407.73248291015625,549702,0.0,0.0
2018-08-09 00:00:00+08:00,392.11372898384656,411.8427216371219,391.29168762329346,410.1986389160156,578915,0.0,0.0
2018-08-10 00:00:00+08:00,404.4443444336937,404.85536510893115,400.33413768131874,401.56719970703125,490224,0.0,0.0
2018-08-13 00:00:00+08:00,399.51210622318456,401.15618896484375,383.8933201774222,401.15618896484375,445910,0.0,0.0
2018-08-14 00:00:00+08:00,395.8128572166151,401.15612527872935,391.29163039482614,397.4569396972656,147835,0.0,0.0
2018-08-15 00:00:00+08:00,397.8680814967319,401.1562474595148,393.75787404325325,394.9909362792969,277190,0.0,0.0
2018-08-16 00:00:00+08:00,388.00349078262064,390.46961466471356,363.3422519616914,374.850830078125,810640,0.0,0.0
2018-08-17 00:00:00+08:00,380.1941108703613,381.42717285156255,373.20675964355473,378.1390075683594,488307,0.0,0.0
2018-08-20 00:00:00+08:00,379.7830563333542,379.7830563333542,352.65569516668603,359.2320251464844,631652,0.0,0.0
2018-08-21 00:00:00+08:00,360.87607893510295,365.80832602761006,345.2572964754972,361.6981201171875,808720,0.0,0.0
2018-08-22 00:00:00+08:00,355.94387654149256,365.8083719652752,353.4777526855469,353.4777526855469,319519,0.0,0.0
2018-08-23 00:00:00+08:00,353.4777744549769,376.4949318613475,353.4777744549769,372.7957458496094,490916,0.0,0.0
2018-08-24 00:00:00+08:00,372.38472294117133,383.89330157511483,365.8083922932036,369.0965576171875,386171,0.0,0.0
2018-08-27 00:00:00+08:00,379.42448341083315,384.49474376821627,372.24161457120715,382.8046569824219,233240,12.22181,0.0
2018-08-28 00:00:00+08:00,388.2974555136632,389.9875423711764,376.8893692254489,379.42449951171875,276098,0.0,0.0
2018-08-29 00:00:00+08:00,381.114586369232,387.87493379928486,378.1569343685838,379.42449951171875,208320,0.0,0.0
2018-08-30 00:00:00+08:00,383.649728502546,383.649728502546,375.1992939540318,378.5794677734375,86435,0.0,0.0
2018-08-31 00:00:00+08:00,377.3119718446837,389.9876259940011,374.77684101482015,384.4948425292969,194169,0.0,0.0
2018-09-03 00:00:00+08:00,387.8749732172082,399.28306066477313,382.80471212940154,383.22723388671875,438576,0.0,0.0
2018-09-04 00:00:00+08:00,391.2551556982989,403.0857651578587,391.2551556982989,400.12811279296875,435262,0.0,0.0
2018-09-05 00:00:00+08:00,402.66321147424657,403.0857332071681,395.05782028165845,398.0154724121094,174300,0.0,0.0
2018-09-06 00:00:00+08:00,398.0154806930954,398.86052417652024,386.1848719251478,390.8326110839844,227275,0.0,0.0
2018-09-07 00:00:00+08:00,393.7902443204903,403.93076563346426,380.69207095789886,389.987548828125,683298,0.0,0.0
2018-09-10 00:00:00+08:00,392.52275682386465,392.9452786288419,380.2696244795244,384.4948425292969,512025,0.0,0.0
2018-09-11 00:00:00+08:00,387.45245951023685,393.7902860016802,384.4948071475633,387.0299377441406,572081,0.0,0.0
2018-09-12 00:00:00+08:00,391.25517142835514,391.25517142835514,381.1146486267563,381.53717041015625,202800,0.0,0.0
2018-09-13 00:00:00+08:00,379.00205906459263,386.60745155418317,374.77684101482015,384.4948425292969,383480,0.0,0.0
2018-09-14 00:00:00+08:00,386.6074020116865,386.6074020116865,370.12905372922114,383.6497497558594,493290,0.0,0.0
2018-09-17 00:00:00+08:00,382.80467127292894,390.4100620929209,378.5794541507112,386.1848449707031,243325,0.0,0.0
2018-09-18 00:00:00+08:00,386.1848850969201,386.1848850969201,370.5515801203489,381.1146240234375,411050,0.0,0.0
2018-09-19 00:00:00+08:00,382.8046732267452,382.8046732267452,376.8893692254489,379.42449951171875,132132,0.0,0.0
2018-09-20 00:00:00+08:00,381.11460283257986,383.64973322836204,373.08668991260316,376.0443420410156,247320,0.0,0.0
2018-09-21 00:00:00+08:00,378.5794346098266,378.5794346098266,359.14343685084,365.48126220703125,669645,0.0,0.0
2018-09-25 00:00:00+08:00,367.59397710917483,373.50928248794315,365.48136804532896,370.9741516113281,326353,0.0,0.0
2018-09-26 00:00:00+08:00,375.6218422550088,394.2127995769665,375.6218422550088,383.22723388671875,853540,0.0,0.0
2018-09-27 00:00:00+08:00,379.42448341083315,390.41004751849647,377.7343966250388,382.8046569824219,282420,0.0,0.0
2018-09-28 00:00:00+08:00,385.33982957409273,395.902873147944,384.49478608818464,392.9452209472656,730644,0.0,0.0
2018-10-01 00:00:00+08:00,395.90295035491334,407.31103963941996,395.48042852956127,402.6632995605469,606838,0.0,0.0
2018-10-02 00:00:00+08:00,402.2407061258952,409.0010541280111,393.79027112325036,405.6208801269531,690177,0.0,0.0
2018-10-03 00:00:00+08:00,404.7758571774749,407.31098780697897,397.5929870605469,397.5929870605469,418100,0.0,0.0
2018-10-04 00:00:00+08:00,397.59294825869057,404.7758176746287,393.3677309551976,393.7902526855469,325259,0.0,0.0
2018-10-05 00:00:00+08:00,398.0154291440363,400.5505592659728,358.72091225402,370.1289978027344,1177726,0.0,0.0
2018-10-08 00:00:00+08:00,367.17140607136054,387.02992860916714,367.17140607136054,381.1146240234375,894090,0.0,0.0
2018-10-09 00:00:00+08:00,364.63625482267935,371.3966025366572,343.087646484375,343.087646484375,1602209,0.0,0.0
2018-10-11 00:00:00+08:00,308.8634112796268,316.04628130938556,308.8634112796268,312.6661071777344,1321345,0.0,0.0
2018-10-12 00:00:00+08:00,308.01834693321814,342.6651294414814,308.01834693321814,340.5525207519531,1671831,0.0,0.0
2018-10-15 00:00:00+08:00,333.3696558380127,341.820090713501,332.10209060668944,338.01739501953125,823163,0.0,0.0
2018-10-16 00:00:00+08:00,332.52454191795135,336.32723680646666,322.8065438695233,332.1020202636719,1126171,0.0,0.0
2018-10-17 00:00:00+08:00,344.7777346140606,356.60834315473915,342.66512594608224,345.20025634765625,1044291,0.0,0.0
2018-10-18 00:00:00+08:00,343.08765466204517,350.69304602154864,343.08765466204517,346.8903503417969,433050,0.0,0.0
2018-10-19 00:00:00+08:00,338.0173678603469,353.2281494140625,333.79215076209255,353.2281494140625,483130,0.0,0.0
2018-10-22 00:00:00+08:00,343.9326992820019,353.228177640975,343.9326992820019,349.0029602050781,497010,0.0,0.0
2018-10-23 00:00:00+08:00,344.77773341286945,350.27051593047645,343.087646484375,343.087646484375,397395,0.0,0.0
2018-10-24 00:00:00+08:00,346.4678668286427,357.45343333784353,343.08769251811935,350.6930847167969,477229,0.0,0.0
2018-10-25 00:00:00+08:00,339.7075015982402,344.7777628161244,321.96158733564556,327.87689208984375,1132691,0.0,0.0
2018-10-26 00:00:00+08:00,327.8768686147837,338.4399120624249,327.03182513897235,329.56695556640625,955150,0.0,0.0
2018-10-29 00:00:00+08:00,332.9471435546875,333.7921870662476,311.8210557656845,332.9471435546875,710355,0.0,0.0
2018-10-30 00:00:00+08:00,330.4119807760514,339.70745849609375,324.0741550578407,339.70745849609375,442312,0.0,0.0
2018-10-31 00:00:00+08:00,342.24261697908724,357.4533999559356,342.24261697908724,346.46783447265625,1029981,0.0,0.0
2018-11-01 00:00:00+08:00,342.6650881484219,370.1289978027344,342.2425664614325,370.1289978027344,1351898,0.0,0.0
2018-11-02 00:00:00+08:00,370.974049194731,403.08569809996965,370.974049194731,391.6776123046875,2438102,0.0,0.0
2018-11-05 00:00:00+08:00,389.5650206567981,399.7055418018774,376.0443257966923,379.42449951171875,755298,0.0,0.0
2018-11-06 00:00:00+08:00,385.33982378712017,395.4803454657286,375.19930210851174,382.3821716308594,1142625,0.0,0.0
2018-11-07 00:00:00+08:00,384.91732091598766,389.56506024647706,373.5092334684227,383.22723388671875,933288,0.0,0.0
2018-11-08 00:00:00+08:00,392.9452138946072,396.32538777757156,387.87495307016064,391.255126953125,707175,0.0,0.0
2018-11-09 00:00:00+08:00,389.5650065451574,395.90283203125,385.7623112535019,395.90283203125,368965,0.0,0.0
2018-11-12 00:00:00+08:00,389.5650301345584,390.4100735838742,372.6641611482435,374.354248046875,682726,0.0,0.0
2018-11-13 00:00:00+08:00,346.4679021742738,353.6507733169111,340.5525965273959,348.1579895019531,1452509,0.0,0.0
2018-11-14 00:00:00+08:00,349.4254540256336,359.98849677126947,349.4254540256336,353.2281494140625,951035,0.0,0.0
2018-11-15 00:00:00+08:00,355.76338247651034,358.7210352999493,337.17242187203715,348.1579895019531,890200,0.0,0.0
2018-11-16 00:00:00+08:00,351.53812354425463,354.0732542428911,340.1300354003906,340.1300354003906,927040,0.0,0.0
2018-11-19 00:00:00+08:00,341.39755495253286,345.6227722167969,329.1444248861672,345.6227722167969,1374103,0.0,0.0
2018-11-20 00:00:00+08:00,337.59488715747796,343.9327135747022,335.0597565905882,341.3975830078125,424100,0.0,0.0
2018-11-21 00:00:00+08:00,338.0174123152079,361.6786311772724,335.4822817228438,360.8335876464844,901550,0.0,0.0
2018-11-22 00:00:00+08:00,358.72093887329106,360.8335474650065,350.27050450642906,354.9182434082031,688462,0.0,0.0
2018-11-23 00:00:00+08:00,353.6507552122695,357.875973315164,349.425537109375,349.425537109375,429200,0.0,0.0
2018-11-26 00:00:00+08:00,353.2282055200137,359.56603217408093,349.42550952757335,355.7633361816406,163720,0.0,0.0
2018-11-27 00:00:00+08:00,355.76331701124514,373.08670893222023,353.65070824039447,365.9038391113281,573068,0.0,0.0
2018-11-28 00:00:00+08:00,365.9038027840579,387.87493181959024,365.9038027840579,386.1848449707031,811660,0.0,0.0
2018-11-29 00:00:00+08:00,391.2551456977581,400.55062432124697,388.2974934084662,392.1001892089844,779462,0.0,0.0
2018-11-30 00:00:00+08:00,387.8749565749872,391.25513048849473,381.11460874797217,386.6073913574219,532423,0.0,0.0
2018-12-03 00:00:00+08:00,401.39566444488895,420.8316650390625,396.3254034203219,420.8316650390625,987723,0.0,0.0
2018-12-04 00:00:00+08:00,430.97217781313003,430.97217781313003,392.10017746135753,392.9452209472656,977165,0.0,0.0
2018-12-05 00:00:00+08:00,384.91730783113866,400.97313406339254,373.5092207713794,392.9452209472656,606050,0.0,0.0
2018-12-06 00:00:00+08:00,392.94520922484827,399.70555691043705,381.5371225054172,393.7902526855469,1062422,0.0,0.0
2018-12-07 00:00:00+08:00,411.95868709056674,411.95868709056674,393.7902526855469,393.7902526855469,473545,0.0,0.0
2018-12-10 00:00:00+08:00,385.7623346126376,386.18485633729546,370.97407424961204,374.354248046875,414330,0.0,0.0
2018-12-11 00:00:00+08:00,376.044327785639,386.18484898435287,372.6641540527344,372.6641540527344,232268,0.0,0.0
2018-12-12 00:00:00+08:00,378.1569717305727,390.4101026581555,378.1569717305727,381.1146240234375,463075,0.0,0.0
2018-12-13 00:00:00+08:00,386.1848846304006,393.7902762314369,380.2695800518167,392.1001892089844,314528,0.0,0.0
2018-12-14 00:00:00+08:00,397.1704265283413,397.1704265283413,385.3398180785609,393.7902526855469,370303,0.0,0.0
2018-12-17 00:00:00+08:00,388.71996073270213,393.7902210900852,382.3821352859733,382.8046569824219,214252,0.0,0.0
2018-12-18 00:00:00+08:00,384.0722801131431,387.45245419554703,374.7768013865324,376.4668884277344,349133,0.0,0.0
2018-12-19 00:00:00+08:00,379.42449498809543,385.7623206282084,378.5794515694137,381.9596252441406,380250,0.0,0.0
2018-12-20 00:00:00+08:00,373.5092361056309,380.69210603073924,373.5092361056309,376.4668884277344,219000,0.0,0.0
2018-12-21 00:00:00+08:00,371.819155900838,378.156982421875,368.4389817562849,378.156982421875,218007,0.0,0.0
2018-12-24 00:00:00+08:00,376.4668482015995,377.7344133470594,370.5515441894531,370.5515441894531,122338,0.0,0.0
2018-12-25 00:00:00+08:00,364.21376873452067,364.21376873452067,355.7633332650422,362.523681640625,393063,0.0,0.0
2018-12-26 00:00:00+08:00,366.74887813631244,375.62183486541676,357.4533996582031,357.4533996582031,286825,0.0,0.0
2018-12-27 00:00:00+08:00,370.9741161916051,374.3542903710275,363.3687242879048,373.5092468261719,268328,0.0,0.0
2018-12-28 00:00:00+08:00,373.5092356127362,374.354279132222,363.36871337890625,363.36871337890625,254820,0.0,0.0
2019-01-02 00:00:00+08:00,368.8614409996184,390.41004751849647,368.8614409996184,382.8046569824219,1210821,0.0,0.0
2019-01-03 00:00:00+08:00,376.8894210055943,377.31194277802206,367.59394201218277,373.5092468261719,578550,0.0,0.0
2019-01-04 00:00:00+08:00,367.59388456408607,378.5794489303691,364.6362326193176,377.7344055175781,303375,0.0,0.0
2019-01-07 00:00:00+08:00,384.4947932575243,389.1425325166812,378.57948874587004,383.6497497558594,543120,0.0,0.0
2019-01-08 00:00:00+08:00,381.9596278484854,387.87493181959024,374.3542370284934,386.1848449707031,398322,0.0,0.0
2019-01-09 00:00:00+08:00,381.537120384506,403.93077196853574,381.537120384506,400.55059814453125,833476,0.0,0.0
2019-01-10 00:00:00+08:00,402.6632484467432,410.691162109375,399.7055960447209,410.691162109375,775235,0.0,0.0
2019-01-11 00:00:00+08:00,408.1559773334704,410.6911076274671,401.3956298828125,401.3956298828125,477889,0.0,0.0
2019-01-14 00:00:00+08:00,398.8604995888158,404.3532818924753,395.0578041478207,401.3956298828125,375160,0.0,0.0
2019-01-15 00:00:00+08:00,404.7757840243253,420.40908674760294,402.66317554820665,418.2964782714844,702149,0.0,0.0
2019-01-16 00:00:00+08:00,415.7613597051335,427.591967501621,412.3811860489942,417.4514465332031,682010,0.0,0.0
2019-01-17 00:00:00+08:00,419.1415591909866,419.1415591909866,407.3109506654345,409.00103759765625,422415,0.0,0.0
2019-01-18 00:00:00+08:00,409.84605449626065,416.18388008125436,407.7334459679294,415.3388366699219,278200,0.0,0.0
2019-01-21 00:00:00+08:00,415.338842512391,419.1415379168788,412.38119053112274,414.91632080078125,190516,0.0,0.0
2019-01-22 00:00:00+08:00,413.6487849380977,415.76139364564676,411.1136544890389,412.8037414550781,105645,0.0,0.0
2019-01-23 00:00:00+08:00,412.80369790329826,417.45143656955855,407.73343754010523,411.5361328125,182084,0.0,0.0
2019-01-24 00:00:00+08:00,411.1136311911176,423.3667610005137,411.1136311911176,414.4938049316406,620204,0.0,0.0
2019-01-25 00:00:00+08:00,414.9163586298625,441.95775063832605,405.6208801269531,405.6208801269531,2413607,0.0,0.0
2019-01-28 00:00:00+08:00,409.8460998535156,413.64879562535236,406.88844758653147,409.8460998535156,606225,0.0,0.0
2019-01-29 00:00:00+08:00,405.62092599693256,416.1839709447693,402.6632734115382,413.226318359375,557330,0.0,0.0
2019-01-30 00:00:00+08:00,415.761380859375,423.36677197265624,411.53616357421873,422.521728515625,536640,0.0,0.0
2019-02-11 00:00:00+08:00,425.0569171454963,441.95778860257366,421.67674285408077,429.2821350097656,1061413,0.0,0.0
2019-02-12 00:00:00+08:00,435.19741611854704,436.0424596449908,427.592024380553,430.9721984863281,611635,0.0,0.0
2019-02-13 00:00:00+08:00,440.26764398779574,458.0135567013153,439.42260052524716,448.71807861328125,1961272,0.0,0.0
2019-02-14 00:00:00+08:00,448.71808088897063,455.4784286236444,439.4226027537942,441.9577331542969,1149794,0.0,0.0
2019-02-15 00:00:00+08:00,458.01353811471284,474.91440667983136,453.7883209734332,458.85858154296875,3237721,0.0,0.0
2019-02-18 00:00:00+08:00,466.4640394422743,474.06943138970274,451.25325554741755,456.3235168457031,1296002,0.0,0.0
2019-02-19 00:00:00+08:00,462.238821693703,463.0838652434173,450.4082119977033,456.3235168457031,867559,0.0,0.0
2019-02-20 00:00:00+08:00,464.7738709741709,468.1540445812558,450.4081331440602,455.4783935546875,767406,0.0,0.0
2019-02-21 00:00:00+08:00,458.013613925891,458.8586574940199,443.6478732676988,451.2532653808594,1038941,0.0,0.0
2019-02-22 00:00:00+08:00,450.40821296938003,458.858648484753,441.95777745400704,445.33795166015625,887280,0.0,0.0
2019-02-25 00:00:00+08:00,447.8730169756417,459.70362497122466,444.49284326261795,458.85858154296875,864688,0.0,0.0
2019-02-26 00:00:00+08:00,464.7738664352586,464.7738664352586,453.7883023195161,458.0135192871094,475860,0.0,0.0
2019-02-27 00:00:00+08:00,456.32348856794727,460.5487060546875,447.8730535944668,460.5487060546875,536020,0.0,0.0
2019-03-04 00:00:00+08:00,474.9143661193292,479.9846262558345,457.1684556415607,463.9288024902344,1223858,0.0,0.0
2019-03-05 00:00:00+08:00,469.8441584406673,469.8441584406673,462.23876738677154,468.9991149902344,824381,0.0,0.0
2019-03-06 00:00:00+08:00,472.37929346941524,472.37929346941524,459.70364158740944,466.4639892578125,486564,0.0,0.0
2019-03-07 00:00:00+08:00,466.4640295007727,468.9991600958856,458.858637715434,461.3937683105469,252007,0.0,0.0
2019-03-08 00:00:00+08:00,456.3234697762182,456.3234697762182,445.337904763087,448.71807861328125,573288,0.0,0.0
2019-03-11 00:00:00+08:00,448.71805260398173,452.098226258249,442.802748709014,446.18292236328125,426090,0.0,0.0
2019-03-12 00:00:00+08:00,457.16851323876676,457.16851323876676,445.337904763087,448.71807861328125,388945,0.0,0.0
2019-03-13 00:00:00+08:00,447.0279749143169,447.8730183451569,440.2676274675976,441.1126708984375,419395,0.0,0.0
2019-03-14 00:00:00+08:00,442.80279541015625,451.25323043706766,438.5775778967006,442.80279541015625,721294,0.0,0.0
2019-03-15 00:00:00+08:00,446.1829601469494,446.1829601469494,423.36678604852585,425.90191650390625,1202363,0.0,0.0
2019-03-18 00:00:00+08:00,426.7469365417722,431.8171971739517,421.67667590959275,427.59197998046875,926069,0.0,0.0
2019-03-19 00:00:00+08:00,430.1271906389509,443.64788818359375,427.5920598493304,443.64788818359375,1092628,0.0,0.0
2019-03-20 00:00:00+08:00,441.95775190746514,447.028012923612,437.73253439400946,442.80279541015625,708390,0.0,0.0
2019-03-21 00:00:00+08:00,444.49290322357757,447.8730773925781,438.5775984278265,447.8730773925781,321451,0.0,0.0
2019-03-22 00:00:00+08:00,450.408123217131,453.78829674971735,446.1829063013981,449.5630798339844,412070,0.0,0.0
2019-03-25 00:00:00+08:00,442.8028050720922,442.8028050720922,436.04245690305265,437.7325439453125,307718,0.0,0.0
2019-03-26 00:00:00+08:00,440.2676210671831,450.40814208984375,439.422577648628,450.40814208984375,392250,0.0,0.0
2019-03-27 00:00:00+08:00,445.33788805263714,450.4081486376766,441.1126708984375,441.1126708984375,236040,0.0,0.0
2019-03-28 00:00:00+08:00,441.1127573939732,445.33797537667414,440.26771379743303,443.64788818359375,248406,0.0,0.0
2019-03-29 00:00:00+08:00,442.8027551529255,447.02797228224733,436.887451171875,436.887451171875,410384,0.0,0.0
2019-04-01 00:00:00+08:00,436.8875409960747,440.2677153944969,432.6623229980469,432.6623229980469,592139,0.0,0.0
2019-04-02 00:00:00+08:00,434.3523629358573,444.492885027745,434.3523629358573,436.0424499511719,696023,0.0,0.0
2019-04-03 00:00:00+08:00,436.0424617434011,445.3379405790162,433.50733115186966,435.1974182128906,409375,0.0,0.0
2019-04-08 00:00:00+08:00,439.422525281104,452.94321836667643,439.422525281104,452.0981750488281,597313,0.0,0.0
2019-04-09 00:00:00+08:00,455.4784264845007,468.9991218903486,454.6333830216352,459.7036437988281,955850,0.0,0.0
2019-04-10 00:00:00+08:00,459.7036060741467,468.1540400093332,454.63334571303477,458.0135192871094,538571,0.0,0.0
2019-04-11 00:00:00+08:00,458.0136078435724,466.464043412642,458.0136078435724,464.7739562988281,573768,0.0,0.0
2019-04-12 00:00:00+08:00,459.7036385856526,460.548682038935,436.04242189374395,440.26763916015625,865195,0.0,0.0
2019-04-15 00:00:00+08:00,447.87303023969827,448.71807369298074,437.7325088003089,440.26763916015625,397272,0.0,0.0
2019-04-16 00:00:00+08:00,444.49283740703873,446.18292424128606,437.73249007004955,439.4225769042969,286100,0.0,0.0
2019-04-17 00:00:00+08:00,441.9577861314409,457.168570357762,441.11274256331194,451.2532653808594,497318,0.0,0.0
2019-04-18 00:00:00+08:00,452.0982951038289,455.47846927282944,446.1829903080778,447.8730773925781,340203,0.0,0.0
2019-04-19 00:00:00+08:00,447.028033850328,454.63342573057935,447.028033850328,447.8730773925781,216128,0.0,0.0
2019-04-22 00:00:00+08:00,452.9433426468461,458.85864749484597,449.563168447989,456.3235168457031,312130,0.0,0.0
2019-04-23 00:00:00+08:00,460.5486631125044,468.99909729805495,449.5630986712887,450.40814208984375,694175,0.0,0.0
2019-04-24 00:00:00+08:00,452.09832258827186,462.2388457117471,451.2532789946489,454.6334533691406,399075,0.0,0.0
2019-04-25 00:00:00+08:00,452.0982244121495,458.85857169307883,447.0279639514525,452.9432678222656,377250,0.0,0.0
2019-04-26 00:00:00+08:00,452.94321836667643,453.7882616845247,447.87295845958675,452.0981750488281,271200,0.0,0.0
2019-04-29 00:00:00+08:00,452.098226258249,454.63335649894947,446.18292236328125,446.18292236328125,636771,0.0,0.0
2019-04-30 00:00:00+08:00,441.9577331542969,443.6478200879653,426.7469507512809,441.9577331542969,817125,0.0,0.0
2019-05-02 00:00:00+08:00,441.95777650056067,459.70369104456023,439.4226458514178,456.3235168457031,481648,0.0,0.0
2019-05-03 00:00:00+08:00,463.92884015258124,466.46397042663904,454.6333624810359,465.6189270019531,1253047,0.0,0.0
2019-05-06 00:00:00+08:00,452.94333864607904,456.3235128150796,445.3379467658277,447.8730773925781,542704,0.0,0.0
2019-05-07 00:00:00+08:00,452.94321836667643,458.85852159161436,447.87295845958675,452.0981750488281,619085,0.0,0.0
2019-05-08 00:00:00+08:00,447.87303531871123,463.08381765029014,446.1829483929803,459.7036437988281,544052,0.0,0.0
2019-05-09 00:00:00+08:00,460.54864381489006,463.0837739643298,446.1829063013981,449.5630798339844,372253,0.0,0.0
2019-05-10 00:00:00+08:00,454.6333584125225,454.6333584125225,437.73249007004955,439.4225769042969,489032,0.0,0.0
2019-05-13 00:00:00+08:00,437.73257073830433,443.6478757482814,427.59204786405786,429.2821350097656,196320,0.0,0.0
2019-05-14 00:00:00+08:00,423.36682999978854,432.6623093011811,412.80378533911517,429.2821350097656,543142,0.0,0.0
2019-05-15 00:00:00+08:00,430.97215170062475,437.73249917828156,426.7469345270892,434.3523254394531,286070,0.0,0.0
2019-05-16 00:00:00+08:00,430.97217741466704,433.50730787004744,425.90191650390625,425.90191650390625,192132,0.0,0.0
2019-05-17 00:00:00+08:00,425.90193732766545,436.8875031714346,425.90193732766545,430.9721984863281,453475,0.0,0.0
2019-05-20 00:00:00+08:00,430.9721630859375,430.9721630859375,416.1839025878906,422.521728515625,852280,0.0,0.0
2019-05-21 00:00:00+08:00,414.91640050624443,417.87405305567796,409.8461389929298,415.7614440917969,595487,0.0,0.0
2019-05-22 00:00:00+08:00,418.2965580109627,424.2118628717238,415.7614273563508,419.1416015625,719051,0.0,0.0
2019-05-23 00:00:00+08:00,409.84612452730215,409.84612452730215,389.56507918986864,397.17047119140625,902436,0.0,0.0
2019-05-24 00:00:00+08:00,393.36773334997224,406.4659070705406,390.4100812195213,398.0154724121094,731762,0.0,0.0
2019-05-27 00:00:00+08:00,398.0155147471326,400.5506454143118,393.3677751906374,397.17047119140625,224000,0.0,0.0
2019-05-28 00:00:00+08:00,397.1704300374084,399.28303870782014,384.4947780149379,389.14251708984375,465155,0.0,0.0
2019-05-29 00:00:00+08:00,379.42453758509595,394.2127990722656,378.5794940715434,394.2127990722656,922150,0.0,0.0
2019-05-30 00:00:00+08:00,396.32536929481904,403.5082384611431,391.67763042249175,401.3956298828125,274400,0.0,0.0
2019-05-31 00:00:00+08:00,401.8181578650841,412.80372264372994,401.8181578650841,411.95867919921875,840271,0.0,0.0
2019-06-03 00:00:00+08:00,404.35329853404653,411.5361679959888,404.35329853404653,409.00103759765625,264073,0.0,0.0
2019-06-04 00:00:00+08:00,409.4235781010893,411.95870861564714,407.31096933895776,409.8460998535156,160998,0.0,0.0
2019-06-05 00:00:00+08:00,413.2262716293335,417.45148913065594,405.1983583768209,405.6208801269531,346052,0.0,0.0
2019-06-06 00:00:00+08:00,405.1983266141402,411.11363065230285,400.55058772701244,403.50823974609375,173676,0.0,0.0
2019-06-10 00:00:00+08:00,406.8884661639178,412.8037709679623,406.8884661639178,410.691162109375,508155,0.0,0.0
2019-06-11 00:00:00+08:00,410.69110820332514,415.3388470821693,409.00102133829085,412.3811950683594,338079,0.0,0.0
2019-06-12 00:00:00+08:00,413.226273872926,413.226273872926,408.1560128438104,409.8460998535156,130098,0.0,0.0
2019-06-13 00:00:00+08:00,404.3532723225994,415.3388366699219,404.3532723225994,415.3388366699219,278113,0.0,0.0
2019-06-14 00:00:00+08:00,416.1839709447693,417.8740581364232,412.38127476354805,413.226318359375,134135,0.0,0.0
2019-06-17 00:00:00+08:00,411.53615163584226,417.4514556634622,409.84606477080797,412.3811950683594,162700,0.0,0.0
2019-06-18 00:00:00+08:00,409.4235572739403,426.7469482421875,409.4235572739403,426.7469482421875,525863,0.0,0.0
2019-06-19 00:00:00+08:00,430.972188905228,442.80279801243034,428.4370583822561,436.0424499511719,569956,0.0,0.0
2019-06-20 00:00:00+08:00,435.1973643201463,437.73249459773933,431.8171906166888,436.887451171875,243130,0.0,0.0
2019-06-21 00:00:00+08:00,439.4226027537942,444.4928635547995,435.1973854196231,441.9577331542969,374056,0.0,0.0
2019-06-24 00:00:00+08:00,441.95776645697435,441.95776645697435,432.6622876213592,435.1974182128906,197407,0.0,0.0
2019-06-25 00:00:00+08:00,435.19734437612607,436.0423877632642,423.36673695619254,425.05682373046875,198305,0.0,0.0
2019-06-26 00:00:00+08:00,421.67665018191633,427.5919538918831,420.8316067947782,425.05682373046875,200105,0.0,0.0
2019-06-27 00:00:00+08:00,427.5919779617963,434.3523254394531,425.9018910923821,434.3523254394531,220170,0.0,0.0
2019-06-28 00:00:00+08:00,436.04240140047943,448.71805260398173,436.04240140047943,446.18292236328125,400260,0.0,0.0
2019-07-01 00:00:00+08:00,455.4783935546875,458.01352376000114,449.563089742289,455.4783935546875,390094,0.0,0.0
2019-07-02 00:00:00+08:00,452.94337801515945,457.16859609365906,451.2532907837596,453.7884216308594,162963,0.0,0.0
2019-07-03 00:00:00+08:00,451.25328055245535,453.7884113420759,440.26771379743303,443.64788818359375,207000,0.0,0.0
2019-07-04 00:00:00+08:00,446.1829433331334,447.0279867864158,438.5775522535913,440.26763916015625,137000,0.0,0.0
2019-07-05 00:00:00+08:00,440.2676793959534,445.3379405790162,435.1974182128906,435.1974182128906,220000,0.0,0.0
2019-07-08 00:00:00+08:00,435.197452218192,447.87310616629463,435.197452218192,443.64788818359375,281000,0.0,0.0
2019-07-09 00:00:00+08:00,447.87310616629463,455.47849853515623,443.64788818359375,443.64788818359375,695000,0.0,0.0
2019-07-10 00:00:00+08:00,453.78829674971735,453.78829674971735,446.1829063013981,449.5630798339844,193000,0.0,0.0
2019-07-11 00:00:00+08:00,452.0982144505405,452.0982144505405,442.8027371440808,447.0279541015625,369989,0.0,0.0
2019-07-12 00:00:00+08:00,452.09823549935646,452.09823549935646,441.1126708984375,441.1126708984375,255898,0.0,0.0
2019-07-15 00:00:00+08:00,444.4928635547995,444.4928635547995,437.73251582012574,441.9577331542969,269155,0.0,0.0
2019-07-16 00:00:00+08:00,446.18300397208566,454.63343965337515,446.18300397208566,451.2532653808594,603610,0.0,0.0
2019-07-17 00:00:00+08:00,452.9432678222656,455.4783980526141,449.563094181801,452.9432678222656,343560,0.0,0.0
2019-07-18 00:00:00+08:00,453.78831308538264,453.78831308538264,446.18292236328125,446.18292236328125,211400,0.0,0.0
2019-07-19 00:00:00+08:00,452.0983089489883,454.63343965337515,448.7181346764725,451.2532653808594,305063,0.0,0.0
2019-07-22 00:00:00+08:00,454.6334533691406,456.32354055638655,449.56319180740303,454.6334533691406,398125,0.0,0.0
2019-07-23 00:00:00+08:00,456.3235207297585,471.5343047540838,452.9433465021307,464.7739562988281,1077008,0.0,0.0
2019-07-24 00:00:00+08:00,463.0837986842484,467.30901582552804,458.01353811471284,458.85858154296875,542564,0.0,0.0
2019-07-25 00:00:00+08:00,458.858637715434,462.2388118422512,454.63342005691254,461.3937683105469,481814,0.0,0.0
2019-07-26 00:00:00+08:00,461.39377814398875,461.39377814398875,452.0982990971318,456.3235168457031,346912,0.0,0.0
2019-07-29 00:00:00+08:00,456.32344601972915,458.8585762753943,448.7180552527336,450.40814208984375,259727,0.0,0.0
2019-07-30 00:00:00+08:00,455.478423596358,455.478423596358,433.5072937011719,433.5072937011719,698278,0.0,0.0
2019-07-31 00:00:00+08:00,436.0424077460106,441.1126683011968,434.3523208942819,436.887451171875,515021,0.0,0.0
2019-08-01 00:00:00+08:00,433.50726416990335,449.56308876878865,432.662220769962,444.4928283691406,405927,0.0,0.0
2019-08-02 00:00:00+08:00,441.9577861314409,451.2532653808594,434.35239401828034,451.2532653808594,829681,0.0,0.0
2019-08-05 00:00:00+08:00,451.25321128947326,451.25321128947326,437.73251582012574,441.9577331542969,581775,0.0,0.0
2019-08-06 00:00:00+08:00,432.6622480806142,442.80276952000355,432.6622480806142,440.26763916015625,589621,0.0,0.0
2019-08-07 00:00:00+08:00,443.64784859322214,447.02802267774194,436.04245690305265,437.7325439453125,462491,0.0,0.0
2019-08-08 00:00:00+08:00,441.95771432927745,448.7180617759968,439.42258403675766,441.1126708984375,350343,0.0,0.0
2019-08-12 00:00:00+08:00,441.11266373854414,447.8730110755333,439.4225769042969,439.4225769042969,389710,0.0,0.0
2019-08-13 00:00:00+08:00,439.4226191820207,442.80279317572854,436.04244518831285,438.57757568359375,225975,0.0,0.0
2019-08-14 00:00:00+08:00,446.1830189732143,449.563193359375,443.64788818359375,443.64788818359375,362625,0.0,0.0
2019-08-15 00:00:00+08:00,437.73249007004955,442.80275057279147,436.0424032358023,439.4225769042969,145356,0.0,0.0
2019-08-16 00:00:00+08:00,442.802741569258,447.02795856896466,437.73248116960997,444.4928283691406,291917,0.0,0.0
2019-08-19 00:00:00+08:00,445.3379788666048,475.75954858045253,445.3379788666048,467.3091125488281,1192382,0.0,0.0
2019-08-20 00:00:00+08:00,468.1541275516633,479.1396937216482,467.309084000126,471.5343017578125,599383,0.0,0.0
2019-08-21 00:00:00+08:00,473.2243322423987,477.449549494563,467.30902808936867,468.9991149902344,310851,0.0,0.0
2019-08-22 00:00:00+08:00,473.22441948784723,490.1252916124132,470.68928866916235,486.7451171875,1067062,0.0,0.0
2019-08-23 00:00:00+08:00,489.2801180317842,504.49089890323864,479.98464083256204,485.0549011230469,1018367,0.0,0.0
2019-08-26 00:00:00+08:00,477.5510283970035,477.5510283970035,463.73400045061646,464.5975646972656,503216,12.310445,0.0
2019-08-27 00:00:00+08:00,472.36956419768154,478.4145129168475,466.3246154785156,466.3246154785156,604091,0.0,0.0
2019-08-28 00:00:00+08:00,472.369541543313,473.23310560463534,464.59746499141204,465.4610290527344,347385,0.0,0.0
2019-08-29 00:00:00+08:00,469.77888607011073,470.6424501989161,464.59750129727865,468.0517578125,281532,0.0,0.0
2019-08-30 00:00:00+08:00,473.23318750718056,474.96031592873965,467.18823803172387,469.7789306640625,295314,0.0,0.0
2019-09-02 00:00:00+08:00,469.77890840814916,471.50603674788505,465.4610875588096,468.91534423828125,306805,0.0,0.0
2019-09-03 00:00:00+08:00,472.3696149633565,476.6874359410837,466.32466559453843,470.6424865722656,437316,0.0,0.0
2019-09-04 00:00:00+08:00,471.50600009494354,473.23312830041954,465.46105137577763,466.3246154785156,284876,0.0,0.0
2019-09-05 00:00:00+08:00,477.55098593696044,480.14167844656424,464.5975233889416,468.91534423828125,524740,0.0,0.0
2019-09-06 00:00:00+08:00,468.91538881451896,469.7789530664794,460.27974629491456,461.143310546875,256880,0.0,0.0
2019-09-10 00:00:00+08:00,468.91533264501135,468.91533264501135,462.0068194568712,463.73394775390625,284226,0.0,0.0
2019-09-11 00:00:00+08:00,462.00677280744503,465.4610290527344,462.00677280744503,465.4610290527344,139300,0.0,0.0
2019-09-12 00:00:00+08:00,470.6424314958336,476.68738015724796,466.32461102339477,473.2331237792969,444901,0.0,0.0
2019-09-16 00:00:00+08:00,470.6424314958336,473.2331237792969,468.91530330685805,473.2331237792969,159573,0.0,0.0
2019-09-17 00:00:00+08:00,473.2331682794744,480.1416816850142,473.2331682794744,474.9602966308594,324504,0.0,0.0
2019-09-18 00:00:00+08:00,475.8237935681666,475.8237935681666,470.64240924619014,472.3695373535156,211082,0.0,0.0
2019-09-19 00:00:00+08:00,472.36960410378197,479.2781175093217,472.36960410378197,474.9602966308594,315740,0.0,0.0
2019-09-20 00:00:00+08:00,477.5509488141095,480.1416411223235,466.3246154785156,466.3246154785156,453000,0.0,0.0
2019-09-23 00:00:00+08:00,467.18813697801045,474.0966491699219,464.5974449060437,474.0966491699219,284279,0.0,0.0
2019-09-24 00:00:00+08:00,472.36960410378197,474.9602966308594,469.77891157670456,474.9602966308594,213390,0.0,0.0
2019-09-25 00:00:00+08:00,474.09671505630126,475.82384334430236,467.1882019042969,467.1882019042969,140235,0.0,0.0
2019-09-26 00:00:00+08:00,468.0517939856293,472.3696149633565,468.0517939856293,470.6424865722656,246355,0.0,0.0
2019-09-27 00:00:00+08:00,468.0517436839916,469.7788718894676,465.46105137577763,466.3246154785156,147275,0.0,0.0
2019-10-01 00:00:00+08:00,471.5060729980469,473.23320147056717,468.05181605300623,471.5060729980469,213770,0.0,0.0
2019-10-02 00:00:00+08:00,471.5060374125677,478.41455078125,469.7789090703971,478.41455078125,207993,0.0,0.0
2019-10-03 00:00:00+08:00,478.41455078125,479.2781149523353,475.8238582679941,478.41455078125,122750,0.0,0.0
2019-10-04 00:00:00+08:00,481.00525552546446,504.3214887376504,481.00525552546446,502.5943603515625,1292429,0.0,0.0
2019-10-07 00:00:00+08:00,505.18505558423107,510.3664407697103,495.6858494108523,499.1401062011719,355802,0.0,0.0
2019-10-08 00:00:00+08:00,494.82227070226077,500.86721990804756,481.0052439461767,487.91375732421875,673278,0.0,0.0
2019-10-09 00:00:00+08:00,487.9137327750231,487.9137327750231,467.1881936836947,468.0517578125,563673,0.0,0.0
2019-10-14 00:00:00+08:00,473.2331791589019,479.27812852772,468.0517939856293,470.6424865722656,618927,0.0,0.0
2019-10-15 00:00:00+08:00,473.2331509123007,473.2331509123007,464.5975094722952,467.1882019042969,613049,0.0,0.0
2019-10-16 00:00:00+08:00,473.2331650876209,475.8238575972246,467.1882158985454,468.91534423828125,472532,0.0,0.0
2019-10-17 00:00:00+08:00,471.50599559032133,475.8238160627602,468.91530330685805,473.2331237792969,356473,0.0,0.0
2019-10-18 00:00:00+08:00,473.2331560101425,495.6858239960252,471.5060277035362,492.2315673828125,1113186,0.0,0.0
2019-10-21 00:00:00+08:00,492.23163428255674,497.41301990658366,485.3231201171875,485.3231201171875,293063,0.0,0.0
2019-10-22 00:00:00+08:00,485.32307254729176,487.0502009193462,476.6874306870197,477.5509948730469,303336,0.0,0.0
2019-10-23 00:00:00+08:00,478.4146030816931,488.7773742675781,478.4146030816931,488.7773742675781,390836,0.0,0.0
2019-10-24 00:00:00+08:00,496.5493408950059,496.5493408950059,487.0501361126666,493.9586486816406,625328,0.0,0.0
2019-10-25 00:00:00+08:00,493.9587866673166,506.91225135264835,493.9587866673166,501.7308654785156,611520,0.0,0.0
2019-10-28 00:00:00+08:00,507.77580644630063,512.0936279296875,506.91224214962324,512.0936279296875,702188,0.0,0.0
2019-10-29 00:00:00+08:00,512.0935397338867,519.0020529174805,509.5028472900391,518.1384887695312,873640,0.0,0.0
2019-10-30 00:00:00+08:00,513.8206236976445,519.002008138293,507.77567518355454,516.4113159179688,577336,0.0,0.0
2019-10-31 00:00:00+08:00,512.9571029585367,517.274923690511,502.5943332017986,508.6392822265625,804812,0.0,0.0
2019-11-01 00:00:00+08:00,508.6392862955729,513.8206712153919,481.00523338987114,492.2315673828125,1638461,0.0,0.0
2019-11-04 00:00:00+08:00,495.68580402819634,519.002035228129,495.68580402819634,510.36639404296875,1260000,0.0,0.0
2019-11-05 00:00:00+08:00,512.9571038818359,522.4563095092774,509.5028472900391,518.1384887695312,820000,0.0,0.0
2019-11-06 00:00:00+08:00,512.0935397338867,519.0020529174805,510.3664114379883,518.1384887695312,558000,0.0,0.0
2019-11-07 00:00:00+08:00,508.6393349340407,512.0935918775656,503.4579495187533,509.5028991699219,410000,0.0,0.0
2019-11-08 00:00:00+08:00,506.0486533662193,510.36647464067505,502.59439634665466,505.1850891113281,372300,0.0,0.0
2019-11-11 00:00:00+08:00,500.8672678368723,512.0936031504574,500.8672678368723,505.1850891113281,464000,0.0,0.0
2019-11-12 00:00:00+08:00,511.22996880332767,511.22996880332767,503.45789157489867,506.048583984375,362000,0.0,0.0
2019-11-13 00:00:00+08:00,505.18501984788287,516.4113536222803,505.18501984788287,506.048583984375,428000,0.0,0.0
2019-11-14 00:00:00+08:00,510.36636168381267,511.22992574757546,498.2764647911335,500.8671569824219,440000,0.0,0.0
2019-11-15 00:00:00+08:00,505.185003475267,514.6842086688191,505.185003475267,507.77569580078125,274479,0.0,0.0
2019-11-18 00:00:00+08:00,512.0935292645919,526.7741194795971,511.2299651342975,522.456298828125,974000,0.0,0.0
2019-11-19 00:00:00+08:00,529.364812974806,556.9988652018758,528.50124884271,531.9555053710938,1934000,0.0,0.0
2019-11-20 00:00:00+08:00,531.9554461761935,531.9554461761935,510.3663452761856,515.5477294921875,1059000,0.0,0.0
2019-11-21 00:00:00+08:00,511.22992574757546,512.0934898113383,495.6857725998451,500.8671569824219,1047000,0.0,0.0
2019-11-22 00:00:00+08:00,504.3214132374731,511.22992574757546,497.4129007273707,500.8671569824219,853070,0.0,0.0
2019-11-25 00:00:00+08:00,505.185003475267,509.50282401779066,504.3214393667623,507.77569580078125,339000,0.0,0.0
2019-11-26 00:00:00+08:00,512.0934287191438,516.4112485228467,509.5027368369223,513.820556640625,369000,0.0,0.0
2019-11-27 00:00:00+08:00,517.2748596793726,528.5011921932822,515.5477316003097,525.0469360351562,638000,0.0,0.0
2019-11-28 00:00:00+08:00,527.6377287929498,533.6826782226562,524.1834719759746,533.6826782226562,544000,0.0,0.0
2019-11-29 00:00:00+08:00,533.6826834193056,533.6826834193056,517.2749633789062,517.2749633789062,264752,0.0,0.0
2019-12-02 00:00:00+08:00,517.2749772928529,519.0021057646154,506.9122064622782,509.5028991699219,204000,0.0,0.0
2019-12-03 00:00:00+08:00,512.0935140558191,512.0935140558191,502.59430890469935,511.2299499511719,381000,0.0,0.0
2019-12-04 00:00:00+08:00,507.7757818760016,512.0936031504574,505.1850891113281,505.1850891113281,231000,0.0,0.0
2019-12-05 00:00:00+08:00,508.6391728761817,514.6841206013655,506.0484809939601,513.820556640625,275000,0.0,0.0
2019-12-06 00:00:00+08:00,517.274923690511,518.1384878369057,506.0485897873779,508.6392822265625,303672,0.0,0.0
2019-12-09 00:00:00+08:00,511.2299854853382,512.9571138146805,503.4579080032976,504.32147216796875,320000,0.0,0.0
2019-12-10 00:00:00+08:00,502.59439634665466,510.36647464067505,502.59439634665466,505.1850891113281,142000,0.0,0.0
2019-12-11 00:00:00+08:00,505.18498296323025,518.1384440648516,502.594290742906,516.4113159179688,504000,0.0,0.0
2019-12-12 00:00:00+08:00,522.4561962480304,522.4561962480304,509.5027368369223,513.820556640625,379000,0.0,0.0
2019-12-13 00:00:00+08:00,517.2748596793726,533.6825764304713,512.0934754421836,525.0469360351562,968564,0.0,0.0
2019-12-16 00:00:00+08:00,526.7740804842202,533.6825930151608,520.7291320196473,523.31982421875,467000,0.0,0.0
2019-12-17 00:00:00+08:00,526.774076281619,531.9554606384874,524.1833841031848,530.2283325195312,504000,0.0,0.0
2019-12-18 00:00:00+08:00,534.5462367608295,537.1369293461001,525.9105948099276,531.0919799804688,543000,0.0,0.0
2019-12-19 00:00:00+08:00,535.4097947106385,535.4097947106385,519.0020751953125,519.0020751953125,309000,0.0,0.0
2019-12-20 00:00:00+08:00,525.9105661010742,525.9105661010742,517.274924621582,518.1384887695312,262594,0.0,0.0
2019-12-23 00:00:00+08:00,522.4563095092774,522.4563095092774,518.1384887695312,518.1384887695312,104000,0.0,0.0
2019-12-24 00:00:00+08:00,523.3198961203983,526.774152860467,519.0020751953125,519.0020751953125,180000,0.0,0.0
2019-12-25 00:00:00+08:00,518.1385275915588,521.5927844421692,515.5478349536011,517.2749633789062,124000,0.0,0.0
2019-12-26 00:00:00+08:00,520.7291483089624,525.9105328692506,516.4113278420556,521.5927124023438,135000,0.0,0.0
2019-12-27 00:00:00+08:00,523.31982421875,526.7740804842202,522.4562601523824,523.31982421875,86117,0.0,0.0
2019-12-30 00:00:00+08:00,523.3198629584194,525.0469912190083,519.0020423069473,522.456298828125,104000,0.0,0.0
2019-12-31 00:00:00+08:00,526.7741590050179,535.4098009559198,526.7741590050179,531.0919799804688,556370,0.0,0.0
2020-01-02 00:00:00+08:00,530.2283533361574,530.2283533361574,519.8655842155811,521.5927124023438,575000,0.0,0.0
2020-01-03 00:00:00+08:00,525.0470010080645,525.9105651544593,507.7757180801676,508.6392822265625,660549,0.0,0.0
2020-01-06 00:00:00+08:00,508.63929223931063,509.50285640270505,493.09513729821117,494.822265625,543000,0.0,0.0
2020-01-07 00:00:00+08:00,500.0035383116524,508.63917800615417,494.82215449495135,503.4577941894531,620000,0.0,0.0
2020-01-08 00:00:00+08:00,494.8223180526342,506.0486533662193,494.8223180526342,505.1850891113281,357000,0.0,0.0
2020-01-09 00:00:00+08:00,509.5028936070925,509.5028936070925,504.3215082483763,506.9122009277344,273000,0.0,0.0
2020-01-10 00:00:00+08:00,514.6842113057121,527.6376729996477,513.820647192783,526.7741088867188,926000,0.0,0.0
2020-01-13 00:00:00+08:00,534.5460876369625,553.5444946289062,532.818959728604,553.5444946289062,1480000,0.0,0.0
2020-01-14 00:00:00+08:00,553.5446383662156,553.5446383662156,543.1818682251944,544.9089965820312,609000,0.0,0.0
2020-01-15 00:00:00+08:00,544.9088907166013,546.63601873789,535.4096865995132,543.1817626953125,547000,0.0,0.0
2020-01-16 00:00:00+08:00,543.181841237418,555.2717391345942,539.7275846953676,550.9539184570312,1695000,0.0,0.0
2020-01-17 00:00:00+08:00,550.9538797727773,559.5895205215669,549.2267516230194,551.8174438476562,873781,0.0,0.0
2020-01-20 00:00:00+08:00,555.2717107928241,586.3600180844908,554.4081467013889,582.90576171875,1319222,0.0,0.0
2020-01-30 00:00:00+08:00,556.9988265310883,559.5895187475119,538.8639810161226,542.3182373046875,910000,0.0,0.0
2020-01-31 00:00:00+08:00,535.4098017286843,556.9989066370989,531.9555449433379,550.0903930664062,773771,0.0,0.0
2020-02-03 00:00:00+08:00,538.0004090548338,538.0004090548338,521.5926919247506,530.2283325195312,631000,0.0,0.0
2020-02-04 00:00:00+08:00,533.6826230846166,546.6360848099713,533.6826230846166,536.2733154296875,468000,0.0,0.0
2020-02-05 00:00:00+08:00,544.0453924649004,557.8624183052788,533.6826230846166,536.2733154296875,836000,0.0,0.0
2020-02-06 00:00:00+08:00,542.3182837363402,563.0438232421875,542.3182837363402,563.0438232421875,813000,0.0,0.0
2020-02-07 00:00:00+08:00,563.0438232421875,563.0438232421875,563.0438232421875,563.0438232421875,0,0.0,0.0
2020-02-10 00:00:00+08:00,567.3616663887526,576.8608723709083,562.1802813075768,563.9074096679688,903215,0.0,0.0
2020-02-11 00:00:00+08:00,571.679384591498,582.9057169173128,566.4980004411218,581.1785888671875,1043000,0.0,0.0
2020-02-12 00:00:00+08:00,585.496325524602,607.0854230734443,585.496325524602,596.72265625,1670000,0.0,0.0
2020-02-13 00:00:00+08:00,603.6312282508528,617.448252073476,603.6312282508528,613.1304321289062,1647000,0.0,0.0
2020-02-14 00:00:00+08:00,639.0375897296063,664.9445190429688,626.0841250729251,664.9445190429688,3910927,0.0,0.0
2020-02-17 00:00:00+08:00,645.9459770680774,649.4002336299387,628.6746942587705,633.8560791015625,1465000,0.0,0.0
2020-02-18 00:00:00+08:00,630.401899827634,654.5816987251324,628.6747713349556,632.1290283203125,1397000,0.0,0.0
2020-02-19 00:00:00+08:00,641.6281468098958,649.4002239583333,632.9925055338542,647.673095703125,920000,0.0,0.0
2020-02-20 00:00:00+08:00,647.6730718845274,667.5350460889863,637.310302734375,637.310302734375,1157000,0.0,0.0
2020-02-21 00:00:00+08:00,639.0374249309099,649.4001939838436,632.9924763166986,634.7196044921875,833078,0.0,0.0
2020-02-24 00:00:00+08:00,622.6297101068762,629.5382228403784,617.4483255567498,618.3118896484375,863000,0.0,0.0
2020-02-25 00:00:00+08:00,608.8126121843364,620.9025080291318,604.4947922397668,613.1304321289062,1209000,0.0,0.0
2020-02-26 00:00:00+08:00,618.3117537988422,628.6745206222865,591.5412728382778,596.72265625,1745000,0.0,0.0
2020-02-27 00:00:00+08:00,607.0855844463417,608.8127127093469,575.9972757122474,576.86083984375,1082000,0.0,0.0
2020-03-02 00:00:00+08:00,566.4981022085566,579.4515649114962,563.9074096679688,563.9074096679688,1185000,0.0,0.0
2020-03-03 00:00:00+08:00,585.4963412568601,597.5862362090667,580.3149577059144,594.9955444335938,1519000,0.0,0.0
2020-03-04 00:00:00+08:00,589.8142897499292,592.404982091437,567.3616227901955,571.679443359375,1421000,0.0,0.0
2020-03-05 00:00:00+08:00,593.268462923132,627.8110226275355,593.268462923132,622.629638671875,3245000,0.0,0.0
2020-03-06 00:00:00+08:00,614.8576718203672,625.2204415701486,608.8127227996613,617.4483642578125,1366000,0.0,0.0
2020-03-09 00:00:00+08:00,604.4948991792293,607.9491557459677,575.997282503637,588.9507446289062,1544000,0.0,0.0
2020-03-10 00:00:00+08:00,591.5413047201941,597.5862523596707,573.4064618017649,593.2684326171875,1419000,0.0,0.0
2020-03-11 00:00:00+08:00,599.313397198468,606.2219089817356,574.2700419841228,575.1336059570312,1131000,0.0,0.0
2020-03-12 00:00:00+08:00,566.4981053712562,571.6794904813592,518.1385110102954,519.0020751953125,1974000,0.0,0.0
2020-03-13 00:00:00+08:00,519.0020751953125,519.0020751953125,519.0020751953125,519.0020751953125,0,0.0,0.0
2020-03-16 00:00:00+08:00,501.7308320917635,540.5912235618656,500.8672678368723,505.1850891113281,2254000,0.0,0.0
2020-03-17 00:00:00+08:00,492.23164518114544,522.4563953238473,482.73243799343913,490.5045166015625,1581000,0.0,0.0
2020-03-18 00:00:00+08:00,504.32147216796875,522.4563196260635,498.27652301527047,504.32147216796875,1729000,0.0,0.0
2020-03-19 00:00:00+08:00,504.3214278420568,505.18499193082744,454.2347106933594,454.2347106933594,1378000,0.0,0.0
2020-03-20 00:00:00+08:00,474.0967089064578,493.9586839608267,470.6424523752632,487.0501708984375,1684000,0.0,0.0
2020-03-23 00:00:00+08:00,465.46110961016484,479.27813698263725,452.5076464484719,469.7789306640625,1109000,0.0,0.0
2020-03-24 00:00:00+08:00,483.5958811271948,516.4113159179688,483.5958811271948,516.4113159179688,990000,0.0,0.0
2020-03-25 00:00:00+08:00,556.13525625,556.13525625,535.40971875,539.7275390625,1026000,0.0,0.0
2020-03-26 00:00:00+08:00,547.4996572205157,557.8624267578125,528.5012464021382,557.8624267578125,1018000,0.0,0.0
2020-03-27 00:00:00+08:00,570.8158985925099,582.9057965959821,537.1368970114087,544.04541015625,1232000,0.0,0.0
2020-03-30 00:00:00+08:00,536.2733178976721,556.9988567536207,535.4097537786741,555.271728515625,981000,0.0,0.0
2020-03-31 00:00:00+08:00,573.4065581092539,588.0871476994005,545.7725071160369,556.9988403320312,1609000,0.0,0.0
2020-04-01 00:00:00+08:00,563.9073426231971,564.7709067007211,550.9538814603366,561.316650390625,461000,0.0,0.0
2020-04-06 00:00:00+08:00,569.0888114964358,569.952375702045,557.8624768235168,562.1802978515625,623000,0.0,0.0
2020-04-07 00:00:00+08:00,577.7244213109883,586.3600628851435,568.2252155794174,584.6329345703125,1456000,0.0,0.0
2020-04-08 00:00:00+08:00,575.9972346106241,594.995644148006,574.2701064708621,594.132080078125,1106000,0.0,0.0
2020-04-09 00:00:00+08:00,596.7228954519024,597.5864597000239,564.7710182714098,565.6345825195312,1135000,0.0,0.0
2020-04-10 00:00:00+08:00,569.9523315429688,575.1337163751775,565.6345108494614,569.9523315429688,525000,0.0,0.0
2020-04-13 00:00:00+08:00,569.9523151317031,576.8608280423905,566.4980586763595,571.679443359375,376000,0.0,0.0
2020-04-14 00:00:00+08:00,577.7243041992188,591.5413279169878,574.2700482697766,577.7243041992188,663000,0.0,0.0
2020-04-15 00:00:00+08:00,585.4964315261614,588.9506877593541,581.1786112346706,582.0421752929688,418000,0.0,0.0
2020-04-16 00:00:00+08:00,582.0422198955829,602.7677588829628,582.0422198955829,583.7693481445312,1021000,0.0,0.0
2020-04-17 00:00:00+08:00,595.8591756655302,601.9041238244558,590.6777915293081,597.5863037109375,1180000,0.0,0.0
2020-04-20 00:00:00+08:00,598.4498193953987,602.7676391601562,589.8141798658835,602.7676391601562,744000,0.0,0.0
2020-04-21 00:00:00+08:00,599.313483976375,620.0390223271429,596.722791682529,611.4033813476562,1730000,0.0,0.0
2020-04-22 00:00:00+08:00,611.4034428921461,620.9026489257812,601.9042368585111,620.9026489257812,906000,0.0,0.0
2020-04-23 00:00:00+08:00,620.9026489257812,620.9026489257812,620.9026489257812,620.9026489257812,0,0.0,0.0
2020-04-24 00:00:00+08:00,617.4483432112069,645.9459590517241,613.1305226293103,626.083984375,1560000,0.0,0.0
2020-04-27 00:00:00+08:00,626.0840732075045,633.8561513576667,618.3119950573424,620.0391235351562,857000,0.0,0.0
2020-04-28 00:00:00+08:00,622.6297279094828,626.083984375,603.6313173491379,626.083984375,992000,0.0,0.0
2020-04-29 00:00:00+08:00,626.0840510274028,636.4468215271667,620.9026657775208,628.6747436523438,643000,0.0,0.0
2020-04-30 00:00:00+08:00,632.9924822551448,638.173866830221,626.0839694883765,637.310302734375,625000,0.0,0.0
2020-05-04 00:00:00+08:00,632.1289323851582,669.2621893422099,631.265368269878,661.4901123046875,2378000,0.0,0.0
2020-05-05 00:00:00+08:00,661.4901123046875,677.8978304950126,659.762984074127,661.4901123046875,1276000,0.0,0.0
2020-05-06 00:00:00+08:00,662.3537425254402,664.0808709283749,636.4468164814205,645.0824584960938,933000,0.0,0.0
2020-05-07 00:00:00+08:00,652.8543863068841,658.8993343282441,646.809438285524,651.1272583007812,635000,0.0,0.0
2020-05-08 00:00:00+08:00,657.1723421296805,676.170754122917,654.5816495851483,675.3071899414062,1179000,0.0,0.0
2020-05-11 00:00:00+08:00,676.17060836792,690.8511962890625,667.5349684143066,690.8511962890625,1049000,0.0,0.0
2020-05-12 00:00:00+08:00,685.669926689478,693.4420039441445,673.5800287377743,678.7614135742188,751000,0.0,0.0
2020-05-13 00:00:00+08:00,671.8529718572444,693.4420776367188,671.8529718572444,693.4420776367188,658000,0.0,0.0
2020-05-14 00:00:00+08:00,695.169124788451,725.3938693444705,690.851304137591,711.5768432617188,1560000,0.0,0.0
2020-05-15 00:00:00+08:00,725.3938601369815,770.2991943359375,712.4403983488212,770.2991943359375,2698000,0.0,0.0
2020-05-18 00:00:00+08:00,759.0728617756683,766.8449388586956,734.0295022859136,734.89306640625,1426000,0.0,0.0
2020-05-19 00:00:00+08:00,749.5736646957049,783.2526657592216,746.9829723062036,756.482177734375,1808000,0.0,0.0
2020-05-20 00:00:00+08:00,765.9814282115337,778.0713267402389,742.6651953347452,758.2093505859375,1152000,0.0,0.0
2020-05-21 00:00:00+08:00,766.8449800604312,771.1628008941047,743.5287475585938,743.5287475585938,712000,0.0,0.0
2020-05-22 00:00:00+08:00,743.5288366098873,750.4373507711871,734.0296296381001,737.48388671875,709000,0.0,0.0
2020-05-25 00:00:00+08:00,751.3006804391239,771.1626524507329,745.2557324355907,768.5719604492188,1088000,0.0,0.0
2020-05-26 00:00:00+08:00,775.4805115839453,841.9749429781143,770.2991273194646,819.5222778320312,2135000,0.0,0.0
2020-05-27 00:00:00+08:00,828.1579757090739,851.4742065163158,781.5255140945901,791.0247192382812,1817000,0.0,0.0
2020-05-28 00:00:00+08:00,793.6154009732332,795.3425291581588,759.9364013671875,759.9364013671875,1607000,0.0,0.0
2020-05-29 00:00:00+08:00,766.8449570766714,773.7534702034884,742.6651611328125,742.6651611328125,1419000,0.0,0.0
2020-06-01 00:00:00+08:00,762.5271266432113,784.1162298890554,747.8465364360374,756.482177734375,1663000,0.0,0.0
2020-06-02 00:00:00+08:00,765.9813908324321,767.7085191093936,722.8031839083942,723.666748046875,1699000,0.0,0.0
2020-06-03 00:00:00+08:00,731.4388369881146,746.1194275770142,713.3039897900622,728.84814453125,1566000,0.0,0.0
2020-06-04 00:00:00+08:00,751.3007604425603,772.0262986616655,741.8015554254705,759.9364013671875,2135000,0.0,0.0
2020-06-05 00:00:00+08:00,776.3441006543305,776.3441006543305,744.3922299933625,752.164306640625,1217000,0.0,0.0
2020-06-08 00:00:00+08:00,764.2542323521205,773.7534375,755.6185913085938,755.6185913085938,1619000,0.0,0.0
2020-06-09 00:00:00+08:00,759.9363926478795,773.75341796875,753.0278799874443,773.75341796875,1074000,0.0,0.0
2020-06-10 00:00:00+08:00,772.8898716710548,803.1146152559564,772.8898716710548,781.5255126953125,1943000,0.0,0.0
2020-06-11 00:00:00+08:00,793.6154438192914,859.246318389766,793.6154438192914,832.475830078125,3630000,0.0,0.0
2020-06-12 00:00:00+08:00,803.9781570999711,843.7021047117848,803.1145930214534,816.0680541992188,1828000,0.0,0.0
2020-06-15 00:00:00+08:00,830.7486790679027,845.4292690306411,786.7069091796875,786.7069091796875,1502000,0.0,0.0
2020-06-16 00:00:00+08:00,820.3859525419622,820.3859525419622,798.7968485276999,814.3410034179688,1047000,0.0,0.0
2020-06-17 00:00:00+08:00,824.7036578560081,826.4307859352878,795.342480508255,800.5238647460938,760000,0.0,0.0
2020-06-18 00:00:00+08:00,807.4323598787585,857.5190731118793,807.4323598787585,844.5656127929688,2119000,0.0,0.0
2020-06-19 00:00:00+08:00,854.9285722547962,880.8354986867597,846.2929301108084,856.6557006835938,1829000,0.0,0.0
2020-06-22 00:00:00+08:00,863.5642143987841,867.882035470778,847.1564943252072,856.6557006835938,784000,0.0,0.0
2020-06-23 00:00:00+08:00,880.8353777629573,885.1531982421875,849.7470703125,849.7470703125,957000,0.0,0.0
2020-06-24 00:00:00+08:00,872.1996569057593,924.0134979100619,854.9283765709919,893.7887573242188,1996000,0.0,0.0
2020-06-29 00:00:00+08:00,889.4710433530998,911.0601463471071,854.9284785626883,860.10986328125,1246000,0.0,0.0
2020-06-30 00:00:00+08:00,872.199690871229,880.8353313749045,843.7020772090997,848.0198974609375,1056000,0.0,0.0
2020-07-01 00:00:00+08:00,857.5191573199104,880.8353881835938,857.5191573199104,880.8353881835938,697000,0.0,0.0
2020-07-02 00:00:00+08:00,902.4245739244435,945.602783203125,889.4711111408391,945.602783203125,1565000,0.0,0.0
2020-07-03 00:00:00+08:00,941.2849841139833,954.2384471981208,911.0602369176628,936.9671630859375,1206000,0.0,0.0
2020-07-06 00:00:00+08:00,932.6490511507601,975.8272479632953,919.6955921069996,958.5559692382812,1036000,0.0,0.0
2020-07-07 00:00:00+08:00,975.827447083939,988.7809087708939,915.3779592114826,928.3314208984375,1495000,0.0,0.0
2020-07-08 00:00:00+08:00,928.3315102113496,945.6027941222585,915.378047278168,941.2849731445312,922000,0.0,0.0
2020-07-09 00:00:00+08:00,1010.3700704028428,1010.3700704028428,971.5096830796566,980.1453247070312,1544000,0.0,0.0
2020-07-10 00:00:00+08:00,967.1919037441038,975.827545741819,915.3780517578125,915.3780517578125,902000,0.0,0.0
2020-07-13 00:00:00+08:00,924.013778250558,932.6494210379464,889.4712071010044,906.7424926757812,1008000,0.0,0.0
2020-07-14 00:00:00+08:00,906.7422175752944,924.0134979100619,876.5174769894512,893.7887573242188,1348000,0.0,0.0
2020-07-15 00:00:00+08:00,902.4245100754957,928.3314338097206,898.106689453125,898.106689453125,1443000,0.0,0.0
2020-07-16 00:00:00+08:00,915.3780744043411,980.1453909895539,915.3780744043411,954.2384643554688,2095000,0.0,0.0
2020-07-17 00:00:00+08:00,954.2383442723474,958.5561648346658,915.3779592114826,928.3314208984375,942000,0.0,0.0
2020-07-20 00:00:00+08:00,932.6492765852548,932.6492765852548,861.8370166963743,889.4710693359375,1631000,0.0,0.0
2020-07-21 00:00:00+08:00,902.4244873612015,941.2848719844112,898.1066668475115,932.6492309570312,1213000,0.0,0.0
2020-07-22 00:00:00+08:00,945.602783203125,954.2384250588613,928.3314994916524,945.602783203125,538000,0.0,0.0
2020-07-23 00:00:00+08:00,958.5562350186434,958.5562350186434,928.3314888694069,949.9205932617188,560000,0.0,0.0
2020-07-24 00:00:00+08:00,945.60268495141,954.2383259098704,872.1997368044969,885.1531982421875,1028000,0.0,0.0
2020-07-27 00:00:00+08:00,919.6957195957311,919.6957195957311,889.470977637186,902.4244384765625,687000,0.0,0.0
2020-07-28 00:00:00+08:00,906.7423948523117,967.1918878424657,906.7423948523117,945.602783203125,1592000,0.0,0.0
2020-07-29 00:00:00+08:00,980.1453506260702,980.1453506260702,919.6958576359161,945.602783203125,1470000,0.0,0.0
2020-07-30 00:00:00+08:00,958.556110776704,1006.0521342836578,936.9670091826341,1001.7343139648438,1576000,0.0,0.0
2020-07-31 00:00:00+08:00,1019.0057157628676,1101.0443115234375,1001.7344324448529,1101.0443115234375,2450000,0.0,0.0
2020-08-03 00:00:00+08:00,1118.3155487312758,1139.9046519886363,1027.6413150503615,1044.91259765625,2001000,0.0,0.0
2020-08-04 00:00:00+08:00,1062.1839599609375,1066.5017809363885,1006.052287280075,1062.1839599609375,1438000,0.0,0.0
2020-08-05 00:00:00+08:00,1053.5482177734375,1075.1373205966636,1036.2769355148566,1053.5482177734375,798000,0.0,0.0
2020-08-06 00:00:00+08:00,1075.1372900998444,1092.4085718685167,1040.5947265625,1040.5947265625,1031000,0.0,0.0
2020-08-07 00:00:00+08:00,1049.2304397583007,1070.8195434570312,1027.6413360595702,1036.2769775390625,821000,0.0,0.0
2020-08-10 00:00:00+08:00,1040.5947292277906,1044.912549681018,936.9670383503344,988.7808837890625,1986000,0.0,0.0
2020-08-11 00:00:00+08:00,993.0985266883094,993.0985266883094,941.2846905132672,958.5559692382812,1435000,0.0,0.0
2020-08-12 00:00:00+08:00,958.5561867297534,971.509648712588,898.1066974765258,919.69580078125,1781000,0.0,0.0
2020-08-13 00:00:00+08:00,945.602822144107,984.4632120952348,928.3315377213836,954.2384643554688,1338000,0.0,0.0
2020-08-14 00:00:00+08:00,941.2849477582273,975.8275146484375,906.7423808680171,975.8275146484375,921000,0.0,0.0
2020-08-17 00:00:00+08:00,980.1453424098687,1014.6879095432562,949.9205961681547,997.4166259765625,1373000,0.0,0.0
2020-08-18 00:00:00+08:00,980.1453247070312,1006.0522495891555,962.8740414522819,980.1453247070312,1430000,0.0,0.0
2020-08-19 00:00:00+08:00,997.4165970651727,1023.3235216642681,975.8274932325932,984.463134765625,941000,0.0,0.0
2020-08-20 00:00:00+08:00,1001.7343156761098,1006.0521360022999,889.4709871951665,924.0135498046875,1509000,0.0,0.0
2020-08-21 00:00:00+08:00,945.6026924981011,958.556154039171,928.3314104433413,932.6492309570312,728000,0.0,0.0
2020-08-24 00:00:00+08:00,941.4680953574392,994.0151518425056,923.9524098624171,989.63623046875,814000,15.069503,0.0
2020-08-25 00:00:00+08:00,1007.1517739060748,1007.1517739060748,972.1204078571678,976.4993286132812,514000,0.0,0.0
2020-08-26 00:00:00+08:00,972.120226708528,985.2569865289136,928.331027307243,937.0888671875,894000,0.0,0.0
2020-08-27 00:00:00+08:00,941.468047379328,958.9837319817342,923.952362776922,932.710205078125,685000,0.0,0.0
2020-08-28 00:00:00+08:00,950.2257574314024,950.2257574314024,897.6787109375,897.6787109375,1085000,0.0,0.0
2020-08-31 00:00:00+08:00,915.1944113511305,923.9522526080791,897.6787288372333,910.8154907226562,586000,0.0,0.0
2020-09-01 00:00:00+08:00,902.0578451635631,958.9838256835938,893.3000020066353,958.9838256835938,1002000,0.0,0.0
2020-09-02 00:00:00+08:00,985.2573394775391,1050.941162109375,963.3627319335938,1050.941162109375,1999000,0.0,0.0
2020-09-03 00:00:00+08:00,1059.6988141290074,1068.4566555680901,1011.5306862140525,1015.9096069335938,853000,0.0,0.0
2020-09-04 00:00:00+08:00,980.8783238962156,998.3940082515052,945.8469551856365,954.6047973632812,884000,0.0,0.0
2020-09-07 00:00:00+08:00,958.9837785993303,958.9837785993303,874.9084884207589,919.573486328125,1126000,0.0,0.0
2020-09-08 00:00:00+08:00,937.0890945506887,937.0890945506887,902.0577265301022,923.9523315429688,825000,0.0,0.0
2020-09-09 00:00:00+08:00,888.9209935721098,932.710205078125,884.5420724215082,932.710205078125,755000,0.0,0.0
2020-09-10 00:00:00+08:00,963.3627164638536,1002.7730094101022,950.2259521484375,950.2259521484375,1561000,0.0,0.0
2020-09-11 00:00:00+08:00,954.6045919145857,980.8781127929689,937.088911328997,980.8781127929688,936000,0.0,0.0
2020-09-14 00:00:00+08:00,1007.1516624656883,1011.5305827372783,967.7413800213789,972.1203002929688,825000,0.0,0.0
2020-09-15 00:00:00+08:00,972.1206822460055,998.3942141986001,958.9839162697081,967.7417602539062,760000,0.0,0.0
2020-09-16 00:00:00+08:00,989.635968741724,1064.077612408137,985.2570485260527,1033.4251708984375,2242000,0.0,0.0
2020-09-17 00:00:00+08:00,1024.6673435520481,1046.561944909998,972.1203002929688,972.1203002929688,1389000,0.0,0.0
2020-09-18 00:00:00+08:00,976.4995114498727,998.3941193299147,963.3627467218475,994.0151977539062,1301000,0.0,0.0
2020-09-21 00:00:00+08:00,989.6361982865767,994.0151195179333,958.9837496670809,963.3626708984375,592000,0.0,0.0
2020-09-22 00:00:00+08:00,976.4993856740552,976.4993856740552,932.7101755541424,941.468017578125,747000,0.0,0.0
2020-09-23 00:00:00+08:00,950.2258938259549,989.6361843532986,950.2258938259549,985.2572631835938,789000,0.0,0.0
2020-09-24 00:00:00+08:00,945.8470307099655,972.1205593407977,941.4681092714933,950.2259521484375,606000,0.0,0.0
2020-09-25 00:00:00+08:00,958.9835985137195,967.7414395960366,888.9208698551829,897.6787109375,1412000,0.0,0.0
2020-09-28 00:00:00+08:00,910.8155167079208,910.8155167079208,873.1567982286509,884.5419921875,985000,0.0,0.0
2020-09-29 00:00:00+08:00,902.0576604833744,923.9522638931651,888.9208984375,888.9208984375,729000,0.0,0.0
2020-09-30 00:00:00+08:00,906.4367222377232,919.573486328125,888.9210367838542,919.573486328125,501000,0.0,0.0
2020-10-05 00:00:00+08:00,919.5733388264974,950.2257834540474,910.8154975043403,945.8468627929688,598000,0.0,0.0
2020-10-06 00:00:00+08:00,963.36243220738,980.8781127929689,950.2256717681886,980.8781127929688,600000,0.0,0.0
2020-10-07 00:00:00+08:00,976.4995119974494,976.4995119974494,950.225982526666,958.9838256835938,525000,0.0,0.0
2020-10-08 00:00:00+08:00,967.7416682978559,998.3941193299147,958.9838251458391,994.0151977539062,682000,0.0,0.0
2020-10-12 00:00:00+08:00,994.0149114194124,1020.2884333071502,980.8781504755435,1007.1516723632812,832000,0.0,0.0
2020-10-13 00:00:00+08:00,1015.9097448470744,1033.4254301030585,972.1205317071143,1029.0465087890625,887000,0.0,0.0
2020-10-14 00:00:00+08:00,1011.5305538177491,1029.0462344033378,976.4991926465716,980.8781127929688,885000,0.0,0.0
2020-10-15 00:00:00+08:00,980.8783743351063,1029.0465087890625,976.4994530211103,1029.0465087890625,900000,0.0,0.0
2020-10-16 00:00:00+08:00,1015.9097448470744,1050.9411153590424,1002.7729809050863,1029.0465087890625,894000,0.0,0.0
2020-10-19 00:00:00+08:00,1029.0464748806423,1033.4253960503472,972.1204996744792,985.2572631835938,838000,0.0,0.0
2020-10-20 00:00:00+08:00,980.8781127929689,1002.7727135249547,967.7413523537773,980.8781127929688,616000,0.0,0.0
2020-10-21 00:00:00+08:00,994.0151977539062,1015.9098056339483,980.8784330258811,994.0151977539062,930000,0.0,0.0
2020-10-22 00:00:00+08:00,998.3941198897688,1011.5308846251605,954.6049041051299,958.9838256835938,669000,0.0,0.0
2020-10-23 00:00:00+08:00,967.741592129794,985.2572770552201,958.9837496670809,963.3626708984375,407000,0.0,0.0
2020-10-26 00:00:00+08:00,976.4994028073933,980.8783238962156,945.8469551856365,954.6047973632812,479000,0.0,0.0
2020-10-27 00:00:00+08:00,932.7102962128104,958.9838256835938,932.7102962128104,958.9838256835938,622000,0.0,0.0
2020-10-28 00:00:00+08:00,972.1205449737279,998.3940732162611,958.9837808524613,989.63623046875,1417000,0.0,0.0
2020-10-29 00:00:00+08:00,980.8783877212389,1007.1519159637721,972.1205449737279,989.63623046875,1667000,0.0,0.0
2020-10-30 00:00:00+08:00,980.8783238962156,985.257244985038,919.5734286527021,954.6047973632812,4780000,0.0,0.0
2020-11-02 00:00:00+08:00,950.2256270078855,950.2256270078855,919.5731874269859,937.0888671875,2425000,0.0,0.0
2020-11-03 00:00:00+08:00,958.9837016260901,963.3626226380815,941.468017578125,941.468017578125,2278000,0.0,0.0
2020-11-04 00:00:00+08:00,941.4678314753942,980.8781127929689,941.4678314753942,980.8781127929688,812000,0.0,0.0
2020-11-05 00:00:00+08:00,980.878342013889,1007.1518690321182,976.4994208441841,985.2572631835938,1619000,0.0,0.0
2020-11-06 00:00:00+08:00,998.3941193299147,1055.320099818024,985.2573546018895,994.0151977539062,6755000,0.0,0.0
2020-11-09 00:00:00+08:00,1015.9098808092949,1042.1834122095354,1015.9098808092949,1024.667724609375,734000,0.0,0.0
2020-11-10 00:00:00+08:00,994.0149900648329,1007.1517520480686,932.7101008097331,945.8468627929688,1478000,0.0,0.0
2020-11-11 00:00:00+08:00,958.9837319817342,963.3626531323357,893.2999147227113,932.710205078125,2164000,0.0,0.0
2020-11-12 00:00:00+08:00,923.9524383544922,932.7102813720703,902.0578308105469,928.3313598632812,998000,0.0,0.0
2020-11-13 00:00:00+08:00,919.573317532334,932.7100792113674,910.8154764129786,915.1943969726562,490000,0.0,0.0
2020-11-16 00:00:00+08:00,919.573502079133,958.9837950253816,919.573502079133,950.2259521484375,781000,0.0,0.0
2020-11-17 00:00:00+08:00,958.9837785993303,967.7416213262649,910.8156436011905,919.573486328125,1087000,0.0,0.0
2020-11-18 00:00:00+08:00,910.8154764129786,923.9522380920118,906.4365558533008,915.1943969726562,1039000,0.0,0.0
2020-11-19 00:00:00+08:00,919.5734416263205,941.468047379328,919.5734416263205,932.710205078125,682000,0.0,0.0
2020-11-20 00:00:00+08:00,941.4681092714933,950.2259521484375,923.9524235176051,950.2259521484375,728000,0.0,0.0
2020-11-23 00:00:00+08:00,958.9837361653647,989.6361843532986,954.6048149956598,985.2572631835938,1073000,0.0,0.0
2020-11-24 00:00:00+08:00,985.257244985038,989.6361660738604,945.8469551856365,954.6047973632812,750000,0.0,0.0
2020-11-25 00:00:00+08:00,958.9836025694341,967.7414436887897,906.4365558533008,915.1943969726562,1320000,0.0,0.0
2020-11-26 00:00:00+08:00,923.9522526080791,937.0890144935021,902.0576494657076,910.8154907226562,1005000,0.0,0.0
2020-11-27 00:00:00+08:00,919.573317532334,928.3311586516896,910.8154764129786,915.1943969726562,607000,0.0,0.0
2020-11-30 00:00:00+08:00,919.5732846467391,923.9522050498189,893.2997622282609,906.4365234375,964000,0.0,0.0
2020-12-01 00:00:00+08:00,915.1944405268697,915.1944405268697,888.9209159184428,902.0576782226562,690000,0.0,0.0
2020-12-02 00:00:00+08:00,906.436552019817,915.1943931021341,888.9208698551829,897.6787109375,1088000,0.0,0.0
2020-12-03 00:00:00+08:00,902.0577570239143,932.710205078125,902.0577570239143,932.710205078125,767000,0.0,0.0
2020-12-04 00:00:00+08:00,941.4680931454614,941.4680931454614,910.8156436011905,919.573486328125,966000,0.0,0.0
2020-12-07 00:00:00+08:00,923.9522594875759,945.8468627929688,910.8154975043403,945.8468627929688,837000,0.0,0.0
2020-12-08 00:00:00+08:00,937.0891130079917,967.7415606297485,932.7101919191693,954.6047973632812,770000,0.0,0.0
2020-12-09 00:00:00+08:00,967.7413800213789,976.4992205645588,958.983539478199,972.1203002929688,615000,0.0,0.0
2020-12-10 00:00:00+08:00,972.1206822460055,989.636370214402,958.9839162697081,967.7417602539062,864000,0.0,0.0
2020-12-11 00:00:00+08:00,985.2573546018895,1015.9098056339483,972.1205898738643,994.0151977539062,1199000,0.0,0.0
2020-12-14 00:00:00+08:00,1015.9096069335939,1024.6674483726765,1002.7728447749697,1015.9096069335938,914000,0.0,0.0
2020-12-15 00:00:00+08:00,1037.8041922889943,1037.8041922889943,980.8782239355895,1002.7728271484375,943000,0.0,0.0
2020-12-16 00:00:00+08:00,1015.909889558233,1099.109406375502,1007.152045682731,1090.3515625,1792000,0.0,0.0
2020-12-17 00:00:00+08:00,1081.5935289171007,1112.2459771050349,985.2572631835938,985.2572631835938,2051000,0.0,0.0
2020-12-18 00:00:00+08:00,989.6360794870477,1015.9096037212171,976.499317369963,998.3939208984375,921000,0.0,0.0
2020-12-21 00:00:00+08:00,1015.9098056339483,1024.667648785965,994.0151977539062,994.0151977539062,502000,0.0,0.0
2020-12-22 00:00:00+08:00,989.6362767328411,1002.7730414682328,954.6049041051299,958.9838256835938,801000,0.0,0.0
2020-12-23 00:00:00+08:00,958.9837950253816,967.7416379023257,937.0891878330212,950.2259521484375,619000,0.0,0.0
2020-12-24 00:00:00+08:00,958.9837950253816,967.7416379023257,945.8470307099655,950.2259521484375,353000,0.0,0.0
2020-12-25 00:00:00+08:00,950.2258762744589,963.362639540926,937.0891130079917,954.6047973632812,340000,0.0,0.0
2020-12-28 00:00:00+08:00,950.2256270078855,950.2256270078855,932.7099472473715,937.0888671875,454000,0.0,0.0
2020-12-29 00:00:00+08:00,937.0892177912743,963.3627472620577,937.0892177912743,958.9838256835938,456000,0.0,0.0
2020-12-30 00:00:00+08:00,958.9836455888277,980.8782493693946,958.9836455888277,976.4993286132812,493000,0.0,0.0
2020-12-31 00:00:00+08:00,980.8781408361486,980.8781408361486,958.983539478199,972.1203002929688,352000,0.0,0.0
2021-01-04 00:00:00+08:00,972.1204723011363,1011.53076171875,954.6047881155303,1011.53076171875,888000,0.0,0.0
2021-01-05 00:00:00+08:00,994.0151977539062,1007.1519624819315,976.4995114498727,994.0151977539062,854000,0.0,0.0
2021-01-06 00:00:00+08:00,998.3939240554284,1055.319893409466,994.0150033358871,1015.9096069335938,1434000,0.0,0.0
2021-01-07 00:00:00+08:00,1033.425568409455,1050.9412560096155,1015.9098808092949,1024.667724609375,712000,0.0,0.0
2021-01-08 00:00:00+08:00,1050.941162109375,1112.2460632324219,1037.8043975830078,1085.9725341796875,1676000,0.0,0.0
2021-01-11 00:00:00+08:00,1085.9723628793724,1094.7302045154963,1055.3199171529384,1064.0777587890625,772000,0.0,0.0
2021-01-12 00:00:00+08:00,1064.0776596679689,1125.3825454101564,1055.3198188476563,1094.7301025390625,1262000,0.0,0.0
2021-01-13 00:00:00+08:00,1129.7616591125955,1164.7930283874045,1085.972447519084,1147.27734375,1758000,0.0,0.0
2021-01-14 00:00:00+08:00,1169.171962330935,1169.171962330935,1103.4881442224555,1107.8670654296875,762000,0.0,0.0
2021-01-15 00:00:00+08:00,1116.624984741211,1182.3088073730469,1116.624984741211,1121.00390625,1281000,0.0,0.0
2021-01-18 00:00:00+08:00,1138.519703815261,1147.2775476907632,1072.835874748996,1090.3515625,944000,0.0,0.0
2021-01-19 00:00:00+08:00,1107.867038973384,1191.0665399239545,1103.4881178707224,1151.65625,1211000,0.0,0.0
2021-01-20 00:00:00+08:00,1151.656386537905,1186.6877595124422,1125.3828568070023,1182.308837890625,914000,0.0,0.0
2021-01-21 00:00:00+08:00,1177.92985590357,1208.5823056854472,1160.4141703139258,1199.824462890625,873000,0.0,0.0
2021-01-22 00:00:00+08:00,1195.4452840909091,1261.129090909091,1186.6874431818183,1204.203125,904000,0.0,0.0
2021-01-25 00:00:00+08:00,1191.0666191846806,1208.5823047609258,1164.7930908203125,1164.7930908203125,613000,0.0,0.0
2021-01-26 00:00:00+08:00,1156.035216346154,1186.687665264423,1125.3827674278846,1138.51953125,740000,0.0,0.0
2021-01-27 00:00:00+08:00,1142.8984225906488,1164.7930283874045,1121.003816793893,1147.27734375,661000,0.0,0.0
2021-01-28 00:00:00+08:00,1121.0036989795917,1121.0036989795917,1046.5620470942283,1072.8355712890625,1313000,0.0,0.0
2021-01-29 00:00:00+08:00,1090.3515498894305,1116.6250812120675,1059.6990966796875,1059.6990966796875,824000,0.0,0.0
2021-02-01 00:00:00+08:00,1077.214796686747,1094.730484437751,1046.56234312249,1090.3515625,494000,0.0,0.0
2021-02-02 00:00:00+08:00,1103.4878621584007,1138.519222861842,1077.21434163082,1081.59326171875,1130000,0.0,0.0
2021-02-03 00:00:00+08:00,1090.3512462706078,1116.6247702771284,1072.835563599594,1112.245849609375,636000,0.0,0.0
2021-02-04 00:00:00+08:00,1112.2460632324219,1125.382827758789,1085.9725341796875,1085.9725341796875,627000,0.0,0.0
2021-02-05 00:00:00+08:00,1125.3826945754718,1160.4140625,1094.7302476415093,1160.4140625,1271000,0.0,0.0
2021-02-17 00:00:00+08:00,1195.4454345703125,1234.855723622081,1191.0665135645604,1195.4454345703125,1302000,0.0,0.0
2021-02-18 00:00:00+08:00,1195.4452840909091,1208.5820454545456,1169.1717613636363,1204.203125,875000,0.0,0.0
2021-02-19 00:00:00+08:00,1212.9610595703125,1226.0978219483302,1191.0664556069494,1212.9610595703125,726000,0.0,0.0
2021-02-22 00:00:00+08:00,1230.476742741003,1261.1291882897112,1199.8242971922946,1212.9610595703125,1066000,0.0,0.0
2021-02-23 00:00:00+08:00,1182.3086977186313,1212.9611454372623,1121.0038022813687,1151.65625,1413000,0.0,0.0
2021-02-24 00:00:00+08:00,1142.8984661938184,1142.8984661938184,1099.1092529296875,1099.1092529296875,822000,0.0,0.0
2021-02-25 00:00:00+08:00,1121.00390625,1142.8985137939453,1103.4882202148438,1121.00390625,773000,0.0,0.0
2021-02-26 00:00:00+08:00,1090.351119029371,1090.351119029371,1033.425156991693,1037.8040771484375,1136000,0.0,0.0
2021-03-02 00:00:00+08:00,1072.835340656218,1116.6245382340228,1068.4564208984375,1068.4564208984375,694000,0.0,0.0
2021-03-03 00:00:00+08:00,1099.1092529296875,1112.2460169089268,1064.0778823183828,1099.1092529296875,532000,0.0,0.0
2021-03-04 00:00:00+08:00,1094.7303613686463,1107.86712570507,1050.9411469139004,1055.320068359375,485000,0.0,0.0
2021-03-05 00:00:00+08:00,1050.1320460838608,1063.369004647943,1032.4827679984178,1045.7197265625,498000,9.121112,0.0
2021-03-08 00:00:00+08:00,1072.1935887037462,1094.2551851791318,1054.5443115234375,1054.5443115234375,661000,0.0,0.0
2021-03-09 00:00:00+08:00,1041.307234139278,1045.7195529280038,983.9470898858432,1023.657958984375,786000,0.0,0.0
2021-03-10 00:00:00+08:00,1036.8950005539325,1054.5442771591058,1006.0087664948792,1050.1319580078125,818000,0.0,0.0
2021-03-11 00:00:00+08:00,1054.5442771591058,1072.1935537642792,1041.3073197052258,1050.1319580078125,470000,0.0,0.0
2021-03-12 00:00:00+08:00,1072.1936577128176,1076.6059772918827,1041.307420659362,1063.3690185546875,463000,0.0,0.0
2021-03-15 00:00:00+08:00,1072.1936086880958,1072.1936086880958,1036.8950536695577,1041.307373046875,384000,0.0,0.0
2021-03-16 00:00:00+08:00,1045.7198365829533,1058.9567965396996,1028.070556640625,1028.070556640625,397000,0.0,0.0
2021-03-17 00:00:00+08:00,1036.8949938577318,1120.7290571909102,1036.8949938577318,1111.9044189453125,998000,0.0,0.0
2021-03-18 00:00:00+08:00,1111.9044189453125,1125.141376313709,1085.4305042085193,1111.9044189453125,595000,0.0,0.0
2021-03-19 00:00:00+08:00,1107.4921935034579,1107.4921935034579,1050.1320400550717,1076.60595703125,829000,0.0,0.0
2021-03-22 00:00:00+08:00,1063.3689648035622,1081.0182422276878,1050.132006735468,1072.193603515625,242000,0.0,0.0
2021-03-23 00:00:00+08:00,1076.6058729155725,1085.4305112181592,1045.7196388565192,1050.1319580078125,484000,0.0,0.0
2021-03-24 00:00:00+08:00,1045.7196388565192,1058.9565963103992,1028.0703622513458,1050.1319580078125,355000,0.0,0.0
2021-03-25 00:00:00+08:00,1050.1319580078125,1058.9565963103992,1028.0703622513458,1050.1319580078125,370000,0.0,0.0
2021-03-26 00:00:00+08:00,1050.1319922283603,1067.781269408669,1036.895034343129,1054.5443115234375,550000,0.0,0.0
2021-03-29 00:00:00+08:00,1067.781494140625,1067.781494140625,1050.1322132457385,1067.781494140625,400000,0.0,0.0
2021-03-30 00:00:00+08:00,1067.7811104910713,1103.0796595982142,1063.3687918526784,1081.01806640625,698000,0.0,0.0
2021-03-31 00:00:00+08:00,1076.605747767857,1089.8427036830358,1067.7811104910713,1081.01806640625,447000,0.0,0.0
2021-04-01 00:00:00+08:00,1094.2550223214284,1094.2550223214284,1063.3687918526784,1081.01806640625,568000,0.0,0.0
2021-04-07 00:00:00+08:00,1067.781550089518,1081.0185114542642,1058.9569091796875,1058.9569091796875,385000,0.0,0.0
2021-04-08 00:00:00+08:00,1063.3689501135918,1063.3689501135918,1041.307353638206,1054.5443115234375,702000,0.0,0.0
2021-04-09 00:00:00+08:00,1054.5445334694602,1094.2554154829545,1023.6582919034091,1067.781494140625,975000,0.0,0.0
2021-04-12 00:00:00+08:00,1067.7812893107787,1085.4305668200477,1032.4827342922404,1041.307373046875,535000,0.0,0.0
2021-04-13 00:00:00+08:00,1032.4828363833221,1041.3074760105299,1014.8335571289062,1014.8335571289062,447000,0.0,0.0
2021-04-14 00:00:00+08:00,1019.2458769425102,1023.6581967561142,979.5349986200748,1014.8335571289062,712000,0.0,0.0
2021-04-15 00:00:00+08:00,1014.8334047974658,1054.5442771591058,1001.5964473435859,1050.1319580078125,523000,0.0,0.0
2021-04-16 00:00:00+08:00,1054.5443595511015,1085.4305960233094,1050.1320400550717,1076.60595703125,430000,0.0,0.0
2021-04-19 00:00:00+08:00,1089.8426513671875,1094.2549697937752,1067.7810592342485,1089.8426513671875,304000,0.0,0.0
2021-04-20 00:00:00+08:00,1085.4306164500128,1089.842936029078,1063.3690185546875,1063.3690185546875,189000,0.0,0.0
2021-04-21 00:00:00+08:00,1072.1936645507812,1072.1936645507812,1032.4827880859375,1032.4827880859375,346000,0.0,0.0
2021-04-22 00:00:00+08:00,1050.1321008560506,1067.7813798620346,1036.8951416015625,1036.8951416015625,289000,0.0,0.0
2021-04-23 00:00:00+08:00,1041.307353638206,1067.781269408669,1032.482715048052,1054.5443115234375,379000,0.0,0.0
2021-04-26 00:00:00+08:00,1058.9566851265822,1067.7813241693038,1036.8950875197786,1045.7197265625,392000,0.0,0.0
2021-04-27 00:00:00+08:00,1058.9566851265822,1058.9566851265822,1036.8950875197786,1045.7197265625,326000,0.0,0.0
2021-04-28 00:00:00+08:00,1050.1319512261284,1142.7906528049045,1050.1319512261284,1111.9044189453125,1247000,0.0,0.0
2021-04-29 00:00:00+08:00,1169.2646894213956,1222.2125244140625,1151.6154110905065,1222.2125244140625,2517000,0.0,0.0
2021-05-03 00:00:00+08:00,1222.2124365936938,1257.5109907191434,1173.6769246712006,1226.624755859375,1306000,0.0,0.0
2021-05-04 00:00:00+08:00,1235.449398927583,1235.449398927583,1169.2646096993196,1195.738525390625,644000,0.0,0.0
2021-05-05 00:00:00+08:00,1182.5014686884842,1217.8000199926182,1120.72900390625,1120.72900390625,875000,0.0,0.0
2021-05-06 00:00:00+08:00,1142.7907127266499,1213.387822393161,1142.7907127266499,1182.5015869140625,892000,0.0,0.0
2021-05-07 00:00:00+08:00,1231.036849605996,1297.2216264665333,1200.1506204044117,1275.1600341796875,2369000,0.0,0.0
2021-05-10 00:00:00+08:00,1297.2220288348453,1297.2220288348453,1226.6249116193435,1231.0372314453125,1180000,0.0,0.0
2021-05-11 00:00:00+08:00,1208.9756406896254,1235.4495598288142,1173.6770818373736,1200.1510009765625,885000,0.0,0.0
2021-05-12 00:00:00+08:00,1182.5016616415162,1226.6248579714236,1085.4306297157202,1160.4400634765625,1272000,0.0,0.0
2021-05-13 00:00:00+08:00,1142.7906836876502,1182.5015568659855,1116.3167682354267,1147.2030029296875,684000,0.0,0.0
2021-05-14 00:00:00+08:00,1160.4398018973213,1204.56298828125,1129.5535714285713,1142.79052734375,731000,0.0,0.0
2021-05-17 00:00:00+08:00,1103.079908247683,1164.8523831095533,1085.4306297157202,1160.4400634765625,686000,0.0,0.0
2021-05-18 00:00:00+08:00,1186.9138868268565,1195.738525390625,1125.1414168804774,1195.738525390625,1016000,0.0,0.0
2021-05-19 00:00:00+08:00,1195.7385650058961,1213.3878427181603,1169.2646484375,1169.2646484375,521000,0.0,0.0
2021-05-20 00:00:00+08:00,1178.0891803046584,1226.6246896055993,1178.0891803046584,1186.913818359375,563000,0.0,0.0
2021-05-21 00:00:00+08:00,1200.1508101851853,1235.4493634259259,1182.501533564815,1191.326171875,676000,0.0,0.0
2021-05-24 00:00:00+08:00,1191.3262810505612,1253.0987548828125,1186.9139614911146,1253.0987548828125,605000,0.0,0.0
2021-05-25 00:00:00+08:00,1244.2740244408176,1323.695770681721,1217.8001090271832,1288.397216796875,1112000,0.0,0.0
2021-05-26 00:00:00+08:00,1292.8096449110242,1345.7574801974827,1270.748046875,1270.748046875,975000,0.0,0.0
2021-05-27 00:00:00+08:00,1270.748020658557,1319.283535336488,1270.748020658557,1314.8712158203125,689000,0.0,0.0
2021-05-28 00:00:00+08:00,1319.2834814453126,1354.5820361328126,1306.0465234375001,1323.69580078125,690000,0.0,0.0
2021-05-31 00:00:00+08:00,1341.3451605902778,1350.1697998046875,1319.2835625542534,1350.1697998046875,264000,0.0,0.0
2021-06-01 00:00:00+08:00,1354.5822393902276,1363.4068793862552,1288.397439420021,1301.6343994140625,455000,0.0,0.0
2021-06-02 00:00:00+08:00,1301.6339449239024,1323.6955372107484,1253.0984418928417,1275.1600341796875,454000,0.0,0.0
2021-06-03 00:00:00+08:00,1279.5725930703652,1319.2834666484111,1279.5725930703652,1306.0465087890625,272000,0.0,0.0
2021-06-04 00:00:00+08:00,1279.5727067913926,1288.3973461485746,1239.8618296840734,1257.5111083984375,622000,0.0,0.0
2021-06-07 00:00:00+08:00,1261.9232313368054,1314.8710592250632,1231.0369984019885,1310.458740234375,626000,0.0,0.0
2021-06-08 00:00:00+08:00,1297.2216964971824,1350.1695208440062,1297.2216964971824,1345.7572021484375,466000,0.0,0.0
2021-06-09 00:00:00+08:00,1345.75729215988,1345.75729215988,1297.2217832623105,1310.458740234375,404000,0.0,0.0
2021-06-10 00:00:00+08:00,1310.45887649891,1350.1697515443316,1310.45887649891,1328.108154296875,374000,0.0,0.0
2021-06-11 00:00:00+08:00,1328.108319402145,1328.108319402145,1292.809759418035,1301.6343994140625,307000,0.0,0.0
2021-06-15 00:00:00+08:00,1301.6342572717858,1332.5204938850147,1297.2219377556103,1314.8712158203125,328000,0.0,0.0
2021-06-16 00:00:00+08:00,1297.2220548304115,1301.6343747448007,1261.9234955152983,1266.3358154296875,390000,0.0,0.0
2021-06-17 00:00:00+08:00,1222.212428262789,1288.397216796875,1213.3877897915775,1288.397216796875,787000,0.0,0.0
2021-06-18 00:00:00+08:00,1275.1600341796875,1297.2216264665333,1231.036849605996,1275.1600341796875,606000,0.0,0.0
2021-06-21 00:00:00+08:00,1275.1601579814937,1288.3971146387412,1235.4492880097519,1244.27392578125,290000,0.0,0.0
2021-06-22 00:00:00+08:00,1266.335824584961,1266.335824584961,1213.3879852294922,1235.4495849609375,366000,0.0,0.0
2021-06-23 00:00:00+08:00,1261.92333984375,1261.92333984375,1217.8001461429196,1261.92333984375,629000,0.0,0.0
2021-06-24 00:00:00+08:00,1270.7480538256227,1279.5726930883006,1231.037177143572,1239.86181640625,406000,0.0,0.0
2021-06-25 00:00:00+08:00,1248.6865447998048,1253.0988647460938,1231.0372650146485,1235.4495849609375,250000,0.0,0.0
2021-06-28 00:00:00+08:00,1231.0370751250562,1244.2740329220999,1213.3877980623313,1226.624755859375,304000,0.0,0.0
2021-06-29 00:00:00+08:00,1235.4494487375453,1248.6864071168761,1200.1508930593297,1217.8001708984375,399000,0.0,0.0
2021-06-30 00:00:00+08:00,1217.8002048313401,1231.037163579507,1204.5632460831735,1222.2125244140625,358000,0.0,0.0
2021-07-01 00:00:00+08:00,1226.6248098179915,1244.2740876570992,1217.8001708984375,1217.8001708984375,219000,0.0,0.0
2021-07-02 00:00:00+08:00,1217.8001984072405,1253.0987548828125,1208.9755592883473,1253.0987548828125,448000,0.0,0.0
2021-07-05 00:00:00+08:00,1270.747939854452,1297.2218552680865,1253.098662912029,1288.397216796875,518000,0.0,0.0
2021-07-06 00:00:00+08:00,1275.1603124158137,1292.8095900963092,1248.68639589507,1279.5726318359375,432000,0.0,0.0
2021-07-07 00:00:00+08:00,1283.9849853515625,1306.0465830380153,1270.7480267396907,1283.9849853515625,241000,0.0,0.0
2021-07-08 00:00:00+08:00,1279.5726318359375,1292.8095900963092,1270.7479929956896,1279.5726318359375,186000,0.0,0.0
2021-07-09 00:00:00+08:00,1275.1604552584658,1288.3974150016334,1257.5111756009092,1266.3358154296875,212000,0.0,0.0
2021-07-12 00:00:00+08:00,1292.8095509297139,1314.8711473619614,1283.9849123568147,1306.0465087890625,302000,0.0,0.0
2021-07-13 00:00:00+08:00,1314.8711322105094,1350.1696860953552,1283.9848975612692,1288.397216796875,540000,0.0,0.0
2021-07-14 00:00:00+08:00,1288.3972272715553,1376.6436127011139,1288.3972272715553,1336.9327392578125,851000,0.0,0.0
2021-07-15 00:00:00+08:00,1336.9328091742452,1438.4161577254256,1332.5204896720202,1425.17919921875,1195000,0.0,0.0
2021-07-16 00:00:00+08:00,1407.5298194885254,1464.8899688720703,1403.1175003051758,1411.942138671875,576000,0.0,0.0
2021-07-19 00:00:00+08:00,1394.2928249616564,1456.0652918903374,1389.8805058953221,1438.416015625,561000,0.0,0.0
2021-07-20 00:00:00+08:00,1425.179226128819,1429.5915457143572,1358.9944323457469,1381.0560302734375,740000,0.0,0.0
2021-07-21 00:00:00+08:00,1447.240718283582,1517.8378264925373,1425.1791219682834,1478.126953125,1659000,0.0,0.0
2021-07-22 00:00:00+08:00,1473.7146875879785,1526.6625206749718,1464.8900487401463,1469.3023681640625,737000,0.0,0.0
2021-07-23 00:00:00+08:00,1486.9515608574636,1491.3638800291476,1416.3544541105218,1442.828369140625,657000,0.0,0.0
2021-07-26 00:00:00+08:00,1451.6529467773437,1579.610197405134,1451.6529467773437,1544.3116455078125,1018000,0.0,0.0
2021-07-27 00:00:00+08:00,1513.425537109375,1579.6103273619717,1491.3639403585096,1513.425537109375,704000,0.0,0.0
2021-07-28 00:00:00+08:00,1482.5392379303894,1504.600833732925,1389.8805355597399,1473.714599609375,1183000,0.0,0.0
2021-07-29 00:00:00+08:00,1491.3637333622685,1588.4347455929487,1491.3637333622685,1548.723876953125,1082000,0.0,0.0
2021-07-30 00:00:00+08:00,1513.4256252712673,1597.2596978081597,1486.951707628038,1509.0133056640625,1092000,0.0,0.0
2021-08-02 00:00:00+08:00,1531.0747566223145,1561.9609909057617,1522.2501182556152,1553.1363525390625,702000,0.0,0.0
2021-08-03 00:00:00+08:00,1526.6623695591518,1579.610197405134,1522.2500505719865,1544.3116455078125,781000,0.0,0.0
2021-08-04 00:00:00+08:00,1575.1979484558105,1610.4965019226074,1526.6624374389648,1553.1363525390625,1096000,0.0,0.0
2021-08-05 00:00:00+08:00,1592.8472952115335,1610.4965727208025,1500.1885882878707,1561.9610595703125,1702000,0.0,0.0
2021-08-06 00:00:00+08:00,1588.4348353794642,1588.4348353794642,1517.8377315848213,1544.3116455078125,477000,0.0,0.0
2021-08-09 00:00:00+08:00,1526.6625002906435,1526.6625002906435,1473.7146679106213,1482.539306640625,682000,0.0,0.0
2021-08-10 00:00:00+08:00,1486.9516458597268,1509.0132429793073,1438.4161321966496,1469.3023681640625,630000,0.0,0.0
2021-08-11 00:00:00+08:00,1469.3022841707282,1469.3022841707282,1403.1174965954701,1442.828369140625,792000,0.0,0.0
2021-08-12 00:00:00+08:00,1420.7669069226774,1473.714741963274,1411.9422677492446,1460.477783203125,466000,0.0,0.0
2021-08-13 00:00:00+08:00,1464.890074738777,1473.7147137432275,1411.9422407120742,1425.17919921875,465000,0.0,0.0
2021-08-16 00:00:00+08:00,1429.591479269567,1460.4777149327983,1420.7668405086436,1451.653076171875,297000,0.0,0.0
2021-08-17 00:00:00+08:00,1464.8899649990442,1464.8899649990442,1416.3544541105218,1442.828369140625,337000,0.0,0.0
2021-08-18 00:00:00+08:00,1425.179259518543,1469.302456407662,1411.9423004518073,1464.89013671875,527000,0.0,0.0
2021-08-19 00:00:00+08:00,1469.30228805542,1469.30228805542,1394.2928619384766,1411.942138671875,490000,0.0,0.0
2021-08-20 00:00:00+08:00,1416.3545939127603,1438.4161919487847,1394.292995876736,1429.591552734375,398000,0.0,0.0
2021-08-23 00:00:00+08:00,1458.6033913352273,1503.0730069247159,1454.1564297762784,1467.497314453125,272000,12.619813,0.0
2021-08-24 00:00:00+08:00,1471.944087475802,1516.4136973693307,1471.944087475802,1507.519775390625,417000,0.0,0.0
2021-08-25 00:00:00+08:00,1516.4138219816393,1525.307744691209,1489.7320538529302,1498.6259765625,429000,0.0,0.0
2021-08-26 00:00:00+08:00,1516.4138916015625,1516.4138916015625,1463.050352894176,1467.497314453125,320000,0.0,0.0
2021-08-27 00:00:00+08:00,1463.0502268473306,1494.178955078125,1458.6032656715029,1494.178955078125,218000,0.0,0.0
2021-08-30 00:00:00+08:00,1494.1790707236842,1534.201724403783,1480.8381861636512,1520.86083984375,409000,0.0,0.0
2021-08-31 00:00:00+08:00,1511.9667898995535,1556.4364013671875,1498.6259064592634,1556.4364013671875,582000,0.0,0.0
2021-09-01 00:00:00+08:00,1569.7773243223642,1707.6331233421752,1569.7773243223642,1676.50439453125,1634000,0.0,0.0
2021-09-02 00:00:00+08:00,1685.398318684896,1734.314892578125,1627.587822265625,1667.6104736328125,1054000,0.0,0.0
2021-09-03 00:00:00+08:00,1680.9514199323196,1712.0801499310662,1640.928767076788,1663.16357421875,626000,0.0,0.0
2021-09-06 00:00:00+08:00,1667.6104736328125,1698.7392024739584,1658.7165511067708,1667.6104736328125,450000,0.0,0.0
2021-09-07 00:00:00+08:00,1663.1636410431486,1672.057564257283,1596.4592169371401,1640.9288330078125,613000,0.0,0.0
2021-09-08 00:00:00+08:00,1632.0347900390625,1658.7165577236249,1609.7999836352606,1632.0347900390625,509000,0.0,0.0
2021-09-09 00:00:00+08:00,1645.375732421875,1658.716616738809,1609.8000409100507,1645.375732421875,417000,0.0,0.0
2021-09-10 00:00:00+08:00,1654.2696382188306,1725.4210205078125,1645.3757154327077,1725.4210205078125,946000,0.0,0.0
2021-09-13 00:00:00+08:00,1698.7391464150019,1720.97395199635,1618.6938463221484,1627.5877685546875,855000,0.0,0.0
2021-09-14 00:00:00+08:00,1614.2470004174018,1667.610537621283,1614.2470004174018,1654.2696533203125,390000,0.0,0.0
2021-09-15 00:00:00+08:00,1654.2695964428644,1654.2695964428644,1596.4590997929793,1632.0347900390625,592000,0.0,0.0
2021-09-16 00:00:00+08:00,1649.8227019757855,1649.8227019757855,1587.5652415238692,1609.800048828125,683000,0.0,0.0
2021-09-17 00:00:00+08:00,1583.1181573919912,1640.9286519034965,1583.1181573919912,1627.5877685546875,634000,0.0,0.0
2021-09-22 00:00:00+08:00,1578.6713205973308,1609.8000508626303,1574.2243591308593,1600.9061279296875,424000,0.0,0.0
2021-09-23 00:00:00+08:00,1640.9287651548993,1716.5271093490276,1636.4818037317154,1672.0574951171875,832000,0.0,0.0
2021-09-24 00:00:00+08:00,1689.8453902212532,1752.1028519662466,1672.0575440083978,1720.97412109375,973000,0.0,0.0
2021-09-27 00:00:00+08:00,1734.314885948719,1752.1027309328083,1703.1861572265625,1703.1861572265625,596000,0.0,0.0
2021-09-28 00:00:00+08:00,1694.2922550297048,1703.186177628286,1565.3303773502785,1596.4591064453125,834000,0.0,0.0
2021-09-29 00:00:00+08:00,1525.307810160928,1543.0956563435627,1467.4973100673653,1485.28515625,1452000,0.0,0.0
2021-09-30 00:00:00+08:00,1503.0729434655873,1520.8607889503871,1431.921561526388,1471.9442138671875,1432000,0.0,0.0
2021-10-01 00:00:00+08:00,1471.9442828143083,1480.8382059733071,1414.133782280816,1440.8155517578125,581000,0.0,0.0
2021-10-04 00:00:00+08:00,1440.815372695682,1454.1562557761977,1378.5579183199427,1409.6866455078125,599000,0.0,0.0
2021-10-05 00:00:00+08:00,1378.557980288366,1423.0275925557326,1351.876212927946,1396.3458251953125,678000,0.0,0.0
2021-10-06 00:00:00+08:00,1436.3685420487088,1471.9442334926396,1383.0050048828125,1383.0050048828125,1054000,0.0,0.0
2021-10-07 00:00:00+08:00,1440.8155450994318,1489.7321222478693,1418.5807373046875,1467.497314453125,874000,0.0,0.0
2021-10-08 00:00:00+08:00,1467.4973016036183,1529.754762883772,1458.6033785635964,1520.86083984375,924000,0.0,0.0
2021-10-12 00:00:00+08:00,1485.2852318353328,1511.9670024671052,1431.9216905717878,1436.36865234375,877000,0.0,0.0
2021-10-13 00:00:00+08:00,1449.7096007921682,1449.7096007921682,1396.3460572047263,1431.9217529296875,562000,0.0,0.0
2021-10-14 00:00:00+08:00,1440.8153703636099,1454.1562534225322,1423.0275262850466,1427.4744873046875,370000,0.0,0.0
2021-10-15 00:00:00+08:00,1458.6033806295957,1534.2017265768613,1458.6033806295957,1511.9669189453125,704000,0.0,0.0
2021-10-18 00:00:00+08:00,1503.0728689610273,1556.4364027702945,1494.1789466594828,1547.54248046875,448000,0.0,0.0
2021-10-19 00:00:00+08:00,1578.6713205973308,1632.034858194987,1556.4365132649739,1600.9061279296875,636000,0.0,0.0
2021-10-20 00:00:00+08:00,1600.9061785442073,1667.610602650216,1583.1183321159383,1640.9288330078125,863000,0.0,0.0
2021-10-21 00:00:00+08:00,1658.7166748046875,1680.9514827779408,1636.4818668314344,1658.7166748046875,715000,0.0,0.0
2021-10-22 00:00:00+08:00,1689.84521484375,1716.5269813939144,1658.7164872018914,1689.84521484375,776000,0.0,0.0
2021-10-25 00:00:00+08:00,1689.8451582505054,1689.8451582505054,1649.822509765625,1649.822509765625,413000,0.0,0.0
2021-10-26 00:00:00+08:00,1667.610602650216,1685.3984490784849,1614.247063365409,1640.9288330078125,525000,0.0,0.0
2021-10-27 00:00:00+08:00,1632.0348985817943,1703.1862838060686,1632.0348985817943,1685.3984375,737000,0.0,0.0
2021-10-28 00:00:00+08:00,1632.0346107054293,1636.481571497542,1560.883238031623,1583.1180419921875,1189000,0.0,0.0
2021-10-29 00:00:00+08:00,1565.3302586659663,1600.90594636292,1560.8832977038471,1587.5650634765625,725000,0.0,0.0
2021-11-01 00:00:00+08:00,1587.5652435302734,1627.5878967285157,1587.5652435302734,1600.9061279296875,459000,0.0,0.0
2021-11-02 00:00:00+08:00,1618.6938517479923,1632.0347351415196,1574.2242404362341,1592.0120849609375,451000,0.0,0.0
2021-11-03 00:00:00+08:00,1609.7999294856406,1614.2468906168165,1578.67120156741,1592.0120849609375,217000,0.0,0.0
2021-11-04 00:00:00+08:00,1605.3530893961588,1623.1409352620442,1596.4591664632162,1600.9061279296875,344000,0.0,0.0
2021-11-05 00:00:00+08:00,1600.9061161164316,1680.951421922253,1600.9061161164316,1654.2696533203125,894000,0.0,0.0
2021-11-08 00:00:00+08:00,1680.9514199323196,1680.9514199323196,1649.822689933573,1663.16357421875,271000,0.0,0.0
2021-11-09 00:00:00+08:00,1712.0801326206752,1756.5497464549785,1707.6331712372448,1743.2088623046875,1086000,0.0,0.0
2021-11-10 00:00:00+08:00,1738.7619046869966,1743.208866080058,1703.1862135425056,1725.4210205078125,411000,0.0,0.0
2021-11-11 00:00:00+08:00,1712.0801344651443,1760.996709735577,1707.6331730769232,1734.31494140625,608000,0.0,0.0
2021-11-12 00:00:00+08:00,1747.655768060065,1796.5723417207791,1707.6331168831168,1712.080078125,867000,0.0,0.0
2021-11-15 00:00:00+08:00,1716.526912331883,1792.1252478490903,1716.526912331883,1756.549560546875,519000,0.0,0.0
2021-11-16 00:00:00+08:00,1765.4436546774473,1858.8298429601334,1765.4436546774473,1814.3602294921875,1201000,0.0,0.0
2021-11-17 00:00:00+08:00,1836.5950990719057,1849.935983568796,1783.2315610843443,1809.913330078125,513000,0.0,0.0
2021-11-18 00:00:00+08:00,1823.2541963465076,1929.9812712545956,1818.8072348920039,1889.9586181640625,960000,0.0,0.0
2021-11-19 00:00:00+08:00,1867.7237531472156,1907.7464050003703,1863.2767918301984,1876.61767578125,528000,0.0,0.0
2021-11-22 00:00:00+08:00,1863.2769084805054,1912.193486030113,1823.2542541217356,1894.4056396484375,529000,0.0,0.0
2021-11-23 00:00:00+08:00,1894.4055796185662,1916.6403868910847,1858.8298879825368,1889.9586181640625,579000,0.0,0.0
2021-11-24 00:00:00+08:00,1889.9585723876953,1961.1099539364086,1814.3602294921875,1814.3602294921875,844000,0.0,0.0
2021-11-25 00:00:00+08:00,1792.1254799650244,1849.9359793187348,1778.7845954987836,1827.701171875,994000,0.0,0.0
2021-11-26 00:00:00+08:00,1814.3602224496694,1854.382874415471,1783.231493142935,1849.9359130859375,921000,0.0,0.0
2021-11-29 00:00:00+08:00,1796.5723771315354,1907.746410369873,1796.5723771315354,1849.9359130859375,784000,0.0,0.0
2021-11-30 00:00:00+08:00,1881.064754862181,1992.2387947476525,1881.064754862181,1894.4056396484375,7179000,0.0,0.0
2021-12-01 00:00:00+08:00,1894.4054616413707,1912.1933063516185,1832.1480051555043,1863.2767333984375,920000,0.0,0.0
2021-12-02 00:00:00+08:00,1858.8299560546875,1898.852610610889,1832.1481863505533,1858.8299560546875,478000,0.0,0.0
2021-12-03 00:00:00+08:00,1863.2766753118397,1903.2993246622132,1841.0418701171875,1841.0418701171875,405000,0.0,0.0
2021-12-06 00:00:00+08:00,1841.0419994034792,1854.3828834571275,1792.1254245401017,1805.46630859375,321000,0.0,0.0
2021-12-07 00:00:00+08:00,1805.466321672712,1818.807205823003,1716.5270940041055,1743.2088623046875,684000,0.0,0.0
2021-12-08 00:00:00+08:00,1769.8906959200274,1792.125503657716,1729.8680419921875,1729.8680419921875,300000,0.0,0.0
2021-12-09 00:00:00+08:00,1769.8906383514404,1774.3375997543335,1680.951410293579,1707.6331787109375,645000,0.0,0.0
2021-12-10 00:00:00+08:00,1707.633125,1725.4209700520832,1658.7165511067708,1667.6104736328125,593000,0.0,0.0
2021-12-13 00:00:00+08:00,1672.0576095181611,1707.6333033376964,1645.3758391535096,1698.7393798828125,615000,0.0,0.0
2021-12-14 00:00:00+08:00,1680.951357421875,1707.633125,1623.1408610026042,1667.6104736328125,514000,0.0,0.0
2021-12-15 00:00:00+08:00,1658.7166572315834,1729.8680419921875,1649.822734136508,1729.8680419921875,479000,0.0,0.0
2021-12-16 00:00:00+08:00,1760.9968004728619,1876.6178025241104,1752.1028772381505,1858.8299560546875,1054000,0.0,0.0
2021-12-17 00:00:00+08:00,1814.3602915770884,1872.1707910636133,1805.4663685791616,1809.913330078125,572000,0.0,0.0
2021-12-20 00:00:00+08:00,1792.1255013936623,1814.360309103261,1738.761962890625,1738.761962890625,425000,0.0,0.0
2021-12-21 00:00:00+08:00,1756.5496780509663,1787.6784065227557,1743.2087944201996,1783.2314453125,302000,0.0,0.0
2021-12-22 00:00:00+08:00,1787.678339962843,1867.7236387671494,1787.678339962843,1823.2540283203125,341000,0.0,0.0
2021-12-23 00:00:00+08:00,1841.0418724990473,1889.9584439905677,1814.3601062309451,1823.2540283203125,357000,0.0,0.0
2021-12-24 00:00:00+08:00,1854.3829408074819,1867.7238252737227,1823.2542103862531,1827.701171875,152000,0.0,0.0
2021-12-27 00:00:00+08:00,1832.148133363747,1863.2768637849758,1818.8072488975063,1827.701171875,147000,0.0,0.0
2021-12-28 00:00:00+08:00,1845.4890688941593,1881.0647617885045,1841.042107282366,1867.723876953125,175000,0.0,0.0
2021-12-29 00:00:00+08:00,1881.0646370982672,1898.8524823663358,1876.61767578125,1876.61767578125,131000,0.0,0.0
2021-12-30 00:00:00+08:00,1881.064697265625,1916.6403889396795,1863.2768514285979,1881.064697265625,290000,0.0,0.0
2022-01-03 00:00:00+08:00,1907.7465338456004,1956.6631116365133,1854.382994437332,1858.8299560546875,486000,0.0,0.0
2022-01-04 00:00:00+08:00,1881.0645887586804,1885.5115499614196,1787.6784035011574,1801.019287109375,345000,0.0,0.0
2022-01-05 00:00:00+08:00,1801.0194156044406,1809.9133386444626,1760.996761924342,1774.337646484375,356000,0.0,0.0
2022-01-06 00:00:00+08:00,1738.7616592960653,1747.6555808269916,1685.3981301105084,1716.52685546875,709000,0.0,0.0
2022-01-07 00:00:00+08:00,1743.2087479440788,1752.102670127467,1676.5043315686678,1689.84521484375,465000,0.0,0.0
2022-01-10 00:00:00+08:00,1676.504443359375,1738.761902794471,1667.6105205829326,1734.31494140625,274000,0.0,0.0
2022-01-11 00:00:00+08:00,1720.974118897112,1738.761965087263,1689.8453880643478,1729.8680419921875,300000,0.0,0.0
2022-01-12 00:00:00+08:00,1752.1027229444976,1792.1253739762246,1738.761839267255,1747.65576171875,454000,0.0,0.0
2022-01-13 00:00:00+08:00,1743.2086200615283,1752.1025415924546,1707.6329339378237,1716.52685546875,330000,0.0,0.0
2022-01-14 00:00:00+08:00,1716.5270940041055,1743.2088623046875,1672.0574801698021,1743.2088623046875,462000,0.0,0.0
2022-01-17 00:00:00+08:00,1747.6558236881178,1765.4436692218392,1703.1862098538145,1743.2088623046875,338000,0.0,0.0
2022-01-18 00:00:00+08:00,1752.1027741384978,1823.2541558294013,1743.2088514271347,1796.5723876953125,487000,0.0,0.0
2022-01-19 00:00:00+08:00,1796.5723932160804,1814.3602386934674,1756.5497408919598,1769.890625,289000,0.0,0.0
2022-01-20 00:00:00+08:00,1747.65576171875,1756.549684170245,1698.739188235528,1747.65576171875,641000,0.0,0.0
2022-01-21 00:00:00+08:00,1703.1862748808946,1729.8680442001776,1703.1862748808946,1720.97412109375,397000,0.0,0.0
2022-01-24 00:00:00+08:00,1720.974118897112,1734.3150035397252,1663.1636187791212,1729.8680419921875,326000,0.0,0.0
2022-01-25 00:00:00+08:00,1720.9740572415865,1743.2088641826924,1707.6331730769232,1734.31494140625,310000,0.0,0.0
2022-01-26 00:00:00+08:00,1738.7618936157226,1801.019352722168,1738.7618936157226,1778.7845458984375,385000,0.0,0.0
2022-02-07 00:00:00+08:00,1787.6784259988397,1814.360193551061,1667.610472013843,1676.50439453125,1036000,0.0,0.0
2022-02-08 00:00:00+08:00,1707.6333033376964,1738.7620354297899,1689.8454564279286,1698.7393798828125,773000,0.0,0.0
2022-02-09 00:00:00+08:00,1720.973816234213,1743.2086200615283,1698.7390124068977,1716.52685546875,554000,0.0,0.0
2022-02-10 00:00:00+08:00,1769.890612555939,1885.5116073460254,1769.890612555939,1832.1480712890625,1448000,0.0,0.0
2022-02-11 00:00:00+08:00,1823.2540828003803,1863.2767333984375,1796.572315735009,1863.2767333984375,475000,0.0,0.0
2022-02-14 00:00:00+08:00,1836.5950969518833,1845.4890199395438,1792.1254820135812,1818.8072509765625,500000,0.0,0.0
2022-02-15 00:00:00+08:00,1823.2541521857768,1863.276804306928,1809.913268145393,1814.3602294921875,412000,0.0,0.0
2022-02-16 00:00:00+08:00,1845.488831156118,1863.2766753118397,1827.7009870003965,1841.0418701171875,547000,0.0,0.0
2022-02-17 00:00:00+08:00,1841.0420605708691,1849.935983568796,1783.2315610843443,1809.913330078125,416000,0.0,0.0
2022-02-18 00:00:00+08:00,1809.9131451862613,1823.2540283203125,1801.019223096894,1823.2540283203125,155000,0.0,0.0
2022-02-21 00:00:00+08:00,1814.3602386934674,1814.3602386934674,1769.890625,1769.890625,177000,0.0,0.0
2022-02-22 00:00:00+08:00,1747.655890413033,1765.443736625888,1676.5045055616117,1720.97412109375,435000,0.0,0.0
2022-02-23 00:00:00+08:00,1743.208869934082,1743.208869934082,1685.3983716964722,1707.6331787109375,274000,0.0,0.0
2022-02-24 00:00:00+08:00,1680.951425967009,1698.7392717444377,1605.3530814129374,1636.4818115234375,484000,0.0,0.0
2022-02-25 00:00:00+08:00,1663.1635075766897,1703.186158828535,1663.1635075766897,1694.292236328125,402000,0.0,0.0
2022-03-01 00:00:00+08:00,1756.5496938309957,1760.9966550812007,1694.292236328125,1694.292236328125,348000,0.0,0.0
2022-03-02 00:00:00+08:00,1680.9511693450452,1716.52685546875,1663.1633262831929,1716.52685546875,190000,0.0,0.0
2022-03-03 00:00:00+08:00,1729.2983450520833,1756.1786302083333,1680.017822265625,1680.017822265625,351000,14.25347,0.0
2022-03-04 00:00:00+08:00,1697.937763591389,1706.8978573306576,1626.2570136772408,1630.737060546875,323000,0.0,0.0
2022-03-07 00:00:00+08:00,1594.8969031087722,1608.3370455507002,1482.8957160927068,1509.7760009765625,716000,0.0,0.0
2022-03-08 00:00:00+08:00,1505.2959654850745,1550.0964406483208,1469.4555853544775,1500.81591796875,608000,0.0,0.0
2022-03-09 00:00:00+08:00,1527.6962099297102,1563.5365902213164,1505.2959722474563,1541.1363525390625,458000,0.0,0.0
2022-03-10 00:00:00+08:00,1617.297216462436,1671.057788754816,1612.817168771404,1635.2174072265625,670000,0.0,0.0
2022-03-11 00:00:00+08:00,1612.8170281948323,1644.1773592986208,1594.8968389926677,1603.85693359375,236000,0.0,0.0
2022-03-14 00:00:00+08:00,1608.3368694862622,1612.8169164764747,1559.0563525939256,1594.896728515625,238000,0.0,0.0
2022-03-15 00:00:00+08:00,1568.0165893934968,1576.9766841900312,1438.09521484375,1438.09521484375,1079000,0.0,0.0
2022-03-16 00:00:00+08:00,1456.015292080966,1514.2559037642045,1402.254727450284,1478.41552734375,1041000,0.0,0.0
2022-03-17 00:00:00+08:00,1568.0165488339035,1608.3369743753467,1505.2958868805474,1514.2559814453125,1231000,0.0,0.0
2022-03-18 00:00:00+08:00,1514.2560622524209,1590.4168701171875,1514.2560622524209,1590.4168701171875,610000,0.0,0.0
2022-03-21 00:00:00+08:00,1568.0164465743503,1617.296963466687,1568.0164465743503,1594.896728515625,291000,0.0,0.0
2022-03-22 00:00:00+08:00,1585.9367329915365,1617.2970638699,1581.4566857231987,1612.8170166015625,242000,0.0,0.0
2022-03-23 00:00:00+08:00,1630.7372763439973,1697.93798828125,1630.7372763439973,1697.93798828125,552000,0.0,0.0
2022-03-24 00:00:00+08:00,1684.4977588806971,1684.4977588806971,1662.0975227253687,1671.0576171875,223000,0.0,0.0
2022-03-25 00:00:00+08:00,1675.537854266423,1675.537854266423,1630.7373768796203,1666.5777587890625,266000,0.0,0.0
2022-03-28 00:00:00+08:00,1675.5376876376185,1675.5376876376185,1617.2970728266853,1653.137451171875,169000,0.0,0.0
2022-03-29 00:00:00+08:00,1653.1375302174054,1671.0577202468623,1630.737292680584,1639.6973876953125,286000,0.0,0.0
2022-03-30 00:00:00+08:00,1671.0576491582963,1697.9379330589659,1630.7372233072917,1693.4578857421875,426000,0.0,0.0
2022-03-31 00:00:00+08:00,1684.4980145027623,1697.9381582354972,1612.8172479281768,1621.77734375,440000,0.0,0.0
2022-04-01 00:00:00+08:00,1585.9368403919957,1603.8570306789109,1518.7361268160637,1532.17626953125,718000,0.0,0.0
2022-04-06 00:00:00+08:00,1496.335919581422,1496.335919581422,1411.2150139764908,1464.9755859375,1070000,0.0,0.0
2022-04-07 00:00:00+08:00,1447.0553528585551,1496.3358757113233,1433.6152102623457,1451.535400390625,713000,0.0,0.0
2022-04-08 00:00:00+08:00,1478.4157104492188,1487.3758056640625,1433.615234375,1433.615234375,555000,0.0,0.0
2022-04-11 00:00:00+08:00,1451.5351864693607,1464.9753270848178,1370.8943427766185,1375.3743896484375,856000,0.0,0.0
2022-04-12 00:00:00+08:00,1375.3743896484375,1411.2147646229896,1352.9741552893424,1375.3743896484375,690000,0.0,0.0
2022-04-13 00:00:00+08:00,1393.2946333451705,1411.2148215553977,1339.5340687144885,1379.8544921875,553000,0.0,0.0
2022-04-14 00:00:00+08:00,1397.7747598616804,1402.2548071689293,1344.0141921746927,1366.4144287109375,349000,0.0,0.0
2022-04-15 00:00:00+08:00,1352.9741254847684,1352.9741254847684,1236.4929093834307,1245.4530029296875,797000,0.0,0.0
2022-04-18 00:00:00+08:00,1223.0528236307125,1290.2535282258066,1223.0528236307125,1249.93310546875,584000,0.0,0.0
2022-04-19 00:00:00+08:00,1276.8135316221862,1299.2137690190668,1272.3334841428102,1281.2935791015625,444000,0.0,0.0
2022-04-20 00:00:00+08:00,1294.7336775169777,1308.1738194981228,1263.373346227639,1267.8533935546875,643000,0.0,0.0
2022-04-21 00:00:00+08:00,1281.2935911366637,1294.7337337010345,1258.8933535293795,1272.33349609375,267000,0.0,0.0
2022-04-22 00:00:00+08:00,1240.9732117583787,1281.2936410212862,1200.652782495471,1236.4931640625,920000,0.0,0.0
2022-04-25 00:00:00+08:00,1218.5727982954545,1218.5727982954545,1155.852139559659,1182.732421875,901000,0.0,0.0
2022-04-26 00:00:00+08:00,1200.6526214366652,1209.612715626491,1169.2922917722747,1173.7723388671875,650000,0.0,0.0
2022-04-27 00:00:00+08:00,1097.6116806201721,1196.1727294921875,1097.6116806201721,1196.1727294921875,742000,0.0,0.0
2022-04-28 00:00:00+08:00,1227.5329789674156,1312.6538789688057,1214.092836861933,1258.893310546875,1677000,0.0,0.0
2022-04-29 00:00:00+08:00,1312.65384304565,1384.3345989798836,1272.3334178326438,1285.7735595703125,1720000,0.0,0.0
2022-05-03 00:00:00+08:00,1276.813720703125,1290.2538651315788,1249.933431846217,1276.813720703125,621000,0.0,0.0
2022-05-04 00:00:00+08:00,1290.2536984707447,1308.1738887272827,1236.4931277011303,1263.3734130859375,528000,0.0,0.0
2022-05-05 00:00:00+08:00,1321.613846870318,1344.0140815630352,1294.7335652390573,1308.1737060546875,613000,0.0,0.0
2022-05-06 00:00:00+08:00,1236.493115922095,1272.33349609375,1232.0130684006383,1272.33349609375,493000,0.0,0.0
2022-05-09 00:00:00+08:00,1245.4530243142679,1254.4131180143704,1200.6525558137546,1227.5328369140625,441000,0.0,0.0
2022-05-10 00:00:00+08:00,1191.692567406631,1290.2536068162021,1182.732472914852,1285.7735595703125,674000,0.0,0.0
2022-05-11 00:00:00+08:00,1299.2136784189756,1326.0939614207475,1285.7735369180896,1303.6937255859375,610000,0.0,0.0
2022-05-12 00:00:00+08:00,1272.33349609375,1294.7337337010345,1245.4532109650088,1272.33349609375,590000,0.0,0.0
2022-05-13 00:00:00+08:00,1294.7337095472549,1335.0541364881728,1285.7736146714954,1290.253662109375,638000,0.0,0.0
2022-05-16 00:00:00+08:00,1335.0541364881728,1348.494278801812,1276.8135197957358,1290.253662109375,515000,0.0,0.0
2022-05-17 00:00:00+08:00,1299.2137944303602,1361.9344603683776,1299.2137944303602,1352.974365234375,658000,0.0,0.0
2022-05-18 00:00:00+08:00,1357.4543693823161,1370.894511653428,1335.054132263796,1339.5341796875,488000,0.0,0.0
2022-05-19 00:00:00+08:00,1299.2137104756123,1326.093994140625,1294.7336631981102,1326.093994140625,289000,0.0,0.0
2022-05-20 00:00:00+08:00,1312.6540307936325,1375.3747012069803,1312.6540307936325,1370.8946533203125,511000,0.0,0.0
2022-05-23 00:00:00+08:00,1379.8544921875,1388.8145862926135,1321.6138805042613,1330.573974609375,543000,0.0,0.0
2022-05-24 00:00:00+08:00,1330.5740320292084,1335.054079275098,1276.8134650785335,1285.7735595703125,755000,0.0,0.0
2022-05-25 00:00:00+08:00,1285.7734713619702,1312.653752993231,1276.8133774848834,1308.1737060546875,375000,0.0,0.0
2022-05-26 00:00:00+08:00,1303.6937721710744,1321.613961479268,1263.373346227639,1267.8533935546875,394000,0.0,0.0
2022-05-27 00:00:00+08:00,1276.8135503046342,1321.6140257539196,1276.8135503046342,1312.6539306640625,212000,0.0,0.0
2022-05-30 00:00:00+08:00,1339.5340146738854,1384.3344833920755,1339.5340146738854,1375.3743896484375,459000,0.0,0.0
2022-05-31 00:00:00+08:00,1375.374671505139,1388.8148148748962,1348.494384765625,1348.494384765625,948000,0.0,0.0
2022-06-01 00:00:00+08:00,1379.8547490936478,1397.7749406403186,1357.4545096603094,1370.8946533203125,504000,0.0,0.0
2022-06-02 00:00:00+08:00,1344.014336975706,1366.414575925301,1339.534289185787,1348.494384765625,327000,0.0,0.0
2022-06-06 00:00:00+08:00,1357.4543340964397,1384.3346179399334,1326.0940029456967,1366.4144287109375,419000,0.0,0.0
2022-06-07 00:00:00+08:00,1397.7747598616804,1397.7747598616804,1335.0540975601948,1366.4144287109375,596000,0.0,0.0
2022-06-08 00:00:00+08:00,1388.814697265625,1406.734886907762,1379.8546024445563,1388.814697265625,305000,0.0,0.0
2022-06-09 00:00:00+08:00,1370.8946533203125,1384.3347969803156,1366.4146054336447,1370.8946533203125,118000,0.0,0.0
2022-06-10 00:00:00+08:00,1348.494274534908,1352.974321958612,1326.094037416388,1339.5341796875,241000,0.0,0.0
2022-06-13 00:00:00+08:00,1303.6938164984429,1303.6938164984429,1263.3733891840582,1281.2935791015625,447000,0.0,0.0
2022-06-14 00:00:00+08:00,1249.933282470703,1272.3335205078124,1236.4931396484374,1254.413330078125,368000,0.0,0.0
2022-06-15 00:00:00+08:00,1245.4532286021104,1254.4133237719097,1214.0928955078125,1214.0928955078125,411000,0.0,0.0
2022-06-16 00:00:00+08:00,1236.493101650611,1249.9332440598566,1191.692626953125,1191.692626953125,383000,0.0,0.0
2022-06-17 00:00:00+08:00,1146.8921874999999,1196.1727111816406,1142.4121398925781,1164.8123779296875,687000,0.0,0.0
2022-06-20 00:00:00+08:00,1178.252420425415,1178.252420425415,1137.9319953918457,1146.89208984375,320000,0.0,0.0
2022-06-21 00:00:00+08:00,1160.3323303222655,1173.7724731445312,1137.9320922851562,1164.8123779296875,258000,0.0,0.0
2022-06-22 00:00:00+08:00,1151.3722671197384,1155.8523148517218,1097.6116943359375,1097.6116943359375,603000,0.0,0.0
2022-06-23 00:00:00+08:00,1097.6116514600012,1128.9719843588584,1075.2114136751034,1084.1715087890625,497000,0.0,0.0
2022-06-24 00:00:00+08:00,1097.6115838196051,1115.5317729431906,1084.1714419769162,1088.6514892578125,329000,0.0,0.0
2022-06-27 00:00:00+08:00,1111.0517120361328,1164.8122787475586,1111.0517120361328,1146.89208984375,735000,0.0,0.0
2022-06-28 00:00:00+08:00,1133.451892790247,1133.451892790247,1088.6514227194864,1093.1314697265625,395000,0.0,0.0
2022-06-29 00:00:00+08:00,1075.2114136751034,1088.651556346042,1048.3311283332257,1084.1715087890625,519000,0.0,0.0
2022-06-30 00:00:00+08:00,1084.1715852156929,1084.1715852156929,1030.4110107421875,1030.4110107421875,575000,0.0,0.0
2022-07-01 00:00:00+08:00,1030.4109757034867,1052.8112143057365,967.6903076171875,967.6903076171875,686000,0.0,0.0
2022-07-04 00:00:00+08:00,976.6503121906816,1012.4906906196974,967.6902175834275,990.0904541015625,616000,0.0,0.0
2022-07-05 00:00:00+08:00,1012.4908846768467,1030.4110773259943,954.2502585671165,985.610595703125,602000,0.0,0.0
2022-07-06 00:00:00+08:00,985.6104096912203,994.5705043247768,936.3298892066592,940.8099365234375,710000,0.0,0.0
2022-07-07 00:00:00+08:00,985.6103515625,1034.890869140625,976.6502574573864,1034.890869140625,1270000,0.0,0.0
2022-07-08 00:00:00+08:00,1066.2513678135017,1088.651606633113,1034.8910334660457,1048.3311767578125,953000,0.0,0.0
2022-07-11 00:00:00+08:00,1048.330964740954,1057.2910584566887,1012.4905898780154,1021.45068359375,348000,0.0,0.0
2022-07-12 00:00:00+08:00,972.1702270507812,976.6502741800475,922.8897086288522,972.1702270507812,1315000,0.0,0.0
2022-07-13 00:00:00+08:00,994.5705688476562,1003.5306640624999,891.529473876953,896.009521484375,1397000,0.0,0.0
2022-07-14 00:00:00+08:00,881.6732704936594,936.3298451888963,861.0650538052913,927.3697509765625,922000,0.0,0.0
2022-07-15 00:00:00+08:00,922.8897033131451,985.6103627616112,918.4096562096832,976.6502685546875,1100000,0.0,0.0
2022-07-18 00:00:00+08:00,981.1303568872912,1048.331066263133,976.6503095955684,1039.3709716796875,828000,0.0,0.0
2022-07-19 00:00:00+08:00,1025.9306794563227,1039.3708193618638,1003.5304462804204,1012.4905395507812,608000,0.0,0.0
2022-07-20 00:00:00+08:00,1057.2912168052576,1075.211406920601,1039.3710266899143,1043.85107421875,952000,0.0,0.0
2022-07-21 00:00:00+08:00,1057.2913016474895,1075.2114932008367,1034.8910622058054,1070.7314453125,611000,0.0,0.0
2022-07-22 00:00:00+08:00,1070.7312455610795,1070.7312455610795,1021.4507279829545,1034.890869140625,466000,0.0,0.0
2022-07-25 00:00:00+08:00,1021.4506889712968,1039.370876497109,1008.0105483269377,1016.9706420898438,370000,0.0,0.0
2022-07-26 00:00:00+08:00,1016.9707261158212,1025.9308206190442,990.0904426061519,999.050537109375,399000,0.0,0.0
2022-07-27 00:00:00+08:00,999.0506756326427,1030.4110107421875,985.6105320142663,1030.4110107421875,344000,0.0,0.0
2022-07-28 00:00:00+08:00,1043.8510096254904,1048.331056877102,990.0904426061519,999.050537109375,361000,0.0,0.0
2022-07-29 00:00:00+08:00,1012.4907899305556,1030.4109809027777,985.6105034722223,1008.0107421875,569000,0.0,0.0
2022-08-01 00:00:00+08:00,1012.4907655759489,1012.4907655759489,945.2900510465718,981.1304321289062,1004000,0.0,0.0
2022-08-02 00:00:00+08:00,967.6901749320651,967.6901749320651,904.9695154457276,927.3697509765625,1369000,0.0,0.0
2022-08-03 00:00:00+08:00,940.8099250073702,972.1702558409493,918.409688697671,949.77001953125,687000,0.0,0.0
2022-08-04 00:00:00+08:00,854.7930297851562,854.7930297851562,854.7930297851562,854.7930297851562,194000,0.0,0.0
2022-08-05 00:00:00+08:00,770.5681396207257,800.1364519550093,769.6721301560505,789.3843383789062,5503000,0.0,0.0
2022-08-08 00:00:00+08:00,786.6962303077781,815.3685302734375,784.0082021859977,815.3685302734375,1116000,0.0,0.0
2022-08-09 00:00:00+08:00,807.3044987356426,823.4326685217043,800.1364232751707,811.7845458984375,968000,0.0,0.0
2022-08-10 00:00:00+08:00,795.6564734507415,801.0325307037871,779.5283016916048,792.9684448242188,881000,0.0,0.0
2022-08-11 00:00:00+08:00,804.6164394421523,810.8885052284497,786.6962514813026,797.4483642578125,996000,0.0,0.0
2022-08-12 00:00:00+08:00,803.720522821145,821.640712850602,798.3444658123079,819.8486938476562,890000,0.0,0.0
2022-08-15 00:00:00+08:00,822.5367192185001,853.0010421525187,822.5367192185001,840.4569091796875,1069000,0.0,0.0
2022-08-16 00:00:00+08:00,849.4170010791981,879.8813239027137,843.1449346155332,861.0651245117188,1331000,0.0,0.0
2022-08-17 00:00:00+08:00,856.5850784773679,877.1932968926184,844.0409455289546,869.1292114257812,946000,0.0,0.0
2022-08-18 00:00:00+08:00,867.3371622977266,867.3371622977266,853.001010854789,854.7930297851562,623000,0.0,0.0
2022-08-19 00:00:00+08:00,856.585041118421,863.7531167763158,848.5209560032895,851.208984375,614000,0.0,0.0
2022-08-22 00:00:00+08:00,851.2088941491169,859.2729784094769,840.4567818019701,844.9368286132812,278000,0.0,0.0
2022-08-23 00:00:00+08:00,816.8214811869094,822.3035045505799,793.9797171716154,797.6343994140625,1036000,18.227947,0.0
2022-08-24 00:00:00+08:00,795.807000659761,802.2026941208612,766.5695448375884,767.4832153320312,1212000,0.0,0.0
2022-08-25 00:00:00+08:00,774.7925423177082,840.5768147786458,774.7925423177082,822.3034057617188,1396000,0.0,0.0
2022-08-26 00:00:00+08:00,826.87182342797,851.5409275523403,814.0804361042224,833.2675170898438,917000,0.0,0.0
2022-08-29 00:00:00+08:00,798.5479570951582,805.8573205468301,782.1018893288964,795.8069458007812,685000,0.0,0.0
2022-08-30 00:00:00+08:00,801.2890133484168,802.2026838311402,783.9292741766724,793.0659790039062,465000,0.0,0.0
2022-08-31 00:00:00+08:00,786.6703395732999,798.5480566632568,783.0156573917747,788.4976806640625,486000,0.0,0.0
2022-09-01 00:00:00+08:00,780.2745832895591,783.9292651785032,730.9363777888142,747.3824462890625,891000,0.0,0.0
2022-09-02 00:00:00+08:00,760.1738450247219,763.8285269719562,737.3320828545079,739.159423828125,358000,0.0,0.0
2022-09-05 00:00:00+08:00,740.9867117633893,741.9003821847991,711.749258278274,713.5765991210938,518000,0.0,0.0
2022-09-06 00:00:00+08:00,713.576692573906,722.7133979845835,703.5263166221608,719.0587158203125,481000,0.0,0.0
2022-09-07 00:00:00+08:00,705.3535586699824,709.9219107339071,671.5477533969391,678.8571166992188,744000,0.0,0.0
2022-09-08 00:00:00+08:00,687.9937213505164,694.3894133152622,679.7706888244146,692.5620727539062,519000,0.0,0.0
2022-09-12 00:00:00+08:00,704.4398729608201,718.1449288549995,696.2168394243125,699.8715209960938,422000,0.0,0.0
2022-09-13 00:00:00+08:00,707.1809482499074,717.2313234834331,693.4758911132812,693.4758911132812,514000,0.0,0.0
2022-09-14 00:00:00+08:00,662.4111441212477,705.353659671177,653.2744386850926,695.3032836914062,1181000,0.0,0.0
2022-09-15 00:00:00+08:00,698.9579139679316,712.6629711045578,692.5622206375061,693.4758911132812,733000,0.0,0.0
2022-09-16 00:00:00+08:00,685.2528641863568,706.2672853547383,674.288818359375,674.288818359375,530000,0.0,0.0
2022-09-19 00:00:00+08:00,679.770793206804,679.770793206804,654.1880214194512,659.6700439453125,705000,0.0,0.0
2022-09-20 00:00:00+08:00,669.7203580842985,671.5476987611997,647.7922699614838,653.2742919921875,383000,0.0,0.0
2022-09-21 00:00:00+08:00,647.7923559216486,653.2743786798007,630.4326171875,630.4326171875,773000,0.0,0.0
2022-09-22 00:00:00+08:00,621.2959458080691,624.9506278422341,609.4182291970324,612.1592407226562,1247000,0.0,0.0
2022-09-23 00:00:00+08:00,612.1591401831504,615.8138216170796,589.3173812210925,595.7130737304688,1067000,0.0,0.0
2022-09-26 00:00:00+08:00,591.1448283922615,592.0584989152788,569.2167358398438,569.2167358398438,1453000,0.0,0.0
2022-09-27 00:00:00+08:00,578.3534271090882,579.2670976100504,556.4253350859948,560.0800170898438,1936000,0.0,0.0
2022-09-28 00:00:00+08:00,562.8209828522246,562.8209828522246,539.0655517578125,539.0655517578125,1586000,0.0,0.0
2022-09-29 00:00:00+08:00,548.202256024894,559.1663011453919,529.0151770640227,539.0655517578125,1426000,0.0,0.0
2022-09-30 00:00:00+08:00,525.360545596561,548.2023084485853,524.44687508248,540.8929443359375,1346000,0.0,0.0
2022-10-03 00:00:00+08:00,540.8928846834547,582.9217236960204,535.4108622035549,564.6483154296875,1551000,0.0,0.0
2022-10-04 00:00:00+08:00,584.749100803438,617.6412377236313,584.749100803438,611.2455444335938,2173000,0.0,0.0
2022-10-05 00:00:00+08:00,650.5333698713861,671.5477905273438,649.6196994080835,671.5477905273438,1412000,0.0,0.0
2022-10-06 00:00:00+08:00,671.5477271678585,671.5477271678585,613.9864934106135,647.7922973632812,4101000,0.0,0.0
2022-10-07 00:00:00+08:00,654.1880467769234,681.5981604686939,628.6052739979376,636.8283081054688,3033000,0.0,0.0
2022-10-11 00:00:00+08:00,612.1592754657452,612.1592754657452,590.231182016226,593.8858642578125,1715000,0.0,0.0
2022-10-12 00:00:00+08:00,601.1951646035484,616.7275624732449,594.7994713630851,600.281494140625,1399000,0.0,0.0
2022-10-13 00:00:00+08:00,605.7635069932983,615.813881920789,574.6987117628728,578.3533935546875,1450000,0.0,0.0
2022-10-14 00:00:00+08:00,610.3318400766658,635.9146118164062,603.9361471417307,635.9146118164062,2276000,0.0,0.0
2022-10-17 00:00:00+08:00,620.3821524606624,648.7059326171875,612.1591195119938,648.7059326171875,1826000,0.0,0.0
2022-10-18 00:00:00+08:00,666.0657950953433,666.0657950953433,589.3174730267441,624.9506225585938,3581000,0.0,0.0
2022-10-19 00:00:00+08:00,624.9506037512491,637.7419903777367,613.9865580714027,628.6052856445312,1385000,0.0,0.0
2022-10-20 00:00:00+08:00,614.9002396387411,656.0154116799646,614.9002396387411,644.1376953125,1675000,0.0,0.0
2022-10-21 00:00:00+08:00,644.1376229844955,651.4469860821919,622.2095336914062,622.2095336914062,1476000,0.0,0.0
2022-10-24 00:00:00+08:00,648.7060172843402,668.806767115686,644.1376650499434,656.015380859375,1754000,0.0,0.0
2022-10-25 00:00:00+08:00,648.7061089607439,651.4471206887471,625.8643445607177,626.7780151367188,1535000,0.0,0.0
2022-10-26 00:00:00+08:00,630.4326050348834,634.0872868032016,604.8498326566563,614.9002075195312,1168000,0.0,0.0
2022-10-27 00:00:00+08:00,626.7778521771197,653.2742919921875,625.8641818386691,653.2742919921875,1452000,0.0,0.0
2022-10-28 00:00:00+08:00,644.137678879958,648.7060312124399,617.6412353515625,617.6412353515625,1631000,0.0,0.0
2022-10-31 00:00:00+08:00,556.42529296875,574.6987016048337,556.42529296875,556.42529296875,2029000,0.0,0.0
2022-11-01 00:00:00+08:00,540.8928998161765,552.7706155215993,527.1878432329963,543.6339111328125,3474000,0.0,0.0
2022-11-02 00:00:00+08:00,549.1159331062154,597.5404663085938,543.633910479531,597.5404663085938,2561000,0.0,0.0
2022-11-03 00:00:00+08:00,584.7490549395161,592.972088524603,560.0799541842553,566.4756469726562,3371000,0.0,0.0
2022-11-04 00:00:00+08:00,562.8210640701593,571.9577696557138,550.9433468089384,559.1663818359375,1698000,0.0,0.0
2022-11-07 00:00:00+08:00,566.4756415451931,604.8497979079319,566.4756415451931,585.6627197265625,1980000,0.0,0.0
2022-11-08 00:00:00+08:00,602.1088302257449,630.4326143486555,582.0080802030342,589.3174438476562,2555000,0.0,0.0
2022-11-09 00:00:00+08:00,598.4541796145704,644.137704775988,598.4541796145704,642.3103637695312,2678000,0.0,0.0
2022-11-10 00:00:00+08:00,630.4326379654256,649.6197182513298,625.8642855164007,644.1376953125,1765000,0.0,0.0
2022-11-11 00:00:00+08:00,708.0946139702038,708.0946139702038,668.8067837757279,682.5118408203125,3065000,0.0,0.0
2022-11-14 00:00:00+08:00,679.7708113386825,718.1449700432855,671.5477773305532,709.9219360351562,2310000,0.0,0.0
2022-11-15 00:00:00+08:00,709.9218990253036,742.8140333430782,695.3031726618481,717.2312622070312,3075000,0.0,0.0
2022-11-16 00:00:00+08:00,719.0586616497459,747.3824462890625,701.6989226772616,747.3824462890625,3276000,0.0,0.0
2022-11-17 00:00:00+08:00,741.9004358362268,751.9508111985404,710.8356392618036,715.4039916992188,2766000,0.0,0.0
2022-11-18 00:00:00+08:00,721.7996955517901,735.5047530622672,687.0802165252484,689.8212280273438,2688000,0.0,0.0
2022-11-21 00:00:00+08:00,697.130593706471,716.3176742671997,687.0802181746609,707.1809692382812,1478000,0.0,0.0
2022-11-22 00:00:00+08:00,709.9219712719474,726.3680401045023,689.8212204766028,709.00830078125,2056000,0.0,0.0
2022-11-23 00:00:00+08:00,720.8860053865335,725.4543577654089,688.9075387344059,693.4758911132812,1528000,0.0,0.0
2022-11-24 00:00:00+08:00,700.7852614776997,725.4543645544896,696.2169090560719,721.7996826171875,1145000,0.0,0.0
2022-11-25 00:00:00+08:00,723.6270561793342,736.4184435360396,713.5766803990657,727.28173828125,1466000,0.0,0.0
2022-11-28 00:00:00+08:00,721.7996613533267,730.0226954700101,708.0946044921875,708.0946044921875,805000,0.0,0.0
2022-11-29 00:00:00+08:00,707.1809921850023,723.6270617707,698.0442868596148,714.4903564453125,938000,0.0,0.0
2022-11-30 00:00:00+08:00,714.4903602888362,740.0731353375413,714.4903602888362,725.4544067382812,1399000,0.0,0.0
2022-12-01 00:00:00+08:00,747.382473674765,784.8429644090749,746.4688031690503,765.6558837890625,1898000,0.0,0.0
2022-12-02 00:00:00+08:00,767.4831989247311,773.878892249104,760.173835125448,764.7421875,1224000,0.0,0.0
2022-12-05 00:00:00+08:00,770.224193765105,775.7062164965294,753.7781255708323,762.0011596679688,1239000,0.0,0.0
2022-12-06 00:00:00+08:00,767.4832134734698,781.1882708569246,748.2961331366331,750.1234741210938,1967000,0.0,0.0
2022-12-07 00:00:00+08:00,751.037192461082,752.8645335619606,734.5911225531751,740.98681640625,1004000,0.0,0.0
2022-12-08 00:00:00+08:00,736.4184339327322,740.073115986989,719.9723646885769,729.1090698242188,992000,0.0,0.0
2022-12-09 00:00:00+08:00,740.0730987065602,765.6558724890092,734.5910757531783,750.1234741210938,1063000,0.0,0.0
2022-12-12 00:00:00+08:00,749.2098543537197,749.2098543537197,722.7134082851126,734.5911254882812,771000,0.0,0.0
2022-12-13 00:00:00+08:00,741.9004929373824,746.4688457264057,728.1954345703125,728.1954345703125,720000,0.0,0.0
2022-12-14 00:00:00+08:00,735.5048524027578,775.7063598632812,735.5048524027578,775.7063598632812,1062000,0.0,0.0
2022-12-15 00:00:00+08:00,785.7565489555504,812.2529907226562,778.4471857094524,812.2529907226562,2040000,0.0,0.0
2022-12-16 00:00:00+08:00,797.6343861178755,806.7710915716884,781.188316301012,788.4976806640625,1495000,0.0,0.0
2022-12-19 00:00:00+08:00,787.5839616711013,787.5839616711013,756.5191650390625,756.5191650390625,897000,0.0,0.0
2022-12-20 00:00:00+08:00,756.51913433426,769.3105206635832,741.9004071007478,744.6414184570312,952000,0.0,0.0
2022-12-21 00:00:00+08:00,753.7781395947146,757.4328214836587,738.2457415667023,747.3824462890625,626000,0.0,0.0
2022-12-22 00:00:00+08:00,761.0875033726028,762.9148443170748,738.2457415667023,747.3824462890625,717000,0.0,0.0
2022-12-23 00:00:00+08:00,736.4184579190342,753.7781982421875,721.7997292258523,753.7781982421875,550000,0.0,0.0
2022-12-26 00:00:00+08:00,754.6918221038705,754.6918221038705,733.6774009072736,739.159423828125,653000,0.0,0.0
2022-12-27 00:00:00+08:00,740.073110646215,750.123486222892,737.3320991253031,741.9004516601562,281000,0.0,0.0
2022-12-28 00:00:00+08:00,730.0227361392732,736.4184296974396,717.2313490229405,718.14501953125,845000,0.0,0.0
2022-12-29 00:00:00+08:00,705.3536417435627,730.0227457941794,701.6989596619898,716.3176879882812,724000,0.0,0.0
2022-12-30 00:00:00+08:00,724.5406823398841,734.5910575047502,706.2672729492188,706.2672729492188,405000,0.0,0.0
2023-01-03 00:00:00+08:00,697.1306292601306,723.6270751953125,697.1306292601306,723.6270751953125,463000,0.0,0.0
2023-01-04 00:00:00+08:00,716.3177173188519,743.7278340529917,715.4040467610473,728.1954345703125,733000,0.0,0.0
2023-01-05 00:00:00+08:00,737.3320530585523,777.5335528535663,737.3320530585523,774.7925415039062,1335000,0.0,0.0
2023-01-06 00:00:00+08:00,766.5694704345428,812.2529907226562,763.8284592172561,812.2529907226562,1642000,0.0,0.0
2023-01-09 00:00:00+08:00,822.3034265824256,859.763916015625,818.6487446865037,859.763916015625,1486000,0.0,0.0
2023-01-10 00:00:00+08:00,863.418583884882,877.1236407719437,837.8358110290336,874.3826293945312,1319000,0.0,0.0
2023-01-11 00:00:00+08:00,873.4689984282186,889.9150674362813,859.7639409214997,884.4330444335938,989000,0.0,0.0
2023-01-12 00:00:00+08:00,881.6920392266635,890.8287442963699,843.3178779338969,847.88623046875,1024000,0.0,0.0
2023-01-13 00:00:00+08:00,852.4545645808543,864.3322809147783,822.3034385024317,827.7854614257812,1185000,0.0,0.0
2023-01-16 00:00:00+08:00,830.52646104156,836.9221543609119,822.3034267738218,836.0084838867188,473000,0.0,0.0
2023-01-17 00:00:00+08:00,836.9221352708566,836.9221352708566,809.5120216702827,815.90771484375,851000,0.0,0.0
2023-01-30 00:00:00+08:00,845.1451375715523,867.986898046459,835.0947629625932,857.9365234375,1212000,0.0,0.0
2023-01-31 00:00:00+08:00,857.9366349822269,857.9366349822269,826.8718366974605,842.4042358398438,934000,0.0,0.0
2023-02-01 00:00:00+08:00,848.7999392302139,854.2819625191066,827.7855166227921,840.576904296875,736000,0.0,0.0
2023-02-02 00:00:00+08:00,840.5768514416881,902.7064448091172,839.6631809509906,886.2603759765625,1468000,0.0,0.0
2023-02-03 00:00:00+08:00,872.5553228995951,898.1380967647141,871.6416524044123,897.2244262695312,860000,0.0,0.0
2023-02-06 00:00:00+08:00,891.7424262152779,894.4834377712674,863.4186401367188,863.4186401367188,967000,0.0,0.0
2023-02-07 00:00:00+08:00,863.4186310921946,918.2388616377308,857.0229375285487,906.3611450195312,1178000,0.0,0.0
2023-02-08 00:00:00+08:00,903.6200356445312,918.2387622070312,897.2243427734375,913.67041015625,1167000,0.0,0.0
2023-02-09 00:00:00+08:00,891.7424331825657,891.7424331825657,863.4186468827097,867.9869995117188,2072000,0.0,0.0
2023-02-10 00:00:00+08:00,876.2100316767106,883.5193958617093,825.9581529048451,833.2675170898438,1541000,0.0,0.0
2023-02-13 00:00:00+08:00,841.4904749622084,842.4041454019068,800.3753051757812,800.3753051757812,1586000,0.0,0.0
2023-02-14 00:00:00+08:00,821.3896947802789,834.1810804609506,805.8572978823204,812.2529907226562,1305000,0.0,0.0
2023-02-15 00:00:00+08:00,810.4256727041251,814.99402486142,791.2385936434863,795.8069458007812,980000,0.0,0.0
2023-02-16 00:00:00+08:00,804.0300903320312,812.2531253467906,800.3754081032492,804.0300903320312,667000,0.0,0.0
2023-02-17 00:00:00+08:00,796.7206467848558,835.0948063777043,794.893305851863,831.4401245117188,1233000,0.0,0.0
2023-02-20 00:00:00+08:00,837.8358926524286,852.454621422809,832.353869363536,840.576904296875,777000,0.0,0.0
2023-02-21 00:00:00+08:00,846.9725774182771,872.5553521407278,836.9222016344572,867.9869995117188,1178000,0.0,0.0
2023-02-22 00:00:00+08:00,862.5049696180556,873.469015842014,846.9725708007813,863.4186401367188,1204000,0.0,0.0
2023-02-23 00:00:00+08:00,884.4330528013168,931.9439192741148,884.4330528013168,906.3611450195312,2125000,0.0,0.0
2023-02-24 00:00:00+08:00,927.3754590960402,927.3754590960402,874.3825757191236,878.950927734375,1260000,0.0,0.0
2023-03-01 00:00:00+08:00,863.4185306414887,912.7567323924309,861.5911898358983,909.10205078125,1007000,0.0,0.0
2023-03-02 00:00:00+08:00,913.6704616859312,913.6704616859312,886.2603478353532,891.7423706054688,618000,0.0,0.0
2023-03-03 00:00:00+08:00,911.84310616124,922.8071515259043,876.2099587260814,882.6056518554688,1096000,0.0,0.0
2023-03-06 00:00:00+08:00,899.9654893952656,908.1885243237504,888.0877722763435,899.0518188476562,454000,0.0,0.0
2023-03-07 00:00:00+08:00,896.3107085612991,904.5337425847972,882.6056518554688,882.6056518554688,577000,0.0,0.0
2023-03-08 00:00:00+08:00,886.2604596034637,899.0518476802148,878.0374244112667,893.56982421875,345000,0.0,0.0
2023-03-09 00:00:00+08:00,907.3919664252714,948.5096250480437,907.3919664252714,930.7542724609375,1828000,21.791155,0.0
2023-03-10 00:00:00+08:00,924.2128080369995,939.1646835967487,911.1299169222189,912.9989013671875,1135000,0.0,0.0
2023-03-13 00:00:00+08:00,920.4748914332571,933.5577832911918,887.7676617884206,932.623291015625,1125000,0.0,0.0
2023-03-14 00:00:00+08:00,922.3438280854631,939.1646881721281,921.4093358584262,923.2783203125,1127000,0.0,0.0
2023-03-15 00:00:00+08:00,957.8545289881089,990.561756807215,943.8371456370634,953.1820678710938,1583000,0.0,0.0
2023-03-16 00:00:00+08:00,962.5270674272017,1046.6313742897728,948.5096829501066,1027.9415283203125,2598000,0.0,0.0
2023-03-17 00:00:00+08:00,1065.321068899972,1088.6833730425153,1037.2863039289202,1046.6312255859375,3486000,0.0,0.0
2023-03-20 00:00:00+08:00,1065.321172150088,1065.321172150088,985.8893303669674,995.2342529296875,2031000,0.0,0.0
2023-03-21 00:00:00+08:00,1009.2516385591947,1009.2516385591947,957.8545643733098,971.8719482421875,1800000,0.0,0.0
2023-03-22 00:00:00+08:00,990.5617421698247,1046.6312747454751,976.5443590259121,1032.6138916015625,2619000,0.0,0.0
2023-03-23 00:00:00+08:00,1027.941335266382,1069.9934808000069,1013.9239534218406,1060.6485595703125,2136000,0.0,0.0
2023-03-24 00:00:00+08:00,1069.9936050552506,1084.0109885275901,1027.941454638232,1037.286376953125,1981000,0.0,0.0
2023-03-27 00:00:00+08:00,1041.958763621678,1046.6312244450935,995.2341553875219,999.9066162109375,1129000,0.0,0.0
2023-03-28 00:00:00+08:00,1009.2515880992112,1013.924049155226,962.5269775390625,962.5269775390625,1035000,0.0,0.0
2023-03-29 00:00:00+08:00,976.5443233074528,981.216784184522,943.8370971679688,943.8370971679688,892000,0.0,0.0
2023-03-30 00:00:00+08:00,971.8720521438954,1009.2517464571222,962.5271285655887,1004.5792846679688,1311000,0.0,0.0
2023-03-31 00:00:00+08:00,1009.2516252790178,1009.2516252790178,976.5443966820127,981.2168579101562,1446000,0.0,0.0
2023-04-06 00:00:00+08:00,953.1821048529865,971.8719500461823,939.1647209580896,948.5096435546875,1066000,0.0,0.0
2023-04-07 00:00:00+08:00,971.8718388995852,1004.5790642471675,957.8544566077643,985.8892211914062,1276000,0.0,0.0
2023-04-10 00:00:00+08:00,995.234254690317,1004.5791772695688,971.8719482421875,971.8719482421875,943000,0.0,0.0
2023-04-11 00:00:00+08:00,985.8893287028742,1046.6313252580276,981.2168674294008,1018.5965576171875,2694000,0.0,0.0
2023-04-12 00:00:00+08:00,1037.2863153421654,1041.958776222085,990.5617065429688,990.5617065429688,1046000,0.0,0.0
2023-04-13 00:00:00+08:00,990.5616437386775,1013.9239466570425,962.5268802366395,967.1993408203125,1413000,0.0,0.0
2023-04-14 00:00:00+08:00,995.2341677054832,1027.941393874208,985.8892459429903,1013.9240112304688,1319000,0.0,0.0
2023-04-17 00:00:00+08:00,1013.9239759231363,1055.9761223899943,1013.9239759231363,1041.958740234375,2218000,0.0,0.0
2023-04-18 00:00:00+08:00,1060.6486578893878,1065.3211189373587,1023.2689695056208,1032.6138916015625,1346000,0.0,0.0
2023-04-19 00:00:00+08:00,1055.9761223899943,1074.6659652641536,1027.9413580787557,1041.958740234375,1552000,0.0,0.0
2023-04-20 00:00:00+08:00,1046.6312244450935,1046.6312244450935,999.9066162109375,999.9066162109375,1356000,0.0,0.0
2023-04-21 00:00:00+08:00,1009.2516385591947,1013.9240998488207,971.8719482421875,971.8719482421875,1115000,0.0,0.0
2023-04-24 00:00:00+08:00,971.8720521438954,1009.2517464571222,953.182204987282,1004.5792846679688,789000,0.0,0.0
2023-04-25 00:00:00+08:00,999.9067107902086,999.9067107902086,904.5885009765625,904.5885009765625,1920000,0.0,0.0
2023-04-26 00:00:00+08:00,899.9159646281131,953.1820186092164,854.1258480478664,920.4747924804688,3831000,0.0,0.0
2023-04-27 00:00:00+08:00,855.060422856757,892.4401134734458,828.8946394250748,878.4227294921875,4153000,0.0,0.0
2023-04-28 00:00:00+08:00,880.2916798540779,899.9160166661114,872.8157420209221,876.5537109375,1681000,0.0,0.0
2023-05-02 00:00:00+08:00,891.5055828920345,917.6713651991382,881.2261684142437,906.4574584960938,1100000,0.0,0.0
2023-05-03 00:00:00+08:00,898.0470355462734,930.754263687917,898.0470355462734,910.1954345703125,1146000,0.0,0.0
2023-05-04 00:00:00+08:00,912.9988868799987,921.4093167489035,893.3745505192209,905.52294921875,723000,0.0,0.0
2023-05-05 00:00:00+08:00,909.2608910981953,919.5403050777227,902.7194458384961,907.3919067382812,761000,0.0,0.0
2023-05-08 00:00:00+08:00,919.5403198616254,921.4093042515881,911.1298901067935,914.8678588867188,952000,0.0,0.0
2023-05-09 00:00:00+08:00,907.3920144055886,907.3920144055886,870.9468150628308,883.09521484375,1247000,0.0,0.0
2023-05-10 00:00:00+08:00,870.9468043829805,883.095204014932,866.2743429860761,869.0778198242188,910000,0.0,0.0
2023-05-11 00:00:00+08:00,867.2087524680011,886.8330884613503,855.0603539959278,857.8638305664062,950000,0.0,0.0
2023-05-12 00:00:00+08:00,857.8639255689538,870.9468176800272,850.387987219769,859.73291015625,878000,0.0,0.0
2023-05-15 00:00:00+08:00,859.7328247737364,861.6018091754185,837.3050119535519,855.0603637695312,1117000,0.0,0.0
2023-05-16 00:00:00+08:00,859.7328901187906,883.0951969154968,859.7328901187906,865.33984375,814000,0.0,0.0
2023-05-17 00:00:00+08:00,867.2087886460554,877.4882031666444,864.4053119586221,876.5537109375,588000,0.0,0.0
2023-05-18 00:00:00+08:00,884.029680101018,906.4574943953356,884.029680101018,884.9641723632812,1114000,0.0,0.0
2023-05-19 00:00:00+08:00,896.1780825351146,896.1780825351146,878.4227294921875,878.4227294921875,713000,0.0,0.0
2023-05-22 00:00:00+08:00,880.2917271767893,885.8986808530747,868.1433275448379,869.0778198242188,671000,0.0,0.0
2023-05-23 00:00:00+08:00,882.1607163223409,902.7195465756158,875.6192703326626,896.1781005859375,824000,0.0,0.0
2023-05-24 00:00:00+08:00,897.1124803870293,909.260878558937,885.8985743821914,893.37451171875,805000,0.0,0.0
2023-05-25 00:00:00+08:00,903.6540087234876,912.9989312542372,893.374593939663,904.5885009765625,605000,0.0,0.0
2023-05-26 00:00:00+08:00,915.8023835020769,933.5577358352804,896.1780467127467,899.916015625,812000,0.0,0.0
2023-05-29 00:00:00+08:00,923.278246954606,985.8892211914062,923.278246954606,985.8892211914062,1336000,0.0,0.0
2023-05-30 00:00:00+08:00,962.5268802366395,976.5442619876585,927.9506719174592,967.1993408203125,2009000,0.0,0.0
2023-05-31 00:00:00+08:00,967.1994512221393,971.8719123391544,948.5096067540785,953.1820678710938,604000,0.0,0.0
2023-06-01 00:00:00+08:00,953.1821048529865,995.2342565376771,943.8371822563886,948.5096435546875,1075000,0.0,0.0
2023-06-02 00:00:00+08:00,962.5268802366395,981.2167225713315,957.8544196529665,967.1993408203125,906000,0.0,0.0
2023-06-05 00:00:00+08:00,985.8892337406907,1027.941381151431,981.2167729172751,999.9066162109375,1479000,0.0,0.0
2023-06-06 00:00:00+08:00,1027.9414430383133,1041.9588263524722,995.2342153052762,1023.2689819335938,1770000,0.0,0.0
2023-06-07 00:00:00+08:00,1027.941381151431,1027.941381151431,995.2341553875219,999.9066162109375,918000,0.0,0.0
2023-06-08 00:00:00+08:00,990.5617899763475,1027.9414801641342,981.2168674294008,1018.5965576171875,1119000,0.0,0.0
2023-06-09 00:00:00+08:00,1018.5965706154152,1023.2690319485134,999.9067252830223,1009.2516479492188,540000,0.0,0.0
2023-06-12 00:00:00+08:00,1009.2516100084459,1041.9588381105716,999.906687693553,1037.286376953125,814000,0.0,0.0
2023-06-13 00:00:00+08:00,1060.648755967882,1060.648755967882,1041.958910047743,1051.3038330078125,885000,0.0,0.0
2023-06-14 00:00:00+08:00,1055.9761477807724,1084.0109127661026,1051.303686949884,1069.9935302734375,929000,0.0,0.0
2023-06-15 00:00:00+08:00,1084.010984310434,1154.0979013994706,1079.3385231711648,1130.735595703125,1956000,0.0,0.0
2023-06-16 00:00:00+08:00,1121.3906493127593,1135.4080324291688,1088.6834220411372,1126.0631103515625,1191000,0.0,0.0
2023-06-19 00:00:00+08:00,1126.0630114591575,1135.4079327160798,1093.3557870599288,1107.3731689453125,603000,0.0,0.0
2023-06-20 00:00:00+08:00,1112.045678293603,1121.390599959936,1069.9935307951055,1093.3558349609375,729000,0.0,0.0
2023-06-21 00:00:00+08:00,1093.355760450487,1102.7006814799784,1051.303615817776,1079.33837890625,982000,0.0,0.0
2023-06-26 00:00:00+08:00,1046.6311777257708,1065.3210201851596,1013.9239534218406,1060.6485595703125,1181000,0.0,0.0
2023-06-27 00:00:00+08:00,1055.9761460919246,1065.3210677387558,990.5616945641062,999.9066162109375,802000,0.0,0.0
2023-06-28 00:00:00+08:00,1013.9239986811842,1013.9239986811842,990.5616945641062,999.9066162109375,452000,0.0,0.0
2023-06-29 00:00:00+08:00,1009.2516252790178,1018.5965477353051,976.5443966820127,981.2168579101562,888000,0.0,0.0
2023-06-30 00:00:00+08:00,981.216975722202,1009.2517464571222,962.5271285655887,1004.5792846679688,591000,0.0,0.0
2023-07-03 00:00:00+08:00,1023.2690206178477,1027.9414818992077,995.2342529296875,995.2342529296875,547000,0.0,0.0
2023-07-04 00:00:00+08:00,1009.2516003476375,1009.2516003476375,976.5443725585936,976.5443725585938,818000,0.0,0.0
2023-07-05 00:00:00+08:00,976.5444095318135,1004.5791772695688,962.5270256629357,971.8719482421875,582000,0.0,0.0
2023-07-06 00:00:00+08:00,971.8718014039855,999.9065649060235,962.5268802366395,967.1993408203125,467000,0.0,0.0
2023-07-07 00:00:00+08:00,962.5269406762453,971.8718624303837,934.4921754138304,943.8370971679688,648000,0.0,0.0
2023-07-10 00:00:00+08:00,943.8371538041948,962.5269984339809,933.5577392578125,933.5577392578125,531000,0.0,0.0
2023-07-11 00:00:00+08:00,948.5095949694885,962.5269781463775,934.4922117925994,939.1646728515625,384000,0.0,0.0
2023-07-12 00:00:00+08:00,939.1646881721281,948.5096104424975,923.2783203125,923.2783203125,590000,0.0,0.0
2023-07-13 00:00:00+08:00,934.4921875,939.1646484375,908.32640625,911.1298828125,1424000,0.0,0.0
2023-07-14 00:00:00+08:00,917.6713735984424,923.2783270012843,881.2261764799707,886.8331298828125,1526000,0.0,0.0
2023-07-17 00:00:00+08:00,884.0296914019145,884.0296914019145,839.1740622398723,841.9775390625,1923000,0.0,0.0
2023-07-18 00:00:00+08:00,849.4534486573317,876.5537236970046,847.5844641718371,867.2088012695312,1102000,0.0,0.0
2023-07-19 00:00:00+08:00,866.2742775137717,901.7849814463751,858.79833984375,858.79833984375,1033000,0.0,0.0
2023-07-20 00:00:00+08:00,862.5363268292816,864.4053112861164,823.2876532357499,836.3705444335938,1958000,0.0,0.0
2023-07-21 00:00:00+08:00,803.6632347551538,814.8771403563884,784.038899952993,801.7942504882812,2034000,0.0,0.0
2023-07-24 00:00:00+08:00,802.7289570335505,813.0083732470187,790.5805560539974,793.384033203125,738000,0.0,0.0
2023-07-25 00:00:00+08:00,805.5323286627844,827.0256506572671,795.2529137958579,811.1392822265625,753000,0.0,0.0
2023-07-26 00:00:00+08:00,828.8945223579318,830.7635066248042,799.9252662214088,801.7942504882812,589000,0.0,0.0
2023-07-27 00:00:00+08:00,814.8772258586712,839.1740238773931,811.139256932714,829.8291015625,917000,0.0,0.0
2023-07-28 00:00:00+08:00,848.5190000826719,898.9815837880291,830.763646556713,883.09521484375,1872000,0.0,0.0
2023-07-31 00:00:00+08:00,906.4575248386549,921.4094015370245,858.7984178626019,859.73291015625,1115000,0.0,0.0
2023-08-01 00:00:00+08:00,883.0951969154968,909.2609805278078,865.33984375,865.33984375,1060000,0.0,0.0
2023-08-02 00:00:00+08:00,878.4227242663454,883.0951855656344,848.5189719508953,851.3224487304688,741000,0.0,0.0
2023-08-04 00:00:00+08:00,846.6499661624896,848.5189506352544,829.8291059076057,840.1085205078125,643000,0.0,0.0
2023-08-07 00:00:00+08:00,841.0429884123322,852.2568949244967,829.8290819001678,835.43603515625,307000,0.0,0.0
2023-08-08 00:00:00+08:00,835.4360357181387,837.3050201380897,803.66330057897,812.07373046875,677000,0.0,0.0
2023-08-09 00:00:00+08:00,808.3358000799641,816.7462303698134,784.0390014648438,784.0390014648438,839000,0.0,0.0
2023-08-10 00:00:00+08:00,798.9908567509449,805.5323023617714,736.3798773330346,749.4627685546875,1644000,0.0,0.0
2023-08-11 00:00:00+08:00,783.1044905499714,793.38390510373,765.3491381389339,766.2836303710938,1444000,0.0,0.0
2023-08-14 00:00:00+08:00,762.5456397934715,770.0215774385056,744.7902878865157,755.0697021484375,610000,0.0,0.0
2023-08-15 00:00:00+08:00,767.2181730850883,767.2181730850883,737.3144196883492,752.2662963867188,1020000,0.0,0.0
2023-08-16 00:00:00+08:00,742.9213034752571,760.676655382213,740.1178268583694,755.0697021484375,591000,0.0,0.0
2023-08-17 00:00:00+08:00,747.5937761049514,775.628542708887,744.7902994445578,769.0870971679688,759000,0.0,0.0
2023-08-18 00:00:00+08:00,758.8076586734986,773.7595337212523,758.8076586734986,764.4146118164062,328000,0.0,0.0
2023-08-21 00:00:00+08:00,774.6940866851807,775.6285789489747,746.6593187713623,747.5938110351562,574000,0.0,0.0
2023-08-22 00:00:00+08:00,754.1353047688802,756.9387817382812,738.2489352756077,740.117919921875,524000,0.0,0.0
2023-08-23 00:00:00+08:00,740.117824737935,742.9213013467909,723.2969650848001,738.2488403320312,542000,0.0,0.0
2023-08-24 00:00:00+08:00,749.5739924081126,756.1906606891426,737.285894171914,755.2454223632812,578000,8.981209,0.0
2023-08-25 00:00:00+08:00,750.5191948198757,750.5191948198757,739.1763354523209,743.9025268554688,351000,0.0,0.0
2023-08-28 00:00:00+08:00,747.6834364498362,785.4929654738482,747.6834364498362,771.3143920898438,838000,0.0,0.0
2023-08-29 00:00:00+08:00,778.8763470022012,837.4811206844057,774.150155576217,818.5763549804688,1499000,0.0,0.0
2023-08-30 00:00:00+08:00,831.8096627941799,844.0977600854575,818.576327249727,838.4263305664062,1442000,0.0,0.0
2023-08-31 00:00:00+08:00,856.3859424208746,860.1668958090462,834.6454604388877,848.8240356445312,1356000,0.0,0.0
2023-09-01 00:00:00+08:00,845.0430723840639,853.5502174080646,825.1930673280624,826.1383056640625,1005000,0.0,0.0
2023-09-04 00:00:00+08:00,821.4120451421021,840.3168102777086,820.4668068853217,829.919189453125,641000,0.0,0.0
2023-09-05 00:00:00+08:00,826.1383082892305,888.5240386634745,825.1930699502268,879.0716552734375,1761000,0.0,0.0
2023-09-06 00:00:00+08:00,880.016879272461,959.4168984549386,879.07164094886,926.3335571289062,2895000,0.0,0.0
2023-09-07 00:00:00+08:00,908.3740319199198,931.0597517597513,899.8668869799831,904.5930786132812,1370000,0.0,0.0
2023-09-08 00:00:00+08:00,907.4287339400428,907.4287339400428,880.0168242689373,882.8525390625,866000,0.0,0.0
2023-09-11 00:00:00+08:00,890.4144247042533,895.1406159181824,860.1668009351066,863.94775390625,670000,0.0,0.0
2023-09-12 00:00:00+08:00,874.3454324146561,922.5525859856263,873.4001941093429,920.662109375,1313000,0.0,0.0
2023-09-13 00:00:00+08:00,912.154906114586,945.2382446783274,908.3739531358726,933.8953857421875,1849000,0.0,0.0
2023-09-14 00:00:00+08:00,933.8953863047235,1025.58349609375,933.8953863047235,1025.58349609375,2840000,0.0,0.0
2023-09-15 00:00:00+08:00,1025.5836270824414,1063.3931617214255,1011.4050515928225,1035.0360107421875,2612000,0.0,0.0
2023-09-18 00:00:00+08:00,1035.0359352959526,1049.2145097520615,1011.4049778691044,1020.8573608398438,1317000,0.0,0.0
2023-09-19 00:00:00+08:00,1030.3097915291225,1035.0359832333847,992.5002578950264,1006.6788330078125,919000,0.0,0.0
2023-09-20 00:00:00+08:00,1006.6787998236498,1039.7621406629248,964.1430758874393,973.595458984375,1780000,0.0,0.0
2023-09-21 00:00:00+08:00,945.2383236009248,964.1430900729432,919.7168888636998,926.3335571289062,1644000,0.0,0.0
2023-09-22 00:00:00+08:00,932.0049051920572,973.5953877766926,911.2096638997396,964.1430053710938,1188000,0.0,0.0
2023-09-25 00:00:00+08:00,973.5953928877668,978.3215841153773,959.4168192049352,968.8692016601562,560000,0.0,0.0
2023-09-26 00:00:00+08:00,959.4169127497842,968.8692961266293,940.5121459960938,940.5121459960938,493000,0.0,0.0
2023-09-27 00:00:00+08:00,942.4026000480342,949.9645065679783,929.1692636381321,930.114501953125,533000,0.0,0.0
2023-09-28 00:00:00+08:00,937.6764084730692,973.5954644428036,930.114501953125,930.114501953125,673000,0.0,0.0
2023-10-02 00:00:00+08:00,945.2383410292888,949.9645327344352,912.1549990932638,918.7716674804688,908000,0.0,0.0
2023-10-03 00:00:00+08:00,933.8954314279084,978.3216311010984,933.8954314279084,954.690673828125,1142000,0.0,0.0
2023-10-04 00:00:00+08:00,941.4572925400153,973.5953928877668,935.7858630668826,968.8692016601562,681000,0.0,0.0
2023-10-05 00:00:00+08:00,1030.3097265625,1063.39306640625,1001.952578125,1063.39306640625,2480000,0.0,0.0
2023-10-06 00:00:00+08:00,1053.940773500215,1068.119348928469,1006.6788554060349,1030.309814453125,1911000,0.0,0.0
2023-10-11 00:00:00+08:00,1058.6668927228009,1058.6668927228009,1016.1311693544741,1020.8573608398438,1332000,0.0,0.0
2023-10-12 00:00:00+08:00,1053.940773500215,1053.940773500215,1006.6788554060349,1030.309814453125,889000,0.0,0.0
2023-10-13 00:00:00+08:00,1035.0358986142535,1063.3930465214933,1011.404942024887,1044.48828125,983000,0.0,0.0
2023-10-16 00:00:00+08:00,1030.30970873673,1035.0359000612104,978.3216041674455,987.7739868164062,1522000,0.0,0.0
2023-10-17 00:00:00+08:00,997.2263235416053,1016.1310879689344,992.500132434773,1001.9525146484375,916000,0.0,0.0
2023-10-18 00:00:00+08:00,1006.6788554060349,1053.940773500215,1001.952663596617,1030.309814453125,1230000,0.0,0.0
2023-10-19 00:00:00+08:00,1016.1310459758741,1072.8453369140625,983.0477095952642,1072.8453369140625,1706000,0.0,0.0
2023-10-20 00:00:00+08:00,1063.392986248491,1101.2025146484375,1039.7620309985248,1101.2025146484375,1711000,0.0,0.0
2023-10-23 00:00:00+08:00,1091.7502331203884,1105.9288075764973,1016.1311693544741,1020.8573608398438,1566000,0.0,0.0
2023-10-24 00:00:00+08:00,1053.940773500215,1087.024116166141,1020.857430834289,1030.309814453125,1964000,0.0,0.0
2023-10-25 00:00:00+08:00,1035.0360282590036,1120.107482636456,1020.8574525294283,1053.9407958984375,2545000,0.0,0.0
2023-10-26 00:00:00+08:00,1011.4049173990885,1016.131108601888,954.6906229654948,964.1430053710938,2155000,0.0,0.0
2023-10-27 00:00:00+08:00,968.8692166255071,1006.6787470304049,968.8692166255071,983.0477905273438,1332000,0.0,0.0
2023-10-30 00:00:00+08:00,1006.6788640802556,1049.2145907315341,997.2264803799716,1039.76220703125,1610000,0.0,0.0
2023-10-31 00:00:00+08:00,1039.7620380998223,1044.4882291820943,992.500127277103,997.226318359375,1317000,0.0,0.0
2023-11-01 00:00:00+08:00,1035.0358948340784,1035.0358948340784,968.8692166255071,983.0477905273438,1349000,0.0,0.0
2023-11-02 00:00:00+08:00,936.7310963948568,1006.6787261962891,936.7310963948568,964.1430053710938,3533000,0.0,0.0
2023-11-03 00:00:00+08:00,964.1430996981535,968.8692913633405,927.2788047096947,935.7859497070312,1752000,0.0,0.0
2023-11-06 00:00:00+08:00,943.3478641707013,1011.4050247120746,939.5669108072917,1006.6788330078125,2134000,0.0,0.0
2023-11-07 00:00:00+08:00,997.2264761032035,1035.0360107421875,973.5955169538385,1035.0360107421875,1396000,0.0,0.0
2023-11-08 00:00:00+08:00,1035.0359352959526,1035.0359352959526,1001.9525948983651,1020.8573608398438,1418000,0.0,0.0
2023-11-09 00:00:00+08:00,1030.3097915291225,1030.3097915291225,997.2264495992885,1006.6788330078125,706000,0.0,0.0
2023-11-10 00:00:00+08:00,1001.9525607898474,1001.9525607898474,978.3216041674455,987.7739868164062,451000,0.0,0.0
2023-11-13 00:00:00+08:00,1006.6788330078125,1030.3097915291225,1001.9526413035504,1006.6788330078125,872000,0.0,0.0
2023-11-14 00:00:00+08:00,1025.5836270824414,1049.2145862318064,1011.4050515928225,1035.0360107421875,1360000,0.0,0.0
2023-11-15 00:00:00+08:00,1068.119190144089,1077.5715723577537,987.7739413279407,1001.9525146484375,2321000,0.0,0.0
2023-11-16 00:00:00+08:00,1006.6787998236498,1020.8573744690534,964.1430758874393,973.595458984375,1552000,0.0,0.0
2023-11-17 00:00:00+08:00,978.3216692243304,1016.1312023344494,973.5954775855655,992.500244140625,1581000,0.0,0.0
2023-11-20 00:00:00+08:00,987.7740189876463,987.7740189876463,949.964487160368,959.4168701171875,1680000,0.0,0.0
2023-11-21 00:00:00+08:00,973.5954079261193,983.0477905273438,959.4168340242826,983.0477905273438,1729000,0.0,0.0
2023-11-22 00:00:00+08:00,983.0479424055233,1030.3098627134812,968.869366313136,1016.1312866210938,1629000,0.0,0.0
2023-11-23 00:00:00+08:00,1030.309777250744,1030.309777250744,983.0478608630953,992.500244140625,1019000,0.0,0.0
2023-11-24 00:00:00+08:00,1006.6788190569197,1011.4050106956846,983.0478608630953,992.500244140625,572000,0.0,0.0
2023-11-27 00:00:00+08:00,1001.9525607898474,1001.9525607898474,983.0477954919259,987.7739868164062,450000,0.0,0.0
2023-11-28 00:00:00+08:00,992.5003264671149,1035.036054744277,992.5003264671149,1016.1312866210938,1151000,0.0,0.0
2023-11-29 00:00:00+08:00,1025.5836706826854,1025.5836706826854,997.2265184979107,1016.1312866210938,610000,0.0,0.0
2023-11-30 00:00:00+08:00,1020.8574786518896,1025.5836706826854,992.5003264671149,1016.1312866210938,726000,0.0,0.0
2023-12-01 00:00:00+08:00,1025.5834648530065,1049.214420264366,997.226318359375,997.226318359375,1389000,0.0,0.0
2023-12-04 00:00:00+08:00,1006.6788330078125,1039.7621749376467,1001.9526413035504,1006.6788330078125,906000,0.0,0.0
2023-12-05 00:00:00+08:00,1001.9525402534299,1001.9525402534299,964.1430104325458,968.8692016601562,841000,0.0,0.0
2023-12-06 00:00:00+08:00,983.0478744865023,1011.4050247120746,973.5954910779783,1006.6788330078125,815000,0.0,0.0
2023-12-07 00:00:00+08:00,997.226369465367,1011.4049434388083,983.0477954919259,987.7739868164062,599000,0.0,0.0
2023-12-08 00:00:00+08:00,1011.404942024887,1068.1192378393666,1001.9525593891403,1044.48828125,2134000,0.0,0.0
2023-12-11 00:00:00+08:00,1072.8453369140625,1091.7501005601252,1058.6667641795154,1072.8453369140625,1557000,0.0,0.0
2023-12-12 00:00:00+08:00,1096.47640625,1105.9287890625,1063.39306640625,1063.39306640625,1151000,0.0,0.0
2023-12-13 00:00:00+08:00,1068.119197282107,1143.7382554967694,1058.6668150052742,1120.1072998046875,2318000,0.0,0.0
2023-12-14 00:00:00+08:00,1176.8217361450195,1200.4526947021484,1120.1074356079102,1134.2860107421875,2656000,0.0,0.0
2023-12-15 00:00:00+08:00,1134.2858519983906,1148.4644251483705,1101.2025146484375,1101.2025146484375,958000,0.0,0.0
2023-12-18 00:00:00+08:00,1101.2024371515172,1181.5476793471214,1087.0238649993516,1139.011962890625,1751000,0.0,0.0
2023-12-19 00:00:00+08:00,1167.369328665226,1172.0955202792554,1087.0240712267287,1110.655029296875,1522000,0.0,0.0
2023-12-20 00:00:00+08:00,1120.1072841546475,1120.1072841546475,1087.02394664797,1105.9287109375,978000,0.0,0.0
2023-12-21 00:00:00+08:00,1087.0239568160753,1124.8334857488082,1082.2977656994835,1115.381103515625,797000,0.0,0.0
2023-12-22 00:00:00+08:00,1124.8335012012944,1139.0120747458486,1110.6549276567403,1129.5596923828125,1058000,0.0,0.0
2023-12-25 00:00:00+08:00,1139.0120900051654,1176.821619963843,1134.2858987603306,1143.73828125,1216000,0.0,0.0
2023-12-26 00:00:00+08:00,1153.1905517578125,1167.3691241154906,1124.8334070424564,1153.1905517578125,960000,0.0,0.0
2023-12-27 00:00:00+08:00,1162.6429497722672,1176.8215223304655,1148.4643772140687,1167.369140625,781000,0.0,0.0
2023-12-28 00:00:00+08:00,1167.369352722168,1195.7265029907226,1124.8336273193358,1134.2860107421875,1530000,0.0,0.0
2023-12-29 00:00:00+08:00,1139.0122024536133,1139.0122024536133,1124.8336273193358,1134.2860107421875,380000,0.0,0.0
2024-01-02 00:00:00+08:00,1134.2858187637664,1139.0120096752821,1068.1191460025468,1072.8453369140625,1057000,0.0,0.0
2024-01-03 00:00:00+08:00,1058.666965309633,1068.119348928469,1030.309814453125,1030.309814453125,1064000,0.0,0.0
2024-01-04 00:00:00+08:00,1035.0359352959526,1039.7621267813222,1001.9525948983651,1020.8573608398438,642000,0.0,0.0
2024-01-05 00:00:00+08:00,1030.3098627134812,1044.4884388058686,1016.1312866210938,1016.1312866210938,565000,0.0,0.0
2024-01-08 00:00:00+08:00,1030.309743810583,1053.9407012374313,1020.8573608398438,1020.8573608398438,660000,0.0,0.0
2024-01-09 00:00:00+08:00,1053.9407780616796,1068.1193535512984,1025.5836270824414,1035.0360107421875,965000,0.0,0.0
2024-01-10 00:00:00+08:00,1035.035922700325,1068.1192626953125,1025.5835398446143,1068.1192626953125,980000,0.0,0.0
2024-01-11 00:00:00+08:00,1072.8453369140625,1101.2024823831566,1063.3929550910311,1072.8453369140625,1533000,0.0,0.0
2024-01-12 00:00:00+08:00,1077.5716406249999,1077.5716406249999,1058.666875,1063.39306640625,819000,0.0,0.0
2024-01-15 00:00:00+08:00,1077.5715490564123,1101.2025040795793,1053.9405940332454,1091.7501220703125,1070222,0.0,0.0
2024-01-16 00:00:00+08:00,1077.571533203125,1091.7501060084292,1063.3929603978206,1077.571533203125,717000,0.0,0.0
2024-01-17 00:00:00+08:00,1077.5717372110446,1087.0241208707905,1030.3098189123145,1035.0360107421875,980000,0.0,0.0
2024-01-18 00:00:00+08:00,1035.0359832333847,1044.4883666419087,997.2264495992885,1006.6788330078125,789000,0.0,0.0
2024-01-19 00:00:00+08:00,1025.5834648530065,1039.7620380998223,987.7739361948312,997.226318359375,1286000,0.0,0.0
2024-01-22 00:00:00+08:00,1011.4049468169341,1053.9406688793285,992.5001814558699,1049.2144775390625,1437000,0.0,0.0
2024-01-23 00:00:00+08:00,1101.2026460688164,1148.464562209109,1087.0240712267287,1110.655029296875,2369000,0.0,0.0
2024-01-24 00:00:00+08:00,1101.2026026903002,1110.6549855460107,1068.1192626953125,1068.1192626953125,1098000,0.0,0.0
2024-01-25 00:00:00+08:00,1068.1192429001267,1082.2978169209248,1044.4882861987965,1049.2144775390625,987000,0.0,0.0
2024-01-26 00:00:00+08:00,1044.4882861987965,1053.9406688793285,1020.8573294974661,1049.2144775390625,514000,0.0,0.0
2024-01-29 00:00:00+08:00,1058.666875,1072.84544921875,1049.2144921875,1063.39306640625,618000,0.0,0.0
2024-01-30 00:00:00+08:00,1077.5716356549945,1082.2978270394462,1058.6668701171875,1058.6668701171875,748000,0.0,0.0
2024-01-31 00:00:00+08:00,1053.9407958984375,1058.666987808296,1039.762220168862,1053.9407958984375,718000,0.0,0.0
2024-02-01 00:00:00+08:00,1049.2144873482841,1082.2978270394462,1044.4882959638323,1058.6668701171875,777000,0.0,0.0
2024-02-02 00:00:00+08:00,1068.119277087882,1091.7502345455785,1063.3930855963426,1082.2978515625,723000,0.0,0.0
2024-02-05 00:00:00+08:00,1087.023931065679,1110.654886088846,1068.1191670471455,1091.7501220703125,1089000,0.0,0.0
2024-02-15 00:00:00+08:00,1181.54786125062,1195.7264355856275,1134.2859468005952,1191.000244140625,3013000,0.0,0.0
2024-02-16 00:00:00+08:00,1205.1788330078125,1228.8097905177694,1157.9169179878982,1205.1788330078125,1936000,0.0,0.0
2024-02-19 00:00:00+08:00,1200.4525354666303,1228.8096819737161,1162.643006790516,1219.3572998046875,1310000,0.0,0.0
2024-02-20 00:00:00+08:00,1214.631139119466,1247.7144775390625,1191.0001831054688,1247.7144775390625,1668000,0.0,0.0
2024-02-21 00:00:00+08:00,1238.2621535343003,1271.3454935142242,1172.0954735744522,1186.2740478515625,2060000,0.0,0.0
2024-02-22 00:00:00+08:00,1195.7262688308467,1200.4524596167394,1148.4643609719199,1153.1905517578125,1955000,0.0,0.0
2024-02-23 00:00:00+08:00,1167.3691724694293,1176.8215544327445,1087.02392578125,1087.02392578125,2328000,0.0,0.0
2024-02-26 00:00:00+08:00,1091.7502098083496,1091.7502098083496,1053.9406787327357,1058.6668701171875,1269000,0.0,0.0
2024-02-27 00:00:00+08:00,1063.392999037257,1072.8453812509213,992.500132434773,1001.9525146484375,2483000,0.0,0.0
2024-02-29 00:00:00+08:00,1001.9525934228757,1006.6787849012854,943.3478190905943,959.4168701171875,3423000,0.0,0.0
2024-03-01 00:00:00+08:00,973.5953928877668,973.5953928877668,949.9644367497142,968.8692016601562,2160000,0.0,0.0
2024-03-04 00:00:00+08:00,992.5003264671149,1020.8574786518896,987.7741344363191,1016.1312866210938,2627000,0.0,0.0
2024-03-05 00:00:00+08:00,1025.583631480824,1058.666974431818,1025.583631480824,1039.76220703125,2289000,0.0,0.0
2024-03-06 00:00:00+08:00,1039.7620697724653,1044.488260998704,1001.9525399625576,1025.58349609375,1525000,0.0,0.0
2024-03-07 00:00:00+08:00,1039.721795740262,1044.4693838486648,982.7507384394256,1011.2362670898438,1316000,4.889812,0.0
2024-03-08 00:00:00+08:00,1034.9741679071224,1049.2169316856607,973.2555248667893,978.0031127929688,1677000,0.0,0.0
2024-03-11 00:00:00+08:00,987.4982886453278,1001.7410524238661,968.5079369406099,978.0031127929688,774000,0.0,0.0
2024-03-12 00:00:00+08:00,978.0030836022419,996.9934347401495,968.507908033288,982.7506713867188,967000,0.0,0.0
2024-03-13 00:00:00+08:00,992.245853130634,992.245853130634,938.1233520507812,938.1233520507812,1750000,0.0,0.0
2024-03-14 00:00:00+08:00,947.6185826059733,1001.7410868229478,926.7291950134569,992.2459106445312,1749000,0.0,0.0
2024-03-15 00:00:00+08:00,987.4982103924418,1025.478910792151,982.7506228424782,1020.7313232421875,1257000,0.0,0.0
2024-03-18 00:00:00+08:00,1020.7313232421875,1020.7313232421875,1020.7313232421875,1020.7313232421875,0,0.0,0.0
2024-03-19 00:00:00+08:00,949.5175731425383,954.265161008251,930.5272216796875,930.5272216796875,1506000,0.0,0.0
2024-03-20 00:00:00+08:00,930.5271933735281,938.1233337275977,916.2844302096476,917.2339477539062,1111000,0.0,0.0
2024-03-21 00:00:00+08:00,923.8805986676897,954.265161008251,921.9815635214046,930.5272216796875,1046000,0.0,0.0
2024-03-22 00:00:00+08:00,936.2243271185428,954.265161008251,924.8301162408322,930.5272216796875,1025000,0.0,0.0
2024-03-25 00:00:00+08:00,930.5272216796875,930.5272216796875,930.5272216796875,930.5272216796875,0,0.0,0.0
2024-03-26 00:00:00+08:00,930.5272216796875,930.5272216796875,930.5272216796875,930.5272216796875,0,0.0,0.0
2024-03-27 00:00:00+08:00,889.6979306212858,898.2435884394197,877.3542026617588,888.7484130859375,1073000,0.0,0.0
2024-03-28 00:00:00+08:00,889.6979508109714,895.3950561523437,871.6571172299592,873.55615234375,1273000,0.0,0.0
2024-03-29 00:00:00+08:00,878.3037427676621,885.8998832456527,866.9095320506763,883.0513305664062,715000,0.0,0.0
2024-04-01 00:00:00+08:00,889.6979742071039,899.1931500257496,865.010517078625,867.8590698242188,1259000,0.0,0.0
2024-04-02 00:00:00+08:00,873.5560976692419,875.455132664175,852.6667127249775,856.4647827148438,1456000,0.0,0.0
2024-04-03 00:00:00+08:00,852.6667223766079,863.1114149669672,843.171547294463,848.86865234375,979000,0.0,0.0
2024-04-08 00:00:00+08:00,863.1114905115077,902.041711755701,856.4648673722551,878.3037719726562,2258000,0.0,0.0
2024-04-09 00:00:00+08:00,882.1017681547519,882.1017681547519,865.9599704597779,876.4046630859375,784000,0.0,0.0
2024-04-10 00:00:00+08:00,883.0513279127038,888.7484332540761,868.8085645592731,873.55615234375,638000,0.0,0.0
2024-04-11 00:00:00+08:00,873.5562028556035,880.2028261382004,852.6668153960129,853.6163330078125,724000,0.0,0.0
2024-04-12 00:00:00+08:00,861.212473902209,871.6571676320043,847.9192273370151,853.6163330078125,554000,0.0,0.0
2024-04-15 00:00:00+08:00,849.8182101150123,849.8182101150123,817.5346133061738,818.484130859375,1125000,0.0,0.0
2024-04-16 00:00:00+08:00,808.0394194103422,811.8374895368304,790.9481038411458,797.5947265625,1252000,0.0,0.0
2024-04-17 00:00:00+08:00,799.4937262512497,806.1403486785166,789.9985513551541,801.3927612304688,705000,0.0,0.0
2024-04-18 00:00:00+08:00,807.0898726423817,821.3326351007767,797.5946976701184,802.34228515625,695000,0.0,0.0
2024-04-19 00:00:00+08:00,790.9480917358399,791.8976092529297,732.0780056762695,759.614013671875,1874000,0.0,0.0
2024-04-22 00:00:00+08:00,764.361677498653,770.0587831694504,741.5732548154633,743.4722900390625,927000,0.0,0.0
2024-04-23 00:00:00+08:00,749.1693572408905,760.5635679974059,722.5828654756878,737.775146484375,1758000,0.0,0.0
2024-04-24 00:00:00+08:00,757.7149977440555,785.2510064340023,749.1693398747616,762.4625854492188,1885000,0.0,0.0
2024-04-25 00:00:00+08:00,690.2992297076256,706.4410273761671,686.5011596679688,686.5011596679688,2850000,0.0,0.0
2024-04-26 00:00:00+08:00,688.4001946877972,693.1477822373682,668.4603269795989,686.5011596679688,2884000,0.0,0.0
2024-04-29 00:00:00+08:00,701.6934827168783,736.8256327311199,698.8449300130209,729.2294921875,2521000,0.0,0.0
2024-04-30 00:00:00+08:00,740.6237043271236,741.5732218967738,709.2896245286685,711.1886596679688,1826000,0.0,0.0
2024-05-02 00:00:00+08:00,710.2390876442621,730.178955078125,707.3905351537102,730.178955078125,965000,0.0,0.0
2024-05-03 00:00:00+08:00,767.2102368413185,784.3015539986746,743.4722963449906,744.4218139648438,2458000,0.0,0.0
2024-05-06 00:00:00+08:00,759.6140235361427,767.2101637715041,749.1693307125207,752.0178833007812,1352000,0.0,0.0
2024-05-07 00:00:00+08:00,748.2198107158216,748.2198107158216,714.0371797694135,724.4818725585938,1556000,0.0,0.0
2024-05-08 00:00:00+08:00,724.4819017878309,725.4314193524283,711.1886558834669,719.7343139648438,713000,0.0,0.0
2024-05-09 00:00:00+08:00,719.7343388618584,724.4819268490738,695.0468813283381,695.9963989257812,1075000,0.0,0.0
2024-05-10 00:00:00+08:00,696.9458173081958,714.0371316291053,693.1477474591048,708.3400268554688,778000,0.0,0.0
2024-05-13 00:00:00+08:00,710.2391037048915,715.9362088148238,696.9458584483829,705.4915161132812,472000,0.0,0.0
2024-05-14 00:00:00+08:00,703.5925215770134,721.6333554636034,703.5925215770134,720.683837890625,561000,0.0,0.0
2024-05-15 00:00:00+08:00,718.7847674008591,730.1789777163284,706.4410395591005,724.4818725585938,1222000,0.0,0.0
2024-05-16 00:00:00+08:00,730.1789742899682,744.4217371174709,722.5828341153002,733.0275268554688,1138000,0.0,0.0
2024-05-17 00:00:00+08:00,730.1789715896545,732.0780066262986,705.4915161132812,705.4915161132812,1365000,0.0,0.0
2024-05-20 00:00:00+08:00,702.6430092953788,703.5925268755076,691.248798333832,694.0973510742188,1158000,0.0,0.0
2024-05-21 00:00:00+08:00,695.9963477404365,703.5924879613416,688.4002075195312,688.4002075195312,768000,0.0,0.0
2024-05-22 00:00:00+08:00,690.2993101009653,698.8449686854339,688.4002748599722,689.3497924804688,910000,0.0,0.0
2024-05-23 00:00:00+08:00,693.1477692454598,693.1477692454598,677.9554893715867,684.6021118164062,786000,0.0,0.0
2024-05-24 00:00:00+08:00,677.0059718794697,685.5516293085233,669.4098319425332,684.6021118164062,638000,0.0,0.0
2024-05-27 00:00:00+08:00,694.0973458472291,734.9266014853014,688.4002404093585,720.683837890625,1890000,0.0,0.0
2024-05-28 00:00:00+08:00,728.2799880465817,767.2102090503755,726.3809528756649,758.66455078125,2365000,0.0,0.0
2024-05-29 00:00:00+08:00,776.7053485647085,776.7053485647085,752.0178924978595,762.4625854492188,2330000,0.0,0.0
2024-05-30 00:00:00+08:00,751.0683336270052,762.462543492396,743.4721937167448,747.270263671875,1165000,0.0,0.0
2024-05-31 00:00:00+08:00,749.1693050151374,762.462549971046,721.6332976064695,730.178955078125,7724000,0.0,0.0
2024-06-03 00:00:00+08:00,740.6236757958619,766.2606491887956,734.9265705974321,761.5130615234375,1782000,0.0,0.0
2024-06-04 00:00:00+08:00,734.9265890370244,792.8471600076426,720.6838256835938,764.3616333007812,4098000,0.0,0.0
2024-06-05 00:00:00+08:00,763.4120708264802,771.9577283357319,754.8664133172286,757.7149658203125,1853000,0.0,0.0
2024-06-06 00:00:00+08:00,776.7053390657059,776.7053390657059,744.4217430654198,752.0178833007812,1872000,0.0,0.0
2024-06-07 00:00:00+08:00,752.9674226180367,764.3616333007812,742.5227294921875,764.3616333007812,1310000,0.0,0.0
2024-06-11 00:00:00+08:00,756.7654939219545,759.6140465966921,744.4217656647583,746.32080078125,1017000,0.0,0.0
2024-06-12 00:00:00+08:00,748.2197939428952,784.3014591330349,748.2197939428952,767.2101440429688,2051000,0.0,0.0
2024-06-13 00:00:00+08:00,780.503382788764,820.3831176757812,770.0586903183548,820.3831176757812,3017000,0.0,0.0
2024-06-14 00:00:00+08:00,827.0298105468751,858.3638906250001,821.3327050781251,830.827880859375,4131000,0.0,0.0
2024-06-17 00:00:00+08:00,824.1811842136041,824.1811842136041,792.8471069335938,792.8471069335938,2047000,0.0,0.0
2024-06-18 00:00:00+08:00,797.5947071681513,815.635539830288,785.2509795572156,812.7869873046875,2127000,0.0,0.0
2024-06-19 00:00:00+08:00,820.3831799412094,851.7172597306305,809.938486678069,847.919189453125,2803000,0.0,0.0
2024-06-20 00:00:00+08:00,852.6667422075207,880.2027505861599,830.8278390106688,833.6763916015625,3118000,0.0,0.0
2024-06-21 00:00:00+08:00,833.6763240940351,850.7676382554162,829.8782542803948,832.726806640625,1329000,0.0,0.0
2024-06-24 00:00:00+08:00,830.8278590509897,833.6764117105931,816.5850957529727,818.484130859375,1019000,0.0,0.0
2024-06-25 00:00:00+08:00,812.7870444589956,827.0298080885341,798.5442808294572,821.3327026367188,878000,0.0,0.0
2024-06-26 00:00:00+08:00,824.1811941881833,831.7773342267841,803.2918090820312,803.2918090820312,1242000,0.0,0.0
2024-06-27 00:00:00+08:00,805.1908668154762,807.0899018787202,792.8471389043899,797.5947265625,929000,0.0,0.0
2024-06-28 00:00:00+08:00,796.6452573352896,804.2413980488561,789.9986342109189,795.6957397460938,1075000,0.0,0.0
2024-07-01 00:00:00+08:00,796.6452030833175,801.3927907059833,777.6548525926544,778.6043701171875,944000,0.0,0.0
2024-07-02 00:00:00+08:00,777.6549008842785,788.0995943027486,771.9577953832948,776.7053833007812,921000,0.0,0.0
2024-07-03 00:00:00+08:00,802.3422948547874,822.2821625375691,783.3519446807096,794.7461547851562,1825000,0.0,0.0
2024-07-04 00:00:00+08:00,800.4432468802629,806.1403518402648,787.1500019735919,792.8471069335938,1442000,0.0,0.0
2024-07-05 00:00:00+08:00,811.837507986967,820.3831659657773,797.5947446889501,818.484130859375,2273000,0.0,0.0
2024-07-08 00:00:00+08:00,824.1811974070897,825.1307149156232,805.1908472364195,812.7869873046875,946000,0.0,0.0
2024-07-09 00:00:00+08:00,814.6860606465705,822.2822010721795,792.8471569229445,818.484130859375,1448000,0.0,0.0
2024-07-10 00:00:00+08:00,823.231748138036,836.5249943594115,813.736572265625,813.736572265625,1431000,0.0,0.0
2024-07-11 00:00:00+08:00,822.2822125997576,842.2220814965184,809.9384842350961,838.4240112304688,2010000,0.0,0.0
2024-07-12 00:00:00+08:00,831.7773636219114,833.6763986986738,813.736530392669,816.5850830078125,1506000,0.0,0.0
2024-07-15 00:00:00+08:00,818.4841180845749,823.2317057764808,808.0394251623819,816.5850830078125,530000,0.0,0.0
2024-07-16 00:00:00+08:00,818.4841372245709,842.2220762392046,818.4841372245709,819.4336547851562,1222000,0.0,0.0
2024-07-17 00:00:00+08:00,808.9889427007631,821.3326706997184,795.6956971634266,816.5850830078125,1658000,0.0,0.0
2024-07-18 00:00:00+08:00,801.3928412895698,824.1812633167614,795.695735782772,804.2413940429688,1687000,0.0,0.0
2024-07-19 00:00:00+08:00,805.1909002345641,811.8375232317834,784.301513671875,784.301513671875,1290000,0.0,0.0
2024-07-22 00:00:00+08:00,784.301547346444,789.0491354054418,741.5732548154633,743.4722900390625,1518000,0.0,0.0
2024-07-23 00:00:00+08:00,756.7655068024766,759.6140595256979,744.4217783351841,748.2198486328125,805000,0.0,0.0
2024-07-26 00:00:00+08:00,717.8352938565341,739.6741982992594,714.0372235186688,731.1285400390625,809000,0.0,0.0
2024-07-29 00:00:00+08:00,745.37125917632,747.2702942315464,688.4002075195312,688.4002075195312,1121000,0.0,0.0
2024-07-30 00:00:00+08:00,692.1983222336065,697.8954277663935,670.3594176912568,695.046875,1602000,0.0,0.0
2024-07-31 00:00:00+08:00,688.4002292705422,702.6429926347604,685.5516765976986,700.7439575195312,647000,0.0,0.0
2024-08-01 00:00:00+08:00,718.7847640279662,734.9265618991358,708.3400712877975,733.0275268554688,922000,0.0,0.0
2024-08-02 00:00:00+08:00,704.5420277499894,729.2294842479675,699.7944399619167,700.7439575195312,869000,0.0,0.0
2024-08-05 00:00:00+08:00,675.1069432308799,675.1069432308799,631.4291381835938,631.4291381835938,1245000,0.0,0.0
2024-08-06 00:00:00+08:00,637.1262431897615,655.1670757092927,578.2561581260279,631.4291381835938,1674000,0.0,0.0
2024-08-07 00:00:00+08:00,618.1359496896671,678.9050753119999,618.1359496896671,667.5108642578125,1318000,0.0,0.0
2024-08-08 00:00:00+08:00,666.5613327026367,691.2487894694011,658.965192159017,683.6526489257812,1805000,0.0,0.0
2024-08-09 00:00:00+08:00,700.7439492435778,706.441054521981,670.3593877587615,672.2584228515625,1875000,0.0,0.0
2024-08-12 00:00:00+08:00,676.0564957727629,687.4507063756746,670.359390471307,681.7536010742188,919000,0.0,0.0
2024-08-13 00:00:00+08:00,688.4001629646953,699.7943725585938,677.0059533707969,699.7943725585938,832000,0.0,0.0
2024-08-14 00:00:00+08:00,712.1381962552983,734.9266185354679,707.390608280263,714.0372314453125,1278000,0.0,0.0
2024-08-15 00:00:00+08:00,721.6332976064695,732.0779900718262,713.0876401348139,730.178955078125,608000,0.0,0.0
2024-08-16 00:00:00+08:00,734.92652958717,738.7245995075172,722.5828023460418,728.2799072265625,713000,0.0,0.0
2024-08-19 00:00:00+08:00,735.8760986328125,736.8256161794354,727.3304407132056,735.8760986328125,314000,0.0,0.0
2024-08-20 00:00:00+08:00,741.5731974756995,744.421750090843,733.97705716865,734.9265747070312,667000,0.0,0.0
2024-08-21 00:00:00+08:00,736.8256352677137,742.5227406950414,729.2294946979434,738.7246704101562,632000,0.0,0.0
2024-08-22 00:00:00+08:00,742.4436614872405,767.3836294441763,739.565972876825,745.3213500976562,778000,7.877115,0.0
2024-08-23 00:00:00+08:00,739.5659769509773,745.3213542035141,735.7290587826195,741.4844360351562,354000,0.0,0.0
2024-08-26 00:00:00+08:00,755.8728770791331,760.6690247763357,743.4028930664062,743.4028930664062,431000,0.0,0.0
2024-08-27 00:00:00+08:00,739.5659738914254,752.9951874251218,739.5659738914254,744.3621215820312,341000,0.0,0.0
2024-08-28 00:00:00+08:00,748.1991077769886,752.0360262784092,735.7291226473722,738.6068115234375,309000,0.0,0.0
2024-08-29 00:00:00+08:00,729.0144877218122,771.2205896425487,729.0144877218122,763.5467529296875,810000,0.0,0.0
2024-08-30 00:00:00+08:00,763.5467454808141,770.2613525390625,759.709827161815,770.2613525390625,474000,0.0,0.0
2024-09-02 00:00:00+08:00,779.8536670480976,783.6905854591583,753.9544677734375,753.9544677734375,611000,0.0,0.0
2024-09-03 00:00:00+08:00,757.7913372029938,772.1797803144431,742.4436645507812,742.4436645507812,532000,0.0,0.0
2024-09-04 00:00:00+08:00,703.1152445053164,713.6667693205394,691.6044901614367,693.52294921875,881000,0.0,0.0
2024-09-05 00:00:00+08:00,700.2375369830273,725.1775040536556,695.441389469445,711.748291015625,533000,0.0,0.0
2024-09-06 00:00:00+08:00,716.5445043052115,730.9329481667619,705.0337492159712,707.9114379882812,453000,0.0,0.0
2024-09-09 00:00:00+08:00,695.4414042350842,707.9113880351616,695.4414042350842,697.35986328125,283000,0.0,0.0
2024-09-10 00:00:00+08:00,707.9114578247071,709.8299170600044,686.8084062364367,690.6453247070312,325000,0.0,0.0
2024-09-11 00:00:00+08:00,696.400685020115,707.9114401444144,688.7268482705821,705.9929809570312,349000,0.0,0.0
2024-09-12 00:00:00+08:00,718.4628896484375,726.1367255859375,711.748283203125,719.422119140625,693000,0.0,0.0
2024-09-13 00:00:00+08:00,717.5036670381897,728.0551915534572,711.7482900298621,712.70751953125,295000,0.0,0.0
2024-09-16 00:00:00+08:00,717.5036700274493,725.1775060705237,707.9113749736064,709.829833984375,225000,0.0,0.0
2024-09-18 00:00:00+08:00,714.6260583630607,714.6260583630607,696.4006958007812,696.4006958007812,224000,0.0,0.0
2024-09-19 00:00:00+08:00,699.2783770177407,706.9522138025718,695.441458625325,703.1152954101562,284000,0.0,0.0
2024-09-20 00:00:00+08:00,716.5445108882716,718.462970087437,698.3191484962005,702.1560668945312,484000,0.0,0.0
2024-09-23 00:00:00+08:00,703.1152303998473,713.6667550033922,701.196771381021,706.9521484375,314000,0.0,0.0
2024-09-24 00:00:00+08:00,706.9521554607235,713.666762093322,695.4414012334119,700.237548828125,449000,0.0,0.0
2024-09-25 00:00:00+08:00,709.829853365577,759.7097890074824,707.9113943024267,749.1582641601562,1567000,0.0,0.0
2024-09-26 00:00:00+08:00,761.628256419035,762.5874859611245,736.688288324709,741.4844360351562,713000,0.0,0.0
2024-09-27 00:00:00+08:00,749.1582651774088,776.0166920979817,745.3213470458984,748.1990356445312,1009000,0.0,0.0
2024-09-30 00:00:00+08:00,748.1990554548908,748.1990554548908,728.0552347311052,729.9736938476562,469000,0.0,0.0
2024-10-01 00:00:00+08:00,739.5660023097203,739.5660023097203,718.4629516601562,718.4629516601562,362000,0.0,0.0
2024-10-04 00:00:00+08:00,721.340593112245,725.1775111607143,704.0744618941327,705.03369140625,509000,0.0,0.0
2024-10-07 00:00:00+08:00,714.6259845128053,718.4629025504579,701.196771381021,706.9521484375,329000,0.0,0.0
2024-10-08 00:00:00+08:00,709.829901505556,709.829901505556,693.5229983628608,704.0745239257812,384000,0.0,0.0
2024-10-09 00:00:00+08:00,705.9929289889958,711.7483061274932,696.4006337581671,697.35986328125,685000,0.0,0.0
2024-10-11 00:00:00+08:00,704.074521769648,711.7483585191809,699.2783738011899,705.9929809570312,277000,0.0,0.0
2024-10-14 00:00:00+08:00,705.9929139993262,713.666750021058,705.0336844966097,711.748291015625,360000,0.0,0.0
2024-10-15 00:00:00+08:00,716.5444306640625,720.3813486328124,710.7890537109375,719.422119140625,410000,0.0,0.0
2024-10-16 00:00:00+08:00,719.4221898129111,719.4221898129111,702.1560572574014,710.7891235351562,794000,0.0,0.0
2024-10-17 00:00:00+08:00,714.6259795237745,715.5852090264909,705.9929139993262,711.748291015625,446000,0.0,0.0
2024-10-18 00:00:00+08:00,714.6260041048267,721.340610854805,687.7675771049138,688.726806640625,829000,0.0,0.0
2024-10-21 00:00:00+08:00,693.5229806709543,725.1775565522012,693.5229806709543,720.3814086914062,1007000,0.0,0.0
2024-10-22 00:00:00+08:00,717.5037055121528,733.8106079101562,716.544475959329,733.8106079101562,563000,0.0,0.0
2024-10-23 00:00:00+08:00,727.0960156965192,729.0144748408372,716.5444904027702,720.3814086914062,471000,0.0,0.0
2024-10-24 00:00:00+08:00,720.3813428121899,741.4843914698041,720.3813428121899,725.177490234375,955000,0.0,0.0
2024-10-25 00:00:00+08:00,729.0144769849383,731.8921657098788,715.5852629352157,718.4629516601562,416000,0.0,0.0
2024-10-28 00:00:00+08:00,721.3406566651056,724.218345454993,702.156064732523,704.0745239257812,547000,0.0,0.0
2024-10-29 00:00:00+08:00,704.0744750638418,704.0744750638418,690.6452616430055,692.563720703125,365000,0.0,0.0
2024-10-30 00:00:00+08:00,700.2375631492231,712.7075471505107,680.0937428394509,686.808349609375,695000,0.0,0.0
2024-11-01 00:00:00+08:00,652.2761273807323,652.2761273807323,623.4992394080529,648.439208984375,2253000,0.0,0.0
2024-11-04 00:00:00+08:00,648.4392256051437,650.3576848524962,631.1730923789712,634.05078125,871000,0.0,0.0
2024-11-05 00:00:00+08:00,634.0507294824519,640.7653362999664,625.4176635742188,625.4176635742188,620000,0.0,0.0
2024-11-06 00:00:00+08:00,634.0507586974203,657.0722688467971,631.1730699287482,654.194580078125,974000,0.0,0.0
2024-11-07 00:00:00+08:00,658.0314962822094,662.8276442142954,654.1945779365406,656.113037109375,669000,0.0,0.0
2024-11-08 00:00:00+08:00,662.8276507622372,671.4607171252766,650.357666015625,650.357666015625,516000,0.0,0.0
2024-11-11 00:00:00+08:00,650.3576481002698,666.66455078125,649.3984185308004,666.66455078125,808000,0.0,0.0
2024-11-12 00:00:00+08:00,660.9091893813189,666.6645669376148,652.276123046875,652.276123046875,536000,0.0,0.0
2024-11-13 00:00:00+08:00,654.1945240015117,658.0314420308462,647.4799174501766,649.3983764648438,304000,0.0,0.0
2024-11-14 00:00:00+08:00,651.3168435317697,655.1537616085401,635.9691712246882,641.7245483398438,334000,0.0,0.0
2024-11-15 00:00:00+08:00,643.6430144987078,645.5614735583165,632.1322601410558,635.0099487304688,329000,0.0,0.0
2024-11-18 00:00:00+08:00,635.0099579838845,635.0099579838845,626.3768920898438,626.3768920898438,266000,0.0,0.0
2024-11-19 00:00:00+08:00,629.2545745803301,638.8468699245424,628.2953450459088,632.1322631835938,368000,0.0,0.0
2024-11-20 00:00:00+08:00,642.683837890625,649.3984451521688,640.765378673041,642.683837890625,485658,0.0,0.0
2024-11-21 00:00:00+08:00,642.6837808878214,654.1945351723793,637.8876332692556,638.8468627929688,473000,0.0,0.0
2024-11-22 00:00:00+08:00,647.4799154784437,657.0722105225688,644.6022269652062,651.3168334960938,515000,0.0,0.0
2024-11-25 00:00:00+08:00,658.9906999294781,695.4414227785613,657.072240832158,680.09375,1132000,0.0,0.0
2024-11-26 00:00:00+08:00,683.9306681946404,714.626013751763,674.3383727080395,680.09375,2049000,0.0,0.0
2024-11-27 00:00:00+08:00,687.7675505117302,688.7267800103518,654.1945180599721,655.1537475585938,1154000,0.0,0.0
2024-11-28 00:00:00+08:00,658.0314984363545,664.746105563256,645.5615137721087,654.194580078125,526000,0.0,0.0
2024-11-29 00:00:00+08:00,654.1945663781476,667.6237803507195,648.439188961331,666.66455078125,569000,0.0,0.0
2024-12-02 00:00:00+08:00,670.5014545133992,681.05297954866,670.5014545133992,680.09375,543000,0.0,0.0
2024-12-03 00:00:00+08:00,685.8491854721241,688.7268743622169,675.2976595417837,682.9714965820312,454000,0.0,0.0
2024-12-04 00:00:00+08:00,687.7676002239359,726.1367829421471,685.8491410880252,723.2590942382812,1651000,0.0,0.0
2024-12-05 00:00:00+08:00,733.8106079101562,756.8321171779259,729.0144601460375,733.8106079101562,2206000,0.0,0.0
2024-12-06 00:00:00+08:00,733.8106131302683,742.443679167095,728.0552357723839,729.0144653320312,951000,0.0,0.0
2024-12-09 00:00:00+08:00,736.6883071192053,737.6475366857667,717.5037157879759,724.2183227539062,677000,0.0,0.0
2024-12-10 00:00:00+08:00,728.0552517270082,732.8513996303482,712.7075784363203,714.6260375976562,858000,0.0,0.0
2024-12-11 00:00:00+08:00,714.6259785340259,722.2998145451296,705.9929130215344,712.70751953125,537000,0.0,0.0
2024-12-12 00:00:00+08:00,719.4221270373569,729.0144220645216,711.748291015625,711.748291015625,747000,0.0,0.0
2024-12-13 00:00:00+08:00,725.1775338196354,746.2805837456036,713.6667793145618,741.4844360351562,1117000,0.0,0.0
2024-12-16 00:00:00+08:00,745.3213753871233,752.0359823725929,719.4221770145979,722.2998657226562,1344000,0.0,0.0
2024-12-17 00:00:00+08:00,722.2998266509085,760.6690073494959,722.2998266509085,759.7097778320312,1549000,0.0,0.0
2024-12-18 00:00:00+08:00,753.9544656046756,783.69058320486,734.7698736045567,755.8729248046875,2229000,0.0,0.0
2024-12-19 00:00:00+08:00,741.4844360351562,747.2398132876931,736.688288324709,741.4844360351562,937000,0.0,0.0
2024-12-20 00:00:00+08:00,744.3621226058468,770.261320170741,743.4028930664062,743.4028930664062,1384000,0.0,0.0
2024-12-23 00:00:00+08:00,751.0767232233064,756.8321004127571,743.4028869707056,749.1582641601562,620000,0.0,0.0
2024-12-24 00:00:00+08:00,753.9544699532645,759.7098475864955,743.402944292341,752.0360107421875,582000,0.0,0.0
2024-12-25 00:00:00+08:00,756.83215876988,769.3021436418805,751.076781136649,752.0360107421875,654000,0.0,0.0
2024-12-26 00:00:00+08:00,756.8321654018216,758.7506246297096,738.6068027368855,746.2806396484375,635000,0.0,0.0
2024-12-27 00:00:00+08:00,746.2805775947228,757.7913320049242,740.5252003896221,747.2398071289062,397000,0.0,0.0
2024-12-30 00:00:00+08:00,745.3213562724192,749.1582744514277,733.8106017353933,739.5659790039062,299000,0.0,0.0
2024-12-31 00:00:00+08:00,735.72900390625,738.6066923178781,729.9736270829937,735.72900390625,270000,0.0,0.0
2025-01-02 00:00:00+08:00,736.6882653061225,737.6474948182398,705.03369140625,705.03369140625,724000,0.0,0.0
2025-01-03 00:00:00+08:00,707.9114401444144,712.7075881128726,703.1152921759564,705.9929809570312,304000,0.0,0.0
2025-01-06 00:00:00+08:00,717.5037157879759,726.1367818870292,706.9521905557998,724.2183227539062,406000,0.0,0.0
2025-01-07 00:00:00+08:00,728.0552305932139,738.606755674275,726.1367714875664,733.8106079101562,482000,0.0,0.0
2025-01-08 00:00:00+08:00,726.1367861243602,729.0144748408372,711.7483425419753,720.3814086914062,693000,0.0,0.0
2025-01-09 00:00:00+08:00,718.4629836188423,718.4629836188423,679.1345692952474,690.6453247070312,909000,0.0,0.0
2025-01-10 00:00:00+08:00,685.849122119551,700.2375652409402,679.1345153295694,684.889892578125,464000,0.0,0.0
2025-01-13 00:00:00+08:00,684.8899247018915,684.8899247018915,655.1538075229578,656.113037109375,478000,0.0,0.0
2025-01-14 00:00:00+08:00,659.949951171875,665.705328653025,650.3576553699583,659.949951171875,386000,0.0,0.0
2025-01-15 00:00:00+08:00,659.9498930770985,663.7868110601049,653.2352866068373,657.0722045898438,223000,0.0,0.0
2025-01-16 00:00:00+08:00,669.5422290558511,679.1345246010638,666.6645403922872,676.2568359375,278000,0.0,0.0
2025-01-17 00:00:00+08:00,679.134477963655,682.0121664296025,661.8683471679688,661.8683471679688,297000,0.0,0.0
2025-01-20 00:00:00+08:00,673.379150390625,677.216068626469,664.746084359976,673.379150390625,135000,0.0,0.0
2025-01-21 00:00:00+08:00,673.3791431593794,682.9714386459802,667.6237658674189,680.09375,313000,0.0,0.0
2025-01-22 00:00:00+08:00,684.8899072265625,689.6860550362724,670.5014637974331,671.460693359375,322000,0.0,0.0
2025-02-03 00:00:00+08:00,648.4391267880327,673.379093202957,644.6022088780444,669.5421752929688,480380,0.0,0.0
2025-02-04 00:00:00+08:00,676.2568891718147,684.8899558420932,661.8684447213504,682.9714965820312,434108,0.0,0.0
2025-02-05 00:00:00+08:00,689.6861096588523,689.6861096588523,678.1753540039062,678.1753540039062,858324,0.0,0.0
2025-02-06 00:00:00+08:00,709.8298595935314,728.0552208533653,685.84912109375,685.84912109375,1890359,0.0,0.0
2025-02-07 00:00:00+08:00,685.84917010683,699.2783846264043,683.930710889748,696.4006958007812,480199,0.0,0.0
2025-02-10 00:00:00+08:00,694.4821807819001,694.4821807819001,682.9714264042996,691.6044921875,463012,0.0,0.0
2025-02-11 00:00:00+08:00,696.4006685372389,696.4006685372389,661.8684039816733,665.705322265625,1955980,0.0,0.0
2025-02-12 00:00:00+08:00,667.6237814076009,675.2976179755043,662.8276335526612,665.705322265625,907115,0.0,0.0
2025-02-13 00:00:00+08:00,671.4606996915526,672.4199292625406,662.8276335526612,665.705322265625,839665,0.0,0.0
2025-02-14 00:00:00+08:00,667.6237668829449,679.134521484375,667.6237668829449,679.134521484375,565285,0.0,0.0
2025-02-17 00:00:00+08:00,682.0122080628302,689.6860444404709,677.2160603268046,681.052978515625,468211,0.0,0.0
2025-02-18 00:00:00+08:00,684.8899547261242,688.726873239996,678.1753473268485,683.9307250976562,465207,0.0,0.0
2025-02-19 00:00:00+08:00,685.8491252142669,688.7268138515295,682.01220703125,682.01220703125,335110,0.0,0.0
2025-02-20 00:00:00+08:00,682.9714376100352,689.6860444404709,677.2160603268046,681.052978515625,335144,0.0,0.0
2025-02-21 00:00:00+08:00,685.8491843545922,689.686102868464,680.0938065837844,683.9307250976562,395294,0.0,0.0
2025-02-24 00:00:00+08:00,683.9306589620691,691.6044952477586,680.0937408192244,688.726806640625,492183,0.0,0.0
2025-02-25 00:00:00+08:00,685.8490764104192,685.8490764104192,669.5421752929688,669.5421752929688,740050,0.0,0.0
2025-02-26 00:00:00+08:00,672.4199292625406,672.4199292625406,663.7868631236491,665.705322265625,534285,0.0,0.0
2025-02-27 00:00:00+08:00,669.5422535110429,671.4607126901576,647.4799729512234,654.194580078125,933192,0.0,0.0
2025-03-03 00:00:00+08:00,650.3576212073381,650.3576212073381,631.1730306112514,635.0099487304688,1023658,0.0,0.0
2025-03-04 00:00:00+08:00,636.1621413186332,637.1319006803994,611.918157274478,622.5855102539062,852241,7.188062,0.0
2025-03-05 00:00:00+08:00,628.4040538424263,641.0109252929688,622.5854977883297,641.0109252929688,710149,0.0,0.0
2025-03-06 00:00:00+08:00,646.8294544418358,656.5270474619532,641.980657931777,652.6480102539062,880739,0.0,0.0
2025-03-07 00:00:00+08:00,649.7387367851155,654.587533328288,640.0411436987705,650.70849609375,687150,0.0,0.0
2025-03-10 00:00:00+08:00,654.587545023336,673.0129722165855,650.708507719494,672.043212890625,930478,0.0,0.0
2025-03-11 00:00:00+08:00,654.5875068988493,664.285099593647,641.0108771261324,662.3455810546875,939384,0.0,0.0
2025-03-12 00:00:00+08:00,664.2851309783434,668.1641682395308,647.7992226182969,648.7689819335938,745427,0.0,0.0
2025-03-13 00:00:00+08:00,654.5875700739504,659.436366889313,634.2226234494275,635.1923828125,482305,0.0,0.0
2025-03-14 00:00:00+08:00,639.0713721982136,644.8899279390167,627.4342607166072,629.373779296875,325344,0.0,0.0
2025-03-17 00:00:00+08:00,634.2225818980824,642.9504155939276,630.343544699929,640.0411376953125,371400,0.0,0.0
2025-03-18 00:00:00+08:00,642.9504349557977,651.6782689144736,641.9806756270559,644.8899536132812,300420,0.0,0.0
2025-03-19 00:00:00+08:00,645.8596907552082,654.5875244140625,641.9806535734954,654.5875244140625,408440,0.0,0.0
2025-03-20 00:00:00+08:00,656.5270713490142,660.406108698196,650.7085153252416,655.5573120117188,447934,0.0,0.0
2025-03-21 00:00:00+08:00,656.5270430049189,656.5270430049189,650.7084872323495,654.5875244140625,371247,0.0,0.0
2025-03-24 00:00:00+08:00,664.2851645646696,664.2851645646696,647.7992553710938,647.7992553710938,371295,0.0,0.0
2025-03-25 00:00:00+08:00,647.7992270954367,652.6480237054325,641.0109118414426,646.8294677734375,378274,0.0,0.0
2025-03-26 00:00:00+08:00,646.829491458722,651.6782882462687,646.829491458722,649.73876953125,232116,0.0,0.0
2025-03-27 00:00:00+08:00,641.0108998379966,641.0108998379966,625.4947509765625,625.4947509765625,485235,0.0,0.0
2025-03-28 00:00:00+08:00,620.6459493605611,621.6157086564369,587.6741333007812,587.6741333007812,925534,0.0,0.0
2025-03-31 00:00:00+08:00,571.1882245359168,575.0672617144289,542.0954456970754,547.9140014648438,1282149,0.0,0.0
2025-04-01 00:00:00+08:00,553.7325888389398,589.6136847882232,549.8535514390173,586.7044067382812,771510,0.0,0.0
2025-04-02 00:00:00+08:00,581.8555878429878,598.3414961652057,575.0672726514863,596.4019775390625,321057,0.0,0.0
2025-04-07 00:00:00+08:00,537.2466430664062,537.2466430664062,537.2466430664062,537.2466430664062,23775,0.0,0.0
2025-04-08 00:00:00+08:00,484.3947917808273,495.5470242242297,483.909912109375,483.909912109375,933965,0.0,0.0
2025-04-09 00:00:00+08:00,444.14978434697406,466.4542494997697,435.9068298339844,435.9068298339844,909198,0.0,0.0
2025-04-10 00:00:00+08:00,479.06109619140625,479.06109619140625,477.1215775833439,479.06109619140625,783012,0.0,0.0
2025-04-11 00:00:00+08:00,454.33224791871334,486.81918560340256,438.3312189098366,485.84942626953125,860330,0.0,0.0
2025-04-14 00:00:00+08:00,499.42604475754956,516.8817123413086,495.54700751671425,504.27484130859375,809200,0.0,0.0
2025-04-15 00:00:00+08:00,513.9724640006876,522.7002982950389,506.21438907237535,517.8515014648438,852259,0.0,0.0
2025-04-16 00:00:00+08:00,515.9119553170912,515.9119553170912,502.3353249140098,503.3050842285156,459182,0.0,0.0
2025-04-17 00:00:00+08:00,504.2748582499109,512.0329329922172,494.577264822028,510.0934143066406,454141,0.0,0.0
2025-04-18 00:00:00+08:00,513.0026728360987,514.9421914479555,503.30507977681515,505.2445983886719,262021,0.0,0.0
2025-04-21 00:00:00+08:00,504.27485942840576,505.2446187734604,495.5470253229141,496.51678466796875,404352,0.0,0.0
2025-04-22 00:00:00+08:00,497.48652911799974,497.48652911799974,484.8796580097463,489.72845458984375,402164,0.0,0.0
2025-04-23 00:00:00+08:00,499.42604475754956,513.9724344106821,499.42604475754956,504.27484130859375,563181,0.0,0.0
2025-04-24 00:00:00+08:00,490.69821934612247,491.66797867289347,470.33327348393163,474.2123107910156,2330393,0.0,0.0
2025-04-25 00:00:00+08:00,484.87964057550556,504.27482619852583,484.87964057550556,497.48651123046875,1301186,0.0,0.0
2025-04-28 00:00:00+08:00,503.3051011439732,509.1236572265625,501.3655824497768,509.1236572265625,430196,0.0,0.0
2025-04-29 00:00:00+08:00,510.09343105689027,521.7305435524847,508.1539123076245,515.9119873046875,928228,0.0,0.0
2025-04-30 00:00:00+08:00,519.7909828910615,529.4885758554469,516.8817050017458,520.7607421875,638143,0.0,0.0
2025-05-02 00:00:00+08:00,533.3675995716073,533.3675995716073,519.7909697643302,526.5792846679688,530328,0.0,0.0
2025-05-05 00:00:00+08:00,526.5793231340415,527.5490824768299,499.42606153596944,510.0934143066406,515477,0.0,0.0
2025-05-06 00:00:00+08:00,512.032949806156,516.8817466793204,508.1539123076245,515.9119873046875,249131,0.0,0.0
2025-05-07 00:00:00+08:00,517.8514670887213,518.8212263903855,504.27483686542143,506.21435546875,255311,0.0,0.0
2025-05-08 00:00:00+08:00,511.0631769456828,521.7305297851562,511.0631769456828,521.7305297851562,339211,0.0,0.0
2025-05-09 00:00:00+08:00,523.6700200768157,525.6095386696927,516.8817050017458,520.7607421875,175171,0.0,0.0
2025-05-12 00:00:00+08:00,524.6397783937707,552.7627979379839,521.7305005098866,547.9140014648438,819344,0.0,0.0
2025-05-13 00:00:00+08:00,562.4604198873675,562.4604198873675,547.9140297178666,548.8837890625,505034,0.0,0.0
2025-05-14 00:00:00+08:00,552.7627934854497,557.6115899195327,548.8837563381834,549.853515625,389565,0.0,0.0
2025-05-15 00:00:00+08:00,554.7023405692947,557.6116185792736,545.9745065393582,550.8233032226562,393115,0.0,0.0
2025-05-16 00:00:00+08:00,548.8837607594718,552.7627979379839,544.0349642863316,547.9140014648438,309445,0.0,0.0
2025-05-19 00:00:00+08:00,545.0047324549494,548.8837696966216,540.155935902859,544.0349731445312,262130,0.0,0.0
2025-05-20 00:00:00+08:00,552.7628456022193,557.6116424934668,547.9140487109717,553.7326049804688,357075,0.0,0.0
2025-05-21 00:00:00+08:00,558.5813554282007,561.4906333210558,554.702318237727,560.5208740234375,303315,0.0,0.0
2025-05-22 00:00:00+08:00,554.702336040296,563.430169998972,545.97450208162,552.7628173828125,442268,0.0,0.0
2025-05-23 00:00:00+08:00,555.6720688023519,571.188217320393,548.8837538257088,564.39990234375,234285,0.0,0.0
2025-05-26 00:00:00+08:00,564.3999247517619,566.3394433935206,554.7023315429688,554.7023315429688,405467,0.0,0.0
2025-05-27 00:00:00+08:00,555.6720537533968,559.5510907778532,553.7325352411684,557.611572265625,220213,0.0,0.0
2025-05-28 00:00:00+08:00,564.3999534726768,572.1580284345005,551.7930816597132,555.672119140625,393103,0.0,0.0
2025-05-29 00:00:00+08:00,560.5209068152892,562.4604255239926,554.702350689179,559.5511474609375,204444,0.0,0.0
2025-06-02 00:00:00+08:00,556.6418769459838,556.6418769459838,527.5490959209324,530.4583740234375,538347,0.0,0.0
2025-06-03 00:00:00+08:00,541.1257270659563,542.0954864334581,527.5490959209324,530.4583740234375,175063,0.0,0.0
2025-06-04 00:00:00+08:00,537.2466519442471,538.2164112437855,530.4583368474787,533.3676147460938,533242,0.0,0.0
2025-06-05 00:00:00+08:00,534.337347933406,545.0046997070312,528.5187924205196,545.0046997070312,553232,0.0,0.0
2025-06-06 00:00:00+08:00,545.0047472026987,551.7930625593159,540.1559505194006,550.8233032226562,237462,0.0,0.0
2025-06-09 00:00:00+08:00,553.732557232612,553.732557232612,547.9140014648438,547.9140014648438,135458,0.0,0.0
2025-06-10 00:00:00+08:00,549.8535261154175,558.5813598632812,549.8535261154175,558.5813598632812,246345,0.0,0.0
2025-06-11 00:00:00+08:00,558.5813835816062,562.4604209675896,556.6418648886146,561.4906616210938,270166,0.0,0.0
2025-06-12 00:00:00+08:00,563.4301278023097,563.4301278023097,552.7627759850543,557.611572265625,307253,0.0,0.0
2025-06-13 00:00:00+08:00,557.6116140265214,567.3092073139392,552.7628173828125,552.7628173828125,553914,0.0,0.0
2025-06-16 00:00:00+08:00,550.8233222894852,557.6116378810809,541.1257285872056,555.672119140625,350230,0.0,0.0
2025-06-17 00:00:00+08:00,560.5208696036503,577.0067775331694,560.5208696036503,562.4603881835938,604310,0.0,0.0
2025-06-18 00:00:00+08:00,562.4604209675896,571.1882550860522,558.5813835816062,561.4906616210938,406075,0.0,0.0
2025-06-19 00:00:00+08:00,557.6115944111242,560.5208722950083,545.9744828755877,547.9140014648438,377240,0.0,0.0
2025-06-20 00:00:00+08:00,548.8837936076712,553.7325903709899,536.2769220230427,546.9442749023438,305209,0.0,0.0
2025-06-23 00:00:00+08:00,533.3676528930664,546.9442840576172,522.7002998352051,543.0652465820312,502039,0.0,0.0
2025-06-24 00:00:00+08:00,548.8837857008391,564.3999351199441,548.8837857008391,563.43017578125,362370,0.0,0.0
2025-06-25 00:00:00+08:00,567.3092086032979,574.0975239199186,559.5511339557314,565.3696899414062,366005,0.0,0.0
2025-06-26 00:00:00+08:00,570.2184491987522,577.9765233375107,567.3091713967177,568.2789306640625,351080,0.0,0.0
2025-06-27 00:00:00+08:00,573.1277569580078,592.522943318685,569.2487196858724,581.8555908203125,860770,0.0,0.0
2025-06-30 00:00:00+08:00,589.6136744966443,589.6136744966443,574.0975251677853,577.9765625,429318,0.0,0.0
2025-07-01 00:00:00+08:00,578.9463068860091,584.7648627341097,570.2184731138582,571.188232421875,531754,0.0,0.0
2025-07-02 00:00:00+08:00,568.278963424813,573.1277600410657,566.339444778312,567.3092041015625,321529,0.0,0.0
2025-07-03 00:00:00+08:00,571.1882606635659,579.9160948672537,568.27898259567,572.1580200195312,301079,0.0,0.0
2025-07-04 00:00:00+08:00,577.9765233375107,577.9765233375107,566.3394121293728,568.2789306640625,288196,0.0,0.0
2025-07-07 00:00:00+08:00,572.157961107337,572.157961107337,555.6720537533968,557.611572265625,361120,0.0,0.0
2025-07-08 00:00:00+08:00,556.6418107328042,556.6418107328042,543.0651812027357,545.0046997070312,415778,0.0,0.0
2025-07-09 00:00:00+08:00,545.0047711934129,567.3092369184102,545.0047711934129,566.3394775390625,369078,0.0,0.0
2025-07-10 00:00:00+08:00,566.3394077845982,575.0672411237445,563.4301300048828,570.2184448242188,309070,0.0,0.0
2025-07-11 00:00:00+08:00,570.218464277245,582.8253350860956,570.218464277245,575.0672607421875,470023,0.0,0.0
2025-07-14 00:00:00+08:00,578.9463006781872,578.9463006781872,560.5208740234375,560.5208740234375,231460,0.0,0.0
2025-07-15 00:00:00+08:00,564.3999587803671,569.2487556771056,561.4906806423239,566.3394775390625,119200,0.0,0.0
2025-07-16 00:00:00+08:00,568.2789544978247,580.8858255020426,568.2789544978247,571.188232421875,343212,0.0,0.0
2025-07-17 00:00:00+08:00,577.9765491168761,585.7346236016663,570.2184746320858,583.7951049804688,433461,0.0,0.0
2025-07-18 00:00:00+08:00,591.5532034881844,600.28103763801,585.7346473883006,586.7044067382812,718594,0.0,0.0
2025-07-21 00:00:00+08:00,588.6439015334627,589.6136608440614,581.8555863592711,583.7951049804688,277256,0.0,0.0
2025-07-22 00:00:00+08:00,583.7951172293766,592.5229512078889,565.3696899414062,565.3696899414062,629410,0.0,0.0
2025-07-23 00:00:00+08:00,572.1579888956436,585.734619140625,572.1579888956436,585.734619140625,418098,0.0,0.0
2025-07-24 00:00:00+08:00,590.5834156566898,591.5531749599028,581.8555819277732,585.734619140625,225165,0.0,0.0
2025-07-25 00:00:00+08:00,581.8556282388505,585.7346657604428,578.9463500976562,578.9463500976562,176214,0.0,0.0
2025-07-28 00:00:00+08:00,579.9160902693465,580.885849617623,573.127774831411,574.0975341796875,202148,0.0,0.0
2025-07-29 00:00:00+08:00,572.157963344029,577.0067596435547,567.3091670445033,570.2184448242188,242276,0.0,0.0
2025-07-30 00:00:00+08:00,571.1882217933392,574.0974996632543,560.5208696036503,562.4603881835938,430145,0.0,0.0
2025-07-31 00:00:00+08:00,565.369646314538,565.369646314538,553.7325352411684,557.611572265625,544603,0.0,0.0
2025-08-04 00:00:00+08:00,583.7951357832579,628.4040664245035,582.8253764214917,622.5855102539062,1895223,0.0,0.0
2025-08-05 00:00:00+08:00,637.1318978836288,681.7408283290579,626.4645449510261,649.73876953125,3217529,0.0,0.0
2025-08-06 00:00:00+08:00,647.7992553710938,655.5573302857176,638.101661727814,647.7992553710938,1494762,0.0,0.0
2025-08-07 00:00:00+08:00,650.7085005641875,681.7407986536867,642.9504260418126,648.7689819335938,2631723,0.0,0.0
2025-08-08 00:00:00+08:00,654.5875199964515,671.0734279074733,622.5854634632916,656.5270385742188,3379596,0.0,0.0
2025-08-11 00:00:00+08:00,664.2851494208916,695.3174483719406,653.6177966564685,693.3779296875,2673502,0.0,0.0
2025-08-12 00:00:00+08:00,696.2871980365953,760.2913137335526,689.498882735403,737.01708984375,6443023,0.0,0.0
2025-08-13 00:00:00+08:00,753.5030379605932,773.8679849325013,737.9868878867587,759.3215942382812,5761058,0.0,0.0
2025-08-14 00:00:00+08:00,774.8376881481719,790.3538370973217,753.5029833430908,769.9888916015625,3137569,0.0,0.0
2025-08-15 00:00:00+08:00,781.6260307348516,821.3861638119346,781.6260307348516,810.7188110351562,4328377,0.0,0.0
2025-08-18 00:00:00+08:00,823.325680202908,823.325680202908,781.6260285554108,785.5050659179688,3473126,0.0,0.0
2025-08-19 00:00:00+08:00,779.686453951322,785.5050095778245,750.5936758188101,756.4122314453125,3680605,0.0,0.0
2025-08-20 00:00:00+08:00,756.4122731854839,764.1703477822581,733.1380493951613,751.5634765625,2492225,0.0,0.0
2025-08-21 00:00:00+08:00,765.5823515911873,809.7505641829865,765.5823515911873,801.8984375,3671490,9.282874,0.0
2025-08-22 00:00:00+08:00,809.7505682231834,809.7505682231834,763.6193237304688,763.6193237304688,2438803,0.0,0.0
2025-08-25 00:00:00+08:00,783.2496405358793,787.1757038969614,763.6193237304688,763.6193237304688,1545001,0.0,0.0
2025-08-26 00:00:00+08:00,767.5453844971918,796.9908596057797,759.6932578015683,789.1387329101562,2313809,0.0,0.0
2025-08-27 00:00:00+08:00,798.9538828531902,798.9538828531902,776.3790188413678,777.3605346679688,1276620,0.0,0.0
2025-08-28 00:00:00+08:00,779.3235868751005,791.1017771049509,759.6932698253498,762.6378173828125,1830576,0.0,0.0
2025-08-29 00:00:00+08:00,768.5268743810519,780.3050640267385,764.6008111658231,766.5638427734375,1108459,0.0,0.0
2025-09-01 00:00:00+08:00,761.6562850161853,764.6008325098045,728.2847467551668,739.0814208984375,1927533,0.0,0.0
2025-09-02 00:00:00+08:00,747.9150398773886,752.8226188792088,732.2107870715643,735.1553344726562,843070,0.0,0.0
2025-09-03 00:00:00+08:00,735.1553293863932,755.7671610514323,732.2107820056733,742.0259399414062,738458,0.0,0.0
2025-09-04 00:00:00+08:00,753.8041693239796,788.1572239155672,751.8411376330317,769.5084228515625,2440716,0.0,0.0
2025-09-05 00:00:00+08:00,779.3235372411143,803.8614319905197,757.7301898616375,793.0647583007812,3163033,0.0,0.0
2025-09-08 00:00:00+08:00,811.713583095202,811.713583095202,784.2311401367188,784.2311401367188,1411964,0.0,0.0
2025-09-09 00:00:00+08:00,785.2126901140684,791.1017852899239,767.5454045865018,774.416015625,1663264,0.0,0.0
2025-09-10 00:00:00+08:00,793.0647975762485,807.7875351550155,776.3790283203125,776.3790283203125,2112057,0.0,0.0
2025-09-11 00:00:00+08:00,778.342057144086,785.2126679889897,757.730224609375,757.730224609375,2247377,0.0,0.0
2025-09-12 00:00:00+08:00,770.4899144984435,787.1756833474543,763.6193037959096,778.342041015625,1230460,0.0,0.0
2025-09-15 00:00:00+08:00,778.3420558662172,785.2126666998407,759.693255032096,770.4899291992188,808298,0.0,0.0
2025-09-16 00:00:00+08:00,778.342039078001,803.8614501953125,772.4529442047752,803.8614501953125,1869120,0.0,0.0
2025-09-17 00:00:00+08:00,804.84300570595,814.6581643121201,783.2496567723757,787.1757202148438,2022766,0.0,0.0
2025-09-18 00:00:00+08:00,794.0462933293096,863.7339161060474,793.0647775155527,848.0296630859375,4781875,0.0,0.0
2025-09-19 00:00:00+08:00,858.8263389391776,860.7893705710386,763.6193047939203,765.5823364257812,5365493,0.0,0.0
2025-09-22 00:00:00+08:00,751.8411057163291,768.5268743810519,739.0814002668353,766.5638427734375,2561956,0.0,0.0
2025-09-23 00:00:00+08:00,769.5084104214263,774.4159895695221,748.8965779994238,751.8411254882812,1535373,0.0,0.0
2025-09-24 00:00:00+08:00,763.6193196192925,771.4714462991824,751.8411295994576,757.730224609375,1059351,0.0,0.0
2025-09-25 00:00:00+08:00,762.6378189007025,765.5823664640257,745.9520493752045,749.8781127929688,957493,0.0,0.0
2025-09-26 00:00:00+08:00,750.8595872784807,753.8041346795728,716.5065342657398,735.1553344726562,1432501,0.0,0.0
2025-09-30 00:00:00+08:00,741.0444441369349,743.9889915970816,720.4326119159075,727.30322265625,875412,0.0,0.0
2025-10-01 00:00:00+08:00,727.30322265625,737.1183808567392,724.3586751961033,727.30322265625,495530,0.0,0.0
2025-10-02 00:00:00+08:00,731.2292954728409,740.062937968486,726.3217163085938,726.3217163085938,563893,0.0,0.0
2025-10-03 00:00:00+08:00,750.8595856697328,779.3235438193044,750.8595856697328,760.6747436523438,1859908,0.0,0.0
2025-10-07 00:00:00+08:00,773.4344445911898,773.4344445911898,749.8780655681079,754.78564453125,826974,0.0,0.0
2025-10-08 00:00:00+08:00,760.6747856778375,773.4344917601753,755.7672064153998,762.6378173828125,970404,0.0,0.0
2025-10-09 00:00:00+08:00,765.5823269696302,767.5453585772447,752.8226215201364,766.5638427734375,670223,0.0,0.0
2025-10-13 00:00:00+08:00,740.0629395796227,757.730224609375,731.2292970647466,757.730224609375,869524,0.0,0.0
2025-10-14 00:00:00+08:00,760.6747747426377,772.4529648031689,728.284752076177,732.2108154296875,1116620,0.0,0.0
2025-10-15 00:00:00+08:00,738.0998997738486,746.9335421913548,733.1923206530118,745.9520263671875,480812,0.0,0.0
2025-10-16 00:00:00+08:00,750.8595776367188,757.7301881510417,730.24774609375,736.1368408203125,991335,0.0,0.0
2025-10-17 00:00:00+08:00,736.1368444713102,761.6562550796489,734.1738128860533,754.78564453125,1320528,0.0,0.0
2025-10-20 00:00:00+08:00,764.6008076505085,766.5638392490978,743.9889758653215,747.9150390625,657350,0.0,0.0
2025-10-21 00:00:00+08:00,754.7856488627772,775.3974806262601,754.7856488627772,760.6747436523438,1126789,0.0,0.0
2025-10-22 00:00:00+08:00,766.5638847886983,787.1757177983816,765.5823689310944,768.5269165039062,1512725,0.0,0.0
2025-10-23 00:00:00+08:00,759.6932278540827,769.5083858366935,755.7671646610384,760.6747436523438,530590,0.0,0.0
2025-10-27 00:00:00+08:00,767.5453870915509,773.434482133174,748.8965861264109,763.6193237304688,815428,0.0,0.0
2025-10-28 00:00:00+08:00,766.5638489491366,766.5638489491366,746.9335327148438,746.9335327148438,737415,0.0,0.0
2025-10-29 00:00:00+08:00,750.8596066394484,760.6747648961733,732.2108059516713,733.1923217773438,993442,0.0,0.0
2025-10-30 00:00:00+08:00,718.4695593716423,718.4695593716423,669.3937697970765,685.0980224609375,4227224,0.0,0.0
2025-10-31 00:00:00+08:00,687.0611033720129,688.0426192339729,667.4307861328125,667.4307861328125,2099131,0.0,0.0
2025-11-03 00:00:00+08:00,667.4307725694445,674.3013834635417,660.5601616753472,662.523193359375,1129296,0.0,0.0
2025-11-04 00:00:00+08:00,667.4307877799382,668.4123036443204,652.7080498142043,654.6710815429688,1485215,0.0,0.0
2025-11-05 00:00:00+08:00,648.7819634577088,658.5971217551023,637.985289330576,650.7449951171875,1203206,0.0,0.0
2025-11-06 00:00:00+08:00,653.6895656785865,661.5416925936446,651.7265339498219,654.6710815429688,683327,0.0,0.0
2025-11-07 00:00:00+08:00,648.7819688378311,651.7265163514672,642.8928738105587,643.8743896484375,699184,0.0,0.0
2025-11-10 00:00:00+08:00,647.8004721545298,652.7080514890338,638.9668293524226,641.911376953125,526771,0.0,0.0
2025-11-11 00:00:00+08:00,645.8374032900315,650.7449823423874,633.0776977539062,633.0776977539062,792662,0.0,0.0
2025-11-12 00:00:00+08:00,637.9852716176788,647.8004296425662,636.0222400127013,639.9483032226562,357730,0.0,0.0
2025-11-13 00:00:00+08:00,647.8004476279694,651.7265109469269,641.9113526495333,650.7449951171875,593780,0.0,0.0
2025-11-14 00:00:00+08:00,644.8558822350999,657.6155876674535,636.0222400127013,639.9483032226562,929084,0.0,0.0
2025-11-17 00:00:00+08:00,646.8189191005027,646.8189191005027,633.0776977539062,633.0776977539062,342635,0.0,0.0
2025-11-18 00:00:00+08:00,625.2256033626604,652.7080474665136,619.3365081975489,636.0222778320312,1772774,0.0,0.0
2025-11-19 00:00:00+08:00,637.0037522639897,640.9298154520574,621.2994995117188,621.2994995117188,990795,0.0,0.0
2025-11-20 00:00:00+08:00,633.0777358413673,637.0037993194533,619.3365136680662,629.1516723632812,713320,0.0,0.0
2025-11-21 00:00:00+08:00,621.299547134691,627.1886423681951,612.4659042844347,616.3919677734375,707603,0.0,0.0
2025-11-24 00:00:00+08:00,624.2440701040032,638.9668076064561,614.4289117690346,625.2255859375,1225705,0.0,0.0
2025-11-25 00:00:00+08:00,630.1331545218894,638.966796875,626.2070912538402,638.966796875,510928,0.0,0.0
2025-11-26 00:00:00+08:00,645.8374213241949,649.7634846757097,639.9483262969226,643.8743896484375,415119,0.0,0.0
2025-11-27 00:00:00+08:00,644.8558771020545,663.5046772008963,642.8928455127027,646.8189086914062,628587,0.0,0.0
2025-11-28 00:00:00+08:00,651.7265299971634,656.6341092893107,648.781982421875,648.781982421875,343922,0.0,0.0
2025-12-01 00:00:00+08:00,648.7819799500463,650.7450116594262,625.2255994374879,630.1331787109375,713758,0.0,0.0
2025-12-02 00:00:00+08:00,634.0592325783073,637.0037800980208,630.1331692186893,631.1146850585938,319428,0.0,0.0
2025-12-03 00:00:00+08:00,635.0407293748486,636.0222451853198,629.1516345120216,633.0776977539062,224007,0.0,0.0
2025-12-04 00:00:00+08:00,637.0037856191959,637.0037856191959,619.3365003477852,624.2440795898438,381516,0.0,0.0
2025-12-05 00:00:00+08:00,624.2440947514431,626.2071264959445,612.4659042844347,616.3919677734375,450342,0.0,0.0
2025-12-08 00:00:00+08:00,619.3364963107639,623.2625596788195,614.4289171006944,618.35498046875,266154,0.0,0.0
2025-12-09 00:00:00+08:00,618.3549955803481,618.3549955803481,608.5398369203426,610.5028686523438,406295,0.0,0.0
2025-12-10 00:00:00+08:00,611.4843709441793,613.4474026326036,603.632244190482,605.5952758789062,360220,0.0,0.0
2025-12-11 00:00:00+08:00,607.5583130883389,614.4289240602587,592.8355752913678,598.7246704101562,602130,0.0,0.0
2025-12-12 00:00:00+08:00,599.7061395486724,601.6691711020233,590.8724975585938,590.8724975585938,415132,0.0,0.0
2025-12-15 00:00:00+08:00,583.0203713451905,594.7985606652953,575.1682451317873,590.8724975585938,599121,0.0,0.0
2025-12-16 00:00:00+08:00,589.890982299183,590.872498076719,573.2052140810696,578.11279296875,722173,0.0,0.0
2025-12-17 00:00:00+08:00,577.1313067531087,580.0758542365428,562.4085693359375,562.4085693359375,902803,0.0,0.0
2025-12-18 00:00:00+08:00,559.464013410762,561.4270450367648,550.63037109375,550.63037109375,815121,0.0,0.0
2025-12-19 00:00:00+08:00,557.5010106896841,559.4640424174647,546.7043361868909,547.6858520507812,1019260,0.0,0.0
2025-12-22 00:00:00+08:00,554.5564480299663,559.4640272160722,553.5749321927451,555.5379638671875,437570,0.0,0.0
2025-12-23 00:00:00+08:00,559.4640327139703,560.4455485608369,548.6673583984375,548.6673583984375,424116,0.0,0.0
2025-12-24 00:00:00+08:00,551.6119005183027,567.3161539138416,551.6119005183027,555.5379638671875,890905,0.0,0.0
2025-12-26 00:00:00+08:00,558.4825209355987,560.4455526436325,552.5934258114975,554.5564575195312,550570,0.0,0.0
2025-12-29 00:00:00+08:00,555.5379850148745,579.0943660049046,555.5379850148745,572.2237548828125,1509120,0.0,0.0
2025-12-30 00:00:00+08:00,572.2237222605738,582.0388804468615,566.3346273488012,569.2791748046875,1386345,0.0,0.0
2025-12-31 00:00:00+08:00,571.2422295139261,578.1128405218254,570.2607136556546,573.2052612304688,1128442,0.0,0.0
2026-01-02 00:00:00+08:00,574.1867634669487,584.0019218168111,568.2976684570312,568.2976684570312,1234642,0.0,0.0
2026-01-05 00:00:00+08:00,576.1497768348371,578.1128084424515,555.5379449548856,557.5009765625,1105471,0.0,0.0
2026-01-06 00:00:00+08:00,559.4640392146698,577.1313246635541,556.5194916398558,573.2052612304688,1311506,0.0,0.0
2026-01-07 00:00:00+08:00,580.0758639293899,623.2625610747252,580.0758639293899,605.5952758789062,3274070,0.0,0.0
2026-01-08 00:00:00+08:00,626.2070890312626,641.9113420477206,606.5767727606901,607.5582885742188,3718531,0.0,0.0
2026-01-09 00:00:00+08:00,613.4473731355832,627.1885942938203,605.5952467594478,621.2994995117188,1795302,0.0,0.0
2026-01-12 00:00:00+08:00,634.0592395666132,635.0407554173355,609.5213432985554,611.484375,1415440,0.0,0.0
2026-01-13 00:00:00+08:00,611.4843681616129,611.4843681616129,585.964956328223,586.9464721679688,1845181,0.0,0.0
2026-01-14 00:00:00+08:00,590.8725410371061,591.8540568860049,577.1313191525222,580.0758666992188,1085180,0.0,0.0
2026-01-15 00:00:00+08:00,577.1313342557354,584.9834612524121,562.4085961369666,572.2237548828125,1435708,0.0,0.0
2026-01-16 00:00:00+08:00,577.1312873641305,581.0573505434783,563.3900662364131,564.37158203125,887150,0.0,0.0
2026-01-19 00:00:00+08:00,565.3531437607204,575.1683025065662,559.4640485132129,572.2237548828125,970156,0.0,0.0
2026-01-20 00:00:00+08:00,569.2792033653326,573.2052668368176,562.4085922902337,566.3346557617188,907430,0.0,0.0
2026-01-21 00:00:00+08:00,563.3900669953154,567.3161301799516,550.6303616452471,551.6118774414062,1189901,0.0,0.0
2026-01-22 00:00:00+08:00,554.5564575195312,560.4455526436325,549.6488782494469,554.5564575195312,722615,0.0,0.0
2026-01-23 00:00:00+08:00,559.4639986973446,572.2237039307928,555.5379355485912,558.4824829101562,1431196,0.0,0.0
2026-01-26 00:00:00+08:00,563.390056822035,568.297635714213,557.5009621514214,565.3530883789062,921355,0.0,0.0
2026-01-27 00:00:00+08:00,567.316147319286,577.1313055774051,562.4085681902264,575.1682739257812,886910,0.0,0.0
2026-01-28 00:00:00+08:00,579.0943563800969,591.8540625376244,571.2422295139261,573.2052612304688,1203352,0.0,0.0
2026-01-29 00:00:00+08:00,577.1313262779115,577.1313262779115,558.4825249185913,560.445556640625,826765,0.0,0.0
2026-01-30 00:00:00+08:00,550.6303686708043,552.5934002881689,519.2218627929688,519.2218627929688,2159349,0.0,0.0
2026-02-02 00:00:00+08:00,505.48064239265386,514.3142846868944,499.5915475298268,506.462158203125,913921,0.0,0.0
2026-02-03 00:00:00+08:00,514.3143120247148,523.147954788498,510.3882485741445,516.27734375,537290,0.0,0.0
2026-02-04 00:00:00+08:00,516.2773247921106,520.2033880985144,514.3142931389086,518.2403564453125,331185,0.0,0.0
2026-02-05 00:00:00+08:00,508.42520346614083,525.1109726918636,508.42520346614083,511.3697509765625,563800,0.0,0.0
2026-02-06 00:00:00+08:00,508.4251919490983,515.2958026511131,495.66548635964216,509.4067077636719,555082,0.0,0.0
2026-02-09 00:00:00+08:00,520.2034011339081,520.2034011339081,505.4806633659673,507.4436950683594,327137,0.0,0.0
2026-02-10 00:00:00+08:00,511.3697468285422,513.3327784862333,501.5545885400865,505.48065185546875,379012,0.0,0.0
2026-02-11 00:00:00+08:00,504.4991414227823,507.4436889408141,491.73943551131117,498.61004638671875,1339655,0.0,0.0
2026-02-23 00:00:00+08:00,505.48066135510396,505.48066135510396,478.4889755545887,504.4991455078125,1331854,0.0,0.0
2026-02-24 00:00:00+08:00,504.4991286908041,516.2773184656867,501.5545812470835,509.4067077636719,608633,0.0,0.0
2026-02-25 00:00:00+08:00,516.2773053079679,532.9630737304688,515.295789518409,532.9630737304688,1501801,0.0,0.0
2026-02-26 00:00:00+08:00,531.9815998602351,534.9261474609375,525.1109887919295,534.9261474609375,1082529,0.0,0.0
2026-03-02 00:00:00+08:00,520.2033828307535,528.0555093640479,516.2773195641063,525.1109619140625,927036,0.0,0.0
2026-03-03 00:00:00+08:00,525.1109436268115,527.0739751917715,511.3697226720912,514.3142700195312,819863,0.0,0.0
2026-03-04 00:00:00+08:00,505.48066281986803,505.48066281986803,483.39655619181553,491.73944091796875,1267057,0.0,0.0
2026-03-05 00:00:00+08:00,505.48064450537765,512.3512552073925,498.6100338033628,509.4067077636719,692614,0.0,0.0
2026-03-06 00:00:00+08:00,509.40669110713117,515.2957858020113,505.48062797721104,514.3142700195312,485869,0.0,0.0
2026-03-09 00:00:00+08:00,488.7948913574219,490.75792304962033,474.07215366593323,488.7948913574219,774200,0.0,0.0
2026-03-10 00:00:00+08:00,501.5545740656369,516.2773110734345,499.59154246459724,513.332763671875,566525,0.0,0.0
2026-03-11 00:00:00+08:00,515.2958224012077,528.0555284797139,515.2958224012077,523.14794921875,532227,0.0,0.0
2026-03-12 00:00:00+08:00,523.1479260276982,526.0924734537452,513.3327679408745,519.2218627929688,463222,0.0,0.0
2026-03-13 00:00:00+08:00,510.3882256869612,519.2218680546201,507.4436782310749,512.3512573242188,459237,0.0,0.0
2026-03-16 00:00:00+08:00,516.2773088895358,516.2773088895358,504.4991193331205,510.3882141113281,384032,0.0,0.0
2026-03-17 00:00:00+08:00,519.221871316433,522.1664187908173,500.57307064533234,502.5361022949219,802319,0.0,0.0
2026-03-18 00:00:00+08:00,510.38823099969665,512.3512626573878,505.48065185546875,505.48065185546875,476293,0.0,0.0
2026-03-19 00:00:00+08:00,509.4067066109204,510.38822242327285,491.73942198857634,493.70245361328125,603062,0.0,0.0
2026-03-20 00:00:00+08:00,493.7024455730732,511.36972990769607,487.8133507948655,510.3882141113281,745620,0.0,0.0
2026-03-23 00:00:00+08:00,500.5730718027853,500.5730718027853,489.7763977050781,489.7763977050781,537182,0.0,0.0
2026-03-24 00:00:00+08:00,504.49914772951684,507.4436952843584,482.90579899401223,485.3595886230469,535446,0.0,0.0
2026-03-25 00:00:00+08:00,496.6469967264524,496.6469967264524,485.35956498266944,487.8133544921875,313139,0.0,0.0
2026-03-26 00:00:00+08:00,489.2856281978983,500.5730599416813,487.32259659028387,487.8133544921875,463154,0.0,0.0
2026-03-27 00:00:00+08:00,485.85032501220707,493.70245147705083,480.9427459716797,490.7579040527344,398414,0.0,0.0
2026-03-30 00:00:00+08:00,480.9427660126047,487.8133769556419,476.0351867675781,476.0351867675781,583106,0.0,0.0
2026-03-31 00:00:00+08:00,474.0721489401424,482.4150335488199,465.729264331465,467.2015380859375,628396,0.0,0.0
2026-04-01 00:00:00+08:00,478.97973227599846,482.90579565530993,473.09063720703125,473.09063720703125,729757,0.0,0.0
2026-04-02 00:00:00+08:00,477.5,478.0,463.5,463.5,635694,8.909385,0.0
2026-04-07 00:00:00+08:00,468.0,477.0,464.0,475.0,410150,0.0,0.0
2026-04-08 00:00:00+08:00,480.0,484.5,475.0,478.0,636621,0.0,0.0
2026-04-09 00:00:00+08:00,481.0,502.0,476.5,501.0,1007483,0.0,0.0
2026-04-10 00:00:00+08:00,498.0,537.0,498.0,533.0,1860418,0.0,0.0
2026-04-13 00:00:00+08:00,532.0,545.0,520.0,520.0,1131561,0.0,0.0
2026-04-14 00:00:00+08:00,526.0,545.0,521.0,539.0,1169268,0.0,0.0
2026-04-15 00:00:00+08:00,545.0,545.0,528.0,530.0,723530,0.0,0.0
2026-04-16 00:00:00+08:00,534.0,568.0,532.0,555.0,1708240,0.0,0.0
2026-04-17 00:00:00+08:00,554.0,554.0,543.0,546.0,882128,0.0,0.0
2026-04-20 00:00:00+08:00,549.0,558.0,531.0,532.0,1467821,0.0,0.0
2026-04-21 00:00:00+08:00,539.0,541.0,526.0,537.0,938401,0.0,0.0
2026-04-22 00:00:00+08:00,538.0,590.0,536.0,590.0,3482559,0.0,0.0
2026-04-23 00:00:00+08:00,620.0,649.0,579.0,600.0,7184195,0.0,0.0
2026-04-24 00:00:00+08:00,645.0,660.0,630.0,649.0,7567121,0.0,0.0
2026-04-27 00:00:00+08:00,651.0,652.0,608.0,615.0,4618464,0.0,0.0
2026-04-28 00:00:00+08:00,608.0,610.0,588.0,588.0,2450407,0.0,0.0
2026-04-29 00:00:00+08:00,585.0,588.0,567.0,568.0,1403081,0.0,0.0
2026-04-30 00:00:00+08:00,578.0,584.0,569.0,575.0,1331041,0.0,0.0
2026-05-04 00:00:00+08:00,583.0,591.0,569.0,575.0,1506180,0.0,0.0
2026-05-05 00:00:00+08:00,570.0,573.0,561.0,562.0,1348144,0.0,0.0
2026-05-06 00:00:00+08:00,569.0,576.0,553.0,574.0,1404132,0.0,0.0
2026-05-07 00:00:00+08:00,579.0,613.0,577.0,609.0,2600260,0.0,0.0
2026-05-08 00:00:00+08:00,610.0,669.0,605.0,669.0,5568429,0.0,0.0
2026-05-11 00:00:00+08:00,700.0,735.0,695.0,735.0,6924095,0.0,0.0
2026-05-12 00:00:00+08:00,787.0,787.0,723.0,761.0,15672590,0.0,0.0
2026-05-13 00:00:00+08:00,780.0,835.0,780.0,809.0,11374075,0.0,0.0
2026-05-14 00:00:00+08:00,808.0,834.0,788.0,819.0,7113995,0.0,0.0
2026-05-15 00:00:00+08:00,813.0,813.0,738.0,800.0,3225408,0.0,0.0
2026-05-18 00:00:00+08:00,784.0,784.0,750.0,757.0,1523409,0.0,0.0
2026-05-19 00:00:00+08:00,748.0,767.0,722.0,728.0,1311507,0.0,0.0
2026-05-20 00:00:00+08:00,741.0,760.0,703.0,757.0,1340913,0.0,0.0
2026-05-21 00:00:00+08:00,785.0,820.0,760.0,789.0,1923072,0.0,0.0
2026-05-22 00:00:00+08:00,808.0,808.0,780.0,795.0,1243848,0.0,0.0
2026-05-25 00:00:00+08:00,794.0,820.0,784.0,818.0,2502040,0.0,0.0
2026-05-26 00:00:00+08:00,824.0,824.0,798.0,807.0,1534830,0.0,0.0
2026-05-27 00:00:00+08:00,852.0,870.0,824.0,870.0,3467653,0.0,0.0
2026-05-28 00:00:00+08:00,897.0,922.0,830.0,845.0,2966412,0.0,0.0
2026-05-29 00:00:00+08:00,866.0,929.0,810.0,834.0,8808537,0.0,0.0
2026-06-01 00:00:00+08:00,879.0,902.0,830.0,859.0,6052016,0.0,0.0
2026-06-02 00:00:00+08:00,855.0,874.0,816.0,827.0,4410680,0.0,0.0
2026-06-03 00:00:00+08:00,845.0,883.0,803.0,805.0,5005213,0.0,0.0
2026-06-04 00:00:00+08:00,788.0,795.0,741.0,756.0,4815234,0.0,0.0
2026-06-05 00:00:00+08:00,742.0,765.0,721.0,736.0,3165951,0.0,0.0
2026-06-08 00:00:00+08:00,663.0,663.0,663.0,663.0,1000334,0.0,0.0
2026-06-09 00:00:00+08:00,667.0,692.0,644.0,691.0,3031168,0.0,0.0
2026-06-10 00:00:00+08:00,679.0,707.0,658.0,662.0,1967537,0.0,0.0
2026-06-11 00:00:00+08:00,657.0,669.0,625.0,657.0,1566768,0.0,0.0
2026-06-12 00:00:00+08:00,688.0,696.0,673.0,675.0,1462338,0.0,0.0
2026-06-15 00:00:00+08:00,684.0,694.0,668.0,675.0,1061516,0.0,0.0
2026-06-16 00:00:00+08:00,680.0,680.0,657.0,660.0,1570763,0.0,0.0
2026-06-17 00:00:00+08:00,655.0,675.0,650.0,675.0,972625,0.0,0.0
2026-06-18 00:00:00+08:00,685.0,706.0,673.0,693.0,2336825,0.0,0.0
2026-06-22 00:00:00+08:00,707.0,712.0,685.0,695.0,1712517,0.0,0.0
2026-06-23 00:00:00+08:00,698.0,701.0,660.0,661.0,2070244,0.0,0.0
2026-06-24 00:00:00+08:00,653.0,666.0,650.0,664.0,911490,0.0,0.0
2026-06-25 00:00:00+08:00,670.0,686.0,655.0,658.0,1377633,0.0,0.0
2026-06-26 00:00:00+08:00,653.0,654.0,602.0,608.0,2574174,0.0,0.0
2026-06-29 00:00:00+08:00,619.0,640.0,607.0,631.0,1213480,0.0,0.0
2026-06-30 00:00:00+08:00,643.0,646.0,621.0,629.0,1644537,0.0,0.0
2026-07-01 00:00:00+08:00,631.0,637.0,615.0,623.0,1654262,0.0,0.0
2026-07-02 00:00:00+08:00,611.0,662.0,607.0,656.0,1416146,0.0,0.0
2026-07-03 00:00:00+08:00,658.0,663.0,650.0,654.0,818721,0.0,0.0
2026-07-06 00:00:00+08:00,649.0,656.0,621.0,639.0,2649091,0.0,0.0
2026-07-07 00:00:00+08:00,642.0,671.0,638.0,650.0,3539197,0.0,0.0
2026-07-08 00:00:00+08:00,658.0,663.0,641.0,662.0,1678225,0.0,0.0
2026-07-09 00:00:00+08:00,663.0,667.0,652.0,655.0,1174574,0.0,0.0
2026-07-10 00:00:00+08:00,655.0,655.0,655.0,655.0,0,0.0,0.0
2026-07-13 00:00:00+08:00,654.0,654.0,635.0,647.0,1156287,0.0,0.0
2026-07-14 00:00:00+08:00,648.0,649.0,611.0,628.0,1677573,0.0,0.0
2026-07-15 00:00:00+08:00,630.0,642.0,626.0,636.0,721073,0.0,0.0
2026-07-16 00:00:00+08:00,629.0,638.0,621.0,631.0,589400,0.0,0.0
2026-07-17 00:00:00+08:00,615.0,619.0,585.0,585.0,1619150,0.0,0.0
2026-07-20 00:00:00+08:00,580.0,593.0,550.0,567.0,1984601,0.0,0.0
2026-07-21 00:00:00+08:00,580.0,583.0,569.0,583.0,542934,0.0,0.0
2026-07-22 00:00:00+08:00,593.0,618.0,593.0,612.0,621253,0.0,0.0
2026-07-23 00:00:00+08:00,612.0,615.0,598.0,612.0,414109,0.0,0.0
2026-07-24 00:00:00+08:00,600.0,617.0,597.0,611.0,515413,0.0,0.0
2026-07-27 00:00:00+08:00,613.0,619.0,593.0,615.0,682153,0.0,0.0
2026-07-28 00:00:00+08:00,601.0,601.0,576.0,578.0,843329,0.0,0.0
2026-07-29 00:00:00+08:00,590.0,602.0,549.0,561.0,1426801,0.0,0.0
2026-07-30 00:00:00+08:00,554.0,571.0,524.0,532.0,1056406,0.0,0.0
2026-07-31 00:00:00+08:00,573.0,580.0,550.0,562.0,797240,0.0,0.0
