Date,Open,High,Low,Close,Volume,Dividends,Stock Splits
2004-02-06 00:00:00+09:00,5021.48095703125,5322.2102343740635,4587.871210475555,5021.48095703125,528248,0.0,0.0
2004-02-09 00:00:00+09:00,4811.6689453125,5371.165103042467,4517.933320444639,4811.6689453125,154659,0.0,0.0
2004-02-10 00:00:00+09:00,4804.67578125,4909.5815055717085,4615.84583262005,4804.67578125,133829,0.0,0.0
2004-02-11 00:00:00+09:00,4790.6884765625,4804.675669380306,4566.889839986422,4790.6884765625,126233,0.0,0.0
2004-02-12 00:00:00+09:00,4678.7890625,4860.6254066022475,4629.833178341565,4678.7890625,72067,0.0,0.0
2004-02-13 00:00:00+09:00,4615.845703125,4727.745020879173,4531.921126022092,4615.845703125,80922,0.0,0.0
2004-02-16 00:00:00+09:00,4531.92138671875,4643.820710909879,4336.097835746126,4531.92138671875,79349,0.0,0.0
2004-02-17 00:00:00+09:00,4909.58203125,4979.519069903056,4531.9217384041685,4909.58203125,269247,0.0,0.0
2004-02-18 00:00:00+09:00,4790.6884765625,5084.424142674962,4713.757495468095,4790.6884765625,147978,0.0,0.0
2004-02-19 00:00:00+09:00,4762.71435546875,4874.613333167182,4727.745658576117,4762.71435546875,95871,0.0,0.0
2004-02-20 00:00:00+09:00,4832.65087890625,4832.65087890625,4580.877495627475,4832.65087890625,92932,0.0,0.0
2004-02-23 00:00:00+09:00,4923.56884765625,4951.543587920698,4713.75740780012,4923.56884765625,97524,0.0,0.0
2004-02-24 00:00:00+09:00,4797.68212890625,4902.5878520084525,4797.68212890625,4797.68212890625,54583,0.0,0.0
2004-02-25 00:00:00+09:00,4797.68212890625,4797.68212890625,4629.833327091847,4797.68212890625,56844,0.0,0.0
2004-02-26 00:00:00+09:00,5280.2470703125,5350.18409172962,4685.78221069244,5280.2470703125,213924,0.0,0.0
2004-02-27 00:00:00+09:00,5455.09033203125,5490.059023715655,5175.3422191524505,5455.09033203125,99789,0.0,0.0
2004-03-01 00:00:00+09:00,5455.09033203125,5455.09033203125,5455.09033203125,5455.09033203125,0,0.0,0.0
2004-03-02 00:00:00+09:00,5608.95166015625,5734.838162697158,5434.108920636502,5608.95166015625,106396,0.0,0.0
2004-03-03 00:00:00+09:00,5804.77490234375,5979.61798842427,5539.014363300882,5804.77490234375,115958,0.0,0.0
2004-03-04 00:00:00+09:00,5769.80712890625,5846.7377533006775,5594.964381015421,5769.80712890625,56192,0.0,0.0
2004-03-05 00:00:00+09:00,5874.71142578125,5874.71142578125,5629.932049402149,5874.71142578125,134500,0.0,0.0
2004-03-08 00:00:00+09:00,6007.59326171875,6196.423211833104,5769.8074249191295,6007.59326171875,217391,0.0,0.0
2004-03-09 00:00:00+09:00,6287.3408203125,6350.284604860451,5986.611930754754,6287.3408203125,209548,0.0,0.0
2004-03-10 00:00:00+09:00,6224.39794921875,6308.322524489742,5944.649838514256,6224.39794921875,151647,0.0,0.0
2004-03-11 00:00:00+09:00,6294.33447265625,6364.271853824923,6084.523749746627,6294.33447265625,96700,0.0,0.0
2004-03-12 00:00:00+09:00,6126.486328125,6287.341175995569,5594.96447888681,6126.486328125,150400,0.0,0.0
2004-03-15 00:00:00+09:00,6504.1455078125,6839.843070102235,6231.391016483918,6504.1455078125,688629,0.0,0.0
2004-03-16 00:00:00+09:00,6497.15283203125,6574.083815440665,6364.272365368741,6497.15283203125,68254,0.0,0.0
2004-03-17 00:00:00+09:00,6476.17236328125,6595.065655640199,6336.298277722798,6476.17236328125,198226,0.0,0.0
2004-03-18 00:00:00+09:00,6329.302734375,6616.045125379418,6329.302734375,6329.302734375,146573,0.0,0.0
2004-03-19 00:00:00+09:00,6294.33447265625,6413.227736523715,5734.838264499658,6294.33447265625,178164,0.0,0.0
2004-03-22 00:00:00+09:00,6091.51708984375,6308.322109998845,6091.51708984375,6091.51708984375,33066,0.0,0.0
2004-03-23 00:00:00+09:00,6224.39794921875,6259.366640631366,6014.586511041272,6224.39794921875,23448,0.0,0.0
2004-03-24 00:00:00+09:00,6154.46142578125,6329.304196960553,6084.524743488517,6154.46142578125,32953,0.0,0.0
2004-03-25 00:00:00+09:00,5937.65576171875,6224.397817738262,5804.775305396271,5937.65576171875,32946,0.0,0.0
2004-03-26 00:00:00+09:00,5944.650390625,5944.650390625,5720.851739216411,5944.650390625,92380,0.0,0.0
2004-03-29 00:00:00+09:00,6091.51708984375,6091.51708984375,5909.680758803638,6091.51708984375,26145,0.0,0.0
2004-03-30 00:00:00+09:00,6084.5244140625,6224.39848137327,6014.587025257976,6084.5244140625,32391,0.0,0.0
2004-03-31 00:00:00+09:00,6140.4736328125,6140.4736328125,5979.618782010434,6140.4736328125,31009,0.0,0.0
2004-04-01 00:00:00+09:00,6154.46142578125,6294.335500665029,6021.580948096912,6154.46142578125,79710,0.0,0.0
2004-04-02 00:00:00+09:00,6567.09033203125,6832.851298682495,6252.374182905577,6567.09033203125,132259,0.0,0.0
2004-04-05 00:00:00+09:00,6567.09033203125,6567.09033203125,6567.09033203125,6567.09033203125,0,0.0,0.0
2004-04-06 00:00:00+09:00,7343.39111328125,7343.39111328125,6685.982412877339,7343.39111328125,394718,0.0,0.0
2004-04-07 00:00:00+09:00,7273.4541015625,7553.202226961326,7273.4541015625,7273.4541015625,428353,0.0,0.0
2004-04-08 00:00:00+09:00,7902.8857421875,8007.791085133064,7413.326291278081,7902.8857421875,142797,0.0,0.0
2004-04-09 00:00:00+09:00,8147.666503906251,8532.3206775592,7832.949711025906,8147.66650390625,146572,0.0,0.0
2004-04-12 00:00:00+09:00,8112.6982421875,8252.57301112357,7937.856201613877,8112.6982421875,73650,0.0,0.0
2004-04-13 00:00:00+09:00,8007.79296875,8217.604414291674,7623.1394806048775,8007.79296875,60025,0.0,0.0
2004-04-14 00:00:00+09:00,7832.950195312499,7972.824255207492,7693.076135417507,7832.9501953125,53956,0.0,0.0
2004-04-15 00:00:00+09:00,7832.950195312499,7832.950195312499,7832.950195312499,7832.9501953125,0,0.0,0.0
2004-04-16 00:00:00+09:00,7553.201171875,7832.94925819657,7413.327128714214,7553.201171875,379746,0.0,0.0
2004-04-19 00:00:00+09:00,7832.950195312499,7832.950195312499,7238.485263184224,7832.9501953125,115151,0.0,0.0
2004-04-20 00:00:00+09:00,8252.5732421875,8462.383980869636,7658.107588459448,8252.5732421875,258044,0.0,0.0
2004-04-21 00:00:00+09:00,8217.603515625,8532.320294371364,8077.729470659745,8217.603515625,86804,0.0,0.0
2004-04-22 00:00:00+09:00,8182.6357421875,8532.321248868475,7832.950235506523,8182.6357421875,159760,0.0,0.0
2004-04-23 00:00:00+09:00,8462.384765625,8742.132916675664,8217.60531103025,8462.384765625,196269,0.0,0.0
2004-04-26 00:00:00+09:00,8392.4462890625,8707.163069295979,7832.949396259556,8392.4462890625,234541,0.0,0.0
2004-04-27 00:00:00+09:00,8252.5732421875,8392.447304741674,8007.793099994008,8252.5732421875,124025,0.0,0.0
2004-04-28 00:00:00+09:00,8182.6357421875,8637.226616753473,8077.730374302503,8182.6357421875,99005,0.0,0.0
2004-04-29 00:00:00+09:00,7902.8857421875,8112.696428078628,7378.357606863536,7902.8857421875,79680,0.0,0.0
2004-04-30 00:00:00+09:00,7832.950195312499,7832.950195312499,7343.391340829146,7832.9501953125,106470,0.0,0.0
2004-05-03 00:00:00+09:00,7797.982421875,7832.950405061434,7658.107647936236,7797.982421875,80895,0.0,0.0
2004-05-04 00:00:00+09:00,8182.6357421875,8182.6357421875,7693.076174893781,8182.6357421875,130544,0.0,0.0
2004-05-05 00:00:00+09:00,8182.6357421875,8182.6357421875,8182.6357421875,8182.6357421875,0,0.0,0.0
2004-05-06 00:00:00+09:00,8217.604355170603,8392.447106814396,7343.391307249875,7972.82421875,107329,0.0,0.0
2004-05-07 00:00:00+09:00,7763.012633866882,7902.886677786255,7378.35848036499,7728.0439453125,76587,0.0,0.0
2004-05-10 00:00:00+09:00,7553.202835434875,7553.202835434875,6818.863769531249,6818.86376953125,88370,0.0,0.0
2004-05-11 00:00:00+09:00,6329.303281418991,6888.8002103205,6084.523863354601,6364.27197265625,143473,0.0,0.0
2004-05-12 00:00:00+09:00,6399.240152777862,6553.101387515208,6378.258655592042,6504.1455078125,135363,0.0,0.0
2004-05-13 00:00:00+09:00,6427.214460965248,6874.811679040621,6301.328320498793,6637.02587890625,128606,0.0,0.0
2004-05-14 00:00:00+09:00,6665.001405159388,6685.982193169855,6154.460373326375,6630.03271484375,76749,0.0,0.0
2004-05-17 00:00:00+09:00,6371.2656239228945,6609.051447855105,5839.744140625,5839.744140625,40146,0.0,0.0
2004-05-18 00:00:00+09:00,5385.153038806755,5839.743877438825,5315.216014028674,5608.95166015625,398026,0.0,0.0
2004-05-19 00:00:00+09:00,5629.932959257361,6189.429173000287,5629.932959257361,6042.5615234375,406740,0.0,0.0
2004-05-20 00:00:00+09:00,5909.681673922672,5909.681673922672,5511.040260997517,5594.96484375,57808,0.0,0.0
2004-05-21 00:00:00+09:00,5636.926527459462,5909.681036852662,5469.077735197917,5867.71875,50611,0.0,0.0
2004-05-24 00:00:00+09:00,5965.6300869470115,6119.492031109795,5783.793760426014,5804.77490234375,131826,0.0,0.0
2004-05-25 00:00:00+09:00,5804.7752180248945,5867.718647201156,5594.964142586449,5755.8193359375,219019,0.0,0.0
2004-05-26 00:00:00+09:00,5755.8193359375,5755.8193359375,5755.8193359375,5755.8193359375,0,0.0,0.0
2004-05-27 00:00:00+09:00,5930.663166446829,5944.650716106639,5629.93386752875,5692.876953125,175995,0.0,0.0
2004-05-28 00:00:00+09:00,5818.76336550739,6154.4609787873305,5769.807478368612,6014.5869140625,317123,0.0,0.0
2004-05-31 00:00:00+09:00,6077.530303034621,6077.530303034621,5860.725268441948,5909.68115234375,99860,0.0,0.0
2004-06-01 00:00:00+09:00,6007.593317370997,6126.4865920213215,5895.693994561307,6014.5869140625,158210,0.0,0.0
2004-06-02 00:00:00+09:00,6070.53653029375,6294.334444309963,6049.555031918358,6147.466796875,205952,0.0,0.0
2004-06-03 00:00:00+09:00,6224.398868109582,6273.354759195181,5594.965170953802,5692.876953125,87618,0.0,0.0
2004-06-04 00:00:00+09:00,5860.724993760105,5860.724993760105,5427.115300046389,5748.82568359375,73625,0.0,0.0
2004-06-07 00:00:00+09:00,5692.876149362713,5804.7754653949505,5692.876149362713,5769.80712890625,114032,0.0,0.0
2004-06-08 00:00:00+09:00,5776.801075060114,6028.574817743766,5755.819929836476,6014.5869140625,180063,0.0,0.0
2004-06-09 00:00:00+09:00,6154.459365610174,6238.383924506826,5965.629463241748,6168.447265625,185543,0.0,0.0
2004-06-10 00:00:00+09:00,6189.429145943597,6252.372931408355,6084.5237838999365,6210.41064453125,172380,0.0,0.0
2004-06-11 00:00:00+09:00,6455.190727950957,6532.121713576277,6014.587025257976,6084.5244140625,316526,0.0,0.0
2004-06-14 00:00:00+09:00,6028.575175972439,6028.575175972439,5357.17919921875,5357.17919921875,149836,0.0,0.0
2004-06-15 00:00:00+09:00,5217.303817659958,5371.165046321441,4874.6119629754885,5301.22802734375,157629,0.0,0.0
2004-06-16 00:00:00+09:00,5210.310604860574,5406.134498813308,5063.44295075786,5245.279296875,113678,0.0,0.0
2004-06-17 00:00:00+09:00,5231.291690820333,5266.260382445592,5105.4051822974425,5210.310546875,50919,0.0,0.0
2004-06-18 00:00:00+09:00,5196.323239271593,5301.22860152602,5056.4488310171855,5168.34814453125,87290,0.0,0.0
2004-06-21 00:00:00+09:00,5231.291707492753,5434.109196177959,5126.386342580856,5140.37353515625,349397,0.0,0.0
2004-06-22 00:00:00+09:00,5112.398183110766,5112.398183110766,4524.9269313637,4671.794921875,501056,0.0,0.0
2004-06-23 00:00:00+09:00,4615.845911967001,4755.719976700981,4364.072524416009,4524.927734375,204388,0.0,0.0
2004-06-24 00:00:00+09:00,4531.920706569118,4664.801156300237,4489.958777050575,4650.81396484375,184424,0.0,0.0
2004-06-25 00:00:00+09:00,4587.8712611948185,5028.474609375,4573.883712383885,5028.474609375,167226,0.0,0.0
2004-06-28 00:00:00+09:00,4993.505812488249,5245.279181969671,4825.656662734563,5203.31689453125,177830,0.0,0.0
2004-06-29 00:00:00+09:00,5175.342833241603,5392.147539903273,5070.43710088973,5357.17919921875,112646,0.0,0.0
2004-06-30 00:00:00+09:00,5364.172104627886,5525.0273033927415,5245.279193392837,5448.0966796875,179084,0.0,0.0
2004-07-01 00:00:00+09:00,5364.172877419228,5434.109914994707,5252.273546268631,5294.23583984375,91236,0.0,0.0
2004-07-02 00:00:00+09:00,5182.336588541667,5182.336588541667,4825.657442806668,4909.58203125,70512,0.0,0.0
2004-07-05 00:00:00+09:00,4909.581818181818,5126.386877201704,4825.657233380682,5000.5,57090,0.0,0.0
2004-07-06 00:00:00+09:00,5028.474008396364,5161.354463197028,4965.530578993561,5014.48681640625,40398,0.0,0.0
2004-07-07 00:00:00+09:00,4713.75740780012,4965.530780478366,4650.814330992391,4923.56884765625,48294,0.0,0.0
2004-07-08 00:00:00+09:00,4818.663141981729,4930.562458519626,4769.707257586858,4825.65673828125,38389,0.0,0.0
2004-07-09 00:00:00+09:00,4776.7006559424635,4930.562254199767,4769.7070599327535,4916.57470703125,35607,0.0,0.0
2004-07-12 00:00:00+09:00,4867.619573648319,4944.5505621889315,4804.676134428495,4860.6259765625,33423,0.0,0.0
2004-07-13 00:00:00+09:00,4958.537392971075,4958.537392971075,4783.694637445852,4832.65087890625,12254,0.0,0.0
2004-07-14 00:00:00+09:00,4790.688418481299,4860.625447169783,4636.826813306988,4755.7197265625,51428,0.0,0.0
2004-07-15 00:00:00+09:00,4615.846518575701,4692.777157744778,4510.940778664071,4566.890625,58890,0.0,0.0
2004-07-16 00:00:00+09:00,4510.94005590467,4608.852182517409,4475.971718303001,4580.87744140625,35517,0.0,0.0
2004-07-19 00:00:00+09:00,4482.965002358094,4608.851861308445,4482.965002358094,4601.85791015625,23288,0.0,0.0
2004-07-20 00:00:00+09:00,4524.926999386038,4804.675083414203,4496.952262013036,4510.939453125,20236,0.0,0.0
2004-07-21 00:00:00+09:00,4622.839375498429,4622.839375498429,4517.934007544301,4580.87744140625,22396,0.0,0.0
2004-07-22 00:00:00+09:00,4475.971181165314,4545.908203125,4336.097137245941,4545.908203125,17140,0.0,0.0
2004-07-23 00:00:00+09:00,4475.971606769,4580.8773272581675,4413.028174475498,4538.9150390625,15878,0.0,0.0
2004-07-26 00:00:00+09:00,4420.021860886336,4538.915131580534,4238.185511764763,4406.03466796875,70621,0.0,0.0
2004-07-27 00:00:00+09:00,4329.103763192914,4336.09771492501,4098.311524463615,4126.28662109375,196578,0.0,0.0
2004-07-28 00:00:00+09:00,4231.192241106034,4259.166984244369,4000.3999887037626,4112.29931640625,107776,0.0,0.0
2004-07-29 00:00:00+09:00,3650.7144127916017,4084.324127089564,3650.7144127916017,3671.695556640625,175440,0.0,0.0
2004-07-30 00:00:00+09:00,3692.6762710251573,3804.5755842515955,3664.701531505823,3706.663818359375,85942,0.0,0.0
2004-08-02 00:00:00+09:00,3811.5693172989963,3811.5693172989963,3461.883850303298,3496.8525390625,137805,0.0,0.0
2004-08-03 00:00:00+09:00,3493.355741216396,3671.695272560349,3391.9468279339744,3496.8525390625,123740,0.0,0.0
2004-08-04 00:00:00+09:00,3370.9658795425594,3451.3936552239625,3325.506794631097,3405.9345703125,80633,0.0,0.0
2004-08-05 00:00:00+09:00,3496.853200213606,3706.664306990627,3447.8973108138825,3692.6767578125,108943,0.0,0.0
2004-08-06 00:00:00+09:00,3622.7393900119673,3636.7269379074246,3524.8276201911103,3608.752197265625,29980,0.0,0.0
2004-08-09 00:00:00+09:00,3531.8211836633313,3748.6262207031245,3524.82758735531,3748.626220703125,72450,0.0,0.0
2004-08-10 00:00:00+09:00,3790.58837890625,3839.5442616823943,3706.663805490517,3790.58837890625,242963,0.0,0.0
2004-08-11 00:00:00+09:00,3881.5066059093915,3944.450036903935,3776.600887585152,3797.58203125,122176,0.0,0.0
2004-08-12 00:00:00+09:00,3846.53717299915,4035.36742956943,3846.53717299915,3951.44287109375,119711,0.0,0.0
2004-08-13 00:00:00+09:00,3881.5064062425586,4000.3993107947103,3860.525263656992,3902.487548828125,52413,0.0,0.0
2004-08-16 00:00:00+09:00,3888.5005439436936,3965.4311740455187,3790.588768332437,3909.481689453125,113040,0.0,0.0
2004-08-17 00:00:00+09:00,4028.3740491924364,4028.3740491924364,3860.525263656992,3902.487548828125,45279,0.0,0.0
2004-08-18 00:00:00+09:00,3874.512441671287,4000.3992967424815,3874.512441671287,3958.43701171875,34590,0.0,0.0
2004-08-19 00:00:00+09:00,3986.4117862387475,4238.185143519664,3986.4117862387475,4133.27978515625,125504,0.0,0.0
2004-08-20 00:00:00+09:00,4133.279549264108,4133.279549264108,4056.348578695804,4063.342529296875,30995,0.0,0.0
2004-08-23 00:00:00+09:00,4140.274059544585,4231.192241106034,4063.3434271268766,4112.29931640625,58881,0.0,0.0
2004-08-24 00:00:00+09:00,4112.299035072775,4406.03470580291,4112.299035072775,4266.16064453125,159501,0.0,0.0
2004-08-25 00:00:00+09:00,4273.154601321193,4496.953260284037,4245.179857738125,4441.00341796875,129553,0.0,0.0
2004-08-26 00:00:00+09:00,4496.952788995291,4769.707309430627,4496.952788995291,4615.845703125,155056,0.0,0.0
2004-08-27 00:00:00+09:00,4699.770206446345,4755.719686870524,4566.889746502531,4678.7890625,96528,0.0,0.0
2004-08-30 00:00:00+09:00,4657.807519947288,4741.732088550561,4399.040573619303,4475.97119140625,99763,0.0,0.0
2004-08-31 00:00:00+09:00,4559.896698609944,4559.896698609944,4378.060332640056,4468.978515625,29761,0.0,0.0
2004-09-01 00:00:00+09:00,4434.009091352346,4545.90840242347,4434.009091352346,4454.990234375,48191,0.0,0.0
2004-09-02 00:00:00+09:00,4454.990105578261,4503.945986166075,4336.097201986558,4482.96484375,38414,0.0,0.0
2004-09-03 00:00:00+09:00,4489.9592846255555,4538.915170555724,4238.18554815762,4266.16064453125,55611,0.0,0.0
2004-09-06 00:00:00+09:00,4203.217210711148,4245.179500125435,4021.3808600153225,4035.368408203125,137718,0.0,0.0
2004-09-07 00:00:00+09:00,4042.3619283194357,4112.298957638354,4035.3683319322786,4056.34912109375,45102,0.0,0.0
2004-09-08 00:00:00+09:00,4056.3491390026934,4133.280120197538,3986.4121093749995,3986.412109375,68414,0.0,0.0
2004-09-09 00:00:00+09:00,3951.443958846768,4056.34933067067,3853.5321837713573,3965.43115234375,40324,0.0,0.0
2004-09-10 00:00:00+09:00,3958.4371722423593,4154.2610585778475,3923.468836737261,4105.30517578125,65220,0.0,0.0
2004-09-13 00:00:00+09:00,4126.28662109375,4182.236104055769,4056.3492346675375,4126.28662109375,83250,0.0,0.0
2004-09-14 00:00:00+09:00,4168.248051286745,4294.13490543977,4105.304979359315,4196.22314453125,87968,0.0,0.0
2004-09-15 00:00:00+09:00,4203.217098042762,4322.110011430202,4098.311377319073,4224.1982421875,63998,0.0,0.0
2004-09-16 00:00:00+09:00,4175.242002172413,4252.1726207220945,4175.242002172413,4196.22314453125,59446,0.0,0.0
2004-09-17 00:00:00+09:00,4196.224041505746,4308.1233729558435,4161.255345049834,4231.1923828125,95076,0.0,0.0
2004-09-20 00:00:00+09:00,4308.122951505645,4468.97815813873,4259.166710226772,4413.0283203125,96925,0.0,0.0
2004-09-21 00:00:00+09:00,4420.022094244592,4420.022094244592,4175.242653772336,4245.1796875,85930,0.0,0.0
2004-09-22 00:00:00+09:00,4217.204956071073,4280.148037986235,3951.444014121229,4000.39990234375,108768,0.0,0.0
2004-09-23 00:00:00+09:00,3923.4689523259794,3979.4184328420956,3818.5632324218745,3818.563232421875,75280,0.0,0.0
2004-09-24 00:00:00+09:00,3776.6012953602785,3951.444059729466,3748.626552502969,3846.538330078125,68170,0.0,0.0
2004-09-27 00:00:00+09:00,3846.538330078125,3846.538330078125,3846.538330078125,3846.538330078125,0,0.0,0.0
2004-09-28 00:00:00+09:00,3846.538330078125,3846.538330078125,3846.538330078125,3846.538330078125,0,0.0,0.0
2004-09-29 00:00:00+09:00,3846.538330078125,3846.538330078125,3846.538330078125,3846.538330078125,0,0.0,0.0
2004-09-30 00:00:00+09:00,3776.6010204919194,3986.4121093749995,3776.6010204919194,3986.412109375,51621,0.0,0.0
2004-10-01 00:00:00+09:00,4007.392777612786,4007.392777612786,3881.506281300639,3944.44970703125,23944,0.0,0.0
2004-10-04 00:00:00+09:00,3986.411690628858,3993.4056414613415,3923.468619180069,3937.455810546875,72235,0.0,0.0
2004-10-05 00:00:00+09:00,3951.444014121229,4028.374644878171,3937.456465279449,4000.39990234375,69552,0.0,0.0
2004-10-06 00:00:00+09:00,4168.248555740702,4378.060004721087,4126.28662109375,4126.28662109375,245672,0.0,0.0
2004-10-07 00:00:00+09:00,4161.254473913503,4161.254473913503,3958.4370003157755,4028.3740234375,100007,0.0,0.0
2004-10-08 00:00:00+09:00,4028.374731842098,4112.29931640625,3937.4565502806486,4112.29931640625,110131,0.0,0.0
2004-10-11 00:00:00+09:00,4168.248701795173,4245.1796875,4154.261508139123,4245.1796875,158613,0.0,0.0
2004-10-12 00:00:00+09:00,4273.154259128377,4475.971755375074,4112.299052470531,4168.24853515625,399868,0.0,0.0
2004-10-13 00:00:00+09:00,4140.2737938133905,4224.198372991093,4126.286600716523,4168.24853515625,66264,0.0,0.0
2004-10-14 00:00:00+09:00,4112.2980380727795,4126.285582868405,3916.4741866792046,3951.44287109375,80691,0.0,0.0
2004-10-15 00:00:00+09:00,3853.531178120479,3979.417662486561,3811.568898282105,3874.511962890625,57053,0.0,0.0
2004-10-18 00:00:00+09:00,3888.4995078864304,3944.44933272061,3874.511962890625,3874.511962890625,57685,0.0,0.0
2004-10-19 00:00:00+09:00,3888.5,3951.443427723439,3881.5064041915352,3888.5,62277,0.0,0.0
2004-10-20 00:00:00+09:00,3888.4997763656825,3930.462059101319,3657.7075764687493,3664.701171875,35195,0.0,0.0
2004-10-21 00:00:00+09:00,3636.727013878046,3664.7017551042336,3517.8340973049076,3559.79638671875,62671,0.0,0.0
2004-10-22 00:00:00+09:00,3538.8154296875,3608.752464036534,3489.8595411580905,3538.8154296875,54262,0.0,0.0
2004-10-25 00:00:00+09:00,3489.8593936957295,3489.8593936957295,3363.9725240972743,3391.947265625,58981,0.0,0.0
2004-10-26 00:00:00+09:00,3342.991411925689,3391.947298866261,3178.639404296875,3178.639404296875,134019,0.0,0.0
2004-10-27 00:00:00+09:00,3217.104968704558,3217.104968704558,2923.369107721342,3028.274658203125,169072,0.0,0.0
2004-10-28 00:00:00+09:00,3077.2305462843738,3101.708490306302,2958.3376245851323,3042.26220703125,151110,0.0,0.0
2004-10-29 00:00:00+09:00,3059.7465542323807,3070.2369494635764,2867.419445318217,3042.26220703125,273786,0.0,0.0
2004-11-01 00:00:00+09:00,3007.2933105703532,3231.091945290316,3007.2933105703532,3133.18017578125,242157,0.0,0.0
2004-11-02 00:00:00+09:00,3133.1800457643944,3185.632726517761,3073.7334138012397,3161.15478515625,163801,0.0,0.0
2004-11-03 00:00:00+09:00,3175.142539679421,3335.997745618548,3133.1802502780624,3301.029052734375,88116,0.0,0.0
2004-11-04 00:00:00+09:00,3301.0287339932133,3322.0098766679926,3203.1169716103013,3206.61376953125,52448,0.0,0.0
2004-11-05 00:00:00+09:00,3224.098480404749,3335.9978023275194,3217.104883768678,3322.01025390625,58929,0.0,0.0
2004-11-08 00:00:00+09:00,3287.041262780962,3349.9843303035627,3196.123103971585,3203.11669921875,77214,0.0,0.0
2004-11-09 00:00:00+09:00,3238.0855993799437,3238.0855993799437,3115.695885311264,3140.173828125,55294,0.0,0.0
2004-11-10 00:00:00+09:00,3115.695700463573,3182.1359284874165,3098.211355162751,3161.15478515625,55558,0.0,0.0
2004-11-11 00:00:00+09:00,3150.6645208205464,3168.1485116923204,3101.708280932237,3119.192626953125,33896,0.0,0.0
2004-11-12 00:00:00+09:00,3133.180284982566,3482.8654419519535,3115.6959383468147,3391.947265625,150420,0.0,0.0
2004-11-15 00:00:00+09:00,3496.8528392542926,3601.7582042394724,3367.4691769468523,3503.846435546875,139890,0.0,0.0
2004-11-16 00:00:00+09:00,3545.8090889462205,3720.6518554687505,3510.8403935820556,3720.65185546875,230509,0.0,0.0
2004-11-17 00:00:00+09:00,3664.701359436061,3706.6636443193456,3615.74547878859,3657.707763671875,171248,0.0,0.0
2004-11-18 00:00:00+09:00,3734.638672937969,3958.4373062857844,3671.69559586755,3748.626220703125,275215,0.0,0.0
2004-11-19 00:00:00+09:00,3797.5818098501018,3797.5818098501018,3615.74547878859,3657.707763671875,58229,0.0,0.0
2004-11-22 00:00:00+09:00,3629.733107147063,3629.733107147063,3472.374712868202,3524.827392578125,71656,0.0,0.0
2004-11-23 00:00:00+09:00,3510.8401443631883,3573.7835784611234,3510.8401443631883,3531.8212890625,41563,0.0,0.0
2004-11-24 00:00:00+09:00,3531.821509487489,3650.714788586894,3524.827912534281,3629.733642578125,46515,0.0,0.0
2004-11-25 00:00:00+09:00,3636.7268802277217,3636.7268802277217,3531.8211605484184,3587.77099609375,47544,0.0,0.0
2004-11-26 00:00:00+09:00,3531.8214776481977,3636.727206746319,3503.8467349384127,3538.8154296875,67481,0.0,0.0
2004-11-29 00:00:00+09:00,3552.8020148983264,3559.795965739615,3398.940778775263,3496.8525390625,75962,0.0,0.0
2004-11-30 00:00:00+09:00,3433.9092949969063,3468.8779856157053,3154.1611906429157,3175.142333984375,153894,0.0,0.0
2004-12-01 00:00:00+09:00,3189.12993333528,3189.12993333528,2975.8220298002625,3150.664794921875,145789,0.0,0.0
2004-12-02 00:00:00+09:00,3210.111006721894,3356.9790255426833,3210.111006721894,3273.054443359375,61373,0.0,0.0
2004-12-03 00:00:00+09:00,3259.0664857695433,3538.8149395703476,3259.0664857695433,3524.827392578125,171932,0.0,0.0
2004-12-06 00:00:00+09:00,3524.8275863520576,3804.5757003826475,3461.884154150441,3734.638671875,188225,0.0,0.0
2004-12-07 00:00:00+09:00,3727.6450755689684,3734.638671875,3664.7016433673525,3734.638671875,38883,0.0,0.0
2004-12-08 00:00:00+09:00,3699.6705218869884,3783.594747241648,3629.7334898502068,3727.645263671875,86179,0.0,0.0
2004-12-09 00:00:00+09:00,3727.6453972240483,3804.576028676,3580.7777312296466,3685.68310546875,47028,0.0,0.0
2004-12-10 00:00:00+09:00,3629.733642578125,3762.614115583946,3538.815461589842,3629.733642578125,30775,0.0,0.0
2004-12-13 00:00:00+09:00,3503.846145644376,3629.7329993898525,3426.91552734375,3426.91552734375,63854,0.0,0.0
2004-12-14 00:00:00+09:00,3426.915785217845,3482.865265437735,3325.5068639892706,3329.003662109375,100800,0.0,0.0
2004-12-15 00:00:00+09:00,3315.016046103039,3384.9530650173133,3273.053763724662,3363.971923828125,90399,0.0,0.0
2004-12-16 00:00:00+09:00,3388.4504757897444,3479.36865234375,3370.9661291103293,3479.36865234375,71934,0.0,0.0
2004-12-17 00:00:00+09:00,3545.8089929264706,3545.8089929264706,3416.425320791549,3447.897216796875,36965,0.0,0.0
2004-12-20 00:00:00+09:00,3412.928180629867,3678.6890951118235,3412.928180629867,3650.71435546875,118225,0.0,0.0
2004-12-21 00:00:00+09:00,3657.7080241635826,3657.7080241635826,3566.7898521578895,3587.77099609375,49937,0.0,0.0
2004-12-22 00:00:00+09:00,3580.7775301269753,3587.7711266437054,3426.915920715064,3531.8212890625,51029,0.0,0.0
2004-12-23 00:00:00+09:00,3475.872038513609,3531.821524678207,3384.9538571342773,3398.94140625,56791,0.0,0.0
2004-12-24 00:00:00+09:00,3363.972283448212,3447.8968571767887,3363.972283448212,3405.9345703125,47381,0.0,0.0
2004-12-27 00:00:00+09:00,3370.965848469434,3493.3559098869496,3370.965848469434,3374.462646484375,26518,0.0,0.0
2004-12-28 00:00:00+09:00,3325.506893056251,3398.9410748167406,3325.506893056251,3346.488037109375,21869,0.0,0.0
2004-12-29 00:00:00+09:00,3410.972874676617,3507.916259765625,3371.4772864329707,3507.916259765625,68129,120.0,0.0
2004-12-30 00:00:00+09:00,3432.5166562838667,3626.403469764959,3432.5166562838667,3486.3740234375,71050,0.0,0.0
2005-01-03 00:00:00+09:00,3547.4123036615465,3676.67041015625,3500.7358259817893,3676.67041015625,67623,0.0,0.0
2005-01-04 00:00:00+09:00,3676.670073922198,3884.918618685887,3676.670073922198,3755.660888671875,131428,0.0,0.0
2005-01-05 00:00:00+09:00,3640.7657658193107,3834.652587890625,3640.7657658193107,3834.652587890625,67276,0.0,0.0
2005-01-06 00:00:00+09:00,3906.4622083971904,4071.625110528358,3791.566228915508,3884.919189453125,176664,0.0,0.0
2005-01-07 00:00:00+09:00,3913.6421284863354,4193.700914972663,3913.6421284863354,4057.261962890625,269056,0.0,0.0
2005-01-10 00:00:00+09:00,4157.797262107595,4301.417147913106,4100.349453649394,4200.88330078125,237451,0.0,0.0
2005-01-11 00:00:00+09:00,4200.883309806171,4236.78846366469,4006.9965000181974,4093.168212890625,125946,0.0,0.0
2005-01-12 00:00:00+09:00,4057.2627651240523,4164.977479895519,3985.4528337230918,4006.995849609375,116490,0.0,0.0
2005-01-13 00:00:00+09:00,3999.8145787337826,4071.624509731269,3928.004647736296,4035.7197265625,73392,0.0,0.0
2005-01-14 00:00:00+09:00,4028.539230800826,4215.245142305677,3985.4531951212475,4114.7109375,131291,0.0,0.0
2005-01-17 00:00:00+09:00,4229.60759159051,4524.028639663483,4200.883684736085,4509.66650390625,204416,0.0,0.0
2005-01-18 00:00:00+09:00,4567.114118817291,4595.838022127967,4351.683932337232,4416.31298828125,117094,0.0,0.0
2005-01-19 00:00:00+09:00,4445.037605969444,4689.191734999041,4337.322860078199,4524.02880859375,679785,0.0,0.0
2005-01-20 00:00:00+09:00,4890.2592599879135,5062.603052480609,4595.838234625376,4811.26806640625,1421470,0.0,0.0
2005-01-21 00:00:00+09:00,4804.086549887855,4969.249435674285,4667.647564964288,4875.896484375,443270,0.0,0.0
2005-01-24 00:00:00+09:00,4811.267830016251,4926.16380758625,4538.389837705002,4667.64794921875,457483,0.0,0.0
2005-01-25 00:00:00+09:00,4595.838305464847,4667.648250498671,4330.141545305699,4387.58935546875,297050,0.0,0.0
2005-01-26 00:00:00+09:00,4394.770124935737,4480.942202572911,4236.788468814263,4315.779296875,226527,0.0,0.0
2005-01-27 00:00:00+09:00,4315.779838236417,4445.037606245964,4287.055930307635,4409.1328125,169799,0.0,0.0
2005-01-28 00:00:00+09:00,4416.312576265722,4495.303758825671,4337.321758365736,4473.7607421875,141494,0.0,0.0
2005-01-31 00:00:00+09:00,4452.217542445082,4739.45726626091,4452.217542445082,4631.7421875,196220,0.0,0.0
2005-02-01 00:00:00+09:00,4739.458665036296,4746.63955085303,4488.123650189964,4524.02880859375,160661,0.0,0.0
2005-02-02 00:00:00+09:00,4538.390006963152,4581.476045741285,4351.68408203125,4351.68408203125,145593,0.0,0.0
2005-02-03 00:00:00+09:00,4344.502406251952,4416.312336256617,4208.063429845107,4229.6064453125,150146,0.0,0.0
2005-02-04 00:00:00+09:00,4251.149853635531,4351.683692000568,4236.78808510337,4272.69287109375,142771,0.0,0.0
2005-02-07 00:00:00+09:00,4351.683932337232,4495.304178210604,4315.779144363887,4416.31298828125,0,0.0,0.0
2005-02-11 00:00:00+09:00,4358.864821887972,4531.208592187114,4358.864821887972,4452.2177734375,178725,0.0,0.0
2005-02-14 00:00:00+09:00,4574.294797266705,4839.9915290676045,4459.3988245436185,4789.724609375,373077,0.0,0.0
2005-02-15 00:00:00+09:00,4847.172948470138,4976.430694415212,4761.000874733427,4839.99169921875,272276,0.0,0.0
2005-02-16 00:00:00+09:00,4954.886673424769,5134.411669165061,4811.2668226965025,4976.4296875,372284,0.0,0.0
2005-02-17 00:00:00+09:00,5048.2408646684435,5048.2408646684435,4825.63015023718,4832.81103515625,223871,0.0,0.0
2005-02-18 00:00:00+09:00,4761.000908203125,4861.534751829377,4646.104930633125,4667.64794921875,190390,0.0,0.0
2005-02-21 00:00:00+09:00,4689.190675505016,4868.715697641249,4689.190675505016,4796.90576171875,202122,0.0,0.0
2005-02-22 00:00:00+09:00,4825.630753477337,4847.1737755875965,4466.580628079704,4524.02880859375,178755,0.0,0.0
2005-02-23 00:00:00+09:00,4409.132273490749,4545.571275298086,4394.770138952078,4430.67529296875,103810,0.0,0.0
2005-02-24 00:00:00+09:00,4466.579368577325,4545.57054892741,4423.493701166314,4437.85546875,224973,0.0,0.0
2005-02-25 00:00:00+09:00,4488.12228989029,4603.018251434644,4437.855375088374,4480.94140625,162327,0.0,0.0
2005-02-28 00:00:00+09:00,4574.2947022000635,4617.3807366582705,4502.484766323044,4545.57080078125,97708,0.0,0.0
2005-03-02 00:00:00+09:00,4624.560582606799,4624.560582606799,4430.673835733561,4466.57861328125,99788,0.0,0.0
2005-03-03 00:00:00+09:00,4488.122928887937,4524.028081521279,4344.503047674562,4416.31298828125,93063,0.0,0.0
2005-03-04 00:00:00+09:00,4358.866048392408,4437.856889368585,4358.866048392408,4423.4951171875,75908,0.0,0.0
2005-03-07 00:00:00+09:00,4524.028808875183,4588.657875209984,4387.5897903884,4409.1328125,126608,0.0,0.0
2005-03-08 00:00:00+09:00,4394.769852159884,4423.494119362749,4164.977902496886,4308.59814453125,136912,0.0,0.0
2005-03-09 00:00:00+09:00,4236.788205844061,4337.322047074128,4193.702169699751,4308.59814453125,55484,0.0,0.0
2005-03-10 00:00:00+09:00,4236.788184363363,4322.959891555102,4143.435228077323,4193.7021484375,95872,0.0,0.0
2005-03-11 00:00:00+09:00,4186.520802085108,4287.055005129914,4172.15903355012,4236.7880859375,88209,0.0,0.0
2005-03-14 00:00:00+09:00,4236.788252362727,4337.322094696625,4236.788252362727,4322.9599609375,55626,0.0,0.0
2005-03-15 00:00:00+09:00,4366.046655734192,4366.046655734192,4107.53076171875,4107.53076171875,85054,0.0,0.0
2005-03-16 00:00:00+09:00,4093.1685884975996,4107.530724290941,3791.566654117772,3906.462646484375,184750,0.0,0.0
2005-03-17 00:00:00+09:00,3805.928349540877,3877.7382908786294,3726.93752346735,3734.118408203125,115165,0.0,0.0
2005-03-18 00:00:00+09:00,3762.842534605436,3841.83373001606,3698.2134741767495,3726.937744140625,61974,0.0,0.0
2005-03-21 00:00:00+09:00,3719.75637931744,3762.8424182711574,3604.860396994198,3655.127685546875,69504,0.0,0.0
2005-03-22 00:00:00+09:00,3619.2224291307207,3762.8423118062256,3619.2224291307207,3734.118408203125,53390,0.0,0.0
2005-03-23 00:00:00+09:00,3698.2129146297443,3784.3849821633203,3669.489013671875,3669.489013671875,72467,0.0,0.0
2005-03-24 00:00:00+09:00,3770.0234142163195,3770.0234142163195,3655.1274396234803,3691.0322265625,60848,0.0,0.0
2005-03-25 00:00:00+09:00,3712.576380803593,3834.6532772132055,3691.0333561830616,3820.29150390625,62822,0.0,0.0
2005-03-28 00:00:00+09:00,3856.1953125,3949.5482736852514,3827.4714085953083,3856.1953125,79086,0.0,0.0
2005-03-29 00:00:00+09:00,3877.738318768138,3906.462222577827,3669.4893779928857,3705.39453125,55127,0.0,0.0
2005-03-30 00:00:00+09:00,3683.850631056714,3726.9366587951426,3619.221589449072,3662.3076171875,53379,0.0,0.0
2005-03-31 00:00:00+09:00,3762.842470802526,3762.842470802526,3626.4034670976603,3633.584716796875,52547,0.0,0.0
2005-04-01 00:00:00+09:00,3633.5849350245817,3928.005615234375,3633.5849350245817,3928.005615234375,122840,0.0,0.0
2005-04-04 00:00:00+09:00,3928.0047391111016,4057.262836709399,3849.0139225743355,3956.72900390625,149686,0.0,0.0
2005-04-06 00:00:00+09:00,4006.9964896222764,4035.720393838563,3906.46227787526,3942.367431640625,76845,0.0,0.0
2005-04-07 00:00:00+09:00,3985.452632969657,4157.79638671875,3985.452632969657,4157.79638671875,159452,0.0,0.0
2005-04-08 00:00:00+09:00,4172.159549630003,4229.607360195982,4064.444448993764,4136.25439453125,113370,0.0,0.0
2005-04-11 00:00:00+09:00,4229.606862032127,4229.606862032127,3971.0910156132177,3992.634033203125,61590,0.0,0.0
2005-04-12 00:00:00+09:00,3920.82447331187,4006.996551961366,3791.5663553376257,3813.109375,126337,0.0,0.0
2005-04-13 00:00:00+09:00,3813.1089110733533,3856.194945155985,3748.480224609375,3748.480224609375,58120,0.0,0.0
2005-04-14 00:00:00+09:00,3719.7563515870906,3734.1184860179324,3647.9464087529004,3683.8515625,51515,0.0,0.0
2005-04-15 00:00:00+09:00,3633.58454617338,3676.6705837053964,3540.231586407345,3619.222412109375,82517,0.0,0.0
2005-04-18 00:00:00+09:00,3525.869212944588,3576.136131765594,3281.715503053994,3331.982421875,91781,0.0,0.0
2005-04-19 00:00:00+09:00,3331.983121500383,3554.593860829863,3331.983121500383,3551.00341796875,66285,0.0,0.0
2005-04-20 00:00:00+09:00,3590.498413598328,3676.6704863813247,3518.6884744991607,3554.59326171875,59729,0.0,0.0
2005-04-21 00:00:00+09:00,3475.6024401457366,3547.4123792870128,3443.2880951631587,3518.6884765625,27112,0.0,0.0
2005-04-22 00:00:00+09:00,3647.9460944696457,3669.4891119298977,3540.2313718283626,3590.498291015625,31966,0.0,0.0
2005-04-25 00:00:00+09:00,3432.5157123558265,3691.0315141264805,3432.5157123558265,3662.3076171875,56432,0.0,0.0
2005-04-26 00:00:00+09:00,3755.661518723739,3755.661518723739,3461.2404967918933,3540.231689453125,119224,0.0,0.0
2005-04-27 00:00:00+09:00,3468.421555629606,3554.5932638031436,3468.421555629606,3518.6884765625,16120,0.0,0.0
2005-04-28 00:00:00+09:00,3576.135904783707,3576.135904783707,3446.878173828125,3446.878173828125,33197,0.0,0.0
2005-04-29 00:00:00+09:00,3382.249039919165,3439.696837845887,3349.9346991678767,3421.74462890625,17767,0.0,0.0
2005-05-02 00:00:00+09:00,3360.706156380057,3446.8782213108143,3360.706156380057,3425.335205078125,16703,0.0,0.0
2005-05-03 00:00:00+09:00,3425.3353391806445,3500.7357166170177,3389.4301891671503,3428.92578125,31928,0.0,0.0
2005-05-04 00:00:00+09:00,3410.97363649041,3547.4126402956294,3389.4306166969536,3486.3740234375,34291,0.0,0.0
2005-05-06 00:00:00+09:00,3489.964597283771,3565.364979189657,3489.964597283771,3525.869384765625,54051,0.0,0.0
2005-05-09 00:00:00+09:00,3533.0498729118626,3547.4120050891274,3393.0204516583444,3446.878173828125,42793,0.0,0.0
2005-05-10 00:00:00+09:00,3439.697375943357,3486.373855808246,3410.973472486502,3436.10693359375,33159,0.0,0.0
2005-05-11 00:00:00+09:00,3382.249302472195,3407.3827615986575,3317.620251292733,3321.210693359375,39437,0.0,0.0
2005-05-12 00:00:00+09:00,3375.068582440707,3375.068582440707,3238.629589314595,3260.172607421875,18810,0.0,0.0
2005-05-13 00:00:00+09:00,3217.0864016821574,3263.762877678305,3159.638234869993,3209.905517578125,72423,0.0,0.0
2005-05-16 00:00:00+09:00,3209.9057693572367,3303.2587286719663,3181.181501368091,3285.30615234375,65732,0.0,0.0
2005-05-17 00:00:00+09:00,3314.030400748329,3317.62084345583,3195.5439681006233,3202.724853515625,61630,0.0,0.0
2005-05-18 00:00:00+09:00,3174.0004973846844,3590.4983563104547,3174.0004973846844,3357.115966796875,422812,0.0,0.0
2005-05-19 00:00:00+09:00,3375.068676995966,3443.288175470246,3310.4396208634907,3360.70654296875,41240,0.0,0.0
2005-05-20 00:00:00+09:00,3396.611560302245,3410.973329096937,3310.4394888941592,3357.115966796875,23509,0.0,0.0
2005-05-23 00:00:00+09:00,3339.1634549506052,3342.753897217887,3217.086594563076,3267.353515625,69744,0.0,0.0
2005-05-24 00:00:00+09:00,3267.3532571512883,3267.3532571512883,3184.771632896713,3227.857666015625,89131,0.0,0.0
2005-05-25 00:00:00+09:00,3231.448107998874,3274.5341411177865,3206.314649456169,3227.857666015625,46066,0.0,0.0
2005-05-26 00:00:00+09:00,3224.2669274628624,3288.895971196622,3224.2669274628624,3281.715087890625,48132,0.0,0.0
2005-05-27 00:00:00+09:00,3303.2587890625,3339.163577715351,3238.629731895363,3303.2587890625,63199,0.0,0.0
2005-05-30 00:00:00+09:00,3310.439179418015,3446.8781581725025,3310.439179418015,3407.382568359375,69493,0.0,0.0
2005-05-31 00:00:00+09:00,3410.973516109261,3410.973516109261,3339.16357421875,3339.16357421875,47253,0.0,0.0
2005-06-01 00:00:00+09:00,3281.715986501824,3554.593638109264,3281.715986501824,3482.78369140625,296082,0.0,0.0
2005-06-02 00:00:00+09:00,3554.593440505964,3590.498594191482,3446.878708769424,3461.240478515625,196854,0.0,0.0
2005-06-03 00:00:00+09:00,3468.4212143101563,3518.6881302963975,3454.05908203125,3454.05908203125,67217,0.0,0.0
2005-06-07 00:00:00+09:00,3446.8783426439663,3468.4213596349887,3375.0684075605477,3389.43017578125,39297,0.0,0.0
2005-06-08 00:00:00+09:00,3393.020836211213,3482.783352007593,3393.020836211213,3418.154296875,57166,0.0,0.0
2005-06-09 00:00:00+09:00,3421.74493398128,3504.326196446194,3421.74493398128,3475.602294921875,67128,0.0,0.0
2005-06-10 00:00:00+09:00,3489.96484375,3540.2317685705116,3454.059689072482,3489.96484375,55270,0.0,0.0
2005-06-13 00:00:00+09:00,3568.955660089086,3572.5461026113258,3468.4218108263,3486.3740234375,42590,0.0,0.0
2005-06-14 00:00:00+09:00,3515.0980375519166,3515.0980375519166,3410.973388671875,3410.973388671875,45903,0.0,0.0
2005-06-15 00:00:00+09:00,3375.068624779931,3443.28812219878,3375.068624779931,3418.154296875,44533,0.0,0.0
2005-06-16 00:00:00+09:00,3425.335205078125,3482.7830052586587,3403.7921888454357,3425.335205078125,35269,0.0,0.0
2005-06-17 00:00:00+09:00,3396.6117528327977,3446.8786757834728,3385.840060966222,3414.56396484375,29584,0.0,0.0
2005-06-20 00:00:00+09:00,3446.878516625568,3446.878516625568,3403.79248046875,3403.79248046875,27497,0.0,0.0
2005-06-21 00:00:00+09:00,3375.068720938862,3403.7926247072774,3245.8106069909895,3263.76318359375,53107,0.0,0.0
2005-06-22 00:00:00+09:00,3303.2583726811467,3328.3918309680284,3263.7627819474933,3288.896240234375,34089,0.0,0.0
2005-06-23 00:00:00+09:00,3288.896751708605,3353.5258107799564,3288.896751708605,3296.07763671875,31026,0.0,0.0
2005-06-24 00:00:00+09:00,3238.6296128267563,3292.4869761559626,3231.4483636322025,3267.353515625,42879,0.0,0.0
2005-06-27 00:00:00+09:00,3267.3533552496133,3267.3533552496133,3166.819518060386,3184.771728515625,28618,0.0,0.0
2005-06-28 00:00:00+09:00,3174.00048828125,3252.991310405451,3123.733568324033,3174.00048828125,72580,0.0,0.0
2005-06-29 00:00:00+09:00,3181.1811034757498,3220.67669352584,3156.047645623861,3166.8193359375,63348,0.0,0.0
2005-06-30 00:00:00+09:00,3224.267018712242,3245.810033899847,3177.5905465824217,3238.629150390625,50575,0.0,0.0
2005-07-01 00:00:00+09:00,3238.629262887512,3468.421189764047,3238.629262887512,3446.878173828125,136674,0.0,0.0
2005-07-04 00:00:00+09:00,3489.964686790249,3626.4033203125,3446.878648979011,3626.4033203125,112047,0.0,0.0
2005-07-05 00:00:00+09:00,3626.402956366454,3698.212890625,3568.955154823603,3698.212890625,91119,0.0,0.0
2005-07-06 00:00:00+09:00,3748.480061021767,3877.73779296875,3748.480061021767,3877.73779296875,200806,0.0,0.0
2005-07-07 00:00:00+09:00,3884.9192585480428,3971.0913358569114,3820.2905652264,3942.367431640625,133709,0.0,0.0
2005-07-08 00:00:00+09:00,3841.8336209019453,3920.824449409083,3784.385447265835,3805.928466796875,86280,0.0,0.0
2005-07-11 00:00:00+09:00,3813.1093255702135,4093.168212890625,3813.1093255702135,4093.168212890625,103646,0.0,0.0
2005-07-12 00:00:00+09:00,4071.6251935075156,4129.073366749144,4021.358269833597,4093.168212890625,67669,0.0,0.0
2005-07-13 00:00:00+09:00,4107.528868466138,4129.07188009277,4021.356821959613,4057.261962890625,52943,0.0,0.0
2005-07-14 00:00:00+09:00,3999.815250450488,4179.3402904230625,3999.815250450488,4093.168212890625,96066,0.0,0.0
2005-07-15 00:00:00+09:00,4042.9012892167066,4107.530347366034,3992.634365542788,4093.168212890625,47981,0.0,0.0
2005-07-18 00:00:00+09:00,4078.805238912021,4114.710017510561,4028.538330078125,4028.538330078125,37316,0.0,0.0
2005-07-19 00:00:00+09:00,4057.2631863166603,4057.2631863166603,3892.100290482565,3949.548095703125,44829,0.0,0.0
2005-07-20 00:00:00+09:00,3928.0047089847963,3971.0907411871085,3827.4708769527037,3877.73779296875,36483,0.0,0.0
2005-07-21 00:00:00+09:00,3884.9195980604,3913.643869446978,3741.2996997676737,3784.3857421875,40168,0.0,0.0
2005-07-22 00:00:00+09:00,3906.462535497039,3906.462535497039,3755.6617549215794,3834.652587890625,38075,0.0,0.0
2005-07-25 00:00:00+09:00,3813.10910247931,3949.548095703125,3813.10910247931,3949.548095703125,24406,0.0,0.0
2005-07-26 00:00:00+09:00,4071.6239914643916,4071.6239914643916,3971.0901737966,4028.538330078125,14638,0.0,0.0
2005-07-27 00:00:00+09:00,4050.0821765379196,4136.253881702998,3985.453124169128,4021.35791015625,43083,0.0,0.0
2005-07-28 00:00:00+09:00,4021.35791015625,4028.5391590816557,3963.910106712864,4021.35791015625,31313,0.0,0.0
2005-07-29 00:00:00+09:00,4050.0821765379196,4057.2630608033483,3949.547973522029,4021.35791015625,60099,0.0,0.0
2005-08-01 00:00:00+09:00,3999.815204761928,4164.978108372492,3992.6343199362527,4078.806396484375,17706,0.0,0.0
2005-08-02 00:00:00+09:00,4121.89126495819,4121.89126495819,4021.357082630496,4028.538330078125,28192,0.0,0.0
2005-08-03 00:00:00+09:00,4028.5388205457407,4157.796549761249,4021.357572223807,4064.443603515625,62578,0.0,0.0
2005-08-04 00:00:00+09:00,4064.4442461948784,4064.4442461948784,3949.5482661357296,3963.910400390625,33752,0.0,0.0
2005-08-05 00:00:00+09:00,3877.737417925612,3999.8142542519554,3805.9274927536503,3978.271240234375,30236,0.0,0.0
2005-08-08 00:00:00+09:00,3906.461915314142,4164.977758587726,3877.7380137637383,4014.177001953125,37420,0.0,0.0
2005-08-09 00:00:00+09:00,3892.100146868928,4050.082152386111,3884.9188979863457,4014.177001953125,67551,0.0,0.0
2005-08-10 00:00:00+09:00,4121.893197199262,4121.893197199262,4042.901990865539,4085.988037109375,19641,0.0,0.0
2005-08-11 00:00:00+09:00,4085.986458934967,4186.520284900277,4085.986458934967,4157.79638671875,52974,0.0,0.0
2005-08-12 00:00:00+09:00,4186.520284900277,4186.520284900277,4107.5294737360955,4157.79638671875,18432,0.0,0.0
2005-08-16 00:00:00+09:00,4172.159357858172,4186.521127509523,4078.806396484375,4078.806396484375,43948,0.0,0.0
2005-08-17 00:00:00+09:00,3992.6343199362527,4078.806396484375,3949.5482816621916,4078.806396484375,32494,0.0,0.0
2005-08-18 00:00:00+09:00,4057.26256075344,4172.158518139479,3985.452632969657,4157.79638671875,40610,0.0,0.0
2005-08-19 00:00:00+09:00,4121.892256678547,4215.245214019175,4078.80622026595,4208.06396484375,49613,0.0,0.0
2005-08-22 00:00:00+09:00,4272.691997980371,4796.904829462211,4272.691997980371,4775.36181640625,409136,0.0,0.0
2005-08-23 00:00:00+09:00,4990.792987806042,5098.507718760415,4739.4580078125,4739.4580078125,468483,0.0,0.0
2005-08-24 00:00:00+09:00,4796.9053789030395,4954.887006528872,4545.570440902024,4617.38037109375,311475,0.0,0.0
2005-08-25 00:00:00+09:00,4617.381782851526,4703.553871292566,4430.675834335974,4524.02880859375,131590,0.0,0.0
2005-08-26 00:00:00+09:00,4588.655946361192,4782.542699204936,4545.569920249271,4775.36181640625,210485,0.0,0.0
2005-08-29 00:00:00+09:00,4703.553281582275,4811.268013968733,4308.598411958572,4315.779296875,155262,0.0,0.0
2005-08-30 00:00:00+09:00,4416.312744375225,4430.674877567362,4215.245067645151,4272.69287109375,122551,0.0,0.0
2005-08-31 00:00:00+09:00,4215.2451171875,4315.778956734124,4208.06386817704,4215.2451171875,112759,0.0,0.0
2005-09-01 00:00:00+09:00,4222.426863710163,4524.02880859375,4222.426863710163,4524.02880859375,121177,0.0,0.0
2005-09-02 00:00:00+09:00,4524.028081521279,4545.571100169285,4380.408200307905,4416.31298828125,77202,0.0,0.0
2005-09-05 00:00:00+09:00,4559.933018694652,4825.630135826944,4559.933018694652,4717.9150390625,167170,0.0,0.0
2005-09-06 00:00:00+09:00,4782.54416176747,4847.173220699736,4717.9151028352035,4811.26806640625,201015,0.0,0.0
2005-09-07 00:00:00+09:00,4825.6288225493945,4926.162642396285,4796.904926115984,4904.61962890625,157605,0.0,0.0
2005-09-08 00:00:00+09:00,4904.6203564114285,4983.611539145002,4753.81960427273,4761.00048828125,52768,0.0,0.0
2005-09-09 00:00:00+09:00,4746.638957487368,4861.534939492541,4667.648129397568,4832.81103515625,64862,0.0,0.0
2005-09-12 00:00:00+09:00,4911.801095584838,4918.982344041567,4839.99116363722,4861.5341796875,70674,0.0,0.0
2005-09-13 00:00:00+09:00,4775.36181640625,4883.076517026151,4703.551894439682,4775.36181640625,90319,0.0,0.0
2005-09-14 00:00:00+09:00,4875.8966089362,5486.28125,4847.172707339545,5486.28125,391359,0.0,0.0
2005-09-15 00:00:00+09:00,5586.816024214885,5802.246233943765,4775.363571322903,5242.12841796875,694850,0.0,0.0
2005-09-16 00:00:00+09:00,5270.851968651669,5270.851968651669,4911.801886442366,5098.5078125,190635,0.0,0.0
2005-09-20 00:00:00+09:00,5105.689328082099,5112.870213409153,4904.621256984311,4954.88818359375,229945,0.0,0.0
2005-09-21 00:00:00+09:00,4954.886800378312,5069.782756836759,4954.886800378312,5012.3349609375,134958,0.0,0.0
2005-09-22 00:00:00+09:00,5026.697485968317,5048.240503845751,4918.982761241129,5019.5166015625,168967,0.0,0.0
2005-09-23 00:00:00+09:00,5134.4128157497325,5701.7114622099125,5076.965008493512,5529.36767578125,317398,0.0,0.0
2005-09-26 00:00:00+09:00,5622.720384423001,5744.797242873925,5400.109320783094,5672.9873046875,173089,0.0,0.0
2005-09-27 00:00:00+09:00,5672.9879384777205,5744.797884686804,5493.462890625,5493.462890625,37277,0.0,0.0
2005-09-28 00:00:00+09:00,5536.5485573259775,5622.720632820546,5364.204770996842,5565.2724609375,126325,0.0,0.0
2005-09-29 00:00:00+09:00,5529.367892123039,5637.08299076791,5436.014928184157,5558.091796875,59181,0.0,0.0
2005-09-30 00:00:00+09:00,5536.548610920825,5672.987610221313,5457.5577840594915,5507.82470703125,57344,0.0,0.0
2005-10-04 00:00:00+09:00,5464.737803482842,5888.41650390625,5421.6517721414875,5888.41650390625,170331,0.0,0.0
2005-10-05 00:00:00+09:00,5780.703170427055,5852.513118254841,5622.72113934191,5644.26416015625,50225,0.0,0.0
2005-10-06 00:00:00+09:00,5601.177651678895,5629.901555483914,5392.9287109375,5392.9287109375,87519,0.0,0.0
2005-10-07 00:00:00+09:00,5349.842474514536,5529.367504793678,5335.480705474598,5515.00537109375,116079,0.0,0.0
2005-10-10 00:00:00+09:00,5464.738374548871,5730.435474032631,5436.014472206299,5672.9873046875,132249,0.0,0.0
2005-10-11 00:00:00+09:00,5744.797533740298,5795.064456549875,5658.625457689593,5759.15966796875,98787,0.0,0.0
2005-10-12 00:00:00+09:00,5859.693210364453,6060.761255858031,5816.607174568688,5960.22705078125,176554,0.0,0.0
2005-10-13 00:00:00+09:00,5909.959769609116,5996.1318359375,5751.9777695604,5996.1318359375,85052,0.0,0.0
2005-10-14 00:00:00+09:00,5917.1415102688825,5996.132334531553,5744.79736328125,5744.79736328125,54561,0.0,0.0
2005-10-17 00:00:00+09:00,5680.168440043591,5708.892708315114,5522.186787850217,5565.2724609375,57801,0.0,0.0
2005-10-18 00:00:00+09:00,5579.634595073261,5622.720632820546,5436.014712355649,5565.2724609375,41670,0.0,0.0
2005-10-19 00:00:00+09:00,5536.547414697642,5543.728662613463,5112.8687387211585,5206.2216796875,80779,0.0,0.0
2005-10-20 00:00:00+09:00,5105.687983208287,5349.841666616646,5105.687983208287,5278.03173828125,62645,0.0,0.0
2005-10-21 00:00:00+09:00,5249.308904753494,5601.177734375,5191.8607316352845,5601.177734375,78951,0.0,0.0
2005-10-24 00:00:00+09:00,5601.177734375,5737.6167352882385,5558.091695701345,5601.177734375,51645,0.0,0.0
2005-10-25 00:00:00+09:00,5888.417245097992,6017.67535539214,5708.892578125,5708.892578125,213452,0.0,0.0
2005-10-26 00:00:00+09:00,5780.702517846195,5802.245536228553,5486.281509727299,5708.892578125,48024,0.0,0.0
2005-10-27 00:00:00+09:00,5780.703073297634,6053.580724594223,5744.797917657014,5802.24609375,158960,0.0,0.0
2005-10-28 00:00:00+09:00,5579.634465524763,5744.79736328125,5565.272331722464,5744.79736328125,54969,0.0,0.0
2005-10-31 00:00:00+09:00,5816.607181060351,5816.607181060351,5579.6343485791485,5672.9873046875,65888,0.0,0.0
2005-11-01 00:00:00+09:00,5672.9873046875,5816.607181060351,5665.806420266853,5672.9873046875,82810,0.0,0.0
2005-11-02 00:00:00+09:00,5658.625289787434,5773.521266225858,5658.625289787434,5744.79736328125,59899,0.0,0.0
2005-11-03 00:00:00+09:00,5780.702955207358,5924.3228455158605,5744.797800300223,5766.3408203125,102213,0.0,0.0
2005-11-04 00:00:00+09:00,5780.70231867434,5924.322193168364,5766.340185360946,5830.96923828125,106656,0.0,0.0
2005-11-07 00:00:00+09:00,5838.149588894652,5938.683418917848,5816.606573223974,5888.41650390625,85004,0.0,0.0
2005-11-08 00:00:00+09:00,5895.598548983952,6132.571024066625,5895.598548983952,6089.4853515625,108727,0.0,0.0
2005-11-09 00:00:00+09:00,6139.752292781473,6161.294945492168,5852.5121827258645,6024.85595703125,100185,0.0,0.0
2005-11-10 00:00:00+09:00,6103.847518522612,6405.4490509829775,6053.580231785885,6355.18212890625,191547,0.0,0.0
2005-11-11 00:00:00+09:00,6484.439000775567,6814.764738090436,6484.439000775567,6563.43017578125,226600,0.0,0.0
2005-11-14 00:00:00+09:00,6606.516391906879,6678.325956318977,6391.086240030831,6477.25830078125,67678,0.0,0.0
2005-11-15 00:00:00+09:00,6477.258569318069,6534.706369093417,6426.991653349652,6484.439453125,44728,0.0,0.0
2005-11-16 00:00:00+09:00,6534.707279368435,6534.707279368435,6426.992548620166,6462.89697265625,59325,0.0,0.0
2005-11-17 00:00:00+09:00,6426.9920647152,6534.706787353346,6319.2766127571,6391.0869140625,66747,0.0,0.0
2005-11-18 00:00:00+09:00,6391.086790874448,6462.896361475766,6204.380886263104,6283.3720703125,83449,0.0,0.0
2005-11-21 00:00:00+09:00,6269.010054111861,6534.707163174561,6269.010054111861,6355.18212890625,89445,0.0,0.0
2005-11-22 00:00:00+09:00,6426.9922148681535,6426.9922148681535,6154.114230444347,6290.55322265625,80394,0.0,0.0
2005-11-23 00:00:00+09:00,6269.009032414424,6491.620067799694,6269.009032414424,6477.25830078125,69161,0.0,0.0
2005-11-24 00:00:00+09:00,6505.981834818138,6649.601692962212,6477.25830078125,6477.25830078125,90863,0.0,0.0
2005-11-25 00:00:00+09:00,6534.707225971041,7432.331676618491,6534.707225971041,7252.806640625,795982,0.0,0.0
2005-11-28 00:00:00+09:00,7252.80640588884,7252.80640588884,7008.652685740498,7037.376953125,151776,0.0,0.0
2005-11-29 00:00:00+09:00,6965.5673828125,7044.558579447835,6843.490874543409,6965.5673828125,177506,0.0,0.0
2005-11-30 00:00:00+09:00,6944.023316547116,8006.8108953376395,6944.023316547116,7755.4755859375,712346,0.0,0.0
2005-12-01 00:00:00+09:00,7899.096312535319,8222.241224671217,7611.856552707852,7935.00146484375,232882,0.0,0.0
2005-12-02 00:00:00+09:00,8078.621220875479,8222.241098586866,7719.57116193702,7899.09619140625,192940,0.0,0.0
2005-12-05 00:00:00+09:00,7827.286598843439,8724.91101476329,7755.4762954962625,8617.1962890625,685736,0.0,0.0
2005-12-06 00:00:00+09:00,8581.291706490254,9083.961675297052,8545.386552435479,9012.1513671875,403973,0.0,0.0
2005-12-07 00:00:00+09:00,9012.150266858476,9048.05541652945,8437.670789402617,8976.2451171875,150127,0.0,0.0
2005-12-08 00:00:00+09:00,8976.2451171875,9227.580435564389,8689.005378459571,8976.2451171875,141709,0.0,0.0
2005-12-09 00:00:00+09:00,8832.6259765625,9191.676044255933,8437.671485555718,8832.6259765625,85736,0.0,0.0
2005-12-12 00:00:00+09:00,8617.197485497547,9083.962334101163,8617.197485497547,8760.8173828125,119024,0.0,0.0
2005-12-13 00:00:00+09:00,8724.911883868124,8724.911883868124,8078.622006645293,8581.2919921875,139268,0.0,0.0
2005-12-14 00:00:00+09:00,8365.86071825567,8832.62548875045,8222.240844974194,8545.3857421875,245714,0.0,0.0
2005-12-15 00:00:00+09:00,8545.385985715324,8689.0058630897,8186.335927619394,8617.1962890625,186859,0.0,0.0
2005-12-16 00:00:00+09:00,8114.526005254911,8509.48046875,7899.095833781263,8509.48046875,126354,0.0,0.0
2005-12-19 00:00:00+09:00,8509.480593212471,8689.005617179648,8078.620973283223,8473.576171875,84082,0.0,0.0
2005-12-20 00:00:00+09:00,8509.48135186788,8653.101237981937,8186.33642578125,8186.33642578125,59438,0.0,0.0
2005-12-21 00:00:00+09:00,8294.053011040525,8365.862599166352,7827.288135602229,8150.43310546875,97705,0.0,0.0
2005-12-22 00:00:00+09:00,8258.146264815248,8258.146264815248,7324.616693395436,7540.046875,187798,0.0,0.0
2005-12-23 00:00:00+09:00,7216.902191945269,7683.6669921875,7116.367617853096,7683.6669921875,137329,0.0,0.0
2005-12-26 00:00:00+09:00,7755.476327284586,7863.191053426878,7540.046875,7540.046875,87918,0.0,0.0
2005-12-27 00:00:00+09:00,7683.666018480251,8545.38520388668,7540.046154245847,7755.4755859375,348000,0.0,0.0
2005-12-28 00:00:00+09:00,8064.0919283004,8064.0919283004,7664.519416862049,7773.494140625,111484,120.0,0.0
2005-12-29 00:00:00+09:00,7700.843786036643,8064.091364141428,7628.194713123396,7918.79248046875,219292,0.0,0.0
2006-01-02 00:00:00+09:00,7846.142971769553,8354.689453125,7700.844082503169,8354.689453125,151632,0.0,0.0
2006-01-03 00:00:00+09:00,8354.68892337818,8391.01382785307,7918.792283217984,8136.740234375,140348,0.0,0.0
2006-01-04 00:00:00+09:00,8282.039765156402,8282.039765156402,7809.818183418401,8064.091796875,196432,0.0,0.0
2006-01-05 00:00:00+09:00,7882.467378743093,8136.740234375,7700.8435942148035,8136.740234375,138187,0.0,0.0
2006-01-06 00:00:00+09:00,8100.416269521143,8354.689131486783,7918.79248046875,7918.79248046875,103580,0.0,0.0
2006-01-09 00:00:00+09:00,7918.792818516662,8100.416615322451,7882.467911586261,7991.44189453125,35334,0.0,0.0
2006-01-10 00:00:00+09:00,7955.116763858858,8027.766575676344,7337.596314795001,7628.19482421875,212301,0.0,0.0
2006-01-11 00:00:00+09:00,7482.895200583779,7737.1688040987865,7264.947240823707,7628.19482421875,145659,0.0,0.0
2006-01-12 00:00:00+09:00,7955.116954257788,8354.689453125,7773.493896059466,8354.689453125,162125,0.0,0.0
2006-01-13 00:00:00+09:00,8209.39022468815,8463.6630859375,8136.740414133375,8463.6630859375,71102,0.0,0.0
2006-01-16 00:00:00+09:00,8427.337789229467,8608.961569334211,8100.4158704563,8536.3125,67811,0.0,0.0
2006-01-17 00:00:00+09:00,8681.610474941654,8790.58443654925,8318.362952454901,8427.3369140625,96169,0.0,0.0
2006-01-18 00:00:00+09:00,8391.01382785307,8391.01382785307,7555.544714161404,8136.740234375,84180,0.0,0.0
2006-01-19 00:00:00+09:00,8136.740234375,8354.68892337818,7809.817569793311,8136.740234375,130191,0.0,0.0
2006-01-20 00:00:00+09:00,8282.039441345158,8282.039441345158,7591.869918310007,7628.19482421875,56297,0.0,0.0
2006-01-23 00:00:00+09:00,7264.947267322511,7264.947267322511,6502.1279296875,6502.1279296875,125646,0.0,0.0
2006-01-24 00:00:00+09:00,6393.153289744194,6756.400878906249,5906.4020515163065,6756.40087890625,267706,0.0,0.0
2006-01-25 00:00:00+09:00,6582.041836024844,7482.895226129109,6582.041836024844,7264.947265625,77106,0.0,0.0
2006-01-26 00:00:00+09:00,7410.246126612486,7628.19482421875,6901.699657428664,7628.19482421875,55556,0.0,0.0
2006-01-27 00:00:00+09:00,7628.194149365168,7846.14208984375,7628.194149365168,7846.14208984375,45348,0.0,0.0
2006-01-31 00:00:00+09:00,7991.441784613929,8100.41650390625,7773.49382172169,8100.41650390625,40158,0.0,0.0
2006-02-01 00:00:00+09:00,7846.143523302392,7846.143523302392,7076.059282274026,7163.23876953125,329310,0.0,0.0
2006-02-02 00:00:00+09:00,7235.887451436249,8209.390688344674,7119.648633398997,8064.091796875,263097,0.0,0.0
2006-02-03 00:00:00+09:00,8064.09170839205,8282.039674282028,7664.519207850071,7991.44189453125,171032,0.0,0.0
2006-02-06 00:00:00+09:00,7591.867447244387,8427.335584133038,7591.867447244387,8209.3876953125,48843,0.0,0.0
2006-02-07 00:00:00+09:00,7882.468149595116,8499.988634672927,7882.468149595116,8391.0146484375,69780,0.0,0.0
2006-02-08 00:00:00+09:00,8536.31026638926,8754.258155209798,7955.114174560602,8209.3876953125,32746,0.0,0.0
2006-02-09 00:00:00+09:00,8572.635160474667,8572.635160474667,7955.114174560602,8209.3876953125,12218,0.0,0.0
2006-02-10 00:00:00+09:00,8282.036745637362,8318.361639722769,7918.790018321148,8209.3876953125,23058,0.0,0.0
2006-02-13 00:00:00+09:00,8209.3876953125,8354.686533808177,8027.7639627314165,8209.3876953125,15662,0.0,0.0
2006-02-14 00:00:00+09:00,8282.039352294334,8318.3642578125,7991.441583841365,8318.3642578125,23359,0.0,0.0
2006-02-15 00:00:00+09:00,8354.689856123145,8354.689856123145,7991.442246512411,8282.0400390625,20001,0.0,0.0
2006-02-16 00:00:00+09:00,7991.443146376885,8282.040971649307,7991.443146376885,8245.716796875,14262,0.0,0.0
2006-02-17 00:00:00+09:00,8245.716745378582,8863.2373046875,8245.716745378582,8863.2373046875,68029,0.0,0.0
2006-02-20 00:00:00+09:00,8863.234430979852,8899.55859375,8427.337099277238,8899.55859375,39297,0.0,0.0
2006-02-21 00:00:00+09:00,8899.558792724001,9190.157266304897,8717.935761274332,9044.8583984375,87670,0.0,0.0
2006-02-22 00:00:00+09:00,9226.4842150863,9262.809127480077,7700.845273010897,8863.2373046875,70208,0.0,0.0
2006-02-23 00:00:00+09:00,8863.235404007612,8899.559570765514,8645.286714229362,8717.9365234375,53254,0.0,0.0
2006-02-24 00:00:00+09:00,8681.61328125,8899.561274916305,8681.61328125,8681.61328125,9617,0.0,0.0
2006-02-27 00:00:00+09:00,8536.313071051032,8899.559917714387,8463.663259010646,8790.5859375,35809,0.0,0.0
2006-02-28 00:00:00+09:00,8899.561274916305,8972.211098035943,8608.963458130362,8681.61328125,30136,0.0,0.0
2006-03-02 00:00:00+09:00,8572.638034692494,8863.235809114918,8536.31312842814,8645.287109375,20968,0.0,0.0
2006-03-03 00:00:00+09:00,8645.287169471232,8645.287169471232,8354.689393028768,8499.98828125,20922,0.0,0.0
2006-03-06 00:00:00+09:00,8245.715027568182,8572.6376953125,8245.715027568182,8572.6376953125,22950,0.0,0.0
2006-03-07 00:00:00+09:00,8173.065598290676,8499.98828125,8173.065598290676,8499.98828125,15941,0.0,0.0
2006-03-08 00:00:00+09:00,8354.689393028768,8536.313187766858,8354.689393028768,8499.98828125,11570,0.0,0.0
2006-03-09 00:00:00+09:00,8427.338818618486,8499.988634672927,8282.039924355839,8391.0146484375,11844,0.0,0.0
2006-03-10 00:00:00+09:00,8209.390563858617,8354.689453125,8209.390563858617,8354.689453125,10698,0.0,0.0
2006-03-13 00:00:00+09:00,8391.01570951121,8391.01570951121,8100.41788423879,8245.716796875,17127,0.0,0.0
2006-03-14 00:00:00+09:00,8136.740873686726,8245.71559567365,7918.792905405324,8064.091796875,28110,0.0,0.0
2006-03-15 00:00:00+09:00,8064.088856816824,8282.036745637362,8027.7639627314165,8209.3876953125,13380,0.0,0.0
2006-03-16 00:00:00+09:00,8282.036745637362,8282.036745637362,7991.439068646009,8209.3876953125,26630,0.0,0.0
2006-03-17 00:00:00+09:00,8245.714947799672,8245.714947799672,7955.116449846711,8136.740234375,8546,0.0,0.0
2006-03-20 00:00:00+09:00,8027.7662587964915,8209.390043324782,7991.4413543216015,8136.740234375,6103,0.0,0.0
2006-03-21 00:00:00+09:00,7991.4413543216015,8136.740234375,7918.792283217984,8136.740234375,14217,0.0,0.0
2006-03-22 00:00:00+09:00,7991.44189453125,7991.44189453125,7700.8441147804715,7991.44189453125,25901,0.0,0.0
2006-03-23 00:00:00+09:00,7882.467575089036,7991.441553381998,7737.168691416358,7918.79248046875,14768,0.0,0.0
2006-03-24 00:00:00+09:00,7737.169145794204,7737.169145794204,7519.220438562704,7700.84423828125,38170,0.0,0.0
2006-03-27 00:00:00+09:00,7882.468037999795,7882.468037999795,7555.545346075658,7700.84423828125,9237,0.0,0.0
2006-03-28 00:00:00+09:00,7519.21858676124,7700.842341750253,7337.594831772227,7410.24462890625,51313,0.0,0.0
2006-03-29 00:00:00+09:00,7373.921220703743,7628.19482421875,7235.887168527474,7628.19482421875,25747,0.0,0.0
2006-03-30 00:00:00+09:00,7519.219433909535,7628.194141888138,7337.595658457989,7482.89453125,17122,0.0,0.0
2006-03-31 00:00:00+09:00,7410.246521237131,7991.442095343186,7410.246521237131,7955.1171875,28075,0.0,0.0
2006-04-03 00:00:00+09:00,7955.117115179479,7955.117115179479,7664.519330768296,7700.84423828125,8847,0.0,0.0
2006-04-04 00:00:00+09:00,7809.817878070079,7809.817878070079,7555.545012401265,7628.19482421875,13446,0.0,0.0
2006-04-05 00:00:00+09:00,7664.518880656929,7991.441553381998,7555.544902363966,7918.79248046875,8050,0.0,0.0
2006-04-06 00:00:00+09:00,7410.24462890625,7737.167240317263,7264.945772484248,7410.24462890625,73206,0.0,0.0
2006-04-07 00:00:00+09:00,7482.89453125,7482.89453125,7206.827189437468,7482.89453125,43888,0.0,0.0
2006-04-10 00:00:00+09:00,7446.570854980827,7446.570854980827,7264.947067613562,7301.27197265625,28299,0.0,0.0
2006-04-11 00:00:00+09:00,7214.0926923176285,7264.947265625,7206.827858680317,7264.947265625,24356,0.0,0.0
2006-04-12 00:00:00+09:00,7083.322815533502,7482.89453125,7083.322815533502,7482.89453125,42437,0.0,0.0
2006-04-13 00:00:00+09:00,7301.273200199468,7519.22119140625,7301.273200199468,7519.22119140625,16893,0.0,0.0
2006-04-14 00:00:00+09:00,7519.220106492522,7809.817878070079,7410.246126612486,7628.19482421875,24315,0.0,0.0
2006-04-17 00:00:00+09:00,7809.81752774371,7809.81752774371,7555.544673480858,7737.16845703125,10473,0.0,0.0
2006-04-18 00:00:00+09:00,7700.843216909319,7882.46699253889,7555.54434397489,7846.14208984375,13670,0.0,0.0
2006-04-19 00:00:00+09:00,7882.46699253889,7882.46699253889,7664.5183142141805,7846.14208984375,11713,0.0,0.0
2006-04-20 00:00:00+09:00,7664.5183142141805,7991.440962778181,7482.89453858461,7846.14208984375,26094,0.0,0.0
2006-04-21 00:00:00+09:00,7846.141795865372,7846.141795865372,7555.544060884595,7809.81689453125,14094,0.0,0.0
2006-04-24 00:00:00+09:00,7555.544060884595,7809.816894531249,7482.894258216351,7809.81689453125,10457,0.0,0.0
2006-04-25 00:00:00+09:00,7555.54434397489,7918.791895234029,7555.54434397489,7846.14208984375,5828,0.0,0.0
2006-04-26 00:00:00+09:00,7700.8441992777,8064.091796874999,7700.8441992777,8064.091796875,11411,0.0,0.0
2006-04-27 00:00:00+09:00,7809.818183418401,8064.091796874999,7809.818183418401,8064.091796875,21650,0.0,0.0
2006-04-28 00:00:00+09:00,8136.740784406638,8136.740784406638,7809.81809772546,7991.44189453125,26379,0.0,0.0
2006-05-02 00:00:00+09:00,7991.44189453125,8064.09170839205,7773.493928641273,7991.44189453125,34035,0.0,0.0
2006-05-03 00:00:00+09:00,7991.440962778181,7991.440962778181,7846.14208984375,7846.14208984375,24478,0.0,0.0
2006-05-04 00:00:00+09:00,7809.81718714861,7846.14208984375,7591.869246670029,7846.14208984375,12403,0.0,0.0
2006-05-08 00:00:00+09:00,7846.141198172254,7846.141198172254,7410.24462890625,7410.24462890625,24448,0.0,0.0
2006-05-09 00:00:00+09:00,7482.89453125,7482.89453125,7257.681758022366,7482.89453125,38039,0.0,0.0
2006-05-10 00:00:00+09:00,7482.89453125,7664.518306701545,7337.595658457989,7482.89453125,67840,0.0,0.0
2006-05-11 00:00:00+09:00,7373.921220703743,7628.19482421875,7373.921220703743,7628.19482421875,12959,0.0,0.0
2006-05-12 00:00:00+09:00,7773.4940533071585,8209.390729923933,7482.89553104975,7700.84423828125,21382,0.0,0.0
2006-05-15 00:00:00+09:00,7482.895200583779,7628.19482421875,7337.596314795001,7628.19482421875,11269,0.0,0.0
2006-05-16 00:00:00+09:00,7991.440851151839,7991.440851151839,7446.570269720139,7591.869140625,13943,0.0,0.0
2006-05-17 00:00:00+09:00,7410.246664186503,7882.46826171875,7410.246664186503,7882.46826171875,25189,0.0,0.0
2006-05-18 00:00:00+09:00,7591.870338866316,7882.468126541717,7337.596721265666,7773.494140625,6776,0.0,0.0
2006-05-19 00:00:00+09:00,7773.494140625,7846.143218620733,7555.545430945333,7773.494140625,16482,0.0,0.0
2006-05-22 00:00:00+09:00,7482.89553104975,7809.818222973887,7482.89553104975,7700.84423828125,1970,0.0,0.0
2006-05-23 00:00:00+09:00,7446.569527473261,7700.842341750253,7097.851681783623,7410.24462890625,61584,0.0,0.0
2006-05-24 00:00:00+09:00,7192.29736328125,7410.246058895846,7097.853051489289,7192.29736328125,19672,0.0,0.0
2006-05-25 00:00:00+09:00,7373.922345529554,7373.922345529554,7054.264452894816,7185.03369140625,8777,0.0,0.0
2006-05-26 00:00:00+09:00,7155.973195550639,7264.947174434844,6974.349405512839,7192.29736328125,13567,0.0,0.0
2006-05-29 00:00:00+09:00,7206.82776821968,7264.947174434844,7083.323384397045,7192.29736328125,7344,0.0,0.0
2006-05-30 00:00:00+09:00,7003.408739697328,7192.29736328125,7003.408739697328,7192.29736328125,5750,0.0,0.0
2006-06-01 00:00:00+09:00,7192.296071367872,7192.296071367872,6945.2880859375,6945.2880859375,3646,0.0,0.0
2006-06-02 00:00:00+09:00,6879.905355856686,7039.7339134996655,6538.452263409525,6829.05078125,34713,0.0,0.0
2006-06-05 00:00:00+09:00,6829.051216663634,6829.051216663634,6611.102498848633,6821.78564453125,10153,0.0,0.0
2006-06-07 00:00:00+09:00,6611.102498848633,6821.785644531249,6393.153781033633,6821.78564453125,12204,0.0,0.0
2006-06-08 00:00:00+09:00,6814.519361120833,6974.3486328125,6502.127126170947,6974.3486328125,5133,0.0,0.0
2006-06-09 00:00:00+09:00,7046.99951171875,7046.99951171875,6669.222209179028,7046.99951171875,2456,0.0,0.0
2006-06-12 00:00:00+09:00,7228.6222688580465,7228.6222688580465,6887.169927267001,7192.29736328125,6846,0.0,0.0
2006-06-13 00:00:00+09:00,7119.6484375,7119.6484375,6945.289477395433,7119.6484375,4558,0.0,0.0
2006-06-14 00:00:00+09:00,7119.649111728384,7119.649111728384,6945.29013511208,7112.38427734375,5439,0.0,0.0
2006-06-15 00:00:00+09:00,7046.997485282064,7119.647286192949,6938.02352176182,7097.85205078125,7210,0.0,0.0
2006-06-16 00:00:00+09:00,7264.947324971739,7264.947324971739,7010.673718511545,7119.6484375,11834,0.0,0.0
2006-06-19 00:00:00+09:00,7119.6479706567,7119.6479706567,6531.18688781294,6879.90478515625,26918,0.0,0.0
2006-06-20 00:00:00+09:00,6698.280654531674,6865.3740234375,6661.955752475237,6865.3740234375,6709,0.0,0.0
2006-06-21 00:00:00+09:00,6720.075775099817,6865.374658929,6661.9563691373805,6792.7255859375,26614,0.0,0.0
2006-06-22 00:00:00+09:00,6792.725861899087,6799.9906957087605,6538.452251483249,6582.0419921875,55562,0.0,0.0
2006-06-23 00:00:00+09:00,6611.102454788322,6611.102454788322,6335.034326677957,6538.45263671875,8109,0.0,0.0
2006-06-26 00:00:00+09:00,6393.15380859375,6538.452708481363,6000.846852681822,6393.15380859375,47413,0.0,0.0
2006-06-27 00:00:00+09:00,6393.153367533581,6393.153367533581,6102.555587806539,6276.91455078125,24113,0.0,0.0
2006-06-28 00:00:00+09:00,6175.205759909656,6538.45263671875,6073.496235966132,6538.45263671875,12123,0.0,0.0
2006-06-29 00:00:00+09:00,6429.478289400474,6429.478289400474,6247.8544921875,6247.8544921875,38424,0.0,0.0
2006-06-30 00:00:00+09:00,6291.443332804108,6465.802271235332,5884.606424669675,5957.255859375,83094,0.0,0.0
2006-07-03 00:00:00+09:00,5942.7268839409435,6015.376327083346,5448.71044921875,5448.71044921875,75123,0.0,0.0
2006-07-04 00:00:00+09:00,5230.7615273147285,5230.7615273147285,4635.03564453125,4635.03564453125,294146,0.0,0.0
2006-07-05 00:00:00+09:00,4177.344127307647,4678.625334043032,4119.224358584718,4569.6513671875,947941,0.0,0.0
2006-07-06 00:00:00+09:00,4613.2412109375,4773.070130344908,4489.737196863949,4613.2412109375,209779,0.0,0.0
2006-07-07 00:00:00+09:00,4649.565604307678,4947.428540909109,4576.916170562483,4685.89013671875,438572,0.0,0.0
2006-07-10 00:00:00+09:00,4620.506216294906,4722.215356614896,4547.85677764876,4649.56591796875,121854,0.0,0.0
2006-07-11 00:00:00+09:00,4635.03534014986,4707.684770292554,4526.061379397333,4627.7705078125,171020,0.0,0.0
2006-07-12 00:00:00+09:00,4649.5665766025895,4693.1563197495925,4547.857421875,4547.857421875,81745,0.0,0.0
2006-07-13 00:00:00+09:00,4547.856854759,4642.30116349263,4511.531950358491,4598.71142578125,70231,0.0,0.0
2006-07-14 00:00:00+09:00,4518.7958984375,4613.240188669498,4431.6168090162,4518.7958984375,56797,0.0,0.0
2006-07-18 00:00:00+09:00,4438.882104161417,4540.591236895832,4249.993503984336,4351.70263671875,47221,0.0,0.0
2006-07-19 00:00:00+09:00,4358.968513026445,4467.942495275166,4300.84873609377,4344.4384765625,29706,0.0,0.0
2006-07-20 00:00:00+09:00,4402.557262685986,4649.565634143094,4380.762764453321,4569.6513671875,75825,0.0,0.0
2006-07-21 00:00:00+09:00,4504.266746170582,4642.30078125,4504.266746170582,4642.30078125,13273,0.0,0.0
2006-07-24 00:00:00+09:00,4584.181012779327,4678.625313736501,4518.796411595963,4642.30078125,31101,0.0,0.0
2006-07-25 00:00:00+09:00,4707.685561681061,4780.335004036536,4627.771285766965,4664.09619140625,64158,0.0,0.0
2006-07-26 00:00:00+09:00,4693.155855102749,4722.215558015981,4576.916674526733,4613.2412109375,58623,0.0,0.0
2006-07-27 00:00:00+09:00,4562.387441992018,4664.09697348283,4497.002822231458,4576.91748046875,39975,0.0,0.0
2006-07-28 00:00:00+09:00,4482.4733311598075,4591.4473328433505,4475.20849609375,4475.20849609375,12619,0.0,0.0
2006-07-31 00:00:00+09:00,4511.532167924663,4664.096257271811,4497.002131679139,4656.8310546875,33755,0.0,0.0
2006-08-01 00:00:00+09:00,4649.56591796875,4736.745391913356,4547.85677764876,4649.56591796875,64045,0.0,0.0
2006-08-02 00:00:00+09:00,4664.0968449129705,4700.42138671875,4540.592443573143,4700.42138671875,49118,0.0,0.0
2006-08-03 00:00:00+09:00,4693.155852250784,4802.129830339952,4678.625816341452,4780.3349609375,47299,0.0,0.0
2006-08-04 00:00:00+09:00,4787.6004321913915,4823.9249706198125,4722.2158203125,4722.2158203125,57596,0.0,0.0
2006-08-07 00:00:00+09:00,4765.805346026891,4911.1042310155135,4722.215606745686,4802.1298828125,50169,0.0,0.0
2006-08-08 00:00:00+09:00,4816.660557126405,5020.079244418926,4816.660557126405,4867.51513671875,130858,0.0,0.0
2006-08-09 00:00:00+09:00,4867.515062808154,5085.463415861547,4867.515062808154,5012.81396484375,165591,0.0,0.0
2006-08-10 00:00:00+09:00,5085.463388568186,5376.061560002893,5049.138847715807,5303.412109375,889004,0.0,0.0
2006-08-11 00:00:00+09:00,5339.736650227379,5485.035551483164,5201.702583357442,5303.412109375,539026,0.0,0.0
2006-08-14 00:00:00+09:00,5376.060252503517,5376.060252503517,5092.727353286544,5339.7353515625,199013,0.0,0.0
2006-08-16 00:00:00+09:00,5238.0269534288545,5485.034986328403,5238.0269534288545,5448.71044921875,109127,0.0,0.0
2006-08-17 00:00:00+09:00,5383.326017919538,5463.240297344678,5172.642515155322,5317.94140625,109846,0.0,0.0
2006-08-18 00:00:00+09:00,5267.086831259174,5419.650925154762,5158.112478476611,5317.94140625,85406,0.0,0.0
2006-08-21 00:00:00+09:00,5405.120799696384,5477.770244050448,5230.76220703125,5230.76220703125,44624,0.0,0.0
2006-08-22 00:00:00+09:00,5267.087163775283,5477.770679840146,5230.762623169967,5376.0615234375,168633,0.0,0.0
2006-08-23 00:00:00+09:00,5390.590763256329,5434.180503653389,5223.497004349671,5230.76220703125,112570,0.0,0.0
2006-08-24 00:00:00+09:00,5238.027046038391,5376.061101126359,5121.787861170792,5368.7958984375,161328,0.0,0.0
2006-08-25 00:00:00+09:00,5368.796216320794,5724.778625766857,5368.796216320794,5594.009765625,137442,0.0,0.0
2006-08-28 00:00:00+09:00,5673.923808429857,5673.923808429857,5543.154953822114,5579.4794921875,73126,0.0,0.0
2006-08-29 00:00:00+09:00,5652.12886440556,5659.394067122732,5376.0611220768915,5463.240234375,96577,0.0,0.0
2006-08-30 00:00:00+09:00,5412.385386223342,5485.0348272588635,5347.000778614446,5383.32568359375,85303,0.0,0.0
2006-08-31 00:00:00+09:00,5441.445446728302,5492.300390828596,5376.061203742274,5412.3857421875,105014,0.0,0.0
2006-09-01 00:00:00+09:00,5426.915865986204,5623.0693359375,5426.915865986204,5623.0693359375,54896,0.0,0.0
2006-09-04 00:00:00+09:00,5732.043828885884,5732.043828885884,5535.88998528841,5594.009765625,174470,0.0,0.0
2006-09-05 00:00:00+09:00,5601.274317030958,5768.368077562559,5550.419742380876,5681.18896484375,174201,0.0,0.0
2006-09-06 00:00:00+09:00,5739.308627971458,6015.3767528043745,5652.129142461458,5666.6591796875,352415,0.0,0.0
2006-09-07 00:00:00+09:00,5594.0091719896745,5594.0091719896745,5405.120551556058,5550.41943359375,157459,0.0,0.0
2006-09-08 00:00:00+09:00,5506.829046317331,5557.683612145921,5463.239313057669,5485.0341796875,107152,0.0,0.0
2006-09-11 00:00:00+09:00,5514.095589368595,5579.479836242792,5376.0615234375,5376.0615234375,101385,0.0,0.0
2006-09-12 00:00:00+09:00,5317.941741976607,5448.710973571266,5296.146870044164,5376.0615234375,61316,0.0,0.0
2006-09-13 00:00:00+09:00,5448.710492916026,5448.710492916026,5347.0009765625,5347.0009765625,108899,0.0,0.0
2006-09-14 00:00:00+09:00,5339.736650227379,5405.121266469423,5296.146906066016,5303.412109375,105250,0.0,0.0
2006-09-15 00:00:00+09:00,5310.6776413353755,5412.3868117896245,5288.882766391867,5361.5322265625,64747,0.0,0.0
2006-09-18 00:00:00+09:00,5376.060618130333,5572.214063567731,5376.060618130333,5535.88916015625,51773,0.0,0.0
2006-09-19 00:00:00+09:00,5514.094630644175,5586.744068146531,5419.6503249988045,5441.44482421875,29953,0.0,0.0
2006-09-20 00:00:00+09:00,5405.121832758031,5470.50645585035,5194.4382931871205,5296.1474609375,82882,0.0,0.0
2006-09-21 00:00:00+09:00,5339.735974512067,5339.735974512067,5143.58251953125,5143.58251953125,61672,0.0,0.0
2006-09-22 00:00:00+09:00,5070.933192501845,5085.4628597626925,4838.454827097305,4852.98486328125,90382,0.0,0.0
2006-09-25 00:00:00+09:00,4925.634267083614,4925.634267083614,4758.540512454389,4802.1298828125,73087,0.0,0.0
2006-09-26 00:00:00+09:00,4823.925330100061,4860.250240158535,4729.481006655793,4751.27587890625,36225,0.0,0.0
2006-09-27 00:00:00+09:00,4729.480822075997,4882.044921875,4722.215987917085,4882.044921875,42267,0.0,0.0
2006-09-28 00:00:00+09:00,4838.455179075285,4976.489241633341,4831.190344916374,4882.044921875,62116,0.0,0.0
2006-09-29 00:00:00+09:00,4889.309550156512,4925.634457267759,4794.865234375,4794.865234375,30876,0.0,0.0
2006-10-02 00:00:00+09:00,4794.864795261043,4860.249400719497,4635.03588267029,4649.56591796875,67690,0.0,0.0
2006-10-04 00:00:00+09:00,4649.565634143094,4649.565634143094,4489.736731308853,4569.6513671875,64815,0.0,0.0
2006-10-09 00:00:00+09:00,4569.65224314269,4613.241616886705,3995.7211232562054,4141.02001953125,133988,0.0,0.0
2006-10-10 00:00:00+09:00,4141.019609760188,4279.053658239376,4141.019609760188,4257.2587890625,131853,0.0,0.0
2006-10-11 00:00:00+09:00,4177.344502100449,4431.617729115261,4148.284799593263,4286.31884765625,62890,0.0,0.0
2006-10-12 00:00:00+09:00,4322.643606328135,4388.02821703123,4242.7293280842,4344.4384765625,46411,0.0,0.0
2006-10-13 00:00:00+09:00,4358.96826171875,4431.617702003806,4315.3785237631,4358.96826171875,69218,0.0,0.0
2006-10-16 00:00:00+09:00,4431.618466176947,4540.592460934091,4366.233847968771,4438.88330078125,40334,0.0,0.0
2006-10-17 00:00:00+09:00,4460.677458195341,4504.267196677331,4329.9082427493695,4380.76318359375,34600,0.0,0.0
2006-10-18 00:00:00+09:00,4337.173365611883,4373.497901065659,4228.199021404393,4264.52392578125,55372,0.0,0.0
2006-10-19 00:00:00+09:00,4271.788811941115,4337.173419274595,4242.72910943393,4286.31884765625,82603,0.0,0.0
2006-10-20 00:00:00+09:00,4671.361325264895,4787.60051429075,4388.028371187457,4409.8232421875,290037,0.0,0.0
2006-10-23 00:00:00+09:00,4453.412827734325,4467.942495275166,4322.643606328135,4344.4384765625,55662,0.0,0.0
2006-10-24 00:00:00+09:00,4380.762593264204,4409.822292028563,4264.52342928373,4308.11279296875,67117,0.0,0.0
2006-10-25 00:00:00+09:00,4279.054734715218,4344.439358694565,4279.054734715218,4300.849609375,32628,0.0,0.0
2006-10-26 00:00:00+09:00,4300.848684713508,4402.557831976736,4300.848684713508,4322.6435546875,41680,0.0,0.0
2006-10-27 00:00:00+09:00,4344.439004076059,4446.148164904162,4249.994677900492,4271.78955078125,107711,0.0,0.0
2006-10-30 00:00:00+09:00,4271.789350721421,4271.789350721421,4126.490450936557,4184.60986328125,54239,0.0,0.0
2006-10-31 00:00:00+09:00,4213.668933198779,4242.72900390625,4148.284696414659,4242.72900390625,29158,0.0,0.0
2006-11-01 00:00:00+09:00,4308.113347844324,4308.113347844324,4199.139371211609,4286.31884765625,52336,0.0,0.0
2006-11-02 00:00:00+09:00,4228.199073718794,4300.848514448299,4228.199073718794,4286.31884765625,24819,0.0,0.0
2006-11-03 00:00:00+09:00,4300.848714610121,4308.113548344251,4213.669234108141,4249.994140625,31935,0.0,0.0
2006-11-06 00:00:00+09:00,4184.610400830553,4315.379648789248,4184.610400830553,4300.849609375,43591,0.0,0.0
2006-11-07 00:00:00+09:00,4366.233265287703,4395.29296875,4315.37869199791,4395.29296875,56031,0.0,0.0
2006-11-08 00:00:00+09:00,4402.557831976736,4409.823034583467,4286.319017346247,4322.6435546875,36258,0.0,0.0
2006-11-09 00:00:00+09:00,4322.644031018071,4388.028648145056,4199.140000171415,4228.19970703125,64603,0.0,0.0
2006-11-10 00:00:00+09:00,4177.344736509012,4264.524217845664,4010.2509765625,4010.2509765625,166124,0.0,0.0
2006-11-13 00:00:00+09:00,4017.5158820693664,4032.0459188591703,3835.8920823508206,3850.422119140625,198745,0.0,0.0
2006-11-14 00:00:00+09:00,3857.6864414244624,3981.1908154494854,3850.4216084546597,3923.071044921875,213165,0.0,0.0
2006-11-15 00:00:00+09:00,3908.5421228766245,3973.9263698952486,3726.9183126794533,3770.508056640625,195515,0.0,0.0
2006-11-16 00:00:00+09:00,3777.7721682845345,3879.4813054543292,3741.447265625,3741.447265625,130444,0.0,0.0
2006-11-17 00:00:00+09:00,3741.447244339736,3755.9772791055,3592.5159559136614,3603.41357421875,242633,0.0,0.0
2006-11-20 00:00:00+09:00,3588.883967825169,3607.0464212194947,3458.1147460937495,3458.11474609375,148047,0.0,0.0
2006-11-21 00:00:00+09:00,3454.4822518964397,3541.6617310998504,3414.5252980307905,3418.15771484375,145507,0.0,0.0
2006-11-22 00:00:00+09:00,3414.5253162689137,3454.4822703479863,3363.67037384656,3450.849853515625,213909,0.0,0.0
2006-11-23 00:00:00+09:00,3476.2772510206587,3559.8243165192016,3447.2175465128175,3479.90966796875,289023,0.0,0.0
2006-11-24 00:00:00+09:00,3483.5419000356305,3501.703981888727,3443.584582112714,3487.17431640625,119461,0.0,0.0
2006-11-27 00:00:00+09:00,3487.175213881481,3607.0468295778815,3487.175213881481,3523.499755859375,96579,0.0,0.0
2006-11-28 00:00:00+09:00,3523.4993569594594,3527.1317738537036,3421.7902082282035,3458.11474609375,109137,0.0,0.0
2006-11-29 00:00:00+09:00,3465.379776194422,3973.9258634430735,3465.379776194422,3588.8837890625,1403386,0.0,0.0
2006-11-30 00:00:00+09:00,3639.7384733922268,3639.7384733922268,3505.3368373070316,3617.943603515625,278685,0.0,0.0
2006-12-04 00:00:00+09:00,3530.7649593934716,3577.987122210937,3519.8673385539005,3523.499755859375,103026,0.0,0.0
2006-12-05 00:00:00+09:00,3523.4993602570185,3556.191850182022,3516.234526461731,3519.866943359375,58801,0.0,0.0
2006-12-06 00:00:00+09:00,3501.7044153873576,3534.39690461625,3399.9952687265754,3403.627685546875,191483,0.0,0.0
2006-12-07 00:00:00+09:00,3392.730601835066,3425.422723747644,3301.918701171875,3301.918701171875,138862,0.0,0.0
2006-12-08 00:00:00+09:00,3269.225815233344,3269.225815233344,3214.7388289897094,3222.003662109375,103105,0.0,0.0
2006-12-11 00:00:00+09:00,3211.1070409571284,3254.6967860533196,3196.5770029506834,3240.166748046875,85318,0.0,0.0
2006-12-12 00:00:00+09:00,3218.3713579845344,3236.533810341282,3076.705078125,3076.705078125,150285,0.0,0.0
2006-12-13 00:00:00+09:00,3051.277800993182,3167.5169869387123,3051.277800993182,3123.92724609375,74597,0.0,0.0
2006-12-14 00:00:00+09:00,3123.92720880385,3294.6537532291973,3109.3975413110397,3211.106689453125,128234,0.0,0.0
2006-12-15 00:00:00+09:00,3211.106753000675,3341.8759765625,3196.576716297213,3341.8759765625,76383,0.0,0.0
2006-12-18 00:00:00+09:00,3338.2431161037543,3483.5423731224378,3305.550995405334,3378.200439453125,85278,0.0,0.0
2006-12-19 00:00:00+09:00,3367.3031888613523,3418.157762802495,3305.550995405334,3378.200439453125,54301,0.0,0.0
2006-12-20 00:00:00+09:00,3349.140735618629,3414.5253459385713,3349.140735618629,3378.200439453125,70951,0.0,0.0
2006-12-21 00:00:00+09:00,3414.5246471932605,3490.8064924947257,3399.9946137878746,3472.64404296875,130331,0.0,0.0
2006-12-22 00:00:00+09:00,3487.1753035378592,3516.2350116519383,3363.6708984375,3363.6708984375,57947,0.0,0.0
2006-12-26 00:00:00+09:00,3381.832868728834,3429.055025979365,3269.226100918391,3272.85888671875,61696,0.0,0.0
2006-12-27 00:00:00+09:00,3363.2607421875,3428.232824707031,3351.7950805664063,3363.2607421875,31280,50.0,1.04
2006-12-28 00:00:00+09:00,3405.3020363729506,3497.02734375,3370.905046106557,3497.02734375,24967,0.0,0.0
2007-01-02 00:00:00+09:00,3470.274306852921,3527.6026269000513,3428.2335388183596,3516.136962890625,18268,0.0,0.0
2007-01-03 00:00:00+09:00,3523.780125903058,3619.3273093602993,3500.84880187332,3554.355224609375,36136,0.0,0.0
2007-01-04 00:00:00+09:00,3607.861822747565,3607.861822747565,3493.2051970246553,3531.424072265625,21214,0.0,0.0
2007-01-05 00:00:00+09:00,3554.355493136966,3554.355493136966,3351.7954489044287,3443.520751953125,39804,0.0,0.0
2007-01-08 00:00:00+09:00,3286.8233600484914,3401.4799888873927,3240.9607085129314,3325.042236328125,64254,0.0,0.0
2007-01-09 00:00:00+09:00,3317.398786727242,3542.890178912619,3248.6048026706862,3516.136962890625,83617,0.0,0.0
2007-01-10 00:00:00+09:00,3569.643551475124,3569.643551475124,3374.7272547671673,3485.56201171875,53717,0.0,0.0
2007-01-11 00:00:00+09:00,3485.5615150549893,3577.2868180827522,3485.5615150549893,3561.999267578125,41229,0.0,0.0
2007-01-12 00:00:00+09:00,3630.7935487751174,3691.9437559123826,3550.533901907457,3661.36865234375,141328,0.0,0.0
2007-01-15 00:00:00+09:00,3722.5184991894225,3722.5184991894225,3646.0807476660257,3665.190185546875,56666,0.0,0.0
2007-01-16 00:00:00+09:00,3661.3684249250855,3691.943526594606,3577.286895333904,3626.971435546875,32411,0.0,0.0
2007-01-17 00:00:00+09:00,3626.970805329213,3737.8055296227294,3561.9987255709443,3733.983642578125,72103,0.0,0.0
2007-01-18 00:00:00+09:00,3756.9159277244707,3928.9008888105354,3691.94383131418,3768.381591796875,152370,0.0,0.0
2007-01-19 00:00:00+09:00,3695.76548541803,3737.8062510225786,3646.0809442490186,3649.90283203125,63868,0.0,0.0
2007-01-22 00:00:00+09:00,3649.9026981889574,3707.2310128201975,3604.0400464839654,3646.080810546875,47244,0.0,0.0
2007-01-23 00:00:00+09:00,3649.9024080666163,3730.162042170699,3523.780125903058,3554.355224609375,65746,0.0,0.0
2007-01-24 00:00:00+09:00,3531.424150878387,3630.7932287169565,3531.424150878387,3596.396240234375,17259,0.0,0.0
2007-01-25 00:00:00+09:00,3634.6149078957274,3638.4367952857333,3531.4239483655647,3569.642822265625,48836,0.0,0.0
2007-01-26 00:00:00+09:00,3516.1369662996776,3623.149830491407,3516.1369662996776,3558.177734375,28100,0.0,0.0
2007-01-29 00:00:00+09:00,3523.7802350687903,3558.177222179006,3508.4926852420276,3550.533447265625,31326,0.0,0.0
2007-01-30 00:00:00+09:00,3584.9305615181243,3584.9305615181243,3466.452046158783,3512.314697265625,19760,0.0,0.0
2007-01-31 00:00:00+09:00,3516.1363988055405,3584.930371825649,3512.3145114155345,3569.642822265625,25771,0.0,0.0
2007-02-01 00:00:00+09:00,3569.643449582027,3657.546875,3569.643449582027,3657.546875,35305,0.0,0.0
2007-02-02 00:00:00+09:00,3714.8741683010244,3703.408507287749,3653.7239762302256,3684.299072265625,36404,0.0,0.0
2007-02-05 00:00:00+09:00,3714.8741683010244,3714.8741683010244,3642.258315216951,3684.299072265625,36404,0.0,0.0
2007-02-06 00:00:00+09:00,3684.299692912274,3810.4219853044992,3684.299692912274,3806.60009765625,62372,0.0,0.0
2007-02-07 00:00:00+09:00,3821.8879851687007,3867.750640990725,3787.4909933021822,3837.175537109375,38629,0.0,0.0
2007-02-08 00:00:00+09:00,3852.462962962963,3883.0380658436216,3707.2312242798357,3714.875,51964,0.0,0.0
2007-02-09 00:00:00+09:00,3672.834175882069,3821.8878000853997,3661.3685124818126,3776.025146484375,40628,0.0,0.0
2007-02-12 00:00:00+09:00,3821.8878235479797,3821.8878235479797,3714.874964488636,3783.6689453125,27688,0.0,0.0
2007-02-13 00:00:00+09:00,3783.6689453125,3821.8878235479797,3760.737618371212,3783.6689453125,35011,0.0,0.0
2007-02-14 00:00:00+09:00,3787.490809884631,3837.1753512857413,3776.0251464843745,3776.025146484375,27206,0.0,0.0
2007-02-15 00:00:00+09:00,3714.8744134670355,3806.5997076267154,3711.052526210382,3760.737060546875,30748,0.0,0.0
2007-02-16 00:00:00+09:00,3745.450371775539,3787.4911412546526,3695.765826027496,3722.51904296875,12531,0.0,0.0
2007-02-20 00:00:00+09:00,3745.4494872549644,3772.202697878214,3737.805712791179,3753.09326171875,35285,0.0,0.0
2007-02-21 00:00:00+09:00,3768.3815533763386,3837.1755371093755,3737.806449494989,3837.175537109375,82301,0.0,0.0
2007-02-22 00:00:00+09:00,3898.3252666986473,3951.8316919278445,3818.0656288548516,3921.256591796875,107237,0.0,0.0
2007-02-23 00:00:00+09:00,3959.4756035862197,3959.4756035862197,3768.3812211737577,3806.60009765625,64056,0.0,0.0
2007-02-26 00:00:00+09:00,3806.599450056646,3867.749642025428,3753.0930320839625,3795.1337890625,23871,0.0,0.0
2007-02-27 00:00:00+09:00,3783.668543111227,3844.818741787772,3772.202880859375,3772.202880859375,50819,0.0,0.0
2007-02-28 00:00:00+09:00,3634.6149615119484,3703.408935546875,3600.2179744944856,3703.408935546875,34759,0.0,0.0
2007-03-05 00:00:00+09:00,3561.9993583832124,3584.9306847247353,3409.123849439727,3432.05517578125,42626,0.0,0.0
2007-03-06 00:00:00+09:00,3432.054940287272,3669.011962890625,3432.054940287272,3669.011962890625,28730,0.0,0.0
2007-03-07 00:00:00+09:00,3669.012299845041,3699.58740234375,3565.8213289118994,3699.58740234375,20221,0.0,0.0
2007-03-08 00:00:00+09:00,3707.231689453125,3707.231689453125,3615.5063693017073,3707.231689453125,10199,0.0,0.0
2007-03-09 00:00:00+09:00,3707.231689453125,3730.1630194909794,3669.0128060567013,3707.231689453125,10199,0.0,0.0
2007-03-12 00:00:00+09:00,3718.6970095691454,3860.1068650203874,3684.3000177026274,3837.175537109375,56249,0.0,0.0
2007-03-13 00:00:00+09:00,3798.956392390999,3875.3941467650634,3756.915627485264,3829.531494140625,46484,0.0,0.0
2007-03-14 00:00:00+09:00,3741.6274334135505,3913.612351190476,3741.6274334135505,3852.462158203125,34145,0.0,0.0
2007-03-15 00:00:00+09:00,3829.5309351140804,4089.41926204797,3829.5309351140804,4035.912841796875,95864,0.0,0.0
2007-03-16 00:00:00+09:00,4119.99435933431,4119.99435933431,3974.762647224195,4035.912841796875,48710,0.0,0.0
2007-03-19 00:00:00+09:00,4051.2009186921296,4242.295301649306,4020.6258174189816,4127.638671875,135191,0.0,0.0
2007-03-20 00:00:00+09:00,4196.432522219037,4227.007622563074,4104.707221186927,4165.857421875,68672,0.0,0.0
2007-03-21 00:00:00+09:00,4204.0760264677165,4204.0760264677165,4020.6254362218524,4158.21337890625,71847,0.0,0.0
2007-03-22 00:00:00+09:00,4104.706956751206,4219.363575654871,4097.063182157629,4158.21337890625,143242,0.0,0.0
2007-03-23 00:00:00+09:00,4158.21337890625,4196.432251874138,4097.063182157629,4158.21337890625,96120,0.0,0.0
2007-03-26 00:00:00+09:00,4173.501557173296,4234.651763139204,4081.776248224432,4204.07666015625,92093,0.0,0.0
2007-03-27 00:00:00+09:00,4204.076511548913,4433.389775815217,4173.501409646739,4395.1708984375,157483,0.0,0.0
2007-03-28 00:00:00+09:00,4387.526339434392,4410.45766176593,4265.225953666186,4303.44482421875,63300,0.0,0.0
2007-03-29 00:00:00+09:00,4234.651613451087,4395.1708984375,4234.651613451087,4395.1708984375,64610,0.0,0.0
2007-03-30 00:00:00+09:00,4433.389584711199,4456.32091014936,4318.732957520392,4334.0205078125,27949,0.0,0.0
2007-04-02 00:00:00+09:00,4395.171337195563,4502.184204535976,4288.158469855149,4295.80224609375,88959,0.0,0.0
2007-04-03 00:00:00+09:00,4265.227317195885,4448.677954494633,4188.7895516547405,4272.87109375,182282,0.0,0.0
2007-04-04 00:00:00+09:00,4295.803065291206,4326.378176076197,4142.9275113662525,4150.5712890625,148102,0.0,0.0
2007-04-05 00:00:00+09:00,4150.569982979383,4211.720185306888,4043.55712890625,4043.55712890625,71616,0.0,0.0
2007-04-06 00:00:00+09:00,4074.1321824596776,4173.501260080645,4028.26953125,4028.26953125,74929,0.0,0.0
2007-04-09 00:00:00+09:00,4028.2690674752903,4074.1317134048,3967.1188729026103,4035.912841796875,56569,0.0,0.0
2007-04-10 00:00:00+09:00,4051.2009186921296,4165.857548466435,4051.2009186921296,4127.638671875,49072,0.0,0.0
2007-04-11 00:00:00+09:00,4158.213959854014,4227.007940807482,4135.2826328695255,4188.7890625,42365,0.0,0.0
2007-04-12 00:00:00+09:00,4204.076613822993,4234.6517164689785,4135.2826328695255,4188.7890625,52546,0.0,0.0
2007-04-13 00:00:00+09:00,4173.501557173296,4242.295538884943,4142.926454190341,4204.07666015625,44989,0.0,0.0
2007-04-16 00:00:00+09:00,4158.213646788991,4196.432522219037,4158.213646788991,4165.857421875,40951,0.0,0.0
2007-04-17 00:00:00+09:00,4181.145454778207,4211.7205586522705,4005.338607502341,4081.7763671875,71596,0.0,0.0
2007-04-18 00:00:00+09:00,4081.775487726385,4081.775487726385,4012.98151883212,4035.912841796875,30004,0.0,0.0
2007-04-19 00:00:00+09:00,4020.625859412488,4089.4198379955915,3951.8318808293848,3982.406982421875,33936,0.0,0.0
2007-04-20 00:00:00+09:00,3974.7632070237523,4005.338308616243,3951.8318808293848,3982.406982421875,74488,0.0,0.0
2007-04-23 00:00:00+09:00,3982.4078778995577,4211.72119140625,3982.4078778995577,4211.72119140625,97532,0.0,0.0
2007-04-24 00:00:00+09:00,4211.72018258231,4341.664362444197,4066.488452148438,4280.51416015625,104403,0.0,0.0
2007-04-25 00:00:00+09:00,4280.514017373646,4288.1577924046705,3990.05056619472,4234.6513671875,35115,0.0,0.0
2007-04-26 00:00:00+09:00,4211.719955962559,4211.719955962559,4051.2006835937495,4051.20068359375,45654,0.0,0.0
2007-04-27 00:00:00+09:00,4020.6261594393727,4158.214126872659,4020.6261594393727,4081.7763671875,27476,0.0,0.0
2007-04-30 00:00:00+09:00,4089.420166015625,4165.8579261280665,4012.9824059031835,4089.420166015625,34450,0.0,0.0
2007-05-02 00:00:00+09:00,4173.501130756578,4173.501130756578,4012.9818564967104,4066.48828125,18672,0.0,0.0
2007-05-03 00:00:00+09:00,4127.6399559737565,4165.858844454995,4066.4897344037754,4150.5712890625,42413,0.0,0.0
2007-05-04 00:00:00+09:00,4158.213773148148,4211.720200376158,4051.2009186921296,4127.638671875,30655,0.0,0.0
2007-05-07 00:00:00+09:00,4127.638349276257,4303.445167856542,4127.638349276257,4257.58251953125,85350,0.0,0.0
2007-05-08 00:00:00+09:00,4318.7333984375,4356.952278069691,4211.720535467367,4318.7333984375,76957,0.0,0.0
2007-05-09 00:00:00+09:00,4379.883784718361,4418.102665911366,4265.227141139346,4295.80224609375,62371,0.0,0.0
2007-05-10 00:00:00+09:00,4303.445754651292,4349.30840923017,4142.926463625223,4288.158203125,77796,0.0,0.0
2007-05-11 00:00:00+09:00,4181.145646332004,4311.08984375,4158.214317375887,4311.08984375,52189,0.0,0.0
2007-05-14 00:00:00+09:00,4249.938869310462,4265.2264192000675,4181.144894807235,4219.36376953125,73991,0.0,0.0
2007-05-15 00:00:00+09:00,4227.007784913489,4272.870437191031,4051.200951182909,4058.8447265625,68737,0.0,0.0
2007-05-16 00:00:00+09:00,4188.788778276586,4188.788778276586,4058.844600848298,4097.0634765625,46170,0.0,0.0
2007-05-17 00:00:00+09:00,4097.063037290893,4127.638134584108,4028.269068381157,4112.3505859375,50877,0.0,0.0
2007-05-18 00:00:00+09:00,4074.132687094433,4288.158419249487,4058.8451347976434,4196.43310546875,81307,0.0,0.0
2007-05-21 00:00:00+09:00,4127.639120133196,4280.514643101093,4127.639120133196,4196.43310546875,31374,0.0,0.0
2007-05-22 00:00:00+09:00,4204.076613822993,4257.583043453467,4089.4199789005474,4188.7890625,31464,0.0,0.0
2007-05-23 00:00:00+09:00,4249.93943849485,4249.93943849485,4058.8450392819523,4081.7763671875,32606,0.0,0.0
2007-05-25 00:00:00+09:00,4081.7757830925702,4081.7757830925702,3936.544060473172,4051.20068359375,27142,0.0,0.0
2007-05-28 00:00:00+09:00,4028.269578324374,4089.4197806518787,3982.4069265787452,4043.55712890625,15967,0.0,0.0
2007-05-29 00:00:00+09:00,4058.8448656817386,4257.583032362953,4058.8448656817386,4104.70751953125,65344,0.0,0.0
2007-05-30 00:00:00+09:00,4051.2009041971883,4165.8575335612595,4035.9133536153117,4043.55712890625,76603,0.0,0.0
2007-05-31 00:00:00+09:00,4066.4888379818926,4204.076806184287,4020.6261819144274,4089.420166015625,52144,0.0,0.0
2007-06-01 00:00:00+09:00,4089.420023970171,4441.033708274148,4089.420023970171,4204.07666015625,425733,0.0,0.0
2007-06-04 00:00:00+09:00,4341.664491835585,4341.664491835585,4158.213879504504,4242.29541015625,90890,0.0,0.0
2007-06-05 00:00:00+09:00,4204.07666015625,4272.870641867898,4135.282678444602,4204.07666015625,69923,0.0,0.0
2007-06-07 00:00:00+09:00,4188.787917564655,4433.388671875,4135.281502559267,4433.388671875,128446,0.0,0.0
2007-06-08 00:00:00+09:00,4356.951726321291,4494.539675573542,4349.307951362833,4456.32080078125,97717,0.0,0.0
2007-06-11 00:00:00+09:00,4509.827413773613,4930.235054040645,4502.183638496031,4754.42822265625,347312,0.0,0.0
2007-06-12 00:00:00+09:00,4785.003073390526,4853.797047289112,4700.921549736699,4830.86572265625,139079,0.0,0.0
2007-06-13 00:00:00+09:00,4746.784008319561,4876.72817601913,4716.20891003731,4769.71533203125,121985,0.0,0.0
2007-06-14 00:00:00+09:00,4769.7156,4869.084675,4716.209175,4777.359375,108665,0.0,0.0
2007-06-15 00:00:00+09:00,4846.153385215417,5052.535311715128,4807.934509937693,4945.5224609375,169150,0.0,0.0
2007-06-18 00:00:00+09:00,5044.891361177884,5044.891361177884,4876.728315805288,4968.45361328125,150459,0.0,0.0
2007-06-19 00:00:00+09:00,4892.0157747603835,4968.453521241014,4739.140281799121,4785.0029296875,106946,0.0,0.0
2007-06-20 00:00:00+09:00,4823.222868083909,4922.591960453308,4433.390274942421,4563.33447265625,246266,0.0,0.0
2007-06-21 00:00:00+09:00,4540.402485351562,4609.196462402344,4433.389632161458,4586.26513671875,85381,0.0,0.0
2007-06-22 00:00:00+09:00,4593.909578000681,4739.141328386725,4509.828038303497,4563.33447265625,81850,0.0,0.0
2007-06-25 00:00:00+09:00,4509.827243792088,4700.921618529041,4494.539693813132,4540.40234375,78446,0.0,0.0
2007-06-26 00:00:00+09:00,4448.678282029832,4509.82849896495,4188.789860055581,4211.72119140625,125219,0.0,0.0
2007-06-27 00:00:00+09:00,4211.72119140625,4280.515185458258,4135.283420237352,4211.72119140625,74884,0.0,0.0
2007-06-28 00:00:00+09:00,4219.36496852314,4402.815619328494,4204.077414289361,4211.72119140625,66272,0.0,0.0
2007-06-29 00:00:00+09:00,4227.007592156476,4349.307992652865,4181.1449419703295,4234.6513671875,51962,0.0,0.0
2007-07-02 00:00:00+09:00,4234.651330474624,4280.5139802631575,4051.2007313204886,4066.48828125,91499,0.0,0.0
2007-07-03 00:00:00+09:00,4066.488641323324,4173.501500305517,3951.832006699546,4104.70751953125,139179,0.0,0.0
2007-07-04 00:00:00+09:00,4081.7761926064945,4127.638846456006,4043.5573143985685,4104.70751953125,78861,0.0,0.0
2007-07-05 00:00:00+09:00,4142.926638062916,4142.926638062916,3959.4760120232295,4020.626220703125,73920,0.0,0.0
2007-07-06 00:00:00+09:00,4020.6258030334357,4051.2009041971883,3821.8876454690453,4043.55712890625,169026,0.0,0.0
2007-07-09 00:00:00+09:00,4043.5572800409223,4173.50146484375,3974.7632998511904,4012.982177734375,67677,0.0,0.0
2007-07-10 00:00:00+09:00,4043.5566650390624,4127.63818359375,3898.324951171875,3974.7626953125,129005,0.0,0.0
2007-07-11 00:00:00+09:00,3974.7632998511904,4012.9821777343745,3936.5444219680057,4012.982177734375,38524,0.0,0.0
2007-07-12 00:00:00+09:00,3959.475146484375,4058.844213867187,3890.6811767578124,3974.7626953125,90042,0.0,0.0
2007-07-13 00:00:00+09:00,4005.337887034697,4242.294899435605,3959.475239473231,4158.21337890625,164145,0.0,0.0
2007-07-16 00:00:00+09:00,4188.789254161799,4303.445894330462,4066.4888379818926,4089.420166015625,94924,0.0,0.0
2007-07-18 00:00:00+09:00,4066.4888379818926,4188.789254161799,4066.4888379818926,4089.420166015625,100326,0.0,0.0
2007-07-19 00:00:00+09:00,4196.432827230272,4196.432827230272,4089.4199682480794,4104.70751953125,34628,0.0,0.0
2007-07-20 00:00:00+09:00,4127.638480968045,4165.8573557918235,4058.8445062852443,4066.48828125,81790,0.0,0.0
2007-07-23 00:00:00+09:00,4066.488375991138,4112.351026848181,4020.6257251340953,4097.0634765625,41971,0.0,0.0
2007-07-24 00:00:00+09:00,4127.638432340802,4127.638432340802,3974.762934846698,4051.20068359375,90249,0.0,0.0
2007-07-25 00:00:00+09:00,4028.269116210937,4066.4879882812497,3936.5438232421875,3974.7626953125,109221,0.0,0.0
2007-07-26 00:00:00+09:00,3974.7632408142085,4005.3383426666255,3898.3254861831665,3913.613037109375,81895,0.0,0.0
2007-07-27 00:00:00+09:00,3860.1060791015625,3867.7498535156246,3691.9430419921873,3745.449462890625,83914,0.0,0.0
2007-07-30 00:00:00+09:00,3684.299822318518,3814.244006923113,3684.299822318518,3810.422119140625,48308,0.0,0.0
2007-07-31 00:00:00+09:00,3783.668454614016,3898.3250744508045,3783.668454614016,3860.106201171875,27364,0.0,0.0
2007-08-01 00:00:00+09:00,3860.1064382016084,4043.557041205249,3860.1064382016084,3936.544189453125,41457,0.0,0.0
2007-08-02 00:00:00+09:00,4005.338308616243,4005.338308616243,3867.750351450036,3982.406982421875,28156,0.0,0.0
2007-08-03 00:00:00+09:00,3944.1890082046334,4074.1332197152515,3944.1890082046334,3959.4765625,30657,0.0,0.0
2007-08-06 00:00:00+09:00,3883.0379703900285,4028.269705503041,3883.0379703900285,4005.33837890625,29085,0.0,0.0
2007-08-07 00:00:00+09:00,4051.2009041971883,4150.569982979383,4005.3382524515596,4043.55712890625,32578,0.0,0.0
2007-08-08 00:00:00+09:00,4119.994736272108,4119.994736272108,3974.7630108747608,3997.6943359375,27602,0.0,0.0
2007-08-09 00:00:00+09:00,4043.557137843961,4058.8446884596283,3944.1880588421245,3967.119384765625,35170,0.0,0.0
2007-08-10 00:00:00+09:00,3936.544220815063,3936.544220815063,3837.17514339643,3867.750244140625,34684,0.0,0.0
2007-08-13 00:00:00+09:00,3829.5315070152283,4043.5572199821468,3810.4220683574677,3913.613037109375,54005,0.0,0.0
2007-08-14 00:00:00+09:00,3990.0503703202353,3990.0503703202353,3745.449581335087,3860.106201171875,42802,0.0,0.0
2007-08-16 00:00:00+09:00,3760.7373664952534,3852.4626681170885,3523.7803373055117,3623.1494140625,80994,0.0,0.0
2007-08-17 00:00:00+09:00,3531.4243282892007,3707.231167143425,3439.69902106091,3454.986572265625,55280,0.0,0.0
2007-08-20 00:00:00+09:00,3458.8078741215204,3592.5739245019104,3458.8078741215204,3500.8486328125,45234,0.0,0.0
2007-08-21 00:00:00+09:00,3516.1368189102564,3516.1368189102564,3416.767734897575,3428.2333984375,28837,0.0,0.0
2007-08-22 00:00:00+09:00,3405.301728057861,3798.9561365763348,3405.301728057861,3669.011962890625,35503,0.0,0.0
2007-08-23 00:00:00+09:00,3814.2440479008837,3821.8878235479797,3722.518740135732,3783.6689453125,71190,0.0,0.0
2007-08-24 00:00:00+09:00,3776.0248017578124,3898.3252001953124,3753.093477050781,3821.887451171875,53275,0.0,0.0
2007-08-27 00:00:00+09:00,3928.9005748269087,3928.9005748269087,3814.243943265812,3829.531494140625,32816,0.0,0.0
2007-08-28 00:00:00+09:00,3875.39385117892,3875.39385117892,3676.6557049646167,3814.24365234375,22886,0.0,0.0
2007-08-29 00:00:00+09:00,3630.7933933636846,3852.462884747994,3630.7933933636846,3810.422119140625,25794,0.0,0.0
2007-08-30 00:00:00+09:00,3829.5312260742185,3860.1063256835937,3783.668576660156,3821.887451171875,36883,0.0,0.0
2007-08-31 00:00:00+09:00,3760.7374458772592,3852.4627494352408,3760.7374458772592,3806.60009765625,25936,0.0,0.0
2007-09-03 00:00:00+09:00,3783.6687717667546,3890.6816259177335,3779.8468841185054,3806.60009765625,16710,0.0,0.0
2007-09-04 00:00:00+09:00,3798.9559331134087,3814.243482140022,3756.915173290222,3760.737060546875,18094,0.0,0.0
2007-09-05 00:00:00+09:00,3764.5588989257812,3783.6683349609375,3718.696252441406,3745.449462890625,14341,0.0,0.0
2007-09-06 00:00:00+09:00,3730.1620394736838,3730.1620394736838,3607.8616447368418,3630.79296875,51460,0.0,0.0
2007-09-07 00:00:00+09:00,3634.6148560855263,3669.011842105263,3607.8616447368418,3630.79296875,29772,0.0,0.0
2007-09-10 00:00:00+09:00,3607.861486144822,3607.861486144822,3500.8486454540857,3542.889404296875,44098,0.0,0.0
2007-09-11 00:00:00+09:00,3554.3556664880875,3573.4651055552276,3493.2054614732388,3539.068115234375,30044,0.0,0.0
2007-09-12 00:00:00+09:00,3519.9579083378967,3577.286213033954,3424.4107338444687,3489.3828125,30940,0.0,0.0
2007-09-13 00:00:00+09:00,3439.6989410998776,3554.3555724698736,3439.6989410998776,3508.492919921875,14495,0.0,0.0
2007-09-14 00:00:00+09:00,3508.4932771880053,3588.752927319757,3474.0962842743975,3546.712158203125,146190,0.0,0.0
2007-09-17 00:00:00+09:00,3569.643011149177,3569.643011149177,3512.314697265625,3512.314697265625,16215,0.0,0.0
2007-09-18 00:00:00+09:00,3485.561721331222,3512.3149362975805,3432.055291398506,3470.274169921875,20881,0.0,0.0
2007-09-19 00:00:00+09:00,3485.5619462241007,3550.5340439059096,3401.480408047642,3504.67138671875,30901,0.0,0.0
2007-09-20 00:00:00+09:00,3443.520497114203,3500.8488072770365,3401.479736328125,3401.479736328125,34888,0.0,0.0
2007-09-21 00:00:00+09:00,3401.4801913431,3424.41151847575,3263.8922285471995,3309.7548828125,30950,0.0,0.0
2007-09-27 00:00:00+09:00,3309.7547325291403,3378.548710803418,3210.385652799628,3340.329833984375,28523,0.0,0.0
2007-09-28 00:00:00+09:00,3317.3981197296625,3386.192089954471,3317.3981197296625,3370.904541015625,9097,0.0,0.0
2007-10-01 00:00:00+09:00,3370.9049491882324,3508.4929062979563,3367.0830614907404,3424.411376953125,28890,0.0,0.0
2007-10-02 00:00:00+09:00,3512.314233637011,3554.3549916021984,3454.9859273208467,3519.9580078125,41252,0.0,0.0
2007-10-04 00:00:00+09:00,3783.6690666182803,3783.6690666182803,3584.9308934221685,3661.36865234375,53139,0.0,0.0
2007-10-05 00:00:00+09:00,3669.0122885835094,3703.40927878898,3569.6432057677057,3615.505859375,29805,0.0,0.0
2007-10-08 00:00:00+09:00,3615.5058127239254,3638.437139231688,3561.999384205812,3600.21826171875,35535,0.0,0.0
2007-10-09 00:00:00+09:00,3600.21826171875,3646.0809147342757,3569.6431597083997,3600.21826171875,37662,0.0,0.0
2007-10-10 00:00:00+09:00,3600.2183076804463,3787.490809884631,3600.2183076804463,3776.025146484375,50941,0.0,0.0
2007-10-11 00:00:00+09:00,3806.5995134626114,3959.4749959309893,3783.668191092355,3852.462158203125,65190,0.0,0.0
2007-10-12 00:00:00+09:00,3844.8186518603034,3921.256398418162,3783.668454614016,3860.106201171875,54006,0.0,0.0
2007-10-15 00:00:00+09:00,3860.105915050058,3898.324785496098,3672.833449864461,3733.983642578125,41717,0.0,0.0
2007-10-16 00:00:00+09:00,3818.065523921695,3818.065523921695,3565.820954773715,3653.724365234375,44857,0.0,0.0
2007-10-17 00:00:00+09:00,3661.36833742286,3741.627977387244,3447.3426308511685,3638.43701171875,23495,0.0,0.0
2007-10-18 00:00:00+09:00,3661.36831336286,3661.36831336286,3512.314697265625,3512.314697265625,33348,0.0,0.0
2007-10-19 00:00:00+09:00,3669.0121211105147,3669.0121211105147,3470.273964550362,3561.999267578125,18588,0.0,0.0
2007-10-22 00:00:00+09:00,3367.0827978078682,3569.6428299120876,3141.5914413144924,3416.767333984375,24730,0.0,0.0
2007-10-23 00:00:00+09:00,3424.410961225596,3630.7928718351745,3424.410961225596,3523.780029296875,16322,0.0,0.0
2007-10-24 00:00:00+09:00,3592.574311336061,3592.574311336061,3386.1923828125,3386.1923828125,27626,0.0,0.0
2007-10-25 00:00:00+09:00,3386.1922109287416,3493.2050573237807,3367.0827740724844,3409.12353515625,5768,0.0,0.0
2007-10-26 00:00:00+09:00,3462.630277569947,3462.630277569947,3363.2611967566813,3432.05517578125,10159,0.0,0.0
2007-10-29 00:00:00+09:00,3474.0960808722525,3500.8492960164835,3420.589650583791,3477.91796875,19371,0.0,0.0
2007-10-30 00:00:00+09:00,3493.205788060239,3581.1092159873565,3439.699353669819,3485.56201171875,8211,0.0,0.0
2007-10-31 00:00:00+09:00,3493.204699479737,3577.286213033954,3439.698281763417,3489.3828125,8211,0.0,0.0
2007-11-01 00:00:00+09:00,3489.3838998894944,3546.7122224506584,3378.5491429379113,3485.56201171875,15562,0.0,0.0
2007-11-02 00:00:00+09:00,3481.739095327016,3481.739095327016,3374.726258149018,3393.835693359375,15176,0.0,0.0
2007-11-05 00:00:00+09:00,3466.451785149569,3466.451785149569,3294.4668564486533,3351.795166015625,18483,0.0,0.0
2007-11-06 00:00:00+09:00,3355.6168229386612,3435.8764508221598,3302.110404349662,3393.835693359375,15460,0.0,0.0
2007-11-07 00:00:00+09:00,3393.83583984375,3477.9173583984375,3393.83583984375,3439.698486328125,22211,0.0,0.0
2007-11-08 00:00:00+09:00,3504.6708973352847,3504.6708973352847,3229.4949926372037,3386.1923828125,6781,0.0,0.0
2007-11-09 00:00:00+09:00,3370.904911706207,3439.698889496129,3286.8233832963015,3332.68603515625,17630,0.0,0.0
2007-11-12 00:00:00+09:00,3286.8228745404413,3286.8228745404413,3065.1534248621324,3248.60400390625,24409,0.0,0.0
2007-11-13 00:00:00+09:00,3237.1382144976264,3397.6574648032943,3145.4129286086736,3321.2197265625,20590,0.0,0.0
2007-11-14 00:00:00+09:00,3363.261305044593,3451.1647255173493,3321.2205387315357,3428.2333984375,17924,0.0,0.0
2007-11-15 00:00:00+09:00,3439.6991436298076,3646.0810922475957,3439.6991436298076,3577.287109375,41563,0.0,0.0
2007-11-16 00:00:00+09:00,3588.752123485457,3669.0117556400837,3523.780040312664,3642.258544921875,39212,0.0,0.0
2007-11-19 00:00:00+09:00,3523.7803373055117,3661.368289738265,3523.7803373055117,3623.1494140625,29343,0.0,0.0
2007-11-20 00:00:00+09:00,3661.3683295903625,3783.6687330839864,3531.424150878387,3596.396240234375,30104,0.0,0.0
2007-11-21 00:00:00+09:00,3669.012088547334,3669.012088547334,3382.3705191295735,3512.314697265625,22268,0.0,0.0
2007-11-22 00:00:00+09:00,3500.848681640625,3500.848681640625,3382.3701782226562,3439.698486328125,12271,0.0,0.0
2007-11-23 00:00:00+09:00,3401.4796142578125,3516.13623046875,3374.7264038085937,3439.698486328125,10519,0.0,0.0
2007-11-26 00:00:00+09:00,3516.137117084704,3516.137117084704,3416.7680246453538,3485.56201171875,12570,0.0,0.0
2007-11-27 00:00:00+09:00,3378.5484122629914,3554.3552300956812,3363.260862886236,3401.479736328125,11285,0.0,0.0
2007-11-28 00:00:00+09:00,3401.480188579811,3512.3149362975805,3363.2613100564427,3470.274169921875,19790,0.0,0.0
2007-11-29 00:00:00+09:00,3500.8485929979474,3516.1361414389867,3363.2606570285957,3374.726318359375,31679,0.0,0.0
2007-11-30 00:00:00+09:00,3374.7266667063645,3474.095741830221,3374.7266667063645,3447.342529296875,9800,0.0,0.0
2007-12-03 00:00:00+09:00,3470.2738543254573,3584.930479468369,3382.370441715892,3447.342529296875,12031,0.0,0.0
2007-12-04 00:00:00+09:00,3447.3427266755984,3554.3555829360384,3363.2611967566813,3432.05517578125,36672,0.0,0.0
2007-12-05 00:00:00+09:00,3439.698951228424,3454.986502122773,3355.617421309507,3432.05517578125,19329,0.0,0.0
2007-12-06 00:00:00+09:00,3439.698951228424,3439.698951228424,3378.5487476510298,3432.05517578125,19329,0.0,0.0
2007-12-07 00:00:00+09:00,3432.0547119140624,3432.0547119140624,3355.6169677734374,3363.2607421875,33511,0.0,0.0
2007-12-10 00:00:00+09:00,3363.2610338306,3432.0550095225894,3309.7546082923855,3378.548583984375,7710,0.0,0.0
2007-12-11 00:00:00+09:00,3401.480465374784,3401.480465374784,3309.755149454565,3317.39892578125,10379,0.0,0.0
2007-12-12 00:00:00+09:00,3305.9324340820312,3363.2607421875,3286.822998046875,3363.2607421875,5644,0.0,0.0
2007-12-13 00:00:00+09:00,3298.2888756406605,3401.479836987471,3298.2888756406605,3355.6171875,9242,0.0,0.0
2007-12-14 00:00:00+09:00,3355.617361086224,3355.617361086224,3290.645270951297,3332.68603515625,10792,0.0,0.0
2007-12-17 00:00:00+09:00,3328.8636322380517,3328.8636322380517,3248.60400390625,3248.60400390625,13120,0.0,0.0
2007-12-18 00:00:00+09:00,3210.3854359282545,3309.7545089450814,3210.3854359282545,3229.494873046875,16014,0.0,0.0
2007-12-20 00:00:00+09:00,3286.823456639241,3286.823456639241,3172.1668244308958,3237.138916015625,11297,0.0,0.0
2007-12-21 00:00:00+09:00,3237.138968714272,3248.6046321217605,3057.510241996951,3133.947998046875,49068,0.0,0.0
2007-12-24 00:00:00+09:00,3153.0571528184514,3202.7416897719545,3095.728840949025,3160.700927734375,15205,0.0,0.0
2007-12-26 00:00:00+09:00,3160.700841843938,3210.385377447289,3156.878954489834,3172.16650390625,8954,0.0,0.0
2007-12-27 00:00:00+09:00,3094.7970920138887,3210.8519829644097,3094.7970920138887,3203.114990234375,23722,50.0,0.0
2007-12-28 00:00:00+09:00,3176.035436139788,3311.4328055245537,3176.035436139788,3249.536865234375,13563,0.0,0.0
2008-01-02 00:00:00+09:00,3249.5366019795374,3292.0900574816505,3241.7996100700625,3261.14208984375,25560,0.0,0.0
2008-01-03 00:00:00+09:00,3303.6952460751045,3303.6952460751045,3199.2458647589124,3241.79931640625,18893,0.0,0.0
2008-01-04 00:00:00+09:00,3241.7998726981027,3292.090324183873,3210.851902553013,3249.536865234375,12505,0.0,0.0
2008-01-07 00:00:00+09:00,3249.536668730945,3249.536668730945,3172.166748046875,3172.166748046875,11240,0.0,0.0
2008-01-08 00:00:00+09:00,3137.3504298080634,3203.114865451389,3094.7969714506175,3133.48193359375,14882,0.0,0.0
2008-01-09 00:00:00+09:00,3025.1636705422225,3125.7445598441377,3025.1636705422225,3118.007568359375,24242,0.0,0.0
2008-01-10 00:00:00+09:00,3148.9555718994143,3148.9555718994143,3040.637689819336,3094.796630859375,14329,0.0,0.0
2008-01-11 00:00:00+09:00,3094.796630859375,3203.114512939453,3056.1116729736327,3094.796630859375,15440,0.0,0.0
2008-01-14 00:00:00+09:00,3094.7962456042196,3102.5332362182303,3025.163330078125,3025.163330078125,10547,0.0,0.0
2008-01-15 00:00:00+09:00,3090.928319191446,3094.796815210459,3021.295390849211,3032.90087890625,3820,0.0,0.0
2008-01-16 00:00:00+09:00,3009.690060906661,3056.112015573602,2924.5831440172697,2940.05712890625,23795,0.0,0.0
2008-01-17 00:00:00+09:00,3017.426890859162,3017.426890859162,2831.7390821909057,2839.47607421875,32868,0.0,0.0
2008-01-18 00:00:00+09:00,2862.6872044613488,2947.79412135074,2824.002242238898,2940.05712890625,12084,0.0,0.0
2008-01-21 00:00:00+09:00,3005.821564684416,3009.690060906661,2901.3721666837996,2940.05712890625,11497,0.0,0.0
2008-01-22 00:00:00+09:00,2854.9502037873413,2940.0571204314087,2824.0022340985897,2897.503662109375,12175,0.0,0.0
2008-01-23 00:00:00+09:00,2897.503994702018,2940.0574579085896,2854.9505314954463,2893.635498046875,8234,0.0,0.0
2008-01-24 00:00:00+09:00,2916.8459551836995,2940.056930954392,2847.2130278716218,2862.68701171875,21348,0.0,0.0
2008-01-25 00:00:00+09:00,2940.0568471564948,2971.0048139686687,2893.6348969382343,2963.267822265625,10430,0.0,0.0
2008-01-28 00:00:00+09:00,3017.4270533511512,3017.4270533511512,2874.292693128084,2940.05712890625,7916,0.0,0.0
2008-01-29 00:00:00+09:00,3009.68994140625,3017.426933543541,2940.0570121706296,3009.68994140625,10830,0.0,0.0
2008-01-30 00:00:00+09:00,3013.558598283115,3017.4270945581898,2916.84619140625,2916.84619140625,12889,0.0,0.0
2008-01-31 00:00:00+09:00,2978.7420020686186,2978.7420020686186,2889.7665916172186,2943.925537109375,6067,0.0,0.0
2008-02-01 00:00:00+09:00,2951.66233471106,2982.610301523234,2940.0568471564948,2963.267822265625,11295,0.0,0.0
2008-02-04 00:00:00+09:00,3075.453928512632,3075.453928512632,2978.741540823555,3029.031982421875,5165,0.0,0.0
2008-02-05 00:00:00+09:00,2986.4788097249034,3094.796694015444,2986.4788097249034,3005.8212890625,18657,0.0,0.0
2008-02-11 00:00:00+09:00,3005.821331388387,3079.32275390625,2963.2678762464666,3079.32275390625,9958,0.0,0.0
2008-02-12 00:00:00+09:00,3017.426443388968,3102.533343074298,3017.426443388968,3063.848388671875,13112,0.0,0.0
2008-02-13 00:00:00+09:00,3079.322442157452,3079.322442157452,3013.558018141526,3017.426513671875,13891,0.0,0.0
2008-02-14 00:00:00+09:00,3025.1635047325717,3048.374477914663,2978.741558368389,3017.426513671875,12582,0.0,0.0
2008-02-15 00:00:00+09:00,3009.6899116020695,3032.9008877840906,2967.1364552683644,2978.741943359375,20373,0.0,0.0
2008-02-18 00:00:00+09:00,2971.004951298701,3044.506375875101,2971.004951298701,2978.741943359375,16874,0.0,0.0
2008-02-19 00:00:00+09:00,3017.42713049806,3040.638108424968,2978.742167286546,2990.34765625,9174,0.0,0.0
2008-02-20 00:00:00+09:00,3013.5584076324067,3013.5584076324067,2978.741943359375,2978.741943359375,7966,0.0,0.0
2008-02-21 00:00:00+09:00,3044.506604746119,3044.506604746119,2963.2681820019407,2990.34765625,11282,0.0,0.0
2008-02-22 00:00:00+09:00,3009.689753459241,3009.689753459241,2924.582845263735,2974.873291015625,14919,0.0,0.0
2008-02-25 00:00:00+09:00,2963.267576246995,3044.505982384315,2955.5305851862977,3017.426513671875,18825,0.0,0.0
2008-02-26 00:00:00+09:00,3017.426894830198,3056.1118550203287,3009.689902792172,3032.90087890625,8802,0.0,0.0
2008-02-27 00:00:00+09:00,3059.9803902986423,3059.9803902986423,2974.87347678844,3009.68994140625,21088,0.0,0.0
2008-02-28 00:00:00+09:00,2994.2160760176807,2994.2160760176807,2905.2406629060442,2940.05712890625,31174,0.0,0.0
2008-02-29 00:00:00+09:00,2878.1608515625,2951.662271158854,2858.818372721354,2901.371826171875,28224,0.0,0.0
2008-03-03 00:00:00+09:00,2862.686873726223,2901.37183147928,2816.2649244225545,2847.212890625,32784,0.0,0.0
2008-03-04 00:00:00+09:00,2882.029510870718,2940.0569506869065,2847.213046981004,2851.08154296875,15153,0.0,0.0
2008-03-05 00:00:00+09:00,2893.635210382573,2893.635210382573,2723.4213744777157,2777.580322265625,83714,0.0,0.0
2008-03-06 00:00:00+09:00,2824.0021080470965,2824.0021080470965,2688.6047467023727,2731.158203125,81334,0.0,0.0
2008-03-07 00:00:00+09:00,2723.421211048159,2769.843163509207,2688.6047467023727,2731.158203125,14089,0.0,0.0
2008-03-10 00:00:00+09:00,2785.317105622271,2785.317105622271,2572.5498267205694,2657.65673828125,48075,0.0,0.0
2008-03-11 00:00:00+09:00,2657.65681640625,2762.1062109375002,2568.6814062500002,2707.947265625,8353,0.0,0.0
2008-03-12 00:00:00+09:00,2777.5801953125,2777.5801953125,2649.91982421875,2707.947265625,20983,0.0,0.0
2008-03-13 00:00:00+09:00,2673.130733107427,2738.895165036264,2634.445773149288,2700.210205078125,11938,0.0,0.0
2008-03-14 00:00:00+09:00,2746.631767721737,2746.631767721737,2603.497436164407,2630.576904296875,10344,0.0,0.0
2008-03-17 00:00:00+09:00,2622.840087890625,2653.7880535294526,2580.286635137237,2622.840087890625,15055,0.0,0.0
2008-03-18 00:00:00+09:00,2700.210205078125,2785.3171169860316,2622.840285161846,2700.210205078125,20794,0.0,0.0
2008-03-19 00:00:00+09:00,2746.6320111118466,2746.6320111118466,2704.0785574185647,2738.89501953125,8949,0.0,0.0
2008-03-20 00:00:00+09:00,2696.341565837968,2738.89501953125,2646.051120564089,2738.89501953125,2138,0.0,0.0
2008-03-21 00:00:00+09:00,2742.7636222839355,2746.6321182250977,2676.9991912841797,2723.421142578125,9334,0.0,0.0
2008-03-24 00:00:00+09:00,2700.2098914837015,2700.2098914837015,2584.155025087554,2692.472900390625,13578,0.0,0.0
2008-03-25 00:00:00+09:00,2649.9193638903507,2700.209804372941,2611.2344096729735,2642.182373046875,13667,0.0,0.0
2008-03-26 00:00:00+09:00,2653.7884506865175,2653.7884506865175,2560.9445398753273,2584.155517578125,24339,0.0,0.0
2008-03-27 00:00:00+09:00,2557.0763275054283,2618.9722749185703,2545.4708373654644,2560.94482421875,10548,0.0,0.0
2008-03-28 00:00:00+09:00,2560.9442296300203,2591.892196151229,2553.2072379997185,2576.418212890625,9609,0.0,0.0
2008-03-31 00:00:00+09:00,2615.1033790225074,2615.1033790225074,2553.2074410574774,2599.62939453125,5095,0.0,0.0
2008-04-01 00:00:00+09:00,2576.418194279008,2638.3141268742993,2564.8127069173906,2588.023681640625,12593,0.0,0.0
2008-04-02 00:00:00+09:00,2591.8921774278306,2642.182622661505,2588.023681640625,2588.023681640625,21544,0.0,0.0
2008-04-03 00:00:00+09:00,2584.1553419426305,2618.97180613048,2576.418349900886,2591.892333984375,13091,0.0,0.0
2008-04-04 00:00:00+09:00,2630.5770670572915,2936.1882263183593,2630.5770670572915,2785.31689453125,51975,0.0,0.0
2008-04-07 00:00:00+09:00,2854.9498587680528,2912.977294921875,2800.7909183578186,2912.977294921875,50480,0.0,0.0
2008-04-08 00:00:00+09:00,2936.188555001255,2936.188555001255,2870.4241209630186,2889.7666015625,24065,0.0,0.0
2008-04-10 00:00:00+09:00,2928.4515526830446,2955.531025429123,2862.6871188711402,2943.925537109375,23782,0.0,0.0
2008-04-11 00:00:00+09:00,2943.9254790863433,2978.741943359375,2901.372022752638,2978.741943359375,18587,0.0,0.0
2008-04-14 00:00:00+09:00,2893.63467603211,2963.2675960435777,2893.63467603211,2951.662109375,19540,0.0,0.0
2008-04-15 00:00:00+09:00,2901.3724740095963,2963.268420121801,2901.3724740095963,2947.79443359375,8505,0.0,0.0
2008-04-16 00:00:00+09:00,2998.084412827322,2998.084412827322,2862.6870522480235,2936.1884765625,10293,0.0,0.0
2008-04-17 00:00:00+09:00,2940.0572374131943,2940.0572374131943,2866.5558064778643,2924.583251953125,12350,0.0,0.0
2008-04-18 00:00:00+09:00,2909.1088177083334,2924.5828007812497,2854.949876953125,2901.371826171875,9653,0.0,0.0
2008-04-21 00:00:00+09:00,2924.5834712880182,2978.7424244600184,2862.687524805732,2893.635498046875,12745,0.0,0.0
2008-04-22 00:00:00+09:00,2901.3720302346956,2901.3720302346956,2808.5281252671853,2827.87060546875,19979,0.0,0.0
2008-04-23 00:00:00+09:00,2793.0542279805222,2885.8981358358305,2785.3172356592468,2824.002197265625,32432,0.0,0.0
2008-04-24 00:00:00+09:00,2827.870556035318,2831.739052008006,2781.4486043630554,2808.528076171875,7791,0.0,0.0
2008-04-25 00:00:00+09:00,2808.527956987787,2820.1334444133563,2735.0265366258477,2781.448486328125,33055,0.0,0.0
2008-04-28 00:00:00+09:00,2750.5009823109635,2839.476400866733,2746.632485852017,2793.054443359375,23776,0.0,0.0
2008-04-29 00:00:00+09:00,2843.3445988738886,2843.3445988738886,2762.106181763206,2773.711669921875,7940,0.0,0.0
2008-04-30 00:00:00+09:00,2816.264860026042,2816.264860026042,2746.6319376627603,2785.31689453125,12346,0.0,0.0
2008-05-02 00:00:00+09:00,2785.317130023842,2851.081562260516,2785.317130023842,2839.47607421875,40682,0.0,0.0
2008-05-06 00:00:00+09:00,2808.527932871943,2885.897848378057,2793.05394977072,2847.212890625,25640,0.0,0.0
2008-05-07 00:00:00+09:00,2878.1608568274455,2878.1608568274455,2808.527932871943,2847.212890625,21743,0.0,0.0
2008-05-08 00:00:00+09:00,2831.7391698819065,2858.8186428179356,2808.528193079596,2835.607666015625,19507,0.0,0.0
2008-05-09 00:00:00+09:00,2839.476084705327,2932.3199893823407,2839.476084705327,2882.029541015625,17785,0.0,0.0
2008-05-13 00:00:00+09:00,2909.1088803443213,2971.0048139686687,2901.371888641278,2963.267822265625,31195,0.0,0.0
2008-05-14 00:00:00+09:00,2978.742091128701,2978.742091128701,2897.5036704615545,2940.05712890625,32330,0.0,0.0
2008-05-15 00:00:00+09:00,2947.7940927059094,2947.7940927059094,2885.8981537514546,2909.109130859375,56038,0.0,0.0
2008-05-16 00:00:00+09:00,2905.240467298353,2905.240467298353,2831.739044024493,2862.68701171875,31477,0.0,0.0
2008-05-19 00:00:00+09:00,2824.0018840412517,2851.081354162195,2789.185422457181,2816.264892578125,19313,0.0,0.0
2008-05-20 00:00:00+09:00,2785.3171570177024,2785.3171570177024,2673.130771526711,2676.999267578125,89244,0.0,0.0
2008-05-21 00:00:00+09:00,2638.3143070639903,2723.421220195087,2638.3143070639903,2676.999267578125,14649,0.0,0.0
2008-05-22 00:00:00+09:00,2560.9443658173973,2653.78827031833,2541.601885713036,2591.892333984375,91116,0.0,0.0
2008-05-23 00:00:00+09:00,2584.1554606619056,2626.708918846458,2506.7855366899926,2522.259521484375,89887,0.0,0.0
2008-05-26 00:00:00+09:00,2487.4427835215693,2541.6017243758492,2460.3633130944295,2491.311279296875,43582,0.0,0.0
2008-05-27 00:00:00+09:00,2541.60205845633,2738.895368930109,2502.917095618334,2584.155517578125,37090,0.0,0.0
2008-05-28 00:00:00+09:00,2661.525120823949,2700.2100789754595,2564.8127254451715,2576.418212890625,15792,0.0,0.0
2008-05-29 00:00:00+09:00,2560.9443468204404,2630.5772746796065,2553.2073548360886,2603.497802734375,17883,0.0,0.0
2008-05-30 00:00:00+09:00,2576.4183691845483,2692.4732506793475,2564.812881035068,2580.286865234375,15539,0.0,0.0
2008-06-02 00:00:00+09:00,2568.6813199195635,2738.895142323872,2560.944327992095,2615.103271484375,52847,0.0,0.0
2008-06-03 00:00:00+09:00,2591.8923443809654,2700.2102333998714,2580.2868562717968,2634.44580078125,17112,0.0,0.0
2008-06-04 00:00:00+09:00,2599.6289407169115,2704.0783177992876,2599.6289407169115,2630.576904296875,15163,0.0,0.0
2008-06-05 00:00:00+09:00,2684.7359927329426,2901.371750071624,2638.3140447317965,2742.763427734375,33557,0.0,0.0
2008-06-09 00:00:00+09:00,2742.7636498419306,2773.711617682178,2657.65673828125,2657.65673828125,17465,0.0,0.0
2008-06-10 00:00:00+09:00,2731.1576053026483,2731.1576053026483,2638.313720703125,2638.313720703125,3055,0.0,0.0
2008-06-11 00:00:00+09:00,2851.081349498821,2851.081349498821,2615.1031102594343,2665.3935546875,18683,0.0,0.0
2008-06-12 00:00:00+09:00,2630.577255339312,2630.577255339312,2568.6813199195635,2615.103271484375,7452,0.0,0.0
2008-06-13 00:00:00+09:00,2665.3933633243337,2669.261858771829,2595.7604452694163,2630.576904296875,6489,0.0,0.0
2008-06-16 00:00:00+09:00,2630.576957782228,2665.393417517581,2595.760498046875,2595.760498046875,5228,0.0,0.0
2008-06-17 00:00:00+09:00,2595.7605314858706,2653.7879651256444,2568.6810624539767,2626.70849609375,3329,0.0,0.0
2008-06-18 00:00:00+09:00,2630.577255339312,2630.577255339312,2564.812823955829,2615.103271484375,6551,0.0,0.0
2008-06-19 00:00:00+09:00,2622.840162672438,2622.840162672438,2553.2072379997185,2576.418212890625,4093,0.0,0.0
2008-06-20 00:00:00+09:00,2615.103310109608,2615.103310109608,2545.4703817339087,2591.892333984375,6179,0.0,0.0
2008-06-23 00:00:00+09:00,2615.1036190431164,2615.1036190431164,2553.2076753971255,2557.076171875,5558,0.0,0.0
2008-06-24 00:00:00+09:00,2502.91692367672,2560.9443639474325,2444.889483406008,2495.179931640625,13767,0.0,0.0
2008-06-25 00:00:00+09:00,2495.1799420612615,2553.207382574314,2444.889493616616,2537.7333984375,4051,0.0,0.0
2008-06-26 00:00:00+09:00,2537.7335178291537,2537.7335178291537,2468.1005859375,2468.1005859375,4863,0.0,0.0
2008-06-27 00:00:00+09:00,2348.176996499812,2425.546914012162,2123.8042357139984,2251.464599609375,35927,0.0,0.0
2008-06-30 00:00:00+09:00,2313.3603878536737,2313.3603878536737,2243.727466480152,2290.1494140625,18257,0.0,0.0
2008-07-01 00:00:00+09:00,2321.0974260945172,2382.9933574570377,2251.4645033116817,2363.65087890625,11503,0.0,0.0
2008-07-02 00:00:00+09:00,2317.228979729987,2425.546861921038,2317.228979729987,2382.993408203125,31787,0.0,0.0
2008-07-03 00:00:00+09:00,2259.201633345466,2359.7825279807093,2224.385169817882,2324.966064453125,17737,0.0,0.0
2008-07-04 00:00:00+09:00,2297.8863646290934,2421.67822265625,2282.412382375699,2421.67822265625,13497,0.0,0.0
2008-07-07 00:00:00+09:00,2375.256649150546,2475.8375496031745,2375.256649150546,2437.152587890625,5997,0.0,0.0
2008-07-08 00:00:00+09:00,2390.730007223887,2398.4669975385273,2259.201171875,2259.201171875,16473,0.0,0.0
2008-07-09 00:00:00+09:00,2259.201641024276,2390.7305036866483,2259.201641024276,2270.80712890625,4035,0.0,0.0
2008-07-10 00:00:00+09:00,2259.20171875,2328.8346484375,2116.06736328125,2321.09765625,21690,0.0,0.0
2008-07-11 00:00:00+09:00,2263.0699808687073,2321.0974162755974,2263.0699808687073,2266.9384765625,28679,0.0,0.0
2008-07-14 00:00:00+09:00,2324.965944848879,2324.965944848879,2243.727534130366,2297.886474609375,16496,0.0,0.0
2008-07-15 00:00:00+09:00,2297.8865813691737,2297.8865813691737,2243.727638373941,2282.41259765625,4357,0.0,0.0
2008-07-16 00:00:00+09:00,2266.938564202724,2297.886530949519,2259.2015725160254,2263.070068359375,8561,0.0,0.0
2008-07-17 00:00:00+09:00,2259.2015847839766,2309.492031020606,2259.2015847839766,2305.62353515625,5004,0.0,0.0
2008-07-18 00:00:00+09:00,2309.491917312525,2464.231744268138,2278.5439519214024,2429.415283203125,11735,0.0,0.0
2008-07-21 00:00:00+09:00,2429.4157105450354,2464.232177734375,2367.519768875098,2464.232177734375,11116,0.0,0.0
2008-07-22 00:00:00+09:00,2487.443603515625,2487.443603515625,2421.679153655958,2487.443603515625,17021,0.0,0.0
2008-07-23 00:00:00+09:00,2487.44323527326,2557.076171875,2444.8897740166412,2557.076171875,22849,0.0,0.0
2008-07-24 00:00:00+09:00,2560.9440208004917,2661.524903792656,2553.207029801094,2607.365966796875,11617,0.0,0.0
2008-07-25 00:00:00+09:00,2630.5773534302116,2653.788330078125,2475.8375091107873,2653.788330078125,40368,0.0,0.0
2008-07-28 00:00:00+09:00,2576.418525010526,2653.7884506865175,2568.6815324429267,2584.155517578125,1263,0.0,0.0
2008-07-29 00:00:00+09:00,2611.234701187884,2611.234701187884,2359.782470703125,2359.782470703125,20502,0.0,0.0
2008-07-30 00:00:00+09:00,2425.54705078125,2425.54705078125,2297.8866796875,2321.09765625,8925,0.0,0.0
2008-07-31 00:00:00+09:00,2363.6512790256074,2394.5992499457466,2313.360826280382,2367.519775390625,2260,0.0,0.0
2008-08-01 00:00:00+09:00,2371.387870326565,2386.861853167195,2274.6754775726267,2363.65087890625,1424,0.0,0.0
2008-08-04 00:00:00+09:00,2359.782155004041,2359.782155004041,2243.727294921875,2243.727294921875,4889,0.0,0.0
2008-08-05 00:00:00+09:00,2243.727294921875,2328.8341923154635,2189.568360216864,2243.727294921875,6275,0.0,0.0
2008-08-06 00:00:00+09:00,2266.938440271326,2363.650831067884,2181.8315363703546,2290.1494140625,2717,0.0,0.0
2008-08-07 00:00:00+09:00,2224.3850973840376,2290.1495263501743,2158.6206684179006,2220.5166015625,11211,0.0,0.0
2008-08-08 00:00:00+09:00,2220.516559639362,2305.6234661063763,2166.3576191603534,2297.886474609375,2961,0.0,0.0
2008-08-11 00:00:00+09:00,2297.8863743832235,2328.8343390213818,2189.568498149671,2205.04248046875,3496,0.0,0.0
2008-08-12 00:00:00+09:00,2205.042743985615,2235.990712322255,2123.8043271019346,2193.437255859375,21591,0.0,0.0
2008-08-13 00:00:00+09:00,2154.7522320246294,2282.41259765625,2119.9357686705507,2282.41259765625,31955,0.0,0.0
2008-08-14 00:00:00+09:00,2232.1218257382325,2243.7273118339253,2166.357404529307,2177.962890625,3190,0.0,0.0
2008-08-18 00:00:00+09:00,2220.5169066302547,2224.3854029832687,2088.9880306277655,2185.700439453125,4013,0.0,0.0
2008-08-19 00:00:00+09:00,2166.357841901882,2166.357841901882,2088.9879189768144,2158.620849609375,8405,0.0,0.0
2008-08-20 00:00:00+09:00,2088.9879203066366,2139.2783702399447,2061.908447265625,2061.908447265625,16576,0.0,0.0
2008-08-21 00:00:00+09:00,2088.9879108297414,2088.9879108297414,1938.11656171426,2019.35498046875,15130,0.0,0.0
2008-08-22 00:00:00+09:00,2030.9605207101283,2050.3030018597487,1934.2481149620269,1941.985107421875,22247,0.0,0.0
2008-08-25 00:00:00+09:00,1972.9328427677265,2003.8808089287888,1941.984876606664,1984.538330078125,3830,0.0,0.0
2008-08-26 00:00:00+09:00,1841.404159330986,1965.1960355885312,1833.6671670648893,1922.642578125,20686,0.0,0.0
2008-08-27 00:00:00+09:00,1934.2481426164215,1972.93310546875,1837.5357354856005,1972.93310546875,7914,0.0,0.0
2008-08-28 00:00:00+09:00,1969.0643811652633,1988.4068603515625,1934.2479186299247,1988.4068603515625,4650,0.0,0.0
2008-08-29 00:00:00+09:00,2003.8809950582724,2131.5413673303246,1980.6700182815357,2116.0673828125,1574,0.0,0.0
2008-09-01 00:00:00+09:00,2116.067229736328,2123.804221435547,1934.2479248046875,1934.2479248046875,13381,0.0,0.0
2008-09-02 00:00:00+09:00,1868.4832763671875,1934.2476981026784,1644.1105433872767,1814.3243408203125,21644,0.0,0.0
2008-09-03 00:00:00+09:00,1725.3493330689794,1856.8782059935204,1686.6643704441144,1791.11376953125,10049,0.0,0.0
2008-09-04 00:00:00+09:00,1791.113658019762,1880.089066517504,1748.5602017817116,1833.6671142578125,4681,0.0,0.0
2008-09-05 00:00:00+09:00,1856.8779296875,1895.5628865559895,1764.034033203125,1856.8779296875,5066,0.0,0.0
2008-09-08 00:00:00+09:00,1810.4559908725246,1965.1958191522276,1810.4559908725246,1953.59033203125,16307,0.0,0.0
2008-09-09 00:00:00+09:00,1953.5902466812754,1972.932724371189,1903.2998046875,1903.2998046875,15084,0.0,0.0
2008-09-10 00:00:00+09:00,1953.590593574461,1992.2755558234603,1833.6672106025633,1872.3521728515625,6499,0.0,0.0
2008-09-11 00:00:00+09:00,1953.590593574461,1953.590593574461,1868.4836766266626,1872.3521728515625,6499,0.0,0.0
2008-09-12 00:00:00+09:00,1938.116420654297,1988.4068666992189,1930.3794289550783,1934.2479248046875,29820,0.0,0.0
2008-09-16 00:00:00+09:00,1822.0615696877426,1903.2999836228648,1794.982098376035,1868.4835205078125,39034,0.0,0.0
2008-09-17 00:00:00+09:00,1868.4831768846889,1984.5380325918122,1860.746186504214,1965.195556640625,22952,0.0,0.0
2008-09-18 00:00:00+09:00,1903.3001170293521,1961.3275596217104,1818.1932012272266,1911.037109375,21767,0.0,0.0
2008-09-19 00:00:00+09:00,2003.8808231114344,2003.8808231114344,1837.5355038184005,1849.1409912109375,11815,0.0,0.0
2008-09-22 00:00:00+09:00,1895.5628098707932,2119.9355506310094,1856.8778545673076,2011.61767578125,24354,0.0,0.0
2008-09-23 00:00:00+09:00,1972.9329155815974,2116.0672643590856,1972.9329155815974,2088.98779296875,18905,0.0,0.0
2008-09-24 00:00:00+09:00,2123.804211861747,2197.305632672991,2112.1987243652343,2166.357666015625,32316,0.0,0.0
2008-09-25 00:00:00+09:00,2216.6477251444776,2266.9381621896405,2096.7243752675513,2259.201171875,25487,0.0,0.0
2008-09-26 00:00:00+09:00,2216.6477251444776,2259.201171875,2096.7243752675513,2259.201171875,25487,0.0,0.0
2008-09-29 00:00:00+09:00,2205.042577944489,2255.3330227046267,2092.856201171875,2092.856201171875,13773,0.0,0.0
2008-09-30 00:00:00+09:00,1969.0646430386955,2096.7250226463125,1787.2453145066352,1976.8016357421875,7853,0.0,0.0
2008-10-01 00:00:00+09:00,1980.669834307992,2108.3301947223745,1980.669834307992,1984.538330078125,4147,0.0,0.0
2008-10-02 00:00:00+09:00,2065.7768792305283,2065.7768792305283,1969.0644785174886,2027.0919189453125,3665,0.0,0.0
2008-10-06 00:00:00+09:00,2027.0917997083536,2054.1712703151447,1934.2479004850702,2000.0123291015625,6413,0.0,0.0
2008-10-07 00:00:00+09:00,1972.9331593096483,2100.593540206155,1868.4837567579611,2034.8291015625,4414,0.0,0.0
2008-10-08 00:00:00+09:00,1891.6944704589844,2100.593246337891,1779.5080908203126,1934.2479248046875,15477,0.0,0.0
2008-10-09 00:00:00+09:00,1891.6944550544983,2077.3822543236515,1802.7190512380291,1918.77392578125,15477,0.0,0.0
2008-10-10 00:00:00+09:00,1856.8779296875,1918.7738606770833,1632.5051798502604,1856.8779296875,32091,0.0,0.0
2008-10-13 00:00:00+09:00,1961.3275945490057,1961.3275945490057,1860.7466922644412,1914.9056396484375,5058,0.0,0.0
2008-10-14 00:00:00+09:00,1941.9850821495056,2011.6180133819578,1899.431624174118,1980.6700439453125,12113,0.0,0.0
2008-10-15 00:00:00+09:00,1980.6699584199582,1980.6699584199582,1860.74658203125,1860.74658203125,16751,0.0,0.0
2008-10-16 00:00:00+09:00,1818.1932302621694,1876.2206737811748,1609.29443359375,1609.29443359375,14154,0.0,0.0
2008-10-17 00:00:00+09:00,1644.110825056135,1779.5081871195814,1547.3984235822447,1628.6368408203125,41199,0.0,0.0
2008-10-20 00:00:00+09:00,1702.1383446087466,1702.1383446087466,1442.9490966796875,1442.9490966796875,26325,0.0,0.0
2008-10-21 00:00:00+09:00,1504.8449853018647,1539.6614502574348,1450.6860398154222,1520.3189697265625,17023,0.0,0.0
2008-10-22 00:00:00+09:00,1473.8970576533566,1620.8999137972608,1353.9736750096451,1566.740966796875,21344,0.0,0.0
2008-10-23 00:00:00+09:00,1454.5544466675135,1539.6613557810383,1334.6310747348195,1427.4749755859375,33661,0.0,0.0
2008-10-24 00:00:00+09:00,1454.5543733827628,1454.5543733827628,1214.7076416015625,1214.7076416015625,33661,0.0,0.0
2008-10-27 00:00:00+09:00,1044.4938011169434,1237.9185791015625,1032.8883144378663,1237.9185791015625,96962,0.0,0.0
2008-10-28 00:00:00+09:00,1098.6528679538487,1419.738037109375,1052.2309157867846,1419.738037109375,32236,0.0,0.0
2008-10-29 00:00:00+09:00,1419.7379838483444,1547.3983475186315,1295.9461160468538,1427.4749755859375,20533,0.0,0.0
2008-10-30 00:00:00+09:00,1427.4750631783754,1624.768364593273,1427.4750631783754,1520.3189697265625,31990,0.0,0.0
2008-10-31 00:00:00+09:00,1520.3191210369732,1721.480938578761,1508.7136315634084,1663.4534912109375,40254,0.0,0.0
2008-11-03 00:00:00+09:00,1686.6644832769298,1686.6644832769298,1559.004098074777,1678.927490234375,23712,0.0,0.0
2008-11-04 00:00:00+09:00,1682.7958931300952,1818.193263841712,1632.5054411514946,1779.50830078125,50513,0.0,0.0
2008-11-05 00:00:00+09:00,1779.5079149296716,1922.642247217493,1748.5599511917642,1899.4312744140625,89411,0.0,0.0
2008-11-06 00:00:00+09:00,1891.6946056214722,1891.6946056214722,1651.8478458085249,1756.2972412109375,8559,0.0,0.0
2008-11-07 00:00:00+09:00,1624.7684144579675,1903.300142650762,1578.3464597591685,1872.3521728515625,52927,0.0,0.0
2008-11-10 00:00:00+09:00,1934.2478434244792,1934.2478434244792,1779.5080159505208,1856.8779296875,14209,0.0,0.0
2008-11-11 00:00:00+09:00,1853.0095404616925,1853.0095404616925,1756.2971427340467,1841.404052734375,6338,0.0,0.0
2008-11-12 00:00:00+09:00,1725.3491708962722,1965.1959166262473,1671.1902283120842,1744.691650390625,87813,0.0,0.0
2008-11-13 00:00:00+09:00,1744.6918340268344,1779.50830078125,1570.6095002547554,1779.50830078125,14295,0.0,0.0
2008-11-14 00:00:00+09:00,1849.1412624782986,1856.8782552083333,1748.5603569878472,1810.456298828125,48283,0.0,0.0
2008-11-17 00:00:00+09:00,1810.4560418661104,1810.4560418661104,1740.8231171789523,1767.902587890625,4168,0.0,0.0
2008-11-18 00:00:00+09:00,1767.9024825023728,1818.1929251118493,1717.612039892896,1783.37646484375,20108,0.0,0.0
2008-11-19 00:00:00+09:00,1802.7191202001634,1802.7191202001634,1651.8477775224671,1775.6396484375,629,0.0,0.0
2008-11-20 00:00:00+09:00,1775.6397870744977,1775.6397870744977,1547.3985072544642,1624.7684326171875,16495,0.0,0.0
2008-11-21 00:00:00+09:00,1663.4532008598878,1779.5080753384846,1497.107880773899,1767.902587890625,19927,0.0,0.0
2008-11-24 00:00:00+09:00,1802.7192112171622,1802.7192112171622,1663.4533494063942,1675.058837890625,12998,0.0,0.0
2008-11-25 00:00:00+09:00,1678.9273803710937,1760.1658020019531,1624.7684326171875,1624.7684326171875,21541,0.0,0.0
2008-11-26 00:00:00+09:00,1690.5329115125867,1690.5329115125867,1613.1629842122395,1671.1904296875,9068,0.0,0.0
2008-11-27 00:00:00+09:00,1717.6122097756881,1717.6122097756881,1605.4258267047535,1651.8477783203125,17720,0.0,0.0
2008-11-28 00:00:00+09:00,1593.8204624720981,1663.4533952985491,1593.8204624720981,1624.7684326171875,15044,0.0,0.0
2008-12-01 00:00:00+09:00,1779.508224414988,1779.508224414988,1609.2943942535544,1632.50537109375,12929,0.0,0.0
2008-12-02 00:00:00+09:00,1632.505423322839,1632.505423322839,1555.135498046875,1555.135498046875,10428,0.0,0.0
2008-12-03 00:00:00+09:00,1620.899641436841,1620.899641436841,1555.1352168439382,1605.4256591796875,11839,0.0,0.0
2008-12-04 00:00:00+09:00,1698.2695702891929,1698.2695702891929,1617.0311625988215,1620.899658203125,32281,0.0,0.0
2008-12-05 00:00:00+09:00,1620.8999363490514,1659.584899030413,1620.8999363490514,1624.7684326171875,28322,0.0,0.0
2008-12-08 00:00:00+09:00,1733.086234412114,1733.086234412114,1586.0833841718008,1628.6368408203125,21181,0.0,0.0
2008-12-09 00:00:00+09:00,1613.162846262862,1671.1902867759147,1586.0833740234375,1586.0833740234375,32780,0.0,0.0
2008-12-10 00:00:00+09:00,1586.083483426076,1655.7164168447819,1586.083483426076,1640.242431640625,9062,0.0,0.0
2008-12-11 00:00:00+09:00,1694.401379855174,1694.401379855174,1624.7684464364681,1640.242431640625,21837,0.0,0.0
2008-12-12 00:00:00+09:00,1508.7135445731026,1694.4013654436383,1624.7684326171875,1624.7684326171875,31684,0.0,0.0
2008-12-15 00:00:00+09:00,1508.713427505672,1849.141072686439,1508.713427505672,1651.8477783203125,31684,0.0,0.0
2008-12-16 00:00:00+09:00,1678.927161100869,1702.1381356783004,1578.346271265333,1655.7161865234375,22401,0.0,0.0
2008-12-17 00:00:00+09:00,1655.7161865234375,1771.7710594105945,1655.7161865234375,1655.7161865234375,40803,0.0,0.0
2008-12-18 00:00:00+09:00,1655.7164442274304,1709.8753933376736,1655.7164442274304,1671.1904296875,11621,0.0,0.0
2008-12-19 00:00:00+09:00,1671.1902733468678,1709.8752333780453,1651.847793331279,1667.32177734375,18571,0.0,0.0
2008-12-22 00:00:00+09:00,1671.190322176032,1767.9027250797376,1671.190322176032,1686.664306640625,38856,0.0,0.0
2008-12-23 00:00:00+09:00,1698.269876156213,1702.1383724572522,1640.242431640625,1640.242431640625,14716,0.0,0.0
2008-12-24 00:00:00+09:00,1640.242499266432,1709.8754355560447,1640.242499266432,1647.9794921875,20039,0.0,0.0
2008-12-26 00:00:00+09:00,1647.9794003646987,1856.8781975940267,1647.9794003646987,1748.560302734375,38977,0.0,0.0
2008-12-29 00:00:00+09:00,1804.4502748515272,1916.2303803733032,1748.5602220906392,1764.52880859375,36546,70.0,0.0
2008-12-30 00:00:00+09:00,1764.528729751009,1900.261708962625,1764.528729751009,1792.4737548828125,54183,0.0,0.0
2009-01-02 00:00:00+09:00,1796.465904535685,1872.3166871716362,1796.465904535685,1828.403076171875,12856,0.0,0.0
2009-01-05 00:00:00+09:00,1868.3244597199673,1984.0967018821023,1844.3715820312498,1844.37158203125,21592,0.0,0.0
2009-01-06 00:00:00+09:00,1844.3715940875773,1952.1595443913966,1844.3715940875773,1940.18310546875,5640,0.0,0.0
2009-01-07 00:00:00+09:00,1924.214649001987,2071.924072265625,1896.2696229791366,2071.924072265625,10003,0.0,0.0
2009-01-08 00:00:00+09:00,2012.0416734132125,2379.319121734672,2012.0416734132125,2311.45263671875,35016,0.0,0.0
2009-01-09 00:00:00+09:00,2255.5631129861736,2311.453172422999,2215.6416419598695,2219.6337890625,6020,0.0,0.0
2009-01-12 00:00:00+09:00,2219.6334172106053,2263.5470279827578,2159.751220703125,2159.751220703125,3399,0.0,0.0
2009-01-13 00:00:00+09:00,2175.719806438453,2211.6491243429414,2051.9632669896605,2159.751220703125,3152,0.0,0.0
2009-01-14 00:00:00+09:00,2203.6650390625,2231.610066731771,2079.9084879557295,2227.617919921875,948,0.0,0.0
2009-01-15 00:00:00+09:00,2115.837179587705,2207.656528890568,2000.064956553661,2187.69580078125,5277,0.0,0.0
2009-01-16 00:00:00+09:00,2187.6965314592635,2235.602294921875,2055.9556819370814,2235.602294921875,4688,0.0,0.0
2009-01-19 00:00:00+09:00,2203.6649107142857,2235.602083333333,2095.876953125,2095.876953125,4232,0.0,0.0
2009-01-20 00:00:00+09:00,2127.81433151533,2239.594446491745,1968.1284529775944,2115.837890625,4020,0.0,0.0
2009-01-21 00:00:00+09:00,2115.837890625,2127.81433151533,1988.0891877948116,2115.837890625,111481,0.0,0.0
2009-01-22 00:00:00+09:00,2115.837278068555,2431.216796875,2039.9865077227012,2431.216796875,111481,0.0,0.0
2009-01-23 00:00:00+09:00,2794.5025121589892,2794.5025121589892,2187.6962523758943,2231.60986328125,343798,0.0,0.0
2009-01-28 00:00:00+09:00,2271.5314110196637,2271.5314110196637,2159.751306435216,2239.59423828125,67431,0.0,0.0
2009-01-29 00:00:00+09:00,2247.5788596134425,2247.5788596134425,2167.7359161103004,2223.6259765625,15221,0.0,0.0
2009-01-30 00:00:00+09:00,2143.7828369140625,2275.523681640625,2143.7828369140625,2275.523681640625,6974,0.0,0.0
2009-02-02 00:00:00+09:00,2179.7117939933405,2291.491885992999,2179.7117939933405,2191.688232421875,9629,0.0,0.0
2009-02-03 00:00:00+09:00,2155.758552970467,2231.60931687128,2131.805680159684,2179.71142578125,31544,0.0,0.0
2009-02-04 00:00:00+09:00,2271.5311980646306,2271.5311980646306,2159.751103959517,2195.680419921875,4445,0.0,0.0
2009-02-05 00:00:00+09:00,2203.664383268704,2263.5465675966584,2155.7586358063413,2187.69580078125,11609,0.0,0.0
2009-02-06 00:00:00+09:00,2227.617589666193,2227.617589666193,2135.7982266512786,2195.680419921875,10058,0.0,0.0
2009-02-09 00:00:00+09:00,2235.6018399931695,2271.531155278774,2187.69608627903,2191.688232421875,11215,0.0,0.0
2009-02-10 00:00:00+09:00,2191.687783971629,2219.6328012535987,2079.90771484375,2079.90771484375,13085,0.0,0.0
2009-02-11 00:00:00+09:00,1996.0731763518259,2187.696201281601,1960.143859177493,2131.80615234375,5818,0.0,0.0
2009-02-12 00:00:00+09:00,2155.7587663517443,2155.7587663517443,2016.0336611252421,2059.947265625,5369,0.0,0.0
2009-02-13 00:00:00+09:00,2091.8844325339146,2127.8137453064437,2059.947265625,2059.947265625,5792,0.0,0.0
2009-02-16 00:00:00+09:00,2075.9156436011904,2235.6014623397436,2075.9156436011904,2179.71142578125,3934,0.0,0.0
2009-02-17 00:00:00+09:00,2195.680829893868,2299.476650943396,2115.837890625,2115.837890625,6151,0.0,0.0
2009-02-18 00:00:00+09:00,2119.8297948125582,2155.7591133687033,1800.4580743134911,2139.79052734375,13650,0.0,0.0
2009-02-19 00:00:00+09:00,2139.790447771991,2187.6962040653934,2075.9161060474535,2155.759033203125,5628,0.0,0.0
2009-02-20 00:00:00+09:00,2151.766884107268,2235.601957514045,1920.2223956504565,2131.80615234375,3843,0.0,0.0
2009-02-23 00:00:00+09:00,2131.8062750960194,2255.562819155901,2043.9790502793294,2143.78271484375,26108,0.0,0.0
2009-02-24 00:00:00+09:00,2143.782594129774,2183.70405770761,2035.994642469618,2155.759033203125,9394,0.0,0.0
2009-02-25 00:00:00+09:00,2155.759151785714,2235.602083333333,2095.876953125,2095.876953125,21210,0.0,0.0
2009-02-26 00:00:00+09:00,2131.806312913161,2223.625685941256,2063.9398198054387,2075.916259765625,6989,0.0,0.0
2009-02-27 00:00:00+09:00,2115.837890625,2135.798625442217,2059.9478331367927,2115.837890625,10728,0.0,0.0
2009-03-02 00:00:00+09:00,2059.9475898742676,2115.837640762329,2004.057538986206,2043.97900390625,7946,0.0,0.0
2009-03-03 00:00:00+09:00,2004.0574209268812,2059.9474685224513,1916.230203276699,2055.955322265625,9508,0.0,0.0
2009-03-04 00:00:00+09:00,2059.9476339285716,2095.876953125,2059.9476339285716,2095.876953125,9115,0.0,0.0
2009-03-05 00:00:00+09:00,2095.876993032602,2155.7591928335337,2016.0340599646934,2075.916259765625,18463,0.0,0.0
2009-03-06 00:00:00+09:00,2075.916420990566,2115.837890625,2047.9713922464623,2115.837890625,7557,0.0,0.0
2009-03-09 00:00:00+09:00,2115.8370982858287,2203.664298592033,2115.8370982858287,2179.71142578125,15121,0.0,0.0
2009-03-10 00:00:00+09:00,2155.759033203125,2207.656935854311,2043.978935185185,2155.759033203125,18016,0.0,0.0
2009-03-11 00:00:00+09:00,2155.7592391304347,2479.123125,2135.798505434783,2295.484375,96120,0.0,0.0
2009-03-12 00:00:00+09:00,2295.4844156901045,2299.4765625,2195.6807454427085,2275.523681640625,26648,0.0,0.0
2009-03-13 00:00:00+09:00,2275.5232130879103,2515.051972360322,2203.664585306187,2371.334716796875,43572,0.0,0.0
2009-03-16 00:00:00+09:00,2339.397548893887,2431.216906614978,2335.4054029060135,2371.334716796875,15947,0.0,0.0
2009-03-17 00:00:00+09:00,2339.3980305989585,2395.2880859375,2303.468709309896,2395.2880859375,7393,0.0,0.0
2009-03-18 00:00:00+09:00,2395.287634585084,2435.209095161502,2347.3818818933823,2375.326904296875,15396,0.0,0.0
2009-03-19 00:00:00+09:00,2375.3273106433667,2387.3037508650978,2287.5000823506707,2343.39013671875,11344,0.0,0.0
2009-03-20 00:00:00+09:00,2371.335205078125,2395.2880859375,2251.57080078125,2395.2880859375,19265,0.0,0.0
2009-03-23 00:00:00+09:00,2387.3034700305257,2435.2092252819743,2331.413422237169,2411.25634765625,19209,0.0,0.0
2009-03-24 00:00:00+09:00,2411.256385968802,2451.1778493126567,2355.366337287406,2391.295654296875,26199,0.0,0.0
2009-03-25 00:00:00+09:00,2379.3190457873516,2391.295483937288,2279.515394537882,2351.3740234375,6567,0.0,0.0
2009-03-26 00:00:00+09:00,2379.3190457873516,2527.028449636566,2331.413293187606,2351.3740234375,6711,0.0,0.0
2009-03-27 00:00:00+09:00,2379.319136738184,2459.1620607898008,2319.436943699471,2407.26416015625,19433,0.0,0.0
2009-03-30 00:00:00+09:00,2331.4135017017325,2515.052236424814,2331.4135017017325,2419.24072265625,6734,0.0,0.0
2009-03-31 00:00:00+09:00,2395.287926888233,2471.1387112396937,2363.3507545297234,2451.177978515625,8797,0.0,0.0
2009-04-01 00:00:00+09:00,2630.8244061318173,2630.8244061318173,2391.295628638784,2507.06787109375,5337,0.0,0.0
2009-04-02 00:00:00+09:00,2515.0522154359687,2606.87158203125,2415.2485560932714,2606.87158203125,50477,0.0,0.0
2009-04-03 00:00:00+09:00,2606.871342706753,2630.82421875,2535.0127145770107,2630.82421875,18250,0.0,0.0
2009-04-06 00:00:00+09:00,2646.792965405608,2674.737989173088,2499.0835540632133,2622.840087890625,16404,0.0,0.0
2009-04-07 00:00:00+09:00,2602.8799329730136,2618.8485215188603,2479.1233717427017,2487.107666015625,70652,0.0,0.0
2009-04-08 00:00:00+09:00,2479.1231689453125,2586.9111328125,2399.280232747396,2491.099609375,14492,0.0,0.0
2009-04-09 00:00:00+09:00,2554.9734350850076,2634.816354931414,2495.091245200203,2582.91845703125,41127,0.0,0.0
2009-04-10 00:00:00+09:00,2610.863690129892,2630.8244217058086,2519.0443248806755,2626.832275390625,36425,0.0,0.0
2009-04-13 00:00:00+09:00,2594.8951241629466,2866.3610756138396,2586.9108314732143,2794.50244140625,34132,0.0,0.0
2009-04-14 00:00:00+09:00,2874.345210740546,2874.345210740546,2794.5022882199755,2850.392333984375,37785,0.0,0.0
2009-04-15 00:00:00+09:00,2854.384806542423,2886.3219792030377,2758.5732885605794,2858.376953125,26419,0.0,0.0
2009-04-16 00:00:00+09:00,2858.3769949969746,2986.1256875108056,2834.424115150631,2886.322021484375,28433,0.0,0.0
2009-04-17 00:00:00+09:00,2886.322103309892,3018.0629461995554,2886.322103309892,2918.25927734375,35865,0.0,0.0
2009-04-20 00:00:00+09:00,2918.259080078125,3113.8742578124998,2918.259080078125,2994.10986328125,53260,0.0,0.0
2009-04-21 00:00:00+09:00,2994.1099437887483,3057.984289256242,2954.1884778715653,2978.141357421875,29704,0.0,0.0
2009-04-22 00:00:00+09:00,3233.6384912864446,3233.6384912864446,3018.0625918673486,3097.905517578125,23043,0.0,0.0
2009-04-23 00:00:00+09:00,3097.905886573379,3329.450398714173,3018.062951352416,3325.458251953125,37206,0.0,0.0
2009-04-24 00:00:00+09:00,3345.418378743876,3501.112074174677,3277.5518961201938,3361.386962890625,46518,0.0,0.0
2009-04-27 00:00:00+09:00,3513.088608649624,3513.088608649624,3121.858286322734,3181.740478515625,33396,0.0,0.0
2009-04-28 00:00:00+09:00,3177.748816368844,3193.7174033857727,2742.6048201575322,2918.25927734375,63924,0.0,0.0
2009-04-29 00:00:00+09:00,2918.259121571066,3038.0235178051726,2918.259121571066,3022.054931640625,34796,0.0,0.0
2009-04-30 00:00:00+09:00,3030.039181640625,3030.039181640625,2902.290494140625,2994.10986328125,32306,0.0,0.0
2009-05-04 00:00:00+09:00,2954.1884816753927,3073.952879581152,2922.251308900524,3050.0,22523,0.0,0.0
2009-05-06 00:00:00+09:00,3034.031328125,3089.92137890625,2970.156984375,2994.10986328125,3185,0.0,0.0
2009-05-07 00:00:00+09:00,3018.0625824538256,3073.9526302770446,2914.266779353562,3026.046875,10896,0.0,0.0
2009-05-08 00:00:00+09:00,3026.047200089108,3105.8901341283986,2966.16499955964,3010.07861328125,2702,0.0,0.0
2009-05-11 00:00:00+09:00,3010.0787375710224,3034.031618771853,2854.385009765625,2854.385009765625,21418,0.0,0.0
2009-05-12 00:00:00+09:00,2794.50280710067,2850.3928632426832,2742.604897825943,2830.43212890625,19116,0.0,0.0
2009-05-13 00:00:00+09:00,2910.274852951138,2910.274852951138,2738.6125502393425,2762.5654296875,22559,0.0,0.0
2009-05-14 00:00:00+09:00,2758.5728633361455,2838.415782680173,2638.8084843201045,2698.690673828125,15856,0.0,0.0
2009-05-15 00:00:00+09:00,2698.6908279833838,2794.5023366691844,2634.8164888595165,2642.80078125,14478,0.0,0.0
2009-05-18 00:00:00+09:00,2650.7849993024556,2706.6750444684712,2606.8713923863,2682.72216796875,16829,0.0,0.0
2009-05-19 00:00:00+09:00,2714.659830729167,2754.581298828125,2662.761922200521,2730.62841796875,22770,0.0,0.0
2009-05-20 00:00:00+09:00,2710.667400756657,2742.6045718995924,2650.785204863653,2726.635986328125,20745,0.0,0.0
2009-05-21 00:00:00+09:00,2726.6363935876698,2814.4636273489127,2690.7070706853433,2718.652099609375,44264,0.0,0.0
2009-05-22 00:00:00+09:00,2714.6593321837463,2778.533669411599,2658.769287109375,2658.769287109375,32281,0.0,0.0
2009-05-25 00:00:00+09:00,2622.839900451299,2754.580717368944,2562.9577109432785,2698.690673828125,20917,0.0,0.0
2009-05-26 00:00:00+09:00,2698.690915053638,2698.690915053638,2626.832281220849,2674.738037109375,30423,0.0,0.0
2009-05-27 00:00:00+09:00,2714.659341007559,2778.533678443031,2586.910666136615,2706.675048828125,10902,0.0,0.0
2009-05-28 00:00:00+09:00,2690.70686944419,2874.3456172104106,2662.7618426102,2722.64404296875,27720,0.0,0.0
2009-05-29 00:00:00+09:00,2730.62791051236,2978.1409667283924,2730.62791051236,2846.400146484375,24703,0.0,0.0
2009-06-01 00:00:00+09:00,2826.439461263021,2930.235260687934,2826.439461263021,2874.34521484375,28716,0.0,0.0
2009-06-02 00:00:00+09:00,2978.141014268663,2978.141014268663,2854.384484185113,2874.34521484375,28408,0.0,0.0
2009-06-03 00:00:00+09:00,2954.1884711068433,2954.1884711068433,2826.4397804643854,2858.376953125,22498,0.0,0.0
2009-06-04 00:00:00+09:00,2858.37686254529,2906.282620018116,2722.6438830389493,2754.5810546875,14613,0.0,0.0
2009-06-05 00:00:00+09:00,2754.5810546875,2818.4553979846014,2594.8951964447465,2754.5810546875,12120,0.0,0.0
2009-06-08 00:00:00+09:00,2754.580717368944,2794.5021770409576,2347.3818287144045,2698.690673828125,24668,0.0,0.0
2009-06-09 00:00:00+09:00,2722.6437510218143,2722.6437510218143,2654.7772645593936,2670.745849609375,5340,0.0,0.0
2009-06-10 00:00:00+09:00,2714.6594165185256,2714.6594165185256,2574.9342994918366,2666.753662109375,4991,0.0,0.0
2009-06-11 00:00:00+09:00,2666.7537721821373,2710.6673822031007,2558.9658203125,2558.9658203125,11197,0.0,0.0
2009-06-12 00:00:00+09:00,2558.9661861443374,2790.510708447569,2515.0525698454485,2570.942626953125,15615,0.0,0.0
2009-06-15 00:00:00+09:00,2570.9423398866757,2710.66746705443,2542.997314453125,2542.997314453125,3853,0.0,0.0
2009-06-16 00:00:00+09:00,2546.989664713542,2594.895426432292,2495.091756184896,2539.00537109375,21672,0.0,0.0
2009-06-17 00:00:00+09:00,2495.0913441901002,2710.667236328125,2479.122759587284,2710.667236328125,22912,0.0,0.0
2009-06-18 00:00:00+09:00,2706.6754176812774,3010.07856184614,2634.8167782738096,2766.5576171875,100380,0.0,0.0
2009-06-19 00:00:00+09:00,2794.50209077105,2898.2978827139746,2674.7377154522906,2690.706298828125,13571,0.0,0.0
2009-06-22 00:00:00+09:00,2706.6753688905296,2778.5340070026673,2586.910972036966,2618.84814453125,25376,0.0,0.0
2009-06-23 00:00:00+09:00,2610.8636353117595,2610.8636353117595,2527.028564453125,2527.028564453125,6883,0.0,0.0
2009-06-24 00:00:00+09:00,2598.8869026280654,2598.8869026280654,2443.193217217168,2523.0361328125,11157,0.0,0.0
2009-06-25 00:00:00+09:00,2515.052695970857,2614.856374382399,2479.1233717427017,2487.107666015625,10328,0.0,0.0
2009-06-26 00:00:00+09:00,2487.107214036331,2554.9737030228757,2435.2093106936786,2443.193603515625,9316,0.0,0.0
2009-06-29 00:00:00+09:00,2475.1306634453986,2594.8950503863052,2407.2641775122183,2527.028564453125,9249,0.0,0.0
2009-06-30 00:00:00+09:00,2531.021036847933,2630.8247054933563,2435.2095149483266,2535.01318359375,12347,0.0,0.0
2009-07-01 00:00:00+09:00,2507.0682790448586,2535.0133076329384,2395.2881646925402,2475.131103515625,21792,0.0,0.0
2009-07-02 00:00:00+09:00,2499.08398516255,2531.021160691784,2427.2253402217743,2475.131103515625,16229,0.0,0.0
2009-07-03 00:00:00+09:00,2475.1309036947378,2594.8953022606124,2439.2015841249754,2550.981689453125,12521,0.0,0.0
2009-07-06 00:00:00+09:00,2546.9894174727183,2546.9894174727183,2503.075806826637,2515.05224609375,10053,0.0,0.0
2009-07-07 00:00:00+09:00,2578.9268391927085,2578.9268391927085,2475.131022135417,2539.00537109375,18658,0.0,0.0
2009-07-08 00:00:00+09:00,2475.1306945008114,2503.075718470982,2459.162109375,2459.162109375,5778,0.0,0.0
2009-07-09 00:00:00+09:00,2515.052572927167,2515.052572927167,2459.162515751008,2475.131103515625,15863,0.0,0.0
2009-07-10 00:00:00+09:00,2515.052490234375,2515.052490234375,2415.2488199869795,2467.146728515625,7470,0.0,0.0
2009-07-13 00:00:00+09:00,2443.1935935507017,2515.052228655134,2299.4763233418366,2347.382080078125,20545,0.0,0.0
2009-07-14 00:00:00+09:00,2375.327351888021,2475.131022135417,2299.4765625,2323.429443359375,101500,0.0,0.0
2009-07-15 00:00:00+09:00,2319.4373809814456,2343.3902627127513,2235.602294921875,2235.602294921875,29386,0.0,0.0
2009-07-16 00:00:00+09:00,2315.445234026228,2315.445234026228,2207.657266235352,2235.602294921875,111969,0.0,0.0
2009-07-17 00:00:00+09:00,2247.5785301414694,2295.4842892208612,2203.664917652027,2215.641357421875,36787,0.0,0.0
2009-07-20 00:00:00+09:00,2219.6336263020835,2275.523681640625,2215.6414794921875,2251.57080078125,30498,0.0,0.0
2009-07-21 00:00:00+09:00,2275.5233514860433,2287.499790178075,2223.6254504872386,2243.586181640625,38123,0.0,0.0
2009-07-22 00:00:00+09:00,2243.5867124382853,2267.539595489228,2223.6259765625,2223.6259765625,44234,0.0,0.0
2009-07-23 00:00:00+09:00,2251.5704998078895,2539.0050316982583,2227.617622150359,2435.209228515625,380369,0.0,0.0
2009-07-24 00:00:00+09:00,2475.130564958299,2475.130564958299,2355.3661827828973,2423.232666015625,165211,0.0,0.0
2009-07-27 00:00:00+09:00,2455.1700403194614,2459.162186726485,2379.3192585860147,2419.24072265625,157818,0.0,0.0
2009-07-28 00:00:00+09:00,2403.2721394058926,2527.028678146063,2387.3035537619994,2443.193603515625,107659,0.0,0.0
2009-07-29 00:00:00+09:00,2475.1306879915146,2475.1306879915146,2383.3113237595717,2411.25634765625,85696,0.0,0.0
2009-07-30 00:00:00+09:00,2419.2408465129574,2459.1623126270324,2403.2722600673274,2455.170166015625,45957,0.0,0.0
2009-07-31 00:00:00+09:00,2459.162109375,2459.162109375,2415.2485002790177,2459.162109375,56101,0.0,0.0
2009-08-03 00:00:00+09:00,2435.2091457969264,2523.0363608912417,2419.2405612343236,2427.224853515625,56662,0.0,0.0
2009-08-04 00:00:00+09:00,2447.1856640948363,2471.1385417205606,2391.2956163014796,2411.25634765625,72177,0.0,0.0
2009-08-05 00:00:00+09:00,2407.264077286554,2435.2090997426167,2371.334762700187,2399.27978515625,36681,0.0,0.0
2009-08-06 00:00:00+09:00,2407.2645263671875,2419.240966796875,2367.3430582682295,2395.2880859375,57978,0.0,0.0
2009-08-07 00:00:00+09:00,2375.3270312176633,2411.25634765625,2375.3270312176633,2411.25634765625,36885,0.0,0.0
2009-08-10 00:00:00+09:00,2411.2565963745114,2642.8011039733888,2379.3194229125975,2554.973876953125,149355,0.0,0.0
2009-08-11 00:00:00+09:00,2531.020996856689,2554.973876953125,2515.0524101257324,2554.973876953125,74554,0.0,0.0
2009-08-12 00:00:00+09:00,2539.0050564565922,2754.580957476491,2515.0521785654923,2626.832275390625,173238,0.0,0.0
2009-08-13 00:00:00+09:00,2726.6357748849055,2730.627920968192,2646.7928532191686,2682.72216796875,150208,0.0,0.0
2009-08-14 00:00:00+09:00,2710.667683919271,2710.667683919271,2515.052490234375,2586.9111328125,193831,0.0,0.0
2009-08-17 00:00:00+09:00,2562.958251953125,2562.958251953125,2419.240966796875,2467.146728515625,153100,0.0,0.0
2009-08-18 00:00:00+09:00,2455.1702475277298,2507.068155199048,2395.288046368517,2463.154541015625,54066,0.0,0.0
2009-08-19 00:00:00+09:00,2475.1308183562196,2507.0679902059774,2431.217207062803,2471.138671875,47897,0.0,0.0
2009-08-20 00:00:00+09:00,2475.1306945008114,2495.091425908076,2419.240646560471,2459.162109375,27943,0.0,0.0
2009-08-21 00:00:00+09:00,2459.162518168605,2459.162518168605,2327.421668981001,2403.2724609375,85706,0.0,0.0
2009-08-24 00:00:00+09:00,2403.272379557292,2427.225260416667,2315.4451497395835,2323.429443359375,107312,0.0,0.0
2009-08-25 00:00:00+09:00,2351.374471028646,2355.366617838542,2235.602213541667,2275.523681640625,133725,0.0,0.0
2009-08-26 00:00:00+09:00,2323.428991889623,2323.428991889623,2279.5153855137023,2303.46826171875,34572,0.0,0.0
2009-08-27 00:00:00+09:00,2303.4682522123894,2303.4682522123894,2255.5625,2255.5625,30327,0.0,0.0
2009-08-28 00:00:00+09:00,2255.5627884914306,2371.3350378122295,2255.5627884914306,2307.460693359375,48114,0.0,0.0
2009-08-31 00:00:00+09:00,2315.4449473359778,2499.0836845384865,2239.59416457842,2327.42138671875,61819,0.0,0.0
2009-09-01 00:00:00+09:00,2359.3587646484375,2411.2566731770835,2323.429443359375,2395.2880859375,47076,0.0,0.0
2009-09-02 00:00:00+09:00,2419.2405062871394,2431.2169444370757,2315.444708987691,2351.3740234375,60588,0.0,0.0
2009-09-03 00:00:00+09:00,2375.3271048409597,2383.311397630341,2319.4370553152903,2347.382080078125,50732,0.0,0.0
2009-09-04 00:00:00+09:00,2355.3661694874786,2399.2797760372455,2331.413293187606,2351.3740234375,54436,0.0,0.0
2009-09-07 00:00:00+09:00,2351.374390873223,2415.2487376541594,2335.405804177989,2387.3037109375,58726,0.0,0.0
2009-09-08 00:00:00+09:00,2539.005451463024,2678.730594232216,2531.021157590499,2570.942626953125,330170,0.0,0.0
2009-09-09 00:00:00+09:00,2554.973831300813,2610.8638838605184,2443.1937261814023,2455.170166015625,168525,0.0,0.0
2009-09-10 00:00:00+09:00,2455.1703688098537,2507.0682790448586,2435.2096341040824,2475.131103515625,49231,0.0,0.0
2009-09-11 00:00:00+09:00,2475.1308683069738,2654.777463587319,2435.2094026891195,2618.84814453125,200036,0.0,0.0
2009-09-14 00:00:00+09:00,2714.659869754936,2906.2829193846965,2650.7855198783495,2830.43212890625,300626,0.0,0.0
2009-09-15 00:00:00+09:00,2914.266556056999,2930.235139925804,2594.894878680889,2698.690673828125,160853,0.0,0.0
2009-09-16 00:00:00+09:00,2738.6125502393425,2818.455481733201,2702.683231067106,2762.5654296875,118891,0.0,0.0
2009-09-17 00:00:00+09:00,2758.573313633974,2762.5654602528366,2499.083783407913,2550.981689453125,187479,0.0,0.0
2009-09-18 00:00:00+09:00,2554.9733832807574,2626.8320096855286,2503.075486432867,2531.0205078125,111161,0.0,0.0
2009-09-21 00:00:00+09:00,2586.91078701332,2586.91078701332,2435.209228515625,2435.209228515625,123662,0.0,0.0
2009-09-22 00:00:00+09:00,2459.162691035584,2734.620849609375,2439.2019549070483,2734.620849609375,285987,0.0,0.0
2009-09-23 00:00:00+09:00,2790.510271130895,2802.4867100627876,2598.8872482206193,2602.87939453125,210376,0.0,0.0
2009-09-24 00:00:00+09:00,2602.8797200520835,2602.8797200520835,2467.146728515625,2467.146728515625,104898,0.0,0.0
2009-09-25 00:00:00+09:00,2475.1307818700398,2594.8951745411705,2467.146489025298,2515.05224609375,61503,0.0,0.0
2009-09-28 00:00:00+09:00,2578.9264347956732,2766.557305438702,2523.0363882211536,2594.89501953125,220686,0.0,0.0
2009-09-29 00:00:00+09:00,2650.785441141917,2714.6597891212405,2590.9032399113016,2654.777587890625,90507,0.0,0.0
2009-09-30 00:00:00+09:00,2670.7458818119726,2710.6673449182804,2598.8872482206193,2602.87939453125,69394,0.0,0.0
2009-10-01 00:00:00+09:00,2642.8011039733888,2662.761837387085,2546.9895835876464,2554.973876953125,57332,0.0,0.0
2009-10-05 00:00:00+09:00,2554.9734910277325,2582.9185135858484,2447.185546875,2447.185546875,61834,0.0,0.0
2009-10-06 00:00:00+09:00,2475.1309812474674,2507.068155199048,2439.2016605519398,2463.154541015625,62870,0.0,0.0
2009-10-07 00:00:00+09:00,2475.1304853723404,2511.059798869681,2439.201171875,2439.201171875,35439,0.0,0.0
2009-10-08 00:00:00+09:00,2467.1465253937804,2487.107257799879,2411.2564746567045,2471.138671875,28260,0.0,0.0
2009-10-09 00:00:00+09:00,2499.08410742501,2499.08410742501,2431.2176061051614,2487.107666015625,31690,0.0,0.0
2009-10-12 00:00:00+09:00,2535.0133076329384,2535.0133076329384,2475.131103515625,2475.131103515625,43799,0.0,0.0
2009-10-13 00:00:00+09:00,2427.2249359631146,2487.1071301069414,2427.2249359631146,2435.209228515625,52893,0.0,0.0
2009-10-14 00:00:00+09:00,2491.099527733119,2582.918901351487,2483.115234375,2483.115234375,39244,0.0,0.0
2009-10-15 00:00:00+09:00,2491.099569389764,2586.9110912893702,2491.099569389764,2535.01318359375,28671,0.0,0.0
2009-10-16 00:00:00+09:00,2539.005287881833,2586.9110480305467,2479.1230876959407,2483.115234375,25027,0.0,0.0
2009-10-19 00:00:00+09:00,2491.099326808426,2542.997229450268,2447.1857168807132,2511.06005859375,19277,0.0,0.0
2009-10-20 00:00:00+09:00,2491.099569389764,2546.989623831201,2491.099569389764,2535.01318359375,43127,0.0,0.0
2009-10-21 00:00:00+09:00,2515.052204950815,2535.0129367361387,2451.177863237778,2511.06005859375,23422,0.0,0.0
2009-10-22 00:00:00+09:00,2483.1149870637173,2554.97362012987,2395.287768871753,2459.162109375,23162,0.0,0.0
2009-10-23 00:00:00+09:00,2495.091756184896,2495.091756184896,2359.3587646484375,2395.2880859375,53421,0.0,0.0
2009-10-26 00:00:00+09:00,2347.382241716056,2407.264441759833,2315.445068359375,2315.445068359375,60649,0.0,0.0
2009-10-27 00:00:00+09:00,2347.38232421875,2347.38232421875,2287.5001220703125,2323.429443359375,23823,0.0,0.0
2009-10-28 00:00:00+09:00,2323.429319371728,2347.3821989528797,2239.5942408376964,2287.5,35537,0.0,0.0
2009-10-29 00:00:00+09:00,2235.6020558499135,2307.460693359375,2219.6334697366997,2307.460693359375,39367,0.0,0.0
2009-10-30 00:00:00+09:00,2307.4605350429288,2355.366290095723,2267.5390724989334,2339.397705078125,8012,0.0,0.0
2009-11-02 00:00:00+09:00,2339.3980305989585,2339.3980305989585,2203.6650390625,2203.6650390625,13038,0.0,0.0
2009-11-03 00:00:00+09:00,2247.5786141304347,2299.4765217391305,2243.5864673913043,2295.484375,14338,0.0,0.0
2009-11-04 00:00:00+09:00,2283.507975260417,2307.460856119792,2239.5943603515625,2299.4765625,3305,0.0,0.0
2009-11-05 00:00:00+09:00,2395.2877064443005,2395.2877064443005,2291.491905831714,2311.45263671875,8859,0.0,0.0
2009-11-06 00:00:00+09:00,2315.445028712607,2395.2879607371797,2299.4764423076927,2335.40576171875,10127,0.0,0.0
2009-11-09 00:00:00+09:00,2299.476439790576,2315.4450261780107,2247.5785340314137,2287.5,5995,0.0,0.0
2009-11-10 00:00:00+09:00,2315.445234026228,2315.445234026228,2227.61800101144,2235.602294921875,23219,0.0,0.0
2009-11-11 00:00:00+09:00,2275.523681640625,2275.523681640625,2183.704305013021,2203.6650390625,27932,0.0,0.0
2009-11-12 00:00:00+09:00,2195.680092024977,2211.6486745124316,2163.7429270500684,2187.69580078125,32924,0.0,0.0
2009-11-13 00:00:00+09:00,2159.751424153646,2339.3980305989585,2159.751424153646,2275.523681640625,21211,0.0,0.0
2009-11-16 00:00:00+09:00,2315.4445031571063,2331.4130859375,2235.6015892551372,2331.4130859375,20225,0.0,0.0
2009-11-17 00:00:00+09:00,2315.444820816093,2359.3584294867433,2267.5390659026566,2291.491943359375,19279,0.0,0.0
2009-11-18 00:00:00+09:00,2315.445068359375,2331.4136550377157,2283.507895002694,2315.445068359375,21313,0.0,0.0
2009-11-19 00:00:00+09:00,2291.491943359375,2327.4212595444524,2259.554773417084,2291.491943359375,3494,0.0,0.0
2009-11-20 00:00:00+09:00,2303.4686266402123,2303.4686266402123,2235.6021333076587,2267.539306640625,6944,0.0,0.0
2009-11-23 00:00:00+09:00,2291.4919364087523,2291.4919364087523,2239.5940354099475,2243.586181640625,18354,0.0,0.0
2009-11-24 00:00:00+09:00,2247.578573307521,2303.4686266402123,2235.6021333076587,2267.539306640625,17759,0.0,0.0
2009-11-25 00:00:00+09:00,2267.539306640625,2307.4607733068333,2251.570719974142,2267.539306640625,30848,0.0,0.0
2009-11-26 00:00:00+09:00,2243.5864266409003,2271.531453307246,2239.5942799742793,2267.539306640625,13344,0.0,0.0
2009-11-27 00:00:00+09:00,2271.5309701314786,2319.43671994093,1932.198575647866,1964.1357421875,257729,0.0,0.0
2009-11-30 00:00:00+09:00,2032.002380225425,2032.002380225425,1672.709228515625,1672.709228515625,417996,0.0,0.0
2009-12-01 00:00:00+09:00,1620.8114349443686,1668.7171916422317,1489.070604025245,1552.9449462890625,721782,0.0,0.0
2009-12-02 00:00:00+09:00,1564.9212962962963,1624.803488756614,1473.1019345238096,1509.03125,464080,0.0,0.0
2009-12-03 00:00:00+09:00,1501.0469576719577,1608.8349041005292,1473.1019345238096,1509.03125,726436,0.0,0.0
2009-12-04 00:00:00+09:00,1528.9920273613684,1588.8742216444507,1505.0391496481354,1548.9527587890625,185688,0.0,0.0
2009-12-07 00:00:00+09:00,1552.944953487312,1656.7407601471323,1548.9528070773188,1624.8035888671875,292641,0.0,0.0
2009-12-08 00:00:00+09:00,1636.7800666216322,1664.7250921493187,1556.9371365425282,1592.866455078125,136847,0.0,0.0
2009-12-09 00:00:00+09:00,1560.9291185651507,1604.842725481306,1556.936972481864,1564.9212646484375,109812,0.0,0.0
2009-12-10 00:00:00+09:00,1592.8664102039484,1592.8664102039484,1540.9685071145966,1552.9449462890625,123495,0.0,0.0
2009-12-11 00:00:00+09:00,1564.921468512056,1592.8664947354855,1544.9607354953205,1572.90576171875,104833,0.0,0.0
2009-12-14 00:00:00+09:00,1608.8349471944846,1808.4422607421875,1604.8428009235306,1808.4422607421875,775782,0.0,0.0
2009-12-15 00:00:00+09:00,1804.450102629485,2020.0259998462818,1716.6228852448642,1724.607177734375,1163987,0.0,0.0
2009-12-16 00:00:00+09:00,1728.599447175826,1776.5052055271192,1668.7172492367097,1736.583740234375,294801,0.0,0.0
2009-12-17 00:00:00+09:00,1752.5523697989327,1864.332475389753,1752.5523697989327,1788.481689453125,264068,0.0,0.0
2009-12-18 00:00:00+09:00,1788.481560334873,1848.3637554353709,1720.6150725543087,1728.599365234375,237844,0.0,0.0
2009-12-21 00:00:00+09:00,1728.599406299503,1776.505163517965,1704.646527690272,1732.591552734375,98730,0.0,0.0
2009-12-22 00:00:00+09:00,1740.575890842014,1796.4659423828125,1724.6073046875,1796.4659423828125,143706,0.0,0.0
2009-12-23 00:00:00+09:00,1796.4659364073425,1808.4423759833915,1712.630859375,1712.630859375,103596,0.0,0.0
2009-12-24 00:00:00+09:00,1712.63064973881,1712.63064973881,1636.7798750417533,1680.6934814453125,139752,0.0,0.0
2009-12-28 00:00:00+09:00,1680.693723198254,1712.6308960856318,1620.8115240344207,1632.7879638671875,74380,0.0,0.0
2009-12-29 00:00:00+09:00,1600.8505793980191,1628.795601981027,1521.0076577322825,1564.9212646484375,154001,0.0,0.0
2009-12-30 00:00:00+09:00,1564.9212646484375,1564.9212646484375,1564.9212646484375,1564.9212646484375,0,0.0,0.0
2010-01-04 00:00:00+09:00,1568.913491797874,1588.874223245684,1505.0391511648816,1560.92919921875,153239,0.0,0.0
2010-01-05 00:00:00+09:00,1548.952723031092,1612.827062125158,1528.9919920641967,1580.889892578125,122783,0.0,0.0
2010-01-06 00:00:00+09:00,1604.842937590732,1696.662309641943,1580.8900579251986,1632.7879638671875,113633,0.0,0.0
2010-01-07 00:00:00+09:00,1648.7566324869792,1676.70166015625,1620.8116048177085,1628.7958984375,88928,0.0,0.0
2010-01-08 00:00:00+09:00,1636.780026879641,1644.764319693688,1596.8585628094058,1612.8271484375,95317,0.0,0.0
2010-01-11 00:00:00+09:00,1620.8113582478234,1636.7799430581467,1580.8898962220148,1604.8427734375,87774,0.0,0.0
2010-01-12 00:00:00+09:00,1612.8273111979167,1652.748779296875,1592.8665771484375,1616.8194580078125,73589,0.0,0.0
2010-01-13 00:00:00+09:00,1636.7800745717798,1776.5052028888829,1600.8507558616675,1700.6544189453125,161149,0.0,0.0
2010-01-14 00:00:00+09:00,1764.528928818507,1864.3326012629927,1712.6310191473744,1848.364013671875,275295,0.0,0.0
2010-01-15 00:00:00+09:00,1896.2693941225564,1896.2693941225564,1800.4578878932061,1812.434326171875,100251,0.0,0.0
2010-01-18 00:00:00+09:00,1800.4580488626934,1868.3245385094026,1784.4894630634678,1804.4501953125,108579,0.0,0.0
2010-01-19 00:00:00+09:00,1812.43449035378,1996.0732272618723,1716.6229754452102,1828.403076171875,443687,0.0,0.0
2010-01-20 00:00:00+09:00,1828.4032389322917,1868.32470703125,1772.51318359375,1772.51318359375,114082,0.0,0.0
2010-01-21 00:00:00+09:00,1772.512985930662,1848.3637668601273,1732.591522283575,1824.410888671875,124435,0.0,0.0
2010-01-22 00:00:00+09:00,1812.4346893933352,1956.1519775390623,1796.466101821588,1956.1519775390625,201778,0.0,0.0
2010-01-25 00:00:00+09:00,1972.120232166591,2059.9474489837266,1864.3322842546518,1924.2144775390625,299643,0.0,0.0
2010-01-26 00:00:00+09:00,1936.1910304440162,1960.1439091711586,1788.4816116266375,1828.403076171875,98277,0.0,0.0
2010-01-27 00:00:00+09:00,1872.3167266167534,1872.3167266167534,1788.4816493055555,1796.4659423828125,55780,0.0,0.0
2010-01-28 00:00:00+09:00,1780.4972303048824,1836.3872778929278,1752.5522065108594,1760.5364990234375,48817,0.0,0.0
2010-01-29 00:00:00+09:00,1760.5366149902343,1760.5366149902343,1636.780072893415,1676.7015380859375,68886,0.0,0.0
2010-02-01 00:00:00+09:00,1652.7486196219638,1716.6229624092862,1648.7564731977561,1684.685791015625,28912,0.0,0.0
2010-02-02 00:00:00+09:00,1716.6229635799632,1724.6072564338235,1660.7329136029412,1696.6622314453125,72782,0.0,0.0
2010-02-03 00:00:00+09:00,1720.6150739477316,1780.4972690967245,1700.6543422314005,1740.5758056640625,80530,0.0,0.0
2010-02-04 00:00:00+09:00,1732.5914815940603,1820.4186995550497,1716.6228965102441,1808.4422607421875,59290,0.0,0.0
2010-02-05 00:00:00+09:00,1732.5915937051004,1780.4973520563935,1676.7015422952586,1736.583740234375,92575,0.0,0.0
2010-02-08 00:00:00+09:00,1792.4738005287627,1952.159662491236,1780.4973608815772,1868.3245849609375,279569,0.0,0.0
2010-02-09 00:00:00+09:00,1908.2459623307577,1908.2459623307577,1820.4187423071662,1824.410888671875,187201,0.0,0.0
2010-02-10 00:00:00+09:00,1876.3089586195056,1896.2696922218406,1816.4267578125,1816.4267578125,120460,0.0,0.0
2010-02-11 00:00:00+09:00,1840.3796394510473,1940.183307534076,1840.3796394510473,1876.3089599609375,122111,0.0,0.0
2010-02-12 00:00:00+09:00,1876.3089196156648,1908.246092715506,1840.3795998783435,1884.293212890625,78040,0.0,0.0
2010-02-16 00:00:00+09:00,1904.2541496276856,1916.2305908203125,1852.3562377929688,1916.2305908203125,45243,0.0,0.0
2010-02-17 00:00:00+09:00,1916.2305908203125,1944.1756202697754,1868.3248260498049,1916.2305908203125,176051,0.0,0.0
2010-02-18 00:00:00+09:00,1912.2379997820894,1936.1908766060822,1880.3008306834324,1932.19873046875,75222,0.0,0.0
2010-02-19 00:00:00+09:00,1908.2459225344967,1936.1909465046672,1836.387289468344,1844.37158203125,95589,0.0,0.0
2010-02-22 00:00:00+09:00,1884.292970805921,1908.2458475534538,1836.3872173108552,1896.2694091796875,103150,0.0,0.0
2010-02-23 00:00:00+09:00,1868.3244986836708,1908.2459623307577,1824.410888671875,1824.410888671875,101765,0.0,0.0
2010-02-24 00:00:00+09:00,1824.411009107317,1824.411009107317,1764.5288096836634,1788.481689453125,79944,0.0,0.0
2010-02-25 00:00:00+09:00,1792.4736209170171,1808.44220551316,1704.6464056382324,1720.614990234375,73497,0.0,0.0
2010-02-26 00:00:00+09:00,1724.607342872191,1776.5052490234377,1700.6544631100774,1776.5052490234375,50919,0.0,0.0
2010-03-02 00:00:00+09:00,1732.5918364503068,1764.5290131590682,1716.623248095926,1748.5604248046875,46263,0.0,0.0
2010-03-03 00:00:00+09:00,1744.568196429207,1812.434693773135,1740.5760495266231,1752.552490234375,37919,0.0,0.0
2010-03-04 00:00:00+09:00,1752.5521634099684,1784.4893326748427,1744.56787109375,1744.56787109375,42748,0.0,0.0
2010-03-05 00:00:00+09:00,1784.4894586736505,1784.4894586736505,1732.5915549538352,1756.54443359375,34129,0.0,0.0
2010-03-08 00:00:00+09:00,1792.473959260215,1792.473959260215,1728.599608818871,1752.552490234375,32698,0.0,0.0
2010-03-09 00:00:00+09:00,1756.5440635075645,2012.0413818359375,1756.5440635075645,2012.0413818359375,833246,0.0,0.0
2010-03-10 00:00:00+09:00,2075.9162606939162,2115.8377272457224,1996.0733275903042,2099.869140625,748176,0.0,0.0
2010-03-11 00:00:00+09:00,2155.758741425305,2163.7430330602133,1964.1357421875,1964.1357421875,415872,0.0,0.0
2010-03-12 00:00:00+09:00,1980.1043254573171,2055.9550959889484,1964.1357421875,1964.1357421875,272567,0.0,0.0
2010-03-15 00:00:00+09:00,1948.1674774106211,1980.104649171451,1872.31669447865,1912.2381591796875,184446,0.0,0.0
2010-03-16 00:00:00+09:00,1912.2383614747084,1980.1048586460447,1896.2697739049822,1968.12841796875,116198,0.0,0.0
2010-03-17 00:00:00+09:00,2008.049401405318,2012.041547332565,1740.5756242797586,1840.3792724609375,202291,0.0,0.0
2010-03-18 00:00:00+09:00,1880.3011066842587,1900.2618403008644,1840.3796394510473,1876.3089599609375,103268,0.0,0.0
2010-03-19 00:00:00+09:00,1896.2698554992676,1948.1677673339846,1596.8588256835938,1916.2305908203125,219660,0.0,0.0
2010-03-22 00:00:00+09:00,1916.2302644482215,1932.19884998529,1844.3716295314134,1908.2459716796875,53722,0.0,0.0
2010-03-23 00:00:00+09:00,1884.2933357518898,1940.1833923208019,1836.3875729785368,1848.364013671875,93232,0.0,0.0
2010-03-24 00:00:00+09:00,1872.316853841146,1872.316853841146,1756.5445963541667,1772.51318359375,114968,0.0,0.0
2010-03-25 00:00:00+09:00,1772.5130631510417,1812.4345285373263,1756.5444769965277,1796.4659423828125,41732,0.0,0.0
2010-03-26 00:00:00+09:00,1832.3950609290082,1860.3400836447013,1796.4657460088317,1836.38720703125,50048,0.0,0.0
2010-03-29 00:00:00+09:00,1836.3874094109788,1860.3402886641654,1812.434530157792,1820.4188232421875,47503,0.0,0.0
2010-03-30 00:00:00+09:00,1808.4423438992562,1852.3559548990174,1808.4423438992562,1828.403076171875,42672,0.0,0.0
2010-03-31 00:00:00+09:00,1844.3716295314134,2035.9946559762354,1820.4187512258106,1908.2459716796875,584408,0.0,0.0
2010-04-01 00:00:00+09:00,1916.2301459194216,1988.0887763913997,1912.2379997820894,1932.19873046875,122369,0.0,0.0
2010-04-02 00:00:00+09:00,1908.2460116859243,1948.1674763655462,1840.3795217305671,1900.26171875,85952,0.0,0.0
2010-04-05 00:00:00+09:00,1876.3089599609375,1916.2304271941491,1756.5445582613033,1876.3089599609375,75225,0.0,0.0
2010-04-06 00:00:00+09:00,1864.3325197909742,1892.2775468542222,1856.3482263443318,1876.3089599609375,42463,0.0,0.0
2010-04-07 00:00:00+09:00,1876.308791413088,1876.308791413088,1820.4187423071662,1824.410888671875,76600,0.0,0.0
2010-04-08 00:00:00+09:00,1804.4502401759482,1868.3245849609375,1780.4973608815772,1868.3245849609375,60883,0.0,0.0
2010-04-09 00:00:00+09:00,1892.2772671071011,1940.1830207047492,1864.3322441751397,1920.2222900390625,86435,0.0,0.0
2010-04-12 00:00:00+09:00,1920.2222508653597,1996.0730258475674,1904.2536666585793,1928.20654296875,71866,0.0,0.0
2010-04-13 00:00:00+09:00,1924.2148023955674,1980.1048588966835,1888.2854803591358,1956.1519775390625,88092,0.0,0.0
2010-04-14 00:00:00+09:00,1972.1205651108098,2024.018474718989,1948.1676837531886,1956.1519775390625,144354,0.0,0.0
2010-04-15 00:00:00+09:00,1956.1516906989455,1956.1516906989455,1888.2852034706148,1940.18310546875,85600,0.0,0.0
2010-04-16 00:00:00+09:00,2219.6336263020835,2227.617919921875,2032.0027262369792,2203.6650390625,955000,0.0,0.0
2010-04-19 00:00:00+09:00,2083.9006770768488,2083.9006770768488,1980.1048579121016,2004.0577392578125,365689,0.0,0.0
2010-04-20 00:00:00+09:00,2008.049346179497,2039.9865127191313,1948.167158917683,1964.1357421875,213822,0.0,0.0
2010-04-21 00:00:00+09:00,1940.1828354492188,2016.0336047363282,1940.1828354492188,1996.0728759765625,87928,0.0,0.0
2010-04-22 00:00:00+09:00,2000.065673828125,2032.002850256518,1976.11279150683,2000.065673828125,92557,0.0,0.0
2010-04-23 00:00:00+09:00,2028.010703202969,2028.010703202969,1972.1206444532809,2000.065673828125,94159,0.0,0.0
2010-04-26 00:00:00+09:00,2028.0102480351327,2028.0102480351327,1940.1830325690441,1992.0809326171875,95613,0.0,0.0
2010-04-27 00:00:00+09:00,1988.0888224366727,2028.0102847345977,1960.143798828125,1960.143798828125,47274,0.0,0.0
2010-04-28 00:00:00+09:00,1964.1361521144204,2083.9005516335924,1952.1597121625032,2039.9869384765625,168917,0.0,0.0
2010-04-29 00:00:00+09:00,2043.9788602941176,2203.6647087545953,2043.9788602941176,2171.7275390625,162899,0.0,0.0
2010-04-30 00:00:00+09:00,2187.696201281601,2187.696201281601,2099.8689815221205,2131.80615234375,84411,0.0,0.0
2010-05-03 00:00:00+09:00,2115.8375669329353,2159.7511768126756,2087.8925424640097,2131.80615234375,54005,0.0,0.0
2010-05-04 00:00:00+09:00,2131.806321558459,2395.2880017510774,2127.814174888874,2315.445068359375,204473,0.0,0.0
2010-05-06 00:00:00+09:00,2235.6017791377817,2475.130541188258,2155.7588584542896,2303.46826171875,230988,0.0,0.0
2010-05-07 00:00:00+09:00,2291.492352294922,2291.492352294922,2147.775061907087,2235.602294921875,121705,0.0,0.0
2010-05-10 00:00:00+09:00,2211.649294279706,2375.3273106433667,2207.657147539129,2343.39013671875,115894,0.0,0.0
2010-05-11 00:00:00+09:00,2435.2095540364585,2435.2095540364585,2227.617919921875,2251.57080078125,132583,0.0,0.0
2010-05-12 00:00:00+09:00,2215.641394593662,2315.4450610168,2119.8298748274497,2123.822021484375,111270,0.0,0.0
2010-05-13 00:00:00+09:00,2143.7824747496547,2231.609689730087,2123.8217440722833,2167.7353515625,95099,0.0,0.0
2010-05-14 00:00:00+09:00,2115.83764830632,2163.7434063811797,2067.93189023146,2139.79052734375,121778,0.0,0.0
2010-05-17 00:00:00+09:00,2087.892700659458,2175.719927073432,2087.892700659458,2099.869140625,50202,0.0,0.0
2010-05-18 00:00:00+09:00,2119.8297965975266,2267.5392174527215,2063.9397454631285,2163.743408203125,113918,0.0,0.0
2010-05-19 00:00:00+09:00,2155.7589711046385,2315.444820816093,2139.790386133493,2291.491943359375,110498,0.0,0.0
2010-05-20 00:00:00+09:00,2307.4601917446444,2315.4444830655602,1948.167082303437,2119.829345703125,188522,0.0,0.0
2010-05-24 00:00:00+09:00,2075.9161198189067,2075.9161198189067,1840.3794831471462,1908.2459716796875,170923,0.0,0.0
2010-05-25 00:00:00+09:00,1884.2930332220874,2135.798247402154,1836.38727814017,2055.955322265625,248352,0.0,0.0
2010-05-26 00:00:00+09:00,2020.026007574958,2363.3505859375,2020.026007574958,2363.3505859375,1056882,0.0,0.0
2010-05-27 00:00:00+09:00,2399.279692737086,2658.769176976538,2275.523169484424,2531.0205078125,415489,0.0,0.0
2010-05-28 00:00:00+09:00,2523.0361328125,2590.902611068532,2467.1460918957673,2523.0361328125,121501,0.0,0.0
2010-05-31 00:00:00+09:00,2483.114890714456,2634.816443523378,2395.2876759303435,2614.855712890625,183673,0.0,0.0
2010-06-01 00:00:00+09:00,2606.871781425844,2646.7932482164388,2471.1387943378218,2483.115234375,91039,0.0,0.0
2010-06-03 00:00:00+09:00,2483.1151934883255,2582.9188588214574,2407.264407835145,2479.123046875,67278,0.0,0.0
2010-06-04 00:00:00+09:00,2479.1227918027053,2479.1227918027053,2323.429089902052,2407.26416015625,139632,0.0,0.0
2010-06-07 00:00:00+09:00,2315.4446902654868,2383.3111725663716,2095.8766592920356,2255.5625,108519,0.0,0.0
2010-06-08 00:00:00+09:00,2255.5633828562013,2383.3121054250482,2239.5947925350956,2319.437744140625,74781,0.0,0.0
2010-06-09 00:00:00+09:00,2363.3509114583335,2451.178141276042,2211.649332682292,2275.523681640625,83828,0.0,0.0
2010-06-10 00:00:00+09:00,2247.5786114694456,2315.4451059543135,2143.7827963749423,2151.76708984375,96068,0.0,0.0
2010-06-11 00:00:00+09:00,2179.712158203125,2231.610066731771,2151.7671305338545,2203.6650390625,48821,0.0,0.0
2010-06-14 00:00:00+09:00,2219.6333662595785,2235.6019516283527,2032.0024881764848,2083.900390625,98808,0.0,0.0
2010-06-15 00:00:00+09:00,2115.8377272457224,2135.7984605216257,2059.947674073194,2099.869140625,31375,0.0,0.0
2010-06-16 00:00:00+09:00,2151.766703539823,2347.3818584070796,2131.8059734513276,2255.5625,181734,0.0,0.0
2010-06-17 00:00:00+09:00,2275.5237644740514,2419.2410548618864,2203.665119280134,2235.602294921875,77256,0.0,0.0
2010-06-18 00:00:00+09:00,2303.468793160575,2303.468793160575,2171.727943638393,2235.602294921875,26629,0.0,0.0
2010-06-21 00:00:00+09:00,2251.570466974432,2303.4683678089486,2195.680419921875,2195.680419921875,40065,0.0,0.0
2010-06-22 00:00:00+09:00,2219.633546641175,2295.4843333069707,2179.7120799749673,2267.539306640625,51113,0.0,0.0
2010-06-23 00:00:00+09:00,2335.4058419547728,2391.295896292152,2235.602173495167,2271.531494140625,61733,0.0,0.0
2010-06-24 00:00:00+09:00,2251.570760869565,2307.4608152173914,2247.5786141304347,2295.484375,18621,0.0,0.0
2010-06-25 00:00:00+09:00,2315.4451497395835,2315.4451497395835,2243.5865071614585,2275.523681640625,12626,0.0,0.0
2010-06-28 00:00:00+09:00,2263.547034848781,2315.4449386460196,2223.625570389367,2231.60986328125,27434,0.0,0.0
2010-06-29 00:00:00+09:00,2251.5701307310674,2251.5701307310674,2179.711509537523,2187.69580078125,25793,0.0,0.0
2010-06-30 00:00:00+09:00,2139.7904036702625,2219.633329180347,2071.923916986691,2127.81396484375,76966,0.0,0.0
2010-07-01 00:00:00+09:00,2131.805782684499,2247.5780068377767,2071.9235977776307,2119.829345703125,30561,0.0,0.0
2010-07-02 00:00:00+09:00,2139.790481596558,2151.7669208592256,2087.892578125,2087.892578125,8512,0.0,0.0
2010-07-05 00:00:00+09:00,2087.892656393612,2167.7355878044577,2004.0575784122243,2035.9947509765625,44680,0.0,0.0
2010-07-06 00:00:00+09:00,2035.9947509765625,2067.9319235409007,1920.2225004308364,2035.9947509765625,38990,0.0,0.0
2010-07-07 00:00:00+09:00,2083.900431704111,2143.782628017447,2035.9946746534415,2087.892578125,50304,0.0,0.0
2010-07-08 00:00:00+09:00,2075.916063262195,2127.81396484375,2039.986746782657,2127.81396484375,32511,0.0,0.0
2010-07-09 00:00:00+09:00,2151.767005208333,2151.767005208333,2071.9240736607144,2095.876953125,19904,0.0,0.0
2010-07-12 00:00:00+09:00,2095.8767427080797,2119.829619767601,2047.9709885890381,2051.963134765625,39663,0.0,0.0
2010-07-13 00:00:00+09:00,2075.9162606939162,2131.8063138664447,2075.9162606939162,2099.869140625,29084,0.0,0.0
2010-07-14 00:00:00+09:00,2099.8684414737286,2115.837022777711,2071.9234241917584,2079.90771484375,19423,0.0,0.0
2010-07-15 00:00:00+09:00,2115.8374955610793,2263.546905628551,2043.9788636363637,2195.680419921875,63031,0.0,0.0
2010-07-16 00:00:00+09:00,2203.664623818277,2463.1541175649945,2135.7981408383666,2375.326904296875,181484,0.0,0.0
2010-07-19 00:00:00+09:00,2303.4685501357258,2391.2957738844016,2295.484257067664,2355.366455078125,75604,0.0,0.0
2010-07-20 00:00:00+09:00,2355.3661827828973,2471.1384188857855,2275.5232613326298,2423.232666015625,145149,0.0,0.0
2010-07-21 00:00:00+09:00,2475.1309377612874,2475.1309377612874,2275.523604070861,2387.3037109375,39779,0.0,0.0
2010-07-22 00:00:00+09:00,2363.350989163306,2531.021160691784,2303.4687850459927,2475.131103515625,383535,0.0,0.0
2010-07-23 00:00:00+09:00,2515.0521636768513,2550.981480300806,2371.334897181031,2507.06787109375,67670,0.0,0.0
2010-07-26 00:00:00+09:00,2507.0684016979335,2507.0684016979335,2435.2097532416233,2487.107666015625,71527,0.0,0.0
2010-07-27 00:00:00+09:00,2403.2720675134356,2531.0207488430533,2403.2720675134356,2507.06787109375,164824,0.0,0.0
2010-07-28 00:00:00+09:00,2507.0682790448586,2511.060425986013,2395.2881646925402,2475.131103515625,144924,0.0,0.0
2010-07-29 00:00:00+09:00,2467.1460395708477,2467.1460395708477,2323.4287945473034,2331.4130859375,108465,0.0,0.0
2010-07-30 00:00:00+09:00,2371.335081129808,2455.1701597556093,2163.743457865919,2335.40576171875,223467,0.0,0.0
2010-08-02 00:00:00+09:00,2275.5232130879103,2431.216906614978,2275.5232130879103,2371.334716796875,97830,0.0,0.0
2010-08-03 00:00:00+09:00,2395.2876843904196,2515.0520686099403,2383.3112459684676,2427.224853515625,90698,0.0,0.0
2010-08-04 00:00:00+09:00,2455.16987650018,2455.16987650018,2379.319099827817,2427.224853515625,40348,0.0,0.0
2010-08-05 00:00:00+09:00,2411.256429842203,2471.1386259475557,2391.295697807085,2419.24072265625,72965,0.0,0.0
2010-08-06 00:00:00+09:00,2419.240966796875,2630.8247477213545,2411.2566731770835,2586.9111328125,260647,0.0,0.0
2010-08-09 00:00:00+09:00,2626.8324752115122,2666.753941400137,2507.0680766456376,2550.981689453125,104947,0.0,0.0
2010-08-10 00:00:00+09:00,2570.9420286418817,2670.745678822079,2550.9812986058423,2630.82421875,150569,0.0,0.0
2010-08-11 00:00:00+09:00,2614.8557920206895,2914.266760572677,2479.1228196104553,2598.88720703125,810478,0.0,0.0
2010-08-12 00:00:00+09:00,2491.099693729236,2515.0525753997094,2395.288167047342,2403.2724609375,190108,0.0,0.0
2010-08-13 00:00:00+09:00,2435.2094764709473,2558.966023635864,2395.2880096435547,2554.973876953125,93348,0.0,0.0
2010-08-16 00:00:00+09:00,2590.9033648090976,2590.9033648090976,2419.241046339466,2475.131103515625,93958,0.0,0.0
2010-08-17 00:00:00+09:00,2463.1540475398933,2511.059798869681,2403.2718583776596,2439.201171875,75983,0.0,0.0
2010-08-18 00:00:00+09:00,2467.146728515625,2471.138875325521,2395.2880859375,2467.146728515625,54953,0.0,0.0
2010-08-19 00:00:00+09:00,2403.2721370281556,2507.067943610767,2403.2721370281556,2419.24072265625,65011,0.0,0.0
2010-08-20 00:00:00+09:00,2475.130569433116,2531.0206145493476,2395.287647838499,2447.185546875,99230,0.0,0.0
2010-08-23 00:00:00+09:00,2455.170118428893,2499.083730303231,2339.3978689420023,2355.366455078125,65103,0.0,0.0
2010-08-24 00:00:00+09:00,2339.3975663716815,2351.374004424779,2191.6881637168144,2255.5625,201032,0.0,0.0
2010-08-25 00:00:00+09:00,2251.570466974432,2259.5547594105115,2195.680419921875,2195.680419921875,30256,0.0,0.0
2010-08-26 00:00:00+09:00,2211.649332682292,2395.2880859375,2211.649332682292,2275.523681640625,33859,0.0,0.0
2010-08-27 00:00:00+09:00,2223.625854056222,2303.468793160575,2211.6494131905692,2235.602294921875,46649,0.0,0.0
2010-08-30 00:00:00+09:00,2239.5942816372576,2315.445068359375,2239.5942816372576,2315.445068359375,20759,0.0,0.0
2010-08-31 00:00:00+09:00,2275.522991120293,2319.436592703317,2207.6565159465304,2279.51513671875,45713,0.0,0.0
2010-09-01 00:00:00+09:00,2275.5235243975108,2435.2093857587397,2211.649179853019,2355.366455078125,140942,0.0,0.0
2010-09-02 00:00:00+09:00,2355.3665350552264,2367.3429750639816,2275.5236016635236,2315.445068359375,45732,0.0,0.0
2010-09-03 00:00:00+09:00,2327.4209402424017,2379.3188342786816,2243.585880645334,2331.4130859375,41387,0.0,0.0
2010-09-06 00:00:00+09:00,2307.4609383536385,2355.3667017796656,2271.531615784118,2283.508056640625,142601,0.0,0.0
2010-09-07 00:00:00+09:00,2267.539231329449,2618.848126324153,2263.5470847954184,2355.366455078125,1594558,0.0,0.0
2010-09-08 00:00:00+09:00,2395.2880859375,2395.2880859375,2275.523681640625,2299.4765625,189726,0.0,0.0
2010-09-09 00:00:00+09:00,2267.5393880208335,2355.366617838542,2267.5393880208335,2275.523681640625,111689,0.0,0.0
2010-09-10 00:00:00+09:00,2275.5238484993256,2339.3982021414117,2219.6337890625,2219.6337890625,142076,0.0,0.0
2010-09-13 00:00:00+09:00,2243.586302619074,2275.523474186605,2207.6569846056013,2231.60986328125,77624,0.0,0.0
2010-09-14 00:00:00+09:00,2255.5627779239217,2255.5627779239217,2131.806236126326,2163.743408203125,105927,0.0,0.0
2010-09-15 00:00:00+09:00,2155.758913156077,2183.7039361043967,2099.868867259438,2167.7353515625,58944,0.0,0.0
2010-09-16 00:00:00+09:00,2195.6807863559757,2195.6807863559757,2151.767170628856,2183.704345703125,66346,0.0,0.0
2010-09-17 00:00:00+09:00,2187.696287260724,2207.6570198087234,2147.7748221647253,2163.743408203125,44793,0.0,0.0
2010-09-20 00:00:00+09:00,2175.719806438453,2187.696245739949,2159.751220703125,2159.751220703125,19684,0.0,0.0
2010-09-24 00:00:00+09:00,2243.586181640625,2247.5783278713025,2179.711841949789,2243.586181640625,48526,0.0,0.0
2010-09-27 00:00:00+09:00,2275.5237644740514,2275.5237644740514,2183.7043845040457,2235.602294921875,20205,0.0,0.0
2010-09-28 00:00:00+09:00,2271.5308588403855,2271.5308588403855,2147.774344562614,2187.69580078125,68545,0.0,0.0
2010-09-29 00:00:00+09:00,2187.696410453386,2195.680703922194,2139.790649640538,2151.76708984375,48638,0.0,0.0
2010-09-30 00:00:00+09:00,2143.78271484375,2171.7277409217877,2103.8612490179817,2143.78271484375,42906,0.0,0.0
2010-10-01 00:00:00+09:00,2135.7982573947584,2235.601914282364,2123.821818568246,2127.81396484375,36614,0.0,0.0
2010-10-04 00:00:00+09:00,2155.7593184141356,2175.7200528438957,2111.8457026686624,2135.798583984375,35408,0.0,0.0
2010-10-05 00:00:00+09:00,2135.7982195886098,2275.523336757958,2095.8767575402244,2147.774658203125,228590,0.0,0.0
2010-10-06 00:00:00+09:00,2191.6883447820487,2191.6883447820487,2099.868978789358,2107.853271484375,63105,0.0,0.0
2010-10-07 00:00:00+09:00,2111.845535816866,2143.782708381204,2035.9947509765625,2035.9947509765625,137249,0.0,0.0
2010-10-08 00:00:00+09:00,2043.9789094650205,2071.9239336178625,1876.3087645479682,1940.18310546875,211619,0.0,0.0
2010-10-11 00:00:00+09:00,1964.1362713249362,1964.1362713249362,1916.2305086096937,1956.1519775390625,42950,0.0,0.0
2010-10-12 00:00:00+09:00,1956.151696630271,2004.0574524661145,1948.1674039909637,1988.0888671875,38284,0.0,0.0
2010-10-13 00:00:00+09:00,1972.1200566254845,2099.868724261143,1972.1200566254845,2059.947265625,107383,0.0,0.0
2010-10-14 00:00:00+09:00,2091.8848473146386,2107.8534339353614,2087.892700659458,2099.869140625,36606,0.0,0.0
2010-10-15 00:00:00+09:00,2111.8453765232152,2111.8453765232152,2051.9631824819144,2103.861083984375,40986,0.0,0.0
2010-10-18 00:00:00+09:00,2075.916420990566,2123.822184551887,2075.916420990566,2115.837890625,21513,0.0,0.0
2010-10-19 00:00:00+09:00,2115.83777010549,2207.6571450345964,2091.8848896892014,2199.6728515625,77810,0.0,0.0
2010-10-20 00:00:00+09:00,2183.70418470228,2231.609943781672,2155.759158572635,2215.641357421875,55362,0.0,0.0
2010-10-21 00:00:00+09:00,2231.6100254508847,2235.602172186933,2179.7121178822595,2199.6728515625,26299,0.0,0.0
2010-10-22 00:00:00+09:00,2159.7506213636634,2207.6563652756117,2075.915569517754,2079.90771484375,44301,0.0,0.0
2010-10-25 00:00:00+09:00,2083.900476256413,2203.6648714435632,2083.900476256413,2139.79052734375,54003,0.0,0.0
2010-10-26 00:00:00+09:00,2139.7899710966117,2199.6721531235694,2139.7899710966117,2179.71142578125,51576,0.0,0.0
2010-10-27 00:00:00+09:00,2167.7349893758587,2199.6721531235694,2139.7899710966117,2179.71142578125,62340,0.0,0.0
2010-10-28 00:00:00+09:00,2179.7117899689224,2187.696082239871,2155.758913156077,2167.7353515625,33044,0.0,0.0
2010-10-29 00:00:00+09:00,2167.7356767813662,2183.704263718982,2135.798502906134,2151.76708984375,53188,0.0,0.0
2010-11-01 00:00:00+09:00,2151.767170193829,2207.6572265625,2131.8064357764465,2207.6572265625,64716,0.0,0.0
2010-11-02 00:00:00+09:00,2207.6568157798365,2515.0520686099403,2171.7275005139804,2427.224853515625,705695,0.0,0.0
2010-11-03 00:00:00+09:00,2395.288044346252,2427.2252182708685,2327.4215497564414,2343.39013671875,185137,0.0,0.0
2010-11-04 00:00:00+09:00,2315.4448563082815,2391.2956360838975,2075.916078069494,2247.578369140625,160681,0.0,0.0
2010-11-05 00:00:00+09:00,2247.578457500268,2427.2250482418526,2247.578457500268,2327.42138671875,197700,0.0,0.0
2010-11-08 00:00:00+09:00,2371.335087176067,2491.0994855182926,2331.4136210619918,2455.170166015625,201939,0.0,0.0
2010-11-09 00:00:00+09:00,2411.256590980351,2455.1702043922446,2303.468630787521,2387.3037109375,64222,0.0,0.0
2010-11-10 00:00:00+09:00,2383.311317237648,2395.2877560177367,2311.452684557116,2363.3505859375,44134,0.0,0.0
2010-11-11 00:00:00+09:00,2403.2724652056927,2403.2724652056927,2283.508056640625,2283.508056640625,79703,0.0,0.0
2010-11-12 00:00:00+09:00,2303.4689200656417,2343.3903918172127,2195.6809463364,2223.6259765625,139450,0.0,0.0
2010-11-15 00:00:00+09:00,2203.665119280134,2291.492352294922,2203.665119280134,2235.602294921875,24312,0.0,0.0
2010-11-16 00:00:00+09:00,2283.507716652199,2283.507716652199,2115.8375696252892,2155.759033203125,68759,0.0,0.0
2010-11-17 00:00:00+09:00,2075.916063262195,2155.7589887722797,2075.916063262195,2127.81396484375,35544,0.0,0.0
2010-11-18 00:00:00+09:00,2183.7043845040457,2235.602294921875,2131.8064740862164,2235.602294921875,40867,0.0,0.0
2010-11-19 00:00:00+09:00,2235.6023774730215,2235.6023774730215,2167.735876728305,2219.6337890625,49804,0.0,0.0
2010-11-22 00:00:00+09:00,2219.6337890625,2275.5238484993256,2179.712318036196,2219.6337890625,34885,0.0,0.0
2010-11-23 00:00:00+09:00,2175.7200113932295,2259.555094401042,2163.743570963542,2251.57080078125,63129,0.0,0.0
2010-11-24 00:00:00+09:00,2155.758880725406,2227.6175100829196,2075.9159592170577,2211.64892578125,50837,0.0,0.0
2010-11-25 00:00:00+09:00,2211.6490280563767,2403.272048537796,2155.758980415963,2363.3505859375,331222,0.0,0.0
2010-11-26 00:00:00+09:00,2387.304253005325,2387.304253005325,2291.49271107869,2319.437744140625,170313,0.0,0.0
2010-11-29 00:00:00+09:00,2363.3508283943966,2367.3429750639816,2251.5707216460128,2315.445068359375,96020,0.0,0.0
2010-11-30 00:00:00+09:00,2323.428939494681,2439.201171875,2319.436793550532,2439.201171875,444947,0.0,0.0
2010-12-01 00:00:00+09:00,2411.2564802663856,2546.9894609436324,2411.2564802663856,2542.997314453125,528947,0.0,0.0
2010-12-02 00:00:00+09:00,2570.942198494412,2574.9343447653664,2411.25634765625,2411.25634765625,498062,0.0,0.0
2010-12-03 00:00:00+09:00,2419.2405612343236,2431.2169996562757,2331.4133461400083,2427.224853515625,197982,0.0,0.0
2010-12-06 00:00:00+09:00,2463.1538938757494,2503.075350826734,2331.4130859375,2331.4130859375,183629,0.0,0.0
2010-12-07 00:00:00+09:00,2287.5001220703125,2323.429443359375,2211.649332682292,2275.523681640625,186195,0.0,0.0
2010-12-08 00:00:00+09:00,2275.523560209424,2355.366492146597,2239.5942408376964,2287.5,121366,0.0,0.0
2010-12-09 00:00:00+09:00,2347.382241716056,2363.3508283943966,2275.5236016635236,2315.445068359375,56672,0.0,0.0
2010-12-10 00:00:00+09:00,2315.4447974968907,2407.26416015625,2315.4447974968907,2407.26416015625,90596,0.0,0.0
2010-12-13 00:00:00+09:00,2407.2647232863915,2539.0055787896267,2383.3118404676216,2487.107666015625,329414,0.0,0.0
2010-12-14 00:00:00+09:00,2515.0521540407276,2515.0521540407276,2407.2642045818393,2435.209228515625,233429,0.0,0.0
2010-12-15 00:00:00+09:00,2435.209025930851,2463.1540475398933,2391.2954205452124,2439.201171875,162328,0.0,0.0
2010-12-16 00:00:00+09:00,2447.185792987682,2511.0601366871974,2439.2015000252422,2471.138671875,205119,0.0,0.0
2010-12-17 00:00:00+09:00,2471.1386283924376,2479.1229212143844,2431.217164282705,2443.193603515625,112823,0.0,0.0
2010-12-20 00:00:00+09:00,2371.335041214248,2383.31148081634,2295.484257067664,2355.366455078125,167036,0.0,0.0
2010-12-21 00:00:00+09:00,2391.2956571216423,2443.1935595299587,2371.334925426136,2415.24853515625,117496,0.0,0.0
2010-12-22 00:00:00+09:00,2463.1545817057295,2463.1545817057295,2379.319498697917,2395.2880859375,74870,0.0,0.0
2010-12-23 00:00:00+09:00,2391.2955679594966,2431.217029861992,2335.4055212960025,2359.3583984375,94084,0.0,0.0
2010-12-24 00:00:00+09:00,2355.3662522472505,2379.319129388748,2339.397667486252,2359.3583984375,74527,0.0,0.0
2010-12-27 00:00:00+09:00,2395.2880859375,2395.2880859375,2299.4765625,2323.429443359375,40352,0.0,0.0
2010-12-28 00:00:00+09:00,2307.4613013997955,2359.3592199433897,2279.5162683378603,2319.437744140625,77132,0.0,0.0
2010-12-29 00:00:00+09:00,2363.3508283943966,2363.3508283943966,2303.46862835062,2315.445068359375,31306,0.0,0.0
2010-12-30 00:00:00+09:00,2339.3976747123756,2407.26416015625,2315.4447974968907,2407.26416015625,63813,0.0,0.0
2011-01-03 00:00:00+09:00,2407.264201385296,2455.1699566367447,2399.2799088433876,2411.25634765625,67699,0.0,0.0
2011-01-04 00:00:00+09:00,2435.2092679158413,2770.549560546875,2435.2092679158413,2770.549560546875,2068144,0.0,0.0
2011-01-05 00:00:00+09:00,2710.667554207624,2726.6361406830742,2539.0052495965374,2550.981689453125,778503,0.0,0.0
2011-01-06 00:00:00+09:00,2582.9189860026045,2722.6441243489585,2511.0603434244795,2539.00537109375,691373,0.0,0.0
2011-01-07 00:00:00+09:00,2586.910621972802,2710.667148641254,2562.9577458434237,2678.72998046875,250119,0.0,0.0
2011-01-10 00:00:00+09:00,2686.714346652561,2906.282383897569,2686.714346652561,2874.34521484375,693376,0.0,0.0
2011-01-11 00:00:00+09:00,2874.3453766974235,2930.2354256887625,2738.612400575601,2866.361083984375,335288,0.0,0.0
2011-01-12 00:00:00+09:00,2874.345536665483,2874.345536665483,2770.54972561923,2810.47119140625,236345,0.0,0.0
2011-01-13 00:00:00+09:00,2730.6281078625525,2970.1568892540045,2686.7144979407863,2866.361083984375,413112,0.0,0.0
2011-01-14 00:00:00+09:00,2870.3528020851,3006.0857579556055,2826.4391987152308,2942.21142578125,233376,0.0,0.0
2011-01-17 00:00:00+09:00,2970.1566810951576,2970.1566810951576,2658.769287109375,2658.769287109375,256358,0.0,0.0
2011-01-18 00:00:00+09:00,2666.754069010417,2718.6519775390625,2495.091756184896,2634.81689453125,428486,0.0,0.0
2011-01-19 00:00:00+09:00,2658.7694459120917,2662.761592227275,2550.981495402142,2626.832275390625,204204,0.0,0.0
2011-01-20 00:00:00+09:00,2638.8086729006136,2646.792965405608,2554.9736015981734,2622.840087890625,122454,0.0,0.0
2011-01-21 00:00:00+09:00,2714.659494324658,2714.659494324658,2586.910812238792,2626.832275390625,126187,0.0,0.0
2011-01-24 00:00:00+09:00,2634.816191075212,2646.792628307372,2491.0989442892915,2590.902587890625,185427,0.0,0.0
2011-01-25 00:00:00+09:00,2590.9028577713157,2590.9028577713157,2463.1541806547025,2499.08349609375,197191,0.0,0.0
2011-01-26 00:00:00+09:00,2395.287566489362,2499.0833610372338,2371.334690824468,2439.201171875,272886,0.0,0.0
2011-01-27 00:00:00+09:00,2443.193530428941,2515.0521636768513,2415.248506388087,2507.06787109375,196440,0.0,0.0
2011-01-28 00:00:00+09:00,2515.052283168417,2546.989455018175,2419.2407676191438,2471.138671875,96735,0.0,0.0
2011-01-31 00:00:00+09:00,2451.1780157296903,2463.154455545959,2359.3586438049624,2383.3115234375,253169,0.0,0.0
2011-02-01 00:00:00+09:00,2407.2642045818393,2475.130691278176,2403.272058305584,2435.209228515625,123397,0.0,0.0
2011-02-07 00:00:00+09:00,2475.13094329834,2586.911050415039,2419.24088973999,2554.973876953125,149206,0.0,0.0
2011-02-08 00:00:00+09:00,2527.029010654236,2606.871949379489,2523.0368637179736,2570.942626953125,110962,0.0,0.0
2011-02-09 00:00:00+09:00,2586.9108816964285,2586.9108816964285,2471.1386354476685,2515.05224609375,106772,0.0,0.0
2011-02-10 00:00:00+09:00,2487.107544339088,2550.9818953975555,2459.162515751008,2475.131103515625,64714,0.0,0.0
2011-02-11 00:00:00+09:00,2475.131022135417,2511.0603434244795,2315.4451497395835,2395.2880859375,114953,0.0,0.0
2011-02-14 00:00:00+09:00,2443.193930388289,2455.1703712235258,2367.34313843179,2403.2724609375,83103,0.0,0.0
2011-02-15 00:00:00+09:00,2295.483774681614,2359.358105803189,2211.6487150845464,2331.4130859375,196848,0.0,0.0
2011-02-16 00:00:00+09:00,2327.42138671875,2355.3664119452187,2279.515629187661,2327.42138671875,107811,0.0,0.0
2011-02-17 00:00:00+09:00,2327.4215066399374,2355.366533306283,2235.6021333076587,2267.539306640625,78890,0.0,0.0
2011-02-18 00:00:00+09:00,2267.5393880208335,2315.4451497395835,2235.602213541667,2299.4765625,20232,0.0,0.0
2011-02-21 00:00:00+09:00,2359.3587646484375,2359.3587646484375,2247.5786539713545,2275.523681640625,40147,0.0,0.0
2011-02-22 00:00:00+09:00,2259.5546460176993,2299.4761061946906,2175.719579646018,2255.5625,86014,0.0,0.0
2011-02-23 00:00:00+09:00,2255.562689277563,2311.4527382154142,2095.876835169417,2131.80615234375,146389,0.0,0.0
2011-02-24 00:00:00+09:00,2043.9789272030653,2127.8140003891285,2035.9946345186781,2083.900390625,152159,0.0,0.0
2011-02-25 00:00:00+09:00,2127.814003221916,2127.814003221916,2071.9239543568006,2107.853271484375,38819,0.0,0.0
2011-02-28 00:00:00+09:00,2107.853434856673,2135.7984614551515,2020.0262084043115,2123.822021484375,36398,0.0,0.0
2011-03-02 00:00:00+09:00,2083.900714917453,2171.7279481132077,2083.900714917453,2115.837890625,27784,0.0,0.0
2011-03-03 00:00:00+09:00,2147.774866658311,2255.562824650457,2131.8062802891045,2239.59423828125,57494,0.0,0.0
2011-03-04 00:00:00+09:00,2267.539051846591,2267.539051846591,2179.711835049716,2195.680419921875,71396,0.0,0.0
2011-03-07 00:00:00+09:00,2243.58637940817,2243.58637940817,2135.7984216785962,2143.78271484375,96164,0.0,0.0
2011-03-08 00:00:00+09:00,2135.798502906134,2167.7356767813662,2103.861329030902,2151.76708984375,154748,0.0,0.0
2011-03-09 00:00:00+09:00,2175.7199280244067,2175.7199280244067,2115.837728170524,2123.822021484375,94544,0.0,0.0
2011-03-10 00:00:00+09:00,2151.7669208592256,2151.7669208592256,2067.9318460205545,2087.892578125,106503,0.0,0.0
2011-03-11 00:00:00+09:00,2032.0026065186958,2071.924072265625,2032.0026065186958,2071.924072265625,78912,0.0,0.0
2011-03-14 00:00:00+09:00,2035.9947089998145,2079.908320370399,1992.0810976292303,2020.026123046875,102203,0.0,0.0
2011-03-15 00:00:00+09:00,1960.1437633567916,2012.0416634049348,1824.4107940001095,1992.0809326171875,188771,0.0,0.0
2011-03-16 00:00:00+09:00,1940.183389967315,2047.9713560766102,1940.183389967315,1956.1519775390625,54266,0.0,0.0
2011-03-17 00:00:00+09:00,1848.3636615847754,1956.1516072927427,1848.3636615847754,1932.19873046875,76172,0.0,0.0
2011-03-18 00:00:00+09:00,1916.2301556237474,1996.0730787747368,1916.2301556237474,1992.0809326171875,49233,0.0,0.0
2011-03-21 00:00:00+09:00,1988.0890320182548,2047.9712317778408,1988.0890320182548,2039.9869384765625,21092,0.0,0.0
2011-03-22 00:00:00+09:00,2016.034058572728,2067.931965031036,2012.0419119220892,2039.9869384765625,45757,0.0,0.0
2011-03-23 00:00:00+09:00,2067.931880905694,2067.931880905694,1992.0810976292303,2020.026123046875,67406,0.0,0.0
2011-03-24 00:00:00+09:00,2032.00244140625,2039.986733906864,1996.0731251534871,2032.00244140625,30372,0.0,0.0
2011-03-25 00:00:00+09:00,2035.9945500592776,2051.963134765625,1984.0966497636489,2051.963134765625,64751,0.0,0.0
2011-03-28 00:00:00+09:00,2051.9632669896605,2215.641270776773,2032.0025348205002,2159.751220703125,99804,0.0,0.0
2011-03-29 00:00:00+09:00,2135.798502906134,2295.484372282294,2107.853475765306,2151.76708984375,156729,0.0,0.0
2011-03-30 00:00:00+09:00,2123.8218568744082,2215.641222867099,2107.853271484375,2107.853271484375,116895,0.0,0.0
2011-03-31 00:00:00+09:00,2131.806073383771,2167.7353892273177,2111.8453423595784,2147.774658203125,29238,0.0,0.0
2011-04-01 00:00:00+09:00,2267.5389074314744,2267.5389074314744,2111.84521484375,2111.84521484375,86891,0.0,0.0
2011-04-04 00:00:00+09:00,2099.869262010806,2155.7593184141356,2095.877115124854,2135.798583984375,62083,0.0,0.0
2011-04-05 00:00:00+09:00,2135.798583984375,2155.7593184141356,2115.8378495546144,2135.798583984375,82920,0.0,0.0
2011-04-06 00:00:00+09:00,2119.8297948125582,2155.7591133687033,2111.8455018000814,2139.79052734375,41799,0.0,0.0
2011-04-07 00:00:00+09:00,2183.704180669518,2203.6649135824023,2139.790568261173,2143.78271484375,57194,0.0,0.0
2011-04-08 00:00:00+09:00,2163.7436497279577,2303.468793160575,2143.7829149518698,2235.602294921875,164940,0.0,0.0
2011-04-11 00:00:00+09:00,2235.6018821022726,2315.4448064630683,2175.719688831676,2195.680419921875,104527,0.0,0.0
2011-04-12 00:00:00+09:00,2155.75915459148,2251.570672573324,2143.78271484375,2143.78271484375,67594,0.0,0.0
2011-04-13 00:00:00+09:00,2151.7668868453416,2195.6804967809608,2103.8611305519385,2155.759033203125,68498,0.0,0.0
2011-04-14 00:00:00+09:00,2123.8221028645835,2219.6336263020835,2123.8221028645835,2203.6650390625,44084,0.0,0.0
2011-04-15 00:00:00+09:00,2231.610066731771,2235.602213541667,2191.6885986328125,2227.617919921875,75525,0.0,0.0
2011-04-18 00:00:00+09:00,2227.617637620726,2275.5233932684832,2187.696174580928,2247.578369140625,86687,0.0,0.0
2011-04-19 00:00:00+09:00,2203.6650390625,2251.57080078125,2191.6885986328125,2251.57080078125,99096,0.0,0.0
2011-04-20 00:00:00+09:00,2239.5936807341836,2299.4758647110334,2239.5936807341836,2279.51513671875,86634,0.0,0.0
2011-04-21 00:00:00+09:00,2315.4451497395835,2339.3980305989585,2239.5943603515625,2251.57080078125,81261,0.0,0.0
2011-04-22 00:00:00+09:00,2291.4922264916063,2291.4922264916063,2175.7199711462113,2199.6728515625,88560,0.0,0.0
2011-04-25 00:00:00+09:00,2199.6724875549976,2219.633217932085,2147.774588574571,2211.64892578125,77288,0.0,0.0
2011-04-26 00:00:00+09:00,2175.719806438453,2187.696245739949,2143.7826349677966,2159.751220703125,223640,0.0,0.0
2011-04-27 00:00:00+09:00,2155.759194739779,2187.696367995183,2123.822021484375,2123.822021484375,95293,0.0,0.0
2011-04-28 00:00:00+09:00,2179.711496757334,2371.334485483253,2123.8214583789404,2279.51513671875,449788,0.0,0.0
2011-04-29 00:00:00+09:00,2311.4528592737706,2618.84814453125,2279.515686779487,2618.84814453125,757030,0.0,0.0
2011-05-02 00:00:00+09:00,2810.470840130506,2834.423716608891,2431.216962556077,2447.185546875,2150080,0.0,0.0
2011-05-03 00:00:00+09:00,2443.193927986391,2558.966189279864,2395.2881646925402,2475.131103515625,843422,0.0,0.0
2011-05-04 00:00:00+09:00,2539.005021378801,2618.847946579392,2363.3505859375,2363.3505859375,606179,0.0,0.0
2011-05-06 00:00:00+09:00,2251.570641963127,2395.2879169820503,2231.60990932161,2307.460693359375,334285,0.0,0.0
2011-05-09 00:00:00+09:00,2315.445068359375,2379.3194150727372,2291.492188341864,2315.445068359375,97521,0.0,0.0
2011-05-11 00:00:00+09:00,2323.429319371728,2355.366492146597,2251.5706806282724,2287.5,121950,0.0,0.0
2011-05-12 00:00:00+09:00,2275.5236016635236,2355.3665350552264,2263.5471616547684,2315.445068359375,77510,0.0,0.0
2011-05-13 00:00:00+09:00,2327.4212820870534,2471.1385482193587,2275.5233804281656,2459.162109375,91272,0.0,0.0
2011-05-16 00:00:00+09:00,2475.1307007613455,2554.9736265923566,2419.2406526796376,2507.06787109375,111298,0.0,0.0
2011-05-17 00:00:00+09:00,2475.130941016881,2491.099527733119,2395.2880074356913,2483.115234375,81874,0.0,0.0
2011-05-18 00:00:00+09:00,2483.1153157552085,2590.903279622396,2443.19384765625,2491.099609375,91467,0.0,0.0
2011-05-19 00:00:00+09:00,2503.0756301879883,2531.0206531725435,2423.2327073749743,2427.224853515625,117318,0.0,0.0
2011-05-20 00:00:00+09:00,2395.2877526397183,2427.2249226749145,2339.397705078125,2339.397705078125,78186,0.0,0.0
2011-05-23 00:00:00+09:00,2279.5157466404876,2387.30370663925,2235.6021333076587,2267.539306640625,110263,0.0,0.0
2011-05-24 00:00:00+09:00,2239.594441877093,2331.4138218470985,2183.7043845040457,2235.602294921875,101463,0.0,0.0
2011-05-25 00:00:00+09:00,2271.5314110196637,2271.5314110196637,2231.6099450966467,2239.59423828125,70091,0.0,0.0
2011-05-26 00:00:00+09:00,2307.460482804233,2343.3897982804233,2251.5704365079364,2263.546875,51691,0.0,0.0
2011-05-27 00:00:00+09:00,2263.546872659994,2602.8792962509983,2263.546872659994,2499.08349609375,583366,0.0,0.0
2011-05-30 00:00:00+09:00,2479.1229212143844,2554.9737030228757,2391.295700172973,2443.193603515625,254602,0.0,0.0
2011-05-31 00:00:00+09:00,2554.9735300164475,2598.887137563605,2379.319099827817,2427.224853515625,388369,0.0,0.0
2011-06-01 00:00:00+09:00,2523.0364465932375,2546.9893242507683,2399.279912029329,2435.209228515625,198159,0.0,0.0
2011-06-02 00:00:00+09:00,2395.288044346252,2407.2644845679833,2327.4215497564414,2343.39013671875,125786,0.0,0.0
2011-06-03 00:00:00+09:00,2387.3037923177085,2455.1702880859375,2335.4058837890625,2395.2880859375,155928,0.0,0.0
2011-06-07 00:00:00+09:00,2363.3507447556226,2403.272210038657,2275.5235211329477,2307.460693359375,76113,0.0,0.0
2011-06-08 00:00:00+09:00,2307.460211766909,2371.3345428884845,2291.4916289865155,2331.4130859375,53620,0.0,0.0
2011-06-09 00:00:00+09:00,2395.2878887318257,2471.138671875,2339.39783799475,2471.138671875,68867,0.0,0.0
2011-06-10 00:00:00+09:00,2471.138452721922,2503.0756217393296,2339.3976305251153,2379.319091796875,105694,0.0,0.0
2011-06-13 00:00:00+09:00,2323.429443359375,2383.3116455078125,2223.6257731119795,2323.429443359375,100291,0.0,0.0
2011-06-14 00:00:00+09:00,2323.429891720901,2367.3435151039425,2271.5319731773075,2319.437744140625,87392,0.0,0.0
2011-06-15 00:00:00+09:00,2275.5235211329477,2351.3743051707124,2255.5627884914306,2307.460693359375,66034,0.0,0.0
2011-06-16 00:00:00+09:00,2327.421590169271,2327.421590169271,2239.5943603515625,2299.4765625,69449,0.0,0.0
2011-06-17 00:00:00+09:00,2299.4766444493007,2351.3745548274965,2231.6101462624288,2283.508056640625,36601,0.0,0.0
2011-06-20 00:00:00+09:00,2323.429527936663,2323.429527936663,2235.602294921875,2235.602294921875,36750,0.0,0.0
2011-06-21 00:00:00+09:00,2239.59423828125,2291.492143981172,2195.6806257659314,2239.59423828125,52133,0.0,0.0
2011-06-22 00:00:00+09:00,2243.5865485137883,2303.468751765936,2143.782876426876,2207.6572265625,89424,0.0,0.0
2011-06-23 00:00:00+09:00,2279.515409063346,2279.515409063346,2163.743172876241,2211.64892578125,78780,0.0,0.0
2011-06-24 00:00:00+09:00,2211.649004794034,2231.609735884233,2155.7589577414774,2195.680419921875,55448,0.0,0.0
2011-06-27 00:00:00+09:00,2227.61754770748,2227.61754770748,2151.766770993426,2191.688232421875,24623,0.0,0.0
2011-06-28 00:00:00+09:00,2211.649332682292,2259.555094401042,2175.7200113932295,2203.6650390625,34890,0.0,0.0
2011-06-29 00:00:00+09:00,2259.554808052564,2259.554808052564,2211.6490524048068,2247.578369140625,20702,0.0,0.0
2011-06-30 00:00:00+09:00,2267.539237454194,2467.14656469488,2199.6727461923606,2451.177978515625,102695,0.0,0.0
2011-07-01 00:00:00+09:00,2403.2719685599304,2447.185575958866,2347.381922779467,2379.319091796875,54532,0.0,0.0
2011-07-04 00:00:00+09:00,2379.3194578019607,2411.256631732188,2315.445109941505,2367.343017578125,51341,0.0,0.0
2011-07-05 00:00:00+09:00,2395.287634585084,2395.287634585084,2331.4132976628152,2375.326904296875,53727,0.0,0.0
2011-07-06 00:00:00+09:00,2435.2090904870543,2435.2090904870543,2311.452562937712,2351.3740234375,40402,0.0,0.0
2011-07-07 00:00:00+09:00,2327.421590169271,2351.374471028646,2291.4922688802085,2299.4765625,64758,0.0,0.0
2011-07-08 00:00:00+09:00,2347.38232421875,2395.2880859375,2287.5001220703125,2395.2880859375,136423,0.0,0.0
2011-07-11 00:00:00+09:00,2395.2877625724336,2415.248493927204,2359.3584461338473,2411.25634765625,33811,0.0,0.0
2011-07-12 00:00:00+09:00,2411.256588429418,2411.256588429418,2283.507895002694,2315.445068359375,92883,0.0,0.0
2011-07-13 00:00:00+09:00,2363.3505757295297,2363.3505757295297,2243.5861884459387,2291.491943359375,48486,0.0,0.0
2011-07-14 00:00:00+09:00,2283.5076058201057,2307.460482804233,2255.562582671958,2263.546875,60532,0.0,0.0
2011-07-15 00:00:00+09:00,2299.4765217391305,2299.4765217391305,2251.570760869565,2295.484375,39200,0.0,0.0
2011-07-18 00:00:00+09:00,2315.4451086956524,2315.4451086956524,2267.539347826087,2295.484375,44723,0.0,0.0
2011-07-19 00:00:00+09:00,2291.492149105235,2347.382201522436,2267.539269497863,2335.40576171875,34684,0.0,0.0
2011-07-20 00:00:00+09:00,2359.3584836217915,2435.209263975115,2319.4370202779373,2391.295654296875,126316,0.0,0.0
2011-07-21 00:00:00+09:00,2403.271884699863,2427.2247606271044,2331.4132569181397,2371.334716796875,50773,0.0,0.0
2011-07-22 00:00:00+09:00,2395.2880447670746,2415.2487784734667,2339.397990389176,2367.343017578125,44743,0.0,0.0
2011-07-25 00:00:00+09:00,2431.216785777699,2658.7690957765967,2403.2717652515184,2546.989013671875,924138,0.0,0.0
2011-07-26 00:00:00+09:00,2523.0362159897477,2590.902696483143,2471.138319141857,2531.0205078125,294233,0.0,0.0
2011-07-27 00:00:00+09:00,2515.0525698454485,2626.832684060802,2499.083982100398,2570.942626953125,325587,0.0,0.0
2011-07-28 00:00:00+09:00,2519.044596610482,2574.9346510519194,2483.1152758981298,2535.01318359375,181989,0.0,0.0
2011-07-29 00:00:00+09:00,2546.989664713542,2702.6833902994795,2451.178141276042,2467.146728515625,843549,0.0,0.0
2011-08-01 00:00:00+09:00,2503.075806826637,2554.9737103174602,2475.1307818700398,2515.05224609375,176327,0.0,0.0
2011-08-02 00:00:00+09:00,2515.052365186738,2550.9816846894055,2419.2408465129574,2455.170166015625,132571,0.0,0.0
2011-08-03 00:00:00+09:00,2435.209308284344,2443.193601098391,2359.3585265508973,2419.24072265625,173332,0.0,0.0
2011-08-04 00:00:00+09:00,2447.1859524036945,2447.1859524036945,2339.397990389176,2367.343017578125,156656,0.0,0.0
2011-08-05 00:00:00+09:00,2195.680457998853,2259.5547985951835,2083.900361955275,2175.7197265625,224353,0.0,0.0
2011-08-08 00:00:00+09:00,2008.0495926970807,2147.774713461291,1852.355886702675,1940.18310546875,384551,0.0,0.0
2011-08-09 00:00:00+09:00,1796.466064453125,1812.4346516927085,1652.748779296875,1664.7252197265625,388689,0.0,0.0
2011-08-10 00:00:00+09:00,1752.5521347785311,1832.395056636323,1752.5521347785311,1812.434326171875,156328,0.0,0.0
2011-08-11 00:00:00+09:00,1752.5524855582946,1980.1048583984375,1632.7880788003245,1980.1048583984375,128441,0.0,0.0
2011-08-12 00:00:00+09:00,1996.0731218159792,2139.7903865867297,1924.2144894306039,2008.049560546875,131390,0.0,0.0
2011-08-16 00:00:00+09:00,2143.7825399158073,2143.7825399158073,2028.01029846784,2055.955322265625,119082,0.0,0.0
2011-08-17 00:00:00+09:00,2099.869099702381,2099.869099702381,2020.0261681547618,2095.876953125,50748,0.0,0.0
2011-08-18 00:00:00+09:00,2143.7831743748493,2143.7831743748493,1992.081571718901,2067.932373046875,114364,0.0,0.0
2011-08-19 00:00:00+09:00,1884.2931338889614,1992.081088581762,1884.2931338889614,1912.2381591796875,67551,0.0,0.0
2011-08-22 00:00:00+09:00,1924.2147221799755,2016.0340968898086,1876.308961461802,1948.1676025390625,60700,0.0,0.0
2011-08-23 00:00:00+09:00,1964.1357099609374,2059.9472080078126,1948.167126953125,1996.0728759765625,42493,0.0,0.0
2011-08-24 00:00:00+09:00,2035.9944863645187,2107.853115295031,1928.20654296875,1928.20654296875,38423,0.0,0.0
2011-08-25 00:00:00+09:00,2035.9945716699624,2035.9945716699624,1888.285161568416,1924.2144775390625,60468,0.0,0.0
2011-08-26 00:00:00+09:00,1924.2145141086498,1924.2145141086498,1864.3323196861813,1892.27734375,50870,0.0,0.0
2011-08-29 00:00:00+09:00,1908.2457007431403,2059.9472418064024,1908.2457007431403,1964.1357421875,26757,0.0,0.0
2011-08-30 00:00:00+09:00,1964.13623046875,1980.1048177083335,1956.1519368489585,1976.1126708984375,60124,0.0,0.0
2011-08-31 00:00:00+09:00,1996.0733640121982,2024.018391108369,1952.15975000393,1984.096923828125,26382,0.0,0.0
2011-09-01 00:00:00+09:00,2004.0576985677085,2008.0498453776042,1964.13623046875,1976.1126708984375,51313,0.0,0.0
2011-09-02 00:00:00+09:00,1996.0731598268071,1996.0731598268071,1916.2302334337348,1988.0888671875,59239,0.0,0.0
2011-09-05 00:00:00+09:00,1920.222275178329,1984.0966128141986,1836.38720703125,1836.38720703125,61283,0.0,0.0
2011-09-06 00:00:00+09:00,1836.3873690809226,1904.2538588078262,1748.5601470814001,1828.403076171875,27576,0.0,0.0
2011-09-07 00:00:00+09:00,1872.3169731140138,1924.2148849487305,1836.3876495361328,1916.2305908203125,24566,0.0,0.0
2011-09-08 00:00:00+09:00,1956.1517282908928,1956.1517282908928,1876.3088006055505,1908.2459716796875,8729,0.0,0.0
2011-09-09 00:00:00+09:00,1904.253701428865,1904.253701428865,1828.4029250616775,1896.2694091796875,21994,0.0,0.0
2011-09-14 00:00:00+09:00,1912.2379829738452,1912.2379829738452,1828.4029148267664,1836.38720703125,12195,0.0,0.0
2011-09-15 00:00:00+09:00,1808.4424220395892,1948.1675539852529,1720.6151962451722,1776.5052490234375,102056,0.0,0.0
2011-09-16 00:00:00+09:00,1780.4972786600792,1916.230255060175,1776.5051322953707,1824.410888671875,34384,0.0,0.0
2011-09-19 00:00:00+09:00,1828.4031163265831,1860.3402886641654,1796.4659439890008,1820.4188232421875,33463,0.0,0.0
2011-09-20 00:00:00+09:00,1820.4187811117256,1896.2695636580474,1772.5130237140486,1804.4501953125,18407,0.0,0.0
2011-09-21 00:00:00+09:00,1908.2460871217477,1908.2460871217477,1756.5445153421945,1764.52880859375,38765,0.0,0.0
2011-09-22 00:00:00+09:00,1796.4658530149393,1796.4658530149393,1696.6621945141094,1728.599365234375,32869,0.0,0.0
2011-09-23 00:00:00+09:00,1668.7172833654874,1668.7172833654874,1584.8822045361208,1632.7879638671875,72959,0.0,0.0
2011-09-26 00:00:00+09:00,1632.7879538064476,1656.7408333243905,1389.2670120406938,1453.141357421875,116880,0.0,0.0
2011-09-27 00:00:00+09:00,1441.1648399990524,1509.031328309257,1385.2747908024132,1481.0863037109375,57861,0.0,0.0
2011-09-28 00:00:00+09:00,1544.960693359375,1668.7172346879038,1485.078495942345,1544.960693359375,31090,0.0,0.0
2011-09-29 00:00:00+09:00,1612.827062125158,1612.827062125158,1493.0626763237847,1580.889892578125,5836,0.0,0.0
2011-09-30 00:00:00+09:00,1636.7799353966345,1636.7799353966345,1517.0155498798076,1556.93701171875,14918,0.0,0.0
2011-10-04 00:00:00+09:00,1517.015621051634,1517.015621051634,1417.2119617719213,1481.0863037109375,6803,0.0,0.0
2011-10-05 00:00:00+09:00,1453.1413183858401,1513.0235155720698,1445.1570254276762,1473.10205078125,6433,0.0,0.0
2011-10-06 00:00:00+09:00,1457.1334104717903,1692.6700439453125,1445.1569714816112,1692.6700439453125,119775,0.0,0.0
2011-10-07 00:00:00+09:00,1792.4738355315135,1896.2696478340065,1744.568076007286,1776.5052490234375,94879,0.0,0.0
2011-10-10 00:00:00+09:00,1832.3951814012923,1836.3873277660011,1756.5444004718272,1824.410888671875,24806,0.0,0.0
2011-10-11 00:00:00+09:00,1872.3165175652189,1876.3086636581083,1760.5364269643103,1812.434326171875,7809,0.0,0.0
2011-10-12 00:00:00+09:00,1868.324657697134,1868.324657697134,1540.9686279296875,1540.9686279296875,505573,0.0,0.0
2011-10-13 00:00:00+09:00,1445.1569753861222,1465.1177070903505,1369.306194910055,1385.2747802734375,1026357,0.0,0.0
2011-10-14 00:00:00+09:00,1405.2354301364942,1437.1725990032328,1377.290407378098,1389.266845703125,329824,0.0,0.0
2011-10-17 00:00:00+09:00,1425.196284816576,1449.1491635529892,1341.3612092391304,1377.29052734375,492935,0.0,0.0
2011-10-18 00:00:00+09:00,1353.3377685546875,1393.259236653646,1309.4241536458335,1317.408447265625,344163,0.0,0.0
2011-10-19 00:00:00+09:00,1341.3611270680146,1357.3297119140625,1317.408249798943,1357.3297119140625,107409,0.0,0.0
2011-10-20 00:00:00+09:00,1349.3453761509488,1385.2746909005302,1309.4239153180804,1341.361083984375,148891,0.0,0.0
2011-10-21 00:00:00+09:00,1341.3610817849099,1413.2197111662445,1309.4239131709835,1329.3846435546875,495152,0.0,0.0
2011-10-24 00:00:00+09:00,1349.3456618417456,1373.298543412901,1349.3456618417456,1369.306396484375,147998,0.0,0.0
2011-10-25 00:00:00+09:00,1373.2984629514874,1461.1256902332684,1357.3298761729816,1409.227783203125,330688,0.0,0.0
2011-10-26 00:00:00+09:00,1405.2354422814208,1481.0862189954748,1401.243296138576,1461.12548828125,139660,0.0,0.0
2011-10-27 00:00:00+09:00,1469.1099190848215,1676.7015380859375,1465.117772565569,1676.7015380859375,612878,0.0,0.0
2011-10-28 00:00:00+09:00,1692.670205316311,1708.6387921589176,1548.9529237328506,1636.7801513671875,257252,0.0,0.0
2011-10-31 00:00:00+09:00,1401.243284028152,1449.1490373282597,1365.313969053071,1389.266845703125,129096,0.0,0.0
2011-11-01 00:00:00+09:00,1377.2906082466552,1393.2591950089352,1345.353434722095,1361.322021484375,50610,0.0,0.0
2011-11-02 00:00:00+09:00,1349.3452952580212,1349.3452952580212,1277.4866700667656,1345.3531494140625,50487,0.0,0.0
2011-11-03 00:00:00+09:00,1357.3297456144555,1357.3297456144555,1289.4632583337327,1301.439697265625,59729,0.0,0.0
2011-11-04 00:00:00+09:00,1365.3141241306212,1365.3141241306212,1293.455486018483,1309.424072265625,30852,0.0,0.0
2011-11-07 00:00:00+09:00,1325.3925157335068,1497.0547993977864,1289.46320054796,1437.172607421875,345711,0.0,0.0
2011-11-08 00:00:00+09:00,1429.1886004122632,1429.1886004122632,1365.3142495558493,1369.306396484375,69253,0.0,0.0
2011-11-09 00:00:00+09:00,1381.2825046516734,1381.2825046516734,1345.353190946861,1349.3453369140625,22912,0.0,0.0
2011-11-10 00:00:00+09:00,1333.3768292107252,1349.3454139916919,1293.4553672583081,1321.400390625,51605,0.0,0.0
2011-11-11 00:00:00+09:00,1325.3924201942693,1373.2981703217731,1325.3924201942693,1345.3531494140625,13668,0.0,0.0
2011-11-14 00:00:00+09:00,1349.345581412665,1377.2906082466552,1345.353434722095,1361.322021484375,37001,0.0,0.0
2011-11-15 00:00:00+09:00,1361.3220621744792,1373.2985026041667,1329.3848876953125,1365.314208984375,43300,0.0,0.0
2011-11-16 00:00:00+09:00,1341.3611648787314,1369.3061891470381,1321.400433258512,1337.3690185546875,15757,0.0,0.0
2011-11-17 00:00:00+09:00,1329.384805074552,1341.3612447599085,1289.4633394566977,1309.424072265625,62445,0.0,0.0
2011-11-18 00:00:00+09:00,1317.408490580897,1317.408490580897,1237.5655517578125,1237.5655517578125,38898,0.0,0.0
2011-11-21 00:00:00+09:00,1241.5575754370675,1269.5026012507635,1225.5889892578125,1225.5889892578125,67514,0.0,0.0
2011-11-22 00:00:00+09:00,1225.589070638021,1333.3770345052085,1225.589070638021,1281.4791259765625,105339,0.0,0.0
2011-11-23 00:00:00+09:00,1285.4712727864585,1309.4241536458335,1233.5733642578125,1245.5498046875,69555,0.0,0.0
2011-11-24 00:00:00+09:00,1245.5498441139364,1285.4713134765625,1245.5498441139364,1285.4713134765625,23646,0.0,0.0
2011-11-25 00:00:00+09:00,1277.4867788461538,1333.376825420673,1257.5260479266826,1297.447509765625,70024,0.0,0.0
2011-11-28 00:00:00+09:00,1321.4005523776123,1349.3455791650542,1253.5340587509675,1289.46337890625,251508,0.0,0.0
2011-11-29 00:00:00+09:00,1313.4161299201335,1313.4161299201335,1245.549642963774,1253.533935546875,84582,0.0,0.0
2011-11-30 00:00:00+09:00,1269.5027285350914,1269.5027285350914,1177.6833487982767,1201.63623046875,114130,0.0,0.0
2011-12-01 00:00:00+09:00,1201.63623046875,1233.5734060293812,1193.6519365785923,1201.63623046875,84412,0.0,0.0
2011-12-02 00:00:00+09:00,1269.5025586894915,1269.5025586894915,1201.6360697029463,1221.5968017578125,36835,0.0,0.0
2011-12-05 00:00:00+09:00,1265.510580345892,1265.510580345892,1221.5969639931955,1237.5655517578125,44915,0.0,0.0
2011-12-06 00:00:00+09:00,1229.5810298348615,1417.2119012707008,1229.5810298348615,1333.3768310546875,332753,0.0,0.0
2011-12-07 00:00:00+09:00,1317.408207484654,1365.313960484096,1301.4396231515068,1341.361083984375,81199,0.0,0.0
2011-12-08 00:00:00+09:00,1369.3062002878005,1445.1569810617602,1317.4082976529858,1433.1805419921875,102934,0.0,0.0
2011-12-09 00:00:00+09:00,1417.2118767632378,1556.9369913736978,1413.2197306315104,1437.172607421875,223821,0.0,0.0
2011-12-12 00:00:00+09:00,1437.1727274231991,1477.0941920738437,1413.2198486328125,1413.2198486328125,37794,0.0,0.0
2011-12-13 00:00:00+09:00,1381.2826353236608,1413.2198060825892,1349.345464564732,1397.251220703125,82962,0.0,0.0
2011-12-14 00:00:00+09:00,1421.2041833973462,1461.1256492231144,1377.2905709890013,1429.1884765625,40340,0.0,0.0
2011-12-15 00:00:00+09:00,1437.1728515625,1449.1492919921875,1357.3299153645835,1365.314208984375,57100,0.0,0.0
2011-12-16 00:00:00+09:00,1365.3140428229945,1385.2747744432136,1337.3690185546875,1337.3690185546875,38191,0.0,0.0
2011-12-19 00:00:00+09:00,1373.2985026041667,1417.212117513021,1141.7539876302085,1233.5733642578125,76611,0.0,0.0
2011-12-20 00:00:00+09:00,1157.7225748697917,1249.541951497396,1157.7225748697917,1245.5498046875,377997,0.0,0.0
2011-12-21 00:00:00+09:00,1245.549486309757,1305.4316731515723,1221.596611573031,1273.4945068359375,123662,0.0,0.0
2011-12-22 00:00:00+09:00,1269.502725731512,1357.3299583292896,1253.5341379864617,1285.4713134765625,220350,0.0,0.0
2011-12-23 00:00:00+09:00,1285.471112023102,1337.3690140613016,1281.478965712471,1301.439697265625,103187,0.0,0.0
2011-12-26 00:00:00+09:00,1333.37690982177,1333.37690982177,1257.5261275265195,1305.431884765625,104451,0.0,0.0
2011-12-27 00:00:00+09:00,1313.415964730481,1317.4081105199352,1273.4945068359375,1273.4945068359375,118187,0.0,0.0
2011-12-28 00:00:00+09:00,1273.494832356771,1289.4634195963542,1249.541951497396,1269.502685546875,55841,0.0,0.0
2011-12-29 00:00:00+09:00,1253.5337748467168,1281.478795305083,1237.5651917276502,1261.51806640625,39495,0.0,0.0
2012-01-02 00:00:00+09:00,1281.478798414846,1285.4709442043004,1257.52592367812,1273.4945068359375,43837,0.0,0.0
2012-01-03 00:00:00+09:00,1301.4396987497626,1357.329747162329,1277.4868208586627,1313.4161376953125,94601,0.0,0.0
2012-01-04 00:00:00+09:00,1317.4083324986645,1473.1020445212341,1309.4240395744303,1401.243408203125,317266,0.0,0.0
2012-01-05 00:00:00+09:00,1437.1726883487117,1501.047030053099,1385.2747857138972,1433.1805419921875,163842,0.0,0.0
2012-01-06 00:00:00+09:00,1457.133504008199,1457.133504008199,1389.2670120406938,1453.141357421875,77174,0.0,0.0
2012-01-09 00:00:00+09:00,1453.1413553587147,1453.1413553587147,1413.2198895521567,1417.2120361328125,101838,0.0,0.0
2012-01-10 00:00:00+09:00,1417.2118918100991,1540.9684232076008,1417.2118918100991,1532.984130859375,334388,0.0,0.0
2012-01-11 00:00:00+09:00,1596.858681462141,1636.7801484986946,1525.0000407963446,1528.9921875,255320,0.0,0.0
2012-01-12 00:00:00+09:00,1517.015583773087,1568.913485323219,1493.0627061345647,1513.0234375,127254,0.0,0.0
2012-01-13 00:00:00+09:00,1528.9920225923481,1572.905631596306,1505.0391449538258,1513.0234375,113198,0.0,0.0
2012-01-16 00:00:00+09:00,1493.06278515625,1517.0156640625,1461.12561328125,1497.054931640625,76830,0.0,0.0
2012-01-17 00:00:00+09:00,1501.0469537550402,1536.9762691374747,1485.078369140625,1485.078369140625,91475,0.0,0.0
2012-01-18 00:00:00+09:00,1493.0626574240096,1536.976264995304,1457.1333421384052,1461.12548828125,85371,0.0,0.0
2012-01-19 00:00:00+09:00,1477.0941611842106,1517.015625,1449.149136513158,1517.015625,105954,0.0,0.0
2012-01-20 00:00:00+09:00,1517.0155534840594,1580.889892578125,1509.0312610973012,1580.889892578125,107470,0.0,0.0
2012-01-25 00:00:00+09:00,1592.8663870389344,1720.6150697087237,1572.9056553717799,1704.646484375,695942,0.0,0.0
2012-01-26 00:00:00+09:00,1676.7014993106618,1704.6465242991728,1660.7329136029412,1696.6622314453125,189039,0.0,0.0
2012-01-27 00:00:00+09:00,1680.6936020554538,1684.685748378626,1636.7799925005606,1668.7171630859375,92932,0.0,0.0
2012-01-30 00:00:00+09:00,1644.7642761230468,1668.7171539306642,1596.8585205078125,1596.8585205078125,154104,0.0,0.0
2012-01-31 00:00:00+09:00,1568.9134107317243,1636.7798941476005,1536.9762420654297,1564.9212646484375,264165,0.0,0.0
2012-02-01 00:00:00+09:00,1584.8821247672568,1624.8035888671875,1540.9685142573326,1624.8035888671875,238697,0.0,0.0
2012-02-02 00:00:00+09:00,1604.8429782573992,1660.7330322265625,1596.8586848332332,1660.7330322265625,221873,0.0,0.0
2012-02-03 00:00:00+09:00,1672.7094723628118,1680.6937657869778,1624.8037118178147,1660.7330322265625,158395,0.0,0.0
2012-02-06 00:00:00+09:00,1608.8351243926256,1660.7330316310974,1600.8508309713225,1636.7801513671875,133073,0.0,0.0
2012-02-07 00:00:00+09:00,1636.7799392854324,1636.7799392854324,1564.9213078046087,1580.889892578125,114877,0.0,0.0
2012-02-08 00:00:00+09:00,1580.8898962220148,1604.8427734375,1544.9605803987872,1604.8427734375,114453,0.0,0.0
2012-02-09 00:00:00+09:00,1604.8427298847755,1604.8427298847755,1560.9291228481275,1588.8741455078125,24586,0.0,0.0
2012-02-10 00:00:00+09:00,1612.8273111979167,1672.7095133463542,1580.89013671875,1652.748779296875,158815,0.0,0.0
2012-02-13 00:00:00+09:00,1636.780028097167,1692.67007783707,1604.8428568172221,1624.8035888671875,105857,0.0,0.0
2012-02-14 00:00:00+09:00,1628.795816656404,1628.795816656404,1576.8979107335283,1620.8115234375,134002,0.0,0.0
2012-02-15 00:00:00+09:00,1612.8271496372083,1656.7407601471323,1600.850710407229,1624.8035888671875,77118,0.0,0.0
2012-02-16 00:00:00+09:00,1628.7956468986742,1628.7956468986742,1580.889892578125,1580.889892578125,71779,0.0,0.0
2012-02-17 00:00:00+09:00,1604.8427659254808,1604.8427659254808,1540.968426983173,1556.93701171875,158208,0.0,0.0
2012-02-20 00:00:00+09:00,1588.87438838346,1588.87438838346,1521.007894407282,1540.9686279296875,81204,0.0,0.0
2012-02-21 00:00:00+09:00,1540.9685468649063,1564.9214258317184,1528.9921073815003,1544.960693359375,78591,0.0,0.0
2012-02-22 00:00:00+09:00,1544.9606185913085,1600.850666809082,1532.9841796875,1596.8585205078125,128540,0.0,0.0
2012-02-23 00:00:00+09:00,1620.8113506610578,1620.8113506610578,1548.9527193509616,1556.93701171875,116227,0.0,0.0
2012-02-24 00:00:00+09:00,1620.8115215926086,1620.8115215926086,1540.9685894944505,1584.8822021484375,100953,0.0,0.0
2012-02-27 00:00:00+09:00,1584.8820311228433,1584.8820311228433,1532.984130859375,1532.984130859375,54404,0.0,0.0
2012-02-28 00:00:00+09:00,1528.9921875,1552.9450677219322,1501.0471605744126,1528.9921875,79989,0.0,0.0
2012-02-29 00:00:00+09:00,1548.9527155558267,1556.9370079040527,1528.991984685262,1532.984130859375,44735,0.0,0.0
2012-03-02 00:00:00+09:00,1540.9683881487165,1568.9134107317243,1528.991949898856,1564.9212646484375,90628,0.0,0.0
2012-03-05 00:00:00+09:00,1568.913491797874,1568.913491797874,1536.9763214813777,1560.92919921875,83823,0.0,0.0
2012-03-06 00:00:00+09:00,1556.9372970779223,1568.9137378246753,1521.0079748376625,1536.9765625,59743,0.0,0.0
2012-03-07 00:00:00+09:00,1509.031454293839,1540.9686279296875,1509.031454293839,1540.9686279296875,37871,0.0,0.0
2012-03-08 00:00:00+09:00,1564.921351581886,1608.8349609375,1528.9920348363835,1608.8349609375,86647,0.0,0.0
2012-03-09 00:00:00+09:00,1848.364013671875,1848.364013671875,1832.3954260807573,1848.364013671875,623040,0.0,0.0
2012-03-12 00:00:00+09:00,1768.5208271825038,1796.4658515397894,1684.685754110647,1716.6229248046875,1090848,0.0,0.0
2012-03-13 00:00:00+09:00,1716.622847986985,1764.5286018842962,1692.6699710383295,1744.56787109375,266710,0.0,0.0
2012-03-14 00:00:00+09:00,1748.5600895493794,1796.4658454274447,1632.7878461773887,1668.7171630859375,410704,0.0,0.0
2012-03-15 00:00:00+09:00,1640.7721814682905,1704.6465242991728,1640.7721814682905,1696.6622314453125,284889,0.0,0.0
2012-03-16 00:00:00+09:00,1680.693766941534,1736.583820949091,1652.7487399377555,1708.6387939453125,127577,0.0,0.0
2012-03-19 00:00:00+09:00,1696.662185852786,1724.6072100903614,1632.7878447383282,1656.74072265625,178968,0.0,0.0
2012-03-20 00:00:00+09:00,1656.7407660461715,1684.685791015625,1636.7800339251332,1684.685791015625,141024,0.0,0.0
2012-03-21 00:00:00+09:00,1660.7329561781607,1804.45023123204,1652.748663119612,1736.583740234375,484718,0.0,0.0
2012-03-22 00:00:00+09:00,1700.6544993473933,1736.583819756141,1636.780151954064,1660.7330322265625,164702,0.0,0.0
2012-03-23 00:00:00+09:00,1660.7331888555937,1764.5290131590682,1640.7724534126178,1748.5604248046875,335468,0.0,0.0
2012-03-26 00:00:00+09:00,1756.5442972479116,1780.497174028565,1652.7484978650805,1672.709228515625,235981,0.0,0.0
2012-03-27 00:00:00+09:00,1688.6779441139913,1804.4501908735795,1668.7172119140625,1756.54443359375,530092,0.0,0.0
2012-03-28 00:00:00+09:00,1728.5992582211936,1824.4107644505436,1696.6620894780767,1812.434326171875,400545,0.0,0.0
2012-03-29 00:00:00+09:00,1812.4344070131415,1832.3951383679118,1728.5993353231063,1808.4422607421875,302511,0.0,0.0
2012-03-30 00:00:00+09:00,1792.4737515536222,1844.3716552734375,1748.5601407137783,1756.54443359375,249091,0.0,0.0
2012-04-02 00:00:00+09:00,1756.544468470982,1784.4894941057478,1620.8114868164062,1676.7015380859375,190446,0.0,0.0
2012-04-03 00:00:00+09:00,1668.7169423852479,1692.669817156328,1584.8818806864674,1600.8504638671875,269700,0.0,0.0
2012-04-04 00:00:00+09:00,1616.8194149804178,1624.8037083877284,1493.0628671671018,1528.9921875,195930,0.0,0.0
2012-04-05 00:00:00+09:00,1540.9684232076008,1556.9370079040527,1481.0862305959065,1532.984130859375,68537,0.0,0.0
2012-04-06 00:00:00+09:00,1532.9844155844157,1556.9372970779223,1521.0079748376625,1536.9765625,39324,0.0,0.0
2012-04-09 00:00:00+09:00,1517.015625,1528.992064144737,1477.0941611842106,1517.015625,44177,0.0,0.0
2012-04-10 00:00:00+09:00,1517.015546162923,1532.984130859375,1477.0940844217935,1532.984130859375,24090,0.0,0.0
2012-04-12 00:00:00+09:00,1572.905631596306,1572.905631596306,1513.0234375,1513.0234375,62668,0.0,0.0
2012-04-13 00:00:00+09:00,1540.9684662179848,1564.9213439312177,1517.0155885047518,1548.9527587890625,54080,0.0,0.0
2012-04-16 00:00:00+09:00,1580.890094974498,1580.890094974498,1513.02360099832,1540.9686279296875,52597,0.0,0.0
2012-04-17 00:00:00+09:00,1525.0000407963446,1552.9450677219322,1493.0628671671018,1528.9921875,65381,0.0,0.0
2012-04-18 00:00:00+09:00,1548.9527155558267,1548.9527155558267,1509.0312538146973,1532.984130859375,51822,0.0,0.0
2012-04-19 00:00:00+09:00,1525.0000407963446,1548.9529210182768,1497.0550138707572,1528.9921875,63263,0.0,0.0
2012-04-20 00:00:00+09:00,1596.8585158248081,1604.8428084039322,1517.0155900335676,1560.92919921875,157151,0.0,0.0
2012-04-23 00:00:00+09:00,1568.9135279605264,1576.8978207236844,1517.015625,1517.015625,135074,0.0,0.0
2012-04-24 00:00:00+09:00,1532.9844585561498,1536.9766055836399,1465.1179590888203,1493.06298828125,152780,0.0,0.0
2012-04-25 00:00:00+09:00,1493.0629505059096,1493.0629505059096,1389.2671304172636,1393.25927734375,167245,0.0,0.0
2012-04-26 00:00:00+09:00,1409.2276583185114,1421.2040973410483,1337.3690241832899,1385.2747802734375,83820,0.0,0.0
2012-04-27 00:00:00+09:00,1357.329755887518,1389.2669266142832,1345.3533168649813,1385.2747802734375,74380,0.0,0.0
2012-04-30 00:00:00+09:00,1393.2591192912791,1453.141316395489,1361.3219475023673,1449.149169921875,118039,0.0,0.0
2012-05-02 00:00:00+09:00,1449.1490575396826,1513.0233961640213,1425.1961805555557,1509.03125,61416,0.0,0.0
2012-05-03 00:00:00+09:00,1489.0705152942287,1532.984122983871,1477.0940768334174,1485.078369140625,35270,0.0,0.0
2012-05-04 00:00:00+09:00,1493.062742824503,1493.062742824503,1445.156986370241,1481.0863037109375,33162,0.0,0.0
2012-05-07 00:00:00+09:00,1481.0862148708766,1481.0862148708766,1405.2354383680554,1437.172607421875,24996,0.0,0.0
2012-05-08 00:00:00+09:00,1445.1569850755773,1481.0863023840861,1421.2041068699048,1469.10986328125,94286,0.0,0.0
2012-05-09 00:00:00+09:00,1469.109942388268,1489.070675301152,1421.2041833973462,1429.1884765625,27382,0.0,0.0
2012-05-10 00:00:00+09:00,1429.1886377622004,1461.125814025043,1421.2043436964898,1457.1336669921875,17905,0.0,0.0
2012-05-11 00:00:00+09:00,1461.12548828125,1489.0705112811647,1425.1961729956456,1461.12548828125,17448,0.0,0.0
2012-05-14 00:00:00+09:00,1433.1806643997106,1481.0864247696175,1433.1806643997106,1445.1571044921875,41497,0.0,0.0
2012-05-15 00:00:00+09:00,1441.164794921875,1441.164794921875,1373.2983087344182,1441.164794921875,71172,0.0,0.0
2012-05-16 00:00:00+09:00,1441.1649163102304,1441.1649163102304,1397.2513039018854,1429.1884765625,25670,0.0,0.0
2012-05-17 00:00:00+09:00,1437.17281006551,1540.9686241257969,1389.267049729993,1409.227783203125,53106,0.0,0.0
2012-05-18 00:00:00+09:00,1409.2276583185114,1409.2276583185114,1353.3376095466724,1385.2747802734375,38540,0.0,0.0
2012-05-21 00:00:00+09:00,1365.3140485692095,1429.1883900227397,1357.329755887518,1385.2747802734375,45434,0.0,0.0
2012-05-22 00:00:00+09:00,1373.298269314236,1437.172607421875,1373.298269314236,1437.172607421875,72606,0.0,0.0
2012-05-23 00:00:00+09:00,1445.1572258936217,1477.094402156464,1409.2279025979237,1457.1336669921875,57504,0.0,0.0
2012-05-24 00:00:00+09:00,1433.180502429233,1453.141233660838,1401.2433324586652,1441.164794921875,36244,0.0,0.0
2012-05-25 00:00:00+09:00,1409.227584499783,1449.1490458170572,1389.2668538411458,1437.172607421875,33627,0.0,0.0
2012-05-29 00:00:00+09:00,1437.1727683327415,1437.1727683327415,1357.3298367587004,1405.235595703125,69790,0.0,0.0
2012-05-30 00:00:00+09:00,1393.2591964246194,1421.2042232870044,1373.2984629514874,1409.227783203125,37641,0.0,0.0
2012-05-31 00:00:00+09:00,1389.267049729993,1417.212076592378,1373.2984629514874,1409.227783203125,16426,0.0,0.0
2012-06-01 00:00:00+09:00,1429.1884751753375,1429.1884751753375,1385.274862809615,1405.235595703125,8198,0.0,0.0
2012-06-04 00:00:00+09:00,1353.3375657025504,1397.2511740291818,1321.4003960104549,1357.3297119140625,34347,0.0,0.0
2012-06-05 00:00:00+09:00,1333.3770345052085,1365.314208984375,1309.4241536458335,1365.314208984375,73428,0.0,0.0
2012-06-07 00:00:00+09:00,1373.2984216943642,1421.2041805906792,1357.3298353955925,1381.28271484375,19645,0.0,0.0
2012-06-08 00:00:00+09:00,1393.2591131680254,1393.2591131680254,1357.3297950634058,1377.29052734375,6864,0.0,0.0
2012-06-11 00:00:00+09:00,1389.266881606158,1389.266881606158,1305.431811164407,1357.3297119140625,181931,0.0,0.0
2012-06-12 00:00:00+09:00,1325.3924201942693,1381.2824620096903,1325.3924201942693,1345.3531494140625,50547,0.0,0.0
2012-06-13 00:00:00+09:00,1373.2981703217731,1373.2981703217731,1321.4002743503108,1345.3531494140625,30040,0.0,0.0
2012-06-14 00:00:00+09:00,1345.3532278616508,1353.3375200151324,1325.3924974779468,1329.3846435546875,10018,0.0,0.0
2012-06-15 00:00:00+09:00,1341.3610817849099,1357.3296660918732,1289.4631827872795,1329.3846435546875,97341,0.0,0.0
2012-06-18 00:00:00+09:00,1345.3532677964502,1349.3454139916919,1313.4160982345168,1321.400390625,82329,0.0,0.0
2012-06-19 00:00:00+09:00,1313.416094501202,1321.4003868689904,1277.4867788461538,1297.447509765625,124417,0.0,0.0
2012-06-20 00:00:00+09:00,1301.439788900176,1489.0706787109375,1301.439788900176,1489.0706787109375,364509,0.0,0.0
2012-06-21 00:00:00+09:00,1524.9998306766634,1532.984122983871,1429.1883229901714,1485.078369140625,529054,0.0,0.0
2012-06-22 00:00:00+09:00,1445.1570273437499,1509.0313710937498,1421.2041484375,1497.054931640625,206387,0.0,0.0
2012-06-25 00:00:00+09:00,1509.0314539817232,1528.9921875,1461.125693537859,1528.9921875,277549,0.0,0.0
2012-06-26 00:00:00+09:00,1556.937083368716,1556.937083368716,1457.1334241784136,1469.10986328125,199805,0.0,0.0
2012-06-27 00:00:00+09:00,1469.1097845262095,1513.0233922158518,1429.1883229901714,1485.078369140625,220434,0.0,0.0
2012-06-28 00:00:00+09:00,1485.0784135883905,1540.9684614116095,1469.1098284960422,1513.0234375,422404,0.0,0.0
2012-06-29 00:00:00+09:00,1517.015628765665,1564.9213854635282,1477.0941648507792,1552.9449462890625,128885,0.0,0.0
2012-07-02 00:00:00+09:00,1556.9370926805511,1580.8899710294827,1513.0234823741764,1552.9449462890625,78023,0.0,0.0
2012-07-03 00:00:00+09:00,1544.960576837713,1616.819208318537,1477.0940915502683,1580.889892578125,358563,0.0,0.0
2012-07-04 00:00:00+09:00,1580.889853319331,1592.8662916020533,1548.9526845654052,1588.8741455078125,58505,0.0,0.0
2012-07-05 00:00:00+09:00,1596.8586413388325,1612.827227752221,1548.9528820986677,1572.90576171875,97802,0.0,0.0
2012-07-06 00:00:00+09:00,1572.9057207180344,1572.9057207180344,1532.984255725191,1568.91357421875,53144,0.0,0.0
2012-07-09 00:00:00+09:00,1556.9371753053617,1584.8822015287913,1552.9450287020147,1572.90576171875,73940,0.0,0.0
2012-07-10 00:00:00+09:00,1564.9213002522786,1572.9055926005044,1501.0469614664712,1532.984130859375,118969,0.0,0.0
2012-07-11 00:00:00+09:00,1532.984130859375,1564.9213002522786,1509.0312538146973,1532.984130859375,79071,0.0,0.0
2012-07-12 00:00:00+09:00,1556.9370574951172,1608.8349594116212,1536.9763259887695,1596.8585205078125,253852,0.0,0.0
2012-07-13 00:00:00+09:00,1596.858437696294,1608.8348759790163,1505.0390775287572,1588.8741455078125,93544,0.0,0.0
2012-07-16 00:00:00+09:00,1564.9215494791667,1748.560302734375,1564.9215494791667,1628.7958984375,1505986,0.0,0.0
2012-07-17 00:00:00+09:00,1616.8194183936484,1676.7016190748948,1608.8351249694824,1660.7330322265625,297888,0.0,0.0
2012-07-18 00:00:00+09:00,1660.7330729166667,1672.7095133463542,1604.843017578125,1628.7958984375,232473,0.0,0.0
2012-07-19 00:00:00+09:00,1648.7566324869792,1724.607421875,1604.843017578125,1628.7958984375,605940,0.0,0.0
2012-07-20 00:00:00+09:00,1656.740926106771,1672.7095133463542,1608.835164388021,1628.7958984375,169271,0.0,0.0
2012-07-23 00:00:00+09:00,1628.7956909179688,1636.7799835205078,1572.9056427001954,1596.8585205078125,162992,0.0,0.0
2012-07-24 00:00:00+09:00,1572.9056001913668,1644.7642316721906,1513.0234072906803,1580.889892578125,191310,0.0,0.0
2012-07-25 00:00:00+09:00,1544.9604227346672,1600.8504638671875,1536.9761311443071,1600.8504638671875,155505,0.0,0.0
2012-07-26 00:00:00+09:00,1840.3792724609373,1840.3792724609373,1840.3792724609373,1840.3792724609375,1150988,0.0,0.0
2012-07-27 00:00:00+09:00,1916.2302215189873,1980.104562236287,1784.489393789557,1892.27734375,5991413,0.0,0.0
2012-07-30 00:00:00+09:00,1916.2302150974024,2028.0103109780844,1796.465826653815,1844.37158203125,4053293,0.0,0.0
2012-07-31 00:00:00+09:00,1996.0732272618723,2067.9318634433,1808.4423438992562,1828.403076171875,5114117,0.0,0.0
2012-08-01 00:00:00+09:00,1848.3635282721132,1968.1279037541076,1804.4499239287152,1860.3399658203125,2858219,0.0,0.0
2012-08-02 00:00:00+09:00,1892.27754836786,1948.1676025390625,1840.3796409231718,1948.1676025390625,2476806,0.0,0.0
2012-08-03 00:00:00+09:00,1916.2303003771551,1932.1988862136313,1852.35595703125,1852.35595703125,1078891,0.0,0.0
2012-08-06 00:00:00+09:00,1884.2932553928392,2055.955564676509,1860.340375027676,1972.1204833984375,6249700,0.0,0.0
2012-08-07 00:00:00+09:00,1944.1753309405174,1972.1203562312435,1868.3245480085466,1912.2381591796875,2168422,0.0,0.0
2012-08-08 00:00:00+09:00,1908.245753224139,1920.2221910058804,1784.4892294794772,1840.3792724609375,1642861,0.0,0.0
2012-08-09 00:00:00+09:00,1828.4029148267664,1868.324375849185,1804.4500382133153,1836.38720703125,532932,0.0,0.0
2012-08-10 00:00:00+09:00,1852.3559504624438,1884.2931220221412,1780.497314453125,1780.497314453125,716461,0.0,0.0
2012-08-13 00:00:00+09:00,1788.4817708333335,1828.4032389322917,1732.5917154947917,1784.4896240234375,751640,0.0,0.0
2012-08-14 00:00:00+09:00,1800.4581719670102,1896.26969331337,1788.4817317987151,1864.33251953125,1084216,0.0,0.0
2012-08-16 00:00:00+09:00,1972.120411792947,2143.78271484375,1940.1832391323323,2143.78271484375,2169981,0.0,0.0
2012-08-17 00:00:00+09:00,2259.5544087264666,2331.4130294986867,2211.6486615449867,2279.51513671875,5967087,0.0,0.0
2012-08-20 00:00:00+09:00,2251.5706806282724,2323.429319371728,2239.5942408376964,2287.5,2804605,0.0,0.0
2012-08-21 00:00:00+09:00,2275.523301421619,2275.523301421619,2179.7117939933405,2191.688232421875,2168749,0.0,0.0
2012-08-22 00:00:00+09:00,2179.711945805449,2211.649117172562,2024.0182353907742,2087.892578125,2437048,0.0,0.0
2012-08-23 00:00:00+09:00,2127.814124311326,2163.7434434835623,2055.9554859668533,2071.924072265625,1375999,0.0,0.0
2012-08-24 00:00:00+09:00,2079.9084486244783,2151.76708984375,2016.0341008740145,2151.76708984375,1349353,0.0,0.0
2012-08-27 00:00:00+09:00,2123.822437183277,2231.6104180177667,2024.0187512254163,2067.932373046875,1912191,0.0,0.0
2012-08-28 00:00:00+09:00,2079.908176197725,2171.7275390625,2067.931737563189,2171.7275390625,1438077,0.0,0.0
2012-08-29 00:00:00+09:00,2283.507433987403,2347.3817678052324,2059.947265625,2059.947265625,4515481,0.0,0.0
2012-08-30 00:00:00+09:00,2075.916384064402,2083.900677849265,1948.1676835065923,1968.12841796875,1506757,0.0,0.0
2012-08-31 00:00:00+09:00,1996.0733640121982,2063.939858388613,1960.1440434599788,1984.096923828125,1070662,0.0,0.0
2012-09-03 00:00:00+09:00,2012.0417564655172,2083.900390625,1984.096732070163,2083.900390625,878297,0.0,0.0
2012-09-04 00:00:00+09:00,2115.837167406839,2179.7114969889326,1972.1199258471293,2012.0413818359375,1245854,0.0,0.0
2012-09-05 00:00:00+09:00,2047.9712317778408,2079.908404982953,1992.0811786688937,2039.9869384765625,584846,0.0,0.0
2012-09-06 00:00:00+09:00,2179.7119085761938,2243.5862502194523,2107.853274227528,2131.80615234375,2178979,0.0,0.0
2012-09-07 00:00:00+09:00,2127.814209437326,2171.72782351577,2091.8848888276902,2151.76708984375,694299,0.0,0.0
2012-09-10 00:00:00+09:00,2159.7508023077035,2199.6722589122824,2119.829345703125,2119.829345703125,720115,0.0,0.0
2012-09-11 00:00:00+09:00,2099.869264640656,2119.829999095415,1996.0734454759088,2004.0577392578125,1003860,0.0,0.0
2012-09-12 00:00:00+09:00,2024.0183908562913,2039.9869777664,1972.1204833984375,1972.1204833984375,547647,0.0,0.0
2012-09-13 00:00:00+09:00,2004.0574303031192,2131.806111119254,1968.128113823581,2127.81396484375,961935,0.0,0.0
2012-09-14 00:00:00+09:00,2119.829873900903,2167.7356337630704,2071.9241140387358,2099.869140625,643999,0.0,0.0
2012-09-17 00:00:00+09:00,2115.837682387408,2115.837682387408,2035.9947509765625,2035.9947509765625,372033,0.0,0.0
2012-09-18 00:00:00+09:00,2035.994597404234,2107.853230253795,2024.0181585959738,2103.861083984375,337180,0.0,0.0
2012-09-19 00:00:00+09:00,2103.8611305519385,2167.735472276476,2099.868984194155,2155.759033203125,667781,0.0,0.0
2012-09-20 00:00:00+09:00,2155.7591598429144,2287.4999973888703,2143.7827200660095,2239.59423828125,1645346,0.0,0.0
2012-09-21 00:00:00+09:00,2295.484306867733,2574.9345703125,2243.5864007994187,2574.9345703125,4834283,0.0,0.0
2012-09-24 00:00:00+09:00,2874.3451100708503,2958.18017578125,2838.4157961949645,2958.18017578125,3663760,0.0,0.0
2012-09-25 00:00:00+09:00,2890.3141991582816,3105.890120089977,2515.0524108697755,2578.9267578125,6994447,0.0,0.0
2012-09-26 00:00:00+09:00,2507.067692526555,2946.2037533194234,2475.1305244688924,2630.82421875,5967078,0.0,0.0
2012-09-27 00:00:00+09:00,2554.9733052507836,2606.87120051369,2379.318890514792,2546.989013671875,1899439,0.0,0.0
2012-09-28 00:00:00+09:00,2523.036783854167,2586.9111328125,2459.1624348958335,2491.099609375,682414,0.0,0.0
2012-10-02 00:00:00+09:00,2507.0675496934336,2574.934027949466,2499.0832581339,2523.0361328125,791881,0.0,0.0
2012-10-04 00:00:00+09:00,2582.918588321375,2794.5023366691844,2558.9657111499246,2642.80078125,2203980,0.0,0.0
2012-10-05 00:00:00+09:00,2682.722578788952,3038.023634610703,2678.730432094326,2818.45556640625,5714998,0.0,0.0
2012-10-08 00:00:00+09:00,2834.4236052718406,2986.125150342728,2774.5414164280696,2930.235107421875,2447024,0.0,0.0
2012-10-09 00:00:00+09:00,2898.2978827139746,2950.195778685437,2690.706298828125,2690.706298828125,1491868,0.0,0.0
2012-10-10 00:00:00+09:00,2610.863690129892,2822.4474448346077,2610.863690129892,2626.832275390625,1098546,0.0,0.0
2012-10-11 00:00:00+09:00,2670.7459020257343,2814.4631702961774,2638.808731298969,2770.549560546875,695233,0.0,0.0
2012-10-12 00:00:00+09:00,2870.3533446205684,2870.3533446205684,2714.659630517366,2758.5732421875,489427,0.0,0.0
2012-10-15 00:00:00+09:00,2730.62841796875,2774.5420328776045,2546.989664713542,2586.9111328125,809217,0.0,0.0
2012-10-16 00:00:00+09:00,2598.887455512153,2750.589027416088,2586.911015625,2694.698974609375,770076,0.0,0.0
2012-10-17 00:00:00+09:00,2690.7066164335583,2758.573103791675,2586.910812238792,2626.832275390625,694866,0.0,0.0
2012-10-18 00:00:00+09:00,2634.8167792717272,2874.345577387339,2634.8167792717272,2790.510498046875,1832054,0.0,0.0
2012-10-19 00:00:00+09:00,2782.525595345361,2946.203571542147,2694.6983886056223,2942.21142578125,1579429,0.0,0.0
2012-10-22 00:00:00+09:00,2910.274568058894,3113.8740234375,2870.3531062199518,3113.8740234375,2092011,0.0,0.0
2012-10-23 00:00:00+09:00,3433.2460732984296,3433.2460732984296,2954.1884816753927,3050.0,2572972,0.0,0.0
2012-10-24 00:00:00+09:00,2970.1564461075304,3006.0857579556055,2862.3685105633053,2942.21142578125,993317,0.0,0.0
2012-10-25 00:00:00+09:00,2962.1728044658685,3006.0864174700796,2806.479085632757,2814.46337890625,649277,0.0,0.0
2012-10-26 00:00:00+09:00,2786.518473307292,2882.329996744792,2562.958251953125,2562.958251953125,1075928,0.0,0.0
2012-10-29 00:00:00+09:00,2606.871528382514,2622.840113548716,2443.193530428941,2507.06787109375,618854,0.0,0.0
2012-10-30 00:00:00+09:00,2554.9739583333335,2634.81689453125,2503.0760498046875,2539.00537109375,509253,0.0,0.0
2012-10-31 00:00:00+09:00,2475.1307818700398,2578.9265888516866,2471.1386354476685,2515.05224609375,900394,0.0,0.0
2012-11-01 00:00:00+09:00,2515.0520302304244,2546.989198868271,2383.311209599307,2447.185546875,604188,0.0,0.0
2012-11-02 00:00:00+09:00,2503.075856819095,2770.549672460051,2475.1308313043683,2638.808837890625,2036151,0.0,0.0
2012-11-05 00:00:00+09:00,2638.808731298969,2834.4239020004056,2550.981511800365,2770.549560546875,1151411,0.0,0.0
2012-11-06 00:00:00+09:00,2850.3926025021274,2914.2669465357885,2606.8716658737944,2638.808837890625,1389332,0.0,0.0
2012-11-07 00:00:00+09:00,2654.777747783017,2762.5657164899962,2634.81701283728,2718.652099609375,571697,0.0,0.0
2012-11-08 00:00:00+09:00,2666.75370334688,2734.6201898093004,2634.816533246917,2670.745849609375,347832,0.0,0.0
2012-11-09 00:00:00+09:00,2670.7459020257343,2770.549560546875,2618.847999594741,2770.549560546875,444275,0.0,0.0
2012-11-12 00:00:00+09:00,2818.455485943002,3014.0706683951366,2746.596847491197,2834.424072265625,2135061,0.0,0.0
2012-11-13 00:00:00+09:00,2854.38476731807,2990.1177492604675,2786.5182763468706,2878.337646484375,1185761,0.0,0.0
2012-11-14 00:00:00+09:00,2878.3375991864764,2918.259063807648,2750.5889123987267,2802.48681640625,629924,0.0,0.0
2012-11-15 00:00:00+09:00,2730.627989783654,2778.5337439903847,2586.9107271634616,2594.89501953125,483561,0.0,0.0
2012-11-16 00:00:00+09:00,2570.942545572917,2678.7305094401045,2546.989664713542,2586.9111328125,347610,0.0,0.0
2012-11-19 00:00:00+09:00,2634.816820344872,2942.2121160517736,2634.816820344872,2890.314208984375,1629308,0.0,0.0
2012-11-20 00:00:00+09:00,2914.26693359375,2998.102009765625,2830.431857421875,2994.10986328125,972225,0.0,0.0
2012-11-21 00:00:00+09:00,2978.141353397579,3026.047112433465,2870.353395566836,2906.28271484375,799043,0.0,0.0
2012-11-22 00:00:00+09:00,2946.2041932701463,3145.8115234375,2918.2591670467164,3145.8115234375,2333307,0.0,0.0
2012-11-23 00:00:00+09:00,3117.8664972140705,3169.7644030575825,3042.015711750476,3145.8115234375,825337,0.0,0.0
2012-11-26 00:00:00+09:00,3113.874468301128,3133.8352020722896,2918.25927734375,2918.25927734375,907245,0.0,0.0
2012-11-27 00:00:00+09:00,2930.2354014929865,3157.7877419359024,2918.258962522307,3006.086181640625,1704230,0.0,0.0
2012-11-28 00:00:00+09:00,3026.0473620129874,3121.858887987013,2950.1965706168835,3073.953125,755142,0.0,0.0
2012-11-29 00:00:00+09:00,3105.8896864563453,3201.701193493559,2614.855712890625,2614.855712890625,3425795,0.0,0.0
2012-11-30 00:00:00+09:00,2614.855485747132,2678.729818223398,2431.216779877868,2523.0361328125,1632684,0.0,0.0
2012-12-03 00:00:00+09:00,2491.099530766254,2630.8246647034634,2491.099530766254,2578.9267578125,978412,0.0,0.0
2012-12-04 00:00:00+09:00,2602.8796347467846,2614.856074783963,2483.115234375,2483.115234375,661483,0.0,0.0
2012-12-05 00:00:00+09:00,2491.099240056818,2511.059971147017,2163.743250177557,2195.680419921875,1430863,0.0,0.0
2012-12-06 00:00:00+09:00,2283.507975260417,2331.413736979167,2179.712158203125,2203.6650390625,1030193,0.0,0.0
2012-12-07 00:00:00+09:00,2179.7118579761404,2443.1935111380913,2179.7118579761404,2363.3505859375,1157814,0.0,0.0
2012-12-10 00:00:00+09:00,2395.2880859375,2427.225260416667,2235.602213541667,2251.57080078125,542688,0.0,0.0
2012-12-11 00:00:00+09:00,2311.4530029296875,2355.366617838542,2047.9713134765625,2047.9713134765625,731850,0.0,0.0
2012-12-12 00:00:00+09:00,2047.9709151173365,2119.829543717945,2016.0337468503994,2091.884521484375,435243,0.0,0.0
2012-12-13 00:00:00+09:00,2115.8378482425405,2227.6179609798824,2099.8692607086346,2207.6572265625,344582,0.0,0.0
2012-12-14 00:00:00+09:00,2203.664298592033,2203.664298592033,2123.8213892227564,2179.71142578125,396980,0.0,0.0
2012-12-17 00:00:00+09:00,2207.657266235352,2243.5865888323106,2171.727943638393,2235.602294921875,413319,0.0,0.0
2012-12-18 00:00:00+09:00,2267.539128335674,2267.539128335674,2103.8611278748244,2131.80615234375,483528,0.0,0.0
2012-12-20 00:00:00+09:00,2131.806312913161,2131.806312913161,2059.947673152043,2075.916259765625,258394,0.0,0.0
2012-12-21 00:00:00+09:00,2131.8063138664447,2131.8063138664447,2039.9869407972908,2099.869140625,188661,0.0,0.0
2012-12-24 00:00:00+09:00,2075.9161455926524,2211.6491243429414,2075.9161455926524,2159.751220703125,418796,0.0,0.0
2012-12-26 00:00:00+09:00,2187.6963272520948,2243.58637940817,2119.829835348289,2143.78271484375,429659,0.0,0.0
2012-12-27 00:00:00+09:00,2205.2679937026082,2283.1492053761203,2180.673926858341,2229.862060546875,390681,70.0,0.0
2012-12-28 00:00:00+09:00,2238.0596557617187,2299.5448111397877,2217.5646039690287,2295.44580078125,376250,0.0,0.0
2013-01-02 00:00:00+09:00,2311.842047637884,2324.139079806171,2250.3568867964514,2266.7529296875,396015,0.0,0.0
2013-01-03 00:00:00+09:00,2295.44580078125,2352.831945800781,2270.8517386300223,2295.44580078125,548672,0.0,0.0
2013-01-04 00:00:00+09:00,2295.445892776268,2336.4359980044155,2258.5547980709352,2262.65380859375,389169,0.0,0.0
2013-01-07 00:00:00+09:00,2279.0503204002807,2283.1493317679074,2180.674047577247,2188.8720703125,349583,0.0,0.0
2013-01-08 00:00:00+09:00,2188.8716049767972,2213.465667954065,2172.4755629919523,2180.673583984375,136988,0.0,0.0
2013-01-09 00:00:00+09:00,2180.673757333295,2217.56485473179,2139.683649112744,2205.267822265625,350886,0.0,0.0
2013-01-10 00:00:00+09:00,2225.7632232090214,2238.0602575913917,2160.17903983638,2172.47607421875,333567,0.0,0.0
2013-01-11 00:00:00+09:00,2184.7727759576615,2205.2678301411293,2147.8816784274195,2160.1787109375,224249,0.0,0.0
2013-01-14 00:00:00+09:00,2164.2776817908652,2164.2776817908652,2123.28757418119,2131.485595703125,239604,0.0,0.0
2013-01-15 00:00:00+09:00,2131.485953873503,2156.080022572043,2049.5057248783683,2053.604736328125,358411,0.0,0.0
2013-01-16 00:00:00+09:00,2074.0997437732053,2086.3967778271967,2049.505675665223,2070.000732421875,204406,0.0,0.0
2013-01-17 00:00:00+09:00,2082.2979274309014,2102.792985771757,2049.505834085533,2057.703857421875,148553,0.0,0.0
2013-01-18 00:00:00+09:00,2070.000326932051,2147.8815273512764,2061.80230583529,2127.386474609375,271939,0.0,0.0
2013-01-21 00:00:00+09:00,2139.683238551164,2168.376308799934,2115.089178337932,2135.584228515625,246016,0.0,0.0
2013-01-22 00:00:00+09:00,2131.4855083413927,2160.178582492142,2094.5944130047146,2119.1884765625,167442,0.0,0.0
2013-01-23 00:00:00+09:00,2135.584768170973,2242.159056025954,2119.188723885591,2201.1689453125,709687,0.0,0.0
2013-01-24 00:00:00+09:00,2217.565251455561,2242.159320787785,2143.7830434588877,2156.080078125,319639,0.0,0.0
2013-01-25 00:00:00+09:00,2180.6738472732845,2188.871869255515,2090.49560546875,2090.49560546875,204627,0.0,0.0
2013-01-28 00:00:00+09:00,2090.4952931958574,2164.277480014535,2057.7032101653344,2115.08935546875,171097,0.0,0.0
2013-01-29 00:00:00+09:00,2147.8820550142586,2172.4761243464827,2115.0899625712927,2156.080078125,94530,0.0,0.0
2013-01-30 00:00:00+09:00,2188.8718024865907,2270.8520198081856,2139.6836720936335,2197.06982421875,813173,0.0,0.0
2013-01-31 00:00:00+09:00,2238.0598924489013,2246.257914032963,2168.376708984375,2168.376708984375,267057,0.0,0.0
2013-02-01 00:00:00+09:00,2168.376668761973,2192.9707330579504,2123.287550886015,2139.68359375,174173,0.0,0.0
2013-02-04 00:00:00+09:00,2164.277480014535,2164.277480014535,2098.6933139534885,2115.08935546875,131273,0.0,0.0
2013-02-05 00:00:00+09:00,2115.089591733871,2115.089591733871,2033.109375,2033.109375,251890,0.0,0.0
2013-02-06 00:00:00+09:00,2045.4061166992187,2094.594239746094,2041.3071064453125,2049.505126953125,133976,0.0,0.0
2013-02-07 00:00:00+09:00,2049.505410074186,2070.000464174928,1914.2380530092896,1951.129150390625,353632,0.0,0.0
2013-02-08 00:00:00+09:00,1951.1291152221424,1979.8221904459974,1930.6340614908174,1963.4261474609375,203492,0.0,0.0
2013-02-12 00:00:00+09:00,1971.6242202601481,2045.4064156129189,1963.4261985542848,1988.020263671875,199481,0.0,0.0
2013-02-13 00:00:00+09:00,2000.3173965669014,2057.7035513864435,2000.3173965669014,2037.20849609375,105071,0.0,0.0
2013-02-14 00:00:00+09:00,2049.505438686402,2057.703460441148,1959.3271993842006,1983.9212646484375,417571,0.0,0.0
2013-02-15 00:00:00+09:00,1983.921342504306,2086.3966184601068,1971.6243093896098,2082.297607421875,349002,0.0,0.0
2013-02-18 00:00:00+09:00,2074.0994222940612,2168.376668761973,2049.5053579980845,2139.68359375,315961,0.0,0.0
2013-02-19 00:00:00+09:00,2115.089807296783,2115.089807296783,2008.5155146810537,2086.396728515625,490963,0.0,0.0
2013-02-20 00:00:00+09:00,2090.4954969618057,2238.059884982639,2090.4954969618057,2213.4658203125,588075,0.0,0.0
2013-02-21 00:00:00+09:00,2217.564847959321,2430.713410055226,2217.564847959321,2377.42626953125,1797228,0.0,0.0
2013-02-22 00:00:00+09:00,2381.525537366817,2430.713672389884,2315.941357336061,2332.33740234375,502805,0.0,0.0
2013-02-25 00:00:00+09:00,2336.435768821023,2529.0892444957385,2336.435768821023,2524.990234375,1107361,0.0,0.0
2013-02-26 00:00:00+09:00,2484.000732421875,2553.683921285195,2438.9116102161975,2484.000732421875,457386,0.0,0.0
2013-02-27 00:00:00+09:00,2500.3963737299878,2537.287467768627,2389.72309161407,2496.29736328125,419808,0.0,0.0
2013-02-28 00:00:00+09:00,2508.594172668457,2775.029828262329,2508.594172668457,2623.366455078125,2741061,0.0,0.0
2013-03-04 00:00:00+09:00,2606.971023137019,2693.050255033053,2598.7730010516825,2664.357177734375,1184895,0.0,0.0
2013-03-05 00:00:00+09:00,2664.357237327756,2672.555259596457,2479.901736281988,2602.8720703125,1163495,0.0,0.0
2013-03-06 00:00:00+09:00,2611.069942979341,2664.357084672797,2537.287746788402,2570.079833984375,600316,0.0,0.0
2013-03-07 00:00:00+09:00,2582.376610672714,2598.7726526452393,2381.5250965092805,2443.01025390625,608379,0.0,0.0
2013-03-08 00:00:00+09:00,2467.604523689516,2549.5847404233873,2455.3074911794356,2541.38671875,595194,0.0,0.0
2013-03-11 00:00:00+09:00,2602.8717388684236,2611.0697600932062,2418.4162613108188,2590.57470703125,711156,0.0,0.0
2013-03-12 00:00:00+09:00,2537.2878452354753,2656.1591659330984,2508.5947678257044,2619.26806640625,1098815,0.0,0.0
2013-03-13 00:00:00+09:00,2619.2677257966848,2738.139031036284,2602.8716836946714,2697.14892578125,1188089,0.0,0.0
2013-03-14 00:00:00+09:00,2697.148872955501,2836.515228093019,2680.7528311746164,2803.72314453125,1139147,0.0,0.0
2013-03-15 00:00:00+09:00,2836.515274586397,2918.4954848345587,2766.83209587546,2787.3271484375,1231875,0.0,0.0
2013-03-18 00:00:00+09:00,2783.228137925092,2877.505379710478,2738.139022288603,2787.3271484375,742815,0.0,0.0
2013-03-19 00:00:00+09:00,2791.4261589499083,2816.020222024357,2725.841990751379,2787.3271484375,503245,0.0,0.0
2013-03-20 00:00:00+09:00,2787.3277128727063,2795.525735557626,2680.75341796875,2680.75341796875,426169,0.0,0.0
2013-03-21 00:00:00+09:00,2709.4458660320474,2795.5250841661973,2705.3468556447074,2729.94091796875,413002,0.0,0.0
2013-03-22 00:00:00+09:00,2762.7333984375,2828.3175740680635,2729.941310622218,2762.7333984375,517055,0.0,0.0
2013-03-25 00:00:00+09:00,2811.921402877698,2865.2085431654677,2787.3273381294966,2848.8125,548949,0.0,0.0
2013-03-26 00:00:00+09:00,2910.297450939034,2922.594482421875,2832.416251547708,2922.594482421875,730703,0.0,0.0
2013-03-27 00:00:00+09:00,2922.5944558556084,3020.9707068241005,2787.3271107739324,2975.881591796875,896119,0.0,0.0
2013-03-28 00:00:00+09:00,3020.97100272139,3045.565067872446,2922.594742117166,2959.48583984375,961026,0.0,0.0
2013-03-29 00:00:00+09:00,3008.6737132738995,3049.663818359375,2934.891524120044,3049.663818359375,1024780,0.0,0.0
2013-04-01 00:00:00+09:00,3086.555197947471,3205.426513671875,3053.763110851083,3205.426513671875,871421,0.0,0.0
2013-04-02 00:00:00+09:00,3279.2087584350897,3279.2087584350897,3143.9413971496424,3189.030517578125,769387,0.0,0.0
2013-04-03 00:00:00+09:00,3217.7234681168843,3275.109619140625,3037.3669934708428,3275.109619140625,910793,0.0,0.0
2013-04-04 00:00:00+09:00,3230.020738476813,3242.317771745126,3049.66425054156,3193.129638671875,927507,0.0,0.0
2013-04-05 00:00:00+09:00,3148.04055156658,3197.2286851848075,3049.6642843301242,3139.842529296875,634486,0.0,0.0
2013-04-08 00:00:00+09:00,3123.446430195848,3205.4266514608307,2979.9810429821277,2992.278076171875,694712,0.0,0.0
2013-04-09 00:00:00+09:00,2967.6834197647268,3074.2576862203664,2828.317071322737,2852.9111328125,850707,0.0,0.0
2013-04-10 00:00:00+09:00,2869.3074329547326,3234.1193780018343,2775.030188729077,3107.050048828125,1212473,0.0,0.0
2013-04-11 00:00:00+09:00,3225.9218259185513,3242.3178707770953,3115.2485231233786,3160.337646484375,972285,0.0,0.0
2013-04-12 00:00:00+09:00,3164.4361987304687,3430.871889038086,3111.1490606689454,3279.20849609375,1682287,0.0,0.0
2013-04-15 00:00:00+09:00,3320.199047487173,3398.080259712181,3250.51585760164,3295.60498046875,1043273,0.0,0.0
2013-04-16 00:00:00+09:00,3250.5156575520837,3287.406755809295,3160.3374173677885,3197.228515625,1158437,0.0,0.0
2013-04-17 00:00:00+09:00,3238.218695932327,3627.6247416457086,3209.5256188797625,3590.733642578125,2129765,0.0,0.0
2013-04-18 00:00:00+09:00,3492.35727261367,3533.3473814471636,3307.9017828629476,3459.565185546875,1604081,0.0,0.0
2013-04-19 00:00:00+09:00,3557.941302433192,3709.604698965483,3430.8719702034355,3508.753173828125,2165241,0.0,0.0
2013-04-22 00:00:00+09:00,3553.8421613544438,3590.7332564550093,3361.188664718159,3467.762939453125,1047383,0.0,0.0
2013-04-23 00:00:00+09:00,3451.367409546451,3623.52587890625,3373.486197217018,3623.52587890625,1638912,0.0,0.0
2013-04-24 00:00:00+09:00,3660.4164395718963,3668.6144607131546,3549.743154164907,3639.92138671875,773697,0.0,0.0
2013-04-25 00:00:00+09:00,3615.3273282719856,3668.6144657635227,3549.743159051632,3594.832275390625,710321,0.0,0.0
2013-04-26 00:00:00+09:00,3623.5250140785897,3652.21808545704,3467.7626265955732,3582.534912109375,661380,0.0,0.0
2013-04-29 00:00:00+09:00,3574.3373691817915,3582.5353906707405,3434.9710038696576,3500.55517578125,834214,0.0,0.0
2013-04-30 00:00:00+09:00,3480.0600291182354,3488.258050388243,3299.7035611780675,3361.188720703125,1078236,0.0,0.0
2013-05-02 00:00:00+09:00,3377.584850584751,3484.1591298507747,3279.208592800729,3373.48583984375,727102,0.0,0.0
2013-05-03 00:00:00+09:00,3377.5849217828713,3475.961181640625,3242.3175644784606,3475.961181640625,813884,0.0,0.0
2013-05-06 00:00:00+09:00,3582.5352353215503,3582.5352353215503,3439.069865486019,3467.762939453125,727159,0.0,0.0
2013-05-07 00:00:00+09:00,3467.7630967109653,3516.951225742326,3418.574967679604,3455.466064453125,474280,0.0,0.0
2013-05-08 00:00:00+09:00,3488.2581669623864,3566.139371630172,3434.9710269265333,3492.357177734375,605370,0.0,0.0
2013-05-09 00:00:00+09:00,3529.2488184339218,3791.5855482594397,3430.8725447493525,3758.79345703125,1963404,0.0,0.0
2013-05-10 00:00:00+09:00,3766.991333419748,3771.090344663948,3590.7338499191505,3644.02099609375,811721,0.0,0.0
2013-05-13 00:00:00+09:00,3771.090310053816,4189.189453125,3660.4170074761496,4189.189453125,4510390,0.0,0.0
2013-05-14 00:00:00+09:00,4353.1494140625,4697.466316869703,4189.188984154308,4353.1494140625,6511695,0.0,0.0
2013-05-15 00:00:00+09:00,4410.5355304118775,4492.515744731801,4230.179058908046,4279.3671875,2614344,0.0,0.0
2013-05-16 00:00:00+09:00,4328.555396384689,4410.535612225308,4205.5850726237595,4336.75341796875,2217645,0.0,0.0
2013-05-20 00:00:00+09:00,4394.139942842371,4795.843034632066,4385.941920560949,4459.72412109375,3678757,0.0,0.0
2013-05-21 00:00:00+09:00,4517.109877748842,4599.090093315973,4344.95142505787,4426.931640625,1373356,0.0,0.0
2013-05-22 00:00:00+09:00,4549.902078683036,4558.100100446429,4303.96142578125,4303.96142578125,1103438,0.0,0.0
2013-05-23 00:00:00+09:00,4336.753371071681,4459.723693502825,4303.961285090042,4353.1494140625,850857,0.0,0.0
2013-05-24 00:00:00+09:00,4451.5265491326045,4484.31864157557,4295.764110028517,4312.16015625,867318,0.0,0.0
2013-05-27 00:00:00+09:00,4361.346811559079,4492.51513671875,4254.772547366845,4492.51513671875,1096365,0.0,0.0
2013-05-28 00:00:00+09:00,4574.496675604311,4902.417584249782,4558.100630172038,4705.6650390625,2815870,0.0,0.0
2013-05-29 00:00:00+09:00,4722.060837765957,4746.654904629322,4508.912258283466,4623.6845703125,1015922,0.0,0.0
2013-05-30 00:00:00+09:00,4590.8926021529,4968.001637329746,4558.100512137522,4664.6748046875,2351760,0.0,0.0
2013-05-31 00:00:00+09:00,4648.27806337227,4648.27806337227,4197.386893203883,4221.98095703125,2561521,0.0,0.0
2013-06-03 00:00:00+09:00,4221.980864831708,4451.525455541004,4156.396696057623,4254.77294921875,2267440,0.0,0.0
2013-06-04 00:00:00+09:00,4303.961744695572,4459.724169741698,4205.585476245387,4443.328125,1940527,0.0,0.0
2013-06-05 00:00:00+09:00,4476.119878091103,4492.515921600594,3930.9514314005196,3967.842529296875,1830277,0.0,0.0
2013-06-07 00:00:00+09:00,3894.060245146387,4066.218698089701,3574.3374039659466,3701.40673828125,1669788,0.0,0.0
2013-06-10 00:00:00+09:00,3734.19898181923,4156.397110389352,3721.9019489482557,4025.228759765625,1442782,0.0,0.0
2013-06-11 00:00:00+09:00,4029.327433514836,4189.188847458964,3947.347221235795,4058.0205078125,1032109,0.0,0.0
2013-06-12 00:00:00+09:00,4058.0195952624813,4148.197808490537,4012.930488648454,4033.425537109375,738432,0.0,0.0
2013-06-13 00:00:00+09:00,4000.63459246134,4062.119755255316,3861.2682234616623,3976.04052734375,448630,0.0,0.0
2013-06-14 00:00:00+09:00,3992.4366116997553,4049.8227642293205,3746.4959580016184,3877.664306640625,776669,0.0,0.0
2013-06-17 00:00:00+09:00,3807.981042059537,3853.0701609644398,3492.3572097252154,3566.139404296875,1056297,0.0,0.0
2013-06-18 00:00:00+09:00,3582.535648354481,3697.3079574550825,3492.357405489723,3664.515869140625,650165,0.0,0.0
2013-06-19 00:00:00+09:00,3709.6046593377205,4115.406715994554,3709.6046593377205,3951.4462890625,2127054,0.0,0.0
2013-06-20 00:00:00+09:00,3853.0700495407245,4029.3275092537574,3816.1789533217175,3988.33740234375,930908,0.0,0.0
2013-06-21 00:00:00+09:00,3853.0701709394693,3959.644452263327,3832.5751168387274,3902.25830078125,710796,0.0,0.0
2013-06-24 00:00:00+09:00,3967.84210045856,4066.218350883152,3771.089599609375,3771.089599609375,958008,0.0,0.0
2013-06-25 00:00:00+09:00,3693.20899778932,3799.7832862937844,3336.595032408997,3357.090087890625,1359718,0.0,0.0
2013-06-26 00:00:00+09:00,3455.465907752937,3545.644140220985,3377.584706985077,3467.762939453125,553191,0.0,0.0
2013-06-27 00:00:00+09:00,3562.0403103902768,3734.198760374617,3562.0403103902768,3680.91162109375,619384,0.0,0.0
2013-06-28 00:00:00+09:00,3771.0900338772126,3775.189044783601,3635.8226739663996,3705.505859375,394724,0.0,0.0
2013-07-01 00:00:00+09:00,3705.506017619312,3746.496128433685,3664.5159068049393,3693.208984375,346963,0.0,0.0
2013-07-02 00:00:00+09:00,3713.7036300606746,3754.693736352735,3529.2481517464025,3578.436279296875,509337,0.0,0.0
2013-07-03 00:00:00+09:00,3537.446166412281,3639.921431951455,3447.2679327378078,3451.366943359375,436758,0.0,0.0
2013-07-04 00:00:00+09:00,3484.159188106142,3574.337425915948,3361.188863820043,3566.139404296875,571210,0.0,0.0
2013-07-05 00:00:00+09:00,3611.228523201778,3660.4166529162176,3525.1492962015086,3566.139404296875,517185,0.0,0.0
2013-07-08 00:00:00+09:00,3574.3375429735784,3631.723696186457,3316.099853515625,3316.099853515625,733154,0.0,0.0
2013-07-09 00:00:00+09:00,3365.2881616068166,3504.654541015625,3307.90200537966,3504.654541015625,612645,0.0,0.0
2013-07-10 00:00:00+09:00,3508.753333618461,3545.6444317523,3312.0008102379866,3369.386962890625,528277,0.0,0.0
2013-07-11 00:00:00+09:00,3426.7730517117484,3525.1493115695016,3426.7730517117484,3475.961181640625,442067,0.0,0.0
2013-07-12 00:00:00+09:00,3508.7532529633622,3631.723577249461,3496.456220534752,3566.139404296875,764041,0.0,0.0
2013-07-15 00:00:00+09:00,3631.7237248738606,3935.050537109375,3525.149439493815,3935.050537109375,1803129,0.0,0.0
2013-07-16 00:00:00+09:00,4004.733018066406,4221.980561523437,3840.7726079101562,4099.01025390625,2864074,0.0,0.0
2013-07-17 00:00:00+09:00,4115.407449408913,4148.1995406392625,4017.031175717863,4041.625244140625,994538,0.0,0.0
2013-07-18 00:00:00+09:00,4099.01067839196,4230.179020100502,4062.1195822864324,4078.515625,1009356,0.0,0.0
2013-07-19 00:00:00+09:00,4123.6050863372275,4189.189262660682,4045.723876953125,4045.723876953125,806057,0.0,0.0
2013-07-22 00:00:00+09:00,4045.723833465576,4062.1198773701985,3935.050537109375,3935.050537109375,582311,0.0,0.0
2013-07-23 00:00:00+09:00,3943.2481754758232,4070.3175033757716,3943.2481754758232,3984.23828125,495142,0.0,0.0
2013-07-24 00:00:00+09:00,4000.6348273445465,4082.6150492163606,3984.2387829701834,4021.1298828125,402273,0.0,0.0
2013-07-25 00:00:00+09:00,4029.3277583122253,4426.9318199157715,4029.3277583122253,4197.38720703125,2828665,0.0,0.0
2013-07-26 00:00:00+09:00,4197.386847195358,4312.159143798356,4140.0006988938585,4238.376953125,1200623,0.0,0.0
2013-07-29 00:00:00+09:00,4238.3769748263885,4287.565102193813,4058.0205078124995,4058.0205078125,800139,0.0,0.0
2013-07-30 00:00:00+09:00,4058.020861037234,4086.713937832447,3750.595038231383,3853.0703125,1548503,0.0,0.0
2013-07-31 00:00:00+09:00,3881.7635244546227,3935.050668929712,3705.506046575479,3848.971435546875,1172800,0.0,0.0
2013-08-01 00:00:00+09:00,3894.0607798593583,3955.545950067664,3832.5756096510527,3857.169677734375,785501,0.0,0.0
2013-08-02 00:00:00+09:00,3894.060225225407,4004.7335158370765,3881.763192935222,3963.743408203125,713407,0.0,0.0
2013-08-05 00:00:00+09:00,4008.832660089644,4172.793096085131,4008.832660089644,4086.7138671875,991406,0.0,0.0
2013-08-06 00:00:00+09:00,4090.8121444459944,4156.396307082403,3967.841839502728,4131.80224609375,792196,0.0,0.0
2013-08-07 00:00:00+09:00,4140.001179723265,4180.991290413594,4004.733814445178,4029.327880859375,673186,0.0,0.0
2013-08-08 00:00:00+09:00,4025.228778584798,4107.20899810791,3914.5554822285967,3935.050537109375,912118,0.0,0.0
2013-08-09 00:00:00+09:00,3976.0406227666967,4029.3277651336734,3914.5554584971087,3943.24853515625,427917,0.0,0.0
2013-08-12 00:00:00+09:00,4090.812798508075,4099.010820148372,3894.060279140953,3902.25830078125,557489,0.0,0.0
2013-08-13 00:00:00+09:00,3881.7628375718787,3918.6539310651697,3705.5053908817085,3742.396484375,678097,0.0,0.0
2013-08-14 00:00:00+09:00,3803.88204058089,3844.872148776805,3775.18896484375,3775.18896484375,351797,0.0,0.0
2013-08-16 00:00:00+09:00,3693.2087167125205,3750.5948676936255,3619.4265225939575,3701.40673828125,322182,0.0,0.0
2013-08-19 00:00:00+09:00,3746.495872055902,3746.495872055902,3607.1295048240636,3611.228515625,434600,0.0,0.0
2013-08-20 00:00:00+09:00,3644.0209204244334,3787.4863109923244,3492.357507538377,3504.654541015625,601157,0.0,0.0
2013-08-21 00:00:00+09:00,3549.74337653394,3598.9315064628167,3369.3869001280586,3475.961181640625,419971,0.0,0.0
2013-08-22 00:00:00+09:00,3426.7728062480614,3443.1688483832195,3303.802490234375,3303.802490234375,396245,0.0,0.0
2013-08-23 00:00:00+09:00,3402.1788558690373,3557.941261318463,3365.2877598415416,3480.06005859375,558029,0.0,0.0
2013-08-26 00:00:00+09:00,3508.753284075992,3557.94141422659,3488.258229846576,3512.852294921875,289510,0.0,0.0
2013-08-27 00:00:00+09:00,3475.961374136118,3521.0504957345815,3406.2781862112192,3410.377197265625,246467,0.0,0.0
2013-08-28 00:00:00+09:00,3279.2086459622524,3398.079959378384,3230.0205162728184,3312.000732421875,331199,0.0,0.0
2013-08-29 00:00:00+09:00,3336.595032408997,3496.4564651656938,3336.595032408997,3357.090087890625,298822,0.0,0.0
2013-08-30 00:00:00+09:00,3357.090087890625,3418.5752543355084,3312.0009658310437,3357.090087890625,279188,0.0,0.0
2013-09-02 00:00:00+09:00,3320.1989540686977,3471.8623630817124,3320.1989540686977,3410.377197265625,201022,0.0,0.0
2013-09-03 00:00:00+09:00,3430.871895800429,3455.4659595696075,3385.7827788902678,3406.27783203125,180434,0.0,0.0
2013-09-04 00:00:00+09:00,3410.377307172869,3484.1595085299746,3381.6842288673283,3414.476318359375,230792,0.0,0.0
2013-09-05 00:00:00+09:00,3422.6743774414062,3480.0605346679686,3418.5753662109373,3443.16943359375,221011,0.0,0.0
2013-09-06 00:00:00+09:00,3426.773376088548,3459.5654658118833,3324.298095703125,3324.298095703125,242620,0.0,0.0
2013-09-09 00:00:00+09:00,3348.892065697974,3398.0801988538806,3312.0009658310437,3357.090087890625,294338,0.0,0.0
2013-09-10 00:00:00+09:00,3361.1890127144607,3430.872199563419,3324.297913794424,3344.79296875,223217,0.0,0.0
2013-09-11 00:00:00+09:00,3365.287841796875,3414.475971031421,3328.396744870965,3365.287841796875,233032,0.0,0.0
2013-09-12 00:00:00+09:00,3320.198700210738,3410.376936512758,3320.198700210738,3373.48583984375,321312,0.0,0.0
2013-09-13 00:00:00+09:00,3373.485651711857,3525.149040670956,3373.485651711857,3484.158935546875,576609,0.0,0.0
2013-09-16 00:00:00+09:00,3467.7629495268884,3516.9510764705324,3377.584716796875,3377.584716796875,253991,0.0,0.0
2013-09-17 00:00:00+09:00,3377.5847576338747,3475.96101271059,3377.5847576338747,3406.27783203125,194102,0.0,0.0
2013-09-23 00:00:00+09:00,3434.97126359206,3471.8623630817124,3406.2781862112192,3410.377197265625,142968,0.0,0.0
2013-09-24 00:00:00+09:00,3361.189172934799,3459.5654414109395,3361.189172934799,3414.476318359375,171326,0.0,0.0
2013-09-25 00:00:00+09:00,3418.5750753348216,3594.832543247768,3418.5750753348216,3586.634521484375,702563,0.0,0.0
2013-09-26 00:00:00+09:00,3693.2090688852168,3848.9714935440825,3623.52587890625,3623.52587890625,1209399,0.0,0.0
2013-09-27 00:00:00+09:00,3664.515663725754,3680.911706963901,3562.0403934873384,3566.139404296875,333020,0.0,0.0
2013-09-30 00:00:00+09:00,3566.13932386737,3590.7333881699037,3488.2581202426804,3508.753173828125,274805,0.0,0.0
2013-10-01 00:00:00+09:00,3488.258358311995,3537.4464902740915,3373.4860504004373,3426.773193359375,377126,0.0,0.0
2013-10-02 00:00:00+09:00,3496.4560942569024,3939.1492456985734,3484.1590622724116,3869.466064453125,5065970,0.0,0.0
2013-10-04 00:00:00+09:00,3746.4954027167714,3857.1686804775513,3705.5052998424085,3820.277587890625,1280152,0.0,0.0
2013-10-07 00:00:00+09:00,3898.159110042369,4221.98094988816,3779.287801744547,3922.753173828125,5026206,0.0,0.0
2013-10-08 00:00:00+09:00,3963.7440719147644,4123.605518455277,3869.4668085703593,4107.20947265625,2323724,0.0,0.0
2013-10-10 00:00:00+09:00,4090.8130468948693,4180.991290413594,4029.327880859375,4029.327880859375,1186648,0.0,0.0
2013-10-11 00:00:00+09:00,4053.921099834658,4115.406253017186,3976.0399058034563,3980.138916015625,1077165,0.0,0.0
2013-10-14 00:00:00+09:00,4033.4270888331575,4049.823133909715,3853.0705929910246,3881.763671875,750771,0.0,0.0
2013-10-15 00:00:00+09:00,3935.0503259202455,4115.40679919159,3910.456261383244,4008.83251953125,1818428,0.0,0.0
2013-10-16 00:00:00+09:00,4017.030751329787,4049.8228390957447,3779.2881150265957,3853.0703125,951252,0.0,0.0
2013-10-17 00:00:00+09:00,3943.2482752041024,3976.0403606527852,3709.6046663822376,3734.19873046875,838288,0.0,0.0
2013-10-18 00:00:00+09:00,3742.397421917184,3951.447004083423,3701.407307766941,3795.6845703125,1458690,0.0,0.0
2013-10-21 00:00:00+09:00,3877.664104306737,3889.961136349993,3734.1987304687495,3734.19873046875,544178,0.0,0.0
2013-10-22 00:00:00+09:00,3750.594915574597,3771.0899697580644,3582.5354712701615,3685.0107421875,767099,0.0,0.0
2013-10-23 00:00:00+09:00,3705.505895712209,3717.802928551962,3516.9513921693315,3525.1494140625,596351,0.0,0.0
2013-10-24 00:00:00+09:00,3484.1591581212842,3627.624535220396,3484.1591581212842,3619.426513671875,362392,0.0,0.0
2013-10-25 00:00:00+09:00,3619.426432759907,3639.921486173044,3525.149187059479,3562.040283203125,281754,0.0,0.0
2013-10-28 00:00:00+09:00,3549.7435801094825,3656.3178677340165,3549.7435801094825,3574.337646484375,274953,0.0,0.0
2013-10-29 00:00:00+09:00,3566.1391414416375,3603.030236008275,3504.653983830575,3529.248046875,218300,0.0,0.0
2013-10-30 00:00:00+09:00,3541.545431480963,3705.5058681236,3521.050376900633,3660.416748046875,623326,0.0,0.0
2013-10-31 00:00:00+09:00,3607.129696531792,3701.406949963873,3529.2484871748557,3545.64453125,528915,0.0,0.0
2013-11-01 00:00:00+09:00,3553.842371868265,3611.228523201778,3521.050285391972,3566.139404296875,323687,0.0,0.0
2013-11-04 00:00:00+09:00,3570.2385078934244,3660.416748046875,3537.446420564897,3660.416748046875,289781,0.0,0.0
2013-11-05 00:00:00+09:00,3689.1098022460938,3754.6939765082466,3529.248377482096,3541.54541015625,561671,0.0,0.0
2013-11-06 00:00:00+09:00,3541.5452832259953,3607.1294551375877,3463.6640790809793,3500.55517578125,282394,0.0,0.0
2013-11-07 00:00:00+09:00,3484.159105705492,3516.95119140625,3377.58482717803,3381.683837890625,359381,0.0,0.0
2013-11-08 00:00:00+09:00,3328.3966356230944,3402.178827053163,3316.099603718083,3361.188720703125,285427,0.0,0.0
2013-11-11 00:00:00+09:00,3369.3869328862793,3418.575063293378,3168.535400390625,3168.535400390625,339110,0.0,0.0
2013-11-12 00:00:00+09:00,3090.6542738828225,3316.099877415389,3086.5552629095027,3307.90185546875,293910,0.0,0.0
2013-11-13 00:00:00+09:00,3279.2085132822685,3312.000598415091,3143.941162109375,3143.941162109375,288164,0.0,0.0
2013-11-14 00:00:00+09:00,3168.5353228218946,3275.1096027615704,3164.4363120549842,3238.218505859375,259601,0.0,0.0
2013-11-15 00:00:00+09:00,3295.604538574219,3385.782772216797,3262.8124536132814,3279.20849609375,462572,0.0,0.0
2013-11-18 00:00:00+09:00,3307.9016649650807,3307.9016649650807,3184.9313428474197,3246.41650390625,299642,0.0,0.0
2013-11-19 00:00:00+09:00,3205.4263393756037,3279.208531330541,3135.7431580848297,3180.832275390625,207587,0.0,0.0
2013-11-20 00:00:00+09:00,3180.8325850813358,3254.61478421982,2938.9909323496363,2992.278076171875,453666,0.0,0.0
2013-11-21 00:00:00+09:00,2967.6836531355575,3057.8618856894004,2869.3073994404563,3033.267822265625,298575,0.0,0.0
2013-11-22 00:00:00+09:00,3016.8723017068273,3098.8525272966867,3008.6742791478414,3061.96142578125,220299,0.0,0.0
2013-11-25 00:00:00+09:00,3070.1589304070726,3139.8421104029608,3070.1589304070726,3115.248046875,203072,0.0,0.0
2013-11-26 00:00:00+09:00,3148.0404792746112,3266.9117994555536,3090.6543247045015,3164.4365234375,606755,0.0,0.0
2013-11-27 00:00:00+09:00,3197.2285975384993,3197.2285975384993,3123.4463991337648,3127.54541015625,147925,0.0,0.0
2013-11-28 00:00:00+09:00,3209.5257185893643,3209.5257185893643,3115.248462487761,3139.842529296875,176271,0.0,0.0
2013-11-29 00:00:00+09:00,3139.842064023642,3184.931179825548,3115.248000858966,3131.64404296875,165741,0.0,0.0
2013-12-02 00:00:00+09:00,3139.842133776179,3156.238176250206,3090.654006354098,3107.050048828125,142070,0.0,0.0
2013-12-03 00:00:00+09:00,3098.8520275911114,3115.248070065138,2996.3767621284424,3107.050048828125,180543,0.0,0.0
2013-12-04 00:00:00+09:00,3115.248353247549,3225.9216500076595,3086.5552763097426,3135.743408203125,367726,0.0,0.0
2013-12-05 00:00:00+09:00,3156.2381940341834,3193.129289808609,3090.654023768538,3143.941162109375,160072,0.0,0.0
2013-12-06 00:00:00+09:00,3131.644089226974,3180.832216282895,3098.8520045230266,3115.248046875,309221,0.0,0.0
2013-12-09 00:00:00+09:00,3143.9410883066607,3283.3074468495897,3143.9410883066607,3213.624267578125,740915,0.0,0.0
2013-12-10 00:00:00+09:00,3213.6248286732457,3381.684290376821,3189.030761106869,3271.010986328125,1155991,0.0,0.0
2013-12-11 00:00:00+09:00,3295.6047372756307,3320.19880247918,3152.139356921592,3168.535400390625,470582,0.0,0.0
2013-12-12 00:00:00+09:00,3107.0501902071464,3148.0402982573723,3037.3670065217616,3057.862060546875,331935,0.0,0.0
2013-12-13 00:00:00+09:00,3020.971123571633,3139.8424432237057,3020.971123571633,3127.54541015625,222080,0.0,0.0
2013-12-16 00:00:00+09:00,3123.4460075132306,3197.2281966670866,3045.5648078508275,3049.663818359375,160108,0.0,0.0
2013-12-17 00:00:00+09:00,3061.960811394305,3086.554874136428,2975.881591796875,2975.881591796875,165336,0.0,0.0
2013-12-18 00:00:00+09:00,2955.3863848567175,3074.257681889789,2951.2873746141977,2988.178466796875,171114,0.0,0.0
2013-12-19 00:00:00+09:00,3016.871983714188,3074.258135578317,2971.782864392373,3004.574951171875,159874,0.0,0.0
2013-12-20 00:00:00+09:00,2979.9807304714036,3041.465889972189,2979.9807304714036,3016.871826171875,73496,0.0,0.0
2013-12-23 00:00:00+09:00,3049.6640389368295,3074.258103766965,3016.8719524966486,3057.862060546875,133611,0.0,0.0
2013-12-24 00:00:00+09:00,3066.059874529614,3168.535137715764,3057.8618534747216,3131.64404296875,220825,0.0,0.0
2013-12-26 00:00:00+09:00,3160.337558032357,3160.337558032357,3066.060302734375,3066.060302734375,141277,0.0,0.0
2013-12-27 00:00:00+09:00,3144.9965227582634,3169.9238399795972,3090.987335445374,3165.769287109375,124159,50.0,0.0
2013-12-30 00:00:00+09:00,3203.1601860894098,3385.960507993345,3190.696527777778,3365.187744140625,887961,0.0,0.0
2014-01-02 00:00:00+09:00,3219.7784145310466,3282.096706425196,3144.996464258067,3186.5419921875,638533,0.0,0.0
2014-01-03 00:00:00+09:00,3190.696044921875,3244.7052227656045,3161.614179929097,3190.696044921875,340083,0.0,0.0
2014-01-06 00:00:00+09:00,3190.6965449804434,3232.2420729098762,3157.4601226368973,3186.5419921875,237490,0.0,0.0
2014-01-07 00:00:00+09:00,3157.4603406412552,3244.7059553168688,3157.4603406412552,3194.851318359375,206754,0.0,0.0
2014-01-08 00:00:00+09:00,3228.087520116933,3253.0148368745927,3174.0783338086703,3186.5419921875,217568,0.0,0.0
2014-01-09 00:00:00+09:00,3157.460030241936,3253.014741683468,3157.460030241936,3219.7783203125,291988,0.0,0.0
2014-01-10 00:00:00+09:00,3219.7786734558586,3236.3968859640177,3153.305823423221,3182.3876953125,168685,0.0,0.0
2014-01-13 00:00:00+09:00,3161.614722415629,3194.8511452531125,3149.151063851573,3169.923828125,187144,0.0,0.0
2014-01-14 00:00:00+09:00,3144.996564167302,3165.769328791921,3024.514529344512,3066.06005859375,497009,0.0,0.0
2014-01-15 00:00:00+09:00,3074.368839135906,3132.5325739303694,3057.750629194631,3095.1416015625,344166,0.0,0.0
2014-01-16 00:00:00+09:00,3099.296457981419,3128.3783282305744,3066.0600348395274,3074.369140625,209350,0.0,0.0
2014-01-17 00:00:00+09:00,3053.596459527946,3095.1419895895506,3028.6691414909833,3045.287353515625,180072,0.0,0.0
2014-01-20 00:00:00+09:00,3032.8234733419213,3149.1509490317485,3024.514367935505,3124.2236328125,398608,0.0,0.0
2014-01-21 00:00:00+09:00,3124.2237002933507,3261.3239424604794,3115.9145947074644,3186.5419921875,784113,0.0,0.0
2014-01-22 00:00:00+09:00,3182.387498590264,3199.005710071153,3144.9965227582634,3165.769287109375,292974,0.0,0.0
2014-01-23 00:00:00+09:00,3190.6966043307084,3290.4058732160433,3144.9965227582634,3165.769287109375,431800,0.0,0.0
2014-01-24 00:00:00+09:00,3149.1511830283034,3186.5421601354997,3090.9874408615538,3128.37841796875,208554,0.0,0.0
2014-01-27 00:00:00+09:00,3024.5147957402237,3057.751222067039,2974.66015625,2974.66015625,304836,0.0,0.0
2014-01-28 00:00:00+09:00,2949.7327626695383,2991.278294538123,2833.4052734375,2833.4052734375,428193,0.0,0.0
2014-01-29 00:00:00+09:00,2796.013801630559,2904.0321654379804,2796.013801630559,2837.559326171875,281823,0.0,0.0
2014-02-03 00:00:00+09:00,2800.1683995017947,2858.332134803019,2800.1683995017947,2820.941162109375,217064,0.0,0.0
2014-02-04 00:00:00+09:00,2750.314158342202,2779.3960301071497,2683.84130859375,2683.84130859375,271667,0.0,0.0
2014-02-05 00:00:00+09:00,2737.850549427044,2804.3234003994758,2704.614123940828,2750.314208984375,193089,0.0,0.0
2014-02-06 00:00:00+09:00,2800.168408723364,2800.168408723364,2725.386463089802,2729.541015625,150347,0.0,0.0
2014-02-07 00:00:00+09:00,2779.3961600398384,3136.687744140625,2737.8506270048633,3136.687744140625,2337291,0.0,0.0
2014-02-10 00:00:00+09:00,3124.2237002933507,3265.4784952534224,3086.832725156861,3186.5419921875,2188075,0.0,0.0
2014-02-11 00:00:00+09:00,3215.6240474720694,3248.8604717353464,3136.687539846786,3207.31494140625,731726,0.0,0.0
2014-02-12 00:00:00+09:00,3207.3151732293013,3257.1698132276842,3190.696959896507,3211.4697265625,498867,0.0,0.0
2014-02-13 00:00:00+09:00,3199.0056981077983,3282.096755201507,3165.7692752703147,3169.923828125,610239,0.0,0.0
2014-02-14 00:00:00+09:00,3194.8509013896087,3348.569345279616,3174.07813870177,3257.169189453125,1701411,0.0,0.0
2014-02-17 00:00:00+09:00,3286.251686560074,3286.251686560074,3211.4697265625,3211.4697265625,297730,0.0,0.0
2014-02-18 00:00:00+09:00,3219.7787597029446,3307.0243777077985,3174.078674081354,3236.39697265625,528332,0.0,0.0
2014-02-19 00:00:00+09:00,3253.014861285614,3473.206160963951,3253.014861285614,3435.815185546875,1848902,0.0,0.0
2014-02-20 00:00:00+09:00,3448.2788440192335,3456.5879496674725,3381.8059988333207,3435.815185546875,506457,0.0,0.0
2014-02-21 00:00:00+09:00,3435.8155999704572,3477.3611332228206,3381.8064067423848,3460.742919921875,344131,0.0,0.0
2014-02-24 00:00:00+09:00,3531.370021579982,3693.397587276005,3523.060915646853,3564.6064453125,1758739,0.0,0.0
2014-02-25 00:00:00+09:00,3647.697431776259,3647.697431776259,3502.288080851237,3589.53369140625,476130,0.0,0.0
2014-02-26 00:00:00+09:00,3572.915635786942,3631.0793786951012,3535.524658203125,3535.524658203125,325535,0.0,0.0
2014-02-27 00:00:00+09:00,3547.9881079331885,3568.7608720311578,3402.578759247402,3523.060791015625,566620,0.0,0.0
2014-02-28 00:00:00+09:00,3481.5154921460908,3614.46119113019,3477.3609390528377,3527.215576171875,291622,0.0,0.0
2014-03-03 00:00:00+09:00,3506.44277481294,3572.91562362456,3473.2063504071302,3539.67919921875,206621,0.0,0.0
2014-03-04 00:00:00+09:00,3485.6700214247026,3568.7610827220733,3485.6700214247026,3535.524658203125,192120,0.0,0.0
2014-03-05 00:00:00+09:00,3556.2972374593674,3610.306424476858,3510.5971561368756,3514.751708984375,261194,0.0,0.0
2014-03-06 00:00:00+09:00,3514.751615216079,3568.760800792685,3493.9788515327687,3547.988037109375,245308,0.0,0.0
2014-03-07 00:00:00+09:00,3560.451964472381,3601.9974949796433,3473.2063504071302,3539.67919921875,337139,0.0,0.0
2014-03-10 00:00:00+09:00,3614.4608089492485,3863.7339681871276,3589.5334930254603,3834.652099609375,2100185,0.0,0.0
2014-03-11 00:00:00+09:00,3872.0436283020153,4025.7620985243057,3739.0979243259803,3813.8798828125,1761773,0.0,0.0
2014-03-12 00:00:00+09:00,3855.4248980978264,3896.970425016984,3747.4065281080166,3822.1884765625,689023,0.0,0.0
2014-03-13 00:00:00+09:00,3838.806896922005,4038.2254370218493,3809.7250264907775,4004.989013671875,1065938,0.0,0.0
2014-03-14 00:00:00+09:00,3963.4437744140623,4083.9258178710934,3950.9801147460935,3988.37109375,549576,0.0,0.0
2014-03-17 00:00:00+09:00,4004.9891263932577,4004.9891263932577,3793.1069215736975,3797.261474609375,586372,0.0,0.0
2014-03-18 00:00:00+09:00,3851.2705434823965,3863.734202199168,3797.26135570972,3838.806884765625,244120,0.0,0.0
2014-03-19 00:00:00+09:00,3847.116098872951,3884.50707607582,3797.2614626024592,3801.416015625,231962,0.0,0.0
2014-03-20 00:00:00+09:00,3805.570431067191,3834.6523011736,3764.02490234375,3764.02490234375,176748,0.0,0.0
2014-03-21 00:00:00+09:00,3780.642614103618,3984.215677939967,3780.642614103618,3946.82470703125,444445,0.0,0.0
2014-03-24 00:00:00+09:00,4029.916313743978,4137.93468916392,3917.7433854232695,4096.38916015625,774859,0.0,0.0
2014-03-25 00:00:00+09:00,4075.6165356905954,4096.389300908183,3963.443603515625,3963.443603515625,344523,0.0,0.0
2014-03-26 00:00:00+09:00,4004.9891853253866,4063.1529286807345,3963.443654357281,4029.91650390625,196847,0.0,0.0
2014-03-27 00:00:00+09:00,3996.6794777274504,4025.7613450290014,3963.443057954249,3984.2158203125,154084,0.0,0.0
2014-03-28 00:00:00+09:00,3984.215677939967,4009.142991879112,3901.124631476151,3946.82470703125,182031,0.0,0.0
2014-03-31 00:00:00+09:00,4042.380217513892,4486.917404845842,4042.380217513892,4345.66259765625,2013433,0.0,0.0
2014-04-01 00:00:00+09:00,4320.734770097805,4412.134928696028,4262.571032808027,4353.97119140625,617296,0.0,0.0
2014-04-02 00:00:00+09:00,4412.135023850661,4561.698922964243,4320.73486328125,4320.73486328125,1154555,0.0,0.0
2014-04-03 00:00:00+09:00,4279.189289429179,4362.280343592852,4262.571078596444,4337.35302734375,384169,0.0,0.0
2014-04-04 00:00:00+09:00,4329.044312915875,4453.680905418251,4312.4261005822245,4370.58984375,302417,0.0,0.0
2014-04-07 00:00:00+09:00,4295.808080960424,4353.971826737452,4287.49897442085,4304.1171875,235619,0.0,0.0
2014-04-08 00:00:00+09:00,4304.11665226863,4337.35307429387,4221.025597205528,4320.73486328125,315881,0.0,0.0
2014-04-09 00:00:00+09:00,4370.589094295058,4478.607455941134,4287.498046875,4287.498046875,325700,0.0,0.0
2014-04-10 00:00:00+09:00,4312.42589999544,4345.662323116792,4245.953053752736,4270.88037109375,207987,0.0,0.0
2014-04-11 00:00:00+09:00,4204.407455119681,4295.8076171875,4154.552821264507,4295.8076171875,213274,0.0,0.0
2014-04-14 00:00:00+09:00,4320.735230654762,4428.753611421131,4295.807912016369,4362.28076171875,287987,0.0,0.0
2014-04-15 00:00:00+09:00,4362.280908485369,4387.208227962428,4304.117163038897,4312.42626953125,255911,0.0,0.0
2014-04-16 00:00:00+09:00,4312.426294039576,4370.590039816602,4254.262548262548,4304.1171875,243971,0.0,0.0
2014-04-17 00:00:00+09:00,4337.352817934428,4337.352817934428,3971.752197265625,3971.752197265625,1367487,0.0,0.0
2014-04-18 00:00:00+09:00,4009.143542809022,4067.307283326459,3980.061672550304,4013.298095703125,418231,0.0,0.0
2014-04-21 00:00:00+09:00,4046.5341073872523,4067.3068697455033,3980.0612678408497,3984.2158203125,401874,0.0,0.0
2014-04-22 00:00:00+09:00,3926.051867254849,4013.297464304957,3926.051867254849,3975.906494140625,221881,0.0,0.0
2014-04-23 00:00:00+09:00,3984.216249078141,4050.6890957780893,3984.216249078141,4004.989013671875,213972,0.0,0.0
2014-04-24 00:00:00+09:00,4004.988582670751,4104.697841990354,3934.361190652698,3984.2158203125,317541,0.0,0.0
2014-04-25 00:00:00+09:00,4004.9887811932117,4096.388940100111,3988.3705704828662,4000.834228515625,395208,0.0,0.0
2014-04-28 00:00:00+09:00,3963.443615556139,4000.8345930613855,3926.0526380508923,3959.2890625,160900,0.0,0.0
2014-04-29 00:00:00+09:00,3959.288691257965,4013.297875923604,3805.5702425942245,3830.49755859375,324252,0.0,0.0
2014-04-30 00:00:00+09:00,3859.5800347781537,3876.1982480602983,3610.30683554598,3626.925048828125,687848,0.0,0.0
2014-05-02 00:00:00+09:00,3626.9247034584605,3934.36161990282,3622.7701505335367,3917.743408203125,831081,0.0,0.0
2014-05-07 00:00:00+09:00,3946.825415346803,4042.380135928883,3876.198013177439,3955.134521484375,450287,0.0,0.0
2014-05-08 00:00:00+09:00,3955.1335795883683,4137.933871081948,3838.8061213651813,4125.47021484375,698395,0.0,0.0
2014-05-09 00:00:00+09:00,4129.626201692175,4137.935308737833,4029.916917144275,4054.84423828125,307030,0.0,0.0
2014-05-12 00:00:00+09:00,4104.69846457302,4295.807907255569,4104.69846457302,4196.0986328125,857675,0.0,0.0
2014-05-13 00:00:00+09:00,4254.2615000000005,4254.2615000000005,4075.615753417969,4154.55224609375,618056,0.0,0.0
2014-05-14 00:00:00+09:00,4113.007371759318,4196.098429774658,4075.616395652415,4096.38916015625,376672,0.0,0.0
2014-05-15 00:00:00+09:00,4092.2346072554833,4171.171112370056,4063.152736950114,4096.38916015625,302463,0.0,0.0
2014-05-16 00:00:00+09:00,3913.5890387040154,3988.370994857595,3801.416104473645,3938.516357421875,639159,0.0,0.0
2014-05-19 00:00:00+09:00,3938.5164550781246,4034.0711791992185,3830.4980712890624,3905.280029296875,279935,0.0,0.0
2014-05-20 00:00:00+09:00,3909.4347729087535,4013.298608533322,3747.4071893344267,3759.870849609375,496539,0.0,0.0
2014-05-21 00:00:00+09:00,3730.7886734847184,3859.579819228623,3664.3158240685098,3780.643310546875,262511,0.0,0.0
2014-05-22 00:00:00+09:00,3801.415866233548,3855.4250534040793,3726.6339147666586,3768.179443359375,217465,0.0,0.0
2014-05-23 00:00:00+09:00,3730.788388857783,3751.5611527155656,3676.7792028275476,3710.015625,182326,0.0,0.0
2014-05-26 00:00:00+09:00,3710.0160634946665,3946.825599462411,3680.9341906565223,3809.725341796875,446557,0.0,0.0
2014-05-27 00:00:00+09:00,3780.6429276899858,3838.8066650390624,3647.6972423206676,3656.00634765625,349119,0.0,0.0
2014-05-28 00:00:00+09:00,3668.47011517693,3705.8610903033086,3502.2880035041358,3531.369873046875,397488,0.0,0.0
2014-05-29 00:00:00+09:00,3531.370081124524,3597.842929710397,3473.206338611885,3543.833740234375,227690,0.0,0.0
2014-05-30 00:00:00+09:00,3518.9063274104424,3581.224621284299,3348.5696574885674,3406.7333984375,309437,0.0,0.0
2014-06-02 00:00:00+09:00,3431.66046942782,3460.7423378128015,3199.0055223479676,3232.241943359375,310911,0.0,0.0
2014-06-03 00:00:00+09:00,3186.5420235992237,3381.8060067923966,3057.7508857484077,3261.323974609375,335412,0.0,0.0
2014-06-05 00:00:00+09:00,3253.015049208604,3315.333345170455,3178.2330940543834,3199.005859375,141460,0.0,0.0
2014-06-09 00:00:00+09:00,3253.014597550358,3547.987824148155,3223.9327301393073,3448.278564453125,351751,0.0,0.0
2014-06-10 00:00:00+09:00,3489.8242654754786,3489.8242654754786,3390.1150007476076,3473.2060546875,167919,0.0,0.0
2014-06-11 00:00:00+09:00,3601.9971509873544,3992.525100460032,3601.9971509873544,3834.652099609375,4049717,0.0,0.0
2014-06-12 00:00:00+09:00,3809.7250448537425,3834.6523624863735,3514.7517862009445,3572.91552734375,886509,0.0,0.0
2014-06-13 00:00:00+09:00,3589.533807329137,3593.6883603468787,3427.5062396371964,3464.897216796875,576060,0.0,0.0
2014-06-16 00:00:00+09:00,3448.279037381512,3456.588143495684,3369.342529296875,3369.342529296875,310708,0.0,0.0
2014-06-17 00:00:00+09:00,3361.0334853941245,3564.606588959405,3361.0334853941245,3431.660888671875,500051,0.0,0.0
2014-06-18 00:00:00+09:00,3431.6606125029007,3473.2061404993037,3340.2604509108137,3356.878662109375,189527,0.0,0.0
2014-06-19 00:00:00+09:00,3356.878709479944,3398.4242380626165,3327.7968394720733,3340.260498046875,214976,0.0,0.0
2014-06-20 00:00:00+09:00,3340.2607037206167,3361.0334692910183,3269.63330078125,3269.63330078125,173337,0.0,0.0
2014-06-23 00:00:00+09:00,3298.7148907238925,3340.2604183148733,3257.1693631329113,3282.0966796875,165675,0.0,0.0
2014-06-24 00:00:00+09:00,3265.4784952534224,3294.5603648040255,3178.2328866016137,3186.5419921875,170921,0.0,0.0
2014-06-25 00:00:00+09:00,3174.0783928498195,3273.787661735154,3165.769287109375,3165.769287109375,158441,0.0,0.0
2014-06-26 00:00:00+09:00,3149.15087890625,3211.4691680666638,3124.2235632420843,3149.15087890625,234853,0.0,0.0
2014-06-27 00:00:00+09:00,3165.769482804341,3211.469567201779,3144.996717169142,3182.3876953125,134315,0.0,0.0
2014-06-30 00:00:00+09:00,3178.232723838405,3207.314591899671,3157.4599609375,3157.4599609375,159691,0.0,0.0
2014-07-01 00:00:00+09:00,3174.078428955078,3460.74258026123,3161.6147702026365,3323.642333984375,648902,0.0,0.0
2014-07-02 00:00:00+09:00,3323.6422748447203,3352.7241447496117,3273.7876407220497,3344.4150390625,181996,0.0,0.0
2014-07-03 00:00:00+09:00,3344.4151346357435,3369.342452409426,3282.096840201537,3311.1787109375,153136,0.0,0.0
2014-07-04 00:00:00+09:00,3327.797205235556,3373.4972916994648,3298.71533203125,3298.71533203125,169571,0.0,0.0
2014-07-07 00:00:00+09:00,3331.951345311533,3369.342320508296,3302.8694757140506,3356.878662109375,200915,0.0,0.0
2014-07-08 00:00:00+09:00,3373.497116166323,3385.960775462504,3261.324182500694,3273.787841796875,203667,0.0,0.0
2014-07-09 00:00:00+09:00,3282.0969117908503,3336.1061014785478,3265.478699579251,3286.25146484375,135633,0.0,0.0
2014-07-10 00:00:00+09:00,3323.6426158301156,3323.6426158301156,3219.778784085425,3228.087890625,227773,0.0,0.0
2014-07-11 00:00:00+09:00,3199.00565056633,3236.3966257028196,3186.5419921875,3186.5419921875,139312,0.0,0.0
2014-07-14 00:00:00+09:00,3186.541841634115,3286.2511039538263,3169.923631247496,3240.551025390625,141016,0.0,0.0
2014-07-15 00:00:00+09:00,3219.7785225917164,3689.24300395025,3203.1603108622107,3319.48779296875,1678644,0.0,0.0
2014-07-16 00:00:00+09:00,3344.4150509051424,3398.4242380626165,3253.0148880232628,3340.260498046875,257935,0.0,0.0
2014-07-17 00:00:00+09:00,3323.642333984375,3369.34241607666,3298.715016479492,3323.642333984375,198343,0.0,0.0
2014-07-18 00:00:00+09:00,3290.4059511742657,3427.50619913986,3290.4059511742657,3394.269775390625,259901,0.0,0.0
2014-07-21 00:00:00+09:00,3423.3515862606446,3460.742562324171,3373.496951509276,3415.04248046875,338992,0.0,0.0
2014-07-22 00:00:00+09:00,3394.2698746371757,3460.742724079275,3394.2698746371757,3444.12451171875,250474,0.0,0.0
2014-07-23 00:00:00+09:00,3444.1246339381105,3460.7428468883545,3402.5791015625,3402.5791015625,224136,0.0,0.0
2014-07-24 00:00:00+09:00,3377.65154616277,3415.0425226885573,3315.333251953125,3315.333251953125,237100,0.0,0.0
2014-07-25 00:00:00+09:00,3319.487686912612,3410.887848504699,3315.3331341129715,3356.878662109375,131109,0.0,0.0
2014-07-28 00:00:00+09:00,3356.879078439861,3398.4246115888695,3282.097118771647,3298.71533203125,198321,0.0,0.0
2014-07-29 00:00:00+09:00,3315.333320261901,3315.333320261901,3203.1603883733405,3207.31494140625,234921,0.0,0.0
2014-07-30 00:00:00+09:00,3190.6966112531973,3277.942221717152,3190.6966112531973,3248.8603515625,165897,0.0,0.0
2014-07-31 00:00:00+09:00,3223.93296732399,3282.096706425196,3169.923781015727,3186.5419921875,220223,0.0,0.0
2014-08-01 00:00:00+09:00,3157.4601882193097,3248.8603515625,3128.3783180646583,3248.8603515625,193017,0.0,0.0
2014-08-04 00:00:00+09:00,3232.2418742277187,3369.342107967455,3203.160006464744,3257.169189453125,205287,0.0,0.0
2014-08-05 00:00:00+09:00,3273.787680807858,3319.487762646547,3207.3148344970386,3244.705810546875,81943,0.0,0.0
2014-08-06 00:00:00+09:00,3244.7057312887064,3265.4784952534224,3186.5419921875,3186.5419921875,128026,0.0,0.0
2014-08-07 00:00:00+09:00,3186.542051460486,3232.242133032931,3140.841969888041,3165.769287109375,167138,0.0,0.0
2014-08-08 00:00:00+09:00,3157.460297131148,3165.76940317623,3012.0509413422133,3041.1328125,248077,0.0,0.0
2014-08-11 00:00:00+09:00,3024.5145112569544,3066.0600402577365,2937.2689003553114,2987.12353515625,275423,0.0,0.0
2014-08-12 00:00:00+09:00,2991.278369413408,3061.9057753578913,2962.1964963774444,2974.66015625,128839,0.0,0.0
2014-08-13 00:00:00+09:00,2945.5778458841733,3020.3597940166346,2945.5778458841733,2958.04150390625,145914,0.0,0.0
2014-08-14 00:00:00+09:00,2982.9689083968665,3128.3782562992205,2962.196144410816,3099.29638671875,187318,0.0,0.0
2014-08-18 00:00:00+09:00,3074.3692124701975,3107.605636388794,3045.2873415414256,3049.44189453125,67104,0.0,0.0
2014-08-19 00:00:00+09:00,3041.1328365796235,3082.67836713399,3016.2055182470035,3032.82373046875,100884,0.0,0.0
2014-08-20 00:00:00+09:00,3016.2052871013375,3082.6781308942045,2987.1234179419585,3028.6689453125,128654,0.0,0.0
2014-08-21 00:00:00+09:00,3024.514475307306,3057.750898112881,2982.9689468003376,2999.587158203125,146862,0.0,0.0
2014-08-22 00:00:00+09:00,2999.587475995112,3049.4421154853353,2974.66015625,2974.66015625,129953,0.0,0.0
2014-08-25 00:00:00+09:00,2575.8226376488096,2604.9045061383927,2530.12255859375,2530.12255859375,492650,0.0,0.0
2014-08-26 00:00:00+09:00,2451.186388529133,2501.0410269398953,2322.3952393013315,2330.704345703125,3072410,0.0,0.0
2014-08-27 00:00:00+09:00,2330.704407177383,2397.177260145009,2285.00432076214,2309.931640625,1093882,0.0,0.0
2014-08-28 00:00:00+09:00,2326.549841505835,2359.786267813061,2309.9316283522217,2314.086181640625,479236,0.0,0.0
2014-08-29 00:00:00+09:00,2339.0135013710446,2351.4771612362547,2309.9316283522217,2314.086181640625,293606,0.0,0.0
2014-09-01 00:00:00+09:00,2314.0859420548622,2330.7041534879313,2226.84033203125,2226.84033203125,484087,0.0,0.0
2014-09-02 00:00:00+09:00,2226.8406828439215,2297.468092560986,2222.686129331153,2272.540771484375,409031,0.0,0.0
2014-09-03 00:00:00+09:00,2280.8498785099123,2301.622646073755,2264.231664458838,2272.540771484375,272473,0.0,0.0
2014-09-04 00:00:00+09:00,2251.768079041994,2285.004508252946,2239.304418087887,2247.613525390625,257292,0.0,0.0
2014-09-05 00:00:00+09:00,2272.5403417608395,2276.6948944880073,2243.4584726706644,2251.767578125,168231,0.0,0.0
2014-09-11 00:00:00+09:00,2268.3861684366493,2314.086256079146,2251.7679547484686,2289.158935546875,450252,0.0,0.0
2014-09-12 00:00:00+09:00,2226.8404160267014,2243.458628086602,2143.749355727198,2197.758544921875,1067862,0.0,0.0
2014-09-15 00:00:00+09:00,2160.36773510514,2251.7679085134346,2152.0586284316587,2222.68603515625,500998,0.0,0.0
2014-09-16 00:00:00+09:00,2193.6041739817415,2289.1589012574614,2193.6041739817415,2218.531494140625,267774,0.0,0.0
2014-09-17 00:00:00+09:00,2218.531494140625,2276.69524117802,2214.3769407808113,2218.531494140625,241428,0.0,0.0
2014-09-18 00:00:00+09:00,2247.6130804246473,2393.022429435484,2222.685763451361,2318.240478515625,679484,0.0,0.0
2014-09-19 00:00:00+09:00,2322.39530055643,2334.85896048786,2293.3134273830933,2309.931640625,180599,0.0,0.0
2014-09-22 00:00:00+09:00,2293.3134396114865,2334.858972937782,2293.3134396114865,2305.777099609375,134603,0.0,0.0
2014-09-23 00:00:00+09:00,2285.0044320226807,2326.549967150366,2255.922557433301,2272.540771484375,221391,0.0,0.0
2014-09-24 00:00:00+09:00,2239.304418087887,2289.159061904315,2230.995310785149,2247.613525390625,213423,0.0,0.0
2014-09-25 00:00:00+09:00,2255.922238233613,2276.695002858232,2193.603944359756,2214.376708984375,189657,0.0,0.0
2014-09-26 00:00:00+09:00,2193.6038536658652,2222.6857229379507,2118.8219041090747,2160.367431640625,270128,0.0,0.0
2014-09-29 00:00:00+09:00,2176.985376953125,2185.2944814453126,2068.9670185546875,2077.276123046875,224074,0.0,0.0
2014-09-30 00:00:00+09:00,2052.349208733974,2172.8312473033775,2052.349208733974,2106.3583984375,131522,0.0,0.0
2014-10-01 00:00:00+09:00,2081.431012292126,2114.6674356421,1990.0308480796973,2002.4945068359375,219720,0.0,0.0
2014-10-02 00:00:00+09:00,2019.1127185109247,2056.5036947796452,1952.6398718109765,2002.4945068359375,152549,0.0,0.0
2014-10-06 00:00:00+09:00,1998.340050548441,2039.8855817448741,1956.7945193520077,1969.2581787109375,127743,0.0,0.0
2014-10-07 00:00:00+09:00,1960.9489660164338,2006.6490478515625,1952.6398602282286,2006.6490478515625,98038,0.0,0.0
2014-10-08 00:00:00+09:00,2006.649074453443,2197.7585101156756,1969.2580979108322,2039.885498046875,520053,0.0,0.0
2014-10-10 00:00:00+09:00,2060.657635448425,2077.275842185912,1994.1848084984758,2044.0394287109375,227012,0.0,0.0
2014-10-13 00:00:00+09:00,2035.7310275373788,2035.7310275373788,1911.094434014682,1927.712646484375,291379,0.0,0.0
2014-10-14 00:00:00+09:00,1852.930690370757,1960.9490714237609,1852.930690370757,1927.712646484375,104711,0.0,0.0
2014-10-15 00:00:00+09:00,1911.094266451322,1985.876216008113,1911.094266451322,1944.3306884765625,109625,0.0,0.0
2014-10-16 00:00:00+09:00,1894.4761097889073,1919.403427022972,1869.5487925548427,1882.012451171875,201005,0.0,0.0
2014-10-17 00:00:00+09:00,1882.012456258138,1911.0943264431423,1786.457739935981,1794.766845703125,251441,0.0,0.0
2014-10-20 00:00:00+09:00,1807.2304805632562,2060.658203125,1807.2304805632562,2060.658203125,325481,0.0,0.0
2014-10-21 00:00:00+09:00,2060.6578698536705,2280.849134172712,1977.5668267144097,2093.894287109375,1610119,0.0,0.0
2014-10-22 00:00:00+09:00,2135.4400695436752,2160.3673855305665,2056.50356891852,2089.739990234375,468872,0.0,0.0
2014-10-23 00:00:00+09:00,2068.9673808195153,2106.3583575813136,1840.4669672751913,2035.73095703125,541070,0.0,0.0
2014-10-24 00:00:00+09:00,2089.740190204821,2089.740190204821,1873.7034309788753,1894.4761962890625,247173,0.0,0.0
2014-10-27 00:00:00+09:00,1873.7033454271868,2052.349118937983,1873.7033454271868,1882.012451171875,374701,0.0,0.0
2014-10-28 00:00:00+09:00,1886.1669921875,1936.0216263422355,1869.548780802588,1886.1669921875,108457,0.0,0.0
2014-10-29 00:00:00+09:00,1898.6310275841995,1956.7947789762754,1882.0128129007492,1923.558349609375,109455,0.0,0.0
2014-10-30 00:00:00+09:00,1923.5579952884032,1952.6398656275367,1886.1670191380886,1919.4034423828125,79752,0.0,0.0
2014-10-31 00:00:00+09:00,1902.7851328974186,1931.867001740829,1890.3214748216712,1911.09423828125,93762,0.0,0.0
2014-11-03 00:00:00+09:00,1882.0124114853386,1952.639808825848,1852.9305419921875,1852.9305419921875,127740,0.0,0.0
2014-11-04 00:00:00+09:00,1828.0032041312938,1877.8578369712384,1732.4484911880672,1773.9940185546875,175335,0.0,0.0
2014-11-05 00:00:00+09:00,1686.7485044252621,1836.3124112215908,1686.7485044252621,1782.30322265625,71028,0.0,0.0
2014-11-06 00:00:00+09:00,1786.4578857421875,1790.6124389648437,1703.3668212890625,1744.912353515625,108515,0.0,0.0
2014-11-07 00:00:00+09:00,1736.6030439247293,1794.7667822379976,1736.6030439247293,1773.9940185546875,95141,0.0,0.0
2014-11-10 00:00:00+09:00,1773.9939891468396,1857.0850425026633,1761.530331143466,1828.003173828125,324168,0.0,0.0
2014-11-11 00:00:00+09:00,1823.848913910192,1852.9307872527236,1798.921593902308,1811.38525390625,102775,0.0,0.0
2014-11-12 00:00:00+09:00,1811.3850723232001,1857.0851544230973,1769.8395431414754,1832.1578369140625,233134,0.0,0.0
2014-11-13 00:00:00+09:00,1852.9307491659858,1915.2490479047522,1832.1579829197306,1906.93994140625,201364,0.0,0.0
2014-11-14 00:00:00+09:00,1936.0216385123483,1944.3307442570365,1844.6214753207782,1882.012451171875,155165,0.0,0.0
2014-11-17 00:00:00+09:00,1877.8579220655488,1915.248898389863,1852.930604516006,1873.703369140625,115489,0.0,0.0
2014-11-18 00:00:00+09:00,1877.8579960078982,1915.2489738045158,1852.93067747682,1890.3216552734375,112434,0.0,0.0
2014-11-19 00:00:00+09:00,1886.1669921875,1965.1034962658314,1886.1669921875,1886.1669921875,185743,0.0,0.0
2014-11-20 00:00:00+09:00,1873.7033418608034,1898.6306590474217,1823.8487074875668,1840.4669189453125,140718,0.0,0.0
2014-11-21 00:00:00+09:00,1819.6942019104142,1861.2397316343963,1815.5396489380162,1823.8487548828125,116506,0.0,0.0
2014-11-24 00:00:00+09:00,1828.0032603520033,1861.2396832674942,1807.2304960298213,1840.4669189453125,110663,0.0,0.0
2014-11-25 00:00:00+09:00,1844.6216063348418,1886.16713800905,1828.0033936651585,1836.3125,178045,0.0,0.0
2014-11-26 00:00:00+09:00,1836.3125606255244,1861.2398804530203,1815.5397941026113,1857.0853271484375,94963,0.0,0.0
2014-11-27 00:00:00+09:00,1869.548780802588,1919.4034149573238,1869.548780802588,1886.1669921875,231658,0.0,0.0
2014-11-28 00:00:00+09:00,1869.5487650324787,1894.4760818995785,1840.466895354196,1848.7760009765625,79224,0.0,0.0
2014-12-01 00:00:00+09:00,1828.0031744107994,1848.7759377563766,1740.757568359375,1740.757568359375,299355,0.0,0.0
2014-12-02 00:00:00+09:00,1719.9849493452114,1761.5304795226318,1719.9849493452114,1732.4486083984375,65301,0.0,0.0
2014-12-03 00:00:00+09:00,1732.448463021144,1753.2212263667213,1724.1393576829132,1740.757568359375,85642,0.0,0.0
2014-12-04 00:00:00+09:00,1753.221278147978,1786.4577004825367,1749.066725356158,1765.6849365234375,83992,0.0,0.0
2014-12-05 00:00:00+09:00,1782.3031635899697,1811.385033392137,1757.3758466166835,1803.075927734375,85851,0.0,0.0
2014-12-08 00:00:00+09:00,1790.6123450142995,1902.7852761404854,1790.6123450142995,1861.23974609375,189918,0.0,0.0
2014-12-09 00:00:00+09:00,1861.2396288209607,1936.0215781932316,1815.5395486490174,1902.78515625,277990,0.0,0.0
2014-12-10 00:00:00+09:00,1911.094357638889,1911.094357638889,1857.0851692708334,1869.548828125,138665,0.0,0.0
2014-12-11 00:00:00+09:00,1894.4762083619505,1911.0944207160028,1840.467018211281,1890.3216552734375,118913,0.0,0.0
2014-12-12 00:00:00+09:00,1890.3214951812245,1915.2488116011966,1761.5303603447014,1773.9940185546875,245072,0.0,0.0
2014-12-15 00:00:00+09:00,1769.8394541517596,1807.2304285352475,1757.3757960239304,1778.1485595703125,124033,0.0,0.0
2014-12-16 00:00:00+09:00,1773.9940185546875,1815.5395459213078,1749.0667021347153,1773.9940185546875,129868,0.0,0.0
2014-12-17 00:00:00+09:00,1773.9939897122986,1786.457647719645,1732.448463021144,1740.757568359375,163544,0.0,0.0
2014-12-18 00:00:00+09:00,1761.530440167683,1761.530440167683,1674.2848287442837,1703.36669921875,157680,0.0,0.0
2014-12-19 00:00:00+09:00,1707.521240234375,1732.4485576100592,1682.5939228586906,1707.521240234375,131845,0.0,0.0
2014-12-22 00:00:00+09:00,1707.5212521436738,1728.2940167682927,1695.0575933689024,1703.36669921875,97636,0.0,0.0
2014-12-23 00:00:00+09:00,1703.3666598412299,1948.4852767452116,1703.3666598412299,1931.8670654296875,617286,0.0,0.0
2014-12-24 00:00:00+09:00,1906.9399547838184,1906.9399547838184,1798.9215695455193,1819.6943359375,384220,0.0,0.0
2014-12-26 00:00:00+09:00,1819.6940866630769,1836.3122975001825,1765.6849014424834,1778.1485595703125,134567,0.0,0.0
2014-12-29 00:00:00+09:00,1820.6881708054316,1829.196059454055,1769.6408389136905,1786.6566162109375,183318,50.0,0.0
2014-12-30 00:00:00+09:00,1778.1486146895318,1816.4341111780623,1778.1486146895318,1799.4183349609375,91778,0.0,0.0
2015-01-02 00:00:00+09:00,1803.672304506655,1863.22752210829,1778.1486398202403,1837.703857421875,168528,0.0,0.0
2015-01-05 00:00:00+09:00,1841.957769381177,1927.0366501840028,1837.7038253410358,1910.0208740234375,273297,0.0,0.0
2015-01-06 00:00:00+09:00,1901.5129484049478,1969.576051703559,1867.4813967556422,1914.2747802734375,338672,0.0,0.0
2015-01-07 00:00:00+09:00,1910.0208078796118,1956.8141907007157,1901.5129200939564,1931.29052734375,222829,0.0,0.0
2015-01-08 00:00:00+09:00,1931.290632520403,1969.5761296408516,1905.7669677734375,1905.7669677734375,239789,0.0,0.0
2015-01-09 00:00:00+09:00,1927.0365550047272,2003.6075439453125,1905.7668358545648,2003.6075439453125,517686,0.0,0.0
2015-01-12 00:00:00+09:00,2029.131263284122,2109.9561982996324,2003.6075995950137,2024.8773193359375,638081,0.0,0.0
2015-01-13 00:00:00+09:00,2012.1155838568154,2054.655025375987,1961.0682540338096,1986.5919189453125,260533,0.0,0.0
2015-01-14 00:00:00+09:00,1956.814277585873,2105.7023204456677,1948.306389422456,2058.908935546875,510501,0.0,0.0
2015-01-15 00:00:00+09:00,2063.1630859375,2114.2104200225513,2046.1473079091493,2063.1630859375,316388,0.0,0.0
2015-01-16 00:00:00+09:00,2046.1471370721526,2063.1629136798215,1956.8143098818923,1986.5919189453125,291730,0.0,0.0
2015-01-19 00:00:00+09:00,1999.353803668106,2003.6077479312296,1922.7828069318805,1939.798583984375,296506,0.0,0.0
2015-01-20 00:00:00+09:00,1944.052589416504,1999.3538665771484,1935.5447006225586,1973.8302001953125,237779,0.0,0.0
2015-01-21 00:00:00+09:00,1978.084090488409,1990.8459233302697,1931.2907034015864,1952.5604248046875,234382,0.0,0.0
2015-01-22 00:00:00+09:00,1956.8140869140625,2033.3850729237433,1901.5128192404043,1956.8140869140625,446380,0.0,0.0
2015-01-23 00:00:00+09:00,2012.1155090929244,2203.542988816353,1990.8457891236546,2173.765380859375,2487238,0.0,0.0
2015-01-26 00:00:00+09:00,2190.781480230845,2203.5433140962673,2118.4644216601178,2165.2578125,753727,0.0,0.0
2015-01-27 00:00:00+09:00,2182.2736553260665,2190.781544820515,2105.702649876029,2131.226318359375,504096,0.0,0.0
2015-01-28 00:00:00+09:00,2126.971994647543,2229.066650390625,2118.464106668953,2229.066650390625,690189,0.0,0.0
2015-01-29 00:00:00+09:00,2237.5743459166874,2292.8756130210922,2139.733642578125,2139.733642578125,946251,0.0,0.0
2015-01-30 00:00:00+09:00,2152.495857037589,2156.749801419086,2084.4327469336336,2097.194580078125,293183,0.0,0.0
2015-02-02 00:00:00+09:00,2097.194504123264,2148.2418348524307,2075.924782986111,2105.702392578125,278726,0.0,0.0
2015-02-03 00:00:00+09:00,2105.702205086146,2126.9719243294403,2058.9088227508983,2071.670654296875,203484,0.0,0.0
2015-02-04 00:00:00+09:00,2097.194572840755,2169.511627076643,2071.670906639853,2152.495849609375,331045,0.0,0.0
2015-02-05 00:00:00+09:00,2156.749923256385,2190.781480230845,2118.4644216601178,2165.2578125,339472,0.0,0.0
2015-02-06 00:00:00+09:00,2195.035700946215,2203.54359125996,2135.48046875,2135.48046875,352260,0.0,0.0
2015-02-09 00:00:00+09:00,1990.8459213635722,2024.8774755749153,1858.9736487946175,1884.497314453125,1358179,0.0,0.0
2015-02-10 00:00:00+09:00,1875.9894015404486,1914.2748995310699,1803.672349780386,1846.2117919921875,387317,0.0,0.0
2015-02-11 00:00:00+09:00,1858.9737167010026,1884.497383291863,1850.4658278373824,1863.2276611328125,156461,0.0,0.0
2015-02-12 00:00:00+09:00,1863.227568876908,1884.4972899828088,1846.2117919921875,1846.2117919921875,163183,0.0,0.0
2015-02-13 00:00:00+09:00,1846.2117706783233,1914.2748774314414,1846.2117706783233,1875.9893798828125,219300,0.0,0.0
2015-02-16 00:00:00+09:00,1867.4815595434347,1897.2591698322822,1854.7197265625,1854.7197265625,243975,0.0,0.0
2015-02-17 00:00:00+09:00,1871.735342623713,1871.735342623713,1846.2116788606622,1858.9735107421875,126240,0.0,0.0
2015-02-23 00:00:00+09:00,1875.9894944282428,1888.751327723673,1850.4658278373824,1863.2276611328125,208897,0.0,0.0
2015-02-24 00:00:00+09:00,1871.7355049605917,1931.2907255729742,1863.22761630168,1922.7828369140625,268919,0.0,0.0
2015-02-25 00:00:00+09:00,1931.2905942241441,1935.5445382642854,1897.2590419030137,1910.0208740234375,224093,0.0,0.0
2015-02-26 00:00:00+09:00,1918.528862668757,1986.591970878735,1918.528862668757,1939.798583984375,321342,0.0,0.0
2015-02-27 00:00:00+09:00,1965.3219684103262,2058.908728810818,1939.7983064829193,2054.65478515625,528577,0.0,0.0
2015-03-02 00:00:00+09:00,2058.908870921415,2109.9561982996324,2024.8773193359375,2024.8773193359375,566732,0.0,0.0
2015-03-03 00:00:00+09:00,2024.8773087866512,2080.178579824942,2024.8773087866512,2067.416748046875,284133,0.0,0.0
2015-03-04 00:00:00+09:00,2071.670654296875,2122.7179804807815,2041.893047356263,2071.670654296875,328199,0.0,0.0
2015-03-05 00:00:00+09:00,2067.4162835842226,2122.7175421986153,2063.1623406138847,2092.93994140625,264722,0.0,0.0
2015-03-06 00:00:00+09:00,2105.7023204456677,2105.7023204456677,2054.654991465167,2058.908935546875,235643,0.0,0.0
2015-03-09 00:00:00+09:00,2033.385304616401,2054.655025375987,1978.0840306414782,1986.5919189453125,269705,0.0,0.0
2015-03-10 00:00:00+09:00,2007.8617401766878,2020.623573271031,1978.08412962322,2016.36962890625,132615,0.0,0.0
2015-03-11 00:00:00+09:00,2016.36937543541,2050.40092607567,1986.5917686251823,2003.6075439453125,193289,0.0,0.0
2015-03-12 00:00:00+09:00,2003.6075891565395,2067.416748046875,1986.59181345245,2067.416748046875,361240,0.0,0.0
2015-03-13 00:00:00+09:00,2105.7026622334465,2156.749999499712,2075.925048828125,2075.925048828125,470675,0.0,0.0
2015-03-16 00:00:00+09:00,2063.1626724653856,2097.194221701928,2046.1468978471144,2054.65478515625,233845,0.0,0.0
2015-03-17 00:00:00+09:00,2063.1629940675352,2088.6866599735254,1999.35382930256,2046.147216796875,275922,0.0,0.0
2015-03-18 00:00:00+09:00,2050.4011993408203,2084.4327545166016,2037.6393661499023,2041.893310546875,286598,0.0,0.0
2015-03-19 00:00:00+09:00,2054.6551281892803,2071.6709056484046,2012.115684541469,2016.36962890625,246251,0.0,0.0
2015-03-20 00:00:00+09:00,2024.8775176358122,2092.94062747231,1999.3538514471256,2016.36962890625,670228,0.0,0.0
2015-03-23 00:00:00+09:00,2041.8929036458335,2152.4954359266494,2020.6231858995227,2143.987548828125,735824,0.0,0.0
2015-03-24 00:00:00+09:00,2169.511847245066,2190.7815712376646,2092.9408408717104,2101.44873046875,665213,0.0,0.0
2015-03-25 00:00:00+09:00,2105.7025877946953,2169.5117571218075,2101.448643172888,2165.2578125,452954,0.0,0.0
2015-03-26 00:00:00+09:00,2139.7336814510013,2203.5428369614683,2118.463962947512,2190.781005859375,586195,0.0,0.0
2015-03-27 00:00:00+09:00,2216.305030822754,2224.812919616699,2165.257698059082,2178.01953125,429106,0.0,0.0
2015-03-30 00:00:00+09:00,2169.5115169402093,2190.781237694525,2092.9405222246723,2109.956298828125,448582,0.0,0.0
2015-03-31 00:00:00+09:00,2109.9562233308234,2135.4798873227282,2058.9088953470127,2118.464111328125,308307,0.0,0.0
2015-04-01 00:00:00+09:00,2122.7180757542005,2122.7180757542005,2080.1786353583248,2088.6865234375,222636,0.0,0.0
2015-04-02 00:00:00+09:00,2088.685998435912,2097.193884376588,2063.1623406138847,2092.93994140625,231484,0.0,0.0
2015-04-03 00:00:00+09:00,2105.7020568847656,2148.241492377387,2101.4481133355034,2143.987548828125,269602,0.0,0.0
2015-04-06 00:00:00+09:00,2152.4957736758734,2190.78127162663,2143.987885242372,2161.003662109375,308978,0.0,0.0
2015-04-07 00:00:00+09:00,2173.7650946424096,2178.0190380761524,2105.70199970253,2122.7177734375,305782,0.0,0.0
2015-04-08 00:00:00+09:00,2114.2099831751148,2199.288855737494,2114.2099831751148,2195.034912109375,422826,0.0,0.0
2015-04-09 00:00:00+09:00,2212.051041171578,2250.336539961086,2182.2734310019605,2237.57470703125,621603,0.0,0.0
2015-04-10 00:00:00+09:00,2233.3207627213046,2356.68514770972,2216.304985481523,2237.57470703125,1155200,0.0,0.0
2015-04-13 00:00:00+09:00,2258.844535258279,2280.1142578125,2203.543256617304,2280.1142578125,511350,0.0,0.0
2015-04-14 00:00:00+09:00,2288.6220322646104,2356.685141030844,2241.8286449878246,2292.8759765625,645334,0.0,0.0
2015-04-15 00:00:00+09:00,2297.1300885946166,2348.177423896719,2275.8603655520737,2301.384033203125,490711,0.0,0.0
2015-04-16 00:00:00+09:00,2314.1452595338983,2322.653146517479,2246.082163665254,2258.843994140625,399333,0.0,0.0
2015-04-17 00:00:00+09:00,2241.8287427218456,2271.6063541052476,2233.320853755159,2254.590576171875,213883,0.0,0.0
2015-04-20 00:00:00+09:00,2207.7967627514367,2263.0980304118775,2195.0349317528735,2220.55859375,292875,0.0,0.0
2015-04-21 00:00:00+09:00,2224.812815005413,2275.860145368826,2212.0509824145597,2271.606201171875,217942,0.0,0.0
2015-04-22 00:00:00+09:00,2292.875713641827,2292.875713641827,2071.670635516827,2156.74951171875,461988,0.0,0.0
2015-04-23 00:00:00+09:00,2161.003628638483,2203.5430701471146,2075.9247456212197,2109.956298828125,338490,0.0,0.0
2015-04-24 00:00:00+09:00,2122.7182390416565,2165.257682709826,2084.432739740304,2152.495849609375,179635,0.0,0.0
2015-04-27 00:00:00+09:00,2169.511657479187,2237.574768302063,2126.972213214889,2203.543212890625,258087,0.0,0.0
2015-04-28 00:00:00+09:00,2182.2733831931287,2233.3207137941376,2148.2418294591225,2161.003662109375,114376,0.0,0.0
2015-04-29 00:00:00+09:00,2169.511439311935,2169.511439311935,2118.464111328125,2118.464111328125,151507,0.0,0.0
2015-04-30 00:00:00+09:00,2101.448355556263,2143.9877959521386,2067.4168032395623,2088.6865234375,195684,0.0,0.0
2015-05-04 00:00:00+09:00,2092.9404674770876,2109.956243635438,2033.3852509228616,2088.6865234375,168672,0.0,0.0
2015-05-06 00:00:00+09:00,2058.908853810517,2084.432517287507,1944.0523681640625,1944.0523681640625,354466,0.0,0.0
2015-05-07 00:00:00+09:00,1944.0523948833156,1982.337890625,1914.2747870842277,1982.337890625,185515,0.0,0.0
2015-05-08 00:00:00+09:00,1995.099847943951,2063.1629557629344,1982.3380152278917,2050.401123046875,155113,0.0,0.0
2015-05-11 00:00:00+09:00,2101.448431908231,2101.448431908231,2054.655045772623,2080.1787109375,115715,0.0,0.0
2015-05-12 00:00:00+09:00,2075.9247667433538,2092.9405435199387,2037.639268996038,2080.1787109375,93652,0.0,0.0
2015-05-13 00:00:00+09:00,2058.908969017767,2109.956298828125,2058.908969017767,2109.956298828125,129910,0.0,0.0
2015-05-14 00:00:00+09:00,2118.4641317146134,2118.4641317146134,2041.8931390020368,2088.6865234375,137081,0.0,0.0
2015-05-15 00:00:00+09:00,2126.972198486328,2263.098419189453,2101.448532104492,2178.01953125,1054721,0.0,0.0
2015-05-18 00:00:00+09:00,2190.780927870009,2203.5427585177954,2118.4638875325522,2143.987548828125,343315,0.0,0.0
2015-05-19 00:00:00+09:00,2139.7336640924327,2220.55859375,2118.4639457614944,2220.55859375,283260,0.0,0.0
2015-05-20 00:00:00+09:00,2246.0826416015625,2267.352363586426,2178.01953125,2178.01953125,328893,0.0,0.0
2015-05-21 00:00:00+09:00,2161.0035832188096,2224.812744140625,2126.972030727175,2224.812744140625,249936,0.0,0.0
2015-05-22 00:00:00+09:00,2237.574368414751,2258.8440867456898,2207.7967627514367,2220.55859375,354715,0.0,0.0
2015-05-26 00:00:00+09:00,2212.0507622507293,2258.8441437598794,2182.273155835816,2186.527099609375,301309,0.0,0.0
2015-05-27 00:00:00+09:00,2152.4959786345776,2203.5433140962673,2143.9880893909626,2165.2578125,222206,0.0,0.0
2015-05-28 00:00:00+09:00,2186.5269249436374,2190.7808683773796,2122.7177734375,2122.7177734375,173115,0.0,0.0
2015-05-29 00:00:00+09:00,2105.702095918877,2195.034912109375,2088.6863214064015,2195.034912109375,216765,0.0,0.0
2015-06-01 00:00:00+09:00,2190.781005859375,2220.5586117642597,2139.7336814510013,2190.781005859375,275635,0.0,0.0
2015-06-02 00:00:00+09:00,2161.003745800583,2195.035300852561,2084.4327469336336,2097.194580078125,228513,0.0,0.0
2015-06-03 00:00:00+09:00,2067.416748046875,2118.4640751591437,2046.147028416763,2067.416748046875,197296,0.0,0.0
2015-06-04 00:00:00+09:00,2058.908989966769,2114.21026449067,2058.908989966769,2080.1787109375,126661,0.0,0.0
2015-06-05 00:00:00+09:00,2071.6708442403074,2080.1787327176803,2016.3695691373835,2050.401123046875,176554,0.0,0.0
2015-06-08 00:00:00+09:00,1999.3537921826376,2058.909011524248,1995.099847943951,2050.401123046875,213211,0.0,0.0
2015-06-09 00:00:00+09:00,2041.8932345695023,2084.432676956367,2024.8774576147564,2050.401123046875,127824,0.0,0.0
2015-06-10 00:00:00+09:00,2046.1470830416245,2101.448355556263,2041.8931390020368,2088.6865234375,140212,0.0,0.0
2015-06-11 00:00:00+09:00,2101.4484953703704,2182.2734375,2080.17877375731,2182.2734375,325784,0.0,0.0
2015-06-12 00:00:00+09:00,2190.781544820515,2195.0354895677397,2131.226318359375,2131.226318359375,208568,0.0,0.0
2015-06-15 00:00:00+09:00,2131.2259386368382,2250.3363703371006,2118.464106668953,2229.066650390625,534229,0.0,0.0
2015-06-16 00:00:00+09:00,2229.0667261584053,2484.3033741918102,2186.5272848195045,2467.28759765625,3127666,0.0,0.0
2015-06-17 00:00:00+09:00,2497.06488683364,2616.1753073299633,2411.9860150505515,2531.096435546875,1524737,0.0,0.0
2015-06-18 00:00:00+09:00,2488.557472229004,2620.4297485351562,2450.27197265625,2450.27197265625,876777,0.0,0.0
2015-06-19 00:00:00+09:00,2420.4944057271937,2539.6048510002365,2399.2246833570075,2526.843017578125,666765,0.0,0.0
2015-06-22 00:00:00+09:00,2594.905852054675,2705.5083965684807,2548.1124678372958,2667.222900390625,1512285,0.0,0.0
2015-06-23 00:00:00+09:00,2688.492565938013,2765.063556740045,2582.1439676018576,2590.65185546875,1054702,0.0,0.0
2015-06-24 00:00:00+09:00,2569.3820425490703,2684.2385245835485,2543.858379874742,2573.635986328125,691589,0.0,0.0
2015-06-25 00:00:00+09:00,2552.3666844223485,2573.6364067925347,2467.2877949416034,2526.843017578125,805162,0.0,0.0
2015-06-26 00:00:00+09:00,2688.4925887362056,2722.52414049236,2501.3190540773558,2505.572998046875,1444646,0.0,0.0
2015-06-29 00:00:00+09:00,2437.510019584809,2454.525796335837,2326.907470703125,2326.907470703125,706790,0.0,0.0
2015-06-30 00:00:00+09:00,2297.129959909539,2454.525901607045,2284.368126798931,2424.748291015625,674836,0.0,0.0
2015-07-01 00:00:00+09:00,2441.7635393293017,2505.5726910539347,2394.9701613979037,2429.001708984375,380056,0.0,0.0
2015-07-02 00:00:00+09:00,2475.7953945451263,2475.7953945451263,2377.954683076848,2394.970458984375,329118,0.0,0.0
2015-07-03 00:00:00+09:00,2394.970458984375,2399.2244029612566,2297.129747516097,2394.970458984375,452031,0.0,0.0
2015-07-06 00:00:00+09:00,2394.970572771345,2467.287623814174,2335.4153542654853,2382.208740234375,386977,0.0,0.0
2015-07-07 00:00:00+09:00,2424.747952842038,2522.588659711103,2386.4624588497954,2407.732177734375,564663,0.0,0.0
2015-07-08 00:00:00+09:00,2399.224521894995,2420.494242833781,2326.907470703125,2326.907470703125,344876,0.0,0.0
2015-07-09 00:00:00+09:00,2301.383582447193,2326.907245099103,2207.7968193901906,2297.129638671875,384431,0.0,0.0
2015-07-10 00:00:00+09:00,2339.669189453125,2348.1770774147726,2263.0981977982956,2339.669189453125,148052,0.0,0.0
2015-07-13 00:00:00+09:00,2339.6692938413503,2492.8112839836936,2314.1456288176264,2437.510009765625,509455,0.0,0.0
2015-07-14 00:00:00+09:00,2458.7798997961954,2514.0811778192933,2433.256233016304,2446.01806640625,420873,0.0,0.0
2015-07-15 00:00:00+09:00,2441.7635601711436,2488.55693850195,2420.49384274805,2454.525390625,230206,0.0,0.0
2015-07-16 00:00:00+09:00,2450.271426225919,2518.3345213988614,2424.7477655360663,2429.001708984375,384471,0.0,0.0
2015-07-17 00:00:00+09:00,2441.763688621108,2458.7794634547045,2343.922983327928,2356.684814453125,317031,0.0,0.0
2015-07-20 00:00:00+09:00,2356.6851959228516,2458.7798614501953,2339.669418334961,2450.27197265625,339875,0.0,0.0
2015-07-21 00:00:00+09:00,2467.2873906111968,2471.541334388113,2382.20851507288,2407.732177734375,208940,0.0,0.0
2015-07-22 00:00:00+09:00,2407.732405308315,2429.002126203264,2369.446907697405,2382.208740234375,159388,0.0,0.0
2015-07-23 00:00:00+09:00,2407.732349732545,2441.763902378941,2360.93896484375,2360.93896484375,157601,0.0,0.0
2015-07-24 00:00:00+09:00,2365.192776478698,2535.3505301822015,2339.6691134231723,2458.779541015625,630153,0.0,0.0
2015-07-27 00:00:00+09:00,2492.811431188925,2616.175819421824,2475.7956535016287,2611.921875,1218801,0.0,0.0
2015-07-28 00:00:00+09:00,2637.4454153820025,2692.7466902206575,2475.795535084396,2543.858642578125,1181541,0.0,0.0
2015-07-29 00:00:00+09:00,2662.969359497924,2786.33375474623,2433.25634765625,2433.25634765625,1648006,0.0,0.0
2015-07-30 00:00:00+09:00,2463.033657820767,2497.0652109512785,2403.478439842372,2411.986328125,391449,0.0,0.0
2015-07-31 00:00:00+09:00,2390.716751098633,2480.0495834350586,2390.716751098633,2450.27197265625,191700,0.0,0.0
2015-08-03 00:00:00+09:00,2454.525979055485,2535.3509246396347,2407.732589506767,2416.240478515625,280818,0.0,0.0
2015-08-04 00:00:00+09:00,2458.7795414477323,2458.7795414477323,2390.7164399543694,2403.478271484375,172971,0.0,0.0
2015-08-05 00:00:00+09:00,2407.7326796738416,2454.5260709749236,2390.716901018903,2433.25634765625,219927,0.0,0.0
2015-08-06 00:00:00+09:00,2437.510058098033,2518.3349989424705,2433.256113843063,2514.0810546875,308319,0.0,0.0
2015-08-07 00:00:00+09:00,2488.557314173166,2556.620420201834,2471.5415376659994,2522.5888671875,257424,0.0,0.0
2015-08-10 00:00:00+09:00,2560.874192395747,2607.6675746488254,2522.5886978250464,2569.382080078125,293965,0.0,0.0
2015-08-11 00:00:00+09:00,2603.414042536201,2603.414042536201,2492.811485173552,2497.0654296875,273870,0.0,0.0
2015-08-12 00:00:00+09:00,2475.795315571968,2569.382080078125,2446.017708683645,2569.382080078125,446410,0.0,0.0
2015-08-13 00:00:00+09:00,2628.937218390297,2794.8410234343446,2594.9056686376716,2633.191162109375,3499997,0.0,0.0
2015-08-17 00:00:00+09:00,2722.523943522907,2782.07915478747,2641.6990139495706,2692.746337890625,1735741,0.0,0.0
2015-08-18 00:00:00+09:00,2718.2700591995936,2909.6975281573114,2637.445127861891,2879.919921875,2322992,0.0,0.0
2015-08-19 00:00:00+09:00,2896.935695384505,2952.236964165707,2722.5240015360987,2769.3173828125,1800207,0.0,0.0
2015-08-20 00:00:00+09:00,2773.571828911407,2901.1901645975145,2577.890380859375,2577.890380859375,1682419,0.0,0.0
2015-08-21 00:00:00+09:00,2411.9860994481764,2509.826805422265,2173.7652501199614,2216.3046875,1455755,0.0,0.0
2015-08-24 00:00:00+09:00,2165.257682709826,2339.669401749321,2126.9721834084735,2152.495849609375,586926,0.0,0.0
2015-08-25 00:00:00+09:00,2186.5274644383844,2301.3839654886497,2148.2419640882963,2254.590576171875,493117,0.0,0.0
2015-08-26 00:00:00+09:00,2241.8286449878246,2335.415419541396,2203.543146306818,2292.8759765625,472227,0.0,0.0
2015-08-27 00:00:00+09:00,2331.161226576653,2390.7164403943048,2314.145451200181,2348.177001953125,456451,0.0,0.0
2015-08-28 00:00:00+09:00,2382.20847670352,2424.747913787511,2352.430870744726,2356.684814453125,271195,0.0,0.0
2015-08-31 00:00:00+09:00,2382.208552706069,2416.2401034590125,2297.129675823709,2348.177001953125,356239,0.0,0.0
2015-09-01 00:00:00+09:00,2348.1773374269337,2399.224670849258,2318.399726263911,2365.193115234375,253750,0.0,0.0
2015-09-02 00:00:00+09:00,2322.6535011574074,2467.287601962081,2301.3837804508375,2411.986328125,704218,0.0,0.0
2015-09-03 00:00:00+09:00,2458.7798459772475,2518.3350671600874,2424.748291015625,2424.748291015625,425520,0.0,0.0
2015-09-04 00:00:00+09:00,2416.240026370713,2480.0491819967,2318.399321077533,2356.684814453125,242976,0.0,0.0
2015-09-07 00:00:00+09:00,2356.684814453125,2399.2242515371163,2322.6532647859317,2356.684814453125,192243,0.0,0.0
2015-09-08 00:00:00+09:00,2335.4155900711935,2386.462925373296,2292.876143986108,2301.384033203125,237064,0.0,0.0
2015-09-09 00:00:00+09:00,2331.1613730364306,2407.732367041277,2326.90742892505,2386.462646484375,176720,0.0,0.0
2015-09-10 00:00:00+09:00,2382.208664646352,2399.224440822398,2335.4152801622276,2390.716552734375,148068,0.0,0.0
2015-09-11 00:00:00+09:00,2394.9704360449873,2543.8584738097734,2348.1770527474832,2535.3505859375,707595,0.0,0.0
2015-09-14 00:00:00+09:00,2594.9060981462094,2628.9376535317333,2463.0338210273035,2475.795654296875,904694,0.0,0.0
2015-09-15 00:00:00+09:00,2501.319150727371,2514.080983129041,2458.7797093884697,2467.28759765625,299528,0.0,0.0
2015-09-16 00:00:00+09:00,2509.827263229344,2543.858819340928,2467.287818089864,2497.0654296875,302411,0.0,0.0
2015-09-17 00:00:00+09:00,2543.8587493896484,2543.8587493896484,2437.510139465332,2450.27197265625,321236,0.0,0.0
2015-09-18 00:00:00+09:00,2471.5416495630298,2526.8429257150424,2471.5416495630298,2509.8271484375,180745,0.0,0.0
2015-09-21 00:00:00+09:00,2458.7795967115135,2518.334811856775,2458.7795967115135,2480.04931640625,118123,0.0,0.0
2015-09-22 00:00:00+09:00,2484.3030560661764,2531.096435546875,2458.77939453125,2531.096435546875,266915,0.0,0.0
2015-09-23 00:00:00+09:00,2488.55705870607,2714.01607428115,2488.55705870607,2662.96875,1829622,0.0,0.0
2015-09-24 00:00:00+09:00,2709.7625967019544,2752.3020409201954,2594.9060973127034,2611.921875,826441,0.0,0.0
2015-09-25 00:00:00+09:00,2599.159874211729,2662.9690364264197,2582.1440976211447,2603.413818359375,308892,0.0,0.0
2015-09-30 00:00:00+09:00,2569.3822210607395,2726.7781518210827,2569.3822210607395,2718.270263671875,687824,0.0,0.0
2015-10-01 00:00:00+09:00,2773.5716693438476,2807.6032235689254,2705.5085608936915,2731.0322265625,796370,0.0,0.0
2015-10-02 00:00:00+09:00,2731.032177264874,2748.0479540702627,2645.9532932379307,2654.461181640625,473848,0.0,0.0
2015-10-05 00:00:00+09:00,2654.46123559221,2718.27039990933,2603.4139041385133,2675.73095703125,650838,0.0,0.0
2015-10-06 00:00:00+09:00,2679.984962732102,2777.82568359375,2611.9218525674773,2777.82568359375,1041030,0.0,0.0
2015-10-07 00:00:00+09:00,2807.6032464936025,2833.126912370817,2684.2388614203987,2701.254638671875,617023,0.0,0.0
2015-10-08 00:00:00+09:00,2739.540043705428,2748.0479320399168,2637.445383691561,2684.23876953125,286180,0.0,0.0
2015-10-12 00:00:00+09:00,2667.2228826992755,2752.301762530193,2641.69921875,2641.69921875,278968,0.0,0.0
2015-10-13 00:00:00+09:00,2633.1915141531695,2697.00067847029,2599.1599598507055,2675.73095703125,534316,0.0,0.0
2015-10-14 00:00:00+09:00,2658.714994716184,2662.9689387077296,2603.413722826087,2641.69921875,310492,0.0,0.0
2015-10-15 00:00:00+09:00,2641.699069510433,2739.539775788597,2641.699069510433,2714.01611328125,462817,0.0,0.0
2015-10-16 00:00:00+09:00,2765.0636100769043,2799.0951622009275,2709.762337875366,2722.524169921875,568393,0.0,0.0
2015-10-19 00:00:00+09:00,2756.5558922313085,2769.3177250657127,2714.0164494499613,2731.0322265625,224506,0.0,0.0
2015-10-20 00:00:00+09:00,2760.809532752404,2833.1265775240386,2731.031926081731,2820.36474609375,721426,0.0,0.0
2015-10-21 00:00:00+09:00,2858.650626914242,2875.666404455398,2765.063850437883,2777.82568359375,551336,0.0,0.0
2015-10-22 00:00:00+09:00,2794.8414162059594,2841.634803691904,2743.794084403111,2837.380859375,439946,0.0,0.0
2015-10-23 00:00:00+09:00,2867.15849239465,2888.428214148319,2794.841438432173,2807.603271484375,414456,0.0,0.0
2015-10-26 00:00:00+09:00,2807.6032491566716,2841.634803691904,2769.3177503045354,2837.380859375,334187,0.0,0.0
2015-10-27 00:00:00+09:00,2862.9046410250376,2909.6980304028616,2824.619140625,2824.619140625,570367,0.0,0.0
2015-10-28 00:00:00+09:00,2828.8726337139424,2850.1423527644233,2752.301645132212,2765.0634765625,527562,0.0,0.0
2015-10-29 00:00:00+09:00,2765.063917780497,2845.8888630694655,2765.063917780497,2824.619140625,292189,0.0,0.0
2015-10-30 00:00:00+09:00,2824.6187275774173,2896.9357733135857,2765.0635134417485,2816.11083984375,771679,0.0,0.0
2015-11-02 00:00:00+09:00,2837.380881939512,2841.634826290246,2790.587494081439,2807.603271484375,315407,0.0,0.0
2015-11-03 00:00:00+09:00,2807.6029714336833,2807.6029714336833,2714.016205719227,2786.333251953125,267225,0.0,0.0
2015-11-04 00:00:00+09:00,2807.602952110083,2850.142390778418,2786.333232775916,2816.11083984375,167622,0.0,0.0
2015-11-05 00:00:00+09:00,2816.111251647214,2858.6506965361446,2786.3336402249624,2824.619140625,264309,0.0,0.0
2015-11-06 00:00:00+09:00,2824.6188262939454,2841.6346023559568,2662.968953704834,2722.524169921875,378174,0.0,0.0
2015-11-09 00:00:00+09:00,2718.270213076943,2718.270213076943,2577.890061227899,2586.39794921875,263220,0.0,0.0
2015-11-10 00:00:00+09:00,2586.3979148799312,2599.1597466967733,2480.04931640625,2480.04931640625,314423,0.0,0.0
2015-11-11 00:00:00+09:00,2480.049314767722,2539.6045298736367,2471.5414268954487,2535.3505859375,323974,0.0,0.0
2015-11-12 00:00:00+09:00,2509.826717601103,2556.6200970818018,2505.5727740119487,2531.096435546875,192300,0.0,0.0
2015-11-13 00:00:00+09:00,2518.3351575391916,2611.921937042337,2488.5575458791,2577.890380859375,115169,0.0,0.0
2015-11-16 00:00:00+09:00,2556.6203755040324,2726.7781376008065,2509.8269909274195,2637.4453125,462984,0.0,0.0
2015-11-17 00:00:00+09:00,2654.4610507246375,2705.5083786231885,2633.1913307669083,2641.69921875,292087,0.0,0.0
2015-11-18 00:00:00+09:00,2671.4769584460137,2701.254567855444,2637.4454048352363,2654.461181640625,222424,0.0,0.0
2015-11-19 00:00:00+09:00,2701.254432269075,2714.0162642325513,2658.7149923908223,2697.00048828125,200779,0.0,0.0
2015-11-20 00:00:00+09:00,2718.270225906372,2743.7938899993896,2671.4768417358396,2722.524169921875,182186,0.0,0.0
2015-11-23 00:00:00+09:00,2765.0637370784107,2837.3807886635386,2748.0479602348514,2790.58740234375,320914,0.0,0.0
2015-11-24 00:00:00+09:00,2807.602914663462,2807.602914663462,2756.5555889423076,2765.0634765625,109221,0.0,0.0
2015-11-25 00:00:00+09:00,2765.0635490077893,2935.221305869807,2756.5556611646884,2867.158203125,904643,0.0,0.0
2015-11-26 00:00:00+09:00,2888.4280946601943,3088.3634708737864,2862.9044296116504,3067.09375,1305507,0.0,0.0
2015-11-27 00:00:00+09:00,3075.601335343071,3079.855279098732,2892.6817538496375,2935.22119140625,977595,0.0,0.0
2015-11-30 00:00:00+09:00,2875.6661874412594,2960.7450687265036,2816.1109705415884,2828.872802734375,266717,0.0,0.0
2015-12-01 00:00:00+09:00,2833.1268091446314,2990.522742986,2833.1268091446314,2986.268798828125,363843,0.0,0.0
2015-12-02 00:00:00+09:00,3020.3004014756943,3024.554345703125,2841.634743923611,2871.412353515625,383999,0.0,0.0
2015-12-03 00:00:00+09:00,2850.1425367210345,2943.729306583516,2824.618872213085,2909.69775390625,275346,0.0,0.0
2015-12-04 00:00:00+09:00,2892.681977567617,2943.729306583516,2871.412257144326,2909.69775390625,231573,0.0,0.0
2015-12-07 00:00:00+09:00,2926.7136610716884,2960.7452152701967,2901.1899954228074,2922.459716796875,155722,0.0,0.0
2015-12-08 00:00:00+09:00,2896.935789960262,2990.522555568376,2850.1424071562046,2952.237060546875,439047,0.0,0.0
2015-12-09 00:00:00+09:00,3003.28466796875,3058.5859437245485,2969.2531136574894,3003.28466796875,726191,0.0,0.0
2015-12-10 00:00:00+09:00,3011.792562905844,3403.155438311688,3003.284674310065,3275.537109375,6646341,0.0,0.0
2015-12-11 00:00:00+09:00,3258.5208810880717,3288.2984870510177,3147.9183446542734,3160.68017578125,1090896,0.0,0.0
2015-12-14 00:00:00+09:00,3160.680429285223,3267.029030539773,2994.776611328125,2994.776611328125,1253725,0.0,0.0
2015-12-15 00:00:00+09:00,2994.776460981638,3058.585618530963,2922.4594157590705,3011.792236328125,444007,0.0,0.0
2015-12-16 00:00:00+09:00,3058.5859437245485,3109.6332751914397,3003.28466796875,3003.28466796875,368614,0.0,0.0
2015-12-17 00:00:00+09:00,3028.808125554078,3075.6015095162898,2969.252909602172,2999.030517578125,461494,0.0,0.0
2015-12-18 00:00:00+09:00,2986.2686273243803,3122.39483255854,2926.7134125344355,3088.36328125,460750,0.0,0.0
2015-12-21 00:00:00+09:00,3079.8557729466074,3207.474106079754,3037.316328568892,3181.950439453125,509721,0.0,0.0
2015-12-22 00:00:00+09:00,3207.4739198426946,3232.9975849873313,3118.1410918364654,3147.918701171875,369828,0.0,0.0
2015-12-23 00:00:00+09:00,3156.4267503836013,3181.9504168287517,3075.601806640625,3075.601806640625,399946,0.0,0.0
2015-12-24 00:00:00+09:00,3050.0777860278927,3147.9184960399452,3037.3159542871904,3088.36328125,378639,0.0,0.0
2015-12-28 00:00:00+09:00,3126.649045984005,3207.473987308762,3020.3004389777466,3058.5859375,511227,0.0,0.0
2015-12-29 00:00:00+09:00,3071.5273465361984,3088.7831181459524,2967.992716877675,3024.073974609375,458322,50.0,0.0
2015-12-30 00:00:00+09:00,3028.388013445964,3054.2716716805453,2942.109152664028,2946.423095703125,344445,0.0,0.0
2016-01-04 00:00:00+09:00,2946.4233916421317,2972.30705247647,2903.283956918235,2907.597900390625,246351,0.0,0.0
2016-01-05 00:00:00+09:00,2864.4585808851048,2911.911960990129,2851.516749947371,2881.71435546875,287298,0.0,0.0
2016-01-06 00:00:00+09:00,2890.341708896396,2946.4229659346847,2791.121023367117,2873.0859375,311215,0.0,0.0
2016-01-07 00:00:00+09:00,2864.458374589451,2886.0280912655767,2752.295847873599,2791.121337890625,452625,0.0,0.0
2016-01-08 00:00:00+09:00,2717.784110042369,2752.295654296875,2640.1331354697295,2752.295654296875,469618,0.0,0.0
2016-01-11 00:00:00+09:00,2752.2960258152175,2829.9470108695655,2730.7263077445655,2778.1796875,248099,0.0,0.0
2016-01-12 00:00:00+09:00,2782.493377538119,2804.0630936430657,2661.7029673504176,2678.958740234375,369534,0.0,0.0
2016-01-13 00:00:00+09:00,2717.784001499556,2752.2955443757405,2683.2724586233708,2730.725830078125,202800,0.0,0.0
2016-01-14 00:00:00+09:00,2666.0168021065847,2704.8422895159038,2596.9937133789062,2657.388916015625,411879,0.0,0.0
2016-01-15 00:00:00+09:00,2666.016960592831,2730.726110121783,2627.1914708754593,2640.13330078125,234531,0.0,0.0
2016-01-18 00:00:00+09:00,2596.9939818933067,2627.1915863339264,2588.3660949102723,2614.249755859375,158483,0.0,0.0
2016-01-19 00:00:00+09:00,2614.2499452172256,2666.0172708650916,2588.3662823932927,2653.075439453125,186271,0.0,0.0
2016-01-20 00:00:00+09:00,2657.3893790409484,2674.645154229526,2424.436413995151,2502.08740234375,577849,0.0,0.0
2016-01-21 00:00:00+09:00,2480.517471045778,2523.6569053248354,2415.8083196271928,2458.94775390625,316310,0.0,0.0
2016-01-22 00:00:00+09:00,2476.203102425353,2540.9122427326356,2476.203102425353,2519.342529296875,91389,0.0,0.0
2016-01-25 00:00:00+09:00,2545.2265064677254,2657.3890304815573,2545.2265064677254,2631.50537109375,187796,0.0,0.0
2016-01-26 00:00:00+09:00,2601.3074399290967,2614.2492679884454,2545.2261850052523,2566.7958984375,169412,0.0,0.0
2016-01-27 00:00:00+09:00,2575.4242091823266,2605.621812975084,2540.9126619906037,2553.8544921875,174708,0.0,0.0
2016-01-28 00:00:00+09:00,2553.854567802718,2635.8194948099003,2523.656963115862,2618.563720703125,224926,0.0,0.0
2016-01-29 00:00:00+09:00,2618.5636056025696,2648.761208962072,2592.679945580139,2644.447265625,200886,0.0,0.0
2016-02-01 00:00:00+09:00,2631.5052577427455,2674.6446881975444,2627.1913146972656,2657.388916015625,174005,0.0,0.0
2016-02-02 00:00:00+09:00,2674.644925301535,2730.726189864309,2653.075208162006,2704.842529296875,281858,0.0,0.0
2016-02-03 00:00:00+09:00,2691.9003659798896,2756.6095093928675,2674.644594403095,2735.039794921875,229885,0.0,0.0
2016-02-04 00:00:00+09:00,2739.354205247833,2829.947021484375,2739.354205247833,2829.947021484375,465832,0.0,0.0
2016-02-05 00:00:00+09:00,2829.9466685867897,2834.2606116791476,2760.9235791090628,2808.376953125,310728,0.0,0.0
2016-02-11 00:00:00+09:00,2653.075247283029,2691.900738706683,2515.029055554481,2614.249755859375,441656,0.0,0.0
2016-02-12 00:00:00+09:00,2571.1099335192807,2605.621476251083,2441.6916482750216,2489.14501953125,388939,0.0,0.0
2016-02-15 00:00:00+09:00,2497.773321063702,2558.1685308994392,2476.2036032652245,2523.656982421875,284707,0.0,0.0
2016-02-16 00:00:00+09:00,2566.7964611670836,2571.110404799297,2527.9709684771615,2532.284912109375,152336,0.0,0.0
2016-02-17 00:00:00+09:00,2562.482335805085,2631.505429025424,2532.2847325211865,2545.2265625,182655,0.0,0.0
2016-02-18 00:00:00+09:00,2588.366031172264,2614.249691483986,2558.168427475254,2601.307861328125,145509,0.0,0.0
2016-02-19 00:00:00+09:00,2614.249598168545,2691.900576331967,2579.738052318135,2631.50537109375,350604,0.0,0.0
2016-02-22 00:00:00+09:00,2631.505195896491,2631.505195896491,2592.6797093996574,2596.99365234375,151977,0.0,0.0
2016-02-23 00:00:00+09:00,2614.249626464844,2653.075115966797,2558.1683638509116,2588.365966796875,177789,0.0,0.0
2016-02-24 00:00:00+09:00,2588.366168478261,2622.8777173913045,2562.4825067934785,2579.73828125,167835,0.0,0.0
2016-02-25 00:00:00+09:00,2588.365917487685,2657.3890086206898,2584.051974291872,2627.19140625,236221,0.0,0.0
2016-02-26 00:00:00+09:00,2747.9818759875347,2756.6097625683437,2687.586669921875,2687.586669921875,532005,0.0,0.0
2016-02-29 00:00:00+09:00,2687.5865173339844,2717.7841186523438,2648.761029924665,2657.388916015625,198333,0.0,0.0
2016-03-02 00:00:00+09:00,2700.5285214155147,2717.7842947152944,2670.3309181409004,2691.900634765625,126260,0.0,0.0
2016-03-03 00:00:00+09:00,2717.7840923272765,2726.4119783346646,2674.6446622903354,2700.5283203125,155348,0.0,0.0
2016-03-04 00:00:00+09:00,2726.4123857013665,2726.4123857013665,2653.0753436809186,2683.27294921875,187503,0.0,0.0
2016-03-07 00:00:00+09:00,2687.586698995718,2704.842472344005,2640.1333222879284,2644.447265625,148304,0.0,0.0
2016-03-08 00:00:00+09:00,2640.1332861328124,2648.761172688802,2584.05202351888,2588.365966796875,191345,0.0,0.0
2016-03-09 00:00:00+09:00,2584.0521631333436,2674.644976865898,2575.4242761111955,2666.01708984375,176922,0.0,0.0
2016-03-10 00:00:00+09:00,2683.27278564858,2704.8425025750157,2575.4242010164025,2601.307861328125,342009,0.0,0.0
2016-03-11 00:00:00+09:00,2605.621775591354,2717.7843023552205,2588.366002243067,2644.447265625,344570,0.0,0.0
2016-03-14 00:00:00+09:00,2674.6447593287417,2674.6447593287417,2592.6798392847963,2622.87744140625,170928,0.0,0.0
2016-03-15 00:00:00+09:00,2605.621826171875,2640.1333735383896,2596.993939330246,2605.621826171875,111647,0.0,0.0
2016-03-16 00:00:00+09:00,2605.621761582259,2622.8775348377703,2588.3659883267474,2592.679931640625,105661,0.0,0.0
2016-03-17 00:00:00+09:00,2605.6217967477605,2661.703060585047,2592.6799666314637,2648.76123046875,334292,0.0,0.0
2016-03-18 00:00:00+09:00,2700.5285509339374,2756.6098147712232,2644.447287096651,2648.76123046875,559026,0.0,0.0
2016-03-21 00:00:00+09:00,2691.900634765625,2713.4703513903496,2653.0751448411206,2691.900634765625,289724,0.0,0.0
2016-03-22 00:00:00+09:00,2735.039978119126,3235.4573873648965,2713.47026220336,2868.772216796875,3029577,0.0,0.0
2016-03-23 00:00:00+09:00,2873.0859757133153,3037.0158061594207,2825.6326037420745,2976.62060546875,1887532,0.0,0.0
2016-03-24 00:00:00+09:00,2933.481288262975,3041.329865037349,2916.225515979075,2950.737060546875,779329,0.0,0.0
2016-03-25 00:00:00+09:00,2933.481408709708,2980.9347844388353,2873.0862032362725,2877.400146484375,940831,0.0,0.0
2016-03-28 00:00:00+09:00,2903.2837719584622,3037.0160110828488,2894.6558855633402,2967.992919921875,906792,0.0,0.0
2016-03-29 00:00:00+09:00,2976.620757487446,3041.329904389347,2937.7952693463058,3006.818359375,412370,0.0,0.0
2016-03-30 00:00:00+09:00,3015.446345872837,3024.0742324132457,2916.225650658137,2929.16748046875,424166,0.0,0.0
2016-03-31 00:00:00+09:00,2937.7956430071354,3006.8187418149387,2920.5398683051844,2985.2490234375,451203,0.0,0.0
2016-04-01 00:00:00+09:00,3006.818315816097,3045.643803394784,2963.678885173111,2998.1904296875,592371,0.0,0.0
2016-04-04 00:00:00+09:00,3019.7604432397957,3019.7604432397957,2933.4815734329445,2959.365234375,289169,0.0,0.0
2016-04-05 00:00:00+09:00,2959.365200275121,2989.5628043595607,2877.400274903069,2903.283935546875,288776,0.0,0.0
2016-04-06 00:00:00+09:00,2916.2252531505765,2924.853138514927,2864.4579409644716,2898.969482421875,251475,0.0,0.0
2016-04-07 00:00:00+09:00,2898.969482421875,2920.539195832752,2868.771883646647,2898.969482421875,329847,0.0,0.0
2016-04-08 00:00:00+09:00,2898.970025510204,3011.1325562591105,2894.6560820198615,2959.365234375,439704,0.0,0.0
2016-04-11 00:00:00+09:00,2950.7370773841594,3006.8183376268407,2933.481305001796,3002.50439453125,337274,0.0,0.0
2016-04-12 00:00:00+09:00,2933.4816792196857,2959.3653410951533,2881.71435546875,2881.71435546875,618921,0.0,0.0
2016-04-14 00:00:00+09:00,2868.7724493473634,2886.028223478776,2812.691183420272,2817.005126953125,411879,0.0,0.0
2016-04-15 00:00:00+09:00,2817.004983169259,2886.028076171875,2817.004983169259,2886.028076171875,255270,0.0,0.0
2016-04-18 00:00:00+09:00,2881.714270166604,2890.3421572030306,2847.202722020896,2864.45849609375,180608,0.0,0.0
2016-04-19 00:00:00+09:00,2877.4002169434298,3002.5045742018397,2838.5747267597853,2989.562744140625,531203,0.0,0.0
2016-04-20 00:00:00+09:00,2985.24867672892,3058.585710694804,2916.2255859375,2916.2255859375,535507,0.0,0.0
2016-04-21 00:00:00+09:00,2937.7955380902017,2972.307086261599,2911.911876961654,2963.67919921875,223501,0.0,0.0
2016-04-22 00:00:00+09:00,2963.678978453291,3852.3512776692705,2937.7953192528257,3649.595947265625,23115020,0.0,0.0
2016-04-25 00:00:00+09:00,3662.5381397468313,3666.852083374331,3347.620254939389,3425.271240234375,6284349,0.0,0.0
2016-04-26 00:00:00+09:00,3451.154712639233,3576.259070972405,3326.0503543060604,3485.666259765625,5136472,0.0,0.0
2016-04-27 00:00:00+09:00,3619.3987034718393,3658.224196119332,3390.7596912143813,3425.271240234375,4022880,0.0,0.0
2016-04-28 00:00:00+09:00,3390.759734673148,3511.5501577912755,3295.8529736517626,3334.678466796875,1472059,0.0,0.0
2016-04-29 00:00:00+09:00,3313.1085784313723,3412.3292780458537,3295.852804585376,3300.166748046875,1244096,0.0,0.0
2016-05-02 00:00:00+09:00,3295.852965150745,3313.1087398373984,3131.9231056275407,3183.6904296875,1459134,0.0,0.0
2016-05-03 00:00:00+09:00,3192.318212115575,3308.794687422495,3166.4345509362597,3261.34130859375,1134506,0.0,0.0
2016-05-04 00:00:00+09:00,3295.852844894573,3369.189884636992,3205.260031095115,3209.573974609375,1133113,0.0,0.0
2016-05-09 00:00:00+09:00,3248.39937621124,3338.9921875,3222.515715843023,3338.9921875,679710,0.0,0.0
2016-05-10 00:00:00+09:00,3308.794617552315,3395.073486328125,3274.283070041991,3395.073486328125,878530,0.0,0.0
2016-05-11 00:00:00+09:00,3395.0735261683053,3403.7014131471324,3291.538882422385,3304.480712890625,629796,0.0,0.0
2016-05-12 00:00:00+09:00,3287.2246139262234,3338.991930680967,3205.2596957312126,3239.771240234375,952729,0.0,0.0
2016-05-13 00:00:00+09:00,3278.5970458984375,3295.852819824219,3106.039306640625,3106.039306640625,750188,0.0,0.0
2016-05-16 00:00:00+09:00,3131.9230532145634,3188.0043200076616,3067.213899222527,3123.295166015625,653725,0.0,0.0
2016-05-17 00:00:00+09:00,2933.48140210177,2976.6208344856195,2894.655912956305,2924.853515625,1704803,0.0,0.0
2016-05-18 00:00:00+09:00,2924.8534939877213,3006.818414910681,2877.400118716534,2920.53955078125,781585,0.0,0.0
2016-05-19 00:00:00+09:00,2946.423095703125,3011.132241289577,2929.1673235467374,2946.423095703125,605313,0.0,0.0
2016-05-20 00:00:00+09:00,2993.8768996432696,3093.0976038101217,2933.481688411273,3032.702392578125,748369,0.0,0.0
2016-05-23 00:00:00+09:00,3071.527349411232,3071.527349411232,2963.6787767493206,2976.62060546875,479162,0.0,0.0
2016-05-24 00:00:00+09:00,2998.190522304801,3067.213613465775,2890.3419423657797,2967.992919921875,773946,0.0,0.0
2016-05-25 00:00:00+09:00,3028.388228049207,3054.2718881180035,2881.714154326026,2890.342041015625,510576,0.0,0.0
2016-05-26 00:00:00+09:00,2929.167629942602,3006.818612768768,2894.6560820198615,2959.365234375,354116,0.0,0.0
2016-05-27 00:00:00+09:00,2950.737598495702,3062.900138789398,2942.1097107808023,3011.1328125,452002,0.0,0.0
2016-05-30 00:00:00+09:00,3015.4464122067448,3041.3300723973607,2920.5396581744867,2942.109375,330289,0.0,0.0
2016-05-31 00:00:00+09:00,2937.79523133395,3019.760149682474,2933.481288262975,2950.737060546875,243462,0.0,0.0
2016-06-01 00:00:00+09:00,2950.737034514589,3075.841382469155,2916.2254902512605,2993.87646484375,726662,0.0,0.0
2016-06-02 00:00:00+09:00,3002.504465502362,3041.3299542804098,2963.6789767243145,2967.992919921875,344642,0.0,0.0
2016-06-03 00:00:00+09:00,3002.5048096778632,3006.8187533699293,2937.795654296875,2937.795654296875,261494,0.0,0.0
2016-06-07 00:00:00+09:00,3049.9577242716587,3226.8293886212173,2980.9346357450017,2993.87646484375,2453463,0.0,0.0
2016-06-08 00:00:00+09:00,3019.76056159984,3110.353378447835,2993.8768996432696,3032.702392578125,880954,0.0,0.0
2016-06-09 00:00:00+09:00,3041.3298425632547,3118.9808172669973,2920.539437468544,2946.423095703125,901081,0.0,0.0
2016-06-10 00:00:00+09:00,2967.9930273719333,2989.562744140625,2924.853593834551,2989.562744140625,277626,0.0,0.0
2016-06-13 00:00:00+09:00,2967.992865054676,2967.992865054676,2860.144287109375,2860.144287109375,420636,0.0,0.0
2016-06-14 00:00:00+09:00,2851.516610201322,2877.400270808293,2765.2377415114183,2804.063232421875,402424,0.0,0.0
2016-06-15 00:00:00+09:00,2804.063232421875,2855.830553635817,2769.551684945913,2804.063232421875,185941,0.0,0.0
2016-06-16 00:00:00+09:00,2812.6913125859865,2916.225962129029,2743.668212890625,2743.668212890625,493035,0.0,0.0
2016-06-17 00:00:00+09:00,2743.6680329372066,2817.0050715534526,2726.4122591451487,2756.60986328125,170058,0.0,0.0
2016-06-20 00:00:00+09:00,2760.9235791090628,2842.8884978638634,2752.295692924347,2808.376953125,101766,0.0,0.0
2016-06-21 00:00:00+09:00,2817.005180027174,2847.202785326087,2769.551800271739,2778.1796875,159447,0.0,0.0
2016-06-22 00:00:00+09:00,2778.179542495265,2860.1444668856534,2760.923768939394,2847.20263671875,270276,0.0,0.0
2016-06-23 00:00:00+09:00,2855.8303321838375,2855.8303321838375,2739.353868484497,2760.923583984375,266959,0.0,0.0
2016-06-24 00:00:00+09:00,2782.493642777763,2808.3773045710445,2463.2618139939577,2532.284912109375,712506,0.0,0.0
2016-06-27 00:00:00+09:00,2420.122164979273,2558.1683490779124,2420.122164979273,2536.5986328125,280823,0.0,0.0
2016-06-28 00:00:00+09:00,2527.9708237782443,2614.249691483986,2502.087163466522,2601.307861328125,130213,0.0,0.0
2016-06-29 00:00:00+09:00,2644.447414472026,2700.5286810105845,2622.8776965725806,2674.64501953125,166911,0.0,0.0
2016-06-30 00:00:00+09:00,2713.4701978290873,2713.4701978290873,2653.074994697756,2661.702880859375,131239,0.0,0.0
2016-07-01 00:00:00+09:00,2696.214727289892,2743.668106490194,2691.9007837262284,2722.098388671875,205073,0.0,0.0
2016-07-04 00:00:00+09:00,2739.3541199603787,2739.3541199603787,2704.842571992374,2713.470458984375,88957,0.0,0.0
2016-07-05 00:00:00+09:00,2735.0399522569446,2735.0399522569446,2687.5865776909723,2717.7841796875,122886,0.0,0.0
2016-07-06 00:00:00+09:00,2735.03998614532,2735.03998614532,2614.2495766625616,2627.19140625,273490,0.0,0.0
2016-07-07 00:00:00+09:00,2635.8193925781247,2722.098259765625,2635.8193925781247,2696.214599609375,151278,0.0,0.0
2016-07-08 00:00:00+09:00,2709.1561375566835,2812.6907670174487,2696.214308874088,2735.039794921875,422007,0.0,0.0
2016-07-11 00:00:00+09:00,2735.039925384521,2795.4351287841796,2717.784152984619,2760.923583984375,207098,0.0,0.0
2016-07-12 00:00:00+09:00,2735.0398821696217,2791.1211415831945,2730.725939137809,2752.295654296875,129616,0.0,0.0
2016-07-13 00:00:00+09:00,2778.179312487755,2817.0047997740744,2752.295654296875,2752.295654296875,292594,0.0,0.0
2016-07-14 00:00:00+09:00,2778.179378229817,2786.8072644976114,2743.667833158639,2765.237548828125,316888,0.0,0.0
2016-07-15 00:00:00+09:00,2847.2024409562214,3019.7601646505377,2674.6447172619046,2808.376953125,2222221,0.0,0.0
2016-07-18 00:00:00+09:00,2786.807373046875,2812.691032858456,2756.609769933364,2786.807373046875,182080,0.0,0.0
2016-07-19 00:00:00+09:00,2769.5516936252934,2812.691128105438,2747.981976385221,2756.60986328125,205008,0.0,0.0
2016-07-20 00:00:00+09:00,2756.609896607194,2834.2608796102136,2752.2959531070264,2812.691162109375,234108,0.0,0.0
2016-07-21 00:00:00+09:00,2842.8887360448925,2886.028170582751,2834.2608491373207,2855.83056640625,379410,0.0,0.0
2016-07-22 00:00:00+09:00,2864.458120606953,2916.2254360396087,2829.946576985182,2838.574462890625,363177,0.0,0.0
2016-07-25 00:00:00+09:00,2847.202348796068,2898.9696642287236,2812.690805174297,2838.574462890625,292957,0.0,0.0
2016-07-26 00:00:00+09:00,2873.0863831301767,2894.6561007212445,2842.8887785026827,2864.45849609375,179230,0.0,0.0
2016-07-27 00:00:00+09:00,2864.4584022214976,3019.7603637877237,2860.1444588446584,2894.656005859375,1253111,0.0,0.0
2016-07-28 00:00:00+09:00,2950.7373567708332,2985.2489048032407,2881.7142607060186,2911.911865234375,358450,0.0,0.0
2016-07-29 00:00:00+09:00,2937.7953959238366,2937.7953959238366,2864.4583596085577,2886.028076171875,234783,0.0,0.0
2016-08-01 00:00:00+09:00,2881.7141256893383,2942.10933191636,2881.7141256893383,2933.4814453125,285242,0.0,0.0
2016-08-02 00:00:00+09:00,2963.679143715755,2972.3070305970236,2860.144501140532,2903.283935546875,398572,0.0,0.0
2016-08-03 00:00:00+09:00,2873.0863186696292,2903.2839226196106,2821.318997612519,2851.5166015625,216843,0.0,0.0
2016-08-04 00:00:00+09:00,2838.57507795735,3015.44677734375,2838.57507795735,3015.44677734375,1063764,0.0,0.0
2016-08-05 00:00:00+09:00,3037.01578125,3037.01578125,2980.9345239257814,3019.760009765625,537833,0.0,0.0
2016-08-08 00:00:00+09:00,3032.702067885288,3049.9578406755313,2942.10926073651,2967.992919921875,464650,0.0,0.0
2016-08-09 00:00:00+09:00,3213.88775993796,3300.1666259765625,2929.16750201057,2933.4814453125,4211169,0.0,0.0
2016-08-10 00:00:00+09:00,2898.969898897059,2963.679048426011,2890.3420122931984,2933.4814453125,478476,0.0,0.0
2016-08-11 00:00:00+09:00,2946.423356833869,2959.3651870981466,2847.202658141074,2851.5166015625,556607,0.0,0.0
2016-08-12 00:00:00+09:00,2851.516291748789,2894.655721276002,2834.2605199379036,2838.574462890625,271493,0.0,0.0
2016-08-16 00:00:00+09:00,2847.202500881109,2894.655875895794,2842.888557697956,2868.772216796875,210868,0.0,0.0
2016-08-17 00:00:00+09:00,2842.888896791954,2860.1446715828,2726.41241695374,2739.354248046875,501332,0.0,0.0
2016-08-18 00:00:00+09:00,2726.41241695374,2769.5518539308564,2722.0984732560287,2739.354248046875,136862,0.0,0.0
2016-08-19 00:00:00+09:00,2735.040087964719,2864.458388657056,2735.040087964719,2842.888671875,258914,0.0,0.0
2016-08-22 00:00:00+09:00,2855.830354639967,2855.830354639967,2765.237548828125,2765.237548828125,247983,0.0,0.0
2016-08-23 00:00:00+09:00,2786.807286342728,2799.7491158458674,2743.6678546655958,2769.551513671875,127021,0.0,0.0
2016-08-24 00:00:00+09:00,2756.6098203554257,2804.0631975446427,2747.98193359375,2747.98193359375,74885,0.0,0.0
2016-08-25 00:00:00+09:00,2743.667954664964,2769.5516146146333,2687.5866914406797,2691.900634765625,180320,0.0,0.0
2016-08-26 00:00:00+09:00,2691.9007202925955,2739.3540983746766,2683.272833368581,2709.156494140625,99621,0.0,0.0
2016-08-29 00:00:00+09:00,2674.6449209049047,2726.412241954677,2601.3078827510603,2605.621826171875,228120,0.0,0.0
2016-08-30 00:00:00+09:00,2592.679882012039,2653.0750872502563,2592.679882012039,2631.50537109375,83604,0.0,0.0
2016-08-31 00:00:00+09:00,2631.505195896491,2661.7027965051393,2571.109994679194,2596.99365234375,119572,0.0,0.0
2016-09-01 00:00:00+09:00,2579.7379455061987,2635.819205191116,2579.7379455061987,2609.935546875,71612,0.0,0.0
2016-09-02 00:00:00+09:00,2614.2496196041325,2644.447222470847,2609.935676337459,2635.8193359375,99989,0.0,0.0
2016-09-05 00:00:00+09:00,2644.4472007876534,2644.4472007876534,2605.6217117059427,2631.50537109375,88892,0.0,0.0
2016-09-06 00:00:00+09:00,2631.5054214655265,2644.44725140716,2584.0520450128693,2592.679931640625,166627,0.0,0.0
2016-09-07 00:00:00+09:00,2596.993939330246,2635.8194301175754,2588.3660524886172,2605.621826171875,85131,0.0,0.0
2016-09-08 00:00:00+09:00,2579.73819575968,2627.1915739425503,2502.0872132786194,2562.482421875,241866,0.0,0.0
2016-09-09 00:00:00+09:00,2549.5403531370607,2549.5403531370607,2446.005719507129,2515.02880859375,173337,0.0,0.0
2016-09-12 00:00:00+09:00,2446.006039883228,2510.7151943774934,2415.808434452571,2433.064208984375,143337,0.0,0.0
2016-09-13 00:00:00+09:00,2437.37772694096,2506.4008130136244,2428.749841181877,2493.458984375,171100,0.0,0.0
2016-09-19 00:00:00+09:00,2463.2615975100975,2571.1101788371598,2463.2615975100975,2536.5986328125,121766,0.0,0.0
2016-09-20 00:00:00+09:00,2527.9706918816814,2644.447157207288,2527.9706918816814,2622.87744140625,183099,0.0,0.0
2016-09-21 00:00:00+09:00,2622.877376033058,2635.819205191116,2588.3658316115702,2609.935546875,88034,0.0,0.0
2016-09-22 00:00:00+09:00,2635.819270886873,2644.447157207288,2588.3658961245887,2622.87744140625,111213,0.0,0.0
2016-09-23 00:00:00+09:00,2627.1915863339264,2644.4473602999947,2601.3079253848236,2614.249755859375,82644,0.0,0.0
2016-09-26 00:00:00+09:00,2601.3078322542824,2678.9588123215744,2601.3078322542824,2644.447265625,160781,0.0,0.0
2016-09-27 00:00:00+09:00,2670.330903894761,2670.330903894761,2622.8775275735293,2640.13330078125,103746,0.0,0.0
2016-09-28 00:00:00+09:00,2670.3308537923963,3006.8184250295644,2618.5635351405244,2678.958740234375,2070177,0.0,0.0
2016-09-29 00:00:00+09:00,2713.470080450882,2735.039794921875,2653.0748799321027,2735.039794921875,260204,0.0,0.0
2016-09-30 00:00:00+09:00,2713.470080450882,2760.923452287066,2674.644594403095,2735.039794921875,172533,0.0,0.0
2016-10-04 00:00:00+09:00,2735.0399683301694,2778.1794000073014,2722.0981388270297,2769.551513671875,200938,0.0,0.0
2016-10-05 00:00:00+09:00,2778.179378229817,2782.493321363714,2726.41206062305,2765.237548828125,157628,0.0,0.0
2016-10-06 00:00:00+09:00,2743.668041836684,2760.923815684713,2584.0521337424116,2709.156494140625,150227,0.0,0.0
2016-10-07 00:00:00+09:00,2709.156298907007,2730.7260146626363,2653.0750379423716,2670.330810546875,116056,0.0,0.0
2016-10-10 00:00:00+09:00,2670.3309394531248,2726.412203125,2631.50544921875,2696.214599609375,76989,0.0,0.0
2016-10-11 00:00:00+09:00,2713.4701493235825,2722.0980353309706,2670.3307192866414,2700.5283203125,82397,0.0,0.0
2016-10-12 00:00:00+09:00,2704.842263316194,2730.7259213383586,2666.0167762829474,2700.5283203125,64931,0.0,0.0
2016-10-13 00:00:00+09:00,2730.7263293496285,2730.7263293496285,2653.0753436809186,2683.27294921875,77848,0.0,0.0
2016-10-14 00:00:00+09:00,2696.21457809057,2713.4703513903496,2657.3890881660654,2691.900634765625,102639,0.0,0.0
2016-10-17 00:00:00+09:00,2674.644748263889,2722.098122829861,2657.3889756944445,2717.7841796875,95109,0.0,0.0
2016-10-18 00:00:00+09:00,2670.3309774840905,2700.528581429791,2605.621826171875,2605.621826171875,168390,0.0,0.0
2016-10-19 00:00:00+09:00,2627.19140625,2631.5053494458125,2575.4240879002464,2627.19140625,131176,0.0,0.0
2016-10-20 00:00:00+09:00,2627.1915432759465,2640.1333735383896,2571.11027880536,2605.621826171875,82038,0.0,0.0
2016-10-21 00:00:00+09:00,2588.365945195117,2605.6217181630846,2549.54045601719,2584.052001953125,100227,0.0,0.0
2016-10-24 00:00:00+09:00,2584.0524485219066,2592.680336496938,2502.087512759108,2575.424560546875,189436,0.0,0.0
2016-10-25 00:00:00+09:00,2562.482307128906,2609.935683186849,2523.656817626953,2588.365966796875,144156,0.0,0.0
2016-10-26 00:00:00+09:00,2584.0521337424116,2743.668041836684,2562.4824164323745,2709.156494140625,330122,0.0,0.0
2016-10-27 00:00:00+09:00,2700.5287238117967,2730.7263293496285,2614.2498508465637,2683.27294921875,233548,0.0,0.0
2016-10-28 00:00:00+09:00,2683.2728517236487,2683.2728517236487,2562.4824339611696,2614.249755859375,173304,0.0,0.0
2016-10-31 00:00:00+09:00,2666.0169304049746,2666.0169304049746,2467.57554076318,2536.5986328125,242166,0.0,0.0
2016-11-01 00:00:00+09:00,2536.5986758474573,2571.110222457627,2471.8895259533897,2545.2265625,144415,0.0,0.0
2016-11-02 00:00:00+09:00,2532.2845676967077,2536.5985107421875,2385.6105041503906,2415.80810546875,226409,0.0,0.0
2016-11-03 00:00:00+09:00,2415.80810546875,2463.2614789690288,2342.4710736955913,2415.80810546875,162685,0.0,0.0
2016-11-04 00:00:00+09:00,2420.12204851423,2441.6917637416295,2385.6105041503906,2415.80810546875,73275,0.0,0.0
2016-11-07 00:00:00+09:00,2420.122482648424,2454.634033203125,2394.238819732398,2454.634033203125,93452,0.0,0.0
2016-11-08 00:00:00+09:00,2454.6336480034724,2743.6678385416667,2446.00576171875,2717.7841796875,976279,0.0,0.0
2016-11-09 00:00:00+09:00,2735.040204379363,2739.3541479193937,2312.27373745637,2471.8896484375,969327,0.0,0.0
2016-11-10 00:00:00+09:00,2484.831135797342,2596.99365234375,2480.5171928532495,2596.99365234375,357835,0.0,0.0
2016-11-11 00:00:00+09:00,2588.366168478261,2592.6801120923915,2523.6570142663045,2579.73828125,137678,0.0,0.0
2016-11-14 00:00:00+09:00,2596.993782445004,2778.179395173725,2575.424066643966,2622.87744140625,2883447,0.0,0.0
2016-11-15 00:00:00+09:00,2614.2496196041325,2670.330882070888,2562.482300404051,2635.8193359375,310762,0.0,0.0
2016-11-16 00:00:00+09:00,2674.6447814039407,2717.784213362069,2622.877463054187,2627.19140625,486156,0.0,0.0
2016-11-17 00:00:00+09:00,2605.6221684594852,2635.819776372095,2558.168784596812,2575.424560546875,190940,0.0,0.0
2016-11-18 00:00:00+09:00,2588.365973843379,2609.9356902920736,2523.656824497294,2540.91259765625,137264,0.0,0.0
2016-11-21 00:00:00+09:00,2540.9123560499565,2558.1681275681226,2493.458984375,2493.458984375,77767,0.0,0.0
2016-11-22 00:00:00+09:00,2489.145341203019,2571.1102657833612,2489.145341203019,2553.8544921875,92670,0.0,0.0
2016-11-23 00:00:00+09:00,2553.854741047891,2566.796572505904,2437.3782579257745,2454.634033203125,163665,0.0,0.0
2016-11-24 00:00:00+09:00,2480.517255717071,2480.517255717071,2329.529248847336,2368.354736328125,264864,0.0,0.0
2016-11-25 00:00:00+09:00,2372.668766070016,2407.1803117583067,2295.0177882713606,2385.610595703125,113787,0.0,0.0
2016-11-28 00:00:00+09:00,2385.6104423327324,2402.866214067508,2316.58735539363,2355.412841796875,59605,0.0,0.0
2016-11-29 00:00:00+09:00,2355.4129557291667,2389.9245008680555,2251.8783203125,2329.529296875,94015,0.0,0.0
2016-11-30 00:00:00+09:00,2346.7850694444446,2368.3547851562503,2295.017751736111,2329.529296875,36974,0.0,0.0
2016-12-01 00:00:00+09:00,2333.8434297394842,2346.7852602186313,2243.2506163854564,2269.13427734375,159452,0.0,0.0
2016-12-02 00:00:00+09:00,2251.878389516271,2295.017822265625,2243.2505029664003,2295.017822265625,63105,0.0,0.0
2016-12-05 00:00:00+09:00,2295.017791507751,2299.331734724871,2187.1692110797553,2191.483154296875,98600,0.0,0.0
2016-12-06 00:00:00+09:00,2200.1111607142857,2264.8203125,2200.1111607142857,2264.8203125,47084,0.0,0.0
2016-12-07 00:00:00+09:00,2273.4479323525466,2277.761875298187,2217.3666740592203,2260.506103515625,38048,0.0,0.0
2016-12-08 00:00:00+09:00,2277.7623123827393,2415.808513133208,2260.5065372889303,2299.33203125,280600,0.0,0.0
2016-12-09 00:00:00+09:00,2286.3902208421114,2312.2738837195693,2243.250782713015,2303.64599609375,101678,0.0,0.0
2016-12-12 00:00:00+09:00,2312.2734810641264,2342.471082495934,2243.2503920771373,2320.9013671875,79439,0.0,0.0
2016-12-13 00:00:00+09:00,2286.3898226940055,2346.785025557621,2277.761936570632,2320.9013671875,138984,0.0,0.0
2016-12-14 00:00:00+09:00,2338.1575128891886,2355.413287892061,2307.9599066341625,2346.785400390625,103913,0.0,0.0
2016-12-15 00:00:00+09:00,2424.4360625778418,2618.563505310943,2381.296630859375,2381.296630859375,966148,0.0,0.0
2016-12-16 00:00:00+09:00,2394.2385897072413,2407.180419921875,2333.8433820389505,2407.180419921875,175250,0.0,0.0
2016-12-19 00:00:00+09:00,2407.180419921875,2415.808306731631,2359.727042468218,2407.180419921875,77388,0.0,0.0
2016-12-20 00:00:00+09:00,2389.924468722148,2428.749956481172,2389.924468722148,2420.1220703125,83766,0.0,0.0
2016-12-21 00:00:00+09:00,2433.0636093330722,2450.3193796120304,2389.9241836356773,2411.493896484375,82408,0.0,0.0
2016-12-22 00:00:00+09:00,2411.494144634609,2433.063859702897,2346.7849994297444,2364.040771484375,60108,0.0,0.0
2016-12-23 00:00:00+09:00,2364.041184240108,2402.8666781418615,2355.413296706385,2398.552734375,63645,0.0,0.0
2016-12-26 00:00:00+09:00,2398.5525331121194,2420.1222501365087,2385.6107028974857,2407.180419921875,36496,0.0,0.0
2016-12-27 00:00:00+09:00,2415.80839218194,2433.0641664118107,2389.924730837133,2424.436279296875,80992,0.0,0.0
2016-12-28 00:00:00+09:00,2477.141100363757,2494.709476962081,2446.3964413166887,2490.3173828125,106782,50.0,0.0
2016-12-29 00:00:00+09:00,2494.709735843307,2494.709735843307,2450.7887897897276,2477.141357421875,64831,0.0,0.0
2017-01-02 00:00:00+09:00,2485.9253059780194,2494.709494338366,2446.396458356461,2472.7490234375,43362,0.0,0.0
2017-01-03 00:00:00+09:00,2490.3173828125,2490.3173828125,2455.180629615851,2490.3173828125,76166,0.0,0.0
2017-01-04 00:00:00+09:00,2490.3174962805424,2687.9617420170935,2472.7491188817376,2617.688232421875,1201822,0.0,0.0
2017-01-05 00:00:00+09:00,2644.040840109934,2644.040840109934,2556.1989517341885,2578.159423828125,265519,0.0,0.0
2017-01-06 00:00:00+09:00,2582.5515367040093,2608.9041034050706,2538.6305922022407,2560.591064453125,170659,0.0,0.0
2017-01-09 00:00:00+09:00,2573.7675632029923,2586.94384765625,2521.062425389962,2586.94384765625,143187,0.0,0.0
2017-01-10 00:00:00+09:00,2600.1201985677085,2604.512293497721,2503.494110107422,2529.8466796875,165407,0.0,0.0
2017-01-11 00:00:00+09:00,2635.256816535596,3017.3690549332578,2622.0805324529183,2652.8251953125,10349300,0.0,0.0
2017-01-12 00:00:00+09:00,2674.7855105669073,2674.7855105669073,2564.983149706197,2569.375244140625,1056951,0.0,0.0
2017-01-13 00:00:00+09:00,2569.375244140625,2586.943621878339,2521.0622053619127,2569.375244140625,468784,0.0,0.0
2017-01-16 00:00:00+09:00,2569.375295605809,2578.159484650615,2521.062255859375,2521.062255859375,253223,0.0,0.0
2017-01-17 00:00:00+09:00,2525.4542685843803,2622.080344947609,2525.4542685843803,2600.119873046875,401490,0.0,0.0
2017-01-18 00:00:00+09:00,2613.296138072174,2639.648704170381,2560.5910058757604,2617.688232421875,270626,0.0,0.0
2017-01-19 00:00:00+09:00,2608.90411755792,2630.8645899279363,2547.414794921875,2547.414794921875,184331,0.0,0.0
2017-01-20 00:00:00+09:00,2529.8464216321245,2560.591083006126,2499.101760258123,2543.022705078125,218173,0.0,0.0
2017-01-23 00:00:00+09:00,2551.8068573154014,2591.335707084487,2538.6305740590396,2578.159423828125,160809,0.0,0.0
2017-01-24 00:00:00+09:00,2564.9832250933655,2573.7674142203978,2485.925522950077,2499.101806640625,212560,0.0,0.0
2017-01-25 00:00:00+09:00,2499.102035415756,2512.2783203125,2450.788990794362,2512.2783203125,107594,0.0,0.0
2017-01-26 00:00:00+09:00,2516.6701566745924,2547.4148182744566,2499.101778617527,2525.454345703125,100580,0.0,0.0
2017-01-31 00:00:00+09:00,2490.3175895889945,2564.983196331522,2490.3175895889945,2525.454345703125,103309,0.0,0.0
2017-02-01 00:00:00+09:00,2525.4542863287893,2604.511985726908,2512.2780030957697,2582.551513671875,191123,0.0,0.0
2017-02-02 00:00:00+09:00,2551.8069222601716,2595.727867565854,2494.7096933627836,2516.670166015625,201429,0.0,0.0
2017-02-03 00:00:00+09:00,2529.8465122767857,2538.630701555525,2459.572998046875,2459.572998046875,154466,0.0,0.0
2017-02-06 00:00:00+09:00,2463.9652557373047,2604.512293497721,2433.2205912272134,2529.8466796875,517333,0.0,0.0
2017-02-07 00:00:00+09:00,2564.983172817888,2564.983172817888,2507.885944655846,2547.414794921875,194298,0.0,0.0
2017-02-08 00:00:00+09:00,2564.9829833553795,2564.9829833553795,2490.3173828125,2490.3173828125,110900,0.0,0.0
2017-02-09 00:00:00+09:00,2490.3178004988704,2582.55179310994,2459.5731362951806,2551.80712890625,230748,0.0,0.0
2017-02-10 00:00:00+09:00,2538.630629245924,2578.159479874321,2503.4938731317934,2525.454345703125,148162,0.0,0.0
2017-02-13 00:00:00+09:00,2547.4150800371503,2547.4150800371503,2490.3178454845934,2512.2783203125,61315,0.0,0.0
2017-02-14 00:00:00+09:00,2481.533461601284,2507.886029335103,2450.7887992451624,2468.357177734375,199192,0.0,0.0
2017-02-15 00:00:00+09:00,2463.9650270681345,2569.375295605809,2463.9650270681345,2521.062255859375,297385,0.0,0.0
2017-02-16 00:00:00+09:00,2521.0624597293813,2556.19921875,2503.494080219072,2556.19921875,121959,0.0,0.0
2017-02-17 00:00:00+09:00,2569.3752533534785,2718.7064646594927,2525.45430885171,2560.591064453125,2126935,0.0,0.0
2017-02-20 00:00:00+09:00,2582.5515274439103,2586.943621878339,2507.8859220586273,2569.375244140625,342088,0.0,0.0
2017-02-21 00:00:00+09:00,2578.1594192608686,2630.8645521929475,2560.591041616842,2582.551513671875,366649,0.0,0.0
2017-02-22 00:00:00+09:00,2582.551240808824,2635.256368172269,2569.3749589679624,2613.2958984375,218179,0.0,0.0
2017-02-23 00:00:00+09:00,2617.688038447132,2626.472226495612,2556.1987221077698,2564.98291015625,187857,0.0,0.0
2017-02-24 00:00:00+09:00,2564.983172817888,2586.943645187904,2543.0227004478716,2547.414794921875,95378,0.0,0.0
2017-02-27 00:00:00+09:00,2547.4150594075522,2564.983439127604,2529.8466796875,2529.8466796875,122582,0.0,0.0
2017-02-28 00:00:00+09:00,2547.414827729603,2556.1990167907397,2512.278071485057,2516.670166015625,70140,0.0,0.0
2017-03-02 00:00:00+09:00,2516.6701064386466,2573.767333984375,2503.493823158863,2573.767333984375,158106,0.0,0.0
2017-03-03 00:00:00+09:00,2666.001644107845,2666.001644107845,2490.3178454845934,2512.2783203125,377762,0.0,0.0
2017-03-06 00:00:00+09:00,2468.3566548202166,2512.277591738726,2468.3566548202166,2507.885498046875,72388,0.0,0.0
2017-03-07 00:00:00+09:00,2485.925527653224,2534.238567943304,2477.141338509573,2494.709716796875,70556,0.0,0.0
2017-03-08 00:00:00+09:00,2494.709494338366,2521.062059419405,2459.5727408969806,2472.7490234375,156434,0.0,0.0
2017-03-09 00:00:00+09:00,2472.7492628165173,2503.493925054023,2446.3966951843695,2477.141357421875,112787,0.0,0.0
2017-03-10 00:00:00+09:00,2485.925323540921,2485.925323540921,2380.515062472048,2455.1806640625,193806,0.0,0.0
2017-03-13 00:00:00+09:00,2455.1805838086616,2551.8066532966586,2450.788489741025,2538.63037109375,216190,0.0,0.0
2017-03-14 00:00:00+09:00,2512.2782749300773,2564.983413564974,2507.886180043836,2551.80712890625,96065,0.0,0.0
2017-03-15 00:00:00+09:00,2551.8066280835296,2591.3354743016907,2534.2382519865687,2564.98291015625,222453,0.0,0.0
2017-03-16 00:00:00+09:00,2591.3359226786465,2635.2568705206577,2564.98335397344,2604.51220703125,289953,0.0,0.0
2017-03-17 00:00:00+09:00,2617.6882551422377,2617.6882551422377,2564.9831224883674,2595.727783203125,186386,0.0,0.0
2017-03-20 00:00:00+09:00,2604.51220703125,2692.354102715272,2573.7675435418423,2604.51220703125,732196,0.0,0.0
2017-03-21 00:00:00+09:00,2578.159433009482,2626.4724717881945,2569.375244140625,2569.375244140625,157259,0.0,0.0
2017-03-22 00:00:00+09:00,2573.7672978153937,2679.177562572338,2551.80682599103,2608.904052734375,219115,0.0,0.0
2017-03-23 00:00:00+09:00,2608.9040618071685,2639.6487224681955,2573.7673067659944,2600.119873046875,141270,0.0,0.0
2017-03-24 00:00:00+09:00,2595.727568325931,2622.080132471372,2560.59081613201,2564.98291015625,158298,0.0,0.0
2017-03-27 00:00:00+09:00,2556.1990120385994,2586.9436736954212,2485.92549968015,2521.062255859375,256777,0.0,0.0
2017-03-28 00:00:00+09:00,2521.0622280778553,2547.414794921875,2503.4938501818424,2547.414794921875,88060,0.0,0.0
2017-03-29 00:00:00+09:00,2547.414744937077,2608.904066366593,2534.2384617736093,2595.727783203125,164874,0.0,0.0
2017-03-30 00:00:00+09:00,2595.7278107471957,2604.5119996160524,2556.19896083734,2569.375244140625,96824,0.0,0.0
2017-03-31 00:00:00+09:00,2551.806889395878,2582.5515507139007,2538.6306059738686,2547.414794921875,239281,0.0,0.0
2017-04-03 00:00:00+09:00,2551.806852794829,2591.335702493888,2521.062191917783,2582.551513671875,178674,0.0,0.0
2017-04-04 00:00:00+09:00,2582.551518246912,2626.472462434785,2547.4147628966143,2578.159423828125,240126,0.0,0.0
2017-04-05 00:00:00+09:00,2591.3359226786465,2613.2963965996523,2569.375448757641,2604.51220703125,249846,0.0,0.0
2017-04-06 00:00:00+09:00,2608.904066366593,2622.08034953006,2569.37521687619,2595.727783203125,201235,0.0,0.0
2017-04-07 00:00:00+09:00,2608.9040709414726,2613.296165336997,2573.767315777278,2591.335693359375,137323,0.0,0.0
2017-04-10 00:00:00+09:00,2582.5513689159293,2626.472310564159,2481.533203125,2481.533203125,282620,0.0,0.0
2017-04-11 00:00:00+09:00,2481.533194513338,2543.022512607474,2459.5727237654323,2490.3173828125,206949,0.0,0.0
2017-04-12 00:00:00+09:00,2490.317594202553,2529.846444904181,2481.533405157747,2521.062255859375,125257,0.0,0.0
2017-04-13 00:00:00+09:00,2521.062241896393,2538.6306198887023,2499.101769406006,2534.238525390625,92947,0.0,0.0
2017-04-14 00:00:00+09:00,2534.2385441378983,2534.2385441378983,2463.965031648806,2516.670166015625,126159,0.0,0.0
2017-04-17 00:00:00+09:00,2516.6701473983157,2538.6306198887023,2481.533391413697,2534.238525390625,75420,0.0,0.0
2017-04-18 00:00:00+09:00,2538.6305922022407,2709.922275759139,2512.278025501179,2560.591064453125,2160765,0.0,0.0
2017-04-19 00:00:00+09:00,2569.3752349905503,2586.9436126656997,2538.6305740590396,2578.159423828125,310467,0.0,0.0
2017-04-20 00:00:00+09:00,2578.1591922289704,2626.472226495612,2556.1987221077698,2564.98291015625,224135,0.0,0.0
2017-04-21 00:00:00+09:00,2560.591041616842,2595.7277969048946,2551.806852794829,2582.551513671875,213100,0.0,0.0
2017-04-24 00:00:00+09:00,2600.1199286099136,2600.1199286099136,2529.846417025862,2547.414794921875,238032,0.0,0.0
2017-04-25 00:00:00+09:00,2529.846595699831,2683.5699131468696,2529.846595699831,2604.51220703125,668449,0.0,0.0
2017-04-26 00:00:00+09:00,2626.4721802783615,2626.4721802783615,2582.551240808824,2613.2958984375,167408,0.0,0.0
2017-04-27 00:00:00+09:00,2613.2961791784232,2617.6882735972104,2569.3752349905503,2578.159423828125,155167,0.0,0.0
2017-04-28 00:00:00+09:00,2578.1596931378863,2595.728072648196,2543.022934117268,2556.19921875,112191,0.0,0.0
2017-05-02 00:00:00+09:00,2556.1989562779972,2591.335711690753,2547.414767424808,2573.767333984375,122486,0.0,0.0
2017-05-04 00:00:00+09:00,2560.591041616842,2591.335702493888,2547.414758383822,2582.551513671875,86449,0.0,0.0
2017-05-08 00:00:00+09:00,2569.3751857591715,2635.256600778637,2569.3751857591715,2626.472412109375,320654,0.0,0.0
2017-05-10 00:00:00+09:00,2617.6882551422377,2622.08034953006,2573.7673112640123,2595.727783203125,173888,0.0,0.0
2017-05-11 00:00:00+09:00,2595.7277606733696,2630.8645154709784,2595.7277606733696,2617.688232421875,213163,0.0,0.0
2017-05-12 00:00:00+09:00,2608.9040801379147,2626.472457781941,2551.806852794829,2582.551513671875,148078,0.0,0.0
2017-05-15 00:00:00+09:00,2573.7672978153937,2617.6882414641204,2560.5910147207755,2608.904052734375,119266,0.0,0.0
2017-05-16 00:00:00+09:00,2626.47202772685,2626.47202772685,2490.3171232794716,2507.885498046875,402131,0.0,0.0
2017-05-17 00:00:00+09:00,2503.4936826987123,2591.3355663021757,2463.9648350771536,2472.7490234375,632710,0.0,0.0
2017-05-18 00:00:00+09:00,2455.18071306883,2455.18071306883,2389.2992985857663,2406.86767578125,300561,0.0,0.0
2017-05-19 00:00:00+09:00,2406.867905300023,2437.612568323928,2367.339052840716,2420.044189453125,176319,0.0,0.0
2017-05-22 00:00:00+09:00,2411.259797156077,2420.0439858524564,2371.7309480223707,2380.51513671875,177369,0.0,0.0
2017-05-23 00:00:00+09:00,2384.9072220746207,2406.8676937327664,2362.9467504164754,2389.29931640625,124421,0.0,0.0
2017-05-24 00:00:00+09:00,2393.691190698333,2393.691190698333,2349.7702514194643,2362.946533203125,161379,0.0,0.0
2017-05-25 00:00:00+09:00,2362.9470365435163,2442.004744085865,2340.9865622261973,2349.770751953125,437531,0.0,0.0
2017-05-26 00:00:00+09:00,2371.730993744126,2371.730993744126,2323.4179549826713,2336.59423828125,190294,0.0,0.0
2017-05-29 00:00:00+09:00,2327.8098524097286,2336.59404053203,2288.281005859375,2288.281005859375,146893,0.0,0.0
2017-05-30 00:00:00+09:00,2279.4970332513044,2323.417978015299,2279.4970332513044,2314.6337890625,165115,0.0,0.0
2017-05-31 00:00:00+09:00,2310.2416536701257,2384.9072584465366,2310.2416536701257,2354.16259765625,148107,0.0,0.0
2017-06-01 00:00:00+09:00,2354.162846816589,2358.5549416800527,2323.4181827723423,2349.770751953125,109704,0.0,0.0
2017-06-02 00:00:00+09:00,2354.1628569125237,2362.9470466771227,2288.281433678031,2340.986572265625,123703,0.0,0.0
2017-06-05 00:00:00+09:00,2340.986374805808,2345.3784693176385,2288.2812406638386,2297.0654296875,158225,0.0,0.0
2017-06-07 00:00:00+09:00,2288.2812222041034,2314.6337890625,2279.4970332513044,2314.6337890625,106758,0.0,0.0
2017-06-08 00:00:00+09:00,2292.673099920525,2319.025664287428,2283.8889117982244,2288.281005859375,112623,0.0,0.0
2017-06-09 00:00:00+09:00,2288.2812222041034,2319.0258835388995,2288.2812222041034,2314.6337890625,73914,0.0,0.0
2017-06-12 00:00:00+09:00,2406.8674724819934,2459.5725996166357,2362.946533203125,2362.946533203125,1062616,0.0,0.0
2017-06-13 00:00:00+09:00,2354.1625931098697,2384.9072538407822,2332.2021211592178,2358.5546875,162083,0.0,0.0
2017-06-14 00:00:00+09:00,2393.691424301063,2393.691424301063,2349.770480735906,2376.123046875,122645,0.0,0.0
2017-06-15 00:00:00+09:00,2376.1230928525188,2398.0835650600284,2305.8495817884886,2332.2021484375,175091,0.0,0.0
2017-06-16 00:00:00+09:00,2323.4176878521434,2362.946533203125,2323.4176878521434,2362.946533203125,115101,0.0,0.0
2017-06-19 00:00:00+09:00,2384.9072677097965,2384.9072677097965,2345.37841796875,2345.37841796875,86838,0.0,0.0
2017-06-20 00:00:00+09:00,2349.770535503308,2376.123102256616,2314.6337798322306,2323.41796875,119618,0.0,0.0
2017-06-21 00:00:00+09:00,2310.241502010012,2323.4177843408675,2261.928466796875,2261.928466796875,194474,0.0,0.0
2017-06-22 00:00:00+09:00,2257.53666460396,2283.889232673267,2209.223623143564,2218.0078125,154238,0.0,0.0
2017-06-23 00:00:00+09:00,2204.8312944598038,2239.968048156374,2204.8312944598038,2209.223388671875,95861,0.0,0.0
2017-06-26 00:00:00+09:00,2213.615500532315,2222.3996890264907,2178.4787465556115,2191.655029296875,147204,0.0,0.0
2017-06-27 00:00:00+09:00,2191.655244430693,2222.3999071782177,2174.0868657178216,2218.0078125,90644,0.0,0.0
2017-06-28 00:00:00+09:00,2218.007590332031,2222.3996845703127,2178.4787421875,2196.047119140625,141778,0.0,0.0
2017-06-29 00:00:00+09:00,2196.047101702009,2226.791761125837,2196.047101702009,2213.615478515625,88826,0.0,0.0
2017-06-30 00:00:00+09:00,2218.0078125,2253.1445699257424,2178.4789603960394,2218.0078125,150736,0.0,0.0
2017-07-03 00:00:00+09:00,2226.792021425898,2235.576210859531,2200.439453125,2200.439453125,80427,0.0,0.0
2017-07-04 00:00:00+09:00,2209.223384312221,2222.399666922433,2187.262913295201,2213.615478515625,76730,0.0,0.0
2017-07-05 00:00:00+09:00,2222.399783026903,2547.4147710585057,2204.831405295465,2336.59423828125,5620647,0.0,0.0
2017-07-06 00:00:00+09:00,2314.6337798322306,2336.5942521266543,2288.2812130789225,2323.41796875,480674,0.0,0.0
2017-07-07 00:00:00+09:00,2310.241671684093,2362.946804878407,2288.2811995197953,2336.59423828125,405668,0.0,0.0
2017-07-10 00:00:00+09:00,2323.417945890391,2354.1626068000937,2305.849568227704,2345.37841796875,231627,0.0,0.0
2017-07-11 00:00:00+09:00,2367.338946696899,2367.338946696899,2292.67333984375,2292.67333984375,198366,0.0,0.0
2017-07-12 00:00:00+09:00,2292.673528560331,2340.986572265625,2283.889338795732,2340.986572265625,176977,0.0,0.0
2017-07-13 00:00:00+09:00,2345.3786671479247,2380.5154262063206,2319.026097854128,2340.986572265625,182481,0.0,0.0
2017-07-14 00:00:00+09:00,2367.338922779293,2367.338922779293,2297.0654111569024,2314.6337890625,119763,0.0,0.0
2017-07-17 00:00:00+09:00,2310.241476165127,2310.241476165127,2270.712629614773,2288.281005859375,114181,0.0,0.0
2017-07-18 00:00:00+09:00,2288.2811995197953,2354.162616012688,2275.104916221217,2336.59423828125,153999,0.0,0.0
2017-07-19 00:00:00+09:00,2332.202382501026,2349.770762030224,2314.634002971828,2340.986572265625,77091,0.0,0.0
2017-07-20 00:00:00+09:00,2340.9862656392825,2437.6123403936244,2340.9862656392825,2402.4755859375,497339,0.0,0.0
2017-07-21 00:00:00+09:00,2411.260039440176,2415.6521342296846,2371.7311863345994,2384.907470703125,195302,0.0,0.0
2017-07-24 00:00:00+09:00,2384.9074365234374,2433.220478515625,2345.378583984375,2415.652099609375,271870,0.0,0.0
2017-07-25 00:00:00+09:00,2450.7887664419486,2547.4148468393014,2424.4361990608522,2499.101806640625,1333008,0.0,0.0
2017-07-26 00:00:00+09:00,2499.1017832473594,2547.4148229937937,2485.92549968015,2521.062255859375,622010,0.0,0.0
2017-07-27 00:00:00+09:00,2543.0226775340548,2586.943621878339,2512.278016493056,2569.375244140625,748995,0.0,0.0
2017-07-28 00:00:00+09:00,2569.375503382732,2622.0806419136597,2512.2782699742265,2556.19921875,521590,0.0,0.0
2017-07-31 00:00:00+09:00,2485.925750519012,2613.29650452087,2485.925750519012,2512.2783203125,242792,0.0,0.0
2017-08-01 00:00:00+09:00,2529.846595699831,2635.2568705206577,2485.9256478578204,2604.51220703125,368466,0.0,0.0
2017-08-02 00:00:00+09:00,2608.904089397131,2626.472467103509,2529.84638971843,2573.767333984375,323393,0.0,0.0
2017-08-03 00:00:00+09:00,2600.120172654905,2600.120172654905,2507.886180043836,2551.80712890625,126166,0.0,0.0
2017-08-04 00:00:00+09:00,2569.3751726452006,2670.393341826123,2547.4147010841307,2639.648681640625,802658,0.0,0.0
2017-08-07 00:00:00+09:00,2670.3933463541666,2674.785440673828,2617.688214518229,2635.256591796875,245255,0.0,0.0
2017-08-08 00:00:00+09:00,2626.472467103509,2635.256655956698,2551.8068618514026,2573.767333984375,276485,0.0,0.0
2017-08-09 00:00:00+09:00,2573.7673664521267,2573.7673664521267,2481.533382330122,2543.022705078125,211296,0.0,0.0
2017-08-10 00:00:00+09:00,2543.022705078125,2573.7673664521267,2490.3175712941224,2543.022705078125,170252,0.0,0.0
2017-08-11 00:00:00+09:00,2543.0227474814965,2543.0227474814965,2472.749234597725,2503.493896484375,197679,0.0,0.0
2017-08-14 00:00:00+09:00,2560.590916053922,2560.590916053922,2459.5727495543674,2463.96484375,131099,0.0,0.0
2017-08-16 00:00:00+09:00,2442.0044301722173,2477.1411845631847,2398.083487183508,2406.86767578125,312330,0.0,0.0
2017-08-17 00:00:00+09:00,2406.8677036362205,2670.3933646182886,2406.8677036362205,2617.688232421875,1145745,0.0,0.0
2017-08-18 00:00:00+09:00,2591.336097843183,2679.1779994649855,2586.9440027620926,2661.609619140625,610896,0.0,0.0
2017-08-21 00:00:00+09:00,2661.609199020463,2661.609199020463,2582.551500039657,2595.727783203125,559229,0.0,0.0
2017-08-22 00:00:00+09:00,2578.1594192608686,2736.2748180571057,2569.3752304388554,2582.551513671875,533744,0.0,0.0
2017-08-23 00:00:00+09:00,2582.551680204884,2661.609384700952,2578.1595855106584,2652.8251953125,419211,0.0,0.0
2017-08-24 00:00:00+09:00,2661.6091935952013,3048.1134989357583,2657.2170992163315,2837.29296875,10942340,0.0,0.0
2017-08-25 00:00:00+09:00,2859.253762706146,2868.037952453323,2762.627675487198,2771.411865234375,1370932,0.0,0.0
2017-08-28 00:00:00+09:00,2767.019463117733,2876.821822765262,2727.490613644622,2832.90087890625,1023940,0.0,0.0
2017-08-29 00:00:00+09:00,2832.901289506392,2947.0957600911456,2819.7250044389207,2898.78271484375,1095925,0.0,0.0
2017-08-30 00:00:00+09:00,2938.31105277843,2995.4082780192666,2894.3901102854793,2920.74267578125,815167,0.0,0.0
2017-08-31 00:00:00+09:00,2911.9587070749767,2982.232220367887,2854.861477524487,2942.703369140625,668497,0.0,0.0
2017-09-01 00:00:00+09:00,2977.839869907924,2991.016152518136,2916.3505510602677,2951.4873046875,495872,0.0,0.0
2017-09-04 00:00:00+09:00,2828.508989459705,2964.6639252877344,2819.724800051445,2868.037841796875,962360,0.0,0.0
2017-09-05 00:00:00+09:00,2907.5667749521685,3030.545430086097,2863.6458266900513,3012.97705078125,917052,0.0,0.0
2017-09-06 00:00:00+09:00,3030.545166015625,3034.937260459126,2986.624221580616,3030.545166015625,403114,0.0,0.0
2017-09-07 00:00:00+09:00,2977.840140232618,3043.721559264313,2916.350815803036,2929.527099609375,517083,0.0,0.0
2017-09-08 00:00:00+09:00,2947.095323518402,2947.095323518402,2771.411548643982,2841.68505859375,1287171,0.0,0.0
2017-09-11 00:00:00+09:00,2806.5482655047576,2841.6850200024696,2630.864493016197,2639.648681640625,1238630,0.0,0.0
2017-09-12 00:00:00+09:00,2679.177788175605,2714.3145460533183,2591.335893481323,2630.86474609375,729644,0.0,0.0
2017-09-13 00:00:00+09:00,2630.864610805633,2771.4116350890727,2630.864610805633,2758.2353515625,948183,0.0,0.0
2017-09-14 00:00:00+09:00,2758.235280389301,2788.9799411579716,2534.238466217558,2591.335693359375,1247236,0.0,0.0
2017-09-15 00:00:00+09:00,2644.0405560661766,2670.393119747899,2591.3354287027314,2613.2958984375,421741,0.0,0.0
2017-09-18 00:00:00+09:00,2582.5514555818427,2679.1775304505513,2582.5514555818427,2639.648681640625,289659,0.0,0.0
2017-09-19 00:00:00+09:00,2604.5119583695023,2648.432902018229,2547.4147316261574,2608.904052734375,334494,0.0,0.0
2017-09-20 00:00:00+09:00,2608.904294187213,2674.7857157575972,2209.2236699935493,2393.691650390625,2091698,0.0,0.0
2017-09-21 00:00:00+09:00,2376.123088176985,2428.828221371299,2288.2811995197953,2336.59423828125,719706,0.0,0.0
2017-09-25 00:00:00+09:00,2327.810154335172,2398.083668428309,2196.0473154105393,2239.96826171875,399524,0.0,0.0
2017-09-26 00:00:00+09:00,2213.6156612669242,2305.849647153046,2213.6156612669242,2270.712890625,261179,0.0,0.0
2017-09-27 00:00:00+09:00,2327.8101345908317,2340.9864183715345,2239.9682427194793,2257.53662109375,236295,0.0,0.0
2017-09-28 00:00:00+09:00,2257.536602241192,2297.0654532531976,2248.752413127413,2275.10498046875,165924,0.0,0.0
2017-09-29 00:00:00+09:00,2261.928466796875,2288.2810314585863,2253.1442785763047,2261.928466796875,237722,0.0,0.0
2017-10-10 00:00:00+09:00,2266.3207727191093,2354.1626631345785,2261.9286781983355,2292.67333984375,206188,0.0,0.0
2017-10-11 00:00:00+09:00,2283.889052447151,2446.396542717429,2283.889052447151,2389.29931640625,502762,0.0,0.0
2017-10-12 00:00:00+09:00,2362.946685627236,2499.1016061745304,2362.946685627236,2455.1806640625,424064,0.0,0.0
2017-10-13 00:00:00+09:00,2490.3174860337203,2503.4937690286074,2376.1230334113625,2389.29931640625,244878,0.0,0.0
2017-10-16 00:00:00+09:00,2389.2996577380954,2389.2996577380954,2283.8893787202383,2305.849853515625,250160,0.0,0.0
2017-10-17 00:00:00+09:00,2305.84936942763,2380.514968056715,2301.457275390625,2301.457275390625,112061,0.0,0.0
2017-10-18 00:00:00+09:00,2297.0652283785635,2323.417793140077,2178.4786869517543,2253.144287109375,201425,0.0,0.0
2017-10-19 00:00:00+09:00,2248.7524557956776,2275.1050236370334,2235.576171875,2235.576171875,181728,0.0,0.0
2017-10-20 00:00:00+09:00,2235.5761202298677,2288.281254695012,2231.184025691106,2283.88916015625,142988,0.0,0.0
2017-10-23 00:00:00+09:00,2310.2417369238656,2310.2417369238656,2253.1445076843024,2275.10498046875,117211,0.0,0.0
2017-10-24 00:00:00+09:00,2248.7523900573615,2323.4179967584846,2248.7523900573615,2297.0654296875,157666,0.0,0.0
2017-10-25 00:00:00+09:00,2345.378450397296,2345.378450397296,2288.2812222041034,2314.6337890625,141773,0.0,0.0
2017-10-26 00:00:00+09:00,2297.0654532531976,2327.810115151424,2275.10498046875,2275.10498046875,120281,0.0,0.0
2017-10-27 00:00:00+09:00,2275.1049297022687,2393.691480092155,2261.9286463256144,2323.41796875,605461,0.0,0.0
2017-10-30 00:00:00+09:00,2323.418264635266,2336.5945496899085,2279.497314453125,2279.497314453125,162897,0.0,0.0
2017-10-31 00:00:00+09:00,2310.2417179268436,2310.2417179268436,2261.9286781983355,2292.67333984375,115701,0.0,0.0
2017-11-01 00:00:00+09:00,2288.2812040224812,2332.2021484375,2270.7128262564734,2332.2021484375,193120,0.0,0.0
2017-11-02 00:00:00+09:00,2332.20193364966,2345.378215760675,2275.104711168595,2301.457275390625,232928,0.0,0.0
2017-11-03 00:00:00+09:00,2301.457309456759,2319.025685864826,2266.320556640625,2266.320556640625,187654,0.0,0.0
2017-11-06 00:00:00+09:00,2266.320791354971,2292.673358696308,2244.3603185705238,2275.10498046875,178733,0.0,0.0
2017-11-07 00:00:00+09:00,2275.1049994680207,2283.8891886551555,2235.576148125912,2257.53662109375,118636,0.0,0.0
2017-11-08 00:00:00+09:00,2257.53637268659,2279.4968432380156,2239.967996245449,2261.928466796875,152121,0.0,0.0
2017-11-09 00:00:00+09:00,2275.1047491277304,2310.241502010012,2239.967996245449,2261.928466796875,218852,0.0,0.0
2017-11-10 00:00:00+09:00,2261.928483996606,2279.4968605713366,2239.9680132781923,2244.360107421875,172128,0.0,0.0
2017-11-13 00:00:00+09:00,2257.53662109375,2261.9287156873174,2231.1840535323445,2257.53662109375,185768,0.0,0.0
2017-11-14 00:00:00+09:00,2266.3208738772455,2270.7129685940617,2196.0473584081838,2200.439453125,308543,0.0,0.0
2017-11-15 00:00:00+09:00,2204.831371166088,2213.6155598958335,2116.989483868634,2134.557861328125,541830,0.0,0.0
2017-11-16 00:00:00+09:00,2116.98968197601,2200.439482717803,2116.98968197601,2174.0869140625,316602,0.0,0.0
2017-11-17 00:00:00+09:00,2196.0471324037976,2209.2234151982207,2165.3024725501446,2182.870849609375,143635,0.0,0.0
2017-11-20 00:00:00+09:00,2187.2629306640624,2226.791778808594,2152.1261767578126,2196.047119140625,301207,0.0,0.0
2017-11-21 00:00:00+09:00,2218.0078618213383,2218.0078618213383,2138.9501558554293,2174.0869140625,223290,0.0,0.0
2017-11-22 00:00:00+09:00,2182.870913298234,2182.870913298234,2099.421119832104,2121.381591796875,563107,0.0,0.0
2017-11-23 00:00:00+09:00,2134.557625258264,2169.694376291322,2116.9892497417354,2125.7734375,298010,0.0,0.0
2017-11-24 00:00:00+09:00,2143.3418130165287,2156.5180946539253,2099.4208742252063,2125.7734375,393349,0.0,0.0
2017-11-27 00:00:00+09:00,2125.7737422870223,2138.950025813595,2064.2844191630174,2068.676513671875,381413,0.0,0.0
2017-11-28 00:00:00+09:00,2077.460716834435,2090.637000450721,2055.500244140625,2055.500244140625,256429,0.0,0.0
2017-11-29 00:00:00+09:00,2055.500202682783,2191.655130638266,2037.9318248820755,2095.029052734375,574332,0.0,0.0
2017-11-30 00:00:00+09:00,2090.636958284198,2116.9895249852593,2073.0685804834907,2095.029052734375,185740,0.0,0.0
2017-12-01 00:00:00+09:00,2099.421119832104,2125.7736861898293,2077.460647867333,2121.381591796875,153460,0.0,0.0
2017-12-04 00:00:00+09:00,2125.7736999511717,2138.949983215332,2090.636944580078,2108.205322265625,141668,0.0,0.0
2017-12-05 00:00:00+09:00,2108.2053086180126,2160.910441333463,2064.2843646884708,2121.381591796875,494198,0.0,0.0
2017-12-06 00:00:00+09:00,2121.381825869845,2301.4577158505153,2108.2055412371133,2130.166015625,1805880,0.0,0.0
2017-12-07 00:00:00+09:00,2138.950205380155,2187.263249033505,2116.989730992268,2130.166015625,326627,0.0,0.0
2017-12-08 00:00:00+09:00,2147.7342245594014,2169.6946972031583,2059.892333984375,2059.892333984375,396590,0.0,0.0
2017-12-11 00:00:00+09:00,2055.5002209137156,2095.0290713159025,2055.5002209137156,2077.460693359375,113483,0.0,0.0
2017-12-12 00:00:00+09:00,2073.068351133966,2108.2051028481014,2068.6762571696995,2081.8525390625,138591,0.0,0.0
2017-12-13 00:00:00+09:00,2081.852769383844,2108.2053360849054,2064.2843915831368,2095.029052734375,140792,0.0,0.0
2017-12-14 00:00:00+09:00,2086.244863834021,2099.421147184552,2055.500202682783,2095.029052734375,135231,0.0,0.0
2017-12-15 00:00:00+09:00,2103.813237018665,2108.205331459205,2064.284387053805,2099.421142578125,126218,0.0,0.0
2017-12-18 00:00:00+09:00,2099.421326929209,2178.4790338010207,2090.637137276786,2152.12646484375,348549,0.0,0.0
2017-12-19 00:00:00+09:00,2178.478828287422,2178.478828287422,2073.068562402547,2112.597412109375,201156,0.0,0.0
2017-12-21 00:00:00+09:00,2042.3239374463199,2086.2448823376385,2042.3239374463199,2077.460693359375,220796,0.0,0.0
2017-12-22 00:00:00+09:00,2077.4604450982333,2090.636726991034,2051.107881312632,2081.8525390625,80016,0.0,0.0
2017-12-26 00:00:00+09:00,2073.068627040953,2077.4607215897686,2037.9318706504282,2051.108154296875,153307,0.0,0.0
2017-12-27 00:00:00+09:00,2077.46071209938,2077.46071209938,2037.9318613406183,2059.892333984375,56363,0.0,0.0
2017-12-28 00:00:00+09:00,2046.7158203125,2064.2841964525214,2037.9316322424893,2046.7158203125,120191,0.0,0.0
2018-01-02 00:00:00+09:00,2068.676527756911,2068.676527756911,2042.3239605243389,2055.500244140625,122501,0.0,0.0
2018-01-03 00:00:00+09:00,2046.7159959313278,2134.557884168724,2046.7159959313278,2112.597412109375,307251,0.0,0.0
2018-01-04 00:00:00+09:00,2116.989501953125,2152.1262571722636,2112.5974075507324,2116.989501953125,208502,0.0,0.0
2018-01-05 00:00:00+09:00,2121.3817249644885,2222.39990234375,2121.3817249644885,2222.39990234375,666161,0.0,0.0
2018-01-08 00:00:00+09:00,2239.968285891089,2275.1050433168316,2178.4789603960394,2218.0078125,500639,0.0,0.0
2018-01-09 00:00:00+09:00,2213.6156939338234,2261.9287348728553,2178.478936887255,2239.96826171875,278727,0.0,0.0
2018-01-10 00:00:00+09:00,2235.576364270984,2305.84988456241,2209.223794161699,2279.497314453125,611448,0.0,0.0
2018-01-11 00:00:00+09:00,2288.281468612613,2345.3787029541945,2288.281468612613,2310.241943359375,567552,0.0,0.0
2018-01-12 00:00:00+09:00,2327.8101444244385,2327.8101444244385,2248.75244140625,2248.75244140625,338467,0.0,0.0
2018-01-15 00:00:00+09:00,2279.4968518708883,2283.888945997807,2204.8312517132676,2253.144287109375,148155,0.0,0.0
2018-01-16 00:00:00+09:00,2218.007542559779,2266.3205781402885,2187.2628835539995,2244.360107421875,222708,0.0,0.0
2018-01-17 00:00:00+09:00,2244.3602596074625,2384.9072817355227,2239.9681651659603,2332.2021484375,662510,0.0,0.0
2018-01-18 00:00:00+09:00,2327.8102876187268,2367.339141559422,2323.418192736427,2340.986572265625,210734,0.0,0.0
2018-01-19 00:00:00+09:00,2362.9467415722297,2437.61234493046,2336.59417568109,2398.08349609375,714735,0.0,0.0
2018-01-22 00:00:00+09:00,2468.3572413265597,2507.8860939456686,2411.260009765625,2411.260009765625,401942,0.0,0.0
2018-01-23 00:00:00+09:00,2446.39653356084,2463.9649108216004,2371.7309302026097,2398.08349609375,324299,0.0,0.0
2018-01-24 00:00:00+09:00,2433.2200894290454,2564.98291015625,2398.083337235124,2564.98291015625,988683,0.0,0.0
2018-01-25 00:00:00+09:00,2569.3754198077527,2648.4331250326068,2534.2386619300396,2630.86474609375,1212634,0.0,0.0
2018-01-26 00:00:00+09:00,2635.256600778637,2635.256600778637,2521.0621480782297,2626.472412109375,505275,0.0,0.0
2018-01-29 00:00:00+09:00,2582.5517331102446,2617.688491383853,2551.807069620837,2604.51220703125,356578,0.0,0.0
2018-01-30 00:00:00+09:00,2600.1197365520284,2630.864395599096,2428.828064718364,2490.3173828125,554092,0.0,0.0
2018-01-31 00:00:00+09:00,2494.7097996540383,2516.670273242542,2345.3785792522117,2420.044189453125,466312,0.0,0.0
2018-02-01 00:00:00+09:00,2446.396309407552,2446.396309407552,2327.809773763021,2371.730712890625,473290,0.0,0.0
2018-02-02 00:00:00+09:00,2380.515462549014,2393.691747397071,2226.792139321679,2310.241943359375,547733,0.0,0.0
2018-02-05 00:00:00+09:00,2275.1050187653186,2371.7311006433824,2213.6156939338234,2239.96826171875,394694,0.0,0.0
2018-02-07 00:00:00+09:00,2327.810174391675,2340.9864583976655,2200.4394290004325,2222.39990234375,316380,0.0,0.0
2018-02-08 00:00:00+09:00,2218.007500880968,2288.281005859375,2213.6154068198175,2288.281005859375,167475,0.0,0.0
2018-02-09 00:00:00+09:00,2182.8708947277655,2200.4392721501217,2116.9894793939297,2138.949951171875,496069,0.0,0.0
2018-02-12 00:00:00+09:00,2138.9500162072213,2156.518394163749,2059.8923154028475,2077.460693359375,279847,0.0,0.0
2018-02-13 00:00:00+09:00,2073.068603515625,2108.2053595074153,2068.6765090166514,2073.068603515625,167904,0.0,0.0
2018-02-14 00:00:00+09:00,2073.068310950413,2125.7734375,2073.068310950413,2125.7734375,92681,0.0,0.0
2018-02-19 00:00:00+09:00,2125.773594447545,2218.007572719029,2116.9894060407364,2213.615478515625,175521,0.0,0.0
2018-02-20 00:00:00+09:00,2196.0473201129666,2248.7524557956776,2196.0473201129666,2235.576171875,148106,0.0,0.0
2018-02-21 00:00:00+09:00,2253.1445456112133,2261.9287348728553,2213.6156939338234,2239.96826171875,56209,0.0,0.0
2018-02-22 00:00:00+09:00,2248.7522365805166,2248.7522365805166,2187.2629176115183,2209.223388671875,79811,0.0,0.0
2018-02-23 00:00:00+09:00,2196.047106035661,2235.575953944303,2178.478729187376,2209.223388671875,90103,0.0,0.0
2018-02-26 00:00:00+09:00,2209.223657324611,2248.752510040161,2182.871088847578,2187.26318359375,145352,0.0,0.0
2018-02-27 00:00:00+09:00,2196.047596722485,2231.184358270045,2169.6950255618153,2204.831787109375,114786,0.0,0.0
2018-02-28 00:00:00+09:00,2204.8315825056934,2222.399961649165,2165.302729432882,2169.69482421875,91418,0.0,0.0
2018-03-07 00:00:00+09:00,2130.1659907126914,2204.831602758291,2125.7738958864797,2152.12646484375,80249,0.0,0.0
2018-03-08 00:00:00+09:00,2182.8711286272323,2187.263223453444,2121.381801060268,2152.12646484375,66152,0.0,0.0
2018-03-09 00:00:00+09:00,2174.086683319836,2174.086683319836,2138.9499288419397,2160.910400390625,40366,0.0,0.0
2018-03-12 00:00:00+09:00,2152.126369102328,2253.1445456112133,2125.773801317402,2239.96826171875,246288,0.0,0.0
2018-03-13 00:00:00+09:00,2213.6156939338234,2253.1445456112133,2204.8315046721814,2239.96826171875,103048,0.0,0.0
2018-03-14 00:00:00+09:00,2253.144379498972,2911.9585255513025,2226.7918136568783,2402.4755859375,25252510,0.0,0.0
2018-03-15 00:00:00+09:00,2415.6521242474196,2538.63077784547,2376.123271305189,2393.691650390625,4013791,0.0,0.0
2018-03-16 00:00:00+09:00,2380.515109988025,2446.396524471088,2354.1625441947995,2406.86767578125,1549163,0.0,0.0
2018-03-19 00:00:00+09:00,2398.08356979658,2415.6519475972877,2327.81005859375,2327.81005859375,983308,0.0,0.0
2018-03-20 00:00:00+09:00,2297.0654343645233,2340.986379572258,2257.5365836775622,2292.67333984375,841604,0.0,0.0
2018-03-21 00:00:00+09:00,2323.417959554496,2433.220320592043,2323.417959554496,2332.2021484375,2311217,0.0,0.0
2018-03-22 00:00:00+09:00,2336.5944280185313,2415.6521342296846,2319.026048860497,2384.907470703125,864110,0.0,0.0
2018-03-23 00:00:00+09:00,2332.2020220075333,2367.3387756347656,2213.615478515625,2213.615478515625,642482,0.0,0.0
2018-03-26 00:00:00+09:00,2178.4789603960394,2257.53666460396,2143.342202970297,2218.0078125,634371,0.0,0.0
2018-03-27 00:00:00+09:00,2213.615607277883,2398.08357455104,2191.6551349834594,2323.41796875,1591184,0.0,0.0
2018-03-28 00:00:00+09:00,2310.2417179268436,2332.202190530711,2261.9286781983355,2292.67333984375,627610,0.0,0.0
2018-03-29 00:00:00+09:00,2310.2417132229925,2362.9468473649617,2279.497051640177,2297.0654296875,644120,0.0,0.0
2018-03-30 00:00:00+09:00,2415.651942826036,2521.0622094220807,2314.6337706714926,2332.2021484375,4760223,0.0,0.0
2018-04-02 00:00:00+09:00,2358.554656084846,2411.2597880643957,2336.5941844267004,2389.29931640625,824511,0.0,0.0
2018-04-03 00:00:00+09:00,2349.7704987197394,2406.8677257914337,2336.594215549348,2358.5546875,657149,0.0,0.0
2018-04-04 00:00:00+09:00,2371.730970670391,2406.8677257914337,2314.6337435986966,2358.5546875,642729,0.0,0.0
2018-04-05 00:00:00+09:00,2354.16249720483,2472.749040907312,2336.5941203600178,2455.1806640625,1865155,0.0,0.0
2018-04-06 00:00:00+09:00,2450.7888475501018,2490.317699929942,2389.299521625906,2424.436279296875,1011135,0.0,0.0
2018-04-09 00:00:00+09:00,2415.6518075980393,2499.1015973150625,2362.9466772504456,2463.96484375,927379,0.0,0.0
2018-04-10 00:00:00+09:00,2485.9255805024127,2490.317675167611,2406.8678765288378,2446.396728515625,623052,0.0,0.0
2018-04-11 00:00:00+09:00,2446.396542717429,2459.572825712316,2380.515127742992,2389.29931640625,474535,0.0,0.0
2018-04-12 00:00:00+09:00,2406.8677397881556,2420.044023035171,2327.810040306063,2345.37841796875,465259,0.0,0.0
2018-04-13 00:00:00+09:00,2371.730895335063,2450.788591846232,2327.8099528288585,2433.22021484375,714421,0.0,0.0
2018-04-16 00:00:00+09:00,2433.2204541455517,2455.180927558418,2389.29950731982,2437.612548828125,544944,0.0,0.0
2018-04-17 00:00:00+09:00,2437.6124827514004,2564.9832250933655,2437.6124827514004,2499.101806640625,1706497,0.0,0.0
2018-04-18 00:00:00+09:00,2503.4936826987123,2564.983001221137,2428.8280816357683,2472.7490234375,891900,0.0,0.0
2018-04-19 00:00:00+09:00,2499.1020151774087,2538.630869547526,2402.4759267171225,2529.8466796875,1156128,0.0,0.0
2018-04-20 00:00:00+09:00,2556.1990120385994,2613.29624082984,2499.1017832473594,2521.062255859375,1318921,0.0,0.0
2018-04-23 00:00:00+09:00,2556.1991052576013,2556.1991052576013,2420.044170097832,2437.612548828125,579422,0.0,0.0
2018-04-24 00:00:00+09:00,2463.9650926862446,2499.1018498012,2393.691578456334,2459.572998046875,539339,0.0,0.0
2018-04-25 00:00:00+09:00,2420.0439320918886,2499.101628603057,2354.1625183325814,2433.22021484375,399415,0.0,0.0
2018-04-26 00:00:00+09:00,2415.6518960836415,2477.1412170748613,2367.338858161969,2376.123046875,367367,0.0,0.0
2018-04-27 00:00:00+09:00,2393.6914107378793,2442.0044483857996,2371.7309390797336,2389.29931640625,254973,0.0,0.0
2018-04-30 00:00:00+09:00,2415.6518075980393,2617.688140597148,2310.241546902852,2463.96484375,1956880,0.0,0.0
2018-05-02 00:00:00+09:00,2468.3570809994103,2573.7673478036554,2424.436136497641,2560.591064453125,1530784,0.0,0.0
2018-05-03 00:00:00+09:00,2648.43302180017,2687.9618728718146,2468.3571446960127,2499.101806640625,1963874,0.0,0.0
2018-05-04 00:00:00+09:00,2503.4938731317934,2560.5911018172555,2468.357117017663,2525.454345703125,458413,0.0,0.0
2018-05-08 00:00:00+09:00,2507.8860787654266,2556.1991205630097,2415.6520898791327,2424.436279296875,584327,0.0,0.0
2018-05-09 00:00:00+09:00,2424.436279296875,2485.9256052210712,2349.7706692460656,2424.436279296875,547162,0.0,0.0
2018-05-10 00:00:00+09:00,2428.8280901849375,2525.4541624888593,2428.8280901849375,2463.96484375,501913,0.0,0.0
2018-05-11 00:00:00+09:00,2485.9258339422213,2485.9258339422213,2415.652312134667,2442.0048828125,306530,0.0,0.0
2018-05-14 00:00:00+09:00,2477.141203038833,2477.141203038833,2384.9072220746207,2389.29931640625,386616,0.0,0.0
2018-05-15 00:00:00+09:00,2420.043976727654,2424.436071059283,2371.7309390797336,2389.29931640625,231689,0.0,0.0
2018-05-16 00:00:00+09:00,2358.5545327829764,2371.7308150890262,2261.9284625386085,2266.320556640625,545036,0.0,0.0
2018-05-17 00:00:00+09:00,2340.9863419442804,2463.9649865492333,2283.889114091981,2327.81005859375,923575,0.0,0.0
2018-05-18 00:00:00+09:00,2332.2020988886648,2402.475608459698,2332.2020988886648,2380.51513671875,201472,0.0,0.0
2018-05-21 00:00:00+09:00,2358.5549416800527,2402.4758903146903,2349.770751953125,2349.770751953125,138435,0.0,0.0
2018-05-23 00:00:00+09:00,2327.8102384395143,2455.1809873352613,2327.8102384395143,2384.907470703125,818613,0.0,0.0
2018-05-24 00:00:00+09:00,2406.86768472413,2446.39653356084,2349.7704586266595,2398.08349609375,380113,0.0,0.0
2018-05-25 00:00:00+09:00,2332.2021484375,2371.730998411017,2323.417959554496,2332.2021484375,260291,0.0,0.0
2018-05-28 00:00:00+09:00,2371.7310377038043,2784.587922044837,2319.0259035326085,2525.454345703125,6321289,0.0,0.0
2018-05-29 00:00:00+09:00,2525.454345703125,2600.119952445652,2455.180833474864,2525.454345703125,1815160,0.0,0.0
2018-05-30 00:00:00+09:00,2573.7672368099816,2753.843101501465,2529.8462942023025,2670.393310546875,9863091,0.0,0.0
2018-05-31 00:00:00+09:00,2894.3901419821464,3034.93715949873,2617.688201246372,2648.432861328125,11826600,0.0,0.0
2018-06-01 00:00:00+09:00,2652.824875553097,2657.21696971792,2468.356920630531,2481.533203125,2392503,0.0,0.0
2018-06-04 00:00:00+09:00,2507.885794596936,2521.0620772305456,2420.0439103728754,2455.1806640625,1059933,0.0,0.0
2018-06-05 00:00:00+09:00,2459.572878892918,2696.745977929021,2455.1807844663235,2573.767333984375,5614318,0.0,0.0
2018-06-07 00:00:00+09:00,2613.2959702435664,2613.2959702435664,2516.669900755569,2538.63037109375,939504,0.0,0.0
2018-06-08 00:00:00+09:00,2600.1199145047167,2630.864575655955,2503.4938366008255,2560.591064453125,1167543,0.0,0.0
2018-06-11 00:00:00+09:00,2525.454378799653,2569.375324517908,2494.709716796875,2494.709716796875,635360,0.0,0.0
2018-06-12 00:00:00+09:00,2494.709561758668,2507.885844655281,2389.2992985857663,2406.86767578125,823176,0.0,0.0
2018-06-14 00:00:00+09:00,2376.1228149867857,2406.8674724819934,2354.162345347351,2362.946533203125,517318,0.0,0.0
2018-06-15 00:00:00+09:00,2362.946986991112,2433.2205033328555,2362.946986991112,2393.691650390625,340749,0.0,0.0
2018-06-18 00:00:00+09:00,2389.299191497093,2389.299191497093,2244.3600861305417,2266.320556640625,560040,0.0,0.0
2018-06-19 00:00:00+09:00,2257.5362243030804,2288.2808810542897,2156.51806640625,2156.51806640625,522012,0.0,0.0
2018-06-20 00:00:00+09:00,2134.557745682566,2253.144287109375,2134.557745682566,2253.144287109375,314025,0.0,0.0
2018-06-21 00:00:00+09:00,2222.3996979926433,2266.3206406407194,2182.870849609375,2182.870849609375,200975,0.0,0.0
2018-06-22 00:00:00+09:00,2187.263007691188,2204.831385263005,2108.2053086180126,2121.381591796875,242453,0.0,0.0
2018-06-25 00:00:00+09:00,2086.2450138215095,2182.87109867219,2086.2450138215095,2178.47900390625,188752,0.0,0.0
2018-06-26 00:00:00+09:00,2147.7343308782,2244.3604152939884,2147.7343308782,2187.26318359375,166445,0.0,0.0
2018-06-27 00:00:00+09:00,2196.0472059349013,2209.2234891705107,2108.205317697505,2112.597412109375,172774,0.0,0.0
2018-06-28 00:00:00+09:00,2103.813246270188,2152.126285328585,2081.8527739709166,2090.636962890625,189283,0.0,0.0
2018-06-29 00:00:00+09:00,2099.4211752338774,2130.16583679588,2020.3634740744428,2068.676513671875,316787,0.0,0.0
2018-07-02 00:00:00+09:00,2077.46064453125,2081.8527389171513,1871.0322083938954,1888.6005859375,620897,0.0,0.0
2018-07-03 00:00:00+09:00,1897.3848781322004,1998.4030545142389,1866.6402157550583,1906.1690673828125,297192,0.0,0.0
2018-07-04 00:00:00+09:00,1875.4242374034409,1958.8740278265448,1875.4242374034409,1954.48193359375,131501,0.0,0.0
2018-07-05 00:00:00+09:00,1954.4820017260174,1972.0503792696222,1875.4243027797966,1888.6005859375,185480,0.0,0.0
2018-07-06 00:00:00+09:00,1884.2084343697095,1945.69775390625,1866.6400573592693,1945.69775390625,151429,0.0,0.0
2018-07-09 00:00:00+09:00,1945.6979092939184,1950.0900038972907,1892.992774053451,1914.9532470703125,117388,0.0,0.0
2018-07-10 00:00:00+09:00,1928.1295521274958,2064.284486332399,1923.7374574757248,2007.187255859375,274572,0.0,0.0
2018-07-11 00:00:00+09:00,2007.1872320794441,2077.4607456752233,2007.1872320794441,2029.147705078125,214017,0.0,0.0
2018-07-12 00:00:00+09:00,2033.5397996778613,2046.71608347707,1976.4425698812906,2029.147705078125,99597,0.0,0.0
2018-07-13 00:00:00+09:00,2020.3634740744428,2099.4211752338774,2020.3634740744428,2068.676513671875,201831,0.0,0.0
2018-07-16 00:00:00+09:00,2068.6764905913537,2103.813246270188,2029.1476404526654,2090.636962890625,78489,0.0,0.0
2018-07-17 00:00:00+09:00,2086.244925137224,2239.968235410493,2037.931884765625,2037.931884765625,553402,0.0,0.0
2018-07-18 00:00:00+09:00,2042.32408009001,2292.6734834558824,2042.32408009001,2165.302734375,2224218,0.0,0.0
2018-07-19 00:00:00+09:00,2165.30259286674,2213.615632464172,2064.2844191630174,2068.676513671875,439456,0.0,0.0
2018-07-20 00:00:00+09:00,2068.6764905913537,2134.5579074891675,2051.108112751937,2090.636962890625,227844,0.0,0.0
2018-07-23 00:00:00+09:00,2112.5974351898963,2209.22351330669,2064.2843961314998,2090.636962890625,453501,0.0,0.0
2018-07-24 00:00:00+09:00,2116.989558053524,2134.557936128657,2042.3239512342086,2064.284423828125,281830,0.0,0.0
2018-07-25 00:00:00+09:00,2033.5397616549656,2090.6369903839386,1950.0899658203125,1950.0899658203125,415382,0.0,0.0
2018-07-26 00:00:00+09:00,1954.4821485024597,1985.2268115126108,1950.090053786724,1980.834716796875,139807,0.0,0.0
2018-07-27 00:00:00+09:00,1980.834310866747,2037.9315304704448,1958.8738417884017,2024.7552490234375,130944,0.0,0.0
2018-07-30 00:00:00+09:00,1998.4028108016305,2064.284222146739,1994.0107167119565,2020.36328125,63338,0.0,0.0
2018-07-31 00:00:00+09:00,1998.4030428799717,2033.5397996778613,1994.0109482802354,2029.147705078125,105394,0.0,0.0
2018-08-01 00:00:00+09:00,2029.1476769080527,2064.284433218149,2015.9713932917668,2055.500244140625,104163,0.0,0.0
2018-08-02 00:00:00+09:00,2055.5002488456907,2095.0290997850307,1998.403019711088,2051.108154296875,131222,0.0,0.0
2018-08-03 00:00:00+09:00,2086.244896422041,2086.244896422041,2037.9318567154255,2064.284423828125,61584,0.0,0.0
2018-08-06 00:00:00+09:00,2046.716201551532,2099.4213397889107,2024.7557272859576,2033.5399169921875,71136,0.0,0.0
2018-08-07 00:00:00+09:00,2055.5002726765424,2064.2844618760146,2002.7951374797078,2029.147705078125,77941,0.0,0.0
2018-08-08 00:00:00+09:00,2033.539907016549,2059.8924760059645,2020.3636225218413,2042.3240966796875,74771,0.0,0.0
2018-08-09 00:00:00+09:00,2046.7161915112567,2064.2845708375335,2007.1873380271338,2042.3240966796875,113724,0.0,0.0
2018-08-10 00:00:00+09:00,2042.3239028191251,2046.7159972337897,1958.8741089404941,1994.0108642578125,170907,0.0,0.0
2018-08-13 00:00:00+09:00,1994.0108369118072,1994.0108369118072,1901.77685546875,1901.77685546875,145367,0.0,0.0
2018-08-14 00:00:00+09:00,1901.7770260402135,1972.050542013986,1901.7770260402135,1967.658447265625,72039,0.0,0.0
2018-08-16 00:00:00+09:00,1954.4820603379258,1954.4820603379258,1871.0322645032727,1950.0899658203125,92351,0.0,0.0
2018-08-17 00:00:00+09:00,1972.0502886284721,1985.2265711805555,1932.5214409722223,1976.4423828125,51918,0.0,0.0
2018-08-20 00:00:00+09:00,1998.4029818324575,2002.7950762980233,1958.874131642365,1972.0504150390625,57147,0.0,0.0
2018-08-21 00:00:00+09:00,1958.8742384108823,2002.7951854604537,1950.090049000968,1985.226806640625,101105,0.0,0.0
2018-08-22 00:00:00+09:00,2002.7950692806603,2174.086752837559,2002.7950692806603,2095.029052734375,2126402,0.0,0.0
2018-08-23 00:00:00+09:00,2112.59745876045,2160.9104983578823,2055.500230145303,2068.676513671875,428909,0.0,0.0
2018-08-24 00:00:00+09:00,2059.8923154028475,2095.0290713159025,2051.1081264245836,2077.460693359375,175022,0.0,0.0
2018-08-27 00:00:00+09:00,2086.2448233145255,2143.3420500578704,2064.284351490162,2134.557861328125,346842,0.0,0.0
2018-08-28 00:00:00+09:00,2121.381614780825,2143.342086983525,2073.068575934885,2099.421142578125,198465,0.0,0.0
2018-08-29 00:00:00+09:00,2081.852787848507,2116.989543761562,2068.676504381111,2077.460693359375,94988,0.0,0.0
2018-08-30 00:00:00+09:00,2081.8524987086776,2134.557625258264,2081.8524987086776,2125.7734375,207952,0.0,0.0
2018-08-31 00:00:00+09:00,2147.7341720581053,2147.7341720581053,2086.2448501586914,2108.205322265625,108913,0.0,0.0
2018-09-03 00:00:00+09:00,2108.205345394737,2125.7737232730265,2081.8527785773026,2086.244873046875,99212,0.0,0.0
2018-09-04 00:00:00+09:00,2077.4604048295455,2130.165531379132,2077.4604048295455,2125.7734375,170512,0.0,0.0
2018-09-05 00:00:00+09:00,2125.7736907579097,2160.9104459770488,2103.813218745948,2116.989501953125,197376,0.0,0.0
2018-09-06 00:00:00+09:00,2116.9895157147052,2130.1657990075355,2081.8527602671584,2103.813232421875,129689,0.0,0.0
2018-09-07 00:00:00+09:00,2103.813260294166,2112.59744927243,2068.676504381111,2077.460693359375,97532,0.0,0.0
2018-09-10 00:00:00+09:00,2077.460679511062,2103.813246270188,2059.8923016716453,2090.636962890625,68437,0.0,0.0
2018-09-11 00:00:00+09:00,2090.636686466942,2156.5180946539253,2090.636686466942,2125.7734375,173252,0.0,0.0
2018-09-12 00:00:00+09:00,2112.59759682429,2174.086923966785,2099.4213124366124,2165.302734375,266185,0.0,0.0
2018-09-13 00:00:00+09:00,2187.263223453444,2187.263223453444,2143.3422751913267,2152.12646484375,170738,0.0,0.0
2018-09-14 00:00:00+09:00,2174.0867291842255,2174.0867291842255,2095.029029941163,2116.989501953125,174446,0.0,0.0
2018-09-17 00:00:00+09:00,2116.9895157147052,2147.7341767313087,2090.636949129045,2103.813232421875,86707,0.0,0.0
2018-09-18 00:00:00+09:00,2103.8132232856356,2138.949978580594,2103.8132232856356,2112.597412109375,75943,0.0,0.0
2018-09-19 00:00:00+09:00,2130.165993311072,2134.5580881426413,2015.971527690272,2042.3240966796875,193497,0.0,0.0
2018-09-20 00:00:00+09:00,2046.7160739240976,2073.068641399515,2007.1872227109711,2037.931884765625,98821,0.0,0.0
2018-09-21 00:00:00+09:00,2046.7160597480595,2099.4211943338464,2024.7555870039816,2051.108154296875,36477,0.0,0.0
2018-09-27 00:00:00+09:00,2051.108112751937,2112.5974351898963,2051.108112751937,2090.636962890625,98067,0.0,0.0
2018-09-28 00:00:00+09:00,2073.068603515625,2099.4211705094676,2055.50022551973,2073.068603515625,79232,0.0,0.0
2018-10-01 00:00:00+09:00,2090.6369768267705,2095.0290713159025,2024.7555594897924,2077.460693359375,77668,0.0,0.0
2018-10-02 00:00:00+09:00,2059.892391680628,2095.0291488947964,1998.403066555833,2007.187255859375,109574,0.0,0.0
2018-10-04 00:00:00+09:00,2020.3634781021256,2020.3634781021256,1928.129493232246,1950.0899658203125,126422,0.0,0.0
2018-10-05 00:00:00+09:00,1919.3453416736847,1967.6583823107799,1862.2481118298451,1914.9532470703125,174154,0.0,0.0
2018-10-08 00:00:00+09:00,1879.8164535384994,1985.226721961219,1879.8164535384994,1950.0899658203125,91699,0.0,0.0
2018-10-10 00:00:00+09:00,1958.8741744036836,1967.65836352657,1800.758770191727,1818.3271484375,147495,0.0,0.0
2018-10-11 00:00:00+09:00,1712.9168198887546,1805.150802498149,1708.5247254787835,1761.2298583984375,398218,0.0,0.0
2018-10-12 00:00:00+09:00,1673.387957280225,1796.3665998100053,1673.387957280225,1774.4061279296875,139780,0.0,0.0
2018-10-15 00:00:00+09:00,1805.1508836699695,1906.1690596417684,1783.190410632622,1800.7587890625,162274,0.0,0.0
2018-10-16 00:00:00+09:00,1822.7192242636065,1844.6796968450958,1712.9168613561603,1835.8955078125,90116,0.0,0.0
2018-10-17 00:00:00+09:00,1849.0716380399815,1879.8162971047793,1835.8953555836397,1866.6400146484375,64541,0.0,0.0
2018-10-18 00:00:00+09:00,1871.0323985173152,1994.0110538189228,1796.3667863699106,1827.1114501953125,286731,0.0,0.0
2018-10-19 00:00:00+09:00,1809.5430708665115,1827.1114501953125,1756.8379328801082,1827.1114501953125,79919,0.0,0.0
2018-10-22 00:00:00+09:00,1835.895526683273,1849.0718103676027,1800.758770191727,1818.3271484375,30203,0.0,0.0
2018-10-23 00:00:00+09:00,1862.2479919582822,2011.5791988605974,1796.3665771484375,1796.3665771484375,2059067,0.0,0.0
2018-10-24 00:00:00+09:00,1800.7588429080513,1879.8165482064537,1739.2695165648497,1752.44580078125,253071,0.0,0.0
2018-10-25 00:00:00+09:00,1677.780029296875,1739.2693497423102,1629.466991804033,1677.780029296875,375026,0.0,0.0
2018-10-26 00:00:00+09:00,1721.7008317240168,1721.7008317240168,1563.58544921875,1563.58544921875,284207,0.0,0.0
2018-10-29 00:00:00+09:00,1515.272546311829,1581.153961368865,1392.2939048720284,1431.82275390625,423327,0.0,0.0
2018-10-30 00:00:00+09:00,1365.9413972477646,1488.9200439453125,1365.9413972477646,1488.9200439453125,308342,0.0,0.0
2018-10-31 00:00:00+09:00,1515.2725426625398,1563.5855802546787,1458.1753164172846,1554.8013916015625,126313,0.0,0.0
2018-11-01 00:00:00+09:00,1546.0172596807065,1651.4275273862092,1546.0172596807065,1616.290771484375,205449,0.0,0.0
2018-11-02 00:00:00+09:00,1660.211647611374,1686.5642134464752,1629.4669874704227,1682.172119140625,120901,0.0,0.0
2018-11-05 00:00:00+09:00,1704.1325772142163,1704.1325772142163,1651.4274459601684,1695.348388671875,64477,0.0,0.0
2018-11-06 00:00:00+09:00,1726.0929327011108,1726.0929327011108,1673.3878049850464,1686.5640869140625,109747,0.0,0.0
2018-11-07 00:00:00+09:00,1712.9166507720947,1721.7008387247722,1647.0352411270142,1686.5640869140625,68077,0.0,0.0
2018-11-08 00:00:00+09:00,1721.701022200848,1774.406155533527,1704.1326444232884,1748.0535888671875,163437,0.0,0.0
2018-11-09 00:00:00+09:00,1743.6614944227977,1761.2298722003572,1708.5247388676783,1748.0535888671875,68425,0.0,0.0
2018-11-12 00:00:00+09:00,1761.2298722003572,1770.0140610891372,1721.701022200848,1748.0535888671875,47501,0.0,0.0
2018-11-13 00:00:00+09:00,1704.132568359375,1739.2693223461663,1660.2116258758858,1704.132568359375,116428,0.0,0.0
2018-11-14 00:00:00+09:00,1730.4852626120398,1730.4852626120398,1668.9959385598354,1699.7406005859375,73587,0.0,0.0
2018-11-15 00:00:00+09:00,2007.1871939481161,2081.8528007251793,1805.1508461984151,1835.8955078125,2698018,0.0,0.0
2018-11-16 00:00:00+09:00,1866.640118507794,1906.1689680761945,1822.719174542905,1884.20849609375,616533,0.0,0.0
2018-11-19 00:00:00+09:00,1892.9927724863028,2029.147705078125,1884.2085832868304,2029.147705078125,908187,0.0,0.0
2018-11-20 00:00:00+09:00,2055.5003912577617,2090.637150082681,2002.7952530203834,2033.5399169921875,1053749,0.0,0.0
2018-11-21 00:00:00+09:00,2007.1872042142427,2055.500244140625,1967.6583533653845,2055.500244140625,305702,0.0,0.0
2018-11-22 00:00:00+09:00,2055.5003219199393,2077.460795444725,1976.4426172307108,1985.226806640625,179544,0.0,0.0
2018-11-23 00:00:00+09:00,1985.2268112254255,1994.0110006556265,1840.287685627109,1871.0323486328125,332026,0.0,0.0
2018-11-26 00:00:00+09:00,1897.3847701566126,1901.7768645319752,1871.0322039044374,1892.99267578125,63731,0.0,0.0
2018-11-27 00:00:00+09:00,1897.3847611143187,1923.7373272409066,1888.6005724054562,1901.77685546875,97950,0.0,0.0
2018-11-28 00:00:00+09:00,1914.9531615070093,1914.9531615070093,1853.463839807243,1879.81640625,82990,0.0,0.0
2018-11-29 00:00:00+09:00,1923.7374852140185,1923.7374852140185,1862.2481592026115,1871.0323486328125,125408,0.0,0.0
2018-11-30 00:00:00+09:00,1888.600637212858,1888.600637212858,1840.28759765625,1840.28759765625,74471,0.0,0.0
2018-12-03 00:00:00+09:00,1871.0322174357475,1901.7768782856308,1849.0717454001167,1879.81640625,70121,0.0,0.0
2018-12-04 00:00:00+09:00,1871.0322357753537,1919.3452747272995,1857.855952424823,1862.248046875,135084,0.0,0.0
2018-12-05 00:00:00+09:00,1857.8558263442096,1879.8162971047793,1822.7190731272979,1866.6400146484375,96199,0.0,0.0
2018-12-06 00:00:00+09:00,1884.2086118344907,1884.2086118344907,1770.0141505111883,1778.79833984375,139544,0.0,0.0
2018-12-07 00:00:00+09:00,1800.7586759679457,1831.5033362893498,1752.4456383200254,1791.9744873046875,99446,0.0,0.0
2018-12-10 00:00:00+09:00,1712.9168066647974,1783.1903166818147,1712.9168066647974,1774.4061279296875,101901,0.0,0.0
2018-12-11 00:00:00+09:00,1770.0140156465418,1945.6977889117072,1739.269355325138,1791.9744873046875,396398,0.0,0.0
2018-12-12 00:00:00+09:00,1809.5427906709558,1932.521426930147,1809.5427906709558,1866.6400146484375,285339,0.0,0.0
2018-12-13 00:00:00+09:00,1884.2086327781142,1910.561201068717,1840.287685627109,1871.0323486328125,102729,0.0,0.0
2018-12-14 00:00:00+09:00,1871.0322639428828,1892.992736524372,1827.1113187799044,1835.8955078125,100876,0.0,0.0
2018-12-17 00:00:00+09:00,1840.28759765625,1857.8559756768348,1800.7587471099343,1840.28759765625,71018,0.0,0.0
2018-12-18 00:00:00+09:00,1862.248046875,1875.4243302255306,1805.1508190227005,1862.248046875,70854,0.0,0.0
2018-12-19 00:00:00+09:00,1844.679598721591,1958.8740500710228,1840.2875044389205,1932.521484375,373674,0.0,0.0
2018-12-20 00:00:00+09:00,1919.3453512587305,1954.4821082611786,1875.4244050056702,1906.1690673828125,112206,0.0,0.0
2018-12-21 00:00:00+09:00,1914.9532470703125,1919.3453416736847,1884.2085848467066,1914.9532470703125,89025,0.0,0.0
2018-12-24 00:00:00+09:00,1914.9533261253719,1914.9533261253719,1840.2877147856211,1844.6798095703125,97878,0.0,0.0
2018-12-26 00:00:00+09:00,1835.895611126417,1835.895611126417,1699.7406734591468,1743.66162109375,211819,0.0,0.0
2018-12-27 00:00:00+09:00,1830.3880615234375,1871.4690903356843,1821.2589440096049,1830.3880615234375,76182,75.0,0.0
2018-12-28 00:00:00+09:00,1889.7274492703953,1935.373039832482,1834.952740595891,1898.8565673828125,196815,0.0,0.0
2019-01-02 00:00:00+09:00,1889.7275442692905,1958.1959335544097,1889.7275442692905,1926.2440185546875,102483,0.0,0.0
2019-01-03 00:00:00+09:00,1962.7603434625073,1985.5831381539317,1926.243871956228,1953.6312255859375,157840,0.0,0.0
2019-01-04 00:00:00+09:00,1935.372933846933,1971.889404296875,1894.291904590748,1971.889404296875,79604,0.0,0.0
2019-01-07 00:00:00+09:00,1994.712141684436,2022.0994937441765,1953.6311135948251,1990.1475830078125,207988,0.0,0.0
2019-01-08 00:00:00+09:00,2017.5350090890229,2017.5350090890229,1949.0666264276308,1976.4539794921875,78626,0.0,0.0
2019-01-09 00:00:00+09:00,1976.4538303255501,2081.4386758162836,1976.4538303255501,2035.7930908203125,370674,0.0,0.0
2019-01-10 00:00:00+09:00,2035.7933187763344,2054.0515548191715,1999.2768466906602,2031.228759765625,120140,0.0,0.0
2019-01-11 00:00:00+09:00,2031.2288013805041,2031.2288013805041,1994.7123285466973,2008.406005859375,137626,0.0,0.0
2019-01-14 00:00:00+09:00,2008.4061554939517,2035.7935121597784,1958.196001606603,1981.018798828125,103642,0.0,0.0
2019-01-15 00:00:00+09:00,1976.4541809918128,2008.4060961579623,1967.325062372913,1999.2769775390625,83633,0.0,0.0
2019-01-16 00:00:00+09:00,2022.0996417442066,2031.228759765625,1981.0186106478232,2031.228759765625,127324,0.0,0.0
2019-01-17 00:00:00+09:00,2040.35772845067,2044.9222871272934,1985.583024331189,1990.1475830078125,106733,0.0,0.0
2019-01-18 00:00:00+09:00,2017.5351987092392,2117.9555027173915,2003.8415208899457,2099.697265625,748084,0.0,0.0
2019-01-21 00:00:00+09:00,2127.0846106715067,2163.601084674451,2104.2618144196667,2131.649169921875,375756,0.0,0.0
2019-01-22 00:00:00+09:00,2131.649115311472,2154.4719109786183,2063.180728310033,2081.43896484375,168124,0.0,0.0
2019-01-23 00:00:00+09:00,2063.180381991931,2145.342432602229,2044.922148522976,2086.003173828125,180599,0.0,0.0
2019-01-24 00:00:00+09:00,2140.7781820704795,2145.342741094084,2095.132591834435,2136.213623046875,168524,0.0,0.0
2019-01-25 00:00:00+09:00,2136.213517374067,2154.471752565298,2108.82616458722,2140.778076171875,86952,0.0,0.0
2019-01-28 00:00:00+09:00,2145.3429198216118,2282.279701937885,2113.3910039944813,2222.9404296875,894305,0.0,0.0
2019-01-29 00:00:00+09:00,2213.81097592382,2213.81097592382,2127.084360372165,2163.600830078125,228481,0.0,0.0
2019-01-30 00:00:00+09:00,2163.600935889601,2236.6338788732164,2145.342700143697,2159.036376953125,183815,0.0,0.0
2019-01-31 00:00:00+09:00,2159.036418164897,2209.246567424546,2104.261709881644,2136.213623046875,151697,0.0,0.0
2019-02-01 00:00:00+09:00,2163.601052167339,2177.2947297127016,2108.826341985887,2122.52001953125,155995,0.0,0.0
2019-02-07 00:00:00+09:00,2140.7780365119,2181.859064931105,2113.39068423243,2163.600830078125,101170,0.0,0.0
2019-02-08 00:00:00+09:00,2163.6011060185792,2177.294783904773,2127.0846316553966,2172.730224609375,132121,0.0,0.0
2019-02-11 00:00:00+09:00,2181.8594065348307,2195.553084818522,2140.7783716837566,2190.988525390625,177202,0.0,0.0
2019-02-12 00:00:00+09:00,2177.294353037228,2291.4083128400175,2172.7297946451163,2254.891845703125,545001,0.0,0.0
2019-02-13 00:00:00+09:00,2250.327498273152,2295.9730864734183,2222.9401453529917,2245.762939453125,505509,0.0,0.0
2019-02-14 00:00:00+09:00,2250.327483768991,2341.61865958112,2232.069248606565,2309.666748046875,649342,0.0,0.0
2019-02-15 00:00:00+09:00,2318.7960043762328,2346.1833587586293,2259.456736547707,2314.2314453125,328728,0.0,0.0
2019-02-18 00:00:00+09:00,2327.924983209301,2332.4895419999075,2268.5857189314165,2309.666748046875,352310,0.0,0.0
2019-02-19 00:00:00+09:00,2323.360391283792,2332.489508734809,2259.456569126674,2300.53759765625,258023,0.0,0.0
2019-02-20 00:00:00+09:00,2295.97297265625,2323.36032421875,2250.32738671875,2282.279296875,231336,0.0,0.0
2019-02-21 00:00:00+09:00,2300.537819602273,2314.2314970999055,2236.633991279987,2259.456787109375,286490,0.0,0.0
2019-02-22 00:00:00+09:00,2218.3755939916236,2264.021182345361,2190.9882409793813,2213.81103515625,225025,0.0,0.0
2019-02-25 00:00:00+09:00,2218.375586532965,2282.2794100133383,2218.375586532965,2245.762939453125,198738,0.0,0.0
2019-02-26 00:00:00+09:00,2282.279296875,2305.10208984375,2268.58562109375,2282.279296875,319659,0.0,0.0
2019-02-27 00:00:00+09:00,2277.71484375,2305.1021965806613,2254.892049724449,2277.71484375,215104,0.0,0.0
2019-02-28 00:00:00+09:00,2291.408721860382,2318.796077101741,2177.294741688052,2195.552978515625,538988,0.0,0.0
2019-03-04 00:00:00+09:00,2222.940304212836,2314.231487137388,2222.940304212836,2291.40869140625,544364,0.0,0.0
2019-03-05 00:00:00+09:00,2314.231634415643,2501.37857132105,2314.231634415643,2369.00634765625,2472428,0.0,0.0
2019-03-06 00:00:00+09:00,2364.4413731301474,2428.3451940255572,2327.9249040470568,2355.312255859375,662143,0.0,0.0
2019-03-07 00:00:00+09:00,2364.4414535341525,2451.1680705556755,2300.537630465662,2309.666748046875,1742428,0.0,0.0
2019-03-08 00:00:00+09:00,2305.1022708031437,2327.925065563571,2149.9072664322393,2264.021240234375,459771,0.0,0.0
2019-03-11 00:00:00+09:00,2264.0213563012294,2264.0213563012294,2186.423850137679,2227.5048828125,295296,0.0,0.0
2019-03-12 00:00:00+09:00,2245.7630776179003,2277.7149913238463,2209.2466048111055,2250.32763671875,206223,0.0,0.0
2019-03-13 00:00:00+09:00,2254.892024075255,2259.456582828444,2181.8590840242346,2236.6337890625,284042,0.0,0.0
2019-03-14 00:00:00+09:00,2245.763235042868,2341.6189828800634,2236.6341162012304,2295.973388671875,525278,0.0,0.0
2019-03-15 00:00:00+09:00,2300.5377681213017,2332.489681567431,2245.763059356509,2314.2314453125,468185,0.0,0.0
2019-03-18 00:00:00+09:00,2323.36032421875,2359.87679296875,2268.58562109375,2282.279296875,425150,0.0,0.0
2019-03-19 00:00:00+09:00,2277.714972802638,2323.3605634399655,2268.5858546751724,2314.2314453125,208471,0.0,0.0
2019-03-20 00:00:00+09:00,2318.795971921411,2359.8770029200186,2273.150381922958,2305.102294921875,381167,0.0,0.0
2019-03-21 00:00:00+09:00,2305.1021892562685,2332.4895419999075,2282.279395303236,2309.666748046875,276866,0.0,0.0
2019-03-22 00:00:00+09:00,2327.925016147884,2327.925016147884,2264.021192175197,2318.7958984375,226094,0.0,0.0
2019-03-25 00:00:00+09:00,2314.2314217808735,2314.2314217808735,2250.327595538404,2273.150390625,166629,0.0,0.0
2019-03-26 00:00:00+09:00,2286.844067676958,2309.6668627635545,2245.7630365210844,2273.150390625,279596,0.0,0.0
2019-03-27 00:00:00+09:00,2282.279308931327,2291.4084261670523,2218.37548828125,2218.37548828125,188632,0.0,0.0
2019-03-28 00:00:00+09:00,2227.5048828125,2273.1504746734117,2195.552968509862,2227.5048828125,190480,0.0,0.0
2019-03-29 00:00:00+09:00,2222.940323626409,2250.327678742956,2195.552968509862,2227.5048828125,161340,0.0,0.0
2019-04-01 00:00:00+09:00,2236.633846564683,2300.5376707522455,2227.504728823603,2286.843994140625,363549,0.0,0.0
2019-04-02 00:00:00+09:00,2291.40869140625,2318.7960462836154,2259.456777382657,2291.40869140625,238567,0.0,0.0
2019-04-03 00:00:00+09:00,2305.102294921875,2318.795971921411,2282.2794999226485,2305.102294921875,304012,0.0,0.0
2019-04-04 00:00:00+09:00,2305.1023591946523,2332.489713957361,2295.973240940416,2323.360595703125,337408,0.0,0.0
2019-04-05 00:00:00+09:00,2323.360595703125,2350.7479504658336,2295.973240940416,2323.360595703125,315575,0.0,0.0
2019-04-08 00:00:00+09:00,2350.7478761672974,2369.006112098694,2323.3605222702026,2337.05419921875,419206,0.0,0.0
2019-04-09 00:00:00+09:00,2341.618685053853,2369.0060380954187,2314.2313320122876,2350.747802734375,304153,0.0,0.0
2019-04-10 00:00:00+09:00,2355.3124183103614,2428.3453615137832,2327.925064609078,2400.9580078125,767735,0.0,0.0
2019-04-11 00:00:00+09:00,2405.5226829263693,2414.651801267646,2350.7479728787102,2364.441650390625,342539,0.0,0.0
2019-04-12 00:00:00+09:00,2364.44151202853,2419.21621887089,2346.18327641441,2359.876953125,320742,0.0,0.0
2019-04-15 00:00:00+09:00,2373.570589379789,2396.393383508441,2350.747795251137,2382.69970703125,265639,0.0,0.0
2019-04-16 00:00:00+09:00,2387.264585403119,2410.087382586705,2273.1505994851877,2369.00634765625,488221,0.0,0.0
2019-04-17 00:00:00+09:00,2364.441608844706,2396.3935224777424,2350.7479315734045,2387.264404296875,384841,0.0,0.0
2019-04-18 00:00:00+09:00,2391.8289633873087,2405.5226406586103,2332.489695211669,2387.264404296875,331289,0.0,0.0
2019-04-19 00:00:00+09:00,2391.8288246827105,2405.522501159902,2355.312354076868,2382.69970703125,325422,0.0,0.0
2019-04-22 00:00:00+09:00,2396.3934488622863,2423.7808025635695,2364.441536210789,2400.9580078125,491136,0.0,0.0
2019-04-23 00:00:00+09:00,2410.0870929747134,2419.216210751133,2373.570621869036,2391.828857421875,232080,0.0,0.0
2019-04-24 00:00:00+09:00,2405.522705078125,2419.216382716141,2364.4416721640773,2405.522705078125,345136,0.0,0.0
2019-04-25 00:00:00+09:00,2405.5226931338675,2410.0872523238745,2318.796068523728,2332.48974609375,242171,0.0,0.0
2019-04-26 00:00:00+09:00,2327.925016147884,2369.0060458446114,2282.2794275959645,2318.7958984375,230003,0.0,0.0
2019-04-29 00:00:00+09:00,2350.7478104238435,2405.5225166861464,2282.2794275959645,2318.7958984375,253484,0.0,0.0
2019-04-30 00:00:00+09:00,2341.618758201599,2364.4415531158447,2295.973168373108,2337.05419921875,324497,0.0,0.0
2019-05-02 00:00:00+09:00,2332.4895673733313,2373.5705969356795,2318.7958908525484,2350.747802734375,325589,0.0,0.0
2019-05-03 00:00:00+09:00,2355.312490663838,2405.5226406586103,2309.6668997595,2387.264404296875,708099,0.0,0.0
2019-05-07 00:00:00+09:00,2350.747762826773,2400.9579092172476,2332.489527775691,2373.570556640625,457086,0.0,0.0
2019-05-08 00:00:00+09:00,2369.00607093206,2391.8288654497096,2318.7959229932303,2359.876953125,474997,0.0,0.0
2019-05-09 00:00:00+09:00,2359.8772118037728,2387.2645682270277,2127.0846822061085,2222.9404296875,964933,0.0,0.0
2019-05-10 00:00:00+09:00,2222.9403549292356,2241.198591930708,2095.1326959189305,2131.649169921875,439880,0.0,0.0
2019-05-13 00:00:00+09:00,2154.4718682212583,2163.6009863069416,2095.1326006643167,2104.26171875,246366,0.0,0.0
2019-05-14 00:00:00+09:00,2063.1806472974786,2140.7781495188437,2031.2287346180929,2127.08447265625,253144,0.0,0.0
2019-05-15 00:00:00+09:00,2145.3428272398,2273.1504850328092,2127.084590412227,2195.552978515625,516123,0.0,0.0
2019-05-16 00:00:00+09:00,2204.681790745512,2204.681790745512,2122.5197364320147,2145.342529296875,290648,0.0,0.0
2019-05-17 00:00:00+09:00,2145.342815440188,2209.246643985215,2095.1326644405244,2122.52001953125,209516,0.0,0.0
2019-05-20 00:00:00+09:00,2127.0844563802084,2177.294604492188,2026.66416015625,2054.051513671875,366637,0.0,0.0
2019-05-21 00:00:00+09:00,2054.0515460799224,2076.8743410363663,2003.8413971757468,2063.1806640625,200668,0.0,0.0
2019-05-22 00:00:00+09:00,2067.74557461284,2095.132933216983,2022.099976939267,2058.616455078125,129968,0.0,0.0
2019-05-23 00:00:00+09:00,2035.7931405728007,2095.132402517748,1990.147554461303,2049.48681640625,258499,0.0,0.0
2019-05-24 00:00:00+09:00,2040.3576884367028,2040.3576884367028,1976.4538682172088,2012.9703369140625,207660,0.0,0.0
2019-05-27 00:00:00+09:00,2003.8413159405743,2049.486904003002,1962.7602866843895,1971.889404296875,141443,0.0,0.0
2019-05-28 00:00:00+09:00,1971.889564479638,2026.6642746040725,1962.7604461255657,2017.53515625,138458,0.0,0.0
2019-05-29 00:00:00+09:00,2008.406025344777,2022.0997027903095,1939.9376381171141,1944.502197265625,83023,0.0,0.0
2019-05-30 00:00:00+09:00,1939.937701557958,1994.712413131359,1917.1149050690408,1962.760498046875,272820,0.0,0.0
2019-05-31 00:00:00+09:00,1967.325062372913,2022.099774086312,1958.1959437540131,1999.2769775390625,114115,0.0,0.0
2019-06-03 00:00:00+09:00,1994.712287679951,2040.3578777870437,1967.3249336156953,2031.228759765625,133398,0.0,0.0
2019-06-04 00:00:00+09:00,2044.9223233995585,2099.697028490618,2026.6640883692053,2067.7451171875,173485,0.0,0.0
2019-06-05 00:00:00+09:00,2067.7453507133155,2108.8263841711955,2067.7453507133155,2099.697265625,79508,0.0,0.0
2019-06-07 00:00:00+09:00,2117.955322265625,2127.084440034011,2072.3097334236936,2117.955322265625,69156,0.0,0.0
2019-06-10 00:00:00+09:00,2117.955354747854,2131.6490316104478,2099.697118931062,2127.08447265625,62438,0.0,0.0
2019-06-11 00:00:00+09:00,2117.955492170771,2159.0365254240833,2113.3909329204025,2131.649169921875,117474,0.0,0.0
2019-06-12 00:00:00+09:00,2127.084295004987,2159.0362050157914,2113.3906192860704,2145.342529296875,70894,0.0,0.0
2019-06-13 00:00:00+09:00,2145.342732319079,2282.2795024671054,2117.9553782894736,2168.16552734375,654427,0.0,0.0
2019-06-14 00:00:00+09:00,2181.8592043585527,2186.4237633634866,2145.342732319079,2168.16552734375,97025,0.0,0.0
2019-06-17 00:00:00+09:00,2168.165462032245,2186.4236975019903,2131.648991092755,2149.9072265625,80867,0.0,0.0
2019-06-18 00:00:00+09:00,2154.4717702963917,2213.81103515625,2149.907211461018,2213.81103515625,212708,0.0,0.0
2019-06-19 00:00:00+09:00,2213.8110023008862,2241.1983549066704,2186.423649695102,2204.681884765625,110742,0.0,0.0
2019-06-20 00:00:00+09:00,2218.3755939916236,2218.3755939916236,2186.4236821440077,2213.81103515625,62549,0.0,0.0
2019-06-21 00:00:00+09:00,2218.3755939916236,2222.9401528269977,2186.4236821440077,2213.81103515625,38861,0.0,0.0
2019-06-24 00:00:00+09:00,2222.9400468991125,2227.504605516975,2172.7299021026233,2218.37548828125,61481,0.0,0.0
2019-06-25 00:00:00+09:00,2236.63379613904,2332.4895302592845,2163.600855856949,2204.681884765625,988868,0.0,0.0
2019-06-26 00:00:00+09:00,2204.6820969294113,2209.2466561363044,2145.3428272398,2195.552978515625,118720,0.0,0.0
2019-06-27 00:00:00+09:00,2222.940268462559,2222.940268462559,2145.342764224646,2177.294677734375,133383,0.0,0.0
2019-06-28 00:00:00+09:00,2186.423772306524,2186.423772306524,2099.6971508580395,2136.213623046875,169391,0.0,0.0
2019-07-01 00:00:00+09:00,2127.0844643977935,2190.9882895084565,2127.0844643977935,2159.036376953125,86757,0.0,0.0
2019-07-02 00:00:00+09:00,2186.4234450591657,2186.4234450591657,2136.213303314592,2181.85888671875,51886,0.0,0.0
2019-07-03 00:00:00+09:00,2159.036376953125,2186.4237305719807,2140.7781412072213,2159.036376953125,74994,0.0,0.0
2019-07-04 00:00:00+09:00,2177.2947624255553,2177.2947624255553,2099.6972551692984,2131.649169921875,78331,0.0,0.0
2019-07-05 00:00:00+09:00,2104.2616456130454,2131.6489989182046,2104.2616456130454,2117.955322265625,31544,0.0,0.0
2019-07-08 00:00:00+09:00,2136.213418765944,2136.213418765944,1994.7121025656356,2012.9703369140625,132837,0.0,0.0
2019-07-09 00:00:00+09:00,1985.5830807156033,2054.0514628092446,1962.7602866843895,1971.889404296875,97645,0.0,0.0
2019-07-10 00:00:00+09:00,1976.4541548995285,2031.2288658898156,1976.4541548995285,2026.664306640625,70619,0.0,0.0
2019-07-11 00:00:00+09:00,2063.1810148454824,2063.1810148454824,2022.099976939267,2058.616455078125,43091,0.0,0.0
2019-07-12 00:00:00+09:00,2095.1327491844095,2095.1327491844095,2031.2289180546018,2076.87451171875,28062,0.0,0.0
2019-07-15 00:00:00+09:00,2086.0036304515797,2086.0036304515797,2054.051714886676,2076.87451171875,26759,0.0,0.0
2019-07-16 00:00:00+09:00,2076.874405710321,2113.390878777755,2044.9224917763158,2081.43896484375,62465,0.0,0.0
2019-07-17 00:00:00+09:00,2058.616274253091,2140.7783428485577,2022.099799321772,2076.87451171875,233589,0.0,0.0
2019-07-18 00:00:00+09:00,2044.9224280973451,2090.568018010232,2031.228751123479,2063.1806640625,68230,0.0,0.0
2019-07-19 00:00:00+09:00,2081.438900027655,2081.438900027655,2017.535074149613,2063.1806640625,43665,0.0,0.0
2019-07-22 00:00:00+09:00,2044.9225961538464,2090.5681898179946,2008.4061212225276,2076.87451171875,50320,0.0,0.0
2019-07-23 00:00:00+09:00,2086.0034590189434,2090.568018010232,2031.228751123479,2063.1806640625,58340,0.0,0.0
2019-07-24 00:00:00+09:00,2063.180764364066,2076.8744420036505,2017.5351722321177,2022.0997314453125,30046,0.0,0.0
2019-07-25 00:00:00+09:00,2022.0997689180597,2040.3580061091934,1958.1959387490917,1962.760498046875,171747,0.0,0.0
2019-07-26 00:00:00+09:00,1949.0667170011081,1976.45407133836,1866.9046539893518,1898.8565673828125,198602,0.0,0.0
2019-07-29 00:00:00+09:00,1880.598240173969,1894.2919166800903,1752.7905927835052,1771.048828125,341514,0.0,0.0
2019-07-30 00:00:00+09:00,1693.4512988159486,1898.8564428771822,1693.4512988159486,1830.3880615234375,352657,0.0,0.0
2019-07-31 00:00:00+09:00,1825.8235997005527,1857.7755126953125,1775.6134507087875,1857.7755126953125,100330,0.0,0.0
2019-08-01 00:00:00+09:00,1853.2109295255575,1871.46916528443,1784.7425454297857,1816.6944580078125,69985,0.0,0.0
2019-08-02 00:00:00+09:00,1780.1779864900675,1830.388134826967,1757.355191791477,1816.6944580078125,83560,0.0,0.0
2019-08-05 00:00:00+09:00,1789.3070678710938,1816.6944209507533,1488.0461839948382,1533.6917724609375,447876,0.0,0.0
2019-08-06 00:00:00+09:00,1396.754878132488,1515.4333971894969,1387.6257612819488,1428.706787109375,525391,0.0,0.0
2019-08-07 00:00:00+09:00,1419.5777774542478,1529.1271879330322,1419.5777774542478,1492.6107177734375,261151,0.0,0.0
2019-08-08 00:00:00+09:00,1519.998182236636,1638.6767189878449,1497.1753867075574,1593.0311279296875,293879,0.0,0.0
2019-08-09 00:00:00+09:00,1593.0310150915834,1638.6766029165572,1593.0310150915834,1629.5474853515625,105240,0.0,0.0
2019-08-12 00:00:00+09:00,1629.5476552327475,1666.0641292995876,1611.2894181993272,1643.2413330078125,40865,0.0,0.0
2019-08-13 00:00:00+09:00,1638.676722700878,1734.532464140205,1620.4184862362442,1698.0159912109375,122778,0.0,0.0
2019-08-14 00:00:00+09:00,1739.0968813831914,1739.0968813831914,1675.1930589701608,1693.4512939453125,118815,0.0,0.0
2019-08-16 00:00:00+09:00,1688.886962890625,1698.0160816089526,1656.935047376478,1688.886962890625,69510,0.0,0.0
2019-08-19 00:00:00+09:00,1693.4513672538426,1716.2741619607675,1675.1931314883025,1679.7576904296875,77167,0.0,0.0
2019-08-20 00:00:00+09:00,1693.4514639951328,1707.1451416015625,1652.3704311758438,1707.1451416015625,57990,0.0,0.0
2019-08-21 00:00:00+09:00,1702.5804529865895,1743.661482683317,1698.0158941313975,1739.096923828125,98050,0.0,0.0
2019-08-22 00:00:00+09:00,1743.6614662571958,1775.613377942537,1729.967789820621,1734.5323486328125,53752,0.0,0.0
2019-08-23 00:00:00+09:00,1734.5325611255787,1743.661679868345,1688.8869674117477,1725.4034423828125,114601,0.0,0.0
2019-08-26 00:00:00+09:00,1684.322190741531,1711.709543436515,1629.5474853515625,1629.5474853515625,72375,0.0,0.0
2019-08-27 00:00:00+09:00,1638.6766357421875,1693.4513422293917,1634.112076868254,1638.6766357421875,50215,0.0,0.0
2019-08-28 00:00:00+09:00,1661.499606735642,1752.7907939189188,1647.8059286581502,1688.886962890625,61770,0.0,0.0
2019-08-29 00:00:00+09:00,1720.8388192079922,1720.8388192079922,1643.2413127715574,1707.1451416015625,67987,0.0,0.0
2019-08-30 00:00:00+09:00,1743.6616013652147,1807.5654296875,1707.1451280381946,1807.5654296875,443998,0.0,0.0
2019-09-02 00:00:00+09:00,1898.8565018891688,1898.8565018891688,1793.871647217412,1812.1298828125,494558,0.0,0.0
2019-09-03 00:00:00+09:00,1793.8716952514649,1825.8236083984375,1775.6134591674806,1825.8236083984375,148736,0.0,0.0
2019-09-04 00:00:00+09:00,1803.000621840533,1939.9373779296875,1803.000621840533,1939.9373779296875,879378,0.0,0.0
2019-09-05 00:00:00+09:00,2163.600984461167,2181.859220616958,1862.340087890625,1862.340087890625,2089436,0.0,0.0
2019-09-06 00:00:00+09:00,1876.0335581284894,1912.5500264132288,1807.565180094603,1839.51708984375,288935,0.0,0.0
2019-09-09 00:00:00+09:00,1839.517285461426,1862.3400805664064,1816.6944903564454,1825.8236083984375,95589,0.0,0.0
2019-09-10 00:00:00+09:00,1793.8715655268454,1812.1298002904775,1780.1778894541214,1789.3070068359375,222867,0.0,0.0
2019-09-11 00:00:00+09:00,1789.3071362304688,1853.210962524414,1789.3071362304688,1825.8236083984375,119482,0.0,0.0
2019-09-16 00:00:00+09:00,1834.9527336569395,1876.0337650074678,1834.9527336569395,1862.340087890625,135674,0.0,0.0
2019-09-17 00:00:00+09:00,1862.3399400623566,2012.9703763909297,1834.952588002616,1990.1475830078125,942185,0.0,0.0
2019-09-18 00:00:00+09:00,1985.5833582724295,1999.2770366053428,1953.6314421622985,1981.018798828125,241271,0.0,0.0
2019-09-19 00:00:00+09:00,2003.8415368485123,2017.5352147768622,1967.325062372913,1999.2769775390625,188267,0.0,0.0
2019-09-20 00:00:00+09:00,1994.7123285466973,2026.6642422762784,1990.1477694424716,2008.406005859375,144724,0.0,0.0
2019-09-23 00:00:00+09:00,1985.583251953125,2008.4060479525863,1971.8895743534483,1985.583251953125,166493,0.0,0.0
2019-09-24 00:00:00+09:00,2003.8415368485123,2003.8415368485123,1967.325062372913,1999.2769775390625,124526,0.0,0.0
2019-09-25 00:00:00+09:00,1999.2769724291425,2008.4060910247094,1958.1959387490917,1962.760498046875,129187,0.0,0.0
2019-09-26 00:00:00+09:00,1958.1956120749082,1990.147521829044,1921.679143784467,1939.9373779296875,102926,0.0,0.0
2019-09-27 00:00:00+09:00,1962.7602775141877,1962.7602775141877,1921.6792484499374,1935.3729248046875,59413,0.0,0.0
2019-09-30 00:00:00+09:00,1917.1146896650207,1949.0666011594376,1857.7754254611034,1935.3729248046875,87893,0.0,0.0
2019-10-01 00:00:00+09:00,1967.3249439573176,1967.3249439573176,1903.4211174714649,1930.8084716796875,72005,0.0,0.0
2019-10-02 00:00:00+09:00,1912.5500267118566,1962.7601706112132,1907.9854681755514,1939.9373779296875,156732,0.0,0.0
2019-10-04 00:00:00+09:00,1962.76021666446,1962.76021666446,1876.0336024397511,1885.1627197265625,119759,0.0,0.0
2019-10-07 00:00:00+09:00,1876.0338294760695,1889.7275070634862,1844.0819151054309,1880.598388671875,161807,0.0,0.0
2019-10-08 00:00:00+09:00,1862.3400554187192,1871.4691733374384,1830.388142703202,1853.2109375,151776,0.0,0.0
2019-10-10 00:00:00+09:00,1853.21096981273,1876.0337650074678,1834.9527336569395,1862.340087890625,213687,0.0,0.0
2019-10-11 00:00:00+09:00,1844.0817018631235,1926.2437578867282,1844.0817018631235,1921.67919921875,192905,0.0,0.0
2019-10-14 00:00:00+09:00,1912.5502445514387,1939.9375988886907,1871.4692130455605,1898.8565673828125,176446,0.0,0.0
2019-10-15 00:00:00+09:00,1898.8563956567798,1898.8563956567798,1866.9044851529397,1885.1627197265625,80536,0.0,0.0
2019-10-16 00:00:00+09:00,1885.1628902141865,1917.1148036076472,1885.1628902141865,1898.8565673828125,176783,0.0,0.0
2019-10-17 00:00:00+09:00,1903.4211846509027,1912.5503030425136,1876.0338294760695,1880.598388671875,55170,0.0,0.0
2019-10-18 00:00:00+09:00,1871.4691088925733,1930.8083733208746,1871.4691088925733,1903.4210205078125,114538,0.0,0.0
2019-10-21 00:00:00+09:00,1889.7274421243108,1894.2920011632584,1848.6464107737822,1862.340087890625,92822,0.0,0.0
2019-10-22 00:00:00+09:00,1871.469033323688,1876.0335919415509,1830.3880057629242,1848.646240234375,128674,0.0,0.0
2019-10-23 00:00:00+09:00,1839.5172362051323,1848.6463540026764,1807.565323913728,1812.1298828125,152005,0.0,0.0
2019-10-24 00:00:00+09:00,1821.2589440096049,1939.9374716894288,1780.1779151973583,1830.3880615234375,373006,0.0,0.0
2019-10-25 00:00:00+09:00,1812.1297386301953,1857.7753239861197,1798.436063023418,1839.51708984375,116265,0.0,0.0
2019-10-28 00:00:00+09:00,1839.517324456936,1930.808506812119,1798.4362923971037,1871.46923828125,364654,0.0,0.0
2019-10-29 00:00:00+09:00,1885.1629536946614,1917.1148681640625,1866.9047168550037,1917.1148681640625,190974,0.0,0.0
2019-10-30 00:00:00+09:00,1917.1147796855803,1935.373015682586,1857.7755126953125,1857.7755126953125,159330,0.0,0.0
2019-10-31 00:00:00+09:00,1880.5982264969275,1917.1146969143435,1853.2108736838654,1903.4210205078125,222813,0.0,0.0
2019-11-01 00:00:00+09:00,1885.1629478676807,1917.1148622383193,1880.598388671875,1880.598388671875,79250,0.0,0.0
2019-11-04 00:00:00+09:00,1880.5981610831568,1907.9855129435912,1866.9044851529397,1885.1627197265625,122549,0.0,0.0
2019-11-05 00:00:00+09:00,1885.1629283349837,1944.502197265625,1871.4692508894511,1944.502197265625,441223,0.0,0.0
2019-11-06 00:00:00+09:00,1926.243847539715,1939.9375241809928,1889.7273764963081,1912.5501708984375,136251,0.0,0.0
2019-11-07 00:00:00+09:00,1917.1147708616395,1935.3730067746076,1889.7274169921875,1889.7274169921875,63673,0.0,0.0
2019-11-08 00:00:00+09:00,1926.2438888181234,1926.2438888181234,1876.0337400574615,1889.7274169921875,68474,0.0,0.0
2019-11-11 00:00:00+09:00,1889.7273614544242,1999.2767737126517,1889.7273614544242,1976.4539794921875,539762,0.0,0.0
2019-11-12 00:00:00+09:00,1976.4540037918985,2040.3578283948698,1930.8084147897762,1949.066650390625,359142,0.0,0.0
2019-11-13 00:00:00+09:00,1949.066882717994,1994.7124771610384,1926.2440854964718,1981.018798828125,204077,0.0,0.0
2019-11-14 00:00:00+09:00,1958.1956120749082,2003.8411974379596,1921.679143784467,1939.9373779296875,340222,0.0,0.0
2019-11-15 00:00:00+09:00,1930.8084716796875,1962.7603849226136,1926.2439126449838,1930.8084716796875,108465,0.0,0.0
2019-11-18 00:00:00+09:00,1949.0668251351135,2136.21375682256,1917.114909968964,1999.2769775390625,1009065,0.0,0.0
2019-11-19 00:00:00+09:00,1985.5829070831512,2017.534815932765,1944.5018814193618,1958.195556640625,236281,0.0,0.0
2019-11-20 00:00:00+09:00,1953.6312426875754,1999.2768324699955,1885.1628580139454,1889.7274169921875,258123,0.0,0.0
2019-11-21 00:00:00+09:00,1885.1628421035844,1903.4210778624567,1798.43622224894,1816.6944580078125,540365,0.0,0.0
2019-11-22 00:00:00+09:00,1889.727434692383,1894.291993713379,1807.5653723144533,1825.8236083984375,256364,0.0,0.0
2019-11-25 00:00:00+09:00,1848.6463785406404,1871.4691733374384,1830.388142703202,1853.2109375,126787,0.0,0.0
2019-11-26 00:00:00+09:00,1857.7754254611034,1958.195718729271,1857.7754254611034,1935.3729248046875,378855,0.0,0.0
2019-11-27 00:00:00+09:00,1949.0667826334634,1949.0667826334634,1894.2920721144903,1917.1148681640625,145407,0.0,0.0
2019-11-28 00:00:00+09:00,1912.5502355408726,1930.8084716796875,1871.4692042285387,1930.8084716796875,261392,0.0,0.0
2019-11-29 00:00:00+09:00,1898.8566193533416,1903.4211785344794,1839.5173499985497,1844.0819091796875,254023,0.0,0.0
2019-12-02 00:00:00+09:00,1834.9527176990555,1885.1628666908207,1830.388158699804,1857.7755126953125,195902,0.0,0.0
2019-12-03 00:00:00+09:00,1857.7753239861197,1871.468999592897,1839.51708984375,1839.51708984375,69223,0.0,0.0
2019-12-04 00:00:00+09:00,1839.517324456936,1871.46923828125,1834.952765339177,1871.46923828125,139439,0.0,0.0
2019-12-05 00:00:00+09:00,1871.468999592897,1880.5981166640818,1834.9525313081576,1839.51708984375,81571,0.0,0.0
2019-12-06 00:00:00+09:00,1830.3880057629242,1862.3399160879628,1830.3880057629242,1848.646240234375,76432,0.0,0.0
2019-12-09 00:00:00+09:00,1866.9045736865116,1894.291926845727,1862.3400148266423,1876.03369140625,57365,0.0,0.0
2019-12-10 00:00:00+09:00,1862.3399822356357,1871.4690997956143,1848.6463058956679,1866.904541015625,72443,0.0,0.0
2019-12-11 00:00:00+09:00,1866.9046221009776,1953.6312426875754,1848.6463861880095,1889.7274169921875,93912,0.0,0.0
2019-12-12 00:00:00+09:00,1889.7274331701808,1917.1147872740964,1880.5983151355422,1894.2919921875,80334,0.0,0.0
2019-12-13 00:00:00+09:00,1930.808478760332,1976.4540692747607,1903.4211244516748,1967.324951171875,157155,0.0,0.0
2019-12-16 00:00:00+09:00,1935.3729248046875,1958.195718729271,1926.243807234854,1935.3729248046875,113153,0.0,0.0
2019-12-17 00:00:00+09:00,1935.3731472067636,1999.2769775390625,1930.8085878973138,1999.2769775390625,296063,0.0,0.0
2019-12-18 00:00:00+09:00,2031.2288875136264,2318.7961232739826,1962.760498046875,1962.760498046875,12426000,0.0,0.0
2019-12-19 00:00:00+09:00,1962.7603849226136,1962.7603849226136,1917.1147945755763,1930.8084716796875,853326,0.0,0.0
2019-12-20 00:00:00+09:00,1990.147554461303,2277.714746963739,1985.582995850153,2049.48681640625,19755290,0.0,0.0
2019-12-23 00:00:00+09:00,2049.4870704892533,2072.3098663744345,1967.325005302602,2017.53515625,1418204,0.0,0.0
2019-12-24 00:00:00+09:00,2017.5351436417986,2044.9224985328638,1944.502197265625,1944.502197265625,1047942,0.0,0.0
2019-12-26 00:00:00+09:00,1953.6312740175463,1985.5831873776465,1944.5021559146605,1967.324951171875,428851,0.0,0.0
2019-12-27 00:00:00+09:00,2028.8040144178603,2076.0954832854095,2019.3457206443504,2042.991455078125,485105,75.0,0.0
2019-12-30 00:00:00+09:00,2038.2620049647462,2095.0117591633007,2024.0745664151077,2085.553466796875,474298,0.0,0.0
2020-01-02 00:00:00+09:00,2090.2826533857174,2090.2826533857174,2038.262044364806,2047.7203369140625,574033,0.0,0.0
2020-01-03 00:00:00+09:00,2066.6370424420647,2109.1993613939608,2057.178749341643,2104.47021484375,984588,0.0,0.0
2020-01-06 00:00:00+09:00,2076.0952976466892,2080.8244441105767,2024.0746865439248,2028.8038330078125,481963,0.0,0.0
2020-01-07 00:00:00+09:00,2047.7203371921269,2085.553507394291,2038.262044641586,2076.09521484375,285446,0.0,0.0
2020-01-08 00:00:00+09:00,2052.449481992092,2057.178628263963,1920.0333863796989,1934.2208251953125,1170457,0.0,0.0
2020-01-09 00:00:00+09:00,1986.2414953843602,2080.8244237359963,1976.7832025491966,2005.1580810546875,708535,0.0,0.0
2020-01-10 00:00:00+09:00,2019.345679498488,2071.3662941928283,2009.8873859176988,2052.44970703125,450882,0.0,0.0
2020-01-13 00:00:00+09:00,2061.9077760179384,2085.553507394291,2052.4494834673974,2076.09521484375,286330,0.0,0.0
2020-01-14 00:00:00+09:00,2099.7410489169033,2142.3033674760295,2066.6370233709163,2080.824462890625,765538,0.0,0.0
2020-01-15 00:00:00+09:00,2109.199239320607,2170.6781409151536,2099.7409467676,2132.844970703125,734735,0.0,0.0
2020-01-16 00:00:00+09:00,2151.761785424955,2331.4693631087976,2132.84519830034,2303.094482421875,4821928,0.0,0.0
2020-01-17 00:00:00+09:00,2303.094524202642,2345.656846005155,2251.073908666237,2293.63623046875,1217597,0.0,0.0
2020-01-20 00:00:00+09:00,2307.8235922759436,2336.1984725088446,2232.157244988208,2255.802978515625,603299,0.0,0.0
2020-01-21 00:00:00+09:00,2265.261148583075,2326.7400524068325,2241.615416343168,2284.177734375,538661,0.0,0.0
2020-01-22 00:00:00+09:00,2269.990214804609,2402.4063106682115,2251.0736296812374,2359.843994140625,1183957,0.0,0.0
2020-01-23 00:00:00+09:00,2378.7606203628015,2407.1354985381035,2322.010864012198,2350.3857421875,653575,0.0,0.0
2020-01-28 00:00:00+09:00,2227.427877718977,2284.1776325653204,2194.32385405861,2279.448486328125,641917,0.0,0.0
2020-01-29 00:00:00+09:00,2274.7195312500003,2596.3015024038464,2265.2612379807692,2459.15625,2648249,0.0,0.0
2020-01-30 00:00:00+09:00,2421.322916666667,2440.239501953125,2374.031453450521,2383.48974609375,1030147,0.0,0.0
2020-01-31 00:00:00+09:00,2444.968798231447,2558.468316911437,2317.2818397164588,2322.010986328125,1692768,0.0,0.0
2020-02-03 00:00:00+09:00,2265.261280647851,2407.135682358572,2213.240666687253,2392.9482421875,658913,0.0,0.0
2020-02-04 00:00:00+09:00,2459.155984526699,2520.6348841398667,2416.593669409891,2435.51025390625,880303,0.0,0.0
2020-02-05 00:00:00+09:00,2501.718363520784,2553.738972214033,2407.135438623968,2506.447509765625,859247,0.0,0.0
2020-02-06 00:00:00+09:00,2506.447509765625,2520.6349485001474,2468.6143398068984,2506.447509765625,414137,0.0,0.0
2020-02-07 00:00:00+09:00,2482.801715147148,2487.530861271238,2402.406231037621,2435.51025390625,600737,0.0,0.0
2020-02-10 00:00:00+09:00,2440.2396598184914,2515.906005859375,2411.8647800531603,2515.906005859375,341504,0.0,0.0
2020-02-11 00:00:00+09:00,2520.6351334573646,2539.5517198247744,2468.614520946988,2492.26025390625,385278,0.0,0.0
2020-02-12 00:00:00+09:00,2496.9891343390805,2515.905718690134,2440.2393812859195,2468.6142578125,258765,0.0,0.0
2020-02-13 00:00:00+09:00,2468.614441270773,2473.343587709989,2421.3229768786127,2454.427001953125,283848,0.0,0.0
2020-02-14 00:00:00+09:00,2454.4270595593403,2544.2808440133426,2454.4270595593403,2525.3642578125,470114,0.0,0.0
2020-02-17 00:00:00+09:00,2525.364280049217,2530.0934266410695,2454.42708117143,2492.26025390625,280824,0.0,0.0
2020-02-18 00:00:00+09:00,2482.8020250475083,2506.4477586193893,2444.968851332499,2449.697998046875,194043,0.0,0.0
2020-02-19 00:00:00+09:00,2449.697875044728,2515.9059257216127,2426.0521426601263,2478.07275390625,315477,0.0,0.0
2020-02-20 00:00:00+09:00,2478.0728365384616,2492.2602764423077,2407.135637019231,2459.15625,304388,0.0,0.0
2020-02-21 00:00:00+09:00,2463.8854381900037,2492.260318476261,2407.1356776174894,2449.697998046875,294685,0.0,0.0
2020-02-24 00:00:00+09:00,2392.9480181065255,2444.9686271957976,2203.782166872808,2359.843994140625,390163,0.0,0.0
2020-02-25 00:00:00+09:00,2303.094414658434,2411.864787424643,2303.094414658434,2402.406494140625,381618,0.0,0.0
2020-02-26 00:00:00+09:00,2383.489686129386,2440.239440561038,2340.927370305647,2426.052001953125,306494,0.0,0.0
2020-02-27 00:00:00+09:00,2440.2397390753335,2440.2397390753335,2293.6361888595675,2303.094482421875,327338,0.0,0.0
2020-02-28 00:00:00+09:00,2232.1571061054515,2269.9902773953745,2118.657592235683,2147.032470703125,370093,0.0,0.0
2020-03-02 00:00:00+09:00,2147.032390708112,2227.42787670379,2118.6575132978724,2222.69873046875,174317,0.0,0.0
2020-03-03 00:00:00+09:00,2288.906860862317,2326.7400321162395,2255.8028360151347,2260.531982421875,291239,0.0,0.0
2020-03-04 00:00:00+09:00,2222.6988291114267,2374.0315153488004,2222.6988291114267,2340.927490234375,222310,0.0,0.0
2020-03-05 00:00:00+09:00,2364.5733023732605,2435.5105014444584,2345.656715954274,2378.7607421875,330557,0.0,0.0
2020-03-06 00:00:00+09:00,2331.4694575195313,2392.9483681640627,2307.82372265625,2364.573486328125,239552,0.0,0.0
2020-03-09 00:00:00+09:00,2331.469310992697,2331.469310992697,2156.4908840013586,2175.407470703125,454923,0.0,0.0
2020-03-10 00:00:00+09:00,2104.469974442697,2208.511186662336,2085.5533904027625,2161.2197265625,306079,0.0,0.0
2020-03-11 00:00:00+09:00,2165.9491259649644,2208.511445034145,1981.5124099985155,1990.970703125,267750,0.0,0.0
2020-03-12 00:00:00+09:00,1901.1168628053615,1981.512352028474,1830.1796664320273,1863.28369140625,465837,0.0,0.0
2020-03-13 00:00:00+09:00,1617.3680829216453,1778.1590619255514,1484.9519825654872,1607.9097900390625,635203,0.0,0.0
2020-03-16 00:00:00+09:00,1598.451477995598,1716.6801376106569,1522.7851358419603,1527.5142822265625,476691,0.0,0.0
2020-03-17 00:00:00+09:00,1371.4524894593253,1560.6183500744048,1352.5359033978175,1489.68115234375,428332,0.0,0.0
2020-03-18 00:00:00+09:00,1513.3269127155172,1541.7017923289332,1366.7233680462016,1371.4525146484375,425326,0.0,0.0
2020-03-19 00:00:00+09:00,1380.9108266022247,1461.3063199318062,1111.349466614804,1116.07861328125,748225,0.0,0.0
2020-03-20 00:00:00+09:00,1116.0786245927848,1248.4947325953185,1116.0786245927848,1224.8489990234375,517879,0.0,0.0
2020-03-23 00:00:00+09:00,1111.3494257566308,1172.8283301601891,1101.891132771468,1125.536865234375,357660,0.0,0.0
2020-03-24 00:00:00+09:00,1153.9117412567139,1229.5780849456787,1144.4534482955933,1210.6614990234375,216551,0.0,0.0
2020-03-25 00:00:00+09:00,1276.8695068359375,1366.7232869466147,1257.9529215494792,1333.6192626953125,394823,0.0,0.0
2020-03-26 00:00:00+09:00,1357.2650342967413,1432.9313776721694,1324.1610090699915,1380.9107666015625,303174,0.0,0.0
2020-03-27 00:00:00+09:00,1423.47314453125,1513.3269310631229,1414.0148512121054,1423.47314453125,361271,0.0,0.0
2020-03-30 00:00:00+09:00,1371.4525986906153,1555.8893274800428,1357.2651580145055,1518.05615234375,431399,0.0,0.0
2020-03-31 00:00:00+09:00,1607.9098105641592,1645.7429825774336,1546.4309060425885,1603.1806640625,400894,0.0,0.0
2020-04-01 00:00:00+09:00,1607.9097900390625,1678.8469866584328,1603.1806435977712,1607.9097900390625,304832,0.0,0.0
2020-04-02 00:00:00+09:00,1593.7222311207324,1655.2011302440842,1574.8056467750857,1636.2845458984375,254845,0.0,0.0
2020-04-03 00:00:00+09:00,1655.2012724034926,1711.9510303144696,1650.4721259109112,1688.3052978515625,325874,0.0,0.0
2020-04-06 00:00:00+09:00,1711.9510498046875,1716.6801963511093,1659.9304377940477,1711.9510498046875,235168,0.0,0.0
2020-04-07 00:00:00+09:00,1763.971619658418,1763.971619658418,1702.4927160242103,1721.4093017578125,175279,0.0,0.0
2020-04-08 00:00:00+09:00,1730.8675537109375,1806.533894856771,1702.49267578125,1787.6173095703125,256813,0.0,0.0
2020-04-09 00:00:00+09:00,1797.0757641218095,1844.3672315986994,1782.8883238787428,1806.5340576171875,152080,0.0,0.0
2020-04-10 00:00:00+09:00,1825.4504381475601,1825.4504381475601,1721.4092214655748,1768.70068359375,194281,0.0,0.0
2020-04-13 00:00:00+09:00,1768.7008097787923,1768.7008097787923,1683.576171875,1683.576171875,148875,0.0,0.0
2020-04-14 00:00:00+09:00,1693.034423157409,1749.784180358216,1693.034423157409,1721.4093017578125,118427,0.0,0.0
2020-04-16 00:00:00+09:00,1730.8675939611487,1754.5133261190879,1702.4927153716217,1749.7841796875,111288,0.0,0.0
2020-04-17 00:00:00+09:00,1792.3465357963285,1872.7420268478788,1787.6173892638842,1825.4505615234375,414898,0.0,0.0
2020-04-20 00:00:00+09:00,1868.012737509645,1929.4916377314814,1844.3670066550926,1915.30419921875,324602,0.0,0.0
2020-04-21 00:00:00+09:00,1896.3878004807693,1934.2209735576923,1749.7842548076924,1844.3671875,435593,0.0,0.0
2020-04-22 00:00:00+09:00,1834.9088545883258,1868.0128803154346,1797.0756823287727,1825.4505615234375,126686,0.0,0.0
2020-04-23 00:00:00+09:00,1853.8253991825063,1853.8253991825063,1815.9922277706185,1834.9088134765625,121697,0.0,0.0
2020-04-24 00:00:00+09:00,1858.5546718417663,1858.5546718417663,1797.0757641218095,1806.5340576171875,179158,0.0,0.0
2020-04-27 00:00:00+09:00,1839.6380848510103,1839.6380848510103,1806.5340576171875,1806.5340576171875,103312,0.0,0.0
2020-04-28 00:00:00+09:00,1815.9921875,1858.5545043945312,1797.0756022135417,1815.9921875,121256,0.0,0.0
2020-04-29 00:00:00+09:00,1834.9088737312181,1863.283753221907,1815.9922874040922,1849.0963134765625,116016,0.0,0.0
2020-05-04 00:00:00+09:00,1834.9089170610314,1834.9089170610314,1801.8048902068376,1811.26318359375,67236,0.0,0.0
2020-05-06 00:00:00+09:00,1844.3671684760552,1844.3671684760552,1811.2631423752027,1820.721435546875,87238,0.0,0.0
2020-05-07 00:00:00+09:00,1839.6381003498727,1872.7421278625955,1801.8049260496184,1858.5546875,224405,0.0,0.0
2020-05-08 00:00:00+09:00,1868.0128173828125,1886.9294028752965,1858.5545246365705,1868.0128173828125,106854,0.0,0.0
2020-05-11 00:00:00+09:00,1886.9294235306947,1886.9294235306947,1834.9088128569163,1863.28369140625,139459,0.0,0.0
2020-05-12 00:00:00+09:00,1872.7420281661184,1872.7420281661184,1768.7008043791118,1797.07568359375,233983,0.0,0.0
2020-05-13 00:00:00+09:00,1773.4298397172317,2336.1982421875,1768.7006934779859,2336.1982421875,3579986,0.0,0.0
2020-05-14 00:00:00+09:00,2440.2395418696533,2771.279789797707,2416.593809874792,2487.531005859375,19802750,0.0,0.0
2020-05-15 00:00:00+09:00,2482.8018594604027,2515.905884253208,2378.760638683015,2487.531005859375,4760035,0.0,0.0
2020-05-18 00:00:00+09:00,2487.5312566497446,2643.593103549824,2383.490025383025,2430.781494140625,9009787,0.0,0.0
2020-05-19 00:00:00+09:00,2430.7814137394266,3159.070008517387,2345.6567727913534,3144.882568359375,16119270,0.0,0.0
2020-05-20 00:00:00+09:00,2809.112993006552,2932.07080078125,2804.383846553679,2932.07080078125,2943095,0.0,0.0
2020-05-21 00:00:00+09:00,2932.0707809324185,2974.6330987201472,2908.425048828125,2908.425048828125,1142338,0.0,0.0
2020-05-22 00:00:00+09:00,2898.966652873411,2941.528969147246,2790.1962890625,2790.1962890625,1649294,0.0,0.0
2020-05-25 00:00:00+09:00,2776.009221983967,3036.112300704782,2690.8845780389734,2898.967041015625,8610681,0.0,0.0
2020-05-26 00:00:00+09:00,2922.612573690526,3097.5909963872077,2794.9256165875418,2832.7587890625,7238569,0.0,0.0
2020-05-27 00:00:00+09:00,2894.237548828125,2927.3415730794272,2771.279744466146,2780.738037109375,1999100,0.0,0.0
2020-05-28 00:00:00+09:00,2804.383918721553,2804.383918721553,2572.6557365674953,2662.509521484375,2346351,0.0,0.0
2020-05-29 00:00:00+09:00,2662.5094216499187,2927.3416198957366,2544.28076171875,2544.28076171875,4005089,0.0,0.0
2020-06-01 00:00:00+09:00,2549.009771993886,2842.216832965353,2549.009771993886,2719.259033203125,5506842,0.0,0.0
2020-06-02 00:00:00+09:00,2719.259322603331,2738.175909195354,2638.8638295872324,2653.05126953125,996830,0.0,0.0
2020-06-03 00:00:00+09:00,2648.322084845735,2690.88440406647,2605.759765625,2605.759765625,653253,0.0,0.0
2020-06-04 00:00:00+09:00,2619.9473370807927,2752.3634479801826,2586.843309355945,2714.5302734375,1752963,0.0,0.0
2020-06-05 00:00:00+09:00,2719.259360291703,2752.3633872865585,2648.3221595884415,2700.3427734375,1022744,0.0,0.0
2020-06-08 00:00:00+09:00,2714.530111533717,2714.530111533717,2648.3220600328946,2695.613525390625,706098,0.0,0.0
2020-06-09 00:00:00+09:00,2695.6136922055716,2794.925775602619,2643.5930770928326,2657.780517578125,1956762,0.0,0.0
2020-06-10 00:00:00+09:00,2657.78014867446,2662.509294846479,2567.9263714061067,2572.655517578125,695398,0.0,0.0
2020-06-11 00:00:00+09:00,2662.5093996332193,2828.029522168144,2605.7596433355307,2634.134521484375,4883468,0.0,0.0
2020-06-12 00:00:00+09:00,2459.1562463287123,2558.468325507372,2411.8647800531603,2515.906005859375,1477822,0.0,0.0
2020-06-15 00:00:00+09:00,2553.739365234375,2955.7168579101562,2336.1986044921878,2364.573486328125,9755432,0.0,0.0
2020-06-16 00:00:00+09:00,2421.322796934866,2511.176572602371,2411.864504759339,2468.6142578125,954163,0.0,0.0
2020-06-17 00:00:00+09:00,2435.5102943584006,2520.6349260058787,2388.218832332024,2426.052001953125,762726,0.0,0.0
2020-06-18 00:00:00+09:00,2392.9483191345453,2444.968934767905,2374.0317316315054,2430.781494140625,517968,0.0,0.0
2020-06-19 00:00:00+09:00,2459.15633959289,2610.489037413991,2369.3025502616115,2577.385009765625,1419071,0.0,0.0
2020-06-22 00:00:00+09:00,2539.5514491289514,2539.5514491289514,2369.3021899694686,2468.6142578125,983133,0.0,0.0
2020-06-23 00:00:00+09:00,2506.4476664006497,2865.862803469422,2487.5310802391355,2638.86376953125,10173180,0.0,0.0
2020-06-24 00:00:00+09:00,2601.030536093199,2709.800903966187,2582.1139503761574,2681.426025390625,1726523,0.0,0.0
2020-06-25 00:00:00+09:00,2605.7596639737217,2695.6134454900566,2577.384785600142,2601.030517578125,813849,0.0,0.0
2020-06-26 00:00:00+09:00,2638.863707527282,2733.4466361124887,2563.197364659116,2681.426025390625,2256418,0.0,0.0
2020-06-29 00:00:00+09:00,2624.676416826424,2676.6970304932543,2539.551776280702,2563.197509765625,823409,0.0,0.0
2020-06-30 00:00:00+09:00,2596.301646087129,2619.947380568797,2487.5312674714573,2511.177001953125,555378,0.0,0.0
2020-07-01 00:00:00+09:00,2520.635295745792,2657.7805557394654,2506.4478550567915,2511.177001953125,1016208,0.0,0.0
2020-07-02 00:00:00+09:00,2558.4680808087905,2629.4052734375,2515.905765231565,2629.4052734375,520056,0.0,0.0
2020-07-03 00:00:00+09:00,2667.2384410184973,2733.446487426758,2539.551494373995,2572.655517578125,1125625,0.0,0.0
2020-07-06 00:00:00+09:00,2572.655794500883,2733.4467816571887,2563.1975011387476,2676.697021484375,3002683,0.0,0.0
2020-07-07 00:00:00+09:00,3097.5910760994093,3102.320222780477,2676.697021484375,2676.697021484375,11301380,0.0,0.0
2020-07-08 00:00:00+09:00,2705.07177734375,2728.717509663188,2624.6762874576593,2705.07177734375,1641892,0.0,0.0
2020-07-09 00:00:00+09:00,2695.6133198909624,2705.071612241457,2615.217834911758,2629.4052734375,1333241,0.0,0.0
2020-07-10 00:00:00+09:00,2634.1347529658565,2809.11318359375,2530.0935239438654,2553.7392578125,3751453,0.0,0.0
2020-07-13 00:00:00+09:00,2572.655742694805,2629.4055017248374,2506.4476904931007,2549.010009765625,1131328,0.0,0.0
2020-07-14 00:00:00+09:00,2553.7390554449858,2553.7390554449858,2487.531005859375,2487.531005859375,650704,0.0,0.0
2020-07-15 00:00:00+09:00,2520.635089641578,2667.2386314406194,2501.7185036029923,2558.46826171875,2004885,0.0,0.0
2020-07-16 00:00:00+09:00,2728.7173431176934,2728.7173431176934,2563.197226984038,2629.4052734375,3464202,0.0,0.0
2020-07-17 00:00:00+09:00,2629.4054870095993,2875.321108096828,2629.4054870095993,2832.7587890625,7225487,0.0,0.0
2020-07-20 00:00:00+09:00,2846.946241633907,2979.3623458959496,2794.925629245248,2969.904052734375,6777846,0.0,0.0
2020-07-21 00:00:00+09:00,3040.8411725959522,3069.2160513449035,2794.9255567717073,2818.5712890625,4329721,0.0,0.0
2020-07-22 00:00:00+09:00,2785.4673095703124,2785.4673095703124,2667.2386461759866,2695.613525390625,1865387,0.0,0.0
2020-07-23 00:00:00+09:00,2709.800782502003,2794.925414413061,2671.9676127637554,2766.550537109375,1928573,0.0,0.0
2020-07-24 00:00:00+09:00,2766.5507034706857,2766.5507034706857,2643.5928944275443,2671.9677734375,1212796,0.0,0.0
2020-07-27 00:00:00+09:00,2676.6971048918485,2705.0719858624334,2643.5930770928326,2657.780517578125,923291,0.0,0.0
2020-07-28 00:00:00+09:00,2700.342791663276,2870.59207450019,2601.030710008409,2723.988525390625,2747905,0.0,0.0
2020-07-29 00:00:00+09:00,2728.7173673711272,2946.2580933660524,2667.2384665464742,2766.550537109375,5575392,0.0,0.0
2020-07-30 00:00:00+09:00,2766.5506813742895,2804.383853085391,2695.6134844159747,2705.07177734375,1031936,0.0,0.0
2020-07-31 00:00:00+09:00,2705.0718135127313,2828.0296232178557,2695.613520458491,2809.113037109375,1951938,0.0,0.0
2020-08-03 00:00:00+09:00,2851.6752319335938,2889.5084025065107,2766.5505981445312,2780.738037109375,2569028,0.0,0.0
2020-08-04 00:00:00+09:00,2804.3838496880244,2846.9461678114512,2771.279824480914,2818.5712890625,1063704,0.0,0.0
2020-08-05 00:00:00+09:00,2818.571330163615,2908.425114178898,2809.113037109375,2809.113037109375,2392152,0.0,0.0
2020-08-06 00:00:00+09:00,2837.487850278756,3026.6537069640062,2809.112971775968,3021.924560546875,6816448,0.0,0.0
2020-08-07 00:00:00+09:00,2979.3622653099796,3012.4662904800907,2908.425068516885,2932.07080078125,2635029,0.0,0.0
2020-08-10 00:00:00+09:00,2936.7999987150492,3811.6921078330593,2936.7999987150492,3594.1513671875,49504600,0.0,0.0
2020-08-11 00:00:00+09:00,3778.588122082995,3877.9002003855517,3518.485059862013,3641.44287109375,13549520,0.0,0.0
2020-08-12 00:00:00+09:00,3570.5055742755117,3622.5261852914464,3428.6311805956902,3579.9638671875,4137128,0.0,0.0
2020-08-13 00:00:00+09:00,3579.963830446224,3925.1915181907084,3305.673338813621,3362.423095703125,15235470,0.0,0.0
2020-08-14 00:00:00+09:00,3291.4856761425217,3362.422867438697,3206.3610465871116,3272.569091796875,2354139,0.0,0.0
2020-08-18 00:00:00+09:00,3230.0069823433732,3263.1110070526024,2908.425028025146,2941.529052734375,2420139,0.0,0.0
2020-08-19 00:00:00+09:00,2979.362424454599,3059.7579184478186,2865.8629035229956,3007.7373046875,1435333,0.0,0.0
2020-08-20 00:00:00+09:00,2998.278789655354,3007.737082367201,2728.717447367728,2804.3837890625,1991055,0.0,0.0
2020-08-21 00:00:00+09:00,2856.4044193535747,2894.23759047084,2752.363198781093,2828.029541015625,1034621,0.0,0.0
2020-08-24 00:00:00+09:00,2790.19634999473,2861.133545333579,2714.530008299958,2804.3837890625,824414,0.0,0.0
2020-08-25 00:00:00+09:00,2865.8626908807737,2922.612447135839,2842.21695910783,2917.88330078125,1016690,0.0,0.0
2020-08-26 00:00:00+09:00,2922.6125273437497,2974.633138671875,2889.508501953125,2955.716552734375,1106899,0.0,0.0
2020-08-27 00:00:00+09:00,2998.2789233104295,3348.235769248871,2922.6125782426584,3140.1533203125,6684701,0.0,0.0
2020-08-28 00:00:00+09:00,3159.0697640405615,3215.819520280811,3021.9245197932914,3031.3828125,1824928,0.0,0.0
2020-08-31 00:00:00+09:00,3026.653625583204,3097.59081993281,3012.4661867132822,3040.841064453125,746774,0.0,0.0
2020-09-01 00:00:00+09:00,3088.132568359375,3196.9029344731052,3059.75769024275,3088.132568359375,1344612,0.0,0.0
2020-09-02 00:00:00+09:00,3149.6116586538465,3149.6116586538465,3040.8412860576923,3073.9453125,725861,0.0,0.0
2020-09-03 00:00:00+09:00,3073.9451090494795,3135.4240112304688,3055.028523763021,3064.48681640625,837871,0.0,0.0
2020-09-04 00:00:00+09:00,2875.3211181640627,3031.3829551696776,2875.3211181640627,3026.65380859375,801148,0.0,0.0
2020-09-07 00:00:00+09:00,3026.6536458333335,3083.4034016927085,2984.0913289388022,3064.48681640625,875254,0.0,0.0
2020-09-08 00:00:00+09:00,3107.0493233486372,3107.0493233486372,2979.362364854858,2993.5498046875,634815,0.0,0.0
2020-09-09 00:00:00+09:00,3021.92447929323,3310.402402981629,3021.92447929323,3040.841064453125,5079735,0.0,0.0
2020-09-10 00:00:00+09:00,3064.4869906387667,3248.9237076679515,3059.757844048275,3220.548828125,2685464,0.0,0.0
2020-09-11 00:00:00+09:00,3192.1736433699325,3220.5485201998877,3125.965597433371,3149.611328125,1072502,0.0,0.0
2020-09-14 00:00:00+09:00,3168.5283849993325,3343.506818200788,3144.8826507829194,3319.861083984375,3204795,0.0,0.0
2020-09-15 00:00:00+09:00,3319.861005887518,3324.590152619551,3248.9238049070154,3282.02783203125,1471094,0.0,0.0
2020-09-16 00:00:00+09:00,3305.6735133409857,3315.131806655266,3121.2367937125186,3154.3408203125,1440556,0.0,0.0
2020-09-17 00:00:00+09:00,3192.1736083278765,3674.546509141867,3173.25702398223,3272.569091796875,23850730,0.0,0.0
2020-09-18 00:00:00+09:00,3225.2779780047176,3244.194564385977,3135.4241926937357,3163.799072265625,1940893,0.0,0.0
2020-09-21 00:00:00+09:00,3192.173910354182,3504.2975815888135,3149.6115915494597,3173.25732421875,7663898,0.0,0.0
2020-09-22 00:00:00+09:00,3211.09044508966,3617.797040491296,3196.9030057151845,3523.214111328125,26843570,0.0,0.0
2020-09-23 00:00:00+09:00,3471.193421367912,3490.110006770462,3182.7154939790253,3315.131591796875,6554309,0.0,0.0
2020-09-24 00:00:00+09:00,3192.1739623444905,3234.736281842417,2965.1749250222156,2993.5498046875,2944120,0.0,0.0
2020-09-25 00:00:00+09:00,3003.0079574329798,3083.4034460571697,2828.029541015625,2828.029541015625,1533811,0.0,0.0
2020-09-28 00:00:00+09:00,2842.2168994617773,2946.2581170793464,2837.4877532064334,2903.69580078125,470010,0.0,0.0
2020-09-29 00:00:00+09:00,2922.612562789799,3078.674398666924,2913.154269706337,3059.7578125,1015044,0.0,0.0
2020-10-05 00:00:00+09:00,3026.6536861455106,3055.028564453125,2969.9039295302823,3055.028564453125,574746,0.0,0.0
2020-10-06 00:00:00+09:00,3092.862067391939,3097.5912142839757,3026.6540109034268,3036.1123046875,563056,0.0,0.0
2020-10-07 00:00:00+09:00,2984.0914894104003,3088.1327140808107,2984.0914894104003,3026.65380859375,521652,0.0,0.0
2020-10-08 00:00:00+09:00,3040.8412263330756,3097.5909848338483,3012.466347082689,3059.7578125,891628,0.0,0.0
2020-10-12 00:00:00+09:00,3107.0491333007812,3225.277791341146,3026.6536458333335,3177.986328125,2716087,0.0,0.0
2020-10-13 00:00:00+09:00,3177.986307989691,3239.465209781158,3130.6948450731775,3211.09033203125,1330658,0.0,0.0
2020-10-14 00:00:00+09:00,3196.9029544659516,3253.6527110541047,3159.069783407183,3168.528076171875,986322,0.0,0.0
2020-10-15 00:00:00+09:00,3187.445005232671,3196.9032990167443,2984.091688875097,3036.1123046875,849607,0.0,0.0
2020-10-16 00:00:00+09:00,3040.8412743904737,3097.5910337881187,2865.8628495810685,2936.800048828125,527064,0.0,0.0
2020-10-19 00:00:00+09:00,2903.6958824282788,2960.4456390881146,2842.216979380123,2884.779296875,358151,0.0,0.0
2020-10-20 00:00:00+09:00,2856.404642303719,2894.237816373967,2780.738294163223,2861.1337890625,417631,0.0,0.0
2020-10-21 00:00:00+09:00,2865.862548828125,2889.508279429017,2837.4876721070545,2865.862548828125,205608,0.0,0.0
2020-10-22 00:00:00+09:00,2865.8626916895028,2880.050130757272,2804.3837890625,2804.3837890625,333425,0.0,0.0
2020-10-23 00:00:00+09:00,2818.571308561252,2960.4457032874893,2790.1964296160045,2842.217041015625,1017694,0.0,0.0
2020-10-26 00:00:00+09:00,2818.571338065636,2842.217070767529,2629.4054764504926,2638.86376953125,496374,0.0,0.0
2020-10-27 00:00:00+09:00,2582.113851499041,2709.800800199543,2577.384705250874,2619.947021484375,280770,0.0,0.0
2020-10-28 00:00:00+09:00,2615.2177793611895,2728.71728515625,2615.2177793611895,2728.71728515625,157002,0.0,0.0
2020-10-29 00:00:00+09:00,2681.426186583297,2700.3427734375,2629.4055727342384,2700.3427734375,202902,0.0,0.0
2020-10-30 00:00:00+09:00,2738.1758093206317,3509.026684828858,2709.800930467568,3125.9658203125,48323080,0.0,0.0
2020-11-02 00:00:00+09:00,3073.9451090494795,3215.819498697917,3045.570231119792,3177.986328125,5298480,0.0,0.0
2020-11-03 00:00:00+09:00,3343.506625871717,3702.921765286498,3083.403564453125,3083.403564453125,31431510,0.0,0.0
2020-11-04 00:00:00+09:00,3111.7784071180554,3211.0904839409723,2955.716572110615,2979.3623046875,3375662,0.0,0.0
2020-11-05 00:00:00+09:00,3036.1118997183326,3319.860675392943,2998.2787296283846,3187.444580078125,11075400,0.0,0.0
2020-11-06 00:00:00+09:00,3215.819498697917,3362.4230346679688,3206.3612060546875,3348.235595703125,8377001,0.0,0.0
2020-11-09 00:00:00+09:00,3452.2768963824265,3603.609582251245,3409.714578481821,3442.818603515625,9872698,0.0,0.0
2020-11-10 00:00:00+09:00,3404.9854307432433,3537.4015308277026,3263.1110377956084,3499.568359375,2782624,0.0,0.0
2020-11-11 00:00:00+09:00,3504.297508538102,3527.9432407144727,3386.06884765625,3386.06884765625,1859015,0.0,0.0
2020-11-12 00:00:00+09:00,3343.5066519723814,3485.3810502173196,3315.1317723233933,3357.694091796875,1610158,0.0,0.0
2020-11-13 00:00:00+09:00,3357.6938883463545,3400.2562052408857,3267.8401082356772,3348.235595703125,971932,0.0,0.0
2020-11-16 00:00:00+09:00,3352.965062572338,3352.965062572338,3182.7157787181714,3192.174072265625,1360539,0.0,0.0
2020-11-17 00:00:00+09:00,3168.528076171875,3286.756735730527,3144.8823442601447,3168.528076171875,836445,0.0,0.0
2020-11-18 00:00:00+09:00,3168.5281156652113,3248.9236051671646,3163.7989692239203,3215.819580078125,537964,0.0,0.0
2020-11-19 00:00:00+09:00,3225.2779141316373,3248.923646639934,3168.528156111726,3206.361328125,460254,0.0,0.0
2020-11-20 00:00:00+09:00,3211.0905947322735,3258.382061517727,3201.632301375183,3234.736328125,496201,0.0,0.0
2020-11-23 00:00:00+09:00,3286.756860857179,3286.756860857179,3177.986489922337,3196.903076171875,651612,0.0,0.0
2020-11-24 00:00:00+09:00,3244.194519668512,3282.0276919095445,3220.548787017867,3230.007080078125,775167,0.0,0.0
2020-11-25 00:00:00+09:00,3244.1942508915167,3282.027419998123,3078.674136050113,3149.611328125,999968,0.0,0.0
2020-11-26 00:00:00+09:00,3159.070008517387,3177.986595394737,3111.778541324013,3144.882568359375,425023,0.0,0.0
2020-11-27 00:00:00+09:00,3116.5077238859953,3201.6323658130786,3116.5077238859953,3192.174072265625,495223,0.0,0.0
2020-11-30 00:00:00+09:00,3196.9030791133287,3225.2779585137428,3140.1533203125,3140.1533203125,340320,0.0,0.0
2020-12-01 00:00:00+09:00,3116.507565812454,3187.444763820324,3116.507565812454,3173.25732421875,327755,0.0,0.0
2020-12-02 00:00:00+09:00,3220.548952907986,3244.19468677662,3177.9866319444445,3192.174072265625,453851,0.0,0.0
2020-12-03 00:00:00+09:00,3196.903163470644,3220.548896928267,3121.23681640625,3121.23681640625,456234,0.0,0.0
2020-12-04 00:00:00+09:00,3125.9659254807693,3140.1533653846154,3050.2995793269233,3073.9453125,439214,0.0,0.0
2020-12-07 00:00:00+09:00,3050.2995414733887,3073.9452743530273,2969.9040496826174,3026.65380859375,448982,0.0,0.0
2020-12-08 00:00:00+09:00,3040.841167594813,3116.5075108009046,2988.820556640625,2988.820556640625,494470,0.0,0.0
2020-12-09 00:00:00+09:00,2988.820495319813,3088.1325687402496,2988.820495319813,3031.3828125,559095,0.0,0.0
2020-12-10 00:00:00+09:00,3031.3827718731773,3069.2159421929673,3021.92447929323,3040.841064453125,231554,0.0,0.0
2020-12-11 00:00:00+09:00,3050.29974536361,3059.758039147683,3021.92486401139,3036.1123046875,268905,0.0,0.0
2020-12-14 00:00:00+09:00,3017.195455075059,3040.8411874816034,2979.362283224588,3012.46630859375,315489,0.0,0.0
2020-12-15 00:00:00+09:00,2998.2788691498235,3055.02862692553,2988.8205761872055,3012.46630859375,258519,0.0,0.0
2020-12-16 00:00:00+09:00,3012.4662260114706,3206.3612264297913,3012.4662260114706,3201.632080078125,1475056,0.0,0.0
2020-12-17 00:00:00+09:00,3215.8196430234725,3220.5487895573306,3130.695005414028,3173.25732421875,746240,0.0,0.0
2020-12-18 00:00:00+09:00,3173.257374078455,3721.83838062555,3121.2367613886445,3357.694091796875,16791000,0.0,0.0
2020-12-21 00:00:00+09:00,3362.423095703125,3390.797974147877,3239.465289109199,3362.423095703125,2233302,0.0,0.0
2020-12-22 00:00:00+09:00,3338.777194079571,3357.693778748577,3092.861593382492,3116.50732421875,1545759,0.0,0.0
2020-12-23 00:00:00+09:00,3092.861655543914,3386.068723806487,3012.4661690848216,3244.1943359375,2809328,0.0,0.0
2020-12-24 00:00:00+09:00,3201.6322868839015,3258.3820467695837,3144.8825269982194,3154.3408203125,778327,0.0,0.0
2020-12-28 00:00:00+09:00,3154.3406547579134,3390.7979752045335,3121.2366298953866,3305.67333984375,3093243,0.0,0.0
2020-12-29 00:00:00+09:00,3387.8320140759697,3513.486268521013,3349.169166554418,3503.820556640625,2641087,75.0,0.0
2020-12-30 00:00:00+09:00,3547.3160737889016,3547.3160737889016,3460.3246714344054,3513.486083984375,2486482,0.0,0.0
2021-01-04 00:00:00+09:00,3861.4517454271454,4248.080205545008,3629.4746693564284,3639.140380859375,20602540,0.0,0.0
2021-01-05 00:00:00+09:00,3547.3162601023705,3552.1491160425644,3392.6648700161636,3503.820556640625,3879612,0.0,0.0
2021-01-06 00:00:00+09:00,3469.990455313608,3523.1518689744016,3407.163330078125,3407.163330078125,1946790,0.0,0.0
2021-01-07 00:00:00+09:00,3407.1634300482233,4199.751802428235,3402.3305741190766,3977.4404296875,45866230,0.0,0.0
2021-01-08 00:00:00+09:00,4315.740234375,4929.512921682531,4281.9102437360025,4315.740234375,65733930,0.0,0.0
2021-01-11 00:00:00+09:00,4393.065853931865,4716.8671875,4243.247326460041,4716.8671875,14817170,0.0,0.0
2021-01-12 00:00:00+09:00,4475.2246334067395,4542.884617065157,4170.754706943862,4320.5732421875,5176258,0.0,0.0
2021-01-13 00:00:00+09:00,4306.074542002395,4344.737388619701,4025.7689040269306,4161.0888671875,2965705,0.0,0.0
2021-01-14 00:00:00+09:00,4151.42342498286,4325.406246053154,4069.2648705885535,4185.25341796875,3465569,0.0,0.0
2021-01-15 00:00:00+09:00,4136.924565153302,4286.743094966097,4006.437458542158,4098.26171875,1894827,0.0,0.0
2021-01-18 00:00:00+09:00,4011.270243452565,4069.264512032602,3885.6159948624845,3909.7802734375,1388649,0.0,0.0
2021-01-19 00:00:00+09:00,3900.11500015431,4687.87057019787,3880.783575122566,4281.91064453125,24176780,0.0,0.0
2021-01-20 00:00:00+09:00,4291.575860067905,4460.725809507518,4238.414447386884,4359.23583984375,4562507,0.0,0.0
2021-01-21 00:00:00+09:00,4402.731874798415,4407.564730862959,4199.751920087621,4214.25048828125,2095826,0.0,0.0
2021-01-22 00:00:00+09:00,4209.417566668742,4629.876037736689,4170.754718754449,4243.24755859375,9036338,0.0,0.0
2021-01-25 00:00:00+09:00,4243.247482638889,4286.743185763889,4093.4289496527776,4132.091796875,1727388,0.0,0.0
2021-01-26 00:00:00+09:00,4141.757203436401,4509.054224978018,4122.42578125,4122.42578125,8378457,0.0,0.0
2021-01-27 00:00:00+09:00,4127.258671341486,4199.75150514725,4030.6015596004677,4069.264404296875,1457414,0.0,0.0
2021-01-28 00:00:00+09:00,3958.108773051275,4040.2673190120463,3856.6188045114986,3861.45166015625,1522075,0.0,0.0
2021-01-29 00:00:00+09:00,3909.780337565104,3919.4460491536456,3523.1518740234374,3624.641845703125,1602203,0.0,0.0
2021-02-01 00:00:00+09:00,3605.31043593048,3817.9560916690066,3479.656184812259,3764.794677734375,1535286,0.0,0.0
2021-02-02 00:00:00+09:00,3793.791716135093,3875.9502628539417,3721.298880794932,3808.290283203125,979611,0.0,0.0
2021-02-03 00:00:00+09:00,3856.6188880864174,4011.2702720698326,3842.120320837972,3933.944580078125,1327410,0.0,0.0
2021-02-04 00:00:00+09:00,3938.7775662771783,3958.1089899153485,3856.6190158149548,3875.950439453125,582242,0.0,0.0
2021-02-05 00:00:00+09:00,3885.6159948624845,4030.6016663125774,3885.6159948624845,3909.7802734375,1493099,0.0,0.0
2021-02-08 00:00:00+09:00,3875.9503614158775,3875.9503614158775,3730.9646870487004,3764.794677734375,586773,0.0,0.0
2021-02-09 00:00:00+09:00,3759.961741613963,3798.6245872860864,3653.638916015625,3653.638916015625,496974,0.0,0.0
2021-02-10 00:00:00+09:00,3672.9702688182842,3904.94733842786,3624.6417126496226,3759.961669921875,1113665,0.0,0.0
2021-02-15 00:00:00+09:00,3798.6245335008134,4049.9330268113,3755.128832735537,3900.114501953125,2480810,0.0,0.0
2021-02-16 00:00:00+09:00,3871.11727935791,3933.944401245117,3846.953001708984,3866.284423828125,612778,0.0,0.0
2021-02-17 00:00:00+09:00,3929.1118215620145,3948.4432450383347,3808.2904248350155,3890.448974609375,722799,0.0,0.0
2021-02-18 00:00:00+09:00,3914.613297114734,4054.766118863286,3827.621890512184,4016.103271484375,2519986,0.0,0.0
2021-02-19 00:00:00+09:00,4059.599031000854,4262.578982550897,3962.9419112151195,4243.24755859375,6218652,0.0,0.0
2021-02-22 00:00:00+09:00,4219.083147073779,4223.916002912352,4049.9331927237426,4083.76318359375,2144529,0.0,0.0
2021-02-23 00:00:00+09:00,3962.94159010162,4049.9329908599484,3933.9444565155104,3953.27587890625,835048,0.0,0.0
2021-02-24 00:00:00+09:00,3967.7746613820395,3972.6075172424316,3663.3047421773276,3711.63330078125,932510,0.0,0.0
2021-02-25 00:00:00+09:00,3774.46027921351,3996.7716400890818,3750.2960008574696,3962.941650390625,937324,0.0,0.0
2021-02-26 00:00:00+09:00,3764.7945440167096,3962.941625280747,3759.961688376123,3900.114501953125,541589,0.0,0.0
2021-03-02 00:00:00+09:00,3962.9417948820155,4011.270353356186,3774.4604168327487,3788.958984375,491744,0.0,0.0
2021-03-03 00:00:00+09:00,3793.791835283992,3827.621826171875,3745.463276872731,3827.621826171875,326713,0.0,0.0
2021-03-04 00:00:00+09:00,3803.4576445636776,3837.287636319644,3769.627652807711,3784.126220703125,267397,0.0,0.0
2021-03-05 00:00:00+09:00,3745.4633577602117,3784.126205324188,3619.8091031772883,3682.63623046875,503408,0.0,0.0
2021-03-08 00:00:00+09:00,3764.7945421006943,3764.7945421006943,3566.6474609375,3566.6474609375,376210,0.0,0.0
2021-03-09 00:00:00+09:00,3581.146285207648,3663.30483696005,3426.4948936737146,3489.322021484375,610900,0.0,0.0
2021-03-10 00:00:00+09:00,3634.307570803915,4393.065933325477,3561.8147336203265,3764.794677734375,20611330,0.0,0.0
2021-03-11 00:00:00+09:00,3730.964851065075,3938.7776601269898,3672.9705787687267,3871.11767578125,3092091,0.0,0.0
2021-03-12 00:00:00+09:00,4011.2704448482937,4030.6018686788875,3798.6247827117572,3822.7890625,2398859,0.0,0.0
2021-03-15 00:00:00+09:00,3822.7889606740214,3914.6132214234603,3817.9561048451033,3904.947509765625,914729,0.0,0.0
2021-03-16 00:00:00+09:00,3967.774448724441,4040.2672827449846,3871.117336697049,3914.613037109375,1316271,0.0,0.0
2021-03-17 00:00:00+09:00,3967.7746685146544,4190.086038492333,3885.616118740295,3890.448974609375,4462331,0.0,0.0
2021-03-18 00:00:00+09:00,3953.276319351105,4146.590564796147,3909.7806141259707,4045.1005859375,5232102,0.0,0.0
2021-03-19 00:00:00+09:00,4001.604528046588,4006.437383756789,3924.278836683369,3948.443115234375,1007369,0.0,0.0
2021-03-22 00:00:00+09:00,3982.273330612562,3982.273330612562,3866.2847870024875,3885.6162109375,1022654,0.0,0.0
2021-03-23 00:00:00+09:00,3943.6102061170213,4136.924431907071,3861.45166015625,3861.45166015625,2154879,0.0,0.0
2021-03-24 00:00:00+09:00,3784.1260047564047,3895.281685611318,3779.2931490670603,3808.290283203125,496259,0.0,0.0
2021-03-25 00:00:00+09:00,3798.6245755709137,3822.7888540414665,3750.296018629808,3769.62744140625,377698,0.0,0.0
2021-03-26 00:00:00+09:00,3735.797515317143,3798.624640413033,3677.80324599786,3740.63037109375,427411,0.0,0.0
2021-03-29 00:00:00+09:00,3706.8004829275715,3750.296186117074,3653.63906791818,3658.471923828125,426599,0.0,0.0
2021-03-30 00:00:00+09:00,3677.803070389597,3745.463048031456,3658.471648206209,3672.97021484375,264955,0.0,0.0
2021-03-31 00:00:00+09:00,3697.1344925729854,3701.9673481188324,3658.471648206209,3672.97021484375,201451,0.0,0.0
2021-04-01 00:00:00+09:00,3692.301877339681,3735.7975800832114,3672.9704538981123,3711.63330078125,252742,0.0,0.0
2021-04-02 00:00:00+09:00,3750.2959618506493,3764.794528713474,3706.8002612621754,3721.298828125,306465,0.0,0.0
2021-04-05 00:00:00+09:00,3721.2990780327264,3721.2990780327264,3672.9705185777557,3682.63623046875,310482,0.0,0.0
2021-04-06 00:00:00+09:00,3682.636322863625,3866.2848534001314,3668.1377546633744,3677.803466796875,1418956,0.0,0.0
2021-04-07 00:00:00+09:00,3682.6362033778482,3716.466194747461,3643.973356098291,3658.471923828125,382393,0.0,0.0
2021-04-08 00:00:00+09:00,3668.137483142671,3682.636050269717,3629.474637470548,3653.638916015625,310498,0.0,0.0
2021-04-09 00:00:00+09:00,3668.1375388202714,3726.131808208734,3653.638971473156,3701.967529296875,333489,0.0,0.0
2021-04-12 00:00:00+09:00,3721.2987579345704,3948.4429678344727,3706.800191345215,3866.284423828125,2186378,0.0,0.0
2021-04-13 00:00:00+09:00,3991.938942621848,4136.924618503997,3875.9504019161286,3929.11181640625,4785096,0.0,0.0
2021-04-14 00:00:00+09:00,4006.4374537865815,4006.4374537865815,3856.618924151619,3880.783203125,788687,0.0,0.0
2021-04-15 00:00:00+09:00,3909.780309844435,3958.10886744449,3851.7860407243693,3856.618896484375,712372,0.0,0.0
2021-04-16 00:00:00+09:00,3856.618896484375,3924.2788771244514,3856.618896484375,3856.618896484375,390489,0.0,0.0
2021-04-19 00:00:00+09:00,3914.613248818035,4088.5960598766146,3856.6189784651756,3929.11181640625,2773996,0.0,0.0
2021-04-20 00:00:00+09:00,3962.9417145750153,3987.1059933224237,3890.4488783327893,3933.944580078125,817840,0.0,0.0
2021-04-21 00:00:00+09:00,3953.275939048209,4025.7687741163304,3842.120258610423,3962.941650390625,1162909,0.0,0.0
2021-04-22 00:00:00+09:00,3967.774480921333,3982.2730478430917,3890.448790671953,3900.114501953125,405055,0.0,0.0
2021-04-23 00:00:00+09:00,3871.1174637643912,3909.780309844435,3846.953184964364,3856.618896484375,347342,0.0,0.0
2021-04-26 00:00:00+09:00,3904.94745846519,3904.94745846519,3798.624631625791,3817.9560546875,310519,0.0,0.0
2021-04-27 00:00:00+09:00,3837.2875600494954,3933.9446774310945,3803.4575689659355,3890.448974609375,628128,0.0,0.0
2021-04-28 00:00:00+09:00,3904.9475637734477,3904.9475637734477,3730.964751526116,3735.797607421875,445734,0.0,0.0
2021-04-29 00:00:00+09:00,3769.627449075589,3769.627449075589,3663.304623588842,3692.3017578125,291758,0.0,0.0
2021-04-30 00:00:00+09:00,3706.800328814794,3730.964607359871,3629.474637470548,3653.638916015625,326741,0.0,0.0
2021-05-03 00:00:00+09:00,3653.639040683178,3759.961869909408,3629.47476131358,3634.3076171875,292766,0.0,0.0
2021-05-04 00:00:00+09:00,3619.809054795132,3687.469037127751,3474.8233783680907,3595.644775390625,400356,0.0,0.0
2021-05-06 00:00:00+09:00,3552.148890763761,3643.9731478039125,3552.148890763761,3605.310302734375,192302,0.0,0.0
2021-05-07 00:00:00+09:00,3605.310302734375,3682.63599287345,3595.6445914669907,3605.310302734375,419728,0.0,0.0
2021-05-10 00:00:00+09:00,3610.1431831691575,3721.2988635076995,3610.1431831691575,3668.137451171875,306579,0.0,0.0
2021-05-11 00:00:00+09:00,3643.9731158471714,3663.3045382124083,3585.97884875146,3619.808837890625,249236,0.0,0.0
2021-05-12 00:00:00+09:00,3619.80890531994,3639.1403280452805,3494.154657605229,3552.14892578125,234050,0.0,0.0
2021-05-13 00:00:00+09:00,3479.656229222074,3904.9475461269944,3455.4919498524764,3634.3076171875,4647066,0.0,0.0
2021-05-14 00:00:00+09:00,3614.976134114583,3677.8032594401043,3595.6447109375,3624.641845703125,300138,0.0,0.0
2021-05-17 00:00:00+09:00,3668.1376190185547,3668.1376190185547,3547.31622181768,3556.98193359375,258244,0.0,0.0
2021-05-18 00:00:00+09:00,3503.8203689678994,3566.647492825255,3503.8203689678994,3552.14892578125,157449,0.0,0.0
2021-05-20 00:00:00+09:00,3552.149077705715,3571.480501257855,3513.486230601435,3556.98193359375,151440,0.0,0.0
2021-05-21 00:00:00+09:00,3595.644786122081,3595.644786122081,3518.319091796875,3518.319091796875,162301,0.0,0.0
2021-05-24 00:00:00+09:00,3518.318980071504,3537.65040303893,3421.661865234375,3421.661865234375,185640,0.0,0.0
2021-05-25 00:00:00+09:00,3421.662076410865,3469.9906368121483,3421.662076410865,3436.16064453125,130102,0.0,0.0
2021-05-26 00:00:00+09:00,3416.8290964406688,3465.157655089052,3411.9962405758306,3455.491943359375,183148,0.0,0.0
2021-05-27 00:00:00+09:00,3479.6562226835667,3571.480484115494,3431.3276640351837,3455.491943359375,279203,0.0,0.0
2021-05-28 00:00:00+09:00,3465.1574391682943,3523.1517059326175,3440.9931613498266,3479.656005859375,202534,0.0,0.0
2021-05-31 00:00:00+09:00,3532.8176809869474,3701.9676383529436,3494.154833589005,3581.146240234375,1382099,0.0,0.0
2021-06-01 00:00:00+09:00,3619.809060138205,3619.809060138205,3547.31622181768,3556.98193359375,250597,0.0,0.0
2021-06-02 00:00:00+09:00,3561.8147295294407,3605.3104317896373,3537.650450495998,3547.316162109375,265548,0.0,0.0
2021-06-03 00:00:00+09:00,3547.3160040209864,3634.307404664553,3537.650292838368,3619.808837890625,381518,0.0,0.0
2021-06-04 00:00:00+09:00,3619.8089299329463,3648.806064218123,3585.9789399335727,3614.97607421875,282350,0.0,0.0
2021-06-07 00:00:00+09:00,3629.474580902836,3634.3074365365283,3576.3131689322217,3605.310302734375,226561,0.0,0.0
2021-06-08 00:00:00+09:00,3605.310427107901,3697.134687315743,3542.4833017025353,3585.97900390625,579236,0.0,0.0
2021-06-09 00:00:00+09:00,3585.979155713745,3672.970563803836,3561.81487568872,3590.81201171875,679546,0.0,0.0
2021-06-10 00:00:00+09:00,3566.647520982897,3726.1317597260345,3566.647520982897,3576.313232421875,1224457,0.0,0.0
2021-06-11 00:00:00+09:00,3610.1433969998548,3706.8005160627695,3581.1462612809805,3643.973388671875,848624,0.0,0.0
2021-06-14 00:00:00+09:00,3687.4690318006146,3687.4690318006146,3629.47476131358,3634.3076171875,287465,0.0,0.0
2021-06-15 00:00:00+09:00,3653.638916015625,3735.7974630688864,3634.307493179563,3653.638916015625,405680,0.0,0.0
2021-06-16 00:00:00+09:00,3672.9704915579587,3697.1347711076824,3624.641932458512,3658.471923828125,257367,0.0,0.0
2021-06-17 00:00:00+09:00,3643.973291719569,3721.298984912557,3614.9761567721985,3687.468994140625,296199,0.0,0.0
2021-06-18 00:00:00+09:00,3716.4660078408065,3716.4660078408065,3658.471739838089,3668.137451171875,198786,0.0,0.0
2021-06-21 00:00:00+09:00,3648.8062446250206,3682.636236297041,3619.8091089061463,3643.973388671875,218997,0.0,0.0
2021-06-22 00:00:00+09:00,3643.97334540245,3822.789013545541,3643.97334540245,3735.797607421875,1368706,0.0,0.0
2021-06-23 00:00:00+09:00,3735.7976669606855,3755.1290908518145,3682.6362512600804,3745.46337890625,870874,0.0,0.0
2021-06-24 00:00:00+09:00,3851.7860972423427,3914.613223044288,3648.80615234375,3648.80615234375,1566359,0.0,0.0
2021-06-25 00:00:00+09:00,3692.30198147262,3692.30198147262,3619.809141522241,3629.474853515625,262252,0.0,0.0
2021-06-28 00:00:00+09:00,3629.474820812438,3711.633372015915,3629.474820812438,3643.973388671875,252463,0.0,0.0
2021-06-29 00:00:00+09:00,3614.976038836051,3687.4688738394475,3610.1431831691575,3668.137451171875,223144,0.0,0.0
2021-06-30 00:00:00+09:00,3682.6361106530344,3730.96466853562,3658.4718317117417,3663.3046875,385657,0.0,0.0
2021-07-01 00:00:00+09:00,3663.3047102991245,3740.63040339251,3634.3075753891053,3726.1318359375,658940,0.0,0.0
2021-07-02 00:00:00+09:00,3721.2988920361586,3730.9646034440448,3677.803190700671,3692.3017578125,290411,0.0,0.0
2021-07-05 00:00:00+09:00,3692.301691285749,3759.961669921875,3672.9702688182842,3759.961669921875,464109,0.0,0.0
2021-07-06 00:00:00+09:00,3759.961979841321,3774.4605478869817,3692.3019956282383,3730.96484375,356620,0.0,0.0
2021-07-07 00:00:00+09:00,3759.9618492904974,3817.9561194595026,3716.4661466637435,3788.958984375,965539,0.0,0.0
2021-07-08 00:00:00+09:00,3793.791917215182,3832.4547647791583,3629.474815068282,3682.63623046875,727642,0.0,0.0
2021-07-09 00:00:00+09:00,3614.976049638605,3653.6388950892856,3523.1517916932394,3552.14892578125,380940,0.0,0.0
2021-07-12 00:00:00+09:00,3552.14895382443,3605.310366738809,3552.14895382443,3576.313232421875,145020,0.0,0.0
2021-07-13 00:00:00+09:00,3581.1460803803943,3755.1288859049478,3566.647513253348,3653.638916015625,942921,0.0,0.0
2021-07-14 00:00:00+09:00,3619.8090079340955,3750.296115029183,3605.3104404790856,3726.1318359375,666519,0.0,0.0
2021-07-15 00:00:00+09:00,3726.131863308936,3953.276088439312,3701.9675840397467,3750.296142578125,2892883,0.0,0.0
2021-07-16 00:00:00+09:00,3759.961669921875,3822.7887929411354,3716.4659693700796,3759.961669921875,982001,0.0,0.0
2021-07-19 00:00:00+09:00,3803.4576008099866,3875.950439453125,3740.630473985934,3875.950439453125,2167638,0.0,0.0
2021-07-20 00:00:00+09:00,3808.2903431566456,3837.287477749209,3721.2989393789558,3817.9560546875,1141074,0.0,0.0
2021-07-21 00:00:00+09:00,3832.4546543688452,3958.1089053317583,3730.964682437262,3803.45751953125,3231493,0.0,0.0
2021-07-22 00:00:00+09:00,3788.9589945475263,3822.788985570272,3711.63330078125,3711.63330078125,790096,0.0,0.0
2021-07-23 00:00:00+09:00,3711.6332859848485,3880.783240424262,3711.6332859848485,3827.621826171875,1750100,0.0,0.0
2021-07-26 00:00:00+09:00,3793.7918781709855,3803.457589962504,3721.299039734597,3735.797607421875,478173,0.0,0.0
2021-07-27 00:00:00+09:00,3788.958896396396,3842.1203094835905,3726.1317718388027,3755.12890625,764259,0.0,0.0
2021-07-28 00:00:00+09:00,3740.6304464137297,3764.7947257833275,3614.9761936918217,3634.3076171875,597525,0.0,0.0
2021-07-29 00:00:00+09:00,3629.47476131358,3706.800455296293,3629.47476131358,3634.3076171875,247514,0.0,0.0
2021-07-30 00:00:00+09:00,3643.973273511203,3663.304696712854,3571.4804365050118,3585.97900390625,215193,0.0,0.0
2021-08-02 00:00:00+09:00,3585.9790085628833,3600.477575982949,3527.984738882621,3547.316162109375,184872,0.0,0.0
2021-08-03 00:00:00+09:00,3547.316166817321,3571.480445882834,3494.154752873192,3508.6533203125,200147,0.0,0.0
2021-08-04 00:00:00+09:00,3498.9876950460434,3556.981966234652,3498.9876950460434,3542.4833984375,89932,0.0,0.0
2021-08-05 00:00:00+09:00,3547.3162487611758,3614.9762317075742,3532.8176809869474,3581.146240234375,219874,0.0,0.0
2021-08-06 00:00:00+09:00,3614.9761387087265,3624.641850309552,3552.149013303361,3585.97900390625,136496,0.0,0.0
2021-08-09 00:00:00+09:00,3566.647634952626,3697.134743548454,3556.981923204787,3634.3076171875,337212,0.0,0.0
2021-08-10 00:00:00+09:00,3677.8032105269704,3793.791748046875,3556.98181727707,3793.791748046875,1365606,0.0,0.0
2021-08-11 00:00:00+09:00,3706.8002385341915,3740.6302276733563,3610.1431267080065,3619.808837890625,569196,0.0,0.0
2021-08-12 00:00:00+09:00,3624.642011415155,3750.2962678108806,3605.3105873542745,3730.96484375,605532,0.0,0.0
2021-08-13 00:00:00+09:00,3711.633217131474,3730.964640137367,3566.6475445872757,3639.140380859375,439820,0.0,0.0
2021-08-17 00:00:00+09:00,3639.1404078706782,3643.973263658023,3397.497618503435,3407.163330078125,437014,0.0,0.0
2021-08-18 00:00:00+09:00,3397.4976140646913,3445.826171875,3286.3419311009816,3445.826171875,199132,0.0,0.0
2021-08-19 00:00:00+09:00,3378.16618067273,3460.324728700536,3267.010498046875,3267.010498046875,331856,0.0,0.0
2021-08-20 00:00:00+09:00,3267.010457228411,3296.007591464166,3030.2005276364107,3064.030517578125,385993,0.0,0.0
2021-08-23 00:00:00+09:00,3049.53179693594,3131.690339801092,3049.53179693594,3097.8603515625,182214,0.0,0.0
2021-08-24 00:00:00+09:00,3102.6936156674205,3228.347874245852,3102.6936156674205,3204.18359375,333289,0.0,0.0
2021-08-25 00:00:00+09:00,3204.1835014619023,3228.3477812617657,3165.5206537821205,3209.016357421875,110272,0.0,0.0
2021-08-26 00:00:00+09:00,3252.5119395862926,3252.5119395862926,3165.5205355557528,3189.684814453125,141489,0.0,0.0
2021-08-27 00:00:00+09:00,3160.687644082992,3286.341892930328,3160.687644082992,3242.84619140625,170018,0.0,0.0
2021-08-30 00:00:00+09:00,3426.4948912237683,3426.4948912237683,3281.5092117643703,3310.50634765625,255759,0.0,0.0
2021-08-31 00:00:00+09:00,3286.3421525018066,3368.5007063143516,3286.3421525018066,3344.33642578125,147401,0.0,0.0
2021-09-01 00:00:00+09:00,3363.667540629477,3373.333251953125,3305.67327268759,3373.333251953125,123419,0.0,0.0
2021-09-02 00:00:00+09:00,3373.3335624209717,3397.4978429540733,3325.005001354769,3344.33642578125,119776,0.0,0.0
2021-09-03 00:00:00+09:00,3358.834593504113,3392.664582215665,3329.8374603227826,3378.166015625,118631,0.0,0.0
2021-09-06 00:00:00+09:00,3339.5032278902945,3494.1546074742155,3325.004661054302,3426.49462890625,445411,0.0,0.0
2021-09-07 00:00:00+09:00,3431.3276691787482,3465.1576602833275,3397.497678074169,3416.8291015625,120606,0.0,0.0
2021-09-08 00:00:00+09:00,3411.9960043365522,3484.488837289878,3378.166015625,3378.166015625,218572,0.0,0.0
2021-09-09 00:00:00+09:00,3344.336157550166,3397.4975704592002,3276.676177484122,3281.509033203125,260181,0.0,0.0
2021-09-10 00:00:00+09:00,3271.843381458792,3329.8376511449155,3238.0133908085536,3291.1748046875,129699,0.0,0.0
2021-09-13 00:00:00+09:00,3291.174687543792,3329.8375326250703,3228.347564286715,3233.180419921875,138093,0.0,0.0
2021-09-14 00:00:00+09:00,3209.0162288507768,3286.3419211122414,3204.183373084435,3267.010498046875,122980,0.0,0.0
2021-09-15 00:00:00+09:00,3238.013449539028,3527.98480322909,3233.180593644194,3300.840576171875,1031200,0.0,0.0
2021-09-16 00:00:00+09:00,3300.8404560791373,3344.336157550166,3262.1776103271127,3281.509033203125,140091,0.0,0.0
2021-09-17 00:00:00+09:00,3281.5091061014523,3431.32763671875,3218.681980358715,3431.32763671875,1002055,0.0,0.0
2021-09-23 00:00:00+09:00,3325.0046415441175,3354.001775045956,3252.511807789522,3286.341796875,368262,0.0,0.0
2021-09-24 00:00:00+09:00,3300.8404884112656,3349.169046074681,3262.1776422805333,3267.010498046875,185561,0.0,0.0
2021-09-27 00:00:00+09:00,3267.010498046875,3291.1747768785826,3223.5147961498014,3267.010498046875,134978,0.0,0.0
2021-09-28 00:00:00+09:00,3238.0134050668285,3354.001944949819,3170.353423468417,3175.186279296875,247141,0.0,0.0
2021-09-29 00:00:00+09:00,3097.8604445198093,3822.7887856710904,3097.8604445198093,3465.157470703125,18859840,0.0,0.0
2021-09-30 00:00:00+09:00,3605.3102372018916,3958.1086920487255,3518.3188373766448,3672.97021484375,21801660,0.0,0.0
2021-10-01 00:00:00+09:00,3885.6163152305826,3914.6134519114075,3450.6592650182038,3484.4892578125,4952439,0.0,0.0
2021-10-05 00:00:00+09:00,3387.8318361389915,3639.1403318297585,3281.509011039052,3513.486083984375,2785399,0.0,0.0
2021-10-06 00:00:00+09:00,3465.1577735520527,3701.9677190249267,3296.0078125,3296.0078125,2421084,0.0,0.0
2021-10-07 00:00:00+09:00,3296.00777374752,3411.9963171052036,3242.8463580419148,3349.169189453125,980755,0.0,0.0
2021-10-08 00:00:00+09:00,3445.8262090873172,3653.6390099158652,3300.840534090656,3392.664794921875,3404205,0.0,0.0
2021-10-12 00:00:00+09:00,3469.990348174966,3605.3103060425133,3407.163224879319,3566.6474609375,1992166,0.0,0.0
2021-10-13 00:00:00+09:00,3590.811726359578,3842.120218648539,3479.6560470779223,3721.298828125,4630298,0.0,0.0
2021-10-14 00:00:00+09:00,3672.970306838768,3711.633152173913,3585.978904834692,3668.137451171875,1745664,0.0,0.0
2021-10-15 00:00:00+09:00,3658.4717214924012,3668.137432777718,3527.984619140625,3527.984619140625,1280550,0.0,0.0
2021-10-18 00:00:00+09:00,3523.1518156490224,3639.140352789731,3523.1518156490224,3614.97607421875,807752,0.0,0.0
2021-10-19 00:00:00+09:00,3639.1406460985727,4697.5361328125,3614.9763655799898,4697.5361328125,91885440,0.0,0.0
2021-10-20 00:00:00+09:00,4673.371517796923,4755.530065679599,4557.382979609616,4702.36865234375,22498320,0.0,0.0
2021-10-21 00:00:00+09:00,4639.541270380435,4668.538403320313,4373.734218431556,4446.22705078125,9949019,0.0,0.0
2021-10-22 00:00:00+09:00,4378.567359847424,4455.893052736562,4219.0831182635775,4315.740234375,7165967,0.0,0.0
2021-10-25 00:00:00+09:00,4291.575932173296,4393.065903542259,4252.9130859375,4252.9130859375,3743259,0.0,0.0
2021-10-26 00:00:00+09:00,4306.074545348717,4378.5673828125,4252.913131208609,4378.5673828125,3889438,0.0,0.0
2021-10-27 00:00:00+09:00,4349.570267806064,4393.065970484125,4185.253168800057,4223.916015625,2985695,0.0,0.0
2021-10-28 00:00:00+09:00,4243.247261082849,4262.578683684593,4088.595880268895,4156.255859375,2419720,0.0,0.0
2021-10-29 00:00:00+09:00,4165.92164309554,4199.751633236688,4030.601682530952,4049.93310546875,1694730,0.0,0.0
2021-11-01 00:00:00+09:00,4098.261591569767,4161.088715025436,4054.765890715843,4156.255859375,1655587,0.0,0.0
2021-11-02 00:00:00+09:00,4136.924430115582,4335.071511464576,3982.2730495505134,4233.58154296875,5945260,0.0,0.0
2021-11-03 00:00:00+09:00,4233.581825776734,4233.581825776734,4054.7661550532875,4180.42041015625,1626538,0.0,0.0
2021-11-04 00:00:00+09:00,4180.420557749029,4209.4176945657855,4045.1005859375,4045.1005859375,1153405,0.0,0.0
2021-11-05 00:00:00+09:00,3987.106074119101,4025.7689208984375,3745.463281748246,3788.958984375,2009017,0.0,0.0
2021-11-08 00:00:00+09:00,3769.627524321934,3904.9474867334907,3769.627524321934,3842.120361328125,892738,0.0,0.0
2021-11-09 00:00:00+09:00,3846.953001708984,3943.6101123046874,3846.953001708984,3866.284423828125,933149,0.0,0.0
2021-11-10 00:00:00+09:00,3813.1231426532454,3933.9445350060096,3740.6303072415867,3769.62744140625,1819240,0.0,0.0
2021-11-11 00:00:00+09:00,3721.299171397626,3784.1263002653786,3639.1406182628734,3677.803466796875,797428,0.0,0.0
2021-11-12 00:00:00+09:00,3701.967589060466,3774.4604269663496,3677.8033097585044,3711.63330078125,602261,0.0,0.0
2021-11-15 00:00:00+09:00,3788.958896396396,3808.290319337194,3687.468925957207,3755.12890625,543311,0.0,0.0
2021-11-16 00:00:00+09:00,3784.1260161874184,3832.454573226849,3668.137479292785,3692.3017578125,743615,0.0,0.0
2021-11-17 00:00:00+09:00,3716.4659725040583,3808.2902293019483,3682.6359831574678,3721.298828125,658709,0.0,0.0
2021-11-18 00:00:00+09:00,3692.30168426386,3721.298817909911,3339.50322490357,3465.157470703125,1416409,0.0,0.0
2021-11-19 00:00:00+09:00,3469.9904185034043,3518.3189758641756,3358.8347365736295,3460.32470703125,663788,0.0,0.0
2021-11-22 00:00:00+09:00,3440.993227691218,3508.653206887394,3315.338980612606,3411.99609375,507701,0.0,0.0
2021-11-23 00:00:00+09:00,3397.497526779391,3455.491794661827,3368.500392838173,3411.99609375,268662,0.0,0.0
2021-11-24 00:00:00+09:00,3416.8290371888147,3532.8175759335554,3305.673354225105,3445.826171875,718339,0.0,0.0
2021-11-25 00:00:00+09:00,3411.9961814077838,3455.4918834370615,3392.6647582836604,3445.826171875,236983,0.0,0.0
2021-11-26 00:00:00+09:00,3445.826349431818,3489.322053702346,3286.3421004398824,3296.0078125,570205,0.0,0.0
2021-11-29 00:00:00+09:00,3107.526275066115,3209.016246724573,3093.0277076863354,3112.359130859375,994021,0.0,0.0
2021-11-30 00:00:00+09:00,3136.523365458504,3194.5176341572746,2890.04772348873,2948.0419921875,830502,0.0,0.0
2021-12-01 00:00:00+09:00,2914.2121406810707,3054.364963367225,2856.2178692247307,3030.20068359375,539179,0.0,0.0
2021-12-02 00:00:00+09:00,2996.3705918211376,3126.8576982391546,2957.7077454750583,3112.359130859375,283090,0.0,0.0
2021-12-03 00:00:00+09:00,3107.5262976984636,3184.851990953791,3088.1948743846315,3175.186279296875,169938,0.0,0.0
2021-12-06 00:00:00+09:00,3146.1890769082993,3267.010470030738,3107.526231109119,3242.84619140625,302209,0.0,0.0
2021-12-07 00:00:00+09:00,3252.5118391975166,3305.6732511309087,3218.6818497853583,3271.84326171875,235553,0.0,0.0
2021-12-08 00:00:00+09:00,3286.342013888889,3329.837717013889,3238.0134548611113,3262.177734375,204733,0.0,0.0
2021-12-09 00:00:00+09:00,3276.676232679835,3344.3362138856132,3213.849107274469,3329.837646484375,271010,0.0,0.0
2021-12-10 00:00:00+09:00,3286.341888922128,3320.17187895515,3267.0104660461157,3281.509033203125,163387,0.0,0.0
2021-12-13 00:00:00+09:00,3286.3419211122414,3315.3390557102903,3228.3476519161427,3267.010498046875,175381,0.0,0.0
2021-12-14 00:00:00+09:00,3271.84342049552,3900.1146829244976,3267.010564630682,3455.491943359375,18290560,0.0,0.0
2021-12-15 00:00:00+09:00,3407.163427944841,3460.324843132633,3334.6705890523976,3363.667724609375,1342265,0.0,0.0
2021-12-16 00:00:00+09:00,3416.8291121619486,3440.993391597323,3291.1748590980014,3339.50341796875,1038880,0.0,0.0
2021-12-17 00:00:00+09:00,3291.17492372833,3402.3306113138688,3291.17492372833,3310.50634765625,558663,0.0,0.0
2021-12-20 00:00:00+09:00,3325.004996229261,3440.993542609351,3189.6850254524884,3204.18359375,1022951,0.0,0.0
2021-12-21 00:00:00+09:00,3213.8492133818477,3238.013493181711,3117.1920941823937,3209.016357421875,371740,0.0,0.0
2021-12-22 00:00:00+09:00,3242.8461279369,3421.661786258309,3189.684716003508,3271.84326171875,1254371,0.0,0.0
2021-12-23 00:00:00+09:00,3257.3449642595306,3325.004948680352,3223.5149720491204,3296.0078125,427409,0.0,0.0
2021-12-24 00:00:00+09:00,3296.007564821105,3373.333255491395,3296.007564821105,3334.67041015625,478888,0.0,0.0
2021-12-27 00:00:00+09:00,3368.500492887677,3479.6561762971696,3276.676232679835,3329.837646484375,970802,0.0,0.0
2021-12-28 00:00:00+09:00,3339.5032623203574,3595.6446123970272,3339.5032623203574,3373.333251953125,2353421,0.0,0.0
2021-12-29 00:00:00+09:00,3427.2673095703126,3461.589013671875,3397.848706054687,3432.17041015625,380498,50.0,0.0
2021-12-30 00:00:00+09:00,3432.1705803253913,3466.492286128645,3397.8488745221375,3446.8798828125,306737,0.0,0.0
2022-01-04 00:00:00+09:00,3441.9767573963513,3491.00776533647,3412.55815263228,3451.782958984375,368293,0.0,0.0
2022-01-05 00:00:00+09:00,3476.298515540327,3476.298515540327,3363.527195572164,3392.94580078125,315879,0.0,0.0
2022-01-06 00:00:00+09:00,3294.8836182735427,3402.7518319670216,3265.4650145389573,3280.17431640625,424968,0.0,0.0
2022-01-07 00:00:00+09:00,3280.1743633153656,3378.236377166348,3280.1743633153656,3368.43017578125,210645,0.0,0.0
2022-01-10 00:00:00+09:00,3368.4303022112167,3378.2365039643787,3275.2713855561756,3294.8837890625,170403,0.0,0.0
2022-01-11 00:00:00+09:00,3294.883795053681,3329.205501252157,3187.015575572757,3196.82177734375,303749,0.0,0.0
2022-01-12 00:00:00+09:00,3196.821698220803,3451.7829379562045,3196.821698220803,3358.6240234375,778104,0.0,0.0
2022-01-13 00:00:00+09:00,3412.558225971826,3603.7791610478334,3358.624116078593,3437.07373046875,2724156,0.0,0.0
2022-01-14 00:00:00+09:00,3368.4301265339996,3461.5890383304277,3353.720824671406,3427.267333984375,353621,0.0,0.0
2022-01-17 00:00:00+09:00,3432.170509805485,3432.170509805485,3280.1743872283846,3363.527099609375,704824,0.0,0.0
2022-01-18 00:00:00+09:00,3441.9768184419845,3873.4496959674752,3245.852783203125,3245.852783203125,23099840,0.0,0.0
2022-01-19 00:00:00+09:00,3147.7906003226117,3304.6898202763864,3137.9843990755007,3182.1123046875,1213620,0.0,0.0
2022-01-20 00:00:00+09:00,3187.0154533212044,3255.6588630850456,3152.693748439284,3221.337158203125,680203,0.0,0.0
2022-01-21 00:00:00+09:00,3201.724731074278,3294.8836436170213,3201.724731074278,3226.240234375,541574,0.0,0.0
2022-01-24 00:00:00+09:00,3187.0154839057427,3211.5309876280944,3000.6976556158684,3020.31005859375,898988,0.0,0.0
2022-01-25 00:00:00+09:00,3020.3100894764957,3059.5348958333334,2868.31396484375,2868.31396484375,860627,0.0,0.0
2022-01-26 00:00:00+09:00,2829.0891100803874,2917.3449228731897,2814.3798079482535,2878.1201171875,536209,0.0,0.0
2022-01-27 00:00:00+09:00,2887.926453521286,3020.3101788949275,2667.286911231884,2706.51171875,1110258,0.0,0.0
2022-01-28 00:00:00+09:00,2745.736376265405,2819.2828863439427,2623.1588594678424,2784.961181640625,391533,0.0,0.0
2022-02-03 00:00:00+09:00,2824.186055672269,2927.1511722853206,2819.2829548811715,2917.344970703125,364686,0.0,0.0
2022-02-04 00:00:00+09:00,2917.3450416742367,2981.085353509136,2878.120234391222,2951.666748046875,250872,0.0,0.0
2022-02-07 00:00:00+09:00,2985.988402127443,3064.4380153196253,2922.2480914087946,3010.50390625,659004,0.0,0.0
2022-02-08 00:00:00+09:00,3010.503759765625,3049.728564453125,2922.24794921875,2990.891357421875,472715,0.0,0.0
2022-02-09 00:00:00+09:00,3020.3101575265523,3039.9225611468546,2971.279148475797,3000.69775390625,433402,0.0,0.0
2022-02-10 00:00:00+09:00,3010.5038090756066,3010.5038090756066,2941.8603997481496,2981.085205078125,274710,0.0,0.0
2022-02-11 00:00:00+09:00,2951.666676240809,3015.406986525079,2907.53876912093,2917.344970703125,323008,0.0,0.0
2022-02-14 00:00:00+09:00,2858.5076917191627,2883.023195078675,2755.54257760921,2784.961181640625,318859,0.0,0.0
2022-02-15 00:00:00+09:00,2755.5426031965326,2858.507718262595,2716.3177974570804,2731.027099609375,247549,0.0,0.0
2022-02-16 00:00:00+09:00,2789.8643043946977,2907.5387214517673,2789.8643043946977,2878.1201171875,296196,0.0,0.0
2022-02-17 00:00:00+09:00,2873.2170677649456,2907.5387733525813,2677.0930358355977,2819.282958984375,290597,0.0,0.0
2022-02-18 00:00:00+09:00,2770.2519027736407,2848.70151417962,2755.5426006350194,2829.089111328125,206781,0.0,0.0
2022-02-21 00:00:00+09:00,2819.2829344007705,2833.9922366672095,2745.7364230685766,2824.18603515625,166122,0.0,0.0
2022-02-22 00:00:00+09:00,2755.5425538419613,2809.4766607676934,2731.027050693901,2740.833251953125,233775,0.0,0.0
2022-02-23 00:00:00+09:00,2745.7365227424375,2770.252027409781,2721.2210180750944,2755.542724609375,146711,0.0,0.0
2022-02-24 00:00:00+09:00,2740.833252859027,2745.7363534902597,2637.8681396031425,2642.771240234375,261156,0.0,0.0
2022-02-25 00:00:00+09:00,2677.093017578125,2716.317823696486,2647.6744129893546,2677.093017578125,223194,0.0,0.0
2022-02-28 00:00:00+09:00,2662.383689565333,2745.7364017616696,2652.57748813047,2731.027099609375,115372,0.0,0.0
2022-03-02 00:00:00+09:00,2740.833421808969,2770.252027409781,2731.027219942032,2755.542724609375,317138,0.0,0.0
2022-03-03 00:00:00+09:00,2770.251951002038,2829.0891605808424,2765.3488502038044,2819.282958984375,192715,0.0,0.0
2022-03-04 00:00:00+09:00,2789.864427686571,2848.701638815286,2760.4458221222135,2804.57373046875,144549,0.0,0.0
2022-03-07 00:00:00+09:00,2784.9612803357713,2799.6705828727563,2735.9302718791555,2765.348876953125,120463,0.0,0.0
2022-03-08 00:00:00+09:00,2731.0270016872732,2740.8332027705305,2686.899096812613,2701.6083984375,100339,0.0,0.0
2022-03-10 00:00:00+09:00,2721.2210180750944,2784.9613302101866,2711.4148162081574,2755.542724609375,87704,0.0,0.0
2022-03-11 00:00:00+09:00,2760.4457761074636,2775.155078644448,2735.9302718791555,2765.348876953125,85974,0.0,0.0
2022-03-14 00:00:00+09:00,2765.348829530126,2775.1550310532825,2686.899217344874,2726.1240234375,92930,0.0,0.0
2022-03-15 00:00:00+09:00,2711.414721152765,2750.639527245391,2677.0930158217175,2726.1240234375,115810,0.0,0.0
2022-03-16 00:00:00+09:00,2726.124091609402,2809.476806640625,2726.124091609402,2809.476806640625,341847,0.0,0.0
2022-03-17 00:00:00+09:00,2843.7984608707266,3030.116291065705,2814.379856103098,2868.31396484375,1625891,0.0,0.0
2022-03-18 00:00:00+09:00,2887.926442778807,2892.829543700333,2838.895433563547,2853.604736328125,265939,0.0,0.0
2022-03-21 00:00:00+09:00,2887.9262451171876,2922.24794921875,2868.3138427734375,2892.829345703125,425410,0.0,0.0
2022-03-22 00:00:00+09:00,2907.538647460937,2927.1510498046873,2883.0231445312497,2892.829345703125,407065,0.0,0.0
2022-03-23 00:00:00+09:00,2927.1510993801817,3059.534817442602,2878.1200926903966,2883.023193359375,801050,0.0,0.0
2022-03-24 00:00:00+09:00,2883.0233139887223,2922.2481209817665,2863.4109104922004,2907.538818359375,297880,0.0,0.0
2022-03-25 00:00:00+09:00,2917.344995363794,2941.8604995265155,2902.6356928661617,2912.44189453125,285917,0.0,0.0
2022-03-28 00:00:00+09:00,2932.054297861427,2936.9573986939713,2887.926390368529,2912.44189453125,153904,0.0,0.0
2022-03-29 00:00:00+09:00,2912.4418209210116,2961.4728280072236,2907.53872021239,2927.151123046875,252432,0.0,0.0
2022-03-30 00:00:00+09:00,2956.5697025566997,2981.085205894649,2922.2479978835704,2932.05419921875,262289,0.0,0.0
2022-03-31 00:00:00+09:00,2936.9574421402676,3005.6008548113255,2922.248139425041,3000.69775390625,232324,0.0,0.0
2022-04-01 00:00:00+09:00,3000.6976077431127,3000.6976077431127,2951.6666010806434,2981.085205078125,255468,0.0,0.0
2022-04-04 00:00:00+09:00,2981.08513195581,3074.2440423294292,2932.0541264960107,2995.79443359375,494448,0.0,0.0
2022-04-05 00:00:00+09:00,3025.2130615234373,3025.2130615234373,2976.1820556640623,2990.891357421875,214460,0.0,0.0
2022-04-06 00:00:00+09:00,2961.4728496601056,3025.2131593382205,2951.666648171165,3020.31005859375,206087,0.0,0.0
2022-04-07 00:00:00+09:00,3005.6008580610205,3005.6008580610205,2936.9574453157443,2951.666748046875,193953,0.0,0.0
2022-04-08 00:00:00+09:00,2932.0541264960107,3030.1161374156095,2902.635523220131,2995.79443359375,226766,0.0,0.0
2022-04-11 00:00:00+09:00,2995.7945317326503,3015.4069345590506,2946.7635246666496,2976.18212890625,129925,0.0,0.0
2022-04-12 00:00:00+09:00,2981.085254228548,2981.085254228548,2932.054246757684,2971.279052734375,140614,0.0,0.0
2022-04-13 00:00:00+09:00,2936.957299081903,3020.3100104081004,2936.957299081903,2981.085205078125,168125,0.0,0.0
2022-04-14 00:00:00+09:00,3015.407056621477,3030.1163593367037,2985.988451191023,3000.69775390625,146850,0.0,0.0
2022-04-15 00:00:00+09:00,3000.69753413973,3000.69753413973,2966.37583031787,2995.79443359375,87033,0.0,0.0
2022-04-18 00:00:00+09:00,2995.794631173559,3000.6977320429105,2956.56982421875,2956.56982421875,99307,0.0,0.0
2022-04-19 00:00:00+09:00,2951.6666010806434,2990.891406410619,2951.6666010806434,2981.085205078125,107655,0.0,0.0
2022-04-20 00:00:00+09:00,3000.6976077431127,3079.1472184030636,2971.279003745631,2981.085205078125,712187,0.0,0.0
2022-04-21 00:00:00+09:00,2981.085180623974,3030.1161868842364,2981.085180623974,2985.98828125,280686,0.0,0.0
2022-04-22 00:00:00+09:00,2985.988454419513,2985.988454419513,2922.2481425846136,2951.666748046875,205420,0.0,0.0
2022-04-25 00:00:00+09:00,2892.829518653516,2922.2481239279587,2853.604711620926,2858.5078125,186699,0.0,0.0
2022-04-26 00:00:00+09:00,2858.507738757866,2897.732544778557,2858.507738757866,2873.217041015625,69734,0.0,0.0
2022-04-27 00:00:00+09:00,2814.379809189504,2838.8953127538725,2799.670507050883,2829.089111328125,159156,0.0,0.0
2022-04-28 00:00:00+09:00,2833.9921386718747,2873.216943359375,2765.34873046875,2794.767333984375,275741,0.0,0.0
2022-04-29 00:00:00+09:00,2794.7674306233725,2833.9922366672095,2789.864329867893,2824.18603515625,104590,0.0,0.0
2022-05-03 00:00:00+09:00,2843.7984828756316,2927.1511970288825,2824.1860795454545,2912.44189453125,166222,0.0,0.0
2022-05-04 00:00:00+09:00,2927.1512467667862,2936.957448598501,2868.314035776499,2902.6357421875,89943,0.0,0.0
2022-05-06 00:00:00+09:00,2853.604541015625,2902.635546875,2838.8952392578126,2892.829345703125,114288,0.0,0.0
2022-05-10 00:00:00+09:00,2721.2208737609208,2760.4456791484654,2628.061960965502,2735.93017578125,181463,0.0,0.0
2022-05-11 00:00:00+09:00,2696.705322265625,2780.0580322265623,2696.705322265625,2745.736328125,89497,0.0,0.0
2022-05-12 00:00:00+09:00,2735.930177596422,2853.604593837128,2637.8681640625,2637.8681640625,283313,0.0,0.0
2022-05-13 00:00:00+09:00,2632.9650146484373,2721.2208251953125,2632.9650146484373,2696.705322265625,157569,0.0,0.0
2022-05-16 00:00:00+09:00,2716.317920629529,2765.348930027174,2701.6086178102355,2706.51171875,127457,0.0,0.0
2022-05-17 00:00:00+09:00,2706.5116693930504,2745.7364761958484,2696.7054676923512,2716.31787109375,51103,0.0,0.0
2022-05-18 00:00:00+09:00,2745.7364761958484,2784.9612829986463,2711.4147702434,2716.31787109375,92256,0.0,0.0
2022-05-19 00:00:00+09:00,2632.9651349268925,2681.9961430260896,2603.546530067374,2672.18994140625,136978,0.0,0.0
2022-05-20 00:00:00+09:00,2681.9961895520173,2716.317895816851,2681.9961895520173,2711.414794921875,72334,0.0,0.0
2022-05-23 00:00:00+09:00,2789.8643541949727,2892.8294709578804,2765.3488502038044,2819.282958984375,630059,0.0,0.0
2022-05-24 00:00:00+09:00,3079.1472219547754,3142.8875306895084,2784.961181640625,2784.961181640625,4628088,0.0,0.0
2022-05-25 00:00:00+09:00,2853.604565987478,2883.023169760545,2789.8642578125,2789.8642578125,441470,0.0,0.0
2022-05-26 00:00:00+09:00,2819.2828369140625,2838.8952392578126,2731.0270263671873,2745.736328125,364872,0.0,0.0
2022-05-27 00:00:00+09:00,2696.7052983302697,2814.379711348318,2691.8021977878507,2750.639404296875,486825,0.0,0.0
2022-05-30 00:00:00+09:00,2765.3488260904946,2838.895337422689,2735.930221557617,2824.18603515625,299117,0.0,0.0
2022-05-31 00:00:00+09:00,2824.1860106152512,2932.0542262984727,2794.767406338009,2829.089111328125,500706,0.0,0.0
2022-06-02 00:00:00+09:00,2804.5736077637566,2843.7984134667463,2794.767406338009,2829.089111328125,126435,0.0,0.0
2022-06-03 00:00:00+09:00,2819.2829568977027,3079.147299011752,2819.2829568977027,2868.31396484375,5378414,0.0,0.0
2022-06-07 00:00:00+09:00,2868.3140142581474,2897.73261953259,2838.895408983705,2858.5078125,313829,0.0,0.0
2022-06-08 00:00:00+09:00,2868.3139170311147,2873.2170177439884,2799.670507050883,2829.089111328125,301531,0.0,0.0
2022-06-09 00:00:00+09:00,2829.0891376401005,2833.9922383985754,2755.542626262975,2775.155029296875,200378,0.0,0.0
2022-06-10 00:00:00+09:00,2755.54257760921,2804.573584328235,2726.123973577795,2784.961181640625,201928,0.0,0.0
2022-06-13 00:00:00+09:00,2765.3488591559576,2799.6705648547018,2618.2558347327686,2623.158935546875,408199,0.0,0.0
2022-06-14 00:00:00+09:00,2583.9340584655524,2613.3526625467543,2500.5813469021477,2539.80615234375,273098,0.0,0.0
2022-06-15 00:00:00+09:00,2515.2907270951705,2554.5155337555243,2427.034912109375,2427.034912109375,204163,0.0,0.0
2022-06-16 00:00:00+09:00,2716.31787185313,3152.69384765625,2613.3527539670004,3152.69384765625,22993640,0.0,0.0
2022-06-17 00:00:00+09:00,3226.2403205422797,3809.7093146829047,3103.6628007648374,3500.81396484375,58439690,0.0,0.0
2022-06-20 00:00:00+09:00,3598.875830078125,3647.9068359375,3437.0735107421874,3530.232421875,14637930,0.0,0.0
2022-06-21 00:00:00+09:00,3495.9109350619797,3795.0000893940705,3353.721009231969,3535.1357421875,17972490,0.0,0.0
2022-06-22 00:00:00+09:00,3515.5232736687913,3569.4573824698464,3304.6899392646656,3353.720947265625,3969836,0.0,0.0
2022-06-23 00:00:00+09:00,3309.5930749113045,3319.3992766147453,3098.759738287325,3152.69384765625,4604294,0.0,0.0
2022-06-24 00:00:00+09:00,3191.9186735124385,3353.7210025844975,3172.3062699885527,3245.852783203125,8232604,0.0,0.0
2022-06-27 00:00:00+09:00,3314.49599609375,3471.3952148437497,3275.2711914062497,3383.139404296875,7235665,0.0,0.0
2022-06-28 00:00:00+09:00,3412.5581770092463,3559.651201880334,3285.077555454303,3446.8798828125,9328007,0.0,0.0
2022-06-29 00:00:00+09:00,3412.5582014556626,3603.7791351579194,3383.1395962706997,3441.976806640625,6440332,0.0,0.0
2022-06-30 00:00:00+09:00,3402.751781007706,3515.5230936347625,3240.949462890625,3240.949462890625,3409044,0.0,0.0
2022-07-01 00:00:00+09:00,3231.1433113110083,3329.2053237938917,3123.2750975798367,3133.081298828125,1976314,0.0,0.0
2022-07-04 00:00:00+09:00,3187.015562073053,3255.658974179242,2946.7636197013917,3005.600830078125,2561169,0.0,0.0
2022-07-05 00:00:00+09:00,3020.3101426784365,3280.174489369925,3020.3101426784365,3245.852783203125,2934773,0.0,0.0
2022-07-06 00:00:00+09:00,3236.046459192279,3339.0115738029426,3177.2092508433284,3270.3681640625,2145079,0.0,0.0
2022-07-07 00:00:00+09:00,3334.1085484516193,3535.1356815200256,3245.852733933782,3255.658935546875,11116010,0.0,0.0
2022-07-08 00:00:00+09:00,3304.689794921875,3407.6549072265625,3260.5618896484375,3334.1083984375,2820692,0.0,0.0
2022-07-11 00:00:00+09:00,3343.9146780256574,3353.720879427492,3113.4689450825404,3123.275146484375,2371488,0.0,0.0
2022-07-12 00:00:00+09:00,3113.468923066792,3128.1782250655324,2971.279003745631,2981.085205078125,1325874,0.0,0.0
2022-07-13 00:00:00+09:00,2961.4729072831537,3299.786865234375,2956.569806443281,3299.786865234375,2245614,0.0,0.0
2022-07-14 00:00:00+09:00,3147.7906010905203,3275.271217334062,3084.05029296875,3084.05029296875,1801344,0.0,0.0
2022-07-15 00:00:00+09:00,3039.922463193585,3137.9844781353136,2956.569750493116,2971.279052734375,845670,0.0,0.0
2022-07-18 00:00:00+09:00,2961.4727777286953,3035.019287109375,2951.666576477938,3035.019287109375,603058,0.0,0.0
2022-07-19 00:00:00+09:00,2990.891478499746,3039.922486344004,2961.472873793191,3015.406982421875,458708,0.0,0.0
2022-07-20 00:00:00+09:00,3015.4068603515625,3074.2440673828123,2981.0851562499997,2990.891357421875,757587,0.0,0.0
2022-07-21 00:00:00+09:00,3039.922551900798,3196.8217803860007,3000.6977447794975,3147.790771484375,2957489,0.0,0.0
2022-07-22 00:00:00+09:00,3172.3061286184857,3285.0774438553094,3123.2751219937795,3128.17822265625,2664948,0.0,0.0
2022-07-25 00:00:00+09:00,3074.2442057046546,3378.2364557105375,3059.5349032850154,3255.658935546875,5698345,0.0,0.0
2022-07-26 00:00:00+09:00,3270.3682357833363,3446.8798647011777,3211.531026144056,3304.68994140625,6096400,0.0,0.0
2022-07-27 00:00:00+09:00,3260.5618896484375,3392.94560546875,3240.9494873046874,3383.139404296875,1688702,0.0,0.0
2022-07-28 00:00:00+09:00,3432.17041015625,3432.17041015625,3236.04638671875,3236.04638671875,1666112,0.0,0.0
2022-07-29 00:00:00+09:00,3236.046504333942,3471.3953410127738,3231.1434035697994,3358.6240234375,6559506,0.0,0.0
2022-08-01 00:00:00+09:00,3407.655081127608,3471.3953919976207,3343.914770257595,3348.81787109375,2100653,0.0,0.0
2022-08-02 00:00:00+09:00,3343.914599609375,3388.0425048828124,3275.2711914062497,3285.077392578125,1071158,0.0,0.0
2022-08-03 00:00:00+09:00,3304.689886849686,3623.391433801065,3304.689886849686,3510.6201171875,17004110,0.0,0.0
2022-08-04 00:00:00+09:00,3481.2014623631767,3706.744092319101,3441.976657153451,3667.519287109375,5044597,0.0,0.0
2022-08-05 00:00:00+09:00,3544.9418679219175,3657.71318598859,3481.2015577103202,3598.8759765625,4014750,0.0,0.0
2022-08-08 00:00:00+09:00,3549.844949578901,3574.3604533743355,3456.68603515625,3456.68603515625,1299302,0.0,0.0
2022-08-09 00:00:00+09:00,3451.7828125,3486.1045166015624,3329.2052978515626,3383.139404296875,1301535,0.0,0.0
2022-08-10 00:00:00+09:00,3348.8177974244945,3446.8798119903654,3314.4960923264393,3363.527099609375,963432,0.0,0.0
2022-08-11 00:00:00+09:00,3392.9456792439955,3446.879786862036,3343.9146723185045,3368.43017578125,979936,0.0,0.0
2022-08-12 00:00:00+09:00,3358.6240234375,3456.686038720347,3348.817821909215,3358.6240234375,1164933,0.0,0.0
2022-08-16 00:00:00+09:00,3402.751878536068,3520.4262950848656,3368.430173709335,3466.4921875,1989483,0.0,0.0
2022-08-17 00:00:00+09:00,3466.4922384358138,3554.748052144222,3383.139525488984,3407.655029296875,1908536,0.0,0.0
2022-08-18 00:00:00+09:00,3358.6240524843515,3373.333354903991,3216.434129094503,3255.658935546875,1258146,0.0,0.0
2022-08-19 00:00:00+09:00,3250.7557384349684,3270.3681410801264,3157.596825870467,3177.209228515625,680256,0.0,0.0
2022-08-22 00:00:00+09:00,3098.759545859746,3157.5967524267035,3059.5347414817747,3093.8564453125,893824,0.0,0.0
2022-08-23 00:00:00+09:00,3025.2132492303103,3236.0465875073014,3025.2132492303103,3147.790771484375,785550,0.0,0.0
2022-08-24 00:00:00+09:00,3103.662670898437,3162.4998779296875,3069.340966796875,3088.953369140625,484788,0.0,0.0
2022-08-25 00:00:00+09:00,3103.6626467890746,3157.596752815425,3098.7595462412246,3142.887451171875,308205,0.0,0.0
2022-08-26 00:00:00+09:00,3147.7905513322107,3236.0463611826463,3088.9533447652534,3093.8564453125,648977,0.0,0.0
2022-08-29 00:00:00+09:00,2956.5697017468906,2990.891406410619,2863.410789088199,2981.085205078125,531184,0.0,0.0
2022-08-30 00:00:00+09:00,2981.0853471663986,3059.5349615655145,2981.0853471663986,3049.728759765625,331253,0.0,0.0
2022-08-31 00:00:00+09:00,3020.310079355315,3118.372094918799,2995.794575464444,3113.468994140625,266265,0.0,0.0
2022-09-01 00:00:00+09:00,3064.437940402781,3113.468947449225,2990.8914298331138,3025.213134765625,277038,0.0,0.0
2022-09-02 00:00:00+09:00,3015.4069844395663,3074.2441938920456,2941.8604726239673,2966.3759765625,330017,0.0,0.0
2022-09-05 00:00:00+09:00,2917.344944516424,3005.60075796398,2912.441843769338,2971.279052734375,248005,0.0,0.0
2022-09-06 00:00:00+09:00,2971.279025867225,3123.2751476525123,2971.279025867225,3074.244140625,897287,0.0,0.0
2022-09-07 00:00:00+09:00,3064.438012930063,3098.75971867488,2981.0852989783652,3059.534912109375,378798,0.0,0.0
2022-09-08 00:00:00+09:00,3039.9225389977196,3157.5969598621477,2956.56982421875,2956.56982421875,760394,0.0,0.0
2022-09-13 00:00:00+09:00,3049.728564453125,3098.7595703125,2981.0851562499997,3039.92236328125,717053,0.0,0.0
2022-09-14 00:00:00+09:00,2941.860461701128,3441.9767401903196,2917.3449578536183,3260.56201171875,14523900,0.0,0.0
2022-09-15 00:00:00+09:00,3260.5618647093415,3304.6897696452575,3187.0153564828147,3191.91845703125,1921897,0.0,0.0
2022-09-16 00:00:00+09:00,3157.5968015697226,3240.9495121701657,3103.6626947106124,3182.1123046875,1451437,0.0,0.0
2022-09-19 00:00:00+09:00,3201.724791438913,3201.724791438913,2873.217041015625,2873.217041015625,1873340,0.0,0.0
2022-09-20 00:00:00+09:00,2873.2169187352088,2941.860326350043,2843.7983154717085,2848.701416015625,611468,0.0,0.0
2022-09-21 00:00:00+09:00,2794.7673829844302,2838.8952890315527,2745.736376265405,2784.961181640625,574965,0.0,0.0
2022-09-22 00:00:00+09:00,2726.12392578125,2833.9921386718747,2652.5774169921874,2794.767333984375,802761,0.0,0.0
2022-09-23 00:00:00+09:00,2794.7675167463062,2794.7675167463062,2613.352783203125,2613.352783203125,582153,0.0,0.0
2022-09-26 00:00:00+09:00,2549.6124355670104,2593.74034310567,2378.00390625,2378.00390625,979275,0.0,0.0
2022-09-27 00:00:00+09:00,2333.8760473278985,2461.3566717617755,2284.8450379302535,2368.19775390625,689481,0.0,0.0
2022-09-28 00:00:00+09:00,2353.4883335658483,2392.7131391252788,2167.170507158552,2196.589111328125,739071,0.0,0.0
2022-09-29 00:00:00+09:00,2250.523267244038,2363.2945856462447,2216.2015616433664,2235.81396484375,515427,0.0,0.0
2022-09-30 00:00:00+09:00,2172.073699425007,2289.7481210642845,2172.073699425007,2275.038818359375,288922,0.0,0.0
2022-10-04 00:00:00+09:00,2324.0697261538967,2353.488330282427,2284.8449206491896,2343.68212890625,249230,0.0,0.0
2022-10-05 00:00:00+09:00,2382.9070318553077,2407.4225362982634,2314.263619415031,2373.100830078125,329993,0.0,0.0
2022-10-06 00:00:00+09:00,2412.3255123528306,2476.0658206060557,2368.1976066390594,2446.647216796875,306354,0.0,0.0
2022-10-07 00:00:00+09:00,2427.034862986513,2490.775172519492,2412.3255607865945,2436.841064453125,216249,0.0,0.0
2022-10-11 00:00:00+09:00,2382.9069609876874,2392.7131624732333,2255.426341675589,2289.748046875,274890,0.0,0.0
2022-10-12 00:00:00+09:00,2270.13566627823,2338.7790773535976,2265.2325654871324,2333.8759765625,189267,0.0,0.0
2022-10-13 00:00:00+09:00,2314.2636322846283,2324.069834116343,2167.1706048089104,2176.976806640625,382972,0.0,0.0
2022-10-14 00:00:00+09:00,2221.104542436818,2441.7440665199456,2201.4921402960954,2358.391357421875,1093751,0.0,0.0
2022-10-17 00:00:00+09:00,2270.135548267248,2407.42236328125,2270.135548267248,2407.42236328125,324679,0.0,0.0
2022-10-18 00:00:00+09:00,2466.259544806752,2490.7750472402186,2382.906836532965,2412.325439453125,450359,0.0,0.0
2022-10-19 00:00:00+09:00,2436.8410659570714,2579.0309873107035,2382.9069578574176,2387.81005859375,1292332,0.0,0.0
2022-10-20 00:00:00+09:00,2353.488379726891,2412.325589220063,2314.263573398109,2333.8759765625,204668,0.0,0.0
2022-10-21 00:00:00+09:00,2328.9728699936695,2789.8643432134695,2328.9728699936695,2480.968994140625,10592940,0.0,0.0
2022-10-24 00:00:00+09:00,2583.9342098236084,2652.5776233673096,2480.9690895080566,2510.3876953125,2051572,0.0,0.0
2022-10-25 00:00:00+09:00,2500.581347848487,2549.6123546690455,2441.7441396638164,2490.775146484375,688885,0.0,0.0
2022-10-26 00:00:00+09:00,2485.8720223830524,2559.4185319210123,2397.6162109375,2397.6162109375,714961,0.0,0.0
2022-10-27 00:00:00+09:00,2397.616347854202,3010.50396233636,2397.616347854202,2902.6357421875,27498850,0.0,0.0
2022-10-28 00:00:00+09:00,2902.6355718372192,2932.05417560584,2819.2828611594614,2838.895263671875,3718200,0.0,0.0
2022-10-31 00:00:00+09:00,2838.8954119457626,2853.604714598331,2784.9613022196772,2809.476806640625,1678543,0.0,0.0
2022-11-01 00:00:00+09:00,2755.542552994117,2838.895263671875,2735.9301504817035,2838.895263671875,1421938,0.0,0.0
2022-11-02 00:00:00+09:00,2775.1551065565664,2775.1551065565664,2662.383785972112,2711.414794921875,1399626,0.0,0.0
2022-11-03 00:00:00+09:00,2623.158837268044,2696.7053467241576,2613.352636007229,2691.80224609375,741588,0.0,0.0
2022-11-04 00:00:00+09:00,2652.5774651965958,2696.705371271955,2598.6433577711564,2686.899169921875,579719,0.0,0.0
2022-11-07 00:00:00+09:00,2686.8991210937497,2726.12392578125,2677.092919921875,2696.705322265625,571887,0.0,0.0
2022-11-08 00:00:00+09:00,2686.899169046819,2819.282887229783,2677.0929676999326,2735.93017578125,2000054,0.0,0.0
2022-11-09 00:00:00+09:00,2735.9302993967563,2814.3799137163764,2706.5116940268986,2711.414794921875,563774,0.0,0.0
2022-11-10 00:00:00+09:00,2672.189987762065,2735.9302993967563,2657.480685077136,2711.414794921875,439583,0.0,0.0
2022-11-11 00:00:00+09:00,2775.155078644448,2799.6705828727563,2726.1240701878323,2765.348876953125,1233742,0.0,0.0
2022-11-14 00:00:00+09:00,2770.251871744792,3579.26348030743,2731.0270664811487,3324.30224609375,32870280,0.0,0.0
2022-11-15 00:00:00+09:00,3294.883642870509,3348.817750119877,3231.1433343030735,3275.271240234375,5840524,0.0,0.0
2022-11-16 00:00:00+09:00,3270.368115911498,3275.2712165350536,3157.5968015697226,3182.1123046875,2730802,0.0,0.0
2022-11-17 00:00:00+09:00,3177.20927615282,3226.2402835008575,3103.662765130764,3216.43408203125,2375551,0.0,0.0
2022-11-18 00:00:00+09:00,3133.0812744140626,3167.402978515625,3039.92236328125,3039.92236328125,1691245,0.0,0.0
2022-11-21 00:00:00+09:00,3049.728564453125,3157.59677734375,2990.891357421875,2990.891357421875,2354768,0.0,0.0
2022-11-22 00:00:00+09:00,2990.891527483942,3103.6628473726805,2990.891527483942,3005.600830078125,860665,0.0,0.0
2022-11-23 00:00:00+09:00,3123.275218134341,3294.8837466032605,3108.565915694148,3157.596923828125,16420490,0.0,0.0
2022-11-24 00:00:00+09:00,3128.178294573643,3231.1434108527133,3113.468992248062,3162.5,2297844,0.0,0.0
2022-11-25 00:00:00+09:00,3157.5968513907965,3162.499952091714,3064.4379380733662,3123.275146484375,1096483,0.0,0.0
2022-11-28 00:00:00+09:00,3123.2750983661904,3128.178198991569,3010.5037839824818,3035.019287109375,735614,0.0,0.0
2022-11-29 00:00:00+09:00,3020.3099371038033,3157.5967524267035,3015.4068365565568,3093.8564453125,847381,0.0,0.0
2022-11-30 00:00:00+09:00,3108.5659426527945,3191.9186572034214,3103.662841796875,3103.662841796875,1146995,0.0,0.0
2022-12-01 00:00:00+09:00,3142.8874755859374,3172.3060791015623,3084.0502685546876,3088.953369140625,649438,0.0,0.0
2022-12-02 00:00:00+09:00,3084.050438373198,3147.790749500148,3064.4380349495214,3103.662841796875,680950,0.0,0.0
2022-12-05 00:00:00+09:00,3137.9844509724476,3206.6278608374696,2990.8914298331138,3025.213134765625,1369048,0.0,0.0
2022-12-06 00:00:00+09:00,3030.1161621093747,3039.92236328125,2824.1859375,2843.79833984375,1051607,0.0,0.0
2022-12-07 00:00:00+09:00,2799.67048198674,2887.9262940283534,2770.251877972869,2883.023193359375,453911,0.0,0.0
2022-12-08 00:00:00+09:00,2843.79833984375,2883.0231445312497,2755.542529296875,2794.767333984375,398966,0.0,0.0
2022-12-09 00:00:00+09:00,2789.8642086362242,2814.379711348318,2716.3177004999443,2750.639404296875,365440,0.0,0.0
2022-12-12 00:00:00+09:00,2765.3487551011854,2765.3487551011854,2701.608446916229,2740.833251953125,255598,0.0,0.0
2022-12-13 00:00:00+09:00,2750.639502479101,2780.0581067836906,2721.2208981745116,2731.027099609375,193255,0.0,0.0
2022-12-14 00:00:00+09:00,2731.0270025517184,2809.476611242612,2716.3177009221763,2799.67041015625,270193,0.0,0.0
2022-12-15 00:00:00+09:00,2784.961181640625,2819.2828863439427,2755.54257760921,2784.961181640625,199440,0.0,0.0
2022-12-16 00:00:00+09:00,2721.2208490086773,2848.7014653586334,2711.4146477509885,2789.8642578125,384081,0.0,0.0
2022-12-19 00:00:00+09:00,2814.3799323235357,3020.310171274038,2804.57373046875,2804.57373046875,2337338,0.0,0.0
2022-12-20 00:00:00+09:00,2775.1550328740273,2804.5736374627977,2677.093017578125,2677.093017578125,436653,0.0,0.0
2022-12-21 00:00:00+09:00,2701.6085995214294,2716.317902241147,2603.54658138998,2613.352783203125,378276,0.0,0.0
2022-12-22 00:00:00+09:00,2652.5775137541495,2829.089141286773,2652.5775137541495,2677.093017578125,1545714,0.0,0.0
2022-12-23 00:00:00+09:00,2672.189946056548,2672.189946056548,2564.3217280505955,2574.1279296875,316020,0.0,0.0
2022-12-26 00:00:00+09:00,2539.806251139956,2672.1899746549734,2520.19384765625,2520.19384765625,313524,0.0,0.0
2022-12-27 00:00:00+09:00,2495.678294573643,2569.22480620155,2495.678294573643,2530.0,222133,0.0,0.0
2022-12-28 00:00:00+09:00,2560.0,2585.0,2530.0,2580.0,141260,50.0,0.0
2022-12-29 00:00:00+09:00,2535.0,2660.0,2520.0,2520.0,330593,0.0,0.0
2023-01-02 00:00:00+09:00,2535.0,2680.0,2425.0,2450.0,327616,0.0,0.0
2023-01-03 00:00:00+09:00,2445.0,2560.0,2385.0,2560.0,385894,0.0,0.0
2023-01-04 00:00:00+09:00,2550.0,2635.0,2550.0,2615.0,247786,0.0,0.0
2023-01-05 00:00:00+09:00,2640.0,2645.0,2585.0,2595.0,206816,0.0,0.0
2023-01-06 00:00:00+09:00,2595.0,2685.0,2595.0,2640.0,243741,0.0,0.0
2023-01-09 00:00:00+09:00,2645.0,2725.0,2645.0,2725.0,201247,0.0,0.0
2023-01-10 00:00:00+09:00,2795.0,2795.0,2705.0,2725.0,348226,0.0,0.0
2023-01-11 00:00:00+09:00,2760.0,2785.0,2725.0,2755.0,168330,0.0,0.0
2023-01-12 00:00:00+09:00,2755.0,2810.0,2750.0,2780.0,201436,0.0,0.0
2023-01-13 00:00:00+09:00,2780.0,2805.0,2755.0,2760.0,138693,0.0,0.0
2023-01-16 00:00:00+09:00,2770.0,2800.0,2730.0,2730.0,169186,0.0,0.0
2023-01-17 00:00:00+09:00,2715.0,2745.0,2680.0,2680.0,133902,0.0,0.0
2023-01-18 00:00:00+09:00,2690.0,2700.0,2650.0,2680.0,89000,0.0,0.0
2023-01-19 00:00:00+09:00,2630.0,2690.0,2630.0,2670.0,127408,0.0,0.0
2023-01-20 00:00:00+09:00,2645.0,2705.0,2645.0,2675.0,92492,0.0,0.0
2023-01-25 00:00:00+09:00,2675.0,2810.0,2675.0,2755.0,1064139,0.0,0.0
2023-01-26 00:00:00+09:00,2755.0,2795.0,2745.0,2795.0,250807,0.0,0.0
2023-01-27 00:00:00+09:00,2825.0,2955.0,2785.0,2810.0,1830343,0.0,0.0
2023-01-30 00:00:00+09:00,2845.0,2860.0,2775.0,2830.0,299152,0.0,0.0
2023-01-31 00:00:00+09:00,2905.0,2930.0,2815.0,2825.0,683712,0.0,0.0
2023-02-01 00:00:00+09:00,2880.0,2910.0,2835.0,2885.0,837790,0.0,0.0
2023-02-02 00:00:00+09:00,2920.0,2950.0,2875.0,2875.0,697290,0.0,0.0
2023-02-03 00:00:00+09:00,2885.0,2925.0,2850.0,2860.0,472384,0.0,0.0
2023-02-06 00:00:00+09:00,2820.0,2935.0,2820.0,2885.0,383489,0.0,0.0
2023-02-07 00:00:00+09:00,2880.0,2910.0,2870.0,2870.0,339247,0.0,0.0
2023-02-08 00:00:00+09:00,2875.0,2950.0,2875.0,2950.0,690723,0.0,0.0
2023-02-09 00:00:00+09:00,2915.0,2925.0,2865.0,2870.0,459004,0.0,0.0
2023-02-10 00:00:00+09:00,2865.0,2865.0,2780.0,2790.0,354775,0.0,0.0
2023-02-13 00:00:00+09:00,2805.0,2945.0,2760.0,2835.0,720544,0.0,0.0
2023-02-14 00:00:00+09:00,2840.0,2890.0,2830.0,2840.0,470975,0.0,0.0
2023-02-15 00:00:00+09:00,2840.0,2880.0,2740.0,2765.0,413064,0.0,0.0
2023-02-16 00:00:00+09:00,2800.0,2890.0,2780.0,2865.0,458815,0.0,0.0
2023-02-17 00:00:00+09:00,2815.0,2910.0,2810.0,2885.0,397009,0.0,0.0
2023-02-20 00:00:00+09:00,2885.0,2915.0,2840.0,2885.0,249814,0.0,0.0
2023-02-21 00:00:00+09:00,2885.0,2925.0,2855.0,2855.0,424244,0.0,0.0
2023-02-22 00:00:00+09:00,2800.0,2870.0,2790.0,2820.0,205135,0.0,0.0
2023-02-23 00:00:00+09:00,2825.0,2990.0,2825.0,2845.0,851141,0.0,0.0
2023-02-24 00:00:00+09:00,2845.0,2855.0,2750.0,2785.0,391564,0.0,0.0
2023-02-27 00:00:00+09:00,2785.0,2785.0,2665.0,2700.0,215209,0.0,0.0
2023-02-28 00:00:00+09:00,2710.0,2775.0,2695.0,2730.0,201024,0.0,0.0
2023-03-02 00:00:00+09:00,2730.0,2860.0,2730.0,2785.0,305729,0.0,0.0
2023-03-03 00:00:00+09:00,2755.0,2950.0,2755.0,2925.0,3028423,0.0,0.0
2023-03-06 00:00:00+09:00,3400.0,3540.0,3150.0,3250.0,18180610,0.0,0.0
2023-03-07 00:00:00+09:00,3205.0,3260.0,3105.0,3105.0,3753017,0.0,0.0
2023-03-08 00:00:00+09:00,3215.0,3335.0,3070.0,3100.0,4642233,0.0,0.0
2023-03-09 00:00:00+09:00,3025.0,3140.0,2910.0,2970.0,1970283,0.0,0.0
2023-03-10 00:00:00+09:00,2970.0,3095.0,2935.0,2995.0,2086373,0.0,0.0
2023-03-13 00:00:00+09:00,2940.0,2960.0,2805.0,2935.0,962397,0.0,0.0
2023-03-14 00:00:00+09:00,2875.0,2900.0,2715.0,2715.0,845633,0.0,0.0
2023-03-15 00:00:00+09:00,2780.0,2905.0,2765.0,2850.0,1219631,0.0,0.0
2023-03-16 00:00:00+09:00,2890.0,2920.0,2750.0,2835.0,680163,0.0,0.0
2023-03-17 00:00:00+09:00,2880.0,2935.0,2850.0,2875.0,744154,0.0,0.0
2023-03-20 00:00:00+09:00,2880.0,2920.0,2810.0,2885.0,423831,0.0,0.0
2023-03-21 00:00:00+09:00,2870.0,2910.0,2850.0,2870.0,441430,0.0,0.0
2023-03-22 00:00:00+09:00,2900.0,2955.0,2860.0,2870.0,860277,0.0,0.0
2023-03-23 00:00:00+09:00,2845.0,3010.0,2830.0,2930.0,1595891,0.0,0.0
2023-03-24 00:00:00+09:00,2990.0,3165.0,2920.0,3150.0,5314238,0.0,0.0
2023-03-27 00:00:00+09:00,3210.0,3245.0,3070.0,3100.0,1662237,0.0,0.0
2023-03-28 00:00:00+09:00,3085.0,3150.0,3070.0,3080.0,932679,0.0,0.0
2023-03-29 00:00:00+09:00,3095.0,3275.0,3035.0,3190.0,3635253,0.0,0.0
2023-03-30 00:00:00+09:00,3210.0,3235.0,3110.0,3110.0,1053473,0.0,0.0
2023-03-31 00:00:00+09:00,3100.0,3125.0,3025.0,3090.0,644245,0.0,0.0
2023-04-03 00:00:00+09:00,3100.0,3210.0,3030.0,3175.0,1524629,0.0,0.0
2023-04-04 00:00:00+09:00,3190.0,3280.0,3110.0,3110.0,1595848,0.0,0.0
2023-04-05 00:00:00+09:00,3110.0,3290.0,3100.0,3275.0,2455104,0.0,0.0
2023-04-06 00:00:00+09:00,3205.0,3210.0,3095.0,3165.0,1616871,0.0,0.0
2023-04-07 00:00:00+09:00,3165.0,3185.0,3095.0,3095.0,667978,0.0,0.0
2023-04-10 00:00:00+09:00,3060.0,3180.0,3035.0,3090.0,1426336,0.0,0.0
2023-04-11 00:00:00+09:00,3150.0,3350.0,3130.0,3190.0,4852011,0.0,0.0
2023-04-12 00:00:00+09:00,3190.0,3345.0,3150.0,3305.0,3635871,0.0,0.0
2023-04-13 00:00:00+09:00,3230.0,3235.0,3110.0,3155.0,1295553,0.0,0.0
2023-04-14 00:00:00+09:00,3175.0,3210.0,3110.0,3115.0,665206,0.0,0.0
2023-04-17 00:00:00+09:00,3145.0,3155.0,3055.0,3135.0,609394,0.0,0.0
2023-04-18 00:00:00+09:00,3130.0,3165.0,3040.0,3110.0,726965,0.0,0.0
2023-04-19 00:00:00+09:00,3105.0,3355.0,3090.0,3355.0,2787435,0.0,0.0
2023-04-20 00:00:00+09:00,3230.0,3245.0,3065.0,3075.0,1480214,0.0,0.0
2023-04-21 00:00:00+09:00,3095.0,3120.0,2965.0,2985.0,619137,0.0,0.0
2023-04-24 00:00:00+09:00,3020.0,3145.0,2960.0,3055.0,622239,0.0,0.0
2023-04-25 00:00:00+09:00,3125.0,3260.0,2970.0,3210.0,1960602,0.0,0.0
2023-04-26 00:00:00+09:00,3100.0,3175.0,3000.0,3015.0,1060194,0.0,0.0
2023-04-27 00:00:00+09:00,3005.0,3110.0,2920.0,3080.0,1021124,0.0,0.0
2023-04-28 00:00:00+09:00,3100.0,3150.0,2965.0,2980.0,634961,0.0,0.0
2023-05-02 00:00:00+09:00,2950.0,3015.0,2940.0,2970.0,329156,0.0,0.0
2023-05-03 00:00:00+09:00,2970.0,3000.0,2935.0,2975.0,331182,0.0,0.0
2023-05-04 00:00:00+09:00,2950.0,2980.0,2870.0,2900.0,411519,0.0,0.0
2023-05-08 00:00:00+09:00,2925.0,2940.0,2870.0,2875.0,268350,0.0,0.0
2023-05-09 00:00:00+09:00,2850.0,2870.0,2725.0,2760.0,450272,0.0,0.0
2023-05-10 00:00:00+09:00,2750.0,2925.0,2740.0,2830.0,421474,0.0,0.0
2023-05-11 00:00:00+09:00,2830.0,2910.0,2815.0,2825.0,217818,0.0,0.0
2023-05-12 00:00:00+09:00,2830.0,2840.0,2745.0,2760.0,278452,0.0,0.0
2023-05-15 00:00:00+09:00,2760.0,2760.0,2625.0,2655.0,453574,0.0,0.0
2023-05-16 00:00:00+09:00,2645.0,2905.0,2645.0,2670.0,955714,0.0,0.0
2023-05-17 00:00:00+09:00,2720.0,2835.0,2670.0,2820.0,422484,0.0,0.0
2023-05-18 00:00:00+09:00,2825.0,2845.0,2790.0,2815.0,142561,0.0,0.0
2023-05-19 00:00:00+09:00,2845.0,2845.0,2800.0,2815.0,135021,0.0,0.0
2023-05-22 00:00:00+09:00,2800.0,2940.0,2775.0,2860.0,380998,0.0,0.0
2023-05-23 00:00:00+09:00,2840.0,2895.0,2830.0,2850.0,255040,0.0,0.0
2023-05-24 00:00:00+09:00,2835.0,2970.0,2800.0,2825.0,814405,0.0,0.0
2023-05-25 00:00:00+09:00,2825.0,2890.0,2770.0,2775.0,249462,0.0,0.0
2023-05-26 00:00:00+09:00,2765.0,2810.0,2740.0,2745.0,175478,0.0,0.0
2023-05-30 00:00:00+09:00,2770.0,2820.0,2765.0,2815.0,142574,0.0,0.0
2023-05-31 00:00:00+09:00,2780.0,2855.0,2780.0,2810.0,199169,0.0,0.0
2023-06-01 00:00:00+09:00,2795.0,2875.0,2795.0,2810.0,152169,0.0,0.0
2023-06-02 00:00:00+09:00,2835.0,2835.0,2780.0,2795.0,165165,0.0,0.0
2023-06-05 00:00:00+09:00,2810.0,2875.0,2785.0,2810.0,194449,0.0,0.0
2023-06-07 00:00:00+09:00,2800.0,2850.0,2800.0,2820.0,187305,0.0,0.0
2023-06-08 00:00:00+09:00,2775.0,2815.0,2775.0,2785.0,224400,0.0,0.0
2023-06-09 00:00:00+09:00,2810.0,2870.0,2800.0,2840.0,225223,0.0,0.0
2023-06-12 00:00:00+09:00,2840.0,2905.0,2820.0,2885.0,301560,0.0,0.0
2023-06-13 00:00:00+09:00,2895.0,2910.0,2855.0,2900.0,238420,0.0,0.0
2023-06-14 00:00:00+09:00,2935.0,2945.0,2795.0,2815.0,424243,0.0,0.0
2023-06-15 00:00:00+09:00,2815.0,2875.0,2760.0,2780.0,346922,0.0,0.0
2023-06-16 00:00:00+09:00,2810.0,2815.0,2780.0,2790.0,112215,0.0,0.0
2023-06-19 00:00:00+09:00,2800.0,2800.0,2750.0,2775.0,194511,0.0,0.0
2023-06-20 00:00:00+09:00,2760.0,2775.0,2725.0,2730.0,173964,0.0,0.0
2023-06-21 00:00:00+09:00,2760.0,2775.0,2695.0,2705.0,180612,0.0,0.0
2023-06-22 00:00:00+09:00,2725.0,2725.0,2670.0,2675.0,123337,0.0,0.0
2023-06-23 00:00:00+09:00,2660.0,2705.0,2630.0,2655.0,167235,0.0,0.0
2023-06-26 00:00:00+09:00,2635.0,2660.0,2605.0,2620.0,190457,0.0,0.0
2023-06-27 00:00:00+09:00,2605.0,2690.0,2605.0,2650.0,98774,0.0,0.0
2023-06-28 00:00:00+09:00,2660.0,2665.0,2620.0,2620.0,114020,0.0,0.0
2023-06-29 00:00:00+09:00,2615.0,2640.0,2530.0,2560.0,233821,0.0,0.0
2023-06-30 00:00:00+09:00,2535.0,2595.0,2515.0,2585.0,137148,0.0,0.0
2023-07-03 00:00:00+09:00,2620.0,2680.0,2585.0,2640.0,165984,0.0,0.0
2023-07-04 00:00:00+09:00,2620.0,2675.0,2615.0,2640.0,112726,0.0,0.0
2023-07-05 00:00:00+09:00,2625.0,2665.0,2625.0,2660.0,95438,0.0,0.0
2023-07-06 00:00:00+09:00,2665.0,2675.0,2555.0,2575.0,155565,0.0,0.0
2023-07-07 00:00:00+09:00,2525.0,2680.0,2525.0,2575.0,191246,0.0,0.0
2023-07-10 00:00:00+09:00,2545.0,2570.0,2515.0,2530.0,112466,0.0,0.0
2023-07-12 00:00:00+09:00,2520.0,2580.0,2520.0,2555.0,114905,0.0,0.0
2023-07-13 00:00:00+09:00,2555.0,2600.0,2555.0,2585.0,105946,0.0,0.0
2023-07-14 00:00:00+09:00,2585.0,2600.0,2530.0,2540.0,133816,0.0,0.0
2023-07-17 00:00:00+09:00,2535.0,2560.0,2485.0,2500.0,114464,0.0,0.0
2023-07-18 00:00:00+09:00,2490.0,2520.0,2435.0,2440.0,201188,0.0,0.0
2023-07-19 00:00:00+09:00,2420.0,2470.0,2390.0,2420.0,164002,0.0,0.0
2023-07-20 00:00:00+09:00,2400.0,2595.0,2400.0,2490.0,459948,0.0,0.0
2023-07-21 00:00:00+09:00,2450.0,2550.0,2450.0,2455.0,136429,0.0,0.0
2023-07-24 00:00:00+09:00,2435.0,2605.0,2350.0,2500.0,656147,0.0,0.0
2023-07-25 00:00:00+09:00,2485.0,2545.0,2350.0,2355.0,357272,0.0,0.0
2023-07-26 00:00:00+09:00,2355.0,2375.0,2185.0,2205.0,549363,0.0,0.0
2023-07-27 00:00:00+09:00,2165.0,2330.0,2165.0,2285.0,188097,0.0,0.0
2023-07-28 00:00:00+09:00,2270.0,2395.0,2270.0,2370.0,123083,0.0,0.0
2023-07-31 00:00:00+09:00,2340.0,2405.0,2340.0,2375.0,116260,0.0,0.0
2023-08-01 00:00:00+09:00,2365.0,2400.0,2365.0,2380.0,107047,0.0,0.0
2023-08-02 00:00:00+09:00,2360.0,2420.0,2345.0,2355.0,121165,0.0,0.0
2023-08-03 00:00:00+09:00,2355.0,2355.0,2265.0,2325.0,128874,0.0,0.0
2023-08-04 00:00:00+09:00,2325.0,2340.0,2285.0,2300.0,61315,0.0,0.0
2023-08-07 00:00:00+09:00,2295.0,2310.0,2220.0,2255.0,128114,0.0,0.0
2023-08-08 00:00:00+09:00,2255.0,2295.0,2220.0,2235.0,101641,0.0,0.0
2023-08-09 00:00:00+09:00,2215.0,2350.0,2215.0,2280.0,118410,0.0,0.0
2023-08-10 00:00:00+09:00,2250.0,2330.0,2250.0,2325.0,107880,0.0,0.0
2023-08-11 00:00:00+09:00,2325.0,2360.0,2275.0,2310.0,113946,0.0,0.0
2023-08-14 00:00:00+09:00,2315.0,2325.0,2275.0,2290.0,72755,0.0,0.0
2023-08-16 00:00:00+09:00,2265.0,2265.0,2185.0,2200.0,149979,0.0,0.0
2023-08-17 00:00:00+09:00,2190.0,2205.0,2140.0,2185.0,88506,0.0,0.0
2023-08-18 00:00:00+09:00,2185.0,2380.0,2145.0,2260.0,588866,0.0,0.0
2023-08-21 00:00:00+09:00,2330.0,2390.0,2290.0,2345.0,275075,0.0,0.0
2023-08-22 00:00:00+09:00,2315.0,2315.0,2235.0,2265.0,163727,0.0,0.0
2023-08-23 00:00:00+09:00,2245.0,2290.0,2240.0,2260.0,47750,0.0,0.0
2023-08-24 00:00:00+09:00,2240.0,2290.0,2235.0,2255.0,79577,0.0,0.0
2023-08-25 00:00:00+09:00,2250.0,2260.0,2230.0,2245.0,50737,0.0,0.0
2023-08-28 00:00:00+09:00,2315.0,2320.0,2240.0,2270.0,76274,0.0,0.0
2023-08-29 00:00:00+09:00,2285.0,2300.0,2265.0,2270.0,65807,0.0,0.0
2023-08-30 00:00:00+09:00,2285.0,2325.0,2280.0,2295.0,76439,0.0,0.0
2023-08-31 00:00:00+09:00,2290.0,2320.0,2260.0,2265.0,71795,0.0,0.0
2023-09-01 00:00:00+09:00,2275.0,2275.0,2235.0,2260.0,76239,0.0,0.0
2023-09-04 00:00:00+09:00,2260.0,2275.0,2195.0,2210.0,166022,0.0,0.0
2023-09-05 00:00:00+09:00,2210.0,2235.0,2195.0,2195.0,74409,0.0,0.0
2023-09-06 00:00:00+09:00,2195.0,2220.0,2170.0,2185.0,101937,0.0,0.0
2023-09-07 00:00:00+09:00,2175.0,2205.0,2135.0,2140.0,184377,0.0,0.0
2023-09-08 00:00:00+09:00,2145.0,2170.0,2130.0,2165.0,55119,0.0,0.0
2023-09-11 00:00:00+09:00,2160.0,2180.0,2135.0,2150.0,69080,0.0,0.0
2023-09-12 00:00:00+09:00,2150.0,2175.0,2080.0,2090.0,147634,0.0,0.0
2023-09-13 00:00:00+09:00,2080.0,2115.0,2055.0,2065.0,101243,0.0,0.0
2023-09-14 00:00:00+09:00,2060.0,2105.0,2060.0,2090.0,79687,0.0,0.0
2023-09-15 00:00:00+09:00,2095.0,2130.0,2085.0,2120.0,49129,0.0,0.0
2023-09-18 00:00:00+09:00,2115.0,2115.0,2090.0,2090.0,54416,0.0,0.0
2023-09-19 00:00:00+09:00,2075.0,2110.0,2045.0,2045.0,88219,0.0,0.0
2023-09-20 00:00:00+09:00,2055.0,2075.0,1971.0,1988.0,280939,0.0,0.0
2023-09-21 00:00:00+09:00,1999.0,2015.0,1951.0,1985.0,181642,0.0,0.0
2023-09-22 00:00:00+09:00,1963.0,1985.0,1923.0,1952.0,139944,0.0,0.0
2023-09-25 00:00:00+09:00,1952.0,1952.0,1867.0,1869.0,179076,0.0,0.0
2023-09-26 00:00:00+09:00,1870.0,1880.0,1850.0,1851.0,79065,0.0,0.0
2023-09-27 00:00:00+09:00,1850.0,2350.0,1818.0,1845.0,8641798,0.0,0.0
2023-10-04 00:00:00+09:00,1825.0,1831.0,1738.0,1739.0,399984,0.0,0.0
2023-10-05 00:00:00+09:00,1740.0,1776.0,1681.0,1681.0,255957,0.0,0.0
2023-10-06 00:00:00+09:00,1652.0,1770.0,1652.0,1728.0,150110,0.0,0.0
2023-10-10 00:00:00+09:00,1728.0,1771.0,1687.0,1710.0,165754,0.0,0.0
2023-10-11 00:00:00+09:00,1725.0,1769.0,1725.0,1766.0,89613,0.0,0.0
2023-10-12 00:00:00+09:00,1765.0,1979.0,1757.0,1836.0,1661939,0.0,0.0
2023-10-13 00:00:00+09:00,1836.0,1860.0,1720.0,1805.0,221081,0.0,0.0
2023-10-16 00:00:00+09:00,1805.0,1805.0,1704.0,1721.0,158511,0.0,0.0
2023-10-17 00:00:00+09:00,1723.0,1788.0,1723.0,1774.0,83808,0.0,0.0
2023-10-18 00:00:00+09:00,1745.0,1779.0,1745.0,1761.0,80996,0.0,0.0
2023-10-19 00:00:00+09:00,1729.0,1743.0,1650.0,1680.0,110715,0.0,0.0
2023-10-20 00:00:00+09:00,1680.0,1703.0,1610.0,1679.0,129271,0.0,0.0
2023-10-23 00:00:00+09:00,1615.0,1676.0,1615.0,1651.0,93132,0.0,0.0
2023-10-24 00:00:00+09:00,1660.0,1707.0,1619.0,1704.0,79842,0.0,0.0
2023-10-25 00:00:00+09:00,1705.0,1739.0,1705.0,1711.0,65634,0.0,0.0
2023-10-26 00:00:00+09:00,1698.0,1698.0,1625.0,1632.0,79698,0.0,0.0
2023-10-27 00:00:00+09:00,1623.0,1674.0,1607.0,1649.0,41604,0.0,0.0
2023-10-30 00:00:00+09:00,1648.0,1690.0,1629.0,1680.0,35822,0.0,0.0
2023-10-31 00:00:00+09:00,1670.0,1694.0,1630.0,1630.0,49709,0.0,0.0
2023-11-01 00:00:00+09:00,1630.0,1672.0,1627.0,1640.0,28384,0.0,0.0
2023-11-02 00:00:00+09:00,1649.0,1692.0,1649.0,1688.0,71190,0.0,0.0
2023-11-03 00:00:00+09:00,1691.0,1739.0,1677.0,1736.0,85838,0.0,0.0
2023-11-06 00:00:00+09:00,1755.0,1823.0,1750.0,1813.0,162053,0.0,0.0
2023-11-07 00:00:00+09:00,1833.0,1845.0,1764.0,1812.0,128823,0.0,0.0
2023-11-08 00:00:00+09:00,1825.0,1825.0,1783.0,1789.0,92092,0.0,0.0
2023-11-09 00:00:00+09:00,1795.0,1795.0,1750.0,1768.0,36997,0.0,0.0
2023-11-10 00:00:00+09:00,1763.0,1766.0,1705.0,1760.0,112838,0.0,0.0
2023-11-13 00:00:00+09:00,1773.0,1790.0,1748.0,1755.0,46959,0.0,0.0
2023-11-14 00:00:00+09:00,1757.0,1820.0,1757.0,1807.0,78403,0.0,0.0
2023-11-15 00:00:00+09:00,1825.0,1857.0,1820.0,1841.0,83316,0.0,0.0
2023-11-16 00:00:00+09:00,1851.0,1857.0,1829.0,1854.0,68746,0.0,0.0
2023-11-17 00:00:00+09:00,1860.0,1860.0,1798.0,1808.0,62954,0.0,0.0
2023-11-20 00:00:00+09:00,1815.0,1830.0,1785.0,1814.0,45041,0.0,0.0
2023-11-21 00:00:00+09:00,1825.0,1834.0,1811.0,1833.0,41579,0.0,0.0
2023-11-22 00:00:00+09:00,1839.0,1839.0,1811.0,1831.0,31413,0.0,0.0
2023-11-23 00:00:00+09:00,1826.0,1840.0,1799.0,1804.0,37579,0.0,0.0
2023-11-24 00:00:00+09:00,1814.0,1823.0,1800.0,1801.0,32465,0.0,0.0
2023-11-27 00:00:00+09:00,1825.0,1825.0,1795.0,1799.0,21125,0.0,0.0
2023-11-28 00:00:00+09:00,1808.0,1808.0,1769.0,1773.0,61517,0.0,0.0
2023-11-29 00:00:00+09:00,1773.0,1794.0,1773.0,1777.0,36471,0.0,0.0
2023-11-30 00:00:00+09:00,1777.0,1796.0,1748.0,1781.0,48593,0.0,0.0
2023-12-01 00:00:00+09:00,1781.0,1790.0,1769.0,1775.0,47836,0.0,0.0
2023-12-04 00:00:00+09:00,1775.0,1800.0,1754.0,1772.0,84451,0.0,0.0
2023-12-05 00:00:00+09:00,1775.0,1775.0,1722.0,1737.0,91420,0.0,0.0
2023-12-06 00:00:00+09:00,1720.0,1749.0,1720.0,1740.0,36175,0.0,0.0
2023-12-07 00:00:00+09:00,1740.0,1749.0,1708.0,1727.0,27017,0.0,0.0
2023-12-08 00:00:00+09:00,1727.0,1743.0,1721.0,1734.0,52011,0.0,0.0
2023-12-11 00:00:00+09:00,1752.0,1752.0,1642.0,1722.0,76593,0.0,0.0
2023-12-12 00:00:00+09:00,1735.0,1738.0,1720.0,1725.0,34904,0.0,0.0
2023-12-13 00:00:00+09:00,1729.0,1732.0,1710.0,1724.0,26039,0.0,0.0
2023-12-14 00:00:00+09:00,1717.0,1727.0,1700.0,1708.0,59542,0.0,0.0
2023-12-15 00:00:00+09:00,1716.0,1721.0,1709.0,1718.0,47823,0.0,0.0
2023-12-18 00:00:00+09:00,1718.0,1722.0,1712.0,1720.0,39713,0.0,0.0
2023-12-19 00:00:00+09:00,1708.0,1723.0,1708.0,1712.0,41248,0.0,0.0
2023-12-20 00:00:00+09:00,1714.0,1735.0,1714.0,1720.0,33881,0.0,0.0
2023-12-21 00:00:00+09:00,1724.0,1724.0,1706.0,1711.0,62943,0.0,0.0
2023-12-22 00:00:00+09:00,1711.0,1720.0,1702.0,1709.0,71276,0.0,0.0
2023-12-26 00:00:00+09:00,1712.0,1715.0,1690.0,1694.0,81247,0.0,0.0
2023-12-27 00:00:00+09:00,1694.0,1704.0,1690.0,1692.0,62490,0.0,0.0
2023-12-28 00:00:00+09:00,1692.0,1701.0,1688.0,1694.0,60296,0.0,0.0
2024-01-02 00:00:00+09:00,1694.0,1710.0,1694.0,1709.0,40196,0.0,0.0
2024-01-03 00:00:00+09:00,1709.0,1716.0,1705.0,1714.0,44344,0.0,0.0
2024-01-04 00:00:00+09:00,1706.0,1714.0,1693.0,1699.0,83641,0.0,0.0
2024-01-05 00:00:00+09:00,1699.0,1716.0,1682.0,1706.0,46966,0.0,0.0
2024-01-08 00:00:00+09:00,1700.0,1710.0,1690.0,1701.0,48894,0.0,0.0
2024-01-09 00:00:00+09:00,1709.0,1949.0,1702.0,1823.0,2095972,0.0,0.0
2024-01-10 00:00:00+09:00,1840.0,1840.0,1755.0,1803.0,229026,0.0,0.0
2024-01-11 00:00:00+09:00,1804.0,1970.0,1763.0,1860.0,834381,0.0,0.0
2024-01-12 00:00:00+09:00,1853.0,1930.0,1810.0,1875.0,469404,0.0,0.0
2024-01-15 00:00:00+09:00,1854.0,1854.0,1807.0,1825.0,122562,0.0,0.0
2024-01-16 00:00:00+09:00,1825.0,2090.0,1825.0,1887.0,1541842,0.0,0.0
2024-01-17 00:00:00+09:00,1887.0,1890.0,1815.0,1824.0,107971,0.0,0.0
2024-01-18 00:00:00+09:00,1824.0,1880.0,1792.0,1834.0,92758,0.0,0.0
2024-01-19 00:00:00+09:00,1870.0,1920.0,1852.0,1883.0,144815,0.0,0.0
2024-01-22 00:00:00+09:00,1890.0,1930.0,1845.0,1850.0,217480,0.0,0.0
2024-01-23 00:00:00+09:00,1850.0,1850.0,1810.0,1817.0,123792,0.0,0.0
2024-01-24 00:00:00+09:00,1817.0,1897.0,1790.0,1839.0,110106,0.0,0.0
2024-01-25 00:00:00+09:00,1839.0,1840.0,1761.0,1777.0,150997,0.0,0.0
2024-01-26 00:00:00+09:00,1785.0,1805.0,1762.0,1797.0,70205,0.0,0.0
2024-01-29 00:00:00+09:00,1802.0,1825.0,1781.0,1801.0,76022,0.0,0.0
2024-01-30 00:00:00+09:00,1811.0,1817.0,1775.0,1796.0,64429,0.0,0.0
2024-01-31 00:00:00+09:00,1776.0,1794.0,1701.0,1701.0,95726,0.0,0.0
2024-02-01 00:00:00+09:00,1701.0,1730.0,1685.0,1698.0,83407,0.0,0.0
2024-02-02 00:00:00+09:00,1698.0,1725.0,1691.0,1706.0,49000,0.0,0.0
2024-02-05 00:00:00+09:00,1719.0,1719.0,1699.0,1699.0,56599,0.0,0.0
2024-02-06 00:00:00+09:00,1699.0,1704.0,1672.0,1679.0,112128,0.0,0.0
2024-02-07 00:00:00+09:00,1667.0,1670.0,1436.0,1466.0,1264027,0.0,0.0
2024-02-08 00:00:00+09:00,1483.0,1483.0,1430.0,1448.0,237870,0.0,0.0
2024-02-13 00:00:00+09:00,1465.0,1497.0,1463.0,1476.0,163328,0.0,0.0
2024-02-14 00:00:00+09:00,1477.0,1490.0,1466.0,1488.0,86802,0.0,0.0
2024-02-15 00:00:00+09:00,1488.0,1502.0,1488.0,1496.0,137466,0.0,0.0
2024-02-16 00:00:00+09:00,1496.0,1503.0,1482.0,1488.0,112951,0.0,0.0
2024-02-19 00:00:00+09:00,1488.0,1497.0,1486.0,1496.0,64856,0.0,0.0
2024-02-20 00:00:00+09:00,1496.0,1511.0,1491.0,1494.0,94126,0.0,0.0
2024-02-21 00:00:00+09:00,1500.0,1503.0,1461.0,1462.0,121094,0.0,0.0
2024-02-22 00:00:00+09:00,1463.0,1477.0,1451.0,1469.0,83898,0.0,0.0
2024-02-23 00:00:00+09:00,1489.0,1490.0,1457.0,1464.0,79338,0.0,0.0
2024-02-26 00:00:00+09:00,1464.0,1470.0,1448.0,1453.0,63977,0.0,0.0
2024-02-27 00:00:00+09:00,1450.0,1457.0,1433.0,1433.0,80907,0.0,0.0
2024-02-28 00:00:00+09:00,1433.0,1445.0,1400.0,1413.0,135770,0.0,0.0
2024-02-29 00:00:00+09:00,1413.0,1414.0,1359.0,1360.0,141361,0.0,0.0
2024-03-04 00:00:00+09:00,1360.0,1379.0,1300.0,1305.0,217907,0.0,0.0
2024-03-05 00:00:00+09:00,1305.0,1349.0,1299.0,1341.0,136386,0.0,0.0
2024-03-06 00:00:00+09:00,1340.0,1351.0,1307.0,1309.0,96023,0.0,0.0
2024-03-07 00:00:00+09:00,1309.0,1439.0,1250.0,1316.0,563132,0.0,0.0
2024-03-08 00:00:00+09:00,1316.0,1673.0,1316.0,1480.0,6582183,0.0,0.0
2024-03-11 00:00:00+09:00,1466.0,1469.0,1400.0,1401.0,410681,0.0,0.0
2024-03-12 00:00:00+09:00,1416.0,1485.0,1416.0,1444.0,483959,0.0,0.0
2024-03-13 00:00:00+09:00,1450.0,1450.0,1415.0,1425.0,195981,0.0,0.0
2024-03-14 00:00:00+09:00,1425.0,1440.0,1314.0,1409.0,141068,0.0,0.0
2024-03-15 00:00:00+09:00,1390.0,1427.0,1385.0,1390.0,98476,0.0,0.0
2024-03-18 00:00:00+09:00,1390.0,1480.0,1388.0,1436.0,242946,0.0,0.0
2024-03-19 00:00:00+09:00,1436.0,1441.0,1383.0,1392.0,181260,0.0,0.0
2024-03-20 00:00:00+09:00,1385.0,1424.0,1385.0,1409.0,139602,0.0,0.0
2024-03-21 00:00:00+09:00,1406.0,1440.0,1406.0,1415.0,136513,0.0,0.0
2024-03-22 00:00:00+09:00,1415.0,1423.0,1399.0,1412.0,164256,0.0,0.0
2024-03-25 00:00:00+09:00,1412.0,1422.0,1410.0,1411.0,112514,0.0,0.0
2024-03-26 00:00:00+09:00,1418.0,1423.0,1394.0,1394.0,141598,0.0,0.0
2024-03-27 00:00:00+09:00,1405.0,1408.0,1380.0,1388.0,98787,0.0,0.0
2024-03-28 00:00:00+09:00,1389.0,1399.0,1382.0,1394.0,76251,0.0,0.0
2024-03-29 00:00:00+09:00,1394.0,1413.0,1388.0,1400.0,77453,0.0,0.0
2024-04-01 00:00:00+09:00,1409.0,1449.0,1409.0,1444.0,204923,0.0,0.0
2024-04-02 00:00:00+09:00,1443.0,1506.0,1433.0,1479.0,394159,0.0,0.0
2024-04-03 00:00:00+09:00,1469.0,1469.0,1426.0,1449.0,136784,0.0,0.0
2024-04-04 00:00:00+09:00,1447.0,1452.0,1416.0,1420.0,105850,0.0,0.0
2024-04-05 00:00:00+09:00,1420.0,1420.0,1350.0,1355.0,193358,0.0,0.0
2024-04-08 00:00:00+09:00,1355.0,1355.0,1300.0,1300.0,243466,0.0,0.0
2024-04-09 00:00:00+09:00,1300.0,1319.0,1279.0,1307.0,124444,0.0,0.0
2024-04-11 00:00:00+09:00,1255.0,1310.0,1255.0,1283.0,100407,0.0,0.0
2024-04-12 00:00:00+09:00,1284.0,1290.0,1275.0,1288.0,81676,0.0,0.0
2024-04-15 00:00:00+09:00,1287.0,1296.0,1247.0,1292.0,102180,0.0,0.0
2024-04-16 00:00:00+09:00,1291.0,1291.0,1257.0,1262.0,112183,0.0,0.0
2024-04-17 00:00:00+09:00,1260.0,1289.0,1258.0,1264.0,47028,0.0,0.0
2024-04-18 00:00:00+09:00,1251.0,1283.0,1251.0,1282.0,46898,0.0,0.0
2024-04-19 00:00:00+09:00,1282.0,1283.0,1255.0,1271.0,59554,0.0,0.0
2024-04-22 00:00:00+09:00,1263.0,1277.0,1260.0,1270.0,35945,0.0,0.0
2024-04-23 00:00:00+09:00,1270.0,1280.0,1256.0,1256.0,34468,0.0,0.0
2024-04-24 00:00:00+09:00,1264.0,1272.0,1259.0,1269.0,28107,0.0,0.0
2024-04-25 00:00:00+09:00,1269.0,1269.0,1251.0,1258.0,57256,0.0,0.0
2024-04-26 00:00:00+09:00,1259.0,1260.0,1238.0,1253.0,70170,0.0,0.0
2024-04-29 00:00:00+09:00,1251.0,1264.0,1248.0,1256.0,57634,0.0,0.0
2024-04-30 00:00:00+09:00,1260.0,1267.0,1256.0,1262.0,53045,0.0,0.0
2024-05-02 00:00:00+09:00,1259.0,1264.0,1258.0,1262.0,56612,0.0,0.0
2024-05-03 00:00:00+09:00,1262.0,1270.0,1262.0,1267.0,40364,0.0,0.0
2024-05-07 00:00:00+09:00,1267.0,1277.0,1266.0,1275.0,51864,0.0,0.0
2024-05-08 00:00:00+09:00,1268.0,1286.0,1268.0,1283.0,44285,0.0,0.0
2024-05-09 00:00:00+09:00,1286.0,1570.0,1284.0,1404.0,4825558,0.0,0.0
2024-05-10 00:00:00+09:00,1415.0,1433.0,1362.0,1398.0,317037,0.0,0.0
2024-05-13 00:00:00+09:00,1394.0,1394.0,1342.0,1373.0,131775,0.0,0.0
2024-05-14 00:00:00+09:00,1373.0,1426.0,1313.0,1313.0,380878,0.0,0.0
2024-05-16 00:00:00+09:00,1330.0,1374.0,1329.0,1370.0,123276,0.0,0.0
2024-05-17 00:00:00+09:00,1377.0,1378.0,1335.0,1354.0,82066,0.0,0.0
2024-05-20 00:00:00+09:00,1355.0,1355.0,1328.0,1340.0,75036,0.0,0.0
2024-05-21 00:00:00+09:00,1340.0,1340.0,1316.0,1329.0,34892,0.0,0.0
2024-05-22 00:00:00+09:00,1326.0,1339.0,1320.0,1325.0,57596,0.0,0.0
2024-05-23 00:00:00+09:00,1326.0,1370.0,1311.0,1360.0,76615,0.0,0.0
2024-05-24 00:00:00+09:00,1343.0,1358.0,1321.0,1341.0,47257,0.0,0.0
2024-05-27 00:00:00+09:00,1331.0,1341.0,1322.0,1330.0,34067,0.0,0.0
2024-05-28 00:00:00+09:00,1335.0,1348.0,1325.0,1334.0,51955,0.0,0.0
2024-05-29 00:00:00+09:00,1345.0,1345.0,1324.0,1340.0,49950,0.0,0.0
2024-05-30 00:00:00+09:00,1336.0,1336.0,1290.0,1291.0,84698,0.0,0.0
2024-05-31 00:00:00+09:00,1300.0,1304.0,1284.0,1290.0,62468,0.0,0.0
2024-06-03 00:00:00+09:00,1292.0,1329.0,1290.0,1327.0,38356,0.0,0.0
2024-06-04 00:00:00+09:00,1334.0,1334.0,1308.0,1315.0,26406,0.0,0.0
2024-06-05 00:00:00+09:00,1315.0,1316.0,1303.0,1316.0,35858,0.0,0.0
2024-06-07 00:00:00+09:00,1316.0,1328.0,1310.0,1321.0,37871,0.0,0.0
2024-06-10 00:00:00+09:00,1320.0,1320.0,1295.0,1305.0,57536,0.0,0.0
2024-06-11 00:00:00+09:00,1305.0,1315.0,1265.0,1280.0,101094,0.0,0.0
2024-06-12 00:00:00+09:00,1280.0,1299.0,1276.0,1290.0,46666,0.0,0.0
2024-06-13 00:00:00+09:00,1290.0,1302.0,1274.0,1281.0,64024,0.0,0.0
2024-06-14 00:00:00+09:00,1281.0,1281.0,1241.0,1261.0,75622,0.0,0.0
2024-06-17 00:00:00+09:00,1261.0,1261.0,1239.0,1240.0,62213,0.0,0.0
2024-06-18 00:00:00+09:00,1240.0,1240.0,1221.0,1234.0,55188,0.0,0.0
2024-06-19 00:00:00+09:00,1231.0,1242.0,1221.0,1240.0,35583,0.0,0.0
2024-06-20 00:00:00+09:00,1262.0,1275.0,1235.0,1272.0,59554,0.0,0.0
2024-06-21 00:00:00+09:00,1272.0,1272.0,1235.0,1256.0,35451,0.0,0.0
2024-06-24 00:00:00+09:00,1237.0,1265.0,1230.0,1236.0,42540,0.0,0.0
2024-06-25 00:00:00+09:00,1235.0,1245.0,1220.0,1230.0,39544,0.0,0.0
2024-06-26 00:00:00+09:00,1297.0,1440.0,1259.0,1279.0,2590070,0.0,0.0
2024-06-27 00:00:00+09:00,1246.0,1267.0,1235.0,1246.0,179528,0.0,0.0
2024-06-28 00:00:00+09:00,1245.0,1284.0,1237.0,1267.0,82215,0.0,0.0
2024-07-01 00:00:00+09:00,1270.0,1285.0,1266.0,1282.0,71308,0.0,0.0
2024-07-02 00:00:00+09:00,1290.0,1295.0,1238.0,1243.0,50265,0.0,0.0
2024-07-03 00:00:00+09:00,1243.0,1257.0,1238.0,1250.0,33408,0.0,0.0
2024-07-04 00:00:00+09:00,1248.0,1248.0,1223.0,1238.0,67453,0.0,0.0
2024-07-05 00:00:00+09:00,1258.0,1430.0,1258.0,1295.0,1306748,0.0,0.0
2024-07-08 00:00:00+09:00,1283.0,1337.0,1280.0,1334.0,210362,0.0,0.0
2024-07-09 00:00:00+09:00,1345.0,1349.0,1327.0,1330.0,179801,0.0,0.0
2024-07-10 00:00:00+09:00,1366.0,1695.0,1356.0,1512.0,11115470,0.0,0.0
2024-07-11 00:00:00+09:00,1524.0,1648.0,1523.0,1580.0,3044596,0.0,0.0
2024-07-12 00:00:00+09:00,1587.0,1593.0,1500.0,1543.0,676909,0.0,0.0
2024-07-15 00:00:00+09:00,1565.0,1572.0,1505.0,1543.0,384144,0.0,0.0
2024-07-16 00:00:00+09:00,1529.0,1540.0,1425.0,1465.0,521190,0.0,0.0
2024-07-17 00:00:00+09:00,1465.0,1506.0,1456.0,1466.0,259586,0.0,0.0
2024-07-18 00:00:00+09:00,1466.0,1510.0,1410.0,1440.0,267913,0.0,0.0
2024-07-19 00:00:00+09:00,1440.0,1488.0,1427.0,1457.0,131349,0.0,0.0
2024-07-22 00:00:00+09:00,1452.0,1457.0,1383.0,1404.0,171971,0.0,0.0
2024-07-23 00:00:00+09:00,1404.0,1420.0,1361.0,1385.0,159547,0.0,0.0
2024-07-24 00:00:00+09:00,1386.0,1430.0,1360.0,1393.0,142866,0.0,0.0
2024-07-25 00:00:00+09:00,1390.0,1390.0,1310.0,1354.0,234685,0.0,0.0
2024-07-26 00:00:00+09:00,1390.0,1408.0,1363.0,1388.0,122904,0.0,0.0
2024-07-29 00:00:00+09:00,1387.0,1395.0,1369.0,1388.0,123947,0.0,0.0
2024-07-30 00:00:00+09:00,1394.0,1394.0,1361.0,1368.0,127223,0.0,0.0
2024-07-31 00:00:00+09:00,1354.0,1369.0,1290.0,1310.0,181671,0.0,0.0
2024-08-01 00:00:00+09:00,1323.0,1343.0,1315.0,1343.0,46869,0.0,0.0
2024-08-02 00:00:00+09:00,1335.0,1335.0,1275.0,1281.0,123483,0.0,0.0
2024-08-05 00:00:00+09:00,1278.0,1281.0,1070.0,1079.0,449759,0.0,0.0
2024-08-06 00:00:00+09:00,1011.0,1135.0,1011.0,1119.0,238173,0.0,0.0
2024-08-07 00:00:00+09:00,1119.0,1126.0,1102.0,1119.0,127881,0.0,0.0
2024-08-08 00:00:00+09:00,1124.0,1124.0,1080.0,1119.0,77861,0.0,0.0
2024-08-09 00:00:00+09:00,1121.0,1147.0,1121.0,1146.0,45884,0.0,0.0
2024-08-12 00:00:00+09:00,1146.0,1172.0,1146.0,1170.0,36211,0.0,0.0
2024-08-13 00:00:00+09:00,1172.0,1173.0,1125.0,1171.0,41777,0.0,0.0
2024-08-14 00:00:00+09:00,1171.0,1197.0,1171.0,1194.0,49541,0.0,0.0
2024-08-16 00:00:00+09:00,1191.0,1198.0,1163.0,1170.0,35814,0.0,0.0
2024-08-19 00:00:00+09:00,1170.0,1183.0,1122.0,1132.0,110943,0.0,0.0
2024-08-20 00:00:00+09:00,1131.0,1146.0,1121.0,1139.0,90869,0.0,0.0
2024-08-21 00:00:00+09:00,1130.0,1144.0,1125.0,1130.0,33058,0.0,0.0
2024-08-22 00:00:00+09:00,1124.0,1140.0,1112.0,1113.0,50689,0.0,0.0
2024-08-23 00:00:00+09:00,1110.0,1113.0,1098.0,1107.0,55351,0.0,0.0
2024-08-26 00:00:00+09:00,1107.0,1122.0,1106.0,1108.0,45011,0.0,0.0
2024-08-27 00:00:00+09:00,1106.0,1106.0,1082.0,1096.0,53811,0.0,0.0
2024-08-28 00:00:00+09:00,1096.0,1099.0,1082.0,1082.0,45948,0.0,0.0
2024-08-29 00:00:00+09:00,1085.0,1108.0,1080.0,1090.0,74687,0.0,0.0
2024-08-30 00:00:00+09:00,1085.0,1108.0,1082.0,1088.0,51880,0.0,0.0
2024-09-02 00:00:00+09:00,1089.0,1100.0,1081.0,1095.0,38137,0.0,0.0
2024-09-03 00:00:00+09:00,1095.0,1104.0,1092.0,1098.0,28804,0.0,0.0
2024-09-04 00:00:00+09:00,1090.0,1090.0,1047.0,1048.0,86271,0.0,0.0
2024-09-05 00:00:00+09:00,1048.0,1055.0,1025.0,1047.0,57749,0.0,0.0
2024-09-06 00:00:00+09:00,1036.0,1042.0,1005.0,1017.0,112328,0.0,0.0
2024-09-09 00:00:00+09:00,1005.0,1017.0,999.0,1010.0,58262,0.0,0.0
2024-09-10 00:00:00+09:00,1008.0,1019.0,951.0,969.0,92844,0.0,0.0
2024-09-11 00:00:00+09:00,969.0,1006.0,966.0,981.0,112158,0.0,0.0
2024-09-12 00:00:00+09:00,982.0,1014.0,982.0,1000.0,53865,0.0,0.0
2024-09-13 00:00:00+09:00,1000.0,1015.0,1000.0,1008.0,33256,0.0,0.0
2024-09-19 00:00:00+09:00,1010.0,1011.0,985.0,999.0,59049,0.0,0.0
2024-09-20 00:00:00+09:00,1008.0,1012.0,999.0,1010.0,43166,0.0,0.0
2024-09-23 00:00:00+09:00,1011.0,1019.0,999.0,1006.0,33565,0.0,0.0
2024-09-24 00:00:00+09:00,1004.0,1022.0,1002.0,1022.0,46653,0.0,0.0
2024-09-25 00:00:00+09:00,1019.0,1040.0,1015.0,1032.0,84851,0.0,0.0
2024-09-26 00:00:00+09:00,1032.0,1049.0,1032.0,1043.0,29135,0.0,0.0
2024-09-27 00:00:00+09:00,1043.0,1089.0,1043.0,1084.0,65869,0.0,0.0
2024-09-30 00:00:00+09:00,1084.0,1084.0,1048.0,1053.0,47988,0.0,0.0
2024-10-02 00:00:00+09:00,1054.0,1054.0,1028.0,1041.0,25531,0.0,0.0
2024-10-04 00:00:00+09:00,1042.0,1051.0,1017.0,1017.0,32069,0.0,0.0
2024-10-07 00:00:00+09:00,1033.0,1051.0,1016.0,1035.0,55799,0.0,0.0
2024-10-08 00:00:00+09:00,1031.0,1035.0,1015.0,1029.0,24294,0.0,0.0
2024-10-10 00:00:00+09:00,1029.0,1032.0,1019.0,1025.0,16349,0.0,0.0
2024-10-11 00:00:00+09:00,1034.0,1034.0,1023.0,1027.0,13065,0.0,0.0
2024-10-14 00:00:00+09:00,1032.0,1032.0,1015.0,1015.0,31116,0.0,0.0
2024-10-15 00:00:00+09:00,1013.0,1021.0,1003.0,1013.0,31986,0.0,0.0
2024-10-16 00:00:00+09:00,1013.0,1019.0,1005.0,1005.0,31986,0.0,0.0
2024-10-17 00:00:00+09:00,1020.0,1020.0,953.0,958.0,145519,0.0,0.0
2024-10-18 00:00:00+09:00,955.0,975.0,944.0,974.0,64016,0.0,0.0
2024-10-21 00:00:00+09:00,955.0,973.0,950.0,960.0,40810,0.0,0.0
2024-10-22 00:00:00+09:00,945.0,960.0,898.0,915.0,163716,0.0,0.0
2024-10-23 00:00:00+09:00,920.0,920.0,895.0,905.0,65235,0.0,0.0
2024-10-24 00:00:00+09:00,910.0,915.0,875.0,875.0,98386,0.0,0.0
2024-10-25 00:00:00+09:00,881.0,888.0,851.0,862.0,125582,0.0,0.0
2024-10-28 00:00:00+09:00,862.0,870.0,857.0,864.0,39211,0.0,0.0
2024-10-29 00:00:00+09:00,873.0,890.0,865.0,866.0,48575,0.0,0.0
2024-10-30 00:00:00+09:00,875.0,878.0,866.0,866.0,27458,0.0,0.0
2024-10-31 00:00:00+09:00,863.0,886.0,863.0,872.0,61578,0.0,0.0
2024-11-01 00:00:00+09:00,872.0,872.0,856.0,864.0,46424,0.0,0.0
2024-11-04 00:00:00+09:00,864.0,875.0,846.0,867.0,47514,0.0,0.0
2024-11-05 00:00:00+09:00,879.0,899.0,870.0,891.0,94918,0.0,0.0
2024-11-06 00:00:00+09:00,900.0,1002.0,895.0,902.0,413458,0.0,0.0
2024-11-07 00:00:00+09:00,902.0,925.0,893.0,919.0,22532,0.0,0.0
2024-11-08 00:00:00+09:00,910.0,924.0,901.0,918.0,40064,0.0,0.0
2024-11-11 00:00:00+09:00,908.0,908.0,863.0,866.0,99829,0.0,0.0
2024-11-12 00:00:00+09:00,857.0,864.0,832.0,832.0,81980,0.0,0.0
2024-11-13 00:00:00+09:00,823.0,858.0,823.0,838.0,35371,0.0,0.0
2024-11-14 00:00:00+09:00,840.0,840.0,800.0,800.0,48582,0.0,0.0
2024-11-15 00:00:00+09:00,800.0,808.0,788.0,800.0,47301,0.0,0.0
2024-11-18 00:00:00+09:00,792.0,804.0,780.0,800.0,59877,0.0,0.0
2024-11-19 00:00:00+09:00,800.0,863.0,793.0,831.0,63177,0.0,0.0
2024-11-20 00:00:00+09:00,821.0,830.0,794.0,809.0,45577,0.0,0.0
2024-11-21 00:00:00+09:00,800.0,830.0,795.0,795.0,51878,0.0,0.0
2024-11-22 00:00:00+09:00,787.0,803.0,786.0,798.0,53417,0.0,0.0
2024-11-25 00:00:00+09:00,798.0,823.0,798.0,817.0,59509,0.0,0.0
2024-11-26 00:00:00+09:00,817.0,820.0,790.0,808.0,18565,0.0,0.0
2024-11-27 00:00:00+09:00,799.0,813.0,799.0,804.0,9649,0.0,0.0
2024-11-28 00:00:00+09:00,795.0,814.0,795.0,813.0,10273,0.0,0.0
2024-11-29 00:00:00+09:00,813.0,819.0,782.0,782.0,33104,0.0,0.0
2024-12-02 00:00:00+09:00,769.0,786.0,755.0,761.0,44934,0.0,0.0
2024-12-03 00:00:00+09:00,755.0,780.0,745.0,770.0,28908,0.0,0.0
2024-12-04 00:00:00+09:00,730.0,774.0,730.0,737.0,87849,0.0,0.0
2024-12-05 00:00:00+09:00,730.0,745.0,698.0,698.0,101970,0.0,0.0
2024-12-06 00:00:00+09:00,695.0,702.0,670.0,671.0,84130,0.0,0.0
2024-12-09 00:00:00+09:00,665.0,670.0,600.0,602.0,202175,0.0,0.0
2024-12-10 00:00:00+09:00,600.0,660.0,600.0,653.0,85376,0.0,0.0
2024-12-11 00:00:00+09:00,655.0,711.0,655.0,698.0,102883,0.0,0.0
2024-12-12 00:00:00+09:00,698.0,726.0,698.0,725.0,59547,0.0,0.0
2024-12-13 00:00:00+09:00,727.0,743.0,725.0,741.0,33029,0.0,0.0
2024-12-16 00:00:00+09:00,742.0,753.0,739.0,751.0,30530,0.0,0.0
2024-12-17 00:00:00+09:00,745.0,772.0,745.0,753.0,57280,0.0,0.0
2024-12-18 00:00:00+09:00,755.0,762.0,747.0,756.0,25709,0.0,0.0
2024-12-19 00:00:00+09:00,755.0,769.0,748.0,763.0,24259,0.0,0.0
2024-12-20 00:00:00+09:00,763.0,774.0,758.0,764.0,17369,0.0,0.0
2024-12-23 00:00:00+09:00,764.0,764.0,750.0,759.0,28022,0.0,0.0
2024-12-24 00:00:00+09:00,757.0,762.0,751.0,758.0,23668,0.0,0.0
2024-12-26 00:00:00+09:00,759.0,764.0,748.0,751.0,19940,0.0,0.0
2024-12-27 00:00:00+09:00,751.0,755.0,723.0,746.0,30647,0.0,0.0
2024-12-30 00:00:00+09:00,737.0,740.0,721.0,721.0,62771,0.0,0.0
2025-01-02 00:00:00+09:00,721.0,734.0,721.0,726.0,67388,0.0,0.0
2025-01-03 00:00:00+09:00,726.0,744.0,726.0,744.0,26240,0.0,0.0
2025-01-06 00:00:00+09:00,744.0,758.0,739.0,755.0,34776,0.0,0.0
2025-01-07 00:00:00+09:00,755.0,765.0,750.0,763.0,26602,0.0,0.0
2025-01-08 00:00:00+09:00,763.0,780.0,761.0,775.0,34952,0.0,0.0
2025-01-09 00:00:00+09:00,775.0,775.0,767.0,773.0,19387,0.0,0.0
2025-01-10 00:00:00+09:00,773.0,950.0,771.0,827.0,2662352,0.0,0.0
2025-01-13 00:00:00+09:00,827.0,849.0,806.0,833.0,202617,0.0,0.0
2025-01-14 00:00:00+09:00,820.0,851.0,815.0,833.0,91070,0.0,0.0
2025-01-15 00:00:00+09:00,833.0,842.0,816.0,822.0,59216,0.0,0.0
2025-01-16 00:00:00+09:00,825.0,967.0,810.0,875.0,381917,0.0,0.0
2025-01-17 00:00:00+09:00,915.0,1137.0,915.0,1029.0,7441918,0.0,0.0
2025-01-20 00:00:00+09:00,1014.0,1015.0,930.0,953.0,599584,0.0,0.0
2025-01-21 00:00:00+09:00,953.0,1203.0,932.0,1022.0,5452250,0.0,0.0
2025-01-22 00:00:00+09:00,1008.0,1010.0,953.0,985.0,464229,0.0,0.0
2025-01-23 00:00:00+09:00,980.0,992.0,942.0,942.0,228360,0.0,0.0
2025-01-24 00:00:00+09:00,934.0,965.0,919.0,926.0,140373,0.0,0.0
2025-01-31 00:00:00+09:00,903.0,926.0,862.0,886.0,250382,0.0,0.0
2025-02-03 00:00:00+09:00,853.0,891.0,853.0,866.0,57915,0.0,0.0
2025-02-04 00:00:00+09:00,885.0,885.0,854.0,874.0,305491,0.0,0.0
2025-02-05 00:00:00+09:00,874.0,892.0,864.0,867.0,66124,0.0,0.0
2025-02-06 00:00:00+09:00,867.0,875.0,838.0,844.0,124837,0.0,0.0
2025-02-07 00:00:00+09:00,845.0,847.0,832.0,837.0,43499,0.0,0.0
