Date,Open,High,Low,Close,Volume,Dividends,Stock Splits
2023-03-13 00:00:00+09:00,18394.261610243055,18946.089458550345,14134.53786892361,15683.5283203125,16926700,0.0,0.0
2023-03-14 00:00:00+09:00,15209.150460213776,20378.90625,15122.019744655581,20378.90625,15037370,0.0,0.0
2023-03-15 00:00:00+09:00,22944.420359848486,26478.054719065658,22024.707307449495,23960.9453125,15711390,0.0,0.0
2023-03-16 00:00:00+09:00,23960.94501201923,27978.638822115383,21734.271334134613,25171.09375,14668710,0.0,0.0
2023-03-17 00:00:00+09:00,25897.18413871563,26768.491268616344,23331.668700674643,23767.322265625,4243934,0.0,0.0
2023-03-20 00:00:00+09:00,23041.23285769628,25316.312572636878,22653.985246642562,23428.48046875,2724423,0.0,0.0
2023-03-21 00:00:00+09:00,23476.8866873745,26284.431899472893,23380.074783509037,24106.1640625,4240509,0.0,0.0
2023-03-22 00:00:00+09:00,24687.035204674587,25364.718524018594,23428.48046875,23428.48046875,1260007,0.0,0.0
2023-03-23 00:00:00+09:00,24106.163956263077,24977.471087212343,22557.173501242156,23138.044921875,2301803,0.0,0.0
2023-03-24 00:00:00+09:00,23815.72838273196,24735.44147068299,23234.856958762888,23476.88671875,912595,0.0,0.0
2023-03-27 00:00:00+09:00,23864.133592906317,23864.133592906317,22315.143177139576,22411.955078125,680314,0.0,0.0
2023-03-28 00:00:00+09:00,21782.677283653844,22363.548677884613,20669.34044471154,20766.15234375,841490,0.0,0.0
2023-03-29 00:00:00+09:00,21201.80574253627,23138.043709891183,20959.775996616907,21685.865234375,1901520,0.0,0.0
2023-03-30 00:00:00+09:00,22121.519240265236,22605.578742240406,21395.429987302483,21443.8359375,758101,0.0,0.0
2023-03-31 00:00:00+09:00,21443.837401167166,21782.679075677708,19943.25284262048,20088.470703125,608550,0.0,0.0
2023-04-03 00:00:00+09:00,19846.439752509126,20862.96471544252,19798.03380189325,19894.845703125,486939,0.0,0.0
2023-04-04 00:00:00+09:00,20427.31130382775,21734.27197966507,19991.65774521531,20233.6875,1090764,0.0,0.0
2023-04-05 00:00:00+09:00,20282.09434382423,20959.77768705463,20040.064578384798,20378.90625,350041,0.0,0.0
2023-04-06 00:00:00+09:00,20620.935665967987,24929.0654177782,20088.470191025153,23815.728515625,7209614,0.0,0.0
2023-04-07 00:00:00+09:00,23525.292105443106,23670.509957945844,21540.648121239057,22121.51953125,1628042,0.0,0.0
2023-04-10 00:00:00+09:00,22266.7379833878,24202.97606889978,21589.054653458606,22218.33203125,2390282,0.0,0.0
2023-04-11 00:00:00+09:00,22944.421737938595,24929.06581231725,21782.67886513158,24832.25390625,3140172,0.0,0.0
2023-04-12 00:00:00+09:00,23864.13485763517,23960.946763751337,22557.174125066915,22605.580078125,1319546,0.0,0.0
2023-04-13 00:00:00+09:00,21879.49043735566,22024.70829424076,20378.905916209584,20959.77734375,820605,0.0,0.0
2023-04-14 00:00:00+09:00,21250.212591859305,22508.767323951197,21056.58878692209,21201.806640625,993158,0.0,0.0
2023-04-17 00:00:00+09:00,21443.83683085762,22363.54992292601,21250.21302200112,21589.0546875,608300,0.0,0.0
2023-04-18 00:00:00+09:00,22073.11390449438,23767.322208567417,21540.6484375,21540.6484375,1450001,0.0,0.0
2023-04-19 00:00:00+09:00,21589.053336007255,22363.54852294922,21492.241437639506,21685.865234375,481430,0.0,0.0
2023-04-20 00:00:00+09:00,21734.271334134613,22218.330829326922,20766.15234375,20766.15234375,404854,0.0,0.0
2023-04-21 00:00:00+09:00,20717.74717460558,20959.776931318265,19556.00434238471,19943.251953125,259677,0.0,0.0
2023-04-24 00:00:00+09:00,20040.064285714285,21201.807142857142,19652.816666666666,20330.5,288869,0.0,0.0
2023-04-25 00:00:00+09:00,19749.628009259257,20862.964882330245,19604.41015625,19604.41015625,311866,0.0,0.0
2023-04-26 00:00:00+09:00,19556.00492527174,19749.628736413044,17813.390625,17813.390625,363987,0.0,0.0
2023-04-27 00:00:00+09:00,17716.579014227642,18278.088075880758,16951.764947493222,17861.796875,242144,0.0,0.0
2023-04-28 00:00:00+09:00,17929.564480449077,20282.0937292337,17232.518777105484,17300.287109375,762699,0.0,0.0
2023-05-02 00:00:00+09:00,17426.142818556837,19846.440432245287,17377.736866283067,18481.392578125,631818,0.0,0.0
2023-05-03 00:00:00+09:00,18578.20450472092,19507.598789480282,18103.826171875,18103.826171875,322370,0.0,0.0
2023-05-04 00:00:00+09:00,18365.217841049584,19168.756629034357,18113.5068954158,18597.56640625,312204,0.0,0.0
2023-05-08 00:00:00+09:00,18791.19005783279,19459.192177353896,18626.609825487012,18636.291015625,291981,0.0,0.0
2023-05-09 00:00:00+09:00,18888.002428042764,18897.68361842105,18016.695293996712,18394.26171875,101651,0.0,0.0
2023-05-10 00:00:00+09:00,18394.26171875,19168.756949013157,18055.42005550987,18394.26171875,289206,0.0,0.0
2023-05-11 00:00:00+09:00,18471.710941622692,18926.726882008574,18103.825713225593,18345.85546875,184735,0.0,0.0
2023-05-12 00:00:00+09:00,18442.66661102511,18471.71018049129,17610.08428632791,17784.345703125,112218,0.0,0.0
2023-05-15 00:00:00+09:00,17261.561750416313,17774.664819834183,16942.08248077877,17077.619140625,112915,0.0,0.0
2023-05-16 00:00:00+09:00,17126.025854268206,17619.766565725342,16883.99609375,16883.99609375,114596,0.0,0.0
2023-05-17 00:00:00+09:00,16883.996399769585,17377.73712017569,16671.010206653227,16806.546875,110817,0.0,0.0
2023-05-18 00:00:00+09:00,17038.894965277777,18026.376378038192,16951.76425238715,17426.142578125,365299,0.0,0.0
2023-05-19 00:00:00+09:00,17813.390495152355,17881.158828557825,17290.60620888158,17474.548828125,115437,0.0,0.0
2023-05-22 00:00:00+09:00,17629.446814903844,18249.04296875,17484.228966346152,17619.765625,276624,0.0,0.0
2023-05-23 00:00:00+09:00,17929.564153864372,18103.825576526124,17745.62154105475,17881.158203125,124527,0.0,0.0
2023-05-24 00:00:00+09:00,17910.20265625,18800.87219375,17764.984796875,18152.232421875,407874,0.0,0.0
2023-05-25 00:00:00+09:00,18016.695187717014,18200.63780381944,17397.099007161458,17426.142578125,105932,0.0,0.0
2023-05-26 00:00:00+09:00,17416.462031026145,17416.462031026145,16845.271780981373,16893.677734375,102290,0.0,0.0
2023-05-30 00:00:00+09:00,17087.30072979111,17106.66311022147,16177.268849564276,16351.5302734375,81520,0.0,0.0
2023-05-31 00:00:00+09:00,16467.704708943806,16574.197802299703,16041.732335520215,16312.8056640625,59186,0.0,0.0
2023-06-01 00:00:00+09:00,16303.124098914983,16574.197421224733,16138.543867512635,16283.76171875,51517,0.0,0.0
2023-06-02 00:00:00+09:00,16428.980024277702,16458.023595328283,16215.993836573454,16293.443359375,46006,0.0,0.0
2023-06-05 00:00:00+09:00,16806.547018266476,17329.33131491762,16612.923204691975,16893.677734375,251671,0.0,0.0
2023-06-07 00:00:00+09:00,16729.096002906976,16864.632660337935,16632.284104742008,16651.646484375,71691,0.0,0.0
2023-06-08 00:00:00+09:00,16680.691115285925,16729.09706744868,16419.298973607038,16506.4296875,54513,0.0,0.0
2023-06-09 00:00:00+09:00,16651.646782195887,17619.765781160764,16574.197262278696,16951.763671875,335386,0.0,0.0
2023-06-12 00:00:00+09:00,16990.48857227856,17910.201628897627,16990.48857227856,17542.31640625,370689,0.0,0.0
2023-06-13 00:00:00+09:00,17048.57635887633,17222.83778673537,16361.211837876772,16380.57421875,509103,0.0,0.0
2023-06-14 00:00:00+09:00,16390.255516564597,16390.255516564597,15702.89099106189,15857.7900390625,252459,0.0,0.0
2023-06-15 00:00:00+09:00,15954.601804223392,15954.601804223392,14909.033239383509,15644.8037109375,149951,0.0,0.0
2023-06-16 00:00:00+09:00,15489.90442961165,16264.399651092233,15489.90442961165,15954.6015625,243131,0.0,0.0
2023-06-19 00:00:00+09:00,15925.558161750389,15925.558161750389,15015.526266793224,15538.310546875,87908,0.0,0.0
2023-06-20 00:00:00+09:00,15586.716712740385,16264.400048076923,15586.716712740385,15731.9345703125,235431,0.0,0.0
2023-06-21 00:00:00+09:00,15838.427681851937,16070.776254201844,15451.18006126876,15480.2236328125,124084,0.0,0.0
2023-06-22 00:00:00+09:00,15480.223273422447,15489.904463712268,15034.88852009072,15073.61328125,82691,0.0,0.0
2023-06-23 00:00:00+09:00,15083.294423373143,15170.425135703283,14337.8427734375,14337.8427734375,170027,0.0,0.0
2023-06-26 00:00:00+09:00,14870.308389261745,15480.22338179006,14376.567681024539,14424.9736328125,134764,0.0,0.0
2023-06-27 00:00:00+09:00,14231.3494583192,14502.422781334804,14018.363275949798,14270.07421875,95020,0.0,0.0
2023-06-28 00:00:00+09:00,14357.205604625295,14676.684893197536,14202.306555620571,14347.5244140625,79177,0.0,0.0
2023-06-29 00:00:00+09:00,14376.567699135296,14734.771742817455,14047.4072265625,14047.4072265625,163548,0.0,0.0
2023-06-30 00:00:00+09:00,14095.812726293105,14124.856296470905,13553.666082974138,14037.7255859375,68466,0.0,0.0
2023-07-03 00:00:00+09:00,14047.406917482112,14415.292143439603,13940.913825757576,14376.5673828125,67307,0.0,0.0
2023-07-04 00:00:00+09:00,14279.755942984802,14386.249038152826,13999.001419360018,14134.5380859375,65735,0.0,0.0
2023-07-05 00:00:00+09:00,14279.755176994371,17251.8804917993,14192.62446743983,15586.7158203125,2187315,0.0,0.0
2023-07-06 00:00:00+09:00,15489.903923948219,15886.832711999392,14715.408727750808,14957.4384765625,319822,0.0,0.0
2023-07-07 00:00:00+09:00,15073.612965041082,17319.649065162812,15073.612965041082,15906.1953125,2950404,0.0,0.0
2023-07-10 00:00:00+09:00,15983.644755659116,16709.73400864181,15702.890244505807,16051.4130859375,564286,0.0,0.0
2023-07-12 00:00:00+09:00,17426.142299432147,17474.548250263902,16535.47280412784,16622.603515625,552679,0.0,0.0
2023-07-13 00:00:00+09:00,16632.284712725457,17213.156122948698,16341.849007613839,16370.892578125,671073,0.0,0.0
2023-07-14 00:00:00+09:00,16099.820138299247,16554.836101317927,15606.079412470466,16390.255859375,363631,0.0,0.0
2023-07-17 00:00:00+09:00,16215.99324173687,16458.02299161354,15780.339691958865,15944.919921875,192846,0.0,0.0
2023-07-18 00:00:00+09:00,15973.963806152344,16651.647119140624,15489.904296875,15489.904296875,475592,0.0,0.0
2023-07-19 00:00:00+09:00,15509.266378101294,15741.61493807285,15267.236628130926,15315.642578125,146489,0.0,0.0
2023-07-20 00:00:00+09:00,15276.91849511533,15557.673017522393,14918.71444928563,15267.2373046875,128091,0.0,0.0
2023-07-21 00:00:00+09:00,15102.657187499999,16196.631714543268,15092.975996995192,15731.9345703125,387953,0.0,0.0
2023-07-24 00:00:00+09:00,15615.759877732042,15702.890590007051,14531.466569420829,14589.5537109375,265544,0.0,0.0
2023-07-25 00:00:00+09:00,14628.278707524782,15518.948225123908,14328.16180485551,14405.611328125,372405,0.0,0.0
2023-07-26 00:00:00+09:00,14405.610830965908,14570.191062233664,12779.1708984375,12779.1708984375,354705,0.0,0.0
2023-07-27 00:00:00+09:00,12779.17074724196,14047.406632006123,12779.17074724196,12943.7509765625,303014,0.0,0.0
2023-07-28 00:00:00+09:00,12953.43223765011,13776.33338877138,12953.43223765011,13301.955078125,232885,0.0,0.0
2023-07-31 00:00:00+09:00,13360.042356271777,14211.987086236933,13330.998785932055,13892.5078125,232896,0.0,0.0
2023-08-01 00:00:00+09:00,13892.507737066155,14086.13153827962,13815.058216580768,13911.8701171875,101381,0.0,0.0
2023-08-02 00:00:00+09:00,13911.870664537848,14502.423281473693,13514.941856433428,13524.623046875,147666,0.0,0.0
2023-08-03 00:00:00+09:00,13524.622295673076,13747.289663461537,13088.96875,13214.82421875,75717,0.0,0.0
2023-08-04 00:00:00+09:00,13088.969641550842,13737.609409290417,13088.969641550842,13234.1875,99381,0.0,0.0
2023-08-07 00:00:00+09:00,13263.231089205816,13621.435140520134,12953.432990771811,12982.4765625,82207,0.0,0.0
2023-08-08 00:00:00+09:00,12992.1570019897,13505.260072858146,12827.576771711143,12924.388671875,158681,0.0,0.0
2023-08-09 00:00:00+09:00,12759.80829326923,13021.200420673076,12740.445913461537,12963.11328125,50284,0.0,0.0
2023-08-10 00:00:00+09:00,12963.114121375522,12963.114121375522,12692.040786499858,12750.1279296875,65666,0.0,0.0
2023-08-11 00:00:00+09:00,12779.17155188331,13214.825127515694,12779.17155188331,13108.33203125,82673,0.0,0.0
2023-08-14 00:00:00+09:00,13253.549361523146,13253.549361523146,12692.040330866943,12992.1572265625,71531,0.0,0.0
2023-08-16 00:00:00+09:00,12653.315728164302,13350.361430098372,12633.953347555022,12701.7216796875,187438,0.0,0.0
2023-08-17 00:00:00+09:00,12701.721153846154,12982.475661057691,12178.936899038461,12207.98046875,119635,0.0,0.0
2023-08-18 00:00:00+09:00,11859.458524909054,12149.89424388642,11714.240665420371,11975.6328125,68137,0.0,0.0
2023-08-21 00:00:00+09:00,11956.26953125,12585.546875,11811.051682692307,11830.4140625,119430,0.0,0.0
2023-08-22 00:00:00+09:00,11723.921875,12178.937835466557,11665.834731110652,11723.921875,81550,0.0,0.0
2023-08-23 00:00:00+09:00,11665.834135616153,12004.675791007494,11627.109375,11627.109375,87012,0.0,0.0
2023-08-24 00:00:00+09:00,11636.79115916598,11907.864497316268,11520.616871387283,11723.921875,80292,0.0,0.0
2023-08-25 00:00:00+09:00,11694.878158797837,11714.24053985545,11578.703872452163,11636.791015625,33013,0.0,0.0
2023-08-28 00:00:00+09:00,11646.472017377337,13360.042713200934,11646.472017377337,12430.6484375,498896,0.0,0.0
2023-08-29 00:00:00+09:00,12295.111702486744,12498.416699142037,12217.662179951394,12324.1552734375,61737,0.0,0.0
2023-08-30 00:00:00+09:00,12391.923076923076,12924.388521634615,12314.473557692307,12333.8359375,99893,0.0,0.0
2023-08-31 00:00:00+09:00,12333.836135506466,15857.789317079742,12285.430185210129,14037.7255859375,3027976,0.0,0.0
2023-09-01 00:00:00+09:00,14076.45094311858,14637.95999036815,13456.854753050085,14134.5380859375,603660,0.0,0.0
2023-09-04 00:00:00+09:00,13892.508060009304,14279.755671438135,13330.9990234375,13330.9990234375,184252,0.0,0.0
2023-09-05 00:00:00+09:00,13195.462737746891,13582.71036027798,12885.66463972202,13234.1875,111094,0.0,0.0
2023-09-06 00:00:00+09:00,13234.187508654912,13698.884655996124,13050.244887832348,13108.33203125,101572,0.0,0.0
2023-09-07 00:00:00+09:00,13185.781267715418,13553.66650132275,12740.446511243386,12808.21484375,105655,0.0,0.0
2023-09-08 00:00:00+09:00,12866.301598460062,13844.101795182762,12469.372805731047,13408.4482421875,201828,0.0,0.0
2023-09-11 00:00:00+09:00,13195.462452049027,13543.985304781063,12875.983170377995,12934.0703125,95918,0.0,0.0
2023-09-12 00:00:00+09:00,12934.070100532947,13408.448420088422,12488.7353515625,12488.7353515625,191922,0.0,0.0
2023-09-13 00:00:00+09:00,12227.343231743487,12488.735367338955,11985.3134765625,11985.3134765625,96356,0.0,0.0
2023-09-14 00:00:00+09:00,11936.907717080152,12875.983182251908,11907.864145992366,12682.359375,119865,0.0,0.0
2023-09-15 00:00:00+09:00,12672.677707435345,15983.644686765281,12604.90937744906,15441.498046875,7535190,0.0,0.0
2023-09-18 00:00:00+09:00,16022.36951406811,18374.89869347509,15790.020953139025,16177.2685546875,8065070,0.0,0.0
2023-09-19 00:00:00+09:00,16506.429559020442,16874.31479259392,15915.876947231442,16041.732421875,1151862,0.0,0.0
2023-09-20 00:00:00+09:00,16003.007358530405,18781.508938626128,15499.58546945383,16119.181640625,5982069,0.0,0.0
2023-09-21 00:00:00+09:00,16206.313365524782,17755.30389030612,16119.18264850583,16603.2421875,3204715,0.0,0.0
2023-09-22 00:00:00+09:00,16758.14046992088,17677.85355174785,15180.1064453125,15180.1064453125,2287128,0.0,0.0
2023-09-25 00:00:00+09:00,15286.599413931768,15770.658926722515,14424.973481164241,14463.6982421875,466595,0.0,0.0
2023-09-26 00:00:00+09:00,14318.48025899538,14821.90214774978,13747.2900390625,13747.2900390625,338956,0.0,0.0
2023-09-27 00:00:00+09:00,13408.44822644707,14850.94554467134,13379.40465628148,14415.2919921875,519669,0.0,0.0
2023-10-04 00:00:00+09:00,14415.292073066394,14734.771346680356,13669.840434633812,14144.21875,242846,0.0,0.0
2023-10-05 00:00:00+09:00,14144.21883596501,15170.42499381052,13747.2900390625,13747.2900390625,499295,0.0,0.0
2023-10-06 00:00:00+09:00,13766.652256626581,14821.901972500209,13766.652256626581,14541.1474609375,307281,0.0,0.0
2023-10-10 00:00:00+09:00,14628.278424993388,14647.640805436795,13505.26035927583,13727.927734375,244189,0.0,0.0
2023-10-11 00:00:00+09:00,13969.957242278755,15092.975288089106,13969.957242278755,14918.7138671875,345407,0.0,0.0
2023-10-12 00:00:00+09:00,14918.713789386153,15364.04852936783,14812.220699390535,15189.787109375,230582,0.0,0.0
2023-10-13 00:00:00+09:00,15315.643323255565,15393.092847014126,13892.508324191995,14134.5380859375,318273,0.0,0.0
2023-10-16 00:00:00+09:00,14163.581439887152,14221.668581814236,13456.85454644097,13940.9140625,133363,0.0,0.0
2023-10-17 00:00:00+09:00,14057.088185586736,14308.799131058675,14018.363424744899,14231.349609375,126329,0.0,0.0
2023-10-18 00:00:00+09:00,13950.59526956192,14221.668598880264,13524.622894918808,13563.34765625,103995,0.0,0.0
2023-10-19 00:00:00+09:00,13437.492466089916,13514.941990390145,12508.098174487155,12624.2724609375,206017,0.0,0.0
2023-10-20 00:00:00+09:00,12391.923076923076,12875.982572115385,12111.168569711537,12711.40234375,113338,0.0,0.0
2023-10-23 00:00:00+09:00,12537.141314292316,12837.258210619004,12111.1689453125,12111.1689453125,107346,0.0,0.0
2023-10-24 00:00:00+09:00,12130.531656167886,14376.567844700168,11907.864275408221,12895.345703125,1197523,0.0,0.0
2023-10-25 00:00:00+09:00,12924.388599677772,13350.360958019211,12440.3291015625,12440.3291015625,187716,0.0,0.0
2023-10-26 00:00:00+09:00,12169.255857837106,12808.21439929872,11956.269677349901,12295.111328125,103928,0.0,0.0
2023-10-27 00:00:00+09:00,12295.111784578698,12624.27225755167,12091.806786565978,12178.9375,89667,0.0,0.0
2023-10-30 00:00:00+09:00,12266.068207243312,12304.79296875,11801.37106916306,12304.79296875,67690,0.0,0.0
2023-10-31 00:00:00+09:00,12343.5173611994,12430.648071984337,11820.73309648978,11898.1826171875,73206,0.0,0.0
2023-11-01 00:00:00+09:00,11956.269757710792,12227.343080152817,11820.73309648978,11898.1826171875,36563,0.0,0.0
2023-11-02 00:00:00+09:00,11975.632501987282,12333.836546104929,11975.632501987282,12178.9375,60415,0.0,0.0
2023-11-03 00:00:00+09:00,12285.430436580882,12488.735431985293,12266.068056066177,12343.517578125,40012,0.0,0.0
2023-11-06 00:00:00+09:00,12837.258491140708,12905.0268240502,12488.735636177611,12788.8525390625,159205,0.0,0.0
2023-11-07 00:00:00+09:00,12788.85264619919,12788.85264619919,12101.488120930348,12266.068359375,83273,0.0,0.0
2023-11-08 00:00:00+09:00,12266.067608173076,12469.372596153846,12072.443810096154,12207.98046875,40556,0.0,0.0
2023-11-09 00:00:00+09:00,12130.531623986117,12391.923765923566,12101.488052659734,12159.5751953125,42764,0.0,0.0
2023-11-10 00:00:00+09:00,12014.356670673076,12149.893329326922,11617.427884615385,11704.55859375,64861,0.0,0.0
2023-11-13 00:00:00+09:00,11704.559044098656,11849.776898243801,11607.747141335227,11714.240234375,45872,0.0,0.0
2023-11-14 00:00:00+09:00,11733.602971776634,12033.719879470591,11733.602971776634,11994.9951171875,28739,0.0,0.0
2023-11-15 00:00:00+09:00,12169.256153492646,12614.590905330882,12169.256153492646,12343.517578125,73652,0.0,0.0
2023-11-16 00:00:00+09:00,12585.546951773782,12585.546951773782,12227.342923146374,12314.4736328125,34204,0.0,0.0
2023-11-17 00:00:00+09:00,12237.024969362745,12246.706160003065,11820.733771829044,11849.77734375,55683,0.0,0.0
2023-11-20 00:00:00+09:00,11849.776442307691,12304.792367788461,11830.4140625,12207.98046875,33132,0.0,0.0
2023-11-21 00:00:00+09:00,12207.980617925688,12469.372748523621,12149.893477792815,12295.111328125,44725,0.0,0.0
2023-11-22 00:00:00+09:00,12295.112007472826,12440.329865828806,12082.125815217392,12246.7060546875,34646,0.0,0.0
2023-11-23 00:00:00+09:00,12488.735869095623,13650.4787406394,12488.735869095623,12604.91015625,527896,0.0,0.0
2023-11-24 00:00:00+09:00,12779.1708984375,13059.92541060014,12653.31542746804,12779.1708984375,110314,0.0,0.0
2023-11-27 00:00:00+09:00,12662.99639423077,12827.576622596154,12459.69140625,12459.69140625,71173,0.0,0.0
2023-11-28 00:00:00+09:00,12459.692306293638,12817.896358611326,12430.648734484097,12479.0546875,66010,0.0,0.0
2023-11-29 00:00:00+09:00,12450.01090148493,12566.185186724291,12198.299950132978,12285.4306640625,75798,0.0,0.0
2023-11-30 00:00:00+09:00,12256.386560744382,13021.200572038857,12256.386560744382,12924.388671875,187793,0.0,0.0
2023-12-01 00:00:00+09:00,13098.65001666942,13098.65001666942,12595.228138719081,12817.8955078125,72384,0.0,0.0
2023-12-04 00:00:00+09:00,12972.795170728763,12972.795170728763,12537.1416015625,12537.1416015625,66569,0.0,0.0
2023-12-05 00:00:00+09:00,12353.198849826389,12575.86622721354,12072.444330512151,12198.2998046875,66188,0.0,0.0
2023-12-06 00:00:00+09:00,12285.43021585533,12382.242116689491,12024.038083603087,12149.8935546875,38064,0.0,0.0
2023-12-07 00:00:00+09:00,12053.081808013178,12217.662041536249,11907.863954904584,11985.3134765625,46684,0.0,0.0
2023-12-08 00:00:00+09:00,12014.357575030315,12140.21305325384,11820.733762378739,11975.6328125,41922,0.0,0.0
2023-12-11 00:00:00+09:00,11994.99459110383,12159.57482358871,11965.951020665323,12004.67578125,36952,0.0,0.0
2023-12-12 00:00:00+09:00,12120.850063004033,12120.850063004033,11927.226260080646,12004.67578125,42111,0.0,0.0
2023-12-13 00:00:00+09:00,11994.994443696121,12062.762773886494,11752.964693016216,11791.689453125,58727,0.0,0.0
2023-12-14 00:00:00+09:00,11898.1826171875,12062.762848670158,11859.457856838639,11898.1826171875,44768,0.0,0.0
2023-12-15 00:00:00+09:00,11898.183211479773,12295.112024881457,11898.183211479773,11994.9951171875,73195,0.0,0.0
2023-12-18 00:00:00+09:00,12014.357123217536,12033.719503754552,11907.864030263956,11965.951171875,42822,0.0,0.0
2023-12-19 00:00:00+09:00,11859.45807892142,12237.024499393205,11791.689747041868,11965.951171875,65157,0.0,0.0
2023-12-20 00:00:00+09:00,12072.443962289297,12082.125152315191,11907.863731849106,11917.544921875,60853,0.0,0.0
2023-12-21 00:00:00+09:00,11907.864410748878,12024.038697683014,11811.052504970432,11869.1396484375,44137,0.0,0.0
2023-12-22 00:00:00+09:00,11869.13912556631,11869.13912556631,11752.96484375,11752.96484375,47857,0.0,0.0
2023-12-26 00:00:00+09:00,11772.327838063438,11791.690219376043,11578.704024937395,11598.06640625,53306,0.0,0.0
2023-12-27 00:00:00+09:00,11530.297619124483,12024.038323217974,11423.80452608471,11714.240234375,118303,0.0,0.0
2023-12-28 00:00:00+09:00,11617.428109413966,11811.051911237531,11569.022158958074,11646.4716796875,27984,0.0,0.0
2024-01-02 00:00:00+09:00,11646.472198109568,11762.646484375,11588.385054976852,11762.646484375,37688,0.0,0.0
2024-01-03 00:00:00+09:00,11762.64596078164,11762.64596078164,11598.065729231608,11646.4716796875,22016,0.0,0.0
2024-01-04 00:00:00+09:00,11646.471604317947,11714.239934517635,11607.746844203839,11665.833984375,22679,0.0,0.0
2024-01-05 00:00:00+09:00,11733.602998046876,11733.602998046876,11530.29799560547,11617.4287109375,25215,0.0,0.0
2024-01-08 00:00:00+09:00,11811.051981458842,11907.863882946209,11598.065798186633,11878.8203125,40714,0.0,0.0
2024-01-09 00:00:00+09:00,11869.13897334257,11956.269683587336,11762.645883043411,11791.689453125,37059,0.0,0.0
2024-01-10 00:00:00+09:00,11820.73355822389,11956.270224739152,11656.1533203125,11656.1533203125,32465,0.0,0.0
2024-01-11 00:00:00+09:00,11801.371314392587,11869.1396484375,11627.109883991385,11869.1396484375,49016,0.0,0.0
2024-01-12 00:00:00+09:00,11849.777058885164,11869.139439700335,11520.616585027243,11549.66015625,44122,0.0,0.0
2024-01-15 00:00:00+09:00,11491.572943931102,11588.384847418305,11443.1669921875,11443.1669921875,22787,0.0,0.0
2024-01-16 00:00:00+09:00,11443.167075032134,11665.834454664739,11133.368981630249,11297.94921875,46445,0.0,0.0
2024-01-17 00:00:00+09:00,11278.586945649427,11675.515756612196,10455.685752190027,10775.1650390625,92494,0.0,0.0
2024-01-18 00:00:00+09:00,10629.94704363829,10804.20847058318,10465.366807079228,10562.1787109375,26418,0.0,0.0
2024-01-19 00:00:00+09:00,10571.859895125679,10978.46989109205,10494.410372084465,10688.0341796875,37214,0.0,0.0
2024-01-22 00:00:00+09:00,10833.251426469344,10833.251426469344,10562.17811106171,10717.0771484375,41785,0.0,0.0
2024-01-23 00:00:00+09:00,10746.12117401541,10746.12117401541,10523.453798337614,10600.9033203125,25815,0.0,0.0
2024-01-24 00:00:00+09:00,10591.221829314936,10833.251578613725,10552.49706942713,10678.3525390625,20525,0.0,0.0
2024-01-25 00:00:00+09:00,10688.033882941989,10707.39626316471,10407.279369712534,10513.7724609375,34011,0.0,0.0
2024-01-26 00:00:00+09:00,10300.786204618567,10620.265476002412,10300.786204618567,10533.134765625,28790,0.0,0.0
2024-01-29 00:00:00+09:00,10533.134615384615,10639.627704326922,10165.249399038461,10194.29296875,53082,0.0,0.0
2024-01-30 00:00:00+09:00,10194.293413557287,10504.091503997774,10194.293413557287,10329.830078125,38879,0.0,0.0
2024-01-31 00:00:00+09:00,10213.65549965741,10368.554540410509,10039.394078810175,10155.568359375,25159,0.0,0.0
2024-02-01 00:00:00+09:00,10155.568591664138,10310.467635960254,9971.6259765625,9971.6259765625,31471,0.0,0.0
2024-02-02 00:00:00+09:00,9971.626406176088,10475.048321827697,9971.626406176088,10233.0185546875,39966,0.0,0.0
2024-02-05 00:00:00+09:00,10136.205829326922,10397.59795673077,10116.84344951923,10194.29296875,13778,0.0,0.0
2024-02-06 00:00:00+09:00,10262.06213706298,10262.06213706298,9903.85808133531,10107.1630859375,28939,0.0,0.0
2024-02-07 00:00:00+09:00,10010.350728352865,10262.061675100615,10010.350728352865,10223.3369140625,12688,0.0,0.0
2024-02-08 00:00:00+09:00,10233.018410253162,10300.786744095898,10116.844123665613,10145.8876953125,17065,0.0,0.0
2024-02-13 00:00:00+09:00,10165.24947317023,10358.873272659186,10068.437573425752,10300.7861328125,19860,0.0,0.0
2024-02-14 00:00:00+09:00,10213.655422143396,10426.6416015625,10174.930662249013,10426.6416015625,16039,0.0,0.0
2024-02-15 00:00:00+09:00,10426.641895869006,10813.889505743437,10426.641895869006,10600.9033203125,39180,0.0,0.0
2024-02-16 00:00:00+09:00,10600.9033203125,10697.715222781108,10465.36665685645,10600.9033203125,20148,0.0,0.0
2024-02-19 00:00:00+09:00,10668.671426212086,10668.671426212086,10455.685245289522,10533.134765625,16259,0.0,0.0
2024-02-20 00:00:00+09:00,10629.94682247899,10629.94682247899,10262.061595471521,10368.5546875,21859,0.0,0.0
2024-02-21 00:00:00+09:00,10368.554754387842,10620.265700806222,10320.14880315354,10600.9033203125,30092,0.0,0.0
2024-02-22 00:00:00+09:00,10552.497611418155,10591.22237329492,10281.424278280809,10291.10546875,31254,0.0,0.0
2024-02-23 00:00:00+09:00,10291.105709149006,10291.105709149006,10078.119513851472,10107.1630859375,20249,0.0,0.0
2024-02-26 00:00:00+09:00,10174.930513173285,10203.974082668547,10029.712665696978,10087.7998046875,16420,0.0,0.0
2024-02-27 00:00:00+09:00,9981.306715599185,10184.61170204689,9952.263146106656,9961.9443359375,23891,0.0,0.0
2024-02-28 00:00:00+09:00,9961.945007383076,10097.481674150193,9923.220245449615,10039.39453125,22931,0.0,0.0
2024-02-29 00:00:00+09:00,9952.263748020225,10039.394461767482,9913.538986354775,9932.9013671875,11927,0.0,0.0
2024-03-04 00:00:00+09:00,9932.901380859375,10000.669713867186,9584.378525390624,9681.1904296875,35675,0.0,0.0
2024-03-05 00:00:00+09:00,9516.609951272176,11598.0658409197,9516.609951272176,10368.5546875,1609669,0.0,0.0
2024-03-06 00:00:00+09:00,10736.440274665089,12827.577424644944,10717.077893646758,12014.357421875,4140858,0.0,0.0
2024-03-07 00:00:00+09:00,11840.095555112233,12149.893639955726,11656.15294223641,11752.96484375,478294,0.0,0.0
2024-03-08 00:00:00+09:00,11762.64588466027,11946.588495202283,11636.79041428942,11665.833984375,244534,0.0,0.0
2024-03-11 00:00:00+09:00,11539.978287249127,11820.732792559718,11026.875225819427,11094.6435546875,229584,0.0,0.0
2024-03-12 00:00:00+09:00,11191.455674549077,11956.26968691013,11191.455674549077,11539.978515625,385773,0.0,0.0
2024-03-13 00:00:00+09:00,11646.47206032586,11714.240393178961,11336.67396728311,11549.66015625,171758,0.0,0.0
2024-03-14 00:00:00+09:00,11588.384464146784,12072.443965573133,11501.253753890041,11665.833984375,259381,0.0,0.0
2024-03-15 00:00:00+09:00,11578.703125,11907.86358173077,11230.180288461537,11830.4140625,174620,0.0,0.0
2024-03-18 00:00:00+09:00,11975.63252089315,11975.63252089315,11675.515618591058,11801.37109375,121700,0.0,0.0
2024-03-19 00:00:00+09:00,11956.269827414206,12517.778855746208,11888.501496408619,12130.53125,594698,0.0,0.0
2024-03-20 00:00:00+09:00,12178.937367639463,12198.299748192148,11617.428331611569,11714.240234375,182787,0.0,0.0
2024-03-21 00:00:00+09:00,11694.87793540795,11714.240316095711,11365.717463716004,11569.0224609375,73797,0.0,0.0
2024-03-22 00:00:00+09:00,11510.934795673076,11646.471454326922,11365.716947115385,11578.703125,80127,0.0,0.0
2024-03-25 00:00:00+09:00,11578.703275744547,11685.196366073302,11472.210185415792,11539.978515625,67226,0.0,0.0
2024-03-26 00:00:00+09:00,11510.935485682672,11539.979057135193,11259.224533094151,11278.5869140625,77319,0.0,0.0
2024-03-27 00:00:00+09:00,11278.5869140625,11665.834533429452,11055.919532926502,11278.5869140625,111068,0.0,0.0
2024-03-28 00:00:00+09:00,11230.18096164163,11665.834533429452,11210.818580673284,11278.5869140625,83770,0.0,0.0
2024-03-29 00:00:00+09:00,11307.629807692307,11385.079326923076,11210.817908653846,11326.9921875,36218,0.0,0.0
2024-04-01 00:00:00+09:00,11326.992778162801,14608.91632670741,11326.992778162801,14405.611328125,6264420,0.0,0.0
2024-04-02 00:00:00+09:00,14192.624468562579,17551.997381653448,13272.91142319188,15335.0048828125,13290030,0.0,0.0
2024-04-03 00:00:00+09:00,15025.207044384668,15160.743705867519,13660.159239450237,14395.9296875,2705815,0.0,0.0
2024-04-04 00:00:00+09:00,14163.581574417372,15877.152277542373,13853.783481197033,14279.755859375,4891770,0.0,0.0
2024-04-05 00:00:00+09:00,13902.18900261324,15228.512048127177,13747.289960801392,13892.5078125,2386509,0.0,0.0
2024-04-08 00:00:00+09:00,13892.507745515568,14037.725596513988,13156.737300456904,13408.4482421875,389669,0.0,0.0
2024-04-09 00:00:00+09:00,13272.912008634868,15364.049130345395,13234.18724712171,13795.6962890625,4066105,0.0,0.0
2024-04-11 00:00:00+09:00,13979.63829643043,14938.07610207213,13737.608547531012,13950.5947265625,1954237,0.0,0.0
2024-04-12 00:00:00+09:00,14028.044326171876,14415.291926618303,13369.723405412946,13553.666015625,493809,0.0,0.0
2024-04-15 00:00:00+09:00,13195.46228867359,13505.26037615529,12788.85229885386,13224.505859375,294966,0.0,0.0
2024-04-16 00:00:00+09:00,12934.069871221162,13176.09962180539,12014.356819001094,12169.255859375,278083,0.0,0.0
2024-04-17 00:00:00+09:00,12217.661890065603,12479.054022420412,11811.051906402563,11898.1826171875,182796,0.0,0.0
2024-04-18 00:00:00+09:00,12024.038218594109,12972.794857420377,12024.038218594109,12614.5908203125,282597,0.0,0.0
2024-04-19 00:00:00+09:00,12827.576700846354,12875.982650660868,12053.08150381412,12314.4736328125,210633,0.0,0.0
2024-04-22 00:00:00+09:00,12527.460259394245,12982.476203900838,12450.010736925038,12575.8662109375,167346,0.0,0.0
2024-04-23 00:00:00+09:00,12963.113480430075,15325.323853264234,12963.113480430075,14667.0029296875,8841869,0.0,0.0
2024-04-24 00:00:00+09:00,15267.237023925782,15567.353921669408,14647.64084793894,14715.4091796875,2931310,0.0,0.0
2024-04-25 00:00:00+09:00,14715.4091796875,15054.250838430304,14182.943715948808,14715.4091796875,953913,0.0,0.0
2024-04-26 00:00:00+09:00,14812.221077696917,15722.252960901826,14531.466560537956,14841.2646484375,2627632,0.0,0.0
2024-04-29 00:00:00+09:00,14657.32195157351,15412.454786595132,14241.030773292361,15112.337890625,1139603,0.0,0.0
2024-04-30 00:00:00+09:00,15112.338307931317,15199.469022070574,14386.2490234375,14386.2490234375,427008,0.0,0.0
2024-05-02 00:00:00+09:00,14637.959713375796,15954.601592356688,14628.278523089171,15199.46875,3451464,0.0,0.0
2024-05-03 00:00:00+09:00,15034.888223887265,15267.236786265432,14715.408950617284,14899.3515625,532133,0.0,0.0
2024-05-07 00:00:00+09:00,14909.03252556095,15973.963420243874,14715.40872652769,15209.1494140625,3011904,0.0,0.0
2024-05-08 00:00:00+09:00,15170.42539369595,15702.890866990958,15083.29467988404,15393.0927734375,762138,0.0,0.0
2024-05-09 00:00:00+09:00,15693.20966301342,16748.45941826849,15112.338238102375,15644.8037109375,3895745,0.0,0.0
2024-05-10 00:00:00+09:00,15480.22354931459,16070.776167518588,15102.657121282527,15625.44140625,909292,0.0,0.0
2024-05-13 00:00:00+09:00,15722.25324099345,16225.675142798658,15393.092766736198,15518.9482421875,865638,0.0,0.0
2024-05-14 00:00:00+09:00,15673.847237453718,15673.847237453718,14754.134150635866,15034.888671875,614978,0.0,0.0
2024-05-16 00:00:00+09:00,15180.106439753321,16051.4135695861,14899.351920140536,15305.9619140625,907835,0.0,0.0
2024-05-17 00:00:00+09:00,15557.673181465345,15896.514850010017,14812.221510667066,15102.6572265625,916235,0.0,0.0
2024-05-20 00:00:00+09:00,14986.482425692182,15489.904315960912,14831.583382532574,14860.626953125,322059,0.0,0.0
2024-05-21 00:00:00+09:00,14860.627217624698,14909.03316947364,14047.4072265625,14047.4072265625,333727,0.0,0.0
2024-05-22 00:00:00+09:00,14057.088494988207,16215.993959438874,14057.088494988207,15393.0927734375,4707227,0.0,0.0
2024-05-23 00:00:00+09:00,15760.977868335734,17619.766413004323,15731.934297325288,16796.865234375,10809180,0.0,0.0
2024-05-24 00:00:00+09:00,16167.587734328688,16729.096769413158,15983.645119387225,16332.16796875,1268012,0.0,0.0
2024-05-27 00:00:00+09:00,16680.691415387428,17716.57881030702,16215.99426626462,16554.8359375,3095232,0.0,0.0
2024-05-28 00:00:00+09:00,16709.73392436594,16893.67653419384,16177.26847486413,16700.052734375,836833,0.0,0.0
2024-05-29 00:00:00+09:00,16671.010049278844,16700.053620793267,15731.9345703125,15731.9345703125,534947,0.0,0.0
2024-05-30 00:00:00+09:00,15431.816863255719,15654.484233302695,14628.278093086192,14812.220703125,436968,0.0,0.0
2024-05-31 00:00:00+09:00,14909.03324576965,16380.574189507954,14686.36586612504,15518.9482421875,1397844,0.0,0.0
2024-06-03 00:00:00+09:00,15528.628758098925,15925.55754805033,15296.28019812737,15315.642578125,345199,0.0,0.0
2024-06-04 00:00:00+09:00,15286.599488683554,15286.599488683554,14424.973551702658,14570.19140625,270252,0.0,0.0
2024-06-05 00:00:00+09:00,14434.654835185067,14570.191500304176,13999.00126873079,14173.2626953125,221380,0.0,0.0
2024-06-07 00:00:00+09:00,14279.755184378224,14347.5235140668,13911.86996606882,14076.4501953125,147426,0.0,0.0
2024-06-10 00:00:00+09:00,14076.450847872253,14628.278700918137,14076.450847872253,14531.466796875,224833,0.0,0.0
2024-06-11 00:00:00+09:00,14550.829268632257,14744.45307792876,14241.03117375785,14260.3935546875,245938,0.0,0.0
2024-06-12 00:00:00+09:00,14279.755183702922,14483.060172759033,14134.53733437713,14202.3056640625,101960,0.0,0.0
2024-06-13 00:00:00+09:00,14202.306512417073,14279.756036683833,13863.46484375,13863.46484375,177033,0.0,0.0
2024-06-14 00:00:00+09:00,13863.464814942847,13873.146005456076,13079.288383371359,13127.6943359375,202844,0.0,0.0
2024-06-17 00:00:00+09:00,13040.563629264007,13272.912201723055,12875.983390438849,13001.8388671875,103135,0.0,0.0
2024-06-18 00:00:00+09:00,12953.432241924158,13166.418422284643,12662.996541432583,12924.388671875,123314,0.0,0.0
2024-06-19 00:00:00+09:00,12953.432957196697,13543.985580805815,12866.302242237974,13485.8984375,161645,0.0,0.0
2024-06-20 00:00:00+09:00,13485.897688375637,13650.47791859989,13234.18674803266,13301.955078125,99975,0.0,0.0
2024-06-21 00:00:00+09:00,13272.912123896376,13476.217123605948,13021.201171875,13021.201171875,72044,0.0,0.0
2024-06-24 00:00:00+09:00,12943.751129705255,12972.794699928976,12604.90947709517,12779.1708984375,74899,0.0,0.0
2024-06-25 00:00:00+09:00,12614.590961821934,13224.50595076651,12585.547390919812,12827.5771484375,58253,0.0,0.0
2024-06-26 00:00:00+09:00,12817.896130923362,12846.939702216996,12391.923751950078,12411.2861328125,76038,0.0,0.0
2024-06-27 00:00:00+09:00,12372.561590865012,12759.809214992241,12372.561590865012,12479.0546875,66795,0.0,0.0
2024-06-28 00:00:00+09:00,12440.3291015625,12808.214320130108,12440.3291015625,12440.3291015625,62972,0.0,0.0
2024-07-01 00:00:00+09:00,12420.96694805512,12537.141229720484,12120.85005375293,12382.2421875,62031,0.0,0.0
2024-07-02 00:00:00+09:00,12256.387192716817,12411.286240966001,11840.09600054713,11888.501953125,102920,0.0,0.0
2024-07-03 00:00:00+09:00,11811.052443771627,14889.671031574395,11520.616727941177,13989.3203125,4241153,0.0,0.0
2024-07-04 00:00:00+09:00,13582.709513165508,13863.46402199074,13069.6064453125,13069.6064453125,1051166,0.0,0.0
2024-07-05 00:00:00+09:00,12914.707784829503,13495.579199439526,12817.8958823945,12846.939453125,365046,0.0,0.0
2024-07-08 00:00:00+09:00,12759.808806266192,13214.82475004048,12692.040474214702,13079.2880859375,233980,0.0,0.0
2024-07-09 00:00:00+09:00,13437.492510616692,13466.536082325518,12992.157744414697,13108.33203125,271823,0.0,0.0
2024-07-10 00:00:00+09:00,13166.418494757174,13776.33346914666,12972.794693363687,13156.7373046875,577319,0.0,0.0
2024-07-11 00:00:00+09:00,13224.50624912742,13340.680535356943,13001.8388671875,13001.8388671875,107723,0.0,0.0
2024-07-12 00:00:00+09:00,12972.794471153846,13340.6796875,12837.2578125,12837.2578125,100347,0.0,0.0
2024-07-15 00:00:00+09:00,12827.577445811796,12953.432922638629,12498.416967957002,12875.9833984375,122607,0.0,0.0
2024-07-16 00:00:00+09:00,12875.983042279411,12885.664232536765,12285.430436580882,12343.517578125,148504,0.0,0.0
2024-07-17 00:00:00+09:00,12295.111790913654,12459.69202748494,12043.400840863455,12053.08203125,88244,0.0,0.0
2024-07-18 00:00:00+09:00,12633.953622824205,13243.868625305375,11888.501953125,11888.501953125,275571,0.0,0.0
2024-07-19 00:00:00+09:00,11782.008186352577,12062.7626953125,11694.877476675361,12062.7626953125,74629,0.0,0.0
2024-07-22 00:00:00+09:00,12101.48828125,13892.508546875,11714.24065625,12101.48828125,900923,0.0,0.0
2024-07-23 00:00:00+09:00,12101.487529211416,12372.560849865751,12053.08157909457,12169.255859375,97601,0.0,0.0
2024-07-24 00:00:00+09:00,12178.937487830995,13059.925811672507,12178.937487830995,12430.6484375,312470,0.0,0.0
2024-07-25 00:00:00+09:00,12295.111778373328,12595.228680050157,12198.29987460661,12304.79296875,92617,0.0,0.0
2024-07-26 00:00:00+09:00,12246.705455521664,12440.32925718999,12053.081653853336,12149.8935546875,84916,0.0,0.0
2024-07-29 00:00:00+09:00,12285.430357467298,12653.315584877664,12178.93726532219,12488.7353515625,109554,0.0,0.0
2024-07-30 00:00:00+09:00,12372.561084852081,12479.054177131715,11927.226335319063,11985.3134765625,90786,0.0,0.0
2024-07-31 00:00:00+09:00,11907.863958864797,12082.125382653061,11801.370866549745,11859.4580078125,55181,0.0,0.0
2024-08-01 00:00:00+09:00,11859.458366041168,12295.111938671253,11859.458366041168,12140.212890625,51706,0.0,0.0
2024-08-02 00:00:00+09:00,11917.544923478552,11975.63206364173,10842.932830459771,11791.689453125,99127,0.0,0.0
2024-08-05 00:00:00+09:00,11520.616873293198,11520.616873293198,9293.943023833168,9748.958984375,240236,0.0,0.0
2024-08-06 00:00:00+09:00,9565.016190476192,10717.077857142858,9565.016190476192,10165.25,211529,0.0,0.0
2024-08-07 00:00:00+09:00,10010.35050508721,10668.671428052327,10010.35050508721,10407.279296875,53501,0.0,0.0
2024-08-08 00:00:00+09:00,10310.467550064981,10475.047783258507,10000.669464053639,10242.69921875,76723,0.0,0.0
2024-08-09 00:00:00+09:00,10358.873559834725,11017.194496347587,10358.873559834725,10726.7587890625,72056,0.0,0.0
2024-08-12 00:00:00+09:00,10978.469878664271,11007.513449771848,10775.164880911228,10939.7451171875,38475,0.0,0.0
2024-08-13 00:00:00+09:00,10939.745193373226,11201.137335161791,10620.265908964982,10920.3828125,79778,0.0,0.0
2024-08-14 00:00:00+09:00,11181.775208029007,11927.226888564273,11075.282110809683,11598.06640625,238724,0.0,0.0
2024-08-16 00:00:00+09:00,11636.790787652628,11743.283881383226,11472.210551887158,11694.8779296875,75433,0.0,0.0
2024-08-19 00:00:00+09:00,11723.92183546646,11791.690169775517,11191.456351609604,11239.8623046875,84747,0.0,0.0
2024-08-20 00:00:00+09:00,11549.659631171942,11685.196290716289,11385.079401725234,11433.4853515625,35310,0.0,0.0
2024-08-21 00:00:00+09:00,11433.486039270745,11549.660325867906,11152.731513327602,11259.224609375,65185,0.0,0.0
2024-08-22 00:00:00+09:00,11288.268028331191,11394.76112293809,10988.151125348115,11297.94921875,57761,0.0,0.0
2024-08-23 00:00:00+09:00,11297.949239527925,11297.949239527925,10901.020431626772,10920.3828125,42748,0.0,0.0
2024-08-26 00:00:00+09:00,10997.832577209198,11181.775199539281,10736.4404296875,10736.4404296875,75770,0.0,0.0
2024-08-27 00:00:00+09:00,10620.265766379021,10978.46980772453,10620.265766379021,10833.251953125,46011,0.0,0.0
2024-08-28 00:00:00+09:00,10833.252190163352,10978.47004794034,10562.178855646307,10649.3095703125,53099,0.0,0.0
2024-08-29 00:00:00+09:00,10552.497520551673,10717.077757110736,10513.772759008365,10562.1787109375,37198,0.0,0.0
2024-08-30 00:00:00+09:00,10465.366358821964,10988.150617264504,10465.366358821964,10804.2080078125,57695,0.0,0.0
2024-09-02 00:00:00+09:00,10784.84547639111,10804.207856061472,10542.815730511598,10591.2216796875,27693,0.0,0.0
2024-09-03 00:00:00+09:00,10523.454025338613,10746.12140581956,10504.091644427228,10542.81640625,33610,0.0,0.0
2024-09-04 00:00:00+09:00,10358.873275533537,10358.873275533537,9913.538536585365,9923.2197265625,69997,0.0,0.0
2024-09-05 00:00:00+09:00,9874.814014668367,10049.075438456633,9487.56640625,9487.56640625,126225,0.0,0.0
2024-09-06 00:00:00+09:00,9487.566634849845,9729.596395942954,9255.218064200462,9429.4794921875,61456,0.0,0.0
2024-09-09 00:00:00+09:00,9197.13062959559,9468.203953415248,9022.869207140093,9381.0732421875,38158,0.0,0.0
2024-09-10 00:00:00+09:00,9381.07339398478,9555.334819260039,9255.21792017487,9342.3486328125,32690,0.0,0.0
2024-09-11 00:00:00+09:00,9719.915169216261,12140.212771112741,9419.798266581098,11549.66015625,2807301,0.0,0.0
2024-09-12 00:00:00+09:00,12101.487539095631,12295.111339721161,11133.36853596798,11414.123046875,1231969,0.0,0.0
2024-09-13 00:00:00+09:00,11326.992670794874,13379.405017981639,11133.3688644565,12324.1552734375,5888040,0.0,0.0
2024-09-19 00:00:00+09:00,12759.809224382836,13166.419230015674,12198.30016898511,12353.19921875,1058786,0.0,0.0
2024-09-20 00:00:00+09:00,12353.198471412781,12440.329181634344,12033.719200600382,12043.400390625,282480,0.0,0.0
2024-09-23 00:00:00+09:00,11830.41413774334,12024.037937051742,11723.921048123719,11811.0517578125,130125,0.0,0.0
2024-09-24 00:00:00+09:00,11743.283499861836,12295.111331265072,11743.283499861836,12043.400390625,255414,0.0,0.0
2024-09-25 00:00:00+09:00,11956.269608112832,12033.719127841498,11617.427959299917,11685.1962890625,126857,0.0,0.0
2024-09-26 00:00:00+09:00,11752.964693016216,11869.13897334257,11646.471602717058,11791.689453125,75597,0.0,0.0
2024-09-27 00:00:00+09:00,11782.00857123277,11907.864044877819,11472.210482260338,11588.384765625,102397,0.0,0.0
2024-09-30 00:00:00+09:00,11472.210810122284,11491.573191236414,11104.325568953805,11133.369140625,105955,0.0,0.0
2024-10-02 00:00:00+09:00,11123.687589018784,11123.687589018784,10726.7587890625,10726.7587890625,117328,0.0,0.0
2024-10-04 00:00:00+09:00,10736.439603365385,10862.295072115385,10678.352463942307,10823.5703125,45610,0.0,0.0
2024-10-07 00:00:00+09:00,10794.526891429126,10939.744741986467,10620.265470760314,10910.701171875,42850,0.0,0.0
2024-10-08 00:00:00+09:00,10949.426236804626,10949.426236804626,10697.715288832105,10833.251953125,37189,0.0,0.0
2024-10-10 00:00:00+09:00,10910.701177260455,10910.701177260455,10533.134765625,10533.134765625,65902,0.0,0.0
2024-10-11 00:00:00+09:00,10455.685322984622,10542.816034009495,10252.380330593254,10387.9169921875,66580,0.0,0.0
2024-10-14 00:00:00+09:00,10262.06196534567,10475.04815707926,10233.018393745635,10397.5986328125,53145,0.0,0.0
2024-10-15 00:00:00+09:00,10349.192082684738,10523.4535022248,10174.930663144678,10300.7861328125,47906,0.0,0.0
2024-10-16 00:00:00+09:00,10203.974838606275,10271.74317244901,10068.438170920803,10145.8876953125,32208,0.0,0.0
2024-10-17 00:00:00+09:00,10891.338802952216,11907.863757894422,10145.88716932793,10155.568359375,720100,0.0,0.0
2024-10-18 00:00:00+09:00,10165.249777160234,10387.917153231363,10029.713113464764,10097.4814453125,74545,0.0,0.0
2024-10-21 00:00:00+09:00,10116.843959263393,10571.859907670454,10116.843959263393,10436.3232421875,110401,0.0,0.0
2024-10-22 00:00:00+09:00,10262.061897342426,10988.15118253175,10223.337135465663,10291.10546875,264977,0.0,0.0
2024-10-23 00:00:00+09:00,10291.104943766353,10571.859453050665,9981.306864556078,10174.9306640625,96502,0.0,0.0
2024-10-24 00:00:00+09:00,10068.437729554358,10174.930820924645,9710.233694945213,9884.4951171875,98970,0.0,0.0
2024-10-25 00:00:00+09:00,9845.770356689214,10068.437729554358,9768.320835692643,9884.4951171875,44409,0.0,0.0
2024-10-28 00:00:00+09:00,9778.001947539322,10358.873350363441,9768.320757492254,10155.568359375,86958,0.0,0.0
2024-10-29 00:00:00+09:00,10049.075569614553,10262.061757024496,10020.031998604107,10078.119140625,39693,0.0,0.0
2024-10-30 00:00:00+09:00,9981.3075406129,10078.119446923403,9836.089681147145,10000.669921875,57936,0.0,0.0
2024-10-31 00:00:00+09:00,9836.08960597826,10087.800560461958,9739.277700407609,10020.0322265625,60094,0.0,0.0
2024-11-01 00:00:00+09:00,9865.132958794382,10397.59842762038,9807.045816740638,9952.263671875,102823,0.0,0.0
2024-11-04 00:00:00+09:00,10136.206352669024,11143.05015465334,10020.032067824679,10184.6123046875,496126,0.0,0.0
2024-11-05 00:00:00+09:00,10523.454182188552,12769.490401386109,10368.55513258872,11491.5732421875,5548606,0.0,0.0
2024-11-06 00:00:00+09:00,11520.616375258827,12662.9968225534,11065.60043438726,11104.3251953125,2035937,0.0,0.0
2024-11-07 00:00:00+09:00,11046.237602861054,11084.962362205002,10455.685022865855,10717.0771484375,226811,0.0,0.0
2024-11-08 00:00:00+09:00,10726.758798088033,10978.469744613563,10475.0478515625,10475.0478515625,166350,0.0,0.0
2024-11-11 00:00:00+09:00,10436.322799572841,10504.091129440198,9371.391901657245,9419.7978515625,332120,0.0,0.0
2024-11-12 00:00:00+09:00,9419.797776442307,9468.203725961539,8577.534254807691,8809.8828125,269545,0.0,0.0
2024-11-13 00:00:00+09:00,8616.259765625,8916.376678809691,8538.810239641854,8616.259765625,98970,0.0,0.0
2024-11-14 00:00:00+09:00,8616.259329044116,8771.158373161765,8151.562196691176,8229.01171875,75808,0.0,0.0
2024-11-15 00:00:00+09:00,8112.837561139236,8209.64946521011,7754.633516077002,7948.25732421875,103550,0.0,0.0
2024-11-18 00:00:00+09:00,7744.952608323831,8509.766678395808,7744.952608323831,8490.404296875,73595,0.0,0.0
2024-11-19 00:00:00+09:00,8325.823466335063,8403.272986952134,8267.73632587226,8393.591796875,34851,0.0,0.0
2024-11-20 00:00:00+09:00,8316.142623774962,8412.954528591901,8161.243576067862,8180.60595703125,36435,0.0,0.0
2024-11-21 00:00:00+09:00,8180.60595703125,8325.823814256657,8103.156433177699,8180.60595703125,19642,0.0,0.0
2024-11-22 00:00:00+09:00,8103.156688362956,8480.723129039365,8103.156688362956,8238.693359375,36714,0.0,0.0
2024-11-25 00:00:00+09:00,8248.373653927365,8654.983622782938,8248.373653927365,8596.896484375,51481,0.0,0.0
2024-11-26 00:00:00+09:00,8645.302962276282,8858.289149476817,8529.128678348718,8587.2158203125,40307,0.0,0.0
2024-11-27 00:00:00+09:00,8587.216058827766,8654.984393001152,8393.592246903801,8403.2734375,34716,0.0,0.0
2024-11-28 00:00:00+09:00,8519.447115384615,10891.338641826922,8509.76592548077,10320.1484375,4660199,0.0,0.0
2024-11-29 00:00:00+09:00,10262.06185546875,10291.105426757813,9623.103287109374,9681.1904296875,498883,0.0,0.0
2024-12-02 00:00:00+09:00,9681.190365650615,9778.00226930712,9342.348702852843,9448.841796875,260729,0.0,0.0
2024-12-03 00:00:00+09:00,9352.030206969896,9565.016402159687,9158.406393160994,9245.537109375,169673,0.0,0.0
2024-12-04 00:00:00+09:00,8897.01418900208,9361.711339243757,8713.071567031417,9013.1884765625,318530,0.0,0.0
2024-12-05 00:00:00+09:00,9129.362804634173,9139.043995307167,8509.7666015625,8509.7666015625,163489,0.0,0.0
2024-12-06 00:00:00+09:00,8393.591953125,8558.1721875,7967.61958180147,8229.01171875,131966,0.0,0.0
2024-12-09 00:00:00+09:00,7938.575785319011,10213.655431111654,7686.864845784506,9293.9423828125,2827439,0.0,0.0
2024-12-10 00:00:00+09:00,9003.506750720911,10039.394086556544,8984.144370611835,9652.146484375,654779,0.0,0.0
2024-12-11 00:00:00+09:00,9671.509157558497,9961.94486799569,9555.334873383621,9826.408203125,302152,0.0,0.0
2024-12-12 00:00:00+09:00,10155.568849143401,10155.568849143401,9419.798370082488,9535.97265625,234561,0.0,0.0
2024-12-13 00:00:00+09:00,9419.797991208068,10039.394159180643,9419.797991208068,9884.4951171875,267267,0.0,0.0
2024-12-16 00:00:00+09:00,9952.263221153846,11278.58623798077,9874.813701923076,10194.29296875,1319663,0.0,0.0
2024-12-17 00:00:00+09:00,10213.655967712402,10242.69953918457,9816.727157592773,9913.5390625,161230,0.0,0.0
2024-12-18 00:00:00+09:00,9797.364637911676,9855.451780033683,9545.653688716317,9700.552734375,94616,0.0,0.0
2024-12-19 00:00:00+09:00,9516.610123467517,9661.827978861224,9303.623935556749,9574.697265625,63506,0.0,0.0
2024-12-20 00:00:00+09:00,9574.69759285013,9623.103546302356,9168.08758385144,9245.537109375,68438,0.0,0.0
2024-12-23 00:00:00+09:00,9245.536207617393,9584.37784873426,9216.492638378804,9226.173828125,52910,0.0,0.0
2024-12-24 00:00:00+09:00,9226.17443678295,9322.98634063167,8993.825867546024,9071.275390625,64546,0.0,0.0
2024-12-26 00:00:00+09:00,9119.681190223166,9216.493092454835,8926.05738575983,9110.0,82780,0.0,0.0
2024-12-27 00:00:00+09:00,9300.0,9360.0,8940.0,9060.0,72214,300.0,0.0
2024-12-30 00:00:00+09:00,8900.0,9200.0,8850.0,9200.0,37468,0.0,0.0
2025-01-02 00:00:00+09:00,9200.0,9390.0,9130.0,9300.0,38114,0.0,0.0
2025-01-03 00:00:00+09:00,9300.0,9600.0,9230.0,9470.0,74719,0.0,0.0
2025-01-06 00:00:00+09:00,9420.0,9630.0,9420.0,9520.0,50136,0.0,0.0
2025-01-07 00:00:00+09:00,9500.0,9600.0,9280.0,9340.0,57360,0.0,0.0
2025-01-08 00:00:00+09:00,9340.0,9460.0,9230.0,9390.0,36208,0.0,0.0
2025-01-09 00:00:00+09:00,9330.0,9370.0,9090.0,9210.0,67071,0.0,0.0
2025-01-10 00:00:00+09:00,9220.0,9810.0,9210.0,9650.0,206390,0.0,0.0
2025-01-13 00:00:00+09:00,9630.0,9690.0,9440.0,9520.0,77667,0.0,0.0
2025-01-14 00:00:00+09:00,9450.0,9810.0,9450.0,9780.0,82862,0.0,0.0
2025-01-15 00:00:00+09:00,9770.0,9830.0,9590.0,9590.0,38187,0.0,0.0
2025-01-16 00:00:00+09:00,9590.0,10150.0,9560.0,9900.0,128352,0.0,0.0
2025-01-17 00:00:00+09:00,9840.0,10500.0,9840.0,9920.0,358328,0.0,0.0
2025-01-20 00:00:00+09:00,9930.0,10140.0,9900.0,9900.0,57032,0.0,0.0
2025-01-21 00:00:00+09:00,10000.0,10100.0,9700.0,9850.0,83955,0.0,0.0
2025-01-22 00:00:00+09:00,9850.0,10040.0,9850.0,10000.0,51235,0.0,0.0
2025-01-23 00:00:00+09:00,9910.0,9950.0,9410.0,9440.0,63865,0.0,0.0
2025-01-24 00:00:00+09:00,9440.0,9650.0,9370.0,9570.0,31510,0.0,0.0
2025-01-31 00:00:00+09:00,9580.0,9580.0,9190.0,9220.0,40099,0.0,0.0
2025-02-03 00:00:00+09:00,9150.0,9190.0,8880.0,9010.0,55816,0.0,0.0
2025-02-04 00:00:00+09:00,9000.0,9200.0,9000.0,9190.0,19958,0.0,0.0
2025-02-05 00:00:00+09:00,9240.0,9550.0,9200.0,9400.0,40679,0.0,0.0
2025-02-06 00:00:00+09:00,9420.0,9580.0,9400.0,9540.0,23992,0.0,0.0
2025-02-07 00:00:00+09:00,9540.0,9540.0,9380.0,9410.0,38244,0.0,0.0
