Date,Open,High,Low,Close,Volume,Dividends,Stock Splits
2022-02-11 00:00:00-05:00,23.084026336669922,83.09326171875,23.084026336669922,62.788551330566406,50360,0.0,0.0
2022-02-14 00:00:00-05:00,64.63526916503906,64.63526916503906,42.105262756347656,58.162513732910156,13862,0.0,0.0
2022-02-15 00:00:00-05:00,48.938133239746094,49.86149597167969,25.90027618408203,28.624191284179688,150645,0.0,0.0
2022-02-16 00:00:00-05:00,23.324100494384766,26.759002685546875,23.222530364990234,23.74884605407715,76135,0.0,0.0
2022-02-17 00:00:00-05:00,20.461681365966797,22.51154136657715,18.97045135498047,19.038780212402344,77435,0.0,0.0
2022-02-18 00:00:00-05:00,19.030471801757812,30.36934471130371,16.574331283569336,18.78116226196289,247899,0.0,0.0
2022-02-22 00:00:00-05:00,17.61772918701172,19.34441375732422,15.881810188293457,16.44506072998047,57832,0.0,0.0
2022-02-23 00:00:00-05:00,14.8845796585083,16.4173583984375,14.86611270904541,15.590027809143066,71478,0.0,0.0
2022-02-24 00:00:00-05:00,14.062788963317871,16.176361083984375,14.062788963317871,15.447830200195312,47435,0.0,0.0
2022-02-25 00:00:00-05:00,15.078486442565918,16.186519622802734,13.859648704528809,15.549400329589844,39963,0.0,0.0
2022-02-28 00:00:00-05:00,17.497692108154297,17.497692108154297,15.697137832641602,15.706371307373047,26209,0.0,0.0
2022-03-01 00:00:00-05:00,14.792243957519531,15.687904357910156,14.792243957519531,15.023083686828613,29999,0.0,0.0
2022-03-02 00:00:00-05:00,14.77377700805664,15.964912414550781,14.77377700805664,15.180054664611816,53175,0.0,0.0
2022-03-03 00:00:00-05:00,14.838412284851074,15.466297149658203,14.819945335388184,14.930747985839844,14512,0.0,0.0
2022-03-04 00:00:00-05:00,15.59556770324707,16.638965606689453,14.930747985839844,16.038780212402344,43753,0.0,0.0
2022-03-07 00:00:00-05:00,16.158817291259766,17.156047821044922,16.001846313476562,16.241920471191406,45269,0.0,0.0
2022-03-08 00:00:00-05:00,16.25115394592285,17.011079788208008,16.158817291259766,16.43582534790039,19819,0.0,0.0
2022-03-09 00:00:00-05:00,16.288089752197266,18.180978775024414,16.288089752197266,16.389657974243164,35306,0.0,0.0
2022-03-10 00:00:00-05:00,15.5032320022583,16.611265182495117,15.5032320022583,15.761773109436035,25884,0.0,0.0
2022-03-11 00:00:00-05:00,16.53554916381836,16.620498657226562,15.687904357910156,16.038780212402344,16895,0.0,0.0
2022-03-14 00:00:00-04:00,15.715604782104492,16.181901931762695,15.715604782104492,15.743306159973145,6606,0.0,0.0
2022-03-15 00:00:00-04:00,15.466297149658203,22.16066551208496,15.466297149658203,19.122806549072266,192233,0.0,0.0
2022-03-16 00:00:00-04:00,17.22068214416504,18.836565017700195,16.52816390991211,16.759002685546875,57941,0.0,0.0
2022-03-17 00:00:00-04:00,16.158817291259766,17.168052673339844,16.158817291259766,16.574331283569336,32923,0.0,0.0
2022-03-18 00:00:00-04:00,16.85133934020996,17.22068214416504,16.158817291259766,16.675899505615234,15595,0.0,0.0
2022-03-21 00:00:00-04:00,16.52816390991211,16.795936584472656,16.278854370117188,16.48199462890625,7798,0.0,0.0
2022-03-22 00:00:00-04:00,16.48199462890625,16.509695053100586,15.881810188293457,15.983380317687988,31949,0.0,0.0
2022-03-23 00:00:00-04:00,15.706371307373047,16.426593780517578,15.706371307373047,16.391504287719727,29674,0.0,0.0
2022-03-24 00:00:00-04:00,16.620498657226562,16.666667938232422,15.927977561950684,16.223453521728516,19711,0.0,0.0
2022-03-25 00:00:00-04:00,15.927977561950684,16.297321319580078,15.918744087219238,16.102493286132812,32815,0.0,0.0
2022-03-28 00:00:00-04:00,15.789473533630371,16.297321319580078,15.789473533630371,16.066482543945312,32165,0.0,0.0
2022-03-29 00:00:00-04:00,15.881810188293457,16.306556701660156,15.881810188293457,16.181901931762695,44078,0.0,0.0
2022-03-30 00:00:00-04:00,16.066482543945312,18.9935359954834,16.066482543945312,18.301015853881836,158226,0.0,0.0
2022-03-31 00:00:00-04:00,18.00554084777832,18.25484848022461,16.371191024780273,16.56509780883789,81225,0.0,0.0
2022-04-01 00:00:00-04:00,17.35918617248535,17.35918617248535,15.798707008361816,16.140350341796875,34439,0.0,0.0
2022-04-04 00:00:00-04:00,15.927977561950684,17.026777267456055,15.927977561950684,16.46352767944336,25126,0.0,0.0
2022-04-05 00:00:00-04:00,16.158817291259766,16.620498657226562,15.937211036682129,16.14958381652832,22202,0.0,0.0
2022-04-06 00:00:00-04:00,16.02954864501953,16.426593780517578,16.02954864501953,16.426593780517578,13754,0.0,0.0
2022-04-07 00:00:00-04:00,16.14958381652832,16.611265182495117,16.14958381652832,16.592798233032227,13104,0.0,0.0
2022-04-08 00:00:00-04:00,16.306556701660156,17.765466690063477,16.306556701660156,17.396121978759766,31624,0.0,0.0
2022-04-11 00:00:00-04:00,16.8051700592041,18.00554084777832,16.48199462890625,16.51892852783203,23285,0.0,0.0
2022-04-12 00:00:00-04:00,16.8051700592041,17.543859481811523,16.620498657226562,16.620498657226562,20469,0.0,0.0
2022-04-13 00:00:00-04:00,16.620498657226562,17.774700164794922,16.620498657226562,17.682363510131836,16245,0.0,0.0
2022-04-14 00:00:00-04:00,16.943674087524414,17.516159057617188,16.943674087524414,17.34071922302246,32598,0.0,0.0
2022-04-18 00:00:00-04:00,16.99907684326172,17.414588928222656,16.979686737060547,17.0360107421875,24909,0.0,0.0
2022-04-19 00:00:00-04:00,16.915973663330078,17.543859481811523,16.620498657226562,17.05447769165039,44945,0.0,0.0
2022-04-20 00:00:00-04:00,17.01754379272461,17.55309295654297,16.675899505615234,17.4238224029541,28808,0.0,0.0
2022-04-21 00:00:00-04:00,17.091413497924805,17.950138092041016,17.091413497924805,17.192981719970703,29674,0.0,0.0
2022-04-22 00:00:00-04:00,17.313018798828125,17.585411071777344,17.239151000976562,17.516159057617188,17436,0.0,0.0
2022-04-25 00:00:00-04:00,17.22068214416504,17.698984146118164,17.22068214416504,17.313018798828125,27725,0.0,0.0
2022-04-26 00:00:00-04:00,17.722991943359375,17.774700164794922,17.2733154296875,17.35918617248535,27183,0.0,0.0
2022-04-27 00:00:00-04:00,17.313018798828125,17.543859481811523,16.953832626342773,17.165281295776367,13321,0.0,0.0
2022-04-28 00:00:00-04:00,17.165281295776367,17.525392532348633,16.838411331176758,17.229917526245117,8231,0.0,0.0
2022-04-29 00:00:00-04:00,16.93444061279297,17.211450576782227,16.8051700592041,16.83287239074707,10180,0.0,0.0
2022-05-02 00:00:00-04:00,16.8051700592041,17.24376678466797,16.666667938232422,16.675899505615234,6606,0.0,0.0
2022-05-03 00:00:00-04:00,16.99907684326172,17.174514770507812,16.666667938232422,16.694366455078125,12455,0.0,0.0
2022-05-04 00:00:00-04:00,16.971376419067383,16.971376419067383,16.075716018676758,16.075716018676758,11155,0.0,0.0
2022-05-05 00:00:00-04:00,16.066482543945312,16.43582534790039,15.604801177978516,15.604801177978516,12346,0.0,0.0
2022-05-06 00:00:00-04:00,15.51246452331543,16.685134887695312,15.244690895080566,15.558632850646973,17653,0.0,0.0
2022-05-09 00:00:00-04:00,15.32779312133789,15.974145889282227,15.32779312133789,15.687904357910156,12996,0.0,0.0
2022-05-10 00:00:00-04:00,15.143120765686035,16.546630859375,15.143120765686035,16.158817291259766,29566,0.0,0.0
2022-05-11 00:00:00-04:00,16.611265182495117,16.611265182495117,16.158817291259766,16.19575309753418,12888,0.0,0.0
2022-05-12 00:00:00-04:00,15.697137832641602,16.25115394592285,15.050785064697266,15.050785064697266,24151,0.0,0.0
2022-05-13 00:00:00-04:00,15.706371307373047,16.103416442871094,14.635272026062012,14.86611270904541,24043,0.0,0.0
2022-05-16 00:00:00-04:00,13.988920211791992,14.681440353393555,13.915051460266113,14.127424240112305,37905,0.0,0.0
2022-05-17 00:00:00-04:00,14.469066619873047,14.856879234313965,14.136656761169434,14.70914077758789,24043,0.0,0.0
2022-05-18 00:00:00-04:00,14.358263969421387,15.974145889282227,14.358263969421387,14.59833812713623,45378,0.0,0.0
2022-05-19 00:00:00-04:00,15.263157844543457,15.43859577178955,14.77377700805664,14.78300952911377,28916,0.0,0.0
2022-05-20 00:00:00-04:00,14.8845796585083,15.13388729095459,14.007387161254883,14.081255912780762,37797,0.0,0.0
2022-05-23 00:00:00-04:00,14.376730918884277,15.32779312133789,14.376730918884277,15.309326171875,9964,0.0,0.0
2022-05-24 00:00:00-04:00,15.309326171875,15.521698951721191,14.995383262634277,15.40166187286377,25451,0.0,0.0
2022-05-25 00:00:00-04:00,16.066482543945312,17.174514770507812,15.604801177978516,17.01754379272461,39530,0.0,0.0
2022-05-26 00:00:00-04:00,16.722068786621094,17.04062843322754,15.863343238830566,16.158817291259766,26317,0.0,0.0
2022-05-27 00:00:00-04:00,16.38042449951172,17.45152473449707,16.38042449951172,17.257617950439453,20902,0.0,0.0
2022-05-31 00:00:00-04:00,17.109880447387695,17.17820930480957,16.454294204711914,17.174514770507812,18844,0.0,0.0
2022-06-01 00:00:00-04:00,17.313018798828125,17.42844009399414,16.657432556152344,17.082178115844727,22526,0.0,0.0
2022-06-02 00:00:00-04:00,17.082178115844727,17.663896560668945,17.082178115844727,17.497692108154297,26967,0.0,0.0
2022-06-03 00:00:00-04:00,17.433055877685547,17.746999740600586,16.657432556152344,17.28531837463379,17761,0.0,0.0
2022-06-06 00:00:00-04:00,16.168052673339844,17.774700164794922,16.168052673339844,17.11911392211914,54475,0.0,0.0
2022-06-07 00:00:00-04:00,16.74976921081543,17.0360107421875,14.912281036376953,14.912281036376953,34006,0.0,0.0
2022-06-08 00:00:00-04:00,14.930747985839844,15.44321346282959,14.921513557434082,14.921513557434082,18844,0.0,0.0
2022-06-09 00:00:00-04:00,14.912281036376953,15.337026596069336,14.77377700805664,14.995383262634277,14621,0.0,0.0
2022-06-10 00:00:00-04:00,14.875346183776855,15.050785064697266,14.081255912780762,14.275161743164062,28591,0.0,0.0
2022-06-13 00:00:00-04:00,14.118189811706543,14.718375205993652,13.647275924682617,13.813481330871582,30107,0.0,0.0
2022-06-14 00:00:00-04:00,14.025854110717773,14.4967679977417,13.342567443847656,14.302862167358398,29133,0.0,0.0
2022-06-15 00:00:00-04:00,14.099722862243652,14.73222541809082,13.531855583190918,14.542936325073242,56749,0.0,0.0
2022-06-16 00:00:00-04:00,14.081255912780762,15.530933380126953,13.86888313293457,15.235457420349121,58157,0.0,0.0
2022-06-17 00:00:00-04:00,14.810710906982422,15.632501602172852,14.746075630187988,15.383194923400879,65413,0.0,0.0
2022-06-21 00:00:00-04:00,15.189289093017578,15.789473533630371,14.903046607971191,15.5032320022583,79709,0.0,0.0
2022-06-22 00:00:00-04:00,15.42012882232666,15.461681365966797,14.173591613769531,14.736842155456543,68446,0.0,0.0
2022-06-23 00:00:00-04:00,14.312095642089844,15.48476505279541,14.312095642089844,15.355493545532227,17653,0.0,0.0
2022-06-24 00:00:00-04:00,15.355493545532227,16.620498657226562,14.875346183776855,16.620498657226562,39205,0.0,0.0
2022-06-27 00:00:00-04:00,16.343490600585938,16.592798233032227,15.94644546508789,16.50046157836914,4982,0.0,0.0
2022-06-28 00:00:00-04:00,16.394275665283203,16.897506713867188,16.32132911682129,16.897506713867188,15704,0.0,0.0
2022-06-29 00:00:00-04:00,16.371191024780273,16.74515151977539,15.964912414550781,16.246536254882812,3682,0.0,0.0
2022-06-30 00:00:00-04:00,16.048015594482422,16.325023651123047,15.715604782104492,16.325023651123047,9314,0.0,0.0
2022-07-01 00:00:00-04:00,16.038780212402344,16.140350341796875,15.410896301269531,15.771005630493164,9639,0.0,0.0
2022-07-05 00:00:00-04:00,15.235457420349121,15.457063674926758,14.856879234313965,15.21699047088623,7364,0.0,0.0
2022-07-06 00:00:00-04:00,15.447830200195312,15.631579399108887,14.792243957519531,14.86611270904541,8881,0.0,0.0
2022-07-07 00:00:00-04:00,14.86611270904541,15.604801177978516,14.86611270904541,14.875346183776855,2274,0.0,0.0
2022-07-08 00:00:00-04:00,15.1154203414917,15.198522567749023,14.819945335388184,14.958449363708496,4440,0.0,0.0
2022-07-11 00:00:00-04:00,15.161587715148926,15.669437408447266,14.78300952911377,14.995383262634277,7148,0.0,0.0
2022-07-12 00:00:00-04:00,14.893813133239746,15.17543888092041,14.570636749267578,14.829177856445312,3899,0.0,0.0
2022-07-13 00:00:00-04:00,14.932595252990723,15.697137832641602,14.635272026062012,15.124653816223145,7148,0.0,0.0
2022-07-14 00:00:00-04:00,14.681440353393555,15.189289093017578,14.312095642089844,14.312095642089844,41587,0.0,0.0
2022-07-15 00:00:00-04:00,14.56140422821045,14.903046607971191,14.312095642089844,14.321330070495605,11696,0.0,0.0
2022-07-18 00:00:00-04:00,14.78300952911377,15.076639175415039,14.339797019958496,14.542936325073242,11805,0.0,0.0
2022-07-19 00:00:00-04:00,14.413665771484375,15.087718963623047,14.312095642089844,14.385965347290039,13646,0.0,0.0
2022-07-20 00:00:00-04:00,14.339797019958496,14.54109001159668,14.312095642089844,14.312095642089844,2708,0.0,0.0
2022-07-21 00:00:00-04:00,14.506002426147461,14.755309104919434,13.905817031860352,14.570636749267578,13971,0.0,0.0
2022-07-22 00:00:00-04:00,14.136656761169434,14.284395217895508,13.213295936584473,13.85041618347168,25126,0.0,0.0
2022-07-25 00:00:00-04:00,13.573407173156738,14.16712760925293,13.49953842163086,13.665742874145508,13321,0.0,0.0
2022-07-26 00:00:00-04:00,13.416436195373535,14.007387161254883,13.416436195373535,13.684210777282715,6498,0.0,0.0
2022-07-27 00:00:00-04:00,13.748846054077148,13.929824829101562,13.748846054077148,13.85041618347168,4657,0.0,0.0
2022-07-28 00:00:00-04:00,13.619574546813965,14.164358139038086,13.619574546813965,13.665742874145508,14296,0.0,0.0
2022-07-29 00:00:00-04:00,13.665742874145508,14.035087585449219,13.397969245910645,13.85041618347168,17111,0.0,0.0
2022-08-01 00:00:00-04:00,13.887350082397461,14.090489387512207,13.864266395568848,13.864266395568848,9855,0.0,0.0
2022-08-02 00:00:00-04:00,13.573407173156738,14.035087585449219,13.573407173156738,13.919668197631836,10289,0.0,0.0
2022-08-03 00:00:00-04:00,14.035087585449219,14.77377700805664,14.035087585449219,14.755309104919434,7581,0.0,0.0
2022-08-04 00:00:00-04:00,14.441367149353027,14.78300952911377,14.081255912780762,14.506002426147461,20252,0.0,0.0
2022-08-05 00:00:00-04:00,14.284395217895508,14.589103698730469,13.554940223693848,14.589103698730469,26858,0.0,0.0
2022-08-08 00:00:00-04:00,14.312095642089844,14.469066619873047,13.859648704528809,14.349029541015625,12455,0.0,0.0
2022-08-09 00:00:00-04:00,14.441367149353027,14.734071731567383,13.998152732849121,14.256693840026855,4440,0.0,0.0
2022-08-10 00:00:00-04:00,14.395198822021484,14.395198822021484,14.164358139038086,14.312095642089844,4440,0.0,0.0
2022-08-11 00:00:00-04:00,13.988920211791992,15.082179069519043,13.988920211791992,14.819945335388184,14187,0.0,0.0
2022-08-12 00:00:00-04:00,14.469066619873047,14.987996101379395,14.469066619873047,14.727607727050781,18303,0.0,0.0
2022-08-15 00:00:00-04:00,14.469066619873047,14.718375205993652,14.321330070495605,14.40443229675293,4765,0.0,0.0
2022-08-16 00:00:00-04:00,14.330562591552734,14.77377700805664,13.42012882232666,14.201292991638184,22310,0.0,0.0
2022-08-17 00:00:00-04:00,13.988920211791992,14.358263969421387,13.85041618347168,14.127424240112305,11805,0.0,0.0
2022-08-18 00:00:00-04:00,13.933518409729004,14.376730918884277,13.85041618347168,14.238226890563965,17653,0.0,0.0
2022-08-19 00:00:00-04:00,14.395198822021484,14.746075630187988,14.025854110717773,14.746075630187988,10397,0.0,0.0
2022-08-22 00:00:00-04:00,14.127424240112305,14.233610153198242,13.859648704528809,14.062788963317871,14404,0.0,0.0
2022-08-23 00:00:00-04:00,13.951985359191895,14.358263969421387,13.416436195373535,13.85041618347168,20794,0.0,0.0
2022-08-24 00:00:00-04:00,14.05355453491211,14.4967679977417,13.983380317687988,14.432132720947266,8881,0.0,0.0
2022-08-25 00:00:00-04:00,14.727607727050781,14.727607727050781,14.192981719970703,14.524469375610352,6823,0.0,0.0
2022-08-26 00:00:00-04:00,14.56140422821045,14.56140422821045,13.818098068237305,13.818098068237305,13213,0.0,0.0
2022-08-29 00:00:00-04:00,14.072022438049316,14.072022438049316,13.434903144836426,13.841181755065918,11372,0.0,0.0
2022-08-30 00:00:00-04:00,13.619574546813965,13.97968578338623,13.516159057617188,13.899353981018066,17220,0.0,0.0
2022-08-31 00:00:00-04:00,13.735918998718262,13.85041618347168,13.735918998718262,13.80424690246582,4874,0.0,0.0
2022-09-01 00:00:00-04:00,13.67497730255127,13.80424690246582,13.388734817504883,13.388734817504883,18953,0.0,0.0
2022-09-02 00:00:00-04:00,13.481071472167969,14.072022438049316,13.481071472167969,14.072022438049316,8881,0.0,0.0
2022-09-06 00:00:00-04:00,13.665742874145508,14.718375205993652,13.481071472167969,14.081255912780762,40721,0.0,0.0
2022-09-07 00:00:00-04:00,13.97968578338623,14.081255912780762,13.822714805603027,14.081255912780762,10289,0.0,0.0
2022-09-08 00:00:00-04:00,13.85041618347168,14.432132720947266,13.810710906982422,14.127424240112305,20144,0.0,0.0
2022-09-09 00:00:00-04:00,13.915051460266113,14.098799705505371,13.86888313293457,13.998152732849121,21119,0.0,0.0
2022-09-12 00:00:00-04:00,13.896583557128906,14.533702850341797,13.859648704528809,13.988920211791992,25775,0.0,0.0
2022-09-13 00:00:00-04:00,14.127424240112305,14.626038551330566,14.127424240112305,14.450599670410156,35198,0.0,0.0
2022-09-14 00:00:00-04:00,14.302862167358398,15.004616737365723,14.302862167358398,15.004616737365723,46894,0.0,0.0
2022-09-15 00:00:00-04:00,14.552169799804688,15.558632850646973,14.330562591552734,15.558632850646973,38988,0.0,0.0
2022-09-16 00:00:00-04:00,15.669437408447266,16.13111686706543,14.819945335388184,15.734071731567383,245300,0.0,0.0
2022-09-19 00:00:00-04:00,15.43859577178955,15.641736030578613,15.004616737365723,15.51246452331543,13754,0.0,0.0
2022-09-20 00:00:00-04:00,15.650970458984375,15.650970458984375,15.078486442565918,15.57710075378418,12888,0.0,0.0
2022-09-21 00:00:00-04:00,15.263157844543457,15.53554916381836,15.096953392028809,15.124653816223145,13538,0.0,0.0
2022-09-22 00:00:00-04:00,14.995383262634277,14.995383262634277,14.265928268432617,14.339797019958496,5740,0.0,0.0
2022-09-23 00:00:00-04:00,14.062788963317871,14.274237632751465,13.94275188446045,14.035087585449219,14296,0.0,0.0
2022-09-26 00:00:00-04:00,13.96121883392334,14.40166187286377,13.94275188446045,14.035087585449219,8339,0.0,0.0
2022-09-27 00:00:00-04:00,14.016619682312012,14.459834098815918,13.665742874145508,14.127424240112305,36389,0.0,0.0
2022-09-28 00:00:00-04:00,13.94275188446045,14.081255912780762,13.665742874145508,13.730379104614258,20902,0.0,0.0
2022-09-29 00:00:00-04:00,13.748846054077148,13.919668197631836,13.573407173156738,13.813481330871582,8989,0.0,0.0
2022-09-30 00:00:00-04:00,13.970452308654785,13.970452308654785,13.481071472167969,13.481071472167969,15270,0.0,0.0
2022-10-03 00:00:00-04:00,13.481071472167969,13.536473274230957,12.530009269714355,13.047090530395508,20252,0.0,0.0
2022-10-04 00:00:00-04:00,12.723915100097656,13.148660659790039,12.723915100097656,12.816250801086426,10180,0.0,0.0
2022-10-05 00:00:00-04:00,12.659279823303223,12.783933639526367,12.511542320251465,12.585411071777344,12346,0.0,0.0
2022-10-06 00:00:00-04:00,12.557709693908691,12.705448150634766,11.846721649169922,12.622344970703125,11696,0.0,0.0
2022-10-07 00:00:00-04:00,12.696213722229004,13.260388374328613,11.117266654968262,11.625115394592285,17436,0.0,0.0
2022-10-10 00:00:00-04:00,11.200368881225586,11.70821762084961,10.775623321533203,11.061864852905273,20144,0.0,0.0
2022-10-11 00:00:00-04:00,10.82179069519043,11.080331802368164,8.910433769226074,9.944598197937012,41154,0.0,0.0
2022-10-12 00:00:00-04:00,9.861495971679688,11.043397903442383,9.861495971679688,10.203139305114746,27292,0.0,0.0
2022-10-13 00:00:00-04:00,10.156970977783203,10.486611366271973,9.55678653717041,9.861495971679688,10072,0.0,0.0
2022-10-14 00:00:00-04:00,10.01846694946289,10.341644287109375,9.8060941696167,9.898429870605469,7798,0.0,0.0
2022-10-17 00:00:00-04:00,10.212372779846191,10.344413757324219,10.212372779846191,10.249306678771973,4224,0.0,0.0
2022-10-18 00:00:00-04:00,10.590950965881348,10.931671142578125,10.156970977783203,10.156970977783203,31624,0.0,0.0
2022-10-19 00:00:00-04:00,9.944598197937012,10.129270553588867,9.058172225952148,9.067404747009277,41046,0.0,0.0
2022-10-20 00:00:00-04:00,9.012003898620605,9.325945854187012,8.910433769226074,8.919668197631836,4874,0.0,0.0
2022-10-21 00:00:00-04:00,9.122806549072266,9.36288070678711,8.88642692565918,9.1874418258667,3899,0.0,0.0
2022-10-24 00:00:00-04:00,9.38134765625,9.38134765625,9.168974876403809,9.196676254272461,5957,0.0,0.0
2022-10-25 00:00:00-04:00,9.09510612487793,10.17543888092041,9.09510612487793,9.621421813964844,33465,0.0,0.0
2022-10-26 00:00:00-04:00,9.926131248474121,10.027701377868652,9.584487915039062,9.649123191833496,8989,0.0,0.0
2022-10-27 00:00:00-04:00,9.538318634033203,9.796860694885254,9.335180282592773,9.796860694885254,3141,0.0,0.0
2022-10-28 00:00:00-04:00,10.61865234375,10.61865234375,9.861495971679688,9.972298622131348,6606,0.0,0.0
2022-10-31 00:00:00-04:00,9.612188339233398,10.60018539428711,9.455217361450195,9.750693321228027,30541,0.0,0.0
2022-11-01 00:00:00-04:00,9.843029022216797,9.927054405212402,9.316713333129883,9.630656242370605,7689,0.0,0.0
2022-11-02 00:00:00-04:00,9.38134765625,9.741458892822266,9.233610153198242,9.501384735107422,11696,0.0,0.0
2022-11-03 00:00:00-04:00,9.233610153198242,9.409049034118652,9.00277042388916,9.261310577392578,17870,0.0,0.0
2022-11-04 00:00:00-04:00,9.039705276489258,9.38134765625,9.039705276489258,9.233610153198242,6390,0.0,0.0
2022-11-07 00:00:00-05:00,9.233610153198242,9.73222541809082,9.233610153198242,9.695290565490723,11155,0.0,0.0
2022-11-08 00:00:00-05:00,9.704524040222168,9.71375846862793,9.473684310913086,9.593721389770508,7256,0.0,0.0
2022-11-09 00:00:00-05:00,9.879962921142578,9.926131248474121,9.602954864501953,9.916897773742676,1841,0.0,0.0
2022-11-10 00:00:00-05:00,9.71375846862793,10.295475959777832,9.71375846862793,9.829177856445312,31515,0.0,0.0
2022-11-11 00:00:00-05:00,9.519851684570312,9.838412284851074,8.873499870300293,9.667590141296387,39746,0.0,0.0
2022-11-14 00:00:00-05:00,10.313942909240723,10.313942909240723,8.910433769226074,9.099722862243652,32165,0.0,0.0
2022-11-15 00:00:00-05:00,9.307478904724121,9.879962921142578,9.1874418258667,9.630656242370605,15704,0.0,0.0
2022-11-16 00:00:00-05:00,9.473684310913086,10.203139305114746,9.473684310913086,9.750693321228027,10938,0.0,0.0
2022-11-17 00:00:00-05:00,9.649123191833496,10.249306678771973,9.649123191833496,9.704524040222168,7906,0.0,0.0
2022-11-18 00:00:00-05:00,9.71375846862793,10.096953392028809,9.649123191833496,9.662973403930664,14187,0.0,0.0
2022-11-21 00:00:00-05:00,9.88919734954834,11.024930953979492,9.88919734954834,10.88642692565918,17003,0.0,0.0
2022-11-22 00:00:00-05:00,11.117266654968262,11.588180541992188,10.881810188293457,11.154200553894043,31407,0.0,0.0
2022-11-23 00:00:00-05:00,10.960294723510742,11.292704582214355,10.71098804473877,11.237303733825684,17003,0.0,0.0
2022-11-25 00:00:00-05:00,11.126500129699707,11.592798233032227,11.034164428710938,11.331486701965332,5632,0.0,0.0
2022-11-28 00:00:00-05:00,11.477377891540527,11.70821762084961,11.043397903442383,11.70821762084961,18736,0.0,0.0
2022-11-29 00:00:00-05:00,11.819021224975586,12.32686996459961,11.819021224975586,12.23453426361084,37255,0.0,0.0
2022-11-30 00:00:00-05:00,12.1514310836792,12.23453426361084,11.643583297729492,12.23453426361084,26425,0.0,0.0
2022-12-01 00:00:00-05:00,12.308403015136719,16.620498657226562,12.261310577392578,14.867959022521973,66605,0.0,0.0
2022-12-02 00:00:00-05:00,14.321330070495605,14.718375205993652,12.927054405212402,13.019391059875488,47544,0.0,0.0
2022-12-05 00:00:00-05:00,12.927054405212402,13.065559387207031,12.42844009399414,12.42844009399414,19169,0.0,0.0
2022-12-06 00:00:00-05:00,12.049860954284668,12.262234687805176,11.394274711608887,12.262234687805176,26642,0.0,0.0
2022-12-07 00:00:00-05:00,12.271468162536621,12.857802391052246,12.271468162536621,12.733148574829102,16895,0.0,0.0
2022-12-08 00:00:00-05:00,12.871652603149414,12.871652603149414,12.474608421325684,12.511542320251465,9747,0.0,0.0
2022-12-09 00:00:00-05:00,12.465373992919922,12.779316902160645,12.179132461547852,12.308403015136719,9855,0.0,0.0
2022-12-12 00:00:00-05:00,12.409972190856934,12.409972190856934,11.59556770324707,11.911356925964355,8772,0.0,0.0
2022-12-13 00:00:00-05:00,11.7266845703125,12.409972190856934,11.7266845703125,12.031394004821777,13754,0.0,0.0
2022-12-14 00:00:00-05:00,12.179132461547852,12.299168586730957,11.7266845703125,11.819021224975586,8123,0.0,0.0
2022-12-15 00:00:00-05:00,12.003692626953125,12.003692626953125,11.560480117797852,11.560480117797852,7689,0.0,0.0
2022-12-16 00:00:00-05:00,11.542013168334961,11.874423027038574,11.117266654968262,11.874423027038574,29241,0.0,0.0
2022-12-19 00:00:00-05:00,11.089566230773926,12.086795806884766,10.775623321533203,11.080331802368164,29133,0.0,0.0
2022-12-20 00:00:00-05:00,10.63711929321289,11.643583297729492,10.304709434509277,10.803323745727539,26967,0.0,0.0
2022-12-21 00:00:00-05:00,10.951062202453613,11.394274711608887,10.803323745727539,10.923360824584961,15812,0.0,0.0
2022-12-22 00:00:00-05:00,10.867959022521973,11.184672355651855,10.867959022521973,10.998152732849121,5415,0.0,0.0
2022-12-23 00:00:00-05:00,10.867959022521973,11.468144416809082,10.867959022521973,11.330562591552734,15379,0.0,0.0
2022-12-27 00:00:00-05:00,11.385042190551758,11.739611625671387,11.224376678466797,11.542013168334961,22418,0.0,0.0
2022-12-28 00:00:00-05:00,11.477377891540527,11.588180541992188,11.34810733795166,11.427515983581543,15162,0.0,0.0
2022-12-29 00:00:00-05:00,11.486611366271973,11.486611366271973,11.080331802368164,11.135733604431152,11913,0.0,0.0
2022-12-30 00:00:00-05:00,11.080331802368164,11.403509140014648,11.080331802368164,11.080331802368164,12563,0.0,0.0
2023-01-03 00:00:00-05:00,11.080331802368164,11.108033180236816,10.941827774047852,11.108033180236816,8989,0.0,0.0
2023-01-04 00:00:00-05:00,11.006464004516602,11.431209564208984,10.90489387512207,11.089566230773926,6173,0.0,0.0
2023-01-05 00:00:00-05:00,11.080331802368164,11.080331802368164,10.664819717407227,10.757156372070312,17003,0.0,0.0
2023-01-06 00:00:00-05:00,10.775623321533203,11.0360107421875,10.488457679748535,10.506002426147461,13429,0.0,0.0
2023-01-09 00:00:00-05:00,10.360111236572266,10.895660400390625,10.156970977783203,10.664819717407227,59348,0.0,0.0
2023-01-10 00:00:00-05:00,10.26777458190918,10.692521095275879,10.246537208557129,10.492151260375977,12346,0.0,0.0
2023-01-11 00:00:00-05:00,10.406278610229492,11.011079788208008,10.406278610229492,10.71098804473877,5632,0.0,0.0
2023-01-12 00:00:00-05:00,10.757156372070312,11.024930953979492,10.71098804473877,10.858725547790527,17328,0.0,0.0
2023-01-13 00:00:00-05:00,10.877193450927734,11.061864852905273,10.71098804473877,10.88642692565918,6715,0.0,0.0
2023-01-17 00:00:00-05:00,10.941827774047852,11.357340812683105,10.715604782104492,11.071099281311035,22310,0.0,0.0
2023-01-18 00:00:00-05:00,10.674054145812988,11.051708221435547,10.674054145812988,10.757156372070312,6715,0.0,0.0
2023-01-19 00:00:00-05:00,10.82179069519043,10.941827774047852,10.706371307373047,10.794090270996094,9747,0.0,0.0
2023-01-20 00:00:00-05:00,10.738689422607422,11.555863380432129,10.738689422607422,10.927977561950684,13429,0.0,0.0
2023-01-23 00:00:00-05:00,11.043397903442383,11.685133934020996,11.043397903442383,11.565096855163574,13646,0.0,0.0
2023-01-24 00:00:00-05:00,11.588180541992188,11.680517196655273,11.542936325073242,11.680517196655273,1300,0.0,0.0
2023-01-25 00:00:00-05:00,11.828254699707031,11.948291778564453,11.542013168334961,11.542013168334961,6715,0.0,0.0
2023-01-26 00:00:00-05:00,11.505078315734863,12.409972190856934,11.431209564208984,12.23453426361084,21335,0.0,0.0
2023-01-27 00:00:00-05:00,12.3453369140625,13.09325885772705,12.268697738647461,12.696213722229004,26750,0.0,0.0
2023-01-30 00:00:00-05:00,12.677746772766113,12.853185653686523,11.311173439025879,11.357340812683105,28591,0.0,0.0
2023-01-31 00:00:00-05:00,11.117266654968262,12.413665771484375,11.117266654968262,11.754385948181152,18953,0.0,0.0
2023-02-01 00:00:00-05:00,11.717452049255371,12.087718963623047,11.717452049255371,11.717452049255371,7798,0.0,0.0
2023-02-02 00:00:00-05:00,11.754385948181152,12.253924369812012,11.551246643066406,11.664819717407227,13538,0.0,0.0
2023-02-03 00:00:00-05:00,11.542013168334961,11.754385948181152,11.542013168334961,11.542013168334961,4007,0.0,0.0
2023-02-06 00:00:00-05:00,11.089566230773926,11.735918998718262,11.089566230773926,11.373961448669434,7364,0.0,0.0
2023-02-07 00:00:00-05:00,11.265005111694336,11.745152473449707,11.265005111694336,11.706371307373047,3141,0.0,0.0
2023-02-08 00:00:00-05:00,12.760848999023438,12.7700834274292,11.905817031860352,11.994460105895996,9855,0.0,0.0
2023-02-09 00:00:00-05:00,12.188365936279297,12.188365936279297,11.819021224975586,11.819021224975586,3899,0.0,0.0
2023-02-10 00:00:00-05:00,11.929824829101562,11.929824829101562,11.712835311889648,11.929824829101562,5307,0.0,0.0
2023-02-13 00:00:00-05:00,11.357340812683105,11.865188598632812,10.63711929321289,11.052632331848145,20360,0.0,0.0
2023-02-14 00:00:00-05:00,10.82179069519043,11.181901931762695,10.82179069519043,10.99722957611084,5090,0.0,0.0
2023-02-15 00:00:00-05:00,11.154200553894043,11.477377891540527,10.895660400390625,11.172669410705566,5632,0.0,0.0
2023-02-16 00:00:00-05:00,11.228070259094238,11.375807762145996,11.071099281311035,11.126500129699707,8231,0.0,0.0
2023-02-17 00:00:00-05:00,11.006464004516602,11.061864852905273,10.849492073059082,10.858725547790527,5523,0.0,0.0
2023-02-21 00:00:00-05:00,11.01569652557373,11.01569652557373,10.664819717407227,10.71098804473877,8556,0.0,0.0
2023-02-22 00:00:00-05:00,10.877193450927734,11.218836784362793,10.71098804473877,10.858725547790527,11913,0.0,0.0
2023-02-23 00:00:00-05:00,10.858725547790527,11.449677467346191,10.858725547790527,11.089566230773926,38771,0.0,0.0
2023-02-24 00:00:00-05:00,11.957525253295898,11.957525253295898,11.403509140014648,11.421976089477539,19602,0.0,0.0
2023-02-27 00:00:00-05:00,11.246537208557129,11.506924629211426,11.034164428710938,11.209603309631348,11372,0.0,0.0
2023-02-28 00:00:00-05:00,11.218836784362793,11.311173439025879,11.082179069519043,11.154200553894043,18736,0.0,0.0
2023-03-01 00:00:00-05:00,11.126500129699707,11.412741661071777,11.000923156738281,11.163434982299805,11805,0.0,0.0
2023-03-02 00:00:00-05:00,11.255770683288574,11.255770683288574,11.080331802368164,11.144968032836914,3899,0.0,0.0
2023-03-03 00:00:00-05:00,11.283472061157227,11.45890998840332,11.237303733825684,11.237303733825684,2599,0.0,0.0
2023-03-06 00:00:00-05:00,11.237303733825684,11.265005111694336,11.080331802368164,11.233610153198242,7906,0.0,0.0
2023-03-07 00:00:00-05:00,11.089566230773926,11.392428398132324,11.080331802368164,11.080331802368164,19819,0.0,0.0
2023-03-08 00:00:00-05:00,11.080331802368164,11.311173439025879,10.61865234375,10.61865234375,18086,0.0,0.0
2023-03-09 00:00:00-05:00,10.674054145812988,11.108033180236816,10.674054145812988,10.923360824584961,3899,0.0,0.0
2023-03-10 00:00:00-05:00,10.794090270996094,10.932595252990723,10.387811660766602,10.387811660766602,29024,0.0,0.0
2023-03-13 00:00:00-04:00,10.378578186035156,10.387811660766602,10.184672355651855,10.212372779846191,6606,0.0,0.0
2023-03-14 00:00:00-04:00,10.360111236572266,10.53554916381836,10.277008056640625,10.277008056640625,5523,0.0,0.0
2023-03-15 00:00:00-04:00,10.369343757629395,10.609417915344238,10.11080265045166,10.156970977783203,18194,0.0,0.0
2023-03-16 00:00:00-04:00,10.156970977783203,10.434903144836426,10.156970977783203,10.323176383972168,2166,0.0,0.0
2023-03-17 00:00:00-04:00,10.203139305114746,10.350876808166504,10.156970977783203,10.304709434509277,21660,0.0,0.0
2023-03-20 00:00:00-04:00,10.221607208251953,10.526315689086914,10.221607208251953,10.378578186035156,9422,0.0,0.0
2023-03-21 00:00:00-04:00,10.184672355651855,10.341644287109375,10.184672355651855,10.341644287109375,7798,0.0,0.0
2023-03-22 00:00:00-04:00,10.295475959777832,10.295475959777832,9.242843627929688,10.004616737365723,26100,0.0,0.0
2023-03-23 00:00:00-04:00,10.01846694946289,10.1939058303833,9.852261543273926,10.156970977783203,8772,0.0,0.0
2023-03-24 00:00:00-04:00,10.203139305114746,10.203139305114746,9.896583557128906,10.01846694946289,6931,0.0,0.0
2023-03-27 00:00:00-04:00,10.166205406188965,10.203139305114746,9.82456111907959,10.027701377868652,7906,0.0,0.0
2023-03-28 00:00:00-04:00,9.953831672668457,10.046168327331543,9.695290565490723,9.953831672668457,10722,0.0,0.0
2023-03-29 00:00:00-04:00,9.815327644348145,9.879962921142578,9.602954864501953,9.778392791748047,17220,0.0,0.0
2023-03-30 00:00:00-04:00,9.787627220153809,9.787627220153809,9.612188339233398,9.686057090759277,7473,0.0,0.0
2023-03-31 00:00:00-04:00,9.602954864501953,9.879962921142578,9.602954864501953,9.815327644348145,13538,0.0,0.0
2023-04-03 00:00:00-04:00,9.787627220153809,9.82456111907959,9.602954864501953,9.8060941696167,18736,0.0,0.0
2023-04-04 00:00:00-04:00,9.787627220153809,9.96121883392334,9.473684310913086,9.602954864501953,16678,0.0,0.0
2023-04-05 00:00:00-04:00,9.639888763427734,9.815327644348145,9.510619163513184,9.695290565490723,14945,0.0,0.0
2023-04-06 00:00:00-04:00,9.584487915039062,9.769160270690918,9.584487915039062,9.704524040222168,13971,0.0,0.0
2023-04-10 00:00:00-04:00,9.584487915039062,9.73222541809082,9.46445083618164,9.538318634033203,10072,0.0,0.0
2023-04-11 00:00:00-04:00,9.510619163513184,9.649123191833496,9.510619163513184,9.587258338928223,8231,0.0,0.0
2023-04-12 00:00:00-04:00,9.538318634033203,9.653739929199219,9.436750411987305,9.55678653717041,24692,0.0,0.0
2023-04-13 00:00:00-04:00,9.649123191833496,9.769160270690918,9.46445083618164,9.695290565490723,12563,0.0,0.0
2023-04-14 00:00:00-04:00,9.695290565490723,9.759002685546875,9.695290565490723,9.704524040222168,5198,0.0,0.0
2023-04-17 00:00:00-04:00,9.695290565490723,9.759925842285156,9.575254440307617,9.695290565490723,13321,0.0,0.0
2023-04-18 00:00:00-04:00,9.649123191833496,9.769160270690918,9.602954864501953,9.730379104614258,16353,0.0,0.0
2023-04-19 00:00:00-04:00,9.630656242370605,9.870729446411133,9.630656242370605,9.695290565490723,17003,0.0,0.0
2023-04-20 00:00:00-04:00,9.8060941696167,9.90766429901123,9.787627220153809,9.90766429901123,6065,0.0,0.0
2023-04-21 00:00:00-04:00,9.90766429901123,10.387811660766602,9.90766429901123,10.360111236572266,17436,0.0,0.0
2023-04-24 00:00:00-04:00,10.609417915344238,10.61865234375,10.166205406188965,10.184672355651855,13971,0.0,0.0
2023-04-25 00:00:00-04:00,10.295475959777832,10.44321346282959,10.083102226257324,10.129270553588867,16353,0.0,0.0
2023-04-26 00:00:00-04:00,10.138504028320312,10.304709434509277,9.9639892578125,10.203139305114746,9314,0.0,0.0
2023-04-27 00:00:00-04:00,10.009234428405762,10.106186866760254,9.639888763427734,10.073868751525879,13538,0.0,0.0
2023-04-28 00:00:00-04:00,9.972298622131348,10.156970977783203,9.8060941696167,10.156970977783203,12455,0.0,0.0
2023-05-01 00:00:00-04:00,10.156970977783203,10.191136360168457,9.879962921142578,9.879962921142578,14187,0.0,0.0
2023-05-02 00:00:00-04:00,9.879962921142578,11.052632331848145,9.879962921142578,11.006464004516602,63572,0.0,0.0
2023-05-03 00:00:00-04:00,11.061864852905273,11.819021224975586,11.006464004516602,11.542013168334961,36822,0.0,0.0
2023-05-04 00:00:00-04:00,11.320405960083008,11.477377891540527,11.071099281311035,11.32964038848877,49710,0.0,0.0
2023-05-05 00:00:00-04:00,11.172669410705566,11.625115394592285,11.172669410705566,11.542013168334961,11913,0.0,0.0
2023-05-08 00:00:00-04:00,11.311173439025879,11.63434886932373,11.218836784362793,11.59741497039795,15379,0.0,0.0
2023-05-09 00:00:00-04:00,11.228070259094238,11.680517196655273,11.191136360168457,11.61588191986084,11913,0.0,0.0
2023-05-10 00:00:00-04:00,11.606648445129395,12.446907043457031,11.606648445129395,12.317635536193848,19494,0.0,0.0
2023-05-11 00:00:00-04:00,12.465373992919922,12.465373992919922,12.238226890563965,12.409972190856934,18086,0.0,0.0
2023-05-12 00:00:00-04:00,12.280701637268066,12.32686996459961,12.004616737365723,12.16989803314209,12346,0.0,0.0
2023-05-15 00:00:00-04:00,12.142197608947754,12.927054405212402,12.068328857421875,12.927054405212402,28483,0.0,0.0
2023-05-16 00:00:00-04:00,12.003692626953125,12.668513298034668,11.375807762145996,12.400738716125488,22310,0.0,0.0
2023-05-17 00:00:00-04:00,12.373038291931152,12.917820930480957,12.23453426361084,12.871652603149414,16137,0.0,0.0
2023-05-18 00:00:00-04:00,12.668513298034668,13.296399116516113,12.668513298034668,13.065559387207031,33681,0.0,0.0
2023-05-19 00:00:00-04:00,13.000923156738281,13.1578950881958,12.585411071777344,12.9639892578125,15054,0.0,0.0
2023-05-22 00:00:00-04:00,12.834717750549316,13.222530364990234,12.834717750549316,13.07479190826416,9422,0.0,0.0
2023-05-23 00:00:00-04:00,13.16712760925293,13.758078575134277,13.16712760925293,13.388734817504883,16787,0.0,0.0
2023-05-24 00:00:00-04:00,13.296399116516113,13.993535995483398,13.296399116516113,13.841181755065918,9964,0.0,0.0
2023-05-25 00:00:00-04:00,13.96121883392334,14.081255912780762,13.665742874145508,13.813481330871582,25775,0.0,0.0
2023-05-26 00:00:00-04:00,13.813481330871582,13.813481330871582,13.554940223693848,13.69344425201416,19061,0.0,0.0
2023-05-30 00:00:00-04:00,13.397969245910645,13.67497730255127,12.936287879943848,12.936287879943848,24692,0.0,0.0
2023-05-31 00:00:00-04:00,13.185596466064453,13.730379104614258,12.71375846862793,13.702677726745605,17111,0.0,0.0
2023-06-01 00:00:00-04:00,13.610342025756836,13.69344425201416,13.481071472167969,13.508771896362305,6281,0.0,0.0
2023-06-02 00:00:00-04:00,13.481071472167969,13.859648704528809,13.481071472167969,13.69344425201416,13862,0.0,0.0
2023-06-05 00:00:00-04:00,13.545705795288086,13.721144676208496,13.434903144836426,13.665742874145508,6606,0.0,0.0
2023-06-06 00:00:00-04:00,13.795014381408691,13.80424690246582,13.49953842163086,13.665742874145508,5415,0.0,0.0
2023-06-07 00:00:00-04:00,13.7765474319458,13.7765474319458,12.894737243652344,13.425668716430664,13754,0.0,0.0
2023-06-08 00:00:00-04:00,13.296399116516113,13.71191120147705,13.09325885772705,13.361034393310547,12455,0.0,0.0
2023-06-09 00:00:00-04:00,13.268697738647461,13.665742874145508,12.742382049560547,12.94552230834961,17978,0.0,0.0
2023-06-12 00:00:00-04:00,12.760848999023438,13.176362037658691,12.760848999023438,13.019391059875488,9422,0.0,0.0
2023-06-13 00:00:00-04:00,12.816250801086426,13.25023078918457,12.816250801086426,12.899353981018066,12238,0.0,0.0
2023-06-14 00:00:00-04:00,13.019391059875488,13.471837043762207,13.019391059875488,13.028623580932617,12563,0.0,0.0
2023-06-15 00:00:00-04:00,13.05632495880127,13.388734817504883,12.659279823303223,12.705448150634766,6390,0.0,0.0
2023-06-16 00:00:00-04:00,12.871652603149414,13.204063415527344,12.557709693908691,13.000923156738281,28050,0.0,0.0
2023-06-20 00:00:00-04:00,12.668513298034668,13.000923156738281,12.557709693908691,12.917820930480957,16028,0.0,0.0
2023-06-21 00:00:00-04:00,12.493075370788574,12.892889976501465,12.142197608947754,12.216066360473633,7148,0.0,0.0
2023-06-22 00:00:00-04:00,12.3453369140625,12.3453369140625,11.911356925964355,11.911356925964355,8339,0.0,0.0
2023-06-23 00:00:00-04:00,12.05909538269043,12.575254440307617,11.687904357910156,12.012927055358887,24043,0.0,0.0
2023-06-26 00:00:00-04:00,12.022160530090332,12.917820930480957,12.022160530090332,12.760848999023438,18519,0.0,0.0
2023-06-27 00:00:00-04:00,12.871652603149414,13.564173698425293,12.691596984863281,13.240997314453125,12888,0.0,0.0
2023-06-28 00:00:00-04:00,13.148660659790039,13.490304946899414,13.111726760864258,13.333333015441895,7473,0.0,0.0
2023-06-29 00:00:00-04:00,13.388734817504883,13.4672212600708,13.07479190826416,13.296399116516113,7473,0.0,0.0
2023-06-30 00:00:00-04:00,13.490304946899414,13.85041618347168,13.296399116516113,13.85041618347168,11372,0.0,0.0
2023-07-03 00:00:00-04:00,13.647275924682617,13.739611625671387,13.102493286132812,13.49953842163086,6823,0.0,0.0
2023-07-05 00:00:00-04:00,13.333333015441895,13.748846054077148,12.563249588012695,13.610342025756836,10830,0.0,0.0
2023-07-06 00:00:00-04:00,13.481071472167969,13.822714805603027,13.391505241394043,13.822714805603027,7581,0.0,0.0
2023-07-07 00:00:00-04:00,13.67497730255127,13.71191120147705,13.09325885772705,13.351800918579102,11480,0.0,0.0
2023-07-10 00:00:00-04:00,13.09325885772705,13.336103439331055,12.805171012878418,13.120960235595703,6390,0.0,0.0
2023-07-11 00:00:00-04:00,13.277932167053223,13.748846054077148,13.148660659790039,13.268697738647461,10289,0.0,0.0
2023-07-12 00:00:00-04:00,13.296399116516113,13.504155158996582,13.019391059875488,13.342567443847656,12346,0.0,0.0
2023-07-13 00:00:00-04:00,13.23176383972168,13.490304946899414,12.927054405212402,12.973222732543945,9314,0.0,0.0
2023-07-14 00:00:00-04:00,13.1578950881958,13.1578950881958,12.78855037689209,12.78855037689209,9964,0.0,0.0
2023-07-17 00:00:00-04:00,12.78855037689209,13.153278350830078,12.580794334411621,12.7700834274292,7689,0.0,0.0
2023-07-18 00:00:00-04:00,12.908587455749512,13.111726760864258,12.696213722229004,12.927054405212402,11372,0.0,0.0
2023-07-19 00:00:00-04:00,12.927054405212402,13.213295936584473,12.590027809143066,12.742382049560547,12455,0.0,0.0
2023-07-20 00:00:00-04:00,12.807018280029297,13.351800918579102,12.576176643371582,12.98245620727539,6498,0.0,0.0
2023-07-21 00:00:00-04:00,13.1578950881958,13.296399116516113,12.9639892578125,13.084026336669922,15162,0.0,0.0
2023-07-24 00:00:00-04:00,12.991689682006836,13.582640647888184,12.723915100097656,12.78855037689209,38555,0.0,0.0
2023-07-25 00:00:00-04:00,13.019391059875488,13.433055877685547,12.566944122314453,12.733148574829102,13213,0.0,0.0
2023-07-26 00:00:00-04:00,12.696213722229004,12.927054405212402,12.465373992919922,12.530009269714355,11047,0.0,0.0
2023-07-27 00:00:00-04:00,12.465373992919922,12.908587455749512,12.289935111999512,12.613112449645996,15704,0.0,0.0
2023-07-28 00:00:00-04:00,12.351800918579102,12.797783851623535,11.643583297729492,11.874423027038574,20902,0.0,0.0
2023-07-31 00:00:00-04:00,12.280701637268066,12.299168586730957,12.05909538269043,12.206832885742188,8339,0.0,0.0
2023-08-01 00:00:00-04:00,12.469990730285645,12.733148574829102,12.003692626953125,12.1514310836792,17978,0.0,0.0
2023-08-02 00:00:00-04:00,12.07756233215332,12.699908256530762,12.07756233215332,12.548476219177246,16245,0.0,0.0
2023-08-03 00:00:00-04:00,12.548476219177246,12.557709693908691,12.086795806884766,12.382270812988281,5415,0.0,0.0
2023-08-04 00:00:00-04:00,12.243766784667969,12.32686996459961,12.003692626953125,12.003692626953125,9422,0.0,0.0
2023-08-07 00:00:00-04:00,12.068328857421875,12.282547950744629,11.782087326049805,11.782087326049805,11263,0.0,0.0
2023-08-08 00:00:00-04:00,11.966758728027344,12.280701637268066,11.966758728027344,12.105262756347656,4657,0.0,0.0
2023-08-09 00:00:00-04:00,11.80978775024414,12.225299835205078,11.80978775024414,12.132964134216309,7689,0.0,0.0
2023-08-10 00:00:00-04:00,12.096030235290527,12.419205665588379,11.643583297729492,11.671282768249512,17436,0.0,0.0
2023-08-11 00:00:00-04:00,11.800554275512695,11.819021224975586,11.36657428741455,11.36657428741455,14945,0.0,0.0
2023-08-14 00:00:00-04:00,11.625115394592285,11.802400588989258,11.44044303894043,11.802400588989258,7798,0.0,0.0
2023-08-15 00:00:00-04:00,11.892889976501465,11.911356925964355,11.403509140014648,11.477377891540527,10289,0.0,0.0
2023-08-16 00:00:00-04:00,11.44044303894043,11.657432556152344,11.265005111694336,11.357340812683105,12563,0.0,0.0
2023-08-17 00:00:00-04:00,11.357340812683105,11.80978775024414,11.089566230773926,11.375807762145996,15812,0.0,0.0
2023-08-18 00:00:00-04:00,11.200368881225586,11.754385948181152,11.200368881225586,11.754385948181152,9314,0.0,0.0
2023-08-21 00:00:00-04:00,11.61588191986084,11.698984146118164,11.126500129699707,11.423823356628418,14945,0.0,0.0
2023-08-22 00:00:00-04:00,11.551246643066406,11.652815818786621,11.126500129699707,11.126500129699707,6606,0.0,0.0
2023-08-23 00:00:00-04:00,11.265005111694336,11.481071472167969,11.071099281311035,11.080331802368164,16028,0.0,0.0
2023-08-24 00:00:00-04:00,11.144968032836914,11.283472061157227,10.88642692565918,10.97876262664795,10072,0.0,0.0
2023-08-25 00:00:00-04:00,11.265005111694336,11.265005111694336,10.90489387512207,11.218836784362793,13754,0.0,0.0
2023-08-28 00:00:00-04:00,11.542013168334961,12.003692626953125,11.246537208557129,12.003692626953125,29999,0.0,0.0
2023-08-29 00:00:00-04:00,12.400738716125488,12.400738716125488,11.800554275512695,12.003692626953125,14404,0.0,0.0
2023-08-30 00:00:00-04:00,11.800554275512695,12.129270553588867,11.777469635009766,11.819021224975586,4007,0.0,0.0
2023-08-31 00:00:00-04:00,11.782087326049805,12.040628433227539,11.449677467346191,11.542013168334961,12021,0.0,0.0
2023-09-01 00:00:00-04:00,11.551246643066406,12.336103439331055,11.551246643066406,11.772852897644043,18086,0.0,0.0
2023-09-05 00:00:00-04:00,11.819021224975586,11.929824829101562,11.63434886932373,11.727607727050781,4982,0.0,0.0
2023-09-06 00:00:00-04:00,11.59741497039795,11.59741497039795,11.357340812683105,11.357340812683105,4874,0.0,0.0
2023-09-07 00:00:00-04:00,11.542013168334961,11.800554275512695,11.357340812683105,11.652815818786621,12346,0.0,0.0
2023-09-08 00:00:00-04:00,12.465373992919922,14.394274711608887,12.188365936279297,13.748846054077148,199597,0.0,0.0
2023-09-11 00:00:00-04:00,14.035087585449219,14.035087585449219,13.388734817504883,13.85041618347168,61839,0.0,0.0
2023-09-12 00:00:00-04:00,14.016619682312012,14.05447769165039,13.653739929199219,13.665742874145508,22418,0.0,0.0
2023-09-13 00:00:00-04:00,13.85041618347168,13.96121883392334,13.213295936584473,13.388734817504883,23068,0.0,0.0
2023-09-14 00:00:00-04:00,13.204063415527344,13.245614051818848,12.308403015136719,12.714680671691895,42670,0.0,0.0
2023-09-15 00:00:00-04:00,12.622344970703125,13.222530364990234,12.280701637268066,12.742382049560547,22093,0.0,0.0
2023-09-18 00:00:00-04:00,13.000923156738281,13.610342025756836,12.603878021240234,12.936287879943848,24259,0.0,0.0
2023-09-19 00:00:00-04:00,12.973222732543945,13.536473274230957,12.936287879943848,13.388734817504883,13104,0.0,0.0
2023-09-20 00:00:00-04:00,13.296399116516113,13.564173698425293,13.287164688110352,13.351800918579102,20794,0.0,0.0
2023-09-21 00:00:00-04:00,13.25023078918457,13.591874122619629,13.220683097839355,13.434903144836426,21119,0.0,0.0
2023-09-22 00:00:00-04:00,13.32409954071045,13.85041618347168,13.32409954071045,13.748846054077148,21119,0.0,0.0
2023-09-25 00:00:00-04:00,13.305632591247559,13.988920211791992,13.305632591247559,13.7765474319458,42670,0.0,0.0
2023-09-26 00:00:00-04:00,13.71191120147705,14.764542579650879,13.71191120147705,14.56140422821045,47652,0.0,0.0
2023-09-27 00:00:00-04:00,14.358263969421387,17.6546630859375,14.312095642089844,16.38042449951172,205120,0.0,0.0
2023-09-28 00:00:00-04:00,16.066482543945312,16.066482543945312,15.101570129394531,15.752538681030273,35414,0.0,0.0
2023-09-29 00:00:00-04:00,15.752538681030273,15.752538681030273,14.86611270904541,15.410896301269531,26100,0.0,0.0
2023-10-02 00:00:00-04:00,15.032318115234375,15.239151000976562,13.67497730255127,14.192058563232422,39096,0.0,0.0
2023-10-03 00:00:00-04:00,14.201292991638184,14.755309104919434,14.164358139038086,14.755309104919434,6931,0.0,0.0
2023-10-04 00:00:00-04:00,14.570636749267578,14.967681884765625,13.896583557128906,14.847644805908203,15595,0.0,0.0
2023-10-05 00:00:00-04:00,14.40443229675293,14.40443229675293,13.398892402648926,13.545705795288086,17003,0.0,0.0
2023-10-06 00:00:00-04:00,13.453370094299316,14.517082214355469,13.453370094299316,14.081255912780762,10938,0.0,0.0
2023-10-09 00:00:00-04:00,13.896583557128906,14.542936325073242,13.80424690246582,14.376730918884277,13646,0.0,0.0
2023-10-10 00:00:00-04:00,14.330562591552734,14.385965347290039,13.722067832946777,14.275161743164062,8123,0.0,0.0
2023-10-11 00:00:00-04:00,14.072022438049316,14.219759941101074,13.951985359191895,14.090489387512207,4874,0.0,0.0
2023-10-12 00:00:00-04:00,13.924283981323242,14.275161743164062,13.864266395568848,14.164358139038086,12888,0.0,0.0
2023-10-13 00:00:00-04:00,14.035087585449219,14.090489387512207,13.988920211791992,14.016619682312012,2166,0.0,0.0
2023-10-16 00:00:00-04:00,13.758078575134277,13.94275188446045,13.388734817504883,13.444136619567871,15162,0.0,0.0
2023-10-17 00:00:00-04:00,13.601107597351074,14.265928268432617,13.388734817504883,13.388734817504883,11696,0.0,0.0
2023-10-18 00:00:00-04:00,13.466297149658203,14.108957290649414,13.466297149658203,13.7765474319458,6065,0.0,0.0
2023-10-19 00:00:00-04:00,13.69344425201416,13.96121883392334,13.656510353088379,13.656510353088379,6390,0.0,0.0
2023-10-20 00:00:00-04:00,13.721144676208496,14.025854110717773,13.482917785644531,13.80424690246582,6390,0.0,0.0
2023-10-23 00:00:00-04:00,13.725762367248535,14.081255912780762,13.628808975219727,13.80424690246582,8772,0.0,0.0
2023-10-24 00:00:00-04:00,13.813481330871582,14.035087585449219,13.527238845825195,14.035087585449219,12671,0.0,0.0
2023-10-25 00:00:00-04:00,13.85041618347168,13.85041618347168,13.47922420501709,13.85041618347168,7798,0.0,0.0
2023-10-26 00:00:00-04:00,13.85041618347168,14.072022438049316,13.628808975219727,13.813481330871582,21552,0.0,0.0
2023-10-27 00:00:00-04:00,13.933518409729004,14.044321060180664,13.67497730255127,14.044321060180664,10830,0.0,0.0
2023-10-30 00:00:00-04:00,13.453370094299316,14.182825088500977,13.453370094299316,14.182825088500977,9639,0.0,0.0
2023-10-31 00:00:00-04:00,13.970452308654785,14.330562591552734,13.759002685546875,14.192058563232422,11696,0.0,0.0
2023-11-01 00:00:00-04:00,14.136656761169434,14.321330070495605,14.025854110717773,14.182825088500977,3899,0.0,0.0
2023-11-02 00:00:00-04:00,14.035087585449219,14.450599670410156,14.035087585449219,14.330562591552734,12346,0.0,0.0
2023-11-03 00:00:00-04:00,14.247461318969727,14.638965606689453,14.247461318969727,14.40443229675293,12996,0.0,0.0
2023-11-06 00:00:00-05:00,14.339797019958496,14.650046348571777,14.321330070495605,14.413665771484375,7689,0.0,0.0
2023-11-07 00:00:00-05:00,14.275161743164062,14.626038551330566,14.035087585449219,14.293628692626953,10072,0.0,0.0
2023-11-08 00:00:00-05:00,14.524469375610352,14.542936325073242,14.127424240112305,14.542936325073242,7040,0.0,0.0
2023-11-09 00:00:00-05:00,14.339797019958496,14.542936325073242,14.182825088500977,14.358263969421387,14187,0.0,0.0
2023-11-10 00:00:00-05:00,14.238226890563965,14.662973403930664,13.591874122619629,13.67497730255127,21768,0.0,0.0
2023-11-13 00:00:00-05:00,13.1578950881958,13.69344425201416,13.136656761169434,13.69344425201416,24043,0.0,0.0
2023-11-14 00:00:00-05:00,13.333333015441895,13.564173698425293,13.16712760925293,13.388734817504883,27400,0.0,0.0
2023-11-15 00:00:00-05:00,13.573407173156738,14.062788963317871,13.527238845825195,13.69344425201416,12021,0.0,0.0
2023-11-16 00:00:00-05:00,14.247461318969727,14.247461318969727,13.702677726745605,13.831948280334473,20794,0.0,0.0
2023-11-17 00:00:00-05:00,14.681440353393555,14.681440353393555,13.859648704528809,14.016619682312012,12671,0.0,0.0
2023-11-20 00:00:00-05:00,13.905817031860352,14.238226890563965,13.721144676208496,13.96121883392334,28375,0.0,0.0
2023-11-21 00:00:00-05:00,13.988920211791992,14.312095642089844,13.915051460266113,14.265928268432617,61948,0.0,0.0
2023-11-22 00:00:00-05:00,14.40443229675293,14.635272026062012,14.035087585449219,14.57987117767334,22093,0.0,0.0
2023-11-24 00:00:00-05:00,14.542936325073242,14.912281036376953,14.4967679977417,14.727607727050781,20469,0.0,0.0
2023-11-27 00:00:00-05:00,14.542936325073242,14.77377700805664,14.40443229675293,14.450599670410156,27941,0.0,0.0
2023-11-28 00:00:00-05:00,14.367498397827148,14.903046607971191,14.367498397827148,14.51523494720459,22851,0.0,0.0
2023-11-29 00:00:00-05:00,14.506002426147461,14.702677726745605,14.145891189575195,14.367498397827148,12671,0.0,0.0
2023-11-30 00:00:00-05:00,14.312095642089844,14.312095642089844,13.905817031860352,14.145891189575195,14512,0.0,0.0
2023-12-01 00:00:00-05:00,14.238226890563965,14.238226890563965,13.915051460266113,14.108957290649414,28375,0.0,0.0
2023-12-04 00:00:00-05:00,14.256693840026855,14.764542579650879,14.156047821044922,14.607571601867676,32382,0.0,0.0
2023-12-05 00:00:00-05:00,14.312095642089844,14.312095642089844,13.896583557128906,13.915051460266113,17220,0.0,0.0
2023-12-06 00:00:00-05:00,13.8781156539917,14.108957290649414,13.481071472167969,13.591874122619629,19169,0.0,0.0
2023-12-07 00:00:00-05:00,13.80424690246582,13.80424690246582,13.582640647888184,13.721144676208496,12563,0.0,0.0
2023-12-08 00:00:00-05:00,13.638042449951172,14.136656761169434,13.638042449951172,14.081255912780762,17870,0.0,0.0
2023-12-11 00:00:00-05:00,14.127424240112305,14.127424240112305,13.7765474319458,13.94275188446045,26534,0.0,0.0
2023-12-12 00:00:00-05:00,13.831948280334473,14.090489387512207,13.665742874145508,13.69344425201416,20577,0.0,0.0
2023-12-13 00:00:00-05:00,13.822714805603027,13.896583557128906,13.536473274230957,13.730379104614258,20577,0.0,0.0
2023-12-14 00:00:00-05:00,13.730379104614258,14.081255912780762,13.626038551330566,13.94275188446045,19169,0.0,0.0
2023-12-15 00:00:00-05:00,13.94275188446045,13.94275188446045,13.573407173156738,13.831948280334473,20685,0.0,0.0
2023-12-18 00:00:00-05:00,13.665742874145508,13.924283981323242,13.573407173156738,13.767313003540039,31515,0.0,0.0
2023-12-19 00:00:00-05:00,13.67497730255127,14.044321060180664,13.573407173156738,14.044321060180664,15379,0.0,0.0
2023-12-20 00:00:00-05:00,13.86888313293457,14.284395217895508,13.80424690246582,13.85041618347168,26642,0.0,0.0
2023-12-21 00:00:00-05:00,13.85041618347168,13.905817031860352,13.573407173156738,13.71191120147705,17436,0.0,0.0
2023-12-22 00:00:00-05:00,13.822714805603027,13.85041618347168,13.582640647888184,13.748846054077148,22960,0.0,0.0
2023-12-26 00:00:00-05:00,13.831948280334473,13.841181755065918,13.582640647888184,13.69344425201416,29674,0.0,0.0
2023-12-27 00:00:00-05:00,13.71191120147705,13.841181755065918,13.638042449951172,13.638042449951172,9855,0.0,0.0
2023-12-28 00:00:00-05:00,13.573407173156738,13.758078575134277,13.333333015441895,13.518006324768066,24801,0.0,0.0
2023-12-29 00:00:00-05:00,13.554940223693848,13.80424690246582,13.536473274230957,13.758078575134277,14729,0.0,0.0
2024-01-02 00:00:00-05:00,13.610342025756836,13.901200294494629,13.268697738647461,13.739611625671387,28916,0.0,0.0
2024-01-03 00:00:00-05:00,13.841181755065918,13.85041618347168,13.508771896362305,13.758078575134277,14945,0.0,0.0
2024-01-04 00:00:00-05:00,13.601107597351074,13.94275188446045,13.508771896362305,13.831948280334473,11155,0.0,0.0
2024-01-05 00:00:00-05:00,13.896583557128906,13.896583557128906,13.748846054077148,13.813481330871582,13538,0.0,0.0
2024-01-08 00:00:00-05:00,13.813481330871582,13.94275188446045,13.676823616027832,13.905817031860352,27292,0.0,0.0
2024-01-09 00:00:00-05:00,13.85041618347168,13.891966819763184,13.684210777282715,13.831948280334473,16137,0.0,0.0
2024-01-10 00:00:00-05:00,13.71191120147705,14.118189811706543,13.665742874145508,13.988920211791992,20685,0.0,0.0
2024-01-11 00:00:00-05:00,14.072022438049316,14.284395217895508,13.859648704528809,14.132040977478027,23393,0.0,0.0
2024-01-12 00:00:00-05:00,14.081255912780762,14.284395217895508,13.96121883392334,14.247461318969727,30974,0.0,0.0
2024-01-16 00:00:00-05:00,14.6899995803833,14.989999771118164,14.59000015258789,14.9399995803833,25400,0.0,0.0
2024-01-17 00:00:00-05:00,14.869999885559082,14.984999656677246,14.609999656677246,14.949999809265137,12300,0.0,0.0
2024-01-18 00:00:00-05:00,14.8100004196167,14.970000267028809,14.609999656677246,14.800000190734863,11600,0.0,0.0
2024-01-19 00:00:00-05:00,14.640000343322754,14.640000343322754,13.649999618530273,13.949999809265137,36600,0.0,0.0
2024-01-22 00:00:00-05:00,13.5600004196167,14.079999923706055,13.5,13.829999923706055,21400,0.0,0.0
2024-01-23 00:00:00-05:00,13.819999694824219,14.390000343322754,13.704999923706055,14.010000228881836,14300,0.0,0.0
2024-01-24 00:00:00-05:00,14.640000343322754,15.199999809265137,14.300000190734863,15.0,77500,0.0,0.0
2024-01-25 00:00:00-05:00,15.25,15.26200008392334,14.869999885559082,14.899999618530273,15500,0.0,0.0
2024-01-26 00:00:00-05:00,15.0,15.239999771118164,14.90999984741211,15.020000457763672,24400,0.0,0.0
2024-01-29 00:00:00-05:00,15.020000457763672,15.25,14.90999984741211,15.079999923706055,25800,0.0,0.0
2024-01-30 00:00:00-05:00,15.079999923706055,15.232000350952148,14.960000038146973,15.100000381469727,22100,0.0,0.0
2024-01-31 00:00:00-05:00,15.119999885559082,15.170000076293945,14.875,14.989999771118164,14300,0.0,0.0
2024-02-01 00:00:00-05:00,15.029999732971191,15.109999656677246,14.489999771118164,14.699999809265137,18100,0.0,0.0
2024-02-02 00:00:00-05:00,14.829999923706055,14.949999809265137,14.600000381469727,14.75,15000,0.0,0.0
2024-02-05 00:00:00-05:00,14.899999618530273,14.977999687194824,14.550000190734863,14.800000190734863,19300,0.0,0.0
2024-02-06 00:00:00-05:00,14.75,15.0,14.75,14.859999656677246,20600,0.0,0.0
2024-02-07 00:00:00-05:00,14.9399995803833,14.989999771118164,14.739999771118164,14.829999923706055,16700,0.0,0.0
2024-02-08 00:00:00-05:00,14.819999694824219,14.869999885559082,14.739999771118164,14.850000381469727,16400,0.0,0.0
2024-02-09 00:00:00-05:00,14.869999885559082,15.0,14.819999694824219,14.9399995803833,14000,0.0,0.0
2024-02-12 00:00:00-05:00,14.800000190734863,15.335000038146973,14.800000190734863,15.050000190734863,40600,0.0,0.0
2024-02-13 00:00:00-05:00,15.079999923706055,15.5,15.079999923706055,15.399999618530273,26000,0.0,0.0
2024-02-14 00:00:00-05:00,15.399999618530273,15.399999618530273,15.133999824523926,15.390000343322754,36300,0.0,0.0
2024-02-15 00:00:00-05:00,15.109999656677246,15.329999923706055,14.779999732971191,14.8100004196167,35500,0.0,0.0
2024-02-16 00:00:00-05:00,14.739999771118164,14.800000190734863,14.399999618530273,14.460000038146973,26000,0.0,0.0
2024-02-20 00:00:00-05:00,14.329999923706055,14.640000343322754,14.319999694824219,14.489999771118164,20100,0.0,0.0
2024-02-21 00:00:00-05:00,14.4399995803833,14.609999656677246,14.119999885559082,14.119999885559082,21400,0.0,0.0
2024-02-22 00:00:00-05:00,14.050000190734863,14.494999885559082,14.050000190734863,14.25,35400,0.0,0.0
2024-02-23 00:00:00-05:00,14.25,14.664999961853027,14.1899995803833,14.59000015258789,9600,0.0,0.0
2024-02-26 00:00:00-05:00,14.649999618530273,14.90999984741211,14.489999771118164,14.65999984741211,15000,0.0,0.0
2024-02-27 00:00:00-05:00,14.670000076293945,15.024999618530273,14.609999656677246,14.869999885559082,29800,0.0,0.0
2024-02-28 00:00:00-05:00,14.630000114440918,14.979999542236328,14.630000114440918,14.859999656677246,17200,0.0,0.0
2024-02-29 00:00:00-05:00,15.069999694824219,15.350000381469727,14.800000190734863,15.319999694824219,35100,0.0,0.0
2024-03-01 00:00:00-05:00,15.449999809265137,15.5,15.267999649047852,15.390000343322754,25100,0.0,0.0
2024-03-04 00:00:00-05:00,15.5,16.0,15.0600004196167,15.229999542236328,53800,0.0,0.0
2024-03-05 00:00:00-05:00,15.0600004196167,15.12600040435791,14.75,14.880000114440918,28800,0.0,0.0
2024-03-06 00:00:00-05:00,15.0,15.100000381469727,14.654999732971191,14.880000114440918,28500,0.0,0.0
2024-03-07 00:00:00-05:00,14.850000381469727,15.09000015258789,14.149999618530273,14.350000381469727,32600,0.0,0.0
2024-03-08 00:00:00-05:00,14.579999923706055,14.720000267028809,14.079999923706055,14.720000267028809,41200,0.0,0.0
2024-03-11 00:00:00-04:00,14.579999923706055,14.880000114440918,14.420000076293945,14.550000190734863,22300,0.0,0.0
2024-03-12 00:00:00-04:00,14.40999984741211,14.75,14.40999984741211,14.699999809265137,6800,0.0,0.0
2024-03-13 00:00:00-04:00,14.6899995803833,15.470000267028809,14.600000381469727,15.359999656677246,44800,0.0,0.0
2024-03-14 00:00:00-04:00,15.5,15.949999809265137,15.25,15.890000343322754,44000,0.0,0.0
2024-03-15 00:00:00-04:00,15.789999961853027,16.149999618530273,15.619999885559082,15.970000267028809,46300,0.0,0.0
2024-03-18 00:00:00-04:00,15.819999694824219,16.8700008392334,15.800000190734863,16.479999542236328,58000,0.0,0.0
2024-03-19 00:00:00-04:00,16.5,16.5,16.200000762939453,16.260000228881836,21800,0.0,0.0
2024-03-20 00:00:00-04:00,16.5,16.81999969482422,16.309999465942383,16.59000015258789,39800,0.0,0.0
2024-03-21 00:00:00-04:00,16.59000015258789,16.700000762939453,16.280000686645508,16.559999465942383,30800,0.0,0.0
2024-03-22 00:00:00-04:00,16.739999771118164,16.860000610351562,15.600000381469727,16.059999465942383,62900,0.0,0.0
2024-03-25 00:00:00-04:00,16.0,16.899999618530273,16.0,16.829999923706055,29700,0.0,0.0
2024-03-26 00:00:00-04:00,16.440000534057617,17.270000457763672,16.440000534057617,17.200000762939453,57100,0.0,0.0
2024-03-27 00:00:00-04:00,16.940000534057617,17.489999771118164,16.940000534057617,17.200000762939453,20200,0.0,0.0
2024-03-28 00:00:00-04:00,17.389999389648438,17.389999389648438,16.75,16.790000915527344,24500,0.0,0.0
2024-04-01 00:00:00-04:00,16.489999771118164,16.750999450683594,16.280000686645508,16.540000915527344,24100,0.0,0.0
2024-04-02 00:00:00-04:00,16.399999618530273,16.399999618530273,15.760000228881836,15.899999618530273,22400,0.0,0.0
2024-04-03 00:00:00-04:00,15.760000228881836,15.770000457763672,15.020000457763672,15.029999732971191,37200,0.0,0.0
2024-04-04 00:00:00-04:00,15.0,15.300000190734863,14.600000381469727,14.9399995803833,40100,0.0,0.0
2024-04-05 00:00:00-04:00,14.960000038146973,15.289999961853027,14.649999618530273,15.180000305175781,13300,0.0,0.0
2024-04-08 00:00:00-04:00,15.25,15.600000381469727,15.199999809265137,15.350000381469727,27600,0.0,0.0
2024-04-09 00:00:00-04:00,15.3100004196167,15.875,15.3100004196167,15.829999923706055,21900,0.0,0.0
2024-04-10 00:00:00-04:00,15.380000114440918,15.850000381469727,15.380000114440918,15.619999885559082,17200,0.0,0.0
2024-04-11 00:00:00-04:00,15.619999885559082,16.0,15.449999809265137,15.819999694824219,33500,0.0,0.0
2024-04-12 00:00:00-04:00,15.869999885559082,15.9399995803833,15.420000076293945,15.59000015258789,26300,0.0,0.0
2024-04-15 00:00:00-04:00,15.880000114440918,15.899999618530273,15.25,15.5,22800,0.0,0.0
2024-04-16 00:00:00-04:00,15.25,15.630000114440918,14.90999984741211,15.0600004196167,19500,0.0,0.0
2024-04-17 00:00:00-04:00,15.079999923706055,15.239999771118164,14.720000267028809,14.899999618530273,18000,0.0,0.0
2024-04-18 00:00:00-04:00,15.010000228881836,15.010000228881836,14.680000305175781,14.869999885559082,20800,0.0,0.0
2024-04-19 00:00:00-04:00,14.960000038146973,15.010000228881836,14.819999694824219,14.899999618530273,30400,0.0,0.0
2024-04-22 00:00:00-04:00,14.899999618530273,15.229999542236328,14.899999618530273,15.100000381469727,20800,0.0,0.0
2024-04-23 00:00:00-04:00,15.270000457763672,15.489999771118164,15.100000381469727,15.100000381469727,33200,0.0,0.0
2024-04-24 00:00:00-04:00,15.130000114440918,15.25,15.0,15.180000305175781,7300,0.0,0.0
2024-04-25 00:00:00-04:00,15.1899995803833,15.1899995803833,14.890000343322754,15.0,33000,0.0,0.0
2024-04-26 00:00:00-04:00,14.979999542236328,15.0,14.899999618530273,15.0,37500,0.0,0.0
2024-04-29 00:00:00-04:00,14.979999542236328,14.989999771118164,14.890000343322754,14.930000305175781,14300,0.0,0.0
2024-04-30 00:00:00-04:00,14.970000267028809,14.970000267028809,14.765000343322754,14.970000267028809,16900,0.0,0.0
2024-05-01 00:00:00-04:00,14.949999809265137,14.949999809265137,14.760000228881836,14.899999618530273,15900,0.0,0.0
2024-05-02 00:00:00-04:00,14.899999618530273,15.505000114440918,14.859999656677246,15.140000343322754,45800,0.0,0.0
2024-05-03 00:00:00-04:00,14.989999771118164,15.229999542236328,14.699999809265137,14.720000267028809,38000,0.0,0.0
2024-05-06 00:00:00-04:00,14.75,15.100000381469727,14.75,14.930000305175781,28500,0.0,0.0
2024-05-07 00:00:00-04:00,14.899999618530273,15.050000190734863,14.819999694824219,14.819999694824219,48800,0.0,0.0
2024-05-08 00:00:00-04:00,14.819999694824219,14.9399995803833,14.600000381469727,14.869999885559082,41500,0.0,0.0
2024-05-09 00:00:00-04:00,14.880000114440918,15.404999732971191,14.880000114440918,15.229999542236328,35100,0.0,0.0
2024-05-10 00:00:00-04:00,15.15999984741211,15.420000076293945,14.954999923706055,15.329999923706055,28700,0.0,0.0
2024-05-13 00:00:00-04:00,15.350000381469727,15.989999771118164,15.350000381469727,15.899999618530273,16900,0.0,0.0
2024-05-14 00:00:00-04:00,15.600000381469727,15.984999656677246,15.529999732971191,15.529999732971191,28300,0.0,0.0
2024-05-15 00:00:00-04:00,15.699999809265137,15.970000267028809,15.427000045776367,15.539999961853027,20300,0.0,0.0
2024-05-16 00:00:00-04:00,15.529999732971191,16.100000381469727,15.529999732971191,16.09000015258789,17700,0.0,0.0
2024-05-17 00:00:00-04:00,16.049999237060547,16.104999542236328,15.949999809265137,16.010000228881836,20300,0.0,0.0
2024-05-20 00:00:00-04:00,15.960000038146973,15.979999542236328,15.550000190734863,15.550000190734863,15100,0.0,0.0
2024-05-21 00:00:00-04:00,15.569999694824219,15.918000221252441,15.569999694824219,15.65999984741211,12300,0.0,0.0
2024-05-22 00:00:00-04:00,15.5600004196167,15.753999710083008,15.319999694824219,15.329999923706055,16100,0.0,0.0
2024-05-23 00:00:00-04:00,15.289999961853027,15.699999809265137,15.069999694824219,15.220000267028809,25200,0.0,0.0
2024-05-24 00:00:00-04:00,15.25,15.739999771118164,15.069999694824219,15.569999694824219,13800,0.0,0.0
2024-05-28 00:00:00-04:00,15.680000305175781,15.75,15.210000038146973,15.220000267028809,21800,0.0,0.0
2024-05-29 00:00:00-04:00,15.199999809265137,15.350000381469727,15.069999694824219,15.149999618530273,8100,0.0,0.0
2024-05-30 00:00:00-04:00,15.149999618530273,15.529999732971191,15.0,15.0,22400,0.0,0.0
2024-05-31 00:00:00-04:00,14.920000076293945,15.302000045776367,14.920000076293945,15.170000076293945,12700,0.0,0.0
2024-06-03 00:00:00-04:00,15.149999618530273,15.279999732971191,15.09000015258789,15.260000228881836,13100,0.0,0.0
2024-06-04 00:00:00-04:00,15.109999656677246,15.34000015258789,14.890000343322754,15.149999618530273,15300,0.0,0.0
2024-06-05 00:00:00-04:00,15.149999618530273,15.59000015258789,15.149999618530273,15.229999542236328,17600,0.0,0.0
2024-06-06 00:00:00-04:00,15.100000381469727,15.640000343322754,15.100000381469727,15.239999771118164,8100,0.0,0.0
2024-06-07 00:00:00-04:00,15.380000114440918,15.380000114440918,14.949999809265137,15.039999961853027,35100,0.0,0.0
2024-06-10 00:00:00-04:00,14.960000038146973,15.380000114440918,14.90999984741211,15.09000015258789,23400,0.0,0.0
2024-06-11 00:00:00-04:00,14.930000305175781,15.222999572753906,14.850000381469727,14.850000381469727,22600,0.0,0.0
2024-06-12 00:00:00-04:00,15.020000457763672,15.180000305175781,15.020000457763672,15.130000114440918,9400,0.0,0.0
2024-06-13 00:00:00-04:00,15.300000190734863,15.300000190734863,14.949999809265137,15.0,16900,0.0,0.0
2024-06-14 00:00:00-04:00,14.9399995803833,15.210000038146973,14.510000228881836,14.710000038146973,26800,0.0,0.0
2024-06-17 00:00:00-04:00,14.579999923706055,14.899999618530273,14.449999809265137,14.819999694824219,18700,0.0,0.0
2024-06-18 00:00:00-04:00,14.979999542236328,15.220000267028809,14.65999984741211,14.65999984741211,18500,0.0,0.0
2024-06-20 00:00:00-04:00,14.84000015258789,14.989999771118164,14.579999923706055,14.739999771118164,16500,0.0,0.0
2024-06-21 00:00:00-04:00,14.699999809265137,14.880000114440918,13.800000190734863,13.800000190734863,101700,0.0,0.0
